[name]
unknown

[dist]
# distance from previous block
# <min> <max>
0	45

[block]
# block no. 0 follows, 55 sequences, length 27
# corresponding to MSA columns:
# 90-116
name=unknown_A
#
# <colnr> <probs for GDERKNQSTAVLIFYWHMCP>
#	G	D	E	R	K	N	Q	S	T	A	V	L	I	F	Y	W	H	M	C	P
0	0.00750	0.00535	0.00750	0.00857	0.00964	0.00535	0.00750	0.00964	0.01071	0.01392	0.02463	0.05248	0.02677	0.01285	0.00643	0.00214	0.00428	0.77617	0.00428	0.00428
1	0.00962	0.10120	0.73784	0.01276	0.01936	0.01152	0.01632	0.01466	0.00979	0.01437	0.00817	0.00960	0.00590	0.00438	0.00428	0.00143	0.00670	0.00335	0.00197	0.00679
2	0.01250	0.01046	0.01105	0.00966	0.01245	0.01201	0.00759	0.14190	0.68038	0.02097	0.01775	0.01641	0.01324	0.00620	0.00472	0.00155	0.00390	0.00510	0.00472	0.00745
3	0.00554	0.00454	0.00489	0.00518	0.00641	0.00389	0.00374	0.00662	0.01016	0.01239	0.04148	0.25216	0.60185	0.01252	0.00561	0.00165	0.00245	0.01071	0.00432	0.00389
4	0.00581	0.00415	0.00532	0.00618	0.00649	0.00389	0.00407	0.00653	0.00870	0.01152	0.02531	0.67812	0.07192	0.12855	0.00838	0.00224	0.00293	0.01214	0.00411	0.00365
5	0.00933	0.02406	0.81240	0.01326	0.02014	0.01080	0.01719	0.01473	0.00982	0.01473	0.00835	0.00982	0.00589	0.00442	0.00442	0.00147	0.00688	0.00344	0.00196	0.00688
6	0.00983	0.01090	0.02268	0.01648	0.02053	0.01012	0.62539	0.01318	0.01090	0.01441	0.01733	0.01931	0.17467	0.00557	0.00549	0.00157	0.00669	0.00640	0.00277	0.00578
7	0.01082	0.01221	0.02652	0.01909	0.02363	0.01147	0.75399	0.01466	0.01097	0.01486	0.01012	0.01441	0.00798	0.00434	0.00553	0.00160	0.00768	0.04150	0.00244	0.00618
8	0.00879	0.00827	0.01395	0.82532	0.03204	0.01034	0.01292	0.01189	0.00930	0.01189	0.00827	0.01240	0.00620	0.00465	0.00465	0.00155	0.00620	0.00413	0.00207	0.00517
9	0.01024	0.00905	0.01395	0.69229	0.02916	0.01100	0.01225	0.13928	0.01136	0.01473	0.00874	0.01220	0.00648	0.00480	0.00465	0.00153	0.00602	0.00414	0.00249	0.00562
10	0.00678	0.00492	0.00711	0.04519	0.00883	0.00554	0.00561	0.00838	0.00797	0.01156	0.01464	0.14634	0.01455	0.04805	0.55889	0.00567	0.00951	0.00623	0.08012	0.00412
11	0.01018	0.01018	0.01425	0.01221	0.01221	0.01425	0.01018	0.01120	0.00712	0.01120	0.00611	0.01018	0.00611	0.00814	0.01527	0.00204	0.82799	0.00407	0.00204	0.00509
12	0.00933	0.02406	0.81240	0.01326	0.02014	0.01080	0.01719	0.01473	0.00982	0.01473	0.00835	0.00982	0.00589	0.00442	0.00442	0.00147	0.00688	0.00344	0.00196	0.00688
13	0.00933	0.02406	0.81240	0.01326	0.02014	0.01080	0.01719	0.01473	0.00982	0.01473	0.00835	0.00982	0.00589	0.00442	0.00442	0.00147	0.00688	0.00344	0.00196	0.00688
14	0.00891	0.00786	0.01286	0.67155	0.06705	0.00954	0.01165	0.01186	0.00943	0.01281	0.00925	0.01304	0.00705	0.00473	0.00445	0.00148	0.00561	0.00416	0.12153	0.00516
15	0.00976	0.13726	0.70298	0.01252	0.01900	0.01186	0.01591	0.01462	0.00977	0.01421	0.00809	0.00949	0.00590	0.00436	0.00422	0.00141	0.00661	0.00331	0.00197	0.00675
16	0.00879	0.00827	0.01395	0.82532	0.03204	0.01034	0.01292	0.01189	0.00930	0.01189	0.00827	0.01240	0.00620	0.00465	0.00465	0.00155	0.00620	0.00413	0.00207	0.00517
17	0.00644	0.00482	0.00607	0.00687	0.00745	0.00480	0.00472	0.00886	0.11203	0.01287	0.02477	0.72696	0.02861	0.01350	0.00578	0.00185	0.00283	0.01219	0.00437	0.00425
18	0.00723	0.00547	0.00755	0.00766	0.00891	0.00533	0.03278	0.00981	0.04826	0.01560	0.29359	0.10265	0.07931	0.01116	0.00590	0.00181	0.00342	0.34458	0.00453	0.00447
19	0.01146	0.51825	0.04430	0.01270	0.18570	0.01476	0.00955	0.01343	0.00989	0.01240	0.00954	0.01467	0.00916	0.00526	0.00386	0.00125	0.00506	0.11031	0.00238	0.00607
20	0.01688	0.00726	0.00963	0.00795	0.01078	0.00655	0.00633	0.01937	0.07210	0.57639	0.04865	0.16524	0.01641	0.00754	0.00494	0.00153	0.00364	0.00641	0.00540	0.00699
21	0.00750	0.00535	0.00750	0.00857	0.00964	0.00535	0.00750	0.00964	0.01071	0.01392	0.02463	0.05248	0.02677	0.01285	0.00643	0.00214	0.00428	0.77617	0.00428	0.00428
22	0.00813	0.00590	0.00729	0.00653	0.00799	0.00578	0.00501	0.11753	0.01438	0.02014	0.69480	0.03148	0.03890	0.00897	0.00537	0.00145	0.00260	0.00783	0.00506	0.00488
23	0.01127	0.19370	0.13001	0.06328	0.48408	0.01259	0.01323	0.01414	0.01017	0.01403	0.00817	0.01044	0.00680	0.00417	0.00423	0.00132	0.00563	0.00368	0.00218	0.00688
24	0.00933	0.02406	0.81240	0.01326	0.02014	0.01080	0.01719	0.01473	0.00982	0.01473	0.00835	0.00982	0.00589	0.00442	0.00442	0.00147	0.00688	0.00344	0.00196	0.00688
25	0.00719	0.00566	0.00784	0.00860	0.04585	0.00582	0.01834	0.00876	0.00969	0.01282	0.04743	0.16989	0.13820	0.07221	0.07036	0.00252	0.06255	0.29821	0.00380	0.00427
26	0.00862	0.00557	0.00850	0.00822	0.00948	0.00516	0.07865	0.01002	0.00996	0.13020	0.02293	0.54523	0.02525	0.01208	0.00577	0.00182	0.00355	0.09997	0.00434	0.00468

[dist]
# distance from previous block
# <min> <max>
5	10

[block]
# block no. 1 follows, 55 sequences, length 43
# corresponding to MSA columns:
# 127-164,168-172
name=unknown_B
#
# <colnr> <probs for GDERKNQSTAVLIFYWHMCP>
#	G	D	E	R	K	N	Q	S	T	A	V	L	I	F	Y	W	H	M	C	P
0	0.00967	0.04001	0.16207	0.01112	0.01317	0.01171	0.02952	0.01342	0.12214	0.01302	0.00969	0.01290	0.00840	0.03157	0.13932	0.00275	0.35709	0.00432	0.00251	0.00561
1	0.00962	0.00912	0.01546	0.58224	0.26862	0.01055	0.01333	0.01262	0.00970	0.01290	0.00842	0.01213	0.00656	0.00450	0.00464	0.00150	0.00600	0.00414	0.00214	0.00584
2	0.01004	0.20923	0.63342	0.01206	0.01827	0.01253	0.01509	0.01455	0.00974	0.01387	0.00792	0.00929	0.00591	0.00432	0.00409	0.00136	0.00644	0.00322	0.00197	0.00667
3	0.03157	0.01123	0.01438	0.14683	0.14724	0.09664	0.09073	0.08674	0.19849	0.04691	0.05394	0.01483	0.02886	0.00543	0.00473	0.00147	0.00536	0.00476	0.00340	0.00647
4	0.00561	0.00472	0.00487	0.00483	0.00635	0.00398	0.00363	0.00690	0.01088	0.01322	0.12814	0.04370	0.72418	0.01154	0.00550	0.00156	0.00234	0.00967	0.00441	0.00398
5	0.01398	0.01672	0.01160	0.01072	0.01236	0.53919	0.00804	0.01506	0.01132	0.01127	0.01009	0.11697	0.01007	0.05540	0.04008	0.00183	0.10299	0.00474	0.00263	0.00495
6	0.06209	0.01194	0.01305	0.01005	0.01371	0.01291	0.00830	0.61872	0.01967	0.16415	0.01217	0.01179	0.00839	0.00555	0.00457	0.00141	0.00484	0.00419	0.00475	0.00776
7	0.01088	0.43081	0.41923	0.01062	0.01605	0.01460	0.01258	0.01433	0.00964	0.01284	0.00741	0.00864	0.00593	0.00420	0.00370	0.00123	0.00593	0.00296	0.00198	0.00642
8	0.01014	0.01020	0.01490	0.01256	0.01287	0.01390	0.05797	0.01136	0.00737	0.01141	0.00646	0.01051	0.00629	0.00851	0.03340	0.00213	0.75863	0.00418	0.00207	0.00514
9	0.00879	0.00827	0.01395	0.82532	0.03204	0.01034	0.01292	0.01189	0.00930	0.01189	0.00827	0.01240	0.00620	0.00465	0.00465	0.00155	0.00620	0.00413	0.00207	0.00517
10	0.00595	0.00463	0.00648	0.00691	0.00765	0.00425	0.04545	0.00701	0.00933	0.01219	0.02830	0.64638	0.15672	0.01353	0.00585	0.00182	0.00294	0.02645	0.00422	0.00394
11	0.01151	0.01105	0.01888	0.02855	0.80748	0.01105	0.01428	0.01428	0.01059	0.01520	0.00875	0.01151	0.00737	0.00415	0.00461	0.00138	0.00553	0.00415	0.00230	0.00737
12	0.02990	0.00727	0.00754	0.00765	0.00895	0.10101	0.00602	0.02747	0.01018	0.03252	0.02234	0.12764	0.14747	0.03537	0.18737	0.00308	0.00604	0.20600	0.02176	0.00442
13	0.00583	0.00420	0.00574	0.00664	0.00700	0.00411	0.00456	0.00678	0.00867	0.01170	0.02348	0.69957	0.02763	0.01791	0.13933	0.00281	0.00430	0.01187	0.00402	0.00384
14	0.00631	0.00485	0.00657	0.00728	0.00756	0.00511	0.00520	0.00722	0.00881	0.01192	0.02328	0.68977	0.02763	0.01371	0.00707	0.00192	0.09995	0.05784	0.00405	0.00396
15	0.01188	0.68062	0.15589	0.00916	0.01365	0.01696	0.03101	0.01409	0.00956	0.01169	0.00686	0.00800	0.00599	0.00405	0.00329	0.00109	0.00537	0.00273	0.00200	0.00613
16	0.00950	0.00969	0.01866	0.27230	0.07096	0.01013	0.34044	0.01253	0.01002	0.01342	0.01149	0.11249	0.01047	0.00599	0.00563	0.00163	0.03719	0.03931	0.00257	0.00556
17	0.00724	0.00578	0.00832	0.00799	0.00859	0.00705	0.00620	0.00861	0.00734	0.01067	0.01166	0.01828	0.01130	0.11840	0.59943	0.00626	0.14521	0.00503	0.00245	0.00416
18	0.00896	0.00717	0.01014	0.00931	0.01100	0.02414	0.09047	0.02906	0.04603	0.05284	0.07307	0.06407	0.12636	0.01058	0.02354	0.00194	0.07012	0.31601	0.02026	0.00492
19	0.02414	0.24995	0.28016	0.01072	0.01521	0.12704	0.01112	0.08981	0.12117	0.01531	0.00937	0.01010	0.00726	0.00472	0.00403	0.00131	0.00590	0.00342	0.00268	0.00655
20	0.04822	0.02969	0.01211	0.00929	0.01255	0.01205	0.00763	0.51504	0.06313	0.10892	0.01263	0.01263	0.00904	0.00554	0.00437	0.00136	0.00446	0.00422	0.11989	0.00725
21	0.01296	0.01050	0.01117	0.00966	0.01252	0.01197	0.00762	0.16722	0.63308	0.04304	0.01748	0.01617	0.01296	0.00616	0.00472	0.00154	0.00396	0.00504	0.00475	0.00748
22	0.02296	0.05292	0.07475	0.01139	0.09723	0.10538	0.01901	0.11426	0.12326	0.08616	0.02780	0.04488	0.11359	0.00698	0.00495	0.00150	0.01666	0.06637	0.00373	0.00623
23	0.01184	0.01160	0.01735	0.20595	0.17258	0.06989	0.15266	0.12446	0.01153	0.01540	0.00852	0.01140	0.00679	0.00519	0.00666	0.00156	0.15358	0.00430	0.00255	0.00619
24	0.00590	0.00422	0.00557	0.00654	0.00689	0.00398	0.00440	0.02023	0.00922	0.01233	0.04210	0.80200	0.03065	0.01431	0.00591	0.00187	0.00273	0.01296	0.00434	0.00386
25	0.00977	0.00901	0.01600	0.10145	0.28668	0.00892	0.18133	0.01236	0.01051	0.04129	0.06266	0.12375	0.06772	0.00725	0.02257	0.00167	0.00539	0.02273	0.00302	0.00590
26	0.01067	0.30458	0.51404	0.01139	0.01712	0.04084	0.01373	0.01459	0.00981	0.01332	0.00766	0.00896	0.00592	0.00428	0.00392	0.00130	0.00627	0.00310	0.00199	0.00651
27	0.00571	0.00407	0.00539	0.00643	0.00668	0.00381	0.00426	0.00649	0.00883	0.01177	0.02523	0.80341	0.03025	0.04534	0.00660	0.00199	0.00277	0.01298	0.00426	0.00374
28	0.00665	0.00498	0.00748	0.00748	0.00831	0.00582	0.00582	0.00831	0.00748	0.01080	0.01246	0.01828	0.01163	0.03489	0.81807	0.00748	0.01246	0.00498	0.00249	0.00415
29	0.00951	0.02283	0.72850	0.01394	0.02058	0.01091	0.09985	0.01475	0.00995	0.01475	0.00846	0.01011	0.00602	0.00437	0.00453	0.00148	0.00698	0.00366	0.00201	0.00681
30	0.01244	0.83930	0.02438	0.00796	0.01194	0.01841	0.00796	0.01393	0.00945	0.01095	0.00647	0.00746	0.00597	0.00398	0.00299	0.00100	0.00498	0.00249	0.00199	0.00597
31	0.01165	0.01131	0.01875	0.02817	0.78923	0.02962	0.01416	0.01438	0.01065	0.01511	0.00871	0.01144	0.00734	0.00416	0.00460	0.00138	0.00559	0.00412	0.00230	0.00732
32	0.01244	0.83930	0.02438	0.00796	0.01194	0.01841	0.00796	0.01393	0.00945	0.01095	0.00647	0.00746	0.00597	0.00398	0.00299	0.00100	0.00498	0.00249	0.00199	0.00597
33	0.71344	0.01102	0.00803	0.00714	0.00998	0.12431	0.00576	0.04720	0.00925	0.01989	0.00678	0.00783	0.00529	0.00444	0.00314	0.00140	0.00434	0.00266	0.00289	0.00521
34	0.00892	0.01391	0.27803	0.01358	0.01772	0.00927	0.29950	0.01241	0.01003	0.01395	0.01470	0.20050	0.05456	0.00702	0.00545	0.00162	0.02352	0.00678	0.00277	0.00575
35	0.00879	0.00827	0.01395	0.82532	0.03204	0.01034	0.01292	0.01189	0.00930	0.01189	0.00827	0.01240	0.00620	0.00465	0.00465	0.00155	0.00620	0.00413	0.00207	0.00517
36	0.01145	0.01098	0.01876	0.04829	0.78827	0.01104	0.01424	0.01422	0.01056	0.01512	0.00874	0.01154	0.00734	0.00416	0.00461	0.00139	0.00554	0.00414	0.00230	0.00731
37	0.01265	0.06785	0.40105	0.01204	0.01724	0.01007	0.11211	0.01666	0.02661	0.22280	0.02947	0.03094	0.00910	0.00506	0.00460	0.00146	0.00586	0.00434	0.00319	0.00690
38	0.00933	0.02406	0.81240	0.01326	0.02014	0.01080	0.01719	0.01473	0.00982	0.01473	0.00835	0.00982	0.00589	0.00442	0.00442	0.00147	0.00688	0.00344	0.00196	0.00688
39	0.00604	0.00473	0.00547	0.00528	0.00662	0.00416	0.00396	0.00773	0.01189	0.01562	0.42754	0.03974	0.42328	0.01064	0.00549	0.00152	0.00228	0.00911	0.00472	0.00416
40	0.01567	0.03067	0.01708	0.01251	0.01636	0.01012	0.27767	0.10345	0.09908	0.33084	0.01420	0.01418	0.00975	0.00512	0.00490	0.00148	0.00539	0.00491	0.01945	0.00718
41	0.01991	0.01010	0.01142	0.00899	0.01245	0.09454	0.00732	0.11452	0.03223	0.61356	0.01631	0.01451	0.01055	0.00565	0.00462	0.00141	0.00457	0.00445	0.00524	0.00763
42	0.00590	0.00426	0.00563	0.00664	0.00710	0.00400	0.00469	0.00691	0.00925	0.01219	0.02684	0.68168	0.07829	0.01417	0.00597	0.00190	0.00289	0.11351	0.00431	0.00385

[dist]
# distance from previous block
# <min> <max>
0	1

[block]
# block no. 2 follows, 55 sequences, length 36
# corresponding to MSA columns:
# 174-209
name=unknown_C
#
# <colnr> <probs for GDERKNQSTAVLIFYWHMCP>
#	G	D	E	R	K	N	Q	S	T	A	V	L	I	F	Y	W	H	M	C	P
0	0.63942	0.07032	0.00952	0.00715	0.01028	0.01180	0.00600	0.16675	0.01077	0.02181	0.00740	0.00826	0.00567	0.00454	0.00324	0.00140	0.00400	0.00285	0.00316	0.00567
1	0.00963	0.00792	0.00929	0.00696	0.01047	0.00644	0.00553	0.06801	0.01123	0.01688	0.16516	0.01469	0.01424	0.00479	0.00393	0.00089	0.00332	0.00397	0.00336	0.63324
2	0.01724	0.02175	0.01322	0.01196	0.01434	0.78522	0.00901	0.03457	0.01325	0.01176	0.00725	0.00848	0.00603	0.00488	0.00442	0.00122	0.02448	0.00304	0.00244	0.00544
3	0.00956	0.08349	0.75496	0.01287	0.01954	0.01136	0.01652	0.01467	0.00980	0.01446	0.00821	0.00965	0.00590	0.00439	0.00432	0.00144	0.00674	0.00337	0.00197	0.00681
4	0.00677	0.00451	0.00507	0.00507	0.00507	0.00451	0.00282	0.00677	0.00677	0.00902	0.01466	0.03044	0.01691	0.83650	0.02368	0.00451	0.00451	0.00677	0.00282	0.00282
5	0.04210	0.01433	0.01593	0.01540	0.17125	0.21864	0.11573	0.21742	0.07326	0.05545	0.01020	0.01128	0.00775	0.00490	0.00459	0.00138	0.00620	0.00410	0.00330	0.00681
6	0.00933	0.02406	0.81240	0.01326	0.02014	0.01080	0.01719	0.01473	0.00982	0.01473	0.00835	0.00982	0.00589	0.00442	0.00442	0.00147	0.00688	0.00344	0.00196	0.00688
7	0.00677	0.00451	0.00507	0.00507	0.00507	0.00451	0.00282	0.00677	0.00677	0.00902	0.01466	0.03044	0.01691	0.83650	0.02368	0.00451	0.00451	0.00677	0.00282	0.00282
8	0.00665	0.00498	0.00748	0.00748	0.00831	0.00582	0.00582	0.00831	0.00748	0.01080	0.01246	0.01828	0.01163	0.03489	0.81807	0.00748	0.01246	0.00498	0.00249	0.00415
9	0.01780	0.01339	0.01287	0.01029	0.01363	0.15890	0.00829	0.45251	0.04810	0.18055	0.01224	0.01223	0.00871	0.02273	0.00497	0.00144	0.00542	0.00416	0.00443	0.00733
10	0.00922	0.00911	0.01661	0.66688	0.03052	0.01062	0.16585	0.01248	0.00963	0.01248	0.00849	0.01243	0.00637	0.00451	0.00482	0.00155	0.00652	0.00440	0.00212	0.00539
11	0.00588	0.00414	0.00533	0.00620	0.00642	0.00392	0.00402	0.00653	0.00849	0.01131	0.02348	0.67555	0.02804	0.17621	0.00943	0.00240	0.00306	0.01195	0.00402	0.00359
12	0.01254	0.01339	0.03227	0.05020	0.61246	0.16968	0.01325	0.01506	0.01105	0.01434	0.00842	0.01090	0.00703	0.00429	0.00452	0.00135	0.00614	0.00391	0.00231	0.00690
13	0.19544	0.01179	0.01693	0.01270	0.01655	0.01237	0.27690	0.32067	0.03017	0.04708	0.00995	0.01115	0.00725	0.00476	0.00457	0.00147	0.00567	0.00432	0.00352	0.00673
14	0.00553	0.00458	0.00485	0.00506	0.00637	0.00390	0.00369	0.00664	0.01027	0.01243	0.04290	0.19987	0.65323	0.01233	0.00558	0.00163	0.00242	0.01049	0.00432	0.00390
15	0.01047	0.00981	0.01629	0.02401	0.65001	0.00971	0.01227	0.01305	0.01092	0.01546	0.11293	0.01678	0.06723	0.00536	0.00478	0.00141	0.00488	0.00508	0.00280	0.00675
16	0.00997	0.19612	0.59112	0.01224	0.01824	0.01228	0.04819	0.01436	0.00977	0.01386	0.00843	0.03008	0.00658	0.00456	0.00420	0.00139	0.00641	0.00357	0.00205	0.00658
17	0.00677	0.00451	0.00507	0.00507	0.00507	0.00451	0.00282	0.00677	0.00677	0.00902	0.01466	0.03044	0.01691	0.83650	0.02368	0.00451	0.00451	0.00677	0.00282	0.00282
18	0.00802	0.00701	0.01012	0.00933	0.00983	0.00911	0.00752	0.00944	0.00734	0.01095	0.00998	0.01511	0.00947	0.02445	0.50467	0.00535	0.33083	0.00463	0.00231	0.00452
19	0.01037	0.00989	0.01676	0.43437	0.19640	0.01124	0.11188	0.06668	0.01051	0.01414	0.00856	0.01198	0.00668	0.00477	0.00552	0.00154	0.06609	0.00431	0.00233	0.00597
20	0.01217	0.01252	0.01595	0.25005	0.37751	0.16967	0.01245	0.04998	0.02915	0.01425	0.00865	0.01127	0.00695	0.00453	0.00454	0.00140	0.00622	0.00394	0.00242	0.00638
21	0.00990	0.00983	0.01370	0.01181	0.01187	0.01363	0.00980	0.01092	0.00729	0.01126	0.00801	0.03270	0.03389	0.00843	0.01469	0.00202	0.77856	0.00450	0.00217	0.00502
22	0.17871	0.00841	0.00909	0.00674	0.01063	0.00703	0.00542	0.01210	0.00931	0.01628	0.00792	0.00924	0.00653	0.00362	0.00333	0.00084	0.00348	0.00271	0.00278	0.69584
23	0.01740	0.06663	0.01365	0.01140	0.01404	0.66952	0.00875	0.05423	0.01338	0.07753	0.00825	0.00907	0.00653	0.00486	0.00419	0.00122	0.00768	0.00316	0.00275	0.00575
24	0.01091	0.02369	0.65523	0.01301	0.01900	0.16951	0.01558	0.01549	0.01048	0.01407	0.00812	0.00954	0.00591	0.00449	0.00438	0.00142	0.00717	0.00335	0.00205	0.00658
25	0.00585	0.00473	0.00520	0.00508	0.00650	0.00408	0.00381	0.00736	0.01143	0.01454	0.29214	0.04153	0.55936	0.01105	0.00549	0.00154	0.00230	0.00936	0.00458	0.00408
26	0.01683	0.01060	0.01176	0.00918	0.01244	0.01128	0.00753	0.51225	0.01820	0.18101	0.01324	0.01310	0.00928	0.00559	0.00443	0.00135	0.00441	0.00431	0.14589	0.00732
27	0.00635	0.00475	0.00589	0.00560	0.00680	0.00429	0.00420	0.00832	0.01261	0.01733	0.63964	0.03694	0.21012	0.01001	0.00549	0.00149	0.00223	0.00872	0.00495	0.00429
28	0.00965	0.00827	0.00965	0.00689	0.01102	0.00620	0.00551	0.01171	0.00965	0.01516	0.00827	0.00965	0.00689	0.00345	0.00345	0.00069	0.00345	0.00276	0.00276	0.86494
29	0.00973	0.00558	0.00769	0.00806	0.00945	0.00530	0.00668	0.01152	0.01083	0.17017	0.02362	0.21448	0.02464	0.01183	0.00598	0.00195	0.00388	0.45916	0.00458	0.00489
30	0.01752	0.01302	0.01430	0.01093	0.01467	0.01436	0.02830	0.77263	0.02160	0.02896	0.01113	0.01120	0.00789	0.00554	0.00467	0.00140	0.00519	0.00422	0.00460	0.00787
31	0.00656	0.00497	0.00607	0.00576	0.00703	0.00460	0.00433	0.00901	0.04661	0.01735	0.60418	0.03620	0.21027	0.00987	0.00546	0.00149	0.00229	0.00859	0.00493	0.00442
32	0.00945	0.02322	0.75518	0.01372	0.02044	0.01087	0.07357	0.01475	0.00991	0.01475	0.00843	0.01002	0.00598	0.00438	0.00450	0.00148	0.00695	0.00359	0.00199	0.00683
33	0.00677	0.00451	0.00507	0.00507	0.00507	0.00451	0.00282	0.00677	0.00677	0.00902	0.01466	0.03044	0.01691	0.83650	0.02368	0.00451	0.00451	0.00677	0.00282	0.00282
34	0.01202	0.22627	0.45422	0.01124	0.01675	0.01289	0.01305	0.11421	0.01152	0.07366	0.00897	0.00984	0.00658	0.00456	0.00411	0.00134	0.00596	0.00339	0.00259	0.00686
35	0.01055	0.08070	0.48082	0.01645	0.17458	0.01141	0.10544	0.01485	0.01019	0.03972	0.00873	0.01048	0.00650	0.00432	0.00448	0.00143	0.00649	0.00378	0.00220	0.00687

[dist]
# distance from previous block
# <min> <max>
2	14

[block]
# block no. 3 follows, 55 sequences, length 88
# corresponding to MSA columns:
# 224-311
name=unknown_D
#
# <colnr> <probs for GDERKNQSTAVLIFYWHMCP>
#	G	D	E	R	K	N	Q	S	T	A	V	L	I	F	Y	W	H	M	C	P
0	0.00806	0.02335	0.00791	0.00800	0.00906	0.05873	0.01780	0.02446	0.03911	0.02711	0.02142	0.35060	0.02363	0.03489	0.07613	0.00242	0.00469	0.25424	0.00396	0.00442
1	0.03636	0.01087	0.01231	0.00971	0.01315	0.03106	0.02241	0.35981	0.13372	0.28291	0.01512	0.01413	0.02491	0.00579	0.00465	0.00144	0.00457	0.00457	0.00488	0.00760
2	0.01484	0.03268	0.11885	0.01073	0.01372	0.41799	0.00912	0.03340	0.07554	0.11230	0.03611	0.08206	0.01067	0.00597	0.00450	0.00136	0.00645	0.00451	0.00323	0.00595
3	0.00642	0.00472	0.00612	0.00653	0.00741	0.00426	0.00464	0.00759	0.00963	0.01319	0.12771	0.53776	0.04266	0.02574	0.00613	0.01738	0.00287	0.06534	0.00418	0.09969
4	0.00691	0.00492	0.00634	0.00593	0.00712	0.00456	0.00446	0.00929	0.02909	0.03326	0.74594	0.03442	0.07118	0.00946	0.00546	0.00147	0.00226	0.00833	0.00510	0.00450
5	0.00987	0.08787	0.64297	0.01488	0.12473	0.01145	0.01606	0.01461	0.00990	0.01449	0.00825	0.00986	0.00610	0.00435	0.00433	0.00142	0.00654	0.00346	0.00201	0.00687
6	0.00677	0.00451	0.00507	0.00507	0.00507	0.00451	0.00282	0.00677	0.00677	0.00902	0.01466	0.03044	0.01691	0.83650	0.02368	0.00451	0.00451	0.00677	0.00282	0.00282
7	0.01280	0.01060	0.01121	0.00972	0.01256	0.01214	0.00766	0.17870	0.64310	0.02144	0.01738	0.01612	0.01294	0.00617	0.00472	0.00154	0.00397	0.00504	0.00472	0.00747
8	0.01244	0.83930	0.02438	0.00796	0.01194	0.01841	0.00796	0.01393	0.00945	0.01095	0.00647	0.00746	0.00597	0.00398	0.00299	0.00100	0.00498	0.00249	0.00199	0.00597
9	0.00896	0.02148	0.70463	0.01227	0.01837	0.00995	0.01548	0.01394	0.01027	0.01526	0.11485	0.01315	0.01097	0.00510	0.00456	0.00147	0.00625	0.00410	0.00239	0.00654
10	0.00933	0.02406	0.81240	0.01326	0.02014	0.01080	0.01719	0.01473	0.00982	0.01473	0.00835	0.00982	0.00589	0.00442	0.00442	0.00147	0.00688	0.00344	0.00196	0.00688
11	0.73439	0.01086	0.00786	0.00702	0.00985	0.11847	0.00566	0.03360	0.00897	0.01981	0.00669	0.00776	0.00524	0.00441	0.00310	0.00141	0.00428	0.00262	0.00286	0.00516
12	0.13131	0.00554	0.00724	0.00713	0.00821	0.00640	0.00552	0.00899	0.00750	0.01215	0.01173	0.01747	0.01100	0.07959	0.65161	0.00642	0.01069	0.00474	0.00257	0.00420
13	0.86937	0.00900	0.00684	0.00612	0.00900	0.01044	0.00504	0.01368	0.00792	0.02087	0.00648	0.00756	0.00504	0.00432	0.00288	0.00144	0.00360	0.00252	0.00288	0.00504
14	0.01084	0.01064	0.01895	0.20245	0.53239	0.01099	0.11776	0.01384	0.01036	0.01443	0.00873	0.01185	0.00707	0.00423	0.00473	0.00144	0.00598	0.00432	0.00226	0.00674
15	0.00665	0.00497	0.00741	0.00741	0.00821	0.00578	0.00573	0.00826	0.00746	0.01075	0.01253	0.01864	0.01179	0.05867	0.79451	0.00739	0.01223	0.00504	0.00250	0.00411
16	0.00567	0.00405	0.00540	0.00648	0.00675	0.00378	0.00432	0.00648	0.00891	0.01188	0.02564	0.83347	0.03077	0.01457	0.00594	0.00189	0.00270	0.01323	0.00432	0.00378
17	0.01244	0.83930	0.02438	0.00796	0.01194	0.01841	0.00796	0.01393	0.00945	0.01095	0.00647	0.00746	0.00597	0.00398	0.00299	0.00100	0.00498	0.00249	0.00199	0.00597
18	0.00567	0.00405	0.00540	0.00648	0.00675	0.00378	0.00432	0.00648	0.00891	0.01188	0.02564	0.83347	0.03077	0.01457	0.00594	0.00189	0.00270	0.01323	0.00432	0.00378
19	0.01122	0.01191	0.01410	0.01218	0.01253	0.13036	0.01001	0.01226	0.00800	0.01122	0.00626	0.00992	0.00609	0.00766	0.01367	0.00191	0.70957	0.00392	0.00209	0.00513
20	0.02450	0.02360	0.78350	0.01309	0.01983	0.01087	0.01682	0.02915	0.01001	0.01511	0.00837	0.00981	0.00592	0.00444	0.00440	0.00147	0.00679	0.00344	0.00203	0.00686
21	0.00892	0.00458	0.00460	0.00451	0.00567	0.00462	0.00341	0.03258	0.01009	0.01768	0.01506	0.01717	0.01181	0.00542	0.00329	0.00109	0.00225	0.00433	0.83846	0.00444
22	0.00665	0.00496	0.00736	0.00736	0.00816	0.00575	0.00568	0.00824	0.00744	0.01072	0.01256	0.01884	0.01188	0.07236	0.78094	0.00734	0.01209	0.00507	0.00251	0.00409
23	0.01028	0.17513	0.58968	0.01263	0.01868	0.03926	0.06369	0.01472	0.00994	0.01393	0.00803	0.00951	0.00598	0.00432	0.00421	0.00138	0.00663	0.00337	0.00201	0.00662
24	0.01144	0.01157	0.01643	0.06979	0.51438	0.11800	0.04238	0.01389	0.01082	0.01419	0.01129	0.04944	0.02726	0.00551	0.00480	0.00146	0.00576	0.06255	0.00258	0.00647
25	0.00665	0.00496	0.00733	0.00733	0.00811	0.00574	0.00563	0.00821	0.00743	0.01069	0.01260	0.01902	0.01195	0.08383	0.76957	0.00730	0.01198	0.00509	0.00251	0.00407
26	0.00562	0.00463	0.00495	0.00506	0.00641	0.00395	0.00372	0.00685	0.01062	0.01305	0.11603	0.15126	0.62786	0.01195	0.00556	0.00160	0.00239	0.01015	0.00440	0.00395
27	0.01738	0.02217	0.01318	0.01199	0.01438	0.81783	0.00899	0.01858	0.01318	0.01139	0.00719	0.00839	0.00599	0.00479	0.00419	0.00120	0.00839	0.00300	0.00240	0.00539
28	0.00567	0.00405	0.00540	0.00648	0.00675	0.00378	0.00432	0.00648	0.00891	0.01188	0.02564	0.83347	0.03077	0.01457	0.00594	0.00189	0.00270	0.01323	0.00432	0.00378
29	0.01086	0.01038	0.01770	0.22000	0.62117	0.01088	0.01395	0.01370	0.01028	0.01440	0.00863	0.01173	0.00709	0.00427	0.00462	0.00142	0.00569	0.00414	0.00225	0.00684
30	0.72783	0.04551	0.00807	0.00654	0.00946	0.03756	0.00541	0.03131	0.00874	0.05343	0.00732	0.00825	0.00562	0.00444	0.00305	0.00140	0.00383	0.00271	0.02426	0.00526
31	0.00590	0.00473	0.00527	0.00514	0.00653	0.00410	0.00385	0.00746	0.01156	0.01484	0.32951	0.04104	0.52180	0.01094	0.00549	0.00153	0.00230	0.00929	0.00462	0.00410
32	0.00985	0.16030	0.68071	0.01237	0.01877	0.01207	0.01565	0.01460	0.00976	0.01410	0.00803	0.00943	0.00591	0.00435	0.00418	0.00139	0.00656	0.00328	0.00197	0.00672
33	0.01140	0.01093	0.01867	0.06324	0.77373	0.01102	0.01422	0.01417	0.01054	0.01505	0.00873	0.01155	0.00732	0.00417	0.00461	0.00139	0.00556	0.00414	0.00229	0.00727
34	0.00651	0.00496	0.00585	0.00567	0.00694	0.00458	0.00423	0.00887	0.05329	0.01628	0.44605	0.08763	0.28292	0.01025	0.00541	0.00152	0.00236	0.00887	0.03345	0.00436
35	0.01244	0.83930	0.02438	0.00796	0.01194	0.01841	0.00796	0.01393	0.00945	0.01095	0.00647	0.00746	0.00597	0.00398	0.00299	0.00100	0.00498	0.00249	0.00199	0.00597
36	0.00665	0.00498	0.00748	0.00748	0.00831	0.00582	0.00582	0.00831	0.00748	0.01080	0.01246	0.01828	0.01163	0.03489	0.81807	0.00748	0.01246	0.00498	0.00249	0.00415
37	0.00550	0.00471	0.00471	0.00471	0.00628	0.00393	0.00353	0.00668	0.01060	0.01257	0.04713	0.04477	0.80560	0.01178	0.00550	0.00157	0.00236	0.00982	0.00432	0.00393
38	0.01243	0.01019	0.01083	0.00954	0.01230	0.01167	0.00748	0.09288	0.70346	0.04703	0.01822	0.01676	0.01355	0.00623	0.00472	0.00156	0.00382	0.00514	0.00476	0.00743
39	0.00665	0.00498	0.00748	0.00748	0.00831	0.00582	0.00582	0.00831	0.00748	0.01080	0.01246	0.01828	0.01163	0.03489	0.81807	0.00748	0.01246	0.00498	0.00249	0.00415
40	0.00566	0.00407	0.00538	0.00643	0.00673	0.00378	0.00430	0.00648	0.00896	0.01190	0.02628	0.81007	0.05375	0.01449	0.00592	0.00188	0.00269	0.01312	0.00432	0.00378
41	0.08245	0.01042	0.01154	0.00973	0.01262	0.01143	0.02080	0.43316	0.10632	0.02339	0.01549	0.02181	0.02899	0.00734	0.00496	0.00160	0.00463	0.18226	0.00439	0.00667
42	0.01015	0.01059	0.11654	0.00906	0.01196	0.00956	0.00806	0.08006	0.39570	0.01769	0.02272	0.03870	0.15863	0.00779	0.00501	0.00161	0.00402	0.08157	0.00423	0.00635
43	0.00677	0.00451	0.00507	0.00507	0.00507	0.00451	0.00282	0.00677	0.00677	0.00902	0.01466	0.03044	0.01691	0.83650	0.02368	0.00451	0.00451	0.00677	0.00282	0.00282
44	0.01310	0.69060	0.04605	0.00873	0.01256	0.14000	0.00839	0.01466	0.01003	0.01112	0.00663	0.00767	0.00597	0.00412	0.00321	0.00104	0.00555	0.00259	0.00205	0.00591
45	0.01044	0.01059	0.01675	0.03533	0.12074	0.01337	0.12220	0.01215	0.00819	0.01228	0.00698	0.01075	0.00641	0.00692	0.01219	0.00187	0.58088	0.00429	0.00212	0.00557
46	0.00598	0.00424	0.00550	0.00618	0.00656	0.00399	0.00413	0.00693	0.00938	0.01270	0.16284	0.58401	0.03125	0.12355	0.00823	0.00216	0.00285	0.01151	0.00426	0.00376
47	0.04541	0.00537	0.00643	0.00614	0.00681	0.00567	0.00414	0.04485	0.00799	0.04574	0.01373	0.02478	0.01438	0.51912	0.22546	0.00486	0.00652	0.00591	0.00295	0.00372
48	0.01225	0.79064	0.07142	0.00828	0.01243	0.01795	0.00851	0.01398	0.00947	0.01117	0.00658	0.00760	0.00597	0.00401	0.00307	0.00102	0.00509	0.00254	0.00199	0.00602
49	0.00555	0.00471	0.00478	0.00477	0.00631	0.00395	0.00357	0.00677	0.01072	0.01285	0.08255	0.04430	0.76999	0.01168	0.00550	0.00157	0.00235	0.00975	0.00436	0.00395
50	0.00992	0.00826	0.00967	0.00692	0.01105	0.00622	0.00554	0.01198	0.00973	0.03424	0.00851	0.00980	0.00700	0.00350	0.00347	0.00071	0.00346	0.00280	0.00283	0.84439
51	0.01007	0.00958	0.01627	0.45068	0.39666	0.01067	0.01356	0.01301	0.00991	0.01344	0.00850	0.01199	0.00675	0.00441	0.00463	0.00147	0.00588	0.00414	0.00218	0.00620
52	0.01035	0.21186	0.52311	0.01407	0.12348	0.01261	0.01465	0.01449	0.00984	0.01391	0.00797	0.00950	0.00611	0.00428	0.00411	0.00135	0.00625	0.00331	0.00202	0.00673
53	0.00913	0.00889	0.01585	0.70223	0.04598	0.01054	0.11690	0.01234	0.00955	0.01235	0.00843	0.01241	0.00634	0.00454	0.00476	0.00155	0.00641	0.00432	0.00211	0.00536
54	0.01151	0.01105	0.01888	0.02855	0.80748	0.01105	0.01428	0.01428	0.01059	0.01520	0.00875	0.01151	0.00737	0.00415	0.00461	0.00138	0.00553	0.00415	0.00230	0.00737
55	0.01657	0.02023	0.01283	0.01160	0.01406	0.68435	0.00876	0.03835	0.12436	0.01296	0.00895	0.00972	0.00720	0.00503	0.00428	0.00126	0.00764	0.00334	0.00278	0.00573
56	0.13055	0.00861	0.01070	0.09305	0.04647	0.00886	0.00760	0.16574	0.01304	0.30483	0.01511	0.12381	0.01231	0.00677	0.00465	0.00152	0.00427	0.03115	0.00439	0.00655
57	0.00988	0.08947	0.64142	0.01487	0.12471	0.01146	0.01604	0.01461	0.00989	0.01448	0.00825	0.00985	0.00610	0.00435	0.00433	0.00142	0.00654	0.00345	0.00201	0.00687
58	0.00665	0.00498	0.00748	0.00748	0.00831	0.00582	0.00582	0.00831	0.00748	0.01080	0.01246	0.01828	0.01163	0.03489	0.81807	0.00748	0.01246	0.00498	0.00249	0.00415
59	0.01002	0.00972	0.01716	0.47292	0.25804	0.01080	0.11484	0.02600	0.01011	0.01354	0.00861	0.01214	0.00668	0.00442	0.00475	0.00150	0.00620	0.00432	0.00222	0.00600
60	0.04870	0.01125	0.01594	0.24031	0.44332	0.10038	0.01255	0.01406	0.01046	0.02796	0.00936	0.01204	0.02446	0.00456	0.00452	0.00141	0.00585	0.00408	0.00238	0.00639
61	0.00665	0.00498	0.00748	0.00748	0.00831	0.00582	0.00582	0.00831	0.00748	0.01080	0.01246	0.01828	0.01163	0.03489	0.81807	0.00748	0.01246	0.00498	0.00249	0.00415
62	0.00605	0.00448	0.00545	0.00579	0.00672	0.00402	0.00412	0.00732	0.01052	0.02518	0.21752	0.38103	0.28015	0.01236	0.00567	0.00168	0.00249	0.01088	0.00453	0.00403
63	0.00909	0.11394	0.46225	0.10208	0.01842	0.01052	0.04702	0.01296	0.00969	0.01353	0.01194	0.11514	0.04209	0.00596	0.00456	0.00149	0.00591	0.00499	0.00239	0.00604
64	0.01327	0.02574	0.00995	0.00846	0.01085	0.05339	0.00669	0.15506	0.15571	0.19186	0.05361	0.15753	0.04011	0.00799	0.00494	0.00154	0.00399	0.05264	0.04037	0.00629
65	0.00573	0.00409	0.00547	0.00655	0.00684	0.00383	0.00442	0.00658	0.00897	0.01194	0.02561	0.80736	0.03064	0.01452	0.00595	0.00190	0.00275	0.03873	0.00432	0.00380
66	0.00865	0.00864	0.00807	0.00811	0.00892	0.17021	0.00591	0.00959	0.00968	0.01169	0.02161	0.43732	0.11689	0.03427	0.00727	0.00180	0.11419	0.00933	0.00358	0.00427
67	0.06535	0.23752	0.34175	0.01040	0.01514	0.04749	0.01138	0.01638	0.12453	0.05945	0.01007	0.02416	0.00780	0.00483	0.00402	0.00135	0.00553	0.00360	0.00270	0.00653
68	0.00665	0.00498	0.00748	0.00748	0.00831	0.00582	0.00582	0.00831	0.00748	0.01080	0.01246	0.01828	0.01163	0.03489	0.81807	0.00748	0.01246	0.00498	0.00249	0.00415
69	0.00586	0.00420	0.00554	0.00655	0.00689	0.00395	0.00443	0.01672	0.00913	0.01215	0.02572	0.79766	0.04086	0.01439	0.00592	0.00188	0.00276	0.02724	0.00432	0.00384
70	0.01117	0.00964	0.01193	0.01180	0.09975	0.03790	0.00845	0.10137	0.17843	0.03103	0.02534	0.01635	0.01107	0.08366	0.06742	0.00234	0.23296	0.02924	0.02427	0.00588
71	0.19884	0.32448	0.05701	0.00843	0.01146	0.13420	0.00756	0.04730	0.00979	0.01386	0.00734	0.00946	0.00642	0.00598	0.00547	0.10690	0.02331	0.01449	0.00240	0.00528
72	0.00672	0.00469	0.00599	0.00599	0.00631	0.00501	0.00397	0.00736	0.00704	0.00970	0.01382	0.02578	0.01489	0.52954	0.32788	0.00565	0.00755	0.00608	0.00269	0.00333
73	0.02143	0.00570	0.00609	0.00612	0.00732	0.04716	0.00448	0.00865	0.02494	0.03059	0.25598	0.24783	0.27989	0.01155	0.01934	0.00170	0.00297	0.00957	0.00443	0.00426
74	0.04034	0.01161	0.04485	0.01145	0.01465	0.07080	0.15949	0.18493	0.19312	0.07890	0.03191	0.09278	0.01257	0.00642	0.00492	0.00153	0.00518	0.02402	0.00395	0.00659
75	0.00879	0.00827	0.01395	0.82532	0.03204	0.01034	0.01292	0.01189	0.00930	0.01189	0.00827	0.01240	0.00620	0.00465	0.00465	0.00155	0.00620	0.00413	0.00207	0.00517
76	0.00773	0.00585	0.00679	0.00615	0.00774	0.00559	0.00472	0.11283	0.01354	0.01821	0.46580	0.03468	0.27336	0.00968	0.00538	0.00149	0.00264	0.00828	0.00481	0.00472
77	0.01031	0.02985	0.01749	0.35712	0.37198	0.01111	0.07690	0.01321	0.00993	0.01354	0.00845	0.01182	0.00678	0.00449	0.00507	0.00148	0.03782	0.00421	0.00219	0.00624
78	0.00965	0.00827	0.00965	0.00689	0.01102	0.00620	0.00551	0.01171	0.00965	0.01516	0.00827	0.00965	0.00689	0.00345	0.00345	0.00069	0.00345	0.00276	0.00276	0.86494
79	0.00566	0.00406	0.00538	0.00644	0.00674	0.00378	0.00430	0.00648	0.00894	0.01189	0.02606	0.81822	0.04575	0.01452	0.00593	0.00188	0.00269	0.01316	0.00432	0.00378
80	0.00695	0.00553	0.00792	0.00797	0.00850	0.00589	0.04454	0.00802	0.00868	0.01177	0.02028	0.44003	0.02341	0.13859	0.02427	0.00243	0.10933	0.11822	0.00366	0.00400
81	0.01186	0.69828	0.02141	0.00770	0.01111	0.03096	0.00731	0.02683	0.00938	0.01102	0.00766	0.01062	0.00747	0.11532	0.00580	0.00148	0.00498	0.00310	0.00216	0.00557
82	0.00697	0.00806	0.11578	0.00840	0.01052	0.00590	0.09344	0.00924	0.02468	0.01372	0.12122	0.29876	0.22009	0.02186	0.00575	0.00170	0.00375	0.02166	0.00387	0.00464
83	0.04742	0.20005	0.17185	0.00982	0.01333	0.13631	0.00936	0.07589	0.03713	0.09298	0.01145	0.12005	0.01021	0.00617	0.00469	0.00139	0.03807	0.00469	0.00307	0.00608
84	0.09576	0.01246	0.15350	0.01131	0.03451	0.03902	0.11520	0.04527	0.12449	0.27745	0.03535	0.01376	0.01017	0.00524	0.00458	0.00147	0.00511	0.00446	0.00395	0.00696
85	0.01004	0.10409	0.54584	0.01215	0.01732	0.03180	0.01428	0.03556	0.00987	0.01418	0.02180	0.03448	0.00736	0.00530	0.00579	0.00150	0.11623	0.00381	0.00218	0.00640
86	0.00710	0.00535	0.00657	0.00713	0.00814	0.00533	0.00535	0.01010	0.12847	0.02377	0.02736	0.42978	0.13632	0.01247	0.00578	0.00184	0.00314	0.16711	0.00439	0.00450
87	0.02554	0.11467	0.21303	0.02405	0.01440	0.00945	0.11552	0.02351	0.03042	0.09887	0.19860	0.08146	0.01778	0.00650	0.00477	0.00146	0.00486	0.00572	0.00347	0.00593

[dist]
# distance from previous block
# <min> <max>
0	1

[block]
# block no. 4 follows, 55 sequences, length 21
# corresponding to MSA columns:
# 319-330,333-341
name=unknown_E
#
# <colnr> <probs for GDERKNQSTAVLIFYWHMCP>
#	G	D	E	R	K	N	Q	S	T	A	V	L	I	F	Y	W	H	M	C	P
0	0.03696	0.07080	0.21355	0.10953	0.16516	0.04358	0.07756	0.06361	0.05832	0.03179	0.01177	0.03910	0.04761	0.00524	0.00456	0.00145	0.00574	0.00453	0.00273	0.00641
1	0.04612	0.01142	0.14857	0.00867	0.01175	0.10157	0.00796	0.01578	0.04980	0.23524	0.26786	0.01980	0.02020	0.00658	0.00473	0.00142	0.00434	0.00540	0.02671	0.00608
2	0.01046	0.02931	0.21922	0.05567	0.03513	0.15680	0.05991	0.03346	0.01109	0.01435	0.15166	0.03181	0.04322	0.03675	0.00636	0.00160	0.07513	0.01961	0.00292	0.00555
3	0.00985	0.06655	0.05366	0.07245	0.21634	0.05529	0.12002	0.01214	0.01029	0.03368	0.04339	0.24008	0.03152	0.00747	0.00501	0.00154	0.00508	0.00692	0.00305	0.00567
4	0.01194	0.32171	0.26177	0.01280	0.06206	0.04756	0.12766	0.05647	0.01078	0.03490	0.00820	0.00962	0.00644	0.00428	0.00407	0.00129	0.00613	0.00349	0.00231	0.00650
5	0.00701	0.00486	0.00555	0.00544	0.00574	0.00490	0.00330	0.00808	0.05306	0.01100	0.12797	0.03031	0.02062	0.67064	0.01999	0.00391	0.00413	0.00691	0.00326	0.00330
6	0.00993	0.01447	0.29705	0.01250	0.01668	0.03498	0.19749	0.01384	0.04417	0.06001	0.03658	0.09869	0.07147	0.00670	0.00527	0.00159	0.02134	0.04822	0.00303	0.00599
7	0.01090	0.10608	0.01416	0.15991	0.11840	0.05376	0.05866	0.04245	0.12890	0.05369	0.08027	0.10559	0.02365	0.00651	0.00474	0.00148	0.00487	0.01667	0.00336	0.00594
8	0.01052	0.01234	0.06718	0.03826	0.02040	0.05090	0.50160	0.01397	0.02733	0.01409	0.01095	0.08009	0.00960	0.00566	0.00636	0.00164	0.08770	0.03298	0.00257	0.00587
9	0.00808	0.00404	0.00606	0.00606	0.00606	0.00404	0.00404	0.00606	0.00606	0.00808	0.00808	0.01414	0.00808	0.01616	0.01818	0.86465	0.00404	0.00404	0.00202	0.00202
10	0.00972	0.08788	0.45691	0.01362	0.10895	0.01057	0.04190	0.05035	0.01035	0.01471	0.01117	0.14169	0.01019	0.00601	0.00461	0.00149	0.00584	0.00512	0.00252	0.00639
11	0.02904	0.01415	0.04900	0.01292	0.07808	0.23705	0.11151	0.14957	0.02471	0.15840	0.01280	0.01466	0.03793	0.00558	0.00472	0.00142	0.00611	0.04227	0.00355	0.00652
12	0.66152	0.01093	0.00822	0.00723	0.01008	0.11454	0.00584	0.08343	0.00988	0.02031	0.00721	0.00824	0.00560	0.00452	0.00322	0.00140	0.00431	0.00278	0.02542	0.00532
13	0.01222	0.01203	0.07624	0.01002	0.01308	0.08463	0.03673	0.07545	0.48054	0.05205	0.01842	0.01753	0.07770	0.00631	0.00474	0.00152	0.00453	0.00519	0.00421	0.00688
14	0.00745	0.00470	0.00553	0.00534	0.00580	0.00458	0.00336	0.00813	0.00861	0.04669	0.18543	0.02998	0.02221	0.57403	0.01775	0.00352	0.00385	0.00689	0.05267	0.00347
15	0.00971	0.00833	0.00968	0.00698	0.01106	0.00638	0.00557	0.01215	0.03589	0.01530	0.00862	0.00990	0.00713	0.00354	0.00349	0.00072	0.00345	0.00284	0.00282	0.83644
16	0.86937	0.00900	0.00684	0.00612	0.00900	0.01044	0.00504	0.01368	0.00792	0.02087	0.00648	0.00756	0.00504	0.00432	0.00288	0.00144	0.00360	0.00252	0.00288	0.00504
17	0.00802	0.00406	0.00601	0.00601	0.00601	0.00406	0.00398	0.00610	0.00610	0.00813	0.00840	0.01494	0.00852	0.05654	0.01845	0.82230	0.00406	0.00417	0.00206	0.00206
18	0.01110	0.01054	0.10371	0.00809	0.01247	0.00757	0.00728	0.08754	0.01107	0.06744	0.00920	0.01021	0.00717	0.00391	0.00375	0.00090	0.00404	0.00310	0.00304	0.62788
19	0.01125	0.01053	0.01739	0.09020	0.61741	0.01072	0.03242	0.06339	0.01118	0.01563	0.01114	0.03106	0.04710	0.00487	0.00471	0.00142	0.00540	0.00466	0.00258	0.00695
20	0.05893	0.04978	0.55237	0.01466	0.14433	0.01073	0.01485	0.01466	0.01007	0.04489	0.03682	0.01098	0.00764	0.00458	0.00436	0.00144	0.00613	0.00369	0.00232	0.00677

[dist]
# distance from previous block
# <min> <max>
2	7

[block]
# block no. 5 follows, 55 sequences, length 60
# corresponding to MSA columns:
# 349-408
name=unknown_F
#
# <colnr> <probs for GDERKNQSTAVLIFYWHMCP>
#	G	D	E	R	K	N	Q	S	T	A	V	L	I	F	Y	W	H	M	C	P
0	0.01352	0.00852	0.00992	0.00847	0.01112	0.00894	0.00669	0.06460	0.37371	0.24240	0.17848	0.02012	0.01914	0.00677	0.00487	0.00151	0.00354	0.00568	0.00510	0.00694
1	0.01452	0.13011	0.06965	0.01158	0.01395	0.47159	0.00968	0.01601	0.01107	0.01151	0.00693	0.00877	0.00601	0.00542	0.00657	0.00138	0.19432	0.00320	0.00223	0.00550
2	0.00824	0.06577	0.11721	0.00775	0.01013	0.00736	0.02253	0.03318	0.09159	0.01780	0.51375	0.02683	0.04357	0.00794	0.00507	0.00145	0.00336	0.00686	0.00436	0.00526
3	0.69479	0.17815	0.01041	0.00649	0.00960	0.01206	0.00563	0.01373	0.00823	0.01885	0.00648	0.00754	0.00523	0.00425	0.00290	0.00135	0.00388	0.00251	0.00270	0.00523
4	0.02087	0.00792	0.01080	0.00828	0.01188	0.00684	0.00684	0.02267	0.01332	0.81071	0.01835	0.01583	0.01152	0.00576	0.00468	0.00144	0.00396	0.00468	0.00576	0.00792
5	0.01024	0.00910	0.01259	0.01092	0.01139	0.01195	0.00894	0.01133	0.00790	0.06454	0.00970	0.12361	0.00989	0.00865	0.01274	0.00191	0.62222	0.00531	0.00263	0.04444
6	0.00563	0.00418	0.00526	0.00612	0.00665	0.00381	0.00416	0.00652	0.00925	0.01202	0.03002	0.67279	0.18862	0.01401	0.00585	0.00182	0.00263	0.01253	0.00432	0.00381
7	0.01249	0.42198	0.26458	0.01041	0.01496	0.17893	0.01101	0.01512	0.01033	0.01220	0.00719	0.00838	0.00595	0.00428	0.00367	0.00118	0.00626	0.00288	0.00207	0.00613
8	0.00567	0.00405	0.00540	0.00648	0.00675	0.00378	0.00432	0.00648	0.00891	0.01188	0.02564	0.83347	0.03077	0.01457	0.00594	0.00189	0.00270	0.01323	0.00432	0.00378
9	0.01741	0.01474	0.01368	0.01090	0.01430	0.17794	0.00881	0.61954	0.01983	0.02531	0.01038	0.01074	0.00759	0.00598	0.02000	0.00147	0.00592	0.00396	0.00415	0.00733
10	0.04622	0.01124	0.17397	0.00922	0.01346	0.00776	0.00889	0.02076	0.01243	0.62276	0.01593	0.01434	0.01016	0.00544	0.00457	0.00145	0.00454	0.00436	0.00489	0.00761
11	0.00677	0.00451	0.00507	0.00507	0.00507	0.00451	0.00282	0.00677	0.00677	0.00902	0.01466	0.03044	0.01691	0.83650	0.02368	0.00451	0.00451	0.00677	0.00282	0.00282
12	0.19091	0.01230	0.01233	0.00974	0.01321	0.03330	0.00800	0.57923	0.05438	0.02671	0.01047	0.01065	0.00757	0.00534	0.00428	0.00141	0.00482	0.00387	0.00424	0.00724
13	0.01643	0.01263	0.01496	0.01434	0.17599	0.01374	0.00995	0.63354	0.01958	0.02644	0.01068	0.01124	0.00780	0.00529	0.00464	0.00139	0.00520	0.00418	0.00417	0.00780
14	0.00817	0.00429	0.00628	0.00611	0.00636	0.00417	0.00413	0.00640	0.00628	0.00850	0.00809	0.01387	0.00801	0.01540	0.01730	0.81297	0.00400	0.00396	0.00206	0.05364
15	0.00933	0.02406	0.81240	0.01326	0.02014	0.01080	0.01719	0.01473	0.00982	0.01473	0.00835	0.00982	0.00589	0.00442	0.00442	0.00147	0.00688	0.00344	0.00196	0.00688
16	0.00996	0.19015	0.65186	0.01218	0.01847	0.01235	0.01531	0.01457	0.00975	0.01396	0.00797	0.00934	0.00591	0.00433	0.00413	0.00138	0.00649	0.00324	0.00197	0.00669
17	0.00567	0.00405	0.00540	0.00648	0.00675	0.00378	0.00432	0.00648	0.00891	0.01188	0.02564	0.83347	0.03077	0.01457	0.00594	0.00189	0.00270	0.01323	0.00432	0.00378
18	0.01898	0.00834	0.01074	0.00852	0.01192	0.00780	0.00694	0.02309	0.17339	0.64951	0.01847	0.01614	0.01206	0.00587	0.00469	0.00147	0.00390	0.00480	0.00555	0.00780
19	0.01544	0.01139	0.01264	0.01005	0.01318	0.01267	0.00823	0.63232	0.01894	0.02555	0.01143	0.01262	0.00867	0.01156	0.17037	0.00263	0.00661	0.00435	0.00421	0.00715
20	0.00567	0.00405	0.00540	0.00648	0.00675	0.00378	0.00432	0.00648	0.00891	0.01188	0.02564	0.83347	0.03077	0.01457	0.00594	0.00189	0.00270	0.01323	0.00432	0.00378
