[name]
unknown

[dist]
# distance from previous block
# <min> <max>
0	66

[block]
# block no. 0 follows, 54 sequences, length 42
# corresponding to MSA columns:
# 72-113
name=unknown_A
#
# <colnr> <probs for GDERKNQSTAVLIFYWHMCP>
#	G	D	E	R	K	N	Q	S	T	A	V	L	I	F	Y	W	H	M	C	P
0	0.00786	0.00595	0.00889	0.00939	0.01066	0.00601	0.05072	0.01010	0.01078	0.01410	0.02364	0.04988	0.02551	0.01241	0.00668	0.00214	0.02512	0.71152	0.00418	0.00447
1	0.00667	0.00482	0.00630	0.00593	0.00704	0.00445	0.00445	0.00890	0.01335	0.01891	0.80239	0.03522	0.04449	0.00964	0.00556	0.00148	0.00222	0.00853	0.00519	0.00445
2	0.00574	0.00410	0.00547	0.00657	0.00684	0.00383	0.00438	0.00657	0.00903	0.01204	0.02599	0.83122	0.03119	0.01477	0.00602	0.00191	0.00274	0.01340	0.00438	0.00383
3	0.00558	0.00475	0.00480	0.00484	0.00639	0.00398	0.00361	0.00676	0.01069	0.01271	0.04699	0.07322	0.77563	0.01204	0.00559	0.00160	0.00240	0.01007	0.00438	0.00398
4	0.02090	0.00843	0.01119	0.00858	0.01224	0.00753	0.00709	0.08279	0.01417	0.74738	0.01803	0.01568	0.01139	0.00582	0.00474	0.00146	0.00410	0.00470	0.00575	0.00802
5	0.02098	0.00831	0.01112	0.00852	0.01218	0.00736	0.00704	0.06534	0.01397	0.76511	0.01820	0.01579	0.01147	0.00583	0.00474	0.00146	0.00408	0.00471	0.00577	0.00802
6	0.01949	0.00840	0.01089	0.00860	0.01208	0.00778	0.00702	0.02335	0.15173	0.66894	0.01871	0.01632	0.01215	0.00593	0.00475	0.00148	0.00396	0.00485	0.00565	0.00793
7	0.00667	0.00482	0.00630	0.00593	0.00704	0.00445	0.00445	0.00890	0.01335	0.01891	0.80239	0.03522	0.04449	0.00964	0.00556	0.00148	0.00222	0.00853	0.00519	0.00445
8	0.00875	0.00455	0.00460	0.00457	0.00564	0.00459	0.00337	0.01109	0.02934	0.01713	0.01545	0.01837	0.01244	0.05478	0.00456	0.00132	0.00238	0.00456	0.78814	0.00438
9	0.01173	0.01013	0.01066	0.00960	0.01226	0.01173	0.00746	0.02505	0.79636	0.01972	0.01919	0.01759	0.01439	0.00640	0.00480	0.00160	0.00373	0.00533	0.00480	0.00746
10	0.01151	0.01104	0.01884	0.07614	0.75897	0.01116	0.01439	0.01433	0.01066	0.01520	0.00884	0.01172	0.00740	0.00423	0.00467	0.00141	0.00564	0.00420	0.00232	0.00734
11	0.06110	0.01145	0.01167	0.00937	0.01272	0.13771	0.00757	0.17916	0.04272	0.43651	0.03235	0.01394	0.01054	0.00568	0.00459	0.00142	0.00490	0.00437	0.00487	0.00737
12	0.86760	0.00912	0.00693	0.00620	0.00912	0.01058	0.00511	0.01386	0.00802	0.02115	0.00657	0.00766	0.00511	0.00438	0.00292	0.00146	0.00365	0.00255	0.00292	0.00511
13	0.01167	0.01120	0.01914	0.02894	0.80488	0.01120	0.01447	0.01447	0.01074	0.01540	0.00887	0.01167	0.00747	0.00420	0.00467	0.00140	0.00560	0.00420	0.00233	0.00747
14	0.01249	0.00871	0.00987	0.00866	0.01121	0.00943	0.00678	0.02154	0.49944	0.16567	0.17096	0.02072	0.01973	0.00692	0.00494	0.00155	0.00349	0.00584	0.00507	0.00698
15	0.00561	0.00464	0.00492	0.00514	0.00646	0.00395	0.00374	0.00673	0.01040	0.01259	0.04334	0.20500	0.64620	0.01252	0.00566	0.00166	0.00246	0.01065	0.00438	0.00395
16	0.00605	0.00470	0.00550	0.00551	0.00671	0.00415	0.00405	0.00761	0.01156	0.01516	0.35383	0.15653	0.37888	0.01141	0.00563	0.00159	0.00237	0.00987	0.00471	0.00415
17	0.01792	0.01321	0.01415	0.01085	0.01462	0.01462	0.00896	0.78916	0.02217	0.02972	0.01132	0.01132	0.00802	0.00566	0.00472	0.00142	0.00519	0.00425	0.00472	0.00802
18	0.00890	0.00838	0.01414	0.82296	0.03247	0.01048	0.01309	0.01205	0.00943	0.01205	0.00838	0.01257	0.00629	0.00471	0.00471	0.00157	0.00629	0.00419	0.00210	0.00524
19	0.01113	0.01272	0.02782	0.01987	0.02464	0.01192	0.78776	0.01510	0.01113	0.01510	0.00954	0.01272	0.00715	0.00397	0.00556	0.00159	0.00795	0.00556	0.00238	0.00636
20	0.00686	0.00457	0.00514	0.00514	0.00514	0.00457	0.00286	0.00686	0.00686	0.00914	0.01486	0.03086	0.01714	0.83430	0.02400	0.00457	0.00457	0.00686	0.00286	0.00286
21	0.00661	0.00482	0.00621	0.00586	0.00700	0.00442	0.00440	0.00877	0.01319	0.01854	0.75754	0.03582	0.08957	0.00978	0.00556	0.00149	0.00223	0.00861	0.00514	0.00442
22	0.00959	0.05933	0.77611	0.01321	0.02005	0.01128	0.01702	0.01490	0.00994	0.01477	0.00838	0.00985	0.00598	0.00446	0.00442	0.00147	0.00689	0.00344	0.00199	0.00693
23	0.00760	0.00543	0.00760	0.00868	0.00977	0.00543	0.00760	0.00977	0.01085	0.01411	0.02496	0.05319	0.02714	0.01303	0.00651	0.00217	0.00434	0.77315	0.00434	0.00434
24	0.01202	0.01051	0.01081	0.00969	0.01237	0.03193	0.00754	0.04282	0.75859	0.01975	0.01871	0.01722	0.01404	0.00634	0.00478	0.00159	0.00389	0.00525	0.00474	0.00743
25	0.01151	0.01104	0.01884	0.07614	0.75897	0.01116	0.01439	0.01433	0.01066	0.01520	0.00884	0.01172	0.00740	0.00423	0.00467	0.00141	0.00564	0.00420	0.00232	0.00734
26	0.02080	0.00831	0.01109	0.00853	0.01216	0.00740	0.00704	0.05910	0.03103	0.75425	0.01827	0.01586	0.01156	0.00584	0.00474	0.00146	0.00406	0.00473	0.00576	0.00801
27	0.00890	0.00838	0.01414	0.82296	0.03247	0.01048	0.01309	0.01205	0.00943	0.01205	0.00838	0.01257	0.00629	0.00471	0.00471	0.00157	0.00629	0.00419	0.00210	0.00524
28	0.00557	0.00478	0.00478	0.00478	0.00637	0.00398	0.00358	0.00677	0.01075	0.01274	0.04776	0.04538	0.80297	0.01194	0.00557	0.00159	0.00239	0.00995	0.00438	0.00398
29	0.00946	0.02439	0.80987	0.01344	0.02041	0.01095	0.01742	0.01493	0.00995	0.01493	0.00846	0.00995	0.00597	0.00448	0.00448	0.00149	0.00697	0.00348	0.00199	0.00697
30	0.86760	0.00912	0.00693	0.00620	0.00912	0.01058	0.00511	0.01386	0.00802	0.02115	0.00657	0.00766	0.00511	0.00438	0.00292	0.00146	0.00365	0.00255	0.00292	0.00511
31	0.00574	0.00410	0.00547	0.00657	0.00684	0.00383	0.00438	0.00657	0.00903	0.01204	0.02599	0.83122	0.03119	0.01477	0.00602	0.00191	0.00274	0.01340	0.00438	0.00383
32	0.00574	0.00410	0.00547	0.00657	0.00684	0.00383	0.00438	0.00657	0.00903	0.01204	0.02599	0.83122	0.03119	0.01477	0.00602	0.00191	0.00274	0.01340	0.00438	0.00383
33	0.04447	0.00805	0.01083	0.00833	0.01196	0.00703	0.00688	0.02273	0.01334	0.78647	0.01827	0.01582	0.01149	0.00580	0.00469	0.00146	0.00400	0.00468	0.00576	0.00794
34	0.02115	0.00802	0.01094	0.00839	0.01204	0.00693	0.00693	0.02298	0.01350	0.80815	0.01860	0.01605	0.01167	0.00584	0.00474	0.00146	0.00401	0.00474	0.00584	0.00802
35	0.00686	0.00457	0.00514	0.00514	0.00514	0.00457	0.00286	0.00686	0.00686	0.00914	0.01486	0.03086	0.01714	0.83430	0.02400	0.00457	0.00457	0.00686	0.00286	0.00286
36	0.00978	0.00838	0.00978	0.00698	0.01117	0.00629	0.00559	0.01187	0.00978	0.01536	0.00838	0.00978	0.00698	0.00349	0.00349	0.00070	0.00349	0.00279	0.00279	0.86312
37	0.01167	0.01120	0.01914	0.02894	0.80488	0.01120	0.01447	0.01447	0.01074	0.01540	0.00887	0.01167	0.00747	0.00420	0.00467	0.00140	0.00560	0.00420	0.00233	0.00747
38	0.00574	0.00410	0.00547	0.00657	0.00684	0.00383	0.00438	0.00657	0.00903	0.01204	0.02599	0.83122	0.03119	0.01477	0.00602	0.00191	0.00274	0.01340	0.00438	0.00383
39	0.00719	0.00529	0.00703	0.00787	0.00905	0.00513	0.00675	0.00918	0.01090	0.01398	0.04984	0.05123	0.17484	0.01273	0.00631	0.00204	0.00392	0.60810	0.00437	0.00428
40	0.01395	0.01111	0.01195	0.00970	0.01305	0.01206	0.00778	0.33497	0.35695	0.02312	0.01428	0.01381	0.01063	0.00564	0.00456	0.00138	0.00429	0.00449	0.00445	0.14183
41	0.13210	0.01071	0.01144	0.00933	0.01262	0.01170	0.00755	0.29821	0.26342	0.15321	0.01429	0.01355	0.01022	0.00570	0.00447	0.00147	0.00429	0.00441	0.00464	0.02667

[dist]
# distance from previous block
# <min> <max>
0	3

[block]
# block no. 1 follows, 54 sequences, length 52
# corresponding to MSA columns:
# 117-163,171-175
name=unknown_B
#
# <colnr> <probs for GDERKNQSTAVLIFYWHMCP>
#	G	D	E	R	K	N	Q	S	T	A	V	L	I	F	Y	W	H	M	C	P
0	0.82881	0.00917	0.00727	0.00648	0.00927	0.01075	0.00534	0.01375	0.00799	0.02071	0.00655	0.00778	0.00516	0.00455	0.00349	0.00149	0.04084	0.00262	0.00288	0.00511
1	0.01096	0.01030	0.01644	0.15302	0.52779	0.01084	0.01273	0.01529	0.12593	0.01538	0.01207	0.01421	0.04429	0.00496	0.00474	0.00147	0.00529	0.00463	0.00275	0.00695
2	0.01113	0.01272	0.02782	0.01987	0.02464	0.01192	0.78776	0.01510	0.01113	0.01510	0.00954	0.01272	0.00715	0.00397	0.00556	0.00159	0.00795	0.00556	0.00238	0.00636
3	0.01032	0.01032	0.01444	0.01238	0.01238	0.01444	0.01032	0.01135	0.00722	0.01135	0.00619	0.01032	0.00619	0.00825	0.01547	0.00206	0.82567	0.00413	0.00206	0.00516
4	0.01173	0.01013	0.01066	0.00960	0.01226	0.01173	0.00746	0.02505	0.79636	0.01972	0.01919	0.01759	0.01439	0.00640	0.00480	0.00160	0.00373	0.00533	0.00480	0.00746
5	0.00684	0.00464	0.00549	0.00549	0.00561	0.00476	0.00329	0.00708	0.00696	0.00940	0.01454	0.02910	0.01638	0.72054	0.13672	0.00500	0.00572	0.00660	0.00281	0.00305
6	0.00658	0.00482	0.00618	0.00584	0.00699	0.00441	0.00438	0.00872	0.01313	0.01839	0.73939	0.03607	0.10782	0.00983	0.00556	0.00149	0.00224	0.00865	0.00512	0.00441
7	0.00946	0.02439	0.80987	0.01344	0.02041	0.01095	0.01742	0.01493	0.00995	0.01493	0.00846	0.00995	0.00597	0.00448	0.00448	0.00149	0.00697	0.00348	0.00199	0.00697
8	0.01191	0.01022	0.01076	0.00963	0.01233	0.01181	0.00751	0.04762	0.77350	0.02002	0.01896	0.01741	0.01420	0.00638	0.00480	0.00159	0.00377	0.00530	0.00480	0.00748
9	0.01113	0.45578	0.39311	0.01059	0.01600	0.01504	0.01246	0.01450	0.00976	0.01289	0.00745	0.00869	0.00601	0.00424	0.00371	0.00124	0.00595	0.00297	0.00200	0.00648
10	0.01792	0.01321	0.01415	0.01085	0.01462	0.01462	0.00896	0.78916	0.02217	0.02972	0.01132	0.01132	0.00802	0.00566	0.00472	0.00142	0.00519	0.00425	0.00472	0.00802
11	0.00667	0.00482	0.00630	0.00593	0.00704	0.00445	0.00445	0.00890	0.01335	0.01891	0.80239	0.03522	0.04449	0.00964	0.00556	0.00148	0.00222	0.00853	0.00519	0.00445
12	0.00890	0.00838	0.01414	0.82296	0.03247	0.01048	0.01309	0.01205	0.00943	0.01205	0.00838	0.01257	0.00629	0.00471	0.00471	0.00157	0.00629	0.00419	0.00210	0.00524
13	0.00674	0.00505	0.00758	0.00758	0.00842	0.00589	0.00589	0.00842	0.00758	0.01095	0.01263	0.01852	0.01179	0.03536	0.81561	0.00758	0.01263	0.00505	0.00253	0.00421
14	0.00667	0.00482	0.00630	0.00593	0.00704	0.00445	0.00445	0.00890	0.01335	0.01891	0.80239	0.03522	0.04449	0.00964	0.00556	0.00148	0.00222	0.00853	0.00519	0.00445
15	0.00674	0.00505	0.00758	0.00758	0.00842	0.00589	0.00589	0.00842	0.00758	0.01095	0.01263	0.01852	0.01179	0.03536	0.81561	0.00758	0.01263	0.00505	0.00253	0.00421
16	0.01113	0.01272	0.02782	0.01987	0.02464	0.01192	0.78776	0.01510	0.01113	0.01510	0.00954	0.01272	0.00715	0.00397	0.00556	0.00159	0.00795	0.00556	0.00238	0.00636
17	0.00967	0.00829	0.00965	0.00693	0.01105	0.00623	0.00554	0.01175	0.00980	0.01530	0.00936	0.01066	0.02674	0.00370	0.00354	0.00072	0.00346	0.00297	0.00283	0.84180
18	0.00624	0.00445	0.00604	0.00713	0.00762	0.00425	0.00523	0.00742	0.00951	0.01259	0.02572	0.62464	0.03011	0.01431	0.00615	0.00198	0.00316	0.21513	0.00437	0.00397
19	0.00990	0.13766	0.70044	0.01269	0.01925	0.01202	0.01612	0.01482	0.00990	0.01440	0.00820	0.00962	0.00598	0.00442	0.00428	0.00143	0.00670	0.00335	0.00199	0.00684
20	0.01126	0.01078	0.01839	0.14728	0.68976	0.01109	0.01427	0.01411	0.01054	0.01490	0.00880	0.01180	0.00729	0.00428	0.00467	0.00143	0.00570	0.00420	0.00230	0.00714
21	0.00590	0.00422	0.00561	0.00646	0.00687	0.00393	0.00439	0.00695	0.00973	0.01316	0.15258	0.70143	0.03335	0.01394	0.00594	0.00184	0.00265	0.01261	0.00451	0.00393
22	0.00674	0.00505	0.00758	0.00758	0.00842	0.00589	0.00589	0.00842	0.00758	0.01095	0.01263	0.01852	0.01179	0.03536	0.81561	0.00758	0.01263	0.00505	0.00253	0.00421
23	0.00754	0.00541	0.00752	0.00857	0.00967	0.00539	0.00748	0.00968	0.01085	0.01407	0.02561	0.05297	0.04903	0.01299	0.00649	0.00215	0.00429	0.75161	0.00434	0.00433
24	0.00588	0.00421	0.00559	0.00647	0.00687	0.00392	0.00439	0.00691	0.00966	0.01304	0.13975	0.71459	0.03313	0.01402	0.00595	0.00185	0.00266	0.01269	0.00450	0.00392
25	0.00574	0.00410	0.00547	0.00657	0.00684	0.00383	0.00438	0.00657	0.00903	0.01204	0.02599	0.83122	0.03119	0.01477	0.00602	0.00191	0.00274	0.01340	0.00438	0.00383
26	0.00557	0.00478	0.00478	0.00478	0.00637	0.00398	0.00358	0.00677	0.01075	0.01274	0.04776	0.04538	0.80297	0.01194	0.00557	0.00159	0.00239	0.00995	0.00438	0.00398
27	0.01173	0.01013	0.01066	0.00960	0.01226	0.01173	0.00746	0.02505	0.79636	0.01972	0.01919	0.01759	0.01439	0.00640	0.00480	0.00160	0.00373	0.00533	0.00480	0.00746
28	0.01173	0.01013	0.01066	0.00960	0.01226	0.01173	0.00746	0.02505	0.79636	0.01972	0.01919	0.01759	0.01439	0.00640	0.00480	0.00160	0.00373	0.00533	0.00480	0.00746
29	0.01137	0.01090	0.01859	0.11551	0.72067	0.01112	0.01432	0.01421	0.01059	0.01504	0.00882	0.01177	0.00734	0.00426	0.00467	0.00142	0.00568	0.00420	0.00231	0.00723
30	0.02034	0.00862	0.01099	0.00859	0.01213	0.03180	0.00704	0.02301	0.07203	0.72504	0.01830	0.01594	0.01171	0.00585	0.00473	0.00146	0.00413	0.00473	0.00565	0.00790
31	0.01792	0.01321	0.01415	0.01085	0.01462	0.01462	0.00896	0.78916	0.02217	0.02972	0.01132	0.01132	0.00802	0.00566	0.00472	0.00142	0.00519	0.00425	0.00472	0.00802
32	0.01761	0.02247	0.01336	0.01215	0.01458	0.81537	0.00911	0.01883	0.01336	0.01154	0.00729	0.00850	0.00607	0.00486	0.00425	0.00121	0.00850	0.00304	0.00243	0.00547
33	0.00557	0.00478	0.00478	0.00478	0.00637	0.00398	0.00358	0.00677	0.01075	0.01274	0.04776	0.04538	0.80297	0.01194	0.00557	0.00159	0.00239	0.00995	0.00438	0.00398
34	0.00574	0.00410	0.00547	0.00657	0.00684	0.00383	0.00438	0.00657	0.00903	0.01204	0.02599	0.83122	0.03119	0.01477	0.00602	0.00191	0.00274	0.01340	0.00438	0.00383
35	0.00946	0.02439	0.80987	0.01344	0.02041	0.01095	0.01742	0.01493	0.00995	0.01493	0.00846	0.00995	0.00597	0.00448	0.00448	0.00149	0.00697	0.00348	0.00199	0.00697
36	0.01261	0.83713	0.02471	0.00807	0.01210	0.01866	0.00807	0.01412	0.00958	0.01109	0.00656	0.00756	0.00605	0.00403	0.00303	0.00101	0.00504	0.00252	0.00202	0.00605
37	0.00574	0.00410	0.00547	0.00657	0.00684	0.00383	0.00438	0.00657	0.00903	0.01204	0.02599	0.83122	0.03119	0.01477	0.00602	0.00191	0.00274	0.01340	0.00438	0.00383
38	0.00946	0.02439	0.80987	0.01344	0.02041	0.01095	0.01742	0.01493	0.00995	0.01493	0.00846	0.00995	0.00597	0.00448	0.00448	0.00149	0.00697	0.00348	0.00199	0.00697
39	0.01173	0.01013	0.01066	0.00960	0.01226	0.01173	0.00746	0.02505	0.79636	0.01972	0.01919	0.01759	0.01439	0.00640	0.00480	0.00160	0.00373	0.00533	0.00480	0.00746
40	0.00574	0.00410	0.00547	0.00657	0.00684	0.00383	0.00438	0.00657	0.00903	0.01204	0.02599	0.83122	0.03119	0.01477	0.00602	0.00191	0.00274	0.01340	0.00438	0.00383
41	0.00890	0.00838	0.01414	0.82296	0.03247	0.01048	0.01309	0.01205	0.00943	0.01205	0.00838	0.01257	0.00629	0.00471	0.00471	0.00157	0.00629	0.00419	0.00210	0.00524
42	0.00574	0.00410	0.00547	0.00657	0.00684	0.00383	0.00438	0.00657	0.00903	0.01204	0.02599	0.83122	0.03119	0.01477	0.00602	0.00191	0.00274	0.01340	0.00438	0.00383
43	0.00686	0.00457	0.00514	0.00514	0.00514	0.00457	0.00286	0.00686	0.00686	0.00914	0.01486	0.03086	0.01714	0.83430	0.02400	0.00457	0.00457	0.00686	0.00286	0.00286
44	0.01935	0.01093	0.01274	0.00977	0.01348	0.01124	0.00807	0.45201	0.01835	0.37225	0.01452	0.01340	0.00963	0.00574	0.00473	0.00143	0.00467	0.00446	0.00521	0.00802
45	0.00998	0.00948	0.01609	0.51325	0.33376	0.01076	0.01363	0.01299	0.00994	0.01336	0.00857	0.01222	0.00675	0.00451	0.00470	0.00150	0.00602	0.00419	0.00219	0.00611
46	0.00667	0.00483	0.00629	0.00596	0.00709	0.00446	0.00450	0.00886	0.01323	0.01865	0.76689	0.03586	0.06272	0.00977	0.00558	0.00150	0.00227	0.02527	0.00515	0.00444
47	0.00578	0.00477	0.00507	0.00503	0.00650	0.00406	0.00376	0.00716	0.01119	0.01386	0.18660	0.06075	0.64601	0.01158	0.00558	0.00158	0.00237	0.00976	0.00453	0.00406
48	0.00950	0.00809	0.00949	0.00696	0.01088	0.00612	0.00551	0.01151	0.00973	0.01514	0.00957	0.06538	0.00862	0.00426	0.00366	0.00078	0.00344	0.00351	0.00290	0.80495
49	0.00969	0.08580	0.75054	0.01303	0.01978	0.01153	0.01671	0.01487	0.00993	0.01464	0.00832	0.00977	0.00598	0.00445	0.00437	0.00146	0.00682	0.00341	0.00199	0.00690
50	0.00687	0.00498	0.00724	0.00724	0.00805	0.00573	0.00556	0.00850	0.00769	0.01127	0.01293	0.01914	0.01210	0.07728	0.72026	0.00700	0.01152	0.00511	0.05739	0.00415
51	0.00933	0.00491	0.00497	0.00477	0.00603	0.00500	0.00363	0.05680	0.01061	0.01829	0.01514	0.01721	0.01185	0.00550	0.00338	0.00112	0.00237	0.00439	0.81009	0.00461

[dist]
# distance from previous block
# <min> <max>
0	1

[block]
# block no. 2 follows, 54 sequences, length 63
# corresponding to MSA columns:
# 177-226,229-241
name=unknown_C
#
# <colnr> <probs for GDERKNQSTAVLIFYWHMCP>
#	G	D	E	R	K	N	Q	S	T	A	V	L	I	F	Y	W	H	M	C	P
0	0.01136	0.01133	0.01405	0.24957	0.15092	0.12690	0.02623	0.02702	0.13284	0.01438	0.03653	0.01321	0.00922	0.00560	0.00617	0.00154	0.12121	0.00437	0.03156	0.00599
1	0.01508	0.01297	0.01562	0.01222	0.01563	0.07842	0.14400	0.42285	0.13311	0.02293	0.01225	0.04400	0.00949	0.00585	0.00524	0.00150	0.03273	0.00489	0.00404	0.00718
2	0.00642	0.00461	0.00620	0.00718	0.00780	0.00441	0.00542	0.00775	0.00984	0.01298	0.05625	0.49938	0.05488	0.02625	0.00642	0.00201	0.00328	0.27051	0.00437	0.00402
3	0.01152	0.44003	0.25083	0.00993	0.01455	0.01507	0.01068	0.01647	0.16212	0.01388	0.00956	0.01020	0.00764	0.00462	0.00379	0.00126	0.00535	0.00335	0.00255	0.00659
4	0.00955	0.04893	0.78616	0.01328	0.02016	0.01118	0.01714	0.01491	0.00994	0.01482	0.00840	0.00988	0.00598	0.00447	0.00444	0.00148	0.00691	0.00346	0.00199	0.00694
5	0.01344	0.01037	0.01245	0.02656	0.19722	0.09022	0.00888	0.16692	0.04331	0.13745	0.05161	0.16175	0.01504	0.00738	0.00501	0.00153	0.00479	0.03556	0.00401	0.00651
6	0.00972	0.07742	0.73200	0.01330	0.02000	0.01149	0.04266	0.01488	0.00997	0.01469	0.00837	0.00989	0.00602	0.00443	0.00442	0.00146	0.00687	0.00349	0.00201	0.00689
7	0.00581	0.00479	0.00511	0.00503	0.00652	0.00408	0.00377	0.00723	0.01132	0.01409	0.21354	0.04315	0.63635	0.01144	0.00557	0.00157	0.00235	0.00964	0.00456	0.00408
8	0.01376	0.00691	0.00883	0.00771	0.00998	0.00645	0.00601	0.08908	0.02790	0.35665	0.08953	0.25293	0.06692	0.00925	0.00527	0.00161	0.00351	0.02640	0.00511	0.00618
9	0.01159	0.16431	0.47114	0.01267	0.04793	0.16800	0.01377	0.01535	0.01060	0.01358	0.00877	0.01009	0.02323	0.00463	0.00421	0.00135	0.00678	0.00340	0.00215	0.00647
10	0.01594	0.01962	0.01643	0.01427	0.04709	0.58995	0.16020	0.03433	0.01285	0.01277	0.00784	0.00955	0.00638	0.00477	0.00483	0.00132	0.03000	0.00363	0.00246	0.00576
11	0.05211	0.00812	0.01071	0.00833	0.01183	0.00726	0.00688	0.05162	0.01357	0.70802	0.04167	0.01690	0.01260	0.00604	0.00473	0.00147	0.00400	0.02078	0.00563	0.00773
12	0.00686	0.00457	0.00514	0.00514	0.00514	0.00457	0.00286	0.00686	0.00686	0.00914	0.01486	0.03086	0.01714	0.83430	0.02400	0.00457	0.00457	0.00686	0.00286	0.00286
13	0.01698	0.09327	0.03564	0.01175	0.01452	0.67746	0.00923	0.06328	0.01345	0.01265	0.00749	0.00862	0.00618	0.00482	0.00418	0.00122	0.00797	0.00307	0.00252	0.00571
14	0.00574	0.00412	0.00545	0.00652	0.00683	0.00383	0.00436	0.00657	0.00907	0.01205	0.02657	0.81032	0.05171	0.01470	0.00601	0.00191	0.00273	0.01331	0.00438	0.00383
15	0.00561	0.00465	0.00491	0.00512	0.00646	0.00395	0.00374	0.00673	0.01041	0.01260	0.04355	0.19762	0.65345	0.01249	0.00566	0.00165	0.00246	0.01062	0.00438	0.00395
16	0.00686	0.00457	0.00514	0.00514	0.00514	0.00457	0.00286	0.00686	0.00686	0.00914	0.01486	0.03086	0.01714	0.83430	0.02400	0.00457	0.00457	0.00686	0.00286	0.00286
17	0.02115	0.00802	0.01094	0.00839	0.01204	0.00693	0.00693	0.02298	0.01350	0.80815	0.01860	0.01605	0.01167	0.00584	0.00474	0.00146	0.00401	0.00474	0.00584	0.00802
18	0.00686	0.00457	0.00514	0.00514	0.00514	0.00457	0.00286	0.00686	0.00686	0.00914	0.01486	0.03086	0.01714	0.83430	0.02400	0.00457	0.00457	0.00686	0.00286	0.00286
19	0.01261	0.83713	0.02471	0.00807	0.01210	0.01866	0.00807	0.01412	0.00958	0.01109	0.00656	0.00756	0.00605	0.00403	0.00303	0.00101	0.00504	0.00252	0.00202	0.00605
20	0.00946	0.02439	0.80987	0.01344	0.02041	0.01095	0.01742	0.01493	0.00995	0.01493	0.00846	0.00995	0.00597	0.00448	0.00448	0.00149	0.00697	0.00348	0.00199	0.00697
21	0.00557	0.00478	0.00478	0.00478	0.00637	0.00398	0.00358	0.00677	0.01075	0.01274	0.04776	0.04538	0.80297	0.01194	0.00557	0.00159	0.00239	0.00995	0.00438	0.00398
22	0.00662	0.00482	0.00623	0.00588	0.00701	0.00443	0.00441	0.00879	0.01322	0.01861	0.76572	0.03571	0.08135	0.00975	0.00556	0.00149	0.00223	0.00860	0.00515	0.00443
23	0.02085	0.00809	0.01093	0.00843	0.01204	0.00708	0.00695	0.02304	0.03853	0.78293	0.01862	0.01610	0.01176	0.00585	0.00474	0.00146	0.00400	0.00476	0.00580	0.00801
24	0.00574	0.00410	0.00547	0.00657	0.00684	0.00383	0.00438	0.00657	0.00903	0.01204	0.02599	0.83122	0.03119	0.01477	0.00602	0.00191	0.00274	0.01340	0.00438	0.00383
25	0.86760	0.00912	0.00693	0.00620	0.00912	0.01058	0.00511	0.01386	0.00802	0.02115	0.00657	0.00766	0.00511	0.00438	0.00292	0.00146	0.00365	0.00255	0.00292	0.00511
26	0.00674	0.00505	0.00758	0.00758	0.00842	0.00589	0.00589	0.00842	0.00758	0.01095	0.01263	0.01852	0.01179	0.03536	0.81561	0.00758	0.01263	0.00505	0.00253	0.00421
27	0.00890	0.00838	0.01414	0.82296	0.03247	0.01048	0.01309	0.01205	0.00943	0.01205	0.00838	0.01257	0.00629	0.00471	0.00471	0.00157	0.00629	0.00419	0.00210	0.00524
28	0.00946	0.02439	0.80987	0.01344	0.02041	0.01095	0.01742	0.01493	0.00995	0.01493	0.00846	0.00995	0.00597	0.00448	0.00448	0.00149	0.00697	0.00348	0.00199	0.00697
29	0.01789	0.01414	0.01407	0.01098	0.01462	0.09509	0.00898	0.71175	0.02128	0.02789	0.01092	0.01104	0.00782	0.00558	0.00467	0.00139	0.00552	0.00412	0.00449	0.00776
30	0.00667	0.00482	0.00630	0.00593	0.00704	0.00445	0.00445	0.00890	0.01335	0.01891	0.80239	0.03522	0.04449	0.00964	0.00556	0.00148	0.00222	0.00853	0.00519	0.00445
31	0.01761	0.02247	0.01336	0.01215	0.01458	0.81537	0.00911	0.01883	0.01336	0.01154	0.00729	0.00850	0.00607	0.00486	0.00425	0.00121	0.00850	0.00304	0.00243	0.00547
32	0.00574	0.00410	0.00547	0.00657	0.00684	0.00383	0.00438	0.00657	0.00903	0.01204	0.02599	0.83122	0.03119	0.01477	0.00602	0.00191	0.00274	0.01340	0.00438	0.00383
33	0.03738	0.00902	0.01167	0.00959	0.04468	0.00849	0.00752	0.13743	0.04085	0.61644	0.01689	0.01504	0.01091	0.00573	0.00470	0.00145	0.00424	0.00462	0.00543	0.00792
34	0.01096	0.01244	0.02711	0.01945	0.02407	0.01166	0.76270	0.01483	0.01106	0.01501	0.01007	0.03890	0.00792	0.00432	0.00558	0.00160	0.00778	0.00582	0.00245	0.00628
35	0.00585	0.00479	0.00516	0.00507	0.00654	0.00410	0.00380	0.00731	0.01141	0.01430	0.23895	0.04280	0.61081	0.01136	0.00557	0.00156	0.00235	0.00959	0.00458	0.00410
36	0.00959	0.00908	0.01539	0.62479	0.22526	0.01066	0.01344	0.01265	0.00975	0.01288	0.00850	0.01235	0.00658	0.00459	0.00470	0.00153	0.00611	0.00419	0.00215	0.00579
37	0.01293	0.01072	0.01134	0.00984	0.01272	0.01229	0.00775	0.17309	0.64637	0.02166	0.01767	0.01638	0.01316	0.00625	0.00478	0.00156	0.00401	0.00512	0.00478	0.00757
38	0.00689	0.00462	0.00538	0.00538	0.00549	0.00470	0.00318	0.00712	0.00701	0.00953	0.01464	0.02925	0.01646	0.73108	0.10591	0.00480	0.00535	0.00661	0.02356	0.00303
39	0.00675	0.00493	0.00636	0.00598	0.00714	0.00459	0.00449	0.00919	0.02934	0.01880	0.77106	0.03506	0.05923	0.00962	0.00555	0.00149	0.00226	0.00849	0.00517	0.00450
40	0.00946	0.02439	0.80987	0.01344	0.02041	0.01095	0.01742	0.01493	0.00995	0.01493	0.00846	0.00995	0.00597	0.00448	0.00448	0.00149	0.00697	0.00348	0.00199	0.00697
41	0.00760	0.00543	0.00760	0.00868	0.00977	0.00543	0.00760	0.00977	0.01085	0.01411	0.02496	0.05319	0.02714	0.01303	0.00651	0.00217	0.00434	0.77315	0.00434	0.00434
42	0.01261	0.83713	0.02471	0.00807	0.01210	0.01866	0.00807	0.01412	0.00958	0.01109	0.00656	0.00756	0.00605	0.00403	0.00303	0.00101	0.00504	0.00252	0.00202	0.00605
43	0.01792	0.01321	0.01415	0.01085	0.01462	0.01462	0.00896	0.78916	0.02217	0.02972	0.01132	0.01132	0.00802	0.00566	0.00472	0.00142	0.00519	0.00425	0.00472	0.00802
44	0.01051	0.01064	0.01441	0.01237	0.01244	0.03581	0.01028	0.01155	0.00738	0.01135	0.00622	0.01027	0.00619	0.00816	0.01517	0.00204	0.80386	0.00410	0.00207	0.00517
45	0.00965	0.07335	0.76256	0.01312	0.01991	0.01141	0.01686	0.01488	0.00993	0.01470	0.00835	0.00981	0.00598	0.00445	0.00439	0.00146	0.00685	0.00343	0.00199	0.00691
46	0.00946	0.02439	0.80987	0.01344	0.02041	0.01095	0.01742	0.01493	0.00995	0.01493	0.00846	0.00995	0.00597	0.00448	0.00448	0.00149	0.00697	0.00348	0.00199	0.00697
47	0.01132	0.01084	0.01850	0.13055	0.70604	0.01111	0.01429	0.01416	0.01057	0.01497	0.00881	0.01178	0.00732	0.00427	0.00467	0.00142	0.00569	0.00420	0.00230	0.00718
48	0.00642	0.00482	0.00596	0.00577	0.00698	0.00436	0.00436	0.00836	0.01252	0.01705	0.56961	0.05480	0.23119	0.01045	0.00561	0.00155	0.00236	0.03861	0.00494	0.00432
49	0.00684	0.00514	0.00749	0.00744	0.00816	0.00598	0.00568	0.00833	0.00749	0.01076	0.01270	0.01966	0.01223	0.12255	0.70724	0.00710	0.03336	0.00523	0.00255	0.00409
50	0.01086	0.01253	0.04188	0.03089	0.02311	0.03272	0.67951	0.01456	0.01101	0.01476	0.01067	0.05981	0.00884	0.00481	0.00554	0.00161	0.00755	0.02068	0.00252	0.00615
51	0.02115	0.00802	0.01094	0.00839	0.01204	0.00693	0.00693	0.02298	0.01350	0.80815	0.01860	0.01605	0.01167	0.00584	0.00474	0.00146	0.00401	0.00474	0.00584	0.00802
52	0.00664	0.00482	0.00625	0.00589	0.00702	0.00443	0.00442	0.00883	0.01326	0.01870	0.77706	0.03556	0.06995	0.00972	0.00556	0.00149	0.00223	0.00857	0.00516	0.00443
53	0.00890	0.00838	0.01414	0.82296	0.03247	0.01048	0.01309	0.01205	0.00943	0.01205	0.00838	0.01257	0.00629	0.00471	0.00471	0.00157	0.00629	0.00419	0.00210	0.00524
54	0.00990	0.01077	0.04893	0.02898	0.04691	0.00985	0.49228	0.01313	0.01050	0.01422	0.01278	0.03283	0.01174	0.07903	0.02885	0.00210	0.00697	0.13180	0.00276	0.00567
55	0.01205	0.01012	0.01075	0.00950	0.01219	0.01158	0.00743	0.10106	0.67141	0.02068	0.06538	0.01802	0.01556	0.00652	0.00484	0.00157	0.00379	0.00541	0.00481	0.00734
56	0.01154	0.01275	0.02700	0.01933	0.02404	0.01209	0.74104	0.06153	0.01179	0.01598	0.00965	0.01263	0.00721	0.00408	0.00551	0.00158	0.00778	0.00549	0.00252	0.00646
57	0.00996	0.02372	0.76214	0.01328	0.02006	0.01117	0.01691	0.06137	0.01069	0.01582	0.00863	0.01004	0.00610	0.00455	0.00449	0.00149	0.00686	0.00353	0.00215	0.00703
58	0.00892	0.00833	0.01401	0.73236	0.07159	0.01024	0.01273	0.01196	0.00939	0.01216	0.00866	0.01288	0.00668	0.00653	0.05335	0.00192	0.00663	0.00424	0.00213	0.00529
59	0.00985	0.09135	0.69699	0.01392	0.06677	0.01161	0.01646	0.01484	0.00997	0.01464	0.00833	0.00986	0.00607	0.00443	0.00437	0.00145	0.00673	0.00345	0.00201	0.00692
60	0.02030	0.00782	0.01059	0.00819	0.01162	0.00679	0.00669	0.02201	0.01310	0.76022	0.01838	0.01694	0.01200	0.05553	0.00590	0.00165	0.00405	0.00487	0.00566	0.00771
61	0.01216	0.01034	0.01651	0.10691	0.53818	0.02570	0.01254	0.01469	0.01082	0.10554	0.01213	0.01417	0.05546	0.00508	0.00517	0.00146	0.03877	0.00458	0.00282	0.00696
62	0.01414	0.01710	0.01496	0.01267	0.01526	0.49831	0.16680	0.01595	0.01219	0.01257	0.04091	0.07334	0.02238	0.00755	0.05339	0.00174	0.00787	0.00477	0.00271	0.00539

[dist]
# distance from previous block
# <min> <max>
0	4

[block]
# block no. 3 follows, 54 sequences, length 17
# corresponding to MSA columns:
# 246-262
name=unknown_D
#
# <colnr> <probs for GDERKNQSTAVLIFYWHMCP>
#	G	D	E	R	K	N	Q	S	T	A	V	L	I	F	Y	W	H	M	C	P
0	0.01064	0.01007	0.01707	0.26433	0.53512	0.01070	0.01372	0.01351	0.01035	0.01434	0.00953	0.01402	0.00810	0.00480	0.00477	0.00149	0.00574	0.04269	0.00236	0.00665
1	0.01960	0.01085	0.01135	0.00919	0.01252	0.15394	0.00738	0.02243	0.08888	0.58780	0.01661	0.01483	0.01092	0.00571	0.00466	0.00143	0.00480	0.00449	0.00512	0.00751
2	0.01167	0.01120	0.01914	0.02894	0.80488	0.01120	0.01447	0.01447	0.01074	0.01540	0.00887	0.01167	0.00747	0.00420	0.00467	0.00140	0.00560	0.00420	0.00233	0.00747
3	0.01094	0.02404	0.66548	0.01320	0.01935	0.15677	0.01591	0.01564	0.01057	0.01432	0.00825	0.00969	0.00599	0.00455	0.00444	0.00144	0.00725	0.00340	0.00207	0.00670
4	0.00576	0.00418	0.00540	0.00635	0.00675	0.00386	0.00426	0.00659	0.00913	0.01203	0.02778	0.73387	0.10514	0.03667	0.00646	0.00196	0.00275	0.01289	0.00434	0.00382
5	0.01084	0.01180	0.02382	0.01713	0.02153	0.01104	0.60333	0.01431	0.01067	0.01494	0.00915	0.01205	0.00707	0.00412	0.00573	0.00145	0.05199	0.00498	0.00244	0.16160
6	0.01081	0.00953	0.01462	0.59926	0.10364	0.01130	0.01248	0.15315	0.01186	0.01557	0.00896	0.01226	0.00671	0.00484	0.00471	0.00153	0.00602	0.00420	0.00259	0.00596
7	0.01199	0.01460	0.08671	0.09508	0.06146	0.15696	0.42977	0.01532	0.01126	0.02920	0.00992	0.02674	0.01882	0.00460	0.00510	0.00151	0.00744	0.00492	0.00246	0.00615
8	0.00877	0.00806	0.01337	0.54806	0.15128	0.00939	0.01173	0.01144	0.00956	0.01258	0.01165	0.16083	0.01099	0.00646	0.00494	0.00161	0.00553	0.00586	0.00255	0.00534
9	0.00684	0.00485	0.00642	0.00728	0.00794	0.00474	0.00564	0.00818	0.00957	0.01254	0.02410	0.28623	0.04888	0.16240	0.00950	0.00251	0.00384	0.38054	0.00408	0.00391
10	0.01007	0.21719	0.56407	0.01181	0.01765	0.01239	0.01447	0.01436	0.00993	0.01396	0.00920	0.01252	0.00753	0.00499	0.00428	0.00143	0.00632	0.05910	0.00217	0.00656
11	0.01571	0.01014	0.07128	0.01335	0.15695	0.00883	0.05892	0.07801	0.02375	0.38073	0.01461	0.01576	0.01050	0.00841	0.08293	0.00207	0.00569	0.03089	0.00423	0.00724
12	0.04329	0.01131	0.01277	0.01164	0.09524	0.12209	0.03235	0.15638	0.03708	0.34811	0.07001	0.01475	0.01188	0.00568	0.00469	0.00142	0.00499	0.00460	0.00452	0.00720
13	0.01199	0.01170	0.01696	0.05955	0.56949	0.06961	0.01275	0.01660	0.15328	0.01576	0.01060	0.01255	0.00857	0.00467	0.00466	0.00143	0.00550	0.00432	0.00278	0.00722
14	0.14154	0.05115	0.01521	0.16190	0.36462	0.01058	0.01113	0.01547	0.01054	0.15916	0.01008	0.01182	0.00759	0.00461	0.00434	0.00143	0.00511	0.00397	0.00300	0.00675
15	0.46971	0.01157	0.01085	0.01001	0.06922	0.08902	0.03385	0.17772	0.04236	0.02126	0.00842	0.00939	0.00644	0.00473	0.00372	0.00142	0.00473	0.00329	0.00326	0.01902
16	0.32156	0.00785	0.00849	0.00751	0.02538	0.00792	0.03336	0.03852	0.02573	0.03726	0.08917	0.09501	0.08386	0.00746	0.02653	0.00156	0.00380	0.01489	0.00353	0.16063

[dist]
# distance from previous block
# <min> <max>
33	56

[block]
# block no. 4 follows, 54 sequences, length 36
# corresponding to MSA columns:
# 326-361
name=unknown_E
#
# <colnr> <probs for GDERKNQSTAVLIFYWHMCP>
#	G	D	E	R	K	N	Q	S	T	A	V	L	I	F	Y	W	H	M	C	P
0	0.01485	0.00843	0.01095	0.00880	0.01182	0.00815	0.04819	0.09406	0.14636	0.33927	0.15176	0.03362	0.04408	0.00670	0.00492	0.00146	0.00388	0.00571	0.00502	0.05198
1	0.30671	0.01030	0.01103	0.00961	0.05417	0.01101	0.02327	0.21657	0.10766	0.10370	0.01093	0.01121	0.00802	0.00500	0.00400	0.00139	0.00427	0.00373	0.00386	0.09357
2	0.02918	0.00941	0.01218	0.31552	0.05971	0.05705	0.00941	0.06403	0.02725	0.08163	0.04453	0.02750	0.00976	0.00516	0.00446	0.00133	0.00506	0.02212	0.00308	0.21163
3	0.19810	0.01332	0.01307	0.12215	0.14764	0.19636	0.00956	0.17307	0.05270	0.01843	0.00897	0.01043	0.00694	0.00487	0.00422	0.00141	0.00576	0.00364	0.00306	0.00631
4	0.13358	0.00817	0.01041	0.00810	0.01165	0.00741	0.00669	0.02177	0.01277	0.70362	0.01700	0.01493	0.01080	0.00564	0.00450	0.00146	0.00396	0.00445	0.00545	0.00764
5	0.00716	0.00511	0.00709	0.00818	0.00907	0.00505	0.00683	0.00901	0.01042	0.01362	0.02521	0.23788	0.02810	0.01344	0.00640	0.00211	0.00396	0.59279	0.00435	0.00422
6	0.01167	0.01120	0.01914	0.02894	0.80488	0.01120	0.01447	0.01447	0.01074	0.01540	0.00887	0.01167	0.00747	0.00420	0.00467	0.00140	0.00560	0.00420	0.00233	0.00747
7	0.00574	0.00410	0.00547	0.00657	0.00684	0.00383	0.00438	0.00657	0.00903	0.01204	0.02599	0.83122	0.03119	0.01477	0.00602	0.00191	0.00274	0.01340	0.00438	0.00383
8	0.80900	0.00940	0.00743	0.00652	0.00950	0.01086	0.00537	0.06733	0.00900	0.02175	0.00689	0.00791	0.00531	0.00447	0.00304	0.00146	0.00375	0.00267	0.00304	0.00531
9	0.54876	0.01071	0.00952	0.00790	0.01110	0.03055	0.00649	0.26292	0.01286	0.04830	0.00848	0.00912	0.00627	0.00485	0.00358	0.00144	0.00427	0.00318	0.00357	0.00614
10	0.01104	0.01056	0.01800	0.20946	0.62928	0.01104	0.01416	0.01392	0.01044	0.01464	0.00876	0.01187	0.00720	0.00432	0.00468	0.00144	0.00576	0.00420	0.00228	0.00696
11	0.31085	0.01128	0.01085	0.00888	0.01210	0.04042	0.00723	0.35426	0.09564	0.05962	0.03805	0.01164	0.00902	0.00541	0.00412	0.00145	0.00447	0.00390	0.00409	0.00674
12	0.01112	0.00947	0.01472	0.38488	0.23869	0.01073	0.01200	0.01561	0.13517	0.07639	0.01096	0.01332	0.00832	0.00505	0.00508	0.00154	0.03324	0.00442	0.00288	0.00642
13	0.01261	0.83713	0.02471	0.00807	0.01210	0.01866	0.00807	0.01412	0.00958	0.01109	0.00656	0.00756	0.00605	0.00403	0.00303	0.00101	0.00504	0.00252	0.00202	0.00605
14	0.00923	0.00576	0.00732	0.00657	0.00822	0.00544	0.00505	0.01233	0.08153	0.13653	0.58850	0.03121	0.06576	0.00888	0.00537	0.00149	0.00263	0.00774	0.00522	0.00523
15	0.01151	0.55359	0.29863	0.00994	0.01500	0.01597	0.01133	0.01440	0.00971	0.01243	0.00722	0.00840	0.00602	0.00419	0.00353	0.00118	0.00571	0.00286	0.00201	0.00637
16	0.01689	0.01260	0.01351	0.01058	0.01413	0.01398	0.00866	0.68400	0.10349	0.02811	0.01261	0.03764	0.00942	0.00602	0.00477	0.00145	0.00496	0.00465	0.00471	0.00783
17	0.00686	0.00457	0.00514	0.00514	0.00514	0.00457	0.00286	0.00686	0.00686	0.00914	0.01486	0.03086	0.01714	0.83430	0.02400	0.00457	0.00457	0.00686	0.00286	0.00286
18	0.00667	0.00482	0.00630	0.00593	0.00704	0.00445	0.00445	0.00890	0.01335	0.01891	0.80239	0.03522	0.04449	0.00964	0.00556	0.00148	0.00222	0.00853	0.00519	0.00445
19	0.01377	0.61727	0.04581	0.00889	0.01295	0.01747	0.00856	0.19797	0.01258	0.01563	0.00774	0.00853	0.00652	0.00443	0.00347	0.00112	0.00513	0.00296	0.00266	0.00655
20	0.01060	0.01169	0.02458	0.21036	0.02650	0.01158	0.60402	0.01438	0.01073	0.01438	0.00926	0.01268	0.00695	0.00415	0.00536	0.00159	0.00755	0.00524	0.00232	0.00609
21	0.00574	0.00410	0.00547	0.00657	0.00684	0.00383	0.00438	0.00657	0.00903	0.01204	0.02599	0.83122	0.03119	0.01477	0.00602	0.00191	0.00274	0.01340	0.00438	0.00383
22	0.01169	0.01069	0.01729	0.17492	0.57648	0.03486	0.01341	0.01444	0.01078	0.05491	0.02951	0.01257	0.00837	0.00454	0.00469	0.00143	0.00565	0.00430	0.00254	0.00694
23	0.01547	0.01645	0.21350	0.01249	0.05610	0.06100	0.01137	0.51049	0.01801	0.02421	0.01024	0.01083	0.00736	0.00524	0.00463	0.00142	0.00585	0.00398	0.00378	0.00758
24	0.00946	0.02439	0.80987	0.01344	0.02041	0.01095	0.01742	0.01493	0.00995	0.01493	0.00846	0.00995	0.00597	0.00448	0.00448	0.00149	0.00697	0.00348	0.00199	0.00697
25	0.86760	0.00912	0.00693	0.00620	0.00912	0.01058	0.00511	0.01386	0.00802	0.02115	0.00657	0.00766	0.00511	0.00438	0.00292	0.00146	0.00365	0.00255	0.00292	0.00511
26	0.01020	0.21716	0.62363	0.01216	0.01844	0.01278	0.01520	0.01474	0.00987	0.01402	0.00801	0.00939	0.00599	0.00437	0.00413	0.00138	0.00651	0.00326	0.00200	0.00675
27	0.01274	0.01324	0.01317	0.03594	0.24246	0.26857	0.00948	0.02798	0.08078	0.03525	0.13558	0.01642	0.04882	0.00586	0.00469	0.00136	0.00560	0.00483	0.00325	0.03398
28	0.03632	0.00556	0.00682	0.00622	0.00781	0.00521	0.00476	0.01107	0.05140	0.10294	0.54776	0.03282	0.14472	0.00922	0.00535	0.00150	0.00256	0.00797	0.00505	0.00494
29	0.01272	0.00757	0.00956	0.00799	0.01051	0.00738	0.02827	0.06874	0.13246	0.25769	0.22469	0.02509	0.12551	0.00776	0.00528	0.00151	0.01791	0.01875	0.00498	0.02563
30	0.01501	0.01108	0.01138	0.00983	0.03606	0.10510	0.00754	0.21904	0.15785	0.18245	0.04226	0.05745	0.06135	0.00655	0.00476	0.00143	0.00459	0.00527	0.00449	0.05650
31	0.06387	0.00924	0.01027	0.00857	0.01137	0.07508	0.03441	0.07171	0.09437	0.20028	0.06608	0.15471	0.01531	0.00701	0.00468	0.00140	0.00414	0.00591	0.00424	0.15733
32	0.01292	0.00934	0.01049	0.00847	0.01157	0.06478	0.02642	0.06893	0.14085	0.17703	0.13867	0.03976	0.01578	0.00599	0.00455	0.00127	0.00400	0.00500	0.00425	0.24994
33	0.01150	0.00936	0.01173	0.01139	0.11445	0.07467	0.05984	0.04751	0.05318	0.10808	0.07451	0.15714	0.03761	0.00692	0.00477	0.00136	0.00437	0.00609	0.00372	0.20180
34	0.01451	0.01062	0.01110	0.00906	0.01204	0.13906	0.03622	0.09598	0.07319	0.23442	0.12340	0.04565	0.03811	0.00631	0.00470	0.00134	0.00458	0.00519	0.00434	0.13018
35	0.05624	0.03801	0.03529	0.00984	0.03506	0.06902	0.00792	0.17400	0.13101	0.29131	0.01574	0.03065	0.04149	0.00603	0.00482	0.00145	0.02173	0.00471	0.00452	0.02118

[dist]
# distance from previous block
# <min> <max>
2	21

[block]
# block no. 5 follows, 54 sequences, length 53
# corresponding to MSA columns:
# 383-435
name=unknown_F
#
# <colnr> <probs for GDERKNQSTAVLIFYWHMCP>
#	G	D	E	R	K	N	Q	S	T	A	V	L	I	F	Y	W	H	M	C	P
0	0.01290	0.00877	0.01077	0.00930	0.05101	0.00843	0.01592	0.07747	0.17362	0.18893	0.08706	0.01713	0.05376	0.00592	0.00480	0.00130	0.02436	0.00487	0.00427	0.23940
1	0.01202	0.03113	0.02756	0.01049	0.01369	0.03523	0.15791	0.19804	0.05399	0.06910	0.10519	0.05579	0.12193	0.00682	0.00499	0.00144	0.00474	0.00603	0.00398	0.07994
2	0.01160	0.19283	0.01394	0.01060	0.10962	0.06112	0.00768	0.11885	0.03433	0.04458	0.03185	0.05647	0.17120	0.00684	0.00473	0.00134	0.02376	0.01622	0.00341	0.07902
3	0.00997	0.00767	0.02906	0.00818	0.02875	0.00717	0.04357	0.06711	0.13853	0.10356	0.16880	0.02926	0.27251	0.03485	0.00581	0.00163	0.00351	0.01565	0.00450	0.01989
4	0.01323	0.16905	0.02918	0.02448	0.01307	0.30209	0.00865	0.04998	0.01133	0.01306	0.05791	0.01214	0.04059	0.00593	0.00647	0.00137	0.17641	0.00385	0.00264	0.05855
5	0.01064	0.01023	0.03320	0.02873	0.04532	0.07030	0.07081	0.01692	0.30603	0.02683	0.05472	0.02238	0.07085	0.05438	0.00711	0.00182	0.07842	0.08154	0.00379	0.00600
6	0.01090	0.21968	0.42162	0.01457	0.15836	0.04212	0.01385	0.01467	0.01013	0.01404	0.00825	0.00987	0.00646	0.00437	0.00411	0.00134	0.00616	0.00339	0.02943	0.00670
7	0.04741	0.38669	0.07446	0.00869	0.01258	0.04764	0.00813	0.12427	0.02284	0.01539	0.00903	0.05637	0.00802	0.00490	0.00370	0.00113	0.00486	0.00358	0.00277	0.15755
8	0.00647	0.00481	0.00601	0.00571	0.00692	0.00436	0.00429	0.00850	0.01286	0.01774	0.65999	0.03714	0.18762	0.01007	0.00556	0.00150	0.00226	0.00880	0.00504	0.00436
9	0.01013	0.01006	0.01409	0.01214	0.01217	0.01401	0.01008	0.01118	0.00727	0.01135	0.00674	0.02631	0.00682	0.00910	0.03674	0.00221	0.78805	0.00433	0.00212	0.00511
10	0.00573	0.00414	0.00543	0.00645	0.00681	0.00384	0.00433	0.00658	0.00913	0.01208	0.02733	0.78272	0.07882	0.01460	0.00599	0.00189	0.00271	0.01319	0.00438	0.00384
11	0.00982	0.00932	0.01575	0.55313	0.27941	0.01078	0.01348	0.01281	0.00980	0.01311	0.00849	0.01224	0.00666	0.00462	0.00491	0.00153	0.02183	0.00419	0.00217	0.00595
12	0.00894	0.00851	0.01558	0.01322	0.06339	0.00818	0.31174	0.02522	0.01044	0.01400	0.05670	0.11752	0.08110	0.12458	0.00844	0.00211	0.02005	0.10192	0.00326	0.00511
13	0.00946	0.02439	0.80987	0.01344	0.02041	0.01095	0.01742	0.01493	0.00995	0.01493	0.00846	0.00995	0.00597	0.00448	0.00448	0.00149	0.00697	0.00348	0.00199	0.00697
14	0.01043	0.27503	0.56773	0.01178	0.01785	0.01333	0.01454	0.01468	0.00984	0.01375	0.00787	0.00922	0.00600	0.00434	0.00403	0.00134	0.00637	0.00319	0.00200	0.00669
15	0.01057	0.01009	0.01716	0.34334	0.49904	0.01091	0.01393	0.01351	0.01022	0.01407	0.00868	0.01203	0.00700	0.00440	0.00469	0.00147	0.00587	0.00420	0.00224	0.00659
16	0.00577	0.00415	0.00547	0.00648	0.00683	0.00386	0.00435	0.00665	0.00923	0.01228	0.05157	0.77560	0.06132	0.01450	0.00599	0.00189	0.00271	0.01312	0.00440	0.00386
17	0.01152	0.01228	0.00949	0.00874	0.01068	0.30681	0.00664	0.03070	0.11904	0.01551	0.25800	0.02431	0.13253	0.00775	0.00498	0.00143	0.00490	0.02548	0.00397	0.00524
18	0.00747	0.00501	0.00648	0.00627	0.00742	0.00465	0.00464	0.00964	0.03276	0.06604	0.55163	0.19586	0.06314	0.01044	0.00558	0.00158	0.00248	0.00925	0.00503	0.00461
19	0.00920	0.00833	0.01306	0.54715	0.05603	0.00976	0.03187	0.04847	0.05683	0.01422	0.08516	0.01737	0.07142	0.00582	0.00488	0.00155	0.00543	0.00514	0.00285	0.00545
20	0.00801	0.00512	0.00638	0.00625	0.00765	0.00459	0.00476	0.00962	0.01159	0.11041	0.27347	0.18091	0.26203	0.01110	0.00563	0.00165	0.00277	0.07865	0.00480	0.00462
21	0.78252	0.00924	0.00747	0.02718	0.00994	0.01068	0.00548	0.05613	0.00881	0.02116	0.00703	0.00844	0.00553	0.02061	0.00347	0.00152	0.00382	0.00277	0.00299	0.00523
22	0.00906	0.00860	0.01462	0.76662	0.05139	0.01061	0.03275	0.01217	0.00946	0.01220	0.00838	0.01251	0.00634	0.00475	0.00495	0.00158	0.02237	0.00422	0.00211	0.00532
23	0.01259	0.79086	0.05376	0.00835	0.01246	0.03399	0.00844	0.01424	0.00967	0.01125	0.00664	0.00767	0.00605	0.00407	0.00310	0.00103	0.00518	0.00257	0.00202	0.00607
24	0.86760	0.00912	0.00693	0.00620	0.00912	0.01058	0.00511	0.01386	0.00802	0.02115	0.00657	0.00766	0.00511	0.00438	0.00292	0.00146	0.00365	0.00255	0.00292	0.00511
25	0.73045	0.12597	0.00952	0.00651	0.00960	0.01165	0.00556	0.01407	0.00835	0.03505	0.00680	0.00781	0.00537	0.00436	0.00297	0.00140	0.00385	0.00259	0.00285	0.00530
