[name]
unknown

[dist]
# distance from previous block
# <min> <max>
19	429

[block]
# block no. 0 follows, 64 sequences, length 45
# corresponding to MSA columns:
# 535-579
name=unknown_A
#
# <colnr> <probs for GDERKNQSTAVLIFYWHMCP>
#	G	D	E	R	K	N	Q	S	T	A	V	L	I	F	Y	W	H	M	C	P
0	0.07944	0.09317	0.11489	0.02910	0.01189	0.02747	0.06752	0.02129	0.01797	0.05761	0.02829	0.06216	0.01899	0.00515	0.02622	0.00118	0.00425	0.00368	0.00259	0.32712
1	0.01002	0.07082	0.02960	0.02978	0.01163	0.04071	0.09194	0.05142	0.06184	0.08874	0.05554	0.06412	0.03252	0.00562	0.02660	0.00122	0.01357	0.00421	0.00300	0.30711
2	0.01010	0.08029	0.17815	0.00853	0.02917	0.03928	0.03085	0.05021	0.04985	0.10442	0.07485	0.03992	0.04570	0.00516	0.00417	0.02321	0.00413	0.00403	0.00295	0.21503
3	0.05054	0.03955	0.03548	0.00727	0.00996	0.04179	0.02100	0.06102	0.08045	0.11537	0.09640	0.03678	0.05397	0.01733	0.00470	0.01493	0.04062	0.00422	0.00328	0.26533
4	0.07579	0.05333	0.21652	0.10487	0.01508	0.04126	0.07311	0.04393	0.13306	0.08619	0.03154	0.03263	0.00888	0.00481	0.00401	0.00130	0.00478	0.02322	0.00284	0.04285
5	0.35512	0.00933	0.01135	0.05017	0.07309	0.01017	0.10887	0.17689	0.08022	0.01824	0.00824	0.00933	0.00626	0.00420	0.00370	0.00128	0.01549	0.00331	0.00289	0.05187
6	0.01058	0.00909	0.00944	0.00845	0.01075	0.02852	0.00656	0.07990	0.70135	0.01752	0.01647	0.05795	0.01286	0.00594	0.00427	0.00140	0.00343	0.00495	0.00416	0.00641
7	0.00940	0.00956	0.01289	0.01099	0.01127	0.04481	0.03044	0.01075	0.03395	0.01034	0.00595	0.00930	0.00571	0.00700	0.01270	0.00176	0.76296	0.00367	0.00192	0.00465
8	0.00524	0.00422	0.00466	0.00455	0.00581	0.00365	0.00341	0.00659	0.01024	0.01306	0.30662	0.03696	0.56074	0.00984	0.00491	0.00137	0.00206	0.00834	0.00410	0.00365
9	0.09285	0.01122	0.01157	0.00915	0.01218	0.03834	0.00749	0.61484	0.09918	0.02366	0.01007	0.01014	0.00731	0.00499	0.00426	0.00128	0.02726	0.00367	0.00389	0.00664
10	0.01020	0.00850	0.00911	0.14601	0.01219	0.12403	0.02390	0.12558	0.01035	0.02559	0.01007	0.01221	0.00797	0.00646	0.05527	0.00153	0.08011	0.00370	0.32251	0.00471
11	0.00506	0.00361	0.00482	0.00578	0.00602	0.00337	0.00386	0.00578	0.00795	0.01060	0.02289	0.85131	0.02747	0.01301	0.00530	0.00169	0.00241	0.01181	0.00386	0.00337
12	0.00603	0.00451	0.00652	0.00648	0.00710	0.00521	0.00491	0.00729	0.00658	0.00943	0.01126	0.01766	0.01092	0.14602	0.70263	0.00618	0.03079	0.00465	0.00226	0.00356
13	0.00861	0.00738	0.00861	0.00615	0.00984	0.00554	0.00492	0.01046	0.00861	0.01354	0.00738	0.00861	0.00615	0.00308	0.00308	0.00062	0.00308	0.00246	0.00246	0.87941
14	0.00833	0.02149	0.83250	0.01184	0.01798	0.00965	0.01535	0.01315	0.00877	0.01315	0.00745	0.00877	0.00526	0.00395	0.00395	0.00132	0.00614	0.00307	0.00175	0.00614
15	0.00498	0.00411	0.00438	0.00453	0.00571	0.00350	0.00331	0.00602	0.00932	0.01138	0.07761	0.17843	0.65067	0.01085	0.00498	0.00145	0.00215	0.00923	0.00389	0.00350
16	0.00506	0.00361	0.00482	0.00578	0.00602	0.00337	0.00386	0.00578	0.00795	0.01060	0.02289	0.85131	0.02747	0.01301	0.00530	0.00169	0.00241	0.01181	0.00386	0.00337
17	0.01649	0.00960	0.14282	0.00822	0.01186	0.00705	0.00767	0.03849	0.05152	0.63892	0.01481	0.01324	0.00951	0.00497	0.00414	0.00130	0.00397	0.00401	0.00452	0.00689
18	0.00586	0.00471	0.00679	0.00694	0.00770	0.00466	0.05645	0.00702	0.00845	0.01113	0.02338	0.50068	0.13405	0.01145	0.00581	0.00167	0.05476	0.14119	0.00361	0.00368
19	0.00491	0.00421	0.00421	0.00421	0.00561	0.00351	0.00316	0.00596	0.00947	0.01122	0.04208	0.03997	0.82643	0.01052	0.00491	0.00140	0.00210	0.00877	0.00386	0.00351
20	0.00604	0.00403	0.00453	0.00453	0.00453	0.00403	0.00252	0.00604	0.00604	0.00805	0.01309	0.02718	0.01510	0.85402	0.02114	0.00403	0.00403	0.00604	0.00252	0.00252
21	0.09329	0.05633	0.14729	0.00976	0.01352	0.01197	0.04589	0.51655	0.01546	0.03705	0.00901	0.00945	0.00647	0.00457	0.00393	0.00125	0.00479	0.00348	0.00342	0.00652
22	0.00756	0.00663	0.00963	0.09414	0.16566	0.04310	0.00755	0.00924	0.00762	0.01053	0.00985	0.01464	0.00901	0.02012	0.48219	0.02710	0.04449	0.02440	0.00216	0.00438
23	0.00506	0.00361	0.00482	0.00578	0.00602	0.00337	0.00386	0.00578	0.00795	0.01060	0.02289	0.85131	0.02747	0.01301	0.00530	0.00169	0.00241	0.01181	0.00386	0.00337
24	0.03239	0.27186	0.25111	0.00870	0.01285	0.04154	0.00911	0.10940	0.02754	0.03973	0.00772	0.00856	0.00602	0.00391	0.00340	0.00105	0.00473	0.00284	0.01453	0.14303
25	0.00588	0.00425	0.00555	0.00523	0.00621	0.00392	0.00392	0.00784	0.01176	0.01666	0.82592	0.03103	0.03919	0.00849	0.00490	0.00131	0.00196	0.00751	0.00457	0.00392
26	0.00886	0.00786	0.01282	0.62607	0.11061	0.00919	0.03110	0.05316	0.00916	0.03323	0.00799	0.01107	0.00602	0.00415	0.00411	0.00133	0.00524	0.00371	0.02556	0.02876
27	0.04030	0.82812	0.02124	0.00705	0.01057	0.01620	0.00702	0.01243	0.00839	0.01007	0.00577	0.00667	0.00530	0.00356	0.00266	0.00090	0.00440	0.00222	0.00180	0.00530
28	0.00887	0.00830	0.01395	0.24932	0.49144	0.00878	0.01116	0.01118	0.00893	0.01234	0.00981	0.12850	0.00922	0.00513	0.00429	0.00134	0.00475	0.00484	0.00225	0.00559
29	0.88336	0.00803	0.00611	0.00546	0.00803	0.00932	0.00450	0.01221	0.00707	0.01864	0.00578	0.00675	0.00450	0.00386	0.00257	0.00129	0.00321	0.00225	0.00257	0.00450
30	0.00823	0.00780	0.01244	0.80285	0.02783	0.02996	0.01136	0.03042	0.00867	0.01098	0.00742	0.01096	0.00557	0.00418	0.00414	0.00137	0.00556	0.00367	0.00191	0.00468
31	0.01744	0.00690	0.00932	0.00723	0.01025	0.00603	0.00594	0.03322	0.01201	0.74333	0.08921	0.01559	0.01283	0.00544	0.00424	0.00129	0.00341	0.00447	0.00507	0.00679
32	0.01864	0.00707	0.00964	0.00739	0.01060	0.00611	0.00611	0.02024	0.01189	0.83099	0.01639	0.01414	0.01028	0.00514	0.00418	0.00129	0.00353	0.00418	0.00514	0.00707
33	0.00974	0.01108	0.02411	0.04521	0.02194	0.01046	0.78617	0.01322	0.00975	0.01322	0.00837	0.01120	0.00628	0.00352	0.00488	0.00140	0.00695	0.00486	0.00209	0.00557
34	0.00609	0.00447	0.00573	0.00538	0.00642	0.00422	0.00404	0.00851	0.05005	0.01669	0.78762	0.03029	0.03794	0.00836	0.00487	0.00131	0.00202	0.00738	0.00456	0.00404
35	0.00774	0.00387	0.00387	0.00387	0.00484	0.00387	0.00290	0.00968	0.00871	0.01549	0.01355	0.01549	0.01065	0.00484	0.00290	0.00097	0.00194	0.00387	0.87708	0.00387
36	0.01013	0.00845	0.01025	0.09193	0.01264	0.00954	0.04409	0.09876	0.46709	0.03494	0.12992	0.01632	0.01465	0.00576	0.00457	0.00138	0.02485	0.00487	0.00389	0.00597
37	0.01621	0.00763	0.00969	0.02208	0.01092	0.00732	0.00632	0.09442	0.13619	0.57210	0.06002	0.01483	0.01185	0.00537	0.00422	0.00130	0.00354	0.00439	0.00482	0.00678
38	0.00722	0.00361	0.00541	0.00541	0.00541	0.00361	0.00361	0.00541	0.00541	0.00722	0.00722	0.01263	0.00722	0.01443	0.01623	0.87915	0.00361	0.00361	0.00180	0.00180
39	0.03018	0.00740	0.01230	0.82264	0.02808	0.00923	0.01136	0.01065	0.00827	0.01082	0.00734	0.01096	0.00551	0.00415	0.00411	0.00138	0.00548	0.00365	0.00186	0.00461
40	0.01074	0.74661	0.12848	0.00773	0.01162	0.01554	0.00819	0.01253	0.00848	0.01022	0.00600	0.00694	0.00532	0.00361	0.00283	0.00094	0.00467	0.00233	0.00177	0.00544
41	0.01727	0.00677	0.00917	0.00713	0.01012	0.00586	0.00585	0.01889	0.01180	0.74566	0.07628	0.01619	0.03817	0.00556	0.00425	0.00129	0.00337	0.00457	0.00506	0.00673
42	0.01766	0.00761	0.00979	0.00755	0.01067	0.00704	0.00622	0.14183	0.01291	0.66694	0.01526	0.01356	0.00981	0.00510	0.00411	0.00126	0.00361	0.00409	0.04806	0.00691
43	0.00658	0.08961	0.00860	0.00696	0.00805	0.00640	0.02567	0.00801	0.00690	0.00968	0.01042	0.01513	0.00969	0.02725	0.71101	0.02964	0.01015	0.00422	0.00217	0.00387
44	0.01054	0.02090	0.02971	0.13470	0.01408	0.03878	0.05501	0.11006	0.03507	0.09618	0.00901	0.02308	0.00738	0.00903	0.11665	0.00218	0.27585	0.00398	0.00263	0.00517

[dist]
# distance from previous block
# <min> <max>
0	19

[block]
# block no. 1 follows, 64 sequences, length 18
# corresponding to MSA columns:
# 599-616
name=unknown_B
#
# <colnr> <probs for GDERKNQSTAVLIFYWHMCP>
#	G	D	E	R	K	N	Q	S	T	A	V	L	I	F	Y	W	H	M	C	P
0	0.00938	0.00896	0.01524	0.32642	0.53419	0.00963	0.01230	0.01196	0.00903	0.01248	0.00765	0.01057	0.00620	0.00387	0.00413	0.00129	0.00516	0.00370	0.00198	0.00586
1	0.01521	0.01108	0.01185	0.00915	0.01230	0.01224	0.00754	0.75661	0.01875	0.02541	0.01023	0.01037	0.00732	0.00498	0.00407	0.00123	0.00438	0.00375	0.06671	0.00684
2	0.00636	0.00433	0.00558	0.00521	0.00629	0.00398	0.00393	0.00828	0.01157	0.04505	0.73856	0.03017	0.06562	0.00831	0.00480	0.00130	0.00202	0.00730	0.03732	0.00401
3	0.00722	0.00361	0.00541	0.00541	0.00541	0.00361	0.00361	0.00541	0.00541	0.00722	0.00722	0.01263	0.00722	0.01443	0.01623	0.87915	0.00361	0.00361	0.00180	0.00180
4	0.00825	0.00780	0.01319	0.70768	0.16179	0.00934	0.01174	0.01097	0.00850	0.01111	0.00745	0.01094	0.00571	0.00408	0.00415	0.00136	0.00544	0.00369	0.00188	0.00494
5	0.83329	0.03040	0.00669	0.00567	0.00825	0.03571	0.00468	0.01235	0.00725	0.01814	0.00580	0.00677	0.00455	0.00386	0.00261	0.00127	0.00338	0.00226	0.00254	0.00453
6	0.00673	0.00459	0.00589	0.00544	0.00661	0.00428	0.00412	0.00903	0.04414	0.06125	0.72406	0.02976	0.06158	0.00826	0.00483	0.00131	0.00210	0.00726	0.00457	0.00419
7	0.00820	0.01943	0.71776	0.01147	0.01697	0.00928	0.04142	0.01265	0.00899	0.01337	0.07436	0.01068	0.00808	0.00438	0.00429	0.00133	0.02594	0.00351	0.00200	0.00590
8	0.01852	0.00726	0.00976	0.00748	0.01070	0.00639	0.00618	0.05331	0.01221	0.79747	0.01612	0.01396	0.01015	0.00513	0.00418	0.00128	0.00358	0.00416	0.00510	0.00707
9	0.01051	0.00909	0.01494	0.24244	0.51436	0.00957	0.01170	0.05242	0.00983	0.07282	0.00843	0.01076	0.00659	0.00399	0.00413	0.00128	0.00498	0.00373	0.00233	0.00611
10	0.00504	0.00369	0.00474	0.00557	0.00597	0.00339	0.00376	0.00581	0.00816	0.01069	0.02546	0.74274	0.13439	0.01268	0.00525	0.00165	0.00237	0.01140	0.00386	0.00339
11	0.00925	0.07593	0.01344	0.01061	0.01089	0.01302	0.00893	0.01019	0.00653	0.00998	0.00548	0.00890	0.00544	0.00698	0.01277	0.00174	0.78001	0.00352	0.00181	0.00461
12	0.00528	0.00377	0.00507	0.00603	0.00637	0.00356	0.00424	0.00616	0.00817	0.01085	0.02277	0.74366	0.02700	0.01281	0.00536	0.00172	0.00260	0.11730	0.00385	0.00343
13	0.00825	0.00759	0.01281	0.63179	0.14318	0.00894	0.03676	0.01094	0.00855	0.01152	0.00796	0.01131	0.00612	0.00412	0.00407	0.00133	0.00521	0.00375	0.07092	0.00487
14	0.00859	0.00823	0.01423	0.58567	0.23984	0.00946	0.05235	0.01131	0.00869	0.01153	0.00755	0.01087	0.00585	0.00400	0.00418	0.00135	0.00545	0.00376	0.00191	0.00518
15	0.01329	0.00986	0.01330	0.01073	0.05424	0.01022	0.11752	0.32861	0.03115	0.14256	0.00995	0.01062	0.00725	0.00470	0.00504	0.00124	0.08779	0.00379	0.00344	0.13471
16	0.01554	0.01293	0.01096	0.00906	0.01177	0.30602	0.00716	0.28061	0.01418	0.19663	0.03640	0.01087	0.00832	0.00484	0.00397	0.00117	0.00517	0.00356	0.03865	0.02218
17	0.02322	0.00821	0.00993	0.00754	0.01061	0.00770	0.02358	0.10860	0.05131	0.05987	0.02032	0.00984	0.00720	0.00415	0.00464	0.00095	0.10372	0.00309	0.00285	0.53270

[dist]
# distance from previous block
# <min> <max>
0	10

[block]
# block no. 2 follows, 64 sequences, length 20
# corresponding to MSA columns:
# 627-646
name=unknown_C
#
# <colnr> <probs for GDERKNQSTAVLIFYWHMCP>
#	G	D	E	R	K	N	Q	S	T	A	V	L	I	F	Y	W	H	M	C	P
0	0.02972	0.00848	0.00949	0.00764	0.01027	0.03826	0.00614	0.24885	0.07879	0.20282	0.19113	0.01568	0.01508	0.00563	0.00431	0.00122	0.01666	0.00454	0.00415	0.10113
1	0.00538	0.00386	0.00507	0.00571	0.00616	0.00362	0.00399	0.00641	0.00876	0.01182	0.18224	0.57296	0.04613	0.05404	0.00604	0.00174	0.00249	0.06618	0.00393	0.00347
2	0.00594	0.00403	0.00477	0.00486	0.00495	0.00408	0.00291	0.00615	0.00628	0.00845	0.01380	0.10202	0.01577	0.69509	0.10051	0.00407	0.00458	0.00641	0.00261	0.00271
3	0.03753	0.01090	0.07046	0.01016	0.01306	0.09909	0.12160	0.09105	0.08375	0.26230	0.01117	0.02258	0.00810	0.00507	0.00542	0.00135	0.11610	0.00399	0.00339	0.02295
4	0.09462	0.01026	0.01073	0.00842	0.01136	0.01134	0.00691	0.63239	0.01693	0.02405	0.01007	0.01042	0.00731	0.00486	0.00384	0.00121	0.00409	0.00362	0.12118	0.00640
5	0.00511	0.00371	0.00484	0.00571	0.00609	0.00344	0.00390	0.00591	0.00815	0.01073	0.02463	0.74572	0.10093	0.01272	0.00528	0.00167	0.00244	0.04177	0.00385	0.00340
6	0.02593	0.00704	0.06929	0.00821	0.06650	0.02914	0.03535	0.01061	0.01077	0.12287	0.41664	0.10015	0.02585	0.00754	0.00468	0.00136	0.00319	0.04620	0.00396	0.00473
7	0.00894	0.00853	0.01484	0.43185	0.34707	0.00940	0.06828	0.01149	0.00878	0.01188	0.00762	0.01082	0.00606	0.00425	0.00457	0.02919	0.00534	0.00378	0.00195	0.00538
8	0.00784	0.00738	0.01246	0.84404	0.02861	0.00923	0.01154	0.01061	0.00831	0.01061	0.00738	0.01107	0.00554	0.00415	0.00415	0.00138	0.00554	0.00369	0.00185	0.00461
9	0.88336	0.00803	0.00611	0.00546	0.00803	0.00932	0.00450	0.01221	0.00707	0.01864	0.00578	0.00675	0.00450	0.00386	0.00257	0.00129	0.00321	0.00225	0.00257	0.00450
10	0.00517	0.00420	0.00457	0.00452	0.00578	0.00361	0.00337	0.00644	0.01002	0.01262	0.24525	0.06023	0.59961	0.01006	0.00492	0.00139	0.00207	0.00853	0.00404	0.00361
11	0.00938	0.00895	0.01523	0.32950	0.53118	0.00963	0.01230	0.01195	0.00903	0.01247	0.00765	0.01058	0.00619	0.00387	0.00413	0.00129	0.00516	0.00370	0.00198	0.00585
12	0.00895	0.00860	0.01466	0.44704	0.34517	0.00970	0.04102	0.01153	0.00872	0.01185	0.00749	0.01066	0.00597	0.00411	0.00464	0.00135	0.04744	0.00374	0.00194	0.00543
13	0.00568	0.00417	0.00532	0.00518	0.00612	0.00381	0.00383	0.00740	0.01107	0.01537	0.64825	0.12775	0.12212	0.00924	0.00495	0.00136	0.00203	0.00815	0.00441	0.00381
14	0.00962	0.01085	0.02340	0.09364	0.02234	0.01039	0.73920	0.01306	0.00967	0.01306	0.00831	0.01119	0.00623	0.00356	0.00483	0.00140	0.00687	0.00479	0.00208	0.00551
15	0.00561	0.00424	0.00517	0.00494	0.00604	0.00380	0.00370	0.00731	0.01111	0.01513	0.60509	0.03355	0.26098	0.00906	0.00490	0.00133	0.00200	0.00787	0.00437	0.00380
16	0.00506	0.00361	0.00482	0.00578	0.00602	0.00337	0.00386	0.00578	0.00795	0.01060	0.02289	0.85131	0.02747	0.01301	0.00530	0.00169	0.00241	0.01181	0.00386	0.00337
17	0.01579	0.01163	0.01247	0.00956	0.01288	0.01288	0.00789	0.81426	0.01953	0.02618	0.00997	0.00997	0.00706	0.00499	0.00416	0.00125	0.00457	0.00374	0.00416	0.00706
18	0.00603	0.00434	0.00553	0.00605	0.00662	0.00421	0.00424	0.06781	0.00923	0.01241	0.10186	0.66244	0.02673	0.02816	0.00549	0.00167	0.00261	0.03693	0.00392	0.00371
19	0.00888	0.00809	0.01276	0.62549	0.12145	0.00964	0.01105	0.06838	0.06967	0.01257	0.00833	0.01123	0.00630	0.00427	0.00415	0.00136	0.00523	0.00377	0.00221	0.00517

[dist]
# distance from previous block
# <min> <max>
1	5

[block]
# block no. 3 follows, 64 sequences, length 34
# corresponding to MSA columns:
# 652-685
name=unknown_D
#
# <colnr> <probs for GDERKNQSTAVLIFYWHMCP>
#	G	D	E	R	K	N	Q	S	T	A	V	L	I	F	Y	W	H	M	C	P
0	0.33843	0.00918	0.00910	0.00745	0.01015	0.01029	0.00611	0.32568	0.06971	0.07456	0.00943	0.00979	0.00692	0.00468	0.00378	0.00127	0.02994	0.00329	0.06447	0.00577
1	0.00505	0.00366	0.00478	0.00567	0.00600	0.00338	0.00381	0.00580	0.00806	0.01065	0.02426	0.79351	0.08439	0.01284	0.00527	0.00167	0.00239	0.01159	0.00386	0.00338
2	0.15951	0.00838	0.01227	0.45743	0.18820	0.00970	0.01025	0.08265	0.00933	0.01398	0.00743	0.01007	0.00571	0.00408	0.00387	0.00132	0.00493	0.00345	0.00222	0.00522
3	0.01090	0.69481	0.11633	0.00820	0.01208	0.01508	0.04922	0.01276	0.00863	0.03062	0.00637	0.00733	0.00549	0.00364	0.00297	0.00097	0.00475	0.00251	0.00187	0.00548
4	0.00697	0.00444	0.00575	0.00543	0.00657	0.00403	0.00407	0.00864	0.01105	0.09721	0.56796	0.14272	0.10130	0.00895	0.00488	0.00136	0.00219	0.00787	0.00447	0.00413
5	0.00559	0.00411	0.00515	0.00519	0.00602	0.00377	0.00376	0.00703	0.01022	0.01394	0.47099	0.19880	0.15971	0.06209	0.00601	0.00158	0.00224	0.02597	0.00417	0.00365
6	0.00995	0.00883	0.01499	0.15387	0.16357	0.02136	0.22593	0.05249	0.05427	0.07619	0.05723	0.08532	0.01081	0.00530	0.00479	0.00139	0.02982	0.01559	0.00281	0.00550
7	0.69946	0.00919	0.00718	0.00627	0.00889	0.08377	0.00510	0.05050	0.00844	0.07972	0.00684	0.00752	0.00513	0.00404	0.00287	0.00126	0.00369	0.00250	0.00280	0.00484
8	0.00541	0.00411	0.00498	0.00502	0.00598	0.00368	0.00367	0.00684	0.01027	0.01373	0.41838	0.19828	0.28447	0.01004	0.00498	0.00141	0.00210	0.00877	0.00420	0.00368
9	0.00880	0.00779	0.00918	0.06328	0.01127	0.02318	0.00572	0.01106	0.04298	0.01325	0.00767	0.00907	0.00634	0.00350	0.00375	0.00077	0.04643	0.00270	0.00245	0.72081
10	0.11230	0.05914	0.02281	0.01118	0.09990	0.50862	0.00797	0.02714	0.01085	0.08055	0.00759	0.01992	0.00613	0.00433	0.00366	0.00113	0.00612	0.00299	0.00246	0.00522
11	0.00508	0.00365	0.00483	0.00573	0.00602	0.00339	0.00384	0.00585	0.00810	0.01079	0.04697	0.80996	0.04473	0.01283	0.00528	0.00167	0.00239	0.01162	0.00388	0.00339
12	0.00830	0.02683	0.58737	0.01080	0.01568	0.00914	0.04570	0.01322	0.08681	0.01382	0.10027	0.01253	0.02436	0.00478	0.00432	0.00133	0.02264	0.00390	0.00236	0.00582
13	0.01580	0.01084	0.01220	0.03427	0.03405	0.01178	0.00788	0.66216	0.01790	0.13461	0.01071	0.01058	0.00744	0.00495	0.00416	0.00126	0.00447	0.00380	0.00417	0.00698
14	0.00506	0.00361	0.00482	0.00578	0.00602	0.00337	0.00386	0.00578	0.00795	0.01060	0.02289	0.85131	0.02747	0.01301	0.00530	0.00169	0.00241	0.01181	0.00386	0.00337
15	0.01557	0.01810	0.01192	0.01046	0.01285	0.66632	0.00800	0.18206	0.01338	0.01349	0.00716	0.00801	0.00571	0.00443	0.00383	0.00111	0.00688	0.00290	0.00256	0.00528
16	0.00517	0.00370	0.00495	0.00591	0.00620	0.00347	0.00405	0.00598	0.00806	0.01073	0.02283	0.79518	0.02722	0.01291	0.00533	0.00170	0.00251	0.06682	0.00385	0.00341
17	0.01533	0.01143	0.01263	0.03762	0.04317	0.01265	0.00819	0.75853	0.01879	0.02521	0.00981	0.01002	0.00700	0.00491	0.00415	0.00125	0.00462	0.00374	0.00400	0.00697
18	0.88336	0.00803	0.00611	0.00546	0.00803	0.00932	0.00450	0.01221	0.00707	0.01864	0.00578	0.00675	0.00450	0.00386	0.00257	0.00129	0.00321	0.00225	0.00257	0.00450
19	0.00767	0.00388	0.00388	0.00388	0.00486	0.00386	0.00291	0.00958	0.00873	0.01538	0.01429	0.01612	0.03177	0.00499	0.00296	0.00098	0.00194	0.00400	0.85447	0.00386
20	0.00596	0.00436	0.00624	0.00624	0.00683	0.00495	0.00464	0.00714	0.00655	0.00932	0.01153	0.01854	0.01135	0.19954	0.67049	0.00613	0.00967	0.00478	0.00228	0.00346
21	0.01467	0.01664	0.01172	0.01033	0.01250	0.57167	0.00801	0.17594	0.01284	0.01349	0.00786	0.01011	0.00665	0.00500	0.00462	0.00120	0.06525	0.04370	0.00261	0.00520
22	0.00553	0.00423	0.00508	0.00502	0.00612	0.00379	0.00380	0.00708	0.01058	0.01406	0.44303	0.07564	0.33268	0.00966	0.00497	0.00140	0.00215	0.05721	0.00422	0.00373
23	0.04039	0.00983	0.01025	0.00966	0.06802	0.08377	0.00708	0.06934	0.49684	0.13693	0.01447	0.01359	0.01064	0.00521	0.00411	0.00133	0.00389	0.00423	0.00397	0.00645
24	0.01105	0.79776	0.06299	0.00742	0.01108	0.03189	0.00755	0.01255	0.00852	0.00995	0.00587	0.00679	0.00533	0.00359	0.00275	0.00091	0.00459	0.00227	0.00178	0.00536
25	0.01061	0.00767	0.06615	0.00839	0.05163	0.00669	0.02403	0.06146	0.11463	0.21300	0.16703	0.07608	0.07312	0.00706	0.00456	0.00139	0.00345	0.07993	0.00406	0.01903
26	0.47340	0.06861	0.00899	0.00685	0.00962	0.11309	0.00563	0.04400	0.00937	0.21310	0.00857	0.00873	0.00615	0.00424	0.00317	0.00123	0.00396	0.00282	0.00314	0.00531
27	0.00503	0.00374	0.00469	0.00546	0.00594	0.00340	0.00371	0.00582	0.00827	0.01073	0.02687	0.68303	0.19319	0.01250	0.00522	0.00163	0.00235	0.01118	0.00386	0.00340
28	0.12816	0.01910	0.00965	0.00842	0.04001	0.07790	0.00655	0.16406	0.07550	0.19517	0.02788	0.01562	0.07852	0.00583	0.00469	0.00134	0.06270	0.04702	0.02620	0.00567
29	0.03205	0.05505	0.04398	0.01126	0.02988	0.14433	0.10344	0.14094	0.02768	0.01354	0.00725	0.00942	0.00609	0.00622	0.03358	0.00161	0.32244	0.00357	0.00236	0.00527
30	0.03875	0.00685	0.00922	0.00729	0.01026	0.00602	0.00604	0.01885	0.01160	0.72845	0.04173	0.01676	0.01199	0.00566	0.00427	0.00133	0.00350	0.05977	0.00497	0.00668
31	0.00581	0.00395	0.00458	0.00477	0.00486	0.00388	0.00280	0.00599	0.00654	0.00867	0.01607	0.19034	0.04695	0.65742	0.01743	0.00347	0.00364	0.00728	0.00283	0.00272
32	0.05159	0.00635	0.00725	0.00634	0.00809	0.00649	0.00489	0.17103	0.04440	0.13469	0.14122	0.11911	0.04966	0.07147	0.02384	0.00162	0.00324	0.00575	0.13804	0.00494
33	0.03192	0.02243	0.07025	0.04066	0.01374	0.04410	0.19583	0.08609	0.09634	0.15008	0.08877	0.02439	0.01136	0.01950	0.04727	0.00164	0.01642	0.00457	0.02905	0.00562

[dist]
# distance from previous block
# <min> <max>
2	5

[block]
# block no. 4 follows, 64 sequences, length 23
# corresponding to MSA columns:
# 693-715
name=unknown_E
#
# <colnr> <probs for GDERKNQSTAVLIFYWHMCP>
#	G	D	E	R	K	N	Q	S	T	A	V	L	I	F	Y	W	H	M	C	P
0	0.00958	0.00858	0.03605	0.01949	0.01122	0.02063	0.04409	0.07832	0.07351	0.03000	0.00898	0.03294	0.00737	0.00383	0.00348	0.00085	0.00360	0.00319	0.00278	0.60150
1	0.01419	0.02368	0.01116	0.02363	0.01209	0.16208	0.00736	0.31652	0.18843	0.12766	0.01170	0.01193	0.00865	0.00599	0.03251	0.00145	0.01650	0.01442	0.00376	0.00629
2	0.00504	0.00368	0.00475	0.00561	0.00598	0.00339	0.00378	0.00580	0.00812	0.01067	0.02498	0.76318	0.11426	0.01274	0.00526	0.00166	0.00238	0.01148	0.00386	0.00339
3	0.00949	0.00834	0.01035	0.09410	0.13986	0.00934	0.00773	0.01760	0.51033	0.01568	0.06407	0.01695	0.04929	0.00570	0.00431	0.00138	0.00365	0.02217	0.00364	0.00602
4	0.00879	0.01335	0.32678	0.13434	0.07933	0.00930	0.10728	0.02594	0.06205	0.02763	0.07983	0.01290	0.01969	0.00484	0.00487	0.00137	0.05933	0.01440	0.00239	0.00559
5	0.00506	0.00361	0.00482	0.00578	0.00602	0.00337	0.00386	0.00578	0.00795	0.01060	0.02289	0.85131	0.02747	0.01301	0.00530	0.00169	0.00241	0.01181	0.00386	0.00337
6	0.01343	0.41595	0.01650	0.00900	0.01181	0.44868	0.00759	0.01462	0.01019	0.00998	0.00611	0.00710	0.00534	0.00394	0.00323	0.00098	0.00605	0.00246	0.00197	0.00506
7	0.00506	0.00361	0.00482	0.00578	0.00602	0.00337	0.00386	0.00578	0.00795	0.01060	0.02289	0.85131	0.02747	0.01301	0.00530	0.00169	0.00241	0.01181	0.00386	0.00337
8	0.01579	0.01163	0.01247	0.00956	0.01288	0.01288	0.00789	0.81426	0.01953	0.02618	0.00997	0.00997	0.00706	0.00499	0.00416	0.00125	0.00457	0.00374	0.00416	0.00706
9	0.00510	0.00365	0.00490	0.00582	0.00609	0.00346	0.00392	0.00586	0.00790	0.01056	0.02236	0.81377	0.02670	0.01383	0.04272	0.00191	0.00280	0.01148	0.00378	0.00339
10	0.00774	0.00387	0.00387	0.00387	0.00484	0.00387	0.00290	0.00968	0.00871	0.01549	0.01355	0.01549	0.01065	0.00484	0.00290	0.00097	0.00194	0.00387	0.87708	0.00387
11	0.01028	0.00987	0.01686	0.02550	0.82811	0.00987	0.01275	0.01275	0.00946	0.01357	0.00781	0.01028	0.00658	0.00370	0.00411	0.00123	0.00493	0.00370	0.00206	0.00658
12	0.00988	0.01123	0.02295	0.05616	0.02123	0.04007	0.71013	0.01315	0.00965	0.01292	0.00815	0.01097	0.00619	0.00373	0.00522	0.00141	0.04469	0.00471	0.00208	0.00548
13	0.00559	0.00418	0.00519	0.00506	0.00606	0.00378	0.00375	0.00724	0.01090	0.01491	0.58073	0.11055	0.20806	0.00936	0.00494	0.00136	0.00203	0.00819	0.00435	0.00378
14	0.01177	0.00984	0.01019	0.00877	0.01135	0.03084	0.00693	0.21319	0.60775	0.01933	0.01498	0.01397	0.01115	0.00545	0.00420	0.00136	0.00370	0.00442	0.00416	0.00665
15	0.01111	0.85652	0.02177	0.00711	0.01066	0.01644	0.00711	0.01244	0.00844	0.00977	0.00577	0.00666	0.00533	0.00355	0.00267	0.00089	0.00444	0.00222	0.00178	0.00533
16	0.05004	0.01044	0.06254	0.00852	0.01126	0.08776	0.02652	0.18772	0.22308	0.12021	0.01645	0.01588	0.12831	0.00582	0.00442	0.00132	0.02544	0.00460	0.00373	0.00593
17	0.05365	0.01124	0.01204	0.00927	0.01255	0.01238	0.00766	0.73881	0.01860	0.06699	0.01012	0.01005	0.00712	0.00495	0.00409	0.00125	0.00446	0.00370	0.00414	0.00695
18	0.00515	0.00370	0.00490	0.00574	0.00608	0.00344	0.00390	0.00599	0.00829	0.01109	0.08168	0.75796	0.04626	0.01260	0.00527	0.00166	0.00240	0.02655	0.00391	0.00343
19	0.59401	0.00854	0.00778	0.02816	0.03553	0.02139	0.00559	0.10948	0.03881	0.04732	0.00876	0.00945	0.04117	0.00448	0.00336	0.00130	0.02396	0.00299	0.00291	0.00501
20	0.00858	0.00745	0.01223	0.64326	0.10970	0.00883	0.01076	0.01130	0.03110	0.04990	0.00899	0.01205	0.02692	0.00473	0.00461	0.03354	0.00516	0.00387	0.00214	0.00486
21	0.00491	0.00419	0.00423	0.00426	0.00562	0.00350	0.00318	0.00596	0.00942	0.01120	0.04146	0.06620	0.80060	0.01060	0.00492	0.00141	0.00211	0.00886	0.00386	0.00350
22	0.01711	0.00718	0.00941	0.00733	0.01032	0.00650	0.00601	0.08099	0.02682	0.67625	0.06702	0.01495	0.01191	0.00534	0.00418	0.00128	0.00346	0.00435	0.03283	0.00676

[dist]
# distance from previous block
# <min> <max>
0	1

[block]
# block no. 5 follows, 64 sequences, length 40
# corresponding to MSA columns:
# 717-756
name=unknown_F
#
# <colnr> <probs for GDERKNQSTAVLIFYWHMCP>
#	G	D	E	R	K	N	Q	S	T	A	V	L	I	F	Y	W	H	M	C	P
0	0.00928	0.00783	0.00988	0.00864	0.00976	0.04412	0.02863	0.10093	0.06701	0.03678	0.00981	0.01336	0.00864	0.06061	0.27223	0.00329	0.25844	0.00413	0.04194	0.00468
1	0.00510	0.00367	0.00484	0.00574	0.00606	0.00342	0.00388	0.00589	0.00813	0.01079	0.04030	0.78421	0.06269	0.01278	0.00528	0.00167	0.00241	0.02588	0.00387	0.00340
2	0.00977	0.00966	0.03781	0.15393	0.56426	0.00952	0.03978	0.02296	0.02487	0.01331	0.00793	0.01037	0.00646	0.00378	0.00407	0.00122	0.00496	0.00365	0.00211	0.06956
3	0.07724	0.01797	0.01120	0.04659	0.01300	0.71900	0.00781	0.01572	0.01118	0.01081	0.00686	0.03054	0.00590	0.00448	0.00372	0.00112	0.00696	0.00294	0.00220	0.00474
4	0.00507	0.00364	0.00482	0.00575	0.00602	0.00339	0.00384	0.00582	0.00804	0.01071	0.03640	0.82387	0.04143	0.01290	0.00529	0.00168	0.00240	0.01169	0.00387	0.00339
5	0.00853	0.02020	0.74298	0.01181	0.01760	0.00973	0.04471	0.01380	0.06713	0.01346	0.00817	0.00934	0.00583	0.00405	0.00400	0.00133	0.00597	0.00326	0.00194	0.00615
6	0.00836	0.03270	0.14863	0.08213	0.01218	0.01790	0.00805	0.04252	0.16512	0.01438	0.21976	0.01809	0.07159	0.00643	0.00577	0.00140	0.13164	0.00504	0.00320	0.00510
7	0.00506	0.00361	0.00482	0.00578	0.00602	0.00337	0.00386	0.00578	0.00795	0.01060	0.02289	0.85131	0.02747	0.01301	0.00530	0.00169	0.00241	0.01181	0.00386	0.00337
8	0.00864	0.12276	0.65624	0.06483	0.01770	0.01040	0.02666	0.01284	0.00873	0.01257	0.00745	0.00921	0.00555	0.00401	0.00384	0.00128	0.00587	0.01372	0.00180	0.00590
9	0.00508	0.00368	0.00481	0.00570	0.00604	0.00341	0.00385	0.00584	0.00809	0.01068	0.02426	0.77946	0.08481	0.01281	0.00528	0.00167	0.00241	0.02488	0.00386	0.00339
10	0.75577	0.00888	0.03695	0.00671	0.00956	0.00955	0.06310	0.04360	0.00781	0.01835	0.00619	0.00727	0.00476	0.00388	0.00285	0.00129	0.00364	0.00253	0.00257	0.00474
11	0.88336	0.00803	0.00611	0.00546	0.00803	0.00932	0.00450	0.01221	0.00707	0.01864	0.00578	0.00675	0.00450	0.00386	0.00257	0.00129	0.00321	0.00225	0.00257	0.00450
12	0.00774	0.00387	0.00387	0.00387	0.00484	0.00387	0.00290	0.00968	0.00871	0.01549	0.01355	0.01549	0.01065	0.00484	0.00290	0.00097	0.00194	0.00387	0.87708	0.00387
13	0.07349	0.00672	0.00705	0.03512	0.00849	0.00726	0.00492	0.23208	0.04816	0.03371	0.01199	0.01316	0.00912	0.00483	0.00335	0.00111	0.00297	0.00375	0.48772	0.00500
14	0.01403	0.01723	0.01207	0.02108	0.03889	0.65586	0.03506	0.02705	0.01104	0.01057	0.00688	0.00851	0.00582	0.00634	0.06425	0.00154	0.05381	0.00299	0.00215	0.00483
15	0.00521	0.00418	0.00465	0.00462	0.00582	0.00362	0.00343	0.00651	0.01006	0.01281	0.27656	0.09161	0.53615	0.01008	0.00493	0.00139	0.00208	0.00859	0.00407	0.00362
16	0.01045	0.00898	0.00946	0.00848	0.01085	0.01039	0.00660	0.03879	0.80370	0.01756	0.01676	0.01538	0.01256	0.00562	0.00423	0.00141	0.00331	0.00468	0.00423	0.00658
17	0.01503	0.11387	0.01293	0.01025	0.01260	0.70869	0.00792	0.05096	0.01173	0.01082	0.00650	0.00751	0.00542	0.00423	0.00364	0.00106	0.00702	0.00267	0.00219	0.00497
18	0.06985	0.03884	0.01041	0.00943	0.06945	0.04957	0.00697	0.07757	0.45888	0.11548	0.02661	0.01404	0.01098	0.00527	0.00405	0.00133	0.00375	0.01731	0.00388	0.00632
19	0.81189	0.00833	0.00663	0.00580	0.00843	0.00961	0.00478	0.07828	0.00810	0.01926	0.00613	0.00701	0.00471	0.00395	0.00270	0.00128	0.00332	0.00237	0.00270	0.00471
20	0.00513	0.00364	0.00480	0.00569	0.00592	0.00342	0.00376	0.00580	0.00782	0.01042	0.02219	0.79210	0.02658	0.07343	0.00644	0.00186	0.00253	0.01139	0.00376	0.00331
21	0.03199	0.00517	0.00653	0.02930	0.00782	0.00547	0.00494	0.08734	0.00934	0.01287	0.08203	0.54748	0.04879	0.01079	0.00571	0.00160	0.06993	0.02525	0.00369	0.00396
22	0.00632	0.00428	0.00566	0.00604	0.00655	0.00432	0.00430	0.00735	0.00844	0.05013	0.10306	0.57269	0.02439	0.01160	0.02964	0.00172	0.06326	0.00954	0.07695	0.00374
23	0.00502	0.00419	0.00437	0.00438	0.00569	0.00354	0.00327	0.00615	0.00964	0.01175	0.12192	0.07449	0.71050	0.01042	0.00493	0.00141	0.00210	0.00877	0.00393	0.00354
24	0.03456	0.00801	0.04189	0.00770	0.01102	0.00685	0.00658	0.08334	0.01229	0.71915	0.01532	0.01345	0.00972	0.00506	0.00414	0.00128	0.00371	0.00406	0.00488	0.00698
25	0.00708	0.00398	0.00596	0.08158	0.00752	0.00412	0.00429	0.00594	0.00592	0.00781	0.00908	0.05035	0.03111	0.04016	0.01450	0.70853	0.00370	0.00420	0.00198	0.00220
26	0.72319	0.00867	0.00748	0.00776	0.09009	0.04972	0.00552	0.01231	0.00752	0.01740	0.00620	0.00747	0.00495	0.00481	0.03190	0.00146	0.00387	0.00249	0.00249	0.00469
27	0.00512	0.00364	0.00480	0.00571	0.00594	0.00341	0.00378	0.00580	0.00784	0.01046	0.02234	0.80493	0.02678	0.06034	0.00619	0.00182	0.00250	0.01148	0.00378	0.00333
28	0.00977	0.00939	0.01615	0.19324	0.64324	0.00975	0.03317	0.01232	0.00923	0.01296	0.00774	0.01047	0.00636	0.00379	0.00414	0.00127	0.00511	0.00373	0.00201	0.00615
29	0.01055	0.01026	0.01578	0.12788	0.63833	0.06217	0.01208	0.04880	0.00991	0.01355	0.00777	0.01019	0.00639	0.00385	0.00410	0.00124	0.00516	0.00364	0.00213	0.00624
30	0.00506	0.00361	0.00482	0.00578	0.00602	0.00337	0.00386	0.00578	0.00795	0.01060	0.02289	0.85131	0.02747	0.01301	0.00530	0.00169	0.00241	0.01181	0.00386	0.00337
31	0.00941	0.00898	0.01529	0.31721	0.54318	0.00964	0.01232	0.01199	0.00905	0.01252	0.00766	0.01056	0.00621	0.00386	0.00413	0.00129	0.00515	0.00370	0.00198	0.00588
32	0.00795	0.00738	0.01193	0.59383	0.09771	0.01794	0.01045	0.01028	0.00815	0.01068	0.00863	0.01219	0.02981	0.00710	0.07737	0.02723	0.05092	0.00389	0.00196	0.00460
33	0.00506	0.00361	0.00482	0.00578	0.00602	0.00337	0.00386	0.00578	0.00795	0.01060	0.02289	0.85131	0.02747	0.01301	0.00530	0.00169	0.00241	0.01181	0.00386	0.00337
34	0.01350	0.40155	0.01633	0.00906	0.01185	0.46281	0.00761	0.01469	0.01025	0.00999	0.00613	0.00711	0.00534	0.00395	0.00325	0.00099	0.00610	0.00247	0.00197	0.00505
35	0.00509	0.00365	0.00484	0.00573	0.00603	0.00340	0.00385	0.00588	0.00815	0.01089	0.05940	0.79935	0.04281	0.01276	0.00528	0.00166	0.00238	0.01156	0.00389	0.00340
36	0.00795	0.00749	0.01266	0.80719	0.06460	0.00926	0.01159	0.01071	0.00836	0.01075	0.00740	0.01104	0.00558	0.00413	0.00415	0.00138	0.00551	0.00369	0.00186	0.00470
37	0.01579	0.01163	0.01247	0.00956	0.01288	0.01288	0.00789	0.81426	0.01953	0.02618	0.00997	0.00997	0.00706	0.00499	0.00416	0.00125	0.00457	0.00374	0.00416	0.00706
38	0.00774	0.00387	0.00387	0.00387	0.00484	0.00387	0.00290	0.00968	0.00871	0.01549	0.01355	0.01549	0.01065	0.00484	0.00290	0.00097	0.00194	0.00387	0.87708	0.00387
39	0.00726	0.00373	0.00551	0.00543	0.00555	0.00367	0.00365	0.00557	0.00551	0.00742	0.00722	0.01250	0.00718	0.01407	0.01581	0.85107	0.00359	0.00357	0.00182	0.02985

[dist]
# distance from previous block
# <min> <max>
0	1

[block]
# block no. 6 follows, 64 sequences, length 10
# corresponding to MSA columns:
# 758-767
name=unknown_G
#
# <colnr> <probs for GDERKNQSTAVLIFYWHMCP>
#	G	D	E	R	K	N	Q	S	T	A	V	L	I	F	Y	W	H	M	C	P
0	0.00544	0.00416	0.00499	0.00492	0.00597	0.00371	0.00364	0.00694	0.01052	0.01403	0.45529	0.12288	0.32304	0.00971	0.00495	0.00138	0.00206	0.00843	0.00424	0.00371
1	0.06832	0.01155	0.01082	0.00884	0.01160	0.13369	0.00713	0.48793	0.08774	0.02132	0.01038	0.01121	0.00784	0.00500	0.00393	0.00123	0.00456	0.02170	0.07902	0.00618
2	0.01149	0.78438	0.02090	0.00742	0.01085	0.08721	0.00719	0.01280	0.00873	0.00981	0.00583	0.00673	0.00533	0.00362	0.00276	0.00090	0.00470	0.00226	0.00181	0.00529
3	0.00976	0.10371	0.01773	0.06293	0.03708	0.00942	0.39375	0.01254	0.02572	0.07801	0.11164	0.05281	0.01193	0.00496	0.00465	0.00133	0.01874	0.01717	0.00275	0.02336
4	0.88336	0.00803	0.00611	0.00546	0.00803	0.00932	0.00450	0.01221	0.00707	0.01864	0.00578	0.00675	0.00450	0.00386	0.00257	0.00129	0.00321	0.00225	0.00257	0.00450
5	0.00496	0.00416	0.00432	0.00438	0.00567	0.00351	0.00325	0.00603	0.00945	0.01141	0.07527	0.10482	0.72730	0.01063	0.00494	0.00142	0.00212	0.00896	0.00389	0.00351
6	0.26772	0.00861	0.02626	0.00738	0.01033	0.03446	0.02648	0.13035	0.01126	0.36526	0.01151	0.01109	0.00781	0.00463	0.00363	0.00126	0.00376	0.00348	0.05873	0.00599
7	0.00869	0.05690	0.01260	0.01016	0.01063	0.01153	0.03920	0.00979	0.00665	0.01001	0.00661	0.01055	0.00645	0.03245	0.13243	0.00251	0.62269	0.00378	0.00190	0.00446
8	0.00510	0.00373	0.00479	0.00556	0.00599	0.00342	0.00378	0.00594	0.00838	0.01107	0.07724	0.70166	0.12323	0.01242	0.00523	0.00163	0.00234	0.01117	0.00390	0.00342
9	0.01703	0.00725	0.00931	0.00724	0.01021	0.00666	0.00595	0.11445	0.01244	0.63927	0.01529	0.01379	0.00994	0.00509	0.00403	0.00124	0.00347	0.00409	0.10658	0.00670

[dist]
# distance from previous block
# <min> <max>
0	35

[block]
# block no. 7 follows, 64 sequences, length 15
# corresponding to MSA columns:
# 875-889
name=unknown_H
#
# <colnr> <probs for GDERKNQSTAVLIFYWHMCP>
#	G	D	E	R	K	N	Q	S	T	A	V	L	I	F	Y	W	H	M	C	P
0	0.16820	0.27827	0.13475	0.08806	0.01258	0.04428	0.00796	0.02301	0.00855	0.02323	0.01909	0.05375	0.01984	0.00474	0.00375	0.00119	0.03629	0.01670	0.01627	0.03950
1	0.69273	0.00981	0.10409	0.00649	0.00957	0.00943	0.00600	0.06115	0.00809	0.01825	0.00630	0.00726	0.00481	0.00390	0.00285	0.00126	0.00364	0.00245	0.00257	0.03935
2	0.04769	0.01510	0.01123	0.01104	0.08694	0.48266	0.00779	0.04165	0.18199	0.01295	0.00990	0.01046	0.03088	0.00467	0.00386	0.00117	0.00584	0.00338	0.00271	0.02809
3	0.00725	0.00585	0.00840	0.03909	0.00967	0.00558	0.08075	0.03270	0.03888	0.03083	0.03047	0.44042	0.01855	0.03077	0.00539	0.00149	0.02776	0.02631	0.00334	0.15651
4	0.03798	0.05521	0.17128	0.03294	0.01424	0.05455	0.13090	0.09215	0.03623	0.23297	0.01073	0.01150	0.00765	0.00445	0.00402	0.00124	0.00490	0.01593	0.02918	0.05195
5	0.00505	0.00365	0.00479	0.00570	0.00600	0.00338	0.00382	0.00579	0.00803	0.01064	0.02390	0.80872	0.06942	0.01288	0.00528	0.00167	0.00239	0.01165	0.00386	0.00338
6	0.00840	0.02034	0.75708	0.01175	0.01733	0.00993	0.01477	0.01286	0.00855	0.01286	0.00727	0.00880	0.00528	0.00425	0.00484	0.00136	0.08345	0.00312	0.00176	0.00599
7	0.00801	0.00721	0.01006	0.00897	0.00938	0.00950	0.00728	0.03930	0.00697	0.01039	0.00811	0.01265	0.00780	0.05279	0.32622	0.00373	0.46126	0.00405	0.00209	0.00423
8	0.00506	0.00361	0.00482	0.00578	0.00602	0.00337	0.00386	0.00578	0.00795	0.01060	0.02289	0.85131	0.02747	0.01301	0.00530	0.00169	0.00241	0.01181	0.00386	0.00337
9	0.74818	0.00835	0.00683	0.00592	0.00854	0.00959	0.00487	0.11187	0.00867	0.01948	0.00655	0.00742	0.00501	0.00403	0.00278	0.00127	0.00334	0.00249	0.03003	0.00480
10	0.00506	0.00361	0.00482	0.00578	0.00602	0.00337	0.00386	0.00578	0.00795	0.01060	0.02289	0.85131	0.02747	0.01301	0.00530	0.00169	0.00241	0.01181	0.00386	0.00337
11	0.00980	0.01120	0.02451	0.01751	0.02171	0.01050	0.81303	0.01331	0.00980	0.01331	0.00840	0.01120	0.00630	0.00350	0.00490	0.00140	0.00700	0.00490	0.00210	0.00560
12	0.01111	0.85652	0.02177	0.00711	0.01066	0.01644	0.00711	0.01244	0.00844	0.00977	0.00577	0.00666	0.00533	0.00355	0.00267	0.00089	0.00444	0.00222	0.00178	0.00533
13	0.00767	0.00389	0.00394	0.00393	0.00490	0.00387	0.00295	0.00960	0.00884	0.01553	0.04714	0.01613	0.01183	0.00499	0.00299	0.00098	0.00194	0.00402	0.84101	0.00387
14	0.00952	0.01061	0.02287	0.01660	0.02050	0.00998	0.73884	0.01287	0.00978	0.01322	0.00965	0.01448	0.00792	0.00423	0.00498	0.00145	0.00671	0.07807	0.00226	0.00544

[dist]
# distance from previous block
# <min> <max>
0	1

[block]
# block no. 8 follows, 64 sequences, length 9
# corresponding to MSA columns:
# 891-899
name=unknown_I
#
# <colnr> <probs for GDERKNQSTAVLIFYWHMCP>
#	G	D	E	R	K	N	Q	S	T	A	V	L	I	F	Y	W	H	M	C	P
0	0.00510	0.00369	0.00483	0.00566	0.00601	0.00342	0.00382	0.00592	0.00828	0.01102	0.07397	0.75262	0.07515	0.01259	0.00525	0.00165	0.00236	0.01136	0.00390	0.00342
1	0.01361	0.01055	0.01124	0.00912	0.01205	0.01186	0.00737	0.49820	0.33914	0.02267	0.01274	0.01218	0.00930	0.00525	0.00418	0.00131	0.00406	0.00412	0.00418	0.00687
2	0.01111	0.85652	0.02177	0.00711	0.01066	0.01644	0.00711	0.01244	0.00844	0.00977	0.00577	0.00666	0.00533	0.00355	0.00267	0.00089	0.00444	0.00222	0.00178	0.00533
3	0.00921	0.08049	0.72027	0.01121	0.01697	0.00990	0.01415	0.01357	0.00895	0.06661	0.00792	0.00897	0.00560	0.00400	0.00387	0.00128	0.00585	0.00308	0.00198	0.00614
4	0.13565	0.00799	0.00965	0.00750	0.01065	0.00772	0.00620	0.15689	0.01256	0.58099	0.01383	0.01241	0.00894	0.00494	0.00396	0.00128	0.00367	0.00384	0.00462	0.00672
5	0.00521	0.00372	0.00499	0.00596	0.00626	0.00350	0.00412	0.00605	0.00810	0.01077	0.02281	0.77649	0.02714	0.01287	0.00534	0.00171	0.00254	0.08513	0.00385	0.00342
6	0.07514	0.00981	0.06772	0.34412	0.37537	0.03369	0.01168	0.01201	0.00885	0.01266	0.00743	0.01015	0.00589	0.00392	0.00399	0.00130	0.00520	0.00352	0.00199	0.00557
7	0.00885	0.00843	0.01113	0.00970	0.00999	0.03526	0.00789	0.04169	0.00706	0.01042	0.00712	0.01171	0.00706	0.08898	0.12172	0.00262	0.60005	0.00394	0.00204	0.00435
8	0.00701	0.00463	0.00551	0.00525	0.00663	0.00414	0.00398	0.00867	0.03249	0.10912	0.26301	0.12315	0.37179	0.00947	0.00487	0.00141	0.00234	0.02818	0.00422	0.00412

[dist]
# distance from previous block
# <min> <max>
3	5

[block]
# block no. 9 follows, 64 sequences, length 37
# corresponding to MSA columns:
# 905-941
name=unknown_J
#
# <colnr> <probs for GDERKNQSTAVLIFYWHMCP>
#	G	D	E	R	K	N	Q	S	T	A	V	L	I	F	Y	W	H	M	C	P
0	0.01007	0.03560	0.01047	0.05300	0.08336	0.03758	0.00701	0.03485	0.38843	0.02829	0.02163	0.01302	0.02640	0.00479	0.00403	0.00117	0.01652	0.00394	0.00331	0.21654
1	0.07467	0.03083	0.01208	0.01198	0.17166	0.06264	0.00814	0.30497	0.21379	0.03421	0.01083	0.01112	0.00816	0.00474	0.00397	0.00126	0.00434	0.00377	0.02043	0.00642
2	0.00505	0.00364	0.00479	0.00572	0.00601	0.00338	0.00383	0.00579	0.00802	0.01063	0.02369	0.81765	0.06062	0.01291	0.00529	0.00168	0.00240	0.01168	0.00386	0.00338
3	0.00987	0.00945	0.01654	0.13127	0.54735	0.00968	0.11508	0.01261	0.02977	0.02406	0.00854	0.01107	0.01652	0.00415	0.00462	0.01802	0.01926	0.00394	0.00214	0.00604
4	0.01492	0.01101	0.01180	0.00918	0.01228	0.01218	0.00752	0.72108	0.06095	0.02492	0.02788	0.01117	0.00828	0.02097	0.00446	0.00130	0.00437	0.00392	0.02500	0.00681
5	0.00507	0.00424	0.00443	0.00449	0.00578	0.00364	0.00332	0.00634	0.02517	0.01152	0.07392	0.11800	0.69860	0.01058	0.00493	0.00143	0.00215	0.00893	0.00390	0.00357
6	0.01552	0.01980	0.01177	0.01070	0.01284	0.83735	0.00803	0.01659	0.01177	0.01017	0.00642	0.00749	0.00535	0.00428	0.00375	0.00107	0.00749	0.00268	0.00214	0.00482
7	0.00506	0.00361	0.00482	0.00578	0.00602	0.00337	0.00386	0.00578	0.00795	0.01060	0.02289	0.85131	0.02747	0.01301	0.00530	0.00169	0.00241	0.01181	0.00386	0.00337
8	0.01579	0.01163	0.01247	0.00956	0.01288	0.01288	0.00789	0.81426	0.01953	0.02618	0.00997	0.00997	0.00706	0.00499	0.00416	0.00125	0.00457	0.00374	0.00416	0.00706
9	0.00604	0.00403	0.00453	0.00453	0.00453	0.00403	0.00252	0.00604	0.00604	0.00805	0.01309	0.02718	0.01510	0.85402	0.02114	0.00403	0.00403	0.00604	0.00252	0.00252
10	0.00774	0.00387	0.00387	0.00387	0.00484	0.00387	0.00290	0.00968	0.00871	0.01549	0.01355	0.01549	0.01065	0.00484	0.00290	0.00097	0.00194	0.00387	0.87708	0.00387
11	0.00573	0.00423	0.00529	0.00503	0.00604	0.00386	0.00373	0.00746	0.01114	0.01540	0.66356	0.03230	0.16528	0.04602	0.00562	0.00144	0.00207	0.00765	0.00437	0.00379
12	0.05221	0.01077	0.01077	0.00872	0.01140	0.14440	0.04294	0.35796	0.01426	0.13829	0.01119	0.05484	0.00861	0.00518	0.00397	0.00122	0.00452	0.00406	0.10876	0.00594
13	0.00525	0.00422	0.00465	0.00454	0.00577	0.00365	0.00338	0.00656	0.01011	0.01287	0.29170	0.03678	0.55359	0.03208	0.00533	0.00144	0.00211	0.00829	0.00405	0.00361
14	0.03503	0.00891	0.00932	0.00826	0.01064	0.01024	0.00647	0.08805	0.69496	0.01807	0.01586	0.01479	0.01189	0.00550	0.00412	0.00137	0.00333	0.00451	0.04225	0.00644
15	0.01111	0.85652	0.02177	0.00711	0.01066	0.01644	0.00711	0.01244	0.00844	0.00977	0.00577	0.00666	0.00533	0.00355	0.00267	0.00089	0.00444	0.00222	0.00178	0.00533
