[name]
unknown

[dist]
# distance from previous block
# <min> <max>
2	8

[block]
# block no. 0 follows, 53 sequences, length 45
# corresponding to MSA columns:
# 42-86
name=unknown_A
#
# <colnr> <probs for GDERKNQSTAVLIFYWHMCP>
#	G	D	E	R	K	N	Q	S	T	A	V	L	I	F	Y	W	H	M	C	P
0	0.01119	0.01075	0.02090	0.01551	0.03135	0.00992	0.49308	0.03669	0.01160	0.07394	0.03209	0.04355	0.10384	0.00562	0.00538	0.00153	0.00630	0.00613	0.00315	0.07750
1	0.01347	0.00824	0.01087	0.13795	0.01494	0.00719	0.00730	0.01563	0.01108	0.27753	0.01251	0.03886	0.00934	0.00490	0.00424	0.00115	0.00414	0.00406	0.00380	0.41281
2	0.00982	0.00837	0.00976	0.00702	0.01113	0.00632	0.00557	0.01187	0.00982	0.01537	0.00871	0.01060	0.00741	0.03022	0.00421	0.00083	0.00357	0.00296	0.00283	0.83360
3	0.01502	0.01196	0.06497	0.15837	0.04892	0.06958	0.20082	0.06903	0.02435	0.26970	0.01242	0.01341	0.00859	0.00503	0.00495	0.00151	0.00612	0.00466	0.00366	0.00693
4	0.01278	0.83490	0.02505	0.00818	0.01227	0.01891	0.00818	0.01431	0.00971	0.01125	0.00664	0.00767	0.00613	0.00409	0.00307	0.00102	0.00511	0.00256	0.00204	0.00613
5	0.01124	0.00933	0.01145	0.00946	0.01234	0.02615	0.08478	0.05275	0.31084	0.07461	0.03761	0.02187	0.17805	0.00708	0.00525	0.00149	0.02696	0.00599	0.00424	0.10850
6	0.04293	0.14304	0.42549	0.01324	0.01887	0.02915	0.13758	0.10596	0.01168	0.01651	0.00871	0.01022	0.00647	0.00454	0.00446	0.00144	0.00662	0.00377	0.00246	0.00685
7	0.00580	0.00424	0.00546	0.00644	0.00688	0.00390	0.00434	0.00668	0.00936	0.01229	0.02898	0.73546	0.12336	0.01463	0.00605	0.00190	0.00273	0.01317	0.00444	0.00390
8	0.01102	0.00844	0.01382	0.69035	0.02960	0.01004	0.01227	0.01399	0.01022	0.13939	0.01016	0.01331	0.00725	0.00496	0.00478	0.00157	0.00600	0.00434	0.00273	0.00576
9	0.01612	0.01997	0.01264	0.01192	0.03033	0.67704	0.00873	0.01769	0.03477	0.01207	0.01002	0.10685	0.00946	0.00615	0.00455	0.00133	0.00772	0.00442	0.00276	0.00544
10	0.00578	0.00485	0.00503	0.00498	0.00654	0.00409	0.00374	0.00712	0.01121	0.01366	0.13809	0.04477	0.71014	0.01183	0.00565	0.00160	0.00240	0.00992	0.00454	0.00409
11	0.00565	0.00484	0.00484	0.00484	0.00646	0.00403	0.00363	0.00686	0.01089	0.01291	0.04842	0.04600	0.80027	0.01210	0.00565	0.00161	0.00242	0.01009	0.00444	0.00403
12	0.01278	0.83490	0.02505	0.00818	0.01227	0.01891	0.00818	0.01431	0.00971	0.01125	0.00664	0.00767	0.00613	0.00409	0.00307	0.00102	0.00511	0.00256	0.00204	0.00613
13	0.01149	0.01101	0.01880	0.12377	0.71039	0.01127	0.01450	0.01438	0.01072	0.01521	0.00893	0.01194	0.00743	0.00432	0.00474	0.00144	0.00576	0.00426	0.00234	0.00730
14	0.00596	0.00422	0.00551	0.00648	0.00673	0.00397	0.00425	0.00669	0.00889	0.01185	0.02500	0.73370	0.02991	0.11250	0.00828	0.00226	0.00300	0.01280	0.00425	0.00376
15	0.02144	0.00813	0.01109	0.00850	0.01220	0.00702	0.00702	0.02329	0.01368	0.80552	0.01886	0.01627	0.01183	0.00592	0.00481	0.00148	0.00407	0.00481	0.00592	0.00813
16	0.01045	0.04041	0.29420	0.01664	0.02198	0.01146	0.44833	0.01481	0.01097	0.01538	0.06027	0.01325	0.00925	0.00458	0.00519	0.00155	0.00726	0.00502	0.00245	0.00652
17	0.00695	0.00463	0.00521	0.00521	0.00521	0.00463	0.00290	0.00695	0.00695	0.00927	0.01506	0.03128	0.01738	0.83203	0.02433	0.00463	0.00463	0.00695	0.00290	0.00290
18	0.00676	0.00489	0.00639	0.00601	0.00714	0.00451	0.00451	0.00902	0.01353	0.01917	0.79969	0.03570	0.04510	0.00977	0.00564	0.00150	0.00225	0.00864	0.00526	0.00451
19	0.02144	0.00813	0.01109	0.00850	0.01220	0.00702	0.00702	0.02329	0.01368	0.80552	0.01886	0.01627	0.01183	0.00592	0.00481	0.00148	0.00407	0.00481	0.00592	0.00813
20	0.00903	0.00850	0.01434	0.82054	0.03292	0.01062	0.01327	0.01221	0.00956	0.01221	0.00850	0.01274	0.00637	0.00478	0.00478	0.00159	0.00637	0.00425	0.00212	0.00531
21	0.01785	0.02278	0.01354	0.01231	0.01478	0.81284	0.00924	0.01909	0.01354	0.01170	0.00739	0.00862	0.00616	0.00493	0.00431	0.00123	0.00862	0.00308	0.00246	0.00554
22	0.86579	0.00924	0.00702	0.00629	0.00924	0.01072	0.00518	0.01405	0.00813	0.02144	0.00666	0.00776	0.00518	0.00444	0.00296	0.00148	0.00370	0.00259	0.00296	0.00518
23	0.01117	0.00831	0.00993	0.00727	0.01132	0.00639	0.00584	0.01324	0.01037	0.10977	0.01038	0.02725	0.00849	0.00422	0.00380	0.00085	0.00360	0.01725	0.00326	0.72729
24	0.00978	0.07358	0.76009	0.01329	0.02018	0.01157	0.01709	0.01509	0.01007	0.01490	0.00846	0.00994	0.00606	0.00451	0.00445	0.00148	0.00695	0.00347	0.00202	0.00701
25	0.00695	0.00463	0.00521	0.00521	0.00521	0.00463	0.00290	0.00695	0.00695	0.00927	0.01506	0.03128	0.01738	0.83203	0.02433	0.00463	0.00463	0.00695	0.00290	0.00290
26	0.00959	0.02472	0.80726	0.01362	0.02069	0.01110	0.01766	0.01514	0.01009	0.01514	0.00858	0.01009	0.00605	0.00454	0.00454	0.00151	0.00706	0.00353	0.00202	0.00706
27	0.01324	0.01127	0.03255	0.01677	0.09811	0.01065	0.39761	0.08291	0.01248	0.15402	0.01299	0.03603	0.01039	0.00563	0.00556	0.00162	0.01886	0.06912	0.00343	0.00676
28	0.00734	0.00539	0.00720	0.00811	0.00930	0.00525	0.00699	0.00937	0.01098	0.01406	0.02935	0.05253	0.16263	0.01301	0.00644	0.00210	0.00405	0.63716	0.00441	0.00434
29	0.01303	0.01001	0.01084	0.00958	0.01240	0.01131	0.00750	0.02515	0.70049	0.11375	0.01938	0.01765	0.01426	0.00642	0.00486	0.00160	0.00382	0.00533	0.00499	0.00763
30	0.01183	0.01136	0.01940	0.02934	0.80221	0.01136	0.01467	0.01467	0.01088	0.01562	0.00899	0.01183	0.00757	0.00426	0.00473	0.00142	0.00568	0.00426	0.00237	0.00757
31	0.01442	0.01623	0.01378	0.01171	0.01448	0.42378	0.11522	0.03989	0.10648	0.04304	0.01627	0.01667	0.13489	0.00620	0.00481	0.00141	0.00670	0.00493	0.00325	0.00584
32	0.01183	0.01136	0.01940	0.02934	0.80221	0.01136	0.01467	0.01467	0.01088	0.01562	0.00899	0.01183	0.00757	0.00426	0.00473	0.00142	0.00568	0.00426	0.00237	0.00757
33	0.01128	0.01289	0.02820	0.02015	0.02498	0.01209	0.78485	0.01531	0.01128	0.01531	0.00967	0.01289	0.00725	0.00403	0.00564	0.00161	0.00806	0.00564	0.00242	0.00645
34	0.01150	0.01163	0.02158	0.06637	0.51913	0.01161	0.23735	0.01465	0.01084	0.01525	0.00910	0.01215	0.00739	0.00432	0.00526	0.00150	0.02627	0.00466	0.00236	0.00707
35	0.29906	0.27229	0.01492	0.00896	0.01210	0.28138	0.00752	0.01603	0.02541	0.01497	0.00714	0.00821	0.00598	0.00453	0.00348	0.00126	0.00579	0.00280	0.00254	0.00564
36	0.01785	0.02278	0.01354	0.01231	0.01478	0.81284	0.00924	0.01909	0.01354	0.01170	0.00739	0.00862	0.00616	0.00493	0.00431	0.00123	0.00862	0.00308	0.00246	0.00554
37	0.01063	0.01045	0.10518	0.00801	0.01252	0.00711	0.00723	0.01342	0.02884	0.06461	0.00941	0.01052	0.00743	0.00388	0.00377	0.00087	0.00400	0.00310	0.00297	0.68605
38	0.01139	0.01091	0.01861	0.15280	0.68217	0.01124	0.01445	0.01429	0.01068	0.01508	0.00891	0.01197	0.00738	0.00434	0.00474	0.00145	0.00579	0.00426	0.00233	0.00722
39	0.00695	0.00463	0.00521	0.00521	0.00521	0.00463	0.00290	0.00695	0.00695	0.00927	0.01506	0.03128	0.01738	0.83203	0.02433	0.00463	0.00463	0.00695	0.00290	0.00290
40	0.28169	0.05077	0.10914	0.01053	0.01454	0.04134	0.09866	0.21111	0.01327	0.11152	0.00989	0.01058	0.00712	0.00490	0.00419	0.00146	0.00529	0.00376	0.00352	0.00670
41	0.00695	0.00463	0.00521	0.00521	0.00521	0.00463	0.00290	0.00695	0.00695	0.00927	0.01506	0.03128	0.01738	0.83203	0.02433	0.00463	0.00463	0.00695	0.00290	0.00290
42	0.00582	0.00416	0.00555	0.00666	0.00693	0.00388	0.00444	0.00666	0.00915	0.01220	0.02634	0.82891	0.03161	0.01497	0.00610	0.00194	0.00277	0.01359	0.00444	0.00388
43	0.00766	0.00598	0.00891	0.00976	0.10257	0.00632	0.03765	0.00889	0.00791	0.01106	0.01315	0.02284	0.01346	0.35785	0.35950	0.00543	0.00840	0.00579	0.00267	0.00419
44	0.72890	0.00971	0.00764	0.00663	0.00972	0.04306	0.00540	0.01402	0.00857	0.02034	0.00690	0.00806	0.00544	0.00435	0.00308	0.00138	0.00388	0.00264	0.00292	0.10737

[dist]
# distance from previous block
# <min> <max>
0	1

[block]
# block no. 1 follows, 53 sequences, length 24
# corresponding to MSA columns:
# 88-111
name=unknown_B
#
# <colnr> <probs for GDERKNQSTAVLIFYWHMCP>
#	G	D	E	R	K	N	Q	S	T	A	V	L	I	F	Y	W	H	M	C	P
0	0.73715	0.01065	0.00807	0.00711	0.01009	0.07776	0.00578	0.06737	0.00957	0.02123	0.00705	0.00809	0.00546	0.00457	0.00320	0.00146	0.00421	0.00275	0.00304	0.00541
1	0.00944	0.07623	0.64153	0.06005	0.01966	0.01101	0.01560	0.01422	0.01010	0.01452	0.01176	0.01307	0.07218	0.00515	0.00455	0.00149	0.00651	0.00405	0.00223	0.00665
2	0.00799	0.00671	0.00936	0.00872	0.00910	0.00844	0.00675	0.00911	0.00746	0.01089	0.01155	0.04183	0.01179	0.18899	0.37174	0.00509	0.27222	0.00543	0.00253	0.00429
3	0.00991	0.00658	0.00750	0.00702	0.00804	0.06081	0.00498	0.01084	0.00869	0.13372	0.01439	0.02332	0.01398	0.38726	0.27728	0.00491	0.00748	0.00576	0.00323	0.00434
4	0.03792	0.15287	0.01549	0.01149	0.02768	0.49464	0.03145	0.01837	0.01253	0.12034	0.00888	0.00971	0.00696	0.00496	0.00449	0.00127	0.02870	0.00334	0.00286	0.00604
5	0.00683	0.00512	0.00768	0.00768	0.00853	0.00597	0.00597	0.00853	0.00768	0.01110	0.01280	0.01878	0.01195	0.03585	0.81308	0.00768	0.01280	0.00512	0.00256	0.00427
6	0.00683	0.00512	0.00768	0.00768	0.00853	0.00597	0.00597	0.00853	0.00768	0.01110	0.01280	0.01878	0.01195	0.03585	0.81308	0.00768	0.01280	0.00512	0.00256	0.00427
7	0.01099	0.01231	0.02645	0.01978	0.06063	0.01157	0.70250	0.01477	0.01114	0.01514	0.01062	0.06090	0.00870	0.00468	0.00562	0.00162	0.00763	0.00604	0.00253	0.00635
8	0.00699	0.00520	0.00764	0.05515	0.00941	0.00596	0.00589	0.00842	0.00769	0.01086	0.01307	0.04070	0.01276	0.14147	0.61410	0.03169	0.01080	0.00551	0.00261	0.00407
9	0.01089	0.01039	0.01770	0.29541	0.54351	0.01111	0.01420	0.01384	0.01044	0.01447	0.00882	0.01214	0.00717	0.00443	0.00475	0.00148	0.00591	0.00425	0.00228	0.00681
10	0.00676	0.00489	0.00639	0.00601	0.00714	0.00451	0.00451	0.00902	0.01353	0.01917	0.79969	0.03570	0.04510	0.00977	0.00564	0.00150	0.00225	0.00864	0.00526	0.00451
11	0.01383	0.01041	0.01182	0.07734	0.01446	0.05056	0.02723	0.15027	0.32960	0.13674	0.03668	0.01920	0.03488	0.00669	0.00499	0.00158	0.00460	0.05751	0.00457	0.00704
12	0.01390	0.01230	0.13200	0.01019	0.01383	0.01107	0.00912	0.08589	0.46073	0.17184	0.01703	0.01583	0.01223	0.00602	0.00480	0.00156	0.00446	0.00491	0.00463	0.00765
13	0.00979	0.02350	0.73494	0.01507	0.09243	0.01112	0.01738	0.01509	0.01016	0.01518	0.00862	0.01025	0.00619	0.00452	0.00456	0.00151	0.00694	0.00360	0.00205	0.00711
14	0.01089	0.01253	0.04645	0.14142	0.02607	0.01184	0.64773	0.01484	0.01099	0.01484	0.00946	0.01280	0.00709	0.00416	0.00548	0.00161	0.00778	0.00537	0.00236	0.00629
15	0.05749	0.00967	0.01271	0.13271	0.01624	0.04450	0.05828	0.08505	0.05210	0.43759	0.01574	0.01518	0.02934	0.00567	0.00477	0.00150	0.00490	0.00471	0.00464	0.00721
16	0.00900	0.00820	0.00749	0.02587	0.00923	0.12783	0.00547	0.03744	0.04077	0.03698	0.05504	0.12095	0.35829	0.06940	0.02473	0.00196	0.00418	0.04851	0.00403	0.00463
17	0.00665	0.00449	0.00586	0.00658	0.00713	0.00419	0.00453	0.00765	0.00968	0.04256	0.09052	0.60441	0.06475	0.07459	0.00737	0.00208	0.00297	0.04549	0.00445	0.00405
18	0.01095	0.01060	0.01566	0.02217	0.53599	0.05717	0.01186	0.01377	0.04044	0.01496	0.01626	0.01973	0.12929	0.00624	0.00522	0.00151	0.02410	0.05452	0.00291	0.00666
19	0.11082	0.01154	0.02258	0.01740	0.07127	0.01105	0.53816	0.01545	0.01121	0.08201	0.05260	0.01374	0.00945	0.00456	0.00520	0.00157	0.00676	0.00529	0.00292	0.00641
20	0.01363	0.01361	0.02022	0.01817	0.17282	0.12588	0.31700	0.11294	0.09443	0.04694	0.01080	0.01254	0.00820	0.00474	0.00505	0.00149	0.00673	0.00478	0.00309	0.00693
21	0.28305	0.01112	0.05480	0.01181	0.07455	0.01047	0.14549	0.10803	0.01159	0.10317	0.00963	0.01078	0.00713	0.00453	0.00416	0.00138	0.00500	0.00379	0.00328	0.13624
22	0.16050	0.04810	0.01310	0.00997	0.02432	0.03522	0.18243	0.02496	0.02794	0.01632	0.08019	0.02066	0.17843	0.00646	0.00462	0.00141	0.00454	0.01373	0.02588	0.12122
23	0.15711	0.01244	0.03350	0.07147	0.01458	0.20843	0.11154	0.01370	0.02322	0.01455	0.04965	0.08754	0.06236	0.00691	0.00591	0.02613	0.07005	0.00525	0.00295	0.02271

[dist]
# distance from previous block
# <min> <max>
13	109

[block]
# block no. 2 follows, 53 sequences, length 31
# corresponding to MSA columns:
# 264-294
name=unknown_C
#
# <colnr> <probs for GDERKNQSTAVLIFYWHMCP>
#	G	D	E	R	K	N	Q	S	T	A	V	L	I	F	Y	W	H	M	C	P
0	0.02538	0.02094	0.00975	0.00858	0.01032	0.04198	0.03886	0.10679	0.05334	0.01539	0.02075	0.31537	0.11314	0.01094	0.03600	0.00187	0.07925	0.00830	0.00385	0.07921
1	0.05930	0.01042	0.01481	0.03737	0.01540	0.04969	0.20622	0.06831	0.17451	0.09706	0.12729	0.04030	0.01526	0.00614	0.00522	0.00153	0.02077	0.00560	0.00394	0.04089
2	0.05518	0.01140	0.01112	0.00928	0.01214	0.16349	0.02029	0.10104	0.07786	0.18494	0.08816	0.04673	0.03004	0.00637	0.00503	0.00139	0.03397	0.01673	0.00412	0.12073
3	0.01120	0.11558	0.31254	0.01372	0.01879	0.01259	0.21204	0.04401	0.18011	0.01628	0.01108	0.01224	0.00829	0.00482	0.00473	0.00150	0.00631	0.00439	0.00284	0.00694
4	0.00639	0.00514	0.00583	0.00636	0.00733	0.02746	0.00466	0.00762	0.01043	0.01319	0.09076	0.37924	0.30708	0.01307	0.00591	0.00180	0.00296	0.09623	0.00444	0.00409
5	0.01305	0.20106	0.41808	0.01150	0.01703	0.01222	0.03729	0.04888	0.01127	0.17090	0.01033	0.01092	0.00734	0.00475	0.00431	0.00140	0.00599	0.00366	0.00292	0.00709
6	0.01702	0.01452	0.04721	0.01172	0.01527	0.19868	0.08839	0.25718	0.04043	0.18941	0.01179	0.01205	0.00840	0.00542	0.00512	0.00143	0.03602	0.00422	0.00398	0.03175
7	0.00581	0.00453	0.00528	0.00576	0.00672	0.00400	0.00406	0.00693	0.01030	0.01306	0.09522	0.40198	0.39285	0.01324	0.00585	0.00175	0.00257	0.01157	0.00450	0.00400
8	0.01456	0.01515	0.01584	0.01352	0.05204	0.31624	0.18216	0.06355	0.10198	0.07667	0.03297	0.03220	0.04990	0.00571	0.00490	0.00144	0.00665	0.00491	0.00334	0.00628
9	0.03486	0.01034	0.01446	0.04706	0.05399	0.03335	0.15018	0.13258	0.16144	0.15344	0.05069	0.01941	0.04265	0.00644	0.00511	0.00158	0.00511	0.06631	0.00419	0.00681
10	0.01121	0.01340	0.06175	0.01986	0.02479	0.01204	0.75182	0.01530	0.01123	0.01530	0.00962	0.01277	0.00720	0.00405	0.00559	0.00161	0.00802	0.00555	0.00240	0.00647
11	0.01031	0.01143	0.02381	0.01779	0.04866	0.01065	0.62146	0.01381	0.01120	0.01490	0.01643	0.01865	0.14604	0.00545	0.00561	0.00161	0.00699	0.00637	0.00277	0.00606
12	0.01505	0.09190	0.04078	0.03918	0.02787	0.20002	0.06284	0.09962	0.14320	0.14969	0.01366	0.01458	0.03143	0.00635	0.02247	0.00157	0.00596	0.02343	0.00372	0.00669
13	0.01402	0.01003	0.01098	0.01045	0.06389	0.08502	0.00772	0.05024	0.28196	0.21232	0.08596	0.03772	0.03292	0.00714	0.00503	0.00157	0.00436	0.06709	0.00471	0.00687
14	0.00582	0.00416	0.00555	0.00666	0.00693	0.00388	0.00444	0.00666	0.00915	0.01220	0.02634	0.82891	0.03161	0.01497	0.00610	0.00194	0.00277	0.01359	0.00444	0.00388
15	0.01087	0.01143	0.02108	0.26118	0.15835	0.03553	0.34501	0.01441	0.02708	0.01424	0.00917	0.01253	0.00712	0.00458	0.00566	0.00159	0.04675	0.00484	0.00236	0.00623
16	0.00995	0.07632	0.68269	0.01389	0.02054	0.01170	0.08959	0.01510	0.01018	0.01490	0.00855	0.01020	0.00617	0.00446	0.00455	0.00149	0.00703	0.00367	0.00206	0.00694
17	0.01128	0.01289	0.02820	0.02015	0.02498	0.01209	0.78485	0.01531	0.01128	0.01531	0.00967	0.01289	0.00725	0.00403	0.00564	0.00161	0.00806	0.00564	0.00242	0.00645
18	0.00653	0.00535	0.00581	0.00561	0.00719	0.00489	0.00423	0.00915	0.08342	0.01528	0.25206	0.04059	0.52082	0.01095	0.00557	0.00158	0.00250	0.00926	0.00470	0.00449
19	0.01152	0.00934	0.01437	0.25965	0.17211	0.01039	0.05050	0.01590	0.13766	0.10930	0.01330	0.01592	0.03307	0.00702	0.03890	0.00185	0.06571	0.02385	0.00323	0.00640
20	0.01121	0.01338	0.06020	0.01988	0.02480	0.01205	0.75335	0.01530	0.01123	0.01530	0.00962	0.01278	0.00720	0.00405	0.00560	0.00161	0.00802	0.00555	0.00240	0.00647
21	0.01848	0.01289	0.01404	0.01076	0.01457	0.01408	0.00889	0.71412	0.02164	0.10344	0.01217	0.01193	0.00848	0.00575	0.00478	0.00144	0.00515	0.00435	0.00489	0.00813
22	0.03688	0.05834	0.68259	0.01370	0.02032	0.01151	0.08140	0.01508	0.01011	0.01518	0.00852	0.01015	0.00613	0.00448	0.00452	0.00150	0.00696	0.00364	0.00208	0.00691
23	0.01294	0.01335	0.04252	0.01731	0.11314	0.12244	0.38803	0.06211	0.01239	0.07408	0.03640	0.02913	0.02642	0.00518	0.00523	0.00153	0.00689	0.02139	0.00302	0.00650
24	0.01785	0.02278	0.01354	0.01231	0.01478	0.81284	0.00924	0.01909	0.01354	0.01170	0.00739	0.00862	0.00616	0.00493	0.00431	0.00123	0.00862	0.00308	0.00246	0.00554
25	0.00593	0.00420	0.00551	0.00652	0.00677	0.00395	0.00429	0.00668	0.00894	0.01192	0.02528	0.75348	0.03027	0.09224	0.00782	0.00220	0.00295	0.01296	0.00429	0.00379
26	0.04448	0.01525	0.01318	0.01099	0.01414	0.31798	0.03935	0.16964	0.11210	0.19684	0.01235	0.01220	0.00889	0.00545	0.00459	0.00140	0.00615	0.00408	0.00401	0.00691
27	0.02113	0.00863	0.01140	0.00874	0.01245	0.00776	0.00722	0.09544	0.01451	0.73220	0.01816	0.01582	0.01148	0.00590	0.00480	0.00147	0.00418	0.00476	0.00581	0.00813
28	0.01126	0.01282	0.02777	0.01990	0.02458	0.01217	0.76024	0.01519	0.01116	0.01519	0.00956	0.01282	0.00722	0.00417	0.00596	0.00163	0.03397	0.00559	0.00241	0.00641
29	0.01004	0.00993	0.01415	0.01220	0.01236	0.01355	0.03129	0.01115	0.00760	0.01167	0.00827	0.08792	0.00870	0.00887	0.01450	0.00206	0.72316	0.00511	0.00232	0.00513
30	0.06584	0.00910	0.01131	0.00964	0.01251	0.02592	0.05849	0.04332	0.25757	0.27195	0.01848	0.05610	0.01486	0.00729	0.00507	0.00165	0.00434	0.11485	0.00479	0.00689

[dist]
# distance from previous block
# <min> <max>
1	6

[block]
# block no. 3 follows, 53 sequences, length 82
# corresponding to MSA columns:
# 301-364,366-383
name=unknown_D
#
# <colnr> <probs for GDERKNQSTAVLIFYWHMCP>
#	G	D	E	R	K	N	Q	S	T	A	V	L	I	F	Y	W	H	M	C	P
0	0.00589	0.00421	0.00562	0.00673	0.00704	0.00394	0.00455	0.00677	0.00922	0.01228	0.02631	0.80161	0.03147	0.01491	0.00612	0.00195	0.00283	0.04023	0.00444	0.00390
1	0.00812	0.00544	0.00709	0.00762	0.00882	0.00521	0.00612	0.03384	0.01104	0.06824	0.04221	0.27211	0.13657	0.01276	0.00612	0.00196	0.00362	0.35399	0.00455	0.00457
2	0.01381	0.01185	0.02242	0.03418	0.02111	0.02783	0.51254	0.04381	0.05920	0.18461	0.01221	0.01377	0.00866	0.00467	0.00534	0.00157	0.00683	0.00532	0.00339	0.00689
3	0.01131	0.03099	0.02813	0.01988	0.02470	0.01224	0.76775	0.01529	0.01125	0.01522	0.00960	0.01278	0.00723	0.00403	0.00558	0.00160	0.00799	0.00557	0.00241	0.00644
4	0.01132	0.01280	0.02765	0.02072	0.07400	0.01204	0.73627	0.01527	0.01126	0.01533	0.00963	0.01283	0.00727	0.00404	0.00558	0.00160	0.00791	0.00555	0.00241	0.00652
5	0.01158	0.01393	0.10896	0.01940	0.09978	0.01206	0.55103	0.06105	0.04258	0.01638	0.00998	0.01260	0.00750	0.00430	0.00535	0.00157	0.00738	0.00519	0.00261	0.00677
6	0.22306	0.00889	0.01128	0.01160	0.14236	0.02676	0.04472	0.02953	0.03891	0.20088	0.17054	0.04290	0.01648	0.00624	0.00458	0.00149	0.00414	0.00523	0.00412	0.00629
7	0.01184	0.01206	0.06991	0.17931	0.11379	0.01142	0.36557	0.03970	0.01119	0.08298	0.00997	0.01270	0.00741	0.00466	0.00568	0.00159	0.04611	0.00489	0.00269	0.00653
8	0.00706	0.00534	0.00623	0.00595	0.00745	0.00492	0.00454	0.00965	0.06576	0.03624	0.39312	0.03883	0.34908	0.01052	0.00560	0.00158	0.00255	0.03607	0.00488	0.00461
9	0.01106	0.18942	0.56898	0.01238	0.01838	0.09258	0.01489	0.01536	0.01036	0.01400	0.00807	0.00945	0.00608	0.00449	0.00422	0.00139	0.00682	0.00329	0.00207	0.00672
10	0.02614	0.28776	0.41015	0.01127	0.01660	0.04176	0.04131	0.01476	0.01033	0.03378	0.03682	0.01133	0.02910	0.00481	0.00414	0.00135	0.00609	0.00364	0.00235	0.00650
11	0.01636	0.00777	0.01047	0.00960	0.06514	0.00721	0.00704	0.01944	0.09778	0.49017	0.08782	0.12714	0.01742	0.00742	0.00505	0.00155	0.00381	0.00635	0.00530	0.00714
12	0.00622	0.00481	0.00569	0.00566	0.00690	0.00427	0.00421	0.00789	0.01191	0.01572	0.38780	0.12412	0.35680	0.01137	0.00571	0.00161	0.00243	0.02781	0.00481	0.00424
13	0.02457	0.03645	0.08778	0.27157	0.03571	0.06800	0.01037	0.12638	0.05827	0.12692	0.01234	0.06909	0.00995	0.03533	0.00544	0.00163	0.00557	0.00491	0.00341	0.00631
14	0.01210	0.02755	0.08981	0.09076	0.35273	0.01166	0.17967	0.06841	0.05778	0.04749	0.01019	0.01241	0.00786	0.00457	0.00490	0.00149	0.00616	0.00455	0.00277	0.00712
15	0.01799	0.00911	0.06482	0.02653	0.01236	0.00762	0.00745	0.08510	0.01348	0.53667	0.01675	0.01562	0.01107	0.00572	0.00454	0.00142	0.00412	0.00461	0.14765	0.00738
16	0.01076	0.01501	0.18347	0.01835	0.02353	0.01163	0.60630	0.01501	0.01103	0.01520	0.01069	0.01339	0.03231	0.00439	0.00542	0.00159	0.00768	0.00536	0.00240	0.00649
17	0.01256	0.03496	0.18122	0.06685	0.05323	0.11258	0.01049	0.10281	0.08989	0.09040	0.06271	0.05257	0.01361	0.00674	0.00494	0.00156	0.00552	0.08731	0.00362	0.00644
18	0.02822	0.11592	0.23328	0.03363	0.05752	0.03491	0.04052	0.03179	0.18004	0.14050	0.02942	0.01402	0.02859	0.00541	0.00455	0.00146	0.00533	0.00440	0.00349	0.00700
19	0.01372	0.10664	0.01523	0.05081	0.07845	0.03599	0.09962	0.07567	0.09684	0.19099	0.01438	0.04449	0.02862	0.06259	0.00665	0.00173	0.04488	0.02241	0.00376	0.00655
20	0.00639	0.00518	0.00618	0.00668	0.00745	0.03233	0.02075	0.00743	0.00987	0.01265	0.06456	0.56078	0.19671	0.03153	0.00631	0.00188	0.00303	0.01193	0.00433	0.00403
21	0.01145	0.02985	0.15158	0.01640	0.04498	0.08428	0.41189	0.03283	0.05016	0.01547	0.05057	0.01396	0.02717	0.00498	0.00553	0.00155	0.03313	0.00513	0.00270	0.00640
22	0.01261	0.01279	0.03625	0.07895	0.24687	0.14198	0.12028	0.09591	0.04577	0.03391	0.01315	0.05221	0.05248	0.00586	0.00497	0.00150	0.00607	0.02884	0.00307	0.00651
23	0.01089	0.04171	0.27552	0.01238	0.03038	0.09158	0.11367	0.08949	0.01187	0.01585	0.02550	0.11588	0.01295	0.00704	0.00506	0.00160	0.00602	0.09758	0.02895	0.00608
24	0.06178	0.00854	0.01111	0.00856	0.01223	0.00772	0.00707	0.07346	0.01400	0.71643	0.01778	0.01554	0.01127	0.00583	0.00472	0.00148	0.00413	0.00467	0.00570	0.00799
25	0.07623	0.17713	0.22208	0.01304	0.01781	0.03118	0.24309	0.01556	0.01083	0.09432	0.04738	0.01209	0.00882	0.00469	0.00454	0.00143	0.00623	0.00426	0.00277	0.00650
26	0.01261	0.12868	0.40227	0.01181	0.01698	0.06380	0.03229	0.09565	0.05415	0.09002	0.01057	0.03303	0.00801	0.00517	0.00459	0.00144	0.01504	0.00400	0.00293	0.00696
27	0.01271	0.01207	0.01122	0.00989	0.01209	0.23955	0.07016	0.02999	0.18029	0.05348	0.01465	0.10510	0.01256	0.00726	0.02308	0.00158	0.01898	0.00541	0.17415	0.00578
28	0.19601	0.08613	0.09489	0.01180	0.05493	0.34708	0.03288	0.09560	0.01243	0.01628	0.00786	0.00910	0.00624	0.00473	0.00405	0.00134	0.00661	0.00324	0.00272	0.00607
29	0.00720	0.00594	0.00647	0.00630	0.00791	0.00579	0.00472	0.01120	0.17991	0.01540	0.16553	0.12921	0.41492	0.01084	0.00553	0.00163	0.00273	0.00924	0.00467	0.00486
30	0.01443	0.17955	0.01521	0.02810	0.01354	0.16078	0.02762	0.21999	0.01433	0.05878	0.07401	0.01311	0.03018	0.00555	0.00472	0.00128	0.03457	0.00412	0.00347	0.09667
31	0.00590	0.00424	0.00547	0.00642	0.00676	0.00395	0.00426	0.00669	0.00909	0.01201	0.02690	0.71353	0.08115	0.08009	0.00753	0.00213	0.00290	0.01283	0.00431	0.00381
32	0.01392	0.03769	0.06080	0.09020	0.04698	0.08295	0.02094	0.11120	0.14209	0.17599	0.10272	0.01666	0.03171	0.00614	0.00504	0.00148	0.02345	0.00498	0.00411	0.02095
33	0.02751	0.14813	0.51292	0.01163	0.01749	0.01151	0.01385	0.01660	0.01071	0.17115	0.01028	0.01089	0.00720	0.00474	0.00433	0.00143	0.00611	0.00361	0.00281	0.00710
34	0.00644	0.00447	0.00535	0.00576	0.00599	0.00431	0.00357	0.00689	0.00821	0.01087	0.04263	0.33492	0.07215	0.44889	0.01575	0.00334	0.00373	0.00971	0.00364	0.00338
35	0.01287	0.57492	0.03242	0.00926	0.01288	0.08394	0.03600	0.06700	0.01073	0.01277	0.00774	0.00933	0.00686	0.00735	0.07973	0.00174	0.02295	0.00312	0.00233	0.00605
36	0.09504	0.03756	0.01497	0.01186	0.03473	0.11226	0.12463	0.20776	0.15418	0.14009	0.01259	0.01274	0.00912	0.00533	0.00465	0.00147	0.00551	0.00441	0.00401	0.00710
37	0.00638	0.00508	0.00612	0.00642	0.03826	0.00452	0.00449	0.00808	0.01192	0.01566	0.36773	0.08722	0.39890	0.01097	0.00563	0.00158	0.00250	0.00945	0.00471	0.00437
38	0.00582	0.00416	0.00555	0.00666	0.00693	0.00388	0.00444	0.00666	0.00915	0.01220	0.02634	0.82891	0.03161	0.01497	0.00610	0.00194	0.00277	0.01359	0.00444	0.00388
39	0.01167	0.01338	0.08010	0.01878	0.02363	0.01177	0.66789	0.01603	0.03859	0.05341	0.01038	0.01304	0.00765	0.00424	0.00550	0.00160	0.00765	0.00545	0.00264	0.00661
40	0.00991	0.00850	0.00991	0.00708	0.01133	0.00637	0.00566	0.01203	0.00991	0.01557	0.00850	0.00991	0.00708	0.00354	0.00354	0.00071	0.00354	0.00283	0.00283	0.86124
41	0.00565	0.00484	0.00484	0.00484	0.00646	0.00403	0.00363	0.00686	0.01089	0.01291	0.04842	0.04600	0.80027	0.01210	0.00565	0.00161	0.00242	0.01009	0.00444	0.00403
42	0.00605	0.00514	0.00525	0.00517	0.00682	0.00449	0.00389	0.00799	0.05335	0.01366	0.09019	0.04388	0.71424	0.01167	0.00561	0.00161	0.00248	0.00975	0.00451	0.00425
43	0.01185	0.53820	0.21874	0.01155	0.06903	0.01613	0.04828	0.01459	0.00996	0.01270	0.00743	0.00880	0.00627	0.00421	0.00367	0.00120	0.00578	0.00306	0.00208	0.00648
44	0.07571	0.01261	0.01311	0.01035	0.01393	0.04134	0.00846	0.55014	0.11225	0.09467	0.01259	0.01229	0.00895	0.00572	0.00465	0.00146	0.00499	0.00432	0.00468	0.00777
45	0.00891	0.00445	0.00445	0.00445	0.00557	0.00445	0.00334	0.01114	0.01002	0.01782	0.01559	0.01782	0.01225	0.00557	0.00334	0.00111	0.00223	0.00445	0.85856	0.00445
46	0.01189	0.01027	0.01081	0.00973	0.01243	0.01189	0.00757	0.02540	0.79357	0.01999	0.01945	0.01783	0.01459	0.00648	0.00486	0.00162	0.00378	0.00540	0.00486	0.00757
47	0.01183	0.01136	0.01940	0.02934	0.80221	0.01136	0.01467	0.01467	0.01088	0.01562	0.00899	0.01183	0.00757	0.00426	0.00473	0.00142	0.00568	0.00426	0.00237	0.00757
48	0.01278	0.83490	0.02505	0.00818	0.01227	0.01891	0.00818	0.01431	0.00971	0.01125	0.00664	0.00767	0.00613	0.00409	0.00307	0.00102	0.00511	0.00256	0.00204	0.00613
49	0.01839	0.01303	0.01412	0.01083	0.01464	0.01429	0.00894	0.73405	0.02187	0.08319	0.01198	0.01180	0.00838	0.00575	0.00478	0.00144	0.00518	0.00434	0.00486	0.00813
50	0.00565	0.00484	0.00484	0.00484	0.00646	0.00403	0.00363	0.00686	0.01089	0.01291	0.04842	0.04600	0.80027	0.01210	0.00565	0.00161	0.00242	0.01009	0.00444	0.00403
51	0.01811	0.01267	0.01490	0.01132	0.01520	0.01361	0.06353	0.63260	0.02054	0.12999	0.01231	0.01220	0.00855	0.00564	0.00485	0.00145	0.00530	0.00446	0.00476	0.00801
52	0.03696	0.01479	0.01289	0.01081	0.01387	0.32019	0.03657	0.08939	0.11710	0.26486	0.01301	0.01267	0.00925	0.00553	0.00480	0.00141	0.02079	0.00414	0.00408	0.00688
53	0.86579	0.00924	0.00702	0.00629	0.00924	0.01072	0.00518	0.01405	0.00813	0.02144	0.00666	0.00776	0.00518	0.00444	0.00296	0.00148	0.00370	0.00259	0.00296	0.00518
54	0.01183	0.01136	0.01940	0.02934	0.80221	0.01136	0.01467	0.01467	0.01088	0.01562	0.00899	0.01183	0.00757	0.00426	0.00473	0.00142	0.00568	0.00426	0.00237	0.00757
55	0.17635	0.01212	0.01154	0.00939	0.01269	0.13678	0.00757	0.25141	0.01515	0.27610	0.01278	0.03663	0.00918	0.00571	0.00442	0.00144	0.00504	0.00424	0.00443	0.00705
56	0.00861	0.00444	0.00648	0.00638	0.00650	0.00449	0.00431	0.03075	0.00674	0.00899	0.00840	0.01443	0.00830	0.01626	0.01824	0.83392	0.00419	0.00416	0.00216	0.00227
57	0.00579	0.00482	0.00488	0.00488	0.00632	0.00410	0.00355	0.00687	0.01047	0.01252	0.04486	0.04443	0.71671	0.09961	0.00764	0.00194	0.00266	0.00975	0.00427	0.00391
58	0.00595	0.00425	0.00569	0.00680	0.00714	0.00399	0.00466	0.00688	0.00928	0.01235	0.02627	0.77586	0.03133	0.01485	0.00613	0.00196	0.00288	0.06536	0.00443	0.00392
59	0.01147	0.01265	0.02671	0.02021	0.07750	0.01199	0.69072	0.04261	0.01162	0.01580	0.00998	0.02714	0.00773	0.00430	0.00556	0.00160	0.00770	0.00564	0.00253	0.00654
60	0.01212	0.01335	0.01627	0.08740	0.05439	0.19397	0.11136	0.01389	0.00962	0.01230	0.00739	0.01074	0.00652	0.00686	0.02078	0.00183	0.40926	0.00414	0.00224	0.00556
61	0.01817	0.00997	0.01174	0.00925	0.01268	0.01016	0.00756	0.29000	0.11111	0.38009	0.03022	0.01522	0.01149	0.00597	0.00474	0.00146	0.00431	0.00475	0.05331	0.00779
62	0.03168	0.01018	0.01017	0.00900	0.01156	0.06929	0.00701	0.11158	0.40311	0.07305	0.05094	0.06658	0.11026	0.00749	0.00496	0.00157	0.00405	0.00616	0.00464	0.00671
63	0.01518	0.18883	0.01536	0.01009	0.01346	0.10853	0.00838	0.27651	0.25173	0.04559	0.01261	0.01240	0.00954	0.00552	0.00439	0.00138	0.00514	0.00413	0.00398	0.00723
64	0.01352	0.01181	0.06824	0.01480	0.21929	0.03237	0.01004	0.21669	0.01370	0.08466	0.01109	0.05011	0.00905	0.01706	0.00528	0.00139	0.03800	0.00443	0.00346	0.17502
65	0.06227	0.09441	0.13080	0.06784	0.04267	0.01087	0.17272	0.06218	0.01190	0.23735	0.01156	0.01235	0.00813	0.00479	0.00460	0.00143	0.00567	0.00426	0.00347	0.05072
66	0.01413	0.01087	0.01639	0.03955	0.37728	0.01092	0.05820	0.18184	0.01385	0.13535	0.04060	0.01407	0.02732	0.00517	0.00483	0.00143	0.00525	0.00468	0.00357	0.03469
67	0.10052	0.01370	0.01078	0.03478	0.01255	0.32247	0.00740	0.08078	0.01320	0.16202	0.06727	0.01525	0.06051	0.00596	0.00442	0.00136	0.00561	0.00442	0.07106	0.00594
68	0.01273	0.11753	0.03640	0.01471	0.09478	0.13776	0.25060	0.05312	0.01153	0.05247	0.01083	0.01336	0.02792	0.03568	0.03950	0.00179	0.03526	0.00458	0.04332	0.00614
69	0.00772	0.00491	0.00599	0.00572	0.00697	0.00453	0.00429	0.00974	0.01226	0.05551	0.46952	0.07890	0.12510	0.00932	0.00516	0.00146	0.00239	0.00807	0.17787	0.00458
70	0.00597	0.00477	0.00535	0.00539	0.00670	0.00414	0.00397	0.00742	0.01138	0.01452	0.24938	0.14438	0.49607	0.01184	0.00570	0.00163	0.00242	0.01015	0.00466	0.00414
71	0.01574	0.00875	0.01059	0.00876	0.01160	0.00877	0.00701	0.21815	0.08608	0.32353	0.10148	0.12765	0.01769	0.00772	0.00511	0.00156	0.00399	0.02357	0.00522	0.00704
72	0.01166	0.10008	0.12819	0.06400	0.05471	0.09458	0.39441	0.01505	0.01084	0.01409	0.00895	0.02299	0.00712	0.00462	0.00551	0.00152	0.04838	0.00468	0.00232	0.00629
73	0.00857	0.00671	0.00910	0.00841	0.00911	0.00832	0.00668	0.03083	0.00839	0.01293	0.01156	0.01663	0.01055	0.05963	0.37091	0.00451	0.24042	0.00479	0.16731	0.00462
74	0.00581	0.00420	0.00550	0.00654	0.00690	0.00389	0.00439	0.00667	0.00926	0.01225	0.02771	0.78060	0.07904	0.01480	0.00607	0.00192	0.00275	0.01337	0.00444	0.00389
75	0.00582	0.00416	0.00555	0.00666	0.00693	0.00388	0.00444	0.00666	0.00915	0.01220	0.02634	0.82891	0.03161	0.01497	0.00610	0.00194	0.00277	0.01359	0.00444	0.00388
76	0.01089	0.00920	0.01441	0.14410	0.35802	0.00975	0.01123	0.05877	0.03064	0.05306	0.01331	0.04633	0.03815	0.00968	0.10154	0.00229	0.02186	0.05736	0.00301	0.00637
77	0.01140	0.01199	0.07283	0.10523	0.67389	0.01127	0.01474	0.01446	0.01070	0.01525	0.00891	0.01180	0.00735	0.00433	0.00472	0.00144	0.00584	0.00421	0.00232	0.00732
78	0.01128	0.00589	0.00778	0.00673	0.00868	0.00527	0.00525	0.01335	0.01345	0.26337	0.52082	0.03015	0.07102	0.00868	0.00538	0.00150	0.00283	0.00752	0.00543	0.00561
79	0.00671	0.00521	0.00625	0.00678	0.00784	0.00501	0.00506	0.00918	0.08823	0.01371	0.05132	0.37355	0.25154	0.01288	0.00592	0.00185	0.00303	0.13706	0.00449	0.00440
80	0.01109	0.06969	0.13292	0.01446	0.01865	0.04943	0.37047	0.06167	0.01193	0.03026	0.07214	0.03630	0.07331	0.00578	0.00520	0.00154	0.00643	0.01957	0.00300	0.00617
81	0.15747	0.04119	0.04870	0.00868	0.01242	0.06926	0.02556	0.11655	0.02285	0.11947	0.04793	0.01182	0.00929	0.00481	0.00402	0.00119	0.00451	0.00366	0.00354	0.28709

[dist]
# distance from previous block
# <min> <max>
1	12

[block]
# block no. 4 follows, 53 sequences, length 39
# corresponding to MSA columns:
# 396-434
name=unknown_E
#
# <colnr> <probs for GDERKNQSTAVLIFYWHMCP>
#	G	D	E	R	K	N	Q	S	T	A	V	L	I	F	Y	W	H	M	C	P
0	0.01259	0.01123	0.07108	0.01044	0.04809	0.05619	0.00828	0.06116	0.39119	0.10352	0.05276	0.08315	0.01494	0.00676	0.00486	0.00153	0.00434	0.00565	0.00439	0.04783
1	0.00695	0.00463	0.00521	0.00521	0.00521	0.00463	0.00290	0.00695	0.00695	0.00927	0.01506	0.03128	0.01738	0.83203	0.02433	0.00463	0.00463	0.00695	0.00290	0.00290
2	0.01450	0.01279	0.01576	0.01239	0.01587	0.10082	0.17458	0.29708	0.14437	0.04468	0.01316	0.05117	0.01053	0.00597	0.00499	0.00150	0.00574	0.02879	0.00396	0.04134
3	0.01110	0.01213	0.02395	0.01883	0.08043	0.01271	0.52197	0.01426	0.01020	0.01433	0.00872	0.01217	0.00702	0.00519	0.00823	0.00172	0.22334	0.00515	0.00233	0.00621
4	0.01160	0.01128	0.01972	0.08312	0.69050	0.01136	0.07278	0.01455	0.01082	0.01536	0.00901	0.01197	0.00746	0.00428	0.00480	0.00145	0.00591	0.00436	0.00235	0.00733
5	0.00582	0.00416	0.00555	0.00666	0.00693	0.00388	0.00444	0.00666	0.00915	0.01220	0.02634	0.82891	0.03161	0.01497	0.00610	0.00194	0.00277	0.01359	0.00444	0.00388
6	0.01046	0.01046	0.01464	0.01255	0.01255	0.01464	0.01046	0.01150	0.00732	0.01150	0.00627	0.01046	0.00627	0.00837	0.01569	0.00209	0.82328	0.00418	0.00209	0.00523
7	0.00594	0.00455	0.00545	0.00586	0.00680	0.00406	0.00415	0.00718	0.01063	0.01380	0.18239	0.38814	0.31800	0.01292	0.00585	0.00174	0.00254	0.01135	0.00460	0.00406
8	0.00565	0.00484	0.00484	0.00484	0.00646	0.00403	0.00363	0.00686	0.01089	0.01291	0.04842	0.04600	0.80027	0.01210	0.00565	0.00161	0.00242	0.01009	0.00444	0.00403
9	0.00683	0.00512	0.00768	0.00768	0.00853	0.00597	0.00597	0.00853	0.00768	0.01110	0.01280	0.01878	0.01195	0.03585	0.81308	0.00768	0.01280	0.00512	0.00256	0.00427
10	0.00582	0.00416	0.00555	0.00666	0.00693	0.00388	0.00444	0.00666	0.00915	0.01220	0.02634	0.82891	0.03161	0.01497	0.00610	0.00194	0.00277	0.01359	0.00444	0.00388
11	0.00666	0.00488	0.00625	0.00591	0.00708	0.00447	0.00443	0.00882	0.01329	0.01859	0.73100	0.03664	0.11414	0.00998	0.00564	0.00151	0.00227	0.00878	0.00519	0.00447
12	0.01785	0.02278	0.01354	0.01231	0.01478	0.81284	0.00924	0.01909	0.01354	0.01170	0.00739	0.00862	0.00616	0.00493	0.00431	0.00123	0.00862	0.00308	0.00246	0.00554
13	0.01278	0.83490	0.02505	0.00818	0.01227	0.01891	0.00818	0.01431	0.00971	0.01125	0.00664	0.00767	0.00613	0.00409	0.00307	0.00102	0.00511	0.00256	0.00204	0.00613
14	0.00679	0.00517	0.00630	0.00616	0.00738	0.00488	0.00456	0.00948	0.07131	0.01697	0.47866	0.15631	0.18661	0.01076	0.00565	0.00160	0.00248	0.00943	0.00495	0.00455
15	0.00588	0.00426	0.00556	0.00648	0.00691	0.00394	0.00439	0.00685	0.00961	0.01278	0.08635	0.71360	0.08699	0.01438	0.00603	0.00188	0.00271	0.01297	0.00450	0.00394
16	0.01046	0.01046	0.01464	0.01255	0.01255	0.01464	0.01046	0.01150	0.00732	0.01150	0.00627	0.01046	0.00627	0.00837	0.01569	0.00209	0.82328	0.00418	0.00209	0.00523
17	0.01035	0.01031	0.01444	0.01241	0.01243	0.01439	0.01033	0.01142	0.00733	0.01149	0.00646	0.01069	0.00644	0.00915	0.03835	0.00225	0.80024	0.00421	0.00210	0.00520
18	0.00963	0.00515	0.00522	0.00496	0.00629	0.00526	0.00379	0.07144	0.01099	0.01878	0.01527	0.01733	0.01193	0.00558	0.00345	0.00114	0.00246	0.00444	0.79214	0.00474
19	0.01362	0.00645	0.00846	0.00716	0.00958	0.00568	0.00573	0.01552	0.01309	0.39140	0.28194	0.02885	0.13893	0.00845	0.00529	0.00154	0.00324	0.04349	0.00541	0.00616
20	0.00887	0.00820	0.01364	0.70881	0.05404	0.00999	0.01238	0.01195	0.01002	0.01306	0.09318	0.01517	0.01055	0.00530	0.00487	0.00158	0.00591	0.00472	0.00247	0.00529
21	0.01183	0.01136	0.01940	0.02934	0.80221	0.01136	0.01467	0.01467	0.01088	0.01562	0.00899	0.01183	0.00757	0.00426	0.00473	0.00142	0.00568	0.00426	0.00237	0.00757
22	0.03389	0.01561	0.01428	0.05712	0.19274	0.35704	0.01048	0.09159	0.01283	0.01491	0.01004	0.01478	0.00895	0.00594	0.00541	0.00148	0.05835	0.08566	0.00285	0.00609
23	0.01639	0.01112	0.07154	0.00933	0.01309	0.03367	0.00807	0.20324	0.09396	0.31853	0.01691	0.01591	0.06328	0.00596	0.00469	0.00140	0.00452	0.00474	0.00471	0.09893
24	0.02271	0.15428	0.12610	0.01102	0.07214	0.12605	0.00944	0.02657	0.01117	0.03526	0.03550	0.04495	0.06400	0.00773	0.00506	0.00157	0.01726	0.20097	0.02258	0.00564
25	0.03102	0.51986	0.14603	0.00893	0.01307	0.01534	0.00920	0.01498	0.09373	0.01322	0.01184	0.01293	0.06743	0.00521	0.00375	0.00124	0.00503	0.01836	0.00259	0.00622
26	0.00724	0.00520	0.00649	0.00701	0.00767	0.00512	0.00484	0.09017	0.01056	0.01412	0.04481	0.66980	0.02856	0.06540	0.00710	0.00205	0.00314	0.01204	0.00440	0.00429
27	0.01090	0.01040	0.01771	0.29267	0.54617	0.01111	0.01420	0.01385	0.01044	0.01448	0.00883	0.01213	0.00717	0.00443	0.00475	0.00148	0.00591	0.00425	0.00229	0.00682
28	0.01187	0.10251	0.06426	0.01721	0.31554	0.15998	0.02221	0.01496	0.07028	0.01422	0.01493	0.05219	0.10784	0.00601	0.00466	0.00141	0.00560	0.00507	0.00287	0.00638
29	0.01764	0.00997	0.01083	0.00874	0.01181	0.09379	0.00706	0.13844	0.01428	0.43529	0.01903	0.01782	0.09488	0.00650	0.00507	0.00145	0.02986	0.00507	0.06539	0.00707
30	0.00651	0.00448	0.00609	0.00705	0.00752	0.00428	0.00512	0.00735	0.00930	0.01228	0.02474	0.54683	0.04775	0.01468	0.00755	0.09391	0.00328	0.18330	0.00418	0.00381
31	0.00983	0.02329	0.72295	0.01530	0.10432	0.01113	0.01734	0.01509	0.01018	0.01519	0.00862	0.01028	0.00622	0.00451	0.00456	0.00150	0.00692	0.00361	0.00206	0.00712
32	0.04077	0.01373	0.01354	0.02660	0.03676	0.18412	0.05740	0.37958	0.01675	0.02123	0.01525	0.03385	0.11087	0.00644	0.00503	0.00145	0.02112	0.00503	0.00386	0.00663
33	0.00927	0.00610	0.00756	0.00669	0.00838	0.00581	0.00517	0.09336	0.01430	0.09328	0.58567	0.03207	0.09511	0.00916	0.00547	0.00150	0.00276	0.00793	0.00521	0.00520
34	0.00790	0.00579	0.00712	0.00646	0.00791	0.00558	0.00493	0.09203	0.01429	0.01987	0.65856	0.03389	0.09821	0.00952	0.00555	0.00150	0.00259	0.00829	0.00515	0.00486
35	0.00650	0.00485	0.00587	0.00563	0.00676	0.00440	0.00411	0.00824	0.01215	0.01650	0.52269	0.03787	0.23617	0.09836	0.00764	0.00187	0.00255	0.00883	0.00480	0.00422
36	0.01063	0.00895	0.01193	0.00855	0.01283	0.00702	0.08911	0.01294	0.01024	0.05473	0.00913	0.01055	0.00733	0.00371	0.00383	0.00084	0.00405	0.00323	0.00294	0.72745
37	0.00783	0.00539	0.00735	0.00834	0.00944	0.00539	0.00724	0.01003	0.01090	0.01468	0.02427	0.05005	0.02587	0.01239	0.00625	0.00208	0.00417	0.68811	0.09581	0.00441
38	0.00697	0.00466	0.00528	0.00532	0.00535	0.00466	0.00303	0.00703	0.00707	0.00941	0.01535	0.03192	0.01767	0.80869	0.02382	0.00456	0.00463	0.02870	0.00294	0.00294

[dist]
# distance from previous block
# <min> <max>
0	1

[block]
# block no. 5 follows, 53 sequences, length 7
# corresponding to MSA columns:
# 436-442
name=unknown_F
#
# <colnr> <probs for GDERKNQSTAVLIFYWHMCP>
#	G	D	E	R	K	N	Q	S	T	A	V	L	I	F	Y	W	H	M	C	P
0	0.01124	0.00550	0.00598	0.00542	0.00706	0.00543	0.00420	0.05868	0.01128	0.13032	0.01581	0.01722	0.01195	0.00563	0.00363	0.00118	0.00267	0.00450	0.68710	0.00519
1	0.07042	0.01545	0.01145	0.01016	0.01257	0.38295	0.00778	0.20654	0.01450	0.01746	0.01171	0.12641	0.01069	0.00657	0.00451	0.00139	0.00612	0.00495	0.07252	0.00584
2	0.01779	0.00861	0.01150	0.12397	0.01519	0.00850	0.00802	0.02214	0.16723	0.53770	0.01750	0.01608	0.01160	0.00587	0.00481	0.00152	0.00434	0.00485	0.00517	0.00762
3	0.01574	0.10618	0.01596	0.01125	0.01477	0.03921	0.06816	0.50195	0.05035	0.02409	0.01187	0.01449	0.00944	0.00607	0.00511	0.00148	0.03065	0.06183	0.00411	0.00730
4	0.00652	0.00499	0.00606	0.00643	0.00744	0.00470	0.00470	0.00869	0.06150	0.01459	0.20348	0.34862	0.22248	0.01243	0.00584	0.00176	0.00276	0.06802	0.00465	0.00434
5	0.15218	0.03124	0.00969	0.06873	0.01207	0.00896	0.00663	0.08132	0.14691	0.19223	0.02278	0.02184	0.21181	0.00720	0.00468	0.00153	0.00384	0.00575	0.00439	0.00624
6	0.05151	0.00748	0.00979	0.00796	0.01093	0.00677	0.00640	0.01961	0.04743	0.56161	0.13195	0.08447	0.01810	0.00717	0.00496	0.00153	0.00367	0.00601	0.00554	0.00712

[dist]
# distance from previous block
# <min> <max>
0	1

[block]
# block no. 6 follows, 53 sequences, length 53
# corresponding to MSA columns:
# 445-497
name=unknown_G
#
# <colnr> <probs for GDERKNQSTAVLIFYWHMCP>
#	G	D	E	R	K	N	Q	S	T	A	V	L	I	F	Y	W	H	M	C	P
0	0.01503	0.01477	0.01239	0.01073	0.01364	0.26076	0.00836	0.18553	0.36745	0.01947	0.01373	0.01342	0.01041	0.00577	0.00464	0.00144	0.00559	0.00438	0.00405	0.02843
1	0.01137	0.21443	0.48326	0.01161	0.01727	0.03323	0.01366	0.02822	0.04332	0.05506	0.00945	0.01102	0.00721	0.00477	0.00424	0.00139	0.00620	0.01878	0.00246	0.02305
2	0.01107	0.40078	0.44418	0.01110	0.01678	0.01473	0.01326	0.01475	0.00991	0.01333	0.00768	0.00897	0.00609	0.00433	0.00386	0.00129	0.00616	0.00308	0.00203	0.00663
3	0.01122	0.01334	0.05780	0.01990	0.02482	0.01205	0.75571	0.01530	0.01124	0.01530	0.00963	0.01279	0.00721	0.00405	0.00560	0.00161	0.00802	0.00556	0.00240	0.00647
4	0.00985	0.01040	0.08735	0.23774	0.19592	0.00950	0.13604	0.01279	0.01036	0.04322	0.02601	0.15280	0.03392	0.00658	0.00515	0.00160	0.00568	0.00625	0.00286	0.00597
5	0.03505	0.06064	0.01338	0.01024	0.01326	0.15873	0.08794	0.07039	0.03517	0.28522	0.07829	0.07251	0.01431	0.00662	0.00488	0.00148	0.00523	0.03581	0.00429	0.00654
