[name]
unknown

[dist]
# distance from previous block
# <min> <max>
0	861

[block]
# block no. 0 follows, 55 sequences, length 12
# corresponding to MSA columns:
# 954-958,963-969
name=unknown_A
#
# <colnr> <probs for GDERKNQSTAVLIFYWHMCP>
#	G	D	E	R	K	N	Q	S	T	A	V	L	I	F	Y	W	H	M	C	P
0	0.06587	0.05331	0.11828	0.04813	0.04381	0.06016	0.00866	0.02878	0.11813	0.03932	0.05879	0.04712	0.07884	0.00746	0.00507	0.00156	0.02439	0.14278	0.00350	0.04605
1	0.12906	0.03333	0.07339	0.02925	0.01136	0.02350	0.02129	0.07676	0.11065	0.03939	0.16908	0.09077	0.06576	0.00718	0.00501	0.00147	0.03548	0.00586	0.00381	0.06760
2	0.00669	0.00477	0.00639	0.00636	0.00688	0.00516	0.00448	0.00772	0.00769	0.01077	0.08256	0.02464	0.01659	0.35721	0.42549	0.00575	0.00835	0.00600	0.00285	0.00363
3	0.00741	0.00605	0.00838	0.00792	0.00843	0.00737	0.00608	0.00856	0.00741	0.01062	0.01325	0.02029	0.05220	0.19155	0.43163	0.00533	0.19550	0.00539	0.00255	0.00408
4	0.44653	0.00990	0.00914	0.00761	0.01075	0.07976	0.00620	0.04732	0.01092	0.31428	0.01114	0.01085	0.00764	0.00494	0.00373	0.00142	0.00421	0.00343	0.00398	0.00625
5	0.00623	0.00465	0.00578	0.00570	0.00678	0.00421	0.00420	0.00801	0.01203	0.01642	0.53526	0.14826	0.20396	0.01070	0.00555	0.00155	0.00230	0.00938	0.00484	0.00421
6	0.00755	0.00588	0.00810	0.02688	0.00902	0.00661	0.00586	0.02972	0.00795	0.01143	0.01185	0.01865	0.01147	0.16557	0.50836	0.00566	0.07259	0.00498	0.00258	0.07929
7	0.00613	0.00487	0.00534	0.00537	0.00671	0.00437	0.00397	0.00805	0.04811	0.01411	0.18165	0.14522	0.49364	0.01123	0.00543	0.00157	0.00243	0.00958	0.03805	0.00417
8	0.04068	0.06991	0.01174	0.00791	0.01190	0.03923	0.02965	0.09357	0.01102	0.01637	0.00837	0.00961	0.00684	0.00380	0.00361	0.00086	0.00406	0.00297	0.00288	0.62502
9	0.03656	0.01169	0.08841	0.03150	0.06533	0.10583	0.02593	0.08649	0.04336	0.03976	0.05450	0.04559	0.03343	0.00655	0.03219	0.00148	0.04620	0.00443	0.02646	0.21430
10	0.03655	0.21440	0.25522	0.01267	0.09906	0.12424	0.04105	0.04950	0.02749	0.01424	0.00953	0.03018	0.02762	0.00481	0.00411	0.00130	0.00595	0.00372	0.00243	0.03594
11	0.04664	0.13226	0.09142	0.01233	0.13095	0.13219	0.03713	0.05836	0.04218	0.01510	0.10214	0.01538	0.06510	0.00666	0.03170	0.00154	0.03273	0.00453	0.00297	0.03868

[dist]
# distance from previous block
# <min> <max>
2	70

[block]
# block no. 1 follows, 55 sequences, length 13
# corresponding to MSA columns:
# 1041-1053
name=unknown_B
#
# <colnr> <probs for GDERKNQSTAVLIFYWHMCP>
#	G	D	E	R	K	N	Q	S	T	A	V	L	I	F	Y	W	H	M	C	P
0	0.01019	0.02556	0.03198	0.01098	0.12360	0.00841	0.02770	0.05538	0.19936	0.04754	0.04508	0.12075	0.08170	0.03512	0.00614	0.04904	0.00398	0.00611	0.00371	0.10767
1	0.01011	0.00997	0.01218	0.11444	0.05372	0.12171	0.04679	0.04177	0.00949	0.01235	0.02166	0.11894	0.01148	0.08300	0.09407	0.00254	0.22258	0.00557	0.00267	0.00495
2	0.00695	0.00514	0.00609	0.00578	0.00706	0.00490	0.00432	0.00977	0.07743	0.01705	0.49987	0.03379	0.18798	0.04164	0.00597	0.00158	0.00244	0.00806	0.06970	0.00448
3	0.00720	0.06797	0.00789	0.00674	0.00752	0.00626	0.00503	0.00829	0.00764	0.01043	0.01381	0.02470	0.01437	0.32058	0.40174	0.00547	0.00834	0.06949	0.00272	0.00382
4	0.01107	0.11811	0.09006	0.03707	0.11107	0.04350	0.08701	0.03662	0.22638	0.02805	0.03152	0.05937	0.01192	0.04006	0.00555	0.00160	0.01667	0.02481	0.01326	0.00631
5	0.01248	0.46714	0.07906	0.01000	0.03406	0.13553	0.04087	0.04865	0.03127	0.01281	0.02364	0.06778	0.00882	0.00512	0.00380	0.00120	0.00552	0.00382	0.00248	0.00594
6	0.01150	0.00999	0.01617	0.11825	0.47742	0.01023	0.04397	0.07814	0.01132	0.05533	0.01171	0.03634	0.03536	0.04132	0.00559	0.00159	0.00534	0.02094	0.00283	0.00666
7	0.05123	0.02526	0.10096	0.01087	0.02810	0.04059	0.09468	0.25794	0.07817	0.09446	0.06955	0.03875	0.02648	0.01537	0.00488	0.00146	0.00500	0.00491	0.02198	0.02936
8	0.01089	0.10009	0.57204	0.01327	0.06885	0.04700	0.01479	0.03007	0.03653	0.05137	0.00901	0.01019	0.00657	0.00452	0.00431	0.00141	0.00640	0.00350	0.00232	0.00684
9	0.01839	0.00799	0.01098	0.00974	0.07750	0.00716	0.00722	0.02075	0.04713	0.64094	0.04814	0.01769	0.05225	0.00609	0.00475	0.00145	0.00393	0.00505	0.00533	0.00752
10	0.00588	0.00426	0.00547	0.00635	0.00680	0.00397	0.00437	0.00677	0.00907	0.01189	0.02700	0.62825	0.11108	0.07634	0.00727	0.00207	0.00292	0.07228	0.00420	0.00376
11	0.01139	0.07563	0.13658	0.06210	0.33036	0.05250	0.06605	0.04774	0.01068	0.03451	0.00927	0.01248	0.00778	0.07342	0.00603	0.00161	0.00579	0.00411	0.00248	0.04949
12	0.00766	0.00498	0.00648	0.00645	0.00762	0.00467	0.00491	0.00930	0.01110	0.08442	0.31075	0.17499	0.13366	0.04673	0.06785	0.00221	0.00359	0.10366	0.00453	0.00443

[dist]
# distance from previous block
# <min> <max>
0	4

[block]
# block no. 2 follows, 55 sequences, length 30
# corresponding to MSA columns:
# 1058-1087
name=unknown_C
#
# <colnr> <probs for GDERKNQSTAVLIFYWHMCP>
#	G	D	E	R	K	N	Q	S	T	A	V	L	I	F	Y	W	H	M	C	P
0	0.01114	0.01084	0.01770	0.10962	0.62908	0.04015	0.03375	0.01384	0.01038	0.01444	0.00888	0.01193	0.00744	0.00606	0.05347	0.00176	0.00618	0.00419	0.00229	0.00685
1	0.01113	0.02868	0.13849	0.07973	0.27684	0.03206	0.07418	0.05238	0.10945	0.03364	0.01205	0.04032	0.03780	0.00542	0.00524	0.00149	0.04686	0.00474	0.00286	0.00664
2	0.01029	0.01026	0.01041	0.00951	0.01044	0.17397	0.00738	0.03188	0.03024	0.01183	0.01137	0.06430	0.02554	0.09828	0.20438	0.00335	0.25268	0.00504	0.02413	0.00471
3	0.01138	0.01085	0.01814	0.06644	0.72174	0.01105	0.01380	0.01479	0.05788	0.01529	0.00934	0.01191	0.00772	0.00430	0.00462	0.00140	0.00545	0.00421	0.00244	0.00726
4	0.01167	0.06564	0.13504	0.03336	0.37284	0.01106	0.01199	0.05252	0.12849	0.05825	0.01160	0.03450	0.00953	0.01858	0.00489	0.00149	0.00521	0.02339	0.00299	0.00698
5	0.21604	0.00952	0.01108	0.00955	0.05956	0.00965	0.00732	0.19490	0.01385	0.40251	0.01339	0.01260	0.00895	0.00529	0.00425	0.00143	0.00423	0.00404	0.00463	0.00722
6	0.00859	0.00806	0.01340	0.77605	0.03049	0.00995	0.01236	0.01157	0.00938	0.01193	0.01060	0.01435	0.05420	0.00508	0.00470	0.00155	0.00597	0.00448	0.00220	0.00509
7	0.00626	0.00432	0.00535	0.00593	0.00611	0.00419	0.00378	0.00676	0.00801	0.01066	0.02055	0.42767	0.02421	0.39229	0.01412	0.00311	0.00361	0.04609	0.00363	0.00336
8	0.01127	0.01086	0.01868	0.09530	0.72296	0.01101	0.03335	0.01409	0.01049	0.01491	0.00873	0.01161	0.00726	0.00418	0.00463	0.00140	0.00564	0.00418	0.00228	0.00716
9	0.01369	0.01104	0.10395	0.01003	0.01343	0.00982	0.06634	0.19478	0.12508	0.18807	0.03562	0.03640	0.05182	0.00707	0.02802	0.00165	0.02688	0.01733	0.03952	0.01946
10	0.00677	0.00451	0.00507	0.00507	0.00507	0.00451	0.00282	0.00677	0.00677	0.00902	0.01466	0.03044	0.01691	0.83650	0.02368	0.00451	0.00451	0.00677	0.00282	0.00282
11	0.01091	0.05331	0.03803	0.16064	0.36520	0.06027	0.07434	0.01358	0.01049	0.02856	0.04282	0.02546	0.02147	0.00552	0.02493	0.00153	0.00582	0.00444	0.00252	0.05017
12	0.01409	0.03666	0.01215	0.01096	0.06386	0.23725	0.00797	0.21009	0.15902	0.03219	0.01229	0.04202	0.01032	0.08454	0.02108	0.00178	0.00568	0.00458	0.02724	0.00622
13	0.00873	0.00883	0.09222	0.28762	0.03994	0.00853	0.01940	0.04396	0.00938	0.03208	0.01247	0.07336	0.03050	0.07863	0.18328	0.00311	0.04158	0.01868	0.00267	0.00505
14	0.01248	0.07157	0.21532	0.01273	0.06307	0.06948	0.07507	0.13739	0.06431	0.06518	0.02313	0.03317	0.00876	0.01820	0.00618	0.00154	0.10851	0.00433	0.00302	0.00654
15	0.01135	0.33078	0.38559	0.01179	0.03377	0.01371	0.07023	0.03669	0.01026	0.04417	0.00819	0.00943	0.00631	0.00429	0.00398	0.00129	0.00604	0.00331	0.00223	0.00657
16	0.02087	0.00792	0.01080	0.00828	0.01188	0.00684	0.00684	0.02267	0.01332	0.81071	0.01835	0.01583	0.01152	0.00576	0.00468	0.00144	0.00396	0.00468	0.00576	0.00792
17	0.00866	0.01290	0.30884	0.01087	0.07441	0.00780	0.02090	0.03115	0.02627	0.03479	0.25734	0.08028	0.06623	0.00748	0.00503	0.00152	0.00453	0.03171	0.00355	0.00573
18	0.01280	0.05237	0.21413	0.05376	0.17245	0.04665	0.04690	0.12442	0.01208	0.11504	0.02242	0.01193	0.00809	0.00623	0.03964	0.00170	0.04553	0.00407	0.00300	0.00679
19	0.00672	0.00467	0.00590	0.00590	0.00618	0.00496	0.00384	0.00729	0.00701	0.00963	0.01391	0.02628	0.01511	0.56231	0.29540	0.00552	0.00723	0.00616	0.00271	0.00328
20	0.01807	0.00832	0.01068	0.00839	0.01160	0.00783	0.00686	0.15385	0.01453	0.55025	0.10721	0.01730	0.01461	0.00740	0.03936	0.00169	0.00432	0.00504	0.00535	0.00735
21	0.00909	0.00960	0.07863	0.10243	0.15394	0.02301	0.10388	0.03310	0.07199	0.01466	0.06388	0.18290	0.08524	0.00786	0.00518	0.00160	0.00480	0.03929	0.00334	0.00561
22	0.01179	0.01155	0.01120	0.05410	0.02955	0.19940	0.00798	0.04222	0.17010	0.03476	0.03322	0.05148	0.01143	0.07126	0.06710	0.00221	0.15737	0.00489	0.02288	0.00551
23	0.86937	0.00900	0.00684	0.00612	0.00900	0.01044	0.00504	0.01368	0.00792	0.02087	0.00648	0.00756	0.00504	0.00432	0.00288	0.00144	0.00360	0.00252	0.00288	0.00504
24	0.05024	0.02355	0.00981	0.00817	0.01007	0.03505	0.02521	0.13976	0.02648	0.07985	0.04776	0.10669	0.02920	0.14759	0.07149	0.00243	0.07888	0.00577	0.02376	0.07823
25	0.01059	0.06432	0.60176	0.01235	0.01816	0.04216	0.02814	0.03286	0.02589	0.05791	0.00991	0.02599	0.01933	0.00493	0.00469	0.00146	0.02664	0.00382	0.00239	0.00670
26	0.05352	0.05806	0.08326	0.01163	0.10156	0.00975	0.09424	0.14785	0.04624	0.03180	0.05347	0.05304	0.12008	0.03655	0.01734	0.00161	0.00478	0.00552	0.01742	0.05228
27	0.01061	0.05164	0.01001	0.00780	0.01042	0.05861	0.02111	0.09622	0.13596	0.05427	0.13059	0.05319	0.15915	0.02031	0.00497	0.00138	0.00377	0.00599	0.00402	0.15998
28	0.06580	0.04270	0.06489	0.00959	0.02671	0.10963	0.04271	0.12390	0.08916	0.06131	0.04501	0.07961	0.04969	0.05907	0.05096	0.00194	0.01544	0.00527	0.00351	0.05310
29	0.03463	0.03083	0.01204	0.00997	0.03179	0.12523	0.04680	0.22369	0.11580	0.06802	0.03521	0.04583	0.06247	0.00704	0.03156	0.00156	0.00509	0.00491	0.03694	0.07059

[dist]
# distance from previous block
# <min> <max>
2	146

[block]
# block no. 3 follows, 55 sequences, length 66
# corresponding to MSA columns:
# 1244-1289,1291-1298,1416-1427
name=unknown_D
#
# <colnr> <probs for GDERKNQSTAVLIFYWHMCP>
#	G	D	E	R	K	N	Q	S	T	A	V	L	I	F	Y	W	H	M	C	P
0	0.01210	0.03190	0.01104	0.00947	0.05469	0.03221	0.03728	0.13644	0.08354	0.13253	0.13964	0.10679	0.04361	0.00696	0.00474	0.00137	0.00394	0.00596	0.01687	0.12893
1	0.03576	0.04171	0.10114	0.02768	0.01086	0.03865	0.00709	0.01315	0.12087	0.06267	0.25847	0.05257	0.11572	0.00797	0.00495	0.00149	0.00374	0.05114	0.00410	0.04028
2	0.19562	0.03411	0.16486	0.01197	0.08350	0.09298	0.07530	0.07392	0.04442	0.11612	0.03492	0.03341	0.00899	0.00512	0.00428	0.00143	0.00537	0.00411	0.00322	0.00637
3	0.03585	0.04638	0.46640	0.05548	0.01737	0.02186	0.03062	0.05338	0.01062	0.08621	0.01161	0.11052	0.00985	0.00594	0.00461	0.00151	0.00583	0.01678	0.00281	0.00639
4	0.02622	0.01483	0.26114	0.03223	0.41578	0.01083	0.02930	0.05646	0.02958	0.01591	0.00982	0.01177	0.02516	0.00451	0.00452	0.00140	0.00575	0.00403	0.00245	0.03831
5	0.06156	0.00956	0.01267	0.04282	0.18355	0.00948	0.02628	0.17122	0.03804	0.12189	0.04677	0.02639	0.01073	0.00534	0.00443	0.00131	0.00445	0.03238	0.02318	0.16794
6	0.02687	0.01066	0.01143	0.03898	0.01284	0.07828	0.02460	0.33575	0.04128	0.09332	0.01350	0.07948	0.02486	0.02756	0.05226	0.00180	0.00521	0.00501	0.04802	0.06828
7	0.01398	0.01222	0.01178	0.02436	0.03204	0.22502	0.03891	0.06396	0.04190	0.14898	0.05350	0.02737	0.01034	0.01745	0.00457	0.00122	0.00518	0.00405	0.00347	0.25971
8	0.00667	0.00450	0.00523	0.00531	0.00538	0.00452	0.00310	0.00682	0.00698	0.00934	0.01543	0.09469	0.01776	0.72834	0.06363	0.00445	0.00478	0.00719	0.00292	0.00297
9	0.01052	0.01057	0.04599	0.28219	0.51155	0.01070	0.01374	0.01347	0.01013	0.01412	0.00857	0.01169	0.00693	0.00430	0.00459	0.00142	0.00574	0.00408	0.00223	0.02749
10	0.21143	0.00880	0.01020	0.02969	0.01194	0.00885	0.00683	0.11745	0.05134	0.44207	0.01478	0.03090	0.01025	0.00572	0.00433	0.00147	0.00405	0.01814	0.00476	0.00701
11	0.00895	0.00758	0.00888	0.00672	0.01026	0.00579	0.00526	0.01082	0.00961	0.01463	0.01243	0.10908	0.05295	0.00521	0.00385	0.00088	0.00330	0.00438	0.00303	0.71638
12	0.01239	0.01108	0.03143	0.13885	0.35778	0.01168	0.01163	0.19295	0.13696	0.01855	0.01144	0.01299	0.02122	0.00502	0.00465	0.00145	0.00522	0.00441	0.00321	0.00710
13	0.01241	0.01038	0.01300	0.07320	0.14289	0.02270	0.02039	0.24223	0.06915	0.01936	0.02633	0.01264	0.00891	0.00484	0.00432	0.00121	0.00463	0.02135	0.00340	0.28666
14	0.01119	0.01373	0.10821	0.01827	0.02304	0.01187	0.64766	0.06071	0.01142	0.01566	0.00934	0.01213	0.00697	0.00416	0.00553	0.00156	0.02452	0.00517	0.00244	0.00641
15	0.01119	0.37912	0.40378	0.01103	0.01634	0.06030	0.03174	0.01461	0.00988	0.01289	0.00749	0.00878	0.00596	0.00424	0.00381	0.00125	0.00616	0.00305	0.00201	0.00638
16	0.00615	0.00446	0.00579	0.00670	0.00717	0.00429	0.00468	0.00753	0.03872	0.01225	0.02523	0.65267	0.04886	0.05849	0.00690	0.00204	0.00300	0.09690	0.00425	0.00392
17	0.00756	0.00600	0.00811	0.00714	0.00882	0.00575	0.06298	0.01099	0.10562	0.03156	0.50132	0.03252	0.17523	0.00906	0.00539	0.00150	0.00285	0.00801	0.00474	0.00486
18	0.04208	0.03331	0.12398	0.05225	0.17658	0.03868	0.10671	0.02622	0.02889	0.14478	0.04338	0.07288	0.02441	0.00570	0.00465	0.00145	0.00515	0.00511	0.05743	0.00635
19	0.00652	0.00441	0.00515	0.00539	0.00545	0.00434	0.00316	0.00670	0.00725	0.00967	0.01714	0.21187	0.02004	0.65081	0.01967	0.00392	0.00410	0.00822	0.00316	0.00304
20	0.00932	0.00881	0.01492	0.66956	0.18363	0.01048	0.01319	0.01235	0.00955	0.01253	0.00836	0.01223	0.00643	0.00455	0.00464	0.00152	0.00607	0.00414	0.00211	0.00560
21	0.01131	0.01045	0.01786	0.10240	0.65655	0.01060	0.03269	0.01400	0.01047	0.03570	0.00938	0.01288	0.00789	0.00470	0.00495	0.01847	0.00554	0.02477	0.00242	0.00696
22	0.01081	0.02940	0.02825	0.00778	0.00959	0.06873	0.02886	0.01233	0.01073	0.19658	0.08817	0.28993	0.07943	0.02326	0.04960	0.00195	0.01795	0.00805	0.03343	0.00517
23	0.00561	0.00470	0.00489	0.00496	0.00643	0.00398	0.00372	0.00684	0.01063	0.01285	0.08081	0.08719	0.70805	0.01185	0.00555	0.00160	0.00242	0.02962	0.00436	0.00395
24	0.00963	0.04234	0.71161	0.01401	0.07183	0.01103	0.01642	0.01505	0.03861	0.01484	0.00872	0.01015	0.00630	0.00446	0.00441	0.00146	0.00662	0.00353	0.00209	0.00690
25	0.03643	0.11068	0.01448	0.04753	0.12621	0.07427	0.04518	0.19659	0.08002	0.07484	0.04903	0.04334	0.02268	0.00606	0.01604	0.00146	0.00506	0.00465	0.03895	0.00651
26	0.68716	0.04528	0.00821	0.00679	0.00950	0.08280	0.00556	0.01391	0.00853	0.01915	0.00700	0.00823	0.00556	0.00451	0.00335	0.00140	0.02599	0.00270	0.04930	0.00507
27	0.01287	0.44570	0.09158	0.00956	0.01293	0.21024	0.00890	0.01459	0.01026	0.02404	0.00820	0.05634	0.00760	0.00564	0.01887	0.00132	0.04985	0.00349	0.00229	0.00574
28	0.00756	0.00511	0.01523	0.00626	0.00739	0.00466	0.00462	0.00927	0.03432	0.07744	0.22297	0.29173	0.14872	0.04494	0.04361	0.02326	0.00323	0.00927	0.03603	0.00438
29	0.01170	0.17740	0.27557	0.01128	0.04817	0.06660	0.02993	0.08758	0.03526	0.04609	0.00948	0.01097	0.00741	0.00714	0.07173	0.00181	0.02105	0.00362	0.03460	0.04259
30	0.07759	0.00882	0.02513	0.12259	0.13098	0.03846	0.00834	0.04217	0.11415	0.12446	0.02521	0.10820	0.04605	0.03660	0.03904	0.00187	0.00480	0.01874	0.02087	0.00591
31	0.00657	0.00475	0.00615	0.00580	0.00688	0.00438	0.00432	0.00867	0.01292	0.01823	0.76481	0.03484	0.05953	0.03452	0.00604	0.00156	0.00227	0.00839	0.00503	0.00433
32	0.01044	0.01060	0.04239	0.20924	0.35804	0.04273	0.08590	0.02320	0.01046	0.01423	0.03148	0.01513	0.02237	0.00587	0.02480	0.00164	0.02446	0.04380	0.01703	0.00619
33	0.01220	0.08879	0.12800	0.07203	0.21588	0.11752	0.06908	0.04611	0.09987	0.04576	0.01049	0.03132	0.00846	0.01780	0.00478	0.00144	0.00585	0.00425	0.01385	0.00653
34	0.00942	0.00712	0.00895	0.05615	0.04998	0.00738	0.02020	0.01435	0.22942	0.07947	0.02547	0.10129	0.20421	0.00958	0.02278	0.00178	0.00384	0.11594	0.02712	0.00554
35	0.00653	0.00482	0.00569	0.00544	0.00681	0.00425	0.00409	0.00825	0.01199	0.04010	0.43785	0.04934	0.37702	0.01046	0.00547	0.00152	0.00233	0.00898	0.00478	0.00429
36	0.00914	0.04053	0.02102	0.00710	0.00785	0.04475	0.01834	0.02147	0.07107	0.00993	0.00937	0.02701	0.00892	0.03537	0.01509	0.63896	0.00438	0.00426	0.00236	0.00307
37	0.05675	0.23269	0.32239	0.02390	0.03122	0.01207	0.03740	0.05005	0.02943	0.05097	0.01026	0.08189	0.00882	0.00613	0.02564	0.00154	0.00569	0.00426	0.00263	0.00627
38	0.01738	0.02217	0.01318	0.01199	0.01438	0.81783	0.00899	0.01858	0.01318	0.01139	0.00719	0.00839	0.00599	0.00479	0.00419	0.00120	0.00839	0.00300	0.00240	0.00539
39	0.00965	0.00827	0.00965	0.00689	0.01102	0.00620	0.00551	0.01171	0.00965	0.01516	0.00827	0.00965	0.00689	0.00345	0.00345	0.00069	0.00345	0.00276	0.00276	0.86494
40	0.00886	0.00834	0.01408	0.80429	0.05251	0.01035	0.01296	0.01195	0.00934	0.01197	0.00828	0.01238	0.00623	0.00464	0.00465	0.00155	0.00618	0.00413	0.00207	0.00523
41	0.00675	0.00505	0.00733	0.00728	0.00798	0.00585	0.00553	0.00818	0.00738	0.01058	0.01259	0.01966	0.01218	0.13819	0.69571	0.00696	0.03108	0.00519	0.00252	0.00400
42	0.00566	0.00406	0.00538	0.00644	0.00674	0.00378	0.00430	0.00648	0.00894	0.01189	0.02611	0.81613	0.04780	0.01451	0.00593	0.00188	0.00269	0.01315	0.00432	0.00378
43	0.00607	0.00474	0.00551	0.00531	0.00664	0.00417	0.00399	0.00779	0.01196	0.01578	0.44689	0.03949	0.40383	0.01058	0.00549	0.00151	0.00227	0.00908	0.00474	0.00417
44	0.23062	0.01202	0.01218	0.00956	0.01307	0.01343	0.00789	0.59738	0.01838	0.02721	0.01000	0.01027	0.00719	0.00527	0.00421	0.00141	0.00474	0.00377	0.00421	0.00719
45	0.04839	0.01340	0.01309	0.01034	0.01376	0.11414	0.00841	0.59087	0.01939	0.07108	0.03106	0.01207	0.02120	0.00564	0.00457	0.00138	0.00529	0.00420	0.00438	0.00734
46	0.77291	0.00881	0.00701	0.00621	0.00904	0.01008	0.00510	0.03303	0.00854	0.04775	0.00747	0.00846	0.00570	0.00446	0.00300	0.00142	0.00357	0.00273	0.04954	0.00517
47	0.01322	0.72662	0.02283	0.00835	0.01222	0.06433	0.00804	0.05653	0.01044	0.03169	0.00706	0.00792	0.00621	0.00416	0.00319	0.00104	0.00516	0.00266	0.00225	0.00609
48	0.01118	0.00954	0.01012	0.00920	0.01164	0.01098	0.00712	0.02325	0.73004	0.01871	0.01889	0.01923	0.01477	0.05147	0.00582	0.00176	0.00375	0.03091	0.00462	0.00702
49	0.00965	0.00827	0.00965	0.00689	0.01102	0.00620	0.00551	0.01171	0.00965	0.01516	0.00827	0.00965	0.00689	0.00345	0.00345	0.00069	0.00345	0.00276	0.00276	0.86494
50	0.01618	0.00948	0.01097	0.00887	0.01200	0.00984	0.00718	0.23637	0.21031	0.30817	0.04557	0.01628	0.02878	0.00609	0.00465	0.00145	0.00402	0.00491	0.05151	0.00737
51	0.00654	0.00544	0.00555	0.00531	0.00704	0.00489	0.00404	0.06168	0.03635	0.01393	0.04332	0.05715	0.70991	0.01123	0.00542	0.00157	0.00260	0.00935	0.00436	0.00431
52	0.00578	0.00415	0.00551	0.00654	0.00690	0.00388	0.00447	0.00669	0.00912	0.01212	0.03928	0.75872	0.04916	0.01433	0.00595	0.00189	0.00277	0.05460	0.00433	0.00382
53	0.01115	0.01194	0.02398	0.02256	0.30306	0.01159	0.48931	0.01456	0.01072	0.01489	0.00907	0.01211	0.00714	0.00413	0.00548	0.00152	0.03286	0.00497	0.00233	0.00663
54	0.00907	0.02202	0.72636	0.01265	0.01889	0.01017	0.01601	0.01410	0.00993	0.01470	0.02696	0.03174	0.00858	0.00529	0.00460	0.00152	0.00652	0.05205	0.00223	0.00659
55	0.82924	0.00919	0.00717	0.00633	0.00925	0.01062	0.00522	0.05034	0.00857	0.02127	0.00670	0.00773	0.00517	0.00438	0.00296	0.00144	0.00367	0.00260	0.00296	0.00517
56	0.01201	0.00800	0.00897	0.00735	0.00977	0.00809	0.00575	0.24418	0.03405	0.06692	0.01264	0.01538	0.01026	0.09221	0.05021	0.03329	0.00427	0.00434	0.22071	0.15158
57	0.00879	0.00827	0.01395	0.82532	0.03204	0.01034	0.01292	0.01189	0.00930	0.01189	0.00827	0.01240	0.00620	0.00465	0.00465	0.00155	0.00620	0.00413	0.00207	0.00517
58	0.00662	0.00496	0.00742	0.00745	0.00827	0.00576	0.00578	0.00826	0.00751	0.01083	0.01281	0.03979	0.01214	0.03435	0.79663	0.00733	0.01220	0.00520	0.00254	0.00414
59	0.01738	0.02217	0.01318	0.01199	0.01438	0.81783	0.00899	0.01858	0.01318	0.01139	0.00719	0.00839	0.00599	0.00479	0.00419	0.00120	0.00839	0.00300	0.00240	0.00539
60	0.06175	0.00797	0.01061	0.00817	0.01174	0.00701	0.00675	0.02224	0.01306	0.77266	0.01778	0.01544	0.01120	0.00569	0.00459	0.00144	0.00394	0.00457	0.00562	0.00778
61	0.00598	0.00429	0.00574	0.00679	0.00723	0.00405	0.00484	0.00702	0.00925	0.01224	0.02596	0.68275	0.04770	0.01422	0.00601	0.00193	0.00296	0.14287	0.00431	0.00387
62	0.01018	0.01018	0.01425	0.01221	0.01221	0.01425	0.01018	0.01120	0.00712	0.01120	0.00611	0.01018	0.00611	0.00814	0.01527	0.00204	0.82799	0.00407	0.00204	0.00509
63	0.00598	0.00473	0.00538	0.00522	0.00658	0.00413	0.00392	0.00761	0.01175	0.01528	0.38531	0.04030	0.46572	0.01077	0.00549	0.00152	0.00228	0.00919	0.00468	0.00413
64	0.02940	0.00761	0.00971	0.00769	0.01079	0.00699	0.00628	0.06051	0.04166	0.58454	0.01726	0.01582	0.01142	0.00569	0.00439	0.00138	0.00367	0.00458	0.16343	0.00720
65	0.01732	0.00768	0.01005	0.00799	0.01103	0.00703	0.00649	0.06976	0.04723	0.56310	0.18014	0.01950	0.01807	0.00654	0.00485	0.00145	0.00366	0.00544	0.00551	0.00717

[dist]
# distance from previous block
# <min> <max>
2	5

[block]
# block no. 4 follows, 55 sequences, length 27
# corresponding to MSA columns:
# 1434-1444,1493-1508
name=unknown_E
#
# <colnr> <probs for GDERKNQSTAVLIFYWHMCP>
#	G	D	E	R	K	N	Q	S	T	A	V	L	I	F	Y	W	H	M	C	P
0	0.08246	0.15615	0.01618	0.03043	0.24647	0.19014	0.04560	0.02441	0.01070	0.01398	0.00916	0.01287	0.00810	0.00558	0.01864	0.00146	0.03161	0.05480	0.03529	0.00597
1	0.01394	0.03835	0.03447	0.09660	0.14537	0.26428	0.11088	0.10898	0.02203	0.05344	0.00968	0.03334	0.00778	0.00501	0.00469	0.00138	0.01629	0.00419	0.02309	0.00623
2	0.05067	0.00844	0.02495	0.02203	0.01176	0.00727	0.00657	0.04481	0.04739	0.40886	0.01396	0.01382	0.00977	0.03082	0.00515	0.02193	0.00393	0.00405	0.00436	0.25943
3	0.01106	0.16941	0.24899	0.10416	0.08857	0.05543	0.11700	0.01430	0.01039	0.05636	0.03482	0.03425	0.02545	0.00495	0.00444	0.00139	0.00603	0.00428	0.00250	0.00623
4	0.00669	0.00502	0.00639	0.00691	0.00811	0.00472	0.00571	0.00851	0.01101	0.01420	0.15581	0.07380	0.26318	0.01206	0.00598	0.00185	0.00332	0.39814	0.00443	0.00418
5	0.01207	0.00595	0.00684	0.00604	0.00796	0.00583	0.00473	0.01542	0.10306	0.22387	0.05981	0.01791	0.01384	0.00584	0.00392	0.00125	0.00281	0.00476	0.49247	0.00562
6	0.02817	0.06225	0.39661	0.03475	0.13471	0.04920	0.06097	0.04500	0.01049	0.05077	0.00865	0.01042	0.00653	0.00477	0.00535	0.00147	0.07715	0.00373	0.00236	0.00665
7	0.00627	0.00459	0.00605	0.00690	0.02545	0.00450	0.00460	0.00744	0.02325	0.01193	0.05807	0.49949	0.05636	0.14177	0.09528	0.00285	0.00411	0.03333	0.00389	0.00387
8	0.00556	0.00463	0.00486	0.00498	0.00637	0.00393	0.00367	0.00674	0.01050	0.01273	0.07558	0.14372	0.67667	0.01204	0.00555	0.00161	0.00239	0.01019	0.00435	0.00393
9	0.00577	0.00412	0.00551	0.00659	0.00691	0.00387	0.00449	0.00665	0.00901	0.01199	0.02559	0.79058	0.03055	0.01448	0.00596	0.00190	0.00279	0.05512	0.00432	0.00381
10	0.01366	0.12506	0.11674	0.01525	0.17412	0.24217	0.08094	0.07254	0.06887	0.03413	0.00916	0.01047	0.00721	0.00462	0.00435	0.00132	0.00645	0.00373	0.00268	0.00651
11	0.01071	0.00884	0.00935	0.00843	0.01078	0.00994	0.00655	0.05351	0.57848	0.01901	0.06970	0.02075	0.08998	0.00692	0.00473	0.00152	0.00340	0.00576	0.07502	0.00663
12	0.00619	0.00470	0.00570	0.00554	0.00673	0.00421	0.00412	0.00798	0.01210	0.01634	0.52063	0.08849	0.27923	0.01054	0.00552	0.00152	0.00228	0.00915	0.00482	0.00421
13	0.36034	0.01199	0.06843	0.00885	0.01225	0.04366	0.00767	0.28130	0.09026	0.04566	0.00990	0.01035	0.00730	0.00549	0.01665	0.00153	0.00470	0.00354	0.00366	0.00646
14	0.01446	0.39660	0.01887	0.04477	0.01424	0.28915	0.02997	0.10161	0.01209	0.01328	0.00738	0.00859	0.00623	0.00454	0.00395	0.00117	0.02168	0.00303	0.00244	0.00595
15	0.00990	0.00890	0.04688	0.09572	0.01330	0.00780	0.00713	0.06997	0.08135	0.03270	0.09001	0.01635	0.07989	0.00551	0.00454	0.00115	0.02616	0.00450	0.00337	0.39488
16	0.03080	0.15634	0.18830	0.05308	0.19093	0.09571	0.05538	0.04411	0.02076	0.09726	0.00950	0.01119	0.00734	0.00462	0.00430	0.00135	0.00592	0.01378	0.00269	0.00664
17	0.00695	0.00473	0.00533	0.00529	0.00541	0.00481	0.00305	0.00749	0.03759	0.00946	0.01478	0.02971	0.01671	0.78924	0.03779	0.00445	0.00463	0.00667	0.00289	0.00302
18	0.00681	0.00522	0.00600	0.00591	0.00733	0.00488	0.00450	0.00919	0.07156	0.03314	0.20700	0.07813	0.40466	0.03759	0.03768	0.00192	0.00308	0.06659	0.00444	0.00438
19	0.06183	0.07261	0.15592	0.02980	0.23655	0.01115	0.19825	0.02817	0.02333	0.01517	0.04062	0.06003	0.00966	0.00515	0.00501	0.00148	0.03152	0.00484	0.00257	0.00636
20	0.00789	0.00639	0.00931	0.12918	0.06818	0.00682	0.03025	0.05214	0.03719	0.01319	0.01830	0.42017	0.02014	0.04918	0.04145	0.02406	0.02810	0.02988	0.00355	0.00464
21	0.00622	0.00465	0.00619	0.00682	0.00716	0.00479	0.00477	0.00709	0.00857	0.01154	0.02275	0.57825	0.04984	0.09939	0.07458	0.00262	0.05978	0.03730	0.00386	0.00382
22	0.00804	0.05462	0.00938	0.00808	0.00920	0.00769	0.00649	0.01023	0.04656	0.03549	0.04960	0.01824	0.01271	0.02623	0.56286	0.00564	0.09844	0.02307	0.00279	0.00464
23	0.78690	0.04417	0.00771	0.00626	0.00918	0.01053	0.00521	0.01390	0.00827	0.04746	0.02260	0.00837	0.00606	0.00446	0.00300	0.00142	0.00364	0.00271	0.00298	0.00516
24	0.02109	0.26165	0.15260	0.02639	0.15082	0.04735	0.04564	0.01454	0.08041	0.01383	0.02642	0.01376	0.03340	0.02764	0.00468	0.00139	0.00533	0.03082	0.00260	0.03962
25	0.03166	0.21038	0.25202	0.05185	0.19802	0.08194	0.02664	0.01525	0.04258	0.03599	0.00858	0.01012	0.00677	0.00440	0.00412	0.00132	0.00595	0.00350	0.00234	0.00657
26	0.09554	0.11816	0.11194	0.01161	0.08952	0.16208	0.05190	0.01629	0.07073	0.10667	0.04301	0.01228	0.00939	0.00533	0.01439	0.00141	0.00549	0.00390	0.06422	0.00616

[dist]
# distance from previous block
# <min> <max>
0	7

[block]
# block no. 5 follows, 55 sequences, length 50
# corresponding to MSA columns:
# 1516-1525,1574-1576,1609-1645
name=unknown_F
#
# <colnr> <probs for GDERKNQSTAVLIFYWHMCP>
#	G	D	E	R	K	N	Q	S	T	A	V	L	I	F	Y	W	H	M	C	P
0	0.04178	0.02931	0.01219	0.01018	0.01301	0.20375	0.00822	0.34710	0.08895	0.03866	0.01292	0.01715	0.01083	0.00645	0.00469	0.00146	0.00549	0.11592	0.02542	0.00652
1	0.01067	0.00713	0.00780	0.00709	0.00881	0.06272	0.00553	0.05827	0.05110	0.11599	0.04285	0.01816	0.04800	0.01500	0.25636	0.00319	0.00630	0.00489	0.25028	0.01986
2	0.01004	0.09911	0.15316	0.03056	0.13250	0.00911	0.05055	0.03661	0.01099	0.07421	0.16539	0.15012	0.01820	0.01794	0.00528	0.00153	0.01916	0.00629	0.00341	0.00582
3	0.01268	0.15443	0.27648	0.02448	0.04390	0.13856	0.04405	0.08154	0.04049	0.06974	0.01093	0.01180	0.04289	0.00505	0.00454	0.00136	0.02402	0.00385	0.00277	0.00646
4	0.00809	0.00692	0.01067	0.42504	0.05163	0.00785	0.00923	0.01059	0.02516	0.01284	0.06278	0.16649	0.01506	0.05885	0.00610	0.00176	0.00478	0.04094	0.03329	0.04194
5	0.01528	0.00893	0.02031	0.00794	0.01069	0.05224	0.00647	0.17576	0.05076	0.30109	0.04107	0.01690	0.03807	0.00601	0.00437	0.00135	0.00392	0.01562	0.21666	0.00656
6	0.02673	0.05426	0.06285	0.01560	0.16991	0.05839	0.19968	0.09254	0.05183	0.13790	0.04666	0.01382	0.02597	0.00509	0.00491	0.00144	0.01764	0.00470	0.00334	0.00675
7	0.00812	0.00803	0.00672	0.00642	0.00807	0.15017	0.00484	0.02526	0.01158	0.01352	0.14501	0.03605	0.49727	0.02874	0.00568	0.00157	0.00358	0.03099	0.00406	0.00432
8	0.00594	0.00425	0.00557	0.00650	0.00693	0.00399	0.00453	0.00682	0.00908	0.01195	0.02633	0.64628	0.08616	0.04676	0.00690	0.01915	0.00294	0.09195	0.00421	0.00377
9	0.00672	0.00516	0.00798	0.00783	0.00879	0.00479	0.08986	0.00803	0.00970	0.03366	0.09544	0.61902	0.05955	0.01262	0.00580	0.00179	0.00323	0.01159	0.00422	0.00422
10	0.01230	0.80261	0.05985	0.00820	0.01231	0.01807	0.00838	0.01397	0.00947	0.01112	0.00655	0.00757	0.00597	0.00400	0.00305	0.00102	0.00506	0.00253	0.00199	0.00601
11	0.00720	0.00507	0.00697	0.06917	0.00946	0.00519	0.00551	0.04317	0.00947	0.04411	0.02134	0.57553	0.02415	0.01621	0.13138	0.00269	0.00463	0.01051	0.00394	0.00429
12	0.00665	0.00497	0.00738	0.00738	0.00818	0.00576	0.00570	0.00825	0.00745	0.01073	0.01255	0.01876	0.01184	0.06662	0.78663	0.00736	0.01215	0.00505	0.00251	0.00410
13	0.00567	0.00405	0.00540	0.00648	0.00675	0.00378	0.00432	0.00648	0.00891	0.01188	0.02564	0.83347	0.03077	0.01457	0.00594	0.00189	0.00270	0.01323	0.00432	0.00378
14	0.01738	0.02217	0.01318	0.01199	0.01438	0.81783	0.00899	0.01858	0.01318	0.01139	0.00719	0.00839	0.00599	0.00479	0.00419	0.00120	0.00839	0.00300	0.00240	0.00539
15	0.01039	0.00879	0.00954	0.00892	0.01121	0.00991	0.00706	0.02073	0.60357	0.01797	0.02224	0.02542	0.08267	0.00784	0.00508	0.00167	0.00367	0.13213	0.00463	0.00657
16	0.00965	0.00827	0.00965	0.00689	0.01102	0.00620	0.00551	0.01171	0.00965	0.01516	0.00827	0.00965	0.00689	0.00345	0.00345	0.00069	0.00345	0.00276	0.00276	0.86494
17	0.01253	0.61776	0.14554	0.00925	0.01350	0.11003	0.00951	0.01459	0.00994	0.01159	0.00684	0.00794	0.00596	0.00414	0.00335	0.00109	0.00567	0.00269	0.00203	0.00604
18	0.01151	0.01105	0.01888	0.02855	0.80748	0.01105	0.01428	0.01428	0.01059	0.01520	0.00875	0.01151	0.00737	0.00415	0.00461	0.00138	0.00553	0.00415	0.00230	0.00737
19	0.57423	0.00877	0.00813	0.02727	0.01032	0.00967	0.00575	0.05062	0.03762	0.17461	0.00988	0.01043	0.00717	0.01645	0.00372	0.00148	0.00377	0.00327	0.03106	0.00576
20	0.00798	0.00591	0.00875	0.22158	0.01435	0.00622	0.02655	0.02287	0.00978	0.06186	0.03093	0.38699	0.06518	0.03492	0.00596	0.00181	0.00398	0.05880	0.02101	0.00456
21	0.08933	0.01838	0.01335	0.01154	0.01415	0.53068	0.03630	0.15447	0.01384	0.01548	0.00785	0.00906	0.00630	0.00506	0.00487	0.00132	0.05606	0.00332	0.00281	0.00582
22	0.00957	0.08794	0.75065	0.01284	0.01949	0.01140	0.01647	0.01467	0.00979	0.01444	0.00820	0.00964	0.00590	0.00439	0.00431	0.00144	0.00673	0.00336	0.00197	0.00680
23	0.01157	0.00999	0.01052	0.00947	0.01210	0.01157	0.00736	0.02472	0.79908	0.01946	0.01893	0.01736	0.01420	0.00631	0.00473	0.00158	0.00368	0.00526	0.00473	0.00736
24	0.00999	0.00826	0.00968	0.00693	0.01105	0.00622	0.00555	0.01205	0.00976	0.03936	0.00858	0.00984	0.00703	0.00352	0.00348	0.00071	0.00346	0.00281	0.00285	0.83887
25	0.00567	0.00405	0.00540	0.00648	0.00675	0.00378	0.00432	0.00648	0.00891	0.01188	0.02564	0.83347	0.03077	0.01457	0.00594	0.00189	0.00270	0.01323	0.00432	0.00378
26	0.01018	0.01018	0.01425	0.01221	0.01221	0.01425	0.01018	0.01120	0.00712	0.01120	0.00611	0.01018	0.00611	0.00814	0.01527	0.00204	0.82799	0.00407	0.00204	0.00509
27	0.00655	0.00448	0.00508	0.00519	0.00534	0.00439	0.00303	0.00673	0.00729	0.00960	0.01835	0.11523	0.08016	0.68625	0.02041	0.00401	0.00415	0.00768	0.00309	0.00301
28	0.02087	0.00792	0.01080	0.00828	0.01188	0.00684	0.00684	0.02267	0.01332	0.81071	0.01835	0.01583	0.01152	0.00576	0.00468	0.00144	0.00396	0.00468	0.00576	0.00792
29	0.01537	0.00875	0.01048	0.00845	0.01135	0.00881	0.00682	0.23744	0.09180	0.30741	0.22006	0.01956	0.01914	0.00673	0.00489	0.00145	0.00380	0.00556	0.00518	0.00695
30	0.01151	0.01105	0.01888	0.02855	0.80748	0.01105	0.01428	0.01428	0.01059	0.01520	0.00875	0.01151	0.00737	0.00415	0.00461	0.00138	0.00553	0.00415	0.00230	0.00737
31	0.00774	0.00620	0.00691	0.00668	0.00716	0.05020	0.00457	0.00883	0.04260	0.01068	0.05010	0.06639	0.03343	0.44642	0.14154	0.02970	0.06782	0.00640	0.00296	0.00366
32	0.83940	0.00896	0.00698	0.00619	0.00910	0.01031	0.00510	0.01399	0.00811	0.04877	0.00690	0.00785	0.00527	0.00437	0.00294	0.00144	0.00361	0.00260	0.00298	0.00514
33	0.01499	0.00743	0.00999	0.00865	0.02631	0.00743	0.00672	0.05211	0.01147	0.42740	0.01689	0.14383	0.01389	0.04416	0.05344	0.00204	0.10311	0.00600	0.03780	0.00635
34	0.00880	0.03279	0.06041	0.05342	0.19167	0.00745	0.00814	0.01156	0.05137	0.04163	0.20675	0.12293	0.10195	0.02717	0.01804	0.00164	0.00401	0.00688	0.00367	0.03974
35	0.07024	0.29115	0.23282	0.01143	0.07190	0.04624	0.03589	0.03912	0.03397	0.09616	0.00938	0.02616	0.00739	0.00468	0.00395	0.00130	0.00549	0.00356	0.00269	0.00650
36	0.00682	0.00481	0.00625	0.00611	0.00721	0.00451	0.00473	0.00899	0.01257	0.01781	0.63442	0.03629	0.05331	0.00976	0.00548	0.00154	0.00248	0.11413	0.05841	0.00436
37	0.00673	0.00480	0.00616	0.00581	0.00698	0.00438	0.00436	0.00881	0.01288	0.03206	0.71428	0.04895	0.10686	0.00972	0.00548	0.00148	0.00225	0.00855	0.00505	0.00440
38	0.01079	0.06755	0.35654	0.13948	0.18453	0.01129	0.03780	0.02977	0.01023	0.05866	0.00885	0.01088	0.00665	0.00462	0.00494	0.00146	0.04316	0.00381	0.00233	0.00664
39	0.00754	0.00575	0.02775	0.00678	0.02076	0.00512	0.00519	0.01023	0.05502	0.05320	0.56202	0.09672	0.08344	0.00959	0.00543	0.00153	0.00264	0.03170	0.00486	0.00474
40	0.00567	0.00405	0.00540	0.00648	0.00675	0.00378	0.00432	0.00648	0.00891	0.01188	0.02564	0.83347	0.03077	0.01457	0.00594	0.00189	0.00270	0.01323	0.00432	0.00378
41	0.00720	0.00564	0.00664	0.00646	0.00779	0.00559	0.00480	0.01109	0.16335	0.01658	0.38742	0.17008	0.16919	0.01016	0.00542	0.00158	0.00260	0.00888	0.00477	0.00478
42	0.01711	0.01232	0.01331	0.01033	0.01386	0.01355	0.00848	0.70632	0.03866	0.05675	0.01214	0.03716	0.00898	0.00588	0.00467	0.00141	0.00491	0.00451	0.02195	0.00770
43	0.00678	0.00506	0.00725	0.00719	0.00785	0.00584	0.00541	0.00812	0.00734	0.01049	0.01266	0.02021	0.01241	0.17835	0.65014	0.00677	0.03637	0.00528	0.00254	0.00394
44	0.01139	0.04938	0.03633	0.00801	0.01215	0.00838	0.01967	0.13975	0.01175	0.03714	0.00893	0.01000	0.00710	0.00392	0.00372	0.00088	0.00398	0.00309	0.00307	0.62136
45	0.01004	0.01504	0.26218	0.01609	0.03792	0.01055	0.44503	0.01413	0.01056	0.01495	0.02241	0.01376	0.04347	0.00460	0.00501	0.00150	0.00683	0.00501	0.05468	0.00623
46	0.00867	0.00434	0.00434	0.00434	0.00542	0.00434	0.00325	0.01084	0.00976	0.01734	0.01518	0.01734	0.01192	0.00542	0.00325	0.00108	0.00217	0.00434	0.86233	0.00434
47	0.01076	0.25489	0.01671	0.01337	0.19605	0.06721	0.07076	0.04323	0.01083	0.01353	0.02748	0.07977	0.14476	0.00656	0.00448	0.00136	0.00490	0.02469	0.00290	0.00578
48	0.01047	0.00955	0.01486	0.12976	0.44909	0.02787	0.01172	0.05520	0.01099	0.01495	0.01316	0.07953	0.02868	0.00651	0.00499	0.00155	0.00520	0.11675	0.00288	0.00627
49	0.01237	0.04088	0.02744	0.01054	0.04787	0.13236	0.00798	0.05288	0.40330	0.04788	0.01529	0.07799	0.01268	0.03124	0.00589	0.00162	0.05612	0.00525	0.00390	0.00650

[dist]
# distance from previous block
# <min> <max>
0	2

[block]
# block no. 6 follows, 55 sequences, length 17
# corresponding to MSA columns:
# 1648-1664
name=unknown_G
#
# <colnr> <probs for GDERKNQSTAVLIFYWHMCP>
#	G	D	E	R	K	N	Q	S	T	A	V	L	I	F	Y	W	H	M	C	P
0	0.01003	0.00856	0.01286	0.20258	0.22186	0.00846	0.02329	0.01286	0.04160	0.04947	0.05496	0.06198	0.01113	0.03012	0.00504	0.00138	0.00465	0.00472	0.00291	0.23153
1	0.01738	0.02217	0.01318	0.01199	0.01438	0.81783	0.00899	0.01858	0.01318	0.01139	0.00719	0.00839	0.00599	0.00479	0.00419	0.00120	0.00839	0.00300	0.00240	0.00539
2	0.01145	0.03355	0.01686	0.05134	0.58645	0.03063	0.01236	0.06518	0.01114	0.01546	0.01121	0.01377	0.05369	0.02374	0.00527	0.00147	0.02526	0.00446	0.01988	0.00682
3	0.00819	0.08631	0.13997	0.00915	0.01133	0.00847	0.06321	0.01028	0.00822	0.01162	0.01125	0.03089	0.01069	0.15056	0.34660	0.00445	0.06031	0.00490	0.01885	0.00475
4	0.41977	0.04142	0.07195	0.01097	0.09122	0.10764	0.05687	0.03571	0.00953	0.01716	0.00777	0.02328	0.00651	0.02790	0.00491	0.00153	0.05421	0.00343	0.00265	0.00556
5	0.01052	0.01231	0.08759	0.01915	0.22152	0.03988	0.36908	0.01370	0.01051	0.01437	0.01112	0.10279	0.01005	0.00557	0.00549	0.00156	0.03140	0.02460	0.00256	0.00622
6	0.00938	0.00834	0.04750	0.02372	0.01166	0.00820	0.05812	0.04850	0.27374	0.03395	0.01962	0.24835	0.02941	0.01067	0.05201	0.00203	0.00449	0.08899	0.00410	0.01722
7	0.01143	0.00821	0.00983	0.00711	0.01116	0.00630	0.00572	0.01346	0.01023	0.14172	0.00987	0.01063	0.00763	0.00381	0.00364	0.00081	0.00353	0.00306	0.00323	0.72861
8	0.02259	0.02919	0.05039	0.01546	0.28427	0.02312	0.06551	0.03575	0.01122	0.07993	0.09528	0.05239	0.13522	0.03003	0.00550	0.00158	0.00461	0.04855	0.00343	0.00598
9	0.01180	0.50979	0.14781	0.01071	0.01495	0.05619	0.11322	0.01422	0.00985	0.01217	0.00761	0.00973	0.00661	0.00445	0.00413	0.00122	0.03577	0.02161	0.00211	0.00605
10	0.00582	0.00472	0.00518	0.00515	0.00655	0.00408	0.00387	0.00726	0.01118	0.01406	0.22990	0.06502	0.57689	0.01134	0.00553	0.00157	0.00238	0.03092	0.00451	0.00405
11	0.00624	0.00496	0.00527	0.00512	0.00670	0.00430	0.00387	0.00795	0.03431	0.03430	0.16331	0.04166	0.64344	0.01111	0.00545	0.00155	0.00241	0.00933	0.00449	0.00420
12	0.04639	0.00467	0.00468	0.00456	0.00582	0.00469	0.00346	0.01140	0.00981	0.04703	0.01492	0.01686	0.01161	0.00538	0.00329	0.00111	0.00230	0.00427	0.79323	0.00450
13	0.01467	0.08119	0.10470	0.01101	0.04710	0.02862	0.00940	0.41094	0.10905	0.06033	0.01225	0.05041	0.00953	0.00639	0.02194	0.00154	0.00521	0.00453	0.00399	0.00722
14	0.00879	0.00827	0.01395	0.82532	0.03204	0.01034	0.01292	0.01189	0.00930	0.01189	0.00827	0.01240	0.00620	0.00465	0.00465	0.00155	0.00620	0.00413	0.00207	0.00517
15	0.06813	0.00957	0.04131	0.05978	0.18134	0.06125	0.00871	0.01607	0.05177	0.23379	0.08738	0.01657	0.01297	0.00714	0.04463	0.00172	0.00493	0.02606	0.06051	0.00637
16	0.06066	0.09644	0.10850	0.02637	0.05923	0.07462	0.05438	0.07976	0.04651	0.04876	0.01152	0.01327	0.03714	0.04099	0.00504	0.00139	0.01470	0.00401	0.09111	0.12560

[dist]
# distance from previous block
# <min> <max>
2	7

[block]
# block no. 7 follows, 55 sequences, length 8
# corresponding to MSA columns:
# 1673-1680
name=unknown_H
#
# <colnr> <probs for GDERKNQSTAVLIFYWHMCP>
#	G	D	E	R	K	N	Q	S	T	A	V	L	I	F	Y	W	H	M	C	P
0	0.00789	0.02949	0.02254	0.06293	0.00991	0.05822	0.00588	0.01008	0.06319	0.02575	0.15037	0.28881	0.09896	0.03555	0.04774	0.02966	0.00407	0.04056	0.00390	0.00447
1	0.03691	0.00950	0.06447	0.09969	0.30793	0.00881	0.01021	0.03353	0.03131	0.09922	0.07920	0.03078	0.07773	0.00764	0.05402	0.00181	0.00513	0.00516	0.03075	0.00623
2	0.09592	0.05835	0.07898	0.10851	0.26806	0.06338	0.02822	0.05952	0.01114	0.11132	0.00949	0.01106	0.00721	0.00450	0.00426	0.00134	0.00538	0.00376	0.00288	0.06673
3	0.01165	0.07012	0.24879	0.13091	0.25360	0.01106	0.03439	0.03256	0.05089	0.09713	0.01000	0.01164	0.00746	0.00459	0.00449	0.00143	0.00578	0.00397	0.00268	0.00686
4	0.00565	0.00470	0.00496	0.00511	0.00655	0.00401	0.00387	0.00686	0.01048	0.01261	0.04391	0.10713	0.69169	0.01207	0.00560	0.00163	0.00251	0.06239	0.00432	0.00394
5	0.01258	0.01107	0.13840	0.13640	0.12512	0.00913	0.05202	0.07028	0.02697	0.20590	0.01489	0.05796	0.06103	0.00593	0.00490	0.00149	0.01786	0.00510	0.03646	0.00651
6	0.04811	0.04937	0.02354	0.08304	0.03543	0.05883	0.02055	0.09184	0.11500	0.05648	0.04688	0.14746	0.06642	0.00799	0.00532	0.00158	0.03863	0.06944	0.02847	0.00560
7	0.00759	0.00508	0.00667	0.00720	0.00793	0.00501	0.00522	0.04804	0.00998	0.06455	0.02372	0.63415	0.02718	0.01317	0.00613	0.00187	0.02903	0.08878	0.00435	0.00435

[dist]
# distance from previous block
# <min> <max>
0	1

[block]
# block no. 8 follows, 55 sequences, length 25
# corresponding to MSA columns:
# 1682-1706
name=unknown_I
#
# <colnr> <probs for GDERKNQSTAVLIFYWHMCP>
#	G	D	E	R	K	N	Q	S	T	A	V	L	I	F	Y	W	H	M	C	P
0	0.00578	0.00412	0.00540	0.00638	0.00667	0.00386	0.00426	0.00656	0.00882	0.01172	0.02524	0.74693	0.04420	0.07304	0.00720	0.00207	0.00285	0.02695	0.00421	0.00372
1	0.08190	0.10574	0.34586	0.04256	0.04518	0.09844	0.09358	0.05203	0.01976	0.03440	0.00862	0.01023	0.00653	0.00540	0.02924	0.00158	0.00658	0.00361	0.00241	0.00636
2	0.02690	0.31037	0.27653	0.01078	0.01550	0.06643	0.05048	0.08818	0.03884	0.03066	0.00852	0.00961	0.00667	0.00486	0.01519	0.00135	0.00595	0.00332	0.00249	0.02737
3	0.04414	0.10131	0.01698	0.23276	0.02019	0.08175	0.19278	0.06011	0.02646	0.01429	0.00942	0.05453	0.00794	0.00500	0.00480	0.00140	0.02854	0.00448	0.00258	0.09052
4	0.00689	0.00514	0.00711	0.00699	0.00751	0.00589	0.00512	0.00799	0.00723	0.01026	0.01279	0.02164	0.01298	0.28591	0.52132	0.00623	0.05716	0.00549	0.00257	0.00379
5	0.00666	0.00491	0.00711	0.00711	0.00782	0.00562	0.00536	0.00807	0.00737	0.01053	0.01279	0.02012	0.01243	0.15635	0.69770	0.00703	0.01126	0.00525	0.00254	0.00395
6	0.00644	0.00475	0.00602	0.00571	0.00686	0.00433	0.00428	0.00851	0.01284	0.01787	0.70707	0.03605	0.14235	0.00980	0.00549	0.00148	0.00222	0.00859	0.00502	0.00433
7	0.01070	0.00824	0.00976	0.00702	0.01111	0.00626	0.00564	0.01275	0.00999	0.09002	0.00922	0.01023	0.00733	0.00366	0.00356	0.00076	0.00349	0.00294	0.00304	0.78429
