[name]
unknown

[dist]
# distance from previous block
# <min> <max>
0	565

[block]
# block no. 0 follows, 55 sequences, length 11
# corresponding to MSA columns:
# 689-699
name=unknown_A
#
# <colnr> <probs for GDERKNQSTAVLIFYWHMCP>
#	G	D	E	R	K	N	Q	S	T	A	V	L	I	F	Y	W	H	M	C	P
0	0.01974	0.03008	0.00833	0.03322	0.03885	0.01841	0.00638	0.02300	0.04723	0.06268	0.15911	0.16043	0.05999	0.04788	0.04339	0.00212	0.00410	0.22614	0.00415	0.00477
1	0.01129	0.04779	0.22851	0.03368	0.03982	0.06591	0.10914	0.10177	0.04043	0.05757	0.01204	0.11527	0.01065	0.03232	0.04156	0.00187	0.03594	0.00531	0.00301	0.00613
2	0.08146	0.00983	0.07806	0.03711	0.07248	0.00848	0.02272	0.08639	0.04315	0.32695	0.06311	0.04874	0.01259	0.00595	0.00458	0.00143	0.00434	0.02306	0.00430	0.06527
3	0.00808	0.00404	0.00606	0.00606	0.00606	0.00404	0.00404	0.00606	0.00606	0.00808	0.00808	0.01414	0.00808	0.01616	0.01818	0.86465	0.00404	0.00404	0.00202	0.00202
4	0.05406	0.01368	0.01275	0.04791	0.01430	0.22860	0.03102	0.25933	0.09906	0.09705	0.03070	0.01226	0.00913	0.00647	0.03168	0.00161	0.03598	0.00412	0.00374	0.00656
5	0.11575	0.01320	0.14022	0.04741	0.05793	0.09649	0.00940	0.15899	0.10089	0.10761	0.01318	0.01444	0.04126	0.00563	0.00441	0.00145	0.00512	0.02957	0.03053	0.00653
6	0.00622	0.00449	0.00562	0.00615	0.00670	0.00428	0.00429	0.00718	0.00908	0.01197	0.08067	0.35553	0.13220	0.20867	0.04464	0.00270	0.00364	0.09835	0.00394	0.00369
7	0.51211	0.03630	0.01046	0.00935	0.06883	0.07925	0.05613	0.03284	0.00929	0.01823	0.00760	0.00917	0.00610	0.00565	0.03930	0.00161	0.00484	0.00308	0.02336	0.06647
8	0.00632	0.00470	0.00591	0.00602	0.00697	0.00438	0.00436	0.00831	0.03749	0.01577	0.43669	0.28606	0.13711	0.01129	0.00561	0.00161	0.00242	0.01000	0.00475	0.00424
9	0.01012	0.00858	0.01108	0.00869	0.03484	0.00726	0.05377	0.03578	0.03912	0.03430	0.00974	0.03602	0.00825	0.00560	0.04075	0.00121	0.02610	0.00360	0.00294	0.62227
10	0.02655	0.05764	0.25442	0.01245	0.05451	0.03025	0.09800	0.11580	0.12006	0.09716	0.04622	0.01292	0.00975	0.00513	0.00473	0.00144	0.01763	0.00431	0.00331	0.02772

[dist]
# distance from previous block
# <min> <max>
0	1

[block]
# block no. 1 follows, 55 sequences, length 61
# corresponding to MSA columns:
# 701-761
name=unknown_B
#
# <colnr> <probs for GDERKNQSTAVLIFYWHMCP>
#	G	D	E	R	K	N	Q	S	T	A	V	L	I	F	Y	W	H	M	C	P
0	0.01052	0.01294	0.22130	0.01041	0.04733	0.03125	0.04123	0.10821	0.03597	0.03780	0.10932	0.02856	0.06643	0.00570	0.00450	0.00129	0.00472	0.00476	0.01437	0.20339
1	0.00566	0.00463	0.00500	0.00510	0.00643	0.00397	0.00375	0.00693	0.01072	0.01328	0.14456	0.14758	0.60252	0.01185	0.00555	0.00160	0.00238	0.01008	0.00443	0.00397
2	0.00673	0.00509	0.00609	0.00655	0.02407	0.00472	0.00461	0.04055	0.02498	0.02813	0.09220	0.37018	0.32392	0.01217	0.00562	0.00170	0.00277	0.03124	0.00438	0.00428
3	0.01049	0.03692	0.03199	0.27352	0.43193	0.02107	0.06373	0.01337	0.01007	0.01377	0.00870	0.01194	0.00708	0.00560	0.03910	0.00169	0.00622	0.00418	0.00223	0.00640
4	0.02007	0.00846	0.01090	0.00844	0.01193	0.02438	0.00693	0.07492	0.01389	0.71182	0.04580	0.01603	0.01231	0.00586	0.00470	0.00143	0.00407	0.00474	0.00559	0.00774
5	0.00570	0.00409	0.00542	0.00646	0.00679	0.00381	0.00435	0.00654	0.00899	0.01193	0.02627	0.79531	0.05422	0.01446	0.00593	0.00188	0.00272	0.02701	0.00432	0.00379
6	0.03922	0.00799	0.03330	0.02592	0.06959	0.00742	0.02187	0.04152	0.08064	0.30371	0.06633	0.07036	0.08565	0.03171	0.06463	0.00204	0.00460	0.03282	0.00442	0.00626
7	0.01054	0.29927	0.43936	0.01131	0.01669	0.01319	0.05199	0.03746	0.01016	0.01385	0.01993	0.02815	0.01977	0.00469	0.00406	0.00132	0.00600	0.00363	0.00221	0.00642
8	0.01088	0.01138	0.04713	0.01875	0.24166	0.03658	0.31731	0.06665	0.01139	0.01544	0.01221	0.10695	0.01129	0.00602	0.00522	0.00157	0.00614	0.06433	0.00285	0.00626
9	0.39738	0.01299	0.01264	0.01341	0.18065	0.20702	0.06751	0.03176	0.01029	0.01709	0.00746	0.00905	0.00598	0.00439	0.00380	0.00138	0.00553	0.00324	0.00264	0.00577
10	0.00676	0.00453	0.00518	0.00518	0.00521	0.00457	0.00295	0.00683	0.00680	0.00910	0.01457	0.02993	0.01669	0.80253	0.05735	0.00464	0.00485	0.00669	0.00281	0.00288
11	0.01042	0.00981	0.02648	0.06498	0.21668	0.04387	0.02350	0.05190	0.14874	0.01471	0.01272	0.06080	0.02200	0.04488	0.10055	0.00239	0.11444	0.02215	0.00302	0.00597
12	0.01232	0.01485	0.21774	0.01380	0.10265	0.06934	0.09876	0.13309	0.15732	0.05329	0.02493	0.01296	0.00924	0.00675	0.05048	0.00180	0.00620	0.00439	0.00324	0.00685
13	0.00965	0.00827	0.00965	0.00689	0.01102	0.00620	0.00551	0.01171	0.00965	0.01516	0.00827	0.00965	0.00689	0.00345	0.00345	0.00069	0.00345	0.00276	0.00276	0.86494
14	0.01157	0.00999	0.01052	0.00947	0.01210	0.01157	0.00736	0.02472	0.79908	0.01946	0.01893	0.01736	0.01420	0.00631	0.00473	0.00158	0.00368	0.00526	0.00473	0.00736
15	0.01072	0.01439	0.29244	0.01539	0.20834	0.00967	0.05276	0.02661	0.06042	0.07453	0.05566	0.04280	0.02325	0.00554	0.00486	0.00146	0.01859	0.02480	0.00296	0.05479
16	0.00550	0.00471	0.00471	0.00471	0.00628	0.00393	0.00353	0.00668	0.01060	0.01257	0.04713	0.04477	0.80560	0.01178	0.00550	0.00157	0.00236	0.00982	0.00432	0.00393
17	0.01098	0.01255	0.02745	0.01961	0.02431	0.01176	0.79059	0.01490	0.01098	0.01490	0.00941	0.01255	0.00706	0.00392	0.00549	0.00157	0.00784	0.00549	0.00235	0.00627
18	0.01568	0.01124	0.05609	0.09814	0.03329	0.02430	0.10983	0.22055	0.09484	0.26719	0.01341	0.01346	0.00924	0.00530	0.00476	0.00147	0.00523	0.00455	0.00421	0.00725
19	0.00652	0.00508	0.00746	0.08945	0.02255	0.00514	0.02620	0.00788	0.00938	0.01253	0.06081	0.58336	0.02710	0.01260	0.00598	0.00185	0.01891	0.08904	0.00400	0.00414
20	0.01244	0.00956	0.01032	0.00898	0.01161	0.01071	0.00706	0.13563	0.52930	0.06617	0.07847	0.01770	0.01528	0.00637	0.00468	0.00150	0.00370	0.00526	0.05818	0.00706
21	0.00573	0.00423	0.00535	0.00618	0.00673	0.00388	0.00425	0.00666	0.00931	0.01215	0.04489	0.63680	0.17034	0.02900	0.00619	0.00188	0.00271	0.03560	0.00431	0.00382
22	0.06096	0.00821	0.00943	0.00688	0.01084	0.00642	0.00550	0.01208	0.00965	0.04120	0.00885	0.02681	0.00743	0.00380	0.00350	0.00078	0.00346	0.00302	0.00289	0.76828
23	0.01475	0.00813	0.01011	0.00769	0.01121	0.00698	0.00624	0.08469	0.01269	0.35373	0.10620	0.01534	0.01328	0.00532	0.00431	0.00116	0.00366	0.00436	0.00447	0.32566
24	0.02050	0.00852	0.01117	0.00856	0.01217	0.00773	0.00707	0.11286	0.01432	0.71910	0.01751	0.01529	0.01109	0.00574	0.00468	0.00143	0.00409	0.00462	0.00563	0.00792
25	0.00668	0.00485	0.00538	0.00535	0.00683	0.00416	0.00399	0.00793	0.01073	0.06751	0.09533	0.15686	0.57346	0.01163	0.00552	0.00161	0.00253	0.02096	0.00447	0.00422
26	0.00687	0.00528	0.00717	0.00799	0.04095	0.00567	0.00545	0.00784	0.00854	0.01185	0.02002	0.48764	0.02310	0.11566	0.04880	0.00246	0.10569	0.04495	0.04005	0.00404
27	0.82057	0.00893	0.00707	0.00624	0.00916	0.01023	0.00514	0.01419	0.00823	0.06629	0.00716	0.00803	0.00541	0.00440	0.00298	0.00144	0.00362	0.00264	0.00304	0.00520
28	0.00965	0.00919	0.01572	0.48044	0.26803	0.01050	0.04586	0.01254	0.00961	0.01296	0.00862	0.01237	0.00687	0.00612	0.04660	0.00182	0.03087	0.00424	0.00217	0.00584
29	0.00918	0.00834	0.01386	0.51864	0.19949	0.00968	0.01203	0.01202	0.00954	0.01290	0.00969	0.01455	0.00798	0.00699	0.06029	0.00192	0.00620	0.03693	0.04425	0.00551
30	0.01266	0.80220	0.02387	0.00814	0.01205	0.05471	0.00801	0.01414	0.00962	0.01097	0.00650	0.00750	0.00597	0.00402	0.00304	0.00100	0.00513	0.00251	0.00201	0.00594
31	0.00554	0.00470	0.00478	0.00479	0.00632	0.00394	0.00358	0.00675	0.01066	0.01278	0.07432	0.06012	0.76240	0.01175	0.00551	0.00157	0.00236	0.00984	0.00435	0.00394
32	0.00577	0.00413	0.00550	0.00647	0.00681	0.00386	0.00438	0.00672	0.00928	0.01245	0.08752	0.75624	0.03174	0.01414	0.00591	0.00186	0.00269	0.02632	0.00438	0.00384
33	0.81132	0.00892	0.00711	0.00627	0.00919	0.01019	0.00516	0.01429	0.00829	0.07490	0.00729	0.00812	0.00548	0.00442	0.00300	0.00144	0.00362	0.00267	0.00308	0.00524
34	0.02087	0.00792	0.01080	0.00828	0.01188	0.00684	0.00684	0.02267	0.01332	0.81071	0.01835	0.01583	0.01152	0.00576	0.00468	0.00144	0.00396	0.00468	0.00576	0.00792
35	0.02065	0.00827	0.01101	0.00844	0.01205	0.00736	0.00697	0.07530	0.01390	0.75726	0.01786	0.01552	0.01127	0.00575	0.00468	0.00144	0.00404	0.00464	0.00568	0.00792
36	0.00935	0.02329	0.77320	0.01295	0.01969	0.01058	0.01662	0.01459	0.00981	0.01475	0.00834	0.00981	0.00594	0.00437	0.00437	0.00144	0.00671	0.00340	0.00200	0.04878
37	0.01157	0.00999	0.01052	0.00947	0.01210	0.01157	0.00736	0.02472	0.79908	0.01946	0.01893	0.01736	0.01420	0.00631	0.00473	0.00158	0.00368	0.00526	0.00473	0.00736
38	0.86937	0.00900	0.00684	0.00612	0.00900	0.01044	0.00504	0.01368	0.00792	0.02087	0.00648	0.00756	0.00504	0.00432	0.00288	0.00144	0.00360	0.00252	0.00288	0.00504
39	0.01768	0.01303	0.01396	0.01070	0.01443	0.01443	0.00884	0.79197	0.02187	0.02932	0.01117	0.01117	0.00791	0.00558	0.00465	0.00140	0.00512	0.00419	0.00465	0.00791
40	0.86937	0.00900	0.00684	0.00612	0.00900	0.01044	0.00504	0.01368	0.00792	0.02087	0.00648	0.00756	0.00504	0.00432	0.00288	0.00144	0.00360	0.00252	0.00288	0.00504
41	0.01151	0.01105	0.01888	0.02855	0.80748	0.01105	0.01428	0.01428	0.01059	0.01520	0.00875	0.01151	0.00737	0.00415	0.00461	0.00138	0.00553	0.00415	0.00230	0.00737
42	0.01199	0.01020	0.01075	0.00955	0.01226	0.01177	0.00746	0.07720	0.74591	0.02014	0.01840	0.01693	0.01377	0.00626	0.00473	0.00157	0.00378	0.00519	0.00473	0.00740
43	0.00567	0.00405	0.00540	0.00648	0.00675	0.00378	0.00432	0.00648	0.00891	0.01188	0.02564	0.83347	0.03077	0.01457	0.00594	0.00189	0.00270	0.01323	0.00432	0.00378
44	0.02081	0.00802	0.01086	0.00833	0.01193	0.00699	0.00688	0.03810	0.01349	0.79504	0.01821	0.01574	0.01144	0.00575	0.00468	0.00144	0.00398	0.00467	0.00574	0.00792
45	0.00677	0.00451	0.00507	0.00507	0.00507	0.00451	0.00282	0.00677	0.00677	0.00902	0.01466	0.03044	0.01691	0.83650	0.02368	0.00451	0.00451	0.00677	0.00282	0.00282
46	0.77941	0.00862	0.00688	0.00622	0.00895	0.00985	0.00505	0.01351	0.00818	0.04899	0.00822	0.06435	0.00703	0.00507	0.00315	0.00147	0.00355	0.00333	0.00308	0.00506
47	0.00555	0.00449	0.00494	0.00530	0.00644	0.00388	0.00380	0.00661	0.01004	0.01234	0.03998	0.30702	0.54796	0.01271	0.00564	0.00168	0.00247	0.01095	0.00432	0.00388
48	0.00965	0.00827	0.00965	0.00689	0.01102	0.00620	0.00551	0.01171	0.00965	0.01516	0.00827	0.00965	0.00689	0.00345	0.00345	0.00069	0.00345	0.00276	0.00276	0.86494
49	0.00571	0.00473	0.00503	0.00514	0.00658	0.00405	0.00390	0.00700	0.01067	0.01297	0.08682	0.08229	0.67024	0.01186	0.00559	0.00162	0.00250	0.06497	0.00436	0.00397
50	0.00573	0.00431	0.00530	0.00592	0.00664	0.00389	0.00411	0.00679	0.00985	0.01283	0.11970	0.52706	0.24450	0.01324	0.00577	0.00175	0.00255	0.01175	0.00441	0.00389
51	0.01471	0.03106	0.03045	0.01262	0.07133	0.21443	0.10038	0.15392	0.10527	0.11283	0.01146	0.01242	0.00867	0.00736	0.06539	0.00185	0.02144	0.00423	0.01364	0.00655
52	0.76950	0.01010	0.00762	0.00674	0.00963	0.06586	0.00549	0.05202	0.00896	0.02064	0.00676	0.00779	0.00524	0.00441	0.00306	0.00142	0.00400	0.00263	0.00293	0.00520
53	0.00550	0.00471	0.00471	0.00471	0.00628	0.00393	0.00353	0.00668	0.01060	0.01257	0.04713	0.04477	0.80560	0.01178	0.00550	0.00157	0.00236	0.00982	0.00432	0.00393
54	0.00683	0.00545	0.00858	0.00855	0.00962	0.00518	0.09738	0.00843	0.00982	0.01303	0.04762	0.47612	0.04387	0.01263	0.00600	0.00190	0.00373	0.22693	0.00410	0.00424
55	0.01109	0.07276	0.28728	0.14139	0.21659	0.07570	0.04474	0.04729	0.01066	0.01441	0.00831	0.01054	0.00646	0.00452	0.00474	0.00142	0.02959	0.00375	0.00223	0.00653
56	0.00747	0.00647	0.02600	0.02168	0.03388	0.02358	0.06739	0.00975	0.06373	0.02738	0.03563	0.47119	0.10971	0.01145	0.00558	0.00174	0.00357	0.04738	0.02183	0.00459
57	0.00988	0.00917	0.01540	0.03711	0.54073	0.00910	0.03953	0.01221	0.01023	0.01430	0.01403	0.18709	0.03470	0.00692	0.00502	0.00154	0.00489	0.03898	0.00286	0.00631
58	0.02930	0.01619	0.30733	0.05536	0.13363	0.07244	0.05887	0.12148	0.01216	0.07525	0.01212	0.01323	0.06158	0.00515	0.00460	0.00144	0.00599	0.00428	0.00290	0.00669
59	0.03026	0.10876	0.03162	0.10778	0.35136	0.08322	0.10321	0.02860	0.01080	0.04139	0.02193	0.04272	0.00847	0.00478	0.00452	0.00139	0.00582	0.00439	0.00254	0.00645
60	0.06942	0.02687	0.14936	0.01313	0.10579	0.15959	0.09586	0.04484	0.01137	0.11180	0.02840	0.03969	0.02589	0.00530	0.00483	0.00139	0.03377	0.00435	0.02022	0.04814

[dist]
# distance from previous block
# <min> <max>
3	216

[block]
# block no. 2 follows, 55 sequences, length 69
# corresponding to MSA columns:
# 1034-1102
name=unknown_C
#
# <colnr> <probs for GDERKNQSTAVLIFYWHMCP>
#	G	D	E	R	K	N	Q	S	T	A	V	L	I	F	Y	W	H	M	C	P
0	0.14274	0.02498	0.08602	0.07865	0.18492	0.05071	0.08770	0.12610	0.05547	0.03365	0.02239	0.03051	0.01738	0.01757	0.00471	0.00148	0.00537	0.00431	0.00302	0.02233
1	0.08613	0.04344	0.07425	0.04194	0.39702	0.14181	0.01182	0.05428	0.03925	0.02681	0.00871	0.01063	0.00704	0.00460	0.00468	0.00138	0.03321	0.00376	0.00257	0.00666
2	0.01058	0.04403	0.04130	0.06564	0.14921	0.03069	0.00823	0.02617	0.02145	0.02845	0.00862	0.01027	0.00703	0.00386	0.00382	0.00096	0.00435	0.00320	0.00267	0.52947
3	0.00567	0.00405	0.00540	0.00648	0.00675	0.00378	0.00432	0.00648	0.00891	0.01188	0.02564	0.83347	0.03077	0.01457	0.00594	0.00189	0.00270	0.01323	0.00432	0.00378
4	0.00690	0.00518	0.00730	0.00732	0.00808	0.01789	0.00559	0.00829	0.00756	0.01066	0.01283	0.02022	0.01240	0.10505	0.67968	0.03663	0.01112	0.03076	0.00256	0.00398
5	0.09345	0.00841	0.01070	0.00828	0.01183	0.00773	0.00684	0.08136	0.01351	0.68253	0.01678	0.01476	0.01068	0.00562	0.00452	0.00144	0.00402	0.00446	0.00543	0.00767
6	0.00569	0.00410	0.00540	0.00639	0.00674	0.00380	0.00429	0.00656	0.00911	0.01212	0.05147	0.77932	0.05916	0.01431	0.00591	0.00186	0.00267	0.01295	0.00434	0.00380
7	0.00570	0.00472	0.00499	0.00493	0.00641	0.00401	0.00369	0.00707	0.01108	0.01370	0.18831	0.04290	0.66370	0.01136	0.00550	0.00155	0.00233	0.00956	0.00447	0.00401
8	0.00566	0.00408	0.00537	0.00639	0.00673	0.00379	0.00428	0.00649	0.00899	0.01191	0.02667	0.79557	0.06800	0.01444	0.00592	0.00187	0.00268	0.01306	0.00432	0.00379
9	0.01225	0.00984	0.01054	0.00938	0.01208	0.01123	0.00733	0.02457	0.74199	0.07695	0.01889	0.01725	0.01401	0.00627	0.00473	0.00157	0.00370	0.00522	0.00481	0.00740
10	0.00965	0.00827	0.00965	0.00689	0.01102	0.00620	0.00551	0.01171	0.00965	0.01516	0.00827	0.00965	0.00689	0.00345	0.00345	0.00069	0.00345	0.00276	0.00276	0.86494
11	0.01157	0.00999	0.01052	0.00947	0.01210	0.01157	0.00736	0.02472	0.79908	0.01946	0.01893	0.01736	0.01420	0.00631	0.00473	0.00158	0.00368	0.00526	0.00473	0.00736
12	0.00879	0.00827	0.01395	0.82532	0.03204	0.01034	0.01292	0.01189	0.00930	0.01189	0.00827	0.01240	0.00620	0.00465	0.00465	0.00155	0.00620	0.00413	0.00207	0.00517
13	0.00933	0.02406	0.81240	0.01326	0.02014	0.01080	0.01719	0.01473	0.00982	0.01473	0.00835	0.00982	0.00589	0.00442	0.00442	0.00147	0.00688	0.00344	0.00196	0.00688
14	0.00567	0.00405	0.00540	0.00648	0.00675	0.00378	0.00432	0.00648	0.00891	0.01188	0.02564	0.83347	0.03077	0.01457	0.00594	0.00189	0.00270	0.01323	0.00432	0.00378
15	0.02056	0.00785	0.01070	0.00822	0.01177	0.00678	0.00678	0.02237	0.01331	0.79353	0.03542	0.01624	0.01222	0.00584	0.00470	0.00144	0.00392	0.00476	0.00574	0.00784
16	0.00675	0.00573	0.00747	0.00685	0.00844	0.02077	0.06522	0.00859	0.01154	0.01495	0.30030	0.05293	0.36744	0.01043	0.00558	0.00160	0.00306	0.09361	0.00440	0.00433
17	0.01098	0.01255	0.02745	0.01961	0.02431	0.01176	0.79059	0.01490	0.01098	0.01490	0.00941	0.01255	0.00706	0.00392	0.00549	0.00157	0.00784	0.00549	0.00235	0.00627
18	0.00602	0.00473	0.00543	0.00526	0.00660	0.00415	0.00394	0.00768	0.01183	0.01547	0.40874	0.03999	0.44217	0.01070	0.00549	0.00152	0.00228	0.00915	0.00470	0.00415
19	0.01199	0.01128	0.01701	0.13812	0.44515	0.05204	0.05214	0.12080	0.01186	0.01613	0.00903	0.01172	0.00732	0.00585	0.03853	0.00168	0.03581	0.00419	0.00260	0.00676
20	0.01425	0.22564	0.01747	0.10969	0.09173	0.36458	0.05638	0.02705	0.01152	0.03010	0.00772	0.00938	0.00636	0.00449	0.00408	0.00124	0.00681	0.00332	0.00235	0.00585
21	0.01018	0.01018	0.01425	0.01221	0.01221	0.01425	0.01018	0.01120	0.00712	0.01120	0.00611	0.01018	0.00611	0.00814	0.01527	0.00204	0.82799	0.00407	0.00204	0.00509
22	0.00563	0.00419	0.00526	0.00611	0.00665	0.00381	0.00416	0.00652	0.00926	0.01202	0.03012	0.66900	0.19234	0.01399	0.00585	0.00182	0.00263	0.01251	0.00432	0.00381
23	0.00947	0.00879	0.05639	0.01135	0.15319	0.03020	0.00772	0.01429	0.19830	0.04389	0.19671	0.07130	0.13047	0.00778	0.00501	0.00151	0.00373	0.01767	0.02639	0.00582
24	0.01527	0.10220	0.01450	0.02418	0.15343	0.02542	0.05376	0.05452	0.04939	0.33922	0.06667	0.02912	0.01203	0.00548	0.00455	0.00137	0.00458	0.00469	0.00414	0.03548
25	0.01602	0.00689	0.00911	0.00740	0.01024	0.00599	0.00601	0.01780	0.01281	0.54801	0.14171	0.02413	0.13273	0.00744	0.00498	0.00149	0.00347	0.03168	0.00540	0.00668
26	0.06197	0.00778	0.01000	0.00790	0.01113	0.00707	0.00646	0.05207	0.02657	0.62133	0.05638	0.03320	0.04054	0.00624	0.00464	0.00144	0.00377	0.00507	0.02917	0.00727
27	0.01155	0.01081	0.01849	0.02713	0.74402	0.01075	0.03257	0.01430	0.01075	0.03316	0.03549	0.01241	0.00867	0.00435	0.00466	0.00139	0.00544	0.00433	0.00248	0.00726
28	0.00744	0.00588	0.00807	0.00783	0.00872	0.02471	0.00609	0.03459	0.00804	0.01138	0.01206	0.01789	0.01131	0.06378	0.70031	0.00674	0.05338	0.00494	0.00255	0.00430
29	0.01141	0.00982	0.01038	0.00935	0.01193	0.01133	0.00727	0.02419	0.77304	0.01943	0.04498	0.01793	0.01519	0.00642	0.00476	0.00157	0.00363	0.00536	0.00475	0.00727
30	0.33386	0.32960	0.01490	0.00813	0.03303	0.06930	0.00689	0.03437	0.02862	0.01589	0.00718	0.00821	0.00600	0.00422	0.00320	0.00118	0.00454	0.00272	0.00257	0.08560
31	0.00580	0.00478	0.00510	0.00508	0.00653	0.00414	0.00379	0.00735	0.02597	0.01364	0.16786	0.08587	0.62495	0.01146	0.00551	0.00157	0.00237	0.00969	0.00446	0.00406
32	0.01161	0.01182	0.03271	0.19310	0.40631	0.09180	0.07772	0.01522	0.07159	0.02916	0.00950	0.01197	0.00753	0.00450	0.00466	0.00143	0.00601	0.00422	0.00251	0.00661
33	0.00671	0.00529	0.00598	0.00569	0.00716	0.00489	0.00429	0.04067	0.04815	0.01595	0.34226	0.06432	0.41070	0.01047	0.00544	0.00153	0.00248	0.00894	0.00467	0.00443
34	0.04826	0.00806	0.01062	0.00823	0.01171	0.00721	0.00677	0.04879	0.02538	0.71886	0.04391	0.01605	0.01229	0.00584	0.00465	0.00144	0.00392	0.00472	0.00559	0.00770
35	0.03850	0.00609	0.00731	0.00662	0.00835	0.00601	0.00509	0.01365	0.13067	0.14136	0.39753	0.06611	0.02834	0.00800	0.00490	0.00145	0.00276	0.00688	0.11499	0.00537
36	0.00603	0.00472	0.00546	0.00529	0.00662	0.00415	0.00396	0.00770	0.01183	0.01552	0.41602	0.05170	0.42293	0.01072	0.00550	0.00152	0.00228	0.00918	0.00471	0.00415
37	0.00655	0.00479	0.00583	0.00573	0.00660	0.00453	0.00403	0.00835	0.03714	0.01504	0.42311	0.12587	0.12847	0.19230	0.00952	0.00220	0.00283	0.00867	0.00441	0.00402
38	0.86937	0.00900	0.00684	0.00612	0.00900	0.01044	0.00504	0.01368	0.00792	0.02087	0.00648	0.00756	0.00504	0.00432	0.00288	0.00144	0.00360	0.00252	0.00288	0.00504
39	0.86937	0.00900	0.00684	0.00612	0.00900	0.01044	0.00504	0.01368	0.00792	0.02087	0.00648	0.00756	0.00504	0.00432	0.00288	0.00144	0.00360	0.00252	0.00288	0.00504
40	0.00727	0.00496	0.00683	0.00779	0.00864	0.00482	0.00630	0.00890	0.01013	0.03971	0.02480	0.34001	0.02774	0.01325	0.00619	0.00203	0.00369	0.46840	0.00435	0.00422
41	0.02011	0.00914	0.01156	0.00886	0.01249	0.00866	0.00732	0.20733	0.01537	0.62315	0.01663	0.01471	0.01065	0.00572	0.00467	0.00143	0.00424	0.00456	0.00549	0.00792
42	0.01508	0.00757	0.00982	0.00813	0.01078	0.00726	0.01707	0.04693	0.11373	0.42803	0.14430	0.08795	0.04471	0.00740	0.00525	0.00152	0.02641	0.00621	0.00517	0.00671
43	0.00914	0.03813	0.16985	0.00797	0.01075	0.00662	0.02197	0.01194	0.01227	0.10935	0.49516	0.02568	0.02976	0.00763	0.00505	0.00143	0.00357	0.00661	0.00435	0.02276
44	0.01151	0.01105	0.01888	0.02855	0.80748	0.01105	0.01428	0.01428	0.01059	0.01520	0.00875	0.01151	0.00737	0.00415	0.00461	0.00138	0.00553	0.00415	0.00230	0.00737
45	0.01098	0.01255	0.02745	0.01961	0.02431	0.01176	0.79059	0.01490	0.01098	0.01490	0.00941	0.01255	0.00706	0.00392	0.00549	0.00157	0.00784	0.00549	0.00235	0.00627
46	0.00946	0.02129	0.67405	0.01276	0.03444	0.01039	0.01543	0.04136	0.03660	0.01539	0.03621	0.05296	0.00880	0.00520	0.00456	0.00149	0.00631	0.00420	0.00238	0.00670
47	0.00880	0.00879	0.04055	0.79827	0.03164	0.01035	0.01306	0.01198	0.00932	0.01198	0.00827	0.01232	0.00619	0.00464	0.00464	0.00155	0.00622	0.00411	0.00206	0.00522
48	0.00640	0.00470	0.00557	0.00569	0.00688	0.00416	0.00420	0.00781	0.01095	0.04058	0.23272	0.22949	0.37198	0.01171	0.00561	0.00164	0.00252	0.03870	0.00457	0.00416
49	0.00567	0.00405	0.00540	0.00648	0.00675	0.00378	0.00432	0.00648	0.00891	0.01188	0.02564	0.83347	0.03077	0.01457	0.00594	0.00189	0.00270	0.01323	0.00432	0.00378
50	0.04134	0.04075	0.01548	0.15910	0.23231	0.16378	0.02326	0.23546	0.01394	0.01794	0.00892	0.01074	0.00693	0.00476	0.00445	0.00137	0.00602	0.00385	0.00296	0.00663
51	0.04182	0.01100	0.01823	0.09237	0.43183	0.01130	0.14047	0.11482	0.01192	0.03532	0.00953	0.01225	0.00759	0.00456	0.00483	0.00145	0.01545	0.01395	0.01443	0.00689
52	0.46613	0.01005	0.03587	0.05584	0.01097	0.08301	0.00629	0.06753	0.00987	0.01898	0.00876	0.01024	0.00681	0.00476	0.00357	0.00136	0.01811	0.00319	0.17346	0.00520
53	0.00965	0.00827	0.00965	0.00689	0.01102	0.00620	0.00551	0.01171	0.00965	0.01516	0.00827	0.00965	0.00689	0.00345	0.00345	0.00069	0.00345	0.00276	0.00276	0.86494
54	0.00992	0.04822	0.60322	0.01284	0.01814	0.04494	0.01523	0.01420	0.00944	0.01380	0.00782	0.00975	0.00594	0.00512	0.00641	0.00155	0.16151	0.00351	0.00200	0.00645
55	0.00556	0.00472	0.00479	0.00477	0.00632	0.00395	0.00358	0.00679	0.01074	0.01289	0.08778	0.04423	0.76474	0.01166	0.00550	0.00157	0.00235	0.00974	0.00436	0.00395
56	0.00651	0.00472	0.00614	0.00585	0.00692	0.00435	0.00436	0.00860	0.01288	0.01814	0.74431	0.07574	0.06433	0.00983	0.00551	0.00149	0.00222	0.00870	0.00506	0.00435
57	0.00618	0.00474	0.00565	0.00542	0.00670	0.00422	0.00407	0.00799	0.01220	0.01636	0.51937	0.03853	0.33098	0.01037	0.00549	0.00150	0.00226	0.00894	0.00482	0.00422
58	0.12620	0.00805	0.01030	0.00801	0.01152	0.00728	0.00661	0.02156	0.01265	0.71266	0.01688	0.01481	0.01071	0.00558	0.00445	0.00144	0.00391	0.00441	0.00540	0.00756
59	0.01157	0.00999	0.01052	0.00947	0.01210	0.01157	0.00736	0.02472	0.79908	0.01946	0.01893	0.01736	0.01420	0.00631	0.00473	0.00158	0.00368	0.00526	0.00473	0.00736
60	0.00965	0.00827	0.00965	0.00689	0.01102	0.00620	0.00551	0.01171	0.00965	0.01516	0.00827	0.00965	0.00689	0.00345	0.00345	0.00069	0.00345	0.00276	0.00276	0.86494
61	0.86937	0.00900	0.00684	0.00612	0.00900	0.01044	0.00504	0.01368	0.00792	0.02087	0.00648	0.00756	0.00504	0.00432	0.00288	0.00144	0.00360	0.00252	0.00288	0.00504
62	0.00879	0.00827	0.01395	0.82532	0.03204	0.01034	0.01292	0.01189	0.00930	0.01189	0.00827	0.01240	0.00620	0.00465	0.00465	0.00155	0.00620	0.00413	0.00207	0.00517
63	0.00575	0.00412	0.00538	0.00631	0.00665	0.00384	0.00421	0.00658	0.00902	0.01201	0.05411	0.73187	0.06246	0.05551	0.00679	0.00199	0.00276	0.01259	0.00427	0.00376
64	0.00838	0.00413	0.00617	0.00611	0.00620	0.00411	0.00411	0.00645	0.00623	0.02672	0.00832	0.01418	0.00816	0.01592	0.01787	0.84460	0.00404	0.00406	0.00211	0.00216
65	0.00963	0.05226	0.76575	0.01305	0.01971	0.03060	0.01667	0.01480	0.00989	0.01452	0.00826	0.00971	0.00590	0.00441	0.00436	0.00145	0.00685	0.00339	0.00198	0.00681
66	0.00602	0.00434	0.00567	0.00662	0.00700	0.00416	0.00452	0.00727	0.03508	0.01209	0.02480	0.72266	0.02929	0.05610	0.00683	0.00203	0.00291	0.05448	0.00425	0.00388
67	0.00592	0.00462	0.00541	0.00564	0.00671	0.00422	0.00412	0.00714	0.00999	0.01273	0.11533	0.20219	0.41110	0.06411	0.08548	0.00240	0.00360	0.04122	0.00413	0.00391
68	0.07055	0.10029	0.05847	0.01588	0.07775	0.08523	0.39722	0.04768	0.03257	0.04372	0.00933	0.01135	0.00714	0.00429	0.00470	0.00143	0.00664	0.00444	0.01498	0.00632

[dist]
# distance from previous block
# <min> <max>
0	1

[block]
# block no. 3 follows, 55 sequences, length 9
# corresponding to MSA columns:
# 1105-1113
name=unknown_D
#
# <colnr> <probs for GDERKNQSTAVLIFYWHMCP>
#	G	D	E	R	K	N	Q	S	T	A	V	L	I	F	Y	W	H	M	C	P
0	0.58351	0.05068	0.04166	0.04011	0.01162	0.09720	0.00678	0.09269	0.01009	0.01964	0.00717	0.00829	0.00555	0.00450	0.00334	0.00139	0.00456	0.00284	0.00290	0.00549
1	0.01426	0.04617	0.06672	0.01300	0.01552	0.45451	0.11475	0.01606	0.01122	0.01202	0.00730	0.00940	0.00615	0.00536	0.00677	0.00144	0.18793	0.00358	0.00227	0.00556
2	0.01021	0.00981	0.07605	0.03502	0.08860	0.00798	0.02725	0.07741	0.01053	0.02995	0.01121	0.01411	0.04550	0.09289	0.00647	0.00143	0.03081	0.00401	0.00289	0.41785
3	0.01018	0.01018	0.01425	0.01221	0.01221	0.01425	0.01018	0.01120	0.00712	0.01120	0.00611	0.01018	0.00611	0.00814	0.01527	0.00204	0.82799	0.00407	0.00204	0.00509
4	0.00593	0.00421	0.00559	0.00659	0.00693	0.00399	0.00454	0.00682	0.00894	0.01189	0.02480	0.70063	0.02943	0.06973	0.00718	0.00209	0.00298	0.08975	0.00421	0.00377
5	0.04172	0.04550	0.01465	0.04975	0.01542	0.14238	0.10728	0.24398	0.09837	0.14959	0.01227	0.01343	0.00911	0.00544	0.00463	0.00143	0.00562	0.02873	0.00389	0.00683
6	0.01189	0.01313	0.07487	0.08469	0.18145	0.05849	0.32534	0.10482	0.01181	0.01592	0.00895	0.01157	0.00694	0.00460	0.00569	0.00151	0.06470	0.00457	0.00254	0.00650
7	0.00740	0.00482	0.00598	0.00615	0.00732	0.00432	0.00453	0.00871	0.01063	0.09383	0.15198	0.34451	0.26400	0.01196	0.00564	0.00170	0.00274	0.05482	0.00459	0.00436
8	0.01204	0.26795	0.18090	0.01276	0.12484	0.12477	0.02536	0.04267	0.01070	0.02840	0.02389	0.02924	0.00791	0.00592	0.03592	0.00150	0.02324	0.00365	0.00242	0.03592

[dist]
# distance from previous block
# <min> <max>
0	1

[block]
# block no. 4 follows, 55 sequences, length 33
# corresponding to MSA columns:
# 1115-1147
name=unknown_E
#
# <colnr> <probs for GDERKNQSTAVLIFYWHMCP>
#	G	D	E	R	K	N	Q	S	T	A	V	L	I	F	Y	W	H	M	C	P
0	0.01482	0.18723	0.03038	0.01161	0.07468	0.17310	0.02474	0.25412	0.07956	0.03922	0.00999	0.01072	0.00775	0.00505	0.00443	0.00130	0.02528	0.00371	0.03566	0.00667
1	0.00590	0.00478	0.00547	0.00576	0.02558	0.00418	0.00408	0.00728	0.01093	0.01385	0.20659	0.14761	0.51858	0.01149	0.00553	0.00159	0.00244	0.00984	0.00444	0.00409
2	0.01194	0.01126	0.01589	0.31238	0.34242	0.07800	0.01253	0.13078	0.01204	0.01581	0.00881	0.01153	0.00692	0.00460	0.00460	0.00143	0.00595	0.00405	0.00258	0.00649
3	0.00671	0.00474	0.00624	0.00624	0.00664	0.00514	0.00427	0.00751	0.00711	0.00988	0.01359	0.02454	0.01435	0.44785	0.40883	0.00595	0.00837	0.00590	0.00266	0.00347
4	0.00571	0.00407	0.00538	0.00642	0.00668	0.00381	0.00426	0.00649	0.00882	0.01176	0.02519	0.80023	0.03020	0.04860	0.00667	0.00200	0.00277	0.01296	0.00426	0.00374
5	0.01516	0.00665	0.00896	0.00731	0.00991	0.00586	0.00586	0.01711	0.01326	0.49384	0.33307	0.02340	0.02447	0.00726	0.00500	0.00145	0.00325	0.00617	0.00550	0.00651
6	0.00559	0.00472	0.00484	0.00481	0.00634	0.00397	0.00361	0.00685	0.01082	0.01307	0.11000	0.04394	0.74241	0.01159	0.00550	0.00156	0.00234	0.00970	0.00439	0.00397
7	0.01244	0.83930	0.02438	0.00796	0.01194	0.01841	0.00796	0.01393	0.00945	0.01095	0.00647	0.00746	0.00597	0.00398	0.00299	0.00100	0.00498	0.00249	0.00199	0.00597
8	0.00933	0.02406	0.81240	0.01326	0.02014	0.01080	0.01719	0.01473	0.00982	0.01473	0.00835	0.00982	0.00589	0.00442	0.00442	0.00147	0.00688	0.00344	0.00196	0.00688
9	0.01157	0.00999	0.01052	0.00947	0.01210	0.01157	0.00736	0.02472	0.79908	0.01946	0.01893	0.01736	0.01420	0.00631	0.00473	0.00158	0.00368	0.00526	0.00473	0.00736
10	0.01244	0.83930	0.02438	0.00796	0.01194	0.01841	0.00796	0.01393	0.00945	0.01095	0.00647	0.00746	0.00597	0.00398	0.00299	0.00100	0.00498	0.00249	0.00199	0.00597
11	0.00879	0.00827	0.01395	0.82532	0.03204	0.01034	0.01292	0.01189	0.00930	0.01189	0.00827	0.01240	0.00620	0.00465	0.00465	0.00155	0.00620	0.00413	0.00207	0.00517
12	0.00750	0.00535	0.00750	0.00857	0.00964	0.00535	0.00750	0.00964	0.01071	0.01392	0.02463	0.05248	0.02677	0.01285	0.00643	0.00214	0.00428	0.77617	0.00428	0.00428
13	0.00596	0.00445	0.00557	0.00610	0.00691	0.00406	0.00440	0.00725	0.01031	0.01358	0.18832	0.42300	0.21562	0.01275	0.00578	0.00175	0.00264	0.07307	0.00448	0.00398
14	0.00933	0.02406	0.81240	0.01326	0.02014	0.01080	0.01719	0.01473	0.00982	0.01473	0.00835	0.00982	0.00589	0.00442	0.00442	0.00147	0.00688	0.00344	0.00196	0.00688
15	0.01152	0.01066	0.01675	0.23535	0.49682	0.03373	0.01311	0.06083	0.03212	0.03106	0.00919	0.01188	0.00732	0.00447	0.00461	0.00143	0.00568	0.00415	0.00252	0.00678
16	0.77078	0.04019	0.00792	0.00654	0.00946	0.05151	0.00540	0.01419	0.00839	0.04229	0.00685	0.00783	0.00530	0.00437	0.00300	0.00141	0.00390	0.00260	0.00290	0.00517
17	0.01018	0.01018	0.01425	0.01221	0.01221	0.01425	0.01018	0.01120	0.00712	0.01120	0.00611	0.01018	0.00611	0.00814	0.01527	0.00204	0.82799	0.00407	0.00204	0.00509
18	0.00676	0.00452	0.00514	0.00514	0.00516	0.00455	0.00290	0.00681	0.00678	0.00907	0.01460	0.03012	0.01677	0.81487	0.04512	0.00459	0.00472	0.00672	0.00281	0.00285
19	0.01100	0.06039	0.25114	0.01378	0.01861	0.01053	0.29998	0.03660	0.02564	0.06804	0.01062	0.04836	0.00848	0.00486	0.00476	0.00143	0.00623	0.01792	0.00272	0.09891
20	0.00933	0.02406	0.81240	0.01326	0.02014	0.01080	0.01719	0.01473	0.00982	0.01473	0.00835	0.00982	0.00589	0.00442	0.00442	0.00147	0.00688	0.00344	0.00196	0.00688
21	0.00567	0.00405	0.00540	0.00648	0.00675	0.00378	0.00432	0.00648	0.00891	0.01188	0.02564	0.83347	0.03077	0.01457	0.00594	0.00189	0.00270	0.01323	0.00432	0.00378
22	0.02459	0.01108	0.03813	0.14695	0.12304	0.02730	0.22066	0.01340	0.03685	0.01336	0.00833	0.01165	0.00690	0.00610	0.02220	0.00178	0.27510	0.00447	0.00228	0.00583
23	0.01231	0.19792	0.07161	0.01312	0.08734	0.07165	0.15766	0.11662	0.04766	0.01570	0.00923	0.02910	0.00761	0.00472	0.00468	0.00129	0.03687	0.00399	0.00274	0.10819
24	0.00563	0.00433	0.00515	0.00577	0.00657	0.00385	0.00402	0.00662	0.00968	0.01232	0.05459	0.50560	0.33249	0.01335	0.00576	0.00175	0.00255	0.01177	0.00434	0.00385
25	0.00566	0.00409	0.00535	0.00636	0.00672	0.00379	0.00426	0.00649	0.00902	0.01192	0.02713	0.77878	0.08450	0.01438	0.00591	0.00187	0.00268	0.01299	0.00432	0.00379
26	0.00994	0.06929	0.56340	0.02970	0.09369	0.01093	0.07111	0.01442	0.00999	0.03342	0.00936	0.04715	0.00738	0.00482	0.00451	0.00146	0.00643	0.00408	0.00222	0.00668
27	0.00930	0.00844	0.01380	0.42547	0.23988	0.00946	0.01169	0.02826	0.01036	0.01394	0.08710	0.05121	0.01250	0.00592	0.00488	0.00154	0.00534	0.05253	0.00271	0.00564
28	0.00582	0.00455	0.00531	0.00573	0.00678	0.00404	0.00421	0.00705	0.01027	0.01299	0.10547	0.30912	0.41263	0.01261	0.00572	0.00172	0.00262	0.07505	0.00439	0.00395
29	0.01664	0.02074	0.01283	0.01167	0.01405	0.73068	0.00878	0.01887	0.08001	0.01206	0.00831	0.00938	0.00682	0.00561	0.02274	0.00137	0.00808	0.00323	0.00260	0.00553
30	0.05504	0.03442	0.06177	0.02646	0.01224	0.03061	0.02343	0.18145	0.04983	0.20565	0.02787	0.10716	0.02502	0.05704	0.00599	0.00173	0.00452	0.07927	0.00424	0.00626
31	0.01421	0.36432	0.02994	0.01044	0.04379	0.29054	0.00861	0.09092	0.03558	0.01359	0.02484	0.01060	0.02154	0.00490	0.00385	0.00118	0.00606	0.01651	0.00262	0.00597
32	0.03742	0.11386	0.44560	0.01224	0.05741	0.01115	0.03970	0.02775	0.02878	0.01492	0.02544	0.01038	0.00718	0.00449	0.00448	0.00133	0.03065	0.00350	0.00232	0.12141

[dist]
# distance from previous block
# <min> <max>
1	3

[block]
# block no. 5 follows, 55 sequences, length 12
# corresponding to MSA columns:
# 1151-1162
name=unknown_F
#
# <colnr> <probs for GDERKNQSTAVLIFYWHMCP>
#	G	D	E	R	K	N	Q	S	T	A	V	L	I	F	Y	W	H	M	C	P
0	0.03965	0.03870	0.07430	0.03426	0.25665	0.03796	0.22011	0.08939	0.01158	0.04142	0.02931	0.01189	0.00802	0.00468	0.00534	0.00145	0.05533	0.00440	0.00271	0.03287
1	0.01204	0.01194	0.08547	0.03442	0.27611	0.03660	0.16026	0.06570	0.09031	0.08075	0.01201	0.07458	0.00993	0.00537	0.00485	0.00147	0.00560	0.00512	0.00312	0.02436
2	0.00879	0.00827	0.01395	0.82532	0.03204	0.01034	0.01292	0.01189	0.00930	0.01189	0.00827	0.01240	0.00620	0.00465	0.00465	0.00155	0.00620	0.00413	0.00207	0.00517
3	0.01082	0.01210	0.02583	0.08989	0.06643	0.01160	0.68213	0.01461	0.01081	0.01466	0.00928	0.01248	0.00700	0.00400	0.00537	0.00156	0.00758	0.00530	0.00233	0.00624
4	0.01484	0.01715	0.01190	0.01080	0.01325	0.49850	0.00820	0.02030	0.29342	0.01431	0.01294	0.01301	0.04009	0.00561	0.00444	0.00135	0.00648	0.00407	0.00331	0.00604
5	0.00675	0.00458	0.00541	0.00541	0.00553	0.00469	0.00324	0.00698	0.00686	0.00927	0.01435	0.02875	0.01618	0.72463	0.13454	0.00492	0.00562	0.00652	0.00277	0.00301
6	0.00643	0.00472	0.00602	0.00575	0.00687	0.00431	0.00429	0.00845	0.01272	0.01771	0.68985	0.06716	0.12845	0.00996	0.00551	0.00149	0.00223	0.00876	0.00500	0.00431
7	0.00676	0.00454	0.00522	0.00522	0.00527	0.00459	0.00300	0.00686	0.00681	0.00913	0.01453	0.02971	0.01660	0.78846	0.07129	0.00469	0.00499	0.00666	0.00280	0.00290
8	0.01768	0.01303	0.01396	0.01070	0.01443	0.01443	0.00884	0.79197	0.02187	0.02932	0.01117	0.01117	0.00791	0.00558	0.00465	0.00140	0.00512	0.00419	0.00465	0.00791
9	0.02087	0.00792	0.01080	0.00828	0.01188	0.00684	0.00684	0.02267	0.01332	0.81071	0.01835	0.01583	0.01152	0.00576	0.00468	0.00144	0.00396	0.00468	0.00576	0.00792
10	0.01157	0.00999	0.01052	0.00947	0.01210	0.01157	0.00736	0.02472	0.79908	0.01946	0.01893	0.01736	0.01420	0.00631	0.00473	0.00158	0.00368	0.00526	0.00473	0.00736
11	0.00567	0.00405	0.00540	0.00648	0.00675	0.00378	0.00432	0.00648	0.00891	0.01188	0.02564	0.83347	0.03077	0.01457	0.00594	0.00189	0.00270	0.01323	0.00432	0.00378

[dist]
# distance from previous block
# <min> <max>
0	2

[block]
# block no. 6 follows, 55 sequences, length 11
# corresponding to MSA columns:
# 1165-1175
name=unknown_G
#
# <colnr> <probs for GDERKNQSTAVLIFYWHMCP>
#	G	D	E	R	K	N	Q	S	T	A	V	L	I	F	Y	W	H	M	C	P
0	0.00768	0.02781	0.03016	0.00678	0.00842	0.00624	0.00542	0.01188	0.15556	0.01801	0.55372	0.03124	0.08095	0.00887	0.00528	0.00150	0.00273	0.02794	0.00481	0.00501
1	0.01018	0.01018	0.01425	0.01221	0.01221	0.01425	0.01018	0.01120	0.00712	0.01120	0.00611	0.01018	0.00611	0.00814	0.01527	0.00204	0.82799	0.00407	0.00204	0.00509
2	0.01244	0.47790	0.21191	0.01019	0.01486	0.01566	0.04630	0.13455	0.01153	0.01488	0.00778	0.00884	0.00630	0.00433	0.00370	0.00120	0.00559	0.00312	0.00241	0.00650
3	0.00665	0.00475	0.00601	0.00644	0.00743	0.00425	0.00464	0.00781	0.00970	0.03922	0.05858	0.52084	0.15034	0.01261	0.00565	0.00173	0.00286	0.07349	0.00427	0.07273
4	0.00994	0.00870	0.01108	0.01024	0.13426	0.00695	0.00687	0.01211	0.00979	0.01517	0.00834	0.00994	0.00696	0.00355	0.00362	0.00080	0.00377	0.00297	0.00269	0.73225
5	0.03439	0.16090	0.12827	0.08660	0.13093	0.13699	0.05216	0.08622	0.03566	0.07809	0.02185	0.01097	0.00768	0.00470	0.00427	0.00134	0.00593	0.00375	0.00282	0.00648
6	0.00933	0.00813	0.01095	0.00978	0.01060	0.01039	0.00789	0.06825	0.07282	0.01298	0.01031	0.01466	0.00942	0.04205	0.33561	0.00420	0.35033	0.00462	0.00265	0.00504
7	0.00641	0.00480	0.00620	0.03185	0.00815	0.00468	0.00512	0.00816	0.04588	0.01287	0.06419	0.48307	0.11662	0.04267	0.00649	0.00194	0.00312	0.13946	0.00425	0.00408
8	0.01120	0.02818	0.04471	0.05598	0.33946	0.06917	0.13076	0.02693	0.03711	0.04039	0.04469	0.05901	0.01159	0.03118	0.00548	0.00158	0.00565	0.04775	0.00287	0.00631
9	0.15453	0.00905	0.03124	0.12610	0.22824	0.04429	0.02909	0.01217	0.00977	0.04440	0.03297	0.19914	0.02832	0.02459	0.00507	0.00160	0.00465	0.00619	0.00307	0.00552
10	0.01153	0.01141	0.01784	0.13567	0.64957	0.06446	0.01374	0.01424	0.01059	0.01450	0.00858	0.01143	0.00712	0.00426	0.00458	0.00139	0.00581	0.00407	0.00228	0.00694

[dist]
# distance from previous block
# <min> <max>
2	13

[block]
# block no. 7 follows, 55 sequences, length 29
# corresponding to MSA columns:
# 1189-1217
name=unknown_H
#
# <colnr> <probs for GDERKNQSTAVLIFYWHMCP>
#	G	D	E	R	K	N	Q	S	T	A	V	L	I	F	Y	W	H	M	C	P
0	0.01057	0.02299	0.06565	0.04494	0.17126	0.04416	0.07679	0.05508	0.05069	0.05430	0.10444	0.04973	0.03619	0.06925	0.04087	0.00196	0.05683	0.00547	0.03303	0.00580
1	0.04156	0.07831	0.06063	0.09659	0.49187	0.01130	0.03352	0.04607	0.01081	0.01545	0.04294	0.01201	0.00857	0.00447	0.00444	0.00136	0.00540	0.00410	0.00249	0.02811
2	0.00905	0.00770	0.04773	0.00938	0.01138	0.00693	0.10839	0.09498	0.01133	0.04648	0.04162	0.24912	0.05749	0.06008	0.00673	0.00193	0.00437	0.20005	0.00394	0.02132
3	0.01210	0.01035	0.01153	0.01119	0.07973	0.01178	0.00808	0.09040	0.66480	0.01995	0.01740	0.01632	0.01308	0.00606	0.00472	0.00155	0.00396	0.00507	0.00452	0.00741
4	0.04870	0.00930	0.01128	0.00954	0.07394	0.00837	0.02335	0.14673	0.03060	0.04883	0.04455	0.01155	0.00901	0.00434	0.00393	0.00100	0.00397	0.00354	0.00331	0.50417
5	0.28627	0.18043	0.23967	0.01054	0.03022	0.01218	0.09060	0.03106	0.00971	0.05903	0.00809	0.00929	0.00613	0.00434	0.00377	0.00137	0.00532	0.00326	0.00257	0.00613
6	0.01051	0.02666	0.02371	0.01754	0.04965	0.01077	0.61122	0.01397	0.01066	0.01462	0.01035	0.04363	0.00859	0.00528	0.02474	0.00165	0.00715	0.02789	0.00251	0.07890
7	0.01176	0.01094	0.01796	0.10802	0.66144	0.01127	0.01368	0.07997	0.01142	0.01606	0.00891	0.01158	0.00730	0.00432	0.00461	0.00140	0.00556	0.00415	0.00248	0.00719
8	0.00574	0.00433	0.00533	0.00602	0.00674	0.00392	0.00422	0.00678	0.00969	0.01250	0.07100	0.52957	0.25856	0.01343	0.00581	0.00179	0.00264	0.04370	0.00436	0.00387
9	0.01217	0.06178	0.08507	0.01906	0.22427	0.08774	0.34016	0.03236	0.01121	0.05048	0.00953	0.02742	0.00756	0.00443	0.00486	0.00144	0.00671	0.00465	0.00253	0.00657
10	0.05204	0.06043	0.01614	0.14444	0.36309	0.05501	0.01154	0.15949	0.06250	0.01739	0.00945	0.01137	0.00746	0.00466	0.00443	0.00139	0.00547	0.00399	0.00287	0.00683
11	0.00587	0.00442	0.00523	0.00563	0.00641	0.00400	0.00388	0.00688	0.00978	0.01265	0.13368	0.36278	0.29325	0.11417	0.00791	0.00205	0.00274	0.01065	0.00424	0.00379
12	0.00645	0.00545	0.00731	0.00664	0.00830	0.00485	0.07085	0.00823	0.01137	0.01460	0.25544	0.03990	0.45438	0.01057	0.00558	0.00159	0.00295	0.07689	0.00438	0.00429
13	0.04517	0.21782	0.21466	0.03475	0.09038	0.05478	0.05909	0.10381	0.05677	0.01556	0.00865	0.01009	0.00683	0.00476	0.00482	0.00137	0.05803	0.00359	0.00256	0.00650
14	0.00831	0.02627	0.09270	0.00868	0.02589	0.00674	0.01934	0.05333	0.06392	0.03580	0.02313	0.28428	0.10639	0.01140	0.02574	0.00192	0.00414	0.19305	0.00398	0.00499
15	0.00584	0.00433	0.00528	0.00584	0.00648	0.00395	0.00398	0.00680	0.00954	0.01246	0.11122	0.47603	0.21856	0.09803	0.00761	0.00204	0.00275	0.01123	0.00425	0.00378
16	0.62897	0.01018	0.01005	0.02518	0.15389	0.05518	0.02887	0.01406	0.00880	0.01900	0.00704	0.00854	0.00559	0.00431	0.00337	0.00142	0.00437	0.00295	0.00272	0.00551
17	0.00630	0.00493	0.00585	0.00627	0.00758	0.00447	0.00508	0.00787	0.01069	0.01332	0.07244	0.07918	0.44888	0.01219	0.00586	0.00179	0.00308	0.29578	0.00434	0.00408
18	0.01254	0.01187	0.05804	0.01675	0.29695	0.03051	0.01067	0.15195	0.30818	0.01909	0.01321	0.01422	0.01026	0.00539	0.00467	0.00147	0.00488	0.01838	0.00364	0.00733
19	0.01518	0.16267	0.04965	0.01232	0.01561	0.45588	0.12392	0.07315	0.02544	0.01339	0.00792	0.00924	0.00641	0.00459	0.00422	0.00125	0.00734	0.00341	0.00250	0.00590
20	0.00954	0.00815	0.00957	0.00691	0.01093	0.00619	0.00552	0.01159	0.00957	0.01501	0.00842	0.00995	0.00706	0.00456	0.03227	0.00093	0.00376	0.00284	0.00275	0.83448
21	0.01151	0.01105	0.01888	0.02855	0.80748	0.01105	0.01428	0.01428	0.01059	0.01520	0.00875	0.01151	0.00737	0.00415	0.00461	0.00138	0.00553	0.00415	0.00230	0.00737
22	0.00602	0.00473	0.00543	0.00526	0.00660	0.00415	0.00394	0.00768	0.01183	0.01548	0.40944	0.03998	0.44147	0.01070	0.00549	0.00152	0.00228	0.00915	0.00470	0.00415
23	0.00648	0.00473	0.00597	0.00567	0.00673	0.00435	0.00418	0.00840	0.01240	0.01725	0.66259	0.03548	0.12285	0.07439	0.00691	0.00171	0.00239	0.00843	0.00486	0.00422
24	0.01244	0.83930	0.02438	0.00796	0.01194	0.01841	0.00796	0.01393	0.00945	0.01095	0.00647	0.00746	0.00597	0.00398	0.00299	0.00100	0.00498	0.00249	0.00199	0.00597
25	0.00581	0.00463	0.00508	0.00514	0.00645	0.00401	0.00379	0.00716	0.01086	0.01377	0.18905	0.14094	0.54232	0.01154	0.00549	0.00158	0.00236	0.00984	0.02619	0.00401
26	0.01233	0.01037	0.01095	0.00962	0.01239	0.01193	0.00755	0.11990	0.70267	0.02068	0.01797	0.01659	0.01342	0.00622	0.00472	0.00156	0.00386	0.00513	0.00472	0.00743
