[name]
unknown

[dist]
# distance from previous block
# <min> <max>
0	35

[block]
# block no. 0 follows, 58 sequences, length 6
# corresponding to MSA columns:
# 35-40
name=unknown_A
#
# <colnr> <probs for GDERKNQSTAVLIFYWHMCP>
#	G	D	E	R	K	N	Q	S	T	A	V	L	I	F	Y	W	H	M	C	P
0	0.16772	0.00580	0.00709	0.00780	0.00915	0.00605	0.00677	0.00999	0.00980	0.01462	0.02045	0.04246	0.02188	0.01084	0.00555	0.00193	0.00400	0.63997	0.00387	0.00425
1	0.87439	0.00865	0.00657	0.00588	0.00865	0.01003	0.00484	0.01315	0.00761	0.02007	0.00623	0.00727	0.00484	0.00415	0.00277	0.00138	0.00346	0.00242	0.00277	0.00484
2	0.01464	0.00913	0.00990	0.00831	0.01085	0.07820	0.00655	0.23550	0.01408	0.28950	0.04719	0.18902	0.05203	0.00760	0.00477	0.00145	0.00410	0.00632	0.00458	0.00626
3	0.00636	0.00458	0.00555	0.00600	0.00654	0.00442	0.00402	0.05439	0.00905	0.01191	0.02372	0.52970	0.10849	0.19255	0.00928	0.00230	0.00308	0.01050	0.00386	0.00369
4	0.01169	0.00830	0.00929	0.00821	0.01053	0.00901	0.00636	0.07120	0.45518	0.13903	0.07582	0.08482	0.04349	0.03959	0.00542	0.00161	0.00348	0.00594	0.00460	0.00643
5	0.01592	0.01199	0.01281	0.01007	0.01346	0.01336	0.00824	0.65630	0.16647	0.02644	0.01212	0.01184	0.00873	0.00550	0.00449	0.00137	0.00467	0.00422	0.00449	0.00751

[dist]
# distance from previous block
# <min> <max>
15	19

[block]
# block no. 1 follows, 58 sequences, length 7
# corresponding to MSA columns:
# 65-71
name=unknown_B
#
# <colnr> <probs for GDERKNQSTAVLIFYWHMCP>
#	G	D	E	R	K	N	Q	S	T	A	V	L	I	F	Y	W	H	M	C	P
0	0.00639	0.00479	0.00719	0.00719	0.00799	0.00559	0.00559	0.00799	0.00719	0.01038	0.01198	0.01757	0.01118	0.03355	0.82507	0.00719	0.01198	0.00479	0.00240	0.00399
1	0.01079	0.01035	0.01766	0.11256	0.73195	0.01056	0.01359	0.01349	0.01005	0.01428	0.00837	0.01116	0.00697	0.00404	0.00443	0.00135	0.00538	0.00398	0.00219	0.00686
2	0.00639	0.00479	0.00719	0.00719	0.00799	0.00559	0.00559	0.00799	0.00719	0.01038	0.01198	0.01757	0.01118	0.03355	0.82507	0.00719	0.01198	0.00479	0.00240	0.00399
3	0.00928	0.00795	0.00928	0.00663	0.01060	0.00596	0.00530	0.01126	0.00928	0.01458	0.00795	0.00928	0.00663	0.00331	0.00331	0.00066	0.00331	0.00265	0.00265	0.87014
4	0.00928	0.00795	0.00928	0.00663	0.01060	0.00596	0.00530	0.01126	0.00928	0.01458	0.00795	0.00928	0.00663	0.00331	0.00331	0.00066	0.00331	0.00265	0.00265	0.87014
5	0.00896	0.00843	0.01402	0.63977	0.16924	0.00983	0.01223	0.01183	0.00919	0.01218	0.00803	0.01162	0.00620	0.00432	0.00440	0.00141	0.00569	0.00390	0.00207	0.05670
6	0.01565	0.01142	0.01262	0.04344	0.01397	0.01261	0.00838	0.61894	0.08608	0.05792	0.01238	0.01406	0.00937	0.00585	0.00459	0.00141	0.00475	0.05493	0.00440	0.00723

[dist]
# distance from previous block
# <min> <max>
1	8

[block]
# block no. 2 follows, 58 sequences, length 31
# corresponding to MSA columns:
# 81-86,91-115
name=unknown_C
#
# <colnr> <probs for GDERKNQSTAVLIFYWHMCP>
#	G	D	E	R	K	N	Q	S	T	A	V	L	I	F	Y	W	H	M	C	P
0	0.01625	0.01251	0.01307	0.01025	0.01360	0.04376	0.00839	0.67666	0.09874	0.02623	0.01124	0.01121	0.00810	0.00546	0.00468	0.00137	0.02262	0.00408	0.00435	0.00741
1	0.01065	0.01011	0.01367	0.01157	0.01200	0.01372	0.00963	0.10500	0.00854	0.01285	0.00645	0.00990	0.00608	0.00754	0.01346	0.00188	0.73554	0.00393	0.00226	0.00522
2	0.00651	0.00434	0.00488	0.00488	0.00488	0.00434	0.00271	0.00651	0.00651	0.00867	0.01409	0.02927	0.01626	0.84279	0.02277	0.00434	0.00434	0.00651	0.00271	0.00271
3	0.00529	0.00453	0.00453	0.00453	0.00604	0.00378	0.00340	0.00642	0.01020	0.01208	0.04532	0.04305	0.81307	0.01133	0.00529	0.00151	0.00227	0.00944	0.00415	0.00378
4	0.00721	0.00515	0.00721	0.00824	0.00927	0.00515	0.00721	0.00927	0.01030	0.01339	0.02368	0.05046	0.02574	0.01236	0.00618	0.00206	0.00412	0.78478	0.00412	0.00412
5	0.87439	0.00865	0.00657	0.00588	0.00865	0.01003	0.00484	0.01315	0.00761	0.02007	0.00623	0.00727	0.00484	0.00415	0.00277	0.00138	0.00346	0.00242	0.00277	0.00484
6	0.87439	0.00865	0.00657	0.00588	0.00865	0.01003	0.00484	0.01315	0.00761	0.02007	0.00623	0.00727	0.00484	0.00415	0.00277	0.00138	0.00346	0.00242	0.00277	0.00484
7	0.00897	0.02314	0.81962	0.01275	0.01936	0.01039	0.01653	0.01417	0.00944	0.01417	0.00803	0.00944	0.00567	0.00425	0.00425	0.00142	0.00661	0.00331	0.00189	0.00661
8	0.00855	0.00805	0.01359	0.80211	0.05998	0.00996	0.01247	0.01151	0.00899	0.01155	0.00797	0.01189	0.00600	0.00445	0.00447	0.00148	0.00594	0.00398	0.00200	0.00505
9	0.00651	0.00434	0.00488	0.00488	0.00488	0.00434	0.00271	0.00651	0.00651	0.00867	0.01409	0.02927	0.01626	0.84279	0.02277	0.00434	0.00434	0.00651	0.00271	0.00271
10	0.01196	0.84548	0.02344	0.00765	0.01148	0.01770	0.00765	0.01339	0.00909	0.01052	0.00622	0.00718	0.00574	0.00383	0.00287	0.00096	0.00478	0.00239	0.00191	0.00574
11	0.01106	0.00990	0.01206	0.01027	0.01303	0.01115	0.10159	0.02264	0.71173	0.01819	0.01711	0.01614	0.01283	0.00579	0.00464	0.00152	0.00402	0.00508	0.00428	0.00696
12	0.01080	0.00807	0.00953	0.00696	0.01081	0.00641	0.00559	0.02987	0.04178	0.11096	0.00958	0.01031	0.00746	0.00373	0.00353	0.00080	0.00342	0.00300	0.00311	0.71428
13	0.01077	0.01171	0.02446	0.01759	0.02187	0.01111	0.70407	0.06672	0.01137	0.01545	0.05120	0.01309	0.00870	0.00416	0.00522	0.00149	0.00708	0.00534	0.00255	0.00604
14	0.00928	0.00795	0.00928	0.00663	0.01060	0.00596	0.00530	0.01126	0.00928	0.01458	0.00795	0.00928	0.00663	0.00331	0.00331	0.00066	0.00331	0.00265	0.00265	0.87014
15	0.00897	0.02314	0.81962	0.01275	0.01936	0.01039	0.01653	0.01417	0.00944	0.01417	0.00803	0.00944	0.00567	0.00425	0.00425	0.00142	0.00661	0.00331	0.00189	0.00661
16	0.01899	0.00935	0.01146	0.00878	0.01229	0.00915	0.00726	0.29675	0.01571	0.53893	0.01521	0.01364	0.00985	0.00548	0.00449	0.00137	0.00420	0.00433	0.00516	0.00761
17	0.00639	0.00479	0.00719	0.00719	0.00799	0.00559	0.00559	0.00799	0.00719	0.01038	0.01198	0.01757	0.01118	0.03355	0.82507	0.00719	0.01198	0.00479	0.00240	0.00399
18	0.00545	0.00389	0.00519	0.00623	0.00649	0.00363	0.00415	0.00623	0.00856	0.01142	0.02465	0.83987	0.02959	0.01401	0.00571	0.00182	0.00260	0.01272	0.00415	0.00363
19	0.00651	0.00434	0.00488	0.00488	0.00488	0.00434	0.00271	0.00651	0.00651	0.00867	0.01409	0.02927	0.01626	0.84279	0.02277	0.00434	0.00434	0.00651	0.00271	0.00271
20	0.87439	0.00865	0.00657	0.00588	0.00865	0.01003	0.00484	0.01315	0.00761	0.02007	0.00623	0.00727	0.00484	0.00415	0.00277	0.00138	0.00346	0.00242	0.00277	0.00484
21	0.00906	0.04768	0.79586	0.01260	0.01913	0.01061	0.01626	0.01414	0.00943	0.01406	0.00797	0.00938	0.00567	0.00424	0.00421	0.00140	0.00656	0.00328	0.00189	0.00658
22	0.01671	0.02132	0.01268	0.01152	0.01383	0.82483	0.00864	0.01786	0.01268	0.01095	0.00691	0.00807	0.00576	0.00461	0.00403	0.00115	0.00807	0.00288	0.00230	0.00519
23	0.04707	0.00851	0.01042	0.00826	0.01152	0.00827	0.00674	0.11508	0.14725	0.52747	0.01696	0.01517	0.02890	0.00565	0.00444	0.00139	0.00384	0.00454	0.00506	0.02347
24	0.01196	0.84548	0.02344	0.00765	0.01148	0.01770	0.00765	0.01339	0.00909	0.01052	0.00622	0.00718	0.00574	0.00383	0.00287	0.00096	0.00478	0.00239	0.00191	0.00574
25	0.00545	0.00389	0.00519	0.00623	0.00649	0.00363	0.00415	0.00623	0.00856	0.01142	0.02465	0.83987	0.02959	0.01401	0.00571	0.00182	0.00260	0.01272	0.00415	0.00363
26	0.01671	0.02132	0.01268	0.01152	0.01383	0.82483	0.00864	0.01786	0.01268	0.01095	0.00691	0.00807	0.00576	0.00461	0.00403	0.00115	0.00807	0.00288	0.00230	0.00519
27	0.00666	0.00428	0.00499	0.00499	0.00499	0.00428	0.00285	0.00642	0.00642	0.00857	0.01334	0.02740	0.01525	0.74402	0.02214	0.10768	0.00428	0.00619	0.00262	0.00262
28	0.00545	0.00389	0.00519	0.00623	0.00649	0.00363	0.00415	0.00623	0.00856	0.01142	0.02465	0.83987	0.02959	0.01401	0.00571	0.00182	0.00260	0.01272	0.00415	0.00363
29	0.79716	0.00900	0.00719	0.00628	0.00912	0.01038	0.00517	0.08403	0.00882	0.02080	0.00663	0.00758	0.00509	0.00426	0.00292	0.00138	0.00359	0.00257	0.00292	0.00509
30	0.03321	0.01305	0.01273	0.00998	0.01336	0.11225	0.00812	0.61932	0.01871	0.02477	0.01008	0.01037	0.00734	0.00511	0.00428	0.00127	0.00511	0.00377	0.02213	0.06504

[dist]
# distance from previous block
# <min> <max>
3	15

[block]
# block no. 3 follows, 58 sequences, length 32
# corresponding to MSA columns:
# 131-162
name=unknown_D
#
# <colnr> <probs for GDERKNQSTAVLIFYWHMCP>
#	G	D	E	R	K	N	Q	S	T	A	V	L	I	F	Y	W	H	M	C	P
0	0.00651	0.00434	0.00488	0.00488	0.00488	0.00434	0.00271	0.00651	0.00651	0.00867	0.01409	0.02927	0.01626	0.84279	0.02277	0.00434	0.00434	0.00651	0.00271	0.00271
1	0.00928	0.00795	0.00928	0.00663	0.01060	0.00596	0.00530	0.01126	0.00928	0.01458	0.00795	0.00928	0.00663	0.00331	0.00331	0.00066	0.00331	0.00265	0.00265	0.87014
2	0.00639	0.00479	0.00719	0.00719	0.00799	0.00559	0.00559	0.00799	0.00719	0.01038	0.01198	0.01757	0.01118	0.03355	0.82507	0.00719	0.01198	0.00479	0.00240	0.00399
3	0.00918	0.00800	0.01005	0.00729	0.01113	0.00616	0.04943	0.01121	0.00932	0.01442	0.00874	0.04581	0.00764	0.00381	0.00353	0.00076	0.00352	0.00324	0.00269	0.78407
4	0.00928	0.00795	0.00928	0.00663	0.01060	0.00596	0.00530	0.01126	0.00928	0.01458	0.00795	0.00928	0.00663	0.00331	0.00331	0.00066	0.00331	0.00265	0.00265	0.87014
5	0.00928	0.00795	0.00928	0.00663	0.01060	0.00596	0.00530	0.01126	0.00928	0.01458	0.00795	0.00928	0.00663	0.00331	0.00331	0.00066	0.00331	0.00265	0.00265	0.87014
6	0.01058	0.01183	0.02518	0.01943	0.10183	0.01112	0.70211	0.01420	0.01049	0.01436	0.00896	0.01190	0.00681	0.00378	0.00515	0.00147	0.00722	0.00509	0.00227	0.02623
7	0.04894	0.00956	0.01058	0.00827	0.01166	0.08877	0.00671	0.09211	0.02633	0.49600	0.01402	0.01290	0.00934	0.00504	0.00420	0.00125	0.00424	0.00394	0.00455	0.14159
8	0.07477	0.01891	0.01227	0.01090	0.01341	0.63525	0.00831	0.12076	0.04024	0.01410	0.00775	0.00866	0.00621	0.00473	0.00402	0.00121	0.00719	0.00307	0.00270	0.00555
9	0.01004	0.31640	0.53569	0.01093	0.01655	0.01300	0.01336	0.01389	0.00932	0.01287	0.00738	0.00864	0.00569	0.00410	0.00376	0.00125	0.00596	0.00298	0.00190	0.00630
10	0.00957	0.00794	0.00931	0.00666	0.01062	0.00598	0.00534	0.01155	0.00937	0.03662	0.00822	0.00944	0.00675	0.00337	0.00335	0.00068	0.00333	0.00270	0.00273	0.84647
11	0.01113	0.00961	0.01011	0.00910	0.01163	0.01113	0.00708	0.02377	0.80681	0.01871	0.01821	0.01669	0.01365	0.00607	0.00455	0.00152	0.00354	0.00506	0.00455	0.00708
12	0.01107	0.01063	0.01816	0.02746	0.81489	0.01063	0.01373	0.01373	0.01019	0.01461	0.00841	0.01107	0.00709	0.00399	0.00443	0.00133	0.00531	0.00399	0.00221	0.00709
13	0.01082	0.00934	0.00982	0.00887	0.01134	0.01074	0.00689	0.02287	0.76536	0.01837	0.01962	0.01806	0.05525	0.00634	0.00459	0.00152	0.00347	0.00529	0.00453	0.00691
14	0.00545	0.00389	0.00519	0.00623	0.00649	0.00363	0.00415	0.00623	0.00856	0.01142	0.02465	0.83987	0.02959	0.01401	0.00571	0.00182	0.00260	0.01272	0.00415	0.00363
15	0.01100	0.01055	0.01802	0.05000	0.79292	0.01061	0.01369	0.01366	0.01015	0.01452	0.00840	0.01110	0.00705	0.00400	0.00443	0.00133	0.00533	0.00399	0.00221	0.00703
16	0.01646	0.01201	0.01285	0.00991	0.01333	0.01327	0.00817	0.75058	0.02030	0.02747	0.01098	0.01111	0.00785	0.00536	0.00439	0.00132	0.00474	0.00404	0.05847	0.00739
17	0.00566	0.00413	0.00560	0.04912	0.00766	0.00400	0.00450	0.00651	0.00847	0.01127	0.02320	0.75166	0.02761	0.05967	0.00660	0.00194	0.00287	0.01192	0.00396	0.00365
18	0.00622	0.00457	0.00582	0.00551	0.00661	0.00417	0.00413	0.00822	0.01239	0.01730	0.72939	0.03446	0.12574	0.00938	0.00528	0.00142	0.00213	0.00824	0.00484	0.00417
19	0.01671	0.02132	0.01268	0.01152	0.01383	0.82483	0.00864	0.01786	0.01268	0.01095	0.00691	0.00807	0.00576	0.00461	0.00403	0.00115	0.00807	0.00288	0.00230	0.00519
20	0.00532	0.00453	0.00457	0.00456	0.00606	0.00379	0.00342	0.00648	0.01027	0.01226	0.06810	0.04276	0.79018	0.01126	0.00529	0.00151	0.00226	0.00940	0.00418	0.00379
21	0.00845	0.00795	0.01342	0.83204	0.03081	0.00994	0.01242	0.01143	0.00894	0.01143	0.00795	0.01193	0.00596	0.00447	0.00447	0.00149	0.00596	0.00398	0.00199	0.00497
22	0.01084	0.01039	0.01773	0.09931	0.74486	0.01057	0.01361	0.01352	0.01007	0.01433	0.00837	0.01115	0.00699	0.00403	0.00443	0.00134	0.00537	0.00398	0.00219	0.00690
23	0.00897	0.02314	0.81962	0.01275	0.01936	0.01039	0.01653	0.01417	0.00944	0.01417	0.00803	0.00944	0.00567	0.00425	0.00425	0.00142	0.00661	0.00331	0.00189	0.00661
24	0.01700	0.01253	0.01342	0.01029	0.01387	0.01387	0.00850	0.79997	0.02103	0.02819	0.01074	0.01074	0.00761	0.00537	0.00447	0.00134	0.00492	0.00403	0.00447	0.00761
25	0.00570	0.00411	0.00540	0.00601	0.00653	0.00381	0.00415	0.00688	0.00980	0.01334	0.25462	0.58237	0.05560	0.01252	0.00557	0.00169	0.00244	0.01128	0.00438	0.00381
26	0.00871	0.00822	0.01389	0.75200	0.10881	0.01001	0.01255	0.01166	0.00907	0.01175	0.00800	0.01184	0.00607	0.00442	0.00447	0.00147	0.00590	0.00398	0.00201	0.00518
27	0.00616	0.00422	0.00511	0.00554	0.00569	0.00412	0.00347	0.00655	0.00745	0.00991	0.01842	0.32377	0.02158	0.49961	0.01573	0.00331	0.00370	0.04925	0.00331	0.00312
28	0.00644	0.00473	0.00605	0.00574	0.00683	0.00444	0.00429	0.00886	0.04137	0.01755	0.73083	0.06040	0.06699	0.00927	0.00526	0.00143	0.00218	0.00818	0.00486	0.00429
29	0.00949	0.00901	0.01530	0.51262	0.34209	0.01021	0.01294	0.01234	0.00944	0.01269	0.00813	0.01159	0.00641	0.00428	0.00445	0.00143	0.00571	0.00398	0.00208	0.00581
30	0.01323	0.01060	0.00952	0.00828	0.01052	0.19921	0.00644	0.10778	0.10987	0.15855	0.12267	0.04168	0.06096	0.00644	0.00459	0.00134	0.01742	0.00510	0.10005	0.00576
31	0.00924	0.07865	0.04506	0.00748	0.01002	0.04306	0.00635	0.08738	0.02659	0.01570	0.19218	0.06710	0.05442	0.00763	0.01769	0.00138	0.00384	0.10844	0.00360	0.21418

[dist]
# distance from previous block
# <min> <max>
0	61

[block]
# block no. 4 follows, 58 sequences, length 41
# corresponding to MSA columns:
# 234-274
name=unknown_E
#
# <colnr> <probs for GDERKNQSTAVLIFYWHMCP>
#	G	D	E	R	K	N	Q	S	T	A	V	L	I	F	Y	W	H	M	C	P
0	0.03309	0.01019	0.04092	0.04693	0.48939	0.00989	0.01115	0.01502	0.14013	0.03641	0.01150	0.01300	0.03797	0.00461	0.00434	0.00132	0.00471	0.00420	0.00279	0.08245
1	0.15070	0.03795	0.03767	0.00874	0.01213	0.06206	0.03742	0.17377	0.05632	0.07322	0.00931	0.01007	0.00709	0.00453	0.00429	0.00117	0.04388	0.00334	0.00323	0.26312
2	0.01282	0.01163	0.01088	0.01030	0.07228	0.18936	0.00743	0.14306	0.20908	0.04618	0.01317	0.01440	0.03169	0.03980	0.00522	0.00143	0.02410	0.01313	0.08989	0.05415
3	0.10737	0.00821	0.01228	0.19269	0.06128	0.00894	0.11797	0.09229	0.01943	0.03617	0.01146	0.11378	0.01036	0.03609	0.07733	0.00207	0.02702	0.00523	0.04416	0.01588
4	0.00645	0.00457	0.00604	0.00604	0.00645	0.00497	0.00416	0.00725	0.00685	0.00954	0.01303	0.02337	0.01370	0.43462	0.42744	0.00578	0.00819	0.00564	0.00255	0.00336
5	0.01671	0.02132	0.01268	0.01152	0.01383	0.82483	0.00864	0.01786	0.01268	0.01095	0.00691	0.00807	0.00576	0.00461	0.00403	0.00115	0.00807	0.00288	0.00230	0.00519
6	0.00529	0.00451	0.00455	0.00458	0.00605	0.00377	0.00342	0.00641	0.01015	0.01207	0.04473	0.06564	0.79086	0.01141	0.00530	0.00152	0.00228	0.00953	0.00415	0.00377
7	0.00897	0.02314	0.81962	0.01275	0.01936	0.01039	0.01653	0.01417	0.00944	0.01417	0.00803	0.00944	0.00567	0.00425	0.00425	0.00142	0.00661	0.00331	0.00189	0.00661
8	0.00651	0.00434	0.00488	0.00488	0.00488	0.00434	0.00271	0.00651	0.00651	0.00867	0.01409	0.02927	0.01626	0.84279	0.02277	0.00434	0.00434	0.00651	0.00271	0.00271
9	0.00922	0.00775	0.00841	0.00775	0.00980	0.00853	0.00601	0.01781	0.51123	0.01739	0.17029	0.02498	0.13696	0.00766	0.00486	0.00152	0.00311	0.03623	0.00455	0.00595
10	0.00651	0.00434	0.00488	0.00488	0.00488	0.00434	0.00271	0.00651	0.00651	0.00867	0.01409	0.02927	0.01626	0.84279	0.02277	0.00434	0.00434	0.00651	0.00271	0.00271
11	0.01196	0.84548	0.02344	0.00765	0.01148	0.01770	0.00765	0.01339	0.00909	0.01052	0.00622	0.00718	0.00574	0.00383	0.00287	0.00096	0.00478	0.00239	0.00191	0.00574
12	0.01134	0.00610	0.00661	0.00576	0.00756	0.00621	0.00453	0.14314	0.02557	0.12232	0.01441	0.01550	0.01081	0.00529	0.00355	0.00114	0.00280	0.00420	0.59788	0.00524
13	0.01214	0.81446	0.02304	0.00780	0.01157	0.04809	0.00769	0.01356	0.00922	0.01054	0.00625	0.00721	0.00574	0.00386	0.00291	0.00096	0.00491	0.00241	0.00193	0.00572
14	0.01215	0.00642	0.00816	0.00701	0.00912	0.00610	0.00560	0.07213	0.04925	0.28640	0.33422	0.02499	0.02449	0.00748	0.00484	0.00142	0.00310	0.06512	0.06628	0.00573
15	0.00941	0.00866	0.01393	0.49189	0.22049	0.00965	0.01169	0.03759	0.00973	0.01316	0.00873	0.01281	0.00708	0.00455	0.00440	0.00138	0.00543	0.03240	0.00227	0.09473
16	0.00871	0.00489	0.00496	0.00483	0.00607	0.00509	0.00365	0.01220	0.11538	0.01695	0.01507	0.01668	0.01176	0.00533	0.00332	0.00111	0.00228	0.00429	0.75290	0.00456
17	0.03447	0.00882	0.01107	0.00859	0.01191	0.00860	0.00709	0.18637	0.04010	0.57978	0.01555	0.01397	0.01011	0.00558	0.00484	0.00140	0.03483	0.00436	0.00510	0.00744
18	0.00533	0.00453	0.00459	0.00457	0.00607	0.00379	0.00343	0.00650	0.01029	0.01231	0.07480	0.04268	0.78345	0.01124	0.00529	0.00151	0.00226	0.00939	0.00418	0.00379
19	0.01095	0.00958	0.01097	0.01061	0.07271	0.01087	0.02592	0.02229	0.70193	0.01827	0.04313	0.01670	0.01393	0.00596	0.00458	0.00150	0.00372	0.00508	0.00433	0.00696
20	0.00536	0.00452	0.00465	0.00465	0.00610	0.00380	0.00347	0.00655	0.01032	0.01246	0.09676	0.06207	0.74153	0.01125	0.00530	0.00151	0.00226	0.00943	0.00421	0.00380
21	0.00669	0.00517	0.00754	0.00737	0.00803	0.00617	0.00569	0.00809	0.00710	0.01027	0.01165	0.01794	0.01118	0.10219	0.68646	0.00650	0.08075	0.00487	0.00239	0.00396
22	0.00651	0.00498	0.00743	0.00736	0.00813	0.00589	0.00574	0.00809	0.00718	0.01040	0.01176	0.01729	0.01099	0.03261	0.79542	0.00700	0.04207	0.00476	0.00238	0.00403
23	0.00646	0.00434	0.00500	0.00512	0.00518	0.00432	0.00301	0.00661	0.00682	0.00907	0.01526	0.08760	0.01762	0.74803	0.02084	0.00406	0.00420	0.04075	0.00287	0.00284
24	0.01019	0.00497	0.00535	0.00491	0.00637	0.00489	0.00379	0.04615	0.01032	0.11813	0.01481	0.01624	0.01125	0.00526	0.00336	0.00110	0.00242	0.00420	0.72153	0.00475
25	0.04484	0.01000	0.01052	0.00915	0.01177	0.04140	0.02861	0.13957	0.51945	0.01913	0.01811	0.01803	0.07119	0.00637	0.00458	0.00149	0.00395	0.03091	0.00428	0.00663
26	0.00897	0.02314	0.81962	0.01275	0.01936	0.01039	0.01653	0.01417	0.00944	0.01417	0.00803	0.00944	0.00567	0.00425	0.00425	0.00142	0.00661	0.00331	0.00189	0.00661
27	0.00960	0.19572	0.65253	0.01168	0.01771	0.01192	0.01467	0.01400	0.00937	0.01340	0.00765	0.00897	0.00568	0.00416	0.00396	0.00132	0.00623	0.00311	0.00189	0.00643
28	0.00613	0.00478	0.00573	0.00551	0.00662	0.00451	0.00410	0.00783	0.02253	0.01470	0.41011	0.05695	0.31529	0.05670	0.02980	0.00180	0.03022	0.00834	0.00433	0.00402
29	0.07664	0.01047	0.01068	0.00912	0.01191	0.04195	0.00725	0.22721	0.44515	0.05275	0.03674	0.01500	0.01197	0.00584	0.00442	0.00145	0.00405	0.01616	0.00436	0.00688
30	0.03613	0.00863	0.00990	0.00778	0.01112	0.00814	0.00623	0.09692	0.19860	0.16998	0.04448	0.01320	0.01059	0.00485	0.00401	0.00112	0.00358	0.00392	0.00393	0.35689
31	0.09778	0.02926	0.01313	0.01348	0.17734	0.26519	0.00899	0.17059	0.12106	0.04622	0.00981	0.01054	0.00757	0.00480	0.00414	0.00130	0.00561	0.00363	0.00317	0.00637
32	0.74232	0.00951	0.02214	0.00655	0.00941	0.03718	0.00546	0.04807	0.03448	0.04103	0.00717	0.00800	0.00546	0.00432	0.00301	0.00138	0.00375	0.00266	0.00294	0.00515
33	0.00668	0.00482	0.00605	0.00578	0.00691	0.00449	0.00431	0.03746	0.01218	0.02728	0.58587	0.13271	0.12898	0.00981	0.00529	0.00147	0.00231	0.00862	0.00473	0.00427
34	0.02718	0.00896	0.00953	0.00827	0.01059	0.03951	0.00648	0.15699	0.34942	0.06001	0.24983	0.01998	0.02039	0.00673	0.00470	0.00143	0.00355	0.00561	0.00458	0.00625
35	0.00629	0.00467	0.00685	0.00697	0.00767	0.00531	0.00529	0.00772	0.00731	0.01042	0.01352	0.11143	0.01352	0.07088	0.69292	0.00644	0.01054	0.00578	0.00261	0.00389
36	0.00735	0.00597	0.00688	0.00654	0.00802	0.00618	0.00499	0.02117	0.20394	0.01529	0.24197	0.08719	0.25428	0.01124	0.06913	0.00196	0.02207	0.01677	0.00428	0.00478
37	0.01181	0.00904	0.01033	0.00763	0.01144	0.00798	0.00617	0.19559	0.03400	0.06917	0.00950	0.01020	0.00733	0.00401	0.00369	0.00089	0.00372	0.00315	0.00331	0.59102
38	0.00901	0.00850	0.01427	0.66018	0.18233	0.01010	0.01257	0.01211	0.02469	0.01219	0.00824	0.01185	0.00633	0.00441	0.00447	0.00146	0.00579	0.00400	0.00208	0.00542
39	0.01195	0.76292	0.07292	0.00812	0.01206	0.04764	0.00825	0.01361	0.00925	0.01077	0.00636	0.00735	0.00574	0.00388	0.00300	0.00099	0.00502	0.00247	0.00193	0.00577
40	0.10931	0.00898	0.01022	0.00770	0.01134	0.00823	0.02767	0.16339	0.03738	0.04740	0.00933	0.02601	0.00745	0.00419	0.00366	0.00097	0.00377	0.00330	0.00320	0.50648

[dist]
# distance from previous block
# <min> <max>
0	1

[block]
# block no. 5 follows, 58 sequences, length 30
# corresponding to MSA columns:
# 278-307
name=unknown_F
#
# <colnr> <probs for GDERKNQSTAVLIFYWHMCP>
#	G	D	E	R	K	N	Q	S	T	A	V	L	I	F	Y	W	H	M	C	P
0	0.00729	0.00539	0.00710	0.00776	0.00873	0.00551	0.00633	0.04207	0.04562	0.01358	0.02344	0.26967	0.05068	0.01211	0.00608	0.00192	0.02393	0.45441	0.00411	0.00427
1	0.01402	0.01403	0.01138	0.01001	0.01258	0.30407	0.00774	0.13052	0.36730	0.03574	0.03763	0.01323	0.01078	0.00553	0.00438	0.00135	0.00533	0.00421	0.00377	0.00640
2	0.01666	0.01226	0.01314	0.01011	0.01357	0.01356	0.00831	0.77372	0.02055	0.02755	0.01085	0.01135	0.00789	0.03308	0.00508	0.00144	0.00490	0.00411	0.00442	0.00745
3	0.00928	0.04301	0.69524	0.01387	0.06155	0.01066	0.07656	0.01414	0.00956	0.01411	0.00808	0.00967	0.00583	0.00419	0.00430	0.00141	0.00657	0.00347	0.00194	0.00657
4	0.01065	0.00915	0.00986	0.00919	0.02681	0.01047	0.00695	0.02209	0.72096	0.01819	0.04294	0.06434	0.01532	0.00658	0.00464	0.00153	0.00348	0.00557	0.00449	0.00679
5	0.00663	0.00492	0.00676	0.00664	0.00712	0.00562	0.00483	0.00763	0.00693	0.00981	0.01237	0.02121	0.01265	0.31469	0.49836	0.00589	0.05652	0.00534	0.00248	0.00360
6	0.00968	0.00938	0.01239	0.02984	0.01164	0.04599	0.00894	0.04207	0.00777	0.01141	0.00733	0.01130	0.00696	0.01246	0.16915	0.00289	0.58975	0.00405	0.00216	0.00484
7	0.00652	0.00468	0.00663	0.00663	0.00731	0.00530	0.00497	0.00788	0.00720	0.01046	0.01248	0.01947	0.01204	0.16655	0.64443	0.00636	0.01014	0.00504	0.05210	0.00379
8	0.02456	0.04422	0.11271	0.02229	0.53812	0.02676	0.08528	0.01414	0.01021	0.04797	0.00900	0.01173	0.00735	0.00425	0.00443	0.00136	0.00559	0.02091	0.00236	0.00677
9	0.01021	0.04463	0.01676	0.30193	0.51300	0.01069	0.01303	0.01293	0.00972	0.01335	0.00816	0.01120	0.00665	0.00415	0.00438	0.00137	0.00551	0.00392	0.00212	0.00631
10	0.87439	0.00865	0.00657	0.00588	0.00865	0.01003	0.00484	0.01315	0.00761	0.02007	0.00623	0.00727	0.00484	0.00415	0.00277	0.00138	0.00346	0.00242	0.00277	0.00484
11	0.01559	0.00710	0.00911	0.00733	0.01015	0.00642	0.00593	0.06062	0.04164	0.52059	0.13905	0.02140	0.12126	0.00685	0.00472	0.00141	0.00340	0.00568	0.00517	0.00658
12	0.06034	0.02032	0.01240	0.01119	0.01357	0.75100	0.00844	0.04887	0.01275	0.01210	0.00703	0.00813	0.00579	0.00462	0.00399	0.00117	0.00771	0.00290	0.00242	0.00527
13	0.01056	0.01207	0.02640	0.01885	0.02338	0.01131	0.79864	0.01433	0.01056	0.01433	0.00905	0.01207	0.00679	0.00377	0.00528	0.00151	0.00754	0.00528	0.00226	0.00603
14	0.00792	0.00709	0.01209	0.01007	0.01198	0.00687	0.23770	0.04039	0.05574	0.01388	0.08647	0.34050	0.05201	0.04366	0.03319	0.00191	0.00451	0.00855	0.02074	0.00473
15	0.00651	0.00434	0.00488	0.00488	0.00488	0.00434	0.00271	0.00651	0.00651	0.00867	0.01409	0.02927	0.01626	0.84279	0.02277	0.00434	0.00434	0.00651	0.00271	0.00271
16	0.01414	0.00979	0.01054	0.00848	0.01123	0.01064	0.00686	0.51731	0.04033	0.04853	0.01330	0.06041	0.02058	0.00593	0.00425	0.00131	0.00403	0.00467	0.20113	0.00653
17	0.01124	0.01172	0.02508	0.01827	0.03979	0.01096	0.72527	0.01485	0.01071	0.07141	0.00965	0.01227	0.00710	0.00390	0.00521	0.00150	0.00723	0.00520	0.00249	0.00617
18	0.01021	0.00820	0.00922	0.00753	0.01055	0.00781	0.00600	0.07927	0.24162	0.04368	0.04364	0.01796	0.08908	0.00580	0.00421	0.00117	0.00343	0.04466	0.00375	0.36218
19	0.11316	0.01149	0.01197	0.00960	0.01270	0.03033	0.00783	0.51510	0.13188	0.04535	0.01137	0.02228	0.00843	0.00555	0.00475	0.00140	0.04157	0.00409	0.00416	0.00699
20	0.00970	0.00966	0.01351	0.01159	0.01162	0.01347	0.00965	0.01071	0.00700	0.01094	0.02596	0.01038	0.00678	0.00786	0.01445	0.00194	0.81387	0.00402	0.00203	0.00488
21	0.00640	0.00498	0.00587	0.00566	0.00695	0.00468	0.00426	0.00907	0.08188	0.01578	0.45040	0.07158	0.28287	0.00984	0.00525	0.00148	0.00234	0.02179	0.00460	0.00430
22	0.00645	0.00435	0.00486	0.00486	0.00493	0.00431	0.00274	0.00650	0.00667	0.00883	0.01549	0.02989	0.05180	0.80571	0.02199	0.00421	0.00424	0.00664	0.00277	0.00276
23	0.01240	0.47621	0.03646	0.00864	0.01168	0.23269	0.00769	0.01402	0.02593	0.01083	0.00812	0.00995	0.02082	0.03998	0.06617	0.00165	0.00617	0.00307	0.00218	0.00535
24	0.00928	0.00795	0.00928	0.00663	0.01060	0.00596	0.00530	0.01126	0.00928	0.01458	0.00795	0.00928	0.00663	0.00331	0.00331	0.00066	0.00331	0.00265	0.00265	0.87014
25	0.01424	0.01119	0.01353	0.01070	0.01392	0.04405	0.11181	0.35746	0.21903	0.08769	0.01411	0.04096	0.02868	0.00575	0.00464	0.00142	0.00481	0.00486	0.00419	0.00695
26	0.00912	0.00794	0.04579	0.02421	0.21154	0.00707	0.10331	0.01116	0.00983	0.07845	0.05051	0.31540	0.01755	0.01732	0.00520	0.00156	0.00423	0.02325	0.01694	0.03961
27	0.00651	0.00496	0.00673	0.00664	0.00729	0.00556	0.00495	0.00765	0.00741	0.01026	0.01608	0.02335	0.10206	0.21780	0.48280	0.00548	0.05692	0.02116	0.00267	0.00373
28	0.01357	0.01115	0.01111	0.00879	0.01211	0.10683	0.00702	0.28906	0.10186	0.06528	0.01099	0.03072	0.00852	0.00490	0.00406	0.00113	0.00446	0.00379	0.01694	0.28773
29	0.01063	0.26437	0.47496	0.01199	0.06527	0.05923	0.01311	0.01426	0.00963	0.02746	0.00763	0.00890	0.00588	0.00415	0.00385	0.00126	0.00603	0.00308	0.00201	0.00632

[dist]
# distance from previous block
# <min> <max>
0	1

[block]
# block no. 6 follows, 58 sequences, length 22
# corresponding to MSA columns:
# 309-314,362-377
name=unknown_G
#
# <colnr> <probs for GDERKNQSTAVLIFYWHMCP>
#	G	D	E	R	K	N	Q	S	T	A	V	L	I	F	Y	W	H	M	C	P
0	0.01131	0.53120	0.26169	0.00966	0.01425	0.06335	0.02804	0.01391	0.00944	0.01173	0.00687	0.00802	0.00574	0.00400	0.00341	0.00112	0.00559	0.00276	0.00194	0.00598
1	0.00563	0.00400	0.00527	0.00622	0.00649	0.00377	0.00419	0.00641	0.00848	0.01128	0.02368	0.72765	0.02822	0.08612	0.00722	0.00205	0.00283	0.05287	0.00403	0.00358
2	0.02469	0.00716	0.00969	0.00845	0.01033	0.00726	0.09591	0.14399	0.07782	0.02833	0.11560	0.24225	0.11228	0.02516	0.02905	0.00179	0.00395	0.04722	0.00403	0.00505
3	0.00640	0.00477	0.00705	0.00705	0.00780	0.00552	0.00542	0.00790	0.00715	0.01028	0.01211	0.01827	0.01149	0.08182	0.77721	0.00702	0.01153	0.00489	0.00242	0.00392
4	0.01550	0.16166	0.01444	0.01046	0.01320	0.50235	0.00832	0.15185	0.03046	0.01400	0.00785	0.00885	0.00641	0.00553	0.02931	0.00135	0.00698	0.00310	0.00266	0.00570
5	0.01189	0.00789	0.00953	0.00755	0.01059	0.01763	0.02492	0.06285	0.10235	0.18637	0.09091	0.03430	0.01317	0.00540	0.00413	0.00114	0.00351	0.02264	0.05951	0.32372
6	0.07894	0.50662	0.23248	0.00903	0.01342	0.03570	0.00979	0.01411	0.04144	0.01258	0.00720	0.00819	0.00597	0.00408	0.00333	0.00114	0.00520	0.00276	0.00209	0.00594
7	0.00978	0.00931	0.01582	0.42389	0.42856	0.01029	0.01309	0.01260	0.00957	0.01304	0.00819	0.01149	0.00653	0.00423	0.00445	0.00141	0.00563	0.00398	0.00210	0.00604
8	0.00988	0.23926	0.55970	0.01210	0.04598	0.01235	0.03494	0.01395	0.00941	0.01323	0.00759	0.00897	0.00577	0.00412	0.00392	0.00129	0.00611	0.00314	0.00192	0.00638
9	0.00675	0.00603	0.00847	0.00729	0.00917	0.00557	0.11899	0.00941	0.07986	0.01395	0.16842	0.08224	0.44747	0.00956	0.00525	0.00151	0.00313	0.00842	0.00405	0.00446
10	0.00569	0.00458	0.00526	0.00525	0.00644	0.00429	0.00391	0.00686	0.00916	0.01147	0.04903	0.03524	0.52650	0.08921	0.21368	0.00319	0.00489	0.00799	0.00360	0.00375
11	0.00928	0.00795	0.00928	0.00663	0.01060	0.00596	0.00530	0.01126	0.00928	0.01458	0.00795	0.00928	0.00663	0.00331	0.00331	0.00066	0.00331	0.00265	0.00265	0.87014
12	0.00559	0.00454	0.00495	0.00485	0.00623	0.00390	0.00363	0.00700	0.01090	0.01376	0.26481	0.04029	0.59253	0.01070	0.00528	0.00148	0.00222	0.00905	0.00437	0.00390
13	0.01740	0.00702	0.00952	0.00751	0.01050	0.00612	0.00612	0.01920	0.01278	0.66229	0.17233	0.01877	0.01713	0.00624	0.00465	0.00139	0.00348	0.00520	0.00542	0.00695
14	0.00532	0.00453	0.00458	0.00457	0.00606	0.00379	0.00343	0.00649	0.01028	0.01228	0.07089	0.04273	0.78738	0.01126	0.00529	0.00151	0.00226	0.00940	0.00418	0.00379
15	0.00935	0.00919	0.01333	0.01141	0.01171	0.01248	0.04225	0.01053	0.00705	0.01086	0.00685	0.01096	0.00665	0.01122	0.12648	0.00266	0.68608	0.00409	0.00203	0.00482
16	0.00834	0.00417	0.00417	0.00417	0.00521	0.00417	0.00313	0.01042	0.00938	0.01668	0.01459	0.01668	0.01147	0.00521	0.00313	0.00104	0.00208	0.00417	0.86763	0.00417
17	0.00621	0.00455	0.00583	0.00554	0.00662	0.00417	0.00414	0.00820	0.01233	0.01724	0.72272	0.05516	0.11163	0.00947	0.00529	0.00143	0.00214	0.00833	0.00483	0.00417
18	0.01306	0.00618	0.00810	0.00675	0.00906	0.00550	0.00537	0.01516	0.03201	0.40784	0.33646	0.02499	0.09533	0.00750	0.00488	0.00141	0.00299	0.00638	0.00514	0.00591
19	0.06132	0.21930	0.48947	0.01180	0.01728	0.01224	0.10228	0.01394	0.00938	0.01366	0.00760	0.00906	0.00576	0.00409	0.00395	0.00131	0.00609	0.00326	0.00199	0.00623
20	0.00933	0.10095	0.71504	0.01279	0.04721	0.01109	0.01558	0.01408	0.00944	0.01384	0.00787	0.00929	0.00572	0.00420	0.00413	0.00137	0.00639	0.00324	0.00190	0.00655
21	0.74656	0.00877	0.00726	0.00627	0.00916	0.00988	0.00516	0.05507	0.00869	0.06773	0.00721	0.00800	0.00543	0.00427	0.00298	0.00136	0.00355	0.00264	0.00302	0.03701

[dist]
# distance from previous block
# <min> <max>
1	41

[block]
# block no. 7 follows, 58 sequences, length 17
# corresponding to MSA columns:
# 488-504
name=unknown_H
#
# <colnr> <probs for GDERKNQSTAVLIFYWHMCP>
#	G	D	E	R	K	N	Q	S	T	A	V	L	I	F	Y	W	H	M	C	P
0	0.08025	0.28223	0.38565	0.01015	0.01507	0.01301	0.01153	0.07621	0.06097	0.01487	0.00817	0.00911	0.00629	0.00431	0.00373	0.00127	0.00545	0.00311	0.00234	0.00630
1	0.00912	0.02361	0.00808	0.00722	0.00916	0.07408	0.00577	0.06312	0.03937	0.01452	0.03703	0.06485	0.07997	0.06116	0.00580	0.00158	0.00385	0.21455	0.09960	0.17756
2	0.00911	0.00837	0.01343	0.43812	0.21803	0.00966	0.01135	0.01231	0.06004	0.01265	0.01020	0.01591	0.00884	0.05097	0.00602	0.00167	0.03992	0.06554	0.00241	0.00543
3	0.01016	0.01133	0.02339	0.01706	0.02078	0.01124	0.64291	0.01339	0.01001	0.01370	0.01058	0.01343	0.05066	0.00476	0.00662	0.00157	0.12502	0.00531	0.00232	0.00575
4	0.01700	0.01253	0.01342	0.01029	0.01387	0.01387	0.00850	0.79997	0.02103	0.02819	0.01074	0.01074	0.00761	0.00537	0.00447	0.00134	0.00492	0.00403	0.00447	0.00761
5	0.00979	0.00979	0.01370	0.01174	0.01174	0.01370	0.00979	0.01077	0.00685	0.01077	0.00587	0.00979	0.00587	0.00783	0.01468	0.00196	0.83461	0.00391	0.00196	0.00489
6	0.01137	0.00917	0.00980	0.00875	0.01128	0.01038	0.00683	0.02260	0.70631	0.07130	0.01980	0.01818	0.06151	0.00635	0.00459	0.00151	0.00348	0.00528	0.00459	0.00692
7	0.01128	0.00924	0.00972	0.00865	0.01110	0.01057	0.00676	0.08330	0.65702	0.01923	0.01722	0.01622	0.01294	0.00592	0.00439	0.00145	0.00349	0.00488	0.09982	0.00680
8	0.00543	0.00455	0.00481	0.00479	0.00622	0.00393	0.00361	0.00667	0.01016	0.01237	0.09549	0.04063	0.70501	0.01271	0.06186	0.00190	0.00293	0.00903	0.00409	0.00382
9	0.04539	0.00708	0.00867	0.00697	0.00969	0.00666	0.00566	0.09190	0.01238	0.47503	0.01568	0.01496	0.01065	0.00538	0.00402	0.00128	0.00338	0.00428	0.26443	0.00648
10	0.00691	0.00531	0.00642	0.00601	0.00734	0.00519	0.00454	0.01047	0.13015	0.01734	0.60062	0.03212	0.13252	0.00896	0.00517	0.00144	0.00234	0.00781	0.00477	0.00459
11	0.00660	0.00461	0.00567	0.00539	0.00659	0.00418	0.00405	0.00847	0.01188	0.03868	0.56703	0.04921	0.20063	0.00936	0.00514	0.00141	0.00220	0.00813	0.05659	0.00421
12	0.01013	0.34114	0.51174	0.01078	0.01631	0.01322	0.01310	0.01387	0.00931	0.01276	0.00733	0.00857	0.00570	0.00409	0.00372	0.00124	0.00590	0.00295	0.00190	0.00627
13	0.01055	0.01056	0.01555	0.14876	0.36757	0.06048	0.01187	0.01260	0.00900	0.01257	0.00738	0.01059	0.00641	0.00542	0.00792	0.00156	0.28935	0.00389	0.00210	0.00589
14	0.03289	0.00869	0.01195	0.01043	0.01082	0.01154	0.02200	0.01009	0.00756	0.01138	0.01226	0.05641	0.10342	0.00856	0.01229	0.00188	0.62408	0.03662	0.00244	0.00469
15	0.01494	0.01092	0.01196	0.00941	0.01276	0.01168	0.00769	0.51270	0.13050	0.07056	0.01248	0.02754	0.00945	0.00558	0.00442	0.00132	0.00440	0.02581	0.00431	0.11160
16	0.01195	0.65246	0.09358	0.00840	0.01236	0.01628	0.00846	0.06447	0.07257	0.01262	0.00761	0.00836	0.00647	0.00414	0.00323	0.00107	0.00486	0.00279	0.00228	0.00604

[dist]
# distance from previous block
# <min> <max>
0	1

[block]
# block no. 8 follows, 58 sequences, length 34
# corresponding to MSA columns:
# 506-539
name=unknown_I
#
# <colnr> <probs for GDERKNQSTAVLIFYWHMCP>
#	G	D	E	R	K	N	Q	S	T	A	V	L	I	F	Y	W	H	M	C	P
0	0.77318	0.01015	0.00729	0.00655	0.00926	0.10619	0.00529	0.01371	0.00821	0.01899	0.00631	0.00736	0.00495	0.00421	0.00292	0.00136	0.00400	0.00248	0.00271	0.00488
1	0.01277	0.03746	0.03728	0.00933	0.01230	0.01168	0.00770	0.26398	0.44969	0.03492	0.01633	0.01598	0.04263	0.00604	0.00452	0.00145	0.00408	0.02050	0.00435	0.00701
2	0.00650	0.00490	0.00721	0.00716	0.00787	0.00574	0.00551	0.00796	0.00713	0.01027	0.01196	0.01819	0.01139	0.09073	0.74426	0.00683	0.03516	0.00489	0.00241	0.00393
3	0.02715	0.00510	0.00648	0.00604	0.00719	0.00499	0.00460	0.00896	0.01168	0.05305	0.57693	0.07540	0.12328	0.00929	0.00581	0.00147	0.05570	0.00793	0.00458	0.00435
4	0.00545	0.00389	0.00519	0.00623	0.00649	0.00363	0.00415	0.00623	0.00856	0.01142	0.02465	0.83987	0.02959	0.01401	0.00571	0.00182	0.00260	0.01272	0.00415	0.00363
5	0.01032	0.00986	0.01679	0.25905	0.58920	0.01043	0.01335	0.01307	0.00983	0.01370	0.00828	0.01132	0.00676	0.00413	0.00444	0.00138	0.00550	0.00398	0.00215	0.00648
6	0.01975	0.00768	0.01037	0.00800	0.01143	0.00674	0.00659	0.02187	0.04141	0.78919	0.01767	0.01528	0.01117	0.00556	0.00450	0.00139	0.00380	0.00452	0.00550	0.00759
7	0.00556	0.00397	0.00532	0.00636	0.00667	0.00373	0.00435	0.00642	0.00868	0.01155	0.02459	0.78920	0.02934	0.01391	0.00574	0.00183	0.00269	0.06228	0.00415	0.00366
8	0.01107	0.01063	0.01816	0.02746	0.81489	0.01063	0.01373	0.01373	0.01019	0.01461	0.00841	0.01107	0.00709	0.00399	0.00443	0.00133	0.00531	0.00399	0.00221	0.00709
9	0.01056	0.01207	0.02640	0.01885	0.02338	0.01131	0.79864	0.01433	0.01056	0.01433	0.00905	0.01207	0.00679	0.00377	0.00528	0.00151	0.00754	0.00528	0.00226	0.00603
10	0.01107	0.01063	0.01816	0.02746	0.81489	0.01063	0.01373	0.01373	0.01019	0.01461	0.00841	0.01107	0.00709	0.00399	0.00443	0.00133	0.00531	0.00399	0.00221	0.00709
11	0.00540	0.00410	0.00498	0.00569	0.00635	0.00368	0.00391	0.00629	0.00908	0.01163	0.03124	0.58584	0.27937	0.01316	0.00557	0.00172	0.00249	0.01167	0.00415	0.00368
12	0.00652	0.00446	0.00563	0.00563	0.00588	0.00471	0.00365	0.00694	0.00669	0.00917	0.01319	0.02504	0.01436	0.56000	0.27094	0.03897	0.00669	0.00587	0.00258	0.00308
13	0.00633	0.00457	0.00598	0.00563	0.00668	0.00422	0.00422	0.00844	0.01266	0.01794	0.81253	0.03341	0.04221	0.00914	0.00528	0.00141	0.00211	0.00809	0.00492	0.00422
14	0.01196	0.84548	0.02344	0.00765	0.01148	0.01770	0.00765	0.01339	0.00909	0.01052	0.00622	0.00718	0.00574	0.00383	0.00287	0.00096	0.00478	0.00239	0.00191	0.00574
15	0.87439	0.00865	0.00657	0.00588	0.00865	0.01003	0.00484	0.01315	0.00761	0.02007	0.00623	0.00727	0.00484	0.00415	0.00277	0.00138	0.00346	0.00242	0.00277	0.00484
16	0.00545	0.00389	0.00519	0.00623	0.00649	0.00363	0.00415	0.00623	0.00856	0.01142	0.02465	0.83987	0.02959	0.01401	0.00571	0.00182	0.00260	0.01272	0.00415	0.00363
17	0.00837	0.00438	0.00452	0.00446	0.00550	0.00445	0.00333	0.02733	0.00943	0.01635	0.01438	0.01708	0.01156	0.03906	0.03829	0.00143	0.00265	0.00428	0.77896	0.00418
18	0.00639	0.00478	0.00712	0.00712	0.00790	0.00556	0.00551	0.00795	0.00717	0.01034	0.01204	0.01790	0.01133	0.05618	0.80263	0.00711	0.01177	0.00484	0.00241	0.00396
19	0.00545	0.00389	0.00519	0.00623	0.00649	0.00363	0.00415	0.00623	0.00856	0.01142	0.02465	0.83987	0.02959	0.01401	0.00571	0.00182	0.00260	0.01272	0.00415	0.00363
20	0.00549	0.00395	0.00521	0.00614	0.00648	0.00367	0.00413	0.00635	0.00884	0.01178	0.06594	0.76906	0.05908	0.01367	0.00567	0.00178	0.00256	0.01236	0.00419	0.00367
21	0.01056	0.01207	0.02640	0.01885	0.02338	0.01131	0.79864	0.01433	0.01056	0.01433	0.00905	0.01207	0.00679	0.00377	0.00528	0.00151	0.00754	0.00528	0.00226	0.00603
22	0.00897	0.02314	0.81962	0.01275	0.01936	0.01039	0.01653	0.01417	0.00944	0.01417	0.00803	0.00944	0.00567	0.00425	0.00425	0.00142	0.00661	0.00331	0.00189	0.00661
23	0.00529	0.00453	0.00453	0.00453	0.00604	0.00378	0.00340	0.00642	0.01020	0.01208	0.04532	0.04305	0.81307	0.01133	0.00529	0.00151	0.00227	0.00944	0.00415	0.00378
24	0.00639	0.00479	0.00719	0.00719	0.00799	0.00559	0.00559	0.00799	0.00719	0.01038	0.01198	0.01757	0.01118	0.03355	0.82507	0.00719	0.01198	0.00479	0.00240	0.00399
25	0.87439	0.00865	0.00657	0.00588	0.00865	0.01003	0.00484	0.01315	0.00761	0.02007	0.00623	0.00727	0.00484	0.00415	0.00277	0.00138	0.00346	0.00242	0.00277	0.00484
26	0.00529	0.00453	0.00453	0.00453	0.00604	0.00378	0.00340	0.00642	0.01020	0.01208	0.04532	0.04305	0.81307	0.01133	0.00529	0.00151	0.00227	0.00944	0.00415	0.00378
27	0.00897	0.02314	0.81962	0.01275	0.01936	0.01039	0.01653	0.01417	0.00944	0.01417	0.00803	0.00944	0.00567	0.00425	0.00425	0.00142	0.00661	0.00331	0.00189	0.00661
28	0.01671	0.02132	0.01268	0.01152	0.01383	0.82483	0.00864	0.01786	0.01268	0.01095	0.00691	0.00807	0.00576	0.00461	0.00403	0.00115	0.00807	0.00288	0.00230	0.00519
29	0.01107	0.01063	0.01816	0.02746	0.81489	0.01063	0.01373	0.01373	0.01019	0.01461	0.00841	0.01107	0.00709	0.00399	0.00443	0.00133	0.00531	0.00399	0.00221	0.00709
30	0.01608	0.01746	0.01215	0.01074	0.01317	0.59251	0.03076	0.03142	0.04113	0.11916	0.00987	0.04767	0.00803	0.00522	0.00421	0.00124	0.00688	0.00374	0.02301	0.00555
31	0.01141	0.01002	0.00885	0.00812	0.01003	0.20045	0.00615	0.05222	0.14846	0.10551	0.11722	0.15924	0.11052	0.00853	0.02136	0.00156	0.00439	0.00661	0.00402	0.00533
32	0.02742	0.22856	0.37176	0.01080	0.01545	0.17551	0.01171	0.03364	0.06142	0.01333	0.00803	0.00905	0.00625	0.00436	0.00386	0.00125	0.00615	0.00310	0.00223	0.00613
33	0.01315	0.01404	0.01415	0.06927	0.29768	0.30054	0.01033	0.07377	0.10458	0.01447	0.00975	0.04055	0.00816	0.00495	0.00435	0.00132	0.00600	0.00403	0.00274	0.00619

[dist]
# distance from previous block
# <min> <max>
2	6

[block]
# block no. 9 follows, 58 sequences, length 68
# corresponding to MSA columns:
# 572-597,636-677
name=unknown_J
#
# <colnr> <probs for GDERKNQSTAVLIFYWHMCP>
#	G	D	E	R	K	N	Q	S	T	A	V	L	I	F	Y	W	H	M	C	P
0	0.01202	0.76273	0.02205	0.00767	0.01136	0.01692	0.00752	0.04639	0.02694	0.01166	0.00696	0.00787	0.00619	0.00399	0.00298	0.00099	0.00467	0.00258	0.03270	0.00579
1	0.00987	0.27865	0.49187	0.01059	0.01582	0.01228	0.01265	0.03128	0.00972	0.01344	0.04500	0.03337	0.00809	0.00464	0.00391	0.00128	0.00568	0.00352	0.00216	0.00617
2	0.01097	0.57355	0.28672	0.00934	0.01409	0.01528	0.01059	0.01365	0.00921	0.01173	0.00682	0.00793	0.00572	0.00397	0.00333	0.00111	0.00539	0.00269	0.00191	0.00603
3	0.02520	0.05729	0.04396	0.00855	0.01114	0.03068	0.00699	0.01977	0.53031	0.06239	0.03158	0.06495	0.07466	0.00667	0.00453	0.00148	0.00369	0.00552	0.00421	0.00643
4	0.01022	0.26361	0.52965	0.01138	0.01694	0.04660	0.03631	0.01410	0.00951	0.01297	0.00748	0.00880	0.00572	0.00413	0.00387	0.00127	0.00616	0.00308	0.00192	0.00628
5	0.01177	0.79244	0.07480	0.00798	0.01199	0.01723	0.00823	0.01344	0.00911	0.01076	0.00634	0.00732	0.00574	0.00385	0.00296	0.00099	0.00490	0.00245	0.00191	0.00580
6	0.14982	0.01687	0.01181	0.01051	0.01266	0.51280	0.00814	0.06204	0.03969	0.01363	0.00729	0.00863	0.00602	0.00506	0.00530	0.00132	0.11747	0.00309	0.00254	0.00530
7	0.81685	0.00928	0.00700	0.00623	0.00900	0.04419	0.00510	0.03325	0.00816	0.01989	0.00637	0.00739	0.00495	0.00420	0.00286	0.00137	0.00369	0.00248	0.00279	0.00493
8	0.03901	0.01192	0.01294	0.00994	0.01349	0.01302	0.00821	0.69930	0.01984	0.10996	0.01134	0.01112	0.00790	0.00536	0.00443	0.00135	0.00477	0.00404	0.00454	0.00754
