[name]
unknown

[dist]
# distance from previous block
# <min> <max>
0	118

[block]
# block no. 0 follows, 52 sequences, length 12
# corresponding to MSA columns:
# 137-148
name=unknown_A
#
# <colnr> <probs for GDERKNQSTAVLIFYWHMCP>
#	G	D	E	R	K	N	Q	S	T	A	V	L	I	F	Y	W	H	M	C	P
0	0.03723	0.00591	0.00752	0.00710	0.00876	0.00556	0.00549	0.01243	0.04586	0.17304	0.32428	0.17395	0.07759	0.01024	0.00561	0.00168	0.00309	0.08426	0.00509	0.00530
1	0.00878	0.00712	0.00704	0.00694	0.00846	0.08519	0.00527	0.02700	0.01151	0.06755	0.09094	0.15371	0.33994	0.05556	0.00673	0.00186	0.00367	0.10373	0.00438	0.00462
2	0.00666	0.00493	0.00607	0.00677	0.00734	0.00485	0.00457	0.00869	0.08704	0.01281	0.02572	0.60264	0.06884	0.11881	0.00841	0.00227	0.00314	0.01190	0.00434	0.00419
3	0.00654	0.00546	0.00672	0.00786	0.08582	0.00487	0.00506	0.00802	0.01113	0.01413	0.14611	0.17012	0.48744	0.01163	0.00571	0.00166	0.00282	0.01002	0.00441	0.00449
4	0.01089	0.03719	0.09793	0.20866	0.27039	0.03837	0.18251	0.01422	0.01057	0.01434	0.00923	0.01249	0.00736	0.00650	0.05694	0.00192	0.00714	0.00451	0.00232	0.00651
5	0.01040	0.05470	0.42566	0.01498	0.09669	0.04529	0.13503	0.01463	0.01078	0.01531	0.04362	0.03010	0.02574	0.00515	0.00476	0.00150	0.00650	0.00455	0.04799	0.00662
6	0.00689	0.00505	0.00721	0.00727	0.00795	0.00569	0.00540	0.00825	0.00774	0.01098	0.01419	0.06783	0.01426	0.17928	0.62139	0.00689	0.01089	0.00602	0.00277	0.00405
7	0.06661	0.00512	0.00554	0.00556	0.00666	0.00514	0.00406	0.03497	0.01019	0.01649	0.06989	0.16888	0.06564	0.03024	0.00597	0.06772	0.00279	0.00676	0.41743	0.00433
8	0.01104	0.01090	0.01305	0.18899	0.12708	0.14818	0.05226	0.07120	0.03072	0.01478	0.03707	0.19873	0.04706	0.00780	0.00520	0.00160	0.00556	0.01982	0.00329	0.00566
9	0.01045	0.05357	0.11220	0.01172	0.13111	0.06358	0.00862	0.01294	0.03539	0.08498	0.07446	0.17788	0.04239	0.07179	0.06693	0.00226	0.00534	0.00680	0.02191	0.00568
10	0.01158	0.01097	0.01593	0.25055	0.34501	0.05891	0.01257	0.02842	0.09614	0.02660	0.01054	0.01391	0.00859	0.00527	0.00542	0.00155	0.04881	0.02618	0.00276	0.02030
11	0.01101	0.05170	0.13379	0.11026	0.12281	0.05090	0.01017	0.03114	0.15500	0.04710	0.05164	0.01833	0.05184	0.08811	0.00677	0.00182	0.00523	0.01837	0.00332	0.03069

[dist]
# distance from previous block
# <min> <max>
0	20

[block]
# block no. 1 follows, 52 sequences, length 32
# corresponding to MSA columns:
# 170-201
name=unknown_B
#
# <colnr> <probs for GDERKNQSTAVLIFYWHMCP>
#	G	D	E	R	K	N	Q	S	T	A	V	L	I	F	Y	W	H	M	C	P
0	0.00867	0.06311	0.01195	0.02841	0.20955	0.00787	0.02829	0.01066	0.01035	0.01413	0.10836	0.15604	0.06569	0.03579	0.13074	0.00267	0.00564	0.07883	0.00343	0.01982
1	0.01296	0.01000	0.05352	0.19633	0.11477	0.02300	0.00985	0.04516	0.08723	0.17701	0.03343	0.01442	0.01018	0.00538	0.00492	0.00143	0.02811	0.00446	0.06979	0.09805
2	0.01056	0.00686	0.00855	0.08374	0.01158	0.00621	0.00599	0.01294	0.04450	0.15694	0.05986	0.11292	0.17720	0.00784	0.00482	0.00139	0.00348	0.00664	0.07244	0.20555
3	0.02600	0.00975	0.03137	0.07107	0.14638	0.04740	0.10847	0.07591	0.01214	0.03125	0.14003	0.09818	0.08790	0.00764	0.00578	0.00160	0.04414	0.02680	0.02235	0.00583
4	0.00904	0.04924	0.21079	0.04881	0.04039	0.00918	0.02487	0.02137	0.03259	0.03111	0.02882	0.13184	0.01296	0.01592	0.24153	0.00346	0.07381	0.00583	0.00287	0.00559
5	0.00925	0.00861	0.01450	0.62018	0.04777	0.01017	0.06439	0.03333	0.01034	0.01342	0.03548	0.06771	0.03292	0.00586	0.00504	0.00163	0.00604	0.00534	0.00257	0.00544
6	0.00968	0.00922	0.01580	0.66643	0.15656	0.01093	0.03738	0.01288	0.00996	0.01303	0.00873	0.01278	0.00668	0.00474	0.00486	0.00159	0.00640	0.00435	0.00220	0.00579
7	0.01297	0.46675	0.01997	0.04743	0.05305	0.08614	0.00905	0.06729	0.06209	0.01385	0.00970	0.01317	0.00876	0.00549	0.00452	0.00132	0.04456	0.06493	0.00270	0.00625
8	0.00704	0.00473	0.00545	0.00545	0.00551	0.00479	0.00314	0.00715	0.00710	0.00952	0.01512	0.03088	0.01726	0.77789	0.07597	0.00490	0.00524	0.00693	0.00291	0.00303
9	0.00959	0.00518	0.00567	0.00542	0.00673	0.00534	0.00416	0.05111	0.01060	0.04012	0.01530	0.01782	0.01215	0.00984	0.11318	0.00206	0.00393	0.00461	0.67239	0.00479
10	0.00696	0.00536	0.00698	0.00797	0.04598	0.00502	0.00593	0.00872	0.01122	0.01457	0.14891	0.16690	0.25725	0.01237	0.00609	0.00187	0.00335	0.27561	0.00451	0.00444
11	0.00911	0.00549	0.00697	0.00703	0.00830	0.00513	0.00509	0.01123	0.06578	0.14764	0.11090	0.46841	0.10553	0.01216	0.00578	0.00178	0.00301	0.01078	0.00487	0.00501
12	0.01248	0.00708	0.00857	0.00755	0.00981	0.00669	0.00592	0.12953	0.01346	0.24421	0.07758	0.18898	0.21435	0.00996	0.00548	0.00166	0.00352	0.04220	0.00504	0.00594
13	0.00636	0.00484	0.00712	0.00753	0.00811	0.00454	0.05515	0.00739	0.00936	0.01252	0.04041	0.70545	0.02977	0.06764	0.00735	0.00212	0.00327	0.01271	0.00428	0.00405
14	0.01170	0.01138	0.01885	0.12201	0.64336	0.03336	0.03709	0.01459	0.01096	0.01527	0.00946	0.01316	0.00801	0.00463	0.00487	0.00148	0.00596	0.02418	0.00243	0.00723
15	0.00596	0.00429	0.00566	0.00664	0.00703	0.00398	0.00448	0.00692	0.00964	0.01287	0.07975	0.74661	0.05876	0.01473	0.00614	0.00193	0.00276	0.01332	0.00456	0.00398
16	0.00613	0.00506	0.00542	0.00552	0.00696	0.00448	0.00406	0.00797	0.04833	0.01373	0.09291	0.17000	0.58779	0.01231	0.00576	0.00168	0.00257	0.01047	0.00457	0.00427
17	0.01138	0.01290	0.02766	0.01990	0.02447	0.01243	0.72950	0.01526	0.01117	0.01526	0.00957	0.01290	0.00729	0.00438	0.00641	0.00167	0.06334	0.00562	0.00243	0.00645
18	0.14181	0.01160	0.07496	0.03241	0.01314	0.03578	0.00827	0.30374	0.06909	0.04232	0.01207	0.03132	0.00946	0.00970	0.10952	0.00229	0.00592	0.00442	0.07559	0.00658
19	0.01188	0.00895	0.01100	0.00796	0.01220	0.00713	0.03071	0.05064	0.01116	0.10997	0.01004	0.01099	0.00781	0.00400	0.00387	0.00088	0.00388	0.00327	0.00332	0.69034
20	0.01296	0.83261	0.02539	0.00829	0.01244	0.01917	0.00829	0.01451	0.00985	0.01140	0.00674	0.00777	0.00622	0.00415	0.00311	0.00104	0.00518	0.00259	0.00207	0.00622
21	0.00726	0.00544	0.00761	0.00924	0.06038	0.00528	0.00682	0.00898	0.01047	0.01373	0.02648	0.32787	0.07831	0.01336	0.00632	0.00205	0.00382	0.39777	0.00434	0.00446
22	0.07076	0.12406	0.19769	0.01036	0.01462	0.03140	0.01010	0.15524	0.20199	0.04075	0.01186	0.01223	0.00894	0.00594	0.02298	0.00156	0.00537	0.00400	0.00351	0.06664
23	0.00677	0.00513	0.00719	0.00816	0.04558	0.00537	0.00548	0.00792	0.00864	0.01186	0.02024	0.40891	0.03918	0.10752	0.26039	0.00405	0.03030	0.00956	0.00357	0.00418
24	0.01242	0.16274	0.06532	0.04575	0.18882	0.14447	0.08071	0.06020	0.02138	0.01457	0.01234	0.03929	0.06200	0.00638	0.02125	0.00156	0.03011	0.02161	0.00276	0.00632
25	0.01223	0.24910	0.38046	0.01107	0.01632	0.02368	0.01248	0.06042	0.05950	0.07961	0.03510	0.01185	0.01801	0.00504	0.00428	0.00139	0.00586	0.00381	0.00285	0.00694
26	0.00607	0.00437	0.00553	0.00636	0.00674	0.00407	0.00420	0.00686	0.00923	0.01218	0.04497	0.62414	0.10105	0.12963	0.00874	0.00231	0.00303	0.01238	0.00430	0.00382
27	0.00792	0.00757	0.04752	0.16503	0.02797	0.00790	0.02181	0.01009	0.02735	0.01287	0.05268	0.24283	0.06313	0.03315	0.12871	0.00278	0.11323	0.01935	0.00327	0.00483
28	0.03854	0.06832	0.03594	0.03314	0.05986	0.34324	0.03584	0.08476	0.05674	0.07096	0.01161	0.05116	0.02675	0.01792	0.02486	0.00161	0.02492	0.00444	0.00319	0.00618
29	0.00734	0.00620	0.03921	0.00695	0.00822	0.00547	0.00529	0.03219	0.07229	0.02486	0.06892	0.36772	0.19730	0.09256	0.00767	0.00209	0.00332	0.04349	0.00435	0.00454
30	0.00608	0.00442	0.00566	0.00650	0.00701	0.00410	0.00445	0.00707	0.00973	0.01286	0.08088	0.61630	0.11795	0.05645	0.00707	0.00205	0.00289	0.04009	0.00447	0.00396
31	0.01192	0.02976	0.04612	0.06285	0.01395	0.06215	0.04514	0.06705	0.20798	0.08351	0.04849	0.03193	0.01303	0.01130	0.13312	0.00258	0.06340	0.02615	0.03331	0.00627

[dist]
# distance from previous block
# <min> <max>
9	13

[block]
# block no. 2 follows, 52 sequences, length 8
# corresponding to MSA columns:
# 215-222
name=unknown_C
#
# <colnr> <probs for GDERKNQSTAVLIFYWHMCP>
#	G	D	E	R	K	N	Q	S	T	A	V	L	I	F	Y	W	H	M	C	P
0	0.05139	0.01367	0.09334	0.04822	0.07634	0.12297	0.14629	0.12042	0.03871	0.07763	0.01196	0.03179	0.00984	0.00599	0.00552	0.00158	0.04776	0.06202	0.02803	0.00652
1	0.00675	0.00464	0.00566	0.00605	0.00631	0.00453	0.00389	0.00734	0.00852	0.01142	0.07838	0.27069	0.02481	0.46408	0.01638	0.00346	0.00394	0.06597	0.00370	0.00347
2	0.03867	0.12911	0.34567	0.01306	0.09559	0.07767	0.03640	0.04153	0.01125	0.01569	0.06960	0.01360	0.03609	0.00528	0.00445	0.00141	0.00595	0.00421	0.04829	0.00648
3	0.03761	0.06179	0.09453	0.05089	0.15301	0.04164	0.03807	0.09388	0.05164	0.03670	0.17576	0.03632	0.07095	0.00688	0.00499	0.00151	0.00482	0.02907	0.00368	0.00624
4	0.01185	0.06587	0.14326	0.05589	0.03803	0.09805	0.14791	0.05649	0.06782	0.05126	0.10386	0.06080	0.01357	0.00627	0.00568	0.00155	0.05695	0.00537	0.00325	0.00628
5	0.00672	0.00489	0.00609	0.00678	0.00761	0.00467	0.00498	0.00862	0.04681	0.01396	0.07358	0.45345	0.14439	0.01314	0.00593	0.00186	0.00300	0.12991	0.05931	0.00429
6	0.03891	0.08821	0.07810	0.01262	0.07982	0.16849	0.06165	0.15925	0.03954	0.06794	0.06120	0.03723	0.01092	0.00583	0.00515	0.00145	0.04408	0.00457	0.02848	0.00658
7	0.01150	0.08539	0.10251	0.03988	0.03551	0.16101	0.03370	0.03010	0.04316	0.04080	0.06024	0.05825	0.07819	0.03603	0.00619	0.00162	0.05778	0.04494	0.06757	0.00563

[dist]
# distance from previous block
# <min> <max>
1	5

[block]
# block no. 3 follows, 52 sequences, length 11
# corresponding to MSA columns:
# 229-239
name=unknown_D
#
# <colnr> <probs for GDERKNQSTAVLIFYWHMCP>
#	G	D	E	R	K	N	Q	S	T	A	V	L	I	F	Y	W	H	M	C	P
0	0.13470	0.02168	0.06749	0.07302	0.15688	0.14561	0.00941	0.03273	0.03235	0.01603	0.10224	0.05850	0.04023	0.00794	0.03991	0.00180	0.00565	0.04485	0.00321	0.00579
1	0.68366	0.10406	0.03151	0.00713	0.01044	0.01212	0.00622	0.06871	0.00951	0.02101	0.00715	0.00819	0.00560	0.00455	0.00319	0.00144	0.00412	0.00277	0.00300	0.00562
2	0.00671	0.00531	0.00611	0.00603	0.00747	0.00489	0.00460	0.00919	0.06252	0.01593	0.31496	0.06972	0.38967	0.01124	0.00576	0.00165	0.00265	0.06625	0.00483	0.00452
3	0.24812	0.09693	0.29077	0.08250	0.03026	0.02901	0.01120	0.06738	0.02397	0.01768	0.00873	0.01025	0.00661	0.00473	0.00398	0.00145	0.00550	0.00342	0.05122	0.00629
4	0.13590	0.00914	0.04399	0.04172	0.02421	0.02133	0.03286	0.04901	0.09841	0.18824	0.07380	0.01823	0.05828	0.04143	0.05148	0.03060	0.03717	0.00515	0.03297	0.00608
5	0.00608	0.00447	0.00567	0.00655	0.00713	0.00413	0.00457	0.00707	0.00965	0.01255	0.03005	0.59225	0.16472	0.04845	0.00692	0.00205	0.00297	0.07633	0.00443	0.00397
6	0.00731	0.00547	0.00759	0.00784	0.02520	0.00530	0.04899	0.02906	0.00967	0.01301	0.04786	0.36765	0.05549	0.22474	0.01083	0.00261	0.00387	0.09338	0.03000	0.00412
7	0.01239	0.65411	0.08453	0.00980	0.04986	0.01731	0.00923	0.01502	0.05430	0.01242	0.00797	0.00916	0.00698	0.00550	0.03282	0.00137	0.00557	0.00301	0.00227	0.00637
8	0.00679	0.00480	0.00580	0.00624	0.00695	0.00460	0.00433	0.00843	0.04115	0.01377	0.12045	0.37202	0.12064	0.14138	0.00871	0.00223	0.00307	0.04338	0.08117	0.00410
9	0.00871	0.00615	0.00776	0.00709	0.00860	0.00597	0.03866	0.04780	0.05831	0.06812	0.13882	0.11747	0.20561	0.16501	0.04286	0.00247	0.00396	0.02686	0.03501	0.00477
10	0.01223	0.32723	0.15605	0.01131	0.05102	0.10371	0.02687	0.03225	0.08970	0.01413	0.04165	0.04680	0.00995	0.00557	0.00484	0.00137	0.05209	0.00413	0.00273	0.00636

[dist]
# distance from previous block
# <min> <max>
1	3

[block]
# block no. 4 follows, 52 sequences, length 8
# corresponding to MSA columns:
# 244-251
name=unknown_E
#
# <colnr> <probs for GDERKNQSTAVLIFYWHMCP>
#	G	D	E	R	K	N	Q	S	T	A	V	L	I	F	Y	W	H	M	C	P
0	0.00643	0.00464	0.00584	0.00632	0.00703	0.00430	0.00448	0.00752	0.01024	0.01355	0.17458	0.36095	0.16843	0.09150	0.00841	0.04131	0.00303	0.07311	0.00440	0.00395
1	0.22735	0.16870	0.10617	0.08891	0.05666	0.11667	0.03354	0.04073	0.04016	0.01605	0.00889	0.01139	0.00734	0.00588	0.02852	0.00161	0.00593	0.02678	0.00269	0.00602
2	0.03670	0.04222	0.05219	0.30556	0.21508	0.08460	0.01193	0.01467	0.07791	0.01443	0.03185	0.05561	0.00981	0.00558	0.00497	0.00154	0.02166	0.00477	0.00271	0.00618
3	0.00641	0.00482	0.00593	0.00665	0.00738	0.00457	0.00470	0.00807	0.05015	0.01294	0.03007	0.52299	0.18127	0.05739	0.00706	0.00205	0.00303	0.07593	0.00443	0.00415
4	0.00723	0.00557	0.00684	0.00707	0.00852	0.00514	0.00563	0.00930	0.03696	0.01432	0.08589	0.15233	0.23762	0.03908	0.00655	0.00191	0.00343	0.28069	0.00436	0.08157
5	0.01262	0.03715	0.07282	0.01340	0.15360	0.11407	0.03992	0.06592	0.08814	0.09698	0.05683	0.09053	0.04131	0.04937	0.00597	0.00167	0.00524	0.01926	0.00365	0.03154
6	0.05670	0.13353	0.22550	0.02985	0.01483	0.03624	0.01027	0.14316	0.06700	0.01749	0.03717	0.01292	0.00935	0.06144	0.00601	0.00159	0.03070	0.00401	0.00305	0.09917
7	0.01273	0.07632	0.12752	0.01286	0.07436	0.10154	0.09705	0.07455	0.06741	0.07172	0.03331	0.04549	0.02879	0.00576	0.00541	0.00144	0.05852	0.00471	0.00321	0.09729

[dist]
# distance from previous block
# <min> <max>
1	16

[block]
# block no. 5 follows, 52 sequences, length 50
# corresponding to MSA columns:
# 268-317
name=unknown_F
#
# <colnr> <probs for GDERKNQSTAVLIFYWHMCP>
#	G	D	E	R	K	N	Q	S	T	A	V	L	I	F	Y	W	H	M	C	P
0	0.12092	0.00737	0.00884	0.00814	0.03152	0.00733	0.02217	0.06868	0.05200	0.18387	0.08196	0.13199	0.13727	0.04579	0.03269	0.00195	0.00399	0.02623	0.02155	0.00574
1	0.00746	0.00576	0.00690	0.00669	0.00798	0.00556	0.00496	0.07153	0.01200	0.01604	0.23677	0.28119	0.23576	0.01158	0.00611	0.00168	0.03395	0.00998	0.00461	0.03349
2	0.01545	0.02748	0.01256	0.01067	0.01316	0.31599	0.00833	0.18189	0.09932	0.06256	0.01263	0.01396	0.03892	0.03825	0.04213	0.00185	0.06824	0.00437	0.02593	0.00630
3	0.01146	0.01141	0.02089	0.19194	0.39811	0.01168	0.22647	0.04053	0.01126	0.01552	0.00929	0.01247	0.00735	0.00441	0.00506	0.00153	0.00656	0.00470	0.00244	0.00690
4	0.05096	0.01345	0.01102	0.00967	0.01179	0.27016	0.00738	0.18169	0.05061	0.01675	0.03004	0.01702	0.05802	0.13240	0.04978	0.00226	0.04990	0.00483	0.02663	0.00564
5	0.14165	0.01296	0.01346	0.01045	0.01420	0.01442	0.00863	0.67121	0.02067	0.02926	0.01092	0.01109	0.00780	0.00563	0.00458	0.00146	0.00510	0.00411	0.00458	0.00780
6	0.00702	0.00539	0.00682	0.00710	0.04558	0.00489	0.00502	0.00901	0.01241	0.01699	0.45111	0.05638	0.23622	0.01024	0.00560	0.00156	0.00268	0.05221	0.03076	0.03302
7	0.00628	0.00473	0.00591	0.00625	0.00713	0.00437	0.00449	0.00770	0.01111	0.01483	0.27769	0.36794	0.21099	0.01270	0.00609	0.00176	0.01476	0.02635	0.00473	0.00421
8	0.86392	0.00937	0.00712	0.00637	0.00937	0.01087	0.00525	0.01425	0.00825	0.02174	0.00675	0.00787	0.00525	0.00450	0.00300	0.00150	0.00375	0.00262	0.00300	0.00525
9	0.00638	0.00467	0.00631	0.00693	0.00736	0.00473	0.00483	0.00745	0.00922	0.01259	0.09283	0.53966	0.02819	0.07790	0.13915	0.00308	0.02948	0.01113	0.00408	0.00403
10	0.00695	0.00510	0.00730	0.00730	0.00800	0.00579	0.00545	0.00834	0.00764	0.01089	0.01342	0.02149	0.01318	0.18984	0.65845	0.00719	0.01138	0.00555	0.00266	0.00406
11	0.00639	0.00478	0.00590	0.00627	0.00713	0.00443	0.00445	0.00804	0.03096	0.01460	0.24510	0.37303	0.18793	0.05052	0.00680	0.00190	0.00275	0.03015	0.00467	0.00421
12	0.00915	0.00861	0.01453	0.81804	0.03338	0.01077	0.01346	0.01238	0.00969	0.01238	0.00861	0.01292	0.00646	0.00484	0.00484	0.00161	0.00646	0.00431	0.00215	0.00538
13	0.00937	0.00879	0.01459	0.75773	0.06130	0.01084	0.01329	0.01298	0.03948	0.01281	0.00906	0.01308	0.00682	0.00489	0.00485	0.00161	0.00633	0.00435	0.00227	0.00556
14	0.00723	0.00528	0.00621	0.00607	0.00731	0.00493	0.00447	0.00936	0.05206	0.03697	0.30305	0.07381	0.27324	0.13297	0.00856	0.00210	0.00298	0.05437	0.00462	0.00441
15	0.08730	0.00589	0.00652	0.03579	0.02709	0.01783	0.00504	0.00899	0.03107	0.01396	0.04253	0.22694	0.32835	0.06012	0.02518	0.00203	0.00348	0.04284	0.02468	0.00438
16	0.00640	0.00481	0.00592	0.00610	0.00715	0.00437	0.00449	0.00801	0.01164	0.01551	0.34580	0.22021	0.24443	0.03299	0.00638	0.00179	0.00266	0.06231	0.00480	0.00425
17	0.00942	0.00740	0.00844	0.00772	0.00889	0.04981	0.02524	0.05180	0.07404	0.04007	0.07183	0.07917	0.06851	0.27225	0.09534	0.00323	0.06195	0.00671	0.05351	0.00468
18	0.00679	0.00463	0.00558	0.00598	0.00614	0.00456	0.00375	0.00720	0.00799	0.01062	0.01925	0.25312	0.02242	0.54014	0.01814	0.00375	0.00416	0.06895	0.00349	0.00333
19	0.01136	0.34971	0.44455	0.01195	0.03728	0.04100	0.01367	0.01513	0.01021	0.01366	0.00788	0.00924	0.00621	0.00443	0.00400	0.00132	0.00638	0.00319	0.00208	0.00674
20	0.01137	0.01156	0.03944	0.17152	0.54346	0.03139	0.06944	0.01438	0.01082	0.01498	0.00947	0.03298	0.00798	0.00470	0.00489	0.00150	0.00610	0.00461	0.00240	0.00701
21	0.00625	0.00447	0.00602	0.00715	0.00758	0.00424	0.00510	0.00735	0.00962	0.01276	0.02652	0.68559	0.03129	0.01485	0.00628	0.00202	0.00311	0.15128	0.00449	0.00403
22	0.04390	0.01210	0.01250	0.01010	0.01357	0.05161	0.00813	0.36495	0.25140	0.07099	0.01384	0.01343	0.01013	0.00574	0.00466	0.00143	0.00474	0.00445	0.00456	0.09777
23	0.00705	0.00470	0.00529	0.00529	0.00529	0.00470	0.00294	0.00705	0.00705	0.00940	0.01527	0.03171	0.01762	0.82969	0.02467	0.00470	0.00470	0.00705	0.00294	0.00294
24	0.01427	0.12182	0.01524	0.01081	0.03970	0.03227	0.04171	0.34276	0.01571	0.03700	0.06171	0.01285	0.01029	0.00685	0.03918	0.00161	0.05697	0.00426	0.00373	0.13125
25	0.03913	0.07944	0.34626	0.03726	0.04358	0.01226	0.34245	0.01523	0.01066	0.01527	0.00897	0.01130	0.00668	0.00434	0.00493	0.00154	0.00727	0.00443	0.00227	0.00673
26	0.00851	0.00598	0.00738	0.00704	0.00852	0.00587	0.00544	0.02563	0.10610	0.06113	0.41349	0.06970	0.09916	0.04664	0.00655	0.00180	0.00306	0.10795	0.00499	0.00506
27	0.01008	0.00710	0.00887	0.00867	0.03928	0.00717	0.00659	0.09130	0.11110	0.07688	0.32615	0.05939	0.06227	0.00952	0.00564	0.00168	0.00350	0.15420	0.00494	0.00566
28	0.13773	0.09884	0.03150	0.03625	0.01345	0.02659	0.05401	0.10337	0.08438	0.26043	0.02555	0.05992	0.03503	0.00617	0.00456	0.00150	0.00463	0.00498	0.00428	0.00685
29	0.00620	0.00453	0.00582	0.00659	0.00722	0.00421	0.00467	0.00737	0.01015	0.01341	0.11943	0.53768	0.13373	0.03596	0.00662	0.00197	0.00291	0.08292	0.00455	0.00405
30	0.00728	0.00563	0.00835	0.00808	0.00890	0.00653	0.02392	0.00886	0.00795	0.01149	0.01351	0.06689	0.01319	0.08787	0.61369	0.00652	0.06554	0.00576	0.02571	0.00433
31	0.01176	0.13494	0.18623	0.09989	0.17798	0.08048	0.09765	0.03249	0.01104	0.03837	0.01037	0.07806	0.00900	0.00542	0.00470	0.00147	0.00627	0.00475	0.00260	0.00653
32	0.01753	0.14279	0.01449	0.00997	0.01333	0.18841	0.00824	0.19077	0.04023	0.25182	0.03558	0.01438	0.01064	0.00586	0.00457	0.00139	0.00553	0.03316	0.00423	0.00708
33	0.00730	0.00537	0.00643	0.00647	0.00729	0.00544	0.00452	0.04268	0.03860	0.01258	0.03570	0.17623	0.15888	0.29366	0.14946	0.00379	0.00532	0.03251	0.00369	0.00405
34	0.00975	0.02263	0.02482	0.03567	0.29566	0.00836	0.07366	0.01256	0.03474	0.01605	0.09974	0.04713	0.10602	0.00671	0.00503	0.01397	0.00436	0.00595	0.17127	0.00591
35	0.02925	0.00942	0.01254	0.10177	0.19744	0.04303	0.00920	0.07995	0.04592	0.19078	0.01745	0.13260	0.07344	0.00716	0.00502	0.00155	0.00471	0.00619	0.00398	0.02861
36	0.00730	0.02773	0.03539	0.00812	0.00923	0.00684	0.00660	0.00910	0.00790	0.01137	0.01250	0.01844	0.01168	0.05053	0.71874	0.00714	0.03929	0.00508	0.00256	0.00447
37	0.00762	0.00513	0.00709	0.00702	0.00800	0.00541	0.00532	0.00919	0.00934	0.04848	0.13206	0.08219	0.06042	0.07325	0.42546	0.02712	0.00822	0.02638	0.04792	0.00437
38	0.01146	0.18852	0.34191	0.01314	0.05182	0.05653	0.10765	0.03559	0.01096	0.04080	0.02196	0.05091	0.02214	0.00583	0.01914	0.00156	0.00649	0.00442	0.00257	0.00659
39	0.05048	0.02949	0.12926	0.16960	0.33902	0.07109	0.03929	0.03343	0.01107	0.01543	0.02936	0.01274	0.00830	0.00483	0.00469	0.00147	0.00612	0.01722	0.00251	0.02458
40	0.35678	0.03059	0.01024	0.06310	0.08611	0.03202	0.00719	0.10025	0.01072	0.05325	0.03003	0.03390	0.03500	0.02445	0.01777	0.09106	0.00459	0.00419	0.00324	0.00552
41	0.01072	0.02974	0.01121	0.11939	0.08980	0.03009	0.02300	0.11391	0.03920	0.07037	0.13877	0.03591	0.18610	0.02416	0.02636	0.00178	0.00458	0.03507	0.00403	0.00578
42	0.01182	0.09287	0.01429	0.24325	0.10278	0.10761	0.00997	0.04715	0.06126	0.05021	0.01244	0.08011	0.03633	0.00608	0.00507	0.00146	0.03607	0.00496	0.00301	0.07326
43	0.08265	0.06234	0.01177	0.00926	0.02586	0.04474	0.00738	0.15594	0.11734	0.26196	0.03532	0.06879	0.03911	0.00765	0.02698	0.00170	0.00464	0.02495	0.00465	0.00697
44	0.02553	0.05060	0.03179	0.02484	0.03786	0.02723	0.07084	0.08549	0.04374	0.05251	0.09991	0.22847	0.09286	0.02475	0.00589	0.00167	0.02133	0.02414	0.00400	0.04655
45	0.01252	0.04207	0.11932	0.07554	0.06346	0.07300	0.08392	0.07985	0.05611	0.12068	0.03683	0.05371	0.07351	0.00683	0.00507	0.00157	0.00547	0.06538	0.00366	0.02151
46	0.03517	0.07372	0.03024	0.03906	0.01127	0.11741	0.00689	0.10468	0.03721	0.04174	0.03755	0.13179	0.15588	0.06279	0.00635	0.00178	0.00462	0.06670	0.02982	0.00533
47	0.15169	0.01148	0.04172	0.08999	0.04473	0.04908	0.00896	0.25123	0.08897	0.06240	0.01209	0.04107	0.00981	0.00660	0.00567	0.03059	0.04497	0.03858	0.00379	0.00657
48	0.04206	0.13391	0.05513	0.04587	0.04057	0.08861	0.00856	0.16278	0.06509	0.03605	0.02460	0.03338	0.00950	0.00532	0.00427	0.00126	0.00506	0.02370	0.00335	0.21097
49	0.06169	0.04132	0.01133	0.10987	0.04464	0.05770	0.02282	0.17068	0.06899	0.03361	0.04694	0.09675	0.14326	0.02910	0.00550	0.00164	0.00460	0.02438	0.01933	0.00586

[dist]
# distance from previous block
# <min> <max>
7	103

[block]
# block no. 6 follows, 52 sequences, length 46
# corresponding to MSA columns:
# 443-488
name=unknown_G
#
# <colnr> <probs for GDERKNQSTAVLIFYWHMCP>
#	G	D	E	R	K	N	Q	S	T	A	V	L	I	F	Y	W	H	M	C	P
0	0.06463	0.09048	0.05515	0.19586	0.06848	0.11664	0.01001	0.13694	0.02656	0.01648	0.01019	0.02602	0.00850	0.01748	0.04590	0.00180	0.01764	0.02495	0.03453	0.03177
1	0.03295	0.02954	0.05846	0.01293	0.11978	0.30509	0.01922	0.06404	0.02864	0.02861	0.01258	0.05513	0.04155	0.05656	0.00643	0.03209	0.00626	0.04286	0.00303	0.04425
2	0.03021	0.09762	0.12565	0.01085	0.04573	0.10876	0.03104	0.09320	0.04957	0.09350	0.02646	0.04729	0.03643	0.00656	0.02755	0.00153	0.02301	0.00449	0.00335	0.13721
3	0.02795	0.06215	0.08746	0.07253	0.24269	0.03480	0.02501	0.07851	0.05620	0.01609	0.05225	0.08017	0.03195	0.00652	0.00618	0.00158	0.10315	0.00531	0.00304	0.00646
4	0.11383	0.03088	0.05645	0.02675	0.05475	0.11345	0.00838	0.16279	0.12429	0.05638	0.07374	0.03840	0.02104	0.00661	0.01588	0.00157	0.02736	0.00479	0.05619	0.00646
5	0.01014	0.01012	0.04180	0.03251	0.25557	0.00963	0.15784	0.03116	0.07349	0.01579	0.06507	0.07741	0.11247	0.00746	0.02387	0.00171	0.02776	0.00633	0.00326	0.03662
6	0.00842	0.00421	0.00631	0.00631	0.00631	0.00421	0.00421	0.00631	0.00631	0.00842	0.00842	0.01473	0.00842	0.01684	0.01894	0.85901	0.00421	0.00421	0.00210	0.00210
7	0.19290	0.05734	0.01334	0.00980	0.01350	0.01375	0.00817	0.52034	0.01835	0.09062	0.01097	0.01104	0.00782	0.00547	0.00437	0.00144	0.00490	0.00395	0.00441	0.00751
8	0.22851	0.00889	0.01118	0.34125	0.01991	0.00996	0.00900	0.05713	0.04133	0.03939	0.04194	0.01256	0.00862	0.00497	0.00420	0.00143	0.00485	0.00393	0.02503	0.12592
9	0.01028	0.00977	0.01658	0.50409	0.33848	0.01106	0.01402	0.01337	0.01023	0.01376	0.00881	0.01255	0.00694	0.00464	0.00483	0.00155	0.00618	0.00431	0.00225	0.00630
10	0.01131	0.01283	0.02782	0.06432	0.02577	0.01217	0.73958	0.01535	0.01134	0.01535	0.00974	0.01306	0.00730	0.00413	0.00567	0.00163	0.00808	0.00564	0.00243	0.00647
11	0.02118	0.00837	0.01125	0.00865	0.01234	0.00738	0.00714	0.05451	0.01423	0.74884	0.04081	0.01685	0.01280	0.00610	0.00490	0.00150	0.00412	0.00496	0.00593	0.00814
12	0.01021	0.08358	0.65513	0.01494	0.08395	0.01190	0.04405	0.01525	0.01031	0.01510	0.00862	0.01029	0.00631	0.00453	0.00455	0.00149	0.00694	0.00364	0.00209	0.00711
13	0.00603	0.00432	0.00567	0.00663	0.00695	0.00409	0.00442	0.00686	0.00910	0.01212	0.02591	0.70899	0.05246	0.07830	0.04141	0.00241	0.00337	0.01280	0.00430	0.00388
14	0.00673	0.00456	0.00538	0.00570	0.00578	0.00448	0.00338	0.00696	0.00767	0.01023	0.01849	0.25525	0.02168	0.60061	0.01947	0.00393	0.00417	0.00894	0.00338	0.00322
15	0.00671	0.00532	0.00608	0.00587	0.00733	0.00490	0.00440	0.00934	0.07183	0.01638	0.37200	0.06762	0.38271	0.01091	0.00568	0.00160	0.00250	0.00935	0.00490	0.00457
16	0.02001	0.01016	0.01142	0.00911	0.01256	0.09596	0.00738	0.05943	0.07187	0.59277	0.01741	0.01558	0.01141	0.00591	0.00477	0.00147	0.00460	0.00469	0.03571	0.00778
17	0.01173	0.01256	0.02489	0.01909	0.07102	0.01224	0.59238	0.03459	0.13686	0.01665	0.01140	0.01378	0.00859	0.00454	0.00552	0.00162	0.00726	0.00556	0.00290	0.00683
18	0.01144	0.01307	0.02859	0.02042	0.02533	0.01225	0.78186	0.01552	0.01144	0.01552	0.00980	0.01307	0.00735	0.00408	0.00572	0.00163	0.00817	0.00572	0.00245	0.00654
19	0.01868	0.00862	0.01074	0.00847	0.01177	0.00822	0.00692	0.14521	0.04995	0.51644	0.03529	0.01644	0.01234	0.00604	0.00469	0.00145	0.00401	0.00486	0.12224	0.00763
20	0.04119	0.01429	0.07856	0.04539	0.05438	0.18568	0.04085	0.10043	0.02798	0.17483	0.01086	0.02246	0.00824	0.00601	0.00689	0.00158	0.16607	0.00425	0.00342	0.00663
21	0.00963	0.00538	0.00706	0.00723	0.00841	0.00499	0.00521	0.01119	0.03816	0.18371	0.02513	0.55535	0.04894	0.03505	0.00636	0.00193	0.00322	0.03325	0.00479	0.00499
22	0.00601	0.00436	0.00574	0.00674	0.00718	0.00409	0.00463	0.00697	0.00943	0.01247	0.02781	0.70865	0.08690	0.01565	0.03476	0.00216	0.00322	0.04482	0.00443	0.00398
23	0.01163	0.01534	0.24238	0.01628	0.05281	0.01112	0.35917	0.04718	0.04792	0.07062	0.03178	0.04992	0.00983	0.00521	0.00526	0.00159	0.00680	0.00538	0.00296	0.00683
24	0.01369	0.03833	0.02907	0.01108	0.04078	0.32537	0.00840	0.01914	0.26357	0.02929	0.03735	0.01734	0.07696	0.02221	0.00548	0.00154	0.03063	0.01995	0.00360	0.00621
25	0.01569	0.32550	0.01795	0.02656	0.01422	0.47621	0.00895	0.01711	0.01203	0.01168	0.00738	0.00874	0.00640	0.00553	0.02606	0.00136	0.00748	0.00300	0.00233	0.00580
26	0.01003	0.02395	0.73795	0.01377	0.02069	0.01127	0.04054	0.03714	0.01062	0.01580	0.00881	0.01035	0.00626	0.00460	0.00462	0.00151	0.00705	0.00365	0.00216	0.02923
27	0.04626	0.01054	0.07769	0.07409	0.07458	0.01091	0.04227	0.07325	0.07332	0.03246	0.02864	0.10093	0.04315	0.00854	0.03148	0.00193	0.22339	0.02077	0.01988	0.00591
28	0.02838	0.02677	0.01804	0.18550	0.45545	0.01123	0.07004	0.01432	0.01057	0.04782	0.00976	0.03102	0.00810	0.00555	0.02151	0.00165	0.04032	0.00461	0.00255	0.00682
29	0.02160	0.00847	0.01138	0.00873	0.01248	0.00745	0.00721	0.05557	0.01425	0.77034	0.01880	0.01629	0.01184	0.00599	0.00487	0.00150	0.00417	0.00485	0.00595	0.00825
30	0.00639	0.00457	0.00618	0.00728	0.00778	0.00435	0.00532	0.00760	0.00982	0.01301	0.03920	0.62250	0.03125	0.01465	0.00630	0.00203	0.00321	0.19999	0.00450	0.00408
31	0.01373	0.01196	0.01260	0.01096	0.08151	0.10270	0.00799	0.22652	0.03623	0.03395	0.00987	0.01085	0.00771	0.00456	0.00419	0.00109	0.00487	0.00355	0.00345	0.41172
32	0.01022	0.00872	0.01014	0.00726	0.01156	0.00664	0.00581	0.02805	0.01031	0.01609	0.00868	0.01008	0.00720	0.00363	0.00361	0.00073	0.00362	0.00290	0.00291	0.84183
33	0.01219	0.00916	0.01281	0.03589	0.20203	0.03115	0.04990	0.06784	0.02345	0.14501	0.09891	0.05132	0.12534	0.00693	0.00504	0.00146	0.00449	0.01835	0.00395	0.09477
34	0.01041	0.03782	0.57206	0.03399	0.06227	0.03222	0.15286	0.01537	0.01056	0.01517	0.00884	0.01080	0.00645	0.00450	0.00478	0.00153	0.00725	0.00398	0.00215	0.00698
35	0.00610	0.00436	0.00585	0.00697	0.00734	0.00411	0.00484	0.00709	0.00947	0.01259	0.02660	0.74675	0.03162	0.01500	0.00624	0.00200	0.00298	0.09161	0.00449	0.00399
36	0.01124	0.01266	0.02699	0.03258	0.02425	0.01225	0.70174	0.01504	0.01109	0.01515	0.00987	0.02841	0.00774	0.00461	0.00641	0.00167	0.06370	0.00575	0.00246	0.00638
37	0.01326	0.01148	0.08180	0.04991	0.23995	0.02463	0.05498	0.08037	0.11654	0.15018	0.06863	0.01673	0.03881	0.02451	0.00541	0.00159	0.00515	0.00514	0.00380	0.00713
38	0.00999	0.00894	0.01408	0.17964	0.27478	0.02522	0.05153	0.01282	0.04773	0.03575	0.01479	0.23144	0.01480	0.01903	0.00578	0.00171	0.02367	0.01918	0.00317	0.00595
39	0.00615	0.00476	0.00560	0.00575	0.00689	0.00421	0.00417	0.00763	0.01150	0.01502	0.29160	0.23175	0.36318	0.01219	0.00583	0.00168	0.00249	0.01060	0.00478	0.00421
40	0.01238	0.05873	0.01647	0.26730	0.10998	0.14644	0.09600	0.05770	0.03929	0.03606	0.01067	0.01447	0.02002	0.00556	0.00547	0.00155	0.05131	0.04172	0.00277	0.00611
41	0.01196	0.16579	0.43163	0.01375	0.05204	0.06010	0.08450	0.09652	0.01184	0.01608	0.00871	0.01019	0.00656	0.00461	0.00446	0.00143	0.00674	0.00369	0.00243	0.00698
42	0.00603	0.00466	0.00553	0.00608	0.00706	0.00417	0.00440	0.00722	0.01044	0.01323	0.07825	0.38394	0.36591	0.01349	0.00600	0.00182	0.00276	0.07039	0.00454	0.00408
43	0.00601	0.00455	0.00557	0.00626	0.00706	0.00411	0.00444	0.00714	0.01019	0.01312	0.07717	0.49561	0.27019	0.01388	0.00605	0.00186	0.00277	0.05543	0.00454	0.00405
44	0.03518	0.02954	0.04272	0.08198	0.20644	0.08992	0.18432	0.09270	0.01204	0.05889	0.00940	0.01178	0.00735	0.00516	0.00631	0.00157	0.11076	0.00444	0.00281	0.00671
45	0.01396	0.29120	0.01567	0.00865	0.01189	0.03672	0.00749	0.21125	0.09747	0.06573	0.01285	0.01336	0.03077	0.00636	0.02759	0.00147	0.00483	0.00408	0.13203	0.00662

[dist]
# distance from previous block
# <min> <max>
0	1

[block]
# block no. 7 follows, 52 sequences, length 29
# corresponding to MSA columns:
# 490-498,555-574
name=unknown_H
#
# <colnr> <probs for GDERKNQSTAVLIFYWHMCP>
#	G	D	E	R	K	N	Q	S	T	A	V	L	I	F	Y	W	H	M	C	P
0	0.01401	0.01499	0.01163	0.04017	0.01333	0.36631	0.00811	0.13659	0.05956	0.01574	0.04030	0.12200	0.08781	0.00755	0.00539	0.00149	0.03996	0.00581	0.00353	0.00573
1	0.01038	0.00888	0.01058	0.04276	0.01262	0.00727	0.00638	0.04461	0.01049	0.01613	0.00867	0.01026	0.00717	0.00389	0.00408	0.00083	0.02957	0.00304	0.00290	0.75947
2	0.00902	0.19060	0.12375	0.00883	0.01124	0.00972	0.00815	0.04417	0.00988	0.01325	0.01567	0.26355	0.01665	0.01456	0.15998	0.00282	0.03629	0.05345	0.00318	0.00524
3	0.00949	0.00821	0.00878	0.00850	0.00973	0.11194	0.00647	0.02924	0.05904	0.03849	0.01616	0.18233	0.03141	0.02127	0.35723	0.00434	0.05097	0.00669	0.03481	0.00490
4	0.01874	0.01002	0.01202	0.00942	0.01307	0.00997	0.00769	0.22573	0.13772	0.43394	0.01668	0.01512	0.01119	0.00592	0.00481	0.00147	0.00437	0.00473	0.00536	0.05204
5	0.04188	0.12380	0.35867	0.01549	0.10599	0.01236	0.16515	0.01567	0.05981	0.01544	0.00988	0.01251	0.00778	0.00482	0.00468	0.00151	0.00653	0.02873	0.00246	0.00685
6	0.01860	0.00803	0.01049	0.00813	0.01167	0.00693	0.00665	0.04253	0.01347	0.60920	0.03591	0.01921	0.09265	0.00648	0.00485	0.00144	0.00390	0.00529	0.00550	0.08908
7	0.00924	0.00860	0.01228	0.02705	0.01166	0.01157	0.00901	0.01058	0.00760	0.01153	0.00881	0.01371	0.00845	0.01852	0.30415	0.00417	0.51124	0.00459	0.00229	0.00495
8	0.00791	0.00505	0.00633	0.00617	0.00663	0.00521	0.00404	0.00849	0.00766	0.05835	0.01488	0.02735	0.01578	0.56422	0.23659	0.00534	0.00691	0.00641	0.00303	0.00364
9	0.00603	0.00431	0.00577	0.00689	0.00723	0.00405	0.00472	0.00697	0.00940	0.01251	0.02664	0.77452	0.03177	0.01506	0.00622	0.00199	0.00292	0.06452	0.00450	0.00397
10	0.18687	0.01234	0.01236	0.00986	0.01331	0.03555	0.00806	0.52107	0.06597	0.02702	0.03818	0.01216	0.00935	0.00571	0.00447	0.00147	0.00486	0.00420	0.01985	0.00734
11	0.00694	0.00511	0.00736	0.00736	0.00808	0.00583	0.00553	0.00838	0.00766	0.01093	0.01337	0.02119	0.01305	0.17118	0.67693	0.00726	0.01157	0.00551	0.00265	0.00409
12	0.00639	0.00456	0.00618	0.00730	0.00779	0.00435	0.00534	0.00758	0.00975	0.01291	0.02644	0.63045	0.03099	0.01473	0.00631	0.00203	0.00323	0.20508	0.00449	0.00407
13	0.01810	0.02310	0.01373	0.01248	0.01498	0.81024	0.00936	0.01935	0.01373	0.01186	0.00749	0.00874	0.00624	0.00499	0.00437	0.00125	0.00874	0.00312	0.00250	0.00562
14	0.01100	0.00915	0.01189	0.00978	0.01204	0.08842	0.16106	0.09166	0.01164	0.01697	0.01282	0.01565	0.01030	0.01089	0.15153	0.00249	0.00637	0.00472	0.35623	0.00538
15	0.00664	0.00469	0.00593	0.00653	0.00732	0.00432	0.00460	0.00799	0.02337	0.03832	0.11706	0.54498	0.16200	0.01361	0.00601	0.00185	0.00280	0.03310	0.00465	0.00425
16	0.00934	0.00881	0.01488	0.76493	0.08499	0.01082	0.01355	0.01255	0.00978	0.01261	0.00865	0.01286	0.00654	0.00481	0.00484	0.00160	0.00641	0.00431	0.00217	0.00554
17	0.00716	0.00501	0.00648	0.00637	0.00754	0.00461	0.00483	0.00915	0.01272	0.04094	0.54403	0.13156	0.11554	0.01094	0.00583	0.00165	0.00260	0.07341	0.00510	0.00455
18	0.01240	0.04293	0.01586	0.39265	0.19617	0.20839	0.01245	0.03756	0.01138	0.01351	0.00847	0.01146	0.00672	0.00477	0.00465	0.00146	0.00679	0.00396	0.00237	0.00606
19	0.01131	0.42287	0.42074	0.01109	0.01677	0.01516	0.01317	0.01493	0.01004	0.01340	0.00773	0.00902	0.00618	0.00438	0.00387	0.00129	0.00619	0.00309	0.00206	0.00670
20	0.00678	0.00484	0.00612	0.00620	0.00670	0.00500	0.00419	0.00762	0.00815	0.01104	0.05579	0.09803	0.08894	0.39823	0.26628	0.00500	0.00681	0.00742	0.00322	0.00364
21	0.00867	0.00521	0.00573	0.00545	0.00658	0.00522	0.00391	0.02632	0.02726	0.01546	0.01495	0.02083	0.01329	0.20827	0.08729	0.00264	0.00408	0.00511	0.47511	0.05864
22	0.63039	0.01197	0.00890	0.00786	0.01083	0.14209	0.00631	0.07332	0.03918	0.02073	0.00772	0.00867	0.00599	0.00476	0.00343	0.00146	0.00469	0.00294	0.00313	0.00562
23	0.02051	0.00869	0.01124	0.00868	0.01228	0.00796	0.00715	0.11932	0.01477	0.65481	0.01796	0.01598	0.01155	0.00595	0.00478	0.00147	0.00416	0.00479	0.05996	0.00801
24	0.00705	0.00582	0.00858	0.00803	0.00947	0.00541	0.09140	0.00912	0.02943	0.01487	0.19999	0.27934	0.20475	0.01172	0.00595	0.00178	0.00342	0.09487	0.00446	0.00455
25	0.01331	0.52822	0.10848	0.01097	0.06671	0.05748	0.00998	0.06363	0.01100	0.03898	0.00784	0.00904	0.00663	0.00463	0.00425	0.00122	0.04555	0.00311	0.00242	0.00654
26	0.01913	0.01154	0.01317	0.01020	0.01395	0.01212	0.00839	0.47214	0.07147	0.29428	0.01474	0.01373	0.00997	0.00593	0.00486	0.00148	0.00482	0.00461	0.00525	0.00820
27	0.00597	0.00428	0.00576	0.00681	0.00713	0.00407	0.00459	0.00686	0.00919	0.01230	0.02587	0.77722	0.03083	0.01647	0.05530	0.00232	0.00343	0.01325	0.00438	0.00396
28	0.00854	0.00754	0.01097	0.00986	0.01039	0.00954	0.03603	0.00983	0.00773	0.01137	0.01102	0.04647	0.01109	0.12695	0.33157	0.00468	0.33391	0.00539	0.00251	0.00460

[dist]
# distance from previous block
# <min> <max>
0	34

[block]
# block no. 8 follows, 52 sequences, length 55
# corresponding to MSA columns:
# 609-628,653-655,658-689
name=unknown_I
#
# <colnr> <probs for GDERKNQSTAVLIFYWHMCP>
#	G	D	E	R	K	N	Q	S	T	A	V	L	I	F	Y	W	H	M	C	P
0	0.01129	0.01057	0.01755	0.31387	0.48232	0.01142	0.01407	0.05326	0.01115	0.01534	0.00906	0.01231	0.00727	0.00459	0.00482	0.00150	0.00599	0.00432	0.00244	0.00688
1	0.19873	0.03282	0.06037	0.04903	0.01348	0.16716	0.00832	0.08750	0.12514	0.04951	0.03346	0.01505	0.06972	0.00617	0.00507	0.00152	0.05347	0.01388	0.00349	0.00611
2	0.00713	0.00523	0.00674	0.00654	0.00693	0.00552	0.01980	0.00778	0.00783	0.01065	0.03746	0.09034	0.05369	0.50122	0.16827	0.00465	0.04634	0.00725	0.00308	0.00356
3	0.00958	0.00955	0.01779	0.55657	0.02968	0.01077	0.21912	0.01289	0.01013	0.01322	0.00999	0.06055	0.00820	0.00525	0.00516	0.00164	0.00671	0.00524	0.00237	0.00561
4	0.00695	0.00510	0.00730	0.00730	0.00800	0.00579	0.00545	0.00834	0.00764	0.01089	0.01343	0.02151	0.01319	0.19117	0.65713	0.00719	0.01136	0.00555	0.00266	0.00406
5	0.01940	0.00854	0.01095	0.00855	0.01184	0.00792	0.00688	0.12829	0.01425	0.59289	0.01757	0.01776	0.01219	0.11121	0.00740	0.00190	0.00437	0.00508	0.00545	0.00757
6	0.01878	0.00876	0.01101	0.00869	0.01204	0.00832	0.00709	0.15135	0.05046	0.52752	0.06081	0.03931	0.01392	0.00644	0.00487	0.00149	0.00408	0.00526	0.05210	0.00769
7	0.00603	0.00431	0.00573	0.00666	0.00706	0.00402	0.00451	0.00705	0.00985	0.01327	0.12511	0.72555	0.03380	0.01451	0.00613	0.00191	0.00274	0.01314	0.00461	0.00402
8	0.01810	0.02310	0.01373	0.01248	0.01498	0.81024	0.00936	0.01935	0.01373	0.01186	0.00749	0.00874	0.00624	0.00499	0.00437	0.00125	0.00874	0.00312	0.00250	0.00562
9	0.00650	0.00502	0.00726	0.15541	0.01186	0.00519	0.00614	0.00778	0.00935	0.01237	0.02339	0.67745	0.02736	0.01329	0.00594	0.00190	0.00348	0.01204	0.00407	0.00420
10	0.02126	0.00840	0.01127	0.00868	0.01238	0.00741	0.00716	0.04448	0.03019	0.75503	0.02908	0.01665	0.01239	0.00606	0.00488	0.00150	0.00413	0.00492	0.00594	0.00819
11	0.01071	0.00590	0.00717	0.00630	0.00843	0.00510	0.00492	0.01240	0.01256	0.24639	0.23153	0.03513	0.37482	0.00983	0.00547	0.00157	0.00290	0.00828	0.00515	0.00543
12	0.00617	0.00440	0.00589	0.00698	0.00736	0.00416	0.00487	0.00717	0.00945	0.01255	0.02626	0.70826	0.03113	0.03749	0.00676	0.00208	0.00307	0.10753	0.00445	0.00397
13	0.01052	0.01051	0.01545	0.01347	0.03820	0.01416	0.05527	0.01184	0.00779	0.01200	0.00697	0.01120	0.00674	0.00944	0.05338	0.00234	0.70877	0.00438	0.00217	0.00540
14	0.01682	0.00820	0.01068	0.00886	0.01170	0.00815	0.00716	0.02067	0.14914	0.48147	0.01791	0.01841	0.01287	0.03614	0.10076	0.00242	0.04802	0.02831	0.00506	0.00725
15	0.01150	0.01207	0.03953	0.01639	0.05031	0.02852	0.36905	0.03723	0.06349	0.02711	0.01054	0.01476	0.00878	0.00607	0.00832	0.00176	0.22807	0.04398	0.01628	0.00626
16	0.00707	0.00472	0.00535	0.00538	0.00540	0.00472	0.00306	0.00712	0.00715	0.00952	0.01553	0.03229	0.01787	0.80930	0.02422	0.00464	0.00469	0.02603	0.00297	0.00297
17	0.50520	0.07041	0.06446	0.00876	0.01198	0.24089	0.00750	0.01580	0.01007	0.01777	0.00709	0.00827	0.00566	0.00462	0.00351	0.00140	0.00551	0.00283	0.00273	0.00555
18	0.01037	0.01032	0.01504	0.02844	0.01348	0.01404	0.04872	0.01166	0.00769	0.01184	0.00703	0.01134	0.00680	0.01008	0.06909	0.00247	0.70973	0.00438	0.00217	0.00530
19	0.01131	0.01075	0.01624	0.17502	0.45574	0.04438	0.01255	0.02731	0.07420	0.01519	0.01106	0.01413	0.02605	0.03379	0.03006	0.00177	0.00591	0.00458	0.00268	0.02727
20	0.03055	0.07643	0.37224	0.07123	0.12466	0.05183	0.02175	0.06720	0.07211	0.03760	0.01055	0.01189	0.02099	0.00497	0.00457	0.00148	0.00625	0.00399	0.00271	0.00700
21	0.00834	0.01586	0.43811	0.01069	0.01502	0.00824	0.02564	0.01220	0.01094	0.01575	0.19680	0.15470	0.03076	0.00795	0.00522	0.00163	0.00518	0.02773	0.00333	0.00589
22	0.02145	0.00872	0.01154	0.00885	0.01261	0.00783	0.00731	0.09124	0.01466	0.73408	0.01845	0.01606	0.01166	0.00598	0.00487	0.00150	0.00423	0.00483	0.00590	0.00825
23	0.00764	0.00656	0.01967	0.05519	0.02905	0.00648	0.08841	0.01001	0.05553	0.01364	0.04278	0.45879	0.02490	0.03234	0.00672	0.00197	0.02663	0.10494	0.00401	0.00473
24	0.01540	0.01299	0.16694	0.01071	0.03254	0.05711	0.03086	0.13907	0.04757	0.27608	0.01424	0.03042	0.01041	0.03390	0.04760	0.00191	0.00567	0.00471	0.05475	0.00711
25	0.09843	0.00914	0.01069	0.00845	0.01184	0.03278	0.00691	0.12333	0.01416	0.52191	0.01627	0.01496	0.01073	0.00577	0.00453	0.00145	0.00420	0.00451	0.09243	0.00750
26	0.00695	0.00456	0.00605	0.00674	0.00736	0.00420	0.00465	0.00804	0.01013	0.05949	0.12276	0.66606	0.04681	0.01393	0.00604	0.00188	0.00282	0.01256	0.00469	0.00427
27	0.01125	0.01106	0.03668	0.26920	0.49705	0.01141	0.04036	0.03760	0.01098	0.01521	0.00905	0.01226	0.00727	0.00452	0.00484	0.00150	0.00607	0.00435	0.00239	0.00694
28	0.00972	0.02507	0.80458	0.01381	0.02097	0.01125	0.01790	0.01535	0.01023	0.01535	0.00870	0.01023	0.00614	0.00460	0.00460	0.00153	0.00716	0.00358	0.00205	0.00716
29	0.01792	0.00820	0.01010	0.00803	0.01114	0.00780	0.00654	0.13842	0.02949	0.47520	0.01716	0.01616	0.01157	0.00589	0.00451	0.00140	0.00385	0.00472	0.21459	0.00732
30	0.00594	0.00485	0.00525	0.00529	0.00671	0.00416	0.00391	0.00732	0.01135	0.01414	0.17865	0.11754	0.59376	0.01213	0.00577	0.00165	0.00246	0.01030	0.00465	0.00416
31	0.05349	0.00825	0.01161	0.03905	0.17545	0.00855	0.02631	0.08217	0.05172	0.03799	0.01871	0.03307	0.03130	0.00907	0.00560	0.00183	0.00477	0.36236	0.03285	0.00584
32	0.00843	0.00586	0.00766	0.08024	0.01074	0.00587	0.00627	0.05376	0.02318	0.06230	0.04318	0.35334	0.12502	0.01188	0.00582	0.00184	0.00362	0.15399	0.03222	0.00478
33	0.02143	0.00875	0.01155	0.00886	0.01262	0.00786	0.00732	0.09477	0.01471	0.73049	0.01842	0.01604	0.01164	0.00598	0.00487	0.00150	0.00424	0.00483	0.00589	0.00825
34	0.01134	0.01278	0.02696	0.01951	0.02383	0.01256	0.69032	0.01506	0.01096	0.01506	0.00940	0.01278	0.00724	0.00461	0.00693	0.00169	0.10463	0.00554	0.00241	0.00639
