[name]
unknown

[dist]
# distance from previous block
# <min> <max>
0	29

[block]
# block no. 0 follows, 52 sequences, length 12
# corresponding to MSA columns:
# 37-47,50
name=unknown_A
#
# <colnr> <probs for GDERKNQSTAVLIFYWHMCP>
#	G	D	E	R	K	N	Q	S	T	A	V	L	I	F	Y	W	H	M	C	P
0	0.03744	0.06810	0.04886	0.01033	0.04336	0.08507	0.04062	0.10021	0.04079	0.03501	0.01179	0.08206	0.01083	0.07027	0.08288	0.00224	0.06710	0.00497	0.01666	0.14139
1	0.01168	0.09859	0.04493	0.10811	0.04792	0.07002	0.04102	0.12066	0.03889	0.04751	0.03974	0.10236	0.01293	0.01056	0.09701	0.01757	0.04333	0.03796	0.00332	0.00589
2	0.00801	0.00540	0.00791	0.12336	0.01110	0.00585	0.00615	0.02516	0.00843	0.01130	0.04789	0.06556	0.05585	0.04077	0.18360	0.34594	0.00620	0.03512	0.00280	0.00362
3	0.00599	0.00444	0.00569	0.00647	0.00706	0.00413	0.00446	0.00704	0.00974	0.01284	0.07506	0.59922	0.15981	0.01570	0.05595	0.00225	0.00335	0.01235	0.00443	0.00402
4	0.00991	0.01123	0.10770	0.45060	0.02502	0.04147	0.04738	0.04851	0.05131	0.01409	0.01219	0.06510	0.04184	0.00656	0.01964	0.00174	0.03215	0.00516	0.00269	0.00574
5	0.01198	0.09892	0.06058	0.22804	0.07517	0.11645	0.17133	0.05657	0.01131	0.01428	0.00921	0.01305	0.00759	0.00526	0.00570	0.00155	0.07028	0.03412	0.00250	0.00611
6	0.00922	0.00861	0.01477	0.74659	0.03180	0.01053	0.04632	0.01224	0.00961	0.01234	0.00866	0.01301	0.00659	0.00536	0.00552	0.04060	0.00643	0.00436	0.00216	0.00528
7	0.01045	0.02292	0.68087	0.01313	0.01954	0.03938	0.01623	0.01595	0.04441	0.04647	0.01021	0.04100	0.00771	0.00515	0.00468	0.00154	0.00679	0.00408	0.00243	0.00705
8	0.02676	0.00643	0.00781	0.08658	0.01086	0.03796	0.00627	0.04474	0.02839	0.01404	0.05751	0.32242	0.09285	0.01440	0.09458	0.03188	0.00483	0.08487	0.02229	0.00454
9	0.86392	0.00937	0.00712	0.00637	0.00937	0.01087	0.00525	0.01425	0.00825	0.02174	0.00675	0.00787	0.00525	0.00450	0.00300	0.00150	0.00375	0.00262	0.00300	0.00525
10	0.00742	0.00564	0.00792	0.00781	0.00862	0.00570	0.04963	0.02696	0.00952	0.01274	0.05072	0.29180	0.05872	0.20402	0.05681	0.02401	0.03649	0.12758	0.00379	0.00410
11	0.01149	0.01130	0.01680	0.20127	0.27767	0.07132	0.10029	0.04499	0.03036	0.01516	0.00988	0.04431	0.00832	0.00503	0.00509	0.00144	0.02743	0.00461	0.00265	0.11058

[dist]
# distance from previous block
# <min> <max>
0	2

[block]
# block no. 1 follows, 52 sequences, length 25
# corresponding to MSA columns:
# 53-77
name=unknown_B
#
# <colnr> <probs for GDERKNQSTAVLIFYWHMCP>
#	G	D	E	R	K	N	Q	S	T	A	V	L	I	F	Y	W	H	M	C	P
0	0.01220	0.01033	0.01469	0.08877	0.15230	0.02862	0.09001	0.12429	0.03402	0.05407	0.01101	0.01402	0.00891	0.00650	0.04093	0.00164	0.03502	0.03215	0.03201	0.20850
1	0.00708	0.00590	0.00844	0.10301	0.01157	0.00585	0.05736	0.00914	0.03962	0.01363	0.09912	0.27208	0.24824	0.01257	0.04413	0.02310	0.00404	0.02658	0.00403	0.00451
2	0.79730	0.00948	0.00757	0.00664	0.00970	0.01086	0.00547	0.04241	0.00901	0.05553	0.00745	0.00838	0.00565	0.00461	0.00315	0.00150	0.00382	0.00278	0.00319	0.00548
3	0.01193	0.27774	0.04049	0.00958	0.01206	0.01334	0.02693	0.07753	0.03664	0.05872	0.01008	0.01311	0.00880	0.05926	0.11378	0.00249	0.17672	0.00411	0.04083	0.00587
4	0.09361	0.15261	0.14812	0.02891	0.01554	0.06530	0.10015	0.09768	0.13250	0.04397	0.01822	0.01299	0.00904	0.05443	0.00562	0.00164	0.00571	0.00424	0.00318	0.00656
5	0.01417	0.66426	0.02293	0.00895	0.01287	0.11564	0.00842	0.05180	0.01108	0.04139	0.00752	0.00839	0.00653	0.00440	0.00341	0.00110	0.00559	0.00282	0.00240	0.00632
6	0.01178	0.12273	0.03863	0.17534	0.05414	0.08851	0.04084	0.04184	0.04027	0.07913	0.04078	0.04588	0.01242	0.10369	0.00737	0.00190	0.02328	0.05554	0.01023	0.00572
7	0.00636	0.00472	0.00544	0.00571	0.00648	0.00435	0.00389	0.00725	0.00966	0.01240	0.09623	0.21871	0.28885	0.26221	0.01165	0.00266	0.00329	0.04229	0.00409	0.00376
8	0.01245	0.00854	0.01095	0.00972	0.01145	0.00963	0.00800	0.17951	0.01259	0.12582	0.01561	0.04634	0.01458	0.04512	0.09195	0.02886	0.16921	0.18988	0.00396	0.00581
9	0.01138	0.01001	0.01493	0.22573	0.32591	0.03945	0.01158	0.03841	0.01081	0.04988	0.01049	0.04368	0.00892	0.03506	0.00592	0.00158	0.04237	0.00466	0.04309	0.06611
10	0.06081	0.02548	0.05220	0.14192	0.21141	0.01173	0.04391	0.12784	0.19102	0.01841	0.01244	0.04339	0.01004	0.02210	0.00519	0.00161	0.00528	0.00489	0.00340	0.00693
11	0.00611	0.00452	0.00573	0.00642	0.00712	0.00414	0.00452	0.00732	0.01038	0.01371	0.15153	0.52654	0.17088	0.01375	0.00605	0.00185	0.00274	0.04797	0.00463	0.00409
12	0.00690	0.00514	0.00762	0.00765	0.00847	0.00594	0.00588	0.00853	0.00780	0.01120	0.01346	0.04207	0.01290	0.06926	0.75488	0.00750	0.01235	0.00551	0.00266	0.00426
13	0.06591	0.01219	0.01327	0.04518	0.03589	0.06419	0.04169	0.36637	0.16785	0.02338	0.01256	0.01310	0.00937	0.00574	0.00498	0.00149	0.03037	0.00446	0.07484	0.00717
14	0.08772	0.01441	0.01376	0.01172	0.04926	0.14922	0.00906	0.48232	0.06142	0.04040	0.01090	0.01128	0.00803	0.00560	0.00485	0.00145	0.02296	0.00408	0.00416	0.00743
15	0.00663	0.00495	0.00603	0.00649	0.00746	0.00461	0.00492	0.00800	0.01046	0.01346	0.11124	0.17701	0.26630	0.13423	0.00888	0.00230	0.00337	0.21527	0.00434	0.00404
16	0.01237	0.17000	0.06179	0.07929	0.08224	0.10857	0.16230	0.03061	0.03963	0.05406	0.01083	0.04528	0.00931	0.01341	0.04340	0.00181	0.03723	0.02888	0.00280	0.00622
17	0.01034	0.07626	0.01169	0.02768	0.01212	0.03694	0.03549	0.04640	0.01105	0.01569	0.06491	0.01751	0.03724	0.03327	0.00493	0.00120	0.00421	0.06834	0.00320	0.48155
18	0.00768	0.00554	0.00689	0.04064	0.00845	0.00582	0.00506	0.03275	0.01873	0.01459	0.15066	0.08353	0.14093	0.13238	0.14784	0.00308	0.03927	0.00722	0.14454	0.00438
19	0.04079	0.06549	0.07233	0.04126	0.06892	0.11282	0.03407	0.11277	0.12338	0.15297	0.04149	0.01489	0.01742	0.00785	0.06111	0.00191	0.00598	0.01390	0.00382	0.00684
20	0.02772	0.03691	0.01277	0.01077	0.04963	0.03813	0.04103	0.31320	0.03401	0.02091	0.06737	0.11477	0.03518	0.00801	0.02413	0.00167	0.07166	0.00590	0.04850	0.03772
21	0.03847	0.05925	0.04465	0.03755	0.03842	0.03707	0.00640	0.04154	0.00817	0.01108	0.00879	0.01370	0.00820	0.01492	0.08142	0.53491	0.00548	0.00408	0.00231	0.00360
22	0.05212	0.24589	0.09021	0.01015	0.01353	0.20367	0.00914	0.07546	0.01211	0.07226	0.06409	0.01150	0.00958	0.00542	0.00509	0.00133	0.07468	0.00370	0.00298	0.03709
23	0.01233	0.13628	0.07288	0.01175	0.07206	0.06007	0.03811	0.04204	0.03977	0.09007	0.01154	0.01359	0.03501	0.02010	0.05671	0.00195	0.19005	0.00432	0.05395	0.03744
24	0.08023	0.10744	0.03658	0.01974	0.09224	0.13899	0.06012	0.04600	0.01148	0.07114	0.07582	0.11285	0.04218	0.00702	0.00569	0.00153	0.07612	0.00562	0.00332	0.00589

[dist]
# distance from previous block
# <min> <max>
1	10

[block]
# block no. 2 follows, 52 sequences, length 53
# corresponding to MSA columns:
# 88-111,115-130,135-138,141-149
name=unknown_C
#
# <colnr> <probs for GDERKNQSTAVLIFYWHMCP>
#	G	D	E	R	K	N	Q	S	T	A	V	L	I	F	Y	W	H	M	C	P
0	0.04015	0.00996	0.03644	0.04219	0.03965	0.03360	0.06293	0.09242	0.07518	0.23555	0.04057	0.06493	0.01225	0.00709	0.02883	0.00165	0.03771	0.00517	0.03597	0.09776
1	0.02591	0.10690	0.10338	0.07799	0.03906	0.10800	0.02569	0.02729	0.01979	0.08686	0.02731	0.04828	0.03431	0.00644	0.00582	0.00148	0.09266	0.05727	0.00310	0.10246
2	0.03628	0.00902	0.01227	0.01033	0.01214	0.01032	0.07652	0.04228	0.16091	0.01588	0.11353	0.04145	0.01476	0.02558	0.06201	0.03661	0.22747	0.00543	0.00343	0.08377
3	0.83936	0.00934	0.00724	0.00644	0.00946	0.01076	0.00530	0.01452	0.00841	0.04453	0.00711	0.00812	0.00544	0.00454	0.00305	0.00150	0.00376	0.00269	0.00309	0.00534
4	0.67306	0.00912	0.00806	0.00688	0.01005	0.01002	0.00567	0.01637	0.00952	0.19876	0.00955	0.00983	0.00678	0.00484	0.00342	0.00150	0.00383	0.00313	0.00368	0.00593
5	0.00637	0.00493	0.00581	0.00559	0.00694	0.00437	0.00419	0.00821	0.01257	0.01672	0.47661	0.04067	0.36771	0.01092	0.00572	0.00157	0.00236	0.00939	0.00498	0.00437
6	0.00711	0.00472	0.00542	0.00542	0.00551	0.00478	0.00315	0.00731	0.00721	0.00983	0.01514	0.03040	0.01708	0.74880	0.07397	0.00476	0.00514	0.00684	0.03433	0.00308
7	0.01810	0.02310	0.01373	0.01248	0.01498	0.81024	0.00936	0.01935	0.01373	0.01186	0.00749	0.00874	0.00624	0.00499	0.00437	0.00125	0.00874	0.00312	0.00250	0.00562
8	0.00597	0.00426	0.00570	0.00682	0.00713	0.00399	0.00461	0.00686	0.00934	0.01244	0.02667	0.79966	0.03191	0.01512	0.00620	0.00198	0.00287	0.03999	0.00450	0.00395
9	0.00983	0.05282	0.77780	0.01362	0.02068	0.01153	0.01757	0.01532	0.01022	0.01521	0.00863	0.01015	0.00614	0.00459	0.00455	0.00152	0.00709	0.00355	0.00205	0.00713
10	0.00701	0.00483	0.00595	0.00595	0.00618	0.00506	0.00377	0.00748	0.00724	0.00989	0.01466	0.02833	0.01615	0.61810	0.23425	0.00552	0.00691	0.00655	0.00285	0.00331
11	0.01839	0.01444	0.01447	0.01127	0.01502	0.08738	0.00922	0.71380	0.02196	0.02884	0.01126	0.01137	0.00806	0.00574	0.00480	0.00144	0.00564	0.00425	0.00463	0.00800
12	0.01000	0.00785	0.00952	0.00730	0.01082	0.00613	0.01574	0.01188	0.01006	0.05959	0.01219	0.13375	0.01157	0.03628	0.00487	0.00111	0.00360	0.00481	0.00329	0.63965
13	0.01266	0.67016	0.12418	0.01003	0.04698	0.04191	0.00983	0.01478	0.01006	0.01211	0.00711	0.00830	0.00627	0.00424	0.00341	0.00112	0.00557	0.00281	0.00210	0.00638
14	0.84784	0.00945	0.00726	0.00646	0.00948	0.01095	0.00532	0.02887	0.00852	0.02191	0.00684	0.00794	0.00531	0.00452	0.00303	0.00150	0.00378	0.00266	0.00303	0.00531
15	0.04557	0.01440	0.01494	0.09485	0.10768	0.17208	0.03275	0.37548	0.05791	0.02200	0.01042	0.01148	0.00781	0.00533	0.00471	0.00144	0.00612	0.00414	0.00369	0.00718
16	0.00616	0.00450	0.00581	0.00653	0.00717	0.00416	0.00459	0.00738	0.01039	0.01385	0.16898	0.55118	0.12358	0.01379	0.00607	0.00186	0.00276	0.05249	0.00465	0.00410
17	0.00596	0.00426	0.00568	0.00671	0.00704	0.00398	0.00450	0.00690	0.00956	0.01282	0.07553	0.77643	0.03292	0.01485	0.00616	0.00194	0.00278	0.01346	0.00455	0.00398
18	0.00803	0.00509	0.00669	0.00648	0.00767	0.00465	0.00478	0.00989	0.01256	0.09303	0.51136	0.23256	0.05674	0.01091	0.00575	0.00164	0.00260	0.00968	0.00517	0.00476
19	0.06521	0.00850	0.01116	0.00860	0.01231	0.00761	0.00710	0.05146	0.01391	0.73359	0.01820	0.01587	0.01151	0.00591	0.00478	0.00150	0.00415	0.00474	0.00580	0.00809
20	0.02140	0.00817	0.01114	0.00856	0.01225	0.00706	0.00706	0.02328	0.01387	0.78464	0.03716	0.01695	0.01278	0.00609	0.00489	0.00150	0.00408	0.00496	0.00598	0.00816
21	0.00931	0.00505	0.00510	0.00500	0.00628	0.00520	0.00378	0.01261	0.08118	0.01827	0.01616	0.01807	0.01264	0.00573	0.00353	0.00118	0.00240	0.00460	0.77911	0.00480
22	0.00986	0.02416	0.74940	0.01463	0.05015	0.01130	0.04331	0.01534	0.01030	0.01537	0.00875	0.01039	0.00624	0.00458	0.00465	0.00153	0.00714	0.00368	0.00207	0.00716
23	0.06457	0.03639	0.06458	0.16782	0.48768	0.01146	0.01354	0.01407	0.01030	0.01512	0.00884	0.01189	0.00729	0.00574	0.03462	0.00172	0.03104	0.00414	0.00236	0.00684
24	0.01150	0.01094	0.01860	0.21481	0.56890	0.01147	0.03998	0.03783	0.01109	0.01546	0.00910	0.01224	0.00740	0.00448	0.00484	0.00149	0.00599	0.00436	0.00242	0.00711
25	0.01651	0.01181	0.01397	0.01127	0.03811	0.01271	0.05971	0.51677	0.06217	0.08416	0.01295	0.01324	0.00932	0.00569	0.00473	0.00144	0.00499	0.00457	0.10827	0.00763
26	0.00613	0.00489	0.00543	0.00535	0.00673	0.00425	0.00396	0.00763	0.01168	0.01490	0.27772	0.06872	0.51403	0.03931	0.00638	0.00172	0.00249	0.00979	0.00470	0.00420
27	0.00714	0.00540	0.00835	0.00821	0.00922	0.00504	0.08432	0.00860	0.01032	0.03632	0.12896	0.57778	0.03061	0.01299	0.00606	0.00187	0.00340	0.04652	0.00444	0.00444
28	0.00662	0.00494	0.00624	0.00690	0.00790	0.00461	0.00537	0.00814	0.01073	0.01385	0.10204	0.26821	0.23312	0.03370	0.00666	0.00200	0.00328	0.26699	0.00452	0.00419
29	0.00704	0.00474	0.00550	0.00550	0.00558	0.00482	0.00321	0.00719	0.00711	0.00956	0.01507	0.03062	0.01714	0.76131	0.09240	0.00496	0.00541	0.00689	0.00291	0.00306
30	0.01331	0.79946	0.02482	0.00831	0.01244	0.01869	0.00824	0.01488	0.01001	0.04323	0.00724	0.00812	0.00645	0.00422	0.00318	0.00106	0.00514	0.00268	0.00223	0.00630
31	0.01416	0.00837	0.01031	0.00780	0.01161	0.00694	0.00629	0.01697	0.06257	0.29763	0.06305	0.01453	0.01184	0.00505	0.00427	0.00111	0.00371	0.00413	0.00428	0.44540
32	0.03458	0.00632	0.00698	0.00700	0.00829	0.03776	0.00507	0.05090	0.03687	0.07041	0.09599	0.40750	0.16545	0.03590	0.00623	0.00183	0.00328	0.01032	0.00454	0.00476
33	0.02669	0.01197	0.01116	0.07320	0.01385	0.15538	0.00791	0.11897	0.32838	0.04794	0.01477	0.01493	0.01113	0.00586	0.00454	0.00146	0.00489	0.00460	0.13567	0.00669
34	0.01054	0.01128	0.04785	0.34574	0.02552	0.03043	0.26800	0.03626	0.02560	0.01401	0.00932	0.01334	0.00739	0.03821	0.00710	0.00178	0.09448	0.00485	0.00242	0.00586
35	0.01131	0.01156	0.05082	0.21525	0.38699	0.01151	0.14005	0.04680	0.03403	0.01560	0.00958	0.01261	0.00758	0.00511	0.01917	0.00164	0.00643	0.00457	0.00251	0.00688
36	0.00831	0.00949	0.11560	0.06062	0.04626	0.00793	0.11294	0.01098	0.03687	0.01352	0.01828	0.31429	0.04080	0.05323	0.03079	0.00214	0.05682	0.05258	0.00340	0.00516
37	0.00707	0.00586	0.00632	0.00620	0.00785	0.00560	0.00469	0.01064	0.14914	0.01515	0.13531	0.09678	0.48422	0.01121	0.00565	0.00167	0.00277	0.03440	0.00468	0.00479
38	0.01096	0.01053	0.01519	0.05590	0.18819	0.04847	0.07290	0.05050	0.03291	0.01428	0.03121	0.01609	0.02634	0.06162	0.05186	0.00226	0.27220	0.02998	0.00273	0.00588
39	0.01536	0.01056	0.01352	0.06417	0.13501	0.03806	0.03182	0.13809	0.17554	0.23514	0.01604	0.01588	0.04210	0.00598	0.00516	0.00153	0.02526	0.00496	0.01841	0.00741
40	0.02412	0.00504	0.00565	0.00557	0.00702	0.00447	0.00423	0.00802	0.01191	0.01557	0.31213	0.05444	0.46797	0.01137	0.00572	0.00163	0.00252	0.04357	0.00476	0.00430
41	0.01224	0.23004	0.14456	0.04428	0.08945	0.11006	0.01031	0.04327	0.03930	0.03104	0.03039	0.01411	0.02059	0.00534	0.00429	0.00131	0.00563	0.05199	0.00281	0.10901
42	0.05972	0.18501	0.07214	0.01336	0.09647	0.39557	0.04107	0.04253	0.01234	0.01385	0.02170	0.00970	0.00713	0.00478	0.00420	0.00129	0.00708	0.00339	0.00252	0.00615
43	0.02166	0.00838	0.01133	0.00869	0.01244	0.00732	0.00718	0.04286	0.01410	0.78326	0.01893	0.01637	0.01190	0.00599	0.00487	0.00150	0.00415	0.00486	0.00597	0.00825
44	0.01060	0.01060	0.01484	0.01272	0.01272	0.01484	0.01060	0.01166	0.00742	0.01166	0.00636	0.01060	0.00636	0.00848	0.01590	0.00212	0.82082	0.00424	0.00212	0.00530
45	0.01394	0.13757	0.01521	0.07410	0.03294	0.17246	0.05265	0.15202	0.14712	0.03710	0.01210	0.04627	0.00991	0.01706	0.02566	0.00162	0.00593	0.00457	0.03526	0.00649
46	0.04513	0.56295	0.02159	0.05178	0.04023	0.13248	0.00888	0.06382	0.01120	0.01326	0.00733	0.00857	0.00638	0.00443	0.00354	0.00115	0.00574	0.00293	0.00236	0.00623
47	0.01160	0.00794	0.00721	0.00648	0.00824	0.08429	0.00501	0.15094	0.01278	0.01971	0.01425	0.01601	0.01107	0.00561	0.00375	0.00120	0.00344	0.00435	0.62083	0.00529
48	0.00686	0.00495	0.00648	0.00610	0.00724	0.00457	0.00457	0.00914	0.01372	0.01943	0.79691	0.03620	0.04572	0.00991	0.00572	0.00152	0.00229	0.00876	0.00533	0.00457
49	0.01810	0.02310	0.01373	0.01248	0.01498	0.81024	0.00936	0.01935	0.01373	0.01186	0.00749	0.00874	0.00624	0.00499	0.00437	0.00125	0.00874	0.00312	0.00250	0.00562
50	0.05937	0.00480	0.00467	0.00463	0.00587	0.00489	0.00350	0.01147	0.01005	0.01828	0.01527	0.01747	0.01200	0.00558	0.00336	0.00115	0.00235	0.00441	0.80633	0.00456
51	0.00725	0.00511	0.00619	0.00582	0.00727	0.00454	0.00440	0.00915	0.01280	0.05867	0.49736	0.03876	0.30373	0.01052	0.00568	0.00156	0.00244	0.00906	0.00508	0.00460
52	0.01046	0.00995	0.01689	0.45602	0.38520	0.01111	0.01411	0.01353	0.01031	0.01397	0.00884	0.01249	0.00702	0.00460	0.00482	0.00153	0.00614	0.00431	0.00227	0.00644

[dist]
# distance from previous block
# <min> <max>
0	5

[block]
# block no. 3 follows, 52 sequences, length 70
# corresponding to MSA columns:
# 155-224
name=unknown_D
#
# <colnr> <probs for GDERKNQSTAVLIFYWHMCP>
#	G	D	E	R	K	N	Q	S	T	A	V	L	I	F	Y	W	H	M	C	P
0	0.00899	0.00728	0.00938	0.00930	0.01080	0.00797	0.02595	0.01412	0.21961	0.01600	0.07694	0.10085	0.03736	0.01084	0.00679	0.00197	0.06789	0.35813	0.00442	0.00540
1	0.00705	0.00470	0.00529	0.00529	0.00529	0.00470	0.00294	0.00705	0.00705	0.00940	0.01527	0.03171	0.01762	0.82969	0.02467	0.00470	0.00470	0.00705	0.00294	0.00294
2	0.02142	0.00818	0.01114	0.00857	0.01226	0.00707	0.00707	0.02331	0.01387	0.78599	0.03583	0.01692	0.01272	0.00608	0.00489	0.00150	0.00408	0.00496	0.00598	0.00817
3	0.01286	0.01081	0.01141	0.01002	0.01291	0.01243	0.00786	0.12131	0.69385	0.02157	0.01870	0.01727	0.01397	0.00648	0.00492	0.00162	0.00402	0.00534	0.00492	0.00774
4	0.09740	0.00502	0.00479	0.00471	0.00603	0.00517	0.00358	0.01160	0.00996	0.01845	0.01487	0.01701	0.01168	0.00553	0.00335	0.00117	0.00241	0.00432	0.76836	0.00459
5	0.01842	0.01357	0.01454	0.01115	0.01503	0.01503	0.00921	0.78330	0.02278	0.03054	0.01163	0.01163	0.00824	0.00582	0.00485	0.00145	0.00533	0.00436	0.00485	0.00824
6	0.01296	0.83261	0.02539	0.00829	0.01244	0.01917	0.00829	0.01451	0.00985	0.01140	0.00674	0.00777	0.00622	0.00415	0.00311	0.00104	0.00518	0.00259	0.00207	0.00622
7	0.01296	0.83261	0.02539	0.00829	0.01244	0.01917	0.00829	0.01451	0.00985	0.01140	0.00674	0.00777	0.00622	0.00415	0.00311	0.00104	0.00518	0.00259	0.00207	0.00622
8	0.07471	0.01200	0.01197	0.01054	0.04284	0.09017	0.00800	0.27461	0.24788	0.07747	0.01408	0.01478	0.01073	0.05581	0.00585	0.00168	0.00491	0.00465	0.03016	0.00715
9	0.01253	0.01051	0.01114	0.00988	0.01264	0.01205	0.00771	0.11256	0.66853	0.02112	0.01909	0.05185	0.01477	0.00685	0.00497	0.00164	0.00396	0.00570	0.00490	0.00758
10	0.00647	0.00494	0.00594	0.00569	0.00700	0.00441	0.00427	0.00840	0.01281	0.01727	0.54223	0.03975	0.30175	0.01071	0.00572	0.00156	0.00234	0.00926	0.00505	0.00441
11	0.01909	0.00889	0.01301	0.01332	0.19005	0.00804	0.00880	0.02120	0.01322	0.60130	0.04039	0.01607	0.01204	0.00574	0.00488	0.00149	0.00444	0.00487	0.00516	0.00801
12	0.00618	0.00452	0.00584	0.00679	0.00724	0.00429	0.00460	0.00760	0.04148	0.01292	0.04856	0.74102	0.06173	0.01457	0.00610	0.00193	0.00282	0.01316	0.00454	0.00411
13	0.00842	0.00421	0.00631	0.00631	0.00631	0.00421	0.00421	0.00631	0.00631	0.00842	0.00842	0.01473	0.00842	0.01684	0.01894	0.85901	0.00421	0.00421	0.00210	0.00210
14	0.01296	0.83261	0.02539	0.00829	0.01244	0.01917	0.00829	0.01451	0.00985	0.01140	0.00674	0.00777	0.00622	0.00415	0.00311	0.00104	0.00518	0.00259	0.00207	0.00622
15	0.01337	0.00673	0.00874	0.00787	0.02511	0.00614	0.00596	0.01589	0.06632	0.35256	0.16168	0.17286	0.11786	0.00916	0.00537	0.00162	0.00336	0.00789	0.00528	0.00624
16	0.00915	0.00861	0.01453	0.81804	0.03338	0.01077	0.01346	0.01238	0.00969	0.01238	0.00861	0.01292	0.00646	0.00484	0.00484	0.00161	0.00646	0.00431	0.00215	0.00538
17	0.01624	0.01963	0.01272	0.01158	0.01376	0.63434	0.00872	0.04739	0.01305	0.01245	0.00896	0.01235	0.00804	0.06609	0.04800	0.00189	0.03202	0.02467	0.00267	0.00542
18	0.00630	0.00457	0.00601	0.00705	0.00749	0.00439	0.00489	0.00776	0.04007	0.01285	0.02635	0.73180	0.03103	0.01470	0.00618	0.00198	0.00299	0.07495	0.00451	0.00413
19	0.03659	0.01226	0.01841	0.05966	0.64855	0.06779	0.01385	0.05594	0.01171	0.01636	0.00905	0.01167	0.00749	0.00447	0.00472	0.00144	0.00592	0.00419	0.00254	0.00740
20	0.01284	0.03687	0.03563	0.03691	0.08857	0.06425	0.18488	0.12998	0.19509	0.03632	0.03574	0.01560	0.01114	0.00642	0.02435	0.00170	0.02266	0.02705	0.02715	0.00686
21	0.01261	0.01114	0.03495	0.27298	0.31160	0.03536	0.02389	0.12850	0.01255	0.06147	0.01011	0.01260	0.00772	0.00488	0.00477	0.00149	0.00585	0.00433	0.03637	0.00685
22	0.00729	0.00595	0.00650	0.00642	0.00802	0.00574	0.00484	0.03274	0.13425	0.01517	0.09838	0.16675	0.43748	0.01151	0.00569	0.00170	0.00288	0.03926	0.00464	0.00480
23	0.00964	0.00900	0.01513	0.65987	0.16410	0.01072	0.01342	0.01278	0.00993	0.01313	0.00890	0.01291	0.00684	0.00478	0.00480	0.00157	0.00622	0.00431	0.02621	0.00575
24	0.01287	0.01058	0.01150	0.01030	0.03301	0.01196	0.00789	0.17738	0.54440	0.02216	0.08840	0.01826	0.01609	0.00667	0.00498	0.00159	0.00405	0.00552	0.00489	0.00750
25	0.00590	0.00422	0.00562	0.00675	0.00703	0.00394	0.00450	0.00675	0.00928	0.01237	0.02671	0.82653	0.03205	0.01518	0.00619	0.00197	0.00281	0.01378	0.00450	0.00394
26	0.00998	0.01062	0.04074	0.07224	0.01770	0.01169	0.26745	0.01257	0.02235	0.01334	0.01155	0.09562	0.03195	0.00878	0.04964	0.00215	0.30750	0.00592	0.00261	0.00559
27	0.86392	0.00937	0.00712	0.00637	0.00937	0.01087	0.00525	0.01425	0.00825	0.02174	0.00675	0.00787	0.00525	0.00450	0.00300	0.00150	0.00375	0.00262	0.00300	0.00525
28	0.01060	0.01060	0.01484	0.01272	0.01272	0.01484	0.01060	0.01166	0.00742	0.01166	0.00636	0.01060	0.00636	0.00848	0.01590	0.00212	0.82082	0.00424	0.00212	0.00530
29	0.01766	0.01265	0.01370	0.01068	0.01431	0.01389	0.00878	0.67828	0.03973	0.06219	0.01286	0.03013	0.00957	0.00618	0.00487	0.00148	0.00508	0.01946	0.03056	0.00795
30	0.06260	0.02105	0.01374	0.02992	0.05615	0.67517	0.00951	0.05131	0.01360	0.01340	0.00774	0.00907	0.00635	0.00496	0.00435	0.00129	0.00812	0.00324	0.00261	0.00581
31	0.00842	0.00421	0.00631	0.00631	0.00631	0.00421	0.00421	0.00631	0.00631	0.00842	0.00842	0.01473	0.00842	0.01684	0.01894	0.85901	0.00421	0.00421	0.00210	0.00210
32	0.00686	0.00495	0.00648	0.00610	0.00724	0.00457	0.00457	0.00914	0.01372	0.01943	0.79691	0.03620	0.04572	0.00991	0.00572	0.00152	0.00229	0.00876	0.00533	0.00457
33	0.01199	0.01151	0.01967	0.02974	0.79946	0.01151	0.01487	0.01487	0.01103	0.01583	0.00912	0.01199	0.00768	0.00432	0.00480	0.00144	0.00576	0.00432	0.00240	0.00768
34	0.01814	0.02201	0.01383	0.01233	0.01499	0.71971	0.00935	0.10632	0.01476	0.01399	0.00796	0.00907	0.00647	0.00509	0.00442	0.00127	0.00835	0.00326	0.00276	0.00592
35	0.00575	0.00491	0.00494	0.00493	0.00656	0.00410	0.00370	0.00700	0.01110	0.01322	0.06451	0.04642	0.78200	0.01222	0.00573	0.00163	0.00245	0.01020	0.00452	0.00410
36	0.00972	0.02507	0.80458	0.01381	0.02097	0.01125	0.01790	0.01535	0.01023	0.01535	0.00870	0.01023	0.00614	0.00460	0.00460	0.00153	0.00716	0.00358	0.00205	0.00716
37	0.00707	0.00500	0.00710	0.00710	0.00769	0.00560	0.00519	0.00809	0.00750	0.01059	0.01313	0.02158	0.01307	0.21601	0.56613	0.07679	0.01037	0.00554	0.00263	0.00383
38	0.01827	0.01307	0.01412	0.01085	0.01467	0.01432	0.00896	0.72277	0.02201	0.07117	0.01300	0.01280	0.02891	0.00599	0.00487	0.00146	0.00519	0.00454	0.00490	0.00813
39	0.01130	0.01334	0.19263	0.01314	0.11134	0.02133	0.08312	0.06989	0.02704	0.05234	0.09280	0.01392	0.01150	0.00504	0.00476	0.00130	0.01705	0.00437	0.00315	0.25063
40	0.05813	0.01223	0.01805	0.10780	0.48081	0.06684	0.06411	0.10340	0.01231	0.01718	0.00916	0.01168	0.00736	0.00459	0.00474	0.00146	0.00604	0.00424	0.00270	0.00715
41	0.01286	0.64790	0.16055	0.00927	0.01392	0.01715	0.00991	0.01514	0.01013	0.05418	0.00774	0.00867	0.00651	0.00432	0.00346	0.00115	0.00547	0.00289	0.00228	0.00649
42	0.19986	0.05827	0.01562	0.01594	0.22558	0.19873	0.05990	0.10636	0.01225	0.01749	0.00832	0.01008	0.00672	0.00485	0.00475	0.00143	0.04088	0.00367	0.00282	0.00648
43	0.00617	0.00442	0.00586	0.00657	0.00709	0.00411	0.00452	0.00742	0.01052	0.01434	0.24169	0.60593	0.03587	0.01371	0.00605	0.00184	0.00266	0.01238	0.00473	0.00411
44	0.00625	0.00449	0.00601	0.00709	0.00757	0.00424	0.00509	0.00736	0.00968	0.01279	0.02719	0.66016	0.05444	0.01476	0.00627	0.00201	0.00311	0.15297	0.00449	0.00404
45	0.00651	0.00470	0.00616	0.00630	0.00716	0.00435	0.00453	0.00829	0.01216	0.01691	0.52112	0.30660	0.05355	0.01175	0.00588	0.00168	0.00247	0.01050	0.00503	0.00435
46	0.01324	0.01100	0.01163	0.01010	0.01305	0.01261	0.00796	0.16719	0.64734	0.02219	0.01821	0.01688	0.01357	0.00643	0.00492	0.00161	0.00411	0.00527	0.00492	0.00778
47	0.01842	0.01357	0.01454	0.01115	0.01503	0.01503	0.00921	0.78330	0.02278	0.03054	0.01163	0.01163	0.00824	0.00582	0.00485	0.00145	0.00533	0.00436	0.00485	0.00824
48	0.65776	0.02615	0.00850	0.00697	0.01017	0.01038	0.00578	0.03366	0.00974	0.17886	0.00935	0.00969	0.00669	0.00482	0.00342	0.00149	0.00389	0.00312	0.00363	0.00594
49	0.00687	0.00462	0.00534	0.00552	0.00556	0.00458	0.00318	0.00700	0.00740	0.00987	0.01708	0.15781	0.01991	0.70047	0.02173	0.00427	0.00440	0.00811	0.00318	0.00309
50	0.01296	0.83261	0.02539	0.00829	0.01244	0.01917	0.00829	0.01451	0.00985	0.01140	0.00674	0.00777	0.00622	0.00415	0.00311	0.00104	0.00518	0.00259	0.00207	0.00622
51	0.86392	0.00937	0.00712	0.00637	0.00937	0.01087	0.00525	0.01425	0.00825	0.02174	0.00675	0.00787	0.00525	0.00450	0.00300	0.00150	0.00375	0.00262	0.00300	0.00525
52	0.01693	0.01186	0.01348	0.01051	0.01399	0.01278	0.03165	0.58681	0.02009	0.09722	0.06034	0.05708	0.01216	0.00652	0.00497	0.00149	0.00492	0.00522	0.02430	0.00766
53	0.00579	0.00491	0.00499	0.00497	0.00658	0.00412	0.00373	0.00707	0.01119	0.01343	0.08887	0.04608	0.75751	0.01215	0.00573	0.00163	0.00245	0.01015	0.00454	0.00412
54	0.00695	0.00507	0.00715	0.00715	0.00780	0.00571	0.00527	0.00825	0.00760	0.01078	0.01356	0.02224	0.01351	0.23707	0.61166	0.00701	0.01088	0.00566	0.00268	0.00397
55	0.01495	0.01034	0.01147	0.00976	0.01286	0.01137	0.00775	0.12124	0.52590	0.19035	0.01857	0.01692	0.01336	0.00635	0.00491	0.00159	0.00409	0.00521	0.00515	0.00787
56	0.00842	0.00421	0.00631	0.00631	0.00631	0.00421	0.00421	0.00631	0.00631	0.00842	0.00842	0.01473	0.00842	0.01684	0.01894	0.85901	0.00421	0.00421	0.00210	0.00210
57	0.01353	0.67200	0.06514	0.00919	0.01326	0.13373	0.00896	0.01526	0.01043	0.01168	0.00695	0.00804	0.00622	0.00429	0.00337	0.00109	0.00580	0.00272	0.00213	0.00618
58	0.00578	0.00472	0.00511	0.00542	0.00668	0.00405	0.00391	0.00690	0.01055	0.01289	0.04284	0.26433	0.58384	0.01308	0.00586	0.00173	0.00255	0.01122	0.00450	0.00405
59	0.01722	0.02098	0.01486	0.01481	0.11452	0.66671	0.03246	0.01877	0.01333	0.03141	0.00804	0.00946	0.00659	0.00491	0.00448	0.00129	0.00823	0.00339	0.00257	0.00597
60	0.01797	0.01451	0.01421	0.01123	0.01487	0.11033	0.00913	0.64275	0.07118	0.02764	0.01166	0.01170	0.00842	0.00577	0.00480	0.00144	0.00565	0.00429	0.00457	0.00789
61	0.01004	0.00837	0.01037	0.00899	0.01062	0.05883	0.05112	0.09001	0.01013	0.03239	0.01232	0.03928	0.01180	0.19135	0.27876	0.00426	0.07768	0.00532	0.00300	0.08537
62	0.01242	0.01063	0.01136	0.01007	0.01277	0.01237	0.00789	0.07617	0.70693	0.02061	0.01863	0.01734	0.01401	0.00660	0.00537	0.00165	0.03740	0.00535	0.00481	0.00761
63	0.00985	0.05815	0.77266	0.01359	0.02062	0.01158	0.01751	0.01531	0.01022	0.01519	0.00862	0.01013	0.00614	0.00459	0.00454	0.00151	0.00708	0.00354	0.00205	0.00712
64	0.02848	0.03792	0.03970	0.01281	0.01587	0.38116	0.17540	0.06944	0.02423	0.01451	0.01101	0.01315	0.04003	0.02981	0.05098	0.00184	0.00771	0.00437	0.03575	0.00583
65	0.34943	0.01401	0.01146	0.00957	0.01280	0.18719	0.00769	0.31520	0.01511	0.02301	0.00882	0.00953	0.00663	0.00512	0.00402	0.00143	0.00546	0.00341	0.00361	0.00650
66	0.00710	0.00495	0.00604	0.03054	0.00758	0.00482	0.00450	0.02399	0.01003	0.01381	0.12256	0.26897	0.11319	0.20420	0.01007	0.00242	0.00335	0.05717	0.10070	0.00403
67	0.00729	0.00570	0.00659	0.00682	0.00790	0.02241	0.00497	0.04053	0.05275	0.01509	0.17800	0.36887	0.18068	0.02916	0.00625	0.00183	0.00306	0.05297	0.00462	0.00451
68	0.00856	0.00651	0.00887	0.00829	0.00955	0.00747	0.00650	0.10239	0.00963	0.01367	0.01250	0.01799	0.01146	0.05939	0.62754	0.00646	0.04474	0.00505	0.00287	0.03056
69	0.01335	0.12473	0.05401	0.01426	0.04108	0.21176	0.23593	0.01848	0.18472	0.01501	0.01086	0.01217	0.00851	0.00503	0.00507	0.00146	0.02967	0.00442	0.00293	0.00654

[dist]
# distance from previous block
# <min> <max>
0	1

[block]
# block no. 4 follows, 52 sequences, length 55
# corresponding to MSA columns:
# 226-265,267-270,276-286
name=unknown_E
#
# <colnr> <probs for GDERKNQSTAVLIFYWHMCP>
#	G	D	E	R	K	N	Q	S	T	A	V	L	I	F	Y	W	H	M	C	P
0	0.01085	0.01025	0.01649	0.48614	0.26818	0.02859	0.03477	0.06026	0.01104	0.01463	0.00896	0.01247	0.00696	0.00472	0.00484	0.00154	0.00627	0.00433	0.00241	0.00630
1	0.00679	0.00490	0.00642	0.00614	0.00723	0.00453	0.00457	0.00898	0.01342	0.01895	0.74464	0.08983	0.04480	0.01027	0.00575	0.00155	0.00232	0.00910	0.00528	0.00453
2	0.00709	0.00465	0.00526	0.00534	0.00543	0.00464	0.00307	0.00728	0.00739	0.01013	0.01608	0.08482	0.01828	0.72432	0.02212	0.00430	0.00442	0.00735	0.05494	0.00310
3	0.00996	0.00975	0.01474	0.01304	0.04615	0.01256	0.08035	0.01147	0.00843	0.01262	0.04966	0.07081	0.01076	0.01034	0.06720	0.00239	0.55657	0.00536	0.00253	0.00531
4	0.01205	0.00834	0.00974	0.00909	0.01147	0.00892	0.00738	0.01978	0.39375	0.14666	0.02310	0.02997	0.06565	0.00877	0.00547	0.00179	0.00398	0.22251	0.00495	0.00663
5	0.01683	0.01747	0.01336	0.01131	0.01443	0.40457	0.00881	0.25812	0.09886	0.01895	0.01019	0.01076	0.00786	0.00529	0.00451	0.00131	0.00669	0.00374	0.00352	0.08342
6	0.80176	0.02702	0.00790	0.00666	0.00973	0.01126	0.00552	0.05441	0.00904	0.02198	0.00700	0.00807	0.00543	0.00456	0.00310	0.00149	0.00386	0.00271	0.00308	0.00543
7	0.00590	0.00422	0.00562	0.00675	0.00703	0.00394	0.00450	0.00675	0.00928	0.01237	0.02671	0.82653	0.03205	0.01518	0.00619	0.00197	0.00281	0.01378	0.00450	0.00394
8	0.00776	0.00555	0.00774	0.00878	0.00990	0.00553	0.00764	0.00999	0.01129	0.01476	0.06558	0.05371	0.02881	0.01321	0.00664	0.00219	0.00435	0.72760	0.00451	0.00447
9	0.00915	0.00861	0.01453	0.81804	0.03338	0.01077	0.01346	0.01238	0.00969	0.01238	0.00861	0.01292	0.00646	0.00484	0.00484	0.00161	0.00646	0.00431	0.00215	0.00538
10	0.01008	0.00726	0.00779	0.00742	0.00929	0.00792	0.00584	0.02944	0.33366	0.01843	0.02064	0.02436	0.06303	0.00742	0.00461	0.00152	0.00325	0.10218	0.33002	0.00585
11	0.00994	0.00942	0.01596	0.59910	0.24615	0.01097	0.01385	0.01307	0.01006	0.01334	0.00875	0.01266	0.00680	0.00470	0.00483	0.00157	0.00626	0.00431	0.00222	0.00602
12	0.00587	0.00434	0.00549	0.00641	0.00694	0.00396	0.00435	0.00679	0.00960	0.01250	0.03081	0.68377	0.17217	0.01465	0.00610	0.00191	0.00275	0.01313	0.00450	0.00396
13	0.01555	0.01205	0.01232	0.01028	0.01341	0.06973	0.00818	0.33370	0.30639	0.09084	0.01591	0.06379	0.01231	0.00662	0.00493	0.00155	0.00476	0.00531	0.00479	0.00758
14	0.01015	0.03592	0.01056	0.00721	0.01152	0.00688	0.00583	0.01228	0.01004	0.01565	0.00855	0.00997	0.00715	0.00361	0.00357	0.00073	0.00364	0.00286	0.00284	0.83105
15	0.01313	0.77868	0.02445	0.00837	0.01244	0.01859	0.00824	0.01520	0.04261	0.03053	0.00757	0.00841	0.00671	0.00429	0.00323	0.00107	0.00510	0.00277	0.00229	0.00633
16	0.26274	0.04492	0.06443	0.00837	0.01199	0.00979	0.00738	0.09499	0.03581	0.34600	0.01340	0.01286	0.00914	0.00537	0.00415	0.00146	0.00427	0.00399	0.05194	0.00699
17	0.01518	0.06624	0.01483	0.05326	0.10142	0.04044	0.00958	0.38146	0.22517	0.02339	0.01291	0.01311	0.00964	0.00567	0.00473	0.00148	0.00514	0.00450	0.00420	0.00766
18	0.01173	0.01153	0.02052	0.08199	0.64366	0.01156	0.11763	0.01479	0.01100	0.01556	0.00917	0.01220	0.00755	0.00432	0.00492	0.00148	0.00613	0.00450	0.00239	0.00737
19	0.00713	0.00511	0.00701	0.00810	0.00896	0.00500	0.00661	0.00887	0.01054	0.01376	0.02665	0.30777	0.05051	0.01395	0.00650	0.00213	0.00387	0.49879	0.00448	0.00428
20	0.00631	0.00474	0.00584	0.00598	0.00700	0.00427	0.00433	0.00792	0.01181	0.01586	0.39284	0.25833	0.23312	0.01197	0.00585	0.00168	0.00247	0.01053	0.00489	0.00427
21	0.00618	0.00490	0.00561	0.00594	0.00723	0.00434	0.00453	0.00759	0.01100	0.01375	0.10781	0.17932	0.48291	0.01273	0.00595	0.00177	0.00281	0.12690	0.00457	0.00416
22	0.03959	0.00682	0.00706	0.00624	0.00812	0.00719	0.00489	0.16354	0.04567	0.04673	0.01497	0.01642	0.01145	0.00569	0.00378	0.00124	0.00304	0.00448	0.59756	0.00553
23	0.01241	0.01059	0.01116	0.00993	0.01274	0.01222	0.00776	0.06844	0.74744	0.02085	0.01927	0.01772	0.01442	0.00653	0.00493	0.00163	0.00392	0.00542	0.00493	0.00770
24	0.07040	0.01060	0.01100	0.00973	0.01259	0.01222	0.00764	0.08843	0.67328	0.02123	0.01817	0.01685	0.01360	0.00637	0.00479	0.00162	0.00395	0.00519	0.00479	0.00755
25	0.36904	0.01228	0.01100	0.00914	0.01241	0.07995	0.00741	0.31597	0.10053	0.02418	0.01015	0.01054	0.00755	0.00528	0.00405	0.00148	0.00480	0.00366	0.00389	0.00671
26	0.86392	0.00937	0.00712	0.00637	0.00937	0.01087	0.00525	0.01425	0.00825	0.02174	0.00675	0.00787	0.00525	0.00450	0.00300	0.00150	0.00375	0.00262	0.00300	0.00525
27	0.00680	0.00501	0.00722	0.00737	0.00806	0.00562	0.00550	0.00822	0.00790	0.01119	0.01506	0.12756	0.01538	0.12284	0.61536	0.00667	0.01070	0.00654	0.00289	0.00412
28	0.00619	0.00458	0.00585	0.00675	0.00744	0.00424	0.00489	0.00734	0.00994	0.01287	0.03097	0.54228	0.18311	0.01430	0.00618	0.00195	0.00302	0.13954	0.00449	0.00406
29	0.00633	0.00503	0.00577	0.00607	0.00746	0.00447	0.00479	0.00785	0.01118	0.01389	0.10227	0.09513	0.50698	0.01253	0.00598	0.00179	0.00294	0.19076	0.00456	0.00421
30	0.00581	0.00479	0.00511	0.00529	0.00666	0.00409	0.00387	0.00703	0.01086	0.01327	0.08166	0.18399	0.62547	0.01267	0.00581	0.00169	0.00251	0.01078	0.00454	0.00409
31	0.00596	0.00492	0.00523	0.00515	0.00669	0.00419	0.00386	0.00740	0.01159	0.01439	0.20266	0.04449	0.64311	0.01179	0.00572	0.00161	0.00242	0.00993	0.00467	0.00419
32	0.01106	0.01136	0.01478	0.01271	0.01286	0.06320	0.01053	0.01213	0.00781	0.01167	0.00643	0.01049	0.00635	0.00827	0.01520	0.00207	0.77145	0.00417	0.00214	0.00532
33	0.01491	0.42561	0.01966	0.01039	0.01352	0.33333	0.00893	0.03070	0.01143	0.01197	0.00710	0.00847	0.00628	0.00488	0.00473	0.00122	0.07567	0.00298	0.00230	0.00594
34	0.00590	0.00422	0.00562	0.00675	0.00703	0.00394	0.00450	0.00675	0.00928	0.01237	0.02671	0.82653	0.03205	0.01518	0.00619	0.00197	0.00281	0.01378	0.00450	0.00394
35	0.01478	0.32103	0.03665	0.03575	0.12272	0.35069	0.02629	0.01658	0.01168	0.01240	0.00754	0.00907	0.00646	0.00455	0.00401	0.00122	0.00690	0.00319	0.00231	0.00617
36	0.00590	0.00422	0.00562	0.00675	0.00703	0.00394	0.00450	0.00675	0.00928	0.01237	0.02671	0.82653	0.03205	0.01518	0.00619	0.00197	0.00281	0.01378	0.00450	0.00394
37	0.01450	0.01258	0.09211	0.07918	0.01571	0.04451	0.00962	0.27156	0.19069	0.10725	0.01468	0.05706	0.01153	0.00657	0.00521	0.00158	0.02385	0.03028	0.00429	0.00724
38	0.01313	0.01117	0.01155	0.01011	0.01301	0.03082	0.00794	0.13754	0.65939	0.02160	0.01825	0.01691	0.01363	0.00643	0.00491	0.00161	0.00417	0.00526	0.00486	0.00771
39	0.00605	0.00432	0.00579	0.00691	0.00726	0.00406	0.00475	0.00700	0.00942	0.01253	0.02663	0.76849	0.03174	0.01505	0.00622	0.00199	0.00294	0.07040	0.00450	0.00398
40	0.06802	0.01024	0.02326	0.00974	0.01253	0.04193	0.01788	0.14006	0.05788	0.31863	0.01379	0.01468	0.01008	0.05008	0.04149	0.00200	0.13223	0.00459	0.00435	0.02654
41	0.07023	0.01343	0.05409	0.01767	0.15739	0.08791	0.30137	0.05617	0.09892	0.01661	0.01036	0.01278	0.00817	0.02382	0.00603	0.00164	0.04911	0.00478	0.00286	0.00666
42	0.01296	0.83261	0.02539	0.00829	0.01244	0.01917	0.00829	0.01451	0.00985	0.01140	0.00674	0.00777	0.00622	0.00415	0.00311	0.00104	0.00518	0.00259	0.00207	0.00622
43	0.00607	0.00436	0.00567	0.00664	0.00703	0.00409	0.00451	0.00695	0.00932	0.01231	0.02720	0.68220	0.07734	0.07324	0.00751	0.00216	0.00301	0.05210	0.00438	0.00390
44	0.01383	0.05194	0.02365	0.08631	0.08837	0.05753	0.05581	0.04307	0.01168	0.21700	0.06544	0.01513	0.01151	0.00671	0.02471	0.00166	0.11761	0.00471	0.09691	0.00640
45	0.62219	0.10058	0.01024	0.00735	0.01057	0.01236	0.00620	0.10937	0.05076	0.02161	0.00802	0.00885	0.00622	0.00473	0.00334	0.00145	0.00411	0.00298	0.00322	0.00585
46	0.00705	0.00470	0.00529	0.00529	0.00529	0.00470	0.00294	0.00705	0.00705	0.00940	0.01527	0.03171	0.01762	0.82969	0.02467	0.00470	0.00470	0.00705	0.00294	0.00294
47	0.01074	0.01037	0.01783	0.35065	0.41312	0.01139	0.05382	0.01375	0.01035	0.01423	0.00883	0.01237	0.00711	0.00470	0.00533	0.00155	0.04060	0.00438	0.00229	0.00658
48	0.00991	0.00845	0.00989	0.00713	0.01130	0.00638	0.00569	0.01207	0.01021	0.01595	0.04368	0.01121	0.00889	0.00387	0.00368	0.00075	0.00353	0.00313	0.00298	0.82130
49	0.07263	0.04606	0.01323	0.01132	0.01387	0.56844	0.00871	0.06122	0.01345	0.05479	0.03892	0.01094	0.02055	0.00548	0.00485	0.00134	0.04182	0.00361	0.00295	0.00582
50	0.00659	0.00491	0.00627	0.00702	0.00797	0.00459	0.00546	0.00811	0.01066	0.01377	0.08405	0.31625	0.21609	0.01350	0.00622	0.00195	0.00326	0.27461	0.00454	0.00420
51	0.00731	0.00582	0.00924	0.00864	0.00972	0.00661	0.05866	0.00911	0.00799	0.01147	0.01272	0.01901	0.01191	0.06884	0.70373	0.00711	0.02976	0.00529	0.00259	0.00444
52	0.00912	0.00850	0.01423	0.76566	0.04790	0.01051	0.01302	0.01220	0.00960	0.01232	0.00892	0.01374	0.00698	0.04152	0.00573	0.00175	0.00637	0.00443	0.00219	0.00532
53	0.00599	0.00432	0.00570	0.00678	0.00716	0.00403	0.00463	0.00693	0.00945	0.01251	0.02765	0.75188	0.06588	0.01496	0.00619	0.00197	0.00288	0.05260	0.00450	0.00397
54	0.00869	0.04352	0.00892	0.00899	0.01034	0.06074	0.00777	0.01082	0.01140	0.01444	0.06351	0.04851	0.02638	0.01223	0.00633	0.00207	0.00467	0.64178	0.00427	0.00462

[dist]
# distance from previous block
# <min> <max>
0	4

[block]
# block no. 5 follows, 52 sequences, length 19
# corresponding to MSA columns:
# 291-302,304-306,313-316
name=unknown_F
#
# <colnr> <probs for GDERKNQSTAVLIFYWHMCP>
#	G	D	E	R	K	N	Q	S	T	A	V	L	I	F	Y	W	H	M	C	P
0	0.01052	0.01152	0.02446	0.01789	0.02195	0.01081	0.64259	0.01397	0.01092	0.01478	0.01214	0.11107	0.01091	0.05489	0.00691	0.00186	0.00732	0.00676	0.00272	0.00601
1	0.00882	0.00748	0.04735	0.00885	0.01054	0.00689	0.03157	0.11313	0.03856	0.01636	0.05723	0.30483	0.05323	0.01184	0.00600	0.00191	0.00408	0.26183	0.00440	0.00509
2	0.18708	0.01166	0.01264	0.10615	0.01577	0.01312	0.00883	0.49015	0.01760	0.02564	0.01113	0.01361	0.00860	0.00589	0.00459	0.00153	0.00510	0.04971	0.00413	0.00707
3	0.07491	0.15643	0.07504	0.07343	0.18245	0.01297	0.26360	0.01447	0.01037	0.01482	0.00897	0.03125	0.00748	0.00477	0.00527	0.00150	0.04890	0.00453	0.00240	0.00646
4	0.01164	0.01206	0.05540	0.01530	0.01925	0.01152	0.41644	0.01870	0.27208	0.04257	0.01371	0.01585	0.01056	0.05449	0.00651	0.00181	0.00633	0.00559	0.00341	0.00678
5	0.01090	0.00897	0.01036	0.10528	0.01364	0.03673	0.00769	0.04661	0.32235	0.05158	0.01835	0.07176	0.06081	0.04263	0.07249	0.00227	0.04476	0.02663	0.02523	0.02096
6	0.00611	0.00483	0.00521	0.00523	0.00643	0.00425	0.00371	0.00722	0.01054	0.01315	0.13075	0.09133	0.52170	0.15741	0.00912	0.00219	0.00286	0.00971	0.00432	0.00393
7	0.01005	0.00861	0.01005	0.00718	0.01148	0.00646	0.00574	0.01220	0.01005	0.01579	0.00861	0.01005	0.00718	0.00359	0.00359	0.00072	0.00359	0.00287	0.00287	0.85932
8	0.01075	0.00957	0.04603	0.00928	0.01164	0.08949	0.08764	0.07425	0.02616	0.08801	0.17865	0.12168	0.14301	0.03786	0.01743	0.00179	0.00462	0.03246	0.00423	0.00547
9	0.21377	0.00837	0.00993	0.00798	0.01131	0.00804	0.00653	0.02050	0.05037	0.52739	0.07369	0.01604	0.01307	0.00597	0.00451	0.00151	0.00389	0.00467	0.00521	0.00726
10	0.01910	0.00988	0.02657	0.00919	0.01271	0.04750	0.00758	0.07363	0.13647	0.54921	0.04347	0.01657	0.01290	0.00613	0.00488	0.00151	0.00438	0.00495	0.00549	0.00789
11	0.01191	0.00990	0.01261	0.16371	0.15008	0.05933	0.00984	0.15651	0.03750	0.05131	0.05126	0.02397	0.08005	0.00744	0.00524	0.00163	0.00515	0.14111	0.01525	0.00619
12	0.00775	0.00593	0.00827	0.00937	0.10134	0.00641	0.00576	0.00873	0.00779	0.01089	0.01337	0.02412	0.01407	0.42458	0.29091	0.00526	0.04269	0.00597	0.00272	0.00408
13	0.01370	0.20599	0.03310	0.01035	0.01336	0.21747	0.00858	0.02077	0.36517	0.01564	0.01285	0.01285	0.01012	0.00563	0.00474	0.00142	0.03394	0.00412	0.00348	0.00671
14	0.01013	0.00947	0.01313	0.01108	0.01218	0.01185	0.02797	0.03574	0.00850	0.01296	0.00816	0.01210	0.00760	0.01244	0.15446	0.00286	0.49760	0.00423	0.00242	0.14512
15	0.00799	0.00485	0.00649	0.00698	0.00782	0.00446	0.00496	0.00919	0.01045	0.10746	0.11974	0.60049	0.03115	0.01337	0.00599	0.00187	0.00297	0.04443	0.00478	0.00455
16	0.00702	0.00473	0.00543	0.00538	0.00552	0.00468	0.00313	0.00730	0.00784	0.01059	0.10836	0.03225	0.02097	0.73206	0.02241	0.00432	0.00441	0.00725	0.00322	0.00313
17	0.01627	0.10992	0.01452	0.01020	0.01364	0.04073	0.00845	0.47812	0.08632	0.07427	0.01306	0.06167	0.01032	0.00725	0.03155	0.00166	0.00532	0.00484	0.00442	0.00747
18	0.01142	0.01100	0.02823	0.13325	0.15345	0.04944	0.04241	0.08561	0.03134	0.01539	0.00981	0.06031	0.00870	0.00617	0.00741	0.00156	0.20238	0.00467	0.00279	0.13467

[dist]
# distance from previous block
# <min> <max>
1	3

[block]
# block no. 6 follows, 52 sequences, length 11
# corresponding to MSA columns:
# 329-339
name=unknown_G
#
# <colnr> <probs for GDERKNQSTAVLIFYWHMCP>
#	G	D	E	R	K	N	Q	S	T	A	V	L	I	F	Y	W	H	M	C	P
