[name]
unknown

[dist]
# distance from previous block
# <min> <max>
0	17

[block]
# block no. 0 follows, 56 sequences, length 71
# corresponding to MSA columns:
# 18-88
name=unknown_A
#
# <colnr> <probs for GDERKNQSTAVLIFYWHMCP>
#	G	D	E	R	K	N	Q	S	T	A	V	L	I	F	Y	W	H	M	C	P
0	0.00911	0.00858	0.01418	0.55903	0.07263	0.00953	0.07044	0.01202	0.00947	0.01275	0.00862	0.01258	0.00681	0.00447	0.00448	0.00139	0.00569	0.02065	0.00224	0.15534
1	0.01675	0.07662	0.01375	0.01146	0.01400	0.71653	0.00877	0.05468	0.02444	0.01215	0.00740	0.00847	0.00612	0.00473	0.00409	0.00118	0.00783	0.00301	0.00248	0.00551
2	0.00594	0.00456	0.00519	0.00521	0.00624	0.00408	0.00369	0.00715	0.01038	0.01343	0.24909	0.12430	0.38653	0.14396	0.00835	0.00202	0.00266	0.00918	0.00424	0.00381
3	0.00577	0.00421	0.00574	0.00707	0.03175	0.00395	0.00457	0.00663	0.00884	0.01182	0.02478	0.80992	0.02964	0.01406	0.00582	0.00185	0.00275	0.01277	0.00420	0.00384
4	0.01139	0.01129	0.05201	0.03805	0.48328	0.05369	0.03992	0.05196	0.01103	0.03295	0.02551	0.01623	0.01001	0.00553	0.00532	0.00149	0.04856	0.09248	0.00271	0.00658
5	0.01725	0.01305	0.01364	0.01056	0.01416	0.03991	0.00868	0.74495	0.04657	0.02805	0.01114	0.01113	0.00795	0.00551	0.00458	0.00138	0.00511	0.00413	0.00452	0.00771
6	0.01745	0.01286	0.01378	0.01056	0.01424	0.01424	0.00873	0.79471	0.02159	0.02893	0.01102	0.01102	0.00781	0.00551	0.00459	0.00138	0.00505	0.00413	0.00459	0.00781
7	0.00568	0.00417	0.00533	0.00608	0.00662	0.00382	0.00417	0.00669	0.00951	0.01260	0.12042	0.63394	0.13726	0.01342	0.00575	0.00177	0.00256	0.01204	0.00436	0.00382
8	0.00910	0.03334	0.37084	0.01420	0.06887	0.00967	0.21714	0.01286	0.00982	0.01392	0.01184	0.16863	0.01101	0.00668	0.01987	0.00165	0.00622	0.00582	0.00251	0.00601
9	0.05493	0.04791	0.01317	0.01130	0.01377	0.65020	0.00866	0.08393	0.02491	0.01326	0.00751	0.00863	0.00616	0.00488	0.00444	0.00124	0.03388	0.00309	0.00259	0.00556
10	0.04078	0.00784	0.01056	0.00812	0.01165	0.00683	0.00671	0.02216	0.01301	0.79439	0.01783	0.01543	0.01121	0.00565	0.00457	0.00142	0.00390	0.00457	0.00561	0.00775
11	0.08341	0.01153	0.01247	0.01005	0.03008	0.01264	0.00806	0.61038	0.01869	0.06119	0.01235	0.01259	0.04044	0.00677	0.03115	0.01743	0.00500	0.00427	0.00432	0.00719
12	0.00655	0.00442	0.00502	0.00510	0.00517	0.00438	0.00292	0.00665	0.00696	0.00923	0.01634	0.09339	0.04324	0.74768	0.02142	0.00416	0.00424	0.00727	0.00295	0.00289
13	0.01727	0.01830	0.01331	0.01133	0.01421	0.50068	0.00881	0.32613	0.01641	0.01825	0.00865	0.00937	0.00666	0.00504	0.00432	0.00126	0.00700	0.00342	0.00325	0.00631
14	0.00553	0.00468	0.00480	0.00483	0.00635	0.00394	0.00367	0.00676	0.01053	0.01260	0.06362	0.04426	0.75822	0.01162	0.00546	0.00157	0.00240	0.04098	0.00428	0.00390
15	0.00676	0.00525	0.00561	0.00553	0.00682	0.03054	0.00404	0.00805	0.01077	0.04601	0.20958	0.14379	0.42843	0.06022	0.00647	0.00172	0.00272	0.00922	0.00435	0.00410
16	0.00655	0.00441	0.00503	0.00514	0.00519	0.00437	0.00294	0.00665	0.00695	0.00924	0.01609	0.10935	0.03201	0.74317	0.02133	0.00415	0.00424	0.00736	0.00295	0.00289
17	0.01084	0.01238	0.02709	0.01935	0.02399	0.01161	0.79334	0.01471	0.01084	0.01471	0.00929	0.01238	0.00697	0.00387	0.00542	0.00155	0.00774	0.00542	0.00232	0.00619
18	0.00558	0.00464	0.00488	0.00485	0.00631	0.00394	0.00363	0.00689	0.01080	0.01326	0.15652	0.05903	0.68116	0.01136	0.00543	0.00154	0.00231	0.00956	0.00438	0.00394
19	0.03464	0.00451	0.00557	0.00607	0.00662	0.00432	0.00414	0.00743	0.00893	0.02976	0.09202	0.44981	0.06792	0.20242	0.00972	0.00239	0.00316	0.05289	0.00397	0.00373
20	0.00776	0.00435	0.00459	0.00459	0.00520	0.00435	0.00303	0.00899	0.00838	0.01363	0.01476	0.02260	0.01386	0.35896	0.01176	0.00250	0.00312	0.00530	0.49863	0.00364
21	0.00867	0.00816	0.01377	0.82762	0.03162	0.01020	0.01275	0.01173	0.00918	0.01173	0.00816	0.01224	0.00612	0.00459	0.00459	0.00153	0.00612	0.00408	0.00204	0.00510
22	0.08933	0.00489	0.00494	0.00486	0.00619	0.00482	0.00365	0.01019	0.00974	0.04270	0.04959	0.07964	0.15371	0.01997	0.00419	0.00132	0.00244	0.00588	0.49762	0.00433
23	0.00588	0.00450	0.00539	0.00552	0.00657	0.00401	0.00401	0.00734	0.01102	0.01455	0.33444	0.24004	0.31722	0.01146	0.00553	0.00159	0.00235	0.01000	0.00457	0.00401
24	0.01142	0.00986	0.01038	0.00934	0.01194	0.01142	0.00727	0.02440	0.80172	0.01920	0.01869	0.01713	0.01401	0.00623	0.00467	0.00156	0.00363	0.00519	0.00467	0.00727
25	0.00693	0.00465	0.00521	0.00514	0.00523	0.00468	0.00292	0.02533	0.00703	0.00938	0.01438	0.02959	0.01648	0.81893	0.02292	0.00438	0.00447	0.00662	0.00282	0.00290
26	0.13560	0.00581	0.00663	0.00619	0.00787	0.00561	0.00469	0.01118	0.03332	0.14310	0.24410	0.17256	0.16113	0.03506	0.00553	0.00163	0.00288	0.00781	0.00447	0.00483
27	0.00608	0.00469	0.00550	0.00591	0.00689	0.00431	0.00424	0.03156	0.02218	0.01298	0.06503	0.42402	0.34008	0.01262	0.00563	0.00171	0.00265	0.03560	0.00431	0.00401
28	0.01715	0.02188	0.01301	0.01183	0.01419	0.82022	0.00887	0.01833	0.01301	0.01124	0.00710	0.00828	0.00591	0.00473	0.00414	0.00118	0.00828	0.00296	0.00237	0.00532
29	0.01958	0.00778	0.01041	0.00805	0.01147	0.00682	0.00663	0.04630	0.01330	0.73822	0.03605	0.01704	0.04438	0.00600	0.00467	0.00142	0.00384	0.00489	0.00558	0.00758
30	0.00684	0.00442	0.00528	0.00528	0.00533	0.00447	0.00312	0.00668	0.00663	0.00888	0.01346	0.02716	0.01521	0.67965	0.07091	0.12020	0.00486	0.00621	0.00266	0.00276
31	0.00617	0.00470	0.00569	0.00551	0.00675	0.00422	0.00417	0.00800	0.01204	0.01620	0.51924	0.03834	0.30036	0.01028	0.00546	0.00151	0.00230	0.04015	0.00475	0.00417
32	0.00591	0.00451	0.00543	0.00553	0.00658	0.00403	0.00402	0.00741	0.01112	0.01474	0.35822	0.22618	0.30701	0.01134	0.00552	0.00158	0.00234	0.00990	0.00459	0.00403
33	0.00867	0.00816	0.01377	0.82762	0.03162	0.01020	0.01275	0.01173	0.00918	0.01173	0.00816	0.01224	0.00612	0.00459	0.00459	0.00153	0.00612	0.00408	0.00204	0.00510
34	0.01237	0.01340	0.01270	0.01115	0.01239	0.26434	0.00890	0.04431	0.09101	0.01281	0.02649	0.01209	0.03365	0.00757	0.03111	0.00180	0.39180	0.00411	0.00264	0.00538
35	0.00634	0.00467	0.00593	0.00566	0.00677	0.00426	0.00423	0.00834	0.01255	0.01747	0.69008	0.06112	0.13586	0.00982	0.00543	0.00147	0.00220	0.00862	0.00493	0.00426
36	0.65962	0.01094	0.04534	0.00735	0.01046	0.06282	0.00629	0.12091	0.01012	0.02086	0.00716	0.00810	0.00546	0.00447	0.00323	0.00140	0.00421	0.00278	0.00301	0.00547
37	0.02850	0.01136	0.06274	0.20427	0.02237	0.01151	0.36292	0.03585	0.01006	0.04583	0.00874	0.01178	0.00670	0.00492	0.00675	0.00161	0.15122	0.00462	0.00239	0.00585
38	0.01375	0.23892	0.26937	0.01128	0.07222	0.04200	0.01093	0.02824	0.02384	0.23146	0.01063	0.01089	0.00762	0.00465	0.00406	0.00130	0.00538	0.00355	0.00309	0.00683
39	0.00721	0.00534	0.02409	0.00605	0.00742	0.00467	0.00471	0.00951	0.02887	0.05633	0.63512	0.06543	0.10885	0.00943	0.00536	0.00147	0.00242	0.00827	0.00490	0.00455
40	0.00561	0.00414	0.00525	0.00607	0.00659	0.00379	0.00413	0.00654	0.00929	0.01218	0.06953	0.66030	0.16245	0.01366	0.00576	0.00179	0.00258	0.01224	0.00430	0.00379
41	0.84452	0.00885	0.00687	0.00610	0.00897	0.01019	0.00503	0.01377	0.00798	0.04535	0.00676	0.00771	0.00517	0.00431	0.00290	0.00142	0.00356	0.00255	0.00293	0.00506
42	0.00585	0.00467	0.00524	0.00509	0.00646	0.00406	0.00382	0.00741	0.01146	0.01477	0.34675	0.04028	0.50643	0.01074	0.00542	0.00151	0.00226	0.00914	0.00458	0.00406
43	0.00740	0.00560	0.00715	0.00780	0.00910	0.00559	0.00663	0.01036	0.08580	0.01400	0.02809	0.04701	0.17724	0.01186	0.00600	0.00195	0.00380	0.55590	0.00428	0.00445
44	0.01715	0.02188	0.01301	0.01183	0.01419	0.82022	0.00887	0.01833	0.01301	0.01124	0.00710	0.00828	0.00591	0.00473	0.00414	0.00118	0.00828	0.00296	0.00237	0.00532
45	0.00650	0.00469	0.00614	0.00578	0.00686	0.00433	0.00433	0.00866	0.01300	0.01841	0.80760	0.03429	0.04332	0.00939	0.00541	0.00144	0.00217	0.00830	0.00505	0.00433
46	0.00867	0.00816	0.01377	0.82762	0.03162	0.01020	0.01275	0.01173	0.00918	0.01173	0.00816	0.01224	0.00612	0.00459	0.00459	0.00153	0.00612	0.00408	0.00204	0.00510
47	0.00559	0.00400	0.00533	0.00639	0.00666	0.00373	0.00426	0.00639	0.00879	0.01172	0.02530	0.83566	0.03036	0.01438	0.00586	0.00186	0.00266	0.01305	0.00426	0.00373
48	0.00559	0.00400	0.00533	0.00639	0.00666	0.00373	0.00426	0.00639	0.00879	0.01172	0.02530	0.83566	0.03036	0.01438	0.00586	0.00186	0.00266	0.01305	0.00426	0.00373
49	0.00559	0.00400	0.00533	0.00639	0.00666	0.00373	0.00426	0.00639	0.00879	0.01172	0.02530	0.83566	0.03036	0.01438	0.00586	0.00186	0.00266	0.01305	0.00426	0.00373
50	0.00567	0.00405	0.00541	0.00647	0.00677	0.00379	0.00439	0.00652	0.00886	0.01180	0.02526	0.80431	0.03021	0.01432	0.00588	0.00187	0.00273	0.04369	0.00426	0.00375
51	0.00921	0.02375	0.81487	0.01309	0.01987	0.01066	0.01696	0.01454	0.00969	0.01454	0.00824	0.00969	0.00582	0.00436	0.00436	0.00145	0.00678	0.00339	0.00194	0.00678
52	0.01745	0.01286	0.01378	0.01056	0.01424	0.01424	0.00873	0.79471	0.02159	0.02893	0.01102	0.01102	0.00781	0.00551	0.00459	0.00138	0.00505	0.00413	0.00459	0.00781
53	0.01044	0.00868	0.00961	0.00902	0.01123	0.00981	0.00721	0.03588	0.57611	0.01814	0.05135	0.02551	0.01786	0.00780	0.00508	0.00167	0.00374	0.17981	0.00459	0.00647
54	0.00557	0.00447	0.00498	0.00524	0.00639	0.00388	0.00378	0.00673	0.01024	0.01278	0.11250	0.26342	0.51955	0.01218	0.00555	0.00163	0.00240	0.01049	0.00434	0.00388
55	0.00599	0.00432	0.00559	0.00644	0.00689	0.00409	0.00438	0.03183	0.00936	0.01244	0.04246	0.75972	0.06158	0.01388	0.00579	0.00183	0.00272	0.01253	0.00429	0.00388
56	0.00667	0.00447	0.00511	0.00519	0.00524	0.00446	0.00301	0.00678	0.00690	0.00919	0.01521	0.05700	0.01752	0.77893	0.02212	0.00427	0.00438	0.03777	0.00289	0.00287
57	0.00562	0.00401	0.00532	0.00635	0.00661	0.00375	0.00422	0.00640	0.00873	0.01164	0.02500	0.81273	0.02998	0.03785	0.00636	0.00194	0.00271	0.01287	0.00422	0.00370
58	0.01699	0.01235	0.01326	0.01026	0.01380	0.01363	0.00844	0.72124	0.05221	0.04571	0.01162	0.01157	0.00826	0.00554	0.00455	0.00138	0.00488	0.00419	0.03245	0.00767
59	0.00927	0.00878	0.01482	0.64252	0.19866	0.01041	0.01299	0.01223	0.00942	0.01242	0.00823	0.01202	0.00637	0.00454	0.00475	0.00150	0.01933	0.00408	0.00209	0.00557
60	0.00921	0.02375	0.81487	0.01309	0.01987	0.01066	0.01696	0.01454	0.00969	0.01454	0.00824	0.00969	0.00582	0.00436	0.00436	0.00145	0.00678	0.00339	0.00194	0.00678
61	0.01463	0.00830	0.01023	0.00765	0.01143	0.00697	0.00622	0.05271	0.04328	0.35239	0.01291	0.01247	0.00906	0.00457	0.00402	0.00106	0.00370	0.00368	0.00413	0.43059
62	0.00654	0.00484	0.00519	0.00523	0.00571	0.01770	0.00327	0.00714	0.02050	0.01032	0.03733	0.09822	0.20316	0.53641	0.01681	0.00341	0.00382	0.00784	0.00331	0.00326
63	0.01041	0.01029	0.01023	0.17376	0.01484	0.19465	0.00820	0.05304	0.06520	0.01352	0.03547	0.13650	0.04341	0.02620	0.00578	0.00168	0.02927	0.15926	0.00334	0.00496
64	0.00974	0.00925	0.01571	0.50931	0.34155	0.01048	0.01328	0.01267	0.00969	0.01303	0.00835	0.01189	0.00658	0.00439	0.00457	0.00146	0.00585	0.00408	0.00213	0.00596
65	0.02018	0.00809	0.01077	0.00830	0.01183	0.00720	0.00685	0.05420	0.03869	0.75557	0.01784	0.01548	0.01130	0.00569	0.00462	0.00142	0.00394	0.00462	0.00561	0.00780
66	0.04966	0.00545	0.00600	0.00538	0.00713	0.00532	0.00420	0.01386	0.03583	0.19416	0.01541	0.01636	0.01145	0.00540	0.00355	0.00118	0.00264	0.00430	0.60751	0.00519
67	0.00563	0.00402	0.00537	0.00643	0.00671	0.00376	0.00432	0.00645	0.00882	0.01176	0.02529	0.82109	0.03029	0.01435	0.00587	0.00187	0.00269	0.02729	0.00426	0.00374
68	0.12928	0.01102	0.01135	0.00942	0.01252	0.01248	0.00759	0.35415	0.35984	0.02357	0.01374	0.01321	0.01013	0.00566	0.00439	0.00146	0.00423	0.00437	0.00439	0.00719
69	0.01474	0.13981	0.01639	0.02785	0.13136	0.22865	0.08466	0.10925	0.01272	0.12567	0.04201	0.01150	0.00872	0.00491	0.00454	0.00130	0.02253	0.00391	0.00311	0.00637
70	0.01255	0.01057	0.01186	0.04528	0.10589	0.04744	0.00842	0.10290	0.50455	0.05992	0.01624	0.01564	0.02630	0.00584	0.00463	0.00149	0.00429	0.00486	0.00422	0.00711

[dist]
# distance from previous block
# <min> <max>
1	6

[block]
# block no. 1 follows, 56 sequences, length 38
# corresponding to MSA columns:
# 95-132
name=unknown_B
#
# <colnr> <probs for GDERKNQSTAVLIFYWHMCP>
#	G	D	E	R	K	N	Q	S	T	A	V	L	I	F	Y	W	H	M	C	P
0	0.02913	0.06577	0.33881	0.05408	0.15529	0.03207	0.06146	0.15331	0.01193	0.01677	0.00862	0.01030	0.00650	0.00460	0.00473	0.00142	0.03219	0.00374	0.00253	0.00675
1	0.00910	0.00755	0.01005	0.03162	0.00976	0.00980	0.00722	0.01026	0.00775	0.01237	0.00982	0.03064	0.00925	0.09673	0.01241	0.02871	0.45589	0.00455	0.23207	0.00447
2	0.03342	0.01694	0.01249	0.01080	0.01349	0.45257	0.00837	0.22690	0.08367	0.01696	0.01021	0.01089	0.02645	0.00589	0.02202	0.00142	0.01927	0.00367	0.00322	0.02134
3	0.00797	0.00399	0.00598	0.00598	0.00598	0.00399	0.00399	0.00598	0.00598	0.00797	0.00797	0.01396	0.00797	0.01595	0.01794	0.86643	0.00399	0.00399	0.00199	0.00199
4	0.03211	0.00910	0.01120	0.02152	0.01245	0.03449	0.02880	0.10924	0.07855	0.45733	0.01536	0.03989	0.01071	0.00558	0.00448	0.00135	0.00419	0.00456	0.00475	0.11436
5	0.01076	0.01199	0.02491	0.01885	0.06419	0.01190	0.64760	0.01419	0.01031	0.01423	0.00882	0.01202	0.00686	0.00444	0.00666	0.00160	0.11716	0.00516	0.00228	0.00609
6	0.00612	0.00449	0.00574	0.00583	0.00673	0.00411	0.00422	0.00778	0.01150	0.01581	0.49654	0.26613	0.12583	0.01108	0.00554	0.00158	0.00233	0.00983	0.00474	0.00411
7	0.00576	0.00466	0.00512	0.00509	0.00647	0.00402	0.00383	0.00719	0.01107	0.01397	0.24304	0.06625	0.56664	0.01116	0.00546	0.00155	0.00234	0.02792	0.00447	0.00400
8	0.01715	0.02188	0.01301	0.01183	0.01419	0.82022	0.00887	0.01833	0.01301	0.01124	0.00710	0.00828	0.00591	0.00473	0.00414	0.00118	0.00828	0.00296	0.00237	0.00532
9	0.00863	0.00877	0.01765	0.01378	0.01654	0.00824	0.44726	0.01123	0.01003	0.01350	0.01626	0.33131	0.01702	0.00839	0.00564	0.00170	0.00560	0.05013	0.00317	0.00514
10	0.00639	0.00519	0.00740	0.00721	0.00837	0.00478	0.07610	0.00774	0.00971	0.01250	0.05760	0.32626	0.25760	0.07586	0.00709	0.00196	0.00336	0.11686	0.00400	0.00401
11	0.00797	0.00399	0.00598	0.00598	0.00598	0.00399	0.00399	0.00598	0.00598	0.00797	0.00797	0.01396	0.00797	0.01595	0.01794	0.86643	0.00399	0.00399	0.00199	0.00199
12	0.00577	0.00424	0.00539	0.00615	0.00672	0.00391	0.00428	0.00677	0.00938	0.01230	0.07962	0.58136	0.15722	0.03959	0.00634	0.00188	0.00273	0.05829	0.00426	0.00379
13	0.01278	0.01027	0.01097	0.00947	0.01224	0.01164	0.00755	0.23539	0.51960	0.02153	0.01676	0.01732	0.01290	0.00635	0.00469	0.00152	0.00401	0.04666	0.03118	0.00716
14	0.00694	0.00479	0.00628	0.00606	0.00718	0.00443	0.00461	0.00897	0.01247	0.04380	0.64872	0.08819	0.06347	0.00990	0.00549	0.00152	0.00241	0.06545	0.00494	0.00439
15	0.00937	0.00803	0.00934	0.00672	0.01071	0.00604	0.00537	0.01138	0.00955	0.01487	0.00956	0.01079	0.03610	0.00370	0.00347	0.00071	0.00336	0.00297	0.00278	0.83518
16	0.00608	0.00473	0.00531	0.00556	0.00676	0.00423	0.00407	0.00760	0.03630	0.02568	0.06391	0.25339	0.47652	0.03341	0.00601	0.00173	0.00263	0.04777	0.00429	0.00402
17	0.01119	0.00695	0.00734	0.00638	0.00820	0.00741	0.00500	0.23449	0.04720	0.02008	0.01363	0.01521	0.01053	0.00601	0.00446	0.04790	0.00313	0.00426	0.53533	0.00529
18	0.03811	0.00668	0.00814	0.00693	0.00897	0.00651	0.03306	0.11780	0.01217	0.18045	0.10960	0.07859	0.11558	0.06607	0.00589	0.00161	0.00336	0.00623	0.18888	0.00538
19	0.01984	0.00509	0.00615	0.00596	0.00713	0.00485	0.00437	0.00971	0.06414	0.05106	0.39705	0.15755	0.13437	0.06814	0.00653	0.00173	0.00262	0.00849	0.04081	0.00443
20	0.00611	0.00459	0.00602	0.00655	0.00734	0.00427	0.01867	0.00736	0.00974	0.01272	0.09593	0.42044	0.17877	0.05000	0.00661	0.00192	0.00301	0.15181	0.00422	0.00390
21	0.06067	0.01078	0.01145	0.00903	0.01216	0.01181	0.00739	0.56018	0.03309	0.06046	0.01197	0.01228	0.00866	0.00544	0.00425	0.00133	0.00436	0.00412	0.16358	0.00700
22	0.04566	0.00530	0.00616	0.00612	0.00735	0.00501	0.00444	0.04902	0.01034	0.08162	0.08163	0.30645	0.24153	0.10070	0.00731	0.00195	0.00303	0.02780	0.00423	0.00433
23	0.02767	0.00551	0.00645	0.00595	0.00771	0.00478	0.00445	0.00871	0.02044	0.01451	0.20092	0.19834	0.20453	0.03080	0.00542	0.00147	0.00275	0.02541	0.01855	0.20564
24	0.00770	0.00480	0.00530	0.00525	0.00581	0.00484	0.00341	0.05042	0.00864	0.01284	0.01575	0.12296	0.01637	0.43832	0.01405	0.00294	0.00356	0.00658	0.26683	0.00363
25	0.37291	0.00672	0.00631	0.00607	0.00778	0.02570	0.00464	0.01056	0.00987	0.01780	0.26471	0.16820	0.03578	0.00791	0.00430	0.00149	0.00299	0.00646	0.03530	0.00451
26	0.00693	0.00514	0.00796	0.00763	0.00858	0.00581	0.03866	0.00848	0.00756	0.01102	0.01206	0.01751	0.01110	0.03051	0.69559	0.05649	0.01108	0.00485	0.04895	0.00408
27	0.00609	0.00506	0.00539	0.00532	0.00681	0.00457	0.00398	0.00838	0.07862	0.01373	0.14319	0.09590	0.58453	0.01106	0.00539	0.00156	0.00244	0.00935	0.00440	0.00422
28	0.00797	0.00399	0.00598	0.00598	0.00598	0.00399	0.00399	0.00598	0.00598	0.00797	0.00797	0.01396	0.00797	0.01595	0.01794	0.86643	0.00399	0.00399	0.00199	0.00199
29	0.00601	0.00451	0.00576	0.02258	0.00745	0.00436	0.00455	0.00767	0.05962	0.01226	0.02640	0.69767	0.09712	0.01343	0.00572	0.00181	0.00276	0.01208	0.00424	0.00399
30	0.01252	0.03333	0.01144	0.03590	0.01214	0.38854	0.00779	0.02413	0.02992	0.01123	0.00910	0.01339	0.00850	0.12586	0.13036	0.00271	0.13184	0.00402	0.00245	0.00483
31	0.00753	0.00466	0.00608	0.00595	0.00689	0.00435	0.00431	0.00858	0.01037	0.06932	0.33087	0.16590	0.10608	0.03838	0.03983	0.14013	0.00315	0.00797	0.03563	0.00399
32	0.00567	0.00405	0.00541	0.00648	0.00678	0.00379	0.00439	0.00652	0.00886	0.01180	0.02526	0.80266	0.03020	0.01431	0.00588	0.00187	0.00273	0.04531	0.00426	0.00375
33	0.01421	0.01168	0.03239	0.00992	0.01334	0.03426	0.02952	0.44267	0.15342	0.02304	0.01253	0.05883	0.00990	0.00575	0.00451	0.00134	0.00464	0.00461	0.00413	0.12931
34	0.01172	0.00843	0.01034	0.00853	0.01140	0.00823	0.04398	0.09321	0.22393	0.13382	0.01670	0.15644	0.03353	0.00683	0.00461	0.00136	0.00375	0.00589	0.00415	0.21314
35	0.14293	0.02343	0.00915	0.00738	0.01010	0.00827	0.00589	0.09974	0.13660	0.10276	0.23135	0.01800	0.01830	0.00611	0.00432	0.00130	0.00338	0.00496	0.00419	0.16182
36	0.04198	0.30802	0.30450	0.01058	0.01495	0.04511	0.01140	0.09088	0.01049	0.01432	0.00749	0.00891	0.00604	0.00476	0.00508	0.00133	0.10248	0.00316	0.00227	0.00624
37	0.01153	0.10122	0.16369	0.00919	0.02714	0.00933	0.02041	0.05159	0.07332	0.13011	0.03315	0.01444	0.07498	0.00527	0.00446	0.00122	0.02736	0.00417	0.00331	0.23411

[dist]
# distance from previous block
# <min> <max>
0	2

[block]
# block no. 2 follows, 56 sequences, length 58
# corresponding to MSA columns:
# 135-165,179-205
name=unknown_C
#
# <colnr> <probs for GDERKNQSTAVLIFYWHMCP>
#	G	D	E	R	K	N	Q	S	T	A	V	L	I	F	Y	W	H	M	C	P
0	0.00654	0.00506	0.00668	0.00675	0.00745	0.00544	0.00498	0.01882	0.00861	0.01168	0.05647	0.23602	0.14848	0.10403	0.28751	0.00395	0.06615	0.00807	0.00337	0.00396
1	0.01105	0.00907	0.04568	0.03579	0.02991	0.00833	0.07469	0.03598	0.18682	0.11738	0.02901	0.08351	0.02543	0.00761	0.05321	0.00169	0.01828	0.00513	0.00365	0.21778
2	0.01192	0.07832	0.06632	0.02873	0.01331	0.01014	0.07919	0.21230	0.07701	0.06459	0.03214	0.07261	0.03323	0.04910	0.01734	0.00162	0.00478	0.03645	0.00363	0.10725
3	0.00967	0.00940	0.01811	0.01392	0.01661	0.00978	0.39569	0.01230	0.00924	0.04239	0.01021	0.01427	0.00859	0.02789	0.26550	0.00350	0.12005	0.00506	0.00246	0.00537
4	0.00656	0.00492	0.00738	0.00738	0.00820	0.00574	0.00574	0.00820	0.00738	0.01066	0.01230	0.01804	0.01148	0.03443	0.82046	0.00738	0.01230	0.00492	0.00246	0.00410
5	0.01124	0.01128	0.08288	0.14953	0.06109	0.05868	0.05428	0.04090	0.30719	0.05692	0.02593	0.01503	0.03066	0.00683	0.03944	0.00176	0.03181	0.00472	0.00345	0.00639
6	0.00645	0.00441	0.00511	0.00523	0.00546	0.00429	0.00316	0.00673	0.00763	0.01010	0.06493	0.13918	0.08596	0.58812	0.01832	0.02694	0.00389	0.00781	0.00322	0.00307
7	0.56949	0.00850	0.00813	0.00679	0.00989	0.00904	0.00560	0.01664	0.00970	0.30166	0.01055	0.01035	0.00724	0.00477	0.00347	0.00142	0.00368	0.00324	0.00385	0.00598
8	0.00759	0.00447	0.00515	0.00498	0.00606	0.00430	0.00374	0.00974	0.01121	0.01772	0.38640	0.02517	0.02655	0.00724	0.00424	0.00125	0.00215	0.00616	0.46157	0.00430
9	0.00721	0.00439	0.00625	0.00629	0.00673	0.00462	0.00450	0.00711	0.00714	0.00996	0.02449	0.05490	0.05149	0.05369	0.29481	0.39469	0.00663	0.00519	0.04685	0.00308
10	0.01868	0.00936	0.01142	0.00884	0.01229	0.00921	0.00727	0.27640	0.03427	0.49673	0.04104	0.01477	0.01129	0.00575	0.00461	0.00140	0.00419	0.00458	0.02026	0.00763
11	0.00618	0.00473	0.00570	0.00561	0.00687	0.00425	0.00431	0.00797	0.01181	0.01571	0.44727	0.03968	0.32783	0.01054	0.00551	0.00155	0.00242	0.08321	0.00468	0.00415
12	0.07457	0.00715	0.00899	0.00734	0.01018	0.00655	0.00592	0.01849	0.04746	0.53240	0.04052	0.06844	0.06134	0.00658	0.00452	0.00143	0.00349	0.00540	0.08255	0.00669
13	0.00678	0.00471	0.00569	0.00595	0.00674	0.00443	0.00409	0.00824	0.04469	0.04746	0.11303	0.37449	0.17346	0.16803	0.00892	0.00221	0.00298	0.00997	0.00415	0.00398
14	0.01740	0.01268	0.01364	0.01048	0.01413	0.01401	0.00865	0.76101	0.03732	0.04697	0.01134	0.01125	0.00802	0.00553	0.00459	0.00138	0.00500	0.00417	0.00462	0.00780
15	0.00896	0.00466	0.00471	0.00456	0.00575	0.00473	0.00346	0.04592	0.01017	0.01765	0.01480	0.01684	0.01159	0.00536	0.00327	0.00108	0.00227	0.00427	0.82552	0.00444
16	0.00585	0.00465	0.00525	0.00515	0.00647	0.00405	0.00384	0.00739	0.01140	0.01473	0.34346	0.06569	0.48412	0.01084	0.00544	0.00152	0.00227	0.00925	0.00457	0.00405
17	0.00581	0.00463	0.00517	0.00543	0.00656	0.00414	0.00392	0.00726	0.03357	0.01272	0.08939	0.26044	0.47439	0.04270	0.00620	0.00175	0.00256	0.02515	0.00427	0.00393
18	0.03283	0.06659	0.66789	0.01219	0.01815	0.01085	0.01516	0.01428	0.00953	0.03503	0.00846	0.01004	0.00620	0.00583	0.04125	0.00171	0.03195	0.00344	0.00209	0.00654
19	0.00668	0.00533	0.00842	0.00830	0.00925	0.00507	0.10294	0.00806	0.00923	0.01227	0.02228	0.51743	0.02563	0.07620	0.00725	0.00207	0.00374	0.16189	0.00390	0.00406
20	0.00976	0.00645	0.00705	0.00658	0.00816	0.00675	0.00504	0.13537	0.10907	0.03247	0.01888	0.12785	0.06823	0.05589	0.00550	0.00158	0.00316	0.05490	0.33221	0.00508
21	0.02980	0.00905	0.01028	0.00826	0.01119	0.00934	0.00670	0.30716	0.07802	0.24870	0.05434	0.01678	0.06200	0.00614	0.00448	0.00138	0.00388	0.00490	0.12077	0.00683
22	0.01004	0.01477	0.38357	0.01135	0.01557	0.00852	0.09939	0.01342	0.00999	0.12348	0.01409	0.22568	0.01310	0.00719	0.00519	0.00158	0.02764	0.00632	0.00310	0.00602
23	0.01301	0.00985	0.01043	0.00838	0.01134	0.11891	0.04129	0.12048	0.01298	0.18254	0.10095	0.01937	0.14600	0.00638	0.00456	0.00126	0.00428	0.00522	0.00403	0.17874
24	0.00772	0.00590	0.00724	0.00664	0.00847	0.00530	0.00509	0.02130	0.05707	0.02782	0.27529	0.18707	0.07184	0.00909	0.00504	0.00142	0.00292	0.08046	0.00420	0.21012
25	0.00999	0.02707	0.01321	0.01020	0.01270	0.00754	0.22540	0.04173	0.01131	0.10820	0.19783	0.02231	0.07054	0.02668	0.11936	0.00235	0.00563	0.02890	0.05372	0.00533
26	0.00586	0.00415	0.00520	0.00593	0.00621	0.00392	0.00383	0.00648	0.00836	0.01105	0.02393	0.57904	0.07756	0.22401	0.01029	0.00250	0.00310	0.01121	0.00389	0.00350
27	0.00657	0.00486	0.00617	0.00586	0.00703	0.00453	0.00443	0.00897	0.03616	0.01776	0.69367	0.03517	0.11012	0.00959	0.00542	0.00148	0.00228	0.03061	0.00495	0.00438
28	0.10271	0.00916	0.01078	0.00853	0.01183	0.00914	0.00697	0.23115	0.04454	0.44363	0.01576	0.05087	0.02192	0.00599	0.00450	0.00144	0.00410	0.00475	0.00498	0.00727
29	0.01241	0.01299	0.04632	0.01689	0.02130	0.02979	0.56679	0.18901	0.02523	0.01787	0.00974	0.01198	0.00720	0.00430	0.00516	0.00150	0.00706	0.00502	0.00285	0.00657
30	0.01374	0.00732	0.00916	0.00767	0.01010	0.00707	0.00611	0.12413	0.04908	0.33195	0.22018	0.08815	0.06479	0.00781	0.00514	0.00149	0.01538	0.01943	0.00505	0.00625
31	0.00666	0.00453	0.00541	0.00541	0.00555	0.00467	0.00328	0.00693	0.00679	0.00920	0.01410	0.02801	0.01581	0.70271	0.15811	0.00495	0.00578	0.00638	0.00273	0.00300
32	0.00717	0.00415	0.00477	0.00527	0.00596	0.00402	0.00370	0.00868	0.00924	0.01459	0.01982	0.40069	0.02048	0.00958	0.00445	0.00144	0.00239	0.00839	0.46120	0.00402
33	0.00668	0.00445	0.00501	0.00501	0.00501	0.00445	0.00278	0.00668	0.00668	0.00890	0.01447	0.03004	0.01669	0.83866	0.02337	0.00445	0.00445	0.00668	0.00278	0.00278
34	0.00675	0.00521	0.00620	0.00585	0.00698	0.02925	0.00436	0.00874	0.01261	0.01744	0.70079	0.03414	0.10042	0.03408	0.00591	0.00153	0.00243	0.00820	0.00484	0.00428
35	0.01023	0.00976	0.01659	0.36344	0.48358	0.01061	0.01353	0.01310	0.00992	0.01363	0.00844	0.01173	0.00679	0.00430	0.00456	0.00143	0.00573	0.00409	0.00218	0.00636
36	0.00580	0.00404	0.00528	0.00622	0.00653	0.00380	0.00415	0.00665	0.00882	0.01198	0.04106	0.74512	0.02918	0.05136	0.00653	0.00194	0.00271	0.01227	0.04285	0.00372
37	0.01085	0.01047	0.01812	0.17393	0.63270	0.01081	0.04856	0.01369	0.01024	0.01439	0.00858	0.01157	0.00705	0.00417	0.00459	0.00140	0.00568	0.00415	0.00223	0.00683
38	0.00610	0.00468	0.00559	0.00536	0.00662	0.00416	0.00402	0.00790	0.01207	0.01621	0.52831	0.03792	0.32398	0.01021	0.00542	0.00148	0.00222	0.00881	0.00476	0.00416
39	0.03696	0.00504	0.00609	0.00582	0.00721	0.00460	0.00442	0.00919	0.01162	0.07929	0.40436	0.09463	0.24515	0.02357	0.00563	0.00158	0.00256	0.04315	0.00468	0.00443
40	0.00576	0.00424	0.00533	0.00612	0.00668	0.00391	0.00425	0.00667	0.00911	0.01183	0.02868	0.57775	0.17970	0.06335	0.00686	0.00198	0.00282	0.06706	0.00417	0.00374
41	0.01212	0.47762	0.23638	0.01014	0.01467	0.10606	0.03316	0.03954	0.01028	0.01255	0.00720	0.00836	0.00597	0.00418	0.00359	0.00116	0.00588	0.00290	0.00210	0.00614
42	0.01159	0.00985	0.01037	0.00922	0.01185	0.01129	0.00720	0.07901	0.71035	0.01960	0.01937	0.01789	0.04895	0.00642	0.00470	0.00154	0.00368	0.00531	0.00465	0.00715
43	0.01996	0.00474	0.00540	0.00571	0.00683	0.00431	0.00414	0.00771	0.03404	0.03121	0.05073	0.32244	0.40707	0.03374	0.00600	0.00175	0.00267	0.04323	0.00426	0.00403
44	0.00970	0.00867	0.01142	0.01028	0.01122	0.04612	0.03337	0.03190	0.04452	0.03702	0.01304	0.04411	0.02929	0.01278	0.13703	0.00275	0.36115	0.14772	0.00293	0.00498
45	0.00556	0.00464	0.00485	0.00483	0.00629	0.00393	0.00361	0.00683	0.01072	0.01310	0.13675	0.06314	0.69714	0.01143	0.00544	0.00155	0.00231	0.00961	0.00436	0.00393
46	0.02817	0.00570	0.00694	0.00644	0.00774	0.00553	0.00463	0.03174	0.06315	0.15599	0.20121	0.16979	0.04898	0.23156	0.01004	0.00233	0.00338	0.00766	0.00431	0.00471
47	0.00693	0.00508	0.00597	0.00573	0.00702	0.00469	0.00426	0.05029	0.01183	0.03108	0.35741	0.13578	0.29412	0.03576	0.00592	0.00161	0.00254	0.00894	0.02073	0.00431
48	0.00867	0.00816	0.01377	0.82762	0.03162	0.01020	0.01275	0.01173	0.00918	0.01173	0.00816	0.01224	0.00612	0.00459	0.00459	0.00153	0.00612	0.00408	0.00204	0.00510
49	0.01316	0.01073	0.01136	0.00969	0.01260	0.01223	0.00769	0.24636	0.57693	0.02201	0.01648	0.01537	0.01223	0.00602	0.00465	0.00151	0.00404	0.00489	0.00465	0.00742
50	0.00855	0.00557	0.00665	0.00628	0.00770	0.00532	0.00469	0.03566	0.06975	0.10432	0.21644	0.13784	0.19733	0.11069	0.00748	0.00191	0.00303	0.04157	0.02455	0.00468
51	0.00801	0.00661	0.00728	0.00694	0.00863	0.00689	0.00524	0.01394	0.31947	0.01620	0.18899	0.13474	0.24009	0.00942	0.00519	0.00157	0.00285	0.00809	0.00458	0.00527
52	0.00667	0.00447	0.00511	0.00511	0.00515	0.00451	0.00291	0.00674	0.00671	0.00898	0.01437	0.02951	0.01646	0.80282	0.05888	0.00458	0.00480	0.00660	0.00277	0.00284
53	0.00698	0.00547	0.00644	0.00637	0.00762	0.00541	0.00470	0.01063	0.15751	0.01579	0.32666	0.22710	0.18089	0.01044	0.00539	0.00159	0.00259	0.00914	0.00464	0.00464
54	0.01038	0.00732	0.00849	0.00712	0.00931	0.00714	0.00545	0.15290	0.07420	0.05013	0.11527	0.04465	0.03917	0.08397	0.02295	0.09887	0.00377	0.00516	0.06063	0.19313
55	0.00591	0.00453	0.00543	0.00603	0.00691	0.00415	0.00440	0.00722	0.02421	0.01229	0.03256	0.39899	0.31721	0.03889	0.00629	0.00186	0.00282	0.11221	0.00422	0.00388
56	0.00642	0.00472	0.00577	0.00551	0.00675	0.00423	0.00413	0.00826	0.01217	0.03049	0.55811	0.05715	0.25921	0.01008	0.00542	0.00148	0.00225	0.00875	0.00482	0.00425
57	0.00599	0.00453	0.00553	0.00602	0.00684	0.00420	0.00429	0.00751	0.03490	0.01313	0.14481	0.42945	0.22554	0.03782	0.00621	0.00181	0.00267	0.05044	0.00434	0.00396

[dist]
# distance from previous block
# <min> <max>
1	2

[block]
# block no. 3 follows, 56 sequences, length 9
# corresponding to MSA columns:
# 208-216
name=unknown_D
#
# <colnr> <probs for GDERKNQSTAVLIFYWHMCP>
#	G	D	E	R	K	N	Q	S	T	A	V	L	I	F	Y	W	H	M	C	P
0	0.01288	0.18629	0.01579	0.02793	0.05797	0.31102	0.07130	0.03409	0.01068	0.01191	0.00843	0.04188	0.00763	0.00807	0.07390	0.03915	0.06954	0.00384	0.00236	0.00535
1	0.05050	0.01024	0.08364	0.12436	0.11540	0.00863	0.02827	0.02815	0.03010	0.01497	0.00842	0.01036	0.00677	0.00408	0.00432	0.00110	0.03642	0.00334	0.00256	0.42836
2	0.01351	0.13998	0.21049	0.01240	0.06454	0.13554	0.04258	0.23624	0.04474	0.01767	0.00899	0.01002	0.00687	0.00483	0.00459	0.00134	0.03246	0.00361	0.00290	0.00669
3	0.08710	0.02883	0.05471	0.02880	0.10442	0.19776	0.05336	0.06940	0.01192	0.11558	0.05371	0.05880	0.09041	0.00626	0.00456	0.00141	0.00529	0.01845	0.00338	0.00584
4	0.01945	0.00796	0.01058	0.00817	0.01169	0.00700	0.00671	0.02194	0.06186	0.72243	0.01763	0.01540	0.01129	0.00560	0.00456	0.00139	0.00386	0.00455	0.00547	0.05246
5	0.00567	0.00441	0.00516	0.00550	0.00649	0.00390	0.00392	0.00686	0.01026	0.01316	0.16716	0.34342	0.38309	0.01230	0.00559	0.00165	0.00243	0.01073	0.00440	0.00390
6	0.00869	0.00840	0.00841	0.00917	0.07989	0.15172	0.00613	0.01017	0.02605	0.01225	0.07788	0.18204	0.16041	0.06785	0.13376	0.02114	0.02097	0.00728	0.00334	0.00446
7	0.01935	0.00756	0.01036	0.00810	0.01141	0.00666	0.00666	0.02111	0.01263	0.74165	0.01759	0.01584	0.01137	0.00825	0.07735	0.00195	0.00465	0.00464	0.00539	0.00748
8	0.00668	0.00445	0.00501	0.00501	0.00501	0.00445	0.00278	0.00668	0.00668	0.00890	0.01447	0.03004	0.01669	0.83866	0.02337	0.00445	0.00445	0.00668	0.00278	0.00278

[dist]
# distance from previous block
# <min> <max>
0	2

[block]
# block no. 4 follows, 56 sequences, length 23
# corresponding to MSA columns:
# 219-241
name=unknown_E
#
# <colnr> <probs for GDERKNQSTAVLIFYWHMCP>
#	G	D	E	R	K	N	Q	S	T	A	V	L	I	F	Y	W	H	M	C	P
0	0.02060	0.00781	0.01065	0.00817	0.01172	0.00675	0.00675	0.02237	0.01314	0.81320	0.01811	0.01563	0.01136	0.00568	0.00462	0.00142	0.00391	0.00462	0.00568	0.00781
1	0.01084	0.01238	0.02709	0.01935	0.02399	0.01161	0.79334	0.01471	0.01084	0.01471	0.00929	0.01238	0.00697	0.00387	0.00542	0.00155	0.00774	0.00542	0.00232	0.00619
2	0.00582	0.00435	0.00535	0.00584	0.00659	0.00396	0.00411	0.00696	0.00993	0.01302	0.16887	0.42868	0.23188	0.04996	0.00648	0.00183	0.00262	0.03558	0.00433	0.00385
3	0.09060	0.00676	0.00777	0.00700	0.00892	0.00679	0.00543	0.10458	0.06724	0.13070	0.22767	0.14335	0.11442	0.02343	0.00533	0.00159	0.00319	0.03532	0.00458	0.00533
4	0.01781	0.01090	0.01245	0.00966	0.01316	0.01151	0.00795	0.49345	0.05602	0.27167	0.01363	0.01296	0.00932	0.00649	0.02968	0.00158	0.00485	0.00436	0.00487	0.00767
5	0.01384	0.00740	0.00963	0.00783	0.01053	0.00695	0.04144	0.07213	0.08283	0.35810	0.15143	0.02320	0.15052	0.00723	0.00487	0.00145	0.00352	0.00612	0.03465	0.00634
6	0.11070	0.00558	0.00613	0.00587	0.00742	0.00541	0.00444	0.01015	0.05246	0.07072	0.21932	0.11861	0.26122	0.04830	0.00585	0.00167	0.00279	0.02663	0.03221	0.00453
7	0.00992	0.00694	0.00779	0.00704	0.00870	0.00728	0.00521	0.06957	0.24219	0.08359	0.13138	0.05642	0.08641	0.20754	0.00931	0.00220	0.00353	0.00652	0.04317	0.00529
8	0.00628	0.00492	0.00627	0.00628	0.00719	0.00512	0.00470	0.00752	0.00870	0.01157	0.04639	0.11881	0.28489	0.08652	0.31414	0.00402	0.04607	0.00762	0.01907	0.00393
9	0.00937	0.00668	0.00742	0.00678	0.00860	0.00692	0.00518	0.03844	0.25972	0.06875	0.19414	0.04243	0.16158	0.04021	0.00551	0.00157	0.00295	0.00669	0.12162	0.00543
10	0.00891	0.00573	0.00706	0.00685	0.00824	0.00563	0.00509	0.01227	0.14176	0.12173	0.21876	0.29612	0.06684	0.02649	0.00566	0.00167	0.00291	0.02715	0.02613	0.00502
11	0.29157	0.00938	0.00951	0.00792	0.01076	0.01021	0.00640	0.27991	0.05079	0.12468	0.01238	0.08595	0.00997	0.00596	0.00405	0.00143	0.00393	0.00453	0.06443	0.00625
12	0.00890	0.00851	0.01062	0.00954	0.01039	0.09442	0.04674	0.01024	0.00800	0.01087	0.01022	0.02936	0.00994	0.10529	0.36323	0.00448	0.24762	0.00479	0.00238	0.00446
13	0.00656	0.00482	0.00697	0.00702	0.00784	0.00547	0.00539	0.00812	0.00766	0.01103	0.01455	0.05868	0.04641	0.05005	0.69098	0.00651	0.01077	0.00552	0.04160	0.00405
14	0.24489	0.00679	0.02266	0.00613	0.00817	0.00659	0.00490	0.04405	0.01065	0.08402	0.17130	0.06455	0.23976	0.04583	0.00544	0.00163	0.00312	0.02072	0.00404	0.00477
15	0.00662	0.00469	0.00621	0.00621	0.00662	0.00510	0.00428	0.00745	0.00703	0.00979	0.01337	0.02398	0.01406	0.43226	0.42616	0.00593	0.00842	0.00579	0.00262	0.00345
16	0.00663	0.00448	0.00514	0.00514	0.00523	0.00451	0.00298	0.00676	0.00682	0.00910	0.01522	0.02972	0.03814	0.76833	0.07004	0.00454	0.00486	0.00666	0.00280	0.00289
17	0.00975	0.00852	0.01058	0.02490	0.01071	0.06581	0.00763	0.04850	0.02381	0.04313	0.01059	0.01485	0.02502	0.04918	0.31005	0.02451	0.30052	0.00454	0.00259	0.00481
18	0.00789	0.00598	0.00752	0.02161	0.00803	0.04279	0.00537	0.00826	0.00749	0.01027	0.02473	0.03833	0.04131	0.14240	0.24647	0.22981	0.10486	0.00513	0.03823	0.00353
19	0.00675	0.00517	0.00763	0.00753	0.00827	0.00613	0.00584	0.00829	0.00733	0.01060	0.01205	0.01812	0.01141	0.06723	0.74351	0.00697	0.05568	0.00495	0.00245	0.00409
20	0.00599	0.00502	0.00527	0.00530	0.00679	0.00451	0.00397	0.00811	0.07375	0.01307	0.06207	0.11484	0.63622	0.01141	0.00542	0.00159	0.00250	0.02571	0.00432	0.00415
21	0.03216	0.01205	0.04507	0.07309	0.38833	0.09999	0.11114	0.01502	0.04166	0.05513	0.00929	0.01143	0.00736	0.00450	0.00473	0.01567	0.00580	0.00405	0.00257	0.06099
22	0.02522	0.01213	0.05393	0.19355	0.25340	0.13674	0.09574	0.02888	0.04428	0.01403	0.01034	0.02908	0.02763	0.00544	0.02055	0.00153	0.00612	0.00439	0.03100	0.00601

[dist]
# distance from previous block
# <min> <max>
0	79

[block]
# block no. 5 follows, 56 sequences, length 19
# corresponding to MSA columns:
# 322-340
name=unknown_F
#
# <colnr> <probs for GDERKNQSTAVLIFYWHMCP>
#	G	D	E	R	K	N	Q	S	T	A	V	L	I	F	Y	W	H	M	C	P
0	0.01207	0.13498	0.01268	0.02407	0.04597	0.24536	0.00746	0.04954	0.03573	0.03405	0.14895	0.01669	0.08191	0.00617	0.00497	0.00128	0.05532	0.00466	0.00318	0.07497
1	0.00915	0.05874	0.06831	0.01037	0.08752	0.02180	0.00835	0.04574	0.02699	0.03901	0.07988	0.03544	0.06474	0.00948	0.00545	0.00174	0.00438	0.40160	0.00382	0.01750
2	0.02567	0.33929	0.09555	0.11246	0.07296	0.09602	0.04106	0.08030	0.02163	0.01363	0.00815	0.01028	0.00681	0.00543	0.02877	0.00144	0.01643	0.01571	0.00237	0.00601
3	0.01079	0.54327	0.20666	0.00885	0.01310	0.01483	0.00958	0.01312	0.00948	0.01185	0.01098	0.01180	0.08922	0.00493	0.00383	0.00118	0.02502	0.00346	0.00220	0.00587
4	0.00660	0.00446	0.00499	0.00499	0.00508	0.00442	0.00282	0.00667	0.00691	0.00911	0.01641	0.03090	0.06479	0.78839	0.02228	0.00427	0.00432	0.00686	0.00287	0.00285
5	0.00995	0.00898	0.01134	0.00893	0.04554	0.02427	0.05888	0.01257	0.04467	0.01493	0.00863	0.01012	0.00711	0.00376	0.00404	0.00086	0.03082	0.00311	0.00273	0.68877
6	0.00659	0.00446	0.00507	0.00509	0.00519	0.00445	0.00293	0.00671	0.00691	0.00917	0.01603	0.04861	0.05097	0.76149	0.04479	0.00435	0.00454	0.00690	0.00287	0.00289
7	0.01139	0.03014	0.05639	0.13452	0.15061	0.09734	0.05280	0.04149	0.24702	0.02761	0.03461	0.02508	0.02721	0.00558	0.00493	0.00147	0.02863	0.01359	0.00323	0.00635
8	0.01616	0.02783	0.01394	0.02520	0.06185	0.06242	0.02135	0.54971	0.10586	0.05169	0.01157	0.01168	0.00839	0.00539	0.00455	0.00138	0.00513	0.00418	0.00424	0.00746
9	0.00594	0.00456	0.00544	0.00576	0.00680	0.00411	0.00428	0.00729	0.01046	0.01348	0.18688	0.23949	0.35412	0.03296	0.00609	0.00175	0.00265	0.09963	0.00438	0.00394
10	0.01088	0.00995	0.02813	0.11875	0.27064	0.04483	0.02150	0.10352	0.08927	0.01558	0.02860	0.07888	0.01146	0.00687	0.00605	0.05336	0.04090	0.05174	0.00305	0.00602
11	0.01162	0.55885	0.17441	0.01044	0.01496	0.03504	0.11163	0.01413	0.00968	0.01203	0.00713	0.00848	0.00602	0.00402	0.00356	0.00115	0.00571	0.00303	0.00202	0.00609
12	0.00678	0.00457	0.00535	0.00550	0.00564	0.00457	0.00343	0.00708	0.00723	0.00959	0.01586	0.03312	0.01807	0.72178	0.02096	0.00412	0.00442	0.11597	0.00299	0.00299
13	0.00594	0.00418	0.00522	0.00588	0.00615	0.00397	0.00378	0.00656	0.00836	0.01111	0.04673	0.53344	0.06298	0.26070	0.01106	0.00261	0.00317	0.01084	0.00384	0.00347
14	0.00952	0.00816	0.00952	0.00680	0.01088	0.00612	0.00544	0.01156	0.00952	0.01496	0.00816	0.00952	0.00680	0.00340	0.00340	0.00068	0.00340	0.00272	0.00272	0.86672
15	0.53718	0.00980	0.01061	0.01167	0.18128	0.03320	0.03938	0.04947	0.00946	0.03588	0.00781	0.00923	0.00610	0.00435	0.00348	0.00139	0.00428	0.00315	0.03660	0.00569
16	0.00822	0.00743	0.01269	0.03603	0.11480	0.00736	0.18379	0.01023	0.00983	0.01348	0.16878	0.02320	0.09049	0.15986	0.09606	0.01709	0.02650	0.00628	0.00310	0.00478
17	0.00696	0.00574	0.04150	0.00715	0.00832	0.00498	0.00573	0.02171	0.03205	0.01344	0.02348	0.42187	0.06503	0.01185	0.00554	0.00177	0.00329	0.21137	0.06723	0.04099
18	0.18931	0.06803	0.24351	0.02308	0.11609	0.00991	0.00998	0.03245	0.02978	0.03033	0.02235	0.02901	0.02030	0.05177	0.00502	0.00149	0.00488	0.00381	0.00265	0.10625

[dist]
# distance from previous block
# <min> <max>
1	4

[block]
# block no. 6 follows, 56 sequences, length 85
# corresponding to MSA columns:
# 345-429
name=unknown_G
#
# <colnr> <probs for GDERKNQSTAVLIFYWHMCP>
#	G	D	E	R	K	N	Q	S	T	A	V	L	I	F	Y	W	H	M	C	P
0	0.03042	0.01208	0.10483	0.05530	0.11566	0.01113	0.02582	0.29098	0.08004	0.14651	0.01196	0.02725	0.00878	0.00530	0.00470	0.00141	0.01834	0.00431	0.00384	0.04136
1	0.00867	0.00660	0.00795	0.02899	0.02264	0.02180	0.00580	0.08181	0.05348	0.02664	0.04602	0.09385	0.09724	0.10088	0.17725	0.00304	0.02954	0.06410	0.07256	0.05115
2	0.00619	0.00436	0.00536	0.00579	0.00618	0.00416	0.00382	0.00694	0.00867	0.01157	0.11274	0.34613	0.07599	0.32629	0.01245	0.00279	0.00334	0.04994	0.00379	0.00347
3	0.01491	0.40098	0.01817	0.00992	0.01308	0.40320	0.00839	0.06005	0.01179	0.01203	0.00699	0.00801	0.00601	0.00440	0.00361	0.00110	0.00654	0.00279	0.00231	0.00573
4	0.02220	0.01023	0.06529	0.10955	0.31643	0.00988	0.02460	0.13601	0.02399	0.01570	0.00988	0.02864	0.00846	0.05121	0.06006	0.07213	0.00572	0.00440	0.00270	0.02292
5	0.02802	0.11215	0.16913	0.03407	0.35570	0.12194	0.02847	0.07079	0.01126	0.01495	0.00822	0.01010	0.00662	0.00432	0.00426	0.00132	0.00602	0.00361	0.00236	0.00669
6	0.00564	0.00403	0.00539	0.00645	0.00674	0.00377	0.00435	0.00648	0.00884	0.01178	0.02528	0.81334	0.03025	0.01433	0.00587	0.00187	0.00271	0.03486	0.00426	0.00374
7	0.01220	0.01022	0.01245	0.01015	0.01280	0.08819	0.14170	0.15891	0.16739	0.05465	0.05874	0.07182	0.01313	0.00610	0.00459	0.00141	0.00464	0.00535	0.15948	0.00607
8	0.00859	0.00717	0.00846	0.04548	0.06185	0.02030	0.00631	0.06478	0.17814	0.01645	0.19857	0.05799	0.23756	0.00884	0.00517	0.00155	0.00336	0.05987	0.00428	0.00527
9	0.00562	0.00401	0.00532	0.00636	0.00662	0.00375	0.00422	0.00640	0.00873	0.01165	0.02502	0.81478	0.03001	0.03574	0.00631	0.00193	0.00271	0.01289	0.00422	0.00370
10	0.01077	0.00898	0.00966	0.00878	0.01112	0.01019	0.00678	0.02176	0.66322	0.03419	0.08903	0.06184	0.02945	0.00700	0.00481	0.00156	0.00344	0.00593	0.00470	0.00678
11	0.00723	0.00427	0.00589	0.00609	0.00653	0.00409	0.00426	0.00694	0.00822	0.02447	0.11833	0.20105	0.08051	0.02634	0.01197	0.42624	0.00335	0.04793	0.00325	0.00305
12	0.01724	0.01275	0.01366	0.01052	0.01416	0.01414	0.00867	0.76752	0.04912	0.02859	0.01129	0.01124	0.00803	0.00554	0.00460	0.00138	0.00500	0.00417	0.00460	0.00779
13	0.00668	0.00445	0.00501	0.00501	0.00501	0.00445	0.00278	0.00668	0.00668	0.00890	0.01447	0.03004	0.01669	0.83866	0.02337	0.00445	0.00445	0.00668	0.00278	0.00278
14	0.00993	0.00541	0.00681	0.00637	0.00761	0.00506	0.00458	0.01123	0.02828	0.20462	0.11654	0.15317	0.06183	0.29653	0.01155	0.00259	0.00362	0.05550	0.00420	0.00458
15	0.01073	0.01022	0.01738	0.17876	0.63875	0.01061	0.01364	0.01351	0.01022	0.01434	0.00902	0.01274	0.00763	0.00444	0.00461	0.00142	0.00554	0.02740	0.00229	0.00677
