[name]
unknown

[dist]
# distance from previous block
# <min> <max>
2	24

[block]
# block no. 0 follows, 57 sequences, length 55
# corresponding to MSA columns:
# 24-78
name=unknown_A
#
# <colnr> <probs for GDERKNQSTAVLIFYWHMCP>
#	G	D	E	R	K	N	Q	S	T	A	V	L	I	F	Y	W	H	M	C	P
0	0.01134	0.00844	0.03459	0.00739	0.01132	0.00635	0.02321	0.01344	0.01020	0.16254	0.03560	0.01136	0.00867	0.00400	0.00371	0.00087	0.00360	0.00329	0.00327	0.63681
1	0.01077	0.29048	0.18759	0.00948	0.01282	0.13558	0.02324	0.02913	0.00995	0.01216	0.01152	0.13014	0.03589	0.03177	0.00505	0.00142	0.03332	0.02174	0.00253	0.00543
2	0.01611	0.02004	0.01364	0.01399	0.12859	0.70607	0.00949	0.01749	0.01248	0.01162	0.00722	0.00861	0.00603	0.00458	0.00414	0.00119	0.00777	0.00308	0.00232	0.00553
3	0.00566	0.00408	0.00514	0.00592	0.00629	0.00380	0.00391	0.00637	0.00856	0.01124	0.02582	0.63158	0.11674	0.13250	0.00821	0.00217	0.00284	0.01160	0.00400	0.00356
4	0.00905	0.00756	0.00876	0.00668	0.00990	0.00622	0.00515	0.01164	0.07387	0.01411	0.00993	0.01320	0.00885	0.12479	0.03393	0.00150	0.00382	0.00352	0.00284	0.64469
5	0.00995	0.01103	0.02366	0.01726	0.02123	0.01034	0.68240	0.01334	0.01041	0.01409	0.01144	0.13069	0.01019	0.00531	0.00541	0.00157	0.00692	0.00643	0.00257	0.00576
6	0.00720	0.00520	0.00645	0.00690	0.00765	0.00517	0.00484	0.11983	0.01049	0.01401	0.02295	0.71913	0.02678	0.01294	0.00560	0.00177	0.00297	0.01162	0.00425	0.00426
7	0.01208	0.01158	0.02441	0.01751	0.02194	0.01077	0.68275	0.01560	0.01102	0.12948	0.01042	0.01268	0.00750	0.00408	0.00523	0.00151	0.00710	0.00523	0.00277	0.00634
8	0.01624	0.13954	0.01441	0.01111	0.01367	0.70709	0.00861	0.01744	0.01232	0.01103	0.00690	0.00804	0.00583	0.00456	0.00392	0.00114	0.00769	0.00285	0.00228	0.00533
9	0.00603	0.00674	0.12178	0.00726	0.00844	0.00466	0.00601	0.00746	0.00880	0.01197	0.02256	0.71894	0.02649	0.01278	0.00557	0.00178	0.00321	0.01151	0.00388	0.00411
10	0.00596	0.00507	0.00533	0.00498	0.00681	0.00415	0.00376	0.00724	0.01019	0.01270	0.05570	0.06528	0.65293	0.01036	0.00508	0.00142	0.00246	0.00866	0.00401	0.12791
11	0.01134	0.13026	0.01916	0.02493	0.69756	0.01179	0.01302	0.01386	0.01016	0.01421	0.00820	0.01065	0.00698	0.00401	0.00426	0.00129	0.00531	0.00381	0.00220	0.00698
12	0.00876	0.01039	0.12915	0.67479	0.06640	0.01017	0.01324	0.01209	0.00919	0.01213	0.00809	0.01168	0.00605	0.00447	0.00450	0.00149	0.00610	0.00393	0.00201	0.00537
13	0.01168	0.72580	0.13762	0.00849	0.01278	0.01687	0.00904	0.01368	0.00926	0.01119	0.00656	0.00760	0.00580	0.00394	0.00311	0.00104	0.00511	0.00256	0.00193	0.00594
14	0.01168	0.00913	0.01043	0.00764	0.01155	0.00794	0.00618	0.19572	0.01233	0.05078	0.00912	0.00999	0.00713	0.00394	0.00368	0.00086	0.00376	0.00309	0.00324	0.63184
15	0.01156	0.07012	0.47011	0.01144	0.01668	0.00980	0.07084	0.01555	0.02116	0.18295	0.02338	0.02976	0.03628	0.00507	0.00443	0.00142	0.00570	0.00420	0.00293	0.00662
16	0.01698	0.01382	0.01335	0.01053	0.01392	0.12989	0.00856	0.67181	0.01987	0.02576	0.01057	0.02485	0.00782	0.00548	0.00449	0.00134	0.00540	0.00407	0.00421	0.00728
17	0.00802	0.00598	0.00819	0.00773	0.00895	0.00687	0.00609	0.12136	0.00929	0.01311	0.01196	0.01681	0.01081	0.02989	0.70537	0.00643	0.01111	0.00474	0.00273	0.00457
18	0.01126	0.13004	0.01817	0.08932	0.53060	0.01214	0.01235	0.04547	0.01021	0.01417	0.00804	0.01059	0.00680	0.00445	0.00517	0.00136	0.07717	0.00380	0.00225	0.00663
19	0.01141	0.33445	0.39950	0.01059	0.01577	0.01385	0.01215	0.12642	0.01111	0.01498	0.00783	0.00888	0.00605	0.00430	0.00381	0.00125	0.00575	0.00310	0.00230	0.00651
20	0.00974	0.19922	0.64717	0.01181	0.01790	0.01211	0.01482	0.01418	0.00949	0.01356	0.00774	0.00907	0.00576	0.00421	0.00401	0.00134	0.00630	0.00315	0.00192	0.00651
21	0.00659	0.00439	0.00494	0.00494	0.00494	0.00439	0.00275	0.00659	0.00659	0.00879	0.01428	0.02965	0.01647	0.84075	0.02306	0.00439	0.00439	0.00659	0.00275	0.00275
22	0.00728	0.00639	0.00836	0.01792	0.00926	0.03363	0.05787	0.01958	0.04134	0.01273	0.05845	0.38121	0.16630	0.01111	0.00657	0.00173	0.09689	0.05525	0.00379	0.00433
23	0.01096	0.01156	0.02430	0.01751	0.02180	0.01086	0.68990	0.03826	0.01105	0.04756	0.01143	0.03165	0.04048	0.00448	0.00530	0.00152	0.00708	0.00561	0.00262	0.00608
24	0.01070	0.01222	0.02674	0.01910	0.02368	0.01146	0.79603	0.01451	0.01070	0.01451	0.00917	0.01222	0.00688	0.00382	0.00535	0.00153	0.00764	0.00535	0.00229	0.00611
25	0.00801	0.00776	0.04758	0.06333	0.12679	0.00804	0.06379	0.00997	0.00827	0.01177	0.01174	0.10812	0.01145	0.04363	0.34394	0.00405	0.10890	0.00551	0.00250	0.00485
26	0.01102	0.01050	0.02936	0.30343	0.04423	0.05363	0.26365	0.03915	0.03476	0.07907	0.01023	0.04779	0.00807	0.00502	0.00525	0.00151	0.04006	0.00484	0.00267	0.00578
27	0.00989	0.00993	0.01431	0.01212	0.01232	0.01366	0.04201	0.01101	0.00710	0.01105	0.00617	0.01012	0.00607	0.00815	0.02643	0.00204	0.78659	0.00404	0.00200	0.00499
28	0.00648	0.00462	0.00619	0.00624	0.00668	0.00504	0.00435	0.00737	0.00704	0.00982	0.01358	0.05644	0.01430	0.37988	0.44569	0.00582	0.00842	0.00593	0.00264	0.00347
29	0.02080	0.02150	0.09781	0.01912	0.38320	0.00979	0.12883	0.03289	0.04268	0.01462	0.01222	0.15037	0.02191	0.00601	0.00494	0.00148	0.01709	0.00573	0.00273	0.00627
30	0.04016	0.01348	0.01277	0.01026	0.01353	0.14633	0.00828	0.52529	0.10184	0.06569	0.01128	0.01121	0.00815	0.00536	0.00442	0.00135	0.00526	0.00398	0.00419	0.00717
31	0.00869	0.00706	0.00785	0.00758	0.00921	0.00760	0.00565	0.05877	0.35524	0.01607	0.05445	0.30811	0.11582	0.00969	0.00514	0.00163	0.00312	0.00844	0.00443	0.00546
32	0.00572	0.00414	0.00545	0.00637	0.00683	0.00387	0.00446	0.00672	0.00913	0.01207	0.05732	0.67100	0.08556	0.01364	0.00578	0.00183	0.00274	0.08936	0.00423	0.00376
33	0.02268	0.08285	0.44248	0.01193	0.03101	0.03103	0.04414	0.09665	0.15176	0.02728	0.01023	0.01098	0.00752	0.00472	0.00430	0.00140	0.00579	0.00375	0.00276	0.00676
34	0.00814	0.00586	0.00694	0.00623	0.00782	0.00564	0.00479	0.12166	0.01339	0.04259	0.48397	0.05386	0.20318	0.00922	0.00522	0.00145	0.00265	0.00792	0.00475	0.00476
35	0.00659	0.00439	0.00494	0.00494	0.00494	0.00439	0.00275	0.00659	0.00659	0.00879	0.01428	0.02965	0.01647	0.84075	0.02306	0.00439	0.00439	0.00659	0.00275	0.00275
36	0.01204	0.13126	0.07171	0.19393	0.09741	0.11583	0.08705	0.03592	0.02145	0.09869	0.01017	0.05702	0.00832	0.00508	0.00446	0.00137	0.01537	0.00431	0.02271	0.00590
37	0.00565	0.00402	0.00532	0.00623	0.00652	0.00381	0.00416	0.00645	0.00860	0.01152	0.04508	0.73502	0.02880	0.07068	0.03313	0.00218	0.00304	0.01207	0.00407	0.00365
38	0.01339	0.01285	0.08286	0.06680	0.03045	0.18821	0.01873	0.15636	0.08727	0.09265	0.01168	0.01265	0.01684	0.00614	0.02964	0.00152	0.03477	0.00401	0.12713	0.00606
39	0.00943	0.00808	0.00941	0.00676	0.01076	0.00613	0.00540	0.01163	0.02346	0.01484	0.00824	0.00953	0.00684	0.00341	0.00338	0.00069	0.00336	0.00273	0.00272	0.85321
40	0.02505	0.22054	0.11702	0.01016	0.01388	0.13321	0.02650	0.22174	0.14277	0.03187	0.01009	0.01047	0.00772	0.00486	0.00404	0.00128	0.00543	0.00359	0.00319	0.00659
41	0.01078	0.14462	0.16971	0.01724	0.18136	0.03255	0.31121	0.01436	0.02964	0.01389	0.00891	0.02897	0.00721	0.00427	0.00455	0.00138	0.00637	0.00435	0.00226	0.00634
42	0.00977	0.01146	0.14220	0.00866	0.01105	0.12446	0.00760	0.06462	0.02119	0.01274	0.01058	0.02539	0.01001	0.21238	0.15444	0.00308	0.04673	0.00447	0.00261	0.11657
43	0.01662	0.04352	0.03359	0.01151	0.01409	0.72083	0.00892	0.07483	0.01328	0.01244	0.00730	0.00838	0.00597	0.00469	0.00409	0.00118	0.00781	0.00300	0.00247	0.00548
44	0.01122	0.01077	0.01839	0.02781	0.81248	0.01077	0.01391	0.01391	0.01032	0.01480	0.00852	0.01122	0.00718	0.00404	0.00449	0.00135	0.00538	0.00404	0.00224	0.00718
45	0.03357	0.01183	0.01370	0.03176	0.09121	0.02979	0.03546	0.47210	0.17010	0.02347	0.01167	0.01199	0.00862	0.00539	0.00481	0.00142	0.02758	0.00426	0.00404	0.00725
46	0.00551	0.00398	0.00522	0.00621	0.00655	0.00369	0.00416	0.00632	0.00877	0.01160	0.02614	0.79357	0.07344	0.01404	0.00576	0.00182	0.00261	0.01270	0.00421	0.00369
47	0.01204	0.68237	0.06466	0.00820	0.01193	0.07671	0.00812	0.01372	0.00954	0.01121	0.00726	0.00902	0.00659	0.00425	0.00317	0.00104	0.00507	0.02367	0.03570	0.00571
48	0.01000	0.18638	0.63708	0.01175	0.01780	0.01189	0.01468	0.01441	0.00959	0.03557	0.00803	0.00927	0.00591	0.00426	0.00403	0.00134	0.00625	0.00320	0.00202	0.00655
49	0.00724	0.00575	0.00816	0.04132	0.00972	0.00567	0.06964	0.08113	0.02197	0.01363	0.03214	0.57539	0.08682	0.01175	0.00552	0.00172	0.00338	0.01065	0.00401	0.00438
50	0.00785	0.00525	0.00664	0.00604	0.00743	0.00491	0.00460	0.05034	0.01304	0.07330	0.64720	0.04299	0.09477	0.00904	0.00525	0.00143	0.00242	0.00789	0.00494	0.00465
51	0.00714	0.00527	0.00699	0.00781	0.00895	0.00522	0.00668	0.00948	0.04180	0.01353	0.02673	0.07529	0.13038	0.01218	0.00606	0.00198	0.00385	0.62223	0.00420	0.00423
52	0.00659	0.00439	0.00494	0.00494	0.00494	0.00439	0.00275	0.00659	0.00659	0.00879	0.01428	0.02965	0.01647	0.84075	0.02306	0.00439	0.00439	0.00659	0.00275	0.00275
53	0.00630	0.00461	0.00608	0.00691	0.00771	0.00438	0.00542	0.00777	0.00988	0.01289	0.07394	0.35521	0.12989	0.01284	0.00590	0.00188	0.00321	0.33699	0.00424	0.00394
54	0.02011	0.00776	0.01051	0.00809	0.01157	0.00677	0.00667	0.02213	0.03193	0.79654	0.01789	0.01546	0.01128	0.00562	0.00456	0.00141	0.00385	0.00457	0.00558	0.00770

[dist]
# distance from previous block
# <min> <max>
0	384

[block]
# block no. 1 follows, 57 sequences, length 108
# corresponding to MSA columns:
# 464-469,473-488,491-576
name=unknown_B
#
# <colnr> <probs for GDERKNQSTAVLIFYWHMCP>
#	G	D	E	R	K	N	Q	S	T	A	V	L	I	F	Y	W	H	M	C	P
0	0.01058	0.01204	0.02622	0.03051	0.02353	0.01132	0.77258	0.01435	0.01064	0.01443	0.00940	0.02497	0.00722	0.00399	0.00534	0.00153	0.00754	0.00545	0.00232	0.00606
1	0.00635	0.00463	0.00596	0.00563	0.00673	0.00425	0.00422	0.00842	0.01267	0.01779	0.76099	0.03448	0.09210	0.00941	0.00535	0.00143	0.00215	0.00828	0.00494	0.00425
2	0.01991	0.00806	0.01069	0.00823	0.01172	0.00722	0.00679	0.06848	0.03438	0.74752	0.01747	0.01519	0.01108	0.00561	0.00456	0.00140	0.00392	0.00454	0.00552	0.00770
3	0.01033	0.01114	0.02070	0.01572	0.01815	0.01259	0.42711	0.01282	0.00893	0.01282	0.00766	0.01114	0.00644	0.00575	0.00982	0.00174	0.39472	0.00470	0.00215	0.00557
4	0.00834	0.00421	0.00426	0.00430	0.00533	0.00420	0.00321	0.01040	0.00947	0.01669	0.01517	0.04823	0.01232	0.00562	0.00327	0.00109	0.00213	0.00455	0.83301	0.00420
5	0.00648	0.00483	0.00718	0.00718	0.00795	0.00561	0.00554	0.00803	0.00725	0.01044	0.01223	0.01832	0.01155	0.06924	0.78784	0.00716	0.01180	0.00493	0.00244	0.00399
6	0.00928	0.00770	0.00907	0.00730	0.02505	0.00648	0.00557	0.05999	0.03524	0.01526	0.03110	0.11058	0.03227	0.01958	0.00439	0.00102	0.01618	0.00451	0.01490	0.58451
7	0.05101	0.23674	0.21656	0.01172	0.09624	0.13271	0.01951	0.02805	0.03488	0.06335	0.06142	0.01106	0.00896	0.00469	0.00396	0.00126	0.00555	0.00355	0.00262	0.00614
8	0.00966	0.22072	0.33678	0.00969	0.03113	0.01052	0.01045	0.02653	0.01026	0.04926	0.10248	0.05507	0.09736	0.00606	0.00428	0.00134	0.00488	0.00486	0.00283	0.00583
9	0.00635	0.00421	0.00542	0.00628	0.00682	0.00404	0.00455	0.00760	0.00912	0.01287	0.02297	0.55563	0.02600	0.01230	0.00539	0.00174	0.00280	0.14244	0.15960	0.00386
10	0.01065	0.01159	0.14456	0.05469	0.31288	0.02076	0.02049	0.07698	0.06627	0.05176	0.06469	0.05659	0.07654	0.00588	0.00467	0.00143	0.00487	0.00518	0.00311	0.00639
11	0.01259	0.06949	0.07171	0.01102	0.04177	0.13497	0.07403	0.12815	0.23884	0.04936	0.01348	0.08270	0.01122	0.00601	0.00454	0.00142	0.00511	0.01833	0.01889	0.00636
12	0.00657	0.00447	0.00534	0.00534	0.00547	0.00461	0.00324	0.00684	0.00671	0.00908	0.01392	0.02765	0.01561	0.70470	0.15793	0.00488	0.00570	0.00630	0.00269	0.00296
13	0.01092	0.00810	0.00962	0.00695	0.01091	0.00628	0.00559	0.02823	0.01008	0.11533	0.00934	0.01018	0.00730	0.00368	0.00353	0.00078	0.00345	0.00295	0.00309	0.74370
14	0.01063	0.01202	0.02602	0.01919	0.05420	0.01130	0.75051	0.01438	0.01072	0.01460	0.02426	0.01259	0.00756	0.00393	0.00531	0.00152	0.00745	0.00535	0.00234	0.00612
15	0.01002	0.01595	0.33295	0.03365	0.13105	0.01125	0.23939	0.01423	0.03965	0.01416	0.00861	0.01093	0.00661	0.00464	0.00593	0.00152	0.10674	0.00418	0.00218	0.00637
16	0.00545	0.00420	0.00499	0.00562	0.00639	0.00374	0.00390	0.00639	0.00934	0.01184	0.03336	0.51968	0.34268	0.01311	0.00561	0.00172	0.00250	0.01155	0.00421	0.00374
17	0.00686	0.00506	0.00591	0.00564	0.00709	0.00461	0.00433	0.02514	0.03275	0.04502	0.35954	0.03754	0.37978	0.01013	0.00534	0.00151	0.00248	0.05230	0.00460	0.00435
18	0.01256	0.73163	0.03504	0.00822	0.01201	0.07248	0.00798	0.04112	0.02327	0.01151	0.00674	0.00765	0.00602	0.00403	0.00309	0.00101	0.00509	0.00257	0.00210	0.00588
19	0.00575	0.00455	0.00556	0.00571	0.00680	0.00404	0.01890	0.00704	0.01027	0.01319	0.17750	0.29409	0.38612	0.01182	0.00551	0.00162	0.00252	0.03077	0.00431	0.00391
20	0.00556	0.00397	0.00530	0.00636	0.00664	0.00372	0.00428	0.00638	0.00872	0.01161	0.02495	0.82007	0.02988	0.01416	0.00579	0.00185	0.00266	0.03020	0.00421	0.00369
21	0.01071	0.01237	0.09547	0.12757	0.31114	0.02540	0.30432	0.03119	0.01051	0.01447	0.00869	0.01149	0.00677	0.00409	0.00479	0.00144	0.00647	0.00444	0.00225	0.00643
22	0.02348	0.02356	0.03260	0.04387	0.12274	0.14175	0.02617	0.04207	0.45772	0.01680	0.01385	0.01383	0.01059	0.00539	0.00447	0.00143	0.00488	0.00444	0.00364	0.00671
23	0.00946	0.00920	0.01296	0.01187	0.05263	0.02398	0.02024	0.01063	0.00729	0.01102	0.00738	0.01191	0.00722	0.04329	0.13438	0.00281	0.61255	0.00421	0.00210	0.00487
24	0.06921	0.01616	0.01223	0.01050	0.01313	0.44264	0.00820	0.14647	0.02917	0.14395	0.00951	0.01001	0.00712	0.00515	0.00484	0.00131	0.05763	0.00345	0.00327	0.00605
25	0.01080	0.03002	0.01008	0.00872	0.01126	0.01068	0.00682	0.02208	0.69683	0.01815	0.01963	0.01825	0.06650	0.00636	0.00456	0.00149	0.00350	0.00527	0.01929	0.02970
26	0.00749	0.00623	0.00678	0.00637	0.00785	0.03673	0.00482	0.01138	0.16247	0.01665	0.45055	0.04575	0.20137	0.00906	0.00517	0.00147	0.00269	0.00779	0.00463	0.00476
27	0.00552	0.00394	0.00526	0.00631	0.00657	0.00368	0.00421	0.00631	0.00868	0.01157	0.02498	0.83779	0.02997	0.01420	0.00578	0.00184	0.00263	0.01288	0.00421	0.00368
28	0.01177	0.62957	0.03347	0.00866	0.01176	0.04672	0.00823	0.01320	0.00894	0.01091	0.00647	0.00803	0.00596	0.00469	0.00517	0.00117	0.15646	0.00278	0.02044	0.00562
29	0.01410	0.01411	0.01224	0.01078	0.06205	0.31571	0.01764	0.13145	0.02384	0.05489	0.00871	0.00971	0.00687	0.00444	0.00419	0.00109	0.02097	0.00325	0.00295	0.28101
30	0.02458	0.20448	0.26829	0.01039	0.01470	0.11501	0.03757	0.05761	0.07102	0.09860	0.02115	0.01169	0.03610	0.00489	0.00409	0.00130	0.00561	0.00372	0.00285	0.00633
31	0.00716	0.00515	0.00710	0.00800	0.00906	0.00509	0.00692	0.00921	0.01060	0.01384	0.08204	0.04955	0.05958	0.01224	0.00616	0.00202	0.00395	0.69395	0.00423	0.00417
32	0.00856	0.00805	0.01359	0.82986	0.03121	0.01007	0.01258	0.01158	0.00906	0.01158	0.00805	0.01208	0.00604	0.00453	0.00453	0.00151	0.00604	0.00403	0.00201	0.00503
33	0.00927	0.04017	0.00867	0.00857	0.00987	0.16262	0.00699	0.01090	0.01056	0.02975	0.02011	0.19167	0.02184	0.01085	0.00559	0.00180	0.00466	0.43790	0.00377	0.00442
34	0.03205	0.00910	0.01002	0.00854	0.01112	0.03080	0.03369	0.11509	0.38058	0.11953	0.01629	0.01579	0.02409	0.00575	0.00431	0.00139	0.00375	0.00471	0.16684	0.00656
35	0.00633	0.00431	0.00499	0.00520	0.00531	0.00423	0.00306	0.00653	0.00714	0.00946	0.01752	0.19255	0.04660	0.64601	0.01898	0.00378	0.00397	0.00796	0.00309	0.00297
36	0.00811	0.00429	0.00452	0.00447	0.00552	0.00423	0.00335	0.01023	0.01005	0.01710	0.14486	0.01967	0.01671	0.00593	0.00352	0.00112	0.00212	0.00487	0.72510	0.00423
37	0.01033	0.00986	0.01679	0.29528	0.55195	0.01053	0.01347	0.01313	0.00990	0.01373	0.00837	0.01150	0.00680	0.00420	0.00450	0.00140	0.00560	0.00403	0.00217	0.00646
38	0.01870	0.00732	0.00974	0.00761	0.01080	0.00645	0.00624	0.02070	0.02766	0.70212	0.01751	0.01563	0.01132	0.00558	0.00439	0.00136	0.00364	0.00453	0.11146	0.00727
39	0.00552	0.00394	0.00526	0.00631	0.00657	0.00368	0.00421	0.00631	0.00868	0.01157	0.02498	0.83779	0.02997	0.01420	0.00578	0.00184	0.00263	0.01288	0.00421	0.00368
40	0.00536	0.00459	0.00459	0.00459	0.00612	0.00383	0.00344	0.00650	0.01033	0.01224	0.04590	0.04361	0.81065	0.01148	0.00536	0.00153	0.00230	0.00956	0.00421	0.00383
41	0.00638	0.00529	0.00871	0.00839	0.00935	0.00495	0.12999	0.00768	0.00904	0.01208	0.02244	0.68901	0.02622	0.01251	0.00573	0.00180	0.00346	0.02901	0.00390	0.00408
42	0.00568	0.00406	0.00544	0.00649	0.00682	0.00382	0.00448	0.00658	0.00883	0.01174	0.02489	0.76771	0.02962	0.01405	0.00583	0.00186	0.00277	0.08140	0.00420	0.00372
43	0.00856	0.00805	0.01359	0.82986	0.03121	0.01007	0.01258	0.01158	0.00906	0.01158	0.00805	0.01208	0.00604	0.00453	0.00453	0.00151	0.00604	0.00403	0.00201	0.00503
44	0.01693	0.02144	0.01285	0.01165	0.01401	0.80861	0.00875	0.03154	0.01299	0.01139	0.00707	0.00822	0.00587	0.00468	0.00409	0.00117	0.00812	0.00294	0.00237	0.00530
45	0.01122	0.01077	0.01839	0.02781	0.81248	0.01077	0.01391	0.01391	0.01032	0.01480	0.00852	0.01122	0.00718	0.00404	0.00449	0.00135	0.00538	0.00404	0.00224	0.00718
46	0.12464	0.01748	0.01183	0.03216	0.01340	0.54138	0.00809	0.12843	0.01300	0.01469	0.00783	0.00945	0.00644	0.03403	0.01732	0.00144	0.00700	0.00321	0.00272	0.00545
47	0.00565	0.00401	0.00521	0.00611	0.00636	0.00377	0.00401	0.00635	0.00845	0.01124	0.02405	0.72343	0.04297	0.11586	0.00790	0.00215	0.00284	0.01205	0.00403	0.00357
48	0.00560	0.00421	0.00520	0.00578	0.00648	0.00380	0.00402	0.00668	0.00969	0.01268	0.14186	0.51887	0.23307	0.01279	0.00561	0.00170	0.00247	0.01136	0.00432	0.00380
49	0.01213	0.01368	0.27196	0.00980	0.01422	0.00938	0.00992	0.06385	0.20916	0.15613	0.01255	0.01246	0.00902	0.00488	0.00426	0.00130	0.00468	0.00392	0.00353	0.17316
50	0.01233	0.00796	0.00970	0.00707	0.01096	0.00621	0.00572	0.01428	0.01036	0.22975	0.01069	0.01101	0.00792	0.00396	0.00368	0.00087	0.00349	0.00319	0.00347	0.63739
51	0.00890	0.00754	0.00798	0.00765	0.00929	0.02917	0.00567	0.01590	0.41994	0.01516	0.02222	0.19873	0.11095	0.08986	0.02834	0.00202	0.00365	0.00740	0.00418	0.00546
52	0.01287	0.52623	0.03730	0.00823	0.01187	0.01396	0.03751	0.03650	0.02281	0.14315	0.07024	0.01161	0.01968	0.00473	0.00360	0.00113	0.00454	0.00352	0.00294	0.02757
53	0.00554	0.00402	0.00523	0.00615	0.00654	0.00371	0.00415	0.00640	0.00895	0.01185	0.05374	0.74702	0.09236	0.01381	0.00573	0.00180	0.00259	0.01246	0.00423	0.00371
54	0.00559	0.00398	0.00528	0.00630	0.00656	0.00373	0.00421	0.00637	0.00863	0.01151	0.02459	0.79645	0.02944	0.04270	0.00639	0.00193	0.00272	0.02581	0.00416	0.00366
55	0.02774	0.01728	0.37452	0.02393	0.01645	0.03576	0.01205	0.31802	0.05908	0.02010	0.00971	0.01044	0.00699	0.00482	0.00434	0.00137	0.00569	0.00368	0.00314	0.04488
56	0.00551	0.00398	0.00522	0.00621	0.00655	0.00369	0.00416	0.00632	0.00877	0.01161	0.02617	0.79235	0.07465	0.01404	0.00576	0.00182	0.00261	0.01269	0.00421	0.00369
57	0.00663	0.00439	0.00493	0.00493	0.00495	0.00439	0.00276	0.00668	0.00666	0.00897	0.01429	0.02936	0.01636	0.82178	0.02261	0.00432	0.00434	0.00654	0.02235	0.00278
58	0.00659	0.00439	0.00494	0.00494	0.00494	0.00439	0.00275	0.00659	0.00659	0.00879	0.01428	0.02965	0.01647	0.84075	0.02306	0.00439	0.00439	0.00659	0.00275	0.00275
59	0.04909	0.01365	0.15997	0.01681	0.09397	0.01130	0.42958	0.07813	0.04557	0.01600	0.00952	0.02368	0.00731	0.00440	0.00505	0.00149	0.02082	0.00473	0.00255	0.00638
60	0.00552	0.00394	0.00526	0.00631	0.00657	0.00368	0.00421	0.00631	0.00868	0.01157	0.02498	0.83779	0.02997	0.01420	0.00578	0.00184	0.00263	0.01288	0.00421	0.00368
61	0.00552	0.00396	0.00524	0.00626	0.00656	0.00368	0.00419	0.00631	0.00872	0.01159	0.02553	0.81681	0.05060	0.01412	0.00577	0.00183	0.00262	0.01279	0.00421	0.00368
62	0.00936	0.00875	0.01454	0.58587	0.21153	0.01032	0.01256	0.02518	0.00949	0.01269	0.00826	0.01188	0.00643	0.00456	0.00485	0.00148	0.03432	0.00403	0.01833	0.00556
63	0.00949	0.00496	0.00512	0.00481	0.00614	0.00503	0.00369	0.06872	0.01049	0.04479	0.01460	0.01640	0.01131	0.00530	0.00331	0.00109	0.00238	0.00422	0.77354	0.00460
64	0.01027	0.01123	0.03642	0.03591	0.02029	0.01010	0.54652	0.01358	0.01023	0.01442	0.00877	0.01141	0.00677	0.00382	0.00502	0.00132	0.02466	0.00458	0.00237	0.22231
65	0.01219	0.83060	0.02357	0.00781	0.01167	0.03054	0.00777	0.01364	0.00926	0.01067	0.00631	0.00728	0.00582	0.00389	0.00293	0.00097	0.00490	0.00243	0.00194	0.00581
66	0.01122	0.01077	0.01839	0.02781	0.81248	0.01077	0.01391	0.01391	0.01032	0.01480	0.00852	0.01122	0.00718	0.00404	0.00449	0.00135	0.00538	0.00404	0.00224	0.00718
67	0.03924	0.01287	0.04997	0.00973	0.01238	0.24918	0.02113	0.06891	0.01198	0.25920	0.02986	0.01356	0.03392	0.03313	0.03429	0.00168	0.08986	0.00415	0.00358	0.02136
68	0.00556	0.00396	0.00525	0.00626	0.00651	0.00371	0.00415	0.00632	0.00860	0.01146	0.02457	0.80694	0.02945	0.04575	0.00644	0.00194	0.00270	0.01264	0.00415	0.00364
69	0.00856	0.00805	0.01359	0.82986	0.03121	0.01007	0.01258	0.01158	0.00906	0.01158	0.00805	0.01208	0.00604	0.00453	0.00453	0.00151	0.00604	0.00403	0.00201	0.00503
70	0.01177	0.02742	0.17040	0.03810	0.12887	0.01103	0.23221	0.11631	0.10751	0.06623	0.02694	0.01292	0.01922	0.00477	0.00472	0.00144	0.00581	0.00457	0.00305	0.00670
71	0.00658	0.00442	0.00506	0.00506	0.00510	0.00446	0.00290	0.00667	0.00663	0.00888	0.01417	0.02904	0.01621	0.79934	0.06411	0.00454	0.00479	0.00650	0.00273	0.00281
72	0.00555	0.00397	0.00529	0.00629	0.00658	0.00370	0.00421	0.00640	0.00883	0.01182	0.05495	0.80710	0.03046	0.01401	0.00577	0.00182	0.00261	0.01270	0.00424	0.00370
73	0.00998	0.01691	0.38596	0.04888	0.17211	0.01085	0.26122	0.01421	0.01005	0.01438	0.00853	0.01081	0.00638	0.00411	0.00468	0.00145	0.00672	0.00413	0.00210	0.00654
74	0.01378	0.01369	0.01136	0.01005	0.01265	0.26829	0.00777	0.10304	0.44586	0.03190	0.02536	0.01372	0.01102	0.00564	0.00445	0.00140	0.00517	0.00435	0.00391	0.00659
75	0.00991	0.00991	0.01388	0.01190	0.01190	0.01388	0.00991	0.01091	0.00694	0.01091	0.00595	0.00991	0.00595	0.00793	0.01487	0.00198	0.83246	0.00397	0.00198	0.00496
76	0.00537	0.00459	0.00461	0.00461	0.00613	0.00383	0.00346	0.00654	0.01037	0.01234	0.05866	0.04345	0.79783	0.01144	0.00536	0.00153	0.00229	0.00954	0.00422	0.00383
77	0.00561	0.00460	0.00494	0.00485	0.00627	0.00393	0.00364	0.00699	0.01092	0.01365	0.22703	0.04130	0.62864	0.01095	0.00535	0.00151	0.00226	0.00924	0.00439	0.00393
78	0.01318	0.01154	0.01084	0.00957	0.01223	0.13439	0.00745	0.06507	0.57843	0.08168	0.01625	0.01513	0.01208	0.00584	0.00452	0.00146	0.00438	0.00469	0.00434	0.00695
79	0.01211	0.84348	0.02374	0.00775	0.01163	0.01793	0.00775	0.01357	0.00921	0.01066	0.00630	0.00727	0.00582	0.00388	0.00291	0.00097	0.00485	0.00242	0.00194	0.00582
80	0.00536	0.00459	0.00459	0.00459	0.00612	0.00383	0.00344	0.00650	0.01033	0.01224	0.04590	0.04361	0.81065	0.01148	0.00536	0.00153	0.00230	0.00956	0.00421	0.00383
81	0.01109	0.01059	0.01802	0.02718	0.78997	0.01059	0.01360	0.01370	0.01021	0.01464	0.00868	0.01173	0.00744	0.02736	0.00500	0.00143	0.00536	0.00411	0.00226	0.00705
82	0.01693	0.02143	0.01286	0.01165	0.01401	0.80712	0.00875	0.03298	0.01300	0.01142	0.00708	0.00822	0.00587	0.00468	0.00409	0.00117	0.00811	0.00294	0.00238	0.00530
83	0.00659	0.00507	0.00620	0.00663	0.00783	0.00484	0.00531	0.00887	0.05994	0.01365	0.10667	0.14348	0.29166	0.01167	0.00570	0.00177	0.00311	0.30252	0.00429	0.00419
84	0.01693	0.02160	0.01284	0.01167	0.01401	0.82256	0.00876	0.01809	0.01284	0.01109	0.00700	0.00817	0.00584	0.00467	0.00409	0.00117	0.00817	0.00292	0.00233	0.00525
85	0.01648	0.00815	0.01025	0.00834	0.01132	0.00784	0.00689	0.17151	0.03916	0.46142	0.06761	0.02103	0.04031	0.00686	0.00484	0.00149	0.00395	0.10054	0.00510	0.00692
86	0.01115	0.01070	0.01827	0.04880	0.79204	0.01075	0.01387	0.01385	0.01028	0.01472	0.00851	0.01124	0.00715	0.00405	0.00449	0.00135	0.00540	0.00404	0.00224	0.00712
87	0.04327	0.01047	0.01563	0.02461	0.04150	0.02698	0.12574	0.02907	0.00809	0.01233	0.00668	0.01022	0.00613	0.00689	0.01209	0.00184	0.60695	0.00410	0.00213	0.00527
88	0.01122	0.01077	0.01839	0.02781	0.81248	0.01077	0.01391	0.01391	0.01032	0.01480	0.00852	0.01122	0.00718	0.00404	0.00449	0.00135	0.00538	0.00404	0.00224	0.00718
89	0.01468	0.40595	0.01794	0.00984	0.01290	0.44627	0.00829	0.01598	0.01114	0.01089	0.00667	0.00775	0.00583	0.00430	0.00353	0.00107	0.00662	0.00269	0.00215	0.00552
90	0.01373	0.00690	0.00914	0.00832	0.01065	0.00659	0.00700	0.05010	0.06186	0.37089	0.02038	0.04922	0.01800	0.00878	0.00531	0.00171	0.00400	0.33650	0.00485	0.00608
91	0.01105	0.01060	0.01810	0.07749	0.76410	0.01072	0.01382	0.01376	0.01024	0.01460	0.00849	0.01127	0.00711	0.00407	0.00449	0.00136	0.00542	0.00404	0.00223	0.00704
92	0.00579	0.00420	0.00539	0.00593	0.00651	0.00388	0.00409	0.00692	0.00980	0.01321	0.22941	0.52001	0.10339	0.05145	0.00644	0.00182	0.00255	0.01107	0.00434	0.00380
93	0.01693	0.02160	0.01284	0.01167	0.01401	0.82256	0.00876	0.01809	0.01284	0.01109	0.00700	0.00817	0.00584	0.00467	0.00409	0.00117	0.00817	0.00292	0.00233	0.00525
94	0.01423	0.01132	0.01189	0.03155	0.01335	0.03978	0.00798	0.35938	0.39426	0.04487	0.01448	0.01382	0.01062	0.00573	0.00456	0.00144	0.00442	0.00455	0.00446	0.00730
95	0.01272	0.00952	0.01024	0.00886	0.01148	0.03166	0.00697	0.11187	0.49421	0.12403	0.11155	0.01780	0.01601	0.00633	0.00467	0.00148	0.00373	0.00524	0.00472	0.00691
96	0.00552	0.00394	0.00526	0.00631	0.00657	0.00368	0.00421	0.00631	0.00868	0.01157	0.02498	0.83779	0.02997	0.01420	0.00578	0.00184	0.00263	0.01288	0.00421	0.00368
97	0.01070	0.01222	0.02674	0.01910	0.02368	0.01146	0.79603	0.01451	0.01070	0.01451	0.00917	0.01222	0.00688	0.00382	0.00535	0.00153	0.00764	0.00535	0.00229	0.00611
98	0.01689	0.02108	0.01274	0.01155	0.01392	0.79034	0.00868	0.01829	0.02759	0.02810	0.00745	0.00849	0.00610	0.00472	0.00411	0.00118	0.00800	0.00299	0.00245	0.00534
99	0.00659	0.00439	0.00494	0.00494	0.00494	0.00439	0.00275	0.00659	0.00659	0.00879	0.01428	0.02965	0.01647	0.84075	0.02306	0.00439	0.00439	0.00659	0.00275	0.00275
100	0.00706	0.00514	0.00697	0.00788	0.00898	0.00504	0.00682	0.00903	0.01042	0.01340	0.02671	0.05018	0.12342	0.01239	0.00615	0.00202	0.00394	0.68616	0.00418	0.00413
101	0.00655	0.00457	0.00583	0.00583	0.00614	0.00488	0.00385	0.00716	0.00685	0.00944	0.01346	0.02515	0.01452	0.53435	0.32680	0.00549	0.00733	0.00593	0.00262	0.00324
102	0.06110	0.03300	0.02684	0.01018	0.02363	0.07297	0.01888	0.40491	0.24730	0.02278	0.02477	0.01251	0.00965	0.00548	0.00441	0.00139	0.00476	0.00424	0.00413	0.00707
103	0.00748	0.00524	0.00727	0.00820	0.00930	0.00519	0.00714	0.00953	0.01051	0.02845	0.03672	0.04999	0.04660	0.01231	0.00619	0.00205	0.00409	0.73529	0.00421	0.00423
104	0.00555	0.00398	0.00528	0.00631	0.00661	0.00371	0.00424	0.00636	0.00874	0.01161	0.02541	0.80830	0.04661	0.01411	0.00578	0.00184	0.00265	0.02504	0.00421	0.00369
105	0.01174	0.03267	0.01768	0.05916	0.59608	0.11506	0.05098	0.01415	0.01046	0.01389	0.00827	0.01088	0.00693	0.00443	0.00479	0.02424	0.00583	0.00391	0.00223	0.00661
106	0.01220	0.82902	0.02357	0.00780	0.01167	0.01786	0.00777	0.02721	0.00942	0.01097	0.00638	0.00733	0.00585	0.00390	0.00294	0.00098	0.00485	0.00245	0.00198	0.00585
107	0.03494	0.01176	0.01226	0.01014	0.03284	0.08179	0.00799	0.38849	0.14419	0.15513	0.01255	0.01222	0.00896	0.00540	0.00461	0.00136	0.02017	0.00412	0.00431	0.04676

[dist]
# distance from previous block
# <min> <max>
1	3

[block]
# block no. 2 follows, 57 sequences, length 29
# corresponding to MSA columns:
# 580-608
name=unknown_C
#
# <colnr> <probs for GDERKNQSTAVLIFYWHMCP>
#	G	D	E	R	K	N	Q	S	T	A	V	L	I	F	Y	W	H	M	C	P
0	0.01012	0.00965	0.01642	0.35748	0.49136	0.01048	0.01336	0.01295	0.00980	0.01348	0.00833	0.01157	0.00671	0.00424	0.00450	0.00141	0.00565	0.00403	0.00215	0.00630
1	0.01946	0.00795	0.01049	0.00813	0.01153	0.00716	0.00669	0.06110	0.04687	0.72020	0.01746	0.01530	0.01116	0.00561	0.00452	0.00140	0.00385	0.00455	0.02897	0.00759
2	0.01871	0.00766	0.01022	0.00794	0.01120	0.00681	0.00652	0.06236	0.01340	0.68987	0.10038	0.01711	0.01433	0.00598	0.00464	0.00140	0.00374	0.00491	0.00549	0.00735
3	0.01122	0.01077	0.01839	0.02781	0.81248	0.01077	0.01391	0.01391	0.01032	0.01480	0.00852	0.01122	0.00718	0.00404	0.00449	0.00135	0.00538	0.00404	0.00224	0.00718
4	0.00700	0.00500	0.00696	0.00800	0.00891	0.00496	0.00678	0.00887	0.01013	0.01322	0.02416	0.18398	0.02674	0.01280	0.00618	0.00204	0.00391	0.65209	0.00418	0.00409
5	0.01736	0.01248	0.01347	0.01033	0.01395	0.01374	0.00853	0.76448	0.02095	0.06195	0.01118	0.01107	0.00786	0.00545	0.00453	0.00136	0.00494	0.00410	0.00458	0.00771
6	0.00904	0.00523	0.00668	0.00624	0.00773	0.00473	0.00470	0.01091	0.02977	0.17974	0.34816	0.20424	0.14531	0.00983	0.00526	0.00153	0.00265	0.00859	0.00482	0.00485
7	0.03691	0.69936	0.02169	0.00814	0.01186	0.07036	0.00778	0.06371	0.01024	0.02549	0.00683	0.00770	0.00600	0.00407	0.00311	0.00103	0.00502	0.00260	0.00221	0.00590
8	0.00543	0.00459	0.00470	0.00467	0.00617	0.00386	0.00350	0.00665	0.01051	0.01267	0.10066	0.04291	0.75563	0.01132	0.00535	0.00152	0.00228	0.00947	0.00426	0.00386
9	0.00700	0.00500	0.00696	0.00800	0.00891	0.00496	0.00678	0.00887	0.01013	0.01322	0.02416	0.18398	0.02674	0.01280	0.00618	0.00204	0.00391	0.65209	0.00418	0.00409
10	0.00567	0.00473	0.00498	0.00494	0.00642	0.00409	0.00374	0.00723	0.02820	0.01318	0.14259	0.04197	0.67339	0.01110	0.00536	0.00153	0.00235	0.03025	0.00432	0.00397
11	0.00933	0.06856	0.72274	0.01275	0.01899	0.01108	0.03664	0.01419	0.00948	0.01402	0.00798	0.00952	0.00578	0.00440	0.00464	0.00143	0.03658	0.00337	0.00193	0.00657
12	0.00552	0.00394	0.00526	0.00631	0.00657	0.00368	0.00421	0.00631	0.00868	0.01157	0.02498	0.83779	0.02997	0.01420	0.00578	0.00184	0.00263	0.01288	0.00421	0.00368
13	0.00648	0.00484	0.00722	0.00722	0.00800	0.00563	0.00558	0.00805	0.00726	0.01047	0.01220	0.01813	0.01147	0.05627	0.80070	0.00720	0.01192	0.00490	0.00244	0.00401
14	0.01190	0.01255	0.01650	0.07601	0.45441	0.16582	0.03381	0.01407	0.01017	0.01323	0.00780	0.01051	0.00664	0.00482	0.00614	0.00143	0.14187	0.00385	0.00220	0.00627
15	0.01122	0.01077	0.01839	0.02781	0.81248	0.01077	0.01391	0.01391	0.01032	0.01480	0.00852	0.01122	0.00718	0.00404	0.00449	0.00135	0.00538	0.00404	0.00224	0.00718
16	0.01614	0.02019	0.01317	0.04510	0.03317	0.72639	0.02381	0.01788	0.04131	0.01155	0.00754	0.00879	0.00619	0.00469	0.00416	0.00121	0.00785	0.00311	0.00240	0.00537
17	0.00595	0.00477	0.00534	0.00520	0.00657	0.00424	0.00390	0.00786	0.03834	0.01465	0.32765	0.05896	0.47930	0.01054	0.00534	0.00150	0.00229	0.00899	0.00451	0.00410
18	0.00787	0.00394	0.00590	0.00590	0.00590	0.00394	0.00394	0.00590	0.00590	0.00787	0.00787	0.01377	0.00787	0.01574	0.01771	0.86816	0.00394	0.00394	0.00197	0.00197
19	0.01570	0.01926	0.01269	0.06392	0.01475	0.67263	0.00886	0.04994	0.01261	0.01189	0.00852	0.00982	0.03343	0.00507	0.00465	0.00125	0.04396	0.00331	0.00246	0.00528
20	0.01225	0.82092	0.02345	0.00786	0.01170	0.04001	0.00778	0.01369	0.00931	0.01067	0.00632	0.00729	0.00582	0.00390	0.00294	0.00097	0.00494	0.00244	0.00195	0.00580
21	0.01606	0.00925	0.04107	0.00923	0.01231	0.00880	0.03779	0.11609	0.06865	0.43220	0.07246	0.01519	0.01219	0.00595	0.00568	0.00145	0.09144	0.00466	0.00462	0.03492
22	0.01122	0.01077	0.01839	0.02781	0.81248	0.01077	0.01391	0.01391	0.01032	0.01480	0.00852	0.01122	0.00718	0.00404	0.00449	0.00135	0.00538	0.00404	0.00224	0.00718
23	0.01159	0.00989	0.01043	0.00929	0.01191	0.01142	0.00725	0.06613	0.76172	0.01948	0.01803	0.01658	0.01350	0.00611	0.00461	0.00153	0.00366	0.00507	0.00461	0.00720
24	0.00641	0.00463	0.00606	0.00570	0.00677	0.00428	0.00428	0.00855	0.01283	0.01817	0.81009	0.03385	0.04276	0.00926	0.00534	0.00143	0.00214	0.00819	0.00499	0.00428
25	0.01693	0.02160	0.01284	0.01167	0.01401	0.82256	0.00876	0.01809	0.01284	0.01109	0.00700	0.00817	0.00584	0.00467	0.00409	0.00117	0.00817	0.00292	0.00233	0.00525
26	0.00622	0.00462	0.00575	0.00547	0.00659	0.00419	0.00407	0.00811	0.01217	0.01678	0.64292	0.03556	0.18626	0.03433	0.00587	0.00153	0.00223	0.00840	0.00478	0.00415
27	0.00538	0.00451	0.00468	0.00481	0.00618	0.00381	0.00354	0.00648	0.01012	0.01216	0.04325	0.14435	0.71162	0.01182	0.00541	0.00157	0.00234	0.00998	0.00421	0.00381
28	0.01967	0.00815	0.01073	0.00825	0.01171	0.00737	0.00681	0.10231	0.01383	0.71461	0.03626	0.01540	0.01161	0.00568	0.00457	0.00140	0.00393	0.00460	0.00548	0.00763

[dist]
# distance from previous block
# <min> <max>
0	1

[block]
# block no. 3 follows, 57 sequences, length 9
# corresponding to MSA columns:
# 610-618
name=unknown_D
#
# <colnr> <probs for GDERKNQSTAVLIFYWHMCP>
#	G	D	E	R	K	N	Q	S	T	A	V	L	I	F	Y	W	H	M	C	P
0	0.00957	0.00847	0.03807	0.00827	0.01044	0.00879	0.00664	0.05018	0.45553	0.01755	0.12425	0.10450	0.07672	0.00802	0.00496	0.00157	0.00341	0.05255	0.00446	0.00603
1	0.60710	0.00844	0.00786	0.00661	0.00964	0.00907	0.00545	0.01605	0.00935	0.26818	0.00991	0.00987	0.00687	0.00464	0.00335	0.00140	0.00361	0.00311	0.00368	0.00578
2	0.00825	0.00420	0.00429	0.00436	0.00537	0.00419	0.00324	0.01027	0.00945	0.01654	0.01547	0.07192	0.01284	0.00588	0.00334	0.00111	0.00215	0.00480	0.80814	0.00419
3	0.00757	0.00518	0.00581	0.00556	0.00594	0.00530	0.00341	0.08439	0.00816	0.01090	0.01458	0.07570	0.01641	0.70957	0.02022	0.00394	0.00435	0.00672	0.00301	0.00329
4	0.01703	0.01173	0.01287	0.00992	0.01341	0.01273	0.00818	0.67101	0.01995	0.11599	0.05191	0.01254	0.00986	0.00565	0.00458	0.00137	0.00472	0.00434	0.00468	0.00753
5	0.01105	0.01074	0.01876	0.06635	0.71726	0.01078	0.07043	0.01384	0.01028	0.01463	0.00855	0.01133	0.00710	0.00405	0.00455	0.00137	0.00558	0.00413	0.00224	0.00700
6	0.00798	0.00585	0.00679	0.00629	0.00758	0.00593	0.00471	0.02953	0.08487	0.06509	0.14129	0.03196	0.29928	0.18400	0.00965	0.00216	0.06313	0.03551	0.00399	0.00442
7	0.01076	0.00916	0.00941	0.00868	0.01088	0.05308	0.00670	0.02009	0.56351	0.04595	0.04187	0.10141	0.05191	0.00744	0.00482	0.00156	0.00367	0.03826	0.00446	0.00639
8	0.01122	0.01077	0.01839	0.02781	0.81248	0.01077	0.01391	0.01391	0.01032	0.01480	0.00852	0.01122	0.00718	0.00404	0.00449	0.00135	0.00538	0.00404	0.00224	0.00718

[dist]
# distance from previous block
# <min> <max>
1	28

[block]
# block no. 4 follows, 57 sequences, length 34
# corresponding to MSA columns:
# 649-682
name=unknown_E
#
# <colnr> <probs for GDERKNQSTAVLIFYWHMCP>
#	G	D	E	R	K	N	Q	S	T	A	V	L	I	F	Y	W	H	M	C	P
0	0.01299	0.39738	0.13084	0.03342	0.06551	0.15124	0.00970	0.08078	0.01109	0.03976	0.00767	0.00875	0.00626	0.00428	0.00365	0.00115	0.00568	0.00300	0.00238	0.02446
1	0.02933	0.03855	0.69376	0.01229	0.01840	0.03414	0.01527	0.01516	0.05428	0.03489	0.00885	0.00999	0.00632	0.00444	0.00426	0.00142	0.00638	0.00343	0.00219	0.00665
2	0.00792	0.04800	0.00798	0.00596	0.00854	0.00560	0.00471	0.00969	0.01058	0.03266	0.21768	0.02496	0.23819	0.00715	0.00441	0.00113	0.00285	0.00598	0.00371	0.35232
3	0.01393	0.43807	0.01801	0.00917	0.01242	0.24455	0.00795	0.04793	0.10933	0.04711	0.00868	0.00921	0.00712	0.00452	0.00359	0.00113	0.00560	0.00306	0.00264	0.00598
4	0.00797	0.00575	0.00699	0.00652	0.00834	0.00505	0.00491	0.01005	0.05602	0.06979	0.07999	0.30884	0.14001	0.00966	0.00498	0.00145	0.00295	0.05472	0.00402	0.21199
5	0.01059	0.01022	0.01766	0.20827	0.60309	0.01064	0.04657	0.01341	0.01005	0.01406	0.00844	0.01145	0.00691	0.00414	0.00453	0.00139	0.00563	0.00409	0.00219	0.00665
6	0.23557	0.22808	0.28762	0.00933	0.01380	0.03913	0.01008	0.05380	0.00990	0.06413	0.00788	0.00878	0.00598	0.00432	0.00358	0.00129	0.00518	0.00297	0.00252	0.00607
7	0.01043	0.00619	0.00789	0.00749	0.04243	0.00580	0.00556	0.01335	0.08991	0.21699	0.31445	0.02933	0.17622	0.00840	0.00509	0.00148	0.00298	0.04575	0.00480	0.00545
8	0.00762	0.00529	0.00699	0.00787	0.04828	0.00495	0.00595	0.00925	0.01037	0.07264	0.04916	0.16794	0.24292	0.01147	0.00569	0.00179	0.00339	0.32980	0.00422	0.00441
9	0.00688	0.00513	0.00700	0.00823	0.04284	0.00498	0.00641	0.00859	0.01001	0.01296	0.02622	0.18273	0.13253	0.03446	0.00643	0.00200	0.00371	0.49070	0.00406	0.00413
10	0.01825	0.00871	0.01229	0.00934	0.01285	0.00806	0.08282	0.13214	0.01394	0.58463	0.05645	0.01540	0.01190	0.00560	0.00467	0.00141	0.00429	0.00475	0.00510	0.00738
11	0.01666	0.01981	0.01266	0.01132	0.01380	0.69063	0.00858	0.07177	0.06627	0.03509	0.00833	0.00914	0.00665	0.00485	0.00416	0.00121	0.00753	0.00319	0.00273	0.00562
12	0.01036	0.00990	0.01685	0.28518	0.56179	0.01054	0.01348	0.01316	0.00991	0.01377	0.00837	0.01149	0.00681	0.00420	0.00450	0.00140	0.00559	0.00403	0.00217	0.00649
13	0.00645	0.00460	0.00592	0.00566	0.00649	0.00440	0.00406	0.00811	0.01114	0.01569	0.58861	0.03182	0.03507	0.18192	0.06836	0.00246	0.00333	0.00762	0.00434	0.00394
14	0.01683	0.02050	0.01285	0.01150	0.01396	0.72931	0.00871	0.09062	0.03132	0.01289	0.00762	0.00862	0.00619	0.00477	0.00414	0.00119	0.00777	0.00308	0.00259	0.00552
15	0.01122	0.01077	0.01839	0.02781	0.81248	0.01077	0.01391	0.01391	0.01032	0.01480	0.00852	0.01122	0.00718	0.00404	0.00449	0.00135	0.00538	0.00404	0.00224	0.00718
16	0.01122	0.01072	0.01803	0.02699	0.77691	0.01079	0.01361	0.01436	0.04559	0.01499	0.00896	0.01147	0.00747	0.00413	0.00449	0.00135	0.00530	0.00409	0.00235	0.00718
17	0.01162	0.00991	0.01045	0.00929	0.01192	0.01144	0.00726	0.07004	0.75776	0.01953	0.01799	0.01655	0.01347	0.00611	0.00461	0.00153	0.00367	0.00506	0.00461	0.00720
18	0.01011	0.00964	0.01640	0.36101	0.48791	0.01048	0.01336	0.01294	0.00980	0.01346	0.00833	0.01157	0.00671	0.00424	0.00450	0.00141	0.00566	0.00403	0.00215	0.00629
19	0.01122	0.01077	0.01839	0.02781	0.81248	0.01077	0.01391	0.01391	0.01032	0.01480	0.00852	0.01122	0.00718	0.00404	0.00449	0.00135	0.00538	0.00404	0.00224	0.00718
20	0.03450	0.00808	0.01338	0.80513	0.03054	0.01007	0.01235	0.01163	0.00902	0.01184	0.00800	0.01194	0.00601	0.00452	0.00448	0.00151	0.00596	0.00398	0.00204	0.00503
21	0.05764	0.01582	0.35104	0.02902	0.20915	0.01051	0.10464	0.02604	0.07018	0.06852	0.00971	0.01115	0.00718	0.00442	0.00444	0.00143	0.00586	0.00393	0.00257	0.00674
22	0.01165	0.01167	0.01772	0.05285	0.71307	0.08554	0.01339	0.01422	0.01051	0.01435	0.00837	0.01096	0.00702	0.00411	0.00445	0.00133	0.00566	0.00393	0.00224	0.00693
23	0.01038	0.01167	0.04348	0.01731	0.07011	0.04636	0.55935	0.01376	0.01073	0.01429	0.02439	0.01813	0.01030	0.00528	0.00535	0.00158	0.00688	0.12219	0.00261	0.00583
24	0.00566	0.00405	0.00538	0.00622	0.00660	0.00377	0.00422	0.00665	0.00931	0.01258	0.14486	0.71504	0.03192	0.01344	0.00572	0.00178	0.00255	0.01217	0.00433	0.00377
25	0.01210	0.12807	0.24463	0.01648	0.25597	0.04016	0.07231	0.06852	0.02148	0.08461	0.00921	0.01060	0.00699	0.00436	0.00428	0.00134	0.00577	0.00375	0.00260	0.00679
26	0.01229	0.01103	0.01839	0.02349	0.56826	0.04001	0.12541	0.01523	0.02977	0.09712	0.00976	0.01182	0.00766	0.00424	0.00461	0.00138	0.00561	0.00426	0.00266	0.00701
27	0.01217	0.00608	0.00783	0.00670	0.00886	0.00546	0.00526	0.01439	0.04570	0.34572	0.30767	0.06465	0.13415	0.00816	0.00501	0.00145	0.00295	0.00698	0.00508	0.00572
28	0.01122	0.01077	0.01839	0.02781	0.81248	0.01077	0.01391	0.01391	0.01032	0.01480	0.00852	0.01122	0.00718	0.00404	0.00449	0.00135	0.00538	0.00404	0.00224	0.00718
29	0.01086	0.01101	0.02058	0.08403	0.51487	0.01093	0.25204	0.01392	0.01034	0.01448	0.00869	0.01159	0.00700	0.00401	0.00475	0.00141	0.00612	0.00444	0.00224	0.00670
30	0.00822	0.00711	0.01056	0.00958	0.03001	0.04677	0.15877	0.03040	0.01023	0.04693	0.05602	0.42189	0.11104	0.01032	0.00544	0.00165	0.00403	0.02261	0.00379	0.00464
31	0.01219	0.00650	0.02967	0.00720	0.00924	0.00580	0.00575	0.03241	0.01083	0.33335	0.10021	0.11457	0.05721	0.09531	0.13826	0.00272	0.00496	0.02393	0.00436	0.00551
32	0.04858	0.00851	0.04612	0.05159	0.12583	0.02378	0.00775	0.04918	0.06746	0.18670	0.27647	0.02035	0.03658	0.00660	0.00496	0.00143	0.02239	0.00559	0.00417	0.00597
33	0.01171	0.01187	0.01846	0.02570	0.68319	0.08627	0.06803	0.01434	0.01058	0.01444	0.00843	0.01100	0.00703	0.00408	0.00451	0.00134	0.00580	0.00402	0.00225	0.00692

[dist]
# distance from previous block
# <min> <max>
2	3

[block]
# block no. 5 follows, 57 sequences, length 214
# corresponding to MSA columns:
# 686-825,833-836,846-915
name=unknown_F
#
# <colnr> <probs for GDERKNQSTAVLIFYWHMCP>
#	G	D	E	R	K	N	Q	S	T	A	V	L	I	F	Y	W	H	M	C	P
