[name]
unknown

[dist]
# distance from previous block
# <min> <max>
5	18

[block]
# block no. 0 follows, 56 sequences, length 34
# corresponding to MSA columns:
# 19-52
name=unknown_A
#
# <colnr> <probs for GDERKNQSTAVLIFYWHMCP>
#	G	D	E	R	K	N	Q	S	T	A	V	L	I	F	Y	W	H	M	C	P
0	0.01028	0.04366	0.04047	0.01310	0.17738	0.04280	0.09900	0.01265	0.00997	0.01443	0.00915	0.05240	0.00802	0.00427	0.00404	0.00104	0.00467	0.00387	0.00259	0.44620
1	0.01219	0.32044	0.23706	0.01222	0.10596	0.08984	0.01113	0.10122	0.01129	0.01448	0.00845	0.00962	0.01983	0.00444	0.00386	0.00122	0.00574	0.00326	0.00238	0.02536
2	0.00789	0.00590	0.00780	0.02576	0.02210	0.00603	0.00565	0.01051	0.06776	0.04807	0.20367	0.05131	0.08800	0.01729	0.29187	0.00349	0.02528	0.00614	0.01383	0.09165
3	0.00642	0.00469	0.00603	0.00569	0.00681	0.00430	0.00427	0.00851	0.01281	0.01797	0.75187	0.03502	0.09932	0.00955	0.00542	0.00145	0.00218	0.00840	0.00500	0.00430
4	0.01053	0.01112	0.06712	0.23032	0.22647	0.04482	0.12000	0.04084	0.11127	0.01475	0.01094	0.06105	0.00908	0.00518	0.00473	0.00148	0.00570	0.00485	0.01355	0.00621
5	0.00724	0.00547	0.00757	0.00733	0.00844	0.00617	0.00573	0.06562	0.00873	0.01217	0.01568	0.02018	0.09224	0.02999	0.67783	0.00635	0.01075	0.00535	0.00280	0.00435
6	0.01351	0.00859	0.08911	0.00808	0.01105	0.01720	0.02641	0.02661	0.02167	0.37812	0.17907	0.04256	0.11744	0.00742	0.00495	0.00148	0.00379	0.03195	0.00477	0.00623
7	0.00856	0.00428	0.00428	0.00428	0.00535	0.00428	0.00321	0.01070	0.00963	0.01712	0.01498	0.01712	0.01177	0.00535	0.00321	0.00107	0.00214	0.00428	0.86414	0.00428
8	0.06496	0.01190	0.01142	0.00969	0.01248	0.11359	0.00769	0.29471	0.27978	0.04393	0.03170	0.04800	0.01157	0.00619	0.00473	0.00146	0.01868	0.01649	0.00421	0.00680
9	0.00856	0.00428	0.00428	0.00428	0.00535	0.00428	0.00321	0.01070	0.00963	0.01712	0.01498	0.01712	0.01177	0.00535	0.00321	0.00107	0.00214	0.00428	0.86414	0.00428
10	0.87108	0.00888	0.00675	0.00604	0.00888	0.01030	0.00497	0.01350	0.00781	0.02060	0.00639	0.00746	0.00497	0.00426	0.00284	0.00142	0.00355	0.00249	0.00284	0.00497
11	0.01104	0.00891	0.02870	0.00927	0.01161	0.00902	0.08792	0.30387	0.01416	0.01928	0.05096	0.23226	0.08778	0.00842	0.00531	0.00154	0.02780	0.00728	0.06917	0.00570
12	0.00611	0.00469	0.00694	0.00719	0.00790	0.00437	0.06199	0.00729	0.00934	0.01261	0.08551	0.66730	0.05508	0.01292	0.00572	0.00178	0.00297	0.01180	0.02452	0.00397
13	0.01210	0.01218	0.01664	0.06364	0.57114	0.13347	0.01255	0.04670	0.01124	0.01475	0.00977	0.01312	0.02186	0.00475	0.00458	0.00138	0.00580	0.03514	0.00248	0.00671
14	0.01027	0.00849	0.00977	0.00730	0.01102	0.00709	0.00581	0.10945	0.03063	0.01658	0.01003	0.07039	0.00883	0.00454	0.00376	0.00088	0.00356	0.00371	0.00312	0.67478
15	0.00552	0.00455	0.00485	0.00499	0.00631	0.00388	0.00366	0.00668	0.01036	0.01266	0.08981	0.16795	0.63908	0.01192	0.00549	0.00159	0.00237	0.01013	0.00431	0.00388
16	0.01416	0.01066	0.01115	0.00908	0.01211	0.05143	0.00727	0.32840	0.21621	0.08322	0.06044	0.01444	0.01184	0.00569	0.00444	0.00134	0.00424	0.00450	0.06234	0.08705
17	0.01122	0.07177	0.03558	0.17645	0.41415	0.04858	0.02534	0.05762	0.02312	0.01446	0.00884	0.01183	0.00734	0.03189	0.00530	0.00148	0.02702	0.00403	0.01758	0.00640
18	0.00591	0.00454	0.00547	0.00612	0.00689	0.00424	0.00429	0.00752	0.05319	0.01238	0.03088	0.54778	0.24813	0.01311	0.00568	0.00177	0.00266	0.03118	0.00428	0.00398
19	0.00659	0.00479	0.00672	0.00672	0.00731	0.00538	0.00491	0.00777	0.00718	0.01017	0.01290	0.02139	0.01293	0.25891	0.59797	0.00656	0.01011	0.00541	0.00255	0.00373
20	0.00661	0.00442	0.00503	0.00509	0.00510	0.00441	0.00287	0.00666	0.00680	0.00907	0.01511	0.07770	0.01750	0.78989	0.02233	0.00430	0.00435	0.00705	0.00287	0.00284
21	0.00856	0.00428	0.00428	0.00428	0.00535	0.00428	0.00321	0.01070	0.00963	0.01712	0.01498	0.01712	0.01177	0.00535	0.00321	0.00107	0.00214	0.00428	0.86414	0.00428
22	0.00867	0.00816	0.01377	0.82762	0.03162	0.01020	0.01275	0.01173	0.00918	0.01173	0.00816	0.01224	0.00612	0.00459	0.00459	0.00153	0.00612	0.00408	0.00204	0.00510
23	0.00962	0.00938	0.01309	0.01133	0.01138	0.01295	0.00933	0.01060	0.00703	0.01090	0.00693	0.01175	0.00701	0.05889	0.06808	0.00250	0.72806	0.00423	0.00208	0.00483
24	0.00856	0.00428	0.00428	0.00428	0.00535	0.00428	0.00321	0.01070	0.00963	0.01712	0.01498	0.01712	0.01177	0.00535	0.00321	0.00107	0.00214	0.00428	0.86414	0.00428
25	0.00765	0.00565	0.00685	0.00689	0.00810	0.00544	0.00507	0.09380	0.02474	0.01421	0.02285	0.45203	0.08902	0.04681	0.00636	0.01438	0.00322	0.08533	0.01923	0.08237
26	0.01161	0.01228	0.08837	0.02065	0.44372	0.05593	0.07309	0.05461	0.06918	0.03334	0.04412	0.01394	0.00981	0.00497	0.00484	0.00143	0.01807	0.03043	0.00280	0.00681
27	0.00570	0.00461	0.00564	0.00583	0.00693	0.00406	0.02647	0.00684	0.00991	0.01247	0.07207	0.36541	0.43274	0.01242	0.00560	0.00167	0.00261	0.01087	0.00424	0.00390
28	0.00867	0.00816	0.01377	0.82762	0.03162	0.01020	0.01275	0.01173	0.00918	0.01173	0.00816	0.01224	0.00612	0.00459	0.00459	0.00153	0.00612	0.00408	0.00204	0.00510
29	0.00856	0.00428	0.00428	0.00428	0.00535	0.00428	0.00321	0.01070	0.00963	0.01712	0.01498	0.01712	0.01177	0.00535	0.00321	0.00107	0.00214	0.00428	0.86414	0.00428
30	0.66279	0.07031	0.00908	0.00684	0.00990	0.01124	0.00574	0.11466	0.00992	0.05385	0.00748	0.00825	0.00567	0.00446	0.00315	0.00138	0.00386	0.00278	0.00312	0.00552
31	0.00720	0.02467	0.00677	0.00635	0.00688	0.04002	0.00439	0.00797	0.00730	0.00977	0.01306	0.02361	0.01382	0.44990	0.35316	0.00545	0.00788	0.00569	0.00261	0.00351
32	0.00887	0.00458	0.00461	0.00450	0.00566	0.00463	0.00340	0.03815	0.01005	0.01753	0.01484	0.01690	0.01163	0.00535	0.00326	0.00108	0.00224	0.00427	0.83404	0.00440
33	0.00643	0.00462	0.00589	0.00577	0.00681	0.00426	0.00431	0.00837	0.01214	0.01701	0.60335	0.11338	0.10796	0.01002	0.00540	0.00150	0.00230	0.03572	0.04053	0.00423

[dist]
# distance from previous block
# <min> <max>
0	5

[block]
# block no. 1 follows, 56 sequences, length 12
# corresponding to MSA columns:
# 58-69
name=unknown_B
#
# <colnr> <probs for GDERKNQSTAVLIFYWHMCP>
#	G	D	E	R	K	N	Q	S	T	A	V	L	I	F	Y	W	H	M	C	P
0	0.01525	0.01067	0.01153	0.00922	0.01227	0.01166	0.00748	0.52226	0.10489	0.07088	0.01336	0.04203	0.01008	0.00589	0.00444	0.00137	0.00432	0.00461	0.13071	0.00709
1	0.00957	0.00913	0.01104	0.05698	0.01161	0.07082	0.00809	0.01159	0.05628	0.01237	0.01337	0.04493	0.09601	0.00926	0.05421	0.00203	0.42203	0.00503	0.09076	0.00489
2	0.00660	0.00474	0.00650	0.00650	0.00701	0.00526	0.00464	0.00763	0.00712	0.01000	0.01310	0.02251	0.01342	0.33401	0.52354	0.00629	0.00937	0.00557	0.00258	0.00361
3	0.00856	0.00428	0.00428	0.00428	0.00535	0.00428	0.00321	0.01070	0.00963	0.01712	0.01498	0.01712	0.01177	0.00535	0.00321	0.00107	0.00214	0.00428	0.86414	0.00428
4	0.13496	0.04576	0.01060	0.00786	0.01105	0.00917	0.00648	0.16209	0.01222	0.18716	0.01388	0.01402	0.07958	0.00604	0.02050	0.00137	0.05181	0.00409	0.00378	0.21758
5	0.01304	0.01502	0.01225	0.01312	0.14675	0.43099	0.00865	0.01441	0.01093	0.01166	0.01076	0.01393	0.05409	0.08306	0.09019	0.00221	0.05713	0.00414	0.00248	0.00520
6	0.00856	0.00428	0.00428	0.00428	0.00535	0.00428	0.00321	0.01070	0.00963	0.01712	0.01498	0.01712	0.01177	0.00535	0.00321	0.00107	0.00214	0.00428	0.86414	0.00428
7	0.00758	0.00554	0.00682	0.00725	0.00817	0.00565	0.00540	0.06624	0.09111	0.01416	0.02236	0.45647	0.02477	0.06198	0.00670	0.00198	0.00334	0.16476	0.03527	0.00445
8	0.00930	0.09520	0.66132	0.01214	0.01808	0.01078	0.01517	0.01395	0.00975	0.01412	0.00972	0.01379	0.00793	0.00517	0.00444	0.00148	0.00636	0.08268	0.00218	0.00644
9	0.01575	0.01877	0.01244	0.01110	0.01339	0.61958	0.00847	0.09633	0.01331	0.01313	0.01080	0.01173	0.07462	0.00560	0.00495	0.00128	0.05686	0.00372	0.00273	0.00543
10	0.00589	0.00435	0.00551	0.00621	0.00689	0.00402	0.00446	0.00702	0.00964	0.01261	0.09910	0.49254	0.18004	0.03768	0.00632	0.00187	0.00280	0.10491	0.00428	0.00384
11	0.01077	0.00878	0.01003	0.00750	0.01133	0.00754	0.00600	0.08042	0.11684	0.03974	0.01010	0.01084	0.00798	0.00403	0.00371	0.00088	0.00359	0.00323	0.00323	0.65347

[dist]
# distance from previous block
# <min> <max>
0	1

[block]
# block no. 2 follows, 56 sequences, length 32
# corresponding to MSA columns:
# 71-91,93-103
name=unknown_C
#
# <colnr> <probs for GDERKNQSTAVLIFYWHMCP>
#	G	D	E	R	K	N	Q	S	T	A	V	L	I	F	Y	W	H	M	C	P
0	0.05772	0.01054	0.01160	0.00923	0.01252	0.01131	0.00752	0.40265	0.15694	0.19160	0.01382	0.01320	0.00972	0.00557	0.00443	0.00139	0.00430	0.00433	0.04983	0.02178
1	0.00928	0.04425	0.79504	0.01295	0.01967	0.01085	0.01673	0.01452	0.00968	0.01445	0.00819	0.00963	0.00582	0.00435	0.00433	0.00144	0.00674	0.00337	0.00194	0.00676
2	0.01635	0.00699	0.00937	0.00753	0.01036	0.00621	0.00608	0.01857	0.03662	0.56540	0.24074	0.02093	0.02045	0.00674	0.00484	0.00143	0.00341	0.00567	0.00547	0.00682
3	0.00921	0.00857	0.01434	0.63298	0.17495	0.01015	0.01258	0.01227	0.02744	0.01238	0.00848	0.01225	0.00658	0.00491	0.00503	0.03031	0.00587	0.00410	0.00214	0.00545
4	0.00655	0.00522	0.00667	0.00712	0.00761	0.01813	0.00521	0.00762	0.00926	0.01242	0.09602	0.51536	0.08054	0.02865	0.00722	0.00188	0.09958	0.07694	0.00401	0.00400
5	0.01112	0.01070	0.01838	0.09726	0.72734	0.01086	0.02909	0.01390	0.01035	0.01471	0.00861	0.01146	0.00717	0.00413	0.00457	0.00138	0.00556	0.00412	0.00225	0.00706
6	0.01136	0.01091	0.01863	0.02818	0.81002	0.01091	0.01409	0.01409	0.01045	0.01500	0.00864	0.01136	0.00727	0.00409	0.00455	0.00136	0.00545	0.00409	0.00227	0.00727
7	0.01639	0.02051	0.01263	0.01150	0.01381	0.74231	0.00865	0.01821	0.05415	0.01163	0.00793	0.00917	0.00658	0.00610	0.03972	0.00147	0.00821	0.00316	0.00249	0.00537
8	0.01012	0.00844	0.01375	0.41690	0.26920	0.00939	0.01148	0.01287	0.00985	0.05558	0.00981	0.01285	0.00757	0.00460	0.00438	0.00141	0.00522	0.00414	0.12665	0.00580
9	0.00856	0.00428	0.00428	0.00428	0.00535	0.00428	0.00321	0.01070	0.00963	0.01712	0.01498	0.01712	0.01177	0.00535	0.00321	0.00107	0.00214	0.00428	0.86414	0.00428
10	0.15940	0.01133	0.01183	0.00948	0.01259	0.08319	0.02762	0.30272	0.04253	0.21525	0.01166	0.01189	0.00832	0.02241	0.00522	0.00148	0.04812	0.00399	0.00414	0.00681
11	0.01559	0.03477	0.01256	0.01096	0.03155	0.41552	0.00831	0.17658	0.10658	0.05893	0.01096	0.05400	0.00901	0.00640	0.02665	0.00148	0.00652	0.00415	0.00336	0.00613
12	0.00856	0.00428	0.00428	0.00428	0.00535	0.00428	0.00321	0.01070	0.00963	0.01712	0.01498	0.01712	0.01177	0.00535	0.00321	0.00107	0.00214	0.00428	0.86414	0.00428
13	0.00640	0.00442	0.00535	0.00561	0.00583	0.00441	0.00353	0.00682	0.00744	0.00994	0.01804	0.21235	0.04592	0.52971	0.09162	0.00398	0.00469	0.02759	0.00317	0.00319
14	0.01165	0.43095	0.15865	0.00950	0.03121	0.13027	0.00919	0.01379	0.01024	0.02410	0.05125	0.04140	0.05023	0.00521	0.00379	0.00119	0.00537	0.00382	0.00244	0.00576
15	0.00856	0.00428	0.00428	0.00428	0.00535	0.00428	0.00321	0.01070	0.00963	0.01712	0.01498	0.01712	0.01177	0.00535	0.00321	0.00107	0.00214	0.00428	0.86414	0.00428
16	0.00952	0.00816	0.00952	0.00680	0.01088	0.00612	0.00544	0.01156	0.00952	0.01496	0.00816	0.00952	0.00680	0.00340	0.00340	0.00068	0.00340	0.00272	0.00272	0.86672
17	0.01297	0.00984	0.00972	0.02595	0.01088	0.07841	0.00655	0.36094	0.01525	0.02115	0.01510	0.03055	0.07792	0.00611	0.00442	0.00130	0.02104	0.00471	0.28128	0.00593
18	0.00856	0.00428	0.00428	0.00428	0.00535	0.00428	0.00321	0.01070	0.00963	0.01712	0.01498	0.01712	0.01177	0.00535	0.00321	0.00107	0.00214	0.00428	0.86414	0.00428
19	0.00896	0.00860	0.03058	0.01175	0.03151	0.00835	0.29266	0.03692	0.03780	0.01264	0.01272	0.08022	0.01274	0.32862	0.02314	0.00278	0.04621	0.00627	0.00278	0.00473
20	0.01099	0.01173	0.01828	0.01434	0.01659	0.10522	0.32286	0.01318	0.00950	0.02909	0.00923	0.06852	0.00835	0.00715	0.03273	0.00186	0.30736	0.00512	0.00242	0.00547
21	0.01185	0.03787	0.06928	0.00999	0.01294	0.05659	0.03419	0.06172	0.51649	0.03799	0.01639	0.01608	0.03350	0.00606	0.00498	0.00151	0.03427	0.01463	0.00406	0.01962
22	0.00606	0.00413	0.00551	0.00643	0.00681	0.00383	0.00434	0.00693	0.00904	0.03543	0.04707	0.78907	0.03017	0.01399	0.00581	0.00184	0.00269	0.01267	0.00433	0.00387
23	0.04410	0.01244	0.01303	0.01018	0.01367	0.03543	0.00835	0.65240	0.07354	0.06025	0.01165	0.01153	0.00830	0.00550	0.00451	0.00138	0.00490	0.00414	0.01712	0.00756
24	0.01085	0.00786	0.00904	0.00819	0.02815	0.00816	0.00621	0.06073	0.32734	0.11253	0.19299	0.04371	0.11161	0.00747	0.00488	0.00147	0.00328	0.00633	0.00467	0.04454
25	0.00876	0.00825	0.01393	0.80110	0.05745	0.01022	0.01279	0.01181	0.00922	0.01184	0.00818	0.01221	0.00616	0.00457	0.00459	0.00152	0.00610	0.00408	0.00205	0.00517
26	0.03998	0.00827	0.01034	0.00811	0.01139	0.00772	0.00664	0.14758	0.01403	0.56443	0.01972	0.03433	0.09336	0.00641	0.00468	0.00144	0.00390	0.00518	0.00525	0.00725
27	0.20655	0.00884	0.00949	0.00818	0.01076	0.00979	0.00655	0.06027	0.30104	0.16778	0.06548	0.01587	0.03584	0.00671	0.02269	0.00163	0.04718	0.00468	0.00427	0.00641
28	0.01166	0.00968	0.01163	0.00991	0.01222	0.03313	0.06091	0.17212	0.26903	0.04354	0.04505	0.10777	0.03817	0.00750	0.00603	0.00160	0.09157	0.04372	0.00408	0.02068
29	0.02644	0.00675	0.00890	0.06426	0.05177	0.00659	0.00630	0.06579	0.03796	0.18661	0.40265	0.02517	0.06484	0.00757	0.00499	0.00143	0.00327	0.00652	0.00468	0.01750
30	0.09678	0.00939	0.01221	0.06535	0.05623	0.02247	0.09371	0.10029	0.11217	0.05189	0.04513	0.02562	0.04393	0.02222	0.00486	0.00135	0.01733	0.00449	0.00337	0.21121
31	0.04048	0.02067	0.05157	0.04608	0.05967	0.03381	0.01482	0.03472	0.01122	0.05621	0.26014	0.07465	0.04219	0.01722	0.00484	0.00133	0.00370	0.02075	0.00370	0.20223

[dist]
# distance from previous block
# <min> <max>
2	34

[block]
# block no. 3 follows, 56 sequences, length 28
# corresponding to MSA columns:
# 142-169
name=unknown_D
#
# <colnr> <probs for GDERKNQSTAVLIFYWHMCP>
#	G	D	E	R	K	N	Q	S	T	A	V	L	I	F	Y	W	H	M	C	P
0	0.06101	0.01191	0.01600	0.03533	0.54114	0.11299	0.01188	0.05791	0.03932	0.01576	0.03263	0.01220	0.02250	0.00463	0.00445	0.00136	0.00548	0.00412	0.00264	0.00674
1	0.01308	0.00932	0.01269	0.01326	0.19515	0.00927	0.03464	0.12397	0.14233	0.16928	0.08074	0.04043	0.01328	0.00578	0.00464	0.00137	0.00427	0.01975	0.00402	0.10275
2	0.01087	0.00946	0.03305	0.01039	0.05912	0.03731	0.08216	0.03198	0.25684	0.07760	0.14380	0.03120	0.05471	0.00627	0.00489	0.00139	0.01841	0.00545	0.00396	0.12114
3	0.01221	0.00902	0.01049	0.00823	0.01164	0.00860	0.02006	0.12699	0.20528	0.11318	0.04963	0.01442	0.03229	0.00516	0.00421	0.00115	0.00374	0.00424	0.00396	0.35552
4	0.01152	0.01080	0.01750	0.09155	0.49772	0.01122	0.08703	0.07073	0.12468	0.01628	0.01027	0.01234	0.00815	0.00452	0.00465	0.00142	0.00544	0.00438	0.00277	0.00702
5	0.01124	0.01078	0.01841	0.06470	0.77446	0.01088	0.01403	0.01398	0.01040	0.01485	0.00861	0.01140	0.00722	0.00411	0.00455	0.00137	0.00548	0.00409	0.00226	0.00717
6	0.00862	0.00605	0.00827	0.03227	0.03780	0.00626	0.00671	0.02824	0.03199	0.07462	0.19213	0.07623	0.04735	0.04017	0.05481	0.00220	0.04996	0.28741	0.00413	0.00476
7	0.00660	0.00502	0.00744	0.00741	0.00821	0.00586	0.00576	0.00819	0.00747	0.01073	0.01322	0.03683	0.03026	0.03278	0.76278	0.00698	0.03261	0.00519	0.00253	0.00411
8	0.00656	0.00492	0.00738	0.00738	0.00820	0.00574	0.00574	0.00820	0.00738	0.01066	0.01230	0.01804	0.01148	0.03443	0.82046	0.00738	0.01230	0.00492	0.00246	0.00410
9	0.00581	0.00424	0.00562	0.00651	0.00675	0.00414	0.00438	0.00657	0.00860	0.01153	0.02399	0.75907	0.02870	0.06274	0.00722	0.00202	0.03195	0.01236	0.00410	0.00372
10	0.02879	0.00946	0.01072	0.00862	0.01145	0.00989	0.00690	0.40481	0.01610	0.20877	0.01457	0.09460	0.01177	0.06842	0.00599	0.00164	0.00426	0.00529	0.07123	0.00672
11	0.00856	0.00428	0.00428	0.00428	0.00535	0.00428	0.00321	0.01070	0.00963	0.01712	0.01498	0.01712	0.01177	0.00535	0.00321	0.00107	0.00214	0.00428	0.86414	0.00428
12	0.05536	0.00714	0.00859	0.00767	0.00911	0.00749	0.04147	0.21522	0.01152	0.01598	0.01613	0.26760	0.01729	0.26396	0.03244	0.00264	0.00438	0.00762	0.00368	0.00470
13	0.03175	0.00806	0.00750	0.00712	0.00819	0.12871	0.00493	0.04754	0.05363	0.06705	0.01534	0.16795	0.01610	0.37092	0.04290	0.00301	0.00492	0.00675	0.00336	0.00427
14	0.00856	0.00428	0.00428	0.00428	0.00535	0.00428	0.00321	0.01070	0.00963	0.01712	0.01498	0.01712	0.01177	0.00535	0.00321	0.00107	0.00214	0.00428	0.86414	0.00428
15	0.00922	0.00904	0.01373	0.75668	0.03005	0.05910	0.01244	0.01211	0.00935	0.01168	0.00804	0.01194	0.00611	0.00469	0.00484	0.00152	0.02828	0.00401	0.00206	0.00511
16	0.00797	0.00399	0.00598	0.00598	0.00598	0.00399	0.00399	0.00598	0.00598	0.00797	0.00797	0.01396	0.00797	0.01595	0.01794	0.86643	0.00399	0.00399	0.00199	0.00199
17	0.01327	0.01131	0.01169	0.05912	0.01390	0.06070	0.00810	0.23695	0.49020	0.02097	0.01523	0.01461	0.01133	0.00584	0.00461	0.00148	0.00446	0.00470	0.00435	0.00717
18	0.01595	0.01211	0.01293	0.01026	0.01367	0.01354	0.00836	0.60314	0.21560	0.02651	0.01293	0.01254	0.00935	0.00569	0.00461	0.00142	0.00470	0.00440	0.00461	0.00767
19	0.00880	0.00834	0.01380	0.75127	0.02979	0.01056	0.01250	0.01167	0.00898	0.01167	0.00796	0.01203	0.00611	0.00491	0.00557	0.00157	0.08327	0.00407	0.00204	0.00509
20	0.01202	0.77271	0.09051	0.00829	0.01246	0.01754	0.00862	0.01381	0.00936	0.01112	0.00654	0.00756	0.00589	0.00396	0.00306	0.00102	0.00507	0.00253	0.00196	0.00597
21	0.00976	0.00598	0.00756	0.00655	0.00842	0.00551	0.00508	0.04755	0.03686	0.15772	0.53561	0.02828	0.05855	0.00818	0.00509	0.00140	0.00273	0.00708	0.00496	0.05712
22	0.68375	0.05967	0.00871	0.00698	0.00984	0.12005	0.00571	0.01439	0.00874	0.03870	0.00678	0.00777	0.00531	0.00434	0.00307	0.00136	0.00428	0.00260	0.00280	0.00514
23	0.00551	0.00457	0.00483	0.00502	0.00637	0.00390	0.00372	0.00665	0.01022	0.01234	0.04269	0.16186	0.66921	0.01207	0.00552	0.00161	0.00243	0.03335	0.00426	0.00386
24	0.00983	0.00844	0.01018	0.00729	0.01138	0.00656	0.02850	0.03843	0.00997	0.01543	0.00829	0.00965	0.00684	0.00349	0.00350	0.00073	0.00358	0.00285	0.00277	0.81228
25	0.01217	0.81246	0.05207	0.00804	0.01207	0.01790	0.00818	0.01378	0.00934	0.01093	0.00645	0.00745	0.00589	0.00394	0.00300	0.00100	0.00498	0.00249	0.00196	0.00592
26	0.01071	0.01213	0.02630	0.06699	0.02444	0.01153	0.74734	0.01453	0.01074	0.01453	0.00922	0.01238	0.00692	0.00391	0.00537	0.00155	0.00764	0.00534	0.00231	0.00613
27	0.06225	0.00984	0.02922	0.00943	0.04809	0.02085	0.00723	0.11560	0.31343	0.08491	0.02416	0.01434	0.01089	0.03713	0.02127	0.00155	0.00419	0.00433	0.00394	0.17735

[dist]
# distance from previous block
# <min> <max>
1	20

[block]
# block no. 4 follows, 56 sequences, length 33
# corresponding to MSA columns:
# 190-196,207-229,295-297
name=unknown_E
#
# <colnr> <probs for GDERKNQSTAVLIFYWHMCP>
#	G	D	E	R	K	N	Q	S	T	A	V	L	I	F	Y	W	H	M	C	P
0	0.01365	0.01028	0.01131	0.00981	0.03211	0.01138	0.00761	0.26142	0.41920	0.08643	0.05249	0.01648	0.03446	0.00620	0.00469	0.00148	0.00404	0.00505	0.00468	0.00725
1	0.67064	0.00964	0.00785	0.03129	0.01023	0.05220	0.00571	0.05841	0.04501	0.03676	0.00780	0.00874	0.00596	0.00452	0.00319	0.00140	0.00393	0.00287	0.02854	0.00530
2	0.44564	0.03629	0.01030	0.04542	0.01214	0.13663	0.02361	0.11302	0.04374	0.05595	0.00833	0.00920	0.00633	0.00461	0.00358	0.00136	0.00474	0.00312	0.00312	0.03289
3	0.00792	0.00401	0.00594	0.00594	0.00594	0.00401	0.00393	0.00601	0.00601	0.00802	0.00827	0.01468	0.00837	0.05320	0.01819	0.82740	0.00401	0.00411	0.00203	0.00203
4	0.01017	0.00832	0.01024	0.00774	0.03238	0.00641	0.02462	0.01226	0.00976	0.05624	0.00871	0.00995	0.00705	0.00355	0.00354	0.00076	0.00358	0.00292	0.00285	0.77894
5	0.00944	0.11309	0.55796	0.01246	0.01814	0.01099	0.10221	0.01384	0.01003	0.01434	0.06430	0.01240	0.03126	0.00481	0.00442	0.00141	0.00624	0.00403	0.00227	0.00637
6	0.01072	0.01133	0.01689	0.30074	0.13066	0.12386	0.20306	0.02164	0.01034	0.01300	0.00982	0.02148	0.03028	0.03109	0.00559	0.00155	0.02697	0.00456	0.00234	0.02410
7	0.01008	0.09551	0.55220	0.01265	0.04883	0.05299	0.03287	0.01506	0.06450	0.01452	0.03879	0.01097	0.00790	0.00462	0.00430	0.00139	0.00622	0.00366	0.00230	0.02065
8	0.01453	0.01705	0.01142	0.01043	0.01239	0.56574	0.00791	0.01647	0.05258	0.01231	0.00901	0.01070	0.00750	0.00746	0.07002	0.00173	0.05622	0.00345	0.10789	0.00518
9	0.01006	0.00783	0.02858	0.00704	0.01020	0.00634	0.00570	0.06827	0.01131	0.07875	0.18163	0.05029	0.01631	0.03023	0.00473	0.00113	0.00338	0.00473	0.00363	0.46986
10	0.01059	0.04365	0.01236	0.01050	0.01125	0.16677	0.00843	0.01169	0.00836	0.01091	0.00834	0.03619	0.00823	0.05815	0.14896	0.00285	0.43140	0.00432	0.00226	0.00480
11	0.05297	0.04175	0.01224	0.00938	0.01244	0.00948	0.08613	0.15492	0.14398	0.24244	0.07425	0.02907	0.06702	0.00648	0.00475	0.00147	0.00424	0.03585	0.00449	0.00664
12	0.04629	0.01223	0.07758	0.02760	0.03037	0.13720	0.04895	0.06492	0.19598	0.09760	0.03839	0.02689	0.06409	0.00653	0.01590	0.00155	0.06873	0.01190	0.00358	0.02371
13	0.00884	0.00831	0.01394	0.72410	0.07506	0.01010	0.02522	0.01207	0.02865	0.01215	0.00897	0.03666	0.00711	0.00488	0.00464	0.00153	0.00595	0.00439	0.00219	0.00526
14	0.00583	0.00439	0.00510	0.00547	0.00621	0.00399	0.00373	0.00672	0.00929	0.01189	0.08400	0.32215	0.31145	0.17752	0.00917	0.00224	0.00288	0.02032	0.00402	0.00364
15	0.01438	0.01461	0.01474	0.01206	0.01502	0.31114	0.16367	0.11604	0.13552	0.06991	0.04529	0.04495	0.01053	0.00553	0.00469	0.00139	0.00627	0.00468	0.00341	0.00617
16	0.01376	0.07179	0.18344	0.01145	0.06121	0.02664	0.06605	0.13050	0.06152	0.22071	0.05397	0.05542	0.01140	0.00568	0.00459	0.00142	0.00504	0.00478	0.00379	0.00684
17	0.00576	0.00420	0.00546	0.00618	0.00668	0.00394	0.00424	0.00676	0.00924	0.01234	0.10749	0.60616	0.10432	0.03812	0.05415	0.00219	0.00320	0.01158	0.00420	0.00380
18	0.00661	0.00480	0.00579	0.00613	0.00714	0.00443	0.00445	0.04029	0.01041	0.03444	0.09449	0.42217	0.27356	0.01242	0.00563	0.00171	0.00274	0.05428	0.00438	0.00413
19	0.01117	0.29091	0.44125	0.01141	0.01669	0.10594	0.03552	0.01472	0.00999	0.01294	0.00753	0.00885	0.00589	0.00425	0.00390	0.00127	0.00637	0.00309	0.00201	0.00631
20	0.03134	0.00632	0.00880	0.00824	0.00914	0.00760	0.00654	0.03448	0.00812	0.04793	0.01177	0.01783	0.01101	0.06973	0.51718	0.00544	0.15900	0.03236	0.00268	0.00451
21	0.00789	0.00583	0.00838	0.00793	0.00871	0.00699	0.00622	0.00933	0.00762	0.05224	0.01181	0.01744	0.01097	0.08264	0.57909	0.00589	0.14057	0.00487	0.02123	0.00435
22	0.01109	0.01104	0.02004	0.07592	0.60275	0.01101	0.17169	0.01407	0.01045	0.01474	0.00874	0.01162	0.00714	0.00408	0.00472	0.00141	0.00596	0.00436	0.00227	0.00692
23	0.04894	0.03199	0.02723	0.00836	0.03049	0.00753	0.03141	0.11572	0.01273	0.29643	0.07242	0.08764	0.17134	0.00774	0.00487	0.00149	0.00378	0.02920	0.00457	0.00612
24	0.00602	0.00447	0.00559	0.00587	0.00674	0.00408	0.00425	0.00746	0.01077	0.01444	0.32778	0.30774	0.19391	0.03388	0.00609	0.00172	0.00253	0.04814	0.00452	0.00399
25	0.10591	0.00726	0.00879	0.00733	0.00986	0.00701	0.00590	0.08769	0.02968	0.33493	0.27265	0.02231	0.04254	0.00711	0.00476	0.00145	0.00337	0.03032	0.00497	0.00615
26	0.00942	0.00737	0.01065	0.00937	0.01119	0.00743	0.12084	0.15327	0.04950	0.03756	0.04151	0.38911	0.02103	0.02739	0.01749	0.00184	0.00421	0.07159	0.00406	0.00516
27	0.01007	0.00845	0.01356	0.11109	0.14557	0.00862	0.14382	0.07240	0.03441	0.06467	0.03636	0.11305	0.12124	0.02013	0.03125	0.00175	0.02273	0.00636	0.02882	0.00565
28	0.00993	0.16056	0.58036	0.01300	0.01903	0.01205	0.11474	0.01443	0.00978	0.01393	0.00806	0.00964	0.00598	0.00423	0.00426	0.00139	0.00659	0.00349	0.00199	0.00656
29	0.01055	0.01017	0.01689	0.19518	0.55204	0.02721	0.03634	0.01328	0.01030	0.01427	0.04039	0.03465	0.00903	0.00469	0.00464	0.00142	0.00552	0.00451	0.00239	0.00653
30	0.01094	0.01156	0.04456	0.03301	0.04095	0.01125	0.47469	0.09804	0.03640	0.01567	0.01162	0.01504	0.04386	0.03787	0.00676	0.00169	0.07545	0.02184	0.00274	0.00605
31	0.01047	0.14432	0.27924	0.01478	0.05109	0.03723	0.30522	0.01413	0.01021	0.01380	0.00997	0.01269	0.03227	0.00464	0.00478	0.00143	0.01839	0.02689	0.00225	0.00621
32	0.01072	0.01054	0.03349	0.19657	0.44678	0.03597	0.05741	0.02944	0.03353	0.01457	0.00996	0.01262	0.02408	0.00457	0.00465	0.00141	0.01444	0.00427	0.04856	0.00642

[dist]
# distance from previous block
# <min> <max>
12	19

[block]
# block no. 5 follows, 56 sequences, length 7
# corresponding to MSA columns:
# 320-326
name=unknown_F
#
# <colnr> <probs for GDERKNQSTAVLIFYWHMCP>
#	G	D	E	R	K	N	Q	S	T	A	V	L	I	F	Y	W	H	M	C	P
0	0.03342	0.24215	0.21494	0.01027	0.01407	0.05235	0.01030	0.07247	0.11558	0.06817	0.00959	0.01046	0.00745	0.00516	0.00541	0.00139	0.11407	0.00355	0.00280	0.00640
1	0.00951	0.00825	0.01291	0.13192	0.27221	0.00846	0.04021	0.06624	0.01094	0.01495	0.04975	0.13207	0.01568	0.00757	0.00511	0.00159	0.00475	0.16093	0.00321	0.04373
2	0.00783	0.00596	0.00689	0.00666	0.00762	0.00633	0.00459	0.01147	0.20539	0.01233	0.01638	0.13003	0.01671	0.38199	0.11883	0.00360	0.00498	0.00674	0.00340	0.04225
3	0.54509	0.04702	0.05622	0.03910	0.01152	0.01106	0.00680	0.10766	0.07077	0.05486	0.00857	0.00929	0.00641	0.00463	0.00343	0.00141	0.00410	0.00310	0.00319	0.00576
4	0.00625	0.00463	0.00605	0.05416	0.00825	0.00451	0.00491	0.00738	0.00920	0.01206	0.07096	0.39856	0.12051	0.14291	0.00854	0.00223	0.00332	0.12785	0.00394	0.00379
5	0.04955	0.01067	0.01073	0.00945	0.01217	0.04595	0.00740	0.11239	0.64412	0.02005	0.01678	0.01563	0.01257	0.00600	0.00456	0.00151	0.00399	0.00486	0.00449	0.00715
6	0.07006	0.01003	0.01215	0.00943	0.01273	0.01035	0.05038	0.37312	0.01653	0.25618	0.11751	0.01528	0.01330	0.00590	0.00464	0.00141	0.00439	0.00479	0.00474	0.00709

[dist]
# distance from previous block
# <min> <max>
0	9

[block]
# block no. 6 follows, 56 sequences, length 14
# corresponding to MSA columns:
# 336-349
name=unknown_G
#
# <colnr> <probs for GDERKNQSTAVLIFYWHMCP>
#	G	D	E	R	K	N	Q	S	T	A	V	L	I	F	Y	W	H	M	C	P
0	0.06730	0.00875	0.01051	0.00849	0.01160	0.00872	0.00696	0.18444	0.08991	0.41394	0.07827	0.01792	0.01388	0.00632	0.00468	0.00147	0.00399	0.05068	0.00505	0.00711
1	0.00848	0.00551	0.00727	0.00753	0.00883	0.00535	0.00617	0.03399	0.01103	0.09493	0.10048	0.17640	0.11088	0.01153	0.00599	0.00185	0.01765	0.37708	0.00444	0.00460
2	0.01102	0.00598	0.00798	0.08511	0.01075	0.00555	0.00584	0.01278	0.01160	0.27563	0.19613	0.11196	0.19623	0.00884	0.00516	0.00154	0.00327	0.03457	0.00469	0.00538
3	0.00901	0.00854	0.01425	0.70149	0.10491	0.01050	0.01271	0.01191	0.00917	0.01200	0.00808	0.01202	0.00622	0.00475	0.00522	0.00154	0.05621	0.00408	0.00206	0.00530
4	0.01175	0.01158	0.01806	0.15984	0.45867	0.06984	0.11003	0.07687	0.01137	0.01526	0.00872	0.01139	0.00698	0.00431	0.00464	0.00140	0.00602	0.00418	0.00243	0.00667
5	0.00903	0.00851	0.01468	0.31537	0.16147	0.00933	0.13335	0.01166	0.00955	0.01306	0.01264	0.05789	0.06654	0.00739	0.05340	0.00186	0.04876	0.00523	0.05489	0.00538
6	0.01021	0.00574	0.00696	0.00632	0.00821	0.00513	0.00492	0.04163	0.01131	0.22340	0.07162	0.11083	0.36111	0.01029	0.00601	0.05256	0.00308	0.05113	0.00455	0.00498
7	0.63709	0.01032	0.08474	0.00713	0.01034	0.01015	0.00644	0.07517	0.00959	0.05005	0.05613	0.00989	0.00785	0.00473	0.00335	0.00142	0.00391	0.00314	0.00313	0.00544
8	0.00743	0.00599	0.00923	0.10324	0.04220	0.00622	0.07096	0.00895	0.03820	0.01182	0.01860	0.34554	0.06041	0.06592	0.00859	0.11123	0.03347	0.04453	0.00332	0.00415
9	0.01119	0.03491	0.01133	0.00829	0.01172	0.04341	0.05243	0.14392	0.03159	0.02691	0.00998	0.02486	0.00854	0.08408	0.00573	0.00130	0.00427	0.00377	0.01633	0.46545
10	0.01306	0.13853	0.06701	0.06123	0.11451	0.04435	0.00911	0.16122	0.02577	0.11332	0.01155	0.02797	0.03209	0.00521	0.00445	0.00128	0.02267	0.01868	0.00327	0.12473
11	0.02679	0.04088	0.14074	0.04551	0.26670	0.00970	0.01047	0.10973	0.03616	0.01599	0.04555	0.12163	0.02383	0.04941	0.00560	0.00159	0.00485	0.00545	0.00302	0.03641
12	0.05741	0.03191	0.07257	0.02458	0.17133	0.08142	0.02047	0.05557	0.05256	0.05044	0.03565	0.05126	0.00953	0.00514	0.00475	0.00126	0.04765	0.00414	0.00296	0.21941
13	0.04056	0.01083	0.03222	0.01075	0.02827	0.10699	0.14405	0.05232	0.12132	0.04190	0.05526	0.06566	0.02510	0.00675	0.02863	0.02018	0.03174	0.00494	0.00325	0.16930

[dist]
# distance from previous block
# <min> <max>
0	10

[block]
# block no. 7 follows, 56 sequences, length 48
# corresponding to MSA columns:
# 368-392,404-409,432-448
name=unknown_H
#
# <colnr> <probs for GDERKNQSTAVLIFYWHMCP>
#	G	D	E	R	K	N	Q	S	T	A	V	L	I	F	Y	W	H	M	C	P
0	0.01336	0.01149	0.04215	0.03134	0.21385	0.05601	0.03922	0.21571	0.12212	0.08257	0.03382	0.03949	0.02028	0.00551	0.00474	0.00140	0.01498	0.00467	0.00364	0.04367
1	0.01046	0.00852	0.04631	0.00861	0.04194	0.00740	0.02581	0.09215	0.09601	0.09167	0.08259	0.10842	0.11615	0.00696	0.00460	0.00130	0.00366	0.00594	0.00389	0.23763
2	0.01219	0.15326	0.04939	0.00983	0.09179	0.02245	0.00753	0.05771	0.04131	0.16862	0.10051	0.05468	0.05883	0.00593	0.00429	0.00125	0.00407	0.00488	0.00367	0.14782
3	0.03871	0.05811	0.14732	0.03222	0.05753	0.16439	0.12214	0.04766	0.04366	0.03428	0.02225	0.02918	0.03667	0.01935	0.02248	0.00153	0.02266	0.01982	0.00275	0.07728
4	0.00714	0.00579	0.00660	0.00579	0.00783	0.00479	0.00433	0.00850	0.00961	0.01308	0.06401	0.08999	0.29272	0.12644	0.00736	0.00171	0.00309	0.04219	0.00357	0.29546
5	0.01151	0.01097	0.11358	0.01202	0.10958	0.00943	0.07206	0.11331	0.16664	0.09041	0.14038	0.01774	0.05105	0.00599	0.00474	0.00142	0.00448	0.00522	0.00386	0.05560
6	0.04975	0.00881	0.04179	0.00742	0.01146	0.00664	0.02529	0.01273	0.00987	0.08532	0.02532	0.01055	0.00783	0.00381	0.00361	0.00085	0.00367	0.00308	0.00299	0.67922
7	0.01801	0.01037	0.01196	0.00926	0.01271	0.01074	0.00762	0.43966	0.03246	0.32686	0.01410	0.01325	0.00951	0.00558	0.00452	0.00138	0.00442	0.00435	0.05562	0.00759
8	0.00800	0.00932	0.12725	0.00996	0.04046	0.00717	0.13209	0.01167	0.07981	0.01615	0.33628	0.05004	0.13712	0.00779	0.00518	0.00150	0.00400	0.00705	0.00390	0.00526
9	0.01921	0.00851	0.02584	0.00847	0.01213	0.02238	0.02487	0.02111	0.01273	0.70075	0.01672	0.01481	0.01069	0.00541	0.00452	0.00136	0.00409	0.00443	0.00523	0.07674
10	0.01383	0.01228	0.06329	0.02874	0.10581	0.05203	0.00917	0.39014	0.14217	0.02207	0.06027	0.01462	0.03371	0.02480	0.00507	0.00148	0.00490	0.00466	0.00398	0.00698
11	0.01166	0.11871	0.49003	0.01222	0.04508	0.02760	0.03004	0.05021	0.04894	0.10871	0.00981	0.01061	0.00704	0.00459	0.00427	0.00139	0.00600	0.00360	0.00266	0.00684
12	0.01069	0.23836	0.40464	0.01061	0.01541	0.08723	0.01197	0.01469	0.05310	0.01370	0.04499	0.01090	0.00833	0.00518	0.01849	0.00140	0.00597	0.00348	0.03467	0.00618
13	0.00645	0.00484	0.00600	0.00575	0.00693	0.00449	0.00429	0.00877	0.04196	0.01704	0.60474	0.08019	0.17156	0.00993	0.00541	0.00149	0.00228	0.00869	0.00486	0.00433
14	0.07343	0.18214	0.48019	0.01144	0.04863	0.01158	0.01289	0.01387	0.00962	0.01443	0.03587	0.00999	0.00722	0.00437	0.00395	0.00130	0.00572	0.00329	0.00219	0.06791
15	0.04949	0.16122	0.46933	0.01175	0.02947	0.01165	0.06187	0.03174	0.02272	0.01463	0.00813	0.00952	0.00616	0.00421	0.00403	0.00130	0.00593	0.00331	0.00219	0.09136
16	0.00641	0.00460	0.00593	0.00665	0.00714	0.00449	0.00455	0.05510	0.00944	0.01263	0.02345	0.71917	0.02763	0.04374	0.04355	0.00218	0.00331	0.01191	0.00415	0.00396
17	0.00995	0.00833	0.00968	0.02144	0.01126	0.00675	0.00575	0.07927	0.01058	0.01594	0.01021	0.03281	0.03569	0.00418	0.00366	0.00082	0.00353	0.00339	0.00297	0.72378
18	0.01252	0.13193	0.38570	0.01093	0.02816	0.02928	0.01187	0.07968	0.03777	0.15286	0.01048	0.02261	0.00765	0.00478	0.00420	0.00133	0.00554	0.00370	0.00299	0.05601
19	0.03681	0.37121	0.19207	0.00997	0.01393	0.06535	0.01010	0.10555	0.02769	0.03260	0.00787	0.00902	0.00639	0.00477	0.00482	0.00128	0.08872	0.00315	0.00246	0.00623
20	0.00588	0.00467	0.00526	0.00542	0.00653	0.00428	0.00389	0.00728	0.03229	0.01225	0.06804	0.19690	0.46252	0.09117	0.07046	0.00233	0.00340	0.00952	0.00403	0.00388
21	0.00666	0.00470	0.00561	0.00562	0.00578	0.00488	0.00351	0.00696	0.00712	0.00956	0.01640	0.10559	0.05273	0.62256	0.08391	0.00420	0.04100	0.00716	0.00293	0.00312
22	0.01110	0.00993	0.03326	0.00939	0.01191	0.01098	0.00753	0.04571	0.67122	0.01863	0.01834	0.05373	0.01458	0.00680	0.00503	0.00159	0.02434	0.03449	0.00449	0.00694
23	0.01170	0.05606	0.30331	0.01642	0.20093	0.05790	0.11396	0.06259	0.06658	0.05255	0.00967	0.01111	0.00726	0.00450	0.00451	0.00141	0.00614	0.00397	0.00262	0.00684
24	0.03261	0.01240	0.18995	0.01000	0.04327	0.02729	0.02281	0.07348	0.02614	0.08608	0.03801	0.01228	0.03130	0.00485	0.00477	0.00119	0.05586	0.00376	0.00304	0.32090
25	0.00644	0.00510	0.00595	0.00568	0.00716	0.00451	0.00422	0.00842	0.04073	0.01489	0.30344	0.15405	0.32037	0.01027	0.00527	0.00148	0.00247	0.00887	0.00441	0.08627
26	0.01431	0.44517	0.03101	0.01037	0.04103	0.36493	0.00865	0.01576	0.01097	0.01119	0.00680	0.00794	0.00595	0.00429	0.00354	0.00109	0.00642	0.00274	0.00215	0.00571
27	0.00557	0.00417	0.00515	0.00592	0.00651	0.00378	0.00404	0.00645	0.00918	0.01184	0.03051	0.61829	0.22871	0.02930	0.00608	0.00183	0.00261	0.01207	0.00423	0.00375
28	0.02700	0.01010	0.01202	0.14559	0.14517	0.07936	0.00924	0.04649	0.30075	0.03393	0.01468	0.06749	0.01250	0.00644	0.00476	0.00154	0.00478	0.06833	0.00358	0.00627
29	0.01229	0.05939	0.08306	0.04069	0.32587	0.11691	0.14579	0.04875	0.05648	0.03442	0.00923	0.01119	0.00730	0.00447	0.00479	0.00139	0.02467	0.00410	0.00256	0.00665
30	0.00590	0.00476	0.00527	0.00519	0.00657	0.00420	0.00387	0.00764	0.03206	0.01426	0.26242	0.08454	0.52507	0.01100	0.00543	0.00154	0.00233	0.00936	0.00450	0.00409
31	0.01248	0.00999	0.01068	0.00938	0.01212	0.01138	0.00736	0.08917	0.68868	0.06768	0.01801	0.01652	0.01333	0.00614	0.00466	0.00153	0.00377	0.00507	0.00473	0.00735
32	0.01269	0.01094	0.01139	0.06243	0.01376	0.05319	0.00798	0.17131	0.56045	0.02019	0.01594	0.01519	0.01190	0.00591	0.00462	0.00150	0.00430	0.00480	0.00437	0.00713
33	0.00581	0.00442	0.00540	0.00601	0.00686	0.00401	0.00439	0.00698	0.00983	0.01259	0.07758	0.41887	0.29960	0.01293	0.00574	0.00176	0.00271	0.10632	0.00430	0.00388
34	0.01163	0.12051	0.27070	0.01338	0.13951	0.01098	0.05219	0.06527	0.05631	0.08034	0.00982	0.01092	0.00740	0.00443	0.00418	0.00128	0.00535	0.00367	0.01999	0.11213
35	0.01084	0.01238	0.02709	0.01935	0.02399	0.01161	0.79334	0.01471	0.01084	0.01471	0.00929	0.01238	0.00697	0.00387	0.00542	0.00155	0.00774	0.00542	0.00232	0.00619
36	0.00866	0.00798	0.01334	0.79007	0.03042	0.00993	0.01231	0.01168	0.00920	0.01198	0.00847	0.01246	0.00638	0.00462	0.00453	0.00151	0.00594	0.00409	0.04136	0.00506
37	0.00670	0.00530	0.00697	0.00727	0.00751	0.00588	0.00515	0.00775	0.02956	0.01138	0.02008	0.54685	0.02356	0.13570	0.01007	0.00227	0.15014	0.01028	0.00365	0.00391
38	0.10432	0.01032	0.01368	0.02587	0.05112	0.09007	0.16599	0.08918	0.02604	0.21702	0.01388	0.13202	0.01174	0.00637	0.00475	0.00150	0.00512	0.02104	0.00379	0.00619
39	0.01135	0.01115	0.01790	0.02703	0.01691	0.06987	0.34036	0.07902	0.03363	0.04463	0.01202	0.05466	0.04575	0.00683	0.03161	0.00177	0.15829	0.00535	0.02610	0.00578
40	0.00944	0.00808	0.00944	0.00679	0.01080	0.00607	0.00542	0.01146	0.00951	0.01490	0.00849	0.02550	0.00726	0.00361	0.00345	0.00070	0.00339	0.00292	0.00275	0.85003
41	0.04161	0.21365	0.38255	0.02589	0.01564	0.01194	0.01181	0.08076	0.01088	0.08670	0.00971	0.01162	0.00748	0.00483	0.00405	0.00134	0.00554	0.03258	0.03497	0.00647
42	0.00900	0.07190	0.05786	0.02177	0.02950	0.01625	0.02022	0.07614	0.02520	0.04480	0.16152	0.20893	0.04368	0.05966	0.00782	0.11390	0.00384	0.01970	0.00365	0.00466
43	0.01084	0.01238	0.02709	0.01935	0.02399	0.01161	0.79334	0.01471	0.01084	0.01471	0.00929	0.01238	0.00697	0.00387	0.00542	0.00155	0.00774	0.00542	0.00232	0.00619
44	0.01184	0.00811	0.00967	0.00721	0.01094	0.00664	0.00579	0.03376	0.05487	0.16964	0.03593	0.01210	0.00936	0.00428	0.00379	0.00092	0.00349	0.00347	0.02203	0.58614
45	0.01041	0.05217	0.35098	0.02391	0.01465	0.01000	0.01086	0.08963	0.14523	0.04629	0.07733	0.03172	0.01221	0.08173	0.00622	0.00171	0.00514	0.00467	0.00319	0.02193
46	0.01239	0.04079	0.05111	0.03711	0.11215	0.10530	0.00867	0.10283	0.21720	0.08164	0.04293	0.10008	0.01296	0.01555	0.01684	0.00159	0.02543	0.00533	0.00372	0.00638
47	0.00849	0.00609	0.00708	0.00662	0.00817	0.00569	0.00495	0.01127	0.09762	0.05372	0.46240	0.03431	0.22287	0.00983	0.00561	0.00164	0.00280	0.00823	0.03741	0.00520

[dist]
# distance from previous block
# <min> <max>
0	1

[block]
# block no. 8 follows, 56 sequences, length 6
# corresponding to MSA columns:
# 450-455
name=unknown_I
#
# <colnr> <probs for GDERKNQSTAVLIFYWHMCP>
#	G	D	E	R	K	N	Q	S	T	A	V	L	I	F	Y	W	H	M	C	P
0	0.16849	0.10543	0.08570	0.12649	0.16005	0.10779	0.10008	0.03155	0.01013	0.01478	0.00813	0.01083	0.00665	0.00456	0.00437	0.00139	0.02374	0.02156	0.00239	0.00589
1	0.00578	0.00412	0.00545	0.00639	0.00672	0.00387	0.00434	0.00668	0.00898	0.01201	0.06454	0.71435	0.03012	0.05672	0.00677	0.00199	0.00281	0.05038	0.00422	0.00374
2	0.00861	0.00739	0.01061	0.14197	0.06631	0.00894	0.00806	0.05317	0.00861	0.01207	0.01134	0.09376	0.01137	0.13948	0.19270	0.00341	0.20943	0.00550	0.00261	0.00467
3	0.00958	0.00839	0.01008	0.00744	0.01102	0.00709	0.00600	0.01150	0.00921	0.01448	0.00790	0.00958	0.00671	0.00397	0.00483	0.00084	0.10470	0.00288	0.00263	0.76115
4	0.00910	0.00792	0.01297	0.05551	0.01386	0.00747	0.22357	0.05800	0.01110	0.03554	0.10923	0.08967	0.14015	0.00791	0.03341	0.00161	0.00472	0.00647	0.06106	0.11071
5	0.01053	0.00911	0.01253	0.15377	0.06832	0.03378	0.00923	0.01229	0.00883	0.07802	0.00893	0.03608	0.00776	0.00783	0.05736	0.00189	0.31823	0.00415	0.00257	0.15879

[dist]
# distance from previous block
# <min> <max>
0	9

[block]
# block no. 9 follows, 56 sequences, length 25
# corresponding to MSA columns:
# 465-481,489-496
name=unknown_J
#
# <colnr> <probs for GDERKNQSTAVLIFYWHMCP>
#	G	D	E	R	K	N	Q	S	T	A	V	L	I	F	Y	W	H	M	C	P
0	0.01027	0.00980	0.01667	0.35123	0.49547	0.01062	0.01355	0.01314	0.00994	0.01368	0.00844	0.01172	0.00681	0.00429	0.00456	0.00143	0.00572	0.00409	0.00218	0.00639
1	0.02251	0.01047	0.04799	0.03197	0.03940	0.02285	0.30024	0.06775	0.01074	0.05708	0.01380	0.09309	0.07228	0.00641	0.00656	0.00157	0.13052	0.00580	0.02610	0.03289
2	0.00616	0.00440	0.00570	0.03624	0.00730	0.00433	0.00435	0.00699	0.00841	0.01125	0.03314	0.47718	0.05126	0.22803	0.04210	0.00272	0.00367	0.04509	0.01809	0.00359
3	0.01043	0.00779	0.00884	0.03784	0.01031	0.02679	0.00612	0.27085	0.01311	0.01740	0.03623	0.23598	0.09309	0.03739	0.03035	0.08819	0.00418	0.01706	0.01791	0.03014
4	0.00672	0.03563	0.00647	0.00572	0.00713	0.00495	0.00438	0.00878	0.03830	0.03008	0.39252	0.08114	0.31801	0.01020	0.00534	0.00151	0.00250	0.03169	0.00458	0.00435
5	0.01105	0.01059	0.01806	0.12200	0.71866	0.01082	0.01393	0.01381	0.01030	0.01462	0.00858	0.01147	0.00714	0.00415	0.00455	0.00138	0.00553	0.00409	0.00225	0.00702
6	0.04090	0.00910	0.03288	0.56964	0.13475	0.01035	0.05533	0.01229	0.00934	0.01287	0.00836	0.01197	0.00645	0.00462	0.00490	0.00151	0.03619	0.00408	0.02902	0.00546
7	0.01721	0.01274	0.01364	0.01051	0.01414	0.01412	0.00867	0.76375	0.05294	0.02854	0.01133	0.01127	0.00806	0.00554	0.00460	0.00138	0.00499	0.00418	0.00460	0.00779
8	0.05645	0.00840	0.01585	0.01247	0.01511	0.00792	0.37608	0.01099	0.00990	0.01401	0.04752	0.33913	0.01758	0.00826	0.00538	0.00163	0.00511	0.00830	0.00324	0.03669
9	0.00867	0.00816	0.01377	0.82762	0.03162	0.01020	0.01275	0.01173	0.00918	0.01173	0.00816	0.01224	0.00612	0.00459	0.00459	0.00153	0.00612	0.00408	0.00204	0.00510
10	0.00856	0.00428	0.00428	0.00428	0.00535	0.00428	0.00321	0.01070	0.00963	0.01712	0.01498	0.01712	0.01177	0.00535	0.00321	0.00107	0.00214	0.00428	0.86414	0.00428
11	0.00894	0.00824	0.01389	0.69102	0.11864	0.00993	0.01241	0.01168	0.00915	0.01189	0.00820	0.01224	0.00635	0.00517	0.00533	0.04969	0.00593	0.00408	0.00206	0.00517
12	0.02233	0.01005	0.09397	0.01082	0.02539	0.00865	0.17540	0.08499	0.08115	0.11580	0.24537	0.01973	0.03090	0.00635	0.00510	0.00146	0.01758	0.00577	0.03318	0.00603
13	0.00856	0.00428	0.00428	0.00428	0.00535	0.00428	0.00321	0.01070	0.00963	0.01712	0.01498	0.01712	0.01177	0.00535	0.00321	0.00107	0.00214	0.00428	0.86414	0.00428
14	0.00980	0.16550	0.65069	0.01239	0.01860	0.01200	0.04170	0.01441	0.00967	0.01390	0.00795	0.00938	0.00587	0.00427	0.00415	0.00138	0.00649	0.00330	0.00196	0.00661
