[name]
unknown

[dist]
# distance from previous block
# <min> <max>
0	65

[block]
# block no. 0 follows, 53 sequences, length 10
# corresponding to MSA columns:
# 70-79
name=unknown_A
#
# <colnr> <probs for GDERKNQSTAVLIFYWHMCP>
#	G	D	E	R	K	N	Q	S	T	A	V	L	I	F	Y	W	H	M	C	P
0	0.06610	0.13405	0.16131	0.01127	0.08864	0.02766	0.00964	0.08358	0.10716	0.04957	0.07570	0.05544	0.04404	0.00645	0.00459	0.00147	0.00481	0.04158	0.00347	0.02347
1	0.01326	0.27525	0.11847	0.01121	0.05572	0.14507	0.02831	0.15121	0.02910	0.01579	0.01189	0.01283	0.07026	0.00645	0.03426	0.00153	0.00611	0.00399	0.00289	0.00638
2	0.05383	0.06806	0.07564	0.05265	0.08157	0.20163	0.09329	0.14235	0.05991	0.01699	0.04703	0.01199	0.00905	0.00535	0.00531	0.00145	0.06031	0.00416	0.00303	0.00641
3	0.01185	0.00810	0.06216	0.00763	0.01038	0.00658	0.00641	0.05372	0.02863	0.21737	0.16635	0.07707	0.06359	0.04780	0.04440	0.00184	0.00409	0.00614	0.03397	0.14192
4	0.01168	0.04992	0.01545	0.03472	0.20283	0.06420	0.11785	0.03274	0.03183	0.06256	0.03924	0.03767	0.04222	0.02830	0.00514	0.00138	0.00518	0.00475	0.00306	0.20931
5	0.01037	0.00823	0.03617	0.00807	0.01041	0.00809	0.00656	0.04476	0.30812	0.09093	0.12201	0.06127	0.19144	0.00882	0.00529	0.00164	0.00349	0.06348	0.00476	0.00609
6	0.00725	0.00510	0.00574	0.00564	0.00643	0.00493	0.00380	0.04451	0.00977	0.01310	0.11084	0.08715	0.19533	0.38411	0.01400	0.00297	0.00361	0.02980	0.06211	0.00379
7	0.12153	0.08379	0.08337	0.00819	0.01107	0.03847	0.00720	0.05123	0.04009	0.16082	0.14249	0.09818	0.05452	0.02235	0.00526	0.00154	0.02459	0.00584	0.00403	0.03545
8	0.00580	0.00473	0.00512	0.00526	0.00661	0.00406	0.00386	0.00705	0.01089	0.01345	0.12389	0.17344	0.59458	0.01233	0.00572	0.00166	0.00246	0.01051	0.00452	0.00406
9	0.10719	0.00881	0.00958	0.00735	0.01093	0.03660	0.00587	0.04419	0.01118	0.09768	0.10783	0.01354	0.01209	0.00480	0.00394	0.00102	0.00371	0.00380	0.00353	0.50636

[dist]
# distance from previous block
# <min> <max>
1	4

[block]
# block no. 1 follows, 53 sequences, length 6
# corresponding to MSA columns:
# 84-89
name=unknown_B
#
# <colnr> <probs for GDERKNQSTAVLIFYWHMCP>
#	G	D	E	R	K	N	Q	S	T	A	V	L	I	F	Y	W	H	M	C	P
0	0.03334	0.00612	0.00829	0.00951	0.10462	0.00590	0.02480	0.01008	0.05456	0.04465	0.11512	0.34137	0.16910	0.04238	0.00627	0.00181	0.00334	0.00966	0.00421	0.00487
1	0.08630	0.04931	0.00931	0.00719	0.00954	0.00881	0.00584	0.17488	0.01237	0.05700	0.01236	0.01393	0.00962	0.00677	0.04090	0.00153	0.04692	0.00404	0.35538	0.08800
2	0.01120	0.05223	0.06840	0.09969	0.29579	0.04106	0.02380	0.04553	0.07622	0.03594	0.02967	0.01620	0.01064	0.08766	0.03161	0.00196	0.00563	0.02647	0.03396	0.00633
3	0.01173	0.01477	0.14349	0.22588	0.09439	0.14999	0.12132	0.04994	0.01112	0.01416	0.00897	0.01253	0.00724	0.00526	0.00588	0.00156	0.08551	0.02774	0.00242	0.00609
4	0.01141	0.00812	0.05170	0.01054	0.10636	0.00753	0.00755	0.04641	0.04257	0.17265	0.12516	0.13335	0.01831	0.03644	0.07631	0.00219	0.05060	0.00648	0.08044	0.00589
5	0.50909	0.00858	0.00867	0.12316	0.01265	0.01003	0.00668	0.01381	0.00886	0.06973	0.00878	0.01050	0.00675	0.00506	0.00448	0.00150	0.07411	0.00334	0.10892	0.00530

[dist]
# distance from previous block
# <min> <max>
0	2

[block]
# block no. 2 follows, 53 sequences, length 20
# corresponding to MSA columns:
# 92-97,101-114
name=unknown_C
#
# <colnr> <probs for GDERKNQSTAVLIFYWHMCP>
#	G	D	E	R	K	N	Q	S	T	A	V	L	I	F	Y	W	H	M	C	P
0	0.00664	0.00489	0.00580	0.00606	0.00720	0.00444	0.00446	0.00817	0.02505	0.03598	0.14035	0.26503	0.34235	0.04786	0.00663	0.00187	0.00283	0.07562	0.00453	0.00422
1	0.10959	0.00888	0.01006	0.00846	0.01138	0.00924	0.00677	0.08056	0.25463	0.31020	0.01696	0.01729	0.01239	0.04046	0.00539	0.00165	0.00395	0.02776	0.05729	0.00708
2	0.31233	0.00809	0.00879	0.00735	0.01032	0.00816	0.00595	0.01821	0.05139	0.38080	0.01480	0.05978	0.01082	0.00592	0.00412	0.00148	0.00369	0.00454	0.07693	0.00652
3	0.01444	0.01188	0.04884	0.02724	0.10015	0.03090	0.08669	0.27141	0.16024	0.10445	0.08186	0.01535	0.01263	0.00583	0.00493	0.00150	0.00510	0.00500	0.00424	0.00732
4	0.00818	0.00450	0.00619	0.00614	0.00625	0.00453	0.00402	0.02679	0.00691	0.00922	0.01048	0.04584	0.01107	0.19439	0.01912	0.62216	0.00424	0.00509	0.00241	0.00247
5	0.02660	0.00608	0.00786	0.11019	0.01106	0.00613	0.00590	0.04181	0.01143	0.08836	0.23484	0.13619	0.16594	0.08927	0.00745	0.00191	0.02003	0.01986	0.00429	0.00480
6	0.17048	0.03731	0.01176	0.07874	0.02833	0.17918	0.00789	0.12718	0.11242	0.01801	0.00982	0.01088	0.00767	0.00505	0.00428	0.01404	0.00523	0.00356	0.01634	0.15184
7	0.29876	0.01149	0.04304	0.00862	0.01163	0.10460	0.01698	0.18035	0.01276	0.01989	0.03070	0.01781	0.09198	0.00645	0.00432	0.00148	0.00470	0.07521	0.00358	0.05566
8	0.03927	0.13127	0.06768	0.01132	0.01461	0.46073	0.00945	0.15733	0.01427	0.03959	0.00844	0.00931	0.00665	0.00495	0.00422	0.00127	0.00716	0.00330	0.00291	0.00626
9	0.01144	0.03333	0.09586	0.11764	0.40445	0.06052	0.04826	0.04527	0.03517	0.01565	0.05878	0.03207	0.01026	0.00509	0.00479	0.00146	0.00582	0.00466	0.00270	0.00678
10	0.00604	0.00466	0.00517	0.00537	0.00633	0.00417	0.00369	0.00698	0.00984	0.01237	0.08541	0.20403	0.42021	0.19260	0.00984	0.00234	0.00297	0.01003	0.00415	0.00378
11	0.24110	0.01000	0.01066	0.00856	0.01187	0.01061	0.00702	0.26641	0.05849	0.25180	0.03347	0.01314	0.00992	0.00559	0.00428	0.00146	0.00422	0.00418	0.04015	0.00707
12	0.00709	0.00492	0.00588	0.00582	0.00710	0.00436	0.00427	0.00855	0.01142	0.06613	0.27182	0.20016	0.33822	0.03466	0.00621	0.00172	0.00261	0.00993	0.00474	0.00438
13	0.00904	0.00754	0.00928	0.00847	0.00915	0.03269	0.00639	0.06162	0.04131	0.01223	0.01202	0.02017	0.01210	0.29484	0.24131	0.00444	0.20473	0.00541	0.00280	0.00447
14	0.06911	0.00931	0.01090	0.00889	0.03744	0.04169	0.00694	0.07700	0.01265	0.34919	0.03084	0.01423	0.01036	0.00522	0.00432	0.00124	0.00418	0.02278	0.00435	0.27938
15	0.00914	0.00808	0.02730	0.09207	0.03744	0.04257	0.00736	0.05031	0.06964	0.01285	0.01229	0.01894	0.01158	0.20821	0.27154	0.00428	0.08893	0.00518	0.01747	0.00483
16	0.01208	0.01301	0.08380	0.16130	0.23386	0.07349	0.13893	0.12538	0.01236	0.01642	0.01044	0.03877	0.02294	0.00522	0.00524	0.00152	0.03112	0.00475	0.00276	0.00661
17	0.01121	0.01068	0.01485	0.06232	0.08403	0.07564	0.12064	0.03764	0.01022	0.03954	0.01039	0.05944	0.00955	0.02754	0.01795	0.00172	0.21664	0.03656	0.00278	0.15063
18	0.00837	0.00728	0.01018	0.06424	0.10267	0.02122	0.06556	0.01169	0.09744	0.01565	0.20911	0.11060	0.18328	0.02895	0.00578	0.00164	0.00379	0.00775	0.03958	0.00521
19	0.07258	0.07857	0.03897	0.01146	0.07146	0.20615	0.04601	0.04411	0.15678	0.05025	0.08097	0.06674	0.01321	0.00611	0.00457	0.00141	0.00537	0.00494	0.00350	0.03684

[dist]
# distance from previous block
# <min> <max>
5	16

[block]
# block no. 3 follows, 53 sequences, length 12
# corresponding to MSA columns:
# 133-144
name=unknown_D
#
# <colnr> <probs for GDERKNQSTAVLIFYWHMCP>
#	G	D	E	R	K	N	Q	S	T	A	V	L	I	F	Y	W	H	M	C	P
0	0.01104	0.26855	0.21992	0.02723	0.06688	0.03756	0.01039	0.01409	0.02292	0.01409	0.02580	0.01011	0.00749	0.00427	0.00385	0.00113	0.00527	0.00323	0.00241	0.24381
1	0.01227	0.07385	0.01084	0.05115	0.01166	0.05196	0.00670	0.08880	0.06489	0.15947	0.30754	0.02183	0.03489	0.00702	0.00486	0.00139	0.00387	0.00585	0.00452	0.07665
2	0.01231	0.01173	0.01406	0.03809	0.26292	0.14879	0.04305	0.10230	0.05480	0.02881	0.04300	0.11332	0.01371	0.03492	0.00570	0.00164	0.00554	0.05569	0.00335	0.00626
3	0.00622	0.00480	0.00567	0.00559	0.00684	0.00426	0.00414	0.00791	0.01204	0.01594	0.41849	0.11391	0.35453	0.01122	0.00569	0.00159	0.00237	0.00970	0.00485	0.00426
4	0.00859	0.00762	0.01032	0.00946	0.00981	0.00969	0.00744	0.01002	0.03306	0.01180	0.03419	0.11823	0.03648	0.13749	0.12213	0.00317	0.39252	0.03052	0.00288	0.00458
5	0.01001	0.00993	0.01146	0.01052	0.02806	0.13221	0.06023	0.02111	0.00976	0.01254	0.03371	0.11059	0.07293	0.10359	0.04314	0.00235	0.23462	0.07445	0.01399	0.00480
6	0.00752	0.00485	0.00618	0.00651	0.00753	0.00439	0.00471	0.00880	0.01065	0.08919	0.14224	0.44487	0.17860	0.01271	0.00585	0.00178	0.00284	0.05165	0.00470	0.00444
7	0.02839	0.01043	0.04672	0.42876	0.15595	0.01103	0.10694	0.06464	0.03208	0.04030	0.00963	0.01266	0.00725	0.00474	0.00481	0.00154	0.00615	0.00441	0.01735	0.00621
8	0.01056	0.01197	0.11426	0.04838	0.04201	0.01008	0.20120	0.04335	0.07208	0.01560	0.01026	0.03536	0.00849	0.02535	0.00608	0.00145	0.07738	0.00450	0.00280	0.25884
9	0.01283	0.20981	0.33766	0.01251	0.07214	0.05669	0.01250	0.09267	0.06012	0.07540	0.00982	0.01065	0.00735	0.00478	0.00426	0.00137	0.00599	0.00362	0.00282	0.00702
10	0.00840	0.00636	0.00719	0.00657	0.00803	0.00639	0.00484	0.09558	0.09875	0.01713	0.30999	0.03226	0.18685	0.17981	0.00933	0.00218	0.00328	0.00775	0.00451	0.00481
11	0.00664	0.00490	0.00574	0.00593	0.00723	0.00434	0.00447	0.00805	0.01102	0.04314	0.14515	0.20223	0.42859	0.01225	0.00581	0.00172	0.00274	0.09119	0.00460	0.00426

[dist]
# distance from previous block
# <min> <max>
3	3

[block]
# block no. 4 follows, 53 sequences, length 22
# corresponding to MSA columns:
# 149-170
name=unknown_E
#
# <colnr> <probs for GDERKNQSTAVLIFYWHMCP>
#	G	D	E	R	K	N	Q	S	T	A	V	L	I	F	Y	W	H	M	C	P
0	0.01061	0.00973	0.05782	0.00772	0.01210	0.00713	0.00660	0.05506	0.01070	0.03427	0.00890	0.01015	0.00718	0.00377	0.00370	0.00081	0.00386	0.00300	0.00296	0.74393
1	0.00746	0.00613	0.00778	0.00741	0.03789	0.00552	0.04903	0.02132	0.04548	0.03626	0.14303	0.08918	0.46513	0.01031	0.00547	0.00156	0.00306	0.00888	0.00435	0.04473
2	0.00697	0.00495	0.00624	0.00678	0.00748	0.00478	0.00470	0.03936	0.03964	0.02809	0.10338	0.60632	0.05894	0.05009	0.00673	0.00196	0.00295	0.01182	0.00451	0.00429
3	0.00903	0.00850	0.01434	0.82054	0.03292	0.01062	0.01327	0.01221	0.00956	0.01221	0.00850	0.01274	0.00637	0.00478	0.00478	0.00159	0.00637	0.00425	0.00212	0.00531
4	0.06922	0.01169	0.01745	0.05088	0.49360	0.01220	0.04112	0.21116	0.01362	0.01956	0.00948	0.01154	0.00750	0.00466	0.00466	0.00144	0.00555	0.00421	0.00301	0.00743
5	0.00599	0.00426	0.00560	0.00657	0.00687	0.00400	0.00440	0.00685	0.00918	0.01228	0.05422	0.71694	0.03088	0.08000	0.00755	0.00215	0.00294	0.03113	0.00434	0.00384
6	0.00648	0.00477	0.00606	0.00595	0.00702	0.00435	0.00438	0.00838	0.01253	0.01730	0.58511	0.15378	0.14445	0.01085	0.00571	0.00158	0.00235	0.00956	0.00503	0.00435
7	0.01822	0.01815	0.01292	0.01125	0.01409	0.52717	0.00866	0.08444	0.06653	0.17674	0.01089	0.01104	0.00805	0.00530	0.00449	0.00133	0.00708	0.00369	0.00353	0.00642
8	0.00969	0.05065	0.78222	0.01345	0.02042	0.01135	0.01736	0.01511	0.01008	0.01501	0.00852	0.01001	0.00606	0.00453	0.00449	0.00150	0.00700	0.00350	0.00202	0.00703
9	0.01829	0.01186	0.01315	0.01014	0.01379	0.01272	0.00836	0.59360	0.02005	0.18088	0.01315	0.01277	0.00908	0.00576	0.00471	0.00143	0.00486	0.00441	0.05308	0.00792
10	0.01722	0.01973	0.01315	0.01165	0.01427	0.60455	0.00893	0.16234	0.01500	0.01547	0.00909	0.01110	0.00751	0.00540	0.00444	0.00130	0.00760	0.03056	0.03473	0.00595
11	0.53528	0.01108	0.00945	0.04427	0.01191	0.08609	0.00669	0.15784	0.01172	0.05087	0.03058	0.00986	0.00725	0.00494	0.00365	0.00145	0.00454	0.00328	0.00339	0.00586
12	0.00902	0.00687	0.00789	0.00723	0.00907	0.00708	0.00555	0.04846	0.23101	0.04772	0.32118	0.05107	0.17651	0.01016	0.03793	0.00181	0.00336	0.00766	0.00487	0.00554
13	0.00694	0.00467	0.00538	0.00538	0.00544	0.00473	0.00311	0.00706	0.00700	0.00939	0.01491	0.03042	0.01701	0.77769	0.07815	0.00484	0.00519	0.00683	0.00287	0.00299
14	0.00776	0.00532	0.00785	0.00768	0.00880	0.00496	0.06102	0.00912	0.01013	0.08395	0.09573	0.51802	0.07923	0.01412	0.06033	0.00220	0.00388	0.01097	0.00437	0.00454
15	0.01645	0.05079	0.07018	0.01030	0.01370	0.16808	0.00871	0.24473	0.10700	0.18612	0.01326	0.03334	0.01000	0.03910	0.00543	0.00155	0.00553	0.00450	0.00417	0.00708
16	0.07697	0.00496	0.00585	0.00626	0.00727	0.00468	0.00445	0.00826	0.01013	0.04595	0.12339	0.47726	0.18207	0.01254	0.00565	0.00177	0.00277	0.01104	0.00448	0.00427
17	0.01105	0.01246	0.02693	0.06476	0.02503	0.01186	0.72284	0.01497	0.01110	0.01504	0.00968	0.01303	0.00732	0.00484	0.02499	0.00176	0.00808	0.00555	0.00240	0.00633
18	0.01297	0.01210	0.05836	0.01900	0.36168	0.07603	0.05859	0.06772	0.08151	0.09581	0.06102	0.04015	0.02230	0.00556	0.00488	0.00147	0.00543	0.00501	0.00337	0.00705
19	0.00852	0.00600	0.00699	0.00694	0.00821	0.03499	0.00519	0.02321	0.01117	0.09785	0.15218	0.31497	0.20944	0.01165	0.00606	0.00173	0.03188	0.05377	0.00457	0.00468
20	0.09761	0.00940	0.02794	0.06202	0.28415	0.03493	0.00946	0.02740	0.03224	0.11340	0.13436	0.05147	0.05076	0.02084	0.00517	0.00156	0.00455	0.02283	0.00363	0.00627
21	0.05102	0.09682	0.18039	0.04099	0.11044	0.05340	0.03959	0.16836	0.01286	0.04772	0.02182	0.01235	0.03334	0.00514	0.00466	0.00138	0.02506	0.00405	0.03088	0.05976

[dist]
# distance from previous block
# <min> <max>
1	8

[block]
# block no. 5 follows, 53 sequences, length 29
# corresponding to MSA columns:
# 179-207
name=unknown_F
#
# <colnr> <probs for GDERKNQSTAVLIFYWHMCP>
#	G	D	E	R	K	N	Q	S	T	A	V	L	I	F	Y	W	H	M	C	P
0	0.01150	0.03341	0.01128	0.01890	0.10483	0.08648	0.01664	0.07163	0.12879	0.07108	0.07955	0.07270	0.09395	0.03269	0.04742	0.00185	0.01494	0.00588	0.01581	0.08067
1	0.01242	0.01151	0.01655	0.28586	0.19951	0.07582	0.09560	0.15185	0.01266	0.03069	0.00955	0.01227	0.00737	0.00574	0.02824	0.00167	0.01791	0.00435	0.01395	0.00647
2	0.02237	0.01038	0.10178	0.00915	0.01264	0.00848	0.05048	0.08579	0.13523	0.09082	0.11003	0.04286	0.08105	0.00654	0.00476	0.00137	0.00418	0.01808	0.00400	0.20001
3	0.01006	0.21314	0.50785	0.01144	0.01687	0.01238	0.01368	0.01403	0.00994	0.01398	0.04455	0.01224	0.02359	0.03871	0.00550	0.00155	0.03797	0.00382	0.00226	0.00643
4	0.00807	0.00526	0.00686	0.00699	0.00793	0.00531	0.00505	0.00987	0.05328	0.08587	0.02162	0.31636	0.07174	0.13762	0.21172	0.00370	0.00577	0.02862	0.00390	0.00446
5	0.00644	0.00481	0.00671	0.00716	0.00781	0.00456	0.03493	0.00785	0.03053	0.01319	0.11038	0.60711	0.04568	0.03913	0.00686	0.02165	0.00308	0.03366	0.00436	0.00409
6	0.01152	0.01097	0.01841	0.08039	0.49543	0.03104	0.10730	0.02693	0.01072	0.03337	0.00951	0.01263	0.00787	0.00745	0.08051	0.00206	0.04006	0.00449	0.00249	0.00684
7	0.00737	0.00613	0.00780	0.00793	0.02850	0.00670	0.00576	0.00960	0.07639	0.01301	0.06011	0.22933	0.21148	0.06276	0.12632	0.00282	0.12108	0.00860	0.00376	0.00455
8	0.01817	0.01339	0.01434	0.01100	0.01482	0.01482	0.00908	0.78627	0.02247	0.03012	0.01148	0.01148	0.00813	0.00574	0.00478	0.00143	0.00526	0.00430	0.00478	0.00813
9	0.00953	0.00892	0.01479	0.48978	0.22894	0.01035	0.01258	0.01233	0.00992	0.01333	0.04046	0.06565	0.00981	0.00568	0.00544	0.00159	0.04766	0.00502	0.00246	0.00577
10	0.01234	0.01170	0.02157	0.03296	0.09329	0.01159	0.44265	0.08148	0.11053	0.06463	0.04690	0.01448	0.01022	0.00495	0.00546	0.00157	0.01822	0.00541	0.00325	0.00681
11	0.00683	0.00511	0.00762	0.00762	0.00845	0.00594	0.00589	0.00849	0.00766	0.01105	0.01286	0.01911	0.01209	0.05680	0.79233	0.00760	0.01259	0.00517	0.00257	0.00423
12	0.00903	0.00850	0.01434	0.82054	0.03292	0.01062	0.01327	0.01221	0.00956	0.01221	0.00850	0.01274	0.00637	0.00478	0.00478	0.00159	0.00637	0.00425	0.00212	0.00531
13	0.01847	0.01290	0.01404	0.01077	0.01458	0.01410	0.00889	0.71527	0.02165	0.10229	0.01216	0.01192	0.00847	0.00575	0.00478	0.00144	0.00515	0.00435	0.00489	0.00813
14	0.00726	0.00531	0.00581	0.00556	0.00726	0.00467	0.00421	0.00920	0.04651	0.07273	0.14844	0.06847	0.57500	0.01117	0.00557	0.00160	0.00259	0.00941	0.00468	0.00456
15	0.00590	0.00458	0.00537	0.00575	0.00676	0.00405	0.00409	0.00713	0.01064	0.01366	0.16326	0.35403	0.37197	0.01286	0.00583	0.00173	0.00253	0.01123	0.00457	0.00405
16	0.00992	0.00902	0.01435	0.71853	0.03056	0.01114	0.01279	0.08423	0.01069	0.01386	0.00870	0.01255	0.00653	0.00499	0.00514	0.00159	0.03323	0.00425	0.00237	0.00557
17	0.04006	0.03637	0.03431	0.00875	0.01226	0.00862	0.00738	0.09248	0.08669	0.53337	0.07494	0.01673	0.01368	0.00610	0.00476	0.00148	0.00413	0.00493	0.00535	0.00764
18	0.00981	0.00522	0.00543	0.00514	0.00651	0.00527	0.00389	0.04219	0.04254	0.05330	0.01647	0.01863	0.03041	0.03500	0.00432	0.00130	0.00258	0.00472	0.70242	0.00482
19	0.00590	0.00446	0.00545	0.00603	0.00682	0.00401	0.00421	0.00704	0.01027	0.01336	0.13857	0.48711	0.26264	0.01341	0.00590	0.00178	0.00260	0.01187	0.00455	0.00401
20	0.00994	0.02264	0.66468	0.01286	0.01890	0.07909	0.01571	0.01469	0.01030	0.01457	0.01013	0.08617	0.00844	0.00554	0.00467	0.00153	0.00680	0.00443	0.00228	0.00664
21	0.03528	0.07629	0.05174	0.04445	0.23518	0.26590	0.01092	0.09347	0.01279	0.08887	0.00929	0.01069	0.00726	0.00493	0.00480	0.00137	0.03340	0.00374	0.00292	0.00669
22	0.00587	0.00427	0.00549	0.00640	0.00684	0.00394	0.00431	0.00677	0.00943	0.01244	0.05571	0.69424	0.11343	0.03840	0.00657	0.00197	0.00277	0.01285	0.00442	0.00389
23	0.01100	0.09023	0.11250	0.09203	0.02374	0.01254	0.53665	0.01481	0.01074	0.01453	0.00907	0.01202	0.00691	0.00427	0.00546	0.00156	0.02832	0.00495	0.00230	0.00635
24	0.01132	0.28062	0.29820	0.08684	0.03755	0.01356	0.03154	0.04745	0.04387	0.03441	0.00938	0.03919	0.00769	0.00507	0.00460	0.00140	0.03444	0.00388	0.00248	0.00652
25	0.01464	0.05714	0.16969	0.00956	0.02177	0.08313	0.00892	0.03510	0.02235	0.32477	0.04015	0.08125	0.09691	0.00692	0.00483	0.00149	0.00486	0.00562	0.00424	0.00668
26	0.01250	0.00924	0.03849	0.00997	0.08580	0.08197	0.00721	0.07049	0.02809	0.19473	0.13259	0.11018	0.12552	0.00809	0.00507	0.00152	0.00412	0.01875	0.04968	0.00599
27	0.09332	0.04461	0.11440	0.03864	0.06058	0.03011	0.01764	0.08515	0.12926	0.06671	0.03097	0.16450	0.03403	0.00729	0.00475	0.00154	0.00451	0.01546	0.01453	0.04200
28	0.01259	0.15404	0.07116	0.11285	0.29595	0.09320	0.01176	0.09852	0.04717	0.01570	0.01010	0.02384	0.02294	0.00495	0.00445	0.00138	0.00582	0.00411	0.00271	0.00676

[dist]
# distance from previous block
# <min> <max>
1	10

[block]
# block no. 6 follows, 53 sequences, length 26
# corresponding to MSA columns:
# 218-243
name=unknown_G
#
# <colnr> <probs for GDERKNQSTAVLIFYWHMCP>
#	G	D	E	R	K	N	Q	S	T	A	V	L	I	F	Y	W	H	M	C	P
0	0.02461	0.04536	0.31851	0.05226	0.08994	0.09127	0.05740	0.04692	0.03716	0.08689	0.02268	0.01402	0.06423	0.00534	0.00465	0.00146	0.00609	0.00439	0.00293	0.02390
1	0.01073	0.01050	0.05469	0.10499	0.08740	0.05755	0.06885	0.08066	0.18221	0.01668	0.08355	0.08519	0.01586	0.04631	0.02466	0.00189	0.00524	0.05333	0.00366	0.00606
2	0.00661	0.00485	0.00677	0.02516	0.00826	0.00518	0.00536	0.00802	0.00857	0.01190	0.01976	0.27729	0.06711	0.05102	0.40579	0.00482	0.00789	0.03328	0.03825	0.00412
3	0.01122	0.01673	0.28956	0.03697	0.03162	0.13115	0.14930	0.06904	0.01149	0.01521	0.01155	0.12890	0.01038	0.00624	0.00522	0.00155	0.02887	0.00543	0.03342	0.00616
4	0.01442	0.08716	0.09720	0.03249	0.01791	0.32881	0.19728	0.09353	0.01278	0.01472	0.00836	0.01020	0.00662	0.00488	0.00526	0.00141	0.05429	0.00391	0.00258	0.00620
5	0.00879	0.00632	0.00764	0.00737	0.00835	0.04364	0.00539	0.04679	0.00903	0.06469	0.01487	0.10416	0.01492	0.23580	0.39461	0.00528	0.00851	0.00631	0.00317	0.00437
6	0.00716	0.00581	0.00798	0.00879	0.08755	0.00530	0.03850	0.00884	0.01111	0.02983	0.17562	0.19275	0.34201	0.01104	0.00568	0.00167	0.00316	0.04823	0.00432	0.00465
7	0.01155	0.00895	0.00999	0.00901	0.01154	0.00975	0.00718	0.06237	0.46769	0.06966	0.06473	0.02468	0.05509	0.00771	0.00513	0.00164	0.00381	0.11800	0.00477	0.04674
8	0.00612	0.00503	0.00541	0.00542	0.00688	0.00445	0.00402	0.00801	0.04769	0.01406	0.15134	0.12173	0.57941	0.01180	0.00566	0.00163	0.00250	0.01001	0.00457	0.00425
9	0.00681	0.00458	0.00525	0.00539	0.00542	0.00454	0.00308	0.00692	0.00722	0.00962	0.01642	0.12731	0.01909	0.73365	0.02213	0.00431	0.00441	0.00775	0.00308	0.00301
10	0.00719	0.00566	0.00838	0.00817	0.00894	0.00684	0.00642	0.00883	0.00765	0.01114	0.01215	0.01794	0.01138	0.03309	0.73312	0.00712	0.09407	0.00503	0.00251	0.00436
11	0.01759	0.01619	0.01536	0.01231	0.01574	0.30843	0.10334	0.32138	0.01680	0.11053	0.01059	0.01114	0.00772	0.00525	0.00471	0.00139	0.00670	0.00407	0.00377	0.00697
12	0.00752	0.00509	0.00617	0.00599	0.00742	0.00452	0.00454	0.00918	0.01194	0.08179	0.32878	0.13110	0.32049	0.01108	0.00567	0.00163	0.00263	0.04504	0.00487	0.00456
13	0.00976	0.02354	0.72914	0.01428	0.02112	0.01120	0.09459	0.01515	0.01021	0.01515	0.00869	0.01037	0.00617	0.00449	0.00465	0.00152	0.00716	0.00374	0.00206	0.00700
14	0.00848	0.00471	0.00506	0.00513	0.00608	0.00473	0.00369	0.03272	0.00989	0.01632	0.01693	0.13828	0.01549	0.09142	0.02657	0.00177	0.00291	0.00606	0.59946	0.00432
15	0.00639	0.00497	0.00573	0.00573	0.00700	0.00446	0.00421	0.02991	0.01170	0.01519	0.27368	0.19303	0.39726	0.01176	0.00571	0.00164	0.00252	0.01015	0.00470	0.00427
16	0.00830	0.00415	0.00623	0.00623	0.00623	0.00415	0.00415	0.00623	0.00623	0.00830	0.00830	0.01453	0.00830	0.01660	0.01868	0.86094	0.00415	0.00415	0.00208	0.00208
17	0.01046	0.01046	0.01464	0.01255	0.01255	0.01464	0.01046	0.01150	0.00732	0.01150	0.00627	0.01046	0.00627	0.00837	0.01569	0.00209	0.82328	0.00418	0.00209	0.00523
18	0.00582	0.00416	0.00555	0.00666	0.00693	0.00388	0.00444	0.00666	0.00915	0.01220	0.02634	0.82891	0.03161	0.01497	0.00610	0.00194	0.00277	0.01359	0.00444	0.00388
19	0.00994	0.00663	0.00699	0.00642	0.00803	0.00707	0.00484	0.08647	0.18301	0.01832	0.06049	0.02104	0.05093	0.10120	0.00645	0.00170	0.00314	0.00542	0.40661	0.00529
20	0.00959	0.02472	0.80726	0.01362	0.02069	0.01110	0.01766	0.01514	0.01009	0.01514	0.00858	0.01009	0.00605	0.00454	0.00454	0.00151	0.00706	0.00353	0.00202	0.00706
21	0.00583	0.00484	0.00502	0.00498	0.00646	0.00411	0.00368	0.00708	0.01096	0.01335	0.12205	0.04421	0.68446	0.05385	0.00660	0.00176	0.00252	0.00978	0.00444	0.00402
22	0.00586	0.00418	0.00553	0.00660	0.00687	0.00391	0.00438	0.00667	0.00907	0.01210	0.02594	0.80010	0.03110	0.04448	0.00676	0.00204	0.00284	0.01335	0.00438	0.00385
23	0.00671	0.00489	0.00665	0.00675	0.00736	0.00531	0.00486	0.00784	0.00778	0.01078	0.01657	0.09448	0.05840	0.25423	0.47891	0.00600	0.00908	0.00664	0.00292	0.00384
24	0.00617	0.00475	0.00567	0.00591	0.00703	0.00425	0.00439	0.00766	0.01123	0.01461	0.25238	0.22715	0.34712	0.01221	0.00583	0.00171	0.00261	0.07050	0.00467	0.00416
25	0.01185	0.56355	0.07883	0.01027	0.04141	0.03199	0.07396	0.01398	0.01033	0.01283	0.08665	0.01131	0.01018	0.00479	0.00397	0.00119	0.02081	0.00360	0.00242	0.00609

[dist]
# distance from previous block
# <min> <max>
4	7

[block]
# block no. 7 follows, 53 sequences, length 25
# corresponding to MSA columns:
# 251-263,265-276
name=unknown_H
#
# <colnr> <probs for GDERKNQSTAVLIFYWHMCP>
#	G	D	E	R	K	N	Q	S	T	A	V	L	I	F	Y	W	H	M	C	P
0	0.00686	0.00513	0.00633	0.00594	0.00721	0.00473	0.00441	0.00917	0.03649	0.01760	0.59825	0.03567	0.15174	0.05733	0.00664	0.00168	0.00250	0.00849	0.00492	0.02890
1	0.00608	0.00438	0.00576	0.00642	0.00698	0.00406	0.00443	0.00733	0.01043	0.01418	0.24409	0.58286	0.05835	0.01343	0.00596	0.00181	0.00262	0.01210	0.00467	0.00406
2	0.01067	0.00961	0.01099	0.00870	0.03553	0.05700	0.03230	0.04742	0.02237	0.01585	0.00981	0.05748	0.00862	0.00447	0.00392	0.00091	0.00411	0.00371	0.00299	0.65356
3	0.01211	0.01366	0.01950	0.03107	0.04452	0.18981	0.34203	0.01453	0.01055	0.01317	0.00893	0.01286	0.00765	0.06074	0.03802	0.00203	0.16594	0.00478	0.00239	0.00571
4	0.00584	0.00422	0.00553	0.00653	0.00691	0.00391	0.00439	0.00673	0.00937	0.01243	0.04872	0.76160	0.07683	0.01466	0.00606	0.00191	0.00274	0.01325	0.00446	0.00391
5	0.00617	0.00453	0.00584	0.00679	0.00731	0.00430	0.00472	0.00759	0.03829	0.01269	0.02764	0.68645	0.08725	0.01432	0.00606	0.00192	0.00290	0.06670	0.00445	0.00407
6	0.01113	0.25459	0.47647	0.01204	0.01772	0.05971	0.03965	0.01560	0.04551	0.01405	0.00848	0.00976	0.00651	0.00450	0.00416	0.00137	0.00648	0.00338	0.00219	0.00671
7	0.00830	0.00415	0.00623	0.00623	0.00623	0.00415	0.00415	0.00623	0.00623	0.00830	0.00830	0.01453	0.00830	0.01660	0.01868	0.86094	0.00415	0.00415	0.00208	0.00208
8	0.00804	0.00549	0.00641	0.00594	0.00764	0.00495	0.00453	0.01039	0.05487	0.09699	0.33397	0.03744	0.38493	0.01026	0.00552	0.00156	0.00260	0.00873	0.00493	0.00483
9	0.01050	0.00982	0.01669	0.47569	0.20149	0.01103	0.09871	0.06440	0.01092	0.01468	0.00916	0.01263	0.00704	0.00467	0.00482	0.00153	0.00620	0.00442	0.02950	0.00610
10	0.00693	0.00466	0.00525	0.00525	0.00542	0.00464	0.00306	0.00713	0.00732	0.00983	0.01707	0.03134	0.06554	0.72778	0.04952	0.00444	0.00470	0.00700	0.03007	0.00306
11	0.01029	0.01021	0.01431	0.01232	0.01236	0.01423	0.01025	0.01136	0.00734	0.01148	0.00658	0.01085	0.00654	0.00966	0.05322	0.00235	0.78513	0.00423	0.00211	0.00518
12	0.00786	0.00505	0.00598	0.00576	0.00615	0.00509	0.00359	0.02516	0.00797	0.04782	0.05028	0.02916	0.01765	0.66336	0.09596	0.00456	0.00528	0.00670	0.00315	0.00346
13	0.00993	0.00933	0.05906	0.00746	0.01149	0.00682	0.00628	0.04027	0.01012	0.01552	0.00920	0.01190	0.00798	0.07823	0.00552	0.00114	0.00392	0.00330	0.00286	0.69968
14	0.01427	0.02553	0.04534	0.01501	0.14803	0.08489	0.10735	0.24242	0.05183	0.05922	0.01069	0.01215	0.00817	0.00546	0.00595	0.00150	0.09739	0.00437	0.05348	0.00695
15	0.01141	0.00789	0.01097	0.13790	0.03818	0.00879	0.00817	0.02995	0.06636	0.16385	0.04959	0.01721	0.04851	0.01248	0.17015	0.00281	0.12814	0.00501	0.03021	0.05245
16	0.01049	0.06332	0.69893	0.01317	0.01976	0.03914	0.01644	0.05727	0.01087	0.01565	0.00860	0.01000	0.00618	0.00460	0.00447	0.00148	0.00692	0.00351	0.00219	0.00702
17	0.01001	0.09436	0.01654	0.29462	0.10193	0.06022	0.14453	0.01253	0.01019	0.01297	0.01259	0.15410	0.03151	0.00654	0.00511	0.00156	0.01644	0.00601	0.00267	0.00556
18	0.01091	0.01087	0.05848	0.11959	0.10105	0.07687	0.14039	0.01487	0.09954	0.05945	0.03325	0.05563	0.05886	0.00718	0.00530	0.00165	0.00560	0.13109	0.00342	0.00598
19	0.02126	0.00844	0.01128	0.00865	0.01235	0.00748	0.00714	0.06736	0.01419	0.76073	0.01843	0.01599	0.01162	0.00591	0.00481	0.00148	0.00414	0.00478	0.00585	0.00813
20	0.04840	0.04061	0.01209	0.01002	0.03394	0.05444	0.03182	0.11545	0.25820	0.22470	0.02643	0.04197	0.04219	0.00658	0.00482	0.00153	0.00446	0.03059	0.00463	0.00711
21	0.03482	0.15518	0.12490	0.02543	0.21495	0.02139	0.07315	0.02819	0.07576	0.06284	0.06039	0.02437	0.03177	0.03003	0.00528	0.00152	0.01576	0.00466	0.00301	0.00659
22	0.00623	0.00467	0.00561	0.00612	0.00694	0.00431	0.00440	0.00731	0.00977	0.01251	0.06081	0.31042	0.27913	0.13641	0.02218	0.00235	0.00330	0.10945	0.00420	0.00388
23	0.00619	0.00456	0.00585	0.00679	0.00726	0.00438	0.00461	0.00782	0.05781	0.01271	0.02661	0.75388	0.05487	0.01436	0.00601	0.00191	0.00282	0.01297	0.00446	0.00412
24	0.02424	0.01219	0.12145	0.01002	0.01309	0.09419	0.04569	0.15152	0.07000	0.12358	0.01773	0.16698	0.06501	0.03140	0.00564	0.00167	0.00502	0.03032	0.00402	0.00623

[dist]
# distance from previous block
# <min> <max>
6	15

[block]
# block no. 8 follows, 53 sequences, length 30
# corresponding to MSA columns:
# 294-323
name=unknown_I
#
# <colnr> <probs for GDERKNQSTAVLIFYWHMCP>
#	G	D	E	R	K	N	Q	S	T	A	V	L	I	F	Y	W	H	M	C	P
0	0.02073	0.17358	0.21450	0.02758	0.09319	0.04284	0.02583	0.08311	0.01114	0.01505	0.02291	0.06847	0.02702	0.06682	0.00591	0.00163	0.00547	0.03207	0.00281	0.05937
1	0.01279	0.09121	0.04218	0.06569	0.01439	0.22508	0.03688	0.08850	0.01152	0.01432	0.04641	0.01262	0.00920	0.03277	0.03290	0.00179	0.19518	0.00413	0.05683	0.00560
2	0.03433	0.16020	0.08192	0.06147	0.06376	0.01928	0.07345	0.08865	0.05349	0.07377	0.03543	0.01514	0.05756	0.00542	0.00441	0.00132	0.00499	0.02465	0.00324	0.13749
3	0.01285	0.29011	0.22648	0.01207	0.04398	0.20021	0.06087	0.03554	0.01106	0.01322	0.00809	0.01003	0.00674	0.03085	0.01772	0.00148	0.00676	0.00342	0.00228	0.00623
4	0.00684	0.00509	0.00752	0.00752	0.00832	0.00589	0.00577	0.00843	0.00763	0.01098	0.01295	0.01959	0.01230	0.08772	0.76170	0.00748	0.01227	0.00524	0.00258	0.00418
5	0.00815	0.00415	0.00618	0.00625	0.00627	0.00413	0.00417	0.00625	0.00641	0.00854	0.00943	0.06523	0.00975	0.01650	0.01790	0.80746	0.00407	0.00474	0.00222	0.00219
6	0.02834	0.11264	0.30927	0.06121	0.03662	0.04698	0.01137	0.05815	0.03435	0.01546	0.02308	0.01324	0.06669	0.00510	0.00429	0.00131	0.00551	0.00398	0.00269	0.15973
7	0.01209	0.00812	0.00921	0.00806	0.01053	0.00847	0.00632	0.04544	0.35104	0.17043	0.15354	0.02452	0.13668	0.00772	0.00506	0.00155	0.00339	0.00647	0.02476	0.00658
8	0.00689	0.00482	0.00621	0.00612	0.00718	0.00441	0.00449	0.00875	0.01239	0.03969	0.55035	0.20235	0.10648	0.01095	0.00571	0.00160	0.00243	0.00970	0.00504	0.00444
9	0.00793	0.00694	0.00965	0.06622	0.21137	0.00676	0.00742	0.01010	0.03855	0.01374	0.05347	0.05110	0.36646	0.08203	0.00704	0.00186	0.00387	0.04674	0.00366	0.00508
10	0.57924	0.04967	0.03447	0.03764	0.01159	0.01158	0.00670	0.12510	0.04270	0.03911	0.01955	0.00955	0.00682	0.00481	0.00350	0.00146	0.00418	0.00317	0.00329	0.00586
11	0.00818	0.00530	0.00605	0.00645	0.00737	0.02261	0.00470	0.03600	0.02669	0.03353	0.02140	0.41572	0.02260	0.01074	0.00507	0.00163	0.00297	0.06592	0.29258	0.00447
12	0.00964	0.00555	0.00686	0.00641	0.00812	0.00493	0.00484	0.01136	0.02561	0.19453	0.20223	0.20409	0.27582	0.01070	0.00554	0.00163	0.00286	0.00923	0.00496	0.00510
13	0.00627	0.00452	0.00590	0.00674	0.00730	0.00426	0.00483	0.00742	0.00977	0.01293	0.08462	0.52888	0.08691	0.06819	0.00733	0.00211	0.00311	0.14054	0.00439	0.00396
14	0.01052	0.01128	0.02200	0.01648	0.01953	0.01187	0.48919	0.01341	0.01009	0.01413	0.04454	0.03939	0.00984	0.03963	0.00908	0.00187	0.22311	0.00569	0.00254	0.00581
15	0.82488	0.00921	0.00737	0.04516	0.01037	0.01072	0.00556	0.01396	0.00820	0.02100	0.00674	0.00800	0.00523	0.00445	0.00304	0.00148	0.00383	0.00267	0.00292	0.00518
16	0.01143	0.01232	0.07508	0.26430	0.24021	0.06203	0.14613	0.02936	0.01075	0.03788	0.00900	0.01200	0.00701	0.00477	0.00555	0.00154	0.05743	0.00438	0.00242	0.00641
17	0.00632	0.00479	0.00586	0.00620	0.00716	0.00443	0.00447	0.00813	0.03897	0.01464	0.24415	0.35959	0.22851	0.01246	0.00583	0.00174	0.00263	0.03519	0.00468	0.00424
18	0.01258	0.54663	0.15497	0.01135	0.07687	0.06936	0.02643	0.02999	0.01041	0.01273	0.00736	0.00865	0.00630	0.00426	0.00362	0.00117	0.00578	0.00299	0.00215	0.00641
19	0.03197	0.02241	0.00767	0.00688	0.00838	0.00620	0.00531	0.03933	0.06263	0.04582	0.42357	0.12413	0.10438	0.00980	0.00577	0.00159	0.02901	0.03884	0.00476	0.02153
20	0.01384	0.00716	0.00913	0.00766	0.01013	0.00679	0.00607	0.04175	0.10971	0.34521	0.35537	0.02469	0.02640	0.00764	0.00517	0.00151	0.00329	0.00652	0.00547	0.00650
21	0.00937	0.00839	0.01374	0.70651	0.02976	0.01025	0.02718	0.03804	0.01006	0.01336	0.00924	0.01315	0.00696	0.00487	0.00467	0.00155	0.00600	0.00429	0.07726	0.00535
22	0.01872	0.02502	0.01166	0.06255	0.01365	0.00847	0.00766	0.09776	0.06267	0.56579	0.03781	0.01717	0.01252	0.00615	0.00485	0.00151	0.00430	0.02874	0.00534	0.00766
23	0.00586	0.00432	0.00549	0.00632	0.00687	0.00395	0.00431	0.00685	0.00973	0.01278	0.08171	0.64838	0.15762	0.01416	0.00600	0.00186	0.00268	0.01269	0.00449	0.00395
24	0.00587	0.00420	0.00560	0.00671	0.00701	0.00393	0.00453	0.00674	0.00920	0.01226	0.02632	0.80788	0.03150	0.01493	0.00611	0.00195	0.00282	0.03411	0.00444	0.00390
25	0.01334	0.01055	0.01595	0.13040	0.22314	0.03433	0.11076	0.12323	0.03199	0.13302	0.03563	0.03230	0.01787	0.00546	0.00514	0.00150	0.02525	0.00492	0.03842	0.00681
26	0.00763	0.00659	0.00999	0.00931	0.01067	0.03101	0.13539	0.02177	0.01012	0.01330	0.02300	0.47442	0.06160	0.02714	0.02433	0.00204	0.00432	0.10800	0.01486	0.00450
27	0.01165	0.01211	0.01435	0.01232	0.01301	0.13136	0.02781	0.04420	0.00897	0.01236	0.00714	0.01080	0.00671	0.00936	0.06298	0.00228	0.60083	0.00412	0.00229	0.00536
28	0.06844	0.01174	0.01304	0.09254	0.01567	0.01274	0.00868	0.50238	0.06319	0.02505	0.01090	0.01151	0.00799	0.00528	0.00449	0.00136	0.00494	0.00404	0.00412	0.13190
29	0.01433	0.05065	0.02832	0.06831	0.30321	0.05880	0.09476	0.07444	0.01236	0.19249	0.01198	0.04854	0.00934	0.00526	0.00481	0.00146	0.00563	0.00478	0.00341	0.00712

[dist]
# distance from previous block
# <min> <max>
0	1

[block]
# block no. 9 follows, 53 sequences, length 20
# corresponding to MSA columns:
# 325-331,333-345
name=unknown_J
#
# <colnr> <probs for GDERKNQSTAVLIFYWHMCP>
#	G	D	E	R	K	N	Q	S	T	A	V	L	I	F	Y	W	H	M	C	P
0	0.03368	0.01003	0.01175	0.00917	0.01265	0.03655	0.00748	0.25523	0.01607	0.47587	0.04529	0.01556	0.01181	0.02967	0.00534	0.00155	0.00453	0.00476	0.00529	0.00771
1	0.04241	0.34570	0.20198	0.03310	0.03600	0.11037	0.01052	0.07997	0.01123	0.01440	0.00806	0.00981	0.00672	0.03244	0.00453	0.00135	0.00592	0.00325	0.00242	0.03984
2	0.05901	0.02350	0.03618	0.01142	0.01436	0.07058	0.05658	0.32614	0.16012	0.02147	0.01156	0.01293	0.00897	0.00618	0.00656	0.00159	0.14248	0.01957	0.00382	0.00697
3	0.01248	0.05589	0.15737	0.02762	0.01425	0.05982	0.02548	0.11727	0.04927	0.09567	0.08323	0.01522	0.01201	0.00562	0.00480	0.00133	0.02598	0.03489	0.00352	0.19830
4	0.03330	0.05672	0.07317	0.00844	0.01192	0.00852	0.00744	0.04002	0.06304	0.32197	0.05452	0.01558	0.03262	0.00574	0.00490	0.00134	0.04197	0.00450	0.06025	0.15405
5	0.00687	0.00468	0.00537	0.00537	0.00552	0.00470	0.00315	0.00706	0.00721	0.00959	0.01664	0.03115	0.05787	0.73220	0.07983	0.00469	0.00510	0.00698	0.00295	0.00305
6	0.02294	0.00974	0.05681	0.05481	0.28258	0.00885	0.15369	0.01228	0.01082	0.01525	0.08840	0.10637	0.09869	0.00683	0.00512	0.00154	0.00503	0.00650	0.04777	0.00597
7	0.01121	0.00718	0.00976	0.00878	0.01078	0.00709	0.05665	0.06453	0.08772	0.17808	0.05848	0.24159	0.08425	0.01008	0.00584	0.00176	0.02286	0.12300	0.00465	0.00571
8	0.01590	0.00723	0.00948	0.00774	0.01051	0.00657	0.00619	0.01870	0.07335	0.48801	0.24102	0.02281	0.03570	0.02765	0.00555	0.00158	0.00352	0.00609	0.00555	0.00686
9	0.01103	0.37162	0.33365	0.01061	0.01553	0.02588	0.03235	0.01419	0.01004	0.02556	0.01104	0.01209	0.07007	0.00510	0.00440	0.00133	0.03315	0.00373	0.00231	0.00634
10	0.01322	0.02583	0.08924	0.01509	0.09293	0.23985	0.20677	0.04009	0.03424	0.05555	0.01067	0.05684	0.00895	0.00739	0.05842	0.00189	0.02919	0.00482	0.00282	0.00620
11	0.00895	0.02343	0.02303	0.00653	0.00847	0.00618	0.00514	0.09563	0.03175	0.07960	0.12630	0.12148	0.37882	0.03777	0.00602	0.00168	0.00314	0.00861	0.02246	0.00502
12	0.00598	0.00431	0.00555	0.00648	0.00686	0.00402	0.00437	0.00682	0.00916	0.01207	0.02694	0.66923	0.08727	0.08758	0.00771	0.00217	0.00298	0.04239	0.00430	0.00383
13	0.01053	0.01028	0.01813	0.37489	0.33761	0.01115	0.11818	0.01397	0.03178	0.01420	0.00915	0.01254	0.00719	0.00452	0.00488	0.00153	0.00625	0.00447	0.00233	0.00643
14	0.01542	0.01146	0.01216	0.01011	0.01327	0.03939	0.00812	0.32661	0.34032	0.11001	0.01608	0.02975	0.01207	0.00640	0.00487	0.00154	0.00456	0.02536	0.00485	0.00764
15	0.00753	0.00547	0.00755	0.03546	0.01012	0.00549	0.00728	0.00954	0.01066	0.01380	0.02548	0.07503	0.06938	0.05976	0.00749	0.00228	0.00432	0.63480	0.00424	0.00431
16	0.00991	0.00850	0.00991	0.00708	0.01133	0.00637	0.00566	0.01203	0.00991	0.01557	0.00850	0.00991	0.00708	0.00354	0.00354	0.00071	0.00354	0.00283	0.00283	0.86124
17	0.00804	0.00698	0.00792	0.00722	0.00891	0.05199	0.03564	0.01164	0.12290	0.01707	0.41322	0.03362	0.22281	0.00945	0.00547	0.00155	0.00314	0.02274	0.00471	0.00496
18	0.00684	0.00497	0.00709	0.00715	0.00784	0.00560	0.00533	0.00824	0.00771	0.01104	0.01401	0.06708	0.01394	0.16021	0.62130	0.00670	0.01067	0.00588	0.02437	0.00403
19	0.02956	0.05875	0.03731	0.01247	0.06104	0.36173	0.04338	0.19969	0.06998	0.01734	0.01174	0.01244	0.05276	0.00550	0.00454	0.00136	0.00662	0.00409	0.00326	0.00644

[dist]
# distance from previous block
# <min> <max>
0	2

[block]
# block no. 10 follows, 53 sequences, length 29
# corresponding to MSA columns:
# 348-351,353-357,374-393
name=unknown_K
#
# <colnr> <probs for GDERKNQSTAVLIFYWHMCP>
#	G	D	E	R	K	N	Q	S	T	A	V	L	I	F	Y	W	H	M	C	P
0	0.67322	0.01139	0.06947	0.03893	0.01165	0.05637	0.00689	0.05603	0.00942	0.02052	0.00718	0.00838	0.00550	0.00456	0.00332	0.00147	0.00442	0.00285	0.00292	0.00551
1	0.77237	0.00986	0.00794	0.00751	0.04025	0.03979	0.00579	0.02727	0.00878	0.03549	0.00708	0.00817	0.00548	0.00450	0.00314	0.00147	0.00398	0.00274	0.00300	0.00539
2	0.00726	0.00545	0.00706	0.00718	0.00807	0.00579	0.00528	0.00954	0.07682	0.02891	0.05999	0.28854	0.10338	0.07362	0.25466	0.00379	0.03775	0.00870	0.00378	0.00444
3	0.01744	0.01270	0.01374	0.01058	0.01437	0.01382	0.00870	0.66464	0.06482	0.06027	0.01204	0.01193	0.00858	0.00565	0.00471	0.00140	0.00502	0.00430	0.00471	0.06057
4	0.00778	0.00632	0.00675	0.00654	0.00808	0.03661	0.00494	0.03309	0.08799	0.03033	0.23116	0.14120	0.33091	0.01080	0.00557	0.00163	0.00299	0.03791	0.00465	0.00475
5	0.12336	0.04466	0.01644	0.01344	0.06633	0.18633	0.18363	0.12597	0.08235	0.08147	0.01047	0.01150	0.00787	0.00490	0.00456	0.00143	0.00619	0.00416	0.00332	0.02162
6	0.04260	0.05287	0.54637	0.01648	0.18864	0.04175	0.01586	0.01511	0.01030	0.01519	0.00847	0.01023	0.00636	0.00447	0.00446	0.00146	0.00662	0.00360	0.00215	0.00701
7	0.00700	0.00463	0.00535	0.00535	0.00538	0.00467	0.00306	0.00698	0.00695	0.00930	0.01472	0.03017	0.01683	0.77084	0.05420	0.03711	0.00493	0.00678	0.00285	0.00292
8	0.01202	0.01251	0.01368	0.13680	0.09302	0.19095	0.06803	0.01753	0.24196	0.01500	0.01493	0.04084	0.06239	0.00628	0.00536	0.00155	0.04176	0.01588	0.00331	0.00619
9	0.01021	0.00769	0.00878	0.00807	0.01006	0.00796	0.00645	0.23640	0.06049	0.01915	0.10303	0.14551	0.18893	0.01030	0.00560	0.00171	0.00375	0.15576	0.00464	0.00554
10	0.01022	0.01008	0.01854	0.40469	0.02652	0.01094	0.29094	0.03842	0.05565	0.01476	0.03326	0.01392	0.00858	0.00481	0.00507	0.00158	0.00652	0.00496	0.03466	0.00588
11	0.00832	0.00454	0.00662	0.00651	0.00651	0.00478	0.00441	0.00658	0.00634	0.00856	0.00871	0.01559	0.00888	0.07877	0.01894	0.74674	0.05037	0.00437	0.00214	0.00232
12	0.01165	0.01332	0.11488	0.06914	0.47062	0.02853	0.12981	0.04556	0.01116	0.01566	0.00898	0.01170	0.00722	0.00451	0.00525	0.00149	0.03665	0.00435	0.00241	0.00711
13	0.06215	0.00879	0.01201	0.04069	0.01207	0.01115	0.03990	0.04186	0.04266	0.01358	0.01022	0.01452	0.02239	0.05698	0.15903	0.00307	0.38832	0.00464	0.05085	0.00513
14	0.00830	0.00415	0.00623	0.00623	0.00623	0.00415	0.00415	0.00623	0.00623	0.00830	0.00830	0.01453	0.00830	0.01660	0.01868	0.86094	0.00415	0.00415	0.00208	0.00208
15	0.01086	0.01081	0.02062	0.01632	0.06314	0.01068	0.44794	0.05842	0.04250	0.03110	0.05765	0.12785	0.01320	0.00641	0.00620	0.00166	0.05873	0.00665	0.00314	0.00614
16	0.01123	0.00780	0.00923	0.05411	0.01150	0.03667	0.00688	0.08859	0.13554	0.12914	0.13622	0.18931	0.02275	0.02007	0.00570	0.00174	0.00395	0.11914	0.00464	0.00577
17	0.01262	0.43708	0.24927	0.01035	0.01510	0.07267	0.01105	0.07957	0.04621	0.01437	0.00823	0.00921	0.00666	0.00452	0.00381	0.00124	0.00588	0.00315	0.00242	0.00659
18	0.01012	0.00627	0.00748	0.00717	0.00877	0.00630	0.00535	0.01429	0.18444	0.13818	0.10344	0.29529	0.05122	0.00969	0.00516	0.00162	0.00305	0.00845	0.12819	0.00551
19	0.02518	0.01233	0.16884	0.15975	0.10350	0.01009	0.12345	0.08978	0.03688	0.03471	0.01296	0.05753	0.04211	0.00567	0.00478	0.00151	0.00559	0.00510	0.09399	0.00625
20	0.01529	0.01161	0.01484	0.16985	0.01858	0.01292	0.06937	0.44701	0.04905	0.07403	0.01145	0.01251	0.00824	0.00556	0.00525	0.00151	0.03748	0.00447	0.02376	0.00723
21	0.01241	0.01310	0.03448	0.04225	0.47999	0.14716	0.05040	0.04616	0.01172	0.01513	0.01217	0.01422	0.07535	0.00518	0.00497	0.00143	0.01985	0.00461	0.00264	0.00678
22	0.00582	0.00446	0.00534	0.00595	0.00677	0.00398	0.00415	0.00688	0.01007	0.01291	0.08396	0.49072	0.31464	0.01359	0.00591	0.00179	0.00261	0.01199	0.00449	0.00398
23	0.03779	0.26346	0.15766	0.02985	0.01569	0.12159	0.08901	0.08465	0.04789	0.02967	0.01104	0.01207	0.05167	0.00514	0.00448	0.00135	0.02396	0.00394	0.00275	0.00635
24	0.01744	0.05740	0.01294	0.00962	0.01304	0.03400	0.00797	0.37953	0.05537	0.25255	0.01438	0.01494	0.01036	0.00655	0.01991	0.00156	0.00489	0.03334	0.04669	0.00752
25	0.28716	0.01314	0.04515	0.06423	0.30701	0.15545	0.03341	0.01516	0.01038	0.01656	0.00793	0.00996	0.00641	0.00447	0.00411	0.00142	0.00574	0.00352	0.00255	0.00625
26	0.00971	0.02096	0.00927	0.02409	0.05460	0.00717	0.03431	0.04640	0.13097	0.08355	0.10016	0.15741	0.17936	0.00949	0.01434	0.00167	0.00362	0.03849	0.06891	0.00552
27	0.00670	0.00456	0.00544	0.00568	0.00579	0.00455	0.00342	0.00698	0.00747	0.01002	0.01737	0.20380	0.02013	0.60524	0.06917	0.00424	0.00473	0.00828	0.00321	0.00320
