[name]
unknown

[dist]
# distance from previous block
# <min> <max>
0	11

[block]
# block no. 0 follows, 68 sequences, length 20
# corresponding to MSA columns:
# 13-32
name=unknown_A
#
# <colnr> <probs for GDERKNQSTAVLIFYWHMCP>
#	G	D	E	R	K	N	Q	S	T	A	V	L	I	F	Y	W	H	M	C	P
0	0.00976	0.00763	0.00917	0.06817	0.05409	0.02519	0.02018	0.05668	0.36302	0.09580	0.04504	0.05468	0.07044	0.00688	0.03675	0.00152	0.01525	0.03177	0.00359	0.02439
1	0.04684	0.00568	0.00700	0.00608	0.00802	0.00536	0.00476	0.01331	0.10671	0.32649	0.21098	0.11043	0.11754	0.00709	0.00429	0.00130	0.00270	0.00602	0.00430	0.00510
2	0.00506	0.00403	0.00454	0.00441	0.00559	0.00351	0.00331	0.00642	0.00993	0.01282	0.36309	0.03468	0.51008	0.00925	0.00468	0.00130	0.00195	0.00788	0.00396	0.00351
3	0.00484	0.00353	0.00456	0.00535	0.00572	0.00325	0.00362	0.00560	0.00785	0.01036	0.04947	0.75020	0.10695	0.01205	0.00501	0.00157	0.00226	0.01085	0.00370	0.00325
4	0.88866	0.00767	0.00583	0.00521	0.00767	0.00889	0.00429	0.01166	0.00675	0.01779	0.00552	0.00644	0.00429	0.00368	0.00245	0.00123	0.00307	0.00215	0.00245	0.00429
5	0.74862	0.00752	0.00637	0.00551	0.00806	0.00840	0.00454	0.01289	0.00749	0.14980	0.00715	0.00758	0.00518	0.00388	0.00270	0.00123	0.00312	0.00244	0.00285	0.00469
6	0.88866	0.00767	0.00583	0.00521	0.00767	0.00889	0.00429	0.01166	0.00675	0.01779	0.00552	0.00644	0.00429	0.00368	0.00245	0.00123	0.00307	0.00215	0.00245	0.00429
7	0.00487	0.00388	0.00437	0.00464	0.00562	0.00339	0.00339	0.00588	0.00882	0.01101	0.09796	0.26384	0.51635	0.01058	0.00482	0.00143	0.00214	0.03992	0.00374	0.00336
8	0.26141	0.00969	0.00988	0.00782	0.01075	0.01072	0.00644	0.50371	0.03628	0.09261	0.00909	0.00913	0.00646	0.00448	0.00354	0.00121	0.00388	0.00323	0.00362	0.00604
9	0.88866	0.00767	0.00583	0.00521	0.00767	0.00889	0.00429	0.01166	0.00675	0.01779	0.00552	0.00644	0.00429	0.00368	0.00245	0.00123	0.00307	0.00215	0.00245	0.00429
10	0.00483	0.00345	0.00460	0.00552	0.00575	0.00322	0.00368	0.00552	0.00759	0.01012	0.02185	0.85807	0.02622	0.01242	0.00506	0.00161	0.00230	0.01127	0.00368	0.00322
11	0.01510	0.01067	0.01158	0.00892	0.01205	0.01170	0.00736	0.73131	0.04700	0.08827	0.01023	0.01002	0.00717	0.00479	0.00397	0.00120	0.00424	0.00363	0.00404	0.00673
12	0.01598	0.00695	0.00900	0.00710	0.00991	0.00642	0.00577	0.05403	0.10116	0.65683	0.04693	0.01445	0.01113	0.02987	0.00449	0.00131	0.00335	0.00420	0.00468	0.00645
13	0.15266	0.00664	0.00832	0.00662	0.00938	0.00611	0.00541	0.01705	0.01046	0.64137	0.04594	0.05115	0.01076	0.00518	0.00382	0.00124	0.00322	0.00415	0.00445	0.00609
14	0.00621	0.00501	0.00725	0.00694	0.00747	0.00616	0.00543	0.00742	0.00627	0.00915	0.00979	0.01510	0.00940	0.08607	0.63683	0.00536	0.16023	0.00422	0.00207	0.00360
15	0.00566	0.00425	0.00637	0.00637	0.00708	0.00496	0.00496	0.00708	0.00637	0.00920	0.01062	0.01558	0.00991	0.02974	0.84494	0.00637	0.01062	0.00425	0.00212	0.00354
16	0.02249	0.00452	0.00593	0.00598	0.00705	0.00421	0.00441	0.02257	0.00873	0.20197	0.01982	0.52392	0.04033	0.01060	0.02905	0.00164	0.00290	0.05659	0.02312	0.00416
17	0.02093	0.00534	0.00716	0.00717	0.03091	0.00534	0.04991	0.09467	0.05578	0.03069	0.05523	0.51185	0.04811	0.00969	0.00471	0.00148	0.00292	0.03411	0.01988	0.00412
18	0.00946	0.02653	0.09199	0.09717	0.46806	0.08733	0.06619	0.01186	0.00901	0.01205	0.00908	0.04880	0.03638	0.00427	0.00399	0.00121	0.00502	0.00396	0.00206	0.00558
19	0.01106	0.02264	0.03336	0.14351	0.11123	0.27175	0.04747	0.10258	0.03583	0.02582	0.04870	0.02569	0.02514	0.03647	0.00472	0.00129	0.02608	0.00377	0.01792	0.00497

[dist]
# distance from previous block
# <min> <max>
2	8

[block]
# block no. 1 follows, 68 sequences, length 20
# corresponding to MSA columns:
# 41-60
name=unknown_B
#
# <colnr> <probs for GDERKNQSTAVLIFYWHMCP>
#	G	D	E	R	K	N	Q	S	T	A	V	L	I	F	Y	W	H	M	C	P
0	0.01041	0.03170	0.02410	0.01202	0.22456	0.03897	0.04888	0.12026	0.03793	0.06550	0.03266	0.02654	0.00781	0.00396	0.00364	0.00100	0.00400	0.00343	0.00271	0.29993
1	0.00669	0.00465	0.00566	0.00542	0.00671	0.00426	0.00405	0.00872	0.06887	0.07823	0.25659	0.23941	0.19718	0.00886	0.00457	0.00133	0.00234	0.02557	0.00390	0.06698
2	0.00884	0.00697	0.00825	0.00813	0.07390	0.03916	0.02580	0.05863	0.22956	0.07627	0.17433	0.06505	0.11621	0.06463	0.02505	0.00158	0.00339	0.00568	0.00365	0.00492
3	0.00487	0.00373	0.00447	0.00490	0.00563	0.00333	0.00344	0.00582	0.00856	0.01103	0.12589	0.45531	0.32671	0.01102	0.00488	0.00147	0.00214	0.00971	0.00376	0.00333
4	0.00533	0.00398	0.00491	0.00517	0.00577	0.00392	0.00360	0.00645	0.03264	0.01004	0.05668	0.30093	0.19296	0.18432	0.16205	0.00285	0.00408	0.00788	0.00318	0.00326
5	0.00795	0.02051	0.84011	0.01130	0.01716	0.00921	0.01465	0.01256	0.00837	0.01256	0.00712	0.00837	0.00502	0.00377	0.00377	0.00126	0.00586	0.00293	0.00167	0.00586
6	0.07084	0.00733	0.00942	0.00762	0.03293	0.00683	0.00607	0.11234	0.01185	0.65367	0.03033	0.01281	0.00956	0.00484	0.00390	0.00122	0.00348	0.00388	0.00455	0.00652
7	0.06372	0.01027	0.01095	0.00862	0.01161	0.01137	0.00706	0.60869	0.14232	0.06865	0.01065	0.01038	0.00760	0.00480	0.00389	0.00122	0.00405	0.00365	0.00394	0.00653
8	0.03299	0.13474	0.04089	0.01077	0.10272	0.36557	0.00803	0.13549	0.01100	0.01280	0.00673	0.00786	0.00551	0.00407	0.00393	0.00106	0.04760	0.00279	0.00228	0.06315
9	0.02237	0.00719	0.03528	0.62067	0.02258	0.00821	0.02998	0.01040	0.00801	0.05784	0.02539	0.01172	0.00680	0.02410	0.07538	0.00180	0.02203	0.00372	0.00206	0.00447
10	0.00569	0.00409	0.00500	0.00509	0.00588	0.00392	0.00365	0.00753	0.05492	0.01302	0.33830	0.26512	0.10974	0.06163	0.02298	0.00160	0.00238	0.00788	0.07796	0.00360
11	0.88866	0.00767	0.00583	0.00521	0.00767	0.00889	0.00429	0.01166	0.00675	0.01779	0.00552	0.00644	0.00429	0.00368	0.00245	0.00123	0.00307	0.00215	0.00245	0.00429
12	0.88866	0.00767	0.00583	0.00521	0.00767	0.00889	0.00429	0.01166	0.00675	0.01779	0.00552	0.00644	0.00429	0.00368	0.00245	0.00123	0.00307	0.00215	0.00245	0.00429
13	0.00689	0.00344	0.00517	0.00517	0.00517	0.00344	0.00344	0.00517	0.00517	0.00689	0.00689	0.01205	0.00689	0.01377	0.01550	0.88464	0.00344	0.00344	0.00172	0.00172
14	0.00488	0.00401	0.00431	0.00435	0.00555	0.00344	0.00327	0.00602	0.00926	0.01145	0.15010	0.08486	0.64785	0.00994	0.00473	0.00136	0.00206	0.03537	0.00378	0.00341
15	0.00855	0.02448	0.01457	0.40430	0.28886	0.00911	0.11471	0.01101	0.00838	0.01138	0.00737	0.01035	0.00585	0.00403	0.00442	0.02225	0.02014	0.00365	0.02151	0.00507
16	0.01377	0.01046	0.01117	0.00886	0.01180	0.01169	0.00722	0.62231	0.22115	0.02289	0.01117	0.01084	0.00808	0.00491	0.00398	0.00123	0.00406	0.00380	0.00398	0.00663
17	0.00826	0.08029	0.17071	0.07088	0.05784	0.05791	0.00773	0.05200	0.09690	0.01267	0.07935	0.02767	0.19391	0.00608	0.00439	0.02320	0.01441	0.00476	0.00279	0.02827
18	0.00895	0.00888	0.04071	0.23455	0.33678	0.05436	0.03110	0.02918	0.03842	0.02448	0.05942	0.01304	0.05668	0.00511	0.02569	0.00136	0.00480	0.00403	0.00232	0.02015
19	0.01030	0.12654	0.01258	0.07365	0.04006	0.07114	0.07682	0.16266	0.11508	0.02533	0.05576	0.07783	0.01021	0.02714	0.00506	0.00131	0.07347	0.00433	0.00287	0.02787

[dist]
# distance from previous block
# <min> <max>
0	3

[block]
# block no. 2 follows, 68 sequences, length 15
# corresponding to MSA columns:
# 64-78
name=unknown_C
#
# <colnr> <probs for GDERKNQSTAVLIFYWHMCP>
#	G	D	E	R	K	N	Q	S	T	A	V	L	I	F	Y	W	H	M	C	P
0	0.01100	0.22046	0.05670	0.05354	0.13439	0.11329	0.00828	0.11142	0.20077	0.01374	0.00901	0.00969	0.00712	0.00422	0.00368	0.00113	0.01680	0.00324	0.00261	0.01893
1	0.59552	0.11433	0.00912	0.00718	0.05431	0.09056	0.00555	0.06079	0.00818	0.01613	0.00592	0.00687	0.00473	0.00374	0.00274	0.00116	0.00377	0.00234	0.00238	0.00468
2	0.00832	0.00545	0.00650	0.00603	0.00732	0.02381	0.00451	0.01090	0.12510	0.14920	0.16553	0.13087	0.09939	0.11442	0.10957	0.00226	0.01662	0.00623	0.00365	0.00433
3	0.00536	0.00430	0.00491	0.02573	0.00645	0.00394	0.00375	0.02554	0.02871	0.01200	0.16907	0.16327	0.48232	0.00974	0.00472	0.00138	0.00226	0.03921	0.00376	0.00358
4	0.00594	0.00407	0.00470	0.00470	0.00490	0.00411	0.00285	0.03236	0.00649	0.00866	0.01404	0.10233	0.04098	0.68110	0.06362	0.00361	0.00404	0.00620	0.00260	0.00271
5	0.00795	0.02051	0.84011	0.01130	0.01716	0.00921	0.01465	0.01256	0.00837	0.01256	0.00712	0.00837	0.00502	0.00377	0.00377	0.00126	0.00586	0.00293	0.00167	0.00586
6	0.00995	0.00974	0.05468	0.01482	0.18367	0.00926	0.32430	0.05284	0.10433	0.07027	0.02149	0.05528	0.00867	0.00462	0.00476	0.00133	0.04673	0.01496	0.00264	0.00563
7	0.78083	0.00779	0.00639	0.00556	0.00809	0.00887	0.00458	0.05684	0.00772	0.07448	0.00644	0.00709	0.00481	0.00382	0.00264	0.00122	0.00316	0.00235	0.00271	0.00460
8	0.00940	0.00701	0.00834	0.00602	0.00949	0.00535	0.00484	0.01114	0.00861	0.11502	0.00811	0.00887	0.00636	0.00318	0.00307	0.00067	0.00299	0.00255	0.00267	0.77631
9	0.00755	0.00713	0.01191	0.80666	0.02641	0.00899	0.01089	0.01010	0.00783	0.01010	0.00695	0.01047	0.00528	0.00412	0.00444	0.00134	0.05015	0.00352	0.00176	0.00440
10	0.00989	0.00839	0.00891	0.00794	0.01016	0.00963	0.00619	0.06339	0.73659	0.01700	0.06438	0.01539	0.01332	0.00551	0.00407	0.00133	0.00313	0.00459	0.00405	0.00615
11	0.00489	0.00392	0.00438	0.00459	0.00562	0.00341	0.00337	0.00596	0.00898	0.01122	0.12701	0.21768	0.53335	0.01038	0.00480	0.00141	0.00212	0.03978	0.00376	0.00338
12	0.00749	0.00705	0.01189	0.85113	0.02731	0.00881	0.01101	0.01013	0.00793	0.01013	0.00705	0.01057	0.00529	0.00396	0.00396	0.00132	0.00529	0.00352	0.00176	0.00440
13	0.03739	0.00682	0.00785	0.00595	0.00897	0.00563	0.00473	0.05459	0.02466	0.06286	0.04733	0.04054	0.04578	0.00415	0.00329	0.00080	0.00291	0.00338	0.02562	0.60676
14	0.09261	0.01947	0.02417	0.18680	0.19283	0.08599	0.00839	0.07776	0.08465	0.05585	0.06512	0.03890	0.00942	0.02435	0.00435	0.00130	0.01621	0.00394	0.00269	0.00520

[dist]
# distance from previous block
# <min> <max>
0	3

[block]
# block no. 3 follows, 68 sequences, length 13
# corresponding to MSA columns:
# 82-94
name=unknown_D
#
# <colnr> <probs for GDERKNQSTAVLIFYWHMCP>
#	G	D	E	R	K	N	Q	S	T	A	V	L	I	F	Y	W	H	M	C	P
0	0.61235	0.00794	0.00725	0.00607	0.00873	0.00876	0.00500	0.11844	0.00915	0.17221	0.00793	0.00816	0.00564	0.00405	0.00294	0.00122	0.00329	0.00268	0.00311	0.00507
1	0.01003	0.02953	0.07288	0.07356	0.10945	0.06090	0.00753	0.03787	0.01927	0.17230	0.02315	0.17044	0.06804	0.00657	0.00512	0.00134	0.09389	0.01834	0.00306	0.01674
2	0.01409	0.06690	0.01232	0.01026	0.01249	0.72022	0.04914	0.01566	0.04415	0.01011	0.00660	0.00760	0.00544	0.00406	0.00359	0.00104	0.00680	0.00272	0.00210	0.00473
3	0.00948	0.00783	0.00838	0.00763	0.00969	0.00886	0.00589	0.01900	0.69363	0.04448	0.01780	0.08239	0.05515	0.00616	0.00415	0.00136	0.00302	0.00520	0.00402	0.00590
4	0.00494	0.00354	0.00476	0.00564	0.00592	0.00336	0.00386	0.00571	0.00761	0.01016	0.02131	0.78352	0.02534	0.01313	0.04263	0.00183	0.00273	0.04714	0.00361	0.00325
5	0.01126	0.09253	0.26572	0.03415	0.06163	0.16851	0.10163	0.12712	0.01062	0.06166	0.00802	0.02506	0.00616	0.00411	0.00380	0.00118	0.00555	0.00334	0.00235	0.00560
6	0.00508	0.00367	0.00485	0.00570	0.00613	0.00345	0.00408	0.00598	0.00795	0.01045	0.02304	0.66520	0.08423	0.01201	0.00510	0.00163	0.00250	0.14199	0.00368	0.00330
7	0.00511	0.00397	0.00451	0.00458	0.00565	0.00350	0.00342	0.00637	0.00940	0.01215	0.23636	0.13301	0.46963	0.00968	0.00470	0.00136	0.00208	0.04553	0.03552	0.00346
8	0.00901	0.16005	0.50926	0.01168	0.06810	0.03106	0.08578	0.02638	0.04025	0.01234	0.00731	0.00857	0.00551	0.00374	0.00366	0.00119	0.00549	0.00305	0.00186	0.00571
9	0.00938	0.27713	0.40148	0.03321	0.04276	0.05268	0.06931	0.03259	0.00874	0.01165	0.00699	0.02440	0.00562	0.00383	0.00349	0.00113	0.00533	0.00300	0.00183	0.00547
10	0.00486	0.00351	0.00460	0.00542	0.00574	0.00325	0.00365	0.00562	0.00783	0.01041	0.05941	0.77652	0.07033	0.01210	0.00502	0.00158	0.00227	0.01093	0.00371	0.00325
11	0.38176	0.05479	0.09217	0.00995	0.09486	0.16571	0.07716	0.03396	0.00864	0.02675	0.00645	0.00768	0.00507	0.00380	0.00335	0.00118	0.01680	0.00274	0.00224	0.00494
12	0.00502	0.00381	0.00529	0.00578	0.00629	0.00352	0.03508	0.00589	0.00795	0.01052	0.05628	0.70911	0.10729	0.01166	0.00499	0.00156	0.00242	0.01056	0.00364	0.00334

[dist]
# distance from previous block
# <min> <max>
7	11

[block]
# block no. 4 follows, 68 sequences, length 21
# corresponding to MSA columns:
# 106-126
name=unknown_E
#
# <colnr> <probs for GDERKNQSTAVLIFYWHMCP>
#	G	D	E	R	K	N	Q	S	T	A	V	L	I	F	Y	W	H	M	C	P
0	0.06054	0.03517	0.01221	0.03426	0.01104	0.02190	0.02286	0.05464	0.00704	0.01094	0.00558	0.00859	0.00525	0.00634	0.01105	0.00162	0.68117	0.00337	0.00191	0.00451
1	0.00801	0.02960	0.00797	0.00577	0.00875	0.00550	0.00461	0.03507	0.02057	0.02366	0.11197	0.01363	0.08249	0.00432	0.00335	0.00078	0.00281	0.00355	0.00280	0.62479
2	0.02733	0.05710	0.00977	0.00706	0.00999	0.00707	0.00586	0.10103	0.03657	0.59615	0.04990	0.01394	0.03474	0.00506	0.00391	0.00120	0.00340	0.00406	0.00446	0.02140
3	0.04591	0.00689	0.00877	0.00689	0.00972	0.00631	0.00564	0.08033	0.03752	0.63296	0.04119	0.01535	0.07339	0.00536	0.00401	0.00124	0.00328	0.00434	0.00461	0.00630
4	0.01002	0.00921	0.01456	0.17793	0.45524	0.02666	0.06559	0.08390	0.06370	0.03129	0.00849	0.02066	0.00679	0.00398	0.00400	0.00123	0.00481	0.00376	0.00233	0.00584
5	0.01407	0.01642	0.01066	0.03735	0.01216	0.67371	0.00735	0.02688	0.04993	0.05886	0.00815	0.00890	0.02295	0.00434	0.00364	0.00106	0.00637	0.00293	0.02947	0.00477
6	0.00780	0.00737	0.01246	0.73955	0.13644	0.00889	0.01117	0.01041	0.00808	0.01051	0.00710	0.01047	0.00542	0.00391	0.00396	0.00130	0.00521	0.00352	0.00179	0.00466
7	0.00569	0.00408	0.00566	0.00644	0.00705	0.00408	0.00509	0.00699	0.00814	0.01079	0.01989	0.35107	0.02239	0.03417	0.10464	0.00233	0.00396	0.39063	0.00345	0.00344
8	0.00486	0.00397	0.00419	0.00422	0.00535	0.00341	0.00307	0.00585	0.00889	0.01091	0.10914	0.08803	0.64819	0.07512	0.00589	0.00154	0.00215	0.00824	0.00365	0.00330
9	0.00615	0.00419	0.00589	0.00583	0.00648	0.00467	0.00436	0.00729	0.00651	0.03197	0.01117	0.01723	0.01067	0.17394	0.60529	0.02182	0.00851	0.00446	0.06018	0.00340
10	0.01106	0.00602	0.00772	0.00676	0.02600	0.00574	0.00520	0.10589	0.03701	0.29812	0.35479	0.06588	0.02207	0.00674	0.00436	0.00127	0.00283	0.02292	0.00439	0.00522
11	0.07617	0.23834	0.04616	0.04629	0.14420	0.36448	0.00832	0.01353	0.00947	0.01084	0.00621	0.00751	0.00524	0.00377	0.00330	0.00104	0.00557	0.00262	0.00194	0.00501
12	0.28725	0.03952	0.05962	0.01033	0.09706	0.32939	0.04359	0.04013	0.00933	0.01336	0.00628	0.00754	0.00507	0.00394	0.00361	0.00115	0.03308	0.00269	0.00218	0.00486
13	0.01155	0.01151	0.10880	0.05183	0.22820	0.11249	0.11507	0.09938	0.05100	0.12717	0.02532	0.01099	0.01991	0.00422	0.00401	0.00121	0.00503	0.00375	0.00273	0.00584
14	0.00485	0.00351	0.00460	0.00541	0.00573	0.00325	0.00364	0.00561	0.00783	0.01040	0.05660	0.77581	0.07389	0.01210	0.00502	0.00158	0.00227	0.01093	0.00371	0.00325
15	0.00829	0.00756	0.00960	0.00846	0.00884	0.04590	0.00690	0.00936	0.00686	0.01055	0.00851	0.01149	0.03805	0.00831	0.07314	0.01601	0.54109	0.00372	0.17330	0.00408
16	0.00749	0.00601	0.00839	0.10065	0.04442	0.00618	0.05347	0.05452	0.10520	0.02185	0.04956	0.25360	0.03571	0.00825	0.02861	0.00151	0.00358	0.08906	0.05554	0.06640
17	0.00590	0.00376	0.00504	0.00569	0.00618	0.00348	0.00395	0.00673	0.00803	0.07375	0.04320	0.74051	0.02514	0.01168	0.00498	0.00158	0.00242	0.04065	0.00379	0.00352
18	0.00895	0.00702	0.00830	0.00596	0.00945	0.00533	0.00478	0.01070	0.00846	0.07612	0.00771	0.00863	0.00617	0.00309	0.00302	0.00064	0.00297	0.00247	0.00254	0.81769
19	0.01317	0.01272	0.01044	0.00901	0.01136	0.31735	0.00708	0.26288	0.18727	0.03872	0.02220	0.01244	0.00884	0.01670	0.00416	0.00124	0.00502	0.05055	0.00326	0.00557
20	0.04718	0.05689	0.04856	0.03628	0.01213	0.08628	0.00747	0.51432	0.05149	0.02038	0.07204	0.01077	0.00887	0.00480	0.00384	0.00118	0.00441	0.00363	0.00347	0.00600

[dist]
# distance from previous block
# <min> <max>
0	1

[block]
# block no. 5 follows, 68 sequences, length 25
# corresponding to MSA columns:
# 128-152
name=unknown_F
#
# <colnr> <probs for GDERKNQSTAVLIFYWHMCP>
#	G	D	E	R	K	N	Q	S	T	A	V	L	I	F	Y	W	H	M	C	P
0	0.00534	0.00384	0.00473	0.00508	0.00561	0.00355	0.00343	0.00594	0.00747	0.00986	0.04265	0.42069	0.14239	0.20154	0.00877	0.04165	0.00272	0.03885	0.00326	0.04261
1	0.06572	0.00825	0.01158	0.03660	0.26476	0.00862	0.04629	0.19278	0.04683	0.05952	0.01119	0.04504	0.02050	0.03752	0.01670	0.02841	0.00428	0.08701	0.00296	0.00545
2	0.38453	0.08855	0.02702	0.00758	0.02800	0.01057	0.01694	0.29582	0.02510	0.07029	0.00783	0.00826	0.00578	0.00413	0.00320	0.00118	0.00379	0.00287	0.00306	0.00550
3	0.00548	0.00384	0.00479	0.00518	0.00583	0.00352	0.00365	0.00642	0.00840	0.03786	0.13178	0.44488	0.18835	0.08427	0.00622	0.00170	0.00242	0.04833	0.00370	0.00338
4	0.00550	0.00380	0.00441	0.00456	0.00476	0.00369	0.00276	0.00582	0.00668	0.00886	0.06588	0.17948	0.08103	0.58847	0.01528	0.00309	0.00330	0.00706	0.00285	0.00271
5	0.03875	0.00837	0.01326	0.06963	0.41158	0.00861	0.08476	0.02578	0.12772	0.02395	0.05438	0.02739	0.06114	0.00518	0.02117	0.00135	0.00439	0.00437	0.00261	0.00560
6	0.05034	0.00747	0.01013	0.03775	0.27091	0.00778	0.00741	0.01353	0.23942	0.05806	0.10772	0.03724	0.06649	0.03764	0.00464	0.00135	0.00349	0.00474	0.00318	0.03073
7	0.01026	0.01120	0.01222	0.05128	0.14759	0.27045	0.12125	0.02116	0.06474	0.01201	0.07811	0.05000	0.06685	0.00517	0.00437	0.00121	0.03351	0.00440	0.01473	0.01951
8	0.01020	0.02105	0.07008	0.01046	0.13647	0.00845	0.04206	0.17369	0.10781	0.03057	0.00909	0.02280	0.00717	0.00394	0.00360	0.00100	0.00390	0.00333	0.00281	0.33153
9	0.00737	0.00612	0.00725	0.00572	0.00837	0.00477	0.00437	0.00882	0.00797	0.01207	0.01052	0.19354	0.01069	0.04530	0.00421	0.00096	0.00284	0.00445	0.00264	0.65203
10	0.00560	0.00378	0.00441	0.00456	0.00464	0.00373	0.00268	0.00579	0.00629	0.00843	0.04513	0.17262	0.01736	0.67912	0.01693	0.00335	0.00350	0.00679	0.00270	0.00260
11	0.01294	0.16025	0.02707	0.00912	0.03835	0.11833	0.00740	0.39617	0.14156	0.01810	0.00995	0.01007	0.02413	0.00458	0.00369	0.00114	0.00449	0.00342	0.00323	0.00601
12	0.00896	0.00856	0.01473	0.27962	0.45270	0.00915	0.07284	0.02538	0.00882	0.01214	0.00800	0.01173	0.00671	0.00409	0.00425	0.00128	0.02205	0.04148	0.00201	0.00547
13	0.00944	0.00767	0.00903	0.05576	0.01091	0.00660	0.00553	0.13688	0.00989	0.03144	0.00761	0.00867	0.00605	0.00332	0.00318	0.00074	0.00330	0.00264	0.00262	0.67872
14	0.00497	0.00356	0.00462	0.00537	0.00571	0.00331	0.00364	0.00566	0.00770	0.01018	0.04301	0.69490	0.08979	0.04803	0.00592	0.02307	0.00239	0.03138	0.00360	0.00318
15	0.00613	0.00436	0.00503	0.00491	0.00606	0.00405	0.00364	0.02479	0.01952	0.06074	0.07729	0.09981	0.43489	0.09668	0.10543	0.00219	0.00340	0.02023	0.01722	0.00362
16	0.00960	0.00769	0.00978	0.08717	0.07766	0.04706	0.04489	0.19015	0.06217	0.04504	0.03170	0.05899	0.01058	0.10819	0.14552	0.01440	0.00535	0.02571	0.01354	0.00482
17	0.04119	0.00634	0.00825	0.01668	0.00907	0.00640	0.02116	0.09472	0.01032	0.31588	0.08778	0.04536	0.05193	0.03308	0.09271	0.00190	0.05943	0.04250	0.05016	0.00514
18	0.03600	0.00414	0.00500	0.00522	0.00616	0.00379	0.00378	0.00726	0.00858	0.08470	0.08830	0.40937	0.24748	0.03453	0.00519	0.00153	0.00240	0.03914	0.00376	0.00364
19	0.00628	0.00404	0.00548	0.04531	0.02256	0.00396	0.00404	0.00652	0.00712	0.03963	0.04041	0.27836	0.08725	0.16185	0.02157	0.22050	0.00321	0.03603	0.00289	0.00299
20	0.01094	0.01203	0.01251	0.10183	0.14596	0.29230	0.05538	0.02611	0.08580	0.01124	0.00759	0.00978	0.00637	0.02649	0.01895	0.00142	0.16475	0.00341	0.00217	0.00496
21	0.01018	0.74779	0.11026	0.00721	0.01079	0.01466	0.00753	0.01179	0.00803	0.00964	0.00587	0.00710	0.00533	0.02617	0.00315	0.00097	0.00441	0.00231	0.00171	0.00510
22	0.02730	0.00372	0.00461	0.00522	0.00568	0.00353	0.00358	0.00602	0.00764	0.01047	0.03341	0.57385	0.10960	0.07674	0.02439	0.01977	0.00262	0.03169	0.04695	0.00322
23	0.00847	0.00732	0.01067	0.13038	0.26424	0.00769	0.02824	0.06713	0.11752	0.02422	0.02600	0.08526	0.11680	0.08195	0.00562	0.00152	0.00393	0.00520	0.00282	0.00502
24	0.04073	0.00833	0.01041	0.00837	0.02223	0.03348	0.06137	0.14488	0.14969	0.42205	0.02471	0.01332	0.03187	0.00496	0.00401	0.00124	0.00378	0.00411	0.00417	0.00630

[dist]
# distance from previous block
# <min> <max>
4	12

[block]
# block no. 6 follows, 68 sequences, length 42
# corresponding to MSA columns:
# 165-206
name=unknown_G
#
# <colnr> <probs for GDERKNQSTAVLIFYWHMCP>
#	G	D	E	R	K	N	Q	S	T	A	V	L	I	F	Y	W	H	M	C	P
0	0.02912	0.00765	0.02347	0.03955	0.28621	0.05695	0.01560	0.03940	0.00928	0.02463	0.13888	0.13783	0.01486	0.02716	0.02246	0.00145	0.04062	0.03057	0.04951	0.00479
1	0.07254	0.22646	0.24898	0.01943	0.10791	0.04781	0.03988	0.05260	0.04355	0.05230	0.00746	0.00854	0.00580	0.00393	0.00381	0.00115	0.03910	0.00296	0.00217	0.01363
2	0.01060	0.86304	0.02078	0.00678	0.01018	0.01569	0.00678	0.01187	0.00806	0.00933	0.00551	0.00636	0.00509	0.00339	0.00254	0.00085	0.00424	0.00212	0.00170	0.00509
3	0.00835	0.14557	0.71850	0.01063	0.01612	0.01017	0.01348	0.01245	0.00832	0.01208	0.00688	0.00807	0.00503	0.00371	0.00359	0.00120	0.00562	0.00281	0.00168	0.00575
4	0.01463	0.02866	0.01182	0.00896	0.01207	0.03144	0.00739	0.72324	0.05531	0.03393	0.00969	0.00967	0.00694	0.00471	0.00391	0.00117	0.00433	0.00354	0.00386	0.02474
5	0.00582	0.00433	0.00477	0.00467	0.00602	0.00381	0.00356	0.00733	0.03924	0.06020	0.11528	0.08671	0.59086	0.00956	0.00468	0.00136	0.00220	0.04205	0.00383	0.00370
6	0.00582	0.00447	0.00667	0.00658	0.00725	0.00532	0.00515	0.00721	0.00636	0.00922	0.01034	0.01522	0.00967	0.02857	0.80253	0.00614	0.05359	0.00421	0.00210	0.00358
7	0.01359	0.24117	0.04448	0.00888	0.01186	0.26927	0.00760	0.31331	0.01302	0.03057	0.00743	0.00798	0.00579	0.00415	0.00346	0.00105	0.00523	0.00285	0.00270	0.00561
8	0.00577	0.00384	0.00432	0.00432	0.00432	0.00384	0.00240	0.00577	0.00577	0.00769	0.01249	0.02595	0.01441	0.86066	0.02018	0.00384	0.00384	0.00577	0.00240	0.00240
9	0.00698	0.00463	0.00577	0.00534	0.00656	0.00437	0.00406	0.00929	0.07033	0.09077	0.52930	0.02840	0.12364	0.05582	0.00547	0.00143	0.00230	0.03727	0.00417	0.00408
10	0.01972	0.01570	0.43990	0.01246	0.10642	0.06599	0.09585	0.09723	0.00980	0.03082	0.00785	0.00925	0.00582	0.00426	0.01505	0.00129	0.01534	0.00329	0.03824	0.00572
11	0.00749	0.00705	0.01189	0.85113	0.02731	0.00881	0.01101	0.01013	0.00793	0.01013	0.00705	0.01057	0.00529	0.00396	0.00396	0.00132	0.00529	0.00352	0.00176	0.00440
12	0.00770	0.00722	0.01197	0.77689	0.06538	0.00888	0.01087	0.01068	0.04167	0.01053	0.00744	0.01071	0.00561	0.00400	0.00397	0.00132	0.00517	0.00356	0.00186	0.00457
13	0.00561	0.00382	0.00460	0.00485	0.00498	0.00381	0.00303	0.00593	0.00639	0.00852	0.01491	0.19990	0.01722	0.59572	0.04994	0.00335	0.00379	0.05821	0.00274	0.00270
14	0.86075	0.00778	0.00602	0.00534	0.00782	0.00900	0.00440	0.03757	0.00713	0.01802	0.00565	0.00654	0.00437	0.00372	0.00250	0.00123	0.00311	0.00219	0.00250	0.00437
15	0.02605	0.01011	0.06202	0.05581	0.42460	0.04066	0.12770	0.05424	0.05653	0.03326	0.03912	0.01125	0.02087	0.00403	0.00402	0.00122	0.00484	0.00386	0.00237	0.01743
16	0.00916	0.40416	0.46703	0.00924	0.01398	0.01216	0.01107	0.01225	0.00823	0.01109	0.00639	0.00746	0.00505	0.00360	0.00321	0.00107	0.00512	0.00256	0.00168	0.00551
17	0.00528	0.00398	0.00468	0.00469	0.00565	0.00358	0.00340	0.00646	0.00919	0.02333	0.27624	0.15055	0.37413	0.06967	0.03974	0.00173	0.00250	0.00801	0.00375	0.00344
18	0.01725	0.00704	0.00934	0.00714	0.01023	0.00622	0.00589	0.07079	0.01170	0.75475	0.01492	0.01304	0.00947	0.00482	0.00395	0.00120	0.00342	0.00390	0.00475	0.04018
19	0.01011	0.62015	0.21472	0.00800	0.01191	0.04355	0.00867	0.01231	0.02064	0.01022	0.00608	0.00699	0.00518	0.00354	0.00289	0.00096	0.00471	0.00236	0.00174	0.00527
20	0.00703	0.00621	0.00854	0.02457	0.16604	0.05950	0.00653	0.00861	0.00733	0.01003	0.01086	0.01476	0.04212	0.02185	0.58199	0.00475	0.00883	0.00416	0.00214	0.00414
21	0.00955	0.00487	0.00648	0.00612	0.00755	0.00436	0.00464	0.01072	0.00918	0.28957	0.06336	0.37580	0.03375	0.03838	0.00515	0.00151	0.00284	0.08209	0.00403	0.04005
22	0.00499	0.00410	0.00440	0.00436	0.00559	0.00356	0.00326	0.00637	0.02681	0.01186	0.19886	0.06905	0.62364	0.00965	0.00469	0.00133	0.00202	0.00816	0.00383	0.00348
23	0.01512	0.04198	0.01189	0.02054	0.01217	0.02454	0.00735	0.67248	0.01711	0.12173	0.01002	0.00986	0.00701	0.00471	0.00391	0.00118	0.00430	0.00355	0.00394	0.00662
24	0.01022	0.00786	0.00902	0.00666	0.01004	0.00684	0.00538	0.16772	0.04061	0.06884	0.00841	0.00906	0.00652	0.00351	0.00324	0.00077	0.00325	0.00277	0.00289	0.62639
25	0.00569	0.00418	0.00549	0.00614	0.00698	0.00399	0.00498	0.00713	0.00898	0.01167	0.10043	0.21654	0.16516	0.01084	0.00518	0.00164	0.00291	0.42482	0.00373	0.00351
26	0.00489	0.00389	0.00433	0.00450	0.00548	0.00339	0.00324	0.00590	0.00889	0.01117	0.14303	0.21937	0.51445	0.04269	0.00536	0.00148	0.00212	0.00875	0.00373	0.00334
27	0.00747	0.00384	0.00390	0.00384	0.00481	0.00386	0.00289	0.02425	0.00860	0.01501	0.04073	0.01519	0.01102	0.00474	0.00286	0.00094	0.00190	0.00381	0.83657	0.00375
28	0.88866	0.00767	0.00583	0.00521	0.00767	0.00889	0.00429	0.01166	0.00675	0.01779	0.00552	0.00644	0.00429	0.00368	0.00245	0.00123	0.00307	0.00215	0.00245	0.00429
29	0.00478	0.00402	0.00415	0.00412	0.00541	0.00339	0.00309	0.00588	0.00927	0.01125	0.12323	0.03726	0.75091	0.00984	0.00469	0.00133	0.00199	0.00824	0.00375	0.00339
30	0.00741	0.00381	0.00403	0.00399	0.00490	0.00384	0.00298	0.00915	0.00813	0.03113	0.01280	0.01526	0.01031	0.04105	0.06576	0.00145	0.00261	0.00383	0.76387	0.00369
31	0.13646	0.00687	0.00874	0.00680	0.00979	0.00625	0.00562	0.01828	0.01072	0.72681	0.01426	0.01253	0.00906	0.00474	0.00378	0.00123	0.00333	0.00374	0.00457	0.00641
32	0.88866	0.00767	0.00583	0.00521	0.00767	0.00889	0.00429	0.01166	0.00675	0.01779	0.00552	0.00644	0.00429	0.00368	0.00245	0.00123	0.00307	0.00215	0.00245	0.00429
33	0.01137	0.71101	0.01909	0.00736	0.01055	0.13410	0.00694	0.04226	0.00890	0.00996	0.00575	0.00659	0.00515	0.00354	0.00274	0.00089	0.00466	0.00224	0.00183	0.00508
34	0.01598	0.00673	0.00882	0.00684	0.00975	0.00594	0.00562	0.06424	0.01148	0.67864	0.03473	0.01543	0.07679	0.00532	0.00402	0.00121	0.00327	0.00433	0.00466	0.03621
35	0.00928	0.00896	0.01522	0.11273	0.59759	0.00951	0.04718	0.01152	0.00853	0.01215	0.00731	0.01001	0.00617	0.00481	0.03345	0.00143	0.09287	0.00360	0.00192	0.00574
36	0.00869	0.01642	0.50753	0.01480	0.16895	0.02185	0.18021	0.01256	0.00874	0.01262	0.00735	0.00910	0.00546	0.00364	0.00398	0.00125	0.00584	0.00340	0.00180	0.00581
37	0.00479	0.00397	0.00421	0.00436	0.00553	0.00339	0.00325	0.00581	0.00891	0.01079	0.05348	0.13932	0.68497	0.01033	0.00476	0.00139	0.00211	0.04157	0.00369	0.00335
38	0.01507	0.01111	0.01190	0.00912	0.01230	0.01230	0.00754	0.82270	0.01864	0.02499	0.00952	0.00952	0.00674	0.00476	0.00397	0.00119	0.00436	0.00357	0.00397	0.00674
39	0.00741	0.00446	0.00584	0.00526	0.00653	0.00404	0.00403	0.00919	0.01115	0.13963	0.67851	0.02753	0.06546	0.00770	0.00457	0.00125	0.00210	0.00674	0.00442	0.00418
40	0.01077	0.01147	0.01441	0.11804	0.53887	0.21423	0.01093	0.01283	0.00944	0.01182	0.00708	0.00925	0.00588	0.00372	0.00384	0.00116	0.00538	0.00329	0.00196	0.00565
41	0.00800	0.00533	0.00597	0.00538	0.00611	0.00552	0.00355	0.16169	0.00848	0.04459	0.01227	0.04173	0.01305	0.64353	0.01609	0.00318	0.00389	0.00540	0.00283	0.00342

[dist]
# distance from previous block
# <min> <max>
0	2

[block]
# block no. 7 follows, 68 sequences, length 28
# corresponding to MSA columns:
# 209-236
name=unknown_H
#
# <colnr> <probs for GDERKNQSTAVLIFYWHMCP>
#	G	D	E	R	K	N	Q	S	T	A	V	L	I	F	Y	W	H	M	C	P
0	0.00504	0.00357	0.00468	0.00550	0.00579	0.00337	0.00374	0.00578	0.00759	0.01015	0.02124	0.71736	0.03692	0.07370	0.00614	0.00177	0.00249	0.06406	0.01791	0.00320
1	0.00640	0.00441	0.00602	0.00675	0.00754	0.00436	0.00562	0.00790	0.00870	0.02983	0.03451	0.13034	0.02228	0.09930	0.00691	0.00199	0.00349	0.60654	0.00357	0.00355
2	0.06693	0.08231	0.05693	0.06698	0.38849	0.06061	0.00958	0.03561	0.06740	0.04518	0.00800	0.00947	0.00638	0.00377	0.00362	0.00112	0.00449	0.00322	0.00230	0.07760
3	0.07611	0.08852	0.04593	0.00859	0.03528	0.08515	0.01707	0.24066	0.15426	0.05914	0.05498	0.01100	0.00892	0.00505	0.01862	0.00124	0.01837	0.00353	0.00320	0.06436
4	0.00552	0.00387	0.00503	0.00555	0.00618	0.00352	0.00390	0.00634	0.00793	0.03128	0.03985	0.62947	0.08502	0.01135	0.00523	0.02987	0.00245	0.05843	0.00358	0.05562
5	0.00620	0.00398	0.00466	0.00458	0.00474	0.00400	0.00272	0.00637	0.00602	0.03858	0.01247	0.02472	0.01391	0.76765	0.08044	0.00393	0.00433	0.00559	0.00247	0.00265
6	0.00847	0.06358	0.73851	0.01127	0.03043	0.00946	0.03190	0.01274	0.00848	0.03906	0.00733	0.00851	0.00522	0.00377	0.00373	0.00123	0.00569	0.00297	0.00179	0.00584
7	0.01064	0.00626	0.00916	0.02150	0.18637	0.00613	0.00655	0.01249	0.05007	0.27301	0.03186	0.09588	0.01184	0.07247	0.11933	0.04803	0.00456	0.02546	0.00330	0.00509
8	0.00810	0.06882	0.79313	0.01104	0.01676	0.00958	0.01420	0.01252	0.00835	0.01237	0.00702	0.00826	0.00503	0.00375	0.00370	0.00123	0.00577	0.00288	0.00168	0.00582
9	0.00926	0.01051	0.02280	0.05960	0.02106	0.00996	0.77986	0.01257	0.00928	0.01257	0.00797	0.01069	0.00598	0.00337	0.00464	0.00134	0.00661	0.00462	0.00199	0.00530
10	0.00975	0.01061	0.06979	0.10032	0.49434	0.09612	0.02897	0.01280	0.07223	0.01258	0.02682	0.03218	0.00763	0.00412	0.00395	0.00121	0.00490	0.00377	0.00219	0.00574
11	0.00755	0.02032	0.00992	0.00868	0.00899	0.00929	0.00709	0.00853	0.00618	0.00932	0.00729	0.01147	0.00707	0.03065	0.30593	0.02637	0.50575	0.00376	0.00188	0.00397
12	0.82807	0.00762	0.00616	0.03661	0.00847	0.00879	0.00459	0.01184	0.00694	0.04386	0.00590	0.00682	0.00451	0.00373	0.00256	0.00123	0.00316	0.00226	0.00251	0.00438
13	0.25515	0.00979	0.00981	0.00790	0.01074	0.01102	0.00646	0.48622	0.12947	0.02182	0.00935	0.00941	0.00682	0.00455	0.00356	0.00122	0.00383	0.00331	0.00356	0.00600
14	0.00558	0.00413	0.00503	0.00487	0.00598	0.00371	0.00373	0.00716	0.01036	0.02855	0.50033	0.03322	0.29766	0.00889	0.00472	0.00132	0.00207	0.06496	0.00410	0.00366
15	0.09983	0.00500	0.00552	0.00540	0.00663	0.00501	0.00404	0.02830	0.09328	0.03090	0.20122	0.19053	0.21448	0.05540	0.00530	0.00151	0.00251	0.03751	0.00370	0.00392
16	0.02208	0.00851	0.01457	0.06859	0.59542	0.00855	0.06779	0.01123	0.00890	0.01265	0.03468	0.08655	0.00940	0.00470	0.00413	0.00126	0.00453	0.02859	0.00224	0.00565
17	0.83872	0.00762	0.00602	0.00532	0.00781	0.00872	0.00438	0.01209	0.00701	0.06486	0.00610	0.00685	0.00461	0.00375	0.00254	0.00123	0.00308	0.00225	0.00259	0.00443
18	0.00571	0.00404	0.00517	0.00562	0.00622	0.00390	0.00410	0.00696	0.02803	0.02458	0.11328	0.36141	0.08642	0.13742	0.03309	0.00205	0.00301	0.16205	0.00354	0.00339
19	0.00531	0.00394	0.00483	0.00513	0.00585	0.00366	0.00370	0.00651	0.02281	0.01150	0.20172	0.30531	0.21702	0.09059	0.00651	0.01662	0.00244	0.07951	0.00368	0.00335
20	0.02301	0.00713	0.01135	0.05122	0.34135	0.00717	0.05863	0.02538	0.03164	0.04605	0.02284	0.13382	0.06814	0.04364	0.05325	0.00173	0.00440	0.06158	0.00271	0.00497
21	0.04008	0.11938	0.19124	0.01154	0.13130	0.13907	0.02070	0.19178	0.05678	0.03673	0.00800	0.00886	0.00612	0.00411	0.00378	0.00116	0.01793	0.00312	0.00253	0.00579
22	0.13124	0.00736	0.01015	0.08101	0.12682	0.03165	0.09102	0.06513	0.02371	0.06752	0.06282	0.10019	0.05805	0.04246	0.00506	0.02113	0.00396	0.06311	0.00293	0.00468
23	0.00561	0.00408	0.00547	0.01964	0.03248	0.00396	0.01782	0.00625	0.00723	0.00959	0.02919	0.38579	0.06170	0.28059	0.02153	0.03361	0.00322	0.06607	0.00308	0.00311
24	0.03117	0.06532	0.04379	0.01416	0.24655	0.08290	0.12975	0.18158	0.03119	0.03480	0.00885	0.05079	0.00744	0.02672	0.00461	0.00128	0.02688	0.00395	0.00259	0.00567
25	0.05885	0.03663	0.06702	0.07000	0.25012	0.13380	0.06008	0.16038	0.04173	0.04876	0.00811	0.00939	0.00624	0.00398	0.00378	0.00117	0.00498	0.00333	0.00254	0.02910
26	0.03404	0.00785	0.02364	0.10503	0.25748	0.05385	0.01642	0.05661	0.00897	0.01213	0.01367	0.03030	0.12938	0.09712	0.04528	0.00174	0.00448	0.03997	0.00250	0.05954
27	0.06794	0.03669	0.03439	0.06010	0.19984	0.12682	0.00739	0.08642	0.03011	0.01270	0.03407	0.06316	0.02338	0.10183	0.00622	0.04688	0.00440	0.00411	0.00248	0.05109

[dist]
# distance from previous block
# <min> <max>
2	29

[block]
# block no. 8 follows, 68 sequences, length 32
# corresponding to MSA columns:
# 266-297
name=unknown_I
#
# <colnr> <probs for GDERKNQSTAVLIFYWHMCP>
#	G	D	E	R	K	N	Q	S	T	A	V	L	I	F	Y	W	H	M	C	P
0	0.08012	0.10513	0.11693	0.05092	0.07264	0.10865	0.06345	0.08346	0.12482	0.03452	0.03354	0.02428	0.00797	0.02323	0.00434	0.00125	0.03196	0.00356	0.00259	0.02665
1	0.03238	0.00463	0.00602	0.00703	0.06182	0.00453	0.00459	0.02532	0.05406	0.01135	0.01888	0.62702	0.02169	0.03158	0.00512	0.00156	0.00268	0.03238	0.00346	0.04390
2	0.09318	0.00590	0.00738	0.00648	0.01894	0.00587	0.00502	0.03476	0.04191	0.30890	0.14704	0.04410	0.04979	0.05892	0.12036	0.00212	0.02536	0.00487	0.01414	0.00496
3	0.00954	0.05115	0.18664	0.08374	0.20924	0.04391	0.05953	0.02448	0.09856	0.07034	0.01013	0.08615	0.00862	0.02111	0.00444	0.00131	0.01886	0.00424	0.00250	0.00551
4	0.00857	0.00877	0.03713	0.38015	0.26241	0.06429	0.04188	0.01107	0.02507	0.01128	0.02362	0.01264	0.03697	0.04329	0.00475	0.00138	0.00500	0.01472	0.00206	0.00494
5	0.01570	0.00752	0.00955	0.00772	0.03495	0.00702	0.00611	0.17586	0.01242	0.56090	0.01544	0.01401	0.06396	0.00509	0.00398	0.00120	0.00350	0.00411	0.00444	0.04655
6	0.03079	0.05752	0.04620	0.13907	0.27266	0.00895	0.17130	0.02329	0.04475	0.02968	0.10509	0.03380	0.01040	0.00445	0.00408	0.00124	0.00467	0.00429	0.00243	0.00532
7	0.01033	0.04003	0.11822	0.04700	0.25202	0.06485	0.08906	0.07947	0.06457	0.07747	0.06345	0.02126	0.03553	0.00461	0.00403	0.00122	0.00468	0.01385	0.00270	0.00566
8	0.00837	0.03567	0.68078	0.01180	0.07822	0.03435	0.01343	0.01244	0.00849	0.01246	0.00707	0.00839	0.00518	0.00370	0.00369	0.00119	0.00558	0.00291	0.00175	0.06451
9	0.03119	0.00887	0.01314	0.07807	0.45513	0.04909	0.03203	0.04815	0.00916	0.01281	0.02012	0.03580	0.03253	0.02203	0.01472	0.00132	0.04140	0.02801	0.00227	0.06417
10	0.00698	0.00368	0.00537	0.00521	0.00545	0.00357	0.00353	0.00549	0.00537	0.00729	0.00690	0.01180	0.00682	0.01305	0.01466	0.82564	0.00341	0.00337	0.00176	0.06067
11	0.01451	0.01088	0.01117	0.02970	0.01208	0.11259	0.02014	0.51618	0.02836	0.13856	0.04790	0.01119	0.01846	0.00488	0.00397	0.00119	0.00446	0.00376	0.00380	0.00622
12	0.00563	0.00428	0.00520	0.00513	0.00623	0.00395	0.00398	0.01983	0.02368	0.01380	0.43931	0.05369	0.27461	0.00908	0.00477	0.00136	0.00222	0.11551	0.00403	0.00369
13	0.00618	0.00389	0.00568	0.00567	0.00606	0.00423	0.00411	0.00628	0.00602	0.00846	0.03095	0.01530	0.00978	0.08221	0.42373	0.35001	0.00694	0.00411	0.01765	0.00275
14	0.23996	0.00878	0.00925	0.07112	0.01139	0.00997	0.00647	0.30334	0.18725	0.04051	0.00995	0.01044	0.00744	0.00622	0.05972	0.00159	0.00422	0.00345	0.00332	0.00562
15	0.00521	0.00392	0.00493	0.00536	0.00581	0.00381	0.00373	0.00600	0.00786	0.01038	0.08388	0.48607	0.15986	0.11914	0.00727	0.00183	0.04127	0.03694	0.00348	0.00324
16	0.00946	0.12818	0.18671	0.07745	0.29282	0.04008	0.11845	0.02590	0.02089	0.01221	0.00762	0.00946	0.01526	0.00374	0.00390	0.00117	0.01606	0.00337	0.00195	0.02533
17	0.60357	0.13108	0.04690	0.00727	0.05979	0.07291	0.00586	0.01207	0.00749	0.01544	0.00576	0.00678	0.00462	0.00366	0.00270	0.00116	0.00377	0.00229	0.00225	0.00462
18	0.88866	0.00767	0.00583	0.00521	0.00767	0.00889	0.00429	0.01166	0.00675	0.01779	0.00552	0.00644	0.00429	0.00368	0.00245	0.00123	0.00307	0.00215	0.00245	0.00429
19	0.00496	0.00359	0.00456	0.00531	0.00570	0.00333	0.00362	0.00572	0.00775	0.01021	0.02350	0.66799	0.12707	0.05569	0.00577	0.00169	0.00239	0.03991	0.01804	0.00322
20	0.02577	0.03655	0.55097	0.01186	0.01689	0.02270	0.17180	0.06033	0.02978	0.02526	0.00770	0.00903	0.00555	0.00379	0.00391	0.00126	0.00576	0.00333	0.00200	0.00577
21	0.00919	0.01007	0.11751	0.06631	0.02251	0.02996	0.17494	0.06470	0.27832	0.02766	0.06542	0.04426	0.05156	0.00528	0.00424	0.00132	0.00439	0.01383	0.00309	0.00546
22	0.00495	0.00357	0.00449	0.00517	0.00549	0.00333	0.00341	0.00558	0.00748	0.00983	0.02257	0.63906	0.11767	0.13899	0.00728	0.00191	0.00250	0.01011	0.00349	0.00311
23	0.00786	0.00658	0.00763	0.00567	0.00880	0.00508	0.00450	0.00969	0.02234	0.02412	0.05088	0.01280	0.10062	0.00405	0.00325	0.00072	0.00279	0.00332	0.00266	0.71662
24	0.00906	0.07601	0.08434	0.14099	0.20471	0.06604	0.10663	0.01147	0.02645	0.03175	0.01130	0.03141	0.09465	0.00486	0.00465	0.00126	0.06889	0.00416	0.01627	0.00508
25	0.03058	0.00803	0.01023	0.03978	0.09500	0.00837	0.02032	0.11979	0.25528	0.29219	0.03054	0.01356	0.01018	0.00570	0.02921	0.00142	0.00387	0.01584	0.00390	0.00620
26	0.00494	0.00358	0.00469	0.00554	0.00591	0.00333	0.00384	0.00574	0.00781	0.01030	0.02314	0.73605	0.08552	0.01214	0.00506	0.00161	0.00238	0.07148	0.00368	0.00326
27	0.04314	0.06698	0.10681	0.14602	0.07790	0.06783	0.03757	0.06934	0.01916	0.20061	0.03012	0.04156	0.00811	0.00499	0.01335	0.00130	0.05314	0.00378	0.00285	0.00545
28	0.01051	0.19297	0.17985	0.02789	0.10883	0.13013	0.05367	0.08637	0.04856	0.03560	0.01952	0.01117	0.06947	0.00441	0.00367	0.00114	0.00493	0.00351	0.00238	0.00542
29	0.01033	0.07600	0.04130	0.04834	0.08308	0.22107	0.00768	0.06948	0.03897	0.02716	0.02706	0.01067	0.00748	0.01011	0.18219	0.02015	0.10849	0.00343	0.00227	0.00474
30	0.00581	0.00480	0.00505	0.00534	0.00617	0.05955	0.00379	0.00680	0.00885	0.02696	0.13871	0.42283	0.26994	0.01040	0.00477	0.00143	0.00250	0.00911	0.00369	0.00349
31	0.05320	0.02840	0.08480	0.13396	0.19143	0.00839	0.07786	0.07105	0.08068	0.03425	0.03991	0.08743	0.07215	0.00533	0.00406	0.00128	0.00423	0.00474	0.01164	0.00521

[dist]
# distance from previous block
# <min> <max>
5	8

[block]
# block no. 9 follows, 68 sequences, length 11
# corresponding to MSA columns:
# 306-316
name=unknown_J
#
# <colnr> <probs for GDERKNQSTAVLIFYWHMCP>
#	G	D	E	R	K	N	Q	S	T	A	V	L	I	F	Y	W	H	M	C	P
0	0.00688	0.00500	0.00670	0.00700	0.03477	0.00496	0.02806	0.02163	0.10182	0.05492	0.04770	0.42535	0.03707	0.05785	0.03784	0.00182	0.00323	0.09053	0.00355	0.02335
1	0.06476	0.13829	0.08584	0.01027	0.06505	0.33977	0.03375	0.11701	0.03104	0.01275	0.00707	0.00847	0.00581	0.02856	0.00430	0.00118	0.03574	0.00293	0.00227	0.00514
2	0.01258	0.00997	0.01081	0.00971	0.06869	0.08432	0.00730	0.29880	0.19232	0.10117	0.04440	0.01172	0.00920	0.00514	0.00494	0.00127	0.09691	0.00386	0.02092	0.00597
3	0.00907	0.01151	0.17977	0.07821	0.27184	0.06676	0.07381	0.01229	0.06214	0.01247	0.02171	0.03903	0.00741	0.00458	0.01852	0.00127	0.01962	0.00370	0.00217	0.10414
4	0.00675	0.00379	0.00400	0.00395	0.00488	0.00367	0.00292	0.00841	0.00870	0.01415	0.13687	0.02014	0.10709	0.04719	0.00411	0.00116	0.00197	0.00483	0.61183	0.00360
5	0.00916	0.04779	0.30279	0.09797	0.07353	0.04143	0.03949	0.05863	0.21152	0.01384	0.03697	0.01173	0.02875	0.00450	0.00390	0.00125	0.00475	0.00374	0.00258	0.00566
6	0.04121	0.09147	0.32933	0.03273	0.14689	0.12435	0.11187	0.02831	0.00910	0.02565	0.00710	0.00863	0.00546	0.00377	0.00387	0.00119	0.01841	0.00314	0.00194	0.00554
7	0.00488	0.00380	0.00445	0.00486	0.00568	0.00337	0.00348	0.00585	0.00858	0.01088	0.08935	0.38961	0.39817	0.01096	0.00488	0.00147	0.00219	0.04049	0.00373	0.00333
8	0.03543	0.05586	0.16271	0.00973	0.06526	0.04030	0.05782	0.07312	0.24254	0.01440	0.06531	0.03826	0.07945	0.00541	0.00433	0.00128	0.03591	0.00447	0.00299	0.00543
9	0.00575	0.00394	0.00450	0.00456	0.00471	0.00393	0.00270	0.00621	0.02886	0.00851	0.03864	0.11132	0.03901	0.70137	0.01730	0.00340	0.00356	0.00641	0.00267	0.00266
10	0.04819	0.12600	0.02379	0.01193	0.19610	0.10848	0.07045	0.06463	0.04529	0.05237	0.09338	0.05258	0.01066	0.01573	0.03701	0.00142	0.03004	0.00411	0.00265	0.00519

[dist]
# distance from previous block
# <min> <max>
1	4

[block]
# block no. 10 follows, 68 sequences, length 6
# corresponding to MSA columns:
# 321-326
name=unknown_K
#
# <colnr> <probs for GDERKNQSTAVLIFYWHMCP>
#	G	D	E	R	K	N	Q	S	T	A	V	L	I	F	Y	W	H	M	C	P
0	0.15690	0.02164	0.06191	0.06768	0.10975	0.10668	0.04602	0.11530	0.05203	0.03134	0.03717	0.02632	0.00804	0.00523	0.02299	0.00135	0.05214	0.02474	0.02063	0.03214
