[name]
unknown

[dist]
# distance from previous block
# <min> <max>
5	61

[block]
# block no. 0 follows, 60 sequences, length 82
# corresponding to MSA columns:
# 76-157
name=unknown_A
#
# <colnr> <probs for GDERKNQSTAVLIFYWHMCP>
#	G	D	E	R	K	N	Q	S	T	A	V	L	I	F	Y	W	H	M	C	P
0	0.05403	0.02667	0.08823	0.06007	0.06653	0.07715	0.05375	0.10370	0.04945	0.11084	0.06551	0.04118	0.05951	0.01373	0.00456	0.00132	0.01526	0.00456	0.00329	0.10067
1	0.03003	0.03013	0.07570	0.01152	0.09232	0.12004	0.07995	0.13136	0.15543	0.05642	0.03628	0.03275	0.04640	0.00542	0.00433	0.00132	0.00489	0.01740	0.01852	0.04979
2	0.02470	0.05035	0.06979	0.04884	0.23397	0.03874	0.05084	0.10219	0.10506	0.09748	0.08246	0.01447	0.04056	0.00516	0.00436	0.00133	0.00465	0.00448	0.00327	0.01731
3	0.18156	0.01008	0.00978	0.04216	0.02495	0.14328	0.00677	0.03738	0.12186	0.29966	0.01299	0.04930	0.00973	0.00543	0.00405	0.00135	0.00438	0.01535	0.00389	0.01605
4	0.00939	0.02324	0.01310	0.17665	0.29042	0.04646	0.03580	0.01253	0.07463	0.01343	0.05444	0.02023	0.03237	0.02749	0.00524	0.00155	0.01416	0.14056	0.00282	0.00551
5	0.00551	0.00458	0.00505	0.00521	0.02671	0.00394	0.00374	0.00685	0.01044	0.01303	0.20364	0.03923	0.63601	0.01042	0.00513	0.00145	0.00225	0.00880	0.00416	0.00385
6	0.00557	0.00407	0.00534	0.00610	0.00660	0.00370	0.00413	0.00641	0.00840	0.01135	0.02291	0.78583	0.02729	0.01294	0.00540	0.00169	0.00258	0.01172	0.00395	0.06403
7	0.00813	0.00407	0.00407	0.00407	0.00508	0.00407	0.00305	0.01016	0.00915	0.01626	0.01423	0.01626	0.01118	0.00508	0.00305	0.00102	0.00203	0.00407	0.87093	0.00407
8	0.00813	0.00407	0.00407	0.00407	0.00508	0.00407	0.00305	0.01016	0.00915	0.01626	0.01423	0.01626	0.01118	0.00508	0.00305	0.00102	0.00203	0.00407	0.87093	0.00407
9	0.02592	0.01630	0.38144	0.03823	0.01855	0.05129	0.25223	0.05188	0.01021	0.01419	0.01061	0.01276	0.05538	0.00471	0.00472	0.00142	0.02278	0.01916	0.00229	0.00593
10	0.00813	0.00407	0.00407	0.00407	0.00508	0.00407	0.00305	0.01016	0.00915	0.01626	0.01423	0.01626	0.01118	0.00508	0.00305	0.00102	0.00203	0.00407	0.87093	0.00407
11	0.72244	0.00837	0.00716	0.00616	0.00898	0.00935	0.00508	0.03396	0.00854	0.14475	0.00792	0.00838	0.00574	0.00429	0.00300	0.00135	0.00346	0.00272	0.00316	0.00521
12	0.00843	0.03001	0.00815	0.00697	0.00881	0.00707	0.02516	0.01404	0.29727	0.04271	0.34033	0.02589	0.13401	0.00767	0.00476	0.00141	0.00283	0.00659	0.02264	0.00524
13	0.06289	0.00759	0.00890	0.04199	0.01066	0.02498	0.01637	0.09495	0.02025	0.12124	0.08559	0.14241	0.03428	0.00621	0.00415	0.00118	0.00350	0.00524	0.00359	0.30402
14	0.00520	0.00443	0.00449	0.00452	0.00598	0.00372	0.00341	0.00633	0.00994	0.01182	0.04362	0.04217	0.79646	0.01107	0.00518	0.00149	0.00226	0.03018	0.00405	0.00369
15	0.00958	0.08550	0.60593	0.01262	0.04614	0.02495	0.07015	0.02278	0.02136	0.03079	0.02578	0.00999	0.00668	0.00424	0.00414	0.00134	0.00613	0.00346	0.00209	0.00632
16	0.01055	0.00799	0.00940	0.00681	0.01061	0.00635	0.00548	0.06064	0.01009	0.09494	0.00885	0.00970	0.00695	0.00357	0.00341	0.00076	0.00337	0.00284	0.00297	0.73472
17	0.01629	0.02079	0.01236	0.01124	0.01348	0.82921	0.00843	0.01742	0.01236	0.01067	0.00674	0.00787	0.00562	0.00449	0.00393	0.00112	0.00787	0.00281	0.00225	0.00506
18	0.00957	0.00764	0.00897	0.00664	0.01021	0.00600	0.00527	0.04452	0.00963	0.05134	0.00948	0.07010	0.00833	0.00417	0.00350	0.00079	0.00327	0.00344	0.00289	0.73423
19	0.01666	0.00891	0.01118	0.00948	0.05222	0.00899	0.00732	0.22222	0.07930	0.44479	0.01485	0.04617	0.01043	0.00574	0.00485	0.00139	0.03916	0.00458	0.00469	0.00709
20	0.01588	0.02012	0.01223	0.01112	0.01328	0.79034	0.00837	0.01701	0.01210	0.01066	0.00686	0.00816	0.00577	0.00534	0.02713	0.00130	0.02419	0.00288	0.00224	0.00502
21	0.00737	0.00553	0.00793	0.00849	0.00971	0.00558	0.03850	0.01002	0.05496	0.01338	0.02223	0.04587	0.02371	0.01137	0.00590	0.00196	0.00412	0.71515	0.00397	0.00425
22	0.00813	0.00407	0.00407	0.00407	0.00508	0.00407	0.00305	0.01016	0.00915	0.01626	0.01423	0.01626	0.01118	0.00508	0.00305	0.00102	0.00203	0.00407	0.87093	0.00407
23	0.00741	0.00471	0.00609	0.00564	0.00684	0.00430	0.00422	0.00922	0.01176	0.09552	0.62436	0.06529	0.07709	0.05099	0.00595	0.00154	0.00236	0.00773	0.00468	0.00432
24	0.22584	0.00854	0.00931	0.00751	0.01050	0.02881	0.00611	0.09823	0.06446	0.35170	0.05282	0.01275	0.01009	0.00510	0.00408	0.00130	0.01813	0.00386	0.00417	0.07666
25	0.00813	0.00407	0.00407	0.00407	0.00508	0.00407	0.00305	0.01016	0.00915	0.01626	0.01423	0.01626	0.01118	0.00508	0.00305	0.00102	0.00203	0.00407	0.87093	0.00407
26	0.00535	0.00384	0.00509	0.00601	0.00633	0.00357	0.00404	0.00619	0.00859	0.01147	0.06539	0.78615	0.04507	0.01337	0.00554	0.00174	0.00250	0.01210	0.00409	0.00357
27	0.00864	0.00841	0.01305	0.79478	0.02921	0.05088	0.01193	0.01146	0.00890	0.01112	0.00770	0.01144	0.00580	0.00437	0.00434	0.00144	0.00592	0.00382	0.00195	0.00486
28	0.01281	0.04615	0.05183	0.00899	0.01189	0.06469	0.00749	0.18354	0.37592	0.10028	0.04582	0.02599	0.03348	0.00580	0.00436	0.00138	0.00415	0.00466	0.00413	0.00663
29	0.00957	0.01046	0.05636	0.15181	0.08748	0.02400	0.15901	0.01173	0.00830	0.01188	0.02208	0.01080	0.00666	0.00582	0.00923	0.00165	0.40175	0.00411	0.00205	0.00525
30	0.00623	0.00446	0.00575	0.00546	0.00652	0.00409	0.00408	0.00816	0.01200	0.02702	0.71759	0.06720	0.09659	0.00923	0.00515	0.00140	0.00211	0.00813	0.00472	0.00410
31	0.01166	0.84935	0.02285	0.00746	0.01119	0.01726	0.00746	0.01306	0.00886	0.01026	0.00606	0.00700	0.00560	0.00373	0.00280	0.00093	0.00466	0.00233	0.00187	0.00560
32	0.00518	0.00439	0.00447	0.00451	0.00592	0.00368	0.00336	0.00628	0.00990	0.01183	0.05434	0.07905	0.77000	0.01114	0.00517	0.00149	0.00222	0.00933	0.00406	0.00368
33	0.01107	0.00948	0.00999	0.00892	0.01143	0.01095	0.00696	0.05364	0.78080	0.01860	0.01747	0.01605	0.01308	0.00589	0.00443	0.00147	0.00350	0.00489	0.00443	0.00692
34	0.01084	0.07954	0.54225	0.01202	0.03289	0.01017	0.07652	0.01512	0.02783	0.13819	0.00945	0.01031	0.00663	0.00430	0.00417	0.00135	0.00587	0.00354	0.00248	0.00651
35	0.43118	0.14964	0.01119	0.00780	0.01061	0.22899	0.00642	0.06291	0.00991	0.03746	0.00681	0.00769	0.00543	0.00422	0.00319	0.00122	0.00488	0.00263	0.00262	0.00519
36	0.00519	0.00442	0.00447	0.00445	0.00591	0.00370	0.00334	0.00632	0.01002	0.01197	0.06980	0.04166	0.79201	0.01098	0.00515	0.00147	0.00220	0.00916	0.00407	0.00370
37	0.00968	0.00816	0.00937	0.00687	0.01062	0.00668	0.00550	0.06543	0.06421	0.01538	0.00861	0.00963	0.00699	0.00355	0.00339	0.00075	0.00335	0.00283	0.00283	0.75618
38	0.01077	0.03165	0.01775	0.04179	0.78384	0.01053	0.01321	0.01333	0.00988	0.01409	0.00814	0.01071	0.00685	0.00389	0.00428	0.00129	0.00518	0.00385	0.00215	0.00684
39	0.01065	0.01168	0.02432	0.01751	0.02164	0.01130	0.71390	0.06339	0.01075	0.01464	0.00877	0.01157	0.00662	0.00397	0.00556	0.00148	0.04897	0.00500	0.00233	0.00592
40	0.08972	0.00718	0.00921	0.00731	0.01026	0.00656	0.00597	0.03131	0.02993	0.60345	0.13600	0.01681	0.01483	0.00582	0.00436	0.00136	0.00345	0.00474	0.00504	0.00669
41	0.00986	0.00895	0.04333	0.00831	0.01068	0.00945	0.00671	0.03331	0.59766	0.01791	0.16275	0.01952	0.03953	0.00651	0.00457	0.00145	0.00332	0.00549	0.00438	0.00630
42	0.00529	0.00395	0.00493	0.00569	0.00623	0.00358	0.00388	0.00615	0.00878	0.01139	0.04170	0.64810	0.20850	0.01299	0.00547	0.00170	0.00245	0.01160	0.00406	0.00358
43	0.00816	0.00765	0.01250	0.01038	0.01152	0.00898	0.16825	0.00968	0.00749	0.01077	0.00989	0.01575	0.01947	0.15375	0.24707	0.00366	0.28360	0.00482	0.00224	0.00438
44	0.00636	0.00425	0.00494	0.00494	0.00500	0.00431	0.00287	0.00643	0.00638	0.00856	0.01346	0.02739	0.01532	0.77025	0.08060	0.02269	0.00476	0.00617	0.00260	0.00272
45	0.00813	0.00407	0.00407	0.00407	0.00508	0.00407	0.00305	0.01016	0.00915	0.01626	0.01423	0.01626	0.01118	0.00508	0.00305	0.00102	0.00203	0.00407	0.87093	0.00407
46	0.00919	0.00875	0.01419	0.60574	0.22209	0.02780	0.01227	0.02616	0.00931	0.01219	0.00789	0.01132	0.00611	0.00426	0.00434	0.00141	0.00569	0.00386	0.00204	0.00540
47	0.56343	0.01192	0.00892	0.00879	0.06831	0.23305	0.00639	0.01428	0.00905	0.03262	0.00663	0.00772	0.00524	0.00419	0.00319	0.00128	0.00473	0.00263	0.00259	0.00502
48	0.00813	0.00407	0.00407	0.00407	0.00508	0.00407	0.00305	0.01016	0.00915	0.01626	0.01423	0.01626	0.01118	0.00508	0.00305	0.00102	0.00203	0.00407	0.87093	0.00407
49	0.00886	0.05458	0.79309	0.01224	0.01858	0.01041	0.01578	0.01378	0.00919	0.01367	0.00776	0.00912	0.00553	0.00413	0.00409	0.00136	0.00638	0.00319	0.00184	0.00641
50	0.00824	0.00775	0.01308	0.83624	0.03004	0.00969	0.01211	0.01114	0.00872	0.01114	0.00775	0.01163	0.00581	0.00436	0.00436	0.00145	0.00581	0.00388	0.00194	0.00484
51	0.00623	0.00467	0.00701	0.00701	0.00779	0.00545	0.00545	0.00779	0.00701	0.01012	0.01168	0.01713	0.01090	0.03271	0.82944	0.00701	0.01168	0.00467	0.00234	0.00389
52	0.00559	0.00411	0.00548	0.00628	0.00651	0.00408	0.00426	0.00633	0.00814	0.01094	0.02239	0.74555	0.02673	0.05832	0.02173	0.00200	0.04264	0.01153	0.00384	0.00356
53	0.01075	0.01211	0.02311	0.01752	0.06117	0.07233	0.63797	0.02818	0.01051	0.01392	0.02787	0.01181	0.00736	0.00407	0.00538	0.00145	0.04147	0.00490	0.00230	0.00581
54	0.00904	0.00775	0.00904	0.00646	0.01034	0.00581	0.00517	0.01098	0.00904	0.01421	0.00775	0.00904	0.00646	0.00323	0.00323	0.00065	0.00323	0.00258	0.00258	0.87339
55	0.00923	0.00786	0.00915	0.00655	0.01042	0.00601	0.00525	0.03085	0.00933	0.01454	0.00782	0.00908	0.00648	0.00328	0.00326	0.00066	0.00327	0.00262	0.00263	0.85171
56	0.20610	0.01076	0.01044	0.00857	0.01147	0.12354	0.02348	0.22737	0.04441	0.21818	0.02190	0.01249	0.00875	0.02773	0.00449	0.00141	0.00457	0.02429	0.00387	0.00618
57	0.00897	0.08622	0.76243	0.01205	0.01829	0.01068	0.01545	0.01375	0.00918	0.01354	0.00769	0.00904	0.00553	0.00411	0.00404	0.00135	0.00631	0.00315	0.00184	0.00638
58	0.00755	0.00380	0.00571	0.00571	0.00572	0.00382	0.00382	0.00572	0.00571	0.00762	0.00765	0.01333	0.00764	0.01548	0.03216	0.85699	0.00393	0.00380	0.00190	0.00193
59	0.00571	0.00451	0.00512	0.00498	0.00624	0.00400	0.00371	0.00738	0.02529	0.01418	0.36240	0.05547	0.44856	0.02645	0.00548	0.00149	0.00222	0.00860	0.00434	0.00390
60	0.01060	0.00978	0.01386	0.03355	0.11102	0.04546	0.09008	0.04930	0.07205	0.05293	0.07463	0.01271	0.00986	0.00658	0.02072	0.00166	0.35394	0.00436	0.00272	0.02418
61	0.01413	0.00583	0.00724	0.00600	0.00825	0.00529	0.00481	0.01598	0.01090	0.43902	0.01579	0.01552	0.01098	0.00525	0.00375	0.00119	0.00291	0.00423	0.41711	0.00583
62	0.02708	0.00848	0.02435	0.04285	0.01210	0.00787	0.00685	0.12958	0.08027	0.44708	0.04625	0.01397	0.01080	0.00520	0.00424	0.00127	0.00385	0.00421	0.00454	0.11919
63	0.00541	0.00380	0.00509	0.00606	0.00630	0.00355	0.00404	0.00606	0.00824	0.01098	0.02335	0.80890	0.02795	0.01373	0.00605	0.03846	0.00258	0.01204	0.00396	0.00347
64	0.00913	0.02247	0.78333	0.01237	0.01861	0.05129	0.01573	0.01399	0.00937	0.01365	0.00777	0.00914	0.00553	0.00416	0.00413	0.00137	0.00652	0.00320	0.00186	0.00638
65	0.01658	0.01222	0.01309	0.01003	0.01353	0.01353	0.00829	0.80497	0.02051	0.02749	0.01047	0.01047	0.00742	0.00524	0.00436	0.00131	0.00480	0.00393	0.00436	0.00742
66	0.00873	0.00822	0.01371	0.64965	0.17036	0.00962	0.01199	0.01154	0.00895	0.01185	0.00783	0.01135	0.00604	0.00422	0.00430	0.00138	0.00557	0.00381	0.00201	0.04886
67	0.00879	0.03566	0.81143	0.01235	0.01875	0.01024	0.01598	0.01380	0.00920	0.01376	0.00780	0.00917	0.00553	0.00414	0.00412	0.00137	0.00642	0.00321	0.00184	0.00643
68	0.00536	0.00383	0.00512	0.00613	0.00640	0.00358	0.00413	0.00616	0.00840	0.01119	0.02401	0.82174	0.02874	0.01362	0.00558	0.00178	0.00257	0.03406	0.00405	0.00356
69	0.00545	0.00389	0.00522	0.00623	0.00654	0.00366	0.00429	0.00631	0.00848	0.01129	0.02396	0.78066	0.02855	0.01354	0.00560	0.00179	0.00265	0.07427	0.00405	0.00358
70	0.08973	0.01021	0.02755	0.00951	0.01281	0.01054	0.06781	0.29150	0.18671	0.22794	0.01322	0.01263	0.00923	0.00518	0.00430	0.00137	0.00433	0.00421	0.00429	0.00694
71	0.00537	0.00389	0.00506	0.00590	0.00628	0.00360	0.00398	0.00623	0.00869	0.01154	0.07571	0.72343	0.08547	0.02539	0.00575	0.00176	0.00250	0.01180	0.00408	0.00358
72	0.00813	0.00407	0.00407	0.00407	0.00508	0.00407	0.00305	0.01016	0.00915	0.01626	0.01423	0.01626	0.01118	0.00508	0.00305	0.00102	0.00203	0.00407	0.87093	0.00407
73	0.00540	0.00386	0.00515	0.00614	0.00644	0.00361	0.00417	0.00624	0.00850	0.01135	0.04169	0.79497	0.02898	0.01350	0.00558	0.00177	0.00258	0.04246	0.00406	0.00357
74	0.03477	0.01007	0.01672	0.10802	0.68033	0.01042	0.01281	0.03088	0.00990	0.01429	0.00809	0.01074	0.00672	0.00405	0.00450	0.00133	0.02372	0.00384	0.00220	0.00660
75	0.01018	0.00973	0.01659	0.22156	0.62954	0.01020	0.01308	0.01285	0.00964	0.01350	0.00810	0.01100	0.00665	0.00400	0.00433	0.00133	0.00533	0.00388	0.00211	0.00641
76	0.00548	0.00393	0.00522	0.00605	0.00645	0.00367	0.00416	0.00645	0.00893	0.01198	0.11973	0.70046	0.04489	0.01298	0.00553	0.00173	0.00253	0.04208	0.00414	0.00363
77	0.01051	0.01011	0.01736	0.11296	0.72017	0.01030	0.02826	0.01316	0.00981	0.01391	0.00817	0.01090	0.00679	0.00393	0.00434	0.00132	0.00529	0.00391	0.00214	0.00667
78	0.81752	0.00877	0.00678	0.00600	0.00872	0.02936	0.00493	0.02822	0.00793	0.04107	0.00647	0.00738	0.00496	0.00412	0.00281	0.00134	0.00352	0.00246	0.00279	0.00486
79	0.00535	0.00382	0.00510	0.00612	0.00639	0.00358	0.00412	0.00614	0.00839	0.01118	0.02402	0.82616	0.02876	0.01363	0.00558	0.00178	0.00256	0.02974	0.00405	0.00355
80	0.01442	0.03448	0.01457	0.03037	0.18701	0.44794	0.05128	0.12227	0.01255	0.01388	0.00765	0.00914	0.00620	0.00448	0.00437	0.00122	0.02652	0.00335	0.00249	0.00582
81	0.00914	0.11439	0.07785	0.55907	0.09299	0.01074	0.04237	0.01201	0.00898	0.02149	0.00774	0.01084	0.00595	0.00421	0.00418	0.00137	0.00570	0.00369	0.00199	0.00531

[dist]
# distance from previous block
# <min> <max>
0	2

[block]
# block no. 1 follows, 60 sequences, length 20
# corresponding to MSA columns:
# 160-179
name=unknown_B
#
# <colnr> <probs for GDERKNQSTAVLIFYWHMCP>
#	G	D	E	R	K	N	Q	S	T	A	V	L	I	F	Y	W	H	M	C	P
0	0.00598	0.00431	0.00566	0.00562	0.00647	0.00399	0.00410	0.00775	0.01145	0.01607	0.64017	0.21367	0.03841	0.00998	0.00524	0.00146	0.00216	0.00889	0.00463	0.00399
1	0.01061	0.01020	0.01725	0.06116	0.73920	0.01050	0.01311	0.01312	0.00969	0.01390	0.00804	0.01076	0.00679	0.00412	0.00489	0.00134	0.05259	0.00388	0.00214	0.00670
2	0.00538	0.00385	0.00512	0.00603	0.00634	0.00359	0.00405	0.00624	0.00866	0.01162	0.08463	0.78191	0.02979	0.01330	0.00553	0.00174	0.00249	0.01205	0.00411	0.00359
3	0.00678	0.00518	0.00577	0.00536	0.00687	0.00478	0.00408	0.06854	0.02645	0.03101	0.29836	0.03515	0.44959	0.02608	0.00540	0.00148	0.00245	0.00813	0.00433	0.00423
4	0.03679	0.72422	0.02048	0.00732	0.01075	0.05140	0.00709	0.01302	0.00899	0.01101	0.00672	0.00774	0.00600	0.00388	0.00286	0.00096	0.00457	0.00249	0.06829	0.00543
5	0.01957	0.00742	0.01012	0.00776	0.01113	0.00641	0.00641	0.02126	0.01248	0.82254	0.01721	0.01484	0.01080	0.00540	0.00439	0.00135	0.00371	0.00439	0.00540	0.00742
6	0.61006	0.07285	0.00853	0.00642	0.00922	0.01038	0.00537	0.10595	0.02904	0.04756	0.00772	0.00849	0.00589	0.00431	0.00302	0.00130	0.00358	0.00277	0.05232	0.00522
7	0.00634	0.00423	0.00476	0.00476	0.00476	0.00423	0.00264	0.00634	0.00634	0.00846	0.01374	0.02854	0.01586	0.84672	0.02220	0.00423	0.00423	0.00634	0.00264	0.00264
8	0.00720	0.00468	0.00585	0.00552	0.00682	0.00418	0.00415	0.00886	0.01135	0.09771	0.46418	0.11917	0.22466	0.00958	0.00511	0.00144	0.00231	0.00833	0.00460	0.00429
9	0.00758	0.00379	0.00568	0.00568	0.00568	0.00379	0.00379	0.00568	0.00568	0.00758	0.00758	0.01326	0.00758	0.01515	0.01705	0.87311	0.00379	0.00379	0.00189	0.00189
10	0.01085	0.00937	0.00986	0.00888	0.01134	0.01085	0.00690	0.02318	0.81164	0.01824	0.01775	0.01627	0.01331	0.00592	0.00444	0.00148	0.00345	0.00493	0.00444	0.00690
11	0.00875	0.02256	0.82413	0.01243	0.01888	0.01013	0.01611	0.01381	0.00921	0.01381	0.00783	0.00921	0.00552	0.00414	0.00414	0.00138	0.00645	0.00322	0.00184	0.00645
12	0.00944	0.00807	0.01032	0.00818	0.05691	0.00632	0.04177	0.01149	0.00923	0.03269	0.00804	0.00940	0.00659	0.00334	0.00340	0.00074	0.00354	0.00282	0.00261	0.76511
13	0.00954	0.00954	0.01336	0.01145	0.01145	0.01336	0.00954	0.01050	0.00668	0.01050	0.00573	0.00954	0.00573	0.00763	0.01431	0.00191	0.83874	0.00382	0.00191	0.00477
14	0.01658	0.01222	0.01309	0.01003	0.01353	0.01353	0.00829	0.80497	0.02051	0.02749	0.01047	0.01047	0.00742	0.00524	0.00436	0.00131	0.00480	0.00393	0.00436	0.00742
15	0.01023	0.00967	0.01638	0.10696	0.67456	0.00986	0.01274	0.01281	0.00982	0.01384	0.00936	0.01397	0.00826	0.00459	0.00446	0.00137	0.00515	0.06721	0.00229	0.00647
16	0.00824	0.00775	0.01308	0.83624	0.03004	0.00969	0.01211	0.01114	0.00872	0.01114	0.00775	0.01163	0.00581	0.00436	0.00436	0.00145	0.00581	0.00388	0.00194	0.00484
17	0.00525	0.00427	0.00465	0.00487	0.00603	0.00367	0.00353	0.00632	0.00969	0.01194	0.08133	0.23429	0.58585	0.01156	0.00525	0.00154	0.00228	0.00990	0.00409	0.00367
18	0.01066	0.01022	0.01746	0.06982	0.77753	0.01033	0.01332	0.01327	0.00987	0.01408	0.00818	0.01084	0.00685	0.00391	0.00432	0.00130	0.00521	0.00389	0.00215	0.00680
19	0.00600	0.00441	0.00561	0.00539	0.00643	0.00403	0.00401	0.00786	0.01181	0.01641	0.67521	0.08381	0.13385	0.00947	0.00517	0.00141	0.00211	0.00832	0.00466	0.00403

[dist]
# distance from previous block
# <min> <max>
0	17

[block]
# block no. 2 follows, 60 sequences, length 9
# corresponding to MSA columns:
# 197-205
name=unknown_C
#
# <colnr> <probs for GDERKNQSTAVLIFYWHMCP>
#	G	D	E	R	K	N	Q	S	T	A	V	L	I	F	Y	W	H	M	C	P
0	0.01084	0.13292	0.01979	0.02256	0.56933	0.01148	0.14379	0.01343	0.00984	0.01362	0.00799	0.01040	0.00667	0.00383	0.00423	0.00127	0.00547	0.00387	0.00212	0.00655
1	0.00531	0.00380	0.00506	0.00607	0.00633	0.00354	0.00405	0.00607	0.00835	0.01113	0.02404	0.84388	0.02885	0.01366	0.00557	0.00177	0.00253	0.01240	0.00405	0.00354
2	0.01061	0.00982	0.01077	0.03537	0.12925	0.08386	0.00775	0.01882	0.48890	0.01667	0.12520	0.01682	0.01530	0.00586	0.00447	0.00140	0.00398	0.00496	0.00388	0.00629
3	0.00605	0.00445	0.00566	0.00536	0.00644	0.00406	0.00402	0.00799	0.01206	0.01680	0.72410	0.03371	0.13470	0.00917	0.00515	0.00138	0.00208	0.00805	0.00471	0.00406
4	0.00921	0.01069	0.09139	0.01293	0.01493	0.01122	0.24227	0.01143	0.00802	0.01177	0.00770	0.01127	0.00672	0.00981	0.12953	0.00247	0.39719	0.00428	0.00205	0.00512
5	0.48241	0.03326	0.08134	0.00664	0.00944	0.00858	0.00585	0.01359	0.00844	0.17103	0.00948	0.01189	0.00761	0.12717	0.00600	0.00176	0.00388	0.00341	0.00311	0.00512
6	0.00992	0.09585	0.58870	0.01179	0.01724	0.08697	0.03949	0.01479	0.07018	0.01354	0.00835	0.00950	0.00616	0.00426	0.00406	0.00133	0.00622	0.00330	0.00209	0.00626
7	0.00728	0.00693	0.08230	0.00648	0.00838	0.00564	0.00554	0.01091	0.12812	0.03925	0.44907	0.02938	0.18701	0.00836	0.00493	0.00141	0.00275	0.00718	0.00434	0.00475
8	0.13544	0.00636	0.00690	0.00662	0.00826	0.02809	0.00524	0.06034	0.01027	0.10060	0.05269	0.15749	0.19788	0.03509	0.00555	0.00166	0.01827	0.15478	0.00391	0.00455

[dist]
# distance from previous block
# <min> <max>
1	2

[block]
# block no. 3 follows, 60 sequences, length 69
# corresponding to MSA columns:
# 208-276
name=unknown_D
#
# <colnr> <probs for GDERKNQSTAVLIFYWHMCP>
#	G	D	E	R	K	N	Q	S	T	A	V	L	I	F	Y	W	H	M	C	P
0	0.01489	0.00764	0.00940	0.00776	0.01054	0.00748	0.00625	0.04547	0.22992	0.44715	0.07869	0.01893	0.06498	0.00631	0.00454	0.00141	0.00347	0.02351	0.00494	0.00672
1	0.04772	0.00525	0.00653	0.00601	0.00736	0.00508	0.01922	0.03532	0.04463	0.01714	0.59775	0.03115	0.11527	0.00867	0.00501	0.00141	0.00245	0.03516	0.00452	0.00435
2	0.00531	0.00380	0.00506	0.00607	0.00633	0.00354	0.00405	0.00607	0.00835	0.01113	0.02404	0.84388	0.02885	0.01366	0.00557	0.00177	0.00253	0.01240	0.00405	0.00354
3	0.00995	0.01363	0.17729	0.04467	0.05979	0.01078	0.59003	0.01382	0.01002	0.01386	0.00857	0.01123	0.00640	0.00380	0.00489	0.00144	0.00703	0.00468	0.00213	0.00600
4	0.01031	0.01172	0.02548	0.01865	0.04848	0.01101	0.77820	0.01395	0.01028	0.01398	0.00880	0.01173	0.00663	0.00368	0.00512	0.00146	0.00728	0.00511	0.00220	0.00592
5	0.07677	0.00590	0.02430	0.00608	0.00760	0.00564	0.00479	0.03576	0.09037	0.01765	0.58586	0.02825	0.07814	0.00813	0.00483	0.00138	0.00249	0.00700	0.00448	0.00457
6	0.00677	0.00434	0.00498	0.00489	0.00505	0.00430	0.00284	0.00692	0.00683	0.03578	0.05167	0.02828	0.01688	0.77949	0.02081	0.00400	0.00411	0.00635	0.00284	0.00287
7	0.00564	0.00444	0.00509	0.00493	0.00619	0.00389	0.00370	0.00720	0.01109	0.01451	0.41408	0.03748	0.44615	0.01003	0.00515	0.00142	0.00214	0.00857	0.00441	0.00389
8	0.00612	0.00446	0.00576	0.00544	0.00649	0.00409	0.00408	0.00814	0.01223	0.01722	0.78083	0.03302	0.07771	0.00902	0.00514	0.00138	0.00206	0.00795	0.00477	0.00409
9	0.00886	0.05527	0.79242	0.01223	0.01857	0.01041	0.01577	0.01378	0.00919	0.01367	0.00776	0.00912	0.00553	0.00413	0.00409	0.00136	0.00638	0.00319	0.00184	0.00641
10	0.00623	0.00448	0.00611	0.00615	0.00662	0.00493	0.00437	0.00719	0.00682	0.00955	0.01293	0.05438	0.01343	0.32981	0.50110	0.00578	0.00859	0.00559	0.00252	0.00342
11	0.00927	0.00797	0.00838	0.00768	0.00975	0.02264	0.00594	0.01790	0.53750	0.01684	0.13428	0.02330	0.15109	0.00728	0.00468	0.00147	0.00314	0.02062	0.00438	0.00589
12	0.00585	0.00445	0.00538	0.00514	0.00631	0.00398	0.00386	0.00760	0.01157	0.01565	0.56862	0.03560	0.29090	0.00960	0.00515	0.00140	0.00211	0.00831	0.00456	0.00398
13	0.04557	0.01430	0.01473	0.01181	0.01481	0.35806	0.20130	0.04009	0.02169	0.18226	0.03545	0.01123	0.00819	0.00469	0.00447	0.00129	0.01725	0.00393	0.00308	0.00580
14	0.02757	0.01358	0.01255	0.01102	0.01204	0.31906	0.00881	0.03222	0.00917	0.01112	0.00651	0.00925	0.00595	0.00751	0.04834	0.00183	0.45299	0.00346	0.00213	0.00490
15	0.00986	0.01100	0.02346	0.01703	0.02092	0.01055	0.69868	0.01321	0.00989	0.01351	0.00936	0.03850	0.00755	0.00590	0.05517	0.00183	0.04040	0.00530	0.00226	0.00564
16	0.00706	0.00506	0.00698	0.00792	0.00891	0.00509	0.00684	0.00919	0.02570	0.01298	0.02270	0.05948	0.02463	0.03853	0.00650	0.00206	0.00399	0.73838	0.00398	0.00402
17	0.00813	0.00407	0.00407	0.00407	0.00508	0.00407	0.00305	0.01016	0.00915	0.01626	0.01423	0.01626	0.01118	0.00508	0.00305	0.00102	0.00203	0.00407	0.87093	0.00407
18	0.01165	0.56020	0.09072	0.00845	0.01210	0.07575	0.00825	0.03912	0.06729	0.01192	0.00732	0.00822	0.00625	0.00414	0.00357	0.00106	0.03247	0.00275	0.00219	0.04660
19	0.01220	0.63156	0.10312	0.00828	0.01221	0.03295	0.02065	0.01428	0.02743	0.09106	0.00767	0.00830	0.00629	0.00400	0.00319	0.00104	0.00484	0.00274	0.00228	0.00589
20	0.00813	0.00407	0.00407	0.00407	0.00508	0.00407	0.00305	0.01016	0.00915	0.01626	0.01423	0.01626	0.01118	0.00508	0.00305	0.00102	0.00203	0.00407	0.87093	0.00407
21	0.00954	0.00954	0.01336	0.01145	0.01145	0.01336	0.00954	0.01050	0.00668	0.01050	0.00573	0.00954	0.00573	0.00763	0.01431	0.00191	0.83874	0.00382	0.00191	0.00477
22	0.00832	0.00783	0.01323	0.81065	0.05500	0.00971	0.01215	0.01121	0.00876	0.01124	0.00777	0.01160	0.00585	0.00435	0.00436	0.00145	0.00579	0.00388	0.00194	0.00491
23	0.01147	0.00912	0.01020	0.05178	0.02537	0.01014	0.00708	0.24533	0.36258	0.02944	0.09326	0.05042	0.06155	0.00650	0.00456	0.00143	0.00375	0.00539	0.00426	0.00636
24	0.00875	0.02256	0.82413	0.01243	0.01888	0.01013	0.01611	0.01381	0.00921	0.01381	0.00783	0.00921	0.00552	0.00414	0.00414	0.00138	0.00645	0.00322	0.00184	0.00645
25	0.01957	0.00742	0.01012	0.00776	0.01113	0.00641	0.00641	0.02126	0.01248	0.82254	0.01721	0.01484	0.01080	0.00540	0.00439	0.00135	0.00371	0.00439	0.00540	0.00742
26	0.01061	0.01087	0.02063	0.02371	0.52884	0.01061	0.30171	0.01360	0.01006	0.01415	0.00843	0.01115	0.00680	0.00381	0.00462	0.00136	0.00597	0.00435	0.00218	0.00653
27	0.01234	0.72726	0.02131	0.00802	0.01153	0.13690	0.00760	0.01370	0.00938	0.01032	0.00616	0.00712	0.00560	0.00384	0.00297	0.00096	0.00514	0.00240	0.00192	0.00552
28	0.00627	0.00451	0.00617	0.00617	0.00666	0.00500	0.00441	0.00725	0.00676	0.00951	0.01245	0.02137	0.01274	0.33487	0.52979	0.00598	0.00892	0.00529	0.00245	0.00343
29	0.00758	0.00379	0.00568	0.00568	0.00568	0.00379	0.00379	0.00568	0.00568	0.00758	0.00758	0.01326	0.00758	0.01515	0.01705	0.87311	0.00379	0.00379	0.00189	0.00189
30	0.00926	0.00911	0.01341	0.66086	0.09077	0.07271	0.01176	0.02647	0.00923	0.01163	0.00768	0.01117	0.00591	0.00448	0.00471	0.00143	0.03850	0.00379	0.00202	0.00507
31	0.03722	0.00654	0.00839	0.00671	0.00943	0.00586	0.00546	0.01805	0.01146	0.58491	0.01613	0.01504	0.01075	0.00528	0.00398	0.00126	0.00325	0.00425	0.23959	0.00645
32	0.00911	0.00629	0.00745	0.00710	0.00852	0.00648	0.00550	0.21140	0.01230	0.03135	0.10638	0.31579	0.02181	0.00961	0.00497	0.00155	0.00324	0.12142	0.10494	0.00479
33	0.00617	0.00446	0.00583	0.00549	0.00652	0.00412	0.00412	0.00823	0.01235	0.01749	0.81722	0.03258	0.04115	0.00892	0.00514	0.00137	0.00206	0.00789	0.00480	0.00412
34	0.01029	0.01176	0.02574	0.01838	0.02279	0.01103	0.80368	0.01397	0.01029	0.01397	0.00882	0.01176	0.00662	0.00368	0.00515	0.00147	0.00735	0.00515	0.00221	0.00588
35	0.00604	0.00445	0.00564	0.00535	0.00643	0.00406	0.00401	0.00797	0.01203	0.01673	0.71488	0.03382	0.14396	0.00920	0.00515	0.00139	0.00208	0.00806	0.00470	0.00406
36	0.00824	0.00775	0.01308	0.83624	0.03004	0.00969	0.01211	0.01114	0.00872	0.01114	0.00775	0.01163	0.00581	0.00436	0.00436	0.00145	0.00581	0.00388	0.00194	0.00484
37	0.01029	0.01176	0.02574	0.01838	0.02279	0.01103	0.80368	0.01397	0.01029	0.01397	0.00882	0.01176	0.00662	0.00368	0.00515	0.00147	0.00735	0.00515	0.00221	0.00588
38	0.00987	0.00946	0.01587	0.28627	0.50049	0.01039	0.01267	0.01243	0.00928	0.01295	0.00786	0.01096	0.00646	0.00434	0.00513	0.00140	0.07217	0.00388	0.00207	0.00607
39	0.01818	0.00805	0.01029	0.00798	0.01122	0.00752	0.00656	0.14051	0.03906	0.63282	0.03545	0.01469	0.01110	0.00547	0.00436	0.00134	0.00378	0.00441	0.02997	0.00723
40	0.01028	0.08885	0.33766	0.00994	0.01399	0.11002	0.02397	0.05670	0.10619	0.03366	0.02722	0.03418	0.11767	0.00567	0.00426	0.00134	0.00523	0.00449	0.00283	0.00584
41	0.01631	0.02039	0.01239	0.01118	0.01349	0.79117	0.00842	0.05415	0.01274	0.01146	0.00692	0.00799	0.00570	0.00453	0.00395	0.00113	0.00772	0.00286	0.00235	0.00517
42	0.01020	0.00971	0.01650	0.13202	0.67764	0.00995	0.01278	0.01275	0.00970	0.01369	0.00889	0.05012	0.00780	0.00441	0.00438	0.00134	0.00514	0.00429	0.00222	0.00648
43	0.01073	0.01030	0.01760	0.04562	0.80113	0.01035	0.01336	0.01333	0.00990	0.01418	0.00819	0.01081	0.00688	0.00390	0.00432	0.00130	0.00520	0.00389	0.00215	0.00686
44	0.01105	0.00932	0.00987	0.00885	0.01134	0.01075	0.00689	0.02313	0.79313	0.03687	0.01774	0.01624	0.01326	0.00591	0.00444	0.00148	0.00346	0.00492	0.00446	0.00692
45	0.00627	0.00426	0.00508	0.00523	0.00537	0.00430	0.00323	0.00657	0.00677	0.00908	0.01502	0.10498	0.01715	0.66053	0.08448	0.00411	0.00466	0.04719	0.00282	0.00290
46	0.00623	0.00461	0.00656	0.00661	0.00719	0.00521	0.00491	0.00744	0.00699	0.00991	0.01292	0.08404	0.01311	0.17630	0.60684	0.00602	0.02335	0.00556	0.00252	0.00366
47	0.00619	0.00463	0.00692	0.00697	0.00772	0.00536	0.00539	0.00771	0.00707	0.01017	0.01225	0.05481	0.01172	0.03184	0.79189	0.00677	0.01127	0.00502	0.00241	0.00388
48	0.00538	0.00384	0.00514	0.00615	0.00643	0.00360	0.00417	0.00619	0.00842	0.01121	0.02400	0.81209	0.02870	0.01360	0.00559	0.00178	0.00259	0.04351	0.00405	0.00356
49	0.00875	0.02256	0.82413	0.01243	0.01888	0.01013	0.01611	0.01381	0.00921	0.01381	0.00783	0.00921	0.00552	0.00414	0.00414	0.00138	0.00645	0.00322	0.00184	0.00645
50	0.01029	0.01176	0.02574	0.01838	0.02279	0.01103	0.80368	0.01397	0.01029	0.01397	0.00882	0.01176	0.00662	0.00368	0.00515	0.00147	0.00735	0.00515	0.00221	0.00588
51	0.00576	0.00429	0.00617	0.00685	0.00737	0.00405	0.03646	0.00681	0.00867	0.01152	0.02329	0.69666	0.02742	0.01303	0.00562	0.00179	0.00294	0.12361	0.00397	0.00370
52	0.00524	0.00443	0.00454	0.00455	0.00599	0.00373	0.00344	0.00641	0.01005	0.01207	0.07892	0.04171	0.76377	0.01097	0.00517	0.00148	0.00224	0.02745	0.00408	0.00371
53	0.00539	0.00385	0.00515	0.00616	0.00645	0.00361	0.00418	0.00621	0.00843	0.01122	0.02400	0.80766	0.02868	0.01359	0.00559	0.00178	0.00260	0.04784	0.00405	0.00356
54	0.01079	0.01036	0.01770	0.02677	0.81952	0.01036	0.01339	0.01339	0.00993	0.01425	0.00820	0.01079	0.00691	0.00389	0.00432	0.00130	0.00518	0.00389	0.00216	0.00691
55	0.00915	0.00897	0.01261	0.01093	0.01102	0.01243	0.00906	0.01018	0.00672	0.01045	0.00642	0.01043	0.00633	0.01058	0.11007	0.00251	0.74158	0.00392	0.00196	0.00467
56	0.01021	0.00977	0.01665	0.21074	0.64009	0.01021	0.01310	0.01288	0.00966	0.01354	0.00810	0.01098	0.00666	0.00399	0.00433	0.00133	0.00533	0.00388	0.00211	0.00644
57	0.01795	0.00707	0.00958	0.00747	0.01057	0.00613	0.00612	0.01966	0.01242	0.72618	0.09849	0.01714	0.02886	0.00586	0.00448	0.00135	0.00352	0.00483	0.00531	0.00702
58	0.00956	0.00959	0.01363	0.01160	0.01170	0.01331	0.02689	0.01057	0.00676	0.01057	0.00579	0.00959	0.00574	0.00755	0.01411	0.00190	0.82058	0.00385	0.00191	0.00480
59	0.00942	0.14394	0.64582	0.01178	0.03605	0.01105	0.01426	0.02451	0.00944	0.02416	0.02648	0.00955	0.00649	0.00422	0.00398	0.00131	0.00599	0.00324	0.00200	0.00630
60	0.01373	0.01691	0.02782	0.02895	0.01544	0.50281	0.16938	0.01564	0.02470	0.01150	0.00724	0.00913	0.00597	0.00480	0.00570	0.00132	0.12800	0.00349	0.00221	0.00523
61	0.01207	0.00926	0.01002	0.00880	0.01140	0.01045	0.00690	0.05423	0.68908	0.11011	0.01740	0.01588	0.01279	0.00583	0.00443	0.00146	0.00354	0.00483	0.00454	0.00698
62	0.00560	0.00406	0.00531	0.00609	0.00651	0.00385	0.00415	0.00690	0.03476	0.01217	0.12451	0.71422	0.02991	0.01281	0.00548	0.00171	0.00250	0.01159	0.00416	0.00372
63	0.78680	0.00901	0.03317	0.00619	0.00907	0.00984	0.00529	0.04544	0.00818	0.04553	0.00667	0.00754	0.00505	0.00414	0.00287	0.00135	0.00354	0.00252	0.00283	0.00498
64	0.00524	0.00443	0.00455	0.00462	0.00604	0.00374	0.00350	0.00638	0.00991	0.01182	0.04275	0.06091	0.76332	0.01115	0.00520	0.00150	0.00230	0.04487	0.00405	0.00369
65	0.01079	0.01036	0.01770	0.02677	0.81952	0.01036	0.01339	0.01339	0.00993	0.01425	0.00820	0.01079	0.00691	0.00389	0.00432	0.00130	0.00518	0.00389	0.00216	0.00691
66	0.00952	0.00864	0.00954	0.00697	0.01075	0.05795	0.01907	0.01144	0.00927	0.01398	0.00771	0.00902	0.00641	0.00332	0.00331	0.00069	0.00359	0.00264	0.00256	0.80362
67	0.00795	0.00796	0.05290	0.00825	0.07401	0.09587	0.00616	0.02112	0.01077	0.03215	0.16603	0.05011	0.33656	0.00896	0.00498	0.00146	0.00358	0.10295	0.00374	0.00450
68	0.01090	0.03717	0.01308	0.01075	0.01161	0.08337	0.00889	0.06210	0.02115	0.03940	0.00692	0.00982	0.00626	0.00742	0.03097	0.00182	0.59450	0.00370	0.00229	0.03787

[dist]
# distance from previous block
# <min> <max>
0	1

[block]
# block no. 4 follows, 60 sequences, length 134
# corresponding to MSA columns:
# 285-418
name=unknown_E
#
# <colnr> <probs for GDERKNQSTAVLIFYWHMCP>
#	G	D	E	R	K	N	Q	S	T	A	V	L	I	F	Y	W	H	M	C	P
0	0.27360	0.19774	0.36059	0.00923	0.01376	0.03262	0.01038	0.03315	0.00895	0.01505	0.00695	0.00808	0.00535	0.00406	0.00341	0.00127	0.00512	0.00277	0.00218	0.00573
1	0.87753	0.00843	0.00641	0.00574	0.00843	0.00978	0.00472	0.01282	0.00742	0.01957	0.00607	0.00709	0.00472	0.00405	0.00270	0.00135	0.00337	0.00236	0.00270	0.00472
2	0.00529	0.00388	0.00498	0.00586	0.00627	0.00356	0.00395	0.00610	0.00856	0.01122	0.02667	0.73911	0.13192	0.01332	0.00551	0.00173	0.00249	0.01198	0.00405	0.00356
3	0.01166	0.84935	0.02285	0.00746	0.01119	0.01726	0.00746	0.01306	0.00886	0.01026	0.00606	0.00700	0.00560	0.00373	0.00280	0.00093	0.00466	0.00233	0.00187	0.00560
4	0.00634	0.00423	0.00476	0.00476	0.00476	0.00423	0.00264	0.00634	0.00634	0.00846	0.01374	0.02854	0.01586	0.84672	0.02220	0.00423	0.00423	0.00634	0.00264	0.00264
5	0.00631	0.00437	0.00547	0.00547	0.00571	0.00461	0.00353	0.00680	0.00655	0.00898	0.01309	0.02494	0.01429	0.58984	0.27694	0.00511	0.00658	0.00582	0.00255	0.00304
6	0.00626	0.00456	0.00643	0.00643	0.00700	0.00514	0.00472	0.00741	0.00684	0.00969	0.01222	0.02009	0.01219	0.24337	0.62053	0.00629	0.00975	0.00510	0.00242	0.00357
7	0.01748	0.00871	0.01081	0.00842	0.01164	0.00853	0.00694	0.22585	0.04411	0.51492	0.02857	0.01446	0.01057	0.00557	0.00463	0.00135	0.02384	0.01986	0.00490	0.02883
8	0.03467	0.01352	0.01095	0.01005	0.02810	0.30747	0.00759	0.03360	0.44387	0.03155	0.01296	0.01265	0.00991	0.00532	0.00436	0.00134	0.01837	0.00403	0.00353	0.00616
9	0.00890	0.09407	0.69419	0.01175	0.01761	0.01048	0.03346	0.01338	0.00912	0.01329	0.00844	0.01023	0.01795	0.03335	0.00469	0.00144	0.00617	0.00339	0.00191	0.00619
10	0.07093	0.01231	0.01215	0.00977	0.01283	0.21771	0.06262	0.21373	0.02504	0.27690	0.03523	0.01182	0.00890	0.00503	0.00423	0.00129	0.00522	0.00391	0.00392	0.00644
11	0.02676	0.01006	0.01280	0.01076	0.01199	0.07459	0.05408	0.05564	0.05476	0.10627	0.00899	0.03332	0.00769	0.00778	0.04271	0.00189	0.46764	0.00419	0.00272	0.00536
12	0.01957	0.00742	0.01012	0.00776	0.01113	0.00641	0.00641	0.02126	0.01248	0.82254	0.01721	0.01484	0.01080	0.00540	0.00439	0.00135	0.00371	0.00439	0.00540	0.00742
13	0.00846	0.00798	0.01349	0.76502	0.09950	0.00975	0.01222	0.01134	0.00883	0.01142	0.00779	0.01155	0.00591	0.00432	0.00436	0.00144	0.00576	0.00388	0.00196	0.00503
14	0.01058	0.01015	0.01732	0.09377	0.75417	0.01031	0.01328	0.01320	0.00983	0.01399	0.00817	0.01086	0.00682	0.00393	0.00432	0.00131	0.00523	0.00389	0.00214	0.00674
15	0.00684	0.00487	0.00673	0.00769	0.00857	0.00485	0.00653	0.00863	0.00970	0.01264	0.02270	0.12034	0.02497	0.05513	0.00681	0.00210	0.00389	0.67917	0.00395	0.00390
16	0.00622	0.00461	0.00582	0.00554	0.00663	0.00431	0.00414	0.00853	0.04190	0.01677	0.68816	0.06176	0.11084	0.00917	0.00513	0.00140	0.00214	0.00806	0.00469	0.00416
17	0.01205	0.74366	0.04445	0.00794	0.01164	0.07069	0.00780	0.03939	0.00949	0.01095	0.00630	0.00723	0.00566	0.00384	0.00296	0.00097	0.00493	0.00244	0.00197	0.00564
18	0.00634	0.00423	0.00476	0.00476	0.00476	0.00423	0.00264	0.00634	0.00634	0.00846	0.01374	0.02854	0.01586	0.84672	0.02220	0.00423	0.00423	0.00634	0.00264	0.00264
19	0.00545	0.00401	0.00512	0.00585	0.00640	0.00369	0.00408	0.00644	0.00905	0.01191	0.09952	0.60562	0.15431	0.01274	0.00548	0.00170	0.00251	0.04836	0.00412	0.00364
20	0.02112	0.01073	0.06773	0.01121	0.01423	0.07967	0.24464	0.07815	0.12946	0.04581	0.12920	0.04417	0.05339	0.00592	0.00472	0.00141	0.00499	0.01878	0.02903	0.00564
21	0.01528	0.01013	0.01115	0.00904	0.01207	0.03351	0.00731	0.32392	0.25192	0.22657	0.01428	0.01346	0.01009	0.00641	0.03293	0.00156	0.00445	0.00434	0.00452	0.00708
22	0.00674	0.00486	0.00631	0.00609	0.00722	0.00467	0.00476	0.00910	0.04109	0.03152	0.60838	0.03418	0.06753	0.00928	0.00539	0.00148	0.01602	0.12653	0.00460	0.00426
23	0.00551	0.00400	0.00520	0.00585	0.00638	0.00370	0.00405	0.00659	0.00934	0.01255	0.19147	0.59718	0.09386	0.01244	0.00545	0.00167	0.00243	0.02444	0.00421	0.00368
24	0.00904	0.00775	0.00904	0.00646	0.01034	0.00581	0.00517	0.01098	0.00904	0.01421	0.00775	0.00904	0.00646	0.00323	0.00323	0.00065	0.00323	0.00258	0.00258	0.87339
25	0.03556	0.00439	0.00464	0.00455	0.00573	0.00421	0.00342	0.00919	0.00985	0.02751	0.16389	0.04459	0.17678	0.00714	0.00391	0.00121	0.00215	0.00593	0.48131	0.00406
26	0.00961	0.00919	0.01572	0.39806	0.44370	0.01007	0.02625	0.01237	0.00938	0.01282	0.00801	0.01119	0.00640	0.00410	0.00435	0.00137	0.00551	0.00390	0.00206	0.00594
27	0.00738	0.03021	0.00730	0.00661	0.00778	0.00605	0.00513	0.05444	0.05910	0.01331	0.13948	0.04337	0.05783	0.04705	0.38466	0.02410	0.00698	0.02508	0.06986	0.00428
28	0.01058	0.06104	0.06569	0.01434	0.01812	0.02023	0.44611	0.02867	0.23353	0.01501	0.01101	0.01247	0.00834	0.00448	0.00500	0.00144	0.03024	0.00473	0.00281	0.00616
29	0.01041	0.01020	0.01340	0.01127	0.01238	0.05936	0.08031	0.06038	0.12233	0.01294	0.00886	0.01252	0.00792	0.03757	0.01094	0.00181	0.49223	0.02737	0.00255	0.00525
30	0.01663	0.01213	0.01304	0.01000	0.01348	0.01340	0.00826	0.79160	0.02037	0.04106	0.01059	0.01055	0.00747	0.00524	0.00436	0.00131	0.00478	0.00393	0.00438	0.00742
31	0.01072	0.01029	0.01757	0.05071	0.79617	0.01034	0.01335	0.01332	0.00990	0.01416	0.00819	0.01082	0.00688	0.00390	0.00432	0.00130	0.00520	0.00389	0.00215	0.00685
32	0.01027	0.01025	0.04070	0.17201	0.65380	0.01023	0.01324	0.01299	0.00969	0.01368	0.00811	0.01090	0.00667	0.00398	0.00432	0.00133	0.00533	0.00386	0.00211	0.00652
33	0.00531	0.00380	0.00506	0.00607	0.00633	0.00354	0.00405	0.00607	0.00835	0.01113	0.02404	0.84388	0.02885	0.01366	0.00557	0.00177	0.00253	0.01240	0.00405	0.00354
34	0.00548	0.00478	0.00578	0.00546	0.00696	0.00410	0.05127	0.00670	0.00976	0.01183	0.03949	0.14267	0.66840	0.01094	0.00521	0.00151	0.00256	0.00937	0.00394	0.00380
35	0.01637	0.01215	0.01326	0.01065	0.04305	0.01341	0.00848	0.77598	0.02012	0.02700	0.01039	0.01048	0.00740	0.00519	0.00436	0.00131	0.00481	0.00393	0.00428	0.00740
36	0.00954	0.00954	0.01336	0.01145	0.01145	0.01336	0.00954	0.01050	0.00668	0.01050	0.00573	0.00954	0.00573	0.00763	0.01431	0.00191	0.83874	0.00382	0.00191	0.00477
37	0.01166	0.84935	0.02285	0.00746	0.01119	0.01726	0.00746	0.01306	0.00886	0.01026	0.00606	0.00700	0.00560	0.00373	0.00280	0.00093	0.00466	0.00233	0.00187	0.00560
38	0.00578	0.00478	0.00526	0.00548	0.03024	0.00432	0.00398	0.00705	0.00988	0.01238	0.07292	0.03807	0.65311	0.01027	0.00536	0.00147	0.03298	0.03413	0.05867	0.00387
39	0.01008	0.01044	0.01328	0.01143	0.01161	0.07836	0.00945	0.01105	0.00713	0.01051	0.00581	0.00941	0.00572	0.00738	0.01349	0.00185	0.77254	0.00374	0.00194	0.00479
40	0.01657	0.01253	0.01306	0.01008	0.01352	0.04340	0.00829	0.77613	0.02021	0.02687	0.01033	0.01038	0.00735	0.00521	0.00435	0.00130	0.00491	0.00389	0.00429	0.00733
41	0.01629	0.02079	0.01236	0.01124	0.01348	0.82921	0.00843	0.01742	0.01236	0.01067	0.00674	0.00787	0.00562	0.00449	0.00393	0.00112	0.00787	0.00281	0.00225	0.00506
42	0.00823	0.00750	0.00702	0.00652	0.00821	0.09926	0.00495	0.06152	0.13217	0.01482	0.19732	0.06362	0.35448	0.00881	0.00487	0.00141	0.00319	0.00735	0.00408	0.00465
43	0.00651	0.00503	0.00732	0.00716	0.00781	0.00598	0.00553	0.00787	0.00692	0.01000	0.01139	0.01757	0.01094	0.10543	0.68927	0.00634	0.07800	0.00476	0.00233	0.00385
44	0.01565	0.01941	0.01218	0.01101	0.01318	0.73598	0.00832	0.04282	0.02410	0.01131	0.00718	0.00846	0.00599	0.00567	0.03450	0.00137	0.03241	0.00298	0.00234	0.00511
45	0.00653	0.00493	0.00719	0.00711	0.00798	0.00574	0.00554	0.02060	0.03099	0.01063	0.01184	0.01701	0.01092	0.03149	0.79227	0.00676	0.01133	0.00467	0.00243	0.00404
46	0.01079	0.01036	0.01770	0.02677	0.81952	0.01036	0.01339	0.01339	0.00993	0.01425	0.00820	0.01079	0.00691	0.00389	0.00432	0.00130	0.00518	0.00389	0.00216	0.00691
47	0.00672	0.00472	0.00574	0.00563	0.00601	0.00499	0.00368	0.02876	0.03078	0.00983	0.02526	0.02475	0.01463	0.57219	0.23364	0.00476	0.00615	0.00582	0.00269	0.00325
48	0.01182	0.01000	0.01040	0.00909	0.01171	0.02521	0.00714	0.14307	0.67659	0.01953	0.01645	0.01524	0.01228	0.00579	0.00442	0.00145	0.00373	0.00474	0.00439	0.00695
49	0.00658	0.00434	0.00609	0.00609	0.00647	0.00473	0.00430	0.00690	0.00652	0.00907	0.01127	0.01930	0.01146	0.24840	0.41983	0.21053	0.00781	0.00492	0.00231	0.00308
50	0.01630	0.01127	0.01225	0.00945	0.01277	0.01229	0.00779	0.68450	0.01907	0.09738	0.01131	0.01123	0.00796	0.00524	0.00428	0.00129	0.00453	0.00398	0.05992	0.00720
51	0.00596	0.00442	0.00557	0.00541	0.00646	0.00403	0.00405	0.00777	0.01162	0.01599	0.61302	0.08649	0.17373	0.00967	0.00520	0.00143	0.00216	0.02843	0.00460	0.00400
52	0.00910	0.12163	0.72811	0.01184	0.01796	0.01098	0.01508	0.01372	0.00917	0.01339	0.00762	0.00894	0.00553	0.00409	0.00398	0.00133	0.00623	0.00312	0.00184	0.00634
53	0.00522	0.00435	0.00455	0.00465	0.00597	0.00369	0.00343	0.00633	0.00987	0.01196	0.07592	0.12972	0.69691	0.01124	0.00520	0.00150	0.00224	0.00950	0.00408	0.00369
54	0.00820	0.00497	0.00650	0.00585	0.00726	0.00455	0.00448	0.01034	0.02468	0.13609	0.67044	0.02991	0.05276	0.00840	0.00502	0.00137	0.00233	0.00735	0.00487	0.00464
55	0.00904	0.00775	0.00904	0.00646	0.01034	0.00581	0.00517	0.01098	0.00904	0.01421	0.00775	0.00904	0.00646	0.00323	0.00323	0.00065	0.00323	0.00258	0.00258	0.87339
56	0.00553	0.00420	0.00510	0.00536	0.00625	0.00377	0.00384	0.00681	0.01012	0.01335	0.28085	0.33315	0.28319	0.01133	0.00530	0.00155	0.00228	0.00996	0.00429	0.00377
