[name]
unknown

[dist]
# distance from previous block
# <min> <max>
9	151

[block]
# block no. 0 follows, 53 sequences, length 16
# corresponding to MSA columns:
# 157-172
name=unknown_A
#
# <colnr> <probs for GDERKNQSTAVLIFYWHMCP>
#	G	D	E	R	K	N	Q	S	T	A	V	L	I	F	Y	W	H	M	C	P
0	0.05446	0.00885	0.06050	0.03776	0.01058	0.05574	0.00655	0.05778	0.07167	0.07936	0.11933	0.06566	0.03692	0.16957	0.05847	0.02587	0.02179	0.00599	0.03622	0.01692
1	0.04376	0.05790	0.03461	0.05179	0.03840	0.03738	0.04164	0.07231	0.05609	0.07867	0.07373	0.12667	0.10690	0.03578	0.04780	0.01476	0.00472	0.03118	0.04043	0.00548
2	0.03523	0.02187	0.06271	0.02065	0.09481	0.05204	0.05424	0.21220	0.05646	0.04221	0.05328	0.07785	0.05525	0.05458	0.02156	0.01169	0.00511	0.02459	0.02089	0.02277
3	0.04745	0.05042	0.04454	0.01016	0.07320	0.07924	0.02221	0.14628	0.01248	0.04140	0.05225	0.13553	0.10550	0.04752	0.00618	0.00165	0.03747	0.00635	0.05683	0.02334
4	0.07199	0.06345	0.01150	0.06448	0.02379	0.05602	0.03598	0.13084	0.05168	0.06988	0.08520	0.09111	0.08329	0.03195	0.00584	0.00159	0.04456	0.00591	0.04704	0.02391
5	0.05934	0.16815	0.09810	0.00923	0.03037	0.02017	0.03999	0.09663	0.03047	0.04863	0.05564	0.14052	0.04644	0.03773	0.04784	0.00189	0.00497	0.00591	0.05224	0.00573
6	0.00918	0.00714	0.00819	0.00814	0.05381	0.03980	0.00573	0.10279	0.02583	0.04552	0.34337	0.09737	0.18921	0.03509	0.00601	0.00164	0.00331	0.00811	0.00463	0.00514
7	0.02865	0.44935	0.01959	0.02865	0.03473	0.10841	0.03372	0.08529	0.05605	0.01411	0.02819	0.01072	0.02074	0.00530	0.00463	0.02849	0.03111	0.00350	0.00266	0.00611
8	0.08703	0.00880	0.06475	0.03016	0.03707	0.00728	0.00686	0.03707	0.01074	0.12975	0.06593	0.09057	0.07319	0.05365	0.00582	0.00150	0.02130	0.00544	0.00367	0.25942
9	0.06589	0.03043	0.06963	0.05497	0.10027	0.03700	0.05351	0.17124	0.06540	0.09292	0.03736	0.06047	0.02430	0.03269	0.00596	0.00161	0.05099	0.00504	0.00362	0.03672
10	0.07349	0.14463	0.17126	0.07089	0.22989	0.06507	0.03576	0.02978	0.01048	0.01466	0.01028	0.10351	0.00944	0.00562	0.00446	0.00144	0.00569	0.00475	0.00257	0.00633
11	0.03836	0.00949	0.00945	0.00842	0.01075	0.05537	0.00653	0.13561	0.33080	0.01903	0.06185	0.05071	0.14889	0.03042	0.02163	0.00175	0.00407	0.00626	0.04440	0.00623
12	0.00923	0.02699	0.07320	0.10931	0.14385	0.02849	0.03395	0.02720	0.05155	0.03979	0.05718	0.12610	0.20222	0.00935	0.03876	0.00183	0.00484	0.00708	0.00350	0.00558
13	0.00707	0.00528	0.00660	0.00705	0.05243	0.00474	0.00483	0.00876	0.01183	0.04594	0.33596	0.12989	0.34029	0.01084	0.00561	0.00159	0.00265	0.00939	0.00470	0.00456
14	0.00884	0.00610	0.02921	0.00724	0.00789	0.00620	0.00537	0.04074	0.05850	0.01083	0.01187	0.01740	0.05155	0.08226	0.04664	0.53037	0.06828	0.00481	0.00258	0.00332
15	0.86579	0.00924	0.00702	0.00629	0.00924	0.01072	0.00518	0.01405	0.00813	0.02144	0.00666	0.00776	0.00518	0.00444	0.00296	0.00148	0.00370	0.00259	0.00296	0.00518

[dist]
# distance from previous block
# <min> <max>
5	8

[block]
# block no. 1 follows, 53 sequences, length 17
# corresponding to MSA columns:
# 181-197
name=unknown_B
#
# <colnr> <probs for GDERKNQSTAVLIFYWHMCP>
#	G	D	E	R	K	N	Q	S	T	A	V	L	I	F	Y	W	H	M	C	P
0	0.00751	0.00533	0.00602	0.00579	0.00735	0.00477	0.00432	0.02578	0.03119	0.07397	0.16297	0.13375	0.46436	0.03751	0.00620	0.00172	0.00273	0.00953	0.00465	0.00454
1	0.00780	0.00612	0.00727	0.00664	0.00832	0.00595	0.00505	0.01202	0.15844	0.01838	0.51830	0.03187	0.12219	0.00902	0.00536	0.00149	0.00264	0.00783	0.00494	0.06037
2	0.00697	0.00498	0.00668	0.00765	0.00836	0.00487	0.00591	0.02794	0.01022	0.01348	0.02521	0.45473	0.02887	0.03612	0.00678	0.00211	0.00358	0.33695	0.00439	0.00419
3	0.01025	0.00942	0.01104	0.17109	0.01589	0.05932	0.00743	0.01253	0.01007	0.01465	0.00842	0.01040	0.00688	0.00388	0.00384	0.00092	0.00444	0.00313	0.00267	0.63375
4	0.01920	0.00787	0.01052	0.00828	0.01162	0.00699	0.00676	0.02172	0.05564	0.67039	0.11109	0.01865	0.01591	0.00640	0.00491	0.00149	0.00384	0.00529	0.00578	0.00768
5	0.00943	0.00915	0.01430	0.78370	0.03209	0.04718	0.01309	0.01253	0.00974	0.01219	0.00844	0.01255	0.00636	0.00479	0.00476	0.00158	0.00647	0.00419	0.00214	0.00532
6	0.00683	0.00510	0.00756	0.00756	0.00838	0.00591	0.00583	0.00846	0.00765	0.01101	0.01291	0.01937	0.01221	0.07368	0.77561	0.00754	0.01241	0.00521	0.00258	0.00420
7	0.00674	0.00468	0.00522	0.00520	0.00551	0.00453	0.00310	0.00705	0.00791	0.01036	0.06243	0.03379	0.13962	0.66131	0.02044	0.00400	0.00416	0.00753	0.00326	0.00316
8	0.00688	0.00474	0.00573	0.00571	0.00597	0.00488	0.00358	0.00733	0.00742	0.01006	0.04144	0.02938	0.03969	0.62461	0.17850	0.00504	0.00610	0.00674	0.00295	0.00325
9	0.00610	0.00472	0.00552	0.00561	0.00676	0.00418	0.00407	0.00756	0.01135	0.01482	0.29981	0.19819	0.37040	0.03149	0.00618	0.00171	0.00249	0.01022	0.00468	0.00414
10	0.01140	0.01497	0.17258	0.04326	0.05498	0.08129	0.31469	0.04824	0.02585	0.01493	0.00954	0.01284	0.00763	0.00658	0.04458	0.00190	0.10475	0.02120	0.00249	0.00630
11	0.01132	0.00652	0.00816	0.00745	0.00920	0.00620	0.00550	0.08286	0.03301	0.20374	0.01982	0.34774	0.02001	0.11910	0.03557	0.00224	0.00398	0.00850	0.00446	0.06460
12	0.00994	0.03698	0.02453	0.14425	0.01369	0.07361	0.00737	0.04177	0.11314	0.05369	0.25522	0.04095	0.11690	0.00890	0.03676	0.00176	0.00449	0.00653	0.00408	0.00545
13	0.07515	0.47103	0.01925	0.00903	0.01247	0.07507	0.03446	0.09067	0.03647	0.01451	0.00935	0.07582	0.00868	0.00538	0.00399	0.00124	0.02231	0.00391	0.00273	0.02845
14	0.03971	0.09879	0.05469	0.03055	0.05687	0.05148	0.01801	0.11248	0.11873	0.04668	0.09986	0.04815	0.08497	0.05818	0.02278	0.00179	0.02569	0.00560	0.00372	0.02128
15	0.01392	0.11171	0.05898	0.01320	0.10072	0.25586	0.07209	0.07178	0.02190	0.06052	0.01074	0.01232	0.03372	0.00726	0.05943	0.00178	0.04306	0.00405	0.02524	0.02171
16	0.41650	0.03349	0.08451	0.02122	0.04988	0.09829	0.01894	0.03141	0.01005	0.10630	0.00956	0.03341	0.00769	0.03419	0.02509	0.00172	0.00510	0.00368	0.00314	0.00581

[dist]
# distance from previous block
# <min> <max>
14	23

[block]
# block no. 2 follows, 53 sequences, length 25
# corresponding to MSA columns:
# 222-246
name=unknown_C
#
# <colnr> <probs for GDERKNQSTAVLIFYWHMCP>
#	G	D	E	R	K	N	Q	S	T	A	V	L	I	F	Y	W	H	M	C	P
0	0.01354	0.07976	0.07724	0.04506	0.11769	0.12057	0.05120	0.17712	0.06303	0.04351	0.03402	0.01282	0.01938	0.00514	0.00451	0.00133	0.00561	0.01221	0.00329	0.11296
1	0.18419	0.10793	0.04391	0.05029	0.07216	0.10429	0.06145	0.03080	0.01905	0.04062	0.01115	0.08315	0.03401	0.02311	0.01482	0.00166	0.10416	0.00474	0.00286	0.00566
2	0.26451	0.02654	0.04716	0.12492	0.11631	0.08313	0.01993	0.03268	0.03502	0.06177	0.01714	0.02573	0.00761	0.00544	0.00563	0.00155	0.11224	0.00389	0.00287	0.00594
3	0.02308	0.01203	0.07324	0.05665	0.04387	0.10690	0.01867	0.14939	0.04532	0.07018	0.01171	0.01355	0.02364	0.02725	0.03342	0.00158	0.02410	0.01165	0.05968	0.19409
4	0.00943	0.00515	0.00596	0.03476	0.05917	0.00519	0.00453	0.01172	0.01016	0.03793	0.01499	0.01721	0.01173	0.00546	0.00352	0.00116	0.00265	0.00444	0.75004	0.00479
5	0.00983	0.00892	0.01444	0.61543	0.06713	0.01106	0.01256	0.01261	0.00944	0.04010	0.00855	0.01242	0.00662	0.00531	0.00641	0.00164	0.12985	0.00423	0.00228	0.02117
6	0.00872	0.00657	0.00759	0.00692	0.00867	0.00659	0.00534	0.14473	0.04117	0.02859	0.22970	0.09010	0.27683	0.01312	0.10113	0.00229	0.00420	0.00813	0.00453	0.00507
7	0.01042	0.00786	0.00986	0.08449	0.04754	0.08083	0.03192	0.08559	0.00940	0.01198	0.00938	0.01494	0.00866	0.01274	0.03297	0.49666	0.00530	0.03312	0.00251	0.00383
8	0.00991	0.00820	0.01034	0.00918	0.02864	0.00864	0.05762	0.08975	0.22329	0.03097	0.20252	0.06788	0.15773	0.00842	0.00582	0.00159	0.04624	0.00716	0.00447	0.02160
9	0.01386	0.14077	0.12251	0.01423	0.01833	0.29294	0.25396	0.04582	0.02729	0.01407	0.00854	0.01030	0.00672	0.00453	0.00460	0.00137	0.00750	0.00396	0.00246	0.00625
10	0.00783	0.00678	0.00952	0.00934	0.06633	0.01584	0.08458	0.02291	0.05960	0.01556	0.23057	0.11494	0.25760	0.02527	0.02128	0.00179	0.00374	0.03733	0.00424	0.00494
11	0.00601	0.00450	0.00540	0.00599	0.00668	0.00413	0.00412	0.00691	0.00943	0.01207	0.03134	0.43316	0.26774	0.12734	0.02378	0.00233	0.00317	0.03790	0.00419	0.00382
12	0.01295	0.56373	0.04936	0.00927	0.01275	0.12936	0.00869	0.03145	0.01025	0.01187	0.00731	0.00890	0.00657	0.00665	0.05807	0.00159	0.06009	0.00298	0.00220	0.00594
13	0.00979	0.00791	0.01183	0.49193	0.05089	0.00932	0.01027	0.01391	0.10228	0.04020	0.01220	0.01497	0.02096	0.00527	0.00451	0.00149	0.00506	0.00453	0.17710	0.00555
14	0.18383	0.01230	0.04408	0.04923	0.38437	0.10712	0.01110	0.04207	0.01081	0.01639	0.02446	0.01215	0.02105	0.02925	0.00528	0.00154	0.03185	0.00401	0.00266	0.00643
15	0.01241	0.79172	0.02400	0.00800	0.01197	0.01814	0.00794	0.01392	0.00977	0.01133	0.00882	0.00966	0.04744	0.00451	0.00320	0.00105	0.00497	0.00295	0.00217	0.00602
16	0.77550	0.01009	0.00771	0.00681	0.00979	0.05254	0.00557	0.04368	0.00905	0.03437	0.00708	0.00809	0.00545	0.00454	0.00313	0.00146	0.00402	0.00272	0.00305	0.00536
17	0.01597	0.01192	0.01267	0.01019	0.01341	0.03666	0.00822	0.54889	0.10216	0.05413	0.04899	0.08839	0.01269	0.00683	0.00494	0.00150	0.00480	0.00545	0.00475	0.00744
18	0.00809	0.00585	0.00652	0.00620	0.00696	0.02560	0.00416	0.06162	0.00931	0.02718	0.07331	0.03977	0.10043	0.48299	0.11840	0.00408	0.00537	0.00694	0.00338	0.00384
19	0.00581	0.00480	0.00500	0.00501	0.00650	0.00406	0.00372	0.00696	0.01085	0.01311	0.09041	0.06747	0.70775	0.01220	0.00608	0.02947	0.00248	0.00991	0.00441	0.00399
20	0.00744	0.00506	0.00637	0.00601	0.00733	0.00459	0.00453	0.00939	0.01274	0.06373	0.56390	0.05120	0.17685	0.03309	0.00614	0.00163	0.00252	0.02783	0.00505	0.00458
21	0.00903	0.00850	0.01434	0.82054	0.03292	0.01062	0.01327	0.01221	0.00956	0.01221	0.00850	0.01274	0.00637	0.00478	0.00478	0.00159	0.00637	0.00425	0.00212	0.00531
22	0.00676	0.00506	0.00754	0.00761	0.00843	0.00584	0.00587	0.00841	0.00778	0.01117	0.01369	0.07214	0.01324	0.03447	0.75993	0.00730	0.01214	0.00568	0.00268	0.00424
23	0.01147	0.01078	0.01761	0.17718	0.57170	0.01135	0.01368	0.03540	0.07436	0.01571	0.00981	0.01248	0.00793	0.00458	0.00475	0.00147	0.00564	0.00435	0.00259	0.00716
24	0.00777	0.00672	0.00732	0.00736	0.00858	0.07001	0.02681	0.01006	0.07681	0.02476	0.10882	0.39739	0.19087	0.01184	0.00569	0.00173	0.00340	0.02514	0.00436	0.00456

[dist]
# distance from previous block
# <min> <max>
0	1

[block]
# block no. 3 follows, 53 sequences, length 11
# corresponding to MSA columns:
# 248-258
name=unknown_D
#
# <colnr> <probs for GDERKNQSTAVLIFYWHMCP>
#	G	D	E	R	K	N	Q	S	T	A	V	L	I	F	Y	W	H	M	C	P
0	0.00911	0.02230	0.00883	0.00791	0.00913	0.00710	0.00617	0.03409	0.00896	0.08446	0.03215	0.02080	0.01329	0.14250	0.42954	0.00521	0.07869	0.03831	0.00309	0.03837
1	0.01261	0.15393	0.30871	0.03215	0.01768	0.22024	0.08469	0.03644	0.02439	0.01385	0.00838	0.01005	0.00658	0.00552	0.02664	0.00155	0.02436	0.00358	0.00232	0.00634
2	0.01100	0.01017	0.06528	0.03241	0.01282	0.01010	0.02788	0.06384	0.43974	0.01774	0.03848	0.01679	0.02790	0.00832	0.03098	0.10689	0.00451	0.00503	0.00397	0.06616
3	0.00884	0.00451	0.00463	0.00469	0.00581	0.00451	0.00358	0.01107	0.01008	0.01763	0.01612	0.01980	0.01309	0.00599	0.00352	0.00117	0.00235	0.04638	0.81178	0.00445
4	0.01008	0.12771	0.07418	0.04081	0.03064	0.02195	0.00760	0.08845	0.03240	0.02946	0.02785	0.06855	0.02736	0.17527	0.10746	0.03819	0.05216	0.03173	0.00306	0.00513
5	0.04813	0.18630	0.03982	0.03366	0.07169	0.36747	0.06545	0.04718	0.03572	0.01360	0.00831	0.00991	0.00688	0.00602	0.03904	0.00155	0.00725	0.00347	0.00253	0.00601
6	0.00661	0.00478	0.00601	0.00649	0.00716	0.00458	0.00462	0.00808	0.03038	0.01342	0.16125	0.34120	0.09715	0.16883	0.00949	0.00238	0.00326	0.11604	0.00429	0.00399
7	0.01154	0.01523	0.22177	0.03772	0.29677	0.06364	0.07993	0.06905	0.04009	0.01616	0.02958	0.01390	0.03291	0.00523	0.00515	0.00150	0.03028	0.01996	0.00271	0.00688
8	0.00571	0.00476	0.00499	0.00510	0.00654	0.00404	0.00376	0.00692	0.01079	0.01307	0.07506	0.13805	0.68010	0.01235	0.00570	0.00165	0.00246	0.01044	0.00447	0.00404
9	0.01229	0.04049	0.06255	0.03542	0.12695	0.14935	0.00994	0.12331	0.03504	0.01572	0.04587	0.05724	0.06891	0.00696	0.00721	0.00159	0.18692	0.00508	0.00308	0.00606
10	0.00623	0.00478	0.00571	0.00565	0.00686	0.00426	0.00417	0.00792	0.01201	0.01597	0.42404	0.13653	0.32601	0.01128	0.00570	0.00160	0.00238	0.00979	0.00485	0.00426

[dist]
# distance from previous block
# <min> <max>
15	18

[block]
# block no. 4 follows, 53 sequences, length 10
# corresponding to MSA columns:
# 277-286
name=unknown_E
#
# <colnr> <probs for GDERKNQSTAVLIFYWHMCP>
#	G	D	E	R	K	N	Q	S	T	A	V	L	I	F	Y	W	H	M	C	P
0	0.00754	0.00530	0.00647	0.00621	0.00762	0.00486	0.00474	0.03481	0.01257	0.05579	0.40918	0.09993	0.25481	0.01075	0.00567	0.00161	0.00268	0.05993	0.00492	0.00462
1	0.00775	0.00658	0.00920	0.00851	0.00960	0.03516	0.05372	0.00928	0.00831	0.01151	0.01436	0.08643	0.03984	0.11007	0.47406	0.00545	0.07002	0.00600	0.00278	0.03138
2	0.01394	0.01281	0.15066	0.00985	0.01417	0.01024	0.00918	0.23332	0.05317	0.13193	0.01129	0.01170	0.00822	0.00499	0.00474	0.00126	0.03370	0.00383	0.00375	0.27723
3	0.01079	0.33098	0.51157	0.01156	0.01750	0.01405	0.01408	0.01482	0.00995	0.01367	0.00785	0.00917	0.00608	0.00437	0.00398	0.00133	0.00633	0.00316	0.00203	0.00671
4	0.01134	0.20799	0.27392	0.06202	0.06604	0.05318	0.13056	0.04208	0.02926	0.01441	0.01004	0.01173	0.03629	0.00484	0.00472	0.00142	0.02726	0.00402	0.00239	0.00649
5	0.00891	0.00445	0.00445	0.00445	0.00557	0.00445	0.00334	0.01114	0.01002	0.01782	0.01559	0.01782	0.01225	0.00557	0.00334	0.00111	0.00223	0.00445	0.85856	0.00445
6	0.01089	0.12093	0.03894	0.02740	0.01160	0.17131	0.00764	0.06658	0.01049	0.01283	0.01253	0.01682	0.05013	0.06031	0.30807	0.00390	0.03997	0.02181	0.00274	0.00512
7	0.00891	0.00445	0.00445	0.00445	0.00557	0.00445	0.00334	0.01114	0.01002	0.01782	0.01559	0.01782	0.01225	0.00557	0.00334	0.00111	0.00223	0.00445	0.85856	0.00445
8	0.01083	0.00968	0.01036	0.00762	0.01172	0.06060	0.00606	0.04939	0.01075	0.01601	0.00856	0.00990	0.00707	0.00374	0.00365	0.00078	0.00396	0.00292	0.00290	0.76349
9	0.01119	0.04026	0.09605	0.07886	0.09748	0.11327	0.16400	0.01450	0.05416	0.05130	0.05421	0.04851	0.10613	0.00646	0.00532	0.00154	0.02672	0.02091	0.00313	0.00599

[dist]
# distance from previous block
# <min> <max>
0	1

[block]
# block no. 5 follows, 53 sequences, length 13
# corresponding to MSA columns:
# 289-301
name=unknown_F
#
# <colnr> <probs for GDERKNQSTAVLIFYWHMCP>
#	G	D	E	R	K	N	Q	S	T	A	V	L	I	F	Y	W	H	M	C	P
0	0.01454	0.21866	0.05292	0.01097	0.04387	0.15585	0.00908	0.25802	0.03791	0.01797	0.00986	0.04028	0.00838	0.03125	0.00547	0.00144	0.04941	0.00403	0.00321	0.02687
1	0.00637	0.00487	0.00569	0.00591	0.00691	0.00450	0.00422	0.00803	0.03956	0.01379	0.17905	0.24546	0.30465	0.11035	0.00801	0.00206	0.00287	0.03916	0.00442	0.00409
2	0.01376	0.24500	0.09276	0.01149	0.04436	0.22193	0.04354	0.07098	0.09066	0.03035	0.02340	0.01148	0.02616	0.00517	0.00461	0.00132	0.03570	0.00378	0.00286	0.02068
3	0.04647	0.06641	0.15026	0.02945	0.14382	0.08353	0.06699	0.06415	0.08722	0.03376	0.02572	0.09671	0.05016	0.00625	0.00473	0.00148	0.00544	0.00534	0.00316	0.02894
4	0.00790	0.00431	0.00611	0.00615	0.00627	0.00428	0.00411	0.00665	0.00706	0.00948	0.06244	0.04716	0.01347	0.13858	0.01787	0.62001	0.00406	0.02903	0.00256	0.00249
5	0.00627	0.00460	0.00609	0.03114	0.00804	0.00440	0.00506	0.00742	0.00961	0.01264	0.05006	0.55732	0.09451	0.05475	0.00699	0.00206	0.00318	0.12755	0.00431	0.00399
6	0.01171	0.08450	0.26236	0.01398	0.13930	0.14963	0.01188	0.04470	0.03709	0.02572	0.02836	0.07556	0.03335	0.00666	0.02349	0.00161	0.03624	0.00474	0.00275	0.00635
7	0.01428	0.12297	0.03525	0.04568	0.06592	0.30175	0.09485	0.06280	0.02976	0.04428	0.04429	0.01146	0.00866	0.00536	0.00566	0.00141	0.09274	0.00398	0.00279	0.00609
8	0.00981	0.00930	0.00851	0.00829	0.00943	0.19998	0.00621	0.01100	0.02807	0.01158	0.04396	0.04208	0.05579	0.08266	0.25975	0.13154	0.00777	0.06712	0.00294	0.00422
9	0.23956	0.07854	0.22588	0.03026	0.16357	0.04628	0.08987	0.03000	0.01014	0.01665	0.00806	0.00991	0.00629	0.00450	0.00437	0.00146	0.02224	0.00358	0.00245	0.00641
10	0.00891	0.00445	0.00445	0.00445	0.00557	0.00445	0.00334	0.01114	0.01002	0.01782	0.01559	0.01782	0.01225	0.00557	0.00334	0.00111	0.00223	0.00445	0.85856	0.00445
11	0.10061	0.01107	0.03734	0.06846	0.13237	0.06228	0.06740	0.07874	0.04680	0.05875	0.01033	0.04079	0.00839	0.00484	0.00431	0.00127	0.00501	0.00410	0.00312	0.25402
12	0.03237	0.09326	0.07296	0.01431	0.12341	0.12735	0.11835	0.18198	0.05853	0.05741	0.01073	0.03815	0.00853	0.00518	0.00461	0.00140	0.00598	0.00439	0.00327	0.03783

[dist]
# distance from previous block
# <min> <max>
1	7

[block]
# block no. 6 follows, 53 sequences, length 26
# corresponding to MSA columns:
# 309-334
name=unknown_G
#
# <colnr> <probs for GDERKNQSTAVLIFYWHMCP>
#	G	D	E	R	K	N	Q	S	T	A	V	L	I	F	Y	W	H	M	C	P
0	0.02871	0.11238	0.08078	0.05067	0.10127	0.05605	0.00931	0.13689	0.11982	0.09434	0.02324	0.01356	0.02117	0.03677	0.00514	0.00147	0.00505	0.00421	0.00351	0.09567
1	0.01122	0.01231	0.04681	0.03726	0.02243	0.01148	0.60124	0.07542	0.01196	0.01628	0.03792	0.03951	0.00953	0.00596	0.03638	0.00183	0.00758	0.00578	0.00275	0.00634
2	0.00584	0.00488	0.00510	0.00514	0.00669	0.00415	0.00391	0.00717	0.01108	0.01342	0.09914	0.04572	0.70606	0.01200	0.00570	0.00164	0.00252	0.05126	0.00449	0.00409
3	0.01136	0.05690	0.08971	0.03406	0.06730	0.11149	0.04223	0.07001	0.08760	0.03553	0.09365	0.08265	0.07172	0.00734	0.00626	0.00158	0.10495	0.01629	0.00343	0.00594
4	0.01313	0.02731	0.14837	0.08148	0.12218	0.14069	0.04497	0.14264	0.01258	0.05905	0.01014	0.02474	0.00817	0.00736	0.04376	0.04358	0.04281	0.01771	0.00294	0.00638
5	0.01319	0.68692	0.02329	0.03307	0.06809	0.04525	0.00876	0.01486	0.01011	0.04862	0.00746	0.00854	0.00651	0.00423	0.00336	0.00109	0.00526	0.00285	0.00226	0.00628
6	0.00592	0.00425	0.00559	0.00662	0.00698	0.00397	0.00448	0.00679	0.00922	0.01222	0.02684	0.74829	0.06043	0.03749	0.00661	0.00201	0.00287	0.04114	0.00439	0.00388
7	0.01331	0.06955	0.06818	0.03077	0.28879	0.03645	0.05492	0.12578	0.02332	0.10208	0.01218	0.02546	0.04465	0.00558	0.00568	0.00149	0.07699	0.00462	0.00319	0.00699
8	0.01090	0.02279	0.03036	0.03771	0.02860	0.00804	0.03912	0.10197	0.05155	0.05950	0.04011	0.06365	0.07727	0.00619	0.00452	0.00123	0.00408	0.04061	0.00362	0.36819
9	0.00715	0.00502	0.00628	0.00591	0.00613	0.00498	0.03935	0.00734	0.00715	0.00955	0.01481	0.03042	0.01690	0.79343	0.02346	0.00449	0.00479	0.00689	0.00287	0.00306
10	0.06371	0.01192	0.05376	0.05220	0.21548	0.08179	0.05211	0.09496	0.03956	0.04025	0.02161	0.03167	0.02198	0.01790	0.00498	0.00138	0.02002	0.00430	0.00304	0.16738
11	0.06241	0.04365	0.08109	0.08508	0.05401	0.21211	0.02800	0.22096	0.08347	0.05625	0.02162	0.01161	0.00829	0.00524	0.00452	0.00142	0.00611	0.00398	0.00343	0.00674
12	0.00652	0.00508	0.00653	0.00612	0.00743	0.00458	0.02948	0.00836	0.01218	0.01639	0.47314	0.08061	0.27479	0.03986	0.00633	0.00168	0.00261	0.00920	0.00479	0.00434
13	0.01543	0.31607	0.01873	0.01191	0.04929	0.42136	0.04736	0.04429	0.01224	0.01254	0.00745	0.00873	0.00634	0.00458	0.00396	0.00119	0.00707	0.00311	0.00239	0.00598
14	0.00719	0.00467	0.00575	0.00590	0.00610	0.00467	0.00381	0.00722	0.00748	0.00992	0.01623	0.04970	0.03892	0.53682	0.04953	0.14263	0.00473	0.09271	0.00300	0.00304
15	0.02965	0.28415	0.06837	0.01203	0.08924	0.06382	0.03466	0.17774	0.16249	0.01787	0.01059	0.01118	0.00832	0.00499	0.00418	0.00133	0.00535	0.00382	0.00324	0.00698
16	0.01205	0.02378	0.14386	0.04573	0.23756	0.02654	0.03342	0.08461	0.05800	0.09502	0.08426	0.02562	0.05103	0.00608	0.00530	0.00152	0.03534	0.02009	0.00343	0.00678
17	0.00795	0.00784	0.05732	0.00797	0.00988	0.03495	0.05568	0.03729	0.06922	0.01463	0.11400	0.16974	0.25683	0.05689	0.04386	0.00210	0.00422	0.04076	0.00405	0.00482
18	0.00857	0.00781	0.01274	0.52259	0.04272	0.00925	0.03919	0.01118	0.00973	0.01283	0.08601	0.06049	0.03433	0.06171	0.02420	0.00196	0.04140	0.00557	0.00268	0.00503
19	0.05250	0.13208	0.15763	0.05456	0.12133	0.11153	0.09388	0.02878	0.03807	0.03317	0.00922	0.02698	0.00748	0.00470	0.00444	0.00134	0.01481	0.00389	0.00259	0.10104
20	0.03947	0.09682	0.04730	0.09615	0.27641	0.06668	0.02904	0.09993	0.01212	0.05199	0.04660	0.01486	0.03783	0.00555	0.00502	0.00146	0.03399	0.02921	0.00301	0.00658
21	0.00673	0.00495	0.00580	0.00599	0.00725	0.00444	0.00447	0.00828	0.02428	0.04292	0.13978	0.23021	0.39329	0.02685	0.00612	0.00178	0.00277	0.07521	0.00458	0.00428
22	0.00659	0.00499	0.00591	0.03405	0.00790	0.00448	0.00453	0.00808	0.01121	0.03854	0.19945	0.16900	0.43781	0.01167	0.00570	0.00166	0.00270	0.03686	0.00457	0.00429
23	0.02466	0.07117	0.23035	0.03385	0.41295	0.01198	0.08842	0.04273	0.01099	0.01572	0.00883	0.01112	0.00700	0.00436	0.00463	0.00144	0.00620	0.00406	0.00235	0.00718
24	0.01106	0.01049	0.03151	0.25931	0.36420	0.01091	0.08782	0.01501	0.08097	0.03971	0.01034	0.01345	0.00823	0.03014	0.00545	0.00161	0.00589	0.00458	0.00265	0.00666
25	0.00689	0.00486	0.00638	0.00638	0.00678	0.00527	0.00435	0.00770	0.00729	0.01013	0.01400	0.02539	0.01482	0.45706	0.39580	0.00607	0.00848	0.00609	0.00274	0.00354

[dist]
# distance from previous block
# <min> <max>
0	2

[block]
# block no. 7 follows, 53 sequences, length 63
# corresponding to MSA columns:
# 337-399
name=unknown_H
#
# <colnr> <probs for GDERKNQSTAVLIFYWHMCP>
#	G	D	E	R	K	N	Q	S	T	A	V	L	I	F	Y	W	H	M	C	P
0	0.01405	0.37206	0.03470	0.01141	0.03649	0.26580	0.04723	0.03681	0.01107	0.01234	0.00721	0.00885	0.00631	0.00496	0.00534	0.00129	0.11262	0.00320	0.00228	0.00596
1	0.01297	0.01287	0.01793	0.16767	0.17799	0.14340	0.18236	0.08575	0.02548	0.04760	0.00989	0.01301	0.00785	0.00511	0.00550	0.00153	0.04899	0.02487	0.00280	0.00643
2	0.01047	0.00886	0.01060	0.00767	0.01177	0.00710	0.02733	0.06940	0.01079	0.01645	0.00895	0.01077	0.00748	0.02936	0.00433	0.00091	0.00383	0.00315	0.00297	0.74781
3	0.25071	0.01406	0.19744	0.04876	0.03904	0.07881	0.02696	0.03397	0.04050	0.03005	0.00924	0.04675	0.00775	0.00668	0.03160	0.00178	0.12322	0.00404	0.00273	0.00590
4	0.03686	0.01280	0.01378	0.01066	0.01436	0.01407	0.00877	0.71264	0.02138	0.06413	0.01212	0.03494	0.00890	0.00598	0.00478	0.00145	0.00510	0.00455	0.00478	0.00794
5	0.00814	0.00620	0.00728	0.00682	0.00841	0.00616	0.00527	0.05553	0.11154	0.03261	0.36253	0.07088	0.22318	0.01004	0.00572	0.00161	0.01639	0.05179	0.00485	0.00503
6	0.01832	0.01315	0.01420	0.01088	0.01470	0.01447	0.00899	0.75161	0.02207	0.06534	0.01181	0.01169	0.00830	0.00575	0.00478	0.00144	0.00521	0.00433	0.00483	0.00813
7	0.00612	0.00465	0.00557	0.00596	0.00669	0.00434	0.00411	0.00710	0.00977	0.01268	0.10683	0.38043	0.26724	0.12748	0.00867	0.00218	0.02116	0.01089	0.00425	0.00388
8	0.00891	0.00445	0.00445	0.00445	0.00557	0.00445	0.00334	0.01114	0.01002	0.01782	0.01559	0.01782	0.01225	0.00557	0.00334	0.00111	0.00223	0.00445	0.85856	0.00445
9	0.01211	0.01328	0.01525	0.02564	0.01414	0.18946	0.05927	0.01342	0.00897	0.01180	0.00677	0.01024	0.00631	0.00728	0.01238	0.00186	0.58019	0.00403	0.00219	0.00538
10	0.00683	0.00512	0.00768	0.00768	0.00853	0.00597	0.00597	0.00853	0.00768	0.01110	0.01280	0.01878	0.01195	0.03585	0.81308	0.00768	0.01280	0.00512	0.00256	0.00427
11	0.00730	0.00499	0.00640	0.00605	0.00730	0.00454	0.00453	0.00933	0.01299	0.05601	0.63433	0.08485	0.12299	0.01015	0.00563	0.00154	0.00239	0.00892	0.00515	0.00460
12	0.00609	0.00481	0.00549	0.00541	0.00675	0.00421	0.00402	0.00768	0.01180	0.01529	0.33796	0.09258	0.45814	0.01139	0.00567	0.00159	0.00238	0.00975	0.00476	0.00421
13	0.01105	0.01045	0.01773	0.03793	0.67733	0.01043	0.02667	0.01364	0.01061	0.01507	0.01093	0.09740	0.01026	0.02329	0.00531	0.00155	0.00540	0.00531	0.00259	0.00703
14	0.02927	0.19151	0.07670	0.05471	0.01612	0.25308	0.06920	0.17343	0.01346	0.01610	0.00863	0.02285	0.00704	0.00512	0.00481	0.00135	0.04376	0.00372	0.00282	0.00632
15	0.05567	0.02110	0.01482	0.01288	0.01562	0.69048	0.09228	0.01845	0.01306	0.01253	0.00760	0.00904	0.00623	0.00481	0.00439	0.00128	0.00834	0.00333	0.00248	0.00562
16	0.01055	0.03586	0.18955	0.08537	0.28051	0.01106	0.21959	0.01417	0.01068	0.01498	0.03418	0.05210	0.00935	0.00499	0.00499	0.00152	0.00640	0.00501	0.00247	0.00667
17	0.00594	0.00479	0.00528	0.00529	0.00667	0.00414	0.00392	0.00737	0.01138	0.01438	0.23001	0.11467	0.54582	0.01180	0.00569	0.00162	0.00241	0.01005	0.00464	0.00414
18	0.00747	0.00565	0.00819	0.00830	0.03265	0.00658	0.00603	0.00855	0.00750	0.01074	0.01202	0.01933	0.01179	0.15337	0.52058	0.08278	0.08670	0.00520	0.00252	0.00405
19	0.00903	0.00850	0.01434	0.82054	0.03292	0.01062	0.01327	0.01221	0.00956	0.01221	0.00850	0.01274	0.00637	0.00478	0.00478	0.00159	0.00637	0.00425	0.00212	0.00531
20	0.01194	0.05455	0.04437	0.15720	0.33943	0.08082	0.11960	0.03618	0.08042	0.01519	0.00972	0.01211	0.00771	0.00461	0.00475	0.00146	0.00622	0.00434	0.00260	0.00678
21	0.00891	0.00445	0.00445	0.00445	0.00557	0.00445	0.00334	0.01114	0.01002	0.01782	0.01559	0.01782	0.01225	0.00557	0.00334	0.00111	0.00223	0.00445	0.85856	0.00445
22	0.00696	0.00523	0.00759	0.00753	0.00824	0.00609	0.00573	0.00843	0.00758	0.01088	0.01288	0.02010	0.01246	0.13639	0.68656	0.00711	0.03822	0.00532	0.00259	0.00412
23	0.86579	0.00924	0.00702	0.00629	0.00924	0.01072	0.00518	0.01405	0.00813	0.02144	0.00666	0.00776	0.00518	0.00444	0.00296	0.00148	0.00370	0.00259	0.00296	0.00518
24	0.01123	0.01370	0.12647	0.08643	0.33491	0.02798	0.29871	0.01486	0.01087	0.01509	0.00911	0.01200	0.00713	0.00427	0.00504	0.00151	0.00685	0.00465	0.00232	0.00687
25	0.00873	0.00792	0.01133	0.01023	0.01064	0.01051	0.00832	0.01009	0.00749	0.01131	0.00938	0.01442	0.00898	0.02145	0.39535	0.00475	0.43738	0.00463	0.00231	0.00477
26	0.00812	0.03382	0.00797	0.00690	0.00852	0.00671	0.00531	0.01295	0.19738	0.01876	0.54902	0.03110	0.07687	0.00893	0.00537	0.00152	0.00272	0.00775	0.00502	0.00526
27	0.81837	0.05514	0.00803	0.00639	0.00941	0.01118	0.00534	0.01406	0.00822	0.02088	0.00665	0.00776	0.00523	0.00442	0.00296	0.00145	0.00378	0.00259	0.00291	0.00523
28	0.00695	0.00464	0.00527	0.00527	0.00529	0.00466	0.00296	0.00699	0.00697	0.00931	0.01501	0.03100	0.01726	0.81443	0.04176	0.00470	0.00481	0.00691	0.00289	0.00293
29	0.01314	0.01314	0.01760	0.04709	0.56639	0.13575	0.01307	0.07066	0.04764	0.01614	0.00938	0.01161	0.00768	0.00458	0.00468	0.00141	0.00604	0.00413	0.00266	0.00723
30	0.00753	0.00570	0.00747	0.00839	0.02686	0.00561	0.00688	0.01011	0.05129	0.01444	0.04996	0.06216	0.18465	0.01237	0.00624	0.00201	0.00391	0.52545	0.00441	0.00455
31	0.00695	0.00465	0.00530	0.00530	0.00532	0.00468	0.00300	0.00700	0.00697	0.00933	0.01498	0.03086	0.01720	0.80553	0.05057	0.00474	0.00491	0.00689	0.00288	0.00294
32	0.01010	0.00692	0.00883	0.00877	0.01046	0.00709	0.00741	0.14213	0.02494	0.05756	0.10957	0.05752	0.02498	0.01118	0.00626	0.01648	0.00424	0.47572	0.00461	0.00523
33	0.01278	0.83490	0.02505	0.00818	0.01227	0.01891	0.00818	0.01431	0.00971	0.01125	0.00664	0.00767	0.00613	0.00409	0.00307	0.00102	0.00511	0.00256	0.00204	0.00613
34	0.06378	0.03173	0.04503	0.00996	0.01343	0.19928	0.00827	0.14170	0.06581	0.35232	0.01368	0.01291	0.00937	0.00552	0.00454	0.00141	0.00544	0.00414	0.00445	0.00724
35	0.00669	0.00561	0.00592	0.00592	0.00753	0.00526	0.00445	0.00976	0.13023	0.01395	0.04067	0.13452	0.56546	0.01162	0.00561	0.00167	0.00273	0.03331	0.00450	0.00457
36	0.00585	0.00417	0.00554	0.00661	0.00688	0.00390	0.00439	0.00666	0.00909	0.01212	0.02603	0.80658	0.03121	0.03784	0.00661	0.00202	0.00283	0.01340	0.00439	0.00385
37	0.00667	0.00533	0.02754	0.00710	0.00784	0.00482	0.00512	0.03935	0.03408	0.01351	0.04936	0.69704	0.04355	0.01382	0.00595	0.00188	0.00303	0.02529	0.00442	0.00428
38	0.01838	0.01251	0.01372	0.01055	0.01428	0.01357	0.00868	0.66830	0.02098	0.13362	0.01254	0.01252	0.00881	0.02242	0.00518	0.00150	0.00509	0.00442	0.00490	0.00802
39	0.00588	0.00429	0.00556	0.00655	0.00700	0.00396	0.00448	0.00681	0.00941	0.01236	0.02864	0.71437	0.11300	0.01460	0.00607	0.00192	0.00280	0.04393	0.00444	0.00392
40	0.05776	0.00941	0.01054	0.00898	0.01184	0.02415	0.00715	0.12227	0.29827	0.24525	0.06285	0.06927	0.01552	0.00701	0.00490	0.00157	0.00401	0.02709	0.00500	0.00715
41	0.00953	0.00926	0.01445	0.75781	0.05576	0.04870	0.01313	0.01261	0.00979	0.01229	0.00846	0.01252	0.00640	0.00477	0.00475	0.00157	0.00646	0.00419	0.00215	0.00539
42	0.01113	0.01047	0.01763	0.02623	0.69565	0.01042	0.01331	0.01385	0.01112	0.01590	0.09430	0.03622	0.01224	0.00514	0.00487	0.00144	0.00523	0.00498	0.00273	0.00714
43	0.00762	0.00534	0.00672	0.00631	0.00758	0.00506	0.00471	0.02235	0.05063	0.04712	0.60243	0.08400	0.07986	0.04134	0.00630	0.00166	0.00258	0.00860	0.00507	0.00472
44	0.00915	0.00850	0.05521	0.05297	0.14934	0.02981	0.03428	0.02627	0.04224	0.04378	0.13020	0.11651	0.11248	0.08329	0.06392	0.00229	0.00498	0.02581	0.00362	0.00536
45	0.00591	0.00424	0.00558	0.00659	0.00694	0.00396	0.00444	0.00679	0.00928	0.01234	0.04261	0.74881	0.05644	0.03646	0.00657	0.00200	0.00284	0.02992	0.00441	0.00389
46	0.00991	0.00850	0.00991	0.00708	0.01133	0.00637	0.00566	0.01203	0.00991	0.01557	0.00850	0.00991	0.00708	0.00354	0.00354	0.00071	0.00354	0.00283	0.00283	0.86124
47	0.01296	0.77609	0.04234	0.00851	0.01258	0.05814	0.00845	0.01457	0.00991	0.01136	0.00673	0.00777	0.00613	0.00414	0.00316	0.00104	0.00533	0.00260	0.00206	0.00613
48	0.00675	0.00494	0.00621	0.00666	0.00758	0.00468	0.00512	0.00822	0.01049	0.01373	0.15787	0.15236	0.18499	0.14524	0.00905	0.00232	0.00346	0.26198	0.00431	0.00403
49	0.00968	0.04748	0.78529	0.01347	0.02045	0.01132	0.01739	0.01511	0.01008	0.01503	0.00852	0.01002	0.00606	0.00453	0.00450	0.00150	0.00701	0.00350	0.00202	0.00704
50	0.00664	0.00461	0.00544	0.00577	0.00605	0.00448	0.00366	0.00710	0.00809	0.01062	0.02131	0.21129	0.09130	0.51677	0.01730	0.00359	0.00401	0.06519	0.00349	0.00333
51	0.00681	0.00469	0.00550	0.00551	0.00578	0.00466	0.00338	0.00725	0.00794	0.01066	0.09274	0.06151	0.06270	0.61870	0.07918	0.00429	0.00482	0.00740	0.00324	0.00325
52	0.00717	0.00533	0.00656	0.00642	0.00761	0.00510	0.00484	0.03134	0.04547	0.01687	0.44139	0.10808	0.14424	0.06618	0.00698	0.00184	0.00284	0.08245	0.00480	0.00450
53	0.01785	0.02278	0.01354	0.01231	0.01478	0.81284	0.00924	0.01909	0.01354	0.01170	0.00739	0.00862	0.00616	0.00493	0.00431	0.00123	0.00862	0.00308	0.00246	0.00554
54	0.00582	0.00416	0.00555	0.00666	0.00693	0.00388	0.00444	0.00666	0.00915	0.01220	0.02634	0.82891	0.03161	0.01497	0.00610	0.00194	0.00277	0.01359	0.00444	0.00388
55	0.86579	0.00924	0.00702	0.00629	0.00924	0.01072	0.00518	0.01405	0.00813	0.02144	0.00666	0.00776	0.00518	0.00444	0.00296	0.00148	0.00370	0.00259	0.00296	0.00518
56	0.01278	0.83490	0.02505	0.00818	0.01227	0.01891	0.00818	0.01431	0.00971	0.01125	0.00664	0.00767	0.00613	0.00409	0.00307	0.00102	0.00511	0.00256	0.00204	0.00613
57	0.00830	0.00415	0.00623	0.00623	0.00623	0.00415	0.00415	0.00623	0.00623	0.00830	0.00830	0.01453	0.00830	0.01660	0.01868	0.86094	0.00415	0.00415	0.00208	0.00208
58	0.00991	0.00850	0.00991	0.00708	0.01133	0.00637	0.00566	0.01203	0.00991	0.01557	0.00850	0.00991	0.00708	0.00354	0.00354	0.00071	0.00354	0.00283	0.00283	0.86124
59	0.00587	0.00419	0.00558	0.00663	0.00694	0.00391	0.00444	0.00676	0.00935	0.01252	0.06147	0.79287	0.03222	0.01474	0.00608	0.00192	0.00275	0.01336	0.00447	0.00391
60	0.01056	0.00868	0.05374	0.00802	0.01041	0.00809	0.00674	0.23162	0.03952	0.03739	0.37461	0.02833	0.11208	0.00855	0.00533	0.00153	0.00358	0.04060	0.00482	0.00580
61	0.02341	0.03358	0.01473	0.13460	0.16946	0.04382	0.04369	0.14922	0.08047	0.04567	0.01074	0.03053	0.00867	0.01926	0.00556	0.00147	0.05356	0.00438	0.00320	0.12398
62	0.01182	0.10318	0.06651	0.04359	0.44880	0.07891	0.02826	0.02890	0.01099	0.01472	0.02629	0.03563	0.02844	0.00509	0.00495	0.00141	0.03336	0.00443	0.00253	0.02219

[dist]
# distance from previous block
# <min> <max>
1	7

[block]
# block no. 8 follows, 53 sequences, length 29
# corresponding to MSA columns:
# 407-435
name=unknown_I
#
# <colnr> <probs for GDERKNQSTAVLIFYWHMCP>
#	G	D	E	R	K	N	Q	S	T	A	V	L	I	F	Y	W	H	M	C	P
0	0.15228	0.06729	0.20732	0.01251	0.12994	0.03991	0.01043	0.04422	0.03031	0.01641	0.02925	0.06124	0.00915	0.00536	0.00469	0.00139	0.04129	0.00416	0.00278	0.13008
1	0.01050	0.00964	0.01078	0.02586	0.13855	0.10986	0.00752	0.01288	0.05130	0.04498	0.05110	0.14650	0.10540	0.00733	0.00507	0.00136	0.02845	0.00618	0.00345	0.22331
2	0.00682	0.00520	0.00698	0.00706	0.00783	0.00565	0.00523	0.00838	0.03151	0.01173	0.03491	0.17756	0.11792	0.10990	0.38798	0.01925	0.04109	0.00758	0.00329	0.00412
3	0.00991	0.00850	0.00991	0.00708	0.01133	0.00637	0.00566	0.01203	0.00991	0.01557	0.00850	0.00991	0.00708	0.00354	0.00354	0.00071	0.00354	0.00283	0.00283	0.86124
4	0.00606	0.00487	0.00547	0.00567	0.00703	0.00427	0.00434	0.00749	0.01105	0.01376	0.13112	0.12234	0.53594	0.01226	0.00582	0.00171	0.00269	0.10947	0.00453	0.00412
5	0.00685	0.00460	0.00530	0.00545	0.00550	0.00457	0.00317	0.00699	0.00728	0.00970	0.01650	0.11730	0.01913	0.72600	0.02197	0.00429	0.00443	0.02484	0.00310	0.00304
6	0.01817	0.01339	0.01434	0.01100	0.01482	0.01482	0.00908	0.78627	0.02247	0.03012	0.01148	0.01148	0.00813	0.00574	0.00478	0.00143	0.00526	0.00430	0.00478	0.00813
7	0.00830	0.00415	0.00623	0.00623	0.00623	0.00415	0.00415	0.00623	0.00623	0.00830	0.00830	0.01453	0.00830	0.01660	0.01868	0.86094	0.00415	0.00415	0.00208	0.00208
8	0.00918	0.00471	0.00474	0.00464	0.00584	0.00475	0.00351	0.03354	0.01038	0.01817	0.01547	0.01764	0.01213	0.00557	0.00338	0.00112	0.00232	0.00445	0.83388	0.00456
9	0.79802	0.00939	0.00749	0.00657	0.00960	0.01077	0.00542	0.04854	0.00897	0.04994	0.00731	0.00823	0.00555	0.00455	0.00310	0.00148	0.00378	0.00274	0.00314	0.00541
10	0.01817	0.01339	0.01434	0.01100	0.01482	0.01482	0.00908	0.78627	0.02247	0.03012	0.01148	0.01148	0.00813	0.00574	0.00478	0.00143	0.00526	0.00430	0.00478	0.00813
11	0.01230	0.19998	0.16183	0.01142	0.06743	0.13544	0.01000	0.04454	0.11548	0.03767	0.04586	0.01408	0.04479	0.02399	0.02602	0.00161	0.03400	0.00425	0.00299	0.00632
12	0.05445	0.53264	0.10472	0.00934	0.01341	0.06912	0.02472	0.07060	0.02392	0.01374	0.00781	0.00924	0.00673	0.02222	0.01865	0.00136	0.00566	0.00307	0.00239	0.00622
13	0.01423	0.01174	0.01200	0.01013	0.01313	0.04811	0.00802	0.29754	0.45400	0.02288	0.01590	0.01563	0.01200	0.03587	0.00551	0.00165	0.00456	0.00496	0.00466	0.00751
14	0.01011	0.00860	0.01151	0.03259	0.15325	0.06012	0.02803	0.02782	0.01014	0.05644	0.06270	0.06224	0.04339	0.10852	0.12230	0.00288	0.11234	0.07852	0.00321	0.00528
15	0.01278	0.83490	0.02505	0.00818	0.01227	0.01891	0.00818	0.01431	0.00971	0.01125	0.00664	0.00767	0.00613	0.00409	0.00307	0.00102	0.00511	0.00256	0.00204	0.00613
16	0.00565	0.00484	0.00484	0.00484	0.00646	0.00403	0.00363	0.00686	0.01089	0.01291	0.04842	0.04600	0.80027	0.01210	0.00565	0.00161	0.00242	0.01009	0.00444	0.00403
17	0.00734	0.00531	0.00662	0.00621	0.00753	0.00502	0.00470	0.00978	0.04429	0.04521	0.56438	0.06348	0.17342	0.01006	0.00582	0.00156	0.02088	0.00871	0.00502	0.00467
18	0.00705	0.00506	0.00693	0.00793	0.00880	0.00494	0.00648	0.00882	0.01058	0.01390	0.06632	0.28367	0.04614	0.01353	0.00638	0.00207	0.00376	0.48894	0.00446	0.00424
19	0.00991	0.00850	0.00991	0.00708	0.01133	0.00637	0.00566	0.01203	0.00991	0.01557	0.00850	0.00991	0.00708	0.00354	0.00354	0.00071	0.00354	0.00283	0.00283	0.86124
20	0.01211	0.01038	0.01093	0.00977	0.01251	0.01199	0.00762	0.05203	0.76659	0.02035	0.01917	0.01761	0.01436	0.00646	0.00486	0.00161	0.00383	0.00537	0.00486	0.00759
21	0.00701	0.00528	0.00788	0.00780	0.00860	0.00622	0.00607	0.00856	0.00762	0.01101	0.01241	0.01833	0.01161	0.03417	0.75589	0.03820	0.04155	0.00505	0.00253	0.00422
22	0.01265	0.78991	0.04787	0.00865	0.01284	0.01851	0.02870	0.01436	0.00976	0.01146	0.00678	0.00787	0.00616	0.00410	0.00318	0.00105	0.00525	0.00266	0.00205	0.00617
23	0.00570	0.00462	0.00507	0.00542	0.00661	0.00399	0.00389	0.00679	0.01033	0.01268	0.04133	0.29748	0.55337	0.01303	0.00579	0.00172	0.00253	0.01121	0.00444	0.00399
24	0.01204	0.00999	0.01068	0.00958	0.01224	0.01142	0.00749	0.04166	0.70922	0.04258	0.04442	0.01912	0.01566	0.00672	0.00493	0.00162	0.00379	0.02453	0.00489	0.00742
25	0.00990	0.03963	0.69149	0.01396	0.04256	0.01104	0.05471	0.01505	0.01033	0.02801	0.03404	0.01115	0.00750	0.00469	0.00461	0.00150	0.00683	0.00382	0.00222	0.00696
26	0.01868	0.01257	0.01384	0.01061	0.01442	0.01361	0.00876	0.66786	0.02111	0.15046	0.01262	0.01222	0.00870	0.00577	0.00479	0.00144	0.00507	0.00438	0.00496	0.00813
27	0.01510	0.01117	0.01209	0.00991	0.01312	0.01234	0.00797	0.37545	0.32453	0.08314	0.03688	0.01648	0.04693	0.00643	0.00488	0.00152	0.00439	0.00514	0.00490	0.00763
28	0.00590	0.00430	0.00557	0.00648	0.00696	0.00397	0.00443	0.00689	0.00963	0.01273	0.07388	0.68493	0.11050	0.01434	0.00604	0.00189	0.00274	0.03037	0.00448	0.00395

[dist]
# distance from previous block
# <min> <max>
0	1

[block]
# block no. 9 follows, 53 sequences, length 15
# corresponding to MSA columns:
# 437-451
name=unknown_J
#
# <colnr> <probs for GDERKNQSTAVLIFYWHMCP>
#	G	D	E	R	K	N	Q	S	T	A	V	L	I	F	Y	W	H	M	C	P
0	0.01627	0.01330	0.03240	0.00962	0.01233	0.29999	0.00777	0.03114	0.03350	0.27182	0.01557	0.01847	0.03509	0.00648	0.00470	0.00144	0.00562	0.08841	0.08985	0.00624
1	0.00760	0.00540	0.00748	0.00851	0.00951	0.00540	0.00729	0.00961	0.01069	0.01392	0.02469	0.07639	0.02699	0.06549	0.00772	0.00235	0.00437	0.69801	0.00431	0.00429
2	0.60645	0.01087	0.03316	0.00802	0.01111	0.06002	0.03663	0.09941	0.01020	0.02072	0.00780	0.00920	0.00610	0.00660	0.05508	0.00186	0.00502	0.00312	0.00305	0.00557
3	0.04688	0.00877	0.01402	0.74422	0.03097	0.01084	0.01271	0.05129	0.01015	0.01352	0.00857	0.01246	0.00641	0.00481	0.00470	0.00158	0.00620	0.00418	0.00229	0.00545
4	0.00690	0.00580	0.04336	0.00636	0.00777	0.00481	0.00512	0.00930	0.01337	0.01898	0.76317	0.03452	0.04330	0.00953	0.00559	0.00150	0.00248	0.00841	0.00511	0.00463
5	0.01123	0.00853	0.00985	0.00925	0.01147	0.00923	0.00765	0.16903	0.25061	0.03716	0.02214	0.03316	0.06979	0.00944	0.00561	0.00182	0.00425	0.31894	0.00465	0.00616
6	0.00595	0.00433	0.00580	0.02875	0.00764	0.00410	0.00466	0.00691	0.00940	0.01252	0.05949	0.75153	0.05237	0.01440	0.00603	0.00190	0.00284	0.01303	0.00441	0.00395
7	0.01278	0.83490	0.02505	0.00818	0.01227	0.01891	0.00818	0.01431	0.00971	0.01125	0.00664	0.00767	0.00613	0.00409	0.00307	0.00102	0.00511	0.00256	0.00204	0.00613
8	0.00826	0.00640	0.00788	0.00830	0.00979	0.00663	0.00688	0.01280	0.18599	0.01550	0.05715	0.07794	0.12467	0.01150	0.00603	0.00196	0.00385	0.43887	0.00454	0.00504
9	0.00584	0.00421	0.00554	0.00656	0.00692	0.00391	0.00440	0.00674	0.00936	0.01245	0.05102	0.77111	0.06487	0.01469	0.00607	0.00191	0.00274	0.01329	0.00446	0.00391
10	0.01817	0.01339	0.01434	0.01100	0.01482	0.01482	0.00908	0.78627	0.02247	0.03012	0.01148	0.01148	0.00813	0.00574	0.00478	0.00143	0.00526	0.00430	0.00478	0.00813
11	0.00664	0.00488	0.00621	0.00588	0.00706	0.00446	0.00441	0.00877	0.01323	0.01844	0.71298	0.03689	0.13226	0.01004	0.00564	0.00152	0.00227	0.00881	0.00517	0.00446
12	0.01128	0.01289	0.02820	0.02015	0.02498	0.01209	0.78485	0.01531	0.01128	0.01531	0.00967	0.01289	0.00725	0.00403	0.00564	0.00161	0.00806	0.00564	0.00242	0.00645
13	0.49044	0.00977	0.01164	0.12572	0.10877	0.01087	0.06523	0.04229	0.02461	0.05877	0.00845	0.01009	0.00640	0.00459	0.00382	0.00150	0.00471	0.00347	0.00298	0.00587
14	0.03492	0.01859	0.09496	0.04359	0.05262	0.43027	0.01013	0.16591	0.03853	0.01631	0.00958	0.04493	0.00793	0.00547	0.00453	0.00137	0.00707	0.00397	0.00302	0.00627

[dist]
# distance from previous block
# <min> <max>
0	1

[block]
# block no. 10 follows, 53 sequences, length 19
# corresponding to MSA columns:
# 453-471
name=unknown_K
#
# <colnr> <probs for GDERKNQSTAVLIFYWHMCP>
#	G	D	E	R	K	N	Q	S	T	A	V	L	I	F	Y	W	H	M	C	P
0	0.11761	0.16705	0.22986	0.04736	0.13454	0.08024	0.07298	0.03323	0.02725	0.03561	0.00859	0.01018	0.00668	0.00451	0.00420	0.00139	0.00607	0.00359	0.00249	0.00655
1	0.05053	0.07263	0.03069	0.07946	0.13547	0.00881	0.00796	0.02622	0.10911	0.02922	0.04875	0.15570	0.09746	0.03386	0.07329	0.02026	0.00492	0.00668	0.00347	0.00552
2	0.01119	0.00989	0.03848	0.01273	0.18622	0.00865	0.00843	0.08477	0.07125	0.03556	0.05450	0.04004	0.01086	0.00494	0.00428	0.00113	0.00422	0.00423	0.00330	0.40531
