[name]
unknown

[dist]
# distance from previous block
# <min> <max>
0	29

[block]
# block no. 0 follows, 55 sequences, length 13
# corresponding to MSA columns:
# 180-192
name=unknown_A
#
# <colnr> <probs for GDERKNQSTAVLIFYWHMCP>
#	G	D	E	R	K	N	Q	S	T	A	V	L	I	F	Y	W	H	M	C	P
0	0.03801	0.00671	0.03677	0.00924	0.01084	0.00630	0.05158	0.01065	0.01057	0.04322	0.02232	0.05932	0.03743	0.01140	0.00631	0.00202	0.02524	0.60338	0.00404	0.00465
1	0.00616	0.00569	0.00519	0.00512	0.00674	0.04950	0.00384	0.00734	0.01075	0.01250	0.04489	0.04273	0.76083	0.01139	0.00543	0.00155	0.00269	0.00944	0.00421	0.00401
2	0.00567	0.00405	0.00540	0.00648	0.00675	0.00378	0.00432	0.00648	0.00891	0.01188	0.02564	0.83347	0.03077	0.01457	0.00594	0.00189	0.00270	0.01323	0.00432	0.00378
3	0.01768	0.01303	0.01396	0.01070	0.01443	0.01443	0.00884	0.79197	0.02187	0.02932	0.01117	0.01117	0.00791	0.00558	0.00465	0.00140	0.00512	0.00419	0.00465	0.00791
4	0.00879	0.00827	0.01395	0.82532	0.03204	0.01034	0.01292	0.01189	0.00930	0.01189	0.00827	0.01240	0.00620	0.00465	0.00465	0.00155	0.00620	0.00413	0.00207	0.00517
5	0.13649	0.00941	0.01042	0.00846	0.01149	0.00984	0.00685	0.27622	0.08277	0.23878	0.07942	0.04848	0.04817	0.00646	0.00457	0.00146	0.00401	0.00513	0.00472	0.00683
6	0.01203	0.01203	0.01838	0.02710	0.73777	0.08197	0.01381	0.01466	0.01082	0.01486	0.00861	0.01124	0.00725	0.00420	0.00457	0.00137	0.00578	0.00404	0.00231	0.00720
7	0.01061	0.00925	0.00996	0.00765	0.01122	0.05005	0.00606	0.07233	0.10193	0.01683	0.07970	0.01279	0.01101	0.00454	0.00390	0.00094	0.00375	0.00366	0.00332	0.58047
8	0.01760	0.17470	0.04880	0.00851	0.01220	0.00985	0.00756	0.08743	0.01314	0.50308	0.05903	0.01455	0.01166	0.00554	0.00437	0.00135	0.00429	0.00435	0.00471	0.00728
9	0.01263	0.00892	0.00989	0.00822	0.01073	0.00936	0.00650	0.36354	0.05840	0.07737	0.11988	0.08249	0.15327	0.04990	0.00597	0.00164	0.00390	0.00659	0.00462	0.00618
10	0.14954	0.04539	0.06878	0.00885	0.01223	0.03013	0.00767	0.20041	0.07297	0.24491	0.01377	0.08433	0.01067	0.00606	0.00438	0.00144	0.00440	0.00476	0.00426	0.02503
11	0.03095	0.06904	0.20371	0.01194	0.08060	0.06473	0.03107	0.14585	0.07022	0.06005	0.03377	0.01300	0.03782	0.00590	0.02219	0.00150	0.03391	0.00414	0.00317	0.07645
12	0.23713	0.03075	0.01207	0.08118	0.03266	0.18396	0.02879	0.19071	0.06795	0.05914	0.02764	0.01091	0.00797	0.00504	0.00411	0.00139	0.00537	0.00369	0.00338	0.00617

[dist]
# distance from previous block
# <min> <max>
3	23

[block]
# block no. 1 follows, 55 sequences, length 29
# corresponding to MSA columns:
# 225-238,240-250,256-259
name=unknown_B
#
# <colnr> <probs for GDERKNQSTAVLIFYWHMCP>
#	G	D	E	R	K	N	Q	S	T	A	V	L	I	F	Y	W	H	M	C	P
0	0.06864	0.04361	0.01253	0.07971	0.04854	0.10674	0.05727	0.10779	0.08068	0.17447	0.12957	0.03408	0.02414	0.00605	0.00464	0.00143	0.00482	0.00503	0.00398	0.00628
1	0.05985	0.01089	0.01304	0.04495	0.12933	0.06856	0.04520	0.21361	0.07391	0.09648	0.05256	0.04467	0.01088	0.00550	0.00451	0.00135	0.00483	0.00459	0.00373	0.11157
2	0.02635	0.03028	0.06238	0.17524	0.27555	0.04384	0.04022	0.08369	0.12204	0.03280	0.01072	0.03101	0.00853	0.00496	0.00457	0.00143	0.00544	0.00437	0.00293	0.03366
3	0.01137	0.03168	0.01615	0.19089	0.44369	0.04579	0.01218	0.03490	0.05170	0.03303	0.02751	0.01227	0.00830	0.00454	0.00452	0.00137	0.00544	0.00414	0.00261	0.05792
4	0.01437	0.08078	0.09679	0.04473	0.03580	0.19296	0.08114	0.16950	0.03141	0.10388	0.02902	0.03007	0.02185	0.00547	0.00500	0.00140	0.04182	0.00428	0.00329	0.00644
5	0.00744	0.00657	0.03596	0.02172	0.04337	0.00561	0.00550	0.04323	0.02065	0.01456	0.15219	0.15019	0.26709	0.05379	0.03135	0.00180	0.00347	0.00793	0.00390	0.12367
6	0.01024	0.00831	0.00945	0.00726	0.01074	0.02442	0.00573	0.06484	0.02671	0.04684	0.01229	0.07801	0.04412	0.00615	0.03301	0.00117	0.00391	0.00421	0.00322	0.59936
7	0.01344	0.01378	0.09606	0.01610	0.20189	0.07627	0.10844	0.23936	0.13636	0.01952	0.01093	0.01200	0.00828	0.00493	0.00468	0.00142	0.00574	0.00431	0.00334	0.02315
8	0.00671	0.00440	0.00553	0.00604	0.00642	0.00417	0.00392	0.00733	0.00853	0.04589	0.03998	0.49916	0.04347	0.28263	0.01166	0.00271	0.00333	0.01055	0.00391	0.00366
9	0.03033	0.08353	0.63088	0.01436	0.10630	0.02688	0.01573	0.01467	0.00990	0.01458	0.00819	0.00975	0.00604	0.00436	0.00429	0.00142	0.00653	0.00341	0.00203	0.00679
10	0.03755	0.41382	0.35416	0.01052	0.01559	0.01430	0.04341	0.01409	0.00955	0.01295	0.00761	0.00932	0.00627	0.02800	0.00428	0.00133	0.00583	0.00313	0.00205	0.00624
11	0.00669	0.00455	0.00545	0.00551	0.00565	0.00466	0.00335	0.00698	0.00699	0.00944	0.01495	0.07408	0.01692	0.67151	0.14010	0.00480	0.00558	0.00687	0.00286	0.00307
12	0.00565	0.00424	0.00524	0.00599	0.00663	0.00383	0.00411	0.00659	0.00946	0.01223	0.05046	0.60371	0.23758	0.01371	0.00581	0.00179	0.00260	0.01220	0.00434	0.00383
13	0.02473	0.03234	0.15871	0.01082	0.06761	0.01803	0.07407	0.05841	0.01101	0.09677	0.02006	0.21047	0.12189	0.00856	0.00515	0.00161	0.00459	0.06591	0.00364	0.00564
14	0.01181	0.01094	0.01722	0.13441	0.59659	0.04358	0.01322	0.01500	0.04757	0.05077	0.00953	0.01198	0.00766	0.00441	0.00460	0.00141	0.00558	0.00417	0.00254	0.00701
15	0.00879	0.00827	0.01395	0.82532	0.03204	0.01034	0.01292	0.01189	0.00930	0.01189	0.00827	0.01240	0.00620	0.00465	0.00465	0.00155	0.00620	0.00413	0.00207	0.00517
16	0.01244	0.83930	0.02438	0.00796	0.01194	0.01841	0.00796	0.01393	0.00945	0.01095	0.00647	0.00746	0.00597	0.00398	0.00299	0.00100	0.00498	0.00249	0.00199	0.00597
17	0.00665	0.00498	0.00748	0.00748	0.00831	0.00582	0.00582	0.00831	0.00748	0.01080	0.01246	0.01828	0.01163	0.03489	0.81807	0.00748	0.01246	0.00498	0.00249	0.00415
18	0.01074	0.00829	0.00916	0.00830	0.01059	0.00905	0.00648	0.01962	0.50197	0.08060	0.14374	0.02422	0.09843	0.00760	0.00500	0.00157	0.00337	0.03999	0.00481	0.00647
19	0.86937	0.00900	0.00684	0.00612	0.00900	0.01044	0.00504	0.01368	0.00792	0.02087	0.00648	0.00756	0.00504	0.00432	0.00288	0.00144	0.00360	0.00252	0.00288	0.00504
20	0.02087	0.00792	0.01080	0.00828	0.01188	0.00684	0.00684	0.02267	0.01332	0.81071	0.01835	0.01583	0.01152	0.00576	0.00468	0.00144	0.00396	0.00468	0.00576	0.00792
21	0.00706	0.00594	0.00879	0.10272	0.13310	0.00587	0.02121	0.00864	0.00976	0.01286	0.05268	0.40261	0.17185	0.01090	0.00549	0.00170	0.00358	0.02689	0.00375	0.00460
22	0.01263	0.00970	0.01052	0.00927	0.01199	0.01092	0.00726	0.04252	0.67156	0.10842	0.03939	0.01750	0.01453	0.00632	0.00475	0.00155	0.00371	0.00525	0.00486	0.00736
23	0.00614	0.00442	0.00563	0.00611	0.00668	0.00418	0.00424	0.00724	0.00966	0.01298	0.18780	0.40735	0.10055	0.14030	0.03410	0.00236	0.00323	0.04904	0.00420	0.00381
24	0.00568	0.00410	0.00539	0.00638	0.00673	0.00380	0.00428	0.00655	0.00910	0.01209	0.04714	0.77570	0.06723	0.01431	0.00591	0.00186	0.00267	0.01294	0.00434	0.00380
25	0.00963	0.02171	0.66445	0.03212	0.07370	0.01091	0.09348	0.01466	0.00998	0.01472	0.00848	0.01026	0.00611	0.00436	0.00454	0.00148	0.00687	0.00370	0.00203	0.00681
26	0.00723	0.00487	0.00568	0.00563	0.00593	0.00500	0.00354	0.03524	0.00769	0.01053	0.01491	0.04762	0.01647	0.64303	0.10089	0.00440	0.00517	0.03073	0.04217	0.00327
27	0.05528	0.10561	0.03362	0.01356	0.17062	0.16467	0.00940	0.18699	0.07296	0.04316	0.01107	0.06305	0.00945	0.00570	0.00456	0.00139	0.01751	0.02158	0.00329	0.00652
28	0.09737	0.05222	0.02620	0.03603	0.23326	0.11862	0.14960	0.06739	0.01152	0.07649	0.01128	0.03409	0.04248	0.00511	0.00471	0.00142	0.01843	0.00451	0.00292	0.00635

[dist]
# distance from previous block
# <min> <max>
1	22

[block]
# block no. 2 follows, 55 sequences, length 30
# corresponding to MSA columns:
# 282-311
name=unknown_C
#
# <colnr> <probs for GDERKNQSTAVLIFYWHMCP>
#	G	D	E	R	K	N	Q	S	T	A	V	L	I	F	Y	W	H	M	C	P
0	0.03611	0.06944	0.07365	0.02192	0.04750	0.02873	0.07341	0.02682	0.02259	0.04299	0.20277	0.13388	0.11342	0.00888	0.02188	0.02256	0.02491	0.00695	0.00365	0.01793
1	0.01172	0.14692	0.17672	0.01007	0.01339	0.12779	0.04802	0.06637	0.06856	0.05013	0.01222	0.08295	0.03352	0.00732	0.00613	0.10678	0.00547	0.01735	0.00292	0.00565
2	0.01050	0.00870	0.02699	0.03056	0.12155	0.00880	0.00757	0.12764	0.20368	0.04037	0.10556	0.07890	0.14411	0.00760	0.00494	0.00150	0.00380	0.01537	0.02618	0.02568
3	0.01112	0.30584	0.35566	0.02456	0.03624	0.01297	0.02432	0.02989	0.01024	0.05867	0.03912	0.01144	0.03093	0.00485	0.00430	0.00132	0.02604	0.00364	0.00245	0.00639
4	0.00788	0.00716	0.01240	0.09467	0.01430	0.00724	0.19714	0.01037	0.03392	0.01362	0.09222	0.29498	0.04307	0.01074	0.04325	0.00200	0.02879	0.07792	0.00354	0.00480
5	0.00808	0.00404	0.00606	0.00606	0.00606	0.00404	0.00404	0.00606	0.00606	0.00808	0.00808	0.01414	0.00808	0.01616	0.01818	0.86465	0.00404	0.00404	0.00202	0.00202
6	0.00803	0.00609	0.00757	0.00762	0.02928	0.00590	0.02284	0.06936	0.05771	0.03691	0.08628	0.16466	0.29314	0.01104	0.00589	0.02263	0.00334	0.15267	0.00431	0.00472
7	0.33358	0.00832	0.00934	0.00748	0.01081	0.00816	0.00617	0.01936	0.01133	0.51962	0.01398	0.01278	0.00913	0.00523	0.00402	0.00144	0.00383	0.00388	0.00470	0.00686
8	0.00685	0.00474	0.00664	0.00664	0.00714	0.00524	0.00477	0.00761	0.00711	0.00998	0.01253	0.02113	0.01266	0.25387	0.50115	0.11129	0.00924	0.00536	0.00252	0.00352
9	0.00867	0.00434	0.00434	0.00434	0.00542	0.00434	0.00325	0.01084	0.00976	0.01734	0.01518	0.01734	0.01192	0.00542	0.00325	0.00108	0.00217	0.00434	0.86233	0.00434
10	0.01555	0.10365	0.01210	0.00858	0.01129	0.05453	0.00704	0.14078	0.01244	0.32799	0.01287	0.01364	0.00943	0.01045	0.10783	0.10751	0.02986	0.00420	0.00399	0.00628
11	0.00677	0.00451	0.00507	0.00507	0.00507	0.00451	0.00282	0.00677	0.00677	0.00902	0.01466	0.03044	0.01691	0.83650	0.02368	0.00451	0.00451	0.00677	0.00282	0.00282
12	0.01018	0.01018	0.01425	0.01221	0.01221	0.01425	0.01018	0.01120	0.00712	0.01120	0.00611	0.01018	0.00611	0.00814	0.01527	0.00204	0.82799	0.00407	0.00204	0.00509
13	0.00645	0.00484	0.00688	0.03673	0.05151	0.00461	0.01852	0.00757	0.00932	0.02533	0.04429	0.66716	0.07302	0.01305	0.00576	0.00181	0.00305	0.01182	0.00414	0.00416
14	0.86937	0.00900	0.00684	0.00612	0.00900	0.01044	0.00504	0.01368	0.00792	0.02087	0.00648	0.00756	0.00504	0.00432	0.00288	0.00144	0.00360	0.00252	0.00288	0.00504
15	0.01244	0.65581	0.13204	0.00904	0.01328	0.08692	0.00932	0.01445	0.00983	0.01151	0.00679	0.00787	0.00596	0.00411	0.00329	0.00108	0.00553	0.00266	0.00202	0.00604
16	0.00678	0.00518	0.00773	0.00765	0.00845	0.00613	0.00598	0.00842	0.00746	0.01081	0.01222	0.01797	0.01142	0.03389	0.78813	0.00727	0.04287	0.00495	0.00248	0.00419
17	0.01100	0.01135	0.03891	0.16820	0.49245	0.03080	0.12692	0.01397	0.01036	0.01434	0.00863	0.01167	0.00701	0.00434	0.00504	0.00146	0.03032	0.00429	0.00225	0.00669
18	0.01072	0.01083	0.03247	0.34782	0.24549	0.06062	0.08249	0.05068	0.03353	0.01417	0.01017	0.01300	0.03446	0.00488	0.00501	0.00149	0.02921	0.00440	0.00245	0.00609
19	0.02026	0.00810	0.01076	0.00829	0.01181	0.00720	0.00683	0.06812	0.01370	0.73678	0.01782	0.01561	0.01132	0.00574	0.00463	0.00142	0.00397	0.00464	0.03523	0.00779
20	0.00966	0.00552	0.00728	0.00740	0.00868	0.00523	0.00559	0.03048	0.03898	0.17899	0.03464	0.47197	0.02513	0.01186	0.00568	0.00181	0.00331	0.13819	0.00465	0.00496
21	0.01255	0.17646	0.16761	0.01235	0.06110	0.06900	0.09340	0.12474	0.12061	0.04197	0.01102	0.03160	0.01795	0.00522	0.00476	0.00140	0.03438	0.00421	0.00303	0.00663
22	0.00824	0.00719	0.04363	0.00885	0.02996	0.00603	0.13369	0.01034	0.01125	0.07936	0.19085	0.09686	0.31783	0.00929	0.00542	0.00157	0.00369	0.02687	0.00413	0.00494
23	0.00665	0.00497	0.00739	0.00739	0.00819	0.00577	0.00571	0.00825	0.00745	0.01074	0.01254	0.01871	0.01182	0.06321	0.79000	0.00737	0.01218	0.00505	0.00250	0.00411
24	0.00972	0.01788	0.45183	0.03983	0.14091	0.02596	0.13708	0.01391	0.01013	0.01443	0.01073	0.06767	0.02852	0.00520	0.00475	0.00150	0.00643	0.00471	0.00231	0.00649
25	0.02604	0.05264	0.01554	0.07408	0.18522	0.22026	0.07237	0.07801	0.04807	0.07201	0.02315	0.03526	0.00866	0.00533	0.00528	0.00142	0.06315	0.00427	0.00294	0.00628
26	0.00599	0.00463	0.00573	0.00617	0.00689	0.00441	0.00438	0.00708	0.00979	0.01283	0.12674	0.44789	0.24506	0.03351	0.00664	0.00182	0.03992	0.02228	0.00428	0.00394
27	0.01031	0.00922	0.01370	0.22479	0.09812	0.05778	0.11611	0.06085	0.03770	0.04453	0.02345	0.07301	0.01136	0.06568	0.10316	0.00245	0.00651	0.03283	0.00292	0.00549
28	0.03630	0.12119	0.04818	0.05821	0.26087	0.08176	0.06755	0.03233	0.03837	0.09767	0.01116	0.02829	0.03544	0.00520	0.00511	0.00141	0.05734	0.00431	0.00285	0.00647
29	0.02962	0.05186	0.04661	0.10485	0.21838	0.07498	0.03728	0.08126	0.01169	0.10991	0.03632	0.06381	0.05024	0.00595	0.00492	0.00144	0.02628	0.01612	0.00322	0.02525

[dist]
# distance from previous block
# <min> <max>
0	9

[block]
# block no. 3 follows, 55 sequences, length 25
# corresponding to MSA columns:
# 321-340,360-364
name=unknown_D
#
# <colnr> <probs for GDERKNQSTAVLIFYWHMCP>
#	G	D	E	R	K	N	Q	S	T	A	V	L	I	F	Y	W	H	M	C	P
0	0.03395	0.39210	0.17436	0.04251	0.03054	0.13284	0.01025	0.03237	0.01013	0.01256	0.00734	0.00895	0.00621	0.00553	0.03101	0.00144	0.05673	0.00307	0.00216	0.00597
1	0.00685	0.00534	0.00647	0.03850	0.00834	0.00520	0.00485	0.03096	0.07552	0.01523	0.26755	0.26259	0.23316	0.01098	0.00550	0.00162	0.00274	0.00961	0.00452	0.00447
2	0.02614	0.03870	0.06400	0.01691	0.01124	0.05114	0.00691	0.07322	0.05621	0.21240	0.03598	0.09029	0.03892	0.05191	0.03426	0.03254	0.00453	0.00524	0.01696	0.13247
3	0.00817	0.00608	0.00730	0.00718	0.00853	0.00624	0.00539	0.01245	0.20076	0.05159	0.21963	0.27448	0.09735	0.01046	0.00564	0.00168	0.01865	0.04875	0.00464	0.00505
4	0.01612	0.09373	0.01444	0.01169	0.01423	0.67175	0.03957	0.01747	0.01246	0.01145	0.00749	0.00899	0.00633	0.00628	0.04724	0.00153	0.00828	0.00315	0.00236	0.00541
5	0.00609	0.00460	0.00587	0.00670	0.02391	0.00429	0.00456	0.00756	0.03199	0.01323	0.13319	0.53909	0.16013	0.01294	0.00575	0.00176	0.00269	0.02719	0.00439	0.00407
6	0.06060	0.00784	0.01038	0.00803	0.01151	0.00692	0.00663	0.02183	0.01293	0.74514	0.01768	0.01550	0.01122	0.00568	0.00454	0.00143	0.00388	0.00456	0.03605	0.00765
7	0.00790	0.00449	0.00503	0.00490	0.00599	0.00436	0.00367	0.01008	0.01102	0.01783	0.30786	0.02379	0.02377	0.00694	0.00408	0.00122	0.00218	0.00585	0.54468	0.00436
8	0.00867	0.00434	0.00434	0.00434	0.00542	0.00434	0.00325	0.01084	0.00976	0.01734	0.01518	0.01734	0.01192	0.00542	0.00325	0.00108	0.00217	0.00434	0.86233	0.00434
9	0.00709	0.00550	0.00858	0.00841	0.00950	0.00595	0.05448	0.00895	0.00856	0.01185	0.01595	0.05911	0.01609	0.04491	0.51038	0.00546	0.00952	0.20241	0.00302	0.00427
10	0.00677	0.00451	0.00507	0.00507	0.00507	0.00451	0.00282	0.00677	0.00677	0.00902	0.01466	0.03044	0.01691	0.83650	0.02368	0.00451	0.00451	0.00677	0.00282	0.00282
11	0.00664	0.00490	0.00710	0.00712	0.00783	0.00559	0.00537	0.00805	0.00741	0.01058	0.01305	0.03758	0.01277	0.14508	0.69088	0.00695	0.01115	0.00541	0.00258	0.00396
12	0.00577	0.00406	0.00536	0.00640	0.00670	0.00380	0.00428	0.00663	0.00894	0.01207	0.02527	0.80443	0.03010	0.01425	0.00584	0.00186	0.00268	0.01291	0.03485	0.00380
13	0.86937	0.00900	0.00684	0.00612	0.00900	0.01044	0.00504	0.01368	0.00792	0.02087	0.00648	0.00756	0.00504	0.00432	0.00288	0.00144	0.00360	0.00252	0.00288	0.00504
14	0.00732	0.00533	0.00742	0.00838	0.00930	0.00543	0.00712	0.00922	0.01032	0.01352	0.02414	0.16693	0.02665	0.01294	0.00666	0.00210	0.03267	0.63610	0.00421	0.00424
15	0.00695	0.00548	0.00764	0.00761	0.00848	0.02913	0.00591	0.00860	0.00764	0.01082	0.01231	0.01799	0.01147	0.03403	0.79471	0.00730	0.01234	0.00493	0.00249	0.00419
16	0.01082	0.08160	0.19741	0.01145	0.08343	0.02850	0.05156	0.06672	0.03162	0.01570	0.00870	0.01010	0.00688	0.00405	0.00398	0.00109	0.00501	0.00333	0.00262	0.37545
17	0.00995	0.09751	0.66763	0.01335	0.03601	0.03289	0.05067	0.01476	0.00995	0.01432	0.00820	0.00973	0.00599	0.00436	0.00433	0.00142	0.00676	0.00345	0.00200	0.00674
18	0.04986	0.01005	0.01195	0.00919	0.01282	0.01007	0.00759	0.33747	0.01663	0.46244	0.01499	0.01363	0.00981	0.00564	0.00460	0.00142	0.00442	0.00440	0.00520	0.00781
19	0.02995	0.04225	0.07171	0.03454	0.12705	0.01124	0.38247	0.01334	0.01011	0.01428	0.03826	0.07452	0.00991	0.00556	0.00643	0.00159	0.11280	0.00547	0.00252	0.00599
20	0.01133	0.05638	0.21462	0.12764	0.27681	0.10875	0.08106	0.02783	0.01076	0.01424	0.02267	0.01114	0.00725	0.00445	0.00453	0.00140	0.00640	0.00394	0.00228	0.00650
21	0.00893	0.00553	0.00674	0.00652	0.00800	0.00520	0.00495	0.03093	0.05368	0.12653	0.12715	0.20825	0.21650	0.02301	0.00609	0.03166	0.00302	0.07376	0.04876	0.00477
22	0.00654	0.00449	0.00584	0.00640	0.00714	0.00414	0.00458	0.00778	0.01018	0.04408	0.17481	0.51709	0.10871	0.01288	0.00580	0.00178	0.00273	0.06639	0.00452	0.00410
23	0.01118	0.12746	0.41683	0.02355	0.06774	0.03882	0.07016	0.04212	0.01073	0.07369	0.02830	0.05040	0.00865	0.00507	0.00444	0.00142	0.00606	0.00420	0.00260	0.00658
24	0.01197	0.18998	0.18090	0.01620	0.22030	0.13084	0.09371	0.02840	0.02940	0.01384	0.00890	0.03874	0.00753	0.00468	0.00431	0.00133	0.00620	0.00397	0.00236	0.00645

[dist]
# distance from previous block
# <min> <max>
3	8

[block]
# block no. 4 follows, 55 sequences, length 29
# corresponding to MSA columns:
# 374-402
name=unknown_E
#
# <colnr> <probs for GDERKNQSTAVLIFYWHMCP>
#	G	D	E	R	K	N	Q	S	T	A	V	L	I	F	Y	W	H	M	C	P
0	0.05855	0.01204	0.04554	0.00927	0.01229	0.08747	0.00771	0.39208	0.11564	0.02292	0.01222	0.01268	0.00909	0.00545	0.00424	0.00134	0.00465	0.00412	0.17599	0.00670
1	0.06268	0.07847	0.01446	0.10265	0.10325	0.01948	0.07795	0.08838	0.02790	0.15735	0.01044	0.01150	0.00776	0.00448	0.00419	0.00123	0.00482	0.00380	0.00329	0.21592
2	0.00584	0.00430	0.00602	0.00682	0.00723	0.00401	0.02555	0.00677	0.00908	0.01214	0.04649	0.78949	0.03049	0.01415	0.00591	0.00187	0.00282	0.01289	0.00429	0.00386
3	0.01123	0.01077	0.01838	0.11011	0.72812	0.01098	0.01414	0.01403	0.01046	0.01486	0.00870	0.01161	0.00725	0.00420	0.00461	0.00140	0.00560	0.00414	0.00228	0.00714
4	0.01071	0.01030	0.01072	0.00946	0.01173	0.12704	0.07146	0.04694	0.33147	0.01628	0.06448	0.12351	0.13036	0.00788	0.00502	0.00155	0.00437	0.00675	0.00410	0.00589
5	0.00879	0.00827	0.01395	0.82532	0.03204	0.01034	0.01292	0.01189	0.00930	0.01189	0.00827	0.01240	0.00620	0.00465	0.00465	0.00155	0.00620	0.00413	0.00207	0.00517
6	0.00568	0.00410	0.00539	0.00638	0.00673	0.00380	0.00428	0.00655	0.00909	0.01208	0.04659	0.77692	0.06655	0.01432	0.00591	0.00186	0.00267	0.01295	0.00434	0.00380
7	0.00839	0.00810	0.01052	0.04467	0.01192	0.10582	0.13066	0.01029	0.02945	0.01281	0.03695	0.44342	0.04692	0.01072	0.00558	0.00173	0.00449	0.06930	0.00370	0.00458
8	0.00656	0.00442	0.00513	0.00534	0.00539	0.00437	0.00310	0.00671	0.00717	0.00956	0.01672	0.18093	0.01951	0.68247	0.02035	0.00402	0.00417	0.00798	0.00310	0.00300
9	0.01018	0.01018	0.01425	0.01221	0.01221	0.01425	0.01018	0.01120	0.00712	0.01120	0.00611	0.01018	0.00611	0.00814	0.01527	0.00204	0.82799	0.00407	0.00204	0.00509
10	0.00566	0.00407	0.00537	0.00641	0.00673	0.00378	0.00429	0.00649	0.00897	0.01190	0.02646	0.80324	0.06046	0.01447	0.00592	0.00188	0.00269	0.01309	0.00432	0.00378
11	0.01905	0.00883	0.01107	0.00858	0.01200	0.00839	0.00705	0.20007	0.01514	0.56441	0.04720	0.01555	0.01196	0.00585	0.00464	0.00142	0.00408	0.00470	0.04238	0.00762
12	0.01019	0.01021	0.01370	0.01182	0.01192	0.03905	0.00976	0.01119	0.00731	0.01112	0.00662	0.01106	0.00664	0.03746	0.03825	0.00225	0.75021	0.00416	0.00209	0.00499
13	0.01188	0.01136	0.01857	0.02752	0.76023	0.02800	0.01396	0.04450	0.01108	0.01567	0.00881	0.01144	0.00736	0.00421	0.00460	0.00138	0.00557	0.00412	0.00240	0.00735
14	0.00663	0.00505	0.00714	0.02741	0.00870	0.00490	0.04192	0.00814	0.02429	0.01254	0.04872	0.43598	0.07018	0.10322	0.00787	0.00217	0.00355	0.17353	0.00403	0.00403
15	0.55952	0.04121	0.03748	0.03800	0.04205	0.07777	0.00700	0.10266	0.01033	0.03663	0.00754	0.00861	0.00578	0.00453	0.00341	0.00140	0.00451	0.00295	0.00299	0.00565
16	0.01388	0.49984	0.07342	0.00999	0.03244	0.22962	0.00902	0.04571	0.01105	0.02721	0.00725	0.00827	0.00618	0.00433	0.00354	0.00111	0.00601	0.00283	0.00228	0.00602
17	0.00975	0.04441	0.64319	0.04865	0.06952	0.01091	0.01574	0.04444	0.01044	0.01525	0.03947	0.01100	0.00756	0.00464	0.00445	0.00145	0.00646	0.00371	0.00222	0.00675
18	0.02525	0.07299	0.21638	0.01208	0.09085	0.03843	0.02402	0.10052	0.08118	0.22446	0.03133	0.01422	0.01008	0.00542	0.00454	0.00144	0.00521	0.03086	0.00371	0.00705
19	0.06316	0.01161	0.07909	0.15715	0.23559	0.01090	0.18259	0.07605	0.03161	0.09218	0.01002	0.01206	0.00746	0.00454	0.00470	0.00147	0.00591	0.00437	0.00286	0.00667
20	0.00665	0.00431	0.00581	0.00651	0.00700	0.00403	0.00448	0.00743	0.00931	0.04664	0.09777	0.63677	0.02921	0.01381	0.00687	0.07333	0.00285	0.02908	0.00427	0.00388
21	0.00885	0.00696	0.03228	0.01026	0.07390	0.00653	0.03475	0.02687	0.05642	0.05893	0.05047	0.12884	0.05662	0.01072	0.00583	0.00188	0.00421	0.41648	0.00414	0.00506
22	0.01090	0.05429	0.54079	0.05045	0.04192	0.04531	0.09929	0.01535	0.01034	0.07527	0.00911	0.01058	0.00651	0.00447	0.00450	0.00145	0.00667	0.00375	0.00233	0.00673
23	0.00908	0.00665	0.00822	0.00790	0.00900	0.05627	0.01759	0.01073	0.02538	0.09315	0.01615	0.22222	0.01613	0.04181	0.30567	0.00388	0.06515	0.02185	0.05853	0.00466
24	0.01013	0.01186	0.09945	0.01247	0.01359	0.03867	0.05928	0.01179	0.00794	0.01185	0.00763	0.05409	0.00745	0.00772	0.01266	0.00191	0.61951	0.00455	0.00218	0.00529
25	0.14774	0.12171	0.19306	0.03005	0.03561	0.01212	0.20764	0.03372	0.01005	0.07194	0.00865	0.01043	0.00657	0.00471	0.00535	0.00148	0.08650	0.00389	0.00256	0.00621
26	0.01236	0.04352	0.06715	0.06300	0.14613	0.04139	0.12571	0.15133	0.02503	0.08237	0.02663	0.04095	0.01188	0.00638	0.00512	0.00155	0.01438	0.12529	0.00341	0.00640
27	0.00567	0.00405	0.00540	0.00648	0.00675	0.00378	0.00432	0.00648	0.00891	0.01188	0.02564	0.83347	0.03077	0.01457	0.00594	0.00189	0.00270	0.01323	0.00432	0.00378
28	0.01029	0.01260	0.14833	0.24472	0.05483	0.02445	0.31483	0.01383	0.01027	0.04533	0.01012	0.06047	0.00819	0.00498	0.00513	0.00155	0.01653	0.00509	0.00246	0.00599

[dist]
# distance from previous block
# <min> <max>
1	3

[block]
# block no. 5 follows, 55 sequences, length 33
# corresponding to MSA columns:
# 406-418,440-444,449-463
name=unknown_F
#
# <colnr> <probs for GDERKNQSTAVLIFYWHMCP>
#	G	D	E	R	K	N	Q	S	T	A	V	L	I	F	Y	W	H	M	C	P
0	0.00966	0.05375	0.00985	0.00779	0.00984	0.06138	0.04595	0.10603	0.05117	0.03759	0.40109	0.02777	0.13203	0.00823	0.00512	0.00145	0.00357	0.01805	0.00445	0.00524
1	0.00703	0.00556	0.00643	0.00599	0.00763	0.00508	0.00453	0.00934	0.06328	0.02885	0.25057	0.11455	0.34683	0.01002	0.00551	0.00149	0.02298	0.00852	0.00438	0.09142
2	0.00954	0.05527	0.73811	0.01340	0.02005	0.01115	0.05970	0.01471	0.00987	0.01459	0.00833	0.00988	0.00596	0.00438	0.00442	0.00146	0.00685	0.00351	0.00199	0.00681
3	0.01233	0.78090	0.02460	0.00878	0.01281	0.01794	0.06325	0.01400	0.00956	0.01122	0.00668	0.00782	0.00605	0.00398	0.00316	0.00104	0.00518	0.00270	0.00202	0.00599
4	0.01111	0.01219	0.02569	0.05255	0.02376	0.01166	0.69902	0.05185	0.01142	0.01544	0.00987	0.01358	0.00761	0.00428	0.00544	0.00158	0.00755	0.02666	0.00250	0.00625
5	0.00567	0.00405	0.00540	0.00648	0.00675	0.00378	0.00432	0.00648	0.00891	0.01188	0.02564	0.83347	0.03077	0.01457	0.00594	0.00189	0.00270	0.01323	0.00432	0.00378
6	0.01626	0.01166	0.01244	0.00970	0.01301	0.01283	0.00796	0.66869	0.01996	0.02743	0.01180	0.01214	0.00854	0.00556	0.00443	0.00135	0.00465	0.00421	0.14002	0.00735
7	0.00573	0.00410	0.00546	0.00643	0.00676	0.00382	0.00432	0.00664	0.00922	0.01237	0.08227	0.77544	0.03172	0.01421	0.00591	0.00186	0.00266	0.01288	0.00438	0.00382
8	0.02079	0.00805	0.01088	0.00834	0.01194	0.00703	0.00689	0.04267	0.01354	0.79039	0.01817	0.01571	0.01142	0.00575	0.00468	0.00144	0.00399	0.00467	0.00573	0.00792
9	0.09944	0.01132	0.01246	0.00964	0.01325	0.01207	0.00796	0.51768	0.01832	0.23201	0.01259	0.01204	0.00858	0.00551	0.00449	0.00141	0.00467	0.00416	0.00477	0.00764
10	0.00669	0.00488	0.00583	0.00605	0.00735	0.00438	0.00470	0.00818	0.01087	0.04480	0.14800	0.15394	0.39752	0.01183	0.00572	0.00171	0.00284	0.16603	0.00448	0.00420
11	0.01018	0.01018	0.01425	0.01221	0.01221	0.01425	0.01018	0.01120	0.00712	0.01120	0.00611	0.01018	0.00611	0.00814	0.01527	0.00204	0.82799	0.00407	0.00204	0.00509
12	0.00665	0.00498	0.00748	0.00748	0.00831	0.00582	0.00582	0.00831	0.00748	0.01080	0.01246	0.01828	0.01163	0.03489	0.81807	0.00748	0.01246	0.00498	0.00249	0.00415
13	0.00583	0.00417	0.00559	0.00667	0.00701	0.00392	0.00460	0.00676	0.00907	0.01206	0.02555	0.76343	0.03041	0.01442	0.00598	0.00191	0.00284	0.08165	0.00432	0.00382
14	0.00900	0.00869	0.01528	0.74606	0.03128	0.01048	0.08942	0.01218	0.00947	0.01218	0.00838	0.01242	0.00629	0.00458	0.00473	0.00155	0.00636	0.00427	0.00210	0.00528
15	0.06404	0.00926	0.01139	0.00878	0.01237	0.00894	0.00725	0.21636	0.01520	0.57257	0.01593	0.01423	0.01027	0.00564	0.00458	0.00143	0.00423	0.00444	0.00533	0.00777
16	0.01022	0.01030	0.01493	0.01260	0.01284	0.01412	0.05062	0.01139	0.00732	0.01139	0.00628	0.01030	0.00616	0.00792	0.01476	0.00201	0.78549	0.00414	0.00205	0.00515
17	0.00682	0.00523	0.00780	0.00770	0.00849	0.00622	0.00602	0.00845	0.00746	0.01082	0.01216	0.01789	0.01137	0.03361	0.77962	0.00722	0.05152	0.00494	0.00247	0.00420
18	0.01102	0.01244	0.02680	0.02028	0.08345	0.01171	0.73197	0.01485	0.01095	0.01492	0.00936	0.01247	0.00708	0.00394	0.00542	0.00155	0.00767	0.00539	0.00235	0.00636
19	0.00958	0.08999	0.74867	0.01283	0.01947	0.01142	0.01644	0.01467	0.00979	0.01443	0.00820	0.00963	0.00590	0.00438	0.00430	0.00143	0.00672	0.00336	0.00197	0.00680
20	0.02071	0.00818	0.01096	0.00840	0.01201	0.00723	0.00694	0.06259	0.01376	0.77016	0.01798	0.01559	0.01133	0.00575	0.00468	0.00144	0.00402	0.00465	0.00570	0.00792
21	0.00558	0.00472	0.00482	0.00479	0.00633	0.00396	0.00360	0.00683	0.01079	0.01300	0.10149	0.04405	0.75097	0.01162	0.00550	0.00156	0.00234	0.00972	0.00438	0.00396
22	0.01263	0.80742	0.02394	0.00812	0.01204	0.04960	0.00800	0.01411	0.00960	0.01096	0.00650	0.00750	0.00597	0.00401	0.00303	0.00100	0.00511	0.00251	0.00201	0.00595
23	0.00587	0.00473	0.00523	0.00510	0.00651	0.00409	0.00383	0.00740	0.01149	0.01466	0.30757	0.04133	0.54385	0.01100	0.00549	0.00153	0.00230	0.00934	0.00460	0.00409
24	0.00665	0.00498	0.00748	0.00748	0.00831	0.00582	0.00582	0.00831	0.00748	0.01080	0.01246	0.01828	0.01163	0.03489	0.81807	0.00748	0.01246	0.00498	0.00249	0.00415
25	0.01151	0.01105	0.01888	0.02855	0.80748	0.01105	0.01428	0.01428	0.01059	0.01520	0.00875	0.01151	0.00737	0.00415	0.00461	0.00138	0.00553	0.00415	0.00230	0.00737
26	0.00999	0.00950	0.01612	0.47446	0.37351	0.01065	0.01352	0.01294	0.00987	0.01334	0.00848	0.01201	0.00672	0.00443	0.00463	0.00148	0.00590	0.00414	0.00217	0.00614
27	0.00581	0.00448	0.00532	0.00562	0.00661	0.00398	0.00402	0.00710	0.01059	0.01374	0.21703	0.32976	0.34469	0.01227	0.00566	0.00166	0.00244	0.01073	0.00451	0.00398
28	0.00573	0.00409	0.00547	0.00655	0.00685	0.00383	0.00443	0.00659	0.00897	0.01195	0.02561	0.80585	0.03063	0.01451	0.00596	0.00190	0.00276	0.04020	0.00432	0.00380
29	0.00601	0.00459	0.00662	0.00706	0.00769	0.00426	0.04702	0.00711	0.00941	0.01255	0.08092	0.69191	0.07020	0.01349	0.00586	0.00183	0.00293	0.01229	0.00427	0.00397
30	0.01167	0.52513	0.18533	0.04214	0.01553	0.04416	0.07561	0.01421	0.00974	0.01211	0.00719	0.00865	0.00606	0.00420	0.00384	0.00119	0.02205	0.00305	0.00203	0.00611
31	0.01620	0.01986	0.01389	0.06427	0.10404	0.65938	0.00982	0.03525	0.01285	0.01225	0.00752	0.00905	0.00620	0.00473	0.00428	0.00125	0.00786	0.00322	0.00242	0.00566
32	0.00959	0.00909	0.01541	0.58983	0.26123	0.01055	0.01332	0.01259	0.00968	0.01287	0.00841	0.01214	0.00655	0.00450	0.00464	0.00150	0.00600	0.00414	0.00214	0.00582

[dist]
# distance from previous block
# <min> <max>
0	33

[block]
# block no. 6 follows, 55 sequences, length 61
# corresponding to MSA columns:
# 498-517,524-540,557-560,562-581
name=unknown_G
#
# <colnr> <probs for GDERKNQSTAVLIFYWHMCP>
#	G	D	E	R	K	N	Q	S	T	A	V	L	I	F	Y	W	H	M	C	P
0	0.01208	0.36427	0.26388	0.01086	0.01540	0.05581	0.04536	0.09629	0.02313	0.01438	0.00788	0.00915	0.00633	0.00460	0.00450	0.00129	0.05279	0.00325	0.00234	0.00641
1	0.00804	0.00703	0.00770	0.00768	0.00859	0.10661	0.00580	0.00943	0.00842	0.01102	0.01359	0.06147	0.01356	0.13453	0.50262	0.00555	0.00968	0.05504	0.01951	0.00412
2	0.00698	0.00505	0.00668	0.00701	0.00774	0.00500	0.01990	0.00853	0.04844	0.03546	0.05065	0.48239	0.09514	0.06943	0.00782	0.03325	0.03308	0.06923	0.00410	0.00411
3	0.02087	0.00792	0.01080	0.00828	0.01188	0.00684	0.00684	0.02267	0.01332	0.81071	0.01835	0.01583	0.01152	0.00576	0.00468	0.00144	0.00396	0.00468	0.00576	0.00792
4	0.00569	0.00420	0.00533	0.00614	0.00668	0.00384	0.00419	0.00664	0.00944	0.01238	0.07312	0.65211	0.16562	0.01381	0.00584	0.00181	0.00261	0.01237	0.00436	0.00384
5	0.01738	0.02217	0.01318	0.01199	0.01438	0.81783	0.00899	0.01858	0.01318	0.01139	0.00719	0.00839	0.00599	0.00479	0.00419	0.00120	0.00839	0.00300	0.00240	0.00539
6	0.00654	0.00475	0.00616	0.00581	0.00692	0.00437	0.00436	0.00870	0.01307	0.01841	0.77503	0.03515	0.07405	0.00960	0.00549	0.00147	0.00220	0.00847	0.00509	0.00437
7	0.00665	0.00498	0.00748	0.00748	0.00831	0.00582	0.00582	0.00831	0.00748	0.01080	0.01246	0.01828	0.01163	0.03489	0.81807	0.00748	0.01246	0.00498	0.00249	0.00415
8	0.00645	0.00468	0.00612	0.00616	0.00713	0.00435	0.00462	0.00834	0.01206	0.01670	0.55569	0.17779	0.07929	0.01083	0.00565	0.00161	0.00249	0.08092	0.00486	0.00425
9	0.02069	0.00820	0.01097	0.00841	0.01202	0.00726	0.00695	0.06580	0.01380	0.76690	0.01795	0.01557	0.01131	0.00575	0.00468	0.00144	0.00402	0.00465	0.00570	0.00792
10	0.00566	0.00407	0.00537	0.00642	0.00673	0.00378	0.00429	0.00648	0.00897	0.01190	0.02639	0.80608	0.05767	0.01448	0.00592	0.00188	0.00269	0.01311	0.00432	0.00378
11	0.00867	0.00434	0.00434	0.00434	0.00542	0.00434	0.00325	0.01084	0.00976	0.01734	0.01518	0.01734	0.01192	0.00542	0.00325	0.00108	0.00217	0.00434	0.86233	0.00434
12	0.00666	0.00492	0.00715	0.00715	0.00787	0.00564	0.00541	0.00810	0.00738	0.01056	0.01276	0.01994	0.01235	0.14454	0.70940	0.00707	0.01137	0.00523	0.00254	0.00397
13	0.00665	0.00498	0.00748	0.00748	0.00831	0.00582	0.00582	0.00831	0.00748	0.01080	0.01246	0.01828	0.01163	0.03489	0.81807	0.00748	0.01246	0.00498	0.00249	0.00415
14	0.01151	0.01105	0.01888	0.02855	0.80748	0.01105	0.01428	0.01428	0.01059	0.01520	0.00875	0.01151	0.00737	0.00415	0.00461	0.00138	0.00553	0.00415	0.00230	0.00737
15	0.00592	0.00442	0.00633	0.00705	0.00752	0.00413	0.03596	0.00688	0.00903	0.01204	0.02497	0.78361	0.02973	0.01411	0.00593	0.00188	0.00294	0.02941	0.00424	0.00389
16	0.03648	0.81601	0.02389	0.00791	0.01186	0.01818	0.00788	0.01392	0.00941	0.01122	0.00647	0.00747	0.00594	0.00399	0.00298	0.00101	0.00494	0.00249	0.00201	0.00594
17	0.00665	0.00496	0.00734	0.00734	0.00812	0.00574	0.00564	0.00822	0.00744	0.01070	0.01259	0.01897	0.01193	0.08061	0.77276	0.00731	0.01201	0.00509	0.00251	0.00408
18	0.00666	0.00494	0.00726	0.00726	0.00802	0.00570	0.00555	0.00817	0.00741	0.01064	0.01266	0.01936	0.01210	0.10655	0.74705	0.00721	0.01175	0.00514	0.00252	0.00403
19	0.06751	0.75308	0.05490	0.00805	0.01208	0.01759	0.00814	0.01395	0.00937	0.01174	0.00654	0.00756	0.00591	0.00402	0.00304	0.00104	0.00496	0.00253	0.00205	0.00595
20	0.00760	0.00509	0.00666	0.00651	0.00780	0.00472	0.00516	0.00967	0.01241	0.06781	0.51441	0.03835	0.10615	0.01021	0.00564	0.00162	0.00278	0.17795	0.00491	0.00455
21	0.01862	0.01152	0.01303	0.00999	0.01367	0.01219	0.00825	0.56519	0.01935	0.25966	0.01329	0.01254	0.00897	0.00564	0.00466	0.00141	0.00478	0.00433	0.00498	0.00791
22	0.01077	0.01221	0.02658	0.01909	0.02362	0.01145	0.75946	0.01457	0.01090	0.01478	0.01005	0.04505	0.00800	0.00434	0.00551	0.00158	0.00764	0.00580	0.00243	0.00618
23	0.00944	0.05223	0.78517	0.01308	0.01985	0.01107	0.01687	0.01471	0.00981	0.01460	0.00828	0.00974	0.00590	0.00440	0.00437	0.00146	0.00681	0.00340	0.00197	0.00684
24	0.00704	0.00487	0.00630	0.00588	0.00709	0.00445	0.00443	0.00916	0.01303	0.04698	0.73332	0.03464	0.08617	0.00950	0.00546	0.00147	0.00227	0.00836	0.00510	0.00449
25	0.00567	0.00405	0.00540	0.00648	0.00675	0.00378	0.00432	0.00648	0.00891	0.01188	0.02564	0.83347	0.03077	0.01457	0.00594	0.00189	0.00270	0.01323	0.00432	0.00378
26	0.16535	0.28808	0.06263	0.01120	0.01516	0.03620	0.20518	0.04772	0.06619	0.04854	0.00890	0.01012	0.00697	0.00438	0.00397	0.00133	0.00552	0.00367	0.00271	0.00617
27	0.00734	0.00516	0.00650	0.00624	0.00745	0.00486	0.00467	0.03995	0.02607	0.04319	0.52377	0.17086	0.10237	0.01029	0.00551	0.00156	0.00253	0.02222	0.00490	0.00455
28	0.00662	0.00496	0.00743	0.00745	0.00827	0.00577	0.00578	0.00827	0.00751	0.01082	0.01275	0.03597	0.01205	0.03445	0.80044	0.00736	0.01225	0.00516	0.00253	0.00415
29	0.00576	0.00416	0.00547	0.00649	0.00687	0.00387	0.00444	0.00666	0.00910	0.01202	0.02681	0.74696	0.07475	0.01432	0.00594	0.00188	0.00276	0.05360	0.00432	0.00381
30	0.08700	0.01285	0.01851	0.01485	0.06283	0.15063	0.34300	0.03226	0.05405	0.16144	0.01093	0.01218	0.00794	0.00462	0.00479	0.00146	0.00646	0.00454	0.00320	0.00647
31	0.01154	0.01168	0.02093	0.05852	0.43474	0.02739	0.27201	0.04294	0.03325	0.01545	0.00925	0.01197	0.00738	0.00428	0.00505	0.00146	0.01824	0.00460	0.00246	0.00686
32	0.00795	0.00683	0.00965	0.00890	0.00932	0.00874	0.00703	0.00917	0.00726	0.01072	0.01042	0.01688	0.01029	0.12834	0.42175	0.00510	0.31010	0.00488	0.00237	0.00432
33	0.02775	0.00895	0.01051	0.00822	0.04041	0.00753	0.00631	0.10386	0.02292	0.05825	0.00927	0.01029	0.00734	0.00390	0.00370	0.00086	0.00375	0.00311	0.00315	0.65993
34	0.01238	0.78862	0.02353	0.00805	0.01195	0.01799	0.00792	0.01459	0.05771	0.01147	0.00723	0.00807	0.00647	0.00412	0.00309	0.00103	0.00490	0.00266	0.00216	0.00606
35	0.01768	0.01303	0.01396	0.01070	0.01443	0.01443	0.00884	0.79197	0.02187	0.02932	0.01117	0.01117	0.00791	0.00558	0.00465	0.00140	0.00512	0.00419	0.00465	0.00791
36	0.02999	0.00768	0.00922	0.00797	0.01056	0.00765	0.00635	0.01891	0.25538	0.32391	0.09141	0.05252	0.09918	0.00758	0.00496	0.00155	0.00352	0.04999	0.00504	0.00661
37	0.00618	0.00524	0.00539	0.00526	0.00691	0.00472	0.00397	0.00862	0.08939	0.01367	0.09544	0.04136	0.67532	0.01108	0.00542	0.00156	0.00248	0.00927	0.00442	0.00430
38	0.02001	0.00770	0.01049	0.00817	0.01158	0.00666	0.00669	0.02175	0.01306	0.76515	0.01877	0.06247	0.01261	0.00626	0.00475	0.00147	0.00389	0.00517	0.00568	0.00768
39	0.07941	0.00638	0.00664	0.00621	0.00817	0.00631	0.00477	0.01228	0.17928	0.06652	0.08551	0.05904	0.44304	0.00955	0.00508	0.00156	0.00285	0.00793	0.00443	0.00504
40	0.01738	0.02217	0.01318	0.01199	0.01438	0.81783	0.00899	0.01858	0.01318	0.01139	0.00719	0.00839	0.00599	0.00479	0.00419	0.00120	0.00839	0.00300	0.00240	0.00539
41	0.00567	0.00405	0.00540	0.00648	0.00675	0.00378	0.00432	0.00648	0.00891	0.01188	0.02564	0.83347	0.03077	0.01457	0.00594	0.00189	0.00270	0.01323	0.00432	0.00378
42	0.01151	0.01105	0.01888	0.02855	0.80748	0.01105	0.01428	0.01428	0.01059	0.01520	0.00875	0.01151	0.00737	0.00415	0.00461	0.00138	0.00553	0.00415	0.00230	0.00737
43	0.02069	0.00821	0.01098	0.00841	0.01202	0.00727	0.00695	0.06619	0.01380	0.76650	0.01795	0.01557	0.01131	0.00575	0.00468	0.00144	0.00402	0.00465	0.00570	0.00792
44	0.00867	0.00434	0.00434	0.00434	0.00542	0.00434	0.00325	0.01084	0.00976	0.01734	0.01518	0.01734	0.01192	0.00542	0.00325	0.00108	0.00217	0.00434	0.86233	0.00434
45	0.01738	0.02217	0.01318	0.01199	0.01438	0.81783	0.00899	0.01858	0.01318	0.01139	0.00719	0.00839	0.00599	0.00479	0.00419	0.00120	0.00839	0.00300	0.00240	0.00539
46	0.00948	0.00921	0.01253	0.24745	0.01717	0.04919	0.00983	0.01162	0.04484	0.01184	0.01027	0.12659	0.01016	0.02352	0.01003	0.00186	0.38145	0.00543	0.00252	0.00500
47	0.00676	0.00454	0.00521	0.00521	0.00526	0.00458	0.00299	0.00685	0.00681	0.00912	0.01453	0.02975	0.01661	0.79079	0.06898	0.00468	0.00496	0.00666	0.00280	0.00290
48	0.00912	0.00861	0.01455	0.72867	0.12610	0.01042	0.01308	0.01218	0.00946	0.01229	0.00833	0.01230	0.00634	0.00459	0.00465	0.00153	0.00612	0.00414	0.00210	0.00543
49	0.00632	0.00490	0.00587	0.00682	0.00723	0.03662	0.00471	0.00722	0.00915	0.01192	0.02444	0.71076	0.02898	0.04244	0.00652	0.00197	0.00312	0.07299	0.00419	0.00385
50	0.00777	0.00635	0.03632	0.00723	0.00822	0.03828	0.00556	0.00909	0.00782	0.04213	0.01295	0.02088	0.01267	0.25585	0.50132	0.00594	0.00953	0.00534	0.00269	0.00408
51	0.01606	0.13207	0.01544	0.01322	0.10480	0.54699	0.00944	0.08387	0.01312	0.01330	0.00761	0.00886	0.00631	0.00468	0.00412	0.00121	0.00731	0.00316	0.00252	0.00591
52	0.75318	0.00922	0.00750	0.00659	0.00946	0.01059	0.00539	0.09101	0.00934	0.02139	0.00764	0.03782	0.00626	0.00482	0.00317	0.00145	0.00372	0.00307	0.00311	0.00528
53	0.01225	0.01163	0.01551	0.20065	0.25062	0.11191	0.07232	0.06305	0.13432	0.04908	0.01137	0.01311	0.02339	0.00496	0.00468	0.00145	0.00578	0.00441	0.00297	0.00653
54	0.01686	0.03802	0.01066	0.00814	0.01122	0.00784	0.00664	0.06013	0.11275	0.51035	0.14785	0.01861	0.01683	0.00638	0.00476	0.00144	0.00373	0.00527	0.00533	0.00719
55	0.01989	0.02938	0.03916	0.00926	0.04411	0.00743	0.00752	0.02184	0.01299	0.73127	0.01733	0.01524	0.01102	0.00560	0.00462	0.00143	0.00415	0.00456	0.00539	0.00781
56	0.00947	0.01998	0.58104	0.01401	0.01989	0.01045	0.16512	0.01426	0.01013	0.01468	0.01018	0.01460	0.00820	0.00516	0.00483	0.00156	0.00680	0.08087	0.00227	0.00650
57	0.01402	0.01245	0.01509	0.01189	0.01505	0.17882	0.20394	0.12748	0.06268	0.13989	0.07098	0.01676	0.08348	0.00596	0.00509	0.00145	0.01973	0.00522	0.00374	0.00628
58	0.00959	0.09211	0.74663	0.01282	0.01945	0.01144	0.01642	0.01467	0.00979	0.01442	0.00819	0.00963	0.00590	0.00438	0.00430	0.00143	0.00672	0.00336	0.00197	0.00680
59	0.00610	0.00464	0.00571	0.00640	0.00735	0.00426	0.00489	0.00740	0.01001	0.01268	0.03320	0.33661	0.31191	0.01310	0.00591	0.00184	0.00300	0.21673	0.00431	0.00397
60	0.01109	0.01069	0.01846	0.14739	0.66303	0.01097	0.04231	0.01394	0.01041	0.01469	0.00870	0.01168	0.00718	0.00421	0.00464	0.00141	0.00571	0.00419	0.00227	0.00700

[dist]
# distance from previous block
# <min> <max>
6	11

[block]
# block no. 7 follows, 55 sequences, length 81
# corresponding to MSA columns:
# 597-616,629-645,649-655,664-699,713
name=unknown_H
#
# <colnr> <probs for GDERKNQSTAVLIFYWHMCP>
#	G	D	E	R	K	N	Q	S	T	A	V	L	I	F	Y	W	H	M	C	P
0	0.00723	0.00488	0.00546	0.00532	0.00548	0.00494	0.00308	0.04043	0.00741	0.00989	0.01451	0.02962	0.01653	0.80088	0.02286	0.00438	0.00454	0.00665	0.00290	0.00304
1	0.74842	0.00915	0.00747	0.00651	0.00943	0.01047	0.00535	0.07680	0.00927	0.04711	0.00749	0.00840	0.00568	0.00450	0.00309	0.00143	0.00369	0.00278	0.02763	0.00534
2	0.01277	0.01076	0.03755	0.01193	0.01416	0.06970	0.15009	0.03212	0.01020	0.18384	0.01208	0.01403	0.04616	0.00887	0.07645	0.00216	0.29337	0.00472	0.00312	0.00591
3	0.01229	0.80142	0.06100	0.00821	0.01232	0.01805	0.00839	0.01397	0.00947	0.01112	0.00656	0.00757	0.00597	0.00400	0.00305	0.00102	0.00506	0.00253	0.00199	0.00601
4	0.00568	0.00406	0.00541	0.00647	0.00675	0.00379	0.00432	0.00652	0.00898	0.01199	0.03880	0.81998	0.03099	0.01449	0.00593	0.00188	0.00269	0.01314	0.00433	0.00379
5	0.00583	0.00467	0.00521	0.00520	0.00652	0.00405	0.00385	0.00727	0.01120	0.01427	0.26507	0.11280	0.51493	0.01137	0.00553	0.00157	0.00234	0.00972	0.00455	0.00405
6	0.01009	0.00970	0.01678	0.43736	0.36995	0.01072	0.05247	0.01308	0.00995	0.01348	0.00854	0.01202	0.00675	0.00439	0.00467	0.00148	0.00599	0.00421	0.00218	0.00618
7	0.01018	0.01018	0.01425	0.01221	0.01221	0.01425	0.01018	0.01120	0.00712	0.01120	0.00611	0.01018	0.00611	0.00814	0.01527	0.00204	0.82799	0.00407	0.00204	0.00509
8	0.01738	0.02217	0.01318	0.01199	0.01438	0.81783	0.00899	0.01858	0.01318	0.01139	0.00719	0.00839	0.00599	0.00479	0.00419	0.00120	0.00839	0.00300	0.00240	0.00539
9	0.00697	0.00556	0.00644	0.00701	0.00789	0.02350	0.00500	0.00990	0.13802	0.01327	0.02631	0.56161	0.10764	0.01263	0.00568	0.00180	0.00303	0.04896	0.00434	0.00444
10	0.00653	0.00475	0.00614	0.00579	0.00691	0.00436	0.00434	0.00867	0.01303	0.01833	0.76472	0.03528	0.08440	0.00963	0.00549	0.00147	0.00220	0.00849	0.00508	0.00436
11	0.00705	0.00486	0.00637	0.00593	0.00711	0.00447	0.00447	0.00923	0.01317	0.04438	0.77948	0.03414	0.04284	0.00939	0.00546	0.00146	0.00225	0.00829	0.00514	0.00450
