[name]
unknown

[dist]
# distance from previous block
# <min> <max>
1	139

[block]
# block no. 0 follows, 56 sequences, length 6
# corresponding to MSA columns:
# 218-223
name=unknown_A
#
# <colnr> <probs for GDERKNQSTAVLIFYWHMCP>
#	G	D	E	R	K	N	Q	S	T	A	V	L	I	F	Y	W	H	M	C	P
0	0.01169	0.01147	0.12288	0.41558	0.09449	0.01090	0.01216	0.17458	0.01222	0.07600	0.00955	0.01182	0.00692	0.00479	0.00456	0.00147	0.00576	0.00404	0.00285	0.00628
1	0.01008	0.00890	0.01277	0.01127	0.10515	0.00782	0.11369	0.08214	0.01079	0.01574	0.01101	0.12525	0.01025	0.00526	0.00426	0.00111	0.00427	0.00481	0.00300	0.45243
2	0.11247	0.00997	0.01300	0.01021	0.04428	0.00944	0.11369	0.19179	0.01257	0.08135	0.00956	0.01056	0.00722	0.00425	0.00402	0.00113	0.00450	0.00358	0.00332	0.35307
3	0.07504	0.00966	0.01557	0.05905	0.36760	0.00982	0.11678	0.08304	0.01139	0.01657	0.10299	0.08752	0.01330	0.00576	0.00476	0.00146	0.00499	0.00544	0.00302	0.00623
4	0.01284	0.01102	0.01387	0.09683	0.08574	0.07274	0.09014	0.28190	0.01415	0.03615	0.01155	0.09651	0.01001	0.00584	0.00464	0.00137	0.00521	0.02177	0.00344	0.12427
5	0.18991	0.01052	0.01424	0.06371	0.17550	0.02835	0.11542	0.15124	0.04992	0.06871	0.01069	0.01194	0.02889	0.00475	0.00428	0.00139	0.00501	0.00408	0.00320	0.05826

[dist]
# distance from previous block
# <min> <max>
2	8

[block]
# block no. 1 follows, 56 sequences, length 30
# corresponding to MSA columns:
# 232,233,246-273
name=unknown_B
#
# <colnr> <probs for GDERKNQSTAVLIFYWHMCP>
#	G	D	E	R	K	N	Q	S	T	A	V	L	I	F	Y	W	H	M	C	P
0	0.00861	0.04227	0.63887	0.01138	0.01707	0.00959	0.01418	0.01308	0.00993	0.01427	0.04547	0.01582	0.12881	0.00565	0.00453	0.00146	0.00588	0.00451	0.00241	0.00622
1	0.23356	0.00975	0.00973	0.00924	0.06190	0.06668	0.01443	0.12319	0.18456	0.03139	0.13982	0.01696	0.05867	0.00614	0.00429	0.00143	0.00397	0.00485	0.01350	0.00592
2	0.06875	0.01103	0.01608	0.02183	0.54905	0.05526	0.01180	0.05912	0.01145	0.13682	0.00997	0.01157	0.00770	0.00446	0.00443	0.00137	0.00523	0.00401	0.00296	0.00713
3	0.00975	0.00975	0.01362	0.01120	0.01346	0.10886	0.23076	0.04344	0.07789	0.01492	0.14638	0.22848	0.03260	0.00810	0.00554	0.00157	0.02733	0.00752	0.00359	0.00523
4	0.01068	0.13516	0.01386	0.00885	0.01262	0.00960	0.09380	0.07271	0.09274	0.01565	0.01066	0.03489	0.02589	0.00448	0.00389	0.00102	0.00422	0.00379	0.00298	0.44249
5	0.00606	0.00463	0.00661	0.13077	0.01044	0.00471	0.00555	0.00720	0.00885	0.01172	0.02271	0.71095	0.02669	0.01290	0.00567	0.00181	0.00319	0.01169	0.00393	0.00394
6	0.01428	0.01358	0.01640	0.04059	0.38162	0.23824	0.07410	0.01653	0.01158	0.13472	0.00968	0.01124	0.00745	0.00451	0.00451	0.00134	0.00622	0.00396	0.00281	0.00666
7	0.00730	0.00564	0.00768	0.00752	0.00856	0.00652	0.00578	0.01055	0.12764	0.01184	0.01340	0.01867	0.01220	0.08191	0.64562	0.00631	0.01048	0.00507	0.00282	0.00449
8	0.00636	0.00469	0.00595	0.00563	0.00677	0.00427	0.00422	0.00840	0.01267	0.01764	0.70953	0.03557	0.14186	0.00967	0.00542	0.00146	0.00219	0.00848	0.00495	0.00427
9	0.00576	0.00410	0.00544	0.00634	0.00662	0.00393	0.00423	0.00654	0.00850	0.01139	0.02343	0.70668	0.02782	0.08914	0.06449	0.00248	0.00350	0.01191	0.00400	0.00367
10	0.00952	0.00816	0.00952	0.00680	0.01088	0.00612	0.00544	0.01156	0.00952	0.01496	0.00816	0.00952	0.00680	0.00340	0.00340	0.00068	0.00340	0.00272	0.00272	0.86672
11	0.01117	0.00886	0.01048	0.13282	0.01435	0.01004	0.00781	0.05633	0.47515	0.06932	0.10466	0.01928	0.01611	0.00652	0.00480	0.00155	0.00395	0.03589	0.00436	0.00655
12	0.01160	0.01173	0.07385	0.06818	0.05703	0.01129	0.37831	0.01535	0.06371	0.10300	0.01017	0.01242	0.00765	0.00504	0.00678	0.00160	0.14849	0.00479	0.00275	0.00626
13	0.04819	0.10568	0.01343	0.01024	0.01230	0.27689	0.00830	0.03246	0.02694	0.13347	0.00911	0.01068	0.00736	0.00790	0.06871	0.00190	0.21429	0.00362	0.00285	0.00567
14	0.65885	0.00874	0.00743	0.00631	0.00933	0.00951	0.00516	0.04385	0.00881	0.03269	0.00862	0.00950	0.03723	0.00449	0.00313	0.00131	0.00354	0.00291	0.00299	0.13560
15	0.01236	0.01187	0.01893	0.05468	0.48330	0.04967	0.14980	0.13253	0.01228	0.01675	0.00902	0.01138	0.00719	0.00432	0.00469	0.00140	0.00595	0.00428	0.00263	0.00699
16	0.01269	0.01037	0.01731	0.04484	0.66994	0.01026	0.01294	0.01529	0.01083	0.13581	0.01006	0.01203	0.00786	0.00434	0.00456	0.00138	0.00524	0.00417	0.00278	0.00730
17	0.00931	0.02012	0.60592	0.13714	0.02211	0.01070	0.10268	0.01413	0.00974	0.01413	0.00834	0.01038	0.00599	0.00434	0.00451	0.00148	0.00679	0.00372	0.00200	0.00646
18	0.00651	0.00438	0.00506	0.00522	0.00526	0.00434	0.00301	0.00663	0.00700	0.00933	0.01611	0.15205	0.01876	0.71382	0.02072	0.00406	0.00418	0.00764	0.00301	0.00293
19	0.00808	0.00434	0.00434	0.00434	0.00548	0.00422	0.00325	0.01008	0.00975	0.01640	0.01975	0.02122	0.13238	0.00630	0.00354	0.00114	0.00217	0.00510	0.73391	0.00422
20	0.01502	0.01090	0.01182	0.00948	0.01245	0.01193	0.00765	0.61894	0.01879	0.02548	0.01347	0.13635	0.01151	0.00684	0.00469	0.00143	0.00448	0.00549	0.06635	0.00694
21	0.00947	0.01946	0.59610	0.01248	0.05477	0.00993	0.01429	0.06385	0.01095	0.01603	0.11901	0.01326	0.01122	0.00510	0.00451	0.00143	0.00590	0.00414	0.00257	0.02554
22	0.01175	0.01080	0.01230	0.01043	0.01318	0.07110	0.09467	0.06806	0.54445	0.01864	0.08001	0.01696	0.01462	0.00607	0.00477	0.00151	0.00440	0.00524	0.00426	0.00680
23	0.00856	0.00428	0.00428	0.00428	0.00535	0.00428	0.00321	0.01070	0.00963	0.01712	0.01498	0.01712	0.01177	0.00535	0.00321	0.00107	0.00214	0.00428	0.86414	0.00428
24	0.00559	0.00412	0.00524	0.00609	0.00659	0.00377	0.00414	0.00648	0.00918	0.01201	0.04914	0.68346	0.15982	0.01380	0.00578	0.00180	0.00259	0.01237	0.00428	0.00377
25	0.07196	0.00972	0.01259	0.00986	0.01311	0.00996	0.07172	0.23429	0.04875	0.35819	0.01436	0.02541	0.01027	0.00594	0.00523	0.00149	0.05028	0.03514	0.00460	0.00712
26	0.00963	0.02215	0.71054	0.01368	0.02016	0.01069	0.10310	0.01472	0.00989	0.03115	0.00856	0.01012	0.00606	0.00433	0.00448	0.00146	0.00683	0.00364	0.00206	0.00674
27	0.00706	0.00481	0.00556	0.00544	0.00566	0.00494	0.00329	0.03593	0.00729	0.00981	0.01413	0.02818	0.01586	0.72999	0.09988	0.00462	0.00523	0.00641	0.00282	0.00309
28	0.01005	0.00948	0.01400	0.66708	0.07227	0.05581	0.01226	0.07999	0.01054	0.01337	0.00837	0.01186	0.00632	0.00465	0.00456	0.00149	0.00611	0.00402	0.00229	0.00547
29	0.01133	0.01101	0.01921	0.02758	0.75692	0.01096	0.06673	0.01413	0.01048	0.01498	0.00868	0.01143	0.00725	0.00408	0.00460	0.00138	0.00561	0.00418	0.00228	0.00720

[dist]
# distance from previous block
# <min> <max>
4	9

[block]
# block no. 2 follows, 56 sequences, length 12
# corresponding to MSA columns:
# 288-296,299-301
name=unknown_C
#
# <colnr> <probs for GDERKNQSTAVLIFYWHMCP>
#	G	D	E	R	K	N	Q	S	T	A	V	L	I	F	Y	W	H	M	C	P
0	0.06072	0.00830	0.01035	0.00829	0.01145	0.00793	0.00672	0.11549	0.07324	0.54609	0.01734	0.08748	0.01249	0.00640	0.00464	0.00147	0.00390	0.00524	0.00520	0.00727
1	0.00856	0.00428	0.00428	0.00428	0.00535	0.00428	0.00321	0.01070	0.00963	0.01712	0.01498	0.01712	0.01177	0.00535	0.00321	0.00107	0.00214	0.00428	0.86414	0.00428
2	0.01087	0.00664	0.00828	0.00789	0.03800	0.00645	0.00575	0.10195	0.06437	0.18288	0.14665	0.23175	0.12693	0.00952	0.00553	0.02519	0.00328	0.00798	0.00461	0.00548
3	0.00960	0.01120	0.07459	0.02865	0.01732	0.06190	0.37972	0.01235	0.00992	0.01328	0.02584	0.17325	0.01225	0.00876	0.06696	0.00205	0.07779	0.00647	0.00270	0.00539
4	0.00856	0.00428	0.00428	0.00428	0.00535	0.00428	0.00321	0.01070	0.00963	0.01712	0.01498	0.01712	0.01177	0.00535	0.00321	0.00107	0.00214	0.00428	0.86414	0.00428
5	0.10375	0.57886	0.07290	0.00925	0.01322	0.06279	0.07784	0.01412	0.00954	0.01246	0.00680	0.00802	0.00589	0.00403	0.00331	0.00112	0.00533	0.00281	0.00211	0.00584
6	0.06951	0.06984	0.08436	0.01122	0.01417	0.59281	0.00924	0.05523	0.02969	0.01312	0.00755	0.00862	0.00611	0.00469	0.00404	0.00123	0.00739	0.00304	0.00249	0.00563
7	0.00751	0.00562	0.00679	0.00630	0.00779	0.00543	0.00477	0.01109	0.12977	0.03632	0.51873	0.07041	0.12238	0.00911	0.00524	0.00146	0.00251	0.00794	0.00480	0.03602
8	0.00551	0.00465	0.00477	0.00474	0.00626	0.00391	0.00356	0.00676	0.01067	0.01290	0.10914	0.04337	0.74522	0.01144	0.00543	0.00154	0.00231	0.00958	0.00433	0.00391
9	0.01026	0.00981	0.01437	0.59186	0.06652	0.06159	0.03445	0.08173	0.01050	0.01343	0.00827	0.01171	0.00633	0.00484	0.00521	0.00152	0.05575	0.00405	0.00230	0.00549
10	0.57733	0.04751	0.05258	0.00735	0.01049	0.07337	0.00638	0.04499	0.00960	0.10469	0.02457	0.00921	0.00672	0.00460	0.00334	0.00138	0.00422	0.00298	0.00314	0.00554
11	0.09762	0.01283	0.01067	0.00937	0.01194	0.24762	0.00728	0.14558	0.17335	0.04600	0.03337	0.08602	0.01173	0.00626	0.00441	0.00138	0.00511	0.02584	0.00368	0.05993

[dist]
# distance from previous block
# <min> <max>
1	9

[block]
# block no. 3 follows, 56 sequences, length 24
# corresponding to MSA columns:
# 311-334
name=unknown_D
#
# <colnr> <probs for GDERKNQSTAVLIFYWHMCP>
#	G	D	E	R	K	N	Q	S	T	A	V	L	I	F	Y	W	H	M	C	P
0	0.03192	0.01008	0.06626	0.00857	0.01271	0.00803	0.05161	0.11133	0.02915	0.08427	0.00962	0.01052	0.00737	0.00403	0.00385	0.00097	0.00414	0.00331	0.00318	0.53908
1	0.01448	0.03108	0.01336	0.01174	0.07200	0.19180	0.03925	0.22968	0.16612	0.06344	0.01277	0.01307	0.04053	0.00556	0.00495	0.00138	0.04148	0.00428	0.00366	0.03937
2	0.01076	0.01020	0.01711	0.09947	0.66059	0.01027	0.01307	0.01340	0.01021	0.01455	0.00931	0.04818	0.00817	0.00456	0.00455	0.00137	0.00528	0.00442	0.00236	0.05217
3	0.01303	0.45632	0.07953	0.00939	0.01286	0.20624	0.00870	0.01517	0.04150	0.02897	0.00783	0.02459	0.00684	0.00465	0.00406	0.00115	0.04297	0.00308	0.00231	0.03080
4	0.00666	0.00450	0.00524	0.00524	0.00532	0.00458	0.00307	0.00683	0.00675	0.00908	0.01425	0.02886	0.01618	0.75919	0.10213	0.00474	0.00523	0.00650	0.00275	0.00291
5	0.00856	0.00428	0.00428	0.00428	0.00535	0.00428	0.00321	0.01070	0.00963	0.01712	0.01498	0.01712	0.01177	0.00535	0.00321	0.00107	0.00214	0.00428	0.86414	0.00428
6	0.01724	0.01233	0.01329	0.01023	0.01380	0.01356	0.00844	0.73420	0.02079	0.05945	0.01145	0.01144	0.00810	0.00551	0.00454	0.00137	0.00490	0.00416	0.03753	0.00767
7	0.01205	0.01086	0.01189	0.01122	0.07928	0.08780	0.04326	0.14398	0.35485	0.01859	0.05253	0.04480	0.05180	0.00641	0.00474	0.00146	0.00449	0.02196	0.00404	0.03399
8	0.00888	0.00609	0.00821	0.00852	0.06292	0.00644	0.00592	0.04516	0.00924	0.07843	0.06534	0.02621	0.01650	0.29129	0.18728	0.00384	0.05224	0.10976	0.00330	0.00443
9	0.00856	0.00428	0.00428	0.00428	0.00535	0.00428	0.00321	0.01070	0.00963	0.01712	0.01498	0.01712	0.01177	0.00535	0.00321	0.00107	0.00214	0.00428	0.86414	0.00428
10	0.00679	0.00486	0.00641	0.00724	0.00792	0.00477	0.00548	0.04308	0.00989	0.01308	0.02388	0.49575	0.02743	0.04677	0.00668	0.00203	0.00338	0.27630	0.00420	0.00405
11	0.01475	0.01948	0.11670	0.01261	0.05657	0.54801	0.03331	0.04679	0.02592	0.01282	0.00899	0.06567	0.00789	0.00534	0.00437	0.00130	0.00733	0.00392	0.00256	0.00566
12	0.04993	0.01023	0.01676	0.04771	0.66299	0.01025	0.01266	0.01408	0.01046	0.06155	0.01107	0.01319	0.04958	0.00460	0.00452	0.00138	0.00513	0.00434	0.00259	0.00696
13	0.00916	0.00882	0.01130	0.01014	0.01060	0.06505	0.00819	0.01038	0.00755	0.01086	0.00862	0.01339	0.00830	0.03988	0.30926	0.00398	0.45331	0.00435	0.00222	0.00464
14	0.01097	0.01197	0.02382	0.01885	0.10705	0.03288	0.60332	0.03367	0.03097	0.01523	0.04570	0.02403	0.00912	0.00440	0.00526	0.00151	0.00702	0.00540	0.00258	0.00624
15	0.01186	0.01123	0.01737	0.09829	0.62206	0.04290	0.01315	0.08077	0.02941	0.01584	0.00896	0.01142	0.00731	0.00433	0.00454	0.00138	0.00555	0.00407	0.00251	0.00704
16	0.01117	0.03056	0.01790	0.14080	0.65666	0.03520	0.01360	0.01387	0.01032	0.01432	0.00847	0.01130	0.00703	0.00418	0.00450	0.00137	0.00562	0.00402	0.00223	0.00687
17	0.01232	0.04202	0.29129	0.03392	0.03704	0.22464	0.03378	0.03401	0.04326	0.07787	0.01263	0.03315	0.07055	0.00543	0.00444	0.00137	0.00616	0.00425	0.00281	0.02907
18	0.14921	0.03160	0.17215	0.01134	0.08038	0.01954	0.06505	0.12161	0.05197	0.11474	0.01310	0.07571	0.04091	0.00577	0.00438	0.00145	0.00484	0.00478	0.02513	0.00633
19	0.03229	0.01059	0.02547	0.01364	0.12052	0.06780	0.20038	0.10131	0.06254	0.10512	0.07283	0.04041	0.04779	0.00586	0.00483	0.00145	0.00520	0.02590	0.03840	0.01768
20	0.03751	0.03227	0.08919	0.06433	0.07174	0.12681	0.03193	0.09355	0.14712	0.17365	0.03102	0.02916	0.01804	0.00555	0.00479	0.00143	0.02721	0.00444	0.00367	0.00661
21	0.05390	0.10738	0.15592	0.15511	0.06639	0.05320	0.06619	0.08529	0.06237	0.03101	0.06259	0.05968	0.01071	0.00547	0.00444	0.00142	0.00540	0.00461	0.00290	0.00602
22	0.07228	0.00967	0.04861	0.08577	0.08130	0.01787	0.10883	0.08404	0.10561	0.07949	0.03455	0.10360	0.04426	0.00662	0.00504	0.00152	0.02555	0.03924	0.00351	0.04262
23	0.04481	0.01079	0.01327	0.04666	0.24034	0.09833	0.03072	0.13542	0.02773	0.05940	0.08223	0.03491	0.06133	0.00583	0.00500	0.00138	0.03846	0.00485	0.00332	0.05522

[dist]
# distance from previous block
# <min> <max>
2	81

[block]
# block no. 4 follows, 56 sequences, length 9
# corresponding to MSA columns:
# 462-470
name=unknown_E
#
# <colnr> <probs for GDERKNQSTAVLIFYWHMCP>
#	G	D	E	R	K	N	Q	S	T	A	V	L	I	F	Y	W	H	M	C	P
0	0.03755	0.01148	0.05518	0.00928	0.01256	0.09188	0.02595	0.23354	0.09819	0.16484	0.06906	0.01464	0.03134	0.00562	0.00443	0.00133	0.00460	0.00446	0.03517	0.08891
1	0.04870	0.01083	0.01230	0.04263	0.05033	0.09229	0.06276	0.19011	0.16413	0.14123	0.05409	0.01593	0.03970	0.04757	0.00556	0.00158	0.00485	0.00484	0.00403	0.00653
2	0.07356	0.01170	0.06940	0.00932	0.01280	0.09163	0.04986	0.18641	0.07579	0.06112	0.06786	0.01402	0.04727	0.00530	0.00428	0.00124	0.00466	0.00424	0.00358	0.20597
3	0.05657	0.07118	0.06825	0.00910	0.01240	0.02283	0.00785	0.28459	0.17386	0.07436	0.07933	0.01454	0.01210	0.03555	0.00505	0.00147	0.00441	0.00447	0.00405	0.05805
4	0.22664	0.03955	0.00988	0.00786	0.01083	0.06626	0.00631	0.06021	0.18496	0.12221	0.07933	0.01350	0.01159	0.00527	0.00397	0.00130	0.00394	0.00401	0.00382	0.13853
5	0.08870	0.00999	0.05387	0.00837	0.01174	0.00922	0.00710	0.23185	0.08140	0.03597	0.05606	0.05537	0.01171	0.00573	0.00424	0.00124	0.00402	0.04020	0.00372	0.27949
6	0.09371	0.00726	0.00932	0.00785	0.00952	0.00745	0.08391	0.12659	0.01008	0.05705	0.01317	0.02280	0.01310	0.41368	0.03874	0.00311	0.00496	0.04853	0.00323	0.02594
7	0.01218	0.01184	0.01756	0.01341	0.01672	0.11198	0.34810	0.11207	0.07610	0.04999	0.01165	0.05525	0.00985	0.08964	0.00682	0.00175	0.00621	0.00530	0.00311	0.04046
8	0.07084	0.04761	0.00816	0.00699	0.00850	0.00649	0.00548	0.01023	0.00849	0.09279	0.01481	0.05306	0.04683	0.11280	0.39348	0.00458	0.00784	0.04656	0.00308	0.05138

[dist]
# distance from previous block
# <min> <max>
0	1

[block]
# block no. 5 follows, 56 sequences, length 60
# corresponding to MSA columns:
# 472-531
name=unknown_F
#
# <colnr> <probs for GDERKNQSTAVLIFYWHMCP>
#	G	D	E	R	K	N	Q	S	T	A	V	L	I	F	Y	W	H	M	C	P
0	0.04371	0.01011	0.03671	0.00932	0.01235	0.01040	0.04597	0.19668	0.32967	0.07132	0.01898	0.01875	0.11464	0.00651	0.00469	0.00148	0.00411	0.02124	0.00431	0.03904
1	0.00781	0.00679	0.03370	0.00701	0.00809	0.05359	0.00526	0.03371	0.00815	0.01105	0.01271	0.04303	0.01297	0.31891	0.36163	0.00503	0.00803	0.00546	0.00269	0.05440
2	0.04196	0.01160	0.04589	0.01503	0.01826	0.02470	0.42248	0.03081	0.04876	0.01459	0.02984	0.01286	0.02560	0.00533	0.00738	0.00160	0.19803	0.00491	0.00255	0.03783
3	0.01084	0.00842	0.00998	0.00845	0.01094	0.00880	0.02834	0.09992	0.29881	0.06134	0.21193	0.02064	0.01958	0.01817	0.00527	0.00146	0.02447	0.03020	0.00439	0.11803
4	0.00668	0.00445	0.00501	0.00501	0.00501	0.00445	0.00278	0.00668	0.00668	0.00890	0.01447	0.03004	0.01669	0.83866	0.02337	0.00445	0.00445	0.00668	0.00278	0.00278
5	0.01259	0.78890	0.02335	0.00811	0.01194	0.06956	0.00792	0.01404	0.00956	0.01083	0.00643	0.00742	0.00589	0.00398	0.00302	0.00099	0.00513	0.00249	0.00199	0.00586
6	0.00797	0.00399	0.00598	0.00598	0.00598	0.00399	0.00399	0.00598	0.00598	0.00797	0.00797	0.01396	0.00797	0.01595	0.01794	0.86643	0.00399	0.00399	0.00199	0.00199
7	0.01217	0.46155	0.11547	0.01081	0.08786	0.10608	0.00940	0.02757	0.06271	0.01280	0.00864	0.00968	0.01734	0.00442	0.00359	0.00115	0.00535	0.00315	0.03416	0.00610
8	0.01164	0.04499	0.28397	0.06725	0.01581	0.05024	0.03575	0.11455	0.03751	0.11184	0.04934	0.12220	0.01209	0.00635	0.00480	0.00148	0.01535	0.00527	0.00331	0.00627
9	0.00656	0.00492	0.00738	0.00738	0.00820	0.00574	0.00574	0.00820	0.00738	0.01066	0.01230	0.01804	0.01148	0.03443	0.82046	0.00738	0.01230	0.00492	0.00246	0.00410
10	0.00580	0.00417	0.00555	0.00657	0.00698	0.00392	0.00460	0.00677	0.00906	0.01198	0.02597	0.71423	0.05866	0.01408	0.00590	0.00188	0.00283	0.10300	0.00426	0.00379
11	0.02337	0.01142	0.09112	0.12190	0.51899	0.01043	0.04196	0.03825	0.01056	0.01489	0.01123	0.01356	0.06252	0.00474	0.00460	0.00141	0.00549	0.00444	0.00244	0.00667
12	0.00936	0.03907	0.76186	0.01352	0.04127	0.01083	0.03245	0.01451	0.00973	0.01448	0.00823	0.00975	0.00588	0.00434	0.00436	0.00144	0.00673	0.00343	0.00196	0.00677
13	0.01199	0.01015	0.01070	0.00946	0.01216	0.01169	0.00740	0.09737	0.72781	0.02013	0.01796	0.01655	0.01343	0.00616	0.00466	0.00154	0.00377	0.00509	0.00466	0.00732
14	0.24610	0.05949	0.01200	0.01035	0.03421	0.48280	0.00784	0.04565	0.01168	0.04088	0.00742	0.00844	0.00595	0.00461	0.00377	0.00126	0.00650	0.00293	0.00266	0.00548
15	0.01745	0.01286	0.01378	0.01056	0.01424	0.01424	0.00873	0.79471	0.02159	0.02893	0.01102	0.01102	0.00781	0.00551	0.00459	0.00138	0.00505	0.00413	0.00459	0.00781
16	0.00989	0.00993	0.11873	0.00935	0.02231	0.00816	0.07977	0.10270	0.12121	0.05658	0.26539	0.02323	0.11495	0.00718	0.00497	0.00145	0.00401	0.00625	0.00411	0.02981
17	0.01719	0.00810	0.01071	0.00812	0.01178	0.00692	0.02307	0.01962	0.05077	0.55909	0.01548	0.01411	0.01027	0.00510	0.00433	0.00125	0.00385	0.00419	0.00483	0.22122
18	0.02060	0.00781	0.01065	0.00817	0.01172	0.00675	0.00675	0.02237	0.01314	0.81320	0.01811	0.01563	0.01136	0.00568	0.00462	0.00142	0.00391	0.00462	0.00568	0.00781
19	0.03734	0.00837	0.00960	0.00693	0.01095	0.00658	0.00556	0.04303	0.00995	0.01570	0.00822	0.00951	0.00678	0.00351	0.00343	0.00073	0.00347	0.00277	0.00280	0.80476
20	0.01185	0.00860	0.01259	0.00976	0.01288	0.02013	0.16387	0.06334	0.05094	0.18491	0.05198	0.04763	0.13505	0.00739	0.03467	0.00158	0.01711	0.00566	0.00385	0.15622
21	0.02881	0.08568	0.50640	0.01225	0.04099	0.02355	0.03894	0.10432	0.01111	0.02904	0.01013	0.01141	0.03608	0.00585	0.03463	0.00163	0.00637	0.00377	0.00246	0.00658
22	0.00864	0.00476	0.00467	0.00464	0.00570	0.02500	0.00347	0.01068	0.00954	0.01647	0.01463	0.01722	0.01171	0.02483	0.04365	0.00145	0.00284	0.00433	0.78149	0.00426
23	0.00667	0.00448	0.00517	0.00517	0.00523	0.00454	0.00299	0.00678	0.00673	0.00903	0.01431	0.02920	0.01632	0.78186	0.07966	0.00466	0.00500	0.00655	0.00276	0.00287
24	0.01109	0.01070	0.01849	0.10315	0.70718	0.01087	0.04322	0.01389	0.01035	0.01468	0.00862	0.01148	0.00715	0.00413	0.00458	0.00139	0.00560	0.00414	0.00225	0.00703
25	0.01084	0.01238	0.02709	0.01935	0.02399	0.01161	0.79334	0.01471	0.01084	0.01471	0.00929	0.01238	0.00697	0.00387	0.00542	0.00155	0.00774	0.00542	0.00232	0.00619
26	0.01523	0.00931	0.01226	0.01000	0.01199	0.01073	0.00824	0.10865	0.04064	0.34401	0.01228	0.01323	0.00900	0.02772	0.00935	0.00174	0.34076	0.00439	0.00395	0.00653
27	0.00990	0.02233	0.24280	0.01961	0.01302	0.00756	0.01975	0.05072	0.01069	0.09347	0.06809	0.15877	0.03635	0.00679	0.00458	0.00135	0.00440	0.02197	0.00336	0.20449
28	0.01174	0.05339	0.06046	0.01033	0.06687	0.22109	0.00794	0.08144	0.10614	0.02704	0.20089	0.02007	0.07539	0.00674	0.00470	0.00138	0.00494	0.03013	0.00365	0.00568
29	0.00981	0.00833	0.00968	0.00694	0.01100	0.00642	0.00556	0.04064	0.00997	0.01548	0.00827	0.00958	0.00684	0.00348	0.00344	0.00071	0.00346	0.00277	0.00279	0.83482
30	0.00976	0.00830	0.00965	0.00691	0.01098	0.00636	0.00554	0.03483	0.00988	0.01538	0.00824	0.00956	0.00683	0.00346	0.00344	0.00070	0.00345	0.00276	0.00278	0.84120
31	0.00960	0.00970	0.06331	0.01177	0.11993	0.03039	0.07758	0.02575	0.22612	0.01638	0.16467	0.03232	0.10789	0.00684	0.00507	0.00146	0.01961	0.01562	0.00376	0.05224
32	0.01715	0.02188	0.01301	0.01183	0.01419	0.82022	0.00887	0.01833	0.01301	0.01124	0.00710	0.00828	0.00591	0.00473	0.00414	0.00118	0.00828	0.00296	0.00237	0.00532
33	0.01083	0.39774	0.43132	0.01066	0.01602	0.03610	0.01258	0.01428	0.00962	0.01274	0.00736	0.00859	0.00585	0.00417	0.00371	0.00123	0.00597	0.00295	0.00196	0.00634
34	0.00668	0.00445	0.00501	0.00501	0.00501	0.00445	0.00278	0.00668	0.00668	0.00890	0.01447	0.03004	0.01669	0.83866	0.02337	0.00445	0.00445	0.00668	0.00278	0.00278
35	0.01101	0.01070	0.01885	0.02578	0.66652	0.01059	0.10467	0.01384	0.01059	0.01505	0.03828	0.01344	0.00908	0.00450	0.00473	0.00141	0.00557	0.02599	0.00243	0.00695
36	0.00670	0.00625	0.06192	0.00626	0.00809	0.00480	0.00536	0.00855	0.01096	0.03108	0.20739	0.06453	0.39440	0.01044	0.00541	0.00158	0.00297	0.12273	0.00425	0.03635
37	0.60250	0.07623	0.03885	0.00752	0.01057	0.12755	0.00640	0.05787	0.00952	0.01874	0.00682	0.00785	0.00537	0.00438	0.00319	0.00135	0.00454	0.00268	0.00277	0.00532
38	0.00751	0.00551	0.00804	0.00881	0.00998	0.00549	0.03292	0.00968	0.01058	0.01377	0.02382	0.05051	0.02579	0.01240	0.00631	0.00210	0.00434	0.75399	0.00417	0.00429
39	0.01136	0.01091	0.01863	0.02818	0.81002	0.01091	0.01409	0.01409	0.01045	0.01500	0.00864	0.01136	0.00727	0.00409	0.00455	0.00136	0.00545	0.00409	0.00227	0.00727
40	0.00563	0.00403	0.00536	0.00637	0.00667	0.00376	0.00426	0.00649	0.00897	0.01201	0.05915	0.80098	0.03092	0.01417	0.00584	0.00185	0.00264	0.01285	0.00430	0.00376
41	0.00921	0.02375	0.81487	0.01309	0.01987	0.01066	0.01696	0.01454	0.00969	0.01454	0.00824	0.00969	0.00582	0.00436	0.00436	0.00145	0.00678	0.00339	0.00194	0.00678
42	0.02060	0.00781	0.01065	0.00817	0.01172	0.00675	0.00675	0.02237	0.01314	0.81320	0.01811	0.01563	0.01136	0.00568	0.00462	0.00142	0.00391	0.00462	0.00568	0.00781
43	0.00567	0.00408	0.00537	0.00627	0.00666	0.00379	0.00424	0.00660	0.00922	0.01233	0.09411	0.73672	0.06025	0.01385	0.00581	0.00182	0.00261	0.01251	0.00433	0.00379
44	0.01227	0.84142	0.02406	0.00786	0.01178	0.01817	0.00786	0.01375	0.00933	0.01080	0.00638	0.00736	0.00589	0.00393	0.00295	0.00098	0.00491	0.00245	0.00196	0.00589
45	0.00952	0.00816	0.00952	0.00680	0.01088	0.00612	0.00544	0.01156	0.00952	0.01496	0.00816	0.00952	0.00680	0.00340	0.00340	0.00068	0.00340	0.00272	0.00272	0.86672
46	0.00867	0.00816	0.01377	0.82762	0.03162	0.01020	0.01275	0.01173	0.00918	0.01173	0.00816	0.01224	0.00612	0.00459	0.00459	0.00153	0.00612	0.00408	0.00204	0.00510
47	0.01717	0.02125	0.01306	0.01174	0.01420	0.76431	0.00886	0.07219	0.01360	0.01246	0.00737	0.00847	0.00605	0.00479	0.00417	0.00120	0.00806	0.00304	0.00252	0.00549
48	0.00634	0.00476	0.00591	0.00614	0.00705	0.00452	0.00440	0.00857	0.06567	0.01498	0.33772	0.36224	0.13150	0.01149	0.00555	0.00164	0.00249	0.01020	0.00460	0.00423
49	0.01170	0.01046	0.01051	0.00947	0.01205	0.05171	0.00735	0.02409	0.76243	0.01881	0.01811	0.01669	0.01361	0.00615	0.00464	0.00154	0.00386	0.00508	0.00456	0.00717
50	0.01745	0.01286	0.01378	0.01056	0.01424	0.01424	0.00873	0.79471	0.02159	0.02893	0.01102	0.01102	0.00781	0.00551	0.00459	0.00138	0.00505	0.00413	0.00459	0.00781
51	0.01084	0.00928	0.00989	0.00905	0.01148	0.01061	0.00709	0.02247	0.70689	0.01848	0.02047	0.02090	0.05444	0.00695	0.00483	0.00160	0.00361	0.05962	0.00462	0.00688
52	0.00856	0.00428	0.00428	0.00428	0.00535	0.00428	0.00321	0.01070	0.00963	0.01712	0.01498	0.01712	0.01177	0.00535	0.00321	0.00107	0.00214	0.00428	0.86414	0.00428
53	0.00543	0.00465	0.00465	0.00465	0.00620	0.00388	0.00349	0.00659	0.01046	0.01240	0.04651	0.04418	0.80815	0.01163	0.00543	0.00155	0.00233	0.00969	0.00426	0.00388
54	0.02060	0.00781	0.01065	0.00817	0.01172	0.00675	0.00675	0.02237	0.01314	0.81320	0.01811	0.01563	0.01136	0.00568	0.00462	0.00142	0.00391	0.00462	0.00568	0.00781
55	0.01258	0.01044	0.01103	0.00958	0.01238	0.01196	0.00755	0.17240	0.65183	0.02107	0.01721	0.01596	0.01282	0.00609	0.00466	0.00152	0.00391	0.00499	0.00466	0.00737
56	0.00647	0.00469	0.00609	0.00574	0.00684	0.00432	0.00431	0.00860	0.01292	0.01823	0.78500	0.03459	0.06602	0.00945	0.00542	0.00145	0.00217	0.00834	0.00503	0.00432
57	0.00622	0.00468	0.00575	0.00548	0.00669	0.00421	0.00411	0.00812	0.01233	0.01683	0.60773	0.03689	0.24416	0.00997	0.00542	0.00147	0.00221	0.00867	0.00485	0.00421
58	0.66077	0.02692	0.00863	0.00707	0.01010	0.01130	0.00585	0.17523	0.02554	0.02209	0.00758	0.00837	0.00575	0.00455	0.00324	0.00141	0.00389	0.00288	0.00322	0.00562
59	0.00752	0.00520	0.00637	0.00592	0.00735	0.00481	0.00449	0.01007	0.05899	0.07220	0.53155	0.04606	0.20299	0.00950	0.00532	0.00148	0.00241	0.00823	0.00489	0.00464

[dist]
# distance from previous block
# <min> <max>
0	2

[block]
# block no. 6 follows, 56 sequences, length 154
# corresponding to MSA columns:
# 534-585,589-690
name=unknown_G
#
# <colnr> <probs for GDERKNQSTAVLIFYWHMCP>
#	G	D	E	R	K	N	Q	S	T	A	V	L	I	F	Y	W	H	M	C	P
0	0.00597	0.00448	0.00603	0.00674	0.00709	0.00453	0.00470	0.00691	0.00884	0.01197	0.06381	0.67831	0.04328	0.01489	0.05566	0.00218	0.05501	0.01169	0.00405	0.00387
1	0.87108	0.00888	0.00675	0.00604	0.00888	0.01030	0.00497	0.01350	0.00781	0.02060	0.00639	0.00746	0.00497	0.00426	0.00284	0.00142	0.00355	0.00249	0.00284	0.00497
2	0.01207	0.00931	0.01064	0.00781	0.01176	0.00817	0.00633	0.20692	0.01271	0.06018	0.00939	0.01021	0.00729	0.00404	0.00376	0.00089	0.00384	0.00317	0.00334	0.60816
3	0.00867	0.00816	0.01377	0.82762	0.03162	0.01020	0.01275	0.01173	0.00918	0.01173	0.00816	0.01224	0.00612	0.00459	0.00459	0.00153	0.00612	0.00408	0.00204	0.00510
4	0.00562	0.00405	0.00533	0.00634	0.00669	0.00376	0.00428	0.00646	0.00891	0.01179	0.02637	0.78101	0.07015	0.01421	0.00585	0.00185	0.00267	0.02665	0.00426	0.00375
5	0.00882	0.00832	0.01405	0.78166	0.07637	0.01024	0.01283	0.01187	0.00925	0.01192	0.00819	0.01219	0.00619	0.00456	0.00459	0.00152	0.00608	0.00408	0.00205	0.00522
6	0.00559	0.00400	0.00533	0.00639	0.00666	0.00373	0.00426	0.00639	0.00879	0.01172	0.02530	0.83566	0.03036	0.01438	0.00586	0.00186	0.00266	0.01305	0.00426	0.00373
7	0.00867	0.00816	0.01377	0.82762	0.03162	0.01020	0.01275	0.01173	0.00918	0.01173	0.00816	0.01224	0.00612	0.00459	0.00459	0.00153	0.00612	0.00408	0.00204	0.00510
8	0.00559	0.00400	0.00533	0.00639	0.00666	0.00373	0.00426	0.00639	0.00879	0.01172	0.02530	0.83566	0.03036	0.01438	0.00586	0.00186	0.00266	0.01305	0.00426	0.00373
9	0.01227	0.84142	0.02406	0.00786	0.01178	0.01817	0.00786	0.01375	0.00933	0.01080	0.00638	0.00736	0.00589	0.00393	0.00295	0.00098	0.00491	0.00245	0.00196	0.00589
10	0.87108	0.00888	0.00675	0.00604	0.00888	0.01030	0.00497	0.01350	0.00781	0.02060	0.00639	0.00746	0.00497	0.00426	0.00284	0.00142	0.00355	0.00249	0.00284	0.00497
11	0.08334	0.01255	0.01324	0.01021	0.01382	0.01393	0.00844	0.73441	0.02052	0.02829	0.01066	0.01075	0.00759	0.00541	0.00446	0.00138	0.00494	0.00401	0.00446	0.00759
12	0.01227	0.84142	0.02406	0.00786	0.01178	0.01817	0.00786	0.01375	0.00933	0.01080	0.00638	0.00736	0.00589	0.00393	0.00295	0.00098	0.00491	0.00245	0.00196	0.00589
13	0.01719	0.02070	0.01311	0.01166	0.01420	0.71486	0.00885	0.11983	0.01413	0.01355	0.00761	0.00864	0.00616	0.00483	0.00420	0.00121	0.00786	0.00311	0.00266	0.00565
14	0.01113	0.01093	0.01945	0.07536	0.66020	0.01096	0.11588	0.01403	0.01043	0.01476	0.00869	0.01155	0.00716	0.00409	0.00466	0.00140	0.00579	0.00426	0.00226	0.00700
15	0.01715	0.02188	0.01301	0.01183	0.01419	0.82022	0.00887	0.01833	0.01301	0.01124	0.00710	0.00828	0.00591	0.00473	0.00414	0.00118	0.00828	0.00296	0.00237	0.00532
16	0.01227	0.84142	0.02406	0.00786	0.01178	0.01817	0.00786	0.01375	0.00933	0.01080	0.00638	0.00736	0.00589	0.00393	0.00295	0.00098	0.00491	0.00245	0.00196	0.00589
17	0.00668	0.00445	0.00501	0.00501	0.00501	0.00445	0.00278	0.00668	0.00668	0.00890	0.01447	0.03004	0.01669	0.83866	0.02337	0.00445	0.00445	0.00668	0.00278	0.00278
18	0.00797	0.00399	0.00598	0.00598	0.00598	0.00399	0.00399	0.00598	0.00598	0.00797	0.00797	0.01396	0.00797	0.01595	0.01794	0.86643	0.00399	0.00399	0.00199	0.00199
19	0.00867	0.00816	0.01377	0.82762	0.03162	0.01020	0.01275	0.01173	0.00918	0.01173	0.00816	0.01224	0.00612	0.00459	0.00459	0.00153	0.00612	0.00408	0.00204	0.00510
20	0.00559	0.00400	0.00533	0.00639	0.00666	0.00373	0.00426	0.00639	0.00879	0.01172	0.02530	0.83566	0.03036	0.01438	0.00586	0.00186	0.00266	0.01305	0.00426	0.00373
21	0.00650	0.00469	0.00614	0.00578	0.00686	0.00433	0.00433	0.00866	0.01300	0.01841	0.80760	0.03429	0.04332	0.00939	0.00541	0.00144	0.00217	0.00830	0.00505	0.00433
22	0.01236	0.82662	0.02386	0.00793	0.01183	0.03265	0.00787	0.01383	0.00939	0.01081	0.00640	0.00738	0.00589	0.00394	0.00297	0.00099	0.00497	0.00246	0.00197	0.00588
23	0.01778	0.01234	0.01346	0.01032	0.01398	0.01346	0.00852	0.71498	0.02071	0.10990	0.01175	0.01150	0.00817	0.00553	0.00460	0.00138	0.00493	0.00418	0.00471	0.00781
24	0.12295	0.03454	0.01254	0.01084	0.02630	0.45819	0.00831	0.18703	0.06837	0.01686	0.00867	0.00941	0.00679	0.00492	0.00409	0.00128	0.00655	0.00332	0.00306	0.00600
25	0.00952	0.10816	0.73323	0.01255	0.01904	0.01144	0.01602	0.01446	0.00966	0.01415	0.00805	0.00945	0.00582	0.00432	0.00422	0.00141	0.00659	0.00330	0.00194	0.00669
26	0.00543	0.00462	0.00469	0.00474	0.00622	0.00387	0.00353	0.00658	0.01038	0.01237	0.04542	0.08474	0.76830	0.01177	0.00545	0.00157	0.00234	0.00986	0.00426	0.00387
27	0.01055	0.01073	0.01451	0.01379	0.09883	0.05436	0.01042	0.01175	0.00770	0.01149	0.00636	0.01010	0.00616	0.00744	0.01337	0.00190	0.69923	0.00397	0.00206	0.00528
28	0.01111	0.00824	0.00973	0.00717	0.01107	0.00661	0.00575	0.01395	0.07030	0.11964	0.01026	0.01090	0.00795	0.00391	0.00366	0.00084	0.00348	0.00316	0.00326	0.68902
29	0.00560	0.00466	0.00489	0.00483	0.00631	0.00395	0.00362	0.00692	0.01087	0.01337	0.16904	0.04259	0.68502	0.01127	0.00542	0.00153	0.00230	0.00947	0.00439	0.00395
30	0.87108	0.00888	0.00675	0.00604	0.00888	0.01030	0.00497	0.01350	0.00781	0.02060	0.00639	0.00746	0.00497	0.00426	0.00284	0.00142	0.00355	0.00249	0.00284	0.00497
31	0.00983	0.05719	0.01385	0.01126	0.01163	0.01336	0.00940	0.01120	0.02467	0.01117	0.00699	0.01089	0.00677	0.01054	0.09906	0.00251	0.67849	0.00405	0.00211	0.00502
32	0.00900	0.00485	0.00491	0.00475	0.00599	0.00498	0.00360	0.03784	0.05062	0.01762	0.01503	0.01691	0.01175	0.00540	0.00333	0.00111	0.00231	0.00432	0.79111	0.00455
33	0.00916	0.02338	0.79934	0.01294	0.01962	0.01054	0.01672	0.01443	0.00976	0.01461	0.02359	0.01017	0.00654	0.00446	0.00438	0.00145	0.00670	0.00349	0.00200	0.00674
34	0.01107	0.01144	0.06063	0.07697	0.70527	0.01086	0.02851	0.01398	0.01034	0.01477	0.00860	0.01135	0.00712	0.00413	0.00455	0.00138	0.00561	0.00408	0.00224	0.00709
35	0.05580	0.01527	0.01334	0.01183	0.05440	0.29513	0.00898	0.32224	0.04495	0.01910	0.00899	0.01003	0.00700	0.00544	0.00564	0.00139	0.10708	0.00367	0.00330	0.00642
36	0.76229	0.08155	0.00849	0.00666	0.02658	0.01090	0.00538	0.01341	0.00798	0.01942	0.00658	0.00793	0.00531	0.01872	0.00324	0.00143	0.00373	0.00259	0.00275	0.00506
37	0.80395	0.05268	0.02861	0.00631	0.00932	0.01072	0.00543	0.01354	0.00794	0.01993	0.00644	0.00751	0.00504	0.00425	0.00289	0.00140	0.00371	0.00251	0.00277	0.00507
38	0.00740	0.00528	0.00740	0.00845	0.00951	0.00528	0.00740	0.00951	0.01057	0.01374	0.02431	0.05179	0.02642	0.01268	0.00634	0.00211	0.00423	0.77912	0.00423	0.00423
39	0.00559	0.00400	0.00533	0.00639	0.00666	0.00373	0.00426	0.00639	0.00879	0.01172	0.02530	0.83566	0.03036	0.01438	0.00586	0.00186	0.00266	0.01305	0.00426	0.00373
40	0.01085	0.01235	0.02687	0.01958	0.04438	0.01159	0.77313	0.01469	0.01083	0.01471	0.00927	0.01236	0.00697	0.00388	0.00540	0.00154	0.00768	0.00538	0.00232	0.00622
41	0.00952	0.00816	0.00952	0.00680	0.01088	0.00612	0.00544	0.01156	0.00952	0.01496	0.00816	0.00952	0.00680	0.00340	0.00340	0.00068	0.00340	0.00272	0.00272	0.86672
42	0.00952	0.00816	0.00952	0.00680	0.01088	0.00612	0.00544	0.01156	0.00952	0.01496	0.00816	0.00952	0.00680	0.00340	0.00340	0.00068	0.00340	0.00272	0.00272	0.86672
43	0.00559	0.00400	0.00533	0.00639	0.00666	0.00373	0.00426	0.00639	0.00879	0.01172	0.02530	0.83566	0.03036	0.01438	0.00586	0.00186	0.00266	0.01305	0.00426	0.00373
44	0.87108	0.00888	0.00675	0.00604	0.00888	0.01030	0.00497	0.01350	0.00781	0.02060	0.00639	0.00746	0.00497	0.00426	0.00284	0.00142	0.00355	0.00249	0.00284	0.00497
45	0.00667	0.00447	0.00509	0.00509	0.00512	0.00450	0.00289	0.00673	0.00670	0.00896	0.01439	0.02962	0.01651	0.81010	0.05167	0.00455	0.00473	0.00661	0.00277	0.00283
46	0.00915	0.00843	0.01357	0.74914	0.02981	0.01042	0.01228	0.04030	0.05754	0.01279	0.00890	0.01249	0.00666	0.00472	0.00459	0.00153	0.00593	0.00415	0.00229	0.00533
47	0.00725	0.00526	0.00739	0.03729	0.00998	0.00530	0.00724	0.00926	0.01036	0.01347	0.02428	0.11795	0.04205	0.01252	0.00622	0.00206	0.00412	0.66965	0.00415	0.00421
48	0.01715	0.02188	0.01301	0.01183	0.01419	0.82022	0.00887	0.01833	0.01301	0.01124	0.00710	0.00828	0.00591	0.00473	0.00414	0.00118	0.00828	0.00296	0.00237	0.00532
49	0.06333	0.00768	0.01018	0.00791	0.01128	0.00678	0.00651	0.02109	0.01286	0.72453	0.06524	0.01634	0.01297	0.00583	0.00457	0.00142	0.00378	0.00473	0.00550	0.00746
50	0.01745	0.01286	0.01378	0.01056	0.01424	0.01424	0.00873	0.79471	0.02159	0.02893	0.01102	0.01102	0.00781	0.00551	0.00459	0.00138	0.00505	0.00413	0.00459	0.00781
51	0.03350	0.01230	0.01371	0.01075	0.01413	0.04171	0.05581	0.63106	0.01924	0.02576	0.01197	0.05488	0.00956	0.00611	0.00473	0.00144	0.00514	0.03669	0.00431	0.00721
52	0.00791	0.00401	0.00593	0.00593	0.00593	0.00401	0.00393	0.00602	0.00602	0.00802	0.00831	0.01478	0.00842	0.05811	0.01822	0.82226	0.00401	0.00413	0.00203	0.00203
53	0.00952	0.00816	0.00952	0.00680	0.01088	0.00612	0.00544	0.01156	0.00952	0.01496	0.00816	0.00952	0.00680	0.00340	0.00340	0.00068	0.00340	0.00272	0.00272	0.86672
54	0.12114	0.00662	0.00823	0.00835	0.00999	0.00693	0.02635	0.05607	0.06273	0.01615	0.06825	0.03921	0.03727	0.01031	0.00558	0.00188	0.00407	0.50200	0.00410	0.00478
55	0.00666	0.00451	0.00532	0.00532	0.00542	0.00462	0.00317	0.00688	0.00677	0.00913	0.01418	0.02847	0.01601	0.73352	0.12757	0.00483	0.00548	0.00645	0.00274	0.00295
56	0.00559	0.00400	0.00533	0.00639	0.00666	0.00373	0.00426	0.00639	0.00879	0.01172	0.02530	0.83566	0.03036	0.01438	0.00586	0.00186	0.00266	0.01305	0.00426	0.00373
57	0.00829	0.00504	0.00632	0.00653	0.00753	0.00485	0.00475	0.04686	0.02327	0.09101	0.08333	0.48294	0.02521	0.01115	0.00524	0.00165	0.00286	0.04364	0.13499	0.00453
58	0.01136	0.01091	0.01863	0.02818	0.81002	0.01091	0.01409	0.01409	0.01045	0.01500	0.00864	0.01136	0.00727	0.00409	0.00455	0.00136	0.00545	0.00409	0.00227	0.00727
59	0.01026	0.00889	0.00963	0.05804	0.01217	0.01009	0.00697	0.02067	0.62227	0.01762	0.02267	0.02133	0.14555	0.00703	0.00479	0.00155	0.00357	0.00587	0.00444	0.00657
60	0.00559	0.00400	0.00533	0.00639	0.00666	0.00373	0.00426	0.00639	0.00879	0.01172	0.02530	0.83566	0.03036	0.01438	0.00586	0.00186	0.00266	0.01305	0.00426	0.00373
61	0.01673	0.02066	0.01279	0.01153	0.01392	0.73958	0.00870	0.06470	0.01336	0.01231	0.00814	0.00929	0.02017	0.00555	0.02203	0.00134	0.00807	0.00319	0.00253	0.00542
62	0.65594	0.04084	0.00858	0.00727	0.01001	0.16530	0.00588	0.01433	0.00893	0.01829	0.00697	0.00871	0.00572	0.00455	0.00318	0.00138	0.00452	0.02180	0.00275	0.00505
63	0.05080	0.00785	0.01052	0.00809	0.01162	0.00687	0.00668	0.02206	0.01295	0.78505	0.01770	0.01534	0.01114	0.00563	0.00455	0.00142	0.00389	0.00454	0.00558	0.00771
64	0.00865	0.01746	0.52952	0.01132	0.01621	0.00894	0.03640	0.01300	0.02662	0.01455	0.08025	0.03205	0.01293	0.04881	0.00573	0.00169	0.00576	0.10564	0.00267	0.02182
65	0.00732	0.00528	0.00729	0.00807	0.00915	0.00531	0.00691	0.00965	0.02737	0.01431	0.12597	0.04704	0.02760	0.01323	0.04790	0.00228	0.00436	0.62239	0.00425	0.00430
66	0.02039	0.00815	0.01086	0.00833	0.01189	0.00724	0.00688	0.07340	0.01370	0.76138	0.01764	0.01532	0.01113	0.00567	0.00462	0.00142	0.00398	0.00458	0.00561	0.00781
67	0.00941	0.00805	0.00941	0.00679	0.01077	0.00606	0.00541	0.01142	0.00950	0.01487	0.00862	0.03173	0.00743	0.00370	0.00347	0.00071	0.00338	0.00300	0.00276	0.84352
68	0.05746	0.05388	0.13384	0.00983	0.04280	0.00940	0.00875	0.12018	0.04761	0.40031	0.01363	0.01287	0.00917	0.00514	0.00433	0.00136	0.00454	0.00405	0.00430	0.05655
69	0.01150	0.06042	0.16195	0.04276	0.46259	0.06954	0.02540	0.01502	0.05094	0.02825	0.00895	0.01100	0.00719	0.00440	0.00461	0.00138	0.02099	0.00388	0.00237	0.00686
70	0.00707	0.00490	0.00580	0.00546	0.00693	0.00430	0.00413	0.00873	0.01178	0.07598	0.38978	0.05344	0.38438	0.01021	0.00537	0.00150	0.00238	0.00874	0.00473	0.00438
71	0.00668	0.00445	0.00501	0.00501	0.00501	0.00445	0.00278	0.00668	0.00668	0.00890	0.01447	0.03004	0.01669	0.83866	0.02337	0.00445	0.00445	0.00668	0.00278	0.00278
72	0.01075	0.01110	0.02142	0.03701	0.38367	0.01086	0.35739	0.01390	0.01057	0.01474	0.03018	0.02803	0.00880	0.00456	0.00521	0.00149	0.02216	0.01922	0.00243	0.00652
73	0.01097	0.02171	0.01315	0.23882	0.15926	0.00951	0.00959	0.11829	0.01126	0.03795	0.00918	0.02758	0.00740	0.00453	0.00441	0.00121	0.02170	0.00382	0.00279	0.28687
74	0.00922	0.02322	0.78771	0.01287	0.01957	0.01051	0.01657	0.01444	0.00969	0.01455	0.00824	0.00969	0.00585	0.00433	0.00433	0.00143	0.00667	0.00337	0.00196	0.03579
75	0.00956	0.00819	0.00954	0.00685	0.01090	0.00623	0.00548	0.01182	0.02573	0.01505	0.00838	0.00968	0.00695	0.00346	0.00343	0.00070	0.00340	0.00277	0.00276	0.84914
76	0.01143	0.05185	0.01406	0.01503	0.29518	0.00878	0.03424	0.02691	0.02096	0.09351	0.02216	0.02910	0.01917	0.00441	0.00411	0.00111	0.00438	0.00392	0.00295	0.33674
77	0.13297	0.04913	0.02398	0.00887	0.01171	0.02539	0.00717	0.07817	0.51954	0.04974	0.03496	0.01496	0.01226	0.00579	0.00433	0.00148	0.00389	0.00459	0.00424	0.00683
78	0.00952	0.00816	0.00952	0.00680	0.01088	0.00612	0.00544	0.01156	0.00952	0.01496	0.00816	0.00952	0.00680	0.00340	0.00340	0.00068	0.00340	0.00272	0.00272	0.86672
79	0.01057	0.01007	0.04232	0.32716	0.29984	0.01034	0.02707	0.05650	0.05107	0.02781	0.00921	0.01183	0.00718	0.00443	0.00448	0.00138	0.00546	0.00403	0.00252	0.08672
80	0.05231	0.05502	0.13125	0.05678	0.03150	0.05042	0.00903	0.25384	0.12249	0.04634	0.02329	0.01252	0.00904	0.00544	0.00451	0.01908	0.00483	0.00404	0.10179	0.00649
81	0.01715	0.02188	0.01301	0.01183	0.01419	0.82022	0.00887	0.01833	0.01301	0.01124	0.00710	0.00828	0.00591	0.00473	0.00414	0.00118	0.00828	0.00296	0.00237	0.00532
82	0.00710	0.00551	0.00760	0.00913	0.08599	0.01599	0.01719	0.02129	0.00946	0.01259	0.03287	0.45010	0.02492	0.10236	0.00769	0.00212	0.00365	0.17634	0.00386	0.00421
83	0.00668	0.00445	0.00501	0.00501	0.00501	0.00445	0.00278	0.00668	0.00668	0.00890	0.01447	0.03004	0.01669	0.83866	0.02337	0.00445	0.00445	0.00668	0.00278	0.00278
84	0.01005	0.03487	0.19978	0.07230	0.26332	0.01039	0.20980	0.01355	0.01038	0.01467	0.06716	0.01387	0.00989	0.01716	0.00503	0.00149	0.00603	0.01661	0.01731	0.00633
85	0.00640	0.00468	0.00600	0.00569	0.00680	0.00429	0.00426	0.00846	0.01272	0.01782	0.73356	0.04784	0.10501	0.00965	0.00542	0.00146	0.00219	0.00849	0.00498	0.00429
86	0.87108	0.00888	0.00675	0.00604	0.00888	0.01030	0.00497	0.01350	0.00781	0.02060	0.00639	0.00746	0.00497	0.00426	0.00284	0.00142	0.00355	0.00249	0.00284	0.00497
87	0.00989	0.01032	0.01989	0.01531	0.01812	0.01084	0.44533	0.01272	0.00981	0.01357	0.01139	0.01926	0.01046	0.00736	0.03202	0.00193	0.19632	0.14736	0.00260	0.00550
88	0.01136	0.01091	0.01863	0.02818	0.81002	0.01091	0.01409	0.01409	0.01045	0.01500	0.00864	0.01136	0.00727	0.00409	0.00455	0.00136	0.00545	0.00409	0.00227	0.00727
89	0.00558	0.00403	0.00529	0.00630	0.00664	0.00374	0.00422	0.00640	0.00888	0.01175	0.02639	0.79510	0.07022	0.01424	0.00584	0.00185	0.00265	0.01288	0.00426	0.00374
90	0.00921	0.02375	0.81487	0.01309	0.01987	0.01066	0.01696	0.01454	0.00969	0.01454	0.00824	0.00969	0.00582	0.00436	0.00436	0.00145	0.00678	0.00339	0.00194	0.00678
91	0.02060	0.00781	0.01065	0.00817	0.01172	0.00675	0.00675	0.02237	0.01314	0.81320	0.01811	0.01563	0.01136	0.00568	0.00462	0.00142	0.00391	0.00462	0.00568	0.00781
92	0.00620	0.00468	0.00572	0.00546	0.00667	0.00420	0.00409	0.00808	0.01228	0.01672	0.59336	0.03708	0.25861	0.01002	0.00542	0.00147	0.00221	0.00869	0.00483	0.00420
