[name]
unknown

[dist]
# distance from previous block
# <min> <max>
0	151

[block]
# block no. 0 follows, 55 sequences, length 39
# corresponding to MSA columns:
# 163-201
name=unknown_A
#
# <colnr> <probs for GDERKNQSTAVLIFYWHMCP>
#	G	D	E	R	K	N	Q	S	T	A	V	L	I	F	Y	W	H	M	C	P
0	0.05985	0.00590	0.00745	0.07031	0.00999	0.00589	0.00570	0.03938	0.02463	0.08080	0.14178	0.25185	0.07268	0.05529	0.00653	0.01932	0.00345	0.08911	0.01478	0.03531
1	0.12789	0.18429	0.05081	0.04144	0.06549	0.09116	0.02334	0.10695	0.05773	0.01633	0.02510	0.02911	0.03261	0.00519	0.00430	0.00129	0.03136	0.00387	0.02904	0.07269
2	0.03795	0.00981	0.01247	0.01014	0.01284	0.08226	0.13755	0.08768	0.09084	0.10813	0.06790	0.13972	0.04778	0.00723	0.00542	0.01753	0.02692	0.00616	0.00381	0.08786
3	0.00814	0.00560	0.00685	0.00644	0.00793	0.00515	0.00477	0.04721	0.02599	0.07141	0.25118	0.24307	0.13233	0.06050	0.00644	0.00172	0.00294	0.02560	0.00444	0.08229
4	0.01132	0.00996	0.01509	0.09013	0.44589	0.01032	0.01133	0.05113	0.14468	0.04030	0.01213	0.07643	0.01037	0.00545	0.00469	0.00144	0.00489	0.00499	0.00309	0.04636
5	0.19101	0.03949	0.15654	0.05153	0.07021	0.06508	0.04116	0.08392	0.11590	0.01729	0.03214	0.04466	0.04670	0.01950	0.00462	0.00151	0.00503	0.00451	0.00313	0.00606
6	0.09020	0.00764	0.00893	0.04522	0.01051	0.04209	0.03910	0.09637	0.01082	0.10343	0.04031	0.14290	0.05492	0.18060	0.03953	0.00236	0.00458	0.02577	0.01816	0.03656
7	0.00592	0.00466	0.00546	0.00550	0.00671	0.00420	0.00407	0.00736	0.01079	0.01395	0.24449	0.14496	0.42668	0.01362	0.07838	0.00211	0.00326	0.00946	0.00437	0.00405
8	0.09345	0.06855	0.01327	0.01122	0.01376	0.69893	0.00857	0.01787	0.01249	0.01221	0.00708	0.00826	0.00591	0.00470	0.00401	0.00121	0.00776	0.00292	0.00242	0.00540
9	0.03080	0.05908	0.08006	0.12634	0.05091	0.31903	0.01008	0.12290	0.04082	0.04550	0.00948	0.01088	0.01896	0.00550	0.01561	0.00145	0.04001	0.00369	0.00284	0.00606
10	0.01135	0.00719	0.00979	0.05946	0.01160	0.00714	0.05753	0.11359	0.02832	0.18359	0.06842	0.17115	0.10946	0.05690	0.05656	0.00209	0.00448	0.00718	0.02864	0.00555
11	0.00675	0.00447	0.00510	0.00518	0.00528	0.00444	0.00300	0.00697	0.00725	0.00988	0.03694	0.09656	0.01857	0.70951	0.02082	0.00406	0.00419	0.00724	0.04077	0.00301
12	0.09506	0.02813	0.09063	0.10525	0.14267	0.06075	0.12089	0.06344	0.02841	0.13733	0.03863	0.01343	0.02829	0.00503	0.00454	0.00144	0.00548	0.00440	0.01979	0.00642
13	0.27011	0.13812	0.04982	0.01112	0.08508	0.23646	0.02511	0.03991	0.01073	0.06094	0.00784	0.00900	0.00623	0.00461	0.00404	0.00132	0.02789	0.00312	0.00270	0.00585
14	0.01032	0.00975	0.01667	0.20723	0.50501	0.01015	0.04911	0.01309	0.01034	0.01449	0.04616	0.04907	0.00989	0.00498	0.00473	0.00145	0.00544	0.00480	0.02084	0.00646
15	0.01000	0.02117	0.63841	0.01365	0.01999	0.01058	0.12231	0.01491	0.01010	0.04403	0.00886	0.01041	0.00631	0.00436	0.00453	0.00145	0.00674	0.00373	0.00219	0.04628
16	0.00929	0.00789	0.00927	0.00685	0.01064	0.00598	0.00541	0.01124	0.00958	0.01487	0.00983	0.08349	0.00903	0.00444	0.00367	0.00080	0.00338	0.00369	0.00290	0.78776
17	0.00775	0.00404	0.00597	0.00612	0.00615	0.00400	0.00408	0.00612	0.00645	0.00860	0.01046	0.12525	0.01116	0.01595	0.01652	0.74765	0.00386	0.00529	0.00233	0.00226
18	0.01071	0.01281	0.07663	0.09201	0.07696	0.01153	0.61891	0.01458	0.01073	0.01464	0.00920	0.01229	0.00693	0.00403	0.00529	0.00155	0.00748	0.00515	0.00230	0.00629
19	0.00567	0.00472	0.00495	0.00489	0.00639	0.00400	0.00367	0.00701	0.01101	0.01354	0.16795	0.04317	0.68417	0.01142	0.00550	0.00155	0.00233	0.00959	0.00445	0.00400
20	0.00995	0.00549	0.00716	0.00637	0.00798	0.00498	0.00487	0.01181	0.01245	0.20471	0.49369	0.03080	0.06841	0.08293	0.00695	0.00175	0.00288	0.02674	0.00501	0.00506
21	0.04740	0.00922	0.01026	0.00867	0.01156	0.00984	0.00691	0.12658	0.37248	0.21659	0.04366	0.01874	0.08415	0.00658	0.00473	0.00151	0.00378	0.00537	0.00488	0.00709
22	0.00622	0.00495	0.00575	0.00606	0.00735	0.00455	0.00473	0.00799	0.03463	0.01311	0.06170	0.13456	0.46349	0.01315	0.04309	0.00200	0.00331	0.17498	0.00427	0.00412
23	0.01229	0.01035	0.01092	0.00961	0.01237	0.01191	0.00754	0.11464	0.70799	0.02062	0.01802	0.01663	0.01346	0.00623	0.00472	0.00156	0.00385	0.00513	0.00472	0.00743
24	0.01644	0.00971	0.01128	0.00924	0.01245	0.01017	0.00746	0.18250	0.31223	0.33465	0.01720	0.01613	0.01207	0.00606	0.00473	0.00150	0.00410	0.01931	0.00511	0.00764
25	0.04445	0.01056	0.01130	0.00952	0.01254	0.01182	0.00759	0.24357	0.46891	0.08870	0.01670	0.01558	0.02539	0.00608	0.00465	0.00151	0.00409	0.00488	0.00472	0.00743
26	0.01555	0.01096	0.01202	0.00979	0.01302	0.01204	0.00790	0.36762	0.32428	0.13731	0.02957	0.01468	0.01154	0.00596	0.00470	0.00147	0.00434	0.00475	0.00485	0.00763
27	0.00810	0.00618	0.00730	0.00665	0.00823	0.00618	0.00509	0.08082	0.11813	0.01891	0.52958	0.04718	0.12124	0.00909	0.00532	0.00149	0.00268	0.00787	0.00492	0.00504
28	0.00572	0.00414	0.00532	0.00623	0.00660	0.00384	0.00415	0.00651	0.00892	0.01176	0.02688	0.71253	0.09935	0.06576	0.00701	0.00202	0.00278	0.01252	0.00422	0.00373
29	0.14436	0.00792	0.00902	0.00767	0.01017	0.00808	0.00595	0.06269	0.15301	0.31611	0.01622	0.07999	0.01314	0.13612	0.00748	0.00198	0.00391	0.00541	0.00450	0.00626
30	0.13268	0.00860	0.00915	0.00804	0.01052	0.00929	0.00631	0.12740	0.27773	0.11182	0.03510	0.09038	0.09760	0.03379	0.00529	0.00164	0.00369	0.02028	0.00444	0.00624
31	0.08425	0.00551	0.00649	0.00604	0.00746	0.00540	0.00461	0.02986	0.03640	0.01835	0.59317	0.03171	0.11241	0.00975	0.02716	0.00164	0.00274	0.00772	0.00475	0.00458
32	0.00801	0.00408	0.00613	0.00613	0.00617	0.00412	0.00412	0.00617	0.00613	0.00821	0.00829	0.01434	0.00825	0.01704	0.05563	0.82451	0.00443	0.00408	0.00204	0.00212
33	0.00710	0.00458	0.00578	0.00617	0.00695	0.00418	0.00426	0.00808	0.00965	0.07928	0.08822	0.50064	0.14540	0.09782	0.00756	0.00204	0.00290	0.01095	0.00435	0.00410
34	0.00782	0.00515	0.00742	0.01974	0.00778	0.00586	0.00532	0.00752	0.00693	0.00967	0.01115	0.01667	0.04603	0.04218	0.22981	0.43642	0.10597	0.00465	0.02073	0.00317
35	0.02895	0.20577	0.16314	0.01161	0.01556	0.26335	0.08417	0.08706	0.07153	0.01464	0.00868	0.00975	0.00685	0.00464	0.00414	0.00129	0.00655	0.00347	0.00261	0.00625
36	0.00705	0.00497	0.00608	0.00596	0.00646	0.00503	0.01558	0.02538	0.02745	0.01141	0.07327	0.12045	0.04861	0.49219	0.10105	0.00390	0.00486	0.00736	0.02938	0.00355
37	0.00594	0.00456	0.00537	0.00559	0.00662	0.00418	0.00404	0.00719	0.01000	0.01299	0.13152	0.23973	0.37724	0.04523	0.09046	0.00235	0.00355	0.00973	0.02979	0.00394
38	0.01028	0.02506	0.02921	0.00752	0.00870	0.17125	0.00545	0.05912	0.02517	0.02598	0.01330	0.02224	0.03456	0.45099	0.02727	0.00313	0.03773	0.00547	0.03337	0.00420

[dist]
# distance from previous block
# <min> <max>
1	8

[block]
# block no. 1 follows, 55 sequences, length 43
# corresponding to MSA columns:
# 210-224,226-237,244-259
name=unknown_B
#
# <colnr> <probs for GDERKNQSTAVLIFYWHMCP>
#	G	D	E	R	K	N	Q	S	T	A	V	L	I	F	Y	W	H	M	C	P
0	0.00955	0.10183	0.70164	0.01273	0.03042	0.01134	0.01586	0.01442	0.00982	0.01431	0.00929	0.01063	0.02899	0.00459	0.00432	0.00143	0.00654	0.00354	0.00204	0.00671
1	0.04321	0.01361	0.01319	0.01044	0.01385	0.11126	0.00849	0.62621	0.03778	0.02619	0.01088	0.01111	0.00789	0.00546	0.00449	0.00137	0.00532	0.00402	0.03785	0.00737
2	0.00621	0.00442	0.00552	0.00598	0.00674	0.00401	0.00417	0.00728	0.01000	0.03085	0.16563	0.46338	0.20141	0.03460	0.00648	0.02127	0.00264	0.01107	0.00440	0.00395
3	0.00864	0.00662	0.00849	0.00877	0.06202	0.00693	0.00621	0.03386	0.16410	0.03589	0.15562	0.08320	0.06463	0.05551	0.18125	0.02221	0.00541	0.05532	0.00388	0.03143
4	0.02940	0.05830	0.23684	0.02406	0.04015	0.09688	0.02813	0.12208	0.09923	0.03135	0.10927	0.01659	0.07593	0.00602	0.00461	0.00143	0.00526	0.00484	0.00337	0.00628
5	0.00919	0.00856	0.01423	0.75760	0.07458	0.01049	0.01288	0.03452	0.00974	0.01257	0.00838	0.01232	0.00632	0.00465	0.00465	0.00154	0.00613	0.00414	0.00215	0.00537
6	0.33386	0.00728	0.00748	0.00678	0.00901	0.00764	0.00533	0.03728	0.04817	0.15576	0.11856	0.15240	0.04429	0.00753	0.00435	0.00153	0.00332	0.02078	0.02328	0.00537
7	0.01112	0.01061	0.01788	0.14357	0.66739	0.01097	0.01384	0.01429	0.03769	0.01487	0.00903	0.01185	0.00744	0.00429	0.00462	0.00141	0.00556	0.00418	0.00235	0.00705
8	0.01111	0.01064	0.01815	0.14632	0.69287	0.01095	0.01408	0.01392	0.01040	0.01471	0.00868	0.01165	0.00720	0.00422	0.00461	0.00141	0.00563	0.00414	0.00227	0.00704
9	0.01043	0.01076	0.07652	0.05741	0.15250	0.01005	0.20027	0.03264	0.17365	0.03104	0.02548	0.06613	0.01198	0.05994	0.02044	0.00186	0.01633	0.03318	0.00317	0.00622
10	0.02524	0.00534	0.00619	0.00589	0.00694	0.00514	0.00406	0.00996	0.05714	0.09966	0.11262	0.09208	0.16490	0.35964	0.01305	0.00282	0.00358	0.01764	0.00393	0.00417
11	0.00680	0.00456	0.00524	0.00529	0.00538	0.00455	0.00313	0.00699	0.00719	0.00960	0.04049	0.03179	0.01832	0.76488	0.02215	0.00428	0.00442	0.04901	0.00297	0.00295
12	0.01101	0.01029	0.01623	0.32886	0.40477	0.02543	0.01300	0.07031	0.03343	0.01495	0.00896	0.01192	0.00711	0.00458	0.00480	0.00146	0.01977	0.00415	0.00245	0.00650
13	0.00632	0.00453	0.00620	0.00658	0.00715	0.00430	0.02671	0.00703	0.00885	0.01171	0.06013	0.45813	0.10901	0.09459	0.04328	0.09365	0.00358	0.04076	0.00383	0.00365
14	0.05437	0.00668	0.00893	0.06834	0.02418	0.00626	0.00635	0.01537	0.01163	0.38616	0.11045	0.16096	0.06379	0.00806	0.00496	0.00154	0.00359	0.02707	0.02528	0.00604
15	0.01011	0.00996	0.01512	0.53373	0.24235	0.06823	0.01287	0.01295	0.00990	0.01274	0.00840	0.01198	0.00661	0.00510	0.02006	0.00159	0.00629	0.00407	0.00216	0.00577
16	0.00917	0.00828	0.01391	0.07453	0.31505	0.00868	0.08021	0.01139	0.00937	0.01334	0.01213	0.12411	0.01167	0.03220	0.17571	0.00284	0.04441	0.00573	0.04167	0.00561
17	0.00587	0.00464	0.00514	0.00522	0.00649	0.00405	0.00385	0.00723	0.01081	0.01376	0.19214	0.13487	0.51401	0.02809	0.00588	0.00165	0.00244	0.02462	0.02525	0.00400
18	0.00965	0.00827	0.00965	0.00689	0.01102	0.00620	0.00551	0.01171	0.00965	0.01516	0.00827	0.00965	0.00689	0.00345	0.00345	0.00069	0.00345	0.00276	0.00276	0.86494
19	0.01525	0.00879	0.01128	0.00980	0.05369	0.00872	0.03252	0.22321	0.02938	0.30807	0.04158	0.03533	0.07612	0.03231	0.02502	0.01273	0.00447	0.04636	0.01861	0.00675
20	0.00612	0.00471	0.00554	0.00538	0.00662	0.00418	0.00399	0.00779	0.01180	0.01567	0.44761	0.06454	0.35391	0.03422	0.00603	0.00161	0.00234	0.00910	0.00470	0.00414
21	0.01043	0.00954	0.01630	0.51611	0.16748	0.01078	0.10263	0.06111	0.01062	0.03736	0.00896	0.01229	0.00677	0.00457	0.00474	0.00151	0.00614	0.00431	0.00241	0.00594
22	0.01178	0.10176	0.12278	0.22288	0.17719	0.12028	0.08149	0.01463	0.01054	0.05992	0.00915	0.03073	0.00732	0.00471	0.00448	0.00140	0.00625	0.00409	0.00243	0.00617
23	0.01110	0.01081	0.01900	0.08432	0.62246	0.01097	0.09925	0.01396	0.01047	0.01480	0.00924	0.01297	0.00784	0.00452	0.00499	0.00145	0.02355	0.02899	0.00235	0.00694
24	0.00571	0.00465	0.00502	0.00506	0.00640	0.00400	0.00372	0.00698	0.01075	0.01336	0.16132	0.11735	0.59677	0.03065	0.00596	0.00165	0.00241	0.00985	0.00441	0.00396
25	0.01180	0.39002	0.28748	0.01087	0.01562	0.10100	0.05276	0.01532	0.05151	0.01292	0.00799	0.00915	0.00644	0.00433	0.00382	0.00124	0.00607	0.00317	0.00219	0.00630
26	0.05741	0.04567	0.14494	0.04588	0.14288	0.02861	0.11662	0.12182	0.10936	0.09918	0.01101	0.01206	0.00814	0.00495	0.00489	0.00146	0.03074	0.00424	0.00323	0.00690
27	0.00951	0.02185	0.68930	0.01489	0.11599	0.01063	0.01642	0.01448	0.01002	0.01492	0.03415	0.01083	0.00730	0.00455	0.00448	0.00146	0.00656	0.00369	0.00211	0.00686
28	0.00689	0.00524	0.00647	0.00713	0.01869	0.00514	0.00514	0.03572	0.07314	0.01348	0.02765	0.46478	0.15954	0.03048	0.00616	0.00188	0.00311	0.12073	0.00430	0.00433
29	0.05212	0.17403	0.07648	0.04770	0.11171	0.07862	0.00922	0.10889	0.05249	0.14721	0.03099	0.04269	0.00976	0.02150	0.00478	0.00142	0.01624	0.00424	0.00337	0.00652
30	0.03153	0.04408	0.12421	0.06586	0.39909	0.10657	0.01255	0.06051	0.06058	0.02434	0.02162	0.01148	0.00791	0.00461	0.00446	0.00138	0.00581	0.00396	0.00263	0.00683
31	0.00739	0.00507	0.00585	0.00573	0.00721	0.00450	0.00426	0.00910	0.03642	0.09138	0.15506	0.19076	0.43770	0.01121	0.00548	0.00160	0.00260	0.00961	0.00460	0.00447
32	0.03860	0.06742	0.03816	0.09931	0.08781	0.32939	0.06166	0.11680	0.03786	0.06641	0.00916	0.01045	0.00704	0.00480	0.00437	0.00133	0.00662	0.00369	0.00291	0.00622
33	0.01193	0.16746	0.19956	0.09671	0.11992	0.11484	0.09653	0.05247	0.02318	0.03019	0.00929	0.01101	0.01973	0.00457	0.00431	0.00135	0.00622	0.00380	0.02063	0.00632
34	0.11820	0.21070	0.05618	0.00933	0.03087	0.09291	0.00784	0.12123	0.15758	0.01673	0.01258	0.11366	0.02144	0.00621	0.00416	0.00139	0.00472	0.00481	0.00334	0.00610
35	0.00676	0.00452	0.00515	0.00520	0.00524	0.00452	0.00298	0.00684	0.00693	0.00922	0.01520	0.05032	0.01752	0.79402	0.02278	0.00438	0.00446	0.02818	0.00290	0.00288
36	0.00985	0.03769	0.47721	0.07225	0.07093	0.01064	0.08795	0.03144	0.02075	0.02898	0.04671	0.01250	0.02126	0.00562	0.02440	0.00163	0.02719	0.00416	0.00240	0.00648
37	0.02586	0.11614	0.06585	0.05509	0.32886	0.08087	0.08098	0.08046	0.05382	0.01565	0.00954	0.02575	0.00782	0.00466	0.00441	0.00136	0.00571	0.00412	0.02638	0.00666
38	0.01149	0.47437	0.26901	0.01045	0.01530	0.01505	0.06177	0.01495	0.04937	0.02780	0.00809	0.00918	0.00653	0.00426	0.00371	0.00122	0.00567	0.00316	0.00221	0.00638
39	0.01031	0.00617	0.00761	0.00682	0.00876	0.00582	0.00538	0.02963	0.08887	0.19189	0.33158	0.03169	0.18140	0.00899	0.00529	0.00154	0.00298	0.06486	0.00499	0.00543
40	0.00988	0.00992	0.10596	0.02941	0.18714	0.01975	0.02455	0.05277	0.08004	0.05704	0.10867	0.10359	0.10082	0.00843	0.02653	0.00171	0.00462	0.05960	0.00365	0.00591
41	0.01117	0.04500	0.18201	0.03715	0.33949	0.04183	0.13429	0.03495	0.02529	0.01476	0.00873	0.01118	0.00700	0.00505	0.01798	0.00156	0.06940	0.00413	0.00232	0.00671
42	0.01036	0.00956	0.01391	0.53005	0.07305	0.05050	0.02919	0.10292	0.02380	0.01429	0.00967	0.02659	0.00782	0.00627	0.03323	0.00174	0.02094	0.02793	0.00257	0.00560

[dist]
# distance from previous block
# <min> <max>
0	3

[block]
# block no. 2 follows, 55 sequences, length 45
# corresponding to MSA columns:
# 264-290,292-309
name=unknown_C
#
# <colnr> <probs for GDERKNQSTAVLIFYWHMCP>
#	G	D	E	R	K	N	Q	S	T	A	V	L	I	F	Y	W	H	M	C	P
0	0.05376	0.00757	0.04335	0.00806	0.03738	0.04990	0.00614	0.02473	0.08106	0.04079	0.19956	0.23378	0.11647	0.00991	0.00528	0.00163	0.00348	0.06801	0.00423	0.00491
1	0.04222	0.04301	0.05850	0.01083	0.06303	0.07862	0.05781	0.08914	0.15557	0.03329	0.03890	0.01228	0.00952	0.00485	0.00448	0.00122	0.02589	0.00393	0.00327	0.26363
2	0.00676	0.00487	0.00642	0.00636	0.00692	0.00526	0.00452	0.00772	0.00774	0.01077	0.05857	0.02502	0.06975	0.31522	0.38248	0.02763	0.02624	0.00608	0.01802	0.00365
3	0.00804	0.00692	0.00719	0.07342	0.00964	0.06929	0.00527	0.04197	0.05168	0.01391	0.13067	0.07292	0.28208	0.12697	0.03716	0.00214	0.00399	0.00747	0.04485	0.00441
4	0.03932	0.00737	0.02086	0.09642	0.01171	0.00779	0.00655	0.02980	0.26678	0.01706	0.22502	0.11316	0.08558	0.00830	0.00504	0.00157	0.00340	0.02188	0.02693	0.00546
5	0.01159	0.03575	0.20531	0.06004	0.16774	0.01161	0.09657	0.12425	0.11678	0.03172	0.04086	0.01279	0.00928	0.00515	0.00525	0.00149	0.04959	0.00440	0.00302	0.00682
6	0.00567	0.00405	0.00540	0.00648	0.00675	0.00378	0.00432	0.00648	0.00891	0.01188	0.02564	0.83347	0.03077	0.01457	0.00594	0.00189	0.00270	0.01323	0.00432	0.00378
7	0.00984	0.00865	0.01013	0.00729	0.01140	0.02295	0.02364	0.01193	0.00975	0.01508	0.00827	0.00969	0.00688	0.00348	0.00351	0.00072	0.00365	0.00282	0.00274	0.82759
8	0.01158	0.05653	0.26386	0.01422	0.16462	0.01019	0.05033	0.05956	0.03758	0.11374	0.05796	0.07011	0.01131	0.00573	0.00501	0.00146	0.03323	0.00486	0.00313	0.02498
9	0.04570	0.09289	0.08819	0.01778	0.29554	0.14424	0.08523	0.04851	0.06715	0.02860	0.00911	0.01084	0.00729	0.00463	0.00477	0.00138	0.03503	0.00389	0.00261	0.00663
10	0.71206	0.00919	0.00810	0.00765	0.05113	0.01031	0.00581	0.04779	0.00905	0.07286	0.00762	0.00851	0.00575	0.00444	0.00318	0.00142	0.00379	0.00282	0.00311	0.02541
11	0.00711	0.00557	0.00829	0.03953	0.11781	0.00545	0.02198	0.00838	0.00935	0.01246	0.02220	0.45075	0.06672	0.03337	0.00685	0.04760	0.00365	0.12483	0.00376	0.00434
12	0.05734	0.11644	0.05701	0.03914	0.11026	0.08763	0.00955	0.27072	0.08223	0.08028	0.01048	0.01114	0.00787	0.00515	0.00468	0.00138	0.03438	0.00386	0.00351	0.00694
13	0.01196	0.05461	0.06152	0.14008	0.19974	0.05003	0.06586	0.07194	0.01086	0.07100	0.00902	0.01131	0.00713	0.00546	0.01928	0.00153	0.11912	0.00398	0.00267	0.08290
14	0.01120	0.16139	0.41157	0.01343	0.09212	0.03344	0.04680	0.05203	0.03618	0.04384	0.00923	0.02819	0.00722	0.00480	0.00460	0.00140	0.02964	0.00379	0.00244	0.00668
15	0.01059	0.17635	0.44828	0.01351	0.05401	0.02534	0.13055	0.01462	0.01014	0.03447	0.02064	0.02485	0.00730	0.00454	0.00436	0.00139	0.00640	0.00387	0.00224	0.00655
16	0.00564	0.00468	0.00494	0.00495	0.00639	0.00398	0.00368	0.00692	0.01082	0.01328	0.13883	0.08702	0.66954	0.01166	0.00552	0.00158	0.00236	0.00983	0.00442	0.00398
17	0.00676	0.00488	0.00629	0.02109	0.02176	0.00464	0.00494	0.03234	0.01007	0.03028	0.08207	0.49779	0.14245	0.04034	0.00636	0.00188	0.00302	0.07458	0.00429	0.00416
18	0.02810	0.07299	0.23530	0.03013	0.24612	0.11332	0.11824	0.03072	0.02241	0.04650	0.00891	0.01071	0.00687	0.00440	0.00449	0.00139	0.00641	0.00388	0.00243	0.00670
19	0.00921	0.00984	0.14343	0.03317	0.11644	0.00761	0.06071	0.03687	0.02727	0.06584	0.05340	0.30593	0.03667	0.00890	0.00543	0.00164	0.02082	0.03406	0.01723	0.00552
20	0.00673	0.00509	0.00626	0.00613	0.00730	0.00485	0.00456	0.00949	0.07829	0.01676	0.50195	0.15694	0.14555	0.01038	0.00551	0.00156	0.00245	0.02086	0.00484	0.00448
21	0.03043	0.20237	0.12960	0.08674	0.22043	0.10027	0.03687	0.05752	0.02380	0.01426	0.00842	0.01078	0.00697	0.00467	0.00458	0.00135	0.03521	0.01699	0.00238	0.00638
22	0.01074	0.13543	0.20889	0.09003	0.19856	0.02965	0.14091	0.01443	0.03903	0.01413	0.02030	0.01132	0.00745	0.00454	0.00486	0.00142	0.03711	0.00403	0.02073	0.00643
23	0.01053	0.00964	0.01009	0.00911	0.01029	0.13979	0.00717	0.08945	0.01000	0.01352	0.01047	0.01462	0.00939	0.05659	0.29023	0.00373	0.19283	0.00439	0.10326	0.00490
24	0.00590	0.00428	0.00557	0.00620	0.00677	0.00395	0.00429	0.00710	0.01015	0.01372	0.23405	0.57081	0.08385	0.01305	0.00579	0.00176	0.00254	0.01173	0.00453	0.00395
25	0.05024	0.08686	0.09572	0.03568	0.07996	0.18750	0.09818	0.05204	0.03861	0.11185	0.00976	0.01123	0.00752	0.00645	0.04535	0.00171	0.06830	0.00390	0.00289	0.00624
26	0.00727	0.00577	0.00665	0.02490	0.00830	0.04119	0.00511	0.05587	0.03409	0.01327	0.03631	0.61061	0.05972	0.03642	0.00621	0.00187	0.00329	0.03472	0.00419	0.00425
27	0.76948	0.00934	0.00760	0.00660	0.00957	0.01072	0.00544	0.08600	0.00934	0.04119	0.00721	0.00810	0.00546	0.00447	0.00309	0.00144	0.00375	0.00273	0.00311	0.00538
28	0.01274	0.27796	0.13347	0.01099	0.03080	0.09107	0.02929	0.07326	0.02337	0.06614	0.02274	0.01019	0.00738	0.00541	0.00640	0.00141	0.18508	0.00355	0.00260	0.00616
29	0.00682	0.03287	0.00786	0.00732	0.00822	0.00613	0.00569	0.00838	0.00757	0.01075	0.01306	0.01906	0.02735	0.07435	0.73420	0.00699	0.01161	0.00509	0.00253	0.00414
30	0.04127	0.49249	0.05825	0.06108	0.13013	0.11194	0.00966	0.02489	0.01019	0.01244	0.00715	0.00863	0.00618	0.00420	0.00355	0.00115	0.00559	0.00296	0.00215	0.00609
31	0.00808	0.00404	0.00606	0.00606	0.00606	0.00404	0.00404	0.00606	0.00606	0.00808	0.00808	0.01414	0.00808	0.01616	0.01818	0.86465	0.00404	0.00404	0.00202	0.00202
32	0.01115	0.04393	0.09308	0.12929	0.47906	0.01125	0.08295	0.01441	0.02604	0.03498	0.00902	0.01161	0.00721	0.00437	0.00482	0.00143	0.02200	0.00417	0.00236	0.00685
33	0.11836	0.08264	0.17713	0.01231	0.07492	0.22668	0.03049	0.10446	0.04259	0.04141	0.00868	0.00983	0.00670	0.00484	0.00460	0.00137	0.04047	0.00346	0.00277	0.00630
34	0.86937	0.00900	0.00684	0.00612	0.00900	0.01044	0.00504	0.01368	0.00792	0.02087	0.00648	0.00756	0.00504	0.00432	0.00288	0.00144	0.00360	0.00252	0.00288	0.00504
35	0.00972	0.00825	0.01186	0.24802	0.16966	0.03980	0.02200	0.05131	0.00984	0.03923	0.01211	0.07215	0.01163	0.19838	0.05414	0.00254	0.00573	0.02572	0.00279	0.00514
36	0.00729	0.00490	0.00632	0.00593	0.00718	0.00446	0.00446	0.00930	0.01272	0.06511	0.64907	0.07929	0.10674	0.00977	0.00546	0.00149	0.00234	0.00858	0.00505	0.00453
37	0.01768	0.01303	0.01396	0.01070	0.01443	0.01443	0.00884	0.79197	0.02187	0.02932	0.01117	0.01117	0.00791	0.00558	0.00465	0.00140	0.00512	0.00419	0.00465	0.00791
38	0.86937	0.00900	0.00684	0.00612	0.00900	0.01044	0.00504	0.01368	0.00792	0.02087	0.00648	0.00756	0.00504	0.00432	0.00288	0.00144	0.00360	0.00252	0.00288	0.00504
39	0.03529	0.00857	0.01052	0.00844	0.01168	0.00837	0.00686	0.08468	0.17964	0.51549	0.01746	0.01570	0.01168	0.00581	0.00456	0.00144	0.00388	0.00470	0.05771	0.00752
40	0.00636	0.00472	0.00592	0.00567	0.00682	0.00428	0.00423	0.00832	0.01256	0.01732	0.64083	0.06500	0.18055	0.01010	0.00551	0.00150	0.00224	0.00884	0.00495	0.00428
41	0.00665	0.00498	0.00748	0.00748	0.00831	0.00582	0.00582	0.00831	0.00748	0.01080	0.01246	0.01828	0.01163	0.03489	0.81807	0.00748	0.01246	0.00498	0.00249	0.00415
42	0.08195	0.02088	0.01065	0.22242	0.04622	0.04672	0.00851	0.01102	0.00877	0.01279	0.01152	0.01647	0.03579	0.01441	0.23939	0.00327	0.10855	0.04282	0.05303	0.00483
43	0.00941	0.02495	0.03480	0.00812	0.00947	0.10826	0.00635	0.04338	0.04848	0.03100	0.04800	0.09210	0.05785	0.14308	0.20305	0.03417	0.06407	0.02574	0.00315	0.00458
44	0.01500	0.25746	0.03289	0.01166	0.06935	0.32237	0.02607	0.13846	0.01303	0.02707	0.00811	0.00918	0.00661	0.00460	0.00395	0.00119	0.00635	0.00322	0.01602	0.02743

[dist]
# distance from previous block
# <min> <max>
0	1

[block]
# block no. 3 follows, 55 sequences, length 73
# corresponding to MSA columns:
# 311-354,361-389
name=unknown_D
#
# <colnr> <probs for GDERKNQSTAVLIFYWHMCP>
#	G	D	E	R	K	N	Q	S	T	A	V	L	I	F	Y	W	H	M	C	P
0	0.02834	0.05801	0.16062	0.01140	0.06150	0.09115	0.06911	0.08481	0.05921	0.05101	0.01009	0.01113	0.01926	0.00448	0.00416	0.00119	0.00529	0.00365	0.00292	0.26268
1	0.02817	0.22667	0.34862	0.01348	0.12663	0.04792	0.03366	0.01516	0.01033	0.07939	0.02384	0.01040	0.00732	0.00448	0.00411	0.00133	0.00591	0.00351	0.00244	0.00664
2	0.00582	0.00443	0.00595	0.00654	0.00719	0.00406	0.02721	0.00682	0.00938	0.01228	0.05128	0.65062	0.16390	0.01364	0.00584	0.00181	0.00278	0.01227	0.00428	0.00389
3	0.00911	0.03127	0.00893	0.00827	0.05679	0.02913	0.03487	0.07257	0.03583	0.06625	0.21631	0.10356	0.26092	0.00905	0.00515	0.00150	0.00334	0.00779	0.03425	0.00511
4	0.01242	0.18386	0.16258	0.05747	0.20845	0.08916	0.09460	0.10992	0.01182	0.01542	0.00841	0.01020	0.00666	0.00440	0.00430	0.00133	0.00616	0.00372	0.00247	0.00665
5	0.00588	0.00421	0.00560	0.00644	0.00688	0.00393	0.00443	0.00696	0.00967	0.01306	0.15358	0.67676	0.03279	0.01369	0.00588	0.00183	0.00267	0.03741	0.00445	0.00390
6	0.00821	0.00516	0.00675	0.00680	0.00810	0.00476	0.00535	0.00997	0.01147	0.10942	0.27436	0.17843	0.13383	0.01111	0.00571	0.00172	0.00305	0.20645	0.00473	0.00461
7	0.18869	0.00903	0.00971	0.00901	0.05039	0.00987	0.00675	0.06760	0.32983	0.14691	0.01486	0.01443	0.01089	0.00556	0.00416	0.00145	0.00371	0.00437	0.10615	0.00665
8	0.01156	0.24122	0.40619	0.01289	0.07339	0.07389	0.04747	0.02915	0.01042	0.04152	0.00823	0.00955	0.00631	0.00436	0.00409	0.00132	0.00629	0.00335	0.00223	0.00658
9	0.00794	0.00517	0.00654	0.00600	0.00744	0.00471	0.00457	0.01017	0.02852	0.09594	0.60235	0.03398	0.15001	0.00940	0.00539	0.00148	0.00242	0.00818	0.00506	0.00473
10	0.00672	0.00492	0.00717	0.00717	0.00794	0.00566	0.00548	0.00826	0.00749	0.01086	0.01274	0.01927	0.01209	0.10159	0.72435	0.00702	0.01145	0.00511	0.03066	0.00405
11	0.39889	0.01036	0.03850	0.06323	0.04554	0.01085	0.02191	0.18487	0.03034	0.13996	0.00990	0.01047	0.00709	0.00487	0.00387	0.00144	0.00443	0.00353	0.00362	0.00634
12	0.00837	0.00705	0.01094	0.01371	0.25194	0.00676	0.05153	0.01031	0.02336	0.03963	0.04914	0.30561	0.15981	0.02127	0.01733	0.00174	0.00400	0.00863	0.00363	0.00525
13	0.01648	0.00910	0.01082	0.00893	0.01209	0.00935	0.00717	0.05916	0.37210	0.41371	0.01829	0.01631	0.01257	0.00600	0.00470	0.00150	0.00389	0.00492	0.00524	0.00766
14	0.01800	0.01168	0.01301	0.01001	0.01358	0.01251	0.00822	0.60459	0.01958	0.19288	0.01279	0.01278	0.00896	0.03282	0.00528	0.00151	0.00486	0.00438	0.00483	0.00775
15	0.00703	0.00504	0.00750	0.00747	0.00836	0.00578	0.00579	0.00867	0.00770	0.03426	0.01308	0.04562	0.01227	0.03335	0.76693	0.00711	0.01188	0.00525	0.00265	0.00425
16	0.01175	0.01008	0.01062	0.00950	0.01216	0.01165	0.00741	0.04679	0.77673	0.01974	0.01871	0.01718	0.01402	0.00629	0.00473	0.00157	0.00372	0.00523	0.00473	0.00738
17	0.01738	0.02217	0.01318	0.01199	0.01438	0.81783	0.00899	0.01858	0.01318	0.01139	0.00719	0.00839	0.00599	0.00479	0.00419	0.00120	0.00839	0.00300	0.00240	0.00539
18	0.00965	0.00827	0.00965	0.00689	0.01102	0.00620	0.00551	0.01171	0.00965	0.01516	0.00827	0.00965	0.00689	0.00345	0.00345	0.00069	0.00345	0.00276	0.00276	0.86494
19	0.00567	0.00405	0.00540	0.00648	0.00675	0.00378	0.00432	0.00648	0.00891	0.01188	0.02564	0.83347	0.03077	0.01457	0.00594	0.00189	0.00270	0.01323	0.00432	0.00378
20	0.01018	0.01018	0.01425	0.01221	0.01221	0.01425	0.01018	0.01120	0.00712	0.01120	0.00611	0.01018	0.00611	0.00814	0.01527	0.00204	0.82799	0.00407	0.00204	0.00509
21	0.01322	0.00844	0.01018	0.00758	0.01138	0.00703	0.00612	0.08562	0.01178	0.22886	0.02423	0.03481	0.00947	0.00466	0.00399	0.00100	0.00369	0.00378	0.00381	0.52036
22	0.01225	0.78959	0.07244	0.00828	0.01244	0.01794	0.00852	0.01398	0.00948	0.01118	0.00658	0.00761	0.00597	0.00401	0.00307	0.00102	0.00509	0.00255	0.00199	0.00603
23	0.00615	0.00466	0.00566	0.00558	0.00672	0.00418	0.00412	0.00787	0.01189	0.01601	0.48283	0.13254	0.27323	0.01080	0.00554	0.00155	0.00230	0.00941	0.00478	0.00418
24	0.00677	0.00451	0.00507	0.00507	0.00507	0.00451	0.00282	0.00677	0.00677	0.00902	0.01466	0.03044	0.01691	0.83650	0.02368	0.00451	0.00451	0.00677	0.00282	0.00282
25	0.00986	0.00840	0.00976	0.00699	0.01112	0.00642	0.00560	0.03281	0.00998	0.01554	0.00835	0.00969	0.00692	0.00350	0.00348	0.00071	0.00349	0.00279	0.00281	0.84177
26	0.86937	0.00900	0.00684	0.00612	0.00900	0.01044	0.00504	0.01368	0.00792	0.02087	0.00648	0.00756	0.00504	0.00432	0.00288	0.00144	0.00360	0.00252	0.00288	0.00504
27	0.00601	0.00470	0.00545	0.00534	0.00662	0.00413	0.00398	0.00765	0.01171	0.01537	0.39955	0.08430	0.40677	0.01088	0.00552	0.00154	0.00230	0.00935	0.00469	0.00413
28	0.01061	0.00831	0.00631	0.00604	0.00742	0.18551	0.00453	0.01256	0.01052	0.01602	0.01340	0.01535	0.01060	0.00528	0.00346	0.00111	0.00355	0.00404	0.67082	0.00457
29	0.01132	0.01079	0.01832	0.02759	0.77467	0.01079	0.01381	0.01397	0.01044	0.01495	0.00899	0.01229	0.00776	0.03819	0.00539	0.00151	0.00549	0.00425	0.00232	0.00718
30	0.00728	0.00523	0.00723	0.00825	0.00929	0.00518	0.00710	0.00928	0.01057	0.01371	0.02563	0.11041	0.05892	0.01294	0.00635	0.00210	0.00409	0.68793	0.00429	0.00423
31	0.00933	0.02406	0.81240	0.01326	0.02014	0.01080	0.01719	0.01473	0.00982	0.01473	0.00835	0.00982	0.00589	0.00442	0.00442	0.00147	0.00688	0.00344	0.00196	0.00688
32	0.02073	0.00814	0.01094	0.00838	0.01199	0.00717	0.00693	0.05647	0.01369	0.77637	0.01804	0.01563	0.01136	0.00575	0.00468	0.00144	0.00401	0.00466	0.00571	0.00792
33	0.00946	0.05740	0.78017	0.01304	0.01980	0.01112	0.01681	0.01470	0.00981	0.01458	0.00827	0.00973	0.00590	0.00440	0.00436	0.00145	0.00680	0.00340	0.00197	0.00684
34	0.00646	0.00475	0.00604	0.00572	0.00687	0.00434	0.00429	0.00853	0.01287	0.01794	0.71629	0.03592	0.13308	0.00978	0.00549	0.00148	0.00221	0.00858	0.00503	0.00434
35	0.00637	0.00473	0.00593	0.00567	0.00683	0.00429	0.00424	0.00835	0.01261	0.01741	0.65173	0.05703	0.17751	0.01004	0.00550	0.00149	0.00224	0.00878	0.00496	0.00429
36	0.00927	0.00873	0.01463	0.70843	0.08673	0.01062	0.03079	0.02961	0.00966	0.01257	0.00833	0.01225	0.00634	0.00472	0.00496	0.00155	0.02909	0.00417	0.00215	0.00541
37	0.00735	0.00530	0.00660	0.00706	0.00844	0.00497	0.00590	0.02124	0.01091	0.04320	0.03295	0.06077	0.32882	0.01209	0.00596	0.00188	0.00351	0.42437	0.00436	0.00433
38	0.03089	0.00850	0.01021	0.00830	0.01129	0.00848	0.00670	0.12719	0.17018	0.39964	0.09197	0.01726	0.01455	0.00615	0.00463	0.00144	0.00376	0.00502	0.06668	0.00716
39	0.01233	0.00579	0.00689	0.00601	0.00798	0.00542	0.00471	0.02702	0.02908	0.27038	0.07724	0.04510	0.06339	0.00653	0.00415	0.00130	0.00285	0.00538	0.41286	0.00557
40	0.01471	0.06192	0.01371	0.07618	0.04863	0.44239	0.00924	0.05070	0.11765	0.02702	0.00925	0.01056	0.00746	0.00579	0.02061	0.00147	0.07045	0.00361	0.00279	0.00586
41	0.00619	0.00423	0.00566	0.00664	0.00705	0.00395	0.00456	0.00710	0.00913	0.03426	0.02538	0.76873	0.03002	0.01424	0.00593	0.00189	0.00282	0.05395	0.00436	0.00392
42	0.00677	0.00451	0.00507	0.00507	0.00507	0.00451	0.00282	0.00677	0.00677	0.00902	0.01466	0.03044	0.01691	0.83650	0.02368	0.00451	0.00451	0.00677	0.00282	0.00282
43	0.02914	0.01442	0.01397	0.01213	0.01321	0.30289	0.03308	0.01394	0.00944	0.01155	0.00675	0.00974	0.00620	0.00736	0.02927	0.00183	0.47394	0.00372	0.00220	0.00521
44	0.86937	0.00900	0.00684	0.00612	0.00900	0.01044	0.00504	0.01368	0.00792	0.02087	0.00648	0.00756	0.00504	0.00432	0.00288	0.00144	0.00360	0.00252	0.00288	0.00504
45	0.19072	0.44946	0.01785	0.00866	0.02427	0.09316	0.00763	0.10167	0.04319	0.01551	0.00761	0.00845	0.00635	0.00441	0.00336	0.00118	0.00499	0.00287	0.00263	0.00602
46	0.02365	0.13218	0.21386	0.01067	0.03898	0.03508	0.02316	0.15414	0.01228	0.10352	0.01066	0.03785	0.01911	0.00516	0.00465	0.00131	0.03884	0.00394	0.00313	0.12783
47	0.04039	0.23178	0.21361	0.01216	0.05991	0.19644	0.05526	0.05806	0.01135	0.05767	0.00830	0.00947	0.00648	0.00453	0.00419	0.00129	0.01695	0.00334	0.00250	0.00633
48	0.01473	0.01009	0.01095	0.00895	0.01189	0.01102	0.00721	0.36128	0.22851	0.10720	0.01475	0.01446	0.01072	0.00577	0.00442	0.00139	0.00407	0.00456	0.16091	0.00711
49	0.00860	0.00435	0.00440	0.00439	0.00547	0.00434	0.00329	0.01077	0.00988	0.01739	0.04272	0.01795	0.01304	0.00556	0.00333	0.00110	0.00217	0.00448	0.83244	0.00434
50	0.86937	0.00900	0.00684	0.00612	0.00900	0.01044	0.00504	0.01368	0.00792	0.02087	0.00648	0.00756	0.00504	0.00432	0.00288	0.00144	0.00360	0.00252	0.00288	0.00504
51	0.01181	0.00986	0.01038	0.00922	0.01184	0.01129	0.00720	0.08852	0.67762	0.02003	0.01875	0.01747	0.03182	0.00633	0.00467	0.00154	0.00370	0.00523	0.04552	0.00719
52	0.00720	0.00521	0.00708	0.00784	0.00895	0.00509	0.00670	0.00928	0.01110	0.01458	0.15208	0.04904	0.08868	0.01223	0.00620	0.00199	0.00380	0.59427	0.00442	0.00427
53	0.01177	0.01009	0.01063	0.00951	0.01217	0.01166	0.00741	0.04960	0.77388	0.01978	0.01868	0.01716	0.01400	0.00629	0.00473	0.00157	0.00373	0.00522	0.00473	0.00738
54	0.01357	0.01099	0.01165	0.00987	0.01286	0.01251	0.00785	0.27578	0.54476	0.02269	0.01639	0.01533	0.01214	0.00607	0.00471	0.00152	0.00415	0.00491	0.00471	0.00754
55	0.86937	0.00900	0.00684	0.00612	0.00900	0.01044	0.00504	0.01368	0.00792	0.02087	0.00648	0.00756	0.00504	0.00432	0.00288	0.00144	0.00360	0.00252	0.00288	0.00504
56	0.86937	0.00900	0.00684	0.00612	0.00900	0.01044	0.00504	0.01368	0.00792	0.02087	0.00648	0.00756	0.00504	0.00432	0.00288	0.00144	0.00360	0.00252	0.00288	0.00504
57	0.01157	0.00999	0.01052	0.00947	0.01210	0.01157	0.00736	0.02472	0.79908	0.01946	0.01893	0.01736	0.01420	0.00631	0.00473	0.00158	0.00368	0.00526	0.00473	0.00736
58	0.00933	0.02406	0.81240	0.01326	0.02014	0.01080	0.01719	0.01473	0.00982	0.01473	0.00835	0.00982	0.00589	0.00442	0.00442	0.00147	0.00688	0.00344	0.00196	0.00688
59	0.01768	0.01303	0.01396	0.01070	0.01443	0.01443	0.00884	0.79197	0.02187	0.02932	0.01117	0.01117	0.00791	0.00558	0.00465	0.00140	0.00512	0.00419	0.00465	0.00791
60	0.00550	0.00469	0.00474	0.00477	0.00630	0.00392	0.00356	0.00667	0.01054	0.01254	0.04638	0.07228	0.77858	0.01188	0.00551	0.00158	0.00237	0.00994	0.00432	0.00392
61	0.00607	0.00451	0.00567	0.00626	0.00706	0.00416	0.00458	0.00734	0.01010	0.01321	0.14003	0.39792	0.20649	0.03987	0.00643	0.00188	0.00285	0.12726	0.00438	0.00394
62	0.00693	0.00495	0.00685	0.00792	0.00874	0.00487	0.00651	0.00866	0.01015	0.01329	0.02494	0.29417	0.02801	0.01338	0.00627	0.00206	0.00379	0.54006	0.00429	0.00413
63	0.02087	0.00792	0.01080	0.00828	0.01188	0.00684	0.00684	0.02267	0.01332	0.81071	0.01835	0.01583	0.01152	0.00576	0.00468	0.00144	0.00396	0.00468	0.00576	0.00792
64	0.00850	0.00440	0.00458	0.00461	0.00569	0.00438	0.00350	0.01067	0.00999	0.01727	0.06008	0.01988	0.01438	0.00598	0.00352	0.00115	0.00226	0.03872	0.77608	0.00434
65	0.01151	0.01105	0.01888	0.02855	0.80748	0.01105	0.01428	0.01428	0.01059	0.01520	0.00875	0.01151	0.00737	0.00415	0.00461	0.00138	0.00553	0.00415	0.00230	0.00737
66	0.02026	0.00817	0.01086	0.00841	0.01195	0.00730	0.00692	0.04255	0.05816	0.74570	0.01820	0.01580	0.01158	0.00578	0.00468	0.00145	0.00397	0.00470	0.00567	0.00789
67	0.00675	0.00481	0.00671	0.00673	0.00733	0.00537	0.00492	0.00791	0.00736	0.01050	0.01323	0.03599	0.01323	0.23464	0.56143	0.02622	0.00979	0.00554	0.02778	0.00377
68	0.00879	0.00827	0.01395	0.82532	0.03204	0.01034	0.01292	0.01189	0.00930	0.01189	0.00827	0.01240	0.00620	0.00465	0.00465	0.00155	0.00620	0.00413	0.00207	0.00517
69	0.01244	0.83930	0.02438	0.00796	0.01194	0.01841	0.00796	0.01393	0.00945	0.01095	0.00647	0.00746	0.00597	0.00398	0.00299	0.00100	0.00498	0.00249	0.00199	0.00597
70	0.00654	0.00484	0.00705	0.00718	0.00788	0.00548	0.00542	0.00798	0.00759	0.01080	0.01419	0.11589	0.01429	0.09144	0.66328	0.00660	0.01072	0.00609	0.00273	0.00401
71	0.22563	0.00818	0.00984	0.00776	0.01118	0.00771	0.00640	0.02050	0.01201	0.62010	0.01549	0.01384	0.00995	0.00541	0.00424	0.00144	0.00387	0.00416	0.00506	0.00722
72	0.00884	0.00882	0.04608	0.47559	0.12347	0.02011	0.03695	0.01161	0.00933	0.01241	0.02386	0.04501	0.00899	0.03161	0.11572	0.00242	0.00683	0.00474	0.00232	0.00529

[dist]
# distance from previous block
# <min> <max>
0	1

[block]
# block no. 4 follows, 55 sequences, length 39
# corresponding to MSA columns:
# 391-429
name=unknown_E
#
# <colnr> <probs for GDERKNQSTAVLIFYWHMCP>
#	G	D	E	R	K	N	Q	S	T	A	V	L	I	F	Y	W	H	M	C	P
0	0.00960	0.01215	0.24260	0.00939	0.01268	0.02180	0.02683	0.06762	0.08110	0.05401	0.31386	0.02128	0.03230	0.00839	0.04661	0.00179	0.02249	0.00582	0.00385	0.00584
1	0.01091	0.01056	0.01637	0.26583	0.48929	0.05861	0.01303	0.01365	0.01032	0.01408	0.00882	0.01187	0.00715	0.00440	0.00453	0.00141	0.00574	0.00408	0.04289	0.00645
2	0.82210	0.00973	0.00719	0.00644	0.00930	0.05522	0.00526	0.01395	0.00821	0.02035	0.00652	0.00760	0.00509	0.00434	0.00295	0.00143	0.00386	0.00255	0.00285	0.00506
3	0.00556	0.00472	0.00480	0.00478	0.00632	0.00395	0.00358	0.00679	0.01075	0.01291	0.08917	0.04422	0.76334	0.01166	0.00550	0.00156	0.00235	0.00974	0.00436	0.00395
4	0.01179	0.01097	0.02976	0.11738	0.31978	0.02202	0.05446	0.10540	0.22543	0.01738	0.01182	0.01331	0.00918	0.00569	0.02389	0.00161	0.00542	0.00452	0.00320	0.00699
5	0.01153	0.01217	0.01529	0.19913	0.30243	0.18801	0.04657	0.01382	0.01042	0.01293	0.00909	0.03434	0.00791	0.02887	0.05738	0.00190	0.03565	0.00432	0.00234	0.00589
6	0.05028	0.00830	0.00951	0.00685	0.01093	0.00640	0.00549	0.01181	0.00957	0.01543	0.00818	0.00955	0.00680	0.00349	0.00342	0.00072	0.00345	0.00275	0.00276	0.82430
7	0.01179	0.03380	0.43991	0.03146	0.01834	0.25184	0.08101	0.01556	0.01106	0.01380	0.04305	0.01075	0.00770	0.00471	0.00448	0.00139	0.00716	0.00370	0.00227	0.00622
8	0.00647	0.00501	0.00607	0.00661	0.00791	0.00461	0.00547	0.00810	0.01062	0.01321	0.03581	0.06469	0.41321	0.01236	0.00596	0.00185	0.00330	0.38034	0.00430	0.00410
9	0.00622	0.00471	0.00574	0.00555	0.00675	0.00423	0.00414	0.00806	0.01222	0.01656	0.54719	0.07561	0.26520	0.01041	0.00551	0.00151	0.00227	0.00905	0.00485	0.00423
10	0.00633	0.00464	0.00599	0.00631	0.00722	0.00430	0.00474	0.00799	0.01126	0.01524	0.36985	0.26860	0.13036	0.01175	0.00576	0.00170	0.00268	0.12647	0.00467	0.00414
11	0.00997	0.00826	0.00968	0.00693	0.01105	0.00622	0.00555	0.01203	0.00975	0.03780	0.00856	0.00982	0.00702	0.00351	0.00348	0.00071	0.00346	0.00281	0.00284	0.84056
12	0.00985	0.00790	0.01041	0.18827	0.06861	0.00862	0.00798	0.07024	0.19772	0.04812	0.24879	0.02248	0.07750	0.00707	0.00498	0.00151	0.00394	0.00610	0.00410	0.00582
13	0.01186	0.01014	0.01068	0.00953	0.01221	0.01171	0.00743	0.06099	0.76234	0.01993	0.01857	0.01706	0.01390	0.00628	0.00473	0.00157	0.00375	0.00521	0.00473	0.00739
14	0.01771	0.00723	0.00971	0.00768	0.01077	0.00628	0.00625	0.01953	0.01313	0.63854	0.14305	0.02054	0.06470	0.00671	0.00485	0.00145	0.00359	0.00557	0.00557	0.00712
15	0.01018	0.01018	0.01425	0.01221	0.01221	0.01425	0.01018	0.01120	0.00712	0.01120	0.00611	0.01018	0.00611	0.00814	0.01527	0.00204	0.82799	0.00407	0.00204	0.00509
16	0.01518	0.01016	0.01152	0.00887	0.01249	0.01011	0.00722	0.32544	0.09950	0.17437	0.01271	0.01250	0.00912	0.00511	0.00429	0.00122	0.00420	0.00401	0.03035	0.24164
17	0.07624	0.00799	0.01054	0.00814	0.01169	0.00707	0.00672	0.02208	0.01296	0.75917	0.01758	0.01529	0.01109	0.00566	0.00456	0.00144	0.00394	0.00454	0.00557	0.00773
18	0.00677	0.00451	0.00507	0.00507	0.00507	0.00451	0.00282	0.00677	0.00677	0.00902	0.01466	0.03044	0.01691	0.83650	0.02368	0.00451	0.00451	0.00677	0.00282	0.00282
19	0.01238	0.74142	0.09700	0.00846	0.01270	0.01739	0.00878	0.01424	0.00959	0.03282	0.00696	0.00791	0.00611	0.00407	0.00316	0.00105	0.00512	0.00263	0.00209	0.00611
20	0.01151	0.01105	0.01888	0.02855	0.80748	0.01105	0.01428	0.01428	0.01059	0.01520	0.00875	0.01151	0.00737	0.00415	0.00461	0.00138	0.00553	0.00415	0.00230	0.00737
21	0.12522	0.00825	0.01043	0.00810	0.01162	0.00757	0.00669	0.05094	0.01298	0.68363	0.01662	0.01464	0.01058	0.00557	0.00446	0.00144	0.00396	0.00439	0.00536	0.00756
22	0.10293	0.00811	0.01033	0.00804	0.01149	0.00741	0.00663	0.05254	0.01302	0.67679	0.01681	0.01489	0.01075	0.00560	0.00446	0.00143	0.00391	0.00444	0.03289	0.00752
23	0.01236	0.01203	0.03671	0.01692	0.06805	0.05102	0.49912	0.04902	0.01154	0.10571	0.01119	0.05412	0.00891	0.02022	0.00575	0.00159	0.02097	0.00548	0.00293	0.00636
24	0.00665	0.00496	0.00738	0.00738	0.00817	0.00576	0.00569	0.00824	0.00745	0.01072	0.01255	0.01879	0.01185	0.06851	0.78475	0.00735	0.01213	0.00506	0.00251	0.00410
25	0.00616	0.00425	0.00525	0.00585	0.00600	0.00410	0.00365	0.00661	0.00796	0.01061	0.02076	0.47665	0.02461	0.37979	0.01382	0.00305	0.00350	0.01035	0.00365	0.00335
26	0.37312	0.01276	0.01224	0.04862	0.24800	0.20558	0.00906	0.01496	0.01004	0.01652	0.00740	0.00914	0.00601	0.00440	0.00378	0.00137	0.00544	0.00318	0.00256	0.00582
27	0.00587	0.00470	0.00530	0.00559	0.00687	0.00413	0.00426	0.00718	0.01050	0.01299	0.08281	0.16701	0.53328	0.01224	0.00570	0.00169	0.00267	0.11885	0.00436	0.00398
28	0.01078	0.00971	0.01486	0.17770	0.32741	0.01098	0.01139	0.08655	0.04226	0.01478	0.00936	0.01289	0.00793	0.03607	0.06679	0.01924	0.12826	0.00433	0.00256	0.00615
29	0.00731	0.00534	0.00634	0.00602	0.00748	0.00499	0.00457	0.01010	0.08232	0.05180	0.41714	0.06799	0.27405	0.01004	0.00543	0.00154	0.00252	0.02559	0.00482	0.00464
30	0.00947	0.00873	0.01328	0.26464	0.29773	0.02653	0.01069	0.01227	0.03508	0.01399	0.05188	0.03445	0.11231	0.00604	0.00506	0.00148	0.03164	0.00528	0.05372	0.00574
31	0.01072	0.00877	0.01083	0.00975	0.02680	0.01043	0.00762	0.13410	0.20047	0.03218	0.04176	0.03442	0.03280	0.02869	0.18163	0.00296	0.19841	0.00515	0.01670	0.00583
32	0.00635	0.00475	0.00589	0.00560	0.00681	0.00429	0.00420	0.00832	0.01261	0.01733	0.64004	0.03693	0.20971	0.01001	0.00549	0.00149	0.00223	0.00872	0.00495	0.00429
33	0.01062	0.10977	0.05833	0.06977	0.07803	0.00921	0.00796	0.06697	0.01054	0.01538	0.00830	0.00986	0.00678	0.00386	0.00371	0.00094	0.00431	0.00308	0.00266	0.51992
34	0.00656	0.00486	0.00615	0.00600	0.00709	0.00455	0.00446	0.00889	0.04109	0.01720	0.59584	0.13401	0.11345	0.01029	0.00553	0.00154	0.00236	0.02084	0.00492	0.00438
35	0.01380	0.41127	0.03651	0.00993	0.01300	0.26610	0.00871	0.04077	0.05325	0.01224	0.00752	0.00873	0.00649	0.00484	0.00479	0.00122	0.08957	0.00303	0.00235	0.00586
36	0.02995	0.00914	0.02484	0.03154	0.04587	0.00755	0.03366	0.05618	0.03775	0.03401	0.00905	0.01035	0.00725	0.00383	0.00374	0.00089	0.00394	0.00316	0.00293	0.64437
