[name]
unknown

[dist]
# distance from previous block
# <min> <max>
5	149

[block]
# block no. 0 follows, 50 sequences, length 79
# corresponding to MSA columns:
# 305-327,329-362,366-376,411,412,434-442
name=unknown_A
#
# <colnr> <probs for GDERKNQSTAVLIFYWHMCP>
#	G	D	E	R	K	N	Q	S	T	A	V	L	I	F	Y	W	H	M	C	P
0	0.03929	0.06647	0.18462	0.01010	0.01383	0.07190	0.02285	0.08360	0.07803	0.02579	0.01385	0.15023	0.01305	0.04335	0.00571	0.00162	0.00523	0.02234	0.00341	0.14473
1	0.05418	0.05831	0.10409	0.08178	0.06192	0.02390	0.00984	0.09787	0.22668	0.11129	0.03400	0.05697	0.01268	0.00645	0.00489	0.00159	0.00496	0.02181	0.00408	0.02273
2	0.01190	0.32680	0.26135	0.01136	0.03375	0.04898	0.05053	0.01534	0.03405	0.04441	0.04931	0.02875	0.05259	0.00556	0.00437	0.00139	0.00587	0.00434	0.00276	0.00660
3	0.09585	0.11161	0.06978	0.01007	0.01351	0.10163	0.00873	0.21426	0.12354	0.07783	0.01422	0.04643	0.04462	0.00633	0.00487	0.00150	0.02466	0.00476	0.01886	0.00696
4	0.32441	0.04031	0.07749	0.01102	0.06898	0.07474	0.00887	0.23312	0.04540	0.02261	0.03273	0.01110	0.00831	0.00528	0.00418	0.00149	0.00517	0.00377	0.00358	0.01746
5	0.04168	0.62148	0.10132	0.00937	0.01358	0.06438	0.00945	0.01504	0.01038	0.01277	0.02996	0.00926	0.00754	0.00469	0.00394	0.00120	0.03229	0.00304	0.00229	0.00634
6	0.04787	0.02511	0.05404	0.01193	0.03661	0.02866	0.17823	0.01323	0.04445	0.05066	0.13159	0.04691	0.03879	0.04577	0.15561	0.00298	0.06098	0.01748	0.00343	0.00568
7	0.00722	0.00494	0.00599	0.00599	0.00619	0.00512	0.00372	0.00763	0.00752	0.01023	0.02803	0.02997	0.01742	0.64685	0.18794	0.00544	0.00657	0.00688	0.00299	0.00335
8	0.00661	0.00521	0.00583	0.00609	0.00735	0.00470	0.00439	0.04426	0.01130	0.01415	0.05145	0.33695	0.45709	0.01339	0.00602	0.00180	0.00280	0.01158	0.00466	0.00436
9	0.01197	0.14547	0.34278	0.01876	0.27134	0.05665	0.03988	0.02932	0.01120	0.01540	0.00879	0.01076	0.00693	0.00459	0.00459	0.00145	0.00667	0.00383	0.00232	0.00730
10	0.00596	0.00505	0.00515	0.00512	0.00677	0.00424	0.00384	0.00729	0.01152	0.01385	0.09437	0.04733	0.74759	0.01248	0.00589	0.00168	0.00251	0.01043	0.00468	0.00424
11	0.01349	0.01092	0.01231	0.05358	0.04945	0.01228	0.00862	0.19381	0.46046	0.03869	0.05708	0.01823	0.03524	0.00670	0.00510	0.00163	0.00441	0.00555	0.00482	0.00765
12	0.00672	0.00505	0.00622	0.00600	0.00726	0.00455	0.00447	0.00874	0.01322	0.01804	0.57257	0.07477	0.23201	0.01104	0.00590	0.00162	0.00242	0.00962	0.00523	0.00455
13	0.05746	0.01198	0.06039	0.04974	0.04046	0.01241	0.00918	0.19181	0.40068	0.06743	0.03503	0.01598	0.01262	0.00624	0.00494	0.00161	0.00467	0.00506	0.00462	0.00770
14	0.01390	0.19830	0.35490	0.01205	0.01746	0.07018	0.01309	0.21563	0.01414	0.03224	0.00939	0.01035	0.00701	0.00501	0.00445	0.00142	0.00649	0.00366	0.00297	0.00735
15	0.07726	0.00935	0.01050	0.00787	0.01199	0.00804	0.00631	0.05668	0.08252	0.05476	0.01045	0.01133	0.00825	0.00429	0.00391	0.00097	0.00385	0.00336	0.00342	0.62488
16	0.01246	0.01289	0.02471	0.01808	0.02259	0.01267	0.56607	0.09220	0.13014	0.01832	0.02995	0.01463	0.00973	0.00490	0.00567	0.00166	0.00730	0.00578	0.00322	0.00703
17	0.01214	0.01164	0.01987	0.08410	0.74179	0.01179	0.01520	0.01512	0.01126	0.01604	0.00934	0.01240	0.00781	0.00448	0.00494	0.00149	0.00597	0.00444	0.00245	0.00773
18	0.00706	0.00573	0.00760	0.02909	0.03907	0.00527	0.03066	0.00902	0.01229	0.01618	0.32177	0.07786	0.33251	0.01115	0.00593	0.00170	0.00309	0.07460	0.00473	0.00468
19	0.83785	0.00970	0.00766	0.00718	0.03016	0.01120	0.00566	0.01467	0.00856	0.02220	0.00700	0.00821	0.00546	0.00462	0.00313	0.00154	0.00391	0.00274	0.00307	0.00546
20	0.01237	0.59683	0.24871	0.01016	0.01532	0.01738	0.01138	0.01517	0.01024	0.01290	0.00751	0.00872	0.00637	0.00440	0.00364	0.00121	0.00592	0.00296	0.00212	0.00668
21	0.86003	0.00964	0.00733	0.00655	0.00964	0.01118	0.00540	0.01465	0.00848	0.02236	0.00694	0.00810	0.00540	0.00463	0.00308	0.00154	0.00386	0.00270	0.00308	0.00540
22	0.00782	0.00567	0.00774	0.00877	0.00997	0.00559	0.00761	0.01001	0.01146	0.01477	0.02879	0.05540	0.10457	0.01366	0.00679	0.00223	0.00438	0.68563	0.00459	0.00455
23	0.64692	0.01040	0.00878	0.00754	0.01076	0.03803	0.00617	0.08300	0.03175	0.10401	0.00910	0.00968	0.00670	0.00498	0.00356	0.00153	0.00422	0.00320	0.00361	0.00607
24	0.02064	0.01126	0.01328	0.01018	0.01411	0.01144	0.00841	0.40523	0.01891	0.40970	0.01577	0.01444	0.01038	0.00608	0.00500	0.00152	0.00487	0.00475	0.00557	0.00848
25	0.00712	0.00533	0.00794	0.00794	0.00881	0.00619	0.00614	0.00886	0.00799	0.01152	0.01341	0.01993	0.01261	0.05846	0.78420	0.00793	0.01312	0.00539	0.00268	0.00441
26	0.00678	0.00492	0.00643	0.00670	0.00763	0.00457	0.00496	0.00859	0.01225	0.01681	0.43050	0.28297	0.08754	0.01239	0.00613	0.00179	0.00276	0.08676	0.00508	0.00446
27	0.01733	0.00891	0.04099	0.00883	0.01213	0.00788	0.00737	0.03460	0.13143	0.48531	0.14926	0.04005	0.01882	0.00711	0.00519	0.00158	0.00399	0.00595	0.00567	0.00760
28	0.00713	0.00531	0.00783	0.00783	0.00866	0.00613	0.00601	0.00879	0.00796	0.01144	0.01351	0.02047	0.01285	0.09124	0.75175	0.00779	0.01277	0.00547	0.00269	0.00435
29	0.01159	0.01125	0.01899	0.25175	0.53628	0.02440	0.04412	0.01467	0.01102	0.01520	0.00923	0.01260	0.00750	0.00460	0.00498	0.00154	0.00627	0.00447	0.00240	0.00715
30	0.00691	0.00509	0.00646	0.00612	0.00736	0.00464	0.00459	0.00913	0.01377	0.01918	0.69928	0.03856	0.13936	0.01049	0.00588	0.00158	0.00237	0.00920	0.00538	0.00464
31	0.01104	0.07922	0.29956	0.03055	0.01571	0.06252	0.01137	0.04205	0.20304	0.01689	0.05121	0.03045	0.09376	0.00654	0.00487	0.00156	0.00547	0.00525	0.02218	0.00675
32	0.01271	0.01086	0.01145	0.01021	0.01308	0.01255	0.00797	0.06270	0.74800	0.02136	0.01989	0.01828	0.01489	0.00672	0.00507	0.00168	0.00402	0.00558	0.00507	0.00792
33	0.01188	0.01189	0.02824	0.22110	0.50461	0.05632	0.01432	0.01505	0.02807	0.01510	0.00928	0.01244	0.00759	0.00484	0.00538	0.00155	0.03843	0.00438	0.00245	0.00709
34	0.01271	0.01086	0.01145	0.01021	0.01308	0.01255	0.00797	0.06270	0.74800	0.02136	0.01989	0.01828	0.01489	0.00672	0.00507	0.00168	0.00402	0.00558	0.00507	0.00792
35	0.01863	0.02352	0.01415	0.01281	0.01541	0.78590	0.00963	0.03805	0.01435	0.01266	0.00781	0.00906	0.00647	0.00516	0.00451	0.00129	0.00890	0.00324	0.00263	0.00584
36	0.00748	0.00577	0.00688	0.00726	0.00878	0.00543	0.00598	0.04572	0.01194	0.01496	0.03719	0.07241	0.39063	0.01290	0.00631	0.00196	0.00360	0.34559	0.00463	0.00458
37	0.01056	0.00916	0.01292	0.07291	0.06573	0.00796	0.08500	0.01350	0.04497	0.03710	0.01158	0.08812	0.01027	0.00522	0.00444	0.00114	0.00449	0.00470	0.00316	0.50706
38	0.00870	0.00742	0.01048	0.01370	0.24200	0.00720	0.00793	0.03285	0.03667	0.01501	0.05475	0.17931	0.24314	0.06234	0.00695	0.00192	0.00401	0.05619	0.00393	0.00549
39	0.00781	0.00530	0.00605	0.00588	0.00612	0.00543	0.00352	0.04449	0.00807	0.01083	0.01539	0.03085	0.01732	0.73891	0.07034	0.00486	0.00537	0.00700	0.00309	0.00337
40	0.01155	0.01088	0.01822	0.30140	0.50389	0.01170	0.01460	0.04018	0.01128	0.01556	0.00928	0.01265	0.00748	0.00468	0.00495	0.00154	0.00616	0.00444	0.00246	0.00710
41	0.01252	0.01137	0.01772	0.20645	0.48681	0.04413	0.01381	0.01589	0.04562	0.06425	0.01025	0.01295	0.00812	0.00490	0.00519	0.00154	0.02398	0.00447	0.00275	0.00725
42	0.01233	0.01246	0.01535	0.35531	0.14791	0.14762	0.03242	0.04659	0.11095	0.01525	0.01037	0.01289	0.00804	0.00511	0.00486	0.00152	0.00644	0.00435	0.00284	0.04741
43	0.01426	0.06019	0.18395	0.01405	0.03587	0.22801	0.14198	0.13968	0.03621	0.01712	0.02717	0.01225	0.00848	0.02967	0.00580	0.00159	0.02967	0.00433	0.00297	0.00674
44	0.00851	0.00634	0.00659	0.00638	0.00684	0.04410	0.00403	0.05506	0.00898	0.01167	0.03488	0.04970	0.01849	0.66042	0.02138	0.00420	0.00496	0.04056	0.00329	0.00362
45	0.01752	0.01243	0.03066	0.01058	0.01421	0.01316	0.00877	0.52646	0.09587	0.12046	0.01394	0.01427	0.01011	0.03362	0.02526	0.00178	0.00529	0.00476	0.03285	0.00799
46	0.00818	0.00628	0.00763	0.00709	0.00861	0.00633	0.00537	0.01301	0.17654	0.02017	0.62863	0.03330	0.04032	0.00947	0.00571	0.00159	0.00269	0.00830	0.00540	0.00537
47	0.00858	0.00776	0.00985	0.04015	0.01153	0.05798	0.06657	0.01123	0.06834	0.01432	0.06464	0.24643	0.15652	0.01205	0.02803	0.00204	0.05478	0.13012	0.00410	0.00496
48	0.00941	0.00886	0.01495	0.81285	0.03433	0.01107	0.01384	0.01274	0.00997	0.01274	0.00886	0.01329	0.00664	0.00498	0.00498	0.00166	0.00664	0.00443	0.00221	0.00554
49	0.00941	0.00886	0.01495	0.81285	0.03433	0.01107	0.01384	0.01274	0.00997	0.01274	0.00886	0.01329	0.00664	0.00498	0.00498	0.00166	0.00664	0.00443	0.00221	0.00554
50	0.00725	0.00483	0.00544	0.00544	0.00544	0.00483	0.00302	0.00725	0.00725	0.00966	0.01571	0.03262	0.01812	0.82483	0.02537	0.00483	0.00483	0.00725	0.00302	0.00302
51	0.01895	0.01396	0.01496	0.01147	0.01546	0.01546	0.00947	0.77711	0.02344	0.03141	0.01197	0.01197	0.00848	0.00598	0.00499	0.00150	0.00548	0.00449	0.00499	0.00848
52	0.01333	0.82783	0.02612	0.00853	0.01279	0.01972	0.00853	0.01493	0.01013	0.01173	0.00693	0.00800	0.00640	0.00426	0.00320	0.00107	0.00533	0.00267	0.00213	0.00640
53	0.00725	0.00483	0.00544	0.00544	0.00544	0.00483	0.00302	0.00725	0.00725	0.00966	0.01571	0.03262	0.01812	0.82483	0.02537	0.00483	0.00483	0.00725	0.00302	0.00302
54	0.00607	0.00434	0.00578	0.00694	0.00723	0.00405	0.00463	0.00694	0.00954	0.01272	0.02747	0.82157	0.03297	0.01562	0.00636	0.00202	0.00289	0.01417	0.00463	0.00405
55	0.86003	0.00964	0.00733	0.00655	0.00964	0.01118	0.00540	0.01465	0.00848	0.02236	0.00694	0.00810	0.00540	0.00463	0.00308	0.00154	0.00386	0.00270	0.00308	0.00540
56	0.00608	0.00448	0.00570	0.00662	0.00716	0.00410	0.00450	0.00707	0.01000	0.01312	0.06048	0.67211	0.15043	0.01495	0.00627	0.00195	0.00281	0.01341	0.00466	0.00410
57	0.01084	0.01080	0.01513	0.01299	0.01301	0.01510	0.01082	0.01194	0.00764	0.01199	0.00667	0.01106	0.00665	0.00925	0.03084	0.00229	0.80097	0.00438	0.00219	0.00543
58	0.01340	0.66461	0.11560	0.00951	0.01405	0.05349	0.00977	0.04670	0.01090	0.01304	0.00741	0.00850	0.00647	0.00443	0.00351	0.00115	0.00574	0.00288	0.00227	0.00657
59	0.01102	0.01039	0.01778	0.02500	0.58107	0.01027	0.05949	0.01368	0.01118	0.01582	0.04507	0.15028	0.01375	0.00656	0.00527	0.00159	0.00541	0.00636	0.00296	0.00704
60	0.00607	0.00434	0.00578	0.00694	0.00723	0.00405	0.00463	0.00694	0.00954	0.01272	0.02747	0.82157	0.03297	0.01562	0.00636	0.00202	0.00289	0.01417	0.00463	0.00405
61	0.01107	0.00862	0.00943	0.00851	0.01071	0.03187	0.00656	0.04988	0.35005	0.06839	0.28348	0.06657	0.05688	0.00850	0.00542	0.00164	0.00352	0.00726	0.00516	0.00646
62	0.08997	0.14969	0.48016	0.01217	0.01812	0.01344	0.01424	0.13549	0.01231	0.01821	0.00892	0.01013	0.00658	0.00485	0.00438	0.00148	0.00642	0.00356	0.00265	0.00721
63	0.01216	0.01166	0.01991	0.07837	0.74735	0.01180	0.01521	0.01514	0.01127	0.01607	0.00934	0.01239	0.00782	0.00447	0.00494	0.00149	0.00597	0.00444	0.00245	0.00775
64	0.00712	0.00533	0.00795	0.00795	0.00882	0.00620	0.00616	0.00886	0.00799	0.01153	0.01340	0.01987	0.01259	0.05501	0.78762	0.00794	0.01316	0.00538	0.00268	0.00442
65	0.00642	0.00472	0.00608	0.00707	0.00759	0.00449	0.00488	0.00794	0.04207	0.01322	0.02855	0.70156	0.07927	0.01497	0.00631	0.00200	0.00300	0.05097	0.00464	0.00425
66	0.00998	0.00944	0.01598	0.66094	0.18180	0.01122	0.01413	0.01323	0.01024	0.01342	0.00896	0.01310	0.00689	0.00488	0.00497	0.00163	0.00650	0.00443	0.00226	0.00600
67	0.01410	0.01241	0.01093	0.01016	0.02576	0.23740	0.00765	0.10493	0.08032	0.11508	0.09557	0.18434	0.01908	0.00867	0.00534	0.00162	0.00531	0.05086	0.00436	0.00612
68	0.86003	0.00964	0.00733	0.00655	0.00964	0.01118	0.00540	0.01465	0.00848	0.02236	0.00694	0.00810	0.00540	0.00463	0.00308	0.00154	0.00386	0.00270	0.00308	0.00540
69	0.00951	0.00885	0.01479	0.70129	0.09299	0.01075	0.01330	0.01260	0.00991	0.01283	0.00932	0.01439	0.00745	0.05502	0.00622	0.00184	0.00648	0.00460	0.00228	0.00557
70	0.00590	0.00502	0.00508	0.00513	0.00675	0.00420	0.00382	0.00714	0.01128	0.01343	0.04947	0.08236	0.75798	0.01276	0.00591	0.00170	0.00254	0.01068	0.00463	0.00420
71	0.00598	0.00505	0.00518	0.00515	0.00679	0.00425	0.00386	0.00733	0.01158	0.01398	0.10880	0.04712	0.73308	0.01243	0.00589	0.00167	0.00251	0.01040	0.00470	0.00425
72	0.01034	0.00886	0.01034	0.00738	0.01181	0.00664	0.00591	0.01255	0.01034	0.01624	0.00886	0.01034	0.00738	0.00369	0.00369	0.00074	0.00369	0.00295	0.00295	0.85530
73	0.01034	0.00886	0.01034	0.00738	0.01181	0.00664	0.00591	0.01255	0.01034	0.01624	0.00886	0.01034	0.00738	0.00369	0.00369	0.00074	0.00369	0.00295	0.00295	0.85530
74	0.02236	0.00848	0.01157	0.00887	0.01272	0.00733	0.00733	0.02429	0.01427	0.79719	0.01966	0.01697	0.01234	0.00617	0.00501	0.00154	0.00424	0.00501	0.00617	0.00848
75	0.01034	0.00886	0.01034	0.00738	0.01181	0.00664	0.00591	0.01255	0.01034	0.01624	0.00886	0.01034	0.00738	0.00369	0.00369	0.00074	0.00369	0.00295	0.00295	0.85530
76	0.03430	0.02186	0.55004	0.01394	0.02029	0.01248	0.07474	0.17959	0.01334	0.01933	0.00963	0.01100	0.00685	0.00496	0.00484	0.00157	0.00695	0.00400	0.00278	0.00750
77	0.01234	0.01184	0.02023	0.03059	0.79373	0.01184	0.01530	0.01530	0.01135	0.01628	0.00938	0.01234	0.00790	0.00444	0.00493	0.00148	0.00592	0.00444	0.00247	0.00790
78	0.01882	0.01785	0.01463	0.01201	0.01544	0.32844	0.00954	0.47688	0.01974	0.02380	0.01028	0.01079	0.00766	0.00565	0.00479	0.00141	0.00687	0.00398	0.00403	0.00741

[dist]
# distance from previous block
# <min> <max>
2	13

[block]
# block no. 1 follows, 50 sequences, length 10
# corresponding to MSA columns:
# 490-499
name=unknown_B
#
# <colnr> <probs for GDERKNQSTAVLIFYWHMCP>
#	G	D	E	R	K	N	Q	S	T	A	V	L	I	F	Y	W	H	M	C	P
0	0.79679	0.00930	0.00728	0.00653	0.00948	0.01070	0.00535	0.01426	0.00890	0.02219	0.06508	0.01026	0.00849	0.00504	0.00329	0.00154	0.00374	0.00317	0.00326	0.00535
1	0.01370	0.01058	0.01207	0.01193	0.08024	0.05065	0.00890	0.16316	0.26299	0.09002	0.01868	0.02603	0.01614	0.00812	0.00548	0.00176	0.00486	0.20294	0.00468	0.00708
2	0.01376	0.01040	0.01131	0.00997	0.01293	0.01170	0.00781	0.02619	0.67941	0.12697	0.02020	0.01837	0.01482	0.00668	0.00506	0.00167	0.00399	0.00555	0.00522	0.00797
3	0.01212	0.01163	0.01985	0.08734	0.73865	0.01179	0.01519	0.01511	0.01125	0.01603	0.00934	0.01241	0.00780	0.00448	0.00494	0.00149	0.00597	0.00444	0.00245	0.00772
4	0.00629	0.00507	0.00560	0.00547	0.00698	0.00438	0.00410	0.00793	0.01231	0.01571	0.30495	0.04428	0.53586	0.01179	0.00589	0.00164	0.00247	0.01000	0.00492	0.00438
5	0.01215	0.01165	0.01989	0.08170	0.74412	0.01179	0.01520	0.01513	0.01126	0.01605	0.00934	0.01240	0.00781	0.00448	0.00494	0.00149	0.00597	0.00444	0.00245	0.00774
6	0.00754	0.00558	0.00735	0.00824	0.00951	0.00539	0.00706	0.00960	0.01145	0.01459	0.03189	0.05434	0.20281	0.01351	0.00666	0.00216	0.00412	0.58911	0.00460	0.00450
7	0.13991	0.01246	0.01324	0.01037	0.01407	0.01370	0.00855	0.56591	0.01976	0.09527	0.01197	0.01220	0.00855	0.00729	0.04255	0.00181	0.00551	0.00432	0.00470	0.00784
8	0.29652	0.01241	0.01393	0.01084	0.01463	0.08079	0.13052	0.20550	0.01370	0.05175	0.00951	0.01064	0.00713	0.00488	0.00428	0.00142	0.00543	0.00382	0.00352	0.11877
9	0.01379	0.15261	0.05979	0.01588	0.02039	0.13016	0.38571	0.10927	0.01317	0.01659	0.00935	0.01148	0.00725	0.00458	0.00501	0.00147	0.00745	0.00460	0.00276	0.02872

[dist]
# distance from previous block
# <min> <max>
4	9

[block]
# block no. 2 follows, 50 sequences, length 40
# corresponding to MSA columns:
# 638-660,668-684
name=unknown_C
#
# <colnr> <probs for GDERKNQSTAVLIFYWHMCP>
#	G	D	E	R	K	N	Q	S	T	A	V	L	I	F	Y	W	H	M	C	P
0	0.08317	0.01350	0.03947	0.04948	0.01510	0.13664	0.04239	0.28517	0.10013	0.02182	0.06363	0.03588	0.02706	0.00651	0.00494	0.00153	0.00557	0.03232	0.00407	0.03161
1	0.15793	0.01417	0.01268	0.01040	0.01375	0.15859	0.00831	0.37934	0.08420	0.04290	0.01129	0.01212	0.00856	0.03314	0.00523	0.00157	0.00562	0.00412	0.00414	0.03193
2	0.04742	0.04704	0.01306	0.01041	0.01338	0.09319	0.06862	0.12799	0.20765	0.12956	0.04375	0.08454	0.02962	0.00718	0.00507	0.00160	0.00495	0.03124	0.02687	0.00688
3	0.01052	0.15278	0.67662	0.01331	0.02018	0.01287	0.01685	0.01565	0.01046	0.01514	0.00863	0.01012	0.00633	0.00466	0.00449	0.00150	0.00704	0.00352	0.00211	0.00721
4	0.00774	0.00487	0.00615	0.04112	0.00700	0.00497	0.00386	0.00728	0.00716	0.00952	0.01344	0.02689	0.01497	0.56332	0.02283	0.24218	0.00477	0.00631	0.00275	0.00289
5	0.00633	0.00495	0.00574	0.00580	0.00707	0.00436	0.00425	0.00792	0.01204	0.01566	0.30947	0.17234	0.40176	0.01226	0.00596	0.00170	0.00252	0.01059	0.00493	0.00436
6	0.01000	0.02578	0.79900	0.01421	0.02157	0.01158	0.01842	0.01579	0.01052	0.01579	0.00895	0.01052	0.00631	0.00474	0.00474	0.00158	0.00737	0.00368	0.00210	0.00737
7	0.01089	0.01093	0.01584	0.44975	0.16431	0.08353	0.05166	0.01434	0.04800	0.01389	0.01168	0.01482	0.05064	0.00549	0.00541	0.00162	0.03373	0.00479	0.00258	0.00608
8	0.00941	0.00886	0.01495	0.81285	0.03433	0.01107	0.01384	0.01274	0.00997	0.01274	0.00886	0.01329	0.00664	0.00498	0.00498	0.00166	0.00664	0.00443	0.00221	0.00554
9	0.00948	0.00893	0.01507	0.79504	0.05161	0.01109	0.01388	0.01279	0.01000	0.01282	0.00887	0.01327	0.00667	0.00497	0.00498	0.00166	0.00663	0.00443	0.00222	0.00559
10	0.02141	0.00824	0.01123	0.00875	0.01240	0.00713	0.00717	0.02327	0.01399	0.75103	0.02012	0.06431	0.01355	0.00673	0.00509	0.00157	0.00416	0.00555	0.00608	0.00822
11	0.02115	0.01043	0.01277	0.00979	0.01369	0.01021	0.00809	0.29135	0.01752	0.52554	0.01693	0.01519	0.01097	0.00610	0.00500	0.00153	0.00468	0.00483	0.00575	0.00848
12	0.00607	0.00434	0.00578	0.00694	0.00723	0.00405	0.00463	0.00694	0.00954	0.01272	0.02747	0.82157	0.03297	0.01562	0.00636	0.00202	0.00289	0.01417	0.00463	0.00405
13	0.01008	0.02519	0.76193	0.01453	0.02179	0.01163	0.05489	0.01579	0.01058	0.01579	0.00900	0.01066	0.00637	0.00471	0.00479	0.00158	0.00742	0.00379	0.00212	0.00734
14	0.00941	0.00886	0.01495	0.81285	0.03433	0.01107	0.01384	0.01274	0.00997	0.01274	0.00886	0.01329	0.00664	0.00498	0.00498	0.00166	0.00664	0.00443	0.00221	0.00554
15	0.00717	0.00515	0.00706	0.00706	0.00762	0.00571	0.00504	0.00829	0.00773	0.01086	0.01422	0.02442	0.01456	0.32953	0.51580	0.00683	0.01019	0.00605	0.00280	0.00392
16	0.00631	0.00456	0.00599	0.00689	0.00741	0.00424	0.00479	0.00748	0.01036	0.01386	0.13041	0.63285	0.07332	0.01463	0.00630	0.00196	0.00290	0.05682	0.00474	0.00418
17	0.01502	0.01742	0.01669	0.07034	0.12845	0.41318	0.11707	0.03333	0.01283	0.01422	0.03501	0.01182	0.00844	0.00531	0.00546	0.00145	0.05232	0.00418	0.03130	0.00616
18	0.00941	0.00886	0.01495	0.81285	0.03433	0.01107	0.01384	0.01274	0.00997	0.01274	0.00886	0.01329	0.00664	0.00498	0.00498	0.00166	0.00664	0.00443	0.00221	0.00554
19	0.01078	0.00918	0.00979	0.00898	0.01140	0.01027	0.00692	0.02156	0.58019	0.01943	0.09138	0.05786	0.12454	0.00823	0.00531	0.00169	0.00357	0.00695	0.00503	0.00695
20	0.03757	0.00873	0.01163	0.00893	0.01278	0.00774	0.00738	0.05560	0.01454	0.75096	0.01911	0.01659	0.01205	0.00613	0.00498	0.00154	0.00429	0.00495	0.00606	0.00843
21	0.01610	0.01031	0.03048	0.01292	0.01679	0.00942	0.26235	0.05114	0.05594	0.35669	0.01669	0.08402	0.01261	0.00641	0.00541	0.00164	0.00556	0.01600	0.02217	0.00734
22	0.01091	0.01091	0.01527	0.01309	0.01309	0.01527	0.01091	0.01200	0.00763	0.01200	0.00654	0.01091	0.00654	0.00872	0.01636	0.00218	0.81570	0.00436	0.00218	0.00545
23	0.01079	0.02472	0.01085	0.00759	0.01200	0.00730	0.00612	0.04765	0.01093	0.01685	0.00897	0.01037	0.00741	0.00381	0.00374	0.00078	0.00380	0.00302	0.00303	0.80028
24	0.00728	0.00553	0.00668	0.00642	0.00772	0.00526	0.00479	0.01021	0.07735	0.01781	0.49212	0.07076	0.17967	0.05826	0.00700	0.00183	0.00274	0.02874	0.00509	0.00475
25	0.00617	0.00438	0.00576	0.00682	0.00708	0.00411	0.00450	0.00697	0.00936	0.01248	0.02652	0.75774	0.03177	0.08108	0.00790	0.00225	0.00305	0.01361	0.00450	0.00397
26	0.06030	0.00910	0.01119	0.25965	0.03447	0.03289	0.00875	0.17594	0.01351	0.03997	0.07501	0.01694	0.03839	0.00606	0.00462	0.00148	0.00477	0.00494	0.19604	0.00598
27	0.00816	0.00720	0.00820	0.00764	0.00916	0.07341	0.04180	0.01053	0.03878	0.01693	0.40804	0.12776	0.17221	0.01058	0.00583	0.00166	0.00344	0.03906	0.00479	0.00483
28	0.01333	0.82783	0.02612	0.00853	0.01279	0.01972	0.00853	0.01493	0.01013	0.01173	0.00693	0.00800	0.00640	0.00426	0.00320	0.00107	0.00533	0.00267	0.00213	0.00640
29	0.03156	0.00878	0.01051	0.00903	0.05736	0.00746	0.00656	0.07015	0.02880	0.01711	0.01221	0.13597	0.01157	0.00584	0.00429	0.00108	0.00384	0.00494	0.00339	0.56951
30	0.01376	0.71281	0.05573	0.00912	0.01341	0.05349	0.00903	0.06003	0.01110	0.01307	0.00734	0.00837	0.00652	0.00442	0.00342	0.00112	0.00558	0.00284	0.00232	0.00653
31	0.00724	0.00484	0.00549	0.00547	0.00552	0.00483	0.00309	0.00734	0.00754	0.01010	0.04819	0.03281	0.01933	0.79069	0.02455	0.00470	0.00473	0.00732	0.00312	0.00309
32	0.00881	0.00773	0.01206	0.44747	0.08792	0.00878	0.01064	0.01156	0.01074	0.01416	0.06809	0.02442	0.13686	0.00732	0.00526	0.00167	0.00521	0.07290	0.05308	0.00533
33	0.01260	0.07241	0.53427	0.01349	0.01933	0.23365	0.01538	0.01689	0.01151	0.01454	0.00848	0.00995	0.00635	0.00482	0.00458	0.00147	0.00770	0.00349	0.00224	0.00687
34	0.00725	0.00483	0.00544	0.00544	0.00544	0.00483	0.00302	0.00725	0.00725	0.00966	0.01571	0.03262	0.01812	0.82483	0.02537	0.00483	0.00483	0.00725	0.00302	0.00302
35	0.00616	0.00440	0.00588	0.00704	0.00737	0.00412	0.00478	0.00709	0.00963	0.01282	0.02743	0.78803	0.03278	0.01554	0.00638	0.00204	0.00297	0.04687	0.00463	0.00407
36	0.01046	0.02410	0.69849	0.01437	0.02132	0.01178	0.06325	0.03843	0.04182	0.01645	0.00955	0.01106	0.00681	0.00482	0.00483	0.00159	0.00724	0.00392	0.00233	0.00738
37	0.01950	0.01161	0.01389	0.01069	0.01450	0.04285	0.05339	0.35281	0.01796	0.34935	0.01510	0.01432	0.01015	0.00591	0.00496	0.00150	0.00513	0.00475	0.04351	0.00810
38	0.02683	0.64446	0.16302	0.00965	0.01439	0.04459	0.01027	0.01524	0.01031	0.01264	0.00731	0.00848	0.00637	0.00438	0.00351	0.00117	0.00579	0.00287	0.00216	0.00653
39	0.06160	0.03031	0.04049	0.01170	0.01438	0.04075	0.18126	0.01334	0.03459	0.01686	0.08042	0.03219	0.14273	0.00943	0.00641	0.00195	0.03208	0.18952	0.05404	0.00594

[dist]
# distance from previous block
# <min> <max>
0	7

[block]
# block no. 3 follows, 50 sequences, length 32
# corresponding to MSA columns:
# 692-723
name=unknown_D
#
# <colnr> <probs for GDERKNQSTAVLIFYWHMCP>
#	G	D	E	R	K	N	Q	S	T	A	V	L	I	F	Y	W	H	M	C	P
0	0.05224	0.02124	0.01393	0.01230	0.01513	0.62103	0.00940	0.14923	0.03214	0.01608	0.00867	0.00967	0.00692	0.00530	0.00453	0.00134	0.00808	0.00346	0.00306	0.00627
1	0.01240	0.01071	0.01127	0.01014	0.01296	0.01240	0.00789	0.02649	0.78473	0.02085	0.02029	0.01860	0.01522	0.00676	0.00507	0.00169	0.00394	0.00564	0.00507	0.00789
2	0.01968	0.01279	0.01423	0.01091	0.01487	0.01371	0.00901	0.61574	0.02147	0.19557	0.01362	0.01304	0.00930	0.00602	0.00499	0.00151	0.00522	0.00460	0.00524	0.00848
3	0.02029	0.00875	0.01138	0.00901	0.01262	0.00809	0.00735	0.02424	0.14139	0.64729	0.04141	0.01780	0.01379	0.00638	0.00505	0.00157	0.00414	0.00523	0.00597	0.00828
4	0.00607	0.00434	0.00578	0.00694	0.00723	0.00405	0.00463	0.00694	0.00954	0.01272	0.02747	0.82157	0.03297	0.01562	0.00636	0.00202	0.00289	0.01417	0.00463	0.00405
5	0.01895	0.01396	0.01496	0.01147	0.01546	0.01546	0.00947	0.77711	0.02344	0.03141	0.01197	0.01197	0.00848	0.00598	0.00499	0.00150	0.00548	0.00449	0.00499	0.00848
6	0.75290	0.01019	0.00830	0.00718	0.01038	0.01173	0.00592	0.11177	0.01039	0.02352	0.00758	0.00859	0.00579	0.00480	0.00333	0.00154	0.00406	0.00293	0.00333	0.00579
7	0.02044	0.00913	0.01323	0.01305	0.16288	0.00819	0.00886	0.02256	0.01371	0.64705	0.01769	0.01608	0.01148	0.00584	0.00500	0.00153	0.00456	0.00490	0.00546	0.00837
8	0.80486	0.00956	0.00761	0.00671	0.00984	0.01093	0.00553	0.01529	0.00886	0.07339	0.00778	0.00868	0.00586	0.00473	0.00321	0.00154	0.00388	0.00285	0.00329	0.00560
9	0.00716	0.00517	0.00681	0.00659	0.00776	0.00482	0.00507	0.00951	0.01382	0.01943	0.70715	0.03932	0.04502	0.01058	0.00599	0.00165	0.00260	0.09148	0.00539	0.00469
10	0.00755	0.00546	0.00742	0.00838	0.00946	0.00533	0.00705	0.00959	0.01139	0.01486	0.07878	0.15227	0.09002	0.01368	0.00667	0.00216	0.00406	0.55671	0.00466	0.00450
11	0.00941	0.00886	0.01495	0.81285	0.03433	0.01107	0.01384	0.01274	0.00997	0.01274	0.00886	0.01329	0.00664	0.00498	0.00498	0.00166	0.00664	0.00443	0.00221	0.00554
12	0.00633	0.00441	0.00576	0.00671	0.00694	0.00417	0.00438	0.00697	0.00910	0.01214	0.02512	0.67912	0.02997	0.13353	0.00958	0.03157	0.00322	0.01283	0.00431	0.00383
13	0.00715	0.00482	0.00544	0.00549	0.00556	0.00478	0.00312	0.00723	0.00748	0.00992	0.01728	0.06886	0.04198	0.76378	0.02392	0.00461	0.00468	0.00766	0.00314	0.00310
14	0.01863	0.02347	0.01415	0.01280	0.01541	0.78169	0.00963	0.04209	0.01440	0.01276	0.00783	0.00908	0.00648	0.00516	0.00451	0.00129	0.00889	0.00325	0.00264	0.00586
15	0.01216	0.01166	0.01991	0.07877	0.74697	0.01180	0.01521	0.01514	0.01126	0.01607	0.00934	0.01240	0.00782	0.00447	0.00494	0.00149	0.00597	0.00444	0.00245	0.00775
16	0.00700	0.00510	0.00652	0.00621	0.00737	0.00469	0.00464	0.00917	0.01357	0.01897	0.68739	0.03827	0.10178	0.04307	0.00668	0.00172	0.00251	0.02542	0.00530	0.00460
17	0.86003	0.00964	0.00733	0.00655	0.00964	0.01118	0.00540	0.01465	0.00848	0.02236	0.00694	0.00810	0.00540	0.00463	0.00308	0.00154	0.00386	0.00270	0.00308	0.00540
18	0.01007	0.02537	0.77619	0.01469	0.04419	0.01158	0.01832	0.01577	0.01055	0.01580	0.00896	0.01058	0.00636	0.00473	0.00474	0.00158	0.00732	0.00371	0.00212	0.00738
19	0.01240	0.01071	0.01127	0.01014	0.01296	0.01240	0.00789	0.02649	0.78473	0.02085	0.02029	0.01860	0.01522	0.00676	0.00507	0.00169	0.00394	0.00564	0.00507	0.00789
20	0.00708	0.00511	0.00670	0.00636	0.00753	0.00473	0.00480	0.00943	0.01403	0.01984	0.76897	0.03778	0.04650	0.01029	0.00591	0.00159	0.00242	0.03076	0.00546	0.00470
21	0.01862	0.02376	0.01413	0.01284	0.01541	0.80482	0.00963	0.01990	0.01413	0.01220	0.00770	0.00899	0.00642	0.00514	0.00449	0.00128	0.00899	0.00321	0.00257	0.00578
22	0.01234	0.01184	0.02023	0.03059	0.79373	0.01184	0.01530	0.01530	0.01135	0.01628	0.00938	0.01234	0.00790	0.00444	0.00493	0.00148	0.00592	0.00444	0.00247	0.00790
23	0.00603	0.00509	0.00525	0.00532	0.00697	0.00431	0.00407	0.00736	0.01137	0.01356	0.04890	0.04852	0.74118	0.01270	0.00596	0.00172	0.00266	0.06017	0.00463	0.00423
24	0.01240	0.01071	0.01127	0.01014	0.01296	0.01240	0.00789	0.02649	0.78473	0.02085	0.02029	0.01860	0.01522	0.00676	0.00507	0.00169	0.00394	0.00564	0.00507	0.00789
25	0.00713	0.00530	0.00781	0.00781	0.00863	0.00612	0.00598	0.00877	0.00795	0.01142	0.01354	0.02061	0.01291	0.09933	0.74374	0.00776	0.01268	0.00549	0.00270	0.00434
26	0.01212	0.01162	0.01983	0.08975	0.73631	0.01178	0.01519	0.01510	0.01125	0.01602	0.00934	0.01241	0.00780	0.00448	0.00494	0.00149	0.00598	0.00444	0.00245	0.00772
27	0.00803	0.00574	0.00803	0.00918	0.01033	0.00574	0.00803	0.01033	0.01147	0.01492	0.02639	0.05622	0.02869	0.01377	0.00688	0.00229	0.00459	0.76018	0.00459	0.00459
28	0.01278	0.69675	0.15243	0.00946	0.01423	0.01839	0.01014	0.01507	0.01019	0.01239	0.00726	0.00841	0.00638	0.00434	0.00345	0.00115	0.00566	0.00283	0.00213	0.00656
29	0.07427	0.02456	0.73914	0.01363	0.02067	0.01155	0.01743	0.01570	0.01037	0.01628	0.00879	0.01034	0.00624	0.00473	0.00461	0.00158	0.00710	0.00361	0.00218	0.00722
30	0.01581	0.01608	0.01320	0.01196	0.03875	0.31880	0.00901	0.18409	0.23970	0.01894	0.01276	0.01333	0.00992	0.00821	0.06532	0.00196	0.00700	0.00439	0.00382	0.00694
31	0.01323	0.80468	0.04842	0.00869	0.01305	0.01949	0.00881	0.01495	0.01014	0.01184	0.00699	0.00807	0.00639	0.00428	0.00324	0.00108	0.00539	0.00269	0.00213	0.00642

[dist]
# distance from previous block
# <min> <max>
0	13

[block]
# block no. 4 follows, 50 sequences, length 22
# corresponding to MSA columns:
# 737-758
name=unknown_E
#
# <colnr> <probs for GDERKNQSTAVLIFYWHMCP>
#	G	D	E	R	K	N	Q	S	T	A	V	L	I	F	Y	W	H	M	C	P
0	0.02419	0.00992	0.01309	0.01200	0.11230	0.00914	0.05977	0.12008	0.06405	0.01840	0.01222	0.08426	0.01085	0.00564	0.00457	0.00123	0.00451	0.02197	0.00347	0.40833
1	0.00856	0.00436	0.00642	0.00642	0.00642	0.00436	0.00424	0.00655	0.00655	0.00873	0.00916	0.01639	0.00933	0.07451	0.01990	0.79476	0.00436	0.00454	0.00223	0.00223
2	0.00808	0.00548	0.00611	0.00586	0.00615	0.00558	0.00348	0.06178	0.00840	0.01121	0.01544	0.03116	0.01744	0.76683	0.02393	0.00460	0.00488	0.00705	0.00316	0.00341
3	0.01162	0.12326	0.58539	0.01343	0.01986	0.05902	0.04727	0.01637	0.01093	0.05520	0.00922	0.01057	0.00669	0.00475	0.00459	0.00150	0.00709	0.00369	0.00236	0.00718
4	0.01066	0.15760	0.57815	0.01255	0.01878	0.04888	0.01533	0.01522	0.01068	0.01478	0.01150	0.01268	0.06196	0.00523	0.00455	0.00149	0.00676	0.00398	0.00231	0.00691
5	0.01234	0.01174	0.01939	0.02868	0.72050	0.01190	0.01460	0.01635	0.08389	0.01671	0.01040	0.01292	0.00858	0.00466	0.00495	0.00150	0.00574	0.00455	0.00271	0.00789
6	0.00931	0.00809	0.02985	0.00782	0.00999	0.00800	0.00616	0.08157	0.25596	0.01780	0.08597	0.14190	0.29735	0.01022	0.00559	0.00171	0.00340	0.00866	0.00479	0.00584
7	0.01508	0.01189	0.01528	0.01204	0.01552	0.04640	0.14912	0.26054	0.19780	0.10109	0.05699	0.03452	0.01303	0.00626	0.00517	0.00157	0.00533	0.00549	0.03946	0.00743
8	0.01075	0.01732	0.32052	0.01643	0.03594	0.01255	0.27897	0.01478	0.01026	0.01490	0.00898	0.01197	0.00704	0.00653	0.03529	0.00196	0.18220	0.00466	0.00229	0.00664
9	0.00633	0.00508	0.00565	0.00555	0.00706	0.00441	0.00419	0.00797	0.01227	0.01565	0.29364	0.04464	0.52763	0.01185	0.00591	0.00166	0.00252	0.02869	0.00491	0.00438
10	0.01107	0.29923	0.51651	0.01212	0.01828	0.01423	0.01475	0.01533	0.01033	0.01430	0.00836	0.00987	0.00649	0.00534	0.02296	0.00155	0.00681	0.00337	0.00213	0.00697
11	0.06249	0.01510	0.01309	0.01099	0.01403	0.27012	0.03484	0.26023	0.06151	0.09012	0.01256	0.05738	0.00999	0.00616	0.00474	0.00146	0.00609	0.00469	0.05755	0.00685
12	0.00610	0.00440	0.00573	0.00678	0.00714	0.00408	0.00452	0.00696	0.00957	0.01267	0.02843	0.74967	0.07705	0.04256	0.00697	0.00210	0.00294	0.01372	0.00457	0.00402
13	0.01250	0.62847	0.21822	0.00994	0.01498	0.01770	0.01099	0.01514	0.01023	0.01274	0.00743	0.00862	0.00638	0.00438	0.00358	0.00119	0.00584	0.00292	0.00213	0.00664
14	0.01414	0.01046	0.01053	0.00909	0.01182	0.08907	0.00717	0.14518	0.21449	0.15508	0.06943	0.04477	0.13507	0.00785	0.00519	0.00159	0.00437	0.02368	0.03421	0.00682
15	0.10487	0.01411	0.02247	0.01695	0.02059	0.12799	0.45521	0.01574	0.01107	0.01546	0.00882	0.01180	0.00699	0.00513	0.00709	0.00169	0.14034	0.00490	0.00253	0.00623
16	0.00631	0.00456	0.00601	0.00700	0.00745	0.00433	0.00486	0.00733	0.00962	0.01275	0.02747	0.64602	0.07342	0.04972	0.04817	0.00245	0.00362	0.07039	0.00446	0.00408
17	0.01013	0.01019	0.01905	0.57669	0.05017	0.01151	0.22312	0.01368	0.01049	0.01371	0.00921	0.01331	0.00693	0.00476	0.00523	0.00166	0.00711	0.00483	0.00230	0.00592
18	0.03868	0.01172	0.01701	0.09117	0.45782	0.06019	0.01263	0.06208	0.01261	0.17070	0.01134	0.01298	0.00854	0.00497	0.00488	0.00150	0.00576	0.00443	0.00335	0.00764
19	0.00618	0.00442	0.00591	0.00707	0.00740	0.00414	0.00482	0.00713	0.00965	0.01285	0.02741	0.77876	0.03273	0.01551	0.00639	0.00204	0.00299	0.05590	0.00462	0.00408
20	0.01132	0.01162	0.01497	0.01291	0.01312	0.06934	0.01067	0.01245	0.00809	0.01200	0.00683	0.01104	0.00672	0.00936	0.03974	0.00230	0.73555	0.00431	0.00222	0.00544
21	0.10172	0.01179	0.01228	0.00991	0.01329	0.06070	0.00802	0.37741	0.04332	0.19436	0.01521	0.06063	0.03317	0.00745	0.02638	0.00172	0.00519	0.00514	0.00482	0.00750

[dist]
# distance from previous block
# <min> <max>
16	124

[block]
# block no. 5 follows, 50 sequences, length 108
# corresponding to MSA columns:
# 890-896,900-926,977-979,982-998,1000,1001,1015-1066
name=unknown_F
#
# <colnr> <probs for GDERKNQSTAVLIFYWHMCP>
#	G	D	E	R	K	N	Q	S	T	A	V	L	I	F	Y	W	H	M	C	P
0	0.61620	0.01194	0.00910	0.00796	0.01105	0.12446	0.00641	0.09111	0.01098	0.04045	0.00888	0.00976	0.02450	0.00506	0.00359	0.00150	0.00473	0.00319	0.00331	0.00580
1	0.20206	0.00967	0.01035	0.00868	0.01175	0.05087	0.00696	0.11936	0.02525	0.34858	0.01646	0.12589	0.01322	0.00722	0.00479	0.00161	0.00439	0.02104	0.00489	0.00696
2	0.00877	0.00671	0.00784	0.00741	0.00881	0.00699	0.00542	0.04595	0.20252	0.01809	0.34148	0.14094	0.03112	0.13514	0.00871	0.00216	0.00334	0.00844	0.00486	0.00530
3	0.02195	0.00914	0.01197	0.00918	0.01305	0.00830	0.00758	0.11440	0.01536	0.70553	0.01874	0.01637	0.01188	0.00615	0.00501	0.00154	0.00439	0.00495	0.00603	0.00848
4	0.01129	0.01078	0.01834	0.31011	0.52238	0.01157	0.01478	0.01438	0.01086	0.01502	0.00919	0.01268	0.00745	0.00463	0.00495	0.00154	0.00618	0.00444	0.00238	0.00705
5	0.01832	0.01353	0.01451	0.01129	0.01515	0.01500	0.00927	0.68568	0.10295	0.04341	0.01297	0.01275	0.00925	0.00607	0.00500	0.00152	0.00530	0.00462	0.00502	0.00842
6	0.01572	0.00719	0.00910	0.00756	0.01046	0.00632	0.00610	0.01785	0.03614	0.46120	0.05218	0.02834	0.24517	0.00849	0.00532	0.00160	0.00361	0.03502	0.03582	0.00680
7	0.02236	0.00848	0.01157	0.00887	0.01272	0.00733	0.00733	0.02429	0.01427	0.79719	0.01966	0.01697	0.01234	0.00617	0.00501	0.00154	0.00424	0.00501	0.00617	0.00848
8	0.00746	0.00536	0.00725	0.00785	0.00891	0.00519	0.00642	0.00956	0.01202	0.01616	0.27098	0.12376	0.05205	0.03225	0.00693	0.00208	0.00367	0.41272	0.00484	0.00453
9	0.00607	0.00434	0.00578	0.00694	0.00723	0.00405	0.00463	0.00694	0.00954	0.01272	0.02747	0.82157	0.03297	0.01562	0.00636	0.00202	0.00289	0.01417	0.00463	0.00405
10	0.26217	0.01271	0.01275	0.01005	0.01378	0.01422	0.00830	0.55663	0.01911	0.02880	0.01051	0.01085	0.00759	0.00559	0.00444	0.00151	0.00501	0.00397	0.00444	0.00759
11	0.01495	0.01367	0.01344	0.01154	0.01370	0.18422	0.00922	0.11721	0.20668	0.08902	0.03024	0.01372	0.01041	0.00690	0.00821	0.00170	0.23996	0.00462	0.00379	0.00679
12	0.25530	0.00609	0.00542	0.00520	0.00692	0.00654	0.00404	0.01249	0.00988	0.01968	0.01357	0.01555	0.01064	0.00547	0.00337	0.00127	0.00277	0.00408	0.60687	0.00486
13	0.01000	0.02578	0.79900	0.01421	0.02157	0.01158	0.01842	0.01579	0.01052	0.01579	0.00895	0.01052	0.00631	0.00474	0.00474	0.00158	0.00737	0.00368	0.00210	0.00737
14	0.01099	0.15354	0.41141	0.01164	0.01743	0.01168	0.04393	0.03073	0.01090	0.02786	0.03279	0.01113	0.00800	0.00462	0.00434	0.00131	0.00601	0.00364	0.00254	0.19552
15	0.22600	0.01094	0.02958	0.01143	0.01243	0.01416	0.00965	0.02434	0.00815	0.01499	0.00678	0.01020	0.00628	0.00756	0.01258	0.00200	0.58104	0.00393	0.00245	0.00552
16	0.04695	0.04462	0.01198	0.03365	0.01336	0.12081	0.00786	0.02236	0.34325	0.20761	0.06845	0.01700	0.01432	0.00634	0.00486	0.00154	0.00474	0.00507	0.00471	0.02051
17	0.25345	0.01101	0.01127	0.00921	0.01248	0.01199	0.00745	0.39190	0.01644	0.07210	0.01289	0.11453	0.01093	0.00676	0.00458	0.00155	0.00456	0.00520	0.00440	0.03729
18	0.00607	0.00434	0.00578	0.00694	0.00723	0.00405	0.00463	0.00694	0.00954	0.01272	0.02747	0.82157	0.03297	0.01562	0.00636	0.00202	0.00289	0.01417	0.00463	0.00405
19	0.26240	0.01234	0.01252	0.00987	0.01359	0.01367	0.00815	0.50601	0.01850	0.08028	0.01103	0.01118	0.00785	0.00560	0.00444	0.00151	0.00493	0.00401	0.00452	0.00759
20	0.01031	0.00953	0.01575	0.68553	0.07865	0.01147	0.03884	0.06439	0.01102	0.01431	0.00914	0.01315	0.00687	0.00499	0.00501	0.00164	0.00658	0.00448	0.00243	0.00592
21	0.02098	0.00847	0.01118	0.00869	0.01233	0.00759	0.00714	0.05159	0.03731	0.68845	0.01915	0.01695	0.01231	0.00615	0.00490	0.00152	0.00414	0.00498	0.06798	0.00818
22	0.00607	0.00434	0.00578	0.00694	0.00723	0.00405	0.00463	0.00694	0.00954	0.01272	0.02747	0.82157	0.03297	0.01562	0.00636	0.00202	0.00289	0.01417	0.00463	0.00405
23	0.01988	0.01160	0.01339	0.01036	0.01422	0.01206	0.00853	0.43344	0.06769	0.33233	0.01552	0.01435	0.01042	0.00611	0.00500	0.00153	0.00490	0.00477	0.00546	0.00844
24	0.01260	0.01405	0.02488	0.04832	0.02324	0.10177	0.55328	0.05082	0.01210	0.01569	0.00977	0.01322	0.00766	0.02702	0.00689	0.00175	0.06246	0.00540	0.00262	0.00647
25	0.00607	0.00434	0.00578	0.00694	0.00723	0.00405	0.00463	0.00694	0.00954	0.01272	0.02747	0.82157	0.03297	0.01562	0.00636	0.00202	0.00289	0.01417	0.00463	0.00405
26	0.02145	0.00911	0.01177	0.00919	0.01283	0.03160	0.00755	0.02378	0.04284	0.71535	0.01884	0.01656	0.01205	0.00626	0.00542	0.00156	0.03473	0.00496	0.00587	0.00827
27	0.01142	0.39501	0.41032	0.01134	0.01701	0.01512	0.01336	0.01511	0.01024	0.01374	0.00819	0.00972	0.00660	0.00584	0.03648	0.00160	0.00667	0.00328	0.00214	0.00680
28	0.00984	0.00806	0.00906	0.00849	0.01044	0.00882	0.00644	0.01841	0.43546	0.01944	0.26182	0.13712	0.02764	0.00907	0.00550	0.00170	0.00330	0.00789	0.00514	0.00636
29	0.00873	0.01773	0.48857	0.01180	0.01656	0.00898	0.04177	0.01267	0.01010	0.01455	0.01497	0.25836	0.01507	0.04984	0.00633	0.00188	0.00592	0.00714	0.00293	0.00611
30	0.01013	0.05831	0.76766	0.01398	0.02122	0.01191	0.01802	0.01575	0.01051	0.01562	0.00886	0.01042	0.00632	0.00472	0.00467	0.00156	0.00728	0.00364	0.00211	0.00733
31	0.01219	0.01169	0.01997	0.06963	0.75584	0.01180	0.01522	0.01517	0.01128	0.01611	0.00935	0.01238	0.00783	0.00447	0.00494	0.00149	0.00596	0.00444	0.00245	0.00778
32	0.00696	0.00531	0.00642	0.00615	0.00752	0.00488	0.00464	0.00945	0.04214	0.01813	0.54384	0.03987	0.24847	0.01080	0.00587	0.00162	0.00251	0.02551	0.00522	0.00468
33	0.01000	0.02578	0.79900	0.01421	0.02157	0.01158	0.01842	0.01579	0.01052	0.01579	0.00895	0.01052	0.00631	0.00474	0.00474	0.00158	0.00737	0.00368	0.00210	0.00737
34	0.03684	0.00748	0.00885	0.00789	0.00996	0.03644	0.02427	0.03734	0.08463	0.17935	0.24526	0.16120	0.10258	0.00947	0.00549	0.00164	0.00353	0.00818	0.02374	0.00585
35	0.00624	0.00459	0.00584	0.00653	0.00720	0.00420	0.00452	0.00745	0.01070	0.01424	0.17825	0.55462	0.14908	0.01412	0.00620	0.00189	0.00273	0.01263	0.00479	0.00420
36	0.00995	0.00951	0.01465	0.46868	0.02502	0.01241	0.01228	0.01281	0.03673	0.01272	0.00863	0.01289	0.00715	0.00768	0.04146	0.00210	0.29297	0.00449	0.00232	0.00555
37	0.01345	0.01233	0.01387	0.10365	0.15395	0.13894	0.01021	0.17168	0.05215	0.03783	0.03296	0.05357	0.04977	0.00788	0.02982	0.00181	0.06525	0.04078	0.00356	0.00655
38	0.01337	0.04951	0.51199	0.01281	0.03064	0.04314	0.01465	0.01835	0.05154	0.18913	0.01179	0.01225	0.00814	0.00515	0.00475	0.00154	0.00647	0.00404	0.00319	0.00755
39	0.01176	0.01345	0.02941	0.02101	0.02605	0.01261	0.77563	0.01597	0.01176	0.01597	0.01008	0.01345	0.00756	0.00420	0.00588	0.00168	0.00840	0.00588	0.00252	0.00672
40	0.03835	0.01086	0.01293	0.00993	0.01383	0.01089	0.00821	0.34681	0.01808	0.45277	0.01610	0.01464	0.01054	0.00606	0.00496	0.00152	0.00477	0.00474	0.00560	0.00842
41	0.01862	0.02376	0.01413	0.01284	0.01541	0.80482	0.00963	0.01990	0.01413	0.01220	0.00770	0.00899	0.00642	0.00514	0.00449	0.00128	0.00899	0.00321	0.00257	0.00578
42	0.01714	0.01274	0.01370	0.01095	0.01459	0.01417	0.00890	0.51826	0.25110	0.06280	0.01481	0.01418	0.01067	0.00623	0.00501	0.00156	0.00497	0.00486	0.00507	0.00830
43	0.01333	0.82783	0.02612	0.00853	0.01279	0.01972	0.00853	0.01493	0.01013	0.01173	0.00693	0.00800	0.00640	0.00426	0.00320	0.00107	0.00533	0.00267	0.00213	0.00640
44	0.00686	0.00469	0.00565	0.00603	0.00616	0.00463	0.00367	0.00721	0.00803	0.01074	0.01947	0.29074	0.02277	0.52869	0.04970	0.00404	0.00453	0.00944	0.00353	0.00341
45	0.01062	0.00779	0.00962	0.00859	0.01024	0.00871	0.00664	0.23452	0.01242	0.01708	0.01334	0.01955	0.01225	0.16159	0.43767	0.00556	0.00959	0.00541	0.00341	0.00539
46	0.00810	0.00784	0.01287	0.03889	0.01367	0.00726	0.22766	0.01087	0.04058	0.01497	0.09219	0.03502	0.43366	0.00954	0.00585	0.00169	0.00446	0.02571	0.00401	0.00517
47	0.00664	0.00462	0.00582	0.00651	0.00678	0.00445	0.00425	0.00733	0.00901	0.01204	0.05182	0.46954	0.02799	0.30198	0.01311	0.00302	0.00365	0.05362	0.00409	0.00374
48	0.24724	0.00776	0.00766	0.00663	0.00905	0.00823	0.00531	0.11471	0.01212	0.12435	0.01357	0.01460	0.01012	0.00555	0.00377	0.00136	0.00342	0.00414	0.39456	0.00586
49	0.01000	0.02578	0.79900	0.01421	0.02157	0.01158	0.01842	0.01579	0.01052	0.01579	0.00895	0.01052	0.00631	0.00474	0.00474	0.00158	0.00737	0.00368	0.00210	0.00737
50	0.00760	0.00550	0.00704	0.00779	0.00868	0.00549	0.00606	0.00994	0.06352	0.01402	0.02573	0.26960	0.06285	0.12137	0.00893	0.00246	0.00393	0.33892	0.02613	0.00444
51	0.00617	0.00460	0.00576	0.00656	0.00725	0.00419	0.00457	0.00727	0.01031	0.01342	0.07966	0.57047	0.20447	0.01454	0.00625	0.00193	0.00284	0.04094	0.00468	0.00415
