[name]
unknown

[dist]
# distance from previous block
# <min> <max>
0	173

[block]
# block no. 0 follows, 49 sequences, length 13
# corresponding to MSA columns:
# 191-203
name=unknown_A
#
# <colnr> <probs for GDERKNQSTAVLIFYWHMCP>
#	G	D	E	R	K	N	Q	S	T	A	V	L	I	F	Y	W	H	M	C	P
0	0.01102	0.17913	0.50563	0.01306	0.01908	0.04544	0.05704	0.01546	0.01090	0.01495	0.01093	0.01390	0.03189	0.00543	0.00471	0.00154	0.00690	0.04367	0.00240	0.00693
1	0.06637	0.07273	0.16969	0.05347	0.01669	0.05135	0.03715	0.15031	0.10685	0.09924	0.01176	0.01243	0.00865	0.00539	0.00495	0.00148	0.02700	0.00416	0.00364	0.09671
2	0.01346	0.01023	0.03571	0.01043	0.06804	0.03569	0.03040	0.05451	0.01227	0.16887	0.03460	0.05561	0.01103	0.00534	0.00450	0.00117	0.00447	0.00449	0.00381	0.43537
3	0.02982	0.00961	0.01058	0.00870	0.01174	0.05648	0.02531	0.14064	0.04632	0.09875	0.07544	0.12593	0.10486	0.00778	0.00503	0.00142	0.00422	0.00652	0.00435	0.22651
4	0.12109	0.05537	0.02915	0.05249	0.01460	0.27492	0.00851	0.04921	0.05559	0.17058	0.01197	0.04426	0.00933	0.00573	0.00451	0.00142	0.00605	0.00422	0.00370	0.07730
5	0.14227	0.04839	0.06044	0.01356	0.12106	0.22478	0.00998	0.15695	0.04186	0.10071	0.01052	0.01128	0.00791	0.00527	0.00452	0.00145	0.00621	0.00387	0.00356	0.02540
6	0.03935	0.08599	0.06573	0.01118	0.03141	0.14128	0.00926	0.16773	0.25947	0.08567	0.01533	0.01497	0.03827	0.00613	0.00481	0.00152	0.00551	0.00471	0.00422	0.00745
7	0.06764	0.05448	0.10130	0.01129	0.04506	0.13741	0.00937	0.11062	0.24081	0.03180	0.08156	0.04100	0.03303	0.00662	0.00490	0.00156	0.00534	0.00525	0.00404	0.00696
8	0.01342	0.03951	0.03967	0.00976	0.01269	0.04279	0.00800	0.17379	0.25922	0.08156	0.06664	0.08716	0.05972	0.00863	0.02945	0.00181	0.02221	0.00627	0.00466	0.03305
9	0.01524	0.04082	0.04046	0.01082	0.04121	0.02757	0.00868	0.27394	0.16497	0.12342	0.03070	0.03144	0.06799	0.00759	0.02638	0.00172	0.02473	0.00536	0.00462	0.05231
10	0.02903	0.01238	0.12049	0.03037	0.03636	0.02153	0.00952	0.13094	0.23544	0.13737	0.07590	0.03433	0.03489	0.00754	0.02488	0.00178	0.02156	0.00551	0.00451	0.02567
11	0.01306	0.03795	0.06927	0.03403	0.05038	0.08327	0.05952	0.13700	0.15787	0.03813	0.09272	0.03324	0.01420	0.00710	0.01929	0.00167	0.05625	0.01867	0.00389	0.07248
12	0.03725	0.03328	0.05620	0.14797	0.01751	0.11504	0.00957	0.09562	0.19897	0.09644	0.01417	0.01467	0.03196	0.00576	0.00478	0.00148	0.00549	0.00456	0.00386	0.10543

[dist]
# distance from previous block
# <min> <max>
0	1

[block]
# block no. 1 follows, 49 sequences, length 6
# corresponding to MSA columns:
# 205-210
name=unknown_B
#
# <colnr> <probs for GDERKNQSTAVLIFYWHMCP>
#	G	D	E	R	K	N	Q	S	T	A	V	L	I	F	Y	W	H	M	C	P
0	0.01228	0.06939	0.09441	0.05361	0.04024	0.07108	0.00916	0.10107	0.17761	0.03940	0.06306	0.05893	0.05336	0.02757	0.00552	0.00161	0.00504	0.02832	0.00392	0.08440
1	0.04068	0.08943	0.07744	0.03232	0.06257	0.07530	0.04722	0.07664	0.11529	0.04852	0.04496	0.01642	0.04783	0.05278	0.02821	0.00179	0.00554	0.00482	0.00351	0.12873
2	0.03574	0.09724	0.11245	0.04563	0.01517	0.01175	0.04415	0.08614	0.18428	0.07345	0.05094	0.01690	0.03288	0.00729	0.03036	0.00175	0.04443	0.02570	0.00382	0.07994
3	0.06681	0.07558	0.10322	0.04675	0.04622	0.01150	0.06331	0.11862	0.15220	0.03916	0.06261	0.01645	0.04921	0.00727	0.03698	0.00176	0.00543	0.00499	0.00374	0.08820
4	0.05593	0.07033	0.04532	0.05105	0.03368	0.07609	0.03519	0.11468	0.19749	0.08195	0.01547	0.03970	0.05097	0.00636	0.00523	0.00153	0.03384	0.00504	0.00397	0.07617
5	0.01180	0.04965	0.04504	0.04127	0.05774	0.01047	0.02609	0.07965	0.26015	0.05569	0.04463	0.01991	0.10068	0.00951	0.07548	0.00210	0.00528	0.00562	0.00412	0.09512

[dist]
# distance from previous block
# <min> <max>
12	133

[block]
# block no. 2 follows, 49 sequences, length 31
# corresponding to MSA columns:
# 349-379
name=unknown_C
#
# <colnr> <probs for GDERKNQSTAVLIFYWHMCP>
#	G	D	E	R	K	N	Q	S	T	A	V	L	I	F	Y	W	H	M	C	P
0	0.01226	0.07665	0.09055	0.09726	0.12344	0.05079	0.08682	0.03138	0.10672	0.07477	0.06639	0.01677	0.05037	0.00691	0.02837	0.00174	0.02994	0.00515	0.00342	0.04029
1	0.01454	0.08378	0.12489	0.01295	0.10362	0.07554	0.02302	0.15487	0.01397	0.11891	0.04633	0.01362	0.02062	0.00622	0.02325	0.00154	0.02329	0.00434	0.00362	0.13108
2	0.03269	0.22032	0.15063	0.01436	0.12796	0.06075	0.04920	0.07788	0.05890	0.02868	0.03845	0.01425	0.02266	0.02424	0.00533	0.00162	0.00612	0.00448	0.00328	0.05820
3	0.02827	0.09116	0.08078	0.05469	0.22116	0.07988	0.06621	0.07881	0.12145	0.04841	0.03865	0.01440	0.01051	0.00547	0.00489	0.00151	0.00593	0.01823	0.00334	0.02625
4	0.04361	0.11681	0.09957	0.01371	0.15313	0.03505	0.01029	0.11131	0.03633	0.06060	0.09292	0.01624	0.03445	0.00962	0.09125	0.00224	0.05778	0.00491	0.00344	0.00673
5	0.03643	0.13430	0.08929	0.05523	0.21956	0.10658	0.01143	0.05683	0.08533	0.12576	0.01158	0.01257	0.00878	0.00519	0.00463	0.00146	0.00589	0.00418	0.01760	0.00735
6	0.05473	0.23663	0.06884	0.02736	0.15538	0.09173	0.02415	0.09699	0.03994	0.03668	0.00981	0.02861	0.00814	0.00502	0.00430	0.00133	0.00573	0.00390	0.00299	0.09773
7	0.02638	0.04893	0.05742	0.01478	0.18579	0.04927	0.02026	0.23767	0.06463	0.07139	0.01483	0.06488	0.04614	0.00641	0.00494	0.00152	0.00525	0.00532	0.04765	0.02654
8	0.16710	0.03146	0.05474	0.01207	0.08303	0.09525	0.02622	0.23334	0.05419	0.06658	0.02927	0.01269	0.02192	0.00549	0.00454	0.00145	0.00540	0.00418	0.00384	0.08724
9	0.05991	0.05160	0.02471	0.01091	0.06168	0.19652	0.00817	0.13894	0.04934	0.06838	0.08963	0.05743	0.02734	0.00695	0.00484	0.00149	0.00534	0.03560	0.09485	0.00636
10	0.02790	0.02433	0.02767	0.06962	0.23329	0.04881	0.04835	0.11225	0.09362	0.05974	0.03577	0.01940	0.12591	0.00654	0.00509	0.00156	0.00519	0.00564	0.04238	0.00693
11	0.02923	0.03470	0.09575	0.01303	0.10708	0.09090	0.03636	0.06438	0.11093	0.21902	0.07829	0.01682	0.01347	0.00610	0.00500	0.00152	0.00536	0.02177	0.00426	0.04602
12	0.00949	0.00541	0.00622	0.00673	0.05451	0.00538	0.00461	0.01183	0.01045	0.01803	0.01549	0.01816	0.01238	0.00830	0.06822	0.00174	0.00355	0.00468	0.69121	0.04361
13	0.01327	0.01091	0.01291	0.05862	0.04036	0.03898	0.03524	0.17492	0.09373	0.05239	0.02929	0.02602	0.01003	0.00518	0.00455	0.00122	0.00476	0.00427	0.00378	0.37956
14	0.81794	0.04847	0.00834	0.00674	0.00993	0.01175	0.00563	0.01488	0.00868	0.02218	0.00704	0.00821	0.00552	0.00468	0.00313	0.00154	0.00398	0.00274	0.00308	0.00552
15	0.00744	0.00559	0.00678	0.00645	0.00787	0.00521	0.00489	0.04689	0.01368	0.01855	0.49464	0.07505	0.23145	0.01161	0.02088	0.00178	0.00288	0.02835	0.00520	0.00480
16	0.00943	0.00471	0.00471	0.00471	0.00589	0.00471	0.00353	0.01178	0.01060	0.01885	0.01650	0.01885	0.01296	0.00589	0.00353	0.00118	0.00236	0.00471	0.85036	0.00471
17	0.00792	0.00547	0.00721	0.00718	0.00850	0.00512	0.00573	0.01020	0.01340	0.04682	0.50316	0.04299	0.09124	0.01134	0.00621	0.00180	0.00309	0.21250	0.00529	0.00485
18	0.01679	0.03422	0.15117	0.00968	0.01394	0.00859	0.00912	0.03245	0.05298	0.42498	0.05326	0.05597	0.01354	0.00638	0.00496	0.00151	0.00469	0.00524	0.00488	0.09566
19	0.01339	0.18286	0.32302	0.01225	0.04423	0.05409	0.01261	0.05407	0.07171	0.11016	0.04786	0.01293	0.00999	0.00547	0.00488	0.00149	0.02435	0.00416	0.00321	0.00727
20	0.01118	0.01055	0.01589	0.55149	0.05577	0.04112	0.04905	0.07895	0.04331	0.01508	0.00958	0.01321	0.00733	0.00547	0.00600	0.00169	0.07100	0.00457	0.00264	0.00611
21	0.00630	0.00500	0.00564	0.00595	0.00718	0.00443	0.00435	0.00755	0.01096	0.01365	0.07740	0.22101	0.48062	0.05435	0.02724	0.00214	0.00315	0.05425	0.00460	0.00423
22	0.02034	0.00910	0.01168	0.00920	0.01281	0.00849	0.00751	0.10845	0.06799	0.59330	0.05756	0.04137	0.01464	0.00676	0.00517	0.00159	0.00429	0.00554	0.00597	0.00824
23	0.01314	0.42985	0.13129	0.06455	0.01756	0.06962	0.11721	0.01581	0.01101	0.04925	0.00915	0.03395	0.00773	0.00492	0.00423	0.00135	0.00635	0.00391	0.00251	0.00660
24	0.00722	0.00542	0.00813	0.00813	0.00903	0.00632	0.00632	0.00903	0.00813	0.01174	0.01354	0.01987	0.01264	0.03792	0.80225	0.00813	0.01354	0.00542	0.00271	0.00451
25	0.00943	0.00471	0.00471	0.00471	0.00589	0.00471	0.00353	0.01178	0.01060	0.01885	0.01650	0.01885	0.01296	0.00589	0.00353	0.00118	0.00236	0.00471	0.85036	0.00471
26	0.01112	0.22500	0.54477	0.01350	0.02001	0.01389	0.07412	0.01581	0.01067	0.01500	0.00865	0.01026	0.00652	0.00464	0.00450	0.00148	0.00704	0.00365	0.00217	0.00718
27	0.06118	0.00866	0.01154	0.00889	0.01276	0.00761	0.00734	0.02419	0.01420	0.75870	0.01935	0.01680	0.01219	0.00619	0.00500	0.00156	0.00428	0.00498	0.00611	0.00846
28	0.00694	0.00521	0.00682	0.00669	0.00786	0.00520	0.00508	0.00859	0.01089	0.01476	0.26222	0.03302	0.23476	0.02164	0.30386	0.04329	0.00669	0.00795	0.00411	0.00442
29	0.00626	0.00453	0.00587	0.00681	0.00726	0.00419	0.00459	0.00726	0.01010	0.01344	0.08715	0.68198	0.08875	0.03753	0.00692	0.00207	0.00292	0.01351	0.00472	0.00414
30	0.03009	0.05012	0.05130	0.02469	0.03340	0.14733	0.00864	0.06908	0.27062	0.05528	0.09484	0.01908	0.03774	0.00677	0.00499	0.00154	0.00514	0.03330	0.00421	0.05185

[dist]
# distance from previous block
# <min> <max>
1	6

[block]
# block no. 3 follows, 49 sequences, length 6
# corresponding to MSA columns:
# 395-400
name=unknown_D
#
# <colnr> <probs for GDERKNQSTAVLIFYWHMCP>
#	G	D	E	R	K	N	Q	S	T	A	V	L	I	F	Y	W	H	M	C	P
0	0.06799	0.16892	0.11885	0.01084	0.01513	0.13638	0.05097	0.07297	0.07705	0.07487	0.01041	0.01120	0.00801	0.00493	0.00431	0.00131	0.00586	0.00372	0.00322	0.15304
1	0.18755	0.21492	0.06506	0.05474	0.01490	0.12428	0.00909	0.13977	0.08255	0.01874	0.00951	0.01045	0.00748	0.00509	0.00409	0.00139	0.00566	0.00354	0.00320	0.03800
2	0.00652	0.00462	0.00612	0.00716	0.00763	0.00433	0.00503	0.00744	0.00987	0.01300	0.02831	0.63546	0.08233	0.01551	0.00718	0.04680	0.00319	0.10086	0.00456	0.00408
3	0.00943	0.00471	0.00471	0.00471	0.00589	0.00471	0.00353	0.01178	0.01060	0.01885	0.01650	0.01885	0.01296	0.00589	0.00353	0.00118	0.00236	0.00471	0.85036	0.00471
4	0.01294	0.03272	0.04472	0.04081	0.42505	0.06387	0.03296	0.03588	0.03874	0.07891	0.10847	0.01685	0.03420	0.00577	0.00511	0.00152	0.00558	0.00522	0.00338	0.00728
5	0.04385	0.01325	0.15211	0.01230	0.08808	0.01035	0.03321	0.14093	0.07627	0.06898	0.03277	0.03355	0.01019	0.00534	0.00464	0.00134	0.00507	0.00442	0.00362	0.25972

[dist]
# distance from previous block
# <min> <max>
0	1

[block]
# block no. 4 follows, 49 sequences, length 12
# corresponding to MSA columns:
# 402-413
name=unknown_E
#
# <colnr> <probs for GDERKNQSTAVLIFYWHMCP>
#	G	D	E	R	K	N	Q	S	T	A	V	L	I	F	Y	W	H	M	C	P
0	0.60634	0.04516	0.08467	0.00927	0.04705	0.07362	0.00781	0.04595	0.01006	0.02091	0.00761	0.00887	0.00593	0.00478	0.00357	0.00152	0.00488	0.00303	0.00300	0.00598
1	0.01114	0.00803	0.01066	0.11351	0.04826	0.00884	0.00810	0.03046	0.18723	0.11020	0.01833	0.16753	0.01704	0.06682	0.09199	0.00269	0.04187	0.04706	0.00415	0.00607
2	0.01125	0.01052	0.01774	0.23611	0.42198	0.01110	0.05726	0.04411	0.01159	0.01597	0.03699	0.08038	0.01110	0.00583	0.00523	0.00161	0.00596	0.00556	0.00282	0.00689
3	0.00943	0.00471	0.00471	0.00471	0.00589	0.00471	0.00353	0.01178	0.01060	0.01885	0.01650	0.01885	0.01296	0.00589	0.00353	0.00118	0.00236	0.00471	0.85036	0.00471
4	0.00943	0.00471	0.00471	0.00471	0.00589	0.00471	0.00353	0.01178	0.01060	0.01885	0.01650	0.01885	0.01296	0.00589	0.00353	0.00118	0.00236	0.00471	0.85036	0.00471
5	0.00710	0.00513	0.00671	0.00640	0.00754	0.00474	0.00477	0.00941	0.01407	0.01988	0.74750	0.07947	0.04695	0.01063	0.00599	0.00162	0.00241	0.00942	0.00552	0.00474
6	0.01776	0.01250	0.01371	0.01080	0.01446	0.01364	0.00882	0.54636	0.11958	0.10269	0.07452	0.01549	0.01291	0.00652	0.00514	0.00155	0.00499	0.00511	0.00522	0.00822
7	0.01003	0.00898	0.01434	0.37732	0.15000	0.01005	0.04515	0.05799	0.04099	0.01510	0.01427	0.20547	0.01380	0.00763	0.00542	0.00173	0.00562	0.00697	0.00317	0.00597
8	0.01358	0.71211	0.08695	0.00938	0.01385	0.06782	0.00952	0.01552	0.01056	0.01225	0.00724	0.00838	0.00648	0.00442	0.00345	0.00114	0.00580	0.00282	0.00219	0.00653
9	0.03220	0.14656	0.03692	0.04182	0.04853	0.05236	0.05575	0.05311	0.07945	0.22202	0.04349	0.05329	0.05427	0.03379	0.00583	0.00165	0.02247	0.00547	0.00413	0.00689
10	0.00844	0.00540	0.00719	0.00703	0.00776	0.00571	0.00495	0.00945	0.00836	0.07202	0.01569	0.06024	0.01599	0.36927	0.37383	0.00597	0.00867	0.00661	0.00322	0.00420
11	0.45122	0.00981	0.01001	0.00973	0.07947	0.01054	0.00710	0.09820	0.02767	0.07542	0.07093	0.01446	0.01121	0.00576	0.00412	0.00153	0.00421	0.03668	0.00379	0.06815

[dist]
# distance from previous block
# <min> <max>
2	11

[block]
# block no. 5 follows, 49 sequences, length 12
# corresponding to MSA columns:
# 426-437
name=unknown_F
#
# <colnr> <probs for GDERKNQSTAVLIFYWHMCP>
#	G	D	E	R	K	N	Q	S	T	A	V	L	I	F	Y	W	H	M	C	P
0	0.04118	0.25883	0.17280	0.06333	0.01735	0.16486	0.05513	0.01695	0.07611	0.01427	0.00901	0.01061	0.00729	0.00520	0.00524	0.00146	0.06757	0.00370	0.00256	0.00655
1	0.00687	0.00514	0.00634	0.00694	0.00769	0.00497	0.00480	0.00905	0.07548	0.01437	0.11861	0.53185	0.11193	0.06200	0.00738	0.00210	0.00304	0.01222	0.00474	0.00447
2	0.00864	0.00693	0.00895	0.05418	0.01097	0.00746	0.01738	0.07488	0.06717	0.01624	0.14883	0.15063	0.16238	0.01621	0.16800	0.00306	0.04957	0.01913	0.00419	0.00520
3	0.07912	0.00594	0.00662	0.00628	0.00788	0.00570	0.00476	0.04460	0.01262	0.01767	0.33256	0.06943	0.30824	0.02938	0.04534	0.00204	0.00335	0.00894	0.00479	0.00475
4	0.06311	0.00717	0.00806	0.00674	0.00954	0.00607	0.00520	0.01046	0.01026	0.01512	0.02230	0.05236	0.21775	0.07815	0.05230	0.00194	0.00411	0.03715	0.00357	0.38862
5	0.01566	0.23381	0.01642	0.01040	0.01374	0.19555	0.00869	0.12759	0.16904	0.07928	0.01372	0.01534	0.02697	0.00615	0.00460	0.00144	0.00581	0.04503	0.00380	0.00697
6	0.01204	0.01214	0.10619	0.23102	0.19014	0.01174	0.03870	0.05002	0.01124	0.08513	0.01218	0.01472	0.05009	0.00611	0.00709	0.00171	0.14526	0.00484	0.00292	0.00671
7	0.01345	0.01422	0.05220	0.08322	0.15109	0.15495	0.05270	0.06287	0.16450	0.02759	0.01156	0.02941	0.00939	0.00623	0.00700	0.00167	0.14309	0.00476	0.00321	0.00687
8	0.03430	0.01151	0.01410	0.05616	0.23540	0.08296	0.01024	0.15573	0.03540	0.01863	0.05507	0.01892	0.03263	0.04089	0.02410	0.00182	0.02563	0.06474	0.00352	0.07824
9	0.05339	0.04548	0.03160	0.01146	0.03417	0.02677	0.05294	0.22179	0.24576	0.04990	0.04167	0.01616	0.01228	0.05376	0.01889	0.00192	0.06543	0.00513	0.00426	0.00725
10	0.06479	0.04380	0.01475	0.04038	0.09503	0.19459	0.00979	0.27229	0.08867	0.03949	0.03141	0.01251	0.00941	0.00579	0.00523	0.00149	0.03810	0.00428	0.00382	0.02436
11	0.04713	0.01104	0.05728	0.10574	0.09338	0.06676	0.02815	0.10406	0.08197	0.06688	0.04447	0.15362	0.05758	0.00867	0.02770	0.00182	0.00535	0.00666	0.00389	0.02787

[dist]
# distance from previous block
# <min> <max>
10	109

[block]
# block no. 6 follows, 49 sequences, length 18
# corresponding to MSA columns:
# 549-566
name=unknown_G
#
# <colnr> <probs for GDERKNQSTAVLIFYWHMCP>
#	G	D	E	R	K	N	Q	S	T	A	V	L	I	F	Y	W	H	M	C	P
0	0.05929	0.01166	0.01329	0.15559	0.01766	0.08899	0.04740	0.10244	0.22835	0.09458	0.01474	0.01567	0.03148	0.02404	0.00567	0.00165	0.02519	0.00491	0.00398	0.05341
1	0.06748	0.01194	0.02890	0.06820	0.04780	0.11026	0.04445	0.04717	0.04607	0.07331	0.01052	0.02840	0.00846	0.00508	0.00498	0.00127	0.04442	0.00398	0.00326	0.34407
2	0.01232	0.03133	0.01711	0.04213	0.24040	0.06828	0.11898	0.01616	0.08917	0.03604	0.03043	0.02813	0.00993	0.00517	0.00531	0.00140	0.03795	0.00466	0.00308	0.20202
3	0.17446	0.01137	0.04751	0.01168	0.08997	0.05440	0.07340	0.07343	0.06329	0.01854	0.03095	0.01637	0.09935	0.00658	0.02373	0.00156	0.00511	0.00478	0.00342	0.19010
4	0.06356	0.01104	0.02992	0.06167	0.05683	0.04009	0.17662	0.05265	0.10422	0.08727	0.07304	0.04778	0.01321	0.02883	0.00622	0.00167	0.04219	0.00553	0.00369	0.09400
5	0.07075	0.00954	0.01116	0.01027	0.07689	0.03906	0.02473	0.05988	0.09546	0.04009	0.15496	0.03085	0.04080	0.00634	0.00473	0.00132	0.00413	0.01892	0.00396	0.29615
6	0.10252	0.00921	0.03189	0.17356	0.07370	0.00960	0.05025	0.03863	0.06279	0.03492	0.01454	0.13062	0.03664	0.05976	0.03789	0.00211	0.04963	0.00616	0.00332	0.07225
7	0.01254	0.01265	0.01904	0.12979	0.50325	0.08241	0.04805	0.01559	0.02898	0.01539	0.00933	0.01241	0.00775	0.00506	0.00602	0.00158	0.07591	0.00448	0.00252	0.00724
8	0.01093	0.01344	0.17853	0.09144	0.13263	0.00980	0.10358	0.01467	0.03233	0.03158	0.01052	0.04389	0.00864	0.00488	0.00472	0.00134	0.00571	0.00445	0.00281	0.29409
9	0.00943	0.00471	0.00471	0.00471	0.00589	0.00471	0.00353	0.01178	0.01060	0.01885	0.01650	0.01885	0.01296	0.00589	0.00353	0.00118	0.00236	0.00471	0.85036	0.00471
10	0.01186	0.06753	0.15242	0.23540	0.30568	0.05463	0.03223	0.03398	0.03030	0.01542	0.00939	0.01216	0.00740	0.00482	0.00487	0.00154	0.00658	0.00425	0.00248	0.00704
11	0.85801	0.00978	0.00743	0.00665	0.00978	0.01134	0.00548	0.01486	0.00861	0.02269	0.00704	0.00821	0.00548	0.00469	0.00313	0.00156	0.00391	0.00274	0.00313	0.00548
12	0.05828	0.09212	0.62531	0.03177	0.06415	0.01243	0.01681	0.01578	0.01056	0.01600	0.00881	0.01048	0.00646	0.00475	0.00459	0.00155	0.00700	0.00365	0.00222	0.00727
13	0.00943	0.00471	0.00471	0.00471	0.00589	0.00471	0.00353	0.01178	0.01060	0.01885	0.01650	0.01885	0.01296	0.00589	0.00353	0.00118	0.00236	0.00471	0.85036	0.00471
14	0.04579	0.00616	0.00734	0.00711	0.00866	0.00610	0.00556	0.01173	0.10735	0.01885	0.44961	0.03838	0.13997	0.01052	0.00589	0.00173	0.00300	0.11598	0.00516	0.00511
15	0.15567	0.01694	0.01332	0.01124	0.01451	0.31019	0.00888	0.31126	0.07395	0.02225	0.01031	0.01086	0.00781	0.00558	0.00456	0.00146	0.00651	0.00386	0.00383	0.00702
16	0.60925	0.06645	0.00930	0.00710	0.01026	0.01112	0.00592	0.04546	0.01024	0.09049	0.04183	0.01261	0.05207	0.00554	0.00366	0.00154	0.00398	0.00372	0.00360	0.00586
17	0.00639	0.00467	0.00581	0.00651	0.00703	0.00439	0.00436	0.00724	0.00952	0.01245	0.02906	0.50783	0.15981	0.15353	0.05445	0.00282	0.00380	0.01204	0.00431	0.00398

[dist]
# distance from previous block
# <min> <max>
0	1

[block]
# block no. 7 follows, 49 sequences, length 6
# corresponding to MSA columns:
# 571-576
name=unknown_H
#
# <colnr> <probs for GDERKNQSTAVLIFYWHMCP>
#	G	D	E	R	K	N	Q	S	T	A	V	L	I	F	Y	W	H	M	C	P
0	0.01126	0.00707	0.00839	0.00751	0.00908	0.00716	0.00539	0.09326	0.07393	0.13019	0.01826	0.09364	0.04262	0.34694	0.09143	0.00361	0.00536	0.00697	0.00408	0.03386
1	0.01813	0.00890	0.01061	0.00867	0.01178	0.05608	0.00693	0.05848	0.01432	0.50769	0.10069	0.08632	0.07285	0.00786	0.00532	0.00160	0.00423	0.00652	0.00566	0.00736
2	0.00642	0.00472	0.00583	0.00646	0.00704	0.00446	0.00435	0.00730	0.00951	0.01241	0.02935	0.45647	0.18328	0.16276	0.07273	0.00298	0.00405	0.01164	0.00424	0.00398
3	0.00956	0.00677	0.00775	0.00736	0.00835	0.00700	0.00504	0.17535	0.01172	0.01567	0.01904	0.28787	0.02121	0.37714	0.01484	0.00322	0.00440	0.00906	0.00404	0.00462
4	0.00943	0.00471	0.00471	0.00471	0.00589	0.00471	0.00353	0.01178	0.01060	0.01885	0.01650	0.01885	0.01296	0.00589	0.00353	0.00118	0.00236	0.00471	0.85036	0.00471
5	0.01247	0.44206	0.27456	0.01087	0.01584	0.08395	0.01186	0.01546	0.01061	0.01327	0.00819	0.00981	0.00687	0.00678	0.05660	0.00173	0.00694	0.00327	0.00223	0.00662

[dist]
# distance from previous block
# <min> <max>
0	1

[block]
# block no. 8 follows, 49 sequences, length 10
# corresponding to MSA columns:
# 578-587
name=unknown_I
#
# <colnr> <probs for GDERKNQSTAVLIFYWHMCP>
#	G	D	E	R	K	N	Q	S	T	A	V	L	I	F	Y	W	H	M	C	P
0	0.00676	0.00534	0.00611	0.00593	0.00741	0.00480	0.00444	0.00901	0.04218	0.01683	0.37360	0.06998	0.40616	0.01160	0.00596	0.00167	0.00255	0.00994	0.00510	0.00463
1	0.01352	0.82533	0.02650	0.00865	0.01298	0.02001	0.00865	0.01514	0.01027	0.01190	0.00703	0.00811	0.00649	0.00433	0.00324	0.00108	0.00541	0.00270	0.00216	0.00649
2	0.12721	0.03049	0.15206	0.04143	0.03118	0.01160	0.03307	0.19836	0.09317	0.06333	0.01208	0.03786	0.00943	0.00743	0.03854	0.02953	0.00567	0.00454	0.00370	0.06934
3	0.01213	0.29915	0.31189	0.01192	0.01693	0.05552	0.04888	0.04822	0.03516	0.01482	0.00911	0.01087	0.00735	0.00735	0.06424	0.00192	0.03160	0.00370	0.00245	0.00680
4	0.02269	0.00861	0.01174	0.00900	0.01291	0.00743	0.00743	0.02464	0.01447	0.79425	0.01995	0.01721	0.01252	0.00626	0.00509	0.00156	0.00430	0.00509	0.00626	0.00861
5	0.01165	0.22613	0.13177	0.01020	0.01342	0.03794	0.03404	0.07232	0.09840	0.01507	0.02806	0.01610	0.01102	0.14352	0.06827	0.00254	0.06569	0.00470	0.00301	0.00614
6	0.00943	0.00471	0.00471	0.00471	0.00589	0.00471	0.00353	0.01178	0.01060	0.01885	0.01650	0.01885	0.01296	0.00589	0.00353	0.00118	0.00236	0.00471	0.85036	0.00471
7	0.07659	0.04931	0.01113	0.00765	0.01194	0.00797	0.00622	0.01404	0.03549	0.05404	0.00964	0.01079	0.00778	0.00407	0.00378	0.00090	0.00387	0.00315	0.00319	0.67845
8	0.24247	0.19344	0.10361	0.01001	0.01391	0.21428	0.00910	0.05838	0.01185	0.05303	0.00843	0.00943	0.00665	0.00486	0.00393	0.00136	0.00607	0.00320	0.00292	0.04307
9	0.19994	0.29540	0.25613	0.01039	0.01521	0.01428	0.02997	0.04675	0.01067	0.01664	0.00919	0.03190	0.00785	0.00526	0.00405	0.00145	0.00570	0.03003	0.00265	0.00654

[dist]
# distance from previous block
# <min> <max>
14	84

[block]
# block no. 9 follows, 49 sequences, length 23
# corresponding to MSA columns:
# 683-705
name=unknown_J
#
# <colnr> <probs for GDERKNQSTAVLIFYWHMCP>
#	G	D	E	R	K	N	Q	S	T	A	V	L	I	F	Y	W	H	M	C	P
0	0.01300	0.01032	0.01237	0.00986	0.01348	0.02647	0.05819	0.07292	0.27377	0.09240	0.04851	0.03272	0.01303	0.00581	0.00476	0.00135	0.00437	0.00494	0.00429	0.29742
1	0.02584	0.01094	0.03321	0.07421	0.06109	0.02625	0.21577	0.02714	0.05362	0.03808	0.01351	0.03212	0.06069	0.00524	0.00489	0.00135	0.00556	0.00501	0.00316	0.30232
2	0.01245	0.08083	0.01296	0.02268	0.01307	0.06719	0.04752	0.07024	0.01238	0.08279	0.04942	0.04095	0.07596	0.00578	0.00449	0.00117	0.00459	0.00475	0.00360	0.38719
3	0.01178	0.01045	0.01492	0.04439	0.30168	0.00976	0.02337	0.06528	0.04679	0.01754	0.01091	0.01444	0.00928	0.00494	0.00462	0.00126	0.00495	0.04521	0.00311	0.35532
4	0.12779	0.04344	0.00929	0.04991	0.01079	0.00695	0.05672	0.00975	0.01000	0.01490	0.05660	0.46966	0.05365	0.01214	0.02089	0.00195	0.00394	0.01027	0.00404	0.02732
5	0.01082	0.00952	0.01251	0.07325	0.01506	0.00787	0.06577	0.03892	0.01102	0.01669	0.00919	0.01103	0.00748	0.00397	0.00407	0.00092	0.00442	0.00340	0.00297	0.69112
6	0.01185	0.01071	0.01467	0.32500	0.17743	0.06308	0.01148	0.05410	0.02396	0.04456	0.02932	0.01399	0.02699	0.00514	0.00481	0.00143	0.00578	0.00443	0.00294	0.16833
7	0.00943	0.00471	0.00471	0.00471	0.00589	0.00471	0.00353	0.01178	0.01060	0.01885	0.01650	0.01885	0.01296	0.00589	0.00353	0.00118	0.00236	0.00471	0.85036	0.00471
8	0.01033	0.00897	0.01136	0.08640	0.01454	0.00730	0.02727	0.01275	0.01054	0.01606	0.00979	0.01289	0.00836	0.00433	0.00407	0.00093	0.00420	0.03599	0.00298	0.71092
9	0.82036	0.00998	0.00778	0.00687	0.01004	0.01154	0.00566	0.04893	0.00929	0.02310	0.00727	0.00839	0.00562	0.00476	0.00322	0.00156	0.00399	0.00282	0.00322	0.00562
10	0.00858	0.00645	0.00784	0.00823	0.05754	0.00684	0.00508	0.03149	0.08588	0.01238	0.01694	0.02872	0.04983	0.54333	0.08173	0.00430	0.03043	0.00683	0.00331	0.00427
11	0.00943	0.00471	0.00471	0.00471	0.00589	0.00471	0.00353	0.01178	0.01060	0.01885	0.01650	0.01885	0.01296	0.00589	0.00353	0.00118	0.00236	0.00471	0.85036	0.00471
12	0.00698	0.00515	0.00675	0.00754	0.00821	0.00516	0.00542	0.00904	0.06130	0.01370	0.04727	0.53750	0.04115	0.03702	0.10158	0.00283	0.00447	0.09000	0.00447	0.00447
13	0.00743	0.00586	0.00764	0.00777	0.00878	0.00570	0.00564	0.00865	0.00982	0.01370	0.04292	0.56202	0.02687	0.01298	0.00698	0.00185	0.08012	0.03766	0.00420	0.14341
14	0.01590	0.01811	0.01308	0.01242	0.04786	0.47338	0.00905	0.06116	0.16646	0.01569	0.03933	0.06707	0.02570	0.00657	0.00492	0.00147	0.00702	0.00494	0.00352	0.00635
15	0.00718	0.00526	0.00578	0.00571	0.00735	0.00450	0.00426	0.00855	0.01174	0.06427	0.11289	0.13826	0.58124	0.01253	0.00598	0.00173	0.00270	0.01062	0.00487	0.00457
16	0.00786	0.00559	0.00762	0.00848	0.00949	0.00553	0.00709	0.00990	0.01143	0.01509	0.11439	0.08693	0.03039	0.09506	0.00873	0.00249	0.00434	0.56050	0.00460	0.00448
17	0.02101	0.00973	0.01228	0.00948	0.01327	0.00924	0.00780	0.20139	0.01667	0.57112	0.06021	0.01714	0.01352	0.00644	0.00513	0.00155	0.00450	0.00518	0.00594	0.00839
18	0.04288	0.00824	0.01094	0.00861	0.01211	0.00730	0.00701	0.02237	0.03193	0.66411	0.02054	0.01854	0.05273	0.00730	0.00602	0.05622	0.00420	0.00529	0.00581	0.00787
19	0.00721	0.00484	0.00556	0.00569	0.00573	0.00481	0.00325	0.00732	0.00762	0.01017	0.01732	0.12461	0.02014	0.72837	0.02349	0.00457	0.00467	0.00817	0.00325	0.00319
20	0.00943	0.00471	0.00471	0.00471	0.00589	0.00471	0.00353	0.01178	0.01060	0.01885	0.01650	0.01885	0.01296	0.00589	0.00353	0.00118	0.00236	0.00471	0.85036	0.00471
21	0.01078	0.02129	0.53238	0.01575	0.11109	0.03577	0.04902	0.01638	0.06257	0.01656	0.05261	0.01300	0.00955	0.00517	0.00493	0.00157	0.00680	0.00432	0.00262	0.02785
22	0.01078	0.01044	0.01524	0.53961	0.11046	0.06411	0.01301	0.03468	0.01069	0.01381	0.00911	0.01309	0.00719	0.00671	0.04149	0.00193	0.05876	0.00441	0.00242	0.03208

[dist]
# distance from previous block
# <min> <max>
4	9

[block]
# block no. 10 follows, 49 sequences, length 16
# corresponding to MSA columns:
# 743-758
name=unknown_K
#
# <colnr> <probs for GDERKNQSTAVLIFYWHMCP>
#	G	D	E	R	K	N	Q	S	T	A	V	L	I	F	Y	W	H	M	C	P
0	0.14751	0.01141	0.01000	0.00896	0.01154	0.11962	0.00698	0.07995	0.32164	0.02053	0.01510	0.01530	0.01153	0.00601	0.00438	0.00150	0.00445	0.00459	0.19239	0.00662
1	0.01020	0.00664	0.00773	0.04886	0.11342	0.03601	0.00591	0.01266	0.01084	0.01800	0.01485	0.01736	0.01174	0.00564	0.00385	0.00125	0.00332	0.00462	0.66184	0.00525
2	0.01354	0.01209	0.01850	0.01817	0.21676	0.06475	0.20427	0.06881	0.06573	0.09312	0.01295	0.07984	0.01084	0.00591	0.00552	0.00156	0.02410	0.00563	0.00346	0.07443
3	0.06991	0.07692	0.04564	0.13475	0.19323	0.03903	0.02302	0.22389	0.01466	0.07546	0.01243	0.01378	0.04432	0.00556	0.00481	0.00152	0.00573	0.00454	0.00354	0.00729
4	0.60623	0.07560	0.00996	0.00772	0.01082	0.06556	0.00634	0.04336	0.07103	0.02099	0.00910	0.03826	0.00753	0.00532	0.00358	0.00154	0.00442	0.00349	0.00330	0.00585
5	0.01419	0.01256	0.07661	0.01190	0.01535	0.01233	0.09716	0.36902	0.07523	0.02268	0.01318	0.01697	0.01078	0.05291	0.09043	0.03451	0.02052	0.04260	0.00402	0.00705
6	0.00667	0.00506	0.00601	0.00604	0.00720	0.00456	0.00441	0.00827	0.01206	0.01594	0.34007	0.14039	0.30307	0.08169	0.00776	0.00200	0.00281	0.03672	0.00490	0.00436
7	0.00943	0.00471	0.00471	0.00471	0.00589	0.00471	0.00353	0.01178	0.01060	0.01885	0.01650	0.01885	0.01296	0.00589	0.00353	0.00118	0.00236	0.00471	0.85036	0.00471
8	0.00943	0.00471	0.00471	0.00471	0.00589	0.00471	0.00353	0.01178	0.01060	0.01885	0.01650	0.01885	0.01296	0.00589	0.00353	0.00118	0.00236	0.00471	0.85036	0.00471
9	0.03908	0.67280	0.08590	0.00908	0.01359	0.01810	0.00926	0.01596	0.01059	0.07461	0.00822	0.00904	0.00693	0.00453	0.00351	0.00118	0.00544	0.00298	0.00251	0.00671
10	0.01672	0.06871	0.03137	0.01288	0.04020	0.55905	0.00979	0.01984	0.11023	0.01364	0.00961	0.01086	0.00789	0.00655	0.03148	0.00161	0.03679	0.00370	0.00288	0.00622
11	0.01410	0.01075	0.01206	0.07356	0.01477	0.01210	0.00838	0.17904	0.44077	0.08315	0.01749	0.01804	0.01333	0.07129	0.00675	0.00191	0.00464	0.00546	0.00482	0.00759
12	0.01152	0.01094	0.01611	0.37922	0.21323	0.06162	0.03750	0.01483	0.03597	0.03387	0.00968	0.01281	0.00758	0.00491	0.00513	0.00151	0.02343	0.00433	0.00263	0.11318
13	0.01574	0.02537	0.01314	0.02914	0.03909	0.10109	0.05064	0.18162	0.05161	0.20874	0.16916	0.04571	0.01847	0.00716	0.00529	0.00157	0.00506	0.01953	0.00482	0.00705
14	0.05315	0.00926	0.01133	0.03727	0.01304	0.00881	0.03329	0.13825	0.04068	0.13702	0.04853	0.08059	0.07428	0.00679	0.00508	0.00138	0.02262	0.00561	0.00423	0.26880
15	0.01241	0.00984	0.01320	0.07006	0.06651	0.00947	0.06862	0.06864	0.16030	0.09087	0.06127	0.01670	0.04507	0.00571	0.00481	0.00135	0.00459	0.00496	0.00396	0.28166

[dist]
# distance from previous block
# <min> <max>
4	26

[block]
# block no. 11 follows, 49 sequences, length 14
# corresponding to MSA columns:
# 795-808
name=unknown_L
#
# <colnr> <probs for GDERKNQSTAVLIFYWHMCP>
#	G	D	E	R	K	N	Q	S	T	A	V	L	I	F	Y	W	H	M	C	P
0	0.01103	0.05108	0.01061	0.00841	0.01116	0.00851	0.02104	0.03421	0.20065	0.08377	0.14535	0.06745	0.09119	0.00887	0.02818	0.00170	0.00403	0.04337	0.00454	0.16485
1	0.01141	0.00949	0.01009	0.00880	0.01162	0.04297	0.00678	0.01880	0.35608	0.05423	0.07311	0.10787	0.05678	0.00758	0.00504	0.00149	0.00387	0.00640	0.00455	0.20305
2	0.01296	0.01046	0.01173	0.01041	0.03404	0.01141	0.00796	0.07120	0.49845	0.06324	0.05399	0.01762	0.01474	0.00652	0.00539	0.00157	0.03347	0.00531	0.00475	0.12478
3	0.01194	0.01065	0.01053	0.00983	0.04452	0.11897	0.00722	0.04598	0.24745	0.04968	0.21102	0.02364	0.09328	0.00761	0.00520	0.00151	0.00431	0.00632	0.00458	0.08576
4	0.01298	0.05317	0.01219	0.00929	0.01275	0.01104	0.00746	0.15068	0.30589	0.04269	0.06680	0.03359	0.01405	0.00614	0.00472	0.00137	0.00415	0.00501	0.00443	0.24159
5	0.01288	0.00856	0.01102	0.00921	0.01219	0.00806	0.04812	0.04637	0.16364	0.18579	0.01873	0.20935	0.01687	0.00813	0.00520	0.00154	0.00407	0.02158	0.00462	0.20407
6	0.01123	0.00909	0.01067	0.04305	0.02619	0.00842	0.00695	0.07294	0.15612	0.04198	0.03449	0.08228	0.05468	0.00631	0.00463	0.00125	0.00395	0.00529	0.00391	0.41660
7	0.01118	0.00875	0.01160	0.05600	0.01371	0.00742	0.04824	0.01356	0.01127	0.08619	0.09638	0.01584	0.01295	0.00526	0.00480	0.00111	0.02886	0.02639	0.00353	0.53696
8	0.01352	0.82533	0.02650	0.00865	0.01298	0.02001	0.00865	0.01514	0.01027	0.01190	0.00703	0.00811	0.00649	0.00433	0.00324	0.00108	0.00541	0.00270	0.00216	0.00649
9	0.01122	0.06292	0.01165	0.00819	0.01211	0.05343	0.00658	0.03702	0.05660	0.01631	0.01051	0.04070	0.00910	0.00641	0.04728	0.00133	0.00473	0.00375	0.00316	0.59702
10	0.00955	0.00899	0.01517	0.81013	0.03483	0.01123	0.01404	0.01292	0.01011	0.01292	0.00899	0.01348	0.00674	0.00506	0.00506	0.00169	0.00674	0.00449	0.00225	0.00562
11	0.01168	0.01438	0.24293	0.00990	0.01521	0.00884	0.01006	0.06417	0.01165	0.06340	0.00987	0.01105	0.00754	0.00436	0.00422	0.00110	0.00500	0.00344	0.00307	0.49815
12	0.01160	0.26107	0.52864	0.01265	0.01894	0.05574	0.01526	0.01598	0.01075	0.01461	0.00841	0.00984	0.00644	0.00469	0.00433	0.00143	0.00695	0.00341	0.00217	0.00710
13	0.00943	0.00471	0.00471	0.00471	0.00589	0.00471	0.00353	0.01178	0.01060	0.01885	0.01650	0.01885	0.01296	0.00589	0.00353	0.00118	0.00236	0.00471	0.85036	0.00471

[dist]
# distance from previous block
# <min> <max>
0	3

[block]
# block no. 12 follows, 49 sequences, length 53
# corresponding to MSA columns:
# 812-864
name=unknown_M
#
# <colnr> <probs for GDERKNQSTAVLIFYWHMCP>
#	G	D	E	R	K	N	Q	S	T	A	V	L	I	F	Y	W	H	M	C	P
0	0.04650	0.00902	0.01049	0.02971	0.01252	0.00706	0.00619	0.01283	0.01040	0.01664	0.00890	0.01047	0.00738	0.00382	0.00376	0.00081	0.00384	0.00303	0.00298	0.79365
1	0.85801	0.00978	0.00743	0.00665	0.00978	0.01134	0.00548	0.01486	0.00861	0.02269	0.00704	0.00821	0.00548	0.00469	0.00313	0.00156	0.00391	0.00274	0.00313	0.00548
2	0.01922	0.01416	0.01518	0.01163	0.01568	0.01568	0.00961	0.77388	0.02378	0.03187	0.01214	0.01214	0.00860	0.00607	0.00506	0.00152	0.00556	0.00455	0.00506	0.00860
3	0.00943	0.00471	0.00471	0.00471	0.00589	0.00471	0.00353	0.01178	0.01060	0.01885	0.01650	0.01885	0.01296	0.00589	0.00353	0.00118	0.00236	0.00471	0.85036	0.00471
4	0.00602	0.00512	0.00518	0.00517	0.00686	0.00429	0.00387	0.00734	0.01162	0.01389	0.07668	0.04829	0.76310	0.01272	0.00598	0.00170	0.00256	0.01062	0.00473	0.00429
5	0.00753	0.00561	0.00762	0.00797	0.05999	0.00526	0.00540	0.00983	0.01377	0.01949	0.69614	0.03584	0.04354	0.05170	0.00692	0.00175	0.00276	0.00874	0.00523	0.00490
6	0.05000	0.01267	0.01377	0.01060	0.01460	0.01347	0.00870	0.54161	0.05961	0.09363	0.01262	0.01255	0.00902	0.00576	0.00482	0.00143	0.00507	0.00438	0.00482	0.12088
7	0.00684	0.00505	0.00731	0.00773	0.00841	0.00552	0.00573	0.00831	0.00869	0.01216	0.01875	0.31016	0.02020	0.02990	0.51317	0.00592	0.00969	0.00867	0.00343	0.00437
8	0.00615	0.00443	0.00584	0.00696	0.00731	0.00411	0.00466	0.00705	0.00976	0.01294	0.02886	0.78623	0.06556	0.01571	0.00643	0.00204	0.00292	0.01422	0.00469	0.00411
9	0.01922	0.01416	0.01518	0.01163	0.01568	0.01568	0.00961	0.77388	0.02378	0.03187	0.01214	0.01214	0.00860	0.00607	0.00506	0.00152	0.00556	0.00455	0.00506	0.00860
10	0.00727	0.00487	0.00554	0.00562	0.00564	0.00485	0.00317	0.00733	0.00751	0.01001	0.01673	0.08582	0.01939	0.76818	0.02444	0.00471	0.00477	0.00782	0.00317	0.00313
11	0.01326	0.01071	0.01145	0.01020	0.01313	0.01223	0.00797	0.02672	0.73014	0.07302	0.02054	0.01876	0.01524	0.00682	0.00514	0.00171	0.00402	0.00567	0.00522	0.00804
12	0.00943	0.00471	0.00471	0.00471	0.00589	0.00471	0.00353	0.01178	0.01060	0.01885	0.01650	0.01885	0.01296	0.00589	0.00353	0.00118	0.00236	0.00471	0.85036	0.00471
13	0.00735	0.00490	0.00552	0.00552	0.00552	0.00490	0.00306	0.00735	0.00735	0.00980	0.01593	0.03309	0.01838	0.82229	0.02574	0.00490	0.00490	0.00735	0.00306	0.00306
14	0.01054	0.01025	0.01612	0.60748	0.17047	0.04498	0.01403	0.01367	0.01046	0.01352	0.00895	0.01304	0.00696	0.00509	0.00542	0.00165	0.03456	0.00444	0.00231	0.00606
15	0.01829	0.02314	0.01401	0.01278	0.01529	0.76107	0.00959	0.01962	0.01401	0.01234	0.00811	0.00967	0.00683	0.00689	0.04558	0.00165	0.00935	0.00337	0.00261	0.00579
16	0.02269	0.00861	0.01174	0.00900	0.01291	0.00743	0.00743	0.02464	0.01447	0.79425	0.01995	0.01721	0.01252	0.00626	0.00509	0.00156	0.00430	0.00509	0.00626	0.00861
17	0.01024	0.04816	0.77490	0.01425	0.02164	0.01197	0.01841	0.01599	0.01067	0.01590	0.00902	0.01061	0.00641	0.00479	0.00476	0.00159	0.00742	0.00371	0.00214	0.00745
18	0.00726	0.00532	0.00705	0.00804	0.00905	0.00511	0.00653	0.00903	0.01108	0.01429	0.03082	0.26753	0.14657	0.01431	0.00668	0.00216	0.00386	0.43620	0.00467	0.00444
19	0.01258	0.01086	0.01143	0.01029	0.01315	0.01258	0.00800	0.02687	0.78161	0.02115	0.02058	0.01887	0.01544	0.00686	0.00515	0.00172	0.00400	0.00572	0.00515	0.00800
20	0.03070	0.46825	0.15188	0.01067	0.01510	0.19848	0.01056	0.03785	0.01162	0.01347	0.00770	0.00889	0.00652	0.00467	0.00386	0.00124	0.00658	0.00306	0.00236	0.00655
21	0.00641	0.00470	0.00602	0.00661	0.00733	0.00431	0.00461	0.00776	0.01119	0.01503	0.24000	0.50498	0.13454	0.01394	0.00626	0.00188	0.00274	0.01246	0.00493	0.00431
22	0.00735	0.00490	0.00552	0.00552	0.00552	0.00490	0.00306	0.00735	0.00735	0.00980	0.01593	0.03309	0.01838	0.82229	0.02574	0.00490	0.00490	0.00735	0.00306	0.00306
23	0.01240	0.01190	0.02032	0.06110	0.76157	0.01198	0.01546	0.01542	0.01146	0.01638	0.00949	0.01255	0.00796	0.00453	0.00501	0.00151	0.00604	0.00451	0.00249	0.00792
24	0.00943	0.00471	0.00471	0.00471	0.00589	0.00471	0.00353	0.01178	0.01060	0.01885	0.01650	0.01885	0.01296	0.00589	0.00353	0.00118	0.00236	0.00471	0.85036	0.00471
25	0.01182	0.01130	0.01910	0.17136	0.58236	0.01154	0.03267	0.01487	0.01120	0.01585	0.00940	0.01258	0.00774	0.00455	0.00495	0.00149	0.00605	0.00444	0.00249	0.06425
26	0.01170	0.01111	0.01884	0.17117	0.61328	0.01150	0.01470	0.01474	0.01140	0.01606	0.04945	0.01399	0.00982	0.00491	0.00506	0.00154	0.00595	0.00474	0.00261	0.00741
27	0.01611	0.01129	0.01469	0.01130	0.01503	0.01144	0.10385	0.31394	0.06892	0.16375	0.01439	0.05749	0.01118	0.03572	0.00600	0.00163	0.01688	0.00533	0.00457	0.11650
28	0.80112	0.01088	0.06034	0.00717	0.01059	0.01137	0.00636	0.01494	0.00874	0.02224	0.00718	0.00838	0.00554	0.00470	0.00324	0.00157	0.00415	0.00281	0.00306	0.00561
29	0.01198	0.01144	0.01646	0.01343	0.01608	0.01321	0.17993	0.02068	0.41224	0.01775	0.01483	0.01586	0.01156	0.00729	0.02199	0.00194	0.19694	0.00546	0.00383	0.00709
30	0.01148	0.01235	0.02476	0.07358	0.11897	0.01198	0.52390	0.01598	0.06300	0.01617	0.01360	0.01627	0.06242	0.00511	0.00573	0.00168	0.00738	0.00600	0.00285	0.00679
31	0.00943	0.00471	0.00471	0.00471	0.00589	0.00471	0.00353	0.01178	0.01060	0.01885	0.01650	0.01885	0.01296	0.00589	0.00353	0.00118	0.00236	0.00471	0.85036	0.00471
32	0.00943	0.00471	0.00471	0.00471	0.00589	0.00471	0.00353	0.01178	0.01060	0.01885	0.01650	0.01885	0.01296	0.00589	0.00353	0.00118	0.00236	0.00471	0.85036	0.00471
33	0.02269	0.00861	0.01174	0.00900	0.01291	0.00743	0.00743	0.02464	0.01447	0.79425	0.01995	0.01721	0.01252	0.00626	0.00509	0.00156	0.00430	0.00509	0.00626	0.00861
34	0.01106	0.00920	0.01156	0.00846	0.01271	0.00743	0.04562	0.04580	0.01109	0.03838	0.00980	0.01154	0.00803	0.00623	0.05753	0.00135	0.00474	0.00344	0.00313	0.69291
35	0.01252	0.01201	0.02053	0.03104	0.79074	0.01201	0.01552	0.01552	0.01151	0.01652	0.00951	0.01252	0.00801	0.00451	0.00501	0.00150	0.00601	0.00451	0.00250	0.00801
36	0.01827	0.01355	0.01451	0.01128	0.01508	0.01501	0.00922	0.69115	0.07395	0.03021	0.01287	0.01348	0.00947	0.04083	0.00594	0.00167	0.00543	0.00475	0.00498	0.00832
37	0.00948	0.00770	0.01210	0.11996	0.22612	0.00771	0.02842	0.01165	0.01134	0.05528	0.13215	0.26652	0.07185	0.00953	0.00569	0.00173	0.00439	0.00868	0.00393	0.00578
38	0.00622	0.00528	0.00538	0.00533	0.00704	0.00452	0.00401	0.00792	0.03277	0.01422	0.09031	0.04726	0.72737	0.01251	0.00595	0.00170	0.00259	0.01045	0.00476	0.00440
39	0.00966	0.00934	0.01657	0.45937	0.08804	0.01047	0.14470	0.01270	0.01048	0.01378	0.01316	0.12151	0.03756	0.00666	0.00568	0.00174	0.02381	0.00628	0.00273	0.00577
40	0.06974	0.10292	0.66593	0.01331	0.02017	0.01252	0.01678	0.01585	0.01049	0.01608	0.00873	0.01025	0.00635	0.00475	0.00454	0.00155	0.00702	0.00357	0.00221	0.00724
41	0.02753	0.00773	0.03153	0.01054	0.09910	0.00723	0.02064	0.01328	0.03039	0.15562	0.21290	0.07546	0.08499	0.10173	0.04584	0.00234	0.04038	0.02256	0.00443	0.00578
42	0.01150	0.01117	0.01597	0.01296	0.01553	0.08964	0.22886	0.10833	0.03136	0.01712	0.09054	0.19562	0.03255	0.00871	0.00678	0.00177	0.07779	0.03407	0.00378	0.00594
43	0.44491	0.10686	0.06200	0.01004	0.01369	0.04577	0.11914	0.02641	0.02511	0.01904	0.01039	0.01348	0.02912	0.00546	0.00410	0.00157	0.00524	0.04868	0.00305	0.00594
44	0.16097	0.02355	0.03672	0.02546	0.06139	0.03140	0.11160	0.07493	0.03841	0.05971	0.07085	0.03772	0.10116	0.10029	0.00767	0.00201	0.02431	0.02223	0.00371	0.00591
45	0.03499	0.01438	0.01764	0.05782	0.24127	0.19800	0.11948	0.04400	0.05837	0.07341	0.02437	0.01285	0.00891	0.00524	0.00544	0.00152	0.03840	0.00452	0.00312	0.03626
46	0.14706	0.07988	0.16990	0.05760	0.01633	0.08365	0.01055	0.17805	0.12120	0.04304	0.01105	0.01175	0.00824	0.00536	0.00448	0.00150	0.00574	0.00396	0.00353	0.03713
47	0.03459	0.06404	0.14140	0.18381	0.04912	0.07144	0.01143	0.12444	0.12928	0.05308	0.03029	0.01339	0.00954	0.00547	0.00477	0.00151	0.00588	0.00436	0.00342	0.05872
48	0.01473	0.09809	0.15185	0.02884	0.06860	0.29067	0.03775	0.09613	0.01357	0.03009	0.03033	0.01255	0.03790	0.00540	0.00466	0.00138	0.00695	0.00407	0.00297	0.06347
49	0.02773	0.14624	0.03850	0.02454	0.04259	0.02690	0.02074	0.09110	0.15390	0.03820	0.05857	0.03706	0.07231	0.00770	0.03255	0.00167	0.02444	0.01977	0.00379	0.13169
50	0.01246	0.02698	0.01097	0.00953	0.02400	0.11913	0.00726	0.17024	0.16285	0.01947	0.14272	0.03862	0.12225	0.05521	0.02390	0.00190	0.01916	0.00646	0.00441	0.02248
51	0.01192	0.04886	0.09946	0.01049	0.02686	0.07797	0.04310	0.07874	0.06669	0.08395	0.01666	0.19447	0.02748	0.01163	0.09627	0.00235	0.00612	0.02132	0.00382	0.07185
52	0.02903	0.04143	0.04572	0.08853	0.03041	0.07138	0.04348	0.10846	0.13346	0.01737	0.01599	0.06641	0.07491	0.00931	0.06914	0.00206	0.03730	0.00555	0.00358	0.10647

[dist]
# distance from previous block
# <min> <max>
46	235

[block]
# block no. 13 follows, 49 sequences, length 50
# corresponding to MSA columns:
# 1176-1225
name=unknown_N
#
# <colnr> <probs for GDERKNQSTAVLIFYWHMCP>
#	G	D	E	R	K	N	Q	S	T	A	V	L	I	F	Y	W	H	M	C	P
0	0.00955	0.00899	0.01517	0.81013	0.03483	0.01123	0.01404	0.01292	0.01011	0.01292	0.00899	0.01348	0.00674	0.00506	0.00506	0.00169	0.00674	0.00449	0.00225	0.00562
1	0.17274	0.05208	0.10654	0.10066	0.04176	0.03903	0.07777	0.01717	0.09737	0.12377	0.06249	0.01612	0.02473	0.00598	0.00498	0.00161	0.01990	0.02506	0.00364	0.00662
2	0.27475	0.00922	0.01060	0.02416	0.01248	0.00902	0.00702	0.05271	0.01287	0.48750	0.01514	0.01398	0.00994	0.00567	0.00445	0.00154	0.00427	0.00427	0.00507	0.03535
