[name]
unknown

[dist]
# distance from previous block
# <min> <max>
1	1281

[block]
# block no. 0 follows, 49 sequences, length 13
# corresponding to MSA columns:
# 1386-1398
name=unknown_A
#
# <colnr> <probs for GDERKNQSTAVLIFYWHMCP>
#	G	D	E	R	K	N	Q	S	T	A	V	L	I	F	Y	W	H	M	C	P
0	0.03403	0.20076	0.06126	0.03137	0.18477	0.07201	0.03975	0.09578	0.10685	0.01726	0.01165	0.01282	0.03291	0.00519	0.00450	0.00138	0.00566	0.00420	0.00312	0.07473
1	0.17369	0.04847	0.08192	0.10068	0.12651	0.04082	0.03923	0.06243	0.03678	0.11435	0.03797	0.01475	0.04539	0.00562	0.00460	0.00152	0.00527	0.00455	0.02802	0.02744
2	0.00999	0.17592	0.01362	0.10635	0.04226	0.04133	0.00791	0.01207	0.02488	0.01389	0.11487	0.04985	0.07184	0.06626	0.09340	0.00242	0.06688	0.00569	0.00318	0.07740
3	0.00628	0.00507	0.00539	0.00540	0.00678	0.00439	0.00389	0.00751	0.01126	0.01391	0.12795	0.08147	0.58074	0.10767	0.00832	0.00209	0.00283	0.01029	0.00460	0.00418
4	0.01188	0.01438	0.09499	0.04940	0.02531	0.01255	0.61595	0.03818	0.03155	0.01665	0.01037	0.01338	0.00775	0.00444	0.00572	0.00166	0.00804	0.00559	0.00266	0.02955
5	0.00722	0.00542	0.00813	0.00813	0.00903	0.00632	0.00632	0.00903	0.00813	0.01174	0.01354	0.01987	0.01264	0.03792	0.80225	0.00813	0.01354	0.00542	0.00271	0.00451
6	0.80548	0.00973	0.00791	0.05639	0.01133	0.01134	0.00601	0.01474	0.00870	0.02208	0.00716	0.00854	0.00555	0.00472	0.00325	0.00157	0.00409	0.00285	0.00307	0.00549
7	0.01258	0.01086	0.01143	0.01029	0.01315	0.01258	0.00800	0.02687	0.78161	0.02115	0.02058	0.01887	0.01544	0.00686	0.00515	0.00172	0.00400	0.00572	0.00515	0.00800
8	0.02213	0.00950	0.01229	0.00942	0.01335	0.00876	0.00778	0.14489	0.01597	0.67189	0.01870	0.01640	0.01189	0.00623	0.00508	0.00156	0.00451	0.00500	0.00607	0.00860
9	0.85801	0.00978	0.00743	0.00665	0.00978	0.01134	0.00548	0.01486	0.00861	0.02269	0.00704	0.00821	0.00548	0.00469	0.00313	0.00156	0.00391	0.00274	0.00313	0.00548
10	0.00724	0.00492	0.00548	0.00548	0.00562	0.00485	0.00313	0.00735	0.00768	0.01011	0.01872	0.03432	0.07916	0.75842	0.02418	0.00465	0.00472	0.00762	0.00319	0.00316
11	0.00955	0.00899	0.01517	0.81013	0.03483	0.01123	0.01404	0.01292	0.01011	0.01292	0.00899	0.01348	0.00674	0.00506	0.00506	0.00169	0.00674	0.00449	0.00225	0.00562
12	0.11945	0.08454	0.01221	0.00942	0.01246	0.03071	0.00761	0.06585	0.40027	0.04599	0.01567	0.01621	0.01222	0.00866	0.06754	0.00207	0.00509	0.02024	0.00426	0.05953

[dist]
# distance from previous block
# <min> <max>
0	1

[block]
# block no. 1 follows, 49 sequences, length 23
# corresponding to MSA columns:
# 1400-1422
name=unknown_B
#
# <colnr> <probs for GDERKNQSTAVLIFYWHMCP>
#	G	D	E	R	K	N	Q	S	T	A	V	L	I	F	Y	W	H	M	C	P
0	0.01260	0.05212	0.01679	0.16564	0.34645	0.15779	0.01238	0.01536	0.03806	0.01449	0.01140	0.04637	0.03450	0.00598	0.00561	0.02145	0.02888	0.00483	0.00270	0.00661
1	0.02139	0.01003	0.01271	0.00980	0.01358	0.00972	0.00810	0.20215	0.01641	0.58103	0.01755	0.01575	0.01135	0.00632	0.00555	0.00158	0.03777	0.00493	0.00581	0.00848
2	0.01372	0.25053	0.26373	0.01279	0.05697	0.17962	0.01235	0.06603	0.05516	0.01550	0.02405	0.01079	0.00797	0.00504	0.00438	0.00139	0.00674	0.00365	0.00268	0.00693
3	0.01116	0.09707	0.01224	0.04327	0.06942	0.16977	0.00772	0.01260	0.01116	0.03039	0.07513	0.10086	0.15070	0.09520	0.00850	0.00196	0.08740	0.00675	0.00341	0.00528
4	0.00616	0.00440	0.00587	0.00704	0.00733	0.00411	0.00469	0.00704	0.00968	0.01291	0.02787	0.81899	0.03344	0.01584	0.00645	0.00205	0.00293	0.01438	0.00469	0.00411
5	0.07971	0.52924	0.20311	0.00969	0.01456	0.01658	0.01051	0.01500	0.01028	0.01387	0.00908	0.01017	0.03346	0.00475	0.00370	0.00126	0.00564	0.00323	0.00234	0.02383
6	0.01080	0.00940	0.01253	0.01099	0.01192	0.01203	0.00892	0.11034	0.04119	0.01486	0.01050	0.01517	0.00962	0.04677	0.27106	0.00413	0.38636	0.00492	0.00289	0.00561
7	0.00721	0.00529	0.00677	0.00642	0.00766	0.00493	0.00480	0.00980	0.03378	0.01975	0.70871	0.06048	0.08427	0.01053	0.00596	0.00161	0.00245	0.00929	0.00549	0.00481
8	0.00810	0.00580	0.00848	0.00877	0.00992	0.00558	0.04767	0.00997	0.01121	0.04051	0.10210	0.27829	0.03001	0.05553	0.00758	0.00225	0.00412	0.35483	0.00462	0.00467
9	0.00794	0.00597	0.00829	0.00803	0.00883	0.00691	0.00606	0.03976	0.00858	0.01219	0.01359	0.02171	0.01330	0.19112	0.57323	0.00690	0.05458	0.00571	0.00285	0.00445
10	0.00965	0.00910	0.01536	0.78249	0.06165	0.01126	0.01410	0.01301	0.01016	0.01305	0.00901	0.01345	0.00679	0.00504	0.00505	0.00168	0.00671	0.00449	0.00226	0.00570
11	0.00803	0.00574	0.00799	0.00897	0.01014	0.00570	0.00776	0.01037	0.01195	0.01573	0.11502	0.05481	0.03126	0.01355	0.00687	0.00224	0.00439	0.67005	0.00476	0.00467
12	0.85801	0.00978	0.00743	0.00665	0.00978	0.01134	0.00548	0.01486	0.00861	0.02269	0.00704	0.00821	0.00548	0.00469	0.00313	0.00156	0.00391	0.00274	0.00313	0.00548
13	0.00638	0.00468	0.00601	0.00675	0.00742	0.00431	0.00472	0.00763	0.01081	0.01440	0.16629	0.55463	0.13271	0.01441	0.00632	0.00194	0.00285	0.03864	0.00485	0.00427
14	0.00616	0.00440	0.00587	0.00704	0.00733	0.00411	0.00469	0.00704	0.00968	0.01291	0.02787	0.81899	0.03344	0.01584	0.00645	0.00205	0.00293	0.01438	0.00469	0.00411
15	0.02084	0.00899	0.01169	0.00914	0.01284	0.00827	0.00749	0.07844	0.07280	0.63904	0.06082	0.01808	0.01435	0.00651	0.00514	0.00157	0.00427	0.00531	0.00605	0.00835
16	0.01130	0.00742	0.00899	0.00788	0.00998	0.00745	0.00613	0.07683	0.15524	0.12969	0.47746	0.02936	0.03372	0.00879	0.00562	0.00160	0.00321	0.00758	0.00555	0.00621
17	0.00615	0.00444	0.00583	0.00694	0.00731	0.00412	0.00465	0.00705	0.00978	0.01295	0.02907	0.77951	0.07215	0.01569	0.00643	0.00204	0.00291	0.01419	0.00469	0.00412
18	0.00955	0.00899	0.01517	0.81013	0.03483	0.01123	0.01404	0.01292	0.01011	0.01292	0.00899	0.01348	0.00674	0.00506	0.00506	0.00169	0.00674	0.00449	0.00225	0.00562
19	0.01971	0.01338	0.01469	0.01126	0.01529	0.01451	0.00930	0.66788	0.02246	0.13973	0.01325	0.01286	0.00915	0.00610	0.00506	0.00152	0.00539	0.00463	0.00523	0.00860
20	0.01060	0.01011	0.01727	0.38906	0.33017	0.01106	0.05421	0.01373	0.01089	0.01463	0.01217	0.01655	0.05022	0.00553	0.00520	0.00164	0.00625	0.03162	0.00258	0.00652
21	0.03875	0.00757	0.00979	0.00953	0.05579	0.00812	0.00690	0.07183	0.03939	0.09980	0.19732	0.07898	0.05654	0.06533	0.12008	0.00281	0.09089	0.00692	0.02800	0.00567
22	0.01130	0.01055	0.01762	0.08186	0.52244	0.01072	0.05256	0.01460	0.05053	0.01585	0.01251	0.10339	0.01162	0.03948	0.00605	0.00173	0.00564	0.00586	0.01863	0.00708

[dist]
# distance from previous block
# <min> <max>
1	2

[block]
# block no. 2 follows, 49 sequences, length 46
# corresponding to MSA columns:
# 1425-1470
name=unknown_C
#
# <colnr> <probs for GDERKNQSTAVLIFYWHMCP>
#	G	D	E	R	K	N	Q	S	T	A	V	L	I	F	Y	W	H	M	C	P
0	0.04923	0.00959	0.01371	0.04228	0.05149	0.00892	0.06415	0.07702	0.01445	0.58864	0.01731	0.01591	0.01120	0.00592	0.00508	0.00157	0.00487	0.00498	0.00546	0.00822
1	0.01544	0.00809	0.01083	0.00886	0.01179	0.00766	0.04264	0.01968	0.14275	0.37638	0.22940	0.02402	0.04891	0.00759	0.00538	0.00160	0.00383	0.00652	0.02145	0.00716
2	0.00612	0.00513	0.00533	0.00528	0.00692	0.00433	0.00396	0.00754	0.01187	0.01448	0.14267	0.04731	0.69674	0.01250	0.00597	0.00169	0.00254	0.01048	0.00480	0.00433
3	0.85801	0.00978	0.00743	0.00665	0.00978	0.01134	0.00548	0.01486	0.00861	0.02269	0.00704	0.00821	0.00548	0.00469	0.00313	0.00156	0.00391	0.00274	0.00313	0.00548
4	0.00711	0.00491	0.00640	0.00670	0.00758	0.00451	0.00477	0.00871	0.01196	0.04097	0.36123	0.40891	0.08133	0.01296	0.00617	0.00182	0.00272	0.01159	0.00513	0.00455
5	0.00815	0.00582	0.00815	0.00931	0.01048	0.00582	0.00815	0.01048	0.01164	0.01513	0.02677	0.05704	0.02910	0.01397	0.00698	0.00233	0.00466	0.75671	0.00466	0.00466
6	0.00602	0.00512	0.00518	0.00517	0.00686	0.00429	0.00388	0.00734	0.01163	0.01391	0.07855	0.04826	0.76121	0.01271	0.00598	0.00170	0.00255	0.01062	0.00473	0.00429
7	0.01258	0.01086	0.01143	0.01029	0.01315	0.01258	0.00800	0.02687	0.78161	0.02115	0.02058	0.01887	0.01544	0.00686	0.00515	0.00172	0.00400	0.00572	0.00515	0.00800
8	0.02269	0.00861	0.01174	0.00900	0.01291	0.00743	0.00743	0.02464	0.01447	0.79425	0.01995	0.01721	0.01252	0.00626	0.00509	0.00156	0.00430	0.00509	0.00626	0.00861
9	0.01922	0.01416	0.01518	0.01163	0.01568	0.01568	0.00961	0.77388	0.02378	0.03187	0.01214	0.01214	0.00860	0.00607	0.00506	0.00152	0.00556	0.00455	0.00506	0.00860
10	0.01106	0.01106	0.01549	0.01328	0.01328	0.01549	0.01106	0.01217	0.00774	0.01217	0.00664	0.01106	0.00664	0.00885	0.01659	0.00221	0.81303	0.00443	0.00221	0.00553
11	0.01889	0.02410	0.01433	0.01303	0.01563	0.80199	0.00977	0.02019	0.01433	0.01238	0.00782	0.00912	0.00651	0.00521	0.00456	0.00130	0.00912	0.00326	0.00261	0.00586
12	0.00937	0.00847	0.03614	0.00742	0.01108	0.00626	0.00602	0.01147	0.01060	0.01585	0.04149	0.12580	0.08187	0.00647	0.00443	0.00107	0.00361	0.00547	0.00344	0.60368
13	0.05832	0.02384	0.68877	0.01385	0.02071	0.01144	0.04382	0.01566	0.01077	0.01659	0.04403	0.01186	0.00825	0.00503	0.00480	0.00160	0.00708	0.00400	0.00236	0.00722
14	0.04194	0.03894	0.02870	0.02249	0.01403	0.00954	0.07056	0.10864	0.01252	0.09752	0.02413	0.01232	0.00886	0.00487	0.00490	0.00118	0.04472	0.00390	0.03255	0.41769
15	0.01352	0.82533	0.02650	0.00865	0.01298	0.02001	0.00865	0.01514	0.01027	0.01190	0.00703	0.00811	0.00649	0.00433	0.00324	0.00108	0.00541	0.00270	0.00216	0.00649
16	0.01889	0.02410	0.01433	0.01303	0.01563	0.80199	0.00977	0.02019	0.01433	0.01238	0.00782	0.00912	0.00651	0.00521	0.00456	0.00130	0.00912	0.00326	0.00261	0.00586
17	0.85801	0.00978	0.00743	0.00665	0.00978	0.01134	0.00548	0.01486	0.00861	0.02269	0.00704	0.00821	0.00548	0.00469	0.00313	0.00156	0.00391	0.00274	0.00313	0.00548
18	0.00694	0.00516	0.00646	0.00614	0.00742	0.00468	0.00460	0.00913	0.01381	0.01908	0.65502	0.03974	0.18152	0.01078	0.00597	0.00161	0.00242	0.00942	0.00541	0.00468
19	0.01252	0.01201	0.02053	0.03104	0.79074	0.01201	0.01552	0.01552	0.01151	0.01652	0.00951	0.01252	0.00801	0.00451	0.00501	0.00150	0.00601	0.00451	0.00250	0.00801
20	0.00620	0.00447	0.00589	0.00701	0.00739	0.00416	0.00474	0.00714	0.00981	0.01300	0.02889	0.76558	0.06730	0.01566	0.00645	0.00204	0.00296	0.03249	0.00469	0.00413
21	0.00654	0.00514	0.00590	0.00571	0.00718	0.00451	0.00429	0.00835	0.01286	0.01682	0.40258	0.04347	0.43537	0.01163	0.00597	0.00165	0.00248	0.00994	0.00511	0.00451
22	0.01352	0.82533	0.02650	0.00865	0.01298	0.02001	0.00865	0.01514	0.01027	0.01190	0.00703	0.00811	0.00649	0.00433	0.00324	0.00108	0.00541	0.00270	0.00216	0.00649
23	0.01049	0.00899	0.01049	0.00749	0.01198	0.00674	0.00599	0.01273	0.01049	0.01648	0.00899	0.01049	0.00749	0.00374	0.00374	0.00075	0.00374	0.00300	0.00300	0.85320
24	0.01423	0.04204	0.01524	0.01402	0.11954	0.04887	0.09833	0.03167	0.04814	0.21250	0.01541	0.06112	0.01325	0.04260	0.02163	0.00199	0.10364	0.08508	0.00396	0.00674
25	0.85801	0.00978	0.00743	0.00665	0.00978	0.01134	0.00548	0.01486	0.00861	0.02269	0.00704	0.00821	0.00548	0.00469	0.00313	0.00156	0.00391	0.00274	0.00313	0.00548
26	0.01014	0.02616	0.79609	0.01441	0.02189	0.01174	0.01868	0.01601	0.01068	0.01601	0.00907	0.01068	0.00641	0.00480	0.00480	0.00160	0.00747	0.00374	0.00214	0.00747
27	0.00809	0.00578	0.00808	0.00924	0.01038	0.00577	0.00804	0.01037	0.01158	0.01506	0.02681	0.08122	0.02924	0.01403	0.00697	0.00232	0.00460	0.73315	0.00466	0.00464
28	0.00623	0.00445	0.00595	0.00712	0.00744	0.00417	0.00481	0.00716	0.00975	0.01298	0.02783	0.79292	0.03330	0.01578	0.00647	0.00206	0.00299	0.03977	0.00469	0.00413
29	0.01064	0.11307	0.66570	0.01452	0.04683	0.01269	0.03705	0.01591	0.01069	0.01558	0.00889	0.01053	0.00650	0.00473	0.00467	0.00154	0.00722	0.00371	0.00216	0.00737
30	0.03284	0.01086	0.01799	0.01379	0.03083	0.01051	0.27104	0.08465	0.04734	0.26915	0.03230	0.01738	0.04590	0.00607	0.00594	0.00164	0.04384	0.01860	0.00429	0.03503
31	0.01769	0.01339	0.01541	0.11058	0.07351	0.03276	0.01050	0.57995	0.02065	0.05755	0.01177	0.01246	0.00843	0.00582	0.00504	0.00153	0.00577	0.00453	0.00452	0.00813
32	0.00878	0.00439	0.00659	0.00659	0.00659	0.00439	0.00439	0.00659	0.00659	0.00878	0.00878	0.01537	0.00878	0.01757	0.01976	0.85288	0.00439	0.00439	0.00220	0.00220
33	0.01014	0.02616	0.79609	0.01441	0.02189	0.01174	0.01868	0.01601	0.01068	0.01601	0.00907	0.01068	0.00641	0.00480	0.00480	0.00160	0.00747	0.00374	0.00214	0.00747
34	0.02713	0.04078	0.12469	0.02840	0.15149	0.02873	0.03633	0.09607	0.10366	0.06997	0.08673	0.04871	0.07672	0.00698	0.00540	0.00160	0.02131	0.01922	0.00386	0.02222
35	0.00660	0.00490	0.00560	0.00575	0.00689	0.00436	0.00412	0.00717	0.01016	0.01250	0.03829	0.13657	0.50440	0.03596	0.03709	0.15857	0.00339	0.00971	0.00412	0.00385
36	0.02269	0.00861	0.01174	0.00900	0.01291	0.00743	0.00743	0.02464	0.01447	0.79425	0.01995	0.01721	0.01252	0.00626	0.00509	0.00156	0.00430	0.00509	0.00626	0.00861
37	0.01309	0.01146	0.01170	0.01044	0.01335	0.03921	0.00814	0.06023	0.72178	0.02134	0.01977	0.01824	0.01483	0.00677	0.00512	0.00169	0.00424	0.00558	0.00506	0.00796
38	0.01271	0.23999	0.13600	0.10604	0.21046	0.09786	0.04139	0.01600	0.03859	0.01432	0.00884	0.01099	0.00725	0.00487	0.00490	0.00144	0.03519	0.00386	0.00242	0.00688
39	0.00637	0.00451	0.00582	0.00674	0.00703	0.00425	0.00441	0.00715	0.00944	0.01259	0.04374	0.65826	0.04599	0.14692	0.00957	0.00250	0.00323	0.01304	0.00445	0.00396
40	0.01909	0.00781	0.01058	0.00839	0.01167	0.00682	0.00682	0.02114	0.01444	0.61474	0.19810	0.02198	0.02068	0.00720	0.00529	0.00157	0.00386	0.00603	0.00610	0.00772
41	0.01856	0.02361	0.01506	0.01342	0.01614	0.76481	0.04569	0.02000	0.01422	0.01256	0.00793	0.00933	0.00657	0.00517	0.00463	0.00132	0.00909	0.00338	0.00260	0.00591
42	0.00944	0.00562	0.00725	0.00657	0.00816	0.00512	0.00502	0.01171	0.01396	0.12863	0.59547	0.03411	0.07376	0.00958	0.00568	0.00156	0.00266	0.00835	0.06206	0.00528
43	0.08029	0.07785	0.14704	0.03176	0.08797	0.06436	0.07627	0.18135	0.05403	0.03237	0.02351	0.02641	0.00892	0.00532	0.00469	0.00146	0.00593	0.00434	0.00336	0.08272
44	0.01407	0.74244	0.02524	0.00910	0.01325	0.10090	0.00877	0.01566	0.01069	0.01195	0.00711	0.00822	0.00649	0.00442	0.00338	0.00110	0.00579	0.00276	0.00221	0.00642
45	0.01540	0.20045	0.06928	0.01189	0.01590	0.12006	0.09697	0.23519	0.07513	0.04688	0.03984	0.01268	0.00980	0.00549	0.00467	0.00143	0.00612	0.00435	0.02125	0.00720

[dist]
# distance from previous block
# <min> <max>
0	1

[block]
# block no. 3 follows, 49 sequences, length 16
# corresponding to MSA columns:
# 1472-1487
name=unknown_D
#
# <colnr> <probs for GDERKNQSTAVLIFYWHMCP>
#	G	D	E	R	K	N	Q	S	T	A	V	L	I	F	Y	W	H	M	C	P
0	0.03603	0.26479	0.22260	0.01593	0.17092	0.04794	0.08195	0.04555	0.01142	0.01542	0.00932	0.03925	0.00789	0.00501	0.00449	0.00143	0.00638	0.00414	0.00251	0.00702
1	0.00629	0.00454	0.00595	0.00685	0.00734	0.00421	0.00466	0.00739	0.01041	0.01395	0.13288	0.67151	0.07543	0.01493	0.00636	0.00197	0.00284	0.01347	0.00481	0.00421
2	0.01060	0.04386	0.38365	0.01206	0.04695	0.01010	0.03959	0.07894	0.01255	0.04026	0.11695	0.01984	0.11262	0.00670	0.00508	0.00157	0.00561	0.00556	0.04082	0.00668
3	0.03109	0.09301	0.12967	0.01181	0.03297	0.04254	0.03253	0.32394	0.03055	0.15126	0.01214	0.01263	0.00876	0.01808	0.00538	0.00155	0.02436	0.00433	0.00415	0.02927
4	0.01116	0.01172	0.11611	0.04291	0.01529	0.02399	0.09180	0.01818	0.27714	0.05757	0.11387	0.02339	0.06535	0.00810	0.02028	0.00184	0.03141	0.05896	0.00422	0.00669
5	0.00670	0.00518	0.00615	0.00644	0.00755	0.00480	0.00462	0.00882	0.05511	0.01536	0.21440	0.34015	0.28008	0.01305	0.00611	0.00181	0.00274	0.01145	0.00493	0.00454
6	0.01428	0.01420	0.11938	0.07804	0.04141	0.13391	0.13256	0.01821	0.08321	0.17625	0.03414	0.05640	0.03222	0.00635	0.00565	0.00163	0.03612	0.00546	0.00372	0.00687
7	0.01208	0.06430	0.19440	0.10242	0.16878	0.05417	0.19170	0.01566	0.01118	0.04698	0.01005	0.03471	0.00808	0.00527	0.00585	0.00162	0.05846	0.00480	0.00259	0.00691
8	0.00607	0.00509	0.00528	0.00530	0.00691	0.00430	0.00395	0.00742	0.01165	0.01412	0.10495	0.08235	0.69979	0.01276	0.00600	0.00171	0.00256	0.01072	0.00476	0.00430
9	0.00899	0.00628	0.00698	0.00637	0.00826	0.00587	0.00490	0.09392	0.01359	0.06310	0.21497	0.05424	0.39962	0.01057	0.00562	0.00161	0.00294	0.00888	0.07814	0.00515
10	0.01305	0.02919	0.10834	0.06659	0.34352	0.03600	0.03972	0.12984	0.08065	0.03327	0.01353	0.01507	0.05745	0.00558	0.00505	0.00155	0.00590	0.00491	0.00327	0.00754
11	0.01213	0.12867	0.43419	0.03690	0.09207	0.04423	0.02789	0.05684	0.02431	0.04211	0.00964	0.01121	0.00724	0.00500	0.00493	0.00152	0.02708	0.00387	0.02290	0.00726
12	0.01052	0.01540	0.25583	0.01400	0.05324	0.07079	0.17898	0.01440	0.03510	0.01524	0.05572	0.04496	0.01222	0.07340	0.09430	0.00258	0.00748	0.00548	0.03417	0.00620
13	0.10372	0.07438	0.03444	0.01449	0.11078	0.48939	0.03142	0.05710	0.01345	0.01511	0.00821	0.00969	0.00673	0.00502	0.00445	0.00137	0.00771	0.00347	0.00273	0.00633
14	0.00754	0.00543	0.00583	0.00556	0.00742	0.00459	0.00423	0.00897	0.01200	0.08290	0.10566	0.04505	0.66285	0.01204	0.00590	0.00169	0.00270	0.01006	0.00490	0.00469
15	0.01402	0.50714	0.04134	0.00985	0.01386	0.11970	0.03696	0.05955	0.04622	0.01433	0.00870	0.00980	0.00738	0.00470	0.00379	0.00118	0.00579	0.00326	0.03738	0.05505

[dist]
# distance from previous block
# <min> <max>
0	1

[block]
# block no. 4 follows, 49 sequences, length 56
# corresponding to MSA columns:
# 1489-1533,1539-1549
name=unknown_E
#
# <colnr> <probs for GDERKNQSTAVLIFYWHMCP>
#	G	D	E	R	K	N	Q	S	T	A	V	L	I	F	Y	W	H	M	C	P
0	0.00848	0.00754	0.03675	0.00911	0.03660	0.04106	0.00720	0.01133	0.07076	0.01539	0.11264	0.15227	0.14301	0.01218	0.00664	0.02837	0.00413	0.28709	0.00448	0.00498
1	0.05359	0.04476	0.03828	0.01121	0.01474	0.17189	0.00921	0.34856	0.16327	0.05862	0.01303	0.02816	0.00985	0.00608	0.00485	0.00151	0.00585	0.00456	0.00435	0.00761
2	0.01350	0.09089	0.06028	0.01284	0.13402	0.03439	0.00927	0.07303	0.18400	0.13418	0.06163	0.05390	0.02718	0.03906	0.04767	0.00203	0.00534	0.00559	0.00414	0.00709
3	0.01234	0.02468	0.06866	0.12613	0.06931	0.06933	0.04622	0.12312	0.02712	0.01775	0.01109	0.01278	0.03432	0.00490	0.00454	0.00125	0.00547	0.00406	0.00313	0.33382
4	0.06341	0.00969	0.01175	0.00916	0.01280	0.00935	0.00750	0.20706	0.01624	0.44127	0.10066	0.01739	0.01477	0.00645	0.00500	0.00151	0.00436	0.00517	0.00556	0.05091
5	0.01280	0.01317	0.08744	0.03958	0.06275	0.09634	0.03143	0.16711	0.16919	0.01931	0.05715	0.10225	0.05086	0.00767	0.00589	0.00167	0.04738	0.01719	0.00403	0.00679
6	0.00699	0.00516	0.00652	0.00618	0.00745	0.00470	0.00464	0.00922	0.01391	0.01933	0.68257	0.03933	0.15381	0.01069	0.00597	0.00161	0.00241	0.00936	0.00544	0.00470
7	0.00685	0.00502	0.00597	0.00608	0.00695	0.00486	0.00425	0.00797	0.00974	0.01293	0.08581	0.12486	0.26129	0.23335	0.15875	0.00376	0.00524	0.00884	0.04345	0.00403
8	0.00710	0.00567	0.00636	0.00615	0.00768	0.00528	0.00458	0.00999	0.08812	0.01656	0.30600	0.06749	0.39708	0.04136	0.00664	0.00180	0.00274	0.00965	0.00499	0.00476
9	0.85801	0.00978	0.00743	0.00665	0.00978	0.01134	0.00548	0.01486	0.00861	0.02269	0.00704	0.00821	0.00548	0.00469	0.00313	0.00156	0.00391	0.00274	0.00313	0.00548
10	0.00969	0.00875	0.01483	0.40021	0.13495	0.00982	0.06683	0.01263	0.01061	0.01402	0.01343	0.02364	0.01243	0.00890	0.04619	0.02206	0.00658	0.17588	0.00288	0.00569
11	0.01352	0.82533	0.02650	0.00865	0.01298	0.02001	0.00865	0.01514	0.01027	0.01190	0.00703	0.00811	0.00649	0.00433	0.00324	0.00108	0.00541	0.00270	0.00216	0.00649
12	0.01381	0.01287	0.01204	0.01074	0.01363	0.12192	0.00834	0.06655	0.63430	0.02052	0.01836	0.01715	0.01383	0.00659	0.00506	0.00165	0.00479	0.00531	0.00479	0.00774
13	0.00955	0.00899	0.01517	0.81013	0.03483	0.01123	0.01404	0.01292	0.01011	0.01292	0.00899	0.01348	0.00674	0.00506	0.00506	0.00169	0.00674	0.00449	0.00225	0.00562
14	0.01093	0.01190	0.10488	0.01255	0.10162	0.05387	0.05494	0.05326	0.02942	0.01591	0.01065	0.01349	0.00892	0.01285	0.20476	0.00294	0.00759	0.00420	0.00288	0.28246
15	0.01707	0.01329	0.01497	0.01188	0.01501	0.01542	0.00980	0.56425	0.07429	0.02706	0.01161	0.01240	0.00868	0.00670	0.00744	0.00167	0.17145	0.00461	0.00448	0.00793
16	0.13971	0.01353	0.01406	0.01092	0.01483	0.01506	0.00902	0.66485	0.02160	0.03055	0.01141	0.01158	0.00815	0.00587	0.00478	0.00152	0.00533	0.00429	0.00478	0.00815
17	0.01112	0.00978	0.04068	0.00952	0.03945	0.00783	0.04568	0.07067	0.01148	0.03554	0.01138	0.05809	0.02098	0.00617	0.02277	0.03216	0.00453	0.00426	0.00325	0.55466
18	0.03948	0.01010	0.01375	0.23562	0.04575	0.02567	0.04338	0.14392	0.02567	0.12243	0.04491	0.01823	0.07525	0.00673	0.00619	0.00166	0.07804	0.02443	0.00378	0.03501
19	0.00616	0.00440	0.00587	0.00704	0.00733	0.00411	0.00469	0.00704	0.00968	0.01291	0.02787	0.81899	0.03344	0.01584	0.00645	0.00205	0.00293	0.01438	0.00469	0.00411
20	0.01471	0.00835	0.01015	0.00883	0.01123	0.00831	0.00680	0.21090	0.03076	0.25385	0.02081	0.32196	0.01976	0.04077	0.00638	0.00187	0.00412	0.00859	0.00521	0.00667
21	0.02949	0.07676	0.11407	0.07894	0.29419	0.15718	0.09197	0.01694	0.02873	0.05063	0.00967	0.01180	0.00762	0.00481	0.00484	0.00149	0.00687	0.00422	0.00268	0.00712
22	0.02117	0.00921	0.01191	0.00928	0.01300	0.00850	0.00760	0.13834	0.01561	0.63098	0.01922	0.06415	0.01316	0.00680	0.00516	0.00159	0.00441	0.00556	0.00598	0.00834
23	0.01576	0.00742	0.00974	0.00810	0.01081	0.00677	0.00643	0.03637	0.05312	0.42397	0.28237	0.07442	0.02589	0.00828	0.00547	0.00161	0.00358	0.00707	0.00584	0.00699
24	0.00907	0.00581	0.00736	0.02756	0.00921	0.00544	0.00562	0.02373	0.02437	0.10849	0.21225	0.20762	0.18615	0.02507	0.00632	0.00185	0.00328	0.10268	0.02303	0.00507
25	0.01542	0.37845	0.06227	0.00991	0.01370	0.08528	0.02839	0.01777	0.03549	0.19349	0.01185	0.01226	0.02351	0.00546	0.00492	0.00137	0.05736	0.00387	0.03235	0.00687
26	0.85801	0.00978	0.00743	0.00665	0.00978	0.01134	0.00548	0.01486	0.00861	0.02269	0.00704	0.00821	0.00548	0.00469	0.00313	0.00156	0.00391	0.00274	0.00313	0.00548
27	0.00841	0.00573	0.00682	0.00634	0.00802	0.00517	0.00482	0.03806	0.01339	0.08294	0.37716	0.07871	0.32335	0.01105	0.00589	0.00165	0.00276	0.00948	0.00523	0.00501
28	0.01069	0.01138	0.07743	0.09620	0.21510	0.07784	0.05081	0.01375	0.04587	0.03790	0.03641	0.13212	0.13886	0.00806	0.00544	0.00167	0.00537	0.02546	0.00346	0.00620
29	0.02015	0.00841	0.01110	0.00872	0.01227	0.00750	0.00713	0.04807	0.03844	0.64203	0.08367	0.02035	0.05457	0.00693	0.00520	0.00158	0.00409	0.00570	0.00605	0.00806
30	0.00801	0.00508	0.00676	0.00739	0.00812	0.00484	0.00531	0.00916	0.01011	0.07627	0.03929	0.49472	0.02867	0.11376	0.04128	0.00264	0.00397	0.12562	0.00455	0.00446
31	0.06837	0.04584	0.01733	0.03106	0.25332	0.27891	0.05620	0.13013	0.01394	0.01741	0.00902	0.01092	0.00729	0.00513	0.00514	0.00147	0.03463	0.00400	0.00293	0.00697
32	0.75568	0.00994	0.00806	0.00709	0.01027	0.01141	0.00582	0.04183	0.04841	0.05143	0.00838	0.00922	0.00635	0.00491	0.00337	0.00157	0.00399	0.00304	0.00341	0.00583
33	0.01390	0.01485	0.04479	0.01680	0.20158	0.20507	0.08351	0.08400	0.15253	0.01731	0.02803	0.01634	0.03738	0.03811	0.00592	0.00168	0.00640	0.02142	0.00342	0.00694
34	0.00791	0.00585	0.00718	0.00647	0.00825	0.00510	0.00488	0.00991	0.01266	0.03675	0.44415	0.06084	0.14743	0.05674	0.00676	0.00169	0.00290	0.02584	0.00484	0.14384
35	0.01093	0.01125	0.04243	0.08660	0.31068	0.06489	0.07980	0.01442	0.05906	0.01618	0.10907	0.02175	0.12335	0.00678	0.00536	0.00159	0.00550	0.02045	0.00336	0.00655
36	0.01359	0.55389	0.17899	0.01041	0.01513	0.12701	0.01082	0.01602	0.01092	0.01279	0.00755	0.00877	0.00648	0.00454	0.00374	0.00122	0.00634	0.00299	0.00222	0.00660
37	0.00744	0.00546	0.00743	0.00718	0.00765	0.00571	0.03570	0.00820	0.00805	0.01101	0.01648	0.13265	0.01826	0.47129	0.21192	0.00512	0.02584	0.00769	0.00315	0.00377
38	0.74017	0.01063	0.04611	0.00835	0.04996	0.01124	0.00670	0.01536	0.00909	0.05385	0.00780	0.00892	0.00594	0.00475	0.00339	0.00156	0.00420	0.00297	0.00318	0.00583
39	0.00615	0.00504	0.00543	0.00553	0.00699	0.00431	0.00407	0.00753	0.01166	0.01443	0.14498	0.14579	0.59479	0.01287	0.00604	0.00174	0.00259	0.01095	0.00481	0.00431
40	0.00694	0.00514	0.00647	0.00617	0.00743	0.00467	0.00461	0.00911	0.01375	0.01902	0.64890	0.05624	0.17108	0.01087	0.00598	0.00162	0.00243	0.00951	0.00540	0.00467
41	0.01285	0.01100	0.01159	0.01035	0.01325	0.01270	0.00807	0.05740	0.75064	0.02159	0.02024	0.01859	0.01516	0.00683	0.00514	0.00171	0.00407	0.00567	0.00514	0.00803
42	0.01258	0.01086	0.01143	0.01029	0.01315	0.01258	0.00800	0.02687	0.78161	0.02115	0.02058	0.01887	0.01544	0.00686	0.00515	0.00172	0.00400	0.00572	0.00515	0.00800
43	0.01049	0.00899	0.01049	0.00749	0.01198	0.00674	0.00599	0.01273	0.01049	0.01648	0.00899	0.01049	0.00749	0.00374	0.00374	0.00075	0.00374	0.00300	0.00300	0.85320
44	0.00983	0.00959	0.01863	0.01487	0.01796	0.00912	0.38813	0.01293	0.01156	0.01532	0.01933	0.06537	0.05279	0.03663	0.00705	0.00207	0.00643	0.29321	0.00356	0.00564
45	0.00629	0.00450	0.00601	0.00713	0.00749	0.00421	0.00486	0.00730	0.00995	0.01329	0.05591	0.75344	0.03376	0.01555	0.00646	0.00205	0.00300	0.04992	0.00472	0.00416
46	0.01106	0.01106	0.01549	0.01328	0.01328	0.01549	0.01106	0.01217	0.00774	0.01217	0.00664	0.01106	0.00664	0.00885	0.01659	0.00221	0.81303	0.00443	0.00221	0.00553
47	0.00725	0.00533	0.00770	0.00770	0.00845	0.00609	0.00579	0.00876	0.00800	0.01142	0.01394	0.02203	0.01358	0.16623	0.67523	0.00760	0.01213	0.00573	0.00277	0.00428
48	0.00710	0.00486	0.00589	0.00622	0.00663	0.00472	0.00408	0.00791	0.00929	0.01267	0.10613	0.24377	0.05321	0.39372	0.02849	0.00340	0.00403	0.05167	0.04244	0.00376
49	0.00711	0.00517	0.00670	0.00632	0.00753	0.00475	0.00474	0.00946	0.01421	0.02004	0.76129	0.03817	0.07465	0.01043	0.00596	0.00159	0.00239	0.00920	0.00553	0.00475
50	0.01023	0.00724	0.00898	0.05252	0.04102	0.03903	0.00639	0.01300	0.05764	0.10756	0.40395	0.02862	0.03017	0.09395	0.04517	0.00224	0.01898	0.00727	0.02060	0.00545
51	0.01245	0.00653	0.00755	0.00738	0.04759	0.00651	0.00532	0.06083	0.04358	0.14485	0.01660	0.01786	0.01248	0.00593	0.00402	0.00130	0.00312	0.00479	0.58542	0.00588
52	0.01296	0.01031	0.01269	0.07485	0.12679	0.05049	0.00926	0.06778	0.21826	0.11162	0.01822	0.03626	0.08251	0.01009	0.08442	0.00230	0.05453	0.00570	0.00407	0.00690
53	0.01889	0.02410	0.01433	0.01303	0.01563	0.80199	0.00977	0.02019	0.01433	0.01238	0.00782	0.00912	0.00651	0.00521	0.00456	0.00130	0.00912	0.00326	0.00261	0.00586
54	0.01308	0.04847	0.01321	0.01076	0.01383	0.03733	0.04669	0.08969	0.58189	0.02095	0.03700	0.01837	0.03265	0.00671	0.00511	0.00165	0.00452	0.00561	0.00479	0.00770
55	0.03525	0.06907	0.01573	0.08932	0.11574	0.41851	0.03565	0.04830	0.02903	0.01422	0.01020	0.01243	0.03170	0.03314	0.00560	0.00154	0.02156	0.00407	0.00277	0.00618

[dist]
# distance from previous block
# <min> <max>
0	2

[block]
# block no. 5 follows, 49 sequences, length 24
# corresponding to MSA columns:
# 1552-1575
name=unknown_F
#
# <colnr> <probs for GDERKNQSTAVLIFYWHMCP>
#	G	D	E	R	K	N	Q	S	T	A	V	L	I	F	Y	W	H	M	C	P
0	0.09160	0.01339	0.06614	0.01051	0.02352	0.13621	0.00877	0.17575	0.05955	0.27354	0.04953	0.04407	0.01219	0.00637	0.00490	0.00154	0.00538	0.00494	0.00467	0.00744
1	0.05909	0.00822	0.00984	0.00994	0.05187	0.06841	0.00731	0.07778	0.01018	0.01445	0.01239	0.01730	0.01115	0.02891	0.58221	0.00629	0.01154	0.00497	0.00292	0.00522
2	0.60956	0.01108	0.06878	0.00906	0.05655	0.01125	0.00733	0.02913	0.07744	0.02172	0.05029	0.01124	0.00888	0.00521	0.00373	0.00158	0.00426	0.00355	0.00336	0.00602
3	0.01114	0.08780	0.17108	0.01207	0.05426	0.14321	0.08163	0.03026	0.03277	0.01524	0.08604	0.10123	0.13703	0.00772	0.00521	0.00157	0.00577	0.00653	0.00338	0.00603
4	0.01240	0.00945	0.01097	0.00826	0.01227	0.00809	0.00659	0.14396	0.01296	0.06917	0.01190	0.08226	0.01029	0.00537	0.00430	0.00105	0.00402	0.00440	0.00371	0.57859
5	0.01326	0.01194	0.01163	0.01034	0.01306	0.09985	0.00805	0.10339	0.51166	0.02055	0.06250	0.01824	0.01538	0.00916	0.06590	0.00213	0.00537	0.00550	0.00469	0.00737
6	0.00861	0.01478	0.35166	0.07255	0.05756	0.00849	0.01203	0.01218	0.01096	0.01544	0.11511	0.21034	0.07222	0.00870	0.00546	0.00172	0.00527	0.00754	0.00339	0.00599
7	0.01217	0.15444	0.41250	0.01336	0.01872	0.09594	0.07298	0.03020	0.01121	0.03220	0.02072	0.01109	0.00746	0.00574	0.01942	0.00165	0.06697	0.00390	0.00244	0.00690
8	0.55146	0.13038	0.01162	0.00797	0.01135	0.07298	0.00671	0.07424	0.01084	0.07152	0.00833	0.00916	0.00640	0.00489	0.00353	0.00147	0.00468	0.00307	0.00330	0.00610
9	0.00722	0.00542	0.00813	0.00813	0.00903	0.00632	0.00632	0.00903	0.00813	0.01174	0.01354	0.01987	0.01264	0.03792	0.80225	0.00813	0.01354	0.00542	0.00271	0.00451
10	0.00785	0.00636	0.00783	0.00789	0.00873	0.05228	0.00589	0.00928	0.00870	0.01173	0.01604	0.08440	0.03262	0.15923	0.52099	0.00638	0.01049	0.03595	0.00303	0.00433
11	0.02521	0.04280	0.13740	0.05835	0.06364	0.09727	0.02373	0.21590	0.05797	0.02051	0.14940	0.02962	0.02726	0.00662	0.00531	0.00155	0.02138	0.00534	0.00387	0.00686
12	0.01216	0.01170	0.01967	0.08888	0.66478	0.01226	0.01501	0.01503	0.01108	0.01586	0.00922	0.01246	0.00779	0.00493	0.00603	0.00158	0.07698	0.00450	0.00246	0.00761
13	0.00638	0.00464	0.00593	0.00671	0.00719	0.00442	0.00453	0.00728	0.00948	0.01251	0.02797	0.55541	0.12221	0.11901	0.07876	0.00290	0.00407	0.01225	0.00431	0.00403
14	0.11255	0.00947	0.01018	0.00860	0.01141	0.01004	0.00685	0.22675	0.14133	0.10304	0.14044	0.04295	0.12780	0.00793	0.00514	0.00161	0.00395	0.00642	0.01681	0.00676
15	0.07535	0.03691	0.04394	0.01755	0.27537	0.09292	0.02729	0.06014	0.19202	0.10867	0.01302	0.01369	0.00985	0.00543	0.00483	0.00154	0.00558	0.00455	0.00373	0.00762
16	0.02079	0.00951	0.01209	0.00940	0.01313	0.00896	0.00775	0.17919	0.01634	0.57586	0.06148	0.01816	0.01403	0.00661	0.00517	0.00157	0.00447	0.02125	0.00594	0.00831
17	0.00735	0.00493	0.00565	0.00565	0.00569	0.00497	0.00323	0.00744	0.00739	0.00990	0.01581	0.03243	0.01810	0.78328	0.06436	0.00506	0.00533	0.00726	0.00305	0.00314
18	0.01176	0.01272	0.06792	0.04503	0.51760	0.06930	0.04191	0.01460	0.01153	0.01560	0.01418	0.06567	0.07794	0.00602	0.00517	0.00156	0.00595	0.00558	0.00281	0.00714
19	0.05941	0.01315	0.02715	0.10122	0.09780	0.17238	0.02665	0.09575	0.09353	0.09501	0.01476	0.03762	0.06241	0.00740	0.02900	0.00178	0.04961	0.00508	0.00364	0.00666
20	0.00686	0.00496	0.00626	0.00670	0.00764	0.00464	0.00485	0.00819	0.01070	0.03209	0.12407	0.37154	0.22263	0.03758	0.08729	0.00260	0.00402	0.04842	0.00459	0.00437
21	0.01134	0.01099	0.01446	0.56462	0.06344	0.12621	0.01251	0.01418	0.01104	0.04435	0.02842	0.05649	0.00937	0.00580	0.00508	0.00163	0.00665	0.00497	0.00268	0.00578
22	0.32658	0.06134	0.10956	0.01614	0.22045	0.06477	0.08673	0.03048	0.01073	0.01847	0.00841	0.01032	0.00667	0.00465	0.00425	0.00152	0.00582	0.00372	0.00273	0.00667
23	0.07866	0.10583	0.18680	0.01173	0.03667	0.08755	0.01092	0.09836	0.06824	0.04037	0.01100	0.01392	0.00907	0.00948	0.09208	0.00231	0.09357	0.03370	0.00310	0.00663

[dist]
# distance from previous block
# <min> <max>
1	7

[block]
# block no. 6 follows, 49 sequences, length 40
# corresponding to MSA columns:
# 1583-1586,1589-1614,1625-1634
name=unknown_G
#
# <colnr> <probs for GDERKNQSTAVLIFYWHMCP>
#	G	D	E	R	K	N	Q	S	T	A	V	L	I	F	Y	W	H	M	C	P
0	0.04256	0.07363	0.23121	0.03199	0.03310	0.24412	0.01140	0.05829	0.06499	0.03605	0.05840	0.05622	0.02446	0.00619	0.00480	0.00150	0.00659	0.00475	0.00318	0.00656
1	0.04253	0.01778	0.01442	0.04420	0.13353	0.44817	0.02417	0.07005	0.01351	0.01500	0.01001	0.05565	0.00880	0.00711	0.03911	0.00170	0.00774	0.00435	0.02146	0.02070
2	0.51333	0.09293	0.01281	0.02455	0.15405	0.03216	0.02385	0.04630	0.01029	0.02025	0.02489	0.01002	0.00718	0.00481	0.00375	0.00150	0.00475	0.00338	0.00301	0.00619
3	0.01581	0.01912	0.04148	0.01777	0.20524	0.45811	0.07009	0.03238	0.01324	0.01421	0.00992	0.02970	0.02476	0.00544	0.00509	0.00144	0.02278	0.00425	0.00270	0.00648
4	0.00722	0.00542	0.00813	0.00813	0.00903	0.00632	0.00632	0.00903	0.00813	0.01174	0.01354	0.01987	0.01264	0.03792	0.80225	0.00813	0.01354	0.00542	0.00271	0.00451
5	0.01085	0.05385	0.06726	0.07860	0.11613	0.04408	0.00919	0.04612	0.15211	0.03700	0.18206	0.05667	0.09414	0.00783	0.00531	0.00161	0.00459	0.02212	0.00412	0.00636
6	0.05324	0.01625	0.01307	0.01179	0.05540	0.36704	0.00868	0.04793	0.05986	0.14726	0.01107	0.01158	0.00836	0.00519	0.00451	0.00130	0.00648	0.00376	0.00356	0.16367
7	0.02979	0.01469	0.18906	0.13204	0.14170	0.06908	0.02544	0.07783	0.08694	0.04871	0.04612	0.04084	0.01110	0.02426	0.01691	0.00177	0.02861	0.00498	0.00324	0.00688
8	0.00631	0.00476	0.00584	0.00637	0.00724	0.00429	0.00447	0.00760	0.01112	0.01460	0.18672	0.44734	0.24720	0.01389	0.00622	0.00186	0.00272	0.01229	0.00487	0.00429
9	0.00943	0.02652	0.03440	0.02760	0.02988	0.02183	0.15440	0.06717	0.01154	0.01551	0.10095	0.14954	0.07728	0.08947	0.12304	0.00296	0.01997	0.02949	0.00366	0.00534
10	0.00764	0.00505	0.00658	0.00680	0.00740	0.00506	0.00465	0.00859	0.00914	0.04992	0.06678	0.28627	0.03965	0.28001	0.18900	0.00426	0.00595	0.00928	0.00386	0.00412
11	0.01352	0.82533	0.02650	0.00865	0.01298	0.02001	0.00865	0.01514	0.01027	0.01190	0.00703	0.00811	0.00649	0.00433	0.00324	0.00108	0.00541	0.00270	0.00216	0.00649
12	0.53825	0.00924	0.00889	0.00759	0.01086	0.00988	0.00627	0.01796	0.02658	0.26349	0.01231	0.01361	0.00903	0.00568	0.00397	0.00160	0.00407	0.04002	0.00422	0.00647
13	0.02250	0.00890	0.01192	0.00914	0.01306	0.00787	0.00755	0.06457	0.01497	0.75362	0.01953	0.01694	0.01231	0.00625	0.00508	0.00156	0.00437	0.00506	0.00619	0.00861
14	0.01889	0.02410	0.01433	0.01303	0.01563	0.80199	0.00977	0.02019	0.01433	0.01238	0.00782	0.00912	0.00651	0.00521	0.00456	0.00130	0.00912	0.00326	0.00261	0.00586
15	0.85801	0.00978	0.00743	0.00665	0.00978	0.01134	0.00548	0.01486	0.00861	0.02269	0.00704	0.00821	0.00548	0.00469	0.00313	0.00156	0.00391	0.00274	0.00313	0.00548
16	0.00709	0.00517	0.00667	0.00630	0.00752	0.00474	0.00472	0.00942	0.01417	0.01993	0.74881	0.03835	0.08719	0.01047	0.00596	0.00160	0.00239	0.00923	0.00552	0.00474
17	0.85801	0.00978	0.00743	0.00665	0.00978	0.01134	0.00548	0.01486	0.00861	0.02269	0.00704	0.00821	0.00548	0.00469	0.00313	0.00156	0.00391	0.00274	0.00313	0.00548
18	0.17382	0.00952	0.01139	0.00890	0.01269	0.00918	0.00735	0.11680	0.01457	0.55867	0.01663	0.01494	0.01075	0.00595	0.00473	0.00156	0.00439	0.00459	0.00554	0.00804
19	0.00860	0.00766	0.01055	0.11376	0.17594	0.02455	0.00832	0.01080	0.02807	0.01434	0.02697	0.20736	0.24600	0.01008	0.00566	0.00171	0.00423	0.04517	0.00380	0.04641
20	0.01511	0.00994	0.01573	0.02041	0.42345	0.00952	0.01149	0.01768	0.01276	0.27093	0.08869	0.01864	0.01432	0.00610	0.00522	0.00157	0.00504	0.04155	0.00413	0.00773
21	0.00967	0.00596	0.00773	0.00782	0.00943	0.00558	0.00633	0.01186	0.03139	0.13384	0.13609	0.15082	0.16417	0.01217	0.00626	0.00195	0.00366	0.28501	0.00505	0.00521
22	0.01140	0.01184	0.03902	0.12101	0.38758	0.09742	0.04622	0.01395	0.01125	0.01482	0.01317	0.18334	0.01302	0.00706	0.00531	0.00163	0.00595	0.00650	0.00294	0.00658
23	0.05967	0.06099	0.30753	0.01472	0.11044	0.01084	0.11856	0.01484	0.01081	0.05983	0.01360	0.01580	0.07103	0.03332	0.06065	0.00212	0.00682	0.00488	0.00282	0.02072
24	0.03225	0.00513	0.00589	0.00602	0.00646	0.00503	0.00380	0.00814	0.00848	0.03261	0.02095	0.14929	0.08388	0.55269	0.01917	0.00391	0.00437	0.04472	0.00360	0.00361
25	0.01076	0.01057	0.01758	0.01720	0.19569	0.03191	0.24508	0.05053	0.05320	0.01642	0.04031	0.08662	0.16792	0.00813	0.02337	0.00181	0.00588	0.00717	0.00349	0.00638
26	0.01213	0.01473	0.18510	0.10401	0.30520	0.05773	0.01349	0.06405	0.02716	0.03592	0.01173	0.03714	0.03004	0.02839	0.00553	0.00162	0.00614	0.00476	0.00288	0.05224
27	0.02415	0.00937	0.03086	0.20155	0.08426	0.02611	0.07917	0.03690	0.03253	0.04055	0.02541	0.11320	0.02960	0.02772	0.14418	0.00291	0.07644	0.00622	0.00311	0.00577
28	0.00643	0.00464	0.00610	0.00716	0.00765	0.00436	0.00503	0.00750	0.01000	0.01316	0.02907	0.64803	0.08555	0.03608	0.00698	0.00214	0.00318	0.10814	0.00465	0.00416
29	0.21587	0.11604	0.12843	0.02799	0.09294	0.09843	0.07340	0.04634	0.01125	0.03001	0.03828	0.01209	0.00863	0.00541	0.00522	0.00155	0.06206	0.01674	0.00287	0.00644
30	0.30911	0.27463	0.06306	0.01010	0.04556	0.09570	0.02116	0.04199	0.05144	0.01747	0.00869	0.01040	0.00723	0.00497	0.00379	0.00141	0.00538	0.01874	0.00287	0.00631
31	0.02893	0.01145	0.05833	0.00969	0.01263	0.06952	0.00805	0.21973	0.11068	0.13107	0.10599	0.09673	0.01720	0.02624	0.03778	0.00193	0.00511	0.00620	0.03588	0.00688
32	0.00621	0.00454	0.00586	0.00689	0.00738	0.00419	0.00471	0.00719	0.00998	0.01308	0.03070	0.69729	0.12595	0.01540	0.00641	0.00202	0.00295	0.04040	0.00469	0.00415
33	0.01324	0.21588	0.03658	0.03671	0.12336	0.15131	0.10671	0.02803	0.08996	0.03198	0.03440	0.04271	0.05618	0.00592	0.00476	0.00145	0.00612	0.00498	0.00311	0.00660
34	0.00647	0.00508	0.00569	0.00563	0.00707	0.00443	0.00419	0.00811	0.01229	0.01591	0.28815	0.09074	0.48097	0.01200	0.00593	0.00168	0.00252	0.01023	0.02848	0.00443
35	0.01275	0.09244	0.19971	0.04854	0.10709	0.19526	0.07613	0.02829	0.03451	0.01556	0.10718	0.01434	0.01225	0.00568	0.00523	0.00150	0.02945	0.00461	0.00290	0.00658
36	0.00702	0.00529	0.00671	0.00699	0.00804	0.00504	0.00529	0.00901	0.02793	0.01618	0.30435	0.25412	0.17112	0.01272	0.00645	0.00186	0.01949	0.12287	0.00496	0.00457
37	0.00760	0.00575	0.00762	0.00743	0.00798	0.00652	0.00540	0.00868	0.00818	0.01150	0.01683	0.04796	0.06998	0.29638	0.35925	0.00562	0.09014	0.00658	0.02653	0.00410
38	0.01889	0.02410	0.01433	0.01303	0.01563	0.80199	0.00977	0.02019	0.01433	0.01238	0.00782	0.00912	0.00651	0.00521	0.00456	0.00130	0.00912	0.00326	0.00261	0.00586
39	0.01398	0.45367	0.02136	0.01133	0.06412	0.05729	0.04328	0.14129	0.05026	0.01642	0.02685	0.05940	0.00993	0.00562	0.00419	0.00132	0.00552	0.00429	0.00308	0.00681

[dist]
# distance from previous block
# <min> <max>
1	5

[block]
# block no. 7 follows, 49 sequences, length 23
# corresponding to MSA columns:
# 1640,1641,1654-1674
name=unknown_H
#
# <colnr> <probs for GDERKNQSTAVLIFYWHMCP>
#	G	D	E	R	K	N	Q	S	T	A	V	L	I	F	Y	W	H	M	C	P
0	0.77478	0.01088	0.06172	0.03096	0.01135	0.01137	0.00664	0.01489	0.00879	0.02194	0.00724	0.00854	0.00558	0.00471	0.00330	0.00157	0.00424	0.00286	0.00304	0.00562
1	0.04958	0.04233	0.14732	0.02438	0.49099	0.03421	0.07459	0.02989	0.01161	0.03401	0.00954	0.01197	0.00763	0.00462	0.00490	0.00152	0.00637	0.00434	0.00260	0.00763
2	0.00612	0.00457	0.00569	0.00658	0.00721	0.00415	0.00449	0.00709	0.01012	0.01309	0.03346	0.63470	0.21412	0.01512	0.00634	0.00197	0.00284	0.01349	0.00469	0.00415
3	0.01889	0.02410	0.01433	0.01303	0.01563	0.80199	0.00977	0.02019	0.01433	0.01238	0.00782	0.00912	0.00651	0.00521	0.00456	0.00130	0.00912	0.00326	0.00261	0.00586
4	0.00945	0.05134	0.06857	0.01033	0.01148	0.01086	0.00880	0.02747	0.00862	0.01253	0.01125	0.06092	0.01124	0.10188	0.26037	0.00421	0.31744	0.00546	0.00265	0.00514
5	0.01120	0.04323	0.16320	0.01575	0.19853	0.13173	0.01181	0.01403	0.01158	0.01485	0.01577	0.11161	0.01592	0.00847	0.00553	0.00176	0.00604	0.20954	0.00326	0.00618
6	0.00993	0.00520	0.00525	0.00507	0.00640	0.00528	0.00385	0.05100	0.01128	0.01952	0.01627	0.01851	0.01274	0.00590	0.00361	0.00120	0.00252	0.00470	0.80686	0.00491
7	0.85801	0.00978	0.00743	0.00665	0.00978	0.01134	0.00548	0.01486	0.00861	0.02269	0.00704	0.00821	0.00548	0.00469	0.00313	0.00156	0.00391	0.00274	0.00313	0.00548
8	0.02246	0.00897	0.01196	0.00917	0.01309	0.00797	0.00757	0.07337	0.01508	0.74466	0.01944	0.01688	0.01226	0.00625	0.00508	0.00156	0.00438	0.00505	0.00618	0.00861
9	0.01352	0.82533	0.02650	0.00865	0.01298	0.02001	0.00865	0.01514	0.01027	0.01190	0.00703	0.00811	0.00649	0.00433	0.00324	0.00108	0.00541	0.00270	0.00216	0.00649
10	0.00759	0.00576	0.00801	0.00782	0.00839	0.00671	0.00579	0.00882	0.00787	0.01122	0.01363	0.02291	0.01377	0.26113	0.51083	0.00669	0.08021	0.00589	0.00277	0.00419
11	0.00709	0.00517	0.00667	0.00629	0.00751	0.00474	0.00472	0.00941	0.01416	0.01990	0.74635	0.03839	0.08967	0.01048	0.00596	0.00160	0.00240	0.00923	0.00552	0.00474
12	0.01223	0.01161	0.01972	0.02963	0.74000	0.01161	0.01504	0.01519	0.01152	0.01643	0.01063	0.01541	0.00938	0.00512	0.00513	0.00156	0.00592	0.05343	0.00264	0.00779
13	0.01023	0.00775	0.00898	0.00788	0.00991	0.00800	0.00613	0.16231	0.12550	0.02227	0.47940	0.03072	0.08209	0.00916	0.00567	0.00160	0.00325	0.00785	0.00535	0.00595
