[name]
unknown

[dist]
# distance from previous block
# <min> <max>
2	424

[block]
# block no. 0 follows, 54 sequences, length 12
# corresponding to MSA columns:
# 554-565
name=unknown_A
#
# <colnr> <probs for GDERKNQSTAVLIFYWHMCP>
#	G	D	E	R	K	N	Q	S	T	A	V	L	I	F	Y	W	H	M	C	P
0	0.06924	0.01050	0.03005	0.10051	0.10104	0.05108	0.12510	0.10998	0.10427	0.02873	0.06083	0.08300	0.01259	0.02798	0.03244	0.00183	0.03593	0.00550	0.00335	0.00607
1	0.00824	0.02648	0.03099	0.08314	0.02559	0.00619	0.02172	0.03533	0.02870	0.06672	0.02319	0.43314	0.09489	0.03942	0.00619	0.00185	0.00371	0.05575	0.00403	0.00474
2	0.05133	0.10204	0.06662	0.05349	0.18534	0.08818	0.04160	0.07048	0.02760	0.03020	0.01041	0.06581	0.00926	0.03366	0.03407	0.00173	0.05703	0.00455	0.03207	0.03451
3	0.08884	0.01048	0.06267	0.21629	0.07554	0.01070	0.00999	0.14624	0.03947	0.09809	0.02645	0.03804	0.00897	0.00562	0.00551	0.00150	0.08088	0.00438	0.00328	0.06707
4	0.01074	0.03916	0.07884	0.08879	0.04743	0.04421	0.13243	0.07769	0.03008	0.04091	0.03945	0.04304	0.02716	0.04667	0.08543	0.00233	0.12523	0.03176	0.00294	0.00571
5	0.01070	0.01088	0.01369	0.15306	0.01696	0.15458	0.15076	0.04137	0.06330	0.01438	0.09564	0.10490	0.01561	0.04150	0.00632	0.00172	0.03422	0.06183	0.00324	0.00533
6	0.04231	0.07535	0.04299	0.10668	0.08036	0.10815	0.09430	0.04815	0.08429	0.09183	0.04601	0.03079	0.02735	0.00733	0.05125	0.00182	0.04703	0.00470	0.00318	0.00613
7	0.02980	0.03131	0.21413	0.19547	0.05096	0.07754	0.01149	0.04257	0.05375	0.03339	0.01015	0.03827	0.00857	0.06228	0.03956	0.00199	0.08590	0.00442	0.00260	0.00584
8	0.00603	0.00440	0.00565	0.00641	0.00700	0.00409	0.00452	0.00713	0.00974	0.01287	0.10434	0.54844	0.12822	0.04889	0.00673	0.00197	0.00287	0.08240	0.00439	0.00391
9	0.03976	0.06087	0.28935	0.05710	0.13234	0.01128	0.17459	0.01457	0.03750	0.03159	0.02960	0.04047	0.00870	0.00509	0.00525	0.00152	0.04686	0.00457	0.00251	0.00649
10	0.03066	0.14866	0.18063	0.04511	0.04418	0.07045	0.03745	0.03279	0.11693	0.08281	0.01075	0.01256	0.00852	0.03785	0.05129	0.00191	0.07415	0.00405	0.00292	0.00632
11	0.00954	0.00944	0.01662	0.44671	0.09213	0.01093	0.15781	0.01243	0.00958	0.01281	0.01005	0.01371	0.03846	0.00612	0.02884	0.00179	0.11053	0.00469	0.00227	0.00555

[dist]
# distance from previous block
# <min> <max>
12	69

[block]
# block no. 1 follows, 54 sequences, length 12
# corresponding to MSA columns:
# 645-656
name=unknown_B
#
# <colnr> <probs for GDERKNQSTAVLIFYWHMCP>
#	G	D	E	R	K	N	Q	S	T	A	V	L	I	F	Y	W	H	M	C	P
0	0.02799	0.01195	0.01974	0.04834	0.06475	0.04695	0.37133	0.14121	0.07896	0.05102	0.01179	0.03171	0.02255	0.00568	0.01983	0.00165	0.02959	0.00520	0.00318	0.00658
1	0.01179	0.01210	0.09401	0.10495	0.20375	0.08214	0.07443	0.05967	0.02505	0.07559	0.08161	0.06599	0.01223	0.00605	0.00570	0.00153	0.06885	0.00517	0.00310	0.00630
2	0.00995	0.03089	0.22703	0.15189	0.05193	0.01011	0.03032	0.09646	0.08936	0.01634	0.08454	0.03307	0.10736	0.00647	0.00521	0.00153	0.03284	0.00536	0.00322	0.00612
3	0.00981	0.00878	0.00924	0.00935	0.04466	0.13878	0.03016	0.01173	0.05357	0.06070	0.04240	0.32448	0.07784	0.06059	0.00713	0.00187	0.05154	0.04869	0.00381	0.00486
4	0.01394	0.03472	0.06689	0.09438	0.09822	0.03324	0.00932	0.23268	0.08036	0.14829	0.03231	0.03747	0.06389	0.02671	0.00523	0.00155	0.00491	0.00506	0.00399	0.00684
5	0.06900	0.19341	0.11917	0.09344	0.09792	0.10629	0.04360	0.11004	0.03843	0.05068	0.00946	0.01151	0.00752	0.00489	0.00423	0.00137	0.00582	0.02394	0.00283	0.00645
6	0.01224	0.03180	0.12357	0.12460	0.11899	0.02789	0.06663	0.12559	0.06372	0.09633	0.01337	0.05080	0.04157	0.00609	0.00545	0.00155	0.05158	0.02834	0.00333	0.00655
7	0.00875	0.00681	0.00705	0.00696	0.00842	0.07400	0.00523	0.02894	0.03782	0.08090	0.12188	0.25555	0.25759	0.01108	0.00554	0.00167	0.00339	0.06927	0.00445	0.00470
8	0.01146	0.02319	0.01158	0.04446	0.09428	0.04297	0.06552	0.07258	0.01046	0.13109	0.01389	0.07801	0.01332	0.28548	0.01201	0.00258	0.05423	0.02422	0.00338	0.00528
9	0.01677	0.02120	0.04625	0.06073	0.01589	0.69026	0.00968	0.06033	0.01347	0.01270	0.00762	0.00896	0.00619	0.00488	0.00431	0.00126	0.00813	0.00319	0.00252	0.00565
10	0.00921	0.00605	0.00717	0.00694	0.00839	0.02642	0.00518	0.04215	0.04487	0.12700	0.20050	0.31243	0.13935	0.01092	0.00554	0.00166	0.00309	0.03342	0.00474	0.00496
11	0.01437	0.01155	0.01289	0.01137	0.05660	0.01314	0.00868	0.36038	0.36498	0.02339	0.01438	0.01407	0.01071	0.00606	0.00539	0.00154	0.05375	0.00472	0.00446	0.00757

[dist]
# distance from previous block
# <min> <max>
0	4

[block]
# block no. 2 follows, 54 sequences, length 7
# corresponding to MSA columns:
# 665-671
name=unknown_C
#
# <colnr> <probs for GDERKNQSTAVLIFYWHMCP>
#	G	D	E	R	K	N	Q	S	T	A	V	L	I	F	Y	W	H	M	C	P
0	0.03009	0.04492	0.19728	0.26561	0.09790	0.04566	0.12026	0.03561	0.03000	0.01445	0.02410	0.01301	0.00794	0.00496	0.00500	0.00152	0.02781	0.02531	0.00242	0.00613
1	0.01205	0.09950	0.11943	0.06436	0.09123	0.07766	0.26602	0.07486	0.08034	0.01557	0.00961	0.01160	0.00744	0.00472	0.00526	0.00148	0.04530	0.00439	0.00265	0.00653
2	0.07731	0.03541	0.00759	0.00668	0.00837	0.00618	0.00514	0.02623	0.05116	0.11601	0.21060	0.19454	0.15452	0.02706	0.02313	0.00179	0.00328	0.03552	0.00451	0.00499
3	0.06614	0.05564	0.03180	0.05770	0.01298	0.01028	0.00763	0.21419	0.12372	0.17728	0.08438	0.01848	0.04352	0.04007	0.00548	0.00161	0.00434	0.03370	0.00440	0.00665
4	0.10088	0.13824	0.01250	0.00877	0.01147	0.13520	0.00706	0.15718	0.10504	0.08834	0.05983	0.06400	0.01253	0.07194	0.00588	0.00164	0.00487	0.00482	0.00374	0.00608
5	0.00910	0.00662	0.00825	0.00779	0.00918	0.00681	0.03323	0.05874	0.14897	0.05214	0.06113	0.15235	0.05442	0.22842	0.01045	0.00251	0.00402	0.13691	0.00410	0.00488
6	0.01271	0.30856	0.10607	0.07489	0.13331	0.15314	0.01052	0.04838	0.06115	0.01387	0.03066	0.01056	0.00797	0.00468	0.00403	0.00127	0.00588	0.00352	0.00252	0.00633

[dist]
# distance from previous block
# <min> <max>
6	7

[block]
# block no. 3 follows, 54 sequences, length 47
# corresponding to MSA columns:
# 680-684,709-750
name=unknown_D
#
# <colnr> <probs for GDERKNQSTAVLIFYWHMCP>
#	G	D	E	R	K	N	Q	S	T	A	V	L	I	F	Y	W	H	M	C	P
0	0.00860	0.00635	0.02206	0.00774	0.00910	0.00601	0.03137	0.11568	0.01200	0.05244	0.17164	0.46484	0.02831	0.01154	0.00567	0.00173	0.00333	0.03220	0.00454	0.00487
1	0.01002	0.01778	0.44604	0.19986	0.02328	0.01099	0.13964	0.01443	0.01004	0.04040	0.00887	0.01121	0.00643	0.00464	0.00512	0.00155	0.03699	0.00405	0.00221	0.00644
2	0.00696	0.00519	0.00618	0.00697	0.00755	0.04122	0.00487	0.00798	0.00971	0.03883	0.06595	0.67829	0.02985	0.01365	0.00590	0.00186	0.00311	0.05744	0.00438	0.00411
3	0.00637	0.00480	0.00658	0.09001	0.00953	0.00486	0.00533	0.00757	0.00914	0.01213	0.06044	0.47763	0.07997	0.09309	0.07644	0.00258	0.00413	0.04154	0.00388	0.00397
4	0.08379	0.10568	0.64304	0.01224	0.01846	0.02978	0.01522	0.01484	0.00983	0.01500	0.00808	0.00948	0.00591	0.00443	0.00419	0.00143	0.00652	0.00330	0.00208	0.00668
5	0.01546	0.22835	0.02924	0.00998	0.01344	0.14700	0.00851	0.38119	0.02924	0.02019	0.01110	0.01159	0.04366	0.00563	0.00455	0.02120	0.00555	0.00386	0.00352	0.00674
6	0.00642	0.00473	0.00604	0.00614	0.00716	0.00435	0.00460	0.00821	0.01188	0.01619	0.46481	0.19437	0.15292	0.01131	0.00574	0.00165	0.00255	0.08186	0.00483	0.00425
7	0.01078	0.01859	0.48468	0.15145	0.02168	0.01113	0.07723	0.07472	0.01101	0.05653	0.00921	0.01105	0.00658	0.00475	0.00497	0.00152	0.03102	0.00391	0.00245	0.00671
8	0.08031	0.02423	0.03777	0.03318	0.01334	0.07619	0.00806	0.27002	0.16369	0.15226	0.04856	0.04737	0.01186	0.00612	0.00462	0.00147	0.00472	0.00482	0.00440	0.00701
9	0.00579	0.00436	0.00537	0.00601	0.00673	0.00393	0.00417	0.00686	0.00994	0.01293	0.11183	0.53468	0.24334	0.01347	0.00585	0.00178	0.00259	0.01196	0.00446	0.00393
10	0.00977	0.04182	0.68088	0.01422	0.02081	0.01127	0.12610	0.01494	0.01011	0.01487	0.00857	0.01029	0.00614	0.00440	0.00460	0.00150	0.00706	0.00376	0.00205	0.00686
11	0.03041	0.18584	0.19635	0.01124	0.01522	0.29222	0.02969	0.04889	0.08871	0.04572	0.00923	0.01003	0.00717	0.00480	0.00415	0.00131	0.00656	0.00343	0.00271	0.00634
12	0.01197	0.03498	0.03449	0.14795	0.48797	0.01056	0.01257	0.01518	0.04483	0.09807	0.04770	0.01348	0.00970	0.00481	0.00468	0.00144	0.00532	0.00444	0.00289	0.00698
13	0.00772	0.00538	0.00739	0.00688	0.00822	0.00498	0.04059	0.00958	0.01179	0.06503	0.41445	0.08319	0.12689	0.08610	0.00735	0.00189	0.00312	0.10032	0.00464	0.00451
14	0.01165	0.49779	0.17584	0.00930	0.01340	0.07809	0.00962	0.01418	0.02396	0.01254	0.05992	0.01071	0.00903	0.00633	0.04853	0.00152	0.00590	0.00334	0.00233	0.00600
15	0.02741	0.01039	0.01463	0.06948	0.33183	0.03693	0.02755	0.08358	0.12255	0.13465	0.02747	0.01501	0.04206	0.00624	0.02802	0.00163	0.00524	0.00474	0.00354	0.00704
16	0.07638	0.01524	0.01168	0.01069	0.03113	0.35968	0.00803	0.09979	0.22012	0.03463	0.01258	0.04966	0.01852	0.00587	0.00444	0.00140	0.00590	0.00438	0.02366	0.00622
17	0.02278	0.02734	0.01158	0.07864	0.01314	0.08122	0.15165	0.01042	0.01058	0.01354	0.11387	0.23195	0.15010	0.04251	0.00614	0.00174	0.00459	0.01992	0.00359	0.00471
18	0.01226	0.00978	0.01101	0.00827	0.01211	0.00899	0.00666	0.26108	0.03479	0.01993	0.01042	0.04809	0.00862	0.00478	0.00404	0.00101	0.00401	0.00381	0.00354	0.52682
19	0.02198	0.15586	0.51087	0.01138	0.01676	0.01164	0.01347	0.05236	0.03304	0.01506	0.03120	0.05709	0.00931	0.02237	0.00478	0.00151	0.00597	0.01636	0.00250	0.00649
20	0.00762	0.00564	0.00658	0.00666	0.00767	0.00571	0.00474	0.01079	0.15243	0.02980	0.08570	0.23524	0.12724	0.22290	0.01034	0.00247	0.00345	0.06643	0.00415	0.00443
21	0.01022	0.01005	0.01803	0.41943	0.30162	0.01096	0.13472	0.01337	0.01015	0.01370	0.00873	0.01228	0.00684	0.00442	0.00483	0.00151	0.00631	0.00441	0.00222	0.00619
22	0.00996	0.00958	0.01559	0.51546	0.25310	0.02438	0.01320	0.01280	0.00969	0.01295	0.00833	0.01206	0.00662	0.00485	0.00556	0.00156	0.07210	0.00417	0.00217	0.00588
23	0.00999	0.02364	0.77328	0.01321	0.02002	0.01077	0.01694	0.01530	0.01012	0.05125	0.00893	0.01023	0.00623	0.00454	0.00449	0.00149	0.00683	0.00354	0.00217	0.00702
24	0.00577	0.00465	0.00515	0.00538	0.00662	0.00403	0.00394	0.00701	0.01063	0.01321	0.11462	0.21495	0.54283	0.01236	0.00569	0.00167	0.00250	0.03054	0.00445	0.00400
25	0.04200	0.01084	0.01221	0.00960	0.01299	0.01148	0.00785	0.46025	0.06339	0.22300	0.06415	0.03574	0.01214	0.00620	0.00476	0.00146	0.00451	0.00490	0.00497	0.00757
26	0.01058	0.01013	0.01724	0.28745	0.47146	0.01098	0.03668	0.01343	0.01016	0.01408	0.00903	0.01303	0.00753	0.00478	0.00525	0.00151	0.04341	0.02446	0.00230	0.00652
27	0.00588	0.00425	0.00558	0.00644	0.00690	0.00395	0.00441	0.00692	0.00967	0.01292	0.11738	0.67680	0.07628	0.01398	0.00595	0.00185	0.00269	0.02975	0.00447	0.00392
28	0.11930	0.31776	0.42288	0.01057	0.01596	0.01370	0.01246	0.01450	0.00957	0.01433	0.00753	0.00880	0.00589	0.00430	0.00375	0.00131	0.00585	0.00302	0.00212	0.00640
29	0.00733	0.00518	0.00606	0.00577	0.00678	0.00491	0.00404	0.04622	0.01096	0.03293	0.29511	0.07844	0.19520	0.26749	0.01128	0.00249	0.00321	0.00828	0.00423	0.00407
30	0.07119	0.06432	0.04800	0.01266	0.03625	0.38750	0.12645	0.08467	0.04783	0.05021	0.00914	0.01031	0.00709	0.00481	0.00438	0.00134	0.00696	0.00371	0.01705	0.00613
31	0.01388	0.00822	0.01009	0.00858	0.01097	0.06235	0.04469	0.05021	0.04273	0.31624	0.13453	0.06814	0.03300	0.08137	0.00686	0.00184	0.00428	0.09125	0.00471	0.00605
32	0.05412	0.00859	0.01154	0.00886	0.01246	0.00785	0.03569	0.08830	0.01394	0.65636	0.04050	0.01575	0.01190	0.00581	0.00472	0.00146	0.00419	0.00475	0.00548	0.00774
33	0.01011	0.03899	0.07757	0.30879	0.04020	0.01131	0.39089	0.01370	0.01031	0.01377	0.00941	0.03604	0.00742	0.00460	0.00509	0.00156	0.00699	0.00502	0.00230	0.00593
34	0.03321	0.01946	0.01266	0.01554	0.30126	0.00823	0.03752	0.05676	0.01128	0.09634	0.03096	0.19308	0.11768	0.00813	0.00513	0.00158	0.00431	0.03717	0.00366	0.00604
35	0.03200	0.01211	0.01123	0.00961	0.01235	0.20524	0.00758	0.11932	0.12955	0.25707	0.04664	0.05012	0.01295	0.01941	0.00522	0.00152	0.01721	0.03981	0.00440	0.00666
36	0.01993	0.00998	0.01216	0.00932	0.01301	0.00984	0.00770	0.31265	0.01677	0.51384	0.01585	0.01426	0.01029	0.00577	0.00473	0.00144	0.00446	0.00455	0.00541	0.00802
37	0.01183	0.07865	0.39931	0.01350	0.03902	0.02716	0.11823	0.11361	0.05740	0.04816	0.00975	0.01104	0.00716	0.00485	0.00503	0.00148	0.04018	0.00398	0.00273	0.00693
38	0.00815	0.00681	0.01927	0.00882	0.01047	0.00647	0.12059	0.07485	0.01107	0.03206	0.08862	0.38261	0.14247	0.02493	0.01814	0.00186	0.02420	0.00978	0.00407	0.00478
39	0.03349	0.01325	0.01478	0.02924	0.01543	0.09324	0.07676	0.50723	0.01841	0.11162	0.01127	0.01161	0.00801	0.00548	0.00500	0.00144	0.02778	0.00426	0.00425	0.00743
40	0.00803	0.00567	0.00696	0.03393	0.00876	0.03770	0.00526	0.00930	0.00987	0.08656	0.07428	0.46472	0.08043	0.01503	0.10853	0.00247	0.00442	0.01000	0.00414	0.02393
41	0.00969	0.00698	0.00807	0.00759	0.00937	0.00725	0.00574	0.03749	0.27659	0.08778	0.16594	0.21358	0.10508	0.01849	0.00553	0.00167	0.00317	0.01951	0.00479	0.00568
42	0.01004	0.00963	0.01546	0.51187	0.27541	0.03371	0.01317	0.01318	0.02407	0.01329	0.00915	0.01336	0.00736	0.00481	0.00474	0.00152	0.00603	0.02495	0.00229	0.00597
43	0.02616	0.05614	0.69267	0.01329	0.04060	0.03098	0.01614	0.01526	0.01014	0.04400	0.00870	0.01005	0.00621	0.00451	0.00440	0.00146	0.00672	0.00348	0.00217	0.00691
44	0.01143	0.33383	0.39501	0.03304	0.01693	0.03364	0.03011	0.01526	0.03264	0.04569	0.00844	0.00960	0.00651	0.00442	0.00397	0.00131	0.00606	0.00327	0.00226	0.00658
45	0.07997	0.03587	0.04672	0.03477	0.01450	0.01835	0.25396	0.01137	0.00989	0.03546	0.03127	0.35367	0.01769	0.00882	0.00557	0.00169	0.02358	0.00833	0.00336	0.00515
46	0.24738	0.11674	0.12219	0.01188	0.11491	0.08143	0.00951	0.07893	0.04502	0.04006	0.00897	0.03195	0.00734	0.00514	0.00469	0.00143	0.05970	0.00365	0.00286	0.00621

[dist]
# distance from previous block
# <min> <max>
0	8

[block]
# block no. 4 follows, 54 sequences, length 25
# corresponding to MSA columns:
# 759-771,776-787
name=unknown_E
#
# <colnr> <probs for GDERKNQSTAVLIFYWHMCP>
#	G	D	E	R	K	N	Q	S	T	A	V	L	I	F	Y	W	H	M	C	P
0	0.06981	0.01900	0.01475	0.01429	0.11087	0.56039	0.06577	0.06466	0.01308	0.01398	0.00784	0.00931	0.00638	0.00473	0.00434	0.00129	0.00760	0.00340	0.00258	0.00591
1	0.06313	0.11301	0.02345	0.00975	0.01216	0.00873	0.16293	0.01228	0.07138	0.04884	0.07797	0.26279	0.06399	0.00879	0.00514	0.00162	0.00433	0.04074	0.00371	0.00528
2	0.06888	0.00953	0.01351	0.37836	0.05371	0.06756	0.06922	0.01491	0.01076	0.17655	0.01272	0.01593	0.03882	0.00555	0.00475	0.00154	0.00566	0.04298	0.00317	0.00590
3	0.01192	0.13045	0.08194	0.25656	0.06055	0.06109	0.08918	0.14549	0.01228	0.02981	0.02825	0.05277	0.00889	0.00531	0.00459	0.00144	0.00593	0.00454	0.00284	0.00617
4	0.01810	0.01327	0.01432	0.01255	0.01549	0.01329	0.00941	0.32294	0.16876	0.05727	0.08801	0.08436	0.07204	0.01256	0.05667	0.00287	0.00644	0.01602	0.00628	0.00932
5	0.00726	0.00508	0.00689	0.07416	0.00949	0.00490	0.00544	0.00898	0.01118	0.05475	0.31881	0.30445	0.08940	0.01121	0.00568	0.00170	0.00300	0.06859	0.00457	0.00444
6	0.01168	0.01144	0.02059	0.12713	0.41401	0.01160	0.23762	0.07860	0.01163	0.01607	0.00920	0.01206	0.00727	0.00432	0.00494	0.00148	0.00633	0.00460	0.00252	0.00691
7	0.09093	0.00881	0.01104	0.00854	0.01214	0.00826	0.00705	0.12428	0.01420	0.63918	0.01663	0.01472	0.01064	0.00569	0.00459	0.00145	0.00414	0.00449	0.00544	0.00778
8	0.00658	0.00498	0.00606	0.00647	0.00744	0.00475	0.00479	0.00862	0.05820	0.01382	0.14547	0.29417	0.21333	0.07177	0.00715	0.00199	0.00303	0.13278	0.00441	0.00419
9	0.18162	0.01117	0.07835	0.06081	0.01469	0.01051	0.05984	0.23078	0.01412	0.22310	0.05993	0.01333	0.01027	0.00543	0.00446	0.00147	0.00481	0.00432	0.00414	0.00686
10	0.00989	0.06874	0.10048	0.07567	0.01227	0.00838	0.00774	0.07363	0.01230	0.07950	0.36645	0.02317	0.02459	0.05493	0.00677	0.00167	0.05823	0.00614	0.00402	0.00544
11	0.12510	0.01272	0.01457	0.01146	0.01497	0.07104	0.12426	0.37924	0.15904	0.02330	0.01158	0.01200	0.00854	0.00532	0.00459	0.00147	0.00538	0.00433	0.00399	0.00711
12	0.00907	0.00585	0.00767	0.07438	0.01024	0.00569	0.00576	0.01170	0.06370	0.13083	0.32393	0.14858	0.12630	0.00968	0.00544	0.00161	0.00312	0.04663	0.00474	0.00508
13	0.01607	0.06717	0.06380	0.01017	0.01388	0.01313	0.00884	0.56173	0.01913	0.07388	0.09331	0.01375	0.01176	0.00590	0.00468	0.00140	0.00491	0.00456	0.00448	0.00745
14	0.01244	0.01290	0.07945	0.14219	0.10488	0.15723	0.03556	0.03310	0.14965	0.07472	0.02995	0.01568	0.01052	0.00643	0.02030	0.00165	0.05127	0.05260	0.00321	0.00627
15	0.00707	0.00500	0.00651	0.05182	0.00889	0.00485	0.00523	0.00881	0.04753	0.05256	0.02715	0.55356	0.13047	0.01288	0.00579	0.00183	0.00310	0.05825	0.00434	0.00434
16	0.01175	0.01241	0.07977	0.01698	0.05016	0.01084	0.52305	0.05777	0.01178	0.08148	0.01321	0.02718	0.05983	0.00506	0.00536	0.00157	0.00683	0.01557	0.00295	0.00646
17	0.02945	0.26557	0.23620	0.12073	0.07556	0.04818	0.07079	0.07525	0.01098	0.01458	0.00812	0.00991	0.00638	0.00442	0.00414	0.00134	0.00613	0.00352	0.00232	0.00643
18	0.01121	0.08322	0.18339	0.17859	0.30106	0.06955	0.01327	0.03263	0.01062	0.01434	0.00841	0.01080	0.00669	0.00439	0.00441	0.00137	0.00606	0.00375	0.00228	0.05397
19	0.01143	0.07123	0.06279	0.14313	0.08089	0.00978	0.02720	0.11580	0.05230	0.09642	0.11349	0.07721	0.01571	0.04208	0.00590	0.00166	0.01923	0.04405	0.00367	0.00603
20	0.01189	0.22068	0.24712	0.12957	0.03674	0.11324	0.01168	0.06341	0.05040	0.01433	0.00855	0.01006	0.00669	0.00456	0.00411	0.00130	0.00609	0.00341	0.00243	0.05373
21	0.12923	0.03679	0.07718	0.07619	0.02060	0.02823	0.04359	0.09674	0.03481	0.17521	0.02814	0.04921	0.02567	0.00699	0.02042	0.00163	0.00490	0.08708	0.00379	0.05359
22	0.01041	0.23438	0.09246	0.03057	0.05790	0.07477	0.13090	0.01283	0.01061	0.01350	0.10595	0.01752	0.09262	0.00795	0.05972	0.00179	0.02272	0.01495	0.00280	0.00563
23	0.01184	0.01096	0.02428	0.23932	0.13418	0.09946	0.13166	0.01508	0.05435	0.09523	0.06034	0.02916	0.01055	0.00610	0.02437	0.00166	0.03754	0.00485	0.00299	0.00608
24	0.06616	0.02915	0.08991	0.04281	0.08694	0.03914	0.04117	0.18165	0.02357	0.10105	0.07385	0.08902	0.08709	0.00692	0.00501	0.00151	0.01917	0.00576	0.00382	0.00630

[dist]
# distance from previous block
# <min> <max>
17	78

[block]
# block no. 5 follows, 54 sequences, length 22
# corresponding to MSA columns:
# 874-878,893-909
name=unknown_F
#
# <colnr> <probs for GDERKNQSTAVLIFYWHMCP>
#	G	D	E	R	K	N	Q	S	T	A	V	L	I	F	Y	W	H	M	C	P
0	0.01053	0.04377	0.50616	0.04786	0.07488	0.01159	0.15733	0.06468	0.01098	0.01572	0.00881	0.01070	0.00644	0.00444	0.00467	0.00149	0.00686	0.00396	0.00227	0.00686
1	0.00669	0.00441	0.00583	0.00665	0.00711	0.00414	0.00455	0.00757	0.00916	0.05031	0.02460	0.67757	0.02878	0.08596	0.00756	0.00214	0.00305	0.05565	0.00431	0.00398
2	0.03650	0.01845	0.41184	0.01493	0.08922	0.05696	0.13833	0.04704	0.08001	0.04709	0.01000	0.01137	0.00732	0.00466	0.00466	0.00149	0.00652	0.00407	0.00264	0.00690
3	0.04023	0.01171	0.01456	0.14692	0.07709	0.11802	0.09353	0.08570	0.08751	0.01577	0.04085	0.01245	0.00893	0.00542	0.00614	0.00147	0.12406	0.00425	0.00291	0.10247
4	0.00634	0.00464	0.00579	0.00593	0.00679	0.00428	0.00425	0.00781	0.01108	0.01502	0.38057	0.22944	0.15350	0.10340	0.00777	0.00198	0.00272	0.04008	0.00458	0.00405
5	0.00995	0.06034	0.56894	0.01406	0.01982	0.01184	0.13431	0.01454	0.00983	0.01440	0.00830	0.01030	0.00618	0.00478	0.00573	0.00154	0.09262	0.00382	0.00206	0.00664
6	0.01233	0.29719	0.06754	0.11608	0.12973	0.07215	0.03572	0.06498	0.05112	0.03890	0.00958	0.04700	0.00817	0.00509	0.00443	0.00134	0.02566	0.00402	0.00266	0.00632
7	0.02976	0.06121	0.24933	0.10511	0.05952	0.01205	0.28127	0.08933	0.03747	0.01620	0.00933	0.01148	0.00695	0.00447	0.00481	0.00150	0.00671	0.00438	0.00253	0.00662
8	0.00675	0.00501	0.00739	0.00739	0.00816	0.00579	0.00565	0.00830	0.00752	0.01080	0.01281	0.01950	0.01221	0.09843	0.75312	0.00734	0.01199	0.00519	0.00255	0.00410
9	0.00966	0.05406	0.29777	0.14183	0.10717	0.01121	0.06963	0.01302	0.00950	0.01351	0.00982	0.09042	0.00876	0.00603	0.00644	0.00161	0.13632	0.00485	0.00232	0.00607
10	0.01196	0.09135	0.01460	0.04292	0.02628	0.06765	0.12024	0.16918	0.05854	0.04536	0.01442	0.21364	0.01397	0.00777	0.00575	0.00159	0.06206	0.02318	0.00358	0.00595
11	0.00591	0.00473	0.00532	0.00563	0.00690	0.00415	0.00425	0.00721	0.01059	0.01312	0.08405	0.18866	0.52729	0.01245	0.00576	0.00171	0.00267	0.10113	0.00442	0.00402
12	0.12698	0.00541	0.00608	0.00574	0.00720	0.00521	0.00437	0.00916	0.01208	0.01798	0.53855	0.03341	0.19218	0.00937	0.00519	0.00150	0.00246	0.00798	0.00471	0.00445
13	0.06187	0.23688	0.08684	0.08621	0.06589	0.22986	0.03178	0.04350	0.04228	0.01374	0.01949	0.00995	0.00710	0.00480	0.00452	0.00132	0.04207	0.00342	0.00247	0.00601
14	0.04734	0.05210	0.01750	0.07097	0.28069	0.10838	0.12945	0.07613	0.04558	0.11092	0.01034	0.01190	0.00785	0.00468	0.00463	0.00142	0.00595	0.00424	0.00305	0.00686
15	0.00586	0.00417	0.00552	0.00656	0.00685	0.00391	0.00440	0.00668	0.00898	0.01196	0.02543	0.76881	0.03039	0.05376	0.00689	0.00205	0.00287	0.03680	0.00430	0.00380
16	0.00996	0.00854	0.00986	0.00722	0.01127	0.00678	0.00576	0.01308	0.08195	0.01576	0.00937	0.01049	0.00766	0.00376	0.00361	0.00078	0.00351	0.00303	0.00298	0.78461
17	0.20158	0.01129	0.04012	0.14484	0.17190	0.07656	0.06325	0.03680	0.04781	0.07947	0.00950	0.01167	0.00740	0.02404	0.00541	0.00157	0.05380	0.00396	0.00288	0.00615
18	0.03750	0.59395	0.05317	0.00910	0.01292	0.15939	0.00859	0.05522	0.01088	0.01257	0.00701	0.00802	0.00613	0.00429	0.00339	0.00110	0.00570	0.00274	0.00225	0.00606
19	0.00879	0.00439	0.00439	0.00439	0.00549	0.00439	0.00330	0.01099	0.00989	0.01758	0.01538	0.01758	0.01209	0.00549	0.00330	0.00110	0.00220	0.00439	0.86047	0.00439
20	0.11510	0.08771	0.21995	0.01091	0.01520	0.06308	0.02161	0.30774	0.05715	0.02087	0.00961	0.01036	0.00714	0.00510	0.00458	0.00142	0.02851	0.00370	0.00332	0.00694
21	0.15302	0.02618	0.22266	0.01225	0.04699	0.02203	0.13148	0.11471	0.03836	0.11977	0.01080	0.03367	0.00808	0.00501	0.00446	0.00146	0.00557	0.00423	0.00325	0.03602

[dist]
# distance from previous block
# <min> <max>
3	17

[block]
# block no. 6 follows, 54 sequences, length 6
# corresponding to MSA columns:
# 927-932
name=unknown_G
#
# <colnr> <probs for GDERKNQSTAVLIFYWHMCP>
#	G	D	E	R	K	N	Q	S	T	A	V	L	I	F	Y	W	H	M	C	P
0	0.00737	0.02621	0.03004	0.00722	0.00847	0.03802	0.00539	0.00964	0.07625	0.01344	0.07616	0.52401	0.05523	0.01230	0.02372	0.00182	0.00346	0.01034	0.00411	0.06679
1	0.00952	0.00780	0.01110	0.19184	0.01568	0.00903	0.04428	0.03206	0.18105	0.04583	0.01380	0.01733	0.02934	0.05970	0.26598	0.00368	0.04830	0.00508	0.00314	0.00546
2	0.00597	0.00430	0.00569	0.00666	0.00712	0.00403	0.00467	0.00701	0.00950	0.01260	0.06352	0.67620	0.06984	0.01421	0.00602	0.00190	0.00286	0.08957	0.00441	0.00392
3	0.00643	0.00502	0.00566	0.00586	0.00705	0.00458	0.00427	0.04821	0.01078	0.01359	0.06826	0.29675	0.42966	0.03919	0.00630	0.00180	0.00278	0.03530	0.00438	0.00414
4	0.07536	0.01227	0.10896	0.06926	0.01508	0.04949	0.00954	0.18930	0.01346	0.27917	0.01193	0.01228	0.00830	0.00573	0.00602	0.00153	0.11726	0.00412	0.00397	0.00698
5	0.01102	0.00879	0.00980	0.00753	0.01112	0.03971	0.00595	0.03679	0.06787	0.07919	0.05823	0.05050	0.01125	0.00490	0.00399	0.00097	0.00369	0.00402	0.00344	0.58124

[dist]
# distance from previous block
# <min> <max>
1	25

[block]
# block no. 7 follows, 54 sequences, length 6
# corresponding to MSA columns:
# 958-963
name=unknown_H
#
# <colnr> <probs for GDERKNQSTAVLIFYWHMCP>
#	G	D	E	R	K	N	Q	S	T	A	V	L	I	F	Y	W	H	M	C	P
0	0.00630	0.00489	0.00630	0.08010	0.00919	0.00471	0.00512	0.00764	0.01003	0.01298	0.11463	0.34424	0.24285	0.06069	0.00683	0.00192	0.00314	0.07024	0.00417	0.00405
1	0.00811	0.11801	0.06809	0.00787	0.00959	0.00746	0.00671	0.04456	0.03690	0.01351	0.02134	0.37228	0.05182	0.04653	0.00626	0.00188	0.00390	0.16661	0.00384	0.00474
2	0.01437	0.00800	0.00974	0.00823	0.01089	0.00800	0.00652	0.05374	0.24416	0.33274	0.19379	0.05387	0.02044	0.00721	0.00499	0.00152	0.00353	0.00609	0.00528	0.00689
3	0.01099	0.00875	0.01178	0.04133	0.05846	0.03838	0.05944	0.15034	0.01081	0.03878	0.01107	0.06633	0.01031	0.07781	0.10678	0.15793	0.12758	0.00514	0.00297	0.00505
4	0.00879	0.00439	0.00439	0.00439	0.00549	0.00439	0.00330	0.01099	0.00989	0.01758	0.01538	0.01758	0.01209	0.00549	0.00330	0.00110	0.00220	0.00439	0.86047	0.00439
5	0.01162	0.18912	0.04013	0.12735	0.04806	0.06653	0.00899	0.11885	0.10061	0.01575	0.06677	0.01659	0.05275	0.02892	0.00573	0.00153	0.05916	0.03236	0.00320	0.00598

[dist]
# distance from previous block
# <min> <max>
0	5

[block]
# block no. 8 follows, 54 sequences, length 45
# corresponding to MSA columns:
# 970-982,990-1006,1008,1009,1012-1024
name=unknown_I
#
# <colnr> <probs for GDERKNQSTAVLIFYWHMCP>
#	G	D	E	R	K	N	Q	S	T	A	V	L	I	F	Y	W	H	M	C	P
0	0.13789	0.14167	0.07437	0.01279	0.13063	0.16942	0.03508	0.04673	0.01133	0.10880	0.01003	0.01279	0.00822	0.00526	0.00452	0.00140	0.02836	0.05146	0.00299	0.00627
1	0.71875	0.00967	0.02168	0.00698	0.00991	0.01087	0.00586	0.06199	0.00897	0.02082	0.00695	0.00816	0.00544	0.00463	0.00375	0.00146	0.04776	0.00277	0.00296	0.04064
2	0.00959	0.00610	0.00739	0.00703	0.00760	0.04658	0.00493	0.06139	0.06669	0.01068	0.00918	0.01408	0.00853	0.01432	0.01576	0.69615	0.00437	0.00414	0.00245	0.00303
3	0.00980	0.00834	0.00883	0.00815	0.01041	0.00915	0.00633	0.03123	0.51142	0.01760	0.03940	0.03945	0.23264	0.00836	0.00511	0.00162	0.00337	0.03785	0.00466	0.00628
4	0.00832	0.00665	0.00822	0.00865	0.05833	0.00691	0.00600	0.02365	0.23270	0.01711	0.29565	0.23018	0.04562	0.00974	0.00541	0.00163	0.00307	0.02212	0.00466	0.00537
5	0.00606	0.00471	0.00551	0.00549	0.00672	0.00416	0.00405	0.00765	0.01164	0.01528	0.36681	0.13938	0.38298	0.01131	0.00562	0.00159	0.00236	0.00978	0.00472	0.00416
6	0.05045	0.01178	0.02338	0.01689	0.02134	0.01113	0.58377	0.05200	0.01191	0.15223	0.01105	0.01301	0.00788	0.00439	0.00527	0.00155	0.00696	0.00523	0.00311	0.00667
7	0.00992	0.00923	0.01528	0.60781	0.20698	0.01082	0.01323	0.04606	0.01027	0.01357	0.00862	0.01231	0.00663	0.00464	0.00470	0.00153	0.00608	0.00420	0.00226	0.00586
8	0.00890	0.00838	0.01414	0.82296	0.03247	0.01048	0.01309	0.01205	0.00943	0.01205	0.00838	0.01257	0.00629	0.00471	0.00471	0.00157	0.00629	0.00419	0.00210	0.00524
9	0.00807	0.00717	0.02556	0.00805	0.00949	0.03164	0.03330	0.02270	0.09719	0.01326	0.07629	0.02449	0.15553	0.07495	0.30619	0.02022	0.05808	0.01979	0.00333	0.00471
10	0.01440	0.52068	0.02033	0.00966	0.01302	0.31168	0.00850	0.01580	0.01092	0.01126	0.00682	0.00796	0.00606	0.00442	0.00373	0.00111	0.02293	0.00274	0.00217	0.00582
11	0.81430	0.06074	0.00804	0.00632	0.00930	0.01108	0.00529	0.01388	0.00812	0.02053	0.00656	0.00765	0.00517	0.00436	0.00292	0.00143	0.00373	0.00255	0.00286	0.00517
12	0.01399	0.01066	0.01192	0.00997	0.01269	0.01199	0.00811	0.37445	0.21084	0.05180	0.01649	0.04307	0.05260	0.00727	0.00593	0.00161	0.07839	0.06675	0.00448	0.00699
13	0.00803	0.00655	0.05525	0.00764	0.03083	0.00530	0.02732	0.01010	0.01186	0.08205	0.38174	0.15996	0.14710	0.00999	0.00551	0.00159	0.00309	0.03660	0.00462	0.00486
14	0.01218	0.51295	0.20140	0.01126	0.06398	0.07832	0.03445	0.01472	0.01008	0.01239	0.00728	0.00859	0.00616	0.00421	0.00363	0.00118	0.00587	0.00298	0.00207	0.00631
15	0.00686	0.00457	0.00514	0.00514	0.00514	0.00457	0.00286	0.00686	0.00686	0.00914	0.01486	0.03086	0.01714	0.83430	0.02400	0.00457	0.00457	0.00686	0.00286	0.00286
16	0.01616	0.25905	0.01666	0.01096	0.01386	0.58400	0.00881	0.01746	0.01226	0.01141	0.00708	0.00823	0.00607	0.00462	0.00390	0.00115	0.00750	0.00289	0.00231	0.00564
17	0.00946	0.00933	0.01444	0.71528	0.03031	0.06053	0.04597	0.01245	0.00974	0.01215	0.00885	0.03494	0.00700	0.00497	0.00476	0.00156	0.00640	0.00443	0.00219	0.00526
18	0.01511	0.01450	0.01438	0.03595	0.18577	0.22447	0.00998	0.26362	0.12861	0.01948	0.01070	0.01154	0.00823	0.00515	0.00456	0.00137	0.00592	0.00403	0.00348	0.03315
19	0.00787	0.00424	0.00607	0.00607	0.00613	0.00430	0.00401	0.00642	0.00636	0.00854	0.00961	0.01739	0.00994	0.15466	0.07444	0.66000	0.00476	0.00462	0.00222	0.00233
20	0.03291	0.05955	0.09329	0.01201	0.03682	0.33186	0.06054	0.11238	0.06371	0.10131	0.03252	0.01147	0.00862	0.00518	0.00462	0.00136	0.01827	0.00389	0.00324	0.00644
21	0.01094	0.28864	0.45850	0.01175	0.01738	0.01347	0.05519	0.01529	0.04384	0.03176	0.00859	0.00979	0.00655	0.00442	0.00408	0.00134	0.00619	0.00339	0.00223	0.00668
22	0.00674	0.00505	0.00758	0.00758	0.00842	0.00589	0.00589	0.00842	0.00758	0.01095	0.01263	0.01852	0.01179	0.03536	0.81561	0.00758	0.01263	0.00505	0.00253	0.00421
23	0.01668	0.00927	0.03554	0.00891	0.01222	0.00856	0.02885	0.20893	0.01532	0.40591	0.14596	0.01901	0.04992	0.00659	0.00492	0.00146	0.00414	0.00545	0.00518	0.00718
24	0.01269	0.07635	0.03766	0.03411	0.08089	0.16692	0.13230	0.06413	0.06473	0.06680	0.08082	0.05598	0.02237	0.00662	0.02075	0.00159	0.06087	0.00509	0.00323	0.00608
25	0.86760	0.00912	0.00693	0.00620	0.00912	0.01058	0.00511	0.01386	0.00802	0.02115	0.00657	0.00766	0.00511	0.00438	0.00292	0.00146	0.00365	0.00255	0.00292	0.00511
26	0.00686	0.00457	0.00514	0.00514	0.00514	0.00457	0.00286	0.00686	0.00686	0.00914	0.01486	0.03086	0.01714	0.83430	0.02400	0.00457	0.00457	0.00686	0.00286	0.00286
27	0.86760	0.00912	0.00693	0.00620	0.00912	0.01058	0.00511	0.01386	0.00802	0.02115	0.00657	0.00766	0.00511	0.00438	0.00292	0.00146	0.00365	0.00255	0.00292	0.00511
28	0.01593	0.11180	0.01476	0.01056	0.01376	0.17723	0.02614	0.38225	0.04398	0.05426	0.03059	0.01230	0.02919	0.00617	0.01909	0.00148	0.03573	0.00414	0.00379	0.00685
29	0.01249	0.00910	0.01068	0.00816	0.01203	0.00713	0.00635	0.01410	0.01161	0.11647	0.08973	0.01528	0.01279	0.00548	0.00456	0.00118	0.00399	0.00415	0.00395	0.65075
30	0.04415	0.09180	0.03292	0.00813	0.01080	0.02477	0.00678	0.05890	0.11381	0.24745	0.16253	0.06195	0.01834	0.02219	0.05561	0.00190	0.00446	0.02275	0.00449	0.00628
31	0.49462	0.01203	0.00993	0.00838	0.01148	0.11411	0.00679	0.24086	0.02855	0.02240	0.00830	0.00903	0.00626	0.00485	0.00365	0.00142	0.00472	0.00316	0.00342	0.00605
32	0.00965	0.07505	0.76092	0.01310	0.01989	0.01143	0.01684	0.01488	0.00993	0.01469	0.00834	0.00981	0.00598	0.00445	0.00439	0.00146	0.00685	0.00342	0.00199	0.00691
33	0.00720	0.00540	0.00701	0.00680	0.00706	0.00614	0.00472	0.00785	0.00720	0.01006	0.01360	0.05768	0.01481	0.46663	0.25206	0.00503	0.10817	0.00627	0.00273	0.00357
34	0.00814	0.00413	0.00619	0.00619	0.00623	0.00416	0.00416	0.00623	0.00619	0.00829	0.00835	0.01449	0.00832	0.01707	0.04752	0.83161	0.00441	0.00413	0.00206	0.00213
35	0.00650	0.00470	0.00557	0.00590	0.00703	0.00416	0.00431	0.00771	0.01040	0.04761	0.09043	0.34178	0.38027	0.01264	0.00576	0.00173	0.00268	0.05216	0.00450	0.00415
36	0.86760	0.00912	0.00693	0.00620	0.00912	0.01058	0.00511	0.01386	0.00802	0.02115	0.00657	0.00766	0.00511	0.00438	0.00292	0.00146	0.00365	0.00255	0.00292	0.00511
37	0.01532	0.01892	0.01183	0.01107	0.01308	0.65834	0.00819	0.01646	0.01252	0.01164	0.01091	0.16769	0.01093	0.00678	0.00459	0.00135	0.00739	0.00504	0.00281	0.00515
38	0.02470	0.12471	0.50972	0.11314	0.03408	0.01204	0.04349	0.03833	0.03057	0.01478	0.00859	0.01031	0.00636	0.00451	0.00436	0.00144	0.00646	0.00359	0.00220	0.00664
39	0.01633	0.01056	0.01229	0.00985	0.01298	0.10818	0.07223	0.12246	0.05999	0.35332	0.03998	0.01809	0.08785	0.00699	0.02125	0.00160	0.01959	0.01499	0.00460	0.00687
40	0.00608	0.00444	0.00580	0.00677	0.00735	0.00416	0.00491	0.00721	0.00958	0.01252	0.02827	0.59133	0.11815	0.01411	0.00606	0.00193	0.00301	0.16001	0.00437	0.00395
41	0.01035	0.01040	0.01412	0.01217	0.01227	0.03478	0.01009	0.01141	0.00740	0.01133	0.00650	0.01062	0.00643	0.00933	0.04964	0.00228	0.76952	0.00414	0.00209	0.00512
42	0.00955	0.00929	0.02854	0.40070	0.05494	0.01091	0.10128	0.01209	0.00912	0.02646	0.00934	0.05153	0.00810	0.02159	0.04041	0.00199	0.19161	0.00485	0.00233	0.00537
43	0.00579	0.00416	0.00551	0.00658	0.00691	0.00388	0.00445	0.00666	0.00912	0.01211	0.02650	0.79020	0.05017	0.01465	0.00602	0.00191	0.00277	0.03438	0.00438	0.00385
44	0.01200	0.01026	0.01081	0.00965	0.01236	0.01185	0.00753	0.05832	0.76266	0.02016	0.01885	0.01732	0.01412	0.00636	0.00479	0.00159	0.00379	0.00528	0.00479	0.00749

[dist]
# distance from previous block
# <min> <max>
0	9

[block]
# block no. 9 follows, 54 sequences, length 124
# corresponding to MSA columns:
# 1034-1076,1078-1102,1104-1144,1147-1161
name=unknown_J
#
# <colnr> <probs for GDERKNQSTAVLIFYWHMCP>
#	G	D	E	R	K	N	Q	S	T	A	V	L	I	F	Y	W	H	M	C	P
0	0.05063	0.02977	0.01446	0.27398	0.16141	0.01051	0.04483	0.13869	0.01232	0.13804	0.01172	0.07237	0.00941	0.00562	0.00472	0.00151	0.00530	0.00491	0.00335	0.00647
1	0.01304	0.62828	0.05522	0.00957	0.02545	0.12161	0.03548	0.02756	0.01036	0.01184	0.00728	0.02200	0.00657	0.00437	0.00344	0.00110	0.00565	0.00297	0.00217	0.00604
2	0.01732	0.07042	0.01403	0.01191	0.01443	0.76847	0.00905	0.01855	0.01314	0.01151	0.00725	0.00845	0.00607	0.00481	0.00418	0.00120	0.00830	0.00301	0.00241	0.00550
3	0.00929	0.02671	0.00543	0.00493	0.00620	0.03292	0.00375	0.01179	0.03555	0.01727	0.01500	0.01701	0.01180	0.00546	0.00337	0.00112	0.00254	0.00433	0.78097	0.00457
4	0.01445	0.01139	0.01217	0.01014	0.01327	0.01285	0.00816	0.37834	0.41084	0.02416	0.01575	0.01591	0.01188	0.00628	0.00482	0.00153	0.00443	0.03126	0.00474	0.00761
5	0.01334	0.01084	0.01566	0.25601	0.12207	0.01189	0.08954	0.28197	0.05303	0.06085	0.01107	0.01352	0.00834	0.00526	0.00485	0.00151	0.00569	0.02430	0.00345	0.00683
6	0.00646	0.00441	0.00594	0.00692	0.00741	0.00415	0.00492	0.00750	0.00942	0.03522	0.02563	0.69524	0.03004	0.01426	0.00605	0.00194	0.00300	0.12306	0.00441	0.00402
7	0.00947	0.00961	0.04347	0.62424	0.09021	0.01066	0.09193	0.02594	0.00993	0.01302	0.00888	0.02595	0.00690	0.00477	0.00481	0.00156	0.00635	0.00446	0.00222	0.00561
8	0.00593	0.00479	0.00527	0.00515	0.00659	0.00413	0.00386	0.00745	0.01158	0.01473	0.29096	0.04210	0.55853	0.01120	0.00557	0.00156	0.00234	0.00949	0.00464	0.00413
9	0.01149	0.36753	0.12921	0.03615	0.01393	0.13049	0.04310	0.01367	0.01049	0.01261	0.06335	0.04758	0.05406	0.00576	0.00443	0.00130	0.02979	0.01676	0.00257	0.00571
10	0.00688	0.00496	0.00664	0.00758	0.00842	0.00482	0.00611	0.00847	0.01010	0.01313	0.02641	0.26654	0.08785	0.06291	0.00736	0.00220	0.00376	0.45752	0.00426	0.00408
11	0.01025	0.00991	0.03052	0.05063	0.10196	0.02477	0.18287	0.03761	0.23552	0.01659	0.09443	0.06676	0.05976	0.00751	0.02620	0.00174	0.00516	0.02794	0.00368	0.00620
12	0.01261	0.83713	0.02471	0.00807	0.01210	0.01866	0.00807	0.01412	0.00958	0.01109	0.00656	0.00756	0.00605	0.00403	0.00303	0.00101	0.00504	0.00252	0.00202	0.00605
13	0.00597	0.00509	0.00518	0.00515	0.00676	0.00447	0.00386	0.00792	0.06053	0.01315	0.04512	0.07366	0.72343	0.01170	0.00554	0.00160	0.00249	0.00979	0.00440	0.00420
14	0.00737	0.04952	0.05572	0.00835	0.00984	0.00704	0.03649	0.00931	0.00794	0.01130	0.01201	0.01755	0.01111	0.05104	0.67542	0.00658	0.01152	0.00490	0.00247	0.00451
15	0.63849	0.15289	0.01057	0.00702	0.01011	0.07435	0.00596	0.01446	0.00881	0.03332	0.00684	0.00786	0.00547	0.00438	0.00307	0.00136	0.00427	0.00263	0.00278	0.00535
16	0.10204	0.01540	0.10646	0.03814	0.19066	0.26034	0.02356	0.06218	0.03430	0.02883	0.05983	0.01270	0.02388	0.01631	0.00469	0.00143	0.00613	0.00407	0.00287	0.00618
17	0.02297	0.00973	0.01142	0.11850	0.02873	0.08087	0.00833	0.12399	0.07947	0.10056	0.09052	0.01603	0.01270	0.02301	0.14763	0.00264	0.10864	0.00484	0.00353	0.00588
18	0.00806	0.00412	0.00615	0.00620	0.00623	0.00413	0.00415	0.00622	0.00629	0.00841	0.00901	0.04659	0.00919	0.01681	0.03853	0.80685	0.00426	0.00449	0.00215	0.00217
19	0.00817	0.00829	0.06235	0.22799	0.01755	0.00823	0.10948	0.01091	0.02373	0.01301	0.08888	0.08347	0.01415	0.03880	0.23651	0.00340	0.03146	0.00584	0.00281	0.00498
20	0.02115	0.00802	0.01094	0.00839	0.01204	0.00693	0.00693	0.02298	0.01350	0.80815	0.01860	0.01605	0.01167	0.00584	0.00474	0.00146	0.00401	0.00474	0.00584	0.00802
21	0.01150	0.18161	0.39996	0.01257	0.02848	0.11365	0.08075	0.02908	0.05841	0.01428	0.00941	0.01066	0.02021	0.00466	0.00430	0.00138	0.00654	0.00366	0.00235	0.00655
22	0.00674	0.00505	0.00758	0.00758	0.00842	0.00589	0.00589	0.00842	0.00758	0.01095	0.01263	0.01852	0.01179	0.03536	0.81561	0.00758	0.01263	0.00505	0.00253	0.00421
23	0.07263	0.30821	0.27657	0.01105	0.03899	0.02585	0.04198	0.06985	0.03373	0.03990	0.00909	0.03627	0.00742	0.00481	0.00398	0.00133	0.00562	0.00364	0.00257	0.00650
24	0.01174	0.10827	0.07179	0.06353	0.01468	0.07197	0.04411	0.10729	0.11819	0.01508	0.01008	0.03184	0.00853	0.00824	0.05772	0.01800	0.22574	0.00434	0.00287	0.00598
25	0.00685	0.00458	0.00516	0.00516	0.00517	0.00457	0.00288	0.00689	0.00696	0.00931	0.02798	0.03093	0.01760	0.82056	0.02369	0.00452	0.00453	0.00688	0.00290	0.00288
26	0.01234	0.00983	0.01155	0.12058	0.02764	0.07090	0.02060	0.18027	0.11222	0.07996	0.02381	0.03885	0.01098	0.05662	0.14946	0.01842	0.04148	0.00495	0.00356	0.00599
27	0.00640	0.00481	0.00592	0.00564	0.00687	0.00433	0.00423	0.00836	0.01269	0.01735	0.61199	0.03778	0.23587	0.01022	0.00556	0.00151	0.00227	0.00889	0.00499	0.00433
28	0.23056	0.19129	0.07801	0.00888	0.01261	0.01247	0.02228	0.19348	0.01276	0.14806	0.01057	0.04166	0.00816	0.00523	0.00394	0.00137	0.00468	0.00384	0.00358	0.00658
29	0.05115	0.10963	0.01473	0.01047	0.01396	0.17360	0.00861	0.48036	0.03119	0.02303	0.00983	0.01024	0.00737	0.00521	0.00432	0.00131	0.00569	0.00372	0.00383	0.03173
30	0.02360	0.02797	0.28652	0.21036	0.05734	0.00949	0.01222	0.01499	0.01025	0.17729	0.01105	0.01314	0.00811	0.02195	0.09344	0.00221	0.00662	0.00415	0.00291	0.00637
31	0.03832	0.20044	0.25243	0.01056	0.01518	0.01302	0.02288	0.19084	0.07766	0.10573	0.01091	0.02348	0.00815	0.00510	0.00426	0.00138	0.00540	0.00389	0.00334	0.00705
32	0.03661	0.21716	0.13975	0.01027	0.01409	0.06231	0.03838	0.10531	0.22852	0.04194	0.02648	0.01363	0.01014	0.00545	0.00431	0.00140	0.00517	0.02894	0.00340	0.00673
33	0.85279	0.00935	0.00704	0.00630	0.00921	0.02460	0.00518	0.01395	0.00812	0.02099	0.00658	0.00767	0.00512	0.00439	0.00294	0.00145	0.00373	0.00256	0.00291	0.00511
34	0.00676	0.00495	0.00708	0.00708	0.00775	0.00563	0.00528	0.00810	0.00743	0.01058	0.01308	0.02102	0.01287	0.19744	0.65502	0.00697	0.01099	0.00542	0.00259	0.00394
35	0.00982	0.00888	0.01490	0.48860	0.17986	0.01004	0.05587	0.01313	0.03590	0.03821	0.06776	0.01532	0.02039	0.00523	0.00485	0.00154	0.00572	0.01552	0.00265	0.00581
36	0.00576	0.00419	0.00544	0.00644	0.00685	0.00387	0.00436	0.00664	0.00922	0.01214	0.02801	0.74331	0.10355	0.01447	0.00599	0.00189	0.00273	0.02690	0.00438	0.00385
37	0.01162	0.16316	0.09485	0.11938	0.01607	0.10649	0.03531	0.06946	0.07284	0.01419	0.04487	0.02739	0.02510	0.00615	0.00666	0.01492	0.15868	0.00428	0.00274	0.00585
38	0.00692	0.00496	0.00613	0.00591	0.00710	0.00456	0.00436	0.00900	0.03297	0.03946	0.50303	0.11781	0.18706	0.04195	0.00627	0.00167	0.00249	0.00905	0.00487	0.00442
39	0.26100	0.02379	0.01197	0.02920	0.01318	0.03817	0.02997	0.36691	0.01541	0.11901	0.01056	0.01103	0.00761	0.00630	0.03449	0.00166	0.00509	0.00382	0.00401	0.00681
40	0.71810	0.02274	0.03203	0.03485	0.02363	0.04158	0.02605	0.01402	0.00846	0.01973	0.00681	0.00816	0.00533	0.00446	0.00339	0.00146	0.01834	0.00278	0.00279	0.00526
41	0.00676	0.00494	0.00700	0.00700	0.00764	0.00558	0.00517	0.00805	0.00741	0.01052	0.01316	0.02145	0.01306	0.22490	0.62781	0.00686	0.01072	0.00548	0.00260	0.00389
42	0.03713	0.01169	0.01435	0.07687	0.11900	0.01309	0.02191	0.41899	0.10446	0.05104	0.01135	0.01218	0.00842	0.00563	0.00555	0.00150	0.07121	0.00434	0.00395	0.00733
43	0.86760	0.00912	0.00693	0.00620	0.00912	0.01058	0.00511	0.01386	0.00802	0.02115	0.00657	0.00766	0.00511	0.00438	0.00292	0.00146	0.00365	0.00255	0.00292	0.00511
44	0.01747	0.04601	0.01369	0.01203	0.01450	0.79235	0.00908	0.01869	0.01325	0.01153	0.00727	0.00848	0.00607	0.00483	0.00422	0.00121	0.00840	0.00302	0.00242	0.00548
45	0.02079	0.00794	0.01082	0.00833	0.01191	0.00687	0.00687	0.02262	0.01349	0.78810	0.03851	0.01654	0.01251	0.00593	0.00476	0.00146	0.00397	0.00484	0.00582	0.00793
46	0.04052	0.01212	0.01284	0.01032	0.01372	0.01359	0.00838	0.52565	0.26605	0.02632	0.01367	0.01319	0.00995	0.00586	0.00469	0.00147	0.00468	0.00454	0.00469	0.00776
