[name]
unknown

[dist]
# distance from previous block
# <min> <max>
12	424

[block]
# block no. 0 follows, 53 sequences, length 55
# corresponding to MSA columns:
# 439-493
name=unknown_A
#
# <colnr> <probs for GDERKNQSTAVLIFYWHMCP>
#	G	D	E	R	K	N	Q	S	T	A	V	L	I	F	Y	W	H	M	C	P
0	0.10989	0.07532	0.01240	0.00998	0.04514	0.14902	0.05957	0.09316	0.05112	0.07155	0.14205	0.01899	0.09815	0.02373	0.00504	0.00148	0.00488	0.00529	0.00375	0.01950
1	0.01226	0.01037	0.01267	0.07305	0.01448	0.07334	0.09471	0.21751	0.05832	0.04601	0.21574	0.02004	0.06131	0.00670	0.00503	0.00144	0.00476	0.00577	0.00414	0.06233
2	0.01001	0.00816	0.02324	0.00749	0.01047	0.00721	0.00606	0.06045	0.06648	0.05662	0.14398	0.02064	0.13600	0.00662	0.00514	0.00122	0.04974	0.00535	0.00384	0.37129
3	0.00978	0.02354	0.73578	0.01485	0.07467	0.01114	0.03435	0.01511	0.01017	0.01517	0.00863	0.01027	0.00619	0.00451	0.00458	0.00151	0.00699	0.00363	0.00205	0.00709
4	0.00616	0.00439	0.00582	0.00692	0.02261	0.00415	0.00450	0.00689	0.00896	0.01190	0.02503	0.66539	0.05634	0.09638	0.00832	0.03144	0.00308	0.02377	0.00416	0.00381
5	0.01147	0.01099	0.02112	0.20249	0.19078	0.01115	0.35381	0.01473	0.01077	0.06891	0.00992	0.01321	0.00764	0.02313	0.00588	0.00164	0.02838	0.00496	0.00258	0.00643
6	0.86579	0.00924	0.00702	0.00629	0.00924	0.01072	0.00518	0.01405	0.00813	0.02144	0.00666	0.00776	0.00518	0.00444	0.00296	0.00148	0.00370	0.00259	0.00296	0.00518
7	0.00820	0.00654	0.00793	0.00754	0.00902	0.00718	0.00575	0.01334	0.24155	0.01527	0.16122	0.02512	0.09995	0.06850	0.29667	0.00396	0.00666	0.00646	0.00394	0.00518
8	0.00582	0.00416	0.00555	0.00666	0.00693	0.00388	0.00444	0.00666	0.00915	0.01220	0.02634	0.82891	0.03161	0.01497	0.00610	0.00194	0.00277	0.01359	0.00444	0.00388
9	0.01583	0.01324	0.01315	0.01068	0.01365	0.13249	0.02883	0.50347	0.01815	0.02338	0.01230	0.06987	0.01052	0.06986	0.00660	0.00172	0.02361	0.02167	0.00414	0.00686
10	0.01183	0.01136	0.01940	0.02934	0.80221	0.01136	0.01467	0.01467	0.01088	0.01562	0.00899	0.01183	0.00757	0.00426	0.00473	0.00142	0.00568	0.00426	0.00237	0.00757
11	0.00830	0.00415	0.00623	0.00623	0.00623	0.00415	0.00415	0.00623	0.00623	0.00830	0.00830	0.01453	0.00830	0.01660	0.01868	0.86094	0.00415	0.00415	0.00208	0.00208
12	0.01169	0.01006	0.01063	0.00958	0.01222	0.01160	0.00745	0.02476	0.76303	0.01996	0.05000	0.01853	0.01578	0.00661	0.00489	0.00162	0.00372	0.00553	0.00488	0.00745
13	0.01785	0.02278	0.01354	0.01231	0.01478	0.81284	0.00924	0.01909	0.01354	0.01170	0.00739	0.00862	0.00616	0.00493	0.00431	0.00123	0.00862	0.00308	0.00246	0.00554
14	0.00683	0.00509	0.00754	0.00754	0.00835	0.00590	0.00580	0.00845	0.00764	0.01099	0.01293	0.01947	0.01225	0.08023	0.76912	0.00751	0.01235	0.00522	0.00258	0.00419
15	0.00567	0.00478	0.00491	0.00501	0.00650	0.00402	0.00371	0.00684	0.01073	0.01284	0.04632	0.12029	0.72733	0.01238	0.00569	0.00165	0.00245	0.01042	0.00444	0.00402
16	0.00996	0.00982	0.01452	0.01233	0.01280	0.01315	0.06317	0.01132	0.00765	0.01170	0.00750	0.01189	0.00720	0.01223	0.13591	0.00291	0.64416	0.00443	0.00219	0.00517
17	0.86579	0.00924	0.00702	0.00629	0.00924	0.01072	0.00518	0.01405	0.00813	0.02144	0.00666	0.00776	0.00518	0.00444	0.00296	0.00148	0.00370	0.00259	0.00296	0.00518
18	0.00830	0.00415	0.00623	0.00623	0.00623	0.00415	0.00415	0.00623	0.00623	0.00830	0.00830	0.01453	0.00830	0.01660	0.01868	0.86094	0.00415	0.00415	0.00208	0.00208
19	0.01128	0.01289	0.02820	0.02015	0.02498	0.01209	0.78485	0.01531	0.01128	0.01531	0.00967	0.01289	0.00725	0.00403	0.00564	0.00161	0.00806	0.00564	0.00242	0.00645
20	0.01309	0.19005	0.02913	0.04480	0.07405	0.05427	0.00852	0.15482	0.13458	0.04438	0.01159	0.02967	0.01947	0.00516	0.00420	0.00125	0.00483	0.00403	0.00339	0.16872
21	0.00903	0.00850	0.01434	0.82054	0.03292	0.01062	0.01327	0.01221	0.00956	0.01221	0.00850	0.01274	0.00637	0.00478	0.00478	0.00159	0.00637	0.00425	0.00212	0.00531
22	0.00690	0.00483	0.00623	0.00623	0.00658	0.00519	0.00416	0.00760	0.00725	0.01002	0.01413	0.02614	0.01514	0.50447	0.34883	0.00589	0.00799	0.00620	0.00276	0.00346
23	0.00589	0.00483	0.00504	0.00500	0.00640	0.00414	0.00365	0.00709	0.01078	0.01320	0.12254	0.04350	0.64588	0.09210	0.00748	0.00190	0.00262	0.00963	0.00437	0.00397
24	0.00672	0.00488	0.00633	0.00597	0.00712	0.00449	0.00448	0.00894	0.01344	0.01894	0.77282	0.03607	0.07211	0.00985	0.00564	0.00151	0.00226	0.00870	0.00523	0.00449
25	0.00676	0.00486	0.00617	0.00690	0.00745	0.00470	0.00474	0.06049	0.01005	0.01337	0.02527	0.70759	0.04494	0.04865	0.00678	0.00202	0.00305	0.02767	0.00439	0.00415
26	0.01206	0.01152	0.01960	0.02749	0.69768	0.01156	0.06738	0.04745	0.02902	0.01630	0.00938	0.01202	0.00773	0.00436	0.00480	0.00144	0.00578	0.00438	0.00253	0.00752
27	0.04382	0.46157	0.03534	0.00986	0.01335	0.31518	0.00869	0.04006	0.01149	0.01242	0.00711	0.00819	0.00617	0.00447	0.00361	0.00114	0.00642	0.00283	0.00232	0.00596
28	0.73394	0.00989	0.00816	0.00702	0.01011	0.01136	0.00578	0.13417	0.01036	0.02279	0.00740	0.00834	0.00564	0.00464	0.00324	0.00147	0.00394	0.00285	0.00324	0.00564
29	0.01230	0.01113	0.01100	0.00991	0.01259	0.06712	0.00768	0.02496	0.73979	0.01942	0.01862	0.01720	0.01401	0.00638	0.00483	0.00159	0.00412	0.00524	0.00470	0.00743
30	0.00582	0.00416	0.00555	0.00666	0.00693	0.00388	0.00444	0.00666	0.00915	0.01220	0.02634	0.82891	0.03161	0.01497	0.00610	0.00194	0.00277	0.01359	0.00444	0.00388
31	0.01698	0.01256	0.01354	0.01062	0.01413	0.01388	0.00867	0.69717	0.05165	0.02836	0.01292	0.07391	0.01017	0.00647	0.00488	0.00148	0.00501	0.00505	0.00476	0.00778
32	0.00683	0.00512	0.00768	0.00768	0.00853	0.00597	0.00597	0.00853	0.00768	0.01110	0.01280	0.01878	0.01195	0.03585	0.81308	0.00768	0.01280	0.00512	0.00256	0.00427
33	0.00683	0.00509	0.00754	0.00754	0.00835	0.00590	0.00580	0.00845	0.00764	0.01099	0.01293	0.01947	0.01225	0.08023	0.76912	0.00751	0.01235	0.00522	0.00258	0.00419
34	0.01174	0.01127	0.01924	0.05389	0.77834	0.01133	0.01463	0.01459	0.01084	0.01551	0.00898	0.01186	0.00753	0.00427	0.00473	0.00142	0.00570	0.00426	0.00236	0.00750
35	0.01816	0.01363	0.01432	0.01103	0.01482	0.03501	0.00909	0.76687	0.02225	0.02966	0.01137	0.01140	0.00808	0.00572	0.00477	0.00143	0.00534	0.00427	0.00472	0.00806
36	0.00979	0.02301	0.70523	0.03167	0.06290	0.01116	0.06017	0.01506	0.01019	0.01511	0.00866	0.01040	0.00621	0.00450	0.00462	0.00152	0.00703	0.00370	0.00206	0.00702
37	0.01163	0.02908	0.13536	0.01476	0.04481	0.01155	0.29645	0.17355	0.01275	0.01750	0.01193	0.12375	0.01067	0.01947	0.00628	0.00167	0.06331	0.00595	0.00310	0.00643
38	0.01084	0.34381	0.49919	0.01148	0.01737	0.01418	0.01393	0.01481	0.00994	0.01360	0.00782	0.00914	0.00609	0.00436	0.00396	0.00132	0.00629	0.00315	0.00203	0.00670
39	0.01595	0.01182	0.01464	0.05501	0.03112	0.01278	0.07862	0.48249	0.08914	0.08864	0.01329	0.03571	0.01011	0.00609	0.00496	0.00152	0.00525	0.03088	0.00446	0.00753
40	0.46752	0.18853	0.05682	0.00861	0.03826	0.08816	0.00735	0.01530	0.00957	0.07185	0.00775	0.00868	0.00606	0.00451	0.00339	0.00136	0.00475	0.00289	0.00285	0.00581
41	0.00700	0.00492	0.00623	0.00632	0.00663	0.00526	0.00424	0.00772	0.00766	0.01075	0.01593	0.15127	0.01751	0.42659	0.21504	0.00466	0.04071	0.00728	0.05072	0.00357
42	0.80697	0.06617	0.00827	0.00642	0.00945	0.01129	0.00538	0.01407	0.00824	0.02074	0.00665	0.00776	0.00524	0.00441	0.00297	0.00145	0.00379	0.00259	0.00289	0.00524
43	0.00891	0.00445	0.00445	0.00445	0.00557	0.00445	0.00334	0.01114	0.01002	0.01782	0.01559	0.01782	0.01225	0.00557	0.00334	0.00111	0.00223	0.00445	0.85856	0.00445
44	0.00903	0.00850	0.01434	0.82054	0.03292	0.01062	0.01327	0.01221	0.00956	0.01221	0.00850	0.01274	0.00637	0.00478	0.00478	0.00159	0.00637	0.00425	0.00212	0.00531
45	0.86579	0.00924	0.00702	0.00629	0.00924	0.01072	0.00518	0.01405	0.00813	0.02144	0.00666	0.00776	0.00518	0.00444	0.00296	0.00148	0.00370	0.00259	0.00296	0.00518
46	0.01883	0.00950	0.01164	0.00908	0.01256	0.00932	0.00744	0.24770	0.04911	0.47635	0.08312	0.01657	0.01368	0.00621	0.00487	0.00147	0.00425	0.00501	0.00548	0.00780
47	0.00571	0.00462	0.00507	0.00543	0.00661	0.00399	0.00389	0.00679	0.01033	0.01268	0.04132	0.29784	0.55301	0.01303	0.00579	0.00172	0.00253	0.01121	0.00444	0.00399
48	0.02965	0.01107	0.01177	0.00934	0.01244	0.01214	0.00761	0.57899	0.01909	0.02674	0.01271	0.03446	0.00963	0.00592	0.00446	0.00138	0.00449	0.00455	0.19641	0.00714
49	0.00582	0.00418	0.00552	0.00659	0.00692	0.00389	0.00441	0.00666	0.00921	0.01223	0.02713	0.80091	0.05910	0.01487	0.00608	0.00193	0.00276	0.01346	0.00444	0.00389
50	0.01123	0.07913	0.06045	0.04477	0.08675	0.02254	0.02755	0.07072	0.05469	0.11029	0.01344	0.06231	0.01204	0.14297	0.17677	0.00327	0.00668	0.00535	0.00330	0.00573
51	0.01166	0.01119	0.01910	0.07621	0.75664	0.01131	0.01459	0.01452	0.01080	0.01541	0.00896	0.01188	0.00750	0.00429	0.00473	0.00143	0.00572	0.00426	0.00235	0.00744
52	0.02144	0.00813	0.01109	0.00850	0.01220	0.00702	0.00702	0.02329	0.01368	0.80552	0.01886	0.01627	0.01183	0.00592	0.00481	0.00148	0.00407	0.00481	0.00592	0.00813
53	0.01175	0.05992	0.01186	0.01107	0.08621	0.11731	0.00779	0.01894	0.38104	0.02831	0.08419	0.05985	0.01586	0.06360	0.00632	0.00173	0.01828	0.00560	0.00399	0.00640
54	0.00592	0.00485	0.00521	0.00512	0.00662	0.00415	0.00384	0.00738	0.01153	0.01442	0.22954	0.04352	0.61821	0.01154	0.00565	0.00159	0.00238	0.00974	0.00464	0.00415

[dist]
# distance from previous block
# <min> <max>
2	2

[block]
# block no. 1 follows, 53 sequences, length 15
# corresponding to MSA columns:
# 529-543
name=unknown_B
#
# <colnr> <probs for GDERKNQSTAVLIFYWHMCP>
#	G	D	E	R	K	N	Q	S	T	A	V	L	I	F	Y	W	H	M	C	P
0	0.01103	0.01068	0.01462	0.01243	0.01272	0.01465	0.01035	0.06945	0.00845	0.01290	0.00666	0.01053	0.00641	0.00817	0.01487	0.00204	0.76209	0.00419	0.00229	0.00545
1	0.00990	0.13147	0.59991	0.01268	0.01878	0.01171	0.05708	0.01458	0.01036	0.01492	0.06756	0.01183	0.00905	0.00484	0.00448	0.00145	0.00650	0.00390	0.00229	0.00671
2	0.00843	0.00625	0.00716	0.00660	0.00732	0.00671	0.00449	0.07835	0.06044	0.01298	0.07316	0.02849	0.07609	0.52233	0.01792	0.00351	0.06554	0.00676	0.00342	0.00404
3	0.01278	0.83490	0.02505	0.00818	0.01227	0.01891	0.00818	0.01431	0.00971	0.01125	0.00664	0.00767	0.00613	0.00409	0.00307	0.00102	0.00511	0.00256	0.00204	0.00613
4	0.01018	0.17427	0.66287	0.01262	0.01913	0.01254	0.01591	0.01498	0.01002	0.01442	0.00822	0.00964	0.00607	0.00446	0.00427	0.00142	0.00670	0.00335	0.00202	0.00689
5	0.00917	0.00563	0.00539	0.00540	0.00653	0.04691	0.00399	0.03332	0.01043	0.01699	0.01671	0.14261	0.01481	0.00699	0.00386	0.00126	0.00273	0.00579	0.65697	0.00453
6	0.00903	0.00850	0.01434	0.82054	0.03292	0.01062	0.01327	0.01221	0.00956	0.01221	0.00850	0.01274	0.00637	0.00478	0.00478	0.00159	0.00637	0.00425	0.00212	0.00531
7	0.00695	0.00463	0.00521	0.00521	0.00521	0.00463	0.00290	0.00695	0.00695	0.00927	0.01506	0.03128	0.01738	0.83203	0.02433	0.00463	0.00463	0.00695	0.00290	0.00290
8	0.01278	0.83490	0.02505	0.00818	0.01227	0.01891	0.00818	0.01431	0.00971	0.01125	0.00664	0.00767	0.00613	0.00409	0.00307	0.00102	0.00511	0.00256	0.00204	0.00613
9	0.00659	0.00488	0.00614	0.00583	0.00703	0.00443	0.00437	0.00868	0.01311	0.01818	0.68063	0.03733	0.16478	0.01014	0.00564	0.00152	0.00228	0.00887	0.00513	0.00443
10	0.01571	0.01133	0.01203	0.00964	0.01275	0.04509	0.00780	0.47351	0.07703	0.09042	0.13464	0.01631	0.01477	0.00639	0.00483	0.00144	0.00457	0.00506	0.04947	0.00723
11	0.00654	0.00483	0.00611	0.00589	0.00703	0.00440	0.00438	0.00854	0.01284	0.01778	0.63739	0.09385	0.15173	0.01048	0.00567	0.00155	0.00232	0.00920	0.00509	0.00440
12	0.07407	0.06323	0.04713	0.01173	0.01435	0.60399	0.00935	0.03672	0.01259	0.01292	0.00737	0.00878	0.00614	0.00511	0.00503	0.00132	0.06890	0.00315	0.00249	0.00565
13	0.01403	0.52498	0.04463	0.01032	0.01408	0.24390	0.06131	0.01576	0.01092	0.01176	0.00712	0.00836	0.00621	0.00434	0.00364	0.00114	0.00636	0.00294	0.00219	0.00601
14	0.01017	0.00762	0.00771	0.00724	0.00861	0.07173	0.00554	0.07162	0.08459	0.01672	0.01543	0.11994	0.01367	0.00954	0.07212	0.00192	0.06549	0.00563	0.39963	0.00509

[dist]
# distance from previous block
# <min> <max>
0	1

[block]
# block no. 2 follows, 53 sequences, length 23
# corresponding to MSA columns:
# 545-567
name=unknown_C
#
# <colnr> <probs for GDERKNQSTAVLIFYWHMCP>
#	G	D	E	R	K	N	Q	S	T	A	V	L	I	F	Y	W	H	M	C	P
0	0.01011	0.00841	0.00829	0.00755	0.00924	0.12796	0.00574	0.01334	0.09454	0.07866	0.53849	0.02825	0.03347	0.00840	0.00529	0.00147	0.00352	0.00717	0.00485	0.00526
1	0.00830	0.00415	0.00623	0.00623	0.00623	0.00415	0.00415	0.00623	0.00623	0.00830	0.00830	0.01453	0.00830	0.01660	0.01868	0.86094	0.00415	0.00415	0.00208	0.00208
2	0.00714	0.00502	0.00719	0.00719	0.00809	0.00574	0.00558	0.00893	0.00804	0.01211	0.01323	0.01863	0.01199	0.03126	0.69038	0.00669	0.01120	0.00502	0.13228	0.00430
3	0.00591	0.00420	0.00552	0.00654	0.00679	0.00394	0.00431	0.00668	0.00897	0.01197	0.02544	0.76508	0.03047	0.08036	0.00756	0.00216	0.00292	0.01306	0.00431	0.00380
4	0.00903	0.00850	0.01434	0.82054	0.03292	0.01062	0.01327	0.01221	0.00956	0.01221	0.00850	0.01274	0.00637	0.00478	0.00478	0.00159	0.00637	0.00425	0.00212	0.00531
5	0.02101	0.00823	0.01108	0.00856	0.01221	0.00725	0.00705	0.02339	0.04954	0.76940	0.01888	0.01634	0.01196	0.00594	0.00481	0.00149	0.00405	0.00483	0.00587	0.00811
6	0.02742	0.30950	0.20442	0.02089	0.01494	0.11067	0.01036	0.08467	0.03830	0.05675	0.00888	0.00974	0.00695	0.00459	0.00393	0.00123	0.00578	0.00327	0.00271	0.07502
7	0.01540	0.01386	0.01259	0.01063	0.01360	0.17960	0.00840	0.32214	0.28233	0.02191	0.01361	0.02757	0.01040	0.00603	0.00488	0.00147	0.01904	0.00459	0.02477	0.00719
8	0.01147	0.00840	0.00983	0.00754	0.01102	0.00723	0.00601	0.12538	0.01252	0.09276	0.10002	0.05302	0.05191	0.00572	0.00429	0.00108	0.00361	0.00473	0.00383	0.47964
9	0.01034	0.04857	0.72235	0.01325	0.01998	0.01163	0.01671	0.07448	0.01103	0.01617	0.00874	0.01012	0.00622	0.00462	0.00451	0.00149	0.00687	0.00356	0.00223	0.00712
10	0.01255	0.29878	0.26814	0.01021	0.01485	0.03706	0.01085	0.04758	0.10730	0.09316	0.01222	0.01252	0.04502	0.00517	0.00415	0.00135	0.00545	0.00388	0.00300	0.00677
11	0.01096	0.01047	0.01783	0.27494	0.56341	0.01113	0.01424	0.01391	0.01047	0.01456	0.00884	0.01211	0.00720	0.00442	0.00475	0.00147	0.00589	0.00426	0.00229	0.00687
12	0.01110	0.01179	0.02099	0.09350	0.07995	0.07242	0.43345	0.02770	0.02352	0.01503	0.03026	0.01927	0.01119	0.00578	0.00551	0.00165	0.00696	0.12109	0.00283	0.00604
13	0.05094	0.01212	0.07824	0.18453	0.01849	0.07829	0.08505	0.05074	0.00985	0.01376	0.00935	0.04923	0.02276	0.00666	0.00881	0.00175	0.30669	0.00467	0.00248	0.00559
14	0.00825	0.00417	0.00619	0.00619	0.00619	0.00417	0.00410	0.00625	0.00625	0.00834	0.00856	0.01517	0.00865	0.04762	0.01889	0.82837	0.00417	0.00426	0.00211	0.00211
15	0.00645	0.00484	0.00597	0.00576	0.00696	0.00436	0.00429	0.00838	0.01268	0.01731	0.57956	0.07540	0.22930	0.01059	0.00566	0.00155	0.00232	0.00923	0.00502	0.00436
16	0.01158	0.53016	0.31927	0.01023	0.01543	0.01597	0.01174	0.01462	0.00985	0.01271	0.00737	0.00858	0.00610	0.00426	0.00362	0.00121	0.00585	0.00292	0.00203	0.00648
17	0.01016	0.00686	0.00762	0.00690	0.00859	0.06957	0.00526	0.01207	0.01304	0.16045	0.47517	0.07961	0.10728	0.00922	0.00541	0.00151	0.00314	0.00794	0.00503	0.00517
18	0.00581	0.00421	0.00549	0.00652	0.00690	0.00389	0.00437	0.00667	0.00929	0.01226	0.02804	0.76863	0.09079	0.01475	0.00607	0.00192	0.00275	0.01332	0.00444	0.00389
19	0.01131	0.09150	0.32052	0.06546	0.19768	0.01230	0.14014	0.07652	0.01139	0.01595	0.00890	0.01099	0.00678	0.00446	0.00466	0.00146	0.00655	0.00406	0.00239	0.00697
20	0.01566	0.01072	0.01183	0.00976	0.01274	0.03023	0.00793	0.45003	0.04883	0.12808	0.01582	0.10686	0.01348	0.00753	0.00506	0.00157	0.00467	0.08199	0.03011	0.00710
21	0.00816	0.00515	0.00708	0.00696	0.00790	0.00554	0.00521	0.00961	0.00841	0.07519	0.01496	0.08270	0.01429	0.14656	0.48394	0.00560	0.00900	0.00595	0.09342	0.00436
22	0.01159	0.01113	0.01891	0.08469	0.72643	0.01139	0.01446	0.01441	0.01069	0.01526	0.00888	0.01186	0.00745	0.00441	0.00503	0.00145	0.02800	0.00426	0.00234	0.00735

[dist]
# distance from previous block
# <min> <max>
7	43

[block]
# block no. 3 follows, 53 sequences, length 10
# corresponding to MSA columns:
# 612-621
name=unknown_D
#
# <colnr> <probs for GDERKNQSTAVLIFYWHMCP>
#	G	D	E	R	K	N	Q	S	T	A	V	L	I	F	Y	W	H	M	C	P
0	0.00649	0.00422	0.00531	0.00618	0.00664	0.00401	0.00420	0.00763	0.00934	0.01342	0.02401	0.65309	0.02742	0.01294	0.00550	0.00176	0.00265	0.01161	0.18958	0.00401
1	0.01088	0.01038	0.01783	0.23271	0.53590	0.01090	0.04165	0.01382	0.01056	0.01466	0.00970	0.01419	0.00824	0.00483	0.00487	0.00151	0.00588	0.04230	0.00241	0.00679
2	0.00855	0.00776	0.01289	0.64434	0.02763	0.00961	0.01169	0.01141	0.00915	0.01197	0.00943	0.01405	0.00758	0.01151	0.17999	0.00291	0.00777	0.00444	0.00222	0.00508
3	0.01061	0.01077	0.01390	0.01207	0.01232	0.06727	0.00995	0.01173	0.00777	0.01148	0.00697	0.01113	0.00681	0.01075	0.09076	0.00257	0.69163	0.00420	0.00216	0.00516
4	0.64455	0.04644	0.00940	0.00739	0.01059	0.01197	0.00616	0.18145	0.01131	0.02288	0.00770	0.00856	0.00586	0.00470	0.00336	0.00145	0.00410	0.00296	0.00331	0.00586
5	0.01817	0.01339	0.01434	0.01100	0.01482	0.01482	0.00908	0.78627	0.02247	0.03012	0.01148	0.01148	0.00813	0.00574	0.00478	0.00143	0.00526	0.00430	0.00478	0.00813
6	0.05336	0.01319	0.18364	0.01012	0.01407	0.02743	0.00957	0.14455	0.19525	0.21533	0.05279	0.03480	0.01229	0.00604	0.00474	0.00152	0.00481	0.00485	0.00437	0.00730
7	0.00766	0.00974	0.18015	0.00814	0.01074	0.00666	0.00780	0.01144	0.09636	0.01564	0.20241	0.12165	0.20751	0.00976	0.00547	0.00166	0.00378	0.08408	0.00414	0.00520
8	0.01679	0.01295	0.01544	0.01497	0.18550	0.01407	0.01030	0.61901	0.01996	0.02698	0.01094	0.01155	0.00801	0.00542	0.00477	0.00143	0.00535	0.00429	0.00426	0.00801
9	0.00580	0.00424	0.00546	0.00644	0.00687	0.00390	0.00434	0.00668	0.00936	0.01229	0.02902	0.73389	0.12490	0.01463	0.00605	0.00190	0.00273	0.01316	0.00444	0.00390

[dist]
# distance from previous block
# <min> <max>
13	21

[block]
# block no. 4 follows, 53 sequences, length 34
# corresponding to MSA columns:
# 650-683
name=unknown_E
#
# <colnr> <probs for GDERKNQSTAVLIFYWHMCP>
#	G	D	E	R	K	N	Q	S	T	A	V	L	I	F	Y	W	H	M	C	P
0	0.01162	0.01037	0.01740	0.20221	0.46640	0.01079	0.06021	0.01510	0.05492	0.06553	0.01121	0.01365	0.02950	0.00481	0.00483	0.00149	0.00568	0.00460	0.00274	0.00694
1	0.01041	0.07275	0.69337	0.01282	0.01935	0.01117	0.01614	0.01539	0.01026	0.06255	0.00948	0.02874	0.00698	0.00483	0.00450	0.00149	0.00667	0.00378	0.00231	0.00700
2	0.01165	0.01228	0.06766	0.02766	0.69370	0.01140	0.07563	0.01475	0.01087	0.01556	0.00902	0.01181	0.00745	0.00426	0.00479	0.00144	0.00595	0.00432	0.00235	0.00745
3	0.00599	0.00448	0.00557	0.00617	0.00693	0.00407	0.00434	0.00718	0.01034	0.01357	0.15782	0.48589	0.22231	0.01337	0.00593	0.00180	0.00265	0.03299	0.00457	0.00404
4	0.08886	0.04618	0.01176	0.00909	0.01199	0.09543	0.00743	0.05250	0.03391	0.41839	0.07605	0.01511	0.01236	0.00618	0.00574	0.00150	0.09145	0.00457	0.00459	0.00691
5	0.00969	0.02401	0.76023	0.01402	0.02095	0.01116	0.06398	0.01515	0.01016	0.01515	0.00864	0.01026	0.00613	0.00451	0.00461	0.00152	0.00712	0.00366	0.00204	0.00703
6	0.00602	0.00461	0.00550	0.00612	0.00702	0.00416	0.00443	0.00713	0.00998	0.01261	0.03462	0.39197	0.33913	0.04700	0.00672	0.00195	0.00290	0.09981	0.00437	0.00396
7	0.01005	0.15014	0.51797	0.01292	0.07918	0.01152	0.01415	0.01433	0.01030	0.01498	0.05710	0.01192	0.00899	0.00483	0.00431	0.00140	0.00603	0.00381	0.05945	0.00663
8	0.01247	0.01014	0.01082	0.00965	0.01241	0.01159	0.00753	0.02527	0.74593	0.06798	0.01942	0.01774	0.01442	0.00645	0.00486	0.00161	0.00380	0.00537	0.00493	0.00760
9	0.00723	0.00512	0.00656	0.00653	0.00703	0.00549	0.00447	0.03677	0.00800	0.01101	0.01492	0.08851	0.01599	0.41979	0.33599	0.00551	0.00776	0.00665	0.00295	0.00372
10	0.01180	0.01202	0.01611	0.34828	0.29242	0.13651	0.02984	0.03735	0.04309	0.01421	0.00905	0.01196	0.00716	0.00470	0.00471	0.00147	0.00638	0.00415	0.00246	0.00632
11	0.07979	0.55488	0.16787	0.00937	0.01379	0.08000	0.00979	0.01482	0.00996	0.01281	0.00706	0.00820	0.00605	0.00427	0.00343	0.00117	0.00564	0.00278	0.00214	0.00618
12	0.00569	0.00470	0.00499	0.00522	0.00655	0.00400	0.00380	0.00682	0.01053	0.01276	0.04383	0.20876	0.64047	0.01270	0.00574	0.00168	0.00249	0.01082	0.00444	0.00400
13	0.00580	0.00424	0.00546	0.00644	0.00688	0.00390	0.00434	0.00668	0.00935	0.01228	0.02891	0.73778	0.12108	0.01464	0.00605	0.00190	0.00273	0.01318	0.00444	0.00390
14	0.01022	0.00758	0.00850	0.00859	0.07108	0.03257	0.00590	0.17091	0.01248	0.01744	0.05594	0.05376	0.13238	0.12953	0.05311	0.00223	0.00436	0.01741	0.20083	0.00518
15	0.16295	0.06252	0.04167	0.04866	0.32795	0.10457	0.08261	0.04978	0.03655	0.01649	0.00870	0.01073	0.00701	0.00455	0.00450	0.00143	0.01620	0.00387	0.00263	0.00662
16	0.01125	0.01314	0.04475	0.02001	0.02489	0.01207	0.76856	0.01531	0.01126	0.01531	0.00965	0.01283	0.00723	0.00404	0.00562	0.00161	0.00804	0.00560	0.00241	0.00646
17	0.00812	0.00553	0.00618	0.00584	0.00769	0.00485	0.00457	0.03196	0.01175	0.10771	0.09247	0.04139	0.57353	0.01111	0.00560	0.00163	0.00284	0.06786	0.00468	0.00470
18	0.01098	0.45674	0.14891	0.00880	0.01266	0.01406	0.00899	0.03775	0.03983	0.01365	0.08731	0.01410	0.05066	0.00777	0.06773	0.00174	0.00558	0.00405	0.00271	0.00599
19	0.01199	0.06556	0.01408	0.06055	0.02841	0.01223	0.09098	0.08134	0.50533	0.01912	0.04716	0.01643	0.01333	0.00599	0.00484	0.00156	0.00457	0.00519	0.00421	0.00713
20	0.00582	0.00418	0.00553	0.00661	0.00692	0.00389	0.00442	0.00666	0.00919	0.01222	0.02687	0.81009	0.05008	0.01491	0.00609	0.00193	0.00276	0.01350	0.00444	0.00389
21	0.01100	0.01231	0.02659	0.01925	0.02379	0.01157	0.72352	0.01488	0.01126	0.01523	0.01090	0.01613	0.00885	0.00475	0.00572	0.00166	0.00777	0.06596	0.00257	0.00629
22	0.07148	0.01217	0.08870	0.26565	0.18772	0.06441	0.12160	0.02800	0.03529	0.01494	0.00999	0.01435	0.00820	0.00511	0.00482	0.00155	0.00627	0.05100	0.00256	0.00618
23	0.00685	0.00505	0.00732	0.00732	0.00805	0.00578	0.00553	0.00831	0.00758	0.01083	0.01313	0.02059	0.01274	0.15118	0.69883	0.00724	0.01162	0.00539	0.00261	0.00407
24	0.00694	0.00467	0.00538	0.00538	0.00543	0.00472	0.00310	0.00706	0.00700	0.00939	0.01491	0.03044	0.01701	0.77885	0.07700	0.00484	0.00518	0.00683	0.00287	0.00299
25	0.01257	0.78079	0.07729	0.00854	0.01283	0.01839	0.00881	0.01437	0.00974	0.01151	0.00677	0.00783	0.00613	0.00412	0.00317	0.00106	0.00524	0.00262	0.00204	0.00620
26	0.01361	0.02007	0.02429	0.01104	0.07174	0.17568	0.00815	0.09580	0.12166	0.13039	0.04504	0.08376	0.01502	0.03438	0.03592	0.00189	0.00549	0.09584	0.00402	0.00621
27	0.00928	0.00517	0.00642	0.00583	0.00717	0.00506	0.05570	0.01138	0.00997	0.04891	0.01578	0.05564	0.01319	0.07113	0.00534	0.00148	0.00291	0.00516	0.65990	0.00459
28	0.01549	0.00857	0.02155	0.00838	0.01099	0.05567	0.00674	0.06577	0.01313	0.40926	0.12556	0.12331	0.06081	0.00795	0.00559	0.00156	0.04148	0.00655	0.00505	0.00657
29	0.07010	0.12761	0.27626	0.07448	0.01663	0.05296	0.02379	0.06320	0.02554	0.15832	0.01211	0.03505	0.03302	0.00539	0.00441	0.00144	0.00564	0.00420	0.00319	0.00667
30	0.01399	0.01396	0.12398	0.01204	0.07496	0.15907	0.04122	0.12437	0.04925	0.13471	0.06614	0.04278	0.02291	0.00668	0.02297	0.00157	0.00576	0.02171	0.00369	0.05825
31	0.05484	0.05083	0.03922	0.00978	0.01258	0.28847	0.00790	0.12977	0.01338	0.15637	0.03088	0.01469	0.04189	0.05847	0.06830	0.00205	0.00656	0.00435	0.00359	0.00610
32	0.08827	0.01197	0.05139	0.02618	0.20313	0.12255	0.03837	0.07261	0.02514	0.08390	0.01150	0.04045	0.03330	0.00618	0.00560	0.06920	0.00533	0.00437	0.00311	0.09744
33	0.05241	0.07857	0.03646	0.01233	0.09596	0.12333	0.08943	0.15372	0.02210	0.06102	0.02460	0.08491	0.04767	0.06204	0.01981	0.00178	0.00564	0.01866	0.00343	0.00612

[dist]
# distance from previous block
# <min> <max>
10	56

[block]
# block no. 5 follows, 53 sequences, length 35
# corresponding to MSA columns:
# 748-782
name=unknown_F
#
# <colnr> <probs for GDERKNQSTAVLIFYWHMCP>
#	G	D	E	R	K	N	Q	S	T	A	V	L	I	F	Y	W	H	M	C	P
0	0.01124	0.01071	0.01798	0.19462	0.60821	0.01122	0.01408	0.01459	0.04282	0.01508	0.00932	0.01227	0.00761	0.00446	0.00475	0.00146	0.00575	0.00430	0.00242	0.00710
1	0.58812	0.00897	0.00870	0.00838	0.06815	0.00973	0.00619	0.01594	0.00959	0.18753	0.00979	0.01029	0.00706	0.00478	0.00350	0.00146	0.00386	0.00326	0.03876	0.00595
2	0.01010	0.08120	0.58182	0.01224	0.01813	0.01158	0.01470	0.01661	0.14845	0.01563	0.01170	0.01249	0.03443	0.00511	0.00453	0.00150	0.00618	0.00401	0.00260	0.00698
3	0.04800	0.00991	0.01204	0.00926	0.01297	0.00973	0.00765	0.27588	0.01641	0.52284	0.01601	0.01440	0.01039	0.00581	0.00474	0.00146	0.00445	0.00457	0.00544	0.00804
4	0.00842	0.00545	0.00639	0.00623	0.00791	0.00485	0.00480	0.01019	0.03508	0.12925	0.07672	0.15931	0.43331	0.01144	0.00566	0.00169	0.00293	0.08087	0.00471	0.00478
5	0.01349	0.01071	0.01145	0.00989	0.01284	0.01215	0.00781	0.15966	0.61691	0.06257	0.01801	0.01663	0.01331	0.00632	0.00485	0.00158	0.00406	0.00518	0.00490	0.00769
6	0.00695	0.00463	0.00521	0.00521	0.00521	0.00463	0.00290	0.00695	0.00695	0.00927	0.01506	0.03128	0.01738	0.83203	0.02433	0.00463	0.00463	0.00695	0.00290	0.00290
7	0.01044	0.00995	0.01681	0.40889	0.40590	0.01111	0.01386	0.01338	0.01013	0.01384	0.00866	0.01222	0.00695	0.00465	0.00512	0.00153	0.03367	0.00425	0.00224	0.00641
8	0.01825	0.00982	0.09463	0.00887	0.01269	0.00763	0.00794	0.02139	0.07636	0.59998	0.02000	0.01793	0.06955	0.00627	0.00485	0.00150	0.00424	0.00511	0.00531	0.00767
9	0.01259	0.01011	0.01083	0.00964	0.01241	0.01153	0.00753	0.02524	0.73610	0.07788	0.01941	0.01772	0.01439	0.00644	0.00486	0.00161	0.00380	0.00536	0.00494	0.00761
10	0.01433	0.01024	0.01100	0.00918	0.01208	0.01132	0.00734	0.30213	0.31844	0.07732	0.01580	0.01539	0.01161	0.00601	0.00456	0.00145	0.00407	0.00479	0.15567	0.00726
11	0.12977	0.01493	0.21650	0.01129	0.03209	0.05495	0.04231	0.20010	0.04421	0.19062	0.01164	0.01182	0.00810	0.00518	0.00449	0.00147	0.00550	0.00401	0.00380	0.00722
12	0.42743	0.00916	0.00934	0.00763	0.01090	0.00961	0.00628	0.10596	0.01201	0.31052	0.04003	0.01231	0.00939	0.00532	0.00394	0.00147	0.00396	0.00382	0.00434	0.00658
13	0.00804	0.00565	0.00687	0.00641	0.00793	0.00538	0.00485	0.01127	0.10010	0.06871	0.48900	0.07481	0.17288	0.00983	0.00552	0.00156	0.00260	0.00854	0.00507	0.00497
14	0.00610	0.00458	0.00568	0.00636	0.00706	0.00426	0.00440	0.00759	0.03810	0.01328	0.10397	0.57576	0.17799	0.01363	0.00593	0.00183	0.00269	0.01216	0.00453	0.00410
15	0.01473	0.10219	0.05370	0.00932	0.01249	0.08563	0.00788	0.08529	0.22186	0.22469	0.04480	0.06842	0.03497	0.00658	0.00470	0.00148	0.00460	0.00530	0.00442	0.00694
16	0.05102	0.00935	0.01000	0.03194	0.01210	0.01050	0.00709	0.02203	0.58624	0.06981	0.02215	0.02066	0.11243	0.00701	0.00487	0.00160	0.00370	0.00579	0.00471	0.00698
17	0.00683	0.00442	0.00591	0.00677	0.00727	0.00409	0.00460	0.00773	0.00944	0.06357	0.02586	0.77629	0.03033	0.01439	0.00602	0.00191	0.00286	0.01302	0.00453	0.00416
18	0.02957	0.02665	0.06394	0.01703	0.06123	0.16120	0.43459	0.05686	0.01230	0.07498	0.00984	0.01190	0.00734	0.00448	0.00509	0.00150	0.00742	0.00474	0.00279	0.00656
19	0.01164	0.01236	0.01542	0.01300	0.01393	0.12428	0.07769	0.01378	0.05943	0.01241	0.00758	0.01089	0.00688	0.00739	0.01254	0.00190	0.58675	0.00424	0.00235	0.00553
20	0.00891	0.00445	0.00445	0.00445	0.00557	0.00445	0.00334	0.01114	0.01002	0.01782	0.01559	0.01782	0.01225	0.00557	0.00334	0.00111	0.00223	0.00445	0.85856	0.00445
21	0.00837	0.00519	0.00649	0.00643	0.00774	0.00469	0.00471	0.02391	0.01136	0.12394	0.19500	0.35100	0.20929	0.01178	0.00569	0.00170	0.00281	0.01034	0.00482	0.00472
22	0.02968	0.34426	0.48083	0.01131	0.01711	0.01418	0.01364	0.01479	0.00990	0.01374	0.00777	0.00908	0.00607	0.00436	0.00392	0.00132	0.00622	0.00313	0.00205	0.00666
23	0.00653	0.00458	0.00570	0.00625	0.00710	0.00413	0.00440	0.00764	0.01018	0.04557	0.09392	0.51321	0.23207	0.01340	0.00590	0.00181	0.00272	0.02616	0.00456	0.00416
24	0.00646	0.00482	0.00608	0.00664	0.00761	0.00447	0.00509	0.00798	0.01079	0.01407	0.16117	0.27433	0.22922	0.02640	0.00634	0.00190	0.00306	0.21487	0.00454	0.00415
25	0.05535	0.01174	0.03825	0.16783	0.01614	0.16120	0.00869	0.11979	0.06475	0.10911	0.12704	0.01730	0.03926	0.00625	0.00475	0.00147	0.00525	0.01565	0.02410	0.00607
26	0.01076	0.01318	0.12311	0.21965	0.06944	0.01171	0.40417	0.04193	0.01098	0.01497	0.00918	0.01233	0.00690	0.00446	0.00544	0.00159	0.02663	0.00486	0.00237	0.00634
27	0.01121	0.00975	0.01443	0.58996	0.09530	0.05128	0.01238	0.05886	0.02505	0.07212	0.00962	0.01273	0.00712	0.00491	0.00475	0.00154	0.00614	0.00425	0.00265	0.00593
28	0.01009	0.15144	0.68492	0.01277	0.01937	0.01232	0.01618	0.01501	0.01003	0.01453	0.00828	0.00971	0.00607	0.00447	0.00431	0.00144	0.00676	0.00338	0.00202	0.00692
29	0.01126	0.33195	0.31010	0.01270	0.10363	0.01407	0.01225	0.01580	0.10142	0.01421	0.00951	0.02663	0.00776	0.00477	0.00407	0.00134	0.00569	0.00366	0.00245	0.00676
30	0.04222	0.03864	0.01271	0.06233	0.01397	0.03798	0.09423	0.12875	0.04702	0.19501	0.09491	0.10257	0.02809	0.00843	0.03833	0.00181	0.00505	0.03742	0.00426	0.00629
31	0.01011	0.00490	0.00690	0.00661	0.00736	0.00463	0.00464	0.00935	0.00818	0.14988	0.01455	0.13916	0.04122	0.04191	0.01406	0.51993	0.00388	0.00600	0.00322	0.00352
32	0.01023	0.01069	0.05695	0.46618	0.28419	0.03942	0.01361	0.01331	0.01011	0.01343	0.00875	0.01233	0.00690	0.00548	0.02773	0.00169	0.00644	0.00420	0.00222	0.00612
33	0.01139	0.01063	0.01805	0.33022	0.25221	0.01149	0.14920	0.11068	0.01188	0.01612	0.00937	0.01245	0.00722	0.00463	0.00489	0.00152	0.00624	0.00451	0.02081	0.00650
34	0.01217	0.01047	0.07362	0.29863	0.29639	0.01001	0.01269	0.01512	0.01086	0.15382	0.01138	0.01499	0.00883	0.00522	0.00484	0.00154	0.00567	0.04406	0.00299	0.00668

[dist]
# distance from previous block
# <min> <max>
8	76

[block]
# block no. 6 follows, 53 sequences, length 10
# corresponding to MSA columns:
# 876-885
name=unknown_G
#
# <colnr> <probs for GDERKNQSTAVLIFYWHMCP>
#	G	D	E	R	K	N	Q	S	T	A	V	L	I	F	Y	W	H	M	C	P
0	0.01043	0.04693	0.05279	0.05435	0.19675	0.03953	0.08126	0.03189	0.01105	0.04529	0.08588	0.07390	0.07708	0.01998	0.02942	0.00168	0.02445	0.01949	0.00319	0.09465
1	0.01324	0.08757	0.01845	0.27663	0.23760	0.01207	0.09761	0.03526	0.02690	0.09027	0.02907	0.01555	0.02493	0.00588	0.00537	0.00175	0.00625	0.00501	0.00332	0.00724
2	0.01032	0.00841	0.01134	0.16165	0.12498	0.03894	0.00878	0.07608	0.04672	0.05536	0.24698	0.07299	0.02186	0.00775	0.00558	0.00159	0.03094	0.06010	0.00393	0.00571
3	0.01325	0.00992	0.01349	0.01382	0.17306	0.05261	0.08035	0.12689	0.05363	0.16190	0.05966	0.12840	0.05665	0.01778	0.00538	0.00159	0.00482	0.01613	0.00409	0.00658
4	0.01050	0.00721	0.00838	0.00750	0.00956	0.00732	0.00590	0.14066	0.09945	0.09918	0.14684	0.07349	0.21404	0.01169	0.08037	0.00215	0.00425	0.04148	0.02438	0.00564
5	0.01048	0.00846	0.01166	0.01165	0.10503	0.00934	0.02197	0.01359	0.10615	0.08430	0.04032	0.13081	0.04349	0.01011	0.07132	0.00212	0.20951	0.00605	0.00345	0.10018
6	0.23446	0.01077	0.09913	0.07454	0.01471	0.00915	0.08002	0.04771	0.01042	0.08263	0.01111	0.04822	0.03150	0.00509	0.00413	0.00133	0.00467	0.00415	0.00314	0.22313
7	0.46735	0.00897	0.00832	0.00702	0.00982	0.00971	0.00560	0.13722	0.01115	0.02094	0.09581	0.01358	0.01126	0.07180	0.00534	0.00164	0.00385	0.00391	0.00349	0.10322
8	0.09035	0.06694	0.01122	0.07297	0.01310	0.00864	0.00668	0.01442	0.09635	0.05456	0.00991	0.01097	0.00784	0.00420	0.00376	0.00101	0.00395	0.00328	0.00311	0.51675
9	0.01138	0.54227	0.01883	0.00790	0.01100	0.07883	0.00719	0.01288	0.01047	0.01236	0.09897	0.08984	0.06872	0.00636	0.00391	0.00122	0.00467	0.00482	0.00282	0.00555

[dist]
# distance from previous block
# <min> <max>
0	10

[block]
# block no. 7 follows, 53 sequences, length 27
# corresponding to MSA columns:
# 896-912,915-924
name=unknown_H
#
# <colnr> <probs for GDERKNQSTAVLIFYWHMCP>
#	G	D	E	R	K	N	Q	S	T	A	V	L	I	F	Y	W	H	M	C	P
0	0.00917	0.02243	0.71768	0.01284	0.01915	0.01029	0.01618	0.01419	0.00999	0.01481	0.01056	0.10158	0.00891	0.00571	0.00472	0.00156	0.00658	0.00466	0.00229	0.00671
1	0.77038	0.00936	0.00745	0.00667	0.00960	0.01085	0.00544	0.01532	0.09589	0.02128	0.00809	0.00889	0.00623	0.00467	0.00317	0.00149	0.00371	0.00290	0.00317	0.00544
2	0.00987	0.01031	0.09900	0.00781	0.01237	0.00690	0.00700	0.01238	0.00993	0.01553	0.00850	0.00993	0.00696	0.00365	0.00365	0.00080	0.00393	0.00291	0.00274	0.76580
3	0.01073	0.01092	0.01460	0.01254	0.01263	0.04453	0.01041	0.01179	0.00755	0.01151	0.00632	0.01039	0.00627	0.00824	0.01526	0.00206	0.79277	0.00414	0.00211	0.00524
4	0.01817	0.01339	0.01434	0.01100	0.01482	0.01482	0.00908	0.78627	0.02247	0.03012	0.01148	0.01148	0.00813	0.00574	0.00478	0.00143	0.00526	0.00430	0.00478	0.00813
5	0.01326	0.00878	0.01031	0.00949	0.04549	0.00924	0.00710	0.02121	0.41897	0.21736	0.10080	0.02132	0.08138	0.00704	0.00499	0.00156	0.00367	0.00592	0.00503	0.00711
6	0.00585	0.00431	0.00550	0.00642	0.00694	0.00395	0.00440	0.00678	0.00949	0.01238	0.02988	0.67995	0.15559	0.01446	0.00604	0.00190	0.00276	0.03504	0.00444	0.00392
7	0.07686	0.00894	0.01037	0.00881	0.04519	0.06118	0.03972	0.01525	0.01093	0.19455	0.01214	0.01300	0.00905	0.00484	0.00425	0.00117	0.02558	0.00384	0.18467	0.26964
8	0.01148	0.48608	0.32782	0.01080	0.01607	0.01560	0.04526	0.01467	0.00993	0.01293	0.00752	0.00883	0.00615	0.00426	0.00375	0.00124	0.00599	0.00307	0.00205	0.00651
9	0.01148	0.50416	0.34437	0.01040	0.01570	0.01572	0.01205	0.01465	0.00987	0.01283	0.00743	0.00866	0.00610	0.00427	0.00367	0.00122	0.00591	0.00295	0.00203	0.00651
10	0.00959	0.02472	0.80726	0.01362	0.02069	0.01110	0.01766	0.01514	0.01009	0.01514	0.00858	0.01009	0.00605	0.00454	0.00454	0.00151	0.00706	0.00353	0.00202	0.00706
11	0.00695	0.00463	0.00521	0.00521	0.00521	0.00463	0.00290	0.00695	0.00695	0.00927	0.01506	0.03128	0.01738	0.83203	0.02433	0.00463	0.00463	0.00695	0.00290	0.00290
12	0.00703	0.00526	0.00741	0.00730	0.00790	0.00606	0.00543	0.00828	0.00748	0.01066	0.01305	0.02148	0.01302	0.23258	0.57813	0.00665	0.05014	0.00553	0.00262	0.00397
13	0.01278	0.83490	0.02505	0.00818	0.01227	0.01891	0.00818	0.01431	0.00971	0.01125	0.00664	0.00767	0.00613	0.00409	0.00307	0.00102	0.00511	0.00256	0.00204	0.00613
14	0.02144	0.00813	0.01109	0.00850	0.01220	0.00702	0.00702	0.02329	0.01368	0.80552	0.01886	0.01627	0.01183	0.00592	0.00481	0.00148	0.00407	0.00481	0.00592	0.00813
15	0.00669	0.00485	0.00628	0.00615	0.00719	0.00449	0.00460	0.00870	0.01269	0.01770	0.62983	0.10554	0.07882	0.03400	0.00627	0.00168	0.00250	0.05261	0.00503	0.00438
16	0.00959	0.02472	0.80726	0.01362	0.02069	0.01110	0.01766	0.01514	0.01009	0.01514	0.00858	0.01009	0.00605	0.00454	0.00454	0.00151	0.00706	0.00353	0.00202	0.00706
17	0.01390	0.01126	0.01194	0.01013	0.01319	0.01283	0.00805	0.26859	0.54711	0.02323	0.01690	0.01580	0.01252	0.00625	0.00484	0.00156	0.00425	0.00505	0.00484	0.00775
18	0.69054	0.01030	0.03110	0.00728	0.01050	0.01128	0.00618	0.13396	0.01054	0.04067	0.00774	0.00860	0.00581	0.00468	0.00333	0.00147	0.00404	0.00293	0.00328	0.00576
19	0.00726	0.00630	0.00639	0.00711	0.00764	0.09434	0.00482	0.00808	0.00949	0.01190	0.02381	0.64599	0.04792	0.08597	0.00750	0.00209	0.00358	0.01173	0.00408	0.00398
20	0.01225	0.69990	0.15539	0.00909	0.01367	0.01761	0.00976	0.01445	0.00977	0.01189	0.00697	0.00807	0.00612	0.00416	0.00331	0.00110	0.00544	0.00272	0.00204	0.00629
21	0.01218	0.01230	0.01816	0.11886	0.62533	0.10082	0.01390	0.01488	0.01103	0.01478	0.00875	0.01158	0.00727	0.00439	0.00469	0.00142	0.00609	0.00413	0.00235	0.00708
22	0.00753	0.00593	0.00658	0.00649	0.00820	0.00558	0.00520	0.09464	0.01217	0.01514	0.03837	0.06457	0.51301	0.01172	0.00578	0.00174	0.00320	0.18511	0.00447	0.00457
23	0.01153	0.16134	0.55043	0.01240	0.01848	0.01203	0.04801	0.01591	0.01048	0.10279	0.00944	0.01049	0.00677	0.00459	0.00437	0.00143	0.00644	0.00360	0.00248	0.00700
24	0.00951	0.02397	0.77585	0.01343	0.02026	0.01088	0.01727	0.01493	0.01013	0.01510	0.00923	0.01181	0.00690	0.00488	0.00462	0.00154	0.00696	0.03365	0.00211	0.00696
25	0.01059	0.32063	0.47320	0.01118	0.01680	0.01358	0.01341	0.01447	0.01015	0.01395	0.05453	0.01071	0.00839	0.00468	0.00407	0.00133	0.00606	0.00348	0.00222	0.00657
26	0.01425	0.01195	0.04720	0.14241	0.01683	0.17926	0.06762	0.01681	0.03228	0.22893	0.05171	0.04134	0.01288	0.00661	0.00530	0.00157	0.02749	0.08561	0.00377	0.00617

[dist]
# distance from previous block
# <min> <max>
17	45

[block]
# block no. 8 follows, 53 sequences, length 26
# corresponding to MSA columns:
# 970-995
name=unknown_I
#
# <colnr> <probs for GDERKNQSTAVLIFYWHMCP>
#	G	D	E	R	K	N	Q	S	T	A	V	L	I	F	Y	W	H	M	C	P
0	0.01170	0.01056	0.04272	0.11678	0.02474	0.07710	0.03456	0.12053	0.04789	0.05826	0.03537	0.12716	0.01217	0.00624	0.00461	0.00132	0.00480	0.00529	0.00348	0.25471
1	0.04729	0.00802	0.01039	0.00838	0.01162	0.00728	0.00684	0.06053	0.03074	0.57036	0.01862	0.08737	0.01388	0.00697	0.00490	0.00153	0.00400	0.05053	0.00538	0.04537
2	0.01234	0.00965	0.03189	0.10473	0.14987	0.00979	0.03067	0.15093	0.11806	0.10760	0.10587	0.06103	0.04919	0.03011	0.00557	0.00162	0.00463	0.00583	0.00404	0.00660
3	0.02315	0.05233	0.02525	0.01443	0.13147	0.06614	0.15630	0.11752	0.06720	0.03985	0.07861	0.03316	0.01209	0.00844	0.07562	0.00205	0.06942	0.00509	0.01554	0.00634
4	0.01080	0.01059	0.01463	0.01248	0.01265	0.01465	0.01040	0.04595	0.00799	0.01233	0.00651	0.01050	0.00636	0.00825	0.01520	0.00206	0.78690	0.00419	0.00221	0.00536
5	0.01189	0.02319	0.01364	0.30584	0.08577	0.02051	0.01034	0.09697	0.05026	0.08811	0.02427	0.01316	0.01837	0.00543	0.00583	0.00147	0.09698	0.00427	0.00309	0.12060
6	0.00588	0.00421	0.00566	0.00671	0.00702	0.00399	0.00452	0.00675	0.00907	0.01214	0.02563	0.78620	0.03058	0.01607	0.04864	0.00224	0.00330	0.01314	0.00434	0.00390
7	0.00851	0.00451	0.00650	0.00643	0.00659	0.00461	0.00435	0.00736	0.05268	0.00899	0.00896	0.01472	0.00867	0.01601	0.01786	0.81024	0.00413	0.00423	0.00224	0.00240
8	0.01088	0.00915	0.03874	0.00754	0.01168	0.00699	0.00628	0.03811	0.03896	0.06287	0.00984	0.01089	0.00780	0.00396	0.00373	0.00085	0.00372	0.00317	0.03116	0.69369
9	0.00978	0.05208	0.74268	0.01375	0.02060	0.01142	0.05437	0.01512	0.01014	0.01501	0.00856	0.01014	0.00612	0.00450	0.00454	0.00150	0.00704	0.00360	0.00204	0.00700
10	0.00575	0.00485	0.00498	0.00495	0.00652	0.00408	0.00371	0.00706	0.01113	0.01348	0.11677	0.04506	0.73157	0.01189	0.00565	0.00160	0.00241	0.00996	0.00451	0.00408
11	0.01170	0.42213	0.36236	0.01093	0.01625	0.04222	0.02403	0.03631	0.01038	0.01353	0.00768	0.00893	0.00617	0.00436	0.00383	0.00126	0.00612	0.00309	0.00213	0.00658
12	0.01108	0.00988	0.01640	0.41687	0.28443	0.02132	0.05693	0.03251	0.01069	0.06074	0.00979	0.03088	0.00775	0.00488	0.00484	0.00153	0.00602	0.00456	0.00256	0.00633
13	0.00647	0.00500	0.00593	0.00582	0.00712	0.00454	0.00437	0.00856	0.03433	0.01624	0.42122	0.09101	0.32395	0.01100	0.00568	0.00160	0.00247	0.03547	0.00486	0.00438
14	0.01117	0.00826	0.00897	0.00789	0.01007	0.00901	0.00617	0.15659	0.29374	0.02114	0.19574	0.02077	0.01986	0.00689	0.00467	0.00144	0.00334	0.00573	0.20230	0.00625
15	0.01170	0.03321	0.06344	0.08237	0.19307	0.02905	0.04358	0.04599	0.11878	0.09271	0.01526	0.05245	0.01347	0.00696	0.00509	0.00162	0.00508	0.14665	0.03308	0.00645
16	0.00996	0.02210	0.63476	0.01507	0.02164	0.01132	0.18753	0.01518	0.01035	0.01518	0.00882	0.01071	0.00632	0.00443	0.00478	0.00154	0.00728	0.00400	0.00211	0.00693
17	0.01091	0.01311	0.07024	0.01911	0.02384	0.01162	0.70340	0.01487	0.01111	0.01515	0.01044	0.05346	0.00840	0.00460	0.00560	0.00162	0.00774	0.00592	0.00250	0.00635
18	0.00616	0.00458	0.00575	0.00619	0.00704	0.00418	0.00445	0.00755	0.01090	0.01450	0.25843	0.39221	0.19727	0.01275	0.00589	0.00176	0.00263	0.04895	0.00468	0.00412
19	0.01269	0.02438	0.01573	0.14026	0.09825	0.01216	0.07699	0.04113	0.02329	0.15192	0.00980	0.01229	0.00768	0.00639	0.00932	0.00175	0.34234	0.00443	0.00296	0.00625
20	0.00964	0.00786	0.05016	0.01014	0.03830	0.00785	0.04549	0.05213	0.00993	0.08136	0.01444	0.02272	0.01335	0.02143	0.39165	0.00462	0.07187	0.13858	0.00321	0.00526
21	0.02144	0.00813	0.01109	0.00850	0.01220	0.00702	0.00702	0.02329	0.01368	0.80552	0.01886	0.01627	0.01183	0.00592	0.00481	0.00148	0.00407	0.00481	0.00592	0.00813
