[name]
unknown

[dist]
# distance from previous block
# <min> <max>
0	780

[block]
# block no. 0 follows, 53 sequences, length 11
# corresponding to MSA columns:
# 780,781,784-792
name=unknown_A
#
# <colnr> <probs for GDERKNQSTAVLIFYWHMCP>
#	G	D	E	R	K	N	Q	S	T	A	V	L	I	F	Y	W	H	M	C	P
0	0.00868	0.00748	0.01189	0.41845	0.06448	0.00868	0.01097	0.01137	0.01015	0.01323	0.01536	0.02953	0.01512	0.00833	0.00587	0.00185	0.03158	0.31884	0.00307	0.00506
1	0.01185	0.01091	0.01587	0.02128	0.47776	0.01157	0.01175	0.01908	0.33242	0.01741	0.01329	0.01430	0.01045	0.00517	0.00479	0.00150	0.00490	0.00473	0.00339	0.00757
2	0.00810	0.00701	0.01107	0.48593	0.02233	0.00811	0.00967	0.01090	0.01119	0.01507	0.33352	0.02218	0.02228	0.00683	0.00513	0.00156	0.00468	0.00605	0.00341	0.00498
3	0.01018	0.00967	0.01642	0.49551	0.34895	0.01092	0.01385	0.01322	0.01010	0.01361	0.00870	0.01237	0.00686	0.00456	0.00476	0.00152	0.00609	0.00425	0.00222	0.00624
4	0.01147	0.50207	0.34638	0.01041	0.01573	0.01570	0.01207	0.01465	0.00987	0.01284	0.00744	0.00866	0.00610	0.00427	0.00367	0.00122	0.00591	0.00296	0.00203	0.00652
5	0.01091	0.01685	0.34306	0.02288	0.48116	0.01125	0.01590	0.01486	0.01056	0.01542	0.00882	0.01112	0.00695	0.00437	0.00465	0.00146	0.00625	0.00396	0.00222	0.00736
6	0.00642	0.00472	0.00506	0.00506	0.00572	0.00439	0.00320	0.00691	0.00857	0.01076	0.02876	0.03733	0.33899	0.49520	0.01665	0.00339	0.00372	0.00824	0.00353	0.00336
7	0.01286	0.01469	0.01492	0.41993	0.04957	0.34028	0.05345	0.01528	0.01133	0.01228	0.00812	0.01103	0.00637	0.00478	0.00463	0.00144	0.00736	0.00384	0.00229	0.00554
8	0.51251	0.00715	0.00642	0.00644	0.00829	0.00791	0.00487	0.01101	0.00855	0.01765	0.01474	0.34509	0.01604	0.00877	0.00425	0.00167	0.00332	0.00711	0.00357	0.00464
9	0.00959	0.02472	0.80726	0.01362	0.02069	0.01110	0.01766	0.01514	0.01009	0.01514	0.00858	0.01009	0.00605	0.00454	0.00454	0.00151	0.00706	0.00353	0.00202	0.00706
10	0.00926	0.01516	0.34007	0.48905	0.02789	0.01082	0.01508	0.01341	0.00978	0.01341	0.00853	0.01165	0.00624	0.00468	0.00468	0.00156	0.00666	0.00395	0.00208	0.00603

[dist]
# distance from previous block
# <min> <max>
31	91

[block]
# block no. 1 follows, 53 sequences, length 8
# corresponding to MSA columns:
# 968-975
name=unknown_B
#
# <colnr> <probs for GDERKNQSTAVLIFYWHMCP>
#	G	D	E	R	K	N	Q	S	T	A	V	L	I	F	Y	W	H	M	C	P
0	0.01201	0.01162	0.01091	0.00836	0.01223	0.16527	0.00659	0.06363	0.01144	0.01576	0.00847	0.00976	0.00697	0.00395	0.00377	0.00086	0.00465	0.00298	0.00289	0.63789
1	0.01082	0.00927	0.01165	0.16775	0.01628	0.03399	0.03305	0.01437	0.09211	0.05482	0.01016	0.01167	0.00794	0.00427	0.00408	0.00106	0.00446	0.00358	0.00303	0.50565
2	0.02787	0.00745	0.00885	0.00835	0.01044	0.03570	0.00689	0.05664	0.05634	0.12594	0.11404	0.06277	0.03785	0.00957	0.00553	0.00172	0.00406	0.32301	0.00451	0.09248
3	0.01062	0.01008	0.01654	0.02453	0.64596	0.00992	0.01250	0.01314	0.01089	0.01508	0.01673	0.01854	0.16322	0.00580	0.00491	0.00146	0.00504	0.00540	0.00277	0.00688
4	0.01082	0.00946	0.01434	0.66158	0.02937	0.01144	0.01245	0.16420	0.01209	0.01573	0.00908	0.01249	0.00672	0.00497	0.00478	0.00156	0.00615	0.00426	0.00265	0.00586
5	0.00666	0.00491	0.00652	0.00730	0.00819	0.00477	0.00575	0.00822	0.01013	0.01325	0.05288	0.30111	0.14533	0.01575	0.08628	0.00255	0.00433	0.30766	0.00426	0.00417
6	0.00930	0.00878	0.01484	0.74203	0.10925	0.01069	0.01341	0.01246	0.00969	0.01255	0.00854	0.01265	0.00649	0.00473	0.00477	0.00158	0.00630	0.00425	0.00215	0.00553
7	0.06399	0.00923	0.01025	0.00864	0.01070	0.07067	0.02163	0.03363	0.08194	0.13970	0.01266	0.01773	0.01119	0.21111	0.01098	0.00225	0.12609	0.01902	0.00346	0.13513

[dist]
# distance from previous block
# <min> <max>
23	81

[block]
# block no. 2 follows, 53 sequences, length 14
# corresponding to MSA columns:
# 1090-1103
name=unknown_C
#
# <colnr> <probs for GDERKNQSTAVLIFYWHMCP>
#	G	D	E	R	K	N	Q	S	T	A	V	L	I	F	Y	W	H	M	C	P
0	0.04047	0.05423	0.03239	0.01009	0.01391	0.02824	0.10825	0.22443	0.01411	0.08523	0.05954	0.01439	0.04952	0.00531	0.00448	0.00125	0.00479	0.00447	0.00373	0.24115
1	0.08242	0.01113	0.01006	0.02717	0.01174	0.18711	0.00714	0.10476	0.05621	0.06940	0.16615	0.04017	0.03638	0.00739	0.00489	0.00148	0.00481	0.10091	0.00403	0.06664
2	0.30916	0.01057	0.01246	0.01004	0.01319	0.04319	0.13317	0.17593	0.04288	0.03723	0.01160	0.11678	0.01021	0.00610	0.00438	0.00151	0.00482	0.00506	0.00356	0.04815
3	0.04015	0.24348	0.11894	0.00985	0.01378	0.13252	0.03612	0.07128	0.04359	0.05472	0.02903	0.01260	0.03655	0.00510	0.00410	0.00124	0.00547	0.01780	0.00296	0.12073
4	0.04274	0.03790	0.09678	0.00840	0.01084	0.00834	0.00734	0.04304	0.21633	0.03621	0.24607	0.11471	0.03968	0.00857	0.00519	0.00162	0.00371	0.06230	0.00443	0.00580
5	0.10496	0.17781	0.23342	0.01288	0.01749	0.01234	0.23320	0.04099	0.01052	0.01539	0.01013	0.07378	0.00883	0.00533	0.00456	0.00149	0.00614	0.02194	0.00258	0.00623
6	0.18168	0.01044	0.01258	0.01055	0.01361	0.01169	0.11975	0.02168	0.52393	0.01960	0.01549	0.01511	0.01165	0.00572	0.00460	0.00159	0.00439	0.00488	0.00413	0.00693
7	0.01052	0.01097	0.02153	0.01581	0.02003	0.00998	0.51320	0.01389	0.01094	0.01524	0.01144	0.01757	0.00985	0.00511	0.00531	0.00149	0.00659	0.10434	0.00277	0.19342
8	0.01001	0.00859	0.00996	0.00722	0.01138	0.00665	0.00576	0.01272	0.05017	0.01580	0.00906	0.01032	0.00747	0.00369	0.00361	0.00075	0.00355	0.00296	0.00294	0.81739
9	0.01316	0.00906	0.01046	0.00821	0.01179	0.00843	0.00656	0.06908	0.21716	0.16955	0.01383	0.01362	0.01023	0.00499	0.00421	0.00116	0.00377	0.00405	0.03701	0.38367
10	0.00786	0.00584	0.00781	0.00831	0.00985	0.00552	0.00715	0.01000	0.01092	0.01451	0.04280	0.04736	0.06446	0.01181	0.00613	0.00196	0.00414	0.61362	0.00422	0.11571
11	0.00747	0.00551	0.00798	0.00857	0.00970	0.00540	0.03415	0.00957	0.01111	0.01470	0.12550	0.14859	0.02960	0.01266	0.00638	0.00206	0.00404	0.54815	0.00445	0.00442
12	0.01539	0.01272	0.01386	0.01307	0.11638	0.06143	0.00935	0.40471	0.25879	0.02400	0.01337	0.01331	0.00993	0.00573	0.00477	0.00148	0.00506	0.00456	0.00435	0.00773
13	0.00649	0.00454	0.00525	0.00553	0.00582	0.00436	0.00339	0.00686	0.00803	0.01049	0.02229	0.23760	0.12274	0.51611	0.01723	0.00355	0.00387	0.00906	0.00349	0.00330

[dist]
# distance from previous block
# <min> <max>
0	8

[block]
# block no. 3 follows, 53 sequences, length 29
# corresponding to MSA columns:
# 1112-1140
name=unknown_D
#
# <colnr> <probs for GDERKNQSTAVLIFYWHMCP>
#	G	D	E	R	K	N	Q	S	T	A	V	L	I	F	Y	W	H	M	C	P
0	0.01131	0.01058	0.01682	0.02328	0.58702	0.01000	0.01222	0.01395	0.01062	0.01560	0.00886	0.01131	0.00744	0.00406	0.00441	0.00123	0.00510	0.00387	0.00249	0.23984
1	0.01556	0.00940	0.01619	0.23231	0.02098	0.00925	0.20012	0.01831	0.01197	0.39523	0.01378	0.01448	0.00922	0.00514	0.00500	0.00154	0.00568	0.00486	0.00402	0.00695
2	0.00690	0.00472	0.00561	0.00551	0.00584	0.00464	0.00343	0.00756	0.00876	0.01202	0.22848	0.03210	0.02475	0.58367	0.04365	0.00388	0.00424	0.00735	0.00353	0.00338
3	0.00578	0.00435	0.00535	0.00616	0.00680	0.00392	0.00422	0.00671	0.00963	0.01239	0.03235	0.61589	0.24075	0.01419	0.00598	0.00185	0.00268	0.01264	0.00444	0.00392
4	0.12441	0.13812	0.01602	0.01462	0.22739	0.01072	0.07693	0.01619	0.01126	0.21801	0.07238	0.03154	0.01152	0.00532	0.00444	0.00142	0.00480	0.00458	0.00357	0.00677
5	0.01261	0.01432	0.22768	0.01073	0.01475	0.03047	0.01032	0.03675	0.45802	0.10815	0.01598	0.01520	0.01163	0.00584	0.00475	0.00156	0.00485	0.00475	0.00415	0.00746
6	0.01082	0.01611	0.24017	0.01837	0.02381	0.01182	0.57611	0.01526	0.01096	0.01526	0.00937	0.01213	0.00693	0.00417	0.00534	0.00158	0.00779	0.00507	0.00231	0.00661
7	0.01458	0.46907	0.15727	0.00921	0.01371	0.01432	0.00951	0.01690	0.01086	0.22803	0.01030	0.01043	0.00767	0.00466	0.00380	0.00123	0.00517	0.00334	0.00309	0.00684
8	0.24465	0.55468	0.07379	0.00804	0.01202	0.01615	0.00801	0.01430	0.00931	0.01429	0.00678	0.00786	0.00587	0.00421	0.00314	0.00118	0.00486	0.00263	0.00229	0.00594
9	0.08808	0.01232	0.01075	0.00929	0.01181	0.19702	0.00726	0.19647	0.13668	0.03433	0.22594	0.01815	0.01854	0.00665	0.00476	0.00144	0.00484	0.00523	0.00425	0.00620
10	0.00735	0.00632	0.00647	0.00617	0.00808	0.00617	0.00470	0.01190	0.22385	0.01484	0.04054	0.03833	0.58650	0.01058	0.00544	0.00162	0.00279	0.00881	0.00455	0.00500
11	0.01559	0.01211	0.01289	0.01048	0.01384	0.01362	0.00846	0.47432	0.33862	0.02597	0.01475	0.01408	0.01078	0.00604	0.00482	0.00151	0.00465	0.00475	0.00482	0.00790
12	0.01046	0.51451	0.01784	0.00734	0.01029	0.01335	0.00676	0.01227	0.01119	0.01430	0.31277	0.01849	0.02117	0.00628	0.00406	0.00121	0.00401	0.00491	0.00329	0.00551
13	0.01560	0.14490	0.23700	0.01060	0.01527	0.03144	0.01074	0.19810	0.03909	0.23315	0.01207	0.01193	0.00840	0.00520	0.00444	0.00140	0.00545	0.00395	0.00383	0.00744
14	0.01052	0.13403	0.45190	0.01682	0.23161	0.01200	0.01499	0.01462	0.01034	0.01477	0.02634	0.01140	0.02093	0.00464	0.00443	0.00142	0.00623	0.00382	0.00223	0.00696
15	0.01586	0.01225	0.22705	0.00956	0.01378	0.00790	0.00957	0.03472	0.01286	0.45174	0.13763	0.01752	0.01537	0.00614	0.00486	0.00149	0.00462	0.00505	0.00473	0.00728
16	0.00692	0.01025	0.22348	0.00774	0.01067	0.00607	0.00788	0.00936	0.01053	0.01358	0.03362	0.10528	0.44930	0.01039	0.00547	0.00167	0.00389	0.07525	0.00378	0.00488
17	0.01035	0.02795	0.28858	0.15210	0.21979	0.01096	0.06251	0.03367	0.06447	0.01524	0.01064	0.06319	0.00882	0.00529	0.00480	0.00153	0.00609	0.00473	0.00257	0.00671
18	0.01120	0.01069	0.01820	0.16639	0.64980	0.01105	0.01419	0.01405	0.01061	0.01494	0.00931	0.03114	0.00793	0.00460	0.00477	0.00146	0.00573	0.00448	0.00237	0.00709
19	0.00819	0.00682	0.01087	0.01357	0.22448	0.00744	0.00834	0.01020	0.00855	0.01233	0.01177	0.01689	0.01076	0.02725	0.59314	0.00598	0.01086	0.00489	0.00251	0.00517
20	0.01755	0.02104	0.01334	0.01197	0.01455	0.69397	0.00906	0.06203	0.06754	0.03281	0.00872	0.00960	0.00698	0.00510	0.00439	0.00128	0.00799	0.00335	0.00284	0.00589
21	0.01085	0.34515	0.49789	0.01147	0.01736	0.01419	0.01391	0.01481	0.00994	0.01360	0.00781	0.00913	0.00609	0.00436	0.00396	0.00132	0.00629	0.00315	0.00203	0.00670
22	0.00681	0.00506	0.00733	0.00723	0.00816	0.00558	0.00558	0.00867	0.00927	0.01329	0.22690	0.02338	0.02097	0.02875	0.59339	0.00600	0.00993	0.00608	0.00330	0.00433
23	0.01045	0.00960	0.01586	0.02299	0.58588	0.00949	0.01190	0.01313	0.01160	0.01658	0.22413	0.01833	0.01778	0.00576	0.00498	0.00144	0.00475	0.00545	0.00315	0.00674
24	0.00677	0.00509	0.00665	0.00701	0.00786	0.00494	0.01635	0.00919	0.07782	0.01493	0.23636	0.47715	0.05004	0.01252	0.00588	0.00179	0.00287	0.04769	0.00467	0.00444
25	0.01050	0.09867	0.51799	0.01738	0.23252	0.01192	0.01594	0.01493	0.01027	0.01489	0.00850	0.01033	0.00647	0.00442	0.00445	0.00144	0.00650	0.00364	0.00212	0.00711
26	0.00660	0.00469	0.00511	0.00511	0.00555	0.00447	0.00310	0.00693	0.00802	0.01026	0.02414	0.03528	0.23039	0.60894	0.01925	0.00381	0.00403	0.00780	0.00332	0.00321
27	0.01087	0.01058	0.01861	0.28420	0.47897	0.01119	0.08811	0.01394	0.01049	0.01449	0.00890	0.01223	0.00715	0.00440	0.00483	0.00149	0.00613	0.00439	0.00229	0.00673
28	0.00979	0.00927	0.01571	0.60526	0.24223	0.01082	0.01365	0.01288	0.00992	0.01314	0.00863	0.01249	0.00670	0.00464	0.00477	0.00155	0.00618	0.00425	0.00219	0.00592

[dist]
# distance from previous block
# <min> <max>
0	5

[block]
# block no. 4 follows, 53 sequences, length 10
# corresponding to MSA columns:
# 1146-1155
name=unknown_E
#
# <colnr> <probs for GDERKNQSTAVLIFYWHMCP>
#	G	D	E	R	K	N	Q	S	T	A	V	L	I	F	Y	W	H	M	C	P
0	0.00771	0.01041	0.23568	0.00763	0.00966	0.00649	0.00714	0.00930	0.00785	0.01095	0.01320	0.02519	0.01412	0.59425	0.01864	0.00374	0.00533	0.00597	0.00264	0.00409
1	0.00690	0.00471	0.00555	0.00544	0.00577	0.00460	0.00336	0.00755	0.00884	0.01211	0.24052	0.03255	0.02534	0.59575	0.01896	0.00373	0.00395	0.00744	0.00358	0.00336
2	0.00794	0.00713	0.01252	0.01008	0.01222	0.00662	0.22870	0.01054	0.01241	0.01722	0.47714	0.09441	0.06563	0.00865	0.00568	0.00157	0.00397	0.00825	0.00434	0.00499
3	0.01835	0.24599	0.01520	0.00856	0.01232	0.01096	0.00745	0.04678	0.05340	0.51005	0.01513	0.01372	0.01021	0.00541	0.00431	0.00135	0.00439	0.00417	0.00471	0.00753
4	0.01112	0.24736	0.01763	0.01129	0.01247	0.01587	0.00980	0.01231	0.00801	0.01143	0.00638	0.00966	0.00623	0.00714	0.01206	0.00178	0.58818	0.00372	0.00208	0.00549
5	0.01187	0.24777	0.02061	0.08791	0.51235	0.01347	0.01269	0.01437	0.01044	0.01408	0.00828	0.01071	0.00706	0.00425	0.00426	0.00132	0.00557	0.00377	0.00225	0.00697
6	0.01224	0.69905	0.15621	0.00909	0.01368	0.01760	0.00977	0.01445	0.00978	0.01190	0.00697	0.00807	0.00612	0.00416	0.00331	0.00110	0.00544	0.00272	0.00204	0.00629
7	0.01015	0.16672	0.67016	0.01267	0.01921	0.01247	0.01600	0.01499	0.01002	0.01445	0.00824	0.00967	0.00607	0.00446	0.00428	0.00143	0.00672	0.00336	0.00202	0.00690
8	0.01050	0.25753	0.58249	0.01206	0.01827	0.01334	0.01493	0.01490	0.00998	0.01402	0.00802	0.00939	0.00608	0.00441	0.00412	0.00137	0.00650	0.00325	0.00203	0.00680
9	0.00830	0.00415	0.00623	0.00623	0.00623	0.00415	0.00415	0.00623	0.00623	0.00830	0.00830	0.01453	0.00830	0.01660	0.01868	0.86094	0.00415	0.00415	0.00208	0.00208

[dist]
# distance from previous block
# <min> <max>
0	65

[block]
# block no. 5 follows, 53 sequences, length 33
# corresponding to MSA columns:
# 1221-1234,1249-1267
name=unknown_F
#
# <colnr> <probs for GDERKNQSTAVLIFYWHMCP>
#	G	D	E	R	K	N	Q	S	T	A	V	L	I	F	Y	W	H	M	C	P
0	0.00695	0.00463	0.00521	0.00521	0.00521	0.00463	0.00290	0.00695	0.00695	0.00927	0.01506	0.03128	0.01738	0.83203	0.02433	0.00463	0.00463	0.00695	0.00290	0.00290
1	0.01138	0.01090	0.01859	0.15593	0.67912	0.01124	0.01445	0.01428	0.01067	0.01507	0.00891	0.01198	0.00738	0.00434	0.00474	0.00145	0.00579	0.00426	0.00233	0.00721
2	0.00819	0.00825	0.00680	0.00683	0.00825	0.16435	0.00499	0.00931	0.01092	0.01244	0.03384	0.21427	0.43015	0.03504	0.00605	0.00171	0.00384	0.02649	0.00400	0.00427
3	0.01183	0.01136	0.01940	0.02934	0.80221	0.01136	0.01467	0.01467	0.01088	0.01562	0.00899	0.01183	0.00757	0.00426	0.00473	0.00142	0.00568	0.00426	0.00237	0.00757
4	0.00683	0.00512	0.00768	0.00768	0.00853	0.00597	0.00597	0.00853	0.00768	0.01110	0.01280	0.01878	0.01195	0.03585	0.81308	0.00768	0.01280	0.00512	0.00256	0.00427
5	0.01049	0.01056	0.01523	0.01288	0.01309	0.01453	0.04398	0.01167	0.00749	0.01167	0.00642	0.01056	0.00632	0.00818	0.01525	0.00207	0.78799	0.00425	0.00211	0.00528
6	0.00991	0.00850	0.00991	0.00708	0.01133	0.00637	0.00566	0.01203	0.00991	0.01557	0.00850	0.00991	0.00708	0.00354	0.00354	0.00071	0.00354	0.00283	0.00283	0.86124
7	0.00993	0.02272	0.72135	0.01293	0.01945	0.01049	0.01636	0.01507	0.01037	0.05093	0.04138	0.02939	0.00845	0.00504	0.00463	0.00152	0.00664	0.00402	0.00238	0.00694
8	0.01085	0.36573	0.43988	0.01110	0.01663	0.01414	0.01319	0.01454	0.00997	0.01346	0.00854	0.01111	0.00709	0.00475	0.00401	0.00134	0.00612	0.03886	0.00214	0.00655
9	0.01777	0.01257	0.01368	0.01061	0.01425	0.01374	0.00871	0.69499	0.02120	0.08221	0.01273	0.05284	0.00956	0.00621	0.00485	0.00146	0.00505	0.00480	0.00484	0.00792
10	0.00678	0.00516	0.00700	0.00664	0.00789	0.00475	0.03253	0.00883	0.01253	0.01722	0.54414	0.10387	0.14177	0.01059	0.00576	0.00161	0.00270	0.07087	0.00491	0.00445
11	0.01193	0.01185	0.01831	0.12902	0.64461	0.07175	0.01408	0.01469	0.01091	0.01489	0.00881	0.01170	0.00731	0.00438	0.00471	0.00143	0.00599	0.00417	0.00234	0.00713
12	0.00903	0.00850	0.01434	0.82054	0.03292	0.01062	0.01327	0.01221	0.00956	0.01221	0.00850	0.01274	0.00637	0.00478	0.00478	0.00159	0.00637	0.00425	0.00212	0.00531
13	0.01221	0.01144	0.01908	0.07541	0.64492	0.01166	0.05274	0.08453	0.01187	0.01671	0.00922	0.01191	0.00753	0.00441	0.00478	0.00144	0.00580	0.00433	0.00257	0.00743
14	0.01074	0.17340	0.58344	0.01253	0.01867	0.02936	0.03889	0.01523	0.01021	0.03972	0.00863	0.01003	0.00639	0.00499	0.01702	0.00152	0.00676	0.00347	0.00218	0.00683
15	0.00969	0.04979	0.78305	0.01345	0.02043	0.01134	0.01737	0.01511	0.01008	0.01502	0.00852	0.01002	0.00606	0.00453	0.00450	0.00150	0.00700	0.00350	0.00202	0.00703
16	0.01124	0.01277	0.02752	0.01976	0.02436	0.01222	0.74597	0.01512	0.01108	0.01512	0.00950	0.01277	0.00720	0.00425	0.00614	0.00164	0.04899	0.00557	0.00240	0.00639
17	0.00780	0.00547	0.00750	0.08120	0.03552	0.00533	0.00602	0.00942	0.01069	0.06570	0.16833	0.29082	0.11741	0.05432	0.00674	0.00192	0.00346	0.11346	0.00432	0.00456
18	0.19444	0.03699	0.03194	0.00973	0.03549	0.07934	0.00787	0.20726	0.03232	0.29969	0.01263	0.01216	0.00868	0.00535	0.00431	0.00144	0.00482	0.00397	0.00438	0.00718
19	0.02956	0.00706	0.00910	0.00746	0.00984	0.00652	0.00570	0.04088	0.01145	0.47896	0.01694	0.02087	0.01338	0.26976	0.04866	0.00277	0.00469	0.00545	0.00472	0.00624
20	0.00582	0.00416	0.00555	0.00666	0.00693	0.00388	0.00444	0.00666	0.00915	0.01220	0.02634	0.82891	0.03161	0.01497	0.00610	0.00194	0.00277	0.01359	0.00444	0.00388
21	0.01161	0.01116	0.01907	0.06206	0.68869	0.01127	0.05073	0.01489	0.03915	0.01559	0.00968	0.01292	0.00813	0.00452	0.00482	0.00146	0.00573	0.01869	0.00249	0.00736
22	0.01215	0.01228	0.01697	0.21239	0.46562	0.12321	0.01321	0.03145	0.03949	0.01473	0.00908	0.01181	0.00736	0.00459	0.00469	0.00144	0.00617	0.00413	0.00246	0.00677
23	0.00903	0.00850	0.01434	0.82054	0.03292	0.01062	0.01327	0.01221	0.00956	0.01221	0.00850	0.01274	0.00637	0.00478	0.00478	0.00159	0.00637	0.00425	0.00212	0.00531
24	0.00769	0.00556	0.00678	0.00648	0.00780	0.00540	0.00484	0.03125	0.08664	0.03345	0.47795	0.15157	0.10329	0.01009	0.00551	0.00157	0.00261	0.00885	0.03784	0.00483
25	0.01204	0.15823	0.46895	0.01265	0.03439	0.12503	0.02516	0.05185	0.02552	0.03147	0.00866	0.00989	0.00651	0.00463	0.00430	0.00139	0.00673	0.00345	0.00236	0.00678
26	0.00671	0.00488	0.00631	0.00595	0.00711	0.00449	0.00446	0.00891	0.01339	0.01884	0.76083	0.03624	0.08416	0.00989	0.00564	0.00151	0.00226	0.00872	0.00522	0.00449
27	0.00695	0.00463	0.00521	0.00521	0.00521	0.00463	0.00290	0.00695	0.00695	0.00927	0.01506	0.03128	0.01738	0.83203	0.02433	0.00463	0.00463	0.00695	0.00290	0.00290
28	0.00857	0.02401	0.02339	0.00763	0.00885	0.07619	0.00583	0.02946	0.01098	0.05529	0.11363	0.42927	0.06930	0.01197	0.00573	0.00178	0.00368	0.10549	0.00434	0.00461
29	0.01037	0.22273	0.61609	0.01229	0.01863	0.01301	0.01534	0.01494	0.01000	0.01419	0.00811	0.00950	0.00607	0.00443	0.00418	0.00139	0.00659	0.00329	0.00202	0.00684
30	0.00629	0.00451	0.00592	0.00681	0.00732	0.00427	0.00487	0.00740	0.00962	0.01275	0.06714	0.54849	0.06561	0.07825	0.00757	0.00216	0.00317	0.14953	0.00435	0.00394
31	0.00624	0.00457	0.00637	0.00717	0.00768	0.00431	0.02381	0.00733	0.00952	0.01270	0.05349	0.67058	0.03067	0.03509	0.00659	0.00202	0.00312	0.10037	0.00437	0.00400
32	0.02387	0.17381	0.31630	0.03825	0.09561	0.16259	0.05883	0.01566	0.01093	0.03317	0.02393	0.01040	0.00722	0.00461	0.00432	0.00137	0.00667	0.00360	0.00234	0.00651

[dist]
# distance from previous block
# <min> <max>
5	7

[block]
# block no. 6 follows, 53 sequences, length 43
# corresponding to MSA columns:
# 1281-1323
name=unknown_G
#
# <colnr> <probs for GDERKNQSTAVLIFYWHMCP>
#	G	D	E	R	K	N	Q	S	T	A	V	L	I	F	Y	W	H	M	C	P
0	0.00678	0.00500	0.00635	0.00608	0.00723	0.00465	0.00453	0.00920	0.03601	0.01830	0.67382	0.08559	0.09814	0.01017	0.00564	0.00154	0.00234	0.00896	0.00514	0.00453
1	0.01573	0.01272	0.01411	0.09507	0.06569	0.05493	0.00968	0.49038	0.13241	0.02453	0.01185	0.01239	0.00872	0.00567	0.00501	0.00148	0.02353	0.00439	0.00419	0.00752
2	0.00688	0.00493	0.00623	0.00599	0.00721	0.00448	0.00451	0.00887	0.01278	0.03507	0.59254	0.08342	0.16713	0.01047	0.00567	0.00157	0.00241	0.03033	0.00507	0.00447
3	0.01278	0.83490	0.02505	0.00818	0.01227	0.01891	0.00818	0.01431	0.00971	0.01125	0.00664	0.00767	0.00613	0.00409	0.00307	0.00102	0.00511	0.00256	0.00204	0.00613
4	0.07531	0.00850	0.00948	0.00802	0.01064	0.03399	0.00637	0.10316	0.13403	0.26482	0.12459	0.04328	0.02852	0.00756	0.02763	0.00164	0.00401	0.00548	0.09641	0.00656
5	0.01464	0.45615	0.04525	0.00930	0.01323	0.06401	0.00857	0.18410	0.05659	0.07186	0.00942	0.00986	0.00746	0.00476	0.00380	0.00120	0.00523	0.00332	0.00311	0.02813
6	0.01188	0.01313	0.02323	0.06307	0.16734	0.09822	0.47643	0.01522	0.01123	0.01480	0.00934	0.01232	0.00728	0.00435	0.00543	0.00153	0.02531	0.00497	0.02850	0.00641
7	0.05438	0.01126	0.01201	0.00984	0.01314	0.03846	0.00792	0.28651	0.30029	0.19097	0.01560	0.01455	0.01107	0.00596	0.00472	0.00151	0.00451	0.00469	0.00489	0.00771
8	0.01251	0.51286	0.21092	0.01000	0.01456	0.10095	0.01054	0.01557	0.04949	0.01267	0.00783	0.00886	0.00654	0.00441	0.00364	0.00119	0.00589	0.00299	0.00222	0.00637
9	0.01436	0.04786	0.09063	0.01398	0.16158	0.03298	0.09635	0.03792	0.01201	0.26160	0.03622	0.01425	0.03148	0.00511	0.00464	0.00136	0.00514	0.00450	0.00370	0.12433
10	0.00587	0.00419	0.00558	0.00663	0.00694	0.00391	0.00444	0.00676	0.00935	0.01251	0.06084	0.79352	0.03221	0.01474	0.00608	0.00192	0.00275	0.01337	0.00447	0.00391
11	0.00605	0.00463	0.00557	0.00610	0.00696	0.00423	0.00428	0.00752	0.03210	0.01346	0.12419	0.46746	0.27361	0.01323	0.00587	0.00178	0.00263	0.01168	0.00455	0.00411
12	0.01034	0.01010	0.01572	0.42358	0.23283	0.03738	0.01295	0.01294	0.00959	0.01296	0.00815	0.01191	0.00666	0.00536	0.00692	0.00163	0.16867	0.00420	0.00219	0.00590
13	0.00595	0.00426	0.00566	0.00657	0.00696	0.00397	0.00445	0.00697	0.00974	0.01314	0.13059	0.72198	0.03343	0.01427	0.00604	0.00188	0.00270	0.01292	0.00455	0.00397
14	0.00593	0.00424	0.00567	0.00678	0.00710	0.00398	0.00463	0.00684	0.00926	0.01232	0.02628	0.78402	0.03137	0.01487	0.00613	0.00196	0.00287	0.05740	0.00443	0.00391
15	0.01278	0.83490	0.02505	0.00818	0.01227	0.01891	0.00818	0.01431	0.00971	0.01125	0.00664	0.00767	0.00613	0.00409	0.00307	0.00102	0.00511	0.00256	0.00204	0.00613
16	0.01470	0.00922	0.01050	0.00897	0.01189	0.00981	0.00714	0.06851	0.42903	0.25610	0.01950	0.01856	0.03519	0.00652	0.00481	0.00155	0.00384	0.02212	0.05460	0.00742
17	0.00725	0.00494	0.00638	0.00597	0.00716	0.00457	0.00450	0.00949	0.01331	0.03773	0.73196	0.03412	0.04225	0.00942	0.00547	0.00148	0.00230	0.00829	0.05883	0.00459
18	0.00676	0.00489	0.00639	0.00601	0.00714	0.00451	0.00451	0.00902	0.01353	0.01917	0.79969	0.03570	0.04510	0.00977	0.00564	0.00150	0.00225	0.00864	0.00526	0.00451
19	0.00575	0.00485	0.00498	0.00494	0.00652	0.00408	0.00371	0.00705	0.01112	0.01345	0.11327	0.04511	0.73508	0.01190	0.00565	0.00160	0.00241	0.00996	0.00451	0.00408
20	0.01132	0.01084	0.01849	0.17221	0.66329	0.01122	0.01442	0.01423	0.01064	0.01500	0.00890	0.01199	0.00735	0.00435	0.00474	0.00145	0.00580	0.00426	0.00232	0.00716
21	0.00582	0.00416	0.00555	0.00666	0.00693	0.00388	0.00444	0.00666	0.00915	0.01220	0.02634	0.82891	0.03161	0.01497	0.00610	0.00194	0.00277	0.01359	0.00444	0.00388
22	0.00959	0.02472	0.80726	0.01362	0.02069	0.01110	0.01766	0.01514	0.01009	0.01514	0.00858	0.01009	0.00605	0.00454	0.00454	0.00151	0.00706	0.00353	0.00202	0.00706
23	0.86579	0.00924	0.00702	0.00629	0.00924	0.01072	0.00518	0.01405	0.00813	0.02144	0.00666	0.00776	0.00518	0.00444	0.00296	0.00148	0.00370	0.00259	0.00296	0.00518
24	0.86579	0.00924	0.00702	0.00629	0.00924	0.01072	0.00518	0.01405	0.00813	0.02144	0.00666	0.00776	0.00518	0.00444	0.00296	0.00148	0.00370	0.00259	0.00296	0.00518
25	0.01271	0.01137	0.01122	0.00999	0.01275	0.07042	0.00778	0.07123	0.68983	0.02001	0.01809	0.01677	0.01358	0.00633	0.00482	0.00158	0.00422	0.00517	0.00468	0.00745
26	0.01115	0.42103	0.42463	0.01096	0.01657	0.01492	0.01302	0.01473	0.00991	0.01323	0.00763	0.00891	0.00609	0.00432	0.00382	0.00127	0.00611	0.00305	0.00203	0.00661
27	0.00975	0.09447	0.56708	0.01179	0.01730	0.01057	0.01423	0.01403	0.00995	0.03830	0.01092	0.05045	0.00936	0.04942	0.02662	0.00185	0.00647	0.04855	0.00245	0.00643
28	0.01278	0.83490	0.02505	0.00818	0.01227	0.01891	0.00818	0.01431	0.00971	0.01125	0.00664	0.00767	0.00613	0.00409	0.00307	0.00102	0.00511	0.00256	0.00204	0.00613
29	0.00581	0.00420	0.00550	0.00654	0.00690	0.00389	0.00439	0.00667	0.00926	0.01224	0.02769	0.78127	0.07838	0.01480	0.00607	0.00192	0.00275	0.01337	0.00444	0.00389
30	0.01269	0.01170	0.04351	0.02301	0.44125	0.01101	0.21890	0.04123	0.01160	0.09975	0.01074	0.03373	0.00854	0.00471	0.00501	0.00149	0.00609	0.00491	0.00288	0.00724
31	0.00848	0.00636	0.05274	0.00657	0.00840	0.00503	0.00537	0.01043	0.01214	0.12070	0.36540	0.13305	0.22655	0.01019	0.00552	0.00158	0.00288	0.00882	0.00485	0.00494
32	0.00582	0.00416	0.00555	0.00666	0.00693	0.00388	0.00444	0.00666	0.00915	0.01220	0.02634	0.82891	0.03161	0.01497	0.00610	0.00194	0.00277	0.01359	0.00444	0.00388
33	0.01189	0.46492	0.32708	0.01057	0.01570	0.07095	0.01192	0.01496	0.01012	0.01278	0.00744	0.00867	0.00610	0.00432	0.00372	0.00123	0.00611	0.00297	0.00206	0.00645
34	0.01011	0.04818	0.34213	0.01195	0.03560	0.03323	0.09595	0.02594	0.05657	0.04901	0.12893	0.05417	0.06342	0.00649	0.00496	0.00153	0.00554	0.01678	0.00322	0.00628
35	0.01117	0.01283	0.14969	0.03546	0.38322	0.01019	0.03598	0.01515	0.07063	0.03213	0.00983	0.01172	0.00780	0.00436	0.00448	0.00131	0.00536	0.00397	0.00267	0.19204
36	0.00968	0.00998	0.09206	0.03018	0.03798	0.01947	0.02242	0.03526	0.04452	0.01547	0.05814	0.01357	0.01046	0.00976	0.14065	0.00215	0.00575	0.00394	0.00295	0.43563
37	0.01205	0.01042	0.04185	0.04585	0.13497	0.05036	0.04080	0.08211	0.13129	0.08839	0.05004	0.06775	0.03489	0.01851	0.00508	0.00146	0.00470	0.02856	0.00373	0.14720
38	0.01193	0.04820	0.23886	0.01161	0.05851	0.08896	0.04855	0.06939	0.01212	0.08987	0.10251	0.01605	0.06415	0.00578	0.00483	0.00138	0.01811	0.00472	0.00328	0.10120
39	0.05945	0.02919	0.10516	0.00865	0.01187	0.00769	0.03270	0.02859	0.04445	0.05618	0.05739	0.10389	0.04514	0.00794	0.02623	0.00157	0.01709	0.09418	0.00352	0.25915
40	0.01173	0.04979	0.15490	0.00939	0.01280	0.11684	0.00867	0.10729	0.06195	0.06236	0.08997	0.06436	0.10972	0.00705	0.00479	0.00142	0.00491	0.02692	0.00370	0.09143
41	0.03364	0.00944	0.04394	0.01181	0.13456	0.02057	0.03668	0.12698	0.05681	0.08561	0.14932	0.02236	0.09519	0.04022	0.02926	0.00178	0.00459	0.03752	0.00400	0.05571
42	0.01263	0.01236	0.06007	0.01463	0.19875	0.10907	0.05443	0.09548	0.08620	0.05771	0.01296	0.01469	0.05154	0.04215	0.02060	0.00159	0.00553	0.00452	0.00325	0.14185

[dist]
# distance from previous block
# <min> <max>
91	331

[block]
# block no. 7 follows, 53 sequences, length 133
# corresponding to MSA columns:
# 1802-1861,1863-1885,1887-1936
name=unknown_H
#
# <colnr> <probs for GDERKNQSTAVLIFYWHMCP>
#	G	D	E	R	K	N	Q	S	T	A	V	L	I	F	Y	W	H	M	C	P
0	0.09268	0.10894	0.20468	0.02966	0.18403	0.01104	0.01112	0.03471	0.03435	0.04251	0.03226	0.01122	0.00815	0.00461	0.00436	0.00130	0.02106	0.00366	0.00272	0.15692
1	0.04987	0.04425	0.08905	0.04696	0.36253	0.05883	0.01137	0.04453	0.01103	0.02830	0.02236	0.07607	0.00964	0.00527	0.00451	0.00136	0.00529	0.00460	0.00277	0.12141
2	0.04506	0.01621	0.30634	0.05854	0.20530	0.01140	0.13579	0.06003	0.06034	0.01656	0.00962	0.01155	0.00727	0.00456	0.00471	0.00149	0.00631	0.00418	0.00257	0.03218
3	0.01066	0.00861	0.01008	0.03290	0.01194	0.00744	0.00628	0.08767	0.05942	0.03240	0.02920	0.05872	0.01047	0.00504	0.00405	0.00100	0.00374	0.01932	0.01913	0.58191
4	0.00946	0.00951	0.03968	0.67219	0.11726	0.01078	0.04852	0.01271	0.00980	0.01282	0.00861	0.01257	0.00653	0.00468	0.00481	0.00157	0.00639	0.00429	0.00216	0.00566
5	0.01860	0.03579	0.07498	0.00901	0.01306	0.00849	0.00798	0.10363	0.01381	0.54680	0.01572	0.01429	0.01027	0.00547	0.00459	0.00138	0.00441	0.00436	0.00502	0.10235
6	0.00588	0.00420	0.00561	0.00672	0.00702	0.00393	0.00453	0.00675	0.00921	0.01226	0.02631	0.80607	0.03149	0.01492	0.00612	0.00195	0.00282	0.03587	0.00444	0.00390
7	0.01046	0.01046	0.01464	0.01255	0.01255	0.01464	0.01046	0.01150	0.00732	0.01150	0.00627	0.01046	0.00627	0.00837	0.01569	0.00209	0.82328	0.00418	0.00209	0.00523
8	0.01116	0.01067	0.01819	0.21793	0.61884	0.01118	0.01434	0.01408	0.01057	0.01480	0.00887	0.01205	0.00729	0.00438	0.00474	0.00146	0.00584	0.00426	0.00231	0.00703
9	0.01189	0.01027	0.01081	0.00973	0.01243	0.01189	0.00757	0.02540	0.79357	0.01999	0.01945	0.01783	0.01459	0.00648	0.00486	0.00162	0.00378	0.00540	0.00486	0.00757
10	0.01659	0.01211	0.01309	0.01045	0.01395	0.01342	0.00850	0.51255	0.24448	0.08212	0.01430	0.01365	0.01026	0.00597	0.00481	0.00149	0.00475	0.00466	0.00489	0.00797
11	0.01817	0.01339	0.01434	0.01100	0.01482	0.01482	0.00908	0.78627	0.02247	0.03012	0.01148	0.01148	0.00813	0.00574	0.00478	0.00143	0.00526	0.00430	0.00478	0.00813
12	0.00565	0.00484	0.00484	0.00484	0.00646	0.00403	0.00363	0.00686	0.01089	0.01291	0.04842	0.04600	0.80027	0.01210	0.00565	0.00161	0.00242	0.01009	0.00444	0.00403
13	0.00695	0.00463	0.00521	0.00521	0.00521	0.00463	0.00290	0.00695	0.00695	0.00927	0.01506	0.03128	0.01738	0.83203	0.02433	0.00463	0.00463	0.00695	0.00290	0.00290
14	0.00588	0.00420	0.00559	0.00662	0.00694	0.00392	0.00444	0.00679	0.00940	0.01260	0.07010	0.78402	0.03238	0.01468	0.00607	0.00192	0.00274	0.01331	0.00448	0.00392
15	0.00903	0.00850	0.01434	0.82054	0.03292	0.01062	0.01327	0.01221	0.00956	0.01221	0.00850	0.01274	0.00637	0.00478	0.00478	0.00159	0.00637	0.00425	0.00212	0.00531
16	0.01748	0.02199	0.01337	0.01215	0.01463	0.76247	0.00913	0.01948	0.06259	0.01222	0.00815	0.00920	0.00669	0.00502	0.00434	0.00126	0.00832	0.00322	0.00261	0.00567
17	0.00581	0.00420	0.00550	0.00654	0.00690	0.00389	0.00439	0.00667	0.00926	0.01225	0.02773	0.77968	0.07995	0.01479	0.00607	0.00192	0.00275	0.01337	0.00444	0.00389
18	0.02096	0.00862	0.01135	0.00874	0.01242	0.00778	0.00721	0.08630	0.03221	0.72360	0.01826	0.01591	0.01159	0.00591	0.00481	0.00148	0.00416	0.00478	0.00580	0.00812
19	0.00991	0.00850	0.00991	0.00708	0.01133	0.00637	0.00566	0.01203	0.00991	0.01557	0.00850	0.00991	0.00708	0.00354	0.00354	0.00071	0.00354	0.00283	0.00283	0.86124
20	0.01328	0.01094	0.01192	0.06103	0.01432	0.01254	0.00831	0.21540	0.55088	0.02205	0.01676	0.01592	0.01245	0.00619	0.00484	0.00157	0.00432	0.00506	0.00467	0.00756
21	0.00565	0.00484	0.00484	0.00484	0.00646	0.00403	0.00363	0.00686	0.01089	0.01291	0.04842	0.04600	0.80027	0.01210	0.00565	0.00161	0.00242	0.01009	0.00444	0.00403
22	0.01210	0.01022	0.01081	0.00970	0.01242	0.01178	0.00755	0.02535	0.77627	0.03743	0.01944	0.01780	0.01453	0.00647	0.00486	0.00162	0.00379	0.00539	0.00489	0.00758
23	0.01161	0.01113	0.01900	0.09207	0.74122	0.01130	0.01456	0.01447	0.01078	0.01535	0.00895	0.01190	0.00748	0.00430	0.00474	0.00143	0.00573	0.00426	0.00235	0.00739
24	0.01877	0.00962	0.01545	0.01149	0.01547	0.00874	0.19608	0.06888	0.01365	0.56529	0.01617	0.01515	0.01049	0.00545	0.00501	0.00151	0.00511	0.00498	0.00500	0.00772
25	0.00959	0.02472	0.80726	0.01362	0.02069	0.01110	0.01766	0.01514	0.01009	0.01514	0.00858	0.01009	0.00605	0.00454	0.00454	0.00151	0.00706	0.00353	0.00202	0.00706
26	0.00649	0.00487	0.00600	0.00572	0.00697	0.00439	0.00429	0.00848	0.01287	0.01761	0.61231	0.03827	0.23345	0.01035	0.00564	0.00153	0.00230	0.00900	0.00506	0.00439
27	0.00966	0.04427	0.78839	0.01349	0.02048	0.01129	0.01743	0.01512	0.01008	0.01504	0.00853	0.01003	0.00606	0.00453	0.00451	0.00150	0.00702	0.00351	0.00202	0.00704
28	0.04694	0.00834	0.01094	0.00853	0.01213	0.00754	0.00701	0.02318	0.07717	0.71700	0.01853	0.01613	0.01185	0.00592	0.00475	0.00149	0.00403	0.00479	0.00574	0.00800
29	0.00714	0.00519	0.00698	0.00785	0.00889	0.00503	0.00654	0.00904	0.01092	0.01423	0.08749	0.16172	0.11453	0.01307	0.00635	0.00205	0.00379	0.52042	0.00448	0.00430
30	0.00891	0.00445	0.00445	0.00445	0.00557	0.00445	0.00334	0.01114	0.01002	0.01782	0.01559	0.01782	0.01225	0.00557	0.00334	0.00111	0.00223	0.00445	0.85856	0.00445
31	0.02693	0.01200	0.01862	0.05872	0.53266	0.04986	0.08391	0.09364	0.03106	0.03228	0.00961	0.01194	0.00769	0.00453	0.00478	0.00144	0.00591	0.00434	0.00275	0.00730
32	0.00945	0.00893	0.01510	0.70038	0.14975	0.01073	0.01349	0.01259	0.00976	0.01273	0.00857	0.01260	0.00655	0.00470	0.00477	0.00157	0.00627	0.00425	0.00216	0.00565
33	0.00714	0.00512	0.00687	0.00679	0.00738	0.00566	0.00484	0.02588	0.00774	0.01082	0.01365	0.02349	0.01398	0.34600	0.48646	0.00635	0.00944	0.00582	0.00274	0.00382
34	0.14517	0.19684	0.05634	0.00827	0.01208	0.05653	0.00735	0.03282	0.03308	0.01558	0.00803	0.00930	0.00667	0.00429	0.00404	0.00108	0.04061	0.00295	0.00268	0.35627
35	0.86579	0.00924	0.00702	0.00629	0.00924	0.01072	0.00518	0.01405	0.00813	0.02144	0.00666	0.00776	0.00518	0.00444	0.00296	0.00148	0.00370	0.00259	0.00296	0.00518
36	0.00693	0.00471	0.00558	0.00558	0.00571	0.00484	0.00336	0.00719	0.00706	0.00954	0.01472	0.02940	0.01656	0.71220	0.14304	0.00509	0.00586	0.00668	0.00285	0.00310
37	0.00582	0.00416	0.00555	0.00666	0.00693	0.00388	0.00444	0.00666	0.00915	0.01220	0.02634	0.82891	0.03161	0.01497	0.00610	0.00194	0.00277	0.01359	0.00444	0.00388
38	0.00903	0.00850	0.01434	0.82054	0.03292	0.01062	0.01327	0.01221	0.00956	0.01221	0.00850	0.01274	0.00637	0.00478	0.00478	0.00159	0.00637	0.00425	0.00212	0.00531
39	0.00692	0.00504	0.00652	0.00612	0.00730	0.00473	0.00460	0.00950	0.03651	0.01919	0.77670	0.03518	0.04420	0.00967	0.00561	0.00151	0.00230	0.00855	0.00525	0.00460
40	0.02124	0.00846	0.01130	0.00866	0.01237	0.00752	0.00715	0.07127	0.01423	0.75676	0.01839	0.01597	0.01160	0.00590	0.00480	0.00148	0.00414	0.00477	0.00584	0.00813
41	0.00572	0.00458	0.00511	0.00554	0.00664	0.00398	0.00394	0.00678	0.01023	0.01264	0.03997	0.34563	0.50609	0.01320	0.00582	0.00174	0.00256	0.01143	0.00444	0.00398
42	0.02124	0.00846	0.01130	0.00866	0.01237	0.00752	0.00715	0.07127	0.01423	0.75676	0.01839	0.01597	0.01160	0.00590	0.00480	0.00148	0.00414	0.00477	0.00584	0.00813
43	0.01268	0.80969	0.04939	0.00835	0.01253	0.01867	0.00847	0.01434	0.00972	0.01137	0.00671	0.00774	0.00613	0.00410	0.00311	0.00104	0.00517	0.00259	0.00204	0.00616
44	0.00991	0.00850	0.00991	0.00708	0.01133	0.00637	0.00566	0.01203	0.00991	0.01557	0.00850	0.00991	0.00708	0.00354	0.00354	0.00071	0.00354	0.00283	0.00283	0.86124
45	0.00965	0.00909	0.01807	0.01403	0.01695	0.00848	0.42501	0.01226	0.01055	0.05877	0.01694	0.34332	0.01737	0.00857	0.00578	0.00174	0.00569	0.00881	0.00343	0.00550
46	0.00968	0.00742	0.00889	0.00683	0.01014	0.00586	0.00537	0.01177	0.01087	0.05891	0.17952	0.04649	0.01655	0.00549	0.00415	0.00098	0.00322	0.00463	0.02965	0.57359
47	0.00987	0.09766	0.73685	0.01313	0.01993	0.01180	0.01681	0.01506	0.01006	0.01479	0.00840	0.00987	0.00606	0.00450	0.00441	0.00147	0.00689	0.00344	0.00202	0.00698
48	0.00917	0.00877	0.01521	0.77021	0.03242	0.01071	0.06179	0.01241	0.00967	0.01241	0.00857	0.01275	0.00643	0.00473	0.00483	0.00159	0.00648	0.00434	0.00214	0.00538
49	0.00912	0.00862	0.01435	0.76973	0.03164	0.01087	0.01310	0.01217	0.00942	0.01217	0.00836	0.01260	0.00637	0.00500	0.00546	0.00162	0.05774	0.00424	0.00212	0.00530
50	0.00830	0.00415	0.00623	0.00623	0.00623	0.00415	0.00415	0.00623	0.00623	0.00830	0.00830	0.01453	0.00830	0.01660	0.01868	0.86094	0.00415	0.00415	0.00208	0.00208
51	0.00674	0.00470	0.00570	0.00585	0.00615	0.00476	0.00374	0.00725	0.00766	0.01024	0.01824	0.11690	0.06747	0.53795	0.15390	0.00461	0.00567	0.02597	0.00314	0.00334
52	0.00903	0.00850	0.01434	0.82054	0.03292	0.01062	0.01327	0.01221	0.00956	0.01221	0.00850	0.01274	0.00637	0.00478	0.00478	0.00159	0.00637	0.00425	0.00212	0.00531
53	0.00903	0.00850	0.01434	0.82054	0.03292	0.01062	0.01327	0.01221	0.00956	0.01221	0.00850	0.01274	0.00637	0.00478	0.00478	0.00159	0.00637	0.00425	0.00212	0.00531
54	0.86579	0.00924	0.00702	0.00629	0.00924	0.01072	0.00518	0.01405	0.00813	0.02144	0.00666	0.00776	0.00518	0.00444	0.00296	0.00148	0.00370	0.00259	0.00296	0.00518
55	0.00830	0.00415	0.00623	0.00623	0.00623	0.00415	0.00415	0.00623	0.00623	0.00830	0.00830	0.01453	0.00830	0.01660	0.01868	0.86094	0.00415	0.00415	0.00208	0.00208
56	0.00662	0.00488	0.00618	0.00586	0.00705	0.00445	0.00439	0.00873	0.01318	0.01833	0.69923	0.03708	0.14607	0.01008	0.00564	0.00152	0.00228	0.00884	0.00515	0.00445
57	0.01355	0.01109	0.01174	0.01006	0.01306	0.01266	0.00797	0.22681	0.58945	0.02268	0.01734	0.01615	0.01288	0.00629	0.00484	0.00157	0.00417	0.00511	0.00484	0.00771
58	0.00695	0.00463	0.00521	0.00521	0.00521	0.00463	0.00290	0.00695	0.00695	0.00927	0.01506	0.03128	0.01738	0.83203	0.02433	0.00463	0.00463	0.00695	0.00290	0.00290
59	0.01038	0.01506	0.28806	0.19322	0.29059	0.01091	0.01468	0.03216	0.03362	0.01508	0.00985	0.02877	0.00797	0.00500	0.00475	0.00153	0.00615	0.02304	0.00241	0.00677
60	0.00903	0.00850	0.01434	0.82054	0.03292	0.01062	0.01327	0.01221	0.00956	0.01221	0.00850	0.01274	0.00637	0.00478	0.00478	0.00159	0.00637	0.00425	0.00212	0.00531
61	0.01206	0.43955	0.13401	0.01237	0.01684	0.03153	0.21331	0.01478	0.01020	0.02414	0.00788	0.00965	0.00650	0.00438	0.00459	0.00131	0.04477	0.00362	0.00220	0.00632
62	0.00853	0.00536	0.00699	0.00635	0.00781	0.00493	0.00484	0.01094	0.02865	0.10914	0.68209	0.03331	0.05377	0.00931	0.00553	0.00150	0.00250	0.00817	0.00531	0.00498
63	0.01785	0.02278	0.01354	0.01231	0.01478	0.81284	0.00924	0.01909	0.01354	0.01170	0.00739	0.00862	0.00616	0.00493	0.00431	0.00123	0.00862	0.00308	0.00246	0.00554
64	0.00565	0.00484	0.00484	0.00484	0.00646	0.00403	0.00363	0.00686	0.01089	0.01291	0.04842	0.04600	0.80027	0.01210	0.00565	0.00161	0.00242	0.01009	0.00444	0.00403
65	0.01183	0.01136	0.01940	0.02934	0.80221	0.01136	0.01467	0.01467	0.01088	0.01562	0.00899	0.01183	0.00757	0.00426	0.00473	0.00142	0.00568	0.00426	0.00237	0.00757
66	0.01009	0.15147	0.68489	0.01277	0.01937	0.01232	0.01618	0.01501	0.01003	0.01453	0.00828	0.00971	0.00607	0.00447	0.00431	0.00144	0.00676	0.00338	0.00202	0.00692
67	0.00567	0.00485	0.00490	0.00490	0.00650	0.00407	0.00368	0.00689	0.01083	0.01288	0.04771	0.04545	0.78451	0.01258	0.02179	0.00174	0.00263	0.00999	0.00440	0.00404
68	0.00891	0.00445	0.00445	0.00445	0.00557	0.00445	0.00334	0.01114	0.01002	0.01782	0.01559	0.01782	0.01225	0.00557	0.00334	0.00111	0.00223	0.00445	0.85856	0.00445
69	0.00830	0.00415	0.00623	0.00623	0.00623	0.00415	0.00415	0.00623	0.00623	0.00830	0.00830	0.01453	0.00830	0.01660	0.01868	0.86094	0.00415	0.00415	0.00208	0.00208
70	0.03878	0.01966	0.01362	0.01177	0.01465	0.55590	0.00909	0.24704	0.01607	0.01741	0.00859	0.00945	0.00672	0.00515	0.00442	0.00130	0.00750	0.00343	0.00316	0.00630
71	0.00581	0.00420	0.00550	0.00654	0.00690	0.00389	0.00439	0.00667	0.00926	0.01225	0.02773	0.77968	0.07995	0.01479	0.00607	0.00192	0.00275	0.01337	0.00444	0.00389
72	0.01785	0.02278	0.01354	0.01231	0.01478	0.81284	0.00924	0.01909	0.01354	0.01170	0.00739	0.00862	0.00616	0.00493	0.00431	0.00123	0.00862	0.00308	0.00246	0.00554
73	0.01785	0.02278	0.01354	0.01231	0.01478	0.81284	0.00924	0.01909	0.01354	0.01170	0.00739	0.00862	0.00616	0.00493	0.00431	0.00123	0.00862	0.00308	0.00246	0.00554
74	0.00666	0.00596	0.00719	0.00647	0.00843	0.00538	0.06424	0.00921	0.08268	0.01375	0.04278	0.04086	0.66708	0.01097	0.00558	0.00161	0.00298	0.00932	0.00432	0.00454
75	0.00903	0.00850	0.01434	0.82054	0.03292	0.01062	0.01327	0.01221	0.00956	0.01221	0.00850	0.01274	0.00637	0.00478	0.00478	0.00159	0.00637	0.00425	0.00212	0.00531
76	0.00588	0.00421	0.00560	0.00661	0.00695	0.00392	0.00444	0.00680	0.00943	0.01264	0.07497	0.77903	0.03246	0.01465	0.00607	0.00191	0.00274	0.01328	0.00449	0.00392
77	0.00926	0.00873	0.01475	0.75535	0.09631	0.01068	0.01339	0.01241	0.00967	0.01249	0.00854	0.01267	0.00647	0.00474	0.00477	0.00158	0.00631	0.00425	0.00214	0.00550
78	0.01197	0.62966	0.22321	0.00956	0.01440	0.01693	0.01058	0.01452	0.00981	0.01223	0.00713	0.00828	0.00611	0.00420	0.00344	0.00115	0.00561	0.00280	0.00204	0.00637
79	0.00891	0.00445	0.00445	0.00445	0.00557	0.00445	0.00334	0.01114	0.01002	0.01782	0.01559	0.01782	0.01225	0.00557	0.00334	0.00111	0.00223	0.00445	0.85856	0.00445
80	0.00959	0.02472	0.80726	0.01362	0.02069	0.01110	0.01766	0.01514	0.01009	0.01514	0.00858	0.01009	0.00605	0.00454	0.00454	0.00151	0.00706	0.00353	0.00202	0.00706
81	0.00622	0.00444	0.00600	0.00710	0.00755	0.00422	0.00512	0.00733	0.00954	0.01264	0.02613	0.66725	0.03076	0.01460	0.00621	0.00200	0.00311	0.17137	0.00443	0.00399
82	0.81801	0.00918	0.00726	0.00641	0.00941	0.01051	0.00528	0.01457	0.00845	0.06581	0.00735	0.00825	0.00555	0.00452	0.00306	0.00148	0.00372	0.00271	0.00313	0.00534
83	0.02079	0.00815	0.01103	0.00842	0.01215	0.00699	0.00695	0.02266	0.01347	0.76082	0.01827	0.01591	0.01156	0.00578	0.00473	0.00144	0.00404	0.00469	0.00574	0.05641
