[name]
unknown

[dist]
# distance from previous block
# <min> <max>
0	48

[block]
# block no. 0 follows, 49 sequences, length 22
# corresponding to MSA columns:
# 53-74
name=unknown_A
#
# <colnr> <probs for GDERKNQSTAVLIFYWHMCP>
#	G	D	E	R	K	N	Q	S	T	A	V	L	I	F	Y	W	H	M	C	P
0	0.01121	0.00783	0.01146	0.01102	0.03872	0.00772	0.07548	0.05392	0.05960	0.10129	0.02109	0.03837	0.02073	0.01085	0.00695	0.04784	0.00496	0.42376	0.00442	0.04278
1	0.02012	0.00995	0.01311	0.01183	0.09630	0.00955	0.00865	0.12506	0.09251	0.53063	0.01784	0.01619	0.01180	0.00611	0.00508	0.00157	0.00462	0.00501	0.00558	0.00848
2	0.01726	0.01330	0.01728	0.01303	0.01721	0.01407	0.15250	0.50571	0.07025	0.07351	0.01268	0.01310	0.00906	0.00570	0.00518	0.00154	0.00587	0.00486	0.00458	0.04330
3	0.01702	0.05590	0.01468	0.01081	0.01460	0.01453	0.00894	0.57478	0.07965	0.02770	0.01433	0.01429	0.05094	0.00632	0.00518	0.00149	0.02189	0.00478	0.00471	0.05744
4	0.01251	0.01337	0.02886	0.02065	0.02570	0.01250	0.73116	0.01665	0.01207	0.05812	0.01075	0.01383	0.00793	0.00437	0.00592	0.00170	0.00830	0.00592	0.00276	0.00692
5	0.01322	0.75486	0.09436	0.00916	0.01376	0.01928	0.00954	0.01522	0.01031	0.01226	0.00721	0.00834	0.00648	0.00437	0.00338	0.00113	0.00559	0.00279	0.00216	0.00658
6	0.01945	0.00845	0.01197	0.15923	0.01662	0.00799	0.00845	0.02169	0.01343	0.60222	0.01769	0.01661	0.01146	0.00601	0.00499	0.00156	0.00465	0.00495	0.05477	0.00782
7	0.01049	0.00506	0.00678	0.00648	0.00736	0.00484	0.00462	0.01014	0.00891	0.11737	0.01521	0.06499	0.05277	0.01333	0.01299	0.47104	0.00379	0.00546	0.17458	0.00379
8	0.00722	0.00542	0.00813	0.00813	0.00903	0.00632	0.00632	0.00903	0.00813	0.01174	0.01354	0.01987	0.01264	0.03792	0.80225	0.00813	0.01354	0.00542	0.00271	0.00451
9	0.00606	0.00478	0.00548	0.00603	0.00707	0.00419	0.00425	0.00715	0.01065	0.01330	0.04014	0.41420	0.43031	0.01425	0.00620	0.00187	0.00274	0.01243	0.00469	0.00419
10	0.01969	0.01341	0.01471	0.01128	0.01531	0.01457	0.00932	0.67272	0.02252	0.13481	0.01319	0.01283	0.00913	0.00610	0.00506	0.00152	0.00539	0.00462	0.00522	0.00860
11	0.00616	0.00440	0.00587	0.00704	0.00733	0.00411	0.00469	0.00704	0.00968	0.01291	0.02787	0.81899	0.03344	0.01584	0.00645	0.00205	0.00293	0.01438	0.00469	0.00411
12	0.00616	0.00440	0.00587	0.00704	0.00733	0.00411	0.00469	0.00704	0.00968	0.01291	0.02787	0.81899	0.03344	0.01584	0.00645	0.00205	0.00293	0.01438	0.00469	0.00411
13	0.85801	0.00978	0.00743	0.00665	0.00978	0.01134	0.00548	0.01486	0.00861	0.02269	0.00704	0.00821	0.00548	0.00469	0.00313	0.00156	0.00391	0.00274	0.00313	0.00548
14	0.00616	0.00440	0.00587	0.00704	0.00733	0.00411	0.00469	0.00704	0.00968	0.01291	0.02787	0.81899	0.03344	0.01584	0.00645	0.00205	0.00293	0.01438	0.00469	0.00411
15	0.02269	0.00861	0.01174	0.00900	0.01291	0.00743	0.00743	0.02464	0.01447	0.79425	0.01995	0.01721	0.01252	0.00626	0.00509	0.00156	0.00430	0.00509	0.00626	0.00861
16	0.01014	0.02616	0.79609	0.01441	0.02189	0.01174	0.01868	0.01601	0.01068	0.01601	0.00907	0.01068	0.00641	0.00480	0.00480	0.00160	0.00747	0.00374	0.00214	0.00747
17	0.01341	0.01514	0.01345	0.01208	0.01332	0.33191	0.00953	0.01475	0.01049	0.01216	0.00859	0.01216	0.00787	0.01359	0.17951	0.00311	0.31686	0.00416	0.00248	0.00545
18	0.00735	0.00490	0.00552	0.00552	0.00552	0.00490	0.00306	0.00735	0.00735	0.00980	0.01593	0.03309	0.01838	0.82229	0.02574	0.00490	0.00490	0.00735	0.00306	0.00306
19	0.00955	0.00899	0.01517	0.81013	0.03483	0.01123	0.01404	0.01292	0.01011	0.01292	0.00899	0.01348	0.00674	0.00506	0.00506	0.00169	0.00674	0.00449	0.00225	0.00562
20	0.01303	0.01197	0.01182	0.03747	0.01410	0.08214	0.00836	0.02581	0.68797	0.02010	0.01907	0.01783	0.01436	0.00665	0.00509	0.00168	0.00455	0.00546	0.00482	0.00773
21	0.01758	0.01322	0.01411	0.01116	0.01488	0.01473	0.00911	0.59929	0.17846	0.02930	0.01399	0.01371	0.01012	0.00623	0.00503	0.00155	0.00515	0.00480	0.02920	0.00837

[dist]
# distance from previous block
# <min> <max>
1	3

[block]
# block no. 1 follows, 49 sequences, length 18
# corresponding to MSA columns:
# 78-95
name=unknown_B
#
# <colnr> <probs for GDERKNQSTAVLIFYWHMCP>
#	G	D	E	R	K	N	Q	S	T	A	V	L	I	F	Y	W	H	M	C	P
0	0.01744	0.19057	0.01693	0.04148	0.01579	0.57997	0.00969	0.04710	0.01368	0.01303	0.00786	0.00918	0.00660	0.00505	0.00432	0.00128	0.00812	0.00324	0.00259	0.00609
1	0.00612	0.00511	0.00523	0.00521	0.00678	0.00433	0.00384	0.00737	0.01140	0.01374	0.08448	0.04718	0.70546	0.06271	0.00720	0.00190	0.00270	0.01039	0.00464	0.00422
2	0.01215	0.01165	0.01987	0.12585	0.69875	0.01192	0.01534	0.01520	0.01134	0.01608	0.00945	0.01263	0.00786	0.00457	0.00501	0.00152	0.00610	0.00450	0.00247	0.00772
3	0.01430	0.01151	0.01602	0.03803	0.35049	0.01205	0.01156	0.28854	0.01580	0.04291	0.01331	0.09350	0.01169	0.00662	0.00521	0.00159	0.00539	0.03327	0.02059	0.00761
4	0.01121	0.00598	0.00628	0.00576	0.00741	0.00609	0.00445	0.08036	0.03543	0.06799	0.01645	0.01816	0.01262	0.00596	0.00381	0.00125	0.00281	0.00475	0.69784	0.00540
5	0.00598	0.00512	0.00512	0.00512	0.00683	0.00427	0.00384	0.00726	0.01153	0.01366	0.05123	0.04866	0.78869	0.01281	0.00598	0.00171	0.00256	0.01067	0.00470	0.00427
6	0.01194	0.01364	0.02984	0.02131	0.02643	0.01279	0.77238	0.01620	0.01194	0.01620	0.01023	0.01364	0.00767	0.00426	0.00597	0.00171	0.00853	0.00597	0.00256	0.00682
7	0.00990	0.00517	0.00521	0.00504	0.00636	0.00524	0.00383	0.04828	0.01124	0.01948	0.01629	0.01853	0.01275	0.00590	0.00361	0.00119	0.00251	0.00471	0.80988	0.00490
8	0.00616	0.00440	0.00587	0.00704	0.00733	0.00411	0.00469	0.00704	0.00968	0.01291	0.02787	0.81899	0.03344	0.01584	0.00645	0.00205	0.00293	0.01438	0.00469	0.00411
9	0.01240	0.01564	0.09548	0.01959	0.02447	0.08790	0.60269	0.01640	0.01188	0.01566	0.00975	0.01284	0.00741	0.00458	0.00616	0.00168	0.04076	0.00545	0.00251	0.00673
10	0.02269	0.00861	0.01174	0.00900	0.01291	0.00743	0.00743	0.02464	0.01447	0.79425	0.01995	0.01721	0.01252	0.00626	0.00509	0.00156	0.00430	0.00509	0.00626	0.00861
11	0.00678	0.00487	0.00642	0.00662	0.00747	0.00452	0.00474	0.00858	0.01254	0.01746	0.49689	0.33701	0.04225	0.01245	0.00615	0.00177	0.00260	0.01115	0.00523	0.00452
12	0.00731	0.00488	0.00553	0.00558	0.00559	0.00487	0.00313	0.00734	0.00745	0.00993	0.01641	0.06472	0.01899	0.78983	0.02496	0.00479	0.00482	0.00764	0.00313	0.00311
13	0.01541	0.01518	0.01282	0.01132	0.01387	0.28020	0.00878	0.07252	0.31693	0.06537	0.01413	0.01471	0.01100	0.02933	0.02229	0.00181	0.07872	0.00469	0.00398	0.00693
14	0.00735	0.00490	0.00552	0.00552	0.00552	0.00490	0.00306	0.00735	0.00735	0.00980	0.01593	0.03309	0.01838	0.82229	0.02574	0.00490	0.00490	0.00735	0.00306	0.00306
15	0.05409	0.01319	0.01850	0.02416	0.50433	0.09165	0.04983	0.08330	0.04602	0.01782	0.01027	0.01316	0.00850	0.00510	0.00521	0.00154	0.02288	0.01998	0.00292	0.00755
16	0.01049	0.00899	0.01049	0.00749	0.01198	0.00674	0.00599	0.01273	0.01049	0.01648	0.00899	0.01049	0.00749	0.00374	0.00374	0.00075	0.00374	0.00300	0.00300	0.85320
17	0.01010	0.00858	0.01008	0.00745	0.01157	0.00651	0.00588	0.01223	0.01041	0.01616	0.01066	0.08191	0.00978	0.00481	0.00398	0.00086	0.00367	0.00400	0.00315	0.77819

[dist]
# distance from previous block
# <min> <max>
0	1

[block]
# block no. 2 follows, 49 sequences, length 43
# corresponding to MSA columns:
# 97-139
name=unknown_C
#
# <colnr> <probs for GDERKNQSTAVLIFYWHMCP>
#	G	D	E	R	K	N	Q	S	T	A	V	L	I	F	Y	W	H	M	C	P
0	0.01393	0.01067	0.01424	0.01225	0.08342	0.01026	0.08083	0.19118	0.06463	0.10151	0.03408	0.05653	0.01133	0.00578	0.00503	0.00135	0.01880	0.00497	0.00402	0.27521
1	0.01081	0.01027	0.01744	0.47924	0.35588	0.01157	0.01467	0.01402	0.01071	0.01445	0.00921	0.01307	0.00728	0.00482	0.00503	0.00161	0.00643	0.00450	0.00236	0.00663
2	0.00716	0.00517	0.00676	0.00636	0.00755	0.00477	0.00477	0.00954	0.01431	0.02028	0.78808	0.03777	0.04771	0.01034	0.00596	0.00159	0.00239	0.00914	0.00557	0.00477
3	0.01001	0.02523	0.76134	0.01406	0.02126	0.01144	0.01807	0.01573	0.01084	0.01620	0.04336	0.01187	0.00822	0.00505	0.00486	0.00160	0.00725	0.00397	0.00229	0.00735
4	0.02249	0.00892	0.01193	0.00914	0.01306	0.00789	0.00755	0.06642	0.01499	0.75174	0.01951	0.01693	0.01230	0.00625	0.00508	0.00156	0.00437	0.00506	0.00619	0.00861
5	0.00955	0.00899	0.01517	0.81013	0.03483	0.01123	0.01404	0.01292	0.01011	0.01292	0.00899	0.01348	0.00674	0.00506	0.00506	0.00169	0.00674	0.00449	0.00225	0.00562
6	0.01258	0.01086	0.01143	0.01029	0.01315	0.01258	0.00800	0.02687	0.78161	0.02115	0.02058	0.01887	0.01544	0.00686	0.00515	0.00172	0.00400	0.00572	0.00515	0.00800
7	0.01106	0.01106	0.01549	0.01328	0.01328	0.01549	0.01106	0.01217	0.00774	0.01217	0.00664	0.01106	0.00664	0.00885	0.01659	0.00221	0.81303	0.00443	0.00221	0.00553
8	0.00616	0.00440	0.00587	0.00704	0.00733	0.00411	0.00469	0.00704	0.00968	0.01291	0.02787	0.81899	0.03344	0.01584	0.00645	0.00205	0.00293	0.01438	0.00469	0.00411
9	0.01194	0.01364	0.02984	0.02131	0.02643	0.01279	0.77238	0.01620	0.01194	0.01620	0.01023	0.01364	0.00767	0.00426	0.00597	0.00171	0.00853	0.00597	0.00256	0.00682
10	0.00662	0.00476	0.00638	0.00751	0.00805	0.00451	0.00547	0.00785	0.01020	0.01345	0.02839	0.61506	0.05760	0.01530	0.00656	0.00211	0.00332	0.18791	0.00469	0.00424
11	0.85801	0.00978	0.00743	0.00665	0.00978	0.01134	0.00548	0.01486	0.00861	0.02269	0.00704	0.00821	0.00548	0.00469	0.00313	0.00156	0.00391	0.00274	0.00313	0.00548
12	0.01609	0.01989	0.02058	0.01637	0.01998	0.48399	0.31705	0.01858	0.01337	0.01392	0.00879	0.01094	0.00698	0.00483	0.00513	0.00146	0.00888	0.00435	0.00259	0.00625
13	0.00617	0.00513	0.00542	0.00553	0.00711	0.00437	0.00419	0.00754	0.01155	0.01400	0.08090	0.09164	0.66868	0.01294	0.00606	0.00176	0.00270	0.05529	0.00473	0.00431
14	0.00616	0.00440	0.00587	0.00704	0.00733	0.00411	0.00469	0.00704	0.00968	0.01291	0.02787	0.81899	0.03344	0.01584	0.00645	0.00205	0.00293	0.01438	0.00469	0.00411
15	0.00680	0.00483	0.00645	0.00752	0.00802	0.00464	0.00548	0.00800	0.01000	0.01323	0.02651	0.54338	0.03093	0.08718	0.00832	0.00238	0.00357	0.21405	0.00454	0.00416
16	0.05226	0.01035	0.01192	0.01010	0.01332	0.01122	0.03286	0.05655	0.48735	0.20447	0.01998	0.01836	0.03492	0.00667	0.00509	0.00166	0.00424	0.00553	0.00522	0.00792
17	0.00926	0.00841	0.01203	0.01086	0.01128	0.01118	0.00883	0.01069	0.00792	0.01197	0.00988	0.01520	0.00946	0.02251	0.38579	0.00499	0.43734	0.00489	0.00245	0.00505
18	0.01258	0.01086	0.01143	0.01029	0.01315	0.01258	0.00800	0.02687	0.78161	0.02115	0.02058	0.01887	0.01544	0.00686	0.00515	0.00172	0.00400	0.00572	0.00515	0.00800
19	0.01265	0.01283	0.01888	0.04808	0.56280	0.10294	0.04722	0.01533	0.01152	0.01548	0.01022	0.05078	0.00908	0.00615	0.02640	0.00172	0.03310	0.00492	0.00261	0.00728
20	0.01889	0.02410	0.01433	0.01303	0.01563	0.80199	0.00977	0.02019	0.01433	0.01238	0.00782	0.00912	0.00651	0.00521	0.00456	0.00130	0.00912	0.00326	0.00261	0.00586
21	0.00788	0.00645	0.00675	0.00641	0.00839	0.00617	0.00489	0.01206	0.17808	0.03445	0.09340	0.04074	0.55327	0.01120	0.00577	0.00170	0.00290	0.00937	0.00489	0.00521
22	0.01342	0.80203	0.04894	0.00882	0.01324	0.01977	0.00894	0.01517	0.01029	0.01202	0.00709	0.00819	0.00649	0.00434	0.00329	0.00110	0.00547	0.00273	0.00216	0.00652
23	0.00654	0.00477	0.00655	0.00803	0.03338	0.00451	0.00535	0.00762	0.00991	0.01322	0.02717	0.72683	0.03223	0.01531	0.00645	0.00206	0.00318	0.07799	0.00462	0.00428
24	0.02269	0.00861	0.01174	0.00900	0.01291	0.00743	0.00743	0.02464	0.01447	0.79425	0.01995	0.01721	0.01252	0.00626	0.00509	0.00156	0.00430	0.00509	0.00626	0.00861
25	0.00979	0.00923	0.01560	0.74781	0.09530	0.01130	0.01416	0.01313	0.01022	0.01321	0.00903	0.01340	0.00684	0.00501	0.00505	0.00167	0.00668	0.00449	0.00227	0.00581
26	0.01481	0.01463	0.04032	0.01228	0.01541	0.16350	0.07270	0.19474	0.27854	0.02027	0.01363	0.01425	0.01045	0.00773	0.04466	0.00193	0.06404	0.00483	0.00400	0.00727
27	0.01101	0.01102	0.01504	0.01298	0.01308	0.03172	0.01077	0.01216	0.00791	0.01215	0.00706	0.01152	0.00698	0.01043	0.06103	0.00253	0.75043	0.00446	0.00225	0.00548
28	0.00616	0.00440	0.00587	0.00704	0.00733	0.00411	0.00469	0.00704	0.00968	0.01291	0.02787	0.81899	0.03344	0.01584	0.00645	0.00205	0.00293	0.01438	0.00469	0.00411
29	0.01031	0.06610	0.75762	0.01412	0.02144	0.01216	0.01818	0.01597	0.01066	0.01581	0.00897	0.01055	0.00641	0.00478	0.00473	0.00158	0.00737	0.00369	0.00214	0.00742
30	0.01226	0.01285	0.02592	0.05505	0.14514	0.01244	0.54499	0.01697	0.06877	0.03710	0.01109	0.01394	0.00839	0.00458	0.00569	0.00167	0.00761	0.00563	0.00283	0.00709
31	0.02226	0.00929	0.01216	0.00932	0.01325	0.00845	0.00770	0.11747	0.01563	0.69979	0.01898	0.01658	0.01203	0.00624	0.00508	0.00156	0.00446	0.00502	0.00611	0.00860
32	0.00878	0.00439	0.00659	0.00659	0.00659	0.00439	0.00439	0.00659	0.00659	0.00878	0.00878	0.01537	0.00878	0.01757	0.01976	0.85288	0.00439	0.00439	0.00220	0.00220
33	0.05873	0.00917	0.01258	0.15311	0.11930	0.03169	0.05904	0.08029	0.05461	0.01698	0.01564	0.13511	0.03261	0.04232	0.00620	0.00180	0.01933	0.03818	0.10743	0.00589
34	0.00665	0.00485	0.00622	0.00714	0.00775	0.00457	0.00501	0.02832	0.01041	0.01368	0.02977	0.65821	0.11047	0.01512	0.00641	0.00202	0.00310	0.07130	0.00470	0.00429
35	0.03896	0.01389	0.01489	0.01143	0.01546	0.01532	0.00945	0.73250	0.02313	0.05569	0.01227	0.01221	0.00865	0.00604	0.00501	0.00152	0.00549	0.00453	0.00505	0.00853
36	0.01130	0.01761	0.28099	0.01860	0.02420	0.01260	0.48211	0.01591	0.01129	0.01591	0.00965	0.01252	0.00720	0.00470	0.00618	0.00170	0.05304	0.00515	0.00240	0.00696
37	0.06270	0.01619	0.01258	0.01099	0.01399	0.33815	0.00855	0.12284	0.18505	0.01826	0.02456	0.01458	0.01058	0.00602	0.00473	0.00143	0.00630	0.04082	0.00372	0.09794
38	0.00637	0.00522	0.00567	0.00593	0.00733	0.00464	0.00434	0.00817	0.04645	0.01385	0.04341	0.24133	0.54656	0.01332	0.00608	0.00181	0.00277	0.02763	0.00472	0.00441
39	0.01508	0.01799	0.01482	0.01321	0.03233	0.48815	0.11049	0.01695	0.01328	0.01375	0.04925	0.06437	0.03100	0.00685	0.00516	0.00150	0.00762	0.06948	0.00310	0.02562
40	0.17885	0.01388	0.01210	0.01045	0.01342	0.22171	0.02204	0.03660	0.21839	0.16389	0.01344	0.01331	0.00990	0.00592	0.00515	0.00157	0.04407	0.00429	0.00410	0.00693
41	0.00730	0.00488	0.00553	0.00559	0.00560	0.00487	0.00314	0.00734	0.00746	0.00995	0.01648	0.06920	0.01908	0.78523	0.02485	0.00477	0.00481	0.00768	0.00314	0.00311
42	0.01352	0.82533	0.02650	0.00865	0.01298	0.02001	0.00865	0.01514	0.01027	0.01190	0.00703	0.00811	0.00649	0.00433	0.00324	0.00108	0.00541	0.00270	0.00216	0.00649

[dist]
# distance from previous block
# <min> <max>
0	1

[block]
# block no. 3 follows, 49 sequences, length 13
# corresponding to MSA columns:
# 141-153
name=unknown_D
#
# <colnr> <probs for GDERKNQSTAVLIFYWHMCP>
#	G	D	E	R	K	N	Q	S	T	A	V	L	I	F	Y	W	H	M	C	P
0	0.00693	0.00515	0.00637	0.00607	0.00731	0.00468	0.00450	0.00898	0.01342	0.01845	0.60358	0.03973	0.19466	0.04971	0.00691	0.00177	0.00254	0.00936	0.00527	0.00459
1	0.01182	0.01130	0.01927	0.21420	0.61303	0.01183	0.01517	0.01491	0.01118	0.01567	0.00939	0.01274	0.00771	0.00463	0.00502	0.00154	0.00618	0.00450	0.00244	0.00745
2	0.00735	0.00490	0.00552	0.00552	0.00552	0.00490	0.00306	0.00735	0.00735	0.00980	0.01593	0.03309	0.01838	0.82229	0.02574	0.00490	0.00490	0.00735	0.00306	0.00306
3	0.01154	0.35584	0.47861	0.01204	0.01821	0.01515	0.01455	0.01565	0.01051	0.01432	0.00823	0.00962	0.00644	0.00461	0.00416	0.00139	0.00662	0.00331	0.00215	0.00707
4	0.02046	0.00970	0.01211	0.00956	0.01330	0.00938	0.00781	0.11879	0.15153	0.56190	0.01908	0.01687	0.01254	0.00634	0.00509	0.00159	0.00441	0.00513	0.00591	0.00850
5	0.02170	0.00918	0.01199	0.00923	0.01307	0.00837	0.00761	0.11786	0.01563	0.67139	0.04622	0.01731	0.01328	0.00638	0.00511	0.00156	0.00439	0.00516	0.00608	0.00847
6	0.01711	0.01229	0.01314	0.01031	0.01369	0.01350	0.00836	0.62097	0.02089	0.02858	0.01297	0.01455	0.00988	0.06732	0.00642	0.00173	0.00511	0.00478	0.11069	0.00770
7	0.00802	0.00622	0.00747	0.00737	0.00879	0.00625	0.00558	0.01239	0.16659	0.01799	0.35567	0.17331	0.12096	0.01118	0.00597	0.00177	0.00301	0.07105	0.00516	0.00524
8	0.00632	0.00464	0.00594	0.00666	0.00731	0.00425	0.00460	0.00754	0.01080	0.01440	0.17469	0.56883	0.13661	0.01440	0.00630	0.00192	0.00278	0.01289	0.00486	0.00425
9	0.07303	0.00978	0.01205	0.00934	0.01313	0.00940	0.00770	0.18880	0.01616	0.55046	0.04508	0.01628	0.01248	0.00627	0.00499	0.00156	0.00449	0.00497	0.00578	0.00827
10	0.01178	0.07519	0.40519	0.01660	0.04928	0.01298	0.25986	0.07840	0.01216	0.01712	0.00958	0.01164	0.00706	0.00469	0.00510	0.00159	0.00746	0.00448	0.00253	0.00731
11	0.00627	0.00448	0.00596	0.00697	0.00736	0.00418	0.00470	0.00731	0.01017	0.01369	0.10817	0.73647	0.03495	0.01526	0.00640	0.00200	0.00288	0.01382	0.00479	0.00418
12	0.00802	0.05665	0.00973	0.00840	0.00932	0.00795	0.00659	0.00955	0.00814	0.01158	0.01269	0.01969	0.01227	0.11889	0.58704	0.00673	0.09414	0.00536	0.00266	0.00458

[dist]
# distance from previous block
# <min> <max>
2	9

[block]
# block no. 4 follows, 49 sequences, length 93
# corresponding to MSA columns:
# 163-202,210-262
name=unknown_E
#
# <colnr> <probs for GDERKNQSTAVLIFYWHMCP>
#	G	D	E	R	K	N	Q	S	T	A	V	L	I	F	Y	W	H	M	C	P
0	0.04070	0.06211	0.01425	0.01132	0.01413	0.28350	0.00904	0.21151	0.06401	0.03188	0.01238	0.01326	0.05463	0.00636	0.00626	0.00150	0.11307	0.00432	0.00354	0.04224
1	0.00878	0.00729	0.01039	0.00979	0.01091	0.00797	0.07069	0.01194	0.11908	0.03281	0.02176	0.47175	0.02386	0.01221	0.00783	0.00200	0.13280	0.02869	0.00422	0.00523
2	0.02006	0.01165	0.01341	0.01033	0.01419	0.01210	0.00852	0.45910	0.01970	0.31571	0.01526	0.01434	0.01026	0.00613	0.00500	0.00152	0.00495	0.00476	0.04459	0.00842
3	0.01207	0.01157	0.02011	0.02827	0.65875	0.01150	0.07393	0.01510	0.01156	0.01637	0.01117	0.01673	0.00994	0.00536	0.00526	0.00159	0.00608	0.07433	0.00271	0.00761
4	0.01408	0.00990	0.01220	0.00917	0.01333	0.00881	0.04052	0.09931	0.10512	0.16766	0.01287	0.01310	0.00953	0.00487	0.00441	0.00115	0.00429	0.00402	0.00408	0.46158
5	0.00635	0.00523	0.00564	0.00579	0.00739	0.00452	0.00451	0.00783	0.01167	0.01418	0.08190	0.04938	0.64389	0.01286	0.00612	0.00179	0.00286	0.11902	0.00473	0.00435
6	0.00616	0.00440	0.00587	0.00704	0.00733	0.00411	0.00469	0.00704	0.00968	0.01291	0.02787	0.81899	0.03344	0.01584	0.00645	0.00205	0.00293	0.01438	0.00469	0.00411
7	0.00955	0.00899	0.01517	0.81013	0.03483	0.01123	0.01404	0.01292	0.01011	0.01292	0.00899	0.01348	0.00674	0.00506	0.00506	0.00169	0.00674	0.00449	0.00225	0.00562
8	0.01191	0.01208	0.05490	0.16146	0.57774	0.01190	0.01494	0.01581	0.05967	0.01618	0.01010	0.01299	0.00819	0.00476	0.00501	0.00155	0.00607	0.00454	0.00261	0.00758
9	0.02269	0.00861	0.01174	0.00900	0.01291	0.00743	0.00743	0.02464	0.01447	0.79425	0.01995	0.01721	0.01252	0.00626	0.00509	0.00156	0.00430	0.00509	0.00626	0.00861
10	0.00616	0.00510	0.00540	0.00539	0.00696	0.00434	0.00402	0.00759	0.01186	0.01462	0.16040	0.08083	0.64474	0.01257	0.00600	0.00171	0.00255	0.01061	0.00483	0.00434
11	0.01022	0.02469	0.72556	0.05102	0.02210	0.01176	0.01800	0.01635	0.04447	0.01610	0.00958	0.01117	0.00682	0.00491	0.00483	0.00161	0.00729	0.00386	0.00227	0.00741
12	0.00767	0.00681	0.00683	0.00762	0.00829	0.09969	0.00524	0.00863	0.01037	0.01290	0.02709	0.66842	0.08272	0.01436	0.00619	0.00194	0.00365	0.01279	0.00444	0.00433
13	0.01922	0.01416	0.01518	0.01163	0.01568	0.01568	0.00961	0.77388	0.02378	0.03187	0.01214	0.01214	0.00860	0.00607	0.00506	0.00152	0.00556	0.00455	0.00506	0.00860
14	0.01184	0.01331	0.02846	0.02049	0.02540	0.01259	0.72023	0.01649	0.04747	0.01635	0.01109	0.03151	0.00860	0.00464	0.00594	0.00171	0.00819	0.00614	0.00272	0.00682
15	0.01211	0.01269	0.01673	0.01420	0.02592	0.09520	0.07957	0.02706	0.00913	0.01297	0.00722	0.01114	0.00677	0.00795	0.01404	0.00205	0.63269	0.00445	0.00234	0.00577
16	0.01843	0.02123	0.01423	0.01251	0.01527	0.60505	0.00958	0.16272	0.01581	0.01627	0.00887	0.01005	0.00711	0.00550	0.00497	0.00137	0.03173	0.00358	0.02937	0.00634
17	0.00720	0.00561	0.00662	0.00634	0.00762	0.02510	0.00473	0.00929	0.01360	0.01855	0.60042	0.07329	0.18107	0.01090	0.00595	0.00162	0.00261	0.00950	0.00529	0.00468
18	0.00723	0.00539	0.00801	0.00801	0.00887	0.00626	0.00617	0.00895	0.00809	0.01165	0.01365	0.02047	0.01290	0.07369	0.76684	0.00798	0.01315	0.00551	0.00273	0.00445
19	0.00878	0.00439	0.00659	0.00659	0.00659	0.00439	0.00439	0.00659	0.00659	0.00878	0.00878	0.01537	0.00878	0.01757	0.01976	0.85288	0.00439	0.00439	0.00220	0.00220
20	0.01084	0.01074	0.01507	0.01298	0.01303	0.01497	0.01079	0.01199	0.00777	0.01214	0.00703	0.01156	0.00698	0.01050	0.06130	0.00255	0.76754	0.00448	0.00224	0.00547
21	0.01060	0.00585	0.00597	0.00554	0.00706	0.00603	0.00426	0.10307	0.01218	0.02041	0.01597	0.01805	0.01244	0.00591	0.00372	0.00122	0.00274	0.00469	0.74911	0.00518
22	0.01054	0.01000	0.01695	0.55036	0.28688	0.01149	0.01454	0.01379	0.01058	0.01412	0.00916	0.01316	0.00716	0.00487	0.00504	0.00162	0.00650	0.00450	0.00233	0.00642
23	0.00616	0.00440	0.00587	0.00704	0.00733	0.00411	0.00469	0.00704	0.00968	0.01291	0.02787	0.81899	0.03344	0.01584	0.00645	0.00205	0.00293	0.01438	0.00469	0.00411
24	0.00606	0.00481	0.00544	0.00595	0.00705	0.00420	0.00421	0.00716	0.01073	0.01334	0.04114	0.38134	0.46252	0.01412	0.00618	0.00186	0.00272	0.01227	0.00469	0.00420
25	0.00715	0.00482	0.00557	0.00577	0.00582	0.00477	0.00334	0.00730	0.00774	0.01032	0.01793	0.16450	0.02090	0.68744	0.02251	0.00443	0.00457	0.00853	0.00334	0.00324
26	0.01197	0.01355	0.02931	0.02187	0.06991	0.01274	0.72932	0.01616	0.01191	0.01622	0.01019	0.01358	0.00769	0.00428	0.00591	0.00169	0.00838	0.00588	0.00255	0.00689
27	0.00614	0.00449	0.00578	0.00681	0.00727	0.00413	0.00459	0.00707	0.00990	0.01300	0.03067	0.72672	0.12391	0.01548	0.00640	0.00201	0.00289	0.01393	0.00469	0.00413
28	0.02247	0.00896	0.01195	0.00916	0.01308	0.00796	0.00757	0.07216	0.01506	0.74590	0.01945	0.01689	0.01227	0.00625	0.00508	0.00156	0.00438	0.00505	0.00618	0.00861
29	0.01179	0.01335	0.02892	0.07092	0.02696	0.01269	0.72469	0.01599	0.01182	0.01599	0.01015	0.01363	0.00761	0.00431	0.00591	0.00170	0.00841	0.00587	0.00254	0.00674
30	0.00638	0.00529	0.00563	0.00580	0.00731	0.00467	0.00430	0.00822	0.04699	0.01393	0.04522	0.17571	0.60545	0.01307	0.00605	0.00178	0.00275	0.03232	0.00472	0.00443
31	0.01106	0.01106	0.01549	0.01328	0.01328	0.01549	0.01106	0.01217	0.00774	0.01217	0.00664	0.01106	0.00664	0.00885	0.01659	0.00221	0.81303	0.00443	0.00221	0.00553
32	0.02236	0.00882	0.01183	0.00910	0.01299	0.00779	0.00751	0.04659	0.03189	0.75469	0.01974	0.01710	0.01247	0.00627	0.00509	0.00157	0.00433	0.00508	0.00620	0.00859
33	0.01755	0.01509	0.01409	0.01151	0.01500	0.15593	0.00922	0.46799	0.18132	0.02591	0.02686	0.01347	0.01036	0.00616	0.00500	0.00152	0.00582	0.00465	0.00465	0.00792
34	0.01177	0.32719	0.48336	0.01208	0.01827	0.01474	0.01458	0.01593	0.01063	0.03664	0.00861	0.00989	0.00661	0.00467	0.00422	0.00140	0.00660	0.00339	0.00226	0.00713
35	0.01152	0.01089	0.01846	0.27142	0.53672	0.01159	0.01476	0.01462	0.01106	0.01547	0.00953	0.01298	0.00774	0.00471	0.00498	0.00155	0.00614	0.00451	0.02417	0.00718
36	0.01208	0.42148	0.39108	0.01152	0.01729	0.04036	0.01344	0.01571	0.01059	0.01386	0.00802	0.00936	0.00645	0.00458	0.00403	0.00133	0.00650	0.00321	0.00216	0.00694
37	0.00717	0.00521	0.00730	0.00739	0.00802	0.00579	0.00538	0.00846	0.00806	0.01135	0.01528	0.08676	0.01572	0.23083	0.54618	0.00684	0.01056	0.00661	0.00296	0.00412
38	0.03486	0.01610	0.22860	0.01092	0.01494	0.11556	0.01061	0.17835	0.07995	0.03864	0.14403	0.01894	0.07315	0.00686	0.00510	0.00156	0.00560	0.00544	0.00397	0.00683
39	0.01179	0.00610	0.00809	0.00760	0.00930	0.00555	0.00567	0.03120	0.01252	0.25590	0.19322	0.37983	0.02956	0.01144	0.00589	0.00179	0.00330	0.01012	0.00538	0.00575
40	0.02269	0.00861	0.01174	0.00900	0.01291	0.00743	0.00743	0.02464	0.01447	0.79425	0.01995	0.01721	0.01252	0.00626	0.00509	0.00156	0.00430	0.00509	0.00626	0.00861
41	0.08499	0.01391	0.01355	0.01077	0.01433	0.09065	0.00876	0.56888	0.02051	0.02806	0.03049	0.01262	0.00940	0.00597	0.00477	0.00148	0.00548	0.00441	0.06326	0.00772
42	0.12394	0.01812	0.30882	0.01204	0.01726	0.01364	0.01250	0.39008	0.01688	0.02470	0.01033	0.01108	0.00737	0.00542	0.00471	0.00156	0.00607	0.00401	0.00371	0.00777
43	0.00630	0.00449	0.00597	0.00701	0.00732	0.00428	0.00468	0.00717	0.00945	0.01265	0.02630	0.72410	0.03131	0.06781	0.05294	0.00258	0.00366	0.01342	0.00448	0.00406
44	0.00616	0.00440	0.00587	0.00704	0.00733	0.00411	0.00469	0.00704	0.00968	0.01291	0.02787	0.81899	0.03344	0.01584	0.00645	0.00205	0.00293	0.01438	0.00469	0.00411
45	0.22660	0.03408	0.04804	0.00918	0.01310	0.01057	0.00793	0.16894	0.01456	0.39626	0.01437	0.01344	0.00956	0.00571	0.00453	0.00154	0.00463	0.00427	0.00495	0.00772
46	0.00698	0.00516	0.00654	0.00634	0.00757	0.00472	0.00479	0.00914	0.01357	0.01874	0.61026	0.07455	0.15610	0.01111	0.00603	0.00166	0.00254	0.04417	0.00536	0.00466
47	0.85801	0.00978	0.00743	0.00665	0.00978	0.01134	0.00548	0.01486	0.00861	0.02269	0.00704	0.00821	0.00548	0.00469	0.00313	0.00156	0.00391	0.00274	0.00313	0.00548
48	0.01243	0.00677	0.00872	0.00745	0.00963	0.00627	0.00584	0.06615	0.01493	0.24412	0.49242	0.03040	0.05600	0.00894	0.00565	0.00158	0.00316	0.00770	0.00571	0.00612
49	0.01253	0.59111	0.25205	0.01034	0.01559	0.01759	0.01159	0.01540	0.01039	0.01310	0.00763	0.00886	0.00646	0.00447	0.00370	0.00123	0.00601	0.00301	0.00215	0.00678
50	0.01133	0.00781	0.00993	0.00886	0.01077	0.00869	0.00706	0.20706	0.01267	0.06189	0.01373	0.01766	0.01161	0.02591	0.50137	0.00561	0.01026	0.00513	0.05682	0.00581
51	0.02084	0.01032	0.01264	0.00983	0.01368	0.01013	0.00807	0.22787	0.08628	0.51784	0.01789	0.01599	0.01172	0.00626	0.00508	0.00157	0.00462	0.00500	0.00583	0.00855
52	0.01141	0.14954	0.18639	0.01480	0.01852	0.01447	0.21919	0.01449	0.00993	0.01402	0.00837	0.01142	0.00700	0.00675	0.02931	0.00191	0.26930	0.00444	0.00229	0.00643
53	0.00776	0.04808	0.26991	0.00853	0.01218	0.00747	0.00909	0.01062	0.01122	0.01464	0.06812	0.07289	0.42087	0.00981	0.00549	0.00166	0.00433	0.00813	0.00377	0.00545
54	0.01907	0.01529	0.01482	0.01179	0.01551	0.16746	0.02888	0.48674	0.05511	0.11574	0.01254	0.01249	0.00894	0.00591	0.00499	0.00150	0.00611	0.00445	0.00466	0.00799
55	0.09559	0.02021	0.01381	0.01203	0.01503	0.53746	0.00928	0.18334	0.01586	0.03903	0.00902	0.00991	0.00704	0.00538	0.00455	0.00138	0.00774	0.00354	0.00329	0.00650
56	0.02113	0.00913	0.01185	0.00919	0.01294	0.00839	0.00755	0.11357	0.03408	0.63972	0.06326	0.01783	0.01414	0.00649	0.00513	0.00156	0.00434	0.00527	0.00605	0.00837
57	0.02919	0.01324	0.01272	0.01070	0.01372	0.15269	0.00849	0.21664	0.21392	0.14848	0.06354	0.02881	0.01336	0.00669	0.00559	0.00158	0.04335	0.00512	0.00470	0.00745
58	0.00722	0.00542	0.00813	0.00813	0.00903	0.00632	0.00632	0.00903	0.00813	0.01174	0.01354	0.01987	0.01264	0.03792	0.80225	0.00813	0.01354	0.00542	0.00271	0.00451
59	0.01016	0.00842	0.00933	0.00906	0.01096	0.00938	0.00676	0.01939	0.49036	0.01804	0.02333	0.32076	0.02223	0.01025	0.00564	0.00184	0.00360	0.00898	0.00498	0.00653
60	0.01082	0.01032	0.01764	0.47386	0.34779	0.01158	0.02770	0.01405	0.01072	0.01447	0.00923	0.01308	0.00728	0.00481	0.00505	0.00161	0.00647	0.00452	0.00236	0.00663
61	0.00867	0.00632	0.00775	0.00713	0.00870	0.00624	0.00542	0.04732	0.10640	0.03926	0.58929	0.06423	0.06362	0.00991	0.00582	0.00162	0.00280	0.00867	0.00545	0.00539
62	0.00685	0.00551	0.00874	0.00875	0.00962	0.00515	0.09665	0.00814	0.00995	0.01330	0.02576	0.72252	0.03036	0.01446	0.00640	0.00201	0.00360	0.01337	0.00444	0.00443
63	0.00735	0.00490	0.00552	0.00552	0.00552	0.00490	0.00306	0.00735	0.00735	0.00980	0.01593	0.03309	0.01838	0.82229	0.02574	0.00490	0.00490	0.00735	0.00306	0.00306
64	0.00615	0.00445	0.00581	0.00691	0.00730	0.00412	0.00463	0.00706	0.00981	0.01296	0.02952	0.76463	0.08674	0.01563	0.00642	0.00203	0.00291	0.01411	0.00469	0.00412
65	0.00616	0.00440	0.00587	0.00704	0.00733	0.00411	0.00469	0.00704	0.00968	0.01291	0.02787	0.81899	0.03344	0.01584	0.00645	0.00205	0.00293	0.01438	0.00469	0.00411
66	0.01918	0.01535	0.01507	0.01180	0.01568	0.10987	0.00963	0.68360	0.02264	0.02953	0.01162	0.01178	0.00835	0.00597	0.00500	0.00149	0.00599	0.00440	0.00476	0.00827
67	0.00970	0.00914	0.01544	0.77001	0.07376	0.01127	0.01412	0.01305	0.01018	0.01311	0.00901	0.01343	0.00681	0.00503	0.00505	0.00168	0.00670	0.00449	0.00226	0.00574
68	0.06635	0.00669	0.00800	0.00678	0.00921	0.00626	0.00540	0.01711	0.01246	0.34248	0.09214	0.01935	0.01569	0.00640	0.00439	0.00140	0.00327	0.00518	0.36505	0.00639
69	0.00815	0.00582	0.00815	0.00931	0.01048	0.00582	0.00815	0.01048	0.01164	0.01513	0.02677	0.05704	0.02910	0.01397	0.00698	0.00233	0.00466	0.75671	0.00466	0.00466
70	0.00614	0.00471	0.00563	0.00628	0.00715	0.00420	0.00438	0.00724	0.01060	0.01355	0.07332	0.49069	0.31909	0.01443	0.00625	0.00190	0.00277	0.01273	0.00474	0.00420
71	0.00636	0.00454	0.00610	0.00727	0.00765	0.00428	0.00504	0.00739	0.00988	0.01313	0.02776	0.74202	0.03301	0.01565	0.00651	0.00208	0.00311	0.08936	0.00469	0.00416
72	0.00656	0.00479	0.00627	0.00730	0.00795	0.00449	0.00533	0.00780	0.01032	0.01347	0.03043	0.56392	0.12298	0.01508	0.00651	0.00207	0.00326	0.17253	0.00469	0.00424
73	0.00667	0.00524	0.00557	0.00543	0.00713	0.00444	0.00409	0.00814	0.01203	0.03887	0.16006	0.04607	0.65419	0.01224	0.00595	0.00169	0.00259	0.01027	0.00487	0.00448
74	0.01213	0.49573	0.34390	0.01103	0.01665	0.01660	0.01279	0.01550	0.01044	0.01360	0.00787	0.00917	0.00645	0.00452	0.00389	0.00130	0.00626	0.00313	0.00215	0.00690
75	0.01140	0.01087	0.01850	0.32499	0.50553	0.01172	0.01496	0.01454	0.01098	0.01516	0.00931	0.01288	0.00753	0.00471	0.00502	0.00157	0.00628	0.00450	0.00241	0.00711
76	0.01245	0.01200	0.02065	0.04333	0.76153	0.01202	0.03241	0.01549	0.01150	0.01646	0.00952	0.01256	0.00798	0.00451	0.00503	0.00151	0.00608	0.00454	0.00250	0.00794
77	0.00987	0.00744	0.00822	0.00758	0.00902	0.00790	0.00546	0.12135	0.15749	0.01604	0.02154	0.05424	0.11597	0.35172	0.04875	0.00334	0.00483	0.04007	0.00406	0.00512
78	0.03020	0.01623	0.01488	0.01236	0.01567	0.28433	0.07957	0.21399	0.17709	0.03908	0.01268	0.02437	0.00987	0.00593	0.00497	0.00150	0.00657	0.01489	0.00393	0.03189
79	0.01171	0.39609	0.43984	0.01175	0.01776	0.01557	0.01404	0.01561	0.01049	0.01411	0.00813	0.00949	0.00644	0.00458	0.00408	0.00136	0.00652	0.00326	0.00215	0.00702
80	0.00799	0.00535	0.00703	0.00650	0.00784	0.00491	0.00491	0.01035	0.01432	0.06188	0.74678	0.03667	0.04582	0.01012	0.00592	0.00159	0.00249	0.00893	0.00560	0.00498
81	0.02138	0.00921	0.01000	0.00950	0.01048	0.10127	0.00721	0.04656	0.01062	0.03298	0.01972	0.38428	0.06368	0.01148	0.00859	0.00191	0.21118	0.00918	0.00381	0.02698
82	0.01454	0.00903	0.01133	0.00842	0.01252	0.00747	0.02358	0.05956	0.01273	0.25536	0.06154	0.01442	0.01162	0.00507	0.00442	0.00112	0.00404	0.00418	0.00426	0.47479
83	0.00616	0.00453	0.00578	0.00673	0.00726	0.00415	0.00457	0.00714	0.01008	0.01321	0.05110	0.68078	0.14952	0.01523	0.00637	0.00199	0.00286	0.01367	0.00472	0.00415
84	0.00627	0.00445	0.00584	0.00690	0.00717	0.00418	0.00455	0.00707	0.00947	0.01263	0.02679	0.74817	0.03209	0.08851	0.00819	0.00231	0.00311	0.01374	0.00455	0.00401
85	0.03192	0.02151	0.06297	0.01258	0.01517	0.60899	0.01002	0.01858	0.02680	0.01311	0.03241	0.01103	0.00823	0.02573	0.00621	0.00151	0.08096	0.00371	0.00270	0.00586
86	0.01385	0.01295	0.02194	0.01639	0.02067	0.01316	0.40935	0.22998	0.12011	0.02121	0.01315	0.01648	0.01025	0.00569	0.00566	0.00169	0.00685	0.04954	0.00374	0.00735
87	0.02158	0.00865	0.01153	0.00894	0.01269	0.00768	0.00735	0.04722	0.03349	0.71179	0.04210	0.01773	0.01351	0.00638	0.00508	0.00156	0.00424	0.00519	0.02492	0.00839
88	0.67915	0.01073	0.00940	0.00895	0.05978	0.02378	0.00673	0.11737	0.01092	0.02338	0.00790	0.00903	0.00607	0.00488	0.00353	0.00155	0.00434	0.00310	0.00334	0.00606
89	0.01235	0.01088	0.06379	0.07182	0.01584	0.01166	0.07604	0.01476	0.02850	0.14022	0.01313	0.03655	0.04372	0.00823	0.02418	0.00198	0.34734	0.02848	0.00326	0.04725
90	0.00791	0.00644	0.00905	0.00839	0.00952	0.00681	0.06535	0.00950	0.01022	0.01436	0.05918	0.27602	0.18525	0.01251	0.04423	0.00211	0.12965	0.00930	0.12949	0.00471
91	0.00658	0.00508	0.00601	0.00592	0.00724	0.00450	0.00438	0.00837	0.01273	0.01687	0.41471	0.11657	0.34906	0.01187	0.00602	0.00168	0.00251	0.01027	0.00513	0.00450
92	0.01230	0.40153	0.38477	0.01153	0.01730	0.01588	0.01339	0.06326	0.01131	0.01507	0.00831	0.00956	0.00658	0.00466	0.00409	0.00135	0.00638	0.00330	0.00233	0.00708

[dist]
# distance from previous block
# <min> <max>
0	1

[block]
# block no. 5 follows, 49 sequences, length 56
# corresponding to MSA columns:
# 264-319
name=unknown_F
#
# <colnr> <probs for GDERKNQSTAVLIFYWHMCP>
#	G	D	E	R	K	N	Q	S	T	A	V	L	I	F	Y	W	H	M	C	P
0	0.01163	0.00828	0.00922	0.00845	0.00954	0.07772	0.00619	0.08337	0.10813	0.03494	0.01074	0.01483	0.00943	0.01334	0.01462	0.52905	0.03884	0.00450	0.00299	0.00418
1	0.00997	0.01075	0.05616	0.01362	0.01735	0.00946	0.35920	0.03141	0.06574	0.02874	0.02670	0.02721	0.30536	0.00780	0.00582	0.00169	0.00575	0.00758	0.00365	0.00604
2	0.50667	0.01068	0.01222	0.00970	0.01336	0.02581	0.13464	0.03130	0.04284	0.06110	0.00916	0.01040	0.00695	0.00472	0.00393	0.00150	0.00482	0.00360	0.00330	0.10329
3	0.01903	0.01979	0.01470	0.01242	0.01565	0.46054	0.00970	0.34748	0.01843	0.02084	0.00969	0.01043	0.00742	0.00558	0.00478	0.00140	0.00758	0.00382	0.00367	0.00705
4	0.01073	0.00911	0.01303	0.01008	0.01346	0.00822	0.12802	0.04904	0.03901	0.04736	0.06962	0.11287	0.05337	0.00678	0.00550	0.00134	0.04489	0.00599	0.00366	0.36792
5	0.01096	0.01109	0.01430	0.01239	0.01304	0.08578	0.04333	0.01234	0.00861	0.01223	0.00851	0.01326	0.00814	0.03090	0.17657	0.00338	0.52279	0.00465	0.00238	0.00536
6	0.01057	0.01143	0.02391	0.01780	0.02167	0.01083	0.57559	0.01397	0.01131	0.01534	0.01426	0.20143	0.01366	0.00707	0.00633	0.00180	0.02595	0.00789	0.00305	0.00616
7	0.01252	0.01201	0.02053	0.03104	0.79074	0.01201	0.01552	0.01552	0.01151	0.01652	0.00951	0.01252	0.00801	0.00451	0.00501	0.00150	0.00601	0.00451	0.00250	0.00801
8	0.01014	0.02616	0.79609	0.01441	0.02189	0.01174	0.01868	0.01601	0.01068	0.01601	0.00907	0.01068	0.00641	0.00480	0.00480	0.00160	0.00747	0.00374	0.00214	0.00747
9	0.00722	0.00542	0.00813	0.00813	0.00903	0.00632	0.00632	0.00903	0.00813	0.01174	0.01354	0.01987	0.01264	0.03792	0.80225	0.00813	0.01354	0.00542	0.00271	0.00451
10	0.00783	0.00565	0.00706	0.00763	0.00840	0.00559	0.00532	0.10497	0.01148	0.01533	0.02586	0.71595	0.03027	0.01459	0.00628	0.00199	0.00327	0.01312	0.00474	0.00468
11	0.01199	0.01148	0.01957	0.16972	0.65619	0.01188	0.01526	0.01506	0.01126	0.01588	0.00942	0.01269	0.00778	0.00460	0.00501	0.00153	0.00614	0.00450	0.00246	0.00758
12	0.00716	0.00517	0.00676	0.00636	0.00755	0.00477	0.00477	0.00954	0.01431	0.02028	0.78808	0.03777	0.04771	0.01034	0.00596	0.00159	0.00239	0.00914	0.00557	0.00477
13	0.00732	0.00505	0.00627	0.00627	0.00653	0.00531	0.00401	0.00784	0.00758	0.01037	0.01524	0.02926	0.01672	0.59479	0.25096	0.00584	0.00741	0.00679	0.00296	0.00348
14	0.00779	0.00571	0.00698	0.00673	0.00681	0.00633	0.00436	0.00808	0.00752	0.01033	0.01489	0.05028	0.01688	0.64093	0.07947	0.00471	0.10867	0.00703	0.00297	0.00351
15	0.00623	0.00445	0.00593	0.00703	0.00734	0.00420	0.00470	0.00712	0.00956	0.01278	0.02706	0.77019	0.03233	0.03911	0.03372	0.00234	0.00335	0.01388	0.00458	0.00409
16	0.00701	0.00518	0.00655	0.00625	0.00751	0.00472	0.00471	0.00923	0.01384	0.01919	0.66267	0.03981	0.15619	0.01078	0.00599	0.00162	0.00246	0.02618	0.00542	0.00469
17	0.00616	0.00440	0.00587	0.00704	0.00733	0.00411	0.00469	0.00704	0.00968	0.01291	0.02787	0.81899	0.03344	0.01584	0.00645	0.00205	0.00293	0.01438	0.00469	0.00411
18	0.01194	0.01364	0.02984	0.02131	0.02643	0.01279	0.77238	0.01620	0.01194	0.01620	0.01023	0.01364	0.00767	0.00426	0.00597	0.00171	0.00853	0.00597	0.00256	0.00682
19	0.00716	0.00517	0.00676	0.00636	0.00755	0.00477	0.00477	0.00954	0.01431	0.02028	0.78808	0.03777	0.04771	0.01034	0.00596	0.00159	0.00239	0.00914	0.00557	0.00477
20	0.01086	0.00557	0.00590	0.00550	0.00703	0.00561	0.00423	0.06005	0.01163	0.07022	0.01639	0.01835	0.01265	0.00661	0.02065	0.00137	0.00292	0.00474	0.72453	0.00521
21	0.01116	0.01130	0.01347	0.01192	0.01245	0.11360	0.00967	0.01234	0.00863	0.01200	0.00836	0.01286	0.00799	0.01498	0.18630	0.02880	0.51204	0.00449	0.00237	0.00525
22	0.00913	0.00697	0.00883	0.00834	0.00959	0.02919	0.00640	0.10686	0.01025	0.01422	0.01354	0.02014	0.01265	0.12574	0.57209	0.00659	0.01118	0.00547	0.01792	0.00490
23	0.00619	0.00442	0.00589	0.00702	0.00734	0.00413	0.00470	0.00711	0.00981	0.01311	0.04877	0.79751	0.03384	0.01569	0.00644	0.00204	0.00292	0.01423	0.00472	0.00413
24	0.01167	0.00729	0.01143	0.01047	0.01268	0.00689	0.10228	0.01406	0.01227	0.18754	0.05076	0.09199	0.02374	0.01105	0.00637	0.00204	0.00486	0.42207	0.00479	0.00577
25	0.01636	0.00767	0.00998	0.00854	0.01118	0.00709	0.00667	0.09529	0.01379	0.43289	0.03780	0.29106	0.02000	0.00960	0.00557	0.00173	0.00392	0.00829	0.00559	0.00699
26	0.85801	0.00978	0.00743	0.00665	0.00978	0.01134	0.00548	0.01486	0.00861	0.02269	0.00704	0.00821	0.00548	0.00469	0.00313	0.00156	0.00391	0.00274	0.00313	0.00548
27	0.01182	0.01331	0.02801	0.02029	0.02475	0.01313	0.67515	0.01568	0.01140	0.01568	0.00977	0.01331	0.00754	0.00485	0.00732	0.00177	0.11126	0.00577	0.00251	0.00666
28	0.00716	0.00517	0.00676	0.00636	0.00755	0.00477	0.00477	0.00954	0.01431	0.02028	0.78808	0.03777	0.04771	0.01034	0.00596	0.00159	0.00239	0.00914	0.00557	0.00477
29	0.01269	0.01235	0.02036	0.03055	0.76955	0.03361	0.01536	0.01565	0.01159	0.01641	0.00947	0.01242	0.00797	0.00452	0.00499	0.00150	0.00609	0.00447	0.00251	0.00795
30	0.01754	0.01333	0.01423	0.01130	0.01504	0.01490	0.00921	0.58511	0.21528	0.02916	0.01427	0.01384	0.01033	0.00627	0.00508	0.00157	0.00517	0.00485	0.00508	0.00845
31	0.00716	0.00517	0.00676	0.00636	0.00755	0.00477	0.00477	0.00954	0.01431	0.02028	0.78808	0.03777	0.04771	0.01034	0.00596	0.00159	0.00239	0.00914	0.00557	0.00477
32	0.01252	0.01201	0.02053	0.03104	0.79074	0.01201	0.01552	0.01552	0.01151	0.01652	0.00951	0.01252	0.00801	0.00451	0.00501	0.00150	0.00601	0.00451	0.00250	0.00801
33	0.01083	0.01139	0.11095	0.00871	0.01335	0.00805	0.00786	0.04625	0.05849	0.01727	0.01035	0.03265	0.00858	0.00449	0.00409	0.00098	0.00429	0.00363	0.00315	0.63464
34	0.01142	0.00761	0.00757	0.00675	0.00859	0.04212	0.00522	0.17058	0.01368	0.02066	0.06775	0.02052	0.06251	0.02905	0.02138	0.00156	0.00364	0.00536	0.48852	0.00550
35	0.00616	0.00440	0.00587	0.00704	0.00733	0.00411	0.00469	0.00704	0.00968	0.01291	0.02787	0.81899	0.03344	0.01584	0.00645	0.00205	0.00293	0.01438	0.00469	0.00411
36	0.01252	0.01201	0.02053	0.03104	0.79074	0.01201	0.01552	0.01552	0.01151	0.01652	0.00951	0.01252	0.00801	0.00451	0.00501	0.00150	0.00601	0.00451	0.00250	0.00801
37	0.01195	0.01339	0.02882	0.02072	0.02568	0.01261	0.73149	0.03113	0.01216	0.01647	0.01082	0.01507	0.00841	0.00462	0.00598	0.00172	0.00834	0.03115	0.00268	0.00678
38	0.00616	0.00440	0.00587	0.00704	0.00733	0.00411	0.00469	0.00704	0.00968	0.01291	0.02787	0.81899	0.03344	0.01584	0.00645	0.00205	0.00293	0.01438	0.00469	0.00411
39	0.01194	0.01364	0.02984	0.02131	0.02643	0.01279	0.77238	0.01620	0.01194	0.01620	0.01023	0.01364	0.00767	0.00426	0.00597	0.00171	0.00853	0.00597	0.00256	0.00682
40	0.01125	0.01209	0.02490	0.12032	0.02526	0.01183	0.56307	0.01558	0.04190	0.01586	0.01226	0.01851	0.01017	0.00551	0.00593	0.00177	0.00770	0.08676	0.00285	0.00648
41	0.01767	0.01305	0.01409	0.01108	0.01479	0.01433	0.00916	0.67619	0.02222	0.02964	0.01553	0.01735	0.05855	0.00701	0.00524	0.00158	0.00532	0.05412	0.00501	0.00807
42	0.00598	0.00512	0.00512	0.00512	0.00683	0.00427	0.00384	0.00726	0.01153	0.01366	0.05123	0.04866	0.78869	0.01281	0.00598	0.00171	0.00256	0.01067	0.00470	0.00427
43	0.01166	0.01320	0.02869	0.02063	0.02551	0.01237	0.73552	0.01576	0.01183	0.01604	0.01108	0.05231	0.00891	0.00482	0.00599	0.00172	0.00826	0.00637	0.00266	0.00669
44	0.01296	0.01078	0.01147	0.01019	0.01308	0.01234	0.00796	0.06293	0.70025	0.03975	0.04632	0.01914	0.01613	0.00693	0.00517	0.00170	0.00403	0.00576	0.00518	0.00794
45	0.00598	0.00509	0.00516	0.00521	0.00685	0.00426	0.00388	0.00725	0.01144	0.01363	0.05020	0.08258	0.75544	0.01294	0.00600	0.00172	0.00258	0.01084	0.00470	0.00426
46	0.00778	0.00565	0.00766	0.00861	0.00980	0.00553	0.00736	0.00995	0.01171	0.01521	0.07668	0.08856	0.10564	0.01371	0.00680	0.00221	0.00423	0.60360	0.00472	0.00460
