[name]
unknown

[dist]
# distance from previous block
# <min> <max>
0	94

[block]
# block no. 0 follows, 48 sequences, length 15
# corresponding to MSA columns:
# 94-108
name=unknown_A
#
# <colnr> <probs for GDERKNQSTAVLIFYWHMCP>
#	G	D	E	R	K	N	Q	S	T	A	V	L	I	F	Y	W	H	M	C	P
0	0.12712	0.00838	0.00941	0.00839	0.01075	0.03076	0.03864	0.07899	0.07325	0.08238	0.06864	0.15068	0.18050	0.02744	0.00591	0.00180	0.00404	0.05515	0.00455	0.03324
1	0.01387	0.01116	0.01598	0.01261	0.02949	0.04537	0.15919	0.08986	0.01251	0.13834	0.01221	0.05386	0.00996	0.00762	0.04353	0.00183	0.12736	0.00508	0.00360	0.20657
2	0.03620	0.05118	0.00959	0.00874	0.02946	0.04738	0.02776	0.02406	0.04498	0.01493	0.09470	0.29510	0.15311	0.03630	0.04542	0.00222	0.03879	0.03085	0.00420	0.00502
3	0.05364	0.36313	0.14849	0.01078	0.01514	0.04016	0.07033	0.01537	0.01088	0.05379	0.04464	0.01195	0.00929	0.00708	0.05277	0.00177	0.03221	0.00386	0.00273	0.05200
4	0.01358	0.04832	0.01191	0.01117	0.09766	0.00946	0.00776	0.19748	0.01442	0.14069	0.05212	0.16945	0.03155	0.09491	0.00762	0.00202	0.00455	0.04147	0.03733	0.00652
5	0.00726	0.00522	0.00711	0.00863	0.04745	0.00503	0.00587	0.00858	0.01020	0.01381	0.02559	0.51521	0.02949	0.07762	0.00798	0.00230	0.00363	0.16913	0.04546	0.00443
6	0.01154	0.22482	0.46887	0.01314	0.01924	0.01404	0.06576	0.03811	0.04528	0.01582	0.00991	0.03367	0.00786	0.00516	0.00463	0.00151	0.00678	0.00410	0.00250	0.00725
7	0.00883	0.00703	0.00934	0.00887	0.01053	0.00703	0.05719	0.06148	0.10392	0.01701	0.12557	0.23701	0.13225	0.03522	0.00680	0.00201	0.00394	0.15589	0.00476	0.00531
8	0.02197	0.00887	0.01184	0.00914	0.01297	0.00788	0.00752	0.06718	0.01522	0.70601	0.06091	0.01829	0.01439	0.00656	0.00521	0.00159	0.00434	0.00535	0.00624	0.00852
9	0.51283	0.07975	0.01069	0.00840	0.03733	0.01126	0.00667	0.01744	0.04463	0.17670	0.04370	0.01208	0.00945	0.00539	0.00386	0.00155	0.00419	0.00373	0.00391	0.00646
10	0.01280	0.01356	0.05632	0.22731	0.24159	0.12256	0.04777	0.05985	0.03420	0.01600	0.00989	0.01280	0.00787	0.00539	0.00590	0.00161	0.06832	0.00446	0.04503	0.00677
11	0.01040	0.00965	0.01054	0.01034	0.01202	0.12943	0.04300	0.01355	0.07381	0.01579	0.10341	0.05676	0.04984	0.01115	0.00679	0.00201	0.04082	0.39104	0.00434	0.00531
12	0.00658	0.00487	0.00609	0.00651	0.00737	0.00444	0.00458	0.00802	0.01164	0.01559	0.27839	0.39655	0.18116	0.03532	0.00682	0.00194	0.00278	0.01196	0.00501	0.00439
13	0.01201	0.34283	0.45752	0.01225	0.01836	0.04672	0.01455	0.01607	0.01082	0.01444	0.00833	0.00974	0.00654	0.00470	0.00424	0.00140	0.00682	0.00336	0.00220	0.00712
14	0.01108	0.01042	0.05347	0.16193	0.39860	0.01005	0.01257	0.01354	0.02219	0.03151	0.01331	0.03893	0.06300	0.00759	0.00736	0.12430	0.00566	0.00527	0.00277	0.00645

[dist]
# distance from previous block
# <min> <max>
2	2

[block]
# block no. 1 follows, 48 sequences, length 9
# corresponding to MSA columns:
# 120-128
name=unknown_B
#
# <colnr> <probs for GDERKNQSTAVLIFYWHMCP>
#	G	D	E	R	K	N	Q	S	T	A	V	L	I	F	Y	W	H	M	C	P
0	0.01424	0.01150	0.01218	0.01255	0.12359	0.13133	0.00854	0.13743	0.06085	0.12957	0.09329	0.07483	0.12829	0.00818	0.00543	0.00162	0.00504	0.03031	0.00451	0.00674
1	0.01335	0.01043	0.05961	0.05494	0.17765	0.04917	0.03524	0.01607	0.03200	0.20824	0.05445	0.10340	0.11156	0.00809	0.00551	0.00168	0.00501	0.04255	0.00427	0.00678
2	0.01346	0.76251	0.08487	0.00922	0.01385	0.01967	0.00955	0.01543	0.01046	0.01239	0.00729	0.00843	0.00658	0.00443	0.00341	0.00114	0.00565	0.00282	0.00219	0.00666
3	0.03784	0.03156	0.01200	0.10996	0.01517	0.19387	0.00842	0.18561	0.01454	0.05731	0.01489	0.18511	0.01391	0.00787	0.00507	0.00159	0.00563	0.00639	0.08708	0.00619
4	0.01714	0.05773	0.01782	0.01365	0.01725	0.29803	0.15653	0.23104	0.01637	0.05548	0.01110	0.01328	0.00869	0.00567	0.00505	0.00149	0.00733	0.02954	0.02980	0.00701
5	0.01157	0.00788	0.01040	0.07131	0.10885	0.00796	0.00736	0.08255	0.04201	0.12696	0.05945	0.05771	0.12682	0.21859	0.03599	0.00272	0.00492	0.00702	0.00413	0.00581
6	0.01192	0.00988	0.01132	0.00821	0.01270	0.00815	0.00661	0.12193	0.01258	0.01897	0.00958	0.01088	0.00776	0.00414	0.00399	0.00087	0.00407	0.00327	0.00334	0.72984
7	0.26127	0.01092	0.01223	0.06721	0.04045	0.01212	0.03825	0.25001	0.09758	0.02421	0.12250	0.01580	0.01406	0.00626	0.00473	0.00161	0.00474	0.00493	0.00425	0.00686
8	0.00694	0.00769	0.11918	0.00808	0.00940	0.00536	0.00665	0.00848	0.00975	0.01326	0.02443	0.62889	0.02859	0.08790	0.00810	0.00228	0.00382	0.01238	0.00424	0.00456

[dist]
# distance from previous block
# <min> <max>
3	12

[block]
# block no. 2 follows, 48 sequences, length 19
# corresponding to MSA columns:
# 142-160
name=unknown_C
#
# <colnr> <probs for GDERKNQSTAVLIFYWHMCP>
#	G	D	E	R	K	N	Q	S	T	A	V	L	I	F	Y	W	H	M	C	P
0	0.01227	0.01455	0.12917	0.01921	0.12313	0.01282	0.35625	0.02983	0.06060	0.03942	0.01058	0.01325	0.00817	0.00533	0.00711	0.00173	0.11889	0.00518	0.00282	0.02969
1	0.38421	0.01155	0.01090	0.04164	0.01311	0.06241	0.02760	0.21148	0.05579	0.02368	0.02474	0.01199	0.00864	0.00551	0.00414	0.00154	0.00481	0.00393	0.08584	0.00650
2	0.40046	0.01081	0.01141	0.05309	0.01382	0.02587	0.05613	0.16828	0.06960	0.02262	0.03155	0.01563	0.01038	0.03269	0.00514	0.00177	0.00491	0.05573	0.00380	0.00633
3	0.06849	0.00975	0.01282	0.01075	0.06432	0.00875	0.05797	0.04783	0.06416	0.21533	0.04901	0.01451	0.01130	0.00522	0.00459	0.00128	0.00446	0.00440	0.00418	0.34090
4	0.01364	0.01146	0.01210	0.01062	0.01368	0.01317	0.00833	0.12424	0.67999	0.02288	0.01977	0.01825	0.01476	0.00686	0.00521	0.00171	0.00427	0.00565	0.00521	0.00820
5	0.01297	0.00684	0.00875	0.00762	0.00979	0.00651	0.00605	0.06565	0.01414	0.24010	0.31566	0.02783	0.02727	0.01038	0.05624	0.00201	0.00404	0.04765	0.12434	0.00618
6	0.01951	0.01437	0.01540	0.01181	0.01591	0.01591	0.00975	0.77056	0.02412	0.03234	0.01232	0.01232	0.00873	0.00616	0.00513	0.00154	0.00565	0.00462	0.00513	0.00873
7	0.85592	0.00992	0.00754	0.00675	0.00992	0.01151	0.00556	0.01508	0.00873	0.02302	0.00714	0.00834	0.00556	0.00476	0.00318	0.00159	0.00397	0.00278	0.00318	0.00556
8	0.00705	0.00506	0.00648	0.02235	0.00830	0.00498	0.00514	0.00902	0.06166	0.01405	0.02636	0.65966	0.03037	0.03217	0.00668	0.00206	0.00317	0.03020	0.06074	0.00449
9	0.01530	0.19900	0.01649	0.01229	0.06602	0.33677	0.00924	0.05528	0.12621	0.01525	0.02981	0.05038	0.03474	0.00619	0.00464	0.00141	0.00660	0.00459	0.00327	0.00654
10	0.01379	0.60280	0.12238	0.00949	0.01411	0.01743	0.00981	0.03315	0.01126	0.07188	0.03310	0.01096	0.02131	0.00497	0.00381	0.00124	0.00553	0.00344	0.00272	0.00683
11	0.07412	0.00955	0.01184	0.01047	0.01185	0.04862	0.03854	0.06559	0.06165	0.01505	0.01194	0.01776	0.01105	0.09330	0.26036	0.00420	0.22096	0.02463	0.00305	0.00548
12	0.01355	0.76932	0.02615	0.00909	0.01319	0.02000	0.00894	0.01517	0.01026	0.01209	0.00711	0.00843	0.00659	0.00469	0.00418	0.00117	0.05848	0.00286	0.00220	0.00652
13	0.00733	0.00550	0.00825	0.00825	0.00916	0.00641	0.00641	0.00916	0.00825	0.01191	0.01374	0.02016	0.01283	0.03848	0.79934	0.00825	0.01374	0.00550	0.00275	0.00458
14	0.01100	0.01054	0.03133	0.07107	0.01729	0.00895	0.18218	0.04874	0.01165	0.01691	0.01245	0.01430	0.06002	0.00477	0.00465	0.00117	0.00522	0.00446	0.00308	0.48021
15	0.01652	0.06852	0.01534	0.01312	0.06626	0.31243	0.03197	0.19345	0.11442	0.03394	0.04942	0.03837	0.01140	0.00618	0.00495	0.00148	0.00666	0.00474	0.00380	0.00703
16	0.00818	0.00774	0.05935	0.00820	0.00956	0.05858	0.00639	0.00968	0.01067	0.03412	0.04254	0.55719	0.05314	0.01342	0.00615	0.00192	0.00387	0.06071	0.00443	0.04415
17	0.07342	0.06814	0.01372	0.01060	0.01381	0.24400	0.00849	0.19751	0.03992	0.14996	0.09273	0.01464	0.01274	0.00622	0.00501	0.00147	0.01951	0.00458	0.00426	0.01927
18	0.31361	0.06741	0.06235	0.00913	0.01229	0.12493	0.00779	0.10711	0.01246	0.06511	0.06182	0.06621	0.01186	0.02319	0.03289	0.00185	0.00550	0.00468	0.00364	0.00617

[dist]
# distance from previous block
# <min> <max>
1	5

[block]
# block no. 3 follows, 48 sequences, length 24
# corresponding to MSA columns:
# 166-189
name=unknown_D
#
# <colnr> <probs for GDERKNQSTAVLIFYWHMCP>
#	G	D	E	R	K	N	Q	S	T	A	V	L	I	F	Y	W	H	M	C	P
0	0.00902	0.00697	0.00929	0.00885	0.01008	0.00727	0.03840	0.04155	0.05821	0.03700	0.02261	0.32727	0.06205	0.11716	0.00986	0.00236	0.08687	0.09770	0.00420	0.04325
1	0.01494	0.01256	0.01389	0.01347	0.12582	0.10991	0.00939	0.17067	0.08924	0.09414	0.04575	0.02855	0.02856	0.00630	0.00601	0.00149	0.07853	0.00486	0.00398	0.14192
2	0.03125	0.09384	0.01703	0.01289	0.01616	0.35232	0.07344	0.21543	0.05865	0.01867	0.00985	0.01100	0.00775	0.00565	0.00548	0.00147	0.05478	0.00403	0.00338	0.00691
3	0.00731	0.00524	0.00647	0.02466	0.00852	0.00478	0.00520	0.00870	0.01121	0.04923	0.07451	0.35417	0.30699	0.01376	0.00632	0.00193	0.00316	0.09846	0.00482	0.00457
4	0.01594	0.01664	0.01546	0.01500	0.11663	0.30533	0.05719	0.14404	0.18535	0.01869	0.01341	0.01484	0.02765	0.00605	0.00509	0.00154	0.00679	0.02350	0.00371	0.00717
5	0.01183	0.01314	0.02757	0.01982	0.02469	0.01233	0.66175	0.01580	0.01180	0.01626	0.01055	0.03106	0.00831	0.00468	0.00621	0.00167	0.03314	0.00593	0.00267	0.08080
6	0.00713	0.00518	0.00671	0.00734	0.00824	0.00491	0.00560	0.00874	0.01138	0.01507	0.17672	0.27760	0.12761	0.07878	0.00813	0.00227	0.00351	0.23589	0.00479	0.00440
7	0.01186	0.01125	0.01876	0.23473	0.45452	0.01212	0.04886	0.02775	0.04672	0.01609	0.01011	0.01336	0.00816	0.00507	0.00565	0.00162	0.04262	0.00469	0.01879	0.00726
8	0.01239	0.00971	0.01031	0.00931	0.01183	0.03407	0.00732	0.12692	0.33417	0.05912	0.04531	0.08225	0.12788	0.00896	0.00553	0.00175	0.00414	0.07127	0.03090	0.00687
9	0.00874	0.00740	0.01066	0.09243	0.01294	0.00822	0.04974	0.01107	0.03518	0.03324	0.22148	0.15349	0.13315	0.01127	0.03423	0.00206	0.15693	0.00844	0.00412	0.00520
10	0.04376	0.01684	0.01350	0.01161	0.01427	0.33336	0.00904	0.23343	0.08544	0.01946	0.01105	0.01293	0.00895	0.05146	0.00701	0.00171	0.07727	0.00429	0.03792	0.00669
11	0.01325	0.01339	0.02079	0.02929	0.67542	0.08339	0.05725	0.01621	0.01197	0.01636	0.00954	0.01245	0.00797	0.00462	0.00509	0.00152	0.00652	0.00454	0.00255	0.00786
12	0.00781	0.00604	0.00676	0.00628	0.00794	0.00561	0.00473	0.07764	0.01363	0.01780	0.31617	0.04106	0.40079	0.05646	0.00709	0.00185	0.00294	0.00951	0.00503	0.00485
13	0.04105	0.00963	0.01106	0.00806	0.01250	0.00791	0.00650	0.08614	0.01209	0.06244	0.00999	0.01111	0.00793	0.00420	0.00398	0.00091	0.00401	0.00330	0.00343	0.69376
14	0.00621	0.00464	0.00578	0.00669	0.00732	0.00421	0.00456	0.00720	0.01027	0.01328	0.03387	0.63531	0.21134	0.01535	0.00643	0.00200	0.00289	0.01370	0.00476	0.00421
15	0.01064	0.00912	0.01064	0.00760	0.01216	0.00684	0.00608	0.01292	0.01064	0.01672	0.00912	0.01064	0.00760	0.00380	0.00380	0.00076	0.00380	0.00304	0.00304	0.85104
16	0.11409	0.01234	0.01315	0.05461	0.01529	0.07095	0.03732	0.25205	0.07234	0.02218	0.01073	0.01172	0.00820	0.00510	0.00447	0.00131	0.00518	0.00393	0.00378	0.28125
17	0.01141	0.02498	0.72462	0.01414	0.02141	0.01153	0.01796	0.01702	0.01117	0.08417	0.01018	0.01141	0.00704	0.00500	0.00490	0.00162	0.00730	0.00391	0.00253	0.00768
18	0.00642	0.00515	0.00574	0.00573	0.00719	0.00446	0.00425	0.00801	0.01234	0.01572	0.26037	0.11343	0.50804	0.01255	0.00610	0.00173	0.00258	0.01071	0.00502	0.00446
19	0.00790	0.00569	0.00759	0.00846	0.00948	0.00560	0.00681	0.03845	0.01178	0.01553	0.07405	0.30849	0.05349	0.01424	0.00674	0.00217	0.00397	0.41007	0.00481	0.00469
20	0.01080	0.14392	0.68013	0.01376	0.02088	0.01315	0.01746	0.01612	0.01077	0.01563	0.00890	0.01045	0.00651	0.00480	0.00464	0.00155	0.00727	0.00364	0.00217	0.00744
21	0.01170	0.01220	0.01812	0.01483	0.01581	0.04706	0.13865	0.01337	0.00884	0.01304	0.00740	0.01159	0.00691	0.00805	0.01453	0.00212	0.64292	0.00471	0.00232	0.00585
22	0.00758	0.00494	0.00574	0.00573	0.00578	0.00492	0.00330	0.00749	0.00769	0.01031	0.04799	0.03220	0.01906	0.71523	0.02474	0.07896	0.00482	0.00728	0.00314	0.00311
23	0.23366	0.02986	0.01443	0.02947	0.18175	0.15546	0.01002	0.16051	0.01371	0.06439	0.00958	0.01099	0.00743	0.00542	0.00516	0.00155	0.05232	0.00388	0.00341	0.00700

[dist]
# distance from previous block
# <min> <max>
2	7

[block]
# block no. 4 follows, 48 sequences, length 83
# corresponding to MSA columns:
# 197-208,213-283
name=unknown_E
#
# <colnr> <probs for GDERKNQSTAVLIFYWHMCP>
#	G	D	E	R	K	N	Q	S	T	A	V	L	I	F	Y	W	H	M	C	P
0	0.05632	0.01428	0.02541	0.03553	0.17670	0.09047	0.49147	0.01657	0.01206	0.01640	0.00980	0.01287	0.00761	0.00451	0.00556	0.00164	0.00793	0.00529	0.00261	0.00697
1	0.00975	0.04757	0.00742	0.00593	0.00757	0.00607	0.03404	0.01193	0.01046	0.01758	0.01540	0.01919	0.01275	0.08616	0.00591	0.00155	0.00315	0.00487	0.62761	0.06510
2	0.01148	0.06904	0.01630	0.01298	0.01344	0.01589	0.01089	0.01333	0.04770	0.01280	0.00749	0.01142	0.00718	0.00855	0.01528	0.00214	0.71144	0.00443	0.00239	0.00581
3	0.00997	0.00598	0.00667	0.08486	0.00979	0.00642	0.00520	0.01395	0.10492	0.01882	0.01649	0.01859	0.01284	0.00601	0.00394	0.00131	0.00304	0.00489	0.66104	0.00528
4	0.00911	0.00728	0.00978	0.02793	0.08792	0.02526	0.00868	0.01241	0.07901	0.01562	0.02422	0.15057	0.02579	0.01246	0.00655	0.00215	0.00471	0.48076	0.00446	0.00533
5	0.00807	0.00576	0.00804	0.00922	0.01032	0.00573	0.00792	0.01029	0.01162	0.01513	0.02728	0.13289	0.02997	0.01436	0.00703	0.00233	0.00455	0.68008	0.00473	0.00467
6	0.85592	0.00992	0.00754	0.00675	0.00992	0.01151	0.00556	0.01508	0.00873	0.02302	0.00714	0.00834	0.00556	0.00476	0.00318	0.00159	0.00397	0.00278	0.00318	0.00556
7	0.00647	0.00472	0.00612	0.00698	0.00759	0.00436	0.00487	0.00769	0.01075	0.01430	0.13292	0.59619	0.11001	0.01492	0.00646	0.00200	0.00295	0.05151	0.00488	0.00430
8	0.00746	0.00497	0.00560	0.00560	0.00560	0.00497	0.00311	0.00746	0.00746	0.00995	0.01617	0.03358	0.01865	0.81967	0.02612	0.00497	0.00497	0.00746	0.00311	0.00311
9	0.01160	0.00976	0.01094	0.00864	0.01254	0.00900	0.00683	0.01838	0.29454	0.03367	0.01434	0.01451	0.02260	0.00516	0.00439	0.00115	0.00389	0.00422	0.00394	0.50991
10	0.01181	0.16637	0.58046	0.01331	0.01998	0.01380	0.01624	0.09070	0.01208	0.01710	0.00915	0.01052	0.00674	0.00492	0.00462	0.00152	0.00702	0.00369	0.00247	0.00752
11	0.00616	0.00519	0.00524	0.00523	0.00694	0.00435	0.00392	0.00751	0.01176	0.01415	0.07330	0.04853	0.75023	0.01280	0.00602	0.00172	0.00259	0.01068	0.01932	0.00435
12	0.18538	0.04023	0.01406	0.01158	0.02963	0.23121	0.00913	0.33189	0.01682	0.02296	0.00955	0.01050	0.00732	0.00572	0.00522	0.00152	0.05264	0.00383	0.00375	0.00707
13	0.01054	0.00999	0.01692	0.58834	0.24770	0.01162	0.01467	0.01385	0.01066	0.01414	0.00927	0.01340	0.00720	0.00497	0.00512	0.00166	0.00663	0.00456	0.00235	0.00639
14	0.05316	0.00821	0.01091	0.00860	0.01209	0.00726	0.00702	0.02212	0.01443	0.63551	0.14432	0.02051	0.01824	0.00696	0.00523	0.00159	0.00403	0.00574	0.00611	0.00797
15	0.00891	0.00446	0.00668	0.00668	0.00668	0.00446	0.00446	0.00668	0.00668	0.00891	0.00891	0.01560	0.00891	0.01783	0.02005	0.85071	0.00446	0.00446	0.00223	0.00223
16	0.00653	0.00467	0.00623	0.00715	0.00764	0.00437	0.00496	0.00776	0.01073	0.01449	0.15698	0.64490	0.03617	0.01503	0.00649	0.00202	0.00297	0.05170	0.00491	0.00431
17	0.01443	0.01100	0.01191	0.01039	0.01350	0.01238	0.00817	0.07997	0.63645	0.11113	0.02020	0.01846	0.01483	0.00683	0.00521	0.00171	0.00421	0.00564	0.00535	0.00824
18	0.00625	0.00521	0.00545	0.00539	0.00704	0.00441	0.00404	0.00772	0.01212	0.01488	0.16308	0.04771	0.67385	0.01262	0.00606	0.00171	0.00257	0.01059	0.00490	0.00441
19	0.01330	0.72504	0.12092	0.00950	0.01428	0.01927	0.01003	0.01547	0.01048	0.01258	0.00739	0.00855	0.00657	0.00445	0.00349	0.00116	0.00574	0.00287	0.00219	0.00671
20	0.01860	0.01423	0.01677	0.01274	0.01692	0.01554	0.08481	0.67655	0.04264	0.03048	0.01235	0.01265	0.00881	0.00600	0.00523	0.00156	0.00590	0.00479	0.00488	0.00853
21	0.01326	0.58307	0.20758	0.01045	0.01548	0.06817	0.01126	0.01590	0.01079	0.01309	0.00768	0.00891	0.00657	0.00456	0.00375	0.00124	0.00622	0.00303	0.00222	0.00678
22	0.00629	0.00511	0.00537	0.00551	0.00689	0.00442	0.00397	0.00741	0.01101	0.01335	0.04499	0.12235	0.60811	0.10894	0.00851	0.00216	0.00295	0.02392	0.00457	0.00418
23	0.00734	0.00545	0.00798	0.00798	0.00881	0.00627	0.00609	0.00899	0.00817	0.01172	0.01398	0.02148	0.01340	0.11575	0.72286	0.00792	0.01288	0.00569	0.00278	0.00444
24	0.00660	0.00503	0.00607	0.00621	0.00736	0.00450	0.00451	0.00826	0.01238	0.01643	0.34743	0.23934	0.29177	0.01275	0.00618	0.00177	0.00262	0.01114	0.00513	0.00450
25	0.00891	0.00446	0.00668	0.00668	0.00668	0.00446	0.00446	0.00668	0.00668	0.00891	0.00891	0.01560	0.00891	0.01783	0.02005	0.85071	0.00446	0.00446	0.00223	0.00223
26	0.01647	0.15088	0.01579	0.01073	0.01437	0.05524	0.00894	0.32063	0.23582	0.07283	0.01461	0.01511	0.01111	0.00629	0.00488	0.00154	0.00524	0.02700	0.00460	0.00793
27	0.00734	0.00536	0.00761	0.00764	0.00834	0.00605	0.00565	0.00875	0.00810	0.01150	0.01457	0.03878	0.01453	0.21094	0.61262	0.00740	0.01159	0.00611	0.00287	0.00425
28	0.01072	0.05336	0.65424	0.01338	0.02000	0.04480	0.01668	0.01597	0.01097	0.01623	0.00982	0.01149	0.00717	0.00498	0.00468	0.00155	0.00706	0.00383	0.08586	0.00720
29	0.01444	0.08162	0.13632	0.01468	0.04083	0.25636	0.12732	0.05650	0.06708	0.01542	0.00945	0.01139	0.00759	0.00573	0.00677	0.00160	0.13319	0.00422	0.00278	0.00671
30	0.40180	0.01550	0.21948	0.00993	0.01433	0.06852	0.00994	0.06349	0.02620	0.09355	0.02810	0.01110	0.00797	0.00525	0.00415	0.00158	0.00543	0.00364	0.00339	0.00666
31	0.13480	0.01188	0.01311	0.16921	0.01809	0.03662	0.00951	0.28938	0.17806	0.05261	0.01302	0.01371	0.00954	0.00590	0.00483	0.00161	0.00531	0.00458	0.02085	0.00738
32	0.01372	0.82276	0.02689	0.00878	0.01317	0.02030	0.00878	0.01536	0.01043	0.01207	0.00713	0.00823	0.00658	0.00439	0.00329	0.00110	0.00549	0.00274	0.00219	0.00658
33	0.00706	0.00509	0.00668	0.00659	0.00762	0.00471	0.00483	0.00918	0.01359	0.01909	0.63437	0.19316	0.04553	0.01160	0.00615	0.00171	0.00253	0.01034	0.00547	0.00471
34	0.02267	0.00929	0.01225	0.00939	0.01338	0.00837	0.00776	0.09875	0.01562	0.71616	0.01946	0.01696	0.01231	0.00633	0.00516	0.00158	0.00449	0.00511	0.00623	0.00873
35	0.00733	0.00550	0.00825	0.00825	0.00916	0.00641	0.00641	0.00916	0.00825	0.01191	0.01374	0.02016	0.01283	0.03848	0.79934	0.00825	0.01374	0.00550	0.00275	0.00458
36	0.00742	0.00515	0.00651	0.00651	0.00682	0.00547	0.00424	0.00805	0.00773	0.01062	0.01533	0.02897	0.01665	0.55123	0.29182	0.00610	0.00799	0.00679	0.00299	0.00361
37	0.01372	0.82276	0.02689	0.00878	0.01317	0.02030	0.00878	0.01536	0.01043	0.01207	0.00713	0.00823	0.00658	0.00439	0.00329	0.00110	0.00549	0.00274	0.00219	0.00658
38	0.81729	0.00980	0.00763	0.00679	0.00995	0.01128	0.00558	0.01533	0.00894	0.04602	0.00769	0.00878	0.00589	0.00483	0.00324	0.00158	0.00396	0.00288	0.01688	0.00564
39	0.00763	0.00498	0.00654	0.00733	0.00811	0.00460	0.00523	0.00878	0.01054	0.06884	0.02978	0.61369	0.10127	0.01491	0.00646	0.00204	0.00321	0.08662	0.00487	0.00456
40	0.10908	0.01920	0.01328	0.01160	0.01453	0.47994	0.00896	0.18914	0.01581	0.01864	0.00947	0.01055	0.00744	0.00548	0.00451	0.00139	0.00738	0.00365	0.06352	0.00645
41	0.01194	0.14389	0.44461	0.01344	0.01881	0.01428	0.03475	0.09005	0.01160	0.01653	0.00880	0.01073	0.00681	0.00562	0.00676	0.00165	0.14616	0.00389	0.00249	0.00719
42	0.01075	0.00906	0.00986	0.00914	0.01150	0.00994	0.00696	0.02068	0.51009	0.01918	0.06479	0.16000	0.07504	0.00900	0.00548	0.00174	0.00367	0.00773	0.00502	0.05038
43	0.00606	0.00520	0.00520	0.00520	0.00693	0.00433	0.00390	0.00736	0.01170	0.01386	0.05198	0.04938	0.78558	0.01299	0.00606	0.00173	0.00260	0.01083	0.00476	0.00433
44	0.00712	0.00555	0.00634	0.00621	0.00756	0.00516	0.00452	0.00959	0.06675	0.01631	0.30196	0.10534	0.33340	0.09173	0.00802	0.00204	0.00291	0.00990	0.00494	0.00465
45	0.06476	0.01293	0.01391	0.01080	0.01464	0.01410	0.00889	0.60486	0.02146	0.10600	0.01312	0.01307	0.00924	0.00609	0.00493	0.00152	0.00521	0.00458	0.06160	0.00829
46	0.00722	0.00524	0.00679	0.00641	0.00764	0.00482	0.00480	0.00959	0.01441	0.02031	0.75618	0.03876	0.07736	0.01059	0.00605	0.00162	0.00243	0.00934	0.00561	0.00482
47	0.77354	0.00981	0.00797	0.00698	0.01024	0.01112	0.00575	0.01606	0.00932	0.09900	0.00844	0.00924	0.00626	0.00492	0.00337	0.00159	0.00401	0.00301	0.00349	0.00587
48	0.00625	0.00449	0.00593	0.00709	0.00743	0.00417	0.00474	0.00715	0.00988	0.01312	0.02893	0.79519	0.05465	0.01599	0.00654	0.00207	0.00297	0.01448	0.00476	0.00417
49	0.00816	0.00558	0.00706	0.00655	0.00802	0.00512	0.00496	0.01070	0.03201	0.06452	0.63350	0.03801	0.13532	0.01047	0.00598	0.00163	0.00259	0.00915	0.00557	0.00508
50	0.01266	0.01153	0.03365	0.04767	0.52263	0.01094	0.01311	0.01623	0.05461	0.05682	0.02210	0.01332	0.00922	0.00478	0.00489	0.00142	0.00550	0.00446	0.00300	0.15146
51	0.01127	0.00949	0.01098	0.00790	0.01243	0.00749	0.00634	0.06691	0.01160	0.01783	0.00935	0.01076	0.00768	0.00397	0.00389	0.00082	0.00393	0.00315	0.00319	0.79102
52	0.01233	0.01181	0.02016	0.12672	0.69533	0.01209	0.01556	0.01542	0.01151	0.01631	0.00959	0.01282	0.00797	0.00464	0.00509	0.00155	0.00619	0.00457	0.00251	0.00783
53	0.01372	0.04132	0.01196	0.00880	0.02853	0.00829	0.00697	0.06477	0.03061	0.16750	0.01228	0.02446	0.00958	0.00492	0.00429	0.00107	0.00415	0.01706	0.00388	0.53583
54	0.63054	0.13267	0.01126	0.00782	0.01112	0.10694	0.00656	0.01577	0.00968	0.02014	0.00724	0.00843	0.00584	0.00477	0.00337	0.00148	0.00483	0.00284	0.00297	0.00576
55	0.00700	0.00522	0.00651	0.00623	0.00752	0.00472	0.00465	0.00916	0.01385	0.01906	0.62114	0.06083	0.19291	0.01113	0.00607	0.00165	0.00247	0.00972	0.00545	0.00472
56	0.00746	0.00497	0.00560	0.00560	0.00560	0.00497	0.00311	0.00746	0.00746	0.00995	0.01617	0.03358	0.01865	0.81967	0.02612	0.00497	0.00497	0.00746	0.00311	0.00311
57	0.01072	0.01133	0.02166	0.01678	0.04263	0.01163	0.42349	0.01380	0.01131	0.01558	0.08081	0.01960	0.09966	0.00771	0.03001	0.00200	0.16559	0.00651	0.00304	0.00616
58	0.03836	0.04734	0.01665	0.01301	0.03415	0.21199	0.09902	0.28080	0.01725	0.17305	0.01215	0.01249	0.00869	0.00562	0.00500	0.00150	0.00663	0.00444	0.00422	0.00764
59	0.00942	0.16923	0.01209	0.00818	0.00954	0.01009	0.00642	0.01146	0.06327	0.01204	0.01302	0.02113	0.01305	0.27700	0.25873	0.00471	0.08738	0.00550	0.00288	0.00486
60	0.00673	0.00522	0.00613	0.00590	0.00734	0.00462	0.00443	0.00866	0.01328	0.01762	0.46231	0.04319	0.37291	0.01159	0.00606	0.00167	0.00250	0.00996	0.00526	0.00462
61	0.01298	0.01230	0.01997	0.05291	0.69262	0.02736	0.01511	0.05449	0.01234	0.01734	0.01014	0.01368	0.00858	0.00491	0.00512	0.00155	0.00612	0.02178	0.00272	0.00797
62	0.00844	0.00709	0.01019	0.00956	0.01016	0.00896	0.00757	0.00996	0.00809	0.01191	0.01191	0.01848	0.01147	0.07941	0.52913	0.00634	0.23860	0.00534	0.00263	0.00478
63	0.00625	0.00447	0.00595	0.00714	0.00744	0.00417	0.00476	0.00714	0.00982	0.01310	0.02828	0.81633	0.03394	0.01608	0.00655	0.00208	0.00298	0.01459	0.00476	0.00417
64	0.00630	0.00450	0.00601	0.00720	0.00752	0.00421	0.00485	0.00723	0.00987	0.01315	0.02825	0.79826	0.03383	0.01603	0.00656	0.00209	0.00302	0.03218	0.00476	0.00418
65	0.00656	0.00522	0.00588	0.00572	0.00723	0.00454	0.00429	0.00832	0.01286	0.01662	0.35350	0.04483	0.48234	0.01196	0.00606	0.00168	0.00253	0.01019	0.00513	0.00454
66	0.00628	0.00455	0.00594	0.00698	0.00741	0.00421	0.00470	0.00726	0.01014	0.01345	0.05968	0.73113	0.08807	0.01564	0.00650	0.00204	0.00293	0.01411	0.00480	0.00421
67	0.01409	0.01073	0.01164	0.01027	0.01331	0.01209	0.00805	0.02697	0.67994	0.12070	0.02080	0.01893	0.01528	0.00688	0.00521	0.00172	0.00410	0.00572	0.00537	0.00820
68	0.01276	0.01102	0.01160	0.01044	0.01334	0.01276	0.00812	0.02727	0.77840	0.02146	0.02088	0.01914	0.01566	0.00696	0.00522	0.00174	0.00406	0.00580	0.00522	0.00812
69	0.09706	0.00986	0.01089	0.00894	0.01254	0.00979	0.00712	0.02083	0.32081	0.14391	0.01572	0.01563	0.01179	0.00573	0.00458	0.00139	0.00403	0.01546	0.00449	0.27942
70	0.00716	0.00537	0.00655	0.00642	0.00769	0.00493	0.00474	0.03144	0.01331	0.01799	0.45080	0.17269	0.22809	0.01193	0.00611	0.00172	0.00266	0.01043	0.00526	0.00472
71	0.01182	0.17841	0.56975	0.01337	0.01985	0.09137	0.01612	0.01650	0.01112	0.01509	0.00869	0.01018	0.00653	0.00482	0.00455	0.00149	0.00735	0.00354	0.00222	0.00723
72	0.00616	0.00520	0.00533	0.00530	0.00699	0.00437	0.00397	0.00755	0.01192	0.01439	0.10972	0.04851	0.72751	0.01280	0.00606	0.00172	0.00258	0.01071	0.00483	0.00437
73	0.01043	0.00755	0.00854	0.00773	0.00993	0.00766	0.00597	0.02710	0.25789	0.09542	0.25420	0.03278	0.23499	0.00957	0.00569	0.00168	0.00323	0.00812	0.00533	0.00619
74	0.00683	0.00523	0.00626	0.00600	0.00740	0.00466	0.00450	0.00884	0.01350	0.01814	0.51919	0.04234	0.31571	0.01140	0.00606	0.00166	0.00249	0.00984	0.00533	0.00466
75	0.00625	0.00447	0.00595	0.00714	0.00744	0.00417	0.00476	0.00714	0.00982	0.01310	0.02828	0.81633	0.03394	0.01608	0.00655	0.00208	0.00298	0.01459	0.00476	0.00417
76	0.83649	0.00990	0.00764	0.00680	0.01000	0.01142	0.00560	0.01531	0.00887	0.04094	0.00745	0.00855	0.00572	0.00480	0.00322	0.00159	0.00398	0.00283	0.00325	0.00563
77	0.00713	0.00524	0.00668	0.00632	0.00758	0.00479	0.00474	0.00943	0.01421	0.01983	0.70395	0.03955	0.12989	0.01077	0.00605	0.00163	0.00244	0.00945	0.00555	0.00479
78	0.01163	0.00996	0.01084	0.01024	0.03362	0.01122	0.00772	0.02340	0.61073	0.02040	0.07801	0.02422	0.08758	0.00791	0.00541	0.00174	0.00389	0.02891	0.00512	0.00744
79	0.00697	0.00484	0.00567	0.00602	0.00627	0.00467	0.00367	0.00736	0.00856	0.01125	0.02310	0.26806	0.09451	0.50545	0.01843	0.00381	0.00416	0.00990	0.00376	0.00354
80	0.16968	0.01288	0.02796	0.01213	0.08998	0.10445	0.00887	0.14426	0.19084	0.09756	0.01353	0.02601	0.01036	0.00593	0.00470	0.00155	0.00519	0.01353	0.00418	0.05642
81	0.03965	0.28930	0.17300	0.01359	0.09284	0.02817	0.06557	0.11833	0.03602	0.08272	0.01025	0.01126	0.00785	0.00500	0.00446	0.00143	0.00609	0.00392	0.00312	0.00743
82	0.09841	0.07581	0.01328	0.01058	0.03750	0.11042	0.00825	0.13265	0.18561	0.16005	0.09046	0.01625	0.01413	0.00641	0.00502	0.00155	0.01682	0.00495	0.00457	0.00732

[dist]
# distance from previous block
# <min> <max>
0	16

[block]
# block no. 5 follows, 48 sequences, length 53
# corresponding to MSA columns:
# 302-354
name=unknown_F
#
# <colnr> <probs for GDERKNQSTAVLIFYWHMCP>
#	G	D	E	R	K	N	Q	S	T	A	V	L	I	F	Y	W	H	M	C	P
0	0.07797	0.00966	0.05744	0.00987	0.01221	0.00941	0.07321	0.11241	0.08957	0.01767	0.06945	0.08638	0.01657	0.15928	0.10429	0.00309	0.03718	0.02565	0.00377	0.02490
1	0.11283	0.08976	0.34407	0.01346	0.06936	0.10656	0.04274	0.01672	0.01135	0.06530	0.01003	0.01134	0.01858	0.00497	0.00453	0.00148	0.00658	0.00380	0.00275	0.06379
2	0.01076	0.02517	0.71818	0.01497	0.02229	0.01187	0.07181	0.01650	0.01103	0.03695	0.00959	0.01122	0.00676	0.00488	0.00497	0.00163	0.00757	0.00399	0.00231	0.00757
3	0.00717	0.00541	0.00682	0.00758	0.00879	0.00506	0.00614	0.00893	0.01150	0.01461	0.05562	0.18770	0.27697	0.01403	0.00663	0.00209	0.00366	0.36201	0.00477	0.00450
4	0.01154	0.01371	0.07997	0.01866	0.02267	0.01309	0.51097	0.01517	0.01099	0.01539	0.01008	0.01445	0.00821	0.00669	0.03330	0.00205	0.17846	0.02549	0.00255	0.00656
5	0.00629	0.00450	0.00599	0.00712	0.00745	0.00419	0.00477	0.00724	0.01001	0.01339	0.05755	0.78624	0.03450	0.01586	0.00653	0.00207	0.00296	0.01438	0.00480	0.00419
6	0.00819	0.00633	0.00767	0.00763	0.00914	0.00633	0.00597	0.01244	0.14729	0.01816	0.33582	0.09596	0.14540	0.01138	0.00615	0.00184	0.00324	0.16060	0.00519	0.00527
7	0.01262	0.01224	0.01187	0.00948	0.01301	0.14962	0.00746	0.05139	0.06613	0.01656	0.01044	0.04228	0.00900	0.00531	0.00530	0.00114	0.07186	0.00393	0.00322	0.49716
8	0.01201	0.33994	0.31818	0.06183	0.12433	0.01528	0.01394	0.01589	0.02806	0.01459	0.00870	0.01041	0.00698	0.00470	0.00430	0.00141	0.00642	0.00357	0.00230	0.00716
9	0.01061	0.00910	0.01042	0.00778	0.01198	0.00737	0.00618	0.01423	0.09897	0.01709	0.01307	0.01396	0.05563	0.00472	0.00410	0.00093	0.00376	0.00383	0.00340	0.70287
10	0.00644	0.00521	0.00572	0.00559	0.00716	0.00449	0.00419	0.00809	0.01258	0.01597	0.28173	0.04592	0.55452	0.01221	0.00606	0.00170	0.00254	0.01034	0.00504	0.00449
11	0.00744	0.00507	0.00606	0.00606	0.00622	0.00523	0.00369	0.00776	0.00760	0.01029	0.01574	0.03122	0.01763	0.68257	0.16182	0.00555	0.00651	0.00712	0.00305	0.00337
12	0.01133	0.01045	0.06559	0.00935	0.01217	0.01019	0.00782	0.11217	0.35499	0.02148	0.22343	0.02568	0.09712	0.00823	0.00549	0.00167	0.00393	0.00691	0.00506	0.00693
13	0.00669	0.00494	0.00626	0.00653	0.00747	0.00451	0.00467	0.00836	0.01229	0.01668	0.38301	0.33791	0.15573	0.01301	0.00624	0.00181	0.00266	0.01155	0.00517	0.00451
14	0.07995	0.01154	0.01138	0.00900	0.01290	0.09225	0.00713	0.07678	0.14875	0.03736	0.01145	0.01212	0.00898	0.00484	0.00423	0.00114	0.00459	0.00371	0.00364	0.45823
15	0.01334	0.01131	0.01193	0.01056	0.01356	0.01303	0.00826	0.09131	0.71340	0.02240	0.02015	0.01856	0.01507	0.00689	0.00521	0.00172	0.00420	0.00570	0.00521	0.00817
16	0.01318	0.69831	0.14664	0.00969	0.01458	0.01899	0.01037	0.01550	0.01049	0.01272	0.00746	0.00864	0.00657	0.00447	0.00354	0.00118	0.00581	0.00291	0.00219	0.00674
17	0.67219	0.01311	0.00908	0.00817	0.01123	0.18444	0.00651	0.01627	0.01001	0.02072	0.00732	0.00854	0.00579	0.00488	0.00349	0.00153	0.00513	0.00289	0.00306	0.00564
18	0.00952	0.00672	0.00747	0.00679	0.00861	0.03595	0.00520	0.04751	0.01404	0.09079	0.40442	0.03652	0.25501	0.01026	0.00578	0.00162	0.00307	0.00873	0.03672	0.00528
19	0.13473	0.00970	0.01069	0.00879	0.01209	0.00982	0.00710	0.18162	0.09682	0.19715	0.03857	0.04950	0.09745	0.00731	0.00497	0.00156	0.00421	0.02756	0.00487	0.09548
20	0.00755	0.00584	0.00641	0.00633	0.00813	0.00528	0.00494	0.01003	0.06638	0.04516	0.10148	0.04619	0.55353	0.01226	0.00609	0.00179	0.00301	0.09982	0.00492	0.00486
21	0.01391	0.01258	0.01277	0.04710	0.06139	0.11228	0.00912	0.15438	0.36908	0.02069	0.01815	0.04822	0.03822	0.00734	0.00530	0.00169	0.00520	0.05068	0.00452	0.00738
22	0.01116	0.00870	0.01010	0.01001	0.06569	0.00934	0.00714	0.05532	0.34364	0.03795	0.21964	0.02500	0.06605	0.00789	0.00529	0.00162	0.00360	0.00672	0.09842	0.00673
23	0.00640	0.00521	0.00567	0.00555	0.00714	0.00448	0.00416	0.00802	0.01249	0.01575	0.25840	0.04627	0.57798	0.01229	0.00606	0.00170	0.00255	0.01039	0.00501	0.00448
24	0.01484	0.01075	0.05644	0.05031	0.17896	0.03402	0.07930	0.01793	0.03280	0.26881	0.12239	0.02145	0.01686	0.00683	0.00547	0.00165	0.00531	0.06417	0.00443	0.00729
25	0.47476	0.01361	0.01026	0.00897	0.01205	0.18878	0.00714	0.12451	0.04187	0.02175	0.00906	0.01005	0.00701	0.00522	0.00388	0.00151	0.00532	0.00337	0.04472	0.00616
26	0.01399	0.01163	0.01230	0.01069	0.01381	0.01334	0.00842	0.16309	0.64057	0.02345	0.01932	0.01790	0.01440	0.00681	0.00520	0.00170	0.00435	0.00559	0.00520	0.00823
27	0.01643	0.18256	0.04985	0.01244	0.04933	0.16647	0.04693	0.23281	0.01579	0.08206	0.05726	0.01286	0.01036	0.00580	0.00519	0.00145	0.03713	0.00433	0.00370	0.00723
28	0.02747	0.17363	0.05112	0.01243	0.06627	0.12138	0.00995	0.30603	0.07473	0.02134	0.01179	0.05944	0.00982	0.00624	0.00504	0.00149	0.02594	0.00469	0.00380	0.00740
29	0.85592	0.00992	0.00754	0.00675	0.00992	0.01151	0.00556	0.01508	0.00873	0.02302	0.00714	0.00834	0.00556	0.00476	0.00318	0.00159	0.00397	0.00278	0.00318	0.00556
30	0.00969	0.00912	0.01539	0.80734	0.03534	0.01140	0.01425	0.01311	0.01026	0.01311	0.00912	0.01368	0.00684	0.00513	0.00513	0.00171	0.00684	0.00456	0.00228	0.00570
31	0.00616	0.00510	0.00541	0.00564	0.00712	0.00435	0.00417	0.00742	0.01139	0.01378	0.04737	0.17520	0.64036	0.01353	0.00617	0.00181	0.00272	0.03321	0.00476	0.00432
32	0.00746	0.00497	0.00560	0.00560	0.00560	0.00497	0.00311	0.00746	0.00746	0.00995	0.01617	0.03358	0.01865	0.81967	0.02612	0.00497	0.00497	0.00746	0.00311	0.00311
33	0.00656	0.00471	0.00622	0.00732	0.00778	0.00444	0.00514	0.00763	0.01007	0.01331	0.02858	0.65460	0.06183	0.04654	0.00735	0.00222	0.00327	0.11352	0.00469	0.00421
34	0.79689	0.00984	0.00785	0.00692	0.01015	0.01123	0.00570	0.01579	0.00915	0.07746	0.00807	0.00898	0.00606	0.00488	0.00332	0.00159	0.00400	0.00295	0.00340	0.00578
35	0.65076	0.01080	0.00922	0.00790	0.01122	0.01239	0.00648	0.15236	0.06084	0.02460	0.00896	0.00975	0.00678	0.00516	0.00366	0.00159	0.00428	0.00330	0.00366	0.00629
36	0.01087	0.01166	0.07314	0.43907	0.27176	0.01188	0.06068	0.01435	0.01081	0.01467	0.00931	0.01312	0.00728	0.00498	0.00543	0.00166	0.02568	0.00460	0.00237	0.00667
37	0.01451	0.56777	0.10648	0.01035	0.01471	0.18481	0.01011	0.01655	0.01134	0.01262	0.00753	0.00873	0.00658	0.00463	0.00375	0.00120	0.00651	0.00298	0.00229	0.00656
38	0.85592	0.00992	0.00754	0.00675	0.00992	0.01151	0.00556	0.01508	0.00873	0.02302	0.00714	0.00834	0.00556	0.00476	0.00318	0.00159	0.00397	0.00278	0.00318	0.00556
39	0.01563	0.01315	0.01102	0.00941	0.01202	0.21094	0.00738	0.27480	0.01637	0.03401	0.01303	0.01425	0.00996	0.00587	0.00441	0.00135	0.00529	0.00436	0.33027	0.00649
40	0.00631	0.00451	0.00601	0.00710	0.00746	0.00421	0.00477	0.00730	0.01011	0.01355	0.07409	0.76922	0.03481	0.01574	0.00652	0.00206	0.00294	0.01427	0.00482	0.00421
41	0.00738	0.00532	0.00732	0.00732	0.00792	0.00591	0.00526	0.00857	0.00797	0.01123	0.01459	0.02483	0.01486	0.31048	0.53011	0.00711	0.01069	0.00618	0.00287	0.00407
42	0.01029	0.02654	0.79309	0.01462	0.02221	0.01192	0.01896	0.01625	0.01083	0.01625	0.00921	0.01083	0.00650	0.00487	0.00487	0.00162	0.00758	0.00379	0.00217	0.00758
43	0.00622	0.00510	0.00548	0.00561	0.00708	0.00436	0.00412	0.00758	0.01173	0.01448	0.12743	0.15703	0.59965	0.01316	0.00613	0.00177	0.00263	0.01120	0.00486	0.00436
44	0.01198	0.10619	0.03674	0.00901	0.01143	0.01024	0.00755	0.09347	0.10522	0.09829	0.17046	0.02088	0.01889	0.04311	0.17449	0.00311	0.05019	0.00580	0.01669	0.00627
45	0.00733	0.00550	0.00825	0.00825	0.00916	0.00641	0.00641	0.00916	0.00825	0.01191	0.01374	0.02016	0.01283	0.03848	0.79934	0.00825	0.01374	0.00550	0.00275	0.00458
46	0.01175	0.01279	0.02694	0.05512	0.04911	0.01241	0.62076	0.01538	0.01142	0.01557	0.01002	0.01379	0.00778	0.00555	0.00750	0.06192	0.04738	0.00575	0.00254	0.00651
47	0.02108	0.00955	0.01360	0.01315	0.14914	0.00867	0.00906	0.05117	0.01451	0.62701	0.01809	0.01644	0.01175	0.00603	0.00514	0.00157	0.00472	0.00504	0.00564	0.00863
48	0.01117	0.11995	0.59668	0.01427	0.02092	0.01304	0.07267	0.01621	0.01086	0.03386	0.00921	0.01092	0.00676	0.00497	0.00524	0.00159	0.03814	0.00389	0.00230	0.00737
49	0.06784	0.01148	0.01252	0.03537	0.01408	0.01257	0.00845	0.49087	0.03813	0.02623	0.01748	0.13300	0.06025	0.00826	0.00536	0.00168	0.00493	0.03935	0.00483	0.00732
50	0.31304	0.01353	0.01238	0.01009	0.01368	0.08293	0.00821	0.40291	0.05480	0.02680	0.01054	0.01098	0.00777	0.00563	0.00440	0.00155	0.00530	0.00392	0.00423	0.00734
51	0.00891	0.00446	0.00668	0.00668	0.00668	0.00446	0.00446	0.00668	0.00668	0.00891	0.00891	0.01560	0.00891	0.01783	0.02005	0.85071	0.00446	0.00446	0.00223	0.00223
52	0.04491	0.00514	0.00576	0.00577	0.00592	0.00520	0.00336	0.00774	0.00756	0.01058	0.01578	0.06056	0.01806	0.70524	0.02401	0.05592	0.00482	0.00734	0.00312	0.00320

[dist]
# distance from previous block
# <min> <max>
0	4

[block]
# block no. 6 follows, 48 sequences, length 23
# corresponding to MSA columns:
# 359-381
name=unknown_G
#
# <colnr> <probs for GDERKNQSTAVLIFYWHMCP>
#	G	D	E	R	K	N	Q	S	T	A	V	L	I	F	Y	W	H	M	C	P
0	0.80078	0.01022	0.00806	0.00708	0.01032	0.01180	0.00583	0.06488	0.00975	0.02364	0.00749	0.00860	0.00577	0.00486	0.00330	0.00158	0.00408	0.00290	0.00330	0.00577
1	0.01252	0.01201	0.02050	0.07852	0.74207	0.01214	0.01566	0.01559	0.01160	0.01654	0.00962	0.01276	0.00805	0.00461	0.00508	0.00154	0.00614	0.00457	0.00252	0.00798
2	0.00979	0.00925	0.01541	0.75794	0.03398	0.01167	0.01406	0.01306	0.01011	0.01306	0.00897	0.01353	0.00683	0.00537	0.00586	0.00174	0.05684	0.00456	0.00228	0.00569
3	0.01051	0.00513	0.00544	0.00521	0.00654	0.00503	0.00388	0.01266	0.01081	0.08260	0.01698	0.02021	0.01358	0.07474	0.00562	0.00155	0.00277	0.00504	0.70673	0.00497
4	0.01247	0.01136	0.01879	0.10654	0.60287	0.01168	0.01432	0.05772	0.01183	0.01663	0.00969	0.01302	0.00810	0.00582	0.00633	0.07221	0.00601	0.00456	0.00264	0.00743
5	0.01245	0.01193	0.02024	0.03051	0.75852	0.01190	0.01530	0.01543	0.01168	0.01665	0.01123	0.01407	0.03715	0.00489	0.00512	0.00153	0.00597	0.00481	0.00262	0.00799
6	0.00720	0.00562	0.00716	0.00762	0.05195	0.00511	0.00528	0.00926	0.01324	0.01786	0.46460	0.06977	0.27009	0.01124	0.00605	0.00169	0.00278	0.03349	0.00514	0.00484
7	0.01859	0.02326	0.01395	0.01271	0.01526	0.75093	0.00953	0.01997	0.01431	0.01296	0.00847	0.00985	0.00701	0.00533	0.00456	0.00131	0.00884	0.00339	0.05389	0.00588
8	0.01034	0.01007	0.01397	0.01228	0.01239	0.01369	0.01005	0.01144	0.00828	0.01251	0.01149	0.12181	0.04196	0.01010	0.01501	0.00220	0.66823	0.00611	0.00269	0.00537
9	0.01894	0.01409	0.01508	0.01169	0.01570	0.01565	0.00962	0.70870	0.08689	0.03143	0.01303	0.01289	0.00930	0.00623	0.00514	0.00156	0.00551	0.00472	0.00514	0.00868
10	0.01219	0.01548	0.19594	0.01710	0.11491	0.01245	0.22704	0.06195	0.22070	0.01886	0.04152	0.01527	0.01123	0.00553	0.00539	0.00167	0.00644	0.00532	0.00346	0.00757
11	0.44655	0.01165	0.01107	0.05435	0.01372	0.03778	0.00769	0.25540	0.01438	0.08900	0.01001	0.01069	0.00726	0.00538	0.00412	0.00157	0.00487	0.00368	0.00399	0.00685
12	0.01121	0.00833	0.00969	0.00901	0.03959	0.02920	0.00666	0.04515	0.12102	0.10177	0.05142	0.14407	0.13425	0.01055	0.05054	0.00193	0.00445	0.03348	0.00443	0.18325
13	0.00661	0.00475	0.00619	0.00702	0.00756	0.00445	0.00488	0.00778	0.01053	0.01409	0.13045	0.56530	0.06972	0.07049	0.00785	0.00222	0.00315	0.06796	0.00477	0.00423
14	0.01951	0.01437	0.01540	0.01181	0.01591	0.01591	0.00975	0.77056	0.02412	0.03234	0.01232	0.01232	0.00873	0.00616	0.00513	0.00154	0.00565	0.00462	0.00513	0.00873
15	0.00826	0.00573	0.00749	0.00727	0.00777	0.00634	0.00509	0.00914	0.00818	0.03862	0.01514	0.04992	0.01583	0.41053	0.29634	0.00562	0.06763	0.00662	0.02439	0.00409
16	0.00656	0.00482	0.00616	0.00703	0.00772	0.00447	0.00502	0.00777	0.01060	0.01387	0.07665	0.53038	0.15789	0.03447	0.00698	0.00210	0.00315	0.10530	0.00477	0.00428
17	0.00716	0.00520	0.00677	0.00667	0.00780	0.00481	0.00501	0.00935	0.01369	0.01908	0.61636	0.12690	0.08023	0.01147	0.00618	0.00172	0.00264	0.05876	0.00545	0.00473
18	0.01064	0.00912	0.01064	0.00760	0.01216	0.00684	0.00608	0.01292	0.01064	0.01672	0.00912	0.01064	0.00760	0.00380	0.00380	0.00076	0.00380	0.00304	0.00304	0.85104
19	0.10625	0.01363	0.01426	0.01116	0.01507	0.01519	0.00918	0.62985	0.08529	0.03046	0.01249	0.01247	0.00897	0.00608	0.00494	0.00156	0.00534	0.00453	0.00494	0.00834
20	0.00736	0.00499	0.00557	0.00557	0.00570	0.00493	0.00317	0.00745	0.00778	0.01024	0.01882	0.03475	0.07552	0.75987	0.02463	0.00473	0.00480	0.00771	0.00323	0.00320
21	0.00731	0.00504	0.00627	0.00649	0.00739	0.00463	0.00453	0.00864	0.01139	0.04392	0.25474	0.32510	0.15812	0.12184	0.00891	0.00226	0.00307	0.01109	0.00486	0.00442
22	0.01572	0.01446	0.01527	0.01655	0.21228	0.17121	0.01070	0.18378	0.20496	0.05165	0.01325	0.01399	0.01018	0.00699	0.03455	0.00179	0.00634	0.00469	0.00395	0.00771

[dist]
# distance from previous block
# <min> <max>
1	3

[block]
# block no. 7 follows, 48 sequences, length 36
# corresponding to MSA columns:
# 385-420
name=unknown_H
#
# <colnr> <probs for GDERKNQSTAVLIFYWHMCP>
#	G	D	E	R	K	N	Q	S	T	A	V	L	I	F	Y	W	H	M	C	P
0	0.00688	0.00481	0.00587	0.00642	0.00670	0.00465	0.00410	0.00745	0.00888	0.01174	0.02376	0.37364	0.07031	0.38264	0.03466	0.00354	0.00418	0.03210	0.00396	0.00372
1	0.06848	0.01244	0.01347	0.01077	0.01436	0.01375	0.00879	0.49542	0.13552	0.08041	0.02691	0.01444	0.01081	0.00853	0.06024	0.00204	0.00573	0.00486	0.00495	0.00809
2	0.01074	0.13137	0.69221	0.01386	0.02102	0.01302	0.01762	0.01613	0.01078	0.01570	0.00893	0.01049	0.00651	0.00481	0.00467	0.00156	0.00731	0.00365	0.00217	0.00745
3	0.01178	0.07608	0.39863	0.01204	0.01719	0.13288	0.01319	0.03987	0.03669	0.01664	0.11716	0.01535	0.02993	0.00590	0.00487	0.00149	0.00648	0.00460	0.00302	0.05622
4	0.01344	0.54459	0.21566	0.01059	0.01568	0.05061	0.01141	0.05999	0.01150	0.01431	0.00798	0.00916	0.00669	0.00465	0.00385	0.00126	0.00617	0.00314	0.00238	0.00693
5	0.09813	0.00989	0.01188	0.00899	0.01308	0.00903	0.03032	0.12432	0.02621	0.25959	0.01324	0.01321	0.00941	0.00514	0.00444	0.00126	0.00437	0.00407	0.02521	0.32820
6	0.00615	0.00520	0.00532	0.00529	0.00698	0.00437	0.00397	0.00753	0.01190	0.01435	0.10515	0.04858	0.73211	0.01281	0.00606	0.00172	0.00259	0.01072	0.00483	0.00437
