[name]
unknown

[dist]
# distance from previous block
# <min> <max>
0	108

[block]
# block no. 0 follows, 61 sequences, length 11
# corresponding to MSA columns:
# 111-121
name=unknown_A
#
# <colnr> <probs for GDERKNQSTAVLIFYWHMCP>
#	G	D	E	R	K	N	Q	S	T	A	V	L	I	F	Y	W	H	M	C	P
0	0.00872	0.05295	0.01049	0.00917	0.03648	0.08570	0.00712	0.00992	0.00871	0.01171	0.10520	0.10080	0.12603	0.00814	0.00866	0.00159	0.35840	0.01956	0.02617	0.00448
1	0.00911	0.00848	0.01295	0.50078	0.13175	0.03887	0.01094	0.01143	0.00875	0.03641	0.00934	0.03686	0.03357	0.00524	0.00578	0.00147	0.12680	0.00422	0.00219	0.00506
2	0.00523	0.00383	0.00492	0.00579	0.00619	0.00352	0.00391	0.00602	0.00844	0.01108	0.02625	0.74451	0.12817	0.01317	0.00545	0.00171	0.00246	0.01185	0.00400	0.00352
3	0.00798	0.00704	0.01078	0.25767	0.05461	0.03995	0.09699	0.00967	0.00871	0.01129	0.01455	0.05550	0.09589	0.05373	0.03263	0.10914	0.00498	0.09310	0.03158	0.00421
4	0.01146	0.13721	0.04494	0.19589	0.03640	0.22621	0.04938	0.05330	0.02928	0.03373	0.03574	0.03897	0.02295	0.00575	0.02638	0.00143	0.03934	0.00393	0.00248	0.00524
5	0.00813	0.00766	0.01292	0.83826	0.02967	0.00957	0.01196	0.01101	0.00861	0.01101	0.00766	0.01148	0.00574	0.00431	0.00431	0.00144	0.00574	0.00383	0.00191	0.00479
6	0.00937	0.02070	0.72607	0.01238	0.01844	0.00984	0.06628	0.01409	0.00936	0.06195	0.00835	0.00959	0.00584	0.00414	0.00417	0.00137	0.00626	0.00337	0.00205	0.00639
7	0.01020	0.00800	0.00884	0.00783	0.00989	0.00873	0.00619	0.20229	0.26300	0.03724	0.02183	0.11309	0.18782	0.00800	0.00519	0.00150	0.04373	0.04686	0.00412	0.00565
8	0.25991	0.00712	0.00664	0.02702	0.00805	0.08081	0.00480	0.00976	0.00774	0.01279	0.01209	0.04659	0.04565	0.22422	0.15304	0.00305	0.02044	0.03056	0.03582	0.00390
9	0.46758	0.00714	0.00673	0.00619	0.00807	0.00799	0.00481	0.07786	0.00853	0.03130	0.01116	0.13666	0.03363	0.05951	0.04738	0.05204	0.02132	0.00465	0.00301	0.00441
10	0.03331	0.00917	0.04188	0.07055	0.01086	0.12968	0.00649	0.09810	0.05103	0.05013	0.03710	0.03989	0.05068	0.05627	0.10068	0.00209	0.03273	0.00457	0.16992	0.00487

[dist]
# distance from previous block
# <min> <max>
3	16

[block]
# block no. 1 follows, 61 sequences, length 14
# corresponding to MSA columns:
# 138-151
name=unknown_B
#
# <colnr> <probs for GDERKNQSTAVLIFYWHMCP>
#	G	D	E	R	K	N	Q	S	T	A	V	L	I	F	Y	W	H	M	C	P
0	0.00847	0.00818	0.01425	0.58787	0.10525	0.00953	0.09914	0.01121	0.00886	0.01161	0.00931	0.04034	0.02975	0.00479	0.00478	0.00145	0.03369	0.00440	0.00209	0.00502
1	0.04233	0.06748	0.26189	0.02338	0.01644	0.11235	0.17544	0.16510	0.01171	0.01576	0.00857	0.03265	0.00670	0.00445	0.00419	0.00129	0.00597	0.00381	0.00254	0.03794
2	0.00719	0.00439	0.00511	0.00499	0.00525	0.00430	0.00296	0.00735	0.00683	0.06963	0.01438	0.07155	0.01598	0.74014	0.01972	0.00383	0.00405	0.00644	0.00289	0.00301
3	0.00649	0.00514	0.00756	0.00739	0.00804	0.00621	0.00579	0.00792	0.00696	0.01010	0.01153	0.06338	0.01117	0.02827	0.68661	0.00602	0.11017	0.00495	0.00235	0.00393
4	0.00988	0.01092	0.04337	0.06149	0.18994	0.01027	0.50945	0.01339	0.03445	0.01369	0.00957	0.05549	0.00789	0.00431	0.00484	0.00143	0.00634	0.00508	0.00231	0.00589
5	0.01414	0.01427	0.01063	0.00921	0.01149	0.40362	0.00712	0.24174	0.01401	0.01668	0.06975	0.01165	0.00956	0.00507	0.00396	0.00116	0.00556	0.00366	0.14128	0.00544
6	0.00562	0.00437	0.00502	0.00486	0.00603	0.00386	0.00359	0.00707	0.01069	0.01401	0.39514	0.03646	0.41821	0.05883	0.00607	0.00157	0.00223	0.00833	0.00426	0.00377
7	0.00794	0.00656	0.00674	0.00640	0.00735	0.06761	0.00451	0.01109	0.17179	0.01270	0.17287	0.04560	0.01905	0.33397	0.06355	0.00281	0.01681	0.00597	0.03260	0.00411
8	0.00893	0.00766	0.00893	0.00638	0.01021	0.00574	0.00510	0.01085	0.00893	0.01404	0.00766	0.00893	0.00638	0.00319	0.00319	0.00064	0.00319	0.00255	0.00255	0.87495
9	0.08324	0.06604	0.01198	0.04359	0.01304	0.62382	0.00786	0.03585	0.01152	0.01193	0.00707	0.00829	0.00581	0.00440	0.00371	0.00113	0.00679	0.00285	0.04610	0.00500
10	0.00625	0.00435	0.00531	0.00564	0.00606	0.00441	0.00375	0.00763	0.05645	0.01094	0.03716	0.34990	0.02038	0.30387	0.09075	0.00301	0.00396	0.00826	0.06843	0.00348
11	0.01149	0.00964	0.01017	0.00892	0.01150	0.01107	0.00700	0.12976	0.70584	0.01926	0.01655	0.01529	0.01236	0.00575	0.00437	0.00144	0.00359	0.00473	0.00437	0.00689
12	0.00559	0.00438	0.00506	0.00499	0.00620	0.00386	0.00376	0.00709	0.01077	0.01403	0.36793	0.06216	0.43971	0.01014	0.00513	0.00144	0.00219	0.03742	0.00431	0.00382
13	0.00751	0.07198	0.00853	0.00663	0.00834	0.00601	0.05726	0.05027	0.01107	0.04186	0.30275	0.07827	0.24516	0.02173	0.00518	0.00146	0.00302	0.06457	0.00401	0.00439

[dist]
# distance from previous block
# <min> <max>
0	1

[block]
# block no. 2 follows, 61 sequences, length 40
# corresponding to MSA columns:
# 153-192
name=unknown_C
#
# <colnr> <probs for GDERKNQSTAVLIFYWHMCP>
#	G	D	E	R	K	N	Q	S	T	A	V	L	I	F	Y	W	H	M	C	P
0	0.00698	0.00459	0.00582	0.00539	0.00662	0.00417	0.00409	0.00888	0.01179	0.07292	0.63895	0.03138	0.12896	0.00865	0.00494	0.00135	0.00216	0.00755	0.04057	0.00424
1	0.15015	0.13139	0.47087	0.00989	0.01486	0.01053	0.01158	0.01412	0.03636	0.07158	0.00820	0.00908	0.00600	0.00414	0.00368	0.00127	0.00524	0.00304	0.00232	0.03570
2	0.01000	0.00915	0.01456	0.03231	0.57583	0.00927	0.01092	0.06176	0.03370	0.01460	0.04535	0.01479	0.07866	0.00679	0.06211	0.00170	0.00512	0.00454	0.00261	0.00623
3	0.06977	0.00780	0.00880	0.00648	0.01014	0.00633	0.00518	0.01172	0.05899	0.01465	0.00816	0.00924	0.00668	0.00341	0.00323	0.00074	0.00321	0.00268	0.00267	0.76010
4	0.00946	0.00760	0.00861	0.00692	0.00971	0.04007	0.00537	0.05585	0.00969	0.06181	0.01185	0.19641	0.01157	0.00592	0.00421	0.00102	0.02942	0.00495	0.00311	0.51646
5	0.16925	0.00500	0.00489	0.00464	0.00605	0.00514	0.00358	0.01060	0.00924	0.04833	0.10587	0.01704	0.04075	0.00548	0.00331	0.00113	0.00233	0.00432	0.54880	0.00426
6	0.00624	0.00428	0.00523	0.00523	0.00541	0.00446	0.00327	0.00660	0.00642	0.00874	0.01309	0.02550	0.01449	0.65401	0.21494	0.00483	0.00593	0.00587	0.00254	0.00290
7	0.00522	0.00387	0.00487	0.00568	0.00616	0.00353	0.00386	0.00603	0.00855	0.01112	0.02763	0.68869	0.18309	0.01299	0.00542	0.00169	0.00244	0.01163	0.00400	0.00353
8	0.00813	0.00766	0.01292	0.83826	0.02967	0.00957	0.01196	0.01101	0.00861	0.01101	0.00766	0.01148	0.00574	0.00431	0.00431	0.00144	0.00574	0.00383	0.00191	0.00479
9	0.01066	0.01023	0.01748	0.02644	0.82174	0.01023	0.01322	0.01322	0.00981	0.01407	0.00810	0.01066	0.00682	0.00384	0.00426	0.00128	0.00512	0.00384	0.00213	0.00682
10	0.00626	0.00418	0.00470	0.00470	0.00470	0.00418	0.00261	0.00626	0.00626	0.00835	0.01357	0.02819	0.01566	0.84862	0.02192	0.00418	0.00418	0.00626	0.00261	0.00261
11	0.01387	0.01071	0.01139	0.00928	0.01225	0.01203	0.00749	0.47072	0.33711	0.02318	0.01332	0.01280	0.00976	0.00544	0.00430	0.00135	0.00413	0.00428	0.02956	0.00703
12	0.00893	0.00766	0.00893	0.00638	0.01021	0.00574	0.00510	0.01085	0.00893	0.01404	0.00766	0.00893	0.00638	0.00319	0.00319	0.00064	0.00319	0.00255	0.00255	0.87495
13	0.01143	0.73694	0.02055	0.00738	0.01075	0.06283	0.00711	0.01280	0.00895	0.01048	0.00694	0.03178	0.00647	0.00408	0.00292	0.00096	0.00460	0.00270	0.04497	0.00536
14	0.87904	0.00833	0.00633	0.00566	0.00833	0.00966	0.00467	0.01266	0.00733	0.01933	0.00600	0.00700	0.00467	0.00400	0.00267	0.00133	0.00333	0.00233	0.00267	0.00467
15	0.01065	0.00989	0.01628	0.24273	0.39453	0.01063	0.09001	0.11879	0.01081	0.01484	0.00826	0.01090	0.00653	0.00424	0.00468	0.00136	0.03235	0.00396	0.00236	0.00617
16	0.00734	0.00617	0.00907	0.00981	0.09353	0.00728	0.00695	0.00873	0.00758	0.01084	0.01253	0.10665	0.01292	0.06527	0.34368	0.00399	0.18969	0.09113	0.00257	0.00425
17	0.00593	0.00398	0.00500	0.00556	0.00579	0.00381	0.00354	0.00642	0.00762	0.02783	0.01990	0.53043	0.02344	0.31688	0.01144	0.00262	0.00313	0.00990	0.00352	0.00326
18	0.00530	0.00420	0.00477	0.00500	0.00604	0.00367	0.00361	0.00645	0.00977	0.01239	0.16685	0.26509	0.46905	0.01128	0.00520	0.00152	0.00225	0.00976	0.00412	0.00367
19	0.05637	0.00804	0.01022	0.00790	0.01120	0.00750	0.00651	0.12457	0.03133	0.66582	0.01565	0.01379	0.01002	0.00526	0.00426	0.00133	0.00379	0.00420	0.00506	0.00720
20	0.00626	0.00418	0.00470	0.00470	0.00470	0.00418	0.00261	0.00626	0.00626	0.00835	0.01357	0.02819	0.01566	0.84862	0.02192	0.00418	0.00418	0.00626	0.00261	0.00261
21	0.01619	0.01173	0.01264	0.00976	0.01315	0.01294	0.00804	0.73512	0.06189	0.05791	0.01098	0.01081	0.00776	0.00521	0.00431	0.00130	0.00463	0.00395	0.00435	0.00730
22	0.01381	0.00836	0.01046	0.00845	0.01089	0.03366	0.05251	0.21382	0.01299	0.29154	0.08183	0.09798	0.01392	0.07629	0.00638	0.00162	0.03865	0.00542	0.01545	0.00597
23	0.04522	0.70793	0.07223	0.00836	0.01222	0.01589	0.06354	0.01300	0.00882	0.01097	0.00629	0.00738	0.00556	0.00372	0.00300	0.00100	0.00485	0.00255	0.00190	0.00557
24	0.01016	0.01139	0.02410	0.01831	0.07760	0.01099	0.70111	0.01354	0.00992	0.01360	0.00848	0.01142	0.00650	0.00389	0.00559	0.00147	0.05906	0.00491	0.00216	0.00581
25	0.01116	0.06797	0.01134	0.12883	0.06230	0.06119	0.00780	0.04238	0.37637	0.07563	0.01387	0.03435	0.01090	0.01551	0.00443	0.00140	0.00420	0.02270	0.04161	0.00606
26	0.01558	0.01043	0.01165	0.00910	0.01211	0.01138	0.00749	0.57473	0.01728	0.14067	0.01143	0.01155	0.00812	0.00593	0.02438	0.00144	0.04111	0.00397	0.07480	0.00686
27	0.00535	0.00396	0.00500	0.00562	0.00620	0.00361	0.00388	0.00635	0.00912	0.01205	0.14659	0.58092	0.17092	0.01233	0.00536	0.00164	0.00237	0.01102	0.00411	0.00361
28	0.00855	0.04412	0.60733	0.01086	0.01571	0.00942	0.01313	0.01234	0.00863	0.01293	0.00845	0.03822	0.00675	0.00546	0.00563	0.06233	0.06471	0.00360	0.05617	0.00567
29	0.00561	0.00438	0.00508	0.00490	0.00613	0.00386	0.00368	0.00718	0.01104	0.01453	0.44140	0.03670	0.42043	0.00983	0.00509	0.00140	0.00211	0.00842	0.00438	0.00386
30	0.00617	0.00457	0.00667	0.00667	0.00735	0.00525	0.00507	0.00753	0.00685	0.00981	0.01177	0.01820	0.01132	0.12501	0.73960	0.00661	0.01070	0.00480	0.00234	0.00371
31	0.01048	0.03941	0.26440	0.04479	0.24702	0.02572	0.05942	0.08245	0.06026	0.03420	0.02928	0.02674	0.00801	0.00468	0.00472	0.00136	0.04425	0.00398	0.00252	0.00630
32	0.00617	0.00457	0.00669	0.00669	0.00737	0.00526	0.00509	0.00754	0.00685	0.00982	0.01175	0.01812	0.01129	0.11887	0.74569	0.00663	0.01076	0.00479	0.00234	0.00371
33	0.03876	0.00975	0.04524	0.23738	0.14775	0.05276	0.22325	0.01191	0.00946	0.01284	0.01152	0.06006	0.05858	0.00537	0.01301	0.00146	0.00559	0.01480	0.03525	0.00526
34	0.87904	0.00833	0.00633	0.00566	0.00833	0.00966	0.00467	0.01266	0.00733	0.01933	0.00600	0.00700	0.00467	0.00400	0.00267	0.00133	0.00333	0.00233	0.00267	0.00467
35	0.01133	0.00663	0.00796	0.00656	0.00886	0.00620	0.00520	0.13567	0.01245	0.21186	0.23401	0.04453	0.07697	0.00660	0.00434	0.00123	0.00301	0.00552	0.10013	0.11095
36	0.26204	0.00977	0.00990	0.00794	0.01099	0.03806	0.00649	0.30633	0.03826	0.21050	0.01081	0.01079	0.00762	0.01532	0.00401	0.00133	0.00406	0.00354	0.01916	0.02304
37	0.02522	0.00807	0.01085	0.09253	0.01323	0.00796	0.03435	0.16340	0.01288	0.46449	0.02559	0.01456	0.01012	0.00650	0.04054	0.00159	0.00447	0.02307	0.03398	0.00660
38	0.04165	0.00642	0.00837	0.00684	0.00930	0.00581	0.00549	0.03921	0.01211	0.48745	0.24818	0.04785	0.01965	0.00656	0.00449	0.00134	0.00312	0.00551	0.03459	0.00606
39	0.19111	0.00901	0.03918	0.04326	0.01296	0.03615	0.11230	0.03170	0.01076	0.40271	0.01270	0.01357	0.00890	0.00500	0.00412	0.00137	0.00440	0.03841	0.01622	0.00618

[dist]
# distance from previous block
# <min> <max>
13	23

[block]
# block no. 3 follows, 61 sequences, length 11
# corresponding to MSA columns:
# 218-228
name=unknown_D
#
# <colnr> <probs for GDERKNQSTAVLIFYWHMCP>
#	G	D	E	R	K	N	Q	S	T	A	V	L	I	F	Y	W	H	M	C	P
0	0.10483	0.07158	0.03473	0.03500	0.06402	0.09943	0.02498	0.35885	0.03496	0.03160	0.00883	0.00973	0.00671	0.00483	0.00461	0.00129	0.06142	0.00349	0.01571	0.02341
1	0.00915	0.11780	0.08736	0.00789	0.01004	0.03159	0.03366	0.09462	0.06434	0.01323	0.05444	0.06376	0.02547	0.20448	0.06882	0.00237	0.04639	0.00500	0.01436	0.04525
2	0.03227	0.13677	0.10804	0.11241	0.03624	0.05957	0.04972	0.01140	0.02113	0.02808	0.08023	0.05784	0.03087	0.03913	0.08955	0.00203	0.09266	0.00459	0.00252	0.00494
3	0.00562	0.00450	0.00494	0.00503	0.00624	0.00399	0.00369	0.03478	0.01006	0.01258	0.11143	0.22266	0.53703	0.01110	0.00515	0.00151	0.00233	0.00950	0.00408	0.00378
4	0.01014	0.00849	0.01295	0.56847	0.11621	0.03211	0.01104	0.03660	0.05560	0.09308	0.00925	0.01183	0.00682	0.00447	0.00430	0.00140	0.00536	0.00391	0.00250	0.00547
5	0.02969	0.01207	0.01311	0.05254	0.07630	0.17810	0.09046	0.27454	0.06851	0.05304	0.01070	0.03699	0.00863	0.02750	0.00478	0.00139	0.00536	0.02279	0.02748	0.00603
6	0.01123	0.05068	0.03523	0.06371	0.13149	0.13915	0.19033	0.06851	0.05660	0.03528	0.04615	0.04844	0.00949	0.02468	0.00558	0.00144	0.06916	0.00454	0.00268	0.00563
7	0.00727	0.00494	0.00557	0.00529	0.00683	0.00437	0.00400	0.04297	0.01051	0.10308	0.09754	0.15356	0.51769	0.01025	0.00503	0.00147	0.00249	0.00869	0.00422	0.00422
8	0.00626	0.00418	0.00470	0.00470	0.00470	0.00418	0.00261	0.00626	0.00626	0.00835	0.01357	0.02819	0.01566	0.84862	0.02192	0.00418	0.00418	0.00626	0.00261	0.00261
9	0.05370	0.16073	0.22241	0.02942	0.04072	0.14897	0.00976	0.10754	0.02834	0.03373	0.00809	0.00938	0.00637	0.00593	0.05189	0.00153	0.02413	0.00317	0.00245	0.05174
10	0.00917	0.00848	0.03636	0.42536	0.11436	0.00926	0.04481	0.05091	0.09971	0.03108	0.01044	0.05688	0.00872	0.04506	0.02989	0.00172	0.00533	0.00458	0.00257	0.00532

[dist]
# distance from previous block
# <min> <max>
13	30

[block]
# block no. 4 follows, 61 sequences, length 26
# corresponding to MSA columns:
# 261-286
name=unknown_E
#
# <colnr> <probs for GDERKNQSTAVLIFYWHMCP>
#	G	D	E	R	K	N	Q	S	T	A	V	L	I	F	Y	W	H	M	C	P
0	0.03530	0.02361	0.28079	0.01236	0.08696	0.02173	0.10948	0.10328	0.00978	0.01405	0.00846	0.01135	0.00694	0.04118	0.07587	0.07446	0.07274	0.00385	0.00229	0.00550
1	0.00905	0.00961	0.02895	0.01386	0.01660	0.00979	0.44846	0.01203	0.03472	0.01290	0.05388	0.04383	0.00989	0.00924	0.12897	0.00234	0.14310	0.00518	0.00242	0.00520
2	0.00523	0.00382	0.00493	0.00581	0.00620	0.00351	0.00392	0.00602	0.00843	0.01107	0.02603	0.75323	0.11959	0.01320	0.00545	0.00172	0.00246	0.01188	0.00400	0.00351
3	0.01468	0.06411	0.01295	0.01093	0.01284	0.64404	0.00846	0.01577	0.01104	0.01049	0.00645	0.00801	0.00557	0.00494	0.00561	0.00123	0.15285	0.00292	0.00214	0.00497
4	0.00813	0.00766	0.01292	0.83826	0.02967	0.00957	0.01196	0.01101	0.00861	0.01101	0.00766	0.01148	0.00574	0.00431	0.00431	0.00144	0.00574	0.00383	0.00191	0.00479
5	0.00864	0.02228	0.82630	0.01228	0.01864	0.01000	0.01592	0.01364	0.00909	0.01364	0.00773	0.00909	0.00546	0.00409	0.00409	0.00136	0.00637	0.00318	0.00182	0.00637
6	0.00732	0.00408	0.00429	0.00429	0.00489	0.00408	0.00285	0.00852	0.00792	0.01297	0.01386	0.02092	0.01289	0.34334	0.01060	0.00228	0.00288	0.00492	0.52366	0.00345
7	0.01637	0.01207	0.01293	0.00991	0.01336	0.01336	0.00819	0.80738	0.02025	0.02715	0.01034	0.01034	0.00733	0.00517	0.00431	0.00129	0.00474	0.00388	0.00431	0.00733
8	0.00692	0.00434	0.00552	0.00582	0.00673	0.00390	0.00413	0.00796	0.00939	0.10536	0.10091	0.51928	0.18018	0.01162	0.00525	0.00161	0.00253	0.01031	0.00422	0.00402
9	0.00626	0.00418	0.00474	0.00472	0.00476	0.00417	0.00266	0.00633	0.00648	0.00868	0.04309	0.02833	0.01658	0.81786	0.02131	0.00407	0.00410	0.00632	0.00269	0.00266
10	0.00886	0.00700	0.00766	0.00721	0.00879	0.00765	0.00536	0.07907	0.36972	0.01556	0.03524	0.21341	0.05831	0.10486	0.00664	0.00180	0.00323	0.00691	0.04746	0.00524
11	0.02736	0.36467	0.26088	0.10517	0.01597	0.11700	0.02912	0.01347	0.00928	0.01160	0.00685	0.00831	0.00554	0.00398	0.00353	0.00116	0.00570	0.00287	0.00192	0.00562
12	0.01173	0.56879	0.12044	0.03283	0.01278	0.14833	0.00863	0.01357	0.00936	0.01080	0.00654	0.00766	0.00565	0.00391	0.00316	0.00102	0.00532	0.00257	0.02141	0.00549
13	0.64489	0.00884	0.00778	0.02668	0.00979	0.01004	0.00551	0.15544	0.00994	0.05543	0.00749	0.00826	0.00558	0.00430	0.00308	0.00132	0.00363	0.00277	0.02399	0.00525
14	0.00869	0.00805	0.01285	0.56386	0.12837	0.02213	0.02931	0.03420	0.00889	0.01162	0.00844	0.01317	0.00708	0.10150	0.00654	0.00173	0.02244	0.00412	0.00210	0.00490
15	0.00639	0.00491	0.00708	0.00691	0.00759	0.00571	0.00532	0.00783	0.00746	0.01074	0.10425	0.01897	0.01420	0.08872	0.61611	0.00571	0.07064	0.00504	0.00258	0.00384
16	0.00696	0.00453	0.00586	0.00555	0.00668	0.00414	0.00415	0.00876	0.01153	0.07559	0.60236	0.12467	0.08227	0.00912	0.00502	0.00140	0.00221	0.00803	0.02697	0.00421
17	0.00526	0.00418	0.00475	0.00514	0.00614	0.00367	0.00373	0.00630	0.00932	0.01158	0.04898	0.32126	0.48894	0.01182	0.00528	0.00158	0.00238	0.05205	0.00401	0.00361
18	0.00721	0.00456	0.00579	0.00564	0.00680	0.00410	0.00416	0.00869	0.01073	0.10752	0.37463	0.24669	0.17701	0.01003	0.00511	0.00147	0.00237	0.00881	0.00448	0.00421
19	0.53354	0.00777	0.00757	0.00634	0.00915	0.00820	0.00521	0.01530	0.00933	0.29808	0.05438	0.01103	0.00871	0.00472	0.00337	0.00133	0.00338	0.00332	0.00370	0.00556
20	0.01562	0.00989	0.01123	0.00879	0.01188	0.01045	0.00719	0.48438	0.05802	0.21911	0.10545	0.01420	0.01227	0.00566	0.00441	0.00132	0.00410	0.00449	0.00461	0.00693
21	0.01514	0.00740	0.00986	0.03498	0.05250	0.00698	0.00677	0.10777	0.01262	0.47733	0.08494	0.01996	0.05828	0.00641	0.00458	0.00140	0.00374	0.07822	0.00469	0.00643
22	0.04556	0.00980	0.10327	0.00834	0.02352	0.04983	0.01550	0.11056	0.05468	0.29386	0.02454	0.04152	0.05997	0.00571	0.00433	0.00132	0.01995	0.00456	0.11712	0.00608
23	0.07777	0.00700	0.00833	0.02231	0.00903	0.02601	0.01555	0.10067	0.00935	0.01344	0.05723	0.04200	0.08606	0.15558	0.14070	0.00284	0.13565	0.05773	0.00299	0.02979
24	0.07599	0.00507	0.00551	0.00532	0.00683	0.00483	0.00406	0.00859	0.04812	0.05443	0.10014	0.07476	0.47296	0.01225	0.09997	0.00208	0.00349	0.00764	0.00385	0.00411
25	0.01250	0.00966	0.01054	0.05244	0.01230	0.07402	0.00678	0.17525	0.05705	0.12893	0.01935	0.01075	0.00782	0.00444	0.00421	0.00105	0.03731	0.00339	0.00334	0.36887

[dist]
# distance from previous block
# <min> <max>
2	4

[block]
# block no. 5 follows, 61 sequences, length 12
# corresponding to MSA columns:
# 291-302
name=unknown_F
#
# <colnr> <probs for GDERKNQSTAVLIFYWHMCP>
#	G	D	E	R	K	N	Q	S	T	A	V	L	I	F	Y	W	H	M	C	P
0	0.01098	0.00877	0.01103	0.30556	0.01759	0.05279	0.00830	0.13756	0.01104	0.09424	0.01103	0.01260	0.05490	0.00500	0.00458	0.02061	0.02378	0.00385	0.00291	0.20287
1	0.00801	0.00668	0.00851	0.12865	0.01185	0.00637	0.00593	0.01077	0.08772	0.01289	0.05245	0.06379	0.01153	0.09704	0.10540	0.00207	0.00459	0.00445	0.00281	0.36848
2	0.05813	0.05427	0.07871	0.03235	0.14655	0.04813	0.09394	0.07230	0.00938	0.01357	0.00818	0.05469	0.00732	0.00595	0.01909	0.00154	0.24573	0.00410	0.00234	0.04374
3	0.00819	0.09516	0.00851	0.09358	0.00933	0.00661	0.00514	0.00918	0.00750	0.08412	0.01195	0.02011	0.01186	0.38866	0.21845	0.00397	0.00618	0.00500	0.00263	0.00389
4	0.00681	0.00569	0.00728	0.00722	0.00796	0.05448	0.00553	0.00817	0.00734	0.01011	0.01230	0.10361	0.01221	0.05085	0.63224	0.00571	0.05081	0.00532	0.00247	0.00388
5	0.00813	0.13413	0.15675	0.00945	0.01208	0.00896	0.12114	0.01044	0.00941	0.01294	0.17421	0.13864	0.06100	0.00755	0.02002	0.00153	0.09982	0.00599	0.00291	0.00490
6	0.00799	0.00951	0.12629	0.09778	0.07646	0.06280	0.05069	0.04440	0.01030	0.01327	0.10274	0.10860	0.25664	0.00765	0.00472	0.00142	0.00417	0.00659	0.00319	0.00480
7	0.00643	0.00493	0.00708	0.00693	0.00752	0.00582	0.00528	0.00769	0.00680	0.00978	0.01138	0.01804	0.01111	0.15465	0.64309	0.00610	0.07652	0.00480	0.00232	0.00373
8	0.01205	0.00899	0.01008	0.00795	0.01122	0.00884	0.00637	0.17275	0.26022	0.10322	0.01222	0.01202	0.00911	0.00463	0.00390	0.00109	0.00361	0.00372	0.00376	0.34427
9	0.01385	0.43020	0.01737	0.00918	0.01220	0.37749	0.00784	0.06504	0.01101	0.01139	0.00656	0.00751	0.00565	0.00411	0.00336	0.00103	0.00602	0.00261	0.00217	0.00540
10	0.01078	0.01234	0.00865	0.00841	0.00980	0.42257	0.00613	0.01183	0.01064	0.01124	0.07075	0.30280	0.08020	0.00839	0.00462	0.00138	0.00511	0.00690	0.00315	0.00430
11	0.00797	0.05015	0.38600	0.00894	0.01204	0.00810	0.00963	0.01022	0.00764	0.01094	0.00927	0.01536	0.00885	0.26694	0.01169	0.09421	0.07121	0.00420	0.00208	0.00456

[dist]
# distance from previous block
# <min> <max>
0	5

[block]
# block no. 6 follows, 61 sequences, length 18
# corresponding to MSA columns:
# 308-325
name=unknown_G
#
# <colnr> <probs for GDERKNQSTAVLIFYWHMCP>
#	G	D	E	R	K	N	Q	S	T	A	V	L	I	F	Y	W	H	M	C	P
0	0.01095	0.25411	0.01297	0.00723	0.01035	0.04110	0.01740	0.01252	0.00945	0.12599	0.01154	0.07948	0.04244	0.00514	0.00385	0.00103	0.02237	0.02167	0.00291	0.30750
1	0.02889	0.15165	0.01467	0.42567	0.16020	0.02962	0.01045	0.04754	0.00949	0.01243	0.02622	0.04871	0.00774	0.00467	0.00406	0.00132	0.00516	0.00399	0.00223	0.00531
2	0.01267	0.00897	0.00971	0.00811	0.01048	0.02558	0.00640	0.38471	0.11118	0.07919	0.04806	0.12690	0.02413	0.03931	0.00508	0.00146	0.00384	0.00548	0.08270	0.00603
3	0.01030	0.18208	0.05882	0.00743	0.01131	0.03321	0.02617	0.01228	0.00923	0.06033	0.00786	0.00889	0.00638	0.00352	0.00329	0.00081	0.00393	0.00271	0.00251	0.54896
4	0.00712	0.00445	0.00587	0.00628	0.00699	0.00422	0.00444	0.00801	0.00880	0.11051	0.02372	0.65196	0.08488	0.01208	0.00565	0.00168	0.03452	0.01072	0.00408	0.00402
5	0.00794	0.01702	0.58642	0.01019	0.01474	0.00837	0.01219	0.01157	0.00831	0.01219	0.00932	0.01403	0.00816	0.20450	0.05521	0.00234	0.00614	0.00399	0.00203	0.00534
6	0.01247	0.64942	0.04061	0.00816	0.01174	0.09324	0.00777	0.11045	0.01049	0.01234	0.00663	0.00747	0.00575	0.00395	0.00309	0.00100	0.00497	0.00256	0.00218	0.00572
7	0.00613	0.00459	0.00674	0.00674	0.00750	0.00528	0.00519	0.00758	0.00698	0.00998	0.01262	0.01819	0.03609	0.06831	0.76954	0.00663	0.01092	0.00483	0.00237	0.00378
8	0.01285	0.00960	0.01036	0.00860	0.01134	0.01057	0.00688	0.33819	0.33300	0.07060	0.05005	0.01638	0.07678	0.00606	0.00442	0.00137	0.00379	0.00488	0.01765	0.00664
9	0.00555	0.00401	0.00483	0.00530	0.00573	0.00374	0.00347	0.00619	0.00810	0.01058	0.05520	0.43155	0.16677	0.25681	0.01021	0.00239	0.00291	0.00976	0.00362	0.00329
10	0.00810	0.00736	0.01021	0.00910	0.00928	0.00976	0.00726	0.00901	0.00661	0.00992	0.00844	0.01453	0.00864	0.16425	0.20551	0.00347	0.49788	0.00441	0.00211	0.00413
11	0.00533	0.00394	0.00500	0.00572	0.00626	0.00361	0.00396	0.00628	0.00888	0.01166	0.09125	0.62162	0.16468	0.01263	0.00541	0.00167	0.00245	0.03202	0.00406	0.00358
12	0.00578	0.00439	0.00532	0.00509	0.00624	0.00393	0.00382	0.00752	0.01145	0.01551	0.57645	0.03508	0.28477	0.00947	0.00508	0.00139	0.00208	0.00820	0.00451	0.00393
13	0.01166	0.78744	0.02181	0.00766	0.01117	0.05393	0.00748	0.01302	0.00884	0.01016	0.00601	0.00703	0.00553	0.00384	0.00317	0.00096	0.03059	0.00237	0.00186	0.00548
14	0.00522	0.00388	0.00486	0.00565	0.00616	0.00353	0.00385	0.00604	0.00858	0.01113	0.02792	0.67683	0.19477	0.01295	0.00541	0.00169	0.00243	0.01158	0.00400	0.00353
15	0.00899	0.00943	0.05898	0.12511	0.19217	0.00994	0.10281	0.02107	0.00901	0.01279	0.09145	0.01416	0.04229	0.00704	0.04597	0.00177	0.23475	0.00457	0.00240	0.00529
16	0.08585	0.02187	0.05595	0.01234	0.13276	0.14151	0.10565	0.07362	0.04589	0.03784	0.04544	0.10608	0.01090	0.02451	0.00526	0.00144	0.05405	0.00487	0.02874	0.00543
17	0.87904	0.00833	0.00633	0.00566	0.00833	0.00966	0.00467	0.01266	0.00733	0.01933	0.00600	0.00700	0.00467	0.00400	0.00267	0.00133	0.00333	0.00233	0.00267	0.00467

[dist]
# distance from previous block
# <min> <max>
0	1

[block]
# block no. 7 follows, 61 sequences, length 8
# corresponding to MSA columns:
# 327-334
name=unknown_H
#
# <colnr> <probs for GDERKNQSTAVLIFYWHMCP>
#	G	D	E	R	K	N	Q	S	T	A	V	L	I	F	Y	W	H	M	C	P
0	0.00551	0.00411	0.00502	0.00534	0.00609	0.00373	0.00374	0.00664	0.00958	0.01268	0.24339	0.36864	0.23067	0.06678	0.00637	0.00173	0.00240	0.00985	0.00411	0.00363
1	0.01111	0.00777	0.00848	0.06193	0.01045	0.00859	0.00596	0.25359	0.17926	0.01948	0.01323	0.01403	0.01001	0.00519	0.00377	0.00121	0.00337	0.00414	0.37278	0.00565
2	0.01156	0.68622	0.02127	0.00837	0.01174	0.01619	0.04413	0.06069	0.00932	0.01135	0.00635	0.00756	0.00569	0.00412	0.00399	0.00105	0.08015	0.00266	0.00201	0.00558
3	0.01168	0.00919	0.01079	0.10395	0.05376	0.01030	0.00766	0.22563	0.34864	0.04792	0.04312	0.01536	0.03369	0.03511	0.00525	0.01900	0.00407	0.00467	0.00389	0.00631
4	0.00695	0.00606	0.00928	0.30544	0.10190	0.00663	0.00785	0.00883	0.00878	0.01149	0.03803	0.20300	0.15868	0.01066	0.09535	0.00209	0.00486	0.00683	0.00289	0.00439
5	0.00976	0.08646	0.06566	0.13046	0.08086	0.07468	0.06318	0.03670	0.02050	0.01198	0.01071	0.01337	0.07813	0.03744	0.00768	0.00157	0.24308	0.00421	0.01849	0.00510
6	0.00605	0.00420	0.00508	0.00530	0.00554	0.00420	0.00339	0.00649	0.00701	0.00935	0.01692	0.17016	0.05494	0.53666	0.10697	0.00383	0.00460	0.04333	0.00294	0.00301
7	0.00997	0.01080	0.07429	0.16962	0.41835	0.06743	0.02707	0.01253	0.00951	0.01303	0.00848	0.03952	0.00722	0.00486	0.02176	0.00138	0.00541	0.00392	0.00219	0.09268

[dist]
# distance from previous block
# <min> <max>
0	1

[block]
# block no. 8 follows, 61 sequences, length 34
# corresponding to MSA columns:
# 336-344,355-379
name=unknown_I
#
# <colnr> <probs for GDERKNQSTAVLIFYWHMCP>
#	G	D	E	R	K	N	Q	S	T	A	V	L	I	F	Y	W	H	M	C	P
0	0.01152	0.85121	0.02257	0.00737	0.01106	0.01704	0.00737	0.01290	0.00875	0.01013	0.00599	0.00691	0.00553	0.00369	0.00276	0.00092	0.00461	0.00230	0.00184	0.00553
1	0.01103	0.00943	0.01403	0.01836	0.46483	0.00983	0.01019	0.19353	0.01153	0.01607	0.00951	0.01284	0.00818	0.07779	0.11180	0.00225	0.00578	0.00415	0.00269	0.00621
2	0.00528	0.00436	0.00456	0.00452	0.00584	0.00372	0.00334	0.00644	0.00994	0.01219	0.14152	0.03957	0.67782	0.05465	0.00597	0.00158	0.00227	0.00878	0.00402	0.00364
3	0.00747	0.00566	0.00773	0.00701	0.00819	0.00586	0.04989	0.09135	0.00990	0.01359	0.19762	0.02534	0.05281	0.19905	0.23514	0.00355	0.00584	0.06658	0.00333	0.00410
4	0.00525	0.00388	0.00492	0.00574	0.00622	0.00355	0.00392	0.00608	0.00855	0.01114	0.02723	0.69043	0.16783	0.01301	0.00543	0.00170	0.00247	0.02511	0.00400	0.00353
5	0.01629	0.01193	0.01229	0.00954	0.01289	0.07789	0.00780	0.60474	0.01802	0.12064	0.01069	0.01057	0.00753	0.00502	0.00421	0.00125	0.00477	0.00377	0.00416	0.05599
6	0.00999	0.01040	0.01356	0.01154	0.01188	0.07892	0.03823	0.01104	0.00718	0.01051	0.00585	0.00937	0.00568	0.00715	0.01298	0.00181	0.74350	0.00374	0.00192	0.00477
7	0.01609	0.02053	0.01221	0.01110	0.01332	0.83132	0.00832	0.01720	0.01221	0.01054	0.00666	0.00777	0.00555	0.00444	0.00388	0.00111	0.00777	0.00277	0.00222	0.00499
8	0.00924	0.00974	0.01876	0.01447	0.02959	0.01045	0.44246	0.01179	0.00865	0.01223	0.00844	0.01202	0.00710	0.00992	0.15988	0.00257	0.22073	0.00464	0.00213	0.00518
9	0.76224	0.00884	0.00722	0.00624	0.00901	0.01016	0.00514	0.12027	0.00908	0.02039	0.00659	0.00745	0.00503	0.00416	0.00289	0.00133	0.00352	0.00254	0.00289	0.00503
10	0.00555	0.00417	0.00514	0.00535	0.00621	0.00376	0.00384	0.00690	0.01023	0.01368	0.34824	0.31471	0.23457	0.01096	0.00523	0.00152	0.00223	0.00966	0.00430	0.00376
11	0.01068	0.00788	0.00951	0.00818	0.01014	0.00887	0.00657	0.35938	0.01282	0.01765	0.01106	0.01401	0.00926	0.01988	0.45278	0.00434	0.00838	0.00428	0.01894	0.00538
12	0.00664	0.00427	0.00561	0.00587	0.00667	0.00391	0.00417	0.00788	0.00988	0.07844	0.27204	0.48706	0.06865	0.01125	0.00525	0.00158	0.00243	0.01007	0.00434	0.00399
13	0.00695	0.00488	0.00689	0.00664	0.00742	0.00545	0.00504	0.00831	0.00779	0.04969	0.12230	0.02015	0.01531	0.14304	0.52498	0.00526	0.04795	0.00523	0.00281	0.00391
14	0.27399	0.08908	0.06665	0.04273	0.34479	0.08915	0.00975	0.01336	0.00910	0.01483	0.00709	0.00885	0.00580	0.00396	0.00360	0.00126	0.00488	0.00310	0.00225	0.00578
15	0.01264	0.31681	0.10940	0.07820	0.01437	0.16283	0.00918	0.17842	0.01168	0.01423	0.00733	0.00854	0.00592	0.00443	0.00417	0.00118	0.04943	0.00302	0.00243	0.00580
16	0.00966	0.00759	0.00845	0.00795	0.02901	0.00819	0.00598	0.05403	0.43584	0.06200	0.08398	0.08843	0.15142	0.00754	0.00466	0.00146	0.00315	0.02056	0.00430	0.00581
17	0.00534	0.00397	0.00496	0.00555	0.00615	0.00361	0.00382	0.00632	0.00905	0.01189	0.13037	0.55334	0.19843	0.02889	0.00568	0.00168	0.00240	0.01088	0.00407	0.00358
18	0.01843	0.00716	0.00977	0.00768	0.01085	0.00623	0.00638	0.02012	0.01215	0.76578	0.01742	0.01713	0.01169	0.00581	0.00445	0.00138	0.00369	0.06158	0.00523	0.00709
19	0.00568	0.00442	0.00518	0.00510	0.00632	0.00392	0.00389	0.00725	0.01089	0.01425	0.38995	0.03781	0.41285	0.01004	0.00515	0.00145	0.00224	0.06541	0.00433	0.00385
20	0.00599	0.00440	0.00572	0.00656	0.00712	0.00434	0.00474	0.00787	0.07335	0.01189	0.02308	0.63865	0.02660	0.01260	0.00549	0.00177	0.00283	0.14912	0.00402	0.00385
21	0.01637	0.01207	0.01293	0.00991	0.01336	0.01336	0.00819	0.80738	0.02025	0.02715	0.01034	0.01034	0.00733	0.00517	0.00431	0.00129	0.00474	0.00388	0.00431	0.00733
22	0.00716	0.00620	0.00779	0.19234	0.01224	0.04910	0.00619	0.00961	0.04688	0.01418	0.38725	0.03771	0.12208	0.00965	0.07130	0.00183	0.00402	0.00648	0.00366	0.00432
23	0.00856	0.00821	0.01604	0.01231	0.01491	0.00796	0.42825	0.01113	0.00924	0.01329	0.01246	0.15971	0.01154	0.00812	0.07355	0.00189	0.03207	0.00607	0.15981	0.00488
24	0.00876	0.00851	0.01275	0.22900	0.01602	0.01138	0.02751	0.01034	0.00724	0.01057	0.00686	0.01079	0.00623	0.00916	0.09596	0.00228	0.51614	0.00390	0.00194	0.00467
25	0.01017	0.01162	0.02542	0.01816	0.02251	0.01089	0.80610	0.01380	0.01017	0.01380	0.00871	0.01162	0.00654	0.00363	0.00508	0.00145	0.00726	0.00508	0.00218	0.00581
26	0.00943	0.00680	0.00694	0.00645	0.00814	0.03061	0.00500	0.04001	0.30931	0.02640	0.04869	0.01850	0.04087	0.00596	0.00388	0.00126	0.00289	0.03760	0.38607	0.00522
27	0.00523	0.00437	0.00456	0.00458	0.00597	0.00371	0.00346	0.00641	0.00997	0.01207	0.09896	0.05524	0.72437	0.01083	0.00512	0.00147	0.00223	0.03372	0.00405	0.00368
28	0.00899	0.16154	0.08084	0.00968	0.01105	0.01185	0.00867	0.01049	0.00727	0.01051	0.00722	0.01065	0.00678	0.01219	0.19715	0.00281	0.43189	0.00365	0.00197	0.00480
29	0.00545	0.00428	0.00495	0.00517	0.00625	0.00378	0.00384	0.00672	0.00995	0.01269	0.18873	0.21189	0.44280	0.01112	0.00524	0.00154	0.00235	0.06539	0.00414	0.00371
30	0.00599	0.00425	0.00543	0.00558	0.00597	0.00438	0.00375	0.00672	0.00724	0.00985	0.05269	0.16138	0.05975	0.39023	0.25350	0.00430	0.00584	0.00699	0.00292	0.00324
31	0.00986	0.01454	0.28924	0.03272	0.04464	0.03002	0.31139	0.05746	0.00976	0.01363	0.00805	0.01051	0.00618	0.00505	0.00622	0.06484	0.07402	0.00405	0.00213	0.00570
32	0.00546	0.00427	0.00494	0.00501	0.00610	0.00375	0.00367	0.00680	0.01033	0.01341	0.29937	0.18207	0.41811	0.01067	0.00516	0.00147	0.00219	0.00922	0.00425	0.00375
33	0.00886	0.12115	0.01001	0.05737	0.00996	0.06726	0.02004	0.01058	0.02794	0.07182	0.22304	0.17307	0.07788	0.02816	0.00577	0.00148	0.07088	0.00664	0.00351	0.00459

[dist]
# distance from previous block
# <min> <max>
1	3

[block]
# block no. 9 follows, 61 sequences, length 11
# corresponding to MSA columns:
# 383-393
name=unknown_J
#
# <colnr> <probs for GDERKNQSTAVLIFYWHMCP>
#	G	D	E	R	K	N	Q	S	T	A	V	L	I	F	Y	W	H	M	C	P
0	0.78347	0.00843	0.00687	0.00599	0.00873	0.00960	0.00493	0.04840	0.00824	0.07342	0.00692	0.00766	0.00518	0.00414	0.00285	0.00133	0.00342	0.00253	0.00292	0.00496
1	0.00909	0.00804	0.01208	0.13647	0.30963	0.00856	0.00975	0.01328	0.15880	0.01409	0.03933	0.02251	0.03949	0.00659	0.00475	0.00151	0.00443	0.19286	0.00310	0.00565
2	0.00587	0.00407	0.00475	0.00503	0.00524	0.00393	0.00306	0.00618	0.00716	0.00941	0.01927	0.26033	0.09490	0.53403	0.01570	0.00323	0.00352	0.00822	0.00313	0.00296
3	0.00674	0.00575	0.00829	0.00787	0.04525	0.00575	0.07335	0.00877	0.03454	0.01348	0.26650	0.04644	0.23736	0.04208	0.10347	0.00221	0.05525	0.02903	0.00362	0.00425
4	0.01060	0.05254	0.10538	0.10369	0.05668	0.17773	0.04902	0.09017	0.01066	0.02340	0.01252	0.11018	0.06873	0.02203	0.02744	0.00153	0.02884	0.00492	0.00271	0.04122
5	0.00679	0.00606	0.04813	0.03287	0.06842	0.00517	0.04311	0.00859	0.01006	0.03395	0.25222	0.26519	0.14321	0.00957	0.00510	0.00152	0.00313	0.04872	0.00385	0.00433
6	0.00795	0.00801	0.07336	0.45215	0.09394	0.00819	0.01005	0.01051	0.00844	0.01167	0.00949	0.03537	0.00803	0.04447	0.12365	0.00229	0.00609	0.00424	0.07735	0.00476
7	0.01084	0.00993	0.01496	0.04574	0.23294	0.01051	0.15604	0.09596	0.29925	0.01652	0.01257	0.03640	0.01005	0.00512	0.00454	0.00141	0.00479	0.02273	0.00325	0.00645
8	0.00533	0.00429	0.00474	0.00480	0.00601	0.00371	0.00354	0.00658	0.01012	0.01276	0.20745	0.14321	0.55078	0.01079	0.00514	0.00147	0.00219	0.00922	0.00416	0.00371
9	0.74109	0.01028	0.00727	0.00653	0.00913	0.14101	0.00525	0.01339	0.00811	0.01792	0.00610	0.00712	0.00481	0.00407	0.00286	0.00130	0.00404	0.00240	0.00259	0.00472
10	0.00858	0.00804	0.01305	0.57845	0.09419	0.00896	0.04206	0.01128	0.00884	0.01195	0.00774	0.01094	0.00599	0.00403	0.00412	0.00127	0.00527	0.00364	0.00206	0.16955

[dist]
# distance from previous block
# <min> <max>
0	6

[block]
# block no. 10 follows, 61 sequences, length 10
# corresponding to MSA columns:
# 400-409
name=unknown_K
#
# <colnr> <probs for GDERKNQSTAVLIFYWHMCP>
#	G	D	E	R	K	N	Q	S	T	A	V	L	I	F	Y	W	H	M	C	P
0	0.00723	0.00767	0.10991	0.16296	0.01162	0.03292	0.00640	0.00853	0.00730	0.00969	0.01137	0.02127	0.01187	0.50456	0.06679	0.00338	0.00533	0.00520	0.00235	0.00365
1	0.07499	0.00600	0.00794	0.00650	0.00856	0.00563	0.10457	0.01065	0.00920	0.01560	0.06166	0.03329	0.01134	0.00485	0.00346	0.00106	0.00300	0.00417	0.45923	0.16828
2	0.00850	0.00874	0.11140	0.16420	0.01349	0.03689	0.00791	0.09398	0.00942	0.01299	0.01161	0.07063	0.01083	0.10847	0.18348	0.00291	0.02657	0.03843	0.07494	0.00462
3	0.10608	0.29047	0.20795	0.00924	0.01322	0.06007	0.03757	0.06370	0.11087	0.01434	0.00833	0.00911	0.00656	0.00420	0.00353	0.00118	0.00496	0.00307	0.00246	0.04310
4	0.00951	0.38492	0.07179	0.00810	0.01079	0.03717	0.05634	0.01175	0.06083	0.01121	0.01158	0.13634	0.01182	0.10542	0.00599	0.00160	0.00452	0.05281	0.00258	0.00493
5	0.01028	0.47820	0.12382	0.11237	0.01393	0.07094	0.00865	0.01227	0.00915	0.01091	0.01091	0.01190	0.10156	0.00472	0.00349	0.00112	0.00492	0.00344	0.00213	0.00528
6	0.05383	0.19314	0.11011	0.17648	0.01562	0.07786	0.02926	0.03776	0.02644	0.09133	0.01060	0.06154	0.03679	0.00506	0.00402	0.00126	0.01486	0.00400	0.00264	0.04742
7	0.00885	0.09309	0.18040	0.03393	0.05925	0.00849	0.06436	0.05988	0.00889	0.03769	0.01055	0.03707	0.00979	0.19512	0.17124	0.00304	0.00642	0.00456	0.00246	0.00492
8	0.05959	0.06053	0.00919	0.04409	0.00991	0.00627	0.07972	0.00943	0.00896	0.05970	0.04442	0.27912	0.09043	0.05146	0.03803	0.00182	0.00388	0.06256	0.01529	0.06561
9	0.00635	0.00484	0.00604	0.00607	0.00708	0.00476	0.00448	0.00838	0.06760	0.01237	0.13819	0.21879	0.13276	0.10415	0.14871	0.00273	0.00433	0.06305	0.00361	0.05571

[dist]
# distance from previous block
# <min> <max>
4	16

[block]
# block no. 11 follows, 61 sequences, length 24
# corresponding to MSA columns:
# 426-449
name=unknown_L
#
# <colnr> <probs for GDERKNQSTAVLIFYWHMCP>
#	G	D	E	R	K	N	Q	S	T	A	V	L	I	F	Y	W	H	M	C	P
0	0.00829	0.00918	0.11274	0.01711	0.01077	0.06576	0.06147	0.02409	0.05073	0.01261	0.01375	0.19339	0.02739	0.05641	0.10380	0.00218	0.03983	0.01878	0.06669	0.10505
1	0.00945	0.17555	0.09465	0.46641	0.07153	0.04523	0.01105	0.02921	0.00927	0.01180	0.03232	0.01076	0.00684	0.00430	0.00399	0.00130	0.00549	0.00354	0.00206	0.00525
2	0.01149	0.00768	0.00968	0.04038	0.02345	0.00661	0.00606	0.02609	0.00992	0.21038	0.03824	0.01131	0.00857	0.00425	0.00425	0.00096	0.05240	0.00333	0.00326	0.52170
3	0.00739	0.00570	0.00627	0.03478	0.00731	0.03224	0.00408	0.00945	0.10754	0.01096	0.04858	0.02355	0.03611	0.48824	0.07019	0.00329	0.00446	0.00561	0.03909	0.05516
4	0.00901	0.04196	0.01264	0.38145	0.11268	0.03862	0.01010	0.01220	0.08785	0.01203	0.01091	0.02839	0.03981	0.00602	0.01554	0.00155	0.12080	0.05089	0.00243	0.00512
5	0.01056	0.27622	0.27097	0.01103	0.09282	0.04613	0.01037	0.08961	0.04235	0.01389	0.03453	0.03994	0.03449	0.00482	0.00383	0.00122	0.00507	0.00374	0.00245	0.00594
6	0.10180	0.00836	0.06252	0.00817	0.04030	0.03140	0.00648	0.06778	0.07612	0.08292	0.14638	0.16508	0.04062	0.00721	0.00500	0.00139	0.05665	0.00593	0.00361	0.08229
7	0.00967	0.00751	0.00830	0.02045	0.00976	0.01900	0.00550	0.03493	0.28627	0.06901	0.01697	0.07359	0.09025	0.06708	0.00543	0.00143	0.00333	0.00514	0.03496	0.23142
8	0.00525	0.00421	0.00465	0.00494	0.00599	0.00367	0.00356	0.00625	0.00929	0.01145	0.04839	0.25793	0.53782	0.04646	0.00593	0.00166	0.00240	0.03265	0.00395	0.00357
9	0.04218	0.01586	0.01206	0.01026	0.01297	0.41775	0.00801	0.31485	0.09388	0.01779	0.00909	0.00953	0.00694	0.00484	0.00406	0.00122	0.00606	0.00338	0.00323	0.00604
10	0.11083	0.00994	0.01123	0.00906	0.01145	0.01139	0.00744	0.36332	0.03971	0.03724	0.00931	0.03231	0.00746	0.00565	0.00635	0.00138	0.20330	0.00382	0.02748	0.09132
11	0.00529	0.00383	0.00492	0.00576	0.00611	0.00355	0.00385	0.00603	0.00829	0.01090	0.02510	0.71894	0.10553	0.06208	0.00642	0.00186	0.00257	0.01159	0.00392	0.00346
12	0.01066	0.01023	0.01748	0.02644	0.82174	0.01023	0.01322	0.01322	0.00981	0.01407	0.00810	0.01066	0.00682	0.00384	0.00426	0.00128	0.00512	0.00384	0.00213	0.00682
13	0.01020	0.01106	0.01756	0.01378	0.01553	0.07391	0.29845	0.01213	0.00831	0.01163	0.00684	0.01010	0.00597	0.00589	0.01008	0.00167	0.47561	0.00417	0.00202	0.00513
14	0.00922	0.00890	0.01533	0.46233	0.31655	0.01003	0.05934	0.01195	0.00906	0.01226	0.00780	0.01111	0.00618	0.00422	0.00472	0.00140	0.03810	0.00390	0.00201	0.00558
15	0.00575	0.00414	0.00494	0.00534	0.00615	0.00379	0.00385	0.00694	0.00933	0.01254	0.13530	0.33758	0.25280	0.04618	0.00580	0.00166	0.00247	0.06253	0.08925	0.00366
16	0.00535	0.00386	0.00509	0.00603	0.00639	0.00360	0.00414	0.00620	0.00845	0.01116	0.02486	0.74709	0.07511	0.01324	0.00550	0.00175	0.00257	0.06208	0.00400	0.00354
17	0.01118	0.00723	0.00852	0.00713	0.00928	0.00732	0.00566	0.22116	0.07103	0.14843	0.37694	0.02304	0.07036	0.00721	0.00471	0.00135	0.00311	0.00608	0.00465	0.00561
18	0.00693	0.00504	0.00655	0.00626	0.00656	0.00573	0.00437	0.00753	0.00663	0.02733	0.01204	0.02219	0.01284	0.48343	0.25765	0.00462	0.11303	0.00542	0.00249	0.00335
19	0.00546	0.00394	0.00521	0.00615	0.00657	0.00370	0.00434	0.00639	0.00856	0.01128	0.02478	0.69485	0.07430	0.01314	0.00553	0.00176	0.00267	0.11380	0.00399	0.00357
20	0.00625	0.00459	0.00643	0.00639	0.00692	0.00521	0.00468	0.00734	0.00673	0.00954	0.01199	0.01996	0.01205	0.26304	0.58489	0.00604	0.02700	0.00506	0.00238	0.00351
21	0.00994	0.00981	0.01497	0.33302	0.37978	0.07747	0.04073	0.01234	0.00935	0.01228	0.00786	0.01096	0.00638	0.00491	0.01645	0.03660	0.00569	0.00380	0.00205	0.00562
22	0.00920	0.01124	0.14190	0.37142	0.10030	0.04231	0.15402	0.01251	0.03948	0.01225	0.00822	0.01118	0.00632	0.00479	0.00513	0.05247	0.00593	0.00395	0.00207	0.00533
23	0.01612	0.00685	0.00891	0.00710	0.00998	0.00602	0.00577	0.04945	0.01204	0.61578	0.02177	0.05070	0.15660	0.00664	0.00451	0.00137	0.00340	0.00547	0.00500	0.00652

[dist]
# distance from previous block
# <min> <max>
0	11

[block]
# block no. 12 follows, 61 sequences, length 11
# corresponding to MSA columns:
# 461-471
name=unknown_M
#
# <colnr> <probs for GDERKNQSTAVLIFYWHMCP>
#	G	D	E	R	K	N	Q	S	T	A	V	L	I	F	Y	W	H	M	C	P
0	0.01039	0.01491	0.34005	0.08425	0.13122	0.06495	0.04050	0.05562	0.01040	0.06614	0.06304	0.01149	0.00859	0.00446	0.00418	0.00128	0.00545	0.00374	0.00252	0.07680
1	0.00570	0.00446	0.00632	0.00653	0.00733	0.00417	0.04667	0.00676	0.00845	0.01123	0.02387	0.58362	0.13091	0.01416	0.08776	0.00217	0.00363	0.01036	0.00369	0.03220
2	0.03758	0.00821	0.01413	0.58561	0.12684	0.00949	0.09072	0.01137	0.00886	0.01195	0.00855	0.05216	0.00704	0.00462	0.00438	0.00143	0.00558	0.00432	0.00210	0.00508
3	0.01024	0.06918	0.04410	0.21138	0.33680	0.06581	0.02534	0.05469	0.02470	0.01326	0.00994	0.01347	0.03407	0.03394	0.00486	0.00142	0.00527	0.03340	0.00236	0.00576
4	0.00626	0.00420	0.00481	0.00481	0.00485	0.00424	0.00275	0.00633	0.00630	0.00843	0.01347	0.02763	0.01542	0.80847	0.06174	0.00431	0.00454	0.00618	0.00260	0.00267
5	0.00691	0.00562	0.00692	0.00684	0.00763	0.06123	0.00518	0.00826	0.00729	0.01008	0.01153	0.01754	0.01098	0.12181	0.65215	0.00599	0.01009	0.00465	0.03549	0.00379
