[name]
unknown

[dist]
# distance from previous block
# <min> <max>
0	9

[block]
# block no. 0 follows, 57 sequences, length 26
# corresponding to MSA columns:
# 9-34
name=unknown_A
#
# <colnr> <probs for GDERKNQSTAVLIFYWHMCP>
#	G	D	E	R	K	N	Q	S	T	A	V	L	I	F	Y	W	H	M	C	P
0	0.00722	0.00516	0.00719	0.00811	0.00915	0.00513	0.00703	0.00931	0.01065	0.01397	0.09455	0.04956	0.02758	0.01223	0.00618	0.00203	0.00399	0.71253	0.00425	0.00418
1	0.04434	0.00792	0.01020	0.00798	0.01118	0.00730	0.00654	0.10567	0.01371	0.60907	0.11163	0.01688	0.01441	0.00598	0.00460	0.00140	0.00376	0.00488	0.00533	0.00721
2	0.01621	0.01197	0.01293	0.00996	0.01355	0.01298	0.00818	0.65915	0.07059	0.04473	0.01127	0.01124	0.00809	0.00530	0.00443	0.00131	0.00472	0.00403	0.00440	0.08493
3	0.06234	0.00839	0.01140	0.00862	0.01216	0.00746	0.07708	0.06842	0.01206	0.39896	0.05008	0.02575	0.01084	0.00509	0.00428	0.00123	0.00403	0.00430	0.00430	0.22320
4	0.00552	0.00394	0.00526	0.00631	0.00657	0.00368	0.00421	0.00631	0.00868	0.01157	0.02498	0.83779	0.02997	0.01420	0.00578	0.00184	0.00263	0.01288	0.00421	0.00368
5	0.00946	0.09642	0.70675	0.01318	0.05789	0.01120	0.01580	0.01426	0.00957	0.01404	0.00799	0.00944	0.00582	0.00425	0.00419	0.00139	0.00647	0.00330	0.00193	0.00664
6	0.01136	0.01305	0.02094	0.01582	0.01920	0.16718	0.50159	0.01418	0.01063	0.01335	0.02315	0.05408	0.00855	0.00593	0.03269	0.00170	0.07337	0.00519	0.00242	0.00563
7	0.00651	0.00447	0.00527	0.00527	0.00548	0.00455	0.00322	0.00681	0.00689	0.00923	0.01565	0.02863	0.05831	0.67585	0.14148	0.00467	0.00544	0.00649	0.00278	0.00300
8	0.00641	0.00463	0.00606	0.00570	0.00677	0.00428	0.00428	0.00855	0.01283	0.01817	0.81009	0.03385	0.04276	0.00926	0.00534	0.00143	0.00214	0.00819	0.00499	0.00428
9	0.01459	0.02823	0.01188	0.01075	0.01280	0.57058	0.00818	0.04220	0.07234	0.01242	0.01047	0.08576	0.00976	0.00622	0.00487	0.00135	0.04366	0.04585	0.00283	0.00527
10	0.01519	0.02490	0.01326	0.01109	0.01382	0.38190	0.05876	0.18511	0.15109	0.04046	0.01049	0.01147	0.00820	0.03253	0.00518	0.00142	0.02180	0.00389	0.00330	0.00616
11	0.00662	0.00490	0.00621	0.00584	0.00701	0.00463	0.00439	0.00928	0.05516	0.01792	0.73004	0.03342	0.07897	0.00921	0.00531	0.00144	0.00222	0.00810	0.00493	0.00441
12	0.00883	0.00858	0.01525	0.72735	0.03026	0.01024	0.11164	0.01195	0.00927	0.01195	0.00819	0.01210	0.00615	0.00444	0.00463	0.00151	0.00624	0.00419	0.00205	0.00517
13	0.01374	0.01254	0.01161	0.01001	0.01274	0.17435	0.01959	0.16374	0.43641	0.05037	0.01482	0.01421	0.02218	0.00577	0.00465	0.00143	0.01641	0.00452	0.00410	0.00681
14	0.00710	0.00561	0.00814	0.03411	0.04358	0.00562	0.04964	0.05175	0.01918	0.01305	0.02153	0.59374	0.02472	0.01203	0.00581	0.00178	0.02047	0.07386	0.00392	0.00434
15	0.01707	0.01195	0.01299	0.01004	0.01356	0.01308	0.00827	0.67780	0.05595	0.09855	0.01192	0.01167	0.00837	0.00548	0.00451	0.00137	0.00477	0.00417	0.02084	0.00762
16	0.01734	0.01173	0.01262	0.01089	0.06669	0.09898	0.00826	0.35783	0.07383	0.27507	0.01307	0.01249	0.00903	0.00537	0.00449	0.00136	0.00490	0.00418	0.00449	0.00737
17	0.01435	0.04504	0.07895	0.01290	0.01676	0.01169	0.25661	0.24716	0.01382	0.17212	0.01089	0.01185	0.00775	0.00502	0.00556	0.00146	0.07328	0.00444	0.00352	0.00683
18	0.84363	0.00861	0.00658	0.00590	0.00865	0.00997	0.00485	0.01323	0.00777	0.02021	0.00659	0.00768	0.00513	0.00424	0.00282	0.00139	0.00346	0.00251	0.03189	0.00488
19	0.01542	0.06223	0.08570	0.01166	0.04559	0.43535	0.00940	0.16546	0.01357	0.05205	0.00876	0.02643	0.00704	0.00535	0.01314	0.00134	0.02910	0.00353	0.00287	0.00602
20	0.00745	0.00604	0.00623	0.00615	0.00658	0.07810	0.00404	0.00801	0.00753	0.00971	0.03316	0.05023	0.01540	0.53299	0.20517	0.00462	0.00641	0.00609	0.00274	0.00334
21	0.00897	0.00952	0.06810	0.65417	0.09230	0.01025	0.04379	0.01244	0.03312	0.01236	0.00845	0.01199	0.00638	0.00450	0.00455	0.00149	0.00602	0.00407	0.00211	0.00542
22	0.00927	0.13510	0.65156	0.01166	0.01759	0.01109	0.01460	0.01375	0.00964	0.01385	0.03088	0.01135	0.04117	0.00469	0.00419	0.00137	0.00613	0.00362	0.00210	0.00639
23	0.00561	0.00405	0.00533	0.00630	0.00668	0.00377	0.00430	0.00651	0.00894	0.01186	0.04713	0.74340	0.06854	0.01386	0.00577	0.00182	0.00267	0.04549	0.00423	0.00372
24	0.01051	0.00657	0.00741	0.00698	0.02807	0.03825	0.00520	0.02832	0.10973	0.13983	0.20057	0.04254	0.02970	0.00801	0.04352	0.00160	0.00344	0.00558	0.27886	0.00529
25	0.01052	0.30270	0.37375	0.01068	0.01556	0.02869	0.04276	0.01514	0.10539	0.01371	0.03506	0.01053	0.00800	0.00453	0.00393	0.00129	0.00560	0.00347	0.00237	0.00632

[dist]
# distance from previous block
# <min> <max>
5	8

[block]
# block no. 1 follows, 57 sequences, length 18
# corresponding to MSA columns:
# 45-62
name=unknown_B
#
# <colnr> <probs for GDERKNQSTAVLIFYWHMCP>
#	G	D	E	R	K	N	Q	S	T	A	V	L	I	F	Y	W	H	M	C	P
0	0.01223	0.10121	0.02900	0.01947	0.01194	0.03300	0.02631	0.22583	0.21080	0.05654	0.15509	0.04415	0.03041	0.00653	0.00460	0.00141	0.00413	0.01685	0.00418	0.00635
1	0.01008	0.20464	0.55932	0.01136	0.01699	0.01215	0.01375	0.05061	0.02882	0.01421	0.00861	0.03451	0.00678	0.00461	0.00406	0.00134	0.00601	0.00351	0.00217	0.00647
2	0.02091	0.00530	0.00643	0.00623	0.00747	0.00515	0.00462	0.03125	0.08267	0.03873	0.42081	0.21438	0.11858	0.01006	0.00530	0.00154	0.00254	0.00883	0.00466	0.00455
3	0.00558	0.00399	0.00531	0.00627	0.00658	0.00372	0.00421	0.00645	0.00894	0.01199	0.07492	0.78665	0.03078	0.01388	0.00576	0.00181	0.00260	0.01258	0.00426	0.00372
4	0.01038	0.00786	0.01069	0.00908	0.01118	0.02032	0.09718	0.07611	0.13390	0.10813	0.16804	0.10715	0.09353	0.00822	0.00580	0.00158	0.05845	0.06265	0.00420	0.00555
5	0.01055	0.01044	0.04088	0.24816	0.55627	0.01064	0.01351	0.03000	0.01018	0.01419	0.00843	0.01140	0.00683	0.00421	0.00449	0.00139	0.00560	0.00401	0.00222	0.00658
6	0.01440	0.01751	0.01161	0.01065	0.01253	0.61352	0.00803	0.01559	0.01137	0.01089	0.00814	0.01078	0.00722	0.04358	0.14662	0.00239	0.04445	0.00345	0.00235	0.00493
7	0.28678	0.00885	0.00915	0.05471	0.02458	0.03898	0.00647	0.13627	0.09031	0.07369	0.08912	0.02351	0.01123	0.00675	0.00578	0.10213	0.01864	0.00415	0.00350	0.00541
8	0.01260	0.02954	0.07610	0.01361	0.01749	0.13266	0.33827	0.06434	0.07315	0.08640	0.02709	0.01243	0.00850	0.01871	0.00501	0.00142	0.00630	0.00450	0.00297	0.06893
9	0.00917	0.00926	0.01203	0.01042	0.01116	0.06423	0.05289	0.01037	0.00829	0.01140	0.01502	0.07570	0.15424	0.00937	0.03584	0.00197	0.49565	0.00566	0.00260	0.00472
10	0.00552	0.00394	0.00526	0.00631	0.00657	0.00368	0.00421	0.00631	0.00868	0.01157	0.02498	0.83779	0.02997	0.01420	0.00578	0.00184	0.00263	0.01288	0.00421	0.00368
11	0.01252	0.70094	0.02169	0.00812	0.01185	0.09044	0.00773	0.03282	0.00984	0.01137	0.00657	0.00756	0.00591	0.00396	0.00308	0.00098	0.00507	0.00252	0.00208	0.05494
12	0.01587	0.01755	0.01223	0.01081	0.01337	0.53339	0.00827	0.11481	0.15295	0.04525	0.01067	0.01102	0.02359	0.00519	0.00428	0.00127	0.00669	0.00364	0.00317	0.00596
13	0.00641	0.00463	0.00606	0.00570	0.00677	0.00428	0.00428	0.00855	0.01283	0.01817	0.81009	0.03385	0.04276	0.00926	0.00534	0.00143	0.00214	0.00819	0.00499	0.00428
14	0.00563	0.00402	0.00539	0.00644	0.00675	0.00378	0.00440	0.00651	0.00879	0.01169	0.02491	0.78775	0.02972	0.01409	0.00581	0.00186	0.00273	0.06181	0.00420	0.00371
15	0.00935	0.07703	0.73310	0.01282	0.01925	0.01105	0.04757	0.01431	0.00959	0.01411	0.00805	0.00952	0.00579	0.00426	0.00426	0.00141	0.00661	0.00337	0.00193	0.00662
16	0.01200	0.00945	0.01015	0.00900	0.01159	0.01071	0.00707	0.06712	0.65812	0.07180	0.01797	0.01729	0.01352	0.00619	0.00459	0.00151	0.00364	0.02377	0.03743	0.00705
17	0.00556	0.00396	0.00525	0.00626	0.00651	0.00371	0.00415	0.00632	0.00860	0.01146	0.02457	0.80745	0.02946	0.04523	0.00643	0.00194	0.00270	0.01265	0.00415	0.00365

[dist]
# distance from previous block
# <min> <max>
0	2

[block]
# block no. 2 follows, 57 sequences, length 18
# corresponding to MSA columns:
# 65-82
name=unknown_C
#
# <colnr> <probs for GDERKNQSTAVLIFYWHMCP>
#	G	D	E	R	K	N	Q	S	T	A	V	L	I	F	Y	W	H	M	C	P
0	0.01100	0.01162	0.02261	0.01662	0.02015	0.01192	0.56085	0.08201	0.01082	0.01492	0.00888	0.01219	0.00705	0.02878	0.00753	0.00168	0.15796	0.00502	0.00244	0.00594
1	0.01093	0.01296	0.10646	0.01636	0.02052	0.02814	0.54199	0.06086	0.01094	0.02606	0.00957	0.03169	0.00748	0.00459	0.00575	0.00152	0.06400	0.00505	0.02907	0.00608
2	0.01054	0.01095	0.01379	0.01188	0.01208	0.08569	0.00981	0.01154	0.00746	0.01092	0.00604	0.00976	0.00594	0.00764	0.01391	0.00191	0.75927	0.00387	0.00201	0.00498
3	0.01600	0.01180	0.01260	0.00987	0.01320	0.01308	0.00808	0.66370	0.09975	0.02676	0.01192	0.01191	0.00860	0.00550	0.00444	0.00136	0.00464	0.00420	0.06518	0.00741
4	0.00555	0.00409	0.00522	0.00611	0.00660	0.00375	0.00419	0.00644	0.00900	0.01174	0.02825	0.68613	0.15306	0.01371	0.00573	0.00180	0.00263	0.03808	0.00421	0.00372
5	0.73797	0.00878	0.00724	0.00639	0.00922	0.01002	0.00523	0.01487	0.07880	0.07459	0.00818	0.00876	0.00613	0.00447	0.00308	0.00141	0.00354	0.00283	0.00316	0.00530
6	0.00633	0.00470	0.00588	0.00586	0.00694	0.00438	0.00449	0.00805	0.01120	0.01510	0.42355	0.03784	0.21168	0.07489	0.03698	0.00200	0.00303	0.12865	0.00442	0.00403
7	0.00565	0.00403	0.00540	0.00645	0.00677	0.00379	0.00442	0.00653	0.00880	0.01171	0.02491	0.78241	0.02970	0.01408	0.00582	0.00186	0.00274	0.06702	0.00420	0.00372
8	0.01413	0.00784	0.04958	0.00796	0.01062	0.00699	0.00667	0.04545	0.08199	0.40247	0.09956	0.01813	0.01463	0.04836	0.16163	0.00267	0.00544	0.00506	0.00450	0.00633
9	0.00626	0.00463	0.00584	0.00554	0.00667	0.00421	0.00415	0.00825	0.01246	0.01729	0.69670	0.03530	0.15670	0.00959	0.00535	0.00144	0.00216	0.00840	0.00487	0.00421
10	0.00563	0.00407	0.00536	0.00635	0.00674	0.00380	0.00437	0.00653	0.00890	0.01175	0.02616	0.73605	0.07632	0.01392	0.00579	0.00184	0.00272	0.06578	0.00420	0.00372
11	0.11267	0.00637	0.00676	0.01674	0.00811	0.02019	0.00484	0.06530	0.06640	0.06458	0.10101	0.09333	0.05235	0.02832	0.06106	0.00182	0.00364	0.00562	0.27601	0.00488
12	0.01348	0.00642	0.00841	0.00706	0.00940	0.00582	0.00559	0.01596	0.05986	0.41085	0.30550	0.06380	0.05294	0.00760	0.00493	0.00144	0.00310	0.00650	0.00520	0.00610
13	0.01111	0.01139	0.05784	0.02708	0.77334	0.01075	0.01405	0.01393	0.01028	0.01478	0.00850	0.01113	0.00711	0.00405	0.00448	0.00135	0.00545	0.00400	0.00223	0.00715
14	0.00758	0.00474	0.00590	0.00608	0.00673	0.00460	0.00415	0.00860	0.02707	0.08228	0.02027	0.29858	0.05652	0.33125	0.04512	0.00298	0.00390	0.06203	0.01779	0.00383
15	0.03117	0.07293	0.01333	0.01031	0.01323	0.24855	0.00828	0.31706	0.14347	0.04609	0.01060	0.01086	0.00801	0.00531	0.00471	0.00133	0.04076	0.00378	0.00362	0.00661
16	0.02827	0.02691	0.08499	0.00850	0.01086	0.07995	0.00717	0.15580	0.05868	0.09880	0.04894	0.26848	0.03075	0.00923	0.03007	0.00170	0.00446	0.02110	0.01973	0.00558
17	0.01110	0.00777	0.01054	0.00830	0.01119	0.00699	0.09401	0.06128	0.06312	0.16241	0.01735	0.08632	0.10721	0.08131	0.00617	0.00154	0.00395	0.00560	0.00373	0.25012

[dist]
# distance from previous block
# <min> <max>
3	40

[block]
# block no. 3 follows, 57 sequences, length 41
# corresponding to MSA columns:
# 123-151,153-164
name=unknown_D
#
# <colnr> <probs for GDERKNQSTAVLIFYWHMCP>
#	G	D	E	R	K	N	Q	S	T	A	V	L	I	F	Y	W	H	M	C	P
0	0.01010	0.04284	0.01350	0.04160	0.05367	0.03484	0.13729	0.02428	0.03774	0.05650	0.05242	0.04803	0.01107	0.07584	0.07205	0.00209	0.12720	0.00483	0.00285	0.15126
1	0.01101	0.12497	0.24117	0.02142	0.16271	0.01112	0.02903	0.07940	0.11229	0.04260	0.08303	0.01310	0.01083	0.00498	0.00431	0.00134	0.00507	0.00415	0.00297	0.03451
2	0.01211	0.01083	0.03927	0.01009	0.03220	0.14845	0.09849	0.04150	0.07570	0.13817	0.06518	0.11047	0.06358	0.00652	0.00476	0.00136	0.01378	0.00560	0.00362	0.11833
3	0.00659	0.00504	0.00675	0.10767	0.02358	0.00493	0.00563	0.00806	0.00983	0.03237	0.08663	0.33090	0.24050	0.01131	0.00548	0.00169	0.00318	0.10172	0.00399	0.00415
4	0.00757	0.00469	0.00568	0.00564	0.00629	0.00450	0.00371	0.00816	0.00814	0.08938	0.02053	0.18433	0.11870	0.43616	0.07380	0.00346	0.00430	0.00785	0.00347	0.00365
5	0.01327	0.02293	0.01426	0.05403	0.08005	0.16291	0.12168	0.11966	0.19335	0.08229	0.01311	0.03367	0.03285	0.00539	0.00458	0.00139	0.00545	0.00463	0.00349	0.03101
6	0.00972	0.01064	0.05441	0.01551	0.05211	0.00965	0.48632	0.04438	0.03420	0.01464	0.02737	0.19347	0.01279	0.00636	0.00531	0.00158	0.00608	0.00685	0.00290	0.00571
7	0.00755	0.00500	0.00620	0.00594	0.00721	0.00464	0.00449	0.00936	0.02655	0.08473	0.35613	0.05751	0.20723	0.09717	0.03367	0.00201	0.00309	0.07272	0.00445	0.00434
8	0.01123	0.01186	0.02018	0.15004	0.15930	0.09099	0.36948	0.02323	0.01047	0.03174	0.00874	0.01165	0.00682	0.00489	0.01991	0.00158	0.05503	0.00455	0.00233	0.00599
9	0.01064	0.32693	0.45047	0.01169	0.05579	0.04637	0.01294	0.01419	0.00960	0.01287	0.00743	0.00874	0.00584	0.00415	0.00379	0.00125	0.00601	0.00302	0.00196	0.00633
10	0.00659	0.00439	0.00494	0.00494	0.00494	0.00439	0.00275	0.00659	0.00659	0.00879	0.01428	0.02965	0.01647	0.84075	0.02306	0.00439	0.00439	0.00659	0.00275	0.00275
11	0.00561	0.00454	0.00499	0.00500	0.00631	0.00391	0.00370	0.00695	0.01075	0.01353	0.21855	0.11444	0.56341	0.01122	0.00539	0.00153	0.00229	0.00956	0.00439	0.00391
12	0.01166	0.04576	0.05505	0.01026	0.01291	0.14084	0.09282	0.09413	0.20601	0.03737	0.03901	0.06424	0.08250	0.03102	0.00582	0.00155	0.05430	0.00538	0.00350	0.00589
13	0.25263	0.01091	0.02032	0.07883	0.04630	0.13168	0.09251	0.03816	0.10792	0.02834	0.01175	0.04366	0.03796	0.00558	0.00440	0.00145	0.02368	0.03081	0.02763	0.00549
14	0.00881	0.00542	0.00503	0.00486	0.00608	0.04585	0.00365	0.03651	0.01006	0.01629	0.01731	0.01926	0.09006	0.03038	0.00406	0.00122	0.00260	0.00475	0.68350	0.00431
15	0.01592	0.08614	0.01342	0.01085	0.01340	0.59905	0.00842	0.11975	0.01363	0.01374	0.04690	0.01032	0.00817	0.00504	0.00414	0.00120	0.00713	0.01447	0.00275	0.00556
16	0.46107	0.01031	0.08786	0.00796	0.03337	0.03154	0.00681	0.05445	0.05159	0.08045	0.07825	0.01219	0.02807	0.00507	0.00365	0.00138	0.00396	0.00365	0.00330	0.03506
17	0.00949	0.14856	0.58129	0.01168	0.01728	0.01136	0.03252	0.01416	0.04175	0.01368	0.00859	0.01019	0.00653	0.00654	0.06598	0.00181	0.00672	0.00344	0.00207	0.00637
18	0.01052	0.01327	0.10433	0.01832	0.02301	0.01142	0.70115	0.01442	0.01050	0.01442	0.00899	0.01191	0.00674	0.00396	0.00546	0.00153	0.02654	0.00512	0.00225	0.00614
19	0.00588	0.00447	0.00541	0.00547	0.00652	0.00400	0.00399	0.00741	0.01113	0.01483	0.39379	0.20711	0.29149	0.01103	0.00544	0.00155	0.00229	0.00963	0.00457	0.00400
20	0.03452	0.00835	0.01383	0.75474	0.02980	0.01023	0.03863	0.03413	0.00942	0.01242	0.00812	0.01191	0.00608	0.00452	0.00451	0.00150	0.00599	0.00403	0.00212	0.00514
21	0.00714	0.00581	0.00705	0.00682	0.00741	0.04910	0.03652	0.00800	0.00830	0.01102	0.09403	0.21567	0.02023	0.35169	0.11980	0.00351	0.03340	0.00766	0.00320	0.00363
22	0.02905	0.00777	0.02419	0.00802	0.01117	0.00678	0.00664	0.05881	0.01273	0.64155	0.01801	0.09691	0.01308	0.00657	0.00467	0.00146	0.00382	0.02448	0.01717	0.00712
23	0.04075	0.00783	0.00921	0.00707	0.01047	0.00667	0.00564	0.02252	0.08775	0.15488	0.06006	0.01352	0.02906	0.00497	0.00426	0.02571	0.00341	0.00378	0.00356	0.49888
24	0.03094	0.39545	0.18515	0.00999	0.01384	0.01353	0.09272	0.01315	0.00921	0.01263	0.00806	0.01013	0.00680	0.00547	0.03097	0.00144	0.06803	0.01243	0.07432	0.00573
25	0.01157	0.00811	0.00916	0.00804	0.01043	0.02633	0.00626	0.07914	0.26822	0.14813	0.06014	0.16959	0.03305	0.00763	0.00477	0.00146	0.00356	0.03331	0.00441	0.10670
26	0.00642	0.00462	0.00634	0.00645	0.00695	0.00507	0.00460	0.00744	0.00720	0.01008	0.01408	0.10233	0.01479	0.28676	0.48979	0.00583	0.00876	0.00619	0.00270	0.00360
27	0.03041	0.00718	0.00958	0.00780	0.01052	0.00676	0.00629	0.04976	0.02563	0.54231	0.01601	0.01644	0.01134	0.05890	0.17664	0.00280	0.00565	0.00469	0.00467	0.00661
28	0.01057	0.21649	0.55103	0.01158	0.01718	0.09227	0.01384	0.01453	0.00980	0.01316	0.00759	0.00889	0.00577	0.00424	0.00395	0.00130	0.00641	0.00309	0.00196	0.00635
29	0.00620	0.00456	0.00580	0.00643	0.00700	0.00445	0.00444	0.00816	0.07575	0.01300	0.13327	0.60864	0.02972	0.05105	0.00643	0.00188	0.00274	0.02216	0.00428	0.00402
30	0.00882	0.00487	0.00515	0.00505	0.00623	0.00495	0.00390	0.06026	0.01023	0.01699	0.01542	0.02038	0.01298	0.03831	0.00433	0.00131	0.00259	0.08093	0.69292	0.00438
31	0.01004	0.01000	0.01432	0.01346	0.09077	0.01357	0.01031	0.01120	0.00727	0.01129	0.00620	0.01004	0.00607	0.00755	0.01385	0.00192	0.75097	0.00397	0.00201	0.00518
32	0.02401	0.00780	0.01038	0.00917	0.01078	0.03464	0.09662	0.14925	0.01150	0.02388	0.05011	0.35021	0.03798	0.00968	0.00610	0.00166	0.07608	0.05282	0.03238	0.00497
33	0.00626	0.00442	0.00551	0.00586	0.00630	0.00433	0.00399	0.00707	0.00841	0.01122	0.09060	0.24814	0.08263	0.34175	0.07425	0.00322	0.00413	0.08490	0.00356	0.00345
34	0.01096	0.00918	0.00982	0.00894	0.01131	0.01050	0.00690	0.03594	0.69904	0.03154	0.01894	0.09765	0.01527	0.00692	0.00472	0.00156	0.00352	0.00586	0.00459	0.00685
35	0.01268	0.14243	0.05806	0.03355	0.13604	0.19090	0.13533	0.06337	0.10334	0.02465	0.00964	0.02972	0.00787	0.00483	0.00462	0.00134	0.02869	0.00405	0.00270	0.00619
36	0.01058	0.00967	0.01126	0.01875	0.04808	0.12832	0.07921	0.06192	0.08760	0.05163	0.04148	0.08996	0.06670	0.06155	0.13305	0.00257	0.07386	0.00570	0.01290	0.00523
37	0.00567	0.00413	0.00537	0.00622	0.00672	0.00383	0.00433	0.00666	0.00921	0.01217	0.07530	0.65629	0.11159	0.01350	0.00574	0.00180	0.00266	0.06080	0.00425	0.00376
38	0.09183	0.00523	0.00598	0.00575	0.00713	0.00504	0.00438	0.00918	0.04053	0.02490	0.45087	0.07535	0.21192	0.00949	0.00512	0.00150	0.00247	0.03447	0.00452	0.00434
39	0.03059	0.22585	0.31252	0.01314	0.10056	0.03077	0.09379	0.01497	0.06517	0.03739	0.01897	0.01035	0.00721	0.00440	0.00422	0.00132	0.01642	0.00359	0.00236	0.00640
40	0.00972	0.02239	0.01390	0.04397	0.08067	0.03694	0.21061	0.03931	0.01040	0.06417	0.03440	0.19652	0.04640	0.05228	0.00652	0.00177	0.03161	0.08990	0.00332	0.00520

[dist]
# distance from previous block
# <min> <max>
0	1

[block]
# block no. 4 follows, 57 sequences, length 20
# corresponding to MSA columns:
# 166-185
name=unknown_E
#
# <colnr> <probs for GDERKNQSTAVLIFYWHMCP>
#	G	D	E	R	K	N	Q	S	T	A	V	L	I	F	Y	W	H	M	C	P
0	0.03670	0.01149	0.06224	0.05373	0.33305	0.06929	0.11209	0.02795	0.02696	0.01455	0.00992	0.04782	0.02265	0.00474	0.00465	0.00132	0.02365	0.00436	0.00252	0.13031
1	0.01078	0.00917	0.01250	0.05853	0.06343	0.04504	0.10931	0.10351	0.11500	0.05900	0.04631	0.10617	0.06888	0.00742	0.00607	0.01753	0.07859	0.04811	0.01312	0.02152
2	0.01033	0.00774	0.00879	0.00674	0.01002	0.00667	0.00537	0.07387	0.06552	0.05450	0.01222	0.01304	0.04369	0.00449	0.00365	0.00092	0.00327	0.00360	0.14315	0.52241
3	0.00627	0.00519	0.00613	0.00619	0.00754	0.00488	0.02040	0.00832	0.06253	0.01278	0.03572	0.17419	0.47779	0.01149	0.00573	0.00167	0.02212	0.12275	0.00414	0.00415
4	0.02522	0.00888	0.01536	0.36349	0.09274	0.00981	0.17649	0.04526	0.03375	0.01352	0.01077	0.10530	0.00953	0.00690	0.04130	0.00180	0.02658	0.00535	0.00256	0.00543
5	0.79899	0.00867	0.00699	0.00614	0.00901	0.00986	0.00506	0.01408	0.00817	0.08916	0.00731	0.00806	0.00545	0.00433	0.00296	0.00140	0.00354	0.00264	0.00305	0.00515
6	0.00541	0.00452	0.00472	0.00482	0.00619	0.00382	0.00356	0.00655	0.01022	0.01237	0.06944	0.13375	0.69567	0.01171	0.00540	0.00156	0.00233	0.00989	0.00423	0.00382
7	0.01888	0.13685	0.17957	0.05138	0.11216	0.06702	0.05405	0.05157	0.03782	0.02632	0.02005	0.04884	0.02004	0.00525	0.00470	0.00133	0.04177	0.02561	0.00261	0.09417
8	0.00591	0.00446	0.00548	0.00588	0.00670	0.00412	0.00416	0.00752	0.03755	0.01361	0.22484	0.43546	0.20342	0.01209	0.00554	0.00166	0.00247	0.01072	0.00442	0.00398
9	0.00567	0.00416	0.00536	0.00620	0.00674	0.00385	0.00435	0.00667	0.00921	0.01209	0.05937	0.63094	0.14066	0.01348	0.00574	0.00180	0.00268	0.07303	0.00424	0.00376
10	0.02887	0.00931	0.01358	0.14342	0.17348	0.00973	0.06391	0.15351	0.04551	0.17786	0.04720	0.01484	0.01046	0.00535	0.00471	0.00143	0.01533	0.02784	0.04713	0.00653
11	0.01010	0.00864	0.01386	0.30602	0.17995	0.00949	0.07279	0.01360	0.08815	0.07657	0.01366	0.07173	0.06359	0.00592	0.00524	0.00152	0.04518	0.00527	0.00292	0.00579
12	0.04962	0.00786	0.01045	0.00804	0.01153	0.00695	0.00664	0.03933	0.01298	0.77041	0.01732	0.01504	0.01092	0.00556	0.00450	0.00140	0.00387	0.00447	0.00549	0.00761
13	0.00544	0.00457	0.00473	0.00475	0.00619	0.00385	0.00354	0.00665	0.01044	0.01266	0.10271	0.07784	0.71826	0.01143	0.00537	0.00154	0.00230	0.00961	0.00427	0.00385
14	0.01089	0.13899	0.13840	0.22546	0.12896	0.06754	0.02638	0.09045	0.01088	0.01426	0.01017	0.01215	0.04551	0.00484	0.00440	0.00135	0.02066	0.00391	0.03891	0.00591
15	0.01098	0.01077	0.01910	0.07939	0.66463	0.01081	0.10958	0.01383	0.01028	0.01456	0.00857	0.01140	0.00707	0.00404	0.00459	0.00138	0.00570	0.00420	0.00223	0.00691
16	0.00541	0.00437	0.00481	0.00517	0.00627	0.00378	0.00370	0.00644	0.00977	0.01202	0.03889	0.30989	0.54889	0.01239	0.00550	0.00163	0.00241	0.01068	0.00421	0.00378
17	0.00984	0.01044	0.02093	0.35287	0.06500	0.01085	0.43602	0.01328	0.01000	0.01332	0.00868	0.01212	0.00655	0.00412	0.00497	0.00151	0.00687	0.00474	0.00218	0.00572
18	0.00792	0.00707	0.04297	0.00881	0.02856	0.00664	0.06771	0.06870	0.10715	0.01415	0.02050	0.43383	0.04833	0.02512	0.05723	0.00210	0.00423	0.04028	0.00385	0.00484
19	0.00962	0.00757	0.02464	0.00867	0.06657	0.02339	0.00601	0.16363	0.02851	0.01461	0.01364	0.04439	0.01369	0.35275	0.05944	0.00302	0.03351	0.06226	0.05944	0.00464

[dist]
# distance from previous block
# <min> <max>
0	1

[block]
# block no. 5 follows, 57 sequences, length 36
# corresponding to MSA columns:
# 187-222
name=unknown_F
#
# <colnr> <probs for GDERKNQSTAVLIFYWHMCP>
#	G	D	E	R	K	N	Q	S	T	A	V	L	I	F	Y	W	H	M	C	P
0	0.01162	0.58238	0.14992	0.00867	0.01296	0.04035	0.00902	0.03163	0.00967	0.01209	0.00690	0.00797	0.00594	0.00395	0.00325	0.00103	0.00510	0.00265	0.00208	0.09282
1	0.01493	0.01155	0.01197	0.00976	0.01279	0.06056	0.00787	0.45635	0.20826	0.05793	0.01294	0.01301	0.00957	0.00779	0.06820	0.00185	0.00530	0.00435	0.01794	0.00709
2	0.01049	0.01216	0.04360	0.01828	0.02257	0.01137	0.71900	0.01413	0.01043	0.01426	0.00938	0.03260	0.00738	0.00430	0.00581	0.00156	0.04897	0.00542	0.00232	0.00601
3	0.00578	0.00436	0.00633	0.00695	0.00742	0.00407	0.04360	0.00672	0.00878	0.01171	0.02419	0.79672	0.02882	0.01368	0.00576	0.00182	0.00288	0.01251	0.00411	0.00380
4	0.01127	0.00973	0.01025	0.00922	0.01178	0.01127	0.00717	0.02408	0.80430	0.01896	0.01844	0.01691	0.01383	0.00615	0.00461	0.00154	0.00359	0.00512	0.00461	0.00717
5	0.04026	0.01049	0.01262	0.00963	0.01319	0.01061	0.06858	0.39898	0.04040	0.07841	0.01138	0.05412	0.00891	0.00525	0.00432	0.00124	0.00450	0.00431	0.00391	0.21887
6	0.00559	0.00450	0.00499	0.00509	0.00632	0.00389	0.00373	0.00688	0.01057	0.01332	0.19593	0.16782	0.53254	0.01146	0.00542	0.00156	0.00232	0.00982	0.00436	0.00389
7	0.00991	0.00991	0.01388	0.01190	0.01190	0.01388	0.00991	0.01091	0.00694	0.01091	0.00595	0.00991	0.00595	0.00793	0.01487	0.00198	0.83246	0.00397	0.00198	0.00496
8	0.01912	0.00790	0.01031	0.00798	0.01131	0.00716	0.00657	0.09338	0.01348	0.68016	0.01698	0.01511	0.01092	0.00557	0.00445	0.00137	0.00383	0.00449	0.07247	0.00744
9	0.01160	0.77813	0.02231	0.00764	0.01124	0.01682	0.00748	0.01300	0.00917	0.01073	0.00775	0.07191	0.00770	0.00468	0.00313	0.00104	0.00467	0.00324	0.00211	0.00565
10	0.00558	0.00397	0.00524	0.00624	0.00649	0.00372	0.00413	0.00632	0.00857	0.01142	0.02442	0.79583	0.02927	0.05711	0.00668	0.00197	0.00272	0.01256	0.00413	0.00363
11	0.00841	0.00425	0.00432	0.00435	0.00540	0.00425	0.00329	0.01052	0.00953	0.01679	0.01506	0.01794	0.01205	0.00550	0.00326	0.00109	0.00217	0.02790	0.83967	0.00422
12	0.01038	0.01151	0.02444	0.06130	0.08107	0.01097	0.66105	0.01393	0.01049	0.01425	0.00980	0.05064	0.00793	0.00436	0.00526	0.00153	0.00716	0.00553	0.00236	0.00602
13	0.00671	0.00429	0.00570	0.00645	0.00702	0.00396	0.00445	0.00762	0.00910	0.07422	0.02501	0.73078	0.05135	0.01341	0.00569	0.00180	0.00275	0.03137	0.00431	0.00401
14	0.01074	0.00644	0.00668	0.00585	0.00758	0.00680	0.00459	0.21649	0.01259	0.01995	0.01376	0.01532	0.01059	0.00532	0.00352	0.00114	0.00286	0.00419	0.64046	0.00513
15	0.00556	0.00396	0.00525	0.00626	0.00652	0.00370	0.00416	0.00632	0.00860	0.01147	0.02461	0.81028	0.02951	0.04233	0.00637	0.00193	0.00269	0.01267	0.00416	0.00365
16	0.00776	0.00553	0.00780	0.00971	0.13422	0.00535	0.00604	0.02455	0.00997	0.04343	0.09539	0.42732	0.02402	0.01047	0.00520	0.00162	0.00317	0.06942	0.10442	0.00462
17	0.01898	0.00988	0.01186	0.00909	0.01265	0.00988	0.00751	0.35963	0.01660	0.47295	0.01483	0.01344	0.00969	0.00553	0.00455	0.00138	0.00435	0.00435	0.00514	0.00771
18	0.01154	0.01152	0.01792	0.05964	0.70282	0.07394	0.02845	0.01415	0.01047	0.01438	0.00840	0.01103	0.00702	0.00410	0.00447	0.00134	0.00567	0.00398	0.00224	0.00692
19	0.00991	0.00800	0.00629	0.00602	0.00735	0.17991	0.00451	0.01177	0.01056	0.01552	0.09279	0.03376	0.03918	0.00591	0.00370	0.00115	0.00343	0.00468	0.55114	0.00443
20	0.00646	0.00439	0.00512	0.00532	0.00546	0.00433	0.00324	0.00672	0.00720	0.00954	0.01711	0.14142	0.03876	0.65743	0.01925	0.00383	0.00409	0.05429	0.00307	0.00299
21	0.01203	0.01160	0.01720	0.04791	0.64183	0.07108	0.01285	0.07500	0.03835	0.01564	0.00892	0.01118	0.00731	0.00428	0.00447	0.00134	0.00552	0.00399	0.00250	0.00701
22	0.00916	0.00835	0.03949	0.00701	0.01070	0.00633	0.00579	0.01194	0.05927	0.01521	0.07469	0.03375	0.01068	0.00433	0.00370	0.00085	0.00338	0.00358	0.00300	0.68880
23	0.01813	0.00750	0.01000	0.00785	0.01101	0.00669	0.00642	0.03767	0.04294	0.66555	0.11963	0.01775	0.01529	0.00610	0.00466	0.00141	0.00365	0.00504	0.00547	0.00725
24	0.00551	0.00400	0.00520	0.00616	0.00653	0.00369	0.00414	0.00633	0.00882	0.01163	0.02677	0.76983	0.09678	0.01396	0.00575	0.00181	0.00260	0.01260	0.00421	0.00369
25	0.01106	0.03282	0.33181	0.05718	0.21851	0.01091	0.03735	0.11386	0.01128	0.03718	0.01837	0.01076	0.00705	0.00454	0.00473	0.00138	0.03461	0.00377	0.00252	0.05030
26	0.00635	0.00444	0.00543	0.00554	0.00586	0.00447	0.00356	0.00694	0.00763	0.01031	0.07630	0.13498	0.05988	0.49811	0.14715	0.00415	0.00513	0.00741	0.00313	0.00325
27	0.00552	0.00394	0.00526	0.00631	0.00657	0.00368	0.00421	0.00631	0.00868	0.01157	0.02498	0.83779	0.02997	0.01420	0.00578	0.00184	0.00263	0.01288	0.00421	0.00368
28	0.01247	0.71609	0.06269	0.00840	0.01228	0.08482	0.00831	0.03020	0.00978	0.01125	0.00655	0.00754	0.00585	0.00400	0.00311	0.00102	0.00522	0.00255	0.00202	0.00585
29	0.00928	0.00732	0.00966	0.00871	0.03974	0.00733	0.08508	0.01438	0.24266	0.07943	0.14314	0.03573	0.25633	0.00792	0.00498	0.00149	0.00342	0.00691	0.03096	0.00554
30	0.01211	0.84348	0.02374	0.00775	0.01163	0.01793	0.00775	0.01357	0.00921	0.01066	0.00630	0.00727	0.00582	0.00388	0.00291	0.00097	0.00485	0.00242	0.00194	0.00582
31	0.00564	0.00463	0.00499	0.00499	0.00641	0.00398	0.00380	0.00701	0.01077	0.01334	0.17681	0.04233	0.63531	0.01115	0.00540	0.00154	0.00237	0.05127	0.00434	0.00392
32	0.01102	0.00874	0.00956	0.00860	0.01095	0.00986	0.00674	0.04932	0.57720	0.05843	0.03705	0.01907	0.04837	0.00869	0.06834	0.00197	0.00420	0.02461	0.03069	0.00660
33	0.27446	0.06302	0.01108	0.00834	0.01128	0.01913	0.05100	0.17636	0.11843	0.09320	0.09294	0.01340	0.01153	0.00536	0.00400	0.00138	0.00404	0.00415	0.03082	0.00609
34	0.00549	0.00457	0.00481	0.00491	0.00631	0.00389	0.00368	0.00669	0.01031	0.01250	0.07663	0.10528	0.68699	0.01163	0.00542	0.00157	0.00239	0.03885	0.00424	0.00385
35	0.20247	0.04073	0.01066	0.00821	0.01124	0.03104	0.00674	0.33132	0.05114	0.13812	0.01147	0.01160	0.00826	0.00513	0.00392	0.00133	0.00415	0.00377	0.11217	0.00651

[dist]
# distance from previous block
# <min> <max>
2	21

[block]
# block no. 6 follows, 57 sequences, length 64
# corresponding to MSA columns:
# 244-307
name=unknown_G
#
# <colnr> <probs for GDERKNQSTAVLIFYWHMCP>
#	G	D	E	R	K	N	Q	S	T	A	V	L	I	F	Y	W	H	M	C	P
0	0.02681	0.04268	0.03894	0.00736	0.00847	0.14445	0.00544	0.02963	0.00857	0.04791	0.01174	0.02120	0.01230	0.49067	0.01596	0.00313	0.07276	0.00523	0.00273	0.00402
1	0.01202	0.75566	0.06482	0.00815	0.01210	0.03302	0.00823	0.01406	0.03659	0.01115	0.00683	0.00774	0.00609	0.00399	0.00306	0.00102	0.00496	0.00257	0.00204	0.00590
2	0.01710	0.00956	0.01133	0.00881	0.01229	0.00949	0.00720	0.26352	0.11465	0.38739	0.01475	0.01357	0.00999	0.00539	0.00443	0.00133	0.00412	0.00429	0.00485	0.09595
3	0.01106	0.01118	0.04952	0.05027	0.75902	0.01074	0.01398	0.01386	0.01025	0.01469	0.00849	0.01118	0.00709	0.00406	0.00448	0.00135	0.00545	0.00401	0.00222	0.00710
4	0.00745	0.00619	0.00954	0.00863	0.00958	0.00724	0.06646	0.02099	0.00764	0.01098	0.01125	0.01738	0.01071	0.10950	0.55497	0.00573	0.12414	0.00493	0.00242	0.00425
5	0.00658	0.00442	0.00505	0.00505	0.00509	0.00445	0.00288	0.00666	0.00662	0.00887	0.01418	0.02909	0.01623	0.80239	0.06109	0.00453	0.00476	0.00651	0.00273	0.00281
6	0.00554	0.00395	0.00525	0.00628	0.00654	0.00370	0.00417	0.00632	0.00863	0.01151	0.02474	0.82034	0.02968	0.03205	0.00616	0.00190	0.00267	0.01275	0.00417	0.00366
7	0.00677	0.00502	0.00674	0.00711	0.00783	0.00489	0.03089	0.07911	0.00990	0.01322	0.02316	0.73458	0.02716	0.01305	0.00565	0.00179	0.00301	0.01182	0.00417	0.00413
8	0.00648	0.00484	0.00720	0.00720	0.00798	0.00562	0.00556	0.00804	0.00726	0.01046	0.01221	0.01822	0.01151	0.06280	0.79423	0.00718	0.01186	0.00492	0.00244	0.00400
9	0.00659	0.00493	0.00709	0.00704	0.00769	0.00569	0.00531	0.00793	0.00716	0.01025	0.01231	0.01949	0.01201	0.16372	0.67024	0.00666	0.03445	0.00511	0.00247	0.00386
10	0.00654	0.00496	0.00742	0.00738	0.00817	0.00583	0.00575	0.00815	0.00728	0.01053	0.01201	0.01764	0.01122	0.03345	0.80627	0.00717	0.02892	0.00484	0.00242	0.00406
11	0.00639	0.00477	0.00710	0.00719	0.00795	0.00548	0.00553	0.00793	0.00741	0.01062	0.01331	0.09298	0.01304	0.03217	0.74789	0.00678	0.01127	0.00559	0.00259	0.00401
12	0.87276	0.00876	0.00666	0.00596	0.00876	0.01017	0.00491	0.01332	0.00771	0.02033	0.00631	0.00736	0.00491	0.00421	0.00280	0.00140	0.00351	0.00245	0.00280	0.00491
13	0.83431	0.00872	0.00683	0.00605	0.00889	0.01001	0.00499	0.01372	0.00795	0.05621	0.00683	0.00772	0.00519	0.00427	0.00288	0.00140	0.00352	0.00255	0.00293	0.00503
14	0.00744	0.00561	0.00726	0.00808	0.00918	0.02855	0.00694	0.00947	0.01072	0.01387	0.09627	0.04806	0.05187	0.01196	0.00608	0.00198	0.00404	0.66421	0.00420	0.00420
15	0.00540	0.00459	0.00465	0.00463	0.00615	0.00384	0.00348	0.00658	0.01043	0.01247	0.07550	0.04323	0.78091	0.01139	0.00536	0.00153	0.00229	0.00951	0.00424	0.00384
16	0.00647	0.00485	0.00728	0.00728	0.00809	0.00566	0.00566	0.00809	0.00728	0.01052	0.01214	0.01780	0.01133	0.03398	0.82279	0.00728	0.01214	0.00485	0.00243	0.00405
17	0.01157	0.00855	0.00950	0.00859	0.01089	0.00942	0.00662	0.05988	0.51904	0.11328	0.01923	0.17196	0.01627	0.00757	0.00482	0.00157	0.00351	0.00647	0.00465	0.00660
18	0.02021	0.00790	0.01064	0.00815	0.01166	0.00695	0.00674	0.05211	0.01329	0.78514	0.01761	0.01525	0.01108	0.00560	0.00456	0.00140	0.00390	0.00454	0.00557	0.00771
19	0.00622	0.00453	0.00593	0.00636	0.00721	0.00425	0.00483	0.00782	0.01075	0.01452	0.31904	0.29696	0.10490	0.01175	0.00568	0.00171	0.00275	0.17627	0.00449	0.00402
20	0.01085	0.01041	0.01770	0.12988	0.69946	0.01073	0.01367	0.01356	0.01010	0.01433	0.00842	0.01130	0.00701	0.00417	0.00466	0.00138	0.01925	0.00403	0.00221	0.00687
21	0.01602	0.05836	0.01427	0.01308	0.08053	0.69106	0.03525	0.01742	0.01239	0.01149	0.00717	0.00852	0.00598	0.00455	0.00411	0.00118	0.00777	0.00307	0.00231	0.00547
22	0.00645	0.00483	0.00697	0.00706	0.00769	0.00550	0.00531	0.00778	0.00740	0.01051	0.01395	0.13281	0.01425	0.10625	0.61078	0.00610	0.03365	0.00611	0.00269	0.00390
23	0.01218	0.44290	0.24092	0.00976	0.01420	0.04309	0.01041	0.10230	0.01083	0.03684	0.00767	0.00866	0.00617	0.00438	0.00396	0.00119	0.03291	0.00300	0.00234	0.00628
24	0.00892	0.00836	0.01405	0.76233	0.06013	0.01022	0.02887	0.03123	0.00945	0.01218	0.00817	0.01202	0.00614	0.00452	0.00455	0.00150	0.00602	0.00406	0.00209	0.00520
25	0.02033	0.00771	0.01052	0.00806	0.01157	0.00666	0.00666	0.02208	0.01297	0.81562	0.01788	0.01542	0.01122	0.00561	0.00456	0.00140	0.00386	0.00456	0.00561	0.00771
26	0.00551	0.00400	0.00520	0.00615	0.00653	0.00369	0.00414	0.00633	0.00883	0.01163	0.02689	0.76498	0.10154	0.01395	0.00574	0.00181	0.00260	0.01258	0.00421	0.00369
27	0.00692	0.00529	0.00748	0.00738	0.00833	0.00614	0.00571	0.00951	0.08033	0.01124	0.01279	0.01811	0.01173	0.05819	0.72126	0.00666	0.01110	0.00494	0.00264	0.00429
28	0.00666	0.00442	0.00507	0.00512	0.00523	0.00444	0.00303	0.00687	0.00689	0.00936	0.01477	0.04637	0.01673	0.74080	0.04531	0.00422	0.00449	0.03191	0.03541	0.00291
29	0.00652	0.00438	0.00502	0.00508	0.00512	0.00438	0.00290	0.00661	0.00673	0.00899	0.01485	0.07636	0.01713	0.77266	0.04191	0.00432	0.00448	0.00691	0.00282	0.00283
30	0.00909	0.02344	0.81727	0.01292	0.01961	0.01052	0.01674	0.01435	0.00957	0.01435	0.00813	0.00957	0.00574	0.00431	0.00431	0.00144	0.00670	0.00335	0.00191	0.00670
31	0.00659	0.00469	0.00601	0.00565	0.00680	0.00428	0.00425	0.00863	0.01260	0.03327	0.72450	0.03438	0.11254	0.00939	0.00533	0.00143	0.00219	0.00825	0.00493	0.00430
32	0.02512	0.00600	0.00745	0.00626	0.00847	0.00549	0.00498	0.02393	0.01169	0.37049	0.14253	0.01961	0.04274	0.00625	0.00421	0.00129	0.00294	0.00515	0.29960	0.00581
33	0.00602	0.00472	0.00547	0.00542	0.00665	0.00427	0.00401	0.00796	0.04111	0.01479	0.34815	0.13431	0.37929	0.01072	0.00537	0.00153	0.00232	0.00925	0.00454	0.00411
34	0.01241	0.00985	0.01065	0.00933	0.01201	0.01113	0.00743	0.16592	0.56687	0.05116	0.01745	0.01840	0.01355	0.00649	0.00472	0.00154	0.00390	0.06551	0.00460	0.00706
35	0.01069	0.00914	0.00974	0.00881	0.01120	0.01045	0.00683	0.02224	0.71313	0.01871	0.08996	0.02914	0.02671	0.00660	0.00470	0.00153	0.00343	0.00555	0.00463	0.00683
36	0.00904	0.00768	0.00902	0.00667	0.01036	0.00582	0.00526	0.01094	0.00933	0.01447	0.00961	0.08535	0.00884	0.00435	0.00358	0.00078	0.00329	0.00362	0.00282	0.78917
37	0.01884	0.00757	0.01016	0.00800	0.01121	0.00669	0.00652	0.05283	0.01292	0.70922	0.01824	0.09063	0.01279	0.00639	0.00467	0.00144	0.00379	0.00530	0.00544	0.00734
38	0.00869	0.00668	0.00937	0.02552	0.01069	0.00686	0.05006	0.05582	0.02438	0.04470	0.05546	0.19041	0.02069	0.01001	0.00637	0.00175	0.08002	0.30481	0.00382	0.08391
39	0.01784	0.00728	0.00987	0.00791	0.01098	0.00643	0.00653	0.03165	0.01285	0.65835	0.08947	0.02028	0.01536	0.00657	0.00478	0.00147	0.00375	0.07615	0.00540	0.00708
40	0.00648	0.00470	0.00619	0.00630	0.00731	0.00441	0.00491	0.00843	0.01178	0.01622	0.52124	0.11196	0.07657	0.01057	0.00559	0.00162	0.00265	0.18419	0.00469	0.00417
41	0.01723	0.01269	0.01360	0.01043	0.01405	0.01405	0.00861	0.79738	0.02131	0.02856	0.01088	0.01088	0.00771	0.00544	0.00453	0.00136	0.00499	0.00408	0.00453	0.00771
42	0.00933	0.00915	0.01372	0.01160	0.01215	0.01205	0.08108	0.01065	0.00733	0.01111	0.00749	0.01202	0.00723	0.03927	0.14126	0.00285	0.60044	0.00432	0.00211	0.00485
43	0.00536	0.00459	0.00459	0.00459	0.00612	0.00383	0.00344	0.00650	0.01033	0.01224	0.04590	0.04361	0.81065	0.01148	0.00536	0.00153	0.00230	0.00956	0.00421	0.00383
44	0.00730	0.00522	0.00730	0.00835	0.00939	0.00522	0.00730	0.00939	0.01043	0.01356	0.02399	0.05111	0.02608	0.01252	0.00626	0.00209	0.00417	0.78199	0.00417	0.00417
45	0.00568	0.00408	0.00540	0.00624	0.00666	0.00380	0.00428	0.00669	0.00930	0.01249	0.12710	0.69287	0.05090	0.01345	0.00573	0.00179	0.00260	0.03286	0.00431	0.00377
46	0.00918	0.04698	0.79449	0.01277	0.01938	0.01074	0.01648	0.01433	0.00956	0.01424	0.00808	0.00950	0.00574	0.00429	0.00426	0.00142	0.00664	0.00332	0.00191	0.00667
47	0.04791	0.00889	0.01110	0.00854	0.01205	0.00848	0.00705	0.19998	0.01471	0.60833	0.01588	0.01411	0.01020	0.00552	0.00449	0.00139	0.00410	0.00438	0.00527	0.00762
48	0.00648	0.00483	0.00718	0.00718	0.00795	0.00561	0.00553	0.00802	0.00725	0.01044	0.01224	0.01834	0.01156	0.07096	0.78614	0.00715	0.01178	0.00493	0.00244	0.00399
49	0.01110	0.01067	0.01811	0.04884	0.76493	0.01085	0.01374	0.01374	0.01017	0.01459	0.00843	0.01120	0.00711	0.00418	0.00483	0.00137	0.03283	0.00403	0.00223	0.00705
50	0.01122	0.01077	0.01839	0.02781	0.81248	0.01077	0.01391	0.01391	0.01032	0.01480	0.00852	0.01122	0.00718	0.00404	0.00449	0.00135	0.00538	0.00404	0.00224	0.00718
51	0.00651	0.00471	0.00652	0.00652	0.00707	0.00525	0.00472	0.00760	0.00706	0.00996	0.01283	0.02165	0.01300	0.29589	0.56317	0.00634	0.00962	0.00542	0.00253	0.00362
52	0.00560	0.00457	0.00497	0.00508	0.00641	0.00394	0.00382	0.00687	0.01046	0.01292	0.13003	0.11953	0.60586	0.01154	0.00544	0.00158	0.00241	0.05079	0.00429	0.00388
53	0.00560	0.00401	0.00534	0.00637	0.00670	0.00375	0.00434	0.00646	0.00879	0.01167	0.02529	0.78743	0.04323	0.01407	0.00580	0.00185	0.00270	0.04870	0.00420	0.00371
54	0.00622	0.00462	0.00579	0.00550	0.00665	0.00419	0.00412	0.00818	0.01237	0.01708	0.67006	0.03564	0.18346	0.00967	0.00535	0.00144	0.00217	0.00845	0.00485	0.00419
55	0.01665	0.01223	0.01316	0.01017	0.01364	0.01353	0.00838	0.75195	0.02055	0.02767	0.01102	0.01126	0.00792	0.00638	0.03166	0.00155	0.00515	0.00411	0.02551	0.00750
56	0.00569	0.00417	0.00534	0.00612	0.00663	0.00381	0.00413	0.00653	0.00878	0.01166	0.02590	0.70671	0.10022	0.04114	0.00623	0.00185	0.00268	0.01198	0.00410	0.03632
57	0.00538	0.00449	0.00469	0.00486	0.00619	0.00380	0.00356	0.00647	0.01007	0.01214	0.04263	0.16773	0.68863	0.01190	0.00542	0.00158	0.00235	0.01008	0.00421	0.00380
58	0.00636	0.00484	0.00638	0.00689	0.00735	0.00500	0.00493	0.02828	0.00930	0.01258	0.08619	0.62423	0.05396	0.01285	0.00655	0.00180	0.07877	0.03570	0.00407	0.00397
59	0.00940	0.01063	0.08131	0.03921	0.01283	0.05338	0.03931	0.01098	0.00802	0.01150	0.01003	0.08760	0.03888	0.00941	0.05992	0.00214	0.49458	0.00498	0.00233	0.01357
60	0.87276	0.00876	0.00666	0.00596	0.00876	0.01017	0.00491	0.01332	0.00771	0.02033	0.00631	0.00736	0.00491	0.00421	0.00280	0.00140	0.00351	0.00245	0.00280	0.00491
61	0.01123	0.01078	0.01735	0.05685	0.69286	0.02701	0.01314	0.01483	0.08311	0.01499	0.00938	0.01171	0.00772	0.00426	0.00449	0.00137	0.00530	0.00411	0.00245	0.00706
62	0.00664	0.00499	0.00637	0.00591	0.00732	0.00446	0.03130	0.00838	0.01151	0.04175	0.40241	0.04778	0.33487	0.02797	0.00575	0.00156	0.00258	0.03969	0.00452	0.00423
63	0.01843	0.00708	0.01110	0.00921	0.01145	0.00653	0.17349	0.04078	0.02712	0.04471	0.10542	0.26314	0.10256	0.00879	0.00516	0.00152	0.00394	0.04312	0.00375	0.11268

[dist]
# distance from previous block
# <min> <max>
5	6

[block]
# block no. 7 follows, 57 sequences, length 23
# corresponding to MSA columns:
# 314-336
name=unknown_H
#
# <colnr> <probs for GDERKNQSTAVLIFYWHMCP>
#	G	D	E	R	K	N	Q	S	T	A	V	L	I	F	Y	W	H	M	C	P
0	0.03442	0.01153	0.01239	0.00963	0.01307	0.01253	0.00789	0.60739	0.07877	0.04668	0.01149	0.01152	0.00829	0.00530	0.00435	0.00131	0.00457	0.00404	0.04123	0.07360
1	0.01176	0.01229	0.02214	0.03422	0.04760	0.08461	0.54583	0.01519	0.03006	0.06440	0.00955	0.01191	0.00718	0.00417	0.00524	0.00144	0.02805	0.00481	0.00257	0.05700
2	0.00655	0.00461	0.00600	0.00588	0.00690	0.00424	0.00438	0.00842	0.01199	0.03342	0.60975	0.15803	0.07622	0.01016	0.00543	0.00152	0.00233	0.03514	0.00482	0.00423
3	0.00591	0.00458	0.00538	0.00525	0.00648	0.00405	0.00391	0.00755	0.01154	0.01528	0.44058	0.07718	0.37507	0.01046	0.00537	0.00149	0.00223	0.00902	0.00461	0.00405
4	0.15697	0.01178	0.08107	0.01024	0.08415	0.12659	0.00792	0.13210	0.09442	0.04210	0.01279	0.01461	0.04780	0.02025	0.00442	0.00141	0.00468	0.03040	0.11042	0.00586
5	0.00856	0.00805	0.01359	0.82986	0.03121	0.01007	0.01258	0.01158	0.00906	0.01158	0.00805	0.01208	0.00604	0.00453	0.00453	0.00151	0.00604	0.00403	0.00201	0.00503
6	0.00687	0.00496	0.00608	0.00588	0.00603	0.00539	0.00381	0.00727	0.00709	0.00976	0.06317	0.02682	0.01660	0.62457	0.10875	0.00430	0.08041	0.00626	0.00278	0.00318
7	0.00611	0.00468	0.00572	0.00622	0.00732	0.00429	0.00491	0.00759	0.01029	0.01307	0.10111	0.18498	0.35055	0.01210	0.00573	0.00176	0.00295	0.26240	0.00426	0.00395
8	0.01100	0.01054	0.01800	0.09418	0.74784	0.01071	0.01380	0.01371	0.01021	0.01454	0.00848	0.01129	0.00708	0.00408	0.00449	0.00136	0.00544	0.00404	0.00222	0.00700
9	0.00953	0.00828	0.01032	0.08202	0.01295	0.00688	0.02152	0.02829	0.00958	0.01467	0.00808	0.00974	0.00666	0.00363	0.00382	0.00081	0.02489	0.00292	0.00264	0.73277
