[name]
unknown

[dist]
# distance from previous block
# <min> <max>
7	522

[block]
# block no. 0 follows, 57 sequences, length 21
# corresponding to MSA columns:
# 524-532,537-548
name=unknown_A
#
# <colnr> <probs for GDERKNQSTAVLIFYWHMCP>
#	G	D	E	R	K	N	Q	S	T	A	V	L	I	F	Y	W	H	M	C	P
0	0.04181	0.04087	0.03933	0.12230	0.01757	0.06851	0.22120	0.13443	0.03909	0.05297	0.01080	0.08631	0.00918	0.00601	0.00582	0.02860	0.06139	0.00504	0.00298	0.00580
1	0.01610	0.01891	0.01295	0.01145	0.01374	0.61179	0.00879	0.11966	0.04122	0.01364	0.00781	0.00900	0.00637	0.00513	0.00518	0.00128	0.08545	0.00325	0.00267	0.00561
2	0.02373	0.01041	0.08525	0.01123	0.06696	0.02842	0.09861	0.14511	0.05605	0.05625	0.03261	0.05419	0.10241	0.05449	0.00693	0.00169	0.09338	0.03614	0.03038	0.00575
3	0.05801	0.00591	0.00822	0.00885	0.08092	0.00653	0.00613	0.03012	0.00821	0.01236	0.03170	0.01777	0.02437	0.08605	0.52908	0.00536	0.02072	0.00482	0.02960	0.02527
4	0.00616	0.00427	0.00507	0.00539	0.00561	0.00412	0.00332	0.00657	0.00773	0.01026	0.05104	0.29227	0.06898	0.49116	0.01572	0.00328	0.00361	0.00887	0.00339	0.00317
5	0.00677	0.00542	0.00673	0.00769	0.07978	0.00513	0.00500	0.02588	0.04208	0.01328	0.11596	0.19478	0.31804	0.10823	0.00743	0.00192	0.00307	0.04457	0.00397	0.00426
6	0.00753	0.00482	0.00584	0.00583	0.00697	0.00438	0.00423	0.00892	0.02238	0.09824	0.15500	0.25830	0.24554	0.09289	0.00709	0.00187	0.00281	0.03278	0.03035	0.00424
7	0.64784	0.08462	0.00894	0.00658	0.00951	0.01096	0.00553	0.09692	0.00950	0.03979	0.00742	0.00831	0.00571	0.00439	0.00306	0.00134	0.00374	0.00275	0.03777	0.00533
8	0.08444	0.00485	0.00546	0.00586	0.00682	0.00467	0.00419	0.00778	0.03187	0.01301	0.07167	0.38944	0.23613	0.07038	0.00658	0.00188	0.00281	0.04422	0.00403	0.00392
9	0.02445	0.00628	0.00687	0.00628	0.00786	0.01625	0.00473	0.12354	0.04351	0.07089	0.11496	0.13406	0.14613	0.07898	0.00618	0.00166	0.00310	0.00692	0.19253	0.00485
10	0.04119	0.00493	0.00621	0.08053	0.00901	0.00486	0.00506	0.00795	0.00981	0.01337	0.14943	0.27849	0.20219	0.04770	0.00611	0.00177	0.00305	0.09140	0.03292	0.00401
11	0.79415	0.00839	0.00647	0.00583	0.00852	0.00959	0.00477	0.01270	0.00795	0.01960	0.00990	0.01065	0.07793	0.00487	0.00304	0.00141	0.00340	0.00310	0.00293	0.00481
12	0.00716	0.00453	0.00585	0.00630	0.00704	0.00420	0.00445	0.00816	0.00933	0.08470	0.06771	0.49865	0.09074	0.10705	0.00762	0.00206	0.00301	0.07319	0.00421	0.00402
13	0.01924	0.00641	0.00762	0.00704	0.00836	0.00667	0.00522	0.18438	0.03352	0.03340	0.06937	0.21167	0.07359	0.08157	0.07508	0.13910	0.00428	0.00708	0.02186	0.00452
14	0.00614	0.00458	0.00554	0.00582	0.00660	0.00432	0.00406	0.01964	0.02970	0.01305	0.17699	0.35680	0.19793	0.11568	0.03007	0.00215	0.00300	0.00994	0.00414	0.00387
15	0.03845	0.01241	0.01303	0.01009	0.01363	0.03855	0.00829	0.67078	0.03977	0.06605	0.01109	0.01104	0.00788	0.00535	0.00444	0.00134	0.00491	0.00401	0.00442	0.03447
16	0.00741	0.00556	0.00710	0.00699	0.00803	0.00560	0.02867	0.08851	0.03258	0.01336	0.02250	0.35231	0.12470	0.11192	0.09739	0.01627	0.00435	0.04801	0.01451	0.00422
17	0.03431	0.00622	0.00755	0.08137	0.01007	0.03155	0.00579	0.05494	0.00996	0.05277	0.07417	0.16653	0.11966	0.09585	0.13300	0.00275	0.01807	0.06558	0.02545	0.00442
18	0.00678	0.00481	0.00578	0.00605	0.00690	0.00460	0.00428	0.03704	0.03457	0.02722	0.07643	0.36709	0.19416	0.10844	0.00801	0.03692	0.00298	0.04238	0.02162	0.00394
19	0.04582	0.00916	0.03488	0.00795	0.01101	0.03266	0.02442	0.12662	0.13531	0.05780	0.07937	0.01784	0.12075	0.00661	0.02338	0.00136	0.00397	0.00487	0.00374	0.25247
20	0.01062	0.10017	0.04386	0.02898	0.01307	0.03407	0.08138	0.05214	0.13365	0.02867	0.02829	0.03380	0.00933	0.00564	0.02993	0.00132	0.02824	0.00395	0.00301	0.32987

[dist]
# distance from previous block
# <min> <max>
6	49

[block]
# block no. 1 follows, 57 sequences, length 8
# corresponding to MSA columns:
# 603-610
name=unknown_B
#
# <colnr> <probs for GDERKNQSTAVLIFYWHMCP>
#	G	D	E	R	K	N	Q	S	T	A	V	L	I	F	Y	W	H	M	C	P
0	0.01038	0.04408	0.02812	0.03026	0.03681	0.08910	0.03219	0.12185	0.08012	0.03749	0.15046	0.04968	0.12829	0.00991	0.08757	0.00200	0.02366	0.00584	0.00367	0.02854
1	0.04463	0.08722	0.11516	0.01009	0.03522	0.07933	0.06616	0.08768	0.03037	0.11831	0.04356	0.11869	0.02787	0.02054	0.00509	0.00143	0.03164	0.00519	0.00334	0.06848
2	0.04335	0.06841	0.11233	0.03648	0.08980	0.02279	0.05022	0.12053	0.05575	0.03971	0.10203	0.06448	0.02984	0.02635	0.00527	0.00149	0.02607	0.04388	0.00333	0.05789
3	0.02542	0.06937	0.06095	0.08130	0.06694	0.05481	0.01988	0.06866	0.04062	0.02710	0.10816	0.04238	0.09856	0.12282	0.04939	0.00212	0.03142	0.00554	0.00317	0.02138
4	0.12151	0.02900	0.00994	0.00915	0.06208	0.09878	0.03790	0.10933	0.02599	0.03125	0.14589	0.09441	0.09794	0.04336	0.00540	0.00154	0.00417	0.03080	0.00364	0.03794
5	0.06981	0.41761	0.08783	0.03794	0.01361	0.09933	0.04563	0.04526	0.04673	0.01329	0.00817	0.01018	0.00700	0.00448	0.00360	0.00117	0.00529	0.02981	0.00240	0.05087
6	0.01063	0.12475	0.41143	0.04691	0.06628	0.05331	0.01248	0.04826	0.03831	0.04215	0.04633	0.01170	0.02381	0.00475	0.00419	0.00133	0.00571	0.00373	0.00252	0.04143
7	0.05180	0.00474	0.00598	0.00596	0.00647	0.00505	0.00410	0.00753	0.00739	0.01073	0.07315	0.05825	0.01608	0.36908	0.28705	0.06778	0.00666	0.00599	0.00282	0.00339

[dist]
# distance from previous block
# <min> <max>
10	18

[block]
# block no. 2 follows, 57 sequences, length 18
# corresponding to MSA columns:
# 629-646
name=unknown_C
#
# <colnr> <probs for GDERKNQSTAVLIFYWHMCP>
#	G	D	E	R	K	N	Q	S	T	A	V	L	I	F	Y	W	H	M	C	P
0	0.01196	0.00828	0.01132	0.01124	0.13299	0.00811	0.04958	0.04785	0.17509	0.18939	0.13809	0.02023	0.08424	0.00641	0.00473	0.00140	0.00386	0.02114	0.00421	0.06989
1	0.08359	0.00872	0.04050	0.05238	0.09442	0.00768	0.03935	0.04317	0.03771	0.06905	0.15655	0.01488	0.01374	0.00502	0.00414	0.00115	0.00389	0.00428	0.00332	0.31645
2	0.01125	0.01055	0.01834	0.09063	0.42463	0.01071	0.18536	0.05651	0.06488	0.03178	0.00960	0.01207	0.00761	0.00476	0.00523	0.03680	0.00570	0.00441	0.00258	0.00659
3	0.01297	0.01196	0.01238	0.06086	0.09818	0.18822	0.03849	0.14637	0.16283	0.05934	0.11348	0.03267	0.01376	0.00597	0.00464	0.00140	0.00514	0.02144	0.00369	0.00620
4	0.00590	0.00431	0.00520	0.00552	0.00614	0.00399	0.00372	0.00683	0.00931	0.01230	0.17349	0.33668	0.19122	0.20314	0.00959	0.00229	0.00287	0.00987	0.00402	0.00361
5	0.00731	0.00655	0.00764	0.00688	0.00850	0.05956	0.05811	0.00974	0.05745	0.01518	0.35513	0.04932	0.30771	0.00935	0.00525	0.00148	0.00310	0.02297	0.00430	0.00446
6	0.00856	0.00805	0.01359	0.82986	0.03121	0.01007	0.01258	0.01158	0.00906	0.01158	0.00805	0.01208	0.00604	0.00453	0.00453	0.00151	0.00604	0.00403	0.00201	0.00503
7	0.00940	0.00805	0.00940	0.00671	0.01074	0.00604	0.00537	0.01141	0.00940	0.01477	0.00805	0.00940	0.00671	0.00336	0.00336	0.00067	0.00336	0.00268	0.00268	0.86845
8	0.00856	0.00805	0.01359	0.82986	0.03121	0.01007	0.01258	0.01158	0.00906	0.01158	0.00805	0.01208	0.00604	0.00453	0.00453	0.00151	0.00604	0.00403	0.00201	0.00503
9	0.00647	0.00485	0.00728	0.00728	0.00809	0.00566	0.00566	0.00809	0.00728	0.01052	0.01214	0.01780	0.01133	0.03398	0.82279	0.00728	0.01214	0.00485	0.00243	0.00405
10	0.00649	0.00478	0.00690	0.00690	0.00757	0.00545	0.00518	0.00784	0.00717	0.01023	0.01249	0.01975	0.01218	0.16686	0.69107	0.00681	0.01086	0.00514	0.00248	0.00383
11	0.01593	0.01179	0.01275	0.00998	0.01325	0.01307	0.00815	0.68661	0.05597	0.02633	0.01143	0.01230	0.00854	0.04112	0.04977	0.00181	0.00529	0.00427	0.00435	0.00728
12	0.01281	0.01050	0.01111	0.00953	0.01237	0.01199	0.00755	0.22422	0.60165	0.02144	0.01649	0.01535	0.01225	0.00596	0.00459	0.00149	0.00395	0.00485	0.00459	0.00731
13	0.00909	0.02344	0.81727	0.01292	0.01961	0.01052	0.01674	0.01435	0.00957	0.01435	0.00813	0.00957	0.00574	0.00431	0.00431	0.00144	0.00670	0.00335	0.00191	0.00670
14	0.00552	0.00394	0.00526	0.00631	0.00657	0.00368	0.00421	0.00631	0.00868	0.01157	0.02498	0.83779	0.02997	0.01420	0.00578	0.00184	0.00263	0.01288	0.00421	0.00368
15	0.77812	0.01024	0.03658	0.00663	0.00955	0.07022	0.00562	0.01371	0.00816	0.01943	0.00643	0.00750	0.00501	0.00424	0.00295	0.00139	0.00397	0.00252	0.00274	0.00500
16	0.00574	0.00466	0.00514	0.00532	0.00669	0.00406	0.00413	0.00708	0.01045	0.01285	0.09809	0.08057	0.59883	0.01160	0.00551	0.00162	0.00258	0.12692	0.00426	0.00390
17	0.00926	0.00877	0.01485	0.61887	0.23673	0.01025	0.01293	0.01219	0.00939	0.01243	0.00818	0.01185	0.00634	0.00440	0.00452	0.00147	0.00587	0.00403	0.00207	0.00560

[dist]
# distance from previous block
# <min> <max>
0	1

[block]
# block no. 3 follows, 57 sequences, length 38
# corresponding to MSA columns:
# 648-685
name=unknown_D
#
# <colnr> <probs for GDERKNQSTAVLIFYWHMCP>
#	G	D	E	R	K	N	Q	S	T	A	V	L	I	F	Y	W	H	M	C	P
0	0.08839	0.12474	0.50346	0.01185	0.01738	0.01123	0.08903	0.01478	0.00973	0.07680	0.00859	0.00979	0.00621	0.00430	0.00411	0.00138	0.00604	0.00344	0.00232	0.00645
1	0.04570	0.01052	0.01680	0.09004	0.61431	0.01082	0.01269	0.08466	0.01121	0.04691	0.00897	0.01127	0.00720	0.00427	0.00443	0.00136	0.00527	0.00400	0.00258	0.00698
2	0.00561	0.00405	0.00532	0.00625	0.00664	0.00376	0.00426	0.00651	0.00900	0.01196	0.06207	0.73701	0.07019	0.01378	0.00576	0.00181	0.00264	0.03540	0.00424	0.00373
3	0.00629	0.00429	0.00500	0.00525	0.00537	0.00420	0.00312	0.00652	0.00722	0.00957	0.01800	0.22155	0.04958	0.61379	0.01830	0.00368	0.00390	0.00819	0.00315	0.00301
4	0.00793	0.00542	0.00663	0.00618	0.00766	0.00512	0.00475	0.03642	0.05725	0.07899	0.45786	0.06536	0.18689	0.00946	0.00528	0.00150	0.00260	0.04523	0.00478	0.00471
5	0.76098	0.00896	0.00737	0.00639	0.00930	0.01020	0.00527	0.06661	0.00896	0.07148	0.00735	0.00811	0.00550	0.00438	0.00303	0.00140	0.00363	0.00270	0.00310	0.00527
6	0.00660	0.00474	0.00574	0.00542	0.00674	0.00422	0.00409	0.00840	0.01199	0.04747	0.52279	0.03640	0.29897	0.00986	0.00532	0.00146	0.00226	0.00851	0.00475	0.00426
7	0.00609	0.00449	0.00558	0.00624	0.00693	0.00422	0.00450	0.02219	0.00937	0.01212	0.02807	0.46120	0.19258	0.08257	0.00720	0.00202	0.00300	0.13378	0.00408	0.00379
8	0.01347	0.01061	0.01132	0.00957	0.01250	0.01200	0.00761	0.26977	0.52905	0.04860	0.01602	0.01494	0.01180	0.00590	0.00458	0.00148	0.00404	0.00477	0.00462	0.00736
9	0.01590	0.01237	0.01297	0.01108	0.05906	0.07667	0.00849	0.52419	0.11937	0.06693	0.03857	0.01247	0.00967	0.00553	0.00453	0.00137	0.00493	0.00428	0.00431	0.00730
10	0.03454	0.01533	0.31395	0.09568	0.03306	0.01061	0.24671	0.08715	0.01088	0.01554	0.00921	0.02170	0.00711	0.00498	0.01759	0.00154	0.00647	0.01896	0.00243	0.04656
11	0.01178	0.11289	0.39898	0.01271	0.05515	0.08925	0.08169	0.02961	0.01050	0.10289	0.00928	0.01081	0.00692	0.00508	0.01867	0.00147	0.02041	0.01296	0.00250	0.00645
12	0.01342	0.02552	0.02654	0.05739	0.07876	0.12213	0.00862	0.12205	0.11722	0.14992	0.01164	0.01313	0.00902	0.02842	0.09145	0.00213	0.10880	0.00422	0.00342	0.00621
13	0.00563	0.00433	0.00516	0.00553	0.00644	0.00385	0.00393	0.00683	0.01013	0.01313	0.18805	0.37466	0.33167	0.01218	0.00553	0.00164	0.00240	0.01068	0.00436	0.00385
14	0.05393	0.10115	0.11017	0.01114	0.05815	0.20056	0.00926	0.08781	0.03727	0.04543	0.00906	0.02791	0.00772	0.03602	0.05624	0.00186	0.13408	0.00382	0.00267	0.00573
15	0.07759	0.01162	0.01178	0.00959	0.01272	0.05711	0.00774	0.42886	0.22750	0.06413	0.03632	0.01299	0.01024	0.00562	0.00443	0.00140	0.00454	0.00432	0.00437	0.00712
16	0.00883	0.00878	0.01299	0.30319	0.01911	0.07821	0.13130	0.01094	0.00931	0.01187	0.01318	0.21676	0.02450	0.03819	0.00655	0.00172	0.07709	0.02000	0.00272	0.00476
17	0.15765	0.09070	0.01068	0.00743	0.01058	0.01945	0.00621	0.01836	0.01160	0.50802	0.07186	0.01458	0.01187	0.00545	0.00411	0.00135	0.00377	0.00423	0.03546	0.00666
18	0.00887	0.00610	0.00718	0.00646	0.00834	0.00582	0.00496	0.01263	0.15836	0.11279	0.30539	0.06801	0.21102	0.00867	0.00502	0.00144	0.00274	0.00742	0.00464	0.05411
19	0.01826	0.00804	0.01081	0.00850	0.01150	0.00772	0.00701	0.06354	0.01261	0.64134	0.03472	0.01512	0.01123	0.00694	0.03489	0.00167	0.08925	0.00457	0.00505	0.00722
20	0.00588	0.00442	0.00543	0.00567	0.00641	0.00405	0.01451	0.00686	0.00940	0.01228	0.14700	0.34018	0.24246	0.16396	0.00876	0.00216	0.00285	0.01001	0.00403	0.00367
21	0.01693	0.02160	0.01284	0.01167	0.01401	0.82256	0.00876	0.01809	0.01284	0.01109	0.00700	0.00817	0.00584	0.00467	0.00409	0.00117	0.00817	0.00292	0.00233	0.00525
22	0.01020	0.00986	0.01717	0.32400	0.47073	0.01055	0.06564	0.01309	0.00988	0.01359	0.00839	0.01160	0.00674	0.00421	0.00456	0.00142	0.00578	0.00412	0.00216	0.00631
23	0.01127	0.00973	0.01025	0.00922	0.01178	0.01127	0.00717	0.02408	0.80430	0.01896	0.01844	0.01691	0.01383	0.00615	0.00461	0.00154	0.00359	0.00512	0.00461	0.00717
24	0.01050	0.00663	0.00775	0.00678	0.00888	0.00642	0.00531	0.08851	0.10989	0.17583	0.22917	0.04455	0.25467	0.00857	0.00504	0.00148	0.00301	0.01676	0.00477	0.00550
25	0.12692	0.00857	0.02655	0.00806	0.01129	0.01943	0.00668	0.05255	0.08171	0.54503	0.01615	0.05362	0.01121	0.00584	0.00438	0.00143	0.00390	0.00467	0.00493	0.00706
26	0.00980	0.04176	0.01401	0.11734	0.01433	0.01317	0.00996	0.01112	0.00742	0.01117	0.00634	0.01007	0.00599	0.00711	0.01252	0.00182	0.65374	0.00385	0.00202	0.04648
27	0.00579	0.00424	0.00534	0.00598	0.00657	0.00401	0.00416	0.00665	0.00888	0.01172	0.02772	0.55199	0.19975	0.01417	0.04540	0.03092	0.01716	0.01100	0.03482	0.00371
28	0.00735	0.00590	0.00865	0.00808	0.03976	0.00564	0.07625	0.03290	0.04202	0.01710	0.53886	0.12885	0.05254	0.00900	0.00531	0.00149	0.00296	0.00815	0.00450	0.00468
29	0.01243	0.45059	0.09104	0.00890	0.01272	0.18958	0.00839	0.01426	0.01006	0.01178	0.00691	0.00803	0.00596	0.00400	0.00337	0.00100	0.00548	0.00266	0.00215	0.15070
30	0.01254	0.01041	0.01746	0.04819	0.61406	0.01034	0.05288	0.04118	0.01102	0.12291	0.00988	0.01185	0.00769	0.00430	0.00454	0.00137	0.00530	0.00418	0.00277	0.00715
31	0.00585	0.00473	0.00524	0.00537	0.00661	0.00425	0.00393	0.00767	0.05315	0.01322	0.13876	0.22132	0.49070	0.01152	0.00541	0.00159	0.00242	0.00990	0.00433	0.00403
32	0.00889	0.00808	0.01311	0.28357	0.31421	0.00865	0.01096	0.01136	0.00985	0.01315	0.01529	0.05741	0.09164	0.00673	0.00492	0.00156	0.00498	0.12736	0.00276	0.00551
33	0.00655	0.00455	0.00574	0.00574	0.00602	0.00483	0.00374	0.00710	0.00683	0.00938	0.01355	0.02561	0.01472	0.56536	0.29605	0.00538	0.00704	0.00600	0.00264	0.00319
34	0.00659	0.00439	0.00494	0.00494	0.00494	0.00439	0.00275	0.00659	0.00659	0.00879	0.01428	0.02965	0.01647	0.84075	0.02306	0.00439	0.00439	0.00659	0.00275	0.00275
35	0.00575	0.00477	0.00506	0.00510	0.00654	0.00418	0.00385	0.00741	0.03840	0.01300	0.10653	0.08035	0.64611	0.01128	0.00539	0.00156	0.00243	0.04402	0.00429	0.00399
36	0.01353	0.21895	0.01471	0.00947	0.01237	0.13055	0.00789	0.17099	0.24449	0.04359	0.01144	0.01171	0.00892	0.00633	0.03476	0.00154	0.04503	0.00384	0.00343	0.00646
37	0.01582	0.00710	0.00906	0.00733	0.01024	0.00636	0.00593	0.01841	0.08064	0.54527	0.05229	0.02228	0.18485	0.00705	0.00476	0.00144	0.00343	0.00581	0.00520	0.00670

[dist]
# distance from previous block
# <min> <max>
9	16

[block]
# block no. 4 follows, 57 sequences, length 25
# corresponding to MSA columns:
# 705-729
name=unknown_E
#
# <colnr> <probs for GDERKNQSTAVLIFYWHMCP>
#	G	D	E	R	K	N	Q	S	T	A	V	L	I	F	Y	W	H	M	C	P
0	0.57697	0.07358	0.00959	0.00764	0.01040	0.23149	0.00616	0.01464	0.00922	0.01711	0.00650	0.00757	0.00523	0.00431	0.00316	0.00131	0.00487	0.00258	0.00261	0.00507
1	0.00554	0.00452	0.00490	0.00497	0.00628	0.00388	0.00367	0.00679	0.01051	0.01307	0.16119	0.14060	0.59537	0.01147	0.00541	0.00155	0.00231	0.00976	0.00433	0.00388
2	0.00630	0.00460	0.00592	0.00565	0.00671	0.00422	0.00421	0.00830	0.01245	0.01744	0.71915	0.07231	0.09648	0.00965	0.00537	0.00145	0.00217	0.00851	0.00490	0.00422
3	0.75373	0.00885	0.00747	0.04544	0.01019	0.01016	0.00552	0.04716	0.00861	0.05887	0.00715	0.00813	0.00539	0.00434	0.00305	0.00141	0.00371	0.00270	0.00298	0.00517
4	0.00659	0.00439	0.00494	0.00494	0.00494	0.00439	0.00275	0.00659	0.00659	0.00879	0.01428	0.02965	0.01647	0.84075	0.02306	0.00439	0.00439	0.00659	0.00275	0.00275
5	0.01123	0.00895	0.00980	0.00908	0.03349	0.00996	0.00686	0.02144	0.61997	0.07936	0.03617	0.01985	0.10047	0.00668	0.00470	0.00152	0.00349	0.00559	0.00458	0.00680
6	0.01234	0.80439	0.02323	0.00794	0.01174	0.05620	0.00780	0.01378	0.00938	0.01068	0.00633	0.00731	0.00582	0.00391	0.00296	0.00098	0.00500	0.00245	0.00196	0.00579
7	0.01302	0.00988	0.01069	0.00924	0.01204	0.01111	0.00730	0.12034	0.61877	0.10858	0.01744	0.01599	0.01278	0.00600	0.00460	0.00150	0.00379	0.00493	0.00471	0.00730
8	0.00885	0.00836	0.01405	0.73031	0.10376	0.01025	0.01263	0.01178	0.00911	0.01186	0.00803	0.01194	0.00614	0.00459	0.00484	0.00151	0.03070	0.00403	0.00203	0.00523
9	0.01188	0.05992	0.27095	0.03473	0.09688	0.05001	0.01155	0.19393	0.05226	0.03386	0.00977	0.02742	0.00769	0.00677	0.05048	0.00175	0.06680	0.00397	0.00287	0.00653
10	0.00884	0.00851	0.00910	0.04280	0.11675	0.12170	0.00691	0.04219	0.01104	0.01353	0.08216	0.07948	0.31073	0.00898	0.00547	0.00153	0.03519	0.08673	0.00357	0.00478
11	0.00594	0.00438	0.00610	0.05573	0.00822	0.00446	0.00488	0.00696	0.00832	0.01121	0.02099	0.59108	0.02435	0.06773	0.15406	0.00296	0.00466	0.01052	0.00366	0.00377
12	0.01022	0.00991	0.01732	0.31435	0.47156	0.01057	0.07406	0.01312	0.00990	0.01363	0.00841	0.01160	0.00675	0.00420	0.00457	0.00142	0.00579	0.00414	0.00216	0.00633
13	0.00973	0.00804	0.00943	0.00675	0.01076	0.00606	0.00541	0.01173	0.00950	0.03909	0.00835	0.00958	0.00685	0.00342	0.00339	0.00069	0.00337	0.00274	0.00277	0.84231
14	0.00659	0.00439	0.00494	0.00494	0.00494	0.00439	0.00275	0.00659	0.00659	0.00879	0.01428	0.02965	0.01647	0.84075	0.02306	0.00439	0.00439	0.00659	0.00275	0.00275
15	0.01007	0.01038	0.01646	0.01334	0.01426	0.01339	0.16741	0.01163	0.00769	0.01163	0.00659	0.01038	0.00613	0.00711	0.01296	0.00189	0.66721	0.00424	0.00204	0.00519
16	0.00952	0.00565	0.00711	0.00647	0.00821	0.00523	0.00508	0.01211	0.06528	0.18300	0.38807	0.04576	0.15912	0.00901	0.00522	0.00151	0.00279	0.07089	0.00488	0.00509
17	0.00597	0.00447	0.00543	0.00594	0.00675	0.00412	0.00435	0.00710	0.00952	0.01223	0.08277	0.30550	0.26659	0.11230	0.00779	0.00207	0.00298	0.14631	0.00408	0.00374
18	0.01122	0.01077	0.01839	0.02781	0.81248	0.01077	0.01391	0.01391	0.01032	0.01480	0.00852	0.01122	0.00718	0.00404	0.00449	0.00135	0.00538	0.00404	0.00224	0.00718
19	0.00647	0.00485	0.00728	0.00728	0.00809	0.00566	0.00566	0.00809	0.00728	0.01052	0.01214	0.01780	0.01133	0.03398	0.82279	0.00728	0.01214	0.00485	0.00243	0.00405
20	0.00555	0.00442	0.00498	0.00521	0.00633	0.00385	0.00377	0.00675	0.01025	0.01292	0.15125	0.25283	0.49216	0.01188	0.00547	0.00160	0.00236	0.01024	0.00432	0.00385
21	0.14813	0.00796	0.00868	0.00741	0.01007	0.02101	0.00597	0.06932	0.14342	0.27666	0.04000	0.02169	0.17055	0.00703	0.00454	0.00148	0.00357	0.04187	0.00452	0.00612
22	0.01201	0.81474	0.05156	0.00793	0.01191	0.01767	0.00807	0.01360	0.00922	0.01079	0.00636	0.00735	0.00581	0.00389	0.00296	0.00099	0.00491	0.00246	0.00194	0.00585
23	0.01631	0.01982	0.01256	0.01135	0.01374	0.69810	0.00860	0.06587	0.06301	0.01273	0.00846	0.01015	0.00705	0.00504	0.00421	0.00123	0.00757	0.02605	0.00267	0.00549
24	0.00653	0.00479	0.00654	0.00650	0.00707	0.00533	0.00471	0.00759	0.00720	0.01005	0.01429	0.02265	0.05042	0.29046	0.51260	0.00598	0.02543	0.00561	0.00260	0.00364

[dist]
# distance from previous block
# <min> <max>
0	1

[block]
# block no. 5 follows, 57 sequences, length 32
# corresponding to MSA columns:
# 731-762
name=unknown_F
#
# <colnr> <probs for GDERKNQSTAVLIFYWHMCP>
#	G	D	E	R	K	N	Q	S	T	A	V	L	I	F	Y	W	H	M	C	P
0	0.01046	0.32522	0.36091	0.01144	0.01639	0.03394	0.11021	0.01382	0.00965	0.01281	0.00841	0.03598	0.00710	0.00458	0.00400	0.00129	0.00599	0.01958	0.00210	0.00611
1	0.01156	0.36824	0.33406	0.01099	0.03592	0.08130	0.02685	0.05879	0.01039	0.01334	0.00745	0.00865	0.00595	0.00420	0.00373	0.00121	0.00593	0.00302	0.00212	0.00626
2	0.00650	0.00476	0.00679	0.00679	0.00742	0.00539	0.00504	0.00777	0.00714	0.01015	0.01259	0.02032	0.01242	0.20515	0.65312	0.00667	0.01049	0.00522	0.00249	0.00377
3	0.01214	0.79097	0.05200	0.00805	0.01198	0.04018	0.00810	0.01372	0.00932	0.01081	0.00639	0.00738	0.00581	0.00391	0.00299	0.00099	0.00501	0.00247	0.00195	0.00583
4	0.00652	0.00469	0.00643	0.00643	0.00695	0.00520	0.00460	0.00755	0.00703	0.00989	0.01291	0.02211	0.01320	0.32706	0.53227	0.00623	0.00932	0.00549	0.00254	0.00357
5	0.00655	0.00457	0.00584	0.00584	0.00615	0.00488	0.00386	0.00717	0.00686	0.00945	0.01346	0.02511	0.01450	0.53147	0.32965	0.00550	0.00736	0.00592	0.00262	0.00324
6	0.00638	0.00440	0.00543	0.00567	0.00589	0.00445	0.00363	0.00688	0.00736	0.00993	0.03266	0.18857	0.01932	0.52071	0.12771	0.00414	0.00505	0.03553	0.00309	0.00319
7	0.00564	0.00415	0.00513	0.00585	0.00637	0.00382	0.00396	0.00645	0.00884	0.01146	0.02818	0.57036	0.19074	0.10035	0.00752	0.00205	0.00278	0.02867	0.00405	0.00362
8	0.00825	0.00549	0.00652	0.00612	0.00778	0.00508	0.00478	0.02807	0.05707	0.11139	0.25380	0.06192	0.33505	0.00989	0.00529	0.00154	0.00276	0.07983	0.00462	0.00473
9	0.01215	0.01280	0.04817	0.04861	0.36857	0.15942	0.02589	0.06726	0.07523	0.01509	0.00925	0.01111	0.00748	0.00532	0.03013	0.00146	0.00586	0.00381	0.00263	0.08975
10	0.01232	0.81058	0.02334	0.00786	0.01173	0.01778	0.00779	0.04461	0.00969	0.01137	0.00648	0.00741	0.00589	0.00394	0.00297	0.00098	0.00485	0.00249	0.00204	0.00589
11	0.02970	0.04233	0.01077	0.02325	0.04696	0.05490	0.00717	0.16596	0.22928	0.06122	0.11373	0.03582	0.03141	0.01008	0.11473	0.00221	0.00522	0.00516	0.00397	0.00613
12	0.03977	0.02501	0.01094	0.00896	0.01178	0.05356	0.00716	0.22718	0.30920	0.13249	0.11080	0.01622	0.01449	0.00608	0.00456	0.00142	0.00408	0.00489	0.00455	0.00685
13	0.00650	0.00477	0.00684	0.00684	0.00750	0.00543	0.00512	0.00781	0.00715	0.01019	0.01254	0.02003	0.01229	0.18545	0.67265	0.00674	0.01068	0.00518	0.00249	0.00380
14	0.00588	0.00453	0.00537	0.00533	0.00648	0.00402	0.00393	0.00745	0.01131	0.01496	0.40442	0.13654	0.35193	0.01076	0.00540	0.00152	0.00226	0.00932	0.00458	0.00402
15	0.01506	0.17834	0.01572	0.03136	0.11942	0.51907	0.00932	0.03833	0.01196	0.01200	0.00720	0.00856	0.00607	0.00445	0.00393	0.00117	0.00702	0.00303	0.00230	0.00568
16	0.05348	0.00730	0.00948	0.00750	0.01054	0.00651	0.00610	0.03567	0.01256	0.62114	0.08338	0.01891	0.07216	0.02777	0.00508	0.00149	0.00363	0.00517	0.00524	0.00690
17	0.00933	0.03860	0.01432	0.57918	0.11349	0.01059	0.02250	0.04282	0.00948	0.01248	0.00829	0.01222	0.00662	0.02685	0.02408	0.00170	0.05589	0.00407	0.00217	0.00533
18	0.03558	0.01018	0.01555	0.17117	0.31867	0.02876	0.08047	0.11917	0.03926	0.03108	0.02664	0.02838	0.00934	0.00522	0.00483	0.00146	0.01850	0.04653	0.00287	0.00634
19	0.00559	0.00400	0.00533	0.00634	0.00664	0.00374	0.00428	0.00645	0.00885	0.01183	0.05070	0.79345	0.03030	0.01400	0.00578	0.00183	0.00265	0.03030	0.00423	0.00371
20	0.00946	0.00926	0.02934	0.07832	0.15116	0.09825	0.03406	0.01299	0.11086	0.01415	0.12373	0.03519	0.04158	0.01118	0.13367	0.00241	0.00596	0.08984	0.00324	0.00536
21	0.01173	0.18529	0.28795	0.06981	0.10805	0.09831	0.02521	0.01541	0.05627	0.07164	0.00896	0.01022	0.00684	0.00451	0.00429	0.00132	0.02191	0.00348	0.00244	0.00636
22	0.00685	0.00558	0.00773	0.02193	0.04154	0.00540	0.06018	0.00887	0.06378	0.01262	0.08508	0.28415	0.17899	0.16027	0.00861	0.00215	0.00348	0.03482	0.00378	0.00418
23	0.00601	0.00443	0.00563	0.00571	0.00662	0.00405	0.00414	0.00764	0.01132	0.01549	0.48318	0.25823	0.14889	0.01095	0.00547	0.00156	0.00230	0.00969	0.00466	0.00405
24	0.03335	0.04754	0.08188	0.03185	0.12161	0.21123	0.06976	0.18104	0.05357	0.02876	0.00951	0.01109	0.00748	0.00749	0.08218	0.00189	0.00675	0.00385	0.00291	0.00625
25	0.05142	0.01054	0.01626	0.06861	0.44143	0.01177	0.03287	0.08849	0.01039	0.01526	0.00803	0.01077	0.00676	0.00512	0.00689	0.00152	0.20103	0.00399	0.00242	0.00644
26	0.00560	0.00457	0.00494	0.00510	0.00640	0.00395	0.00382	0.00680	0.01022	0.01252	0.08609	0.12281	0.61239	0.03368	0.00593	0.00167	0.00250	0.06297	0.00421	0.00383
27	0.01700	0.01258	0.01347	0.01038	0.01397	0.01395	0.00856	0.76821	0.05084	0.02820	0.01116	0.01111	0.00794	0.00547	0.00454	0.00137	0.00493	0.00412	0.00454	0.00769
28	0.00618	0.00465	0.00573	0.00552	0.00671	0.00420	0.00419	0.00806	0.01209	0.01646	0.58127	0.03707	0.23936	0.00997	0.00539	0.00148	0.00226	0.04052	0.00475	0.00416
29	0.06591	0.01197	0.01277	0.03110	0.01390	0.01337	0.00832	0.63273	0.12035	0.02642	0.01151	0.01148	0.00828	0.00544	0.00444	0.00139	0.00475	0.00412	0.00438	0.00741
30	0.00912	0.01214	0.20220	0.02859	0.03465	0.02060	0.26501	0.03268	0.00970	0.01330	0.01202	0.04615	0.01135	0.17643	0.02624	0.00227	0.00620	0.08347	0.00260	0.00528
31	0.01272	0.49434	0.08039	0.01006	0.04325	0.19000	0.00900	0.01478	0.03499	0.01147	0.00704	0.00826	0.00613	0.00441	0.00412	0.00114	0.05713	0.00284	0.00212	0.00580

[dist]
# distance from previous block
# <min> <max>
0	2

[block]
# block no. 6 follows, 57 sequences, length 7
# corresponding to MSA columns:
# 765-771
name=unknown_G
#
# <colnr> <probs for GDERKNQSTAVLIFYWHMCP>
#	G	D	E	R	K	N	Q	S	T	A	V	L	I	F	Y	W	H	M	C	P
0	0.00677	0.00465	0.00592	0.00576	0.00687	0.00422	0.00426	0.00851	0.01173	0.05458	0.52103	0.17885	0.14923	0.01029	0.00539	0.00151	0.00233	0.00906	0.00477	0.00427
1	0.00787	0.00691	0.00996	0.00915	0.00964	0.00900	0.00739	0.00923	0.00714	0.01068	0.00963	0.01460	0.00915	0.02341	0.49497	0.00513	0.34499	0.00449	0.00225	0.00442
2	0.00918	0.00545	0.00716	0.00719	0.00864	0.00517	0.00575	0.01122	0.04147	0.16364	0.08807	0.20459	0.12022	0.01176	0.03663	0.00196	0.00368	0.25894	0.00447	0.00481
3	0.80188	0.00909	0.00723	0.00633	0.00920	0.01049	0.00521	0.07827	0.00884	0.02101	0.00669	0.00765	0.00514	0.00431	0.00295	0.00140	0.00363	0.00259	0.00295	0.00514
4	0.19589	0.02685	0.06122	0.03448	0.01090	0.02572	0.00673	0.06358	0.16398	0.06903	0.20793	0.01886	0.06311	0.00651	0.00462	0.00144	0.02442	0.00517	0.00392	0.00563
5	0.06027	0.00945	0.04051	0.08784	0.15187	0.02587	0.08513	0.02760	0.10755	0.05344	0.05248	0.06042	0.02796	0.00570	0.00470	0.01774	0.00458	0.01918	0.00314	0.15456
6	0.07593	0.00819	0.01014	0.06656	0.08784	0.00861	0.00723	0.17617	0.04656	0.09853	0.13630	0.06122	0.09653	0.02941	0.00550	0.00153	0.02959	0.02292	0.00396	0.02728

[dist]
# distance from previous block
# <min> <max>
0	47

[block]
# block no. 7 follows, 57 sequences, length 33
# corresponding to MSA columns:
# 826-858
name=unknown_H
#
# <colnr> <probs for GDERKNQSTAVLIFYWHMCP>
#	G	D	E	R	K	N	Q	S	T	A	V	L	I	F	Y	W	H	M	C	P
0	0.07790	0.26631	0.11555	0.00942	0.02762	0.07602	0.04195	0.01318	0.03999	0.03495	0.03239	0.02850	0.10203	0.01564	0.02064	0.00149	0.08399	0.00430	0.00266	0.00550
1	0.06423	0.05484	0.10354	0.09210	0.01552	0.03274	0.03415	0.28485	0.11178	0.05268	0.01054	0.01120	0.00777	0.00486	0.00422	0.00131	0.00496	0.00382	0.00347	0.10143
2	0.05582	0.03172	0.01307	0.01091	0.04238	0.15007	0.06178	0.21209	0.11504	0.13313	0.01210	0.05746	0.00953	0.00577	0.00508	0.00141	0.05548	0.00451	0.00374	0.01890
3	0.00656	0.00483	0.00676	0.00674	0.00729	0.00547	0.00494	0.00771	0.00712	0.01009	0.01289	0.04160	0.01306	0.25021	0.56755	0.00624	0.02918	0.00550	0.00255	0.00371
4	0.00845	0.00422	0.00422	0.00422	0.00528	0.00422	0.00317	0.01056	0.00950	0.01689	0.01478	0.01689	0.01161	0.00528	0.00317	0.00106	0.00211	0.00422	0.86591	0.00422
5	0.01550	0.19219	0.01535	0.00990	0.01330	0.12534	0.00831	0.44601	0.09467	0.02137	0.01011	0.01033	0.00765	0.00507	0.00413	0.00127	0.00525	0.00367	0.00368	0.00691
6	0.00554	0.00397	0.00523	0.00623	0.00652	0.00370	0.00415	0.00632	0.00867	0.01151	0.02527	0.79527	0.05105	0.03532	0.00622	0.00190	0.00267	0.01263	0.00417	0.00366
7	0.03291	0.44228	0.16818	0.04010	0.03915	0.12616	0.00990	0.01459	0.02854	0.02615	0.00735	0.00857	0.00612	0.00430	0.00385	0.00118	0.02967	0.00292	0.00215	0.00593
8	0.12651	0.00975	0.01109	0.00864	0.01208	0.02550	0.00712	0.27498	0.01504	0.44187	0.01392	0.01278	0.00917	0.00536	0.00432	0.00138	0.00427	0.00410	0.00484	0.00731
9	0.87276	0.00876	0.00666	0.00596	0.00876	0.01017	0.00491	0.01332	0.00771	0.02033	0.00631	0.00736	0.00491	0.00421	0.00280	0.00140	0.00351	0.00245	0.00280	0.00491
10	0.00541	0.00453	0.00472	0.00481	0.00619	0.00383	0.00355	0.00656	0.01026	0.01241	0.07426	0.12450	0.70010	0.01167	0.00540	0.00156	0.00232	0.00985	0.00424	0.00383
11	0.00566	0.00413	0.00532	0.00602	0.00656	0.00380	0.00414	0.00672	0.00958	0.01279	0.16381	0.61214	0.11654	0.01304	0.00566	0.00173	0.00251	0.01171	0.00434	0.00380
12	0.00570	0.00412	0.00532	0.00621	0.00663	0.00384	0.00426	0.00656	0.00882	0.01160	0.02612	0.66255	0.09858	0.06439	0.00684	0.00199	0.00281	0.06588	0.00411	0.00367
13	0.01723	0.01269	0.01360	0.01043	0.01405	0.01405	0.00861	0.79738	0.02131	0.02856	0.01088	0.01088	0.00771	0.00544	0.00453	0.00136	0.00499	0.00408	0.00453	0.00771
14	0.01679	0.01866	0.01309	0.01132	0.01395	0.56372	0.00875	0.24292	0.01510	0.01613	0.00809	0.00901	0.00638	0.00499	0.00455	0.00125	0.03309	0.00329	0.00296	0.00595
15	0.03927	0.01288	0.01316	0.01028	0.01372	0.06019	0.00841	0.71201	0.02014	0.02691	0.01089	0.03160	0.00809	0.00559	0.00449	0.00136	0.00507	0.00419	0.00435	0.00739
16	0.00618	0.00458	0.00576	0.00555	0.00665	0.00416	0.00413	0.00807	0.01215	0.01677	0.63312	0.08553	0.17068	0.00994	0.00537	0.00147	0.00219	0.00872	0.00481	0.00416
17	0.00573	0.00442	0.00527	0.00567	0.00665	0.00396	0.00416	0.00698	0.01013	0.01301	0.15265	0.32203	0.35505	0.01218	0.00558	0.00167	0.00254	0.07411	0.00432	0.00387
18	0.02495	0.00952	0.01668	0.37460	0.27389	0.01041	0.13424	0.01294	0.03000	0.01338	0.00910	0.03771	0.00746	0.00467	0.00485	0.00148	0.02146	0.00451	0.00228	0.00588
19	0.01304	0.02458	0.16349	0.01841	0.37421	0.02929	0.03667	0.07577	0.01155	0.17100	0.01082	0.03258	0.00826	0.00476	0.00450	0.00138	0.00536	0.00423	0.00306	0.00705
20	0.00654	0.00477	0.00588	0.00617	0.00736	0.00436	0.00486	0.00811	0.01071	0.03587	0.19011	0.15008	0.31310	0.01152	0.00564	0.00170	0.00287	0.22185	0.00439	0.00410
21	0.02852	0.00934	0.01528	0.27557	0.25010	0.01030	0.08974	0.05591	0.01023	0.03267	0.01107	0.03429	0.04248	0.00552	0.00563	0.00152	0.08044	0.03297	0.00257	0.00585
22	0.06634	0.03991	0.07334	0.03707	0.11293	0.20879	0.03389	0.14784	0.06437	0.09333	0.01052	0.03068	0.00830	0.00512	0.00430	0.00133	0.00564	0.01848	0.00322	0.03461
23	0.06198	0.03333	0.05133	0.01212	0.06773	0.46938	0.00921	0.09326	0.01230	0.03493	0.00782	0.00927	0.00636	0.00578	0.02768	0.00147	0.08447	0.00329	0.00260	0.00569
24	0.00561	0.00405	0.00533	0.00630	0.00668	0.00377	0.00431	0.00650	0.00892	0.01182	0.04052	0.74326	0.07331	0.01388	0.00577	0.00183	0.00267	0.04754	0.00422	0.00372
25	0.01177	0.75074	0.11348	0.00834	0.01253	0.01709	0.00877	0.01366	0.00925	0.01108	0.00651	0.00753	0.00581	0.00393	0.00307	0.00102	0.00506	0.00253	0.00194	0.00591
26	0.00863	0.00456	0.00668	0.04415	0.00755	0.00467	0.00459	0.03565	0.00683	0.03406	0.00830	0.01364	0.00789	0.01453	0.01621	0.76934	0.00407	0.00396	0.00218	0.00250
27	0.00845	0.00422	0.00422	0.00422	0.00528	0.00422	0.00317	0.01056	0.00950	0.01689	0.01478	0.01689	0.01161	0.00528	0.00317	0.00106	0.00211	0.00422	0.86591	0.00422
28	0.00621	0.00462	0.00578	0.00549	0.00665	0.00419	0.00412	0.00816	0.01235	0.01703	0.66363	0.03572	0.18993	0.00969	0.00535	0.00145	0.00217	0.00846	0.00484	0.00419
29	0.00965	0.00908	0.01528	0.32571	0.40821	0.00978	0.02630	0.01237	0.00986	0.01338	0.01118	0.01607	0.04295	0.00520	0.00469	0.00148	0.00544	0.06499	0.00239	0.00598
30	0.04709	0.01882	0.01194	0.01082	0.01315	0.65295	0.00818	0.04255	0.06653	0.01256	0.00981	0.01070	0.04368	0.00584	0.02512	0.00138	0.00742	0.00344	0.00267	0.00535
31	0.08227	0.00824	0.00984	0.00792	0.01100	0.00803	0.00644	0.10849	0.11660	0.46056	0.03852	0.01775	0.09149	0.00623	0.00453	0.00143	0.00372	0.00501	0.00498	0.00695
32	0.00765	0.08326	0.00813	0.00642	0.00757	0.00645	0.00488	0.02377	0.00909	0.04078	0.14467	0.05478	0.11632	0.19914	0.23874	0.00372	0.03082	0.00637	0.00329	0.00415

[dist]
# distance from previous block
# <min> <max>
0	3

[block]
# block no. 8 follows, 57 sequences, length 19
# corresponding to MSA columns:
# 862-880
name=unknown_I
#
# <colnr> <probs for GDERKNQSTAVLIFYWHMCP>
#	G	D	E	R	K	N	Q	S	T	A	V	L	I	F	Y	W	H	M	C	P
0	0.08715	0.01231	0.01263	0.00996	0.01336	0.03791	0.00815	0.62336	0.10672	0.02629	0.01122	0.01117	0.00810	0.00539	0.00439	0.00138	0.00481	0.00403	0.00433	0.00734
1	0.03029	0.35544	0.07587	0.00960	0.01318	0.14823	0.04643	0.07808	0.04349	0.02800	0.00804	0.00916	0.00663	0.00503	0.02177	0.00128	0.03198	0.00312	0.00250	0.08188
2	0.01322	0.16349	0.01483	0.00993	0.01258	0.04956	0.03502	0.34024	0.02902	0.01886	0.04194	0.04328	0.03271	0.00687	0.02667	0.00157	0.14617	0.00444	0.00339	0.00623
3	0.01148	0.38292	0.01797	0.00980	0.01177	0.05222	0.00869	0.01272	0.00843	0.03710	0.00669	0.00902	0.00618	0.00652	0.02800	0.00160	0.37809	0.00327	0.00211	0.00542
4	0.01410	0.34366	0.03463	0.00950	0.01287	0.06739	0.00844	0.32388	0.04003	0.01813	0.00868	0.00950	0.00694	0.00547	0.01978	0.00135	0.06270	0.00337	0.00309	0.00650
5	0.00818	0.13506	0.21055	0.00808	0.01110	0.00798	0.02633	0.01072	0.01059	0.03814	0.24389	0.11069	0.14540	0.00787	0.00475	0.00142	0.00393	0.00667	0.00352	0.00512
6	0.01693	0.02160	0.01284	0.01167	0.01401	0.82256	0.00876	0.01809	0.01284	0.01109	0.00700	0.00817	0.00584	0.00467	0.00409	0.00117	0.00817	0.00292	0.00233	0.00525
7	0.00582	0.00447	0.00496	0.00504	0.00599	0.00401	0.00349	0.00679	0.00959	0.01217	0.14254	0.13453	0.42160	0.20774	0.00960	0.00223	0.00281	0.00907	0.00397	0.00362
8	0.87276	0.00876	0.00666	0.00596	0.00876	0.01017	0.00491	0.01332	0.00771	0.02033	0.00631	0.00736	0.00491	0.00421	0.00280	0.00140	0.00351	0.00245	0.00280	0.00491
9	0.00878	0.00829	0.01392	0.75041	0.08260	0.01024	0.01259	0.01171	0.00908	0.01177	0.00802	0.01195	0.00611	0.00461	0.00486	0.00151	0.03233	0.00403	0.00203	0.00517
10	0.00845	0.00422	0.00422	0.00422	0.00528	0.00422	0.00317	0.01056	0.00950	0.01689	0.01478	0.01689	0.01161	0.00528	0.00317	0.00106	0.00211	0.00422	0.86591	0.00422
11	0.00589	0.00459	0.00535	0.00520	0.00646	0.00405	0.00388	0.00753	0.01154	0.01521	0.43027	0.06218	0.40071	0.01044	0.00536	0.00149	0.00223	0.00897	0.00460	0.00405
12	0.00779	0.00756	0.05734	0.01174	0.15766	0.00706	0.03996	0.01019	0.04855	0.01347	0.11532	0.31243	0.02045	0.01217	0.10016	0.00228	0.05959	0.00790	0.00340	0.00498
13	0.00866	0.00804	0.01133	0.01016	0.01042	0.01075	0.00830	0.00982	0.00723	0.01089	0.00928	0.04817	0.00942	0.03704	0.22082	0.00340	0.53254	0.03686	0.00230	0.00458
14	0.01828	0.01099	0.01255	0.00962	0.01320	0.01153	0.00795	0.53287	0.01846	0.29708	0.01327	0.01243	0.00890	0.00550	0.00454	0.00137	0.00460	0.00424	0.00490	0.00771
15	0.01385	0.00943	0.01051	0.00877	0.01158	0.01011	0.00699	0.26423	0.28629	0.16396	0.04224	0.06288	0.07514	0.00678	0.00472	0.00147	0.00388	0.00556	0.00472	0.00690
16	0.14130	0.07441	0.01435	0.03069	0.16830	0.19928	0.03679	0.12077	0.01158	0.03323	0.00793	0.00955	0.00641	0.00481	0.00511	0.00134	0.09207	0.00343	0.00269	0.03596
17	0.00626	0.00491	0.00615	0.00635	0.00739	0.00463	0.02240	0.00831	0.06528	0.01331	0.13539	0.36182	0.24868	0.02676	0.00586	0.00173	0.00279	0.06361	0.00427	0.00412
18	0.01158	0.05459	0.05311	0.04399	0.12359	0.03480	0.03386	0.12564	0.05093	0.04953	0.02079	0.02642	0.00824	0.00453	0.00424	0.00112	0.02024	0.00373	0.00302	0.32605

[dist]
# distance from previous block
# <min> <max>
4	7

[block]
# block no. 9 follows, 57 sequences, length 12
# corresponding to MSA columns:
# 889-900
name=unknown_J
#
# <colnr> <probs for GDERKNQSTAVLIFYWHMCP>
#	G	D	E	R	K	N	Q	S	T	A	V	L	I	F	Y	W	H	M	C	P
0	0.00865	0.00587	0.00693	0.00641	0.00773	0.00582	0.00471	0.11439	0.03363	0.06213	0.17225	0.13336	0.16267	0.15953	0.03241	0.05302	0.00358	0.01842	0.00405	0.00445
1	0.01025	0.01263	0.10160	0.01796	0.05994	0.01081	0.61467	0.01399	0.01045	0.01434	0.00995	0.01424	0.00798	0.00528	0.03031	0.00172	0.00739	0.04810	0.00236	0.00605
2	0.56754	0.08314	0.03974	0.00718	0.01022	0.06625	0.00618	0.05412	0.00942	0.08423	0.00815	0.03239	0.00647	0.00468	0.00328	0.00136	0.00414	0.00307	0.00302	0.00542
3	0.00882	0.01116	0.14270	0.03921	0.01617	0.03881	0.30116	0.01186	0.01051	0.01420	0.10852	0.06434	0.11751	0.00716	0.02116	0.00163	0.00559	0.04059	0.03358	0.00530
4	0.01182	0.03904	0.04191	0.06305	0.06692	0.12342	0.08363	0.11890	0.12846	0.04193	0.06304	0.03965	0.07276	0.00622	0.00555	0.00146	0.07787	0.00505	0.00334	0.00596
5	0.00663	0.00596	0.05090	0.00707	0.00814	0.00528	0.05132	0.00788	0.00814	0.01103	0.03939	0.17251	0.09659	0.28193	0.20886	0.00390	0.00599	0.02157	0.00309	0.00382
6	0.04124	0.06962	0.04838	0.02967	0.04604	0.02217	0.03417	0.08634	0.16014	0.05429	0.06546	0.06244	0.04789	0.03270	0.02938	0.01874	0.06015	0.00508	0.00346	0.08262
7	0.01480	0.01040	0.01152	0.00922	0.01212	0.01135	0.00743	0.48508	0.10167	0.09914	0.04630	0.01551	0.03566	0.06984	0.03111	0.00181	0.02101	0.00478	0.00440	0.00685
8	0.00860	0.00697	0.02002	0.00827	0.04719	0.04272	0.00596	0.01147	0.12149	0.05296	0.06097	0.07349	0.08557	0.12425	0.24871	0.03373	0.03363	0.00601	0.00330	0.00468
9	0.03778	0.05989	0.05346	0.11953	0.24994	0.04847	0.09705	0.04488	0.04457	0.05002	0.04422	0.01305	0.02250	0.02088	0.00568	0.00149	0.07342	0.00434	0.00269	0.00612
10	0.00625	0.00436	0.00555	0.00622	0.00680	0.00409	0.00425	0.00751	0.03524	0.03797	0.05326	0.64813	0.09969	0.04988	0.00642	0.00189	0.00273	0.01161	0.00423	0.00392
11	0.04245	0.09148	0.05922	0.04477	0.21251	0.15338	0.05248	0.07969	0.06335	0.03863	0.00945	0.03278	0.00777	0.00490	0.00457	0.01215	0.02007	0.00390	0.00274	0.06371

[dist]
# distance from previous block
# <min> <max>
11	25

[block]
# block no. 10 follows, 57 sequences, length 11
# corresponding to MSA columns:
# 930-940
name=unknown_K
#
# <colnr> <probs for GDERKNQSTAVLIFYWHMCP>
#	G	D	E	R	K	N	Q	S	T	A	V	L	I	F	Y	W	H	M	C	P
0	0.01354	0.13092	0.13074	0.07980	0.14226	0.24545	0.02866	0.07607	0.02988	0.06858	0.00874	0.01004	0.00677	0.00453	0.00416	0.00128	0.00623	0.00349	0.00262	0.00624
1	0.01763	0.00875	0.01079	0.00840	0.01169	0.00840	0.00688	0.23439	0.01498	0.49092	0.05621	0.03314	0.04162	0.00608	0.00461	0.00139	0.00399	0.00491	0.00512	0.03011
2	0.00809	0.00589	0.00739	0.00680	0.00829	0.00577	0.02728	0.05888	0.09572	0.05623	0.33645	0.18307	0.14148	0.03070	0.00571	0.00160	0.00288	0.00840	0.00456	0.00480
3	0.01269	0.00951	0.01044	0.00902	0.01169	0.01057	0.00715	0.15628	0.50487	0.09817	0.07819	0.01812	0.01513	0.00642	0.00470	0.00150	0.00376	0.03008	0.00471	0.00700
4	0.00655	0.00472	0.00585	0.00571	0.00690	0.00436	0.00431	0.00819	0.01102	0.04181	0.37597	0.08285	0.26903	0.03531	0.08635	0.00216	0.00339	0.03698	0.00438	0.00415
5	0.00823	0.00628	0.00875	0.03494	0.00948	0.00752	0.00640	0.04468	0.00804	0.04424	0.01138	0.01754	0.01078	0.14578	0.46069	0.00520	0.15822	0.00488	0.00261	0.00437
6	0.01008	0.00820	0.00983	0.00773	0.03918	0.00652	0.00594	0.04406	0.01009	0.04382	0.00926	0.01162	0.00780	0.00396	0.00362	0.00081	0.00355	0.03802	0.00292	0.73299
7	0.00626	0.00464	0.00548	0.00542	0.00667	0.00411	0.00406	0.00780	0.01121	0.03619	0.34408	0.12334	0.37860	0.01076	0.00540	0.00154	0.00237	0.03340	0.00455	0.00410
8	0.00885	0.03765	0.03222	0.03231	0.08374	0.00818	0.03982	0.02702	0.18068	0.01399	0.01642	0.10041	0.07255	0.06744	0.13001	0.00253	0.02182	0.03202	0.00328	0.08906
9	0.01249	0.27385	0.13896	0.01166	0.07316	0.04900	0.08159	0.12190	0.09821	0.05642	0.01078	0.01146	0.03186	0.00476	0.00408	0.00128	0.00532	0.00382	0.00291	0.00649
10	0.04649	0.00983	0.02469	0.00976	0.03869	0.06357	0.03941	0.03753	0.05150	0.09355	0.01020	0.01315	0.00852	0.00578	0.01724	0.00136	0.15716	0.05021	0.00302	0.31833

[dist]
# distance from previous block
# <min> <max>
0	1

[block]
# block no. 11 follows, 57 sequences, length 26
# corresponding to MSA columns:
# 942-967
name=unknown_L
#
# <colnr> <probs for GDERKNQSTAVLIFYWHMCP>
#	G	D	E	R	K	N	Q	S	T	A	V	L	I	F	Y	W	H	M	C	P
0	0.01004	0.27303	0.02491	0.03798	0.01100	0.02663	0.01751	0.04220	0.07387	0.04904	0.09683	0.14710	0.04962	0.00840	0.03164	0.00161	0.03838	0.05157	0.00335	0.00529
1	0.00707	0.00491	0.00586	0.00581	0.00654	0.00483	0.00405	0.00819	0.02779	0.04287	0.10490	0.07801	0.16912	0.38000	0.03707	0.00303	0.02432	0.07834	0.00359	0.00368
