[name]
unknown

[dist]
# distance from previous block
# <min> <max>
0	894

[block]
# block no. 0 follows, 56 sequences, length 52
# corresponding to MSA columns:
# 894-932,944-956
name=unknown_A
#
# <colnr> <probs for GDERKNQSTAVLIFYWHMCP>
#	G	D	E	R	K	N	Q	S	T	A	V	L	I	F	Y	W	H	M	C	P
0	0.00740	0.00528	0.00740	0.00845	0.00951	0.00528	0.00740	0.00951	0.01057	0.01374	0.02431	0.05179	0.02642	0.01268	0.00634	0.00211	0.00423	0.77912	0.00423	0.00423
1	0.00650	0.00469	0.00614	0.00578	0.00686	0.00433	0.00433	0.00866	0.01300	0.01841	0.80760	0.03429	0.04332	0.00939	0.00541	0.00144	0.00217	0.00830	0.00505	0.00433
2	0.00867	0.00816	0.01377	0.82762	0.03162	0.01020	0.01275	0.01173	0.00918	0.01173	0.00816	0.01224	0.00612	0.00459	0.00459	0.00153	0.00612	0.00408	0.00204	0.00510
3	0.00654	0.00490	0.00563	0.00545	0.00690	0.00434	0.00417	0.00833	0.02516	0.04265	0.31047	0.03966	0.45644	0.01060	0.00543	0.00154	0.00245	0.05048	0.00459	0.00425
4	0.81944	0.00946	0.00714	0.00636	0.00920	0.04139	0.00520	0.03103	0.00832	0.02042	0.00652	0.00757	0.00507	0.00431	0.00293	0.00141	0.00377	0.00254	0.00286	0.00505
5	0.01167	0.00999	0.01052	0.00939	0.01203	0.01154	0.00733	0.05649	0.76922	0.01961	0.01837	0.01687	0.01376	0.00620	0.00467	0.00155	0.00369	0.00515	0.00467	0.00729
6	0.00559	0.00400	0.00533	0.00639	0.00666	0.00373	0.00426	0.00639	0.00879	0.01172	0.02530	0.83566	0.03036	0.01438	0.00586	0.00186	0.00266	0.01305	0.00426	0.00373
7	0.00952	0.00816	0.00952	0.00680	0.01088	0.00612	0.00544	0.01156	0.00952	0.01496	0.00816	0.00952	0.00680	0.00340	0.00340	0.00068	0.00340	0.00272	0.00272	0.86672
8	0.00776	0.00577	0.00760	0.00838	0.00960	0.00593	0.00715	0.01112	0.10682	0.01429	0.02428	0.07749	0.04691	0.01193	0.00609	0.00202	0.00404	0.63393	0.00428	0.00457
9	0.00867	0.00816	0.01377	0.82762	0.03162	0.01020	0.01275	0.01173	0.00918	0.01173	0.00816	0.01224	0.00612	0.00459	0.00459	0.00153	0.00612	0.00408	0.00204	0.00510
10	0.00559	0.00400	0.00533	0.00639	0.00666	0.00373	0.00426	0.00639	0.00879	0.01172	0.02530	0.83566	0.03036	0.01438	0.00586	0.00186	0.00266	0.01305	0.00426	0.00373
11	0.00564	0.00403	0.00538	0.00645	0.00673	0.00377	0.00434	0.00647	0.00884	0.01177	0.02528	0.81556	0.03026	0.01434	0.00587	0.00187	0.00270	0.03269	0.00426	0.00374
12	0.01963	0.00820	0.01068	0.00824	0.01168	0.00747	0.00679	0.10921	0.01392	0.68363	0.01715	0.01518	0.01098	0.00565	0.00454	0.00140	0.00395	0.00454	0.04954	0.00763
13	0.00559	0.00403	0.00529	0.00631	0.00664	0.00374	0.00422	0.00640	0.00887	0.01175	0.02637	0.79596	0.06938	0.01424	0.00584	0.00185	0.00265	0.01288	0.00426	0.00374
14	0.01080	0.40609	0.25230	0.12573	0.01725	0.01441	0.02757	0.02727	0.00953	0.01243	0.00730	0.00905	0.00597	0.00441	0.00437	0.00127	0.05305	0.00314	0.00202	0.00603
15	0.00683	0.00514	0.00741	0.00744	0.00816	0.00592	0.00578	0.00830	0.00764	0.01082	0.01362	0.02286	0.01352	0.12261	0.60072	0.00620	0.04767	0.09268	0.00268	0.00401
16	0.87108	0.00888	0.00675	0.00604	0.00888	0.01030	0.00497	0.01350	0.00781	0.02060	0.00639	0.00746	0.00497	0.00426	0.00284	0.00142	0.00355	0.00249	0.00284	0.00497
17	0.02021	0.00770	0.01045	0.00804	0.01151	0.00667	0.00663	0.02200	0.01303	0.78754	0.01801	0.01567	0.01138	0.00567	0.00457	0.00141	0.00385	0.00461	0.03335	0.00770
18	0.01215	0.80735	0.05701	0.00807	0.01212	0.01785	0.00823	0.01378	0.00934	0.01096	0.00646	0.00746	0.00589	0.00395	0.00300	0.00100	0.00499	0.00249	0.00196	0.00593
19	0.00549	0.00455	0.00482	0.00503	0.00635	0.00388	0.00370	0.00661	0.01017	0.01231	0.04237	0.18238	0.65703	0.01213	0.00552	0.00162	0.00242	0.02550	0.00426	0.00386
20	0.00650	0.00469	0.00614	0.00578	0.00686	0.00433	0.00433	0.00866	0.01300	0.01841	0.80760	0.03429	0.04332	0.00939	0.00541	0.00144	0.00217	0.00830	0.00505	0.00433
21	0.00656	0.00492	0.00738	0.00738	0.00820	0.00574	0.00574	0.00820	0.00738	0.01066	0.01230	0.01804	0.01148	0.03443	0.82046	0.00738	0.01230	0.00492	0.00246	0.00410
22	0.01266	0.01012	0.01069	0.00920	0.01193	0.01149	0.00727	0.21408	0.53930	0.02143	0.01646	0.01561	0.01228	0.00597	0.00452	0.00147	0.00385	0.00485	0.07964	0.00714
23	0.00921	0.02375	0.81487	0.01309	0.01987	0.01066	0.01696	0.01454	0.00969	0.01454	0.00824	0.00969	0.00582	0.00436	0.00436	0.00145	0.00678	0.00339	0.00194	0.00678
24	0.00921	0.02375	0.81487	0.01309	0.01987	0.01066	0.01696	0.01454	0.00969	0.01454	0.00824	0.00969	0.00582	0.00436	0.00436	0.00145	0.00678	0.00339	0.00194	0.00678
25	0.00556	0.00412	0.00520	0.00607	0.00657	0.00376	0.00412	0.00643	0.00910	0.01185	0.02921	0.68971	0.17379	0.01387	0.00578	0.00181	0.00260	0.01243	0.00426	0.00376
26	0.00550	0.00465	0.00476	0.00473	0.00625	0.00391	0.00355	0.00674	0.01065	0.01284	0.10240	0.04346	0.75199	0.01146	0.00543	0.00154	0.00231	0.00959	0.00432	0.00391
27	0.01227	0.84142	0.02406	0.00786	0.01178	0.01817	0.00786	0.01375	0.00933	0.01080	0.00638	0.00736	0.00589	0.00393	0.00295	0.00098	0.00491	0.00245	0.00196	0.00589
28	0.00766	0.00472	0.00686	0.04958	0.00794	0.00508	0.00496	0.00689	0.00683	0.00919	0.01154	0.11343	0.02750	0.05898	0.05521	0.54001	0.05908	0.01934	0.00242	0.00279
29	0.01112	0.01066	0.01819	0.10046	0.73964	0.01084	0.01397	0.01388	0.01034	0.01470	0.00859	0.01144	0.00717	0.00414	0.00455	0.00138	0.00551	0.00409	0.00225	0.00708
30	0.00580	0.00411	0.00530	0.00617	0.00644	0.00388	0.00407	0.00650	0.00853	0.01133	0.02405	0.67420	0.04599	0.14541	0.00864	0.00227	0.00297	0.02672	0.00403	0.00359
31	0.00569	0.00422	0.00534	0.00617	0.00675	0.00387	0.00431	0.00668	0.00932	0.01213	0.04702	0.61336	0.18284	0.01362	0.00579	0.00181	0.00268	0.06029	0.00428	0.00380
32	0.00978	0.00950	0.01510	0.57029	0.24835	0.04415	0.01296	0.01266	0.00970	0.01262	0.00825	0.01183	0.00643	0.00446	0.00456	0.00147	0.00602	0.00404	0.00212	0.00572
33	0.01601	0.01127	0.01212	0.00950	0.01274	0.01236	0.00778	0.61348	0.05676	0.05859	0.01225	0.01238	0.00882	0.00553	0.00440	0.00134	0.00452	0.00422	0.12866	0.00727
34	0.00851	0.00910	0.09481	0.02430	0.20142	0.03000	0.00820	0.02711	0.04546	0.01413	0.12822	0.02447	0.19005	0.11058	0.06191	0.00221	0.00479	0.00622	0.00329	0.00523
35	0.00867	0.00816	0.01377	0.82762	0.03162	0.01020	0.01275	0.01173	0.00918	0.01173	0.00816	0.01224	0.00612	0.00459	0.00459	0.00153	0.00612	0.00408	0.00204	0.00510
36	0.00896	0.00884	0.03702	0.51859	0.07810	0.00976	0.07125	0.02598	0.03871	0.01333	0.06760	0.01574	0.05827	0.00541	0.00498	0.00152	0.02313	0.00485	0.00256	0.00537
37	0.00773	0.01074	0.23382	0.00861	0.01156	0.00696	0.03295	0.01105	0.04008	0.01563	0.33842	0.02339	0.06904	0.02898	0.08394	0.00207	0.01916	0.00610	0.00357	0.04620
38	0.01715	0.02188	0.01301	0.01183	0.01419	0.82022	0.00887	0.01833	0.01301	0.01124	0.00710	0.00828	0.00591	0.00473	0.00414	0.00118	0.00828	0.00296	0.00237	0.00532
39	0.01157	0.49172	0.20737	0.01007	0.04622	0.01473	0.01016	0.01402	0.00957	0.04717	0.02015	0.00908	0.00680	0.00439	0.00410	0.00118	0.04798	0.00302	0.00221	0.03847
40	0.00925	0.00554	0.00708	0.00658	0.02061	0.00507	0.00492	0.01153	0.04254	0.16975	0.44769	0.07516	0.15789	0.00910	0.00525	0.00148	0.00266	0.00789	0.00495	0.00505
41	0.00559	0.00400	0.00533	0.00639	0.00666	0.00373	0.00426	0.00639	0.00879	0.01172	0.02530	0.83566	0.03036	0.01438	0.00586	0.00186	0.00266	0.01305	0.00426	0.00373
42	0.56568	0.02708	0.02146	0.02359	0.09773	0.10327	0.04957	0.02505	0.00911	0.01815	0.00699	0.00844	0.00554	0.00435	0.00359	0.00140	0.01797	0.00296	0.00267	0.00541
43	0.01165	0.00998	0.01051	0.00939	0.01203	0.01153	0.00732	0.05389	0.77186	0.01958	0.01839	0.01689	0.01378	0.00620	0.00467	0.00155	0.00369	0.00515	0.00467	0.00729
44	0.00633	0.00485	0.00581	0.00554	0.00682	0.00443	0.00417	0.00854	0.03889	0.01655	0.54198	0.03682	0.28242	0.00998	0.00539	0.00148	0.00227	0.00863	0.00479	0.00429
45	0.01227	0.84142	0.02406	0.00786	0.01178	0.01817	0.00786	0.01375	0.00933	0.01080	0.00638	0.00736	0.00589	0.00393	0.00295	0.00098	0.00491	0.00245	0.00196	0.00589
46	0.00661	0.00472	0.00640	0.00640	0.00688	0.00521	0.00451	0.00757	0.00709	0.00993	0.01320	0.02301	0.01364	0.36763	0.49022	0.00617	0.00905	0.00565	0.00259	0.00355
47	0.00578	0.00459	0.00520	0.00520	0.00646	0.00400	0.00384	0.00722	0.01108	0.01422	0.28441	0.12928	0.48001	0.01123	0.00547	0.00155	0.00231	0.00963	0.00451	0.00400
48	0.01227	0.84142	0.02406	0.00786	0.01178	0.01817	0.00786	0.01375	0.00933	0.01080	0.00638	0.00736	0.00589	0.00393	0.00295	0.00098	0.00491	0.00245	0.00196	0.00589
49	0.01045	0.01082	0.06078	0.17569	0.30182	0.01016	0.14703	0.04353	0.02732	0.01482	0.00937	0.03602	0.00771	0.00448	0.00459	0.00136	0.00564	0.00439	0.00248	0.12155
50	0.01368	0.01101	0.01178	0.00989	0.01282	0.01257	0.00790	0.31819	0.48086	0.02268	0.01539	0.01459	0.01141	0.00601	0.00494	0.00150	0.02803	0.00475	0.00456	0.00741
51	0.01227	0.84142	0.02406	0.00786	0.01178	0.01817	0.00786	0.01375	0.00933	0.01080	0.00638	0.00736	0.00589	0.00393	0.00295	0.00098	0.00491	0.00245	0.00196	0.00589

[dist]
# distance from previous block
# <min> <max>
0	1

[block]
# block no. 1 follows, 56 sequences, length 128
# corresponding to MSA columns:
# 958-1085
name=unknown_B
#
# <colnr> <probs for GDERKNQSTAVLIFYWHMCP>
#	G	D	E	R	K	N	Q	S	T	A	V	L	I	F	Y	W	H	M	C	P
0	0.78927	0.00929	0.00763	0.02297	0.00990	0.03312	0.02347	0.01384	0.00819	0.03923	0.00680	0.00789	0.00522	0.00431	0.00302	0.00142	0.00384	0.00265	0.00287	0.00508
1	0.01200	0.01017	0.01081	0.00953	0.01217	0.01177	0.00748	0.10195	0.70383	0.01999	0.01761	0.01634	0.01320	0.00620	0.00491	0.00155	0.02357	0.00506	0.00460	0.00727
2	0.00608	0.00465	0.00557	0.00539	0.00661	0.00415	0.00402	0.00783	0.01193	0.01600	0.50429	0.06617	0.31991	0.01037	0.00543	0.00150	0.00224	0.00897	0.00474	0.00415
3	0.00751	0.00537	0.00665	0.00614	0.00753	0.00514	0.00466	0.02277	0.08013	0.04725	0.62715	0.03271	0.11103	0.00913	0.00531	0.00146	0.00242	0.00797	0.00496	0.00472
4	0.00668	0.00445	0.00501	0.00501	0.00501	0.00445	0.00278	0.00668	0.00668	0.00890	0.01447	0.03004	0.01669	0.83866	0.02337	0.00445	0.00445	0.00668	0.00278	0.00278
5	0.00867	0.00816	0.01377	0.82762	0.03162	0.01020	0.01275	0.01173	0.00918	0.01173	0.00816	0.01224	0.00612	0.00459	0.00459	0.00153	0.00612	0.00408	0.00204	0.00510
6	0.01154	0.00992	0.01045	0.00937	0.01199	0.01148	0.00730	0.04036	0.78555	0.01941	0.01853	0.01700	0.01389	0.00621	0.00467	0.00155	0.00366	0.00517	0.00467	0.00728
7	0.00922	0.00498	0.00505	0.00481	0.00609	0.00510	0.00367	0.06424	0.02675	0.01796	0.01478	0.01670	0.01154	0.00538	0.00333	0.00110	0.00237	0.00429	0.78805	0.00458
8	0.04630	0.10744	0.10662	0.00930	0.02644	0.04516	0.03402	0.08222	0.01165	0.23457	0.01189	0.06041	0.00923	0.00515	0.00414	0.00123	0.00461	0.00414	0.00357	0.19191
9	0.00924	0.01047	0.11723	0.29416	0.18497	0.02330	0.05910	0.01202	0.00965	0.02882	0.01218	0.16151	0.02368	0.00641	0.00511	0.00155	0.02659	0.00578	0.00261	0.00562
10	0.00921	0.02375	0.81487	0.01309	0.01987	0.01066	0.01696	0.01454	0.00969	0.01454	0.00824	0.00969	0.00582	0.00436	0.00436	0.00145	0.00678	0.00339	0.00194	0.00678
11	0.01049	0.00979	0.01589	0.32642	0.41794	0.01075	0.01278	0.04639	0.04923	0.01445	0.00963	0.01248	0.02026	0.00463	0.00476	0.00145	0.01961	0.00423	0.00243	0.00638
12	0.11861	0.24994	0.14463	0.01064	0.04141	0.12184	0.03583	0.15167	0.01189	0.01626	0.00781	0.00895	0.00622	0.00451	0.00406	0.00126	0.02559	0.00317	0.00263	0.03307
13	0.01028	0.01006	0.01597	0.23415	0.33063	0.04015	0.06360	0.01270	0.00945	0.01305	0.00846	0.01222	0.00719	0.03377	0.02674	0.00177	0.14279	0.00423	0.01689	0.00590
14	0.00662	0.00498	0.00619	0.00598	0.00699	0.02180	0.00442	0.00860	0.01249	0.01745	0.69655	0.12986	0.04096	0.00989	0.00544	0.00149	0.00236	0.00876	0.00490	0.00428
15	0.00629	0.00468	0.00585	0.00556	0.00673	0.00424	0.00417	0.00826	0.01250	0.01724	0.65971	0.03622	0.19194	0.00982	0.00542	0.00146	0.00220	0.00857	0.00490	0.00424
16	0.00569	0.00405	0.00536	0.00631	0.00661	0.00379	0.00421	0.00654	0.00896	0.01201	0.07046	0.75985	0.03062	0.04391	0.00647	0.00193	0.00270	0.01254	0.00425	0.00373
17	0.01084	0.01238	0.02709	0.01935	0.02399	0.01161	0.79334	0.01471	0.01084	0.01471	0.00929	0.01238	0.00697	0.00387	0.00542	0.00155	0.00774	0.00542	0.00232	0.00619
18	0.00582	0.00448	0.00539	0.00598	0.00692	0.00405	0.00444	0.00700	0.00984	0.01243	0.04669	0.36927	0.35379	0.01289	0.00575	0.00177	0.00276	0.13260	0.00427	0.00388
19	0.87108	0.00888	0.00675	0.00604	0.00888	0.01030	0.00497	0.01350	0.00781	0.02060	0.00639	0.00746	0.00497	0.00426	0.00284	0.00142	0.00355	0.00249	0.00284	0.00497
20	0.01142	0.00986	0.01038	0.00934	0.01194	0.01142	0.00727	0.02440	0.80172	0.01920	0.01869	0.01713	0.01401	0.00623	0.00467	0.00156	0.00363	0.00519	0.00467	0.00727
21	0.01415	0.00848	0.00929	0.00755	0.01010	0.00891	0.00610	0.34847	0.01527	0.14004	0.01375	0.01428	0.01001	0.00547	0.00401	0.00125	0.00365	0.00427	0.36863	0.00631
22	0.01327	0.67999	0.02201	0.00846	0.01226	0.06270	0.00803	0.12274	0.01124	0.01335	0.00707	0.00793	0.00616	0.00419	0.00324	0.00105	0.00512	0.00272	0.00235	0.00613
23	0.01548	0.00805	0.01017	0.00762	0.01132	0.00669	0.00621	0.04535	0.01194	0.43079	0.03602	0.01345	0.01024	0.00483	0.00413	0.00111	0.00369	0.00392	0.00439	0.36460
24	0.10712	0.11477	0.30517	0.01125	0.03061	0.05470	0.07448	0.01628	0.12368	0.07577	0.01093	0.02723	0.01871	0.00493	0.00421	0.00141	0.00552	0.00396	0.00285	0.00641
25	0.00867	0.00816	0.01377	0.82762	0.03162	0.01020	0.01275	0.01173	0.00918	0.01173	0.00816	0.01224	0.00612	0.00459	0.00459	0.00153	0.00612	0.00408	0.00204	0.00510
26	0.02060	0.00781	0.01065	0.00817	0.01172	0.00675	0.00675	0.02237	0.01314	0.81320	0.01811	0.01563	0.01136	0.00568	0.00462	0.00142	0.00391	0.00462	0.00568	0.00781
27	0.00727	0.00459	0.00608	0.00661	0.00732	0.00430	0.00461	0.02367	0.00971	0.08472	0.08185	0.66747	0.02873	0.01352	0.02442	0.00191	0.00301	0.01158	0.00441	0.00423
28	0.01327	0.01080	0.04462	0.03689	0.39791	0.01010	0.15174	0.04099	0.02651	0.19071	0.01134	0.02540	0.00855	0.00467	0.00474	0.00143	0.00549	0.00458	0.00317	0.00710
29	0.00888	0.00523	0.00687	0.00616	0.00767	0.00473	0.00472	0.01096	0.01296	0.15423	0.65431	0.03134	0.05616	0.00881	0.00528	0.00144	0.00247	0.00771	0.00514	0.00492
30	0.25930	0.00811	0.00956	0.00757	0.01092	0.00774	0.00625	0.01988	0.01165	0.59074	0.01482	0.01333	0.00957	0.00528	0.00412	0.00142	0.00381	0.00402	0.00488	0.00702
31	0.01067	0.01025	0.01790	0.11252	0.54631	0.01040	0.10488	0.02891	0.01048	0.01465	0.01013	0.06214	0.00903	0.00500	0.00478	0.00145	0.00559	0.02580	0.00247	0.00662
32	0.00678	0.00518	0.00735	0.00923	0.09032	0.00500	0.00628	0.00824	0.00965	0.01277	0.02446	0.44276	0.07093	0.01260	0.00586	0.00188	0.00346	0.26892	0.00405	0.00427
33	0.00633	0.00465	0.00594	0.00582	0.00688	0.00427	0.00437	0.00824	0.01219	0.01684	0.60569	0.10904	0.13583	0.01027	0.00550	0.00153	0.00233	0.04523	0.00485	0.00422
34	0.00952	0.01991	0.57426	0.01462	0.04158	0.01070	0.18809	0.01421	0.00988	0.01442	0.00904	0.03950	0.00698	0.00467	0.00487	0.00150	0.02340	0.00421	0.00212	0.00652
35	0.03159	0.08607	0.03084	0.04216	0.11049	0.38517	0.15377	0.05051	0.01186	0.01332	0.00780	0.00965	0.00634	0.00457	0.00474	0.00132	0.03792	0.00363	0.00239	0.00587
36	0.01227	0.84142	0.02406	0.00786	0.01178	0.01817	0.00786	0.01375	0.00933	0.01080	0.00638	0.00736	0.00589	0.00393	0.00295	0.00098	0.00491	0.00245	0.00196	0.00589
37	0.00626	0.00468	0.00581	0.00553	0.00672	0.00423	0.00415	0.00821	0.01244	0.01710	0.64159	0.03645	0.21014	0.00987	0.00542	0.00147	0.00220	0.00861	0.00488	0.00423
38	0.02021	0.00843	0.01104	0.00846	0.01203	0.00766	0.00699	0.11666	0.01417	0.71745	0.01725	0.01506	0.01093	0.00566	0.00461	0.00142	0.00405	0.00456	0.00555	0.00781
39	0.70429	0.00867	0.00751	0.00646	0.00944	0.00960	0.00532	0.01524	0.00886	0.17604	0.00869	0.00906	0.00623	0.00454	0.00319	0.00142	0.00362	0.00290	0.00340	0.00553
40	0.00552	0.00455	0.00484	0.00498	0.00631	0.00388	0.00366	0.00668	0.01037	0.01266	0.08932	0.16275	0.64482	0.01191	0.00549	0.00159	0.00237	0.01011	0.00431	0.00388
41	0.01227	0.84142	0.02406	0.00786	0.01178	0.01817	0.00786	0.01375	0.00933	0.01080	0.00638	0.00736	0.00589	0.00393	0.00295	0.00098	0.00491	0.00245	0.00196	0.00589
42	0.00583	0.00462	0.00524	0.00518	0.00647	0.00403	0.00385	0.00733	0.01127	0.01455	0.32319	0.09489	0.47527	0.01100	0.00545	0.00153	0.00229	0.00941	0.00455	0.00403
43	0.01715	0.02188	0.01301	0.01183	0.01419	0.82022	0.00887	0.01833	0.01301	0.01124	0.00710	0.00828	0.00591	0.00473	0.00414	0.00118	0.00828	0.00296	0.00237	0.00532
44	0.00740	0.00528	0.00740	0.00845	0.00951	0.00528	0.00740	0.00951	0.01057	0.01374	0.02431	0.05179	0.02642	0.01268	0.00634	0.00211	0.00423	0.77912	0.00423	0.00423
45	0.87108	0.00888	0.00675	0.00604	0.00888	0.01030	0.00497	0.01350	0.00781	0.02060	0.00639	0.00746	0.00497	0.00426	0.00284	0.00142	0.00355	0.00249	0.00284	0.00497
46	0.00856	0.00428	0.00428	0.00428	0.00535	0.00428	0.00321	0.01070	0.00963	0.01712	0.01498	0.01712	0.01177	0.00535	0.00321	0.00107	0.00214	0.00428	0.86414	0.00428
47	0.00952	0.00816	0.00952	0.00680	0.01088	0.00612	0.00544	0.01156	0.00952	0.01496	0.00816	0.00952	0.00680	0.00340	0.00340	0.00068	0.00340	0.00272	0.00272	0.86672
48	0.01136	0.01091	0.01863	0.02818	0.81002	0.01091	0.01409	0.01409	0.01045	0.01500	0.00864	0.01136	0.00727	0.00409	0.00455	0.00136	0.00545	0.00409	0.00227	0.00727
49	0.00990	0.07611	0.47613	0.05853	0.14529	0.01091	0.03634	0.04777	0.01025	0.01464	0.00949	0.06675	0.00787	0.00502	0.00445	0.00144	0.00607	0.00423	0.00229	0.00653
50	0.00668	0.00445	0.00501	0.00501	0.00501	0.00445	0.00278	0.00668	0.00668	0.00890	0.01447	0.03004	0.01669	0.83866	0.02337	0.00445	0.00445	0.00668	0.00278	0.00278
51	0.01745	0.01286	0.01378	0.01056	0.01424	0.01424	0.00873	0.79471	0.02159	0.02893	0.01102	0.01102	0.00781	0.00551	0.00459	0.00138	0.00505	0.00413	0.00459	0.00781
52	0.00578	0.00451	0.00527	0.00555	0.00663	0.00399	0.00407	0.00708	0.01047	0.01341	0.18295	0.26629	0.40349	0.01204	0.00559	0.00165	0.00249	0.05041	0.00441	0.00394
53	0.01006	0.00941	0.02876	0.02140	0.54875	0.00918	0.01140	0.03052	0.02649	0.01497	0.05580	0.15431	0.01407	0.00656	0.00489	0.00149	0.00473	0.03787	0.00294	0.00639
54	0.87108	0.00888	0.00675	0.00604	0.00888	0.01030	0.00497	0.01350	0.00781	0.02060	0.00639	0.00746	0.00497	0.00426	0.00284	0.00142	0.00355	0.00249	0.00284	0.00497
55	0.81208	0.00902	0.00756	0.00756	0.06386	0.01034	0.00560	0.01354	0.00799	0.02021	0.00655	0.00773	0.00513	0.00425	0.00296	0.00142	0.00368	0.00260	0.00280	0.00513
56	0.00740	0.00528	0.00740	0.00845	0.00951	0.00528	0.00740	0.00951	0.01057	0.01374	0.02431	0.05179	0.02642	0.01268	0.00634	0.00211	0.00423	0.77912	0.00423	0.00423
57	0.87108	0.00888	0.00675	0.00604	0.00888	0.01030	0.00497	0.01350	0.00781	0.02060	0.00639	0.00746	0.00497	0.00426	0.00284	0.00142	0.00355	0.00249	0.00284	0.00497
58	0.01696	0.00740	0.00977	0.00775	0.01071	0.00667	0.00630	0.07189	0.01368	0.56647	0.20939	0.01985	0.01888	0.00657	0.00481	0.00142	0.00356	0.00548	0.00546	0.00697
59	0.02028	0.00810	0.01080	0.00831	0.01185	0.00720	0.00685	0.06010	0.02738	0.76100	0.01778	0.01543	0.01124	0.00568	0.00462	0.00142	0.00396	0.00460	0.00561	0.00780
60	0.00559	0.00400	0.00533	0.00639	0.00666	0.00373	0.00426	0.00639	0.00879	0.01172	0.02530	0.83566	0.03036	0.01438	0.00586	0.00186	0.00266	0.01305	0.00426	0.00373
61	0.00620	0.00424	0.00569	0.00665	0.00709	0.00397	0.00465	0.00716	0.00910	0.03457	0.02500	0.73210	0.02942	0.01396	0.00587	0.00188	0.00286	0.09138	0.00430	0.00390
62	0.03878	0.01057	0.05084	0.03833	0.09505	0.03823	0.05282	0.18420	0.12399	0.16739	0.01296	0.01396	0.00965	0.02782	0.07197	0.00197	0.00546	0.00445	0.04489	0.00668
63	0.01190	0.17761	0.14014	0.01601	0.10759	0.13627	0.31732	0.01498	0.01066	0.01342	0.00816	0.01026	0.00646	0.00411	0.00448	0.00135	0.00687	0.00401	0.00220	0.00621
64	0.00910	0.00792	0.02309	0.03658	0.01119	0.00632	0.00584	0.02925	0.03427	0.01504	0.04559	0.11381	0.01153	0.00522	0.00392	0.00095	0.00346	0.00442	0.00308	0.62942
65	0.01080	0.30933	0.35631	0.02701	0.01678	0.02729	0.09027	0.01421	0.00978	0.02707	0.00783	0.00926	0.00613	0.00413	0.00390	0.00124	0.00594	0.00324	0.00212	0.06737
66	0.01057	0.01005	0.01639	0.09679	0.58294	0.02248	0.02803	0.01359	0.04264	0.01471	0.03918	0.04664	0.03227	0.00518	0.00470	0.00143	0.00519	0.01796	0.00262	0.00663
67	0.02060	0.00781	0.01065	0.00817	0.01172	0.00675	0.00675	0.02237	0.01314	0.81320	0.01811	0.01563	0.01136	0.00568	0.00462	0.00142	0.00391	0.00462	0.00568	0.00781
68	0.01112	0.01015	0.08296	0.04129	0.30048	0.00925	0.03597	0.02785	0.13976	0.08335	0.02437	0.01496	0.02217	0.03182	0.03995	0.00174	0.00500	0.00458	0.10677	0.00645
69	0.06120	0.15496	0.11905	0.02919	0.01424	0.15076	0.06245	0.08116	0.01144	0.13597	0.01012	0.01113	0.01955	0.00558	0.01913	0.00146	0.07239	0.00371	0.03039	0.00613
70	0.00543	0.00465	0.00465	0.00465	0.00620	0.00388	0.00349	0.00659	0.01046	0.01240	0.04651	0.04418	0.80815	0.01163	0.00543	0.00155	0.00233	0.00969	0.00426	0.00388
71	0.00568	0.00406	0.00542	0.00645	0.00676	0.00380	0.00437	0.00656	0.00897	0.01197	0.04648	0.78626	0.03058	0.01419	0.00586	0.00186	0.00271	0.03997	0.00428	0.00376
72	0.01157	0.01149	0.07102	0.20369	0.30637	0.02496	0.04370	0.13502	0.10131	0.01680	0.01011	0.01213	0.00779	0.00471	0.00457	0.00143	0.00552	0.00421	0.01691	0.00670
73	0.03410	0.01052	0.02339	0.04007	0.12230	0.04131	0.00858	0.03517	0.53655	0.05976	0.01567	0.01518	0.01179	0.00573	0.00475	0.00151	0.01773	0.00475	0.00409	0.00706
74	0.00567	0.00405	0.00540	0.00641	0.00672	0.00379	0.00433	0.00655	0.00901	0.01205	0.05976	0.78525	0.03086	0.01413	0.00585	0.00185	0.00267	0.02760	0.00430	0.00377
75	0.00702	0.00506	0.00618	0.00579	0.00704	0.00479	0.00437	0.03047	0.03998	0.01798	0.61385	0.03272	0.11981	0.00908	0.00519	0.00143	0.00231	0.00790	0.07456	0.00448
76	0.04168	0.19529	0.16401	0.03091	0.10560	0.07053	0.11902	0.16484	0.02408	0.02960	0.00873	0.01009	0.00673	0.00447	0.00421	0.00132	0.00592	0.00369	0.00271	0.00658
77	0.26940	0.01532	0.01089	0.00960	0.01226	0.39149	0.00747	0.07823	0.06833	0.06964	0.00874	0.00940	0.00673	0.00488	0.00405	0.00133	0.02026	0.00320	0.00306	0.00571
78	0.00627	0.00459	0.00579	0.00616	0.00694	0.00430	0.00435	0.03511	0.01070	0.01441	0.26177	0.47626	0.12171	0.01226	0.00563	0.00169	0.00256	0.01093	0.00451	0.00407
79	0.02812	0.06916	0.02877	0.05068	0.25282	0.06406	0.02326	0.24774	0.06932	0.03577	0.01014	0.01182	0.00797	0.00493	0.00457	0.00135	0.01955	0.01707	0.00324	0.04966
80	0.00585	0.00479	0.00496	0.02365	0.00683	0.00419	0.00376	0.00735	0.02390	0.01297	0.05819	0.04082	0.70301	0.01087	0.00523	0.00151	0.00242	0.00906	0.06661	0.00400
81	0.00959	0.00822	0.00955	0.00689	0.01092	0.00631	0.00550	0.01201	0.03749	0.01511	0.00853	0.00979	0.00705	0.00350	0.00344	0.00071	0.00341	0.00281	0.00279	0.83638
82	0.00632	0.00469	0.00589	0.00559	0.00675	0.00426	0.00419	0.00832	0.01258	0.01741	0.68131	0.03593	0.17022	0.00976	0.00542	0.00146	0.00219	0.00853	0.00492	0.00426
83	0.01199	0.01015	0.01070	0.00946	0.01216	0.01169	0.00741	0.09758	0.72760	0.02013	0.01796	0.01655	0.01342	0.00616	0.00466	0.00154	0.00377	0.00509	0.00466	0.00732
84	0.00856	0.00428	0.00428	0.00428	0.00535	0.00428	0.00321	0.01070	0.00963	0.01712	0.01498	0.01712	0.01177	0.00535	0.00321	0.00107	0.00214	0.00428	0.86414	0.00428
85	0.01136	0.01091	0.01863	0.02818	0.81002	0.01091	0.01409	0.01409	0.01045	0.01500	0.00864	0.01136	0.00727	0.00409	0.00455	0.00136	0.00545	0.00409	0.00227	0.00727
86	0.00554	0.00466	0.00482	0.00478	0.00627	0.00393	0.00358	0.00682	0.01075	0.01307	0.13097	0.04309	0.72327	0.01138	0.00542	0.00154	0.00231	0.00954	0.00435	0.00393
87	0.00867	0.00816	0.01377	0.82762	0.03162	0.01020	0.01275	0.01173	0.00918	0.01173	0.00816	0.01224	0.00612	0.00459	0.00459	0.00153	0.00612	0.00408	0.00204	0.00510
88	0.00601	0.00464	0.00548	0.00534	0.00658	0.00411	0.00398	0.00770	0.01175	0.01561	0.45613	0.07599	0.35901	0.01055	0.00544	0.00151	0.00226	0.00910	0.00469	0.00411
89	0.00625	0.00459	0.00632	0.02974	0.00763	0.00446	0.03132	0.00705	0.00836	0.01112	0.02117	0.52135	0.02485	0.24567	0.01076	0.00258	0.00351	0.04595	0.00371	0.00361
90	0.02460	0.07117	0.20168	0.00951	0.01402	0.05136	0.05076	0.06111	0.01055	0.03683	0.00860	0.01012	0.00681	0.02005	0.00422	0.00110	0.00493	0.00323	0.00264	0.40671
91	0.02876	0.39193	0.04561	0.00964	0.02492	0.16361	0.00842	0.11954	0.13881	0.01499	0.00920	0.00973	0.00745	0.00468	0.00373	0.00119	0.00539	0.00327	0.00284	0.00630
92	0.00728	0.00674	0.08293	0.00754	0.03517	0.00505	0.00591	0.00899	0.01019	0.05479	0.17222	0.39275	0.12148	0.01073	0.00533	0.00160	0.00312	0.00950	0.00411	0.05457
93	0.02517	0.22721	0.44987	0.01181	0.01717	0.08375	0.06383	0.03273	0.01027	0.02711	0.00794	0.00925	0.00604	0.00430	0.00404	0.00131	0.00637	0.00327	0.00215	0.00641
94	0.04080	0.26156	0.28838	0.02796	0.18049	0.02557	0.01227	0.07232	0.01066	0.02862	0.00807	0.00950	0.00636	0.00429	0.00395	0.00129	0.00568	0.00331	0.00232	0.00660
95	0.01153	0.00992	0.01045	0.00937	0.01198	0.01147	0.00729	0.03912	0.78681	0.01939	0.01854	0.01701	0.01390	0.00621	0.00467	0.00155	0.00366	0.00517	0.00467	0.00728
96	0.00591	0.00448	0.00550	0.00591	0.00673	0.00416	0.00418	0.00736	0.02817	0.01316	0.16937	0.40797	0.23829	0.03000	0.04493	0.00201	0.00300	0.01061	0.00430	0.00396
97	0.01224	0.08842	0.27080	0.07904	0.14291	0.06284	0.09817	0.03895	0.01090	0.12510	0.00988	0.02348	0.00741	0.00464	0.00445	0.00140	0.00604	0.00401	0.00271	0.00662
98	0.00597	0.00437	0.00572	0.00649	0.00684	0.00427	0.00441	0.00708	0.02507	0.01222	0.08535	0.68709	0.02958	0.06046	0.00706	0.00198	0.02612	0.01190	0.00418	0.00383
99	0.00850	0.00481	0.00556	0.00522	0.00647	0.00464	0.00396	0.02714	0.01144	0.05736	0.33997	0.02395	0.02460	0.00702	0.00421	0.00125	0.00230	0.00594	0.45111	0.00455
100	0.01126	0.11191	0.19783	0.01992	0.35849	0.04721	0.14606	0.02774	0.01052	0.01443	0.00837	0.01055	0.00668	0.00415	0.00445	0.00136	0.00619	0.00392	0.00221	0.00674
101	0.01057	0.04937	0.17966	0.10939	0.27373	0.02735	0.01198	0.02862	0.12886	0.03127	0.01197	0.05786	0.02550	0.00548	0.00472	0.00146	0.01706	0.01584	0.00281	0.00650
102	0.00579	0.00410	0.00536	0.00629	0.00655	0.00388	0.00419	0.00654	0.00859	0.01143	0.02390	0.70609	0.02850	0.11858	0.00809	0.00220	0.00294	0.03929	0.00407	0.00363
103	0.01447	0.01054	0.16061	0.00938	0.01305	0.00751	0.06091	0.03382	0.02811	0.40562	0.15527	0.03509	0.03208	0.00627	0.00481	0.00145	0.00435	0.00537	0.00455	0.00672
104	0.03044	0.06754	0.04513	0.01080	0.04499	0.02439	0.02115	0.49317	0.03137	0.16743	0.01177	0.01160	0.00825	0.00529	0.00446	0.00137	0.00496	0.00407	0.00433	0.00750
105	0.01209	0.00927	0.00984	0.00860	0.01114	0.01041	0.00676	0.13965	0.51447	0.04825	0.01759	0.01679	0.03164	0.00609	0.00445	0.00145	0.00360	0.00498	0.13611	0.00683
106	0.87108	0.00888	0.00675	0.00604	0.00888	0.01030	0.00497	0.01350	0.00781	0.02060	0.00639	0.00746	0.00497	0.00426	0.00284	0.00142	0.00355	0.00249	0.00284	0.00497
107	0.00586	0.00474	0.00485	0.00477	0.00637	0.00396	0.00360	0.00707	0.01060	0.03426	0.06419	0.04317	0.76801	0.01141	0.00540	0.00154	0.00236	0.00952	0.00432	0.00399
108	0.01711	0.04050	0.04481	0.03200	0.07450	0.01129	0.00882	0.39404	0.01664	0.28063	0.02521	0.01276	0.00929	0.00539	0.00454	0.00138	0.00476	0.00426	0.00451	0.00754
109	0.02060	0.00781	0.01065	0.00817	0.01172	0.00675	0.00675	0.02237	0.01314	0.81320	0.01811	0.01563	0.01136	0.00568	0.00462	0.00142	0.00391	0.00462	0.00568	0.00781
110	0.00543	0.00463	0.00468	0.00472	0.00622	0.00387	0.00352	0.00658	0.01040	0.01238	0.04570	0.07428	0.77858	0.01173	0.00544	0.00156	0.00234	0.00982	0.00426	0.00387
111	0.18732	0.00825	0.00995	0.00787	0.01123	0.00787	0.00647	0.03945	0.05248	0.59784	0.01566	0.01398	0.01016	0.00543	0.00427	0.00143	0.00385	0.00422	0.00505	0.00723
112	0.00607	0.00468	0.00554	0.00533	0.00660	0.00415	0.00399	0.00783	0.01198	0.01601	0.50364	0.03824	0.34877	0.01028	0.00542	0.00149	0.00223	0.00886	0.00474	0.00415
113	0.01004	0.01004	0.01406	0.01205	0.01205	0.01406	0.01004	0.01105	0.00703	0.01105	0.00603	0.01004	0.00603	0.00804	0.01507	0.00201	0.83025	0.00402	0.00201	0.00502
114	0.73611	0.00865	0.00726	0.00631	0.00922	0.00970	0.00519	0.01471	0.00860	0.13298	0.00820	0.00878	0.00599	0.00448	0.00310	0.00141	0.00358	0.00282	0.01755	0.00536
115	0.00867	0.00816	0.01377	0.82762	0.03162	0.01020	0.01275	0.01173	0.00918	0.01173	0.00816	0.01224	0.00612	0.00459	0.00459	0.00153	0.00612	0.00408	0.00204	0.00510
116	0.01132	0.01002	0.01080	0.06092	0.03228	0.03405	0.00782	0.02287	0.69418	0.01830	0.01758	0.01717	0.01340	0.00617	0.00468	0.00155	0.00398	0.02151	0.00438	0.00701
117	0.00896	0.00815	0.01271	0.27535	0.27243	0.00870	0.01024	0.01210	0.05626	0.01444	0.14397	0.01963	0.10944	0.00613	0.00479	0.00145	0.00461	0.00548	0.00304	0.02211
118	0.01190	0.36693	0.09534	0.01001	0.04823	0.07077	0.02682	0.05431	0.03615	0.04956	0.04345	0.01315	0.02556	0.04133	0.01794	0.00150	0.05488	0.02361	0.00269	0.00588
119	0.00921	0.02375	0.81487	0.01309	0.01987	0.01066	0.01696	0.01454	0.00969	0.01454	0.00824	0.00969	0.00582	0.00436	0.00436	0.00145	0.00678	0.00339	0.00194	0.00678
120	0.00867	0.00816	0.01377	0.82762	0.03162	0.01020	0.01275	0.01173	0.00918	0.01173	0.00816	0.01224	0.00612	0.00459	0.00459	0.00153	0.00612	0.00408	0.00204	0.00510
121	0.00956	0.00829	0.00997	0.00717	0.01117	0.00641	0.02116	0.01161	0.00949	0.01486	0.00813	0.00959	0.00679	0.00352	0.00371	0.00073	0.02249	0.00280	0.00270	0.82985
122	0.01042	0.01161	0.02487	0.06989	0.02343	0.01106	0.69123	0.01409	0.01066	0.01440	0.01025	0.03626	0.00832	0.00455	0.00541	0.00158	0.00736	0.03620	0.00243	0.00598
123	0.01005	0.03115	0.01397	0.01167	0.01181	0.01382	0.00975	0.01111	0.00718	0.01126	0.00635	0.01023	0.00623	0.00784	0.01434	0.00195	0.77987	0.00399	0.03244	0.00502
124	0.01346	0.01011	0.05324	0.03768	0.03572	0.03377	0.03764	0.16521	0.01301	0.19277	0.04749	0.02695	0.02213	0.00532	0.00437	0.00122	0.00442	0.02814	0.00382	0.26351
125	0.01469	0.01738	0.01155	0.01024	0.01269	0.58110	0.00774	0.01614	0.01252	0.02635	0.11548	0.01209	0.01118	0.00519	0.00422	0.00115	0.00669	0.00367	0.00283	0.12711
126	0.00962	0.00956	0.01384	0.47405	0.02324	0.05183	0.01152	0.01180	0.00854	0.01144	0.00729	0.01120	0.00607	0.00592	0.00859	0.00170	0.32265	0.00400	0.00204	0.00508
127	0.01367	0.02934	0.03196	0.00983	0.01253	0.44700	0.00769	0.02853	0.07653	0.01330	0.01068	0.03027	0.03968	0.00516	0.00425	0.00116	0.01914	0.00370	0.04305	0.17251

[dist]
# distance from previous block
# <min> <max>
0	1

[block]
# block no. 2 follows, 56 sequences, length 8
# corresponding to MSA columns:
# 1087-1094
name=unknown_C
#
# <colnr> <probs for GDERKNQSTAVLIFYWHMCP>
#	G	D	E	R	K	N	Q	S	T	A	V	L	I	F	Y	W	H	M	C	P
0	0.05859	0.33354	0.20601	0.01031	0.01421	0.05300	0.04336	0.06075	0.01020	0.03190	0.02803	0.00961	0.00709	0.00488	0.00517	0.00133	0.11030	0.00332	0.00237	0.00604
1	0.00781	0.00621	0.03591	0.00653	0.00795	0.00569	0.00506	0.01087	0.12127	0.05158	0.21737	0.06591	0.16326	0.18869	0.03833	0.00239	0.00365	0.05287	0.00411	0.00454
2	0.00554	0.00445	0.00495	0.00526	0.00638	0.00386	0.00378	0.00666	0.01010	0.01256	0.08732	0.28925	0.51909	0.01234	0.00556	0.00164	0.00242	0.01065	0.00431	0.00386
3	0.01113	0.01050	0.05726	0.25826	0.35865	0.01062	0.05946	0.01393	0.01002	0.08366	0.00913	0.01186	0.00710	0.00470	0.00547	0.00149	0.07369	0.00417	0.00247	0.00641
4	0.01067	0.01029	0.14253	0.05793	0.14577	0.00815	0.06678	0.01358	0.03555	0.14834	0.01494	0.03659	0.06602	0.06347	0.13369	0.00260	0.00624	0.02780	0.00317	0.00590
5	0.00585	0.00470	0.00524	0.00519	0.00657	0.00409	0.00395	0.00736	0.01122	0.01427	0.27239	0.04163	0.53866	0.01101	0.00547	0.00155	0.00238	0.04995	0.00450	0.00403
6	0.01795	0.05155	0.01176	0.00860	0.01198	0.00937	0.00713	0.23838	0.03787	0.46314	0.04799	0.01478	0.01150	0.00570	0.00450	0.00138	0.00413	0.00453	0.04037	0.00741
7	0.03579	0.11175	0.22475	0.07094	0.22535	0.06881	0.10074	0.04002	0.01069	0.05635	0.00871	0.01052	0.00669	0.00433	0.00434	0.00137	0.00609	0.00377	0.00242	0.00656

[dist]
# distance from previous block
# <min> <max>
0	1

[block]
# block no. 3 follows, 56 sequences, length 50
# corresponding to MSA columns:
# 1096-1145
name=unknown_D
#
# <colnr> <probs for GDERKNQSTAVLIFYWHMCP>
#	G	D	E	R	K	N	Q	S	T	A	V	L	I	F	Y	W	H	M	C	P
0	0.04097	0.00990	0.01214	0.13783	0.05585	0.05919	0.01697	0.14074	0.07749	0.18617	0.06336	0.01405	0.01078	0.00587	0.00592	0.00149	0.11464	0.00446	0.03584	0.00633
1	0.00654	0.00455	0.00586	0.00632	0.00713	0.00422	0.00457	0.00800	0.02072	0.04150	0.21639	0.45227	0.11864	0.01232	0.00568	0.00173	0.00269	0.07224	0.00451	0.00412
2	0.01460	0.10966	0.02675	0.02661	0.08050	0.17701	0.00897	0.28263	0.10578	0.02796	0.01001	0.01071	0.00773	0.00507	0.00463	0.00130	0.03636	0.00373	0.00337	0.05662
3	0.00548	0.00465	0.00472	0.00470	0.00623	0.00390	0.00353	0.00668	0.01058	0.01268	0.08180	0.04372	0.77269	0.01152	0.00543	0.00155	0.00232	0.00962	0.00430	0.00390
4	0.00952	0.00816	0.00952	0.00680	0.01088	0.00612	0.00544	0.01156	0.00952	0.01496	0.00816	0.00952	0.00680	0.00340	0.00340	0.00068	0.00340	0.00272	0.00272	0.86672
5	0.00641	0.00467	0.00603	0.00573	0.00682	0.00429	0.00428	0.00848	0.01272	0.01786	0.74049	0.05948	0.08620	0.00967	0.00543	0.00146	0.00219	0.00853	0.00498	0.00429
6	0.00545	0.00465	0.00468	0.00467	0.00622	0.00389	0.00351	0.00663	0.01052	0.01253	0.06287	0.04397	0.79172	0.01158	0.00543	0.00155	0.00232	0.00966	0.00428	0.00389
7	0.01885	0.00750	0.00996	0.00778	0.01094	0.00663	0.00631	0.04020	0.01271	0.69036	0.01750	0.01655	0.01165	0.06058	0.00576	0.00160	0.00386	0.00472	0.05928	0.00726
8	0.01715	0.02188	0.01301	0.01183	0.01419	0.82022	0.00887	0.01833	0.01301	0.01124	0.00710	0.00828	0.00591	0.00473	0.00414	0.00118	0.00828	0.00296	0.00237	0.00532
9	0.87108	0.00888	0.00675	0.00604	0.00888	0.01030	0.00497	0.01350	0.00781	0.02060	0.00639	0.00746	0.00497	0.00426	0.00284	0.00142	0.00355	0.00249	0.00284	0.00497
10	0.81480	0.00914	0.00721	0.00634	0.00923	0.01056	0.00522	0.06500	0.00872	0.02115	0.00670	0.00769	0.00516	0.00434	0.00296	0.00142	0.00365	0.00259	0.00296	0.00516
11	0.01745	0.01286	0.01378	0.01056	0.01424	0.01424	0.00873	0.79471	0.02159	0.02893	0.01102	0.01102	0.00781	0.00551	0.00459	0.00138	0.00505	0.00413	0.00459	0.00781
12	0.01045	0.01006	0.01744	0.24380	0.53253	0.01056	0.05801	0.01328	0.01009	0.01401	0.00899	0.03377	0.00756	0.00449	0.00464	0.00143	0.00569	0.00440	0.00227	0.00653
13	0.01040	0.18393	0.55643	0.01169	0.01731	0.04589	0.01403	0.04349	0.01024	0.01423	0.02933	0.00989	0.00692	0.00455	0.00434	0.00136	0.02400	0.00336	0.00215	0.00648
14	0.00570	0.00470	0.00498	0.00504	0.00646	0.00404	0.00383	0.00695	0.01046	0.01271	0.08598	0.04368	0.66766	0.04577	0.00624	0.00171	0.00256	0.07340	0.00424	0.00389
15	0.01034	0.11525	0.35207	0.01419	0.08475	0.02791	0.14219	0.01478	0.07304	0.01409	0.00928	0.03156	0.00744	0.00494	0.00538	0.00147	0.07849	0.00411	0.00233	0.00640
16	0.01123	0.01018	0.01437	0.06106	0.42090	0.04809	0.01963	0.04929	0.15299	0.01615	0.02672	0.01390	0.02265	0.00512	0.00465	0.01411	0.00482	0.00444	0.09312	0.00658
17	0.00796	0.00697	0.00986	0.09384	0.01157	0.02182	0.00751	0.00942	0.00750	0.01075	0.01016	0.01597	0.00970	0.08973	0.42535	0.00489	0.24563	0.00469	0.00231	0.00438
18	0.05846	0.05315	0.21878	0.02677	0.08598	0.03307	0.09311	0.22150	0.04466	0.06339	0.00988	0.01116	0.00735	0.01576	0.00508	0.00147	0.03656	0.00398	0.00311	0.00679
19	0.01221	0.78666	0.02370	0.00920	0.06441	0.01769	0.00827	0.01377	0.00940	0.01108	0.00653	0.00763	0.00598	0.00394	0.00305	0.00101	0.00495	0.00256	0.00198	0.00598
20	0.00550	0.00451	0.00480	0.00502	0.00626	0.00386	0.00363	0.00655	0.01000	0.01215	0.04116	0.20665	0.62374	0.03761	0.00607	0.00170	0.00246	0.01029	0.00422	0.00381
21	0.03681	0.03146	0.14417	0.02970	0.07605	0.02679	0.00755	0.01971	0.00924	0.04430	0.01792	0.30480	0.06535	0.14304	0.02071	0.00215	0.00440	0.00778	0.00329	0.00478
22	0.01182	0.01085	0.01776	0.11612	0.53746	0.02462	0.07515	0.08081	0.01139	0.04105	0.00940	0.02588	0.00767	0.00449	0.00464	0.00141	0.00563	0.00435	0.00259	0.00691
23	0.00659	0.00448	0.00506	0.00506	0.00519	0.00445	0.00292	0.00672	0.00695	0.00919	0.01651	0.03059	0.06871	0.75856	0.04753	0.00435	0.00456	0.00682	0.00287	0.00290
24	0.01073	0.00999	0.01778	0.26050	0.40227	0.01043	0.13457	0.01361	0.01015	0.04376	0.00904	0.01207	0.00712	0.00448	0.00490	0.01610	0.00587	0.00432	0.01595	0.00635
25	0.01031	0.11118	0.25556	0.01443	0.17961	0.04813	0.06176	0.02566	0.04718	0.02762	0.04525	0.11087	0.01174	0.00598	0.00459	0.00144	0.00545	0.02429	0.00275	0.00620
26	0.01012	0.11876	0.25602	0.04254	0.10343	0.00950	0.04347	0.01310	0.01028	0.08810	0.05816	0.09901	0.04715	0.00671	0.00471	0.00149	0.00506	0.07342	0.00305	0.00594
27	0.01005	0.00725	0.00767	0.00717	0.00903	0.00805	0.00559	0.03168	0.40035	0.01814	0.01735	0.01930	0.01377	0.00627	0.00416	0.00138	0.00307	0.05581	0.36811	0.00581
28	0.71913	0.00967	0.02146	0.06127	0.03291	0.03436	0.00619	0.04278	0.00868	0.01979	0.00680	0.00808	0.00526	0.00434	0.00313	0.00142	0.00402	0.00273	0.00281	0.00519
29	0.01377	0.00693	0.00800	0.00668	0.00899	0.00687	0.00534	0.13706	0.04226	0.26674	0.02743	0.01596	0.01158	0.00557	0.00395	0.00125	0.00320	0.00446	0.41792	0.00604
30	0.01632	0.03311	0.01392	0.01165	0.07487	0.03704	0.00889	0.60523	0.08126	0.04284	0.01142	0.01154	0.00828	0.00540	0.00452	0.00137	0.00500	0.00415	0.01562	0.00756
31	0.01745	0.01286	0.01378	0.01056	0.01424	0.01424	0.00873	0.79471	0.02159	0.02893	0.01102	0.01102	0.00781	0.00551	0.00459	0.00138	0.00505	0.00413	0.00459	0.00781
32	0.00649	0.00467	0.00595	0.00563	0.00675	0.00429	0.00422	0.00858	0.01267	0.01790	0.71897	0.03441	0.10121	0.00941	0.00533	0.00144	0.00218	0.00826	0.03733	0.00429
33	0.00740	0.00528	0.00740	0.00845	0.00951	0.00528	0.00740	0.00951	0.01057	0.01374	0.02431	0.05179	0.02642	0.01268	0.00634	0.00211	0.00423	0.77912	0.00423	0.00423
34	0.00578	0.00447	0.00527	0.00547	0.00652	0.00396	0.00395	0.00712	0.01070	0.01391	0.25680	0.26971	0.36628	0.01178	0.00555	0.00161	0.00238	0.01026	0.00449	0.00396
35	0.05565	0.00802	0.01059	0.00816	0.01168	0.00713	0.00674	0.04656	0.01319	0.75551	0.01740	0.01514	0.01099	0.00562	0.00454	0.00142	0.00393	0.00451	0.00553	0.00770
36	0.00867	0.00816	0.01377	0.82762	0.03162	0.01020	0.01275	0.01173	0.00918	0.01173	0.00816	0.01224	0.00612	0.00459	0.00459	0.00153	0.00612	0.00408	0.00204	0.00510
37	0.01974	0.00794	0.01060	0.00822	0.01166	0.00707	0.00676	0.03988	0.04972	0.73836	0.03801	0.01606	0.01222	0.00580	0.00464	0.00143	0.00388	0.00473	0.00559	0.00770
38	0.02048	0.00800	0.01077	0.00826	0.01181	0.00703	0.00682	0.05145	0.01346	0.78367	0.01785	0.01545	0.01123	0.00568	0.00462	0.00142	0.00395	0.00460	0.00564	0.00781
39	0.01060	0.01825	0.45366	0.01521	0.02095	0.01077	0.32001	0.01512	0.01037	0.06726	0.00930	0.01114	0.00663	0.00426	0.00479	0.00149	0.00697	0.00427	0.00234	0.00662
40	0.04523	0.00514	0.00722	0.02179	0.05644	0.00517	0.00509	0.01967	0.01895	0.04785	0.01242	0.07980	0.05538	0.01334	0.01340	0.56603	0.00391	0.01732	0.00264	0.00321
41	0.01694	0.05675	0.01348	0.01166	0.01409	0.78610	0.00883	0.01814	0.01285	0.01122	0.00707	0.00824	0.00591	0.00470	0.00409	0.00117	0.00814	0.00294	0.00235	0.00535
42	0.00798	0.00440	0.00485	0.00476	0.00583	0.00435	0.00358	0.01010	0.01037	0.01719	0.20971	0.02137	0.01951	0.00744	0.03452	0.00140	0.00253	0.00529	0.62053	0.00429
43	0.01697	0.01262	0.01351	0.01047	0.01405	0.01401	0.00861	0.73294	0.08415	0.02815	0.01164	0.01151	0.00831	0.00557	0.00460	0.00139	0.00494	0.00422	0.00460	0.00776
44	0.00554	0.00466	0.00482	0.00478	0.00627	0.00393	0.00358	0.00682	0.01074	0.01307	0.13071	0.04309	0.72354	0.01138	0.00542	0.00154	0.00231	0.00954	0.00435	0.00393
45	0.00668	0.00445	0.00501	0.00501	0.00501	0.00445	0.00278	0.00668	0.00668	0.00890	0.01447	0.03004	0.01669	0.83866	0.02337	0.00445	0.00445	0.00668	0.00278	0.00278
46	0.00935	0.02016	0.01360	0.69295	0.05770	0.01027	0.01198	0.05972	0.01001	0.01317	0.00869	0.01232	0.00656	0.00466	0.00449	0.00148	0.00580	0.00407	0.04769	0.00531
47	0.01169	0.01024	0.02768	0.12619	0.47658	0.01023	0.01192	0.03777	0.07937	0.07479	0.01017	0.01210	0.00797	0.00445	0.00447	0.00135	0.00510	0.00410	0.00281	0.08102
48	0.01159	0.26519	0.38930	0.01158	0.03973	0.04552	0.04094	0.03597	0.02166	0.07068	0.00869	0.00980	0.00659	0.00489	0.01816	0.00140	0.00608	0.00335	0.00237	0.00651
49	0.83426	0.00867	0.00669	0.00605	0.00878	0.01002	0.00494	0.01319	0.00785	0.02022	0.00720	0.04269	0.00605	0.00469	0.00297	0.00144	0.00351	0.00294	0.00290	0.00492

[dist]
# distance from previous block
# <min> <max>
0	30

[block]
# block no. 4 follows, 56 sequences, length 61
# corresponding to MSA columns:
