[name]
unknown

[dist]
# distance from previous block
# <min> <max>
177	4900

[block]
# block no. 0 follows, 49 sequences, length 14
# corresponding to MSA columns:
# 9798-9811
name=unknown_A
#
# <colnr> <probs for GDERKNQSTAVLIFYWHMCP>
#	G	D	E	R	K	N	Q	S	T	A	V	L	I	F	Y	W	H	M	C	P
0	0.05473	0.01293	0.06502	0.02899	0.13834	0.11370	0.03504	0.08279	0.15558	0.06134	0.01197	0.01379	0.00946	0.00849	0.04009	0.10543	0.04778	0.00454	0.00340	0.00659
1	0.00832	0.00808	0.00938	0.00819	0.01014	0.08764	0.09806	0.01001	0.01187	0.01447	0.14598	0.06443	0.41555	0.07649	0.00745	0.00192	0.00414	0.00897	0.00422	0.00471
2	0.01149	0.10451	0.13023	0.00942	0.03494	0.00932	0.00853	0.04459	0.01132	0.06137	0.01261	0.04047	0.05301	0.00516	0.00423	0.00111	0.00457	0.00413	0.00319	0.44581
3	0.03533	0.06816	0.16412	0.12112	0.16915	0.01155	0.04418	0.06818	0.09514	0.05271	0.01325	0.11092	0.01150	0.00644	0.00504	0.00162	0.00569	0.00561	0.00330	0.00696
4	0.12169	0.00756	0.00796	0.00701	0.00931	0.00791	0.00553	0.07666	0.11553	0.14560	0.01633	0.03729	0.01244	0.00620	0.00415	0.00141	0.00336	0.00489	0.40300	0.00617
5	0.11534	0.08537	0.09032	0.19345	0.07159	0.08742	0.08615	0.07435	0.07743	0.01700	0.01121	0.03445	0.02383	0.00550	0.00474	0.00156	0.00619	0.00458	0.00300	0.00652
6	0.01077	0.01101	0.06700	0.04656	0.07441	0.02295	0.03055	0.01287	0.00996	0.03639	0.06173	0.03266	0.05164	0.00726	0.00955	0.00168	0.32886	0.00500	0.00292	0.17622
7	0.03225	0.17933	0.23194	0.02946	0.10741	0.05744	0.01172	0.05741	0.02255	0.10859	0.01180	0.01346	0.02708	0.03486	0.03082	0.00178	0.00621	0.00419	0.02475	0.00697
8	0.01350	0.57571	0.04208	0.00926	0.01279	0.12119	0.00861	0.01471	0.01030	0.01170	0.00739	0.00928	0.00677	0.00619	0.00585	0.10479	0.02872	0.00306	0.00223	0.00588
9	0.04872	0.01305	0.10670	0.01039	0.01375	0.05508	0.00903	0.12303	0.40300	0.02127	0.10531	0.01890	0.03602	0.00687	0.00509	0.00163	0.00469	0.00558	0.00458	0.00733
10	0.70785	0.00937	0.00792	0.00692	0.01003	0.01049	0.00567	0.01575	0.00965	0.11642	0.05316	0.01100	0.00874	0.00521	0.00353	0.00157	0.00387	0.00339	0.00365	0.00582
11	0.01161	0.06705	0.16353	0.23162	0.10110	0.07922	0.08229	0.03546	0.09159	0.01555	0.02223	0.03088	0.02081	0.00563	0.00503	0.00160	0.00653	0.01878	0.00286	0.00664
12	0.00758	0.00793	0.10393	0.00881	0.01053	0.00691	0.00775	0.00990	0.00872	0.01265	0.04865	0.01957	0.01350	0.03263	0.66858	0.00703	0.01229	0.00538	0.00277	0.00489
13	0.01228	0.01252	0.12888	0.01063	0.03142	0.01142	0.00924	0.10763	0.42742	0.02106	0.04453	0.01790	0.02735	0.00651	0.00493	0.00160	0.00447	0.00534	0.10746	0.00741

[dist]
# distance from previous block
# <min> <max>
6	10

[block]
# block no. 1 follows, 49 sequences, length 18
# corresponding to MSA columns:
# 9822-9839
name=unknown_B
#
# <colnr> <probs for GDERKNQSTAVLIFYWHMCP>
#	G	D	E	R	K	N	Q	S	T	A	V	L	I	F	Y	W	H	M	C	P
0	0.01321	0.08682	0.43574	0.01296	0.01870	0.05761	0.03469	0.17158	0.04343	0.04210	0.02975	0.01194	0.00846	0.00529	0.00480	0.00153	0.00668	0.00410	0.00310	0.00750
1	0.04161	0.04174	0.01268	0.00986	0.01324	0.01240	0.00801	0.31773	0.23551	0.11282	0.04062	0.01641	0.03179	0.00644	0.00489	0.00153	0.00452	0.00508	0.05259	0.03053
2	0.04369	0.01539	0.04715	0.01186	0.01552	0.13631	0.03290	0.46273	0.09142	0.02528	0.01278	0.01311	0.02944	0.00613	0.00535	0.00154	0.03279	0.00457	0.00432	0.00770
3	0.23118	0.00839	0.00974	0.00785	0.01121	0.00806	0.00643	0.02051	0.01249	0.49905	0.01625	0.01516	0.01080	0.00582	0.00439	0.00151	0.00395	0.00445	0.11544	0.00731
4	0.00951	0.13082	0.01308	0.27010	0.05348	0.00982	0.00869	0.01097	0.00943	0.01234	0.05882	0.04083	0.03082	0.15847	0.01102	0.11446	0.03207	0.00544	0.01504	0.00480
5	0.00749	0.00487	0.00639	0.00702	0.00779	0.00450	0.00490	0.00862	0.01044	0.07157	0.07975	0.60903	0.09565	0.01541	0.03900	0.00221	0.00340	0.01265	0.00479	0.00452
6	0.04957	0.47927	0.06473	0.01002	0.01396	0.14223	0.00932	0.06597	0.07739	0.01474	0.00875	0.00966	0.00735	0.00494	0.00412	0.00127	0.02408	0.00327	0.00271	0.00665
7	0.00643	0.00486	0.00594	0.00625	0.00726	0.00437	0.00447	0.00792	0.01174	0.01555	0.28398	0.33620	0.26035	0.01314	0.00615	0.00180	0.00264	0.01157	0.00498	0.00437
8	0.00666	0.00510	0.00698	0.09959	0.01049	0.00503	0.00569	0.00806	0.01051	0.01392	0.12417	0.54598	0.11179	0.01358	0.00618	0.00192	0.00327	0.01218	0.00452	0.00438
9	0.01004	0.00653	0.00808	0.02656	0.00982	0.00644	0.00592	0.09253	0.04651	0.10718	0.06700	0.40011	0.09982	0.04551	0.00680	0.00199	0.00361	0.04536	0.00486	0.00536
10	0.01162	0.01019	0.01666	0.21085	0.35164	0.01066	0.04882	0.04349	0.01208	0.05125	0.12091	0.01649	0.01352	0.00567	0.00542	0.00156	0.02374	0.00521	0.00316	0.03707
11	0.01049	0.00899	0.01049	0.00749	0.01198	0.00674	0.00599	0.01273	0.01049	0.01648	0.00899	0.01049	0.00749	0.00374	0.00374	0.00075	0.00374	0.00300	0.00300	0.85320
12	0.01003	0.02295	0.65602	0.01356	0.02017	0.01105	0.04365	0.03585	0.01130	0.01648	0.04684	0.01473	0.06400	0.00563	0.00499	0.00161	0.00688	0.00457	0.00257	0.00713
13	0.00621	0.00510	0.00527	0.00524	0.00672	0.00437	0.00381	0.00741	0.01121	0.01361	0.09155	0.04621	0.65499	0.10624	0.00826	0.00207	0.00282	0.01020	0.00456	0.00416
14	0.01077	0.07552	0.39011	0.01307	0.05244	0.03745	0.05707	0.05656	0.06386	0.01634	0.01600	0.08254	0.09327	0.00672	0.00506	0.00161	0.00613	0.00562	0.00304	0.00681
15	0.35553	0.03663	0.24467	0.01006	0.01452	0.04597	0.01026	0.08794	0.07255	0.02052	0.03518	0.01123	0.00835	0.00521	0.00414	0.00154	0.00535	0.00368	0.00321	0.02345
16	0.00733	0.00522	0.00629	0.00642	0.00706	0.00488	0.00417	0.00798	0.00868	0.01182	0.01971	0.29530	0.02278	0.42518	0.01601	0.00338	0.00411	0.04521	0.00368	0.09481
17	0.01222	0.04469	0.09331	0.08000	0.48232	0.05573	0.04258	0.02504	0.01159	0.01612	0.03262	0.01307	0.00898	0.00493	0.00511	0.00151	0.02095	0.00449	0.03742	0.00730

[dist]
# distance from previous block
# <min> <max>
0	1

[block]
# block no. 2 follows, 49 sequences, length 27
# corresponding to MSA columns:
# 9841-9867
name=unknown_C
#
# <colnr> <probs for GDERKNQSTAVLIFYWHMCP>
#	G	D	E	R	K	N	Q	S	T	A	V	L	I	F	Y	W	H	M	C	P
0	0.01314	0.76032	0.05718	0.00876	0.01305	0.01908	0.00884	0.01487	0.01018	0.01198	0.00746	0.00920	0.00695	0.03654	0.00419	0.00125	0.00547	0.00293	0.00220	0.00639
1	0.00985	0.00760	0.01096	0.02388	0.02746	0.00768	0.08712	0.05584	0.03675	0.07680	0.20597	0.16658	0.15874	0.01015	0.00678	0.00177	0.07160	0.02439	0.00454	0.00555
2	0.04945	0.01128	0.01257	0.04420	0.12665	0.10047	0.02517	0.06534	0.24429	0.05578	0.10241	0.03756	0.04512	0.00707	0.00516	0.00161	0.00492	0.03259	0.02149	0.00683
3	0.07610	0.00932	0.06901	0.02546	0.01191	0.00810	0.00734	0.07603	0.05864	0.27042	0.18011	0.02017	0.01875	0.00680	0.00487	0.00151	0.00395	0.00557	0.12450	0.02142
4	0.01127	0.00831	0.02478	0.00834	0.01086	0.02286	0.02071	0.12812	0.01385	0.10068	0.17967	0.13610	0.11226	0.00998	0.02585	0.00174	0.00412	0.05153	0.00467	0.12430
5	0.00944	0.00779	0.00932	0.00714	0.01060	0.00612	0.00561	0.01173	0.01168	0.01767	0.25293	0.01903	0.02008	0.00581	0.00444	0.00101	0.00332	0.00492	0.00380	0.58754
6	0.31320	0.09802	0.08550	0.00887	0.01191	0.02676	0.04796	0.03061	0.00946	0.01676	0.00985	0.01378	0.00872	0.08834	0.18055	0.00324	0.00699	0.00408	0.00283	0.03258
7	0.01153	0.16942	0.52002	0.01322	0.03356	0.01306	0.03815	0.03376	0.03942	0.04350	0.00983	0.01155	0.00744	0.02840	0.00519	0.00160	0.00674	0.00387	0.00251	0.00724
8	0.04049	0.08910	0.09526	0.06876	0.01665	0.02921	0.09405	0.15802	0.10153	0.08853	0.02670	0.09967	0.01267	0.00678	0.00507	0.00160	0.00549	0.02482	0.00391	0.03169
9	0.04273	0.00784	0.00899	0.00803	0.01024	0.00806	0.00619	0.06846	0.21379	0.12774	0.23126	0.09638	0.10530	0.03445	0.00612	0.00177	0.00349	0.00769	0.00518	0.00627
10	0.01088	0.01396	0.23364	0.03508	0.04848	0.01003	0.12988	0.01679	0.15829	0.05147	0.12293	0.01904	0.04483	0.00634	0.00518	0.00160	0.00544	0.00567	0.07369	0.00676
11	0.00783	0.00470	0.00603	0.00615	0.00621	0.00468	0.00385	0.00714	0.00738	0.00982	0.01449	0.08626	0.01625	0.43370	0.02145	0.32301	0.00455	0.03071	0.00291	0.00287
12	0.01091	0.08645	0.28609	0.01323	0.05632	0.02758	0.10810	0.04313	0.11759	0.01708	0.09036	0.01848	0.09013	0.00635	0.00511	0.00158	0.00586	0.00548	0.00332	0.00683
13	0.01601	0.00732	0.00960	0.00790	0.01068	0.00660	0.00632	0.01871	0.05198	0.44502	0.27823	0.02510	0.04549	0.00782	0.00535	0.00157	0.00352	0.00661	0.03915	0.00702
14	0.00843	0.00757	0.00856	0.02649	0.07110	0.05966	0.00632	0.01097	0.06366	0.01549	0.20041	0.11019	0.28871	0.02482	0.04440	0.00205	0.03302	0.00871	0.00434	0.00509
15	0.00637	0.00510	0.00569	0.00562	0.00709	0.00442	0.00419	0.00799	0.01235	0.01578	0.28998	0.08181	0.51150	0.01215	0.00600	0.00169	0.00252	0.01035	0.00498	0.00442
16	0.01101	0.01121	0.03289	0.09377	0.33303	0.04833	0.12806	0.01375	0.01097	0.01496	0.02893	0.08747	0.03609	0.00886	0.06892	0.00217	0.05431	0.00590	0.00282	0.00653
17	0.18342	0.01000	0.01163	0.00910	0.01289	0.00992	0.00751	0.18003	0.01529	0.48507	0.01582	0.01441	0.01033	0.00592	0.00470	0.00155	0.00449	0.00452	0.00540	0.00800
18	0.01889	0.02410	0.01433	0.01303	0.01563	0.80199	0.00977	0.02019	0.01433	0.01238	0.00782	0.00912	0.00651	0.00521	0.00456	0.00130	0.00912	0.00326	0.00261	0.00586
19	0.01049	0.00899	0.01049	0.00749	0.01198	0.00674	0.00599	0.01273	0.01049	0.01648	0.00899	0.01049	0.00749	0.00374	0.00374	0.00075	0.00374	0.00300	0.00300	0.85320
20	0.01088	0.01107	0.05607	0.13134	0.50967	0.01053	0.01345	0.01381	0.01136	0.01576	0.04756	0.03823	0.09643	0.00605	0.00519	0.00157	0.00557	0.00560	0.00288	0.00701
21	0.01443	0.00886	0.01089	0.00798	0.01228	0.00696	0.00646	0.01658	0.01177	0.26777	0.01253	0.01266	0.00911	0.00456	0.00418	0.00101	0.00393	0.00367	0.00405	0.58032
22	0.01211	0.13663	0.24796	0.01726	0.22703	0.01251	0.06770	0.03801	0.05910	0.05321	0.01350	0.01476	0.06745	0.00546	0.00484	0.00152	0.00605	0.00469	0.00293	0.00730
23	0.00671	0.00510	0.00617	0.00601	0.00731	0.00456	0.00447	0.00864	0.01310	0.01764	0.49894	0.09506	0.28485	0.01151	0.00600	0.00166	0.00248	0.01000	0.00523	0.00456
24	0.01191	0.00976	0.01233	0.01223	0.10585	0.01039	0.04314	0.13026	0.28271	0.03425	0.14435	0.04397	0.07436	0.02666	0.00592	0.00174	0.00434	0.03421	0.00467	0.00692
25	0.00878	0.00439	0.00659	0.00659	0.00659	0.00439	0.00439	0.00659	0.00659	0.00878	0.00878	0.01537	0.00878	0.01757	0.01976	0.85288	0.00439	0.00439	0.00220	0.00220
26	0.01193	0.01223	0.11496	0.04954	0.03775	0.01130	0.03861	0.14473	0.28329	0.01990	0.03379	0.05505	0.06659	0.00838	0.02713	0.00189	0.01927	0.05239	0.00424	0.00705

[dist]
# distance from previous block
# <min> <max>
9	22

[block]
# block no. 3 follows, 49 sequences, length 46
# corresponding to MSA columns:
# 9895-9900,9904-9943
name=unknown_D
#
# <colnr> <probs for GDERKNQSTAVLIFYWHMCP>
#	G	D	E	R	K	N	Q	S	T	A	V	L	I	F	Y	W	H	M	C	P
0	0.06713	0.25206	0.28898	0.03552	0.05124	0.07199	0.01254	0.10737	0.01243	0.04422	0.00903	0.01024	0.00694	0.00489	0.00429	0.00141	0.00635	0.00354	0.00276	0.00709
1	0.01227	0.06087	0.03628	0.33884	0.05110	0.19442	0.02234	0.01460	0.01071	0.01285	0.00881	0.03815	0.00758	0.00610	0.00713	0.00167	0.16365	0.00442	0.00241	0.00581
2	0.00789	0.00546	0.00646	0.00636	0.00721	0.00571	0.00454	0.00966	0.03801	0.01394	0.05523	0.06977	0.13147	0.23598	0.14769	0.00359	0.04105	0.00716	0.19852	0.00429
3	0.02917	0.21047	0.30510	0.04343	0.10610	0.01392	0.02785	0.08765	0.03727	0.04229	0.02704	0.01162	0.00826	0.00510	0.00479	0.00148	0.02446	0.00395	0.00280	0.00724
4	0.00849	0.00680	0.00803	0.00732	0.00914	0.00667	0.03034	0.06784	0.10540	0.01723	0.20801	0.03763	0.32167	0.09087	0.00782	0.00202	0.00346	0.05137	0.00474	0.00514
5	0.00876	0.03434	0.29158	0.00985	0.01377	0.02079	0.03785	0.02449	0.04043	0.01625	0.16088	0.05710	0.24646	0.00863	0.00543	0.00164	0.00480	0.00728	0.00378	0.00588
6	0.04515	0.10205	0.38481	0.04104	0.01782	0.01156	0.01310	0.04301	0.05823	0.19561	0.01255	0.03288	0.00910	0.00554	0.00472	0.00156	0.00598	0.00435	0.00347	0.00747
7	0.01360	0.77583	0.04849	0.00896	0.01332	0.04539	0.00898	0.01533	0.01042	0.01203	0.00712	0.00822	0.00649	0.00437	0.00333	0.00110	0.00559	0.00275	0.00218	0.00650
8	0.00996	0.05780	0.04156	0.07092	0.18879	0.00899	0.00925	0.01276	0.03977	0.04471	0.16930	0.09508	0.04606	0.01158	0.10719	0.00242	0.03211	0.00655	0.00362	0.04158
9	0.01209	0.12992	0.25368	0.16465	0.12757	0.01178	0.01316	0.01588	0.02950	0.10464	0.03188	0.01440	0.04310	0.00543	0.00476	0.00152	0.00598	0.00447	0.00297	0.02263
10	0.03195	0.07294	0.01700	0.01745	0.24195	0.31436	0.03314	0.06811	0.01369	0.12708	0.01033	0.01151	0.00796	0.00511	0.00472	0.00141	0.00692	0.00400	0.00324	0.00713
11	0.01213	0.10796	0.38759	0.02527	0.10496	0.14179	0.01423	0.01594	0.01124	0.01498	0.00961	0.01239	0.00774	0.00530	0.00505	0.00151	0.03633	0.02839	0.05077	0.00682
12	0.01090	0.01077	0.05011	0.05028	0.41962	0.01022	0.03676	0.03160	0.08023	0.01702	0.09252	0.03503	0.11976	0.00668	0.00530	0.00159	0.00511	0.00610	0.00341	0.00697
13	0.00732	0.00550	0.00807	0.00802	0.00883	0.00640	0.00616	0.00896	0.00806	0.01159	0.01359	0.02076	0.01298	0.10170	0.72156	0.00773	0.03006	0.00556	0.00273	0.00442
14	0.01219	0.01110	0.01705	0.19415	0.31819	0.01201	0.06068	0.09195	0.15042	0.01785	0.01270	0.01490	0.02570	0.00646	0.03125	0.00182	0.00610	0.00498	0.00323	0.00727
15	0.00630	0.00449	0.00597	0.00705	0.00741	0.00421	0.00477	0.00727	0.00990	0.01324	0.06101	0.74187	0.03359	0.03379	0.00689	0.00211	0.00301	0.03831	0.00469	0.00413
16	0.00829	0.00839	0.06935	0.02734	0.11710	0.02551	0.00754	0.01104	0.03418	0.01701	0.33774	0.04672	0.22026	0.01052	0.03521	0.00186	0.00404	0.00810	0.00439	0.00541
17	0.00652	0.00500	0.00552	0.00558	0.00663	0.00449	0.00384	0.00757	0.01062	0.01345	0.13845	0.11732	0.41219	0.22748	0.01126	0.00257	0.00319	0.00994	0.00438	0.00400
18	0.01296	0.02888	0.07562	0.02453	0.46831	0.07096	0.12143	0.04450	0.04591	0.01668	0.00990	0.01243	0.00801	0.00485	0.00545	0.00155	0.03319	0.00459	0.00269	0.00756
19	0.06079	0.13135	0.03465	0.04364	0.17529	0.10822	0.01027	0.17277	0.06779	0.05339	0.01098	0.01221	0.00854	0.00537	0.00479	0.00144	0.02484	0.00411	0.06240	0.00715
20	0.00793	0.00541	0.00669	0.00646	0.00780	0.00501	0.00480	0.01033	0.04123	0.05741	0.45011	0.15504	0.15626	0.01099	0.00584	0.00166	0.00265	0.00961	0.04986	0.00490
21	0.14485	0.01443	0.19136	0.02789	0.10409	0.03196	0.03946	0.13088	0.05426	0.12578	0.01288	0.05331	0.01022	0.00609	0.00486	0.00162	0.00560	0.02951	0.00373	0.00722
22	0.00801	0.00600	0.00787	0.03747	0.03505	0.00569	0.00592	0.03605	0.01148	0.02793	0.17134	0.33513	0.09205	0.01301	0.04756	0.00207	0.00386	0.04914	0.01996	0.08440
23	0.07735	0.13551	0.27428	0.01257	0.07278	0.03692	0.01204	0.12227	0.05537	0.10536	0.01118	0.01190	0.00821	0.00521	0.00449	0.00148	0.00584	0.00396	0.03590	0.00738
24	0.01278	0.62529	0.16403	0.01036	0.01517	0.01809	0.04411	0.01527	0.01035	0.01283	0.00753	0.00889	0.00653	0.00453	0.00399	0.00123	0.02711	0.00308	0.00218	0.00665
25	0.14126	0.16565	0.13444	0.01206	0.08678	0.01229	0.03503	0.05135	0.01193	0.19636	0.05444	0.01320	0.01030	0.00557	0.00508	0.00151	0.04783	0.00422	0.00362	0.00708
26	0.77846	0.01036	0.00801	0.00708	0.01024	0.04040	0.00580	0.03189	0.00936	0.05064	0.00765	0.00866	0.00584	0.00480	0.00330	0.00155	0.00415	0.00288	0.00327	0.00567
27	0.00992	0.00813	0.01026	0.01079	0.09155	0.00874	0.00746	0.04642	0.24825	0.01889	0.26212	0.07030	0.04563	0.01147	0.07851	0.00228	0.02360	0.03482	0.00465	0.00619
28	0.00723	0.00540	0.00803	0.00803	0.00890	0.00627	0.00620	0.00897	0.00810	0.01167	0.01363	0.02035	0.01285	0.06652	0.77394	0.00801	0.01323	0.00549	0.00272	0.00446
29	0.01296	0.01176	0.02757	0.03209	0.23314	0.02697	0.01060	0.05374	0.45507	0.03170	0.01602	0.01611	0.01226	0.00611	0.00543	0.00165	0.02958	0.00518	0.00417	0.00787
30	0.00661	0.00496	0.00613	0.00624	0.00732	0.00448	0.00453	0.00834	0.01243	0.01675	0.41151	0.24648	0.22094	0.01238	0.00610	0.00174	0.00257	0.01089	0.00513	0.00448
31	0.01116	0.00915	0.01042	0.00961	0.03113	0.01000	0.01901	0.08061	0.40883	0.02890	0.13518	0.04274	0.11227	0.03067	0.03556	0.00200	0.00420	0.00691	0.00490	0.00677
32	0.02183	0.00842	0.01146	0.00885	0.01261	0.00729	0.00729	0.02381	0.01446	0.75167	0.06220	0.01834	0.01445	0.00648	0.00513	0.00157	0.00420	0.00531	0.00622	0.00839
33	0.01280	0.01100	0.01551	0.01948	0.37382	0.01151	0.01122	0.15252	0.15433	0.02077	0.14765	0.01800	0.01638	0.00623	0.00521	0.00156	0.00493	0.00554	0.00398	0.00755
34	0.01889	0.02410	0.01433	0.01303	0.01563	0.80199	0.00977	0.02019	0.01433	0.01238	0.00782	0.00912	0.00651	0.00521	0.00456	0.00130	0.00912	0.00326	0.00261	0.00586
35	0.01219	0.09909	0.21312	0.01136	0.03312	0.09515	0.01078	0.12895	0.04042	0.02947	0.01258	0.01482	0.03793	0.01436	0.22090	0.00328	0.00840	0.00453	0.00307	0.00650
36	0.00801	0.00942	0.13223	0.03974	0.01315	0.00710	0.09705	0.01040	0.01053	0.01441	0.09059	0.32466	0.05245	0.05662	0.03689	0.00228	0.01998	0.06556	0.00382	0.00509
37	0.85801	0.00978	0.00743	0.00665	0.00978	0.01134	0.00548	0.01486	0.00861	0.02269	0.00704	0.00821	0.00548	0.00469	0.00313	0.00156	0.00391	0.00274	0.00313	0.00548
38	0.01078	0.03789	0.64265	0.05821	0.02167	0.01194	0.03156	0.03196	0.06158	0.03058	0.01007	0.01153	0.00720	0.00499	0.00484	0.00160	0.00709	0.00397	0.00248	0.00742
39	0.01676	0.07031	0.01288	0.00960	0.01295	0.02544	0.00784	0.19028	0.22400	0.25410	0.06747	0.01714	0.01422	0.00647	0.00493	0.00154	0.00445	0.00518	0.04663	0.00779
40	0.01659	0.01239	0.01329	0.01102	0.03154	0.04232	0.00869	0.45534	0.14697	0.07768	0.10207	0.01704	0.02835	0.00675	0.00517	0.00156	0.00495	0.00536	0.00505	0.00788
41	0.06491	0.01137	0.05690	0.01410	0.08764	0.01014	0.18503	0.08835	0.01393	0.34709	0.05741	0.01579	0.01187	0.00568	0.00520	0.00159	0.00558	0.00521	0.00452	0.00769
42	0.01258	0.12089	0.24732	0.01511	0.03810	0.01370	0.23233	0.10632	0.12962	0.01819	0.01126	0.01266	0.00845	0.00504	0.00503	0.00157	0.00673	0.00466	0.00307	0.00738
43	0.07960	0.00802	0.01033	0.00822	0.01140	0.00724	0.00656	0.02084	0.01304	0.59416	0.05225	0.01972	0.01439	0.12162	0.00790	0.00204	0.00428	0.00542	0.00555	0.00743
44	0.01217	0.01262	0.04209	0.15157	0.20681	0.09408	0.08847	0.03089	0.16479	0.01644	0.04821	0.03589	0.01148	0.00599	0.00588	0.00164	0.05570	0.00521	0.00322	0.00685
45	0.00620	0.00445	0.00583	0.00691	0.00725	0.00414	0.00460	0.00706	0.00966	0.01282	0.02830	0.76121	0.06095	0.04564	0.00715	0.00215	0.00299	0.01398	0.00463	0.00407

[dist]
# distance from previous block
# <min> <max>
0	6

[block]
# block no. 4 follows, 49 sequences, length 16
# corresponding to MSA columns:
# 9950-9952,9988-10000
name=unknown_E
#
# <colnr> <probs for GDERKNQSTAVLIFYWHMCP>
#	G	D	E	R	K	N	Q	S	T	A	V	L	I	F	Y	W	H	M	C	P
0	0.01291	0.01402	0.08454	0.03984	0.21267	0.15066	0.01099	0.03403	0.17725	0.03652	0.05889	0.01693	0.05781	0.00631	0.00554	0.00157	0.04223	0.00512	0.02523	0.00693
1	0.00899	0.00700	0.00826	0.00695	0.00952	0.00609	0.00537	0.01215	0.07688	0.03339	0.31022	0.04468	0.11568	0.00795	0.00504	0.00132	0.00306	0.00680	0.03184	0.29880
2	0.01041	0.00975	0.01380	0.03125	0.04248	0.01259	0.03247	0.02871	0.06182	0.01340	0.01068	0.06679	0.01042	0.04933	0.11437	0.00297	0.47496	0.00548	0.00276	0.00557
3	0.01166	0.00926	0.01030	0.00936	0.01179	0.01027	0.00733	0.05360	0.49434	0.04855	0.17635	0.04440	0.02296	0.00822	0.00546	0.00173	0.00377	0.05836	0.00522	0.00707
4	0.07748	0.10757	0.56412	0.01353	0.03744	0.01248	0.04658	0.01590	0.03052	0.01620	0.01006	0.01149	0.02534	0.00496	0.00460	0.00155	0.00678	0.00387	0.00238	0.00713
5	0.01377	0.02569	0.11104	0.07199	0.25949	0.01054	0.03265	0.03283	0.06509	0.17630	0.02622	0.01489	0.03093	0.00548	0.00522	0.00151	0.02495	0.00473	0.00359	0.08310
6	0.01049	0.00899	0.01049	0.00749	0.01198	0.00674	0.00599	0.01273	0.01049	0.01648	0.00899	0.01049	0.00749	0.00374	0.00374	0.00075	0.00374	0.00300	0.00300	0.85320
7	0.01185	0.01246	0.11333	0.01275	0.08883	0.04322	0.05329	0.07431	0.24300	0.04134	0.13262	0.02151	0.07072	0.00724	0.00570	0.00166	0.03106	0.02398	0.00420	0.00694
8	0.00735	0.00490	0.00552	0.00552	0.00552	0.00490	0.00306	0.00735	0.00735	0.00980	0.01593	0.03309	0.01838	0.82229	0.02574	0.00490	0.00490	0.00735	0.00306	0.00306
9	0.00908	0.00704	0.00792	0.00755	0.00935	0.00718	0.00567	0.04741	0.22151	0.03996	0.16601	0.19633	0.23331	0.01090	0.00578	0.00175	0.00318	0.00939	0.00503	0.00566
10	0.01211	0.01123	0.01707	0.04372	0.49950	0.03934	0.02963	0.01646	0.11869	0.03319	0.06334	0.06788	0.01330	0.00603	0.00519	0.00158	0.00544	0.00562	0.00329	0.00739
11	0.18310	0.05754	0.10283	0.01184	0.08880	0.09550	0.02851	0.03207	0.07330	0.01754	0.03409	0.04620	0.01047	0.00576	0.00465	0.00144	0.02050	0.02856	0.00318	0.15414
12	0.00724	0.00561	0.00698	0.00702	0.00847	0.00478	0.00496	0.00849	0.01002	0.01386	0.02477	0.56020	0.08059	0.01257	0.00574	0.00170	0.00311	0.01124	0.00427	0.21839
13	0.01389	0.06357	0.23180	0.01511	0.09274	0.03368	0.13226	0.12862	0.10461	0.09689	0.02946	0.01357	0.00969	0.00537	0.00504	0.00157	0.00630	0.00470	0.00352	0.00760
14	0.01522	0.32063	0.04129	0.03444	0.13816	0.23946	0.01051	0.09676	0.01306	0.01513	0.00834	0.00979	0.00699	0.00481	0.00419	0.00128	0.00662	0.00342	0.00267	0.02724
15	0.09076	0.02668	0.06773	0.01450	0.08462	0.00974	0.26653	0.01337	0.02785	0.01630	0.07740	0.07897	0.07579	0.02823	0.04497	0.00210	0.00617	0.05900	0.00335	0.00595

[dist]
# distance from previous block
# <min> <max>
0	1

[block]
# block no. 5 follows, 49 sequences, length 34
# corresponding to MSA columns:
# 10002-10012,10019-10041
name=unknown_F
#
# <colnr> <probs for GDERKNQSTAVLIFYWHMCP>
#	G	D	E	R	K	N	Q	S	T	A	V	L	I	F	Y	W	H	M	C	P
0	0.01283	0.02818	0.04701	0.01157	0.01480	0.01167	0.12298	0.22822	0.15271	0.03161	0.09180	0.05944	0.08397	0.00748	0.00607	0.00165	0.05371	0.00635	0.00432	0.02363
1	0.00717	0.00509	0.00607	0.00583	0.00711	0.00465	0.00434	0.00922	0.01297	0.01821	0.49109	0.03784	0.22013	0.03357	0.00622	0.00166	0.00250	0.00890	0.11285	0.00459
2	0.01182	0.01288	0.08089	0.16375	0.27572	0.04915	0.05257	0.04799	0.02177	0.01529	0.00959	0.03865	0.00823	0.00607	0.00760	0.00172	0.18219	0.00478	0.00259	0.00673
3	0.01347	0.62740	0.05738	0.00961	0.01340	0.01834	0.00939	0.01521	0.01012	0.05159	0.00771	0.00912	0.00681	0.00512	0.00541	0.00130	0.12661	0.00313	0.00238	0.00649
4	0.04393	0.05331	0.01357	0.16322	0.03254	0.03510	0.10896	0.01157	0.00929	0.01286	0.01114	0.01647	0.00993	0.05403	0.34322	0.05875	0.00949	0.00498	0.00256	0.00508
5	0.09635	0.16836	0.12834	0.04852	0.04816	0.08076	0.02612	0.03553	0.02162	0.15967	0.01057	0.01172	0.00797	0.00558	0.00585	0.00153	0.10521	0.00392	0.02739	0.00680
6	0.01322	0.41530	0.11276	0.01024	0.01477	0.06696	0.05777	0.01562	0.01092	0.06037	0.00883	0.01014	0.00728	0.00551	0.02885	0.00139	0.00601	0.00335	0.00262	0.14811
7	0.01019	0.00591	0.00734	0.00675	0.00848	0.00549	0.00515	0.03033	0.01248	0.15932	0.24093	0.10390	0.18651	0.03240	0.07713	0.00227	0.00396	0.00828	0.08783	0.00533
8	0.01179	0.12390	0.34755	0.01186	0.01667	0.05038	0.03421	0.05778	0.09972	0.04776	0.01273	0.08723	0.01077	0.00825	0.05567	0.00199	0.00665	0.00506	0.00312	0.00691
9	0.00909	0.00715	0.00769	0.00779	0.00895	0.05678	0.00553	0.01249	0.14719	0.05024	0.10195	0.39870	0.05099	0.10149	0.00810	0.00218	0.00373	0.01029	0.00462	0.00507
10	0.01194	0.03615	0.08934	0.08904	0.54934	0.03756	0.01470	0.01509	0.01139	0.01580	0.01071	0.01581	0.00939	0.00536	0.00509	0.00157	0.00617	0.06553	0.00262	0.00738
11	0.00791	0.00547	0.00690	0.00642	0.00786	0.00503	0.00486	0.01041	0.03270	0.05840	0.62839	0.03778	0.14791	0.01039	0.00590	0.00161	0.00255	0.00907	0.00547	0.00497
12	0.00910	0.00981	0.08487	0.54438	0.06006	0.00993	0.01267	0.01227	0.01038	0.01374	0.05238	0.13319	0.01283	0.00687	0.00528	0.00172	0.00599	0.00612	0.00278	0.00562
13	0.01331	0.00641	0.00844	0.00724	0.00944	0.00576	0.00567	0.01546	0.01382	0.31753	0.38499	0.06097	0.03017	0.00857	0.00541	0.00156	0.00314	0.00737	0.08852	0.00621
14	0.01373	0.14767	0.04735	0.01296	0.05779	0.09110	0.06579	0.10014	0.19405	0.03507	0.01174	0.01302	0.00936	0.00709	0.03168	0.00181	0.14478	0.00448	0.00339	0.00698
15	0.82789	0.00974	0.00759	0.00673	0.00989	0.01120	0.00555	0.01522	0.00882	0.05051	0.00751	0.00854	0.00573	0.00475	0.00320	0.00156	0.00393	0.00282	0.00324	0.00559
16	0.00668	0.00574	0.03126	0.00635	0.00781	0.00482	0.00495	0.00853	0.01215	0.01614	0.33696	0.13637	0.32501	0.01361	0.05872	0.00213	0.00342	0.00995	0.00483	0.00457
17	0.01116	0.00897	0.01055	0.00757	0.01203	0.00678	0.00607	0.01339	0.01071	0.05944	0.00959	0.01086	0.00777	0.00388	0.00382	0.00079	0.00378	0.00311	0.00318	0.80655
18	0.01094	0.01045	0.01695	0.34223	0.39915	0.03113	0.01385	0.01386	0.01086	0.01465	0.01084	0.08229	0.00965	0.00572	0.00514	0.00162	0.00612	0.00532	0.00259	0.00666
19	0.01049	0.00899	0.01049	0.00749	0.01198	0.00674	0.00599	0.01273	0.01049	0.01648	0.00899	0.01049	0.00749	0.00374	0.00374	0.00075	0.00374	0.00300	0.00300	0.85320
20	0.01254	0.03323	0.16369	0.02982	0.16337	0.02291	0.09859	0.07309	0.25032	0.04008	0.01491	0.02784	0.03485	0.00587	0.00513	0.00162	0.00576	0.00521	0.00363	0.00755
21	0.00671	0.00517	0.00587	0.00596	0.00741	0.00452	0.00450	0.00824	0.01191	0.03029	0.18434	0.13358	0.49350	0.01264	0.00608	0.00177	0.00276	0.06542	0.00489	0.00446
22	0.01179	0.01525	0.21404	0.07780	0.17346	0.01211	0.16616	0.03324	0.14221	0.03456	0.02760	0.01399	0.00958	0.00535	0.00568	0.00165	0.04026	0.00492	0.00304	0.00731
23	0.00878	0.00439	0.00659	0.00659	0.00659	0.00439	0.00439	0.00659	0.00659	0.00878	0.00878	0.01537	0.00878	0.01757	0.01976	0.85288	0.00439	0.00439	0.00220	0.00220
24	0.00851	0.00724	0.04794	0.00936	0.05705	0.00667	0.00666	0.07835	0.02940	0.01458	0.02018	0.38870	0.02232	0.11989	0.11255	0.02969	0.00533	0.02675	0.00393	0.00489
25	0.01077	0.00988	0.01591	0.11522	0.46030	0.01027	0.01230	0.01394	0.04995	0.01583	0.04731	0.12765	0.03587	0.00691	0.00558	0.00163	0.02758	0.00632	0.01999	0.00680
26	0.06801	0.34491	0.03699	0.01084	0.01435	0.38106	0.00926	0.05577	0.01274	0.01388	0.00770	0.00885	0.00654	0.00486	0.00397	0.00125	0.00709	0.00308	0.00257	0.00627
27	0.58338	0.19228	0.01256	0.00827	0.03324	0.07233	0.00679	0.01534	0.00949	0.01934	0.00717	0.00838	0.00585	0.00465	0.00332	0.00144	0.00469	0.00282	0.00286	0.00580
28	0.01171	0.05915	0.18636	0.02039	0.37077	0.01168	0.02920	0.01668	0.11375	0.03233	0.07175	0.01551	0.02746	0.00552	0.00500	0.00154	0.00570	0.00492	0.00311	0.00747
29	0.02576	0.05155	0.25730	0.03717	0.01652	0.00962	0.07297	0.03618	0.01159	0.07375	0.06967	0.03377	0.04559	0.00562	0.00473	0.00137	0.00540	0.00476	0.00323	0.23346
30	0.00651	0.00525	0.00580	0.00596	0.00732	0.00472	0.00434	0.00846	0.05022	0.01457	0.12917	0.21827	0.48138	0.02680	0.00638	0.00183	0.00274	0.01102	0.00479	0.00446
31	0.01259	0.11435	0.08939	0.06404	0.16452	0.06359	0.01981	0.02972	0.10721	0.09292	0.07029	0.01936	0.08586	0.02348	0.00541	0.00160	0.00530	0.02015	0.00363	0.00678
32	0.01245	0.14187	0.21367	0.01116	0.01535	0.13130	0.04099	0.05458	0.08468	0.03478	0.03274	0.04389	0.06155	0.00759	0.04158	0.00176	0.00640	0.00486	0.00318	0.05562
33	0.10513	0.43990	0.12890	0.00980	0.01410	0.03498	0.03063	0.07304	0.01150	0.03460	0.02809	0.05082	0.00907	0.00536	0.00397	0.00134	0.00550	0.00390	0.00282	0.00656

[dist]
# distance from previous block
# <min> <max>
1	18

[block]
# block no. 6 follows, 49 sequences, length 7
# corresponding to MSA columns:
# 10063-10066,10068-10070
name=unknown_G
#
# <colnr> <probs for GDERKNQSTAVLIFYWHMCP>
#	G	D	E	R	K	N	Q	S	T	A	V	L	I	F	Y	W	H	M	C	P
0	0.05468	0.06066	0.08307	0.26771	0.12153	0.05476	0.01115	0.01283	0.01062	0.01446	0.05348	0.14166	0.04409	0.00734	0.00558	0.00167	0.03972	0.00619	0.00298	0.00582
1	0.00889	0.00805	0.00973	0.05174	0.01146	0.07808	0.00761	0.01059	0.00967	0.01278	0.03843	0.08924	0.07085	0.02177	0.33517	0.00448	0.13054	0.09287	0.00321	0.00482
2	0.01288	0.01261	0.06973	0.08986	0.16703	0.05970	0.06932	0.10211	0.19618	0.05021	0.04873	0.01774	0.06880	0.00626	0.00520	0.00160	0.00556	0.00545	0.00382	0.00720
3	0.00708	0.00576	0.00692	0.00766	0.06068	0.00529	0.00514	0.00909	0.04121	0.01506	0.17637	0.11391	0.41977	0.06873	0.00734	0.00195	0.00309	0.03565	0.00461	0.00467
4	0.04793	0.05718	0.20395	0.06039	0.02959	0.03720	0.05014	0.04288	0.18701	0.07703	0.09425	0.01702	0.03498	0.00631	0.00536	0.00161	0.03131	0.00515	0.00375	0.00696
5	0.01291	0.06614	0.01365	0.01074	0.01357	0.01269	0.04755	0.08693	0.46165	0.04917	0.04706	0.01746	0.01419	0.00864	0.05459	0.00207	0.06366	0.00542	0.00450	0.00739
6	0.01377	0.06716	0.05365	0.04080	0.08761	0.07345	0.02977	0.16807	0.10465	0.06542	0.03794	0.01681	0.06056	0.04108	0.00713	0.00174	0.09581	0.00513	0.02259	0.00685

[dist]
# distance from previous block
# <min> <max>
3	6

[block]
# block no. 7 follows, 49 sequences, length 46
# corresponding to MSA columns:
# 10078-10123
name=unknown_H
#
# <colnr> <probs for GDERKNQSTAVLIFYWHMCP>
#	G	D	E	R	K	N	Q	S	T	A	V	L	I	F	Y	W	H	M	C	P
0	0.00722	0.00556	0.00729	0.00686	0.00821	0.00517	0.02795	0.00981	0.04406	0.01834	0.53479	0.12557	0.15799	0.01101	0.00599	0.00167	0.00272	0.00973	0.00523	0.00481
1	0.01427	0.22495	0.05934	0.00989	0.01341	0.05718	0.00870	0.19622	0.15160	0.06044	0.09987	0.01584	0.01396	0.02373	0.02769	0.00170	0.00534	0.00479	0.00403	0.00707
2	0.03940	0.01392	0.01491	0.01145	0.01547	0.01538	0.00946	0.73736	0.02318	0.05031	0.01221	0.01217	0.00862	0.00604	0.00501	0.00152	0.00549	0.00452	0.00504	0.00852
3	0.01186	0.05382	0.20018	0.03647	0.09501	0.03012	0.06293	0.07044	0.23072	0.01821	0.04483	0.01614	0.03812	0.00671	0.02179	0.00174	0.02885	0.00507	0.01981	0.00719
4	0.00670	0.00472	0.00630	0.00709	0.00750	0.00465	0.00491	0.00759	0.00922	0.01235	0.02401	0.50568	0.04192	0.12998	0.11512	0.03374	0.00478	0.06565	0.00411	0.00399
5	0.01306	0.07325	0.15322	0.03285	0.01437	0.01140	0.00959	0.16644	0.16927	0.08359	0.03778	0.03253	0.01261	0.07660	0.06502	0.00232	0.00580	0.00518	0.02815	0.00696
6	0.00618	0.00512	0.00534	0.00529	0.00687	0.00436	0.00392	0.00754	0.01170	0.01432	0.14031	0.04670	0.66679	0.04497	0.00677	0.00182	0.00263	0.01035	0.00474	0.00428
7	0.01178	0.02884	0.10800	0.03689	0.31425	0.01095	0.01179	0.05469	0.15149	0.03323	0.05416	0.04919	0.04741	0.00618	0.00505	0.00154	0.00516	0.00543	0.00350	0.06049
8	0.03123	0.04393	0.01544	0.02906	0.02958	0.06367	0.03920	0.03633	0.16178	0.02766	0.01009	0.01261	0.00855	0.00751	0.01140	0.00193	0.45615	0.00458	0.00299	0.00631
9	0.00737	0.00494	0.00565	0.00569	0.00575	0.00496	0.00329	0.00749	0.00750	0.01001	0.01621	0.03351	0.01858	0.78000	0.04285	0.00490	0.00509	0.02996	0.00310	0.00315
10	0.18897	0.06282	0.03818	0.16162	0.08239	0.09105	0.03167	0.20260	0.02858	0.02037	0.00972	0.01145	0.00743	0.00519	0.00446	0.00151	0.00581	0.00396	0.03553	0.00670
11	0.01216	0.03488	0.29547	0.01209	0.01706	0.00984	0.10778	0.04318	0.01179	0.12946	0.02949	0.08756	0.02657	0.00615	0.00515	0.00151	0.01682	0.00534	0.00339	0.14432
12	0.05980	0.11407	0.16308	0.01387	0.09677	0.14820	0.02944	0.22152	0.04467	0.04697	0.01023	0.01118	0.00774	0.00524	0.00463	0.00146	0.00643	0.00396	0.00337	0.00738
13	0.01319	0.64101	0.02273	0.00884	0.01248	0.08986	0.00826	0.01461	0.01033	0.01181	0.00827	0.03171	0.00789	0.02511	0.04612	0.02996	0.00606	0.00337	0.00232	0.00604
14	0.01344	0.01028	0.10739	0.00958	0.01293	0.00813	0.05428	0.08682	0.04180	0.24036	0.21172	0.04182	0.10709	0.00807	0.00549	0.00163	0.00437	0.02312	0.00496	0.00672
15	0.67594	0.05266	0.00927	0.00724	0.01057	0.01147	0.00605	0.04502	0.01001	0.12014	0.00887	0.00950	0.00654	0.00493	0.00346	0.00154	0.00410	0.00310	0.00355	0.00604
16	0.01194	0.03969	0.07453	0.09383	0.24161	0.09643	0.03660	0.03129	0.10064	0.02788	0.01563	0.03746	0.06755	0.02472	0.00561	0.00168	0.00580	0.05726	0.02319	0.00665
17	0.00687	0.00529	0.00727	0.00732	0.00839	0.00569	0.00562	0.00852	0.00916	0.01245	0.04143	0.06614	0.19897	0.03023	0.55537	0.00615	0.01015	0.00719	0.00335	0.00444
18	0.01453	0.01105	0.01427	0.01568	0.22438	0.01169	0.00999	0.22246	0.19255	0.09574	0.07288	0.06360	0.01476	0.00674	0.00522	0.00160	0.00481	0.00578	0.00451	0.00775
19	0.01065	0.00547	0.00651	0.00595	0.00755	0.00515	0.00456	0.01296	0.01250	0.13767	0.28871	0.02526	0.02513	0.00751	0.00463	0.00138	0.00266	0.00633	0.42409	0.00533
20	0.00937	0.03930	0.01348	0.17982	0.10671	0.00896	0.08563	0.01309	0.07635	0.01712	0.30638	0.04642	0.06111	0.00769	0.00550	0.00162	0.00461	0.00699	0.00398	0.00582
21	0.04832	0.00864	0.01160	0.00892	0.01281	0.00755	0.00737	0.02434	0.01429	0.77057	0.01955	0.01694	0.01230	0.00621	0.00503	0.00156	0.00429	0.00501	0.00616	0.00851
22	0.01250	0.00985	0.01139	0.01063	0.05197	0.01083	0.00794	0.21043	0.27749	0.02177	0.13615	0.03648	0.03714	0.02103	0.02922	0.03605	0.01759	0.04994	0.00474	0.00686
23	0.01862	0.02209	0.01413	0.01256	0.01531	0.66713	0.00954	0.12371	0.01551	0.01528	0.00870	0.00986	0.00702	0.00535	0.00459	0.00133	0.00840	0.00348	0.03119	0.00620
24	0.00765	0.06590	0.07965	0.03004	0.01012	0.00656	0.00655	0.00976	0.01174	0.01562	0.23964	0.16820	0.23416	0.01081	0.00570	0.00168	0.00351	0.05111	0.00439	0.03722
25	0.06740	0.04060	0.01033	0.00791	0.01096	0.00761	0.00644	0.05405	0.01394	0.42015	0.16942	0.02449	0.12951	0.00779	0.00519	0.00157	0.00377	0.00640	0.00549	0.00698
26	0.85801	0.00978	0.00743	0.00665	0.00978	0.01134	0.00548	0.01486	0.00861	0.02269	0.00704	0.00821	0.00548	0.00469	0.00313	0.00156	0.00391	0.00274	0.00313	0.00548
27	0.01247	0.11806	0.23262	0.04389	0.09318	0.02154	0.02677	0.14135	0.10297	0.01885	0.07589	0.01432	0.01162	0.00583	0.00534	0.00155	0.04182	0.00462	0.02014	0.00718
28	0.01745	0.05678	0.01206	0.00918	0.01253	0.00964	0.00746	0.02351	0.26867	0.42477	0.08623	0.01902	0.01620	0.00670	0.00507	0.00159	0.00410	0.00551	0.00559	0.00795
29	0.02719	0.07104	0.39807	0.05230	0.13235	0.01235	0.11340	0.02955	0.05873	0.02813	0.02384	0.01235	0.00822	0.00494	0.00491	0.00157	0.00678	0.00434	0.00263	0.00730
30	0.03044	0.00971	0.03230	0.00904	0.01198	0.00995	0.00735	0.07360	0.36349	0.18576	0.06445	0.01875	0.01544	0.00663	0.00487	0.00157	0.00391	0.00544	0.13791	0.00740
31	0.03018	0.01337	0.10490	0.01477	0.17701	0.06312	0.01067	0.17217	0.06095	0.04747	0.03081	0.04258	0.01049	0.00762	0.05193	0.00184	0.02262	0.00471	0.00354	0.12925
32	0.07349	0.00672	0.00742	0.00655	0.00830	0.00675	0.00483	0.06778	0.03005	0.16814	0.01611	0.02154	0.01371	0.24998	0.01059	0.00243	0.00388	0.00545	0.29089	0.00539
33	0.01190	0.05158	0.10970	0.13263	0.21293	0.10943	0.05920	0.01588	0.07535	0.01545	0.05162	0.01600	0.01115	0.00670	0.02813	0.00177	0.02914	0.04065	0.00291	0.01788
34	0.00635	0.00473	0.00594	0.00661	0.00739	0.00431	0.00466	0.00761	0.01088	0.01430	0.15058	0.50069	0.19900	0.01426	0.00630	0.00192	0.00284	0.04254	0.00483	0.00427
35	0.01535	0.04322	0.01488	0.02974	0.11263	0.04672	0.03037	0.26814	0.22354	0.07948	0.01533	0.04173	0.02620	0.00644	0.00531	0.00159	0.02186	0.00525	0.00443	0.00776
36	0.00738	0.00530	0.00723	0.00823	0.00914	0.00515	0.00665	0.00922	0.01125	0.01483	0.09263	0.29537	0.05331	0.01422	0.00670	0.00216	0.00386	0.43815	0.00475	0.00448
37	0.01188	0.00891	0.05769	0.01130	0.07111	0.00778	0.07815	0.01539	0.09978	0.18490	0.03797	0.23656	0.07176	0.04209	0.00651	0.00190	0.00449	0.04102	0.00452	0.00628
38	0.01163	0.05567	0.08634	0.14716	0.05390	0.09071	0.21034	0.07081	0.01212	0.01556	0.01308	0.12799	0.01226	0.02373	0.00585	0.00174	0.00664	0.04522	0.00306	0.00618
39	0.00944	0.00865	0.07252	0.00877	0.02441	0.00750	0.02558	0.05684	0.14821	0.05286	0.02820	0.25039	0.21473	0.05970	0.00695	0.00197	0.00393	0.00923	0.00447	0.00566
40	0.01672	0.00965	0.01275	0.00979	0.01358	0.00893	0.05368	0.09700	0.06356	0.35377	0.01554	0.04674	0.01131	0.00598	0.00528	0.00141	0.03527	0.00493	0.00477	0.22935
41	0.01077	0.00898	0.01051	0.00753	0.01201	0.00676	0.00603	0.01301	0.01058	0.03466	0.00924	0.01064	0.00761	0.00380	0.00378	0.00077	0.00376	0.00304	0.00307	0.83345
42	0.09087	0.01182	0.01305	0.01204	0.08745	0.03118	0.00880	0.35412	0.15875	0.04735	0.11777	0.01659	0.01486	0.00650	0.00501	0.00156	0.00479	0.00520	0.00470	0.00757
43	0.00735	0.00490	0.00552	0.00552	0.00552	0.00490	0.00306	0.00735	0.00735	0.00980	0.01593	0.03309	0.01838	0.82229	0.02574	0.00490	0.00490	0.00735	0.00306	0.00306
44	0.25431	0.05372	0.04565	0.00825	0.01134	0.01043	0.00699	0.15323	0.05046	0.11417	0.11700	0.01902	0.07182	0.05586	0.00584	0.00175	0.00426	0.00525	0.00429	0.00636
45	0.01194	0.01205	0.03952	0.21185	0.29759	0.04969	0.05636	0.04226	0.08261	0.01579	0.01048	0.02963	0.00864	0.00570	0.00648	0.00167	0.10326	0.00481	0.00278	0.00689

[dist]
# distance from previous block
# <min> <max>
0	1

[block]
# block no. 8 follows, 49 sequences, length 31
# corresponding to MSA columns:
# 10125-10155
name=unknown_I
#
# <colnr> <probs for GDERKNQSTAVLIFYWHMCP>
#	G	D	E	R	K	N	Q	S	T	A	V	L	I	F	Y	W	H	M	C	P
0	0.08081	0.01107	0.01381	0.07999	0.22082	0.05315	0.01007	0.14242	0.08684	0.05170	0.01363	0.11270	0.01207	0.00666	0.00498	0.00156	0.00516	0.01833	0.00372	0.07049
1	0.00628	0.00449	0.00579	0.00678	0.00711	0.00420	0.00447	0.00709	0.00951	0.01260	0.02764	0.69570	0.06714	0.10519	0.00857	0.00235	0.00313	0.01342	0.00451	0.00400
2	0.06968	0.27658	0.17149	0.00924	0.01409	0.01254	0.00939	0.03710	0.01076	0.01571	0.00954	0.01074	0.02918	0.00454	0.00385	0.00113	0.00506	0.00330	0.00268	0.30341
3	0.01117	0.01117	0.01494	0.50134	0.11351	0.10718	0.01244	0.01407	0.01084	0.01381	0.00890	0.01238	0.00697	0.00481	0.00479	0.00147	0.00649	0.00411	0.00244	0.13719
4	0.04137	0.01248	0.01435	0.01125	0.01492	0.06313	0.06717	0.34582	0.09581	0.21974	0.01458	0.01487	0.01044	0.04321	0.00600	0.00171	0.00547	0.00491	0.00488	0.00789
5	0.01069	0.00874	0.03903	0.01466	0.20240	0.00800	0.06815	0.01365	0.05547	0.10117	0.09191	0.24219	0.05741	0.00946	0.00575	0.00176	0.00452	0.05465	0.00418	0.00621
6	0.01204	0.28437	0.43905	0.01285	0.01888	0.03198	0.07419	0.01616	0.01087	0.04334	0.00887	0.01028	0.00676	0.00467	0.00439	0.00143	0.00680	0.00362	0.00234	0.00711
7	0.00684	0.00505	0.00639	0.00628	0.00742	0.00460	0.00462	0.00886	0.01325	0.01827	0.57325	0.14903	0.15444	0.01147	0.00603	0.00167	0.00249	0.01010	0.00532	0.00460
8	0.02538	0.31588	0.20240	0.01059	0.01484	0.09479	0.01070	0.04181	0.05771	0.01482	0.01013	0.05623	0.00885	0.00565	0.00480	0.00139	0.04579	0.00407	0.02896	0.04521
9	0.01046	0.02395	0.66110	0.01563	0.02269	0.01193	0.15146	0.01605	0.01090	0.01605	0.00928	0.01120	0.00663	0.00471	0.00501	0.00162	0.00766	0.00413	0.00221	0.00736
10	0.66257	0.09736	0.02709	0.00804	0.03423	0.01235	0.00661	0.03539	0.02737	0.03998	0.00792	0.00895	0.00616	0.00478	0.00338	0.00151	0.00427	0.00298	0.00316	0.00592
11	0.01140	0.18623	0.57978	0.03712	0.02005	0.01319	0.01598	0.01615	0.01076	0.05198	0.00917	0.01055	0.00672	0.00478	0.00451	0.00150	0.00688	0.00361	0.00234	0.00727
12	0.01037	0.06201	0.01172	0.06516	0.04772	0.00799	0.00696	0.01282	0.02409	0.01587	0.01190	0.03630	0.04508	0.00482	0.00406	0.00099	0.00404	0.00395	0.03603	0.58812
13	0.00616	0.00440	0.00587	0.00704	0.00733	0.00411	0.00469	0.00704	0.00968	0.01291	0.02787	0.81899	0.03344	0.01584	0.00645	0.00205	0.00293	0.01438	0.00469	0.00411
14	0.00956	0.02066	0.57694	0.01233	0.01819	0.01024	0.01495	0.01510	0.05672	0.01685	0.13565	0.01775	0.06090	0.00629	0.00508	0.00161	0.00617	0.00513	0.00301	0.00688
15	0.00621	0.00446	0.00582	0.00688	0.00722	0.00415	0.00458	0.00707	0.00966	0.01280	0.02840	0.74565	0.06810	0.05393	0.00735	0.00217	0.00301	0.01387	0.00462	0.00407
16	0.01198	0.05110	0.08441	0.08820	0.44234	0.01182	0.10407	0.01550	0.03536	0.03712	0.01073	0.03290	0.00903	0.03672	0.00587	0.00168	0.00623	0.00493	0.00270	0.00729
17	0.01519	0.00677	0.00837	0.00710	0.00955	0.00628	0.00562	0.01789	0.04872	0.36477	0.08412	0.04484	0.01647	0.00679	0.00460	0.00144	0.00332	0.00561	0.33595	0.00659
18	0.01165	0.03729	0.05460	0.02428	0.55680	0.02872	0.01322	0.01491	0.03940	0.01640	0.05465	0.03736	0.05979	0.00577	0.00506	0.00152	0.00549	0.00533	0.02044	0.00731
19	0.00777	0.00526	0.00644	0.00613	0.00754	0.00474	0.00460	0.00977	0.01313	0.05872	0.47326	0.08525	0.22398	0.01078	0.00580	0.00162	0.00256	0.00934	0.05850	0.00481
20	0.01298	0.59362	0.11783	0.00945	0.01386	0.05590	0.00962	0.03219	0.03296	0.01325	0.01071	0.01152	0.05789	0.00509	0.00377	0.00122	0.00562	0.00350	0.00250	0.00652
21	0.80070	0.00970	0.00773	0.00681	0.00999	0.01108	0.00561	0.01554	0.00901	0.07562	0.00793	0.00883	0.00596	0.00480	0.00326	0.00156	0.00394	0.00290	0.00334	0.00569
22	0.01922	0.01416	0.01518	0.01163	0.01568	0.01568	0.00961	0.77388	0.02378	0.03187	0.01214	0.01214	0.00860	0.00607	0.00506	0.00152	0.00556	0.00455	0.00506	0.00860
