[name]
unknown

[dist]
# distance from previous block
# <min> <max>
0	41

[block]
# block no. 0 follows, 58 sequences, length 58
# corresponding to MSA columns:
# 210-267
name=unknown_A
#
# <colnr> <probs for GDERKNQSTAVLIFYWHMCP>
#	G	D	E	R	K	N	Q	S	T	A	V	L	I	F	Y	W	H	M	C	P
0	0.01715	0.00860	0.01089	0.00912	0.03759	0.00835	0.00724	0.21918	0.01435	0.47578	0.01612	0.01823	0.01182	0.03319	0.00526	0.00154	0.00419	0.08942	0.00491	0.00706
1	0.00585	0.00421	0.00543	0.00627	0.00667	0.00399	0.00423	0.03192	0.00896	0.01191	0.02458	0.76464	0.05377	0.03688	0.00613	0.00186	0.00271	0.01216	0.00412	0.00374
2	0.03742	0.00685	0.00812	0.00701	0.00881	0.00715	0.03437	0.20107	0.01230	0.01765	0.14046	0.02178	0.11952	0.06818	0.12312	0.00237	0.00462	0.00566	0.16861	0.00493
3	0.00835	0.00444	0.00495	0.00469	0.00585	0.00440	0.02889	0.01049	0.00952	0.01664	0.04015	0.01707	0.01231	0.00529	0.00327	0.00107	0.00226	0.00433	0.81182	0.00423
4	0.01920	0.00814	0.01072	0.00830	0.01163	0.00754	0.00685	0.08383	0.03887	0.70285	0.01673	0.01474	0.01071	0.00561	0.00483	0.00140	0.03076	0.00446	0.00530	0.00751
5	0.00538	0.00442	0.00474	0.00490	0.00616	0.00378	0.00358	0.00652	0.01007	0.01234	0.09123	0.18301	0.62505	0.01166	0.00536	0.00156	0.00231	0.00993	0.00420	0.00378
6	0.01586	0.01196	0.01278	0.01006	0.01344	0.01334	0.00823	0.64949	0.17338	0.02635	0.01219	0.01189	0.00878	0.00551	0.00449	0.00138	0.00465	0.00423	0.00449	0.00751
7	0.01672	0.02106	0.01270	0.01149	0.01383	0.80051	0.00864	0.04132	0.01293	0.01147	0.00703	0.00815	0.00582	0.00463	0.00405	0.00116	0.00797	0.00292	0.00237	0.00526
8	0.00938	0.02257	0.78975	0.01257	0.01907	0.01025	0.01616	0.01445	0.00957	0.04383	0.00838	0.00966	0.00587	0.00430	0.00426	0.00142	0.00651	0.00335	0.00202	0.00665
9	0.00628	0.00457	0.00591	0.00557	0.00665	0.00420	0.00418	0.00834	0.01254	0.01764	0.77397	0.03390	0.08095	0.00925	0.00528	0.00141	0.00212	0.00816	0.00489	0.00420
10	0.00928	0.00795	0.00928	0.00663	0.01060	0.00596	0.00530	0.01126	0.00928	0.01458	0.00795	0.00928	0.00663	0.00331	0.00331	0.00066	0.00331	0.00265	0.00265	0.87014
11	0.00939	0.13920	0.70725	0.01203	0.01825	0.01142	0.01528	0.01406	0.00939	0.01365	0.00777	0.00912	0.00568	0.00419	0.00406	0.00135	0.00635	0.00318	0.00189	0.00649
12	0.00943	0.01071	0.10069	0.03299	0.01304	0.02150	0.05472	0.01247	0.09428	0.01310	0.10529	0.01420	0.02816	0.00712	0.01018	0.00173	0.45781	0.00466	0.00265	0.00528
13	0.00967	0.00794	0.00932	0.00667	0.01063	0.00599	0.00535	0.01164	0.00940	0.04365	0.00830	0.00949	0.00679	0.00339	0.00336	0.00069	0.00333	0.00272	0.00275	0.83893
14	0.00633	0.00457	0.00598	0.00563	0.00668	0.00422	0.00422	0.00844	0.01266	0.01794	0.81253	0.03341	0.04221	0.00914	0.00528	0.00141	0.00211	0.00809	0.00492	0.00422
15	0.00596	0.00453	0.00548	0.00531	0.00647	0.00405	0.00396	0.00770	0.01170	0.01579	0.53383	0.07249	0.28631	0.01006	0.00530	0.00146	0.00218	0.00873	0.00465	0.00405
16	0.01700	0.01253	0.01342	0.01029	0.01387	0.01387	0.00850	0.79997	0.02103	0.02819	0.01074	0.01074	0.00761	0.00537	0.00447	0.00134	0.00492	0.00403	0.00447	0.00761
17	0.00918	0.00785	0.00917	0.00662	0.01049	0.00590	0.00527	0.01113	0.00926	0.01449	0.00838	0.03076	0.00722	0.00359	0.00337	0.00069	0.00329	0.00291	0.00269	0.84772
18	0.00904	0.00681	0.00842	0.03854	0.00961	0.00729	0.00590	0.14538	0.07089	0.03291	0.44697	0.05389	0.02781	0.02655	0.03339	0.00171	0.05875	0.00670	0.00436	0.00508
19	0.01700	0.01253	0.01342	0.01029	0.01387	0.01387	0.00850	0.79997	0.02103	0.02819	0.01074	0.01074	0.00761	0.00537	0.00447	0.00134	0.00492	0.00403	0.00447	0.00761
20	0.87439	0.00865	0.00657	0.00588	0.00865	0.01003	0.00484	0.01315	0.00761	0.02007	0.00623	0.00727	0.00484	0.00415	0.00277	0.00138	0.00346	0.00242	0.00277	0.00484
21	0.01657	0.00905	0.01076	0.00858	0.01149	0.02051	0.00695	0.28701	0.01478	0.38538	0.01507	0.08311	0.01128	0.02150	0.00523	0.00146	0.03474	0.00500	0.04464	0.00689
22	0.00546	0.00454	0.00477	0.00471	0.00615	0.00385	0.00353	0.00675	0.01060	0.01304	0.17098	0.04147	0.68682	0.01097	0.00529	0.00149	0.00224	0.00922	0.00428	0.00385
23	0.00650	0.00435	0.00494	0.00494	0.00496	0.00437	0.00279	0.00654	0.00652	0.00872	0.01404	0.02896	0.01613	0.82118	0.04419	0.00441	0.00454	0.00646	0.00270	0.00274
24	0.00897	0.02314	0.81962	0.01275	0.01936	0.01039	0.01653	0.01417	0.00944	0.01417	0.00803	0.00944	0.00567	0.00425	0.00425	0.00142	0.00661	0.00331	0.00189	0.00661
25	0.00983	0.00936	0.01592	0.40790	0.44414	0.01030	0.01311	0.01264	0.00960	0.01311	0.00820	0.01148	0.00655	0.00422	0.00445	0.00141	0.00562	0.00398	0.00211	0.00608
26	0.00879	0.00880	0.04961	0.76493	0.02967	0.01010	0.01246	0.04065	0.00941	0.01217	0.00806	0.01177	0.00601	0.00450	0.00446	0.00148	0.00595	0.00395	0.00208	0.00514
27	0.00548	0.00417	0.00506	0.00562	0.00636	0.00374	0.00392	0.00651	0.00950	0.01228	0.10927	0.50258	0.28403	0.01266	0.00553	0.00168	0.00244	0.01120	0.00423	0.00374
28	0.00531	0.00453	0.00456	0.00455	0.00605	0.00378	0.00341	0.00646	0.01024	0.01219	0.05921	0.04288	0.79911	0.01129	0.00529	0.00151	0.00226	0.00942	0.00417	0.00378
29	0.00897	0.02314	0.81962	0.01275	0.01936	0.01039	0.01653	0.01417	0.00944	0.01417	0.00803	0.00944	0.00567	0.00425	0.00425	0.00142	0.00661	0.00331	0.00189	0.00661
30	0.01098	0.01054	0.01795	0.04864	0.77875	0.01067	0.01362	0.01361	0.01009	0.01446	0.00835	0.01107	0.00703	0.00407	0.00462	0.00134	0.02103	0.00398	0.00220	0.00699
31	0.00639	0.00478	0.00712	0.00712	0.00790	0.00556	0.00551	0.00795	0.00717	0.01034	0.01204	0.01790	0.01133	0.05641	0.80240	0.00711	0.01177	0.00484	0.00241	0.00396
32	0.00567	0.00445	0.00513	0.00517	0.00633	0.00391	0.00380	0.00709	0.01080	0.01401	0.30816	0.15998	0.42758	0.01098	0.00535	0.00152	0.00226	0.00947	0.00442	0.00391
33	0.01098	0.00809	0.01151	0.00984	0.03454	0.03045	0.14424	0.02418	0.16263	0.17371	0.07007	0.12786	0.14457	0.00763	0.00499	0.00151	0.00408	0.01925	0.00412	0.00575
34	0.00912	0.06285	0.78117	0.01250	0.01898	0.01074	0.01610	0.01413	0.00943	0.01399	0.00794	0.00933	0.00567	0.00423	0.00418	0.00139	0.00652	0.00326	0.00189	0.00657
35	0.01654	0.02087	0.01272	0.01151	0.01378	0.78967	0.00867	0.03189	0.01268	0.01126	0.00696	0.00816	0.00580	0.00470	0.00431	0.00118	0.02884	0.00293	0.00234	0.00522
36	0.81730	0.00956	0.03759	0.00630	0.00920	0.03310	0.00540	0.01332	0.00783	0.01959	0.00632	0.00737	0.00490	0.00417	0.00286	0.00138	0.00371	0.00247	0.00272	0.00492
37	0.00767	0.00537	0.00639	0.00619	0.02734	0.00525	0.00453	0.05961	0.04902	0.01759	0.44288	0.02809	0.11929	0.00803	0.00470	0.00134	0.00245	0.00689	0.19279	0.00458
38	0.01196	0.84548	0.02344	0.00765	0.01148	0.01770	0.00765	0.01339	0.00909	0.01052	0.00622	0.00718	0.00574	0.00383	0.00287	0.00096	0.00478	0.00239	0.00191	0.00574
39	0.00928	0.00795	0.00928	0.00663	0.01060	0.00596	0.00530	0.01126	0.00928	0.01458	0.00795	0.00928	0.00663	0.00331	0.00331	0.00066	0.00331	0.00265	0.00265	0.87014
40	0.00582	0.00497	0.00506	0.00499	0.00656	0.00443	0.00375	0.00798	0.08031	0.01277	0.05753	0.05625	0.71220	0.01088	0.00523	0.00152	0.00238	0.00909	0.00420	0.00407
41	0.01587	0.01687	0.01238	0.01070	0.01338	0.46456	0.00829	0.24352	0.12438	0.01708	0.00971	0.01018	0.00748	0.00504	0.00422	0.00126	0.00643	0.00353	0.01900	0.00612
42	0.87439	0.00865	0.00657	0.00588	0.00865	0.01003	0.00484	0.01315	0.00761	0.02007	0.00623	0.00727	0.00484	0.00415	0.00277	0.00138	0.00346	0.00242	0.00277	0.00484
43	0.01077	0.03241	0.07083	0.03997	0.67081	0.02348	0.02689	0.01351	0.01013	0.01426	0.00967	0.01203	0.03665	0.00429	0.00442	0.00134	0.00537	0.00411	0.00225	0.00681
44	0.00946	0.14169	0.65780	0.01200	0.01799	0.01145	0.03032	0.01394	0.00936	0.01358	0.00774	0.00917	0.00572	0.00423	0.00425	0.00135	0.02203	0.00321	0.00192	0.02279
45	0.00556	0.00399	0.00530	0.00631	0.00666	0.00374	0.00433	0.00644	0.00873	0.01157	0.02521	0.76382	0.05284	0.01382	0.00573	0.00182	0.00269	0.06362	0.00415	0.00367
46	0.01222	0.01020	0.01259	0.07161	0.17822	0.03312	0.00910	0.10112	0.39458	0.07044	0.01379	0.01393	0.01039	0.00546	0.00495	0.00146	0.04167	0.00451	0.00377	0.00687
47	0.00853	0.00529	0.00657	0.00596	0.00762	0.00473	0.00457	0.01054	0.03356	0.14625	0.38283	0.08914	0.21388	0.00913	0.00509	0.00144	0.00257	0.01743	0.00468	0.04019
48	0.01034	0.30053	0.51440	0.01092	0.01645	0.01302	0.01317	0.04919	0.00984	0.01357	0.00754	0.00874	0.00578	0.00416	0.00379	0.00126	0.00592	0.00303	0.00201	0.00636
49	0.00992	0.14335	0.25627	0.01428	0.03861	0.01127	0.33219	0.01352	0.00996	0.01359	0.01005	0.01511	0.00857	0.00495	0.00469	0.00146	0.00638	0.09756	0.00232	0.00595
50	0.00545	0.00389	0.00519	0.00623	0.00649	0.00363	0.00415	0.00623	0.00856	0.01142	0.02465	0.83987	0.02959	0.01401	0.00571	0.00182	0.00260	0.01272	0.00415	0.00363
51	0.00537	0.00455	0.00464	0.00466	0.00614	0.00382	0.00352	0.00655	0.01027	0.01228	0.06646	0.04297	0.77090	0.01129	0.00531	0.00152	0.00231	0.02946	0.00417	0.00380
52	0.01034	0.31225	0.48031	0.01055	0.01597	0.01267	0.01262	0.01397	0.00940	0.03470	0.00765	0.00879	0.00588	0.00409	0.00373	0.00122	0.00574	0.00299	0.00203	0.04510
53	0.00569	0.00453	0.00510	0.00499	0.00630	0.00394	0.00373	0.00719	0.01111	0.01432	0.33946	0.05525	0.50148	0.01054	0.00529	0.00148	0.00221	0.00899	0.00445	0.00394
54	0.01104	0.01074	0.01766	0.08496	0.73597	0.03340	0.01349	0.01368	0.01017	0.01428	0.00834	0.01105	0.00697	0.00404	0.00442	0.00134	0.00544	0.00395	0.00220	0.00688
55	0.01171	0.00911	0.00992	0.00872	0.01134	0.01013	0.00682	0.02232	0.65631	0.09776	0.05364	0.01697	0.01438	0.00603	0.00452	0.00146	0.00349	0.00503	0.00458	0.04575
56	0.01099	0.04013	0.01110	0.00841	0.01167	0.02326	0.02801	0.06812	0.27492	0.03919	0.01167	0.01200	0.00907	0.00468	0.00439	0.00111	0.04108	0.00372	0.00341	0.39308
57	0.01193	0.00890	0.04645	0.00762	0.01159	0.00683	0.02176	0.05732	0.01068	0.18013	0.01012	0.01064	0.00755	0.00393	0.00370	0.00090	0.00373	0.00319	0.00330	0.58972

[dist]
# distance from previous block
# <min> <max>
3	5

[block]
# block no. 1 follows, 58 sequences, length 75
# corresponding to MSA columns:
# 273-347
name=unknown_B
#
# <colnr> <probs for GDERKNQSTAVLIFYWHMCP>
#	G	D	E	R	K	N	Q	S	T	A	V	L	I	F	Y	W	H	M	C	P
0	0.01083	0.00790	0.00943	0.00682	0.01072	0.00605	0.00548	0.01278	0.00978	0.13010	0.00935	0.01013	0.00727	0.00363	0.00348	0.00077	0.00338	0.00292	0.00307	0.74611
1	0.00920	0.00786	0.00919	0.00660	0.01050	0.00592	0.00527	0.01119	0.00937	0.01466	0.02917	0.00991	0.00756	0.00347	0.00336	0.00068	0.00328	0.00279	0.00271	0.84730
2	0.01676	0.01241	0.01329	0.01024	0.01378	0.01376	0.00844	0.76789	0.05351	0.02780	0.01105	0.01099	0.00786	0.00540	0.00448	0.00135	0.00487	0.00407	0.00448	0.00759
3	0.04239	0.00798	0.01049	0.00807	0.01152	0.00717	0.00666	0.07538	0.01324	0.74233	0.01687	0.01471	0.01067	0.00549	0.00445	0.00138	0.00387	0.00441	0.00539	0.00754
4	0.01113	0.00961	0.01011	0.00910	0.01163	0.01113	0.00708	0.02377	0.80681	0.01871	0.01821	0.01669	0.01365	0.00607	0.00455	0.00152	0.00354	0.00506	0.00455	0.00708
5	0.01700	0.01253	0.01342	0.01029	0.01387	0.01387	0.00850	0.79997	0.02103	0.02819	0.01074	0.01074	0.00761	0.00537	0.00447	0.00134	0.00492	0.00403	0.00447	0.00761
6	0.00529	0.00453	0.00453	0.00453	0.00604	0.00378	0.00340	0.00642	0.01020	0.01208	0.04532	0.04305	0.81307	0.01133	0.00529	0.00151	0.00227	0.00944	0.00415	0.00378
7	0.00928	0.00795	0.00928	0.00663	0.01060	0.00596	0.00530	0.01126	0.00928	0.01458	0.00795	0.00928	0.00663	0.00331	0.00331	0.00066	0.00331	0.00265	0.00265	0.87014
8	0.01925	0.00988	0.01108	0.00870	0.01205	0.10050	0.00709	0.13325	0.01397	0.61282	0.01544	0.01377	0.00997	0.00541	0.00444	0.00135	0.00445	0.00425	0.00502	0.00734
9	0.00750	0.00619	0.00658	0.00619	0.00799	0.00621	0.00473	0.01242	0.26428	0.02766	0.12303	0.04413	0.44732	0.00935	0.00504	0.00150	0.00268	0.00786	0.00439	0.00494
10	0.00545	0.00389	0.00519	0.00623	0.00649	0.00363	0.00415	0.00623	0.00856	0.01142	0.02465	0.83987	0.02959	0.01401	0.00571	0.00182	0.00260	0.01272	0.00415	0.00363
11	0.01088	0.01043	0.01780	0.08752	0.75636	0.01058	0.01363	0.01356	0.01009	0.01438	0.00838	0.01114	0.00700	0.00402	0.00443	0.00134	0.00536	0.00398	0.00220	0.00693
12	0.07459	0.16091	0.01092	0.00755	0.00992	0.03130	0.00624	0.09135	0.19936	0.02575	0.02038	0.09204	0.16835	0.00766	0.00448	0.00145	0.00374	0.07478	0.00373	0.00548
13	0.00598	0.00426	0.00575	0.00675	0.00722	0.00408	0.00497	0.00709	0.00899	0.01189	0.02406	0.59329	0.02810	0.03862	0.00636	0.00196	0.00308	0.22971	0.00410	0.00374
14	0.01040	0.01176	0.02543	0.07956	0.02393	0.01121	0.73995	0.01411	0.01044	0.01411	0.00897	0.01206	0.00673	0.00382	0.00522	0.00151	0.00742	0.00518	0.00224	0.00595
15	0.01196	0.84548	0.02344	0.00765	0.01148	0.01770	0.00765	0.01339	0.00909	0.01052	0.00622	0.00718	0.00574	0.00383	0.00287	0.00096	0.00478	0.00239	0.00191	0.00574
16	0.00897	0.02314	0.81962	0.01275	0.01936	0.01039	0.01653	0.01417	0.00944	0.01417	0.00803	0.00944	0.00567	0.00425	0.00425	0.00142	0.00661	0.00331	0.00189	0.00661
17	0.00742	0.00412	0.00618	0.00618	0.00638	0.00432	0.00432	0.00638	0.00618	0.00844	0.00885	0.01462	0.00865	0.02017	0.22527	0.64789	0.00597	0.00412	0.00206	0.00247
18	0.01196	0.84548	0.02344	0.00765	0.01148	0.01770	0.00765	0.01339	0.00909	0.01052	0.00622	0.00718	0.00574	0.00383	0.00287	0.00096	0.00478	0.00239	0.00191	0.00574
19	0.01918	0.00778	0.01034	0.00803	0.01139	0.00696	0.00660	0.03342	0.06783	0.73781	0.03053	0.01556	0.01171	0.00563	0.00451	0.00139	0.00378	0.00459	0.00544	0.00752
20	0.00723	0.00483	0.00670	0.00637	0.00749	0.00444	0.02841	0.00899	0.01144	0.07569	0.50408	0.26152	0.03521	0.01010	0.00534	0.00153	0.00254	0.00906	0.00467	0.00436
21	0.00765	0.00566	0.00754	0.00834	0.00954	0.00583	0.00719	0.01091	0.10070	0.01399	0.02306	0.04663	0.02437	0.01164	0.00599	0.00200	0.00405	0.69628	0.00417	0.00446
22	0.00544	0.00392	0.00516	0.00616	0.00647	0.00364	0.00412	0.00624	0.00863	0.01145	0.02552	0.80657	0.06234	0.01390	0.00569	0.00180	0.00258	0.01258	0.00415	0.00364
23	0.01189	0.01052	0.01330	0.01116	0.01233	0.08849	0.04907	0.07154	0.00935	0.10385	0.00836	0.01110	0.00708	0.00908	0.08070	0.00220	0.48789	0.00404	0.00264	0.00541
24	0.01644	0.01138	0.01247	0.00978	0.01317	0.01243	0.00801	0.56645	0.15018	0.13304	0.01291	0.01233	0.00908	0.00551	0.00449	0.00138	0.00454	0.00426	0.00463	0.00752
25	0.00651	0.00434	0.00488	0.00488	0.00488	0.00434	0.00271	0.00651	0.00651	0.00867	0.01409	0.02927	0.01626	0.84279	0.02277	0.00434	0.00434	0.00651	0.00271	0.00271
26	0.01206	0.01019	0.01156	0.01138	0.10316	0.01151	0.00806	0.14658	0.59091	0.01976	0.01590	0.01510	0.01194	0.00572	0.00453	0.00147	0.00396	0.00477	0.00427	0.00717
27	0.00818	0.00815	0.01609	0.01257	0.01511	0.00762	0.40839	0.01067	0.01017	0.01384	0.12998	0.30276	0.01980	0.00810	0.00543	0.00160	0.00504	0.00827	0.00330	0.00494
28	0.00893	0.00844	0.01428	0.68509	0.17402	0.01006	0.01266	0.01185	0.00917	0.01201	0.00804	0.01177	0.00617	0.00438	0.00446	0.00146	0.00584	0.00398	0.00203	0.00536
29	0.03223	0.01187	0.02528	0.01917	0.08209	0.01123	0.72017	0.01425	0.01046	0.01449	0.00893	0.01187	0.00676	0.00380	0.00515	0.00149	0.00727	0.00511	0.00227	0.00608
30	0.01045	0.01174	0.02457	0.01783	0.02171	0.01166	0.68521	0.01382	0.01002	0.01382	0.00859	0.01174	0.00666	0.00435	0.00663	0.00157	0.12647	0.00508	0.00222	0.00587
31	0.00555	0.00397	0.00528	0.00616	0.00651	0.00370	0.00416	0.00648	0.00903	0.01216	0.11408	0.74834	0.03102	0.01346	0.00566	0.00177	0.00254	0.01219	0.00424	0.00370
32	0.01046	0.01177	0.02477	0.01794	0.02189	0.01162	0.69746	0.01387	0.01008	0.01387	0.00864	0.01177	0.00667	0.00429	0.00648	0.00157	0.11363	0.00510	0.00222	0.00589
33	0.01194	0.00901	0.00986	0.00872	0.01126	0.01007	0.00682	0.02246	0.65028	0.12094	0.07306	0.01766	0.01530	0.00621	0.00459	0.00149	0.00348	0.00520	0.00470	0.00695
34	0.01736	0.00851	0.01048	0.00837	0.01156	0.00835	0.00680	0.11022	0.19160	0.52496	0.01690	0.01509	0.01127	0.00563	0.00447	0.00140	0.00382	0.00456	0.03128	0.00739
35	0.00855	0.00809	0.01344	0.77081	0.02939	0.01022	0.01223	0.01138	0.00879	0.01138	0.00780	0.01177	0.00596	0.00472	0.00523	0.00153	0.06782	0.00397	0.00199	0.00496
36	0.01219	0.07381	0.02346	0.01619	0.02048	0.01143	0.59506	0.06943	0.01143	0.10622	0.00993	0.01197	0.00725	0.00409	0.00496	0.00144	0.00673	0.00489	0.00276	0.00630
37	0.00897	0.02314	0.81962	0.01275	0.01936	0.01039	0.01653	0.01417	0.00944	0.01417	0.00803	0.00944	0.00567	0.00425	0.00425	0.00142	0.00661	0.00331	0.00189	0.00661
38	0.00545	0.00389	0.00519	0.00623	0.00649	0.00363	0.00415	0.00623	0.00856	0.01142	0.02465	0.83987	0.02959	0.01401	0.00571	0.00182	0.00260	0.01272	0.00415	0.00363
39	0.01627	0.01248	0.01490	0.01126	0.01495	0.01358	0.09818	0.71080	0.01984	0.02662	0.01055	0.01089	0.00751	0.00519	0.00457	0.00136	0.00522	0.00417	0.00422	0.00743
40	0.00987	0.01005	0.01514	0.01255	0.01306	0.01343	0.09932	0.01117	0.00727	0.01117	0.00623	0.01005	0.00598	0.00737	0.01361	0.00191	0.74073	0.00407	0.00199	0.00502
41	0.14244	0.00853	0.01031	0.00803	0.01140	0.00821	0.00663	0.14226	0.01334	0.57973	0.01493	0.01338	0.00964	0.00531	0.00425	0.00138	0.00393	0.00413	0.00497	0.00721
42	0.00545	0.00389	0.00519	0.00623	0.00649	0.00363	0.00415	0.00623	0.00856	0.01142	0.02465	0.83987	0.02959	0.01401	0.00571	0.00182	0.00260	0.01272	0.00415	0.00363
43	0.00639	0.00479	0.00719	0.00719	0.00799	0.00559	0.00559	0.00799	0.00719	0.01038	0.01198	0.01757	0.01118	0.03355	0.82507	0.00719	0.01198	0.00479	0.00240	0.00399
44	0.01056	0.01207	0.02640	0.01885	0.02338	0.01131	0.79864	0.01433	0.01056	0.01433	0.00905	0.01207	0.00679	0.00377	0.00528	0.00151	0.00754	0.00528	0.00226	0.00603
45	0.00979	0.00979	0.01370	0.01174	0.01174	0.01370	0.00979	0.01077	0.00685	0.01077	0.00587	0.00979	0.00587	0.00783	0.01468	0.00196	0.83461	0.00391	0.00196	0.00489
46	0.01196	0.84548	0.02344	0.00765	0.01148	0.01770	0.00765	0.01339	0.00909	0.01052	0.00622	0.00718	0.00574	0.00383	0.00287	0.00096	0.00478	0.00239	0.00191	0.00574
47	0.01949	0.00854	0.01095	0.00840	0.01188	0.00795	0.00694	0.16821	0.01435	0.66939	0.01635	0.01438	0.01042	0.00551	0.00449	0.00138	0.00402	0.00441	0.00534	0.00761
48	0.01851	0.00727	0.00988	0.00769	0.01088	0.00631	0.00631	0.02028	0.01279	0.72718	0.10787	0.01729	0.01461	0.00595	0.00459	0.00139	0.00361	0.00491	0.00547	0.00723
49	0.00834	0.00417	0.00417	0.00417	0.00521	0.00417	0.00313	0.01042	0.00938	0.01668	0.01459	0.01668	0.01147	0.00521	0.00313	0.00104	0.00208	0.00417	0.86763	0.00417
50	0.00845	0.00795	0.01342	0.83204	0.03081	0.00994	0.01242	0.01143	0.00894	0.01143	0.00795	0.01193	0.00596	0.00447	0.00447	0.00149	0.00596	0.00398	0.00199	0.00497
51	0.00858	0.00571	0.00763	0.00766	0.06347	0.00545	0.00536	0.01147	0.07179	0.10857	0.60741	0.02856	0.03411	0.00815	0.00508	0.00141	0.00263	0.00717	0.00478	0.00502
52	0.00536	0.00453	0.00463	0.00461	0.00609	0.00381	0.00346	0.00656	0.01037	0.01249	0.09837	0.04238	0.75977	0.01118	0.00529	0.00150	0.00226	0.00935	0.00421	0.00381
53	0.09495	0.00823	0.01020	0.00805	0.01135	0.00785	0.00660	0.06903	0.10297	0.60772	0.01627	0.01441	0.01060	0.00546	0.00435	0.00140	0.00381	0.00435	0.00511	0.00731
54	0.00893	0.00844	0.01428	0.68509	0.17402	0.01006	0.01266	0.01185	0.00917	0.01201	0.00804	0.01177	0.00617	0.00438	0.00446	0.00146	0.00584	0.00398	0.00203	0.00536
55	0.00545	0.00389	0.00519	0.00623	0.00649	0.00363	0.00415	0.00623	0.00856	0.01142	0.02465	0.83987	0.02959	0.01401	0.00571	0.00182	0.00260	0.01272	0.00415	0.00363
56	0.01384	0.01309	0.01140	0.00996	0.01262	0.24185	0.01970	0.09011	0.44538	0.07254	0.01417	0.01355	0.01060	0.00552	0.00441	0.00139	0.00503	0.00431	0.00394	0.00661
57	0.01107	0.01063	0.01816	0.02746	0.81489	0.01063	0.01373	0.01373	0.01019	0.01461	0.00841	0.01107	0.00709	0.00399	0.00443	0.00133	0.00531	0.00399	0.00221	0.00709
58	0.00897	0.02314	0.81962	0.01275	0.01936	0.01039	0.01653	0.01417	0.00944	0.01417	0.00803	0.00944	0.00567	0.00425	0.00425	0.00142	0.00661	0.00331	0.00189	0.00661
59	0.00900	0.00515	0.00682	0.00610	0.00761	0.00466	0.00468	0.01099	0.01257	0.17465	0.63279	0.05425	0.03572	0.00858	0.00514	0.00141	0.00246	0.00753	0.00502	0.00487
60	0.01440	0.00904	0.01037	0.00879	0.01166	0.00966	0.00702	0.08065	0.46425	0.28228	0.01762	0.01672	0.01270	0.00602	0.00457	0.00148	0.00375	0.02694	0.00486	0.00721
61	0.02007	0.00761	0.01038	0.00796	0.01142	0.00657	0.00657	0.02180	0.01280	0.81799	0.01765	0.01523	0.01107	0.00554	0.00450	0.00138	0.00381	0.00450	0.00554	0.00761
62	0.02007	0.00761	0.01038	0.00796	0.01142	0.00657	0.00657	0.02180	0.01280	0.81799	0.01765	0.01523	0.01107	0.00554	0.00450	0.00138	0.00381	0.00450	0.00554	0.00761
63	0.00893	0.00844	0.01428	0.68509	0.17402	0.01006	0.01266	0.01185	0.00917	0.01201	0.00804	0.01177	0.00617	0.00438	0.00446	0.00146	0.00584	0.00398	0.00203	0.00536
64	0.00897	0.02314	0.81962	0.01275	0.01936	0.01039	0.01653	0.01417	0.00944	0.01417	0.00803	0.00944	0.00567	0.00425	0.00425	0.00142	0.00661	0.00331	0.00189	0.00661
65	0.02007	0.00761	0.01038	0.00796	0.01142	0.00657	0.00657	0.02180	0.01280	0.81799	0.01765	0.01523	0.01107	0.00554	0.00450	0.00138	0.00381	0.00450	0.00554	0.00761
66	0.00545	0.00389	0.00519	0.00623	0.00649	0.00363	0.00415	0.00623	0.00856	0.01142	0.02465	0.83987	0.02959	0.01401	0.00571	0.00182	0.00260	0.01272	0.00415	0.00363
67	0.02007	0.00761	0.01038	0.00796	0.01142	0.00657	0.00657	0.02180	0.01280	0.81799	0.01765	0.01523	0.01107	0.00554	0.00450	0.00138	0.00381	0.00450	0.00554	0.00761
68	0.01001	0.00835	0.00916	0.00862	0.01068	0.00944	0.00671	0.03904	0.58194	0.01730	0.01957	0.13874	0.01717	0.00791	0.00490	0.00162	0.00350	0.09463	0.00444	0.00626
69	0.00543	0.00397	0.00512	0.00604	0.00644	0.00365	0.00407	0.00625	0.00875	0.01149	0.02700	0.74943	0.11851	0.01371	0.00566	0.00178	0.00256	0.01234	0.00415	0.00365
70	0.01107	0.01063	0.01816	0.02746	0.81489	0.01063	0.01373	0.01373	0.01019	0.01461	0.00841	0.01107	0.00709	0.00399	0.00443	0.00133	0.00531	0.00399	0.00221	0.00709
71	0.00928	0.00795	0.00928	0.00663	0.01060	0.00596	0.00530	0.01126	0.00928	0.01458	0.00795	0.00928	0.00663	0.00331	0.00331	0.00066	0.00331	0.00265	0.00265	0.87014
72	0.01014	0.01095	0.02324	0.01689	0.02090	0.01021	0.67258	0.01348	0.01035	0.03026	0.01097	0.10602	0.00946	0.00496	0.00526	0.00152	0.00680	0.00604	0.00255	0.02743
73	0.03354	0.00759	0.00953	0.00769	0.01063	0.00714	0.00622	0.05161	0.12335	0.51984	0.09673	0.01893	0.07406	0.00636	0.00460	0.00141	0.00353	0.00523	0.00514	0.00687
74	0.74604	0.00899	0.00740	0.00641	0.00925	0.01030	0.00527	0.10249	0.00932	0.03354	0.02323	0.00832	0.00601	0.00441	0.00304	0.00138	0.00360	0.00275	0.00305	0.00519

[dist]
# distance from previous block
# <min> <max>
12	28

[block]
# block no. 2 follows, 58 sequences, length 117
# corresponding to MSA columns:
# 380-496
name=unknown_C
#
# <colnr> <probs for GDERKNQSTAVLIFYWHMCP>
#	G	D	E	R	K	N	Q	S	T	A	V	L	I	F	Y	W	H	M	C	P
0	0.06125	0.02818	0.01085	0.00903	0.01182	0.20135	0.00718	0.07354	0.18941	0.27939	0.02761	0.01511	0.02183	0.00574	0.00437	0.00138	0.00479	0.03652	0.00418	0.00648
1	0.09562	0.01152	0.02315	0.01679	0.02084	0.01129	0.64419	0.02802	0.01027	0.03010	0.00877	0.01149	0.00664	0.00411	0.00557	0.00152	0.05693	0.00488	0.00239	0.00591
2	0.10735	0.00813	0.00906	0.00662	0.01045	0.00659	0.00532	0.02849	0.00934	0.01549	0.00782	0.00908	0.00645	0.00345	0.00328	0.00076	0.00336	0.00265	0.00270	0.75361
3	0.00997	0.05963	0.00902	0.00749	0.00959	0.00784	0.00609	0.03512	0.26209	0.10526	0.13112	0.02854	0.15807	0.00828	0.00495	0.00154	0.00337	0.14203	0.00440	0.00559
4	0.02868	0.02112	0.71049	0.01209	0.01824	0.01006	0.01516	0.01505	0.02852	0.08640	0.00909	0.01009	0.00632	0.00441	0.00425	0.00142	0.00622	0.00343	0.00230	0.00667
5	0.01100	0.01171	0.04003	0.01716	0.02163	0.01061	0.67618	0.01455	0.01058	0.06272	0.00946	0.01200	0.00701	0.00385	0.00506	0.00144	0.00698	0.00500	0.00248	0.07055
6	0.01698	0.00727	0.00954	0.00763	0.01060	0.00660	0.00619	0.01976	0.08773	0.60997	0.09775	0.03398	0.02851	0.00621	0.00458	0.00140	0.00351	0.00515	0.02967	0.00698
7	0.87439	0.00865	0.00657	0.00588	0.00865	0.01003	0.00484	0.01315	0.00761	0.02007	0.00623	0.00727	0.00484	0.00415	0.00277	0.00138	0.00346	0.00242	0.00277	0.00484
8	0.00660	0.00494	0.00638	0.00711	0.00826	0.00471	0.00602	0.00836	0.01022	0.01296	0.02995	0.07061	0.25294	0.01211	0.00591	0.00189	0.00354	0.53935	0.00413	0.00401
9	0.01414	0.01125	0.01180	0.00973	0.01278	0.02558	0.00781	0.40975	0.40320	0.02330	0.01431	0.01359	0.01052	0.00570	0.00451	0.00142	0.00430	0.00451	0.00448	0.00731
10	0.03086	0.10515	0.19152	0.00875	0.01294	0.00894	0.00866	0.04183	0.03595	0.31625	0.03507	0.01225	0.00923	0.00475	0.00404	0.00122	0.00442	0.00373	0.00367	0.16078
11	0.01007	0.32457	0.52778	0.01088	0.01647	0.01307	0.01327	0.01388	0.00931	0.01283	0.00736	0.00861	0.00569	0.00409	0.00374	0.00125	0.00594	0.00297	0.00190	0.00629
12	0.00625	0.00468	0.00580	0.00550	0.00668	0.00430	0.00413	0.00842	0.03102	0.01685	0.64910	0.03483	0.18682	0.00948	0.00526	0.00143	0.00217	0.00827	0.00477	0.00420
13	0.00543	0.00453	0.00470	0.00466	0.00609	0.00384	0.00347	0.00665	0.01038	0.01265	0.12984	0.04165	0.70860	0.03071	0.00570	0.00157	0.00230	0.00922	0.00421	0.00380
14	0.01134	0.01329	0.12841	0.01711	0.06185	0.01127	0.53335	0.09095	0.01142	0.04567	0.00931	0.01161	0.00688	0.00415	0.00518	0.00147	0.02307	0.00477	0.00254	0.00635
15	0.01056	0.01011	0.01707	0.11574	0.68191	0.01040	0.01315	0.01316	0.00997	0.01409	0.00953	0.01220	0.03372	0.00437	0.00470	0.00137	0.02486	0.00416	0.00225	0.00669
16	0.00545	0.00389	0.00519	0.00623	0.00649	0.00363	0.00415	0.00623	0.00856	0.01142	0.02465	0.83987	0.02959	0.01401	0.00571	0.00182	0.00260	0.01272	0.00415	0.00363
17	0.01041	0.01181	0.02559	0.01838	0.02271	0.01117	0.76201	0.01405	0.01043	0.01418	0.00938	0.03321	0.00735	0.00412	0.00548	0.00153	0.02450	0.00544	0.00230	0.00595
18	0.01044	0.42853	0.42713	0.01024	0.01548	0.01399	0.01215	0.01379	0.00927	0.01237	0.00714	0.00833	0.00570	0.00404	0.00357	0.00119	0.00571	0.00286	0.00190	0.00618
19	0.01029	0.00980	0.01657	0.26811	0.56295	0.01043	0.01320	0.01325	0.02671	0.01375	0.00848	0.01145	0.00689	0.00418	0.00444	0.00138	0.00547	0.00401	0.00220	0.00645
20	0.02007	0.00761	0.01038	0.00796	0.01142	0.00657	0.00657	0.02180	0.01280	0.81799	0.01765	0.01523	0.01107	0.00554	0.00450	0.00138	0.00381	0.00450	0.00554	0.00761
21	0.01120	0.00946	0.01001	0.00898	0.01151	0.01088	0.00699	0.02337	0.77348	0.03556	0.01875	0.01720	0.03012	0.00617	0.00457	0.00151	0.00352	0.00514	0.00456	0.00702
22	0.00807	0.00498	0.00642	0.00582	0.00725	0.00449	0.00445	0.01002	0.01241	0.12510	0.62235	0.03201	0.12149	0.00890	0.00517	0.00142	0.00236	0.00775	0.00492	0.00463
23	0.00545	0.00389	0.00519	0.00623	0.00649	0.00363	0.00415	0.00623	0.00856	0.01142	0.02465	0.83987	0.02959	0.01401	0.00571	0.00182	0.00260	0.01272	0.00415	0.00363
24	0.01113	0.00961	0.01011	0.00910	0.01163	0.01113	0.00708	0.02377	0.80681	0.01871	0.01821	0.01669	0.01365	0.00607	0.00455	0.00152	0.00354	0.00506	0.00455	0.00708
25	0.01038	0.01256	0.07123	0.01830	0.02287	0.01113	0.74100	0.01419	0.01046	0.01427	0.00925	0.02556	0.00710	0.00397	0.00523	0.00151	0.00741	0.00529	0.00227	0.00603
26	0.00897	0.02314	0.81962	0.01275	0.01936	0.01039	0.01653	0.01417	0.00944	0.01417	0.00803	0.00944	0.00567	0.00425	0.00425	0.00142	0.00661	0.00331	0.00189	0.00661
27	0.00845	0.00795	0.01342	0.83204	0.03081	0.00994	0.01242	0.01143	0.00894	0.01143	0.00795	0.01193	0.00596	0.00447	0.00447	0.00149	0.00596	0.00398	0.00199	0.00497
28	0.01092	0.01048	0.01789	0.07329	0.77022	0.01059	0.01365	0.01360	0.01011	0.01443	0.00839	0.01112	0.00702	0.00401	0.00443	0.00134	0.00535	0.00399	0.00220	0.00697
29	0.01034	0.01016	0.01595	0.34890	0.45512	0.05674	0.01292	0.01304	0.00983	0.01313	0.00814	0.01124	0.00656	0.00422	0.00442	0.00138	0.00573	0.00392	0.00213	0.00613
30	0.00863	0.00814	0.01375	0.77468	0.08671	0.00999	0.01252	0.01159	0.00903	0.01166	0.00798	0.01187	0.00604	0.00444	0.00447	0.00148	0.00592	0.00398	0.00200	0.00512
31	0.85018	0.00876	0.00677	0.00601	0.00880	0.01014	0.00495	0.03536	0.00799	0.02030	0.00636	0.00736	0.00492	0.00419	0.00282	0.00138	0.00350	0.00247	0.00282	0.00492
32	0.00862	0.00813	0.01373	0.77947	0.08204	0.00998	0.01251	0.01158	0.00903	0.01164	0.00798	0.01187	0.00604	0.00444	0.00447	0.00148	0.00592	0.00398	0.00200	0.00511
33	0.01260	0.01028	0.01091	0.00936	0.01213	0.01171	0.00740	0.23368	0.57700	0.02113	0.01632	0.03254	0.01235	0.00605	0.00456	0.00148	0.00389	0.00494	0.00452	0.00715
34	0.00611	0.00451	0.00570	0.00551	0.00657	0.00411	0.00409	0.00796	0.01197	0.01655	0.63574	0.09819	0.15667	0.00985	0.00531	0.00145	0.00217	0.00866	0.00475	0.00411
35	0.00928	0.00795	0.00928	0.00663	0.01060	0.00596	0.00530	0.01126	0.00928	0.01458	0.00795	0.00928	0.00663	0.00331	0.00331	0.00066	0.00331	0.00265	0.00265	0.87014
36	0.00909	0.02243	0.77396	0.01359	0.06468	0.01040	0.01637	0.01414	0.00949	0.01419	0.00805	0.00954	0.00575	0.00423	0.00426	0.00141	0.00654	0.00334	0.00191	0.00664
37	0.12732	0.50039	0.24611	0.00886	0.01333	0.01460	0.00978	0.01358	0.00899	0.01284	0.00673	0.00783	0.00560	0.00399	0.00325	0.00114	0.00512	0.00265	0.00202	0.00587
38	0.00547	0.00391	0.00521	0.00621	0.00649	0.00365	0.00415	0.00629	0.00868	0.01160	0.04690	0.81710	0.02994	0.01388	0.00570	0.00181	0.00258	0.01259	0.00417	0.00365
39	0.00800	0.00561	0.00686	0.00662	0.00799	0.00548	0.00509	0.06915	0.06671	0.05982	0.30978	0.19724	0.12713	0.01008	0.00531	0.00158	0.00286	0.09545	0.00455	0.00467
40	0.06349	0.02592	0.01042	0.00818	0.01133	0.00951	0.00660	0.18371	0.23420	0.10534	0.05837	0.01410	0.01145	0.00528	0.00414	0.00123	0.00375	0.01536	0.00402	0.22360
41	0.01154	0.01009	0.01794	0.01318	0.01681	0.00963	0.37564	0.02995	0.02418	0.12417	0.02299	0.01200	0.00795	0.00452	0.00575	0.00134	0.09904	0.00443	0.00289	0.20593
42	0.01059	0.46827	0.38865	0.00999	0.01510	0.01435	0.01172	0.01375	0.00925	0.01219	0.00705	0.00822	0.00571	0.00402	0.00350	0.00117	0.00562	0.00281	0.00190	0.00614
43	0.01268	0.03852	0.01843	0.03064	0.07439	0.06604	0.31319	0.20190	0.11642	0.03096	0.02364	0.01220	0.00841	0.00476	0.00499	0.00142	0.02718	0.00458	0.00316	0.00650
44	0.00537	0.00439	0.00474	0.00495	0.00617	0.00377	0.00360	0.00647	0.00996	0.01222	0.07749	0.21607	0.60566	0.01181	0.00538	0.00157	0.00233	0.01009	0.00419	0.00377
45	0.00902	0.00853	0.01444	0.65802	0.20040	0.01009	0.01271	0.01193	0.00921	0.01212	0.00805	0.01174	0.00621	0.00437	0.00446	0.00146	0.00582	0.00398	0.00204	0.00543
46	0.13201	0.01226	0.02709	0.00930	0.01248	0.14706	0.00760	0.28921	0.10006	0.20112	0.01180	0.01145	0.00832	0.00517	0.00418	0.00135	0.00489	0.00382	0.00408	0.00676
47	0.00650	0.00436	0.00499	0.00499	0.00503	0.00440	0.00285	0.00658	0.00654	0.00876	0.01399	0.02871	0.01602	0.80372	0.06151	0.00447	0.00471	0.00642	0.00270	0.00277
48	0.00876	0.00882	0.03548	0.09506	0.18680	0.00880	0.20103	0.01107	0.00941	0.01299	0.02838	0.24342	0.01418	0.00747	0.00604	0.00161	0.08473	0.02782	0.00281	0.00531
49	0.01106	0.00988	0.00992	0.00896	0.01142	0.04997	0.00695	0.02250	0.72311	0.01796	0.01921	0.01778	0.05882	0.00630	0.00457	0.00150	0.00369	0.00520	0.00442	0.00680
50	0.00574	0.00418	0.00543	0.00620	0.00672	0.00392	0.00433	0.00696	0.02120	0.01251	0.12580	0.62683	0.08335	0.01300	0.00564	0.00175	0.00261	0.05578	0.00425	0.00380
51	0.01971	0.00819	0.01074	0.00823	0.01170	0.00742	0.00680	0.11244	0.01376	0.72599	0.01684	0.01470	0.01067	0.00552	0.00450	0.00138	0.00394	0.00444	0.00541	0.00761
52	0.01700	0.01253	0.01342	0.01029	0.01387	0.01387	0.00850	0.79997	0.02103	0.02819	0.01074	0.01074	0.00761	0.00537	0.00447	0.00134	0.00492	0.00403	0.00447	0.00761
53	0.00950	0.00940	0.01314	0.01138	0.01140	0.01304	0.00941	0.01047	0.00696	0.01081	0.00711	0.06472	0.00744	0.00824	0.01409	0.00195	0.77955	0.00450	0.00210	0.00481
54	0.00901	0.00772	0.00896	0.00649	0.01030	0.00582	0.00517	0.01094	0.00934	0.01441	0.01042	0.01151	0.05999	0.00384	0.00344	0.00072	0.00324	0.00310	0.00275	0.81281
55	0.82938	0.00885	0.00693	0.00611	0.00892	0.01024	0.00504	0.05445	0.00832	0.02050	0.00647	0.00745	0.00499	0.00422	0.00286	0.00138	0.00354	0.00251	0.00286	0.00499
56	0.00545	0.00389	0.00519	0.00623	0.00649	0.00363	0.00415	0.00623	0.00856	0.01142	0.02465	0.83987	0.02959	0.01401	0.00571	0.00182	0.00260	0.01272	0.00415	0.00363
57	0.00979	0.00979	0.01370	0.01174	0.01174	0.01370	0.00979	0.01077	0.00685	0.01077	0.00587	0.00979	0.00587	0.00783	0.01468	0.00196	0.83461	0.00391	0.00196	0.00489
58	0.01700	0.01253	0.01342	0.01029	0.01387	0.01387	0.00850	0.79997	0.02103	0.02819	0.01074	0.01074	0.00761	0.00537	0.00447	0.00134	0.00492	0.00403	0.00447	0.00761
59	0.01998	0.00775	0.01047	0.00803	0.01149	0.00679	0.00663	0.04431	0.01304	0.79514	0.01745	0.01510	0.01097	0.00553	0.00450	0.00138	0.00384	0.00448	0.00551	0.00761
60	0.03408	0.01245	0.01329	0.01020	0.01377	0.01380	0.00843	0.78430	0.02076	0.02803	0.01065	0.01067	0.00755	0.00535	0.00444	0.00134	0.00489	0.00400	0.00444	0.00755
61	0.00647	0.00476	0.00580	0.00548	0.00674	0.00433	0.00413	0.00858	0.03217	0.03368	0.57150	0.03516	0.24548	0.00957	0.00524	0.00144	0.00222	0.00829	0.00472	0.00425
62	0.00928	0.00795	0.00928	0.00663	0.01060	0.00596	0.00530	0.01126	0.00928	0.01458	0.00795	0.00928	0.00663	0.00331	0.00331	0.00066	0.00331	0.00265	0.00265	0.87014
63	0.87439	0.00865	0.00657	0.00588	0.00865	0.01003	0.00484	0.01315	0.00761	0.02007	0.00623	0.00727	0.00484	0.00415	0.00277	0.00138	0.00346	0.00242	0.00277	0.00484
64	0.00529	0.00453	0.00453	0.00453	0.00604	0.00378	0.00340	0.00642	0.01020	0.01208	0.04532	0.04305	0.81307	0.01133	0.00529	0.00151	0.00227	0.00944	0.00415	0.00378
65	0.00545	0.00389	0.00519	0.00623	0.00649	0.00363	0.00415	0.00623	0.00856	0.01142	0.02465	0.83987	0.02959	0.01401	0.00571	0.00182	0.00260	0.01272	0.00415	0.00363
66	0.01934	0.00879	0.01111	0.00852	0.01201	0.00832	0.00704	0.20810	0.01477	0.62890	0.01599	0.01415	0.01024	0.00550	0.00449	0.00137	0.00407	0.00439	0.00528	0.00761
67	0.00545	0.00389	0.00519	0.00623	0.00649	0.00363	0.00415	0.00623	0.00856	0.01142	0.02465	0.83987	0.02959	0.01401	0.00571	0.00182	0.00260	0.01272	0.00415	0.00363
68	0.01196	0.84548	0.02344	0.00765	0.01148	0.01770	0.00765	0.01339	0.00909	0.01052	0.00622	0.00718	0.00574	0.00383	0.00287	0.00096	0.00478	0.00239	0.00191	0.00574
69	0.00548	0.00454	0.00480	0.00474	0.00616	0.00386	0.00355	0.00680	0.01066	0.01318	0.18933	0.04124	0.66837	0.01092	0.00528	0.00149	0.00224	0.00919	0.00430	0.00386
70	0.01224	0.01316	0.01283	0.01116	0.01213	0.26172	0.00898	0.05865	0.00960	0.01217	0.00697	0.00971	0.00626	0.00655	0.01017	0.00162	0.48583	0.00362	0.05153	0.00510
71	0.13139	0.01080	0.01179	0.00922	0.01243	0.04353	0.03578	0.38283	0.01493	0.08018	0.02879	0.01095	0.00804	0.00563	0.02204	0.00140	0.04559	0.00374	0.00372	0.13722
72	0.04959	0.00982	0.02731	0.00878	0.01208	0.00976	0.00727	0.32816	0.05374	0.37500	0.01412	0.01391	0.00978	0.05312	0.00546	0.00154	0.00431	0.00435	0.00473	0.00718
73	0.01223	0.79853	0.02283	0.00787	0.01161	0.06368	0.00771	0.01365	0.00929	0.01055	0.00626	0.00723	0.00574	0.00387	0.00294	0.00097	0.00497	0.00242	0.00194	0.00571
74	0.01128	0.05798	0.01292	0.01037	0.01247	0.04249	0.05063	0.05547	0.44667	0.01612	0.01309	0.01353	0.01026	0.00618	0.00707	0.00158	0.21751	0.00449	0.00352	0.00634
75	0.01698	0.01324	0.01336	0.01039	0.01387	0.07929	0.00851	0.73688	0.02036	0.02680	0.01043	0.01052	0.00746	0.00531	0.00444	0.00133	0.00518	0.00393	0.00430	0.00741
76	0.01084	0.01039	0.01774	0.09795	0.74619	0.01057	0.01361	0.01353	0.01008	0.01434	0.00837	0.01115	0.00699	0.00403	0.00443	0.00134	0.00537	0.00398	0.00219	0.00690
77	0.00539	0.00446	0.00473	0.00482	0.00615	0.00380	0.00355	0.00656	0.01021	0.01249	0.10585	0.13458	0.65908	0.01146	0.00533	0.00154	0.00229	0.00971	0.00422	0.00380
78	0.00548	0.00395	0.00520	0.00613	0.00648	0.00367	0.00413	0.00634	0.00882	0.01175	0.06249	0.77047	0.06116	0.01368	0.00567	0.00179	0.00256	0.01237	0.00419	0.00367
79	0.01113	0.00961	0.01011	0.00910	0.01163	0.01113	0.00708	0.02377	0.80681	0.01871	0.01821	0.01669	0.01365	0.00607	0.00455	0.00152	0.00354	0.00506	0.00455	0.00708
80	0.87439	0.00865	0.00657	0.00588	0.00865	0.01003	0.00484	0.01315	0.00761	0.02007	0.00623	0.00727	0.00484	0.00415	0.00277	0.00138	0.00346	0.00242	0.00277	0.00484
81	0.87439	0.00865	0.00657	0.00588	0.00865	0.01003	0.00484	0.01315	0.00761	0.02007	0.00623	0.00727	0.00484	0.00415	0.00277	0.00138	0.00346	0.00242	0.00277	0.00484
82	0.01768	0.01736	0.01201	0.01049	0.01313	0.58829	0.00805	0.01900	0.01271	0.24425	0.01002	0.01014	0.00730	0.00488	0.00417	0.00122	0.00684	0.00335	0.00324	0.00589
83	0.01196	0.84548	0.02344	0.00765	0.01148	0.01770	0.00765	0.01339	0.00909	0.01052	0.00622	0.00718	0.00574	0.00383	0.00287	0.00096	0.00478	0.00239	0.00191	0.00574
84	0.01013	0.00966	0.01645	0.31726	0.53247	0.01038	0.01326	0.01290	0.00974	0.01347	0.00825	0.01138	0.00668	0.00416	0.00444	0.00139	0.00555	0.00398	0.00213	0.00632
85	0.01627	0.02052	0.01231	0.01121	0.01345	0.78611	0.00841	0.01747	0.01259	0.01125	0.02451	0.00883	0.00670	0.00472	0.00404	0.00116	0.00779	0.00303	0.02451	0.00514
86	0.02007	0.00761	0.01038	0.00796	0.01142	0.00657	0.00657	0.02180	0.01280	0.81799	0.01765	0.01523	0.01107	0.00554	0.00450	0.00138	0.00381	0.00450	0.00554	0.00761
87	0.01163	0.00934	0.01003	0.00894	0.01149	0.01063	0.00697	0.02324	0.73110	0.07461	0.03833	0.01701	0.01420	0.00611	0.00457	0.00151	0.00352	0.00510	0.00463	0.00705
88	0.00629	0.00457	0.00593	0.00559	0.00666	0.00420	0.00419	0.00837	0.01257	0.01772	0.78406	0.03377	0.07081	0.00923	0.00528	0.00141	0.00212	0.00814	0.00490	0.00420
89	0.00651	0.00434	0.00488	0.00488	0.00488	0.00434	0.00271	0.00651	0.00651	0.00867	0.01409	0.02927	0.01626	0.84279	0.02277	0.00434	0.00434	0.00651	0.00271	0.00271
90	0.01671	0.02132	0.01268	0.01152	0.01383	0.82483	0.00864	0.01786	0.01268	0.01095	0.00691	0.00807	0.00576	0.00461	0.00403	0.00115	0.00807	0.00288	0.00230	0.00519
91	0.01107	0.01063	0.01816	0.02746	0.81489	0.01063	0.01373	0.01373	0.01019	0.01461	0.00841	0.01107	0.00709	0.00399	0.00443	0.00133	0.00531	0.00399	0.00221	0.00709
92	0.01190	0.83032	0.03812	0.00775	0.01163	0.01757	0.00782	0.01341	0.00910	0.01059	0.00625	0.00722	0.00574	0.00383	0.00290	0.00097	0.00482	0.00241	0.00191	0.00576
93	0.01113	0.00961	0.01011	0.00910	0.01163	0.01113	0.00708	0.02377	0.80681	0.01871	0.01821	0.01669	0.01365	0.00607	0.00455	0.00152	0.00354	0.00506	0.00455	0.00708
94	0.00906	0.02251	0.77443	0.01310	0.01959	0.01044	0.06108	0.01418	0.00951	0.01418	0.00809	0.00959	0.00573	0.00422	0.00431	0.00142	0.00666	0.00342	0.00191	0.00658
95	0.01056	0.01207	0.02640	0.01885	0.02338	0.01131	0.79864	0.01433	0.01056	0.01433	0.00905	0.01207	0.00679	0.00377	0.00528	0.00151	0.00754	0.00528	0.00226	0.00603
96	0.00620	0.00458	0.00580	0.00552	0.00664	0.00418	0.00416	0.00818	0.01228	0.01706	0.69380	0.03503	0.14749	0.00950	0.00529	0.00143	0.00217	0.02173	0.00480	0.00416
97	0.00627	0.00457	0.00589	0.00556	0.00665	0.00419	0.00417	0.00832	0.01252	0.01759	0.76725	0.03398	0.08770	0.00927	0.00528	0.00141	0.00212	0.00817	0.00488	0.00419
98	0.01928	0.00793	0.01044	0.00808	0.01147	0.00716	0.00665	0.06604	0.05025	0.72251	0.01723	0.01506	0.01100	0.00555	0.00448	0.00138	0.00383	0.00449	0.01964	0.00753
99	0.00542	0.00453	0.00468	0.00465	0.00607	0.00383	0.00346	0.00662	0.01032	0.01254	0.11762	0.04173	0.71647	0.03518	0.00579	0.00158	0.00231	0.00923	0.00419	0.00379
100	0.00545	0.00389	0.00519	0.00623	0.00649	0.00363	0.00415	0.00623	0.00856	0.01142	0.02465	0.83987	0.02959	0.01401	0.00571	0.00182	0.00260	0.01272	0.00415	0.00363
101	0.01107	0.01063	0.01816	0.02746	0.81489	0.01063	0.01373	0.01373	0.01019	0.01461	0.00841	0.01107	0.00709	0.00399	0.00443	0.00133	0.00531	0.00399	0.00221	0.00709
102	0.87439	0.00865	0.00657	0.00588	0.00865	0.01003	0.00484	0.01315	0.00761	0.02007	0.00623	0.00727	0.00484	0.00415	0.00277	0.00138	0.00346	0.00242	0.00277	0.00484
103	0.00979	0.00979	0.01370	0.01174	0.01174	0.01370	0.00979	0.01077	0.00685	0.01077	0.00587	0.00979	0.00587	0.00783	0.01468	0.00196	0.83461	0.00391	0.00196	0.00489
104	0.01175	0.00992	0.01047	0.00923	0.01187	0.01142	0.00723	0.10601	0.72355	0.01972	0.01742	0.01606	0.01301	0.00599	0.00454	0.00150	0.00369	0.00495	0.00454	0.00714
105	0.01102	0.01057	0.01806	0.04452	0.79826	0.01061	0.01370	0.01368	0.01016	0.01455	0.00840	0.01109	0.00706	0.00400	0.00443	0.00133	0.00533	0.00399	0.00221	0.00704
106	0.01107	0.01063	0.01816	0.02746	0.81489	0.01063	0.01373	0.01373	0.01019	0.01461	0.00841	0.01107	0.00709	0.00399	0.00443	0.00133	0.00531	0.00399	0.00221	0.00709
