[name]
unknown

[dist]
# distance from previous block
# <min> <max>
18	1510

[block]
# block no. 0 follows, 60 sequences, length 28
# corresponding to MSA columns:
# 1643-1670
name=unknown_A
#
# <colnr> <probs for GDERKNQSTAVLIFYWHMCP>
#	G	D	E	R	K	N	Q	S	T	A	V	L	I	F	Y	W	H	M	C	P
0	0.02696	0.00880	0.01274	0.16812	0.09884	0.03610	0.10559	0.13124	0.02263	0.02304	0.01091	0.10979	0.00993	0.03201	0.06686	0.01755	0.03981	0.00505	0.01609	0.05795
1	0.00919	0.06915	0.07415	0.10545	0.04381	0.09164	0.04391	0.03752	0.03589	0.01260	0.05439	0.08188	0.01166	0.06937	0.12986	0.00238	0.03714	0.00485	0.03994	0.04520
2	0.08070	0.02596	0.02348	0.01765	0.03137	0.04518	0.03707	0.10003	0.04054	0.16007	0.10712	0.03347	0.04068	0.05903	0.05545	0.00188	0.01865	0.05741	0.00369	0.06058
3	0.06689	0.00981	0.04486	0.07752	0.01475	0.04305	0.15032	0.07896	0.07018	0.21771	0.03369	0.01457	0.04595	0.00593	0.02118	0.00152	0.05779	0.01626	0.00351	0.02556
4	0.00837	0.02813	0.02013	0.02122	0.00906	0.00673	0.01974	0.04609	0.10223	0.06581	0.06600	0.33882	0.06970	0.05810	0.00674	0.00171	0.07469	0.00796	0.00375	0.04503
5	0.01008	0.00754	0.00955	0.03495	0.02674	0.00654	0.03210	0.03959	0.06741	0.10695	0.10292	0.04183	0.04338	0.00509	0.00397	0.00103	0.00342	0.00433	0.00341	0.44917
6	0.00902	0.00890	0.01389	0.29135	0.20371	0.05514	0.10602	0.01140	0.00947	0.01243	0.02583	0.10131	0.06837	0.00575	0.00481	0.00141	0.02472	0.00527	0.00249	0.03869
7	0.00647	0.00540	0.00628	0.00716	0.03840	0.05383	0.00474	0.00743	0.00876	0.01149	0.02179	0.67013	0.05098	0.01184	0.00523	0.00162	0.00300	0.01063	0.00375	0.07111
8	0.01425	0.06174	0.01253	0.00947	0.01261	0.01280	0.00775	0.47924	0.30105	0.02316	0.01279	0.01232	0.00940	0.00539	0.00430	0.00135	0.00431	0.00419	0.00424	0.00712
9	0.06160	0.00769	0.00890	0.00660	0.01012	0.00623	0.00527	0.01113	0.00892	0.03369	0.00844	0.04126	0.00730	0.00388	0.00368	0.00079	0.03084	0.00303	0.00269	0.73793
10	0.03791	0.00925	0.03155	0.01301	0.01592	0.00907	0.41149	0.01258	0.05763	0.03755	0.03718	0.02847	0.00985	0.04328	0.18780	0.00281	0.04171	0.00508	0.00260	0.00525
11	0.00942	0.26970	0.53407	0.01056	0.01581	0.01187	0.01279	0.01312	0.00905	0.01258	0.00828	0.05893	0.00695	0.00459	0.00383	0.00127	0.00567	0.00351	0.00198	0.00602
12	0.00614	0.00446	0.00578	0.00545	0.00650	0.00410	0.00409	0.00817	0.01227	0.01730	0.79202	0.03289	0.06646	0.00899	0.00514	0.00138	0.00206	0.00793	0.00478	0.00410
13	0.01343	0.10947	0.01249	0.00976	0.01230	0.36367	0.00766	0.03972	0.35651	0.01432	0.01150	0.01146	0.00898	0.00504	0.00403	0.00126	0.00552	0.00370	0.00320	0.00597
14	0.01090	0.07998	0.01181	0.09919	0.03814	0.04276	0.06587	0.12508	0.06614	0.08967	0.05134	0.14267	0.01379	0.00675	0.00465	0.00141	0.01842	0.04875	0.07724	0.00545
15	0.00561	0.00477	0.00548	0.00563	0.03324	0.00413	0.01938	0.00691	0.01014	0.01246	0.11969	0.03936	0.66495	0.02391	0.00542	0.00151	0.00247	0.02708	0.00400	0.00387
16	0.00531	0.00380	0.00506	0.00607	0.00633	0.00354	0.00405	0.00607	0.00835	0.01113	0.02404	0.84388	0.02885	0.01366	0.00557	0.00177	0.00253	0.01240	0.00405	0.00354
17	0.00946	0.00899	0.01520	0.49551	0.02469	0.01029	0.17281	0.06961	0.08478	0.01352	0.00917	0.01212	0.00693	0.00527	0.02765	0.00161	0.02030	0.00426	0.00241	0.00541
18	0.02974	0.01180	0.19649	0.03913	0.11881	0.00893	0.02668	0.05150	0.07952	0.34836	0.01263	0.01250	0.00865	0.00493	0.00461	0.00138	0.02976	0.00403	0.00371	0.00684
19	0.01518	0.01885	0.01242	0.01231	0.08250	0.70672	0.00867	0.01644	0.01195	0.01107	0.00793	0.03695	0.00708	0.00497	0.00408	0.00119	0.00734	0.02685	0.00235	0.00513
20	0.00875	0.02256	0.82413	0.01243	0.01888	0.01013	0.01611	0.01381	0.00921	0.01381	0.00783	0.00921	0.00552	0.00414	0.00414	0.00138	0.00645	0.00322	0.00184	0.00645
21	0.00682	0.00525	0.00657	0.00636	0.00670	0.02287	0.00446	0.00750	0.00675	0.00931	0.01207	0.02209	0.01285	0.44891	0.31845	0.00497	0.08687	0.00541	0.00245	0.00336
22	0.01111	0.00994	0.00957	0.00860	0.01086	0.10548	0.00671	0.09206	0.46815	0.02765	0.07546	0.03894	0.06759	0.00670	0.00457	0.00144	0.00392	0.04098	0.00416	0.00612
23	0.00946	0.00922	0.01623	0.05691	0.33023	0.00975	0.18055	0.01215	0.03131	0.01290	0.00934	0.03319	0.00812	0.00985	0.15642	0.00247	0.09936	0.00454	0.00227	0.00572
24	0.00999	0.11675	0.58949	0.01131	0.01677	0.05067	0.01356	0.01501	0.08475	0.03926	0.00880	0.00973	0.00644	0.00432	0.00401	0.00132	0.00594	0.00330	0.00222	0.00635
25	0.00624	0.00421	0.00477	0.00483	0.00489	0.00417	0.00275	0.00632	0.00659	0.00873	0.01537	0.08130	0.04207	0.76680	0.02059	0.00398	0.00406	0.00682	0.00278	0.00273
26	0.02767	0.04149	0.12503	0.00964	0.04341	0.09812	0.00822	0.13609	0.13702	0.08542	0.04798	0.03748	0.01031	0.03066	0.00484	0.00134	0.01944	0.00413	0.00334	0.12835
27	0.17369	0.07146	0.18926	0.00893	0.01243	0.01941	0.04454	0.10552	0.11746	0.01662	0.05122	0.02525	0.01869	0.03386	0.03788	0.00163	0.00481	0.00396	0.00297	0.06041

[dist]
# distance from previous block
# <min> <max>
0	4

[block]
# block no. 1 follows, 60 sequences, length 28
# corresponding to MSA columns:
# 1675-1702
name=unknown_B
#
# <colnr> <probs for GDERKNQSTAVLIFYWHMCP>
#	G	D	E	R	K	N	Q	S	T	A	V	L	I	F	Y	W	H	M	C	P
0	0.52623	0.00979	0.00871	0.00765	0.02522	0.05378	0.00606	0.18081	0.02118	0.01978	0.00761	0.00891	0.00598	0.02321	0.00430	0.00142	0.05362	0.00300	0.02739	0.00532
1	0.01444	0.01046	0.01144	0.00890	0.01213	0.01108	0.00727	0.54171	0.06372	0.07139	0.04985	0.01377	0.05697	0.00557	0.00433	0.00126	0.00421	0.00435	0.00423	0.10291
2	0.00583	0.00438	0.00511	0.00500	0.00617	0.00390	0.00372	0.00742	0.01095	0.01473	0.40976	0.08183	0.35444	0.00983	0.00505	0.00141	0.00214	0.00845	0.05597	0.00390
3	0.00983	0.00936	0.01547	0.10876	0.58216	0.00983	0.01190	0.01214	0.00946	0.01331	0.01082	0.05126	0.05594	0.00513	0.00527	0.00140	0.07489	0.00459	0.00231	0.00616
4	0.05858	0.01015	0.01119	0.00893	0.01182	0.01119	0.00731	0.55420	0.01666	0.06884	0.01099	0.01190	0.00821	0.00973	0.14087	0.00224	0.00569	0.00400	0.04094	0.00655
5	0.00624	0.00462	0.00676	0.00676	0.00745	0.00532	0.00514	0.00763	0.00694	0.00994	0.01191	0.01840	0.01145	0.12315	0.73975	0.00670	0.01085	0.00486	0.00237	0.00376
6	0.01096	0.65026	0.21579	0.00866	0.01304	0.01554	0.00955	0.01324	0.00895	0.01112	0.00649	0.00753	0.00558	0.00383	0.00312	0.00104	0.00509	0.00255	0.00186	0.00580
7	0.01539	0.01163	0.01242	0.00980	0.01307	0.01297	0.00800	0.64320	0.18421	0.02557	0.01198	0.01167	0.00864	0.00538	0.00438	0.00134	0.00452	0.00413	0.00438	0.00731
8	0.01629	0.02079	0.01236	0.01124	0.01348	0.82921	0.00843	0.01742	0.01236	0.01067	0.00674	0.00787	0.00562	0.00449	0.00393	0.00112	0.00787	0.00281	0.00225	0.00506
9	0.01029	0.01176	0.02574	0.01838	0.02279	0.01103	0.80368	0.01397	0.01029	0.01397	0.00882	0.01176	0.00662	0.00368	0.00515	0.00147	0.00735	0.00515	0.00221	0.00588
10	0.00533	0.00385	0.00505	0.00596	0.00631	0.00357	0.00401	0.00616	0.00858	0.01139	0.05264	0.76993	0.07439	0.01335	0.00553	0.00174	0.00250	0.01206	0.00407	0.00357
11	0.11778	0.00841	0.02982	0.03486	0.05801	0.00756	0.01783	0.05563	0.01148	0.48881	0.01326	0.01250	0.00883	0.00479	0.00404	0.00126	0.00393	0.00384	0.00426	0.11308
12	0.01635	0.01200	0.01285	0.00987	0.01330	0.01327	0.00815	0.78358	0.02020	0.02718	0.01057	0.01063	0.00752	0.00523	0.00433	0.00130	0.00472	0.00393	0.02769	0.00733
13	0.01629	0.02079	0.01236	0.01124	0.01348	0.82921	0.00843	0.01742	0.01236	0.01067	0.00674	0.00787	0.00562	0.00449	0.00393	0.00112	0.00787	0.00281	0.00225	0.00506
14	0.01432	0.14763	0.03252	0.03465	0.07176	0.37088	0.02357	0.17678	0.04145	0.01464	0.00800	0.00910	0.00642	0.00475	0.00423	0.02142	0.00619	0.00322	0.00266	0.00579
15	0.00904	0.00775	0.00904	0.00646	0.01034	0.00581	0.00517	0.01098	0.00904	0.01421	0.00775	0.00904	0.00646	0.00323	0.00323	0.00065	0.00323	0.00258	0.00258	0.87339
16	0.00626	0.00440	0.00484	0.00501	0.00622	0.00400	0.00388	0.00778	0.00987	0.01348	0.08878	0.06728	0.41140	0.00965	0.00477	0.00144	0.00243	0.12375	0.22090	0.00385
17	0.00875	0.02256	0.82413	0.01243	0.01888	0.01013	0.01611	0.01381	0.00921	0.01381	0.00783	0.00921	0.00552	0.00414	0.00414	0.00138	0.00645	0.00322	0.00184	0.00645
18	0.01166	0.84935	0.02285	0.00746	0.01119	0.01726	0.00746	0.01306	0.00886	0.01026	0.00606	0.00700	0.00560	0.00373	0.00280	0.00093	0.00466	0.00233	0.00187	0.00560
19	0.01234	0.00893	0.00997	0.02506	0.01147	0.00986	0.00698	0.19135	0.39844	0.10396	0.01618	0.01839	0.01276	0.02551	0.00491	0.00152	0.00383	0.08462	0.04741	0.00650
20	0.00824	0.00775	0.01308	0.83624	0.03004	0.00969	0.01211	0.01114	0.00872	0.01114	0.00775	0.01163	0.00581	0.00436	0.00436	0.00145	0.00581	0.00388	0.00194	0.00484
21	0.01473	0.01008	0.01087	0.00885	0.01179	0.03055	0.00714	0.34407	0.26159	0.16795	0.01412	0.01342	0.01008	0.00545	0.00428	0.00134	0.00406	0.00430	0.06836	0.00696
22	0.00875	0.02256	0.82413	0.01243	0.01888	0.01013	0.01611	0.01381	0.00921	0.01381	0.00783	0.00921	0.00552	0.00414	0.00414	0.00138	0.00645	0.00322	0.00184	0.00645
23	0.18692	0.00762	0.00940	0.00736	0.01061	0.00707	0.00608	0.01961	0.01150	0.66592	0.01503	0.01333	0.00961	0.00513	0.00406	0.00135	0.00365	0.00399	0.00487	0.00690
24	0.01136	0.01011	0.01475	0.11644	0.07942	0.02893	0.18231	0.23076	0.11198	0.01780	0.07022	0.02561	0.03596	0.00601	0.02484	0.00154	0.01773	0.00487	0.00331	0.00607
25	0.00872	0.00515	0.00545	0.00512	0.00623	0.00530	0.00374	0.11381	0.01009	0.01599	0.01440	0.08106	0.01285	0.15175	0.00674	0.00167	0.00282	0.00508	0.53982	0.00422
26	0.00655	0.00534	0.00707	0.03718	0.09087	0.02419	0.00559	0.00813	0.03196	0.01237	0.09352	0.50462	0.08883	0.01118	0.00528	0.00164	0.00308	0.05462	0.00382	0.00415
27	0.00729	0.00636	0.00900	0.00853	0.00901	0.00759	0.03055	0.00838	0.00787	0.01109	0.01597	0.33375	0.03557	0.03797	0.06445	0.00223	0.30110	0.07965	0.00304	0.02060

[dist]
# distance from previous block
# <min> <max>
0	1

[block]
# block no. 2 follows, 60 sequences, length 45
# corresponding to MSA columns:
# 1704-1706,1735-1776
name=unknown_C
#
# <colnr> <probs for GDERKNQSTAVLIFYWHMCP>
#	G	D	E	R	K	N	Q	S	T	A	V	L	I	F	Y	W	H	M	C	P
0	0.01108	0.06229	0.01164	0.03826	0.08962	0.03608	0.00774	0.05402	0.56355	0.01718	0.03228	0.01470	0.01193	0.00546	0.00429	0.00139	0.00393	0.00454	0.00387	0.02616
1	0.06754	0.01229	0.01251	0.01296	0.18944	0.18549	0.00854	0.19224	0.08360	0.04643	0.00937	0.01022	0.00725	0.00446	0.00399	0.00118	0.00505	0.00348	0.00309	0.14088
2	0.85464	0.00841	0.00651	0.00579	0.00851	0.00969	0.00477	0.01305	0.00756	0.04099	0.00637	0.00729	0.00489	0.00408	0.00274	0.00135	0.00338	0.00242	0.00277	0.00480
3	0.00613	0.00448	0.00567	0.00639	0.03011	0.00434	0.00431	0.00711	0.01685	0.01095	0.03881	0.29415	0.12810	0.26914	0.03586	0.00266	0.00359	0.12432	0.00352	0.00351
4	0.00537	0.00396	0.00511	0.00588	0.00636	0.00370	0.00403	0.00626	0.00859	0.01131	0.04405	0.65735	0.14265	0.01437	0.05704	0.00205	0.00305	0.01135	0.00396	0.00360
5	0.00734	0.00449	0.00569	0.00591	0.00670	0.00431	0.00435	0.00866	0.00929	0.06907	0.14428	0.24493	0.02362	0.15502	0.02443	0.00213	0.00318	0.13685	0.13584	0.00391
6	0.87753	0.00843	0.00641	0.00574	0.00843	0.00978	0.00472	0.01282	0.00742	0.01957	0.00607	0.00709	0.00472	0.00405	0.00270	0.00135	0.00337	0.00236	0.00270	0.00472
7	0.00587	0.00445	0.00541	0.00517	0.00633	0.00399	0.00388	0.00765	0.01163	0.01580	0.58799	0.03536	0.27144	0.00955	0.00515	0.00140	0.00210	0.00828	0.00458	0.00399
8	0.00634	0.00424	0.00481	0.00481	0.00482	0.00426	0.00270	0.00637	0.00636	0.00849	0.01370	0.02829	0.01575	0.82878	0.03999	0.00429	0.00439	0.00631	0.00264	0.00267
9	0.01166	0.84935	0.02285	0.00746	0.01119	0.01726	0.00746	0.01306	0.00886	0.01026	0.00606	0.00700	0.00560	0.00373	0.00280	0.00093	0.00466	0.00233	0.00187	0.00560
10	0.87753	0.00843	0.00641	0.00574	0.00843	0.00978	0.00472	0.01282	0.00742	0.01957	0.00607	0.00709	0.00472	0.00405	0.00270	0.00135	0.00337	0.00236	0.00270	0.00472
11	0.00954	0.00954	0.01336	0.01145	0.01145	0.01336	0.00954	0.01050	0.00668	0.01050	0.00573	0.00954	0.00573	0.00763	0.01431	0.00191	0.83874	0.00382	0.00191	0.00477
12	0.69722	0.00824	0.00709	0.00613	0.00888	0.00918	0.00504	0.03614	0.00870	0.13213	0.04119	0.00932	0.00715	0.00447	0.00308	0.00135	0.00341	0.00292	0.00321	0.00515
13	0.84204	0.00859	0.00669	0.00591	0.00864	0.00994	0.00487	0.04547	0.00796	0.01989	0.00625	0.00722	0.00483	0.00410	0.00277	0.00135	0.00343	0.00243	0.00277	0.00483
14	0.17430	0.00971	0.03447	0.02677	0.01139	0.06923	0.00640	0.10459	0.01098	0.16694	0.02088	0.01023	0.00744	0.00424	0.00361	0.00107	0.00401	0.00317	0.00330	0.32727
15	0.01759	0.00864	0.02661	0.00855	0.01187	0.00799	0.02669	0.15987	0.05262	0.57043	0.01592	0.02855	0.01081	0.00565	0.00446	0.00138	0.00402	0.02619	0.00496	0.00718
16	0.00837	0.00429	0.00432	0.00423	0.00532	0.00433	0.00320	0.03257	0.00947	0.01658	0.01412	0.01610	0.01107	0.00509	0.00309	0.00102	0.00211	0.00406	0.84650	0.00416
17	0.06704	0.00847	0.01053	0.00812	0.01148	0.00808	0.00671	0.18339	0.01386	0.61256	0.01518	0.01350	0.00975	0.00529	0.00429	0.00134	0.00392	0.00418	0.00503	0.00727
18	0.01027	0.01169	0.02532	0.01815	0.02242	0.01111	0.77720	0.01385	0.01017	0.01385	0.00872	0.01169	0.00659	0.00381	0.00545	0.00149	0.03507	0.00510	0.00220	0.00585
19	0.00648	0.00454	0.00585	0.00548	0.00660	0.00415	0.00413	0.00846	0.01219	0.03937	0.74345	0.03272	0.09218	0.00896	0.00512	0.00138	0.00211	0.00788	0.00477	0.00418
20	0.00598	0.00463	0.00519	0.00512	0.00641	0.00411	0.00380	0.03159	0.01065	0.02542	0.22232	0.14993	0.48793	0.01065	0.00517	0.00148	0.00232	0.00910	0.00426	0.00393
21	0.01701	0.01049	0.01185	0.00916	0.01251	0.01109	0.00754	0.52739	0.04421	0.25839	0.01279	0.01211	0.00871	0.00530	0.00433	0.00132	0.00436	0.00410	0.03005	0.00730
22	0.01079	0.01036	0.01770	0.02677	0.81952	0.01036	0.01339	0.01339	0.00993	0.01425	0.00820	0.01079	0.00691	0.00389	0.00432	0.00130	0.00518	0.00389	0.00216	0.00691
23	0.00824	0.00775	0.01308	0.83624	0.03004	0.00969	0.01211	0.01114	0.00872	0.01114	0.00775	0.01163	0.00581	0.00436	0.00436	0.00145	0.00581	0.00388	0.00194	0.00484
24	0.00540	0.00390	0.00514	0.00610	0.00646	0.00363	0.00418	0.00625	0.00852	0.01127	0.02499	0.75942	0.06795	0.01344	0.00557	0.00177	0.00260	0.05579	0.00405	0.00358
25	0.00602	0.00415	0.00515	0.00558	0.00580	0.00410	0.00362	0.00654	0.00746	0.00997	0.03065	0.32204	0.02135	0.43602	0.05271	0.00327	0.00392	0.06524	0.00327	0.00315
26	0.01034	0.08526	0.02736	0.24964	0.09055	0.11162	0.01013	0.04060	0.00901	0.01167	0.00725	0.01030	0.00620	0.00696	0.05615	0.00181	0.25424	0.00363	0.00209	0.00517
27	0.00623	0.00467	0.00701	0.00701	0.00779	0.00545	0.00545	0.00779	0.00701	0.01012	0.01168	0.01713	0.01090	0.03271	0.82944	0.00701	0.01168	0.00467	0.00234	0.00389
28	0.00539	0.00439	0.00476	0.00474	0.00605	0.00377	0.00353	0.00669	0.01039	0.01301	0.21403	0.08304	0.60358	0.01072	0.00517	0.00147	0.00219	0.00909	0.00422	0.00377
29	0.02935	0.06158	0.01131	0.00835	0.01147	0.00975	0.00688	0.23029	0.16317	0.35189	0.03194	0.01376	0.01061	0.00539	0.00424	0.00133	0.00392	0.00427	0.03352	0.00698
30	0.04456	0.00724	0.00958	0.00750	0.01062	0.00643	0.00615	0.01981	0.03569	0.69962	0.07828	0.01644	0.02614	0.00573	0.00441	0.00136	0.00354	0.00468	0.00522	0.00701
31	0.07569	0.00770	0.00857	0.00704	0.00942	0.00807	0.00569	0.23020	0.03272	0.21143	0.01315	0.01348	0.00948	0.00522	0.00408	0.00124	0.02894	0.00400	0.31796	0.00592
32	0.00607	0.00426	0.00552	0.00625	0.00674	0.00410	0.00429	0.00756	0.05364	0.03059	0.05969	0.69716	0.02764	0.03829	0.00598	0.00181	0.00267	0.02981	0.00409	0.00383
33	0.00551	0.00402	0.00521	0.00595	0.00647	0.00372	0.00416	0.00654	0.00912	0.01213	0.12787	0.61262	0.10916	0.01270	0.00550	0.00170	0.00253	0.05731	0.00414	0.00366
34	0.01019	0.08939	0.01083	0.00702	0.01080	0.03303	0.00577	0.08202	0.01015	0.01490	0.00780	0.00894	0.00644	0.00350	0.00331	0.00075	0.00365	0.00269	0.00266	0.68617
35	0.00993	0.00848	0.01194	0.17636	0.09263	0.00882	0.04908	0.04589	0.11812	0.05198	0.01137	0.03058	0.03845	0.00547	0.01878	0.00135	0.07455	0.00416	0.00288	0.23917
36	0.03126	0.32797	0.13005	0.03786	0.13990	0.05058	0.09101	0.02750	0.05662	0.02863	0.00804	0.00939	0.00649	0.00404	0.00373	0.00118	0.00528	0.00328	0.00227	0.03495
37	0.00822	0.06902	0.00958	0.00867	0.07150	0.03030	0.04523	0.02027	0.11577	0.03824	0.14844	0.21913	0.16955	0.00873	0.00497	0.00147	0.01466	0.00761	0.00378	0.00485
38	0.00533	0.00383	0.00507	0.00602	0.00632	0.00356	0.00403	0.00614	0.00850	0.01132	0.04645	0.80246	0.04786	0.01347	0.00555	0.00175	0.00251	0.01220	0.00407	0.00356
39	0.01015	0.01118	0.06875	0.13088	0.32104	0.08426	0.10304	0.01329	0.05778	0.01322	0.01062	0.06354	0.02858	0.00522	0.00499	0.00141	0.04601	0.01774	0.00244	0.00587
40	0.01059	0.03019	0.21681	0.05651	0.19080	0.06863	0.20878	0.03826	0.04252	0.03309	0.02030	0.01175	0.00754	0.03893	0.00518	0.00148	0.00605	0.00414	0.00237	0.00609
41	0.00729	0.00613	0.02267	0.00842	0.03289	0.00634	0.08008	0.00925	0.03246	0.02724	0.03150	0.08251	0.10059	0.06914	0.36943	0.00409	0.05686	0.00584	0.04293	0.00431
42	0.00623	0.00482	0.00587	0.02651	0.00748	0.00464	0.00458	0.04942	0.01001	0.01296	0.10428	0.36048	0.28700	0.01143	0.00551	0.00162	0.01939	0.06981	0.00404	0.00394
43	0.01175	0.17279	0.16378	0.04563	0.17146	0.10170	0.09541	0.03884	0.02880	0.07340	0.00871	0.02164	0.00691	0.00444	0.00445	0.00129	0.03680	0.00367	0.00243	0.00611
44	0.05162	0.06067	0.11730	0.03859	0.06045	0.06047	0.15582	0.23282	0.07455	0.07360	0.01023	0.02664	0.00771	0.00475	0.00432	0.00135	0.00542	0.00410	0.00318	0.00642

[dist]
# distance from previous block
# <min> <max>
1	8

[block]
# block no. 3 follows, 60 sequences, length 34
# corresponding to MSA columns:
# 1785-1818
name=unknown_D
#
# <colnr> <probs for GDERKNQSTAVLIFYWHMCP>
#	G	D	E	R	K	N	Q	S	T	A	V	L	I	F	Y	W	H	M	C	P
0	0.02299	0.03113	0.13824	0.00955	0.01215	0.09909	0.09759	0.02532	0.00971	0.05107	0.03757	0.22876	0.02260	0.03049	0.00562	0.00153	0.04489	0.05090	0.00304	0.07777
1	0.01220	0.07143	0.18230	0.02448	0.11392	0.07302	0.09950	0.21090	0.01236	0.04469	0.00920	0.03908	0.00733	0.00491	0.00492	0.00135	0.05897	0.00400	0.00280	0.02263
2	0.00554	0.00393	0.00500	0.00572	0.00600	0.00371	0.00374	0.00621	0.00816	0.01086	0.05152	0.61843	0.06061	0.17859	0.00883	0.00223	0.00284	0.01090	0.00380	0.00339
3	0.00584	0.00414	0.00526	0.00571	0.00642	0.00377	0.00400	0.00698	0.00965	0.03239	0.21371	0.50321	0.15894	0.01192	0.00537	0.00162	0.00240	0.01063	0.00426	0.00379
4	0.01003	0.06852	0.36720	0.04437	0.19462	0.03506	0.17864	0.02588	0.00982	0.01375	0.00801	0.01001	0.00610	0.00400	0.00431	0.00135	0.00624	0.00373	0.00204	0.00630
5	0.01025	0.00766	0.00836	0.00751	0.00951	0.00845	0.00597	0.11826	0.33270	0.01795	0.02720	0.01865	0.01306	0.00621	0.00444	0.00136	0.02719	0.08527	0.24847	0.04151
6	0.00702	0.00558	0.00734	0.02944	0.00762	0.00660	0.00505	0.00769	0.00676	0.00947	0.01248	0.02190	0.04125	0.42944	0.20080	0.00418	0.18601	0.00546	0.00245	0.00348
7	0.01590	0.02015	0.01215	0.01107	0.01326	0.79692	0.00831	0.01704	0.01215	0.01065	0.00694	0.00823	0.00583	0.00560	0.03629	0.00135	0.00801	0.00288	0.00225	0.00501
8	0.04791	0.73113	0.06405	0.00783	0.01159	0.05512	0.00785	0.01330	0.00899	0.01086	0.00619	0.00716	0.00556	0.00380	0.00292	0.00098	0.00486	0.00240	0.00192	0.00558
9	0.01128	0.01136	0.01568	0.15182	0.51886	0.12196	0.01202	0.03325	0.05589	0.01381	0.00853	0.01083	0.00694	0.00419	0.00428	0.00131	0.00554	0.00380	0.00232	0.00634
10	0.03423	0.00581	0.00708	0.00648	0.00794	0.00584	0.00498	0.05331	0.07615	0.10114	0.36049	0.07245	0.08271	0.06926	0.03004	0.00182	0.02458	0.04664	0.00432	0.00472
11	0.01028	0.33126	0.32327	0.01292	0.10052	0.01297	0.12538	0.01351	0.00931	0.01254	0.00734	0.00891	0.00585	0.00389	0.00380	0.00122	0.00577	0.00323	0.00194	0.00609
12	0.00621	0.00435	0.00501	0.00509	0.00545	0.00416	0.00315	0.00656	0.00720	0.00954	0.01817	0.15440	0.09280	0.58306	0.01683	0.00338	0.00373	0.02859	0.00302	0.03930
13	0.03060	0.00452	0.00565	0.00544	0.00651	0.00422	0.00406	0.00797	0.01152	0.01625	0.62832	0.08950	0.13023	0.00993	0.02464	0.00154	0.00237	0.00813	0.00454	0.00404
14	0.01224	0.20025	0.11886	0.01056	0.05704	0.04105	0.07083	0.18589	0.06177	0.06522	0.03335	0.01149	0.00846	0.03973	0.00472	0.00133	0.00495	0.00375	0.00300	0.06552
15	0.00948	0.25944	0.47266	0.03442	0.04956	0.01179	0.01255	0.01307	0.00914	0.01268	0.02838	0.01020	0.00702	0.00530	0.03364	0.00146	0.00590	0.01535	0.00199	0.00599
16	0.00617	0.00532	0.00548	0.00583	0.00677	0.06152	0.00419	0.00726	0.00969	0.01209	0.11755	0.38377	0.31242	0.01151	0.00527	0.00158	0.00278	0.03301	0.00401	0.00378
17	0.03214	0.02781	0.01600	0.19650	0.50690	0.04775	0.03085	0.04394	0.01008	0.01391	0.00843	0.03086	0.00708	0.00430	0.00429	0.00133	0.00536	0.00400	0.00226	0.00622
18	0.01098	0.31294	0.15445	0.01109	0.08893	0.08646	0.05615	0.03591	0.04438	0.02593	0.02160	0.04343	0.03511	0.00481	0.00399	0.00120	0.01967	0.00378	0.00241	0.03677
19	0.00571	0.00452	0.00572	0.00682	0.05890	0.00411	0.00445	0.00678	0.00918	0.01179	0.05679	0.42599	0.31776	0.02936	0.00568	0.00168	0.00265	0.03435	0.00392	0.00383
20	0.00650	0.00506	0.00752	0.00737	0.00808	0.00609	0.00578	0.00801	0.00698	0.01015	0.01120	0.01652	0.01049	0.03069	0.76383	0.00660	0.07825	0.00460	0.00230	0.00396
21	0.06140	0.10102	0.25880	0.04548	0.04449	0.07425	0.15259	0.03296	0.01944	0.07585	0.00868	0.02479	0.00672	0.00462	0.00494	0.00137	0.07047	0.00378	0.00241	0.00592
22	0.01223	0.04927	0.13483	0.05313	0.19629	0.13219	0.06395	0.04990	0.03965	0.11975	0.01070	0.01196	0.03498	0.00555	0.02706	0.00149	0.04422	0.00395	0.00277	0.00614
23	0.01627	0.01259	0.01306	0.01016	0.01344	0.05959	0.00835	0.72718	0.01947	0.02582	0.01006	0.01029	0.00724	0.00529	0.00476	0.00132	0.03994	0.00386	0.00414	0.00717
24	0.00624	0.00420	0.00484	0.00493	0.00498	0.00420	0.00284	0.00635	0.00654	0.00875	0.01464	0.10357	0.01693	0.74955	0.04072	0.00407	0.00426	0.00686	0.00276	0.00276
25	0.00901	0.00824	0.02154	0.06967	0.17270	0.06047	0.06640	0.07015	0.02430	0.02226	0.04113	0.30405	0.03942	0.01681	0.00539	0.01267	0.01715	0.03037	0.00324	0.00503
26	0.04274	0.07849	0.07483	0.02205	0.12746	0.08428	0.13510	0.10163	0.12222	0.03452	0.02297	0.03391	0.05137	0.00569	0.01899	0.00146	0.02883	0.00448	0.00296	0.00600
27	0.00646	0.00468	0.00601	0.00595	0.00620	0.00515	0.00402	0.00704	0.00668	0.00924	0.01316	0.06870	0.01441	0.49928	0.26597	0.00479	0.06045	0.00600	0.00258	0.00321
28	0.00703	0.00456	0.00584	0.00594	0.00696	0.00419	0.00435	0.00858	0.02315	0.08699	0.28748	0.35016	0.13476	0.01082	0.00527	0.00157	0.00251	0.04125	0.00442	0.00417
29	0.03766	0.06466	0.07999	0.09415	0.29071	0.08756	0.08467	0.03461	0.01008	0.05576	0.01003	0.09922	0.00893	0.00520	0.00449	0.00136	0.01783	0.00464	0.00255	0.00590
30	0.01038	0.29898	0.29274	0.02464	0.06018	0.03378	0.05530	0.03619	0.07232	0.01308	0.00919	0.01034	0.02971	0.00482	0.01610	0.00132	0.01923	0.00342	0.00225	0.00601
31	0.00534	0.00385	0.00506	0.00598	0.00631	0.00357	0.00402	0.00617	0.00857	0.01141	0.05599	0.77772	0.06312	0.01337	0.00553	0.00174	0.00250	0.01209	0.00408	0.00357
32	0.01229	0.00846	0.03521	0.00839	0.04041	0.01806	0.00656	0.24007	0.05596	0.18090	0.08226	0.09955	0.14301	0.01997	0.00492	0.00145	0.00370	0.01376	0.01916	0.00592
33	0.02587	0.06485	0.21259	0.07525	0.11691	0.12766	0.10783	0.07294	0.03986	0.06610	0.02846	0.01095	0.00757	0.00492	0.01837	0.00141	0.00598	0.00379	0.00259	0.00609

[dist]
# distance from previous block
# <min> <max>
1	7

[block]
# block no. 4 follows, 60 sequences, length 27
# corresponding to MSA columns:
# 1826-1852
name=unknown_E
#
# <colnr> <probs for GDERKNQSTAVLIFYWHMCP>
#	G	D	E	R	K	N	Q	S	T	A	V	L	I	F	Y	W	H	M	C	P
0	0.05591	0.07626	0.15250	0.07455	0.17277	0.11711	0.03739	0.05898	0.02771	0.13144	0.00928	0.01037	0.00691	0.00434	0.00404	0.00126	0.00538	0.00352	0.00277	0.04752
1	0.11058	0.11494	0.20782	0.01041	0.03509	0.10238	0.09780	0.04226	0.01013	0.06339	0.04073	0.02633	0.03771	0.00491	0.00418	0.01563	0.00523	0.00383	0.00263	0.06403
2	0.00778	0.00657	0.02380	0.09659	0.01033	0.02627	0.03658	0.02889	0.09554	0.01176	0.05478	0.03809	0.03292	0.38410	0.04392	0.00293	0.00465	0.06944	0.00302	0.02204
3	0.01157	0.29977	0.10767	0.01189	0.03866	0.10484	0.20240	0.07399	0.02587	0.01349	0.04238	0.01021	0.00769	0.00433	0.00424	0.00123	0.02793	0.00366	0.00236	0.00581
4	0.00682	0.00521	0.00684	0.05688	0.00920	0.00521	0.00585	0.00948	0.06501	0.01462	0.29275	0.03812	0.13374	0.00998	0.00540	0.00165	0.00319	0.32162	0.00419	0.00425
5	0.05136	0.01271	0.19218	0.01369	0.17583	0.01030	0.05354	0.17349	0.02395	0.10932	0.00959	0.01078	0.00713	0.00529	0.02448	0.00147	0.05733	0.00375	0.00298	0.06082
6	0.01155	0.12890	0.09307	0.03134	0.13649	0.01076	0.09516	0.09747	0.15261	0.09255	0.03804	0.04227	0.01024	0.02328	0.01598	0.00147	0.00487	0.00447	0.00319	0.00628
7	0.01568	0.00954	0.12000	0.02546	0.01215	0.00741	0.00769	0.07512	0.04851	0.50418	0.08891	0.01544	0.01266	0.00553	0.00438	0.00135	0.00399	0.00452	0.03068	0.00681
8	0.00549	0.00404	0.00519	0.00604	0.00658	0.00374	0.00429	0.00646	0.00881	0.01147	0.02719	0.61892	0.15625	0.01305	0.00555	0.00175	0.00266	0.10486	0.00404	0.00362
9	0.00897	0.01926	0.63060	0.02501	0.03865	0.00987	0.05856	0.03062	0.05057	0.01456	0.06481	0.01144	0.00854	0.00456	0.00430	0.00139	0.00596	0.00378	0.00226	0.00628
10	0.01172	0.04378	0.05697	0.07257	0.22300	0.25011	0.08430	0.02172	0.02181	0.01230	0.00784	0.01024	0.00655	0.00648	0.06117	0.00172	0.09624	0.00366	0.00219	0.00563
11	0.11079	0.00774	0.00977	0.00761	0.01085	0.00714	0.00627	0.06861	0.01244	0.66196	0.04070	0.01430	0.01089	0.00535	0.00423	0.00135	0.00369	0.00425	0.00503	0.00703
12	0.00610	0.00426	0.00478	0.00480	0.00511	0.00411	0.00290	0.00644	0.00739	0.00969	0.07213	0.06091	0.14703	0.62629	0.01772	0.00351	0.00370	0.00713	0.00306	0.00294
13	0.00559	0.00403	0.00534	0.00627	0.00672	0.00379	0.00446	0.00659	0.00879	0.01161	0.04387	0.65948	0.07208	0.01316	0.00560	0.00178	0.00273	0.13041	0.00406	0.00364
14	0.00974	0.00941	0.01559	0.45656	0.14997	0.03471	0.14300	0.07170	0.01015	0.01331	0.00877	0.04151	0.00707	0.00458	0.00452	0.00142	0.00584	0.00437	0.00229	0.00549
15	0.00531	0.00382	0.00504	0.00601	0.00631	0.00355	0.00402	0.00608	0.00841	0.01116	0.02480	0.81340	0.05882	0.01356	0.00555	0.00176	0.00252	0.01228	0.00405	0.00355
16	0.01166	0.84935	0.02285	0.00746	0.01119	0.01726	0.00746	0.01306	0.00886	0.01026	0.00606	0.00700	0.00560	0.00373	0.00280	0.00093	0.00466	0.00233	0.00187	0.00560
17	0.05642	0.12732	0.23168	0.01251	0.06442	0.18258	0.12254	0.11074	0.01136	0.02963	0.00794	0.00924	0.00608	0.00423	0.00403	0.00126	0.00615	0.00339	0.00242	0.00604
18	0.01176	0.73481	0.03905	0.00791	0.01144	0.01650	0.00779	0.03361	0.00911	0.02936	0.00645	0.00748	0.00577	0.00408	0.00367	0.00103	0.06000	0.00254	0.00201	0.00565
19	0.00538	0.00404	0.00501	0.00576	0.00638	0.00367	0.00404	0.00631	0.00888	0.01142	0.02930	0.58283	0.23691	0.01287	0.00549	0.00171	0.00254	0.05982	0.00405	0.00361
20	0.01593	0.01170	0.01257	0.00977	0.01309	0.01293	0.00806	0.74214	0.03470	0.02654	0.01109	0.01189	0.00816	0.00544	0.00437	0.00132	0.00466	0.02687	0.03155	0.00720
21	0.01188	0.05569	0.05460	0.18390	0.18411	0.18885	0.05479	0.05691	0.03323	0.04972	0.00899	0.01177	0.00727	0.00475	0.00463	0.00134	0.03755	0.03065	0.01362	0.00577
22	0.00875	0.02256	0.82413	0.01243	0.01888	0.01013	0.01611	0.01381	0.00921	0.01381	0.00783	0.00921	0.00552	0.00414	0.00414	0.00138	0.00645	0.00322	0.00184	0.00645
23	0.07056	0.00720	0.00935	0.00737	0.01036	0.00650	0.00603	0.04311	0.01240	0.63013	0.13369	0.01683	0.01477	0.00583	0.00439	0.00135	0.00348	0.00476	0.00511	0.00677
24	0.00598	0.00459	0.00635	0.03096	0.02797	0.00443	0.01950	0.00726	0.00942	0.01266	0.18307	0.47394	0.09758	0.02487	0.00582	0.00169	0.01748	0.05854	0.00399	0.00387
25	0.01007	0.09299	0.17254	0.02130	0.01255	0.09147	0.03310	0.04837	0.06839	0.03198	0.03189	0.09461	0.03380	0.03041	0.00545	0.00139	0.06837	0.01469	0.01475	0.12190
26	0.01173	0.06418	0.06840	0.01246	0.14789	0.10891	0.04689	0.08570	0.07305	0.06552	0.01958	0.01248	0.03813	0.00504	0.00503	0.00126	0.08004	0.01732	0.00288	0.13351

[dist]
# distance from previous block
# <min> <max>
0	6

[block]
# block no. 5 follows, 60 sequences, length 41
# corresponding to MSA columns:
# 1859-1899
name=unknown_F
#
# <colnr> <probs for GDERKNQSTAVLIFYWHMCP>
#	G	D	E	R	K	N	Q	S	T	A	V	L	I	F	Y	W	H	M	C	P
0	0.04395	0.08989	0.03039	0.00705	0.00912	0.10432	0.00572	0.04973	0.09354	0.02908	0.24693	0.07862	0.15055	0.00750	0.00449	0.00133	0.00356	0.00619	0.00376	0.03428
1	0.01439	0.15947	0.01321	0.00931	0.01200	0.34029	0.00752	0.13309	0.06185	0.09667	0.03261	0.01257	0.05619	0.00530	0.00415	0.00121	0.01707	0.01422	0.00314	0.00573
2	0.01056	0.00787	0.02677	0.05020	0.07228	0.05344	0.03197	0.04239	0.02618	0.15594	0.08369	0.08670	0.04882	0.01910	0.01588	0.00158	0.00422	0.17666	0.00374	0.08201
3	0.00950	0.00969	0.05264	0.32479	0.37914	0.00985	0.05352	0.01265	0.03735	0.01309	0.00915	0.03250	0.00765	0.00458	0.00445	0.00140	0.00543	0.02445	0.00224	0.00591
4	0.08407	0.00929	0.00959	0.00857	0.01104	0.01072	0.00668	0.05178	0.69674	0.01850	0.01640	0.01553	0.01242	0.02336	0.00466	0.00152	0.00351	0.00471	0.00425	0.00665
5	0.00582	0.00417	0.00558	0.00650	0.00701	0.00398	0.00479	0.00692	0.00886	0.01168	0.03463	0.56491	0.05526	0.03737	0.00616	0.00189	0.00297	0.22384	0.00401	0.00366
6	0.04207	0.01182	0.04921	0.00950	0.01290	0.06154	0.00802	0.45682	0.09111	0.19402	0.01210	0.01162	0.00841	0.00520	0.00429	0.00133	0.00466	0.00397	0.00429	0.00710
7	0.00648	0.00453	0.00590	0.00552	0.00662	0.00416	0.00415	0.00851	0.01229	0.03749	0.77785	0.03237	0.05983	0.00888	0.00513	0.00137	0.00210	0.00783	0.00480	0.00419
8	0.06110	0.00711	0.00928	0.00726	0.01035	0.00633	0.00596	0.01964	0.01187	0.69568	0.01633	0.01461	0.01053	0.00530	0.00416	0.00131	0.00351	0.00425	0.09848	0.00693
9	0.00698	0.00495	0.00670	0.00753	0.00846	0.00493	0.00622	0.00914	0.04656	0.02698	0.03547	0.24621	0.02550	0.01201	0.00579	0.00190	0.00358	0.53292	0.00408	0.00409
10	0.01653	0.01188	0.01283	0.00988	0.01333	0.01308	0.00815	0.73919	0.04760	0.06635	0.01106	0.01089	0.00779	0.00527	0.00437	0.00132	0.00470	0.00398	0.00442	0.00740
11	0.87753	0.00843	0.00641	0.00574	0.00843	0.00978	0.00472	0.01282	0.00742	0.01957	0.00607	0.00709	0.00472	0.00405	0.00270	0.00135	0.00337	0.00236	0.00270	0.00472
12	0.01828	0.00789	0.01015	0.00788	0.01110	0.00730	0.00647	0.11629	0.04083	0.65417	0.01624	0.01444	0.01049	0.00538	0.00431	0.00133	0.00374	0.00433	0.05214	0.00722
13	0.00617	0.00446	0.00583	0.00549	0.00652	0.00412	0.00412	0.00823	0.01235	0.01749	0.81722	0.03258	0.04115	0.00892	0.00514	0.00137	0.00206	0.00789	0.00480	0.00412
14	0.03569	0.00745	0.00969	0.00759	0.01067	0.00678	0.00622	0.06957	0.03297	0.64252	0.08746	0.01605	0.01322	0.00568	0.00438	0.00134	0.00358	0.00463	0.02754	0.00697
15	0.00970	0.00485	0.00551	0.00504	0.00651	0.00461	0.00388	0.02669	0.01034	0.15104	0.11361	0.03878	0.06929	0.00620	0.00375	0.00117	0.00239	0.00512	0.52685	0.00466
16	0.00598	0.00437	0.00562	0.00548	0.00644	0.00400	0.00404	0.00779	0.01162	0.01619	0.64998	0.14230	0.10046	0.00972	0.00520	0.00143	0.00213	0.00860	0.00464	0.00400
17	0.02910	0.00743	0.00977	0.00768	0.01077	0.00671	0.00627	0.05535	0.04280	0.66981	0.07328	0.03551	0.01322	0.00584	0.00445	0.00136	0.00360	0.00480	0.00521	0.00704
18	0.00894	0.00865	0.01220	0.01064	0.01078	0.01192	0.00880	0.01000	0.00674	0.01043	0.00681	0.01093	0.00667	0.01221	0.16299	0.00284	0.68788	0.00397	0.00199	0.00461
19	0.00535	0.00440	0.00471	0.00469	0.00603	0.00376	0.00349	0.00663	0.01034	0.01284	0.19059	0.07112	0.63945	0.01074	0.00517	0.00147	0.00219	0.00908	0.00419	0.00376
20	0.01171	0.60386	0.11611	0.00937	0.05217	0.06708	0.00885	0.04149	0.03300	0.01174	0.00692	0.00789	0.00594	0.00395	0.00321	0.00104	0.00507	0.00268	0.00206	0.00583
21	0.72248	0.03111	0.04821	0.00737	0.04194	0.01022	0.01788	0.04065	0.00814	0.01890	0.00644	0.00756	0.00501	0.00412	0.00309	0.00135	0.01528	0.00258	0.00265	0.00503
22	0.02123	0.00789	0.00872	0.00685	0.00992	0.03908	0.00535	0.07769	0.01019	0.04241	0.02260	0.13880	0.02440	0.00537	0.00380	0.00096	0.00341	0.00448	0.01371	0.55312
23	0.01035	0.07893	0.08310	0.01159	0.01290	0.09342	0.05480	0.01186	0.00783	0.01097	0.00620	0.00927	0.00574	0.00650	0.01100	0.00168	0.57322	0.00362	0.00195	0.00507
24	0.00540	0.00387	0.00514	0.00610	0.00643	0.00362	0.00415	0.00624	0.00854	0.01137	0.04319	0.77837	0.04398	0.01344	0.00557	0.00177	0.00257	0.04261	0.00407	0.00358
25	0.00923	0.00910	0.01212	0.01057	0.01075	0.04229	0.00866	0.01022	0.00691	0.01036	0.00689	0.01135	0.00686	0.05194	0.11420	0.00262	0.66536	0.00401	0.00201	0.00457
26	0.00587	0.00438	0.00545	0.00533	0.00636	0.00396	0.00394	0.00759	0.01141	0.01561	0.57030	0.12107	0.20292	0.00987	0.00519	0.00144	0.00214	0.00865	0.00456	0.00396
27	0.01938	0.00747	0.01012	0.00778	0.01114	0.00651	0.00642	0.02130	0.03012	0.80478	0.01722	0.01488	0.01085	0.00541	0.00439	0.00135	0.00371	0.00440	0.00538	0.00741
28	0.19892	0.01428	0.01135	0.00955	0.01230	0.30561	0.00759	0.30612	0.01410	0.03771	0.00818	0.00888	0.00622	0.00481	0.00423	0.00127	0.03660	0.00320	0.00318	0.00590
29	0.00801	0.00577	0.00696	0.00639	0.00789	0.00580	0.00487	0.01238	0.19940	0.06584	0.52999	0.04812	0.06473	0.00821	0.00494	0.00141	0.00250	0.00715	0.00470	0.00494
30	0.87753	0.00843	0.00641	0.00574	0.00843	0.00978	0.00472	0.01282	0.00742	0.01957	0.00607	0.00709	0.00472	0.00405	0.00270	0.00135	0.00337	0.00236	0.00270	0.00472
31	0.01166	0.84935	0.02285	0.00746	0.01119	0.01726	0.00746	0.01306	0.00886	0.01026	0.00606	0.00700	0.00560	0.00373	0.00280	0.00093	0.00466	0.00233	0.00187	0.00560
32	0.00869	0.00432	0.00444	0.00430	0.00544	0.00430	0.00326	0.02332	0.00945	0.04643	0.01428	0.01611	0.01110	0.00510	0.00312	0.00103	0.00214	0.00407	0.82484	0.00424
33	0.09589	0.01151	0.01724	0.02169	0.03650	0.12469	0.39131	0.04143	0.07902	0.02514	0.01001	0.03173	0.00789	0.00447	0.00444	0.00137	0.00591	0.00451	0.07963	0.00561
34	0.01849	0.00715	0.00967	0.00750	0.01067	0.00621	0.00616	0.02021	0.01233	0.75246	0.05128	0.01567	0.01211	0.00553	0.00436	0.00134	0.00357	0.00452	0.04365	0.00713
35	0.00615	0.00446	0.00579	0.00546	0.00650	0.00410	0.00409	0.00818	0.01228	0.01734	0.79747	0.03282	0.06099	0.00897	0.00514	0.00137	0.00206	0.00792	0.00478	0.00410
36	0.00536	0.00392	0.00504	0.00584	0.00629	0.00360	0.00397	0.00625	0.00883	0.01168	0.08475	0.69068	0.12174	0.01301	0.00549	0.00171	0.00246	0.01169	0.00410	0.00360
37	0.87753	0.00843	0.00641	0.00574	0.00843	0.00978	0.00472	0.01282	0.00742	0.01957	0.00607	0.00709	0.00472	0.00405	0.00270	0.00135	0.00337	0.00236	0.00270	0.00472
38	0.00909	0.00719	0.00821	0.03136	0.00969	0.00767	0.00580	0.12989	0.25410	0.01832	0.33647	0.02516	0.10426	0.00763	0.00482	0.00142	0.00306	0.02600	0.00445	0.00542
39	0.00638	0.00523	0.00793	0.04628	0.02122	0.00525	0.07134	0.00788	0.01993	0.01203	0.08214	0.48934	0.06799	0.02093	0.04158	0.00194	0.03632	0.04861	0.00366	0.00402
40	0.02408	0.06006	0.01216	0.00998	0.04217	0.19007	0.00770	0.30760	0.17928	0.04272	0.01125	0.01143	0.00846	0.00506	0.00408	0.00126	0.00495	0.00380	0.06750	0.00640

[dist]
# distance from previous block
# <min> <max>
1	3

[block]
# block no. 6 follows, 60 sequences, length 65
# corresponding to MSA columns:
# 1903-1967
name=unknown_G
#
# <colnr> <probs for GDERKNQSTAVLIFYWHMCP>
#	G	D	E	R	K	N	Q	S	T	A	V	L	I	F	Y	W	H	M	C	P
0	0.20038	0.25289	0.03987	0.01004	0.06086	0.30394	0.02255	0.04090	0.01028	0.01341	0.00669	0.00783	0.00557	0.00414	0.00341	0.00115	0.00567	0.00273	0.00229	0.00539
1	0.18553	0.04271	0.12205	0.02534	0.04120	0.01084	0.17715	0.10991	0.12666	0.03531	0.02419	0.01173	0.02452	0.00479	0.00455	0.00140	0.03912	0.00404	0.00296	0.00598
2	0.00758	0.00379	0.00568	0.00568	0.00568	0.00379	0.00379	0.00568	0.00568	0.00758	0.00758	0.01326	0.00758	0.01515	0.01705	0.87311	0.00379	0.00379	0.00189	0.00189
3	0.01063	0.00894	0.03138	0.00852	0.01099	0.00920	0.04906	0.27802	0.15127	0.01871	0.07846	0.04650	0.20985	0.00747	0.00511	0.00145	0.03407	0.03058	0.00404	0.00575
4	0.01776	0.00794	0.01021	0.00791	0.01121	0.00727	0.00649	0.09353	0.06452	0.62740	0.03537	0.01460	0.01111	0.00537	0.00433	0.00131	0.00373	0.00435	0.00505	0.06054
5	0.01112	0.01086	0.01701	0.05213	0.68468	0.05416	0.02806	0.03170	0.04149	0.01440	0.00855	0.01089	0.00706	0.00404	0.00432	0.00130	0.00531	0.00389	0.00230	0.00673
6	0.00938	0.00853	0.01396	0.04167	0.54106	0.00857	0.01082	0.01190	0.03095	0.01388	0.04829	0.12280	0.01354	0.00640	0.00472	0.00145	0.00454	0.09880	0.00279	0.00596
7	0.00584	0.00429	0.00560	0.00645	0.00714	0.00404	0.00490	0.00706	0.00914	0.01185	0.02680	0.46500	0.14770	0.01274	0.00565	0.00180	0.00296	0.26328	0.00404	0.00372
8	0.01236	0.01156	0.01058	0.00933	0.01185	0.15260	0.00726	0.11691	0.55519	0.01804	0.03683	0.01456	0.01203	0.00567	0.00436	0.00139	0.00434	0.00452	0.00406	0.00657
9	0.00903	0.01001	0.07423	0.01093	0.12623	0.12328	0.05801	0.01224	0.09662	0.01428	0.20217	0.04750	0.17042	0.00714	0.00473	0.00139	0.00423	0.01897	0.00345	0.00514
10	0.02347	0.06021	0.72791	0.01179	0.01789	0.01023	0.01495	0.01390	0.00925	0.03738	0.00799	0.00923	0.00569	0.00414	0.00404	0.00134	0.00615	0.00318	0.00198	0.02926
11	0.00954	0.00954	0.01336	0.01145	0.01145	0.01336	0.00954	0.01050	0.00668	0.01050	0.00573	0.00954	0.00573	0.00763	0.01431	0.00191	0.83874	0.00382	0.00191	0.00477
12	0.01629	0.02079	0.01236	0.01124	0.01348	0.82921	0.00843	0.01742	0.01236	0.01067	0.00674	0.00787	0.00562	0.00449	0.00393	0.00112	0.00787	0.00281	0.00225	0.00506
13	0.01433	0.00926	0.01052	0.00861	0.01148	0.00989	0.00694	0.28109	0.25487	0.21988	0.04521	0.01555	0.04064	0.00710	0.04263	0.00164	0.00425	0.00471	0.00455	0.00685
14	0.01047	0.56709	0.16299	0.00873	0.01261	0.01431	0.04664	0.01258	0.00876	0.01099	0.00722	0.00919	0.00642	0.03725	0.06708	0.00162	0.00563	0.00295	0.00194	0.00552
15	0.01605	0.02030	0.01212	0.01103	0.01324	0.80511	0.00827	0.01720	0.01227	0.01084	0.00696	0.00811	0.00578	0.00451	0.00391	0.00112	0.00769	0.00285	0.02762	0.00503
16	0.00808	0.00676	0.01075	0.21379	0.03857	0.00720	0.09760	0.01003	0.00918	0.04675	0.07692	0.11332	0.08829	0.08097	0.02246	0.00186	0.05830	0.05936	0.01987	0.02991
17	0.06643	0.12590	0.09500	0.02287	0.05042	0.03276	0.06251	0.14356	0.04364	0.23996	0.01149	0.02548	0.00847	0.00491	0.00409	0.00129	0.00469	0.01783	0.00354	0.03517
18	0.00875	0.02256	0.82413	0.01243	0.01888	0.01013	0.01611	0.01381	0.00921	0.01381	0.00783	0.00921	0.00552	0.00414	0.00414	0.00138	0.00645	0.00322	0.00184	0.00645
19	0.00620	0.00438	0.00572	0.00561	0.00654	0.00403	0.00412	0.00798	0.01155	0.02840	0.64123	0.18523	0.05296	0.00980	0.00521	0.00145	0.00217	0.00871	0.00465	0.00405
20	0.02464	0.10958	0.29771	0.11402	0.25683	0.01111	0.07654	0.01319	0.00931	0.01324	0.00772	0.00989	0.00606	0.00410	0.00440	0.00133	0.02858	0.00355	0.00200	0.00618
21	0.00824	0.00775	0.01308	0.83624	0.03004	0.00969	0.01211	0.01114	0.00872	0.01114	0.00775	0.01163	0.00581	0.00436	0.00436	0.00145	0.00581	0.00388	0.00194	0.00484
22	0.00522	0.00440	0.00453	0.00455	0.00595	0.00370	0.00339	0.00637	0.01002	0.01211	0.09085	0.07433	0.73764	0.01102	0.00517	0.00148	0.00221	0.00925	0.00410	0.00370
23	0.00592	0.00423	0.00565	0.00615	0.00672	0.00403	0.01591	0.00685	0.02943	0.01125	0.05048	0.52169	0.12498	0.01353	0.03210	0.11152	0.00306	0.03926	0.00373	0.00352
24	0.06929	0.02730	0.02525	0.02656	0.11425	0.10823	0.02398	0.44176	0.01590	0.07620	0.00995	0.01091	0.00740	0.00494	0.00422	0.00130	0.00512	0.01706	0.00363	0.00673
25	0.00917	0.04356	0.76461	0.01227	0.01852	0.01022	0.03010	0.01401	0.00931	0.03741	0.00807	0.00936	0.00570	0.00416	0.00413	0.00137	0.00634	0.00327	0.00195	0.00644
26	0.00954	0.00954	0.01336	0.01145	0.01145	0.01336	0.00954	0.01050	0.00668	0.01050	0.00573	0.00954	0.00573	0.00763	0.01431	0.00191	0.83874	0.00382	0.00191	0.00477
27	0.00904	0.00775	0.00904	0.00646	0.01034	0.00581	0.00517	0.01098	0.00904	0.01421	0.00775	0.00904	0.00646	0.00323	0.00323	0.00065	0.00323	0.00258	0.00258	0.87339
28	0.01147	0.05984	0.10205	0.01168	0.13707	0.07028	0.02513	0.09322	0.02843	0.09929	0.01062	0.05731	0.00895	0.00703	0.06250	0.00163	0.03030	0.02171	0.00295	0.15853
29	0.02937	0.01700	0.13714	0.02702	0.01462	0.37077	0.03721	0.18839	0.08036	0.04356	0.00908	0.00978	0.00684	0.00471	0.00415	0.00126	0.00633	0.00344	0.00294	0.00604
30	0.00875	0.02256	0.82413	0.01243	0.01888	0.01013	0.01611	0.01381	0.00921	0.01381	0.00783	0.00921	0.00552	0.00414	0.00414	0.00138	0.00645	0.00322	0.00184	0.00645
