[name]
unknown

[dist]
# distance from previous block
# <min> <max>
0	145

[block]
# block no. 0 follows, 53 sequences, length 8
# corresponding to MSA columns:
# 164-171
name=unknown_A
#
# <colnr> <probs for GDERKNQSTAVLIFYWHMCP>
#	G	D	E	R	K	N	Q	S	T	A	V	L	I	F	Y	W	H	M	C	P
0	0.03271	0.07862	0.12910	0.03611	0.21079	0.06137	0.05533	0.01436	0.02827	0.06652	0.06179	0.01953	0.04835	0.00625	0.00484	0.00150	0.00539	0.09792	0.00313	0.03812
1	0.07233	0.09620	0.20263	0.00961	0.01353	0.04685	0.00943	0.07655	0.09501	0.10574	0.01541	0.05119	0.08765	0.00621	0.00478	0.00144	0.02821	0.00482	0.00348	0.06896
2	0.10034	0.05958	0.22047	0.02882	0.05182	0.01047	0.02760	0.09064	0.12396	0.05002	0.04202	0.03475	0.10819	0.00626	0.00460	0.00149	0.00486	0.00506	0.00346	0.02557
3	0.00695	0.00463	0.00521	0.00521	0.00521	0.00463	0.00290	0.00695	0.00695	0.00927	0.01506	0.03128	0.01738	0.83203	0.02433	0.00463	0.00463	0.00695	0.00290	0.00290
4	0.01183	0.01136	0.01940	0.02934	0.80221	0.01136	0.01467	0.01467	0.01088	0.01562	0.00899	0.01183	0.00757	0.00426	0.00473	0.00142	0.00568	0.00426	0.00237	0.00757
5	0.01110	0.01013	0.01615	0.02298	0.57131	0.01019	0.01212	0.05073	0.04652	0.01672	0.10213	0.01797	0.05461	0.00576	0.00495	0.00147	0.00497	0.03013	0.00310	0.00696
6	0.00991	0.00850	0.00991	0.00708	0.01133	0.00637	0.00566	0.01203	0.00991	0.01557	0.00850	0.00991	0.00708	0.00354	0.00354	0.00071	0.00354	0.00283	0.00283	0.86124
7	0.03126	0.00832	0.01008	0.00867	0.01090	0.04813	0.06027	0.09417	0.09694	0.15137	0.17001	0.16827	0.08118	0.03103	0.00579	0.00167	0.00397	0.00752	0.00461	0.00584

[dist]
# distance from previous block
# <min> <max>
13	78

[block]
# block no. 1 follows, 53 sequences, length 22
# corresponding to MSA columns:
# 254-275
name=unknown_B
#
# <colnr> <probs for GDERKNQSTAVLIFYWHMCP>
#	G	D	E	R	K	N	Q	S	T	A	V	L	I	F	Y	W	H	M	C	P
0	0.04525	0.04696	0.07308	0.02232	0.02566	0.05395	0.04450	0.08087	0.07366	0.05955	0.14844	0.05610	0.07625	0.02035	0.00501	0.00143	0.00432	0.00564	0.02670	0.12997
1	0.04572	0.02998	0.04516	0.02686	0.11444	0.02162	0.08807	0.08963	0.05432	0.09660	0.08150	0.09959	0.07224	0.00682	0.00505	0.00147	0.01712	0.00596	0.00375	0.09409
2	0.01144	0.06863	0.06931	0.04856	0.12921	0.03274	0.04817	0.10511	0.05578	0.06120	0.06358	0.10248	0.06452	0.00670	0.00480	0.00143	0.00474	0.01502	0.00355	0.10304
3	0.02952	0.09238	0.08098	0.02345	0.12255	0.07645	0.07186	0.05701	0.10493	0.02954	0.01367	0.03242	0.06641	0.00586	0.00516	0.00142	0.05041	0.02079	0.02165	0.09355
4	0.04689	0.08786	0.11955	0.01215	0.10703	0.04181	0.02776	0.12380	0.07643	0.04472	0.08858	0.04230	0.04208	0.00632	0.00528	0.00147	0.05181	0.02151	0.00346	0.04920
5	0.02446	0.03039	0.13637	0.05023	0.13359	0.09223	0.07513	0.04810	0.03045	0.04177	0.02911	0.06911	0.03872	0.00575	0.00466	0.00137	0.00547	0.02219	0.00301	0.15788
6	0.01153	0.07280	0.04133	0.01284	0.14270	0.06224	0.06664	0.10137	0.11035	0.03284	0.01679	0.07247	0.10178	0.04487	0.00571	0.00159	0.00492	0.02017	0.00348	0.07357
7	0.00997	0.00861	0.03530	0.00959	0.03024	0.03402	0.10030	0.01292	0.07641	0.08157	0.06949	0.17334	0.09518	0.04176	0.00608	0.00160	0.02164	0.01772	0.00380	0.17045
8	0.00982	0.01004	0.11830	0.00799	0.01164	0.00724	0.00722	0.05033	0.06269	0.04171	0.10818	0.05303	0.08234	0.00608	0.00441	0.00117	0.00383	0.00506	0.02209	0.38684
9	0.00733	0.00509	0.00605	0.00597	0.00714	0.00475	0.01995	0.03218	0.01045	0.01484	0.09489	0.25663	0.19802	0.07219	0.00652	0.00177	0.00286	0.00884	0.21168	0.03283
10	0.01006	0.00853	0.01029	0.04114	0.03327	0.00691	0.00629	0.04579	0.01057	0.01609	0.03559	0.03601	0.00913	0.00426	0.00383	0.00086	0.00372	0.00351	0.00301	0.71113
11	0.00683	0.00512	0.00768	0.00768	0.00853	0.00597	0.00597	0.00853	0.00768	0.01110	0.01280	0.01878	0.01195	0.03585	0.81308	0.00768	0.01280	0.00512	0.00256	0.00427
12	0.01080	0.03244	0.05120	0.06925	0.48292	0.01012	0.01202	0.03315	0.03889	0.02891	0.07025	0.11354	0.01345	0.00616	0.00492	0.00150	0.00505	0.00570	0.00300	0.00672
13	0.00874	0.01966	0.60273	0.01155	0.01715	0.00936	0.01420	0.01333	0.01067	0.01545	0.12463	0.01780	0.10228	0.00614	0.00482	0.00152	0.00586	0.00500	0.00275	0.00636
14	0.00991	0.00850	0.00991	0.00708	0.01133	0.00637	0.00566	0.01203	0.00991	0.01557	0.00850	0.00991	0.00708	0.00354	0.00354	0.00071	0.00354	0.00283	0.00283	0.86124
15	0.01403	0.03125	0.01498	0.04847	0.25362	0.10036	0.03070	0.18071	0.03782	0.08950	0.04215	0.03274	0.02228	0.00541	0.00468	0.00138	0.00536	0.00458	0.00351	0.07647
16	0.00830	0.00415	0.00623	0.00623	0.00623	0.00415	0.00415	0.00623	0.00623	0.00830	0.00830	0.01453	0.00830	0.01660	0.01868	0.86094	0.00415	0.00415	0.00208	0.00208
17	0.29595	0.01243	0.01205	0.01033	0.04954	0.06535	0.00803	0.42960	0.01645	0.04299	0.00968	0.01020	0.00709	0.00519	0.00415	0.00144	0.00496	0.00367	0.00394	0.00696
18	0.64305	0.03172	0.02587	0.05610	0.01236	0.01089	0.06192	0.03249	0.00915	0.05465	0.00797	0.00968	0.00616	0.00466	0.00348	0.00149	0.00434	0.01547	0.00302	0.00553
19	0.00937	0.00813	0.01131	0.05759	0.21580	0.02646	0.02054	0.02275	0.01048	0.03184	0.01884	0.19702	0.12425	0.01865	0.00521	0.00148	0.00419	0.02301	0.00337	0.18973
20	0.01010	0.00826	0.00902	0.00683	0.01035	0.03186	0.00541	0.03889	0.01052	0.01624	0.01145	0.01279	0.04050	0.00437	0.00366	0.00086	0.00348	0.00347	0.15310	0.61885
21	0.01141	0.04500	0.21438	0.01013	0.02450	0.04062	0.02225	0.10226	0.07640	0.05008	0.04245	0.05249	0.03301	0.00566	0.00447	0.00130	0.00493	0.01771	0.00333	0.23762

[dist]
# distance from previous block
# <min> <max>
1	5

[block]
# block no. 2 follows, 53 sequences, length 16
# corresponding to MSA columns:
# 281-296
name=unknown_C
#
# <colnr> <probs for GDERKNQSTAVLIFYWHMCP>
#	G	D	E	R	K	N	Q	S	T	A	V	L	I	F	Y	W	H	M	C	P
0	0.06098	0.22043	0.15285	0.10763	0.04871	0.15215	0.03522	0.06859	0.01130	0.03236	0.00873	0.01037	0.01839	0.00492	0.00474	0.00137	0.04898	0.00355	0.00251	0.00621
1	0.00684	0.00509	0.00752	0.00752	0.00831	0.00588	0.00577	0.00843	0.00763	0.01097	0.01295	0.01962	0.01231	0.08940	0.76003	0.00748	0.01225	0.00524	0.00258	0.00418
2	0.04865	0.01124	0.03261	0.02807	0.23466	0.06632	0.00988	0.18449	0.02538	0.07663	0.06524	0.01541	0.01145	0.04651	0.05146	0.00199	0.06068	0.01922	0.00347	0.00661
3	0.00635	0.00447	0.00548	0.00604	0.00637	0.00427	0.00393	0.00699	0.00865	0.01143	0.04571	0.40844	0.08563	0.32613	0.01303	0.00294	0.00351	0.04320	0.00387	0.00356
4	0.00986	0.09503	0.73938	0.01315	0.01996	0.01178	0.01684	0.01507	0.01006	0.01480	0.00841	0.00988	0.00606	0.00450	0.00441	0.00147	0.00689	0.00345	0.00202	0.00698
5	0.00682	0.00645	0.06944	0.00644	0.00811	0.00496	0.00542	0.00918	0.01286	0.01792	0.62515	0.03521	0.15462	0.00971	0.00555	0.00152	0.00266	0.00846	0.00488	0.00464
6	0.00591	0.00488	0.02999	0.00662	0.00729	0.00412	0.00473	0.00694	0.00942	0.01239	0.02883	0.69653	0.13619	0.01426	0.00599	0.00188	0.00286	0.01280	0.00436	0.00400
7	0.01183	0.01136	0.01940	0.02934	0.80221	0.01136	0.01467	0.01467	0.01088	0.01562	0.00899	0.01183	0.00757	0.00426	0.00473	0.00142	0.00568	0.00426	0.00237	0.00757
8	0.01697	0.01552	0.03692	0.01186	0.01543	0.19459	0.06140	0.50324	0.03914	0.02390	0.01087	0.02833	0.00823	0.00562	0.00476	0.00142	0.00617	0.00432	0.00402	0.00730
9	0.86579	0.00924	0.00702	0.00629	0.00924	0.01072	0.00518	0.01405	0.00813	0.02144	0.00666	0.00776	0.00518	0.00444	0.00296	0.00148	0.00370	0.00259	0.00296	0.00518
10	0.00982	0.00822	0.01233	0.01140	0.07034	0.00826	0.13256	0.07112	0.12714	0.03214	0.25794	0.04775	0.05021	0.00835	0.00555	0.00165	0.00429	0.13082	0.00432	0.00578
11	0.00575	0.00485	0.00498	0.00494	0.00652	0.00408	0.00371	0.00705	0.01112	0.01345	0.11361	0.04510	0.73474	0.01190	0.00565	0.00160	0.00241	0.00996	0.00451	0.00408
12	0.00650	0.00523	0.00680	0.00663	0.00791	0.00478	0.04122	0.00843	0.03698	0.01470	0.23319	0.26633	0.30508	0.01178	0.00577	0.00169	0.00283	0.02522	0.00457	0.00435
13	0.01131	0.25477	0.37766	0.07564	0.01839	0.03881	0.04137	0.04915	0.06333	0.01466	0.00888	0.01024	0.00681	0.00461	0.00420	0.00138	0.00623	0.00353	0.00237	0.00667
14	0.01118	0.01179	0.09734	0.08002	0.16845	0.04063	0.01027	0.04213	0.29678	0.01718	0.04662	0.01591	0.01202	0.00650	0.02726	0.00165	0.00512	0.02457	0.00352	0.08105
15	0.00655	0.00548	0.00591	0.00579	0.00723	0.02314	0.00441	0.00832	0.02597	0.01483	0.25938	0.05795	0.48553	0.01122	0.00583	0.00162	0.01665	0.04531	0.00459	0.00430

[dist]
# distance from previous block
# <min> <max>
3	5

[block]
# block no. 3 follows, 53 sequences, length 10
# corresponding to MSA columns:
# 302-311
name=unknown_D
#
# <colnr> <probs for GDERKNQSTAVLIFYWHMCP>
#	G	D	E	R	K	N	Q	S	T	A	V	L	I	F	Y	W	H	M	C	P
0	0.01135	0.01191	0.04937	0.10415	0.52115	0.01144	0.19053	0.01459	0.01082	0.01519	0.00908	0.01210	0.00733	0.00427	0.00494	0.00148	0.00634	0.00455	0.00234	0.00707
1	0.01696	0.01136	0.01243	0.00950	0.01333	0.04952	0.00775	0.37320	0.01683	0.21695	0.01238	0.01214	0.00869	0.00521	0.00446	0.00126	0.00471	0.00401	0.00448	0.21484
2	0.00711	0.00497	0.00612	0.00604	0.00648	0.00516	0.00398	0.02613	0.00815	0.01112	0.07275	0.04974	0.04038	0.51217	0.21494	0.00492	0.00637	0.00683	0.00312	0.00353
3	0.00815	0.00570	0.00805	0.00766	0.00807	0.00661	0.00571	0.00858	0.03256	0.01091	0.07699	0.01792	0.01282	0.06810	0.23074	0.34381	0.13639	0.00500	0.00262	0.00360
4	0.00839	0.00640	0.00801	0.00804	0.04123	0.00643	0.00586	0.07311	0.09944	0.01860	0.44222	0.12086	0.06049	0.00980	0.00558	0.00162	0.00304	0.07086	0.00487	0.00517
5	0.00653	0.00471	0.00531	0.00531	0.00592	0.00442	0.00341	0.00724	0.00913	0.01192	0.14782	0.07157	0.22960	0.44909	0.01563	0.00322	0.00359	0.00834	0.00375	0.00350
6	0.86579	0.00924	0.00702	0.00629	0.00924	0.01072	0.00518	0.01405	0.00813	0.02144	0.00666	0.00776	0.00518	0.00444	0.00296	0.00148	0.00370	0.00259	0.00296	0.00518
7	0.00921	0.00868	0.01467	0.76824	0.08377	0.01067	0.01337	0.01237	0.00964	0.01244	0.00853	0.01268	0.00645	0.00474	0.00478	0.00158	0.00633	0.00425	0.00214	0.00546
8	0.00648	0.00480	0.00655	0.00711	0.00773	0.00458	0.02640	0.03034	0.00984	0.01314	0.06454	0.65670	0.05633	0.03493	0.02672	0.00210	0.00329	0.02993	0.00435	0.00411
9	0.01151	0.06484	0.05155	0.00817	0.01226	0.03675	0.00696	0.03755	0.09950	0.06274	0.01028	0.01105	0.00810	0.00421	0.00385	0.00096	0.00411	0.00331	0.00320	0.55911

[dist]
# distance from previous block
# <min> <max>
0	4

[block]
# block no. 4 follows, 53 sequences, length 24
# corresponding to MSA columns:
# 316-339
name=unknown_E
#
# <colnr> <probs for GDERKNQSTAVLIFYWHMCP>
#	G	D	E	R	K	N	Q	S	T	A	V	L	I	F	Y	W	H	M	C	P
0	0.05498	0.03020	0.07522	0.01127	0.03635	0.27895	0.02133	0.16922	0.12900	0.05690	0.03641	0.02934	0.02332	0.00575	0.00456	0.00141	0.00598	0.00435	0.01891	0.00655
1	0.01051	0.00758	0.00641	0.00607	0.00754	0.11632	0.00459	0.03488	0.05664	0.01749	0.03657	0.01688	0.01235	0.00566	0.00367	0.00118	0.00328	0.00443	0.64306	0.00489
2	0.01294	0.65622	0.02268	0.00911	0.01253	0.09048	0.00856	0.01439	0.00976	0.01132	0.00667	0.00811	0.00615	0.00471	0.00479	0.00118	0.10955	0.00281	0.00209	0.00596
3	0.00608	0.00476	0.00547	0.00556	0.00677	0.00420	0.00408	0.00752	0.01127	0.01452	0.25825	0.16377	0.42564	0.03505	0.00626	0.00173	0.00254	0.02778	0.00463	0.00412
4	0.01168	0.02565	0.05590	0.00903	0.01183	0.04188	0.02982	0.21565	0.02753	0.03267	0.08799	0.10408	0.03590	0.00754	0.01537	0.00150	0.03741	0.03597	0.07880	0.13380
5	0.00907	0.00607	0.00832	0.00933	0.05086	0.00598	0.00710	0.05552	0.01132	0.07888	0.02344	0.28067	0.02531	0.01225	0.00610	0.00198	0.00400	0.39441	0.00445	0.00493
6	0.01897	0.00969	0.07564	0.00959	0.01349	0.00771	0.05734	0.02160	0.03544	0.63722	0.04963	0.01640	0.01253	0.00586	0.00487	0.00150	0.00448	0.00493	0.00532	0.00778
7	0.01084	0.01110	0.01458	0.01254	0.01266	0.05602	0.01039	0.01190	0.00764	0.01151	0.00633	0.01036	0.00627	0.00819	0.01510	0.00205	0.78104	0.00413	0.00211	0.00524
8	0.00991	0.00850	0.00991	0.00708	0.01133	0.00637	0.00566	0.01203	0.00991	0.01557	0.00850	0.00991	0.00708	0.00354	0.00354	0.00071	0.00354	0.00283	0.00283	0.86124
9	0.01276	0.01070	0.01130	0.00990	0.01276	0.01230	0.00778	0.13116	0.68639	0.02140	0.01834	0.01695	0.01369	0.00638	0.00485	0.00160	0.00399	0.00525	0.00485	0.00764
10	0.00624	0.00517	0.00550	0.00536	0.00694	0.00459	0.00404	0.00838	0.05706	0.01459	0.19837	0.04228	0.60203	0.01131	0.00560	0.00159	0.00247	0.00952	0.00463	0.00434
11	0.01817	0.01339	0.01434	0.01100	0.01482	0.01482	0.00908	0.78627	0.02247	0.03012	0.01148	0.01148	0.00813	0.00574	0.00478	0.00143	0.00526	0.00430	0.00478	0.00813
12	0.00903	0.00850	0.01434	0.82054	0.03292	0.01062	0.01327	0.01221	0.00956	0.01221	0.00850	0.01274	0.00637	0.00478	0.00478	0.00159	0.00637	0.00425	0.00212	0.00531
13	0.00752	0.00599	0.00839	0.00801	0.00851	0.00726	0.00609	0.00872	0.00745	0.01075	0.01212	0.02012	0.01215	0.21335	0.48581	0.00596	0.15975	0.00537	0.00255	0.00413
14	0.01046	0.01046	0.01464	0.01255	0.01255	0.01464	0.01046	0.01150	0.00732	0.01150	0.00627	0.01046	0.00627	0.00837	0.01569	0.00209	0.82328	0.00418	0.00209	0.00523
15	0.01990	0.00776	0.01050	0.00817	0.01158	0.00674	0.00670	0.02179	0.01353	0.71841	0.07620	0.01776	0.01430	0.00619	0.00481	0.00147	0.00387	0.00508	0.03751	0.00773
16	0.00616	0.00483	0.00558	0.00546	0.00679	0.00424	0.00407	0.00782	0.01199	0.01569	0.38589	0.08225	0.41974	0.01120	0.00567	0.00158	0.00236	0.00962	0.00481	0.00424
17	0.00590	0.00429	0.00543	0.00630	0.00672	0.00397	0.00420	0.00671	0.00917	0.01202	0.02810	0.65783	0.12717	0.08881	0.00770	0.00214	0.00290	0.01254	0.00430	0.00381
18	0.01128	0.01289	0.02820	0.02015	0.02498	0.01209	0.78485	0.01531	0.01128	0.01531	0.00967	0.01289	0.00725	0.00403	0.00564	0.00161	0.00806	0.00564	0.00242	0.00645
19	0.00703	0.00536	0.00785	0.00775	0.00849	0.00632	0.00597	0.00857	0.00761	0.01098	0.01264	0.01930	0.01207	0.09531	0.71143	0.00716	0.05419	0.00521	0.00256	0.00421
20	0.00971	0.00903	0.01500	0.63211	0.17016	0.01069	0.01316	0.03490	0.01016	0.01334	0.00917	0.03517	0.00734	0.00500	0.00481	0.00157	0.00611	0.00451	0.00231	0.00576
21	0.07258	0.03268	0.03551	0.01060	0.10166	0.00900	0.00778	0.13589	0.02613	0.18879	0.02668	0.04035	0.05130	0.00641	0.02120	0.00145	0.00441	0.01796	0.02190	0.18771
22	0.03512	0.06692	0.09724	0.02431	0.14356	0.08749	0.02510	0.01361	0.07774	0.01486	0.13060	0.01894	0.06341	0.08790	0.00729	0.00176	0.05512	0.00525	0.00316	0.04062
23	0.08689	0.09530	0.16028	0.00995	0.02688	0.01023	0.04623	0.05528	0.06689	0.14793	0.03509	0.01424	0.05530	0.00542	0.00464	0.00136	0.02771	0.00428	0.00348	0.14260

[dist]
# distance from previous block
# <min> <max>
0	26

[block]
# block no. 5 follows, 53 sequences, length 20
# corresponding to MSA columns:
# 366-385
name=unknown_F
#
# <colnr> <probs for GDERKNQSTAVLIFYWHMCP>
#	G	D	E	R	K	N	Q	S	T	A	V	L	I	F	Y	W	H	M	C	P
0	0.01276	0.02819	0.07575	0.03444	0.04580	0.30566	0.06360	0.04535	0.01220	0.01456	0.09463	0.02809	0.02932	0.00627	0.01927	0.00143	0.02816	0.01951	0.00296	0.13206
1	0.06983	0.04959	0.16734	0.00947	0.01383	0.02467	0.02611	0.15786	0.01237	0.03451	0.02318	0.04824	0.00875	0.00495	0.00415	0.00118	0.00478	0.00391	0.00317	0.33210
2	0.01288	0.01320	0.13421	0.01789	0.30610	0.01109	0.04265	0.15560	0.03632	0.03291	0.01367	0.01539	0.06086	0.00575	0.00500	0.00155	0.00551	0.00481	0.05424	0.07037
3	0.86579	0.00924	0.00702	0.00629	0.00924	0.01072	0.00518	0.01405	0.00813	0.02144	0.00666	0.00776	0.00518	0.00444	0.00296	0.00148	0.00370	0.00259	0.00296	0.00518
4	0.00735	0.00444	0.00583	0.00599	0.00609	0.00445	0.00384	0.00679	0.00707	0.00946	0.01394	0.12103	0.01555	0.35822	0.06005	0.33514	0.00464	0.02455	0.00278	0.00280
5	0.00683	0.00510	0.00756	0.00756	0.00837	0.00591	0.00582	0.00846	0.00764	0.01100	0.01292	0.01941	0.01222	0.07586	0.77345	0.00753	0.01239	0.00521	0.00258	0.00420
6	0.00593	0.00451	0.00547	0.00596	0.00682	0.00404	0.00419	0.00714	0.01049	0.01367	0.17137	0.43493	0.28195	0.01312	0.00587	0.00176	0.00257	0.01158	0.00458	0.00404
7	0.00707	0.00551	0.00743	0.00740	0.00825	0.02660	0.00562	0.00856	0.00792	0.01101	0.01469	0.02118	0.05198	0.11666	0.66956	0.00689	0.01132	0.00551	0.00269	0.00415
8	0.01278	0.83490	0.02505	0.00818	0.01227	0.01891	0.00818	0.01431	0.00971	0.01125	0.00664	0.00767	0.00613	0.00409	0.00307	0.00102	0.00511	0.00256	0.00204	0.00613
9	0.00589	0.00421	0.00563	0.00673	0.00704	0.00394	0.00456	0.00678	0.00922	0.01228	0.02631	0.80012	0.03146	0.01491	0.00612	0.00195	0.00283	0.04168	0.00444	0.00390
10	0.44074	0.11353	0.13718	0.00912	0.02729	0.06907	0.00846	0.10080	0.02518	0.01935	0.00783	0.00886	0.00605	0.00462	0.00359	0.00141	0.00496	0.00304	0.00289	0.00603
11	0.01817	0.01339	0.01434	0.01100	0.01482	0.01482	0.00908	0.78627	0.02247	0.03012	0.01148	0.01148	0.00813	0.00574	0.00478	0.00143	0.00526	0.00430	0.00478	0.00813
12	0.01189	0.01027	0.01081	0.00973	0.01243	0.01189	0.00757	0.02540	0.79357	0.01999	0.01945	0.01783	0.01459	0.00648	0.00486	0.00162	0.00378	0.00540	0.00486	0.00757
13	0.01038	0.01038	0.01486	0.01265	0.01282	0.01431	0.03445	0.01154	0.00745	0.01161	0.00657	0.01077	0.00647	0.00902	0.03823	0.00224	0.77465	0.00426	0.00211	0.00524
14	0.83213	0.00941	0.00732	0.00647	0.00946	0.01089	0.00533	0.04471	0.00870	0.02179	0.00685	0.00791	0.00529	0.00449	0.00303	0.00148	0.00376	0.00266	0.00303	0.00529
15	0.01214	0.01039	0.01095	0.00978	0.01252	0.01201	0.00763	0.05576	0.76280	0.02040	0.01914	0.01758	0.01433	0.00645	0.00486	0.00161	0.00384	0.00536	0.00486	0.00759
16	0.00694	0.00466	0.00535	0.00535	0.00539	0.00471	0.00306	0.00704	0.00699	0.00937	0.01494	0.03060	0.01708	0.78857	0.06738	0.00480	0.00508	0.00685	0.00288	0.00297
17	0.00675	0.00421	0.00584	0.00646	0.00671	0.00402	0.00434	0.00669	0.00848	0.01139	0.07880	0.48847	0.02461	0.01514	0.01039	0.29753	0.00321	0.00997	0.00369	0.00331
18	0.01785	0.02278	0.01354	0.01231	0.01478	0.81284	0.00924	0.01909	0.01354	0.01170	0.00739	0.00862	0.00616	0.00493	0.00431	0.00123	0.00862	0.00308	0.00246	0.00554
19	0.32978	0.01071	0.01426	0.07571	0.42925	0.03526	0.01087	0.01440	0.00985	0.01743	0.00804	0.01028	0.00655	0.00438	0.00406	0.00145	0.00508	0.00360	0.00257	0.00646

[dist]
# distance from previous block
# <min> <max>
0	1

[block]
# block no. 6 follows, 53 sequences, length 32
# corresponding to MSA columns:
# 387-400,402-419
name=unknown_G
#
# <colnr> <probs for GDERKNQSTAVLIFYWHMCP>
#	G	D	E	R	K	N	Q	S	T	A	V	L	I	F	Y	W	H	M	C	P
0	0.02825	0.05689	0.07709	0.01330	0.01634	0.29449	0.20118	0.02513	0.01133	0.01362	0.02338	0.01199	0.00800	0.00689	0.04861	0.00180	0.10255	0.01405	0.03936	0.00575
1	0.00955	0.00917	0.01592	0.66186	0.13583	0.01081	0.06388	0.01274	0.00985	0.01287	0.00864	0.01263	0.00659	0.00466	0.00483	0.00157	0.00639	0.00434	0.00218	0.00569
2	0.00594	0.00473	0.00535	0.00558	0.00680	0.00413	0.00411	0.00726	0.01091	0.01375	0.15498	0.21725	0.48645	0.01243	0.00579	0.00169	0.00255	0.04166	0.00456	0.00409
3	0.01086	0.01013	0.01606	0.15416	0.46676	0.00992	0.01207	0.01357	0.01041	0.01504	0.00878	0.01147	0.00724	0.00416	0.00443	0.00126	0.00523	0.00388	0.00245	0.23212
4	0.01187	0.02517	0.03642	0.00803	0.01218	0.00818	0.00672	0.13092	0.03040	0.06399	0.02388	0.01113	0.00832	0.00424	0.00389	0.00093	0.00396	0.00335	0.00336	0.60307
5	0.03224	0.01422	0.03235	0.18864	0.31583	0.22563	0.04654	0.06100	0.01194	0.01482	0.00857	0.01106	0.00688	0.00463	0.00463	0.00142	0.00667	0.00395	0.00249	0.00647
6	0.01004	0.00796	0.00935	0.00849	0.01023	0.01918	0.00673	0.03241	0.26426	0.05947	0.25712	0.02713	0.08593	0.00864	0.00665	0.00167	0.10640	0.06792	0.00459	0.00582
7	0.03218	0.00519	0.00740	0.00737	0.00820	0.00597	0.00562	0.00853	0.00762	0.01120	0.01286	0.01980	0.01233	0.12057	0.70434	0.00717	0.01166	0.00524	0.00261	0.00415
8	0.02761	0.00581	0.00695	0.00649	0.00808	0.00558	0.00501	0.02423	0.08313	0.06000	0.46920	0.03497	0.18536	0.00971	0.00550	0.00157	0.00272	0.04813	0.00499	0.00496
9	0.00924	0.00873	0.01485	0.71056	0.10055	0.01053	0.03004	0.01235	0.00970	0.01258	0.00905	0.03473	0.00718	0.00499	0.00483	0.00159	0.00625	0.00453	0.00221	0.00550
10	0.00633	0.00477	0.00596	0.00621	0.00724	0.00440	0.00464	0.00792	0.01121	0.01490	0.29340	0.23159	0.24260	0.01336	0.04817	0.00203	0.00318	0.08327	0.00461	0.00421
11	0.00991	0.00978	0.01729	0.40022	0.14082	0.01123	0.15663	0.01283	0.00967	0.01313	0.00877	0.01272	0.00705	0.00696	0.05673	0.00201	0.11167	0.00456	0.00224	0.00578
12	0.20417	0.06239	0.00830	0.02003	0.02054	0.00734	0.00531	0.02841	0.01214	0.01923	0.52166	0.02612	0.03128	0.00791	0.00480	0.00146	0.00297	0.00661	0.00441	0.00491
13	0.82079	0.00946	0.00741	0.00654	0.00954	0.01094	0.00538	0.05504	0.00890	0.02191	0.00691	0.00796	0.00533	0.00451	0.00305	0.00148	0.00378	0.00268	0.00305	0.00533
14	0.01000	0.00978	0.01376	0.01193	0.01204	0.01354	0.00989	0.01113	0.00737	0.01145	0.00710	0.01151	0.00699	0.01186	0.11694	0.00280	0.72036	0.00430	0.00215	0.00511
15	0.00782	0.00653	0.01044	0.00964	0.01139	0.00622	0.13845	0.01003	0.01097	0.01428	0.07970	0.06121	0.15471	0.05137	0.00707	0.00207	0.00451	0.40492	0.00406	0.00461
16	0.00585	0.00456	0.00523	0.00565	0.00662	0.00403	0.00396	0.00690	0.01013	0.01277	0.07843	0.35895	0.40984	0.05611	0.00681	0.00190	0.00267	0.01125	0.00440	0.00394
17	0.01092	0.01043	0.01776	0.28602	0.55264	0.01112	0.01422	0.01387	0.01045	0.01451	0.00883	0.01213	0.00718	0.00443	0.00475	0.00148	0.00590	0.00426	0.00229	0.00684
18	0.00654	0.00448	0.00539	0.00577	0.00593	0.00436	0.00354	0.00695	0.00809	0.01084	0.06025	0.31854	0.02395	0.49490	0.01679	0.00350	0.00384	0.00943	0.00357	0.00334
19	0.82443	0.00919	0.00722	0.00639	0.00939	0.01054	0.00527	0.01450	0.00841	0.05985	0.00725	0.00818	0.00550	0.00451	0.00305	0.00148	0.00372	0.00270	0.00310	0.00532
20	0.12335	0.00835	0.00779	0.00691	0.00901	0.07369	0.00540	0.11219	0.05303	0.09264	0.01417	0.04728	0.01117	0.00585	0.00388	0.00131	0.00360	0.00453	0.41029	0.00559
21	0.01817	0.01339	0.01434	0.01100	0.01482	0.01482	0.00908	0.78627	0.02247	0.03012	0.01148	0.01148	0.00813	0.00574	0.00478	0.00143	0.00526	0.00430	0.00478	0.00813
22	0.01318	0.01120	0.01639	0.01362	0.05741	0.01187	0.21605	0.12416	0.35667	0.07888	0.01506	0.02696	0.01130	0.00572	0.00524	0.00158	0.01799	0.00531	0.00410	0.00729
23	0.00916	0.00864	0.01458	0.78178	0.07060	0.01066	0.01334	0.01233	0.00962	0.01238	0.00852	0.01270	0.00643	0.00475	0.00478	0.00158	0.00634	0.00425	0.00214	0.00542
24	0.01256	0.01111	0.01428	0.02919	0.27737	0.05998	0.02255	0.15365	0.15530	0.03084	0.03617	0.08026	0.02444	0.02106	0.00583	0.00159	0.04792	0.00545	0.00359	0.00685
25	0.00687	0.00495	0.00684	0.00684	0.00740	0.00552	0.00492	0.00799	0.00743	0.01047	0.01357	0.02305	0.01380	0.30798	0.54349	0.00664	0.01001	0.00575	0.00268	0.00380
26	0.00577	0.00477	0.00494	0.00504	0.00650	0.00404	0.00372	0.00698	0.01075	0.01308	0.06094	0.12323	0.68966	0.01219	0.00564	0.00163	0.00245	0.01028	0.02435	0.00404
27	0.00610	0.00439	0.00571	0.00643	0.00694	0.00409	0.00442	0.00722	0.01002	0.01350	0.17823	0.58177	0.06631	0.05492	0.00692	0.00198	0.00279	0.02979	0.00452	0.00397
28	0.02645	0.01114	0.03201	0.01519	0.02926	0.02886	0.42775	0.03296	0.13094	0.01587	0.01392	0.13895	0.01245	0.00643	0.00566	0.00165	0.02484	0.01869	0.02083	0.00614
29	0.58835	0.00913	0.00844	0.00714	0.01030	0.00995	0.00587	0.03968	0.04381	0.22189	0.01047	0.01048	0.00737	0.00494	0.00357	0.00148	0.00384	0.00333	0.00385	0.00612
30	0.00969	0.00827	0.00968	0.00706	0.01109	0.00624	0.00560	0.01175	0.00987	0.01540	0.00944	0.05339	0.00838	0.00415	0.00368	0.00077	0.00350	0.00340	0.00292	0.81573
31	0.02384	0.18658	0.21567	0.00999	0.01421	0.03583	0.02214	0.06557	0.05089	0.02970	0.02594	0.05798	0.00925	0.00535	0.00475	0.00129	0.04857	0.00408	0.00284	0.18554

[dist]
# distance from previous block
# <min> <max>
3	5

[block]
# block no. 7 follows, 53 sequences, length 22
# corresponding to MSA columns:
# 425-446
name=unknown_H
#
# <colnr> <probs for GDERKNQSTAVLIFYWHMCP>
#	G	D	E	R	K	N	Q	S	T	A	V	L	I	F	Y	W	H	M	C	P
0	0.00952	0.02274	0.71563	0.01284	0.01947	0.01050	0.01624	0.01468	0.01019	0.01531	0.03479	0.01093	0.00743	0.00463	0.00450	0.00145	0.00662	0.00364	0.00219	0.07670
1	0.01711	0.03268	0.01398	0.01064	0.01423	0.01421	0.00875	0.69321	0.05412	0.02827	0.01250	0.05579	0.00962	0.00623	0.00481	0.00146	0.00506	0.00481	0.00470	0.00783
2	0.05709	0.08647	0.48319	0.02841	0.01722	0.03429	0.01331	0.01500	0.01030	0.07916	0.01028	0.05017	0.00820	0.00522	0.00440	0.00144	0.00600	0.01875	0.00262	0.06848
3	0.00620	0.00443	0.00598	0.00681	0.00721	0.00438	0.00473	0.00717	0.00882	0.01188	0.02308	0.58140	0.02692	0.09247	0.13768	0.00312	0.00465	0.05519	0.00399	0.00388
4	0.01442	0.01153	0.01223	0.01024	0.01339	0.01307	0.00818	0.33221	0.48264	0.02408	0.01624	0.01527	0.01198	0.00618	0.00483	0.00155	0.00438	0.00496	0.00483	0.00779
5	0.00630	0.00476	0.00584	0.00583	0.00695	0.00431	0.00428	0.00801	0.01193	0.01606	0.44167	0.16835	0.25556	0.01191	0.02497	0.00175	0.00264	0.00978	0.00483	0.00427
6	0.01282	0.01053	0.01118	0.00982	0.01267	0.01205	0.00771	0.10374	0.69106	0.04426	0.01861	0.01713	0.01384	0.00639	0.00485	0.00160	0.00394	0.00527	0.00489	0.00764
7	0.00981	0.02318	0.70555	0.01447	0.02125	0.01123	0.11782	0.01516	0.01025	0.01516	0.00872	0.01046	0.00621	0.00447	0.00468	0.00153	0.00719	0.00381	0.00207	0.00698
8	0.00604	0.00443	0.00573	0.00669	0.00725	0.00411	0.00475	0.00711	0.00963	0.01257	0.02922	0.62105	0.13592	0.01435	0.00610	0.00193	0.00294	0.11176	0.00443	0.00397
9	0.01126	0.01078	0.01838	0.18924	0.64673	0.01121	0.01439	0.01417	0.01062	0.01493	0.00889	0.01201	0.00733	0.00436	0.00474	0.00145	0.00582	0.00426	0.00232	0.00711
10	0.03458	0.01872	0.45454	0.01533	0.04729	0.01093	0.24523	0.01534	0.01065	0.06004	0.01073	0.01243	0.03245	0.00470	0.00488	0.00154	0.00690	0.00444	0.00247	0.00681
11	0.00999	0.00956	0.01615	0.10197	0.29216	0.02508	0.14221	0.01257	0.01052	0.01426	0.01459	0.10345	0.03563	0.00737	0.00596	0.00170	0.04975	0.13818	0.00296	0.00596
12	0.01060	0.00868	0.01430	0.57225	0.10150	0.01005	0.03212	0.01348	0.01022	0.10255	0.01186	0.01481	0.04999	0.00531	0.00507	0.00158	0.02245	0.00466	0.00271	0.00580
13	0.01135	0.01172	0.15717	0.08274	0.15838	0.02512	0.10773	0.01430	0.01104	0.13702	0.05142	0.13896	0.01433	0.00698	0.00517	0.00161	0.00542	0.04981	0.00341	0.00631
14	0.01113	0.04156	0.16771	0.05256	0.11987	0.04812	0.16102	0.06732	0.02733	0.04715	0.04505	0.13750	0.01259	0.00653	0.00541	0.00157	0.03228	0.00593	0.00308	0.00630
15	0.01001	0.07465	0.33422	0.09711	0.09693	0.01104	0.16491	0.01400	0.01040	0.01449	0.01096	0.03322	0.00945	0.00561	0.00496	0.00158	0.00652	0.09110	0.00246	0.00638
16	0.00903	0.00864	0.06995	0.01253	0.16513	0.03130	0.04602	0.03569	0.01065	0.05023	0.03714	0.40846	0.07518	0.01024	0.00550	0.00170	0.00420	0.00926	0.00379	0.00537
17	0.02930	0.01297	0.23731	0.08129	0.09983	0.01943	0.07009	0.01464	0.02104	0.14990	0.06590	0.10617	0.04647	0.00670	0.00500	0.00157	0.00531	0.01727	0.00344	0.00637
18	0.01123	0.03209	0.37026	0.03999	0.13580	0.03644	0.03964	0.01513	0.02407	0.10372	0.03448	0.07182	0.01119	0.00603	0.00487	0.00155	0.00591	0.04612	0.00298	0.00668
19	0.01053	0.00828	0.01324	0.45715	0.05137	0.00951	0.04728	0.03040	0.01036	0.10118	0.01279	0.04473	0.04003	0.00694	0.03154	0.00179	0.04544	0.02274	0.04911	0.00561
20	0.01144	0.08252	0.32017	0.06857	0.11954	0.01107	0.08493	0.01503	0.01047	0.10298	0.01108	0.03129	0.02567	0.00526	0.00530	0.00151	0.05557	0.00438	0.02654	0.00667
21	0.01040	0.04791	0.16250	0.16738	0.13097	0.00936	0.05670	0.02881	0.01080	0.08516	0.03063	0.11199	0.06896	0.00700	0.00504	0.00159	0.00532	0.05025	0.00317	0.00605

[dist]
# distance from previous block
# <min> <max>
5	61

[block]
# block no. 8 follows, 53 sequences, length 17
# corresponding to MSA columns:
# 508-524
name=unknown_I
#
# <colnr> <probs for GDERKNQSTAVLIFYWHMCP>
#	G	D	E	R	K	N	Q	S	T	A	V	L	I	F	Y	W	H	M	C	P
0	0.01024	0.01483	0.27146	0.09944	0.33111	0.01057	0.08044	0.01392	0.01041	0.01481	0.01054	0.07326	0.00919	0.00539	0.00490	0.00154	0.00615	0.02263	0.00244	0.00674
1	0.01154	0.03119	0.14150	0.20515	0.19761	0.02965	0.10814	0.02911	0.01090	0.09614	0.01125	0.07222	0.00924	0.00542	0.00486	0.00152	0.00597	0.00499	0.01711	0.00649
2	0.01108	0.01583	0.32083	0.13456	0.18508	0.04039	0.06118	0.01481	0.01068	0.08020	0.01179	0.04104	0.04078	0.00529	0.00480	0.00152	0.00620	0.00462	0.00266	0.00667
3	0.00995	0.04803	0.64675	0.10064	0.02168	0.03783	0.04038	0.01493	0.01017	0.01459	0.00850	0.01034	0.00613	0.00455	0.00455	0.00150	0.00701	0.00363	0.00206	0.00678
4	0.01381	0.08045	0.33807	0.01237	0.01712	0.23619	0.04605	0.10550	0.01280	0.06073	0.02769	0.01074	0.00763	0.00493	0.00448	0.00139	0.00691	0.00371	0.00278	0.00667
5	0.01041	0.06845	0.35530	0.15221	0.05290	0.01109	0.15798	0.01450	0.01047	0.04773	0.02804	0.02688	0.00864	0.00507	0.00483	0.00154	0.00656	0.02847	0.00248	0.00646
6	0.86579	0.00924	0.00702	0.00629	0.00924	0.01072	0.00518	0.01405	0.00813	0.02144	0.00666	0.00776	0.00518	0.00444	0.00296	0.00148	0.00370	0.00259	0.00296	0.00518
7	0.00615	0.00483	0.00524	0.00513	0.00659	0.00419	0.00385	0.00771	0.01155	0.01490	0.24911	0.04147	0.54752	0.01107	0.00550	0.00155	0.00236	0.00935	0.05773	0.00419
8	0.01467	0.50367	0.02053	0.00933	0.01319	0.05783	0.00849	0.25369	0.04793	0.01748	0.00873	0.00933	0.00712	0.00475	0.00374	0.00119	0.00528	0.00325	0.00303	0.00678
9	0.00830	0.00415	0.00623	0.00623	0.00623	0.00415	0.00415	0.00623	0.00623	0.00830	0.00830	0.01453	0.00830	0.01660	0.01868	0.86094	0.00415	0.00415	0.00208	0.00208
10	0.86579	0.00924	0.00702	0.00629	0.00924	0.01072	0.00518	0.01405	0.00813	0.02144	0.00666	0.00776	0.00518	0.00444	0.00296	0.00148	0.00370	0.00259	0.00296	0.00518
11	0.00746	0.00534	0.00734	0.00837	0.00937	0.00529	0.00712	0.00943	0.01067	0.01388	0.02558	0.11747	0.04794	0.04779	0.00728	0.00227	0.00422	0.65457	0.00434	0.00428
12	0.64964	0.00918	0.00846	0.00730	0.01033	0.01024	0.02913	0.01594	0.06490	0.11931	0.00970	0.01098	0.00736	0.00500	0.00351	0.00151	0.00390	0.02439	0.00349	0.00573
13	0.01050	0.25593	0.58403	0.01207	0.01828	0.01333	0.01495	0.01490	0.00998	0.01403	0.00803	0.00940	0.00608	0.00441	0.00412	0.00137	0.00651	0.00325	0.00203	0.00680
14	0.01262	0.79425	0.06429	0.00845	0.01269	0.01852	0.00865	0.01435	0.00973	0.01144	0.00674	0.00779	0.00613	0.00411	0.00314	0.00105	0.00521	0.00260	0.00204	0.00618
15	0.02144	0.00813	0.01109	0.00850	0.01220	0.00702	0.00702	0.02329	0.01368	0.80552	0.01886	0.01627	0.01183	0.00592	0.00481	0.00148	0.00407	0.00481	0.00592	0.00813
16	0.01261	0.58649	0.18731	0.00972	0.01427	0.09470	0.01026	0.01495	0.01016	0.01210	0.00712	0.00827	0.00612	0.00427	0.00350	0.00115	0.00586	0.00281	0.00208	0.00627

[dist]
# distance from previous block
# <min> <max>
0	1

[block]
# block no. 9 follows, 53 sequences, length 53
# corresponding to MSA columns:
# 526-578
name=unknown_J
#
# <colnr> <probs for GDERKNQSTAVLIFYWHMCP>
#	G	D	E	R	K	N	Q	S	T	A	V	L	I	F	Y	W	H	M	C	P
0	0.00963	0.07878	0.70495	0.01279	0.01928	0.01123	0.01621	0.01471	0.01028	0.01512	0.05679	0.01149	0.00845	0.00483	0.00451	0.00148	0.00664	0.00378	0.00222	0.00684
1	0.00975	0.06668	0.76675	0.01334	0.02025	0.01150	0.01717	0.01509	0.01007	0.01494	0.00848	0.00997	0.00606	0.00452	0.00446	0.00149	0.00696	0.00348	0.00202	0.00702
2	0.01159	0.06903	0.06024	0.00933	0.01258	0.01122	0.00785	0.03541	0.52038	0.03168	0.04964	0.01616	0.01357	0.00590	0.00456	0.00143	0.00401	0.00484	0.00424	0.12632
3	0.01255	0.77759	0.08038	0.00856	0.01286	0.01836	0.00885	0.01437	0.00974	0.01152	0.00678	0.00784	0.00613	0.00412	0.00317	0.00106	0.00525	0.00262	0.00204	0.00620
4	0.00590	0.00424	0.00562	0.00670	0.00705	0.00396	0.00455	0.00680	0.00928	0.01231	0.02692	0.77365	0.05307	0.01482	0.00611	0.00194	0.00283	0.04591	0.00444	0.00391
5	0.01530	0.01115	0.01353	0.01089	0.01423	0.02736	0.08249	0.27144	0.27864	0.15061	0.02817	0.01667	0.01219	0.00622	0.00498	0.00155	0.00482	0.03754	0.00471	0.00751
6	0.00986	0.06720	0.59927	0.01294	0.01841	0.01204	0.01550	0.01428	0.00964	0.01434	0.02632	0.01061	0.00700	0.00534	0.00653	0.00159	0.15668	0.00371	0.00211	0.00662
7	0.01785	0.02278	0.01354	0.01231	0.01478	0.81284	0.00924	0.01909	0.01354	0.01170	0.00739	0.00862	0.00616	0.00493	0.00431	0.00123	0.00862	0.00308	0.00246	0.00554
8	0.00991	0.00850	0.00991	0.00708	0.01133	0.00637	0.00566	0.01203	0.00991	0.01557	0.00850	0.00991	0.00708	0.00354	0.00354	0.00071	0.00354	0.00283	0.00283	0.86124
9	0.00686	0.00499	0.00704	0.00704	0.00767	0.00562	0.00517	0.00812	0.00749	0.01062	0.01339	0.02205	0.01337	0.24416	0.60672	0.00688	0.01067	0.00560	0.00265	0.00391
10	0.02144	0.00813	0.01109	0.00850	0.01220	0.00702	0.00702	0.02329	0.01368	0.80552	0.01886	0.01627	0.01183	0.00592	0.00481	0.00148	0.00407	0.00481	0.00592	0.00813
11	0.01312	0.00991	0.01456	0.01161	0.02982	0.01005	0.18770	0.21476	0.08688	0.10650	0.14287	0.01924	0.02744	0.00638	0.00509	0.00151	0.00485	0.03009	0.07102	0.00662
12	0.01100	0.00922	0.00988	0.00904	0.01143	0.01036	0.00706	0.06672	0.56732	0.01896	0.02238	0.05862	0.09125	0.02468	0.00551	0.00173	0.00376	0.05957	0.00473	0.00678
13	0.02991	0.01588	0.01264	0.01101	0.01374	0.39773	0.03256	0.02076	0.20782	0.15075	0.03211	0.01307	0.01023	0.00565	0.00485	0.00141	0.02548	0.00419	0.00372	0.00648
14	0.01696	0.14135	0.03068	0.01170	0.01453	0.65944	0.00924	0.03916	0.01316	0.01220	0.00741	0.00859	0.00620	0.00482	0.00415	0.00121	0.00798	0.00304	0.00246	0.00573
15	0.00987	0.09550	0.73893	0.01315	0.01995	0.01178	0.01683	0.01506	0.01006	0.01480	0.00841	0.00988	0.00606	0.00450	0.00441	0.00147	0.00689	0.00345	0.00202	0.00698
16	0.01025	0.14347	0.65911	0.01295	0.01944	0.02763	0.03383	0.01510	0.01013	0.01450	0.00830	0.00977	0.00610	0.00447	0.00435	0.00144	0.00683	0.00343	0.00204	0.00688
17	0.00582	0.00416	0.00555	0.00666	0.00693	0.00388	0.00444	0.00666	0.00915	0.01220	0.02634	0.82891	0.03161	0.01497	0.00610	0.00194	0.00277	0.01359	0.00444	0.00388
18	0.00687	0.00491	0.00663	0.00659	0.00715	0.00533	0.00467	0.00798	0.00797	0.01118	0.08910	0.02511	0.01717	0.33357	0.43824	0.00594	0.00871	0.00615	0.00295	0.00377
19	0.00586	0.00432	0.00539	0.00622	0.00674	0.00396	0.00419	0.00671	0.00934	0.01215	0.02978	0.63176	0.17513	0.06571	0.00716	0.00205	0.00282	0.01251	0.00434	0.00385
20	0.01293	0.63757	0.10526	0.00923	0.01342	0.07315	0.00930	0.04143	0.02329	0.01248	0.00727	0.00833	0.00634	0.00436	0.00361	0.00113	0.01958	0.00283	0.00221	0.00627
21	0.01290	0.81622	0.02478	0.00827	0.01233	0.03717	0.00820	0.01442	0.00980	0.01126	0.00666	0.00769	0.00613	0.00411	0.00310	0.00103	0.00519	0.00257	0.00205	0.00612
22	0.00991	0.00850	0.00991	0.00708	0.01133	0.00637	0.00566	0.01203	0.00991	0.01557	0.00850	0.00991	0.00708	0.00354	0.00354	0.00071	0.00354	0.00283	0.00283	0.86124
23	0.01183	0.01136	0.01940	0.02934	0.80221	0.01136	0.01467	0.01467	0.01088	0.01562	0.00899	0.01183	0.00757	0.00426	0.00473	0.00142	0.00568	0.00426	0.00237	0.00757
24	0.01175	0.01128	0.01926	0.05054	0.78159	0.01134	0.01463	0.01460	0.01085	0.01552	0.00898	0.01185	0.00754	0.00427	0.00473	0.00142	0.00570	0.00426	0.00236	0.00751
25	0.01413	0.01016	0.01117	0.00962	0.01260	0.01128	0.00760	0.09127	0.58783	0.16048	0.01865	0.01700	0.01354	0.00632	0.00485	0.00158	0.00396	0.00520	0.00504	0.00772
26	0.00582	0.00416	0.00555	0.00666	0.00693	0.00388	0.00444	0.00666	0.00915	0.01220	0.02634	0.82891	0.03161	0.01497	0.00610	0.00194	0.00277	0.01359	0.00444	0.00388
27	0.00906	0.00854	0.01434	0.80185	0.03245	0.01071	0.01321	0.01220	0.00951	0.01220	0.00844	0.01269	0.00637	0.00486	0.00503	0.00160	0.02526	0.00425	0.00212	0.00531
28	0.77577	0.00915	0.00752	0.00678	0.00947	0.01073	0.00561	0.01371	0.00821	0.02052	0.00745	0.00996	0.00623	0.00506	0.00390	0.00155	0.05382	0.03644	0.00297	0.00515
29	0.00752	0.00453	0.00624	0.00624	0.00644	0.00473	0.00417	0.00700	0.00680	0.00927	0.01153	0.02092	0.01208	0.28397	0.20627	0.38536	0.00633	0.00528	0.00245	0.00285
30	0.00700	0.00474	0.00562	0.00571	0.00587	0.00482	0.00354	0.00732	0.00734	0.00983	0.01569	0.03203	0.01773	0.69844	0.09024	0.00470	0.00531	0.06795	0.00299	0.00313
31	0.00972	0.05923	0.77394	0.01339	0.02033	0.01143	0.01726	0.01510	0.01007	0.01497	0.00850	0.00999	0.00606	0.00452	0.00448	0.00149	0.00698	0.00349	0.00202	0.00702
32	0.00903	0.00850	0.01434	0.82054	0.03292	0.01062	0.01327	0.01221	0.00956	0.01221	0.00850	0.01274	0.00637	0.00478	0.00478	0.00159	0.00637	0.00425	0.00212	0.00531
33	0.00959	0.02472	0.80726	0.01362	0.02069	0.01110	0.01766	0.01514	0.01009	0.01514	0.00858	0.01009	0.00605	0.00454	0.00454	0.00151	0.00706	0.00353	0.00202	0.00706
34	0.86579	0.00924	0.00702	0.00629	0.00924	0.01072	0.00518	0.01405	0.00813	0.02144	0.00666	0.00776	0.00518	0.00444	0.00296	0.00148	0.00370	0.00259	0.00296	0.00518
35	0.00776	0.00830	0.09315	0.00937	0.01060	0.00798	0.02884	0.00948	0.00837	0.01201	0.01490	0.25793	0.01593	0.04112	0.26295	0.00380	0.19253	0.00733	0.00296	0.00469
36	0.01223	0.35646	0.31777	0.01132	0.01629	0.08460	0.04059	0.06211	0.01096	0.01406	0.00783	0.00916	0.00627	0.00455	0.00427	0.00130	0.02820	0.00323	0.00225	0.00654
37	0.00587	0.00418	0.00553	0.00659	0.00686	0.00391	0.00437	0.00667	0.00906	0.01208	0.02586	0.79493	0.03101	0.04978	0.00688	0.00206	0.00285	0.01331	0.00437	0.00384
38	0.01092	0.10911	0.30279	0.01419	0.01884	0.03705	0.23459	0.03915	0.02280	0.01483	0.03110	0.03268	0.00838	0.00526	0.00600	0.00155	0.09736	0.00454	0.00244	0.00642
39	0.00684	0.00509	0.00753	0.00753	0.00833	0.00589	0.00579	0.00844	0.00764	0.01098	0.01294	0.01954	0.01228	0.08450	0.76488	0.00750	0.01230	0.00523	0.00258	0.00418
40	0.01174	0.22687	0.04800	0.04734	0.22230	0.05070	0.22457	0.01451	0.01065	0.01388	0.00939	0.01340	0.00813	0.00486	0.00492	0.00143	0.02753	0.05091	0.00240	0.00644
41	0.00986	0.00633	0.00689	0.00645	0.00810	0.00667	0.00492	0.01524	0.23332	0.05311	0.14066	0.04825	0.01873	0.00683	0.00429	0.00136	0.00277	0.00571	0.41500	0.00549
42	0.01107	0.24071	0.47251	0.01167	0.01724	0.04940	0.01361	0.01624	0.09753	0.01448	0.00922	0.01024	0.00703	0.00465	0.00417	0.00138	0.00624	0.00346	0.00236	0.00680
43	0.00983	0.06518	0.68433	0.04923	0.02105	0.01154	0.06386	0.01498	0.01012	0.01482	0.00854	0.01025	0.00615	0.00450	0.00454	0.00150	0.00699	0.00364	0.00205	0.00690
44	0.01080	0.00897	0.01565	0.17695	0.22142	0.00908	0.14700	0.01344	0.01079	0.09735	0.03264	0.14100	0.01398	0.00703	0.00530	0.00164	0.00543	0.07219	0.00326	0.00608
45	0.50649	0.01196	0.09337	0.02423	0.01250	0.01178	0.00776	0.22464	0.01242	0.04326	0.00852	0.00934	0.00627	0.00485	0.00370	0.00147	0.00454	0.00324	0.00342	0.00626
46	0.00963	0.00782	0.00983	0.00983	0.09295	0.04722	0.04301	0.02562	0.02332	0.06676	0.12830	0.06016	0.16891	0.09793	0.00721	0.00180	0.00406	0.05979	0.00384	0.13204
47	0.84388	0.00921	0.00713	0.00634	0.00932	0.01063	0.00522	0.01429	0.00828	0.04179	0.00697	0.00799	0.00535	0.00448	0.00301	0.00148	0.00371	0.00265	0.00303	0.00525
48	0.01198	0.01197	0.02191	0.01693	0.05177	0.02585	0.48239	0.12503	0.06366	0.01764	0.02760	0.01765	0.01072	0.00553	0.00551	0.00163	0.00680	0.08573	0.00318	0.00653
49	0.00686	0.00470	0.00545	0.00545	0.00564	0.00474	0.00327	0.00711	0.00727	0.00969	0.01686	0.03084	0.06464	0.69659	0.10772	0.00478	0.00537	0.00695	0.00295	0.00311
50	0.00714	0.00472	0.00609	0.00642	0.00732	0.00432	0.00460	0.00854	0.01093	0.06293	0.25140	0.43684	0.11064	0.01241	0.00580	0.00175	0.00270	0.03068	0.02041	0.00436
51	0.00932	0.00485	0.00489	0.00474	0.00598	0.00491	0.00359	0.04523	0.01057	0.01836	0.01541	0.01754	0.01207	0.00558	0.00340	0.00113	0.00236	0.00445	0.82101	0.00462
52	0.00986	0.00818	0.01346	0.32931	0.25199	0.00904	0.01092	0.02934	0.00928	0.01249	0.00865	0.01297	0.00733	0.00811	0.00884	0.25318	0.00549	0.00422	0.00224	0.00510

[dist]
# distance from previous block
# <min> <max>
0	8

[block]
# block no. 10 follows, 53 sequences, length 7
# corresponding to MSA columns:
# 587-593
name=unknown_K
#
# <colnr> <probs for GDERKNQSTAVLIFYWHMCP>
#	G	D	E	R	K	N	Q	S	T	A	V	L	I	F	Y	W	H	M	C	P
0	0.00642	0.00482	0.00595	0.00578	0.00696	0.00435	0.00429	0.00832	0.01256	0.01713	0.56000	0.09731	0.22710	0.01072	0.00567	0.00156	0.00233	0.00936	0.00500	0.00435
1	0.01121	0.25681	0.36478	0.01103	0.01599	0.08059	0.03371	0.04661	0.01103	0.01435	0.04397	0.01314	0.06702	0.00526	0.00426	0.00135	0.00603	0.00400	0.00251	0.00636
2	0.00587	0.00425	0.00556	0.00650	0.00692	0.00393	0.00439	0.00682	0.00955	0.01271	0.07898	0.72602	0.08194	0.01445	0.00604	0.00189	0.00272	0.01304	0.00449	0.00393
3	0.00991	0.00850	0.00991	0.00708	0.01133	0.00637	0.00566	0.01203	0.00991	0.01557	0.00850	0.00991	0.00708	0.00354	0.00354	0.00071	0.00354	0.00283	0.00283	0.86124
