[name]
unknown

[dist]
# distance from previous block
# <min> <max>
6	234

[block]
# block no. 0 follows, 52 sequences, length 10
# corresponding to MSA columns:
# 246-255
name=unknown_A
#
# <colnr> <probs for GDERKNQSTAVLIFYWHMCP>
#	G	D	E	R	K	N	Q	S	T	A	V	L	I	F	Y	W	H	M	C	P
0	0.00612	0.00488	0.00549	0.00544	0.00681	0.00424	0.00404	0.00768	0.01182	0.01517	0.29842	0.09735	0.49207	0.01168	0.00576	0.00162	0.00242	0.00998	0.00478	0.00424
1	0.00668	0.00525	0.00757	0.17758	0.01270	0.00547	0.00651	0.00811	0.00955	0.01252	0.02399	0.57648	0.06547	0.01277	0.00591	0.00189	0.00364	0.04963	0.00400	0.00428
2	0.18622	0.04682	0.56114	0.01256	0.01861	0.01150	0.06810	0.01510	0.00989	0.01655	0.00831	0.00986	0.00604	0.00453	0.00430	0.00152	0.00646	0.00350	0.00227	0.00669
3	0.01131	0.00987	0.01492	0.59002	0.08600	0.01172	0.01267	0.17488	0.01255	0.01646	0.00929	0.01258	0.00692	0.00501	0.00484	0.00157	0.00617	0.00432	0.00274	0.00615
4	0.00892	0.00686	0.00803	0.00722	0.00888	0.00706	0.00556	0.13008	0.06940	0.01880	0.36093	0.05519	0.18335	0.03790	0.03863	0.00193	0.03339	0.00792	0.00473	0.00521
5	0.01157	0.01133	0.01999	0.10779	0.59528	0.01137	0.11390	0.01462	0.01092	0.01544	0.00914	0.01216	0.00749	0.00432	0.00488	0.00146	0.00607	0.00445	0.00240	0.03544
6	0.01733	0.01250	0.01353	0.01038	0.01414	0.01349	0.00854	0.65290	0.02076	0.05421	0.01185	0.01201	0.00850	0.00563	0.00467	0.00138	0.00498	0.00426	0.05028	0.07864
7	0.01161	0.49593	0.35025	0.01059	0.01600	0.01587	0.01230	0.01486	0.01001	0.01305	0.00755	0.00880	0.00619	0.00434	0.00373	0.00124	0.00601	0.00300	0.00206	0.00661
8	0.00932	0.00878	0.01484	0.77145	0.07865	0.01081	0.01354	0.01253	0.00977	0.01259	0.00864	0.01287	0.00653	0.00481	0.00484	0.00160	0.00642	0.00431	0.00217	0.00552
9	0.05448	0.00613	0.00725	0.00643	0.00812	0.00579	0.00480	0.04775	0.01191	0.06963	0.35330	0.02938	0.10596	0.14894	0.03795	0.00222	0.00358	0.00713	0.00441	0.08482

[dist]
# distance from previous block
# <min> <max>
1	6

[block]
# block no. 1 follows, 52 sequences, length 16
# corresponding to MSA columns:
# 263-278
name=unknown_B
#
# <colnr> <probs for GDERKNQSTAVLIFYWHMCP>
#	G	D	E	R	K	N	Q	S	T	A	V	L	I	F	Y	W	H	M	C	P
0	0.07014	0.01005	0.01089	0.00840	0.01212	0.07695	0.02344	0.05119	0.03985	0.17968	0.05048	0.01286	0.01022	0.00480	0.00414	0.00110	0.00428	0.00381	0.00377	0.42184
1	0.04074	0.42545	0.39027	0.01082	0.01634	0.01517	0.01270	0.01489	0.00997	0.01361	0.00766	0.00893	0.00615	0.00437	0.00381	0.00129	0.00606	0.00306	0.00209	0.00663
2	0.04844	0.02436	0.76844	0.01347	0.02045	0.01124	0.01733	0.01530	0.01014	0.01564	0.00861	0.01012	0.00610	0.00460	0.00453	0.00153	0.00701	0.00354	0.00209	0.00708
3	0.01296	0.83261	0.02539	0.00829	0.01244	0.01917	0.00829	0.01451	0.00985	0.01140	0.00674	0.00777	0.00622	0.00415	0.00311	0.00104	0.00518	0.00259	0.00207	0.00622
4	0.00905	0.00783	0.01295	0.67121	0.02845	0.00960	0.01174	0.01156	0.00929	0.01219	0.00898	0.01343	0.00703	0.00640	0.00654	0.10960	0.00595	0.00431	0.04896	0.00492
5	0.00915	0.00861	0.01453	0.81804	0.03338	0.01077	0.01346	0.01238	0.00969	0.01238	0.00861	0.01292	0.00646	0.00484	0.00484	0.00161	0.00646	0.00431	0.00215	0.00538
6	0.00915	0.00861	0.01453	0.81804	0.03338	0.01077	0.01346	0.01238	0.00969	0.01238	0.00861	0.01292	0.00646	0.00484	0.00484	0.00161	0.00646	0.00431	0.00215	0.00538
7	0.00915	0.00861	0.01453	0.81804	0.03338	0.01077	0.01346	0.01238	0.00969	0.01238	0.00861	0.01292	0.00646	0.00484	0.00484	0.00161	0.00646	0.00431	0.00215	0.00538
8	0.01205	0.01041	0.01096	0.00986	0.01260	0.01205	0.00767	0.02575	0.79071	0.02027	0.01972	0.01808	0.01479	0.00657	0.00493	0.00164	0.00384	0.00548	0.00493	0.00767
9	0.00573	0.00491	0.00491	0.00491	0.00655	0.00409	0.00368	0.00695	0.01105	0.01309	0.04909	0.04664	0.79750	0.01227	0.00573	0.00164	0.00245	0.01023	0.00450	0.00409
10	0.00573	0.00491	0.00491	0.00491	0.00655	0.00409	0.00368	0.00695	0.01105	0.01309	0.04909	0.04664	0.79750	0.01227	0.00573	0.00164	0.00245	0.01023	0.00450	0.00409
11	0.00677	0.00495	0.00636	0.00600	0.00719	0.00454	0.00450	0.00898	0.01351	0.01894	0.73919	0.03700	0.10375	0.01009	0.00572	0.00153	0.00230	0.00888	0.00527	0.00454
12	0.00972	0.02507	0.80458	0.01381	0.02097	0.01125	0.01790	0.01535	0.01023	0.01535	0.00870	0.01023	0.00614	0.00460	0.00460	0.00153	0.00716	0.00358	0.00205	0.00716
13	0.01199	0.01151	0.01967	0.02974	0.79946	0.01151	0.01487	0.01487	0.01103	0.01583	0.00912	0.01199	0.00768	0.00432	0.00480	0.00144	0.00576	0.00432	0.00240	0.00768
14	0.01234	0.01211	0.01890	0.02777	0.71563	0.05666	0.01420	0.01567	0.05034	0.01583	0.00956	0.01212	0.00795	0.00447	0.00478	0.00144	0.00583	0.00431	0.00253	0.00756
15	0.04338	0.02143	0.01346	0.01204	0.01469	0.70328	0.00912	0.06066	0.01407	0.05288	0.00828	0.00926	0.00661	0.00507	0.00438	0.00128	0.00818	0.00326	0.00281	0.00588

[dist]
# distance from previous block
# <min> <max>
0	1

[block]
# block no. 2 follows, 52 sequences, length 135
# corresponding to MSA columns:
# 280-414
name=unknown_C
#
# <colnr> <probs for GDERKNQSTAVLIFYWHMCP>
#	G	D	E	R	K	N	Q	S	T	A	V	L	I	F	Y	W	H	M	C	P
0	0.73395	0.10290	0.00945	0.00683	0.00994	0.04382	0.00576	0.01448	0.00865	0.02018	0.00678	0.00790	0.00540	0.00448	0.00307	0.00144	0.00411	0.00264	0.00287	0.00537
1	0.01589	0.01224	0.01311	0.01061	0.01400	0.01374	0.00859	0.50055	0.28489	0.02644	0.01444	0.01407	0.01060	0.00701	0.02956	0.00171	0.00505	0.00477	0.00481	0.00793
2	0.00694	0.00512	0.00743	0.00743	0.00817	0.00586	0.00561	0.00842	0.00768	0.01098	0.01331	0.02086	0.01291	0.15044	0.69748	0.00734	0.01179	0.00546	0.00264	0.00413
3	0.86392	0.00937	0.00712	0.00637	0.00937	0.01087	0.00525	0.01425	0.00825	0.02174	0.00675	0.00787	0.00525	0.00450	0.00300	0.00150	0.00375	0.00262	0.00300	0.00525
4	0.00705	0.00470	0.00529	0.00529	0.00529	0.00470	0.00294	0.00705	0.00705	0.00940	0.01527	0.03171	0.01762	0.82969	0.02467	0.00470	0.00470	0.00705	0.00294	0.00294
5	0.01225	0.01051	0.01107	0.00990	0.01268	0.01214	0.00772	0.04896	0.76718	0.02059	0.01948	0.01788	0.01459	0.00655	0.00493	0.00164	0.00388	0.00544	0.00493	0.00769
6	0.00590	0.00424	0.00560	0.00670	0.00702	0.00394	0.00448	0.00675	0.00932	0.01239	0.02729	0.80635	0.05186	0.01511	0.00617	0.00196	0.00280	0.01368	0.00450	0.00394
7	0.01144	0.01307	0.02859	0.02042	0.02533	0.01225	0.78186	0.01552	0.01144	0.01552	0.00980	0.01307	0.00735	0.00408	0.00572	0.00163	0.00817	0.00572	0.00245	0.00654
8	0.01842	0.01357	0.01454	0.01115	0.01503	0.01503	0.00921	0.78330	0.02278	0.03054	0.01163	0.01163	0.00824	0.00582	0.00485	0.00145	0.00533	0.00436	0.00485	0.00824
9	0.00692	0.00519	0.00779	0.00779	0.00865	0.00606	0.00606	0.00865	0.00779	0.01125	0.01298	0.01904	0.01211	0.03634	0.81049	0.00779	0.01298	0.00519	0.00260	0.00433
10	0.86392	0.00937	0.00712	0.00637	0.00937	0.01087	0.00525	0.01425	0.00825	0.02174	0.00675	0.00787	0.00525	0.00450	0.00300	0.00150	0.00375	0.00262	0.00300	0.00525
11	0.00573	0.00491	0.00491	0.00491	0.00655	0.00409	0.00368	0.00695	0.01105	0.01309	0.04909	0.04664	0.79750	0.01227	0.00573	0.00164	0.00245	0.01023	0.00450	0.00409
12	0.01060	0.01060	0.01484	0.01272	0.01272	0.01484	0.01060	0.01166	0.00742	0.01166	0.00636	0.01060	0.00636	0.00848	0.01590	0.00212	0.82082	0.00424	0.00212	0.00530
13	0.00692	0.00519	0.00779	0.00779	0.00865	0.00606	0.00606	0.00865	0.00779	0.01125	0.01298	0.01904	0.01211	0.03634	0.81049	0.00779	0.01298	0.00519	0.00260	0.00433
14	0.01199	0.01151	0.01967	0.02974	0.79946	0.01151	0.01487	0.01487	0.01103	0.01583	0.00912	0.01199	0.00768	0.00432	0.00480	0.00144	0.00576	0.00432	0.00240	0.00768
15	0.01098	0.01048	0.01784	0.31032	0.52679	0.01125	0.01437	0.01399	0.01056	0.01460	0.00894	0.01232	0.00724	0.00451	0.00481	0.00150	0.00601	0.00431	0.00231	0.00686
16	0.01015	0.13321	0.70024	0.01307	0.01983	0.01232	0.01662	0.01523	0.01018	0.01482	0.00843	0.00990	0.00615	0.00454	0.00440	0.00147	0.00690	0.00345	0.00205	0.00704
17	0.04423	0.01354	0.07650	0.01981	0.06953	0.01216	0.63803	0.01532	0.01111	0.01567	0.00949	0.01256	0.00719	0.00426	0.00575	0.00162	0.02889	0.00534	0.00243	0.00656
18	0.00972	0.02507	0.80458	0.01381	0.02097	0.01125	0.01790	0.01535	0.01023	0.01535	0.00870	0.01023	0.00614	0.00460	0.00460	0.00153	0.00716	0.00358	0.00205	0.00716
19	0.00592	0.00487	0.00520	0.00522	0.00669	0.00416	0.00388	0.00729	0.01136	0.01406	0.16686	0.09484	0.62872	0.01208	0.00575	0.00164	0.00245	0.01022	0.00463	0.00416
20	0.00972	0.02507	0.80458	0.01381	0.02097	0.01125	0.01790	0.01535	0.01023	0.01535	0.00870	0.01023	0.00614	0.00460	0.00460	0.00153	0.00716	0.00358	0.00205	0.00716
21	0.00759	0.00543	0.00750	0.00827	0.00939	0.00534	0.00706	0.00983	0.01175	0.01565	0.20456	0.05038	0.03203	0.01258	0.00647	0.00207	0.00396	0.59100	0.00466	0.00449
22	0.00601	0.00492	0.00530	0.00521	0.00672	0.00421	0.00390	0.00750	0.01171	0.01468	0.23612	0.04403	0.60948	0.01168	0.00572	0.00161	0.00241	0.00986	0.00471	0.00421
23	0.01205	0.01041	0.01096	0.00986	0.01260	0.01205	0.00767	0.02575	0.79071	0.02027	0.01972	0.01808	0.01479	0.00657	0.00493	0.00164	0.00384	0.00548	0.00493	0.00767
24	0.00692	0.00519	0.00779	0.00779	0.00865	0.00606	0.00606	0.00865	0.00779	0.01125	0.01298	0.01904	0.01211	0.03634	0.81049	0.00779	0.01298	0.00519	0.00260	0.00433
25	0.00686	0.00495	0.00648	0.00610	0.00724	0.00457	0.00457	0.00914	0.01372	0.01943	0.79691	0.03620	0.04572	0.00991	0.00572	0.00152	0.00229	0.00876	0.00533	0.00457
26	0.01283	0.80145	0.05545	0.00850	0.01277	0.01887	0.00866	0.01454	0.00986	0.01155	0.00681	0.00787	0.00622	0.00416	0.00317	0.00106	0.00526	0.00263	0.00207	0.00626
27	0.00785	0.00657	0.00992	0.00918	0.00999	0.00802	0.03679	0.00947	0.00783	0.01143	0.01161	0.01759	0.01098	0.05965	0.58901	0.00629	0.17570	0.00509	0.00251	0.00456
28	0.00681	0.00495	0.00640	0.00604	0.00721	0.00455	0.00453	0.00904	0.01359	0.01914	0.76185	0.03669	0.08096	0.01002	0.00572	0.00153	0.00229	0.00883	0.00530	0.00455
29	0.01047	0.21157	0.62463	0.01254	0.01900	0.01308	0.01568	0.01515	0.01014	0.01444	0.00824	0.00966	0.00616	0.00450	0.00426	0.00142	0.00670	0.00335	0.00205	0.00694
30	0.04986	0.00584	0.00808	0.00781	0.00910	0.00654	0.00613	0.01050	0.03860	0.05388	0.03160	0.01932	0.01290	0.03012	0.64127	0.00647	0.01104	0.02249	0.00300	0.02544
31	0.06706	0.68765	0.08292	0.00905	0.01338	0.01778	0.03866	0.01460	0.00983	0.01252	0.00700	0.00817	0.00619	0.00420	0.00332	0.00113	0.00535	0.00279	0.00214	0.00624
32	0.86392	0.00937	0.00712	0.00637	0.00937	0.01087	0.00525	0.01425	0.00825	0.02174	0.00675	0.00787	0.00525	0.00450	0.00300	0.00150	0.00375	0.00262	0.00300	0.00525
33	0.01070	0.00859	0.01012	0.00726	0.01153	0.00650	0.00582	0.01284	0.01026	0.05947	0.00920	0.01041	0.00745	0.00372	0.00366	0.00076	0.00362	0.00298	0.00304	0.81208
34	0.02174	0.00825	0.01125	0.00862	0.01237	0.00712	0.00712	0.02362	0.01387	0.80282	0.01912	0.01649	0.01200	0.00600	0.00487	0.00150	0.00412	0.00487	0.00600	0.00825
35	0.01030	0.00586	0.00793	0.00731	0.00859	0.00607	0.00544	0.02697	0.00915	0.17732	0.01490	0.02201	0.01360	0.25842	0.39818	0.00545	0.00857	0.00564	0.00345	0.00483
36	0.03391	0.00940	0.01527	0.34872	0.31920	0.01016	0.01241	0.01426	0.01065	0.10361	0.01174	0.05193	0.02704	0.00543	0.00487	0.00155	0.00559	0.00491	0.00287	0.00648
37	0.02158	0.00851	0.01141	0.00874	0.01250	0.00751	0.00722	0.06044	0.01430	0.76538	0.01876	0.01626	0.01181	0.00599	0.00487	0.00150	0.00418	0.00485	0.00594	0.00825
38	0.86392	0.00937	0.00712	0.00637	0.00937	0.01087	0.00525	0.01425	0.00825	0.02174	0.00675	0.00787	0.00525	0.00450	0.00300	0.00150	0.00375	0.00262	0.00300	0.00525
39	0.00781	0.00558	0.00781	0.00892	0.01004	0.00558	0.00781	0.01004	0.01116	0.01450	0.02566	0.05466	0.02789	0.01339	0.00669	0.00223	0.00446	0.76685	0.00446	0.00446
40	0.00915	0.00861	0.01453	0.81804	0.03338	0.01077	0.01346	0.01238	0.00969	0.01238	0.00861	0.01292	0.00646	0.00484	0.00484	0.00161	0.00646	0.00431	0.00215	0.00538
41	0.00977	0.02470	0.78081	0.01401	0.02111	0.01129	0.04131	0.01535	0.01027	0.01535	0.00873	0.01032	0.00618	0.00459	0.00464	0.00154	0.00719	0.00365	0.00206	0.00714
42	0.86392	0.00937	0.00712	0.00637	0.00937	0.01087	0.00525	0.01425	0.00825	0.02174	0.00675	0.00787	0.00525	0.00450	0.00300	0.00150	0.00375	0.00262	0.00300	0.00525
43	0.01296	0.83261	0.02539	0.00829	0.01244	0.01917	0.00829	0.01451	0.00985	0.01140	0.00674	0.00777	0.00622	0.00415	0.00311	0.00104	0.00518	0.00259	0.00207	0.00622
44	0.00686	0.00495	0.00648	0.00610	0.00724	0.00457	0.00457	0.00914	0.01372	0.01943	0.79691	0.03620	0.04572	0.00991	0.00572	0.00152	0.00229	0.00876	0.00533	0.00457
45	0.00573	0.00491	0.00491	0.00491	0.00655	0.00409	0.00368	0.00695	0.01105	0.01309	0.04909	0.04664	0.79750	0.01227	0.00573	0.00164	0.00245	0.01023	0.00450	0.00409
46	0.00590	0.00422	0.00562	0.00675	0.00703	0.00394	0.00450	0.00675	0.00928	0.01237	0.02671	0.82653	0.03205	0.01518	0.00619	0.00197	0.00281	0.01378	0.00450	0.00394
47	0.01842	0.01357	0.01454	0.01115	0.01503	0.01503	0.00921	0.78330	0.02278	0.03054	0.01163	0.01163	0.00824	0.00582	0.00485	0.00145	0.00533	0.00436	0.00485	0.00824
48	0.00573	0.00491	0.00491	0.00491	0.00655	0.00409	0.00368	0.00695	0.01105	0.01309	0.04909	0.04664	0.79750	0.01227	0.00573	0.00164	0.00245	0.01023	0.00450	0.00409
49	0.01810	0.02310	0.01373	0.01248	0.01498	0.81024	0.00936	0.01935	0.01373	0.01186	0.00749	0.00874	0.00624	0.00499	0.00437	0.00125	0.00874	0.00312	0.00250	0.00562
50	0.86392	0.00937	0.00712	0.00637	0.00937	0.01087	0.00525	0.01425	0.00825	0.02174	0.00675	0.00787	0.00525	0.00450	0.00300	0.00150	0.00375	0.00262	0.00300	0.00525
51	0.03179	0.00979	0.01305	0.04302	0.02979	0.01207	0.03642	0.07581	0.15219	0.03400	0.04276	0.01695	0.03172	0.00953	0.06040	0.00223	0.34680	0.04240	0.00331	0.00597
52	0.01217	0.59309	0.24026	0.00990	0.01485	0.03320	0.01097	0.01484	0.01003	0.01250	0.00729	0.00847	0.00620	0.00429	0.00355	0.00118	0.00580	0.00288	0.00207	0.00647
53	0.00761	0.00545	0.00753	0.00833	0.00945	0.00537	0.00713	0.00985	0.01169	0.01554	0.18760	0.05079	0.03163	0.01266	0.00649	0.00208	0.00401	0.60767	0.00465	0.00449
54	0.01061	0.24799	0.58948	0.01229	0.01862	0.01344	0.01525	0.01512	0.01013	0.01426	0.00816	0.00955	0.00616	0.00448	0.00419	0.00140	0.00662	0.00331	0.00205	0.00690
55	0.01067	0.01018	0.01719	0.38182	0.42632	0.01131	0.01407	0.01363	0.01029	0.01413	0.00878	0.01235	0.00708	0.00471	0.00525	0.00154	0.03752	0.00431	0.00228	0.00656
56	0.02061	0.00850	0.01121	0.00877	0.01240	0.00770	0.00719	0.02387	0.10436	0.71166	0.01919	0.01668	0.01232	0.00607	0.00488	0.00152	0.00409	0.00494	0.00587	0.00818
57	0.01259	0.74200	0.11282	0.00891	0.01340	0.01829	0.00937	0.01460	0.00989	0.01184	0.00696	0.00805	0.00621	0.00420	0.00328	0.00109	0.00540	0.00270	0.00207	0.00632
58	0.01060	0.01060	0.01484	0.01272	0.01272	0.01484	0.01060	0.01166	0.00742	0.01166	0.00636	0.01060	0.00636	0.00848	0.01590	0.00212	0.82082	0.00424	0.00212	0.00530
59	0.01404	0.01080	0.01767	0.02479	0.61376	0.01061	0.01306	0.01699	0.03187	0.18120	0.01149	0.01310	0.00877	0.00473	0.00482	0.00146	0.00536	0.00446	0.00322	0.00780
60	0.01424	0.02894	0.01165	0.00983	0.01281	0.05107	0.00776	0.06454	0.57165	0.14433	0.01831	0.01680	0.01339	0.00631	0.00485	0.00158	0.00423	0.00514	0.00491	0.00766
61	0.00585	0.00445	0.00539	0.00614	0.00687	0.00399	0.00423	0.00682	0.00987	0.01261	0.03416	0.56704	0.28674	0.01421	0.00603	0.00186	0.00269	0.01260	0.00450	0.00399
62	0.00686	0.00495	0.00648	0.00610	0.00724	0.00457	0.00457	0.00914	0.01372	0.01943	0.79691	0.03620	0.04572	0.00991	0.00572	0.00152	0.00229	0.00876	0.00533	0.00457
63	0.01591	0.18492	0.08732	0.01152	0.01485	0.48634	0.00979	0.05453	0.06657	0.01354	0.00849	0.00946	0.00691	0.00494	0.00420	0.00127	0.00738	0.00328	0.00265	0.00614
64	0.01012	0.00548	0.00673	0.00618	0.00703	0.00531	0.00405	0.01065	0.00854	0.17614	0.01590	0.02756	0.01602	0.59664	0.08004	0.00426	0.00520	0.00645	0.00355	0.00416
65	0.00573	0.00491	0.00491	0.00491	0.00655	0.00409	0.00368	0.00695	0.01105	0.01309	0.04909	0.04664	0.79750	0.01227	0.00573	0.00164	0.00245	0.01023	0.00450	0.00409
66	0.01328	0.01374	0.01859	0.02593	0.62199	0.15996	0.02635	0.03434	0.01183	0.01545	0.00889	0.01140	0.00742	0.00448	0.00473	0.00141	0.00634	0.00412	0.00248	0.00729
67	0.05960	0.01939	0.01425	0.01225	0.01516	0.55336	0.05839	0.12678	0.01456	0.05525	0.00908	0.01054	0.00720	0.00522	0.00452	0.00134	0.00767	0.01626	0.00306	0.00614
68	0.00903	0.00452	0.00452	0.00452	0.00565	0.00452	0.00339	0.01129	0.01016	0.01807	0.01581	0.01807	0.01242	0.00565	0.00339	0.00113	0.00226	0.00452	0.85659	0.00452
69	0.01287	0.81171	0.04556	0.00843	0.01266	0.01897	0.00854	0.01453	0.00986	0.01150	0.00679	0.00784	0.00622	0.00416	0.00315	0.00105	0.00523	0.00262	0.00207	0.00624
70	0.01630	0.01261	0.01293	0.01057	0.01393	0.06346	0.00850	0.39971	0.30494	0.08240	0.01491	0.01419	0.01081	0.00606	0.00485	0.00151	0.00491	0.00473	0.00481	0.00787
71	0.00915	0.00861	0.01453	0.81804	0.03338	0.01077	0.01346	0.01238	0.00969	0.01238	0.00861	0.01292	0.00646	0.00484	0.00484	0.00161	0.00646	0.00431	0.00215	0.00538
72	0.00781	0.00558	0.00781	0.00892	0.01004	0.00558	0.00781	0.01004	0.01116	0.01450	0.02566	0.05466	0.02789	0.01339	0.00669	0.00223	0.00446	0.76685	0.00446	0.00446
73	0.00915	0.00861	0.01453	0.81804	0.03338	0.01077	0.01346	0.01238	0.00969	0.01238	0.00861	0.01292	0.00646	0.00484	0.00484	0.00161	0.00646	0.00431	0.00215	0.00538
74	0.00762	0.00552	0.00755	0.00856	0.00972	0.00544	0.00743	0.00976	0.01115	0.01437	0.02779	0.05393	0.09783	0.01329	0.00661	0.00218	0.00428	0.69809	0.00447	0.00443
75	0.00686	0.00495	0.00648	0.00610	0.00724	0.00457	0.00457	0.00914	0.01372	0.01943	0.79691	0.03620	0.04572	0.00991	0.00572	0.00152	0.00229	0.00876	0.00533	0.00457
76	0.00686	0.00495	0.00648	0.00610	0.00724	0.00457	0.00457	0.00914	0.01372	0.01943	0.79691	0.03620	0.04572	0.00991	0.00572	0.00152	0.00229	0.00876	0.00533	0.00457
77	0.00906	0.00675	0.00775	0.00748	0.00897	0.00680	0.00553	0.20492	0.01310	0.01716	0.02756	0.45485	0.18670	0.01218	0.00575	0.00177	0.00338	0.01063	0.00459	0.00507
78	0.00705	0.00470	0.00529	0.00529	0.00529	0.00470	0.00294	0.00705	0.00705	0.00940	0.01527	0.03171	0.01762	0.82969	0.02467	0.00470	0.00470	0.00705	0.00294	0.00294
79	0.00972	0.02507	0.80458	0.01381	0.02097	0.01125	0.01790	0.01535	0.01023	0.01535	0.00870	0.01023	0.00614	0.00460	0.00460	0.00153	0.00716	0.00358	0.00205	0.00716
80	0.01296	0.83261	0.02539	0.00829	0.01244	0.01917	0.00829	0.01451	0.00985	0.01140	0.00674	0.00777	0.00622	0.00415	0.00311	0.00104	0.00518	0.00259	0.00207	0.00622
81	0.00903	0.00452	0.00452	0.00452	0.00565	0.00452	0.00339	0.01129	0.01016	0.01807	0.01581	0.01807	0.01242	0.00565	0.00339	0.00113	0.00226	0.00452	0.85659	0.00452
82	0.00700	0.00493	0.00635	0.00600	0.00714	0.00457	0.00450	0.00928	0.01349	0.01935	0.74768	0.03506	0.04363	0.00964	0.00557	0.00150	0.00228	0.00850	0.05898	0.00457
83	0.00921	0.00867	0.01464	0.80156	0.04940	0.01078	0.01349	0.01243	0.00972	0.01245	0.00862	0.01290	0.00649	0.00483	0.00484	0.00161	0.00645	0.00431	0.00216	0.00543
84	0.01199	0.01151	0.01967	0.02974	0.79946	0.01151	0.01487	0.01487	0.01103	0.01583	0.00912	0.01199	0.00768	0.00432	0.00480	0.00144	0.00576	0.00432	0.00240	0.00768
85	0.00686	0.00495	0.00648	0.00610	0.00724	0.00457	0.00457	0.00914	0.01372	0.01943	0.79691	0.03620	0.04572	0.00991	0.00572	0.00152	0.00229	0.00876	0.00533	0.00457
86	0.01025	0.10252	0.69316	0.01342	0.02014	0.02842	0.03664	0.01535	0.01030	0.01490	0.00851	0.01004	0.00618	0.00455	0.00448	0.00148	0.00703	0.00353	0.00207	0.00702
87	0.00590	0.00422	0.00562	0.00675	0.00703	0.00394	0.00450	0.00675	0.00928	0.01237	0.02671	0.82653	0.03205	0.01518	0.00619	0.00197	0.00281	0.01378	0.00450	0.00394
88	0.01060	0.01060	0.01484	0.01272	0.01272	0.01484	0.01060	0.01166	0.00742	0.01166	0.00636	0.01060	0.00636	0.00848	0.01590	0.00212	0.82082	0.00424	0.00212	0.00530
89	0.00724	0.00519	0.00714	0.00823	0.00913	0.00509	0.00681	0.00907	0.01064	0.01389	0.02651	0.26519	0.04757	0.01385	0.00653	0.00214	0.00396	0.54303	0.00447	0.00431
90	0.00993	0.00941	0.01594	0.60284	0.24252	0.01097	0.01384	0.01306	0.01006	0.01332	0.00875	0.01267	0.00679	0.00470	0.00483	0.00157	0.00627	0.00431	0.00222	0.00601
91	0.00692	0.00519	0.00779	0.00779	0.00865	0.00606	0.00606	0.00865	0.00779	0.01125	0.01298	0.01904	0.01211	0.03634	0.81049	0.00779	0.01298	0.00519	0.00260	0.00433
92	0.00573	0.00489	0.00493	0.00496	0.00656	0.00409	0.00370	0.00695	0.01100	0.01307	0.04851	0.06688	0.77763	0.01235	0.00574	0.00165	0.00246	0.01032	0.00450	0.00409
93	0.01240	0.01837	0.23904	0.01761	0.07844	0.17948	0.35280	0.01623	0.01156	0.01473	0.00896	0.01130	0.00681	0.00444	0.00506	0.00151	0.00784	0.00448	0.00235	0.00660
94	0.00590	0.00431	0.00556	0.00652	0.00698	0.00397	0.00440	0.00682	0.00957	0.01259	0.04450	0.71955	0.12204	0.01474	0.00612	0.00192	0.00276	0.01326	0.00452	0.00397
95	0.01144	0.01307	0.02859	0.02042	0.02533	0.01225	0.78186	0.01552	0.01144	0.01552	0.00980	0.01307	0.00735	0.00408	0.00572	0.00163	0.00817	0.00572	0.00245	0.00654
96	0.01095	0.02950	0.04709	0.61716	0.02898	0.10899	0.01275	0.06269	0.01105	0.01358	0.00863	0.01210	0.00653	0.00490	0.00474	0.00154	0.00667	0.00410	0.00236	0.00569
97	0.01308	0.00715	0.00863	0.00772	0.01000	0.02740	0.00607	0.01589	0.08831	0.31577	0.09313	0.14925	0.15699	0.00946	0.00543	0.00166	0.00359	0.06923	0.00513	0.00612
98	0.00589	0.00427	0.00557	0.00661	0.00699	0.00395	0.00444	0.00676	0.00941	0.01243	0.02842	0.76681	0.09066	0.01496	0.00615	0.00194	0.00278	0.01350	0.00450	0.00395
99	0.01133	0.01305	0.04703	0.03609	0.07342	0.01231	0.65326	0.01519	0.01111	0.01525	0.00951	0.01278	0.00727	0.00439	0.00621	0.00165	0.05575	0.00546	0.00241	0.00653
100	0.04477	0.01392	0.01376	0.01111	0.01441	0.15086	0.04096	0.41948	0.09170	0.07438	0.01230	0.03326	0.00929	0.00594	0.00500	0.00147	0.02364	0.00453	0.02190	0.00731
101	0.01121	0.01071	0.01825	0.24736	0.58798	0.01131	0.01448	0.01418	0.01066	0.01488	0.00898	0.01225	0.00734	0.00446	0.00481	0.00149	0.00595	0.00431	0.00233	0.00704
102	0.00765	0.00564	0.00746	0.00834	0.00937	0.00570	0.00680	0.01057	0.08345	0.01458	0.04571	0.26384	0.02829	0.01316	0.00636	0.00209	0.00389	0.46794	0.00454	0.00462
103	0.16430	0.03376	0.03796	0.17926	0.01687	0.17157	0.00897	0.10530	0.04785	0.09066	0.04820	0.05344	0.01044	0.00585	0.00449	0.00149	0.00558	0.00450	0.00343	0.00608
104	0.00992	0.07596	0.75548	0.01346	0.02044	0.01175	0.01730	0.01529	0.01021	0.01510	0.00857	0.01008	0.00614	0.00458	0.00451	0.00150	0.00704	0.00352	0.00205	0.00710
105	0.00590	0.00422	0.00562	0.00675	0.00703	0.00394	0.00450	0.00675	0.00928	0.01237	0.02671	0.82653	0.03205	0.01518	0.00619	0.00197	0.00281	0.01378	0.00450	0.00394
106	0.00986	0.05934	0.77151	0.01358	0.02061	0.01159	0.01750	0.01531	0.01021	0.01518	0.00861	0.01013	0.00614	0.00458	0.00454	0.00151	0.00708	0.00354	0.00205	0.00712
107	0.00998	0.00990	0.01811	0.55427	0.12527	0.01117	0.17498	0.01335	0.01022	0.01346	0.00892	0.01284	0.00680	0.00462	0.00502	0.00160	0.00673	0.00460	0.00225	0.00591
108	0.00610	0.00453	0.00571	0.00651	0.00712	0.00421	0.00446	0.00743	0.03046	0.01314	0.07917	0.63606	0.14887	0.01418	0.00605	0.00188	0.00275	0.01270	0.00456	0.00410
109	0.01031	0.00679	0.00681	0.00633	0.00777	0.03770	0.00489	0.05110	0.10641	0.01830	0.01516	0.01692	0.01188	0.00592	0.00449	0.00128	0.05519	0.00456	0.62303	0.00518
110	0.00774	0.02516	0.21212	0.00828	0.01088	0.00634	0.00801	0.01014	0.01065	0.04477	0.13863	0.33002	0.14708	0.01066	0.00553	0.00170	0.00389	0.00930	0.00400	0.00509
111	0.00957	0.00904	0.01529	0.70211	0.14605	0.01088	0.01367	0.01275	0.00989	0.01289	0.00869	0.01278	0.00664	0.00477	0.00484	0.00159	0.00636	0.00431	0.00219	0.00572
112	0.00972	0.02507	0.80458	0.01381	0.02097	0.01125	0.01790	0.01535	0.01023	0.01535	0.00870	0.01023	0.00614	0.00460	0.00460	0.00153	0.00716	0.00358	0.00205	0.00716
113	0.00948	0.00899	0.01533	0.72376	0.10919	0.01087	0.02911	0.01269	0.00986	0.01279	0.00869	0.01283	0.00660	0.00478	0.00486	0.00160	0.00642	0.00434	0.00218	0.00563
114	0.01274	0.01763	0.31983	0.01510	0.02045	0.01258	0.25730	0.21470	0.01386	0.03232	0.00992	0.01161	0.00717	0.00488	0.00532	0.00156	0.02836	0.00450	0.00297	0.00721
115	0.00597	0.00451	0.00552	0.00619	0.00697	0.00407	0.00433	0.00707	0.01019	0.01317	0.09225	0.51454	0.26290	0.01387	0.00602	0.00184	0.00270	0.02929	0.00456	0.00404
116	0.00620	0.00437	0.00557	0.00642	0.00668	0.00414	0.00419	0.00688	0.00884	0.01175	0.02455	0.61611	0.04415	0.19951	0.01037	0.00258	0.00326	0.02654	0.00414	0.00372
117	0.00999	0.18839	0.36546	0.01178	0.01647	0.01142	0.06779	0.01372	0.01049	0.01430	0.01305	0.02218	0.01225	0.00690	0.00495	0.00163	0.00607	0.21423	0.00275	0.00617
118	0.68589	0.00948	0.00798	0.00697	0.01000	0.01079	0.00570	0.05344	0.06951	0.06995	0.00895	0.00960	0.00671	0.00484	0.00336	0.00150	0.00382	0.00311	0.02265	0.00575
119	0.01249	0.01315	0.01701	0.24374	0.42326	0.17902	0.01333	0.01513	0.01123	0.01405	0.00864	0.01157	0.00704	0.00461	0.00472	0.00145	0.00658	0.00406	0.00235	0.00661
120	0.00842	0.00421	0.00631	0.00631	0.00631	0.00421	0.00421	0.00631	0.00631	0.00842	0.00842	0.01473	0.00842	0.01684	0.01894	0.85901	0.00421	0.00421	0.00210	0.00210
121	0.01199	0.01151	0.01967	0.02974	0.79946	0.01151	0.01487	0.01487	0.01103	0.01583	0.00912	0.01199	0.00768	0.00432	0.00480	0.00144	0.00576	0.00432	0.00240	0.00768
122	0.01221	0.01049	0.01104	0.00989	0.01266	0.01213	0.00771	0.04401	0.77220	0.02052	0.01953	0.01792	0.01464	0.00656	0.00493	0.00164	0.00387	0.00545	0.00493	0.00768
123	0.01056	0.01054	0.01483	0.03740	0.01336	0.01472	0.01069	0.01168	0.00749	0.01168	0.00643	0.01067	0.00636	0.00837	0.01556	0.00210	0.79587	0.00424	0.00212	0.00530
124	0.01842	0.01357	0.01454	0.01115	0.01503	0.01503	0.00921	0.78330	0.02278	0.03054	0.01163	0.01163	0.00824	0.00582	0.00485	0.00145	0.00533	0.00436	0.00485	0.00824
125	0.00590	0.00422	0.00562	0.00675	0.00703	0.00394	0.00450	0.00675	0.00928	0.01237	0.02671	0.82653	0.03205	0.01518	0.00619	0.00197	0.00281	0.01378	0.00450	0.00394
126	0.01005	0.00861	0.01005	0.00718	0.01148	0.00646	0.00574	0.01220	0.01005	0.01579	0.00861	0.01005	0.00718	0.00359	0.00359	0.00072	0.00359	0.00287	0.00287	0.85932
127	0.02105	0.00937	0.01194	0.00915	0.01293	0.00878	0.00756	0.18313	0.01574	0.64066	0.01755	0.01547	0.01121	0.00596	0.00487	0.00149	0.00438	0.00477	0.00576	0.00825
128	0.00966	0.00955	0.01737	0.62915	0.03111	0.01097	0.17460	0.01304	0.01007	0.01313	0.00886	0.01288	0.00667	0.00465	0.00500	0.00160	0.00674	0.00457	0.00223	0.02817
129	0.01192	0.01144	0.01953	0.05056	0.77924	0.01149	0.01484	0.01481	0.01100	0.01574	0.00910	0.01202	0.00764	0.00433	0.00480	0.00144	0.00578	0.00432	0.00239	0.00762
130	0.01126	0.01077	0.01835	0.23290	0.60203	0.01132	0.01451	0.01423	0.01069	0.01494	0.00899	0.01223	0.00736	0.00445	0.00481	0.00148	0.00594	0.00431	0.00234	0.00709
131	0.06662	0.00994	0.01359	0.01428	0.19881	0.01005	0.03662	0.03396	0.22550	0.31513	0.01572	0.01515	0.01111	0.00560	0.00479	0.00153	0.00457	0.00480	0.00453	0.00771
132	0.02881	0.01285	0.01238	0.00991	0.01349	0.12231	0.00792	0.30739	0.16416	0.02178	0.01169	0.01196	0.00887	0.00521	0.00442	0.00126	0.00501	0.00396	0.00396	0.24266
133	0.01655	0.01438	0.01475	0.01259	0.05441	0.19522	0.06572	0.30378	0.08320	0.10159	0.02783	0.01258	0.00931	0.00567	0.00530	0.00146	0.04277	0.00438	0.00398	0.02456
134	0.02906	0.01230	0.01237	0.00976	0.01327	0.09746	0.00787	0.35634	0.06261	0.07590	0.02641	0.01228	0.00920	0.00538	0.00468	0.00128	0.02198	0.00404	0.03391	0.20392

[dist]
# distance from previous block
# <min> <max>
8	184

[block]
# block no. 3 follows, 52 sequences, length 9
# corresponding to MSA columns:
# 601-609
name=unknown_D
#
# <colnr> <probs for GDERKNQSTAVLIFYWHMCP>
#	G	D	E	R	K	N	Q	S	T	A	V	L	I	F	Y	W	H	M	C	P
0	0.11529	0.01446	0.09708	0.01250	0.01639	0.13572	0.16948	0.14291	0.09867	0.11058	0.01186	0.01331	0.00885	0.00535	0.00477	0.00152	0.00612	0.02467	0.00361	0.00685
1	0.14591	0.02818	0.07375	0.00925	0.01248	0.06505	0.02581	0.20879	0.04451	0.07331	0.04382	0.08364	0.08393	0.00703	0.00470	0.00150	0.00469	0.02682	0.00398	0.05284
2	0.05423	0.12983	0.08344	0.01027	0.01359	0.21386	0.03179	0.06362	0.13162	0.06204	0.01450	0.01613	0.07004	0.00670	0.02132	0.00155	0.00590	0.03885	0.00340	0.02732
3	0.09700	0.00777	0.00848	0.00774	0.00965	0.05266	0.01980	0.06142	0.04843	0.06743	0.06101	0.14672	0.11427	0.06173	0.14460	0.00282	0.00551	0.02130	0.00386	0.05779
4	0.10725	0.01121	0.05231	0.01039	0.01408	0.02887	0.11507	0.16658	0.09228	0.04138	0.01277	0.03856	0.03035	0.03035	0.00515	0.00146	0.00493	0.02207	0.00360	0.21137
5	0.00853	0.00672	0.00793	0.00764	0.00857	0.05377	0.00582	0.01062	0.04394	0.01283	0.01324	0.01897	0.01212	0.11500	0.41842	0.00504	0.07368	0.00509	0.16757	0.00451
6	0.00825	0.00474	0.00558	0.00554	0.00660	0.00492	0.00421	0.01037	0.00993	0.01644	0.09961	0.02028	0.01595	0.01409	0.21350	0.00290	0.00505	0.00515	0.54241	0.00447
7	0.00915	0.00861	0.01453	0.81804	0.03338	0.01077	0.01346	0.01238	0.00969	0.01238	0.00861	0.01292	0.00646	0.00484	0.00484	0.00161	0.00646	0.00431	0.00215	0.00538
8	0.01074	0.00902	0.01042	0.00751	0.01178	0.00717	0.00603	0.07576	0.01110	0.01701	0.00886	0.01018	0.00727	0.00377	0.00369	0.00078	0.00373	0.00299	0.00303	0.78916

[dist]
# distance from previous block
# <min> <max>
0	1

[block]
# block no. 4 follows, 52 sequences, length 10
# corresponding to MSA columns:
# 611-620
name=unknown_E
#
# <colnr> <probs for GDERKNQSTAVLIFYWHMCP>
#	G	D	E	R	K	N	Q	S	T	A	V	L	I	F	Y	W	H	M	C	P
0	0.00911	0.00668	0.00804	0.00766	0.00911	0.00697	0.00576	0.04664	0.16177	0.06633	0.20299	0.27539	0.10671	0.01064	0.00619	0.00173	0.04904	0.00914	0.00475	0.00536
1	0.01842	0.01357	0.01454	0.01115	0.01503	0.01503	0.00921	0.78330	0.02278	0.03054	0.01163	0.01163	0.00824	0.00582	0.00485	0.00145	0.00533	0.00436	0.00485	0.00824
2	0.01246	0.01215	0.09272	0.01027	0.01358	0.01209	0.00879	0.12868	0.57620	0.02092	0.01854	0.01742	0.04137	0.00647	0.00491	0.00161	0.00433	0.00530	0.00461	0.00757
3	0.01005	0.10798	0.72458	0.01325	0.02010	0.01207	0.01692	0.01526	0.01019	0.01494	0.00850	0.00998	0.00615	0.00456	0.00445	0.00148	0.00696	0.00348	0.00205	0.00707
4	0.01336	0.49969	0.02089	0.01006	0.01296	0.16180	0.00901	0.01474	0.01000	0.01154	0.00679	0.00859	0.00626	0.00528	0.00623	0.00132	0.19036	0.00306	0.00216	0.00590
5	0.00659	0.00473	0.00621	0.00640	0.00721	0.00441	0.00462	0.00831	0.01190	0.01653	0.48244	0.29674	0.03944	0.04269	0.00662	0.00182	0.00264	0.04148	0.00493	0.00430
6	0.07790	0.00836	0.01009	0.00984	0.06899	0.00847	0.00701	0.01811	0.25005	0.19835	0.01843	0.19870	0.01614	0.00781	0.00493	0.00158	0.00378	0.00669	0.00457	0.08023
7	0.06057	0.01052	0.01356	0.08363	0.25465	0.09748	0.03199	0.05892	0.01173	0.11783	0.01421	0.19636	0.01338	0.00720	0.00501	0.00157	0.00520	0.00634	0.00351	0.00635
8	0.03418	0.00708	0.00991	0.00866	0.01079	0.00708	0.07061	0.01412	0.10876	0.16331	0.11311	0.08392	0.10758	0.01491	0.18753	0.00304	0.00593	0.03952	0.00429	0.00567
9	0.01480	0.01381	0.05914	0.01429	0.13473	0.18888	0.08440	0.09813	0.05832	0.14480	0.01303	0.07348	0.01074	0.00604	0.00491	0.00147	0.00597	0.02562	0.00363	0.04381

[dist]
# distance from previous block
# <min> <max>
69	146

[block]
# block no. 5 follows, 52 sequences, length 16
# corresponding to MSA columns:
# 854-869
name=unknown_F
#
# <colnr> <probs for GDERKNQSTAVLIFYWHMCP>
#	G	D	E	R	K	N	Q	S	T	A	V	L	I	F	Y	W	H	M	C	P
0	0.05903	0.01196	0.03421	0.05974	0.28953	0.04148	0.06404	0.15723	0.05627	0.07431	0.01055	0.01214	0.00809	0.00503	0.00518	0.00146	0.04146	0.00428	0.00328	0.06073
1	0.05727	0.00965	0.01149	0.04256	0.03801	0.04940	0.03711	0.15446	0.06565	0.05241	0.09601	0.15368	0.01651	0.00778	0.00599	0.00157	0.07919	0.02018	0.00393	0.09715
2	0.07069	0.00967	0.01336	0.03566	0.10386	0.01141	0.05387	0.10273	0.01056	0.03063	0.01009	0.03274	0.00883	0.04138	0.02789	0.00194	0.29415	0.00463	0.11145	0.02445
3	0.05041	0.04533	0.04061	0.17271	0.08438	0.03036	0.05624	0.12499	0.06957	0.04966	0.00987	0.01193	0.00769	0.00550	0.00643	0.00153	0.13946	0.00417	0.00304	0.08610
4	0.01371	0.01152	0.01379	0.03751	0.03450	0.07270	0.06591	0.23198	0.08810	0.06084	0.03440	0.04027	0.01049	0.00698	0.02398	0.00167	0.13762	0.00482	0.03558	0.07362
5	0.01223	0.01001	0.01222	0.01043	0.03579	0.04475	0.06267	0.22750	0.04224	0.01908	0.01248	0.05298	0.01064	0.01005	0.10804	0.00223	0.07270	0.02172	0.11628	0.11598
6	0.04452	0.01080	0.01562	0.01314	0.04550	0.02708	0.13953	0.11018	0.05928	0.07566	0.04264	0.04034	0.01036	0.00791	0.03526	0.00197	0.30564	0.00508	0.00326	0.00623
7	0.32507	0.01389	0.01164	0.08549	0.01447	0.22773	0.00833	0.15688	0.01247	0.01894	0.00799	0.00951	0.00628	0.00526	0.00501	0.00149	0.07722	0.00338	0.00305	0.00592
8	0.03241	0.01202	0.01515	0.04661	0.01480	0.08316	0.06302	0.14272	0.01097	0.01538	0.00796	0.01117	0.00695	0.00834	0.04450	0.00210	0.46993	0.00427	0.00268	0.00587
9	0.07021	0.00779	0.00900	0.00838	0.00994	0.00843	0.00634	0.23802	0.01328	0.01867	0.05146	0.44264	0.02204	0.01101	0.00616	0.00177	0.05567	0.00939	0.00438	0.00542
10	0.00903	0.00452	0.00452	0.00452	0.00565	0.00452	0.00339	0.01129	0.01016	0.01807	0.01581	0.01807	0.01242	0.00565	0.00339	0.00113	0.00226	0.00452	0.85659	0.00452
11	0.03654	0.01526	0.01120	0.00999	0.01231	0.42217	0.00761	0.04571	0.02967	0.11048	0.21138	0.03621	0.01785	0.00666	0.00481	0.00139	0.00604	0.00511	0.00384	0.00576
12	0.01331	0.00851	0.01038	0.00758	0.01173	0.00664	0.00613	0.01539	0.01111	0.23535	0.01154	0.01185	0.00852	0.00426	0.00395	0.00094	0.00374	0.00343	0.00374	0.62189
13	0.00903	0.00452	0.00452	0.00452	0.00565	0.00452	0.00339	0.01129	0.01016	0.01807	0.01581	0.01807	0.01242	0.00565	0.00339	0.00113	0.00226	0.00452	0.85659	0.00452
14	0.00641	0.00499	0.00592	0.00633	0.00759	0.00451	0.00496	0.00796	0.01112	0.01403	0.11837	0.15300	0.41529	0.01271	0.00604	0.00182	0.00301	0.20716	0.00458	0.00422
15	0.14923	0.04219	0.01711	0.03685	0.04288	0.01200	0.22988	0.21122	0.04280	0.02034	0.00979	0.01134	0.00744	0.00464	0.00454	0.00139	0.00560	0.00421	0.00329	0.14327

[dist]
# distance from previous block
# <min> <max>
2	33

[block]
# block no. 6 follows, 52 sequences, length 34
# corresponding to MSA columns:
# 904-916,918-938
name=unknown_G
#
# <colnr> <probs for GDERKNQSTAVLIFYWHMCP>
#	G	D	E	R	K	N	Q	S	T	A	V	L	I	F	Y	W	H	M	C	P
0	0.05930	0.06088	0.01572	0.01205	0.01535	0.35570	0.13666	0.01670	0.01185	0.05934	0.00862	0.01015	0.00689	0.00474	0.00491	0.00127	0.04739	0.00361	0.00275	0.16614
1	0.29078	0.01050	0.01408	0.01176	0.05724	0.01091	0.16959	0.15269	0.03025	0.08184	0.03862	0.05317	0.00997	0.00549	0.00447	0.00151	0.00500	0.00471	0.00361	0.04381
2	0.01278	0.78777	0.06865	0.00860	0.01291	0.01874	0.00883	0.01456	0.00987	0.01162	0.00685	0.00791	0.00621	0.00417	0.00319	0.00106	0.00529	0.00265	0.00207	0.00627
3	0.11903	0.01795	0.01260	0.01099	0.01388	0.49094	0.00849	0.10328	0.03734	0.12683	0.00986	0.01033	0.00741	0.00521	0.00435	0.00135	0.00697	0.00352	0.00338	0.00629
4	0.18557	0.01074	0.00968	0.00864	0.01117	0.12243	0.00673	0.03265	0.28614	0.07968	0.15856	0.01849	0.03667	0.00663	0.00462	0.00152	0.00424	0.00522	0.00434	0.00629
5	0.01842	0.01357	0.01454	0.01115	0.01503	0.01503	0.00921	0.78330	0.02278	0.03054	0.01163	0.01163	0.00824	0.00582	0.00485	0.00145	0.00533	0.00436	0.00485	0.00824
6	0.00590	0.00422	0.00562	0.00675	0.00703	0.00394	0.00450	0.00675	0.00928	0.01237	0.02671	0.82653	0.03205	0.01518	0.00619	0.00197	0.00281	0.01378	0.00450	0.00394
7	0.01154	0.47877	0.36681	0.01071	0.01618	0.01570	0.01250	0.01488	0.01002	0.01313	0.00760	0.00885	0.00618	0.00435	0.00376	0.00125	0.00605	0.00302	0.00206	0.00663
8	0.02089	0.00806	0.01097	0.00848	0.01208	0.00698	0.00698	0.02279	0.01386	0.75802	0.06360	0.01762	0.01392	0.00622	0.00492	0.00150	0.00402	0.00510	0.00596	0.00804
9	0.00692	0.00519	0.00779	0.00779	0.00865	0.00606	0.00606	0.00865	0.00779	0.01125	0.01298	0.01904	0.01211	0.03634	0.81049	0.00779	0.01298	0.00519	0.00260	0.00433
10	0.01296	0.83261	0.02539	0.00829	0.01244	0.01917	0.00829	0.01451	0.00985	0.01140	0.00674	0.00777	0.00622	0.00415	0.00311	0.00104	0.00518	0.00259	0.00207	0.00622
11	0.00590	0.00422	0.00562	0.00675	0.00703	0.00394	0.00450	0.00675	0.00928	0.01237	0.02671	0.82653	0.03205	0.01518	0.00619	0.00197	0.00281	0.01378	0.00450	0.00394
12	0.02174	0.00825	0.01125	0.00862	0.01237	0.00712	0.00712	0.02362	0.01387	0.80282	0.01912	0.01649	0.01200	0.00600	0.00487	0.00150	0.00412	0.00487	0.00600	0.00825
13	0.01842	0.01357	0.01454	0.01115	0.01503	0.01503	0.00921	0.78330	0.02278	0.03054	0.01163	0.01163	0.00824	0.00582	0.00485	0.00145	0.00533	0.00436	0.00485	0.00824
14	0.01033	0.00878	0.01020	0.00731	0.01160	0.00675	0.00586	0.03834	0.01048	0.01629	0.00872	0.01010	0.00721	0.00366	0.00363	0.00074	0.00365	0.00292	0.00294	0.83046
15	0.00903	0.00452	0.00452	0.00452	0.00565	0.00452	0.00339	0.01129	0.01016	0.01807	0.01581	0.01807	0.01242	0.00565	0.00339	0.00113	0.00226	0.00452	0.85659	0.00452
16	0.00903	0.00452	0.00452	0.00452	0.00565	0.00452	0.00339	0.01129	0.01016	0.01807	0.01581	0.01807	0.01242	0.00565	0.00339	0.00113	0.00226	0.00452	0.85659	0.00452
17	0.01371	0.68540	0.02336	0.00899	0.01284	0.10113	0.00851	0.05373	0.01084	0.01242	0.00705	0.00814	0.00633	0.00443	0.00367	0.00111	0.02707	0.00278	0.00226	0.00623
18	0.01227	0.00929	0.01073	0.00803	0.01206	0.00803	0.00645	0.09445	0.09843	0.09416	0.01118	0.01173	0.00860	0.00438	0.00399	0.00097	0.00385	0.00351	0.00361	0.59429
19	0.01252	0.01472	0.05426	0.07339	0.01658	0.22459	0.09191	0.01433	0.00982	0.01235	0.00730	0.01052	0.00643	0.00664	0.01041	0.00177	0.42050	0.00407	0.00225	0.00561
20	0.00903	0.00452	0.00452	0.00452	0.00565	0.00452	0.00339	0.01129	0.01016	0.01807	0.01581	0.01807	0.01242	0.00565	0.00339	0.00113	0.00226	0.00452	0.85659	0.00452
21	0.00680	0.00495	0.00640	0.00604	0.00720	0.00455	0.00453	0.00903	0.01358	0.01911	0.75917	0.03673	0.08366	0.01003	0.00572	0.00153	0.00229	0.00884	0.00529	0.00455
22	0.01005	0.00861	0.01005	0.00718	0.01148	0.00646	0.00574	0.01220	0.01005	0.01579	0.00861	0.01005	0.00718	0.00359	0.00359	0.00072	0.00359	0.00287	0.00287	0.85932
23	0.01668	0.01387	0.01371	0.05179	0.01539	0.12452	0.00915	0.46579	0.15771	0.04497	0.01243	0.01256	0.00910	0.00585	0.00504	0.00148	0.02360	0.00440	0.00437	0.00757
24	0.01203	0.01018	0.01397	0.53862	0.02663	0.05348	0.01169	0.12699	0.05732	0.06997	0.01036	0.01300	0.00759	0.00515	0.00480	0.00155	0.00605	0.00433	0.00301	0.02327
25	0.00915	0.00861	0.01453	0.81804	0.03338	0.01077	0.01346	0.01238	0.00969	0.01238	0.00861	0.01292	0.00646	0.00484	0.00484	0.00161	0.00646	0.00431	0.00215	0.00538
26	0.01051	0.00968	0.01566	0.56238	0.19773	0.01137	0.01336	0.07126	0.01091	0.01448	0.00889	0.01255	0.00686	0.00491	0.00516	0.00158	0.02991	0.00431	0.00241	0.00610
27	0.01102	0.00991	0.01512	0.43901	0.17979	0.01159	0.01243	0.10466	0.06017	0.01586	0.03254	0.01343	0.00857	0.00535	0.00560	0.00159	0.05978	0.00451	0.00278	0.00629
28	0.01168	0.01418	0.22290	0.14203	0.06127	0.01180	0.01216	0.19976	0.02772	0.01844	0.07709	0.02910	0.01123	0.00630	0.00643	0.00163	0.11728	0.01922	0.00320	0.00659
29	0.01084	0.01043	0.01704	0.29664	0.30172	0.01214	0.04618	0.03341	0.01007	0.01406	0.00841	0.01203	0.00696	0.00548	0.00740	0.00166	0.19256	0.00436	0.00232	0.00631
30	0.01221	0.01263	0.03961	0.11692	0.10447	0.05273	0.26111	0.11399	0.01177	0.01600	0.00885	0.01187	0.00707	0.00554	0.00774	0.00168	0.20208	0.00468	0.00263	0.00641
31	0.01073	0.02981	0.05417	0.27264	0.32397	0.01210	0.04463	0.01352	0.00988	0.01382	0.00839	0.01189	0.00693	0.00527	0.00691	0.00163	0.16079	0.00428	0.00225	0.00640
32	0.01174	0.06972	0.06935	0.25057	0.26491	0.01250	0.02605	0.11291	0.01166	0.01598	0.00884	0.01165	0.00705	0.00505	0.00574	0.00152	0.08394	0.00414	0.00258	0.02410
33	0.01326	0.04181	0.22986	0.07124	0.04645	0.02362	0.03196	0.04651	0.04761	0.19588	0.03250	0.01463	0.00992	0.00613	0.00664	0.00163	0.13883	0.03127	0.00342	0.00683

[dist]
# distance from previous block
# <min> <max>
38	115

[block]
# block no. 7 follows, 52 sequences, length 18
# corresponding to MSA columns:
# 1088-1105
name=unknown_H
#
# <colnr> <probs for GDERKNQSTAVLIFYWHMCP>
#	G	D	E	R	K	N	Q	S	T	A	V	L	I	F	Y	W	H	M	C	P
0	0.27328	0.01190	0.01196	0.00976	0.01313	0.07922	0.05930	0.19700	0.17395	0.02163	0.01103	0.01151	0.00834	0.00516	0.00419	0.00143	0.00484	0.00390	0.00374	0.09477
1	0.00787	0.00716	0.01263	0.21625	0.01752	0.00739	0.16716	0.00999	0.00983	0.01302	0.01861	0.45143	0.02044	0.01026	0.00575	0.00181	0.00485	0.00970	0.00348	0.00484
