[name]
unknown

[dist]
# distance from previous block
# <min> <max>
0	75

[block]
# block no. 0 follows, 54 sequences, length 29
# corresponding to MSA columns:
# 82-110
name=unknown_A
#
# <colnr> <probs for GDERKNQSTAVLIFYWHMCP>
#	G	D	E	R	K	N	Q	S	T	A	V	L	I	F	Y	W	H	M	C	P
0	0.18481	0.18880	0.21966	0.00921	0.01323	0.04617	0.00944	0.05198	0.02816	0.08071	0.02483	0.01280	0.02600	0.02031	0.02458	0.00158	0.00529	0.02412	0.02220	0.00610
1	0.09316	0.21528	0.13352	0.01016	0.03327	0.14000	0.00928	0.11030	0.03024	0.09196	0.01009	0.01187	0.00802	0.00509	0.00404	0.00131	0.00551	0.03442	0.02947	0.02303
2	0.21855	0.08791	0.14882	0.01002	0.04508	0.04313	0.00902	0.17279	0.04471	0.08930	0.02525	0.01101	0.00804	0.00494	0.00401	0.00137	0.00489	0.00362	0.02548	0.04207
3	0.04784	0.10707	0.33919	0.01298	0.06196	0.01111	0.12576	0.04235	0.02584	0.03325	0.05050	0.02840	0.00917	0.00484	0.00444	0.00138	0.00585	0.00418	0.00263	0.08126
4	0.00672	0.00535	0.00601	0.00565	0.00730	0.00473	0.00432	0.03938	0.01199	0.01559	0.28535	0.03908	0.45784	0.01053	0.00545	0.00152	0.00258	0.03499	0.00456	0.05106
5	0.00674	0.00536	0.00806	0.00902	0.05987	0.00507	0.05615	0.00813	0.00975	0.01297	0.04687	0.54837	0.07811	0.01283	0.00593	0.00186	0.00344	0.11301	0.00413	0.00432
6	0.00934	0.02353	0.77510	0.01308	0.01975	0.01067	0.01679	0.01458	0.00982	0.01468	0.00874	0.01086	0.00646	0.04033	0.00532	0.00163	0.00686	0.00363	0.00203	0.00679
7	0.86760	0.00912	0.00693	0.00620	0.00912	0.01058	0.00511	0.01386	0.00802	0.02115	0.00657	0.00766	0.00511	0.00438	0.00292	0.00146	0.00365	0.00255	0.00292	0.00511
8	0.00685	0.00460	0.00526	0.00526	0.00531	0.00464	0.00301	0.00693	0.00689	0.00923	0.01474	0.03024	0.01687	0.79434	0.06359	0.00472	0.00497	0.00677	0.00284	0.00292
9	0.00568	0.00437	0.00520	0.00586	0.00665	0.00389	0.00406	0.00664	0.00971	0.01231	0.03460	0.52041	0.33643	0.01365	0.00584	0.00179	0.00260	0.01204	0.00438	0.00389
10	0.00879	0.00439	0.00439	0.00439	0.00549	0.00439	0.00330	0.01099	0.00989	0.01758	0.01538	0.01758	0.01209	0.00549	0.00330	0.00110	0.00220	0.00439	0.86047	0.00439
11	0.01006	0.00855	0.00993	0.00712	0.01129	0.00657	0.00570	0.03847	0.01020	0.01586	0.00848	0.00983	0.00702	0.00357	0.00353	0.00072	0.00355	0.00284	0.00286	0.83386
12	0.00733	0.00671	0.00625	0.00608	0.00770	0.08007	0.00466	0.02926	0.01166	0.01402	0.14395	0.04024	0.54567	0.01088	0.00550	0.00158	0.00316	0.06665	0.00431	0.00432
13	0.00879	0.00439	0.00439	0.00439	0.00549	0.00439	0.00330	0.01099	0.00989	0.01758	0.01538	0.01758	0.01209	0.00549	0.00330	0.00110	0.00220	0.00439	0.86047	0.00439
14	0.00972	0.00879	0.01397	0.15297	0.30541	0.00977	0.01145	0.01211	0.01002	0.01382	0.01342	0.02461	0.01323	0.00767	0.00691	0.00177	0.13076	0.24495	0.00288	0.00576
15	0.01359	0.01160	0.09105	0.03162	0.13659	0.01083	0.05237	0.10133	0.29874	0.15800	0.03464	0.01507	0.01154	0.00561	0.00479	0.00151	0.00479	0.00483	0.00414	0.00739
16	0.01264	0.72018	0.04070	0.00851	0.01235	0.07367	0.00833	0.01425	0.00992	0.01136	0.00757	0.00996	0.00711	0.00455	0.00332	0.00109	0.00529	0.04112	0.00216	0.00594
17	0.00645	0.00510	0.02863	0.00678	0.00735	0.00454	0.02641	0.00736	0.00862	0.01163	0.02171	0.51456	0.02535	0.23778	0.01083	0.00261	0.00356	0.04338	0.02358	0.00376
18	0.12235	0.01092	0.01624	0.18808	0.50372	0.05119	0.01271	0.01411	0.01025	0.01527	0.00839	0.01118	0.00685	0.00436	0.00443	0.00143	0.00563	0.00393	0.00237	0.00660
19	0.01560	0.03263	0.01299	0.01105	0.05089	0.08532	0.00847	0.31058	0.29545	0.10533	0.01429	0.01372	0.01042	0.00576	0.00466	0.00146	0.00486	0.00453	0.00448	0.00752
20	0.01227	0.04142	0.01064	0.00770	0.01124	0.00707	0.02917	0.04572	0.01120	0.20024	0.01525	0.08147	0.06994	0.00573	0.00424	0.00111	0.00373	0.00479	0.00379	0.43328
21	0.05051	0.10108	0.17988	0.07827	0.01568	0.13587	0.01032	0.10057	0.11146	0.03587	0.05510	0.01248	0.00974	0.00548	0.00510	0.00144	0.06118	0.00403	0.01965	0.00630
22	0.01127	0.01158	0.05067	0.06898	0.04994	0.10325	0.25481	0.03578	0.04475	0.05633	0.04941	0.10025	0.01252	0.07239	0.00727	0.00182	0.05428	0.00592	0.00306	0.00573
23	0.00574	0.00410	0.00547	0.00657	0.00684	0.00383	0.00438	0.00657	0.00903	0.01204	0.02599	0.83122	0.03119	0.01477	0.00602	0.00191	0.00274	0.01340	0.00438	0.00383
24	0.00900	0.00750	0.00837	0.00813	0.00979	0.00828	0.00608	0.01646	0.42435	0.01614	0.02406	0.30355	0.09817	0.00991	0.00557	0.00172	0.02402	0.00857	0.00454	0.00579
25	0.01460	0.06839	0.03015	0.01711	0.32090	0.05233	0.03222	0.11377	0.02404	0.20017	0.06946	0.01400	0.01111	0.00521	0.00464	0.00139	0.00511	0.00451	0.00366	0.00720
26	0.01032	0.01032	0.01444	0.01238	0.01238	0.01444	0.01032	0.01135	0.00722	0.01135	0.00619	0.01032	0.00619	0.00825	0.01547	0.00206	0.82567	0.00413	0.00206	0.00516
27	0.00684	0.00462	0.00541	0.00539	0.00551	0.00468	0.00319	0.00709	0.00725	0.00979	0.05478	0.03005	0.01809	0.72556	0.08918	0.00467	0.00512	0.00679	0.00295	0.00305
28	0.01072	0.08738	0.49819	0.01448	0.02046	0.01166	0.22240	0.01529	0.01041	0.05208	0.00907	0.01079	0.00656	0.00437	0.00466	0.00148	0.00693	0.00402	0.00228	0.00678

[dist]
# distance from previous block
# <min> <max>
11	38

[block]
# block no. 1 follows, 54 sequences, length 12
# corresponding to MSA columns:
# 155-166
name=unknown_B
#
# <colnr> <probs for GDERKNQSTAVLIFYWHMCP>
#	G	D	E	R	K	N	Q	S	T	A	V	L	I	F	Y	W	H	M	C	P
0	0.01095	0.01037	0.01760	0.19396	0.54943	0.01081	0.04620	0.03089	0.01053	0.01467	0.00917	0.01291	0.00773	0.04818	0.00574	0.00161	0.00578	0.00440	0.00237	0.00672
1	0.07093	0.54947	0.20422	0.00940	0.01395	0.05840	0.01008	0.01454	0.00976	0.01270	0.00703	0.00817	0.00597	0.00420	0.00342	0.00116	0.00557	0.00277	0.00209	0.00617
2	0.00578	0.00458	0.00522	0.00562	0.00672	0.00402	0.00408	0.00694	0.01030	0.01288	0.07873	0.31353	0.46489	0.01284	0.00577	0.00172	0.00259	0.04541	0.00442	0.00397
3	0.00666	0.00461	0.00556	0.00566	0.00592	0.00465	0.00355	0.00713	0.00760	0.01024	0.04761	0.11465	0.05145	0.56685	0.13417	0.00448	0.00535	0.00748	0.00312	0.00326
4	0.44305	0.03617	0.02407	0.00878	0.05224	0.01126	0.00685	0.21585	0.03268	0.02203	0.05264	0.01270	0.05333	0.00545	0.00385	0.00144	0.00411	0.00390	0.00356	0.00601
5	0.01005	0.00925	0.01475	0.02123	0.53201	0.00926	0.01110	0.01292	0.05457	0.01459	0.01577	0.08595	0.10146	0.04479	0.04011	0.00188	0.00514	0.00585	0.00291	0.00642
6	0.02041	0.00786	0.01070	0.00826	0.01178	0.00680	0.00680	0.02225	0.01349	0.76750	0.05897	0.01704	0.01336	0.00603	0.00478	0.00146	0.00392	0.00494	0.00580	0.00784
7	0.01129	0.01081	0.01845	0.13895	0.69787	0.01110	0.01428	0.01413	0.01055	0.01494	0.00880	0.01179	0.00730	0.00427	0.00467	0.00142	0.00570	0.00420	0.00230	0.00716
8	0.01280	0.01301	0.01837	0.02464	0.58713	0.12886	0.05889	0.05164	0.03083	0.01560	0.00904	0.01140	0.00744	0.00441	0.00467	0.00139	0.00610	0.00414	0.00252	0.00714
9	0.06210	0.01026	0.01655	0.04201	0.62403	0.01026	0.01248	0.01417	0.01070	0.06012	0.01277	0.01474	0.07920	0.00501	0.00465	0.00143	0.00512	0.00465	0.00274	0.00700
10	0.00565	0.00473	0.00483	0.00488	0.00632	0.00401	0.00358	0.00676	0.01045	0.01250	0.04493	0.08008	0.72386	0.05835	0.00663	0.00177	0.00253	0.00993	0.00429	0.00391
11	0.03274	0.00557	0.00730	0.00928	0.09891	0.02706	0.00569	0.00803	0.00931	0.01269	0.02292	0.68962	0.02698	0.01297	0.00572	0.00182	0.00325	0.01173	0.00404	0.00433

[dist]
# distance from previous block
# <min> <max>
19	55

[block]
# block no. 2 follows, 54 sequences, length 50
# corresponding to MSA columns:
# 227-276
name=unknown_C
#
# <colnr> <probs for GDERKNQSTAVLIFYWHMCP>
#	G	D	E	R	K	N	Q	S	T	A	V	L	I	F	Y	W	H	M	C	P
0	0.05047	0.12662	0.19731	0.02121	0.01224	0.01998	0.00852	0.06195	0.01022	0.01452	0.05317	0.12698	0.03194	0.09262	0.05985	0.00211	0.00526	0.00550	0.00298	0.09655
1	0.00955	0.02847	0.12639	0.04803	0.01269	0.11533	0.04933	0.03878	0.01046	0.03007	0.03363	0.05218	0.17204	0.07488	0.15414	0.00281	0.00661	0.00591	0.00307	0.02561
2	0.01209	0.06093	0.01071	0.01984	0.03204	0.15308	0.00677	0.10315	0.02564	0.09442	0.05464	0.08414	0.07055	0.08397	0.10841	0.00243	0.00588	0.00560	0.00356	0.06216
3	0.06142	0.06067	0.06434	0.01848	0.01155	0.03754	0.05568	0.12040	0.02197	0.02758	0.06083	0.01907	0.02292	0.02601	0.03754	0.21489	0.03731	0.09376	0.00313	0.00490
4	0.21941	0.11155	0.34505	0.00975	0.01434	0.03149	0.01078	0.02489	0.01008	0.03954	0.08639	0.01194	0.00992	0.00560	0.02130	0.00152	0.00540	0.00369	0.00273	0.03464
5	0.02426	0.02376	0.08531	0.04403	0.03460	0.06229	0.04581	0.07109	0.01115	0.01610	0.06616	0.01194	0.00955	0.00462	0.00459	0.00109	0.04199	0.00368	0.00291	0.43507
6	0.01120	0.05218	0.02767	0.01931	0.02404	0.01225	0.75043	0.01506	0.01105	0.01491	0.00940	0.01247	0.00710	0.00398	0.00544	0.00156	0.00781	0.00542	0.00237	0.00634
7	0.01077	0.18758	0.39008	0.01199	0.02844	0.01212	0.08302	0.04622	0.05039	0.02732	0.04283	0.02370	0.00878	0.00482	0.00432	0.00136	0.00590	0.00395	0.00256	0.05384
8	0.00747	0.00598	0.02878	0.00602	0.00804	0.00480	0.00483	0.00915	0.01113	0.06249	0.17008	0.08129	0.41437	0.01010	0.00530	0.00150	0.00285	0.04757	0.00434	0.11393
9	0.86760	0.00912	0.00693	0.00620	0.00912	0.01058	0.00511	0.01386	0.00802	0.02115	0.00657	0.00766	0.00511	0.00438	0.00292	0.00146	0.00365	0.00255	0.00292	0.00511
10	0.02526	0.00806	0.02485	0.02328	0.01201	0.00757	0.07191	0.03624	0.07398	0.31300	0.14042	0.11360	0.01824	0.01747	0.00567	0.00157	0.03863	0.00631	0.02167	0.04026
11	0.01034	0.05299	0.10252	0.00833	0.01107	0.00920	0.00730	0.11935	0.21569	0.03915	0.08306	0.03812	0.16881	0.09674	0.00698	0.00185	0.00408	0.01444	0.00407	0.00591
12	0.01010	0.00934	0.01490	0.39539	0.16379	0.02914	0.08839	0.02548	0.05958	0.01435	0.01822	0.01346	0.00823	0.00528	0.01571	0.00157	0.01860	0.00445	0.09820	0.00582
13	0.01618	0.07465	0.03003	0.02755	0.01434	0.15004	0.02240	0.48104	0.03338	0.02321	0.01060	0.01119	0.00789	0.00533	0.00442	0.00134	0.00559	0.00395	0.06982	0.00704
14	0.01070	0.01013	0.01391	0.04369	0.01308	0.01369	0.00998	0.08262	0.00873	0.01305	0.00739	0.02376	0.00704	0.00939	0.05564	0.00227	0.66287	0.00433	0.00237	0.00535
15	0.01103	0.00928	0.01061	0.01070	0.08299	0.01030	0.00760	0.07909	0.49235	0.01846	0.02022	0.05749	0.07319	0.04303	0.00582	0.00174	0.00394	0.05105	0.00441	0.00671
16	0.01192	0.22149	0.24022	0.06224	0.14458	0.05734	0.06545	0.06984	0.01916	0.03068	0.02941	0.01086	0.00769	0.00459	0.00428	0.00135	0.00604	0.00375	0.00249	0.00663
17	0.00792	0.00613	0.00956	0.03690	0.07252	0.00682	0.03437	0.02441	0.00846	0.03235	0.01247	0.03182	0.01143	0.03875	0.63626	0.00627	0.01107	0.00512	0.00265	0.00472
18	0.00678	0.00459	0.00539	0.00545	0.00554	0.00465	0.00322	0.00699	0.00704	0.00947	0.01526	0.07356	0.01741	0.71492	0.09680	0.00471	0.00522	0.00705	0.00291	0.00304
19	0.01139	0.04324	0.01880	0.10257	0.51020	0.01135	0.10313	0.04172	0.03940	0.01546	0.01009	0.01405	0.00854	0.00480	0.00481	0.00147	0.00577	0.04371	0.00258	0.00692
20	0.05118	0.08543	0.18322	0.03154	0.01527	0.04949	0.04978	0.11949	0.09962	0.21648	0.01297	0.01405	0.00948	0.00548	0.00455	0.00146	0.00533	0.03438	0.00380	0.00702
21	0.00657	0.00502	0.00590	0.00572	0.00701	0.00457	0.00428	0.03099	0.01204	0.01595	0.39110	0.08048	0.33462	0.04324	0.00632	0.00169	0.00256	0.03296	0.00470	0.00427
22	0.00890	0.00838	0.01414	0.82296	0.03247	0.01048	0.01309	0.01205	0.00943	0.01205	0.00838	0.01257	0.00629	0.00471	0.00471	0.00157	0.00629	0.00419	0.00210	0.00524
23	0.01480	0.08700	0.05502	0.14496	0.01731	0.40055	0.00987	0.11844	0.06745	0.01467	0.00894	0.01052	0.00711	0.01804	0.00465	0.00138	0.00694	0.00358	0.00279	0.00599
24	0.01303	0.08124	0.17813	0.00977	0.01395	0.06711	0.03653	0.04294	0.04609	0.18095	0.02667	0.01473	0.03427	0.00532	0.00437	0.00128	0.00502	0.03627	0.00347	0.19886
25	0.00932	0.00882	0.01481	0.68915	0.13416	0.01071	0.01318	0.01234	0.00952	0.01247	0.00837	0.01237	0.00644	0.00477	0.00509	0.00157	0.03505	0.00419	0.00213	0.00553
26	0.00628	0.00477	0.00691	0.00740	0.00810	0.00451	0.04485	0.00750	0.00952	0.01268	0.05609	0.61439	0.06275	0.01440	0.03299	0.00208	0.00347	0.09299	0.00424	0.00406
27	0.01049	0.15669	0.58493	0.01298	0.01916	0.01218	0.08521	0.01506	0.01011	0.03902	0.00856	0.01000	0.00627	0.00440	0.00435	0.00142	0.00665	0.00355	0.00215	0.00679
28	0.00934	0.00903	0.01475	0.59049	0.02719	0.01152	0.04289	0.01199	0.00895	0.01199	0.00788	0.01202	0.00630	0.00556	0.00741	0.00169	0.20940	0.00423	0.00210	0.00526
29	0.00709	0.00559	0.00835	0.11796	0.03476	0.00636	0.00665	0.00878	0.00807	0.01119	0.01448	0.05195	0.05270	0.10501	0.53279	0.00577	0.00988	0.00566	0.00266	0.00429
30	0.01765	0.00929	0.01114	0.00896	0.01226	0.00936	0.00726	0.14952	0.22099	0.44088	0.01743	0.01573	0.01180	0.00594	0.00470	0.00147	0.00406	0.00480	0.03901	0.00773
31	0.01346	0.00930	0.01068	0.00909	0.01170	0.01015	0.00722	0.17203	0.32547	0.15472	0.11543	0.04345	0.01658	0.00819	0.04171	0.00182	0.03164	0.00562	0.00480	0.00695
32	0.00957	0.02238	0.70008	0.01316	0.01977	0.01057	0.05323	0.01466	0.00999	0.01498	0.00851	0.01007	0.00612	0.00437	0.00444	0.00143	0.00670	0.00352	0.00208	0.08436
33	0.01163	0.01018	0.01051	0.00948	0.01211	0.02614	0.00736	0.02433	0.75589	0.01934	0.01993	0.01835	0.04052	0.00655	0.00481	0.00159	0.00377	0.00544	0.00474	0.00731
34	0.01761	0.02247	0.01336	0.01215	0.01458	0.81537	0.00911	0.01883	0.01336	0.01154	0.00729	0.00850	0.00607	0.00486	0.00425	0.00121	0.00850	0.00304	0.00243	0.00547
35	0.01191	0.01188	0.01965	0.02732	0.69649	0.04976	0.08414	0.01474	0.01090	0.01519	0.00885	0.01161	0.00737	0.00421	0.00473	0.00141	0.00595	0.00427	0.00234	0.00727
36	0.00576	0.00415	0.00543	0.00644	0.00678	0.00385	0.00430	0.00658	0.00907	0.01201	0.02687	0.77393	0.07041	0.03209	0.00638	0.00195	0.00276	0.01309	0.00434	0.00382
37	0.00568	0.00452	0.00511	0.00551	0.00658	0.00394	0.00392	0.00678	0.01020	0.01273	0.07131	0.34551	0.47575	0.01293	0.00574	0.00171	0.00251	0.01121	0.00441	0.00394
38	0.00557	0.00478	0.00478	0.00478	0.00637	0.00398	0.00358	0.00677	0.01075	0.01274	0.04776	0.04538	0.80297	0.01194	0.00557	0.00159	0.00239	0.00995	0.00438	0.00398
39	0.00890	0.00838	0.01414	0.82296	0.03247	0.01048	0.01309	0.01205	0.00943	0.01205	0.00838	0.01257	0.00629	0.00471	0.00471	0.00157	0.00629	0.00419	0.00210	0.00524
40	0.00580	0.00414	0.00554	0.00663	0.00693	0.00388	0.00448	0.00667	0.00908	0.01210	0.02596	0.80698	0.03106	0.01472	0.00603	0.00192	0.00279	0.03707	0.00438	0.00385
41	0.04570	0.58095	0.09998	0.00927	0.01294	0.04583	0.00923	0.01398	0.00937	0.01192	0.00672	0.00822	0.00603	0.00470	0.00492	0.00123	0.11815	0.00286	0.00207	0.00596
42	0.01117	0.01069	0.01824	0.17218	0.66554	0.01107	0.01422	0.01403	0.01050	0.01480	0.00878	0.01183	0.00726	0.00429	0.00468	0.00143	0.00572	0.00420	0.00229	0.00707
43	0.00577	0.00414	0.00544	0.00646	0.00678	0.00385	0.00431	0.00658	0.00903	0.01198	0.02646	0.78217	0.05799	0.03655	0.00648	0.00197	0.00277	0.01311	0.00434	0.00381
44	0.00608	0.00439	0.00570	0.00653	0.00700	0.00412	0.00445	0.02347	0.00977	0.01306	0.09694	0.71035	0.06255	0.01400	0.00593	0.00185	0.00273	0.01263	0.00446	0.00398
45	0.01097	0.09491	0.04407	0.11173	0.11099	0.11408	0.00896	0.02521	0.11432	0.01507	0.09544	0.02888	0.01323	0.00644	0.01644	0.00151	0.04896	0.02442	0.10859	0.00577
46	0.09786	0.16514	0.02817	0.01093	0.05322	0.38936	0.02242	0.01602	0.02779	0.03424	0.03224	0.03082	0.00883	0.05775	0.00531	0.00147	0.00642	0.00376	0.00269	0.00556
47	0.00713	0.02578	0.02872	0.03709	0.00939	0.02927	0.00625	0.00867	0.00979	0.01282	0.05335	0.40017	0.03668	0.03342	0.05563	0.00231	0.00429	0.23101	0.00399	0.00424
48	0.15107	0.00850	0.00931	0.00685	0.01084	0.00699	0.00551	0.01220	0.00949	0.01632	0.00808	0.00943	0.00667	0.00364	0.00340	0.00082	0.00352	0.00275	0.00281	0.72179
49	0.01497	0.01144	0.01251	0.01015	0.01331	0.03294	0.02266	0.41175	0.21142	0.06640	0.02483	0.02718	0.03747	0.00640	0.00509	0.00149	0.02578	0.02700	0.00455	0.03268

[dist]
# distance from previous block
# <min> <max>
0	3

[block]
# block no. 3 follows, 54 sequences, length 66
# corresponding to MSA columns:
# 280-297,304-315,317,318,322-346,363-371
name=unknown_D
#
# <colnr> <probs for GDERKNQSTAVLIFYWHMCP>
#	G	D	E	R	K	N	Q	S	T	A	V	L	I	F	Y	W	H	M	C	P
0	0.03144	0.23453	0.07392	0.01593	0.21202	0.01236	0.17005	0.02835	0.01059	0.06388	0.01073	0.09568	0.00959	0.00536	0.00450	0.00140	0.00558	0.00493	0.00272	0.00644
1	0.00905	0.00852	0.01427	0.70459	0.11252	0.01027	0.01283	0.01208	0.00962	0.01243	0.01011	0.01388	0.04043	0.00497	0.00475	0.00155	0.00605	0.00444	0.00222	0.00542
2	0.01150	0.01103	0.01883	0.07725	0.75789	0.01116	0.01439	0.01432	0.01066	0.01520	0.00884	0.01172	0.00740	0.00423	0.00467	0.00141	0.00564	0.00420	0.00232	0.00733
3	0.01286	0.00992	0.01672	0.04818	0.05106	0.05013	0.29971	0.01555	0.01199	0.21932	0.12948	0.04871	0.05184	0.00614	0.00523	0.00152	0.00550	0.00603	0.00384	0.00626
4	0.01012	0.01017	0.01455	0.03056	0.01325	0.03186	0.06615	0.01144	0.00780	0.01161	0.00815	0.01229	0.02801	0.02457	0.06063	0.00235	0.64469	0.00447	0.00220	0.00513
5	0.00984	0.04350	0.76971	0.01318	0.01998	0.01103	0.01692	0.01513	0.01004	0.03597	0.00869	0.01006	0.00613	0.00451	0.00445	0.00148	0.00684	0.00349	0.00209	0.00697
6	0.01069	0.01166	0.02418	0.19407	0.08841	0.01155	0.55890	0.01439	0.01073	0.01447	0.00924	0.01260	0.00699	0.00415	0.00531	0.00157	0.00740	0.00516	0.00232	0.00621
7	0.01475	0.14273	0.18879	0.01099	0.01512	0.16452	0.03483	0.12130	0.10626	0.13907	0.01121	0.01143	0.00820	0.00506	0.00436	0.00137	0.00591	0.00383	0.00338	0.00689
8	0.00684	0.00538	0.00658	0.00720	0.05684	0.00495	0.00488	0.00893	0.04944	0.02872	0.23235	0.18206	0.36637	0.01101	0.00554	0.00161	0.00270	0.00954	0.00450	0.00453
9	0.00667	0.00482	0.00630	0.00593	0.00704	0.00445	0.00445	0.00890	0.01335	0.01891	0.80239	0.03522	0.04449	0.00964	0.00556	0.00148	0.00222	0.00853	0.00519	0.00445
10	0.01128	0.00838	0.01020	0.00756	0.01144	0.00680	0.02402	0.01419	0.06646	0.11568	0.02987	0.01199	0.00913	0.00420	0.00384	0.00091	0.00362	0.00346	0.02338	0.63360
11	0.00819	0.00410	0.00614	0.00614	0.00614	0.00410	0.00410	0.00614	0.00614	0.00819	0.00819	0.01433	0.00819	0.01638	0.01843	0.86282	0.00410	0.00410	0.00205	0.00205
12	0.00586	0.00446	0.00542	0.00607	0.00689	0.00402	0.00433	0.00696	0.00994	0.01274	0.07042	0.47298	0.29404	0.01345	0.00588	0.00180	0.00270	0.06368	0.00441	0.00395
13	0.01284	0.74592	0.05566	0.00858	0.01261	0.07539	0.00852	0.01449	0.00987	0.01128	0.00668	0.00773	0.00605	0.00411	0.00317	0.00104	0.00537	0.00260	0.00205	0.00605
14	0.58566	0.14073	0.14890	0.00775	0.01154	0.01190	0.00770	0.01409	0.00860	0.01851	0.00689	0.00804	0.00540	0.00434	0.00321	0.00139	0.00444	0.00271	0.00262	0.00558
15	0.01383	0.01267	0.05969	0.05362	0.36145	0.04481	0.01182	0.24836	0.08795	0.04316	0.01075	0.01206	0.00822	0.00496	0.00467	0.00143	0.00548	0.00425	0.00336	0.00744
16	0.01301	0.31168	0.01593	0.00894	0.01202	0.03728	0.00767	0.20219	0.14532	0.03808	0.01314	0.11246	0.01180	0.00716	0.02322	0.00152	0.00481	0.02371	0.00361	0.00644
17	0.00705	0.00490	0.00642	0.00600	0.00717	0.00451	0.00451	0.00927	0.01335	0.03956	0.78188	0.03472	0.04363	0.00954	0.00554	0.00148	0.00227	0.00843	0.00521	0.00454
18	0.01212	0.03531	0.01717	0.09728	0.52198	0.04991	0.01261	0.07198	0.07411	0.01618	0.00967	0.01186	0.00783	0.00453	0.00457	0.00139	0.00553	0.00414	0.00270	0.03917
19	0.00662	0.00528	0.00786	0.23196	0.01392	0.00566	0.00678	0.00808	0.00914	0.01204	0.02113	0.60521	0.02431	0.01200	0.00566	0.00182	0.00372	0.01086	0.00375	0.00422
20	0.00879	0.00439	0.00439	0.00439	0.00549	0.00439	0.00330	0.01099	0.00989	0.01758	0.01538	0.01758	0.01209	0.00549	0.00330	0.00110	0.00220	0.00439	0.86047	0.00439
21	0.00950	0.00809	0.00948	0.00696	0.01088	0.00612	0.00550	0.01151	0.00973	0.01514	0.00958	0.06566	0.00863	0.00426	0.00366	0.00078	0.00344	0.00352	0.00290	0.80466
22	0.04264	0.01643	0.03643	0.01105	0.01415	0.32568	0.00886	0.29595	0.16627	0.02002	0.01103	0.01127	0.00833	0.00541	0.00449	0.00138	0.00620	0.00391	0.00371	0.00680
23	0.00879	0.00439	0.00439	0.00439	0.00549	0.00439	0.00330	0.01099	0.00989	0.01758	0.01538	0.01758	0.01209	0.00549	0.00330	0.00110	0.00220	0.00439	0.86047	0.00439
24	0.02014	0.00836	0.01101	0.00853	0.01208	0.00756	0.00702	0.07010	0.05056	0.70256	0.03867	0.01633	0.01243	0.00595	0.00476	0.00146	0.00403	0.00484	0.00570	0.00790
25	0.03681	0.04429	0.01718	0.19312	0.47557	0.01162	0.01283	0.10351	0.01172	0.03554	0.00912	0.01164	0.00726	0.00452	0.00457	0.00143	0.00558	0.00410	0.00265	0.00695
26	0.05314	0.01212	0.01278	0.03138	0.01396	0.05351	0.00836	0.51595	0.06244	0.09155	0.02509	0.04549	0.00989	0.00604	0.00487	0.00145	0.02043	0.00463	0.00446	0.02246
27	0.00686	0.00457	0.00514	0.00514	0.00514	0.00457	0.00286	0.00686	0.00686	0.00914	0.01486	0.03086	0.01714	0.83430	0.02400	0.00457	0.00457	0.00686	0.00286	0.00286
28	0.06620	0.01388	0.01290	0.01134	0.01253	0.27379	0.00902	0.03728	0.03411	0.01272	0.00768	0.01093	0.00702	0.04283	0.03388	0.00198	0.40030	0.00386	0.00245	0.00529
29	0.00590	0.00444	0.00540	0.00589	0.00668	0.00401	0.00410	0.00704	0.01019	0.01333	0.16695	0.43582	0.25587	0.04372	0.00648	0.00185	0.00261	0.01131	0.00446	0.00394
30	0.01628	0.00888	0.01064	0.00890	0.01198	0.00907	0.00710	0.02344	0.37861	0.41568	0.01910	0.04198	0.01354	0.00637	0.00481	0.00154	0.00384	0.00528	0.00531	0.00763
31	0.00901	0.00849	0.01433	0.79326	0.06137	0.01050	0.01315	0.01214	0.00948	0.01217	0.00840	0.01254	0.00633	0.00469	0.00471	0.00156	0.00626	0.00419	0.00210	0.00532
32	0.00890	0.00838	0.01414	0.82296	0.03247	0.01048	0.01309	0.01205	0.00943	0.01205	0.00838	0.01257	0.00629	0.00471	0.00471	0.00157	0.00629	0.00419	0.00210	0.00524
33	0.01139	0.01197	0.02356	0.02433	0.40788	0.01157	0.40794	0.01479	0.01094	0.01525	0.00921	0.01220	0.00731	0.00409	0.00512	0.00150	0.00680	0.00489	0.00236	0.00690
34	0.01032	0.01032	0.01444	0.01238	0.01238	0.01444	0.01032	0.01135	0.00722	0.01135	0.00619	0.01032	0.00619	0.00825	0.01547	0.00206	0.82567	0.00413	0.00206	0.00516
35	0.01032	0.01032	0.01444	0.01238	0.01238	0.01444	0.01032	0.01135	0.00722	0.01135	0.00619	0.01032	0.00619	0.00825	0.01547	0.00206	0.82567	0.00413	0.00206	0.00516
36	0.00879	0.00439	0.00439	0.00439	0.00549	0.00439	0.00330	0.01099	0.00989	0.01758	0.01538	0.01758	0.01209	0.00549	0.00330	0.00110	0.00220	0.00439	0.86047	0.00439
37	0.00890	0.00838	0.01414	0.82296	0.03247	0.01048	0.01309	0.01205	0.00943	0.01205	0.00838	0.01257	0.00629	0.00471	0.00471	0.00157	0.00629	0.00419	0.00210	0.00524
38	0.00621	0.00461	0.00584	0.00664	0.00720	0.00443	0.00455	0.00801	0.06417	0.01304	0.07519	0.68060	0.07440	0.01371	0.00588	0.00185	0.00275	0.01234	0.00446	0.00413
39	0.00879	0.00439	0.00439	0.00439	0.00549	0.00439	0.00330	0.01099	0.00989	0.01758	0.01538	0.01758	0.01209	0.00549	0.00330	0.00110	0.00220	0.00439	0.86047	0.00439
40	0.86760	0.00912	0.00693	0.00620	0.00912	0.01058	0.00511	0.01386	0.00802	0.02115	0.00657	0.00766	0.00511	0.00438	0.00292	0.00146	0.00365	0.00255	0.00292	0.00511
41	0.05865	0.01048	0.01177	0.00924	0.01254	0.01105	0.00754	0.43345	0.03656	0.22862	0.06722	0.01485	0.01183	0.02618	0.00511	0.00150	0.00445	0.00468	0.03692	0.00736
42	0.00609	0.00482	0.00550	0.00547	0.00684	0.00424	0.00416	0.00769	0.01161	0.01492	0.30245	0.05683	0.47812	0.01128	0.00564	0.00160	0.00247	0.06145	0.00465	0.00416
43	0.00739	0.00528	0.00736	0.00844	0.00943	0.00524	0.00723	0.00940	0.01065	0.01387	0.02508	0.14196	0.02760	0.01322	0.00646	0.00214	0.00416	0.68646	0.00435	0.00428
44	0.00879	0.00439	0.00439	0.00439	0.00549	0.00439	0.00330	0.01099	0.00989	0.01758	0.01538	0.01758	0.01209	0.00549	0.00330	0.00110	0.00220	0.00439	0.86047	0.00439
45	0.01314	0.06600	0.01504	0.01215	0.01346	0.27258	0.02843	0.04565	0.01005	0.01223	0.00686	0.00966	0.00624	0.00669	0.01041	0.00169	0.45827	0.00371	0.00229	0.00546
46	0.08954	0.50826	0.06317	0.00904	0.01289	0.12091	0.00853	0.10016	0.01141	0.02786	0.00749	0.00838	0.00628	0.00441	0.00347	0.00115	0.00547	0.00287	0.00251	0.00619
47	0.00879	0.00439	0.00439	0.00439	0.00549	0.00439	0.00330	0.01099	0.00989	0.01758	0.01538	0.01758	0.01209	0.00549	0.00330	0.00110	0.00220	0.00439	0.86047	0.00439
48	0.01646	0.01248	0.01332	0.01055	0.01406	0.01394	0.00861	0.60835	0.20537	0.02735	0.01318	0.01280	0.00953	0.00583	0.00474	0.00146	0.00484	0.00450	0.00474	0.00789
49	0.00834	0.00740	0.01979	0.06244	0.11073	0.02666	0.02217	0.01031	0.02794	0.01337	0.10986	0.12714	0.07503	0.10019	0.08144	0.00253	0.10754	0.05616	0.02615	0.00482
50	0.00722	0.00502	0.00575	0.00559	0.00575	0.00521	0.00337	0.02618	0.00738	0.00987	0.01541	0.02983	0.04071	0.74417	0.03440	0.00435	0.03699	0.00675	0.00291	0.00313
51	0.00579	0.00417	0.00550	0.00655	0.00690	0.00388	0.00444	0.00667	0.00915	0.01212	0.02684	0.77677	0.06245	0.01461	0.00601	0.00191	0.00277	0.03522	0.00438	0.00385
52	0.01493	0.12029	0.03492	0.00946	0.01335	0.03610	0.00807	0.37650	0.05490	0.06742	0.01061	0.01092	0.00793	0.00492	0.00419	0.00120	0.00477	0.00370	0.00383	0.21199
53	0.00594	0.00437	0.00562	0.00630	0.00685	0.00416	0.00434	0.00692	0.00916	0.01211	0.05861	0.53526	0.14538	0.06865	0.10048	0.00267	0.00392	0.01130	0.00410	0.00386
54	0.03747	0.15697	0.23405	0.01131	0.02748	0.12997	0.06954	0.08739	0.03068	0.03325	0.04450	0.06833	0.03780	0.00578	0.00446	0.00140	0.00586	0.00465	0.00291	0.00621
55	0.01103	0.17211	0.18115	0.03589	0.06410	0.04226	0.00983	0.03446	0.16802	0.04684	0.10294	0.03245	0.04341	0.00619	0.00454	0.00143	0.00487	0.02875	0.00339	0.00634
56	0.02102	0.00825	0.01108	0.00849	0.01215	0.00726	0.00702	0.05570	0.01387	0.77491	0.01829	0.01585	0.01152	0.00583	0.00474	0.00146	0.00406	0.00472	0.00579	0.00802
57	0.02896	0.00846	0.01380	0.39768	0.14577	0.00952	0.06185	0.02851	0.00999	0.01345	0.01287	0.05148	0.04266	0.04763	0.00622	0.00178	0.02546	0.08582	0.00268	0.00540
58	0.01319	0.01257	0.09061	0.05505	0.30503	0.04709	0.08907	0.11918	0.07559	0.09693	0.01164	0.01299	0.01953	0.00493	0.00473	0.00145	0.00564	0.00445	0.02322	0.00713
59	0.00629	0.00487	0.00589	0.00645	0.00761	0.00447	0.00509	0.00774	0.01039	0.01301	0.03543	0.19650	0.38626	0.01334	0.02347	0.00197	0.00331	0.25951	0.00433	0.00407
60	0.00971	0.00671	0.00786	0.00722	0.00912	0.00672	0.00550	0.01470	0.23526	0.11674	0.24299	0.13741	0.14416	0.00915	0.00526	0.00157	0.00300	0.00790	0.00487	0.02415
61	0.01620	0.09961	0.04707	0.01070	0.01421	0.15839	0.03945	0.35052	0.03471	0.11019	0.04091	0.01323	0.00983	0.00563	0.00457	0.00138	0.00565	0.02679	0.00395	0.00699
62	0.03557	0.00882	0.03988	0.03190	0.04403	0.00708	0.00668	0.05412	0.01051	0.05141	0.01119	0.11385	0.01021	0.00526	0.00404	0.00103	0.00381	0.00441	0.00317	0.55303
63	0.01147	0.00815	0.00945	0.00800	0.01048	0.00822	0.00631	0.17696	0.14545	0.08991	0.26075	0.06720	0.04184	0.00763	0.00499	0.00144	0.00349	0.02675	0.00471	0.10680
64	0.01259	0.01031	0.04074	0.00976	0.03512	0.04335	0.00774	0.26077	0.10975	0.06675	0.04578	0.06644	0.07474	0.04657	0.06603	0.00211	0.04711	0.02544	0.00407	0.02482
65	0.02686	0.01100	0.11592	0.00915	0.01236	0.05526	0.05567	0.10122	0.06683	0.05458	0.16833	0.05010	0.08289	0.02876	0.00529	0.00146	0.00442	0.00572	0.00380	0.14039

[dist]
# distance from previous block
# <min> <max>
5	50

[block]
# block no. 4 follows, 54 sequences, length 100
# corresponding to MSA columns:
# 423-466,472,473,475-497,500-530
name=unknown_E
#
# <colnr> <probs for GDERKNQSTAVLIFYWHMCP>
#	G	D	E	R	K	N	Q	S	T	A	V	L	I	F	Y	W	H	M	C	P
0	0.10656	0.01250	0.05094	0.05512	0.09803	0.12617	0.07167	0.09606	0.10459	0.07231	0.02387	0.02863	0.00901	0.00529	0.00495	0.00142	0.04325	0.00424	0.00328	0.08211
1	0.12930	0.12987	0.19247	0.01082	0.01518	0.03303	0.08866	0.16916	0.03388	0.04630	0.01021	0.01115	0.02734	0.00487	0.00435	0.00136	0.01752	0.00379	0.00305	0.06768
2	0.01131	0.10921	0.37871	0.03008	0.09890	0.01219	0.02495	0.12734	0.01162	0.01643	0.00902	0.01134	0.00710	0.00499	0.00510	0.00143	0.05856	0.02433	0.00255	0.05484
3	0.01275	0.12563	0.09802	0.04600	0.01812	0.11183	0.26100	0.10181	0.06170	0.04226	0.01031	0.03614	0.00828	0.01875	0.00531	0.00150	0.02674	0.00461	0.00288	0.00637
4	0.17024	0.03891	0.03591	0.00976	0.01202	0.07496	0.02035	0.11981	0.05643	0.08896	0.00985	0.01232	0.00812	0.06665	0.02226	0.00190	0.21759	0.00402	0.00320	0.02674
5	0.00615	0.00446	0.00517	0.00556	0.00604	0.00417	0.00357	0.00673	0.00856	0.01103	0.02672	0.31648	0.21175	0.34695	0.01321	0.00292	0.00340	0.00991	0.00376	0.00347
6	0.00895	0.00843	0.01423	0.80893	0.04612	0.01049	0.01312	0.01209	0.00945	0.01211	0.00839	0.01255	0.00631	0.00470	0.00471	0.00157	0.00627	0.00419	0.00210	0.00528
7	0.00682	0.00505	0.00612	0.00629	0.00733	0.00476	0.00457	0.05669	0.01146	0.01530	0.23982	0.36135	0.20173	0.01200	0.00568	0.00169	0.00270	0.02831	0.01801	0.00431
8	0.00879	0.00439	0.00439	0.00439	0.00549	0.00439	0.00330	0.01099	0.00989	0.01758	0.01538	0.01758	0.01209	0.00549	0.00330	0.00110	0.00220	0.00439	0.86047	0.00439
9	0.01072	0.07598	0.25585	0.01106	0.03476	0.07900	0.05200	0.08745	0.08287	0.01619	0.10143	0.01799	0.07751	0.02145	0.03747	0.00176	0.00574	0.02140	0.00321	0.00614
10	0.01016	0.01042	0.03440	0.01199	0.01241	0.01369	0.01013	0.01138	0.00743	0.01163	0.00655	0.01052	0.00639	0.00873	0.03846	0.00214	0.73913	0.00407	0.00211	0.04826
11	0.00879	0.00439	0.00439	0.00439	0.00549	0.00439	0.00330	0.01099	0.00989	0.01758	0.01538	0.01758	0.01209	0.00549	0.00330	0.00110	0.00220	0.00439	0.86047	0.00439
12	0.00817	0.00613	0.02115	0.00980	0.09964	0.00593	0.00667	0.00969	0.00962	0.07089	0.02206	0.32014	0.09308	0.03200	0.13555	0.00278	0.03265	0.10547	0.00380	0.00477
13	0.03621	0.08199	0.05827	0.11054	0.03700	0.31336	0.07722	0.03591	0.01089	0.01258	0.00772	0.01025	0.00646	0.00613	0.00686	0.08331	0.09392	0.00365	0.00233	0.00540
14	0.00612	0.00444	0.00607	0.03427	0.00810	0.00428	0.00511	0.00722	0.00936	0.01243	0.03817	0.68462	0.03002	0.01411	0.00603	0.00193	0.00306	0.11639	0.00431	0.00396
15	0.00573	0.00417	0.00540	0.00638	0.00679	0.00385	0.00429	0.00659	0.00921	0.01211	0.02824	0.74981	0.11114	0.01448	0.00597	0.00188	0.00270	0.01305	0.00438	0.00385
16	0.01113	0.35754	0.34999	0.02408	0.03012	0.03344	0.02500	0.04023	0.01032	0.01362	0.00882	0.03401	0.00756	0.00492	0.00402	0.00132	0.00592	0.02931	0.00227	0.00638
17	0.03018	0.00951	0.01005	0.00865	0.01108	0.09811	0.03265	0.08800	0.16289	0.19053	0.08172	0.10219	0.04271	0.02040	0.00508	0.00153	0.00419	0.00599	0.08832	0.00622
18	0.00898	0.00850	0.01439	0.78972	0.03187	0.01059	0.02681	0.01208	0.00941	0.01208	0.00835	0.01252	0.00630	0.00478	0.00498	0.00158	0.02547	0.00421	0.00210	0.00526
19	0.01008	0.01592	0.33078	0.16317	0.20834	0.01098	0.12199	0.01410	0.01017	0.01444	0.00911	0.01246	0.00716	0.00472	0.00502	0.00153	0.02517	0.02607	0.00221	0.00658
20	0.01049	0.05879	0.21583	0.15805	0.15415	0.01082	0.15004	0.03979	0.01080	0.03515	0.03406	0.03901	0.00977	0.00536	0.00487	0.00153	0.00614	0.04639	0.00262	0.00634
21	0.00770	0.00606	0.00951	0.03690	0.03253	0.00583	0.09351	0.00970	0.01084	0.03376	0.16134	0.25247	0.07201	0.01113	0.00590	0.00182	0.00392	0.23626	0.00419	0.00463
22	0.01112	0.01153	0.02161	0.06445	0.30952	0.01191	0.33565	0.01451	0.03393	0.01469	0.00907	0.01215	0.00731	0.00474	0.00649	0.00158	0.11598	0.00479	0.00238	0.00658
23	0.01151	0.16412	0.33485	0.01010	0.01468	0.01040	0.02313	0.01509	0.03743	0.15208	0.02922	0.04197	0.09780	0.00621	0.00455	0.00145	0.00520	0.03054	0.00324	0.00643
24	0.01456	0.05428	0.07689	0.12644	0.10535	0.03661	0.01050	0.38682	0.05351	0.04807	0.01058	0.01170	0.00783	0.00551	0.00499	0.02603	0.00548	0.00411	0.00363	0.00711
25	0.01007	0.01010	0.01826	0.43673	0.06597	0.01152	0.22979	0.03304	0.01003	0.01344	0.00853	0.01226	0.00662	0.00494	0.00628	0.00162	0.10824	0.00457	0.00225	0.00573
26	0.01169	0.01112	0.00965	0.03214	0.01126	0.21635	0.00686	0.05946	0.17389	0.03474	0.03165	0.06847	0.03639	0.17609	0.00887	0.00217	0.00525	0.09503	0.00365	0.00527
27	0.01194	0.14008	0.08332	0.02361	0.01177	0.00967	0.02770	0.11906	0.02629	0.12291	0.10878	0.03781	0.02943	0.02754	0.02955	0.00167	0.01903	0.04584	0.11807	0.00594
28	0.01085	0.01077	0.01817	0.30471	0.42106	0.03839	0.10017	0.01384	0.01041	0.01407	0.00872	0.01199	0.00697	0.00438	0.00477	0.00147	0.00620	0.00431	0.00226	0.00650
29	0.00984	0.00842	0.00972	0.00724	0.01114	0.00677	0.00574	0.01306	0.09124	0.01570	0.01009	0.03813	0.00856	0.00417	0.00371	0.00083	0.00349	0.00341	0.00305	0.74566
30	0.00669	0.00560	0.02027	0.00591	0.00762	0.00463	0.00449	0.00839	0.02964	0.02563	0.10636	0.22676	0.40245	0.01099	0.00537	0.00154	0.00273	0.00945	0.00425	0.11122
31	0.00594	0.00470	0.00534	0.00549	0.00667	0.00415	0.00398	0.00740	0.02044	0.01392	0.20297	0.21962	0.44401	0.02629	0.00598	0.00169	0.00249	0.01031	0.00453	0.00407
32	0.01085	0.00732	0.00819	0.03053	0.00974	0.02081	0.00591	0.11607	0.14033	0.06003	0.07800	0.02037	0.03512	0.00851	0.04914	0.02274	0.01706	0.04895	0.30476	0.00554
33	0.02071	0.03759	0.07230	0.01839	0.11834	0.03086	0.48217	0.02848	0.07945	0.01552	0.01096	0.01327	0.02702	0.00456	0.00532	0.00154	0.01923	0.00513	0.00264	0.00654
34	0.01906	0.00498	0.00617	0.00615	0.00693	0.00486	0.00424	0.00874	0.00884	0.08345	0.06367	0.18167	0.10031	0.33468	0.12145	0.00361	0.00488	0.02864	0.00369	0.00396
35	0.00674	0.00505	0.00758	0.00758	0.00842	0.00589	0.00589	0.00842	0.00758	0.01095	0.01263	0.01852	0.01179	0.03536	0.81561	0.00758	0.01263	0.00505	0.00253	0.00421
36	0.01133	0.08817	0.55245	0.01302	0.04515	0.03698	0.03586	0.06361	0.01107	0.06833	0.00952	0.02705	0.00709	0.00481	0.00445	0.00145	0.00644	0.00381	0.00250	0.00692
37	0.01121	0.05929	0.06618	0.14213	0.30207	0.01124	0.12447	0.01438	0.03655	0.06052	0.01102	0.03296	0.03189	0.00523	0.00561	0.00152	0.06986	0.00472	0.00264	0.00651
38	0.00643	0.00470	0.00618	0.00705	0.00783	0.00445	0.00542	0.00785	0.01011	0.01320	0.06550	0.41100	0.13335	0.01353	0.00611	0.00194	0.00324	0.28366	0.00440	0.00406
39	0.02980	0.01159	0.09714	0.30054	0.06194	0.01102	0.24099	0.06323	0.03232	0.01499	0.01022	0.04092	0.00833	0.00523	0.00529	0.00159	0.02849	0.02777	0.00258	0.00601
40	0.09159	0.01301	0.10455	0.05116	0.12788	0.04385	0.14462	0.19130	0.07642	0.05862	0.02930	0.02685	0.00909	0.00516	0.00470	0.00148	0.00568	0.00455	0.00337	0.00684
41	0.00804	0.00801	0.05869	0.00918	0.03370	0.05689	0.04326	0.02963	0.00953	0.01272	0.03911	0.26586	0.06290	0.04237	0.24098	0.00350	0.04335	0.02434	0.00330	0.00464
42	0.00947	0.00857	0.01407	0.12096	0.32730	0.00885	0.05397	0.01201	0.01059	0.01435	0.03691	0.02702	0.07431	0.00766	0.00567	0.00169	0.02972	0.22796	0.00311	0.00580
43	0.01138	0.07036	0.14313	0.06685	0.23066	0.05875	0.08821	0.07725	0.03391	0.02438	0.02846	0.01464	0.03601	0.02136	0.03220	0.00170	0.00604	0.02242	0.02585	0.00644
44	0.01102	0.19164	0.40596	0.01407	0.04029	0.05952	0.18426	0.01501	0.01035	0.01398	0.00824	0.01002	0.00629	0.00429	0.00441	0.00139	0.00683	0.00373	0.00212	0.00657
45	0.02806	0.00675	0.00863	0.00718	0.00978	0.00602	0.00572	0.01657	0.04112	0.43613	0.18568	0.04728	0.16485	0.00798	0.00507	0.00151	0.00329	0.00670	0.00531	0.00636
46	0.01271	0.06137	0.12196	0.06806	0.03028	0.15432	0.08966	0.10352	0.11356	0.05407	0.01297	0.05533	0.01112	0.00629	0.00485	0.00152	0.00593	0.08288	0.00333	0.00629
47	0.01138	0.03358	0.02754	0.07314	0.09879	0.06730	0.12496	0.08345	0.01155	0.01610	0.03542	0.01147	0.00825	0.00426	0.00426	0.00112	0.00516	0.00381	0.00283	0.37564
48	0.01141	0.21674	0.01373	0.00856	0.01069	0.01106	0.02702	0.11738	0.01095	0.08546	0.01470	0.14242	0.05320	0.10961	0.04001	0.00212	0.11018	0.00594	0.00335	0.00548
49	0.00734	0.00538	0.00682	0.05316	0.00907	0.00523	0.00529	0.02190	0.05387	0.04267	0.24955	0.26764	0.18038	0.01116	0.00563	0.00169	0.00297	0.06115	0.00456	0.00456
50	0.05859	0.19309	0.13920	0.00988	0.04460	0.01076	0.03215	0.04353	0.03766	0.20810	0.07564	0.01410	0.02983	0.00529	0.00423	0.00131	0.00467	0.00421	0.00358	0.07959
51	0.00809	0.03493	0.03624	0.00928	0.01088	0.00666	0.05230	0.01102	0.06170	0.01422	0.02264	0.13507	0.02420	0.01168	0.00610	0.00201	0.00444	0.53967	0.00411	0.00475
52	0.00674	0.00502	0.00742	0.00742	0.00821	0.00581	0.00570	0.00832	0.00753	0.01083	0.01277	0.01931	0.01213	0.08612	0.76532	0.00739	0.01212	0.00517	0.00255	0.00412
53	0.01087	0.01441	0.16244	0.07535	0.03595	0.23628	0.02245	0.02765	0.01975	0.01302	0.01430	0.22877	0.03390	0.00840	0.01841	0.00167	0.04424	0.02382	0.00298	0.00534
54	0.01162	0.01173	0.04236	0.06397	0.72810	0.02996	0.01437	0.01448	0.01072	0.01515	0.00880	0.01159	0.00734	0.00425	0.00465	0.00141	0.00574	0.00415	0.00232	0.00731
55	0.00707	0.00523	0.00688	0.00770	0.00887	0.00504	0.00654	0.00898	0.01082	0.01384	0.04681	0.07722	0.19778	0.01277	0.00627	0.00202	0.00381	0.56373	0.00437	0.00425
56	0.00834	0.00560	0.00630	0.00604	0.00714	0.02364	0.00444	0.06700	0.01002	0.01418	0.05414	0.04701	0.17314	0.07097	0.11471	0.15257	0.00449	0.00612	0.22012	0.00405
57	0.07124	0.12520	0.16912	0.01322	0.06313	0.15956	0.15773	0.03700	0.04409	0.05355	0.00973	0.02985	0.00789	0.03266	0.00508	0.00150	0.00637	0.00415	0.00270	0.00625
58	0.01770	0.01309	0.01415	0.03059	0.01506	0.01452	0.00906	0.77027	0.02186	0.02929	0.01125	0.01135	0.00798	0.00564	0.00472	0.00142	0.00522	0.00424	0.00465	0.00795
59	0.00575	0.00417	0.00541	0.00639	0.00677	0.00385	0.00428	0.00659	0.00914	0.01205	0.02768	0.75046	0.09740	0.02794	0.00627	0.00193	0.00274	0.01300	0.00435	0.00383
60	0.01125	0.01059	0.01041	0.03733	0.04544	0.17956	0.01643	0.10066	0.08357	0.01471	0.02770	0.05863	0.01292	0.09860	0.17896	0.00310	0.02127	0.05156	0.03203	0.00528
61	0.01209	0.18348	0.31334	0.03010	0.04169	0.03399	0.01161	0.12916	0.01201	0.06364	0.01080	0.04048	0.00885	0.00546	0.00433	0.00140	0.00561	0.04044	0.04493	0.00658
62	0.86760	0.00912	0.00693	0.00620	0.00912	0.01058	0.00511	0.01386	0.00802	0.02115	0.00657	0.00766	0.00511	0.00438	0.00292	0.00146	0.00365	0.00255	0.00292	0.00511
63	0.01028	0.18765	0.63324	0.01233	0.01860	0.03155	0.01534	0.01486	0.00996	0.01408	0.00805	0.00944	0.00599	0.00440	0.00418	0.00139	0.00662	0.00328	0.00201	0.00675
64	0.01471	0.01138	0.01205	0.00996	0.01305	0.03062	0.00800	0.38370	0.32541	0.05060	0.06392	0.01608	0.01319	0.00631	0.00482	0.00150	0.00445	0.01801	0.00476	0.00746
65	0.00918	0.00777	0.00857	0.00839	0.03128	0.00835	0.00632	0.01686	0.42011	0.01684	0.06456	0.05660	0.24123	0.00893	0.00524	0.00165	0.00335	0.07427	0.00458	0.00594
66	0.00674	0.00493	0.00701	0.00704	0.00768	0.00557	0.00521	0.00805	0.00745	0.01058	0.01338	0.03770	0.01333	0.20621	0.62944	0.00682	0.01070	0.00561	0.00263	0.00391
67	0.03979	0.11116	0.01459	0.07613	0.03864	0.17613	0.06905	0.09760	0.17269	0.01584	0.01251	0.06371	0.02706	0.00684	0.02909	0.00163	0.03339	0.00477	0.00324	0.00613
68	0.00624	0.00428	0.00565	0.00657	0.00703	0.00396	0.00447	0.00715	0.00932	0.03593	0.03579	0.74655	0.06729	0.01428	0.00596	0.00189	0.00278	0.02644	0.00443	0.00398
69	0.01414	0.03562	0.11848	0.08705	0.03857	0.03416	0.17341	0.22025	0.03847	0.14062	0.02576	0.01370	0.00915	0.00526	0.00487	0.00149	0.00590	0.02250	0.00361	0.00698
70	0.01285	0.74681	0.06558	0.00846	0.01260	0.03647	0.00855	0.01457	0.00982	0.03843	0.00708	0.00800	0.00624	0.00414	0.00319	0.00105	0.00519	0.00266	0.00216	0.00615
71	0.01854	0.00750	0.01014	0.00803	0.01120	0.00658	0.00653	0.02059	0.02784	0.66228	0.11921	0.04947	0.01666	0.00667	0.00490	0.00148	0.00373	0.00557	0.00568	0.00740
72	0.06599	0.01412	0.04244	0.01624	0.02047	0.11379	0.47907	0.15675	0.01320	0.01769	0.00937	0.01155	0.00702	0.00443	0.00505	0.00150	0.00722	0.00476	0.00284	0.00649
73	0.01647	0.00937	0.03794	0.00910	0.02283	0.02585	0.00752	0.14267	0.07963	0.41030	0.06213	0.01959	0.04974	0.00766	0.03214	0.00171	0.00453	0.04866	0.00502	0.00716
74	0.00600	0.00433	0.00572	0.00664	0.00713	0.00405	0.00467	0.00710	0.00966	0.01285	0.09040	0.64384	0.07292	0.01402	0.00601	0.00189	0.00284	0.09153	0.00444	0.00394
75	0.00911	0.00847	0.01427	0.69932	0.11308	0.01024	0.01281	0.01203	0.00947	0.01230	0.00883	0.03111	0.00703	0.00519	0.00509	0.02365	0.00608	0.00440	0.00217	0.00536
76	0.28312	0.00872	0.05770	0.00738	0.00989	0.01598	0.00621	0.04219	0.06856	0.11961	0.17078	0.07446	0.05987	0.03524	0.00528	0.00163	0.01815	0.00566	0.00404	0.00553
77	0.01200	0.01073	0.01730	0.11786	0.53489	0.01112	0.03615	0.07652	0.05836	0.04290	0.01039	0.03226	0.00850	0.00481	0.00475	0.00145	0.00548	0.00455	0.00281	0.00715
78	0.00563	0.00462	0.00496	0.00520	0.00649	0.00395	0.00378	0.00675	0.01040	0.01268	0.05477	0.22453	0.61483	0.01255	0.00567	0.00166	0.00246	0.01072	0.00439	0.00395
79	0.36648	0.00774	0.00820	0.00705	0.00979	0.00784	0.00565	0.01602	0.01054	0.32550	0.03901	0.12523	0.03919	0.00677	0.00422	0.00153	0.00358	0.00531	0.00437	0.00601
