[name]
unknown

[dist]
# distance from previous block
# <min> <max>
8	32

[block]
# block no. 0 follows, 54 sequences, length 49
# corresponding to MSA columns:
# 40-67,74-80,83-96
name=unknown_A
#
# <colnr> <probs for GDERKNQSTAVLIFYWHMCP>
#	G	D	E	R	K	N	Q	S	T	A	V	L	I	F	Y	W	H	M	C	P
0	0.00914	0.00544	0.00688	0.00687	0.00801	0.00525	0.00502	0.02572	0.04605	0.13358	0.06601	0.33309	0.05003	0.12816	0.03856	0.00235	0.00372	0.07281	0.04863	0.00470
1	0.05451	0.00636	0.00740	0.00713	0.00842	0.00651	0.00521	0.12374	0.04339	0.05665	0.07943	0.32126	0.03600	0.14525	0.00863	0.01763	0.00359	0.04342	0.02071	0.00477
2	0.00909	0.00714	0.00792	0.04458	0.00977	0.05827	0.00586	0.03971	0.09649	0.05160	0.13709	0.24404	0.08419	0.05803	0.00677	0.00181	0.03509	0.04076	0.05690	0.00489
3	0.00901	0.02082	0.00711	0.00632	0.00800	0.00516	0.00471	0.01063	0.02464	0.13833	0.17737	0.20718	0.18968	0.07605	0.00675	0.00177	0.00303	0.00847	0.01692	0.07807
4	0.07112	0.00853	0.00986	0.00856	0.02734	0.04068	0.02060	0.08548	0.06167	0.17646	0.10871	0.07637	0.11459	0.00742	0.00553	0.00147	0.06322	0.00598	0.01964	0.08678
5	0.02665	0.00729	0.02301	0.00864	0.04446	0.02145	0.02725	0.08312	0.07964	0.07153	0.10910	0.28629	0.08777	0.07062	0.01946	0.00196	0.00383	0.01849	0.00425	0.00519
6	0.05299	0.00752	0.00847	0.00723	0.00945	0.04229	0.00570	0.09099	0.02937	0.21981	0.34002	0.02441	0.06595	0.00758	0.00491	0.00144	0.00335	0.00633	0.06637	0.00582
7	0.01355	0.07074	0.07280	0.00960	0.01256	0.04656	0.03916	0.21390	0.09242	0.13010	0.03577	0.06850	0.01219	0.07800	0.02157	0.02722	0.02434	0.00519	0.01946	0.00637
8	0.24712	0.00851	0.00940	0.00756	0.01073	0.00851	0.00619	0.11150	0.01250	0.37688	0.01372	0.01319	0.00935	0.00530	0.00403	0.00138	0.00381	0.00398	0.11011	0.03624
9	0.00903	0.00851	0.01436	0.78792	0.06657	0.01051	0.01316	0.01215	0.00949	0.01220	0.00840	0.01253	0.00634	0.00469	0.00471	0.00156	0.00626	0.00419	0.00211	0.00534
10	0.00721	0.00650	0.00867	0.03393	0.20875	0.00599	0.00660	0.00886	0.01071	0.01339	0.03683	0.03594	0.57964	0.00978	0.00532	0.00154	0.00331	0.00834	0.00380	0.00490
11	0.01032	0.01032	0.01444	0.01238	0.01238	0.01444	0.01032	0.01135	0.00722	0.01135	0.00619	0.01032	0.00619	0.00825	0.01547	0.00206	0.82567	0.00413	0.00206	0.00516
12	0.01157	0.01259	0.06957	0.03831	0.45102	0.07119	0.01293	0.01446	0.04373	0.01421	0.00850	0.01127	0.00723	0.00536	0.00727	0.00157	0.20610	0.00410	0.00235	0.00668
13	0.00611	0.00441	0.00570	0.00654	0.00699	0.00412	0.00440	0.02098	0.00922	0.01232	0.02528	0.74054	0.04752	0.05324	0.00678	0.00200	0.00288	0.01260	0.00427	0.02410
14	0.01101	0.14724	0.40131	0.01253	0.06882	0.04368	0.02227	0.06061	0.01073	0.02764	0.00926	0.04988	0.00763	0.00505	0.00467	0.00137	0.03519	0.00391	0.00245	0.07474
15	0.00587	0.00468	0.00527	0.00535	0.00661	0.00407	0.00393	0.00726	0.01111	0.01415	0.23098	0.17111	0.48929	0.01183	0.00564	0.00162	0.00240	0.01016	0.00458	0.00407
16	0.01052	0.00993	0.03238	0.39289	0.15606	0.01107	0.04371	0.07087	0.13886	0.01529	0.01083	0.02783	0.00852	0.00585	0.02193	0.00168	0.02813	0.00460	0.00282	0.00621
17	0.04522	0.21190	0.03108	0.01316	0.12097	0.39321	0.00958	0.03283	0.04271	0.01306	0.00783	0.00920	0.00659	0.00477	0.00447	0.00126	0.04049	0.00322	0.00245	0.00601
18	0.01261	0.83713	0.02471	0.00807	0.01210	0.01866	0.00807	0.01412	0.00958	0.01109	0.00656	0.00756	0.00605	0.00403	0.00303	0.00101	0.00504	0.00252	0.00202	0.00605
19	0.07155	0.14562	0.09840	0.03870	0.03802	0.04210	0.02933	0.04300	0.05665	0.09458	0.14987	0.01987	0.07529	0.03039	0.02045	0.00163	0.00468	0.03046	0.00359	0.00582
20	0.00890	0.00838	0.01414	0.82296	0.03247	0.01048	0.01309	0.01205	0.00943	0.01205	0.00838	0.01257	0.00629	0.00471	0.00471	0.00157	0.00629	0.00419	0.00210	0.00524
21	0.01062	0.00998	0.01565	0.34558	0.10259	0.02941	0.10982	0.04725	0.01031	0.03000	0.00863	0.01171	0.00680	0.00485	0.00586	0.00146	0.10113	0.00412	0.00246	0.14175
22	0.00681	0.00512	0.00743	0.00738	0.00813	0.00592	0.00563	0.00829	0.00755	0.01080	0.01338	0.02014	0.02719	0.11898	0.69721	0.00701	0.03103	0.00531	0.00258	0.00408
23	0.00578	0.00478	0.00502	0.00496	0.00644	0.00407	0.00369	0.00710	0.01103	0.01357	0.16214	0.04340	0.66388	0.03582	0.00611	0.00166	0.00243	0.00964	0.00446	0.00402
24	0.01749	0.13565	0.01333	0.00866	0.01228	0.01014	0.00730	0.14896	0.05733	0.42972	0.01501	0.03654	0.01055	0.00564	0.00442	0.00135	0.00428	0.00445	0.00474	0.07218
25	0.00578	0.00415	0.00549	0.00649	0.00684	0.00386	0.00436	0.00667	0.00926	0.01236	0.06085	0.77460	0.05287	0.01447	0.00599	0.00189	0.00270	0.01309	0.00441	0.00386
26	0.01657	0.01253	0.01339	0.01057	0.01411	0.01399	0.00863	0.62215	0.19139	0.02753	0.01304	0.01269	0.00941	0.00582	0.00473	0.00146	0.00487	0.00448	0.00473	0.00790
27	0.01213	0.01033	0.01089	0.00968	0.01242	0.01192	0.00756	0.07527	0.74549	0.02038	0.01867	0.01718	0.01397	0.00635	0.00479	0.00159	0.00383	0.00526	0.00479	0.00750
28	0.00686	0.00457	0.00514	0.00514	0.00514	0.00457	0.00286	0.00686	0.00686	0.00914	0.01486	0.03086	0.01714	0.83430	0.02400	0.00457	0.00457	0.00686	0.00286	0.00286
29	0.86760	0.00912	0.00693	0.00620	0.00912	0.01058	0.00511	0.01386	0.00802	0.02115	0.00657	0.00766	0.00511	0.00438	0.00292	0.00146	0.00365	0.00255	0.00292	0.00511
30	0.00686	0.00457	0.00514	0.00514	0.00514	0.00457	0.00286	0.00686	0.00686	0.00914	0.01486	0.03086	0.01714	0.83430	0.02400	0.00457	0.00457	0.00686	0.00286	0.00286
31	0.00674	0.00493	0.00707	0.00713	0.00783	0.00558	0.00534	0.00815	0.00758	0.01085	0.01364	0.05988	0.01350	0.14759	0.64968	0.00676	0.01082	0.00570	0.01721	0.00400
32	0.01160	0.01153	0.05487	0.05971	0.39449	0.02978	0.11197	0.03876	0.12693	0.03857	0.04625	0.01452	0.02932	0.00506	0.00485	0.00147	0.00551	0.00483	0.00302	0.00696
33	0.55488	0.11497	0.01080	0.05617	0.01183	0.12268	0.00670	0.03171	0.00934	0.01801	0.00687	0.00819	0.00552	0.00453	0.00353	0.00139	0.02204	0.00278	0.00271	0.00535
34	0.83692	0.00908	0.00708	0.00628	0.00922	0.01045	0.00517	0.01419	0.00822	0.04968	0.00700	0.00796	0.00534	0.00443	0.00298	0.00146	0.00366	0.00263	0.00302	0.00521
35	0.04618	0.00745	0.02303	0.02682	0.00978	0.00814	0.00646	0.05927	0.05737	0.01497	0.12719	0.06329	0.27327	0.01130	0.06619	0.00211	0.18145	0.00709	0.00374	0.00490
36	0.00574	0.00410	0.00547	0.00657	0.00684	0.00383	0.00438	0.00657	0.00903	0.01204	0.02599	0.83122	0.03119	0.01477	0.00602	0.00191	0.00274	0.01340	0.00438	0.00383
37	0.01232	0.39175	0.15092	0.02614	0.02818	0.08120	0.00957	0.05306	0.07413	0.04145	0.01189	0.01248	0.06904	0.00519	0.00406	0.00127	0.01459	0.00377	0.00273	0.00627
38	0.00705	0.00491	0.00639	0.00597	0.00717	0.00451	0.00450	0.00924	0.01328	0.04095	0.76025	0.03495	0.06376	0.00959	0.00554	0.00149	0.00228	0.00846	0.00519	0.00454
39	0.01316	0.01571	0.07537	0.09939	0.19939	0.27884	0.12210	0.04664	0.01170	0.01397	0.00872	0.03052	0.00726	0.00500	0.00528	0.00144	0.05269	0.00417	0.00245	0.00619
40	0.00595	0.00430	0.00566	0.00656	0.00704	0.00401	0.00457	0.00701	0.00962	0.01281	0.09376	0.66368	0.07477	0.01405	0.00599	0.00188	0.00279	0.06719	0.00444	0.00393
41	0.01107	0.00970	0.04154	0.06454	0.04527	0.02745	0.00777	0.20354	0.18940	0.01947	0.13364	0.05299	0.14032	0.00771	0.00506	0.00154	0.00412	0.02440	0.00430	0.00619
42	0.02624	0.07116	0.08809	0.01436	0.10667	0.49811	0.05818	0.01700	0.01199	0.01260	0.00760	0.00928	0.00628	0.00481	0.00488	0.00132	0.04979	0.00338	0.00234	0.00591
43	0.00673	0.00453	0.00524	0.00541	0.00547	0.00450	0.00317	0.00689	0.00723	0.00963	0.01652	0.13335	0.01917	0.70999	0.02128	0.00417	0.00433	0.02627	0.00309	0.00302
44	0.01051	0.00960	0.01452	0.14471	0.23220	0.02446	0.03776	0.01354	0.06801	0.03611	0.02561	0.01726	0.01056	0.02398	0.03004	0.00192	0.20773	0.08276	0.00279	0.00593
45	0.01153	0.00613	0.00784	0.00706	0.00901	0.00550	0.00539	0.01337	0.03613	0.27319	0.10889	0.20431	0.09536	0.08102	0.00689	0.00184	0.00341	0.05603	0.00472	0.06237
46	0.01173	0.13423	0.20970	0.03340	0.02529	0.05958	0.02941	0.09754	0.07811	0.03088	0.02268	0.01175	0.00832	0.03488	0.00534	0.00140	0.03837	0.00377	0.00287	0.16077
47	0.04570	0.04497	0.03815	0.00862	0.01245	0.05282	0.02274	0.15423	0.01220	0.03456	0.00998	0.01103	0.02945	0.00452	0.00431	0.00103	0.03413	0.00342	0.00315	0.47254
48	0.22099	0.03383	0.20761	0.00859	0.02523	0.00846	0.00815	0.02997	0.00945	0.07798	0.03850	0.10681	0.02759	0.13553	0.01782	0.02500	0.00470	0.00532	0.00315	0.00531

[dist]
# distance from previous block
# <min> <max>
1	12

[block]
# block no. 1 follows, 54 sequences, length 11
# corresponding to MSA columns:
# 109-119
name=unknown_B
#
# <colnr> <probs for GDERKNQSTAVLIFYWHMCP>
#	G	D	E	R	K	N	Q	S	T	A	V	L	I	F	Y	W	H	M	C	P
0	0.03321	0.10027	0.03914	0.01271	0.09007	0.36661	0.03676	0.10202	0.06386	0.01478	0.00952	0.02749	0.00803	0.02359	0.05041	0.00173	0.00706	0.00387	0.00283	0.00604
1	0.12192	0.21506	0.16518	0.01009	0.04365	0.05053	0.00946	0.04213	0.01113	0.24130	0.01074	0.01102	0.00775	0.00542	0.01883	0.00146	0.02072	0.00356	0.00334	0.00671
2	0.00800	0.00872	0.10830	0.00895	0.05574	0.03877	0.00718	0.01129	0.08219	0.01607	0.32327	0.17601	0.08326	0.00945	0.00538	0.00160	0.00360	0.04287	0.00423	0.00510
3	0.00706	0.00521	0.00661	0.00651	0.00681	0.00572	0.00446	0.00769	0.00744	0.01019	0.01575	0.06643	0.04750	0.48147	0.19946	0.00470	0.08015	0.03045	0.00289	0.00351
4	0.86760	0.00912	0.00693	0.00620	0.00912	0.01058	0.00511	0.01386	0.00802	0.02115	0.00657	0.00766	0.00511	0.00438	0.00292	0.00146	0.00365	0.00255	0.00292	0.00511
5	0.00644	0.00440	0.00527	0.00567	0.00578	0.00429	0.00342	0.00675	0.00767	0.01022	0.01901	0.32973	0.02239	0.52827	0.01728	0.00358	0.00389	0.00930	0.00342	0.00322
6	0.01560	0.01178	0.01268	0.01021	0.01345	0.01308	0.00825	0.56750	0.17416	0.02615	0.01420	0.08640	0.01137	0.00663	0.00485	0.00150	0.00468	0.00528	0.00470	0.00753
7	0.00573	0.00415	0.00543	0.00645	0.00681	0.00384	0.00433	0.00658	0.00914	0.01208	0.02737	0.78151	0.08001	0.01459	0.00599	0.00189	0.00271	0.01319	0.00438	0.00384
8	0.07525	0.65467	0.14062	0.00873	0.01312	0.01691	0.00925	0.01422	0.00952	0.01241	0.00684	0.00793	0.00597	0.00413	0.00323	0.00111	0.00523	0.00267	0.00208	0.00612
9	0.01005	0.00955	0.01621	0.49420	0.35229	0.01078	0.01366	0.01305	0.00997	0.01344	0.00858	0.01220	0.00678	0.00450	0.00469	0.00150	0.00600	0.00419	0.00219	0.00616
10	0.01281	0.01050	0.01146	0.01050	0.04435	0.01193	0.00792	0.12251	0.64159	0.04502	0.01775	0.01650	0.01321	0.00620	0.00478	0.00156	0.00400	0.00513	0.00472	0.00755

[dist]
# distance from previous block
# <min> <max>
0	1

[block]
# block no. 2 follows, 54 sequences, length 10
# corresponding to MSA columns:
# 121-130
name=unknown_C
#
# <colnr> <probs for GDERKNQSTAVLIFYWHMCP>
#	G	D	E	R	K	N	Q	S	T	A	V	L	I	F	Y	W	H	M	C	P
0	0.00860	0.00635	0.00855	0.02843	0.10843	0.00625	0.00643	0.03576	0.07378	0.06554	0.14705	0.32104	0.11607	0.01048	0.00549	0.00168	0.00335	0.03722	0.00433	0.00514
1	0.01366	0.01315	0.01082	0.00931	0.01186	0.24933	0.00722	0.26213	0.07754	0.01819	0.02015	0.02058	0.20970	0.04836	0.00576	0.00157	0.00532	0.00555	0.00386	0.00594
2	0.01354	0.71593	0.02300	0.00836	0.01235	0.01769	0.00810	0.09107	0.01101	0.05125	0.00760	0.00834	0.00652	0.00428	0.00327	0.00107	0.00501	0.00280	0.00247	0.00634
3	0.09432	0.00946	0.06192	0.00922	0.01292	0.00801	0.05933	0.03883	0.03354	0.54853	0.06249	0.01575	0.01235	0.00573	0.00467	0.00147	0.00434	0.00475	0.00501	0.00736
4	0.05046	0.00590	0.00734	0.04156	0.00971	0.00591	0.00631	0.05526	0.01159	0.01567	0.14994	0.08684	0.18029	0.01116	0.00579	0.00183	0.00363	0.34192	0.00434	0.00455
5	0.07164	0.09919	0.01425	0.12100	0.01640	0.49433	0.00927	0.09475	0.01299	0.01403	0.00772	0.00919	0.00623	0.00481	0.00415	0.00128	0.00721	0.00323	0.00261	0.00573
6	0.01021	0.01045	0.09038	0.00890	0.01325	0.00767	0.06925	0.05827	0.01054	0.01596	0.00883	0.01049	0.00716	0.00509	0.03794	0.00118	0.00467	0.00326	0.00278	0.62371
7	0.00823	0.06136	0.01029	0.00866	0.01006	0.07152	0.04990	0.00999	0.00837	0.01123	0.01163	0.01668	0.01070	0.02913	0.65261	0.00631	0.01154	0.00475	0.00248	0.00455
8	0.00679	0.00515	0.00627	0.00674	0.00757	0.00510	0.00476	0.00954	0.11889	0.01386	0.11557	0.48475	0.10076	0.05841	0.00677	0.00195	0.00294	0.03536	0.00444	0.00438
9	0.03931	0.46430	0.15597	0.00956	0.01360	0.09429	0.00965	0.01513	0.01011	0.07494	0.00804	0.00915	0.00661	0.00534	0.02468	0.00138	0.04628	0.00306	0.00240	0.00619

[dist]
# distance from previous block
# <min> <max>
2	4

[block]
# block no. 3 follows, 54 sequences, length 9
# corresponding to MSA columns:
# 135-143
name=unknown_D
#
# <colnr> <probs for GDERKNQSTAVLIFYWHMCP>
#	G	D	E	R	K	N	Q	S	T	A	V	L	I	F	Y	W	H	M	C	P
0	0.01240	0.34976	0.25859	0.01016	0.01457	0.13700	0.01070	0.01515	0.01081	0.05736	0.07451	0.01122	0.00956	0.00487	0.00396	0.00125	0.00586	0.00352	0.00255	0.00621
1	0.06836	0.00996	0.03944	0.16776	0.18157	0.01091	0.03129	0.04766	0.10644	0.01555	0.05487	0.01584	0.07032	0.00625	0.00664	0.00161	0.15163	0.00490	0.00298	0.00602
2	0.00879	0.00439	0.00439	0.00439	0.00549	0.00439	0.00330	0.01099	0.00989	0.01758	0.01538	0.01758	0.01209	0.00549	0.00330	0.00110	0.00220	0.00439	0.86047	0.00439
3	0.00662	0.00501	0.00614	0.00621	0.00725	0.00461	0.00436	0.00809	0.02939	0.01324	0.14000	0.34730	0.13503	0.12243	0.05307	0.00234	0.00351	0.00957	0.00404	0.09179
4	0.00672	0.00569	0.00608	0.00690	0.00745	0.07175	0.00471	0.00761	0.00952	0.01205	0.02608	0.70244	0.08795	0.01373	0.00584	0.00183	0.00319	0.01227	0.00421	0.00398
5	0.01051	0.05417	0.29177	0.01651	0.13749	0.03197	0.23616	0.01503	0.06179	0.01509	0.03597	0.05204	0.00956	0.00507	0.00488	0.00150	0.00643	0.00490	0.00257	0.00659
6	0.11887	0.19807	0.24338	0.01091	0.01535	0.08179	0.06669	0.07358	0.01079	0.01556	0.00788	0.00932	0.00623	0.00456	0.00452	0.00132	0.04745	0.00330	0.00246	0.07799
7	0.03422	0.04077	0.04334	0.08929	0.07951	0.02813	0.02999	0.06420	0.08801	0.08803	0.07215	0.05674	0.07738	0.00629	0.00461	0.00136	0.00436	0.01932	0.00361	0.16869
8	0.02685	0.05869	0.07664	0.00921	0.01208	0.18164	0.00778	0.13427	0.06804	0.04543	0.11532	0.04331	0.03633	0.04863	0.00580	0.01664	0.00510	0.02031	0.00359	0.08437

[dist]
# distance from previous block
# <min> <max>
2	12

[block]
# block no. 4 follows, 54 sequences, length 23
# corresponding to MSA columns:
# 157-178,185
name=unknown_E
#
# <colnr> <probs for GDERKNQSTAVLIFYWHMCP>
#	G	D	E	R	K	N	Q	S	T	A	V	L	I	F	Y	W	H	M	C	P
0	0.01375	0.18586	0.05669	0.05744	0.04243	0.22864	0.00962	0.14232	0.02582	0.01486	0.00867	0.03264	0.00751	0.02148	0.00628	0.00147	0.13196	0.00382	0.00272	0.00603
1	0.14426	0.04068	0.09723	0.00891	0.01239	0.04296	0.00793	0.20308	0.06579	0.04319	0.08693	0.04045	0.01240	0.00585	0.00432	0.00135	0.00448	0.02862	0.00371	0.14547
2	0.01539	0.03011	0.07201	0.00859	0.01241	0.05442	0.00748	0.08716	0.01280	0.34252	0.03802	0.01488	0.04897	0.00541	0.00439	0.00124	0.00436	0.00431	0.00427	0.23126
3	0.00872	0.00576	0.00667	0.00611	0.00783	0.00530	0.00463	0.05417	0.03355	0.11331	0.22824	0.08101	0.36015	0.05542	0.00643	0.00172	0.00288	0.00853	0.00471	0.00485
4	0.00720	0.00512	0.00610	0.00596	0.00731	0.00467	0.00442	0.00933	0.05012	0.06103	0.31316	0.17841	0.30764	0.01099	0.00556	0.00160	0.00255	0.00952	0.00478	0.00453
5	0.00658	0.00476	0.00631	0.00641	0.00699	0.00503	0.00453	0.00763	0.00806	0.01108	0.06270	0.11705	0.07016	0.28264	0.37321	0.00524	0.00768	0.00709	0.00312	0.00374
6	0.00663	0.00447	0.00521	0.00544	0.00549	0.00442	0.00317	0.00680	0.00730	0.00974	0.01715	0.19594	0.02004	0.66526	0.02029	0.00402	0.00419	0.00821	0.00317	0.00306
7	0.00908	0.00840	0.03614	0.09737	0.17154	0.00836	0.00843	0.02855	0.18957	0.01582	0.10866	0.10170	0.16809	0.00804	0.00513	0.00158	0.00400	0.01987	0.00384	0.00582
8	0.00695	0.00494	0.00658	0.00746	0.00819	0.00485	0.00591	0.00841	0.00975	0.01275	0.02431	0.24297	0.05103	0.14549	0.00917	0.00247	0.00392	0.43676	0.00411	0.00396
9	0.01335	0.71593	0.02302	0.00867	0.01247	0.13718	0.00822	0.01482	0.01014	0.01116	0.00666	0.00770	0.00605	0.00416	0.00321	0.00104	0.00556	0.00260	0.00208	0.00596
10	0.00635	0.00462	0.00614	0.07823	0.00861	0.00463	0.00470	0.00713	0.00843	0.01119	0.02118	0.52488	0.02488	0.25354	0.01116	0.00266	0.00359	0.01068	0.00373	0.00367
11	0.01140	0.02737	0.06686	0.04525	0.53921	0.04936	0.04908	0.01460	0.03589	0.01530	0.04470	0.01255	0.00909	0.00452	0.00463	0.00137	0.00561	0.00428	0.00254	0.05638
12	0.01522	0.01863	0.06264	0.04660	0.10692	0.49126	0.02454	0.05731	0.06534	0.01375	0.00858	0.01004	0.00692	0.00505	0.00498	0.00135	0.04862	0.00356	0.00264	0.00605
13	0.01094	0.01152	0.05661	0.01371	0.17780	0.16181	0.03642	0.08154	0.02757	0.01475	0.01579	0.30167	0.01658	0.00865	0.00518	0.00160	0.00517	0.04366	0.00341	0.00564
14	0.00919	0.00889	0.03805	0.12149	0.20094	0.02436	0.06697	0.01294	0.10411	0.01528	0.14803	0.13528	0.06990	0.00756	0.00517	0.00157	0.00455	0.01648	0.00352	0.00575
15	0.00618	0.00447	0.00589	0.00660	0.00724	0.00418	0.00477	0.00750	0.01030	0.01383	0.19467	0.51337	0.07710	0.01328	0.00596	0.00184	0.00282	0.11144	0.00455	0.00404
16	0.01167	0.01231	0.01467	0.15865	0.20629	0.18865	0.05460	0.01476	0.07471	0.01375	0.03657	0.04562	0.03524	0.00602	0.00590	0.00153	0.09000	0.02038	0.00276	0.00592
17	0.00661	0.00488	0.00588	0.00558	0.00692	0.00434	0.00420	0.00847	0.01245	0.03437	0.52239	0.03833	0.30761	0.01036	0.00555	0.00152	0.00232	0.00894	0.00492	0.00437
18	0.01486	0.04012	0.01432	0.01447	0.15797	0.40252	0.02301	0.06751	0.17169	0.01512	0.01108	0.01189	0.02441	0.00521	0.00448	0.00135	0.00657	0.00396	0.00306	0.00640
19	0.00931	0.00489	0.00495	0.00476	0.00601	0.00497	0.00362	0.05512	0.01058	0.01827	0.01515	0.01722	0.01185	0.00550	0.00338	0.00112	0.00237	0.00439	0.81193	0.00460
20	0.01590	0.01356	0.05912	0.03159	0.10521	0.07126	0.00996	0.48179	0.07280	0.05180	0.01169	0.01284	0.00875	0.00560	0.00472	0.00144	0.00544	0.02492	0.00410	0.00751
21	0.11455	0.09880	0.05365	0.07662	0.14159	0.02103	0.03987	0.11115	0.01122	0.05692	0.00906	0.01097	0.00722	0.00648	0.05091	0.00170	0.06234	0.00372	0.00287	0.11935
22	0.03331	0.06863	0.32865	0.01292	0.06171	0.25323	0.02739	0.06050	0.01168	0.03282	0.00854	0.00999	0.00658	0.00570	0.03286	0.00156	0.00711	0.00346	0.00246	0.03092

[dist]
# distance from previous block
# <min> <max>
0	4

[block]
# block no. 5 follows, 54 sequences, length 7
# corresponding to MSA columns:
# 190-194,196,197
name=unknown_F
#
# <colnr> <probs for GDERKNQSTAVLIFYWHMCP>
#	G	D	E	R	K	N	Q	S	T	A	V	L	I	F	Y	W	H	M	C	P
0	0.04063	0.01439	0.01158	0.01037	0.03187	0.33151	0.00781	0.13184	0.08949	0.09620	0.04622	0.06463	0.04382	0.00623	0.00457	0.00136	0.00573	0.00477	0.00369	0.05328
1	0.00782	0.00563	0.00801	0.00766	0.00894	0.00534	0.06071	0.02417	0.02665	0.05332	0.17899	0.27899	0.11054	0.04714	0.00706	0.03491	0.00347	0.12187	0.00432	0.00447
2	0.01098	0.05032	0.04607	0.05489	0.01461	0.06823	0.06932	0.05146	0.00905	0.01270	0.00751	0.01105	0.00678	0.00919	0.07536	0.00228	0.48831	0.00414	0.00228	0.00546
3	0.00577	0.00468	0.00512	0.00523	0.00655	0.00403	0.00384	0.00707	0.01089	0.01359	0.16182	0.16344	0.56749	0.01201	0.00564	0.00162	0.00242	0.01026	0.00450	0.00403
4	0.00833	0.00645	0.00855	0.00797	0.00904	0.00745	0.00617	0.08014	0.05075	0.01386	0.10211	0.02026	0.01535	0.10872	0.45436	0.00521	0.08195	0.00549	0.00314	0.00470
5	0.07019	0.01334	0.10955	0.07990	0.30613	0.10262	0.06387	0.03926	0.01081	0.01526	0.00898	0.03623	0.00753	0.00477	0.00478	0.00139	0.02935	0.00411	0.00251	0.08943
6	0.01428	0.25146	0.10937	0.07237	0.01643	0.32110	0.05155	0.08566	0.01227	0.01367	0.00778	0.00919	0.00630	0.00460	0.00408	0.00125	0.00685	0.00327	0.00244	0.00607

[dist]
# distance from previous block
# <min> <max>
21	264

[block]
# block no. 6 follows, 54 sequences, length 35
# corresponding to MSA columns:
# 482-497,502-520
name=unknown_G
#
# <colnr> <probs for GDERKNQSTAVLIFYWHMCP>
#	G	D	E	R	K	N	Q	S	T	A	V	L	I	F	Y	W	H	M	C	P
0	0.04972	0.22515	0.07604	0.04778	0.13073	0.18426	0.05619	0.03755	0.06574	0.03188	0.00881	0.01016	0.00710	0.00453	0.00408	0.00127	0.00599	0.00351	0.00260	0.04693
1	0.51191	0.01175	0.02487	0.00951	0.03399	0.12383	0.07732	0.02625	0.09491	0.01882	0.00880	0.01034	0.00695	0.00480	0.00371	0.00146	0.00487	0.01723	0.00302	0.00565
2	0.04423	0.01179	0.22976	0.05366	0.11926	0.00815	0.00989	0.01150	0.00975	0.01431	0.10587	0.01910	0.06958	0.11455	0.07366	0.00233	0.02149	0.00515	0.00285	0.07311
3	0.03759	0.14857	0.03041	0.09095	0.24389	0.06946	0.07533	0.02881	0.09931	0.01494	0.05237	0.04143	0.01918	0.00536	0.00473	0.00142	0.02245	0.00463	0.00284	0.00635
4	0.02558	0.00593	0.00804	0.00772	0.00885	0.00675	0.00597	0.09147	0.00918	0.01312	0.01315	0.05893	0.01249	0.07081	0.63205	0.00636	0.01075	0.00542	0.00288	0.00455
5	0.00672	0.00495	0.00717	0.00721	0.00792	0.00564	0.00543	0.00814	0.00753	0.01074	0.01341	0.04944	0.01321	0.14322	0.67888	0.00697	0.01118	0.00560	0.00264	0.00401
6	0.01727	0.02162	0.05039	0.01208	0.01485	0.69696	0.00948	0.09666	0.01410	0.01354	0.00775	0.00886	0.00627	0.00492	0.00431	0.00125	0.00810	0.00318	0.00264	0.00579
7	0.01204	0.00868	0.00968	0.00868	0.01102	0.00950	0.00675	0.04710	0.47364	0.12421	0.03111	0.02271	0.04304	0.10140	0.00715	0.00196	0.00389	0.06614	0.00467	0.00662
8	0.01647	0.04178	0.01446	0.01215	0.07845	0.06173	0.00921	0.56234	0.11272	0.02563	0.01166	0.01180	0.00855	0.00553	0.00464	0.00141	0.00524	0.00424	0.00430	0.00769
9	0.00682	0.00455	0.00515	0.00519	0.00520	0.00454	0.00291	0.00685	0.00693	0.00925	0.01525	0.05939	0.01764	0.80508	0.02336	0.00448	0.00451	0.00709	0.00291	0.00289
10	0.01452	0.00800	0.00986	0.00813	0.01073	0.00792	0.00648	0.17594	0.05936	0.30662	0.23187	0.04544	0.02079	0.02699	0.04366	0.00184	0.00413	0.00603	0.00510	0.00659
11	0.00780	0.00531	0.00709	0.00769	0.00892	0.00509	0.00644	0.00973	0.01111	0.05624	0.11053	0.10727	0.13325	0.01227	0.00615	0.00196	0.00371	0.49046	0.00452	0.00446
12	0.00872	0.00644	0.00836	0.01993	0.03651	0.02899	0.00610	0.04003	0.02181	0.06174	0.01525	0.06198	0.04614	0.16240	0.40314	0.00503	0.03799	0.02177	0.00309	0.00459
13	0.00652	0.00481	0.00608	0.00577	0.00695	0.00438	0.00432	0.00859	0.01297	0.01802	0.69424	0.03668	0.15320	0.00997	0.00556	0.00150	0.00225	0.00873	0.00507	0.00438
14	0.04648	0.04996	0.07898	0.00977	0.05077	0.02470	0.00819	0.04271	0.03228	0.46640	0.04298	0.01713	0.01226	0.00599	0.00465	0.00145	0.00443	0.05341	0.00468	0.04278
15	0.01570	0.01417	0.01280	0.03550	0.01436	0.20233	0.00861	0.32837	0.26197	0.03807	0.01290	0.01276	0.00958	0.00568	0.00463	0.00143	0.00552	0.00431	0.00415	0.00716
16	0.01004	0.09762	0.32913	0.04118	0.10816	0.02956	0.04501	0.01339	0.01028	0.04382	0.03453	0.10352	0.05446	0.00608	0.00462	0.00144	0.00552	0.00517	0.00274	0.05373
17	0.01206	0.07468	0.23995	0.06739	0.17996	0.06732	0.07917	0.11203	0.01182	0.02930	0.00944	0.01132	0.01984	0.00493	0.00529	0.00146	0.06072	0.00402	0.00259	0.00672
18	0.04128	0.18256	0.56427	0.01216	0.01809	0.06281	0.02783	0.01498	0.01005	0.01419	0.00797	0.00936	0.00598	0.00440	0.00414	0.00138	0.00659	0.00327	0.00206	0.00662
19	0.00946	0.02439	0.80987	0.01344	0.02041	0.01095	0.01742	0.01493	0.00995	0.01493	0.00846	0.00995	0.00597	0.00448	0.00448	0.00149	0.00697	0.00348	0.00199	0.00697
20	0.86760	0.00912	0.00693	0.00620	0.00912	0.01058	0.00511	0.01386	0.00802	0.02115	0.00657	0.00766	0.00511	0.00438	0.00292	0.00146	0.00365	0.00255	0.00292	0.00511
21	0.00586	0.00425	0.00578	0.03519	0.00774	0.00406	0.00468	0.00676	0.00904	0.01204	0.02537	0.80251	0.03031	0.01442	0.00597	0.00190	0.00286	0.01308	0.00430	0.00388
22	0.00674	0.00505	0.00758	0.00758	0.00842	0.00589	0.00589	0.00842	0.00758	0.01095	0.01263	0.01852	0.01179	0.03536	0.81561	0.00758	0.01263	0.00505	0.00253	0.00421
23	0.01732	0.02162	0.01344	0.01211	0.01449	0.75213	0.00915	0.04737	0.01344	0.01221	0.00739	0.00868	0.00615	0.00503	0.00473	0.00126	0.04230	0.00313	0.00250	0.00555
24	0.00578	0.00412	0.00546	0.00651	0.00678	0.00386	0.00432	0.00658	0.00895	0.01193	0.02559	0.80242	0.03068	0.04426	0.00667	0.00201	0.00280	0.01317	0.00432	0.00379
25	0.00686	0.00517	0.00753	0.00747	0.00818	0.00602	0.00570	0.00832	0.00751	0.01079	0.01288	0.03461	0.01252	0.12019	0.68601	0.00695	0.04124	0.00537	0.00258	0.00409
26	0.00681	0.00457	0.00524	0.00528	0.00532	0.00459	0.00302	0.00690	0.00696	0.00931	0.01517	0.05849	0.01745	0.77771	0.05096	0.00458	0.00479	0.00702	0.00290	0.00294
27	0.01058	0.01077	0.01396	0.01205	0.01221	0.06228	0.00993	0.01160	0.00759	0.01128	0.00665	0.01099	0.00663	0.03379	0.03060	0.00220	0.73553	0.00416	0.00212	0.00509
28	0.01799	0.03360	0.01347	0.01136	0.01426	0.53208	0.00882	0.19119	0.01527	0.10431	0.00944	0.00996	0.00713	0.00513	0.00439	0.00128	0.00720	0.00349	0.00331	0.00633
29	0.00879	0.00439	0.00439	0.00439	0.00549	0.00439	0.00330	0.01099	0.00989	0.01758	0.01538	0.01758	0.01209	0.00549	0.00330	0.00110	0.00220	0.00439	0.86047	0.00439
30	0.00974	0.00936	0.04255	0.09823	0.01480	0.00784	0.05937	0.01211	0.00964	0.01463	0.00855	0.02190	0.00716	0.00419	0.00468	0.00100	0.06229	0.00340	0.00263	0.60591
31	0.03265	0.02053	0.01311	0.02560	0.01448	0.69922	0.00902	0.03311	0.01298	0.03141	0.00774	0.00912	0.00638	0.00579	0.02508	0.00143	0.04109	0.00321	0.00255	0.00552
32	0.00788	0.00632	0.02207	0.00877	0.04369	0.02602	0.00660	0.00989	0.02279	0.03767	0.01251	0.01759	0.01133	0.03070	0.69159	0.00662	0.01153	0.00490	0.00266	0.01887
33	0.04891	0.17099	0.03130	0.06909	0.16890	0.11906	0.05422	0.03817	0.02987	0.07309	0.02550	0.01166	0.00822	0.00696	0.05760	0.00179	0.07181	0.00392	0.00273	0.00621
34	0.07493	0.10519	0.11675	0.03042	0.03007	0.08410	0.01891	0.05105	0.06770	0.05005	0.04332	0.03098	0.01011	0.00952	0.12313	0.00219	0.00616	0.00411	0.00301	0.13829

[dist]
# distance from previous block
# <min> <max>
1	6

[block]
# block no. 7 follows, 54 sequences, length 13
# corresponding to MSA columns:
# 527-539
name=unknown_H
#
# <colnr> <probs for GDERKNQSTAVLIFYWHMCP>
#	G	D	E	R	K	N	Q	S	T	A	V	L	I	F	Y	W	H	M	C	P
0	0.00930	0.00740	0.00963	0.01031	0.11884	0.00745	0.00688	0.05445	0.14875	0.03321	0.28782	0.07183	0.05392	0.00979	0.06005	0.00189	0.00404	0.02788	0.00425	0.07232
1	0.01209	0.00919	0.06497	0.02558	0.04178	0.00795	0.04450	0.07180	0.10132	0.18121	0.03718	0.10258	0.05706	0.05196	0.00590	0.00162	0.00426	0.03974	0.00407	0.13524
2	0.00650	0.00499	0.00679	0.00663	0.00773	0.00466	0.03368	0.00821	0.01121	0.01520	0.36292	0.21355	0.16594	0.02935	0.06237	0.00212	0.00345	0.04598	0.00449	0.00425
3	0.01473	0.41649	0.04915	0.04182	0.01419	0.19363	0.00895	0.14692	0.01274	0.04975	0.00820	0.00907	0.00664	0.00462	0.00378	0.00118	0.00591	0.00313	0.00274	0.00634
4	0.00737	0.00474	0.00553	0.00551	0.00579	0.00469	0.00341	0.00777	0.00780	0.03378	0.06158	0.03187	0.01913	0.68109	0.02055	0.00403	0.00434	0.06050	0.02727	0.00325
5	0.01137	0.03631	0.04064	0.00919	0.01170	0.10517	0.00754	0.05194	0.37557	0.03268	0.07724	0.02377	0.09093	0.00758	0.00499	0.00158	0.00436	0.09686	0.00428	0.00628
6	0.00711	0.00504	0.00633	0.00645	0.00773	0.00462	0.00510	0.00891	0.01169	0.04662	0.30841	0.09954	0.24884	0.01136	0.00581	0.00172	0.00291	0.20272	0.00472	0.00439
7	0.01110	0.19578	0.28445	0.06071	0.06763	0.01305	0.15027	0.02855	0.03948	0.03185	0.00877	0.01065	0.00680	0.00469	0.00521	0.00145	0.06680	0.00389	0.00234	0.00652
8	0.00557	0.00478	0.00478	0.00478	0.00637	0.00398	0.00358	0.00677	0.01075	0.01274	0.04776	0.04538	0.80297	0.01194	0.00557	0.00159	0.00239	0.00995	0.00438	0.00398
9	0.01020	0.01194	0.21589	0.04338	0.07014	0.00871	0.02179	0.08015	0.07372	0.07038	0.13090	0.03145	0.06413	0.05035	0.09383	0.00231	0.00570	0.00552	0.00350	0.00602
10	0.01013	0.02344	0.76376	0.01315	0.01992	0.01072	0.01682	0.01540	0.01016	0.06071	0.00905	0.01031	0.00630	0.00456	0.00449	0.00149	0.00680	0.00356	0.00221	0.00703
11	0.01198	0.03521	0.04915	0.04038	0.17906	0.14625	0.06426	0.13567	0.02564	0.01623	0.03217	0.01986	0.16569	0.00664	0.00507	0.00147	0.01903	0.03687	0.00327	0.00609
12	0.01761	0.02247	0.01336	0.01215	0.01458	0.81537	0.00911	0.01883	0.01336	0.01154	0.00729	0.00850	0.00607	0.00486	0.00425	0.00121	0.00850	0.00304	0.00243	0.00547

[dist]
# distance from previous block
# <min> <max>
0	1

[block]
# block no. 8 follows, 54 sequences, length 32
# corresponding to MSA columns:
# 541-572
name=unknown_I
#
# <colnr> <probs for GDERKNQSTAVLIFYWHMCP>
#	G	D	E	R	K	N	Q	S	T	A	V	L	I	F	Y	W	H	M	C	P
0	0.07113	0.15798	0.08842	0.06208	0.02481	0.23782	0.00887	0.05580	0.02492	0.03764	0.07865	0.01273	0.01034	0.00578	0.00493	0.03904	0.01579	0.01743	0.00286	0.04299
1	0.50219	0.09039	0.04416	0.02572	0.01152	0.10949	0.01743	0.05731	0.02788	0.01842	0.00842	0.05327	0.00720	0.00509	0.00354	0.00142	0.00467	0.00347	0.00293	0.00548
2	0.06169	0.02091	0.01310	0.01172	0.01430	0.69856	0.00889	0.09081	0.01391	0.01374	0.00763	0.00872	0.00621	0.00491	0.00423	0.00125	0.00794	0.00313	0.00267	0.00569
3	0.00679	0.00485	0.00655	0.00655	0.00704	0.00534	0.00462	0.00776	0.00727	0.01019	0.01357	0.02371	0.01404	0.37114	0.48290	0.00631	0.00924	0.00581	0.00267	0.00364
4	0.00574	0.00410	0.00547	0.00657	0.00684	0.00383	0.00438	0.00657	0.00903	0.01204	0.02599	0.83122	0.03119	0.01477	0.00602	0.00191	0.00274	0.01340	0.00438	0.00383
5	0.01792	0.01321	0.01415	0.01085	0.01462	0.01462	0.00896	0.78916	0.02217	0.02972	0.01132	0.01132	0.00802	0.00566	0.00472	0.00142	0.00519	0.00425	0.00472	0.00802
6	0.02115	0.00802	0.01094	0.00839	0.01204	0.00693	0.00693	0.02298	0.01350	0.80815	0.01860	0.01605	0.01167	0.00584	0.00474	0.00146	0.00401	0.00474	0.00584	0.00802
7	0.81054	0.00919	0.00718	0.00643	0.00933	0.01065	0.00526	0.01461	0.06058	0.02106	0.00741	0.00832	0.00573	0.00451	0.00304	0.00147	0.00365	0.00274	0.00304	0.00526
8	0.00994	0.15017	0.68836	0.01261	0.01912	0.01214	0.01597	0.01481	0.00990	0.01434	0.00817	0.00958	0.00598	0.00441	0.00425	0.00142	0.00667	0.00334	0.00199	0.00683
9	0.00748	0.00572	0.00826	0.00869	0.01006	0.00556	0.04944	0.00960	0.01085	0.01395	0.02763	0.04978	0.14528	0.01237	0.00632	0.00205	0.00424	0.61408	0.00424	0.00440
10	0.00978	0.00838	0.00978	0.00698	0.01117	0.00629	0.00559	0.01187	0.00978	0.01536	0.00838	0.00978	0.00698	0.00349	0.00349	0.00070	0.00349	0.00279	0.00279	0.86312
11	0.00574	0.00410	0.00547	0.00657	0.00684	0.00383	0.00438	0.00657	0.00903	0.01204	0.02599	0.83122	0.03119	0.01477	0.00602	0.00191	0.00274	0.01340	0.00438	0.00383
12	0.00978	0.00838	0.00978	0.00698	0.01117	0.00629	0.00559	0.01187	0.00978	0.01536	0.00838	0.00978	0.00698	0.00349	0.00349	0.00070	0.00349	0.00279	0.00279	0.86312
13	0.01653	0.00861	0.04000	0.00845	0.01159	0.00768	0.00702	0.07640	0.10837	0.48006	0.03814	0.10081	0.06035	0.00719	0.00493	0.00153	0.00391	0.00600	0.00524	0.00717
14	0.00581	0.00413	0.00545	0.00648	0.00674	0.00387	0.00429	0.00658	0.00890	0.01186	0.02533	0.78368	0.03035	0.06345	0.00709	0.00207	0.00284	0.01302	0.00429	0.00377
15	0.00674	0.00504	0.00750	0.00750	0.00831	0.00585	0.00579	0.00837	0.00755	0.01088	0.01270	0.01894	0.01197	0.06242	0.78880	0.00748	0.01236	0.00511	0.00254	0.00416
16	0.01044	0.00638	0.00721	0.00642	0.00760	0.00651	0.00444	0.14493	0.01066	0.09526	0.01510	0.05386	0.01487	0.46972	0.01538	0.00316	0.00425	0.00612	0.11316	0.00451
17	0.00896	0.00661	0.00842	0.00868	0.01019	0.00686	0.00736	0.09389	0.08366	0.01684	0.11339	0.04342	0.02596	0.01125	0.00606	0.00196	0.00413	0.53282	0.00452	0.00503
18	0.00816	0.00607	0.00801	0.00881	0.01011	0.00628	0.00758	0.01185	0.11763	0.01487	0.02418	0.04835	0.02540	0.01212	0.00628	0.00209	0.00426	0.66877	0.00440	0.00477
19	0.01888	0.01167	0.01320	0.01012	0.01385	0.01234	0.00836	0.56154	0.01959	0.26098	0.01348	0.01272	0.00910	0.00571	0.00472	0.00143	0.00484	0.00439	0.00505	0.00802
20	0.00667	0.00494	0.00607	0.00652	0.00742	0.00467	0.00479	0.04056	0.01056	0.01380	0.11261	0.37582	0.19754	0.06378	0.00701	0.00198	0.00306	0.12372	0.00438	0.00412
21	0.00581	0.00433	0.00541	0.00611	0.00676	0.00393	0.00421	0.00687	0.00988	0.01295	0.11710	0.57191	0.20036	0.01359	0.00587	0.00180	0.00260	0.01211	0.00447	0.00393
22	0.00685	0.00462	0.00538	0.00538	0.00546	0.00470	0.00315	0.00701	0.00693	0.00931	0.01464	0.02968	0.01663	0.75787	0.09973	0.00486	0.00534	0.00668	0.00283	0.00299
23	0.00684	0.00451	0.00518	0.00536	0.00550	0.00447	0.00320	0.00715	0.00746	0.01024	0.01671	0.14775	0.01903	0.64160	0.01961	0.00390	0.00413	0.02171	0.06252	0.00313
24	0.00620	0.00446	0.00562	0.00635	0.00676	0.00428	0.00425	0.00733	0.03190	0.01198	0.04169	0.57307	0.06825	0.16752	0.00933	0.00239	0.00313	0.03758	0.00412	0.00379
25	0.01562	0.01125	0.01201	0.00950	0.01261	0.01238	0.00770	0.58972	0.05964	0.02625	0.01253	0.01365	0.00946	0.05077	0.00556	0.00155	0.00463	0.00447	0.13354	0.00716
26	0.69068	0.00889	0.00777	0.00666	0.00973	0.00982	0.00549	0.01577	0.00917	0.18565	0.00908	0.00941	0.00648	0.00468	0.00330	0.00146	0.00372	0.00301	0.00353	0.00572
27	0.05805	0.00494	0.00560	0.00572	0.00689	0.00484	0.00435	0.00993	0.01039	0.03930	0.14028	0.15590	0.08199	0.02639	0.00507	0.00155	0.00273	0.09306	0.33863	0.00439
28	0.00668	0.00445	0.00519	0.00545	0.00556	0.00439	0.00324	0.00697	0.00750	0.01020	0.01752	0.22025	0.02025	0.60347	0.01882	0.00379	0.00403	0.00830	0.04078	0.00316
29	0.00819	0.00410	0.00614	0.00614	0.00614	0.00410	0.00410	0.00614	0.00614	0.00819	0.00819	0.01433	0.00819	0.01638	0.01843	0.86282	0.00410	0.00410	0.00205	0.00205
30	0.00769	0.00595	0.00717	0.00678	0.00824	0.00598	0.00519	0.01214	0.17663	0.01830	0.53375	0.04717	0.08625	0.00939	0.00546	0.00156	0.00267	0.04965	0.00500	0.00503
31	0.00702	0.00503	0.00638	0.00633	0.00659	0.00548	0.00426	0.00761	0.00724	0.00996	0.01433	0.04093	0.01571	0.53534	0.23264	0.00510	0.05135	0.03248	0.00280	0.00341

[dist]
# distance from previous block
# <min> <max>
0	1

[block]
# block no. 9 follows, 54 sequences, length 123
# corresponding to MSA columns:
# 574-629,645-666,669-713
name=unknown_J
#
# <colnr> <probs for GDERKNQSTAVLIFYWHMCP>
#	G	D	E	R	K	N	Q	S	T	A	V	L	I	F	Y	W	H	M	C	P
0	0.00600	0.00489	0.00525	0.00539	0.00668	0.00436	0.00389	0.00765	0.04656	0.01293	0.06677	0.18772	0.55092	0.06126	0.00672	0.00183	0.00264	0.01014	0.00433	0.00406
1	0.00574	0.00410	0.00547	0.00657	0.00684	0.00383	0.00438	0.00657	0.00903	0.01204	0.02599	0.83122	0.03119	0.01477	0.00602	0.00191	0.00274	0.01340	0.00438	0.00383
2	0.01083	0.01027	0.01541	0.23573	0.41015	0.06819	0.01220	0.01341	0.01047	0.03215	0.03874	0.05089	0.00985	0.00697	0.05320	0.00183	0.00612	0.00476	0.00257	0.00627
3	0.01105	0.01090	0.01765	0.13957	0.35201	0.03750	0.14369	0.01543	0.12506	0.01506	0.01106	0.05053	0.00925	0.00521	0.00528	0.00153	0.03486	0.00498	0.00275	0.00663
4	0.01792	0.01321	0.01415	0.01085	0.01462	0.01462	0.00896	0.78916	0.02217	0.02972	0.01132	0.01132	0.00802	0.00566	0.00472	0.00142	0.00519	0.00425	0.00472	0.00802
5	0.01101	0.01073	0.02835	0.21166	0.52131	0.02523	0.01336	0.01474	0.07541	0.01485	0.00984	0.02516	0.00809	0.00468	0.00470	0.00146	0.00563	0.00441	0.00251	0.00685
6	0.01045	0.01064	0.01459	0.03105	0.01327	0.05132	0.04559	0.01171	0.00776	0.01152	0.00683	0.01088	0.00656	0.00944	0.06205	0.00232	0.68252	0.00420	0.00212	0.00517
7	0.01093	0.00937	0.01060	0.00873	0.04370	0.02372	0.00660	0.08070	0.16114	0.01736	0.02620	0.01267	0.02579	0.00458	0.00399	0.00100	0.00382	0.00372	0.00339	0.54202
8	0.00662	0.00480	0.00624	0.00592	0.00702	0.00442	0.00442	0.00879	0.01318	0.01859	0.76448	0.05355	0.06460	0.00982	0.00557	0.00150	0.00224	0.00868	0.00515	0.00442
9	0.00695	0.00492	0.00615	0.00607	0.00630	0.00530	0.00396	0.00745	0.00706	0.00971	0.01393	0.02676	0.01529	0.58818	0.23665	0.00529	0.03772	0.00627	0.00274	0.00331
10	0.01124	0.01077	0.01837	0.15153	0.68563	0.01109	0.01426	0.01410	0.01053	0.01489	0.00879	0.01181	0.00729	0.00428	0.00468	0.00143	0.00571	0.00420	0.00230	0.00712
11	0.00559	0.00471	0.00485	0.00496	0.00642	0.00396	0.00367	0.00675	0.01057	0.01266	0.04549	0.12746	0.72235	0.01224	0.00562	0.00163	0.00242	0.01031	0.00438	0.00396
12	0.01022	0.01018	0.01425	0.01225	0.01226	0.01421	0.01019	0.01124	0.00726	0.01136	0.00661	0.02790	0.00672	0.00839	0.01527	0.00206	0.80804	0.00433	0.00211	0.00513
13	0.00677	0.00517	0.00733	0.00728	0.00823	0.00584	0.00564	0.00852	0.02375	0.01129	0.01717	0.02181	0.11564	0.03082	0.66083	0.02865	0.02260	0.00566	0.00280	0.00420
14	0.00595	0.00440	0.00559	0.00645	0.00707	0.00406	0.00459	0.00699	0.00954	0.01237	0.02982	0.57604	0.17719	0.02737	0.00629	0.00193	0.00289	0.10321	0.00435	0.00390
15	0.00760	0.00543	0.00760	0.00868	0.00977	0.00543	0.00760	0.00977	0.01085	0.01411	0.02496	0.05319	0.02714	0.01303	0.00651	0.00217	0.00434	0.77315	0.00434	0.00434
16	0.06733	0.00768	0.00974	0.00777	0.01092	0.00707	0.00633	0.02073	0.06380	0.59171	0.03322	0.01625	0.01218	0.00582	0.00447	0.00142	0.00370	0.00468	0.11790	0.00727
17	0.00728	0.00539	0.00671	0.00635	0.00762	0.00517	0.00480	0.04529	0.04622	0.01832	0.59603	0.09746	0.09482	0.00998	0.00555	0.00155	0.00253	0.02926	0.00501	0.00466
18	0.00574	0.00410	0.00547	0.00657	0.00684	0.00383	0.00438	0.00657	0.00903	0.01204	0.02599	0.83122	0.03119	0.01477	0.00602	0.00191	0.00274	0.01340	0.00438	0.00383
19	0.00662	0.00482	0.00623	0.00588	0.00701	0.00443	0.00441	0.00880	0.01323	0.01862	0.76755	0.03569	0.07951	0.00975	0.00556	0.00149	0.00223	0.00859	0.00515	0.00443
20	0.00686	0.00487	0.00635	0.00631	0.00668	0.00530	0.00429	0.00761	0.00717	0.00996	0.01375	0.02518	0.01465	0.47490	0.36682	0.00583	0.02125	0.00603	0.00270	0.00348
21	0.00574	0.00412	0.00545	0.00652	0.00683	0.00383	0.00436	0.00657	0.00907	0.01205	0.02650	0.81268	0.04939	0.01471	0.00601	0.00191	0.00273	0.01332	0.00438	0.00383
22	0.01167	0.01120	0.01914	0.02894	0.80488	0.01120	0.01447	0.01447	0.01074	0.01540	0.00887	0.01167	0.00747	0.00420	0.00467	0.00140	0.00560	0.00420	0.00233	0.00747
23	0.01907	0.01138	0.01302	0.00998	0.01371	0.01190	0.00824	0.51844	0.01910	0.30477	0.01389	0.01299	0.00931	0.00572	0.00473	0.00143	0.00477	0.00442	0.00511	0.00802
24	0.00709	0.00461	0.00592	0.00649	0.00724	0.00425	0.00456	0.00810	0.00966	0.07178	0.04743	0.54624	0.12748	0.06982	0.00712	0.00203	0.00300	0.05865	0.00440	0.00414
25	0.01755	0.01321	0.01393	0.01080	0.01448	0.03102	0.00888	0.72757	0.06824	0.02874	0.01171	0.01164	0.00836	0.00569	0.00471	0.00142	0.00517	0.00428	0.00467	0.00793
26	0.00574	0.00410	0.00547	0.00657	0.00684	0.00383	0.00438	0.00657	0.00903	0.01204	0.02599	0.83122	0.03119	0.01477	0.00602	0.00191	0.00274	0.01340	0.00438	0.00383
27	0.03364	0.00563	0.00744	0.00740	0.00882	0.00526	0.00567	0.01197	0.01045	0.23081	0.02238	0.35898	0.02320	0.07379	0.00705	0.00203	0.00359	0.17221	0.00461	0.00505
28	0.00686	0.00457	0.00514	0.00514	0.00514	0.00457	0.00286	0.00686	0.00686	0.00914	0.01486	0.03086	0.01714	0.83430	0.02400	0.00457	0.00457	0.00686	0.00286	0.00286
29	0.01032	0.01032	0.01444	0.01238	0.01238	0.01444	0.01032	0.01135	0.00722	0.01135	0.00619	0.01032	0.00619	0.00825	0.01547	0.00206	0.82567	0.00413	0.00206	0.00516
30	0.65516	0.00957	0.00838	0.00709	0.01021	0.01074	0.00585	0.12300	0.01060	0.10969	0.00856	0.00910	0.00624	0.00472	0.00337	0.00145	0.00390	0.00303	0.00349	0.00584
31	0.00577	0.00474	0.00508	0.00508	0.00651	0.00405	0.00378	0.00712	0.01109	0.01374	0.17453	0.09060	0.62814	0.01172	0.00560	0.00159	0.00238	0.00992	0.00452	0.00405
32	0.01761	0.02247	0.01336	0.01215	0.01458	0.81537	0.00911	0.01883	0.01336	0.01154	0.00729	0.00850	0.00607	0.00486	0.00425	0.00121	0.00850	0.00304	0.00243	0.00547
33	0.00676	0.00496	0.00711	0.00711	0.00780	0.00564	0.00532	0.00812	0.00744	0.01060	0.01305	0.02087	0.01281	0.18744	0.66493	0.00701	0.01110	0.00540	0.00259	0.00395
34	0.01032	0.01032	0.01444	0.01238	0.01238	0.01444	0.01032	0.01135	0.00722	0.01135	0.00619	0.01032	0.00619	0.00825	0.01547	0.00206	0.82567	0.00413	0.00206	0.00516
35	0.00684	0.00463	0.00543	0.00543	0.00553	0.00473	0.00322	0.00704	0.00694	0.00936	0.01459	0.02939	0.01650	0.73905	0.11837	0.00493	0.00553	0.00664	0.00282	0.00302
36	0.00557	0.00478	0.00478	0.00478	0.00637	0.00398	0.00358	0.00677	0.01075	0.01274	0.04776	0.04538	0.80297	0.01194	0.00557	0.00159	0.00239	0.00995	0.00438	0.00398
37	0.01035	0.01814	0.39119	0.01688	0.02267	0.01147	0.42983	0.01502	0.01058	0.01502	0.00904	0.01143	0.00661	0.00421	0.00506	0.00154	0.00749	0.00460	0.00220	0.00664
38	0.01056	0.00868	0.01054	0.06598	0.06394	0.00942	0.02644	0.03811	0.40333	0.05420	0.10236	0.02299	0.14871	0.00730	0.00501	0.00156	0.00380	0.00623	0.00441	0.00643
39	0.01000	0.00939	0.01591	0.25294	0.44929	0.00993	0.03014	0.01264	0.01012	0.01394	0.01125	0.13170	0.01059	0.00589	0.00490	0.00153	0.00543	0.00557	0.00257	0.00627
