[name]
unknown

[dist]
# distance from previous block
# <min> <max>
32	164

[block]
# block no. 0 follows, 59 sequences, length 16
# corresponding to MSA columns:
# 174-189
name=unknown_A
#
# <colnr> <probs for GDERKNQSTAVLIFYWHMCP>
#	G	D	E	R	K	N	Q	S	T	A	V	L	I	F	Y	W	H	M	C	P
0	0.06301	0.03350	0.10688	0.06408	0.22835	0.05389	0.02120	0.11122	0.10104	0.04806	0.01108	0.04825	0.02386	0.00502	0.00423	0.00132	0.00488	0.00422	0.00298	0.06290
1	0.11550	0.02235	0.09033	0.04331	0.22128	0.04671	0.06795	0.09254	0.07021	0.05113	0.01036	0.01158	0.03202	0.00451	0.00410	0.00128	0.00490	0.00383	0.00286	0.10323
2	0.01107	0.02776	0.01077	0.01042	0.11608	0.11139	0.02002	0.18566	0.05241	0.01704	0.10712	0.04534	0.13120	0.00639	0.00442	0.00128	0.00420	0.00528	0.05158	0.08059
3	0.03738	0.00645	0.00752	0.00657	0.00830	0.00650	0.00512	0.17031	0.03516	0.03921	0.52559	0.02743	0.09070	0.00810	0.00493	0.00139	0.00278	0.00692	0.00465	0.00499
4	0.01043	0.00886	0.00930	0.02643	0.03213	0.04141	0.00643	0.06435	0.50322	0.01644	0.01635	0.01838	0.03006	0.15913	0.00772	0.00196	0.00392	0.00512	0.03239	0.00595
5	0.04662	0.11478	0.02961	0.01134	0.11223	0.17300	0.03792	0.09140	0.02777	0.01465	0.00787	0.00923	0.00645	0.00418	0.00417	0.00108	0.03943	0.00313	0.00257	0.26258
6	0.00738	0.00658	0.01154	0.00986	0.01135	0.00646	0.22664	0.00903	0.00873	0.01175	0.01685	0.30238	0.01849	0.16328	0.04074	0.00240	0.03591	0.10328	0.00317	0.00420
7	0.00916	0.00785	0.00916	0.00654	0.01047	0.00589	0.00523	0.01112	0.00916	0.01439	0.00785	0.00916	0.00654	0.00327	0.00327	0.00065	0.00327	0.00262	0.00262	0.87178
8	0.00991	0.00829	0.00956	0.00690	0.01078	0.00665	0.00554	0.08873	0.01030	0.01571	0.00812	0.00930	0.00664	0.00347	0.00338	0.00072	0.00343	0.00275	0.00279	0.78702
9	0.00565	0.00404	0.00544	0.00646	0.00683	0.00382	0.00457	0.00662	0.00872	0.01158	0.02419	0.71841	0.02862	0.01358	0.00571	0.00183	0.00280	0.13338	0.00409	0.00366
10	0.01465	0.05949	0.01256	0.00960	0.01272	0.05996	0.00781	0.41855	0.28515	0.05368	0.01288	0.01240	0.00945	0.00541	0.00433	0.00135	0.00453	0.00418	0.00422	0.00709
11	0.00954	0.07244	0.49670	0.01406	0.09598	0.01075	0.12310	0.01442	0.07051	0.01408	0.00921	0.03327	0.00714	0.00448	0.00433	0.00139	0.00607	0.00393	0.00221	0.00639
12	0.00979	0.00863	0.03858	0.00703	0.01097	0.00656	0.00586	0.04705	0.03441	0.03363	0.00851	0.00959	0.00687	0.00353	0.00342	0.00075	0.00348	0.00282	0.00279	0.75574
13	0.00589	0.00439	0.00550	0.00590	0.00670	0.00412	0.00428	0.00740	0.02841	0.01311	0.21121	0.36910	0.18042	0.04030	0.02572	0.00187	0.00282	0.07484	0.00419	0.00385
14	0.03380	0.04306	0.04937	0.06163	0.09209	0.03511	0.00728	0.03160	0.00961	0.02571	0.00858	0.04088	0.00733	0.00402	0.00362	0.00092	0.00403	0.00329	0.00260	0.53549
15	0.36486	0.12237	0.01168	0.00911	0.03824	0.31116	0.00707	0.04445	0.01011	0.01517	0.00663	0.00777	0.00543	0.00435	0.00362	0.00124	0.02634	0.00270	0.00248	0.00520

[dist]
# distance from previous block
# <min> <max>
0	1

[block]
# block no. 1 follows, 59 sequences, length 12
# corresponding to MSA columns:
# 191-202
name=unknown_B
#
# <colnr> <probs for GDERKNQSTAVLIFYWHMCP>
#	G	D	E	R	K	N	Q	S	T	A	V	L	I	F	Y	W	H	M	C	P
0	0.00676	0.00500	0.00585	0.00654	0.00711	0.04754	0.00453	0.00768	0.00908	0.05130	0.05441	0.70435	0.02746	0.01270	0.00549	0.00173	0.00293	0.03154	0.00410	0.00390
1	0.01003	0.04967	0.02957	0.00769	0.02895	0.00715	0.02569	0.05469	0.01015	0.04680	0.05121	0.01074	0.00858	0.00385	0.00356	0.00082	0.00361	0.00314	0.00287	0.64125
2	0.01108	0.08266	0.13201	0.07783	0.21778	0.08475	0.01035	0.04600	0.10747	0.02673	0.00923	0.01059	0.00727	0.00427	0.00401	0.00120	0.00510	0.00352	0.00260	0.15556
3	0.01020	0.00599	0.00761	0.00632	0.00861	0.00515	0.00497	0.01203	0.01128	0.21910	0.31568	0.02355	0.10770	0.00841	0.04828	0.00154	0.00329	0.00591	0.00432	0.19008
4	0.00803	0.00889	0.10022	0.03936	0.06412	0.03922	0.10837	0.01047	0.02208	0.03562	0.19960	0.05544	0.25596	0.00779	0.00516	0.00145	0.02298	0.00683	0.00350	0.00490
5	0.00632	0.00471	0.00698	0.00698	0.00773	0.00546	0.00538	0.00781	0.00706	0.01017	0.01194	0.01794	0.01130	0.07450	0.78626	0.00695	0.01145	0.00482	0.00238	0.00388
6	0.01820	0.00906	0.01160	0.00892	0.01235	0.00880	0.03588	0.22678	0.05799	0.53900	0.01535	0.01383	0.01002	0.00539	0.00447	0.00137	0.00417	0.00438	0.00502	0.00743
7	0.03574	0.03004	0.03883	0.05895	0.07012	0.04040	0.05084	0.19543	0.24741	0.08671	0.05650	0.02718	0.01142	0.00549	0.00441	0.00139	0.00447	0.00459	0.02356	0.00653
8	0.01110	0.05282	0.00956	0.00740	0.01938	0.00737	0.00576	0.09091	0.05332	0.16343	0.15627	0.07038	0.01639	0.08006	0.01979	0.00159	0.03090	0.00522	0.00385	0.19448
9	0.02468	0.00937	0.03562	0.06838	0.43554	0.02294	0.03257	0.04143	0.04304	0.01448	0.01199	0.14208	0.02148	0.00580	0.00448	0.00138	0.00464	0.00535	0.04529	0.02945
10	0.10095	0.12276	0.30854	0.01070	0.04712	0.03243	0.04142	0.07646	0.03204	0.10112	0.02303	0.05182	0.00834	0.00493	0.00403	0.00133	0.00516	0.00391	0.00283	0.02108
11	0.02540	0.12922	0.50103	0.01233	0.02986	0.06227	0.08846	0.02787	0.00977	0.03538	0.00793	0.00937	0.00591	0.00428	0.00442	0.00134	0.03348	0.00336	0.00209	0.00624

[dist]
# distance from previous block
# <min> <max>
0	1

[block]
# block no. 2 follows, 59 sequences, length 60
# corresponding to MSA columns:
# 204-263
name=unknown_C
#
# <colnr> <probs for GDERKNQSTAVLIFYWHMCP>
#	G	D	E	R	K	N	Q	S	T	A	V	L	I	F	Y	W	H	M	C	P
0	0.04658	0.16793	0.06011	0.01124	0.05351	0.16558	0.05493	0.12154	0.01090	0.02621	0.00767	0.00947	0.00638	0.00583	0.02784	0.00150	0.18169	0.00342	0.01794	0.01974
1	0.01195	0.01160	0.03871	0.06329	0.01657	0.12978	0.27788	0.08306	0.02266	0.09346	0.07799	0.01381	0.01038	0.02867	0.03912	0.00173	0.06599	0.00470	0.00297	0.00569
2	0.02151	0.02280	0.07159	0.01115	0.14374	0.03386	0.02425	0.03501	0.18601	0.02759	0.17254	0.06475	0.10316	0.00695	0.00487	0.00142	0.02154	0.01524	0.00364	0.02839
3	0.01122	0.00943	0.00999	0.00896	0.01148	0.01086	0.00698	0.02342	0.78768	0.04019	0.01796	0.01644	0.01341	0.00598	0.00449	0.00149	0.00350	0.00498	0.00452	0.00700
4	0.01041	0.01454	0.22466	0.04559	0.22373	0.05860	0.25919	0.01411	0.03154	0.01380	0.00842	0.01076	0.00654	0.00426	0.00516	0.00143	0.05473	0.00412	0.00216	0.00625
5	0.00587	0.00450	0.00540	0.00519	0.00639	0.00403	0.00390	0.00759	0.01150	0.01543	0.51553	0.03616	0.32510	0.01032	0.02224	0.00154	0.00234	0.00841	0.00453	0.00400
6	0.01117	0.00958	0.01009	0.00903	0.01156	0.01107	0.00704	0.04839	0.78403	0.01877	0.01774	0.01629	0.01329	0.00597	0.00449	0.00149	0.00354	0.00496	0.00449	0.00701
7	0.00904	0.00773	0.00965	0.04306	0.02784	0.00838	0.05274	0.01650	0.41636	0.01730	0.27926	0.02245	0.05691	0.00697	0.00480	0.00146	0.00335	0.00611	0.00431	0.00578
8	0.00542	0.00387	0.00517	0.00619	0.00646	0.00362	0.00416	0.00621	0.00849	0.01132	0.02432	0.82507	0.02913	0.01380	0.00565	0.00180	0.00259	0.02902	0.00410	0.00360
9	0.01288	0.01014	0.01157	0.00963	0.06754	0.02236	0.00725	0.35785	0.01448	0.03560	0.02501	0.01047	0.00775	0.00438	0.00392	0.00103	0.00416	0.00345	0.00347	0.38707
10	0.01603	0.01973	0.01205	0.01091	0.01316	0.74768	0.00821	0.04732	0.01264	0.01179	0.00742	0.00856	0.00609	0.00461	0.00395	0.00114	0.00750	0.00296	0.05310	0.00515
11	0.87598	0.00854	0.00649	0.00581	0.00854	0.00991	0.00478	0.01298	0.00752	0.01982	0.00615	0.00717	0.00478	0.00410	0.00273	0.00137	0.00342	0.00239	0.00273	0.00478
12	0.00537	0.00388	0.00509	0.00605	0.00638	0.00360	0.00406	0.00616	0.00855	0.01131	0.02554	0.79511	0.07523	0.01368	0.00561	0.00178	0.00254	0.01237	0.00410	0.00360
13	0.00888	0.00835	0.01376	0.66422	0.12290	0.01000	0.02386	0.01250	0.06845	0.01224	0.00867	0.01203	0.00660	0.00446	0.00443	0.00145	0.00566	0.00402	0.00218	0.00533
14	0.00617	0.00451	0.00580	0.00548	0.00655	0.00413	0.00411	0.00819	0.01232	0.01728	0.75763	0.03370	0.09922	0.00919	0.00521	0.00140	0.00210	0.00809	0.00481	0.00413
15	0.01975	0.00762	0.01032	0.00791	0.01133	0.00665	0.00653	0.03898	0.01282	0.80258	0.01727	0.01493	0.01086	0.00546	0.00444	0.00137	0.00378	0.00443	0.00544	0.00752
16	0.01679	0.01237	0.01325	0.01016	0.01370	0.01370	0.00839	0.80251	0.02077	0.02783	0.01060	0.01060	0.00751	0.00530	0.00442	0.00133	0.00486	0.00398	0.00442	0.00751
17	0.00890	0.02256	0.80101	0.01275	0.01922	0.01028	0.03692	0.01399	0.00935	0.01399	0.00795	0.00939	0.00562	0.00418	0.00422	0.00140	0.00655	0.00331	0.00187	0.00651
18	0.01410	0.01593	0.01277	0.01300	0.14281	0.48077	0.02150	0.04112	0.02849	0.03487	0.05514	0.01055	0.00848	0.00464	0.00410	0.00115	0.00637	0.00346	0.00265	0.09809
19	0.00948	0.00830	0.01391	0.64107	0.17040	0.00974	0.01216	0.01229	0.00927	0.05920	0.00849	0.01181	0.00638	0.00439	0.00441	0.00144	0.00565	0.00396	0.00221	0.00543
20	0.00643	0.00435	0.00513	0.00516	0.00528	0.00444	0.00311	0.00666	0.00660	0.00888	0.01394	0.02817	0.01574	0.73145	0.11233	0.00454	0.00512	0.02713	0.00268	0.00286
21	0.87598	0.00854	0.00649	0.00581	0.00854	0.00991	0.00478	0.01298	0.00752	0.01982	0.00615	0.00717	0.00478	0.00410	0.00273	0.00137	0.00342	0.00239	0.00273	0.00478
22	0.01038	0.01369	0.15692	0.01761	0.04641	0.01108	0.62257	0.03880	0.01056	0.01456	0.00880	0.01141	0.00655	0.00386	0.00499	0.00146	0.00715	0.00481	0.00224	0.00613
23	0.00642	0.00428	0.00482	0.00482	0.00482	0.00428	0.00268	0.00642	0.00642	0.00856	0.01392	0.02890	0.01606	0.84478	0.02248	0.00428	0.00428	0.00642	0.00268	0.00268
24	0.00820	0.00412	0.00413	0.00413	0.00514	0.00412	0.00308	0.01022	0.00921	0.01632	0.01440	0.01670	0.01141	0.02096	0.00345	0.00109	0.00210	0.00416	0.85298	0.00409
25	0.01099	0.00949	0.00999	0.00899	0.01148	0.01099	0.00699	0.02347	0.80925	0.01848	0.01798	0.01648	0.01348	0.00599	0.00449	0.00150	0.00350	0.00499	0.00449	0.00699
26	0.00750	0.00483	0.00602	0.00555	0.00696	0.00431	0.00422	0.00928	0.01184	0.10637	0.51779	0.04650	0.23356	0.00925	0.00513	0.00142	0.00232	0.00800	0.00473	0.00442
27	0.87598	0.00854	0.00649	0.00581	0.00854	0.00991	0.00478	0.01298	0.00752	0.01982	0.00615	0.00717	0.00478	0.00410	0.00273	0.00137	0.00342	0.00239	0.00273	0.00478
28	0.00613	0.00442	0.00580	0.00564	0.00657	0.00409	0.00416	0.00804	0.01196	0.01685	0.70909	0.14126	0.04001	0.00967	0.00527	0.00144	0.00215	0.00860	0.00476	0.00409
29	0.00668	0.00452	0.00575	0.00568	0.00673	0.00410	0.00417	0.00827	0.01115	0.06224	0.45905	0.23374	0.15064	0.01033	0.00527	0.00150	0.00232	0.00911	0.00460	0.00416
30	0.00535	0.00444	0.00469	0.00471	0.00607	0.00377	0.00350	0.00657	0.01026	0.01259	0.13643	0.09171	0.67251	0.01109	0.00524	0.00150	0.00224	0.00936	0.00419	0.00377
31	0.01203	0.72732	0.07032	0.00819	0.01200	0.08609	0.00817	0.01365	0.00930	0.01064	0.00631	0.00729	0.00567	0.00387	0.00301	0.00099	0.00511	0.00246	0.00192	0.00567
32	0.01679	0.01237	0.01325	0.01016	0.01370	0.01370	0.00839	0.80251	0.02077	0.02783	0.01060	0.01060	0.00751	0.00530	0.00442	0.00133	0.00486	0.00398	0.00442	0.00751
33	0.87598	0.00854	0.00649	0.00581	0.00854	0.00991	0.00478	0.01298	0.00752	0.01982	0.00615	0.00717	0.00478	0.00410	0.00273	0.00137	0.00342	0.00239	0.00273	0.00478
34	0.01180	0.00902	0.01010	0.00756	0.01110	0.00833	0.00612	0.27323	0.01307	0.03384	0.00950	0.01037	0.00735	0.00414	0.00366	0.00092	0.00370	0.00323	0.07718	0.49577
35	0.00834	0.00785	0.01325	0.83417	0.03042	0.00981	0.01227	0.01128	0.00883	0.01128	0.00785	0.01178	0.00589	0.00442	0.00442	0.00147	0.00589	0.00393	0.00196	0.00491
36	0.00638	0.00478	0.00702	0.00698	0.00769	0.00556	0.00535	0.00781	0.00703	0.01012	0.01190	0.01820	0.01138	0.10187	0.74424	0.00677	0.02583	0.00486	0.00238	0.00385
37	0.00886	0.02285	0.82190	0.01259	0.01912	0.01026	0.01632	0.01399	0.00932	0.01399	0.00793	0.00932	0.00559	0.00420	0.00420	0.00140	0.00653	0.00326	0.00186	0.00653
38	0.00686	0.00486	0.00665	0.00609	0.00733	0.00446	0.02927	0.00890	0.01216	0.04830	0.68086	0.05643	0.07230	0.00904	0.00522	0.00142	0.00239	0.02842	0.00473	0.00431
39	0.01767	0.00843	0.02323	0.00915	0.05855	0.02904	0.00706	0.02035	0.07615	0.62773	0.02632	0.01459	0.01088	0.00532	0.00438	0.00134	0.00394	0.00436	0.00492	0.04658
40	0.00632	0.00469	0.00690	0.00690	0.00762	0.00541	0.00528	0.00776	0.00704	0.01011	0.01201	0.01834	0.01147	0.10288	0.75811	0.00686	0.01118	0.00488	0.00239	0.00383
41	0.00916	0.00785	0.00916	0.00654	0.01047	0.00589	0.00523	0.01112	0.00916	0.01439	0.00785	0.00916	0.00654	0.00327	0.00327	0.00065	0.00327	0.00262	0.00262	0.87178
42	0.06952	0.01346	0.01273	0.01008	0.01337	0.13711	0.00819	0.63469	0.01870	0.02475	0.00976	0.00999	0.00707	0.00511	0.00425	0.00130	0.00524	0.00371	0.00399	0.00698
43	0.87598	0.00854	0.00649	0.00581	0.00854	0.00991	0.00478	0.01298	0.00752	0.01982	0.00615	0.00717	0.00478	0.00410	0.00273	0.00137	0.00342	0.00239	0.00273	0.00478
44	0.00553	0.00449	0.00490	0.00479	0.00615	0.00386	0.00360	0.00693	0.01079	0.01364	0.27274	0.03969	0.58637	0.01055	0.00522	0.00146	0.00219	0.00893	0.00433	0.00386
45	0.01678	0.01236	0.01269	0.01009	0.01332	0.06039	0.00812	0.61621	0.03325	0.06484	0.01210	0.01259	0.00891	0.00586	0.00466	0.00146	0.00499	0.00426	0.08966	0.00747
46	0.00966	0.00966	0.01353	0.01160	0.01160	0.01353	0.00966	0.01063	0.00676	0.01063	0.00580	0.00966	0.00580	0.00773	0.01449	0.00193	0.83670	0.00387	0.00193	0.00483
47	0.00642	0.00428	0.00482	0.00482	0.00482	0.00428	0.00268	0.00642	0.00642	0.00856	0.01392	0.02890	0.01606	0.84478	0.02248	0.00428	0.00428	0.00642	0.00268	0.00268
48	0.00542	0.00387	0.00517	0.00619	0.00647	0.00362	0.00417	0.00622	0.00849	0.01132	0.02432	0.82413	0.02913	0.01380	0.00565	0.00180	0.00260	0.02994	0.00410	0.00360
49	0.00886	0.02285	0.82190	0.01259	0.01912	0.01026	0.01632	0.01399	0.00932	0.01399	0.00793	0.00932	0.00559	0.00420	0.00420	0.00140	0.00653	0.00326	0.00186	0.00653
50	0.01093	0.01049	0.01793	0.02711	0.81723	0.01049	0.01355	0.01355	0.01006	0.01443	0.00831	0.01093	0.00700	0.00394	0.00437	0.00131	0.00525	0.00394	0.00219	0.00700
51	0.00538	0.00386	0.00511	0.00611	0.00640	0.00359	0.00408	0.00615	0.00849	0.01129	0.02482	0.82331	0.04749	0.01378	0.00563	0.00179	0.00255	0.01248	0.00410	0.00359
52	0.01944	0.00813	0.01063	0.00815	0.01158	0.00740	0.00673	0.11966	0.01366	0.72071	0.01657	0.01448	0.01050	0.00545	0.00444	0.00136	0.00390	0.00438	0.00533	0.00752
53	0.00642	0.00429	0.00487	0.00487	0.00489	0.00431	0.00274	0.00646	0.00644	0.00860	0.01387	0.02864	0.01594	0.82667	0.04044	0.00434	0.00445	0.00639	0.00267	0.00270
54	0.25089	0.01609	0.01177	0.01026	0.01270	0.47711	0.05524	0.04367	0.01097	0.01407	0.00684	0.00818	0.00557	0.00459	0.00435	0.00128	0.05583	0.00296	0.00245	0.00515
55	0.01651	0.01145	0.01253	0.00971	0.01311	0.01248	0.00799	0.64813	0.06578	0.11610	0.03306	0.01204	0.00915	0.00546	0.00445	0.00134	0.00458	0.00419	0.00455	0.00739
56	0.01131	0.00965	0.01017	0.00905	0.01161	0.01114	0.00707	0.06761	0.76458	0.01901	0.01756	0.01615	0.01314	0.00595	0.00449	0.00149	0.00357	0.00494	0.00449	0.00702
57	0.01149	0.02950	0.03892	0.03726	0.20700	0.06547	0.04301	0.15620	0.09113	0.03305	0.05513	0.04602	0.04158	0.00603	0.00565	0.00145	0.09639	0.02543	0.00318	0.00610
58	0.01232	0.01477	0.14987	0.02525	0.15932	0.20787	0.04291	0.09960	0.09558	0.03181	0.03953	0.01153	0.00856	0.00564	0.02475	0.00150	0.05633	0.00390	0.00279	0.00615
59	0.00640	0.00455	0.00591	0.00591	0.00624	0.00493	0.00401	0.00709	0.00676	0.00937	0.01319	0.04529	0.01416	0.47349	0.35436	0.00534	0.02132	0.00584	0.00257	0.00326

[dist]
# distance from previous block
# <min> <max>
0	5

[block]
# block no. 3 follows, 59 sequences, length 145
# corresponding to MSA columns:
# 269-348,360-424
name=unknown_D
#
# <colnr> <probs for GDERKNQSTAVLIFYWHMCP>
#	G	D	E	R	K	N	Q	S	T	A	V	L	I	F	Y	W	H	M	C	P
0	0.00564	0.00460	0.00506	0.00525	0.00663	0.00402	0.00414	0.00698	0.01019	0.01243	0.07295	0.04357	0.62486	0.01130	0.00540	0.00160	0.00260	0.16485	0.00413	0.00381
1	0.00674	0.00456	0.00609	0.00679	0.00743	0.00444	0.00513	0.00790	0.00901	0.04555	0.02292	0.42388	0.04658	0.09855	0.00761	0.00211	0.01612	0.27079	0.00397	0.00384
2	0.02129	0.05683	0.01283	0.13846	0.14066	0.08983	0.08061	0.01116	0.02257	0.01204	0.01270	0.24245	0.01312	0.02485	0.04044	0.00180	0.06435	0.00632	0.00273	0.00497
3	0.01162	0.03377	0.37725	0.01208	0.09311	0.06306	0.01169	0.04842	0.06193	0.14554	0.02107	0.01297	0.02648	0.02192	0.02795	0.00159	0.00567	0.01453	0.00293	0.00642
4	0.00560	0.00397	0.00517	0.00609	0.00649	0.00371	0.00420	0.00652	0.00869	0.01165	0.02503	0.71365	0.07321	0.01322	0.00553	0.00176	0.00261	0.05870	0.04058	0.00365
5	0.00881	0.02204	0.78748	0.01230	0.01855	0.00999	0.01579	0.01364	0.00917	0.01372	0.00792	0.00950	0.00568	0.00467	0.00475	0.03809	0.00641	0.00329	0.00187	0.00633
6	0.01043	0.01006	0.01694	0.18558	0.59638	0.02393	0.04619	0.01313	0.00985	0.01378	0.00836	0.01121	0.00684	0.00406	0.00438	0.00134	0.00544	0.00397	0.02166	0.00644
7	0.00977	0.01007	0.01216	0.01063	0.01106	0.09949	0.00869	0.01081	0.00769	0.01073	0.00965	0.01283	0.07425	0.00963	0.07505	0.00221	0.61412	0.00428	0.00219	0.00470
8	0.79058	0.00942	0.00712	0.00631	0.00905	0.05681	0.00515	0.04654	0.00836	0.01964	0.00638	0.00736	0.00495	0.00418	0.00288	0.00135	0.00374	0.00248	0.00278	0.00492
9	0.82652	0.00857	0.00670	0.00597	0.00871	0.00990	0.00490	0.01355	0.04140	0.03190	0.00682	0.00769	0.00524	0.00420	0.00283	0.00137	0.00343	0.00253	0.00285	0.00492
10	0.00524	0.00441	0.00454	0.00464	0.00601	0.00371	0.00343	0.00632	0.00991	0.01187	0.04271	0.12195	0.73731	0.01145	0.00526	0.00152	0.00227	0.00964	0.00410	0.00371
11	0.00872	0.00426	0.00438	0.00427	0.00540	0.00422	0.00323	0.01076	0.00940	0.05036	0.01453	0.01641	0.01130	0.00516	0.00314	0.00104	0.00213	0.00413	0.83287	0.00426
12	0.01172	0.81211	0.02274	0.00773	0.01135	0.01731	0.00765	0.01312	0.00888	0.01040	0.00613	0.00719	0.00567	0.00395	0.00333	0.00099	0.03981	0.00243	0.00189	0.00563
13	0.00997	0.00548	0.00576	0.00519	0.00673	0.00558	0.00404	0.12165	0.01110	0.06385	0.01533	0.01666	0.04467	0.00544	0.00344	0.00111	0.00256	0.00433	0.66234	0.00477
14	0.00972	0.01104	0.03888	0.01682	0.02076	0.01013	0.67853	0.01307	0.01014	0.01376	0.01099	0.12353	0.00971	0.00509	0.00525	0.00153	0.00677	0.00616	0.00248	0.00565
15	0.11827	0.00963	0.01049	0.00829	0.01144	0.04381	0.00678	0.28940	0.01459	0.35903	0.01307	0.01239	0.00884	0.00519	0.00411	0.00132	0.00415	0.00395	0.06841	0.00684
16	0.01620	0.01196	0.01282	0.00991	0.01327	0.01323	0.00812	0.74916	0.04017	0.02678	0.01093	0.01152	0.00802	0.04072	0.00518	0.00145	0.00480	0.00411	0.00435	0.00729
17	0.00828	0.00774	0.01301	0.78034	0.04785	0.00957	0.01195	0.01112	0.00884	0.01136	0.00856	0.04676	0.00690	0.00480	0.00447	0.00148	0.00573	0.00429	0.00206	0.00490
18	0.01181	0.84744	0.02314	0.00756	0.01134	0.01748	0.00756	0.01323	0.00897	0.01039	0.00614	0.00708	0.00567	0.00378	0.00283	0.00094	0.00472	0.00236	0.00189	0.00567
19	0.01089	0.00916	0.00976	0.00877	0.01120	0.01051	0.00682	0.02256	0.74802	0.03418	0.06355	0.01739	0.01504	0.00616	0.00453	0.00149	0.00342	0.00515	0.00453	0.00684
20	0.00678	0.00482	0.00553	0.00556	0.00594	0.00493	0.00351	0.00841	0.09489	0.01063	0.06179	0.14107	0.01923	0.57543	0.01690	0.00343	0.00383	0.02073	0.00322	0.00338
21	0.00564	0.00444	0.00509	0.00504	0.00625	0.00389	0.00374	0.00711	0.01090	0.01416	0.34665	0.10322	0.44706	0.01055	0.00525	0.00148	0.00220	0.00906	0.00440	0.00389
22	0.00637	0.00482	0.00722	0.00718	0.00796	0.00567	0.00560	0.00794	0.00709	0.01026	0.01172	0.01721	0.01094	0.03265	0.81211	0.00700	0.02723	0.00472	0.00236	0.00396
23	0.01982	0.00752	0.01025	0.00786	0.01127	0.00649	0.00649	0.02152	0.01264	0.82029	0.01742	0.01503	0.01093	0.00547	0.00444	0.00137	0.00376	0.00444	0.00547	0.00752
24	0.01788	0.00829	0.01044	0.00822	0.01148	0.00791	0.00672	0.10554	0.13644	0.59776	0.01723	0.01524	0.02445	0.00563	0.00446	0.00138	0.00381	0.00456	0.00518	0.00737
25	0.01679	0.01237	0.01325	0.01016	0.01370	0.01370	0.00839	0.80251	0.02077	0.02783	0.01060	0.01060	0.00751	0.00530	0.00442	0.00133	0.00486	0.00398	0.00442	0.00751
26	0.01746	0.00716	0.00948	0.00744	0.01052	0.00627	0.00608	0.04009	0.01257	0.67014	0.06202	0.01881	0.09889	0.00626	0.00456	0.00138	0.00354	0.00514	0.00526	0.00693
27	0.01135	0.47405	0.19413	0.00907	0.01307	0.06045	0.02134	0.03200	0.00953	0.04558	0.00772	0.00908	0.00644	0.00678	0.08085	0.00167	0.00597	0.00298	0.00217	0.00579
28	0.01191	0.00967	0.01235	0.35587	0.02001	0.01120	0.00957	0.32134	0.12614	0.01886	0.01163	0.01303	0.03318	0.00521	0.00443	0.00141	0.00497	0.00427	0.01878	0.00616
29	0.01007	0.00974	0.01436	0.52031	0.09384	0.06508	0.06376	0.07511	0.03547	0.01322	0.00832	0.01140	0.00639	0.00463	0.00498	0.00145	0.05016	0.00397	0.00229	0.00544
30	0.73425	0.00821	0.00693	0.00610	0.00880	0.00929	0.00501	0.01361	0.00804	0.10527	0.00769	0.00860	0.00580	0.00591	0.05009	0.00169	0.00393	0.00275	0.00301	0.00503
31	0.00557	0.00406	0.00526	0.00600	0.00648	0.00382	0.00415	0.00651	0.00877	0.01162	0.07065	0.60493	0.11278	0.04817	0.04882	0.00212	0.00311	0.03955	0.00399	0.00363
32	0.03655	0.55969	0.21975	0.02328	0.01364	0.05885	0.00978	0.01361	0.00921	0.01160	0.00665	0.00777	0.00563	0.00394	0.00326	0.00109	0.00533	0.00264	0.00193	0.00581
33	0.01358	0.10841	0.01278	0.00944	0.03854	0.05719	0.03585	0.20708	0.14167	0.15452	0.01466	0.02734	0.06357	0.00564	0.00427	0.00129	0.00437	0.02262	0.00386	0.07331
34	0.00660	0.00470	0.00595	0.00557	0.00676	0.00433	0.00420	0.00879	0.02941	0.03855	0.69100	0.03321	0.12603	0.00911	0.00517	0.00140	0.00218	0.00798	0.00479	0.00427
35	0.00923	0.00719	0.00804	0.00737	0.00933	0.00766	0.00577	0.04335	0.37050	0.05193	0.21024	0.02678	0.15150	0.00796	0.00489	0.00150	0.00306	0.06353	0.00452	0.00562
36	0.01049	0.02806	0.06706	0.17791	0.24826	0.06606	0.28833	0.01354	0.00996	0.01327	0.00821	0.01103	0.00645	0.00411	0.00488	0.00141	0.02863	0.00423	0.00213	0.00599
37	0.00575	0.00440	0.00529	0.00537	0.00643	0.00393	0.00397	0.00724	0.01078	0.01425	0.35931	0.18868	0.31779	0.01083	0.00533	0.00153	0.00230	0.03852	0.00441	0.00390
38	0.00538	0.00384	0.00512	0.00615	0.00641	0.00359	0.00410	0.00615	0.00846	0.01127	0.02434	0.84190	0.02921	0.01384	0.00564	0.00179	0.00256	0.01256	0.00410	0.00359
39	0.38221	0.00846	0.00897	0.00723	0.01037	0.00869	0.00597	0.09914	0.01132	0.39874	0.01194	0.01124	0.00797	0.00487	0.00372	0.00136	0.00373	0.00352	0.00420	0.00636
40	0.01029	0.42249	0.43478	0.01015	0.01535	0.01376	0.01207	0.01362	0.00915	0.01224	0.00706	0.00824	0.00563	0.00399	0.00354	0.00118	0.00565	0.00283	0.00188	0.00611
41	0.00732	0.00489	0.00609	0.00563	0.00700	0.00446	0.00428	0.00945	0.03334	0.08432	0.57264	0.03293	0.19268	0.00908	0.00513	0.00141	0.00229	0.00787	0.00475	0.00444
42	0.00808	0.00620	0.00714	0.00655	0.00821	0.00634	0.00502	0.02392	0.25056	0.04255	0.42072	0.02865	0.15187	0.00829	0.00496	0.00144	0.00262	0.00713	0.00465	0.00510
43	0.00544	0.00390	0.00516	0.00615	0.00645	0.00364	0.00415	0.00624	0.00851	0.01130	0.02461	0.79154	0.04588	0.02523	0.00587	0.00183	0.00262	0.03381	0.00408	0.00359
44	0.00840	0.00797	0.01361	0.81108	0.03021	0.00985	0.03460	0.01137	0.00888	0.01137	0.00788	0.01178	0.00591	0.00440	0.00444	0.00147	0.00593	0.00396	0.00197	0.00494
45	0.00916	0.00785	0.00916	0.00654	0.01047	0.00589	0.00523	0.01112	0.00916	0.01439	0.00785	0.00916	0.00654	0.00327	0.00327	0.00065	0.00327	0.00262	0.00262	0.87178
46	0.00999	0.01024	0.01875	0.14030	0.17225	0.02190	0.35928	0.01423	0.10876	0.01413	0.02030	0.04958	0.01929	0.00487	0.00486	0.00147	0.00593	0.01532	0.00262	0.00594
47	0.00536	0.00424	0.00476	0.00512	0.00609	0.00371	0.00362	0.00633	0.00941	0.01172	0.05797	0.32691	0.47949	0.04700	0.00609	0.00171	0.00243	0.01032	0.00406	0.00365
48	0.01312	0.03280	0.01243	0.01053	0.05093	0.01182	0.03381	0.26202	0.38946	0.05944	0.01384	0.01348	0.01029	0.00557	0.00493	0.00142	0.04629	0.00445	0.00411	0.01926
49	0.01097	0.17184	0.25322	0.01015	0.03136	0.02999	0.02973	0.08530	0.04349	0.07401	0.01119	0.08168	0.02156	0.00562	0.00466	0.00133	0.04725	0.02414	0.00283	0.05967
50	0.01096	0.26218	0.36604	0.01185	0.03974	0.01229	0.11644	0.02441	0.03117	0.07305	0.00855	0.00969	0.00643	0.00416	0.00396	0.00127	0.00577	0.00342	0.00230	0.00631
51	0.00886	0.02285	0.82190	0.01259	0.01912	0.01026	0.01632	0.01399	0.00932	0.01399	0.00793	0.00932	0.00559	0.00420	0.00420	0.00140	0.00653	0.00326	0.00186	0.00653
52	0.00585	0.00439	0.00544	0.00546	0.00646	0.00397	0.00402	0.00745	0.01109	0.01500	0.46259	0.19164	0.22390	0.01054	0.00531	0.00150	0.00225	0.02467	0.00452	0.00395
53	0.02689	0.17032	0.23165	0.01062	0.01444	0.15095	0.05775	0.12079	0.03383	0.02589	0.00966	0.03864	0.00826	0.01551	0.00456	0.00136	0.02182	0.04850	0.00266	0.00591
54	0.07303	0.00642	0.02263	0.00709	0.00886	0.02001	0.01651	0.02411	0.03884	0.20331	0.05680	0.25178	0.09524	0.04163	0.01718	0.00177	0.00354	0.10210	0.00419	0.00496
55	0.01927	0.00756	0.01015	0.00786	0.01120	0.00666	0.00647	0.02145	0.04762	0.77392	0.01741	0.01512	0.01105	0.00549	0.00443	0.00137	0.00372	0.00446	0.01737	0.00745
56	0.02195	0.00860	0.01337	0.61369	0.08990	0.01016	0.01148	0.10766	0.01056	0.05794	0.00872	0.01168	0.00643	0.00454	0.00439	0.00143	0.00556	0.00394	0.00248	0.00553
57	0.01030	0.01144	0.02421	0.08758	0.09944	0.01099	0.66014	0.01385	0.01026	0.01394	0.00878	0.01181	0.00666	0.00380	0.00507	0.00147	0.00711	0.00498	0.00221	0.00597
58	0.01438	0.00762	0.00944	0.00796	0.01062	0.00761	0.00642	0.04305	0.23273	0.40162	0.03388	0.01900	0.05502	0.00887	0.08082	0.00197	0.00437	0.04329	0.00473	0.00661
59	0.00565	0.00446	0.00510	0.00501	0.00625	0.00390	0.00373	0.00715	0.01097	0.01426	0.35894	0.08348	0.45449	0.01045	0.00524	0.00147	0.00219	0.00896	0.00441	0.00390
60	0.01200	0.01020	0.02999	0.11176	0.05098	0.04513	0.25555	0.08098	0.04911	0.14755	0.01192	0.09306	0.00977	0.00566	0.00549	0.00149	0.06497	0.00525	0.00318	0.00597
61	0.00642	0.00429	0.00485	0.00485	0.00486	0.00430	0.00272	0.00644	0.00643	0.00859	0.01389	0.02873	0.01598	0.83290	0.03426	0.00432	0.00439	0.00640	0.00267	0.00269
62	0.00893	0.04377	0.80163	0.01246	0.01892	0.01044	0.01610	0.01397	0.00932	0.01390	0.00788	0.00927	0.00560	0.00419	0.00416	0.00139	0.00648	0.00324	0.00187	0.00651
63	0.00562	0.00419	0.00559	0.00643	0.00670	0.00416	0.00440	0.00641	0.00839	0.01125	0.02364	0.78006	0.04187	0.01344	0.00614	0.00180	0.05027	0.01200	0.00398	0.00366
64	0.00906	0.06976	0.75755	0.01244	0.01876	0.01069	0.03421	0.01395	0.00933	0.01379	0.00785	0.00926	0.00562	0.00416	0.00414	0.00137	0.00645	0.00326	0.00187	0.00646
65	0.01312	0.01175	0.01109	0.00960	0.01229	0.12765	0.00756	0.21609	0.48100	0.01959	0.01468	0.01459	0.01117	0.00576	0.00444	0.00142	0.00448	0.02277	0.00415	0.00679
66	0.00546	0.00391	0.00525	0.00623	0.00653	0.00370	0.00423	0.00629	0.00844	0.01128	0.02380	0.78953	0.02836	0.01461	0.04007	0.00202	0.00298	0.02967	0.00403	0.00361
67	0.16803	0.00940	0.01009	0.02189	0.02392	0.10478	0.04024	0.11150	0.01047	0.03072	0.01293	0.17346	0.01307	0.00817	0.01751	0.00167	0.12640	0.10753	0.00322	0.00498
68	0.00882	0.00695	0.00821	0.00834	0.00995	0.02134	0.00698	0.06766	0.21414	0.01545	0.02206	0.03748	0.06600	0.00995	0.00549	0.00180	0.00394	0.47620	0.00417	0.00505
69	0.00834	0.00785	0.01325	0.83417	0.03042	0.00981	0.01227	0.01128	0.00883	0.01128	0.00785	0.01178	0.00589	0.00442	0.00442	0.00147	0.00589	0.00393	0.00196	0.00491
70	0.00916	0.00785	0.00916	0.00654	0.01047	0.00589	0.00523	0.01112	0.00916	0.01439	0.00785	0.00916	0.00654	0.00327	0.00327	0.00065	0.00327	0.00262	0.00262	0.87178
71	0.00886	0.02285	0.82190	0.01259	0.01912	0.01026	0.01632	0.01399	0.00932	0.01399	0.00793	0.00932	0.00559	0.00420	0.00420	0.00140	0.00653	0.00326	0.00186	0.00653
72	0.01042	0.01191	0.02606	0.01862	0.02308	0.01117	0.80119	0.01415	0.01042	0.01415	0.00894	0.01191	0.00670	0.00372	0.00521	0.00149	0.00745	0.00521	0.00223	0.00596
73	0.00913	0.09913	0.74801	0.01212	0.01840	0.01092	0.01551	0.01392	0.00929	0.01365	0.00776	0.00912	0.00560	0.00416	0.00407	0.00136	0.00636	0.00318	0.00187	0.00645
74	0.00997	0.00861	0.01035	0.00814	0.01138	0.02041	0.05141	0.01507	0.24608	0.03433	0.02709	0.03827	0.01007	0.00471	0.00414	0.00105	0.02158	0.00396	0.00329	0.47009
75	0.00530	0.00418	0.00478	0.00527	0.00617	0.00366	0.00371	0.00625	0.00931	0.01162	0.03511	0.41991	0.44425	0.01244	0.00542	0.00163	0.00239	0.01085	0.00410	0.00366
76	0.00540	0.00386	0.00514	0.00613	0.00641	0.00360	0.00410	0.00621	0.00856	0.01144	0.04441	0.82137	0.02953	0.01371	0.00563	0.00178	0.00255	0.01244	0.00412	0.00360
77	0.00744	0.00643	0.05384	0.00830	0.00977	0.00579	0.00747	0.01045	0.07431	0.01363	0.02301	0.04450	0.05834	0.01120	0.00582	0.00193	0.00408	0.64529	0.00398	0.00443
78	0.01208	0.80016	0.02254	0.00778	0.01147	0.06379	0.00761	0.01348	0.00918	0.01042	0.00618	0.00714	0.00567	0.00382	0.00290	0.00096	0.00491	0.00239	0.00191	0.00564
79	0.00702	0.00507	0.00713	0.03008	0.00951	0.00510	0.00703	0.00898	0.01000	0.01302	0.02304	0.10784	0.02518	0.01211	0.00602	0.00200	0.00400	0.70879	0.00401	0.00405
80	0.00532	0.00448	0.00462	0.00458	0.00603	0.00377	0.00344	0.00654	0.01031	0.01252	0.12272	0.04154	0.73710	0.01097	0.00522	0.00148	0.00222	0.00919	0.00418	0.00377
81	0.00958	0.00955	0.01338	0.01149	0.01151	0.01334	0.00957	0.01056	0.00677	0.01062	0.00594	0.00984	0.00592	0.00833	0.03357	0.00205	0.81734	0.00389	0.00194	0.00481
82	0.04722	0.00764	0.01011	0.02336	0.01151	0.00696	0.00669	0.06277	0.01266	0.67503	0.01694	0.01705	0.01152	0.00589	0.00451	0.00142	0.00387	0.06258	0.00515	0.00712
83	0.01982	0.00752	0.01025	0.00786	0.01127	0.00649	0.00649	0.02152	0.01264	0.82029	0.01742	0.01503	0.01093	0.00547	0.00444	0.00137	0.00376	0.00444	0.00547	0.00752
84	0.03474	0.00753	0.01018	0.00782	0.01123	0.00655	0.00646	0.02138	0.01255	0.80634	0.01723	0.01490	0.01083	0.00544	0.00441	0.00137	0.00375	0.00441	0.00542	0.00747
85	0.00632	0.00468	0.00685	0.00685	0.00755	0.00539	0.00521	0.00773	0.00702	0.01007	0.01206	0.01861	0.01159	0.12189	0.73926	0.00679	0.01100	0.00492	0.00240	0.00380
86	0.00896	0.00864	0.01509	0.62781	0.16763	0.01004	0.07538	0.01191	0.00917	0.01206	0.00802	0.01164	0.00615	0.00428	0.00447	0.00145	0.00590	0.00403	0.00202	0.00536
87	0.10430	0.52997	0.06285	0.00903	0.01264	0.09939	0.07491	0.01365	0.00926	0.01195	0.00662	0.00791	0.00574	0.00442	0.01592	0.00119	0.01986	0.00277	0.00206	0.00555
88	0.01650	0.02105	0.01252	0.01138	0.01365	0.82705	0.00853	0.01764	0.01252	0.01081	0.00683	0.00796	0.00569	0.00455	0.00398	0.00114	0.00796	0.00284	0.00228	0.00512
89	0.01099	0.00949	0.00999	0.00899	0.01148	0.01099	0.00699	0.02347	0.80925	0.01848	0.01798	0.01648	0.01348	0.00599	0.00449	0.00150	0.00350	0.00499	0.00449	0.00699
90	0.00538	0.00386	0.00511	0.00612	0.00640	0.00359	0.00409	0.00615	0.00849	0.01129	0.02473	0.82655	0.04431	0.01379	0.00563	0.00179	0.00256	0.01249	0.00410	0.00359
91	0.87598	0.00854	0.00649	0.00581	0.00854	0.00991	0.00478	0.01298	0.00752	0.01982	0.00615	0.00717	0.00478	0.00410	0.00273	0.00137	0.00342	0.00239	0.00273	0.00478
92	0.00542	0.00386	0.00511	0.00609	0.00634	0.00362	0.00404	0.00616	0.00837	0.01116	0.02391	0.80818	0.02867	0.04830	0.00634	0.00190	0.00263	0.01230	0.00404	0.00355
93	0.00973	0.00819	0.00946	0.00681	0.01071	0.00647	0.00547	0.07019	0.01002	0.01540	0.00806	0.00927	0.00661	0.00342	0.00336	0.00070	0.00339	0.00272	0.00275	0.80727
94	0.01093	0.01049	0.01793	0.02711	0.81723	0.01049	0.01355	0.01355	0.01006	0.01443	0.00831	0.01093	0.00700	0.00394	0.00437	0.00131	0.00525	0.00394	0.00219	0.00700
95	0.00529	0.00420	0.00476	0.00520	0.00616	0.00367	0.00368	0.00626	0.00937	0.01165	0.03591	0.38858	0.47507	0.01233	0.00540	0.00162	0.00238	0.01072	0.00410	0.00367
96	0.00823	0.00412	0.00412	0.00412	0.00515	0.00412	0.00309	0.01029	0.00926	0.01647	0.01441	0.01647	0.01132	0.00515	0.00309	0.00103	0.00206	0.00412	0.86930	0.00412
97	0.00929	0.00793	0.00923	0.00661	0.01052	0.00603	0.00529	0.02521	0.00937	0.01463	0.00790	0.00918	0.00656	0.00331	0.00329	0.00067	0.00330	0.00264	0.00265	0.85640
98	0.01077	0.01331	0.25627	0.01117	0.05668	0.03567	0.06573	0.09155	0.06899	0.07889	0.05165	0.07391	0.01088	0.00553	0.00466	0.00134	0.02628	0.01479	0.00309	0.11884
99	0.09660	0.08575	0.36202	0.01199	0.06299	0.08152	0.06726	0.05539	0.03149	0.07789	0.00875	0.00978	0.00643	0.00432	0.00403	0.00132	0.00575	0.00341	0.00253	0.02080
100	0.01631	0.02027	0.01245	0.01124	0.01358	0.76328	0.00847	0.05073	0.04185	0.01180	0.00739	0.00839	0.00605	0.00464	0.00402	0.00116	0.00767	0.00297	0.00245	0.00529
101	0.00658	0.00470	0.00552	0.00544	0.00672	0.00420	0.00405	0.00826	0.03200	0.06110	0.25734	0.17596	0.38001	0.01057	0.00524	0.00151	0.00240	0.01984	0.00441	0.00414
102	0.04542	0.20161	0.18582	0.01029	0.03625	0.16111	0.01795	0.11925	0.01121	0.01448	0.00853	0.03314	0.00729	0.00522	0.01491	0.00130	0.03044	0.02636	0.00252	0.06690
103	0.03493	0.00925	0.01444	0.03374	0.48907	0.01967	0.02433	0.04618	0.02165	0.03819	0.07448	0.05747	0.01222	0.00607	0.01630	0.00150	0.03534	0.05613	0.00285	0.00618
104	0.00527	0.00448	0.00454	0.00452	0.00599	0.00375	0.00339	0.00643	0.01018	0.01220	0.08015	0.04207	0.77986	0.01109	0.00522	0.00149	0.00223	0.00926	0.00414	0.00375
105	0.01318	0.55459	0.01950	0.00927	0.03485	0.24539	0.00801	0.03023	0.02902	0.01116	0.00676	0.00773	0.00593	0.00408	0.00327	0.00103	0.00563	0.00264	0.00212	0.00562
106	0.00878	0.00854	0.01355	0.76532	0.04978	0.04409	0.02537	0.01166	0.00904	0.01139	0.00784	0.01160	0.00592	0.00440	0.00441	0.00145	0.00598	0.00390	0.00199	0.00499
107	0.08082	0.14784	0.07091	0.02535	0.21093	0.21646	0.03106	0.09069	0.05965	0.01475	0.00821	0.00951	0.00661	0.00435	0.00392	0.00124	0.00571	0.00334	0.00253	0.00610
108	0.00738	0.00573	0.00666	0.00637	0.00785	0.00572	0.00491	0.02498	0.17718	0.02701	0.33076	0.07607	0.21864	0.00933	0.00514	0.00151	0.00268	0.07288	0.00450	0.00471
109	0.00535	0.00396	0.00500	0.00583	0.00632	0.00361	0.00396	0.00619	0.00876	0.01140	0.02825	0.68863	0.17995	0.01333	0.00556	0.00174	0.00250	0.01194	0.00410	0.00361
110	0.00626	0.00450	0.00564	0.00599	0.00622	0.00460	0.00402	0.00683	0.00768	0.01029	0.03185	0.32920	0.03173	0.39242	0.01384	0.00295	0.04978	0.07955	0.00334	0.00330
111	0.01251	0.01296	0.03974	0.01022	0.02682	0.21434	0.01885	0.07383	0.46708	0.01658	0.01416	0.02441	0.01948	0.00565	0.00460	0.00140	0.02283	0.00443	0.00371	0.00640
112	0.00632	0.00469	0.00689	0.00689	0.00760	0.00541	0.00526	0.00775	0.00704	0.01010	0.01202	0.01842	0.01150	0.10806	0.75298	0.00684	0.01113	0.00489	0.00239	0.00383
113	0.00549	0.00393	0.00524	0.00625	0.00657	0.00368	0.00427	0.00634	0.00859	0.01140	0.02460	0.78099	0.04106	0.01370	0.00566	0.00180	0.00265	0.06009	0.00410	0.00362
114	0.01110	0.02208	0.01691	0.11686	0.61674	0.02979	0.02201	0.06851	0.01066	0.01479	0.00842	0.01101	0.00693	0.00464	0.01972	0.00143	0.00550	0.00392	0.00232	0.00666
115	0.01182	0.01337	0.01267	0.01102	0.01260	0.34082	0.08554	0.03160	0.01004	0.01150	0.00983	0.08705	0.02606	0.00941	0.09712	0.00210	0.21552	0.00460	0.00245	0.00489
116	0.00940	0.00928	0.01303	0.01124	0.01131	0.01290	0.00934	0.01042	0.00679	0.01060	0.00627	0.01026	0.00621	0.00971	0.07788	0.00234	0.77237	0.00393	0.00197	0.00476
117	0.00722	0.00602	0.00865	0.00813	0.00864	0.00758	0.00641	0.00851	0.00695	0.01022	0.01037	0.01619	0.01003	0.09047	0.54475	0.00548	0.23338	0.00463	0.00227	0.00408
118	0.01061	0.00874	0.00952	0.00847	0.01072	0.00989	0.00661	0.08281	0.56552	0.03000	0.13282	0.03735	0.03450	0.00670	0.00487	0.00148	0.02291	0.00557	0.00448	0.00643
119	0.00909	0.00778	0.00908	0.00653	0.01039	0.00585	0.00521	0.01103	0.00915	0.01433	0.00815	0.02446	0.00696	0.00346	0.00331	0.00068	0.00326	0.00280	0.00264	0.85583
120	0.01240	0.13656	0.14375	0.05536	0.12224	0.06905	0.09794	0.20231	0.05139	0.02679	0.00892	0.01026	0.00685	0.00457	0.00453	0.00132	0.03282	0.00373	0.00277	0.00643
121	0.00838	0.00789	0.01332	0.82178	0.04249	0.00982	0.01229	0.01132	0.00885	0.01133	0.00786	0.01176	0.00590	0.00441	0.00441	0.00147	0.00588	0.00393	0.00197	0.00494
122	0.00701	0.00505	0.00697	0.00792	0.00897	0.00501	0.00690	0.00899	0.01016	0.01314	0.02461	0.04940	0.07061	0.01214	0.00605	0.00200	0.00396	0.74299	0.00407	0.00405
123	0.00625	0.00451	0.00590	0.00556	0.00660	0.00417	0.00417	0.00833	0.01250	0.01771	0.81490	0.03299	0.04167	0.00903	0.00521	0.00139	0.00208	0.00799	0.00486	0.00417
124	0.00603	0.00446	0.00560	0.00541	0.00644	0.00406	0.00400	0.00782	0.01169	0.01613	0.61773	0.09144	0.16421	0.02852	0.00563	0.00150	0.00219	0.00849	0.00464	0.00402
125	0.06879	0.00757	0.01003	0.00774	0.01112	0.00669	0.00639	0.02104	0.01235	0.77450	0.01678	0.01458	0.01058	0.00539	0.00434	0.00137	0.00374	0.00432	0.00531	0.00736
126	0.78237	0.00843	0.00690	0.00603	0.00884	0.00953	0.00497	0.01392	0.00808	0.10733	0.00738	0.00803	0.00546	0.00425	0.00292	0.00137	0.00345	0.00262	0.00303	0.00508
127	0.00623	0.00451	0.00587	0.00553	0.00658	0.00416	0.00415	0.00829	0.01245	0.01758	0.79793	0.03320	0.05872	0.00908	0.00521	0.00139	0.00209	0.00802	0.00485	0.00416
128	0.87598	0.00854	0.00649	0.00581	0.00854	0.00991	0.00478	0.01298	0.00752	0.01982	0.00615	0.00717	0.00478	0.00410	0.00273	0.00137	0.00342	0.00239	0.00273	0.00478
129	0.00610	0.00449	0.00570	0.00544	0.00651	0.00410	0.00406	0.00802	0.01208	0.01681	0.69665	0.05707	0.13764	0.00943	0.00522	0.00141	0.00212	0.00828	0.00475	0.00410
130	0.01094	0.36846	0.35298	0.01001	0.01472	0.07797	0.01121	0.01389	0.00942	0.02697	0.00721	0.00838	0.00578	0.00412	0.00383	0.00117	0.02615	0.00286	0.00201	0.04192
131	0.00966	0.00966	0.01353	0.01160	0.01160	0.01353	0.00966	0.01063	0.00676	0.01063	0.00580	0.00966	0.00580	0.00773	0.01449	0.00193	0.83670	0.00387	0.00193	0.00483
132	0.03583	0.25141	0.24295	0.01230	0.09775	0.10402	0.07076	0.06096	0.01040	0.03438	0.00817	0.02541	0.00668	0.01599	0.00414	0.00128	0.00575	0.00345	0.00230	0.00606
133	0.01110	0.13852	0.20184	0.07768	0.10354	0.02471	0.11391	0.01422	0.02774	0.10258	0.00922	0.02213	0.00712	0.00445	0.00457	0.00129	0.04157	0.00377	0.00253	0.08751
134	0.00553	0.00391	0.00508	0.00596	0.00618	0.00369	0.00389	0.00619	0.00816	0.01088	0.02284	0.72469	0.02731	0.13363	0.00807	0.00215	0.00281	0.01167	0.00389	0.00346
135	0.00625	0.00448	0.00585	0.00555	0.00657	0.00415	0.00415	0.00829	0.01230	0.01746	0.77337	0.06102	0.04071	0.00913	0.00519	0.00140	0.00210	0.00808	0.01980	0.00415
136	0.00991	0.12768	0.41338	0.14365	0.06408	0.03648	0.02688	0.05341	0.00983	0.01353	0.00808	0.02699	0.00635	0.00456	0.00450	0.00136	0.03762	0.00356	0.00210	0.00605
137	0.01427	0.00882	0.01017	0.00844	0.01083	0.05168	0.00678	0.21472	0.02882	0.28208	0.01480	0.04657	0.03948	0.04291	0.10362	0.00221	0.06408	0.01918	0.02440	0.00615
138	0.00822	0.00502	0.00658	0.00594	0.00733	0.00461	0.00454	0.01043	0.02620	0.12932	0.69033	0.03021	0.03691	0.00848	0.00509	0.00139	0.00234	0.00744	0.00494	0.00468
139	0.01060	0.01593	0.25906	0.02669	0.02013	0.10852	0.41937	0.02381	0.02172	0.01380	0.00895	0.03422	0.00698	0.00431	0.00475	0.00143	0.00699	0.00452	0.00224	0.00598
140	0.01066	0.01058	0.03131	0.12619	0.68139	0.02397	0.02472	0.01336	0.00994	0.01397	0.00823	0.01097	0.00681	0.00401	0.00438	0.00133	0.00543	0.00392	0.00216	0.00668
141	0.00690	0.00555	0.00805	0.00771	0.00831	0.00681	0.00604	0.00826	0.00699	0.01020	0.01094	0.01683	0.01049	0.08526	0.63115	0.00601	0.15348	0.00470	0.00231	0.00401
142	0.00642	0.00428	0.00482	0.00482	0.00482	0.00428	0.00268	0.00642	0.00642	0.00856	0.01392	0.02890	0.01606	0.84478	0.02248	0.00428	0.00428	0.00642	0.00268	0.00268
143	0.03097	0.00475	0.00599	0.00565	0.00677	0.00449	0.00425	0.00880	0.03356	0.01758	0.74433	0.04757	0.05079	0.00893	0.00513	0.00140	0.00217	0.00786	0.00477	0.00424
144	0.01099	0.52099	0.23931	0.00971	0.02716	0.04424	0.03019	0.01369	0.02315	0.01176	0.00742	0.00922	0.00636	0.00418	0.00345	0.00113	0.00537	0.02377	0.00201	0.00589

[dist]
# distance from previous block
# <min> <max>
0	1

[block]
# block no. 4 follows, 59 sequences, length 8
# corresponding to MSA columns:
# 426-433
name=unknown_E
#
# <colnr> <probs for GDERKNQSTAVLIFYWHMCP>
#	G	D	E	R	K	N	Q	S	T	A	V	L	I	F	Y	W	H	M	C	P
0	0.03218	0.01110	0.08278	0.05534	0.42151	0.00993	0.09977	0.04162	0.04175	0.04448	0.00901	0.01100	0.00711	0.00406	0.00429	0.00128	0.00521	0.00389	0.00251	0.11117
1	0.01246	0.00810	0.00970	0.00723	0.01091	0.00678	0.00584	0.05369	0.06515	0.22681	0.01119	0.01127	0.00821	0.00413	0.00372	0.00093	0.00349	0.00332	0.00358	0.54349
2	0.00683	0.00568	0.00614	0.00594	0.00753	0.00559	0.00453	0.01084	0.20317	0.01430	0.13953	0.07475	0.44740	0.00982	0.00510	0.00152	0.00261	0.03984	0.00430	0.00458
3	0.00767	0.00384	0.00575	0.00575	0.00575	0.00384	0.00384	0.00575	0.00575	0.00767	0.00767	0.01343	0.00767	0.01534	0.01726	0.87150	0.00384	0.00384	0.00192	0.00192
