[name]
unknown

[dist]
# distance from previous block
# <min> <max>
0	160

[block]
# block no. 0 follows, 54 sequences, length 71
# corresponding to MSA columns:
# 166-202,333-366
name=unknown_A
#
# <colnr> <probs for GDERKNQSTAVLIFYWHMCP>
#	G	D	E	R	K	N	Q	S	T	A	V	L	I	F	Y	W	H	M	C	P
0	0.04234	0.00838	0.00999	0.00853	0.01104	0.01867	0.02144	0.14340	0.14926	0.20983	0.18580	0.08840	0.02073	0.00779	0.00508	0.00156	0.00381	0.05259	0.00492	0.00643
1	0.01284	0.74799	0.05549	0.00847	0.01261	0.01807	0.00850	0.06732	0.01046	0.01252	0.00696	0.00792	0.00618	0.00416	0.00320	0.00106	0.00513	0.00268	0.00220	0.00622
2	0.00819	0.00410	0.00614	0.00614	0.00614	0.00410	0.00410	0.00614	0.00614	0.00819	0.00819	0.01433	0.00819	0.01638	0.01843	0.86282	0.00410	0.00410	0.00205	0.00205
3	0.01135	0.51175	0.33905	0.01022	0.01543	0.01557	0.01181	0.01444	0.00973	0.01263	0.00732	0.00852	0.00602	0.00421	0.00361	0.00120	0.00581	0.00291	0.00201	0.00642
4	0.00946	0.02439	0.80987	0.01344	0.02041	0.01095	0.01742	0.01493	0.00995	0.01493	0.00846	0.00995	0.00597	0.00448	0.00448	0.00149	0.00697	0.00348	0.00199	0.00697
5	0.00608	0.00480	0.00548	0.00531	0.00668	0.00420	0.00398	0.00775	0.01195	0.01559	0.39712	0.04067	0.45184	0.01088	0.00557	0.00154	0.00231	0.00929	0.00475	0.00420
6	0.01141	0.01187	0.06665	0.06305	0.72344	0.01116	0.01459	0.01439	0.01063	0.01523	0.00882	0.01161	0.00733	0.00424	0.00466	0.00141	0.00571	0.00416	0.00230	0.00734
7	0.00925	0.00882	0.01516	0.71671	0.10386	0.01060	0.04461	0.01240	0.00962	0.01248	0.00847	0.01249	0.00643	0.00464	0.00474	0.00156	0.00629	0.00425	0.00213	0.00549
8	0.00574	0.00410	0.00547	0.00657	0.00684	0.00383	0.00438	0.00657	0.00903	0.01204	0.02599	0.83122	0.03119	0.01477	0.00602	0.00191	0.00274	0.01340	0.00438	0.00383
9	0.02115	0.00802	0.01094	0.00839	0.01204	0.00693	0.00693	0.02298	0.01350	0.80815	0.01860	0.01605	0.01167	0.00584	0.00474	0.00146	0.00401	0.00474	0.00584	0.00802
10	0.02093	0.00839	0.01117	0.00856	0.01222	0.00747	0.00707	0.07638	0.01410	0.75389	0.01809	0.01572	0.01142	0.00582	0.00474	0.00146	0.00409	0.00471	0.00576	0.00802
11	0.04691	0.80391	0.02399	0.00799	0.01198	0.01833	0.00795	0.01411	0.00952	0.01150	0.00656	0.00757	0.00601	0.00405	0.00302	0.00103	0.00499	0.00252	0.00205	0.00601
12	0.00681	0.00455	0.00516	0.00520	0.00521	0.00454	0.00292	0.00685	0.00694	0.00926	0.01530	0.06297	0.01771	0.80141	0.02328	0.00446	0.00450	0.00712	0.00292	0.00290
13	0.01113	0.01272	0.02782	0.01987	0.02464	0.01192	0.78776	0.01510	0.01113	0.01510	0.00954	0.01272	0.00715	0.00397	0.00556	0.00159	0.00795	0.00556	0.00238	0.00636
14	0.01167	0.01094	0.01816	0.13497	0.65297	0.01131	0.01395	0.06091	0.01125	0.01582	0.00895	0.01177	0.00734	0.00436	0.00468	0.00142	0.00567	0.00420	0.00245	0.00720
15	0.01740	0.00719	0.00974	0.00775	0.01074	0.00629	0.00629	0.01932	0.01346	0.60331	0.22202	0.02102	0.02019	0.00682	0.00495	0.00147	0.00355	0.00572	0.00567	0.00710
16	0.01113	0.01272	0.02782	0.01987	0.02464	0.01192	0.78776	0.01510	0.01113	0.01510	0.00954	0.01272	0.00715	0.00397	0.00556	0.00159	0.00795	0.00556	0.00238	0.00636
17	0.00587	0.00476	0.03158	0.00679	0.00728	0.00406	0.00480	0.00684	0.00906	0.01213	0.02542	0.80456	0.03037	0.01444	0.00597	0.00190	0.00287	0.01308	0.00430	0.00393
18	0.01620	0.01264	0.01306	0.01041	0.01382	0.04607	0.00846	0.57616	0.17373	0.02633	0.01417	0.01381	0.04109	0.00602	0.00475	0.00145	0.00492	0.00464	0.00463	0.00764
19	0.01634	0.01248	0.01321	0.01048	0.01390	0.02911	0.00854	0.60817	0.15289	0.02694	0.02768	0.01298	0.00986	0.00667	0.02712	0.00161	0.00515	0.00451	0.00464	0.00770
20	0.05797	0.01110	0.01100	0.00968	0.01248	0.06039	0.00759	0.10469	0.61081	0.03554	0.01697	0.01583	0.01268	0.00611	0.00466	0.00155	0.00417	0.00492	0.00457	0.00729
21	0.00951	0.00652	0.00786	0.00764	0.00910	0.00657	0.00561	0.11597	0.10378	0.08081	0.04545	0.50759	0.02410	0.01131	0.00550	0.00172	0.00330	0.01002	0.00456	0.03308
22	0.01127	0.01218	0.02626	0.01889	0.02343	0.01140	0.72596	0.01503	0.01113	0.04408	0.01057	0.04747	0.00834	0.00450	0.00555	0.00160	0.00758	0.00587	0.00260	0.00631
23	0.01042	0.00999	0.01704	0.38065	0.39414	0.01093	0.05209	0.01381	0.03857	0.01405	0.00906	0.01234	0.00718	0.00450	0.00474	0.00149	0.00595	0.00430	0.00232	0.00642
24	0.00574	0.00410	0.00547	0.00657	0.00684	0.00383	0.00438	0.00657	0.00903	0.01204	0.02599	0.83122	0.03119	0.01477	0.00602	0.00191	0.00274	0.01340	0.00438	0.00383
25	0.01755	0.01302	0.01394	0.01077	0.01448	0.01445	0.00887	0.74303	0.06890	0.02911	0.01180	0.01170	0.00840	0.00570	0.00472	0.00143	0.00510	0.00431	0.00472	0.00798
26	0.00960	0.06026	0.77521	0.01320	0.02004	0.01129	0.01701	0.01490	0.00994	0.01476	0.00838	0.00985	0.00598	0.00446	0.00442	0.00147	0.00688	0.00344	0.00199	0.00693
27	0.00957	0.00948	0.01471	0.71402	0.03044	0.05925	0.04696	0.01257	0.00967	0.01213	0.00830	0.01226	0.00631	0.00480	0.00505	0.00157	0.03131	0.00418	0.00213	0.00530
28	0.01761	0.02247	0.01336	0.01215	0.01458	0.81537	0.00911	0.01883	0.01336	0.01154	0.00729	0.00850	0.00607	0.00486	0.00425	0.00121	0.00850	0.00304	0.00243	0.00547
29	0.00863	0.00442	0.00450	0.00448	0.00554	0.00440	0.00333	0.01075	0.00992	0.01733	0.04725	0.01877	0.01358	0.03562	0.00414	0.00124	0.00228	0.00465	0.79482	0.00434
30	0.00609	0.00480	0.00550	0.00532	0.00669	0.00420	0.00399	0.00778	0.01198	0.01566	0.40543	0.04056	0.44348	0.01085	0.00557	0.00154	0.00231	0.00928	0.00476	0.00420
31	0.00946	0.02439	0.80987	0.01344	0.02041	0.01095	0.01742	0.01493	0.00995	0.01493	0.00846	0.00995	0.00597	0.00448	0.00448	0.00149	0.00697	0.00348	0.00199	0.00697
32	0.00573	0.00477	0.00500	0.00497	0.00647	0.00404	0.00372	0.00706	0.01107	0.01358	0.15200	0.05908	0.68294	0.01168	0.00558	0.00158	0.00237	0.00982	0.00449	0.00404
33	0.00634	0.00481	0.00584	0.00559	0.00684	0.00431	0.00419	0.00826	0.01257	0.01706	0.57611	0.03827	0.27193	0.01033	0.00556	0.00152	0.00227	0.00895	0.00495	0.00431
34	0.01443	0.01158	0.01229	0.02478	0.01360	0.03768	0.00833	0.34294	0.36949	0.03670	0.01510	0.01550	0.01143	0.00628	0.00515	0.00154	0.03124	0.02995	0.00456	0.00743
35	0.00958	0.00828	0.01286	0.01796	0.40521	0.01876	0.00967	0.01180	0.05759	0.01362	0.01395	0.22545	0.01427	0.00972	0.03209	0.11909	0.00479	0.00666	0.00298	0.00566
36	0.00574	0.00410	0.00547	0.00657	0.00684	0.00383	0.00438	0.00657	0.00903	0.01204	0.02599	0.83122	0.03119	0.01477	0.00602	0.00191	0.00274	0.01340	0.00438	0.00383
37	0.00657	0.00522	0.00605	0.00647	0.03184	0.00478	0.00452	0.00865	0.06200	0.02532	0.13324	0.23000	0.43489	0.01164	0.00559	0.00165	0.00266	0.01005	0.00446	0.00440
38	0.00992	0.10417	0.65135	0.03035	0.05460	0.01176	0.04485	0.01478	0.00998	0.01452	0.00833	0.00995	0.00610	0.00441	0.00439	0.00145	0.00674	0.00351	0.00203	0.00684
39	0.01268	0.04861	0.01460	0.04635	0.28768	0.14193	0.01028	0.12362	0.07019	0.02696	0.01241	0.11306	0.01144	0.00643	0.00500	0.00148	0.02159	0.03601	0.00321	0.00647
40	0.10806	0.01160	0.01727	0.07368	0.55070	0.06630	0.04638	0.01446	0.01042	0.01542	0.00840	0.01105	0.00697	0.00443	0.00487	0.00144	0.03536	0.00399	0.00238	0.00680
41	0.00669	0.03527	0.02171	0.00758	0.02402	0.00548	0.00546	0.00774	0.00905	0.01208	0.02323	0.57239	0.05047	0.07105	0.00772	0.00207	0.05289	0.07706	0.00396	0.00410
42	0.00569	0.00432	0.00525	0.00598	0.00669	0.00388	0.00412	0.00663	0.00959	0.01226	0.03307	0.57549	0.28234	0.01385	0.00587	0.00181	0.00262	0.01228	0.00438	0.00388
43	0.01249	0.54292	0.19866	0.00992	0.01448	0.07979	0.02435	0.04609	0.01050	0.01281	0.00729	0.00842	0.00613	0.00426	0.00356	0.00116	0.00580	0.00290	0.00216	0.00629
44	0.00675	0.00474	0.00601	0.00598	0.00705	0.00431	0.00437	0.00846	0.01188	0.04258	0.46517	0.23086	0.16196	0.01114	0.00565	0.00161	0.00244	0.00982	0.00488	0.00434
45	0.00594	0.00479	0.00528	0.00519	0.00658	0.00419	0.00387	0.00737	0.01114	0.01408	0.23307	0.04128	0.55590	0.03977	0.03901	0.00191	0.00284	0.00929	0.00445	0.00407
46	0.00685	0.00460	0.00529	0.00529	0.00534	0.00465	0.00304	0.00695	0.00690	0.00925	0.01472	0.03013	0.01683	0.78709	0.07077	0.00475	0.00505	0.00675	0.00284	0.00294
47	0.01187	0.01020	0.01074	0.00962	0.01231	0.01179	0.00750	0.04243	0.77876	0.01995	0.01901	0.01745	0.01425	0.00638	0.00480	0.00160	0.00376	0.00531	0.00480	0.00748
48	0.01600	0.01715	0.01242	0.01092	0.01358	0.46331	0.00839	0.14262	0.15543	0.04414	0.03647	0.01286	0.03476	0.00567	0.00452	0.00134	0.00657	0.00409	0.00349	0.00624
49	0.01270	0.82138	0.02449	0.00815	0.01215	0.03406	0.00809	0.01421	0.00965	0.01110	0.00657	0.00758	0.00605	0.00405	0.00305	0.00101	0.00511	0.00253	0.00202	0.00604
50	0.81576	0.00907	0.00737	0.05551	0.01053	0.01057	0.00559	0.01375	0.00811	0.02060	0.00667	0.00796	0.00518	0.00440	0.00303	0.00147	0.00381	0.00265	0.00287	0.00511
51	0.01167	0.01120	0.01914	0.02894	0.80488	0.01120	0.01447	0.01447	0.01074	0.01540	0.00887	0.01167	0.00747	0.00420	0.00467	0.00140	0.00560	0.00420	0.00233	0.00747
52	0.00952	0.02397	0.78160	0.01367	0.02056	0.01099	0.04526	0.01494	0.01000	0.01494	0.00850	0.01005	0.00602	0.00446	0.00452	0.00150	0.00700	0.00356	0.00201	0.00695
53	0.00674	0.00504	0.00750	0.00750	0.00832	0.00585	0.00580	0.00837	0.00756	0.01089	0.01270	0.01891	0.01195	0.06018	0.79102	0.00748	0.01238	0.00511	0.00254	0.00417
54	0.00593	0.00458	0.00543	0.00577	0.00679	0.00408	0.00418	0.00724	0.01068	0.01380	0.19252	0.31502	0.35372	0.01249	0.00576	0.00170	0.00255	0.03917	0.00454	0.00404
55	0.01173	0.01013	0.01066	0.00960	0.01226	0.01173	0.00746	0.02505	0.79636	0.01972	0.01919	0.01759	0.01439	0.00640	0.00480	0.00160	0.00373	0.00533	0.00480	0.00746
56	0.01040	0.00907	0.01182	0.05764	0.01375	0.00772	0.06821	0.07025	0.01074	0.01610	0.00887	0.02052	0.00732	0.00399	0.00406	0.00091	0.01870	0.00336	0.00287	0.65369
57	0.01202	0.14508	0.11069	0.01454	0.01889	0.01270	0.37127	0.12727	0.02762	0.03168	0.03046	0.04525	0.00911	0.00501	0.00504	0.00148	0.01751	0.00501	0.00288	0.00651
58	0.01003	0.01031	0.01800	0.01422	0.01601	0.01220	0.28023	0.01219	0.00864	0.01259	0.00838	0.01246	0.00742	0.01110	0.13995	0.00278	0.41104	0.00477	0.00225	0.00542
59	0.00574	0.00410	0.00547	0.00657	0.00684	0.00383	0.00438	0.00657	0.00903	0.01204	0.02599	0.83122	0.03119	0.01477	0.00602	0.00191	0.00274	0.01340	0.00438	0.00383
60	0.12314	0.00978	0.12058	0.07319	0.09510	0.00801	0.04272	0.03512	0.01109	0.06462	0.16388	0.05082	0.14133	0.00710	0.00477	0.00150	0.00423	0.00603	0.03142	0.00557
61	0.01154	0.01106	0.01768	0.17452	0.31381	0.02731	0.14496	0.06082	0.15827	0.01627	0.01093	0.01305	0.00849	0.00477	0.00485	0.00150	0.00582	0.00462	0.00290	0.00684
62	0.01008	0.15966	0.63130	0.01293	0.01927	0.01230	0.06236	0.01481	0.00996	0.01430	0.00821	0.00972	0.00606	0.00437	0.00430	0.00142	0.00671	0.00345	0.00202	0.00678
63	0.00585	0.00482	0.00516	0.00516	0.00665	0.00413	0.00393	0.00725	0.01115	0.01376	0.16219	0.04424	0.64548	0.01165	0.00562	0.00161	0.00247	0.05031	0.00450	0.00407
64	0.01041	0.01147	0.08246	0.13311	0.41876	0.01047	0.14802	0.01350	0.01049	0.01455	0.01193	0.04708	0.05611	0.00515	0.00492	0.00150	0.00590	0.00510	0.00249	0.00657
65	0.05989	0.69069	0.02237	0.00841	0.01225	0.08230	0.00803	0.04793	0.01034	0.01248	0.00682	0.00781	0.00609	0.00419	0.00319	0.00107	0.00525	0.00264	0.00222	0.00604
66	0.00946	0.02439	0.80987	0.01344	0.02041	0.01095	0.01742	0.01493	0.00995	0.01493	0.00846	0.00995	0.00597	0.00448	0.00448	0.00149	0.00697	0.00348	0.00199	0.00697
67	0.00603	0.00441	0.00571	0.00666	0.00711	0.00420	0.00455	0.00741	0.04105	0.01243	0.02665	0.74367	0.06446	0.01426	0.00596	0.00189	0.00280	0.03235	0.00439	0.00400
68	0.00755	0.00574	0.00794	0.00752	0.00850	0.00642	0.01855	0.05544	0.00884	0.01234	0.04957	0.02195	0.06034	0.15290	0.52147	0.00584	0.03619	0.00570	0.00292	0.00429
69	0.00696	0.03564	0.00676	0.00591	0.00715	0.00503	0.00443	0.00896	0.02569	0.02759	0.53288	0.08256	0.16202	0.05978	0.00659	0.00170	0.00258	0.00862	0.00475	0.00440
70	0.01330	0.01384	0.01414	0.07733	0.01501	0.23220	0.02283	0.12772	0.01138	0.01432	0.00763	0.01031	0.00655	0.00655	0.00960	0.00167	0.38925	0.00388	0.01683	0.00568

[dist]
# distance from previous block
# <min> <max>
0	1

[block]
# block no. 1 follows, 54 sequences, length 28
# corresponding to MSA columns:
# 368-395
name=unknown_B
#
# <colnr> <probs for GDERKNQSTAVLIFYWHMCP>
#	G	D	E	R	K	N	Q	S	T	A	V	L	I	F	Y	W	H	M	C	P
0	0.86760	0.00912	0.00693	0.00620	0.00912	0.01058	0.00511	0.01386	0.00802	0.02115	0.00657	0.00766	0.00511	0.00438	0.00292	0.00146	0.00365	0.00255	0.00292	0.00511
1	0.00911	0.00859	0.01452	0.76306	0.09074	0.01053	0.01320	0.01223	0.00953	0.01230	0.00842	0.01250	0.00637	0.00468	0.00471	0.00156	0.00623	0.00419	0.00211	0.00541
2	0.00679	0.00498	0.00571	0.00551	0.00702	0.00434	0.00422	0.00840	0.01174	0.05350	0.29406	0.04096	0.47871	0.01094	0.00557	0.00158	0.00250	0.04441	0.00472	0.00435
3	0.01748	0.04901	0.01385	0.01184	0.01450	0.68302	0.00906	0.11987	0.01439	0.01391	0.00779	0.00884	0.00633	0.00494	0.00427	0.00123	0.00795	0.00318	0.00272	0.00582
4	0.00633	0.00466	0.00600	0.00686	0.00739	0.00455	0.00475	0.00826	0.07257	0.01299	0.05497	0.70638	0.03019	0.01384	0.00592	0.00188	0.00286	0.04099	0.00444	0.00416
5	0.02915	0.00637	0.00720	0.00664	0.00812	0.04274	0.00504	0.01152	0.08592	0.05271	0.61736	0.03115	0.05997	0.00889	0.00533	0.00148	0.00277	0.00771	0.00498	0.00493
6	0.01120	0.41966	0.34573	0.01156	0.04310	0.01478	0.04824	0.01475	0.02740	0.01319	0.00783	0.00914	0.00630	0.00427	0.00383	0.00126	0.00596	0.00318	0.00210	0.00652
7	0.00591	0.00427	0.00560	0.00636	0.00686	0.00395	0.00435	0.00701	0.00992	0.01336	0.17298	0.64533	0.06926	0.01368	0.00591	0.00182	0.00262	0.01233	0.00453	0.00395
8	0.01945	0.01007	0.01212	0.00937	0.01301	0.01005	0.00772	0.30853	0.05807	0.47651	0.01592	0.01437	0.01045	0.00580	0.00474	0.00145	0.00444	0.00459	0.00536	0.00799
9	0.01187	0.01223	0.02031	0.06380	0.54327	0.07165	0.17784	0.01482	0.01095	0.01489	0.00887	0.01170	0.00724	0.00423	0.00483	0.00143	0.00635	0.00440	0.00234	0.00698
10	0.00943	0.02314	0.08966	0.00768	0.01022	0.05184	0.00665	0.05329	0.15365	0.05661	0.11821	0.05628	0.32702	0.00885	0.00513	0.00154	0.00370	0.00734	0.00425	0.00550
11	0.00575	0.00421	0.00540	0.00631	0.00678	0.00387	0.00427	0.00666	0.00938	0.01233	0.05091	0.70272	0.13562	0.01424	0.00595	0.00186	0.00267	0.01280	0.00440	0.00387
12	0.14290	0.01915	0.01197	0.01084	0.01333	0.61946	0.00822	0.03652	0.03436	0.01380	0.00859	0.00964	0.02199	0.00500	0.00408	0.00127	0.00730	0.00323	0.02285	0.00548
13	0.00663	0.00482	0.00624	0.00588	0.00701	0.00443	0.00441	0.00880	0.01323	0.01864	0.76947	0.03566	0.07758	0.00974	0.00556	0.00149	0.00223	0.00859	0.00515	0.00443
14	0.01402	0.60942	0.02161	0.00911	0.01279	0.17987	0.00835	0.07391	0.01130	0.01260	0.00707	0.00804	0.00620	0.00432	0.00340	0.00108	0.00576	0.00276	0.00231	0.00608
15	0.00597	0.00422	0.00551	0.00636	0.00664	0.00402	0.00420	0.00674	0.00883	0.01183	0.05176	0.66447	0.02909	0.13370	0.03104	0.00244	0.00326	0.01205	0.00413	0.00372
16	0.07314	0.03779	0.03554	0.01065	0.01399	0.15531	0.04085	0.36346	0.11261	0.05683	0.03011	0.01240	0.00931	0.02100	0.00489	0.00147	0.00552	0.00421	0.00397	0.00697
17	0.00993	0.01010	0.01809	0.12533	0.11913	0.01118	0.26429	0.01248	0.00964	0.01345	0.03018	0.05184	0.04372	0.00733	0.03691	0.00191	0.22085	0.00544	0.00251	0.00569
18	0.00598	0.00477	0.00536	0.00525	0.00663	0.00415	0.00392	0.00754	0.01165	0.01498	0.32400	0.06443	0.50232	0.01118	0.00558	0.00156	0.00234	0.00953	0.00468	0.00415
19	0.01382	0.01528	0.12244	0.01222	0.01588	0.17735	0.12017	0.19265	0.17028	0.03563	0.01263	0.01424	0.02113	0.00616	0.02012	0.00159	0.00626	0.03189	0.00353	0.00674
20	0.02341	0.01057	0.05857	0.07562	0.20428	0.05691	0.02651	0.04601	0.08698	0.15949	0.08174	0.03943	0.03726	0.00676	0.02873	0.00162	0.00509	0.00509	0.00367	0.04226
21	0.00971	0.00773	0.01028	0.02736	0.05816	0.03146	0.04091	0.03523	0.04908	0.08432	0.20466	0.10038	0.13167	0.01011	0.04801	0.00193	0.13267	0.00707	0.00396	0.00530
22	0.01490	0.00670	0.00874	0.00725	0.00983	0.00593	0.00577	0.03103	0.01287	0.45986	0.18143	0.07771	0.10451	0.00785	0.00502	0.00149	0.00333	0.00663	0.04271	0.00642
23	0.04001	0.01607	0.13969	0.01184	0.06214	0.25417	0.00986	0.12573	0.09573	0.12460	0.01199	0.02451	0.02348	0.00539	0.00449	0.00138	0.00600	0.00409	0.00348	0.03536
24	0.01070	0.21144	0.36004	0.13236	0.05780	0.01294	0.09466	0.04199	0.01039	0.01417	0.00823	0.01019	0.00630	0.00439	0.00430	0.00139	0.00639	0.00364	0.00217	0.00650
25	0.00580	0.00469	0.00516	0.00525	0.00656	0.00405	0.00386	0.00714	0.01099	0.01379	0.18595	0.15540	0.55104	0.01191	0.00563	0.00162	0.00241	0.01018	0.00453	0.00405
26	0.03132	0.01255	0.26019	0.00993	0.01366	0.00814	0.06222	0.04772	0.04473	0.13085	0.14696	0.10979	0.08698	0.00743	0.00502	0.00155	0.00465	0.00640	0.00384	0.00607
27	0.01211	0.01196	0.10171	0.10450	0.43447	0.03316	0.03109	0.02889	0.01105	0.10176	0.03230	0.03680	0.00930	0.00506	0.00499	0.00147	0.02505	0.00457	0.00284	0.00693

[dist]
# distance from previous block
# <min> <max>
0	1

[block]
# block no. 2 follows, 54 sequences, length 11
# corresponding to MSA columns:
# 397,400-409
name=unknown_C
#
# <colnr> <probs for GDERKNQSTAVLIFYWHMCP>
#	G	D	E	R	K	N	Q	S	T	A	V	L	I	F	Y	W	H	M	C	P
0	0.14894	0.24713	0.06094	0.04647	0.01401	0.14523	0.05221	0.08729	0.02415	0.01531	0.00937	0.05418	0.00839	0.00551	0.00443	0.00137	0.03499	0.03147	0.00276	0.00583
1	0.01157	0.02992	0.01596	0.06469	0.43343	0.01009	0.02752	0.06856	0.01134	0.03351	0.03006	0.01186	0.00835	0.00433	0.00438	0.00123	0.00499	0.00397	0.00275	0.22147
2	0.23956	0.20777	0.15629	0.01047	0.05898	0.05713	0.02377	0.08848	0.03228	0.05723	0.00888	0.02441	0.00704	0.00476	0.00381	0.00135	0.00518	0.00343	0.00287	0.00630
3	0.00676	0.00510	0.00607	0.00603	0.00722	0.00485	0.00445	0.00937	0.07571	0.01594	0.35073	0.18184	0.22020	0.01132	0.02631	0.00174	0.00275	0.00920	0.04996	0.00446
4	0.01091	0.01079	0.01770	0.04108	0.20137	0.01202	0.19826	0.03198	0.12345	0.01491	0.01188	0.01421	0.05007	0.00604	0.00793	0.00167	0.23165	0.00498	0.00278	0.00633
5	0.00738	0.00549	0.00637	0.00642	0.00737	0.02219	0.00460	0.04331	0.01052	0.03123	0.14577	0.31676	0.18193	0.10090	0.03306	0.00217	0.02568	0.00960	0.03502	0.00423
6	0.00612	0.00479	0.00555	0.00550	0.00681	0.00423	0.00415	0.00776	0.01173	0.01527	0.35250	0.07750	0.42542	0.01118	0.00563	0.00159	0.00242	0.04297	0.00471	0.00418
7	0.00860	0.00637	0.00730	0.00761	0.00861	0.04650	0.00554	0.09728	0.01111	0.05031	0.02294	0.59010	0.02603	0.01267	0.00577	0.00182	0.00351	0.07893	0.00438	0.00463
8	0.86760	0.00912	0.00693	0.00620	0.00912	0.01058	0.00511	0.01386	0.00802	0.02115	0.00657	0.00766	0.00511	0.00438	0.00292	0.00146	0.00365	0.00255	0.00292	0.00511
9	0.01123	0.01235	0.02434	0.04046	0.02249	0.04787	0.62625	0.04633	0.01131	0.01507	0.00976	0.01300	0.00755	0.00702	0.08064	0.00212	0.00825	0.00531	0.00249	0.00616
10	0.00574	0.00410	0.00547	0.00657	0.00684	0.00383	0.00438	0.00657	0.00903	0.01204	0.02599	0.83122	0.03119	0.01477	0.00602	0.00191	0.00274	0.01340	0.00438	0.00383

[dist]
# distance from previous block
# <min> <max>
0	1

[block]
# block no. 3 follows, 54 sequences, length 40
# corresponding to MSA columns:
# 411-450
name=unknown_D
#
# <colnr> <probs for GDERKNQSTAVLIFYWHMCP>
#	G	D	E	R	K	N	Q	S	T	A	V	L	I	F	Y	W	H	M	C	P
0	0.00564	0.00475	0.00489	0.00492	0.00643	0.00400	0.00366	0.00687	0.01081	0.01303	0.08660	0.08033	0.72809	0.01195	0.00559	0.00160	0.00240	0.01003	0.00442	0.00400
1	0.01395	0.46515	0.06639	0.00955	0.01314	0.12890	0.00889	0.07206	0.03700	0.07202	0.00840	0.00927	0.00689	0.00482	0.00451	0.00123	0.06573	0.00315	0.00265	0.00629
2	0.02139	0.03130	0.18311	0.08242	0.24290	0.04984	0.02992	0.08349	0.03991	0.02576	0.04095	0.01251	0.01795	0.00531	0.00583	0.00150	0.09825	0.00423	0.00271	0.02073
3	0.01375	0.19125	0.07233	0.01029	0.01375	0.08078	0.04015	0.28584	0.10059	0.01896	0.01076	0.01213	0.00856	0.02701	0.09141	0.00207	0.00629	0.00403	0.00339	0.00665
4	0.00674	0.00504	0.00750	0.00750	0.00832	0.00585	0.00580	0.00837	0.00756	0.01089	0.01270	0.01891	0.01195	0.06016	0.79104	0.00748	0.01238	0.00511	0.00254	0.00417
5	0.00680	0.00527	0.00664	0.00679	0.00797	0.00500	0.02660	0.00878	0.06644	0.01309	0.04877	0.23980	0.30459	0.03233	0.00715	0.06321	0.00323	0.13923	0.00416	0.00417
6	0.01225	0.02800	0.23944	0.01212	0.04866	0.10392	0.06203	0.07690	0.17296	0.07122	0.05704	0.03292	0.03245	0.00585	0.00497	0.00149	0.02286	0.00480	0.00343	0.00669
7	0.01065	0.01024	0.01733	0.19402	0.45198	0.01103	0.06816	0.01364	0.03185	0.01415	0.00917	0.01275	0.00769	0.03007	0.02959	0.00178	0.07262	0.00442	0.00235	0.00650
8	0.00600	0.00481	0.00540	0.00555	0.00690	0.00421	0.00424	0.00744	0.01104	0.01383	0.16422	0.10562	0.53239	0.01192	0.00571	0.00167	0.00261	0.09785	0.00450	0.00409
9	0.01865	0.00767	0.01027	0.00821	0.01142	0.00684	0.00676	0.03350	0.03251	0.64733	0.06728	0.01988	0.01482	0.00658	0.00488	0.00150	0.00388	0.05973	0.03086	0.00742
10	0.16162	0.01376	0.22066	0.09930	0.09521	0.01079	0.10807	0.08350	0.04445	0.05852	0.01045	0.03638	0.00824	0.00516	0.00453	0.00152	0.00566	0.02280	0.00294	0.00644
11	0.00972	0.08205	0.73714	0.01319	0.01991	0.01152	0.03328	0.01488	0.00995	0.01466	0.00835	0.00984	0.00600	0.00444	0.00440	0.00146	0.00685	0.00346	0.00200	0.00689
12	0.00603	0.00485	0.00506	0.00496	0.00656	0.00409	0.00374	0.00733	0.01105	0.03146	0.11579	0.04378	0.71586	0.01159	0.00555	0.00158	0.00241	0.00970	0.00449	0.00412
13	0.01763	0.02182	0.01342	0.01206	0.01458	0.75923	0.00910	0.07283	0.01398	0.01281	0.00757	0.00870	0.00621	0.00491	0.00428	0.00123	0.00827	0.00312	0.00259	0.00565
14	0.01105	0.33747	0.45668	0.01146	0.01713	0.01385	0.04159	0.01484	0.00995	0.03472	0.00804	0.00930	0.00620	0.00433	0.00396	0.00131	0.00618	0.00322	0.00212	0.00662
15	0.01100	0.01042	0.01742	0.15691	0.61169	0.01081	0.01352	0.01426	0.04233	0.01518	0.04401	0.01309	0.00918	0.00461	0.00472	0.00144	0.00549	0.00443	0.00252	0.00697
16	0.00574	0.00410	0.00547	0.00657	0.00684	0.00383	0.00438	0.00657	0.00903	0.01204	0.02599	0.83122	0.03119	0.01477	0.00602	0.00191	0.00274	0.01340	0.00438	0.00383
17	0.01310	0.01105	0.01375	0.01215	0.07157	0.13957	0.14136	0.12061	0.01305	0.11977	0.10296	0.03179	0.05695	0.00774	0.01938	0.06297	0.00555	0.04708	0.00370	0.00590
18	0.01056	0.01138	0.02243	0.01729	0.05491	0.03448	0.55684	0.03514	0.01105	0.01481	0.01238	0.15873	0.01144	0.00605	0.00570	0.00163	0.01965	0.00677	0.00280	0.00596
19	0.01173	0.01166	0.03374	0.04803	0.09454	0.09312	0.22740	0.01478	0.05570	0.07347	0.02964	0.03379	0.04126	0.00712	0.03669	0.00184	0.17147	0.00512	0.00289	0.00601
20	0.80651	0.00920	0.00747	0.00664	0.00935	0.01085	0.00548	0.01368	0.00797	0.02046	0.00654	0.00785	0.00518	0.00465	0.00381	0.00150	0.06222	0.00267	0.00286	0.00511
21	0.00983	0.01369	0.24141	0.03615	0.01638	0.04489	0.18863	0.03507	0.01021	0.01450	0.03469	0.01525	0.02910	0.06501	0.07465	0.00223	0.06656	0.00480	0.09128	0.00568
22	0.00585	0.00477	0.00518	0.00512	0.00655	0.00409	0.00382	0.00729	0.01134	0.01426	0.23579	0.06773	0.58884	0.01146	0.00558	0.00158	0.00236	0.00970	0.00458	0.00409
23	0.01579	0.03611	0.01382	0.01239	0.07033	0.32022	0.00916	0.24861	0.16240	0.01874	0.01078	0.01132	0.00832	0.00544	0.00490	0.00139	0.03610	0.00394	0.00352	0.00675
24	0.00677	0.00491	0.00598	0.00573	0.00705	0.00439	0.00433	0.00863	0.01240	0.04002	0.50932	0.05069	0.28110	0.01042	0.00557	0.00154	0.00239	0.02944	0.00492	0.00439
25	0.17528	0.01103	0.04582	0.00899	0.01229	0.05538	0.00761	0.25074	0.03907	0.22933	0.08207	0.01520	0.01220	0.00596	0.00448	0.00146	0.00453	0.02726	0.00446	0.00685
26	0.01127	0.40311	0.37211	0.01128	0.01662	0.03835	0.05974	0.01468	0.00995	0.01305	0.00760	0.00896	0.00608	0.00425	0.00386	0.00126	0.00617	0.00315	0.00204	0.00646
27	0.00574	0.00410	0.00547	0.00657	0.00684	0.00383	0.00438	0.00657	0.00903	0.01204	0.02599	0.83122	0.03119	0.01477	0.00602	0.00191	0.00274	0.01340	0.00438	0.00383
28	0.01257	0.01003	0.01074	0.00948	0.01225	0.01138	0.00742	0.06008	0.69095	0.07557	0.01930	0.01770	0.02828	0.00642	0.00480	0.00158	0.00379	0.00532	0.00486	0.00746
29	0.03341	0.00747	0.05514	0.00916	0.06642	0.00656	0.03784	0.07325	0.03958	0.01495	0.04380	0.34279	0.21126	0.01077	0.00546	0.00169	0.00361	0.02787	0.00403	0.00495
30	0.01113	0.02287	0.01896	0.01442	0.01731	0.04261	0.37066	0.01510	0.11297	0.04642	0.01175	0.06081	0.01014	0.06496	0.00848	0.00188	0.15505	0.00564	0.00293	0.00592
31	0.00675	0.00499	0.00726	0.00726	0.00799	0.00572	0.00550	0.00821	0.00748	0.01071	0.01292	0.02014	0.01249	0.14009	0.71184	0.00718	0.01157	0.00529	0.00257	0.00403
32	0.05100	0.65501	0.02190	0.00872	0.01241	0.16090	0.00812	0.01495	0.01019	0.01161	0.00669	0.00774	0.00601	0.00420	0.00324	0.00107	0.00560	0.00261	0.00213	0.00590
33	0.00574	0.00410	0.00547	0.00657	0.00684	0.00383	0.00438	0.00657	0.00903	0.01204	0.02599	0.83122	0.03119	0.01477	0.00602	0.00191	0.00274	0.01340	0.00438	0.00383
34	0.00995	0.00848	0.00987	0.00706	0.01125	0.00646	0.00566	0.02815	0.01004	0.01566	0.00844	0.00981	0.00701	0.00354	0.00352	0.00071	0.00353	0.00282	0.00283	0.84521
35	0.07956	0.04303	0.01193	0.00895	0.01247	0.01007	0.00739	0.20327	0.11146	0.43849	0.01560	0.01418	0.01045	0.00569	0.00454	0.00145	0.00427	0.00445	0.00508	0.00766
36	0.01167	0.50962	0.30890	0.01018	0.01521	0.04800	0.01150	0.01460	0.00987	0.01250	0.00728	0.00847	0.00602	0.00423	0.00360	0.00119	0.00588	0.00289	0.00202	0.00636
37	0.00674	0.00452	0.00518	0.00529	0.00532	0.00449	0.00302	0.00683	0.00709	0.00945	0.01604	0.11566	0.01863	0.74746	0.02209	0.00429	0.00438	0.00755	0.00302	0.00296
38	0.00570	0.00427	0.00530	0.00613	0.00672	0.00387	0.00418	0.00661	0.00945	0.01221	0.03131	0.63931	0.21966	0.01408	0.00591	0.00184	0.00265	0.01256	0.00438	0.00387
39	0.00979	0.01052	0.02195	0.07419	0.02130	0.01005	0.56107	0.01302	0.01055	0.01421	0.01306	0.19188	0.01235	0.00639	0.00560	0.00166	0.00669	0.00718	0.00280	0.00573

[dist]
# distance from previous block
# <min> <max>
0	1

[block]
# block no. 4 follows, 54 sequences, length 10
# corresponding to MSA columns:
# 452-461
name=unknown_E
#
# <colnr> <probs for GDERKNQSTAVLIFYWHMCP>
#	G	D	E	R	K	N	Q	S	T	A	V	L	I	F	Y	W	H	M	C	P
0	0.06401	0.10439	0.07824	0.01280	0.06990	0.08125	0.11901	0.21222	0.11563	0.03414	0.01047	0.01140	0.00797	0.00500	0.00472	0.00140	0.02557	0.00408	0.00332	0.03448
1	0.00679	0.00531	0.00622	0.00604	0.00738	0.00503	0.00450	0.00975	0.09709	0.01638	0.40407	0.12147	0.27130	0.01054	0.00553	0.00158	0.00249	0.00914	0.00481	0.00457
2	0.00618	0.00471	0.00564	0.00587	0.00693	0.00426	0.00435	0.00762	0.01090	0.01421	0.24355	0.20061	0.31935	0.05751	0.00678	0.00185	0.00273	0.08840	0.00451	0.00405
3	0.07160	0.07455	0.59780	0.01206	0.01782	0.01075	0.03671	0.01398	0.00973	0.01485	0.00996	0.09098	0.00844	0.00545	0.00445	0.00150	0.00621	0.00439	0.00231	0.00644
4	0.01200	0.01199	0.06890	0.13919	0.46996	0.05540	0.01301	0.01597	0.09223	0.06017	0.01031	0.01237	0.00808	0.00465	0.00466	0.00144	0.00567	0.00424	0.00274	0.00703
5	0.01309	0.01574	0.14583	0.01139	0.01404	0.28202	0.02748	0.03528	0.01081	0.07830	0.00936	0.01171	0.00767	0.01111	0.15590	0.00262	0.15537	0.00391	0.00265	0.00573
6	0.00582	0.00420	0.00553	0.00657	0.00695	0.00391	0.00448	0.00672	0.00920	0.01217	0.02709	0.75396	0.07163	0.01454	0.00602	0.00191	0.00279	0.04826	0.00438	0.00386
7	0.62397	0.03611	0.00900	0.00763	0.01033	0.11981	0.00618	0.01511	0.05870	0.01890	0.00744	0.00855	0.00592	0.00478	0.00393	0.00146	0.05107	0.00288	0.00290	0.00534
8	0.03725	0.01121	0.01709	0.14141	0.58447	0.06383	0.01320	0.01408	0.01064	0.01473	0.01019	0.01283	0.03918	0.00464	0.00463	0.00142	0.00570	0.00430	0.00241	0.00680
9	0.00865	0.00732	0.00821	0.00837	0.05923	0.02561	0.00589	0.05272	0.20871	0.01672	0.18889	0.09009	0.28241	0.00931	0.00528	0.00157	0.00320	0.00794	0.00449	0.00540

[dist]
# distance from previous block
# <min> <max>
1	2

[block]
# block no. 5 follows, 54 sequences, length 47
# corresponding to MSA columns:
# 464-510
name=unknown_F
#
# <colnr> <probs for GDERKNQSTAVLIFYWHMCP>
#	G	D	E	R	K	N	Q	S	T	A	V	L	I	F	Y	W	H	M	C	P
0	0.00923	0.00869	0.01062	0.08642	0.06301	0.09622	0.04565	0.01056	0.00910	0.01166	0.03015	0.03762	0.06296	0.26884	0.03656	0.00278	0.13113	0.07148	0.00285	0.00447
1	0.54414	0.05697	0.00910	0.00693	0.01006	0.00979	0.00578	0.01633	0.00987	0.24718	0.03754	0.01102	0.00841	0.00496	0.00354	0.00143	0.00378	0.00339	0.00378	0.00598
2	0.01040	0.00993	0.01587	0.19759	0.38824	0.02784	0.06361	0.01396	0.07377	0.01477	0.05803	0.01604	0.04944	0.03388	0.00550	0.00159	0.00543	0.00498	0.00277	0.00635
3	0.01090	0.01385	0.11004	0.03777	0.02438	0.01179	0.68854	0.01501	0.01097	0.01501	0.00940	0.01242	0.00701	0.00404	0.00543	0.00158	0.00781	0.00531	0.00234	0.00640
4	0.01220	0.78857	0.02354	0.00788	0.01177	0.01780	0.00781	0.01369	0.00965	0.01119	0.00896	0.00977	0.05255	0.00450	0.00317	0.00104	0.00489	0.00295	0.00215	0.00593
5	0.01215	0.00966	0.01276	0.07999	0.16655	0.00961	0.02003	0.13715	0.11875	0.07496	0.02560	0.01478	0.04594	0.00565	0.01531	0.00137	0.00459	0.01260	0.00356	0.22898
6	0.01375	0.01270	0.01740	0.01347	0.01680	0.11012	0.26750	0.24199	0.05954	0.05031	0.01202	0.08221	0.00998	0.00661	0.02340	0.00167	0.04505	0.00541	0.00351	0.00655
7	0.01345	0.63829	0.05850	0.00912	0.01297	0.17628	0.00870	0.01509	0.01035	0.01136	0.00679	0.00786	0.00605	0.00422	0.00334	0.00107	0.00582	0.00267	0.00210	0.00598
8	0.01148	0.00882	0.01063	0.00870	0.05763	0.00740	0.00645	0.09551	0.01136	0.08025	0.01039	0.02203	0.01661	0.03000	0.00448	0.00102	0.00385	0.00352	0.00325	0.60659
9	0.01022	0.01002	0.01650	0.45730	0.27117	0.03303	0.05844	0.01312	0.00991	0.01322	0.00844	0.01205	0.00669	0.00473	0.00539	0.00154	0.05581	0.00424	0.00219	0.00600
10	0.00765	0.00596	0.01757	0.00617	0.00773	0.02110	0.00472	0.04023	0.03239	0.05298	0.28310	0.12913	0.33599	0.02672	0.00585	0.00163	0.00283	0.00901	0.00463	0.00461
11	0.00671	0.00460	0.00542	0.00550	0.00568	0.00463	0.00333	0.00700	0.00726	0.00971	0.01681	0.09143	0.04969	0.65152	0.10752	0.00457	0.00521	0.00729	0.00300	0.00312
12	0.00679	0.00485	0.00655	0.00655	0.00704	0.00534	0.00462	0.00776	0.00727	0.01019	0.01356	0.02370	0.01404	0.37089	0.48315	0.00632	0.00925	0.00581	0.00266	0.00364
13	0.01173	0.01043	0.01054	0.00951	0.01212	0.04516	0.00738	0.02406	0.73216	0.01910	0.01983	0.01832	0.04549	0.00655	0.00481	0.00158	0.00388	0.00542	0.00468	0.00724
14	0.01074	0.03669	0.53047	0.01405	0.02002	0.05799	0.16361	0.02923	0.01066	0.03242	0.00883	0.01050	0.00641	0.00440	0.00461	0.00145	0.00696	0.00385	0.00226	0.04483
15	0.09217	0.02621	0.13270	0.05815	0.01593	0.04763	0.05592	0.26833	0.03295	0.20615	0.01182	0.01201	0.00819	0.00521	0.00453	0.00145	0.00538	0.00412	0.00398	0.00718
16	0.00680	0.00479	0.00624	0.00624	0.00662	0.00517	0.00423	0.00756	0.00718	0.00996	0.01385	0.02528	0.01472	0.47333	0.38165	0.00593	0.00821	0.00604	0.00271	0.00347
17	0.00609	0.00508	0.00579	0.00623	0.04424	0.00443	0.00434	0.00755	0.01116	0.01394	0.17583	0.06086	0.60089	0.01126	0.00556	0.00158	0.00256	0.02395	0.00442	0.00423
18	0.01622	0.01054	0.01305	0.01125	0.05963	0.06928	0.07497	0.12880	0.14788	0.32578	0.01708	0.01717	0.04843	0.00611	0.00488	0.00150	0.00483	0.03073	0.00463	0.00725
19	0.00980	0.00902	0.01422	0.62192	0.10587	0.01083	0.01243	0.03847	0.10362	0.01385	0.00981	0.01304	0.00742	0.00489	0.00472	0.00155	0.00588	0.00433	0.00252	0.00581
20	0.01524	0.01532	0.01106	0.00990	0.01224	0.42247	0.00758	0.08765	0.09112	0.07219	0.01189	0.02919	0.00954	0.00565	0.00429	0.00130	0.00604	0.02089	0.16060	0.00582
21	0.01091	0.01098	0.05076	0.06807	0.65092	0.01049	0.01358	0.01373	0.01069	0.01510	0.02563	0.01512	0.04625	0.00501	0.00479	0.00145	0.00544	0.03156	0.00253	0.00700
22	0.01981	0.04634	0.01150	0.00837	0.01191	0.00800	0.00696	0.08842	0.01387	0.66118	0.01724	0.01533	0.01112	0.00572	0.00458	0.00141	0.00406	0.00458	0.05185	0.00774
23	0.01178	0.01040	0.01767	0.03955	0.63525	0.01031	0.04388	0.01445	0.01094	0.07059	0.04180	0.05164	0.01031	0.00503	0.00481	0.00144	0.00533	0.00490	0.00279	0.00713
24	0.00589	0.00484	0.00521	0.00527	0.00670	0.00420	0.00395	0.00741	0.02350	0.01359	0.13699	0.10642	0.60957	0.01183	0.00563	0.00162	0.00248	0.03631	0.00448	0.00409
25	0.00955	0.00882	0.01451	0.63850	0.13284	0.01055	0.01283	0.03907	0.01007	0.01318	0.00927	0.01423	0.00746	0.00512	0.00497	0.00158	0.02004	0.03950	0.00232	0.00559
26	0.82820	0.00982	0.04379	0.00653	0.00964	0.01059	0.00567	0.01391	0.00811	0.02087	0.00665	0.00776	0.00515	0.00438	0.00299	0.00146	0.00380	0.00260	0.00288	0.00519
27	0.06006	0.00801	0.01053	0.00822	0.01168	0.00718	0.00675	0.02198	0.04423	0.70355	0.05404	0.01659	0.01298	0.00596	0.00470	0.00147	0.00390	0.00484	0.00563	0.00770
28	0.00578	0.00412	0.00546	0.00652	0.00678	0.00386	0.00432	0.00658	0.00895	0.01194	0.02560	0.80360	0.03070	0.04305	0.00664	0.00201	0.00280	0.01318	0.00432	0.00380
29	0.03895	0.01005	0.01029	0.04144	0.02907	0.11626	0.00736	0.19373	0.02460	0.12489	0.03088	0.08808	0.07743	0.03725	0.03136	0.00185	0.00502	0.10195	0.02365	0.00589
30	0.33115	0.00842	0.00947	0.00759	0.01097	0.00827	0.00626	0.01964	0.01149	0.51993	0.01419	0.01298	0.00927	0.00530	0.00407	0.00146	0.00388	0.00394	0.00477	0.00696
31	0.00592	0.00466	0.00538	0.00583	0.00683	0.00421	0.00413	0.00742	0.03771	0.01297	0.07481	0.40595	0.38138	0.01293	0.00575	0.00174	0.00259	0.01131	0.00443	0.00406
32	0.01171	0.01000	0.01059	0.00990	0.03206	0.03859	0.00748	0.10494	0.53855	0.01926	0.01871	0.11975	0.01579	0.00749	0.00498	0.00162	0.00400	0.03312	0.00458	0.00689
33	0.01094	0.01055	0.01824	0.23102	0.57384	0.01105	0.04789	0.01388	0.01042	0.01453	0.00877	0.01195	0.00715	0.00432	0.00472	0.00145	0.00588	0.00426	0.00228	0.00685
34	0.00978	0.00838	0.00978	0.00698	0.01117	0.00629	0.00559	0.01187	0.00978	0.01536	0.00838	0.00978	0.00698	0.00349	0.00349	0.00070	0.00349	0.00279	0.00279	0.86312
35	0.01111	0.00950	0.01012	0.00914	0.01163	0.01086	0.00709	0.02311	0.70413	0.01951	0.09668	0.01986	0.03273	0.00682	0.00489	0.00159	0.00356	0.00573	0.00483	0.00710
36	0.01244	0.01063	0.01212	0.00915	0.01301	0.07783	0.06455	0.13000	0.04835	0.06217	0.01017	0.02397	0.00807	0.00442	0.00407	0.00102	0.00454	0.00363	0.00331	0.49657
37	0.00704	0.00479	0.00606	0.00606	0.00715	0.00433	0.00442	0.00865	0.01164	0.06100	0.39977	0.26846	0.17031	0.01132	0.00565	0.00163	0.00250	0.00998	0.00485	0.00439
38	0.05107	0.01175	0.01309	0.01024	0.01374	0.02322	0.02809	0.50577	0.08318	0.14826	0.01399	0.01359	0.03640	0.00590	0.00488	0.00146	0.01855	0.00456	0.00468	0.00759
39	0.02325	0.00795	0.00955	0.00803	0.01036	0.03574	0.00639	0.08474	0.05109	0.30583	0.25812	0.06022	0.05317	0.00777	0.00569	0.00152	0.05296	0.00638	0.00498	0.00625
40	0.00570	0.00476	0.00498	0.00497	0.00646	0.00403	0.00371	0.00700	0.01098	0.01342	0.13318	0.07185	0.68921	0.01178	0.00559	0.00159	0.00238	0.00991	0.00447	0.00403
41	0.00712	0.00500	0.00626	0.00662	0.00753	0.00473	0.00474	0.05323	0.01087	0.03950	0.14409	0.50903	0.13158	0.01276	0.00579	0.00177	0.00285	0.03763	0.00456	0.00434
42	0.23027	0.01470	0.01389	0.01268	0.08763	0.27295	0.09535	0.14420	0.02528	0.04815	0.00879	0.00995	0.00675	0.00477	0.00421	0.00138	0.00616	0.00361	0.00308	0.00621
43	0.01050	0.01185	0.06608	0.01540	0.03368	0.03651	0.40067	0.04865	0.01066	0.01452	0.01246	0.12330	0.03815	0.00658	0.00717	0.00169	0.14731	0.00624	0.00275	0.00583
44	0.00848	0.00508	0.00536	0.00521	0.00654	0.00499	0.00389	0.01125	0.07565	0.04133	0.06124	0.05101	0.17443	0.04650	0.00510	0.00146	0.00255	0.00622	0.47910	0.00459
45	0.21577	0.07898	0.03872	0.01029	0.03141	0.25408	0.00830	0.21957	0.02592	0.06235	0.00899	0.00964	0.00682	0.00494	0.00402	0.00134	0.00579	0.00337	0.00332	0.00636
46	0.00618	0.00475	0.00561	0.00562	0.00681	0.00425	0.00418	0.00774	0.01145	0.01503	0.34115	0.12014	0.35565	0.04394	0.00639	0.00173	0.00254	0.04810	0.00464	0.00412

[dist]
# distance from previous block
# <min> <max>
0	1

[block]
# block no. 6 follows, 54 sequences, length 7
# corresponding to MSA columns:
# 512-518
name=unknown_G
#
# <colnr> <probs for GDERKNQSTAVLIFYWHMCP>
#	G	D	E	R	K	N	Q	S	T	A	V	L	I	F	Y	W	H	M	C	P
0	0.03506	0.09349	0.05505	0.01087	0.03638	0.01082	0.11853	0.13690	0.08324	0.05657	0.01023	0.01125	0.00787	0.00453	0.00444	0.00120	0.02258	0.00381	0.00323	0.29396
1	0.01105	0.24302	0.40694	0.01115	0.01625	0.01205	0.04977	0.01459	0.01013	0.08302	0.01063	0.09187	0.00906	0.00548	0.00431	0.00140	0.00581	0.00442	0.00259	0.00647
2	0.01038	0.03540	0.01462	0.40739	0.20493	0.09074	0.01165	0.01277	0.00975	0.01241	0.00890	0.01360	0.00766	0.09151	0.00716	0.00182	0.04721	0.00430	0.00226	0.00555
3	0.00643	0.04579	0.00654	0.00600	0.00718	0.00503	0.00441	0.00816	0.03931	0.01392	0.19096	0.32513	0.30028	0.01190	0.00558	0.00166	0.00266	0.01038	0.00444	0.00425
4	0.00663	0.00455	0.00513	0.00523	0.00542	0.00444	0.00307	0.00682	0.00745	0.00977	0.01927	0.10242	0.10054	0.67659	0.02050	0.00403	0.00418	0.00775	0.00315	0.00306
5	0.00927	0.00835	0.00879	0.00838	0.00927	0.12301	0.00635	0.04217	0.00911	0.01169	0.01302	0.04647	0.01331	0.20572	0.27698	0.02621	0.09922	0.07553	0.00284	0.00429
6	0.02751	0.00912	0.01016	0.04869	0.01214	0.03313	0.00711	0.22785	0.10504	0.05918	0.01770	0.04197	0.09132	0.05935	0.05606	0.00205	0.00490	0.08706	0.00402	0.09565

[dist]
# distance from previous block
# <min> <max>
4	10

[block]
# block no. 7 follows, 54 sequences, length 10
# corresponding to MSA columns:
# 529-538
name=unknown_H
#
# <colnr> <probs for GDERKNQSTAVLIFYWHMCP>
#	G	D	E	R	K	N	Q	S	T	A	V	L	I	F	Y	W	H	M	C	P
0	0.01077	0.00737	0.00843	0.00731	0.00964	0.02329	0.00572	0.08259	0.08448	0.13528	0.15829	0.07676	0.16465	0.03477	0.00565	0.00155	0.00346	0.05051	0.00449	0.12498
1	0.04686	0.03425	0.00978	0.00779	0.01049	0.00769	0.00620	0.05449	0.07317	0.14609	0.01449	0.12364	0.01303	0.03365	0.05106	0.00177	0.03711	0.03880	0.02007	0.26956
2	0.86760	0.00912	0.00693	0.00620	0.00912	0.01058	0.00511	0.01386	0.00802	0.02115	0.00657	0.00766	0.00511	0.00438	0.00292	0.00146	0.00365	0.00255	0.00292	0.00511
3	0.01098	0.00817	0.01075	0.00883	0.01106	0.00843	0.07546	0.17620	0.05883	0.08151	0.28519	0.02515	0.11614	0.04406	0.00669	0.00167	0.05395	0.00671	0.00448	0.00574
4	0.00622	0.00456	0.00579	0.00608	0.00691	0.00420	0.00437	0.00770	0.01106	0.01497	0.35114	0.33236	0.14482	0.04012	0.00640	0.00179	0.00260	0.04016	0.00466	0.00409
5	0.01357	0.01047	0.01127	0.00971	0.01264	0.01181	0.00767	0.15400	0.59980	0.08762	0.01781	0.01640	0.01309	0.00623	0.00478	0.00156	0.00400	0.00510	0.00487	0.00760
6	0.41001	0.01153	0.01021	0.00848	0.01156	0.08013	0.00689	0.31218	0.01428	0.02348	0.06252	0.01101	0.00898	0.00527	0.00390	0.00142	0.00456	0.00365	0.00372	0.00621
7	0.01066	0.05358	0.01817	0.32162	0.42391	0.01137	0.06616	0.01360	0.01022	0.01391	0.00861	0.01186	0.00693	0.00437	0.00466	0.00146	0.00599	0.00420	0.00223	0.00649
8	0.01127	0.01150	0.04251	0.01443	0.01801	0.04359	0.39510	0.13191	0.03291	0.01699	0.04466	0.12739	0.01316	0.00649	0.00538	0.00159	0.00617	0.04419	0.00329	0.02946
9	0.18829	0.00892	0.00979	0.00792	0.01097	0.00906	0.00640	0.15422	0.07125	0.18178	0.12326	0.01581	0.03050	0.00590	0.00453	0.00136	0.02110	0.00457	0.00429	0.14007

[dist]
# distance from previous block
# <min> <max>
0	2

[block]
# block no. 8 follows, 54 sequences, length 38
# corresponding to MSA columns:
# 541-578
name=unknown_I
#
# <colnr> <probs for GDERKNQSTAVLIFYWHMCP>
#	G	D	E	R	K	N	Q	S	T	A	V	L	I	F	Y	W	H	M	C	P
0	0.34075	0.01475	0.01121	0.01067	0.06387	0.33748	0.01869	0.02835	0.04329	0.07844	0.00858	0.00945	0.00662	0.00477	0.00386	0.00136	0.00586	0.00321	0.00301	0.00579
1	0.16761	0.00948	0.01070	0.00843	0.01180	0.00966	0.00694	0.24810	0.01484	0.37904	0.01408	0.01329	0.00947	0.00550	0.00431	0.00142	0.00416	0.00418	0.06975	0.00724
2	0.00876	0.00859	0.01557	0.01211	0.01497	0.00803	0.34722	0.04635	0.01124	0.01465	0.04733	0.11680	0.25064	0.02609	0.00603	0.00171	0.00514	0.05004	0.00351	0.00520
3	0.00675	0.00499	0.00729	0.00729	0.00803	0.00574	0.00553	0.00823	0.00749	0.01073	0.01289	0.01998	0.01242	0.12994	0.72189	0.00722	0.01168	0.00527	0.00257	0.00405
4	0.00624	0.00505	0.00558	0.00546	0.00691	0.00453	0.00408	0.00838	0.05343	0.01494	0.27268	0.07297	0.50077	0.01107	0.00555	0.00157	0.00242	0.00942	0.00465	0.00430
5	0.00978	0.00838	0.00978	0.00698	0.01117	0.00629	0.00559	0.01187	0.00978	0.01536	0.00838	0.00978	0.00698	0.00349	0.00349	0.00070	0.00349	0.00279	0.00279	0.86312
6	0.01389	0.01340	0.01315	0.01123	0.01326	0.17910	0.00900	0.20038	0.19392	0.01769	0.01117	0.01231	0.01892	0.00656	0.00802	0.00162	0.26226	0.00428	0.00343	0.00642
