[name]
unknown

[dist]
# distance from previous block
# <min> <max>
0	449

[block]
# block no. 0 follows, 52 sequences, length 12
# corresponding to MSA columns:
# 604-615
name=unknown_A
#
# <colnr> <probs for GDERKNQSTAVLIFYWHMCP>
#	G	D	E	R	K	N	Q	S	T	A	V	L	I	F	Y	W	H	M	C	P
0	0.00837	0.00592	0.00698	0.00677	0.00828	0.00566	0.00508	0.03009	0.08771	0.05160	0.14145	0.21435	0.16083	0.05957	0.00659	0.00182	0.00314	0.06790	0.06778	0.06009
1	0.06966	0.00871	0.01009	0.00841	0.01139	0.00871	0.00670	0.09438	0.19089	0.30123	0.01974	0.05712	0.07430	0.04081	0.00566	0.00166	0.00396	0.02112	0.00491	0.06055
2	0.00771	0.00535	0.00663	0.05712	0.00892	0.00528	0.00510	0.02262	0.03889	0.02795	0.24364	0.19377	0.13022	0.02631	0.00568	0.00166	0.00294	0.03993	0.16567	0.00461
3	0.02192	0.05849	0.00909	0.05936	0.01035	0.00738	0.00583	0.09541	0.01163	0.06620	0.10657	0.12775	0.05264	0.12117	0.00752	0.00190	0.00380	0.03517	0.12611	0.07171
4	0.00977	0.00737	0.00792	0.00789	0.00923	0.06876	0.00581	0.05430	0.09481	0.07979	0.06204	0.41043	0.04723	0.04070	0.00634	0.00188	0.00376	0.05878	0.01809	0.00510
5	0.01006	0.00739	0.05923	0.00763	0.00955	0.00626	0.00621	0.07174	0.03644	0.13624	0.20773	0.25367	0.08056	0.05418	0.00660	0.00184	0.00352	0.03103	0.00472	0.00538
6	0.09039	0.00850	0.01015	0.12270	0.01416	0.00737	0.00669	0.01215	0.00988	0.01573	0.01049	0.01211	0.04694	0.00429	0.00382	0.00097	0.00396	0.00343	0.00286	0.61342
7	0.10064	0.00711	0.00859	0.00881	0.07046	0.00718	0.00600	0.04791	0.07939	0.09272	0.07583	0.15160	0.04701	0.10407	0.02349	0.05141	0.00395	0.01782	0.04746	0.04853
8	0.00827	0.00617	0.00811	0.07155	0.06105	0.00618	0.00616	0.05793	0.03373	0.04282	0.07729	0.34660	0.14317	0.08360	0.00736	0.00201	0.00363	0.02536	0.00419	0.00482
9	0.03019	0.00619	0.00747	0.00715	0.00826	0.00643	0.00527	0.07091	0.02260	0.06192	0.12316	0.26496	0.08519	0.13404	0.00917	0.00217	0.06712	0.02256	0.06052	0.00472
10	0.00891	0.00618	0.00723	0.00693	0.00832	0.00608	0.00509	0.09512	0.05454	0.06409	0.11293	0.24826	0.18419	0.13186	0.00848	0.00216	0.00343	0.03682	0.00452	0.00486
11	0.01162	0.00823	0.00957	0.06049	0.01173	0.02448	0.00685	0.21933	0.03842	0.07460	0.09495	0.08210	0.10113	0.02568	0.09683	0.00231	0.00509	0.04025	0.08051	0.00583

[dist]
# distance from previous block
# <min> <max>
0	1

[block]
# block no. 1 follows, 52 sequences, length 17
# corresponding to MSA columns:
# 617-633
name=unknown_B
#
# <colnr> <probs for GDERKNQSTAVLIFYWHMCP>
#	G	D	E	R	K	N	Q	S	T	A	V	L	I	F	Y	W	H	M	C	P
0	0.00807	0.00587	0.00703	0.00666	0.00827	0.00546	0.00493	0.03630	0.04525	0.05373	0.11089	0.23625	0.21528	0.05805	0.07777	0.00231	0.00395	0.00886	0.00426	0.10081
1	0.05302	0.00635	0.00753	0.00677	0.00847	0.00629	0.00521	0.08072	0.03369	0.10042	0.39328	0.05523	0.02917	0.05205	0.00613	0.00167	0.00307	0.02784	0.11783	0.00528
2	0.00856	0.00569	0.00695	0.00668	0.00809	0.00551	0.00506	0.02449	0.08342	0.06985	0.36361	0.15245	0.09261	0.00999	0.00545	0.00160	0.00280	0.04734	0.09483	0.00502
3	0.01176	0.01111	0.01603	0.16114	0.13074	0.06099	0.12386	0.06322	0.10999	0.03374	0.01067	0.01318	0.00848	0.00754	0.06299	0.00200	0.10301	0.00457	0.00294	0.06205
4	0.05954	0.00561	0.00665	0.00637	0.00746	0.00563	0.00458	0.03617	0.04741	0.03175	0.12094	0.05564	0.18024	0.12191	0.06328	0.22824	0.00417	0.00682	0.00362	0.00397
5	0.08063	0.00837	0.00897	0.00782	0.01004	0.00908	0.00614	0.20541	0.14150	0.05134	0.05657	0.03153	0.01429	0.07785	0.03396	0.00195	0.00415	0.03548	0.20889	0.00602
6	0.01051	0.03651	0.01541	0.44971	0.08979	0.09939	0.06083	0.01312	0.01011	0.01269	0.00963	0.06523	0.00836	0.00638	0.02260	0.00174	0.07517	0.00484	0.00239	0.00558
7	0.01137	0.01218	0.10984	0.16073	0.24933	0.05372	0.01194	0.05258	0.05542	0.04619	0.01285	0.01536	0.06083	0.02883	0.04472	0.00193	0.05808	0.00476	0.00287	0.00647
8	0.03477	0.00597	0.00704	0.00694	0.00799	0.00625	0.00511	0.05638	0.04540	0.03291	0.09381	0.28832	0.06862	0.08756	0.00775	0.00197	0.05648	0.03003	0.15204	0.00468
9	0.00874	0.00500	0.00708	0.02606	0.03466	0.00499	0.00488	0.02341	0.00809	0.03764	0.06234	0.09566	0.01424	0.10305	0.01547	0.50868	0.00407	0.00577	0.02696	0.00320
10	0.00798	0.00694	0.00683	0.00689	0.00812	0.08523	0.00497	0.00995	0.06143	0.02848	0.08924	0.27114	0.26381	0.07230	0.05216	0.00225	0.00405	0.00955	0.00420	0.00448
11	0.09276	0.00927	0.01264	0.30048	0.10407	0.02282	0.01003	0.13484	0.01183	0.07335	0.01113	0.04165	0.00908	0.03015	0.10060	0.00236	0.00635	0.00468	0.01586	0.00603
12	0.00864	0.00615	0.00770	0.00808	0.05912	0.00631	0.00527	0.04356	0.06408	0.03223	0.08326	0.10074	0.09847	0.25654	0.04503	0.08782	0.02828	0.00712	0.04719	0.00440
13	0.00708	0.00604	0.05812	0.00688	0.00817	0.00474	0.00540	0.00871	0.01095	0.04945	0.23166	0.42559	0.13426	0.01231	0.00584	0.00176	0.00297	0.01092	0.00463	0.00453
14	0.01464	0.01491	0.14431	0.04729	0.20007	0.06463	0.03458	0.32889	0.01587	0.04052	0.01046	0.01175	0.00779	0.00512	0.00474	0.00145	0.00593	0.00420	0.03537	0.00746
15	0.03291	0.00785	0.01011	0.04858	0.09203	0.04435	0.04974	0.06834	0.04472	0.01396	0.03694	0.09022	0.14230	0.10874	0.01040	0.17971	0.00457	0.00653	0.00330	0.00468
16	0.01010	0.00931	0.01493	0.19154	0.41477	0.02671	0.01189	0.01245	0.01033	0.01407	0.01288	0.16695	0.01275	0.00724	0.00559	0.02967	0.00532	0.03458	0.00281	0.00614

[dist]
# distance from previous block
# <min> <max>
0	21

[block]
# block no. 2 follows, 52 sequences, length 8
# corresponding to MSA columns:
# 655-662
name=unknown_C
#
# <colnr> <probs for GDERKNQSTAVLIFYWHMCP>
#	G	D	E	R	K	N	Q	S	T	A	V	L	I	F	Y	W	H	M	C	P
0	0.00796	0.00643	0.00841	0.00806	0.00872	0.03242	0.00616	0.00932	0.00793	0.01141	0.01237	0.01953	0.01202	0.16205	0.49103	0.00585	0.12990	0.00526	0.05088	0.00429
1	0.01092	0.00988	0.01219	0.01059	0.10014	0.04101	0.03934	0.03726	0.01077	0.01609	0.00877	0.01039	0.00724	0.00382	0.00388	0.00088	0.00429	0.00321	0.00285	0.66649
2	0.12314	0.08038	0.10187	0.03043	0.03035	0.26499	0.06106	0.04773	0.09167	0.01538	0.00947	0.01108	0.00761	0.00740	0.06451	0.00190	0.03836	0.00378	0.00280	0.00609
3	0.00800	0.00590	0.00750	0.02376	0.00875	0.00620	0.00553	0.09160	0.01101	0.01512	0.11422	0.40819	0.05428	0.04272	0.07298	0.02069	0.05025	0.00978	0.03895	0.00457
4	0.01036	0.06165	0.32309	0.01165	0.04105	0.06622	0.04466	0.04355	0.10096	0.01618	0.10784	0.06324	0.07572	0.00668	0.00492	0.00153	0.00551	0.00557	0.00327	0.00636
5	0.00755	0.00542	0.00614	0.00581	0.00666	0.00528	0.00390	0.06194	0.01046	0.01391	0.20317	0.03417	0.17114	0.42655	0.01528	0.00315	0.00376	0.00786	0.00392	0.00391
6	0.00892	0.00609	0.00732	0.00673	0.00840	0.00578	0.00517	0.09573	0.01357	0.07636	0.37099	0.11438	0.21561	0.01037	0.00564	0.00161	0.00293	0.03431	0.00502	0.00507
7	0.04027	0.01442	0.23390	0.24550	0.21738	0.03068	0.07820	0.01408	0.01037	0.01469	0.02686	0.01226	0.00765	0.00501	0.00515	0.02414	0.00643	0.00424	0.00232	0.00644

[dist]
# distance from previous block
# <min> <max>
0	54

[block]
# block no. 3 follows, 52 sequences, length 12
# corresponding to MSA columns:
# 717-728
name=unknown_D
#
# <colnr> <probs for GDERKNQSTAVLIFYWHMCP>
#	G	D	E	R	K	N	Q	S	T	A	V	L	I	F	Y	W	H	M	C	P
0	0.01304	0.03828	0.15907	0.07379	0.11467	0.05619	0.03084	0.21830	0.13763	0.01931	0.01143	0.01281	0.00874	0.00750	0.06132	0.00194	0.02031	0.00436	0.00337	0.00710
1	0.11053	0.05586	0.01237	0.01190	0.11121	0.17555	0.00834	0.07800	0.18900	0.01778	0.08883	0.01815	0.04804	0.00648	0.00468	0.00149	0.00509	0.04665	0.00372	0.00631
2	0.01415	0.01184	0.01303	0.01267	0.10481	0.05921	0.00916	0.28819	0.29545	0.02220	0.01561	0.01876	0.01267	0.00673	0.00506	0.00160	0.00494	0.09213	0.00441	0.00738
3	0.00695	0.00514	0.00613	0.00602	0.00733	0.00469	0.00445	0.00911	0.04420	0.03775	0.36871	0.16082	0.29825	0.01129	0.00574	0.00164	0.00254	0.00980	0.00492	0.00454
4	0.00963	0.00925	0.01608	0.67318	0.12068	0.01095	0.06609	0.01288	0.00996	0.01299	0.00875	0.01282	0.00666	0.00473	0.00490	0.00160	0.00650	0.00440	0.00220	0.00572
5	0.03720	0.01163	0.01313	0.01243	0.10356	0.01293	0.00894	0.32688	0.35188	0.02372	0.01572	0.01530	0.03232	0.00611	0.00485	0.00154	0.00462	0.00495	0.00454	0.00774
6	0.10697	0.00573	0.00652	0.00638	0.00797	0.00539	0.00474	0.01064	0.01054	0.13895	0.06140	0.27678	0.24135	0.04744	0.00622	0.00183	0.00311	0.02575	0.02747	0.00482
7	0.00655	0.00488	0.00616	0.00667	0.00749	0.00464	0.00477	0.00857	0.05355	0.01471	0.21578	0.46313	0.12003	0.01301	0.00598	0.00182	0.00279	0.05044	0.00472	0.00434
8	0.01275	0.78077	0.07541	0.00865	0.01299	0.01867	0.00891	0.01456	0.00987	0.01165	0.00686	0.00793	0.00621	0.00418	0.00321	0.00107	0.00531	0.00265	0.00207	0.00628
9	0.01233	0.01185	0.01493	0.01230	0.01549	0.06660	0.17362	0.02312	0.57073	0.01868	0.01676	0.01637	0.01262	0.00593	0.00506	0.00161	0.00510	0.00537	0.00423	0.00729
10	0.22032	0.00861	0.01026	0.02449	0.01100	0.00971	0.03333	0.03352	0.00897	0.01538	0.01132	0.03860	0.03276	0.13051	0.01011	0.00207	0.20690	0.04639	0.00293	0.14283
11	0.00961	0.00862	0.01424	0.59415	0.15711	0.01017	0.01254	0.01267	0.00997	0.01361	0.00952	0.01336	0.00735	0.00485	0.00467	0.00153	0.00586	0.00433	0.10018	0.00566

[dist]
# distance from previous block
# <min> <max>
0	15

[block]
# block no. 4 follows, 52 sequences, length 13
# corresponding to MSA columns:
# 744-756
name=unknown_E
#
# <colnr> <probs for GDERKNQSTAVLIFYWHMCP>
#	G	D	E	R	K	N	Q	S	T	A	V	L	I	F	Y	W	H	M	C	P
0	0.01793	0.02133	0.01375	0.01221	0.01490	0.67223	0.00928	0.12483	0.04267	0.01473	0.00850	0.00947	0.00682	0.00516	0.00446	0.00129	0.00809	0.00338	0.00291	0.00605
1	0.01297	0.01309	0.02036	0.01551	0.01890	0.12177	0.37821	0.01633	0.05313	0.08113	0.01049	0.01335	0.00825	0.00545	0.00711	0.00162	0.14897	0.02132	0.00290	0.04916
2	0.70865	0.01121	0.00822	0.00732	0.01028	0.12083	0.00590	0.01538	0.00926	0.05631	0.00742	0.00839	0.00570	0.00464	0.00327	0.00146	0.00445	0.00280	0.00307	0.00544
3	0.00597	0.00483	0.00538	0.00557	0.00689	0.00425	0.00412	0.00727	0.01079	0.01342	0.10329	0.17470	0.54700	0.01389	0.04914	0.00203	0.00312	0.02976	0.00446	0.00413
4	0.12500	0.00548	0.00603	0.00594	0.00722	0.00563	0.00443	0.00921	0.00957	0.01484	0.10558	0.06547	0.19554	0.10737	0.18375	0.00324	0.00517	0.00689	0.12937	0.00428
5	0.01368	0.01145	0.01176	0.01015	0.01271	0.08019	0.00804	0.14786	0.40901	0.06625	0.05769	0.01635	0.01357	0.00662	0.00595	0.00160	0.08557	0.00508	0.02934	0.00713
6	0.00659	0.00468	0.00581	0.00613	0.00693	0.00428	0.00427	0.00783	0.01066	0.03113	0.23745	0.37458	0.16971	0.09757	0.00787	0.00206	0.00283	0.01090	0.00459	0.00412
7	0.00775	0.00559	0.00694	0.00741	0.00822	0.00556	0.00526	0.11390	0.01116	0.01488	0.02423	0.65364	0.02813	0.03863	0.00659	0.00199	0.00329	0.04778	0.00450	0.00452
8	0.00713	0.00571	0.00832	0.00993	0.11669	0.00538	0.02556	0.00877	0.01094	0.01493	0.23808	0.41196	0.09447	0.01171	0.00582	0.00174	0.00318	0.01060	0.00439	0.00471
9	0.01279	0.03680	0.07594	0.05342	0.12245	0.01221	0.27279	0.16423	0.10250	0.03293	0.01148	0.01320	0.00862	0.00493	0.00500	0.00152	0.00617	0.00485	0.05115	0.00704
10	0.24286	0.00706	0.00785	0.11806	0.01163	0.00758	0.00602	0.04873	0.01135	0.01821	0.26439	0.02472	0.15291	0.00803	0.00514	0.02670	0.00350	0.00626	0.02412	0.00490
11	0.03768	0.01135	0.06158	0.33791	0.21018	0.06754	0.04280	0.01351	0.01042	0.01408	0.01078	0.01361	0.04935	0.00504	0.00492	0.00147	0.02190	0.00438	0.00246	0.07904
12	0.42117	0.01127	0.01097	0.00936	0.03712	0.01264	0.00740	0.34873	0.04023	0.04475	0.00967	0.01018	0.00710	0.00517	0.00397	0.00148	0.00451	0.00358	0.00392	0.00678

[dist]
# distance from previous block
# <min> <max>
3	5

[block]
# block no. 5 follows, 52 sequences, length 11
# corresponding to MSA columns:
# 774-778,781-786
name=unknown_F
#
# <colnr> <probs for GDERKNQSTAVLIFYWHMCP>
#	G	D	E	R	K	N	Q	S	T	A	V	L	I	F	Y	W	H	M	C	P
0	0.15381	0.03585	0.12225	0.05297	0.03425	0.00968	0.09761	0.04319	0.01043	0.12242	0.01304	0.13522	0.01175	0.04384	0.04512	0.00206	0.05154	0.00570	0.00335	0.00594
1	0.00656	0.00495	0.00566	0.00569	0.00700	0.00437	0.00423	0.00798	0.01130	0.03239	0.20898	0.11997	0.44896	0.05924	0.00690	0.00185	0.00273	0.05237	0.00463	0.00423
2	0.01017	0.00964	0.01621	0.44772	0.35269	0.01075	0.01356	0.01315	0.01032	0.01386	0.01083	0.01421	0.04625	0.00499	0.00487	0.00154	0.00597	0.00461	0.00237	0.00628
3	0.07359	0.01314	0.04338	0.21908	0.03805	0.19173	0.07018	0.06999	0.03161	0.08937	0.02256	0.01383	0.02150	0.00629	0.02437	0.00168	0.03813	0.02235	0.00309	0.00608
4	0.01136	0.01012	0.03247	0.14351	0.07159	0.01200	0.04886	0.04205	0.04012	0.07891	0.04854	0.01374	0.00965	0.00854	0.05448	0.00214	0.35840	0.00470	0.00288	0.00594
5	0.00615	0.00457	0.00592	0.00653	0.00718	0.00441	0.00458	0.00727	0.00948	0.01258	0.07155	0.47469	0.15841	0.04922	0.15052	0.00303	0.00461	0.01110	0.00415	0.00403
6	0.01179	0.03020	0.07420	0.03783	0.10135	0.02766	0.17542	0.03712	0.07209	0.12844	0.07084	0.06629	0.09859	0.00753	0.02352	0.00172	0.00544	0.01981	0.00374	0.00639
7	0.03125	0.08268	0.26357	0.01422	0.09519	0.04482	0.07162	0.01547	0.07595	0.03519	0.00953	0.01158	0.00758	0.00627	0.02535	0.00175	0.17709	0.00409	0.02028	0.00654
8	0.00980	0.15205	0.03933	0.03479	0.03059	0.06808	0.05954	0.01143	0.00984	0.01290	0.06876	0.27351	0.01741	0.00910	0.00740	0.00170	0.17811	0.00733	0.00315	0.00519
9	0.00901	0.00599	0.00720	0.00677	0.00840	0.00570	0.00510	0.03974	0.08389	0.10649	0.28581	0.18717	0.20867	0.01058	0.00561	0.00164	0.00289	0.00917	0.00500	0.00518
10	0.02843	0.00858	0.02560	0.05937	0.02473	0.02827	0.00690	0.15488	0.12380	0.04753	0.07460	0.19537	0.18348	0.00940	0.00533	0.00164	0.00390	0.00799	0.00442	0.00579

[dist]
# distance from previous block
# <min> <max>
0	10

[block]
# block no. 6 follows, 52 sequences, length 21
# corresponding to MSA columns:
# 806-826
name=unknown_G
#
# <colnr> <probs for GDERKNQSTAVLIFYWHMCP>
#	G	D	E	R	K	N	Q	S	T	A	V	L	I	F	Y	W	H	M	C	P
0	0.03909	0.00824	0.00956	0.06689	0.03968	0.04293	0.00728	0.05878	0.16879	0.08115	0.14462	0.07311	0.02055	0.00818	0.00515	0.00163	0.00404	0.12568	0.08877	0.00587
1	0.00848	0.00691	0.01012	0.14476	0.17014	0.00743	0.00747	0.00972	0.00834	0.01136	0.01255	0.02331	0.01314	0.45795	0.06383	0.00365	0.02789	0.00586	0.00266	0.00444
2	0.04514	0.00910	0.01206	0.07108	0.11736	0.00790	0.03305	0.02897	0.01046	0.01609	0.02661	0.03001	0.00857	0.00429	0.00402	0.00100	0.00424	0.00367	0.00288	0.56352
3	0.00965	0.00864	0.01208	0.23957	0.08287	0.04308	0.00963	0.02400	0.00953	0.03070	0.01330	0.17895	0.01367	0.07739	0.00933	0.00205	0.18894	0.03855	0.00295	0.00514
4	0.00597	0.00426	0.00570	0.00682	0.00713	0.00399	0.00461	0.00686	0.00934	0.01244	0.02667	0.80038	0.03191	0.01512	0.00620	0.00198	0.00287	0.03929	0.00450	0.00395
5	0.01006	0.00943	0.01568	0.61933	0.14088	0.01112	0.04287	0.03909	0.03816	0.01388	0.00923	0.01293	0.00702	0.00483	0.00487	0.00159	0.00629	0.00441	0.00239	0.00593
6	0.01234	0.05177	0.01430	0.01115	0.01350	0.01101	0.12238	0.12724	0.09368	0.08665	0.01441	0.05445	0.01274	0.04100	0.00796	0.00183	0.15768	0.09676	0.06298	0.00616
7	0.06031	0.00896	0.01166	0.05131	0.08098	0.02124	0.04491	0.09696	0.06443	0.22140	0.04940	0.04692	0.05589	0.00648	0.00501	0.00149	0.02378	0.01438	0.09308	0.04142
8	0.00590	0.00422	0.00562	0.00675	0.00703	0.00394	0.00450	0.00675	0.00928	0.01237	0.02671	0.82653	0.03205	0.01518	0.00619	0.00197	0.00281	0.01378	0.00450	0.00394
9	0.00992	0.00811	0.00897	0.04205	0.01082	0.02812	0.00634	0.09028	0.25933	0.01871	0.26240	0.02752	0.10711	0.07512	0.00687	0.00184	0.00367	0.02238	0.00465	0.00579
10	0.01428	0.01211	0.01424	0.04055	0.12343	0.04996	0.04234	0.24870	0.34446	0.03618	0.01447	0.01447	0.01081	0.00579	0.00489	0.00154	0.00505	0.00484	0.00426	0.00763
11	0.01013	0.00849	0.01339	0.33611	0.25353	0.00938	0.01114	0.03115	0.01058	0.01529	0.01127	0.01560	0.00919	0.00526	0.00456	0.00147	0.00514	0.03652	0.20591	0.00589
12	0.00866	0.00448	0.00623	0.00618	0.00658	0.00453	0.00430	0.00795	0.00744	0.03234	0.01105	0.03349	0.01032	0.03520	0.09429	0.55775	0.00471	0.00465	0.15685	0.00299
13	0.73895	0.00953	0.00737	0.00671	0.00948	0.04509	0.00547	0.01402	0.00861	0.02054	0.00786	0.00999	0.00644	0.00617	0.03796	0.00177	0.00433	0.02348	0.03107	0.00518
14	0.01009	0.00989	0.01134	0.12485	0.01445	0.13391	0.06423	0.01325	0.10817	0.01388	0.07962	0.17824	0.05088	0.04366	0.01820	0.02519	0.07366	0.00699	0.01433	0.00516
15	0.00708	0.00542	0.00808	0.00799	0.00882	0.00642	0.00625	0.00878	0.00777	0.01127	0.01270	0.01868	0.01187	0.03518	0.77725	0.00755	0.04677	0.00515	0.00258	0.00437
16	0.10244	0.00785	0.00993	0.00804	0.01115	0.00727	0.00650	0.02009	0.05360	0.54337	0.12391	0.05363	0.01692	0.00681	0.00486	0.00153	0.00376	0.00560	0.00549	0.00723
17	0.00832	0.00424	0.00624	0.00624	0.00624	0.00424	0.00412	0.00637	0.00637	0.00849	0.00892	0.01597	0.00909	0.07631	0.01936	0.79650	0.00424	0.00442	0.00217	0.00217
18	0.01054	0.11977	0.08569	0.08183	0.18133	0.02248	0.13110	0.03886	0.01163	0.02533	0.13791	0.03258	0.07826	0.00624	0.00497	0.00149	0.00536	0.01531	0.00314	0.00618
19	0.03215	0.08375	0.14329	0.12129	0.23327	0.07344	0.07093	0.03452	0.06266	0.02749	0.02008	0.01209	0.00810	0.00545	0.02303	0.00158	0.00628	0.00414	0.00265	0.03380
20	0.11600	0.09226	0.01083	0.07194	0.04386	0.09527	0.00702	0.03813	0.07471	0.01565	0.06493	0.18851	0.04167	0.02215	0.00515	0.00157	0.01696	0.00643	0.06771	0.01925

[dist]
# distance from previous block
# <min> <max>
1	4

[block]
# block no. 7 follows, 52 sequences, length 11
# corresponding to MSA columns:
# 831-841
name=unknown_H
#
# <colnr> <probs for GDERKNQSTAVLIFYWHMCP>
#	G	D	E	R	K	N	Q	S	T	A	V	L	I	F	Y	W	H	M	C	P
0	0.00704	0.00472	0.00542	0.00542	0.00546	0.00477	0.00310	0.00713	0.00709	0.00949	0.01515	0.03104	0.01733	0.78783	0.06613	0.00486	0.00514	0.00695	0.00292	0.00301
1	0.01447	0.16383	0.04150	0.14426	0.01726	0.16359	0.02774	0.26069	0.01492	0.01864	0.04274	0.01192	0.00889	0.00528	0.00442	0.00136	0.00599	0.00400	0.04199	0.00651
2	0.00642	0.00501	0.00591	0.00606	0.00727	0.00449	0.00437	0.00817	0.03545	0.01452	0.19571	0.31683	0.30963	0.01223	0.00577	0.00169	0.00264	0.01069	0.00462	0.04253
3	0.01330	0.44471	0.22082	0.01059	0.01518	0.16833	0.01097	0.04178	0.01113	0.01314	0.00755	0.00871	0.00627	0.00448	0.00379	0.00122	0.00637	0.00300	0.00224	0.00641
4	0.03800	0.04394	0.01643	0.01349	0.01639	0.58119	0.13684	0.04214	0.01316	0.01328	0.00792	0.00956	0.00647	0.00496	0.00496	0.00135	0.03794	0.00360	0.00255	0.00585
5	0.01166	0.01241	0.01527	0.01301	0.01356	0.12332	0.04267	0.01287	0.00845	0.01185	0.00666	0.01045	0.00639	0.00782	0.01390	0.00198	0.67599	0.00415	0.00219	0.00540
6	0.00628	0.00461	0.00566	0.00602	0.00673	0.00424	0.00413	0.00744	0.01041	0.01386	0.22460	0.36175	0.17706	0.13412	0.00872	0.00220	0.00289	0.01084	0.00448	0.00398
7	0.00762	0.00553	0.00658	0.00652	0.00782	0.00526	0.00483	0.02818	0.06866	0.04438	0.25097	0.20573	0.23130	0.05683	0.00681	0.00187	0.00294	0.04877	0.00474	0.00466
8	0.02816	0.05501	0.00897	0.00831	0.03377	0.13775	0.00596	0.02649	0.01158	0.01477	0.22544	0.27011	0.07009	0.04809	0.00629	0.00176	0.00407	0.03456	0.00409	0.00472
9	0.04776	0.01062	0.01197	0.00947	0.01294	0.04350	0.00770	0.28895	0.04940	0.36792	0.03595	0.04861	0.01194	0.00630	0.00483	0.00148	0.00460	0.00500	0.00515	0.02590
10	0.05508	0.01132	0.01168	0.01002	0.06343	0.10163	0.00740	0.11911	0.07686	0.04453	0.01011	0.01101	0.00794	0.00447	0.00405	0.00107	0.00461	0.00347	0.00335	0.44886

[dist]
# distance from previous block
# <min> <max>
0	4

[block]
# block no. 8 follows, 52 sequences, length 10
# corresponding to MSA columns:
# 846-855
name=unknown_I
#
# <colnr> <probs for GDERKNQSTAVLIFYWHMCP>
#	G	D	E	R	K	N	Q	S	T	A	V	L	I	F	Y	W	H	M	C	P
0	0.00969	0.01132	0.12824	0.49452	0.17798	0.01062	0.01398	0.01313	0.01013	0.01362	0.00990	0.01525	0.00813	0.00530	0.00493	0.00161	0.00629	0.05700	0.00235	0.00602
1	0.65653	0.06695	0.00914	0.00720	0.01022	0.03660	0.00593	0.01607	0.12062	0.02051	0.00863	0.00935	0.00671	0.00479	0.00333	0.00148	0.00402	0.00305	0.00320	0.00567
2	0.01003	0.00920	0.01504	0.62999	0.14120	0.01096	0.01316	0.05800	0.01059	0.01391	0.00901	0.01292	0.00693	0.00590	0.03230	0.00179	0.00652	0.00434	0.00236	0.00584
3	0.01298	0.00985	0.01190	0.00894	0.01282	0.00906	0.03928	0.18287	0.05019	0.09280	0.01237	0.01297	0.03951	0.00495	0.00458	0.00111	0.02820	0.00396	0.00372	0.45792
4	0.00656	0.00496	0.00611	0.00620	0.00741	0.00451	0.00476	0.00838	0.01212	0.01614	0.38678	0.11733	0.26929	0.01162	0.00590	0.00170	0.00270	0.11828	0.00488	0.00435
5	0.05208	0.07051	0.01359	0.01058	0.01360	0.16352	0.00852	0.24182	0.25393	0.05510	0.01281	0.01279	0.00966	0.00589	0.00524	0.00149	0.05340	0.00429	0.00405	0.00713
6	0.03939	0.27089	0.49264	0.01180	0.01762	0.06199	0.01404	0.01530	0.01026	0.01414	0.00796	0.00931	0.00614	0.00448	0.00408	0.00136	0.00654	0.00322	0.00211	0.00672
7	0.06367	0.13938	0.01291	0.00892	0.01159	0.04422	0.00729	0.24566	0.04136	0.08537	0.01443	0.11962	0.03513	0.04329	0.06621	0.01750	0.02775	0.00557	0.00388	0.00624
8	0.13903	0.02062	0.01267	0.01150	0.01408	0.66342	0.00871	0.01888	0.04439	0.01362	0.00788	0.00899	0.00645	0.00499	0.00420	0.00130	0.00783	0.00315	0.00267	0.00565
9	0.00585	0.00482	0.00514	0.00525	0.00667	0.00411	0.00387	0.00713	0.01106	0.01357	0.11346	0.14517	0.63228	0.01243	0.00578	0.00167	0.00248	0.01055	0.00457	0.00411

[dist]
# distance from previous block
# <min> <max>
0	4

[block]
# block no. 9 follows, 52 sequences, length 26
# corresponding to MSA columns:
# 860,879-887,889-904
name=unknown_J
#
# <colnr> <probs for GDERKNQSTAVLIFYWHMCP>
#	G	D	E	R	K	N	Q	S	T	A	V	L	I	F	Y	W	H	M	C	P
0	0.01118	0.01254	0.02713	0.01961	0.02425	0.01178	0.72733	0.01514	0.01142	0.01545	0.01092	0.01600	0.00880	0.00474	0.00579	0.00168	0.00791	0.05934	0.00259	0.00639
1	0.04130	0.46090	0.27054	0.01128	0.01642	0.01564	0.09501	0.01487	0.01008	0.01345	0.00769	0.00913	0.00628	0.00430	0.00386	0.00127	0.00608	0.00324	0.00214	0.00652
2	0.00752	0.00541	0.00744	0.00737	0.00810	0.00621	0.00563	0.00905	0.00818	0.01218	0.01406	0.03952	0.01358	0.13081	0.48483	0.00567	0.06669	0.03776	0.12575	0.00424
3	0.00744	0.00529	0.00662	0.00618	0.00755	0.00491	0.00467	0.01006	0.04632	0.04580	0.63660	0.03615	0.14412	0.00995	0.00565	0.00154	0.00244	0.00869	0.00523	0.00477
4	0.01822	0.01449	0.01436	0.01126	0.01496	0.09892	0.00919	0.68233	0.04240	0.02829	0.01141	0.01150	0.00821	0.00575	0.00480	0.00144	0.00565	0.00426	0.00460	0.00795
5	0.01220	0.54366	0.25110	0.01005	0.01502	0.01651	0.01110	0.04419	0.03244	0.01352	0.00786	0.00892	0.00651	0.00441	0.00366	0.00121	0.00573	0.00303	0.00225	0.00661
6	0.00689	0.00519	0.00604	0.00610	0.00735	0.00480	0.00444	0.00911	0.06460	0.03323	0.21864	0.24068	0.32652	0.03617	0.00633	0.00178	0.00271	0.01024	0.00472	0.00447
7	0.00927	0.00689	0.00784	0.00717	0.00912	0.00699	0.00551	0.01486	0.25763	0.07347	0.31600	0.03164	0.21595	0.00916	0.00541	0.00159	0.00294	0.00781	0.00505	0.00569
8	0.03223	0.01247	0.03553	0.01043	0.01417	0.01309	0.00875	0.54911	0.08492	0.13708	0.01336	0.01300	0.00937	0.00584	0.00476	0.00147	0.00495	0.00448	0.03702	0.00797
9	0.01237	0.01158	0.01917	0.05007	0.72318	0.01174	0.01443	0.06894	0.01183	0.01677	0.00928	0.01199	0.00768	0.00444	0.00480	0.00145	0.00575	0.00432	0.00256	0.00765
10	0.00681	0.00492	0.00679	0.00703	0.00759	0.00533	0.00508	0.00798	0.00800	0.01112	0.01648	0.16418	0.01763	0.23017	0.43989	0.00577	0.00878	0.03945	0.00309	0.00392
11	0.00624	0.00455	0.00555	0.00620	0.00676	0.00424	0.00422	0.00708	0.00929	0.01202	0.02876	0.44398	0.18533	0.18949	0.01010	0.00250	0.00326	0.06247	0.00416	0.00379
12	0.01128	0.00882	0.01030	0.00757	0.01165	0.00715	0.00607	0.05774	0.04060	0.06978	0.03626	0.01175	0.00914	0.00420	0.00387	0.00087	0.00369	0.00339	0.00335	0.69252
13	0.05007	0.01042	0.01184	0.02442	0.03666	0.04004	0.02589	0.21569	0.08406	0.10962	0.03015	0.02450	0.02268	0.01529	0.00482	0.00133	0.01503	0.00438	0.03631	0.23681
14	0.12623	0.24183	0.25511	0.03346	0.04227	0.14305	0.02715	0.05294	0.01108	0.01523	0.00788	0.00926	0.00625	0.00457	0.00399	0.00134	0.00629	0.00323	0.00241	0.00641
15	0.00794	0.00728	0.01200	0.02315	0.01222	0.00741	0.17882	0.01003	0.03052	0.01342	0.05161	0.31661	0.13336	0.04066	0.04664	0.00221	0.08840	0.00927	0.00366	0.00481
16	0.01267	0.01017	0.01146	0.00842	0.01260	0.00915	0.00683	0.25397	0.01404	0.02042	0.00956	0.01055	0.00751	0.00429	0.00398	0.00095	0.00414	0.00334	0.00349	0.59248
17	0.01033	0.00950	0.01375	0.00982	0.01425	0.00762	0.16072	0.01287	0.01033	0.01574	0.00885	0.01065	0.00721	0.00369	0.00401	0.00090	0.00450	0.00344	0.00279	0.68903
18	0.00842	0.00421	0.00631	0.00631	0.00631	0.00421	0.00421	0.00631	0.00631	0.00842	0.00842	0.01473	0.00842	0.01684	0.01894	0.85901	0.00421	0.00421	0.00210	0.00210
19	0.01141	0.01300	0.02821	0.02021	0.02497	0.01233	0.76025	0.01541	0.01133	0.01541	0.00971	0.01300	0.00733	0.00421	0.00600	0.00165	0.03094	0.00568	0.00244	0.00650
20	0.00650	0.00496	0.00604	0.00593	0.00715	0.00456	0.00446	0.00827	0.01189	0.01591	0.40459	0.05633	0.29635	0.04160	0.07322	0.00223	0.00341	0.03760	0.00469	0.00431
21	0.00935	0.00803	0.00989	0.00933	0.03976	0.00922	0.00700	0.06558	0.14047	0.01572	0.11928	0.04753	0.19616	0.06334	0.03941	0.00216	0.20162	0.00688	0.00387	0.00539
22	0.00666	0.00497	0.00608	0.00613	0.00729	0.00457	0.00459	0.00868	0.02711	0.01640	0.40059	0.16100	0.22683	0.01136	0.00578	0.00166	0.00259	0.06311	0.03019	0.00441
23	0.00645	0.00501	0.00532	0.00521	0.00679	0.00426	0.00388	0.00776	0.01125	0.04135	0.12148	0.05876	0.65397	0.03919	0.00634	0.00173	0.00258	0.00985	0.00458	0.00424
24	0.03030	0.02829	0.01170	0.00915	0.02378	0.15021	0.03266	0.01494	0.08872	0.01549	0.00991	0.02970	0.00830	0.00447	0.00399	0.00100	0.00473	0.00354	0.00301	0.52612
25	0.08284	0.00768	0.00837	0.00746	0.00946	0.02104	0.02247	0.13866	0.09693	0.03151	0.08111	0.08902	0.06098	0.00946	0.06388	0.00191	0.00417	0.00597	0.25151	0.00556

[dist]
# distance from previous block
# <min> <max>
0	29

[block]
# block no. 10 follows, 52 sequences, length 14
# corresponding to MSA columns:
# 934-947
name=unknown_K
#
# <colnr> <probs for GDERKNQSTAVLIFYWHMCP>
#	G	D	E	R	K	N	Q	S	T	A	V	L	I	F	Y	W	H	M	C	P
0	0.00971	0.00913	0.03553	0.04049	0.08461	0.00981	0.13011	0.05301	0.03494	0.01398	0.01148	0.03559	0.01043	0.08097	0.24750	0.00375	0.14836	0.00526	0.02989	0.00546
1	0.00685	0.00519	0.00731	0.03287	0.00887	0.00567	0.00568	0.00860	0.00904	0.01263	0.10142	0.04662	0.12741	0.02773	0.54189	0.00572	0.00958	0.00647	0.02611	0.00435
2	0.00701	0.00473	0.00531	0.00547	0.00657	0.00440	0.00401	0.00859	0.01056	0.01497	0.12415	0.14659	0.27929	0.05696	0.02829	0.00189	0.00293	0.03941	0.24467	0.00420
3	0.00589	0.00426	0.00558	0.00663	0.00700	0.00395	0.00445	0.00676	0.00939	0.01242	0.02812	0.77744	0.08023	0.01500	0.00616	0.00195	0.00279	0.01355	0.00450	0.00395
4	0.00647	0.00482	0.00599	0.00597	0.00701	0.00442	0.00434	0.00817	0.01192	0.01619	0.44886	0.16927	0.20148	0.04893	0.03251	0.00197	0.00286	0.00972	0.00482	0.00428
5	0.00982	0.00930	0.01575	0.63174	0.21443	0.01094	0.01379	0.01297	0.01001	0.01320	0.00873	0.01270	0.00675	0.00472	0.00483	0.00157	0.00629	0.00431	0.00221	0.00593
6	0.00850	0.00524	0.00659	0.00630	0.00770	0.00470	0.00467	0.01013	0.01203	0.12566	0.34224	0.20054	0.19984	0.03576	0.00627	0.00173	0.00276	0.00953	0.00500	0.00480
7	0.01060	0.01060	0.01484	0.01272	0.01272	0.01484	0.01060	0.01166	0.00742	0.01166	0.00636	0.01060	0.00636	0.00848	0.01590	0.00212	0.82082	0.00424	0.00212	0.00530
8	0.01060	0.01060	0.01484	0.01272	0.01272	0.01484	0.01060	0.01166	0.00742	0.01166	0.00636	0.01060	0.00636	0.00848	0.01590	0.00212	0.82082	0.00424	0.00212	0.00530
9	0.00611	0.00444	0.00579	0.00667	0.00722	0.00412	0.00466	0.00721	0.00997	0.01321	0.09595	0.62874	0.10523	0.01432	0.00614	0.00192	0.00285	0.06684	0.00457	0.00404
10	0.00603	0.00451	0.00578	0.00648	0.00714	0.00426	0.00453	0.00711	0.00960	0.01262	0.05597	0.53816	0.18639	0.01708	0.10759	0.00262	0.00400	0.01180	0.00429	0.00404
11	0.00647	0.00476	0.00598	0.00676	0.00741	0.00448	0.00472	0.03851	0.01016	0.01331	0.02927	0.64793	0.14091	0.01431	0.00609	0.00191	0.00293	0.04543	0.00451	0.00416
12	0.01477	0.02954	0.03971	0.27070	0.02075	0.04809	0.02538	0.29226	0.07858	0.11435	0.01179	0.01292	0.00843	0.00544	0.00481	0.00151	0.00569	0.00440	0.00382	0.00705
13	0.08970	0.05691	0.38492	0.06535	0.02128	0.01170	0.25145	0.01487	0.01034	0.01555	0.00919	0.03047	0.00707	0.00468	0.00478	0.00155	0.00691	0.00439	0.00233	0.00656

[dist]
# distance from previous block
# <min> <max>
0	2

[block]
# block no. 11 follows, 52 sequences, length 13
# corresponding to MSA columns:
# 956-968
name=unknown_L
#
# <colnr> <probs for GDERKNQSTAVLIFYWHMCP>
#	G	D	E	R	K	N	Q	S	T	A	V	L	I	F	Y	W	H	M	C	P
0	0.23746	0.12172	0.01450	0.06830	0.05111	0.06930	0.04287	0.11501	0.05796	0.01781	0.00869	0.01043	0.00701	0.00544	0.00589	0.00153	0.13696	0.00368	0.01820	0.00612
1	0.00615	0.00450	0.00583	0.00675	0.00734	0.00418	0.00480	0.00727	0.00992	0.01301	0.06097	0.60007	0.13031	0.01437	0.00617	0.00194	0.00295	0.10489	0.00453	0.00405
2	0.10991	0.07044	0.04390	0.01176	0.06758	0.20707	0.00909	0.10393	0.09868	0.05904	0.04163	0.01213	0.00940	0.00582	0.00590	0.00149	0.11509	0.00402	0.01674	0.00638
3	0.00610	0.00468	0.00564	0.00607	0.00703	0.00415	0.00428	0.00731	0.01050	0.01368	0.13977	0.43628	0.28529	0.01315	0.00589	0.00176	0.00264	0.01159	0.00457	0.02962
4	0.47473	0.00977	0.00955	0.00785	0.01119	0.01056	0.00647	0.14127	0.03436	0.23503	0.01126	0.01111	0.00783	0.00518	0.00386	0.00150	0.00411	0.00360	0.00417	0.00661
5	0.01250	0.55918	0.20201	0.00993	0.01457	0.01691	0.01064	0.06738	0.01073	0.01363	0.00751	0.00871	0.00635	0.00454	0.00408	0.00122	0.03833	0.00300	0.00226	0.00654
6	0.00668	0.00472	0.00588	0.00651	0.00697	0.00455	0.00454	0.00753	0.00899	0.01179	0.02416	0.32633	0.08623	0.30651	0.01287	0.00297	0.00379	0.16136	0.00393	0.00369
7	0.00608	0.00432	0.00573	0.00678	0.00710	0.00408	0.00459	0.00695	0.00925	0.01231	0.02596	0.73469	0.03095	0.06395	0.00732	0.00215	0.00302	0.05645	0.00440	0.00391
8	0.00866	0.00692	0.00833	0.00753	0.00986	0.00611	0.00582	0.03757	0.06405	0.01522	0.01929	0.27985	0.04901	0.00933	0.00509	0.00146	0.00350	0.11753	0.00389	0.34097
9	0.00612	0.00439	0.00569	0.00653	0.00695	0.00411	0.00442	0.00708	0.00962	0.01282	0.09245	0.62877	0.07425	0.08303	0.00769	0.00215	0.00295	0.03264	0.00444	0.00393
10	0.04343	0.06168	0.16591	0.11047	0.20139	0.01116	0.11086	0.05975	0.01123	0.01573	0.01340	0.01727	0.07440	0.00587	0.00518	0.00157	0.02443	0.05705	0.00277	0.00645
11	0.03690	0.14081	0.06209	0.08801	0.01583	0.02435	0.13556	0.02523	0.01023	0.01462	0.03243	0.01292	0.00897	0.02121	0.09937	0.00204	0.00623	0.00408	0.04012	0.21902
12	0.01238	0.06965	0.06840	0.01013	0.04929	0.06960	0.00816	0.17357	0.13685	0.03911	0.06339	0.06507	0.08777	0.01834	0.00503	0.00146	0.00463	0.00552	0.00392	0.10774

[dist]
# distance from previous block
# <min> <max>
2	43

[block]
# block no. 12 follows, 52 sequences, length 46
# corresponding to MSA columns:
# 1018-1063
name=unknown_M
#
# <colnr> <probs for GDERKNQSTAVLIFYWHMCP>
#	G	D	E	R	K	N	Q	S	T	A	V	L	I	F	Y	W	H	M	C	P
0	0.01331	0.03706	0.15189	0.02869	0.04788	0.01955	0.02431	0.25677	0.04383	0.08597	0.06456	0.06854	0.02089	0.00737	0.03290	0.00169	0.01741	0.00517	0.00389	0.06834
1	0.01263	0.06615	0.02893	0.03814	0.09663	0.03073	0.07166	0.20923	0.06824	0.05054	0.01648	0.08094	0.08969	0.01512	0.00531	0.00152	0.02382	0.00571	0.04973	0.03879
2	0.04234	0.11091	0.03550	0.04692	0.11742	0.09442	0.15091	0.09292	0.09310	0.03897	0.01082	0.03950	0.00881	0.00518	0.00483	0.00141	0.02117	0.00451	0.00310	0.07727
3	0.01586	0.01293	0.01509	0.01259	0.05667	0.05933	0.06436	0.42895	0.09229	0.05090	0.01151	0.01219	0.00856	0.00577	0.00585	0.00150	0.08177	0.00442	0.00409	0.05537
4	0.01100	0.00874	0.01069	0.00872	0.03191	0.03441	0.04720	0.05670	0.03110	0.08328	0.09318	0.06700	0.08525	0.00622	0.00454	0.00117	0.00393	0.00531	0.00375	0.40591
5	0.00624	0.00442	0.00559	0.00639	0.00672	0.00419	0.00422	0.00696	0.00894	0.01181	0.02529	0.56572	0.07239	0.20441	0.01048	0.00259	0.00330	0.04247	0.00413	0.00373
6	0.03901	0.07048	0.04053	0.02694	0.01353	0.02566	0.03307	0.25042	0.21628	0.08340	0.08494	0.02744	0.04351	0.00646	0.00481	0.00150	0.00458	0.00524	0.01510	0.00708
7	0.22314	0.08196	0.05575	0.04092	0.06642	0.21907	0.02073	0.10475	0.03016	0.01710	0.00847	0.01012	0.00684	0.00657	0.04426	0.00174	0.04956	0.00350	0.00286	0.00607
8	0.00742	0.00516	0.00643	0.00655	0.00743	0.00496	0.00461	0.00943	0.05832	0.04198	0.24614	0.30570	0.06330	0.16271	0.00931	0.00229	0.00317	0.03674	0.00451	0.01384
9	0.00747	0.00548	0.00671	0.00661	0.00750	0.00562	0.00474	0.04382	0.03691	0.01334	0.11664	0.09017	0.12283	0.27893	0.19056	0.00402	0.00580	0.04501	0.00371	0.00415
10	0.01144	0.00952	0.01492	0.25650	0.21022	0.00973	0.06008	0.05525	0.01952	0.07830	0.05584	0.03780	0.01057	0.00522	0.00478	0.00141	0.00531	0.00476	0.00308	0.14575
11	0.03334	0.01314	0.13052	0.01683	0.25647	0.05333	0.04934	0.02863	0.12896	0.08743	0.02889	0.01442	0.01011	0.00539	0.00516	0.00149	0.03471	0.02683	0.00326	0.07177
12	0.01025	0.00851	0.00998	0.00720	0.01141	0.00642	0.00575	0.01237	0.01013	0.03525	0.00926	0.02784	0.00783	0.00390	0.00368	0.00076	0.00359	0.00316	0.00298	0.81972
13	0.01204	0.01194	0.13078	0.02777	0.09447	0.01034	0.04615	0.21943	0.04730	0.04779	0.20216	0.02041	0.03564	0.00695	0.00553	0.00156	0.03265	0.03640	0.00406	0.00663
14	0.01499	0.00832	0.01067	0.00893	0.01108	0.04167	0.00720	0.01669	0.01177	0.38286	0.14402	0.01907	0.01647	0.03468	0.09718	0.00240	0.15563	0.00543	0.00456	0.00639
15	0.00601	0.00484	0.00539	0.00577	0.00694	0.00431	0.00413	0.00753	0.03751	0.01307	0.03968	0.33782	0.48350	0.01316	0.00587	0.00176	0.00264	0.01139	0.00451	0.00416
16	0.01026	0.00966	0.05935	0.06470	0.01352	0.00785	0.00748	0.06933	0.01111	0.01654	0.05553	0.02933	0.01066	0.00509	0.00465	0.00108	0.03841	0.03464	0.00312	0.54769
17	0.01147	0.01246	0.13514	0.31791	0.14827	0.03792	0.08912	0.01529	0.04661	0.08888	0.01140	0.01373	0.02985	0.00510	0.00504	0.00156	0.01642	0.00457	0.00277	0.00648
18	0.00603	0.00434	0.00572	0.00667	0.00710	0.00404	0.00455	0.00704	0.00978	0.01306	0.09442	0.70753	0.06410	0.01456	0.00614	0.00192	0.00279	0.03160	0.00457	0.00401
19	0.03644	0.00719	0.01067	0.04514	0.16634	0.00786	0.01567	0.02811	0.00907	0.01299	0.03452	0.08660	0.03336	0.07679	0.20757	0.11790	0.07421	0.02189	0.00285	0.00483
20	0.05400	0.07464	0.30664	0.06204	0.06654	0.07504	0.17469	0.01570	0.03021	0.03873	0.00909	0.01109	0.00688	0.00478	0.00528	0.00153	0.04999	0.00408	0.00244	0.00662
21	0.01129	0.06512	0.01696	0.16015	0.21484	0.03767	0.08617	0.03283	0.01041	0.03778	0.01102	0.01555	0.03262	0.00699	0.02922	0.00182	0.17019	0.05057	0.00265	0.00615
22	0.00654	0.00462	0.00580	0.00628	0.00701	0.00424	0.00436	0.00768	0.01031	0.03105	0.17079	0.45508	0.15468	0.08578	0.00765	0.00207	0.00288	0.02455	0.00455	0.00409
23	0.03053	0.01027	0.01042	0.06540	0.01278	0.11769	0.02214	0.09604	0.18414	0.05295	0.04980	0.03691	0.06312	0.00797	0.03110	0.00173	0.02538	0.04692	0.12870	0.00600
24	0.01094	0.07828	0.54089	0.03484	0.01897	0.01151	0.03760	0.03452	0.01061	0.06900	0.00994	0.01244	0.00755	0.00601	0.02595	0.00172	0.05010	0.02978	0.00250	0.00687
25	0.01322	0.08937	0.07870	0.00990	0.01311	0.04942	0.04233	0.28400	0.04344	0.05344	0.08872	0.10553	0.05302	0.00731	0.00493	0.00150	0.00483	0.01719	0.03350	0.00654
26	0.00655	0.00480	0.00564	0.00600	0.00671	0.00453	0.00409	0.00785	0.03315	0.01276	0.08841	0.31048	0.20542	0.22449	0.01074	0.00254	0.00325	0.03453	0.02415	0.00391
27	0.01446	0.01041	0.01130	0.00933	0.01226	0.02778	0.00746	0.34520	0.17148	0.10243	0.12620	0.04727	0.07814	0.00736	0.00509	0.00153	0.00425	0.00600	0.00496	0.00709
28	0.01671	0.02060	0.03866	0.01186	0.01431	0.64321	0.00923	0.05025	0.01337	0.01324	0.00830	0.00975	0.00682	0.00526	0.00496	0.00131	0.05322	0.00336	0.06993	0.00567
29	0.01153	0.00906	0.01221	0.17079	0.03540	0.05247	0.05605	0.09428	0.05562	0.09361	0.06605	0.03503	0.02976	0.01223	0.14288	0.05114	0.03443	0.02827	0.00347	0.00573
30	0.00842	0.00421	0.00631	0.00631	0.00631	0.00421	0.00421	0.00631	0.00631	0.00842	0.00842	0.01473	0.00842	0.01684	0.01894	0.85901	0.00421	0.00421	0.00210	0.00210
31	0.01719	0.02154	0.01501	0.01359	0.04108	0.69712	0.07042	0.01910	0.03718	0.01253	0.00810	0.00947	0.00664	0.00495	0.00451	0.00130	0.00845	0.00344	0.00256	0.00582
32	0.01101	0.11074	0.53071	0.01533	0.10804	0.01206	0.07936	0.01558	0.01054	0.04969	0.00908	0.01067	0.00668	0.00454	0.00457	0.00148	0.00673	0.00379	0.00230	0.00711
33	0.00677	0.00467	0.00540	0.00556	0.00577	0.00460	0.00334	0.00706	0.00772	0.01019	0.01953	0.14363	0.08300	0.61698	0.05232	0.00419	0.00459	0.00817	0.00327	0.00323
34	0.00615	0.00473	0.00564	0.00583	0.00691	0.00421	0.00421	0.00762	0.01143	0.01500	0.29172	0.26578	0.32866	0.01232	0.00585	0.00169	0.00250	0.01075	0.00478	0.00421
35	0.03257	0.00850	0.01018	0.00878	0.01106	0.00925	0.00707	0.28537	0.01411	0.09762	0.01414	0.04109	0.01184	0.01763	0.30169	0.00381	0.00763	0.03700	0.07453	0.00614
36	0.01289	0.01862	0.26489	0.01301	0.04919	0.26915	0.06166	0.01699	0.08831	0.04158	0.03095	0.06234	0.01032	0.03237	0.00542	0.00158	0.00678	0.00470	0.00291	0.00633
37	0.00993	0.00966	0.00936	0.00884	0.00989	0.18413	0.00665	0.02440	0.00919	0.01141	0.01160	0.01825	0.01127	0.17282	0.40578	0.00518	0.07950	0.00498	0.00264	0.00451
38	0.01225	0.65599	0.19581	0.00950	0.01430	0.01744	0.01039	0.01469	0.00993	0.01226	0.00717	0.00831	0.00620	0.00425	0.00344	0.00115	0.00562	0.00281	0.00207	0.00643
39	0.01194	0.00974	0.01107	0.00808	0.01229	0.00840	0.00653	0.18680	0.01293	0.01913	0.00930	0.01041	0.00742	0.00409	0.00387	0.00088	0.00398	0.00321	0.00332	0.66661
40	0.00897	0.00642	0.00770	0.00752	0.00887	0.03205	0.02142	0.03759	0.07495	0.08747	0.13740	0.40118	0.10302	0.02725	0.00609	0.00181	0.00335	0.01730	0.00467	0.00499
41	0.01013	0.06940	0.69553	0.01336	0.02002	0.01144	0.04004	0.01530	0.01043	0.03230	0.03266	0.01110	0.00750	0.00475	0.00459	0.00151	0.00687	0.00377	0.00225	0.00703
42	0.04302	0.01352	0.01343	0.16183	0.08349	0.21796	0.02020	0.12140	0.15656	0.01714	0.01113	0.01259	0.00862	0.00547	0.00506	0.00148	0.04023	0.00420	0.05628	0.00640
43	0.01021	0.00895	0.00999	0.00740	0.01138	0.03425	0.00587	0.01280	0.04193	0.01607	0.05853	0.01197	0.00987	0.00415	0.00380	0.00082	0.00369	0.00336	0.00310	0.74185
44	0.04128	0.22263	0.33062	0.06894	0.03618	0.03083	0.05048	0.04653	0.06282	0.01539	0.01685	0.01097	0.00751	0.00475	0.00424	0.00140	0.00603	0.00370	0.03220	0.00664
45	0.17876	0.02883	0.00702	0.00627	0.00812	0.00643	0.00480	0.02724	0.01072	0.08887	0.09583	0.17826	0.26854	0.03815	0.00572	0.00173	0.00315	0.01639	0.02031	0.00484

[dist]
# distance from previous block
# <min> <max>
10	16

[block]
# block no. 13 follows, 52 sequences, length 18
# corresponding to MSA columns:
# 1109-1126
name=unknown_N
#
# <colnr> <probs for GDERKNQSTAVLIFYWHMCP>
#	G	D	E	R	K	N	Q	S	T	A	V	L	I	F	Y	W	H	M	C	P
0	0.11238	0.00965	0.01200	0.01253	0.16543	0.01006	0.00835	0.19733	0.03503	0.15499	0.04076	0.01760	0.10161	0.00738	0.03180	0.00171	0.02768	0.00512	0.04181	0.00680
1	0.00692	0.00510	0.00636	0.03120	0.00838	0.00481	0.00508	0.00861	0.02886	0.03873	0.10140	0.31346	0.28252	0.01363	0.03917	0.00205	0.00342	0.09143	0.00448	0.00439
2	0.10454	0.00659	0.00738	0.00692	0.00869	0.00662	0.00520	0.04628	0.09184	0.11909	0.11527	0.21849	0.12406	0.05349	0.00616	0.00179	0.00326	0.00808	0.06097	0.00530
3	0.00758	0.00523	0.00649	0.00666	0.00769	0.00497	0.00479	0.00978	0.06602	0.05850	0.21932	0.35221	0.12401	0.06923	0.00716	0.00197	0.00297	0.03614	0.00471	0.00456
4	0.00597	0.00495	0.00525	0.00527	0.00683	0.00423	0.00402	0.00737	0.01133	0.01384	0.12546	0.04604	0.67293	0.01209	0.00578	0.00166	0.00256	0.05567	0.00458	0.00416
5	0.04270	0.00794	0.00914	0.00794	0.01020	0.00824	0.00627	0.14535	0.16031	0.09796	0.34927	0.02678	0.06792	0.00824	0.00527	0.00156	0.00340	0.03028	0.00508	0.00613
6	0.06139	0.00639	0.00753	0.00717	0.00881	0.00635	0.00538	0.04252	0.09316	0.13206	0.07106	0.24593	0.13049	0.04948	0.03131	0.03474	0.00368	0.03251	0.02482	0.00520
7	0.03201	0.00537	0.00673	0.00634	0.00768	0.00503	0.00477	0.01023	0.02902	0.06936	0.56186	0.08028	0.09115	0.04257	0.00637	0.00170	0.00267	0.02700	0.00508	0.00476
8	0.01679	0.01398	0.01284	0.01053	0.01367	0.18484	0.00841	0.42042	0.07248	0.07280	0.04089	0.01327	0.01024	0.00693	0.03346	0.00164	0.00589	0.00440	0.04935	0.00716
