[name]
unknown

[dist]
# distance from previous block
# <min> <max>
1	15

[block]
# block no. 0 follows, 56 sequences, length 20
# corresponding to MSA columns:
# 320-325,330-343
name=unknown_A
#
# <colnr> <probs for GDERKNQSTAVLIFYWHMCP>
#	G	D	E	R	K	N	Q	S	T	A	V	L	I	F	Y	W	H	M	C	P
0	0.01078	0.01032	0.01756	0.17735	0.61682	0.01061	0.03047	0.01357	0.01019	0.01438	0.00854	0.01148	0.00703	0.00415	0.00453	0.00137	0.00555	0.00407	0.00225	0.03899
1	0.02895	0.00963	0.01094	0.01045	0.06095	0.02212	0.03540	0.03567	0.59734	0.01812	0.01894	0.06401	0.05385	0.00667	0.00475	0.00155	0.00386	0.00570	0.00432	0.00679
2	0.00572	0.00458	0.00512	0.00516	0.00643	0.00397	0.00380	0.00710	0.01090	0.01386	0.23969	0.14206	0.51264	0.01140	0.00548	0.00156	0.00233	0.00976	0.00447	0.00397
3	0.00941	0.00916	0.01284	0.01124	0.01131	0.01259	0.00924	0.01044	0.00721	0.01109	0.00819	0.08619	0.00860	0.01029	0.06542	0.00234	0.70244	0.00490	0.00224	0.00484
4	0.00656	0.00492	0.00738	0.00738	0.00820	0.00574	0.00574	0.00820	0.00738	0.01066	0.01230	0.01804	0.01148	0.03443	0.82046	0.00738	0.01230	0.00492	0.00246	0.00410
5	0.83689	0.00884	0.00690	0.00612	0.00899	0.01016	0.00504	0.01385	0.00803	0.05247	0.00686	0.00779	0.00523	0.00432	0.00291	0.00142	0.00357	0.00257	0.00296	0.00509
6	0.01645	0.01232	0.01322	0.01024	0.01384	0.01352	0.00841	0.67966	0.09237	0.02725	0.01156	0.01150	0.00832	0.00546	0.00453	0.00135	0.00483	0.00415	0.00449	0.05654
7	0.00559	0.00400	0.00533	0.00639	0.00666	0.00373	0.00426	0.00639	0.00879	0.01172	0.02530	0.83566	0.03036	0.01438	0.00586	0.00186	0.00266	0.01305	0.00426	0.00373
8	0.00943	0.06986	0.74742	0.01297	0.01953	0.01112	0.03866	0.01450	0.00970	0.01433	0.00816	0.00964	0.00585	0.00432	0.00431	0.00143	0.00671	0.00340	0.00195	0.00672
9	0.01027	0.11445	0.59717	0.06776	0.01924	0.01181	0.01489	0.08573	0.01071	0.01524	0.00828	0.00972	0.00603	0.00443	0.00424	0.00140	0.00637	0.00340	0.00219	0.00666
10	0.02827	0.01157	0.01627	0.01242	0.01598	0.08467	0.25239	0.16675	0.09992	0.20102	0.05337	0.01405	0.01064	0.00522	0.00484	0.00145	0.00560	0.00484	0.00394	0.00680
11	0.00984	0.06374	0.68292	0.01243	0.01860	0.01104	0.01550	0.06743	0.01052	0.01529	0.00907	0.01160	0.00690	0.00480	0.00440	0.00146	0.00645	0.03908	0.00223	0.00669
12	0.00965	0.00988	0.05065	0.52914	0.15427	0.06496	0.01209	0.01217	0.00938	0.01201	0.00815	0.01187	0.00645	0.00555	0.00576	0.08071	0.00599	0.00397	0.00209	0.00526
13	0.01419	0.00940	0.05675	0.01098	0.10536	0.05708	0.03272	0.03065	0.05094	0.33785	0.09494	0.07330	0.02402	0.00709	0.00550	0.04546	0.00438	0.02873	0.00428	0.00638
14	0.00937	0.00930	0.01326	0.63611	0.04616	0.08418	0.01171	0.01199	0.00943	0.01173	0.00913	0.06785	0.00778	0.00543	0.00517	0.00154	0.04798	0.00459	0.00223	0.00508
15	0.00803	0.06390	0.01107	0.01038	0.08334	0.05285	0.10292	0.00963	0.00991	0.01282	0.06057	0.41171	0.07279	0.01034	0.00537	0.00166	0.00407	0.06035	0.00361	0.00467
16	0.01512	0.06698	0.05253	0.01027	0.04942	0.04051	0.07954	0.05636	0.04550	0.37782	0.02633	0.06838	0.06593	0.00634	0.00471	0.00144	0.00456	0.01722	0.00433	0.00671
17	0.02622	0.00987	0.04225	0.05202	0.02940	0.02264	0.09750	0.08226	0.15708	0.37083	0.03719	0.02826	0.01153	0.00564	0.00472	0.00147	0.00463	0.00488	0.00451	0.00710
18	0.08498	0.04621	0.05567	0.00941	0.05174	0.00850	0.03845	0.13137	0.03577	0.19000	0.04658	0.20627	0.06023	0.00774	0.00477	0.00151	0.00404	0.00661	0.00413	0.00602
19	0.03198	0.07400	0.12833	0.04732	0.01403	0.08048	0.03014	0.13214	0.02950	0.22456	0.04701	0.05229	0.03102	0.00615	0.00475	0.00144	0.01876	0.03582	0.00383	0.00645

[dist]
# distance from previous block
# <min> <max>
5	83

[block]
# block no. 1 follows, 56 sequences, length 95
# corresponding to MSA columns:
# 427-511,519-525,536-538
name=unknown_B
#
# <colnr> <probs for GDERKNQSTAVLIFYWHMCP>
#	G	D	E	R	K	N	Q	S	T	A	V	L	I	F	Y	W	H	M	C	P
0	0.08885	0.02229	0.02172	0.00911	0.02506	0.03958	0.05408	0.17007	0.05258	0.15993	0.09247	0.01414	0.02101	0.00525	0.00427	0.00124	0.00425	0.00429	0.00391	0.20588
1	0.15471	0.00919	0.01011	0.00919	0.05630	0.00975	0.00684	0.18083	0.19300	0.08905	0.05912	0.03436	0.04473	0.03525	0.00501	0.00151	0.00391	0.01459	0.00406	0.07850
2	0.04553	0.00865	0.01165	0.05274	0.10194	0.01815	0.04858	0.11136	0.05933	0.22911	0.10630	0.05455	0.04465	0.00647	0.00475	0.00144	0.00423	0.03382	0.00420	0.05256
3	0.06712	0.08133	0.14378	0.02546	0.01343	0.05718	0.03657	0.08161	0.14472	0.13069	0.05303	0.06743	0.01221	0.00601	0.00445	0.00142	0.00474	0.02483	0.00365	0.04032
4	0.06207	0.05016	0.00940	0.00748	0.00982	0.02032	0.00590	0.07414	0.08060	0.18885	0.08075	0.15898	0.06597	0.04110	0.00564	0.00156	0.02151	0.01879	0.00420	0.09276
5	0.43082	0.00762	0.00745	0.00665	0.00908	0.00808	0.00525	0.03038	0.03449	0.10284	0.04984	0.14592	0.01247	0.00787	0.04566	0.00174	0.00385	0.00498	0.00355	0.08143
6	0.01535	0.09068	0.01638	0.01217	0.01535	0.34976	0.16861	0.07651	0.03797	0.12396	0.03025	0.01123	0.00824	0.00489	0.00461	0.00132	0.01955	0.00396	0.00308	0.00611
7	0.00838	0.00806	0.00825	0.00737	0.00907	0.11803	0.04549	0.03501	0.02946	0.01482	0.26925	0.03136	0.34213	0.00911	0.00564	0.00148	0.04087	0.00758	0.00406	0.00459
8	0.01143	0.01205	0.03113	0.03507	0.12413	0.13996	0.09859	0.03796	0.00966	0.02632	0.00865	0.05301	0.00791	0.00768	0.04415	0.00191	0.33787	0.00452	0.00242	0.00558
9	0.00737	0.04195	0.03433	0.00662	0.00873	0.00659	0.03019	0.01136	0.17869	0.01439	0.09607	0.03395	0.49357	0.00949	0.00512	0.00152	0.00302	0.00797	0.00418	0.00489
10	0.01579	0.11529	0.01444	0.01002	0.01338	0.04935	0.00837	0.53895	0.07049	0.04151	0.01188	0.01198	0.03345	0.00563	0.00482	0.00136	0.03789	0.00413	0.00409	0.00719
11	0.01547	0.25256	0.01591	0.01003	0.01317	0.38685	0.00824	0.11949	0.02520	0.05484	0.00821	0.00896	0.00661	0.00461	0.00385	0.00114	0.00633	0.00308	0.00277	0.05267
12	0.00994	0.21818	0.62683	0.01184	0.01795	0.01245	0.01480	0.01435	0.00961	0.01365	0.00780	0.00914	0.00583	0.00426	0.00403	0.00134	0.00634	0.00317	0.00194	0.00657
13	0.00656	0.00491	0.00732	0.00732	0.00812	0.00571	0.00566	0.00816	0.00736	0.01061	0.01235	0.01834	0.01161	0.05513	0.79994	0.00730	0.01210	0.00496	0.00247	0.00407
14	0.00715	0.00501	0.00665	0.00735	0.00806	0.00503	0.00591	0.00859	0.00927	0.01214	0.02092	0.04412	0.02299	0.27274	0.03182	0.00298	0.00450	0.51728	0.00373	0.00377
15	0.01099	0.32712	0.45949	0.01126	0.03597	0.01326	0.01298	0.01463	0.00975	0.05406	0.00806	0.00917	0.00616	0.00426	0.00385	0.00127	0.00591	0.00312	0.00215	0.00652
16	0.00558	0.00403	0.00529	0.00630	0.00663	0.00374	0.00422	0.00640	0.00888	0.01176	0.02646	0.79244	0.07284	0.01423	0.00584	0.00185	0.00265	0.01287	0.00426	0.00374
17	0.00946	0.09171	0.74914	0.01265	0.01920	0.01129	0.01621	0.01447	0.00966	0.01423	0.00808	0.00950	0.00582	0.00433	0.00424	0.00141	0.00663	0.00331	0.00194	0.00671
18	0.01225	0.40756	0.20778	0.00968	0.01393	0.07493	0.00999	0.04075	0.10331	0.04918	0.00936	0.01053	0.00756	0.00467	0.00377	0.00123	0.00540	0.01919	0.00260	0.00633
19	0.01203	0.09071	0.55735	0.01159	0.01735	0.02509	0.01385	0.03125	0.01064	0.17289	0.01007	0.01067	0.00696	0.00462	0.00429	0.00140	0.00605	0.00356	0.00274	0.00691
20	0.00685	0.00505	0.00663	0.00722	0.00838	0.00483	0.00607	0.00878	0.01099	0.01432	0.17029	0.04713	0.18331	0.01188	0.00599	0.00188	0.00348	0.48835	0.00438	0.00418
21	0.01686	0.01366	0.09478	0.01057	0.01448	0.04219	0.00932	0.58460	0.03320	0.11673	0.01155	0.01143	0.00806	0.00540	0.00456	0.00139	0.00519	0.00409	0.00437	0.00760
22	0.01065	0.01018	0.01734	0.24049	0.60330	0.01072	0.01373	0.01346	0.01012	0.01413	0.00851	0.01160	0.00697	0.00422	0.00456	0.00141	0.00563	0.00409	0.00221	0.00670
23	0.01213	0.77271	0.07854	0.00828	0.01238	0.02959	0.00850	0.01387	0.00941	0.01107	0.00652	0.00754	0.00589	0.00397	0.00306	0.00102	0.00509	0.00253	0.00197	0.00594
24	0.01055	0.01005	0.01696	0.26903	0.55490	0.01071	0.01351	0.01364	0.03004	0.01412	0.00875	0.01177	0.00709	0.00430	0.00456	0.00142	0.00561	0.00412	0.00226	0.00662
25	0.01205	0.01081	0.05007	0.01588	0.09043	0.00972	0.42787	0.01557	0.03668	0.15882	0.11114	0.01567	0.01252	0.00500	0.00513	0.00149	0.00598	0.00543	0.00332	0.00640
26	0.02060	0.00781	0.01065	0.00817	0.01172	0.00675	0.00675	0.02237	0.01314	0.81320	0.01811	0.01563	0.01136	0.00568	0.00462	0.00142	0.00391	0.00462	0.00568	0.00781
27	0.00559	0.00400	0.00533	0.00639	0.00666	0.00373	0.00426	0.00639	0.00879	0.01172	0.02530	0.83566	0.03036	0.01438	0.00586	0.00186	0.00266	0.01305	0.00426	0.00373
28	0.00563	0.00402	0.00537	0.00643	0.00672	0.00376	0.00432	0.00645	0.00883	0.01176	0.02528	0.82001	0.03029	0.01435	0.00587	0.00187	0.00269	0.02835	0.00426	0.00374
29	0.00936	0.04194	0.76663	0.01354	0.04963	0.01084	0.01665	0.01450	0.00971	0.01447	0.00821	0.00970	0.00587	0.00434	0.00434	0.00144	0.00669	0.00340	0.00195	0.00678
30	0.00921	0.02375	0.81487	0.01309	0.01987	0.01066	0.01696	0.01454	0.00969	0.01454	0.00824	0.00969	0.00582	0.00436	0.00436	0.00145	0.00678	0.00339	0.00194	0.00678
31	0.00668	0.00445	0.00501	0.00501	0.00501	0.00445	0.00278	0.00668	0.00668	0.00890	0.01447	0.03004	0.01669	0.83866	0.02337	0.00445	0.00445	0.00668	0.00278	0.00278
32	0.00921	0.02375	0.81487	0.01309	0.01987	0.01066	0.01696	0.01454	0.00969	0.01454	0.00824	0.00969	0.00582	0.00436	0.00436	0.00145	0.00678	0.00339	0.00194	0.00678
33	0.00867	0.00816	0.01377	0.82762	0.03162	0.01020	0.01275	0.01173	0.00918	0.01173	0.00816	0.01224	0.00612	0.00459	0.00459	0.00153	0.00612	0.00408	0.00204	0.00510
34	0.00944	0.00895	0.01517	0.59792	0.25527	0.01040	0.01313	0.01241	0.00955	0.01267	0.00830	0.01199	0.00645	0.00445	0.00458	0.00148	0.00593	0.00408	0.00211	0.00572
35	0.01104	0.01067	0.01774	0.15715	0.66891	0.02628	0.01377	0.01379	0.01030	0.01440	0.00853	0.01145	0.00706	0.00418	0.00454	0.00139	0.00562	0.00407	0.00224	0.00688
36	0.01076	0.01029	0.01754	0.20824	0.63469	0.01075	0.01379	0.01356	0.01017	0.01426	0.00853	0.01156	0.00701	0.00420	0.00456	0.00140	0.00560	0.00409	0.00222	0.00678
37	0.02060	0.00781	0.01065	0.00817	0.01172	0.00675	0.00675	0.02237	0.01314	0.81320	0.01811	0.01563	0.01136	0.00568	0.00462	0.00142	0.00391	0.00462	0.00568	0.00781
38	0.00867	0.00816	0.01377	0.82762	0.03162	0.01020	0.01275	0.01173	0.00918	0.01173	0.00816	0.01224	0.00612	0.00459	0.00459	0.00153	0.00612	0.00408	0.00204	0.00510
39	0.01135	0.01165	0.02264	0.01687	0.03565	0.01151	0.56202	0.12513	0.01199	0.01631	0.01055	0.07455	0.00882	0.00514	0.00587	0.00157	0.05372	0.00571	0.00277	0.00619
40	0.00552	0.00459	0.00482	0.00489	0.00629	0.00389	0.00362	0.00672	0.01049	0.01277	0.09876	0.11530	0.68313	0.01172	0.00546	0.00157	0.00234	0.00990	0.00432	0.00389
41	0.01610	0.02017	0.01361	0.01211	0.01428	0.69825	0.03572	0.01736	0.01224	0.01133	0.00705	0.00863	0.00596	0.00509	0.00546	0.00129	0.10455	0.00316	0.00232	0.00532
42	0.00650	0.00469	0.00614	0.00578	0.00686	0.00433	0.00433	0.00866	0.01300	0.01841	0.80760	0.03429	0.04332	0.00939	0.00541	0.00144	0.00217	0.00830	0.00505	0.00433
43	0.01725	0.01274	0.01367	0.01047	0.01415	0.01403	0.00864	0.77465	0.02128	0.02858	0.01095	0.01098	0.00778	0.00546	0.00456	0.00136	0.00501	0.00410	0.00454	0.02981
44	0.01142	0.00986	0.01038	0.00934	0.01194	0.01142	0.00727	0.02440	0.80172	0.01920	0.01869	0.01713	0.01401	0.00623	0.00467	0.00156	0.00363	0.00519	0.00467	0.00727
45	0.01227	0.84142	0.02406	0.00786	0.01178	0.01817	0.00786	0.01375	0.00933	0.01080	0.00638	0.00736	0.00589	0.00393	0.00295	0.00098	0.00491	0.00245	0.00196	0.00589
46	0.01227	0.84142	0.02406	0.00786	0.01178	0.01817	0.00786	0.01375	0.00933	0.01080	0.00638	0.00736	0.00589	0.00393	0.00295	0.00098	0.00491	0.00245	0.00196	0.00589
47	0.09954	0.13367	0.04257	0.00907	0.01268	0.03038	0.00788	0.31097	0.03136	0.24593	0.02473	0.01183	0.00884	0.00522	0.00418	0.00134	0.00462	0.00390	0.00421	0.00709
48	0.00925	0.02349	0.79699	0.01323	0.01996	0.01068	0.03459	0.01454	0.00972	0.01454	0.00826	0.00975	0.00584	0.00435	0.00439	0.00146	0.00681	0.00344	0.00195	0.00677
49	0.00629	0.00468	0.00585	0.00556	0.00673	0.00424	0.00417	0.00826	0.01250	0.01724	0.65907	0.03622	0.19258	0.00982	0.00542	0.00146	0.00220	0.00857	0.00490	0.00424
50	0.01100	0.01054	0.01799	0.13463	0.70637	0.01081	0.01391	0.01378	0.01028	0.01456	0.00857	0.01148	0.00712	0.00416	0.00455	0.00139	0.00554	0.00409	0.00224	0.00698
51	0.01132	0.01015	0.01545	0.33796	0.35081	0.04047	0.01236	0.08819	0.01118	0.04509	0.00936	0.03055	0.00750	0.00474	0.00459	0.00144	0.00566	0.00427	0.00258	0.00634
52	0.01677	0.01904	0.01288	0.01138	0.01383	0.61597	0.00871	0.11339	0.02917	0.05463	0.00856	0.02008	0.00691	0.00518	0.00476	0.00127	0.04545	0.00341	0.00286	0.00576
53	0.00559	0.00400	0.00533	0.00639	0.00666	0.00373	0.00426	0.00639	0.00879	0.01172	0.02530	0.83566	0.03036	0.01438	0.00586	0.00186	0.00266	0.01305	0.00426	0.00373
54	0.00867	0.00816	0.01377	0.82762	0.03162	0.01020	0.01275	0.01173	0.00918	0.01173	0.00816	0.01224	0.00612	0.00459	0.00459	0.00153	0.00612	0.00408	0.00204	0.00510
55	0.01105	0.01155	0.02379	0.01852	0.08887	0.01122	0.60028	0.01443	0.01058	0.04895	0.02507	0.01284	0.00794	0.00516	0.02699	0.00171	0.06715	0.00521	0.00250	0.00618
56	0.00559	0.00400	0.00533	0.00639	0.00666	0.00373	0.00426	0.00639	0.00879	0.01172	0.02530	0.83566	0.03036	0.01438	0.00586	0.00186	0.00266	0.01305	0.00426	0.00373
57	0.54740	0.02456	0.03744	0.00822	0.01106	0.27807	0.00672	0.01513	0.00962	0.01716	0.00669	0.00781	0.00532	0.00442	0.00333	0.00134	0.00525	0.00267	0.00264	0.00516
58	0.00926	0.02336	0.78804	0.01330	0.02001	0.01069	0.04340	0.01454	0.00973	0.01454	0.00827	0.00978	0.00585	0.00434	0.00440	0.00146	0.00682	0.00346	0.00195	0.00676
59	0.00990	0.00815	0.00956	0.00685	0.01091	0.00614	0.00548	0.01193	0.00964	0.04214	0.00850	0.00973	0.00696	0.00348	0.00344	0.00071	0.00342	0.00278	0.00282	0.83747
60	0.00554	0.00466	0.00481	0.00477	0.00627	0.00392	0.00358	0.00681	0.01073	0.01303	0.12667	0.04314	0.72760	0.01139	0.00542	0.00154	0.00231	0.00954	0.00435	0.00392
61	0.00856	0.00428	0.00428	0.00428	0.00535	0.00428	0.00321	0.01070	0.00963	0.01712	0.01498	0.01712	0.01177	0.00535	0.00321	0.00107	0.00214	0.00428	0.86414	0.00428
62	0.00584	0.00425	0.00577	0.00652	0.00696	0.00422	0.00454	0.00683	0.00848	0.01143	0.02291	0.59138	0.05892	0.03867	0.19669	0.00320	0.00494	0.01085	0.00381	0.00380
63	0.00668	0.00445	0.00501	0.00501	0.00501	0.00445	0.00278	0.00668	0.00668	0.00890	0.01447	0.03004	0.01669	0.83866	0.02337	0.00445	0.00445	0.00668	0.00278	0.00278
64	0.87108	0.00888	0.00675	0.00604	0.00888	0.01030	0.00497	0.01350	0.00781	0.02060	0.00639	0.00746	0.00497	0.00426	0.00284	0.00142	0.00355	0.00249	0.00284	0.00497
65	0.00921	0.02375	0.81487	0.01309	0.01987	0.01066	0.01696	0.01454	0.00969	0.01454	0.00824	0.00969	0.00582	0.00436	0.00436	0.00145	0.00678	0.00339	0.00194	0.00678
66	0.87108	0.00888	0.00675	0.00604	0.00888	0.01030	0.00497	0.01350	0.00781	0.02060	0.00639	0.00746	0.00497	0.00426	0.00284	0.00142	0.00355	0.00249	0.00284	0.00497
67	0.00952	0.00816	0.00952	0.00680	0.01088	0.00612	0.00544	0.01156	0.00952	0.01496	0.00816	0.00952	0.00680	0.00340	0.00340	0.00068	0.00340	0.00272	0.00272	0.86672
68	0.02060	0.00781	0.01065	0.00817	0.01172	0.00675	0.00675	0.02237	0.01314	0.81320	0.01811	0.01563	0.01136	0.00568	0.00462	0.00142	0.00391	0.00462	0.00568	0.00781
69	0.01056	0.38337	0.46705	0.01079	0.01631	0.01396	0.01296	0.01419	0.00953	0.01290	0.00742	0.00867	0.00585	0.00417	0.00374	0.00125	0.00596	0.00298	0.00195	0.00639
70	0.00867	0.00816	0.01377	0.82762	0.03162	0.01020	0.01275	0.01173	0.00918	0.01173	0.00816	0.01224	0.00612	0.00459	0.00459	0.00153	0.00612	0.00408	0.00204	0.00510
71	0.00867	0.00816	0.01377	0.82762	0.03162	0.01020	0.01275	0.01173	0.00918	0.01173	0.00816	0.01224	0.00612	0.00459	0.00459	0.00153	0.00612	0.00408	0.00204	0.00510
72	0.01197	0.01109	0.01112	0.14316	0.03447	0.15325	0.00814	0.17450	0.16864	0.01746	0.08706	0.05888	0.07299	0.00659	0.00470	0.00144	0.00489	0.00538	0.01832	0.00593
73	0.00867	0.00816	0.01377	0.82762	0.03162	0.01020	0.01275	0.01173	0.00918	0.01173	0.00816	0.01224	0.00612	0.00459	0.00459	0.00153	0.00612	0.00408	0.00204	0.00510
74	0.00559	0.00400	0.00533	0.00639	0.00666	0.00373	0.00426	0.00639	0.00879	0.01172	0.02530	0.83566	0.03036	0.01438	0.00586	0.00186	0.00266	0.01305	0.00426	0.00373
75	0.00940	0.00891	0.01509	0.61041	0.24311	0.01039	0.01311	0.01237	0.00953	0.01262	0.00829	0.01200	0.00643	0.00445	0.00458	0.00148	0.00594	0.00408	0.00210	0.00569
76	0.01028	0.30990	0.53811	0.01125	0.01704	0.01329	0.01378	0.01426	0.00957	0.01323	0.00759	0.00888	0.00584	0.00421	0.00387	0.00129	0.00613	0.00306	0.00195	0.00647
77	0.00563	0.00410	0.00524	0.00610	0.00657	0.00376	0.00413	0.00641	0.00899	0.01173	0.02826	0.68753	0.15467	0.01398	0.00610	0.02396	0.00264	0.01228	0.00420	0.00371
78	0.00561	0.00401	0.00534	0.00638	0.00666	0.00374	0.00426	0.00644	0.00888	0.01186	0.04227	0.81828	0.03065	0.01427	0.00585	0.00186	0.00265	0.01295	0.00428	0.00374
79	0.01911	0.01020	0.01213	0.00930	0.01291	0.01029	0.00768	0.38795	0.01714	0.44197	0.01476	0.01345	0.00968	0.00560	0.00461	0.00140	0.00445	0.00439	0.00517	0.00781
80	0.05220	0.01018	0.01157	0.17497	0.03384	0.07021	0.00852	0.28525	0.03115	0.07850	0.01148	0.01387	0.00887	0.00805	0.07845	0.00194	0.00570	0.02883	0.08026	0.00616
81	0.00585	0.00435	0.00560	0.02226	0.00723	0.00410	0.00441	0.00713	0.02707	0.01259	0.10033	0.63283	0.12279	0.01322	0.00572	0.00177	0.00267	0.01186	0.00430	0.00391
82	0.87108	0.00888	0.00675	0.00604	0.00888	0.01030	0.00497	0.01350	0.00781	0.02060	0.00639	0.00746	0.00497	0.00426	0.00284	0.00142	0.00355	0.00249	0.00284	0.00497
83	0.00936	0.06425	0.77570	0.01283	0.01947	0.01103	0.01651	0.01450	0.00967	0.01435	0.00815	0.00958	0.00582	0.00434	0.00429	0.00143	0.00669	0.00335	0.00194	0.00674
84	0.01355	0.55638	0.03355	0.01004	0.05347	0.20681	0.00860	0.04862	0.01079	0.01196	0.00690	0.00798	0.00605	0.00420	0.00340	0.00107	0.00577	0.00274	0.00219	0.00593
85	0.06298	0.00772	0.01016	0.00792	0.01124	0.00689	0.00651	0.03622	0.01302	0.69474	0.07922	0.01658	0.01347	0.00590	0.00459	0.00142	0.00377	0.00479	0.00547	0.00739
86	0.00557	0.00461	0.00489	0.00492	0.00632	0.00392	0.00365	0.00683	0.01065	0.01310	0.13999	0.10241	0.65418	0.01155	0.00546	0.00156	0.00233	0.00977	0.00436	0.00392
87	0.03213	0.01033	0.01407	0.01739	0.36507	0.08302	0.03890	0.01317	0.02309	0.04123	0.01451	0.01653	0.12321	0.00639	0.02399	0.00152	0.06796	0.01729	0.00280	0.08740
88	0.01111	0.01068	0.03877	0.19933	0.43955	0.01065	0.13316	0.01435	0.02881	0.05520	0.00934	0.01202	0.00730	0.00430	0.00469	0.00144	0.00586	0.00433	0.00245	0.00665
89	0.01165	0.01034	0.01745	0.13021	0.65400	0.01053	0.01341	0.01436	0.01047	0.06988	0.00923	0.01177	0.00741	0.00427	0.00456	0.00139	0.00543	0.00413	0.00248	0.00703
90	0.00989	0.04117	0.15950	0.01373	0.09357	0.01050	0.16621	0.03087	0.02868	0.02979	0.03119	0.12515	0.02388	0.00667	0.00700	0.00159	0.17719	0.00557	0.00272	0.03513
91	0.03295	0.11177	0.34125	0.00996	0.01441	0.04327	0.01077	0.03323	0.05660	0.11223	0.11605	0.01392	0.01215	0.00586	0.02111	0.00147	0.00530	0.00416	0.00312	0.05041
92	0.01038	0.13563	0.59498	0.01303	0.05267	0.01156	0.04883	0.01482	0.00990	0.05495	0.00855	0.00986	0.00622	0.00434	0.00423	0.00139	0.00636	0.00344	0.00216	0.00671
93	0.03150	0.13646	0.64369	0.01295	0.05893	0.01171	0.01525	0.01438	0.00963	0.01420	0.00795	0.00940	0.00588	0.00428	0.00414	0.00138	0.00637	0.00327	0.00198	0.00664
94	0.00978	0.13770	0.63309	0.02921	0.07340	0.01173	0.01540	0.01434	0.00968	0.01399	0.00800	0.00953	0.00593	0.00429	0.00418	0.00138	0.00642	0.00332	0.00197	0.00666

[dist]
# distance from previous block
# <min> <max>
8	20

[block]
# block no. 2 follows, 56 sequences, length 125
# corresponding to MSA columns:
# 559-565,614-666,668-670,682-709,717-741,744-752
name=unknown_C
#
# <colnr> <probs for GDERKNQSTAVLIFYWHMCP>
#	G	D	E	R	K	N	Q	S	T	A	V	L	I	F	Y	W	H	M	C	P
0	0.00984	0.05321	0.69408	0.01320	0.01955	0.02975	0.06629	0.03601	0.01016	0.01473	0.00829	0.00978	0.00595	0.00435	0.00438	0.00143	0.00676	0.00350	0.00205	0.00671
1	0.12684	0.01107	0.03498	0.00972	0.01291	0.02052	0.04023	0.23421	0.36965	0.07026	0.01410	0.01357	0.01033	0.00557	0.00442	0.00147	0.00434	0.00444	0.00427	0.00707
2	0.01142	0.00986	0.01038	0.00934	0.01194	0.01142	0.00727	0.02440	0.80172	0.01920	0.01869	0.01713	0.01401	0.00623	0.00467	0.00156	0.00363	0.00519	0.00467	0.00727
3	0.00797	0.00399	0.00598	0.00598	0.00598	0.00399	0.00399	0.00598	0.00598	0.00797	0.00797	0.01396	0.00797	0.01595	0.01794	0.86643	0.00399	0.00399	0.00199	0.00199
4	0.00656	0.00492	0.00738	0.00738	0.00820	0.00574	0.00574	0.00820	0.00738	0.01066	0.01230	0.01804	0.01148	0.03443	0.82046	0.00738	0.01230	0.00492	0.00246	0.00410
5	0.01004	0.01004	0.01406	0.01205	0.01205	0.01406	0.01004	0.01105	0.00703	0.01105	0.00603	0.01004	0.00603	0.00804	0.01507	0.00201	0.83025	0.00402	0.00201	0.00502
6	0.00921	0.02375	0.81487	0.01309	0.01987	0.01066	0.01696	0.01454	0.00969	0.01454	0.00824	0.00969	0.00582	0.00436	0.00436	0.00145	0.00678	0.00339	0.00194	0.00678
7	0.87108	0.00888	0.00675	0.00604	0.00888	0.01030	0.00497	0.01350	0.00781	0.02060	0.00639	0.00746	0.00497	0.00426	0.00284	0.00142	0.00355	0.00249	0.00284	0.00497
8	0.00997	0.00843	0.00976	0.00701	0.01107	0.00658	0.00563	0.05583	0.01020	0.01575	0.00832	0.00960	0.00686	0.00352	0.00347	0.00072	0.00349	0.00280	0.00283	0.81817
9	0.01042	0.21867	0.44813	0.01063	0.01598	0.02324	0.01241	0.01409	0.00977	0.04000	0.00863	0.01071	0.00685	0.00446	0.00396	0.00125	0.00571	0.02937	0.00226	0.12347
10	0.01667	0.01216	0.07431	0.01005	0.01379	0.01190	0.00872	0.45524	0.12787	0.20079	0.01346	0.01280	0.00931	0.00556	0.00459	0.00142	0.00473	0.00433	0.00464	0.00765
11	0.00559	0.00400	0.00533	0.00639	0.00666	0.00373	0.00426	0.00639	0.00879	0.01172	0.02530	0.83566	0.03036	0.01438	0.00586	0.00186	0.00266	0.01305	0.00426	0.00373
12	0.00921	0.00926	0.02791	0.56368	0.10009	0.01029	0.15615	0.01233	0.00959	0.01262	0.00905	0.04290	0.00728	0.00477	0.00478	0.00153	0.00624	0.00465	0.00219	0.00547
13	0.00783	0.08532	0.02812	0.03393	0.00964	0.04799	0.03647	0.01054	0.08041	0.01418	0.19612	0.03131	0.38325	0.00890	0.00501	0.00145	0.00339	0.00748	0.00395	0.00473
14	0.02002	0.00800	0.01069	0.00823	0.01171	0.00708	0.00678	0.06380	0.01359	0.74761	0.04070	0.01592	0.01210	0.00578	0.00464	0.00142	0.00392	0.00470	0.00560	0.00771
15	0.00867	0.00816	0.01377	0.82762	0.03162	0.01020	0.01275	0.01173	0.00918	0.01173	0.00816	0.01224	0.00612	0.00459	0.00459	0.00153	0.00612	0.00408	0.00204	0.00510
16	0.00840	0.00623	0.00709	0.00700	0.00825	0.01907	0.00511	0.14354	0.03436	0.03290	0.02523	0.44088	0.15789	0.05593	0.00643	0.00184	0.00330	0.02766	0.00425	0.00464
17	0.00806	0.03169	0.00663	0.00609	0.00626	0.00452	0.00418	0.00632	0.00614	0.00817	0.00808	0.01389	0.00804	0.01624	0.04742	0.80575	0.00433	0.00397	0.00201	0.00220
18	0.00580	0.00498	0.00506	0.00521	0.00661	0.02134	0.00391	0.00698	0.01033	0.01237	0.04202	0.13448	0.65912	0.01185	0.00550	0.00161	0.00260	0.05212	0.00422	0.00391
19	0.02008	0.00819	0.01083	0.00836	0.01188	0.00737	0.00689	0.06942	0.04211	0.73685	0.01770	0.01540	0.01124	0.00569	0.00462	0.00142	0.00397	0.00461	0.00558	0.00779
20	0.01233	0.14938	0.14156	0.13078	0.03981	0.12789	0.02705	0.07725	0.05714	0.06578	0.03641	0.01209	0.00859	0.00527	0.00520	0.00140	0.07612	0.01708	0.00280	0.00608
21	0.00656	0.00490	0.00726	0.00726	0.00804	0.00568	0.00559	0.00812	0.00734	0.01057	0.01240	0.01863	0.01173	0.07394	0.78130	0.00723	0.01191	0.00501	0.00248	0.00403
22	0.01745	0.01286	0.01378	0.01056	0.01424	0.01424	0.00873	0.79471	0.02159	0.02893	0.01102	0.01102	0.00781	0.00551	0.00459	0.00138	0.00505	0.00413	0.00459	0.00781
23	0.00562	0.00404	0.00534	0.00632	0.00665	0.00376	0.00424	0.00649	0.00900	0.01200	0.05616	0.78166	0.05349	0.01411	0.00583	0.00184	0.00263	0.01277	0.00429	0.00376
24	0.00996	0.00814	0.01009	0.00859	0.07654	0.00642	0.00614	0.01200	0.00981	0.05076	0.02627	0.04133	0.00870	0.00410	0.00368	0.00083	0.00354	0.00342	0.00292	0.70677
25	0.00892	0.00852	0.01387	0.79098	0.04971	0.02776	0.01270	0.01193	0.00929	0.01180	0.00815	0.01213	0.00614	0.00458	0.00458	0.00152	0.00615	0.00406	0.00205	0.00516
26	0.02043	0.00809	0.01083	0.00830	0.01186	0.00716	0.00686	0.06481	0.01360	0.77010	0.01772	0.01537	0.01117	0.00567	0.00462	0.00142	0.00397	0.00459	0.00562	0.00781
27	0.03028	0.01056	0.01792	0.11950	0.64534	0.01095	0.03996	0.01371	0.01013	0.01459	0.00845	0.01136	0.00703	0.00429	0.00493	0.00141	0.03637	0.00410	0.00225	0.00685
28	0.02224	0.12514	0.16952	0.03005	0.13047	0.00993	0.08026	0.01532	0.02358	0.20740	0.02010	0.04730	0.02264	0.05430	0.00553	0.00157	0.00512	0.00463	0.01849	0.00641
29	0.00867	0.00816	0.01377	0.82762	0.03162	0.01020	0.01275	0.01173	0.00918	0.01173	0.00816	0.01224	0.00612	0.00459	0.00459	0.00153	0.00612	0.00408	0.00204	0.00510
30	0.00559	0.00402	0.00530	0.00633	0.00664	0.00373	0.00424	0.00640	0.00885	0.01174	0.02602	0.80887	0.05670	0.01429	0.00585	0.00185	0.00265	0.01294	0.00426	0.00373
31	0.01907	0.14144	0.46330	0.01202	0.03985	0.06253	0.04990	0.01476	0.02417	0.05161	0.02405	0.01183	0.02180	0.00478	0.00424	0.00137	0.00607	0.01800	0.02283	0.00638
32	0.01130	0.01395	0.22514	0.09957	0.33820	0.02228	0.07933	0.01494	0.02987	0.08097	0.00947	0.01151	0.00720	0.00451	0.00491	0.00145	0.03203	0.00407	0.00250	0.00679
33	0.01999	0.00775	0.01050	0.00814	0.01157	0.00675	0.00669	0.03360	0.01311	0.77125	0.01827	0.04618	0.01202	0.00600	0.00466	0.00144	0.00388	0.00492	0.00561	0.00766
34	0.00984	0.00889	0.01457	0.62068	0.13630	0.01051	0.02692	0.05064	0.02175	0.03156	0.00874	0.01218	0.00661	0.00465	0.00475	0.00150	0.01779	0.00414	0.00232	0.00564
35	0.01074	0.03201	0.35221	0.04654	0.11388	0.03705	0.17490	0.08869	0.01121	0.01558	0.00965	0.03330	0.00777	0.00493	0.00483	0.00148	0.01578	0.03048	0.00247	0.00651
36	0.01122	0.18990	0.28244	0.03856	0.03816	0.02522	0.05385	0.03358	0.02430	0.11034	0.01222	0.11830	0.01925	0.00597	0.00441	0.00141	0.00534	0.01644	0.00291	0.00619
37	0.00818	0.00543	0.00785	0.04226	0.03532	0.00517	0.03832	0.02313	0.00992	0.10668	0.06148	0.54679	0.04355	0.02495	0.00583	0.00178	0.00332	0.02125	0.00421	0.00458
38	0.01166	0.16521	0.28774	0.03695	0.10781	0.08448	0.06876	0.07707	0.03411	0.03280	0.02745	0.02866	0.00802	0.00477	0.00428	0.00135	0.00599	0.00389	0.00255	0.00645
39	0.00634	0.00511	0.00749	0.00729	0.00834	0.00475	0.07664	0.00799	0.02690	0.01350	0.17255	0.48329	0.13830	0.01193	0.00565	0.00171	0.00301	0.01083	0.00424	0.00416
40	0.01241	0.02810	0.01082	0.00776	0.01158	0.00800	0.00633	0.13717	0.01186	0.12896	0.00991	0.01058	0.00756	0.00420	0.00409	0.00094	0.02759	0.00324	0.00339	0.56550
41	0.22290	0.05934	0.11033	0.00914	0.01286	0.01174	0.00832	0.26544	0.11775	0.10990	0.01105	0.01108	0.00796	0.00506	0.00404	0.00139	0.00455	0.00372	0.00379	0.01964
42	0.01942	0.00881	0.01116	0.00866	0.01216	0.00835	0.00712	0.15309	0.07050	0.62429	0.01695	0.01495	0.01095	0.00569	0.00462	0.00142	0.00408	0.00458	0.00543	0.00777
43	0.01132	0.00933	0.01004	0.00893	0.01141	0.01058	0.00696	0.07078	0.63459	0.03395	0.12210	0.01898	0.01744	0.00659	0.00476	0.00153	0.00353	0.00552	0.00473	0.00692
44	0.00920	0.00860	0.01445	0.52685	0.25243	0.00986	0.01239	0.01201	0.00963	0.01286	0.03255	0.06060	0.00894	0.00516	0.00468	0.00150	0.00561	0.00473	0.00232	0.00562
45	0.01526	0.00900	0.01050	0.00885	0.01185	0.00946	0.00705	0.02355	0.47168	0.35151	0.01845	0.01650	0.01291	0.00600	0.00465	0.00150	0.00375	0.00495	0.00509	0.00750
46	0.22002	0.00833	0.00990	0.00779	0.01118	0.00797	0.00643	0.06056	0.01233	0.58630	0.01499	0.01347	0.00968	0.00534	0.00420	0.00142	0.00388	0.00409	0.00496	0.00715
47	0.01089	0.00880	0.01444	0.50805	0.19951	0.01007	0.01214	0.01362	0.00989	0.11798	0.00948	0.01240	0.00706	0.00477	0.00504	0.00150	0.04169	0.00415	0.00257	0.00593
48	0.00858	0.00749	0.01190	0.32007	0.14646	0.00827	0.02769	0.01145	0.04365	0.01311	0.01543	0.08104	0.03603	0.01951	0.00565	0.01464	0.00503	0.21587	0.00302	0.00512
49	0.00981	0.01050	0.02060	0.01520	0.01875	0.03690	0.54048	0.01310	0.01153	0.01565	0.23818	0.01853	0.01736	0.00548	0.00537	0.00151	0.00616	0.00616	0.00311	0.00563
50	0.00942	0.08130	0.75921	0.01272	0.01930	0.01119	0.01632	0.01448	0.00967	0.01428	0.00811	0.00953	0.00582	0.00433	0.00426	0.00142	0.00665	0.00333	0.00194	0.00672
51	0.00746	0.00518	0.00653	0.00690	0.00780	0.00504	0.00501	0.08513	0.01073	0.04058	0.08148	0.56670	0.06629	0.01258	0.00568	0.00178	0.00301	0.07336	0.00440	0.00436
52	0.00927	0.00977	0.01965	0.02394	0.01812	0.00962	0.49152	0.01201	0.00989	0.01350	0.01346	0.24256	0.01342	0.00721	0.00642	0.00168	0.08234	0.00741	0.00283	0.00538
53	0.01095	0.01048	0.01788	0.15142	0.69002	0.01080	0.01388	0.01373	0.01026	0.01449	0.00856	0.01150	0.00709	0.00417	0.00455	0.00139	0.00556	0.00409	0.00224	0.00694
54	0.01050	0.01000	0.01693	0.22216	0.57343	0.01061	0.01337	0.01323	0.00996	0.01396	0.00860	0.01180	0.00712	0.00543	0.03525	0.00164	0.02312	0.00412	0.00222	0.00658
55	0.00783	0.00485	0.00615	0.00643	0.00744	0.00448	0.00457	0.00931	0.03939	0.11794	0.06509	0.53044	0.13908	0.02680	0.00588	0.00177	0.00282	0.01082	0.00448	0.00443
56	0.01191	0.01185	0.02318	0.01689	0.02104	0.01161	0.59024	0.07430	0.08071	0.06135	0.01061	0.01279	0.00786	0.00447	0.00563	0.00155	0.03950	0.00520	0.00288	0.00645
57	0.03578	0.00971	0.01198	0.00932	0.01273	0.02677	0.04098	0.26619	0.01548	0.43289	0.03868	0.01590	0.02525	0.00594	0.00469	0.00143	0.00445	0.02951	0.00497	0.00734
58	0.00648	0.00506	0.00633	0.00696	0.00759	0.03122	0.01828	0.00782	0.02365	0.01271	0.09988	0.58632	0.04100	0.03088	0.00616	0.00187	0.00311	0.09648	0.00421	0.00398
59	0.03050	0.01107	0.01206	0.00958	0.01288	0.03163	0.00780	0.44033	0.14150	0.18916	0.05506	0.01403	0.01128	0.00582	0.00461	0.00141	0.00450	0.00456	0.00477	0.00743
60	0.00699	0.00579	0.00624	0.00547	0.00771	0.00482	0.00421	0.00892	0.04515	0.02767	0.05427	0.03377	0.54436	0.00922	0.00488	0.00133	0.00267	0.00766	0.00395	0.21490
61	0.00753	0.00677	0.03003	0.00917	0.01036	0.00732	0.08949	0.00927	0.00805	0.01148	0.03209	0.06304	0.01299	0.08717	0.44651	0.00501	0.11806	0.03862	0.00263	0.00440
62	0.01066	0.00595	0.00634	0.00565	0.00725	0.00620	0.00442	0.13518	0.01165	0.06271	0.01433	0.01592	0.01100	0.00545	0.00376	0.00116	0.02035	0.00427	0.66271	0.00505
63	0.01745	0.01286	0.01378	0.01056	0.01424	0.01424	0.00873	0.79471	0.02159	0.02893	0.01102	0.01102	0.00781	0.00551	0.00459	0.00138	0.00505	0.00413	0.00459	0.00781
64	0.01080	0.01263	0.04406	0.01921	0.02390	0.01159	0.77662	0.01470	0.01081	0.01470	0.00927	0.01233	0.00694	0.00388	0.00540	0.00155	0.00772	0.00537	0.00231	0.00620
65	0.00584	0.00467	0.00522	0.00508	0.00645	0.00405	0.00381	0.00738	0.01143	0.01471	0.33838	0.04039	0.51484	0.01077	0.00542	0.00151	0.00226	0.00916	0.00457	0.00405
66	0.87108	0.00888	0.00675	0.00604	0.00888	0.01030	0.00497	0.01350	0.00781	0.02060	0.00639	0.00746	0.00497	0.00426	0.00284	0.00142	0.00355	0.00249	0.00284	0.00497
67	0.01227	0.84142	0.02406	0.00786	0.01178	0.01817	0.00786	0.01375	0.00933	0.01080	0.00638	0.00736	0.00589	0.00393	0.00295	0.00098	0.00491	0.00245	0.00196	0.00589
68	0.01197	0.03090	0.01087	0.01808	0.01214	0.04889	0.00735	0.06199	0.64669	0.03611	0.05111	0.01682	0.01424	0.00617	0.00463	0.00151	0.00392	0.00507	0.00450	0.00703
69	0.00867	0.00816	0.01377	0.82762	0.03162	0.01020	0.01275	0.01173	0.00918	0.01173	0.00816	0.01224	0.00612	0.00459	0.00459	0.00153	0.00612	0.00408	0.00204	0.00510
70	0.00952	0.00816	0.00952	0.00680	0.01088	0.00612	0.00544	0.01156	0.00952	0.01496	0.00816	0.00952	0.00680	0.00340	0.00340	0.00068	0.00340	0.00272	0.00272	0.86672
71	0.00559	0.00458	0.00493	0.00501	0.00634	0.00392	0.00369	0.00685	0.01061	0.01314	0.14799	0.13511	0.61301	0.01164	0.00547	0.00157	0.00234	0.00989	0.00437	0.00392
72	0.03301	0.01248	0.01335	0.01035	0.01393	0.01383	0.00852	0.71134	0.07706	0.04190	0.01161	0.01147	0.00826	0.00554	0.00457	0.00139	0.00490	0.00419	0.00458	0.00772
73	0.12203	0.00668	0.00733	0.00686	0.00788	0.04153	0.00501	0.04719	0.00826	0.03432	0.01181	0.01962	0.01173	0.31289	0.25877	0.02374	0.04771	0.00502	0.01752	0.00408
74	0.00929	0.00462	0.00484	0.00464	0.00588	0.00458	0.00353	0.02405	0.01012	0.06027	0.04016	0.01748	0.01268	0.00550	0.00338	0.00111	0.00228	0.00442	0.77666	0.00453
75	0.01214	0.01055	0.01872	0.15207	0.02062	0.02739	0.37202	0.04924	0.07823	0.12554	0.01134	0.01324	0.00827	0.00473	0.00521	0.00150	0.03012	0.00486	0.04797	0.00624
76	0.00664	0.00446	0.00500	0.00500	0.00504	0.00443	0.00280	0.00667	0.00679	0.00900	0.01539	0.03045	0.03949	0.81483	0.02285	0.00437	0.00439	0.00676	0.00282	0.00281
77	0.01740	0.01445	0.01364	0.01079	0.01423	0.15627	0.00875	0.65789	0.02007	0.02581	0.01033	0.01054	0.00747	0.00537	0.00451	0.00134	0.00562	0.00393	0.00420	0.00737
78	0.03195	0.06513	0.07839	0.00899	0.03428	0.02331	0.02449	0.08456	0.01056	0.01577	0.00816	0.00960	0.00666	0.00407	0.00435	0.00097	0.05501	0.00306	0.00271	0.52798
79	0.01426	0.50697	0.01955	0.00948	0.01277	0.34548	0.00827	0.01562	0.01083	0.01098	0.00667	0.00774	0.00590	0.00426	0.00343	0.00106	0.00628	0.00266	0.00213	0.00566
80	0.01745	0.01286	0.01378	0.01056	0.01424	0.01424	0.00873	0.79471	0.02159	0.02893	0.01102	0.01102	0.00781	0.00551	0.00459	0.00138	0.00505	0.00413	0.00459	0.00781
81	0.01220	0.01262	0.08461	0.02091	0.43155	0.03153	0.10296	0.13401	0.09208	0.01738	0.01002	0.01180	0.00784	0.00454	0.00464	0.00141	0.00566	0.00428	0.00285	0.00714
82	0.00630	0.00461	0.00595	0.00666	0.00736	0.00444	0.00496	0.00772	0.02299	0.01249	0.06075	0.39127	0.12499	0.08049	0.03488	0.00226	0.00349	0.21038	0.00411	0.00390
83	0.00560	0.00406	0.00526	0.00621	0.00658	0.00376	0.00416	0.00642	0.00889	0.01172	0.02689	0.74968	0.09696	0.03246	0.00621	0.00189	0.00267	0.01262	0.00423	0.00372
84	0.01375	0.00632	0.00834	0.00729	0.00961	0.00561	0.00581	0.01546	0.02067	0.43344	0.07210	0.16586	0.12305	0.00889	0.00516	0.00159	0.00340	0.08257	0.00506	0.00602
85	0.01142	0.00986	0.01038	0.00934	0.01194	0.01142	0.00727	0.02440	0.80172	0.01920	0.01869	0.01713	0.01401	0.00623	0.00467	0.00156	0.00363	0.00519	0.00467	0.00727
86	0.07078	0.01016	0.01171	0.00906	0.01255	0.01043	0.00747	0.38656	0.01670	0.37108	0.01395	0.01299	0.00930	0.00550	0.00446	0.00139	0.00438	0.00425	0.02973	0.00753
87	0.03257	0.01267	0.01358	0.01043	0.01408	0.01400	0.00861	0.76315	0.02115	0.04685	0.01110	0.01107	0.00784	0.00549	0.00456	0.00138	0.00500	0.00412	0.00459	0.00776
88	0.00780	0.00399	0.00593	0.00601	0.00603	0.00397	0.00401	0.00601	0.00618	0.00824	0.00922	0.07281	0.00958	0.01584	0.01708	0.80450	0.00389	0.00464	0.00216	0.00212
89	0.01697	0.01262	0.01350	0.01046	0.01405	0.01401	0.00861	0.73280	0.08428	0.02815	0.01164	0.01151	0.00831	0.00557	0.00460	0.00139	0.00494	0.00422	0.00460	0.00776
90	0.79621	0.00923	0.00736	0.00643	0.00935	0.01064	0.00530	0.08202	0.00902	0.02133	0.00680	0.00777	0.00522	0.00437	0.00299	0.00142	0.00368	0.00263	0.00299	0.00522
91	0.00592	0.00435	0.00601	0.00673	0.00723	0.00408	0.02262	0.00697	0.00927	0.01239	0.08204	0.67472	0.04775	0.02577	0.00610	0.00187	0.00287	0.06520	0.00425	0.00385
92	0.00860	0.00451	0.00462	0.00452	0.00566	0.00451	0.00341	0.02911	0.01012	0.01739	0.06083	0.01843	0.02757	0.00569	0.00341	0.00111	0.00221	0.00460	0.77935	0.00436
93	0.01117	0.01069	0.01823	0.05415	0.76721	0.01077	0.01387	0.01389	0.01035	0.01480	0.00870	0.01153	0.00732	0.00475	0.02194	0.00150	0.00562	0.00411	0.00227	0.00713
94	0.00595	0.00436	0.00558	0.00594	0.00669	0.00400	0.00420	0.00735	0.01072	0.01457	0.35140	0.41355	0.12470	0.01200	0.00563	0.00165	0.00242	0.01070	0.00459	0.00400
95	0.00797	0.00399	0.00598	0.00598	0.00598	0.00399	0.00399	0.00598	0.00598	0.00797	0.00797	0.01396	0.00797	0.01595	0.01794	0.86643	0.00399	0.00399	0.00199	0.00199
96	0.01692	0.01259	0.01357	0.02574	0.01442	0.01399	0.00871	0.73342	0.06862	0.02802	0.01143	0.01142	0.00815	0.00554	0.00460	0.00139	0.00499	0.00420	0.00455	0.00772
97	0.00631	0.00467	0.00589	0.00563	0.00676	0.00425	0.00420	0.00829	0.01250	0.01734	0.67323	0.05774	0.15643	0.00986	0.00543	0.00147	0.00220	0.00864	0.00491	0.00425
98	0.00952	0.00816	0.00952	0.00680	0.01088	0.00612	0.00544	0.01156	0.00952	0.01496	0.00816	0.00952	0.00680	0.00340	0.00340	0.00068	0.00340	0.00272	0.00272	0.86672
99	0.04097	0.56482	0.11698	0.00971	0.04004	0.13656	0.00922	0.01453	0.00991	0.01178	0.00679	0.00792	0.00590	0.00412	0.00335	0.00110	0.00561	0.00270	0.00206	0.00593
100	0.00856	0.00428	0.00428	0.00428	0.00535	0.00428	0.00321	0.01070	0.00963	0.01712	0.01498	0.01712	0.01177	0.00535	0.00321	0.00107	0.00214	0.00428	0.86414	0.00428
101	0.02618	0.01492	0.27359	0.01340	0.13271	0.04542	0.02101	0.05859	0.25971	0.03414	0.03893	0.01384	0.02437	0.00535	0.00469	0.00147	0.01721	0.00440	0.00325	0.00682
102	0.00672	0.00660	0.08528	0.00773	0.00910	0.00497	0.04567	0.00819	0.00914	0.03130	0.02231	0.64959	0.03733	0.01220	0.00556	0.00175	0.00337	0.01107	0.00391	0.03821
103	0.00767	0.00682	0.03737	0.01171	0.19083	0.00614	0.02102	0.00976	0.03546	0.02621	0.14123	0.37808	0.08917	0.01012	0.00534	0.00162	0.00348	0.00915	0.00385	0.00497
104	0.00998	0.01058	0.02120	0.25927	0.08635	0.01083	0.44798	0.01331	0.01014	0.01363	0.00957	0.05012	0.00780	0.00467	0.00533	0.00155	0.02432	0.00524	0.00232	0.00581
105	0.01102	0.00959	0.00998	0.00901	0.01143	0.03063	0.00698	0.02251	0.69540	0.01892	0.10524	0.01880	0.01704	0.00654	0.00474	0.00154	0.00359	0.00548	0.00466	0.00690
106	0.00574	0.00407	0.00536	0.00628	0.00654	0.00387	0.00415	0.00648	0.00852	0.01138	0.02371	0.72258	0.02828	0.10244	0.03529	0.00233	0.00318	0.01210	0.00404	0.00364
107	0.01014	0.01004	0.02574	0.34937	0.38631	0.02863	0.05936	0.01298	0.00992	0.01342	0.00896	0.03891	0.00749	0.00468	0.00476	0.00146	0.01501	0.00443	0.00224	0.00614
108	0.87108	0.00888	0.00675	0.00604	0.00888	0.01030	0.00497	0.01350	0.00781	0.02060	0.00639	0.00746	0.00497	0.00426	0.00284	0.00142	0.00355	0.00249	0.00284	0.00497
109	0.01004	0.01004	0.01406	0.01205	0.01205	0.01406	0.01004	0.01105	0.00703	0.01105	0.00603	0.01004	0.00603	0.00804	0.01507	0.00201	0.83025	0.00402	0.00201	0.00502
110	0.02893	0.02507	0.02994	0.01131	0.06677	0.12618	0.05835	0.05824	0.32622	0.17671	0.01454	0.01409	0.01060	0.00544	0.00452	0.00143	0.00486	0.00449	0.02539	0.00691
111	0.03822	0.00600	0.00645	0.02419	0.00769	0.00645	0.00465	0.11900	0.01104	0.01806	0.02392	0.01716	0.01159	0.04135	0.00491	0.00135	0.03952	0.02354	0.59013	0.00478
112	0.01395	0.01682	0.01247	0.01117	0.01317	0.54484	0.05080	0.01535	0.01137	0.01134	0.00935	0.02972	0.02482	0.01062	0.15275	0.00240	0.05769	0.00388	0.00244	0.00506
113	0.00739	0.00489	0.00640	0.00591	0.00716	0.00448	0.00447	0.00952	0.01296	0.06985	0.74354	0.03325	0.05416	0.00918	0.00536	0.00144	0.00228	0.00809	0.00508	0.00455
114	0.54651	0.00957	0.00855	0.00720	0.01007	0.01088	0.00591	0.22819	0.01176	0.02245	0.00844	0.00935	0.00639	0.00475	0.00351	0.00138	0.01438	0.00312	0.08189	0.00569
115	0.19858	0.03172	0.00878	0.00690	0.00961	0.00813	0.00564	0.12074	0.01201	0.28501	0.01341	0.01345	0.00948	0.00521	0.00378	0.00130	0.00350	0.00394	0.25267	0.00613
116	0.00773	0.00508	0.00587	0.00544	0.00712	0.00439	0.00416	0.00927	0.01155	0.11961	0.26218	0.03757	0.48272	0.01020	0.00532	0.00150	0.00249	0.00862	0.00468	0.00453
117	0.01157	0.00699	0.03155	0.00718	0.00947	0.00628	0.00584	0.01519	0.12922	0.26445	0.31983	0.02671	0.11686	0.00794	0.00504	0.00148	0.00311	0.02045	0.00499	0.00586
118	0.00662	0.00443	0.00502	0.00508	0.00510	0.00441	0.00286	0.00666	0.00679	0.00905	0.01505	0.07347	0.01743	0.79422	0.02242	0.00431	0.00435	0.00702	0.00286	0.00283
119	0.01006	0.01019	0.01392	0.24596	0.01779	0.05992	0.01075	0.01167	0.00800	0.01125	0.00670	0.01057	0.00605	0.00685	0.01142	0.00182	0.54599	0.00397	0.00204	0.00506
120	0.01013	0.02827	0.01010	0.00719	0.01114	0.06502	0.00574	0.01210	0.00977	0.01460	0.00804	0.00938	0.00672	0.00351	0.00344	0.00072	0.00379	0.00273	0.00268	0.78494
121	0.19811	0.01143	0.01477	0.04359	0.33120	0.10986	0.07672	0.01418	0.02870	0.01535	0.00894	0.02890	0.00775	0.00502	0.00499	0.00146	0.06026	0.03016	0.00255	0.00605
122	0.01625	0.00686	0.00917	0.00736	0.01020	0.00598	0.00595	0.01806	0.01291	0.57200	0.20005	0.02202	0.07853	0.00697	0.00486	0.00144	0.00339	0.00584	0.00543	0.00672
123	0.10523	0.00947	0.02803	0.01019	0.06766	0.00995	0.02145	0.05528	0.39418	0.10848	0.04413	0.03451	0.01359	0.00627	0.00458	0.00152	0.00395	0.04935	0.00425	0.02797
124	0.00879	0.00717	0.00907	0.06534	0.01127	0.03019	0.05888	0.04184	0.10936	0.05723	0.04291	0.15740	0.25427	0.02482	0.00575	0.00166	0.01842	0.06532	0.00397	0.02634

[dist]
