[name]
unknown

[dist]
# distance from previous block
# <min> <max>
0	48

[block]
# block no. 0 follows, 57 sequences, length 26
# corresponding to MSA columns:
# 61-86
name=unknown_A
#
# <colnr> <probs for GDERKNQSTAVLIFYWHMCP>
#	G	D	E	R	K	N	Q	S	T	A	V	L	I	F	Y	W	H	M	C	P
0	0.03532	0.02130	0.00934	0.03545	0.03001	0.02016	0.04118	0.07369	0.09290	0.11729	0.06530	0.16387	0.03427	0.04370	0.00665	0.08014	0.00380	0.01879	0.06556	0.04128
1	0.02242	0.03987	0.05536	0.01931	0.01054	0.01943	0.05427	0.07554	0.04281	0.10193	0.15544	0.17827	0.11102	0.03343	0.00602	0.01556	0.02930	0.00718	0.00395	0.01836
2	0.11906	0.04802	0.01083	0.09781	0.04519	0.05435	0.01936	0.08562	0.06920	0.15525	0.10537	0.03990	0.07877	0.00692	0.02212	0.00155	0.02604	0.00508	0.00377	0.00579
3	0.05903	0.02995	0.03245	0.00778	0.01001	0.01872	0.01874	0.10150	0.12522	0.16717	0.08911	0.07657	0.04107	0.10678	0.00704	0.00181	0.02632	0.01753	0.05754	0.00568
4	0.07690	0.00703	0.00961	0.03935	0.01100	0.00687	0.07328	0.04231	0.04557	0.24715	0.09115	0.11049	0.08307	0.05293	0.04315	0.00190	0.00417	0.00624	0.04226	0.00556
5	0.06158	0.01054	0.04825	0.10013	0.11266	0.09632	0.02577	0.05364	0.14188	0.05342	0.01346	0.09818	0.03779	0.03199	0.01630	0.00163	0.04742	0.00516	0.01039	0.03351
6	0.08161	0.06587	0.02622	0.00899	0.05610	0.02250	0.02015	0.10611	0.10799	0.13883	0.08928	0.11744	0.03228	0.00688	0.00447	0.00142	0.00382	0.02573	0.05495	0.02935
7	0.07766	0.09762	0.36670	0.00969	0.01363	0.02678	0.01062	0.01246	0.00915	0.05048	0.04102	0.05037	0.03884	0.00823	0.05615	0.08034	0.03801	0.00425	0.00251	0.00549
8	0.01338	0.14900	0.04666	0.01155	0.02990	0.28116	0.10778	0.09658	0.05194	0.01433	0.03004	0.01027	0.00766	0.00479	0.00481	0.00125	0.05890	0.00361	0.00267	0.07373
9	0.00918	0.00539	0.00645	0.00586	0.00753	0.00483	0.00441	0.01090	0.03645	0.18897	0.19193	0.07775	0.32240	0.09900	0.00709	0.00181	0.00289	0.00791	0.00453	0.00475
10	0.00898	0.00761	0.00827	0.00806	0.03057	0.10106	0.01705	0.04887	0.01040	0.04828	0.13012	0.24158	0.09199	0.05833	0.07016	0.02804	0.05214	0.00759	0.00364	0.02727
11	0.00961	0.00994	0.10697	0.00857	0.01090	0.08113	0.00763	0.05889	0.13547	0.03753	0.23838	0.02846	0.05306	0.00827	0.00513	0.00157	0.00415	0.18489	0.00409	0.00536
12	0.12100	0.01157	0.01052	0.03368	0.01232	0.14168	0.00731	0.16472	0.34278	0.01896	0.01365	0.06077	0.01093	0.00593	0.00432	0.00143	0.00456	0.00464	0.02288	0.00635
13	0.00976	0.01890	0.53491	0.03365	0.16383	0.01068	0.06059	0.01510	0.08179	0.01480	0.00920	0.01074	0.00681	0.00440	0.00443	0.00144	0.00622	0.00377	0.00224	0.00676
14	0.00647	0.00477	0.00655	0.08077	0.00906	0.00470	0.00520	0.00807	0.01058	0.01447	0.37065	0.25773	0.05001	0.04259	0.00655	0.02959	0.00297	0.08102	0.00422	0.00403
15	0.00657	0.00447	0.00534	0.00534	0.00548	0.00461	0.00325	0.00685	0.00671	0.00908	0.01391	0.02762	0.01559	0.70221	0.16039	0.00489	0.00572	0.00629	0.00269	0.00297
16	0.01138	0.00950	0.08990	0.00993	0.08358	0.00834	0.00775	0.12878	0.14380	0.13477	0.18797	0.04286	0.10782	0.00707	0.00482	0.00145	0.00382	0.00598	0.00429	0.00619
17	0.00688	0.00576	0.00745	0.00824	0.07317	0.00590	0.00576	0.00857	0.03260	0.01240	0.04482	0.11327	0.33395	0.05767	0.08737	0.00237	0.07918	0.10673	0.00362	0.00430
18	0.00992	0.00918	0.03523	0.09247	0.16309	0.00855	0.03197	0.05304	0.09458	0.01553	0.05801	0.04459	0.02152	0.00504	0.00450	0.00119	0.02591	0.00434	0.00300	0.31834
19	0.00575	0.00463	0.00516	0.00523	0.00657	0.00403	0.00399	0.00717	0.01076	0.01352	0.19591	0.07821	0.55059	0.01125	0.00545	0.00157	0.00245	0.07945	0.00436	0.00394
20	0.07425	0.13816	0.22316	0.06828	0.05555	0.04153	0.01004	0.09131	0.08253	0.01580	0.07072	0.08696	0.01169	0.00580	0.00426	0.00139	0.00496	0.00467	0.00296	0.00597
21	0.00995	0.00809	0.00958	0.00693	0.01081	0.00630	0.00557	0.01192	0.00950	0.05386	0.00847	0.00971	0.00691	0.00360	0.00375	0.00075	0.02758	0.00281	0.00281	0.80111
22	0.02587	0.10006	0.13747	0.04908	0.05680	0.10152	0.07066	0.14172	0.14155	0.01650	0.02554	0.04224	0.00934	0.01809	0.00479	0.00141	0.01773	0.00430	0.00307	0.03227
23	0.00711	0.00537	0.00679	0.00733	0.02351	0.00544	0.00537	0.02683	0.09768	0.01358	0.09425	0.31212	0.07482	0.08327	0.05461	0.00231	0.00379	0.16743	0.00406	0.00433
24	0.00696	0.00510	0.00692	0.00623	0.00664	0.00503	0.07465	0.00731	0.00696	0.00931	0.01381	0.02807	0.01560	0.76489	0.02146	0.00413	0.00469	0.00648	0.00270	0.00305
25	0.05711	0.10766	0.02565	0.01080	0.01330	0.65422	0.00841	0.01688	0.01200	0.01156	0.00760	0.03980	0.00671	0.00492	0.00397	0.00119	0.00736	0.00323	0.00238	0.00526

[dist]
# distance from previous block
# <min> <max>
3	32

[block]
# block no. 1 follows, 57 sequences, length 42
# corresponding to MSA columns:
# 128-169
name=unknown_B
#
# <colnr> <probs for GDERKNQSTAVLIFYWHMCP>
#	G	D	E	R	K	N	Q	S	T	A	V	L	I	F	Y	W	H	M	C	P
0	0.06308	0.09634	0.02662	0.05973	0.08434	0.10578	0.00828	0.18963	0.06324	0.01723	0.05380	0.01298	0.04173	0.00595	0.02316	0.00142	0.04080	0.00403	0.00317	0.09869
1	0.01133	0.25307	0.28198	0.03900	0.01637	0.15289	0.10003	0.01424	0.00998	0.01236	0.00799	0.02267	0.00669	0.03549	0.00487	0.00139	0.01813	0.00354	0.00211	0.00586
2	0.07173	0.06409	0.07376	0.01709	0.02163	0.01171	0.64331	0.01436	0.01032	0.01468	0.00872	0.01141	0.00660	0.00388	0.00495	0.00148	0.00712	0.00484	0.00228	0.00604
3	0.00652	0.00454	0.00564	0.00562	0.00595	0.00472	0.00366	0.00712	0.00725	0.00991	0.06235	0.02700	0.03654	0.54846	0.24113	0.00494	0.00633	0.00628	0.00283	0.00322
4	0.01047	0.02533	0.08142	0.30905	0.04651	0.01011	0.04729	0.18236	0.04501	0.01674	0.11291	0.03696	0.01222	0.00600	0.00515	0.03367	0.00512	0.00483	0.00312	0.00573
5	0.00644	0.00471	0.00672	0.00678	0.00741	0.00531	0.00503	0.00770	0.00724	0.01026	0.01331	0.06936	0.01342	0.18487	0.62290	0.00641	0.01011	0.00566	0.00259	0.00378
6	0.00959	0.01026	0.05365	0.34668	0.03860	0.01078	0.25446	0.02518	0.03180	0.01319	0.00946	0.01421	0.00774	0.00523	0.00608	0.00160	0.10243	0.05123	0.00234	0.00552
7	0.02877	0.00773	0.00957	0.00720	0.01073	0.00635	0.00580	0.02792	0.01109	0.33363	0.05450	0.01358	0.01064	0.02559	0.00444	0.00112	0.00354	0.00384	0.00400	0.42996
8	0.01720	0.01187	0.01299	0.01005	0.01359	0.01295	0.00827	0.64830	0.07426	0.12511	0.01227	0.01186	0.00856	0.00551	0.00454	0.00138	0.00475	0.00421	0.00467	0.00767
9	0.00566	0.00407	0.00541	0.00643	0.00679	0.00381	0.00444	0.00657	0.00887	0.01175	0.02547	0.75066	0.05122	0.01398	0.00581	0.00185	0.00275	0.07652	0.00420	0.00373
10	0.00877	0.00751	0.08264	0.08731	0.09391	0.00619	0.02009	0.01058	0.00969	0.11761	0.03445	0.39556	0.07000	0.02724	0.00556	0.00169	0.00386	0.00862	0.00372	0.00501
11	0.31012	0.09025	0.01175	0.00928	0.01200	0.41752	0.00734	0.06832	0.01132	0.01539	0.00696	0.00799	0.00564	0.00449	0.00357	0.00124	0.00606	0.00279	0.00261	0.00535
12	0.01398	0.00856	0.01149	0.01159	0.13888	0.03573	0.00800	0.10381	0.01164	0.30272	0.02358	0.01455	0.01014	0.01295	0.22033	0.00296	0.05449	0.00446	0.00378	0.00637
13	0.01027	0.00803	0.00949	0.00682	0.01080	0.00609	0.00547	0.01226	0.00968	0.07874	0.00884	0.00988	0.00707	0.00354	0.00345	0.00073	0.00340	0.00283	0.00292	0.79969
14	0.01225	0.66436	0.11722	0.00868	0.01282	0.04949	0.00891	0.05921	0.01010	0.01215	0.00681	0.00779	0.00592	0.00405	0.00322	0.00106	0.00521	0.00265	0.00210	0.00601
15	0.00552	0.00394	0.00526	0.00631	0.00657	0.00368	0.00421	0.00631	0.00868	0.01157	0.02498	0.83779	0.02997	0.01420	0.00578	0.00184	0.00263	0.01288	0.00421	0.00368
16	0.00940	0.00805	0.00940	0.00671	0.01074	0.00604	0.00537	0.01141	0.00940	0.01477	0.00805	0.00940	0.00671	0.00336	0.00336	0.00067	0.00336	0.00268	0.00268	0.86845
17	0.02665	0.02946	0.02940	0.03813	0.04594	0.04227	0.02066	0.46302	0.09314	0.04099	0.01145	0.01175	0.02100	0.00517	0.00436	0.00130	0.00482	0.00403	0.00393	0.10256
18	0.00787	0.00394	0.00590	0.00590	0.00590	0.00394	0.00394	0.00590	0.00590	0.00787	0.00787	0.01377	0.00787	0.01574	0.01771	0.86816	0.00394	0.00394	0.00197	0.00197
19	0.00605	0.00467	0.00564	0.00616	0.00727	0.00426	0.00485	0.00747	0.01016	0.01279	0.06847	0.19654	0.38001	0.01223	0.00572	0.00176	0.00295	0.25486	0.00423	0.00393
20	0.01139	0.01189	0.03528	0.24338	0.01794	0.16424	0.01018	0.10093	0.01037	0.01319	0.00782	0.01089	0.00655	0.00792	0.06891	0.00201	0.26556	0.00385	0.00238	0.00532
21	0.00649	0.00479	0.00694	0.00694	0.00763	0.00548	0.00523	0.00787	0.00718	0.01026	0.01245	0.01956	0.01209	0.15338	0.70444	0.00685	0.01099	0.00511	0.00247	0.00385
22	0.00785	0.00686	0.02459	0.06873	0.05329	0.00679	0.03868	0.01190	0.15893	0.01507	0.18376	0.11010	0.15011	0.00912	0.00528	0.00162	0.00359	0.13470	0.00405	0.00500
23	0.00728	0.05567	0.00843	0.00735	0.00832	0.00678	0.00573	0.03763	0.00793	0.01114	0.01244	0.06503	0.01216	0.09174	0.60629	0.00596	0.03807	0.00525	0.00259	0.00420
24	0.01741	0.01240	0.01342	0.01029	0.01391	0.01362	0.00850	0.75250	0.02082	0.07411	0.01128	0.01114	0.00791	0.00545	0.00453	0.00136	0.00492	0.00411	0.00460	0.00771
25	0.10975	0.06459	0.07483	0.09216	0.26198	0.08018	0.02202	0.02698	0.03397	0.01442	0.00822	0.02226	0.00688	0.00475	0.00517	0.00136	0.09105	0.00368	0.00240	0.07334
26	0.00963	0.01271	0.20954	0.35649	0.16218	0.04028	0.01305	0.03776	0.00998	0.01345	0.00944	0.02828	0.00785	0.00513	0.00474	0.00149	0.01910	0.05078	0.00229	0.00583
27	0.00988	0.12979	0.01395	0.06163	0.05866	0.04842	0.00892	0.01180	0.04403	0.01147	0.00860	0.04203	0.00812	0.01113	0.14137	0.00257	0.37598	0.00423	0.00228	0.00513
28	0.06058	0.01157	0.02974	0.07584	0.05221	0.10935	0.09267	0.01256	0.00855	0.01229	0.00684	0.01000	0.00606	0.00621	0.00997	0.00168	0.45054	0.00385	0.00214	0.03735
29	0.02522	0.00901	0.01143	0.06794	0.04192	0.00970	0.03032	0.21440	0.10510	0.19363	0.04145	0.01614	0.04067	0.05567	0.04720	0.00192	0.05752	0.00484	0.01954	0.00638
30	0.82093	0.00888	0.00737	0.00727	0.05711	0.01020	0.00545	0.01336	0.00787	0.02000	0.00644	0.00759	0.00504	0.00420	0.00291	0.00140	0.00362	0.00255	0.00277	0.00504
31	0.00653	0.00452	0.00557	0.00557	0.00583	0.00472	0.00356	0.00700	0.00687	0.00934	0.01447	0.02677	0.03450	0.60108	0.24011	0.00511	0.00645	0.00619	0.00269	0.00313
32	0.00549	0.00407	0.00513	0.00598	0.00649	0.00371	0.00406	0.00635	0.00900	0.01170	0.02902	0.68425	0.18091	0.01367	0.00570	0.00178	0.00256	0.01224	0.00421	0.00371
33	0.00650	0.00476	0.00678	0.00678	0.00742	0.00539	0.00504	0.00777	0.00713	0.01015	0.01259	0.02033	0.01243	0.20624	0.65204	0.00667	0.01048	0.00523	0.00250	0.00377
34	0.87276	0.00876	0.00666	0.00596	0.00876	0.01017	0.00491	0.01332	0.00771	0.02033	0.00631	0.00736	0.00491	0.00421	0.00280	0.00140	0.00351	0.00245	0.00280	0.00491
35	0.00904	0.00707	0.00815	0.00730	0.00910	0.00749	0.00564	0.09124	0.26847	0.01945	0.47652	0.02613	0.02999	0.00788	0.00503	0.00145	0.00288	0.00680	0.00482	0.00555
36	0.01266	0.00795	0.00973	0.00711	0.01099	0.00623	0.00575	0.01459	0.01046	0.25354	0.01098	0.01119	0.00805	0.00403	0.00371	0.00089	0.00350	0.00324	0.00356	0.61183
37	0.00999	0.00845	0.00970	0.00711	0.01101	0.00689	0.00569	0.05784	0.06917	0.01588	0.00899	0.01004	0.00730	0.00368	0.00352	0.00078	0.00347	0.00295	0.00293	0.75461
38	0.02279	0.02396	0.17023	0.12032	0.21641	0.06184	0.06571	0.05996	0.05875	0.06541	0.03713	0.02605	0.00922	0.00498	0.00453	0.00141	0.00558	0.02004	0.00282	0.02286
39	0.11646	0.15654	0.04132	0.11582	0.09520	0.09009	0.04419	0.07717	0.05435	0.01478	0.00988	0.07383	0.00885	0.00561	0.00482	0.00141	0.05800	0.02324	0.00273	0.00570
40	0.00970	0.00974	0.04042	0.02652	0.02233	0.03326	0.22886	0.04033	0.15653	0.01470	0.02533	0.12262	0.02212	0.00917	0.08604	0.00207	0.05303	0.01543	0.00315	0.07864
41	0.04003	0.02769	0.11304	0.03312	0.20141	0.07287	0.06763	0.05118	0.02824	0.24738	0.01152	0.02495	0.00841	0.00488	0.00459	0.00137	0.01834	0.00415	0.00339	0.03581

[dist]
# distance from previous block
# <min> <max>
2	25

[block]
# block no. 2 follows, 57 sequences, length 9
# corresponding to MSA columns:
# 240-248
name=unknown_C
#
# <colnr> <probs for GDERKNQSTAVLIFYWHMCP>
#	G	D	E	R	K	N	Q	S	T	A	V	L	I	F	Y	W	H	M	C	P
0	0.01065	0.06509	0.04670	0.03457	0.15614	0.01088	0.13498	0.06874	0.16837	0.01552	0.01254	0.06577	0.02428	0.00590	0.00556	0.00147	0.07938	0.03139	0.00307	0.05902
1	0.00557	0.00410	0.00522	0.00599	0.00652	0.00375	0.00409	0.00652	0.00927	0.01220	0.09074	0.64902	0.15367	0.01338	0.00568	0.00176	0.00254	0.01199	0.00427	0.00375
2	0.03128	0.16781	0.51479	0.01236	0.05340	0.01149	0.06436	0.01367	0.00961	0.01373	0.01026	0.01153	0.05741	0.00464	0.00416	0.00136	0.00600	0.00372	0.00213	0.00629
3	0.00565	0.00456	0.00504	0.00512	0.00642	0.00395	0.00383	0.00698	0.01063	0.01332	0.18377	0.12147	0.55884	0.01138	0.00543	0.00156	0.00238	0.04140	0.00435	0.00391
4	0.00665	0.00475	0.00573	0.00541	0.00675	0.00422	0.00408	0.00841	0.01193	0.05130	0.50006	0.03655	0.31770	0.00990	0.00531	0.00146	0.00227	0.00853	0.00473	0.00427
5	0.56702	0.00871	0.00824	0.00686	0.00993	0.00938	0.00566	0.06610	0.01013	0.25499	0.01001	0.00996	0.00694	0.00470	0.00343	0.00140	0.00370	0.00318	0.00374	0.00591
6	0.00551	0.00399	0.00521	0.00620	0.00654	0.00369	0.00416	0.00632	0.00878	0.01161	0.02634	0.78585	0.08103	0.01402	0.00576	0.00182	0.00261	0.01266	0.00421	0.00369
7	0.01637	0.04872	0.01328	0.05135	0.01477	0.72051	0.00890	0.05125	0.01290	0.01185	0.00720	0.00845	0.00593	0.00467	0.00409	0.00119	0.00782	0.00301	0.00240	0.00537
8	0.01024	0.00955	0.01588	0.31948	0.45411	0.01038	0.01279	0.04356	0.01013	0.01395	0.00863	0.01186	0.00699	0.00581	0.04640	0.00171	0.00595	0.00408	0.00226	0.00625

[dist]
# distance from previous block
# <min> <max>
0	1

[block]
# block no. 3 follows, 57 sequences, length 18
# corresponding to MSA columns:
# 256-273
name=unknown_D
#
# <colnr> <probs for GDERKNQSTAVLIFYWHMCP>
#	G	D	E	R	K	N	Q	S	T	A	V	L	I	F	Y	W	H	M	C	P
0	0.01163	0.06730	0.03494	0.03146	0.23213	0.03943	0.29181	0.07413	0.01099	0.03831	0.00932	0.03019	0.00768	0.00485	0.00572	0.00147	0.08514	0.01463	0.00255	0.00632
1	0.05626	0.09064	0.01245	0.00981	0.01253	0.26565	0.00775	0.09458	0.36938	0.01672	0.01242	0.01224	0.00957	0.00531	0.00419	0.00135	0.00527	0.00395	0.00356	0.00639
2	0.00648	0.00481	0.00705	0.00705	0.00778	0.00554	0.00538	0.00794	0.00721	0.01035	0.01235	0.01896	0.01183	0.11292	0.74455	0.00700	0.01138	0.00502	0.00246	0.00392
3	0.00963	0.02158	0.67848	0.01279	0.01885	0.03795	0.04940	0.01542	0.08596	0.01469	0.00913	0.01034	0.00657	0.00447	0.00437	0.00144	0.00649	0.00359	0.00220	0.00667
4	0.01115	0.00951	0.01011	0.00897	0.01156	0.01078	0.00699	0.04934	0.70127	0.01905	0.05683	0.01719	0.01472	0.00615	0.00459	0.00149	0.00355	0.00513	0.00454	0.04710
5	0.01015	0.00935	0.01418	0.56253	0.11196	0.03778	0.03479	0.10875	0.01087	0.01409	0.00903	0.04013	0.00721	0.00491	0.00458	0.00147	0.00584	0.00434	0.00244	0.00559
6	0.00870	0.02302	0.03598	0.28311	0.01770	0.02364	0.05713	0.01180	0.06851	0.02520	0.06382	0.02904	0.05186	0.01130	0.15893	0.00261	0.08962	0.00497	0.02802	0.00502
7	0.01006	0.00943	0.07768	0.06432	0.27258	0.00865	0.00975	0.03771	0.05069	0.07516	0.12320	0.04792	0.10085	0.00676	0.00545	0.00149	0.05567	0.03334	0.00335	0.00594
8	0.04815	0.00704	0.03609	0.00764	0.03377	0.01865	0.03062	0.01124	0.10061	0.04144	0.29005	0.10199	0.18069	0.00856	0.00515	0.00146	0.01779	0.00735	0.00415	0.04757
9	0.00571	0.00439	0.00564	0.00603	0.00680	0.00398	0.02300	0.00674	0.00941	0.01220	0.08931	0.50073	0.24736	0.04871	0.00637	0.00183	0.00270	0.01115	0.00416	0.00378
10	0.01174	0.14777	0.09102	0.04743	0.01333	0.08324	0.02002	0.11803	0.09785	0.04931	0.03543	0.05152	0.03940	0.00584	0.00488	0.00133	0.05575	0.02177	0.00318	0.10117
11	0.00599	0.00450	0.00557	0.00613	0.00701	0.00415	0.00461	0.00727	0.00987	0.01271	0.10311	0.31724	0.26642	0.04484	0.00639	0.00186	0.00289	0.18137	0.00421	0.00385
12	0.01227	0.02713	0.06718	0.02413	0.10502	0.26907	0.03242	0.07397	0.03274	0.04153	0.03696	0.01524	0.07978	0.04098	0.06580	0.04204	0.02097	0.00447	0.00287	0.00543
13	0.00607	0.00464	0.00558	0.00542	0.00666	0.00416	0.00411	0.00785	0.01181	0.01581	0.49744	0.03818	0.31957	0.01021	0.00539	0.00149	0.00229	0.04453	0.00467	0.00411
14	0.01006	0.00940	0.08337	0.02506	0.03317	0.00865	0.12022	0.06293	0.13275	0.07455	0.09033	0.18108	0.01687	0.00769	0.00579	0.00159	0.06927	0.03013	0.03141	0.00568
15	0.04970	0.04642	0.39391	0.11128	0.05018	0.02606	0.08785	0.03928	0.00981	0.01434	0.00848	0.02396	0.00660	0.00544	0.02948	0.00158	0.03488	0.00378	0.00221	0.05475
16	0.01177	0.01163	0.01759	0.05815	0.68981	0.07918	0.01326	0.03777	0.01081	0.01478	0.00845	0.01098	0.00703	0.00415	0.00446	0.00134	0.00563	0.00394	0.00231	0.00695
17	0.00949	0.05202	0.20434	0.03746	0.03815	0.04648	0.05980	0.07485	0.04501	0.01449	0.03037	0.15416	0.06378	0.05411	0.00565	0.00157	0.00486	0.00582	0.00302	0.09458

[dist]
# distance from previous block
# <min> <max>
0	1

[block]
# block no. 4 follows, 57 sequences, length 10
# corresponding to MSA columns:
# 303-312
name=unknown_E
#
# <colnr> <probs for GDERKNQSTAVLIFYWHMCP>
#	G	D	E	R	K	N	Q	S	T	A	V	L	I	F	Y	W	H	M	C	P
0	0.00921	0.00726	0.00912	0.00847	0.04891	0.00691	0.00632	0.05075	0.06427	0.04539	0.05628	0.14030	0.04942	0.00862	0.04078	0.00160	0.05584	0.08891	0.00351	0.29813
1	0.01674	0.00866	0.01062	0.00835	0.01175	0.00824	0.00678	0.09810	0.17258	0.47016	0.01598	0.01447	0.01079	0.00540	0.00440	0.00133	0.00385	0.00437	0.00491	0.12252
2	0.00937	0.00847	0.01328	0.19895	0.28696	0.00880	0.03736	0.03067	0.06685	0.01426	0.04689	0.15861	0.01293	0.00629	0.00470	0.00144	0.00467	0.00578	0.00292	0.08079
3	0.01083	0.01171	0.01032	0.00953	0.01068	0.29698	0.00735	0.01206	0.00914	0.01067	0.00931	0.01375	0.00874	0.07578	0.32517	0.00392	0.16304	0.00412	0.00233	0.00455
4	0.00884	0.01596	0.43341	0.01289	0.09240	0.00912	0.08472	0.01313	0.04465	0.01482	0.13174	0.01652	0.05092	0.04466	0.00552	0.00158	0.00552	0.00486	0.00271	0.00602
5	0.00610	0.00462	0.00563	0.00538	0.00658	0.00414	0.00403	0.00795	0.01210	0.01644	0.58713	0.03670	0.26680	0.00991	0.00535	0.00146	0.00218	0.00859	0.00476	0.00414
6	0.01007	0.01399	0.19528	0.03307	0.01927	0.05041	0.38381	0.01348	0.00993	0.01372	0.04612	0.01243	0.00835	0.00638	0.04920	0.00185	0.11985	0.00468	0.00230	0.00582
7	0.00624	0.00449	0.00600	0.00691	0.00755	0.00430	0.00528	0.00755	0.00950	0.01248	0.05118	0.44732	0.07262	0.03906	0.00646	0.00198	0.00323	0.29981	0.00417	0.00386
8	0.01122	0.01077	0.01839	0.02781	0.81248	0.01077	0.01391	0.01391	0.01032	0.01480	0.00852	0.01122	0.00718	0.00404	0.00449	0.00135	0.00538	0.00404	0.00224	0.00718
9	0.00557	0.00458	0.00479	0.00475	0.00612	0.00392	0.00350	0.00676	0.01038	0.01273	0.13718	0.04147	0.66269	0.06766	0.00656	0.00171	0.00242	0.00919	0.00420	0.00381

[dist]
# distance from previous block
# <min> <max>
0	1

[block]
# block no. 5 follows, 57 sequences, length 28
# corresponding to MSA columns:
# 314-322,325-343
name=unknown_F
#
# <colnr> <probs for GDERKNQSTAVLIFYWHMCP>
#	G	D	E	R	K	N	Q	S	T	A	V	L	I	F	Y	W	H	M	C	P
0	0.01694	0.02113	0.01288	0.01161	0.01401	0.78032	0.00875	0.05881	0.01328	0.01200	0.00721	0.00831	0.00593	0.00471	0.00411	0.00118	0.00801	0.00298	0.00245	0.00538
1	0.00577	0.00396	0.00530	0.00622	0.00644	0.00373	0.00412	0.00629	0.00835	0.01113	0.02307	0.73289	0.02752	0.05077	0.00755	0.07477	0.00282	0.01185	0.00395	0.00350
2	0.01622	0.07010	0.01353	0.05266	0.01473	0.73348	0.00889	0.01750	0.01243	0.01109	0.00701	0.00831	0.00585	0.00462	0.00404	0.00117	0.00787	0.00294	0.00229	0.00528
3	0.00658	0.00445	0.00582	0.00563	0.00649	0.00413	0.00409	0.00763	0.01083	0.01492	0.51106	0.05558	0.12891	0.01115	0.00814	0.19660	0.00258	0.00755	0.00419	0.00368
4	0.00878	0.06682	0.53028	0.01095	0.01598	0.00960	0.03323	0.01340	0.04646	0.01507	0.17190	0.01552	0.03174	0.00552	0.00450	0.00141	0.00545	0.00455	0.00272	0.00610
5	0.01181	0.56889	0.06275	0.00937	0.01259	0.06776	0.03113	0.01343	0.00908	0.01104	0.00646	0.00808	0.00587	0.00471	0.00536	0.00121	0.15994	0.00287	0.00198	0.00567
6	0.00687	0.00507	0.00657	0.00734	0.00823	0.00506	0.00581	0.00921	0.07227	0.01303	0.02494	0.30611	0.07909	0.04881	0.00665	0.00203	0.00350	0.38109	0.00416	0.00416
7	0.00698	0.00493	0.00585	0.00609	0.00652	0.00503	0.00413	0.00851	0.07263	0.01083	0.01765	0.12435	0.01959	0.52343	0.01644	0.00344	0.00409	0.15270	0.00333	0.00348
8	0.03284	0.60037	0.04033	0.00833	0.01187	0.13432	0.00783	0.04378	0.01024	0.01182	0.00901	0.00979	0.05438	0.00453	0.00332	0.00107	0.00520	0.00301	0.00225	0.00569
9	0.04962	0.02329	0.09644	0.10343	0.03891	0.03200	0.01805	0.09257	0.07039	0.04676	0.08641	0.07522	0.01309	0.00660	0.01805	0.00147	0.04091	0.03451	0.00328	0.14899
10	0.17363	0.10530	0.05827	0.01031	0.02583	0.22533	0.04955	0.01514	0.06311	0.04916	0.00867	0.02597	0.00723	0.00646	0.04046	0.00165	0.12218	0.00359	0.00264	0.00552
11	0.00894	0.00837	0.01346	0.69428	0.05355	0.01037	0.01203	0.01273	0.07946	0.01230	0.00889	0.01238	0.00676	0.00481	0.00501	0.00153	0.04345	0.00412	0.00225	0.00529
12	0.00782	0.00613	0.00747	0.02038	0.00930	0.00641	0.00614	0.01248	0.21969	0.01521	0.13685	0.15361	0.09066	0.01041	0.00552	0.00176	0.00337	0.27750	0.00438	0.00489
13	0.01153	0.07874	0.44333	0.01290	0.05237	0.16297	0.05054	0.06031	0.05884	0.01460	0.00864	0.00986	0.00648	0.00448	0.00425	0.00135	0.00654	0.00348	0.00234	0.00644
14	0.05604	0.05450	0.03467	0.21822	0.11026	0.19330	0.04308	0.06931	0.03663	0.07381	0.01886	0.01316	0.00829	0.00508	0.00439	0.00139	0.00589	0.04443	0.00283	0.00585
15	0.00552	0.00394	0.00526	0.00631	0.00657	0.00368	0.00421	0.00631	0.00868	0.01157	0.02498	0.83779	0.02997	0.01420	0.00578	0.00184	0.00263	0.01288	0.00421	0.00368
16	0.00825	0.03365	0.01159	0.08927	0.31600	0.00747	0.00867	0.00993	0.00920	0.01257	0.01581	0.36337	0.01737	0.06841	0.00632	0.00178	0.00419	0.00792	0.00308	0.00514
17	0.04285	0.41642	0.12307	0.01026	0.03814	0.22034	0.00942	0.01464	0.01000	0.01173	0.00676	0.00810	0.00583	0.00442	0.00424	0.00118	0.06193	0.00283	0.00208	0.00574
18	0.00553	0.00456	0.00485	0.00485	0.00624	0.00389	0.00361	0.00681	0.01063	0.01313	0.16323	0.08211	0.65237	0.01127	0.00538	0.00153	0.00229	0.00952	0.00433	0.00389
19	0.00649	0.00438	0.00511	0.00520	0.00527	0.00441	0.00304	0.00666	0.00680	0.00912	0.01503	0.09564	0.01728	0.72365	0.07010	0.00436	0.00472	0.00700	0.00285	0.00290
20	0.00905	0.00852	0.01397	0.60126	0.06867	0.01008	0.06319	0.01317	0.10070	0.01285	0.01055	0.01427	0.02437	0.00500	0.00465	0.00152	0.00570	0.02461	0.00244	0.00542
21	0.01158	0.05967	0.05681	0.13760	0.29076	0.12727	0.01102	0.03799	0.11023	0.02534	0.01014	0.02581	0.00835	0.00545	0.01861	0.00148	0.02426	0.01631	0.01506	0.00625
22	0.01121	0.21359	0.07733	0.05379	0.29244	0.09441	0.06805	0.01364	0.01040	0.01347	0.08550	0.01211	0.00996	0.00467	0.00440	0.00128	0.02124	0.00398	0.00241	0.00612
23	0.00550	0.00401	0.00519	0.00613	0.00653	0.00370	0.00413	0.00633	0.00885	0.01164	0.02714	0.75556	0.11080	0.01391	0.00574	0.00181	0.00259	0.01254	0.00421	0.00370
24	0.00787	0.00394	0.00590	0.00590	0.00590	0.00394	0.00394	0.00590	0.00590	0.00787	0.00787	0.01377	0.00787	0.01574	0.01771	0.86816	0.00394	0.00394	0.00197	0.00197
25	0.01036	0.00947	0.01348	0.05901	0.33278	0.02456	0.02656	0.02949	0.13427	0.01544	0.05136	0.03216	0.02241	0.01692	0.00461	0.00129	0.00448	0.00443	0.00297	0.20395
26	0.07905	0.11505	0.38949	0.01252	0.07398	0.15288	0.02769	0.04444	0.02926	0.02419	0.00809	0.00935	0.00616	0.00438	0.00404	0.00133	0.00624	0.00327	0.00230	0.00629
27	0.01803	0.01084	0.01238	0.00956	0.01309	0.01138	0.00787	0.49465	0.05410	0.29967	0.01364	0.01272	0.00920	0.00553	0.00454	0.00138	0.00453	0.00429	0.00491	0.00768

[dist]
# distance from previous block
# <min> <max>
0	1

[block]
# block no. 6 follows, 57 sequences, length 54
# corresponding to MSA columns:
# 345-361,377-391,423-444
name=unknown_G
#
# <colnr> <probs for GDERKNQSTAVLIFYWHMCP>
#	G	D	E	R	K	N	Q	S	T	A	V	L	I	F	Y	W	H	M	C	P
0	0.05567	0.02979	0.12453	0.05981	0.09689	0.11194	0.06346	0.10442	0.13803	0.06343	0.02124	0.01348	0.01658	0.02109	0.03026	0.00164	0.00565	0.02004	0.00317	0.01891
1	0.01203	0.78450	0.04793	0.00799	0.01187	0.03573	0.00802	0.01360	0.00927	0.01078	0.00648	0.00755	0.00591	0.00444	0.01744	0.00110	0.00511	0.00251	0.00196	0.00580
2	0.00551	0.00400	0.00520	0.00617	0.00654	0.00369	0.00415	0.00632	0.00881	0.01162	0.02665	0.77422	0.09246	0.01398	0.00575	0.00182	0.00260	0.01262	0.00421	0.00369
3	0.00940	0.00823	0.01178	0.01002	0.01161	0.03910	0.10911	0.10925	0.00972	0.01362	0.01048	0.01452	0.00921	0.02006	0.42072	0.00447	0.14539	0.00458	0.03376	0.00498
4	0.00698	0.00491	0.00599	0.00580	0.00708	0.00443	0.00433	0.00871	0.02408	0.05558	0.33914	0.14581	0.23282	0.05546	0.00629	0.00168	0.00263	0.04653	0.00445	0.03730
5	0.01037	0.00876	0.00936	0.00842	0.01075	0.00985	0.00654	0.04861	0.60796	0.01864	0.12138	0.02110	0.08467	0.00697	0.00476	0.00152	0.00334	0.00585	0.00462	0.00654
6	0.00656	0.00442	0.00513	0.00518	0.00526	0.00446	0.00304	0.00672	0.00677	0.00907	0.01469	0.05495	0.01681	0.75356	0.06619	0.00442	0.00476	0.02232	0.00280	0.00288
7	0.00600	0.00431	0.00578	0.00676	0.00728	0.00410	0.00498	0.00717	0.00930	0.01230	0.04884	0.58775	0.05401	0.01353	0.00588	0.00188	0.00300	0.20910	0.00422	0.00383
8	0.01634	0.04607	0.22071	0.01013	0.03880	0.00891	0.00970	0.07784	0.03191	0.47162	0.01408	0.01314	0.00925	0.00515	0.00442	0.00139	0.00476	0.00412	0.00429	0.00734
9	0.01645	0.01203	0.01303	0.00997	0.01361	0.01299	0.00821	0.68286	0.03401	0.05099	0.01095	0.01098	0.00783	0.00525	0.00442	0.00130	0.00477	0.00398	0.00439	0.09198
10	0.02033	0.00771	0.01052	0.00806	0.01157	0.00666	0.00666	0.02208	0.01297	0.81562	0.01788	0.01542	0.01122	0.00561	0.00456	0.00140	0.00386	0.00456	0.00561	0.00771
11	0.00632	0.00488	0.00581	0.00561	0.00686	0.00452	0.00419	0.00872	0.05953	0.01598	0.47771	0.08627	0.27673	0.01007	0.00533	0.00149	0.00230	0.00873	0.00468	0.00427
12	0.01115	0.12677	0.35784	0.06154	0.15147	0.10202	0.05159	0.03372	0.01033	0.02559	0.00805	0.00979	0.00621	0.00435	0.00440	0.00135	0.02182	0.00348	0.00216	0.00638
13	0.00620	0.00542	0.05333	0.00723	0.00808	0.00448	0.00575	0.00759	0.00919	0.01225	0.02373	0.58258	0.02753	0.01318	0.00582	0.00188	0.00327	0.21443	0.00406	0.00399
14	0.87276	0.00876	0.00666	0.00596	0.00876	0.01017	0.00491	0.01332	0.00771	0.02033	0.00631	0.00736	0.00491	0.00421	0.00280	0.00140	0.00351	0.00245	0.00280	0.00491
15	0.17285	0.00808	0.00994	0.00777	0.01116	0.00756	0.00642	0.04930	0.01234	0.64400	0.01555	0.01381	0.00996	0.00535	0.00424	0.00140	0.00383	0.00416	0.00507	0.00721
16	0.00856	0.00805	0.01359	0.82986	0.03121	0.01007	0.01258	0.01158	0.00906	0.01158	0.00805	0.01208	0.00604	0.00453	0.00453	0.00151	0.00604	0.00403	0.00201	0.00503
17	0.00626	0.00485	0.00689	0.02839	0.07268	0.00482	0.00542	0.00741	0.00886	0.01198	0.05152	0.59616	0.05399	0.01467	0.08579	0.00230	0.01941	0.01070	0.00381	0.00408
18	0.00940	0.00805	0.00940	0.00671	0.01074	0.00604	0.00537	0.01141	0.00940	0.01477	0.00805	0.00940	0.00671	0.00336	0.00336	0.00067	0.00336	0.00268	0.00268	0.86845
19	0.00563	0.00406	0.00538	0.00630	0.00667	0.00375	0.00423	0.00649	0.00882	0.01184	0.04850	0.79472	0.02984	0.01380	0.00572	0.00180	0.00263	0.01251	0.00420	0.02311
20	0.01100	0.04363	0.01561	0.25301	0.31796	0.13198	0.03997	0.02458	0.01035	0.01314	0.02403	0.03700	0.02208	0.00494	0.00481	0.00140	0.03196	0.00429	0.00235	0.00590
21	0.00940	0.00805	0.00940	0.00671	0.01074	0.00604	0.00537	0.01141	0.00940	0.01477	0.00805	0.00940	0.00671	0.00336	0.00336	0.00067	0.00336	0.00268	0.00268	0.86845
22	0.13871	0.04663	0.05432	0.01334	0.05692	0.12713	0.24814	0.15075	0.05828	0.01738	0.00964	0.01206	0.00763	0.00478	0.00446	0.00141	0.00601	0.03332	0.00293	0.00615
23	0.00995	0.11129	0.51147	0.01353	0.03355	0.04146	0.16143	0.01418	0.00985	0.01378	0.00860	0.03500	0.00673	0.00448	0.00439	0.00140	0.00658	0.00391	0.00208	0.00635
24	0.44239	0.00977	0.05141	0.18830	0.01544	0.01048	0.03557	0.06312	0.00912	0.01744	0.00726	0.00921	0.00563	0.00456	0.00434	0.00143	0.06296	0.00317	0.00261	0.05580
25	0.00888	0.03601	0.72389	0.01212	0.01821	0.01004	0.01536	0.01377	0.00988	0.01466	0.08663	0.01190	0.00937	0.00478	0.00438	0.00143	0.00622	0.00381	0.00221	0.00644
26	0.87276	0.00876	0.00666	0.00596	0.00876	0.01017	0.00491	0.01332	0.00771	0.02033	0.00631	0.00736	0.00491	0.00421	0.00280	0.00140	0.00351	0.00245	0.00280	0.00491
27	0.00720	0.00521	0.00657	0.00618	0.00738	0.00503	0.00463	0.03526	0.06442	0.02936	0.64715	0.10733	0.03807	0.00935	0.00530	0.00147	0.00240	0.00825	0.00488	0.00457
28	0.00616	0.00462	0.00571	0.00544	0.00662	0.00417	0.00408	0.00807	0.01223	0.01677	0.62892	0.03616	0.22481	0.00979	0.00535	0.00145	0.00218	0.00852	0.00480	0.00417
29	0.00597	0.00443	0.00557	0.00573	0.00665	0.00404	0.00417	0.00752	0.01106	0.01497	0.41299	0.27452	0.18473	0.01123	0.00550	0.00158	0.00236	0.02838	0.00459	0.00401
30	0.00920	0.00887	0.01404	0.49774	0.08172	0.01139	0.01179	0.01152	0.00844	0.01159	0.00738	0.01129	0.00609	0.00563	0.00799	0.00166	0.28246	0.00401	0.00202	0.00516
31	0.00554	0.00406	0.00520	0.00604	0.00652	0.00373	0.00410	0.00643	0.00909	0.01195	0.06181	0.69067	0.14105	0.01360	0.00570	0.00178	0.00256	0.01221	0.00424	0.00373
32	0.84179	0.00891	0.00691	0.00612	0.00895	0.01031	0.00504	0.04170	0.00820	0.02063	0.00647	0.00749	0.00501	0.00425	0.00287	0.00140	0.00356	0.00251	0.00287	0.00501
33	0.01723	0.01269	0.01360	0.01043	0.01405	0.01405	0.00861	0.79738	0.02131	0.02856	0.01088	0.01088	0.00771	0.00544	0.00453	0.00136	0.00499	0.00408	0.00453	0.00771
34	0.01296	0.01165	0.04510	0.09576	0.02865	0.09015	0.03926	0.29858	0.12005	0.03506	0.02479	0.01490	0.04698	0.06329	0.02134	0.00174	0.03525	0.00463	0.00359	0.00627
35	0.01423	0.00862	0.03945	0.00886	0.02331	0.00812	0.02499	0.10158	0.13355	0.33674	0.10647	0.02094	0.06213	0.00687	0.00509	0.00150	0.02505	0.06116	0.00474	0.00661
36	0.01067	0.04897	0.10007	0.02266	0.10525	0.00877	0.13553	0.02610	0.02973	0.06878	0.01016	0.01320	0.00833	0.00447	0.00421	0.00116	0.00485	0.05156	0.00281	0.34272
37	0.00648	0.00437	0.00509	0.00517	0.00526	0.00436	0.00303	0.00668	0.00704	0.00945	0.04404	0.10697	0.01856	0.70588	0.04602	0.00413	0.00439	0.00720	0.00296	0.00293
38	0.01723	0.01269	0.01360	0.01043	0.01405	0.01405	0.00861	0.79738	0.02131	0.02856	0.01088	0.01088	0.00771	0.00544	0.00453	0.00136	0.00499	0.00408	0.00453	0.00771
39	0.02374	0.03839	0.09151	0.01281	0.08515	0.08080	0.15356	0.08707	0.05100	0.08645	0.01043	0.02327	0.00833	0.00497	0.00500	0.00133	0.05161	0.03034	0.00300	0.15125
40	0.01019	0.15237	0.32287	0.24425	0.02000	0.01096	0.01230	0.01389	0.02932	0.07414	0.05105	0.01230	0.00864	0.00480	0.00424	0.00139	0.00564	0.01318	0.00248	0.00601
41	0.00560	0.00402	0.00533	0.00635	0.00668	0.00375	0.00432	0.00645	0.00881	0.01168	0.02559	0.77732	0.05454	0.01403	0.00579	0.00184	0.00269	0.04729	0.00420	0.00371
42	0.00991	0.01014	0.01224	0.02915	0.14255	0.17055	0.11746	0.01186	0.02111	0.02677	0.03379	0.21441	0.13501	0.00816	0.00505	0.00152	0.00499	0.03699	0.00324	0.00510
43	0.03829	0.09925	0.42936	0.09048	0.10639	0.03577	0.03530	0.01417	0.02239	0.03204	0.01971	0.01033	0.00673	0.00452	0.00461	0.00140	0.03720	0.00356	0.00219	0.00632
44	0.00556	0.00398	0.00522	0.00620	0.00650	0.00371	0.00412	0.00633	0.00865	0.01149	0.02531	0.77949	0.05685	0.04524	0.00642	0.00193	0.00268	0.01253	0.00415	0.00365
45	0.01048	0.03902	0.16650	0.09362	0.02294	0.04146	0.52998	0.01431	0.01037	0.01397	0.00871	0.01144	0.00652	0.00401	0.00496	0.00148	0.00726	0.00469	0.00219	0.00607
46	0.00999	0.09835	0.57952	0.01457	0.12123	0.01122	0.05625	0.01440	0.00977	0.03206	0.00828	0.00983	0.00612	0.00423	0.00426	0.00138	0.00634	0.00348	0.00206	0.00667
47	0.00912	0.02324	0.80293	0.01303	0.01969	0.01054	0.03089	0.01435	0.00959	0.01435	0.00815	0.00962	0.00576	0.00430	0.00432	0.00144	0.00671	0.00338	0.00192	0.00669
48	0.00619	0.00456	0.00579	0.00562	0.00667	0.00416	0.00416	0.00807	0.01209	0.01676	0.63441	0.11589	0.13871	0.01004	0.00539	0.00148	0.00221	0.00884	0.00481	0.00416
49	0.01014	0.01118	0.09533	0.28421	0.45882	0.01054	0.03813	0.01322	0.00985	0.01371	0.00835	0.01136	0.00666	0.00422	0.00451	0.00141	0.00579	0.00401	0.00214	0.00641
50	0.00940	0.00805	0.00940	0.00671	0.01074	0.00604	0.00537	0.01141	0.00940	0.01477	0.00805	0.00940	0.00671	0.00336	0.00336	0.00067	0.00336	0.00268	0.00268	0.86845
51	0.00596	0.00429	0.00556	0.00638	0.00683	0.00407	0.00434	0.03414	0.00930	0.01240	0.05071	0.75856	0.05321	0.01365	0.00571	0.00180	0.00269	0.01232	0.00424	0.00385
52	0.04095	0.00719	0.03656	0.00877	0.05592	0.03209	0.01893	0.08323	0.03691	0.01272	0.01236	0.06946	0.03493	0.01661	0.21327	0.27657	0.00630	0.03026	0.00276	0.00420
53	0.01064	0.01018	0.01724	0.13261	0.67917	0.01041	0.01334	0.01332	0.01015	0.01428	0.00987	0.01255	0.03729	0.00438	0.00452	0.00137	0.00535	0.00424	0.00229	0.00677

[dist]
# distance from previous block
# <min> <max>
4	7

[block]
# block no. 7 follows, 57 sequences, length 12
# corresponding to MSA columns:
# 454-465
name=unknown_H
#
# <colnr> <probs for GDERKNQSTAVLIFYWHMCP>
#	G	D	E	R	K	N	Q	S	T	A	V	L	I	F	Y	W	H	M	C	P
0	0.06413	0.38488	0.05983	0.00863	0.01207	0.11238	0.00783	0.01613	0.18120	0.01361	0.00937	0.00998	0.00768	0.00510	0.02078	0.00128	0.00503	0.00319	0.00268	0.07422
1	0.00655	0.00454	0.00570	0.00570	0.00596	0.00480	0.00369	0.00708	0.00681	0.00935	0.01359	0.02582	0.01481	0.57979	0.28175	0.00533	0.00690	0.00603	0.00264	0.00317
2	0.01122	0.01077	0.01839	0.02781	0.81248	0.01077	0.01391	0.01391	0.01032	0.01480	0.00852	0.01122	0.00718	0.00404	0.00449	0.00135	0.00538	0.00404	0.00224	0.00718
3	0.00916	0.00892	0.01587	0.62681	0.12655	0.01033	0.11342	0.01224	0.00943	0.01235	0.00825	0.01199	0.00629	0.00438	0.00463	0.00149	0.00616	0.00420	0.00208	0.00544
4	0.01197	0.00933	0.01013	0.00891	0.01148	0.01049	0.00698	0.07519	0.61958	0.08255	0.08675	0.01785	0.01572	0.00633	0.00467	0.00150	0.00358	0.00527	0.00472	0.00700
5	0.01485	0.01151	0.01273	0.01108	0.06640	0.01276	0.00841	0.51255	0.23037	0.02455	0.01386	0.01356	0.03478	0.00573	0.00458	0.00141	0.00455	0.00453	0.00439	0.00740
6	0.00681	0.00547	0.02666	0.03809	0.04480	0.00497	0.00509	0.00873	0.01145	0.01611	0.59085	0.03069	0.03445	0.14682	0.00819	0.00192	0.00292	0.00746	0.00430	0.00424
7	0.01021	0.20480	0.42319	0.01344	0.01893	0.01244	0.22728	0.01422	0.00979	0.01357	0.00800	0.00977	0.00607	0.00408	0.00428	0.00136	0.00654	0.00369	0.00202	0.00634
8	0.00879	0.00812	0.01252	0.50066	0.10502	0.00959	0.01074	0.01252	0.09586	0.01305	0.04968	0.01644	0.08599	0.00571	0.00516	0.00152	0.04578	0.00487	0.00267	0.00533
9	0.00705	0.00541	0.00659	0.03108	0.00788	0.00562	0.00474	0.04449	0.05631	0.01262	0.07572	0.25038	0.17334	0.18453	0.05714	0.01772	0.04322	0.00845	0.00368	0.00404
10	0.00652	0.00437	0.00496	0.00502	0.00504	0.00435	0.00283	0.00657	0.00672	0.00895	0.01493	0.07859	0.01729	0.79070	0.02202	0.00424	0.00429	0.00697	0.00283	0.00280
11	0.00893	0.01108	0.15451	0.51145	0.02538	0.01026	0.04111	0.01209	0.00903	0.01236	0.00790	0.01122	0.00606	0.00471	0.00545	0.00148	0.08745	0.00384	0.00206	0.07364

[dist]
# distance from previous block
# <min> <max>
0	2

[block]
# block no. 8 follows, 57 sequences, length 16
# corresponding to MSA columns:
# 468-483
name=unknown_I
#
# <colnr> <probs for GDERKNQSTAVLIFYWHMCP>
#	G	D	E	R	K	N	Q	S	T	A	V	L	I	F	Y	W	H	M	C	P
0	0.61493	0.07309	0.08810	0.04162	0.01162	0.04092	0.02745	0.01352	0.00831	0.01796	0.00665	0.00798	0.00521	0.00430	0.00342	0.00139	0.02304	0.00273	0.00257	0.00520
1	0.00644	0.00433	0.00499	0.00513	0.00517	0.00429	0.00295	0.00655	0.00688	0.00917	0.01577	0.14232	0.01836	0.72552	0.02065	0.00404	0.00415	0.00747	0.00295	0.00288
2	0.01130	0.01031	0.07562	0.06031	0.16629	0.05174	0.04625	0.04484	0.11902	0.11824	0.04908	0.07663	0.06671	0.00757	0.03998	0.00173	0.03938	0.00544	0.00345	0.00612
3	0.00573	0.00411	0.00534	0.00621	0.00660	0.00385	0.00424	0.00660	0.00885	0.01171	0.04798	0.65887	0.07555	0.07531	0.00706	0.00201	0.00282	0.05935	0.00412	0.00367
4	0.01211	0.84348	0.02374	0.00775	0.01163	0.01793	0.00775	0.01357	0.00921	0.01066	0.00630	0.00727	0.00582	0.00388	0.00291	0.00097	0.00485	0.00242	0.00194	0.00582
5	0.00787	0.00394	0.00590	0.00590	0.00590	0.00394	0.00394	0.00590	0.00590	0.00787	0.00787	0.01377	0.00787	0.01574	0.01771	0.86816	0.00394	0.00394	0.00197	0.00197
6	0.00845	0.00422	0.00422	0.00422	0.00528	0.00422	0.00317	0.01056	0.00950	0.01689	0.01478	0.01689	0.01161	0.00528	0.00317	0.00106	0.00211	0.00422	0.86591	0.00422
7	0.01623	0.00995	0.01126	0.05011	0.01288	0.06047	0.00745	0.28323	0.04372	0.31664	0.01369	0.01439	0.00986	0.06061	0.06659	0.00201	0.00526	0.00444	0.00440	0.00681
8	0.00659	0.00439	0.00494	0.00494	0.00494	0.00439	0.00275	0.00659	0.00659	0.00879	0.01428	0.02965	0.01647	0.84075	0.02306	0.00439	0.00439	0.00659	0.00275	0.00275
9	0.00955	0.01098	0.12297	0.46618	0.21029	0.01061	0.01320	0.03306	0.00963	0.01311	0.00813	0.01139	0.00630	0.00460	0.00506	0.00148	0.05158	0.00394	0.00212	0.00582
10	0.00593	0.00438	0.00562	0.00648	0.00706	0.00416	0.00461	0.00735	0.03786	0.01215	0.02682	0.62796	0.11118	0.01341	0.00575	0.00183	0.00282	0.10652	0.00422	0.00388
11	0.00670	0.00559	0.00650	0.02765	0.00789	0.03965	0.00487	0.00822	0.01035	0.01360	0.27400	0.10539	0.24993	0.04210	0.12502	0.00247	0.03351	0.02853	0.00393	0.00409
12	0.12180	0.07891	0.24868	0.01052	0.04490	0.09862	0.01007	0.10494	0.04155	0.04419	0.01078	0.01190	0.04626	0.00701	0.06090	0.00176	0.02621	0.00375	0.00279	0.02446
13	0.03475	0.14576	0.14077	0.03367	0.03342	0.04390	0.06565	0.04330	0.14660	0.12212	0.05731	0.07769	0.01230	0.00591	0.00441	0.00141	0.00481	0.01658	0.00343	0.00622
14	0.01170	0.17397	0.17219	0.01035	0.03622	0.16204	0.03834	0.06702	0.01114	0.04779	0.03104	0.04072	0.07711	0.00646	0.02600	0.00146	0.01835	0.02467	0.00280	0.04064
15	0.01129	0.04073	0.07385	0.02595	0.03559	0.08480	0.15146	0.12489	0.04590	0.04940	0.03546	0.01643	0.04902	0.01021	0.13059	0.00237	0.05906	0.04415	0.00308	0.00576

[dist]
# distance from previous block
# <min> <max>
6	38

[block]
# block no. 9 follows, 57 sequences, length 9
# corresponding to MSA columns:
# 558-566
name=unknown_J
#
# <colnr> <probs for GDERKNQSTAVLIFYWHMCP>
#	G	D	E	R	K	N	Q	S	T	A	V	L	I	F	Y	W	H	M	C	P
0	0.03518	0.03439	0.10792	0.07459	0.05268	0.06987	0.03267	0.07420	0.03300	0.06435	0.05298	0.15083	0.07341	0.01780	0.00554	0.00150	0.05753	0.00591	0.00327	0.05236
1	0.03542	0.05940	0.15278	0.09659	0.01564	0.07203	0.06422	0.12378	0.02878	0.06629	0.03384	0.06380	0.00964	0.01688	0.02550	0.00154	0.02926	0.00444	0.00301	0.09716
2	0.04610	0.03448	0.14605	0.07268	0.05435	0.03770	0.05004	0.05540	0.05148	0.02669	0.08192	0.12320	0.06136	0.05000	0.02726	0.02443	0.02280	0.02565	0.00316	0.00525
3	0.06531	0.07040	0.07252	0.12367	0.03620	0.03040	0.03257	0.05343	0.00953	0.05904	0.01134	0.09902	0.01083	0.10633	0.00801	0.00184	0.11475	0.03351	0.00284	0.05846
4	0.12998	0.05907	0.04298	0.07906	0.01328	0.02871	0.05475	0.10295	0.07876	0.09793	0.02254	0.04770	0.02514	0.04647	0.03592	0.02360	0.05423	0.00451	0.00327	0.04915
5	0.05781	0.08249	0.20747	0.09353	0.03191	0.12762	0.05322	0.02746	0.03209	0.07270	0.01948	0.03482	0.03269	0.02149	0.00481	0.00140	0.02382	0.00404	0.00269	0.06847
6	0.04382	0.29795	0.08351	0.00920	0.03217	0.04369	0.02995	0.11759	0.02826	0.03927	0.03394	0.03230	0.00856	0.00657	0.00615	0.13091	0.02483	0.00372	0.00270	0.02491
7	0.04162	0.00805	0.01216	0.29280	0.08647	0.00883	0.05388	0.03715	0.03367	0.08792	0.10755	0.03249	0.08312	0.00616	0.00537	0.00148	0.06040	0.00523	0.00317	0.03246
8	0.00854	0.00456	0.00646	0.00623	0.00649	0.00466	0.00427	0.06277	0.00701	0.00936	0.00809	0.01357	0.00786	0.01500	0.01676	0.80588	0.00401	0.00395	0.00215	0.00238

[dist]
# distance from previous block
# <min> <max>
1	2

[block]
# block no. 10 follows, 57 sequences, length 25
# corresponding to MSA columns:
# 569-593
name=unknown_K
#
# <colnr> <probs for GDERKNQSTAVLIFYWHMCP>
#	G	D	E	R	K	N	Q	S	T	A	V	L	I	F	Y	W	H	M	C	P
0	0.11136	0.00844	0.01136	0.23395	0.01690	0.00888	0.03413	0.11459	0.02272	0.26071	0.02815	0.06766	0.01018	0.00562	0.00441	0.00143	0.00454	0.00468	0.00380	0.04650
1	0.00947	0.02354	0.00879	0.00685	0.00966	0.00649	0.00539	0.08316	0.02231	0.04309	0.10029	0.06281	0.06422	0.06831	0.00561	0.00133	0.00344	0.04566	0.00348	0.42610
2	0.01336	0.03913	0.07119	0.06490	0.05979	0.07052	0.00882	0.20153	0.17041	0.12302	0.01414	0.03624	0.03757	0.00681	0.03094	0.00162	0.01869	0.02090	0.00381	0.00660
3	0.00971	0.00916	0.01521	0.35195	0.41249	0.00996	0.01247	0.01264	0.02655	0.01340	0.01106	0.01449	0.05375	0.00491	0.00460	0.00144	0.00541	0.02241	0.00236	0.00604
