[name]
unknown

[dist]
# distance from previous block
# <min> <max>
8	72

[block]
# block no. 0 follows, 63 sequences, length 62
# corresponding to MSA columns:
# 81-142
name=unknown_A
#
# <colnr> <probs for GDERKNQSTAVLIFYWHMCP>
#	G	D	E	R	K	N	Q	S	T	A	V	L	I	F	Y	W	H	M	C	P
0	0.01129	0.00940	0.02676	0.09015	0.05164	0.09228	0.00727	0.19766	0.13148	0.07477	0.04525	0.08170	0.03352	0.03521	0.05877	0.00177	0.00477	0.00491	0.03586	0.00555
1	0.04770	0.00789	0.03158	0.00832	0.05525	0.01967	0.00629	0.14192	0.14649	0.08405	0.13453	0.05720	0.05126	0.02811	0.08359	0.00189	0.00424	0.01729	0.01999	0.05277
2	0.01220	0.00952	0.03361	0.01769	0.03157	0.08664	0.02840	0.21952	0.07865	0.14052	0.07423	0.07873	0.03911	0.04108	0.02431	0.00152	0.00432	0.00496	0.02161	0.05180
3	0.04792	0.02526	0.02923	0.00956	0.06087	0.14285	0.04172	0.10753	0.18172	0.10363	0.06344	0.01432	0.05246	0.00566	0.01681	0.00133	0.00445	0.00426	0.03864	0.04834
4	0.01217	0.04122	0.05385	0.02650	0.07952	0.05696	0.08993	0.10637	0.08101	0.20430	0.06646	0.05501	0.05773	0.02222	0.00465	0.00136	0.00434	0.00489	0.01626	0.01526
5	0.01190	0.02869	0.02863	0.06865	0.06186	0.09136	0.06166	0.05514	0.05511	0.19890	0.05330	0.06255	0.02032	0.03303	0.00487	0.00131	0.01907	0.00447	0.00334	0.13582
6	0.04914	0.04672	0.05619	0.02656	0.25325	0.05659	0.05878	0.06029	0.05098	0.07586	0.07003	0.03090	0.04516	0.00486	0.00407	0.00121	0.00444	0.00423	0.00290	0.09785
7	0.02847	0.00898	0.02350	0.03995	0.09832	0.05422	0.04152	0.15700	0.06757	0.13143	0.04638	0.06334	0.05067	0.03342	0.01702	0.00145	0.01861	0.02316	0.00346	0.09153
8	0.02806	0.06772	0.03671	0.03536	0.12727	0.06559	0.08905	0.15166	0.01965	0.06517	0.03632	0.09691	0.02006	0.00531	0.00422	0.00123	0.01439	0.00458	0.02494	0.10582
9	0.08825	0.03968	0.04456	0.01072	0.10257	0.19819	0.02374	0.10402	0.11780	0.13935	0.05837	0.01174	0.00947	0.00479	0.00395	0.00123	0.00480	0.00373	0.00328	0.02976
10	0.04696	0.10148	0.16133	0.02279	0.05390	0.02749	0.04474	0.12488	0.13395	0.05707	0.09166	0.01329	0.02596	0.00542	0.01469	0.00135	0.02982	0.00409	0.01839	0.02072
11	0.00544	0.00424	0.00513	0.00569	0.03282	0.00381	0.00387	0.00659	0.00940	0.01221	0.17465	0.30799	0.36243	0.02806	0.00538	0.00154	0.00234	0.00938	0.01535	0.00367
12	0.01004	0.07361	0.27046	0.05340	0.06949	0.05472	0.04071	0.10357	0.11157	0.02467	0.09751	0.01353	0.03872	0.00507	0.00426	0.00130	0.01455	0.00415	0.00284	0.00583
13	0.00539	0.00415	0.00494	0.00524	0.00612	0.00377	0.00374	0.00681	0.03135	0.01245	0.20168	0.36503	0.31189	0.01109	0.00511	0.00152	0.00226	0.00973	0.00407	0.00367
14	0.01900	0.04797	0.00974	0.04992	0.05024	0.27606	0.00672	0.06392	0.01008	0.01174	0.01354	0.31000	0.02579	0.01759	0.04089	0.00164	0.03136	0.00639	0.00291	0.00450
15	0.47782	0.14112	0.04119	0.02828	0.01053	0.13360	0.02094	0.02771	0.00847	0.01531	0.00674	0.03498	0.00574	0.00435	0.00337	0.00124	0.02855	0.00284	0.00241	0.00483
16	0.01008	0.02843	0.02449	0.10660	0.23467	0.06420	0.19621	0.03933	0.06168	0.02596	0.03585	0.03042	0.02259	0.03499	0.00550	0.00144	0.05150	0.00446	0.01604	0.00557
17	0.01082	0.06144	0.08349	0.01440	0.24746	0.03208	0.08520	0.10957	0.12123	0.05320	0.02443	0.03687	0.03676	0.01813	0.03120	0.00152	0.01883	0.00438	0.00291	0.00606
18	0.00606	0.00445	0.00626	0.00626	0.00680	0.00503	0.00461	0.00715	0.00663	0.00940	0.01204	0.04644	0.01217	0.23315	0.59327	0.00584	0.02344	0.00513	0.00237	0.00346
19	0.00992	0.01954	0.15042	0.02812	0.03418	0.02492	0.05883	0.05592	0.10745	0.08118	0.09619	0.03856	0.02536	0.00508	0.00433	0.00118	0.02832	0.00426	0.00311	0.22313
20	0.03362	0.00927	0.05410	0.17419	0.06252	0.01930	0.05154	0.09409	0.25970	0.03833	0.04675	0.01472	0.05711	0.00521	0.00421	0.00133	0.00426	0.00445	0.01814	0.04718
21	0.01124	0.85479	0.02203	0.00719	0.01079	0.01663	0.00719	0.01259	0.00854	0.00989	0.00584	0.00674	0.00539	0.00360	0.00270	0.00090	0.00450	0.00225	0.00180	0.00539
22	0.02322	0.29807	0.23321	0.01007	0.04579	0.09765	0.00981	0.16509	0.02697	0.04203	0.00783	0.00861	0.00606	0.00416	0.00358	0.00114	0.00525	0.00299	0.00247	0.00601
23	0.00673	0.00397	0.00570	0.00570	0.00592	0.00419	0.00394	0.00618	0.00596	0.00816	0.00944	0.01631	0.00956	0.15859	0.25655	0.47827	0.00594	0.00431	0.00207	0.00251
24	0.01081	0.00915	0.00966	0.00857	0.01098	0.01054	0.00668	0.08369	0.74133	0.01811	0.01649	0.01546	0.01243	0.02105	0.00458	0.00146	0.00344	0.00470	0.00424	0.00662
25	0.01570	0.02004	0.01191	0.01083	0.01300	0.83539	0.00812	0.01679	0.01191	0.01029	0.00650	0.00758	0.00541	0.00433	0.00379	0.00108	0.00758	0.00271	0.00217	0.00487
26	0.00553	0.00419	0.00509	0.00505	0.00607	0.00376	0.00372	0.00705	0.01063	0.01429	0.46878	0.15168	0.27907	0.00988	0.00502	0.00141	0.00209	0.00862	0.00430	0.00376
27	0.03035	0.00983	0.00991	0.00870	0.01121	0.04849	0.00682	0.11714	0.65701	0.01831	0.01541	0.01436	0.01154	0.00549	0.00420	0.00138	0.00367	0.00446	0.00411	0.01763
28	0.00950	0.05728	0.07372	0.00785	0.02719	0.00735	0.04105	0.06783	0.00960	0.02347	0.00797	0.02197	0.00657	0.00356	0.00338	0.00081	0.00374	0.00291	0.00255	0.62171
29	0.03706	0.01097	0.01572	0.10891	0.60323	0.11499	0.02279	0.01316	0.00968	0.01313	0.00763	0.01003	0.00632	0.00387	0.00408	0.00125	0.00536	0.00358	0.00209	0.00615
30	0.00503	0.00426	0.00434	0.00432	0.00571	0.00357	0.00324	0.00614	0.00972	0.01168	0.08801	0.03993	0.77871	0.01053	0.00497	0.00141	0.00212	0.00880	0.00395	0.00357
31	0.00648	0.00449	0.00560	0.00615	0.03332	0.00411	0.00422	0.02296	0.00921	0.06472	0.06015	0.42686	0.26758	0.02937	0.00541	0.00160	0.00258	0.02332	0.01797	0.00390
32	0.01494	0.01130	0.03555	0.01005	0.03735	0.01197	0.02364	0.62383	0.07404	0.06829	0.01084	0.01092	0.00776	0.00556	0.02183	0.00139	0.00469	0.00390	0.01523	0.00693
33	0.00790	0.00685	0.01044	0.01184	0.18754	0.00794	0.02032	0.00932	0.00743	0.02106	0.01008	0.06116	0.00988	0.09917	0.31145	0.00370	0.20239	0.00473	0.00228	0.00452
34	0.00533	0.00396	0.00500	0.00559	0.00623	0.00360	0.00392	0.00633	0.00883	0.01166	0.11488	0.56403	0.17112	0.01195	0.00522	0.00160	0.00241	0.04387	0.00395	0.02052
35	0.62245	0.08619	0.04249	0.00680	0.00960	0.12423	0.00584	0.03711	0.00839	0.01688	0.00614	0.00711	0.00486	0.00397	0.00288	0.00123	0.00412	0.00241	0.00248	0.00482
36	0.00920	0.00817	0.01354	0.41083	0.27831	0.00906	0.03469	0.02543	0.00923	0.04667	0.01990	0.03338	0.03366	0.00476	0.00449	0.00137	0.02284	0.01652	0.01258	0.00538
37	0.01473	0.03136	0.01274	0.03599	0.07804	0.68519	0.02106	0.02864	0.01152	0.01087	0.00669	0.00804	0.00556	0.00435	0.00411	0.00113	0.02986	0.00289	0.00217	0.00506
38	0.00603	0.00497	0.00638	0.00803	0.09771	0.03075	0.00495	0.00701	0.00854	0.01113	0.02350	0.62231	0.12980	0.01150	0.00513	0.00160	0.00285	0.01033	0.00364	0.00384
39	0.00880	0.00862	0.01212	0.01051	0.01060	0.01193	0.00871	0.00979	0.00648	0.01007	0.00623	0.01010	0.00614	0.01035	0.11553	0.00245	0.74141	0.00378	0.00189	0.00449
40	0.00753	0.00703	0.00784	0.00760	0.02107	0.10982	0.06162	0.02621	0.05902	0.01262	0.13733	0.38855	0.11785	0.00964	0.00492	0.00148	0.00345	0.00856	0.00366	0.00418
41	0.01000	0.01027	0.03443	0.05806	0.18405	0.01007	0.37668	0.05360	0.13329	0.01462	0.02632	0.04005	0.00898	0.00455	0.00462	0.00139	0.00558	0.01486	0.00266	0.00593
42	0.00975	0.03088	0.14212	0.08041	0.30162	0.00943	0.12363	0.03019	0.03236	0.02386	0.00835	0.01038	0.00658	0.00390	0.00421	0.00121	0.02037	0.00365	0.03013	0.12698
43	0.11074	0.12177	0.01107	0.00898	0.05230	0.17674	0.00683	0.02822	0.00844	0.01147	0.00815	0.01142	0.00744	0.04953	0.26511	0.00309	0.10843	0.00350	0.00221	0.00456
44	0.00977	0.01016	0.01279	0.01102	0.01121	0.08579	0.00910	0.01071	0.00692	0.01013	0.00561	0.00905	0.00551	0.00709	0.01291	0.00177	0.77037	0.00359	0.00187	0.00462
45	0.00872	0.00747	0.00872	0.00623	0.00996	0.00560	0.00498	0.01058	0.00872	0.01370	0.00747	0.00872	0.00623	0.00311	0.00311	0.00062	0.00311	0.00249	0.00249	0.87796
46	0.00512	0.00368	0.00486	0.00580	0.00608	0.00342	0.00388	0.00586	0.00810	0.01075	0.02386	0.82079	0.05609	0.01308	0.00535	0.00170	0.00243	0.01184	0.00390	0.00342
47	0.01426	0.01082	0.01100	0.00876	0.01156	0.06711	0.00712	0.59992	0.01697	0.02296	0.01044	0.01106	0.00773	0.00633	0.04657	0.00149	0.00478	0.00377	0.13099	0.00635
48	0.00671	0.00579	0.00692	0.00682	0.00750	0.02917	0.00513	0.02930	0.02325	0.01125	0.02304	0.35155	0.22239	0.04515	0.00759	0.00173	0.17763	0.03182	0.00338	0.00387
49	0.00554	0.00420	0.00508	0.00517	0.00614	0.00379	0.00382	0.00693	0.01015	0.01345	0.35367	0.17902	0.29335	0.03721	0.00561	0.00155	0.00229	0.05523	0.00415	0.00368
50	0.00849	0.00808	0.01378	0.65490	0.19572	0.00950	0.02775	0.01125	0.00868	0.01142	0.00758	0.01104	0.00584	0.00409	0.00421	0.00137	0.00551	0.00376	0.00192	0.00511
51	0.00995	0.02471	0.12285	0.01742	0.09397	0.01048	0.61578	0.01350	0.00978	0.02688	0.00843	0.01093	0.00633	0.00365	0.00472	0.00138	0.00669	0.00457	0.00212	0.00585
52	0.00840	0.00785	0.01327	0.61780	0.17662	0.00917	0.03320	0.01110	0.00870	0.01159	0.00845	0.01176	0.02037	0.00424	0.00418	0.00136	0.00532	0.00387	0.03774	0.00502
53	0.00501	0.00424	0.00434	0.00435	0.00572	0.00356	0.00325	0.00611	0.00963	0.01157	0.07510	0.06592	0.76560	0.01064	0.00498	0.00142	0.00213	0.00892	0.00393	0.00356
54	0.00667	0.00508	0.02252	0.00621	0.03153	0.00454	0.00463	0.00894	0.04108	0.04586	0.59819	0.05726	0.11588	0.00856	0.00490	0.00136	0.00234	0.02582	0.00439	0.00425
55	0.03175	0.11606	0.02827	0.01228	0.10222	0.52752	0.05039	0.03931	0.01109	0.01150	0.00677	0.00811	0.00563	0.00423	0.00403	0.00113	0.02936	0.00294	0.00217	0.00525
56	0.00615	0.00463	0.00666	0.00660	0.00719	0.00538	0.00499	0.00738	0.00667	0.00955	0.01154	0.03405	0.01135	0.15591	0.65778	0.00603	0.04738	0.00486	0.00231	0.00360
57	0.00605	0.00409	0.00465	0.00469	0.00479	0.00405	0.00273	0.00619	0.00649	0.00861	0.03077	0.05077	0.04905	0.76122	0.01965	0.00380	0.00391	0.02311	0.00271	0.00267
58	0.03149	0.00507	0.00782	0.00739	0.00836	0.00582	0.04753	0.00802	0.00693	0.01022	0.01083	0.01581	0.01001	0.02874	0.75017	0.00621	0.02899	0.00445	0.00225	0.00390
59	0.10814	0.05365	0.03781	0.03939	0.35780	0.02164	0.04926	0.14017	0.05642	0.03365	0.02807	0.01188	0.00813	0.00450	0.00403	0.00129	0.00467	0.03059	0.00276	0.00615
60	0.02892	0.01083	0.04230	0.11596	0.07656	0.10724	0.11139	0.14372	0.07295	0.15282	0.01097	0.01208	0.02360	0.01946	0.00493	0.00137	0.04104	0.00403	0.01391	0.00592
61	0.00609	0.00434	0.00576	0.02012	0.00640	0.00473	0.00400	0.00686	0.00646	0.00896	0.01220	0.02199	0.01284	0.44637	0.40920	0.00531	0.00753	0.00531	0.00239	0.00316

[dist]
# distance from previous block
# <min> <max>
2	4

[block]
# block no. 1 follows, 63 sequences, length 99
# corresponding to MSA columns:
# 147-245
name=unknown_B
#
# <colnr> <probs for GDERKNQSTAVLIFYWHMCP>
#	G	D	E	R	K	N	Q	S	T	A	V	L	I	F	Y	W	H	M	C	P
0	0.79360	0.00857	0.02126	0.02170	0.02136	0.01949	0.00513	0.01278	0.03784	0.01838	0.00638	0.00734	0.00494	0.00398	0.00276	0.00130	0.00343	0.00244	0.00262	0.00470
1	0.01472	0.01772	0.01180	0.01098	0.03992	0.65140	0.00809	0.04787	0.12251	0.01202	0.00812	0.00890	0.00654	0.00457	0.00403	0.00115	0.01878	0.00308	0.00253	0.00526
2	0.00912	0.00802	0.03970	0.00653	0.01028	0.00588	0.00545	0.02560	0.00909	0.04060	0.02326	0.00936	0.00698	0.00335	0.00324	0.00070	0.00325	0.00269	0.00262	0.78428
3	0.00701	0.00553	0.01835	0.00673	0.03812	0.00521	0.00488	0.04944	0.09113	0.03754	0.15065	0.26119	0.25543	0.00979	0.00494	0.00149	0.00272	0.04149	0.00401	0.00434
4	0.00608	0.00406	0.00460	0.00463	0.00464	0.00405	0.00260	0.00610	0.00619	0.00825	0.01362	0.05845	0.01575	0.82068	0.02079	0.00399	0.00401	0.00633	0.00260	0.00258
5	0.01577	0.01132	0.01219	0.00938	0.01265	0.01246	0.00774	0.75500	0.01909	0.05329	0.01045	0.01045	0.00740	0.00505	0.00416	0.00125	0.00449	0.00380	0.03704	0.00703
6	0.00584	0.00431	0.00544	0.00527	0.00629	0.00395	0.00398	0.00760	0.01118	0.01540	0.61705	0.04892	0.16043	0.03088	0.00544	0.00145	0.00218	0.05616	0.00440	0.00385
7	0.00653	0.00519	0.00744	0.00717	0.00771	0.00630	0.00555	0.00777	0.00671	0.00977	0.01094	0.04360	0.01074	0.10755	0.58410	0.00545	0.14542	0.00476	0.01354	0.00376
8	0.01117	0.74599	0.09353	0.00777	0.01154	0.05005	0.00797	0.01283	0.00871	0.01021	0.00602	0.00697	0.00539	0.00366	0.00286	0.00095	0.00478	0.00234	0.00181	0.00545
9	0.01381	0.10560	0.01387	0.05522	0.09000	0.49610	0.04217	0.06774	0.01150	0.02342	0.00767	0.00986	0.00647	0.00449	0.00389	0.00116	0.00650	0.03292	0.00234	0.00526
10	0.00533	0.00415	0.00552	0.00596	0.00668	0.00378	0.03293	0.00631	0.00859	0.01108	0.02762	0.57216	0.23298	0.01210	0.00527	0.00163	0.00259	0.04793	0.00384	0.00355
11	0.01361	0.03047	0.02717	0.03062	0.02486	0.22811	0.01778	0.35233	0.01410	0.01790	0.00871	0.00977	0.00673	0.00540	0.02580	0.00132	0.05110	0.00339	0.06013	0.07069
12	0.00872	0.00747	0.00872	0.00623	0.00996	0.00560	0.00498	0.01058	0.00872	0.01370	0.00747	0.00872	0.00623	0.00311	0.00311	0.00062	0.00311	0.00249	0.00249	0.87796
13	0.00586	0.00436	0.00515	0.00494	0.00618	0.00386	0.00374	0.00743	0.01083	0.03520	0.43912	0.03532	0.38706	0.00948	0.00496	0.00138	0.00213	0.02483	0.00430	0.00386
14	0.00595	0.00430	0.00562	0.00529	0.00628	0.00397	0.00397	0.00793	0.01190	0.01686	0.82382	0.03140	0.03966	0.00859	0.00496	0.00132	0.00198	0.00760	0.00463	0.00397
15	0.01231	0.00995	0.01055	0.00893	0.01164	0.01132	0.00710	0.28678	0.55099	0.02057	0.01476	0.01381	0.01093	0.00548	0.00425	0.00137	0.00376	0.00443	0.00425	0.00682
16	0.00734	0.00589	0.00710	0.00647	0.00798	0.00606	0.02117	0.01232	0.25838	0.01662	0.50494	0.02683	0.08657	0.00775	0.00475	0.00136	0.00251	0.00677	0.00442	0.00479
17	0.01122	0.04813	0.21045	0.01344	0.15270	0.05192	0.12081	0.05175	0.06149	0.12806	0.00987	0.01122	0.00742	0.00662	0.07447	0.00177	0.02604	0.00384	0.00269	0.00607
18	0.01000	0.01180	0.05977	0.01728	0.02160	0.01065	0.75756	0.03179	0.01010	0.01376	0.00850	0.01120	0.00635	0.00360	0.00490	0.00141	0.00699	0.00485	0.00216	0.00573
19	0.01547	0.01967	0.01217	0.01096	0.01312	0.80476	0.02280	0.01660	0.01177	0.01034	0.00652	0.00768	0.00543	0.00437	0.00400	0.00110	0.02340	0.00277	0.00216	0.00488
20	0.00611	0.00409	0.00464	0.00464	0.00466	0.00411	0.00262	0.00615	0.00613	0.00819	0.01319	0.02721	0.01515	0.82991	0.04357	0.00415	0.00427	0.00607	0.00254	0.00258
21	0.01111	0.81552	0.06014	0.00742	0.01114	0.01631	0.00759	0.01262	0.00856	0.01005	0.00592	0.00684	0.00539	0.00362	0.00276	0.00092	0.00458	0.00229	0.00180	0.00543
22	0.01513	0.11269	0.01366	0.00961	0.01277	0.14551	0.01734	0.56587	0.01683	0.02147	0.00901	0.00942	0.00671	0.00521	0.01876	0.00129	0.00523	0.00346	0.00353	0.00650
23	0.00512	0.00366	0.00488	0.00585	0.00610	0.00341	0.00390	0.00585	0.00805	0.01073	0.02317	0.84952	0.02780	0.01317	0.00537	0.00171	0.00244	0.01195	0.00390	0.00341
24	0.00516	0.00368	0.00490	0.00586	0.00611	0.00344	0.00392	0.00590	0.00804	0.01072	0.02301	0.82614	0.02757	0.02572	0.00561	0.00175	0.00248	0.02271	0.00388	0.00341
25	0.00543	0.00440	0.00480	0.00468	0.00596	0.00388	0.00349	0.00703	0.03262	0.01299	0.26210	0.03681	0.55509	0.03551	0.00545	0.00147	0.00218	0.00831	0.00408	0.00372
26	0.00917	0.00783	0.02370	0.00645	0.01021	0.00589	0.00528	0.03151	0.00909	0.03623	0.00779	0.00891	0.00635	0.00324	0.00319	0.00067	0.00322	0.00258	0.00260	0.81610
27	0.02184	0.01067	0.12340	0.03350	0.36131	0.01884	0.03089	0.04080	0.03746	0.09211	0.03189	0.04249	0.00863	0.00444	0.00407	0.00121	0.00459	0.00398	0.00268	0.12519
28	0.03004	0.70138	0.01997	0.00765	0.01099	0.11870	0.00723	0.02746	0.00910	0.01043	0.00610	0.00709	0.00551	0.00424	0.01846	0.00105	0.00498	0.00238	0.00191	0.00531
29	0.00920	0.00920	0.01288	0.01104	0.01104	0.01288	0.00920	0.01012	0.00644	0.01012	0.00552	0.00920	0.00552	0.00736	0.01380	0.00184	0.84457	0.00368	0.00184	0.00460
30	0.00784	0.00656	0.00800	0.00612	0.00903	0.00517	0.01973	0.00972	0.00959	0.01439	0.22035	0.02593	0.04594	0.00494	0.00372	0.00086	0.00285	0.00421	0.00311	0.59193
31	0.01598	0.01177	0.01262	0.00967	0.01304	0.01304	0.00799	0.81202	0.01976	0.02649	0.01009	0.01009	0.00715	0.00505	0.00421	0.00126	0.00463	0.00378	0.00421	0.00715
32	0.00794	0.00747	0.01261	0.84216	0.02895	0.00934	0.01167	0.01074	0.00841	0.01074	0.00747	0.01121	0.00560	0.00420	0.00420	0.00140	0.00560	0.00374	0.00187	0.00467
33	0.01264	0.03385	0.01312	0.10276	0.14630	0.09044	0.08149	0.17531	0.03532	0.14617	0.01111	0.06473	0.00882	0.00505	0.00419	0.00128	0.00481	0.00436	0.05230	0.00596
34	0.01027	0.00985	0.01682	0.07070	0.78220	0.00995	0.01283	0.01278	0.00951	0.01357	0.00788	0.01045	0.00660	0.00377	0.00416	0.00126	0.00503	0.00375	0.00207	0.00655
35	0.01491	0.01179	0.01188	0.00949	0.01253	0.07887	0.00769	0.59546	0.14641	0.03443	0.01126	0.02672	0.00835	0.00525	0.00421	0.00128	0.00460	0.00401	0.00406	0.00682
36	0.01120	0.83094	0.02211	0.00749	0.01111	0.01646	0.02992	0.01261	0.00858	0.00999	0.00592	0.00687	0.00542	0.00359	0.00276	0.00091	0.00457	0.00232	0.00181	0.00540
37	0.00840	0.00446	0.00452	0.00431	0.00546	0.00455	0.00329	0.06510	0.00957	0.01642	0.01346	0.01529	0.01052	0.00491	0.00303	0.00100	0.00214	0.00391	0.81552	0.00414
38	0.00601	0.00449	0.00671	0.00671	0.00744	0.00523	0.00520	0.00748	0.00674	0.00972	0.01130	0.01675	0.01061	0.04893	0.81834	0.00670	0.01111	0.00454	0.00226	0.00373
39	0.00601	0.00448	0.00662	0.00662	0.00733	0.00518	0.00509	0.00742	0.00672	0.00966	0.01138	0.01719	0.01080	0.08188	0.78565	0.00659	0.01082	0.00460	0.00227	0.00368
40	0.00534	0.00418	0.00477	0.00481	0.00586	0.00368	0.00349	0.00659	0.00990	0.01277	0.27437	0.15032	0.43582	0.05202	0.00583	0.00156	0.00222	0.00878	0.00405	0.00361
41	0.01570	0.02004	0.01191	0.01083	0.01300	0.83539	0.00812	0.01679	0.01191	0.01029	0.00650	0.00758	0.00541	0.00433	0.00379	0.00108	0.00758	0.00271	0.00217	0.00487
42	0.01026	0.01072	0.05494	0.21376	0.26586	0.04701	0.19215	0.08353	0.01023	0.01384	0.00808	0.01064	0.00631	0.00411	0.00464	0.00134	0.03431	0.00395	0.01857	0.00579
43	0.03524	0.35985	0.12130	0.02188	0.06691	0.17821	0.04343	0.04721	0.03494	0.01201	0.00698	0.00820	0.00581	0.00409	0.00384	0.00112	0.03845	0.00288	0.00210	0.00554
44	0.00837	0.00756	0.00915	0.00833	0.00976	0.06128	0.04850	0.01278	0.23723	0.01252	0.02445	0.03363	0.05033	0.04285	0.28965	0.00338	0.08414	0.04830	0.00301	0.00478
45	0.00541	0.00388	0.00520	0.00614	0.00653	0.00367	0.00438	0.00638	0.00842	0.01118	0.04007	0.68641	0.03847	0.01278	0.00543	0.00173	0.00267	0.14384	0.00391	0.00350
46	0.00512	0.00366	0.00488	0.00585	0.00610	0.00341	0.00390	0.00585	0.00805	0.01073	0.02317	0.84952	0.02780	0.01317	0.00537	0.00171	0.00244	0.01195	0.00390	0.00341
47	0.00794	0.00747	0.01261	0.84216	0.02895	0.00934	0.01167	0.01074	0.00841	0.01074	0.00747	0.01121	0.00560	0.00420	0.00420	0.00140	0.00560	0.00374	0.00187	0.00467
48	0.06145	0.00752	0.00977	0.00753	0.01076	0.00681	0.00622	0.07438	0.01232	0.73374	0.01561	0.01365	0.00989	0.00513	0.00415	0.00130	0.00363	0.00410	0.00501	0.00702
49	0.00920	0.00920	0.01288	0.01104	0.01104	0.01288	0.00920	0.01012	0.00644	0.01012	0.00552	0.00920	0.00552	0.00736	0.01380	0.00184	0.84457	0.00368	0.00184	0.00460
50	0.00919	0.00747	0.00837	0.00806	0.00993	0.00839	0.00650	0.01749	0.52715	0.01594	0.01852	0.02546	0.01623	0.00748	0.00468	0.00156	0.00342	0.24900	0.04951	0.00565
51	0.01046	0.00903	0.00951	0.00855	0.01093	0.01046	0.00665	0.02234	0.81845	0.01759	0.01711	0.01568	0.01283	0.00570	0.00428	0.00143	0.00333	0.00475	0.00428	0.00665
52	0.01850	0.00707	0.00964	0.00742	0.01061	0.00612	0.00612	0.02013	0.01203	0.80599	0.03941	0.01479	0.01123	0.00530	0.00425	0.00130	0.00353	0.00432	0.00519	0.00706
53	0.00920	0.00920	0.01288	0.01104	0.01104	0.01288	0.00920	0.01012	0.00644	0.01012	0.00552	0.00920	0.00552	0.00736	0.01380	0.00184	0.84457	0.00368	0.00184	0.00460
54	0.00995	0.02852	0.02475	0.01750	0.02174	0.01075	0.79440	0.01345	0.00989	0.01339	0.00845	0.01125	0.00636	0.00354	0.00491	0.00141	0.00703	0.00491	0.00212	0.00566
55	0.01420	0.00873	0.01001	0.00805	0.01072	0.02087	0.00649	0.34391	0.06966	0.25049	0.12443	0.03017	0.01360	0.02607	0.03186	0.00154	0.00406	0.00471	0.01411	0.00633
56	0.00897	0.17035	0.66897	0.01142	0.03381	0.01100	0.01399	0.01317	0.00883	0.01271	0.00725	0.00853	0.00537	0.00392	0.00377	0.00125	0.00588	0.00297	0.00179	0.00608
57	0.00519	0.00372	0.00490	0.00582	0.00610	0.00348	0.00391	0.00594	0.00807	0.01071	0.02335	0.78002	0.04900	0.04046	0.00589	0.00178	0.00252	0.03188	0.00386	0.00340
58	0.00506	0.00416	0.00446	0.00468	0.00586	0.00356	0.00344	0.00608	0.00929	0.01128	0.03821	0.19612	0.64584	0.01116	0.00507	0.00149	0.00224	0.03456	0.00390	0.00353
59	0.02894	0.00987	0.01389	0.14142	0.20073	0.01056	0.07261	0.31407	0.03624	0.08632	0.01016	0.03843	0.00780	0.00478	0.00427	0.00132	0.00483	0.00417	0.00324	0.00636
60	0.04157	0.00764	0.00938	0.00876	0.04103	0.00788	0.00706	0.25276	0.01305	0.17349	0.01616	0.02613	0.01470	0.00765	0.00477	0.00153	0.00400	0.32620	0.03061	0.00561
61	0.88196	0.00813	0.00618	0.00553	0.00813	0.00943	0.00455	0.01236	0.00715	0.01886	0.00585	0.00683	0.00455	0.00390	0.00260	0.00130	0.00325	0.00228	0.00260	0.00455
62	0.00515	0.00367	0.00487	0.00581	0.00605	0.00344	0.00386	0.00586	0.00799	0.01065	0.02285	0.82268	0.02739	0.04057	0.00589	0.00178	0.00249	0.01176	0.00386	0.00339
63	0.01334	0.42336	0.01700	0.00963	0.04253	0.40835	0.00785	0.01461	0.01019	0.01023	0.00623	0.00728	0.00545	0.00395	0.00328	0.00100	0.00599	0.00252	0.00198	0.00519
64	0.01523	0.01857	0.01238	0.03361	0.01365	0.72221	0.03839	0.03083	0.01176	0.03626	0.00696	0.00811	0.00565	0.00441	0.00410	0.00113	0.02654	0.00291	0.00228	0.00500
65	0.00611	0.00408	0.00458	0.00458	0.00458	0.00408	0.00255	0.00611	0.00611	0.00815	0.01325	0.02751	0.01528	0.85226	0.02140	0.00408	0.00408	0.00611	0.00255	0.00255
66	0.00517	0.00373	0.00490	0.00574	0.00609	0.00346	0.00387	0.00600	0.00838	0.01117	0.07753	0.75511	0.06782	0.01274	0.00532	0.00167	0.00239	0.01151	0.00395	0.00346
67	0.00607	0.00456	0.00572	0.00579	0.00689	0.00429	0.00457	0.00814	0.03712	0.01456	0.42238	0.05765	0.19699	0.00977	0.00515	0.00150	0.00252	0.19813	0.00427	0.00393
68	0.00594	0.00449	0.00517	0.00498	0.00615	0.00408	0.00369	0.00770	0.03965	0.02746	0.35641	0.03437	0.37443	0.08586	0.00643	0.00163	0.00234	0.02130	0.00411	0.00381
69	0.88196	0.00813	0.00618	0.00553	0.00813	0.00943	0.00455	0.01236	0.00715	0.01886	0.00585	0.00683	0.00455	0.00390	0.00260	0.00130	0.00325	0.00228	0.00260	0.00455
70	0.01091	0.75595	0.11795	0.00776	0.01167	0.01582	0.00818	0.01267	0.00858	0.01030	0.00605	0.00700	0.00539	0.00364	0.00285	0.00095	0.00470	0.00235	0.00180	0.00549
71	0.00606	0.00441	0.00571	0.00537	0.00639	0.00412	0.00403	0.00828	0.03126	0.01688	0.80446	0.03102	0.03902	0.00852	0.00494	0.00132	0.00202	0.00753	0.00462	0.00403
72	0.00601	0.00450	0.00676	0.00676	0.00751	0.00525	0.00525	0.00751	0.00676	0.00976	0.01126	0.01651	0.01051	0.03153	0.83560	0.00676	0.01126	0.00450	0.00225	0.00375
73	0.00794	0.00747	0.01261	0.84216	0.02895	0.00934	0.01167	0.01074	0.00841	0.01074	0.00747	0.01121	0.00560	0.00420	0.00420	0.00140	0.00560	0.00374	0.00187	0.00467
74	0.00805	0.00759	0.01281	0.80508	0.06516	0.00937	0.01173	0.01084	0.00846	0.01088	0.00749	0.01117	0.00565	0.00418	0.00420	0.00139	0.00558	0.00374	0.00188	0.00476
75	0.01124	0.85479	0.02203	0.00719	0.01079	0.01663	0.00719	0.01259	0.00854	0.00989	0.00584	0.00674	0.00539	0.00360	0.00270	0.00090	0.00450	0.00225	0.00180	0.00539
76	0.00897	0.03270	0.75885	0.01168	0.01762	0.00991	0.01480	0.03971	0.02623	0.02994	0.00798	0.00913	0.00564	0.00408	0.00399	0.00132	0.00602	0.00317	0.00198	0.00626
77	0.00502	0.00426	0.00432	0.00431	0.00571	0.00357	0.00323	0.00612	0.00969	0.01162	0.08021	0.04002	0.78655	0.01055	0.00497	0.00141	0.00212	0.00881	0.00394	0.00357
78	0.01149	0.80814	0.02146	0.00740	0.01091	0.06239	0.00724	0.01282	0.00873	0.00991	0.00588	0.00679	0.00540	0.00364	0.00276	0.00091	0.00467	0.00227	0.00182	0.00537
79	0.02600	0.01036	0.01220	0.12623	0.04262	0.01138	0.00834	0.52989	0.04705	0.12724	0.01070	0.01098	0.00752	0.00491	0.00419	0.00129	0.00457	0.00385	0.00392	0.00673
80	0.01086	0.00912	0.00978	0.00878	0.02199	0.01043	0.00679	0.11089	0.67633	0.01845	0.04625	0.01599	0.01325	0.00579	0.00431	0.00141	0.00345	0.01529	0.00425	0.00657
81	0.00920	0.00920	0.01288	0.01104	0.01104	0.01288	0.00920	0.01012	0.00644	0.01012	0.00552	0.00920	0.00552	0.00736	0.01380	0.00184	0.84457	0.00368	0.00184	0.00460
82	0.00603	0.00441	0.00628	0.00628	0.00687	0.00500	0.00466	0.00720	0.00662	0.00941	0.01169	0.01892	0.01155	0.21116	0.65740	0.00617	0.00969	0.00486	0.00232	0.00349
83	0.00872	0.00747	0.00872	0.00623	0.00996	0.00560	0.00498	0.01058	0.00872	0.01370	0.00747	0.00872	0.00623	0.00311	0.00311	0.00062	0.00311	0.00249	0.00249	0.87796
84	0.00587	0.00429	0.00551	0.00521	0.00623	0.00393	0.00390	0.00778	0.01171	0.01642	0.76136	0.03213	0.10240	0.00876	0.00496	0.00133	0.00199	0.00770	0.00457	0.00393
85	0.00611	0.00408	0.00458	0.00458	0.00458	0.00408	0.00255	0.00611	0.00611	0.00815	0.01325	0.02751	0.01528	0.85226	0.02140	0.00408	0.00408	0.00611	0.00255	0.00255
86	0.00920	0.00920	0.01288	0.01104	0.01104	0.01288	0.00920	0.01012	0.00644	0.01012	0.00552	0.00920	0.00552	0.00736	0.01380	0.00184	0.84457	0.00368	0.00184	0.00460
87	0.00992	0.01134	0.02481	0.01772	0.02197	0.01063	0.81077	0.01347	0.00992	0.01347	0.00850	0.01134	0.00638	0.00354	0.00496	0.00142	0.00709	0.00496	0.00213	0.00567
88	0.00887	0.00496	0.00638	0.00592	0.00734	0.00454	0.00451	0.02866	0.01090	0.19404	0.32968	0.19786	0.09945	0.00885	0.00481	0.00141	0.00256	0.03348	0.04119	0.00458
89	0.01124	0.85479	0.02203	0.00719	0.01079	0.01663	0.00719	0.01259	0.00854	0.00989	0.00584	0.00674	0.00539	0.00360	0.00270	0.00090	0.00450	0.00225	0.00180	0.00539
90	0.16737	0.00733	0.00906	0.00712	0.01018	0.00683	0.00586	0.03763	0.01137	0.64086	0.04335	0.01352	0.01036	0.00510	0.00397	0.00130	0.00349	0.00400	0.00471	0.00659
91	0.00593	0.00428	0.00560	0.00530	0.00628	0.00396	0.00397	0.00789	0.01182	0.01674	0.80796	0.04761	0.03943	0.00868	0.00497	0.00133	0.00199	0.00769	0.00461	0.00396
92	0.04090	0.00756	0.01241	0.75573	0.05352	0.00935	0.01129	0.01079	0.00835	0.01113	0.00761	0.02287	0.00591	0.00437	0.00435	0.00141	0.02202	0.00380	0.00193	0.00471
93	0.00642	0.00470	0.00576	0.00613	0.00688	0.00458	0.00432	0.10130	0.00971	0.01285	0.04934	0.64651	0.10183	0.01182	0.00518	0.00161	0.00265	0.01055	0.00396	0.00389
94	0.00766	0.00596	0.00920	0.08062	0.07336	0.00618	0.10572	0.00956	0.00880	0.01320	0.11450	0.04442	0.03322	0.11191	0.05208	0.00191	0.04300	0.00515	0.26929	0.00425
95	0.02734	0.00968	0.01048	0.06854	0.01251	0.04318	0.00745	0.11487	0.53364	0.01713	0.01375	0.01354	0.01043	0.00560	0.00520	0.00143	0.09091	0.00433	0.00373	0.00625
96	0.02069	0.00933	0.01411	0.19058	0.24154	0.05686	0.11874	0.05378	0.03588	0.04752	0.03414	0.04155	0.01989	0.00485	0.00432	0.00131	0.00503	0.03415	0.00262	0.06312
97	0.01043	0.32084	0.29332	0.02058	0.03746	0.05967	0.07132	0.03479	0.00928	0.03301	0.00768	0.03592	0.00640	0.00432	0.00404	0.00120	0.03870	0.00330	0.00207	0.00569
98	0.00949	0.03120	0.43193	0.02697	0.13993	0.01026	0.18293	0.04383	0.05710	0.01406	0.00843	0.01007	0.00626	0.00400	0.00423	0.00133	0.00595	0.00371	0.00214	0.00619

[dist]
# distance from previous block
# <min> <max>
17	36

[block]
# block no. 2 follows, 63 sequences, length 34
# corresponding to MSA columns:
# 283-316
name=unknown_C
#
# <colnr> <probs for GDERKNQSTAVLIFYWHMCP>
#	G	D	E	R	K	N	Q	S	T	A	V	L	I	F	Y	W	H	M	C	P
0	0.03859	0.23304	0.05531	0.00867	0.01161	0.14705	0.00748	0.13301	0.26222	0.01519	0.01074	0.01115	0.01697	0.02642	0.00415	0.00127	0.00467	0.00354	0.00305	0.00588
1	0.03877	0.10040	0.03340	0.01170	0.06491	0.07749	0.20960	0.08100	0.04452	0.08298	0.00874	0.01003	0.00673	0.00415	0.00451	0.00118	0.05379	0.00361	0.00267	0.15980
2	0.03644	0.14913	0.31495	0.00975	0.01356	0.03066	0.05948	0.03421	0.09562	0.01351	0.03673	0.04008	0.00955	0.00628	0.04023	0.00154	0.02005	0.05016	0.02238	0.01568
3	0.01027	0.00987	0.01630	0.02424	0.75679	0.02411	0.01225	0.01259	0.00939	0.01334	0.00809	0.01114	0.00702	0.04401	0.00516	0.00139	0.02171	0.00384	0.00210	0.00639
4	0.00992	0.01134	0.02481	0.01772	0.02197	0.01063	0.81077	0.01347	0.00992	0.01347	0.00850	0.01134	0.00638	0.00354	0.00496	0.00142	0.00709	0.00496	0.00213	0.00567
5	0.09365	0.01017	0.12969	0.07322	0.06189	0.00830	0.00821	0.12296	0.02413	0.23180	0.02271	0.01180	0.01686	0.00456	0.00388	0.00120	0.00420	0.01366	0.00337	0.15373
6	0.00813	0.00646	0.09937	0.00542	0.00716	0.00508	0.00486	0.04800	0.00982	0.03069	0.12769	0.01740	0.03257	0.00586	0.01589	0.00118	0.00275	0.00447	0.56282	0.00439
7	0.00876	0.00856	0.01204	0.01045	0.01055	0.01184	0.00866	0.00976	0.00648	0.01007	0.00630	0.01020	0.00620	0.01066	0.12598	0.00251	0.73082	0.00379	0.00190	0.00448
8	0.01156	0.00923	0.00980	0.00850	0.01102	0.01049	0.00670	0.16308	0.61414	0.04220	0.01568	0.01464	0.01165	0.00553	0.00420	0.00137	0.00350	0.00452	0.04555	0.00663
9	0.00604	0.00525	0.04506	0.00743	0.05770	0.00450	0.00518	0.03120	0.00899	0.01219	0.10379	0.61657	0.04324	0.01135	0.00515	0.00161	0.00281	0.02424	0.00377	0.00393
10	0.00864	0.09095	0.68075	0.01107	0.01661	0.01008	0.01381	0.01340	0.04734	0.01341	0.04965	0.01017	0.00744	0.00428	0.00395	0.00130	0.00571	0.00334	0.00204	0.00605
11	0.01796	0.00756	0.00990	0.00763	0.01080	0.00687	0.00629	0.11066	0.01291	0.70106	0.05153	0.01458	0.01133	0.00533	0.00426	0.00130	0.00363	0.00433	0.00506	0.00701
12	0.00878	0.00710	0.00759	0.00676	0.00842	0.05777	0.00521	0.10963	0.16077	0.03128	0.47740	0.02455	0.06284	0.00740	0.00466	0.00132	0.00293	0.00631	0.00434	0.00494
13	0.01005	0.01046	0.06696	0.08181	0.70761	0.00985	0.01288	0.01271	0.00945	0.01348	0.00808	0.01094	0.00677	0.00391	0.00418	0.00127	0.00509	0.01596	0.00207	0.00645
14	0.00537	0.00461	0.03168	0.00556	0.00643	0.00392	0.00413	0.00646	0.00888	0.01159	0.11429	0.44526	0.27445	0.03434	0.00575	0.00163	0.01828	0.00993	0.00384	0.00360
15	0.00632	0.00452	0.00599	0.00652	0.00748	0.00436	0.00539	0.00809	0.01000	0.01342	0.20605	0.10662	0.10540	0.01066	0.00537	0.00169	0.00307	0.44277	0.04245	0.00383
16	0.00850	0.02029	0.74859	0.01142	0.01723	0.00950	0.01448	0.04288	0.00933	0.01369	0.00981	0.01088	0.05611	0.00445	0.00406	0.00133	0.00590	0.00349	0.00200	0.00608
17	0.00947	0.09175	0.01387	0.02060	0.03654	0.04436	0.11357	0.02363	0.05187	0.02175	0.02496	0.01362	0.00868	0.04017	0.08052	0.00210	0.34566	0.04967	0.00234	0.00487
18	0.00912	0.10248	0.49272	0.01270	0.01763	0.01094	0.19253	0.01298	0.00885	0.01271	0.00740	0.00924	0.00559	0.00416	0.00498	0.00135	0.08340	0.00349	0.00186	0.00586
19	0.00535	0.00382	0.00514	0.00612	0.00646	0.00361	0.00430	0.00625	0.00827	0.01099	0.02304	0.73798	0.02730	0.01295	0.00543	0.00174	0.00264	0.12122	0.00390	0.00348
20	0.01040	0.00999	0.01706	0.02580	0.82604	0.00999	0.01290	0.01290	0.00957	0.01373	0.00791	0.01040	0.00666	0.00375	0.00416	0.00125	0.00499	0.00375	0.00208	0.00666
21	0.03345	0.05174	0.01321	0.04684	0.07805	0.17770	0.06935	0.24181	0.10051	0.03759	0.03610	0.03374	0.00873	0.00508	0.00461	0.00129	0.04717	0.00400	0.00313	0.00590
22	0.00979	0.02105	0.00851	0.00738	0.00917	0.00817	0.00579	0.01609	0.38078	0.09439	0.16739	0.01887	0.04333	0.02808	0.00559	0.00145	0.08030	0.00519	0.08315	0.00553
23	0.00512	0.00366	0.00488	0.00585	0.00610	0.00341	0.00390	0.00585	0.00805	0.01073	0.02317	0.84952	0.02780	0.01317	0.00537	0.00171	0.00244	0.01195	0.00390	0.00341
24	0.00700	0.00844	0.17424	0.00742	0.00972	0.00579	0.03689	0.00998	0.06191	0.03321	0.30324	0.11502	0.14851	0.00819	0.00480	0.00143	0.00334	0.05257	0.00371	0.00460
25	0.66610	0.04088	0.00776	0.02263	0.00932	0.06593	0.00530	0.04766	0.05842	0.01800	0.02169	0.00810	0.00593	0.00417	0.00293	0.00128	0.00368	0.00265	0.00274	0.00484
26	0.00540	0.00386	0.00520	0.00617	0.00654	0.00365	0.00439	0.00633	0.00832	0.01104	0.02302	0.71443	0.02720	0.01291	0.00544	0.00175	0.00268	0.14430	0.00390	0.00349
27	0.01403	0.00682	0.00859	0.00699	0.00954	0.00639	0.00563	0.07813	0.08255	0.45507	0.17987	0.01966	0.08201	0.00635	0.00442	0.00132	0.00318	0.00529	0.01805	0.00613
28	0.00949	0.01014	0.05396	0.11755	0.34883	0.00965	0.26718	0.01241	0.02301	0.01296	0.00927	0.03087	0.02308	0.02040	0.00513	0.01698	0.01671	0.00445	0.00217	0.00576
29	0.01292	0.11670	0.07774	0.00993	0.07619	0.03950	0.00805	0.12870	0.08973	0.21002	0.04444	0.01210	0.00934	0.00515	0.00504	0.00129	0.09834	0.00385	0.04485	0.00612
30	0.00517	0.00381	0.00481	0.00552	0.00600	0.00349	0.00375	0.00602	0.00849	0.01114	0.07572	0.64127	0.16135	0.03528	0.00571	0.00170	0.00240	0.01101	0.00391	0.00345
31	0.00611	0.00408	0.00458	0.00458	0.00458	0.00408	0.00255	0.00611	0.00611	0.00815	0.01325	0.02751	0.01528	0.85226	0.02140	0.00408	0.00408	0.00611	0.00255	0.00255
32	0.88196	0.00813	0.00618	0.00553	0.00813	0.00943	0.00455	0.01236	0.00715	0.01886	0.00585	0.00683	0.00455	0.00390	0.00260	0.00130	0.00325	0.00228	0.00260	0.00455
33	0.01142	0.07809	0.19987	0.02793	0.18442	0.08781	0.08820	0.10046	0.02250	0.06687	0.00847	0.00975	0.00644	0.00404	0.00397	0.00119	0.00536	0.00344	0.00250	0.08726

[dist]
# distance from previous block
# <min> <max>
0	1

[block]
# block no. 3 follows, 63 sequences, length 88
# corresponding to MSA columns:
# 349-377,389-447
name=unknown_D
#
# <colnr> <probs for GDERKNQSTAVLIFYWHMCP>
#	G	D	E	R	K	N	Q	S	T	A	V	L	I	F	Y	W	H	M	C	P
0	0.00642	0.00458	0.00535	0.00514	0.00645	0.00411	0.00388	0.00819	0.03622	0.06412	0.32201	0.08110	0.38840	0.02201	0.00518	0.00144	0.00229	0.02487	0.00424	0.00401
1	0.00976	0.01303	0.22321	0.05615	0.35540	0.01004	0.16357	0.03017	0.03555	0.01377	0.00820	0.01033	0.00640	0.00393	0.00442	0.00131	0.02051	0.00381	0.00212	0.02832
2	0.00674	0.00503	0.00706	0.00673	0.00743	0.00586	0.01980	0.00812	0.00715	0.01077	0.01200	0.03743	0.02636	0.09713	0.47116	0.00462	0.10922	0.00473	0.14885	0.00380
3	0.00813	0.00770	0.01309	0.77530	0.08220	0.00940	0.02360	0.01093	0.00851	0.01098	0.00752	0.01116	0.00569	0.00416	0.00421	0.00139	0.00558	0.00375	0.00189	0.00482
4	0.00730	0.00365	0.00548	0.00548	0.00548	0.00365	0.00365	0.00548	0.00548	0.00730	0.00730	0.01278	0.00730	0.01460	0.01643	0.87769	0.00365	0.00365	0.00183	0.00183
5	0.00632	0.00472	0.00592	0.00554	0.00667	0.00453	0.00418	0.00915	0.08334	0.01674	0.72663	0.03030	0.06305	0.00841	0.00490	0.00133	0.00211	0.00739	0.00457	0.00419
6	0.01048	0.51225	0.25725	0.00897	0.01326	0.03998	0.03013	0.03096	0.00906	0.01148	0.00716	0.00818	0.01879	0.00387	0.00325	0.00106	0.00510	0.00273	0.00192	0.02415
7	0.02588	0.02513	0.08352	0.01070	0.01418	0.00920	0.20642	0.06322	0.20898	0.26592	0.03367	0.01339	0.00995	0.00484	0.00437	0.00135	0.00464	0.00444	0.00375	0.00643
8	0.00646	0.00543	0.02581	0.00737	0.00849	0.00577	0.04859	0.00856	0.04478	0.01050	0.02780	0.01727	0.02668	0.06408	0.66562	0.00577	0.00988	0.00473	0.00242	0.00399
9	0.00611	0.00408	0.00458	0.00458	0.00458	0.00408	0.00255	0.00611	0.00611	0.00815	0.01325	0.02751	0.01528	0.85226	0.02140	0.00408	0.00408	0.00611	0.00255	0.00255
10	0.00872	0.00747	0.00872	0.00623	0.00996	0.00560	0.00498	0.01058	0.00872	0.01370	0.00747	0.00872	0.00623	0.00311	0.00311	0.00062	0.00311	0.00249	0.00249	0.87796
11	0.00611	0.00408	0.00458	0.00458	0.00458	0.00408	0.00255	0.00611	0.00611	0.00815	0.01325	0.02751	0.01528	0.85226	0.02140	0.00408	0.00408	0.00611	0.00255	0.00255
12	0.01046	0.00903	0.00951	0.00855	0.01093	0.01046	0.00665	0.02234	0.81845	0.01759	0.01711	0.01568	0.01283	0.00570	0.00428	0.00143	0.00333	0.00475	0.00428	0.00665
13	0.00931	0.02505	0.01581	0.01246	0.01366	0.01197	0.21877	0.01095	0.00747	0.01113	0.00683	0.02621	0.00629	0.00635	0.01087	0.00169	0.57472	0.00415	0.02145	0.00486
14	0.00872	0.00747	0.00872	0.00623	0.00996	0.00560	0.00498	0.01058	0.00872	0.01370	0.00747	0.00872	0.00623	0.00311	0.00311	0.00062	0.00311	0.00249	0.00249	0.87796
15	0.01598	0.01177	0.01262	0.00967	0.01304	0.01304	0.00799	0.81202	0.01976	0.02649	0.01009	0.01009	0.00715	0.00505	0.00421	0.00126	0.00463	0.00378	0.00421	0.00715
16	0.00727	0.00366	0.00546	0.00546	0.00546	0.00366	0.00363	0.00549	0.00549	0.00732	0.00744	0.01311	0.00748	0.03363	0.01654	0.85785	0.00366	0.00371	0.00184	0.00184
17	0.00843	0.02174	0.83048	0.01198	0.01819	0.00976	0.01553	0.01331	0.00888	0.01331	0.00754	0.00888	0.00533	0.00399	0.00399	0.00133	0.00621	0.00311	0.00178	0.00621
18	0.00512	0.00366	0.00488	0.00585	0.00610	0.00341	0.00390	0.00585	0.00805	0.01073	0.02317	0.84952	0.02780	0.01317	0.00537	0.00171	0.00244	0.01195	0.00390	0.00341
19	0.00843	0.02174	0.83048	0.01198	0.01819	0.00976	0.01553	0.01331	0.00888	0.01331	0.00754	0.00888	0.00533	0.00399	0.00399	0.00133	0.00621	0.00311	0.00178	0.00621
20	0.00545	0.00426	0.00494	0.00480	0.00598	0.00375	0.00359	0.00696	0.01068	0.01402	0.42294	0.05410	0.42409	0.00970	0.00497	0.00138	0.00207	0.00832	0.00426	0.00375
21	0.00713	0.01830	0.03999	0.00852	0.08404	0.02484	0.02600	0.01815	0.00745	0.01019	0.01271	0.15313	0.01363	0.28923	0.20132	0.01962	0.05338	0.00598	0.00256	0.00382
22	0.00709	0.00592	0.00841	0.04699	0.02321	0.00734	0.00618	0.00812	0.00667	0.00962	0.01001	0.03580	0.01011	0.18699	0.35201	0.02354	0.24130	0.00470	0.00220	0.00379
23	0.01236	0.04447	0.17948	0.03325	0.20514	0.38717	0.03828	0.01467	0.01040	0.01181	0.00709	0.00872	0.00573	0.00413	0.00411	0.00120	0.02124	0.00313	0.00204	0.00560
24	0.25277	0.36487	0.03917	0.00785	0.01089	0.22064	0.00697	0.03336	0.00930	0.01298	0.00617	0.00712	0.00521	0.00391	0.00302	0.00108	0.00498	0.00244	0.00217	0.00510
25	0.01156	0.13263	0.06323	0.04371	0.26467	0.18601	0.13715	0.04101	0.05638	0.01294	0.00797	0.00967	0.00643	0.00400	0.00400	0.00121	0.00579	0.00353	0.00224	0.00587
26	0.00730	0.00365	0.00548	0.00548	0.00548	0.00365	0.00365	0.00548	0.00548	0.00730	0.00730	0.01278	0.00730	0.01460	0.01643	0.87769	0.00365	0.00365	0.00183	0.00183
27	0.00537	0.00395	0.00508	0.00584	0.00641	0.00366	0.00420	0.00639	0.00871	0.01140	0.06619	0.56873	0.15321	0.01233	0.00534	0.00167	0.00257	0.12149	0.00393	0.00353
28	0.00843	0.02174	0.83048	0.01198	0.01819	0.00976	0.01553	0.01331	0.00888	0.01331	0.00754	0.00888	0.00533	0.00399	0.00399	0.00133	0.00621	0.00311	0.00178	0.00621
29	0.00596	0.00431	0.00538	0.00545	0.00643	0.00395	0.00405	0.00760	0.02187	0.03250	0.39837	0.21912	0.20077	0.01013	0.00508	0.00147	0.00229	0.05715	0.00427	0.00386
30	0.00512	0.00366	0.00488	0.00585	0.00610	0.00341	0.00390	0.00585	0.00805	0.01073	0.02317	0.84952	0.02780	0.01317	0.00537	0.00171	0.00244	0.01195	0.00390	0.00341
31	0.88196	0.00813	0.00618	0.00553	0.00813	0.00943	0.00455	0.01236	0.00715	0.01886	0.00585	0.00683	0.00455	0.00390	0.00260	0.00130	0.00325	0.00228	0.00260	0.00455
32	0.00818	0.00410	0.00417	0.00408	0.00514	0.00410	0.00308	0.02247	0.00905	0.03161	0.01371	0.01556	0.01071	0.00491	0.00298	0.00099	0.00203	0.00392	0.84518	0.00403
33	0.88196	0.00813	0.00618	0.00553	0.00813	0.00943	0.00455	0.01236	0.00715	0.01886	0.00585	0.00683	0.00455	0.00390	0.00260	0.00130	0.00325	0.00228	0.00260	0.00455
34	0.00505	0.00425	0.00438	0.00437	0.00574	0.00358	0.00327	0.00619	0.00974	0.01180	0.10669	0.05479	0.74474	0.01052	0.00497	0.00142	0.00212	0.00882	0.00396	0.00358
35	0.00634	0.00475	0.00608	0.00652	0.00763	0.00459	0.00541	0.00845	0.04156	0.01325	0.17283	0.05719	0.20329	0.01065	0.00540	0.00169	0.00309	0.43334	0.00403	0.00392
36	0.00823	0.00940	0.10601	0.65695	0.07490	0.00953	0.03878	0.01124	0.00854	0.01129	0.00751	0.01086	0.00566	0.00419	0.00437	0.00139	0.02057	0.00370	0.00188	0.00500
37	0.01078	0.01234	0.01914	0.01461	0.01730	0.16201	0.44184	0.01314	0.00932	0.01196	0.00731	0.01006	0.00596	0.00475	0.00720	0.00147	0.23934	0.00419	0.00205	0.00523
38	0.02517	0.03498	0.51518	0.04459	0.05125	0.03620	0.04300	0.02626	0.02651	0.05791	0.00822	0.00945	0.00598	0.00400	0.00392	0.00124	0.00558	0.00323	0.00218	0.09515
39	0.00497	0.00426	0.00426	0.00426	0.00568	0.00355	0.00319	0.00603	0.00958	0.01136	0.04259	0.04046	0.82433	0.01065	0.00497	0.00142	0.00213	0.00887	0.00390	0.00355
40	0.00517	0.00371	0.00492	0.00585	0.00615	0.00346	0.00395	0.00596	0.00820	0.01092	0.04056	0.79733	0.04488	0.01299	0.00536	0.00170	0.00245	0.02908	0.00392	0.00344
41	0.01091	0.05414	0.09474	0.01519	0.16588	0.04909	0.29694	0.02916	0.08350	0.08424	0.03999	0.01197	0.00849	0.00481	0.02054	0.00143	0.01605	0.00429	0.00266	0.00598
42	0.01202	0.01361	0.03260	0.19585	0.20317	0.31627	0.07968	0.05275	0.03119	0.01248	0.00767	0.00970	0.00609	0.00416	0.00410	0.00124	0.00624	0.00348	0.00222	0.00549
43	0.01619	0.00859	0.01005	0.00789	0.01087	0.02914	0.00645	0.26824	0.02942	0.43917	0.04223	0.01434	0.03672	0.00541	0.00418	0.00127	0.00381	0.00431	0.05504	0.00667
