[name]
unknown

[dist]
# distance from previous block
# <min> <max>
21	160

[block]
# block no. 0 follows, 58 sequences, length 29
# corresponding to MSA columns:
# 423-451
name=unknown_A
#
# <colnr> <probs for GDERKNQSTAVLIFYWHMCP>
#	G	D	E	R	K	N	Q	S	T	A	V	L	I	F	Y	W	H	M	C	P
0	0.02763	0.22633	0.22265	0.03351	0.08958	0.01172	0.06967	0.08822	0.01082	0.05686	0.04241	0.04835	0.00900	0.00487	0.00407	0.00128	0.00521	0.00401	0.00267	0.04114
1	0.07778	0.29738	0.16126	0.00952	0.03642	0.02943	0.00904	0.09385	0.05802	0.04706	0.01884	0.01086	0.01725	0.02770	0.02472	0.00149	0.05494	0.00346	0.01501	0.00597
2	0.01096	0.55701	0.13359	0.00848	0.01212	0.02821	0.00864	0.01288	0.00908	0.02914	0.00872	0.04962	0.02379	0.00629	0.04605	0.00145	0.04275	0.00342	0.00218	0.00563
3	0.00733	0.03370	0.00806	0.00699	0.00845	0.00593	0.02206	0.00880	0.00829	0.01193	0.02662	0.15247	0.03031	0.08939	0.27440	0.00350	0.03822	0.04495	0.04388	0.17471
4	0.02573	0.04727	0.05291	0.00747	0.00898	0.00616	0.04929	0.03716	0.04546	0.01298	0.05365	0.35844	0.11268	0.04970	0.00668	0.04623	0.00355	0.06772	0.00366	0.00430
5	0.01073	0.07478	0.01589	0.19075	0.04447	0.10327	0.12901	0.05073	0.00958	0.01246	0.00823	0.05270	0.00734	0.00589	0.00765	0.00156	0.26298	0.00436	0.00229	0.00532
6	0.01266	0.30781	0.01438	0.00801	0.01064	0.18077	0.00674	0.14448	0.01167	0.01457	0.00934	0.01156	0.00800	0.07344	0.00506	0.00136	0.00494	0.00344	0.16573	0.00539
7	0.01184	0.07961	0.05102	0.01397	0.21680	0.03751	0.04612	0.13966	0.07681	0.03565	0.02530	0.01113	0.00812	0.00449	0.00442	0.00120	0.03023	0.00374	0.00295	0.19943
8	0.01105	0.10991	0.31324	0.01107	0.05005	0.01069	0.03723	0.08884	0.11547	0.08110	0.05818	0.03349	0.03698	0.00543	0.00450	0.00139	0.01745	0.00441	0.00311	0.00642
9	0.00786	0.00476	0.00604	0.00611	0.00625	0.04384	0.00409	0.00650	0.00653	0.00842	0.01012	0.11600	0.01077	0.05477	0.01563	0.67870	0.00395	0.00505	0.00227	0.00235
10	0.05048	0.00705	0.01037	0.13398	0.18552	0.00731	0.02702	0.03471	0.03988	0.03022	0.06590	0.27817	0.07797	0.00843	0.00494	0.00156	0.00395	0.02404	0.00340	0.00508
11	0.12691	0.01385	0.08530	0.03015	0.05245	0.24190	0.03198	0.11973	0.01237	0.18990	0.01024	0.01102	0.00749	0.02457	0.00454	0.00138	0.00559	0.00362	0.02085	0.00615
12	0.01066	0.01128	0.01979	0.10458	0.32010	0.06204	0.31780	0.01358	0.01029	0.01374	0.01019	0.01282	0.04440	0.00442	0.00501	0.00143	0.02478	0.00467	0.00230	0.00613
13	0.01127	0.02848	0.11482	0.17319	0.39579	0.09601	0.01273	0.06418	0.01070	0.01426	0.00816	0.01059	0.00653	0.00437	0.00465	0.00136	0.03051	0.00376	0.00227	0.00637
14	0.01056	0.01031	0.03381	0.14490	0.65932	0.01033	0.01329	0.01330	0.00996	0.01420	0.00852	0.01133	0.00702	0.00410	0.00439	0.00135	0.00534	0.00398	0.02732	0.00668
15	0.01013	0.01040	0.01404	0.01195	0.01220	0.05152	0.03396	0.01121	0.00724	0.01088	0.00602	0.00978	0.00589	0.00755	0.01389	0.00191	0.77059	0.00391	0.00198	0.00494
16	0.00573	0.00454	0.00508	0.00495	0.00622	0.00396	0.00367	0.00716	0.01092	0.01406	0.32417	0.03889	0.49419	0.04938	0.00610	0.00160	0.00231	0.00881	0.00437	0.00389
17	0.00651	0.00434	0.00488	0.00488	0.00488	0.00434	0.00271	0.00651	0.00651	0.00867	0.01409	0.02927	0.01626	0.84279	0.02277	0.00434	0.00434	0.00651	0.00271	0.00271
18	0.00561	0.00454	0.00498	0.00487	0.00624	0.00391	0.00365	0.00704	0.01095	0.01389	0.28136	0.04009	0.57590	0.01066	0.00528	0.00148	0.00222	0.00903	0.00439	0.00391
19	0.00550	0.00391	0.00518	0.00617	0.00642	0.00367	0.00409	0.00624	0.00847	0.01130	0.02418	0.80328	0.02898	0.05143	0.00648	0.00193	0.00267	0.01244	0.00409	0.00359
20	0.01700	0.01253	0.01342	0.01029	0.01387	0.01387	0.00850	0.79997	0.02103	0.02819	0.01074	0.01074	0.00761	0.00537	0.00447	0.00134	0.00492	0.00403	0.00447	0.00761
21	0.01259	0.01240	0.13395	0.01171	0.01543	0.01098	0.16484	0.27961	0.13471	0.06058	0.01303	0.05486	0.01053	0.00589	0.00479	0.00149	0.00526	0.05703	0.00368	0.00664
22	0.02007	0.00761	0.01038	0.00796	0.01142	0.00657	0.00657	0.02180	0.01280	0.81799	0.01765	0.01523	0.01107	0.00554	0.00450	0.00138	0.00381	0.00450	0.00554	0.00761
23	0.87439	0.00865	0.00657	0.00588	0.00865	0.01003	0.00484	0.01315	0.00761	0.02007	0.00623	0.00727	0.00484	0.00415	0.00277	0.00138	0.00346	0.00242	0.00277	0.00484
24	0.01107	0.01063	0.01816	0.02746	0.81489	0.01063	0.01373	0.01373	0.01019	0.01461	0.00841	0.01107	0.00709	0.00399	0.00443	0.00133	0.00531	0.00399	0.00221	0.00709
25	0.00928	0.00795	0.00928	0.00663	0.01060	0.00596	0.00530	0.01126	0.00928	0.01458	0.00795	0.00928	0.00663	0.00331	0.00331	0.00066	0.00331	0.00265	0.00265	0.87014
26	0.00551	0.00454	0.00485	0.00477	0.00618	0.00387	0.00358	0.00686	0.01073	0.01335	0.21178	0.04096	0.64581	0.01086	0.00528	0.00149	0.00223	0.00915	0.00432	0.00387
27	0.00640	0.00476	0.00704	0.00704	0.00778	0.00551	0.00540	0.00789	0.00714	0.01027	0.01212	0.01835	0.01152	0.08735	0.77172	0.00700	0.01147	0.00491	0.00242	0.00391
28	0.01597	0.01186	0.01273	0.00999	0.01334	0.01315	0.00822	0.68467	0.09779	0.02660	0.01193	0.01260	0.00881	0.00564	0.00450	0.00137	0.00471	0.02682	0.02193	0.00738

[dist]
# distance from previous block
# <min> <max>
0	3

[block]
# block no. 1 follows, 58 sequences, length 20
# corresponding to MSA columns:
# 455-474
name=unknown_B
#
# <colnr> <probs for GDERKNQSTAVLIFYWHMCP>
#	G	D	E	R	K	N	Q	S	T	A	V	L	I	F	Y	W	H	M	C	P
0	0.01569	0.09420	0.01339	0.01036	0.01315	0.47121	0.00817	0.22768	0.01437	0.01582	0.00900	0.00977	0.02558	0.00488	0.00403	0.00118	0.00651	0.00333	0.02381	0.02785
1	0.00897	0.02314	0.81962	0.01275	0.01936	0.01039	0.01653	0.01417	0.00944	0.01417	0.00803	0.00944	0.00567	0.00425	0.00425	0.00142	0.00661	0.00331	0.00189	0.00661
2	0.01220	0.73365	0.04927	0.00822	0.01194	0.08334	0.00808	0.01373	0.00935	0.01069	0.00633	0.00738	0.00574	0.00399	0.00325	0.00101	0.02168	0.00249	0.00195	0.00571
3	0.01115	0.01098	0.03257	0.03995	0.69558	0.01078	0.07773	0.04032	0.01055	0.01499	0.00853	0.01113	0.00703	0.00403	0.00450	0.00135	0.00552	0.00408	0.00228	0.00697
4	0.00577	0.00424	0.00594	0.00671	0.00714	0.00399	0.02664	0.00671	0.00870	0.01158	0.02382	0.72788	0.02823	0.03840	0.00625	0.00190	0.00291	0.07542	0.00405	0.00371
5	0.01518	0.00705	0.00919	0.00739	0.01006	0.00646	0.00596	0.08946	0.01352	0.47660	0.28345	0.02091	0.02119	0.00673	0.00476	0.00139	0.00334	0.00566	0.00523	0.00648
6	0.09036	0.00858	0.00922	0.00798	0.01033	0.00936	0.00620	0.13890	0.35915	0.01769	0.01426	0.01476	0.04395	0.00745	0.00662	0.15741	0.00374	0.00441	0.00371	0.08590
7	0.00571	0.00417	0.00543	0.00615	0.00667	0.00393	0.00427	0.00692	0.02175	0.01241	0.12388	0.62385	0.08849	0.01363	0.03014	0.00190	0.00284	0.02987	0.00420	0.00379
8	0.00679	0.00446	0.00521	0.00538	0.00565	0.00446	0.00351	0.00733	0.00741	0.01021	0.01577	0.03171	0.01743	0.62478	0.01815	0.00365	0.00409	0.13847	0.08244	0.00308
9	0.79519	0.00855	0.00693	0.00608	0.00891	0.00971	0.00500	0.01395	0.00809	0.09404	0.00729	0.00800	0.00542	0.00428	0.00293	0.00138	0.00349	0.00261	0.00302	0.00510
10	0.00613	0.00445	0.00578	0.00569	0.00662	0.00410	0.00417	0.00797	0.01184	0.01655	0.64269	0.17449	0.07256	0.01009	0.00535	0.00148	0.00220	0.00895	0.00476	0.00410
11	0.00664	0.00490	0.00646	0.00727	0.00833	0.00472	0.00613	0.00839	0.01012	0.01293	0.02831	0.12209	0.19130	0.01229	0.00595	0.00192	0.00359	0.55052	0.00413	0.00400
12	0.00947	0.01041	0.02190	0.01607	0.01980	0.00972	0.63219	0.01265	0.01027	0.01377	0.01401	0.12031	0.07560	0.00570	0.00533	0.00155	0.00648	0.00657	0.00266	0.00554
13	0.12870	0.00785	0.00988	0.00775	0.01108	0.00725	0.00638	0.02080	0.05341	0.67455	0.01622	0.01429	0.01041	0.00539	0.00428	0.00139	0.00375	0.00426	0.00513	0.00723
14	0.00545	0.00389	0.00519	0.00623	0.00649	0.00363	0.00415	0.00623	0.00856	0.01142	0.02465	0.83987	0.02959	0.01401	0.00571	0.00182	0.00260	0.01272	0.00415	0.00363
15	0.00635	0.00454	0.00584	0.00553	0.00645	0.00424	0.00403	0.00819	0.01188	0.01676	0.71057	0.03289	0.03889	0.11560	0.00751	0.00178	0.00239	0.00789	0.00464	0.00403
16	0.01625	0.01229	0.01403	0.01248	0.11616	0.01346	0.00917	0.69957	0.01965	0.02646	0.01044	0.01078	0.00754	0.00519	0.00447	0.00134	0.00497	0.00402	0.00419	0.00754
17	0.00645	0.00445	0.00541	0.00533	0.00566	0.00447	0.00340	0.00711	0.00791	0.01087	0.18465	0.02867	0.02117	0.56109	0.12148	0.00407	0.00484	0.00663	0.00314	0.00320
18	0.00804	0.00600	0.00721	0.00646	0.00798	0.00600	0.00497	0.11069	0.07854	0.01908	0.61497	0.02953	0.06585	0.00850	0.00511	0.00141	0.00259	0.00738	0.00481	0.00487
19	0.10383	0.01249	0.12833	0.12005	0.02166	0.01078	0.47180	0.01396	0.00988	0.03703	0.00865	0.01123	0.00643	0.00408	0.00490	0.00148	0.02072	0.00449	0.00232	0.00587

[dist]
# distance from previous block
# <min> <max>
0	6

[block]
# block no. 2 follows, 58 sequences, length 87
# corresponding to MSA columns:
# 481-510,516-521,523-573
name=unknown_C
#
# <colnr> <probs for GDERKNQSTAVLIFYWHMCP>
#	G	D	E	R	K	N	Q	S	T	A	V	L	I	F	Y	W	H	M	C	P
0	0.01196	0.84548	0.02344	0.00765	0.01148	0.01770	0.00765	0.01339	0.00909	0.01052	0.00622	0.00718	0.00574	0.00383	0.00287	0.00096	0.00478	0.00239	0.00191	0.00574
1	0.01178	0.00839	0.04656	0.00810	0.01060	0.00805	0.00685	0.14601	0.17632	0.15875	0.10978	0.02456	0.08380	0.00752	0.00484	0.00151	0.00371	0.12871	0.04813	0.00602
2	0.00536	0.00440	0.00472	0.00493	0.00616	0.00376	0.00359	0.00645	0.00994	0.01215	0.06823	0.21116	0.62003	0.01182	0.00538	0.00157	0.00233	0.01009	0.00418	0.00376
3	0.00990	0.01012	0.03952	0.33851	0.18072	0.02802	0.13273	0.01416	0.11783	0.01356	0.00973	0.01277	0.00766	0.00478	0.00513	0.00149	0.04828	0.01674	0.00246	0.00588
4	0.01712	0.01187	0.01293	0.00993	0.01345	0.01295	0.00820	0.70660	0.01997	0.10556	0.01150	0.01131	0.00803	0.00538	0.00445	0.00134	0.00475	0.00408	0.02305	0.00753
5	0.00549	0.00455	0.00481	0.00477	0.00620	0.00387	0.00359	0.00680	0.01061	0.01308	0.17332	0.04155	0.67203	0.01098	0.00530	0.00150	0.00227	0.02113	0.00428	0.00386
6	0.01016	0.00990	0.01363	0.05444	0.06599	0.04347	0.04603	0.03075	0.03793	0.01219	0.00761	0.01124	0.00693	0.03139	0.01164	0.00183	0.54781	0.00408	0.04782	0.00515
7	0.01686	0.00724	0.00936	0.00750	0.01037	0.00664	0.00603	0.01969	0.09606	0.59064	0.04646	0.01697	0.01282	0.05333	0.00546	0.00154	0.00360	0.00478	0.07780	0.00686
8	0.53426	0.00938	0.03224	0.06217	0.14806	0.01907	0.03555	0.01337	0.00871	0.04708	0.02075	0.01063	0.00694	0.00455	0.00352	0.00141	0.00423	0.02991	0.00276	0.00539
9	0.27528	0.30955	0.04958	0.00907	0.02402	0.14782	0.06239	0.03094	0.00963	0.01446	0.00678	0.00797	0.00562	0.00409	0.00333	0.00118	0.00517	0.00279	0.00234	0.02797
10	0.00969	0.00799	0.00849	0.00809	0.03322	0.03074	0.00601	0.02621	0.43976	0.02724	0.11728	0.03495	0.12522	0.00708	0.00459	0.00144	0.00322	0.00594	0.09697	0.00588
11	0.01108	0.01169	0.01529	0.05190	0.31503	0.17496	0.12244	0.01368	0.04480	0.01330	0.03010	0.08297	0.03225	0.04074	0.00557	0.00152	0.01920	0.00508	0.00263	0.00579
12	0.00713	0.00466	0.00539	0.00529	0.00587	0.00451	0.00342	0.00776	0.01735	0.05761	0.03037	0.05467	0.15491	0.54685	0.05144	0.00359	0.00418	0.02839	0.00325	0.00338
13	0.00768	0.00487	0.00641	0.00586	0.00715	0.00445	0.00445	0.00975	0.01268	0.09660	0.73437	0.03163	0.03915	0.00879	0.00520	0.00140	0.00228	0.00774	0.00498	0.00455
14	0.00650	0.00434	0.00490	0.00489	0.00491	0.00433	0.00274	0.00654	0.00662	0.00885	0.02959	0.02935	0.01677	0.82662	0.02243	0.00428	0.00429	0.00654	0.00275	0.00274
15	0.00604	0.00435	0.00567	0.00642	0.00696	0.00414	0.00455	0.02856	0.00950	0.01269	0.10016	0.62640	0.05392	0.02217	0.00586	0.00181	0.00278	0.08998	0.00422	0.00384
16	0.00808	0.00670	0.00788	0.00704	0.00862	0.05742	0.04941	0.05957	0.03273	0.03408	0.38377	0.10023	0.17974	0.02792	0.00556	0.00152	0.00319	0.01765	0.00431	0.00458
17	0.01069	0.01085	0.05136	0.11814	0.69242	0.01054	0.01370	0.01349	0.01001	0.01423	0.00835	0.01110	0.00690	0.00405	0.00443	0.00135	0.00544	0.00396	0.00217	0.00683
18	0.42598	0.04670	0.05054	0.00959	0.07912	0.08860	0.00742	0.17383	0.01127	0.01945	0.00757	0.00857	0.00584	0.00438	0.00348	0.00130	0.00456	0.00298	0.00294	0.04588
19	0.01034	0.00891	0.01009	0.00752	0.01112	0.02715	0.00605	0.09275	0.03806	0.01579	0.00844	0.00969	0.00690	0.00393	0.00419	0.00085	0.05487	0.00296	0.00285	0.67753
20	0.00544	0.00405	0.00507	0.00585	0.00640	0.00368	0.00400	0.00633	0.00902	0.01173	0.04950	0.65081	0.19520	0.01332	0.00561	0.00174	0.00251	0.01191	0.00417	0.00368
21	0.00529	0.00453	0.00453	0.00453	0.00604	0.00378	0.00340	0.00642	0.01020	0.01208	0.04532	0.04305	0.81307	0.01133	0.00529	0.00151	0.00227	0.00944	0.00415	0.00378
22	0.00550	0.00391	0.00518	0.00617	0.00642	0.00366	0.00409	0.00624	0.00847	0.01130	0.02418	0.80344	0.02899	0.05127	0.00648	0.00193	0.00267	0.01244	0.00409	0.00359
23	0.00682	0.00468	0.00614	0.00571	0.00685	0.00430	0.00430	0.00892	0.01267	0.04639	0.78427	0.03277	0.04110	0.00902	0.00525	0.00141	0.00217	0.00796	0.00495	0.00434
24	0.13441	0.00803	0.00973	0.00769	0.01088	0.00767	0.00631	0.08498	0.04302	0.56331	0.01579	0.01429	0.02136	0.00542	0.00421	0.00137	0.00374	0.00425	0.04655	0.00700
25	0.00831	0.00503	0.00650	0.00587	0.00734	0.00453	0.00449	0.01026	0.01243	0.13880	0.61431	0.03163	0.11541	0.00882	0.00516	0.00141	0.00238	0.00768	0.00494	0.00469
26	0.01593	0.01170	0.01253	0.00975	0.01302	0.01293	0.00796	0.70091	0.05054	0.02641	0.01134	0.01213	0.00842	0.04834	0.00537	0.00149	0.00474	0.00420	0.03508	0.00721
27	0.01022	0.01006	0.01664	0.29410	0.42161	0.03303	0.06435	0.01290	0.00963	0.01316	0.00808	0.01125	0.00657	0.00443	0.00522	0.00143	0.06506	0.00403	0.00213	0.00610
28	0.01253	0.01050	0.01104	0.04512	0.01297	0.03554	0.00763	0.21984	0.53043	0.02042	0.01617	0.01534	0.03036	0.00590	0.00453	0.00146	0.00410	0.00479	0.00435	0.00699
29	0.10634	0.01257	0.05376	0.04140	0.13864	0.23367	0.01871	0.08472	0.02020	0.01466	0.03192	0.16025	0.01152	0.00709	0.02395	0.00155	0.02548	0.00521	0.00293	0.00543
30	0.00879	0.07497	0.50447	0.05315	0.01654	0.00992	0.01298	0.01280	0.02670	0.01325	0.01071	0.04835	0.00957	0.04463	0.00582	0.00164	0.04636	0.09121	0.00234	0.00581
31	0.01668	0.01247	0.01324	0.01016	0.01373	0.02548	0.00837	0.75528	0.02041	0.02737	0.01057	0.01064	0.00754	0.00527	0.00442	0.00131	0.00490	0.00395	0.00437	0.04385
32	0.00795	0.02217	0.13835	0.00722	0.00940	0.04016	0.00659	0.01061	0.02784	0.05355	0.52185	0.06116	0.05925	0.00813	0.00499	0.00141	0.00327	0.00702	0.00423	0.00485
33	0.01294	0.06658	0.07161	0.01168	0.03855	0.07218	0.17945	0.10526	0.07840	0.13226	0.01055	0.01138	0.00781	0.00452	0.00452	0.00126	0.02351	0.00396	0.00320	0.16040
34	0.01015	0.01132	0.02436	0.01757	0.02168	0.01067	0.71997	0.01362	0.01019	0.01384	0.00946	0.01328	0.00751	0.05276	0.04079	0.00191	0.00755	0.00533	0.00229	0.00576
35	0.00549	0.00409	0.00512	0.00586	0.00645	0.00372	0.00405	0.00643	0.00915	0.01191	0.06579	0.60930	0.20471	0.01316	0.00560	0.00173	0.00253	0.02701	0.00419	0.00370
36	0.00956	0.00910	0.05008	0.04547	0.04727	0.01731	0.16808	0.05399	0.17327	0.03710	0.18935	0.06221	0.07681	0.00679	0.00511	0.00148	0.02036	0.00618	0.01481	0.00565
37	0.00878	0.00698	0.00877	0.01029	0.12174	0.04818	0.00679	0.06427	0.04789	0.04530	0.04778	0.38787	0.02202	0.01037	0.00532	0.00168	0.00376	0.14343	0.00390	0.00489
38	0.01061	0.01193	0.02563	0.01966	0.09729	0.01125	0.72535	0.01427	0.01052	0.01436	0.00899	0.01197	0.00682	0.00379	0.00520	0.00149	0.00733	0.00516	0.00226	0.00613
39	0.00545	0.00389	0.00519	0.00623	0.00649	0.00363	0.00415	0.00623	0.00856	0.01142	0.02465	0.83987	0.02959	0.01401	0.00571	0.00182	0.00260	0.01272	0.00415	0.00363
40	0.05993	0.01301	0.01095	0.02909	0.01267	0.25289	0.00774	0.11906	0.34400	0.01709	0.01345	0.01547	0.01085	0.00591	0.00442	0.00142	0.00516	0.06704	0.00368	0.00617
41	0.00817	0.27412	0.01240	0.00734	0.00911	0.00947	0.00625	0.00972	0.00780	0.01043	0.01014	0.01424	0.00944	0.02403	0.56166	0.00519	0.00968	0.00402	0.00224	0.00455
42	0.00810	0.00496	0.00649	0.00591	0.00728	0.00450	0.00450	0.01008	0.01247	0.12456	0.65280	0.05296	0.07016	0.00888	0.00518	0.00142	0.00236	0.00779	0.00495	0.00464
43	0.00666	0.00504	0.00712	0.00698	0.00753	0.00588	0.00522	0.00784	0.00701	0.01001	0.01204	0.01973	0.01198	0.21926	0.58165	0.00616	0.06858	0.00513	0.00244	0.00376
44	0.01641	0.02010	0.01278	0.01144	0.01374	0.72424	0.00869	0.07827	0.01306	0.01228	0.00716	0.00835	0.00591	0.00482	0.00456	0.00120	0.04615	0.00302	0.00246	0.00536
45	0.01064	0.01249	0.04322	0.01807	0.02243	0.04530	0.72643	0.01426	0.01057	0.01411	0.00935	0.03399	0.00733	0.00409	0.00521	0.00150	0.00741	0.00533	0.00231	0.00595
46	0.00536	0.00453	0.00464	0.00461	0.00609	0.00381	0.00346	0.00656	0.01037	0.01250	0.10018	0.04236	0.75794	0.01117	0.00529	0.00150	0.00225	0.00934	0.00421	0.00381
47	0.00666	0.00482	0.00589	0.00591	0.00700	0.00452	0.00431	0.00891	0.06649	0.04226	0.34123	0.27191	0.19186	0.01069	0.00533	0.00156	0.00244	0.00940	0.00453	0.00427
48	0.01625	0.01194	0.01281	0.00990	0.01323	0.01319	0.00809	0.74313	0.01999	0.02679	0.01098	0.01207	0.00823	0.06536	0.00579	0.00156	0.00488	0.00420	0.00435	0.00726
49	0.00740	0.00596	0.00678	0.00640	0.00798	0.00603	0.00492	0.01213	0.22860	0.01641	0.35998	0.03213	0.23585	0.00902	0.00512	0.00149	0.00263	0.04169	0.00459	0.00488
50	0.00550	0.00393	0.00523	0.00620	0.00650	0.00366	0.00416	0.00634	0.00877	0.01175	0.06506	0.79852	0.03023	0.01376	0.00569	0.00180	0.00257	0.01248	0.00419	0.00366
51	0.01113	0.00961	0.01011	0.00910	0.01163	0.01113	0.00708	0.02377	0.80681	0.01871	0.01821	0.01669	0.01365	0.00607	0.00455	0.00152	0.00354	0.00506	0.00455	0.00708
52	0.00776	0.00666	0.00982	0.00885	0.01019	0.03441	0.13884	0.07078	0.00978	0.01295	0.01858	0.48529	0.02080	0.06858	0.07243	0.00231	0.00467	0.00938	0.00356	0.00437
53	0.01329	0.01132	0.04144	0.05028	0.11866	0.01209	0.00911	0.33452	0.32052	0.02150	0.01308	0.01308	0.00972	0.00538	0.00449	0.00142	0.00455	0.00439	0.00400	0.00718
54	0.01031	0.01106	0.01976	0.19209	0.02172	0.05312	0.40317	0.02907	0.00974	0.01304	0.00819	0.01149	0.00649	0.00543	0.02484	0.00169	0.16647	0.00458	0.00219	0.00553
55	0.00587	0.00420	0.00565	0.00656	0.00705	0.00398	0.00475	0.00702	0.00928	0.01240	0.09660	0.61259	0.02999	0.01325	0.00576	0.00183	0.00285	0.16237	0.00422	0.00378
56	0.01247	0.01229	0.01229	0.05022	0.10974	0.20146	0.03553	0.04795	0.37330	0.03679	0.02386	0.03055	0.02253	0.00556	0.00448	0.00140	0.00507	0.00458	0.00356	0.00638
57	0.01033	0.01020	0.01660	0.34256	0.40198	0.04820	0.07096	0.02154	0.00996	0.01332	0.00823	0.01134	0.00657	0.00421	0.00449	0.00140	0.00586	0.00403	0.00216	0.00609
58	0.00602	0.00490	0.00537	0.00519	0.00663	0.00443	0.00391	0.00827	0.06684	0.01438	0.28274	0.03819	0.51653	0.01028	0.00523	0.00148	0.00231	0.00871	0.00442	0.00415
59	0.00645	0.00455	0.00598	0.00598	0.00637	0.00494	0.00409	0.00721	0.00683	0.00949	0.01308	0.02367	0.01383	0.45550	0.40674	0.00570	0.00800	0.00569	0.00256	0.00332
60	0.01010	0.15000	0.57002	0.01203	0.01760	0.03148	0.04834	0.05044	0.00994	0.01403	0.00780	0.00925	0.00583	0.00437	0.00452	0.00136	0.04115	0.00330	0.00204	0.00639
61	0.01051	0.01298	0.11258	0.06125	0.16706	0.04532	0.42590	0.01385	0.01008	0.01378	0.00861	0.02034	0.00681	0.00434	0.00559	0.00148	0.06658	0.00463	0.00220	0.00609
62	0.00855	0.00812	0.01369	0.77742	0.02977	0.01014	0.02833	0.01146	0.00888	0.01146	0.00788	0.01183	0.00598	0.00461	0.00496	0.00151	0.04442	0.00400	0.00199	0.00499
63	0.00985	0.00970	0.01503	0.38846	0.23717	0.05204	0.06158	0.01288	0.04298	0.01277	0.00887	0.03586	0.00733	0.00486	0.00521	0.00146	0.06339	0.00427	0.00227	0.02401
64	0.05649	0.02073	0.01239	0.01126	0.01359	0.78705	0.00847	0.01764	0.01244	0.01137	0.00688	0.00803	0.00572	0.00459	0.00397	0.00116	0.00785	0.00286	0.00233	0.00517
65	0.00645	0.00456	0.00599	0.00599	0.00637	0.00494	0.00409	0.00722	0.00683	0.00950	0.01308	0.02365	0.01382	0.45396	0.40826	0.00571	0.00801	0.00568	0.00256	0.00333
66	0.01196	0.84548	0.02344	0.00765	0.01148	0.01770	0.00765	0.01339	0.00909	0.01052	0.00622	0.00718	0.00574	0.00383	0.00287	0.00096	0.00478	0.00239	0.00191	0.00574
67	0.00548	0.00390	0.00518	0.00619	0.00645	0.00365	0.00411	0.00624	0.00851	0.01135	0.02437	0.81818	0.02923	0.03619	0.00617	0.00188	0.00264	0.01255	0.00411	0.00361
68	0.00845	0.00795	0.01342	0.83204	0.03081	0.00994	0.01242	0.01143	0.00894	0.01143	0.00795	0.01193	0.00596	0.00447	0.00447	0.00149	0.00596	0.00398	0.00199	0.00497
69	0.00858	0.00809	0.01366	0.79078	0.07102	0.00997	0.01249	0.01155	0.00901	0.01159	0.00797	0.01188	0.00602	0.00445	0.00447	0.00148	0.00593	0.00398	0.00200	0.00508
70	0.00595	0.00436	0.00590	0.00662	0.00708	0.00414	0.02032	0.03390	0.00904	0.01206	0.02386	0.79444	0.02836	0.01351	0.00566	0.00179	0.00278	0.01227	0.00413	0.00382
71	0.00552	0.00395	0.00528	0.00631	0.00661	0.00370	0.00428	0.00636	0.00864	0.01150	0.02461	0.80667	0.02942	0.01394	0.00573	0.00183	0.00266	0.04519	0.00415	0.00365
72	0.03529	0.01067	0.04781	0.00928	0.01272	0.01062	0.00784	0.32710	0.17943	0.28959	0.01437	0.01333	0.00987	0.00549	0.00445	0.00140	0.00431	0.00433	0.00469	0.00740
73	0.87439	0.00865	0.00657	0.00588	0.00865	0.01003	0.00484	0.01315	0.00761	0.02007	0.00623	0.00727	0.00484	0.00415	0.00277	0.00138	0.00346	0.00242	0.00277	0.00484
74	0.01623	0.01057	0.01189	0.00925	0.01248	0.01124	0.00759	0.54970	0.01839	0.17818	0.11458	0.01450	0.01270	0.00588	0.00458	0.00136	0.00435	0.00464	0.00474	0.00718
75	0.00904	0.04058	0.80273	0.01264	0.01919	0.01054	0.01634	0.01415	0.00944	0.01409	0.00799	0.00940	0.00567	0.00424	0.00422	0.00141	0.00657	0.00329	0.00189	0.00659
76	0.00845	0.00795	0.01342	0.83204	0.03081	0.00994	0.01242	0.01143	0.00894	0.01143	0.00795	0.01193	0.00596	0.00447	0.00447	0.00149	0.00596	0.00398	0.00199	0.00497
77	0.00558	0.00394	0.00518	0.00607	0.00639	0.00367	0.00406	0.00623	0.00849	0.01122	0.02489	0.73055	0.07795	0.03063	0.00663	0.04636	0.00268	0.01193	0.00401	0.00354
78	0.00538	0.00450	0.00463	0.00466	0.00604	0.00381	0.00344	0.00649	0.01007	0.01214	0.07046	0.08043	0.71901	0.04172	0.00594	0.00162	0.00235	0.00944	0.00413	0.00375
79	0.01161	0.67507	0.02069	0.04601	0.01210	0.07020	0.00764	0.01305	0.00912	0.01052	0.00695	0.00886	0.00645	0.03820	0.04644	0.00145	0.00541	0.00278	0.00200	0.00546
80	0.01076	0.01119	0.01340	0.03344	0.04617	0.12593	0.00962	0.02963	0.00819	0.01135	0.00660	0.01008	0.00622	0.00840	0.05383	0.00206	0.60218	0.00382	0.00210	0.00504
81	0.00545	0.00391	0.00517	0.00619	0.00648	0.00364	0.00413	0.00623	0.00860	0.01143	0.02514	0.82113	0.04802	0.01395	0.00570	0.00181	0.00259	0.01264	0.00415	0.00364
82	0.00551	0.00396	0.00519	0.00609	0.00643	0.00369	0.00408	0.00635	0.00877	0.01168	0.06178	0.74706	0.06277	0.03606	0.00613	0.00185	0.00261	0.01220	0.00415	0.00364
83	0.01270	0.08953	0.01151	0.00972	0.05229	0.28874	0.00719	0.06274	0.10327	0.07654	0.03929	0.09142	0.12322	0.00672	0.00443	0.00133	0.00510	0.00530	0.00341	0.00552
84	0.01028	0.05184	0.00844	0.00705	0.00818	0.17666	0.00492	0.07885	0.00946	0.03979	0.01216	0.03458	0.01272	0.49354	0.03090	0.00315	0.00529	0.00532	0.00286	0.00402
85	0.01019	0.21533	0.05399	0.00849	0.01105	0.01054	0.00763	0.10792	0.15181	0.01526	0.02319	0.05340	0.03566	0.00868	0.03557	0.00174	0.00458	0.23586	0.00352	0.00556
86	0.03054	0.17003	0.39425	0.01262	0.09618	0.03423	0.01256	0.16979	0.01180	0.01637	0.00820	0.00936	0.00619	0.00438	0.00402	0.00130	0.00578	0.00332	0.00247	0.00662

[dist]
# distance from previous block
# <min> <max>
0	10

[block]
# block no. 3 follows, 58 sequences, length 79
# corresponding to MSA columns:
# 584-662
name=unknown_D
#
# <colnr> <probs for GDERKNQSTAVLIFYWHMCP>
#	G	D	E	R	K	N	Q	S	T	A	V	L	I	F	Y	W	H	M	C	P
0	0.01198	0.05106	0.01317	0.21187	0.12101	0.26307	0.00964	0.02791	0.15832	0.01321	0.01034	0.01205	0.01991	0.00645	0.04980	0.00166	0.00629	0.00389	0.00268	0.00571
1	0.00947	0.12515	0.36733	0.04787	0.01631	0.01033	0.09282	0.04902	0.02302	0.01464	0.09861	0.01387	0.04689	0.00504	0.00430	0.00132	0.00540	0.00424	0.00258	0.06178
2	0.00849	0.00693	0.00804	0.00613	0.00899	0.00550	0.00457	0.00992	0.00849	0.01291	0.00968	0.01492	0.00934	0.24019	0.00880	0.00170	0.00360	0.00374	0.00267	0.62538
3	0.09610	0.01011	0.09975	0.00861	0.01202	0.00875	0.00770	0.12785	0.12106	0.35503	0.05188	0.01597	0.02772	0.00582	0.00442	0.00143	0.00411	0.03039	0.00449	0.00682
4	0.00695	0.00471	0.00536	0.00525	0.00545	0.00479	0.00312	0.04298	0.00726	0.00972	0.01423	0.05543	0.01615	0.74943	0.04802	0.00421	0.00456	0.00654	0.00283	0.00301
5	0.00720	0.00485	0.00605	0.00646	0.00715	0.00476	0.00453	0.02072	0.06486	0.05657	0.02196	0.47142	0.04456	0.17701	0.00896	0.00228	0.00324	0.07944	0.00397	0.00402
6	0.00687	0.00530	0.00645	0.00700	0.00783	0.00547	0.00498	0.01051	0.19723	0.01323	0.02309	0.60915	0.02565	0.01206	0.00546	0.00176	0.00289	0.04636	0.00425	0.00447
7	0.41007	0.13682	0.05621	0.00826	0.01101	0.15150	0.00720	0.03990	0.00920	0.01593	0.00671	0.00808	0.00551	0.00465	0.00446	0.00134	0.09649	0.00280	0.01865	0.00522
8	0.04904	0.00972	0.01153	0.00887	0.01235	0.00977	0.00733	0.34921	0.01608	0.45711	0.01433	0.01305	0.00939	0.00542	0.00443	0.00137	0.00426	0.00423	0.00499	0.00751
9	0.00575	0.00455	0.00517	0.00502	0.00633	0.00397	0.00376	0.00731	0.01129	0.01467	0.38452	0.03879	0.47225	0.01036	0.00528	0.00146	0.00220	0.00884	0.00449	0.00397
10	0.01071	0.00989	0.01636	0.38563	0.24285	0.01089	0.11130	0.13023	0.01129	0.01517	0.00863	0.01153	0.00662	0.00438	0.00456	0.00143	0.00583	0.00415	0.00246	0.00608
11	0.00766	0.00427	0.00444	0.00439	0.00551	0.00412	0.00330	0.00960	0.00989	0.01616	0.11327	0.02250	0.13214	0.00657	0.00370	0.00115	0.00211	0.00540	0.63971	0.00412
12	0.00550	0.00391	0.00518	0.00617	0.00641	0.00367	0.00409	0.00624	0.00847	0.01129	0.02417	0.80296	0.02898	0.05176	0.00649	0.00193	0.00267	0.01243	0.00409	0.00359
13	0.01035	0.00854	0.01121	0.00850	0.03636	0.00691	0.07200	0.04434	0.01009	0.05967	0.00871	0.00995	0.00694	0.00358	0.00362	0.00082	0.00382	0.00307	0.00284	0.68867
14	0.00583	0.00418	0.00562	0.00664	0.00709	0.00397	0.00481	0.00690	0.00898	0.01187	0.02485	0.64970	0.04441	0.01359	0.00580	0.00186	0.00292	0.18305	0.00415	0.00374
15	0.01162	0.05561	0.04985	0.00951	0.01281	0.00856	0.12570	0.11924	0.04450	0.13521	0.02492	0.15473	0.01213	0.00611	0.00445	0.00128	0.00434	0.00544	0.00356	0.21042
16	0.01233	0.01072	0.08713	0.00987	0.04974	0.00906	0.04343	0.19727	0.07256	0.10041	0.01092	0.03441	0.00843	0.00467	0.00409	0.00113	0.00433	0.00387	0.00345	0.33220
17	0.03281	0.01123	0.01345	0.01167	0.08833	0.01201	0.04218	0.47878	0.10556	0.11588	0.01191	0.01190	0.00851	0.00519	0.00445	0.00135	0.00471	0.00418	0.00421	0.03168
18	0.01012	0.06828	0.00919	0.00726	0.00926	0.00662	0.02983	0.05195	0.02669	0.16568	0.24015	0.03043	0.12879	0.03630	0.00566	0.00161	0.00345	0.15924	0.00437	0.00512
19	0.00845	0.00795	0.01342	0.83204	0.03081	0.00994	0.01242	0.01143	0.00894	0.01143	0.00795	0.01193	0.00596	0.00447	0.00447	0.00149	0.00596	0.00398	0.00199	0.00497
20	0.01233	0.39296	0.19483	0.00943	0.01354	0.05911	0.00961	0.14718	0.03691	0.03608	0.00889	0.04440	0.00745	0.00478	0.00373	0.00120	0.00523	0.00348	0.00264	0.00622
21	0.06311	0.01216	0.01330	0.01109	0.04449	0.12138	0.08025	0.31989	0.12500	0.13031	0.02670	0.01218	0.00907	0.00519	0.00442	0.00136	0.00512	0.00418	0.00396	0.00683
22	0.00537	0.00453	0.00465	0.00462	0.00609	0.00381	0.00346	0.00658	0.01039	0.01254	0.10554	0.04229	0.75257	0.01116	0.00529	0.00150	0.00225	0.00933	0.00421	0.00381
23	0.05687	0.00947	0.01047	0.00959	0.05573	0.01044	0.00716	0.22383	0.35846	0.04091	0.11289	0.01763	0.05436	0.00629	0.00456	0.00144	0.00377	0.00516	0.00436	0.00660
24	0.03983	0.01375	0.01780	0.01392	0.03960	0.16024	0.28762	0.32230	0.01489	0.01926	0.00917	0.01061	0.00686	0.00463	0.00479	0.00138	0.01952	0.00421	0.00314	0.00647
25	0.04195	0.00932	0.01040	0.00857	0.01161	0.05399	0.00688	0.06862	0.27898	0.42244	0.01689	0.01522	0.02299	0.00570	0.00445	0.00142	0.00399	0.00458	0.00486	0.00716
26	0.00531	0.00453	0.00456	0.00455	0.00605	0.00378	0.00341	0.00646	0.01024	0.01219	0.05957	0.04287	0.79875	0.01129	0.00529	0.00151	0.00226	0.00942	0.00417	0.00378
27	0.00786	0.00736	0.01193	0.01106	0.09862	0.00698	0.19130	0.01093	0.07639	0.01467	0.19595	0.05872	0.27364	0.00796	0.00515	0.00148	0.00392	0.00735	0.00370	0.00503
28	0.04332	0.05081	0.06666	0.01214	0.01585	0.02462	0.22229	0.33873	0.08413	0.03244	0.01122	0.05727	0.00885	0.00528	0.00461	0.00141	0.00546	0.00475	0.00351	0.00663
29	0.01413	0.01233	0.01119	0.00963	0.01220	0.23947	0.03759	0.05453	0.30905	0.15601	0.01427	0.01458	0.02030	0.05190	0.00541	0.00153	0.00508	0.00443	0.02009	0.00628
30	0.00824	0.00418	0.00421	0.00421	0.00519	0.00418	0.00310	0.01021	0.00922	0.01623	0.01456	0.01738	0.01173	0.05167	0.00422	0.00123	0.00221	0.00430	0.81965	0.00409
31	0.15981	0.01216	0.01162	0.00943	0.01241	0.12359	0.00765	0.38876	0.04357	0.11449	0.01029	0.01054	0.00745	0.00525	0.00471	0.00137	0.05276	0.00369	0.01388	0.00660
32	0.01131	0.01108	0.01792	0.02678	0.78069	0.04539	0.01351	0.01390	0.01029	0.01446	0.00835	0.01094	0.00703	0.00401	0.00441	0.00132	0.00543	0.00394	0.00222	0.00700
33	0.00548	0.00476	0.00492	0.00484	0.00629	0.00420	0.00367	0.00661	0.01005	0.01203	0.04363	0.04163	0.77861	0.01118	0.00569	0.00153	0.03780	0.00920	0.00406	0.00382
34	0.01083	0.01038	0.01771	0.10257	0.74169	0.01056	0.01361	0.01351	0.01007	0.01432	0.00837	0.01115	0.00698	0.00403	0.00443	0.00134	0.00537	0.00398	0.00219	0.00689
35	0.01557	0.13449	0.01439	0.01180	0.05787	0.64311	0.00874	0.01719	0.03624	0.01133	0.00725	0.00837	0.00607	0.00451	0.00391	0.00115	0.00732	0.00294	0.00231	0.00543
36	0.00545	0.00389	0.00519	0.00623	0.00649	0.00363	0.00415	0.00623	0.00856	0.01142	0.02465	0.83987	0.02959	0.01401	0.00571	0.00182	0.00260	0.01272	0.00415	0.00363
37	0.00633	0.00457	0.00598	0.00563	0.00668	0.00422	0.00422	0.00844	0.01266	0.01794	0.81253	0.03341	0.04221	0.00914	0.00528	0.00141	0.00211	0.00809	0.00492	0.00422
38	0.00650	0.00435	0.00496	0.00496	0.00498	0.00438	0.00281	0.00655	0.00653	0.00873	0.01402	0.02888	0.01609	0.81589	0.04944	0.00443	0.00459	0.00645	0.00270	0.00275
39	0.07319	0.00768	0.01014	0.00783	0.01125	0.00679	0.00647	0.02126	0.01248	0.76837	0.01694	0.01473	0.01069	0.00545	0.00439	0.00138	0.00378	0.00437	0.00536	0.00744
40	0.00562	0.00449	0.00504	0.00509	0.00634	0.00391	0.00380	0.00698	0.01063	0.01348	0.22994	0.12557	0.51748	0.01111	0.00536	0.00153	0.00232	0.03309	0.00434	0.00388
41	0.00553	0.00395	0.00528	0.00632	0.00661	0.00370	0.00429	0.00636	0.00864	0.01151	0.02461	0.80461	0.02941	0.01394	0.00573	0.00183	0.00266	0.04721	0.00415	0.00366
42	0.00548	0.00428	0.00500	0.00549	0.00641	0.00379	0.00393	0.00654	0.00957	0.01207	0.06398	0.39431	0.40334	0.01248	0.00551	0.00167	0.00249	0.04574	0.00418	0.00375
43	0.17142	0.00767	0.00945	0.00744	0.01070	0.00707	0.00613	0.01960	0.01177	0.64163	0.01680	0.01500	0.04421	0.00554	0.00422	0.00139	0.00368	0.00434	0.00499	0.00696
44	0.11128	0.04506	0.02889	0.01259	0.08284	0.52312	0.07966	0.01622	0.01142	0.01281	0.00739	0.00885	0.00604	0.00441	0.00398	0.00122	0.00695	0.00317	0.02870	0.00540
45	0.01602	0.10262	0.01395	0.01175	0.04442	0.71348	0.00874	0.01726	0.01222	0.01105	0.00690	0.00809	0.00581	0.00451	0.00393	0.00114	0.00764	0.00288	0.00226	0.00531
46	0.01049	0.01108	0.02126	0.13623	0.27412	0.02345	0.39677	0.01365	0.01010	0.01382	0.00854	0.01158	0.00671	0.00411	0.00524	0.00146	0.03845	0.00460	0.00220	0.00616
47	0.00548	0.00395	0.00519	0.00613	0.00648	0.00366	0.00412	0.00632	0.00880	0.01170	0.05590	0.77297	0.06534	0.01371	0.00567	0.00179	0.00256	0.01239	0.00418	0.00366
48	0.00552	0.00454	0.00485	0.00477	0.00618	0.00387	0.00358	0.00687	0.01074	0.01338	0.21490	0.04092	0.64268	0.01085	0.00528	0.00149	0.00223	0.00914	0.00432	0.00387
49	0.01323	0.00981	0.01063	0.00906	0.01185	0.01096	0.00719	0.18390	0.52953	0.10862	0.01648	0.01530	0.01204	0.00584	0.00448	0.00145	0.00381	0.00475	0.03393	0.00715
50	0.00562	0.00408	0.00525	0.00612	0.00656	0.00380	0.00422	0.00650	0.00876	0.01149	0.02630	0.64598	0.11605	0.05956	0.00664	0.00194	0.00277	0.07064	0.00407	0.00364
51	0.00622	0.00457	0.00583	0.00551	0.00662	0.00417	0.00413	0.00823	0.01240	0.01733	0.73236	0.03442	0.12276	0.00937	0.00528	0.00142	0.00213	0.00823	0.00484	0.00417
52	0.00898	0.00842	0.01405	0.72707	0.02902	0.01031	0.04979	0.04704	0.00949	0.01230	0.00806	0.01180	0.00607	0.00460	0.00487	0.00150	0.03534	0.00404	0.00211	0.00514
53	0.00717	0.00518	0.00731	0.03326	0.00980	0.00523	0.00723	0.00920	0.01018	0.01324	0.02325	0.08482	0.02531	0.01219	0.00611	0.00203	0.00411	0.72623	0.00406	0.00412
54	0.05960	0.01174	0.01689	0.02444	0.67842	0.10385	0.01265	0.01417	0.01033	0.01450	0.00812	0.01052	0.00681	0.00407	0.00429	0.00131	0.00553	0.00377	0.00226	0.00674
55	0.01133	0.01112	0.01791	0.02673	0.77810	0.04802	0.01349	0.01392	0.01030	0.01445	0.00835	0.01093	0.00702	0.00401	0.00441	0.00132	0.00544	0.00393	0.00222	0.00700
56	0.00641	0.00471	0.00677	0.00677	0.00742	0.00536	0.00507	0.00772	0.00706	0.01007	0.01237	0.01971	0.01211	0.18110	0.67878	0.00667	0.01059	0.00510	0.00245	0.00376
57	0.02320	0.00836	0.00913	0.00838	0.04544	0.03573	0.00597	0.24375	0.08651	0.02923	0.04098	0.01868	0.01250	0.27389	0.03116	0.00245	0.02787	0.00503	0.08649	0.00523
58	0.00546	0.00424	0.00499	0.00556	0.00642	0.00377	0.00396	0.00645	0.00937	0.01181	0.03383	0.44786	0.37922	0.01274	0.00554	0.00169	0.00252	0.04671	0.00415	0.00372
59	0.01014	0.01106	0.05090	0.01279	0.04137	0.04792	0.06045	0.01155	0.00757	0.01129	0.00631	0.00989	0.00596	0.00714	0.01279	0.00185	0.67996	0.00393	0.00200	0.00513
60	0.00963	0.00796	0.00953	0.00697	0.01076	0.00625	0.01975	0.01214	0.04617	0.04160	0.03972	0.01079	0.00847	0.00375	0.00352	0.00077	0.00337	0.00308	0.00291	0.75286
61	0.05530	0.00823	0.00987	0.00799	0.01090	0.00811	0.00657	0.21219	0.02573	0.38532	0.06107	0.01912	0.05732	0.00648	0.00457	0.00142	0.00383	0.06560	0.04372	0.00665
62	0.01196	0.84548	0.02344	0.00765	0.01148	0.01770	0.00765	0.01339	0.00909	0.01052	0.00622	0.00718	0.00574	0.00383	0.00287	0.00096	0.00478	0.00239	0.00191	0.00574
63	0.00552	0.00408	0.00519	0.00604	0.00656	0.00374	0.00419	0.00643	0.00895	0.01165	0.02826	0.65516	0.16794	0.01345	0.00566	0.00178	0.00262	0.05496	0.00415	0.00369
64	0.00941	0.00927	0.01362	0.24321	0.01712	0.01264	0.01053	0.01095	0.00744	0.01095	0.00646	0.01039	0.00590	0.00688	0.01180	0.00183	0.60079	0.00393	0.00197	0.00491
65	0.00542	0.00399	0.00509	0.00596	0.00642	0.00366	0.00403	0.00626	0.00882	0.01153	0.02795	0.71289	0.15444	0.01359	0.00564	0.00177	0.00254	0.01219	0.00415	0.00366
66	0.00535	0.00447	0.00465	0.00474	0.00611	0.00378	0.00350	0.00649	0.01015	0.01227	0.07614	0.11703	0.70701	0.01149	0.00533	0.00153	0.00229	0.00969	0.00419	0.00378
67	0.00721	0.00575	0.00889	0.00756	0.00855	0.00555	0.15126	0.00815	0.00781	0.01061	0.03087	0.09185	0.04410	0.53556	0.01628	0.00330	0.00457	0.00681	0.04177	0.00354
68	0.01671	0.02132	0.01268	0.01152	0.01383	0.82483	0.00864	0.01786	0.01268	0.01095	0.00691	0.00807	0.00576	0.00461	0.00403	0.00115	0.00807	0.00288	0.00230	0.00519
69	0.00555	0.00397	0.00530	0.00627	0.00660	0.00371	0.00426	0.00644	0.00881	0.01179	0.06080	0.77488	0.03003	0.01373	0.00571	0.00181	0.00263	0.03985	0.00419	0.00368
70	0.00603	0.00456	0.00556	0.00531	0.00650	0.00409	0.00398	0.00785	0.01194	0.01622	0.58785	0.03624	0.26796	0.00978	0.00528	0.00144	0.00216	0.00849	0.00470	0.00409
71	0.01193	0.23033	0.22146	0.10019	0.01698	0.10836	0.07311	0.11809	0.01135	0.03188	0.00854	0.03287	0.00687	0.00462	0.00405	0.00128	0.00592	0.00364	0.00247	0.00606
72	0.01556	0.00991	0.01090	0.00857	0.01157	0.01059	0.00701	0.50392	0.01717	0.14873	0.01267	0.01275	0.00900	0.00536	0.00418	0.00128	0.00412	0.00413	0.19571	0.00685
73	0.01589	0.01212	0.01269	0.00999	0.01327	0.03604	0.00812	0.65317	0.11813	0.02583	0.01168	0.01206	0.00862	0.03510	0.00512	0.00146	0.00482	0.00421	0.00436	0.00730
74	0.00897	0.02314	0.81962	0.01275	0.01936	0.01039	0.01653	0.01417	0.00944	0.01417	0.00803	0.00944	0.00567	0.00425	0.00425	0.00142	0.00661	0.00331	0.00189	0.00661
75	0.01700	0.01253	0.01342	0.01029	0.01387	0.01387	0.00850	0.79997	0.02103	0.02819	0.01074	0.01074	0.00761	0.00537	0.00447	0.00134	0.00492	0.00403	0.00447	0.00761
76	0.00629	0.00424	0.00494	0.00516	0.00521	0.00419	0.00301	0.00645	0.00693	0.00924	0.01629	0.19796	0.01904	0.67033	0.01922	0.00381	0.00397	0.00780	0.00301	0.00290
77	0.01107	0.01063	0.01816	0.02746	0.81489	0.01063	0.01373	0.01373	0.01019	0.01461	0.00841	0.01107	0.00709	0.00399	0.00443	0.00133	0.00531	0.00399	0.00221	0.00709
78	0.01365	0.01043	0.01075	0.00922	0.01197	0.07635	0.00734	0.17465	0.38944	0.13568	0.01566	0.01636	0.01191	0.00680	0.02767	0.00161	0.00448	0.04779	0.00438	0.02386

[dist]
# distance from previous block
# <min> <max>
0	1

[block]
# block no. 4 follows, 58 sequences, length 11
# corresponding to MSA columns:
# 664-674
name=unknown_E
#
# <colnr> <probs for GDERKNQSTAVLIFYWHMCP>
#	G	D	E	R	K	N	Q	S	T	A	V	L	I	F	Y	W	H	M	C	P
0	0.01777	0.03812	0.01104	0.00821	0.01142	0.00838	0.00674	0.19435	0.01418	0.53443	0.05139	0.01549	0.01178	0.04902	0.00542	0.00151	0.00404	0.00458	0.00500	0.00714
1	0.00897	0.02314	0.81962	0.01275	0.01936	0.01039	0.01653	0.01417	0.00944	0.01417	0.00803	0.00944	0.00567	0.00425	0.00425	0.00142	0.00661	0.00331	0.00189	0.00661
2	0.05531	0.01397	0.01248	0.01008	0.01322	0.20056	0.00810	0.54233	0.01793	0.02300	0.01144	0.01164	0.04882	0.00545	0.00434	0.00131	0.00544	0.00397	0.00388	0.00672
3	0.00777	0.00389	0.00583	0.00583	0.00583	0.00389	0.00389	0.00583	0.00583	0.00777	0.00777	0.01360	0.00777	0.01554	0.01748	0.86985	0.00389	0.00389	0.00194	0.00194
4	0.01123	0.00953	0.01010	0.00905	0.01154	0.01096	0.00704	0.06876	0.72586	0.01895	0.01805	0.05206	0.01399	0.00637	0.00460	0.00152	0.00358	0.00533	0.00453	0.00696
5	0.00928	0.00795	0.00928	0.00663	0.01060	0.00596	0.00530	0.01126	0.00928	0.01458	0.00795	0.00928	0.00663	0.00331	0.00331	0.00066	0.00331	0.00265	0.00265	0.87014
6	0.00540	0.00442	0.00471	0.00488	0.00610	0.00379	0.00353	0.00646	0.00986	0.01204	0.06675	0.18007	0.62145	0.04279	0.00601	0.00167	0.00239	0.00985	0.00413	0.00373
7	0.00834	0.00417	0.00417	0.00417	0.00521	0.00417	0.00313	0.01042	0.00938	0.01668	0.01459	0.01668	0.01147	0.00521	0.00313	0.00104	0.00208	0.00417	0.86763	0.00417
8	0.00545	0.00389	0.00519	0.00623	0.00649	0.00363	0.00415	0.00623	0.00856	0.01142	0.02465	0.83987	0.02959	0.01401	0.00571	0.00182	0.00260	0.01272	0.00415	0.00363
9	0.00928	0.00795	0.00928	0.00663	0.01060	0.00596	0.00530	0.01126	0.00928	0.01458	0.00795	0.00928	0.00663	0.00331	0.00331	0.00066	0.00331	0.00265	0.00265	0.87014
10	0.01088	0.01068	0.01664	0.18398	0.58795	0.05678	0.01296	0.01385	0.03724	0.01392	0.00857	0.01126	0.00701	0.00419	0.00442	0.00136	0.00554	0.00396	0.00225	0.00656

[dist]
# distance from previous block
# <min> <max>
0	4

[block]
# block no. 5 follows, 58 sequences, length 11
# corresponding to MSA columns:
# 679-682,699-705
name=unknown_F
#
# <colnr> <probs for GDERKNQSTAVLIFYWHMCP>
#	G	D	E	R	K	N	Q	S	T	A	V	L	I	F	Y	W	H	M	C	P
0	0.87439	0.00865	0.00657	0.00588	0.00865	0.01003	0.00484	0.01315	0.00761	0.02007	0.00623	0.00727	0.00484	0.00415	0.00277	0.00138	0.00346	0.00242	0.00277	0.00484
1	0.00646	0.00453	0.00585	0.00585	0.00618	0.00486	0.00392	0.00713	0.00679	0.00939	0.01321	0.02437	0.01413	0.50345	0.35919	0.00553	0.00754	0.00579	0.00258	0.00325
2	0.00600	0.00428	0.00582	0.00685	0.00735	0.00410	0.00510	0.00717	0.00910	0.01203	0.02435	0.59465	0.02839	0.01350	0.00586	0.00189	0.00307	0.25255	0.00414	0.00378
3	0.00897	0.00859	0.01213	0.01065	0.01084	0.01175	0.00878	0.01010	0.00693	0.01067	0.00734	0.01166	0.00715	0.01402	0.20968	0.00322	0.63666	0.00413	0.00206	0.00468
4	0.47338	0.00788	0.00784	0.00654	0.00943	0.00821	0.00537	0.01625	0.00976	0.32656	0.01132	0.01111	0.00779	0.00477	0.00346	0.00136	0.00348	0.00337	0.07628	0.00585
5	0.00979	0.00979	0.01370	0.01174	0.01174	0.01370	0.00979	0.01077	0.00685	0.01077	0.00587	0.00979	0.00587	0.00783	0.01468	0.00196	0.83461	0.00391	0.00196	0.00489
6	0.00624	0.00457	0.00585	0.00553	0.00663	0.00418	0.00415	0.00826	0.01244	0.01741	0.74367	0.03428	0.11139	0.00934	0.00528	0.00142	0.00212	0.00821	0.00486	0.00418
7	0.01700	0.01253	0.01342	0.01029	0.01387	0.01387	0.00850	0.79997	0.02103	0.02819	0.01074	0.01074	0.00761	0.00537	0.00447	0.00134	0.00492	0.00403	0.00447	0.00761
8	0.00639	0.00479	0.00719	0.00719	0.00799	0.00559	0.00559	0.00799	0.00719	0.01038	0.01198	0.01757	0.01118	0.03355	0.82507	0.00719	0.01198	0.00479	0.00240	0.00399
9	0.00543	0.00398	0.00510	0.00600	0.00643	0.00365	0.00405	0.00625	0.00878	0.01151	0.02739	0.73433	0.13336	0.01366	0.00565	0.00178	0.00255	0.01228	0.00415	0.00365
