[name]
unknown

[dist]
# distance from previous block
# <min> <max>
0	65

[block]
# block no. 0 follows, 58 sequences, length 10
# corresponding to MSA columns:
# 65-74
name=unknown_A
#
# <colnr> <probs for GDERKNQSTAVLIFYWHMCP>
#	G	D	E	R	K	N	Q	S	T	A	V	L	I	F	Y	W	H	M	C	P
0	0.00976	0.00777	0.00868	0.00787	0.01008	0.00820	0.00606	0.01720	0.43632	0.05044	0.05161	0.13216	0.04596	0.02985	0.00517	0.00154	0.00334	0.04374	0.00422	0.12006
1	0.00646	0.00517	0.00672	0.00821	0.11690	0.00480	0.00494	0.00747	0.00920	0.01186	0.06637	0.21083	0.33510	0.13912	0.00848	0.03900	0.00314	0.00866	0.00361	0.00398
2	0.03907	0.00863	0.03926	0.00826	0.01052	0.00876	0.00685	0.15207	0.10311	0.11447	0.14250	0.06162	0.09227	0.00732	0.00604	0.00148	0.11749	0.01727	0.00402	0.05898
3	0.00988	0.29931	0.41165	0.01001	0.01477	0.03876	0.01157	0.01324	0.00987	0.01334	0.11770	0.01192	0.01071	0.00479	0.00392	0.00125	0.00542	0.00364	0.00233	0.00594
4	0.00679	0.00526	0.00694	0.00697	0.00795	0.00582	0.00526	0.00967	0.11730	0.01178	0.01791	0.15684	0.08414	0.05537	0.47490	0.00492	0.00813	0.00661	0.00315	0.00429
5	0.00591	0.00446	0.00540	0.00542	0.00645	0.00403	0.00398	0.00741	0.01090	0.01454	0.39217	0.15763	0.27710	0.05195	0.00624	0.00167	0.00241	0.03397	0.00443	0.00392
6	0.04860	0.01132	0.02989	0.01148	0.01511	0.03610	0.18156	0.31514	0.03672	0.22895	0.01191	0.01210	0.00825	0.00505	0.00484	0.00141	0.02625	0.00434	0.00402	0.00698
7	0.10245	0.02888	0.04487	0.00937	0.01261	0.10924	0.02191	0.20717	0.17949	0.21921	0.01287	0.01232	0.00910	0.00524	0.00424	0.00137	0.00470	0.00402	0.00412	0.00682
8	0.00557	0.00399	0.00530	0.00615	0.00651	0.00371	0.00416	0.00653	0.00913	0.01231	0.13270	0.72928	0.03132	0.01335	0.00565	0.00176	0.00253	0.01208	0.00426	0.00371
9	0.07729	0.01152	0.01258	0.03708	0.01378	0.01260	0.00815	0.62526	0.01870	0.12165	0.01116	0.01107	0.00777	0.00527	0.00436	0.00136	0.00472	0.00397	0.00440	0.00733

[dist]
# distance from previous block
# <min> <max>
0	1

[block]
# block no. 1 follows, 58 sequences, length 27
# corresponding to MSA columns:
# 76-102
name=unknown_B
#
# <colnr> <probs for GDERKNQSTAVLIFYWHMCP>
#	G	D	E	R	K	N	Q	S	T	A	V	L	I	F	Y	W	H	M	C	P
0	0.01678	0.01919	0.01286	0.01123	0.01384	0.62812	0.00861	0.20758	0.01470	0.01513	0.00784	0.00872	0.00621	0.00479	0.00414	0.00120	0.00730	0.00316	0.00283	0.00577
1	0.00952	0.01182	0.20601	0.00826	0.01286	0.00736	0.00815	0.04419	0.00980	0.01503	0.00808	0.00938	0.00643	0.00362	0.00359	0.00087	0.00418	0.00287	0.00254	0.62543
2	0.00967	0.00544	0.00788	0.00734	0.00876	0.00575	0.00577	0.01127	0.00861	0.20633	0.01387	0.05060	0.01191	0.02596	0.59254	0.00556	0.00962	0.00505	0.00323	0.00486
3	0.00646	0.00439	0.00515	0.00506	0.00532	0.00431	0.00308	0.00697	0.00800	0.01092	0.20777	0.03028	0.02256	0.64057	0.01852	0.00363	0.00380	0.00689	0.00325	0.00308
4	0.61503	0.00990	0.02352	0.00721	0.01024	0.01102	0.00604	0.20446	0.04356	0.02187	0.00785	0.00853	0.00589	0.00453	0.00328	0.00138	0.00388	0.00294	0.00324	0.00564
5	0.01789	0.00834	0.01227	0.01269	0.20632	0.00756	0.00831	0.01984	0.01217	0.62311	0.01541	0.01422	0.01011	0.00516	0.00448	0.00137	0.00417	0.00437	0.00473	0.00748
6	0.66361	0.00750	0.00624	0.00597	0.00813	0.00848	0.00468	0.01147	0.00784	0.01797	0.01070	0.20923	0.01085	0.00654	0.00348	0.00149	0.00325	0.00492	0.00310	0.00455
7	0.00777	0.00512	0.00599	0.00558	0.00623	0.00509	0.00365	0.06509	0.00930	0.04478	0.20767	0.02837	0.02172	0.54633	0.01647	0.00329	0.00382	0.00663	0.00349	0.00363
8	0.87439	0.00865	0.00657	0.00588	0.00865	0.01003	0.00484	0.01315	0.00761	0.02007	0.00623	0.00727	0.00484	0.00415	0.00277	0.00138	0.00346	0.00242	0.00277	0.00484
9	0.00544	0.00394	0.00514	0.00611	0.00646	0.00364	0.00410	0.00624	0.00868	0.01147	0.02615	0.78213	0.08636	0.01382	0.00568	0.00179	0.00257	0.01248	0.00415	0.00364
10	0.00707	0.00454	0.00539	0.00520	0.00561	0.00441	0.00325	0.00766	0.00828	0.04732	0.20793	0.02965	0.02232	0.60292	0.01770	0.00349	0.00377	0.00680	0.00337	0.00330
11	0.55746	0.00965	0.00880	0.00731	0.01034	0.01085	0.00602	0.22731	0.03259	0.08006	0.00859	0.00903	0.00628	0.00463	0.00340	0.00138	0.00388	0.00308	0.00348	0.00585
12	0.00565	0.00420	0.00526	0.00573	0.00645	0.00381	0.00402	0.00684	0.00995	0.01325	0.23345	0.47173	0.18884	0.01221	0.00551	0.00165	0.00240	0.01086	0.00435	0.00381
13	0.66641	0.00959	0.00824	0.00695	0.00992	0.01097	0.00573	0.20401	0.01087	0.02204	0.00732	0.00811	0.00551	0.00445	0.00318	0.00137	0.00381	0.00281	0.00318	0.00551
14	0.01433	0.00621	0.00840	0.00720	0.00947	0.00547	0.00562	0.01584	0.01159	0.49665	0.11190	0.25093	0.01993	0.00836	0.00493	0.00151	0.00327	0.00724	0.00507	0.00609
15	0.45315	0.00839	0.00842	0.00700	0.00996	0.00887	0.00573	0.05853	0.05260	0.29586	0.04337	0.01175	0.00911	0.00500	0.00365	0.00139	0.00361	0.00359	0.00400	0.00604
16	0.04137	0.00891	0.01101	0.00852	0.01195	0.00862	0.00702	0.21041	0.04649	0.57344	0.01569	0.01399	0.01017	0.00548	0.00445	0.00138	0.00406	0.00435	0.00517	0.00752
17	0.01648	0.00687	0.00896	0.00713	0.01011	0.00590	0.00580	0.01807	0.01217	0.62250	0.02436	0.02197	0.20561	0.00694	0.00469	0.00141	0.00343	0.00570	0.00520	0.00668
18	0.00585	0.00445	0.00537	0.00550	0.00652	0.00400	0.00405	0.00731	0.01074	0.01420	0.33722	0.19967	0.29620	0.03180	0.00585	0.00163	0.00242	0.04891	0.00441	0.00391
19	0.00663	0.00439	0.00551	0.00596	0.00682	0.00395	0.00421	0.00765	0.00949	0.07593	0.06116	0.53610	0.21862	0.01247	0.00550	0.00170	0.00262	0.02299	0.00429	0.00402
20	0.00936	0.21117	0.01596	0.61314	0.04456	0.01184	0.01130	0.01196	0.00901	0.01128	0.00754	0.01075	0.00594	0.00430	0.00408	0.00136	0.00566	0.00359	0.00198	0.00521
21	0.01023	0.01333	0.21197	0.12511	0.52328	0.01048	0.01424	0.01355	0.00985	0.01410	0.00826	0.01078	0.00660	0.00411	0.00439	0.00137	0.00571	0.00382	0.00211	0.00670
22	0.51130	0.00895	0.00817	0.00725	0.00994	0.01020	0.00590	0.08114	0.20293	0.04610	0.01098	0.01282	0.00873	0.00528	0.00361	0.00146	0.00365	0.05243	0.00352	0.00566
23	0.00815	0.00519	0.00636	0.00632	0.00753	0.00490	0.00469	0.05312	0.01988	0.10416	0.04857	0.30199	0.21404	0.07448	0.01663	0.03672	0.00320	0.07562	0.00413	0.00431
24	0.01034	0.01170	0.02531	0.01822	0.02248	0.01106	0.75171	0.01394	0.01041	0.01414	0.00960	0.04458	0.00767	0.00425	0.00548	0.00153	0.02380	0.00554	0.00233	0.00592
25	0.29402	0.00696	0.00721	0.00671	0.00863	0.00743	0.00513	0.02446	0.12072	0.12268	0.07387	0.21489	0.01639	0.05137	0.01910	0.00176	0.00342	0.00625	0.00389	0.00510
26	0.19207	0.00812	0.00865	0.00717	0.00987	0.00830	0.00578	0.21094	0.01290	0.21500	0.02048	0.05184	0.20426	0.01929	0.00464	0.00146	0.00360	0.00550	0.00426	0.00588

[dist]
# distance from previous block
# <min> <max>
0	4

[block]
# block no. 2 follows, 58 sequences, length 32
# corresponding to MSA columns:
# 107-138
name=unknown_C
#
# <colnr> <probs for GDERKNQSTAVLIFYWHMCP>
#	G	D	E	R	K	N	Q	S	T	A	V	L	I	F	Y	W	H	M	C	P
0	0.00802	0.00587	0.00796	0.00935	0.10565	0.00577	0.00627	0.01062	0.08804	0.06354	0.08551	0.29726	0.09933	0.02422	0.00567	0.00173	0.00335	0.16298	0.00407	0.00478
1	0.00589	0.00492	0.00588	0.10496	0.00913	0.00461	0.00463	0.00736	0.01027	0.01284	0.16601	0.06762	0.53193	0.03731	0.00577	0.00159	0.00277	0.00858	0.00397	0.00395
2	0.00579	0.00417	0.00561	0.00633	0.00674	0.00413	0.00441	0.00672	0.00826	0.01110	0.02199	0.55624	0.05032	0.08791	0.16207	0.00305	0.00457	0.04328	0.00370	0.00365
3	0.00641	0.00431	0.00498	0.00507	0.00511	0.00432	0.00292	0.00653	0.00670	0.00896	0.01490	0.09612	0.01720	0.74772	0.04747	0.00422	0.00444	0.00696	0.00282	0.00283
4	0.00842	0.00751	0.01260	0.71516	0.04423	0.00922	0.01142	0.01080	0.00859	0.01105	0.00794	0.01211	0.00621	0.00580	0.00605	0.10660	0.00570	0.00396	0.00199	0.00465
5	0.00845	0.00795	0.01342	0.83204	0.03081	0.00994	0.01242	0.01143	0.00894	0.01143	0.00795	0.01193	0.00596	0.00447	0.00447	0.00149	0.00596	0.00398	0.00199	0.00497
6	0.01099	0.01186	0.01411	0.04677	0.01347	0.15719	0.04698	0.01222	0.00815	0.01099	0.00629	0.00968	0.00590	0.00692	0.01192	0.00177	0.61394	0.00380	0.00203	0.00500
7	0.00670	0.00473	0.00673	0.00681	0.00753	0.00534	0.00522	0.00810	0.00755	0.01106	0.01331	0.06418	0.01289	0.06057	0.57427	0.04233	0.02420	0.04307	0.09153	0.00387
8	0.00710	0.00508	0.00706	0.00792	0.00895	0.00504	0.00685	0.00917	0.01058	0.01394	0.11917	0.04840	0.02774	0.01197	0.00607	0.00198	0.00388	0.69076	0.00422	0.00413
9	0.00636	0.00539	0.00562	0.00553	0.00717	0.00505	0.00426	0.00941	0.13784	0.01324	0.03941	0.03936	0.62820	0.01056	0.00523	0.00155	0.00260	0.06465	0.00422	0.00433
10	0.01073	0.01113	0.10797	0.00944	0.01244	0.01087	0.00814	0.02220	0.69173	0.01801	0.01761	0.01643	0.03131	0.00597	0.00453	0.00150	0.00388	0.00495	0.00422	0.00695
11	0.00558	0.00399	0.00534	0.00638	0.00669	0.00374	0.00438	0.00645	0.00869	0.01156	0.02458	0.78195	0.02930	0.01389	0.00574	0.00183	0.00271	0.06937	0.00415	0.00367
12	0.00897	0.02314	0.81962	0.01275	0.01936	0.01039	0.01653	0.01417	0.00944	0.01417	0.00803	0.00944	0.00567	0.00425	0.00425	0.00142	0.00661	0.00331	0.00189	0.00661
13	0.00633	0.00457	0.00598	0.00563	0.00668	0.00422	0.00422	0.00844	0.01266	0.01794	0.81253	0.03341	0.04221	0.00914	0.00528	0.00141	0.00211	0.00809	0.00492	0.00422
14	0.00930	0.00802	0.00945	0.00683	0.01065	0.00627	0.00548	0.01124	0.00918	0.01443	0.00787	0.00930	0.00660	0.00349	0.00376	0.00071	0.03588	0.00270	0.00262	0.83624
15	0.00935	0.00625	0.00520	0.00506	0.00625	0.10351	0.00379	0.01132	0.00978	0.01598	0.01366	0.01563	0.01078	0.00514	0.00324	0.00106	0.00281	0.00401	0.76288	0.00429
16	0.00877	0.00815	0.01302	0.73243	0.02849	0.01008	0.01178	0.01292	0.10552	0.01231	0.00919	0.01250	0.00689	0.00467	0.00448	0.00149	0.00567	0.00411	0.00230	0.00522
17	0.01196	0.84548	0.02344	0.00765	0.01148	0.01770	0.00765	0.01339	0.00909	0.01052	0.00622	0.00718	0.00574	0.00383	0.00287	0.00096	0.00478	0.00239	0.00191	0.00574
18	0.01107	0.01063	0.01816	0.02746	0.81489	0.01063	0.01373	0.01373	0.01019	0.01461	0.00841	0.01107	0.00709	0.00399	0.00443	0.00133	0.00531	0.00399	0.00221	0.00709
19	0.01700	0.01253	0.01342	0.01029	0.01387	0.01387	0.00850	0.79997	0.02103	0.02819	0.01074	0.01074	0.00761	0.00537	0.00447	0.00134	0.00492	0.00403	0.00447	0.00761
20	0.00639	0.00479	0.00719	0.00719	0.00799	0.00559	0.00559	0.00799	0.00719	0.01038	0.01198	0.01757	0.01118	0.03355	0.82507	0.00719	0.01198	0.00479	0.00240	0.00399
21	0.01136	0.01366	0.04869	0.01741	0.02154	0.12747	0.63810	0.01472	0.01072	0.01374	0.00862	0.01135	0.00658	0.00403	0.00535	0.00147	0.03221	0.00483	0.00225	0.00590
22	0.00777	0.00389	0.00583	0.00583	0.00583	0.00389	0.00389	0.00583	0.00583	0.00777	0.00777	0.01360	0.00777	0.01554	0.01748	0.86985	0.00389	0.00389	0.00194	0.00194
23	0.00554	0.00396	0.00527	0.00617	0.00651	0.00369	0.00416	0.00645	0.00897	0.01206	0.10209	0.76061	0.03083	0.01354	0.00567	0.00178	0.00255	0.01226	0.00423	0.00369
24	0.00545	0.00389	0.00519	0.00623	0.00649	0.00363	0.00415	0.00623	0.00856	0.01142	0.02465	0.83987	0.02959	0.01401	0.00571	0.00182	0.00260	0.01272	0.00415	0.00363
25	0.01059	0.01220	0.04779	0.01858	0.09098	0.02561	0.61416	0.01398	0.01016	0.01393	0.00861	0.01160	0.00667	0.00422	0.00609	0.00153	0.09014	0.00493	0.00222	0.00601
26	0.00777	0.00389	0.00583	0.00583	0.00583	0.00389	0.00389	0.00583	0.00583	0.00777	0.00777	0.01360	0.00777	0.01554	0.01748	0.86985	0.00389	0.00389	0.00194	0.00194
27	0.00557	0.00461	0.00494	0.00511	0.00652	0.00397	0.00397	0.00683	0.01018	0.01226	0.04172	0.06084	0.68160	0.01154	0.00543	0.00160	0.00254	0.12280	0.00415	0.00382
28	0.01196	0.01002	0.01058	0.00927	0.01195	0.01151	0.00728	0.13336	0.69587	0.02005	0.01715	0.01585	0.01280	0.00597	0.00454	0.00149	0.00374	0.00491	0.00454	0.00715
29	0.00992	0.01107	0.11328	0.02831	0.11081	0.06347	0.12856	0.01293	0.05633	0.05424	0.04600	0.03721	0.09960	0.00889	0.08520	0.00206	0.11854	0.00517	0.00285	0.00556
30	0.01033	0.00991	0.01639	0.13522	0.56263	0.01072	0.01262	0.01276	0.00959	0.01364	0.02338	0.01202	0.02259	0.00483	0.00592	0.00145	0.12325	0.00415	0.00223	0.00637
31	0.71629	0.01012	0.00756	0.00670	0.00945	0.10844	0.00541	0.01427	0.00856	0.06966	0.00704	0.00787	0.00535	0.00430	0.00303	0.00136	0.00404	0.00261	0.00289	0.00506

[dist]
# distance from previous block
# <min> <max>
0	1

[block]
# block no. 3 follows, 58 sequences, length 54
# corresponding to MSA columns:
# 140-156,159-195
name=unknown_D
#
# <colnr> <probs for GDERKNQSTAVLIFYWHMCP>
#	G	D	E	R	K	N	Q	S	T	A	V	L	I	F	Y	W	H	M	C	P
0	0.00962	0.00947	0.01702	0.44448	0.25386	0.01040	0.15212	0.01279	0.02202	0.01297	0.00844	0.01178	0.00655	0.00423	0.00460	0.00145	0.00602	0.00423	0.00214	0.00580
1	0.05681	0.02989	0.11685	0.05713	0.25425	0.01116	0.32800	0.03562	0.01021	0.01474	0.00841	0.01097	0.00657	0.00414	0.00500	0.00144	0.03597	0.00430	0.00226	0.00630
2	0.01012	0.00860	0.00924	0.00859	0.01072	0.00980	0.00656	0.02066	0.66527	0.01742	0.01935	0.16265	0.01648	0.00748	0.00476	0.00157	0.00337	0.00642	0.00448	0.00647
3	0.00965	0.01062	0.02264	0.01662	0.02038	0.00995	0.65777	0.01289	0.01020	0.01381	0.01182	0.15885	0.01083	0.00559	0.00536	0.00156	0.00666	0.00660	0.00260	0.00561
4	0.00979	0.00979	0.01370	0.01174	0.01174	0.01370	0.00979	0.01077	0.00685	0.01077	0.00587	0.00979	0.00587	0.00783	0.01468	0.00196	0.83461	0.00391	0.00196	0.00489
5	0.00564	0.00397	0.00514	0.00599	0.00620	0.00376	0.00390	0.00628	0.00820	0.01093	0.02278	0.69614	0.02722	0.16097	0.00873	0.00226	0.00290	0.01162	0.00390	0.00347
6	0.01719	0.01224	0.01324	0.01015	0.01373	0.01344	0.00839	0.75376	0.02054	0.07510	0.01115	0.01101	0.00781	0.00538	0.00448	0.00134	0.00486	0.00406	0.00454	0.00761
7	0.00633	0.00457	0.00598	0.00563	0.00668	0.00422	0.00422	0.00844	0.01266	0.01794	0.81253	0.03341	0.04221	0.00914	0.00528	0.00141	0.00211	0.00809	0.00492	0.00422
8	0.00987	0.01981	0.60692	0.01212	0.01777	0.01075	0.03536	0.06254	0.15155	0.01581	0.01002	0.01088	0.00723	0.00463	0.00434	0.00143	0.00599	0.00371	0.00252	0.00674
9	0.01113	0.00961	0.01011	0.00910	0.01163	0.01113	0.00708	0.02377	0.80681	0.01871	0.01821	0.01669	0.01365	0.00607	0.00455	0.00152	0.00354	0.00506	0.00455	0.00708
10	0.01484	0.01133	0.01193	0.00946	0.01250	0.04317	0.00768	0.59490	0.05435	0.02529	0.15310	0.01492	0.01394	0.00604	0.00460	0.00135	0.00448	0.00475	0.00447	0.00689
11	0.00683	0.00432	0.00483	0.00483	0.00504	0.00435	0.00288	0.00725	0.00704	0.01015	0.01411	0.02664	0.01524	0.66694	0.04639	0.00385	0.00420	0.00603	0.15606	0.00301
12	0.00822	0.01394	0.36206	0.15651	0.01798	0.00864	0.07766	0.01211	0.03564	0.01389	0.10685	0.11448	0.04036	0.00630	0.00472	0.00149	0.00531	0.00555	0.00273	0.00555
13	0.01144	0.01357	0.03462	0.01701	0.02102	0.15527	0.61853	0.01466	0.01085	0.01362	0.00922	0.04129	0.00741	0.00430	0.00506	0.00146	0.00744	0.00509	0.00233	0.00580
14	0.01146	0.01110	0.01463	0.10908	0.37504	0.09580	0.01099	0.06193	0.15193	0.01505	0.01047	0.03975	0.00870	0.00514	0.00512	0.00142	0.05882	0.00435	0.00280	0.00642
15	0.01083	0.48844	0.33840	0.00982	0.01465	0.03079	0.01123	0.01374	0.00926	0.01198	0.00694	0.00814	0.00571	0.00408	0.00365	0.00116	0.02041	0.00279	0.00191	0.00606
16	0.01349	0.01142	0.01141	0.00967	0.01254	0.06970	0.00767	0.28384	0.48684	0.02134	0.01490	0.01408	0.01107	0.00573	0.00449	0.00143	0.00432	0.00456	0.00437	0.00712
17	0.72291	0.00847	0.00725	0.00625	0.00914	0.00942	0.00515	0.01468	0.00853	0.16155	0.00825	0.00868	0.00595	0.00440	0.00308	0.00138	0.00352	0.00279	0.00326	0.00534
18	0.00980	0.00978	0.01571	0.04466	0.05889	0.01204	0.16670	0.02589	0.03261	0.01224	0.00791	0.02071	0.00711	0.00880	0.07895	0.00223	0.47408	0.00440	0.00222	0.00527
19	0.00783	0.00603	0.00672	0.00602	0.00774	0.00583	0.00466	0.14812	0.02391	0.01720	0.32361	0.03338	0.37319	0.00939	0.00513	0.00144	0.00270	0.00792	0.00450	0.00467
20	0.01137	0.01093	0.03132	0.05970	0.50194	0.03024	0.03851	0.05981	0.17954	0.01599	0.01058	0.01221	0.00838	0.00454	0.00448	0.00138	0.00511	0.00422	0.00282	0.00692
21	0.01217	0.01013	0.01070	0.00931	0.01203	0.01161	0.00733	0.16140	0.66748	0.02039	0.01688	0.01563	0.01258	0.00594	0.00454	0.00149	0.00379	0.00487	0.00454	0.00717
22	0.01141	0.01087	0.01753	0.09299	0.64637	0.03266	0.03746	0.06937	0.01093	0.01520	0.00852	0.01107	0.00698	0.00413	0.00445	0.00134	0.00548	0.00400	0.00236	0.00686
23	0.00641	0.00471	0.00678	0.00678	0.00744	0.00537	0.00508	0.00772	0.00707	0.01008	0.01236	0.01965	0.01208	0.17704	0.68281	0.00668	0.01063	0.00510	0.00245	0.00377
24	0.01188	0.66984	0.12449	0.00839	0.01249	0.01604	0.00874	0.03805	0.00959	0.03775	0.00708	0.00805	0.00607	0.00459	0.01991	0.00117	0.00514	0.00268	0.00212	0.00594
25	0.00648	0.00442	0.00529	0.00529	0.00543	0.00456	0.00322	0.00677	0.00663	0.00898	0.01372	0.02720	0.01536	0.69930	0.16503	0.00484	0.00569	0.00620	0.00265	0.00294
26	0.00594	0.00783	0.14906	0.00599	0.00840	0.00495	0.00573	0.00779	0.01006	0.01245	0.03870	0.03709	0.66991	0.01007	0.00510	0.00149	0.00304	0.00835	0.00375	0.00428
27	0.00928	0.00795	0.00928	0.00663	0.01060	0.00596	0.00530	0.01126	0.00928	0.01458	0.00795	0.00928	0.00663	0.00331	0.00331	0.00066	0.00331	0.00265	0.00265	0.87014
28	0.01700	0.01253	0.01342	0.01029	0.01387	0.01387	0.00850	0.79997	0.02103	0.02819	0.01074	0.01074	0.00761	0.00537	0.00447	0.00134	0.00492	0.00403	0.00447	0.00761
29	0.00843	0.00531	0.00618	0.00563	0.00741	0.00471	0.00434	0.01042	0.04723	0.15669	0.22431	0.04547	0.43776	0.00957	0.00512	0.00147	0.00256	0.00808	0.00460	0.00471
30	0.87439	0.00865	0.00657	0.00588	0.00865	0.01003	0.00484	0.01315	0.00761	0.02007	0.00623	0.00727	0.00484	0.00415	0.00277	0.00138	0.00346	0.00242	0.00277	0.00484
31	0.01062	0.01239	0.15663	0.02893	0.12257	0.01093	0.09902	0.01942	0.45350	0.01672	0.01386	0.01404	0.01044	0.00518	0.00456	0.00147	0.00482	0.00461	0.00346	0.00684
32	0.00979	0.00979	0.01370	0.01174	0.01174	0.01370	0.00979	0.01077	0.00685	0.01077	0.00587	0.00979	0.00587	0.00783	0.01468	0.00196	0.83461	0.00391	0.00196	0.00489
33	0.00637	0.00447	0.00536	0.00565	0.00608	0.00436	0.00384	0.00704	0.00804	0.01053	0.04641	0.12417	0.11087	0.46898	0.02849	0.00328	0.00392	0.14555	0.00335	0.00325
34	0.00655	0.00449	0.00530	0.00552	0.00579	0.00444	0.00362	0.00701	0.00744	0.00978	0.01761	0.05510	0.05556	0.62788	0.01842	0.00372	0.00415	0.15149	0.00308	0.00305
35	0.01020	0.00995	0.01501	0.42040	0.24732	0.07000	0.05163	0.05092	0.01014	0.01319	0.00841	0.01166	0.00667	0.00592	0.04862	0.00172	0.00629	0.00401	0.00223	0.00571
36	0.00639	0.00478	0.00711	0.00711	0.00788	0.00555	0.00549	0.00794	0.00717	0.01033	0.01205	0.01798	0.01136	0.06148	0.79737	0.00709	0.01172	0.00485	0.00241	0.00395
37	0.20396	0.01088	0.03790	0.11236	0.42544	0.05136	0.05677	0.02475	0.00975	0.01545	0.00786	0.01017	0.00634	0.00412	0.00409	0.00136	0.00527	0.00364	0.00234	0.00618
38	0.73585	0.00969	0.00762	0.04329	0.01024	0.06793	0.00562	0.04939	0.00864	0.01941	0.00656	0.00769	0.00509	0.00425	0.00301	0.00137	0.00397	0.00260	0.00278	0.00500
39	0.01276	0.01350	0.01156	0.01026	0.01210	0.30208	0.00802	0.04682	0.24160	0.02567	0.05587	0.01349	0.03210	0.00621	0.00664	0.00147	0.18667	0.00427	0.00320	0.00570
40	0.00837	0.00490	0.00659	0.00641	0.00686	0.00517	0.00445	0.00901	0.14785	0.00971	0.00962	0.01415	0.00881	0.01386	0.01519	0.71588	0.00382	0.00409	0.00241	0.00285
41	0.00534	0.00454	0.00461	0.00462	0.00612	0.00381	0.00349	0.00651	0.01023	0.01220	0.05599	0.04306	0.78550	0.01132	0.00531	0.00152	0.00230	0.02557	0.00416	0.00379
42	0.01135	0.01048	0.01733	0.23575	0.34430	0.01113	0.13277	0.15263	0.01184	0.01614	0.00880	0.01139	0.00684	0.00433	0.00458	0.00140	0.00576	0.00419	0.00256	0.00646
43	0.00630	0.00457	0.00593	0.00559	0.00666	0.00421	0.00419	0.00838	0.01258	0.01775	0.78762	0.03373	0.06724	0.00922	0.00528	0.00141	0.00212	0.00813	0.00490	0.00421
44	0.00948	0.14374	0.52072	0.15744	0.02026	0.02213	0.03962	0.01362	0.00938	0.01310	0.00776	0.00961	0.00577	0.00421	0.00411	0.00136	0.00627	0.00335	0.00193	0.00615
45	0.00845	0.00795	0.01342	0.83204	0.03081	0.00994	0.01242	0.01143	0.00894	0.01143	0.00795	0.01193	0.00596	0.00447	0.00447	0.00149	0.00596	0.00398	0.00199	0.00497
46	0.01185	0.15811	0.01260	0.00881	0.01159	0.03799	0.00718	0.07419	0.52990	0.03693	0.05231	0.01507	0.01286	0.00571	0.00426	0.00139	0.00394	0.00457	0.00405	0.00670
47	0.00845	0.00795	0.01342	0.83204	0.03081	0.00994	0.01242	0.01143	0.00894	0.01143	0.00795	0.01193	0.00596	0.00447	0.00447	0.00149	0.00596	0.00398	0.00199	0.00497
48	0.01055	0.04870	0.62517	0.01233	0.01825	0.01128	0.03906	0.15348	0.01152	0.01654	0.00848	0.00968	0.00605	0.00442	0.00428	0.00139	0.00628	0.00346	0.00236	0.00674
49	0.01091	0.01165	0.02301	0.01680	0.02093	0.01138	0.62806	0.04606	0.15215	0.01564	0.01074	0.01284	0.00804	0.00424	0.00512	0.00150	0.00673	0.00519	0.00275	0.00628
50	0.00978	0.01008	0.01863	0.01415	0.01670	0.01084	0.40093	0.03660	0.01016	0.01435	0.15063	0.01514	0.01282	0.00597	0.00802	0.00162	0.25010	0.00534	0.00271	0.00542
51	0.00998	0.00838	0.00912	0.00856	0.01062	0.00949	0.00659	0.03228	0.60533	0.01726	0.01956	0.16456	0.01710	0.00784	0.00485	0.00160	0.00343	0.05271	0.00445	0.00630
52	0.00794	0.00600	0.00729	0.00728	0.00826	0.00631	0.00532	0.14784	0.03773	0.01464	0.02195	0.57333	0.06545	0.01170	0.00596	0.00171	0.05243	0.01022	0.00409	0.00454
53	0.01269	0.66940	0.02112	0.00814	0.01183	0.01660	0.00779	0.15273	0.01125	0.01375	0.00761	0.00927	0.00675	0.00439	0.00327	0.00106	0.00479	0.02912	0.00244	0.00602

[dist]
# distance from previous block
# <min> <max>
0	2

[block]
# block no. 4 follows, 58 sequences, length 155
# corresponding to MSA columns:
# 198-224,248-375
name=unknown_E
#
# <colnr> <probs for GDERKNQSTAVLIFYWHMCP>
#	G	D	E	R	K	N	Q	S	T	A	V	L	I	F	Y	W	H	M	C	P
0	0.10697	0.00556	0.00713	0.00781	0.00909	0.00566	0.00669	0.01002	0.00997	0.04807	0.02150	0.10070	0.02300	0.01125	0.00568	0.00194	0.00392	0.60669	0.00403	0.00432
1	0.75238	0.03218	0.00782	0.00644	0.00933	0.01069	0.00534	0.10329	0.00919	0.02074	0.00675	0.00766	0.00519	0.00428	0.00297	0.00137	0.00366	0.00261	0.00294	0.00519
2	0.00665	0.00542	0.00671	0.10031	0.00976	0.00537	0.00524	0.00943	0.08285	0.01482	0.32059	0.03388	0.32936	0.00931	0.00516	0.00149	0.00283	0.04221	0.00422	0.00439
3	0.00928	0.00795	0.00928	0.00663	0.01060	0.00596	0.00530	0.01126	0.00928	0.01458	0.00795	0.00928	0.00663	0.00331	0.00331	0.00066	0.00331	0.00265	0.00265	0.87014
4	0.00745	0.00400	0.00559	0.00559	0.00559	0.00400	0.00359	0.00600	0.00600	0.00800	0.00935	0.01751	0.00989	0.22214	0.01880	0.65369	0.00400	0.00454	0.00213	0.00213
5	0.00897	0.02314	0.81962	0.01275	0.01936	0.01039	0.01653	0.01417	0.00944	0.01417	0.00803	0.00944	0.00567	0.00425	0.00425	0.00142	0.00661	0.00331	0.00189	0.00661
6	0.01223	0.01017	0.01081	0.00938	0.01206	0.01170	0.00740	0.17284	0.64169	0.02040	0.01655	0.01542	0.01236	0.00597	0.00471	0.00149	0.01833	0.00484	0.00449	0.00714
7	0.00623	0.00449	0.00589	0.00570	0.00666	0.00415	0.00421	0.00819	0.01219	0.01719	0.72227	0.12580	0.04076	0.00970	0.00533	0.00145	0.00217	0.00862	0.00484	0.00415
8	0.01144	0.01184	0.03185	0.01217	0.01517	0.10439	0.22261	0.01954	0.43634	0.01617	0.02478	0.01422	0.01077	0.00536	0.00514	0.00149	0.04194	0.00482	0.00351	0.00643
9	0.00551	0.00395	0.00525	0.00627	0.00658	0.00369	0.00425	0.00634	0.00865	0.01150	0.02497	0.79870	0.04270	0.01391	0.00572	0.00182	0.00264	0.03976	0.00415	0.00365
10	0.01180	0.00994	0.01049	0.00924	0.01189	0.01144	0.00724	0.11269	0.71679	0.01980	0.01735	0.01601	0.01296	0.00599	0.00454	0.00150	0.00370	0.00494	0.00454	0.00714
11	0.01850	0.00846	0.01071	0.00839	0.01174	0.00805	0.00687	0.11446	0.12045	0.61683	0.01690	0.01489	0.01101	0.00559	0.00450	0.00140	0.00390	0.00452	0.00528	0.00754
12	0.00644	0.00420	0.00505	0.00525	0.00531	0.00415	0.00313	0.00637	0.00683	0.00911	0.01546	0.18769	0.01792	0.58422	0.01879	0.10299	0.00394	0.00743	0.00291	0.00280
13	0.85074	0.00876	0.00676	0.00600	0.00879	0.01014	0.00495	0.03485	0.00798	0.02029	0.00635	0.00736	0.00492	0.00419	0.00282	0.00138	0.00350	0.00247	0.00282	0.00492
14	0.00973	0.00966	0.01371	0.59490	0.13081	0.09140	0.01185	0.01287	0.04643	0.01209	0.00838	0.01167	0.00647	0.00465	0.00461	0.01341	0.00595	0.00392	0.00217	0.00532
15	0.01493	0.33094	0.01672	0.01007	0.01295	0.52161	0.00827	0.01618	0.01133	0.01079	0.00665	0.00773	0.00575	0.00432	0.00360	0.00108	0.00683	0.00270	0.00216	0.00539
16	0.01039	0.00993	0.01692	0.23681	0.61087	0.01045	0.01339	0.01313	0.00986	0.01379	0.00829	0.01129	0.00679	0.00411	0.00444	0.00137	0.00548	0.00398	0.00216	0.00653
17	0.06705	0.01438	0.07675	0.01376	0.03177	0.16052	0.26502	0.17038	0.02322	0.09957	0.01040	0.01190	0.00777	0.00508	0.00504	0.00152	0.02149	0.00437	0.00332	0.00670
18	0.00568	0.00440	0.00521	0.00558	0.00659	0.00393	0.00412	0.00695	0.01009	0.01291	0.15611	0.28693	0.37772	0.01191	0.00550	0.00164	0.00252	0.08410	0.00427	0.00383
19	0.00629	0.00466	0.00679	0.00691	0.00759	0.00528	0.00522	0.00768	0.00730	0.01038	0.01359	0.11262	0.01366	0.09007	0.67296	0.00637	0.01035	0.00582	0.00262	0.00386
20	0.00790	0.00656	0.00639	0.00618	0.00667	0.09878	0.00404	0.02675	0.00768	0.00970	0.01282	0.02432	0.01395	0.58240	0.16362	0.00441	0.00614	0.00573	0.00265	0.00334
21	0.05991	0.20508	0.17708	0.06438	0.03766	0.25688	0.01015	0.10093	0.02416	0.01414	0.00765	0.00886	0.00607	0.00442	0.00384	0.00123	0.00615	0.00309	0.00241	0.00591
22	0.00552	0.00461	0.00486	0.00498	0.00643	0.00394	0.00386	0.00677	0.01021	0.01224	0.04269	0.04395	0.71738	0.01145	0.00540	0.00158	0.00249	0.10368	0.00415	0.00382
23	0.00545	0.00389	0.00519	0.00623	0.00649	0.00363	0.00415	0.00623	0.00856	0.01142	0.02465	0.83987	0.02959	0.01401	0.00571	0.00182	0.00260	0.01272	0.00415	0.00363
24	0.00945	0.15577	0.69120	0.01193	0.01809	0.01157	0.01510	0.01404	0.00939	0.01358	0.00774	0.00908	0.00568	0.00418	0.00403	0.00134	0.00632	0.00316	0.00189	0.00647
25	0.00920	0.08508	0.75965	0.01237	0.01877	0.01094	0.01586	0.01411	0.00942	0.01389	0.00789	0.00927	0.00567	0.00422	0.00415	0.00138	0.00647	0.00324	0.00189	0.00655
26	0.02007	0.00761	0.01038	0.00796	0.01142	0.00657	0.00657	0.02180	0.01280	0.81799	0.01765	0.01523	0.01107	0.00554	0.00450	0.00138	0.00381	0.00450	0.00554	0.00761
27	0.00845	0.00795	0.01342	0.83204	0.03081	0.00994	0.01242	0.01143	0.00894	0.01143	0.00795	0.01193	0.00596	0.00447	0.00447	0.00149	0.00596	0.00398	0.00199	0.00497
28	0.00972	0.01054	0.03681	0.01545	0.04039	0.01023	0.49490	0.01364	0.08509	0.01397	0.01188	0.12803	0.01064	0.00645	0.02525	0.00171	0.07077	0.00610	0.00271	0.00570
29	0.00659	0.00478	0.00660	0.00743	0.00829	0.00478	0.00609	0.00825	0.00949	0.01247	0.02358	0.22537	0.06900	0.01546	0.11367	0.00265	0.00470	0.46292	0.00390	0.00397
30	0.02007	0.00761	0.01038	0.00796	0.01142	0.00657	0.00657	0.02180	0.01280	0.81799	0.01765	0.01523	0.01107	0.00554	0.00450	0.00138	0.00381	0.00450	0.00554	0.00761
31	0.00565	0.00404	0.00542	0.00646	0.00681	0.00381	0.00450	0.00658	0.00876	0.01164	0.02454	0.74944	0.02915	0.01382	0.00576	0.00184	0.00277	0.10116	0.00415	0.00369
32	0.01191	0.02992	0.11530	0.08917	0.40991	0.01083	0.05841	0.10461	0.03889	0.07353	0.00958	0.01137	0.00734	0.00439	0.00444	0.00137	0.00543	0.00402	0.00273	0.00685
33	0.01114	0.01309	0.22221	0.03121	0.13223	0.03352	0.18259	0.02837	0.01056	0.13355	0.01413	0.01528	0.09965	0.00622	0.03344	0.00163	0.01730	0.00479	0.00290	0.00620
34	0.00997	0.00979	0.03451	0.01077	0.01211	0.02830	0.04663	0.01482	0.24772	0.01369	0.01203	0.01691	0.01071	0.01767	0.02033	0.00188	0.38983	0.09378	0.00302	0.00553
35	0.00914	0.04194	0.76544	0.01328	0.05435	0.01057	0.01619	0.01413	0.00947	0.01410	0.00800	0.00946	0.00573	0.00423	0.00423	0.00140	0.00651	0.00331	0.00190	0.00661
36	0.73877	0.00925	0.00747	0.00649	0.00931	0.02646	0.00532	0.10327	0.00937	0.02077	0.02574	0.00830	0.00606	0.00442	0.00305	0.00138	0.00369	0.00275	0.00301	0.00515
37	0.10946	0.00980	0.01580	0.06136	0.58659	0.01003	0.03423	0.01315	0.00985	0.01496	0.00960	0.01442	0.00853	0.00481	0.00443	0.00142	0.00508	0.07760	0.00245	0.00642
38	0.01097	0.00945	0.00998	0.00902	0.01149	0.01092	0.00700	0.02329	0.78479	0.01851	0.01838	0.03940	0.01409	0.00629	0.00458	0.00153	0.00351	0.00527	0.00454	0.00699
39	0.00621	0.00505	0.00558	0.00550	0.00688	0.00470	0.00409	0.00885	0.10183	0.01411	0.21561	0.12814	0.45611	0.01053	0.00525	0.00152	0.00241	0.00900	0.00438	0.00424
40	0.00688	0.00491	0.00678	0.00772	0.00861	0.00485	0.00649	0.00870	0.01006	0.01320	0.06286	0.16996	0.02693	0.03200	0.00645	0.00204	0.00379	0.60961	0.00413	0.00402
41	0.00628	0.00469	0.00696	0.00708	0.00782	0.00537	0.00543	0.00779	0.00735	0.01050	0.01343	0.11177	0.01329	0.03131	0.73121	0.00657	0.01091	0.00570	0.00260	0.00395
42	0.01089	0.00888	0.00960	0.00854	0.01092	0.01000	0.00666	0.06408	0.60981	0.04157	0.13616	0.01924	0.03076	0.00656	0.00467	0.00149	0.00339	0.00551	0.00462	0.00665
43	0.06341	0.00781	0.01012	0.00775	0.01123	0.00684	0.00638	0.03686	0.01230	0.66730	0.01579	0.01403	0.01016	0.00521	0.00427	0.00130	0.00376	0.00417	0.00504	0.10627
44	0.00824	0.03580	0.00817	0.00804	0.00941	0.00638	0.00685	0.09958	0.01140	0.01488	0.04497	0.11106	0.06000	0.01126	0.00576	0.00187	0.00396	0.54375	0.00411	0.00452
45	0.74418	0.00824	0.00677	0.00615	0.00868	0.00956	0.00501	0.01294	0.03605	0.01891	0.00731	0.00878	0.00588	0.00759	0.09703	0.00205	0.00444	0.00279	0.00279	0.00483
46	0.01521	0.10714	0.01358	0.00932	0.01274	0.06095	0.00777	0.42525	0.01586	0.10436	0.01006	0.01037	0.00741	0.00496	0.00454	0.00121	0.04142	0.00360	0.00377	0.14046
47	0.00938	0.06713	0.68279	0.01205	0.01804	0.01088	0.01495	0.01522	0.10077	0.01449	0.00909	0.01015	0.00659	0.00443	0.00421	0.00140	0.00616	0.00346	0.00220	0.00662
48	0.00777	0.00389	0.00583	0.00583	0.00583	0.00389	0.00389	0.00583	0.00583	0.00777	0.00777	0.01360	0.00777	0.01554	0.01748	0.86985	0.00389	0.00389	0.00194	0.00194
49	0.00860	0.00816	0.01345	0.73807	0.02863	0.01037	0.01212	0.01135	0.00870	0.01135	0.00771	0.01168	0.00595	0.00486	0.00564	0.00154	0.10089	0.00397	0.00198	0.00496
50	0.01083	0.01117	0.02727	0.01183	0.01576	0.10187	0.29689	0.01359	0.02415	0.03301	0.00886	0.02104	0.00709	0.00388	0.00421	0.00109	0.00546	0.00386	0.00258	0.39557
51	0.00646	0.00432	0.00489	0.00494	0.00495	0.00431	0.00277	0.00649	0.00659	0.00879	0.01455	0.06435	0.01684	0.80693	0.02203	0.00423	0.00426	0.00677	0.00277	0.00275
52	0.87439	0.00865	0.00657	0.00588	0.00865	0.01003	0.00484	0.01315	0.00761	0.02007	0.00623	0.00727	0.00484	0.00415	0.00277	0.00138	0.00346	0.00242	0.00277	0.00484
53	0.00971	0.01136	0.10629	0.01201	0.01286	0.01327	0.02705	0.01123	0.00723	0.01123	0.00619	0.00980	0.00587	0.00733	0.01329	0.00189	0.72247	0.00387	0.00196	0.00511
54	0.01000	0.00793	0.00935	0.00672	0.01066	0.00600	0.00539	0.01197	0.00951	0.06881	0.00861	0.00968	0.00693	0.00346	0.00339	0.00071	0.00335	0.00278	0.00285	0.81191
55	0.00879	0.00830	0.01403	0.72776	0.13244	0.01003	0.01259	0.01173	0.00911	0.01184	0.00801	0.01182	0.00611	0.00441	0.00447	0.00147	0.00588	0.00398	0.00202	0.00524
56	0.00973	0.00925	0.01490	0.31616	0.41642	0.03168	0.01203	0.01240	0.01009	0.01374	0.10032	0.01386	0.01067	0.00477	0.00453	0.00139	0.00526	0.00442	0.00245	0.00594
57	0.00902	0.00852	0.01419	0.58268	0.14627	0.00964	0.04433	0.01188	0.00924	0.01239	0.00807	0.01150	0.00624	0.00424	0.00437	0.00137	0.00563	0.00388	0.00211	0.10444
58	0.00845	0.00795	0.01342	0.83204	0.03081	0.00994	0.01242	0.01143	0.00894	0.01143	0.00795	0.01193	0.00596	0.00447	0.00447	0.00149	0.00596	0.00398	0.00199	0.00497
59	0.01016	0.00848	0.00975	0.00705	0.01098	0.00687	0.00567	0.10161	0.01062	0.01614	0.00827	0.00944	0.00674	0.00355	0.00345	0.00074	0.00350	0.00281	0.00286	0.77133
60	0.00550	0.00423	0.00505	0.00566	0.00642	0.00383	0.00393	0.00664	0.02329	0.01188	0.04354	0.52682	0.31139	0.01284	0.00553	0.00170	0.00249	0.01133	0.00417	0.00375
61	0.08950	0.12252	0.07733	0.01085	0.05671	0.14723	0.01882	0.24994	0.08143	0.02871	0.00927	0.01007	0.00715	0.00495	0.00460	0.00132	0.05286	0.00353	0.01687	0.00634
62	0.01700	0.01253	0.01342	0.01029	0.01387	0.01387	0.00850	0.79997	0.02103	0.02819	0.01074	0.01074	0.00761	0.00537	0.00447	0.00134	0.00492	0.00403	0.00447	0.00761
63	0.00633	0.00457	0.00598	0.00563	0.00668	0.00422	0.00422	0.00844	0.01266	0.01794	0.81253	0.03341	0.04221	0.00914	0.00528	0.00141	0.00211	0.00809	0.00492	0.00422
64	0.00605	0.00456	0.00559	0.00533	0.00651	0.00410	0.00400	0.00790	0.01200	0.01636	0.60616	0.03601	0.24956	0.00973	0.00528	0.00143	0.00215	0.00845	0.00472	0.00410
65	0.00545	0.00389	0.00519	0.00623	0.00649	0.00363	0.00415	0.00623	0.00856	0.01142	0.02465	0.83987	0.02959	0.01401	0.00571	0.00182	0.00260	0.01272	0.00415	0.00363
66	0.02171	0.71863	0.03184	0.08565	0.01342	0.03352	0.00819	0.01342	0.00919	0.02102	0.00656	0.00777	0.00582	0.00394	0.00308	0.00103	0.00496	0.00259	0.00198	0.00568
67	0.01158	0.10181	0.23983	0.03772	0.09396	0.04371	0.02713	0.06077	0.15706	0.09237	0.05134	0.01304	0.02026	0.00513	0.00454	0.00138	0.02463	0.00413	0.00312	0.00649
68	0.79253	0.02882	0.00764	0.00645	0.00925	0.05512	0.01854	0.01343	0.00798	0.01925	0.00631	0.00739	0.00495	0.00416	0.00288	0.00136	0.00381	0.00250	0.00271	0.00490
69	0.00597	0.00459	0.00547	0.00535	0.00653	0.00414	0.00397	0.00781	0.02546	0.01534	0.46158	0.10328	0.31368	0.01027	0.00530	0.00148	0.00223	0.00890	0.00458	0.00407
70	0.10499	0.00973	0.01083	0.00884	0.02754	0.01018	0.00707	0.37069	0.04944	0.23614	0.01635	0.01554	0.10077	0.00597	0.00440	0.00138	0.00412	0.00465	0.00450	0.00685
71	0.02211	0.19995	0.58852	0.01155	0.01727	0.03197	0.02789	0.01400	0.00946	0.01337	0.00787	0.00963	0.00603	0.00429	0.00398	0.00132	0.00618	0.01633	0.00196	0.00631
72	0.01038	0.01072	0.01459	0.50595	0.20907	0.13763	0.02368	0.01301	0.00984	0.01213	0.00791	0.01113	0.00620	0.00437	0.00441	0.00140	0.00617	0.00383	0.00209	0.00551
73	0.00529	0.00452	0.00455	0.00457	0.00605	0.00377	0.00341	0.00642	0.01016	0.01207	0.04489	0.05953	0.79687	0.01138	0.00530	0.00152	0.00227	0.00951	0.00415	0.00377
74	0.00634	0.00457	0.00616	0.01875	0.00747	0.00421	0.02617	0.00763	0.00999	0.04187	0.21007	0.45889	0.15759	0.01172	0.00547	0.00164	0.00266	0.01048	0.00430	0.00402
75	0.10178	0.02493	0.01345	0.03565	0.17964	0.18099	0.05547	0.13717	0.08241	0.07807	0.02470	0.01190	0.00847	0.00488	0.00422	0.00133	0.00534	0.01354	0.02981	0.00626
76	0.01196	0.84548	0.02344	0.00765	0.01148	0.01770	0.00765	0.01339	0.00909	0.01052	0.00622	0.00718	0.00574	0.00383	0.00287	0.00096	0.00478	0.00239	0.00191	0.00574
77	0.00756	0.00429	0.00451	0.00445	0.00557	0.00412	0.00334	0.00950	0.01002	0.01617	0.14395	0.02334	0.13923	0.00676	0.00379	0.00117	0.00212	0.00559	0.60041	0.00412
78	0.00970	0.00990	0.03408	0.22724	0.23233	0.04395	0.11946	0.01228	0.02257	0.01277	0.00986	0.09569	0.00897	0.00583	0.00615	0.01231	0.11375	0.00500	0.01259	0.00557
79	0.01063	0.23670	0.52021	0.01128	0.01668	0.10559	0.01332	0.01439	0.00972	0.01285	0.00743	0.00870	0.00570	0.00418	0.00387	0.00127	0.00630	0.00302	0.00194	0.00622
80	0.00651	0.00434	0.00488	0.00488	0.00488	0.00434	0.00271	0.00651	0.00651	0.00867	0.01409	0.02927	0.01626	0.84279	0.02277	0.00434	0.00434	0.00651	0.00271	0.00271
81	0.00548	0.00450	0.00483	0.00490	0.00624	0.00385	0.00366	0.00672	0.01035	0.01274	0.13089	0.10739	0.63799	0.01133	0.00535	0.00154	0.00233	0.03185	0.00424	0.00383
82	0.07268	0.16398	0.03731	0.07277	0.09777	0.21870	0.07683	0.13397	0.03346	0.02529	0.00819	0.00958	0.00649	0.00451	0.00420	0.00127	0.02091	0.00344	0.00264	0.00600
83	0.01624	0.11353	0.01382	0.01067	0.01338	0.55981	0.00836	0.12272	0.03350	0.05589	0.00820	0.00892	0.00649	0.00471	0.00400	0.00118	0.00693	0.00312	0.00278	0.00575
84	0.01150	0.00933	0.01137	0.01012	0.10345	0.00875	0.00722	0.20818	0.02452	0.03139	0.04452	0.01114	0.00865	0.00440	0.00425	0.00101	0.03308	0.00350	0.00321	0.46041
85	0.10260	0.01146	0.05362	0.01253	0.10007	0.03532	0.13327	0.31216	0.02680	0.06140	0.01216	0.05362	0.04198	0.01702	0.00475	0.00145	0.00509	0.00472	0.00352	0.00646
86	0.00777	0.00389	0.00583	0.00583	0.00583	0.00389	0.00389	0.00583	0.00583	0.00777	0.00777	0.01360	0.00777	0.01554	0.01748	0.86985	0.00389	0.00389	0.00194	0.00194
87	0.00639	0.00479	0.00719	0.00719	0.00799	0.00559	0.00559	0.00799	0.00719	0.01038	0.01198	0.01757	0.01118	0.03355	0.82507	0.00719	0.01198	0.00479	0.00240	0.00399
88	0.09051	0.00934	0.00999	0.00843	0.01110	0.01017	0.00671	0.30795	0.21559	0.08664	0.01743	0.11013	0.08273	0.00697	0.00456	0.00146	0.00385	0.00566	0.00436	0.00643
89	0.01128	0.57825	0.18922	0.00987	0.01434	0.01548	0.08845	0.02590	0.00950	0.01194	0.00695	0.00819	0.00586	0.00393	0.00342	0.00111	0.00544	0.00290	0.00198	0.00598
90	0.00845	0.00795	0.01342	0.83204	0.03081	0.00994	0.01242	0.01143	0.00894	0.01143	0.00795	0.01193	0.00596	0.00447	0.00447	0.00149	0.00596	0.00398	0.00199	0.00497
91	0.87439	0.00865	0.00657	0.00588	0.00865	0.01003	0.00484	0.01315	0.00761	0.02007	0.00623	0.00727	0.00484	0.00415	0.00277	0.00138	0.00346	0.00242	0.00277	0.00484
92	0.00532	0.00453	0.00457	0.00456	0.00606	0.00379	0.00342	0.00648	0.01027	0.01225	0.06702	0.04278	0.79127	0.01127	0.00529	0.00151	0.00226	0.00940	0.00418	0.00379
93	0.00928	0.00795	0.00928	0.00663	0.01060	0.00596	0.00530	0.01126	0.00928	0.01458	0.00795	0.00928	0.00663	0.00331	0.00331	0.00066	0.00331	0.00265	0.00265	0.87014
94	0.00639	0.00479	0.00719	0.00719	0.00799	0.00559	0.00559	0.00799	0.00719	0.01038	0.01198	0.01757	0.01118	0.03355	0.82507	0.00719	0.01198	0.00479	0.00240	0.00399
95	0.00845	0.00795	0.01342	0.83204	0.03081	0.00994	0.01242	0.01143	0.00894	0.01143	0.00795	0.01193	0.00596	0.00447	0.00447	0.00149	0.00596	0.00398	0.00199	0.00497
96	0.00845	0.00795	0.01342	0.83204	0.03081	0.00994	0.01242	0.01143	0.00894	0.01143	0.00795	0.01193	0.00596	0.00447	0.00447	0.00149	0.00596	0.00398	0.00199	0.00497
97	0.87439	0.00865	0.00657	0.00588	0.00865	0.01003	0.00484	0.01315	0.00761	0.02007	0.00623	0.00727	0.00484	0.00415	0.00277	0.00138	0.00346	0.00242	0.00277	0.00484
98	0.00639	0.00479	0.00719	0.00719	0.00799	0.00559	0.00559	0.00799	0.00719	0.01038	0.01198	0.01757	0.01118	0.03355	0.82507	0.00719	0.01198	0.00479	0.00240	0.00399
99	0.00545	0.00389	0.00519	0.00623	0.00649	0.00363	0.00415	0.00623	0.00856	0.01142	0.02465	0.83987	0.02959	0.01401	0.00571	0.00182	0.00260	0.01272	0.00415	0.00363
100	0.00545	0.00389	0.00519	0.00623	0.00649	0.00363	0.00415	0.00623	0.00856	0.01142	0.02465	0.83987	0.02959	0.01401	0.00571	0.00182	0.00260	0.01272	0.00415	0.00363
101	0.00751	0.00644	0.00934	0.00870	0.00923	0.00827	0.00698	0.00891	0.00708	0.01051	0.00996	0.01500	0.00943	0.02504	0.55710	0.00546	0.28399	0.00450	0.00225	0.00429
102	0.87439	0.00865	0.00657	0.00588	0.00865	0.01003	0.00484	0.01315	0.00761	0.02007	0.00623	0.00727	0.00484	0.00415	0.00277	0.00138	0.00346	0.00242	0.00277	0.00484
103	0.00928	0.00795	0.00928	0.00663	0.01060	0.00596	0.00530	0.01126	0.00928	0.01458	0.00795	0.00928	0.00663	0.00331	0.00331	0.00066	0.00331	0.00265	0.00265	0.87014
104	0.00928	0.00795	0.00928	0.00663	0.01060	0.00596	0.00530	0.01126	0.00928	0.01458	0.00795	0.00928	0.00663	0.00331	0.00331	0.00066	0.00331	0.00265	0.00265	0.87014
105	0.87439	0.00865	0.00657	0.00588	0.00865	0.01003	0.00484	0.01315	0.00761	0.02007	0.00623	0.00727	0.00484	0.00415	0.00277	0.00138	0.00346	0.00242	0.00277	0.00484
106	0.00834	0.00417	0.00417	0.00417	0.00521	0.00417	0.00313	0.01042	0.00938	0.01668	0.01459	0.01668	0.01147	0.00521	0.00313	0.00104	0.00208	0.00417	0.86763	0.00417
107	0.87439	0.00865	0.00657	0.00588	0.00865	0.01003	0.00484	0.01315	0.00761	0.02007	0.00623	0.00727	0.00484	0.00415	0.00277	0.00138	0.00346	0.00242	0.00277	0.00484
108	0.01107	0.01063	0.01816	0.02746	0.81489	0.01063	0.01373	0.01373	0.01019	0.01461	0.00841	0.01107	0.00709	0.00399	0.00443	0.00133	0.00531	0.00399	0.00221	0.00709
109	0.01633	0.01220	0.01305	0.01016	0.01362	0.01356	0.00834	0.71106	0.11105	0.02711	0.01160	0.01142	0.00830	0.00545	0.00448	0.00136	0.00476	0.00415	0.00448	0.00755
110	0.01700	0.01253	0.01342	0.01029	0.01387	0.01387	0.00850	0.79997	0.02103	0.02819	0.01074	0.01074	0.00761	0.00537	0.00447	0.00134	0.00492	0.00403	0.00447	0.00761
111	0.00636	0.00440	0.00548	0.00560	0.00583	0.00456	0.00358	0.00684	0.00691	0.00941	0.01479	0.11926	0.01654	0.54919	0.21777	0.00475	0.00601	0.00680	0.00280	0.00313
112	0.00532	0.00453	0.00458	0.00457	0.00606	0.00379	0.00343	0.00649	0.01028	0.01229	0.07266	0.04271	0.78559	0.01125	0.00529	0.00151	0.00226	0.00939	0.00418	0.00379
113	0.01049	0.00881	0.00962	0.00896	0.01122	0.01004	0.00713	0.03635	0.63869	0.01788	0.01911	0.02304	0.01585	0.00726	0.00486	0.00162	0.00368	0.15438	0.00447	0.00652
