[name]
unknown

[dist]
# distance from previous block
# <min> <max>
0	142

[block]
# block no. 0 follows, 57 sequences, length 13
# corresponding to MSA columns:
# 204-216
name=unknown_A
#
# <colnr> <probs for GDERKNQSTAVLIFYWHMCP>
#	G	D	E	R	K	N	Q	S	T	A	V	L	I	F	Y	W	H	M	C	P
0	0.00730	0.00522	0.00730	0.00835	0.00939	0.00522	0.00730	0.00939	0.01043	0.01356	0.02399	0.05111	0.02608	0.01252	0.00626	0.00209	0.00417	0.78199	0.00417	0.00417
1	0.01060	0.00912	0.00987	0.00928	0.03283	0.01035	0.00702	0.02170	0.68040	0.01824	0.04997	0.02006	0.06372	0.00673	0.00473	0.00154	0.00352	0.02901	0.00452	0.00677
2	0.00616	0.00462	0.00571	0.00544	0.00662	0.00417	0.00408	0.00807	0.01224	0.01677	0.62914	0.03616	0.22459	0.00979	0.00535	0.00145	0.00218	0.00852	0.00480	0.00417
3	0.01258	0.01038	0.01098	0.00949	0.01228	0.01188	0.00749	0.19411	0.63214	0.02107	0.01678	0.01558	0.01249	0.00599	0.00459	0.00150	0.00389	0.00489	0.00459	0.00729
4	0.01563	0.01178	0.01264	0.00999	0.01331	0.01310	0.00815	0.61716	0.16878	0.02629	0.04696	0.01301	0.01038	0.00574	0.00458	0.00140	0.00460	0.00446	0.00457	0.00746
5	0.67351	0.01010	0.00869	0.00880	0.08889	0.06622	0.00630	0.06446	0.00920	0.01968	0.00687	0.00803	0.00538	0.00430	0.00317	0.00138	0.00411	0.00275	0.00283	0.00534
6	0.01446	0.01229	0.01134	0.00943	0.01211	0.18318	0.00749	0.33895	0.07518	0.07521	0.12989	0.01638	0.06166	0.00632	0.00486	0.00137	0.02454	0.00487	0.00413	0.00634
7	0.00650	0.00481	0.00609	0.00574	0.00690	0.00449	0.00431	0.00894	0.04079	0.01773	0.72144	0.03402	0.10250	0.00933	0.00532	0.00144	0.00220	0.00819	0.00491	0.00434
8	0.00846	0.00693	0.00772	0.00739	0.02636	0.04394	0.00549	0.01323	0.21678	0.03254	0.46083	0.02855	0.09105	0.00830	0.00508	0.00146	0.00295	0.02314	0.00464	0.00516
9	0.00556	0.00452	0.00494	0.00512	0.00639	0.00390	0.00381	0.00677	0.01028	0.01267	0.10270	0.16525	0.59279	0.01177	0.00546	0.00160	0.00242	0.04594	0.00427	0.00386
10	0.01182	0.01087	0.01563	0.03373	0.27923	0.06910	0.12797	0.06851	0.13127	0.05972	0.05416	0.01485	0.04749	0.00539	0.00525	0.00144	0.04911	0.00482	0.00317	0.00647
11	0.01122	0.01077	0.01839	0.02781	0.81248	0.01077	0.01391	0.01391	0.01032	0.01480	0.00852	0.01122	0.00718	0.00404	0.00449	0.00135	0.00538	0.00404	0.00224	0.00718
12	0.01220	0.77516	0.05562	0.00813	0.01206	0.05179	0.00816	0.01379	0.00938	0.01083	0.00640	0.00740	0.00581	0.00393	0.00301	0.00100	0.00506	0.00248	0.00195	0.00583

[dist]
# distance from previous block
# <min> <max>
0	2

[block]
# block no. 1 follows, 57 sequences, length 9
# corresponding to MSA columns:
# 219-227
name=unknown_B
#
# <colnr> <probs for GDERKNQSTAVLIFYWHMCP>
#	G	D	E	R	K	N	Q	S	T	A	V	L	I	F	Y	W	H	M	C	P
0	0.04517	0.01398	0.01315	0.01227	0.10070	0.20506	0.00886	0.37295	0.14587	0.02105	0.01078	0.01114	0.00811	0.00518	0.00437	0.00134	0.00551	0.00391	0.00371	0.00688
1	0.01693	0.02160	0.01284	0.01167	0.01401	0.82256	0.00876	0.01809	0.01284	0.01109	0.00700	0.00817	0.00584	0.00467	0.00409	0.00117	0.00817	0.00292	0.00233	0.00525
2	0.00577	0.00409	0.00538	0.00632	0.00661	0.00387	0.00428	0.00657	0.00859	0.01142	0.02377	0.69403	0.02826	0.10132	0.00764	0.00213	0.00293	0.06937	0.00405	0.00362
3	0.00547	0.00459	0.00475	0.00471	0.00619	0.00387	0.00353	0.00672	0.01059	0.01287	0.12657	0.04258	0.72959	0.01124	0.00535	0.00152	0.00228	0.00942	0.00429	0.00387
4	0.87276	0.00876	0.00666	0.00596	0.00876	0.01017	0.00491	0.01332	0.00771	0.02033	0.00631	0.00736	0.00491	0.00421	0.00280	0.00140	0.00351	0.00245	0.00280	0.00491
5	0.00536	0.00459	0.00459	0.00459	0.00612	0.00383	0.00344	0.00650	0.01033	0.01224	0.04590	0.04361	0.81065	0.01148	0.00536	0.00153	0.00230	0.00956	0.00421	0.00383
6	0.01681	0.01248	0.01336	0.01034	0.01389	0.01386	0.00851	0.74311	0.07625	0.02788	0.01141	0.01130	0.00814	0.00549	0.00454	0.00137	0.00489	0.00415	0.00454	0.00767
7	0.00536	0.00459	0.00459	0.00459	0.00612	0.00383	0.00344	0.00650	0.01033	0.01224	0.04590	0.04361	0.81065	0.01148	0.00536	0.00153	0.00230	0.00956	0.00421	0.00383
8	0.87276	0.00876	0.00666	0.00596	0.00876	0.01017	0.00491	0.01332	0.00771	0.02033	0.00631	0.00736	0.00491	0.00421	0.00280	0.00140	0.00351	0.00245	0.00280	0.00491

[dist]
# distance from previous block
# <min> <max>
0	2

[block]
# block no. 2 follows, 57 sequences, length 32
# corresponding to MSA columns:
# 230-248,252-264
name=unknown_C
#
# <colnr> <probs for GDERKNQSTAVLIFYWHMCP>
#	G	D	E	R	K	N	Q	S	T	A	V	L	I	F	Y	W	H	M	C	P
0	0.06588	0.00801	0.01034	0.00793	0.01145	0.00712	0.00654	0.05415	0.01273	0.66918	0.01610	0.01427	0.01033	0.00533	0.00436	0.00134	0.00384	0.00426	0.00516	0.08169
1	0.00940	0.00805	0.00940	0.00671	0.01074	0.00604	0.00537	0.01141	0.00940	0.01477	0.00805	0.00940	0.00671	0.00336	0.00336	0.00067	0.00336	0.00268	0.00268	0.86845
2	0.00635	0.00503	0.00738	0.00761	0.00817	0.00522	0.04485	0.00747	0.00865	0.01177	0.03466	0.59639	0.02501	0.01485	0.08404	0.00236	0.07532	0.04713	0.00376	0.00398
3	0.00845	0.00422	0.00422	0.00422	0.00528	0.00422	0.00317	0.01056	0.00950	0.01689	0.01478	0.01689	0.01161	0.00528	0.00317	0.00106	0.00211	0.00422	0.86591	0.00422
4	0.00937	0.00805	0.00953	0.03299	0.01139	0.00617	0.00560	0.01142	0.00939	0.01466	0.00805	0.00948	0.00669	0.00339	0.00339	0.00070	0.00344	0.00273	0.00266	0.84089
5	0.00845	0.00422	0.00422	0.00422	0.00528	0.00422	0.00317	0.01056	0.00950	0.01689	0.01478	0.01689	0.01161	0.00528	0.00317	0.00106	0.00211	0.00422	0.86591	0.00422
6	0.00551	0.00400	0.00520	0.00616	0.00653	0.00369	0.00414	0.00633	0.00882	0.01163	0.02678	0.76940	0.09720	0.01396	0.00575	0.00181	0.00260	0.01260	0.00421	0.00369
7	0.00647	0.00485	0.00728	0.00728	0.00809	0.00566	0.00566	0.00809	0.00728	0.01052	0.01214	0.01780	0.01133	0.03398	0.82279	0.00728	0.01214	0.00485	0.00243	0.00405
8	0.00545	0.00459	0.00472	0.00469	0.00618	0.00386	0.00351	0.00668	0.01054	0.01275	0.11172	0.04277	0.74451	0.01129	0.00535	0.00152	0.00228	0.00945	0.00428	0.00386
9	0.00677	0.00473	0.00605	0.00566	0.00686	0.00431	0.00427	0.00878	0.01256	0.04423	0.70177	0.03428	0.12390	0.00938	0.00532	0.00144	0.00221	0.00822	0.00493	0.00434
10	0.01070	0.01222	0.02674	0.01910	0.02368	0.01146	0.79603	0.01451	0.01070	0.01451	0.00917	0.01222	0.00688	0.00382	0.00535	0.00153	0.00764	0.00535	0.00229	0.00611
11	0.00591	0.00461	0.00536	0.00517	0.00646	0.00406	0.00388	0.00757	0.01164	0.01534	0.44583	0.03850	0.40878	0.01032	0.00535	0.00148	0.00221	0.00885	0.00462	0.00406
12	0.00751	0.00511	0.00569	0.00541	0.00573	0.00522	0.00325	0.07470	0.00786	0.01049	0.01398	0.02804	0.01572	0.76881	0.02147	0.00413	0.00444	0.00637	0.00290	0.00317
13	0.01211	0.84348	0.02374	0.00775	0.01163	0.01793	0.00775	0.01357	0.00921	0.01066	0.00630	0.00727	0.00582	0.00388	0.00291	0.00097	0.00485	0.00242	0.00194	0.00582
14	0.17107	0.03605	0.01179	0.01043	0.01284	0.63523	0.00795	0.01685	0.01168	0.01273	0.00701	0.00829	0.00583	0.00542	0.02761	0.00138	0.00737	0.00288	0.00241	0.00517
15	0.01196	0.01007	0.01063	0.00936	0.01204	0.01159	0.00734	0.11314	0.71412	0.02006	0.01757	0.01621	0.01313	0.00607	0.00460	0.00152	0.00375	0.00500	0.00460	0.00723
16	0.01060	0.00802	0.00952	0.00686	0.01083	0.00611	0.00551	0.01259	0.00979	0.10321	0.00914	0.01006	0.00721	0.00360	0.00349	0.00075	0.00341	0.00289	0.00301	0.77339
17	0.01836	0.00727	0.00988	0.00773	0.01089	0.00632	0.00632	0.02016	0.01295	0.70254	0.13021	0.01804	0.01569	0.00613	0.00467	0.00141	0.00361	0.00507	0.00552	0.00722
18	0.01947	0.00910	0.01137	0.00872	0.01226	0.00872	0.00720	0.23794	0.01529	0.59649	0.01593	0.01416	0.01024	0.00556	0.00455	0.00139	0.00417	0.00442	0.00531	0.00771
19	0.00850	0.00755	0.01170	0.29758	0.21904	0.02243	0.00965	0.01067	0.00971	0.02581	0.06282	0.22359	0.05744	0.00752	0.00492	0.00154	0.00458	0.00680	0.00299	0.00517
20	0.01082	0.49156	0.36428	0.00997	0.01506	0.01475	0.01161	0.01390	0.00936	0.01224	0.00709	0.00826	0.00578	0.00406	0.00351	0.00117	0.00564	0.00282	0.00193	0.00619
21	0.84783	0.00888	0.00686	0.00609	0.00892	0.01028	0.00502	0.03616	0.00811	0.02057	0.00644	0.00746	0.00499	0.00424	0.00285	0.00140	0.00355	0.00250	0.00285	0.00499
22	0.01214	0.01016	0.01073	0.00940	0.01211	0.01168	0.00738	0.13662	0.69035	0.02035	0.01734	0.01603	0.01294	0.00604	0.00460	0.00151	0.00379	0.00497	0.00460	0.00725
23	0.00552	0.00394	0.00526	0.00631	0.00657	0.00368	0.00421	0.00631	0.00868	0.01157	0.02498	0.83779	0.02997	0.01420	0.00578	0.00184	0.00263	0.01288	0.00421	0.00368
24	0.01043	0.01406	0.15627	0.01809	0.02302	0.01131	0.66834	0.01449	0.01051	0.01449	0.00900	0.01179	0.00669	0.00390	0.00518	0.00151	0.00748	0.00502	0.00223	0.00621
25	0.01762	0.01206	0.01321	0.01013	0.01374	0.01312	0.00837	0.69970	0.02025	0.12771	0.01176	0.01145	0.00815	0.00546	0.00454	0.00137	0.00484	0.00414	0.00467	0.00771
26	0.87276	0.00876	0.00666	0.00596	0.00876	0.01017	0.00491	0.01332	0.00771	0.02033	0.00631	0.00736	0.00491	0.00421	0.00280	0.00140	0.00351	0.00245	0.00280	0.00491
27	0.01211	0.84348	0.02374	0.00775	0.01163	0.01793	0.00775	0.01357	0.00921	0.01066	0.00630	0.00727	0.00582	0.00388	0.00291	0.00097	0.00485	0.00242	0.00194	0.00582
28	0.00909	0.02344	0.81727	0.01292	0.01961	0.01052	0.01674	0.01435	0.00957	0.01435	0.00813	0.00957	0.00574	0.00431	0.00431	0.00144	0.00670	0.00335	0.00191	0.00670
29	0.00553	0.00400	0.00523	0.00618	0.00655	0.00370	0.00416	0.00638	0.00888	0.01177	0.04525	0.76729	0.08053	0.01390	0.00575	0.00181	0.00260	0.01256	0.00423	0.00370
30	0.00619	0.00441	0.00569	0.00579	0.00663	0.00408	0.00418	0.00789	0.01135	0.01592	0.51429	0.27637	0.06330	0.01066	0.00539	0.00154	0.00229	0.00949	0.04047	0.00408
31	0.33659	0.00925	0.01003	0.00816	0.01146	0.00919	0.00660	0.08795	0.01234	0.44012	0.01382	0.01331	0.00944	0.00571	0.00433	0.00158	0.00417	0.00405	0.00477	0.00715

[dist]
# distance from previous block
# <min> <max>
0	3

[block]
# block no. 3 follows, 57 sequences, length 36
# corresponding to MSA columns:
# 268-303
name=unknown_D
#
# <colnr> <probs for GDERKNQSTAVLIFYWHMCP>
#	G	D	E	R	K	N	Q	S	T	A	V	L	I	F	Y	W	H	M	C	P
0	0.01136	0.01007	0.06751	0.01164	0.01473	0.00937	0.23395	0.04122	0.16132	0.13423	0.16121	0.02874	0.01598	0.00615	0.00563	0.00152	0.05838	0.01703	0.00380	0.00616
1	0.01633	0.01174	0.01262	0.00978	0.01317	0.01287	0.00804	0.68195	0.03992	0.04769	0.01152	0.01161	0.00825	0.00542	0.00441	0.00133	0.00467	0.00411	0.07350	0.02108
2	0.00695	0.00469	0.00606	0.00567	0.00681	0.00434	0.00427	0.00907	0.01261	0.04076	0.73405	0.03218	0.03976	0.00889	0.00518	0.00140	0.00218	0.00782	0.06294	0.00437
3	0.01076	0.01030	0.01757	0.16496	0.67889	0.01065	0.01368	0.01351	0.01010	0.01425	0.00844	0.01136	0.00698	0.00412	0.00449	0.00137	0.00550	0.00404	0.00220	0.00681
4	0.87276	0.00876	0.00666	0.00596	0.00876	0.01017	0.00491	0.01332	0.00771	0.02033	0.00631	0.00736	0.00491	0.00421	0.00280	0.00140	0.00351	0.00245	0.00280	0.00491
5	0.01113	0.01071	0.01810	0.02677	0.75988	0.01097	0.01364	0.01371	0.01010	0.01455	0.00835	0.01113	0.00710	0.00429	0.00517	0.00139	0.05973	0.00403	0.00223	0.00703
6	0.01149	0.00984	0.01037	0.00927	0.01187	0.01137	0.00722	0.05214	0.77588	0.01930	0.01817	0.01669	0.01361	0.00612	0.00461	0.00153	0.00364	0.00509	0.00461	0.00719
7	0.01122	0.01077	0.01839	0.02781	0.81248	0.01077	0.01391	0.01391	0.01032	0.01480	0.00852	0.01122	0.00718	0.00404	0.00449	0.00135	0.00538	0.00404	0.00224	0.00718
8	0.00650	0.00519	0.02738	0.00598	0.00719	0.00454	0.00464	0.00884	0.02974	0.01749	0.69834	0.08594	0.06214	0.00945	0.00533	0.00146	0.00233	0.00835	0.00483	0.00435
9	0.00980	0.02075	0.63892	0.01391	0.02009	0.01056	0.16332	0.01466	0.00990	0.04346	0.00868	0.01028	0.00615	0.00426	0.00451	0.00145	0.00677	0.00377	0.00212	0.00662
10	0.00735	0.00484	0.00636	0.00586	0.00709	0.00444	0.00444	0.00946	0.01284	0.07183	0.75679	0.03261	0.04063	0.00902	0.00529	0.00142	0.00225	0.00795	0.00503	0.00451
11	0.02033	0.00771	0.01052	0.00806	0.01157	0.00666	0.00666	0.02208	0.01297	0.81562	0.01788	0.01542	0.01122	0.00561	0.00456	0.00140	0.00386	0.00456	0.00561	0.00771
12	0.01101	0.01066	0.01842	0.07863	0.68907	0.01078	0.06504	0.01406	0.03114	0.01469	0.00880	0.01149	0.00726	0.00411	0.00455	0.00137	0.00553	0.00415	0.00229	0.00697
13	0.00730	0.00522	0.00730	0.00835	0.00939	0.00522	0.00730	0.00939	0.01043	0.01356	0.02399	0.05111	0.02608	0.01252	0.00626	0.00209	0.00417	0.78199	0.00417	0.00417
14	0.00536	0.00459	0.00459	0.00459	0.00612	0.00383	0.00344	0.00650	0.01033	0.01224	0.04590	0.04361	0.81065	0.01148	0.00536	0.00153	0.00230	0.00956	0.00421	0.00383
15	0.01070	0.01222	0.02674	0.01910	0.02368	0.01146	0.79603	0.01451	0.01070	0.01451	0.00917	0.01222	0.00688	0.00382	0.00535	0.00153	0.00764	0.00535	0.00229	0.00611
16	0.03503	0.01015	0.01163	0.00910	0.01250	0.02199	0.00746	0.34949	0.08646	0.36774	0.01517	0.01396	0.02655	0.00567	0.00453	0.00140	0.00433	0.00444	0.00493	0.00749
17	0.01515	0.00798	0.00931	0.00760	0.01031	0.00805	0.00613	0.17399	0.11756	0.32693	0.01567	0.01513	0.01097	0.00555	0.00416	0.00131	0.00355	0.00444	0.24955	0.00665
18	0.03048	0.13077	0.09146	0.01700	0.34477	0.05690	0.01091	0.07311	0.11515	0.01587	0.06218	0.01245	0.00997	0.00480	0.00426	0.00132	0.00507	0.00406	0.00285	0.00663
19	0.09157	0.33015	0.10398	0.00981	0.01366	0.09661	0.05252	0.17863	0.05547	0.01639	0.00835	0.00917	0.00662	0.00448	0.00374	0.00122	0.00538	0.00323	0.00276	0.00626
20	0.01045	0.01737	0.42789	0.08585	0.02097	0.02366	0.24216	0.01500	0.03134	0.06814	0.00934	0.01113	0.00668	0.00433	0.00465	0.00146	0.00666	0.00411	0.00236	0.00644
21	0.00641	0.00463	0.00606	0.00570	0.00677	0.00428	0.00428	0.00855	0.01283	0.01817	0.81009	0.03385	0.04276	0.00926	0.00534	0.00143	0.00214	0.00819	0.00499	0.00428
22	0.01203	0.00984	0.01056	0.00889	0.01157	0.03288	0.02740	0.28479	0.29070	0.02048	0.05486	0.02097	0.16895	0.00708	0.00479	0.00147	0.00399	0.01789	0.00439	0.00645
23	0.00540	0.00455	0.00468	0.00474	0.00617	0.00383	0.00352	0.00656	0.01030	0.01239	0.06895	0.09548	0.73480	0.01158	0.00538	0.00155	0.00231	0.00974	0.00423	0.00383
24	0.01327	0.01520	0.01475	0.02687	0.14480	0.36168	0.06077	0.01563	0.06396	0.01241	0.00791	0.01003	0.00669	0.00545	0.00706	0.00146	0.22032	0.00369	0.00237	0.00567
25	0.00648	0.00482	0.00712	0.00712	0.00788	0.00558	0.00547	0.00799	0.00724	0.01040	0.01228	0.01860	0.01167	0.08827	0.76898	0.00709	0.01162	0.00497	0.00245	0.00396
26	0.01693	0.02160	0.01284	0.01167	0.01401	0.82256	0.00876	0.01809	0.01284	0.01109	0.00700	0.00817	0.00584	0.00467	0.00409	0.00117	0.00817	0.00292	0.00233	0.00525
27	0.01122	0.01077	0.01839	0.02781	0.81248	0.01077	0.01391	0.01391	0.01032	0.01480	0.00852	0.01122	0.00718	0.00404	0.00449	0.00135	0.00538	0.00404	0.00224	0.00718
28	0.00552	0.00394	0.00526	0.00631	0.00657	0.00368	0.00421	0.00631	0.00868	0.01157	0.02498	0.83779	0.02997	0.01420	0.00578	0.00184	0.00263	0.01288	0.00421	0.00368
29	0.00991	0.00991	0.01388	0.01190	0.01190	0.01388	0.00991	0.01091	0.00694	0.01091	0.00595	0.00991	0.00595	0.00793	0.01487	0.00198	0.83246	0.00397	0.00198	0.00496
30	0.01962	0.00773	0.01044	0.00797	0.01151	0.00662	0.00658	0.02139	0.01274	0.76382	0.01724	0.01503	0.01093	0.00546	0.00448	0.00135	0.00382	0.00444	0.00542	0.06338
31	0.01177	0.74483	0.06599	0.00797	0.01201	0.01676	0.00809	0.01347	0.00924	0.01113	0.00651	0.00753	0.00587	0.00387	0.00301	0.00098	0.00485	0.00249	0.00199	0.06166
32	0.06655	0.00879	0.00950	0.00704	0.01085	0.04992	0.00563	0.01278	0.00977	0.08167	0.00870	0.00970	0.00692	0.00367	0.00346	0.00081	0.00366	0.00284	0.00292	0.69481
33	0.02721	0.01273	0.13203	0.14487	0.21945	0.06300	0.10649	0.07918	0.05176	0.08808	0.02519	0.01205	0.00806	0.00464	0.00455	0.00141	0.00577	0.00418	0.00285	0.00651
34	0.01065	0.01146	0.02371	0.06273	0.02233	0.01103	0.64828	0.06443	0.01115	0.01506	0.01028	0.06768	0.00844	0.00466	0.00528	0.00154	0.00704	0.00570	0.00255	0.00599
35	0.84356	0.00873	0.00679	0.00603	0.00886	0.01005	0.00497	0.01362	0.00789	0.04757	0.00671	0.00764	0.00512	0.00425	0.00286	0.00140	0.00352	0.00253	0.00290	0.00500

[dist]
# distance from previous block
# <min> <max>
0	6

[block]
# block no. 4 follows, 57 sequences, length 82
# corresponding to MSA columns:
# 310-391
name=unknown_E
#
# <colnr> <probs for GDERKNQSTAVLIFYWHMCP>
#	G	D	E	R	K	N	Q	S	T	A	V	L	I	F	Y	W	H	M	C	P
0	0.01028	0.03211	0.09355	0.25354	0.49480	0.01072	0.01365	0.01328	0.00986	0.01374	0.00830	0.01120	0.00668	0.00420	0.00444	0.00139	0.00568	0.00393	0.00214	0.00649
1	0.01449	0.01133	0.01206	0.00987	0.01301	0.01277	0.00795	0.44163	0.38151	0.02414	0.01436	0.01365	0.01052	0.00577	0.00457	0.00144	0.00434	0.00456	0.00457	0.00746
2	0.00558	0.00399	0.00531	0.00627	0.00659	0.00372	0.00421	0.00646	0.00895	0.01200	0.07615	0.78539	0.03080	0.01387	0.00576	0.00181	0.00260	0.01258	0.00426	0.00372
3	0.01211	0.84348	0.02374	0.00775	0.01163	0.01793	0.00775	0.01357	0.00921	0.01066	0.00630	0.00727	0.00582	0.00388	0.00291	0.00097	0.00485	0.00242	0.00194	0.00582
4	0.00536	0.00456	0.00463	0.00468	0.00614	0.00382	0.00348	0.00649	0.01024	0.01221	0.04481	0.08527	0.76970	0.01162	0.00538	0.00155	0.00231	0.00974	0.00421	0.00382
5	0.01104	0.00572	0.00714	0.00616	0.00826	0.00497	0.00484	0.01269	0.01200	0.30240	0.25658	0.03067	0.30181	0.00873	0.00507	0.00145	0.00281	0.00737	0.00494	0.00535
6	0.00574	0.00410	0.00551	0.00656	0.00692	0.00387	0.00459	0.00669	0.00889	0.01181	0.02485	0.74107	0.02949	0.01399	0.00584	0.00187	0.00282	0.10744	0.00420	0.00374
7	0.01122	0.01077	0.01839	0.02781	0.81248	0.01077	0.01391	0.01391	0.01032	0.01480	0.00852	0.01122	0.00718	0.00404	0.00449	0.00135	0.00538	0.00404	0.00224	0.00718
8	0.01122	0.01077	0.01839	0.02781	0.81248	0.01077	0.01391	0.01391	0.01032	0.01480	0.00852	0.01122	0.00718	0.00404	0.00449	0.00135	0.00538	0.00404	0.00224	0.00718
9	0.00784	0.00558	0.03372	0.00681	0.00819	0.00482	0.00556	0.00980	0.01147	0.09106	0.38133	0.15108	0.06773	0.01031	0.00551	0.00164	0.00300	0.18538	0.00461	0.00455
10	0.01122	0.01077	0.01839	0.02781	0.81248	0.01077	0.01391	0.01391	0.01032	0.01480	0.00852	0.01122	0.00718	0.00404	0.00449	0.00135	0.00538	0.00404	0.00224	0.00718
11	0.00991	0.00991	0.01388	0.01190	0.01190	0.01388	0.00991	0.01091	0.00694	0.01091	0.00595	0.00991	0.00595	0.00793	0.01487	0.00198	0.83246	0.00397	0.00198	0.00496
12	0.00856	0.00805	0.01359	0.82986	0.03121	0.01007	0.01258	0.01158	0.00906	0.01158	0.00805	0.01208	0.00604	0.00453	0.00453	0.00151	0.00604	0.00403	0.00201	0.00503
13	0.00554	0.00403	0.00517	0.00607	0.00647	0.00372	0.00407	0.00634	0.00880	0.01156	0.02699	0.72336	0.11722	0.03971	0.00628	0.00189	0.00265	0.01231	0.00416	0.00367
14	0.00638	0.00463	0.00601	0.00567	0.00675	0.00426	0.00425	0.00849	0.01275	0.01799	0.78665	0.03415	0.06631	0.00933	0.00534	0.00143	0.00214	0.00824	0.00496	0.00426
15	0.00953	0.14336	0.70123	0.01216	0.01844	0.01161	0.01543	0.01424	0.00951	0.01381	0.00786	0.00923	0.00575	0.00424	0.00410	0.00137	0.00643	0.00321	0.00192	0.00657
16	0.26332	0.01575	0.01146	0.07687	0.05768	0.44179	0.00825	0.03488	0.01100	0.01443	0.00705	0.00852	0.00571	0.00457	0.00400	0.00129	0.02267	0.00298	0.00249	0.00530
17	0.00722	0.00516	0.00720	0.00820	0.00922	0.00514	0.00711	0.00927	0.01046	0.01366	0.05070	0.07329	0.02676	0.01246	0.00621	0.00206	0.00406	0.73346	0.00420	0.00416
18	0.21378	0.01169	0.01189	0.00936	0.01276	0.01306	0.00771	0.59081	0.04476	0.02634	0.01008	0.01027	0.00727	0.00518	0.00414	0.00138	0.00460	0.00374	0.00414	0.00704
19	0.01643	0.01202	0.01265	0.01002	0.01339	0.04657	0.00816	0.54571	0.16356	0.10471	0.01280	0.01232	0.00910	0.00555	0.00453	0.00139	0.00475	0.00427	0.00456	0.00751
20	0.12187	0.01143	0.01135	0.00995	0.04849	0.12685	0.00759	0.18884	0.16125	0.24681	0.01306	0.01249	0.00921	0.00529	0.00428	0.00138	0.00470	0.00404	0.00422	0.00689
21	0.01189	0.00960	0.01026	0.00914	0.01177	0.01096	0.00714	0.02394	0.75036	0.07326	0.01840	0.01681	0.01365	0.00611	0.00461	0.00153	0.00360	0.00508	0.00468	0.00721
22	0.02033	0.00771	0.01052	0.00806	0.01157	0.00666	0.00666	0.02208	0.01297	0.81562	0.01788	0.01542	0.01122	0.00561	0.00456	0.00140	0.00386	0.00456	0.00561	0.00771
23	0.01220	0.82844	0.02355	0.00783	0.01167	0.03265	0.00777	0.01365	0.00927	0.01067	0.00631	0.00729	0.00582	0.00389	0.00293	0.00097	0.00491	0.00243	0.00195	0.00580
24	0.01870	0.00837	0.01068	0.00840	0.01177	0.00788	0.00687	0.07494	0.13731	0.63767	0.01749	0.01535	0.01139	0.00568	0.00456	0.00142	0.00389	0.00461	0.00538	0.00763
25	0.00552	0.00394	0.00526	0.00631	0.00657	0.00368	0.00421	0.00631	0.00868	0.01157	0.02498	0.83779	0.02997	0.01420	0.00578	0.00184	0.00263	0.01288	0.00421	0.00368
26	0.87276	0.00876	0.00666	0.00596	0.00876	0.01017	0.00491	0.01332	0.00771	0.02033	0.00631	0.00736	0.00491	0.00421	0.00280	0.00140	0.00351	0.00245	0.00280	0.00491
27	0.00561	0.00400	0.00533	0.00635	0.00664	0.00375	0.00429	0.00643	0.00870	0.01158	0.02471	0.79174	0.02954	0.03184	0.00617	0.00190	0.00272	0.04085	0.00417	0.00368
28	0.01723	0.01269	0.01360	0.01043	0.01405	0.01405	0.00861	0.79738	0.02131	0.02856	0.01088	0.01088	0.00771	0.00544	0.00453	0.00136	0.00499	0.00408	0.00453	0.00771
29	0.00858	0.00809	0.01360	0.81420	0.03084	0.01014	0.01253	0.01156	0.00902	0.01156	0.00801	0.01204	0.00604	0.00460	0.00473	0.00152	0.02186	0.00403	0.00201	0.00503
30	0.02033	0.00771	0.01052	0.00806	0.01157	0.00666	0.00666	0.02208	0.01297	0.81562	0.01788	0.01542	0.01122	0.00561	0.00456	0.00140	0.00386	0.00456	0.00561	0.00771
31	0.00536	0.00459	0.00459	0.00459	0.00612	0.00383	0.00344	0.00650	0.01033	0.01224	0.04590	0.04361	0.81065	0.01148	0.00536	0.00153	0.00230	0.00956	0.00421	0.00383
32	0.00552	0.00394	0.00526	0.00631	0.00657	0.00368	0.00421	0.00631	0.00868	0.01157	0.02498	0.83779	0.02997	0.01420	0.00578	0.00184	0.00263	0.01288	0.00421	0.00368
33	0.00837	0.00424	0.00429	0.00428	0.00533	0.00423	0.00321	0.01049	0.00962	0.01694	0.04384	0.01751	0.01275	0.00542	0.00325	0.00107	0.00211	0.00437	0.83445	0.00423
34	0.01693	0.02160	0.01284	0.01167	0.01401	0.82256	0.00876	0.01809	0.01284	0.01109	0.00700	0.00817	0.00584	0.00467	0.00409	0.00117	0.00817	0.00292	0.00233	0.00525
35	0.01211	0.84348	0.02374	0.00775	0.01163	0.01793	0.00775	0.01357	0.00921	0.01066	0.00630	0.00727	0.00582	0.00388	0.00291	0.00097	0.00485	0.00242	0.00194	0.00582
36	0.01519	0.00985	0.01113	0.00915	0.01216	0.01056	0.00734	0.28432	0.28869	0.22204	0.01616	0.06759	0.01214	0.00629	0.00465	0.00146	0.00407	0.00513	0.00481	0.00726
37	0.00552	0.00394	0.00526	0.00631	0.00657	0.00368	0.00421	0.00631	0.00868	0.01157	0.02498	0.83779	0.02997	0.01420	0.00578	0.00184	0.00263	0.01288	0.00421	0.00368
38	0.00637	0.00460	0.00602	0.00573	0.00676	0.00424	0.00427	0.00843	0.01261	0.01782	0.76891	0.07602	0.04208	0.00952	0.00537	0.00145	0.00216	0.00844	0.00495	0.00424
39	0.01198	0.01049	0.01892	0.09355	0.46426	0.01036	0.19277	0.01485	0.01062	0.11291	0.00978	0.01204	0.00751	0.00422	0.00470	0.00141	0.00577	0.00440	0.00265	0.00681
40	0.00981	0.00934	0.01586	0.45092	0.40033	0.01040	0.01321	0.01268	0.00965	0.01310	0.00828	0.01167	0.00658	0.00430	0.00451	0.00143	0.00573	0.00403	0.00212	0.00605
41	0.00567	0.00405	0.00543	0.00648	0.00680	0.00381	0.00446	0.00656	0.00882	0.01173	0.02489	0.77303	0.02965	0.01406	0.00582	0.00186	0.00276	0.07620	0.00420	0.00372
42	0.05636	0.07089	0.18739	0.01352	0.06963	0.07876	0.21837	0.01438	0.02009	0.07345	0.01158	0.03655	0.01003	0.00566	0.00473	0.00150	0.00599	0.11239	0.00280	0.00595
43	0.01127	0.01786	0.50677	0.01204	0.01727	0.00996	0.06866	0.04149	0.02272	0.14706	0.01127	0.01276	0.02712	0.00512	0.00506	0.00148	0.04933	0.02331	0.00280	0.00664
44	0.00562	0.00401	0.00537	0.00642	0.00673	0.00376	0.00438	0.00648	0.00877	0.01168	0.02492	0.79470	0.02976	0.01410	0.00581	0.00185	0.00271	0.05502	0.00420	0.00371
45	0.01007	0.08382	0.29705	0.11589	0.08555	0.01143	0.26015	0.01447	0.05158	0.01404	0.00887	0.01104	0.00668	0.00422	0.00458	0.00143	0.00649	0.00413	0.00222	0.00630
46	0.15775	0.14126	0.11081	0.27718	0.01905	0.01105	0.04366	0.02776	0.00975	0.13459	0.00903	0.01068	0.00662	0.00455	0.00416	0.00139	0.01860	0.00356	0.00272	0.00583
47	0.01093	0.00948	0.01064	0.00972	0.02829	0.01078	0.03356	0.02242	0.70301	0.01835	0.01866	0.01846	0.03097	0.00636	0.00469	0.00155	0.00373	0.03357	0.01792	0.00691
48	0.00917	0.02285	0.77581	0.01324	0.01983	0.01057	0.05762	0.01436	0.00963	0.01436	0.00819	0.00971	0.00580	0.00428	0.00436	0.00144	0.00675	0.00345	0.00193	0.00667
49	0.01186	0.02606	0.05359	0.00982	0.01229	0.19965	0.07758	0.06918	0.08314	0.08749	0.07620	0.12770	0.05830	0.00795	0.02053	0.00159	0.00523	0.06267	0.00365	0.00552
50	0.00809	0.00645	0.02495	0.00809	0.00944	0.00646	0.00668	0.04033	0.15911	0.01459	0.03416	0.17479	0.02303	0.06052	0.00675	0.00203	0.00386	0.40177	0.00415	0.00475
51	0.00647	0.00485	0.00728	0.00728	0.00809	0.00566	0.00566	0.00809	0.00728	0.01052	0.01214	0.01780	0.01133	0.03398	0.82279	0.00728	0.01214	0.00485	0.00243	0.00405
52	0.00961	0.00993	0.05765	0.47400	0.31033	0.01038	0.02671	0.01278	0.02066	0.01303	0.00839	0.01171	0.00656	0.00435	0.00452	0.00145	0.00583	0.00403	0.00213	0.00594
53	0.62712	0.02909	0.00859	0.10803	0.02500	0.01030	0.00636	0.01364	0.03478	0.04547	0.00749	0.00885	0.00577	0.00450	0.00361	0.00142	0.03416	0.00292	0.01773	0.00514
54	0.00571	0.00408	0.00547	0.00652	0.00687	0.00384	0.00453	0.00663	0.00886	0.01178	0.02487	0.75531	0.02956	0.01402	0.00583	0.00187	0.00279	0.09352	0.00420	0.00373
55	0.00633	0.00459	0.00597	0.00570	0.00674	0.00423	0.00424	0.00837	0.01253	0.01763	0.74335	0.07635	0.06777	0.00960	0.00537	0.00145	0.00217	0.00849	0.00492	0.00423
56	0.04126	0.27927	0.31064	0.05307	0.01574	0.01290	0.01118	0.09775	0.04005	0.08508	0.00901	0.00982	0.00674	0.00448	0.00388	0.00128	0.00542	0.00331	0.00266	0.00648
57	0.01004	0.01017	0.01340	0.01158	0.01175	0.05427	0.00958	0.01108	0.00726	0.01089	0.00641	0.01034	0.00629	0.00947	0.06716	0.00229	0.73709	0.00397	0.00203	0.00491
58	0.01606	0.00813	0.00977	0.00796	0.01087	0.00809	0.00642	0.10355	0.19003	0.42510	0.01676	0.01551	0.01149	0.00566	0.00434	0.00137	0.00364	0.00458	0.14365	0.00703
59	0.01098	0.02620	0.04693	0.15777	0.57224	0.05037	0.04271	0.01376	0.01020	0.01399	0.00834	0.01112	0.00684	0.00415	0.00447	0.00137	0.00575	0.00398	0.00219	0.00665
60	0.01172	0.00847	0.01313	0.54271	0.06619	0.00970	0.01103	0.08079	0.01091	0.17163	0.01032	0.01269	0.00735	0.00528	0.01793	0.00156	0.00559	0.00415	0.00296	0.00589
61	0.00758	0.00576	0.00723	0.00735	0.00863	0.00590	0.00588	0.01165	0.16467	0.01615	0.31662	0.10563	0.03027	0.01021	0.00556	0.00171	0.00317	0.27668	0.00456	0.00475
62	0.00599	0.00429	0.00562	0.00653	0.00693	0.00409	0.00447	0.03328	0.00917	0.01222	0.02446	0.78003	0.02907	0.01384	0.00576	0.00183	0.00277	0.04161	0.00422	0.00384
63	0.01129	0.01167	0.01672	0.10847	0.40466	0.10872	0.06093	0.01353	0.00975	0.01312	0.00776	0.01072	0.00660	0.00502	0.00681	0.00150	0.19044	0.00397	0.00217	0.00615
64	0.01959	0.00828	0.01081	0.00836	0.01182	0.00757	0.00691	0.11302	0.02510	0.69686	0.01718	0.01558	0.01112	0.00573	0.00459	0.00141	0.00399	0.01900	0.00544	0.00764
65	0.00760	0.00607	0.00786	0.00737	0.00779	0.00724	0.00539	0.00919	0.06506	0.01046	0.01223	0.02125	0.01263	0.37847	0.24443	0.00449	0.18049	0.00544	0.00263	0.00390
66	0.00642	0.00452	0.00563	0.00575	0.00613	0.00464	0.00383	0.00708	0.00744	0.01001	0.03005	0.09074	0.07119	0.47753	0.21133	0.00455	0.00593	0.04098	0.00298	0.00329
67	0.03433	0.51042	0.10074	0.03710	0.02635	0.06818	0.02245	0.01398	0.00955	0.05594	0.00792	0.03625	0.00695	0.00466	0.00406	0.00118	0.04860	0.00323	0.00228	0.00583
68	0.00563	0.00403	0.00535	0.00624	0.00660	0.00375	0.00421	0.00658	0.00918	0.01236	0.11976	0.74074	0.03151	0.01360	0.00573	0.00179	0.00257	0.01232	0.00430	0.00375
69	0.00733	0.00588	0.00751	0.00741	0.00855	0.00598	0.04156	0.04094	0.14487	0.01362	0.02444	0.46073	0.12372	0.04902	0.00640	0.00184	0.01638	0.02518	0.00410	0.00455
70	0.01030	0.01143	0.02403	0.01797	0.04802	0.01109	0.65679	0.01368	0.01024	0.01403	0.00980	0.05487	0.00811	0.00527	0.02278	0.00169	0.06604	0.00559	0.00237	0.00590
71	0.00955	0.00679	0.00809	0.00714	0.00918	0.00682	0.03168	0.04314	0.21453	0.10078	0.20077	0.02772	0.22571	0.00812	0.00492	0.00147	0.00306	0.02212	0.06298	0.00544
72	0.00655	0.00494	0.00708	0.00706	0.00785	0.00558	0.00545	0.00808	0.00788	0.01115	0.06821	0.02219	0.05082	0.08435	0.61916	0.00606	0.03019	0.04065	0.00277	0.00399
73	0.01130	0.01055	0.01792	0.06192	0.66389	0.01079	0.04780	0.01417	0.02723	0.03957	0.00892	0.01149	0.00733	0.00432	0.00500	0.00140	0.04295	0.00413	0.00238	0.00695
74	0.01480	0.00816	0.03971	0.00836	0.01127	0.00723	0.04434	0.10285	0.03322	0.40625	0.19675	0.05621	0.01852	0.00668	0.00479	0.00143	0.00377	0.00571	0.02341	0.00654
75	0.00662	0.00451	0.00537	0.00553	0.00579	0.00447	0.00358	0.00712	0.00771	0.01028	0.07088	0.06359	0.03389	0.61902	0.01847	0.00371	0.00411	0.11907	0.00318	0.00311
76	0.87276	0.00876	0.00666	0.00596	0.00876	0.01017	0.00491	0.01332	0.00771	0.02033	0.00631	0.00736	0.00491	0.00421	0.00280	0.00140	0.00351	0.00245	0.00280	0.00491
77	0.01199	0.69649	0.04978	0.03378	0.01250	0.05233	0.00814	0.01415	0.04546	0.01135	0.00718	0.00818	0.00631	0.00408	0.00314	0.00104	0.00498	0.00269	0.02061	0.00582
78	0.01180	0.00774	0.04467	0.00722	0.00959	0.03199	0.00598	0.01572	0.15330	0.24035	0.16468	0.02302	0.11668	0.00711	0.00463	0.00141	0.00333	0.02245	0.12250	0.00583
79	0.00659	0.00439	0.00494	0.00494	0.00494	0.00439	0.00275	0.00659	0.00659	0.00879	0.01428	0.02965	0.01647	0.84075	0.02306	0.00439	0.00439	0.00659	0.00275	0.00275
80	0.01792	0.00804	0.01029	0.00818	0.01135	0.00754	0.00672	0.10520	0.06672	0.58447	0.03667	0.01716	0.01247	0.00601	0.00459	0.00142	0.00385	0.03974	0.04438	0.00727
81	0.16431	0.01102	0.11428	0.03488	0.01375	0.02525	0.07029	0.09534	0.04167	0.32400	0.01248	0.01236	0.00851	0.00503	0.00436	0.00141	0.01569	0.00401	0.03471	0.00666

[dist]
# distance from previous block
# <min> <max>
0	2

[block]
# block no. 5 follows, 57 sequences, length 100
# corresponding to MSA columns:
# 394-493
name=unknown_F
#
# <colnr> <probs for GDERKNQSTAVLIFYWHMCP>
#	G	D	E	R	K	N	Q	S	T	A	V	L	I	F	Y	W	H	M	C	P
0	0.00855	0.00534	0.00684	0.00622	0.00773	0.00497	0.00479	0.01114	0.05455	0.12793	0.58760	0.03151	0.08566	0.00883	0.00522	0.00145	0.00252	0.02930	0.00498	0.00487
1	0.00887	0.00840	0.01403	0.71081	0.09782	0.01036	0.01254	0.01174	0.00904	0.01182	0.00797	0.01187	0.00613	0.00469	0.00515	0.00152	0.05596	0.00402	0.00203	0.00522
2	0.00909	0.02344	0.81727	0.01292	0.01961	0.01052	0.01674	0.01435	0.00957	0.01435	0.00813	0.00957	0.00574	0.00431	0.00431	0.00144	0.00670	0.00335	0.00191	0.00670
3	0.00965	0.00821	0.00954	0.00683	0.01085	0.00631	0.00548	0.03738	0.00979	0.01522	0.00815	0.00945	0.00674	0.00342	0.00339	0.00069	0.00341	0.00273	0.00275	0.84001
4	0.01070	0.01222	0.02674	0.01910	0.02368	0.01146	0.79603	0.01451	0.01070	0.01451	0.00917	0.01222	0.00688	0.00382	0.00535	0.00153	0.00764	0.00535	0.00229	0.00611
5	0.01040	0.00831	0.01122	0.00825	0.01206	0.00671	0.08779	0.01254	0.00984	0.08822	0.00990	0.02690	0.00823	0.00420	0.00400	0.00092	0.01684	0.03032	0.00298	0.64036
6	0.00881	0.00821	0.01328	0.75422	0.02942	0.01018	0.01209	0.01273	0.08236	0.01226	0.00901	0.01253	0.00676	0.00468	0.00454	0.00151	0.00581	0.00413	0.00225	0.00523
7	0.02033	0.00771	0.01052	0.00806	0.01157	0.00666	0.00666	0.02208	0.01297	0.81562	0.01788	0.01542	0.01122	0.00561	0.00456	0.00140	0.00386	0.00456	0.00561	0.00771
8	0.01723	0.01269	0.01360	0.01043	0.01405	0.01405	0.00861	0.79738	0.02131	0.02856	0.01088	0.01088	0.00771	0.00544	0.00453	0.00136	0.00499	0.00408	0.00453	0.00771
9	0.00909	0.02344	0.81727	0.01292	0.01961	0.01052	0.01674	0.01435	0.00957	0.01435	0.00813	0.00957	0.00574	0.00431	0.00431	0.00144	0.00670	0.00335	0.00191	0.00670
10	0.01894	0.00777	0.01031	0.00807	0.01140	0.00699	0.00661	0.02173	0.08576	0.71052	0.04953	0.01629	0.01272	0.00580	0.00459	0.00142	0.00376	0.00475	0.00549	0.00752
11	0.00653	0.00440	0.00511	0.00516	0.00522	0.00444	0.00300	0.00667	0.00673	0.00903	0.01464	0.06701	0.01678	0.75000	0.07356	0.00446	0.00481	0.00678	0.00279	0.00287
12	0.00943	0.00880	0.01287	0.64208	0.02671	0.04249	0.01133	0.04600	0.08917	0.01332	0.04700	0.01338	0.00861	0.00496	0.00456	0.00149	0.00565	0.00429	0.00253	0.00533
13	0.01054	0.00924	0.01675	0.05302	0.10596	0.00893	0.32236	0.03656	0.04606	0.09424	0.04006	0.09798	0.08551	0.00651	0.00517	0.00154	0.00536	0.04506	0.00331	0.00584
14	0.00656	0.00438	0.00495	0.00498	0.00499	0.00437	0.00279	0.00658	0.00665	0.00887	0.01460	0.05411	0.01688	0.81573	0.02254	0.00432	0.00434	0.00678	0.00279	0.00277
15	0.74396	0.00882	0.00738	0.00638	0.00929	0.00996	0.00526	0.04848	0.00887	0.10601	0.00775	0.00838	0.00571	0.00441	0.00307	0.00140	0.00361	0.00275	0.00318	0.00533
16	0.01024	0.14051	0.55786	0.01266	0.01834	0.06820	0.09002	0.01446	0.00981	0.01355	0.00785	0.00940	0.00587	0.00428	0.00435	0.00137	0.01946	0.00339	0.00198	0.00639
17	0.00842	0.00741	0.01348	0.01094	0.01300	0.00743	0.26957	0.01056	0.00895	0.03654	0.01402	0.07233	0.03483	0.10748	0.26538	0.00371	0.02694	0.05567	0.02863	0.00471
18	0.00991	0.00991	0.01388	0.01190	0.01190	0.01388	0.00991	0.01091	0.00694	0.01091	0.00595	0.00991	0.00595	0.00793	0.01487	0.00198	0.83246	0.00397	0.00198	0.00496
19	0.00854	0.00794	0.01338	0.80677	0.03050	0.00990	0.01234	0.01142	0.00897	0.01147	0.00805	0.01213	0.00609	0.00484	0.00490	0.02579	0.00598	0.00402	0.00201	0.00495
20	0.03922	0.01259	0.01703	0.05193	0.01727	0.17815	0.31153	0.09827	0.04702	0.05019	0.01135	0.10815	0.00984	0.00568	0.00504	0.00147	0.02107	0.00537	0.00301	0.00583
21	0.00660	0.00473	0.00649	0.00751	0.00828	0.00462	0.00608	0.00819	0.00979	0.01280	0.02488	0.33892	0.04650	0.01311	0.00606	0.00198	0.00356	0.48173	0.00419	0.00398
22	0.00988	0.02234	0.76067	0.01257	0.01905	0.01025	0.01603	0.01489	0.00981	0.07056	0.00882	0.00998	0.00612	0.00440	0.00432	0.00143	0.00650	0.00343	0.00217	0.00677
23	0.01115	0.01032	0.01753	0.13068	0.68746	0.01055	0.01352	0.01385	0.01024	0.03863	0.00875	0.01145	0.00715	0.00415	0.00449	0.00137	0.00542	0.00405	0.00232	0.00692
24	0.00975	0.27171	0.06534	0.00818	0.01051	0.06496	0.04389	0.02668	0.03610	0.01175	0.03746	0.07257	0.03055	0.19016	0.06441	0.00236	0.02988	0.00499	0.01391	0.00485
25	0.84668	0.00879	0.00677	0.00606	0.00885	0.01020	0.00498	0.01365	0.03182	0.02029	0.00668	0.00765	0.00518	0.00427	0.00286	0.00141	0.00351	0.00253	0.00286	0.00498
26	0.00621	0.00514	0.00621	0.00646	0.02652	0.01806	0.01650	0.00757	0.01040	0.01344	0.20715	0.25042	0.35257	0.01121	0.00571	0.00160	0.02651	0.02007	0.00421	0.00406
27	0.06543	0.07686	0.05694	0.01422	0.19818	0.03581	0.09958	0.01538	0.11466	0.10989	0.01343	0.06098	0.03100	0.00594	0.00488	0.00147	0.02995	0.05595	0.00323	0.00624
28	0.00801	0.00566	0.00734	0.00776	0.00908	0.00569	0.00652	0.01079	0.07917	0.05675	0.05339	0.08091	0.13366	0.01133	0.00601	0.00189	0.01976	0.48742	0.00428	0.00457
29	0.00554	0.00422	0.00510	0.00568	0.00644	0.00378	0.00395	0.00657	0.00959	0.01236	0.09923	0.50055	0.29495	0.01285	0.00560	0.00170	0.00247	0.01136	0.00427	0.00378
30	0.01095	0.01113	0.05012	0.07727	0.71620	0.01073	0.02954	0.01379	0.01022	0.01458	0.00849	0.01122	0.00704	0.00407	0.00450	0.00136	0.00552	0.00404	0.00222	0.00700
31	0.01485	0.01066	0.03206	0.01223	0.10379	0.05357	0.08224	0.11167	0.22442	0.26339	0.01467	0.01485	0.01058	0.00547	0.00464	0.00144	0.00475	0.02337	0.00423	0.00712
32	0.00573	0.00430	0.00533	0.00578	0.00656	0.00389	0.00409	0.00696	0.01013	0.01338	0.22109	0.43085	0.22582	0.01229	0.00558	0.00167	0.00246	0.02583	0.00440	0.00387
33	0.01115	0.01070	0.01828	0.04650	0.79428	0.01075	0.01388	0.01385	0.01029	0.01473	0.00851	0.01124	0.00715	0.00405	0.00449	0.00135	0.00540	0.00404	0.00224	0.00713
34	0.00940	0.00805	0.00940	0.00671	0.01074	0.00604	0.00537	0.01141	0.00940	0.01477	0.00805	0.00940	0.00671	0.00336	0.00336	0.00067	0.00336	0.00268	0.00268	0.86845
35	0.00569	0.00461	0.00505	0.00497	0.00636	0.00398	0.00375	0.00713	0.01103	0.01392	0.25807	0.04104	0.58194	0.01088	0.00537	0.00151	0.00229	0.02404	0.00442	0.00396
36	0.00610	0.00440	0.00566	0.00643	0.00692	0.00419	0.00439	0.04371	0.00946	0.01261	0.05090	0.74751	0.05363	0.01354	0.00570	0.00179	0.00271	0.01221	0.00425	0.00389
37	0.01727	0.05656	0.01312	0.04848	0.01401	0.14646	0.00822	0.36612	0.02715	0.23945	0.01188	0.01162	0.00826	0.00524	0.00438	0.00133	0.00523	0.00394	0.00421	0.00707
38	0.01266	0.75156	0.02257	0.00813	0.01190	0.06937	0.00786	0.05083	0.01001	0.01153	0.00656	0.00750	0.00591	0.00400	0.00306	0.00100	0.00507	0.00253	0.00209	0.00587
39	0.00609	0.00431	0.00574	0.00667	0.00710	0.00415	0.00482	0.00712	0.00889	0.01176	0.02354	0.54941	0.02749	0.10579	0.00783	0.00219	0.00321	0.20616	0.00404	0.00370
40	0.81959	0.00943	0.03915	0.00633	0.00931	0.01026	0.00546	0.03051	0.00808	0.02027	0.00648	0.00753	0.00500	0.00424	0.00290	0.00140	0.00366	0.00252	0.00281	0.00504
41	0.01127	0.00973	0.01025	0.00922	0.01178	0.01127	0.00717	0.02408	0.80430	0.01896	0.01844	0.01691	0.01383	0.00615	0.00461	0.00154	0.00359	0.00512	0.00461	0.00717
42	0.00661	0.00505	0.00749	0.00742	0.00817	0.00596	0.00577	0.00817	0.00725	0.01050	0.01194	0.01775	0.01123	0.05059	0.77307	0.00701	0.04469	0.00486	0.00242	0.00405
43	0.00552	0.00394	0.00526	0.00631	0.00657	0.00368	0.00421	0.00631	0.00868	0.01157	0.02498	0.83779	0.02997	0.01420	0.00578	0.00184	0.00263	0.01288	0.00421	0.00368
44	0.01258	0.01407	0.01233	0.01098	0.01230	0.34292	0.00867	0.03157	0.06386	0.01186	0.00815	0.01074	0.00719	0.00986	0.11601	0.00230	0.31329	0.00374	0.00242	0.00517
45	0.01122	0.01077	0.01839	0.02781	0.81248	0.01077	0.01391	0.01391	0.01032	0.01480	0.00852	0.01122	0.00718	0.00404	0.00449	0.00135	0.00538	0.00404	0.00224	0.00718
46	0.01999	0.00764	0.01041	0.00800	0.01145	0.00660	0.00660	0.02176	0.01297	0.79632	0.03706	0.01587	0.01198	0.00570	0.00458	0.00140	0.00381	0.00464	0.00559	0.00763
47	0.00536	0.00459	0.00459	0.00459	0.00612	0.00383	0.00344	0.00650	0.01033	0.01224	0.04590	0.04361	0.81065	0.01148	0.00536	0.00153	0.00230	0.00956	0.00421	0.00383
48	0.00940	0.00805	0.00940	0.00671	0.01074	0.00604	0.00537	0.01141	0.00940	0.01477	0.00805	0.00940	0.00671	0.00336	0.00336	0.00067	0.00336	0.00268	0.00268	0.86845
49	0.01211	0.84348	0.02374	0.00775	0.01163	0.01793	0.00775	0.01357	0.00921	0.01066	0.00630	0.00727	0.00582	0.00388	0.00291	0.00097	0.00485	0.00242	0.00194	0.00582
50	0.01127	0.00973	0.01025	0.00922	0.01178	0.01127	0.00717	0.02408	0.80430	0.01896	0.01844	0.01691	0.01383	0.00615	0.00461	0.00154	0.00359	0.00512	0.00461	0.00717
51	0.01025	0.00984	0.01692	0.31437	0.50971	0.01054	0.03662	0.01309	0.00988	0.01364	0.00837	0.01155	0.00676	0.00421	0.00453	0.00141	0.00569	0.00407	0.00216	0.00638
52	0.00603	0.00471	0.00720	0.00749	0.00816	0.00441	0.07324	0.00713	0.00891	0.01189	0.02357	0.73992	0.02783	0.01324	0.00576	0.00182	0.00312	0.03764	0.00404	0.00391
53	0.01127	0.00973	0.01025	0.00922	0.01178	0.01127	0.00717	0.02408	0.80430	0.01896	0.01844	0.01691	0.01383	0.00615	0.00461	0.00154	0.00359	0.00512	0.00461	0.00717
54	0.00572	0.00460	0.00510	0.00498	0.00635	0.00398	0.00373	0.00722	0.01120	0.01431	0.31247	0.04020	0.54279	0.01070	0.00535	0.00149	0.00224	0.00909	0.00448	0.00398
55	0.01136	0.00998	0.01450	0.45854	0.17659	0.02681	0.01179	0.20553	0.01239	0.01637	0.00882	0.01154	0.00666	0.00466	0.00451	0.00144	0.00570	0.00402	0.00268	0.00611
56	0.01068	0.01022	0.01742	0.19031	0.65420	0.01062	0.01364	0.01343	0.01006	0.01415	0.00843	0.01139	0.00695	0.00414	0.00449	0.00138	0.00552	0.00404	0.00220	0.00674
57	0.00681	0.00510	0.00748	0.00738	0.00828	0.00593	0.00576	0.03265	0.00772	0.01108	0.01210	0.01759	0.01122	0.03310	0.79734	0.00710	0.01191	0.00483	0.00249	0.00416
58	0.01964	0.00758	0.01035	0.00808	0.01145	0.00658	0.00669	0.02141	0.01284	0.77313	0.01820	0.01731	0.01200	0.00597	0.00465	0.00144	0.00387	0.04574	0.00553	0.00752
59	0.01211	0.84348	0.02374	0.00775	0.01163	0.01793	0.00775	0.01357	0.00921	0.01066	0.00630	0.00727	0.00582	0.00388	0.00291	0.00097	0.00485	0.00242	0.00194	0.00582
60	0.01734	0.00836	0.01044	0.00838	0.01155	0.00811	0.00679	0.07165	0.19991	0.53984	0.05493	0.01635	0.01310	0.00590	0.00461	0.00143	0.00378	0.00483	0.00528	0.00742
61	0.01122	0.01077	0.01839	0.02781	0.81248	0.01077	0.01391	0.01391	0.01032	0.01480	0.00852	0.01122	0.00718	0.00404	0.00449	0.00135	0.00538	0.00404	0.00224	0.00718
62	0.00659	0.00439	0.00494	0.00494	0.00494	0.00439	0.00275	0.00659	0.00659	0.00879	0.01428	0.02965	0.01647	0.84075	0.02306	0.00439	0.00439	0.00659	0.00275	0.00275
63	0.01035	0.01970	0.60207	0.01188	0.01755	0.01047	0.01418	0.02933	0.15812	0.06684	0.01072	0.01133	0.00763	0.00475	0.00438	0.00145	0.00591	0.00377	0.00270	0.00687
