[name]
unknown

[dist]
# distance from previous block
# <min> <max>
0	58

[block]
# block no. 0 follows, 52 sequences, length 19
# corresponding to MSA columns:
# 59-77
name=unknown_A
#
# <colnr> <probs for GDERKNQSTAVLIFYWHMCP>
#	G	D	E	R	K	N	Q	S	T	A	V	L	I	F	Y	W	H	M	C	P
0	0.02961	0.04934	0.09286	0.03347	0.12636	0.11017	0.16472	0.08753	0.04782	0.05393	0.01254	0.01641	0.03069	0.00568	0.00494	0.00150	0.00617	0.07116	0.00316	0.05194
1	0.11088	0.09696	0.13758	0.01032	0.03140	0.13098	0.02392	0.07437	0.05477	0.08414	0.03245	0.04996	0.03449	0.03984	0.00549	0.00156	0.02403	0.00456	0.00331	0.04902
2	0.17470	0.12632	0.07541	0.03562	0.01337	0.05134	0.04454	0.12872	0.01164	0.03845	0.02651	0.08291	0.02708	0.00821	0.05652	0.00190	0.06337	0.00478	0.00319	0.02543
3	0.05141	0.08190	0.06825	0.01104	0.01416	0.11038	0.11139	0.12091	0.04087	0.06835	0.04535	0.14254	0.01311	0.00694	0.00545	0.00152	0.04970	0.00579	0.00353	0.04742
4	0.14403	0.09439	0.04822	0.03432	0.04946	0.07265	0.02983	0.08748	0.14652	0.05622	0.04812	0.11784	0.01322	0.00679	0.00492	0.00154	0.02906	0.00544	0.00368	0.00626
5	0.07934	0.01246	0.08380	0.08526	0.15222	0.06207	0.05777	0.10980	0.03147	0.05186	0.00970	0.01187	0.00765	0.00705	0.05389	0.00187	0.09490	0.00411	0.00295	0.07997
6	0.05585	0.15195	0.03859	0.01211	0.01606	0.07973	0.17266	0.23373	0.06666	0.05760	0.02441	0.01186	0.00858	0.00503	0.00457	0.00139	0.00587	0.00425	0.00349	0.04562
7	0.01671	0.01272	0.01358	0.01080	0.01438	0.01423	0.00880	0.57998	0.22889	0.02778	0.01381	0.01336	0.01000	0.00602	0.00487	0.00151	0.00493	0.00466	0.00487	0.00809
8	0.00705	0.00470	0.00529	0.00529	0.00529	0.00470	0.00294	0.00705	0.00705	0.00940	0.01527	0.03171	0.01762	0.82969	0.02467	0.00470	0.00470	0.00705	0.00294	0.00294
9	0.00842	0.00421	0.00631	0.00631	0.00631	0.00421	0.00421	0.00631	0.00631	0.00842	0.00842	0.01473	0.00842	0.01684	0.01894	0.85901	0.00421	0.00421	0.00210	0.00210
10	0.01145	0.01096	0.01868	0.18141	0.65207	0.01137	0.01460	0.01439	0.01078	0.01517	0.00902	0.01217	0.00744	0.00442	0.00481	0.00147	0.00589	0.00432	0.00235	0.00723
11	0.01343	0.01377	0.01663	0.02165	0.45299	0.17822	0.01218	0.04048	0.14691	0.01609	0.01061	0.01232	0.00859	0.00502	0.00506	0.00146	0.03022	0.00427	0.00292	0.00719
12	0.01638	0.01829	0.01318	0.01127	0.01425	0.49325	0.00870	0.14599	0.03616	0.01590	0.00869	0.00976	0.00698	0.00503	0.00465	0.00123	0.02989	0.00338	0.00301	0.15400
13	0.12624	0.01117	0.03058	0.01090	0.01418	0.04587	0.14147	0.16329	0.18039	0.06135	0.06179	0.01838	0.08725	0.00644	0.00491	0.00156	0.00495	0.01856	0.00409	0.00661
14	0.03741	0.00960	0.01593	0.52340	0.27521	0.01110	0.01358	0.01321	0.01002	0.01376	0.00866	0.01241	0.00680	0.00475	0.00503	0.00157	0.02495	0.00425	0.00226	0.00610
15	0.01623	0.00842	0.01061	0.06697	0.01320	0.02426	0.00729	0.01994	0.13239	0.44214	0.01977	0.07192	0.05435	0.00697	0.00497	0.00153	0.00414	0.02700	0.00506	0.06283
16	0.00669	0.00493	0.00629	0.00602	0.00719	0.00454	0.00450	0.00877	0.01304	0.01813	0.65163	0.06244	0.13990	0.01123	0.03167	0.00175	0.00267	0.00900	0.00511	0.00448
17	0.01057	0.00860	0.01010	0.00724	0.01152	0.00649	0.00580	0.01271	0.01022	0.05109	0.00908	0.01034	0.00739	0.00370	0.00365	0.00075	0.00361	0.00296	0.00301	0.82114
18	0.86392	0.00937	0.00712	0.00637	0.00937	0.01087	0.00525	0.01425	0.00825	0.02174	0.00675	0.00787	0.00525	0.00450	0.00300	0.00150	0.00375	0.00262	0.00300	0.00525

[dist]
# distance from previous block
# <min> <max>
0	3

[block]
# block no. 1 follows, 52 sequences, length 8
# corresponding to MSA columns:
# 81-88
name=unknown_B
#
# <colnr> <probs for GDERKNQSTAVLIFYWHMCP>
#	G	D	E	R	K	N	Q	S	T	A	V	L	I	F	Y	W	H	M	C	P
0	0.01033	0.00924	0.01454	0.71544	0.03104	0.01131	0.01292	0.11041	0.01135	0.01469	0.00900	0.01276	0.00669	0.00497	0.00485	0.00159	0.00632	0.00431	0.00250	0.00575
1	0.01122	0.00977	0.01294	0.00933	0.01366	0.00821	0.10484	0.10405	0.01174	0.01751	0.00912	0.01062	0.00733	0.00392	0.00401	0.00092	0.00438	0.00341	0.00305	0.64998
2	0.01360	0.01017	0.01161	0.06448	0.01367	0.01137	0.00801	0.39636	0.12143	0.02280	0.01407	0.06753	0.01150	0.01094	0.12335	0.00243	0.00590	0.00526	0.07873	0.00679
3	0.01102	0.01144	0.10870	0.01151	0.01587	0.00869	0.20082	0.01468	0.06028	0.07196	0.01169	0.07108	0.00973	0.00504	0.00461	0.00125	0.00515	0.00477	0.00314	0.36857
4	0.01155	0.01180	0.10940	0.15003	0.34915	0.01058	0.03118	0.01603	0.10596	0.07228	0.07354	0.01494	0.01148	0.00527	0.00490	0.00152	0.00547	0.00480	0.00312	0.00701
5	0.04594	0.01139	0.01483	0.08016	0.12483	0.10551	0.11457	0.07867	0.06174	0.01674	0.14192	0.01736	0.04793	0.00649	0.00642	0.00158	0.10918	0.00536	0.00333	0.00607
6	0.06918	0.19597	0.13443	0.10142	0.04544	0.16445	0.04346	0.01601	0.01125	0.10728	0.02794	0.01255	0.04060	0.00516	0.00431	0.00138	0.00605	0.00395	0.00288	0.00627
7	0.03798	0.03729	0.01156	0.10650	0.03652	0.03703	0.05941	0.05005	0.02297	0.08566	0.07951	0.05297	0.12950	0.02156	0.01624	0.00160	0.00460	0.06022	0.00371	0.14512

[dist]
# distance from previous block
# <min> <max>
2	29

[block]
# block no. 2 follows, 52 sequences, length 25
# corresponding to MSA columns:
# 118-142
name=unknown_C
#
# <colnr> <probs for GDERKNQSTAVLIFYWHMCP>
#	G	D	E	R	K	N	Q	S	T	A	V	L	I	F	Y	W	H	M	C	P
0	0.09944	0.04218	0.01198	0.00923	0.01250	0.02828	0.00753	0.33461	0.12155	0.05718	0.10713	0.01592	0.01374	0.00615	0.00462	0.00142	0.00442	0.02212	0.00441	0.09561
1	0.25306	0.01064	0.01052	0.00893	0.01188	0.08422	0.02308	0.18110	0.02634	0.13417	0.06181	0.01850	0.02786	0.00660	0.00457	0.00154	0.00467	0.09630	0.00415	0.03006
2	0.32120	0.01027	0.01019	0.00868	0.01172	0.01138	0.00715	0.26975	0.10322	0.02323	0.01253	0.01654	0.01045	0.00629	0.00434	0.00155	0.00434	0.10063	0.02185	0.04472
3	0.11712	0.01025	0.01103	0.00904	0.01218	0.01098	0.00731	0.29280	0.17232	0.08974	0.10431	0.01679	0.01433	0.00631	0.00467	0.00147	0.00418	0.02385	0.01907	0.07223
4	0.01561	0.01129	0.01220	0.01016	0.01337	0.02813	0.00818	0.29234	0.36464	0.13284	0.01677	0.01683	0.01243	0.00646	0.00495	0.00157	0.00453	0.03492	0.00498	0.00779
5	0.01761	0.01317	0.01409	0.01099	0.01472	0.01465	0.00902	0.68710	0.12030	0.02924	0.01266	0.01245	0.00907	0.00591	0.00486	0.00148	0.00514	0.00450	0.00486	0.00817
6	0.00703	0.00478	0.00568	0.00568	0.00582	0.00491	0.00343	0.00730	0.00717	0.00969	0.01490	0.02969	0.01674	0.70316	0.15000	0.00519	0.00602	0.00675	0.00288	0.00316
7	0.01100	0.01335	0.09730	0.12307	0.07041	0.01202	0.51582	0.01519	0.03191	0.01510	0.00964	0.01276	0.00731	0.00448	0.00582	0.00163	0.03907	0.00519	0.00243	0.00649
8	0.01216	0.52576	0.15181	0.01172	0.05183	0.01636	0.10355	0.01531	0.04651	0.01316	0.00814	0.00949	0.00681	0.00433	0.00383	0.00124	0.00583	0.00334	0.00226	0.00655
9	0.00702	0.00483	0.00593	0.00593	0.00615	0.00505	0.00374	0.00746	0.00724	0.00987	0.01468	0.02845	0.01620	0.62569	0.22673	0.00549	0.00683	0.00657	0.00285	0.00329
10	0.01161	0.01360	0.07020	0.01976	0.02476	0.01207	0.72055	0.01572	0.01144	0.03575	0.00998	0.01301	0.00741	0.00416	0.00564	0.00163	0.00801	0.00558	0.00252	0.00661
11	0.01417	0.03137	0.31255	0.01460	0.07581	0.08932	0.15057	0.01785	0.01178	0.21776	0.01146	0.01229	0.00799	0.00488	0.00484	0.00150	0.00658	0.00429	0.00321	0.00720
12	0.01842	0.01357	0.01454	0.01115	0.01503	0.01503	0.00921	0.78330	0.02278	0.03054	0.01163	0.01163	0.00824	0.00582	0.00485	0.00145	0.00533	0.00436	0.00485	0.00824
13	0.00670	0.00495	0.00626	0.00593	0.00714	0.00451	0.00445	0.00884	0.01335	0.01856	0.69428	0.03763	0.14889	0.01023	0.00572	0.00154	0.00231	0.00896	0.00522	0.00451
14	0.01630	0.19288	0.01697	0.06349	0.04944	0.16529	0.00956	0.38969	0.01692	0.02106	0.00949	0.01035	0.00729	0.00517	0.00438	0.00133	0.00603	0.00374	0.00352	0.00710
15	0.01296	0.83261	0.02539	0.00829	0.01244	0.01917	0.00829	0.01451	0.00985	0.01140	0.00674	0.00777	0.00622	0.00415	0.00311	0.00104	0.00518	0.00259	0.00207	0.00622
16	0.02110	0.00811	0.01104	0.00851	0.01215	0.00701	0.00701	0.02299	0.01386	0.76906	0.05263	0.01734	0.01345	0.00617	0.00491	0.00150	0.00404	0.00504	0.00597	0.00809
17	0.00842	0.00421	0.00631	0.00631	0.00631	0.00421	0.00421	0.00631	0.00631	0.00842	0.00842	0.01473	0.00842	0.01684	0.01894	0.85901	0.00421	0.00421	0.00210	0.00210
18	0.01320	0.60768	0.05706	0.00882	0.01284	0.01688	0.00855	0.01699	0.14106	0.06186	0.00977	0.01015	0.00801	0.00469	0.00359	0.00119	0.00498	0.00326	0.00279	0.00663
19	0.00904	0.00684	0.00799	0.00782	0.00941	0.00699	0.00607	0.14734	0.08110	0.01724	0.07312	0.27804	0.16871	0.01158	0.00582	0.00181	0.00355	0.14768	0.00464	0.00519
20	0.61286	0.08017	0.08750	0.00775	0.01135	0.01191	0.00715	0.08598	0.01004	0.03750	0.00765	0.00863	0.00584	0.00463	0.00338	0.00146	0.00436	0.00292	0.00306	0.00586
21	0.01266	0.75762	0.09774	0.00880	0.01323	0.01844	0.00918	0.01459	0.00988	0.01177	0.00692	0.00800	0.00621	0.00419	0.00325	0.00108	0.00537	0.00268	0.00207	0.00631
22	0.01311	0.75695	0.05543	0.00874	0.01291	0.06173	0.00873	0.01481	0.01007	0.01158	0.00686	0.00792	0.00622	0.00421	0.00324	0.00107	0.00545	0.00266	0.00209	0.00622
23	0.01070	0.26991	0.56834	0.01214	0.01839	0.01366	0.01499	0.01509	0.01011	0.01415	0.00810	0.00949	0.00616	0.00447	0.00415	0.00138	0.00656	0.00328	0.00205	0.00688
24	0.00737	0.05069	0.04244	0.00609	0.00702	0.00590	0.00435	0.00852	0.03902	0.01106	0.02105	0.10505	0.13991	0.51183	0.01714	0.00350	0.00427	0.00771	0.00332	0.00376

[dist]
# distance from previous block
# <min> <max>
5	31

[block]
# block no. 3 follows, 52 sequences, length 7
# corresponding to MSA columns:
# 182-188
name=unknown_D
#
# <colnr> <probs for GDERKNQSTAVLIFYWHMCP>
#	G	D	E	R	K	N	Q	S	T	A	V	L	I	F	Y	W	H	M	C	P
0	0.01308	0.00824	0.01084	0.01104	0.11951	0.00812	0.00754	0.04456	0.16635	0.22925	0.22394	0.03950	0.03817	0.00731	0.00514	0.00153	0.00378	0.02219	0.00488	0.03505
1	0.01052	0.00975	0.01396	0.16027	0.26519	0.03151	0.01055	0.01430	0.09835	0.01580	0.12555	0.01593	0.01363	0.00573	0.00566	0.00146	0.06971	0.00486	0.00312	0.12415
2	0.00626	0.00496	0.00560	0.00575	0.00708	0.00439	0.00438	0.00770	0.01114	0.01398	0.15267	0.08423	0.49952	0.05752	0.00693	0.00189	0.00285	0.11448	0.00453	0.00414
3	0.01639	0.01285	0.01530	0.01395	0.12300	0.01452	0.01020	0.56391	0.01891	0.02574	0.01051	0.01153	0.00789	0.00600	0.00646	0.00155	0.12513	0.00434	0.00411	0.00773
4	0.01178	0.01101	0.01823	0.19982	0.58408	0.01157	0.01421	0.06231	0.01148	0.01600	0.00916	0.01217	0.00745	0.00453	0.00481	0.00148	0.00588	0.00432	0.00250	0.00721
5	0.01397	0.01253	0.01865	0.15994	0.21166	0.12125	0.20367	0.04100	0.01210	0.14165	0.01066	0.01269	0.00790	0.00476	0.00499	0.00150	0.00662	0.00459	0.00304	0.00681
6	0.00884	0.00579	0.00726	0.00669	0.00830	0.00546	0.00516	0.01190	0.07771	0.10421	0.52978	0.03454	0.12112	0.00962	0.00561	0.00158	0.00273	0.04329	0.00524	0.00517

[dist]
# distance from previous block
# <min> <max>
2	4

[block]
# block no. 4 follows, 52 sequences, length 16
# corresponding to MSA columns:
# 193-208
name=unknown_E
#
# <colnr> <probs for GDERKNQSTAVLIFYWHMCP>
#	G	D	E	R	K	N	Q	S	T	A	V	L	I	F	Y	W	H	M	C	P
0	0.07417	0.00926	0.01157	0.00893	0.01265	0.00876	0.00738	0.15807	0.01510	0.61637	0.01701	0.01509	0.01090	0.00587	0.00475	0.00149	0.00431	0.00464	0.00560	0.00806
1	0.00776	0.05833	0.03846	0.00755	0.00903	0.00640	0.02467	0.07071	0.01122	0.01481	0.10100	0.45300	0.13245	0.01210	0.00572	0.00176	0.00341	0.03257	0.00431	0.00471
2	0.07070	0.04833	0.01382	0.01117	0.01432	0.34126	0.00884	0.31976	0.09050	0.02061	0.01020	0.01067	0.00778	0.00540	0.00448	0.00137	0.00648	0.00378	0.00367	0.00684
3	0.00678	0.00486	0.00630	0.00609	0.00706	0.00452	0.00443	0.00874	0.01275	0.01794	0.65908	0.11264	0.04213	0.07648	0.00729	0.00182	0.00253	0.00911	0.00506	0.00438
4	0.00637	0.00534	0.00561	0.00568	0.00721	0.00484	0.00420	0.00875	0.08653	0.01368	0.04274	0.16584	0.60172	0.01217	0.00572	0.00169	0.00264	0.01032	0.00454	0.00441
5	0.01649	0.02213	0.10201	0.01406	0.06329	0.63520	0.04833	0.01845	0.01307	0.01266	0.00783	0.00931	0.00637	0.00487	0.00449	0.00131	0.00836	0.00337	0.00244	0.00596
6	0.01401	0.01269	0.01204	0.03466	0.01349	0.14832	0.00821	0.26736	0.21009	0.02047	0.04466	0.01797	0.10960	0.00696	0.00562	0.00154	0.05609	0.00531	0.00419	0.00673
7	0.01086	0.01057	0.01415	0.01221	0.01270	0.01435	0.01008	0.01417	0.14666	0.01319	0.00874	0.01193	0.00786	0.00814	0.01395	0.00204	0.67560	0.00446	0.00262	0.00572
8	0.01129	0.01091	0.01520	0.43074	0.18625	0.07589	0.01250	0.05450	0.08675	0.01472	0.00975	0.01271	0.00759	0.00514	0.00534	0.00157	0.04592	0.00433	0.00264	0.00624
9	0.01476	0.01334	0.01404	0.07813	0.05390	0.15749	0.05771	0.33166	0.07555	0.02087	0.01396	0.01486	0.06730	0.00710	0.03537	0.00170	0.00613	0.00477	0.02455	0.00680
10	0.13948	0.01076	0.01208	0.03543	0.04314	0.01170	0.02243	0.32331	0.13543	0.09948	0.01329	0.03817	0.01022	0.03465	0.00527	0.00160	0.00464	0.00470	0.02636	0.02787
11	0.06416	0.01213	0.07676	0.05027	0.05261	0.08554	0.00899	0.07938	0.25280	0.13959	0.05345	0.01528	0.01216	0.00600	0.00511	0.00153	0.03614	0.00472	0.03642	0.00695
12	0.10131	0.02831	0.07677	0.02188	0.08276	0.06281	0.08218	0.10694	0.21975	0.09004	0.01361	0.05294	0.01067	0.00582	0.00472	0.00153	0.00518	0.00490	0.00383	0.02406
13	0.04363	0.01386	0.10083	0.02412	0.04024	0.19112	0.02115	0.12389	0.04168	0.13147	0.02657	0.01522	0.06459	0.00583	0.00453	0.00139	0.00544	0.00451	0.10367	0.03626
14	0.01293	0.09268	0.05916	0.01149	0.05696	0.13910	0.05131	0.09578	0.10524	0.06184	0.08597	0.05558	0.04367	0.00663	0.00563	0.00149	0.06845	0.00524	0.01807	0.02279
15	0.01248	0.08436	0.04216	0.03417	0.01288	0.12297	0.04686	0.09464	0.02600	0.10505	0.08814	0.08899	0.10358	0.00850	0.03618	0.00172	0.03376	0.00599	0.00379	0.04780

[dist]
# distance from previous block
# <min> <max>
6	74

[block]
# block no. 5 follows, 52 sequences, length 6
# corresponding to MSA columns:
# 299-304
name=unknown_F
#
# <colnr> <probs for GDERKNQSTAVLIFYWHMCP>
#	G	D	E	R	K	N	Q	S	T	A	V	L	I	F	Y	W	H	M	C	P
0	0.03876	0.11983	0.11753	0.03667	0.07639	0.06298	0.06948	0.03401	0.01124	0.09054	0.05639	0.06227	0.09729	0.00836	0.04446	0.00183	0.02602	0.03664	0.00332	0.00601
1	0.12228	0.01102	0.05228	0.09078	0.03910	0.08577	0.06306	0.10707	0.03859	0.08912	0.08688	0.05635	0.04619	0.02902	0.03524	0.00182	0.00540	0.00533	0.00366	0.03103
2	0.12453	0.03763	0.07309	0.07424	0.07383	0.05691	0.04006	0.06520	0.04478	0.11159	0.07319	0.03748	0.04754	0.04064	0.00540	0.00158	0.00486	0.00497	0.02077	0.06172
3	0.14033	0.01273	0.11410	0.04106	0.05260	0.03895	0.00942	0.24235	0.07210	0.02074	0.05089	0.04795	0.03770	0.00630	0.00535	0.00153	0.05967	0.00479	0.00366	0.03778
4	0.13626	0.05686	0.05429	0.05158	0.06663	0.07272	0.02640	0.09789	0.01183	0.01742	0.07841	0.05923	0.07046	0.00630	0.00474	0.00139	0.02721	0.00501	0.03424	0.12115
5	0.07456	0.03361	0.06261	0.09522	0.04812	0.03893	0.07304	0.06230	0.06554	0.01604	0.05275	0.05075	0.08591	0.00790	0.04302	0.00180	0.07468	0.00530	0.00320	0.10473

[dist]
# distance from previous block
# <min> <max>
0	1

[block]
# block no. 6 follows, 52 sequences, length 8
# corresponding to MSA columns:
# 306-313
name=unknown_G
#
# <colnr> <probs for GDERKNQSTAVLIFYWHMCP>
#	G	D	E	R	K	N	Q	S	T	A	V	L	I	F	Y	W	H	M	C	P
0	0.05122	0.08293	0.01567	0.15029	0.11174	0.03387	0.07056	0.18793	0.01302	0.03117	0.04922	0.05307	0.01059	0.02761	0.00620	0.00161	0.07434	0.00491	0.00323	0.02082
1	0.00978	0.00838	0.01070	0.02793	0.07797	0.02945	0.05720	0.08811	0.06973	0.02892	0.02469	0.07956	0.24935	0.07310	0.00734	0.00184	0.04325	0.04736	0.00383	0.06150
2	0.01337	0.20185	0.01712	0.14990	0.01738	0.12034	0.04862	0.11668	0.07329	0.03732	0.00936	0.01109	0.00748	0.00539	0.00584	0.00144	0.11350	0.00387	0.00290	0.04327
3	0.01206	0.01060	0.01643	0.07025	0.11806	0.03426	0.18807	0.10338	0.04636	0.07238	0.11795	0.01788	0.05999	0.00642	0.00651	0.00161	0.10221	0.00564	0.00353	0.00639
4	0.08378	0.00698	0.00886	0.01013	0.12900	0.00727	0.00626	0.07385	0.00986	0.01423	0.01782	0.07812	0.11076	0.26068	0.15829	0.00365	0.00594	0.00653	0.00326	0.00477
5	0.01070	0.08094	0.01121	0.00744	0.01128	0.00803	0.00605	0.07631	0.01105	0.01656	0.01017	0.05892	0.00895	0.00463	0.00379	0.00090	0.00375	0.00371	0.04994	0.61567
6	0.58720	0.00992	0.00844	0.07453	0.01181	0.06951	0.00623	0.01389	0.00936	0.01952	0.06931	0.01078	0.00878	0.00491	0.00352	0.00142	0.00422	0.00331	0.00306	0.08028
7	0.00873	0.00825	0.01379	0.57108	0.02685	0.00973	0.06876	0.01152	0.00986	0.01267	0.01467	0.08073	0.09896	0.00659	0.00554	0.00167	0.03695	0.00583	0.00263	0.00520

[dist]
# distance from previous block
# <min> <max>
3	20

[block]
# block no. 7 follows, 52 sequences, length 16
# corresponding to MSA columns:
# 334-349
name=unknown_H
#
# <colnr> <probs for GDERKNQSTAVLIFYWHMCP>
#	G	D	E	R	K	N	Q	S	T	A	V	L	I	F	Y	W	H	M	C	P
0	0.03642	0.14735	0.34856	0.02923	0.03335	0.01204	0.03996	0.11251	0.01121	0.01579	0.00977	0.01362	0.00833	0.13759	0.00784	0.00197	0.02137	0.00418	0.00261	0.00633
1	0.04158	0.07811	0.40221	0.01331	0.03884	0.01168	0.11000	0.04875	0.03587	0.06199	0.05920	0.01270	0.00952	0.00523	0.00530	0.00154	0.05027	0.00429	0.00280	0.00682
2	0.04425	0.23597	0.15240	0.00950	0.01338	0.03403	0.00922	0.20130	0.01368	0.06421	0.10237	0.01436	0.01232	0.04155	0.00518	0.00149	0.00510	0.00432	0.02882	0.00655
3	0.12780	0.01098	0.09629	0.00876	0.01153	0.07346	0.00761	0.12312	0.06102	0.08696	0.06070	0.11108	0.04255	0.01014	0.08591	0.00216	0.00537	0.00572	0.06287	0.00595
4	0.01131	0.01874	0.49473	0.01347	0.06351	0.01027	0.04718	0.03316	0.05570	0.10812	0.01238	0.08809	0.00994	0.00586	0.00487	0.00157	0.00613	0.00495	0.00301	0.00704
5	0.05137	0.01267	0.04752	0.01060	0.01396	0.05889	0.03639	0.44221	0.08605	0.02370	0.01402	0.01475	0.05441	0.00962	0.09935	0.00222	0.00624	0.00476	0.00415	0.00710
6	0.01199	0.01151	0.01967	0.02974	0.79946	0.01151	0.01487	0.01487	0.01103	0.01583	0.00912	0.01199	0.00768	0.00432	0.00480	0.00144	0.00576	0.00432	0.00240	0.00768
7	0.00677	0.00493	0.00586	0.00618	0.00718	0.00471	0.00444	0.00886	0.05541	0.01461	0.13829	0.34543	0.21371	0.01319	0.04615	0.00200	0.00316	0.01022	0.10453	0.00437
8	0.09050	0.13256	0.38942	0.01168	0.06108	0.01089	0.01223	0.01431	0.01022	0.07048	0.01287	0.10758	0.04417	0.00619	0.00451	0.00151	0.00555	0.00497	0.00283	0.00644
9	0.01037	0.00972	0.01637	0.28059	0.46008	0.01038	0.01320	0.01312	0.01040	0.01432	0.01102	0.10787	0.01015	0.00576	0.00498	0.00156	0.00564	0.00542	0.00257	0.00650
10	0.00703	0.00473	0.00543	0.00538	0.00551	0.00468	0.00313	0.00729	0.00783	0.01057	0.10699	0.03224	0.02092	0.73350	0.02244	0.00433	0.00442	0.00725	0.00322	0.00313
11	0.01173	0.01445	0.15287	0.01969	0.21488	0.03380	0.30897	0.06640	0.03353	0.01647	0.01063	0.01460	0.00863	0.00506	0.00544	0.00159	0.02294	0.04870	0.00271	0.00690
12	0.01271	0.01068	0.04094	0.01016	0.01334	0.04987	0.09642	0.17960	0.11793	0.08212	0.08111	0.07980	0.06005	0.00683	0.00495	0.00146	0.00466	0.00589	0.04143	0.10003
13	0.00602	0.00440	0.00568	0.00657	0.00710	0.00406	0.00453	0.00706	0.00986	0.01301	0.08046	0.65066	0.12489	0.01441	0.00612	0.00191	0.00280	0.04190	0.00455	0.00402
14	0.00619	0.00471	0.00616	0.00695	0.00735	0.00467	0.00482	0.00709	0.00933	0.01240	0.02763	0.69466	0.10731	0.01445	0.00678	0.00194	0.05638	0.01279	0.00434	0.00404
15	0.11197	0.16214	0.38828	0.01134	0.01650	0.07056	0.04043	0.01570	0.01068	0.07546	0.04756	0.01127	0.00849	0.00489	0.00425	0.00142	0.00609	0.00369	0.00267	0.00659

[dist]
# distance from previous block
# <min> <max>
1	3

[block]
# block no. 8 follows, 52 sequences, length 34
# corresponding to MSA columns:
# 353-373,383-395
name=unknown_I
#
# <colnr> <probs for GDERKNQSTAVLIFYWHMCP>
#	G	D	E	R	K	N	Q	S	T	A	V	L	I	F	Y	W	H	M	C	P
0	0.00910	0.00657	0.00910	0.00823	0.00989	0.00634	0.06322	0.07200	0.05192	0.06932	0.24771	0.34624	0.02922	0.01061	0.00566	0.00168	0.00342	0.00956	0.00468	0.03553
1	0.00663	0.00500	0.00638	0.00674	0.00777	0.00439	0.00469	0.00777	0.00967	0.01330	0.06216	0.63406	0.04646	0.01293	0.00572	0.00173	0.00291	0.01164	0.00427	0.14578
2	0.01626	0.26760	0.01721	0.01095	0.01409	0.45386	0.00894	0.09055	0.05297	0.01392	0.00828	0.00920	0.00686	0.00489	0.00406	0.00122	0.00709	0.00320	0.00271	0.00615
3	0.00590	0.00425	0.00559	0.00665	0.00700	0.00394	0.00446	0.00676	0.00937	0.01241	0.02785	0.78682	0.07102	0.01503	0.00616	0.00195	0.00279	0.01360	0.00450	0.00394
4	0.01237	0.32770	0.09109	0.02632	0.07573	0.04521	0.08275	0.11827	0.01246	0.01609	0.09889	0.01390	0.03463	0.00544	0.00453	0.00134	0.01952	0.00436	0.00297	0.00642
5	0.01260	0.13265	0.51378	0.01261	0.04600	0.01155	0.01436	0.01683	0.01092	0.16890	0.01048	0.01118	0.00735	0.00480	0.00446	0.00146	0.00624	0.00372	0.00284	0.00726
6	0.00590	0.00424	0.00560	0.00668	0.00701	0.00394	0.00447	0.00675	0.00934	0.01240	0.02747	0.79989	0.05819	0.01508	0.00617	0.00196	0.00280	0.01366	0.00450	0.00394
7	0.01123	0.00984	0.01683	0.31982	0.29227	0.01052	0.10141	0.03095	0.01090	0.05510	0.01019	0.01325	0.00786	0.00473	0.00480	0.00150	0.00588	0.00452	0.08197	0.00643
8	0.01237	0.01474	0.08772	0.04060	0.19830	0.10434	0.39808	0.04317	0.01182	0.01556	0.00927	0.01200	0.00719	0.00443	0.00536	0.00154	0.01944	0.00482	0.00248	0.00675
9	0.00588	0.00429	0.00555	0.00655	0.00698	0.00395	0.00441	0.00677	0.00947	0.01245	0.02914	0.74183	0.11518	0.01487	0.00614	0.00193	0.00277	0.01339	0.00450	0.00395
10	0.01842	0.01357	0.01454	0.01115	0.01503	0.01503	0.00921	0.78330	0.02278	0.03054	0.01163	0.01163	0.00824	0.00582	0.00485	0.00145	0.00533	0.00436	0.00485	0.00824
11	0.00842	0.00421	0.00631	0.00631	0.00631	0.00421	0.00421	0.00631	0.00631	0.00842	0.00842	0.01473	0.00842	0.01684	0.01894	0.85901	0.00421	0.00421	0.00210	0.00210
12	0.01729	0.01299	0.01436	0.01091	0.01486	0.01397	0.02706	0.67604	0.02104	0.02848	0.01124	0.01149	0.00810	0.00552	0.00472	0.00137	0.00520	0.00422	0.00456	0.10657
13	0.86392	0.00937	0.00712	0.00637	0.00937	0.01087	0.00525	0.01425	0.00825	0.02174	0.00675	0.00787	0.00525	0.00450	0.00300	0.00150	0.00375	0.00262	0.00300	0.00525
14	0.00662	0.00502	0.00568	0.00546	0.00697	0.00436	0.00412	0.00826	0.01213	0.03847	0.32780	0.04186	0.49355	0.01121	0.00570	0.00159	0.00244	0.00952	0.00486	0.00439
15	0.01005	0.00861	0.01005	0.00718	0.01148	0.00646	0.00574	0.01220	0.01005	0.01579	0.00861	0.01005	0.00718	0.00359	0.00359	0.00072	0.00359	0.00287	0.00287	0.85932
16	0.01070	0.00715	0.01044	0.14970	0.04479	0.00707	0.04646	0.02305	0.02397	0.16056	0.23177	0.04097	0.08039	0.10250	0.00747	0.00189	0.00420	0.00663	0.00418	0.03609
17	0.01191	0.01187	0.05736	0.11135	0.58752	0.01141	0.01405	0.06571	0.01158	0.01642	0.00918	0.01189	0.00748	0.00445	0.00474	0.00143	0.00577	0.00421	0.00254	0.04912
18	0.00889	0.00544	0.00723	0.00723	0.00855	0.00509	0.00562	0.01092	0.02492	0.12214	0.30753	0.23087	0.05209	0.01142	0.00591	0.00179	0.00316	0.17128	0.00501	0.00493
19	0.00948	0.00895	0.01513	0.72693	0.12193	0.01085	0.01362	0.01267	0.00985	0.01278	0.00867	0.01281	0.00660	0.00478	0.00484	0.00159	0.00638	0.00431	0.00218	0.00565
20	0.08503	0.00967	0.01161	0.00892	0.01270	0.00928	0.00735	0.20767	0.01523	0.47404	0.01527	0.01399	0.01007	0.00559	0.00459	0.00141	0.00434	0.00437	0.00517	0.09369
21	0.00756	0.10109	0.00846	0.00633	0.00800	0.02609	0.00505	0.00942	0.01232	0.01614	0.41767	0.03645	0.26171	0.01003	0.00544	0.00154	0.00296	0.05449	0.00459	0.00464
22	0.01199	0.01004	0.01060	0.00942	0.01210	0.01140	0.00736	0.09242	0.62861	0.02065	0.04351	0.01993	0.06742	0.00696	0.00496	0.00161	0.00380	0.00577	0.02412	0.00732
23	0.00842	0.00421	0.00631	0.00631	0.00631	0.00421	0.00421	0.00631	0.00631	0.00842	0.00842	0.01473	0.00842	0.01684	0.01894	0.85901	0.00421	0.00421	0.00210	0.00210
24	0.00935	0.00882	0.01489	0.76288	0.08698	0.01082	0.01356	0.01256	0.00978	0.01262	0.00865	0.01286	0.00655	0.00481	0.00484	0.00160	0.00641	0.00431	0.00217	0.00554
25	0.00589	0.00426	0.00558	0.00663	0.00700	0.00395	0.00444	0.00676	0.00940	0.01242	0.02820	0.77455	0.08307	0.01499	0.00615	0.00195	0.00279	0.01354	0.00450	0.00395
26	0.00590	0.00422	0.00562	0.00675	0.00703	0.00394	0.00450	0.00675	0.00928	0.01237	0.02671	0.82653	0.03205	0.01518	0.00619	0.00197	0.00281	0.01378	0.00450	0.00394
27	0.01947	0.01189	0.01350	0.01035	0.01419	0.01253	0.00855	0.54294	0.01996	0.27489	0.01400	0.01317	0.00943	0.00587	0.00486	0.00147	0.00495	0.00452	0.00521	0.00824
28	0.51265	0.01413	0.17715	0.01325	0.15517	0.01190	0.01034	0.01565	0.01021	0.02064	0.00922	0.01136	0.00742	0.00555	0.00438	0.00179	0.00538	0.00368	0.00323	0.00691
29	0.00868	0.00653	0.00912	0.00900	0.00998	0.00723	0.00687	0.00993	0.00884	0.01282	0.01429	0.02079	0.01335	0.03590	0.77080	0.00778	0.03410	0.00566	0.00313	0.00520
30	0.00897	0.00603	0.00748	0.00812	0.00892	0.00556	0.00556	0.01010	0.04894	0.06711	0.04225	0.69935	0.03103	0.01484	0.00667	0.00219	0.00352	0.01295	0.00513	0.00528
31	0.01163	0.00973	0.01114	0.00828	0.01263	0.00740	0.00644	0.01332	0.01105	0.01723	0.01020	0.01224	0.00868	0.00467	0.00429	0.00103	0.00415	0.00342	0.00341	0.83904
32	0.01652	0.00929	0.01105	0.00920	0.01246	0.00852	0.00721	0.02046	0.18147	0.36514	0.05110	0.02326	0.11347	0.00789	0.00556	0.00175	0.00427	0.02141	0.00556	0.12442
33	0.01845	0.01846	0.01356	0.01189	0.01466	0.46165	0.00902	0.19853	0.01628	0.05001	0.01169	0.01324	0.00932	0.00636	0.00505	0.00159	0.00729	0.00421	0.12173	0.00700

[dist]
# distance from previous block
# <min> <max>
0	1

[block]
# block no. 9 follows, 52 sequences, length 26
# corresponding to MSA columns:
# 397-406,408,409,423-436
name=unknown_J
#
# <colnr> <probs for GDERKNQSTAVLIFYWHMCP>
#	G	D	E	R	K	N	Q	S	T	A	V	L	I	F	Y	W	H	M	C	P
0	0.05383	0.00951	0.01064	0.00981	0.01176	0.02785	0.02107	0.17344	0.05619	0.07680	0.06572	0.35428	0.03351	0.05960	0.00753	0.00230	0.00469	0.00948	0.00523	0.00674
1	0.01237	0.10551	0.70077	0.01464	0.02148	0.01324	0.01754	0.01679	0.01166	0.01709	0.01083	0.01320	0.00839	0.00611	0.00546	0.00191	0.00766	0.00426	0.00287	0.00821
2	0.01101	0.00966	0.01459	0.66977	0.03031	0.01099	0.01280	0.01320	0.01129	0.01469	0.01583	0.06001	0.08775	0.00763	0.00599	0.00206	0.00660	0.00611	0.00332	0.00639
3	0.01151	0.01025	0.01598	0.79027	0.03427	0.01199	0.01420	0.01401	0.01118	0.01462	0.01095	0.01604	0.00869	0.00639	0.00583	0.00204	0.00718	0.00505	0.00297	0.00659
4	0.01388	0.07322	0.05591	0.04206	0.01886	0.18073	0.31012	0.03981	0.01222	0.11016	0.01150	0.04333	0.00936	0.00543	0.00507	0.00151	0.00697	0.03931	0.00308	0.01747
5	0.06411	0.05425	0.23512	0.01175	0.01614	0.02113	0.09249	0.08550	0.05566	0.14453	0.01119	0.02299	0.00830	0.00539	0.00562	0.00150	0.08110	0.00423	0.00331	0.07567
6	0.00962	0.00690	0.00817	0.00746	0.00933	0.00706	0.00576	0.01527	0.24968	0.08345	0.42532	0.03030	0.08135	0.00883	0.00544	0.00159	0.00298	0.03053	0.00519	0.00578
7	0.00590	0.00422	0.00562	0.00675	0.00703	0.00394	0.00450	0.00675	0.00928	0.01237	0.02671	0.82653	0.03205	0.01518	0.00619	0.00197	0.00281	0.01378	0.00450	0.00394
8	0.01078	0.04574	0.65008	0.01447	0.05915	0.09007	0.03287	0.01570	0.01063	0.01493	0.00857	0.01017	0.00625	0.00460	0.00457	0.00149	0.00721	0.00359	0.00212	0.00700
9	0.01096	0.00990	0.01557	0.53772	0.14335	0.01168	0.02717	0.11930	0.01163	0.01543	0.00902	0.01250	0.00690	0.00505	0.00536	0.00159	0.04381	0.00434	0.00257	0.00614
10	0.01140	0.01080	0.01829	0.02748	0.72154	0.01077	0.01385	0.01407	0.01086	0.01549	0.01085	0.09209	0.01007	0.00539	0.00493	0.00149	0.00547	0.00525	0.00261	0.00731
11	0.00915	0.00861	0.01453	0.81804	0.03338	0.01077	0.01346	0.01238	0.00969	0.01238	0.00861	0.01292	0.00646	0.00484	0.00484	0.00161	0.00646	0.00431	0.00215	0.00538
12	0.01048	0.00810	0.01389	0.01210	0.05356	0.00776	0.21477	0.03239	0.02168	0.12362	0.05365	0.33630	0.04643	0.00948	0.00601	0.00174	0.02944	0.00891	0.00403	0.00566
13	0.13019	0.53400	0.16465	0.00923	0.01369	0.05308	0.00968	0.01485	0.00988	0.01357	0.00713	0.00828	0.00607	0.00432	0.00343	0.00120	0.00551	0.00280	0.00222	0.00623
14	0.00692	0.00519	0.00779	0.00779	0.00865	0.00606	0.00606	0.00865	0.00779	0.01125	0.01298	0.01904	0.01211	0.03634	0.81049	0.00779	0.01298	0.00519	0.00260	0.00433
15	0.00917	0.00666	0.01135	0.02852	0.10796	0.00675	0.10893	0.00899	0.00788	0.01074	0.00986	0.05631	0.00970	0.05043	0.01463	0.50360	0.03741	0.00505	0.00235	0.00371
16	0.03551	0.12960	0.01472	0.01164	0.04336	0.39467	0.00894	0.03767	0.04735	0.05104	0.00908	0.01079	0.00758	0.00842	0.08468	0.00200	0.09064	0.00362	0.00276	0.00590
17	0.00618	0.00441	0.00591	0.00675	0.00709	0.00433	0.00457	0.00706	0.00882	0.01189	0.02347	0.62348	0.02758	0.10368	0.12740	0.00312	0.00452	0.01180	0.00405	0.00389
18	0.00714	0.00546	0.00754	0.11825	0.01083	0.00541	0.00577	0.00952	0.01307	0.01824	0.66230	0.03334	0.06612	0.00929	0.00560	0.00154	0.00287	0.00820	0.00487	0.00467
19	0.01172	0.03748	0.10217	0.09940	0.36429	0.04108	0.07678	0.05299	0.02617	0.01539	0.00906	0.01186	0.00740	0.00575	0.02539	0.00170	0.09773	0.00430	0.00248	0.00687
20	0.01227	0.01542	0.10163	0.01995	0.12892	0.12232	0.49552	0.01595	0.01158	0.01504	0.00928	0.01205	0.00712	0.00429	0.00530	0.00154	0.00782	0.00496	0.00241	0.00663
21	0.00692	0.00519	0.00779	0.00779	0.00865	0.00606	0.00606	0.00865	0.00779	0.01125	0.01298	0.01904	0.01211	0.03634	0.81049	0.00779	0.01298	0.00519	0.00260	0.00433
22	0.00696	0.00506	0.00710	0.00710	0.00773	0.00568	0.00520	0.00821	0.00758	0.01074	0.01361	0.02252	0.01363	0.25456	0.59434	0.00694	0.01070	0.00570	0.00269	0.00394
23	0.01101	0.41181	0.14841	0.10054	0.03603	0.01441	0.01029	0.01348	0.00958	0.01258	0.00839	0.01070	0.00719	0.00805	0.09022	0.00198	0.05431	0.00345	0.04157	0.00598
24	0.01245	0.00855	0.00981	0.00846	0.01095	0.00902	0.00665	0.11678	0.29870	0.13915	0.26759	0.02383	0.05177	0.00766	0.00519	0.00156	0.00353	0.00646	0.00519	0.00671
25	0.01125	0.38619	0.42721	0.01192	0.04537	0.01481	0.01349	0.01496	0.01009	0.01360	0.00783	0.00919	0.00623	0.00439	0.00394	0.00131	0.00622	0.00316	0.00207	0.00676

[dist]
# distance from previous block
# <min> <max>
1	5

[block]
# block no. 10 follows, 52 sequences, length 68
# corresponding to MSA columns:
# 443-448,463-524
name=unknown_K
#
# <colnr> <probs for GDERKNQSTAVLIFYWHMCP>
#	G	D	E	R	K	N	Q	S	T	A	V	L	I	F	Y	W	H	M	C	P
0	0.01084	0.08038	0.05521	0.01135	0.01373	0.13816	0.17765	0.02787	0.00992	0.01241	0.01086	0.01751	0.01042	0.23528	0.11624	0.00319	0.05622	0.00511	0.00259	0.00508
1	0.01116	0.08187	0.07892	0.12039	0.02498	0.01258	0.56787	0.01503	0.01100	0.01477	0.00932	0.01242	0.00706	0.00422	0.00531	0.00157	0.00763	0.00513	0.00235	0.00641
2	0.07897	0.73934	0.05224	0.00834	0.01251	0.01824	0.00840	0.01452	0.00974	0.01235	0.00681	0.00787	0.00614	0.00419	0.00316	0.00109	0.00514	0.00263	0.00214	0.00618
3	0.01104	0.00953	0.00999	0.00907	0.01163	0.01078	0.00703	0.02273	0.66560	0.01912	0.02444	0.02266	0.14039	0.00749	0.00506	0.00164	0.00361	0.00624	0.00486	0.00710
4	0.00751	0.00616	0.01025	0.00921	0.01053	0.00675	0.10448	0.00941	0.00820	0.01166	0.01274	0.01921	0.01191	0.09036	0.65058	0.00678	0.01176	0.00540	0.00260	0.00451
5	0.00944	0.00901	0.01460	0.65668	0.02924	0.01158	0.01289	0.01224	0.00924	0.01224	0.00816	0.01246	0.00644	0.00557	0.00706	0.00172	0.16964	0.00429	0.00215	0.00537
6	0.01144	0.01307	0.02859	0.02042	0.02533	0.01225	0.78186	0.01552	0.01144	0.01552	0.00980	0.01307	0.00735	0.00408	0.00572	0.00163	0.00817	0.00572	0.00245	0.00654
7	0.00573	0.00491	0.00491	0.00491	0.00655	0.00409	0.00368	0.00695	0.01105	0.01309	0.04909	0.04664	0.79750	0.01227	0.00573	0.00164	0.00245	0.01023	0.00450	0.00409
8	0.01156	0.01219	0.01470	0.01269	0.01301	0.11599	0.01044	0.01264	0.00822	0.01169	0.00650	0.01037	0.00635	0.00804	0.01444	0.00201	0.71756	0.00410	0.00217	0.00534
9	0.00573	0.00491	0.00491	0.00491	0.00655	0.00409	0.00368	0.00695	0.01105	0.01309	0.04909	0.04664	0.79750	0.01227	0.00573	0.00164	0.00245	0.01023	0.00450	0.00409
10	0.01296	0.83261	0.02539	0.00829	0.01244	0.01917	0.00829	0.01451	0.00985	0.01140	0.00674	0.00777	0.00622	0.00415	0.00311	0.00104	0.00518	0.00259	0.00207	0.00622
11	0.00620	0.00495	0.00556	0.00547	0.00692	0.00431	0.00414	0.00784	0.01199	0.01537	0.31069	0.04326	0.50575	0.01148	0.00576	0.00162	0.00247	0.03716	0.00479	0.00427
12	0.01005	0.00861	0.01005	0.00718	0.01148	0.00646	0.00574	0.01220	0.01005	0.01579	0.00861	0.01005	0.00718	0.00359	0.00359	0.00072	0.00359	0.00287	0.00287	0.85932
13	0.00915	0.00861	0.01453	0.81804	0.03338	0.01077	0.01346	0.01238	0.00969	0.01238	0.00861	0.01292	0.00646	0.00484	0.00484	0.00161	0.00646	0.00431	0.00215	0.00538
14	0.00781	0.00558	0.00781	0.00892	0.01004	0.00558	0.00781	0.01004	0.01116	0.01450	0.02566	0.05466	0.02789	0.01339	0.00669	0.00223	0.00446	0.76685	0.00446	0.00446
15	0.01829	0.01741	0.01422	0.01169	0.01501	0.33574	0.00927	0.47520	0.01913	0.02301	0.00996	0.01047	0.00744	0.00549	0.00465	0.00137	0.00671	0.00386	0.00390	0.00718
16	0.01036	0.00860	0.01008	0.00722	0.01151	0.00648	0.00578	0.01251	0.01015	0.03701	0.00890	0.01022	0.00731	0.00365	0.00362	0.00074	0.00360	0.00293	0.00296	0.83637
17	0.00938	0.00847	0.03752	0.01007	0.01180	0.00861	0.09413	0.09844	0.11423	0.01584	0.01940	0.42138	0.02068	0.01067	0.00681	0.00183	0.09191	0.00935	0.00403	0.00546
18	0.00604	0.00492	0.00535	0.00524	0.00674	0.00423	0.00393	0.00756	0.01179	0.01486	0.25728	0.04373	0.58821	0.01161	0.00572	0.00161	0.00241	0.00982	0.00473	0.00423
19	0.01642	0.01109	0.01304	0.01034	0.03488	0.03705	0.03593	0.29049	0.05193	0.21819	0.01285	0.01272	0.00910	0.00521	0.00456	0.00129	0.00475	0.00417	0.00441	0.22157
20	0.00590	0.00422	0.00562	0.00675	0.00703	0.00394	0.00450	0.00675	0.00928	0.01237	0.02671	0.82653	0.03205	0.01518	0.00619	0.00197	0.00281	0.01378	0.00450	0.00394
21	0.00705	0.00470	0.00529	0.00529	0.00529	0.00470	0.00294	0.00705	0.00705	0.00940	0.01527	0.03171	0.01762	0.82969	0.02467	0.00470	0.00470	0.00705	0.00294	0.00294
22	0.01126	0.01273	0.02750	0.08241	0.02595	0.01214	0.72215	0.01528	0.01130	0.01528	0.00971	0.01306	0.00728	0.00414	0.00565	0.00163	0.00804	0.00561	0.00243	0.00645
23	0.01144	0.01307	0.02859	0.02042	0.02533	0.01225	0.78186	0.01552	0.01144	0.01552	0.00980	0.01307	0.00735	0.00408	0.00572	0.00163	0.00817	0.00572	0.00245	0.00654
24	0.01146	0.02818	0.05813	0.04213	0.31156	0.03676	0.07987	0.02976	0.20436	0.01650	0.01500	0.01616	0.07550	0.00565	0.00509	0.00151	0.01967	0.00507	0.00323	0.03442
25	0.01131	0.00883	0.00976	0.00901	0.01125	0.00981	0.00688	0.04609	0.51925	0.06568	0.04832	0.19639	0.01930	0.00853	0.00523	0.00170	0.00362	0.00735	0.00491	0.00679
26	0.00686	0.00495	0.00648	0.00610	0.00724	0.00457	0.00457	0.00914	0.01372	0.01943	0.79691	0.03620	0.04572	0.00991	0.00572	0.00152	0.00229	0.00876	0.00533	0.00457
27	0.01144	0.01307	0.02859	0.02042	0.02533	0.01225	0.78186	0.01552	0.01144	0.01552	0.00980	0.01307	0.00735	0.00408	0.00572	0.00163	0.00817	0.00572	0.00245	0.00654
28	0.00898	0.03454	0.25910	0.01114	0.04506	0.06585	0.06287	0.01192	0.01084	0.01460	0.12182	0.21980	0.05820	0.02196	0.00562	0.00169	0.00514	0.03193	0.00339	0.00555
29	0.00717	0.00537	0.00692	0.00769	0.00897	0.00512	0.00654	0.00909	0.01112	0.01407	0.03287	0.05219	0.26466	0.01304	0.00640	0.00205	0.00384	0.53407	0.00447	0.00435
30	0.00705	0.00470	0.00529	0.00529	0.00529	0.00470	0.00294	0.00705	0.00705	0.00940	0.01527	0.03171	0.01762	0.82969	0.02467	0.00470	0.00470	0.00705	0.00294	0.00294
31	0.00972	0.02507	0.80458	0.01381	0.02097	0.01125	0.01790	0.01535	0.01023	0.01535	0.00870	0.01023	0.00614	0.00460	0.00460	0.00153	0.00716	0.00358	0.00205	0.00716
32	0.00915	0.00861	0.01453	0.81804	0.03338	0.01077	0.01346	0.01238	0.00969	0.01238	0.00861	0.01292	0.00646	0.00484	0.00484	0.00161	0.00646	0.00431	0.00215	0.00538
33	0.00579	0.00491	0.00500	0.00498	0.00658	0.00412	0.00373	0.00708	0.01120	0.01345	0.09135	0.04605	0.75502	0.01214	0.00573	0.00163	0.00245	0.01014	0.00455	0.00412
34	0.00590	0.00422	0.00562	0.00675	0.00703	0.00394	0.00450	0.00675	0.00928	0.01237	0.02671	0.82653	0.03205	0.01518	0.00619	0.00197	0.00281	0.01378	0.00450	0.00394
35	0.00699	0.00491	0.00635	0.00635	0.00672	0.00528	0.00426	0.00773	0.00736	0.01018	0.01430	0.02632	0.01528	0.49212	0.35904	0.00601	0.00822	0.00626	0.00279	0.00353
36	0.00573	0.00491	0.00491	0.00491	0.00655	0.00409	0.00368	0.00695	0.01105	0.01309	0.04909	0.04664	0.79750	0.01227	0.00573	0.00164	0.00245	0.01023	0.00450	0.00409
37	0.00842	0.00421	0.00631	0.00631	0.00631	0.00421	0.00421	0.00631	0.00631	0.00842	0.00842	0.01473	0.00842	0.01684	0.01894	0.85901	0.00421	0.00421	0.00210	0.00210
38	0.02114	0.00921	0.01184	0.00908	0.01285	0.00856	0.00750	0.16156	0.01549	0.66259	0.01776	0.01561	0.01131	0.00597	0.00487	0.00149	0.00434	0.00478	0.00579	0.00825
39	0.00619	0.00517	0.00532	0.00519	0.00685	0.00445	0.00392	0.03016	0.01160	0.01410	0.10609	0.04479	0.71565	0.01190	0.00570	0.00162	0.00253	0.00994	0.00458	0.00425
40	0.00915	0.00861	0.01453	0.81804	0.03338	0.01077	0.01346	0.01238	0.00969	0.01238	0.00861	0.01292	0.00646	0.00484	0.00484	0.00161	0.00646	0.00431	0.00215	0.00538
41	0.01060	0.01060	0.01484	0.01272	0.01272	0.01484	0.01060	0.01166	0.00742	0.01166	0.00636	0.01060	0.00636	0.00848	0.01590	0.00212	0.82082	0.00424	0.00212	0.00530
42	0.01005	0.00861	0.01005	0.00718	0.01148	0.00646	0.00574	0.01220	0.01005	0.01579	0.00861	0.01005	0.00718	0.00359	0.00359	0.00072	0.00359	0.00287	0.00287	0.85932
43	0.02123	0.00896	0.04496	0.00884	0.01274	0.00730	0.00758	0.02327	0.01372	0.76935	0.01868	0.01623	0.01175	0.00594	0.00486	0.00150	0.00425	0.00482	0.00583	0.00820
44	0.01842	0.01357	0.01454	0.01115	0.01503	0.01503	0.00921	0.78330	0.02278	0.03054	0.01163	0.01163	0.00824	0.00582	0.00485	0.00145	0.00533	0.00436	0.00485	0.00824
45	0.83576	0.00951	0.00737	0.00653	0.00956	0.01101	0.00538	0.03986	0.00873	0.02204	0.00691	0.00800	0.00535	0.00454	0.00306	0.00150	0.00380	0.00268	0.00306	0.00535
46	0.00692	0.00519	0.00779	0.00779	0.00865	0.00606	0.00606	0.00865	0.00779	0.01125	0.01298	0.01904	0.01211	0.03634	0.81049	0.00779	0.01298	0.00519	0.00260	0.00433
47	0.00686	0.00495	0.00648	0.00610	0.00724	0.00457	0.00457	0.00914	0.01372	0.01943	0.79691	0.03620	0.04572	0.00991	0.00572	0.00152	0.00229	0.00876	0.00533	0.00457
48	0.01144	0.01307	0.02859	0.02042	0.02533	0.01225	0.78186	0.01552	0.01144	0.01552	0.00980	0.01307	0.00735	0.00408	0.00572	0.00163	0.00817	0.00572	0.00245	0.00654
49	0.86392	0.00937	0.00712	0.00637	0.00937	0.01087	0.00525	0.01425	0.00825	0.02174	0.00675	0.00787	0.00525	0.00450	0.00300	0.00150	0.00375	0.00262	0.00300	0.00525
50	0.00633	0.00510	0.00575	0.00608	0.00756	0.00452	0.00488	0.00785	0.01108	0.01350	0.04227	0.04897	0.57356	0.01260	0.00601	0.00181	0.00304	0.23038	0.00449	0.00420
51	0.01810	0.02310	0.01373	0.01248	0.01498	0.81024	0.00936	0.01935	0.01373	0.01186	0.00749	0.00874	0.00624	0.00499	0.00437	0.00125	0.00874	0.00312	0.00250	0.00562
52	0.01296	0.83261	0.02539	0.00829	0.01244	0.01917	0.00829	0.01451	0.00985	0.01140	0.00674	0.00777	0.00622	0.00415	0.00311	0.00104	0.00518	0.00259	0.00207	0.00622
53	0.00590	0.00422	0.00562	0.00675	0.00703	0.00394	0.00450	0.00675	0.00928	0.01237	0.02671	0.82653	0.03205	0.01518	0.00619	0.00197	0.00281	0.01378	0.00450	0.00394
54	0.00740	0.00507	0.00665	0.00619	0.00743	0.00466	0.00466	0.00967	0.01372	0.04785	0.76869	0.03548	0.04450	0.00977	0.00569	0.00152	0.00235	0.00862	0.00536	0.00471
55	0.01205	0.01041	0.01096	0.00986	0.01260	0.01205	0.00767	0.02575	0.79071	0.02027	0.01972	0.01808	0.01479	0.00657	0.00493	0.00164	0.00384	0.00548	0.00493	0.00767
56	0.01005	0.00861	0.01005	0.00718	0.01148	0.00646	0.00574	0.01220	0.01005	0.01579	0.00861	0.01005	0.00718	0.00359	0.00359	0.00072	0.00359	0.00287	0.00287	0.85932
57	0.00705	0.00470	0.00529	0.00529	0.00529	0.00470	0.00294	0.00705	0.00705	0.00940	0.01527	0.03171	0.01762	0.82969	0.02467	0.00470	0.00470	0.00705	0.00294	0.00294
58	0.00702	0.00479	0.00577	0.00577	0.00594	0.00496	0.00354	0.00736	0.00719	0.00975	0.01483	0.02927	0.01656	0.67656	0.17635	0.00529	0.00630	0.00669	0.00287	0.00320
59	0.00630	0.00483	0.00584	0.00624	0.00733	0.00436	0.00469	0.00777	0.01108	0.01430	0.18004	0.25984	0.33039	0.01279	0.00600	0.00180	0.00282	0.12472	0.00465	0.00419
60	0.00686	0.00495	0.00648	0.00610	0.00724	0.00457	0.00457	0.00914	0.01372	0.01943	0.79691	0.03620	0.04572	0.00991	0.00572	0.00152	0.00229	0.00876	0.00533	0.00457
61	0.00705	0.00470	0.00529	0.00529	0.00529	0.00470	0.00294	0.00705	0.00705	0.00940	0.01527	0.03171	0.01762	0.82969	0.02467	0.00470	0.00470	0.00705	0.00294	0.00294
62	0.00598	0.00427	0.00571	0.00683	0.00715	0.00400	0.00463	0.00688	0.00935	0.01245	0.02667	0.79601	0.03189	0.01511	0.00621	0.00198	0.00288	0.04355	0.00450	0.00396
