[name]
unknown

[dist]
# distance from previous block
# <min> <max>
0	41

[block]
# block no. 0 follows, 62 sequences, length 103
# corresponding to MSA columns:
# 41-69,76-142,145-151
name=unknown_A
#
# <colnr> <probs for GDERKNQSTAVLIFYWHMCP>
#	G	D	E	R	K	N	Q	S	T	A	V	L	I	F	Y	W	H	M	C	P
0	0.09973	0.00846	0.02266	0.00884	0.02225	0.05392	0.03002	0.15970	0.03432	0.10287	0.03154	0.02605	0.01490	0.00776	0.00514	0.00159	0.03746	0.32380	0.00373	0.00525
1	0.00778	0.00485	0.00760	0.11950	0.07999	0.00507	0.00563	0.00701	0.00637	0.00855	0.00747	0.01243	0.00708	0.01218	0.01362	0.66539	0.00407	0.00369	0.00189	0.01983
2	0.00837	0.00705	0.00832	0.00615	0.00948	0.00541	0.00488	0.01028	0.00934	0.01438	0.13853	0.01252	0.01175	0.00404	0.00345	0.00074	0.00297	0.00335	0.00287	0.73612
3	0.01006	0.06220	0.48899	0.01484	0.18867	0.04426	0.04683	0.05689	0.00994	0.02705	0.00791	0.00940	0.00591	0.00404	0.00406	0.00130	0.00590	0.00335	0.00208	0.00633
4	0.01353	0.40967	0.01710	0.00995	0.05016	0.41246	0.00801	0.01482	0.01035	0.01039	0.00633	0.00741	0.00553	0.00401	0.00334	0.00102	0.00609	0.00257	0.00201	0.00526
5	0.00601	0.00435	0.00566	0.00534	0.00635	0.00401	0.00400	0.00800	0.01200	0.01697	0.80835	0.03194	0.05353	0.00873	0.00502	0.00134	0.00201	0.00772	0.00467	0.00401
6	0.88052	0.00823	0.00625	0.00560	0.00823	0.00955	0.00461	0.01251	0.00724	0.01909	0.00592	0.00691	0.00461	0.00395	0.00263	0.00132	0.00329	0.00230	0.00263	0.00461
7	0.00507	0.00431	0.00437	0.00435	0.00577	0.00361	0.00327	0.00619	0.00980	0.01173	0.07603	0.04056	0.78912	0.01069	0.00503	0.00143	0.00215	0.00893	0.00398	0.00361
8	0.00657	0.00547	0.00816	0.12875	0.13471	0.00562	0.00655	0.00806	0.00881	0.01183	0.08364	0.39817	0.10079	0.01085	0.04898	0.00182	0.01522	0.00845	0.00331	0.00423
9	0.09999	0.00826	0.02960	0.00771	0.01097	0.02530	0.00648	0.06152	0.02651	0.65577	0.01497	0.01328	0.00961	0.00509	0.00411	0.00131	0.00380	0.00402	0.00479	0.00691
10	0.00565	0.00425	0.00533	0.00601	0.00684	0.00393	0.00460	0.00687	0.00916	0.01170	0.04069	0.35706	0.26368	0.01203	0.00544	0.00170	0.00280	0.24466	0.00395	0.00364
11	0.00861	0.02117	0.77156	0.01222	0.01818	0.01005	0.03467	0.01333	0.00890	0.01333	0.00757	0.00906	0.00542	0.00419	0.00452	0.00137	0.04463	0.00322	0.00181	0.00620
12	0.00634	0.00451	0.00585	0.00591	0.00692	0.00414	0.01486	0.00793	0.02450	0.04544	0.29088	0.32688	0.14719	0.01052	0.00515	0.00152	0.00251	0.06320	0.00420	0.02156
13	0.00576	0.00440	0.00587	0.00586	0.00680	0.00451	0.00446	0.00722	0.00870	0.01183	0.18876	0.07990	0.21299	0.02078	0.40764	0.00406	0.00664	0.00677	0.00329	0.00377
14	0.00620	0.00432	0.00496	0.00490	0.00520	0.00431	0.00301	0.00686	0.02889	0.00960	0.08630	0.02822	0.07554	0.64997	0.06153	0.00376	0.00416	0.00640	0.00289	0.00295
15	0.00882	0.00756	0.00882	0.00630	0.01008	0.00567	0.00504	0.01071	0.00882	0.01387	0.00756	0.00882	0.00630	0.00315	0.00315	0.00063	0.00315	0.00252	0.00252	0.87647
16	0.05663	0.00979	0.01138	0.05276	0.01293	0.01030	0.00745	0.44448	0.01590	0.30418	0.01218	0.01170	0.00823	0.00544	0.01566	0.00138	0.00439	0.00392	0.00438	0.00694
17	0.00985	0.01073	0.02205	0.02645	0.02001	0.01048	0.64890	0.03091	0.04867	0.01371	0.00962	0.04979	0.00780	0.00489	0.02036	0.00156	0.05103	0.00522	0.00237	0.00561
18	0.00621	0.00448	0.00647	0.00647	0.00718	0.00513	0.00494	0.00764	0.00692	0.01014	0.01172	0.01756	0.01105	0.09663	0.71319	0.00623	0.01019	0.00465	0.05946	0.00371
19	0.00601	0.00435	0.00566	0.00534	0.00635	0.00401	0.00400	0.00800	0.01200	0.01697	0.80828	0.03194	0.05361	0.00873	0.00502	0.00134	0.00201	0.00772	0.00467	0.00401
20	0.01148	0.63078	0.14782	0.02387	0.01250	0.01484	0.00865	0.03487	0.00922	0.06209	0.00701	0.00782	0.00582	0.00386	0.00310	0.00102	0.00479	0.00261	0.00210	0.00574
21	0.01004	0.01148	0.02511	0.01793	0.02224	0.01076	0.80846	0.01363	0.01004	0.01363	0.00861	0.01148	0.00646	0.00359	0.00502	0.00143	0.00717	0.00502	0.00215	0.00574
22	0.01108	0.03037	0.09439	0.00898	0.02189	0.01015	0.00764	0.11132	0.49867	0.06083	0.07442	0.01566	0.02421	0.00570	0.00431	0.00138	0.00377	0.00469	0.00404	0.00650
23	0.00941	0.16133	0.64309	0.01131	0.01700	0.01096	0.03550	0.01360	0.00906	0.04033	0.00768	0.00887	0.00560	0.00400	0.00386	0.00128	0.00593	0.00309	0.00193	0.00617
24	0.00518	0.00370	0.00494	0.00592	0.00617	0.00346	0.00395	0.00592	0.00815	0.01086	0.02345	0.84768	0.02814	0.01333	0.00543	0.00173	0.00247	0.01210	0.00395	0.00346
25	0.00853	0.02201	0.82841	0.01213	0.01842	0.00988	0.01572	0.01348	0.00898	0.01348	0.00764	0.00898	0.00539	0.00404	0.00404	0.00135	0.00629	0.00314	0.00180	0.00629
26	0.03003	0.00969	0.06553	0.03071	0.22253	0.00870	0.21695	0.02576	0.04723	0.13976	0.14554	0.01501	0.01296	0.00492	0.00453	0.00135	0.00484	0.00481	0.00316	0.00600
27	0.00693	0.00501	0.00614	0.00584	0.00617	0.00551	0.00392	0.04933	0.00707	0.00971	0.01225	0.02331	0.01333	0.57952	0.18178	0.00434	0.06850	0.00555	0.00255	0.00322
28	0.01125	0.76327	0.02120	0.00763	0.01094	0.03444	0.00742	0.01259	0.00855	0.01003	0.00599	0.00716	0.00554	0.00433	0.01551	0.00107	0.06346	0.00242	0.00184	0.00537
29	0.70287	0.01014	0.06632	0.01785	0.03248	0.06363	0.02770	0.01290	0.00784	0.01773	0.00624	0.00739	0.00484	0.00397	0.00294	0.00131	0.00398	0.00253	0.00251	0.00484
30	0.00817	0.00490	0.00643	0.00577	0.00716	0.00450	0.00442	0.01032	0.02761	0.14498	0.67900	0.02874	0.03495	0.00810	0.00489	0.00134	0.00229	0.00710	0.00477	0.00458
31	0.02955	0.02546	0.01248	0.00945	0.01282	0.01257	0.00781	0.69716	0.04488	0.07520	0.01067	0.01053	0.00754	0.00507	0.00419	0.00127	0.00453	0.00382	0.00423	0.02077
32	0.01639	0.00872	0.06473	0.00806	0.01144	0.00741	0.00697	0.04885	0.13943	0.57225	0.01553	0.01388	0.01023	0.00515	0.00421	0.00130	0.00377	0.00418	0.00470	0.05279
33	0.88052	0.00823	0.00625	0.00560	0.00823	0.00955	0.00461	0.01251	0.00724	0.01909	0.00592	0.00691	0.00461	0.00395	0.00263	0.00132	0.00329	0.00230	0.00263	0.00461
34	0.01053	0.01011	0.01727	0.02612	0.82392	0.01011	0.01306	0.01306	0.00969	0.01390	0.00800	0.01053	0.00674	0.00379	0.00421	0.00126	0.00505	0.00379	0.00211	0.00674
35	0.00608	0.00456	0.00684	0.00684	0.00760	0.00532	0.00532	0.00760	0.00684	0.00988	0.01140	0.01672	0.01064	0.03191	0.83360	0.00684	0.01140	0.00456	0.00228	0.00380
36	0.01058	0.00914	0.00962	0.00866	0.01106	0.01058	0.00673	0.02261	0.81623	0.01780	0.01732	0.01588	0.01299	0.00577	0.00433	0.00144	0.00337	0.00481	0.00433	0.00673
37	0.00553	0.00445	0.00517	0.00534	0.02819	0.00391	0.00381	0.00696	0.01045	0.01348	0.31329	0.07349	0.49082	0.00998	0.00502	0.00141	0.00220	0.00853	0.00416	0.00382
38	0.88052	0.00823	0.00625	0.00560	0.00823	0.00955	0.00461	0.01251	0.00724	0.01909	0.00592	0.00691	0.00461	0.00395	0.00263	0.00132	0.00329	0.00230	0.00263	0.00461
39	0.00521	0.00371	0.00493	0.00589	0.00613	0.00347	0.00391	0.00593	0.00809	0.01079	0.02318	0.82543	0.02780	0.03605	0.00587	0.00179	0.00251	0.01194	0.00391	0.00343
40	0.88052	0.00823	0.00625	0.00560	0.00823	0.00955	0.00461	0.01251	0.00724	0.01909	0.00592	0.00691	0.00461	0.00395	0.00263	0.00132	0.00329	0.00230	0.00263	0.00461
41	0.01004	0.01148	0.02511	0.01793	0.02224	0.01076	0.80846	0.01363	0.01004	0.01363	0.00861	0.01148	0.00646	0.00359	0.00502	0.00143	0.00717	0.00502	0.00215	0.00574
42	0.03613	0.10731	0.03684	0.01058	0.04042	0.01181	0.10174	0.40454	0.01498	0.16476	0.01039	0.01062	0.00737	0.00473	0.00428	0.00127	0.01802	0.00381	0.00370	0.00671
43	0.00947	0.00899	0.01525	0.33929	0.49572	0.00972	0.01241	0.01210	0.00924	0.01270	0.00823	0.01186	0.00681	0.00418	0.00427	0.00134	0.00526	0.02519	0.00207	0.00589
44	0.00686	0.00490	0.00686	0.00784	0.00882	0.00490	0.00686	0.00882	0.00980	0.01273	0.02253	0.04800	0.02449	0.01175	0.00588	0.00196	0.00392	0.79528	0.00392	0.00392
45	0.83490	0.00818	0.00645	0.00570	0.00837	0.00937	0.00470	0.01294	0.00750	0.06187	0.00650	0.00731	0.00492	0.00402	0.00272	0.00132	0.00331	0.00241	0.00277	0.00475
46	0.00618	0.00414	0.00470	0.00468	0.00473	0.00412	0.00265	0.00629	0.00650	0.00872	0.05621	0.02805	0.01678	0.80588	0.02078	0.00398	0.00401	0.00627	0.00269	0.00265
47	0.00793	0.00397	0.00397	0.00397	0.00496	0.00397	0.00297	0.00991	0.00892	0.01586	0.01388	0.01586	0.01091	0.00496	0.00297	0.00099	0.00198	0.00397	0.87408	0.00397
48	0.01443	0.03410	0.01196	0.00969	0.01254	0.20451	0.00772	0.38518	0.23952	0.02005	0.01123	0.01111	0.00838	0.00509	0.00414	0.00127	0.00501	0.00381	0.00373	0.00651
49	0.01138	0.85302	0.02230	0.00728	0.01092	0.01684	0.00728	0.01274	0.00865	0.01001	0.00592	0.00683	0.00546	0.00364	0.00273	0.00091	0.00455	0.00228	0.00182	0.00546
50	0.00786	0.00734	0.01224	0.78540	0.02778	0.00907	0.01128	0.01058	0.00858	0.01098	0.02097	0.03235	0.02880	0.00471	0.00431	0.00142	0.00545	0.00418	0.00204	0.00466
51	0.00868	0.06602	0.78572	0.01187	0.01802	0.01025	0.01527	0.01344	0.00897	0.01329	0.00754	0.00887	0.00539	0.00402	0.00397	0.00132	0.00620	0.00310	0.00180	0.00624
52	0.01138	0.85302	0.02230	0.00728	0.01092	0.01684	0.00728	0.01274	0.00865	0.01001	0.00592	0.00683	0.00546	0.00364	0.00273	0.00091	0.00455	0.00228	0.00182	0.00546
53	0.00525	0.00432	0.00462	0.00454	0.00588	0.00369	0.00341	0.00654	0.01022	0.01274	0.21709	0.03890	0.64743	0.01031	0.00503	0.00141	0.00212	0.00869	0.00412	0.00369
54	0.01577	0.02009	0.01235	0.01112	0.01335	0.81521	0.02590	0.01692	0.01201	0.01048	0.00662	0.00776	0.00550	0.00437	0.00386	0.00110	0.00766	0.00279	0.00219	0.00495
55	0.01633	0.01167	0.01262	0.00967	0.01307	0.01283	0.00799	0.76795	0.01959	0.06919	0.01056	0.01044	0.00741	0.00512	0.00426	0.00128	0.00463	0.00385	0.00431	0.00724
56	0.00520	0.00380	0.00490	0.00577	0.00617	0.00350	0.00392	0.00600	0.00837	0.01097	0.02582	0.73452	0.12442	0.01299	0.00539	0.00170	0.00246	0.02669	0.00395	0.00348
57	0.00910	0.00442	0.00467	0.00441	0.00565	0.00436	0.00337	0.02704	0.00944	0.08865	0.01407	0.01563	0.01080	0.00499	0.00312	0.00103	0.00218	0.00399	0.77878	0.00433
58	0.00536	0.00383	0.00514	0.00612	0.00645	0.00361	0.00425	0.00623	0.00832	0.01106	0.02336	0.76404	0.02776	0.01317	0.00548	0.00175	0.00262	0.09401	0.00395	0.00350
59	0.01072	0.00921	0.00970	0.00869	0.01112	0.01065	0.00677	0.04172	0.79690	0.01802	0.01715	0.01574	0.01285	0.00576	0.00433	0.00144	0.00340	0.00479	0.00433	0.00675
60	0.00995	0.00522	0.00694	0.00602	0.00771	0.00469	0.00469	0.01184	0.01208	0.26018	0.58003	0.02659	0.03126	0.00767	0.00480	0.00133	0.00249	0.00667	0.00486	0.00498
61	0.00682	0.00499	0.00621	0.00602	0.00710	0.00491	0.00445	0.02944	0.10409	0.02931	0.50671	0.22192	0.03287	0.00931	0.00501	0.00144	0.00237	0.00825	0.00447	0.00433
62	0.01190	0.02247	0.01448	0.02566	0.04378	0.05756	0.10552	0.22787	0.03602	0.03155	0.00796	0.01007	0.00650	0.00584	0.00854	0.00154	0.37042	0.00388	0.00271	0.00570
63	0.00957	0.00997	0.01418	0.57345	0.09899	0.12746	0.08289	0.01219	0.00926	0.01133	0.00756	0.01076	0.00581	0.00417	0.00426	0.00136	0.00604	0.00374	0.00198	0.00503
64	0.00518	0.00370	0.00494	0.00592	0.00617	0.00346	0.00395	0.00592	0.00815	0.01086	0.02345	0.84768	0.02814	0.01333	0.00543	0.00173	0.00247	0.01210	0.00395	0.00346
65	0.00570	0.00425	0.00538	0.00604	0.00684	0.00396	0.00462	0.00694	0.00919	0.01183	0.06467	0.35278	0.23168	0.02332	0.00566	0.00174	0.00282	0.24500	0.00396	0.00364
66	0.00939	0.18458	0.54665	0.03441	0.07288	0.01126	0.01327	0.03222	0.02040	0.01318	0.02027	0.00921	0.00620	0.00407	0.00382	0.00126	0.00570	0.00315	0.00196	0.00611
67	0.02552	0.00877	0.01372	0.55295	0.24284	0.04559	0.01177	0.01173	0.00898	0.01186	0.00788	0.01154	0.00627	0.00426	0.00422	0.00137	0.00552	0.01793	0.00201	0.00526
68	0.01049	0.01106	0.01099	0.00975	0.01111	0.26128	0.05426	0.04846	0.00921	0.01112	0.00869	0.01249	0.00788	0.01473	0.28619	0.02686	0.17598	0.02263	0.00228	0.00454
69	0.15342	0.08361	0.05084	0.06655	0.05840	0.27292	0.08246	0.06034	0.01027	0.03799	0.00723	0.00879	0.00577	0.00446	0.00465	0.00127	0.08014	0.00318	0.00237	0.00532
70	0.00521	0.00429	0.00458	0.00457	0.00587	0.00366	0.00340	0.00643	0.01002	0.01242	0.17576	0.08044	0.64752	0.01055	0.00505	0.00143	0.00215	0.00892	0.00408	0.00366
71	0.01170	0.06215	0.08473	0.02802	0.33193	0.14345	0.02153	0.11806	0.01122	0.01476	0.01942	0.00979	0.00681	0.00407	0.00395	0.00115	0.00526	0.00339	0.00245	0.11619
72	0.00773	0.00618	0.00810	0.00733	0.03074	0.00594	0.00546	0.00917	0.00798	0.03380	0.01169	0.16070	0.01173	0.04770	0.21988	0.00272	0.08263	0.00509	0.00272	0.33271
73	0.02298	0.02542	0.08391	0.06015	0.08658	0.01168	0.13001	0.27919	0.06817	0.03962	0.00921	0.01066	0.00699	0.00501	0.00587	0.00141	0.13995	0.00396	0.00299	0.00623
74	0.01151	0.50624	0.14482	0.02338	0.04744	0.02681	0.05280	0.04265	0.03144	0.06619	0.00764	0.00854	0.00617	0.00395	0.00337	0.00109	0.00496	0.00291	0.00224	0.00585
75	0.00509	0.00431	0.00440	0.00438	0.00579	0.00362	0.00328	0.00623	0.00985	0.01185	0.09266	0.04037	0.77241	0.01064	0.00503	0.00143	0.00215	0.00890	0.00400	0.00362
76	0.88052	0.00823	0.00625	0.00560	0.00823	0.00955	0.00461	0.01251	0.00724	0.01909	0.00592	0.00691	0.00461	0.00395	0.00263	0.00132	0.00329	0.00230	0.00263	0.00461
77	0.00812	0.00768	0.01270	0.75098	0.02730	0.00972	0.01149	0.01076	0.00830	0.01080	0.00744	0.01124	0.00574	0.00498	0.01806	0.00154	0.08278	0.00379	0.00189	0.00471
78	0.00518	0.00370	0.00494	0.00592	0.00617	0.00346	0.00395	0.00592	0.00815	0.01086	0.02345	0.84768	0.02814	0.01333	0.00543	0.00173	0.00247	0.01210	0.00395	0.00346
79	0.00861	0.02145	0.78587	0.01244	0.01862	0.00993	0.05771	0.01348	0.00904	0.01348	0.00769	0.00912	0.00545	0.00402	0.00409	0.00135	0.00634	0.00324	0.00182	0.00626
80	0.00601	0.00435	0.00567	0.00534	0.00635	0.00401	0.00400	0.00800	0.01201	0.01698	0.80951	0.03193	0.05237	0.00873	0.00502	0.00134	0.00201	0.00772	0.00467	0.00401
81	0.88052	0.00823	0.00625	0.00560	0.00823	0.00955	0.00461	0.01251	0.00724	0.01909	0.00592	0.00691	0.00461	0.00395	0.00263	0.00132	0.00329	0.00230	0.00263	0.00461
82	0.01058	0.00914	0.00962	0.00866	0.01106	0.01058	0.00673	0.02261	0.81623	0.01780	0.01732	0.01588	0.01299	0.00577	0.00433	0.00144	0.00337	0.00481	0.00433	0.00673
83	0.00853	0.02201	0.82841	0.01213	0.01842	0.00988	0.01572	0.01348	0.00898	0.01348	0.00764	0.00898	0.00539	0.00404	0.00404	0.00135	0.00629	0.00314	0.00180	0.00629
84	0.01058	0.00914	0.00962	0.00866	0.01106	0.01058	0.00673	0.02261	0.81623	0.01780	0.01732	0.01588	0.01299	0.00577	0.00433	0.00144	0.00337	0.00481	0.00433	0.00673
85	0.00506	0.00424	0.00441	0.00451	0.00581	0.00358	0.00333	0.00612	0.00956	0.01152	0.05488	0.13244	0.71790	0.01103	0.00507	0.00147	0.00219	0.00931	0.00396	0.00358
86	0.00524	0.00410	0.00474	0.00504	0.00599	0.00361	0.00360	0.00634	0.00952	0.01214	0.15685	0.32123	0.42377	0.01135	0.00517	0.00152	0.00224	0.00987	0.00406	0.00361
87	0.01138	0.85302	0.02230	0.00728	0.01092	0.01684	0.00728	0.01274	0.00865	0.01001	0.00592	0.00683	0.00546	0.00364	0.00273	0.00091	0.00455	0.00228	0.00182	0.00546
88	0.01053	0.01011	0.01727	0.02612	0.82392	0.01011	0.01306	0.01306	0.00969	0.01390	0.00800	0.01053	0.00674	0.00379	0.00421	0.00126	0.00505	0.00379	0.00211	0.00674
89	0.01618	0.01192	0.01277	0.00979	0.01320	0.01320	0.00809	0.80973	0.02001	0.02682	0.01022	0.01022	0.00724	0.00511	0.00426	0.00128	0.00468	0.00383	0.00426	0.00724
90	0.01053	0.01011	0.01727	0.02612	0.82392	0.01011	0.01306	0.01306	0.00969	0.01390	0.00800	0.01053	0.00674	0.00379	0.00421	0.00126	0.00505	0.00379	0.00211	0.00674
91	0.01618	0.01192	0.01277	0.00979	0.01320	0.01320	0.00809	0.80973	0.02001	0.02682	0.01022	0.01022	0.00724	0.00511	0.00426	0.00128	0.00468	0.00383	0.00426	0.00724
92	0.00600	0.00435	0.00566	0.00533	0.00635	0.00401	0.00400	0.00799	0.01200	0.01696	0.80724	0.03195	0.05465	0.00874	0.00502	0.00134	0.00201	0.00772	0.00467	0.00401
93	0.01053	0.01011	0.01727	0.02612	0.82392	0.01011	0.01306	0.01306	0.00969	0.01390	0.00800	0.01053	0.00674	0.00379	0.00421	0.00126	0.00505	0.00379	0.00211	0.00674
94	0.01362	0.01065	0.01133	0.00927	0.01222	0.01200	0.00747	0.45024	0.38365	0.02270	0.01346	0.01280	0.00986	0.00541	0.00429	0.00135	0.00408	0.00428	0.00429	0.00701
95	0.00634	0.04923	0.00636	0.00536	0.00633	0.00471	0.00397	0.00796	0.01069	0.01501	0.59453	0.06358	0.03302	0.13102	0.02036	0.00181	0.00262	0.00723	0.02601	0.00385
96	0.00518	0.00370	0.00494	0.00592	0.00617	0.00346	0.00395	0.00592	0.00815	0.01086	0.02345	0.84768	0.02814	0.01333	0.00543	0.00173	0.00247	0.01210	0.00395	0.00346
97	0.00686	0.00490	0.00686	0.00784	0.00882	0.00490	0.00686	0.00882	0.00980	0.01273	0.02253	0.04800	0.02449	0.01175	0.00588	0.00196	0.00392	0.79528	0.00392	0.00392
98	0.01010	0.01130	0.03797	0.01633	0.02037	0.01072	0.66434	0.01507	0.13971	0.01430	0.00999	0.01214	0.00749	0.00395	0.00489	0.00143	0.00654	0.00495	0.00250	0.00591
99	0.00526	0.00380	0.00513	0.02675	0.00675	0.00361	0.00415	0.00605	0.00816	0.01086	0.02306	0.82681	0.02758	0.01310	0.00540	0.00172	0.00255	0.01189	0.00390	0.00349
100	0.00616	0.00411	0.00465	0.00467	0.00468	0.00411	0.00261	0.00618	0.00624	0.00832	0.01366	0.04831	0.01579	0.82956	0.02125	0.00407	0.00408	0.00634	0.00261	0.00260
101	0.01142	0.01708	0.54758	0.01130	0.04047	0.00892	0.02366	0.01527	0.00986	0.23064	0.02078	0.01084	0.00728	0.00448	0.00433	0.00135	0.02191	0.00356	0.00278	0.00649
102	0.00932	0.11283	0.17938	0.01051	0.13089	0.00853	0.00867	0.01187	0.00896	0.01333	0.00744	0.00886	0.00608	0.00349	0.00344	0.00090	0.00424	0.00280	0.00223	0.46623

[dist]
# distance from previous block
# <min> <max>
0	2

[block]
# block no. 1 follows, 62 sequences, length 128
# corresponding to MSA columns:
# 154-157,161-206,212-250,298-336
name=unknown_B
#
# <colnr> <probs for GDERKNQSTAVLIFYWHMCP>
#	G	D	E	R	K	N	Q	S	T	A	V	L	I	F	Y	W	H	M	C	P
0	0.01204	0.01018	0.00822	0.00737	0.00916	0.28647	0.00563	0.01366	0.01126	0.15282	0.21005	0.01677	0.01617	0.00634	0.02269	0.00130	0.00442	0.00453	0.19609	0.00486
1	0.01012	0.00847	0.00926	0.00834	0.01038	0.00983	0.00646	0.01988	0.65022	0.03225	0.02959	0.01650	0.01301	0.05632	0.04187	0.00185	0.04892	0.00485	0.01570	0.00618
2	0.01164	0.80607	0.02175	0.00744	0.01105	0.03199	0.00733	0.04254	0.00913	0.01065	0.00609	0.00697	0.00553	0.00371	0.00281	0.00093	0.00461	0.00234	0.00192	0.00552
3	0.00535	0.00423	0.00483	0.00495	0.00606	0.00371	0.00366	0.00663	0.01001	0.01279	0.22957	0.17783	0.46995	0.01074	0.00512	0.00148	0.00223	0.03305	0.00413	0.00368
4	0.00856	0.02183	0.81461	0.01223	0.01848	0.00990	0.02934	0.01348	0.00900	0.01348	0.00765	0.00903	0.00541	0.00403	0.00406	0.00135	0.00630	0.00318	0.00180	0.00628
5	0.88052	0.00823	0.00625	0.00560	0.00823	0.00955	0.00461	0.01251	0.00724	0.01909	0.00592	0.00691	0.00461	0.00395	0.00263	0.00132	0.00329	0.00230	0.00263	0.00461
6	0.00697	0.00464	0.00538	0.00507	0.00654	0.00402	0.00384	0.00836	0.01058	0.10867	0.25923	0.07433	0.46738	0.00967	0.00496	0.00141	0.00230	0.00822	0.00431	0.00413
7	0.01138	0.85302	0.02230	0.00728	0.01092	0.01684	0.00728	0.01274	0.00865	0.01001	0.00592	0.00683	0.00546	0.00364	0.00273	0.00091	0.00455	0.00228	0.00182	0.00546
8	0.01208	0.00980	0.01037	0.00887	0.01152	0.01116	0.00703	0.24215	0.57551	0.02027	0.01526	0.01429	0.01133	0.00557	0.00428	0.00139	0.00370	0.00452	0.02408	0.00681
9	0.01039	0.00906	0.01022	0.01027	0.09259	0.01029	0.00726	0.02108	0.70545	0.01727	0.03096	0.01610	0.02851	0.00572	0.00434	0.00142	0.00349	0.00484	0.00411	0.00663
10	0.01589	0.02028	0.01206	0.01096	0.01315	0.83338	0.00822	0.01699	0.01206	0.01041	0.00658	0.00767	0.00548	0.00438	0.00384	0.00110	0.00767	0.00274	0.00219	0.00493
11	0.01909	0.00724	0.00987	0.00757	0.01086	0.00625	0.00625	0.02074	0.01218	0.82687	0.01679	0.01448	0.01053	0.00527	0.00428	0.00132	0.00362	0.00428	0.00527	0.00724
12	0.00793	0.00397	0.00397	0.00397	0.00496	0.00397	0.00297	0.00991	0.00892	0.01586	0.01388	0.01586	0.01091	0.00496	0.00297	0.00099	0.00198	0.00397	0.87408	0.00397
13	0.00608	0.00455	0.00680	0.00680	0.00754	0.00530	0.00527	0.00757	0.00683	0.00985	0.01144	0.01693	0.01073	0.04732	0.81831	0.00679	0.01126	0.00459	0.00229	0.00378
14	0.88052	0.00823	0.00625	0.00560	0.00823	0.00955	0.00461	0.01251	0.00724	0.01909	0.00592	0.00691	0.00461	0.00395	0.00263	0.00132	0.00329	0.00230	0.00263	0.00461
15	0.84544	0.00819	0.00640	0.00568	0.00834	0.00941	0.00468	0.01284	0.00744	0.05199	0.00637	0.00722	0.00485	0.00400	0.00270	0.00132	0.00330	0.00238	0.00274	0.00472
16	0.01058	0.00914	0.00962	0.00866	0.01106	0.01058	0.00673	0.02261	0.81623	0.01780	0.01732	0.01588	0.01299	0.00577	0.00433	0.00144	0.00337	0.00481	0.00433	0.00673
17	0.01852	0.00797	0.01066	0.00816	0.01147	0.02615	0.03632	0.06468	0.01254	0.73253	0.01587	0.01397	0.01008	0.00517	0.00430	0.00131	0.00391	0.00425	0.00502	0.00713
18	0.01879	0.00718	0.00978	0.00752	0.01076	0.00620	0.00620	0.02045	0.01218	0.80846	0.03508	0.01488	0.01121	0.00534	0.00430	0.00132	0.00358	0.00436	0.00525	0.00717
19	0.00526	0.00375	0.00498	0.00586	0.00616	0.00351	0.00393	0.00607	0.00838	0.01124	0.07828	0.77694	0.02875	0.02784	0.00569	0.00174	0.00247	0.01169	0.00398	0.00348
20	0.00615	0.00413	0.00478	0.00491	0.00498	0.00412	0.00291	0.00631	0.00653	0.00869	0.01466	0.09116	0.01692	0.74175	0.01958	0.00383	0.00399	0.04913	0.00275	0.00272
21	0.01550	0.01963	0.01212	0.01097	0.01304	0.78461	0.00829	0.01659	0.01173	0.01040	0.00652	0.00777	0.00549	0.00457	0.00444	0.00114	0.05731	0.00280	0.00217	0.00492
22	0.01782	0.00812	0.01023	0.00792	0.01112	0.00770	0.00652	0.17925	0.03860	0.61041	0.01537	0.01372	0.00996	0.00524	0.00423	0.00130	0.00377	0.00419	0.03743	0.00710
23	0.00542	0.00425	0.00486	0.00485	0.00599	0.00372	0.00358	0.00673	0.01026	0.01324	0.30400	0.11745	0.46338	0.01040	0.00528	0.01781	0.00217	0.00876	0.00416	0.00369
24	0.03007	0.07961	0.01261	0.00953	0.01248	0.30748	0.00767	0.30050	0.01458	0.17038	0.00974	0.00979	0.00705	0.00474	0.00396	0.00119	0.00553	0.00338	0.00349	0.00623
25	0.00739	0.00370	0.00554	0.00554	0.00554	0.00370	0.00370	0.00554	0.00554	0.00739	0.00739	0.01293	0.00739	0.01478	0.01663	0.87620	0.00370	0.00370	0.00185	0.00185
26	0.00586	0.00434	0.00547	0.00522	0.00629	0.00395	0.00392	0.00769	0.01157	0.01600	0.67118	0.04412	0.16940	0.00915	0.00504	0.00137	0.00206	0.01888	0.00454	0.00394
27	0.00853	0.02201	0.82841	0.01213	0.01842	0.00988	0.01572	0.01348	0.00898	0.01348	0.00764	0.00898	0.00539	0.00404	0.00404	0.00135	0.00629	0.00314	0.00180	0.00629
28	0.01618	0.01192	0.01277	0.00979	0.01320	0.01320	0.00809	0.80973	0.02001	0.02682	0.01022	0.01022	0.00724	0.00511	0.00426	0.00128	0.00468	0.00383	0.00426	0.00724
29	0.01596	0.01181	0.01277	0.03127	0.01361	0.01310	0.00818	0.78907	0.01971	0.02640	0.01015	0.01025	0.00720	0.00509	0.00426	0.00128	0.00471	0.00383	0.00420	0.00717
30	0.01771	0.00960	0.01123	0.00864	0.01197	0.02338	0.00712	0.38098	0.01575	0.44774	0.01361	0.01242	0.00894	0.00518	0.00426	0.00129	0.00417	0.00405	0.00475	0.00720
31	0.00733	0.00373	0.00560	0.00560	0.00564	0.00377	0.00377	0.00564	0.00560	0.00750	0.00757	0.01311	0.00754	0.01556	0.05388	0.83656	0.00405	0.00373	0.00187	0.00194
32	0.01182	0.77155	0.02130	0.00764	0.01114	0.09673	0.00737	0.01316	0.00898	0.01005	0.00598	0.00691	0.00546	0.00371	0.00284	0.00093	0.00486	0.00232	0.00186	0.00541
33	0.86439	0.00830	0.00638	0.00567	0.00832	0.00961	0.00467	0.02738	0.00748	0.01924	0.00600	0.00697	0.00466	0.00397	0.00266	0.00132	0.00332	0.00233	0.00266	0.00466
34	0.00804	0.00756	0.01276	0.84023	0.02931	0.00945	0.01182	0.01087	0.00851	0.01087	0.00756	0.01134	0.00567	0.00425	0.00425	0.00142	0.00567	0.00378	0.00189	0.00473
35	0.00655	0.00523	0.00728	0.00874	0.10882	0.02367	0.00555	0.00768	0.00782	0.01064	0.01626	0.32967	0.03300	0.08914	0.28343	0.02401	0.00608	0.01956	0.00296	0.00391
36	0.01909	0.00724	0.00987	0.00757	0.01086	0.00625	0.00625	0.02074	0.01218	0.82687	0.01679	0.01448	0.01053	0.00527	0.00428	0.00132	0.00362	0.00428	0.00527	0.00724
37	0.00518	0.00391	0.00479	0.00543	0.00606	0.00352	0.00374	0.00608	0.00879	0.01136	0.06939	0.57237	0.25925	0.01236	0.00529	0.00162	0.00235	0.01097	0.00399	0.00352
38	0.00801	0.00479	0.00632	0.00569	0.00704	0.00435	0.00435	0.00996	0.01206	0.14006	0.69943	0.02916	0.03565	0.00818	0.00491	0.00133	0.00225	0.00718	0.00477	0.00450
39	0.00596	0.00435	0.00560	0.00529	0.00632	0.00399	0.00396	0.00790	0.01189	0.01670	0.77095	0.03238	0.09110	0.00883	0.00502	0.00134	0.00202	0.00778	0.00464	0.00399
40	0.01622	0.00668	0.00859	0.00682	0.00956	0.00605	0.00556	0.04765	0.02514	0.59275	0.01587	0.01467	0.01054	0.00520	0.00397	0.00124	0.00327	0.00420	0.20958	0.00646
41	0.39393	0.00755	0.00813	0.00662	0.00953	0.00760	0.00545	0.01663	0.01002	0.44189	0.04483	0.01189	0.00916	0.00483	0.00359	0.00132	0.00341	0.00356	0.00410	0.00596
42	0.01138	0.85302	0.02230	0.00728	0.01092	0.01684	0.00728	0.01274	0.00865	0.01001	0.00592	0.00683	0.00546	0.00364	0.00273	0.00091	0.00455	0.00228	0.00182	0.00546
43	0.00819	0.00855	0.00659	0.00618	0.00790	0.20632	0.00467	0.04582	0.01075	0.01194	0.03268	0.03142	0.58552	0.00896	0.00470	0.00135	0.00362	0.00722	0.00354	0.00409
44	0.01909	0.00724	0.00987	0.00757	0.01086	0.00625	0.00625	0.02074	0.01218	0.82687	0.01679	0.01448	0.01053	0.00527	0.00428	0.00132	0.00362	0.00428	0.00527	0.00724
45	0.00598	0.00435	0.00563	0.00531	0.00633	0.00400	0.00398	0.00795	0.01195	0.01683	0.78968	0.03216	0.07229	0.00878	0.00502	0.00134	0.00201	0.00775	0.00465	0.00400
46	0.00608	0.00456	0.00684	0.00684	0.00760	0.00532	0.00532	0.00760	0.00684	0.00988	0.01140	0.01672	0.01064	0.03191	0.83360	0.00684	0.01140	0.00456	0.00228	0.00380
47	0.12575	0.02792	0.02408	0.00762	0.01091	0.00774	0.00641	0.10750	0.01223	0.58505	0.01408	0.01266	0.00912	0.00498	0.00401	0.00129	0.00376	0.00388	0.00462	0.02642
48	0.01172	0.01094	0.08981	0.03642	0.40347	0.00987	0.04931	0.11890	0.06169	0.09371	0.00968	0.01101	0.00737	0.00421	0.00419	0.00126	0.00486	0.00382	0.00283	0.06493
49	0.88052	0.00823	0.00625	0.00560	0.00823	0.00955	0.00461	0.01251	0.00724	0.01909	0.00592	0.00691	0.00461	0.00395	0.00263	0.00132	0.00329	0.00230	0.00263	0.00461
50	0.01506	0.01151	0.01148	0.00894	0.01224	0.11984	0.00724	0.43410	0.01561	0.13242	0.01010	0.01019	0.00727	0.00464	0.00398	0.00113	0.00462	0.00348	0.00377	0.18239
51	0.01909	0.00724	0.00987	0.00757	0.01086	0.00625	0.00625	0.02074	0.01218	0.82687	0.01679	0.01448	0.01053	0.00527	0.00428	0.00132	0.00362	0.00428	0.00527	0.00724
52	0.00804	0.00756	0.01276	0.84023	0.02931	0.00945	0.01182	0.01087	0.00851	0.01087	0.00756	0.01134	0.00567	0.00425	0.00425	0.00142	0.00567	0.00378	0.00189	0.00473
53	0.00906	0.00756	0.00885	0.00633	0.01010	0.00569	0.00507	0.01095	0.00890	0.03287	0.00778	0.00896	0.00640	0.00320	0.00318	0.00065	0.00316	0.00256	0.00259	0.85615
54	0.01058	0.00914	0.00962	0.00866	0.01106	0.01058	0.00673	0.02261	0.81623	0.01780	0.01732	0.01588	0.01299	0.00577	0.00433	0.00144	0.00337	0.00481	0.00433	0.00673
55	0.88052	0.00823	0.00625	0.00560	0.00823	0.00955	0.00461	0.01251	0.00724	0.01909	0.00592	0.00691	0.00461	0.00395	0.00263	0.00132	0.00329	0.00230	0.00263	0.00461
56	0.88052	0.00823	0.00625	0.00560	0.00823	0.00955	0.00461	0.01251	0.00724	0.01909	0.00592	0.00691	0.00461	0.00395	0.00263	0.00132	0.00329	0.00230	0.00263	0.00461
57	0.01863	0.00730	0.00984	0.00759	0.01082	0.00642	0.00625	0.03220	0.03064	0.78290	0.03032	0.01474	0.01104	0.00533	0.00429	0.00132	0.00360	0.00434	0.00522	0.00718
58	0.88052	0.00823	0.00625	0.00560	0.00823	0.00955	0.00461	0.01251	0.00724	0.01909	0.00592	0.00691	0.00461	0.00395	0.00263	0.00132	0.00329	0.00230	0.00263	0.00461
59	0.01909	0.00724	0.00987	0.00757	0.01086	0.00625	0.00625	0.02074	0.01218	0.82687	0.01679	0.01448	0.01053	0.00527	0.00428	0.00132	0.00362	0.00428	0.00527	0.00724
60	0.00560	0.00434	0.00511	0.00497	0.00614	0.00384	0.00374	0.00719	0.01094	0.01449	0.45924	0.04725	0.37580	0.00972	0.00505	0.00140	0.00212	0.02490	0.00434	0.00382
61	0.01909	0.00724	0.00987	0.00757	0.01086	0.00625	0.00625	0.02074	0.01218	0.82687	0.01679	0.01448	0.01053	0.00527	0.00428	0.00132	0.00362	0.00428	0.00527	0.00724
62	0.00661	0.00481	0.00652	0.00738	0.00841	0.00472	0.00638	0.00845	0.00976	0.01256	0.02504	0.05834	0.12141	0.01166	0.00577	0.00189	0.00368	0.68882	0.00392	0.00387
63	0.00548	0.00383	0.00504	0.00586	0.00625	0.00354	0.00397	0.00631	0.00848	0.02638	0.06414	0.75850	0.06068	0.01284	0.00537	0.00169	0.00245	0.01160	0.00401	0.00356
64	0.00544	0.00429	0.00490	0.00482	0.00602	0.00376	0.00359	0.00688	0.01057	0.01372	0.35867	0.08118	0.46088	0.01007	0.00505	0.00141	0.00211	0.00863	0.00425	0.00376
65	0.86509	0.00821	0.00632	0.00563	0.00828	0.00949	0.00464	0.01266	0.00733	0.03355	0.00612	0.00705	0.00471	0.00397	0.00266	0.00132	0.00330	0.00234	0.00268	0.00466
66	0.01032	0.00752	0.00898	0.00649	0.01020	0.00576	0.00522	0.01218	0.00931	0.13273	0.00891	0.00965	0.00692	0.00346	0.00332	0.00073	0.00322	0.00278	0.00292	0.74938
67	0.04932	0.30094	0.01538	0.00970	0.02268	0.48967	0.00785	0.01513	0.01052	0.01067	0.00632	0.00744	0.00546	0.00419	0.00371	0.00107	0.03016	0.00261	0.00207	0.00511
68	0.01904	0.00732	0.00992	0.00761	0.01090	0.00637	0.00628	0.03341	0.01230	0.81401	0.01668	0.01441	0.01048	0.00526	0.00428	0.00132	0.00364	0.00427	0.00525	0.00724
69	0.00901	0.00768	0.00893	0.00639	0.01016	0.00587	0.00512	0.03138	0.00911	0.01420	0.00763	0.00886	0.00633	0.00320	0.00318	0.00065	0.00319	0.00255	0.00257	0.85399
70	0.00518	0.00373	0.00490	0.00584	0.00615	0.00346	0.00391	0.00593	0.00823	0.01089	0.02447	0.80583	0.06934	0.01320	0.00541	0.00171	0.00245	0.01193	0.00395	0.00346
71	0.00691	0.00465	0.00602	0.01661	0.00698	0.00430	0.00425	0.00898	0.02291	0.07052	0.69031	0.03080	0.09343	0.00852	0.00495	0.00135	0.00219	0.00747	0.00463	0.00425
72	0.00579	0.00412	0.00467	0.00483	0.00522	0.00391	0.00303	0.00621	0.00744	0.00963	0.04000	0.15967	0.19301	0.50557	0.01490	0.00307	0.00339	0.01939	0.00316	0.00299
73	0.01058	0.60850	0.24356	0.00898	0.02873	0.01480	0.00971	0.01295	0.00876	0.01104	0.00643	0.00749	0.00547	0.00375	0.00312	0.00104	0.00504	0.00254	0.00182	0.00571
74	0.00846	0.00793	0.01230	0.67507	0.02565	0.03970	0.03680	0.01132	0.02293	0.01154	0.00819	0.01152	0.00622	0.00427	0.00413	0.00135	0.00539	0.00377	0.06510	0.03837
75	0.82029	0.00837	0.00658	0.00580	0.00845	0.00966	0.00478	0.05621	0.00797	0.01947	0.00628	0.00722	0.00484	0.00403	0.00273	0.00131	0.00335	0.00241	0.01551	0.00474
76	0.00602	0.00437	0.00550	0.00581	0.00660	0.00414	0.00415	0.00789	0.05827	0.02760	0.26743	0.44082	0.11062	0.01104	0.00519	0.00156	0.00239	0.02245	0.00422	0.00391
77	0.00809	0.00762	0.01287	0.82166	0.04744	0.00947	0.01185	0.01092	0.00854	0.01094	0.00757	0.01133	0.00570	0.00424	0.00425	0.00141	0.00566	0.00378	0.00190	0.00477
78	0.01846	0.00825	0.01050	0.00805	0.01137	0.00775	0.00665	0.19132	0.01387	0.65389	0.01537	0.01356	0.00982	0.00523	0.00427	0.00131	0.00385	0.00418	0.00505	0.00724
79	0.01384	0.01069	0.01138	0.00921	0.01220	0.01196	0.00745	0.50716	0.29843	0.02315	0.01381	0.01323	0.03661	0.00553	0.00431	0.00134	0.00414	0.00435	0.00427	0.00694
80	0.00710	0.00532	0.00708	0.00675	0.00737	0.00632	0.00516	0.00879	0.04000	0.01100	0.01147	0.01718	0.01077	0.15559	0.39855	0.00441	0.13885	0.00460	0.14980	0.00388
81	0.00680	0.00486	0.00675	0.00765	0.00861	0.00484	0.00663	0.00872	0.00981	0.01282	0.05784	0.04682	0.02498	0.03076	0.00620	0.00198	0.00384	0.74226	0.00392	0.00389
82	0.01040	0.04794	0.09873	0.21305	0.21826	0.00997	0.07320	0.05648	0.11050	0.06915	0.01032	0.04549	0.00820	0.00471	0.00427	0.00135	0.00504	0.00425	0.00269	0.00600
83	0.00931	0.00931	0.01303	0.01117	0.01117	0.01303	0.00931	0.01024	0.00652	0.01024	0.00559	0.00931	0.00559	0.00745	0.01396	0.00186	0.84267	0.00372	0.00186	0.00465
84	0.01624	0.00754	0.02251	0.00826	0.04360	0.00673	0.00649	0.06739	0.04106	0.58799	0.13005	0.01648	0.01438	0.00568	0.00438	0.00132	0.00355	0.00472	0.00491	0.00673
85	0.00608	0.00456	0.00684	0.00684	0.00760	0.00532	0.00532	0.00760	0.00684	0.00988	0.01140	0.01672	0.01064	0.03191	0.83360	0.00684	0.01140	0.00456	0.00228	0.00380
86	0.01138	0.85302	0.02230	0.00728	0.01092	0.01684	0.00728	0.01274	0.00865	0.01001	0.00592	0.00683	0.00546	0.00364	0.00273	0.00091	0.00455	0.00228	0.00182	0.00546
87	0.00619	0.00413	0.00464	0.00464	0.00464	0.00413	0.00258	0.00619	0.00619	0.00825	0.01341	0.02785	0.01547	0.85046	0.02166	0.00413	0.00413	0.00619	0.00258	0.00258
88	0.00608	0.00455	0.00678	0.00678	0.00752	0.00529	0.00525	0.00756	0.00682	0.00984	0.01145	0.01700	0.01076	0.05309	0.81260	0.00677	0.01121	0.00460	0.00229	0.00377
89	0.01053	0.01011	0.01727	0.02612	0.82392	0.01011	0.01306	0.01306	0.00969	0.01390	0.00800	0.01053	0.00674	0.00379	0.00421	0.00126	0.00505	0.00379	0.00211	0.00674
90	0.00882	0.00756	0.00882	0.00630	0.01008	0.00567	0.00504	0.01071	0.00882	0.01387	0.00756	0.00882	0.00630	0.00315	0.00315	0.00063	0.00315	0.00252	0.00252	0.87647
91	0.01240	0.60464	0.01928	0.04215	0.01224	0.22633	0.00771	0.01376	0.00952	0.01015	0.00615	0.00723	0.00547	0.00386	0.00308	0.00098	0.00540	0.00246	0.00192	0.00530
92	0.00538	0.00386	0.00512	0.00601	0.00637	0.00360	0.00410	0.00620	0.00821	0.01098	0.02283	0.76798	0.02719	0.03065	0.00575	0.00177	0.00260	0.05441	0.00389	0.02311
93	0.01277	0.04448	0.04155	0.16977	0.05394	0.03918	0.00866	0.27384	0.13152	0.10980	0.01161	0.03119	0.00881	0.00518	0.00421	0.00133	0.00461	0.01941	0.02187	0.00625
94	0.01618	0.01192	0.01277	0.00979	0.01320	0.01320	0.00809	0.80973	0.02001	0.02682	0.01022	0.01022	0.00724	0.00511	0.00426	0.00128	0.00468	0.00383	0.00426	0.00724
95	0.00854	0.02126	0.78128	0.01226	0.01836	0.00981	0.04780	0.01335	0.00901	0.01344	0.00795	0.02377	0.00583	0.00419	0.00411	0.00136	0.00626	0.00338	0.00185	0.00622
96	0.00609	0.00450	0.00653	0.00653	0.00719	0.00515	0.00494	0.00740	0.00675	0.00965	0.01168	0.01826	0.01131	0.14513	0.72130	0.00646	0.01039	0.00478	0.00232	0.00363
97	0.00882	0.00756	0.00882	0.00630	0.01008	0.00567	0.00504	0.01071	0.00882	0.01387	0.00756	0.00882	0.00630	0.00315	0.00315	0.00063	0.00315	0.00252	0.00252	0.87647
98	0.00742	0.00595	0.00707	0.00687	0.02507	0.00624	0.00511	0.01224	0.25498	0.01535	0.32742	0.02666	0.12244	0.04397	0.08301	0.00203	0.00354	0.03578	0.00409	0.00476
99	0.00602	0.00435	0.00569	0.00535	0.00636	0.00401	0.00401	0.00803	0.01204	0.01706	0.82167	0.03178	0.04015	0.00870	0.00502	0.00134	0.00201	0.00770	0.00468	0.00401
100	0.01138	0.85302	0.02230	0.00728	0.01092	0.01684	0.00728	0.01274	0.00865	0.01001	0.00592	0.00683	0.00546	0.00364	0.00273	0.00091	0.00455	0.00228	0.00182	0.00546
101	0.88052	0.00823	0.00625	0.00560	0.00823	0.00955	0.00461	0.01251	0.00724	0.01909	0.00592	0.00691	0.00461	0.00395	0.00263	0.00132	0.00329	0.00230	0.00263	0.00461
102	0.01023	0.00992	0.01718	0.03598	0.71265	0.00984	0.07034	0.01278	0.00969	0.01375	0.00934	0.01172	0.03711	0.00403	0.00429	0.00128	0.00508	0.00406	0.00218	0.01855
103	0.00535	0.00393	0.00527	0.00614	0.00638	0.00385	0.00417	0.00610	0.00808	0.01084	0.02272	0.81354	0.02722	0.01309	0.00578	0.00173	0.03669	0.01176	0.00386	0.00350
104	0.01618	0.01192	0.01277	0.00979	0.01320	0.01320	0.00809	0.80973	0.02001	0.02682	0.01022	0.01022	0.00724	0.00511	0.00426	0.00128	0.00468	0.00383	0.00426	0.00724
105	0.00510	0.00431	0.00441	0.00439	0.00579	0.00362	0.00329	0.00625	0.00987	0.01190	0.09919	0.04029	0.76586	0.01063	0.00503	0.00143	0.00214	0.00889	0.00400	0.00362
106	0.01015	0.01156	0.03657	0.05974	0.10513	0.04138	0.60794	0.01341	0.00984	0.01325	0.00827	0.01110	0.00635	0.00384	0.00522	0.00142	0.04233	0.00466	0.00212	0.00573
107	0.00793	0.00397	0.00397	0.00397	0.00496	0.00397	0.00297	0.00991	0.00892	0.01586	0.01388	0.01586	0.01091	0.00496	0.00297	0.00099	0.00198	0.00397	0.87408	0.00397
108	0.00608	0.00454	0.00676	0.00676	0.00749	0.00527	0.00522	0.00755	0.00681	0.00982	0.01147	0.01713	0.01082	0.06244	0.80332	0.00674	0.01113	0.00462	0.00229	0.00375
109	0.00539	0.00395	0.00523	0.00604	0.00630	0.00385	0.00409	0.00613	0.00809	0.01084	0.03410	0.76211	0.03893	0.04420	0.00634	0.00181	0.03385	0.01145	0.00383	0.00348
110	0.08616	0.06170	0.03119	0.00999	0.03953	0.12301	0.00802	0.46073	0.08433	0.02111	0.00949	0.00985	0.00707	0.00487	0.00420	0.00126	0.02395	0.00353	0.00353	0.00647
111	0.01897	0.00743	0.00999	0.00766	0.01096	0.00653	0.00633	0.05262	0.01249	0.79453	0.01652	0.01431	0.01040	0.00526	0.00428	0.00132	0.00366	0.00426	0.00523	0.00724
112	0.00520	0.00372	0.00495	0.00591	0.00618	0.00347	0.00395	0.00597	0.00822	0.01098	0.03904	0.83176	0.02838	0.01324	0.00542	0.00172	0.00246	0.01201	0.00396	0.00347
113	0.01138	0.85302	0.02230	0.00728	0.01092	0.01684	0.00728	0.01274	0.00865	0.01001	0.00592	0.00683	0.00546	0.00364	0.00273	0.00091	0.00455	0.00228	0.00182	0.00546
114	0.01357	0.02468	0.02835	0.01274	0.12979	0.32900	0.04917	0.11294	0.12669	0.05832	0.00986	0.01067	0.01823	0.00483	0.00467	0.00127	0.05276	0.00366	0.00289	0.00589
115	0.00793	0.00397	0.00397	0.00397	0.00496	0.00397	0.00297	0.00991	0.00892	0.01586	0.01388	0.01586	0.01091	0.00496	0.00297	0.00099	0.00198	0.00397	0.87408	0.00397
116	0.00608	0.00456	0.00684	0.00684	0.00760	0.00532	0.00532	0.00760	0.00684	0.00988	0.01140	0.01672	0.01064	0.03191	0.83360	0.00684	0.01140	0.00456	0.00228	0.00380
117	0.01073	0.01212	0.02156	0.09905	0.06586	0.11338	0.56860	0.03051	0.01033	0.01325	0.00825	0.01091	0.00629	0.00380	0.00474	0.00138	0.00692	0.00452	0.00217	0.00562
118	0.04047	0.00580	0.00808	0.07578	0.07712	0.00602	0.03497	0.02292	0.10510	0.01277	0.03694	0.51629	0.02098	0.00995	0.00495	0.00159	0.00328	0.00900	0.00358	0.00443
119	0.00609	0.00450	0.00655	0.00655	0.00721	0.00516	0.00496	0.00741	0.00675	0.00966	0.01166	0.01818	0.01127	0.13936	0.72702	0.00648	0.01044	0.00477	0.00232	0.00364
120	0.02013	0.00551	0.00702	0.21998	0.02323	0.00611	0.00577	0.04751	0.00931	0.01485	0.01284	0.01507	0.03941	0.00501	0.00364	0.00115	0.01731	0.00407	0.53771	0.00436
121	0.02397	0.07581	0.17243	0.05024	0.38550	0.01050	0.10280	0.05645	0.01002	0.03239	0.00860	0.02618	0.00703	0.00421	0.00419	0.00130	0.00537	0.01446	0.00228	0.00627
122	0.01084	0.01070	0.01697	0.02523	0.77665	0.05811	0.01278	0.01329	0.00983	0.01370	0.00792	0.01036	0.00667	0.00383	0.00419	0.00125	0.00521	0.00373	0.00211	0.00663
123	0.01047	0.00555	0.00731	0.00661	0.00822	0.00529	0.00520	0.02751	0.02538	0.26340	0.19672	0.02631	0.03430	0.13557	0.09511	0.00243	0.00420	0.13141	0.00415	0.00486
124	0.02926	0.03376	0.17571	0.18792	0.17697	0.05309	0.09813	0.05139	0.02521	0.09890	0.00921	0.02567	0.00700	0.00437	0.00422	0.00133	0.00550	0.00389	0.00252	0.00596
125	0.03069	0.01099	0.04237	0.10243	0.52789	0.08705	0.05951	0.01340	0.00980	0.04495	0.00847	0.02806	0.00701	0.00415	0.00422	0.00129	0.00538	0.00390	0.00226	0.00620
126	0.00943	0.01935	0.02318	0.09077	0.29071	0.04806	0.08977	0.02239	0.07248	0.03171	0.07356	0.14126	0.02501	0.02105	0.00503	0.00144	0.02083	0.00561	0.00287	0.00550
127	0.05887	0.11947	0.03365	0.01027	0.06568	0.09680	0.06051	0.12939	0.02147	0.03501	0.01037	0.08647	0.00964	0.02768	0.09321	0.00201	0.09491	0.03660	0.00277	0.00524

[dist]
# distance from previous block
# <min> <max>
1	8

[block]
# block no. 2 follows, 62 sequences, length 38
# corresponding to MSA columns:
# 346-383
name=unknown_C
#
# <colnr> <probs for GDERKNQSTAVLIFYWHMCP>
#	G	D	E	R	K	N	Q	S	T	A	V	L	I	F	Y	W	H	M	C	P
0	0.02732	0.04275	0.07038	0.03738	0.06765	0.08184	0.03972	0.15176	0.07231	0.10565	0.03367	0.01438	0.02013	0.11688	0.00660	0.00163	0.02042	0.01354	0.00318	0.07281
1	0.00733	0.00618	0.02890	0.00983	0.17093	0.00560	0.01634	0.00939	0.02282	0.03515	0.38822	0.02772	0.14920	0.06834	0.00603	0.00156	0.00310	0.03498	0.00378	0.00459
2	0.28522	0.10160	0.01027	0.00751	0.01006	0.05775	0.02013	0.15854	0.16663	0.01763	0.00996	0.01146	0.00805	0.07303	0.00493	0.00149	0.00402	0.00353	0.04275	0.00543
3	0.00571	0.00427	0.00536	0.00599	0.00659	0.00412	0.00417	0.00752	0.07401	0.01204	0.09275	0.62851	0.09503	0.01208	0.00528	0.00165	0.00250	0.02457	0.00404	0.00379
4	0.02693	0.24066	0.08242	0.03215	0.11444	0.12954	0.00835	0.04737	0.07525	0.06208	0.01105	0.12088	0.02067	0.00554	0.00390	0.00124	0.00476	0.00443	0.00275	0.00558
5	0.01252	0.09346	0.01244	0.02276	0.02328	0.12501	0.03818	0.31316	0.07048	0.01720	0.02046	0.02309	0.00885	0.09011	0.05340	0.00186	0.04513	0.00407	0.01885	0.00568
6	0.00593	0.00405	0.00469	0.00489	0.00500	0.00396	0.00289	0.00613	0.00675	0.00893	0.01681	0.19586	0.05474	0.64133	0.01759	0.00351	0.00370	0.00752	0.00292	0.00280
7	0.02357	0.76819	0.03669	0.00758	0.01114	0.03771	0.00749	0.03079	0.00894	0.01060	0.00606	0.00702	0.00549	0.00378	0.00304	0.00096	0.02124	0.00237	0.00190	0.00547
8	0.17994	0.00738	0.00910	0.00720	0.01026	0.00694	0.00593	0.03104	0.01113	0.62567	0.01440	0.01310	0.00937	0.00623	0.04168	0.00157	0.00393	0.00391	0.00462	0.00659
