[name]
unknown

[dist]
# distance from previous block
# <min> <max>
0	470

[block]
# block no. 0 follows, 56 sequences, length 18
# corresponding to MSA columns:
# 576-593
name=unknown_A
#
# <colnr> <probs for GDERKNQSTAVLIFYWHMCP>
#	G	D	E	R	K	N	Q	S	T	A	V	L	I	F	Y	W	H	M	C	P
0	0.03906	0.03083	0.06535	0.05300	0.18006	0.02137	0.03439	0.14330	0.07819	0.07138	0.07383	0.02488	0.05180	0.00549	0.00448	0.00134	0.00460	0.00467	0.00346	0.10851
1	0.07068	0.03724	0.05806	0.04884	0.06669	0.08690	0.11667	0.12455	0.05656	0.04679	0.04937	0.06111	0.02075	0.00573	0.00512	0.00142	0.05391	0.00477	0.02633	0.05853
2	0.09417	0.09990	0.20666	0.04925	0.06985	0.06352	0.02529	0.05317	0.09381	0.08740	0.02780	0.04570	0.00954	0.00538	0.00441	0.00141	0.01824	0.01360	0.02465	0.00626
3	0.24406	0.11770	0.06217	0.00967	0.04552	0.14271	0.02504	0.10937	0.04162	0.05226	0.02528	0.08601	0.00948	0.00561	0.00398	0.00137	0.00496	0.00423	0.00314	0.00581
4	0.01186	0.01282	0.01155	0.01047	0.01167	0.29061	0.00818	0.04328	0.04051	0.01229	0.02328	0.10323	0.01076	0.02274	0.08448	0.00220	0.27081	0.02150	0.00273	0.00503
5	0.03242	0.00995	0.01214	0.00970	0.01293	0.01040	0.05439	0.27992	0.17607	0.25388	0.01530	0.01596	0.01112	0.00595	0.00467	0.00146	0.00441	0.04449	0.03762	0.00723
6	0.01388	0.06119	0.04799	0.05850	0.10051	0.13744	0.00876	0.13595	0.03366	0.16722	0.10847	0.03333	0.01316	0.01908	0.00516	0.00144	0.02854	0.01570	0.00372	0.00631
7	0.00672	0.00528	0.00690	0.00661	0.00783	0.00504	0.03470	0.00945	0.08416	0.01571	0.38810	0.23806	0.15286	0.01050	0.00546	0.00158	0.00267	0.00933	0.00459	0.00445
8	0.00634	0.00469	0.00592	0.00561	0.00676	0.00427	0.00421	0.00837	0.01263	0.01755	0.69865	0.03571	0.15280	0.00971	0.00542	0.00146	0.00219	0.00850	0.00494	0.00427
9	0.01899	0.00820	0.03654	0.00821	0.01168	0.00688	0.00694	0.02129	0.03999	0.70821	0.06929	0.01670	0.01336	0.00590	0.00466	0.00143	0.00388	0.00484	0.00548	0.00753
10	0.01353	0.06755	0.10825	0.07263	0.15164	0.09038	0.03901	0.10507	0.11883	0.13413	0.01119	0.01202	0.00831	0.00506	0.00491	0.00141	0.04195	0.00407	0.00329	0.00678
11	0.00990	0.00983	0.01378	0.01186	0.01189	0.01372	0.00987	0.01093	0.00705	0.01103	0.00629	0.01038	0.00625	0.00913	0.04856	0.00223	0.79623	0.00406	0.00203	0.00498
12	0.00656	0.00492	0.00738	0.00738	0.00820	0.00574	0.00574	0.00820	0.00738	0.01066	0.01230	0.01804	0.01148	0.03443	0.82046	0.00738	0.01230	0.00492	0.00246	0.00410
13	0.01680	0.08100	0.01381	0.01154	0.01402	0.76236	0.00880	0.01800	0.01274	0.01120	0.00704	0.00821	0.00591	0.00467	0.00405	0.00117	0.00804	0.00292	0.00234	0.00536
14	0.01354	0.01364	0.11781	0.01258	0.08049	0.12094	0.05164	0.16745	0.12399	0.09698	0.01175	0.04135	0.00930	0.00587	0.00582	0.00150	0.09940	0.01590	0.00344	0.00662
15	0.06818	0.00464	0.00561	0.02526	0.00743	0.00446	0.00449	0.00727	0.00927	0.01282	0.05738	0.54852	0.17315	0.01265	0.00553	0.00176	0.00279	0.04071	0.00414	0.00392
16	0.00977	0.01819	0.50905	0.01440	0.12104	0.00990	0.07064	0.01419	0.02538	0.04018	0.01054	0.05263	0.02460	0.00497	0.00452	0.00143	0.00603	0.00428	0.00239	0.05586
17	0.01109	0.10421	0.56223	0.01244	0.01808	0.13953	0.03396	0.04175	0.01062	0.01414	0.00799	0.00935	0.00594	0.00440	0.00422	0.00136	0.00680	0.00331	0.00211	0.00648

[dist]
# distance from previous block
# <min> <max>
3	4

[block]
# block no. 1 follows, 56 sequences, length 31
# corresponding to MSA columns:
# 600-621,629-637
name=unknown_B
#
# <colnr> <probs for GDERKNQSTAVLIFYWHMCP>
#	G	D	E	R	K	N	Q	S	T	A	V	L	I	F	Y	W	H	M	C	P
0	0.03100	0.06056	0.42460	0.01164	0.01640	0.02188	0.09331	0.04017	0.03422	0.06911	0.01004	0.01265	0.00787	0.07940	0.02479	0.00184	0.02539	0.00405	0.02487	0.00621
1	0.00867	0.00816	0.01377	0.82762	0.03162	0.01020	0.01275	0.01173	0.00918	0.01173	0.00816	0.01224	0.00612	0.00459	0.00459	0.00153	0.00612	0.00408	0.00204	0.00510
2	0.01345	0.01287	0.01151	0.01039	0.04254	0.26677	0.03760	0.21499	0.03191	0.03146	0.02506	0.08680	0.01145	0.12773	0.02886	0.00197	0.00590	0.00509	0.02808	0.00558
3	0.01208	0.01300	0.04773	0.04485	0.36202	0.13779	0.19921	0.01522	0.03862	0.03822	0.00978	0.02807	0.00806	0.00465	0.00475	0.00142	0.00633	0.01914	0.00254	0.00651
4	0.01745	0.01286	0.01378	0.01056	0.01424	0.01424	0.00873	0.79471	0.02159	0.02893	0.01102	0.01102	0.00781	0.00551	0.00459	0.00138	0.00505	0.00413	0.00459	0.00781
5	0.00935	0.00892	0.01351	0.60625	0.09333	0.04078	0.01162	0.01216	0.00949	0.01247	0.00816	0.01161	0.00631	0.00438	0.00439	0.00138	0.00574	0.00383	0.00217	0.13416
6	0.00549	0.00464	0.00474	0.00475	0.00625	0.00390	0.00355	0.00669	0.01056	0.01271	0.08640	0.06035	0.75122	0.01157	0.00543	0.00155	0.00232	0.00969	0.00431	0.00390
7	0.00634	0.00446	0.00543	0.00555	0.00600	0.00431	0.00363	0.00715	0.00883	0.01196	0.20154	0.18647	0.07787	0.39124	0.05663	0.00322	0.00385	0.00839	0.00367	0.00346
8	0.00726	0.00585	0.00832	0.00792	0.00845	0.00717	0.00612	0.00852	0.00720	0.01046	0.01141	0.01837	0.01123	0.15673	0.53555	0.00586	0.17208	0.00502	0.00242	0.00407
9	0.00663	0.00474	0.00651	0.00754	0.00827	0.00462	0.00603	0.00820	0.00988	0.01300	0.04159	0.37625	0.02842	0.01332	0.00612	0.00200	0.00353	0.44506	0.00426	0.00402
10	0.00867	0.00816	0.01377	0.82762	0.03162	0.01020	0.01275	0.01173	0.00918	0.01173	0.00816	0.01224	0.00612	0.00459	0.00459	0.00153	0.00612	0.00408	0.00204	0.00510
11	0.01695	0.02149	0.01321	0.01240	0.04225	0.79169	0.00905	0.01818	0.01292	0.01137	0.00715	0.00839	0.00596	0.00471	0.00415	0.00119	0.00818	0.00300	0.00236	0.00539
12	0.00668	0.00445	0.00501	0.00501	0.00501	0.00445	0.00278	0.00668	0.00668	0.00890	0.01447	0.03004	0.01669	0.83866	0.02337	0.00445	0.00445	0.00668	0.00278	0.00278
13	0.01604	0.02004	0.01317	0.01186	0.01386	0.69481	0.00905	0.01720	0.01208	0.01121	0.00693	0.00855	0.00593	0.00525	0.00584	0.00131	0.13616	0.00312	0.00231	0.00528
14	0.01715	0.02188	0.01301	0.01183	0.01419	0.82022	0.00887	0.01833	0.01301	0.01124	0.00710	0.00828	0.00591	0.00473	0.00414	0.00118	0.00828	0.00296	0.00237	0.00532
15	0.00797	0.00399	0.00598	0.00598	0.00598	0.00399	0.00399	0.00598	0.00598	0.00797	0.00797	0.01396	0.00797	0.01595	0.01794	0.86643	0.00399	0.00399	0.00199	0.00199
16	0.00568	0.00463	0.00503	0.00506	0.00643	0.00398	0.00378	0.00703	0.01083	0.01349	0.18439	0.09261	0.60029	0.01141	0.00547	0.00156	0.00236	0.02760	0.00441	0.00396
17	0.01136	0.01091	0.01863	0.02818	0.81002	0.01091	0.01409	0.01409	0.01045	0.01500	0.00864	0.01136	0.00727	0.00409	0.00455	0.00136	0.00545	0.00409	0.00227	0.00727
18	0.06588	0.01257	0.01331	0.01028	0.01388	0.01395	0.00848	0.73433	0.03694	0.02826	0.01092	0.01095	0.00777	0.00545	0.00449	0.00138	0.00494	0.00406	0.00449	0.00763
19	0.00781	0.00635	0.00983	0.00929	0.01094	0.00623	0.11218	0.01072	0.05443	0.01492	0.16179	0.04109	0.06855	0.01050	0.00591	0.00186	0.00420	0.45460	0.00414	0.00466
20	0.00582	0.00423	0.00580	0.00659	0.00700	0.00397	0.01785	0.00677	0.00907	0.01216	0.07335	0.72455	0.03024	0.03900	0.00637	0.00192	0.00282	0.03444	0.00423	0.00379
21	0.00546	0.00461	0.00472	0.00477	0.00624	0.00388	0.00355	0.00662	0.01042	0.01248	0.06047	0.08961	0.74806	0.01174	0.00545	0.00157	0.00234	0.00986	0.00428	0.00388
22	0.04529	0.09093	0.01585	0.01223	0.03468	0.35653	0.13066	0.13242	0.01316	0.07329	0.00931	0.03511	0.00750	0.00502	0.00452	0.00131	0.01925	0.00393	0.00296	0.00604
23	0.00940	0.03832	0.73297	0.02896	0.05010	0.01083	0.01635	0.01471	0.03023	0.01455	0.00849	0.00995	0.00609	0.00440	0.00435	0.00145	0.00660	0.00346	0.00202	0.00677
24	0.00717	0.00509	0.00734	0.00721	0.00801	0.00585	0.00553	0.00865	0.00755	0.03479	0.01258	0.01884	0.01182	0.10920	0.66605	0.00653	0.03590	0.00503	0.03272	0.00412
25	0.00690	0.00530	0.00630	0.00663	0.00760	0.00528	0.00478	0.02226	0.12937	0.01373	0.09064	0.40765	0.14842	0.06449	0.00670	0.00191	0.00297	0.06039	0.00430	0.00437
26	0.07165	0.18383	0.10385	0.00984	0.03738	0.07919	0.03010	0.05386	0.18391	0.05649	0.09754	0.01460	0.03286	0.00560	0.00440	0.00136	0.01958	0.00437	0.00337	0.00619
27	0.01084	0.01030	0.01635	0.10536	0.55433	0.03854	0.02763	0.03343	0.01050	0.01457	0.01030	0.07029	0.00936	0.00529	0.00491	0.00144	0.02405	0.02795	0.01803	0.00653
28	0.00655	0.00529	0.00622	0.00580	0.00740	0.00474	0.03013	0.03058	0.03092	0.02639	0.19156	0.08498	0.53138	0.01069	0.00539	0.00154	0.00263	0.00912	0.00440	0.00429
29	0.01059	0.03749	0.01736	0.25952	0.48006	0.01084	0.05172	0.02715	0.01013	0.01394	0.00848	0.01161	0.00690	0.00459	0.00493	0.02626	0.00569	0.00410	0.00223	0.00640
30	0.06688	0.19737	0.24263	0.01320	0.04366	0.03844	0.21737	0.04753	0.03794	0.04059	0.00876	0.01026	0.00668	0.00429	0.00426	0.00136	0.00615	0.00380	0.00245	0.00638

[dist]
# distance from previous block
# <min> <max>
2	5

[block]
# block no. 2 follows, 56 sequences, length 24
# corresponding to MSA columns:
# 660-683
name=unknown_C
#
# <colnr> <probs for GDERKNQSTAVLIFYWHMCP>
#	G	D	E	R	K	N	Q	S	T	A	V	L	I	F	Y	W	H	M	C	P
0	0.54517	0.04791	0.00913	0.02562	0.01060	0.16351	0.00612	0.01396	0.00914	0.01745	0.03020	0.02299	0.00689	0.00470	0.00356	0.00134	0.02307	0.00301	0.00276	0.05288
1	0.05086	0.11728	0.08423	0.15699	0.02897	0.01093	0.00912	0.17031	0.05541	0.14170	0.02322	0.04646	0.00948	0.00701	0.04962	0.00172	0.00529	0.00435	0.00346	0.02358
2	0.01260	0.00976	0.01158	0.03697	0.05972	0.04192	0.02311	0.15087	0.01227	0.10797	0.00980	0.01069	0.00747	0.00418	0.00393	0.00099	0.00425	0.00338	0.00331	0.48525
3	0.04259	0.00478	0.00577	0.00619	0.00719	0.00445	0.00455	0.00810	0.00969	0.05710	0.05597	0.38824	0.22979	0.05072	0.00641	0.00188	0.00294	0.10531	0.00424	0.00408
4	0.01044	0.00993	0.01448	0.43078	0.20591	0.06082	0.01193	0.05603	0.01020	0.01356	0.00843	0.01170	0.00669	0.00492	0.00556	0.00149	0.08938	0.00402	0.03801	0.00572
5	0.00753	0.00506	0.00647	0.00594	0.00727	0.00466	0.00451	0.02663	0.01300	0.06732	0.68254	0.03339	0.09958	0.00924	0.00535	0.00145	0.00235	0.00809	0.00502	0.00459
6	0.00599	0.00447	0.00603	0.00689	0.00718	0.00451	0.00482	0.00688	0.00877	0.01178	0.02395	0.73747	0.02851	0.01386	0.00650	0.00189	0.05839	0.05416	0.00411	0.00384
7	0.01227	0.84142	0.02406	0.00786	0.01178	0.01817	0.00786	0.01375	0.00933	0.01080	0.00638	0.00736	0.00589	0.00393	0.00295	0.00098	0.00491	0.00245	0.00196	0.00589
8	0.00677	0.00496	0.00659	0.00747	0.00848	0.00479	0.00622	0.00850	0.01025	0.01318	0.02820	0.18143	0.15828	0.01279	0.00611	0.00198	0.00365	0.52203	0.00424	0.00409
9	0.04542	0.00477	0.00493	0.00469	0.00604	0.00474	0.00359	0.01181	0.00985	0.08548	0.01489	0.01659	0.01145	0.00533	0.00331	0.00111	0.00235	0.00423	0.75481	0.00461
10	0.00856	0.00428	0.00428	0.00428	0.00535	0.00428	0.00321	0.01070	0.00963	0.01712	0.01498	0.01712	0.01177	0.00535	0.00321	0.00107	0.00214	0.00428	0.86414	0.00428
11	0.87108	0.00888	0.00675	0.00604	0.00888	0.01030	0.00497	0.01350	0.00781	0.02060	0.00639	0.00746	0.00497	0.00426	0.00284	0.00142	0.00355	0.00249	0.00284	0.00497
12	0.01136	0.01091	0.01863	0.02818	0.81002	0.01091	0.01409	0.01409	0.01045	0.01500	0.00864	0.01136	0.00727	0.00409	0.00455	0.00136	0.00545	0.00409	0.00227	0.00727
13	0.87108	0.00888	0.00675	0.00604	0.00888	0.01030	0.00497	0.01350	0.00781	0.02060	0.00639	0.00746	0.00497	0.00426	0.00284	0.00142	0.00355	0.00249	0.00284	0.00497
14	0.87108	0.00888	0.00675	0.00604	0.00888	0.01030	0.00497	0.01350	0.00781	0.02060	0.00639	0.00746	0.00497	0.00426	0.00284	0.00142	0.00355	0.00249	0.00284	0.00497
15	0.01227	0.84142	0.02406	0.00786	0.01178	0.01817	0.00786	0.01375	0.00933	0.01080	0.00638	0.00736	0.00589	0.00393	0.00295	0.00098	0.00491	0.00245	0.00196	0.00589
16	0.00559	0.00400	0.00533	0.00639	0.00666	0.00373	0.00426	0.00639	0.00879	0.01172	0.02530	0.83566	0.03036	0.01438	0.00586	0.00186	0.00266	0.01305	0.00426	0.00373
17	0.00868	0.00690	0.00738	0.00725	0.00831	0.06021	0.00518	0.13940	0.01087	0.01413	0.01944	0.41590	0.04019	0.16028	0.04223	0.00241	0.00419	0.02485	0.00383	0.01838
18	0.01136	0.01091	0.01863	0.02818	0.81002	0.01091	0.01409	0.01409	0.01045	0.01500	0.00864	0.01136	0.00727	0.00409	0.00455	0.00136	0.00545	0.00409	0.00227	0.00727
19	0.00790	0.00401	0.00593	0.00593	0.00593	0.00401	0.00392	0.00602	0.00602	0.00803	0.00833	0.01485	0.00846	0.06161	0.01824	0.81858	0.00401	0.00414	0.00204	0.00204
20	0.01035	0.02485	0.11221	0.24994	0.22662	0.01075	0.16849	0.03074	0.01025	0.03340	0.00988	0.01314	0.02444	0.00476	0.00511	0.00150	0.03476	0.02024	0.00238	0.00617
21	0.01116	0.02781	0.01764	0.03554	0.53520	0.06590	0.10008	0.02952	0.01080	0.01455	0.01201	0.04076	0.06835	0.00505	0.00469	0.00140	0.00557	0.00485	0.00254	0.00659
22	0.42196	0.00883	0.02356	0.00772	0.02721	0.00887	0.00628	0.05172	0.01087	0.35592	0.02842	0.01175	0.00867	0.00502	0.00379	0.00142	0.00384	0.00363	0.00414	0.00637
23	0.06489	0.03239	0.02944	0.13100	0.04273	0.39139	0.00921	0.10013	0.01245	0.03521	0.02555	0.01140	0.00777	0.00519	0.00467	0.00134	0.03853	0.02336	0.02772	0.00562

[dist]
# distance from previous block
# <min> <max>
0	1

[block]
# block no. 3 follows, 56 sequences, length 25
# corresponding to MSA columns:
# 687-711
name=unknown_D
#
# <colnr> <probs for GDERKNQSTAVLIFYWHMCP>
#	G	D	E	R	K	N	Q	S	T	A	V	L	I	F	Y	W	H	M	C	P
0	0.00638	0.00490	0.00557	0.00541	0.00692	0.00425	0.00417	0.00793	0.01120	0.03428	0.24901	0.04036	0.49511	0.01071	0.00541	0.00154	0.00250	0.07006	0.00446	0.02984
1	0.05374	0.07791	0.14227	0.03065	0.07364	0.04540	0.00988	0.21391	0.24158	0.02952	0.01179	0.01210	0.00885	0.00525	0.00457	0.00142	0.02298	0.00406	0.00354	0.00694
2	0.00945	0.00912	0.01313	0.05275	0.05043	0.01231	0.00964	0.01074	0.00736	0.01120	0.00732	0.01157	0.00702	0.01215	0.15065	0.00286	0.61104	0.00418	0.00210	0.00498
3	0.00622	0.00426	0.00564	0.00629	0.00684	0.00394	0.00434	0.00733	0.00979	0.03696	0.18229	0.63572	0.04701	0.01307	0.00573	0.00176	0.00259	0.01178	0.00446	0.00397
4	0.00576	0.00466	0.00511	0.00500	0.00640	0.00402	0.00375	0.00723	0.01124	0.01425	0.28080	0.04114	0.57271	0.01094	0.00542	0.00152	0.00228	0.00926	0.00451	0.00402
5	0.00920	0.00459	0.00490	0.00471	0.00580	0.00450	0.00342	0.01096	0.00942	0.07896	0.01514	0.01912	0.01254	0.14242	0.00664	0.00165	0.00266	0.00470	0.65433	0.00431
6	0.01453	0.00844	0.00998	0.00830	0.01107	0.00866	0.00663	0.11695	0.26186	0.30462	0.15160	0.01875	0.01720	0.00645	0.00472	0.00145	0.00361	0.00535	0.03287	0.00693
7	0.01227	0.84142	0.02406	0.00786	0.01178	0.01817	0.00786	0.01375	0.00933	0.01080	0.00638	0.00736	0.00589	0.00393	0.00295	0.00098	0.00491	0.00245	0.00196	0.00589
8	0.00547	0.00461	0.00473	0.00479	0.00625	0.00388	0.00356	0.00663	0.01042	0.01252	0.06537	0.09431	0.73832	0.01174	0.00545	0.00157	0.00234	0.00987	0.00428	0.00388
9	0.02035	0.00821	0.01090	0.00836	0.01192	0.00734	0.00690	0.08369	0.01381	0.75094	0.01755	0.01526	0.01108	0.00567	0.00461	0.00142	0.00400	0.00458	0.00560	0.00781
10	0.02615	0.06640	0.48200	0.01192	0.01752	0.01082	0.07129	0.09479	0.01114	0.06618	0.00908	0.01021	0.00654	0.00440	0.00427	0.00134	0.00599	0.00356	0.00257	0.09382
11	0.07605	0.00643	0.00742	0.00690	0.00838	0.04581	0.03046	0.01047	0.05642	0.01723	0.50461	0.06096	0.07565	0.00895	0.00519	0.00151	0.00302	0.06544	0.00450	0.00460
12	0.01759	0.01264	0.01364	0.01046	0.01413	0.01392	0.00864	0.76167	0.02122	0.06248	0.01133	0.01122	0.00796	0.00552	0.00459	0.00138	0.00500	0.00415	0.00464	0.00781
13	0.00602	0.00452	0.00557	0.00564	0.00665	0.00408	0.00410	0.00761	0.01137	0.01532	0.43187	0.22537	0.23284	0.01113	0.00552	0.00157	0.00232	0.00977	0.00467	0.00408
14	0.01102	0.12054	0.42794	0.01285	0.03721	0.01146	0.13091	0.07645	0.01102	0.06164	0.01086	0.01201	0.04619	0.00475	0.00444	0.00140	0.00614	0.00404	0.00255	0.00659
15	0.01197	0.09895	0.02398	0.01657	0.02063	0.10102	0.55138	0.05340	0.01127	0.01446	0.00868	0.01124	0.00674	0.00424	0.00543	0.00146	0.04539	0.00471	0.00239	0.00609
16	0.00915	0.00445	0.00459	0.00447	0.00566	0.00440	0.00338	0.01127	0.00980	0.05648	0.01513	0.01704	0.01175	0.00537	0.00328	0.00109	0.00223	0.00430	0.82170	0.00445
17	0.01060	0.01302	0.13707	0.07361	0.32297	0.01131	0.26968	0.01396	0.01011	0.01431	0.00855	0.01141	0.00679	0.00440	0.00564	0.00150	0.07192	0.00442	0.00220	0.00653
18	0.01372	0.06762	0.06005	0.06284	0.11474	0.11936	0.11824	0.15610	0.09037	0.09696	0.02864	0.01221	0.00876	0.00501	0.00479	0.00140	0.02501	0.00424	0.00329	0.00665
19	0.00867	0.00816	0.01377	0.82762	0.03162	0.01020	0.01275	0.01173	0.00918	0.01173	0.00816	0.01224	0.00612	0.00459	0.00459	0.00153	0.00612	0.00408	0.00204	0.00510
20	0.00656	0.00490	0.00730	0.00730	0.00809	0.00569	0.00563	0.00814	0.00735	0.01060	0.01237	0.01846	0.01166	0.06267	0.79247	0.00728	0.01202	0.00498	0.00247	0.00405
21	0.01290	0.07899	0.25983	0.04393	0.11423	0.21249	0.06629	0.05633	0.02377	0.05990	0.00877	0.01018	0.00667	0.00460	0.00455	0.00136	0.02269	0.00361	0.00251	0.00640
22	0.01170	0.48985	0.18059	0.01016	0.03983	0.02716	0.03193	0.05919	0.05982	0.01340	0.00853	0.03382	0.00731	0.00458	0.00366	0.00119	0.00529	0.00337	0.00237	0.00625
23	0.00711	0.00572	0.00670	0.00729	0.00838	0.04007	0.00584	0.00905	0.03580	0.01314	0.05278	0.20543	0.18728	0.01308	0.04070	0.00209	0.00395	0.34726	0.00413	0.00420
24	0.03341	0.03783	0.01447	0.11585	0.23544	0.00916	0.11413	0.01292	0.05494	0.05188	0.09479	0.13047	0.03012	0.00657	0.00511	0.00151	0.02544	0.00605	0.01412	0.00581

[dist]
# distance from previous block
# <min> <max>
2	12

[block]
# block no. 4 follows, 56 sequences, length 25
# corresponding to MSA columns:
# 725-734,748-762
name=unknown_E
#
# <colnr> <probs for GDERKNQSTAVLIFYWHMCP>
#	G	D	E	R	K	N	Q	S	T	A	V	L	I	F	Y	W	H	M	C	P
0	0.21798	0.01841	0.03021	0.08323	0.01376	0.14278	0.03997	0.03497	0.03086	0.18149	0.01019	0.01115	0.00753	0.00635	0.04845	0.00165	0.02076	0.00359	0.00327	0.09340
1	0.01174	0.02612	0.01307	0.20133	0.07434	0.17552	0.02385	0.08540	0.03535	0.01426	0.00864	0.01095	0.00701	0.00641	0.05206	0.00162	0.06430	0.00365	0.00260	0.18177
2	0.02308	0.00598	0.01875	0.04204	0.08092	0.00559	0.00573	0.05227	0.01060	0.01392	0.08004	0.29035	0.31539	0.01083	0.00536	0.00163	0.00314	0.02587	0.00400	0.00451
3	0.00677	0.00469	0.00564	0.00552	0.00584	0.00476	0.00344	0.00716	0.00692	0.00948	0.01380	0.02696	0.01531	0.65430	0.17100	0.00484	0.00587	0.00619	0.00272	0.03879
4	0.02874	0.05930	0.02426	0.01055	0.04592	0.02644	0.00832	0.32750	0.32255	0.04587	0.01387	0.01407	0.01046	0.00579	0.00469	0.00145	0.01775	0.02098	0.00425	0.00724
5	0.01700	0.00713	0.00949	0.00768	0.01067	0.00626	0.00630	0.01895	0.02593	0.60803	0.07308	0.02238	0.09957	0.00704	0.00487	0.00149	0.00364	0.05820	0.00537	0.00691
6	0.00944	0.05900	0.73468	0.01322	0.01975	0.01105	0.06136	0.01451	0.00974	0.01438	0.00822	0.00975	0.00589	0.00431	0.00436	0.00144	0.00676	0.00347	0.00196	0.00671
7	0.00662	0.00451	0.00539	0.00539	0.00557	0.00459	0.00329	0.00699	0.00724	0.00983	0.06851	0.04758	0.01818	0.66312	0.12068	0.00455	0.00523	0.00672	0.00293	0.00307
8	0.00578	0.00455	0.00489	0.00495	0.00603	0.00402	0.00346	0.00673	0.00969	0.01201	0.08977	0.10973	0.52101	0.18622	0.00925	0.00218	0.00279	0.00925	0.00400	0.00366
9	0.01327	0.00728	0.00939	0.00785	0.01012	0.00724	0.00627	0.03077	0.10490	0.33259	0.27011	0.03905	0.02164	0.00726	0.00582	0.00148	0.07884	0.00592	0.00487	0.03532
10	0.12192	0.00731	0.00899	0.00728	0.01019	0.00688	0.00593	0.01876	0.03906	0.52193	0.04326	0.01561	0.01183	0.00651	0.02994	0.00156	0.00381	0.00446	0.12805	0.00670
11	0.01241	0.81826	0.02375	0.00797	0.01185	0.04083	0.00788	0.01388	0.00943	0.01081	0.00640	0.00739	0.00589	0.00395	0.00298	0.00099	0.00500	0.00247	0.00198	0.00588
12	0.06922	0.00593	0.00633	0.00572	0.00740	0.00604	0.00444	0.10247	0.01136	0.09414	0.05925	0.07075	0.01380	0.00615	0.00378	0.00124	0.00278	0.00498	0.51920	0.00504
13	0.07035	0.00996	0.01032	0.00919	0.01186	0.01150	0.00719	0.06633	0.70438	0.01984	0.01742	0.01613	0.01305	0.00605	0.00454	0.00154	0.00371	0.00495	0.00454	0.00714
14	0.01005	0.00961	0.01504	0.18488	0.47510	0.04503	0.01184	0.01243	0.01001	0.01359	0.01144	0.15805	0.01109	0.00605	0.00477	0.00148	0.00522	0.00563	0.00258	0.00612
15	0.00934	0.06630	0.16453	0.00970	0.04822	0.02681	0.06555	0.01213	0.01174	0.08099	0.38727	0.02361	0.04370	0.00713	0.00493	0.00143	0.00413	0.02315	0.00387	0.00547
16	0.01003	0.00927	0.01372	0.56715	0.03760	0.05685	0.05644	0.03193	0.06618	0.03281	0.00958	0.01265	0.00722	0.00480	0.00469	0.00149	0.01731	0.00420	0.05063	0.00545
17	0.00568	0.00414	0.00544	0.00629	0.00673	0.00390	0.00430	0.00662	0.00900	0.01196	0.05586	0.68149	0.09648	0.01532	0.06134	0.00220	0.00327	0.01203	0.00417	0.00379
18	0.00943	0.00902	0.01339	0.66850	0.06271	0.05682	0.01192	0.01288	0.05380	0.01247	0.00897	0.01243	0.00681	0.00470	0.00451	0.00149	0.00593	0.00409	0.03485	0.00530
19	0.02910	0.14583	0.49926	0.01172	0.02979	0.01211	0.01339	0.03789	0.12936	0.01513	0.00952	0.01048	0.00713	0.00469	0.00443	0.00141	0.02608	0.00355	0.00246	0.00667
20	0.01004	0.00942	0.01569	0.17930	0.50758	0.00999	0.01238	0.01253	0.00987	0.01379	0.01070	0.09677	0.01006	0.00575	0.00528	0.00151	0.04627	0.03434	0.00249	0.00626
21	0.00659	0.00478	0.00666	0.00666	0.00723	0.00535	0.00484	0.00774	0.00716	0.01012	0.01296	0.02168	0.01306	0.27883	0.57823	0.00649	0.00991	0.00545	0.00256	0.00370
22	0.01255	0.01094	0.03275	0.15028	0.44196	0.02997	0.03088	0.10487	0.03838	0.08778	0.00999	0.01196	0.00767	0.00456	0.00458	0.00141	0.00546	0.00417	0.00289	0.00695
23	0.01255	0.79558	0.02344	0.00808	0.01192	0.06303	0.00791	0.01400	0.00953	0.01083	0.00642	0.00742	0.00589	0.00397	0.00301	0.00099	0.00510	0.00248	0.00199	0.00586
24	0.01081	0.00843	0.01081	0.00832	0.03251	0.00693	0.04995	0.05770	0.01091	0.08519	0.07396	0.01235	0.01023	0.00425	0.00388	0.00091	0.00374	0.00360	0.00324	0.60228

[dist]
# distance from previous block
# <min> <max>
0	1

[block]
# block no. 5 follows, 56 sequences, length 56
# corresponding to MSA columns:
# 770-775,777-821,853-857
name=unknown_F
#
# <colnr> <probs for GDERKNQSTAVLIFYWHMCP>
#	G	D	E	R	K	N	Q	S	T	A	V	L	I	F	Y	W	H	M	C	P
0	0.01633	0.01219	0.01323	0.01073	0.03667	0.01350	0.00854	0.66323	0.10381	0.02709	0.01190	0.01189	0.00859	0.00554	0.00455	0.00139	0.00481	0.00425	0.03415	0.00761
1	0.00620	0.00481	0.00566	0.00604	0.00726	0.00439	0.00473	0.00784	0.02367	0.01330	0.09426	0.15502	0.41196	0.01192	0.00567	0.00172	0.00287	0.20993	0.01869	0.00404
2	0.01168	0.03764	0.08505	0.03830	0.27858	0.06594	0.31314	0.06293	0.01125	0.01516	0.00875	0.01126	0.00688	0.00427	0.00509	0.00144	0.02926	0.00442	0.00239	0.00657
3	0.00587	0.00414	0.00528	0.00604	0.00629	0.00395	0.00392	0.00650	0.00829	0.01104	0.02292	0.60818	0.04417	0.21136	0.02750	0.00259	0.00329	0.01128	0.00387	0.00351
4	0.01306	0.61548	0.02111	0.00896	0.01228	0.17527	0.00823	0.01444	0.00987	0.01091	0.00649	0.00775	0.00591	0.00441	0.00413	0.00110	0.07019	0.00268	0.00205	0.00571
5	0.00577	0.00418	0.00530	0.00600	0.00646	0.00388	0.00403	0.00666	0.00915	0.01213	0.09994	0.59120	0.11526	0.09819	0.00757	0.00206	0.00276	0.01158	0.00418	0.00370
6	0.00650	0.00469	0.00614	0.00578	0.00686	0.00433	0.00433	0.00866	0.01300	0.01841	0.80760	0.03429	0.04332	0.00939	0.00541	0.00144	0.00217	0.00830	0.00505	0.00433
7	0.01744	0.01328	0.01374	0.01062	0.01424	0.05213	0.00873	0.75821	0.02118	0.02810	0.01084	0.01089	0.00772	0.00547	0.00457	0.00137	0.00520	0.00408	0.00449	0.00769
8	0.00856	0.00428	0.00428	0.00428	0.00535	0.00428	0.00321	0.01070	0.00963	0.01712	0.01498	0.01712	0.01177	0.00535	0.00321	0.00107	0.00214	0.00428	0.86414	0.00428
9	0.01084	0.01238	0.02709	0.01935	0.02399	0.01161	0.79334	0.01471	0.01084	0.01471	0.00929	0.01238	0.00697	0.00387	0.00542	0.00155	0.00774	0.00542	0.00232	0.00619
10	0.00668	0.00445	0.00501	0.00501	0.00501	0.00445	0.00278	0.00668	0.00668	0.00890	0.01447	0.03004	0.01669	0.83866	0.02337	0.00445	0.00445	0.00668	0.00278	0.00278
11	0.15977	0.00813	0.01004	0.00786	0.01125	0.00759	0.00648	0.05319	0.01262	0.63140	0.03433	0.01453	0.01091	0.00553	0.00434	0.00142	0.00386	0.00433	0.00516	0.00727
12	0.00652	0.00436	0.00505	0.00524	0.00532	0.00432	0.00306	0.00672	0.00713	0.00961	0.01645	0.17668	0.01907	0.66833	0.01969	0.00390	0.00407	0.00778	0.02370	0.00299
13	0.01004	0.01004	0.01406	0.01205	0.01205	0.01406	0.01004	0.01105	0.00703	0.01105	0.00603	0.01004	0.00603	0.00804	0.01507	0.00201	0.83025	0.00402	0.00201	0.00502
14	0.00656	0.00492	0.00738	0.00738	0.00820	0.00574	0.00574	0.00820	0.00738	0.01066	0.01230	0.01804	0.01148	0.03443	0.82046	0.00738	0.01230	0.00492	0.00246	0.00410
15	0.01386	0.00940	0.00994	0.00803	0.01065	0.01022	0.00650	0.47820	0.01676	0.02416	0.01262	0.01348	0.00941	0.00545	0.00403	0.00125	0.00388	0.00419	0.35160	0.00638
16	0.00668	0.00445	0.00501	0.00501	0.00501	0.00445	0.00278	0.00668	0.00668	0.00890	0.01447	0.03004	0.01669	0.83866	0.02337	0.00445	0.00445	0.00668	0.00278	0.00278
17	0.00921	0.02375	0.81487	0.01309	0.01987	0.01066	0.01696	0.01454	0.00969	0.01454	0.00824	0.00969	0.00582	0.00436	0.00436	0.00145	0.00678	0.00339	0.00194	0.00678
18	0.01716	0.01271	0.01361	0.01050	0.01413	0.01410	0.00866	0.75728	0.05949	0.02846	0.01139	0.01132	0.00811	0.00555	0.00460	0.00139	0.00498	0.00418	0.00460	0.00778
19	0.00590	0.00431	0.00563	0.00637	0.00692	0.00397	0.00435	0.00683	0.00889	0.01196	0.03751	0.69302	0.05515	0.03655	0.02857	0.00201	0.00302	0.02432	0.00410	0.05062
20	0.06515	0.01047	0.04340	0.01313	0.14435	0.00945	0.13194	0.09796	0.06307	0.08265	0.01012	0.01131	0.00771	0.00427	0.00422	0.00119	0.00478	0.00385	0.00313	0.28783
21	0.01084	0.01238	0.02709	0.01935	0.02399	0.01161	0.79334	0.01471	0.01084	0.01471	0.00929	0.01238	0.00697	0.00387	0.00542	0.00155	0.00774	0.00542	0.00232	0.00619
22	0.02060	0.00781	0.01065	0.00817	0.01172	0.00675	0.00675	0.02237	0.01314	0.81320	0.01811	0.01563	0.01136	0.00568	0.00462	0.00142	0.00391	0.00462	0.00568	0.00781
23	0.00972	0.10604	0.55769	0.14663	0.04119	0.03426	0.01502	0.01409	0.00968	0.01361	0.00801	0.00987	0.00591	0.00436	0.00425	0.00141	0.00649	0.00341	0.00198	0.00639
24	0.00877	0.00558	0.00684	0.12500	0.02878	0.01893	0.02035	0.01120	0.02147	0.01585	0.01416	0.01815	0.01157	0.01944	0.00403	0.00127	0.00318	0.04668	0.61421	0.00454
25	0.00737	0.00522	0.00731	0.00834	0.00934	0.00521	0.00723	0.00934	0.01040	0.01353	0.02387	0.06951	0.02599	0.01282	0.00666	0.02655	0.00418	0.73884	0.00417	0.00415
26	0.00597	0.00432	0.00552	0.00623	0.00676	0.00405	0.00436	0.00699	0.00932	0.01233	0.10016	0.50806	0.10877	0.10313	0.00773	0.00210	0.00294	0.09334	0.00417	0.00375
27	0.01031	0.00960	0.01530	0.35262	0.30590	0.01080	0.03044	0.04491	0.09170	0.01439	0.00983	0.02995	0.00795	0.00496	0.00509	0.00150	0.04158	0.00442	0.00255	0.00620
28	0.01715	0.02188	0.01301	0.01183	0.01419	0.82022	0.00887	0.01833	0.01301	0.01124	0.00710	0.00828	0.00591	0.00473	0.00414	0.00118	0.00828	0.00296	0.00237	0.00532
29	0.01569	0.00676	0.00888	0.00717	0.00998	0.00586	0.00579	0.01742	0.01264	0.54632	0.14779	0.02362	0.15707	0.00732	0.00489	0.00145	0.00335	0.00609	0.00533	0.00657
30	0.06266	0.01089	0.01219	0.00950	0.01301	0.01155	0.00781	0.45805	0.08242	0.26369	0.01354	0.01272	0.00924	0.00556	0.00451	0.00141	0.00451	0.00428	0.00484	0.00762
31	0.00938	0.06847	0.77162	0.01280	0.01943	0.01107	0.01646	0.01450	0.00967	0.01433	0.00814	0.00957	0.00582	0.00434	0.00428	0.00143	0.00668	0.00334	0.00194	0.00674
32	0.01064	0.00693	0.00653	0.00590	0.00751	0.05776	0.00456	0.14247	0.02609	0.01876	0.01388	0.01554	0.01077	0.00535	0.00353	0.00114	0.00304	0.00419	0.65043	0.00499
33	0.00559	0.00400	0.00533	0.00639	0.00666	0.00373	0.00426	0.00639	0.00879	0.01172	0.02530	0.83566	0.03036	0.01438	0.00586	0.00186	0.00266	0.01305	0.00426	0.00373
34	0.01029	0.01072	0.05521	0.27366	0.32532	0.02358	0.13105	0.03423	0.01038	0.01409	0.00963	0.03686	0.00812	0.00487	0.00478	0.00149	0.00598	0.03120	0.00238	0.00618
35	0.01067	0.00918	0.04580	0.00827	0.02980	0.00709	0.03239	0.04002	0.03905	0.07259	0.02470	0.01090	0.00809	0.00393	0.00375	0.00088	0.00382	0.00325	0.00305	0.64280
36	0.77352	0.07638	0.03480	0.00642	0.00947	0.01094	0.00560	0.01355	0.00800	0.01961	0.00645	0.00752	0.00507	0.00424	0.00290	0.00139	0.00377	0.00251	0.00274	0.00511
37	0.84757	0.00876	0.00670	0.00601	0.00877	0.01014	0.00491	0.01331	0.00778	0.02028	0.00661	0.00807	0.00529	0.02696	0.00340	0.00150	0.00358	0.00260	0.00284	0.00491
38	0.00661	0.00495	0.00709	0.00705	0.00776	0.00566	0.00533	0.00799	0.00738	0.01048	0.01365	0.02047	0.03956	0.14676	0.66314	0.00665	0.02769	0.00531	0.00256	0.00392
39	0.00668	0.00445	0.00501	0.00501	0.00501	0.00445	0.00278	0.00668	0.00668	0.00890	0.01447	0.03004	0.01669	0.83866	0.02337	0.00445	0.00445	0.00668	0.00278	0.00278
40	0.00567	0.00462	0.00476	0.00475	0.00603	0.00399	0.00340	0.00668	0.00993	0.01204	0.06803	0.04150	0.65057	0.14806	0.00839	0.00203	0.00267	0.00914	0.00405	0.00371
41	0.75646	0.00873	0.00727	0.00632	0.00926	0.00982	0.00521	0.01469	0.00853	0.12742	0.00797	0.00856	0.00583	0.00445	0.00308	0.00142	0.00360	0.00277	0.00322	0.00535
42	0.01154	0.00992	0.01045	0.00937	0.01198	0.01147	0.00730	0.03962	0.78631	0.01940	0.01853	0.01701	0.01389	0.00621	0.00467	0.00155	0.00366	0.00517	0.00467	0.00728
43	0.00609	0.00492	0.00541	0.00564	0.00705	0.00442	0.00440	0.00788	0.04011	0.01296	0.03939	0.09208	0.56873	0.01166	0.00555	0.00167	0.00275	0.15374	0.02148	0.00407
44	0.00940	0.00801	0.00934	0.00686	0.01069	0.00620	0.00545	0.01182	0.03938	0.01513	0.03162	0.03281	0.00874	0.00397	0.00357	0.00077	0.00335	0.00325	0.00290	0.78673
45	0.01354	0.62805	0.02118	0.00889	0.01241	0.22699	0.00812	0.01494	0.01029	0.01091	0.00657	0.00760	0.00590	0.00414	0.00326	0.00103	0.00579	0.00259	0.00207	0.00574
46	0.02018	0.00825	0.01089	0.00838	0.01192	0.00742	0.00691	0.08314	0.02861	0.73662	0.01757	0.01529	0.01113	0.00568	0.00462	0.00142	0.00399	0.00459	0.00558	0.00780
47	0.01047	0.01076	0.00961	0.03738	0.02615	0.27128	0.00699	0.01188	0.00936	0.02391	0.01057	0.01542	0.00977	0.09356	0.41272	0.00459	0.02417	0.00437	0.00248	0.00455
48	0.01066	0.34284	0.46789	0.01091	0.01633	0.01361	0.01301	0.01429	0.00955	0.02897	0.00765	0.00891	0.00596	0.00432	0.00410	0.00128	0.02822	0.00307	0.00203	0.00641
49	0.00552	0.00439	0.00496	0.00538	0.00640	0.00383	0.00382	0.00657	0.00986	0.01229	0.05887	0.36288	0.47369	0.01268	0.00560	0.00167	0.00246	0.01101	0.00428	0.00383
50	0.00668	0.00485	0.00619	0.00630	0.00746	0.00449	0.00498	0.00856	0.01169	0.02713	0.41143	0.07685	0.18902	0.01084	0.00566	0.00165	0.00277	0.20455	0.00466	0.00424
51	0.03379	0.01021	0.01275	0.13344	0.10973	0.02401	0.00906	0.31270	0.05481	0.15235	0.05958	0.01383	0.01057	0.00604	0.02092	0.00153	0.00494	0.00447	0.01841	0.00687
52	0.00900	0.00840	0.01404	0.78447	0.03089	0.01036	0.02826	0.03762	0.00962	0.01236	0.00828	0.01220	0.00619	0.00461	0.00461	0.00153	0.00612	0.00411	0.00213	0.00521
53	0.01075	0.00676	0.01083	0.02295	0.05015	0.00650	0.11819	0.03802	0.00992	0.16991	0.05581	0.16087	0.01480	0.03844	0.05543	0.19273	0.00477	0.00630	0.02198	0.00487
54	0.01023	0.01104	0.04612	0.28289	0.18723	0.02396	0.31269	0.01353	0.01013	0.01373	0.00878	0.01203	0.00678	0.00428	0.00502	0.00149	0.01983	0.00456	0.01968	0.00601
55	0.01193	0.01172	0.06027	0.07992	0.45615	0.07564	0.06467	0.01485	0.03116	0.08277	0.01126	0.03462	0.03454	0.00489	0.00464	0.00141	0.00560	0.00454	0.00272	0.00670

[dist]
# distance from previous block
# <min> <max>
1	4

[block]
# block no. 6 follows, 56 sequences, length 12
# corresponding to MSA columns:
# 862-873
name=unknown_G
#
# <colnr> <probs for GDERKNQSTAVLIFYWHMCP>
#	G	D	E	R	K	N	Q	S	T	A	V	L	I	F	Y	W	H	M	C	P
0	0.21295	0.14350	0.03305	0.00979	0.03928	0.07607	0.04676	0.14813	0.11001	0.08894	0.01041	0.01130	0.00798	0.00493	0.00394	0.00134	0.00480	0.01733	0.00339	0.02612
1	0.09237	0.12630	0.02656	0.13477	0.05283	0.34199	0.00903	0.01523	0.03984	0.01271	0.00810	0.01047	0.00683	0.00570	0.02421	0.01665	0.02769	0.01901	0.00241	0.02730
2	0.01308	0.01038	0.01330	0.04658	0.15839	0.01121	0.03804	0.31026	0.16280	0.03959	0.01400	0.01567	0.04572	0.00718	0.03263	0.03448	0.00503	0.03105	0.00383	0.00679
3	0.00671	0.00469	0.00526	0.00523	0.00552	0.00470	0.00314	0.00738	0.03645	0.00973	0.01798	0.03059	0.10145	0.68606	0.05344	0.00415	0.00451	0.00687	0.00300	0.00312
4	0.76583	0.01069	0.10544	0.00690	0.01022	0.01034	0.00644	0.01362	0.00804	0.01986	0.00662	0.00773	0.00507	0.00427	0.00303	0.00142	0.00395	0.00260	0.00273	0.00519
5	0.01715	0.02188	0.01301	0.01183	0.01419	0.82022	0.00887	0.01833	0.01301	0.01124	0.00710	0.00828	0.00591	0.00473	0.00414	0.00118	0.00828	0.00296	0.00237	0.00532
6	0.03564	0.33964	0.11834	0.18059	0.01729	0.08984	0.01004	0.08168	0.04078	0.01377	0.00797	0.00951	0.00640	0.00442	0.00380	0.00124	0.00560	0.00322	0.00239	0.02786
7	0.00594	0.00463	0.00539	0.00529	0.00654	0.00408	0.00393	0.00755	0.01155	0.01518	0.40226	0.08988	0.39982	0.01075	0.00545	0.00152	0.00227	0.00925	0.00463	0.00408
8	0.00659	0.00471	0.00654	0.00662	0.00722	0.00522	0.00483	0.00781	0.00743	0.01062	0.01396	0.08652	0.01421	0.21610	0.53693	0.00599	0.00929	0.00595	0.03969	0.00377
9	0.01388	0.01527	0.05847	0.04803	0.22824	0.25897	0.09978	0.14722	0.05655	0.01624	0.00915	0.01074	0.00716	0.00465	0.00453	0.00135	0.00651	0.00393	0.00280	0.00653
10	0.00583	0.00467	0.00521	0.00507	0.00645	0.00405	0.00380	0.00736	0.01141	0.01465	0.33093	0.04049	0.52234	0.01079	0.00542	0.00151	0.00227	0.00917	0.00456	0.00405
11	0.01122	0.05452	0.29915	0.03479	0.19757	0.01107	0.04829	0.09292	0.07655	0.04890	0.02867	0.01247	0.02250	0.00545	0.01974	0.00154	0.02093	0.00415	0.00280	0.00678

[dist]
# distance from previous block
# <min> <max>
5	8

[block]
# block no. 7 follows, 56 sequences, length 75
# corresponding to MSA columns:
# 883-938,941-959
name=unknown_H
#
# <colnr> <probs for GDERKNQSTAVLIFYWHMCP>
#	G	D	E	R	K	N	Q	S	T	A	V	L	I	F	Y	W	H	M	C	P
0	0.01240	0.24354	0.17466	0.01202	0.06856	0.16195	0.06753	0.01656	0.12720	0.03652	0.01990	0.01069	0.00791	0.00462	0.00407	0.00128	0.00587	0.00360	0.00264	0.01848
1	0.15946	0.10630	0.04102	0.04808	0.22320	0.08396	0.00903	0.02772	0.02141	0.01518	0.00799	0.00976	0.00660	0.00484	0.02390	0.00132	0.00507	0.00323	0.00250	0.19942
2	0.00828	0.00647	0.00784	0.00650	0.00898	0.00543	0.00495	0.00991	0.00904	0.02598	0.03021	0.12397	0.03422	0.07866	0.12503	0.00220	0.00458	0.00515	0.04445	0.45816
3	0.00978	0.00876	0.04115	0.00708	0.01125	0.00631	0.00592	0.01194	0.00961	0.03425	0.00840	0.00967	0.00687	0.00349	0.00347	0.00073	0.00355	0.00279	0.00276	0.81220
4	0.00560	0.00410	0.00522	0.00611	0.00655	0.00377	0.00411	0.00643	0.00897	0.01174	0.02800	0.70370	0.13918	0.03534	0.00625	0.00189	0.00266	0.01241	0.00422	0.00373
5	0.00668	0.00445	0.00501	0.00501	0.00501	0.00445	0.00278	0.00668	0.00668	0.00890	0.01447	0.03004	0.01669	0.83866	0.02337	0.00445	0.00445	0.00668	0.00278	0.00278
6	0.87108	0.00888	0.00675	0.00604	0.00888	0.01030	0.00497	0.01350	0.00781	0.02060	0.00639	0.00746	0.00497	0.00426	0.00284	0.00142	0.00355	0.00249	0.00284	0.00497
7	0.12300	0.00794	0.01018	0.00791	0.01138	0.00718	0.00653	0.02130	0.01250	0.71777	0.01670	0.01464	0.01059	0.00551	0.00440	0.00142	0.00386	0.00436	0.00534	0.00747
8	0.01128	0.01082	0.01849	0.05264	0.78620	0.01089	0.01405	0.01402	0.01041	0.01490	0.00862	0.01139	0.00724	0.00411	0.00455	0.00137	0.00547	0.00409	0.00227	0.00721
9	0.00660	0.00491	0.00732	0.00732	0.00814	0.00571	0.00569	0.00825	0.00742	0.01079	0.01235	0.01802	0.01148	0.03384	0.80394	0.00725	0.01209	0.00491	0.01988	0.00410
10	0.03282	0.14009	0.01634	0.01201	0.01458	0.46510	0.10805	0.01601	0.01130	0.01189	0.01822	0.00924	0.00656	0.00499	0.00554	0.00132	0.11480	0.00340	0.00230	0.00546
11	0.00668	0.00445	0.00501	0.00501	0.00501	0.00445	0.00278	0.00668	0.00668	0.00890	0.01447	0.03004	0.01669	0.83866	0.02337	0.00445	0.00445	0.00668	0.00278	0.00278
12	0.01017	0.01071	0.03814	0.01325	0.04572	0.02614	0.09050	0.01195	0.02474	0.01185	0.00704	0.01074	0.00653	0.00820	0.04202	0.00209	0.62857	0.00419	0.00213	0.00530
13	0.00564	0.00403	0.00538	0.00645	0.00673	0.00377	0.00434	0.00647	0.00884	0.01177	0.02528	0.81506	0.03026	0.01434	0.00587	0.00187	0.00270	0.03318	0.00426	0.00374
14	0.01005	0.27712	0.50767	0.01104	0.01645	0.01277	0.01327	0.01385	0.00950	0.01321	0.02488	0.01008	0.00696	0.02828	0.00476	0.00141	0.02704	0.00332	0.00204	0.00629
15	0.76442	0.02799	0.07327	0.00675	0.00995	0.01058	0.00609	0.02997	0.00829	0.02007	0.00664	0.00771	0.00512	0.00429	0.00300	0.00141	0.00388	0.00259	0.00279	0.00520
16	0.00697	0.00502	0.00636	0.00593	0.00712	0.00473	0.00447	0.04236	0.01312	0.01852	0.71605	0.04996	0.06262	0.00929	0.00534	0.00144	0.00230	0.00817	0.02578	0.00445
17	0.00647	0.00469	0.00609	0.00574	0.00684	0.00432	0.00431	0.00860	0.01292	0.01824	0.78584	0.03458	0.06518	0.00945	0.00542	0.00145	0.00217	0.00834	0.00503	0.00432
18	0.01317	0.65348	0.02156	0.00877	0.01227	0.17708	0.00812	0.01457	0.00999	0.01090	0.00651	0.00763	0.00590	0.00421	0.00355	0.00105	0.03083	0.00260	0.00204	0.00575
19	0.00856	0.00428	0.00428	0.00428	0.00535	0.00428	0.00321	0.01070	0.00963	0.01712	0.01498	0.01712	0.01177	0.00535	0.00321	0.00107	0.00214	0.00428	0.86414	0.00428
20	0.00952	0.00816	0.00952	0.00680	0.01088	0.00612	0.00544	0.01156	0.00952	0.01496	0.00816	0.00952	0.00680	0.00340	0.00340	0.00068	0.00340	0.00272	0.00272	0.86672
21	0.00921	0.02375	0.81487	0.01309	0.01987	0.01066	0.01696	0.01454	0.00969	0.01454	0.00824	0.00969	0.00582	0.00436	0.00436	0.00145	0.00678	0.00339	0.00194	0.00678
22	0.00667	0.00446	0.00507	0.00507	0.00509	0.00448	0.00285	0.00671	0.00669	0.00895	0.01441	0.02975	0.01656	0.81882	0.04303	0.00452	0.00464	0.00663	0.00277	0.00281
23	0.00559	0.00401	0.00531	0.00635	0.00665	0.00373	0.00424	0.00640	0.00883	0.01174	0.02586	0.81479	0.05088	0.01431	0.00585	0.00186	0.00265	0.01296	0.00426	0.00373
24	0.00645	0.00469	0.00607	0.00572	0.00683	0.00431	0.00429	0.00857	0.01288	0.01814	0.77277	0.03475	0.07831	0.00949	0.00542	0.00145	0.00217	0.00837	0.00502	0.00431
25	0.01037	0.01075	0.01231	0.01091	0.01149	0.14286	0.00883	0.01155	0.00808	0.01099	0.00769	0.01165	0.00730	0.01375	0.20406	0.00315	0.50318	0.00406	0.00217	0.00485
26	0.00656	0.00449	0.00522	0.00534	0.00555	0.00438	0.00322	0.00684	0.00734	0.00980	0.02830	0.14938	0.04056	0.64404	0.01918	0.00381	0.00407	0.02729	0.00311	0.02152
27	0.00976	0.04859	0.05888	0.00818	0.03788	0.00734	0.01816	0.01232	0.03103	0.01485	0.00840	0.00974	0.00691	0.00359	0.00354	0.00080	0.00381	0.00290	0.00267	0.71065
28	0.01017	0.00799	0.00893	0.00835	0.01036	0.00883	0.00640	0.01885	0.50603	0.05778	0.10679	0.16162	0.02043	0.00822	0.00502	0.00161	0.00334	0.03834	0.00468	0.00624
29	0.00600	0.00416	0.00521	0.00588	0.00604	0.00400	0.00371	0.00650	0.00800	0.01067	0.02127	0.53576	0.02527	0.32122	0.01238	0.00283	0.00333	0.01068	0.00371	0.00338
30	0.00842	0.01113	0.22259	0.05642	0.06408	0.02440	0.00897	0.01220	0.07306	0.02615	0.25213	0.02324	0.13259	0.00711	0.00480	0.00144	0.00412	0.00603	0.05565	0.00545
31	0.01097	0.02895	0.04240	0.08520	0.69037	0.01082	0.01368	0.01372	0.01027	0.01457	0.00898	0.03303	0.00772	0.00440	0.00454	0.00138	0.00546	0.00427	0.00229	0.00697
32	0.00559	0.00400	0.00533	0.00639	0.00666	0.00373	0.00426	0.00639	0.00879	0.01172	0.02530	0.83566	0.03036	0.01438	0.00586	0.00186	0.00266	0.01305	0.00426	0.00373
33	0.07082	0.00761	0.00993	0.00774	0.01106	0.00677	0.00637	0.02094	0.01255	0.70449	0.01717	0.01525	0.01101	0.00557	0.00440	0.00139	0.00375	0.00446	0.07134	0.00737
34	0.02391	0.00948	0.03926	0.18810	0.24359	0.00955	0.02676	0.13059	0.01171	0.10315	0.01221	0.12747	0.01073	0.00645	0.00522	0.03203	0.00499	0.00539	0.00321	0.00620
35	0.01098	0.02630	0.12757	0.07910	0.59210	0.01091	0.01397	0.03658	0.01057	0.01502	0.00897	0.01211	0.00746	0.00441	0.00454	0.00140	0.00563	0.02309	0.00232	0.00697
36	0.00704	0.00540	0.00739	0.00713	0.00775	0.01559	0.01687	0.00822	0.00744	0.01054	0.03039	0.02113	0.01322	0.26142	0.48545	0.00579	0.06083	0.00541	0.01917	0.00383
37	0.80923	0.02739	0.00746	0.00634	0.00921	0.03200	0.00523	0.03248	0.00832	0.02034	0.00652	0.00756	0.00509	0.00430	0.00292	0.00140	0.00374	0.00254	0.00285	0.00507
38	0.00559	0.00400	0.00533	0.00639	0.00666	0.00373	0.00426	0.00639	0.00879	0.01172	0.02530	0.83566	0.03036	0.01438	0.00586	0.00186	0.00266	0.01305	0.00426	0.00373
39	0.01039	0.03871	0.37571	0.05433	0.32626	0.02858	0.07259	0.01432	0.01011	0.01444	0.00839	0.01056	0.00648	0.00423	0.00448	0.00141	0.00629	0.00381	0.00211	0.00680
40	0.00589	0.00409	0.00529	0.00618	0.00648	0.00386	0.00412	0.00673	0.00874	0.01188	0.03811	0.69111	0.02830	0.09136	0.00737	0.00206	0.00282	0.02388	0.04803	0.00369
