[name]
unknown

[dist]
# distance from previous block
# <min> <max>
5	160

[block]
# block no. 0 follows, 50 sequences, length 22
# corresponding to MSA columns:
# 315-336
name=unknown_A
#
# <colnr> <probs for GDERKNQSTAVLIFYWHMCP>
#	G	D	E	R	K	N	Q	S	T	A	V	L	I	F	Y	W	H	M	C	P
0	0.00996	0.00565	0.00688	0.00661	0.00836	0.00491	0.00493	0.01125	0.01146	0.20396	0.03534	0.29760	0.34980	0.01205	0.00583	0.00176	0.00306	0.01039	0.00500	0.00520
1	0.00878	0.01453	0.34336	0.01013	0.01443	0.00787	0.01079	0.01206	0.01015	0.01488	0.01508	0.28010	0.01543	0.00810	0.00502	0.00152	0.00498	0.00699	0.00315	0.21263
2	0.01304	0.01205	0.01955	0.01416	0.01874	0.01132	0.33328	0.20008	0.01413	0.01982	0.01014	0.01205	0.00773	0.00447	0.00494	0.00132	0.00613	0.00457	0.00326	0.28924
3	0.01446	0.01255	0.01864	0.01365	0.01809	0.01236	0.26330	0.33800	0.01637	0.02259	0.01058	0.01206	0.00791	0.00483	0.00497	0.00137	0.00602	0.00458	0.00367	0.21399
4	0.00721	0.00500	0.00629	0.00629	0.00659	0.00530	0.00409	0.00780	0.00750	0.01030	0.01492	0.02828	0.01624	0.56305	0.28457	0.00589	0.00766	0.00661	0.00290	0.00350
5	0.01294	0.01478	0.01849	0.01450	0.01750	0.27407	0.33295	0.01515	0.01145	0.01318	0.01066	0.01663	0.00975	0.20424	0.01016	0.00232	0.00773	0.00533	0.00266	0.00551
6	0.00982	0.01593	0.34706	0.01789	0.27477	0.00983	0.01402	0.01347	0.01056	0.01521	0.01360	0.20852	0.01333	0.00729	0.00520	0.00165	0.00580	0.00649	0.00284	0.00673
7	0.01487	0.00798	0.01031	0.00889	0.01151	0.00820	0.00710	0.01971	0.19970	0.34708	0.01772	0.01823	0.01308	0.01669	0.27099	0.00373	0.00720	0.00527	0.00474	0.00700
8	0.01035	0.00754	0.00883	0.00845	0.00996	0.00784	0.00624	0.26297	0.01416	0.01894	0.02232	0.55243	0.02483	0.01241	0.00590	0.00185	0.00375	0.01095	0.00475	0.00552
9	0.01312	0.00804	0.01030	0.20352	0.01592	0.00872	0.00788	0.07424	0.12795	0.17362	0.01542	0.01648	0.01124	0.00584	0.00450	0.00146	0.00424	0.00480	0.28630	0.00640
10	0.01016	0.01087	0.01055	0.27548	0.01802	0.20134	0.00855	0.01211	0.01157	0.01291	0.02624	0.02695	0.33960	0.00826	0.00525	0.00158	0.00547	0.00672	0.00332	0.00503
11	0.00887	0.00712	0.00909	0.00872	0.01025	0.00828	0.00678	0.01475	0.26622	0.01466	0.01566	0.01925	0.01338	0.02720	0.53913	0.00591	0.01022	0.00544	0.00347	0.00559
12	0.01022	0.01449	0.27251	0.00965	0.01506	0.00828	0.01006	0.01363	0.01040	0.01609	0.00889	0.01040	0.00703	0.00404	0.00404	0.00102	0.00491	0.00320	0.00267	0.57342
13	0.01297	0.01056	0.01300	0.20477	0.01850	0.01065	0.00902	0.26676	0.01460	0.02043	0.00989	0.01160	0.00757	0.00477	0.00444	0.00121	0.00501	0.00382	0.00345	0.36697
14	0.00908	0.00454	0.00526	0.00526	0.00604	0.00454	0.00377	0.00991	0.00914	0.01528	0.01373	0.01744	0.01141	0.00963	0.00880	0.28500	0.00299	0.00454	0.56982	0.00382
15	0.37127	0.00964	0.00929	0.00770	0.01117	0.00997	0.00617	0.01683	0.19802	0.01996	0.01083	0.01140	0.00845	0.00484	0.00377	0.00131	0.00382	0.00350	0.00352	0.28854
16	0.00807	0.00675	0.01051	0.34883	0.01920	0.00778	0.00895	0.01070	0.01087	0.01486	0.27000	0.02278	0.02149	0.01460	0.20001	0.00318	0.00685	0.00618	0.00341	0.00500
17	0.00889	0.00788	0.01263	0.61634	0.02730	0.00956	0.01121	0.01140	0.00931	0.01199	0.01053	0.01799	0.00944	0.20452	0.00995	0.00243	0.00620	0.00512	0.00241	0.00492
18	0.01297	0.01089	0.01478	0.01802	0.34347	0.01119	0.01056	0.26657	0.01537	0.02063	0.02024	0.02089	0.19885	0.00695	0.00518	0.00153	0.00495	0.00594	0.00383	0.00719
19	0.01055	0.00849	0.00922	0.00739	0.01054	0.00776	0.00588	0.19634	0.01396	0.01876	0.02728	0.02670	0.34035	0.00804	0.00494	0.00132	0.00363	0.00654	0.00416	0.28818
20	0.00667	0.00492	0.00527	0.00527	0.00599	0.00457	0.00335	0.00721	0.00899	0.01128	0.03046	0.03913	0.34627	0.48030	0.01711	0.00350	0.00385	0.00864	0.00370	0.00352
21	0.00607	0.00434	0.00578	0.00694	0.00723	0.00405	0.00463	0.00694	0.00954	0.01272	0.02747	0.82157	0.03297	0.01562	0.00636	0.00202	0.00289	0.01417	0.00463	0.00405

[dist]
# distance from previous block
# <min> <max>
0	2

[block]
# block no. 1 follows, 50 sequences, length 48
# corresponding to MSA columns:
# 339-386
name=unknown_B
#
# <colnr> <probs for GDERKNQSTAVLIFYWHMCP>
#	G	D	E	R	K	N	Q	S	T	A	V	L	I	F	Y	W	H	M	C	P
0	0.00958	0.02359	0.71636	0.01335	0.02005	0.01080	0.01694	0.01488	0.01052	0.01551	0.01207	0.05470	0.04859	0.00571	0.00488	0.00161	0.00688	0.00459	0.00237	0.00703
1	0.77184	0.00964	0.00776	0.00689	0.00990	0.01115	0.00565	0.05405	0.00924	0.02227	0.00754	0.00890	0.00593	0.00640	0.04494	0.00188	0.00443	0.00293	0.00316	0.00551
2	0.01201	0.01139	0.01901	0.02830	0.71213	0.01147	0.01436	0.01544	0.05152	0.01634	0.01089	0.05480	0.00958	0.00514	0.00502	0.00152	0.00566	0.00501	0.00272	0.00769
3	0.00868	0.00581	0.00810	0.00905	0.01029	0.00573	0.00782	0.01088	0.01152	0.05553	0.02610	0.09403	0.02806	0.01347	0.00676	0.00224	0.00448	0.68202	0.00467	0.00476
4	0.00853	0.00595	0.00856	0.00824	0.00944	0.00677	0.00646	0.04970	0.00914	0.05351	0.01361	0.01905	0.01225	0.03412	0.72176	0.00733	0.01247	0.00528	0.00297	0.00487
5	0.86003	0.00964	0.00733	0.00655	0.00964	0.01118	0.00540	0.01465	0.00848	0.02236	0.00694	0.00810	0.00540	0.00463	0.00308	0.00154	0.00386	0.00270	0.00308	0.00540
6	0.00941	0.00886	0.01495	0.81285	0.03433	0.01107	0.01384	0.01274	0.00997	0.01274	0.00886	0.01329	0.00664	0.00498	0.00498	0.00166	0.00664	0.00443	0.00221	0.00554
7	0.01862	0.02376	0.01413	0.01284	0.01541	0.80482	0.00963	0.01990	0.01413	0.01220	0.00770	0.00899	0.00642	0.00514	0.00449	0.00128	0.00899	0.00321	0.00257	0.00578
8	0.01000	0.02578	0.79900	0.01421	0.02157	0.01158	0.01842	0.01579	0.01052	0.01579	0.00895	0.01052	0.00631	0.00474	0.00474	0.00158	0.00737	0.00368	0.00210	0.00737
9	0.00607	0.00434	0.00578	0.00694	0.00723	0.00405	0.00463	0.00694	0.00954	0.01272	0.02747	0.82157	0.03297	0.01562	0.00636	0.00202	0.00289	0.01417	0.00463	0.00405
10	0.00589	0.00505	0.00505	0.00505	0.00673	0.00421	0.00379	0.00715	0.01136	0.01347	0.05049	0.04797	0.79171	0.01262	0.00589	0.00168	0.00252	0.01052	0.00463	0.00421
11	0.02236	0.00848	0.01157	0.00887	0.01272	0.00733	0.00733	0.02429	0.01427	0.79719	0.01966	0.01697	0.01234	0.00617	0.00501	0.00154	0.00424	0.00501	0.00617	0.00848
12	0.00941	0.00886	0.01495	0.81285	0.03433	0.01107	0.01384	0.01274	0.00997	0.01274	0.00886	0.01329	0.00664	0.00498	0.00498	0.00166	0.00664	0.00443	0.00221	0.00554
13	0.00712	0.00534	0.00801	0.00801	0.00890	0.00623	0.00623	0.00890	0.00801	0.01157	0.01335	0.01958	0.01246	0.03738	0.80507	0.00801	0.01335	0.00534	0.00267	0.00445
14	0.00589	0.00505	0.00505	0.00505	0.00673	0.00421	0.00379	0.00715	0.01136	0.01347	0.05049	0.04797	0.79171	0.01262	0.00589	0.00168	0.00252	0.01052	0.00463	0.00421
15	0.01234	0.01184	0.02023	0.03059	0.79373	0.01184	0.01530	0.01530	0.01135	0.01628	0.00938	0.01234	0.00790	0.00444	0.00493	0.00148	0.00592	0.00444	0.00247	0.00790
16	0.00607	0.00434	0.00578	0.00694	0.00723	0.00405	0.00463	0.00694	0.00954	0.01272	0.02747	0.82157	0.03297	0.01562	0.00636	0.00202	0.00289	0.01417	0.00463	0.00405
17	0.00941	0.00886	0.01495	0.81285	0.03433	0.01107	0.01384	0.01274	0.00997	0.01274	0.00886	0.01329	0.00664	0.00498	0.00498	0.00166	0.00664	0.00443	0.00221	0.00554
18	0.01240	0.01071	0.01127	0.01014	0.01296	0.01240	0.00789	0.02649	0.78473	0.02085	0.02029	0.01860	0.01522	0.00676	0.00507	0.00169	0.00394	0.00564	0.00507	0.00789
19	0.86003	0.00964	0.00733	0.00655	0.00964	0.01118	0.00540	0.01465	0.00848	0.02236	0.00694	0.00810	0.00540	0.00463	0.00308	0.00154	0.00386	0.00270	0.00308	0.00540
20	0.01234	0.01184	0.02023	0.03059	0.79373	0.01184	0.01530	0.01530	0.01135	0.01628	0.00938	0.01234	0.00790	0.00444	0.00493	0.00148	0.00592	0.00444	0.00247	0.00790
21	0.01240	0.01071	0.01127	0.01014	0.01296	0.01240	0.00789	0.02649	0.78473	0.02085	0.02029	0.01860	0.01522	0.00676	0.00507	0.00169	0.00394	0.00564	0.00507	0.00789
22	0.00941	0.00886	0.01495	0.81285	0.03433	0.01107	0.01384	0.01274	0.00997	0.01274	0.00886	0.01329	0.00664	0.00498	0.00498	0.00166	0.00664	0.00443	0.00221	0.00554
23	0.01240	0.01071	0.01127	0.01014	0.01296	0.01240	0.00789	0.02649	0.78473	0.02085	0.02029	0.01860	0.01522	0.00676	0.00507	0.00169	0.00394	0.00564	0.00507	0.00789
24	0.00941	0.00886	0.01495	0.81285	0.03433	0.01107	0.01384	0.01274	0.00997	0.01274	0.00886	0.01329	0.00664	0.00498	0.00498	0.00166	0.00664	0.00443	0.00221	0.00554
25	0.01234	0.01184	0.02023	0.03059	0.79373	0.01184	0.01530	0.01530	0.01135	0.01628	0.00938	0.01234	0.00790	0.00444	0.00493	0.00148	0.00592	0.00444	0.00247	0.00790
26	0.01176	0.01345	0.02941	0.02101	0.02605	0.01261	0.77563	0.01597	0.01176	0.01597	0.01008	0.01345	0.00756	0.00420	0.00588	0.00168	0.00840	0.00588	0.00252	0.00672
27	0.00705	0.00510	0.00666	0.00627	0.00745	0.00470	0.00470	0.00941	0.01411	0.01999	0.79110	0.03723	0.04703	0.01019	0.00588	0.00157	0.00235	0.00901	0.00549	0.00470
28	0.01895	0.01396	0.01496	0.01147	0.01546	0.01546	0.00947	0.77711	0.02344	0.03141	0.01197	0.01197	0.00848	0.00598	0.00499	0.00150	0.00548	0.00449	0.00499	0.00848
29	0.01895	0.01396	0.01496	0.01147	0.01546	0.01546	0.00947	0.77711	0.02344	0.03141	0.01197	0.01197	0.00848	0.00598	0.00499	0.00150	0.00548	0.00449	0.00499	0.00848
30	0.01091	0.01091	0.01527	0.01309	0.01309	0.01527	0.01091	0.01200	0.00763	0.01200	0.00654	0.01091	0.00654	0.00872	0.01636	0.00218	0.81570	0.00436	0.00218	0.00545
31	0.00589	0.00505	0.00505	0.00505	0.00673	0.00421	0.00379	0.00715	0.01136	0.01347	0.05049	0.04797	0.79171	0.01262	0.00589	0.00168	0.00252	0.01052	0.00463	0.00421
32	0.01176	0.01345	0.02941	0.02101	0.02605	0.01261	0.77563	0.01597	0.01176	0.01597	0.01008	0.01345	0.00756	0.00420	0.00588	0.00168	0.00840	0.00588	0.00252	0.00672
33	0.00705	0.00510	0.00666	0.00627	0.00745	0.00470	0.00470	0.00941	0.01411	0.01999	0.79110	0.03723	0.04703	0.01019	0.00588	0.00157	0.00235	0.00901	0.00549	0.00470
34	0.00607	0.00434	0.00578	0.00694	0.00723	0.00405	0.00463	0.00694	0.00954	0.01272	0.02747	0.82157	0.03297	0.01562	0.00636	0.00202	0.00289	0.01417	0.00463	0.00405
35	0.02236	0.00848	0.01157	0.00887	0.01272	0.00733	0.00733	0.02429	0.01427	0.79719	0.01966	0.01697	0.01234	0.00617	0.00501	0.00154	0.00424	0.00501	0.00617	0.00848
36	0.00941	0.00886	0.01495	0.81285	0.03433	0.01107	0.01384	0.01274	0.00997	0.01274	0.00886	0.01329	0.00664	0.00498	0.00498	0.00166	0.00664	0.00443	0.00221	0.00554
37	0.00941	0.00886	0.01495	0.81285	0.03433	0.01107	0.01384	0.01274	0.00997	0.01274	0.00886	0.01329	0.00664	0.00498	0.00498	0.00166	0.00664	0.00443	0.00221	0.00554
38	0.01224	0.01175	0.02007	0.05525	0.76980	0.01182	0.01525	0.01522	0.01131	0.01617	0.00936	0.01237	0.00786	0.00446	0.00494	0.00149	0.00594	0.00444	0.00246	0.00782
39	0.00607	0.00434	0.00578	0.00694	0.00723	0.00405	0.00463	0.00694	0.00954	0.01272	0.02747	0.82157	0.03297	0.01562	0.00636	0.00202	0.00289	0.01417	0.00463	0.00405
40	0.00941	0.00886	0.01495	0.81285	0.03433	0.01107	0.01384	0.01274	0.00997	0.01274	0.00886	0.01329	0.00664	0.00498	0.00498	0.00166	0.00664	0.00443	0.00221	0.00554
41	0.01000	0.02578	0.79900	0.01421	0.02157	0.01158	0.01842	0.01579	0.01052	0.01579	0.00895	0.01052	0.00631	0.00474	0.00474	0.00158	0.00737	0.00368	0.00210	0.00737
42	0.00590	0.00500	0.00510	0.00519	0.00677	0.00420	0.00385	0.00714	0.01123	0.01341	0.04879	0.10534	0.73545	0.01285	0.00593	0.00171	0.00255	0.01079	0.00463	0.00420
43	0.01176	0.01345	0.02941	0.02101	0.02605	0.01261	0.77563	0.01597	0.01176	0.01597	0.01008	0.01345	0.00756	0.00420	0.00588	0.00168	0.00840	0.00588	0.00252	0.00672
44	0.02236	0.00848	0.01157	0.00887	0.01272	0.00733	0.00733	0.02429	0.01427	0.79719	0.01966	0.01697	0.01234	0.00617	0.00501	0.00154	0.00424	0.00501	0.00617	0.00848
45	0.01234	0.01184	0.02023	0.03059	0.79373	0.01184	0.01530	0.01530	0.01135	0.01628	0.00938	0.01234	0.00790	0.00444	0.00493	0.00148	0.00592	0.00444	0.00247	0.00790
46	0.00605	0.00443	0.00568	0.00668	0.00716	0.00407	0.00451	0.00697	0.00979	0.01282	0.03058	0.71699	0.13554	0.01521	0.00630	0.00198	0.00284	0.01368	0.00463	0.00407
47	0.01234	0.01184	0.02023	0.03059	0.79373	0.01184	0.01530	0.01530	0.01135	0.01628	0.00938	0.01234	0.00790	0.00444	0.00493	0.00148	0.00592	0.00444	0.00247	0.00790

[dist]
# distance from previous block
# <min> <max>
1	236

[block]
# block no. 2 follows, 50 sequences, length 9
# corresponding to MSA columns:
# 656-664
name=unknown_C
#
# <colnr> <probs for GDERKNQSTAVLIFYWHMCP>
#	G	D	E	R	K	N	Q	S	T	A	V	L	I	F	Y	W	H	M	C	P
0	0.00725	0.00483	0.00544	0.00544	0.00544	0.00483	0.00302	0.00725	0.00725	0.00966	0.01571	0.03262	0.01812	0.82483	0.02537	0.00483	0.00483	0.00725	0.00302	0.00302
1	0.00866	0.00433	0.00649	0.00649	0.00649	0.00433	0.00433	0.00649	0.00649	0.00866	0.00866	0.01515	0.00866	0.01732	0.01948	0.85498	0.00433	0.00433	0.00216	0.00216
2	0.01176	0.01345	0.02941	0.02101	0.02605	0.01261	0.77563	0.01597	0.01176	0.01597	0.01008	0.01345	0.00756	0.00420	0.00588	0.00168	0.00840	0.00588	0.00252	0.00672
3	0.01034	0.00886	0.01034	0.00738	0.01181	0.00664	0.00591	0.01255	0.01034	0.01624	0.00886	0.01034	0.00738	0.00369	0.00369	0.00074	0.00369	0.00295	0.00295	0.85530
4	0.86003	0.00964	0.00733	0.00655	0.00964	0.01118	0.00540	0.01465	0.00848	0.02236	0.00694	0.00810	0.00540	0.00463	0.00308	0.00154	0.00386	0.00270	0.00308	0.00540
5	0.00607	0.00434	0.00578	0.00694	0.00723	0.00405	0.00463	0.00694	0.00954	0.01272	0.02747	0.82157	0.03297	0.01562	0.00636	0.00202	0.00289	0.01417	0.00463	0.00405
6	0.01176	0.01345	0.02941	0.02101	0.02605	0.01261	0.77563	0.01597	0.01176	0.01597	0.01008	0.01345	0.00756	0.00420	0.00588	0.00168	0.00840	0.00588	0.00252	0.00672
7	0.01263	0.00879	0.01057	0.00767	0.01199	0.00677	0.00618	0.01479	0.01109	0.16508	0.01092	0.01160	0.00833	0.00416	0.00394	0.00089	0.00380	0.00335	0.00357	0.69391
8	0.69974	0.01046	0.00878	0.00749	0.01075	0.01200	0.00617	0.15996	0.01133	0.02409	0.00790	0.00883	0.00598	0.00489	0.00345	0.00153	0.00417	0.00304	0.00345	0.00598

[dist]
# distance from previous block
# <min> <max>
4	9

[block]
# block no. 3 follows, 50 sequences, length 9
# corresponding to MSA columns:
# 687-695
name=unknown_D
#
# <colnr> <probs for GDERKNQSTAVLIFYWHMCP>
#	G	D	E	R	K	N	Q	S	T	A	V	L	I	F	Y	W	H	M	C	P
0	0.00686	0.00509	0.00640	0.00607	0.00733	0.00462	0.00455	0.00904	0.01366	0.01892	0.66938	0.03900	0.16942	0.01059	0.00588	0.00159	0.00238	0.00926	0.00535	0.00462
1	0.01234	0.01184	0.02023	0.03059	0.79373	0.01184	0.01530	0.01530	0.01135	0.01628	0.00938	0.01234	0.00790	0.00444	0.00493	0.00148	0.00592	0.00444	0.00247	0.00790
2	0.01034	0.00886	0.01034	0.00738	0.01181	0.00664	0.00591	0.01255	0.01034	0.01624	0.00886	0.01034	0.00738	0.00369	0.00369	0.00074	0.00369	0.00295	0.00295	0.85530
3	0.00725	0.00483	0.00544	0.00544	0.00544	0.00483	0.00302	0.00725	0.00725	0.00966	0.01571	0.03262	0.01812	0.82483	0.02537	0.00483	0.00483	0.00725	0.00302	0.00302
4	0.01628	0.00972	0.01162	0.00883	0.01284	0.00883	0.00718	0.14429	0.07934	0.30137	0.01424	0.01370	0.01002	0.00523	0.00450	0.00123	0.00421	0.00418	0.00463	0.33776
5	0.17680	0.01248	0.02242	0.01642	0.02088	0.01235	0.49888	0.08557	0.04006	0.01881	0.00997	0.01234	0.00750	0.00452	0.00514	0.00160	0.00691	0.00502	0.00296	0.03937
6	0.06482	0.01046	0.01483	0.01097	0.01521	0.00957	0.15923	0.11690	0.03630	0.18294	0.01201	0.01268	0.00872	0.00476	0.00458	0.00127	0.00499	0.00423	0.00388	0.32162
7	0.19101	0.00916	0.01024	0.00810	0.01165	0.00879	0.00657	0.09099	0.05629	0.25330	0.08418	0.01494	0.01263	0.00562	0.00436	0.00135	0.00396	0.00437	0.00449	0.21801
8	0.08620	0.00596	0.00820	0.00794	0.00924	0.00676	0.00623	0.01051	0.00849	0.06795	0.01321	0.01835	0.01181	0.03219	0.67532	0.00696	0.01184	0.00508	0.00295	0.00482

[dist]
# distance from previous block
# <min> <max>
13	59

[block]
# block no. 4 follows, 50 sequences, length 33
# corresponding to MSA columns:
# 758-779,781-791
name=unknown_E
#
# <colnr> <probs for GDERKNQSTAVLIFYWHMCP>
#	G	D	E	R	K	N	Q	S	T	A	V	L	I	F	Y	W	H	M	C	P
0	0.04227	0.08644	0.02198	0.01546	0.01911	0.01161	0.43929	0.01424	0.01097	0.05091	0.01418	0.12332	0.04960	0.00662	0.00638	0.00170	0.07009	0.00666	0.00303	0.00614
1	0.01506	0.02887	0.02946	0.00909	0.01274	0.00879	0.03261	0.08621	0.11626	0.27812	0.11506	0.01730	0.01524	0.00602	0.00480	0.00136	0.00417	0.00502	0.00476	0.20906
2	0.01478	0.01012	0.01545	0.01135	0.01557	0.00895	0.18860	0.08475	0.01315	0.24400	0.04858	0.01438	0.01078	0.00503	0.00481	0.00130	0.00506	0.00466	0.00408	0.29461
3	0.01454	0.00910	0.01115	0.00828	0.01234	0.00766	0.00672	0.05760	0.01216	0.25794	0.01228	0.01249	0.00894	0.00477	0.00464	0.00108	0.03434	0.00372	0.00403	0.51622
4	0.01097	0.00976	0.01440	0.01039	0.01480	0.00800	0.17184	0.01383	0.02582	0.04113	0.03277	0.01217	0.00890	0.00413	0.00430	0.00101	0.00469	0.00388	0.00308	0.60414
5	0.01039	0.00807	0.00964	0.00740	0.01109	0.00625	0.00578	0.01235	0.01045	0.06603	0.01273	0.14891	0.01206	0.00588	0.00423	0.00101	0.00359	0.00500	0.00345	0.65571
6	0.01063	0.00860	0.01009	0.00750	0.01139	0.00693	0.00598	0.06163	0.01185	0.03372	0.13094	0.01476	0.01372	0.00490	0.00414	0.00093	0.00361	0.00404	0.00354	0.65111
7	0.00866	0.00433	0.00649	0.00649	0.00649	0.00433	0.00433	0.00649	0.00649	0.00866	0.00866	0.01515	0.00866	0.01732	0.01948	0.85498	0.00433	0.00433	0.00216	0.00216
8	0.01017	0.06701	0.75927	0.01391	0.02112	0.01199	0.01791	0.01574	0.01050	0.01558	0.00884	0.01039	0.00632	0.00471	0.00466	0.00155	0.00726	0.00363	0.00211	0.00732
9	0.86003	0.00964	0.00733	0.00655	0.00964	0.01118	0.00540	0.01465	0.00848	0.02236	0.00694	0.00810	0.00540	0.00463	0.00308	0.00154	0.00386	0.00270	0.00308	0.00540
10	0.00950	0.00895	0.01511	0.78948	0.05702	0.01110	0.01389	0.01281	0.01001	0.01284	0.00887	0.01326	0.00668	0.00497	0.00498	0.00166	0.00662	0.00443	0.00222	0.00561
11	0.02163	0.00877	0.01164	0.00902	0.01281	0.00787	0.00742	0.04463	0.06422	0.72655	0.01950	0.01694	0.01242	0.00620	0.00502	0.00155	0.00426	0.00504	0.00607	0.00844
12	0.00589	0.00505	0.00505	0.00505	0.00673	0.00421	0.00379	0.00715	0.01136	0.01347	0.05049	0.04797	0.79171	0.01262	0.00589	0.00168	0.00252	0.01052	0.00463	0.00421
13	0.02236	0.00848	0.01157	0.00887	0.01272	0.00733	0.00733	0.02429	0.01427	0.79719	0.01966	0.01697	0.01234	0.00617	0.00501	0.00154	0.00424	0.00501	0.00617	0.00848
14	0.01265	0.01083	0.01141	0.01019	0.01306	0.01252	0.00795	0.05530	0.75551	0.02126	0.01997	0.01834	0.01496	0.00673	0.00507	0.00168	0.00400	0.00559	0.00507	0.00791
15	0.01142	0.01110	0.01525	0.01298	0.01324	0.01528	0.01081	0.06136	0.00865	0.01325	0.00689	0.01097	0.00667	0.00855	0.01562	0.00214	0.76343	0.00437	0.00236	0.00565
16	0.01234	0.01184	0.02023	0.03059	0.79373	0.01184	0.01530	0.01530	0.01135	0.01628	0.00938	0.01234	0.00790	0.00444	0.00493	0.00148	0.00592	0.00444	0.00247	0.00790
17	0.00633	0.00444	0.00571	0.00662	0.00684	0.00422	0.00428	0.00701	0.00905	0.01206	0.02494	0.65155	0.02977	0.19001	0.01046	0.00263	0.00331	0.01268	0.00428	0.00383
18	0.00941	0.00886	0.01495	0.81285	0.03433	0.01107	0.01384	0.01274	0.00997	0.01274	0.00886	0.01329	0.00664	0.00498	0.00498	0.00166	0.00664	0.00443	0.00221	0.00554
19	0.00607	0.00434	0.00578	0.00694	0.00723	0.00405	0.00463	0.00694	0.00954	0.01272	0.02747	0.82157	0.03297	0.01562	0.00636	0.00202	0.00289	0.01417	0.00463	0.00405
20	0.00684	0.00493	0.00647	0.00642	0.00740	0.00456	0.00469	0.00887	0.01313	0.01842	0.62653	0.20627	0.04400	0.01136	0.00598	0.00167	0.00247	0.01013	0.00530	0.00456
21	0.01000	0.02578	0.79900	0.01421	0.02157	0.01158	0.01842	0.01579	0.01052	0.01579	0.00895	0.01052	0.00631	0.00474	0.00474	0.00158	0.00737	0.00368	0.00210	0.00737
22	0.00724	0.00485	0.00551	0.00551	0.00554	0.00487	0.00312	0.00730	0.00727	0.00972	0.01563	0.03222	0.01795	0.80095	0.04901	0.00493	0.00509	0.00719	0.00301	0.00306
23	0.01796	0.01347	0.01440	0.01127	0.01508	0.01499	0.00923	0.66346	0.13871	0.02981	0.01323	0.01297	0.00950	0.00610	0.00500	0.00153	0.00525	0.00466	0.00500	0.00839
24	0.06638	0.00854	0.01134	0.00875	0.01256	0.00753	0.00722	0.02378	0.01396	0.75647	0.01900	0.01650	0.01197	0.00609	0.00491	0.00154	0.00422	0.00489	0.00601	0.00832
25	0.00722	0.00495	0.00606	0.00606	0.00627	0.00517	0.00379	0.00765	0.00743	0.01012	0.01514	0.02947	0.01676	0.63488	0.21345	0.00560	0.00689	0.00679	0.00294	0.00337
26	0.00787	0.00563	0.00781	0.00870	0.00985	0.00557	0.00748	0.01017	0.01191	0.01576	0.15301	0.05308	0.03172	0.01318	0.00672	0.00217	0.00422	0.63581	0.00474	0.00461
27	0.01027	0.08119	0.72831	0.01396	0.02106	0.01216	0.03449	0.01573	0.01052	0.01551	0.00883	0.01041	0.00635	0.00469	0.00465	0.00155	0.00725	0.00366	0.00212	0.00728
28	0.01152	0.01145	0.01818	0.01406	0.01709	0.04774	0.30571	0.11339	0.03151	0.01668	0.01849	0.04235	0.15936	0.00745	0.00748	0.00175	0.14211	0.02419	0.00336	0.00612
29	0.01170	0.01221	0.02409	0.05262	0.02274	0.01177	0.53558	0.01552	0.03018	0.03691	0.01009	0.01303	0.00773	0.00464	0.00632	0.00159	0.07123	0.00526	0.00270	0.12408
30	0.01119	0.01133	0.01475	0.64889	0.03041	0.13215	0.01294	0.03938	0.02609	0.01343	0.00901	0.01269	0.00684	0.00507	0.00491	0.00160	0.00691	0.00427	0.00242	0.00572
31	0.01231	0.52695	0.13747	0.15865	0.01818	0.04705	0.01101	0.01484	0.01031	0.01253	0.00761	0.00939	0.00643	0.00450	0.00381	0.00126	0.00601	0.00316	0.00216	0.00636
32	0.01186	0.12059	0.24477	0.01330	0.01868	0.01155	0.21562	0.03011	0.01122	0.06023	0.00964	0.01133	0.00730	0.00439	0.00461	0.00133	0.00629	0.00406	0.00271	0.21043

[dist]
# distance from previous block
# <min> <max>
1	11

[block]
# block no. 5 follows, 50 sequences, length 11
# corresponding to MSA columns:
# 805-815
name=unknown_F
#
# <colnr> <probs for GDERKNQSTAVLIFYWHMCP>
#	G	D	E	R	K	N	Q	S	T	A	V	L	I	F	Y	W	H	M	C	P
0	0.01290	0.01182	0.01761	0.01435	0.04134	0.07867	0.20630	0.01512	0.01054	0.10989	0.03060	0.01326	0.00897	0.00788	0.04752	0.00204	0.30067	0.00481	0.00296	0.06275
1	0.01123	0.01107	0.01977	0.29624	0.36606	0.01174	0.15251	0.01494	0.03876	0.01517	0.00972	0.01309	0.00767	0.00467	0.00513	0.00159	0.00655	0.00474	0.00248	0.00687
2	0.01091	0.01091	0.01527	0.01309	0.01309	0.01527	0.01091	0.01200	0.00763	0.01200	0.00654	0.01091	0.00654	0.00872	0.01636	0.00218	0.81570	0.00436	0.00218	0.00545
3	0.00607	0.00434	0.00578	0.00694	0.00723	0.00405	0.00463	0.00694	0.00954	0.01272	0.02747	0.82157	0.03297	0.01562	0.00636	0.00202	0.00289	0.01417	0.00463	0.00405
4	0.00725	0.00483	0.00544	0.00544	0.00544	0.00483	0.00302	0.00725	0.00725	0.00966	0.01571	0.03262	0.01812	0.82483	0.02537	0.00483	0.00483	0.00725	0.00302	0.00302
5	0.00705	0.00510	0.00666	0.00627	0.00745	0.00470	0.00470	0.00941	0.01411	0.01999	0.79110	0.03723	0.04703	0.01019	0.00588	0.00157	0.00235	0.00901	0.00549	0.00470
6	0.01108	0.01142	0.01813	0.01469	0.01571	0.01473	0.16559	0.01280	0.00847	0.01280	0.00726	0.01142	0.00675	0.00781	0.01424	0.00208	0.65240	0.00467	0.00225	0.00571
7	0.00592	0.00492	0.00518	0.00540	0.00682	0.00418	0.00394	0.00711	0.01103	0.01333	0.04627	0.18978	0.65263	0.01317	0.00598	0.00175	0.00259	0.01119	0.00463	0.00418
8	0.75936	0.01105	0.03621	0.00730	0.01055	0.04932	0.00621	0.04219	0.00936	0.02197	0.00723	0.00836	0.00559	0.00470	0.00328	0.00153	0.00429	0.00282	0.00309	0.00560
9	0.79910	0.00995	0.00788	0.00691	0.01006	0.01149	0.00569	0.06989	0.00957	0.02302	0.00730	0.00838	0.00562	0.00473	0.00322	0.00154	0.00397	0.00283	0.00322	0.00562
10	0.01434	0.01121	0.01407	0.01452	0.19365	0.01153	0.00955	0.26312	0.14180	0.06501	0.06911	0.01499	0.01228	0.00571	0.00485	0.00141	0.00476	0.00478	0.00420	0.13908

[dist]
# distance from previous block
# <min> <max>
0	2

[block]
# block no. 6 follows, 50 sequences, length 7
# corresponding to MSA columns:
# 819-825
name=unknown_G
#
# <colnr> <probs for GDERKNQSTAVLIFYWHMCP>
#	G	D	E	R	K	N	Q	S	T	A	V	L	I	F	Y	W	H	M	C	P
0	0.01389	0.01097	0.01186	0.01000	0.01297	0.01226	0.00795	0.29388	0.38647	0.02451	0.14160	0.01922	0.01792	0.00703	0.00517	0.00160	0.00424	0.00577	0.00511	0.00759
1	0.00714	0.00526	0.00763	0.00763	0.00838	0.00602	0.00575	0.00865	0.00790	0.01129	0.01370	0.02153	0.01331	0.15529	0.68833	0.00753	0.01208	0.00563	0.00272	0.00424
2	0.15507	0.01037	0.01168	0.00934	0.01294	0.01074	0.00763	0.20971	0.13408	0.36301	0.01580	0.01455	0.01070	0.00597	0.00470	0.00155	0.00444	0.00461	0.00521	0.00789
3	0.01333	0.82783	0.02612	0.00853	0.01279	0.01972	0.00853	0.01493	0.01013	0.01173	0.00693	0.00800	0.00640	0.00426	0.00320	0.00107	0.00533	0.00267	0.00213	0.00640
4	0.01077	0.00915	0.01089	0.05771	0.01342	0.00743	0.00660	0.05652	0.01107	0.01690	0.00904	0.01061	0.00740	0.00390	0.00385	0.00084	0.00398	0.00313	0.00302	0.75376
5	0.00646	0.00490	0.00719	0.00771	0.00832	0.00458	0.04896	0.00760	0.00993	0.01333	0.07038	0.73001	0.03232	0.01465	0.00631	0.00198	0.00318	0.01340	0.00456	0.00424
6	0.00671	0.00780	0.13370	0.00811	0.00954	0.00526	0.00685	0.00837	0.00970	0.01322	0.02448	0.69078	0.02867	0.01386	0.00610	0.00195	0.00361	0.01248	0.00422	0.00458

[dist]
# distance from previous block
# <min> <max>
0	1

[block]
# block no. 7 follows, 50 sequences, length 41
# corresponding to MSA columns:
# 835-875
name=unknown_H
#
# <colnr> <probs for GDERKNQSTAVLIFYWHMCP>
#	G	D	E	R	K	N	Q	S	T	A	V	L	I	F	Y	W	H	M	C	P
0	0.01957	0.01016	0.01239	0.02765	0.01389	0.01019	0.00807	0.20111	0.14802	0.46722	0.01772	0.01599	0.01180	0.00620	0.00502	0.00156	0.00454	0.00498	0.00562	0.00831
1	0.00701	0.00509	0.00661	0.00623	0.00742	0.00469	0.00467	0.00933	0.01401	0.01976	0.76514	0.03761	0.07313	0.01028	0.00588	0.00157	0.00236	0.00907	0.00546	0.00469
2	0.01364	0.78018	0.02541	0.00878	0.01295	0.06624	0.00859	0.01522	0.01036	0.01176	0.00698	0.00805	0.00640	0.00432	0.00328	0.00108	0.00555	0.00270	0.00216	0.00636
3	0.00677	0.00508	0.00627	0.00598	0.00727	0.00458	0.00448	0.00886	0.01345	0.01842	0.61278	0.03982	0.22633	0.01078	0.00588	0.00160	0.00239	0.00938	0.00528	0.00458
4	0.01018	0.00998	0.01794	0.58284	0.13484	0.01142	0.13441	0.01359	0.01044	0.01372	0.00912	0.01319	0.00696	0.00479	0.00512	0.00164	0.00683	0.00466	0.00230	0.00604
5	0.01166	0.01418	0.07501	0.02061	0.02579	0.01254	0.73076	0.01596	0.01169	0.01596	0.01002	0.01327	0.00749	0.00423	0.00581	0.00167	0.00834	0.00575	0.00250	0.00676
6	0.00589	0.00505	0.00505	0.00505	0.00673	0.00421	0.00379	0.00715	0.01136	0.01347	0.05049	0.04797	0.79171	0.01262	0.00589	0.00168	0.00252	0.01052	0.00463	0.00421
7	0.01052	0.00934	0.00965	0.00898	0.01046	0.13351	0.00688	0.11228	0.01095	0.01411	0.01251	0.01817	0.01153	0.10504	0.49639	0.00577	0.01079	0.00508	0.00300	0.00505
8	0.01333	0.82783	0.02612	0.00853	0.01279	0.01972	0.00853	0.01493	0.01013	0.01173	0.00693	0.00800	0.00640	0.00426	0.00320	0.00107	0.00533	0.00267	0.00213	0.00640
9	0.01234	0.01184	0.02023	0.03059	0.79373	0.01184	0.01530	0.01530	0.01135	0.01628	0.00938	0.01234	0.00790	0.00444	0.00493	0.00148	0.00592	0.00444	0.00247	0.00790
10	0.00725	0.00483	0.00544	0.00544	0.00544	0.00483	0.00302	0.00725	0.00725	0.00966	0.01571	0.03262	0.01812	0.82483	0.02537	0.00483	0.00483	0.00725	0.00302	0.00302
11	0.01034	0.00886	0.01034	0.00738	0.01181	0.00664	0.00591	0.01255	0.01034	0.01624	0.00886	0.01034	0.00738	0.00369	0.00369	0.00074	0.00369	0.00295	0.00295	0.85530
12	0.01000	0.02578	0.79900	0.01421	0.02157	0.01158	0.01842	0.01579	0.01052	0.01579	0.00895	0.01052	0.00631	0.00474	0.00474	0.00158	0.00737	0.00368	0.00210	0.00737
13	0.01234	0.01184	0.02023	0.03059	0.79373	0.01184	0.01530	0.01530	0.01135	0.01628	0.00938	0.01234	0.00790	0.00444	0.00493	0.00148	0.00592	0.00444	0.00247	0.00790
14	0.01386	0.01233	0.01902	0.02619	0.61458	0.01268	0.01396	0.19066	0.01413	0.01977	0.00997	0.01225	0.00803	0.00480	0.00495	0.00148	0.00582	0.00445	0.00305	0.00803
15	0.86003	0.00964	0.00733	0.00655	0.00964	0.01118	0.00540	0.01465	0.00848	0.02236	0.00694	0.00810	0.00540	0.00463	0.00308	0.00154	0.00386	0.00270	0.00308	0.00540
16	0.86003	0.00964	0.00733	0.00655	0.00964	0.01118	0.00540	0.01465	0.00848	0.02236	0.00694	0.00810	0.00540	0.00463	0.00308	0.00154	0.00386	0.00270	0.00308	0.00540
17	0.00607	0.00434	0.00578	0.00694	0.00723	0.00405	0.00463	0.00694	0.00954	0.01272	0.02747	0.82157	0.03297	0.01562	0.00636	0.00202	0.00289	0.01417	0.00463	0.00405
18	0.01234	0.01184	0.02023	0.03059	0.79373	0.01184	0.01530	0.01530	0.01135	0.01628	0.00938	0.01234	0.00790	0.00444	0.00493	0.00148	0.00592	0.00444	0.00247	0.00790
19	0.01063	0.17704	0.65324	0.01314	0.01992	0.01311	0.01655	0.01562	0.01045	0.01502	0.00856	0.01005	0.00633	0.00465	0.00445	0.00148	0.00698	0.00349	0.00211	0.00718
20	0.00607	0.00434	0.00578	0.00694	0.00723	0.00405	0.00463	0.00694	0.00954	0.01272	0.02747	0.82157	0.03297	0.01562	0.00636	0.00202	0.00289	0.01417	0.00463	0.00405
21	0.00712	0.00534	0.00801	0.00801	0.00890	0.00623	0.00623	0.00890	0.00801	0.01157	0.01335	0.01958	0.01246	0.03738	0.80507	0.00801	0.01335	0.00534	0.00267	0.00445
22	0.01191	0.48623	0.35530	0.01095	0.01653	0.01625	0.01274	0.01529	0.01030	0.01346	0.00779	0.00907	0.00636	0.00447	0.00385	0.00128	0.00620	0.00310	0.00212	0.00681
23	0.01216	0.01167	0.01992	0.07695	0.74874	0.01180	0.01521	0.01515	0.01127	0.01607	0.00935	0.01239	0.00782	0.00447	0.00494	0.00149	0.00596	0.00444	0.00245	0.00776
24	0.86003	0.00964	0.00733	0.00655	0.00964	0.01118	0.00540	0.01465	0.00848	0.02236	0.00694	0.00810	0.00540	0.00463	0.00308	0.00154	0.00386	0.00270	0.00308	0.00540
25	0.01034	0.00886	0.01034	0.00738	0.01181	0.00664	0.00591	0.01255	0.01034	0.01624	0.00886	0.01034	0.00738	0.00369	0.00369	0.00074	0.00369	0.00295	0.00295	0.85530
26	0.01139	0.01272	0.02713	0.14613	0.02736	0.01236	0.65526	0.01546	0.01148	0.01546	0.00989	0.01342	0.00742	0.00433	0.00574	0.00168	0.00813	0.00565	0.00247	0.00654
27	0.01928	0.01873	0.04086	0.01162	0.01479	0.49790	0.00922	0.04995	0.03115	0.24150	0.01166	0.01168	0.00841	0.00549	0.00468	0.00139	0.00731	0.00385	0.00375	0.00677
28	0.02236	0.00848	0.01157	0.00887	0.01272	0.00733	0.00733	0.02429	0.01427	0.79719	0.01966	0.01697	0.01234	0.00617	0.00501	0.00154	0.00424	0.00501	0.00617	0.00848
29	0.00725	0.00483	0.00544	0.00544	0.00544	0.00483	0.00302	0.00725	0.00725	0.00966	0.01571	0.03262	0.01812	0.82483	0.02537	0.00483	0.00483	0.00725	0.00302	0.00302
30	0.00721	0.00497	0.00612	0.00612	0.00636	0.00520	0.00387	0.00769	0.00745	0.01017	0.01508	0.02916	0.01662	0.61596	0.23218	0.00568	0.00709	0.00674	0.00293	0.00340
31	0.00607	0.00434	0.00578	0.00694	0.00723	0.00405	0.00463	0.00694	0.00954	0.01272	0.02747	0.82157	0.03297	0.01562	0.00636	0.00202	0.00289	0.01417	0.00463	0.00405
32	0.00705	0.00510	0.00666	0.00627	0.00745	0.00470	0.00470	0.00941	0.01411	0.01999	0.79110	0.03723	0.04703	0.01019	0.00588	0.00157	0.00235	0.00901	0.00549	0.00470
33	0.01234	0.01184	0.02023	0.03059	0.79373	0.01184	0.01530	0.01530	0.01135	0.01628	0.00938	0.01234	0.00790	0.00444	0.00493	0.00148	0.00592	0.00444	0.00247	0.00790
34	0.00772	0.00479	0.00525	0.00525	0.00552	0.00479	0.00313	0.00825	0.00799	0.01172	0.01583	0.02939	0.01689	0.63630	0.02033	0.00399	0.00425	0.00665	0.19856	0.00339
35	0.00866	0.00433	0.00649	0.00649	0.00649	0.00433	0.00433	0.00649	0.00649	0.00866	0.00866	0.01515	0.00866	0.01732	0.01948	0.85498	0.00433	0.00433	0.00216	0.00216
36	0.02236	0.00848	0.01157	0.00887	0.01272	0.00733	0.00733	0.02429	0.01427	0.79719	0.01966	0.01697	0.01234	0.00617	0.00501	0.00154	0.00424	0.00501	0.00617	0.00848
37	0.01333	0.82783	0.02612	0.00853	0.01279	0.01972	0.00853	0.01493	0.01013	0.01173	0.00693	0.00800	0.00640	0.00426	0.00320	0.00107	0.00533	0.00267	0.00213	0.00640
38	0.00607	0.00434	0.00578	0.00694	0.00723	0.00405	0.00463	0.00694	0.00954	0.01272	0.02747	0.82157	0.03297	0.01562	0.00636	0.00202	0.00289	0.01417	0.00463	0.00405
39	0.01862	0.02376	0.01413	0.01284	0.01541	0.80482	0.00963	0.01990	0.01413	0.01220	0.00770	0.00899	0.00642	0.00514	0.00449	0.00128	0.00899	0.00321	0.00257	0.00578
40	0.01394	0.01147	0.01214	0.01046	0.01355	0.01312	0.00826	0.20326	0.60544	0.02334	0.01833	0.01704	0.01363	0.00658	0.00505	0.00164	0.00431	0.00537	0.00505	0.00803

[dist]
# distance from previous block
# <min> <max>
2	6

[block]
# block no. 8 follows, 50 sequences, length 17
# corresponding to MSA columns:
# 882-898
name=unknown_I
#
# <colnr> <probs for GDERKNQSTAVLIFYWHMCP>
#	G	D	E	R	K	N	Q	S	T	A	V	L	I	F	Y	W	H	M	C	P
0	0.01024	0.14175	0.61926	0.01271	0.01910	0.01220	0.01582	0.01513	0.01077	0.01554	0.07412	0.01239	0.00973	0.00512	0.00461	0.00150	0.00665	0.00398	0.00239	0.00700
1	0.01722	0.00986	0.01176	0.00921	0.01299	0.00947	0.00747	0.13622	0.17536	0.35402	0.01634	0.01514	0.01130	0.00574	0.00474	0.00140	0.00425	0.00463	0.00508	0.18780
2	0.66307	0.01131	0.07449	0.03518	0.01197	0.02852	0.00711	0.03537	0.00961	0.07352	0.00818	0.00919	0.00609	0.00480	0.00350	0.00154	0.00443	0.00305	0.00322	0.00586
3	0.02022	0.09348	0.01305	0.00891	0.01266	0.00914	0.00748	0.07171	0.03341	0.60924	0.05527	0.01673	0.01323	0.00617	0.00487	0.00149	0.00434	0.00494	0.00561	0.00807
4	0.00725	0.00483	0.00544	0.00544	0.00544	0.00483	0.00302	0.00725	0.00725	0.00966	0.01571	0.03262	0.01812	0.82483	0.02537	0.00483	0.00483	0.00725	0.00302	0.00302
5	0.00712	0.00534	0.00801	0.00801	0.00890	0.00623	0.00623	0.00890	0.00801	0.01157	0.01335	0.01958	0.01246	0.03738	0.80507	0.00801	0.01335	0.00534	0.00267	0.00445
6	0.82487	0.00959	0.00750	0.00665	0.00977	0.01102	0.00548	0.01506	0.00873	0.05489	0.00747	0.00847	0.00569	0.00469	0.00317	0.00154	0.00387	0.00280	0.00321	0.00553
7	0.00705	0.00510	0.00666	0.00627	0.00745	0.00470	0.00470	0.00941	0.01411	0.01999	0.79110	0.03723	0.04703	0.01019	0.00588	0.00157	0.00235	0.00901	0.00549	0.00470
8	0.01295	0.01098	0.01158	0.01025	0.01317	0.01265	0.00802	0.08932	0.72100	0.02174	0.01959	0.01804	0.01465	0.00670	0.00506	0.00167	0.00407	0.00554	0.00506	0.00794
9	0.01852	0.01375	0.01472	0.01138	0.01529	0.01526	0.00937	0.72820	0.07304	0.03073	0.01251	0.01240	0.00892	0.00603	0.00499	0.00151	0.00538	0.00456	0.00499	0.00844
10	0.01122	0.01104	0.02108	0.01584	0.01956	0.01064	0.45961	0.10176	0.01329	0.01804	0.12741	0.07300	0.01688	0.00683	0.00589	0.00172	0.00650	0.06986	0.00355	0.00628
11	0.00712	0.00534	0.00801	0.00801	0.00890	0.00623	0.00623	0.00890	0.00801	0.01157	0.01335	0.01958	0.01246	0.03738	0.80507	0.00801	0.01335	0.00534	0.00267	0.00445
12	0.01000	0.02578	0.79900	0.01421	0.02157	0.01158	0.01842	0.01579	0.01052	0.01579	0.00895	0.01052	0.00631	0.00474	0.00474	0.00158	0.00737	0.00368	0.00210	0.00737
13	0.01895	0.01396	0.01496	0.01147	0.01546	0.01546	0.00947	0.77711	0.02344	0.03141	0.01197	0.01197	0.00848	0.00598	0.00499	0.00150	0.00548	0.00449	0.00499	0.00848
14	0.01844	0.02285	0.01408	0.01269	0.01533	0.74035	0.00957	0.05793	0.03895	0.01343	0.00832	0.00944	0.00680	0.00523	0.00454	0.00131	0.00865	0.00335	0.00277	0.00598
15	0.01014	0.06015	0.76589	0.01396	0.02120	0.01192	0.01799	0.01575	0.01051	0.01561	0.00886	0.01042	0.00632	0.00472	0.00467	0.00156	0.00728	0.00364	0.00211	0.00732
16	0.01827	0.02317	0.01418	0.01285	0.01530	0.76857	0.00969	0.01954	0.01383	0.01219	0.00765	0.00908	0.00643	0.00530	0.00504	0.00133	0.04602	0.00326	0.00255	0.00576

[dist]
# distance from previous block
# <min> <max>
1	59

[block]
# block no. 9 follows, 50 sequences, length 98
# corresponding to MSA columns:
# 958-1031,1034-1057
name=unknown_J
#
# <colnr> <probs for GDERKNQSTAVLIFYWHMCP>
#	G	D	E	R	K	N	Q	S	T	A	V	L	I	F	Y	W	H	M	C	P
0	0.01126	0.01000	0.03579	0.00951	0.01212	0.01072	0.00764	0.03590	0.57147	0.02053	0.17124	0.02300	0.02145	0.00757	0.00527	0.00168	0.00379	0.02886	0.00504	0.00716
1	0.00593	0.00491	0.00519	0.00542	0.00683	0.00418	0.00395	0.00711	0.01100	0.01332	0.04597	0.20002	0.64258	0.01321	0.00598	0.00175	0.00260	0.01124	0.00463	0.00418
2	0.01126	0.00950	0.01030	0.00936	0.01182	0.01075	0.00727	0.02280	0.61750	0.02056	0.17191	0.02303	0.02174	0.00758	0.00527	0.00168	0.00364	0.02169	0.00514	0.00720
3	0.00929	0.00465	0.00465	0.00465	0.00581	0.00465	0.00348	0.01161	0.01045	0.01858	0.01626	0.01858	0.01278	0.00581	0.00348	0.00116	0.00232	0.00465	0.85250	0.00465
4	0.01905	0.01381	0.01486	0.01139	0.01538	0.01523	0.00941	0.75571	0.02317	0.05318	0.01219	0.01211	0.00859	0.00599	0.00499	0.00150	0.00545	0.00450	0.00502	0.00848
5	0.01240	0.01071	0.01127	0.01014	0.01296	0.01240	0.00789	0.02649	0.78473	0.02085	0.02029	0.01860	0.01522	0.00676	0.00507	0.00169	0.00394	0.00564	0.00507	0.00789
6	0.01175	0.01122	0.01884	0.02826	0.72173	0.01114	0.01424	0.01455	0.01135	0.01603	0.01314	0.01560	0.07960	0.00519	0.00502	0.00150	0.00561	0.00500	0.00267	0.00756
7	0.00705	0.00510	0.00666	0.00627	0.00745	0.00470	0.00470	0.00941	0.01411	0.01999	0.79110	0.03723	0.04703	0.01019	0.00588	0.00157	0.00235	0.00901	0.00549	0.00470
8	0.00929	0.00465	0.00465	0.00465	0.00581	0.00465	0.00348	0.01161	0.01045	0.01858	0.01626	0.01858	0.01278	0.00581	0.00348	0.00116	0.00232	0.00465	0.85250	0.00465
9	0.01895	0.01396	0.01496	0.01147	0.01546	0.01546	0.00947	0.77711	0.02344	0.03141	0.01197	0.01197	0.00848	0.00598	0.00499	0.00150	0.00548	0.00449	0.00499	0.00848
10	0.00725	0.00483	0.00544	0.00544	0.00544	0.00483	0.00302	0.00725	0.00725	0.00966	0.01571	0.03262	0.01812	0.82483	0.02537	0.00483	0.00483	0.00725	0.00302	0.00302
11	0.86003	0.00964	0.00733	0.00655	0.00964	0.01118	0.00540	0.01465	0.00848	0.02236	0.00694	0.00810	0.00540	0.00463	0.00308	0.00154	0.00386	0.00270	0.00308	0.00540
12	0.01272	0.01197	0.01993	0.02948	0.74850	0.01205	0.01496	0.05957	0.01205	0.01716	0.00953	0.01232	0.00793	0.00453	0.00494	0.00148	0.00590	0.00444	0.00261	0.00793
13	0.01176	0.01345	0.02941	0.02101	0.02605	0.01261	0.77563	0.01597	0.01176	0.01597	0.01008	0.01345	0.00756	0.00420	0.00588	0.00168	0.00840	0.00588	0.00252	0.00672
14	0.00705	0.00510	0.00666	0.00627	0.00745	0.00470	0.00470	0.00941	0.01411	0.01999	0.79110	0.03723	0.04703	0.01019	0.00588	0.00157	0.00235	0.00901	0.00549	0.00470
15	0.00705	0.00510	0.00666	0.00627	0.00745	0.00470	0.00470	0.00941	0.01411	0.01999	0.79110	0.03723	0.04703	0.01019	0.00588	0.00157	0.00235	0.00901	0.00549	0.00470
16	0.01000	0.02578	0.79900	0.01421	0.02157	0.01158	0.01842	0.01579	0.01052	0.01579	0.00895	0.01052	0.00631	0.00474	0.00474	0.00158	0.00737	0.00368	0.00210	0.00737
17	0.01234	0.01184	0.02023	0.03059	0.79373	0.01184	0.01530	0.01530	0.01135	0.01628	0.00938	0.01234	0.00790	0.00444	0.00493	0.00148	0.00592	0.00444	0.00247	0.00790
18	0.00703	0.00508	0.00664	0.00629	0.00744	0.00469	0.00470	0.00935	0.01401	0.01983	0.77453	0.05426	0.04673	0.01031	0.00589	0.00158	0.00236	0.00913	0.00547	0.00469
19	0.01000	0.02578	0.79900	0.01421	0.02157	0.01158	0.01842	0.01579	0.01052	0.01579	0.00895	0.01052	0.00631	0.00474	0.00474	0.00158	0.00737	0.00368	0.00210	0.00737
20	0.01300	0.01100	0.01161	0.01026	0.01319	0.01268	0.00803	0.09516	0.71508	0.02182	0.01953	0.01799	0.01460	0.00669	0.00506	0.00167	0.00409	0.00553	0.00506	0.00794
21	0.01000	0.02578	0.79900	0.01421	0.02157	0.01158	0.01842	0.01579	0.01052	0.01579	0.00895	0.01052	0.00631	0.00474	0.00474	0.00158	0.00737	0.00368	0.00210	0.00737
22	0.00712	0.00534	0.00801	0.00801	0.00890	0.00623	0.00623	0.00890	0.00801	0.01157	0.01335	0.01958	0.01246	0.03738	0.80507	0.00801	0.01335	0.00534	0.00267	0.00445
23	0.02158	0.00974	0.01234	0.00946	0.01335	0.00918	0.00782	0.19637	0.01636	0.62215	0.01791	0.01582	0.01146	0.00613	0.00501	0.00153	0.00453	0.00489	0.00590	0.00848
24	0.00945	0.00891	0.01496	0.79338	0.03381	0.01118	0.01377	0.01272	0.00991	0.01272	0.00880	0.01323	0.00664	0.00507	0.00526	0.00167	0.02634	0.00443	0.00221	0.00554
25	0.00696	0.00480	0.00595	0.00621	0.00643	0.00489	0.00393	0.00746	0.00790	0.01068	0.01800	0.21076	0.02056	0.50732	0.15227	0.00473	0.00582	0.00851	0.00333	0.00350
26	0.01007	0.04434	0.78112	0.01408	0.02137	0.01176	0.01819	0.01577	0.01051	0.01569	0.00890	0.01047	0.00632	0.00472	0.00470	0.00157	0.00732	0.00366	0.00211	0.00734
27	0.15685	0.02112	0.01304	0.01176	0.01446	0.64916	0.00893	0.04329	0.01350	0.01448	0.00772	0.00894	0.00632	0.00508	0.00428	0.00133	0.00803	0.00317	0.00273	0.00580
28	0.73639	0.01117	0.00837	0.00740	0.01049	0.08402	0.00601	0.05744	0.00983	0.02194	0.00729	0.00839	0.00566	0.00475	0.00332	0.00152	0.00442	0.00285	0.00314	0.00560
29	0.00962	0.00907	0.01532	0.75822	0.08736	0.01113	0.01394	0.01291	0.01006	0.01298	0.00890	0.01322	0.00673	0.00495	0.00498	0.00165	0.00659	0.00443	0.00223	0.00570
30	0.00724	0.00488	0.00567	0.00567	0.00575	0.00496	0.00331	0.00740	0.00732	0.00984	0.01549	0.03143	0.01760	0.75279	0.09670	0.00512	0.00561	0.00707	0.00299	0.00315
31	0.00692	0.00507	0.00648	0.00617	0.00737	0.00464	0.00461	0.00913	0.01373	0.01917	0.69991	0.05852	0.11854	0.01057	0.00589	0.00159	0.00238	0.00929	0.00538	0.00464
