[name]
unknown

[dist]
# distance from previous block
# <min> <max>
2	21

[block]
# block no. 0 follows, 53 sequences, length 12
# corresponding to MSA columns:
# 44-55
name=unknown_A
#
# <colnr> <probs for GDERKNQSTAVLIFYWHMCP>
#	G	D	E	R	K	N	Q	S	T	A	V	L	I	F	Y	W	H	M	C	P
0	0.03787	0.00502	0.00568	0.00577	0.00692	0.00467	0.00419	0.00809	0.03246	0.01399	0.17649	0.17019	0.35325	0.08254	0.00782	0.04026	0.00286	0.03355	0.00431	0.00406
1	0.02797	0.06636	0.13558	0.07710	0.10858	0.00898	0.00934	0.05479	0.03033	0.03783	0.10718	0.18527	0.03011	0.00782	0.00521	0.00155	0.02518	0.02159	0.03036	0.02887
2	0.00991	0.01001	0.09795	0.02749	0.15296	0.03422	0.05918	0.04341	0.03154	0.05695	0.07556	0.27322	0.03834	0.00847	0.00522	0.00158	0.00455	0.00763	0.00363	0.05818
3	0.00898	0.00623	0.00694	0.00654	0.00833	0.00608	0.00496	0.03217	0.15556	0.08811	0.08945	0.14462	0.32464	0.00996	0.00525	0.00159	0.00291	0.00846	0.08401	0.00522
4	0.00920	0.00864	0.01457	0.56507	0.14513	0.00999	0.04310	0.01220	0.01022	0.01347	0.07728	0.01600	0.04440	0.00541	0.00492	0.00156	0.00581	0.00493	0.00254	0.00557
5	0.03414	0.01157	0.01773	0.16424	0.41510	0.06845	0.09630	0.06185	0.01166	0.01593	0.04999	0.01299	0.00914	0.00476	0.00481	0.00146	0.00601	0.00451	0.00265	0.00672
6	0.00789	0.06886	0.00802	0.02842	0.00824	0.00644	0.00499	0.00935	0.02748	0.04055	0.01981	0.04632	0.14880	0.25130	0.26339	0.00431	0.00671	0.00646	0.03844	0.00423
7	0.00588	0.00432	0.00546	0.00629	0.00680	0.00396	0.00425	0.00680	0.00952	0.01250	0.06377	0.64038	0.14969	0.04798	0.00676	0.00198	0.00277	0.01256	0.00441	0.00389
8	0.01198	0.01176	0.01885	0.06957	0.72415	0.05014	0.01433	0.01476	0.01094	0.01525	0.00889	0.01172	0.00744	0.00432	0.00471	0.00142	0.00586	0.00420	0.00236	0.00736
9	0.02998	0.04126	0.23901	0.11733	0.12448	0.08640	0.03605	0.08867	0.01147	0.03790	0.01053	0.05613	0.02264	0.00571	0.00556	0.00153	0.07166	0.00452	0.00271	0.00643
10	0.01156	0.01098	0.01798	0.26888	0.44021	0.04617	0.07524	0.01449	0.01073	0.04462	0.00920	0.01222	0.00728	0.00449	0.00480	0.00148	0.00615	0.00433	0.00244	0.00672
11	0.00579	0.00452	0.00526	0.00577	0.00672	0.00399	0.00406	0.00688	0.01021	0.01290	0.07766	0.41755	0.39501	0.01335	0.00586	0.00176	0.00258	0.01167	0.00448	0.00399

[dist]
# distance from previous block
# <min> <max>
7	13

[block]
# block no. 1 follows, 53 sequences, length 16
# corresponding to MSA columns:
# 70-85
name=unknown_B
#
# <colnr> <probs for GDERKNQSTAVLIFYWHMCP>
#	G	D	E	R	K	N	Q	S	T	A	V	L	I	F	Y	W	H	M	C	P
0	0.00962	0.00855	0.01074	0.00985	0.02498	0.04532	0.00755	0.04608	0.00857	0.01233	0.01068	0.04493	0.01076	0.17830	0.14335	0.00336	0.36257	0.00519	0.05258	0.00470
1	0.02078	0.09783	0.19102	0.01151	0.07741	0.01009	0.03946	0.02631	0.06200	0.11451	0.11169	0.01590	0.02260	0.00721	0.04372	0.00172	0.04683	0.01229	0.00336	0.08377
2	0.01304	0.02878	0.14892	0.01849	0.31185	0.08268	0.06778	0.07791	0.04652	0.09015	0.01157	0.03129	0.02343	0.00569	0.01957	0.00157	0.00607	0.00454	0.00304	0.00708
3	0.01026	0.02316	0.71829	0.01381	0.02056	0.01097	0.06735	0.01554	0.01034	0.05287	0.00914	0.01057	0.00641	0.00457	0.00463	0.00152	0.00699	0.00373	0.00223	0.00707
4	0.00979	0.00817	0.01326	0.51819	0.05099	0.00949	0.04611	0.04277	0.00996	0.05300	0.01063	0.04335	0.00902	0.08458	0.04269	0.02897	0.00619	0.00496	0.00261	0.00527
5	0.01264	0.03153	0.09007	0.05394	0.07955	0.09887	0.12700	0.10178	0.04714	0.10307	0.02298	0.11018	0.04961	0.00675	0.00503	0.00154	0.00559	0.02755	0.01886	0.00633
6	0.01164	0.05221	0.09293	0.01458	0.01747	0.13395	0.26762	0.01417	0.01006	0.01315	0.00922	0.01210	0.03029	0.00668	0.02957	0.00183	0.26979	0.00456	0.00233	0.00583
7	0.00619	0.00468	0.00571	0.00584	0.00688	0.00420	0.00423	0.00776	0.01160	0.01548	0.37418	0.24825	0.26392	0.01183	0.00576	0.00165	0.00244	0.01037	0.00480	0.00420
8	0.00842	0.00667	0.00909	0.09459	0.07142	0.00719	0.00701	0.07950	0.04494	0.01411	0.01888	0.33979	0.03754	0.09042	0.09165	0.00266	0.03046	0.03713	0.00367	0.00487
9	0.05622	0.29418	0.18874	0.01120	0.01546	0.13711	0.08605	0.08740	0.01155	0.01479	0.00853	0.02324	0.00717	0.03351	0.00477	0.00142	0.00625	0.00364	0.00251	0.00626
10	0.00619	0.00453	0.00573	0.00660	0.00714	0.00432	0.00450	0.00773	0.04914	0.01279	0.02762	0.70137	0.09591	0.01407	0.00593	0.00188	0.00278	0.01265	0.02502	0.00410
11	0.00625	0.00461	0.00570	0.00630	0.00701	0.00428	0.00449	0.00737	0.00989	0.01289	0.09927	0.38613	0.19829	0.11659	0.00832	0.00220	0.00309	0.10908	0.00431	0.00391
12	0.01147	0.01287	0.12573	0.12313	0.29999	0.04612	0.08901	0.06019	0.04606	0.03388	0.04044	0.03960	0.00991	0.01981	0.00541	0.00157	0.02048	0.00482	0.00281	0.00669
13	0.00923	0.00913	0.04446	0.70040	0.08385	0.01042	0.01311	0.01244	0.00969	0.01280	0.00884	0.01280	0.00670	0.00477	0.00470	0.00156	0.00617	0.00423	0.03920	0.00549
14	0.01229	0.00940	0.01028	0.00910	0.01167	0.01049	0.00707	0.04544	0.58694	0.09529	0.09646	0.01980	0.01727	0.03959	0.00571	0.00171	0.00374	0.00570	0.00492	0.00715
15	0.02353	0.00621	0.00768	0.00726	0.02994	0.00587	0.00544	0.04572	0.04867	0.12411	0.40013	0.03305	0.18983	0.00932	0.00543	0.00155	0.00295	0.04301	0.00499	0.00529

[dist]
# distance from previous block
# <min> <max>
0	1

[block]
# block no. 2 follows, 53 sequences, length 29
# corresponding to MSA columns:
# 87-115
name=unknown_C
#
# <colnr> <probs for GDERKNQSTAVLIFYWHMCP>
#	G	D	E	R	K	N	Q	S	T	A	V	L	I	F	Y	W	H	M	C	P
0	0.01131	0.08452	0.02851	0.00980	0.01161	0.11579	0.03988	0.06048	0.03371	0.05143	0.03446	0.05326	0.02888	0.12254	0.02324	0.00220	0.13938	0.14043	0.00332	0.00525
1	0.79719	0.04365	0.00806	0.00655	0.00959	0.01122	0.00545	0.04432	0.00876	0.02136	0.00684	0.00791	0.00533	0.00447	0.00303	0.00146	0.00382	0.00265	0.00299	0.00533
2	0.00940	0.02344	0.75558	0.01313	0.01981	0.01067	0.01681	0.01474	0.01031	0.01540	0.05963	0.01174	0.00857	0.00488	0.00461	0.00151	0.00675	0.00386	0.00223	0.00690
3	0.01817	0.01339	0.01434	0.01100	0.01482	0.01482	0.00908	0.78627	0.02247	0.03012	0.01148	0.01148	0.00813	0.00574	0.00478	0.00143	0.00526	0.00430	0.00478	0.00813
4	0.01599	0.21406	0.01637	0.01135	0.01398	0.55296	0.00909	0.01727	0.01208	0.01157	0.00711	0.00856	0.00616	0.00504	0.00504	0.00126	0.08107	0.00305	0.00233	0.00565
5	0.01817	0.01339	0.01434	0.01100	0.01482	0.01482	0.00908	0.78627	0.02247	0.03012	0.01148	0.01148	0.00813	0.00574	0.00478	0.00143	0.00526	0.00430	0.00478	0.00813
6	0.01621	0.00697	0.00945	0.00787	0.01059	0.00615	0.00636	0.01809	0.01310	0.52436	0.17944	0.08602	0.02133	0.00795	0.00521	0.00157	0.00362	0.06336	0.00555	0.00679
7	0.00582	0.00419	0.00552	0.00658	0.00691	0.00389	0.00440	0.00666	0.00923	0.01223	0.02729	0.79523	0.06468	0.01485	0.00608	0.00193	0.00276	0.01344	0.00444	0.00389
8	0.00590	0.00443	0.00549	0.00622	0.00693	0.00402	0.00435	0.00697	0.00995	0.01290	0.08125	0.54769	0.23209	0.01384	0.00597	0.00184	0.00271	0.03898	0.00449	0.00398
9	0.00585	0.00474	0.00504	0.00517	0.00654	0.00406	0.00380	0.00711	0.01080	0.01340	0.09713	0.15616	0.61317	0.01215	0.00564	0.00164	0.00245	0.01031	0.03078	0.00406
10	0.84109	0.00921	0.00714	0.00635	0.00933	0.01061	0.00523	0.01432	0.00830	0.04438	0.00701	0.00801	0.00537	0.00448	0.00301	0.00148	0.00371	0.00265	0.00304	0.00526
11	0.01028	0.00865	0.01036	0.00750	0.01168	0.00674	0.02230	0.01292	0.04287	0.03369	0.00921	0.01045	0.00751	0.00373	0.00367	0.00078	0.00366	0.00304	0.00298	0.78797
12	0.01076	0.00938	0.03701	0.54887	0.08453	0.01010	0.05899	0.01382	0.01023	0.09706	0.00970	0.01279	0.00713	0.00472	0.00474	0.00151	0.00600	0.00427	0.00261	0.06577
13	0.76951	0.02488	0.00814	0.00738	0.03724	0.02728	0.00576	0.02884	0.00875	0.03732	0.00710	0.00817	0.00549	0.00449	0.00312	0.00146	0.00393	0.00273	0.00301	0.00540
14	0.01420	0.00884	0.00955	0.00779	0.01038	0.00937	0.00628	0.36193	0.01600	0.09730	0.01468	0.01536	0.02575	0.00581	0.00417	0.00130	0.00377	0.00453	0.37652	0.00645
15	0.81398	0.01018	0.05544	0.00673	0.00994	0.01075	0.00593	0.01412	0.00825	0.02106	0.00677	0.00791	0.00523	0.00444	0.00305	0.00148	0.00390	0.00265	0.00290	0.00529
16	0.01183	0.01129	0.01888	0.02815	0.75442	0.01139	0.01424	0.01532	0.05824	0.01588	0.00962	0.01219	0.00800	0.00439	0.00474	0.00143	0.00556	0.00433	0.00252	0.00757
17	0.01342	0.01103	0.01167	0.01004	0.01301	0.01260	0.00794	0.21074	0.60574	0.02246	0.01751	0.01628	0.01302	0.00630	0.00484	0.00158	0.00414	0.00514	0.00484	0.00770
18	0.01207	0.00991	0.01145	0.01141	0.08428	0.01105	0.00827	0.11021	0.49937	0.03385	0.01850	0.05374	0.01529	0.00728	0.00509	0.00166	0.00416	0.09071	0.00458	0.00714
19	0.00597	0.00425	0.00561	0.00665	0.00694	0.00400	0.00447	0.00681	0.00909	0.01210	0.02557	0.74529	0.03052	0.06763	0.00730	0.00213	0.00296	0.04453	0.00434	0.00384
20	0.00631	0.00484	0.00580	0.00577	0.00701	0.00433	0.00434	0.00804	0.01201	0.01592	0.40479	0.10785	0.33169	0.01129	0.00573	0.00162	0.00248	0.05107	0.00483	0.00427
21	0.01577	0.05122	0.06479	0.04649	0.06972	0.49704	0.01003	0.05293	0.10109	0.03297	0.00941	0.01042	0.00743	0.00505	0.00442	0.00133	0.00728	0.00357	0.00285	0.00620
22	0.01643	0.04575	0.05865	0.01175	0.06507	0.07978	0.00938	0.45040	0.06109	0.09239	0.03604	0.01268	0.00964	0.00562	0.00466	0.00141	0.00532	0.00433	0.02209	0.00752
23	0.00866	0.00569	0.00697	0.00629	0.00789	0.00531	0.00483	0.06013	0.01354	0.08612	0.52668	0.03343	0.16236	0.00939	0.00542	0.00150	0.00263	0.00810	0.04008	0.00497
24	0.00579	0.00431	0.00539	0.00626	0.00683	0.00392	0.00426	0.00670	0.00953	0.01235	0.03109	0.66041	0.19704	0.01436	0.00600	0.00187	0.00270	0.01283	0.00444	0.00392
25	0.01377	0.04729	0.07211	0.03345	0.24253	0.15455	0.05888	0.06005	0.04150	0.10989	0.03310	0.04088	0.00973	0.00553	0.00538	0.00147	0.05544	0.00457	0.00314	0.00674
26	0.01167	0.18800	0.35824	0.06262	0.04133	0.04442	0.12869	0.06679	0.01122	0.03154	0.00871	0.01038	0.00657	0.00450	0.00443	0.00141	0.00661	0.00377	0.00238	0.00672
27	0.00593	0.00434	0.00561	0.00650	0.00700	0.00397	0.00440	0.00685	0.00941	0.01249	0.04458	0.72580	0.09635	0.01434	0.00599	0.00187	0.00275	0.01293	0.00442	0.02446
28	0.06567	0.01110	0.07933	0.01194	0.06822	0.01035	0.10426	0.27771	0.01445	0.02921	0.02857	0.15640	0.05319	0.00762	0.00511	0.00160	0.00496	0.04768	0.01627	0.00636

[dist]
# distance from previous block
# <min> <max>
1	7

[block]
# block no. 3 follows, 53 sequences, length 32
# corresponding to MSA columns:
# 123-154
name=unknown_D
#
# <colnr> <probs for GDERKNQSTAVLIFYWHMCP>
#	G	D	E	R	K	N	Q	S	T	A	V	L	I	F	Y	W	H	M	C	P
0	0.01325	0.25811	0.15638	0.05471	0.05459	0.10117	0.04051	0.15156	0.05402	0.01620	0.00890	0.01022	0.00706	0.00494	0.00479	0.00136	0.04919	0.00362	0.00275	0.00665
1	0.01485	0.23617	0.07097	0.01341	0.11902	0.32690	0.01024	0.09044	0.02374	0.01421	0.00801	0.00936	0.00665	0.00480	0.00447	0.00127	0.03328	0.00331	0.00255	0.00634
2	0.01455	0.00816	0.01009	0.00853	0.01105	0.00845	0.00677	0.07317	0.19420	0.31707	0.06615	0.01851	0.01445	0.05405	0.11665	0.00253	0.03212	0.00528	0.03145	0.00676
3	0.00707	0.00546	0.00662	0.00718	0.03362	0.00526	0.00491	0.04023	0.05997	0.01428	0.11231	0.36927	0.21968	0.07154	0.00709	0.00195	0.00305	0.02168	0.00439	0.00445
4	0.00662	0.00516	0.00593	0.00598	0.00727	0.00473	0.00443	0.03889	0.02547	0.01505	0.21301	0.21726	0.38431	0.01189	0.00573	0.00167	0.00266	0.03493	0.00465	0.00435
5	0.00659	0.00488	0.00615	0.00583	0.00703	0.00444	0.00437	0.00868	0.01312	0.01818	0.68159	0.03732	0.16381	0.01014	0.00564	0.00152	0.00228	0.00887	0.00513	0.00444
6	0.01214	0.01286	0.04487	0.07928	0.25363	0.15238	0.05894	0.06972	0.01126	0.01450	0.01041	0.03943	0.03284	0.00721	0.03506	0.02970	0.12239	0.00462	0.00262	0.00613
7	0.00582	0.00416	0.00555	0.00666	0.00693	0.00388	0.00444	0.00666	0.00915	0.01220	0.02634	0.82891	0.03161	0.01497	0.00610	0.00194	0.00277	0.01359	0.00444	0.00388
8	0.01575	0.06983	0.01454	0.01208	0.01408	0.55168	0.00946	0.03473	0.01201	0.01205	0.00717	0.00907	0.00623	0.00573	0.00700	0.00143	0.20585	0.00334	0.00240	0.00556
9	0.86579	0.00924	0.00702	0.00629	0.00924	0.01072	0.00518	0.01405	0.00813	0.02144	0.00666	0.00776	0.00518	0.00444	0.00296	0.00148	0.00370	0.00259	0.00296	0.00518
10	0.00748	0.00668	0.00671	0.00745	0.00807	0.11040	0.00517	0.00843	0.00974	0.01215	0.02372	0.66048	0.04177	0.01437	0.03704	0.00207	0.00395	0.02610	0.00410	0.00413
11	0.00613	0.00474	0.00561	0.00571	0.00687	0.00421	0.00419	0.00767	0.01152	0.01510	0.32031	0.19619	0.35600	0.01183	0.00575	0.00165	0.00247	0.02511	0.00474	0.00419
12	0.01050	0.01059	0.01540	0.01297	0.01325	0.01450	0.05390	0.01172	0.00754	0.01172	0.00646	0.01059	0.00633	0.00812	0.01512	0.00206	0.77755	0.00426	0.00211	0.00530
13	0.01131	0.00981	0.01091	0.00975	0.01217	0.01134	0.02011	0.03887	0.61924	0.01890	0.03454	0.02036	0.05804	0.00720	0.00578	0.00167	0.06323	0.03515	0.00459	0.00702
14	0.01322	0.76491	0.02405	0.00853	0.01248	0.08734	0.00827	0.01472	0.01004	0.01128	0.00671	0.00775	0.00614	0.00416	0.00317	0.00104	0.00541	0.00260	0.00208	0.00608
15	0.01265	0.80178	0.05703	0.00840	0.01261	0.01859	0.00857	0.01435	0.00973	0.01140	0.00672	0.00777	0.00613	0.00411	0.00313	0.00104	0.00519	0.00260	0.00204	0.00617
16	0.01221	0.01275	0.01479	0.45866	0.14391	0.22560	0.01221	0.01477	0.01096	0.03747	0.00860	0.01161	0.00667	0.00477	0.00465	0.00147	0.00680	0.00395	0.00237	0.00580
17	0.00636	0.00465	0.00587	0.00659	0.00721	0.00438	0.00454	0.03857	0.01014	0.01340	0.07102	0.66094	0.12060	0.01398	0.00597	0.00186	0.00280	0.01253	0.00450	0.00411
18	0.04808	0.00830	0.01104	0.00850	0.01217	0.00733	0.00702	0.04179	0.01372	0.76162	0.01829	0.01588	0.01153	0.00586	0.00475	0.00148	0.00408	0.00472	0.00579	0.00804
19	0.00582	0.00416	0.00555	0.00666	0.00693	0.00388	0.00444	0.00666	0.00915	0.01220	0.02634	0.82891	0.03161	0.01497	0.00610	0.00194	0.00277	0.01359	0.00444	0.00388
20	0.01113	0.01076	0.01858	0.12891	0.61522	0.01095	0.06249	0.01401	0.01074	0.01503	0.01092	0.01371	0.04668	0.00470	0.00484	0.00146	0.00576	0.00463	0.00244	0.00704
21	0.04835	0.24678	0.10844	0.01001	0.01418	0.01449	0.00939	0.33345	0.05929	0.09542	0.01073	0.01090	0.00792	0.00514	0.00420	0.00134	0.00517	0.00376	0.00373	0.00729
22	0.00901	0.00578	0.00649	0.00600	0.00799	0.00512	0.00464	0.01115	0.06052	0.15815	0.05966	0.06059	0.54691	0.01067	0.00548	0.00161	0.00286	0.02760	0.00476	0.00502
23	0.01085	0.00883	0.00942	0.00847	0.01093	0.00972	0.00659	0.04520	0.52877	0.04910	0.06660	0.02457	0.18496	0.00782	0.00507	0.00160	0.00347	0.00652	0.00483	0.00668
24	0.01176	0.00977	0.05827	0.28610	0.05838	0.00975	0.07665	0.07029	0.04207	0.13862	0.11579	0.01698	0.02504	0.02031	0.00575	0.00161	0.03800	0.00518	0.00350	0.00618
25	0.01175	0.01279	0.02641	0.01902	0.02368	0.01225	0.69491	0.06444	0.05329	0.01649	0.01030	0.01306	0.00769	0.00427	0.00555	0.00160	0.00766	0.00554	0.00270	0.00661
26	0.00719	0.00514	0.00712	0.00822	0.00910	0.00506	0.00681	0.00902	0.01050	0.01373	0.02559	0.26457	0.02862	0.01368	0.00647	0.00213	0.00396	0.56442	0.00441	0.00426
27	0.01305	0.01521	0.02044	0.04576	0.04422	0.25441	0.35230	0.01560	0.01114	0.01340	0.00828	0.01110	0.00671	0.00515	0.00707	0.00158	0.16180	0.00450	0.00236	0.00594
28	0.00680	0.00453	0.00596	0.00666	0.00730	0.00417	0.00464	0.00790	0.01000	0.05491	0.10682	0.63485	0.07494	0.01374	0.00598	0.00186	0.00282	0.03733	0.00460	0.00420
29	0.01066	0.20570	0.52188	0.01182	0.01754	0.04530	0.01409	0.01544	0.05424	0.01455	0.04033	0.01094	0.00812	0.00477	0.00426	0.00140	0.00631	0.00360	0.00233	0.00672
30	0.01518	0.07203	0.11888	0.04533	0.04057	0.53222	0.01033	0.01747	0.03673	0.01243	0.00827	0.01024	0.00691	0.03794	0.00524	0.00143	0.01712	0.00343	0.00245	0.00579
31	0.01378	0.04143	0.06751	0.00824	0.01102	0.00744	0.00702	0.05694	0.06002	0.32970	0.17692	0.16165	0.02137	0.00814	0.00512	0.00156	0.00378	0.00695	0.00496	0.00646

[dist]
# distance from previous block
# <min> <max>
0	2

[block]
# block no. 4 follows, 53 sequences, length 24
# corresponding to MSA columns:
# 157-180
name=unknown_E
#
# <colnr> <probs for GDERKNQSTAVLIFYWHMCP>
#	G	D	E	R	K	N	Q	S	T	A	V	L	I	F	Y	W	H	M	C	P
0	0.43421	0.17723	0.10868	0.00821	0.01173	0.05099	0.02919	0.01398	0.00961	0.01774	0.09102	0.01117	0.00981	0.00496	0.00360	0.00139	0.00460	0.00345	0.00287	0.00558
1	0.25638	0.30996	0.14982	0.00894	0.01301	0.02593	0.00891	0.05240	0.10582	0.01679	0.00878	0.00954	0.00698	0.00465	0.00360	0.00133	0.00493	0.00317	0.00278	0.00628
2	0.01034	0.01138	0.10035	0.16155	0.42934	0.01024	0.04876	0.01329	0.01031	0.01435	0.01134	0.01633	0.03365	0.06504	0.00630	0.00174	0.00582	0.04092	0.00249	0.00647
3	0.00977	0.00568	0.00733	0.00652	0.00825	0.00518	0.00503	0.01216	0.03463	0.17700	0.56016	0.03214	0.09892	0.00909	0.00545	0.00151	0.00267	0.00790	0.00532	0.00528
4	0.00923	0.00804	0.06542	0.00740	0.00885	0.00749	0.00568	0.09348	0.14639	0.01403	0.01550	0.02644	0.01560	0.49897	0.01653	0.00342	0.00472	0.04472	0.00345	0.00464
5	0.74005	0.01012	0.00801	0.00700	0.01002	0.03915	0.00573	0.08602	0.02580	0.02188	0.00739	0.00835	0.00568	0.00462	0.00321	0.00147	0.00402	0.00282	0.00315	0.00551
6	0.01638	0.01284	0.01321	0.01064	0.01407	0.05353	0.00861	0.51046	0.24727	0.04169	0.01375	0.01329	0.00999	0.00592	0.00478	0.00148	0.00497	0.00457	0.00471	0.00784
7	0.00694	0.00467	0.00539	0.00539	0.00545	0.00473	0.00312	0.00707	0.00700	0.00940	0.01490	0.03037	0.01698	0.77432	0.08150	0.00485	0.00523	0.00682	0.00287	0.00300
8	0.06078	0.00929	0.01158	0.00892	0.01261	0.00884	0.00737	0.18360	0.01527	0.60499	0.01672	0.01486	0.01074	0.00581	0.00471	0.00147	0.00430	0.00460	0.00554	0.00799
9	0.10119	0.24967	0.50372	0.01132	0.01712	0.01325	0.01369	0.01479	0.00978	0.01472	0.00783	0.00917	0.00598	0.00440	0.00396	0.00137	0.00616	0.00316	0.00213	0.00660
10	0.01785	0.02278	0.01354	0.01231	0.01478	0.81284	0.00924	0.01909	0.01354	0.01170	0.00739	0.00862	0.00616	0.00493	0.00431	0.00123	0.00862	0.00308	0.00246	0.00554
11	0.00586	0.00425	0.00555	0.00658	0.00698	0.00394	0.00447	0.00676	0.00933	0.01231	0.02792	0.75102	0.08721	0.01472	0.00608	0.00192	0.00279	0.03397	0.00444	0.00391
12	0.01632	0.01144	0.01270	0.01036	0.01358	0.07968	0.04660	0.26123	0.18012	0.21845	0.01572	0.04145	0.01188	0.00642	0.00492	0.00152	0.00492	0.04026	0.01509	0.00736
13	0.00837	0.00497	0.00594	0.00578	0.00622	0.00485	0.00357	0.00870	0.00790	0.09397	0.01653	0.10935	0.01807	0.64032	0.04245	0.00411	0.00462	0.00734	0.00336	0.00359
14	0.00588	0.00429	0.00554	0.00641	0.00690	0.00395	0.00436	0.00686	0.00967	0.01282	0.08857	0.68453	0.11409	0.01427	0.00602	0.00187	0.00270	0.01283	0.00450	0.00395
15	0.00582	0.00418	0.00552	0.00659	0.00692	0.00389	0.00441	0.00666	0.00921	0.01223	0.02710	0.80225	0.05778	0.01488	0.00609	0.00193	0.00276	0.01347	0.00444	0.00389
16	0.01317	0.09717	0.31730	0.01314	0.01819	0.01236	0.15188	0.14891	0.01270	0.11330	0.01022	0.01137	0.00735	0.00497	0.00522	0.00149	0.04700	0.00414	0.00305	0.00708
17	0.01185	0.00776	0.00810	0.00703	0.00912	0.00839	0.00554	0.22087	0.13596	0.02145	0.01509	0.01612	0.01151	0.00576	0.00396	0.00128	0.00328	0.00456	0.49642	0.00592
18	0.00595	0.00424	0.00549	0.00643	0.00671	0.00398	0.00423	0.00670	0.00894	0.01187	0.02564	0.71041	0.05236	0.11284	0.00827	0.00225	0.00299	0.01269	0.00425	0.00377
19	0.01041	0.01010	0.01743	0.19076	0.46060	0.01036	0.09320	0.01324	0.01065	0.01453	0.01390	0.01642	0.10671	0.00533	0.00495	0.00150	0.00566	0.00513	0.00258	0.00654
20	0.01702	0.01391	0.02402	0.01097	0.03088	0.17738	0.00866	0.33106	0.16120	0.14099	0.01320	0.01289	0.00951	0.00568	0.00467	0.00143	0.00548	0.00432	0.01931	0.00740
21	0.69272	0.09655	0.00901	0.00658	0.00956	0.01136	0.00553	0.01452	0.04808	0.02012	0.00771	0.00873	0.00608	0.00456	0.00308	0.00142	0.00378	0.00281	0.04245	0.00537
22	0.03315	0.27632	0.09639	0.01104	0.04352	0.21023	0.03055	0.09799	0.01266	0.09128	0.04749	0.01104	0.00885	0.00498	0.00412	0.00127	0.00601	0.00363	0.00301	0.00645
23	0.01211	0.17635	0.01944	0.17984	0.36818	0.01313	0.05142	0.09589	0.01163	0.01558	0.00872	0.01119	0.00709	0.00447	0.00446	0.00139	0.00578	0.00399	0.00251	0.00684

[dist]
# distance from previous block
# <min> <max>
0	2

[block]
# block no. 5 follows, 53 sequences, length 16
# corresponding to MSA columns:
# 183-198
name=unknown_F
#
# <colnr> <probs for GDERKNQSTAVLIFYWHMCP>
#	G	D	E	R	K	N	Q	S	T	A	V	L	I	F	Y	W	H	M	C	P
0	0.01595	0.08453	0.01336	0.00963	0.01292	0.05016	0.00795	0.46943	0.08436	0.06099	0.01248	0.01269	0.00918	0.00560	0.00441	0.00136	0.00478	0.00423	0.12872	0.00725
1	0.01139	0.01106	0.01940	0.09275	0.64223	0.01115	0.08585	0.01435	0.01089	0.01542	0.03341	0.01274	0.00860	0.00445	0.00485	0.00145	0.00585	0.00452	0.00244	0.00719
2	0.05484	0.01063	0.01209	0.04677	0.01388	0.01056	0.00768	0.35300	0.01583	0.12891	0.01112	0.01149	0.00806	0.00492	0.00429	0.00121	0.00450	0.00380	0.00408	0.29237
3	0.00678	0.00513	0.00614	0.00622	0.00749	0.00479	0.00479	0.00909	0.04836	0.01582	0.31049	0.11385	0.27812	0.01118	0.00570	0.00167	0.00274	0.12004	0.03717	0.00443
4	0.00603	0.00481	0.00542	0.00549	0.00682	0.00420	0.00411	0.00750	0.01137	0.01444	0.23070	0.12619	0.49970	0.01188	0.00573	0.00165	0.00250	0.04266	0.00464	0.00415
5	0.00693	0.00468	0.00531	0.00536	0.00549	0.00465	0.00316	0.00709	0.00733	0.00968	0.01711	0.03304	0.05456	0.75498	0.02262	0.00438	0.00452	0.04307	0.00304	0.00302
6	0.00583	0.00480	0.00512	0.00514	0.00659	0.00410	0.00382	0.00717	0.01117	0.01380	0.15924	0.09909	0.63369	0.01196	0.00568	0.00162	0.00242	0.01012	0.00456	0.00410
7	0.00592	0.00435	0.00558	0.00652	0.00705	0.00401	0.00452	0.00689	0.00953	0.01244	0.02961	0.66187	0.14729	0.01443	0.00606	0.00191	0.00282	0.06084	0.00443	0.00394
8	0.01142	0.47200	0.34348	0.01088	0.01621	0.01546	0.04343	0.01469	0.00993	0.01299	0.00755	0.00886	0.00615	0.00427	0.00377	0.00125	0.00602	0.00308	0.00205	0.00652
9	0.01053	0.09045	0.62930	0.01406	0.05672	0.01166	0.05893	0.01538	0.01031	0.04679	0.00891	0.01038	0.00643	0.00452	0.00450	0.00147	0.00677	0.00365	0.00222	0.00702
10	0.00705	0.00464	0.00524	0.00522	0.00535	0.00462	0.00302	0.00731	0.00753	0.01035	0.06351	0.03080	0.01880	0.73535	0.02201	0.00424	0.00435	0.00692	0.05060	0.00308
11	0.06504	0.64845	0.07331	0.00943	0.01358	0.01728	0.06756	0.01435	0.00969	0.01244	0.00699	0.00830	0.00616	0.00425	0.00368	0.00115	0.02718	0.00290	0.00213	0.00613
12	0.00623	0.00446	0.00607	0.00711	0.00757	0.00431	0.00513	0.00736	0.00939	0.01251	0.02530	0.63743	0.02963	0.01597	0.05717	0.00235	0.00370	0.15000	0.00431	0.00400
13	0.00695	0.00463	0.00521	0.00521	0.00521	0.00463	0.00290	0.00695	0.00695	0.00927	0.01506	0.03128	0.01738	0.83203	0.02433	0.00463	0.00463	0.00695	0.00290	0.00290
14	0.00891	0.00445	0.00445	0.00445	0.00557	0.00445	0.00334	0.01114	0.01002	0.01782	0.01559	0.01782	0.01225	0.00557	0.00334	0.00111	0.00223	0.00445	0.85856	0.00445
15	0.05554	0.06400	0.10680	0.01088	0.01424	0.08970	0.04337	0.13950	0.03854	0.23123	0.01164	0.01233	0.00846	0.01777	0.00655	0.00158	0.13313	0.00416	0.00374	0.00687

[dist]
# distance from previous block
# <min> <max>
0	1

[block]
# block no. 6 follows, 53 sequences, length 16
# corresponding to MSA columns:
# 200-215
name=unknown_G
#
# <colnr> <probs for GDERKNQSTAVLIFYWHMCP>
#	G	D	E	R	K	N	Q	S	T	A	V	L	I	F	Y	W	H	M	C	P
0	0.12838	0.01044	0.01315	0.01135	0.01190	0.04085	0.00939	0.01199	0.00795	0.01326	0.04560	0.01127	0.00804	0.00778	0.01305	0.00195	0.64194	0.00415	0.00238	0.00520
1	0.01036	0.01025	0.01451	0.22082	0.11024	0.05011	0.03189	0.01279	0.03774	0.01303	0.03614	0.01359	0.03725	0.00665	0.00930	0.00173	0.34350	0.00456	0.00248	0.03307
2	0.01588	0.01851	0.01373	0.01362	0.09851	0.52427	0.00954	0.04769	0.15744	0.01432	0.00990	0.01083	0.00794	0.00528	0.00484	0.00136	0.03345	0.00371	0.00297	0.00622
3	0.01128	0.01289	0.02820	0.02015	0.02498	0.01209	0.78485	0.01531	0.01128	0.01531	0.00967	0.01289	0.00725	0.00403	0.00564	0.00161	0.00806	0.00564	0.00242	0.00645
4	0.01221	0.01043	0.01099	0.00979	0.01255	0.01204	0.00764	0.06468	0.75376	0.02052	0.01904	0.01750	0.01426	0.00645	0.00486	0.00161	0.00386	0.00535	0.00486	0.00759
5	0.00582	0.00416	0.00555	0.00666	0.00693	0.00388	0.00444	0.00666	0.00915	0.01220	0.02634	0.82891	0.03161	0.01497	0.00610	0.00194	0.00277	0.01359	0.00444	0.00388
6	0.00581	0.00419	0.00551	0.00657	0.00691	0.00389	0.00440	0.00666	0.00923	0.01224	0.02740	0.79158	0.06826	0.01484	0.00608	0.00193	0.00276	0.01342	0.00444	0.00389
7	0.00683	0.00512	0.00768	0.00768	0.00853	0.00597	0.00597	0.00853	0.00768	0.01110	0.01280	0.01878	0.01195	0.03585	0.81308	0.00768	0.01280	0.00512	0.00256	0.00427
8	0.01731	0.02164	0.01330	0.01208	0.01456	0.74017	0.00908	0.01966	0.08432	0.01245	0.00848	0.00946	0.00692	0.00507	0.00436	0.00127	0.00818	0.00329	0.00268	0.00572
9	0.00582	0.00416	0.00555	0.00666	0.00693	0.00388	0.00444	0.00666	0.00915	0.01220	0.02634	0.82891	0.03161	0.01497	0.00610	0.00194	0.00277	0.01359	0.00444	0.00388
10	0.00702	0.00471	0.00544	0.00554	0.00564	0.00471	0.00333	0.00722	0.00732	0.00972	0.01599	0.03333	0.01830	0.75773	0.02272	0.00441	0.00461	0.07618	0.00303	0.00303
11	0.01299	0.80166	0.02458	0.00835	0.01237	0.05140	0.00822	0.01451	0.00987	0.01126	0.00668	0.00771	0.00613	0.00412	0.00312	0.00103	0.00525	0.00258	0.00206	0.00611
12	0.00826	0.00564	0.00667	0.00610	0.00779	0.00516	0.00467	0.03829	0.03654	0.08864	0.40107	0.03629	0.31670	0.01003	0.00551	0.00154	0.00264	0.00857	0.00499	0.00489
13	0.01699	0.00997	0.01162	0.00937	0.01267	0.01036	0.00758	0.23876	0.22418	0.32419	0.06899	0.01663	0.01374	0.00627	0.00487	0.00151	0.00421	0.00508	0.00527	0.00774
14	0.01109	0.01222	0.02447	0.01853	0.04788	0.01271	0.56274	0.01432	0.01026	0.01436	0.00879	0.01224	0.00701	0.00514	0.00816	0.00173	0.21462	0.00522	0.00233	0.00618
15	0.01760	0.01370	0.01487	0.01147	0.01524	0.05209	0.04740	0.68645	0.04749	0.02818	0.01146	0.01163	0.00821	0.00564	0.00480	0.00144	0.00551	0.00435	0.00456	0.00790

[dist]
# distance from previous block
# <min> <max>
0	1

[block]
# block no. 7 follows, 53 sequences, length 38
# corresponding to MSA columns:
# 218-255
name=unknown_H
#
# <colnr> <probs for GDERKNQSTAVLIFYWHMCP>
#	G	D	E	R	K	N	Q	S	T	A	V	L	I	F	Y	W	H	M	C	P
0	0.01138	0.01255	0.02603	0.02019	0.09607	0.01200	0.65301	0.01603	0.07206	0.01570	0.01037	0.01318	0.00785	0.00424	0.00550	0.00159	0.00750	0.00549	0.00260	0.00664
1	0.01773	0.00874	0.01079	0.05265	0.01285	0.04886	0.00722	0.03211	0.08342	0.53515	0.12147	0.01834	0.01586	0.00636	0.00489	0.00149	0.00418	0.00524	0.00533	0.00731
2	0.05701	0.00888	0.01007	0.00731	0.01146	0.00720	0.00588	0.06647	0.01070	0.01691	0.00860	0.00990	0.00705	0.00374	0.00360	0.00080	0.00367	0.00292	0.00298	0.75485
3	0.00613	0.00489	0.00553	0.00564	0.00703	0.00430	0.00433	0.00765	0.01135	0.01430	0.19547	0.08512	0.51685	0.01191	0.00578	0.00168	0.00264	0.10063	0.00460	0.00417
4	0.00891	0.00445	0.00445	0.00445	0.00557	0.00445	0.00334	0.01114	0.01002	0.01782	0.01559	0.01782	0.01225	0.00557	0.00334	0.00111	0.00223	0.00445	0.85856	0.00445
5	0.00668	0.00488	0.00628	0.00593	0.00709	0.00448	0.00445	0.00886	0.01334	0.01872	0.74582	0.03644	0.09925	0.00994	0.00564	0.00151	0.00227	0.00875	0.00520	0.00448
6	0.00586	0.00451	0.00536	0.00588	0.00677	0.00401	0.00413	0.00700	0.01032	0.01325	0.12057	0.43583	0.33281	0.01328	0.00587	0.00177	0.00258	0.01168	0.00453	0.00401
7	0.86579	0.00924	0.00702	0.00629	0.00924	0.01072	0.00518	0.01405	0.00813	0.02144	0.00666	0.00776	0.00518	0.00444	0.00296	0.00148	0.00370	0.00259	0.00296	0.00518
8	0.00646	0.00489	0.00577	0.00596	0.00717	0.00440	0.00443	0.00811	0.02462	0.02768	0.21125	0.22632	0.36700	0.01212	0.00579	0.00171	0.00266	0.06474	0.00465	0.00426
9	0.01211	0.01038	0.01093	0.00977	0.01251	0.01199	0.00762	0.05262	0.76598	0.02036	0.01917	0.01761	0.01436	0.00646	0.00486	0.00161	0.00384	0.00536	0.00486	0.00759
10	0.04198	0.00891	0.00890	0.02776	0.01025	0.07476	0.01927	0.19437	0.04194	0.05023	0.01349	0.01485	0.01029	0.00556	0.00412	0.00128	0.01619	0.00430	0.44581	0.00575
11	0.00929	0.00852	0.01430	0.68306	0.09261	0.01026	0.02749	0.01239	0.00973	0.01295	0.00907	0.01304	0.00691	0.00478	0.00469	0.00154	0.00605	0.00429	0.06358	0.00545
12	0.00642	0.00506	0.00625	0.00740	0.03813	0.02446	0.00483	0.00739	0.00941	0.01224	0.02722	0.60145	0.13478	0.05293	0.03631	0.00219	0.00344	0.01186	0.00417	0.00406
13	0.01263	0.79697	0.06167	0.00843	0.01266	0.01855	0.00862	0.01435	0.00973	0.01143	0.00674	0.00778	0.00613	0.00411	0.00314	0.00105	0.00520	0.00260	0.00204	0.00618
14	0.00664	0.00488	0.00621	0.00588	0.00706	0.00446	0.00441	0.00877	0.01323	0.01845	0.71333	0.03689	0.13191	0.01004	0.00564	0.00152	0.00227	0.00881	0.00517	0.00446
15	0.00809	0.00609	0.00692	0.00681	0.00854	0.00591	0.00536	0.01179	0.15226	0.05794	0.09038	0.07594	0.38617	0.01092	0.00565	0.00172	0.00312	0.14676	0.00465	0.00499
16	0.04915	0.05469	0.67425	0.01362	0.02019	0.01147	0.08141	0.01507	0.01009	0.01529	0.00851	0.01013	0.00612	0.00448	0.00450	0.00150	0.00692	0.00363	0.00210	0.00689
17	0.00599	0.00428	0.00574	0.00685	0.00720	0.00403	0.00473	0.00695	0.00932	0.01239	0.02625	0.75820	0.03124	0.01481	0.00615	0.00196	0.00292	0.08260	0.00443	0.00393
18	0.00600	0.00426	0.00562	0.00664	0.00693	0.00402	0.00446	0.00683	0.00906	0.01206	0.02537	0.72785	0.03026	0.08197	0.00762	0.00217	0.00300	0.04776	0.00431	0.00383
19	0.00959	0.02472	0.80726	0.01362	0.02069	0.01110	0.01766	0.01514	0.01009	0.01514	0.00858	0.01009	0.00605	0.00454	0.00454	0.00151	0.00706	0.00353	0.00202	0.00706
20	0.01183	0.01136	0.01940	0.02934	0.80221	0.01136	0.01467	0.01467	0.01088	0.01562	0.00899	0.01183	0.00757	0.00426	0.00473	0.00142	0.00568	0.00426	0.00237	0.00757
21	0.00903	0.00850	0.01434	0.82054	0.03292	0.01062	0.01327	0.01221	0.00956	0.01221	0.00850	0.01274	0.00637	0.00478	0.00478	0.00159	0.00637	0.00425	0.00212	0.00531
22	0.00676	0.00489	0.00639	0.00601	0.00714	0.00451	0.00451	0.00902	0.01353	0.01917	0.79969	0.03570	0.04510	0.00977	0.00564	0.00150	0.00225	0.00864	0.00526	0.00451
23	0.01184	0.01114	0.01865	0.04440	0.72635	0.01124	0.01416	0.04266	0.01128	0.01602	0.00971	0.01348	0.00835	0.00467	0.00481	0.00145	0.00563	0.03420	0.00253	0.00742
24	0.01817	0.01339	0.01434	0.01100	0.01482	0.01482	0.00908	0.78627	0.02247	0.03012	0.01148	0.01148	0.00813	0.00574	0.00478	0.00143	0.00526	0.00430	0.00478	0.00813
25	0.00903	0.00850	0.01434	0.82054	0.03292	0.01062	0.01327	0.01221	0.00956	0.01221	0.00850	0.01274	0.00637	0.00478	0.00478	0.00159	0.00637	0.00425	0.00212	0.00531
26	0.00694	0.00466	0.00535	0.00535	0.00539	0.00471	0.00306	0.00704	0.00699	0.00937	0.01494	0.03060	0.01708	0.78875	0.06720	0.00480	0.00508	0.00685	0.00288	0.00297
27	0.01817	0.01339	0.01434	0.01100	0.01482	0.01482	0.00908	0.78627	0.02247	0.03012	0.01148	0.01148	0.00813	0.00574	0.00478	0.00143	0.00526	0.00430	0.00478	0.00813
28	0.01066	0.01082	0.01444	0.01243	0.01254	0.04565	0.01031	0.01173	0.00757	0.01150	0.00647	0.01058	0.00640	0.00886	0.03350	0.00219	0.77287	0.00416	0.00212	0.00522
29	0.00989	0.00990	0.01426	0.74115	0.03114	0.08942	0.01288	0.01289	0.00995	0.01216	0.00839	0.01234	0.00635	0.00479	0.00473	0.00156	0.00659	0.00413	0.00216	0.00533
30	0.01072	0.01239	0.05147	0.01780	0.02176	0.01188	0.59178	0.01417	0.01060	0.01457	0.01140	0.02746	0.04823	0.00528	0.00709	0.00168	0.12740	0.00571	0.00249	0.00612
31	0.00597	0.00488	0.00530	0.00535	0.00681	0.00424	0.00407	0.00736	0.01107	0.01366	0.13549	0.05828	0.61667	0.02397	0.02093	0.00180	0.00277	0.06281	0.00448	0.00410
32	0.00774	0.00576	0.00670	0.00657	0.00685	0.02060	0.00436	0.03455	0.00811	0.01085	0.01579	0.11849	0.01790	0.56674	0.03766	0.00389	0.07428	0.04648	0.00313	0.00354
33	0.00579	0.00428	0.00542	0.00633	0.00685	0.00391	0.00429	0.00669	0.00947	0.01233	0.03033	0.68742	0.17052	0.01446	0.00602	0.00188	0.00271	0.01296	0.00444	0.00391
34	0.00696	0.00501	0.00661	0.00740	0.04741	0.00513	0.00464	0.00772	0.00792	0.01078	0.01708	0.19956	0.01918	0.42037	0.18119	0.00443	0.00596	0.03577	0.00319	0.00369
35	0.01052	0.00902	0.01123	0.00823	0.01232	0.02683	0.06153	0.01273	0.01025	0.04445	0.00961	0.02356	0.00810	0.00410	0.00387	0.00087	0.00402	0.02189	0.00297	0.71390
36	0.30844	0.02630	0.06042	0.02968	0.02297	0.13476	0.00792	0.07536	0.02387	0.03131	0.02251	0.00993	0.00709	0.00503	0.00493	0.00138	0.08550	0.00331	0.00294	0.13634
37	0.03075	0.19198	0.13179	0.01067	0.03059	0.13177	0.00968	0.17685	0.02649	0.13051	0.01102	0.02186	0.01729	0.00642	0.03409	0.00159	0.02260	0.00390	0.00338	0.00678

[dist]
# distance from previous block
# <min> <max>
3	15

[block]
# block no. 8 follows, 53 sequences, length 15
# corresponding to MSA columns:
# 271-285
name=unknown_I
#
# <colnr> <probs for GDERKNQSTAVLIFYWHMCP>
#	G	D	E	R	K	N	Q	S	T	A	V	L	I	F	Y	W	H	M	C	P
0	0.06169	0.15912	0.13181	0.01201	0.06348	0.13169	0.07764	0.06340	0.03553	0.01466	0.02883	0.03355	0.00934	0.06970	0.03676	0.00190	0.05594	0.00432	0.00270	0.00595
1	0.00926	0.00742	0.01125	0.35655	0.01960	0.00857	0.02983	0.04215	0.03905	0.04865	0.01344	0.04717	0.03509	0.08324	0.16544	0.00306	0.01956	0.02697	0.02859	0.00511
2	0.00683	0.00540	0.00745	0.03103	0.09589	0.00515	0.00592	0.00825	0.01019	0.01346	0.09770	0.40581	0.17322	0.03420	0.00632	0.00187	0.00328	0.07943	0.00418	0.00444
3	0.01292	0.15020	0.23136	0.02777	0.11742	0.09326	0.07576	0.09036	0.01226	0.07640	0.05973	0.01228	0.00951	0.00499	0.00451	0.00139	0.00608	0.00410	0.00292	0.00676
4	0.00751	0.00597	0.00842	0.16702	0.05524	0.00619	0.00691	0.03791	0.01067	0.01430	0.12293	0.35214	0.10738	0.01071	0.00554	0.00172	0.00367	0.03942	0.03170	0.00466
5	0.00704	0.00485	0.00555	0.00570	0.00632	0.00469	0.00379	0.02874	0.00917	0.01240	0.05559	0.17979	0.15068	0.37631	0.01384	0.00299	0.00361	0.04269	0.08256	0.00369
6	0.03222	0.01111	0.11601	0.09037	0.21525	0.00949	0.09789	0.06628	0.01156	0.06146	0.09583	0.08669	0.03303	0.02006	0.03012	0.00178	0.00553	0.00580	0.00324	0.00628
7	0.01120	0.14403	0.08568	0.06766	0.07036	0.08280	0.14852	0.02459	0.02038	0.01303	0.00917	0.02170	0.01779	0.00817	0.06553	0.04054	0.15638	0.00431	0.00236	0.00577
8	0.00683	0.00494	0.00649	0.00702	0.00765	0.00507	0.00497	0.03558	0.03404	0.01287	0.02157	0.52270	0.02436	0.05418	0.19877	0.00337	0.00534	0.01042	0.02959	0.00422
9	0.00592	0.00422	0.00556	0.00655	0.00685	0.00395	0.00436	0.00677	0.00922	0.01235	0.05899	0.75318	0.03145	0.05740	0.00703	0.00206	0.00285	0.01303	0.00439	0.00386
10	0.04006	0.01147	0.04904	0.01239	0.09238	0.01167	0.06298	0.31611	0.17603	0.02207	0.04770	0.08086	0.04234	0.00668	0.00496	0.00154	0.00479	0.00567	0.00419	0.00705
11	0.00606	0.00453	0.00560	0.00618	0.00695	0.00413	0.00437	0.00724	0.01023	0.01336	0.13882	0.44289	0.22840	0.04506	0.00666	0.00192	0.00278	0.05634	0.00449	0.00400
12	0.01167	0.01126	0.07677	0.02451	0.04586	0.05419	0.00780	0.08518	0.03552	0.04733	0.00947	0.01062	0.00746	0.00414	0.00394	0.00098	0.00445	0.00328	0.00307	0.55249
13	0.01143	0.14774	0.06180	0.04427	0.12709	0.10435	0.03666	0.06345	0.07595	0.01516	0.03552	0.09929	0.05338	0.00663	0.00464	0.00142	0.00514	0.03492	0.02674	0.04442
14	0.05671	0.20462	0.12940	0.01446	0.15201	0.09138	0.07236	0.07766	0.04050	0.01539	0.00862	0.01037	0.00702	0.00536	0.01905	0.00150	0.06686	0.00370	0.00257	0.02046

[dist]
# distance from previous block
# <min> <max>
1	59

[block]
# block no. 9 follows, 53 sequences, length 18
# corresponding to MSA columns:
# 346-363
name=unknown_J
#
# <colnr> <probs for GDERKNQSTAVLIFYWHMCP>
#	G	D	E	R	K	N	Q	S	T	A	V	L	I	F	Y	W	H	M	C	P
0	0.01236	0.03064	0.03317	0.05634	0.18653	0.03190	0.04949	0.13188	0.05211	0.06108	0.04147	0.01425	0.01017	0.03005	0.00512	0.00138	0.00496	0.02271	0.00333	0.22107
1	0.03035	0.06817	0.05815	0.10858	0.21106	0.09414	0.11921	0.04730	0.06114	0.08214	0.04306	0.01357	0.02277	0.00510	0.00485	0.00146	0.01477	0.00454	0.00303	0.00663
2	0.00851	0.00566	0.00672	0.00634	0.00711	0.00581	0.00429	0.04432	0.04390	0.05862	0.06310	0.05391	0.07618	0.46376	0.07715	0.03555	0.02474	0.00687	0.00347	0.00399
3	0.12506	0.00752	0.03292	0.10240	0.08235	0.00733	0.00707	0.05286	0.01142	0.02804	0.19147	0.10500	0.19566	0.00864	0.00507	0.00158	0.00370	0.02286	0.00393	0.00512
4	0.01352	0.10551	0.12508	0.02671	0.09123	0.06820	0.05771	0.14400	0.04858	0.11671	0.03116	0.03745	0.02920	0.00699	0.03807	0.00172	0.04333	0.00465	0.00343	0.00674
5	0.01172	0.11210	0.10548	0.04563	0.04666	0.09217	0.09767	0.03030	0.02901	0.09710	0.03704	0.08724	0.04583	0.00764	0.02423	0.00167	0.00558	0.07882	0.03818	0.00592
6	0.00830	0.00415	0.00623	0.00623	0.00623	0.00415	0.00415	0.00623	0.00623	0.00830	0.00830	0.01453	0.00830	0.01660	0.01868	0.86094	0.00415	0.00415	0.00208	0.00208
7	0.01725	0.06432	0.01419	0.01211	0.01454	0.73509	0.00924	0.01849	0.01306	0.01167	0.00730	0.00865	0.00616	0.00504	0.00477	0.00126	0.04578	0.00310	0.00242	0.00556
8	0.01280	0.07426	0.14815	0.06150	0.27425	0.06989	0.03490	0.12252	0.04281	0.04658	0.01036	0.02803	0.00822	0.00499	0.00456	0.00142	0.00580	0.00423	0.03775	0.00697
9	0.02790	0.03299	0.06966	0.01169	0.01387	0.13777	0.05551	0.13146	0.03060	0.03317	0.00921	0.01189	0.00774	0.01076	0.12963	0.00257	0.27067	0.00419	0.00281	0.00592
10	0.00653	0.00535	0.00613	0.00598	0.00730	0.00509	0.00449	0.00862	0.05183	0.01483	0.24573	0.11710	0.43992	0.01128	0.00615	0.00164	0.04357	0.00950	0.00457	0.00439
11	0.01182	0.13113	0.17666	0.04828	0.22411	0.02795	0.07363	0.02912	0.01079	0.08261	0.01138	0.05835	0.02519	0.00544	0.00498	0.00145	0.03548	0.00465	0.03035	0.00663
12	0.09330	0.06327	0.06070	0.01418	0.17713	0.07760	0.02875	0.27030	0.04512	0.04870	0.06623	0.01283	0.01032	0.00535	0.00453	0.00142	0.00533	0.00429	0.00362	0.00703
13	0.00599	0.00435	0.00568	0.00658	0.00708	0.00404	0.00456	0.00704	0.00974	0.01292	0.08848	0.65846	0.09575	0.01423	0.00606	0.00189	0.00280	0.05588	0.00450	0.00397
14	0.00906	0.00578	0.00702	0.02635	0.00866	0.00560	0.00508	0.02779	0.08407	0.11322	0.13266	0.27380	0.15991	0.04235	0.00611	0.00176	0.00306	0.00903	0.07368	0.00500
15	0.03225	0.11592	0.14685	0.01405	0.16386	0.09661	0.01087	0.14820	0.08254	0.09428	0.04140	0.01243	0.00953	0.00518	0.00448	0.00140	0.00558	0.00410	0.00338	0.00708
16	0.01507	0.25743	0.04947	0.01208	0.07311	0.34461	0.00954	0.09691	0.05407	0.01441	0.00881	0.01045	0.00739	0.00497	0.00412	0.00126	0.00661	0.02070	0.00273	0.00628
17	0.03807	0.02798	0.09271	0.02877	0.14616	0.02238	0.06370	0.06548	0.02036	0.12408	0.08404	0.01505	0.02124	0.00613	0.02837	0.00150	0.00508	0.01376	0.00344	0.19173

[dist]
# distance from previous block
# <min> <max>
2	4

[block]
# block no. 10 follows, 53 sequences, length 29
# corresponding to MSA columns:
# 369-396,401
name=unknown_K
#
# <colnr> <probs for GDERKNQSTAVLIFYWHMCP>
#	G	D	E	R	K	N	Q	S	T	A	V	L	I	F	Y	W	H	M	C	P
0	0.00904	0.00796	0.01230	0.07363	0.08460	0.02528	0.14266	0.01202	0.05319	0.04566	0.20643	0.04440	0.18979	0.00905	0.03166	0.00178	0.00466	0.03666	0.00389	0.00538
1	0.04795	0.09402	0.04135	0.05559	0.15376	0.19438	0.01005	0.16779	0.06559	0.08169	0.01078	0.01258	0.00847	0.00530	0.00449	0.00140	0.00592	0.02873	0.00335	0.00680
2	0.01025	0.04340	0.00881	0.00758	0.00928	0.04244	0.00578	0.11302	0.05417	0.08254	0.16799	0.27619	0.06334	0.01909	0.03667	0.00186	0.00389	0.00837	0.04002	0.00532
3	0.00646	0.00502	0.00594	0.00665	0.00736	0.02062	0.00468	0.00795	0.03922	0.01282	0.04851	0.53804	0.16549	0.04525	0.00667	0.00197	0.00304	0.06583	0.00437	0.00410
4	0.01064	0.01441	0.20105	0.16137	0.22988	0.01141	0.27208	0.01456	0.01060	0.01481	0.00904	0.01195	0.00691	0.00434	0.00500	0.00154	0.00691	0.00455	0.00226	0.00668
5	0.04931	0.06144	0.01533	0.30252	0.15933	0.07637	0.04437	0.04141	0.05376	0.06856	0.01061	0.01437	0.00856	0.00536	0.00498	0.00153	0.02752	0.04562	0.00286	0.00618
6	0.00709	0.00570	0.00885	0.00860	0.00978	0.00540	0.10139	0.00870	0.01007	0.01329	0.05900	0.37394	0.08964	0.06987	0.00739	0.00211	0.00392	0.20685	0.00411	0.00430
7	0.00782	0.00567	0.00718	0.00707	0.00791	0.00615	0.00525	0.06224	0.00941	0.01318	0.01856	0.16070	0.07531	0.17643	0.25129	0.00406	0.05226	0.04188	0.08336	0.00427
8	0.07212	0.25953	0.16411	0.01237	0.07925	0.04411	0.08541	0.01437	0.00987	0.05233	0.00877	0.01084	0.00721	0.00812	0.09394	0.00207	0.06327	0.00370	0.00243	0.00619
9	0.00703	0.00545	0.00641	0.00638	0.00749	0.00543	0.00467	0.04320	0.03847	0.01320	0.05496	0.16327	0.31005	0.13905	0.13760	0.00310	0.02048	0.02560	0.00392	0.00424
10	0.01316	0.55959	0.09521	0.00931	0.01344	0.05179	0.00914	0.09421	0.08772	0.01440	0.00860	0.00931	0.00716	0.00457	0.00361	0.00118	0.00533	0.00313	0.00261	0.00654
11	0.04797	0.00806	0.00933	0.03924	0.08393	0.05946	0.00669	0.06377	0.04685	0.07260	0.27186	0.12490	0.09639	0.00846	0.00514	0.00151	0.00373	0.00727	0.00432	0.03853
