[name]
unknown

[dist]
# distance from previous block
# <min> <max>
0	100

[block]
# block no. 0 follows, 48 sequences, length 10
# corresponding to MSA columns:
# 100-109
name=unknown_A
#
# <colnr> <probs for GDERKNQSTAVLIFYWHMCP>
#	G	D	E	R	K	N	Q	S	T	A	V	L	I	F	Y	W	H	M	C	P
0	0.00915	0.00594	0.00798	0.00863	0.01000	0.00573	0.00726	0.01116	0.01170	0.08222	0.02873	0.09595	0.10952	0.05598	0.00778	0.00235	0.00438	0.52585	0.00479	0.00491
1	0.12937	0.39352	0.11369	0.00937	0.01374	0.06948	0.00922	0.01519	0.01063	0.01500	0.00869	0.01133	0.00767	0.00493	0.00382	0.00125	0.00550	0.03813	0.00261	0.13687
2	0.02770	0.07616	0.00983	0.00898	0.07629	0.00788	0.00604	0.04485	0.06373	0.05100	0.02762	0.12863	0.25583	0.18154	0.00985	0.00237	0.00405	0.00829	0.00409	0.00526
3	0.01030	0.00814	0.00829	0.00789	0.00895	0.07571	0.00547	0.10941	0.06313	0.01473	0.03591	0.20167	0.01918	0.29768	0.01453	0.09788	0.00480	0.00793	0.00381	0.00461
4	0.01267	0.04885	0.13926	0.01119	0.01464	0.10564	0.06030	0.08181	0.14492	0.06655	0.08151	0.10589	0.05250	0.00794	0.00540	0.00167	0.00549	0.04299	0.00411	0.00667
5	0.00748	0.00520	0.00638	0.00671	0.00752	0.00500	0.00467	0.00869	0.03850	0.03291	0.02826	0.30211	0.19603	0.16311	0.06566	0.07500	0.00426	0.03422	0.00416	0.00416
6	0.00721	0.00513	0.00598	0.00614	0.00723	0.00465	0.00437	0.00847	0.01109	0.03679	0.15041	0.20933	0.30729	0.14524	0.00939	0.00233	0.00317	0.03945	0.03199	0.00433
7	0.00822	0.00702	0.07466	0.00726	0.00871	0.00549	0.00577	0.00999	0.03100	0.05501	0.06475	0.33539	0.12469	0.13497	0.00936	0.02856	0.00370	0.00998	0.07075	0.00470
8	0.00694	0.00500	0.00635	0.00697	0.00759	0.00478	0.00486	0.00843	0.03004	0.01426	0.14992	0.44004	0.07279	0.14136	0.00954	0.00246	0.00336	0.07637	0.00465	0.00427
9	0.03182	0.00809	0.00948	0.00811	0.01058	0.00811	0.00644	0.16767	0.04670	0.19585	0.17063	0.08162	0.03721	0.00815	0.00518	0.00158	0.00372	0.02938	0.16310	0.00658

[dist]
# distance from previous block
# <min> <max>
0	1

[block]
# block no. 1 follows, 48 sequences, length 33
# corresponding to MSA columns:
# 111-143
name=unknown_B
#
# <colnr> <probs for GDERKNQSTAVLIFYWHMCP>
#	G	D	E	R	K	N	Q	S	T	A	V	L	I	F	Y	W	H	M	C	P
0	0.00788	0.00555	0.00718	0.07805	0.01004	0.00551	0.00553	0.01001	0.03910	0.03631	0.21351	0.31081	0.09086	0.06573	0.00720	0.00199	0.00331	0.01008	0.08662	0.00474
1	0.00850	0.00551	0.00643	0.00619	0.00760	0.00493	0.00448	0.00977	0.01142	0.10028	0.14990	0.10441	0.34379	0.18061	0.01022	0.00242	0.00336	0.03084	0.00473	0.00464
2	0.14303	0.00999	0.01062	0.00881	0.01170	0.01072	0.00695	0.24578	0.11907	0.14716	0.01571	0.01786	0.02743	0.12323	0.00776	0.00205	0.00454	0.00514	0.07552	0.00694
3	0.01091	0.00752	0.00777	0.00735	0.00860	0.07641	0.00515	0.01244	0.04304	0.13083	0.07313	0.13839	0.06273	0.33224	0.01377	0.00301	0.00456	0.02889	0.02840	0.00485
4	0.00868	0.00580	0.00724	0.00700	0.00840	0.00549	0.00520	0.04745	0.01259	0.07939	0.27074	0.22418	0.17980	0.03441	0.07733	0.00242	0.00398	0.00992	0.00497	0.00502
5	0.01077	0.00690	0.00770	0.00702	0.00885	0.00683	0.00535	0.14576	0.01347	0.07482	0.06319	0.12901	0.19489	0.07464	0.00695	0.00188	0.00351	0.02892	0.20409	0.00546
6	0.72973	0.00974	0.00820	0.00711	0.01040	0.01091	0.00586	0.01659	0.00963	0.13940	0.00913	0.00972	0.00664	0.00500	0.00348	0.00159	0.00403	0.00314	0.00366	0.00604
7	0.07523	0.00665	0.00766	0.00707	0.00913	0.00632	0.00541	0.01351	0.08069	0.16541	0.17225	0.15156	0.25819	0.01055	0.00567	0.00173	0.00320	0.00896	0.00515	0.00568
8	0.00995	0.00717	0.00954	0.00814	0.01043	0.00672	0.07337	0.03672	0.07876	0.10873	0.22636	0.04498	0.31660	0.03148	0.00639	0.00177	0.00359	0.00867	0.00499	0.00564
9	0.00785	0.00546	0.00685	0.07758	0.00968	0.00540	0.00529	0.02240	0.01187	0.01701	0.25160	0.19767	0.12224	0.03742	0.00617	0.00175	0.00309	0.00901	0.19693	0.00471
10	0.01080	0.00887	0.00994	0.00910	0.01168	0.00931	0.00715	0.01918	0.40562	0.03025	0.04076	0.09681	0.07250	0.00878	0.00546	0.00170	0.00388	0.10874	0.00478	0.13467
11	0.00623	0.00456	0.00585	0.00689	0.00738	0.00419	0.00465	0.00717	0.01007	0.01320	0.03139	0.71581	0.13245	0.01567	0.00649	0.00204	0.00293	0.01409	0.00476	0.00419
12	0.01116	0.07887	0.00937	0.00734	0.00923	0.00680	0.00566	0.02981	0.01242	0.17958	0.19627	0.25812	0.09120	0.03313	0.00619	0.00178	0.00343	0.00914	0.04489	0.00562
13	0.00843	0.00530	0.00672	0.00683	0.00806	0.00476	0.00494	0.00990	0.01191	0.10650	0.21568	0.38232	0.18323	0.01297	0.00617	0.00184	0.00293	0.01145	0.00516	0.00490
14	0.01179	0.01482	0.19647	0.01674	0.02162	0.01092	0.41665	0.01575	0.01171	0.08502	0.01371	0.13506	0.01190	0.00641	0.00578	0.00175	0.00717	0.00676	0.00316	0.00681
15	0.00854	0.00601	0.00777	0.00753	0.00848	0.00644	0.00554	0.07626	0.00978	0.01326	0.01779	0.04658	0.08074	0.20832	0.33903	0.10567	0.00832	0.03633	0.00329	0.00431
16	0.00779	0.00613	0.00931	0.01029	0.07856	0.00693	0.00719	0.00966	0.00870	0.01246	0.01486	0.06219	0.03019	0.03321	0.65570	0.00707	0.02601	0.00600	0.00287	0.00489
17	0.00855	0.00538	0.00663	0.00661	0.00780	0.00491	0.00470	0.00979	0.01110	0.10553	0.13621	0.27304	0.21815	0.13471	0.04083	0.00255	0.00370	0.01037	0.00475	0.00470
18	0.00717	0.00498	0.00618	0.00633	0.00673	0.00492	0.00411	0.00803	0.00952	0.01304	0.18428	0.18777	0.02756	0.41557	0.08815	0.00398	0.00483	0.00908	0.00395	0.00383
19	0.01001	0.00952	0.01210	0.13457	0.19157	0.09761	0.00953	0.01220	0.01160	0.01493	0.11761	0.15021	0.08915	0.01125	0.06862	0.00222	0.00582	0.04223	0.00359	0.00567
20	0.01120	0.08260	0.01625	0.16171	0.30975	0.02605	0.01137	0.02760	0.01152	0.01581	0.06221	0.05998	0.04342	0.00595	0.00491	0.00145	0.00533	0.00527	0.00300	0.13463
21	0.00730	0.00519	0.00705	0.00719	0.00775	0.00565	0.00510	0.00845	0.00824	0.01160	0.01629	0.11784	0.01716	0.28272	0.44198	0.00632	0.00943	0.00717	0.02348	0.00407
22	0.00898	0.00948	0.12637	0.00827	0.01046	0.00723	0.00716	0.11849	0.01203	0.01603	0.03903	0.27163	0.16695	0.16279	0.00966	0.00240	0.00435	0.00937	0.00413	0.00519
23	0.01235	0.04742	0.18609	0.05924	0.31713	0.14435	0.01369	0.01551	0.01184	0.01535	0.03030	0.05378	0.03820	0.00605	0.00508	0.00156	0.00657	0.02577	0.00277	0.00696
24	0.01239	0.01159	0.03568	0.06528	0.23316	0.08063	0.04432	0.10368	0.07119	0.03837	0.02373	0.16881	0.03658	0.00851	0.02162	0.00182	0.00571	0.02646	0.00372	0.00675
25	0.11429	0.01169	0.01358	0.03350	0.05024	0.09049	0.07583	0.07769	0.06781	0.16534	0.01264	0.03516	0.00965	0.00542	0.00465	0.00139	0.00525	0.00446	0.00393	0.21699
26	0.01301	0.07230	0.09296	0.01032	0.01502	0.02841	0.07709	0.05724	0.05104	0.09558	0.01096	0.01195	0.00839	0.00458	0.00438	0.00115	0.00504	0.00381	0.00340	0.43336
27	0.00983	0.03347	0.17561	0.01121	0.03600	0.02715	0.08667	0.01334	0.05157	0.03144	0.08791	0.13648	0.05886	0.04690	0.05052	0.00213	0.00567	0.02542	0.00356	0.10627
28	0.01530	0.02935	0.12298	0.01121	0.01507	0.01043	0.07712	0.13967	0.08286	0.24146	0.12704	0.05013	0.01674	0.00701	0.00568	0.00164	0.02815	0.00592	0.00476	0.00747
29	0.09912	0.05986	0.17910	0.01224	0.07405	0.01139	0.04588	0.13777	0.06393	0.11030	0.03921	0.01823	0.11407	0.00655	0.00497	0.00159	0.00530	0.00532	0.00393	0.00717
30	0.02574	0.03998	0.18830	0.01187	0.03467	0.04725	0.09920	0.05881	0.02888	0.01758	0.07949	0.04225	0.01209	0.00546	0.00476	0.00133	0.00555	0.00472	0.00320	0.28887
31	0.01171	0.01221	0.12661	0.01195	0.03701	0.02366	0.13961	0.03235	0.05491	0.07493	0.03158	0.03239	0.01110	0.06069	0.05116	0.00198	0.00599	0.00495	0.02794	0.24727
32	0.04685	0.05987	0.11866	0.04495	0.25222	0.04430	0.06998	0.13674	0.08312	0.03740	0.01143	0.03085	0.00906	0.00539	0.00496	0.00155	0.00609	0.00468	0.00330	0.02860

[dist]
# distance from previous block
# <min> <max>
0	13

[block]
# block no. 2 follows, 48 sequences, length 9
# corresponding to MSA columns:
# 157-165
name=unknown_C
#
# <colnr> <probs for GDERKNQSTAVLIFYWHMCP>
#	G	D	E	R	K	N	Q	S	T	A	V	L	I	F	Y	W	H	M	C	P
0	0.17296	0.07351	0.10845	0.01083	0.01464	0.01125	0.10648	0.10211	0.06285	0.10622	0.03149	0.05197	0.06002	0.03273	0.00560	0.00174	0.00526	0.03130	0.00389	0.00668
1	0.01168	0.05746	0.12854	0.08272	0.29556	0.01085	0.03753	0.01510	0.02456	0.03653	0.03559	0.01367	0.00951	0.00491	0.00476	0.00138	0.00566	0.01691	0.00285	0.20423
2	0.01124	0.00696	0.00971	0.01019	0.09600	0.00690	0.00673	0.01310	0.02531	0.16710	0.07599	0.02379	0.03625	0.20833	0.24723	0.00435	0.00728	0.00615	0.00386	0.03352
3	0.01232	0.01483	0.20193	0.01322	0.04422	0.03347	0.10597	0.13007	0.13349	0.03292	0.09243	0.01792	0.03494	0.00757	0.03128	0.00187	0.04280	0.01586	0.02582	0.00708
4	0.00650	0.00465	0.00596	0.00691	0.00730	0.00437	0.00464	0.00736	0.00971	0.01281	0.02809	0.62276	0.08073	0.12752	0.00926	0.00248	0.00331	0.04705	0.00453	0.00406
5	0.01098	0.09994	0.01245	0.00773	0.01227	0.00834	0.00638	0.01319	0.01062	0.01620	0.00890	0.01037	0.00749	0.00387	0.00374	0.00080	0.00399	0.00301	0.00295	0.75679
6	0.01163	0.10486	0.23951	0.10465	0.17553	0.02394	0.04205	0.03103	0.03926	0.03330	0.02765	0.05182	0.00980	0.00549	0.00485	0.00150	0.00613	0.00470	0.00283	0.07948
7	0.04023	0.01608	0.31419	0.01079	0.01537	0.05138	0.01139	0.05272	0.06938	0.13511	0.11337	0.02071	0.11333	0.00707	0.00519	0.00162	0.00543	0.00571	0.00399	0.00694
8	0.00664	0.00501	0.00620	0.00696	0.00777	0.00468	0.00494	0.00831	0.03977	0.01409	0.06920	0.53244	0.19724	0.01467	0.00640	0.00199	0.00302	0.06145	0.00482	0.00442

[dist]
# distance from previous block
# <min> <max>
5	47

[block]
# block no. 3 follows, 48 sequences, length 19
# corresponding to MSA columns:
# 249-267
name=unknown_D
#
# <colnr> <probs for GDERKNQSTAVLIFYWHMCP>
#	G	D	E	R	K	N	Q	S	T	A	V	L	I	F	Y	W	H	M	C	P
0	0.06384	0.09954	0.14299	0.04836	0.05844	0.01113	0.04262	0.11208	0.03339	0.14396	0.01459	0.12925	0.01252	0.00765	0.02241	0.00175	0.00547	0.00581	0.03725	0.00695
1	0.29147	0.07405	0.03701	0.03627	0.13459	0.07335	0.16010	0.08319	0.01204	0.01946	0.02820	0.01147	0.00796	0.00494	0.00450	0.00155	0.00602	0.00414	0.00303	0.00665
2	0.18215	0.03475	0.01384	0.05198	0.19881	0.01160	0.00952	0.15486	0.05712	0.12763	0.01217	0.01389	0.00935	0.04664	0.00567	0.00170	0.00503	0.00443	0.02847	0.03039
3	0.05411	0.04240	0.09413	0.01245	0.04118	0.25191	0.01029	0.19858	0.16394	0.06281	0.01229	0.01255	0.00919	0.00576	0.00483	0.00151	0.00650	0.00425	0.00389	0.00742
4	0.04106	0.01415	0.21389	0.01046	0.01518	0.01001	0.03300	0.10728	0.08592	0.09536	0.01246	0.01323	0.00920	0.00517	0.00453	0.00135	0.00510	0.00415	0.08657	0.23192
5	0.08385	0.01415	0.12606	0.01006	0.01320	0.16584	0.00884	0.11315	0.04975	0.06855	0.04752	0.15435	0.10693	0.00840	0.00522	0.00164	0.00541	0.00679	0.00403	0.00627
6	0.21970	0.00654	0.00743	0.00840	0.05033	0.00671	0.00590	0.01022	0.01041	0.01668	0.08078	0.35339	0.09360	0.01170	0.00561	0.00190	0.00352	0.09802	0.00431	0.00486
7	0.01948	0.01040	0.01261	0.00962	0.01362	0.00992	0.00790	0.25279	0.01698	0.41115	0.04477	0.01563	0.01204	0.00606	0.00498	0.00145	0.00460	0.00483	0.00545	0.13571
8	0.00632	0.00497	0.00563	0.00595	0.00710	0.00437	0.00423	0.00756	0.01124	0.01419	0.12494	0.27947	0.43956	0.05182	0.00716	0.00198	0.00281	0.01163	0.00478	0.00428
9	0.01890	0.02213	0.01453	0.01285	0.01574	0.63154	0.00980	0.14312	0.05482	0.01623	0.00930	0.01025	0.00741	0.00551	0.00474	0.00138	0.00840	0.00365	0.00318	0.00651
10	0.00965	0.00573	0.00734	0.00746	0.00849	0.00551	0.00522	0.03229	0.03499	0.13260	0.02376	0.48274	0.02600	0.15191	0.03891	0.00270	0.00404	0.01103	0.00467	0.00496
11	0.00841	0.00636	0.00771	0.00775	0.00924	0.00636	0.00602	0.01259	0.15075	0.03133	0.25808	0.15923	0.14374	0.01174	0.00617	0.00188	0.00333	0.15889	0.00513	0.00530
12	0.00683	0.00483	0.00638	0.00741	0.00784	0.00463	0.00525	0.00790	0.00991	0.01313	0.02642	0.55610	0.03098	0.12416	0.00930	0.00253	0.00360	0.16414	0.00453	0.00414
13	0.01211	0.01384	0.03028	0.02163	0.02682	0.01298	0.76903	0.01644	0.01211	0.01644	0.01038	0.01384	0.00779	0.00433	0.00606	0.00173	0.00865	0.00606	0.00260	0.00692
14	0.00746	0.00497	0.00560	0.00560	0.00560	0.00497	0.00311	0.00746	0.00746	0.00995	0.01617	0.03358	0.01865	0.81967	0.02612	0.00497	0.00497	0.00746	0.00311	0.00311
15	0.00622	0.00459	0.00582	0.00680	0.00735	0.00420	0.00461	0.00718	0.01015	0.01323	0.03244	0.68185	0.16573	0.01554	0.00646	0.00202	0.00291	0.01393	0.00476	0.00420
16	0.00745	0.00501	0.00577	0.00577	0.00583	0.00507	0.00333	0.00757	0.00751	0.01008	0.01601	0.03269	0.01827	0.76827	0.07700	0.00519	0.00555	0.00733	0.00309	0.00321
17	0.01208	0.01300	0.01683	0.01372	0.01562	0.16790	0.19902	0.01391	0.01021	0.01298	0.01003	0.01595	0.00946	0.14475	0.07707	0.00288	0.25126	0.00522	0.00260	0.00551
18	0.01056	0.02466	0.68024	0.01566	0.02289	0.01207	0.12992	0.01628	0.01102	0.01628	0.00938	0.01128	0.00669	0.00479	0.00505	0.00164	0.00774	0.00413	0.00223	0.00749

[dist]
# distance from previous block
# <min> <max>
0	3

[block]
# block no. 4 follows, 48 sequences, length 19
# corresponding to MSA columns:
# 271-289
name=unknown_E
#
# <colnr> <probs for GDERKNQSTAVLIFYWHMCP>
#	G	D	E	R	K	N	Q	S	T	A	V	L	I	F	Y	W	H	M	C	P
0	0.01930	0.01205	0.01364	0.01075	0.01458	0.01281	0.00878	0.40700	0.16287	0.25834	0.01631	0.01515	0.01122	0.00637	0.00516	0.00159	0.00496	0.00500	0.00552	0.00861
1	0.01305	0.05905	0.36685	0.01528	0.10934	0.15278	0.01432	0.04376	0.14404	0.01688	0.01105	0.01213	0.00837	0.00529	0.00485	0.00155	0.00694	0.00412	0.00292	0.00744
2	0.01359	0.00930	0.01430	0.47567	0.06000	0.01047	0.01186	0.07082	0.01233	0.20286	0.01280	0.04043	0.00948	0.00670	0.02606	0.00184	0.00618	0.00506	0.00358	0.00668
3	0.00820	0.14586	0.01006	0.00667	0.00850	0.00743	0.00538	0.01032	0.01340	0.01812	0.54261	0.03479	0.15040	0.00981	0.00558	0.00154	0.00297	0.00838	0.00492	0.00507
4	0.01073	0.00997	0.01566	0.53930	0.15856	0.01177	0.01345	0.01599	0.14263	0.01516	0.01123	0.01445	0.00857	0.00535	0.00514	0.00168	0.00624	0.00478	0.00283	0.00653
5	0.01036	0.00947	0.01571	0.26998	0.29330	0.01013	0.04917	0.03861	0.01122	0.01522	0.01421	0.21144	0.01409	0.00763	0.00551	0.00173	0.00567	0.00711	0.00310	0.00634
6	0.00891	0.00446	0.00668	0.00668	0.00668	0.00446	0.00446	0.00668	0.00668	0.00891	0.00891	0.01560	0.00891	0.01783	0.02005	0.85071	0.00446	0.00446	0.00223	0.00223
7	0.00684	0.00474	0.00592	0.00664	0.00686	0.00458	0.00427	0.00744	0.00897	0.01195	0.02337	0.46470	0.02759	0.33842	0.01443	0.00326	0.00386	0.04830	0.00410	0.00377
8	0.00823	0.00673	0.01040	0.24010	0.01664	0.00807	0.00863	0.01019	0.00885	0.01217	0.01328	0.04429	0.03032	0.04664	0.42530	0.04677	0.05033	0.00560	0.00269	0.00478
9	0.01057	0.05061	0.01762	0.57193	0.16010	0.01220	0.05102	0.01381	0.01052	0.01381	0.00909	0.01317	0.00709	0.00509	0.00546	0.00167	0.03317	0.00454	0.00233	0.00621
10	0.01183	0.01130	0.01925	0.25660	0.56939	0.01196	0.01531	0.01498	0.01127	0.01570	0.00950	0.01298	0.00775	0.00473	0.00509	0.00158	0.00631	0.00457	0.00246	0.00742
11	0.00660	0.00471	0.00635	0.00754	0.00799	0.00447	0.00537	0.00774	0.01017	0.01349	0.02809	0.68587	0.03318	0.01575	0.00664	0.00213	0.00328	0.14162	0.00476	0.00426
12	0.01902	0.01572	0.01427	0.05140	0.01619	0.23410	0.00952	0.33751	0.07609	0.15553	0.01294	0.01293	0.00924	0.00596	0.00500	0.00151	0.00638	0.00443	0.00451	0.00775
13	0.01164	0.01191	0.00966	0.00953	0.01108	0.25422	0.00699	0.04324	0.08994	0.01454	0.02095	0.33334	0.05558	0.05131	0.00675	0.00193	0.00534	0.05269	0.00408	0.00529
14	0.01029	0.02654	0.79309	0.01462	0.02221	0.01192	0.01896	0.01625	0.01083	0.01625	0.00921	0.01083	0.00650	0.00487	0.00487	0.00162	0.00758	0.00379	0.00217	0.00758
15	0.00680	0.00469	0.00579	0.00645	0.00661	0.00453	0.00402	0.00729	0.00876	0.01168	0.02283	0.46421	0.02706	0.37757	0.01535	0.00338	0.00388	0.01138	0.00402	0.00369
16	0.01430	0.30585	0.16583	0.03940	0.21013	0.01424	0.01238	0.01722	0.01155	0.14808	0.01047	0.01159	0.00802	0.00489	0.00441	0.00141	0.00588	0.00387	0.00299	0.00750
17	0.01008	0.02506	0.73852	0.01406	0.02120	0.01143	0.01798	0.01579	0.01109	0.01655	0.06305	0.01274	0.00941	0.00526	0.00496	0.00162	0.00722	0.00417	0.00241	0.00739
18	0.00625	0.00447	0.00595	0.00714	0.00744	0.00417	0.00476	0.00714	0.00982	0.01310	0.02828	0.81633	0.03394	0.01608	0.00655	0.00208	0.00298	0.01459	0.00476	0.00417

[dist]
# distance from previous block
# <min> <max>
0	1

[block]
# block no. 5 follows, 48 sequences, length 122
# corresponding to MSA columns:
# 291-330,342-377,387-432
name=unknown_F
#
# <colnr> <probs for GDERKNQSTAVLIFYWHMCP>
#	G	D	E	R	K	N	Q	S	T	A	V	L	I	F	Y	W	H	M	C	P
0	0.00630	0.00463	0.00591	0.00681	0.00738	0.00424	0.00464	0.00737	0.01046	0.01379	0.09026	0.64405	0.14493	0.01519	0.00644	0.00200	0.00288	0.01363	0.00483	0.00424
1	0.01593	0.01146	0.01225	0.01049	0.01363	0.05248	0.00831	0.08533	0.47996	0.19787	0.01895	0.01746	0.01369	0.00673	0.00553	0.00168	0.02949	0.00539	0.00525	0.00812
2	0.01207	0.01207	0.02213	0.15669	0.48714	0.01224	0.19065	0.01547	0.01155	0.01609	0.00973	0.01313	0.00784	0.00461	0.00531	0.00160	0.00681	0.00491	0.00251	0.00745
3	0.01415	0.01171	0.01239	0.01072	0.01387	0.01341	0.00846	0.18062	0.62278	0.02371	0.01912	0.01774	0.01423	0.00680	0.00520	0.00170	0.00439	0.00556	0.00520	0.00825
4	0.01375	0.01151	0.01216	0.01064	0.01372	0.01322	0.00836	0.13600	0.66806	0.02305	0.01963	0.01815	0.01465	0.00684	0.00521	0.00171	0.00429	0.00563	0.00521	0.00821
5	0.01241	0.01029	0.01092	0.00967	0.01247	0.01148	0.00760	0.13191	0.50438	0.02168	0.04833	0.02448	0.13673	0.00809	0.00541	0.00172	0.00403	0.02585	0.00514	0.00743
6	0.80695	0.00985	0.00780	0.00689	0.01011	0.01128	0.00567	0.01567	0.00908	0.06819	0.00791	0.00887	0.00598	0.00486	0.00329	0.00159	0.00399	0.00292	0.00336	0.00574
7	0.01239	0.01187	0.02026	0.11248	0.70913	0.01211	0.01559	0.01547	0.01153	0.01638	0.00960	0.01280	0.00799	0.00463	0.00508	0.00154	0.00617	0.00457	0.00251	0.00787
8	0.00666	0.00475	0.00581	0.00653	0.00702	0.00445	0.00435	0.00750	0.00965	0.01273	0.02864	0.47799	0.13971	0.19893	0.01089	0.00268	0.00342	0.03811	0.02619	0.00399
9	0.00722	0.00487	0.00567	0.00590	0.00596	0.00482	0.00344	0.00740	0.00793	0.01057	0.01856	0.18798	0.02167	0.66116	0.02226	0.00440	0.00458	0.00887	0.00344	0.00332
10	0.01272	0.46837	0.32333	0.01122	0.01683	0.01680	0.01278	0.05837	0.01136	0.01484	0.00823	0.00947	0.00667	0.00468	0.00401	0.00133	0.00631	0.00326	0.00235	0.00709
11	0.01748	0.01323	0.01640	0.01728	0.24439	0.03760	0.01118	0.42938	0.01895	0.10149	0.03342	0.01356	0.00997	0.00580	0.00513	0.00154	0.00568	0.00475	0.00442	0.00836
12	0.00652	0.00492	0.00603	0.00638	0.00737	0.00443	0.00455	0.00801	0.01183	0.01568	0.27423	0.35671	0.24777	0.01345	0.00626	0.00184	0.00270	0.01186	0.00504	0.00443
13	0.01406	0.01205	0.01588	0.01437	0.09443	0.05264	0.13476	0.11699	0.31527	0.07348	0.06850	0.01835	0.01461	0.00647	0.00540	0.00167	0.00542	0.02356	0.00446	0.00762
14	0.00617	0.00480	0.00561	0.00626	0.00721	0.00424	0.00437	0.00724	0.01068	0.01345	0.03911	0.46592	0.37735	0.01467	0.00633	0.00192	0.00280	0.01287	0.00476	0.00424
15	0.01129	0.01034	0.01674	0.54544	0.22014	0.01199	0.01423	0.08000	0.01183	0.01570	0.00953	0.01332	0.00732	0.00508	0.00512	0.00165	0.00655	0.00457	0.00259	0.00657
16	0.04082	0.54105	0.13332	0.01027	0.01503	0.02790	0.02391	0.12604	0.01252	0.01606	0.00826	0.00932	0.00688	0.00474	0.00385	0.00127	0.00586	0.00323	0.00266	0.00701
17	0.00656	0.00472	0.00629	0.00743	0.00792	0.00445	0.00528	0.00770	0.01021	0.01348	0.02907	0.66589	0.06389	0.01565	0.00661	0.00211	0.00324	0.13047	0.00476	0.00426
18	0.01398	0.25232	0.22176	0.01223	0.01629	0.24951	0.01205	0.01659	0.01138	0.01334	0.00801	0.00987	0.00673	0.00613	0.02340	0.00161	0.11250	0.00347	0.00234	0.00649
19	0.00639	0.00460	0.00606	0.00698	0.00746	0.00427	0.00475	0.00752	0.01057	0.01422	0.13971	0.67877	0.05933	0.01516	0.00646	0.00200	0.00288	0.01369	0.00489	0.00427
20	0.85592	0.00992	0.00754	0.00675	0.00992	0.01151	0.00556	0.01508	0.00873	0.02302	0.00714	0.00834	0.00556	0.00476	0.00318	0.00159	0.00397	0.00278	0.00318	0.00556
21	0.03995	0.12389	0.01491	0.01081	0.01415	0.15808	0.00877	0.22424	0.28585	0.02148	0.01383	0.01371	0.01054	0.00600	0.00472	0.00150	0.00558	0.00449	0.03000	0.00750
22	0.01177	0.01667	0.20144	0.01870	0.02366	0.03472	0.47502	0.01595	0.01131	0.01573	0.00955	0.01268	0.00732	0.00511	0.00721	0.00176	0.11681	0.00525	0.00245	0.00687
23	0.00734	0.00492	0.00563	0.00575	0.00578	0.00489	0.00328	0.00743	0.00770	0.01027	0.01740	0.11298	0.02020	0.73816	0.02413	0.00468	0.00477	0.00818	0.00328	0.00322
24	0.01064	0.00912	0.01064	0.00760	0.01216	0.00684	0.00608	0.01292	0.01064	0.01672	0.00912	0.01064	0.00760	0.00380	0.00380	0.00076	0.00380	0.00304	0.00304	0.85104
25	0.01431	0.14656	0.17172	0.01069	0.01491	0.05321	0.01027	0.10767	0.18815	0.12420	0.03041	0.01716	0.06517	0.00645	0.00489	0.00155	0.00538	0.01578	0.00409	0.00743
26	0.00610	0.00517	0.00526	0.00530	0.00697	0.00434	0.00395	0.00740	0.01168	0.01397	0.06667	0.08042	0.73919	0.01307	0.00608	0.00174	0.00261	0.01095	0.00478	0.00434
27	0.01255	0.01184	0.01902	0.16536	0.46715	0.03339	0.06145	0.01665	0.08121	0.03821	0.01078	0.01352	0.00860	0.00509	0.00554	0.00161	0.03293	0.00475	0.00284	0.00749
28	0.23589	0.07407	0.01378	0.01117	0.03509	0.25959	0.00871	0.18288	0.05880	0.03568	0.00963	0.01050	0.00749	0.00549	0.00470	0.00149	0.03114	0.00367	0.00350	0.00673
29	0.00639	0.00484	0.00586	0.00655	0.00739	0.00438	0.00462	0.00752	0.01063	0.01362	0.06212	0.46365	0.28013	0.04584	0.00716	0.00208	0.00301	0.05526	0.00473	0.00424
30	0.04695	0.02881	0.33265	0.17904	0.06883	0.01237	0.03602	0.11784	0.02954	0.06271	0.01038	0.01226	0.00753	0.00530	0.00526	0.00164	0.02835	0.00426	0.00298	0.00729
31	0.00684	0.00501	0.00643	0.00664	0.00762	0.00461	0.00483	0.00864	0.01260	0.01724	0.43307	0.29008	0.12584	0.01269	0.00625	0.00180	0.00270	0.03730	0.00523	0.00456
32	0.01431	0.10344	0.08117	0.01349	0.11942	0.01158	0.03206	0.05892	0.01222	0.20388	0.04011	0.06127	0.03423	0.00724	0.00713	0.00169	0.14508	0.02682	0.01891	0.00702
33	0.01658	0.23909	0.05941	0.01250	0.06026	0.24843	0.01018	0.17858	0.06925	0.04458	0.01016	0.01089	0.00799	0.00532	0.00447	0.00137	0.00664	0.00377	0.00333	0.00718
34	0.13564	0.00793	0.00887	0.00768	0.01009	0.00797	0.00605	0.13960	0.01460	0.13963	0.27223	0.08101	0.13043	0.00902	0.00538	0.00164	0.00355	0.00749	0.00513	0.00608
35	0.01265	0.04975	0.28550	0.02124	0.34862	0.06624	0.03221	0.06755	0.01238	0.01713	0.02133	0.01234	0.00820	0.01671	0.00525	0.00159	0.00675	0.00429	0.00264	0.00762
36	0.00632	0.00475	0.00586	0.00664	0.00741	0.00430	0.00463	0.00745	0.01065	0.01379	0.07674	0.54177	0.23979	0.01487	0.00640	0.00197	0.00289	0.03469	0.00481	0.00427
37	0.01304	0.51294	0.13567	0.01029	0.01433	0.06713	0.01038	0.01527	0.01045	0.01311	0.00793	0.00961	0.00693	0.00517	0.00530	0.00134	0.10552	0.00325	0.04587	0.00648
38	0.01449	0.13995	0.18044	0.02514	0.13489	0.03311	0.01136	0.04036	0.01218	0.18102	0.01134	0.01213	0.00837	0.00491	0.00452	0.00134	0.00559	0.00392	0.00339	0.17155
39	0.08728	0.39059	0.04441	0.02535	0.09074	0.03349	0.00948	0.08788	0.10574	0.03778	0.03583	0.01184	0.00951	0.00522	0.00412	0.00136	0.00530	0.00384	0.00320	0.00704
40	0.20112	0.04143	0.28334	0.01107	0.01575	0.01253	0.01140	0.04646	0.28843	0.02009	0.01301	0.01325	0.00968	0.00563	0.00458	0.00164	0.00537	0.00429	0.00360	0.00733
41	0.53145	0.04149	0.04596	0.01088	0.09091	0.01143	0.05138	0.01674	0.01025	0.13368	0.00959	0.01053	0.00707	0.00494	0.00390	0.00157	0.00473	0.00354	0.00346	0.00649
42	0.00896	0.00820	0.01119	0.21824	0.01653	0.04138	0.00901	0.01056	0.00957	0.01279	0.01668	0.34799	0.01847	0.03648	0.00928	0.00209	0.20551	0.00876	0.00335	0.00497
43	0.00615	0.00488	0.00553	0.00605	0.00715	0.00426	0.00427	0.00727	0.01088	0.01353	0.04167	0.38315	0.45847	0.01434	0.00628	0.00189	0.00276	0.01246	0.00476	0.00426
44	0.01088	0.10894	0.57014	0.12992	0.02294	0.04040	0.01686	0.01584	0.01084	0.01521	0.00893	0.01092	0.00656	0.00487	0.00473	0.00157	0.00731	0.00377	0.00220	0.00714
45	0.01552	0.04427	0.09322	0.01260	0.05669	0.16156	0.01024	0.20898	0.24835	0.04339	0.03371	0.01462	0.01137	0.01614	0.00525	0.00160	0.00593	0.00475	0.00417	0.00763
46	0.00645	0.00464	0.00612	0.00696	0.00747	0.00431	0.00476	0.00766	0.01081	0.01461	0.17980	0.64265	0.05493	0.01489	0.00644	0.00198	0.00286	0.01344	0.00494	0.00431
47	0.01399	0.53192	0.15100	0.01041	0.01510	0.08333	0.01060	0.07200	0.04316	0.01468	0.00849	0.00949	0.00710	0.00478	0.00388	0.00126	0.00610	0.00323	0.00257	0.00692
48	0.00629	0.00463	0.00590	0.00679	0.00738	0.00424	0.00463	0.00736	0.01044	0.01374	0.08466	0.64280	0.15191	0.01521	0.00644	0.00200	0.00288	0.01363	0.00482	0.00424
49	0.03468	0.00864	0.01021	0.03283	0.08003	0.03134	0.00728	0.14970	0.04481	0.11228	0.01817	0.22288	0.01678	0.00851	0.00508	0.00161	0.00413	0.00726	0.19746	0.00632
50	0.00679	0.00477	0.00617	0.00704	0.00754	0.00452	0.00491	0.00791	0.01018	0.01372	0.07819	0.54053	0.05528	0.10600	0.00868	0.00237	0.00333	0.09534	0.03256	0.00418
51	0.01387	0.62840	0.11175	0.00994	0.01447	0.09988	0.01003	0.01631	0.03140	0.01284	0.00782	0.00892	0.00682	0.00461	0.00366	0.00120	0.00608	0.00300	0.00232	0.00667
52	0.00630	0.00471	0.00586	0.00663	0.00735	0.00427	0.00457	0.00743	0.01070	0.01398	0.10499	0.56590	0.20895	0.01484	0.00639	0.00196	0.00284	0.01322	0.00485	0.00427
53	0.01365	0.23118	0.09277	0.01234	0.01518	0.06042	0.05993	0.01569	0.01026	0.10107	0.00891	0.01115	0.00741	0.00655	0.00935	0.00172	0.32912	0.00406	0.00273	0.00652
54	0.00733	0.00550	0.00825	0.00825	0.00916	0.00641	0.00641	0.00916	0.00825	0.01191	0.01374	0.02016	0.01283	0.03848	0.79934	0.00825	0.01374	0.00550	0.00275	0.00458
55	0.01433	0.13048	0.03056	0.11180	0.06083	0.03944	0.00976	0.24975	0.12120	0.04510	0.07228	0.04035	0.01336	0.00652	0.00498	0.00155	0.00530	0.01854	0.01663	0.00723
56	0.85592	0.00992	0.00754	0.00675	0.00992	0.01151	0.00556	0.01508	0.00873	0.02302	0.00714	0.00834	0.00556	0.00476	0.00318	0.00159	0.00397	0.00278	0.00318	0.00556
57	0.13301	0.06697	0.01433	0.01204	0.01485	0.60645	0.00927	0.04414	0.01370	0.01461	0.00790	0.00921	0.00654	0.00527	0.00461	0.00137	0.02367	0.00327	0.00277	0.00602
58	0.00746	0.00497	0.00560	0.00560	0.00560	0.00497	0.00311	0.00746	0.00746	0.00995	0.01617	0.03358	0.01865	0.81967	0.02612	0.00497	0.00497	0.00746	0.00311	0.00311
59	0.01157	0.01137	0.02096	0.22484	0.02490	0.01188	0.35467	0.09268	0.02892	0.01688	0.01265	0.07816	0.01095	0.00635	0.00610	0.00178	0.03009	0.04570	0.00310	0.00645
60	0.00726	0.00557	0.00679	0.00748	0.00841	0.00549	0.00536	0.01017	0.11414	0.01451	0.03066	0.53787	0.14108	0.01425	0.00634	0.00201	0.00320	0.06982	0.00482	0.00477
61	0.01777	0.10582	0.04241	0.01246	0.05910	0.01572	0.01009	0.58346	0.03569	0.02808	0.01176	0.01214	0.00862	0.00584	0.00487	0.00149	0.00560	0.00440	0.02636	0.00830
62	0.00641	0.00521	0.00568	0.00556	0.00714	0.00448	0.00417	0.00803	0.01251	0.01579	0.26260	0.04620	0.57376	0.01228	0.00606	0.00170	0.00255	0.01038	0.00502	0.00448
63	0.03642	0.76851	0.02587	0.00891	0.01319	0.05182	0.00874	0.01557	0.01055	0.01238	0.00717	0.00828	0.00656	0.00444	0.00334	0.00112	0.00560	0.00277	0.00224	0.00653
64	0.01915	0.00788	0.01067	0.00847	0.01177	0.00688	0.00688	0.02125	0.01465	0.60210	0.20791	0.02258	0.02147	0.00737	0.00538	0.00159	0.00389	0.00617	0.00618	0.00778
65	0.01301	0.22134	0.01911	0.06953	0.31866	0.03937	0.01136	0.06659	0.01273	0.04401	0.12288	0.01538	0.01369	0.00562	0.00475	0.00144	0.00546	0.00477	0.00320	0.00708
66	0.00840	0.00607	0.00835	0.00944	0.01067	0.00613	0.00819	0.01119	0.04068	0.01554	0.02695	0.07136	0.02909	0.01394	0.00701	0.00233	0.00467	0.71040	0.00474	0.00484
67	0.00827	0.00684	0.01043	0.12107	0.16571	0.00693	0.00825	0.01036	0.01154	0.01587	0.22917	0.33463	0.02909	0.01077	0.00593	0.00179	0.00397	0.00978	0.00423	0.00535
68	0.00649	0.00457	0.00588	0.00684	0.00708	0.00433	0.00444	0.00721	0.00936	0.01248	0.02588	0.66143	0.03091	0.17510	0.01042	0.00266	0.00337	0.01318	0.00444	0.00396
69	0.67010	0.01079	0.00921	0.00781	0.01119	0.01230	0.00644	0.16637	0.01194	0.04201	0.00847	0.00934	0.00635	0.00508	0.00361	0.00158	0.00431	0.00320	0.00364	0.00626
70	0.01270	0.01219	0.02083	0.03149	0.78767	0.01219	0.01575	0.01575	0.01168	0.01676	0.00965	0.01270	0.00813	0.00457	0.00508	0.00152	0.00610	0.00457	0.00254	0.00813
71	0.01165	0.01029	0.01267	0.01494	0.21254	0.03882	0.00931	0.01915	0.34381	0.03658	0.02275	0.07720	0.12765	0.00801	0.00544	0.00171	0.00452	0.03151	0.00435	0.00712
72	0.23874	0.00904	0.01078	0.00851	0.01228	0.00857	0.00703	0.02244	0.01314	0.59226	0.01685	0.01510	0.01085	0.00594	0.00465	0.00159	0.00426	0.00454	0.00553	0.00791
73	0.01275	0.01135	0.01204	0.01061	0.01248	0.12610	0.00845	0.20845	0.01323	0.01736	0.01157	0.01531	0.01002	0.02123	0.37051	0.00468	0.11979	0.00481	0.00328	0.00600
74	0.00666	0.00494	0.00627	0.00700	0.00785	0.00456	0.00513	0.00806	0.01115	0.01462	0.13629	0.43914	0.18832	0.01440	0.00646	0.00199	0.00309	0.12482	0.00488	0.00438
75	0.01910	0.01245	0.01391	0.01092	0.01474	0.01336	0.00895	0.49516	0.10940	0.19637	0.01539	0.01541	0.01094	0.01878	0.00550	0.00164	0.00515	0.01894	0.00537	0.00850
76	0.00647	0.00495	0.00596	0.00643	0.00747	0.00444	0.00465	0.00786	0.01144	0.01479	0.16624	0.35471	0.31640	0.01387	0.00631	0.00189	0.00284	0.05400	0.00491	0.00438
77	0.01211	0.01196	0.02079	0.07522	0.38071	0.01214	0.20996	0.01738	0.14074	0.01712	0.01329	0.01552	0.03845	0.00526	0.00540	0.00163	0.00634	0.00540	0.00307	0.00751
78	0.00724	0.00523	0.00686	0.00658	0.00775	0.00484	0.00495	0.00959	0.01421	0.02005	0.72398	0.07690	0.04711	0.01088	0.00611	0.00166	0.00252	0.03316	0.00558	0.00480
79	0.01359	0.01665	0.13259	0.02550	0.52692	0.16382	0.01509	0.01673	0.01211	0.01588	0.00926	0.01176	0.00760	0.00475	0.00496	0.00150	0.00692	0.00421	0.00251	0.00763
80	0.01233	0.01340	0.09906	0.23406	0.13818	0.01265	0.22583	0.12549	0.01303	0.01779	0.01027	0.01362	0.00788	0.00518	0.00570	0.00167	0.03009	0.01398	0.01279	0.00701
81	0.00644	0.00490	0.00592	0.00632	0.00732	0.00439	0.00449	0.00784	0.01161	0.01520	0.22262	0.36550	0.29158	0.01366	0.00626	0.00185	0.00271	0.01201	0.00498	0.00439
82	0.01765	0.01299	0.01363	0.01085	0.01444	0.03556	0.00882	0.53459	0.13562	0.05891	0.01423	0.01413	0.01030	0.00625	0.00498	0.00153	0.00514	0.00480	0.08740	0.00817
83	0.85592	0.00992	0.00754	0.00675	0.00992	0.01151	0.00556	0.01508	0.00873	0.02302	0.00714	0.00834	0.00556	0.00476	0.00318	0.00159	0.00397	0.00278	0.00318	0.00556
84	0.01059	0.00993	0.01333	0.12265	0.23151	0.07910	0.02838	0.03445	0.04275	0.01512	0.01810	0.24159	0.04896	0.03003	0.00619	0.00185	0.00532	0.05061	0.00355	0.00601
85	0.10792	0.00811	0.01029	0.00825	0.01157	0.00736	0.00671	0.02057	0.01390	0.54413	0.15305	0.02142	0.04966	0.00717	0.00514	0.00160	0.00391	0.00585	0.00583	0.00754
86	0.00971	0.00914	0.01558	0.75326	0.03415	0.01124	0.03708	0.01312	0.01037	0.01330	0.00984	0.01535	0.00772	0.00545	0.00523	0.00174	0.00682	0.03284	0.00238	0.00570
87	0.00630	0.00453	0.00598	0.00704	0.00744	0.00421	0.00474	0.00730	0.01016	0.01356	0.07281	0.74595	0.05967	0.01565	0.00650	0.00205	0.00293	0.01416	0.00481	0.00421
88	0.01183	0.01276	0.02532	0.02095	0.12806	0.03436	0.53309	0.01561	0.01208	0.01621	0.01267	0.02000	0.01098	0.00583	0.00603	0.00178	0.00774	0.11506	0.00290	0.00674
89	0.00746	0.00497	0.00560	0.00560	0.00560	0.00497	0.00311	0.00746	0.00746	0.00995	0.01617	0.03358	0.01865	0.81967	0.02612	0.00497	0.00497	0.00746	0.00311	0.00311
90	0.01302	0.01110	0.01256	0.12716	0.01683	0.01289	0.00919	0.10334	0.58672	0.02139	0.01826	0.01763	0.01364	0.00661	0.00520	0.00171	0.00463	0.00550	0.00478	0.00783
91	0.00969	0.00912	0.01539	0.80734	0.03534	0.01140	0.01425	0.01311	0.01026	0.01311	0.00912	0.01368	0.00684	0.00513	0.00513	0.00171	0.00684	0.00456	0.00228	0.00570
92	0.01062	0.01124	0.05932	0.02848	0.11387	0.08640	0.05291	0.01445	0.10069	0.01650	0.19382	0.02307	0.09699	0.01007	0.06311	0.00215	0.10007	0.00641	0.00376	0.00608
93	0.01064	0.00912	0.01064	0.00760	0.01216	0.00684	0.00608	0.01292	0.01064	0.01672	0.00912	0.01064	0.00760	0.00380	0.00380	0.00076	0.00380	0.00304	0.00304	0.85104
94	0.00734	0.00547	0.00810	0.00810	0.00896	0.00633	0.00623	0.00907	0.00820	0.01180	0.01388	0.02092	0.01316	0.08261	0.75566	0.00806	0.01325	0.00561	0.00277	0.00450
95	0.01304	0.01116	0.01176	0.01050	0.01345	0.01289	0.00819	0.05757	0.74764	0.02191	0.02053	0.01887	0.01538	0.00693	0.00522	0.00173	0.00413	0.00575	0.00522	0.00815
96	0.01123	0.01123	0.01572	0.01347	0.01347	0.01572	0.01123	0.01235	0.00786	0.01235	0.00674	0.01123	0.00674	0.00898	0.01684	0.00225	0.81028	0.00449	0.00225	0.00561
97	0.00891	0.00446	0.00668	0.00668	0.00668	0.00446	0.00446	0.00668	0.00668	0.00891	0.00891	0.01560	0.00891	0.01783	0.02005	0.85071	0.00446	0.00446	0.00223	0.00223
98	0.01931	0.01287	0.01414	0.01092	0.01480	0.01390	0.00899	0.60771	0.02180	0.14242	0.01379	0.01355	0.00962	0.00617	0.00503	0.00152	0.00523	0.00471	0.06508	0.00845
99	0.00659	0.00473	0.00573	0.00639	0.00681	0.00444	0.00413	0.00727	0.00938	0.01225	0.02806	0.46683	0.13899	0.25953	0.01242	0.00291	0.00353	0.01188	0.00426	0.00387
100	0.01948	0.01315	0.01444	0.01116	0.01512	0.01425	0.00919	0.61172	0.05081	0.14256	0.01393	0.01352	0.00970	0.00621	0.00510	0.00154	0.00531	0.00475	0.02948	0.00859
101	0.00746	0.00497	0.00560	0.00560	0.00560	0.00497	0.00311	0.00746	0.00746	0.00995	0.01617	0.03358	0.01865	0.81967	0.02612	0.00497	0.00497	0.00746	0.00311	0.00311
102	0.00761	0.00835	0.12217	0.00843	0.01028	0.00654	0.00747	0.00983	0.00945	0.01344	0.05235	0.13020	0.07825	0.06625	0.40540	0.00518	0.00908	0.00714	0.03771	0.00489
103	0.17023	0.01383	0.01317	0.04338	0.01501	0.14319	0.02960	0.25224	0.15464	0.04364	0.03764	0.01338	0.01031	0.00605	0.00513	0.00159	0.03114	0.00448	0.00415	0.00718
104	0.01272	0.55614	0.16792	0.01050	0.01554	0.01713	0.05404	0.01537	0.01062	0.01351	0.00788	0.00925	0.00673	0.00442	0.00379	0.00120	0.00591	0.00315	0.00229	0.08188
105	0.01064	0.00912	0.01064	0.00760	0.01216	0.00684	0.00608	0.01292	0.01064	0.01672	0.00912	0.01064	0.00760	0.00380	0.00380	0.00076	0.00380	0.00304	0.00304	0.85104
106	0.00871	0.01035	0.13618	0.03778	0.11475	0.00791	0.00897	0.01276	0.10762	0.01602	0.09198	0.12896	0.27830	0.00973	0.00566	0.00172	0.00423	0.00837	0.00410	0.00590
107	0.00635	0.00465	0.00599	0.00692	0.00748	0.00428	0.00476	0.00744	0.01044	0.01378	0.08438	0.64798	0.12633	0.01526	0.00647	0.00202	0.00294	0.03347	0.00482	0.00425
108	0.01114	0.21294	0.46013	0.01286	0.01877	0.03940	0.06607	0.01536	0.01096	0.01490	0.01188	0.04089	0.05226	0.00560	0.00470	0.00152	0.00677	0.00446	0.00246	0.00694
109	0.00630	0.00450	0.00592	0.00704	0.00735	0.00420	0.00468	0.00716	0.00977	0.01298	0.02831	0.76672	0.05006	0.04938	0.00735	0.00220	0.00305	0.01421	0.00469	0.00413
110	0.01485	0.14912	0.26870	0.10687	0.03975	0.01224	0.01262	0.04500	0.03770	0.23383	0.01243	0.01299	0.00873	0.00541	0.00493	0.00154	0.01793	0.00422	0.00358	0.00756
111	0.00702	0.00524	0.00653	0.00621	0.00752	0.00474	0.00465	0.00922	0.01396	0.01925	0.63981	0.04052	0.19440	0.01099	0.00605	0.00164	0.00246	0.00959	0.00547	0.00474
112	0.01082	0.01968	0.42020	0.13297	0.02569	0.01220	0.27306	0.01585	0.01118	0.01585	0.00959	0.01227	0.00699	0.00473	0.00531	0.00167	0.00784	0.00467	0.00233	0.00708
113	0.14141	0.01350	0.01400	0.01098	0.01487	0.01506	0.00903	0.61071	0.07194	0.03025	0.01213	0.01219	0.00872	0.00601	0.00485	0.00156	0.00530	0.00443	0.00485	0.00822
114	0.01148	0.01196	0.02243	0.13627	0.17045	0.01285	0.33091	0.01465	0.01080	0.01505	0.00993	0.04126	0.00842	0.00586	0.00798	0.00181	0.17321	0.00553	0.00254	0.00661
115	0.00737	0.00506	0.00593	0.00593	0.00615	0.00513	0.00360	0.00769	0.00781	0.01044	0.01786	0.03266	0.06119	0.66851	0.12950	0.00523	0.00603	0.00739	0.00315	0.00338
116	0.01211	0.01384	0.03028	0.02163	0.02682	0.01298	0.76903	0.01644	0.01211	0.01644	0.01038	0.01384	0.00779	0.00433	0.00606	0.00173	0.00865	0.00606	0.00260	0.00692
117	0.85592	0.00992	0.00754	0.00675	0.00992	0.01151	0.00556	0.01508	0.00873	0.02302	0.00714	0.00834	0.00556	0.00476	0.00318	0.00159	0.00397	0.00278	0.00318	0.00556
118	0.00969	0.00912	0.01539	0.80734	0.03534	0.01140	0.01425	0.01311	0.01026	0.01311	0.00912	0.01368	0.00684	0.00513	0.00513	0.00171	0.00684	0.00456	0.00228	0.00570
119	0.01310	0.01386	0.02796	0.02012	0.02506	0.01343	0.65040	0.11936	0.01367	0.01853	0.01057	0.01358	0.00789	0.00467	0.00614	0.00171	0.02403	0.00583	0.00293	0.00714
120	0.00689	0.00482	0.00651	0.00759	0.00811	0.00459	0.00553	0.00792	0.01013	0.01336	0.02742	0.56640	0.05290	0.01566	0.00756	0.05846	0.00347	0.18392	0.00459	0.00417
121	0.01267	0.01296	0.02583	0.02093	0.13584	0.01213	0.53292	0.03792	0.01234	0.04619	0.01058	0.01345	0.00803	0.00444	0.00563	0.00159	0.00755	0.00547	0.00285	0.09068

[dist]
# distance from previous block
# <min> <max>
1	5

[block]
# block no. 6 follows, 48 sequences, length 37
# corresponding to MSA columns:
# 438-474
name=unknown_G
#
# <colnr> <probs for GDERKNQSTAVLIFYWHMCP>
#	G	D	E	R	K	N	Q	S	T	A	V	L	I	F	Y	W	H	M	C	P
0	0.04245	0.01509	0.01479	0.01164	0.01552	0.11573	0.00948	0.59382	0.02172	0.09048	0.01225	0.01223	0.00869	0.00602	0.00502	0.00152	0.00596	0.00444	0.00486	0.00828
1	0.00622	0.00460	0.00581	0.00678	0.00735	0.00420	0.00460	0.00719	0.01017	0.01324	0.03270	0.67324	0.17417	0.01550	0.00646	0.00202	0.00291	0.01389	0.00476	0.00420
2	0.00713	0.00539	0.00577	0.00557	0.00735	0.00457	0.00421	0.00860	0.01221	0.05659	0.14148	0.04629	0.65220	0.01233	0.00601	0.00171	0.00267	0.01033	0.00496	0.00463
3	0.01676	0.01112	0.01209	0.01001	0.01325	0.05333	0.00804	0.22429	0.20599	0.22845	0.10025	0.02027	0.03818	0.00723	0.00531	0.00163	0.00465	0.02598	0.00538	0.00778
4	0.20313	0.01538	0.01237	0.01058	0.01352	0.27222	0.00830	0.17637	0.04617	0.09557	0.01081	0.01231	0.00845	0.04959	0.00620	0.00171	0.04289	0.00403	0.00376	0.00664
5	0.01286	0.01311	0.02702	0.01963	0.02407	0.01289	0.61471	0.01660	0.01178	0.07700	0.01070	0.01380	0.00804	0.00506	0.00733	0.00178	0.10806	0.00579	0.00285	0.00690
6	0.00616	0.00520	0.00533	0.00530	0.00699	0.00437	0.00397	0.00755	0.01192	0.01439	0.10975	0.04851	0.72748	0.01280	0.00606	0.00172	0.00258	0.01071	0.00483	0.00437
7	0.01033	0.00977	0.01655	0.64237	0.19531	0.01157	0.01457	0.01367	0.01056	0.01389	0.00923	0.01347	0.00711	0.00501	0.00512	0.00167	0.00668	0.00456	0.00234	0.00622
8	0.01150	0.01096	0.01865	0.34194	0.48663	0.01187	0.01515	0.01469	0.01111	0.01530	0.00944	0.01309	0.00761	0.00480	0.00510	0.00160	0.00639	0.00457	0.00244	0.00716
9	0.02272	0.00922	0.01221	0.00936	0.01334	0.00826	0.00773	0.08890	0.01549	0.72619	0.01956	0.01702	0.01236	0.00633	0.00516	0.00158	0.00448	0.00511	0.00625	0.00873
10	0.00662	0.00507	0.00606	0.00612	0.00735	0.00452	0.00447	0.00832	0.01255	0.01661	0.36341	0.19477	0.32055	0.01252	0.00615	0.00175	0.00260	0.01090	0.00515	0.00452
11	0.01234	0.01009	0.01675	0.45194	0.28089	0.01118	0.01391	0.01546	0.01128	0.11114	0.01068	0.01383	0.00799	0.00510	0.00512	0.00163	0.00629	0.00464	0.00287	0.00688
12	0.01009	0.00981	0.01742	0.68379	0.05928	0.01162	0.10822	0.01361	0.01054	0.01365	0.00929	0.01367	0.00700	0.00501	0.00524	0.00171	0.00704	0.00475	0.00233	0.00593
13	0.01202	0.01142	0.01937	0.12663	0.65022	0.01168	0.01495	0.01508	0.01167	0.01652	0.05315	0.01426	0.01023	0.00497	0.00514	0.00155	0.00598	0.00483	0.00268	0.00764
14	0.01123	0.01123	0.01572	0.01347	0.01347	0.01572	0.01123	0.01235	0.00786	0.01235	0.00674	0.01123	0.00674	0.00898	0.01684	0.00225	0.81028	0.00449	0.00225	0.00561
15	0.01276	0.01102	0.01160	0.01044	0.01334	0.01276	0.00812	0.02727	0.77840	0.02146	0.02088	0.01914	0.01566	0.00696	0.00522	0.00174	0.00406	0.00580	0.00522	0.00812
16	0.00625	0.00447	0.00595	0.00714	0.00744	0.00417	0.00476	0.00714	0.00982	0.01310	0.02828	0.81633	0.03394	0.01608	0.00655	0.00208	0.00298	0.01459	0.00476	0.00417
17	0.01064	0.00912	0.01064	0.00760	0.01216	0.00684	0.00608	0.01292	0.01064	0.01672	0.00912	0.01064	0.00760	0.00380	0.00380	0.00076	0.00380	0.00304	0.00304	0.85104
18	0.01547	0.01846	0.01409	0.23160	0.02048	0.50862	0.01066	0.01734	0.01275	0.01257	0.00889	0.01200	0.00747	0.03838	0.04842	0.00194	0.00867	0.00393	0.00257	0.00570
19	0.00752	0.00574	0.00845	0.00834	0.00917	0.00677	0.00646	0.00922	0.00818	0.01182	0.01355	0.02049	0.01287	0.08099	0.71895	0.00778	0.05085	0.00556	0.00275	0.00455
20	0.01306	0.01288	0.02047	0.03047	0.74430	0.05641	0.01542	0.01601	0.01184	0.01653	0.00955	0.01251	0.00804	0.00461	0.00505	0.00151	0.00627	0.00450	0.00255	0.00801
21	0.00669	0.00513	0.00622	0.00682	0.00796	0.00466	0.00520	0.00817	0.01132	0.01438	0.08492	0.28623	0.33964	0.01405	0.00644	0.00197	0.00318	0.17778	0.00481	0.00440
