[name]
unknown

[dist]
# distance from previous block
# <min> <max>
0	575

[block]
# block no. 0 follows, 66 sequences, length 11
# corresponding to MSA columns:
# 586-596
name=unknown_A
#
# <colnr> <probs for GDERKNQSTAVLIFYWHMCP>
#	G	D	E	R	K	N	Q	S	T	A	V	L	I	F	Y	W	H	M	C	P
0	0.00920	0.02906	0.08076	0.00759	0.01018	0.00674	0.06213	0.03154	0.13738	0.12020	0.21251	0.06499	0.04647	0.00610	0.00421	0.00122	0.00337	0.02492	0.00361	0.13782
1	0.05289	0.02574	0.39799	0.00981	0.01405	0.03625	0.07931	0.02790	0.03039	0.08235	0.05806	0.01275	0.03598	0.00462	0.00393	0.00123	0.00489	0.02863	0.01394	0.07928
2	0.04325	0.05173	0.06778	0.00755	0.01048	0.00718	0.04458	0.05410	0.07010	0.38295	0.11407	0.01650	0.07917	0.00554	0.00409	0.00125	0.00355	0.00461	0.00405	0.02749
3	0.00859	0.00774	0.04571	0.01009	0.06153	0.02513	0.11294	0.01225	0.13746	0.05056	0.06198	0.02704	0.01626	0.00753	0.00515	0.00154	0.03568	0.33976	0.00334	0.02971
4	0.01022	0.66436	0.21122	0.00802	0.01208	0.01451	0.00882	0.01231	0.00832	0.01032	0.00602	0.00699	0.00519	0.00356	0.00289	0.00096	0.00472	0.00236	0.00173	0.00539
5	0.00595	0.00443	0.00556	0.00523	0.00630	0.00419	0.00394	0.00839	0.06126	0.01595	0.72675	0.02996	0.09020	0.00826	0.00475	0.00129	0.00200	0.00725	0.00440	0.00396
6	0.00858	0.15668	0.70454	0.01082	0.01640	0.01049	0.01369	0.01274	0.00851	0.01231	0.00702	0.00823	0.00515	0.00379	0.00365	0.00122	0.00573	0.00286	0.00172	0.00587
7	0.00694	0.00474	0.00630	0.00658	0.00779	0.00448	0.00553	0.00871	0.00985	0.05949	0.18514	0.03862	0.10764	0.00984	0.00516	0.00161	0.00315	0.48444	0.00390	0.04008
8	0.01023	0.01180	0.19765	0.01400	0.28073	0.05571	0.01001	0.07636	0.06559	0.07538	0.04567	0.01348	0.08070	0.00479	0.00403	0.00122	0.00455	0.00406	0.00275	0.04129
9	0.04722	0.03507	0.00966	0.00793	0.01016	0.25065	0.00618	0.19120	0.04598	0.05071	0.17142	0.03052	0.01347	0.03956	0.00459	0.00125	0.00446	0.00418	0.00328	0.07250
10	0.04674	0.13903	0.09214	0.00720	0.01022	0.00829	0.00655	0.09191	0.04639	0.21187	0.18144	0.01435	0.01380	0.00507	0.00379	0.00113	0.00354	0.00407	0.00353	0.10893

[dist]
# distance from previous block
# <min> <max>
5	18

[block]
# block no. 1 follows, 66 sequences, length 59
# corresponding to MSA columns:
# 615-673
name=unknown_B
#
# <colnr> <probs for GDERKNQSTAVLIFYWHMCP>
#	G	D	E	R	K	N	Q	S	T	A	V	L	I	F	Y	W	H	M	C	P
0	0.03399	0.69209	0.03448	0.00821	0.05429	0.05181	0.00738	0.04420	0.02264	0.01080	0.00615	0.00704	0.00544	0.00361	0.00283	0.00093	0.00448	0.00238	0.00192	0.00533
1	0.03048	0.02940	0.01149	0.00947	0.05483	0.00761	0.14564	0.04442	0.14906	0.20827	0.12741	0.04374	0.06551	0.00561	0.00426	0.00127	0.00376	0.00505	0.00370	0.04904
2	0.04672	0.67407	0.05744	0.00716	0.01043	0.06028	0.00703	0.01201	0.00853	0.01043	0.04701	0.02952	0.00736	0.00402	0.00289	0.00095	0.00436	0.00273	0.00197	0.00507
3	0.00723	0.00465	0.00588	0.00584	0.00687	0.01297	0.00430	0.00898	0.04521	0.11013	0.28662	0.35478	0.04962	0.02396	0.00510	0.00149	0.00252	0.04364	0.00410	0.01612
4	0.00923	0.00719	0.01163	0.00940	0.01155	0.02325	0.23332	0.06969	0.03113	0.12353	0.12955	0.27049	0.03706	0.00747	0.00472	0.00141	0.00397	0.00705	0.00355	0.00484
5	0.01308	0.00897	0.00981	0.00814	0.01061	0.05031	0.00653	0.21046	0.26955	0.21492	0.07791	0.01428	0.02090	0.00551	0.00458	0.00130	0.04646	0.00434	0.01615	0.00619
6	0.00513	0.00408	0.00461	0.00461	0.00575	0.00356	0.00344	0.00642	0.00980	0.01255	0.27910	0.10807	0.50284	0.00990	0.00484	0.00138	0.00207	0.02433	0.00398	0.00354
7	0.00889	0.00944	0.03193	0.01302	0.01561	0.03609	0.44858	0.01130	0.00884	0.02824	0.04822	0.11485	0.01026	0.00636	0.03300	0.00161	0.15083	0.00538	0.01265	0.00488
8	0.00941	0.41504	0.45349	0.00939	0.01420	0.01254	0.01121	0.01252	0.00841	0.01130	0.00651	0.00760	0.00517	0.00367	0.00327	0.00109	0.00522	0.00261	0.00172	0.00563
9	0.00482	0.00399	0.00423	0.00442	0.00556	0.00340	0.00322	0.00579	0.00895	0.01084	0.03731	0.20417	0.66779	0.01077	0.00487	0.00143	0.00212	0.00916	0.00377	0.00340
10	0.00772	0.00727	0.01228	0.82616	0.04896	0.00903	0.01130	0.01042	0.00814	0.01044	0.00722	0.01080	0.00543	0.00404	0.00406	0.00135	0.00539	0.00361	0.00181	0.00456
11	0.00847	0.12311	0.73716	0.01100	0.01669	0.01023	0.01401	0.01276	0.00853	0.01245	0.00708	0.00832	0.00515	0.00381	0.00370	0.00123	0.00579	0.00290	0.00172	0.00590
12	0.00933	0.00980	0.01441	0.01178	0.01262	0.05604	0.15174	0.01068	0.00709	0.01034	0.00589	0.00916	0.00547	0.00630	0.01129	0.00166	0.65620	0.00372	0.00184	0.00463
13	0.01009	0.00607	0.00710	0.00619	0.00820	0.00590	0.00485	0.03719	0.18780	0.23598	0.16051	0.03596	0.24687	0.00726	0.00440	0.00132	0.00273	0.00609	0.02029	0.00519
14	0.00789	0.00744	0.01258	0.76917	0.10466	0.00907	0.01138	0.01056	0.00822	0.01064	0.00725	0.01074	0.00551	0.00401	0.00405	0.00134	0.00535	0.00361	0.00182	0.00469
15	0.00948	0.01068	0.02306	0.01720	0.06181	0.01005	0.75540	0.01278	0.00951	0.01294	0.00855	0.03295	0.00671	0.00367	0.00476	0.00137	0.00662	0.00490	0.00209	0.00546
16	0.00480	0.00409	0.00413	0.00416	0.00549	0.00342	0.00310	0.00582	0.00920	0.01094	0.04051	0.06472	0.80517	0.01035	0.00481	0.00138	0.00206	0.00866	0.00377	0.00342
17	0.00885	0.24208	0.62156	0.01035	0.01568	0.01117	0.01287	0.01266	0.00848	0.01198	0.00685	0.00802	0.00516	0.00375	0.00352	0.00117	0.00556	0.00278	0.00172	0.00579
18	0.00994	0.00954	0.01629	0.05890	0.79888	0.00961	0.01240	0.01237	0.00919	0.01314	0.00761	0.01007	0.00638	0.00363	0.00402	0.00121	0.00484	0.00361	0.00200	0.00635
19	0.04544	0.00722	0.00946	0.00730	0.01041	0.00652	0.00602	0.06605	0.02516	0.74856	0.01532	0.01337	0.00972	0.00498	0.00403	0.00126	0.00350	0.00400	0.00487	0.00682
20	0.00571	0.00415	0.00538	0.00507	0.00604	0.00381	0.00380	0.00759	0.01141	0.01609	0.80290	0.03061	0.06547	0.00836	0.00479	0.00128	0.00192	0.00738	0.00444	0.00381
21	0.01159	0.00902	0.01517	0.01143	0.01455	0.00886	0.33892	0.12410	0.09676	0.18098	0.04565	0.04619	0.05143	0.00512	0.00465	0.00134	0.02007	0.00500	0.00339	0.00578
22	0.01468	0.01327	0.01161	0.00951	0.01232	0.24476	0.00758	0.49316	0.11831	0.02010	0.00962	0.00974	0.00712	0.00476	0.00396	0.00119	0.00511	0.00348	0.00352	0.00622
23	0.01030	0.01013	0.01622	0.02417	0.79066	0.05169	0.01222	0.01264	0.00935	0.01309	0.00756	0.00990	0.00637	0.00364	0.00400	0.00120	0.00495	0.00356	0.00201	0.00634
24	0.00814	0.02099	0.83640	0.01156	0.01756	0.00942	0.01499	0.01285	0.00857	0.01285	0.00728	0.00857	0.00514	0.00385	0.00385	0.00128	0.00600	0.00300	0.00171	0.00600
25	0.01025	0.00857	0.00926	0.00705	0.01025	0.08284	0.02013	0.09167	0.00990	0.07206	0.00847	0.02428	0.00689	0.00501	0.04571	0.00108	0.00403	0.00297	0.00273	0.57683
26	0.00766	0.00721	0.01217	0.84767	0.02794	0.00901	0.01127	0.01037	0.00811	0.01037	0.00721	0.01082	0.00541	0.00406	0.00406	0.00135	0.00541	0.00361	0.00180	0.00451
27	0.00590	0.00393	0.00442	0.00442	0.00442	0.00393	0.00246	0.00590	0.00590	0.00787	0.01278	0.02655	0.01475	0.85742	0.02065	0.00393	0.00393	0.00590	0.00246	0.00246
28	0.00665	0.00449	0.00501	0.00476	0.00630	0.00384	0.00369	0.00787	0.00973	0.11531	0.10132	0.03551	0.61950	0.00950	0.00475	0.00137	0.00231	0.05017	0.00398	0.00391
29	0.00618	0.00411	0.00541	0.00601	0.00659	0.00392	0.00429	0.03372	0.00860	0.05290	0.04755	0.65403	0.02510	0.02670	0.00539	0.00167	0.00264	0.09770	0.00384	0.00365
30	0.00766	0.00721	0.01217	0.84767	0.02794	0.00901	0.01127	0.01037	0.00811	0.01037	0.00721	0.01082	0.00541	0.00406	0.00406	0.00135	0.00541	0.00361	0.00180	0.00451
31	0.00764	0.00457	0.00598	0.00539	0.00670	0.00414	0.00413	0.00946	0.01140	0.14348	0.66680	0.02814	0.07048	0.00788	0.00468	0.00128	0.00216	0.00689	0.00452	0.00429
32	0.00494	0.00353	0.00471	0.00565	0.00588	0.00330	0.00377	0.00565	0.00777	0.01036	0.02236	0.85477	0.02683	0.01271	0.00518	0.00165	0.00235	0.01153	0.00377	0.00330
33	0.00766	0.00721	0.01217	0.84767	0.02794	0.00901	0.01127	0.01037	0.00811	0.01037	0.00721	0.01082	0.00541	0.00406	0.00406	0.00135	0.00541	0.00361	0.00180	0.00451
34	0.04006	0.00927	0.00982	0.00798	0.01064	0.04636	0.00643	0.36283	0.14632	0.18015	0.01255	0.03837	0.00925	0.00517	0.00392	0.00123	0.00381	0.00406	0.09556	0.00621
35	0.00505	0.00356	0.00471	0.00556	0.00584	0.00331	0.00372	0.00564	0.00770	0.01021	0.02235	0.77533	0.05998	0.01268	0.00573	0.04838	0.00240	0.01098	0.00366	0.00322
36	0.00879	0.00743	0.00861	0.00619	0.00977	0.00579	0.00496	0.05314	0.00898	0.01388	0.00735	0.00848	0.00606	0.00310	0.00306	0.00063	0.00308	0.00247	0.00249	0.83574
37	0.01456	0.01634	0.01117	0.00981	0.01209	0.58797	0.00751	0.17094	0.04591	0.02847	0.05127	0.00944	0.00768	0.00460	0.00382	0.00111	0.00624	0.00317	0.00273	0.00519
38	0.01033	0.00846	0.00901	0.00805	0.01036	0.00964	0.00628	0.02091	0.75270	0.06019	0.01736	0.01591	0.04126	0.00565	0.00415	0.00137	0.00318	0.00470	0.00416	0.00634
39	0.00766	0.00721	0.01217	0.84767	0.02794	0.00901	0.01127	0.01037	0.00811	0.01037	0.00721	0.01082	0.00541	0.00406	0.00406	0.00135	0.00541	0.00361	0.00180	0.00451
40	0.00774	0.00730	0.01225	0.80739	0.04101	0.00913	0.01121	0.01038	0.00807	0.01040	0.00716	0.01074	0.00542	0.00414	0.00435	0.00136	0.03198	0.00360	0.00181	0.00454
41	0.00975	0.00934	0.01594	0.12526	0.73402	0.00956	0.01231	0.01220	0.00910	0.01290	0.00758	0.01014	0.00630	0.00367	0.00402	0.00122	0.00489	0.00361	0.00198	0.00619
42	0.00494	0.00353	0.00471	0.00565	0.00588	0.00330	0.00377	0.00565	0.00777	0.01036	0.02236	0.85477	0.02683	0.01271	0.00518	0.00165	0.00235	0.01153	0.00377	0.00330
43	0.01526	0.01795	0.01155	0.01022	0.01250	0.70647	0.00778	0.12917	0.01257	0.03000	0.00697	0.00780	0.00557	0.00430	0.00372	0.00107	0.00683	0.00279	0.00243	0.00506
44	0.31427	0.00729	0.00762	0.00621	0.00892	0.00720	0.00499	0.06168	0.03894	0.17897	0.05048	0.05063	0.00928	0.02027	0.00367	0.00117	0.00317	0.00356	0.00329	0.21840
45	0.00989	0.00894	0.00775	0.00694	0.00863	0.22084	0.00530	0.06449	0.03774	0.08237	0.35223	0.03815	0.11665	0.00691	0.00436	0.00122	0.00368	0.00569	0.00374	0.01449
46	0.00570	0.00413	0.00537	0.00510	0.00604	0.00381	0.00381	0.00756	0.01134	0.01600	0.79103	0.05159	0.05635	0.00845	0.00480	0.00129	0.00193	0.00747	0.00443	0.00381
47	0.00511	0.00363	0.00478	0.00558	0.00585	0.00342	0.00375	0.00586	0.00783	0.01048	0.05972	0.71852	0.02623	0.08487	0.00650	0.00183	0.00251	0.03659	0.00369	0.00326
48	0.00780	0.00764	0.03877	0.70801	0.06614	0.00888	0.01096	0.01026	0.00797	0.01040	0.00717	0.01072	0.00554	0.00466	0.00497	0.04811	0.03213	0.00358	0.00181	0.00450
49	0.37526	0.01002	0.00872	0.02249	0.01021	0.13664	0.00596	0.18069	0.02707	0.12993	0.00857	0.00934	0.00640	0.02700	0.02449	0.00142	0.00435	0.00304	0.00312	0.00528
50	0.00514	0.00395	0.00472	0.00505	0.00586	0.00357	0.00359	0.00639	0.02400	0.01183	0.18463	0.39279	0.31206	0.01087	0.00495	0.00147	0.00218	0.00955	0.00391	0.00350
51	0.00806	0.00484	0.00563	0.00505	0.00674	0.00420	0.00390	0.02222	0.01027	0.19087	0.17389	0.03139	0.48835	0.02029	0.00484	0.00136	0.00240	0.00726	0.00415	0.00429
52	0.07912	0.01113	0.01069	0.00945	0.03785	0.23098	0.07601	0.12060	0.16718	0.04582	0.07617	0.06345	0.02047	0.00537	0.00401	0.00124	0.00464	0.00438	0.02613	0.00531
53	0.30008	0.00942	0.01307	0.01006	0.01301	0.02488	0.26402	0.18577	0.01058	0.01704	0.00981	0.03822	0.04821	0.01973	0.00429	0.00135	0.01843	0.00406	0.00278	0.00517
54	0.00543	0.00390	0.00447	0.00465	0.00509	0.00367	0.00297	0.00594	0.00743	0.00965	0.07306	0.20597	0.21006	0.42542	0.01264	0.00268	0.00303	0.00781	0.00317	0.00295
55	0.00580	0.00431	0.00634	0.00634	0.00700	0.00497	0.00484	0.00713	0.00647	0.00928	0.01103	0.01686	0.01054	0.10258	0.76974	0.00629	0.01026	0.00448	0.00220	0.00352
56	0.00927	0.00777	0.00870	0.00700	0.00990	0.00739	0.00552	0.07350	0.28573	0.01529	0.02344	0.05370	0.00994	0.00464	0.00363	0.00099	0.00314	0.01289	0.00322	0.45433
57	0.01166	0.00825	0.01156	0.05129	0.16239	0.02072	0.02328	0.09217	0.02038	0.21578	0.08140	0.01316	0.02637	0.00597	0.02268	0.00146	0.19584	0.00414	0.00318	0.02831
58	0.29067	0.00997	0.00965	0.00769	0.01066	0.05336	0.00630	0.39227	0.01338	0.08786	0.00858	0.00885	0.00621	0.00435	0.00347	0.00118	0.00399	0.00307	0.00341	0.07509

[dist]
# distance from previous block
# <min> <max>
0	2

[block]
# block no. 2 follows, 66 sequences, length 13
# corresponding to MSA columns:
# 676-688
name=unknown_C
#
# <colnr> <probs for GDERKNQSTAVLIFYWHMCP>
#	G	D	E	R	K	N	Q	S	T	A	V	L	I	F	Y	W	H	M	C	P
0	0.00916	0.33643	0.52987	0.00983	0.01487	0.01192	0.01196	0.01259	0.00844	0.01161	0.00666	0.00779	0.00516	0.00371	0.00338	0.00113	0.00537	0.00269	0.00172	0.00570
1	0.00847	0.00804	0.01364	0.56651	0.30274	0.00923	0.01167	0.01108	0.00850	0.01135	0.00735	0.01055	0.00576	0.00391	0.00404	0.00130	0.00521	0.00361	0.00187	0.00516
2	0.00937	0.40298	0.46521	0.00946	0.01431	0.01244	0.01133	0.01253	0.00842	0.01134	0.00653	0.00763	0.00517	0.00368	0.00328	0.00109	0.00524	0.00262	0.00172	0.00564
3	0.08977	0.00822	0.00903	0.00747	0.01005	0.06383	0.00597	0.12580	0.10083	0.40521	0.03261	0.10010	0.01144	0.00576	0.00405	0.00129	0.00365	0.00466	0.00424	0.00604
4	0.00761	0.00430	0.00558	0.00575	0.00673	0.00385	0.00412	0.00854	0.00875	0.17756	0.02370	0.57017	0.13590	0.01081	0.00490	0.00153	0.00253	0.00961	0.00402	0.00404
5	0.00604	0.00443	0.00538	0.00591	0.00652	0.02808	0.00421	0.00729	0.02953	0.03715	0.12204	0.56668	0.05198	0.03153	0.00542	0.00163	0.00264	0.07611	0.00382	0.00362
6	0.07903	0.00875	0.03132	0.05154	0.04506	0.04097	0.03216	0.19633	0.03801	0.30684	0.04856	0.04472	0.01008	0.00512	0.00397	0.00125	0.00395	0.00417	0.04215	0.00599
7	0.00590	0.00398	0.00512	0.02298	0.00582	0.00409	0.00349	0.00612	0.00639	0.00857	0.01416	0.12840	0.05586	0.41298	0.17081	0.12905	0.00491	0.00608	0.00253	0.00278
8	0.00664	0.00448	0.00564	0.00553	0.00662	0.00419	0.00414	0.00865	0.05365	0.07563	0.39750	0.21630	0.13835	0.00930	0.00483	0.00141	0.00231	0.04661	0.00420	0.00402
9	0.00839	0.11033	0.48754	0.00933	0.01407	0.00897	0.01091	0.01217	0.03791	0.01295	0.06712	0.01012	0.00799	0.00402	0.00362	0.00110	0.00481	0.00316	0.00214	0.18335
10	0.02694	0.11162	0.35966	0.01043	0.05574	0.08063	0.02486	0.06749	0.03927	0.13677	0.04234	0.01029	0.00769	0.00430	0.00379	0.00121	0.00507	0.00336	0.00263	0.00590
11	0.06482	0.00702	0.02542	0.00643	0.00892	0.00636	0.00516	0.07822	0.09487	0.08068	0.10118	0.08096	0.04613	0.02492	0.03589	0.00133	0.00334	0.00456	0.02142	0.30236
12	0.03604	0.00806	0.07893	0.00733	0.00987	0.01959	0.00637	0.08170	0.09726	0.09464	0.07292	0.10382	0.01447	0.00653	0.00419	0.00126	0.00350	0.14252	0.00344	0.20755

[dist]
# distance from previous block
# <min> <max>
6	20

[block]
# block no. 3 follows, 66 sequences, length 39
# corresponding to MSA columns:
# 709-747
name=unknown_D
#
# <colnr> <probs for GDERKNQSTAVLIFYWHMCP>
#	G	D	E	R	K	N	Q	S	T	A	V	L	I	F	Y	W	H	M	C	P
0	0.15572	0.00753	0.00872	0.00844	0.08653	0.00795	0.00591	0.17317	0.04780	0.06050	0.06051	0.09176	0.02549	0.11067	0.00637	0.00158	0.04573	0.00466	0.00319	0.08775
1	0.00800	0.00752	0.01275	0.54486	0.20898	0.00866	0.03339	0.01049	0.00834	0.01106	0.00882	0.04291	0.02470	0.00571	0.04587	0.00159	0.00540	0.00408	0.00199	0.00486
2	0.02396	0.00991	0.01028	0.00853	0.02888	0.07758	0.00669	0.36025	0.13323	0.10631	0.06555	0.01311	0.04255	0.00514	0.00399	0.00118	0.00399	0.00405	0.00380	0.09102
3	0.01598	0.00857	0.01022	0.00800	0.01100	0.00866	0.00654	0.29920	0.10145	0.43830	0.02709	0.01298	0.00972	0.01758	0.00433	0.00129	0.00376	0.00406	0.00454	0.00674
4	0.01179	0.00872	0.00929	0.00765	0.01028	0.04376	0.00610	0.21578	0.26344	0.12728	0.06154	0.01553	0.08593	0.00552	0.00405	0.00121	0.00352	0.00446	0.00393	0.11022
5	0.03789	0.00876	0.01238	0.01546	0.38432	0.00905	0.00897	0.14915	0.11037	0.09060	0.04125	0.05368	0.03305	0.00514	0.00414	0.00128	0.00407	0.02118	0.00316	0.00610
6	0.01188	0.00963	0.01091	0.00852	0.01161	0.07259	0.06823	0.21229	0.16660	0.09189	0.02065	0.01123	0.01743	0.00439	0.00380	0.00107	0.00404	0.00360	0.00337	0.26626
7	0.00720	0.00581	0.00698	0.00597	0.00815	0.00477	0.00447	0.03670	0.00852	0.01245	0.01369	0.36535	0.01482	0.00716	0.00396	0.00106	0.00278	0.00630	0.00304	0.48083
8	0.00598	0.00399	0.00509	0.00545	0.00621	0.00362	0.00388	0.00703	0.00894	0.06688	0.16137	0.50328	0.16216	0.01101	0.00498	0.00152	0.00234	0.02867	0.00397	0.00366
9	0.00916	0.00702	0.00831	0.00605	0.00948	0.00537	0.00484	0.01092	0.00880	0.09008	0.02716	0.01032	0.03198	0.00353	0.00320	0.00070	0.00299	0.00285	0.00274	0.75449
10	0.00814	0.02099	0.83640	0.01156	0.01756	0.00942	0.01499	0.01285	0.00857	0.01285	0.00728	0.00857	0.00514	0.00385	0.00385	0.00128	0.00600	0.00300	0.00171	0.00600
11	0.00559	0.00418	0.00496	0.00474	0.00590	0.00370	0.00356	0.00713	0.01058	0.02917	0.49364	0.03356	0.36046	0.00904	0.00478	0.00131	0.00200	0.00778	0.00419	0.00372
12	0.01077	0.83531	0.04511	0.00708	0.01062	0.01586	0.00718	0.01217	0.00825	0.00964	0.00569	0.00657	0.00520	0.00348	0.00264	0.00088	0.00439	0.00219	0.00173	0.00523
13	0.05084	0.00673	0.00858	0.00690	0.00958	0.00624	0.00560	0.02920	0.09411	0.57226	0.11151	0.02705	0.04150	0.00568	0.00414	0.00128	0.00319	0.00468	0.00469	0.00623
14	0.00580	0.00435	0.00652	0.00652	0.00724	0.00507	0.00507	0.00724	0.00652	0.00942	0.01087	0.01594	0.01014	0.03043	0.84134	0.00652	0.01087	0.00435	0.00217	0.00362
15	0.00520	0.00400	0.00447	0.00465	0.00549	0.00360	0.00327	0.00604	0.00841	0.01057	0.08093	0.17297	0.43002	0.19599	0.00837	0.00199	0.00258	0.04468	0.00352	0.00323
16	0.00845	0.00832	0.01112	0.03540	0.01053	0.04577	0.00809	0.00949	0.00660	0.00975	0.00694	0.03978	0.00688	0.01097	0.15023	0.00252	0.61902	0.00393	0.00193	0.00428
17	0.00494	0.00353	0.00471	0.00565	0.00588	0.00330	0.00377	0.00565	0.00777	0.01036	0.02236	0.85477	0.02683	0.01271	0.00518	0.00165	0.00235	0.01153	0.00377	0.00330
18	0.00494	0.00353	0.00471	0.00565	0.00588	0.00330	0.00377	0.00565	0.00777	0.01036	0.02236	0.85477	0.02683	0.01271	0.00518	0.00165	0.00235	0.01153	0.00377	0.00330
19	0.00601	0.00429	0.00539	0.00535	0.00634	0.00399	0.00399	0.00788	0.03809	0.03873	0.46651	0.18708	0.15261	0.00938	0.00486	0.00139	0.00220	0.04788	0.00420	0.00384
20	0.00494	0.00356	0.00468	0.00557	0.00586	0.00330	0.00373	0.00566	0.00784	0.01039	0.02330	0.81410	0.06690	0.01259	0.00516	0.00163	0.00234	0.01139	0.00377	0.00330
21	0.00555	0.00406	0.00522	0.00519	0.00606	0.00373	0.00384	0.00717	0.01057	0.01463	0.59120	0.17159	0.10940	0.00933	0.00488	0.00137	0.00207	0.03619	0.00426	0.00370
22	0.00839	0.00798	0.01346	0.50006	0.25114	0.00925	0.03579	0.01082	0.00827	0.01114	0.00744	0.01094	0.00602	0.02376	0.02315	0.00151	0.06028	0.00371	0.00189	0.00501
23	0.00530	0.00380	0.00496	0.00577	0.00611	0.00361	0.00390	0.03338	0.00815	0.01088	0.02193	0.82594	0.02615	0.01244	0.00514	0.00163	0.00243	0.01126	0.00378	0.00342
24	0.00486	0.00397	0.00429	0.00452	0.00560	0.00340	0.00327	0.00583	0.00893	0.01094	0.05641	0.24402	0.60819	0.01084	0.00489	0.00144	0.00213	0.00928	0.00378	0.00340
25	0.01085	0.85986	0.02126	0.00694	0.01041	0.01605	0.00694	0.01215	0.00824	0.00955	0.00564	0.00651	0.00521	0.00347	0.00260	0.00087	0.00434	0.00217	0.00174	0.00521
26	0.04290	0.05452	0.03504	0.00978	0.08880	0.11241	0.00728	0.08417	0.30406	0.14583	0.02791	0.01354	0.03070	0.00509	0.00396	0.00126	0.00411	0.01905	0.00355	0.00601
27	0.14975	0.01481	0.13033	0.07307	0.07861	0.33412	0.04682	0.09166	0.01050	0.01360	0.00691	0.00828	0.00540	0.00408	0.00378	0.00119	0.01666	0.00297	0.00226	0.00521
28	0.00948	0.14571	0.09365	0.14008	0.46417	0.01037	0.02938	0.01194	0.00882	0.01211	0.00767	0.03481	0.00657	0.00395	0.00383	0.00120	0.00491	0.00359	0.00196	0.00580
29	0.00631	0.00561	0.02075	0.00679	0.00737	0.05070	0.00513	0.00734	0.00740	0.00996	0.01593	0.38667	0.04088	0.04500	0.25972	0.00317	0.10728	0.00749	0.00287	0.00363
30	0.02202	0.13312	0.27238	0.01255	0.13804	0.06246	0.09525	0.05850	0.05228	0.07464	0.01672	0.00966	0.00664	0.00399	0.00380	0.00119	0.00519	0.00336	0.00238	0.02582
31	0.00886	0.14120	0.36596	0.11080	0.17138	0.01011	0.04936	0.01210	0.00861	0.01211	0.00746	0.02737	0.00599	0.00391	0.00375	0.00119	0.00527	0.00330	0.00188	0.04939
32	0.03683	0.00717	0.00949	0.00729	0.01042	0.00639	0.00602	0.06339	0.01192	0.77289	0.01544	0.01343	0.00975	0.00499	0.00404	0.00125	0.00350	0.00402	0.00491	0.00685
33	0.04801	0.00646	0.03284	0.00655	0.00829	0.00621	0.02326	0.10677	0.07862	0.06335	0.47816	0.03890	0.05492	0.00715	0.00465	0.00130	0.01965	0.00611	0.00410	0.00470
34	0.00927	0.01022	0.11707	0.12574	0.10903	0.03152	0.23161	0.02782	0.07663	0.05602	0.08636	0.01426	0.03321	0.04711	0.00514	0.00144	0.00507	0.00454	0.00263	0.00531
35	0.00760	0.00399	0.00408	0.00405	0.00500	0.00401	0.00301	0.03186	0.00869	0.01496	0.01358	0.05719	0.01125	0.03123	0.00353	0.00108	0.00205	0.00423	0.78481	0.00380
36	0.01548	0.01071	0.01168	0.00899	0.01217	0.01168	0.00742	0.70521	0.03246	0.11093	0.01059	0.01036	0.00739	0.00490	0.00404	0.00122	0.00429	0.00372	0.01995	0.00684
37	0.03049	0.34054	0.24578	0.01139	0.01573	0.01223	0.26544	0.01260	0.00872	0.01175	0.00690	0.00848	0.00547	0.00357	0.00364	0.00115	0.00556	0.00323	0.00185	0.00549
38	0.02483	0.04365	0.04074	0.00892	0.01169	0.00746	0.14197	0.06789	0.02300	0.37206	0.04189	0.14799	0.01229	0.00603	0.00458	0.00134	0.02875	0.00533	0.00384	0.00576

[dist]
# distance from previous block
# <min> <max>
0	1

[block]
# block no. 4 follows, 66 sequences, length 32
# corresponding to MSA columns:
# 749-780
name=unknown_E
#
# <colnr> <probs for GDERKNQSTAVLIFYWHMCP>
#	G	D	E	R	K	N	Q	S	T	A	V	L	I	F	Y	W	H	M	C	P
0	0.00498	0.00355	0.00470	0.00560	0.00583	0.00332	0.00372	0.00566	0.00770	0.01026	0.02199	0.82277	0.02637	0.04535	0.00578	0.00174	0.00241	0.01132	0.00372	0.00326
1	0.00665	0.00455	0.00622	0.00685	0.00781	0.00442	0.00575	0.00836	0.00952	0.04421	0.12274	0.12801	0.05568	0.01073	0.00537	0.00173	0.00329	0.56041	0.00388	0.00381
2	0.03476	0.01096	0.01526	0.01196	0.03590	0.13515	0.29625	0.11540	0.07442	0.19795	0.01064	0.02508	0.00776	0.00440	0.00425	0.00127	0.00536	0.00416	0.00317	0.00589
3	0.01004	0.00964	0.01647	0.02490	0.83211	0.00964	0.01245	0.01245	0.00924	0.01325	0.00763	0.01004	0.00643	0.00361	0.00402	0.00120	0.00482	0.00361	0.00201	0.00643
4	0.00506	0.00407	0.00451	0.00451	0.00567	0.00352	0.00334	0.00629	0.00970	0.01229	0.24565	0.11043	0.55077	0.00998	0.00483	0.00137	0.00205	0.00851	0.00395	0.00352
5	0.02092	0.00717	0.00858	0.00749	0.00957	0.00756	0.04409	0.06566	0.35028	0.09689	0.14960	0.03249	0.12146	0.00679	0.00442	0.00137	0.00315	0.05303	0.00407	0.00543
6	0.15724	0.04047	0.03082	0.00743	0.01027	0.04911	0.00624	0.18613	0.05783	0.30576	0.04653	0.01347	0.05141	0.00516	0.00382	0.00124	0.00376	0.01349	0.00390	0.00593
7	0.00941	0.01046	0.02197	0.01640	0.04989	0.01018	0.68782	0.01267	0.02255	0.01271	0.00823	0.01103	0.00636	0.00475	0.03749	0.00159	0.06439	0.00464	0.00207	0.00538
8	0.01516	0.01934	0.01150	0.01045	0.01254	0.84113	0.00784	0.01620	0.01150	0.00993	0.00627	0.00732	0.00523	0.00418	0.00366	0.00105	0.00732	0.00261	0.00209	0.00470
9	0.00766	0.00721	0.01217	0.84767	0.02794	0.00901	0.01127	0.01037	0.00811	0.01037	0.00721	0.01082	0.00541	0.00406	0.00406	0.00135	0.00541	0.00361	0.00180	0.00451
10	0.00766	0.00721	0.01217	0.84767	0.02794	0.00901	0.01127	0.01037	0.00811	0.01037	0.00721	0.01082	0.00541	0.00406	0.00406	0.00135	0.00541	0.00361	0.00180	0.00451
11	0.01094	0.00907	0.00958	0.00833	0.01077	0.01035	0.00656	0.17305	0.64453	0.01842	0.01602	0.01489	0.03801	0.00554	0.00414	0.00135	0.00341	0.00454	0.00410	0.00642
12	0.00519	0.00388	0.00466	0.00520	0.00587	0.00355	0.00361	0.02319	0.00849	0.01100	0.02764	0.56126	0.27463	0.01157	0.00497	0.00153	0.00229	0.01023	0.02780	0.00343
13	0.01085	0.85986	0.02126	0.00694	0.01041	0.01605	0.00694	0.01215	0.00824	0.00955	0.00564	0.00651	0.00521	0.00347	0.00260	0.00087	0.00434	0.00217	0.00174	0.00521
14	0.00519	0.00383	0.00515	0.00596	0.00621	0.00379	0.00412	0.00595	0.00775	0.01040	0.02151	0.78318	0.02567	0.01238	0.00558	0.00166	0.04298	0.04164	0.00367	0.00337
15	0.00501	0.00411	0.00444	0.00455	0.00576	0.00354	0.00344	0.00615	0.00934	0.01148	0.10998	0.10044	0.64269	0.01034	0.00488	0.00142	0.00218	0.06296	0.00383	0.00347
16	0.11331	0.00703	0.00885	0.00703	0.00994	0.00653	0.00575	0.01856	0.07249	0.65442	0.01511	0.04177	0.01017	0.00518	0.00395	0.00128	0.00336	0.00416	0.00463	0.00647
17	0.01820	0.00690	0.00942	0.00722	0.01036	0.00596	0.00596	0.01977	0.01161	0.83492	0.01601	0.01381	0.01004	0.00502	0.00408	0.00126	0.00345	0.00408	0.00502	0.00690
18	0.00989	0.00948	0.01619	0.07772	0.78048	0.00960	0.01238	0.01232	0.00917	0.01307	0.00760	0.01009	0.00636	0.00364	0.00402	0.00121	0.00486	0.00361	0.00200	0.00630
19	0.00910	0.00516	0.00541	0.00486	0.00623	0.00531	0.00374	0.14267	0.01025	0.04682	0.01346	0.01538	0.03117	0.04790	0.00403	0.00116	0.00248	0.00400	0.63653	0.00433
20	0.00580	0.00435	0.00652	0.00652	0.00724	0.00507	0.00507	0.00724	0.00652	0.00942	0.01087	0.01594	0.01014	0.03043	0.84134	0.00652	0.01087	0.00435	0.00217	0.00362
21	0.00590	0.00393	0.00442	0.00442	0.00442	0.00393	0.00246	0.00590	0.00590	0.00787	0.01278	0.02655	0.01475	0.85742	0.02065	0.00393	0.00393	0.00590	0.00246	0.00246
22	0.00580	0.00435	0.00652	0.00652	0.00724	0.00507	0.00507	0.00724	0.00652	0.00942	0.01087	0.01594	0.01014	0.03043	0.84134	0.00652	0.01087	0.00435	0.00217	0.00362
23	0.00836	0.00808	0.01131	0.00984	0.00993	0.01112	0.00809	0.00927	0.00623	0.00963	0.00637	0.01062	0.00638	0.05346	0.11219	0.00245	0.70681	0.00377	0.00186	0.00424
24	0.01450	0.01069	0.01158	0.00911	0.01211	0.01180	0.00752	0.73277	0.03174	0.02418	0.01092	0.03304	0.00855	0.00548	0.00419	0.00127	0.00434	0.05558	0.00403	0.00660
25	0.00763	0.00714	0.01200	0.82279	0.02736	0.00889	0.01113	0.01031	0.00815	0.01042	0.00763	0.01185	0.00594	0.00427	0.00410	0.00137	0.00536	0.02732	0.00186	0.00448
26	0.01063	0.00590	0.00731	0.00615	0.00805	0.00565	0.00487	0.12723	0.01231	0.24045	0.40239	0.02201	0.05058	0.00671	0.00434	0.00124	0.00270	0.00569	0.07070	0.00509
27	0.00975	0.00520	0.00721	0.00650	0.00795	0.00532	0.00505	0.01131	0.02830	0.26575	0.01337	0.01686	0.02575	0.11336	0.45423	0.00438	0.00744	0.00452	0.00317	0.00458
28	0.00814	0.02099	0.83640	0.01156	0.01756	0.00942	0.01499	0.01285	0.00857	0.01285	0.00728	0.00857	0.00514	0.00385	0.00385	0.00128	0.00600	0.00300	0.00171	0.00600
29	0.00494	0.00355	0.00469	0.00560	0.00587	0.00330	0.00374	0.00566	0.00782	0.01038	0.02299	0.82738	0.05381	0.01263	0.00517	0.00164	0.00234	0.01143	0.00377	0.00330
30	0.01045	0.00981	0.00907	0.00836	0.02619	0.14458	0.00632	0.05166	0.50862	0.01568	0.07527	0.01590	0.05541	0.00565	0.00408	0.00129	0.00376	0.00459	0.03759	0.00571
31	0.16566	0.18541	0.03728	0.00887	0.01145	0.49267	0.00727	0.02772	0.01008	0.01164	0.00612	0.00711	0.00510	0.00397	0.00326	0.00106	0.00591	0.00248	0.00211	0.00483

[dist]
# distance from previous block
# <min> <max>
0	1

[block]
# block no. 5 follows, 66 sequences, length 99
# corresponding to MSA columns:
# 782-880
name=unknown_F
#
# <colnr> <probs for GDERKNQSTAVLIFYWHMCP>
#	G	D	E	R	K	N	Q	S	T	A	V	L	I	F	Y	W	H	M	C	P
0	0.02213	0.06223	0.03221	0.09110	0.25022	0.06625	0.32587	0.02484	0.02388	0.02490	0.00805	0.01028	0.00630	0.00372	0.00416	0.00125	0.00566	0.00392	0.02745	0.00559
1	0.00497	0.00356	0.00476	0.00568	0.00593	0.00335	0.00381	0.00570	0.00773	0.01033	0.02202	0.82952	0.02633	0.01324	0.03034	0.00179	0.00261	0.01132	0.00372	0.00331
2	0.01028	0.48263	0.26431	0.00880	0.01275	0.03555	0.00955	0.05801	0.00891	0.01147	0.00636	0.00748	0.00529	0.00392	0.00378	0.00108	0.05988	0.00260	0.00187	0.00548
3	0.09527	0.00905	0.01223	0.01582	0.40662	0.03584	0.00895	0.12216	0.09802	0.01532	0.02274	0.10231	0.00976	0.02294	0.00436	0.00133	0.00419	0.00452	0.00280	0.00578
4	0.00489	0.00418	0.00421	0.00419	0.00556	0.00353	0.00315	0.00609	0.02071	0.01117	0.05967	0.03850	0.80002	0.01016	0.00479	0.00137	0.00207	0.00848	0.00379	0.00348
5	0.00776	0.00731	0.01235	0.81365	0.06119	0.00904	0.01132	0.01045	0.00816	0.01049	0.00723	0.01078	0.00545	0.00404	0.00405	0.00135	0.00538	0.00361	0.00181	0.00459
6	0.64642	0.00801	0.00711	0.00598	0.00870	0.00881	0.00492	0.08669	0.00871	0.12481	0.00745	0.00792	0.00544	0.00399	0.00288	0.00122	0.00329	0.00259	0.00297	0.05208
7	0.00578	0.00394	0.00455	0.00470	0.00480	0.00391	0.00277	0.00610	0.01911	0.00850	0.01496	0.17617	0.02802	0.67991	0.01738	0.00345	0.00361	0.00693	0.00274	0.00268
8	0.00497	0.00354	0.00470	0.00562	0.00585	0.00331	0.00373	0.00566	0.00772	0.01029	0.02212	0.83358	0.02652	0.03432	0.00557	0.00171	0.00239	0.01139	0.00373	0.00327
9	0.00864	0.00855	0.01198	0.01035	0.01038	0.01188	0.00858	0.00955	0.00627	0.00977	0.00601	0.03181	0.00610	0.00822	0.04733	0.00197	0.79262	0.00380	0.00184	0.00437
10	0.04688	0.00780	0.00914	0.00752	0.01001	0.02230	0.00600	0.26468	0.01291	0.35630	0.01490	0.19756	0.01247	0.00661	0.00425	0.00133	0.00358	0.00549	0.00430	0.00597
11	0.00773	0.00728	0.01230	0.82291	0.05214	0.00903	0.01130	0.01043	0.00815	0.01045	0.00722	0.01079	0.00544	0.00404	0.00406	0.00135	0.00539	0.00361	0.00181	0.00456
12	0.00494	0.00353	0.00471	0.00565	0.00588	0.00330	0.00377	0.00565	0.00777	0.01036	0.02236	0.85477	0.02683	0.01271	0.00518	0.00165	0.00235	0.01153	0.00377	0.00330
13	0.00766	0.00721	0.01217	0.84767	0.02794	0.00901	0.01127	0.01037	0.00811	0.01037	0.00721	0.01082	0.00541	0.00406	0.00406	0.00135	0.00541	0.00361	0.00180	0.00451
14	0.01009	0.00872	0.00917	0.00826	0.01055	0.01009	0.00642	0.02156	0.82478	0.01697	0.01651	0.01514	0.01238	0.00550	0.00413	0.00138	0.00321	0.00459	0.00413	0.00642
15	0.01768	0.00753	0.00978	0.00752	0.01066	0.00692	0.00620	0.12615	0.02789	0.71180	0.01518	0.01329	0.00967	0.00501	0.00408	0.00125	0.00358	0.00403	0.00488	0.00689
16	0.01009	0.00872	0.00917	0.00826	0.01055	0.01009	0.00642	0.02156	0.82478	0.01697	0.01651	0.01514	0.01238	0.00550	0.00413	0.00138	0.00321	0.00459	0.00413	0.00642
17	0.00494	0.00353	0.00471	0.00565	0.00588	0.00330	0.00377	0.00565	0.00777	0.01036	0.02236	0.85477	0.02683	0.01271	0.00518	0.00165	0.00235	0.01153	0.00377	0.00330
18	0.00776	0.00731	0.01235	0.81365	0.06119	0.00904	0.01132	0.01045	0.00816	0.01049	0.00723	0.01078	0.00545	0.00404	0.00405	0.00135	0.00538	0.00361	0.00181	0.00459
19	0.01495	0.01877	0.01172	0.01103	0.04643	0.78942	0.00803	0.03283	0.01156	0.01039	0.00640	0.00748	0.00531	0.00417	0.00368	0.00106	0.00715	0.00268	0.00213	0.00482
20	0.01085	0.85986	0.02126	0.00694	0.01041	0.01605	0.00694	0.01215	0.00824	0.00955	0.00564	0.00651	0.00521	0.00347	0.00260	0.00087	0.00434	0.00217	0.00174	0.00521
21	0.00587	0.00405	0.00502	0.00502	0.00523	0.00426	0.00320	0.00628	0.00608	0.00831	0.01224	0.02352	0.01343	0.62129	0.25498	0.00467	0.00591	0.00546	0.00238	0.00279
22	0.00814	0.02099	0.83640	0.01156	0.01756	0.00942	0.01499	0.01285	0.00857	0.01285	0.00728	0.00857	0.00514	0.00385	0.00385	0.00128	0.00600	0.00300	0.00171	0.00600
23	0.88607	0.00785	0.00596	0.00534	0.00785	0.00910	0.00439	0.01193	0.00690	0.01820	0.00565	0.00659	0.00439	0.00377	0.00251	0.00126	0.00314	0.00220	0.00251	0.00439
24	0.00958	0.01094	0.02394	0.01710	0.02120	0.01026	0.81737	0.01300	0.00958	0.01300	0.00821	0.01094	0.00616	0.00342	0.00479	0.00137	0.00684	0.00479	0.00205	0.00547
25	0.06905	0.00696	0.00921	0.00711	0.01021	0.00615	0.00587	0.01931	0.01134	0.78707	0.01540	0.01339	0.00971	0.00495	0.00399	0.00126	0.00343	0.00397	0.00487	0.00676
26	0.00574	0.00415	0.00542	0.00510	0.00606	0.00383	0.00383	0.00766	0.01148	0.01627	0.82997	0.03031	0.03828	0.00829	0.00479	0.00128	0.00191	0.00734	0.00447	0.00383
27	0.00494	0.00355	0.00469	0.00560	0.00587	0.00330	0.00375	0.00565	0.00781	0.01038	0.02293	0.82992	0.05132	0.01264	0.00517	0.00164	0.00234	0.01144	0.00377	0.00330
28	0.00482	0.00409	0.00416	0.00419	0.00551	0.00343	0.00312	0.00585	0.00922	0.01102	0.05306	0.07215	0.78493	0.01034	0.00481	0.00138	0.00206	0.00866	0.00378	0.00343
29	0.01516	0.01934	0.01150	0.01045	0.01254	0.84113	0.00784	0.01620	0.01150	0.00993	0.00627	0.00732	0.00523	0.00418	0.00366	0.00105	0.00732	0.00261	0.00209	0.00470
30	0.00756	0.00378	0.00378	0.00378	0.00473	0.00378	0.00284	0.00945	0.00851	0.01513	0.01324	0.01513	0.01040	0.00473	0.00284	0.00095	0.00189	0.00378	0.87994	0.00378
31	0.00494	0.00354	0.00470	0.00562	0.00588	0.00330	0.00375	0.00565	0.00779	0.01037	0.02270	0.84002	0.04137	0.01267	0.00517	0.00164	0.00235	0.01148	0.00377	0.00330
32	0.00494	0.00353	0.00471	0.00565	0.00588	0.00330	0.00377	0.00565	0.00777	0.01036	0.02236	0.85477	0.02683	0.01271	0.00518	0.00165	0.00235	0.01153	0.00377	0.00330
33	0.00766	0.00721	0.01217	0.84767	0.02794	0.00901	0.01127	0.01037	0.00811	0.01037	0.00721	0.01082	0.00541	0.00406	0.00406	0.00135	0.00541	0.00361	0.00180	0.00451
34	0.01516	0.01934	0.01150	0.01045	0.01254	0.84113	0.00784	0.01620	0.01150	0.00993	0.00627	0.00732	0.00523	0.00418	0.00366	0.00105	0.00732	0.00261	0.00209	0.00470
35	0.00580	0.00435	0.00652	0.00652	0.00724	0.00507	0.00507	0.00724	0.00652	0.00942	0.01087	0.01594	0.01014	0.03043	0.84134	0.00652	0.01087	0.00435	0.00217	0.00362
36	0.00494	0.00353	0.00471	0.00565	0.00588	0.00330	0.00377	0.00565	0.00777	0.01036	0.02236	0.85477	0.02683	0.01271	0.00518	0.00165	0.00235	0.01153	0.00377	0.00330
37	0.00889	0.00893	0.01272	0.01082	0.01092	0.01237	0.02956	0.00985	0.00630	0.00985	0.00540	0.00893	0.00535	0.00701	0.01310	0.00176	0.82842	0.00358	0.00178	0.00446
38	0.00580	0.00433	0.00646	0.00646	0.00716	0.00504	0.00499	0.00720	0.00650	0.00937	0.01092	0.01626	0.01028	0.05532	0.81664	0.00644	0.01066	0.00439	0.00218	0.00359
39	0.01533	0.01482	0.01182	0.01002	0.02593	0.39325	0.00778	0.40312	0.01512	0.05188	0.00837	0.00880	0.00625	0.00454	0.00387	0.00114	0.00574	0.00319	0.00316	0.00588
40	0.00494	0.00353	0.00471	0.00565	0.00588	0.00330	0.00377	0.00565	0.00777	0.01036	0.02236	0.85477	0.02683	0.01271	0.00518	0.00165	0.00235	0.01153	0.00377	0.00330
41	0.00580	0.00435	0.00652	0.00652	0.00724	0.00507	0.00507	0.00724	0.00652	0.00942	0.01087	0.01594	0.01014	0.03043	0.84134	0.00652	0.01087	0.00435	0.00217	0.00362
42	0.01079	0.84231	0.03831	0.00704	0.01056	0.01591	0.00711	0.01216	0.00825	0.00961	0.00567	0.00655	0.00521	0.00348	0.00263	0.00088	0.00437	0.00219	0.00174	0.00522
43	0.00958	0.01094	0.02394	0.01710	0.02120	0.01026	0.81737	0.01300	0.00958	0.01300	0.00821	0.01094	0.00616	0.00342	0.00479	0.00137	0.00684	0.00479	0.00205	0.00547
44	0.01809	0.00709	0.00953	0.00731	0.01045	0.00624	0.00604	0.05293	0.01192	0.80132	0.01575	0.01364	0.00991	0.00502	0.00408	0.00125	0.00349	0.00406	0.00498	0.00690
45	0.01077	0.83741	0.04307	0.00707	0.01060	0.01588	0.00716	0.01217	0.00825	0.00963	0.00568	0.00656	0.00520	0.00348	0.00264	0.00088	0.00438	0.00219	0.00173	0.00523
46	0.01004	0.00964	0.01647	0.02490	0.83211	0.00964	0.01245	0.01245	0.00924	0.01325	0.00763	0.01004	0.00643	0.00361	0.00402	0.00120	0.00482	0.00361	0.00201	0.00643
47	0.00494	0.00353	0.00471	0.00565	0.00588	0.00330	0.00377	0.00565	0.00777	0.01036	0.02236	0.85477	0.02683	0.01271	0.00518	0.00165	0.00235	0.01153	0.00377	0.00330
48	0.00574	0.00415	0.00542	0.00510	0.00606	0.00383	0.00383	0.00766	0.01148	0.01627	0.82997	0.03031	0.03828	0.00829	0.00479	0.00128	0.00191	0.00734	0.00447	0.00383
49	0.01180	0.00965	0.01130	0.01084	0.11822	0.06037	0.04082	0.41615	0.03199	0.01860	0.01240	0.21493	0.01167	0.00652	0.00433	0.00132	0.00424	0.00557	0.00352	0.00576
50	0.01004	0.00964	0.01647	0.02490	0.83211	0.00964	0.01245	0.01245	0.00924	0.01325	0.00763	0.01004	0.00643	0.00361	0.00402	0.00120	0.00482	0.00361	0.00201	0.00643
51	0.01407	0.01012	0.01079	0.00844	0.01130	0.01115	0.00692	0.67399	0.03521	0.02374	0.01044	0.01070	0.00757	0.00486	0.00387	0.00118	0.00403	0.00369	0.14152	0.00640
52	0.00700	0.00564	0.00644	0.00597	0.00729	0.02675	0.00453	0.01118	0.20882	0.01607	0.58065	0.02638	0.06207	0.00759	0.00460	0.00130	0.00237	0.00660	0.00430	0.00446
53	0.00588	0.00400	0.00475	0.00475	0.00486	0.00411	0.00286	0.00611	0.00600	0.00810	0.01249	0.02492	0.01404	0.73070	0.14640	0.00433	0.00500	0.00566	0.00241	0.00264
54	0.00845	0.00725	0.00843	0.00606	0.00964	0.00552	0.00485	0.01049	0.02799	0.01331	0.00743	0.00857	0.00616	0.00306	0.00303	0.00062	0.00301	0.00246	0.00245	0.86122
55	0.00816	0.04871	0.78500	0.01122	0.01699	0.00948	0.01440	0.01268	0.00864	0.01284	0.03097	0.00912	0.00610	0.00397	0.00384	0.00127	0.00582	0.00310	0.00179	0.00591
56	0.01265	0.01048	0.01098	0.00904	0.01172	0.08074	0.04042	0.36137	0.30623	0.03911	0.01326	0.04295	0.03153	0.00541	0.00414	0.00129	0.00419	0.00437	0.00384	0.00626
57	0.01820	0.00690	0.00942	0.00722	0.01036	0.00596	0.00596	0.01977	0.01161	0.83492	0.01601	0.01381	0.01004	0.00502	0.00408	0.00126	0.00345	0.00408	0.00502	0.00690
58	0.01542	0.01136	0.01218	0.00933	0.01258	0.01258	0.00771	0.81858	0.01908	0.02557	0.00974	0.00974	0.00690	0.00487	0.00406	0.00122	0.00446	0.00365	0.00406	0.00690
59	0.01506	0.01913	0.01145	0.01041	0.01250	0.82493	0.00781	0.01631	0.02735	0.01007	0.00647	0.00747	0.00537	0.00421	0.00367	0.00105	0.00724	0.00265	0.00213	0.00474
60	0.01516	0.01934	0.01150	0.01045	0.01254	0.84113	0.00784	0.01620	0.01150	0.00993	0.00627	0.00732	0.00523	0.00418	0.00366	0.00105	0.00732	0.00261	0.00209	0.00470
61	0.00814	0.02099	0.83640	0.01156	0.01756	0.00942	0.01499	0.01285	0.00857	0.01285	0.00728	0.00857	0.00514	0.00385	0.00385	0.00128	0.00600	0.00300	0.00171	0.00600
62	0.00713	0.00366	0.00533	0.00529	0.00536	0.00374	0.00359	0.00570	0.00555	0.00772	0.00748	0.01247	0.00726	0.01323	0.01481	0.79532	0.02210	0.00354	0.06874	0.00197
63	0.01820	0.00690	0.00942	0.00722	0.01036	0.00596	0.00596	0.01977	0.01161	0.83492	0.01601	0.01381	0.01004	0.00502	0.00408	0.00126	0.00345	0.00408	0.00502	0.00690
64	0.00766	0.00721	0.01217	0.84767	0.02794	0.00901	0.01127	0.01037	0.00811	0.01037	0.00721	0.01082	0.00541	0.00406	0.00406	0.00135	0.00541	0.00361	0.00180	0.00451
65	0.00601	0.00412	0.00473	0.00466	0.00466	0.00425	0.00270	0.00605	0.00591	0.00794	0.01250	0.02588	0.01439	0.82530	0.02037	0.00385	0.03589	0.00581	0.00243	0.00253
66	0.00504	0.00359	0.00474	0.00563	0.00587	0.00337	0.00377	0.00574	0.00770	0.01026	0.02178	0.78360	0.02603	0.06216	0.00610	0.00179	0.00249	0.03341	0.00369	0.00326
67	0.00580	0.00435	0.00652	0.00652	0.00724	0.00507	0.00507	0.00724	0.00652	0.00942	0.01087	0.01594	0.01014	0.03043	0.84134	0.00652	0.01087	0.00435	0.00217	0.00362
68	0.00580	0.00435	0.00652	0.00652	0.00724	0.00507	0.00507	0.00724	0.00652	0.00942	0.01087	0.01594	0.01014	0.03043	0.84134	0.00652	0.01087	0.00435	0.00217	0.00362
69	0.00513	0.00384	0.00550	0.00612	0.00652	0.00358	0.03740	0.00595	0.00784	0.01047	0.02178	0.81988	0.02598	0.01233	0.00516	0.00164	0.00254	0.01125	0.00370	0.00339
70	0.88607	0.00785	0.00596	0.00534	0.00785	0.00910	0.00439	0.01193	0.00690	0.01820	0.00565	0.00659	0.00439	0.00377	0.00251	0.00126	0.00314	0.00220	0.00251	0.00439
71	0.00766	0.00710	0.01191	0.82117	0.02721	0.00885	0.01100	0.01034	0.00812	0.01052	0.00740	0.01095	0.00557	0.00408	0.00402	0.00134	0.00530	0.00361	0.02937	0.00448
72	0.00480	0.00411	0.00411	0.00411	0.00548	0.00343	0.00308	0.00582	0.00925	0.01096	0.04110	0.03905	0.83046	0.01028	0.00480	0.00137	0.00206	0.00856	0.00377	0.00343
73	0.01004	0.00964	0.01647	0.02490	0.83211	0.00964	0.01245	0.01245	0.00924	0.01325	0.00763	0.01004	0.00643	0.00361	0.00402	0.00120	0.00482	0.00361	0.00201	0.00643
74	0.04814	0.00707	0.00932	0.00719	0.01028	0.00630	0.00593	0.05049	0.01170	0.76341	0.01536	0.01342	0.00973	0.00497	0.00401	0.00125	0.00346	0.00399	0.01721	0.00677
75	0.01801	0.00695	0.00941	0.00724	0.01036	0.00606	0.00597	0.01981	0.03084	0.81558	0.01602	0.01384	0.01010	0.00503	0.00408	0.00126	0.00345	0.00409	0.00500	0.00689
76	0.00825	0.00786	0.01337	0.62986	0.19912	0.00927	0.03052	0.01086	0.00834	0.01103	0.00727	0.01060	0.00564	0.00403	0.00431	0.00133	0.02792	0.00363	0.00185	0.00494
77	0.00494	0.00353	0.00471	0.00565	0.00588	0.00330	0.00377	0.00565	0.00777	0.01036	0.02236	0.85477	0.02683	0.01271	0.00518	0.00165	0.00235	0.01153	0.00377	0.00330
78	0.00822	0.04756	0.81057	0.01142	0.01733	0.00963	0.01473	0.01283	0.00856	0.01274	0.00723	0.00850	0.00514	0.00384	0.00381	0.00127	0.00594	0.00297	0.00171	0.00597
79	0.00580	0.00435	0.00652	0.00652	0.00724	0.00507	0.00507	0.00724	0.00652	0.00942	0.01087	0.01594	0.01014	0.03043	0.84134	0.00652	0.01087	0.00435	0.00217	0.00362
80	0.03847	0.01114	0.01187	0.00918	0.01236	0.01237	0.00756	0.75900	0.05716	0.02496	0.00995	0.00991	0.00709	0.00487	0.00402	0.00123	0.00437	0.00366	0.00402	0.00681
81	0.01267	0.25755	0.07242	0.00699	0.00998	0.00872	0.00645	0.01445	0.01034	0.36002	0.17209	0.01490	0.02619	0.00520	0.00378	0.00115	0.00358	0.00415	0.00369	0.00569
