[name]
unknown

[dist]
# distance from previous block
# <min> <max>
0	30

[block]
# block no. 0 follows, 53 sequences, length 49
# corresponding to MSA columns:
# 80-96,111-142
name=unknown_A
#
# <colnr> <probs for GDERKNQSTAVLIFYWHMCP>
#	G	D	E	R	K	N	Q	S	T	A	V	L	I	F	Y	W	H	M	C	P
0	0.05382	0.13114	0.28774	0.01067	0.03776	0.04401	0.02817	0.04290	0.01080	0.03479	0.06782	0.08155	0.02521	0.03022	0.00507	0.00151	0.00533	0.02703	0.00294	0.07153
1	0.01415	0.15177	0.01389	0.00984	0.01241	0.25857	0.00797	0.18467	0.03359	0.01627	0.01002	0.01197	0.00832	0.02265	0.12036	0.00225	0.03693	0.00383	0.07460	0.00594
2	0.00822	0.00526	0.00601	0.00563	0.00721	0.00460	0.00416	0.00948	0.01105	0.12521	0.14239	0.06490	0.45029	0.12460	0.00813	0.00201	0.00295	0.00883	0.00455	0.00452
3	0.00602	0.00447	0.00562	0.00615	0.00689	0.00407	0.00430	0.00728	0.01057	0.01406	0.22232	0.48402	0.18042	0.01314	0.00590	0.00177	0.00258	0.01170	0.00464	0.00407
4	0.01165	0.03585	0.06831	0.00969	0.01233	0.05741	0.03095	0.13077	0.19229	0.04174	0.01442	0.08233	0.01275	0.07991	0.07874	0.00234	0.04511	0.02467	0.00369	0.06506
5	0.01174	0.00901	0.01100	0.00858	0.02235	0.00807	0.02904	0.07110	0.11149	0.09395	0.06600	0.01357	0.01120	0.00489	0.00446	0.00108	0.02503	0.00400	0.00366	0.48978
6	0.12803	0.02627	0.17902	0.01019	0.04581	0.05924	0.02162	0.07737	0.03505	0.06672	0.00990	0.01284	0.00806	0.00790	0.00781	0.21131	0.00517	0.02553	0.00290	0.05926
7	0.00947	0.02413	0.78340	0.01336	0.02026	0.01089	0.01724	0.01489	0.01011	0.01507	0.00976	0.01116	0.02967	0.00477	0.00457	0.00152	0.00693	0.00373	0.00209	0.00697
8	0.00760	0.00514	0.00612	0.00603	0.00747	0.00460	0.00451	0.00922	0.02349	0.09070	0.17986	0.19809	0.37453	0.01226	0.02862	0.00183	0.00298	0.02769	0.00469	0.00456
9	0.03566	0.29451	0.36899	0.01088	0.01592	0.01335	0.03214	0.04471	0.03170	0.01467	0.04179	0.01110	0.00837	0.00644	0.04926	0.00169	0.00629	0.00361	0.00242	0.00647
10	0.01028	0.04146	0.00932	0.00786	0.00948	0.00727	0.02839	0.08005	0.03901	0.11940	0.01902	0.20098	0.06381	0.16745	0.10621	0.00294	0.03043	0.03087	0.00390	0.02187
11	0.00674	0.00487	0.00611	0.00615	0.00670	0.00505	0.00422	0.00763	0.00816	0.01109	0.05225	0.08284	0.11755	0.36574	0.26318	0.00478	0.01769	0.00722	0.01835	0.00366
12	0.00669	0.00492	0.00592	0.00568	0.00701	0.00438	0.00425	0.00851	0.01242	0.03606	0.48186	0.06837	0.31504	0.01071	0.00564	0.00156	0.00238	0.00925	0.00495	0.00441
13	0.02324	0.14632	0.22921	0.04891	0.04351	0.01271	0.29104	0.07537	0.01152	0.03520	0.00961	0.01239	0.00748	0.00467	0.00478	0.00148	0.00670	0.02663	0.00258	0.00664
14	0.03496	0.02422	0.01293	0.01091	0.04004	0.12926	0.00848	0.39824	0.12323	0.03595	0.01200	0.01248	0.00900	0.00615	0.01688	0.00152	0.03666	0.00424	0.07576	0.00709
15	0.00630	0.00470	0.00579	0.00636	0.00718	0.00439	0.00466	0.00746	0.00980	0.01259	0.05271	0.32214	0.25071	0.10872	0.03810	0.00240	0.00353	0.14430	0.00421	0.00394
16	0.01074	0.03378	0.17753	0.20197	0.24283	0.04177	0.14033	0.01444	0.02410	0.01449	0.02094	0.01280	0.00785	0.00475	0.00501	0.00152	0.01884	0.01743	0.00236	0.00652
17	0.02405	0.03022	0.04645	0.04576	0.06153	0.00781	0.00720	0.03813	0.08348	0.01646	0.12325	0.03057	0.06461	0.00637	0.01782	0.00129	0.00399	0.01900	0.00346	0.36856
18	0.01252	0.00964	0.01168	0.00950	0.01195	0.01039	0.06976	0.33018	0.10204	0.02014	0.01572	0.01952	0.07026	0.17816	0.03955	0.02831	0.01871	0.00554	0.03038	0.00605
19	0.01198	0.13544	0.13978	0.05869	0.21710	0.10690	0.10425	0.02688	0.01089	0.02803	0.00968	0.01210	0.02336	0.03022	0.00525	0.00147	0.01890	0.00408	0.01442	0.04059
20	0.00600	0.00452	0.00552	0.00601	0.00684	0.00408	0.00423	0.00720	0.01041	0.01361	0.16951	0.42682	0.25804	0.03334	0.00634	0.00184	0.00265	0.02446	0.00454	0.00402
21	0.01201	0.14813	0.32200	0.06809	0.06592	0.07186	0.03531	0.04707	0.01114	0.08469	0.03042	0.01240	0.02052	0.01938	0.02975	0.00165	0.00637	0.00398	0.00271	0.00656
22	0.01269	0.42451	0.20159	0.01062	0.01505	0.10095	0.04457	0.04609	0.03015	0.02713	0.00835	0.00994	0.00693	0.00502	0.01399	0.00134	0.01825	0.01406	0.00239	0.00639
23	0.00593	0.00476	0.00524	0.00530	0.00661	0.00413	0.00387	0.00725	0.01107	0.01392	0.18981	0.13763	0.53721	0.03801	0.00629	0.00173	0.00250	0.01013	0.00455	0.00407
24	0.83505	0.00914	0.00705	0.00629	0.00923	0.01054	0.00517	0.01416	0.00827	0.03517	0.00704	0.00810	0.00542	0.00448	0.00300	0.00147	0.00368	0.00266	0.01888	0.00521
25	0.01464	0.01267	0.01292	0.01204	0.08336	0.10577	0.00876	0.30464	0.30297	0.02186	0.01407	0.01497	0.01090	0.04062	0.00560	0.00162	0.00511	0.01597	0.00424	0.00730
26	0.01155	0.04595	0.06652	0.04849	0.33448	0.01091	0.07855	0.10907	0.02086	0.01708	0.05514	0.03488	0.01098	0.00543	0.00497	0.00143	0.01894	0.03681	0.00299	0.08496
27	0.13049	0.03227	0.02641	0.08105	0.17175	0.04560	0.08276	0.15288	0.01266	0.08030	0.02229	0.01296	0.03109	0.00521	0.00485	0.00145	0.03301	0.00431	0.04058	0.02811
28	0.00827	0.00416	0.00620	0.00620	0.00620	0.00416	0.00412	0.00624	0.00624	0.00833	0.00847	0.01495	0.00853	0.03715	0.01882	0.83936	0.00416	0.00422	0.00210	0.00210
29	0.00665	0.00469	0.00566	0.00597	0.00632	0.00463	0.00381	0.00760	0.03201	0.01138	0.06465	0.29433	0.06083	0.41487	0.05252	0.00348	0.00413	0.00925	0.00366	0.00357
30	0.03242	0.28860	0.37288	0.04707	0.08883	0.01383	0.03583	0.04330	0.01046	0.01449	0.00807	0.00964	0.00632	0.00440	0.00408	0.00135	0.00614	0.00337	0.00220	0.00670
31	0.01024	0.02850	0.01082	0.09613	0.06103	0.00784	0.05261	0.09131	0.02343	0.05739	0.10800	0.04023	0.01492	0.14502	0.02388	0.17848	0.01711	0.00556	0.02269	0.00479
32	0.01167	0.01203	0.01450	0.01281	0.03319	0.10909	0.01028	0.03919	0.03298	0.01253	0.00706	0.01054	0.00661	0.00770	0.01335	0.00194	0.65260	0.00410	0.00232	0.00550
33	0.06145	0.08592	0.27619	0.01688	0.22846	0.02488	0.10836	0.01482	0.02046	0.04451	0.01182	0.01336	0.06219	0.00497	0.00460	0.00146	0.00600	0.00437	0.00258	0.00674
34	0.01023	0.00987	0.04126	0.31649	0.27187	0.03952	0.01214	0.01322	0.02363	0.03182	0.02787	0.01898	0.03307	0.00691	0.02859	0.00177	0.00592	0.09808	0.00276	0.00601
35	0.00594	0.00444	0.00553	0.00622	0.00693	0.00403	0.00435	0.00705	0.01009	0.01318	0.11506	0.53683	0.21335	0.01369	0.00596	0.00182	0.00268	0.03430	0.00453	0.00400
36	0.00862	0.00754	0.01285	0.02118	0.01320	0.00714	0.23538	0.01132	0.03932	0.03479	0.05276	0.13809	0.17694	0.03718	0.00631	0.00182	0.00466	0.13364	0.05221	0.00504
37	0.03016	0.00928	0.01540	0.10757	0.48786	0.00946	0.03090	0.01245	0.01026	0.01455	0.01314	0.21138	0.01325	0.00693	0.00505	0.00157	0.00506	0.00653	0.00286	0.00634
38	0.00585	0.00421	0.00549	0.00651	0.00686	0.00391	0.00435	0.00668	0.00919	0.01216	0.02733	0.75994	0.07665	0.03803	0.00659	0.00200	0.00281	0.01319	0.00439	0.00386
39	0.02965	0.01599	0.01250	0.01104	0.01332	0.41749	0.02760	0.12331	0.05353	0.01494	0.00979	0.01182	0.00813	0.01127	0.16212	0.00258	0.04557	0.00390	0.01971	0.00574
40	0.01124	0.01316	0.04589	0.02000	0.02488	0.01206	0.76744	0.01531	0.01125	0.01531	0.00964	0.01283	0.00723	0.00404	0.00562	0.00161	0.00804	0.00559	0.00241	0.00646
41	0.01039	0.01192	0.05025	0.01746	0.02177	0.01074	0.62691	0.01410	0.01146	0.01557	0.09650	0.01732	0.06109	0.00517	0.00560	0.00160	0.00705	0.00617	0.00284	0.00611
42	0.02040	0.00995	0.01211	0.00932	0.01303	0.02242	0.00768	0.25298	0.01633	0.55918	0.01645	0.01470	0.01062	0.00585	0.00479	0.00146	0.00450	0.00463	0.00552	0.00809
43	0.00926	0.00644	0.00764	0.00699	0.00873	0.00634	0.00539	0.10146	0.06726	0.07529	0.31015	0.10287	0.18607	0.02658	0.02413	0.00179	0.00330	0.04025	0.00484	0.00521
44	0.00607	0.00459	0.00555	0.00614	0.00687	0.00425	0.00423	0.00737	0.02998	0.01274	0.07045	0.49121	0.23766	0.06719	0.02070	0.00209	0.00297	0.01161	0.00436	0.00399
45	0.00975	0.04772	0.75184	0.01374	0.02062	0.01137	0.04963	0.01512	0.01013	0.01503	0.00857	0.01014	0.00611	0.00451	0.00454	0.00150	0.00705	0.00359	0.00204	0.00701
46	0.01655	0.00708	0.00927	0.00749	0.01045	0.00612	0.00605	0.01828	0.01299	0.55538	0.09252	0.04322	0.17790	0.00774	0.00508	0.00152	0.00354	0.00643	0.00552	0.00688
47	0.01628	0.01370	0.03441	0.03689	0.04819	0.12266	0.03235	0.40795	0.09477	0.08150	0.02408	0.01256	0.00919	0.00567	0.00502	0.00145	0.02675	0.00436	0.01485	0.00735
48	0.11252	0.01333	0.17883	0.01113	0.03410	0.01103	0.06449	0.19803	0.12858	0.09464	0.02723	0.04418	0.03465	0.00591	0.00466	0.00152	0.00505	0.00485	0.01833	0.00694

[dist]
# distance from previous block
# <min> <max>
1	2

[block]
# block no. 1 follows, 53 sequences, length 40
# corresponding to MSA columns:
# 145-184
name=unknown_B
#
# <colnr> <probs for GDERKNQSTAVLIFYWHMCP>
#	G	D	E	R	K	N	Q	S	T	A	V	L	I	F	Y	W	H	M	C	P
0	0.08654	0.00891	0.01489	0.37065	0.07862	0.00977	0.14879	0.01321	0.01019	0.04977	0.01181	0.01654	0.02950	0.00547	0.00480	0.00157	0.00572	0.05767	0.06996	0.00562
1	0.01012	0.03329	0.62021	0.01247	0.01858	0.01096	0.01515	0.04998	0.08013	0.01636	0.04259	0.01186	0.00858	0.00493	0.00456	0.00148	0.00630	0.00390	0.00257	0.04599
2	0.00959	0.02472	0.80726	0.01362	0.02069	0.01110	0.01766	0.01514	0.01009	0.01514	0.00858	0.01009	0.00605	0.00454	0.00454	0.00151	0.00706	0.00353	0.00202	0.00706
3	0.01143	0.01076	0.08694	0.15691	0.01638	0.04172	0.03495	0.18595	0.02294	0.05469	0.10991	0.06814	0.04197	0.00976	0.08471	0.00216	0.04545	0.00565	0.00360	0.00598
4	0.00710	0.00539	0.00660	0.00621	0.00755	0.00515	0.00468	0.01029	0.08777	0.01838	0.62124	0.03542	0.14654	0.00978	0.00556	0.00153	0.00242	0.00853	0.00511	0.00474
5	0.01131	0.01066	0.01795	0.02684	0.71403	0.01065	0.01362	0.01396	0.01072	0.01523	0.01072	0.01538	0.02177	0.04104	0.00570	0.00160	0.00551	0.04363	0.00253	0.00715
6	0.01059	0.08086	0.65421	0.01371	0.05380	0.01196	0.01617	0.07629	0.01108	0.01607	0.00869	0.01010	0.00629	0.00459	0.00446	0.00147	0.00672	0.00356	0.00225	0.00710
7	0.01064	0.00695	0.00933	0.03030	0.02786	0.00705	0.04328	0.05557	0.12526	0.11508	0.06413	0.12150	0.05258	0.07432	0.00917	0.15709	0.00405	0.04721	0.03349	0.00513
8	0.00645	0.00467	0.00562	0.00611	0.00658	0.00450	0.00400	0.00766	0.04152	0.01199	0.05952	0.42427	0.10983	0.27117	0.01171	0.00272	0.00334	0.01056	0.00401	0.00377
9	0.00780	0.00560	0.00640	0.00608	0.00769	0.00516	0.00458	0.04477	0.04625	0.06617	0.22238	0.13760	0.39977	0.01097	0.00558	0.00161	0.00272	0.00937	0.00477	0.00473
10	0.01422	0.01116	0.04678	0.04578	0.01337	0.05227	0.00805	0.32493	0.10355	0.10671	0.06914	0.07003	0.05354	0.04132	0.00574	0.00164	0.00470	0.00568	0.01462	0.00677
11	0.00949	0.04685	0.10294	0.05562	0.03620	0.05696	0.01954	0.04803	0.04476	0.01335	0.01361	0.14719	0.01367	0.13318	0.11238	0.00286	0.09386	0.01733	0.02706	0.00512
12	0.25780	0.18121	0.01571	0.01306	0.15280	0.18614	0.05181	0.01509	0.01029	0.01530	0.00790	0.03056	0.00685	0.00483	0.00425	0.00136	0.03310	0.00350	0.00254	0.00591
13	0.01196	0.01162	0.01868	0.04912	0.71958	0.03845	0.01413	0.01523	0.04599	0.01559	0.00939	0.01201	0.00781	0.00439	0.00472	0.00143	0.00571	0.00427	0.00247	0.00744
14	0.00719	0.00533	0.00623	0.00629	0.00758	0.00499	0.00462	0.02713	0.06546	0.04128	0.17080	0.29156	0.30917	0.01188	0.00570	0.00170	0.00275	0.02113	0.00467	0.00455
15	0.01148	0.01156	0.08965	0.03748	0.07609	0.07654	0.02879	0.04892	0.02101	0.06436	0.04632	0.01370	0.04222	0.01756	0.00495	0.00121	0.03221	0.00404	0.00311	0.36880
16	0.00802	0.05973	0.00791	0.00657	0.00818	0.06048	0.00504	0.00966	0.01135	0.03302	0.26967	0.12055	0.23456	0.01218	0.07741	0.00204	0.00401	0.00808	0.01950	0.04202
17	0.00601	0.00427	0.00546	0.00634	0.00662	0.00402	0.00414	0.00671	0.00885	0.01174	0.02535	0.66208	0.06087	0.15271	0.00916	0.00238	0.00307	0.01232	0.00418	0.00372
18	0.00658	0.00519	0.00597	0.00572	0.00716	0.00475	0.00431	0.00906	0.05980	0.01645	0.41967	0.03917	0.37754	0.01060	0.00560	0.00156	0.00242	0.00909	0.00487	0.00449
19	0.00976	0.00995	0.04694	0.01422	0.14481	0.02429	0.04624	0.01163	0.00876	0.01286	0.05539	0.01435	0.01021	0.02520	0.18515	0.00313	0.36446	0.00473	0.00246	0.00548
20	0.01036	0.15144	0.65824	0.01273	0.01917	0.03921	0.01589	0.01514	0.01015	0.01441	0.00824	0.00966	0.00607	0.00448	0.00430	0.00143	0.00681	0.00336	0.00204	0.00687
21	0.01482	0.00689	0.00914	0.00786	0.01033	0.00629	0.00626	0.01735	0.06117	0.43624	0.16804	0.14016	0.02228	0.00852	0.00528	0.00161	0.00354	0.06227	0.00540	0.00653
22	0.00604	0.00487	0.00555	0.00553	0.00686	0.00444	0.00413	0.00742	0.01050	0.01326	0.13848	0.06327	0.51805	0.04750	0.13984	0.00273	0.00421	0.00906	0.00418	0.00409
23	0.02119	0.00883	0.03844	0.00981	0.01232	0.00863	0.15688	0.09422	0.15700	0.01820	0.05129	0.10445	0.01471	0.02829	0.00521	0.00155	0.00426	0.00603	0.25289	0.00579
24	0.00633	0.00484	0.00552	0.00564	0.00697	0.00424	0.00421	0.00772	0.01112	0.03150	0.17154	0.17464	0.48318	0.01211	0.00576	0.00168	0.00260	0.05159	0.00461	0.00420
25	0.02503	0.13807	0.01492	0.01022	0.01330	0.09612	0.07499	0.26508	0.02414	0.10233	0.02754	0.07204	0.01164	0.07373	0.00628	0.00169	0.00536	0.02719	0.00383	0.00646
26	0.00618	0.00472	0.00567	0.00572	0.00685	0.00421	0.00418	0.00777	0.01170	0.01552	0.37489	0.19977	0.31218	0.01166	0.00574	0.00163	0.00242	0.01016	0.00480	0.00421
27	0.00830	0.00415	0.00623	0.00623	0.00623	0.00415	0.00415	0.00623	0.00623	0.00830	0.00830	0.01453	0.00830	0.01660	0.01868	0.86094	0.00415	0.00415	0.00208	0.00208
28	0.01076	0.01026	0.01747	0.33149	0.50843	0.01107	0.01414	0.01373	0.01038	0.01432	0.00880	0.01218	0.00711	0.00446	0.00475	0.00149	0.00594	0.00425	0.00227	0.00671
29	0.02650	0.01496	0.26533	0.01282	0.03985	0.03724	0.10772	0.03598	0.13888	0.01548	0.01398	0.06321	0.06444	0.00658	0.00663	0.00165	0.13416	0.00527	0.00298	0.00634
30	0.01154	0.01170	0.03501	0.12340	0.58854	0.05584	0.03717	0.01437	0.01072	0.01476	0.00902	0.01207	0.00750	0.00577	0.04094	0.00172	0.00635	0.00426	0.00234	0.00699
31	0.00688	0.00493	0.00614	0.00586	0.00712	0.00444	0.00439	0.00883	0.01274	0.03923	0.57618	0.07856	0.20606	0.01044	0.00564	0.00155	0.00237	0.00911	0.00506	0.00448
32	0.00628	0.00440	0.00562	0.00627	0.00651	0.00431	0.00407	0.00691	0.00831	0.01115	0.02149	0.49872	0.02527	0.28304	0.08202	0.00332	0.00425	0.01069	0.00377	0.00359
33	0.01050	0.00860	0.01036	0.00807	0.04431	0.00661	0.00610	0.01265	0.01012	0.05076	0.00898	0.01027	0.00731	0.00368	0.00365	0.00077	0.00365	0.00298	0.00295	0.78769
34	0.00956	0.01190	0.18276	0.05169	0.10816	0.02354	0.08681	0.01220	0.01004	0.04832	0.03072	0.19733	0.07911	0.00811	0.00666	0.00169	0.11569	0.00688	0.00309	0.00574
35	0.00611	0.00453	0.00576	0.00661	0.00730	0.00418	0.00478	0.00726	0.00991	0.01286	0.05121	0.52910	0.18674	0.01398	0.00607	0.00190	0.00294	0.13030	0.00445	0.00401
36	0.00684	0.00524	0.00645	0.00664	0.00775	0.00496	0.02050	0.03184	0.04565	0.01411	0.08649	0.37337	0.25463	0.03073	0.00617	0.00183	0.00298	0.05616	0.03331	0.00435
37	0.06611	0.12057	0.14019	0.03532	0.31466	0.02992	0.02957	0.01515	0.06852	0.03253	0.04375	0.01321	0.02544	0.00496	0.00439	0.00140	0.00530	0.00423	0.03805	0.00671
38	0.03028	0.00648	0.03809	0.00710	0.00841	0.02959	0.02557	0.02564	0.00998	0.02760	0.02769	0.35890	0.22404	0.08628	0.04416	0.00229	0.00395	0.03562	0.00400	0.00432
39	0.01441	0.18961	0.08696	0.04361	0.09902	0.21688	0.03340	0.10971	0.07330	0.05135	0.00953	0.01063	0.00749	0.00497	0.00462	0.00135	0.02993	0.00369	0.00292	0.00661

[dist]
# distance from previous block
# <min> <max>
0	2

[block]
# block no. 2 follows, 53 sequences, length 57
# corresponding to MSA columns:
# 187-218,222-224,232-253
name=unknown_C
#
# <colnr> <probs for GDERKNQSTAVLIFYWHMCP>
#	G	D	E	R	K	N	Q	S	T	A	V	L	I	F	Y	W	H	M	C	P
0	0.00989	0.00833	0.00992	0.00796	0.04126	0.00662	0.00597	0.01247	0.04682	0.02815	0.01178	0.04776	0.04460	0.00463	0.00388	0.00089	0.00356	0.00384	0.00310	0.69858
1	0.01283	0.06852	0.26092	0.01465	0.10750	0.05697	0.11482	0.12169	0.10098	0.06138	0.01077	0.01183	0.00799	0.00487	0.00467	0.00145	0.00614	0.00418	0.00307	0.02476
2	0.04147	0.03418	0.01472	0.01164	0.01473	0.27744	0.09917	0.16228	0.01418	0.17873	0.01097	0.01165	0.00803	0.00540	0.00532	0.00142	0.06164	0.00406	0.03636	0.00660
3	0.01268	0.01026	0.01095	0.00944	0.01225	0.01153	0.00744	0.18359	0.52239	0.02186	0.07070	0.01749	0.01501	0.00643	0.00480	0.00153	0.00392	0.00528	0.04132	0.03115
4	0.00682	0.00463	0.00520	0.00525	0.00537	0.00456	0.00301	0.00693	0.00730	0.00963	0.01773	0.06635	0.06939	0.74325	0.02232	0.00432	0.00441	0.00744	0.00306	0.00301
5	0.07464	0.00608	0.00708	0.00680	0.00853	0.00565	0.00522	0.00989	0.04060	0.01484	0.10518	0.19090	0.11603	0.07875	0.00682	0.00184	0.00338	0.14279	0.00398	0.17101
6	0.02446	0.00577	0.00683	0.00671	0.00817	0.00554	0.00498	0.01089	0.09892	0.07813	0.13858	0.29494	0.22834	0.01118	0.00569	0.00169	0.01460	0.02243	0.00462	0.02751
7	0.00692	0.00516	0.00746	0.00742	0.00813	0.00596	0.00561	0.00836	0.00757	0.01083	0.01300	0.02045	0.01263	0.15304	0.67962	0.00711	0.02866	0.00537	0.00260	0.00408
8	0.01229	0.00942	0.01036	0.00899	0.01153	0.01018	0.00727	0.31720	0.17767	0.02146	0.05155	0.02695	0.13907	0.04047	0.00603	0.00176	0.00423	0.13255	0.00463	0.00641
9	0.00630	0.00487	0.00575	0.00553	0.00686	0.00431	0.00414	0.00812	0.01243	0.01656	0.48717	0.03999	0.35924	0.01074	0.00564	0.00155	0.00232	0.00924	0.00492	0.00431
10	0.00615	0.00434	0.00557	0.00643	0.00672	0.00412	0.00427	0.00689	0.00883	0.01172	0.02446	0.60615	0.04608	0.18374	0.00988	0.00250	0.00323	0.05108	0.00412	0.00371
11	0.00685	0.00503	0.00721	0.00721	0.00790	0.00572	0.00539	0.00823	0.00754	0.01075	0.01323	0.02116	0.01298	0.18735	0.66299	0.00710	0.01125	0.00547	0.00262	0.00401
12	0.03479	0.01084	0.01407	0.01209	0.01247	0.04829	0.01000	0.04428	0.00826	0.01255	0.00683	0.01071	0.00656	0.00920	0.04911	0.00225	0.69597	0.00414	0.00226	0.00532
13	0.00959	0.02472	0.80726	0.01362	0.02069	0.01110	0.01766	0.01514	0.01009	0.01514	0.00858	0.01009	0.00605	0.00454	0.00454	0.00151	0.00706	0.00353	0.00202	0.00706
14	0.10998	0.06084	0.02139	0.00869	0.01168	0.02079	0.05235	0.06018	0.07314	0.29258	0.17334	0.03286	0.03092	0.00672	0.00477	0.00149	0.00407	0.02300	0.00467	0.00653
15	0.01110	0.00740	0.00816	0.00739	0.00938	0.05959	0.00574	0.01426	0.10510	0.18774	0.27185	0.07562	0.16025	0.00910	0.00535	0.00157	0.00342	0.04643	0.00494	0.00560
16	0.01262	0.00633	0.00799	0.00698	0.00910	0.00581	0.00543	0.03767	0.03480	0.30586	0.19766	0.13821	0.10001	0.00864	0.00510	0.00153	0.00314	0.00739	0.09983	0.00589
17	0.00801	0.00518	0.00647	0.00613	0.00752	0.00472	0.00462	0.01008	0.02434	0.08936	0.46815	0.11035	0.16863	0.01013	0.00551	0.00156	0.00255	0.01932	0.04262	0.00474
18	0.31514	0.01120	0.03210	0.00893	0.01249	0.01177	0.00753	0.33925	0.02839	0.17242	0.01123	0.01115	0.00785	0.00530	0.00414	0.00146	0.00451	0.00380	0.00428	0.00706
19	0.00590	0.00430	0.00553	0.00645	0.00691	0.00397	0.00439	0.00682	0.00944	0.01242	0.04624	0.68214	0.11800	0.03612	0.00653	0.00197	0.00281	0.03174	0.00441	0.00390
20	0.00581	0.00420	0.00550	0.00654	0.00690	0.00389	0.00438	0.00667	0.00927	0.01225	0.02780	0.77727	0.08231	0.01478	0.00607	0.00192	0.00275	0.01336	0.00444	0.00389
21	0.01029	0.10803	0.55490	0.01446	0.02073	0.01214	0.18351	0.01509	0.01031	0.01476	0.00861	0.01044	0.00632	0.00438	0.00462	0.00148	0.00707	0.00389	0.00211	0.00683
22	0.04865	0.01208	0.01082	0.01040	0.04258	0.20938	0.00768	0.08973	0.21644	0.04519	0.03599	0.16449	0.01561	0.00787	0.00513	0.00158	0.01681	0.04952	0.00398	0.00607
23	0.00755	0.00519	0.00633	0.00612	0.00744	0.00480	0.00455	0.02054	0.03555	0.05957	0.39467	0.17106	0.20556	0.01066	0.00555	0.00159	0.00257	0.00929	0.03678	0.00464
24	0.00603	0.00431	0.00578	0.00682	0.00721	0.00405	0.00473	0.00705	0.00951	0.01270	0.06096	0.72439	0.03185	0.01458	0.00612	0.00194	0.00289	0.08063	0.00447	0.00396
25	0.00690	0.00484	0.00626	0.00626	0.00663	0.00520	0.00421	0.00762	0.00726	0.01005	0.01410	0.02596	0.01507	0.49340	0.35980	0.00593	0.00811	0.00617	0.00275	0.00348
26	0.01030	0.01023	0.01435	0.01234	0.01238	0.01428	0.01027	0.01138	0.00734	0.01149	0.00655	0.01081	0.00651	0.00952	0.04915	0.00233	0.78927	0.00422	0.00211	0.00519
27	0.08040	0.01292	0.20602	0.04712	0.01488	0.00971	0.05515	0.16972	0.01257	0.01883	0.03668	0.02555	0.04328	0.00593	0.01520	0.00145	0.00506	0.01848	0.09406	0.12698
28	0.01334	0.22491	0.30156	0.01133	0.01614	0.14834	0.01184	0.15090	0.02889	0.01632	0.00862	0.00963	0.00666	0.00472	0.00416	0.00131	0.00636	0.00337	0.00266	0.02894
29	0.25944	0.00919	0.00946	0.00799	0.01075	0.00995	0.00647	0.23938	0.05378	0.10717	0.08657	0.04992	0.01352	0.00644	0.00433	0.00149	0.00392	0.03232	0.08164	0.00627
30	0.02354	0.00591	0.00696	0.00606	0.00788	0.00557	0.00460	0.03365	0.01119	0.22280	0.09885	0.02077	0.01602	0.12887	0.00712	0.00177	0.00321	0.00528	0.35900	0.03094
31	0.01042	0.04587	0.43033	0.01327	0.03751	0.03265	0.13551	0.01461	0.03406	0.04508	0.06663	0.01359	0.02036	0.00598	0.00588	0.06853	0.00632	0.00445	0.00261	0.00635
32	0.01530	0.07425	0.04230	0.00899	0.01214	0.03002	0.00762	0.15123	0.15047	0.26764	0.02510	0.01572	0.01154	0.00863	0.07865	0.00201	0.00517	0.01482	0.07137	0.00703
33	0.00638	0.00470	0.00582	0.00650	0.00727	0.00439	0.00458	0.00796	0.04336	0.02444	0.05803	0.55761	0.19239	0.01362	0.00594	0.00185	0.00281	0.04367	0.00450	0.00418
34	0.31295	0.22850	0.07435	0.01035	0.02710	0.06450	0.10679	0.09664	0.01100	0.01774	0.00777	0.00908	0.00617	0.00447	0.00375	0.00136	0.00538	0.00328	0.00273	0.00610
35	0.03177	0.53857	0.24303	0.00989	0.01471	0.04737	0.01083	0.03242	0.01022	0.01302	0.00733	0.00847	0.00614	0.00429	0.00356	0.00119	0.00577	0.00289	0.00214	0.00639
36	0.01310	0.00938	0.01014	0.00867	0.01113	0.04881	0.00687	0.24020	0.11571	0.11973	0.10738	0.03630	0.09711	0.05668	0.05471	0.00209	0.00478	0.04633	0.00457	0.00630
37	0.03801	0.00810	0.00998	0.00809	0.01093	0.00781	0.00651	0.16832	0.01486	0.37913	0.19575	0.05479	0.03143	0.00719	0.00496	0.00148	0.00373	0.00597	0.03610	0.00685
38	0.03726	0.02845	0.00667	0.00628	0.00767	0.00535	0.00465	0.02100	0.04428	0.05856	0.12989	0.31555	0.29344	0.01165	0.00555	0.00168	0.00284	0.01009	0.00453	0.00458
39	0.01259	0.78687	0.07142	0.00850	0.01277	0.01845	0.00874	0.01436	0.00973	0.01148	0.00676	0.00781	0.00613	0.00412	0.00315	0.00105	0.00523	0.00261	0.00204	0.00619
40	0.00588	0.00420	0.00561	0.00672	0.00702	0.00393	0.00453	0.00675	0.00920	0.01226	0.02631	0.80646	0.03149	0.01492	0.00612	0.00195	0.00282	0.03549	0.00444	0.00390
41	0.00594	0.00468	0.00530	0.00550	0.00664	0.00411	0.00395	0.00720	0.01079	0.01371	0.17517	0.23368	0.44905	0.04433	0.00648	0.00179	0.00256	0.01056	0.00452	0.00404
42	0.01275	0.69544	0.08127	0.00917	0.01340	0.03735	0.03179	0.03758	0.01023	0.01223	0.00703	0.00817	0.00622	0.00425	0.00351	0.00111	0.01728	0.00281	0.00215	0.00624
43	0.00697	0.00531	0.00786	0.00778	0.00857	0.00626	0.00604	0.00859	0.00764	0.01105	0.01263	0.01890	0.01192	0.06346	0.75360	0.00735	0.04408	0.00515	0.00255	0.00426
44	0.01440	0.00698	0.00829	0.00693	0.00937	0.00670	0.00553	0.09708	0.03588	0.31608	0.04512	0.03221	0.05454	0.00639	0.00434	0.00135	0.00331	0.00519	0.33403	0.00629
45	0.01049	0.00622	0.00774	0.00688	0.00878	0.00590	0.00537	0.04580	0.05785	0.17932	0.36353	0.04127	0.13579	0.01011	0.04170	0.00180	0.00340	0.02549	0.03708	0.00549
46	0.09651	0.12289	0.07256	0.01238	0.06530	0.06964	0.13678	0.13530	0.02865	0.04718	0.01138	0.05226	0.02934	0.03775	0.00575	0.00157	0.04040	0.00468	0.00311	0.02656
47	0.05349	0.01152	0.01474	0.04518	0.11106	0.10203	0.12135	0.14463	0.04126	0.15395	0.02868	0.03274	0.00999	0.00634	0.02639	0.00164	0.03053	0.00474	0.05305	0.00668
48	0.00716	0.00500	0.00622	0.00625	0.00738	0.00461	0.00455	0.00915	0.03957	0.05425	0.34686	0.28589	0.18205	0.01155	0.00572	0.00167	0.00259	0.01017	0.00486	0.00451
49	0.06963	0.00930	0.01008	0.02218	0.01166	0.01004	0.00689	0.18109	0.28971	0.10996	0.05323	0.02158	0.14094	0.02679	0.00535	0.00163	0.00391	0.01463	0.00469	0.00671
50	0.01134	0.01991	0.01612	0.10113	0.05037	0.04693	0.23086	0.05460	0.10314	0.06560	0.07048	0.07028	0.02544	0.00736	0.02903	0.00178	0.03769	0.03435	0.01751	0.00609
51	0.00594	0.00434	0.00556	0.00633	0.00687	0.00399	0.00432	0.00699	0.00989	0.01314	0.12913	0.61796	0.12604	0.02770	0.00629	0.00189	0.00269	0.01241	0.00452	0.00397
52	0.00880	0.04115	0.00813	0.00723	0.00873	0.04037	0.02451	0.03812	0.04090	0.08002	0.07431	0.35943	0.20044	0.03758	0.00613	0.00178	0.00344	0.00979	0.00436	0.00480
53	0.21147	0.09853	0.01026	0.00750	0.01006	0.04422	0.00609	0.03958	0.09208	0.10322	0.09388	0.01782	0.07974	0.03523	0.05549	0.00190	0.01825	0.00483	0.02759	0.04225
54	0.10948	0.04387	0.04312	0.03127	0.10837	0.03887	0.00742	0.07190	0.02226	0.01597	0.08574	0.23763	0.08078	0.02474	0.02206	0.00180	0.00429	0.04145	0.00370	0.00529
55	0.04268	0.06736	0.04649	0.01271	0.16497	0.10402	0.00868	0.08447	0.06896	0.08906	0.08952	0.05687	0.05572	0.04997	0.00576	0.00161	0.00489	0.01792	0.00365	0.02471
56	0.01335	0.05986	0.04365	0.06131	0.13044	0.10909	0.04477	0.15564	0.07853	0.06853	0.05383	0.04049	0.01128	0.03567	0.00613	0.00160	0.05810	0.00483	0.01637	0.00652

[dist]
# distance from previous block
# <min> <max>
0	18

[block]
# block no. 3 follows, 53 sequences, length 38
# corresponding to MSA columns:
# 272-309
name=unknown_D
#
# <colnr> <probs for GDERKNQSTAVLIFYWHMCP>
#	G	D	E	R	K	N	Q	S	T	A	V	L	I	F	Y	W	H	M	C	P
0	0.01559	0.08842	0.04224	0.01169	0.08256	0.02541	0.00909	0.36701	0.11710	0.09983	0.01213	0.01221	0.00890	0.00532	0.00451	0.00136	0.00494	0.00415	0.00413	0.08341
1	0.06266	0.00736	0.00844	0.00723	0.00967	0.00735	0.00571	0.03819	0.17059	0.21916	0.14928	0.02032	0.04538	0.00663	0.00452	0.00140	0.00325	0.00545	0.18268	0.04473
2	0.00850	0.00704	0.04035	0.04504	0.07967	0.00646	0.00679	0.08094	0.02279	0.03973	0.10271	0.44107	0.06617	0.01106	0.00557	0.00172	0.00358	0.00986	0.00420	0.01676
3	0.01099	0.21286	0.37114	0.02510	0.06057	0.01285	0.04473	0.03213	0.08865	0.02644	0.01084	0.01267	0.02700	0.00511	0.00456	0.00144	0.02001	0.02360	0.00258	0.00673
4	0.00983	0.04649	0.67887	0.01273	0.01896	0.01086	0.01590	0.01478	0.01034	0.03698	0.06600	0.01205	0.00905	0.00507	0.00494	0.00152	0.03252	0.00393	0.00236	0.00682
5	0.00584	0.00450	0.00529	0.00582	0.00669	0.00401	0.00406	0.00689	0.01006	0.01281	0.08013	0.43486	0.34912	0.03891	0.00645	0.00186	0.00266	0.01165	0.00444	0.00395
6	0.00974	0.03698	0.27234	0.05121	0.07922	0.09008	0.01074	0.01317	0.04862	0.02798	0.04957	0.17232	0.08333	0.02691	0.00543	0.00164	0.00532	0.00647	0.00314	0.00580
7	0.01096	0.03561	0.16540	0.37458	0.06568	0.06869	0.05554	0.01415	0.01034	0.07170	0.01050	0.01336	0.03021	0.02449	0.00549	0.00161	0.02888	0.00433	0.00252	0.00598
8	0.01111	0.01175	0.02183	0.03904	0.21352	0.04376	0.40711	0.01431	0.01087	0.01472	0.01071	0.01620	0.00919	0.00632	0.03453	0.00184	0.05095	0.07335	0.00256	0.00633
9	0.03749	0.01272	0.10727	0.11125	0.39864	0.05814	0.07850	0.01408	0.01066	0.01497	0.04151	0.04465	0.00951	0.00517	0.00519	0.00150	0.03490	0.00471	0.00252	0.00662
10	0.07601	0.06077	0.08268	0.17695	0.17271	0.08834	0.03558	0.04516	0.01078	0.03655	0.03407	0.02774	0.04071	0.01643	0.00576	0.00155	0.07497	0.00447	0.00271	0.00606
11	0.03511	0.23440	0.13545	0.05444	0.03824	0.07612	0.08112	0.03919	0.08606	0.03202	0.03368	0.08692	0.03583	0.00599	0.00445	0.00142	0.00548	0.00495	0.00297	0.00616
12	0.00618	0.00464	0.00560	0.00622	0.00703	0.00426	0.00449	0.00725	0.00975	0.01242	0.03214	0.36251	0.28191	0.10773	0.00812	0.00218	0.00312	0.12630	0.00425	0.00390
13	0.01291	0.10441	0.16035	0.01231	0.05678	0.06663	0.12901	0.07286	0.04303	0.14190	0.01587	0.05820	0.09239	0.00615	0.00481	0.00148	0.00558	0.00530	0.00345	0.00657
14	0.00698	0.00467	0.00550	0.00554	0.00570	0.00477	0.00335	0.00731	0.00723	0.00993	0.01512	0.05240	0.01690	0.67367	0.12293	0.00480	0.00552	0.00681	0.03768	0.00316
15	0.05462	0.31073	0.10610	0.03844	0.15706	0.12206	0.01052	0.03816	0.09322	0.01451	0.00893	0.01016	0.00729	0.00462	0.00398	0.00129	0.00574	0.00345	0.00258	0.00655
16	0.00580	0.00482	0.00507	0.00507	0.00656	0.00409	0.00378	0.00713	0.01117	0.01369	0.14488	0.07632	0.67133	0.01192	0.00567	0.00161	0.00241	0.01004	0.00455	0.00409
17	0.61434	0.00988	0.00872	0.00734	0.01048	0.01114	0.00605	0.17098	0.01147	0.07670	0.00870	0.00936	0.00641	0.00483	0.00346	0.00146	0.00400	0.00314	0.02560	0.00596
18	0.00841	0.00567	0.00708	0.00726	0.00875	0.00536	0.00587	0.02790	0.03631	0.08515	0.08755	0.13939	0.24829	0.01182	0.00594	0.00185	0.00345	0.29455	0.00464	0.00476
19	0.01128	0.01034	0.01581	0.40600	0.22247	0.03945	0.05446	0.10767	0.01173	0.01571	0.00939	0.01249	0.00724	0.00477	0.00472	0.00149	0.00601	0.00430	0.04840	0.00625
20	0.01066	0.00614	0.00632	0.00569	0.00732	0.00642	0.00443	0.15769	0.01238	0.02015	0.01481	0.01662	0.01147	0.00560	0.00361	0.00117	0.00280	0.00443	0.69713	0.00515
21	0.00631	0.00475	0.00541	0.00561	0.00685	0.00413	0.00407	0.00755	0.01076	0.03804	0.12292	0.27321	0.46835	0.01250	0.00575	0.00169	0.00256	0.01079	0.00457	0.00417
22	0.10916	0.01207	0.01261	0.01000	0.01351	0.01337	0.00817	0.54102	0.13662	0.02671	0.01308	0.01293	0.03059	0.00581	0.00458	0.00145	0.00473	0.00439	0.00452	0.03468
23	0.00577	0.00485	0.00501	0.00497	0.00653	0.00409	0.00373	0.00710	0.01118	0.01360	0.13120	0.04486	0.71706	0.01185	0.00565	0.00160	0.00240	0.00993	0.00453	0.00409
24	0.00606	0.00442	0.00573	0.00648	0.00708	0.00409	0.00454	0.00725	0.01017	0.01356	0.15903	0.57304	0.11274	0.01371	0.00600	0.00185	0.00274	0.05290	0.00457	0.00403
25	0.06002	0.01005	0.01330	0.45054	0.02356	0.06950	0.03199	0.11350	0.01134	0.03373	0.00949	0.01319	0.00750	0.04976	0.01554	0.00178	0.04549	0.00428	0.02980	0.00561
26	0.00780	0.00625	0.00796	0.00780	0.00879	0.04931	0.00600	0.03033	0.00843	0.01176	0.01267	0.01862	0.01181	0.07184	0.68461	0.00682	0.01165	0.00506	0.02811	0.00438
27	0.00601	0.00452	0.00562	0.00641	0.00717	0.00413	0.00462	0.00713	0.00988	0.01267	0.03247	0.50853	0.24898	0.01394	0.00604	0.00188	0.00288	0.10869	0.00443	0.00399
28	0.01443	0.00673	0.00861	0.00731	0.00980	0.00610	0.00586	0.03623	0.02624	0.40265	0.12258	0.06809	0.11201	0.00803	0.00503	0.00153	0.00342	0.05105	0.09798	0.00633
29	0.03058	0.15958	0.54369	0.01224	0.01804	0.03710	0.03739	0.03569	0.01041	0.01478	0.00923	0.05355	0.00751	0.00505	0.00437	0.00144	0.00645	0.00395	0.00228	0.00666
30	0.03917	0.01375	0.01189	0.01118	0.04388	0.31057	0.00827	0.04750	0.03557	0.01286	0.01039	0.02680	0.02640	0.10820	0.08801	0.00252	0.19068	0.00447	0.00270	0.00522
31	0.00874	0.00564	0.00715	0.00726	0.00844	0.00546	0.00544	0.04901	0.04277	0.09446	0.11792	0.35858	0.06893	0.06668	0.00707	0.00201	0.00337	0.13169	0.00461	0.00477
32	0.01334	0.43175	0.18303	0.01100	0.05674	0.04389	0.01057	0.11889	0.02778	0.05000	0.00864	0.00952	0.00689	0.00457	0.00385	0.00124	0.00562	0.00326	0.00267	0.00677
33	0.02744	0.06442	0.01412	0.09561	0.08806	0.17765	0.06950	0.13048	0.01331	0.06021	0.11150	0.05528	0.01356	0.00605	0.00470	0.00141	0.00556	0.00506	0.05001	0.00607
34	0.02337	0.00459	0.00589	0.00657	0.00722	0.00427	0.00450	0.00794	0.00956	0.06284	0.04569	0.65793	0.08275	0.04457	0.00660	0.00197	0.00291	0.01221	0.00446	0.00417
35	0.08237	0.00949	0.01082	0.00820	0.01184	0.00888	0.00665	0.12728	0.03051	0.04484	0.00920	0.01042	0.00735	0.00453	0.00485	0.00105	0.07800	0.00328	0.00322	0.53722
36	0.00646	0.00459	0.00590	0.00657	0.00725	0.00428	0.00461	0.01790	0.01010	0.02852	0.10824	0.58118	0.12202	0.01424	0.02553	0.00199	0.00304	0.03893	0.00451	0.00413
37	0.12034	0.01130	0.01093	0.00900	0.01194	0.07843	0.00725	0.36551	0.07868	0.06359	0.01236	0.01287	0.00916	0.00614	0.02019	0.00150	0.00475	0.00415	0.16519	0.00673

[dist]
# distance from previous block
# <min> <max>
0	2

[block]
# block no. 4 follows, 53 sequences, length 27
# corresponding to MSA columns:
# 312-317,323-343
name=unknown_E
#
# <colnr> <probs for GDERKNQSTAVLIFYWHMCP>
#	G	D	E	R	K	N	Q	S	T	A	V	L	I	F	Y	W	H	M	C	P
0	0.01251	0.00629	0.00805	0.00689	0.00916	0.00560	0.00542	0.01466	0.03330	0.33178	0.29799	0.05138	0.17962	0.00875	0.00530	0.00153	0.00307	0.00745	0.00533	0.00593
1	0.01360	0.00812	0.00969	0.03406	0.01143	0.00829	0.00665	0.12651	0.17098	0.24483	0.05437	0.11094	0.09686	0.00852	0.02523	0.00171	0.00398	0.00652	0.05112	0.00658
2	0.01447	0.03736	0.01377	0.15969	0.03379	0.03000	0.00951	0.39179	0.20520	0.02283	0.01280	0.02597	0.00962	0.00579	0.00476	0.00150	0.00514	0.00462	0.00412	0.00728
3	0.03669	0.01044	0.01408	0.59536	0.05256	0.10284	0.01222	0.01353	0.03650	0.01276	0.00855	0.01211	0.00662	0.00507	0.00541	0.00158	0.06182	0.00410	0.00229	0.00548
4	0.00664	0.00488	0.00639	0.00723	0.00812	0.00463	0.00569	0.00820	0.01047	0.01359	0.07192	0.32584	0.15914	0.01346	0.00621	0.00197	0.00338	0.33360	0.00447	0.00416
5	0.00689	0.00519	0.00697	0.00717	0.00803	0.00554	0.00532	0.00917	0.06483	0.01289	0.09849	0.23287	0.05699	0.06192	0.37464	0.00461	0.00747	0.02302	0.00362	0.00435
6	0.01307	0.03303	0.01353	0.03232	0.13367	0.03552	0.05921	0.13625	0.21118	0.10806	0.11332	0.01828	0.04548	0.01912	0.00524	0.00155	0.00463	0.00544	0.00421	0.00690
7	0.01077	0.05671	0.03531	0.00944	0.03330	0.04838	0.00740	0.01950	0.47036	0.01767	0.10036	0.02186	0.12074	0.00727	0.00508	0.00155	0.01738	0.00598	0.00437	0.00656
8	0.01089	0.01093	0.01306	0.01144	0.01195	0.10422	0.00930	0.03318	0.00860	0.01213	0.00820	0.03343	0.00797	0.02742	0.10002	0.00260	0.56036	0.00447	0.02468	0.00514
9	0.01278	0.83490	0.02505	0.00818	0.01227	0.01891	0.00818	0.01431	0.00971	0.01125	0.00664	0.00767	0.00613	0.00409	0.00307	0.00102	0.00511	0.00256	0.00204	0.00613
10	0.00659	0.00498	0.00607	0.00585	0.00706	0.00457	0.00434	0.00878	0.03408	0.01708	0.53752	0.07874	0.22538	0.03034	0.00609	0.00163	0.00242	0.00912	0.00495	0.00441
11	0.00979	0.00839	0.00976	0.00701	0.01119	0.00630	0.00560	0.01188	0.00994	0.01550	0.00965	0.01096	0.03011	0.00379	0.00360	0.00073	0.00351	0.00304	0.00288	0.83635
12	0.00892	0.00593	0.00732	0.00689	0.00820	0.00607	0.00523	0.11276	0.01152	0.03583	0.15872	0.11772	0.09811	0.01507	0.15284	0.10782	0.00496	0.02193	0.10955	0.00461
13	0.00588	0.00428	0.00556	0.00652	0.00697	0.00396	0.00445	0.00682	0.00947	0.01249	0.04679	0.71339	0.10640	0.01453	0.00606	0.00191	0.00277	0.03339	0.00446	0.00393
14	0.00637	0.00467	0.00582	0.00638	0.00710	0.00434	0.00456	0.00749	0.00979	0.01286	0.09691	0.38163	0.16320	0.13446	0.00871	0.00226	0.00318	0.11843	0.00425	0.01756
15	0.01377	0.00761	0.00905	0.00764	0.01016	0.00756	0.00606	0.08319	0.16037	0.27619	0.16834	0.02161	0.05826	0.00700	0.00478	0.00146	0.00339	0.00582	0.14119	0.00654
16	0.01117	0.11590	0.22257	0.01459	0.02900	0.02876	0.25772	0.05456	0.01063	0.01469	0.00894	0.01202	0.00726	0.00626	0.03406	0.00179	0.14107	0.02027	0.00239	0.00633
17	0.00592	0.00441	0.00551	0.00616	0.00686	0.00401	0.00427	0.00704	0.01016	0.01335	0.14099	0.54271	0.20399	0.01360	0.00593	0.00181	0.00262	0.01211	0.00455	0.00401
18	0.00594	0.00447	0.00553	0.00624	0.00699	0.00406	0.00441	0.00704	0.01001	0.01294	0.07928	0.51814	0.24571	0.01376	0.00598	0.00184	0.00274	0.05644	0.00449	0.00399
19	0.01096	0.10346	0.20873	0.03059	0.03049	0.06677	0.08848	0.04482	0.04272	0.04178	0.01244	0.13022	0.01146	0.00751	0.02566	0.00172	0.07860	0.02455	0.03304	0.00601
20	0.01128	0.01014	0.03561	0.04664	0.05791	0.12409	0.05369	0.02969	0.03985	0.09452	0.06663	0.11598	0.06043	0.10870	0.00831	0.00197	0.07112	0.03160	0.02646	0.00538
21	0.02624	0.06071	0.10907	0.23765	0.15361	0.03835	0.11835	0.03573	0.01054	0.05920	0.00900	0.01169	0.00696	0.00501	0.00593	0.00155	0.09735	0.00422	0.00250	0.00633
22	0.00985	0.00830	0.00969	0.00715	0.01102	0.00657	0.00569	0.03127	0.03649	0.01645	0.09080	0.01288	0.01129	0.00434	0.00383	0.00084	0.00346	0.00355	0.00320	0.72333
23	0.00830	0.00415	0.00623	0.00623	0.00623	0.00415	0.00415	0.00623	0.00623	0.00830	0.00830	0.01453	0.00830	0.01660	0.01868	0.86094	0.00415	0.00415	0.00208	0.00208
24	0.01113	0.00971	0.02718	0.06160	0.18521	0.00977	0.10408	0.11905	0.08119	0.05077	0.03705	0.08418	0.13433	0.00733	0.00553	0.00160	0.03038	0.02993	0.00366	0.00631
25	0.01079	0.03570	0.01677	0.36800	0.32796	0.03772	0.03711	0.03390	0.01068	0.01427	0.03554	0.01279	0.00821	0.00482	0.00502	0.00150	0.02615	0.00435	0.00241	0.00630
26	0.03088	0.05387	0.07477	0.17876	0.18332	0.07396	0.10496	0.04634	0.01111	0.01492	0.04577	0.03968	0.03871	0.00573	0.00517	0.00151	0.03288	0.02596	0.02565	0.00605

[dist]
# distance from previous block
# <min> <max>
6	13

[block]
# block no. 5 follows, 53 sequences, length 7
# corresponding to MSA columns:
# 360-366
name=unknown_F
#
# <colnr> <probs for GDERKNQSTAVLIFYWHMCP>
#	G	D	E	R	K	N	Q	S	T	A	V	L	I	F	Y	W	H	M	C	P
0	0.36682	0.06865	0.10586	0.00895	0.01247	0.13294	0.00808	0.11175	0.03581	0.06372	0.00901	0.00979	0.00679	0.00485	0.00376	0.00140	0.00510	0.00327	0.03488	0.00610
1	0.07338	0.01159	0.05321	0.17900	0.31952	0.01168	0.04710	0.17365	0.01294	0.05812	0.00975	0.01184	0.00741	0.00477	0.00466	0.00148	0.00568	0.00420	0.00302	0.00702
2	0.00830	0.00415	0.00623	0.00623	0.00623	0.00415	0.00415	0.00623	0.00623	0.00830	0.00830	0.01453	0.00830	0.01660	0.01868	0.86094	0.00415	0.00415	0.00208	0.00208
3	0.01051	0.01073	0.07772	0.08744	0.23761	0.03326	0.03907	0.06250	0.09198	0.01648	0.09691	0.01912	0.08075	0.00705	0.02422	0.00166	0.03099	0.02329	0.04244	0.00627
4	0.01109	0.06438	0.18556	0.05408	0.24571	0.04327	0.01154	0.01480	0.06357	0.05651	0.04864	0.03345	0.06274	0.00555	0.00462	0.00140	0.00526	0.00473	0.00297	0.08013
5	0.00863	0.00592	0.00707	0.00653	0.00800	0.02587	0.00492	0.03187	0.01119	0.06082	0.27355	0.05017	0.17469	0.01102	0.00822	0.18544	0.00328	0.04550	0.00411	0.07320
6	0.01253	0.16253	0.09294	0.03524	0.16115	0.12375	0.03707	0.06851	0.06737	0.03969	0.01057	0.04519	0.00906	0.02504	0.06292	0.00192	0.03095	0.00436	0.00284	0.00638

[dist]
# distance from previous block
# <min> <max>
1	4

[block]
# block no. 6 follows, 53 sequences, length 69
# corresponding to MSA columns:
# 388-449,453-459
name=unknown_G
#
# <colnr> <probs for GDERKNQSTAVLIFYWHMCP>
#	G	D	E	R	K	N	Q	S	T	A	V	L	I	F	Y	W	H	M	C	P
0	0.09027	0.07587	0.12516	0.01053	0.04461	0.04031	0.05641	0.08275	0.08516	0.06686	0.04668	0.09784	0.01236	0.00618	0.00452	0.00141	0.00482	0.01959	0.00347	0.12520
1	0.02988	0.01044	0.03407	0.05731	0.39550	0.00991	0.14034	0.01457	0.01111	0.09737	0.03286	0.03274	0.06048	0.00548	0.00497	0.00149	0.00549	0.02356	0.00305	0.02937
2	0.00618	0.00465	0.00577	0.00623	0.00716	0.00424	0.00457	0.00758	0.01081	0.01419	0.20633	0.35196	0.24765	0.01282	0.00592	0.00178	0.00273	0.09068	0.00462	0.00412
3	0.04877	0.00999	0.01038	0.00888	0.01116	0.06201	0.00707	0.18993	0.16707	0.01975	0.10366	0.01813	0.04422	0.01870	0.00608	0.00153	0.09292	0.02061	0.10261	0.05653
4	0.01108	0.01129	0.04185	0.13885	0.49456	0.01111	0.12216	0.01413	0.01065	0.01503	0.02446	0.01242	0.00800	0.00450	0.00512	0.00147	0.02755	0.00446	0.00240	0.03892
5	0.01128	0.03242	0.01146	0.05313	0.01273	0.00953	0.05207	0.12928	0.16150	0.06943	0.10751	0.04354	0.11281	0.01907	0.00602	0.00160	0.05881	0.03640	0.02231	0.04911
6	0.00959	0.02472	0.80726	0.01362	0.02069	0.01110	0.01766	0.01514	0.01009	0.01514	0.00858	0.01009	0.00605	0.00454	0.00454	0.00151	0.00706	0.00353	0.00202	0.00706
7	0.18719	0.00785	0.00941	0.00754	0.01073	0.00740	0.00618	0.01971	0.01216	0.54047	0.03669	0.01527	0.01144	0.00568	0.00430	0.00144	0.00374	0.00443	0.10132	0.00704
8	0.01122	0.01271	0.02717	0.01957	0.02403	0.01228	0.72580	0.01502	0.01098	0.01502	0.00941	0.01271	0.00718	0.00436	0.00641	0.00165	0.07022	0.00553	0.00239	0.00635
9	0.01067	0.00664	0.00805	0.00733	0.00922	0.00655	0.00560	0.03021	0.16985	0.17036	0.27321	0.16096	0.08662	0.00925	0.00534	0.00160	0.00307	0.00802	0.02168	0.00576
10	0.00830	0.00415	0.00623	0.00623	0.00623	0.00415	0.00415	0.00623	0.00623	0.00830	0.00830	0.01453	0.00830	0.01660	0.01868	0.86094	0.00415	0.00415	0.00208	0.00208
11	0.00625	0.00440	0.00536	0.00595	0.00623	0.00419	0.00377	0.00679	0.00844	0.01112	0.02372	0.45671	0.08744	0.33200	0.01314	0.00296	0.00347	0.01073	0.00384	0.00351
12	0.16446	0.00689	0.00714	0.00655	0.00851	0.00727	0.00507	0.05907	0.10411	0.10627	0.01607	0.12823	0.01367	0.00683	0.00408	0.00141	0.00313	0.00553	0.34020	0.00550
13	0.00603	0.00435	0.00575	0.00671	0.00717	0.00406	0.00468	0.00709	0.00967	0.01286	0.07751	0.67647	0.06792	0.01436	0.00609	0.00192	0.00286	0.07605	0.00449	0.00397
14	0.00913	0.00862	0.01410	0.61359	0.02758	0.01090	0.02773	0.01184	0.00908	0.01204	0.00855	0.01311	0.00692	0.02382	0.05339	0.00208	0.13578	0.00437	0.00217	0.00521
15	0.02889	0.01550	0.23140	0.03913	0.02114	0.03054	0.38179	0.05076	0.01121	0.05782	0.00973	0.01234	0.00731	0.02421	0.00620	0.00166	0.05648	0.00475	0.00260	0.00654
