[name]
unknown

[dist]
# distance from previous block
# <min> <max>
0	145

[block]
# block no. 0 follows, 53 sequences, length 6
# corresponding to MSA columns:
# 149-154
name=unknown_A
#
# <colnr> <probs for GDERKNQSTAVLIFYWHMCP>
#	G	D	E	R	K	N	Q	S	T	A	V	L	I	F	Y	W	H	M	C	P
0	0.01246	0.00733	0.01082	0.01245	0.15451	0.00701	0.00877	0.01467	0.01176	0.24531	0.02046	0.03529	0.01931	0.00945	0.00574	0.00185	0.00454	0.40773	0.00447	0.00607
1	0.02371	0.01799	0.02033	0.01837	0.02073	0.01840	0.01351	0.02523	0.24526	0.11598	0.02368	0.02934	0.02055	0.01462	0.01428	0.00391	0.34597	0.00838	0.00743	0.01233
2	0.00777	0.00625	0.00802	0.00761	0.00766	0.00742	0.00538	0.00822	0.00746	0.01045	0.01455	0.17011	0.01672	0.44336	0.01850	0.00340	0.24307	0.00735	0.00294	0.00376
3	0.01440	0.01065	0.01160	0.00889	0.01244	0.01083	0.00724	0.44644	0.01698	0.02407	0.01121	0.01195	0.00843	0.00507	0.00421	0.00118	0.00431	0.00390	0.12980	0.25641
4	0.25966	0.01030	0.01766	0.01348	0.01681	0.01070	0.37934	0.01353	0.00952	0.01615	0.00920	0.01235	0.00745	0.01013	0.15202	0.00270	0.04619	0.00459	0.00259	0.00562
5	0.01397	0.15991	0.01289	0.00885	0.01147	0.10186	0.00714	0.16060	0.03903	0.16677	0.01614	0.25000	0.01531	0.00810	0.00481	0.00150	0.00461	0.00669	0.00414	0.00621

[dist]
# distance from previous block
# <min> <max>
2	12

[block]
# block no. 1 follows, 53 sequences, length 10
# corresponding to MSA columns:
# 168-177
name=unknown_B
#
# <colnr> <probs for GDERKNQSTAVLIFYWHMCP>
#	G	D	E	R	K	N	Q	S	T	A	V	L	I	F	Y	W	H	M	C	P
0	0.00711	0.00661	0.01068	0.00902	0.01105	0.00609	0.18399	0.00896	0.01030	0.01313	0.03144	0.17409	0.38975	0.01351	0.09946	0.00238	0.00499	0.00911	0.00375	0.00459
1	0.00736	0.00636	0.00822	0.19379	0.01361	0.00681	0.00672	0.01054	0.10087	0.01325	0.02954	0.03024	0.38637	0.01398	0.14859	0.00269	0.00533	0.00732	0.00362	0.00478
2	0.01083	0.01182	0.02347	0.11131	0.02304	0.01250	0.51692	0.01407	0.01017	0.01407	0.00875	0.01231	0.00692	0.00511	0.00785	0.00172	0.19563	0.00514	0.00231	0.00603
3	0.01460	0.00980	0.01109	0.00935	0.01211	0.01047	0.00738	0.33319	0.17131	0.14820	0.01767	0.20179	0.01542	0.00804	0.00511	0.00160	0.00420	0.00674	0.00490	0.00704
4	0.01662	0.01417	0.02193	0.01797	0.02106	0.01268	0.37915	0.01673	0.01449	0.02020	0.02122	0.17187	0.02096	0.20172	0.01310	0.00371	0.00844	0.00959	0.00546	0.00892
5	0.01004	0.00557	0.00740	0.00697	0.00856	0.00507	0.00541	0.01189	0.01237	0.19820	0.35828	0.17452	0.06766	0.01031	0.00564	0.00166	0.00302	0.09709	0.00513	0.00520
6	0.51624	0.00825	0.00736	0.00698	0.00928	0.00935	0.00543	0.01436	0.14770	0.01906	0.01346	0.19869	0.01294	0.00723	0.00402	0.00161	0.00350	0.00562	0.00364	0.00530
7	0.00971	0.01019	0.00799	0.00750	0.00943	0.21564	0.00566	0.01254	0.10861	0.01407	0.10616	0.03180	0.42398	0.00932	0.00520	0.00150	0.00419	0.00754	0.00406	0.00491
8	0.00618	0.00476	0.00499	0.00499	0.00595	0.00428	0.00333	0.00690	0.00929	0.01143	0.03482	0.04000	0.48107	0.34640	0.01326	0.00285	0.00332	0.00881	0.00381	0.00357
9	0.01030	0.00980	0.01664	0.46063	0.38286	0.01095	0.01391	0.01333	0.01016	0.01376	0.00872	0.01233	0.00692	0.00454	0.00476	0.00151	0.00606	0.00425	0.00223	0.00634

[dist]
# distance from previous block
# <min> <max>
0	7

[block]
# block no. 2 follows, 53 sequences, length 34
# corresponding to MSA columns:
# 185-190,204-231
name=unknown_C
#
# <colnr> <probs for GDERKNQSTAVLIFYWHMCP>
#	G	D	E	R	K	N	Q	S	T	A	V	L	I	F	Y	W	H	M	C	P
0	0.00686	0.00487	0.00630	0.00594	0.00707	0.00451	0.00446	0.00912	0.01337	0.01911	0.76397	0.03489	0.04360	0.00958	0.00553	0.00149	0.00225	0.00845	0.04413	0.00451
1	0.00619	0.03991	0.00634	0.00657	0.00703	0.00458	0.00447	0.00701	0.00907	0.01198	0.02530	0.71841	0.04967	0.07047	0.00721	0.00208	0.00299	0.01257	0.00423	0.00392
2	0.00783	0.00585	0.00827	0.00797	0.00909	0.00676	0.00625	0.07738	0.00899	0.01278	0.01268	0.01813	0.01161	0.03318	0.74153	0.00713	0.01213	0.00505	0.00276	0.00461
3	0.01737	0.01403	0.01394	0.01161	0.04816	0.11646	0.00904	0.61369	0.02017	0.02648	0.01106	0.01146	0.00807	0.00556	0.00464	0.00139	0.00555	0.00415	0.04960	0.00758
4	0.01201	0.64146	0.13960	0.00893	0.01322	0.01682	0.00933	0.01462	0.04535	0.01214	0.00788	0.00950	0.00699	0.03984	0.00428	0.00128	0.00532	0.00302	0.00221	0.00620
5	0.01277	0.01151	0.04866	0.01262	0.05496	0.02660	0.13468	0.14982	0.30136	0.05953	0.01589	0.05319	0.03234	0.00646	0.00551	0.00160	0.03953	0.02190	0.00405	0.00702
6	0.01693	0.06930	0.01442	0.01294	0.06742	0.63241	0.00938	0.03182	0.05514	0.03504	0.00849	0.00954	0.00690	0.00496	0.00432	0.00126	0.00777	0.00332	0.00270	0.00594
7	0.00970	0.00828	0.00969	0.00706	0.01111	0.00625	0.00560	0.01176	0.00987	0.01540	0.00940	0.05126	0.00832	0.00412	0.00367	0.00077	0.00350	0.00337	0.00291	0.81795
8	0.00582	0.00416	0.00555	0.00666	0.00693	0.00388	0.00444	0.00666	0.00915	0.01220	0.02634	0.82891	0.03161	0.01497	0.00610	0.00194	0.00277	0.01359	0.00444	0.00388
9	0.17169	0.21574	0.19041	0.01012	0.01437	0.11480	0.00999	0.16158	0.02929	0.02909	0.00853	0.00940	0.00658	0.00475	0.00392	0.00134	0.00571	0.00327	0.00289	0.00652
10	0.00895	0.00540	0.00694	0.00626	0.00786	0.00485	0.00480	0.01101	0.01322	0.14302	0.57988	0.03394	0.13635	0.00946	0.00551	0.00151	0.00256	0.00822	0.00526	0.00502
11	0.01278	0.83490	0.02505	0.00818	0.01227	0.01891	0.00818	0.01431	0.00971	0.01125	0.00664	0.00767	0.00613	0.00409	0.00307	0.00102	0.00511	0.00256	0.00204	0.00613
12	0.00579	0.00429	0.00541	0.00631	0.00684	0.00391	0.00429	0.00669	0.00948	0.01233	0.03049	0.68171	0.17613	0.01443	0.00602	0.00188	0.00271	0.01293	0.00444	0.00391
13	0.00653	0.00486	0.00580	0.00559	0.00688	0.00437	0.00422	0.00843	0.01242	0.01693	0.49441	0.03851	0.29381	0.01039	0.00554	0.00153	0.00235	0.02293	0.05016	0.00435
14	0.00568	0.00474	0.00495	0.00512	0.00653	0.00401	0.00375	0.00683	0.01063	0.01280	0.04508	0.16436	0.68407	0.01254	0.00572	0.00166	0.00247	0.01062	0.00444	0.00401
15	0.01747	0.08649	0.01449	0.01192	0.01458	0.71050	0.00914	0.05678	0.01368	0.01258	0.00753	0.00869	0.00625	0.00490	0.00423	0.00122	0.00818	0.00310	0.00254	0.00572
16	0.00610	0.00440	0.00584	0.00689	0.00737	0.00414	0.00490	0.00717	0.00952	0.01256	0.02730	0.67002	0.06979	0.01456	0.00615	0.00196	0.00301	0.12991	0.00443	0.00397
17	0.01051	0.00885	0.01023	0.00737	0.01158	0.00699	0.00591	0.06855	0.01083	0.01664	0.00871	0.01003	0.00716	0.00370	0.00363	0.00076	0.00367	0.00294	0.00297	0.79897
18	0.01062	0.01159	0.02337	0.01735	0.02080	0.01187	0.55446	0.01378	0.01023	0.01421	0.01010	0.06067	0.00868	0.00679	0.03945	0.00197	0.16983	0.00580	0.00248	0.00597
19	0.01328	0.75881	0.02405	0.00844	0.01250	0.01853	0.00826	0.08581	0.01089	0.01299	0.00709	0.00802	0.00632	0.00424	0.00323	0.00106	0.00513	0.00272	0.00230	0.00632
20	0.86579	0.00924	0.00702	0.00629	0.00924	0.01072	0.00518	0.01405	0.00813	0.02144	0.00666	0.00776	0.00518	0.00444	0.00296	0.00148	0.00370	0.00259	0.00296	0.00518
21	0.00598	0.00479	0.00535	0.00540	0.00674	0.00416	0.00401	0.00742	0.01134	0.01437	0.22686	0.13042	0.51806	0.01188	0.00571	0.00163	0.00246	0.02465	0.00464	0.00414
22	0.00917	0.00865	0.01460	0.77864	0.07366	0.01066	0.01335	0.01234	0.00963	0.01239	0.00852	0.01269	0.00643	0.00475	0.00478	0.00158	0.00633	0.00425	0.00214	0.00543
23	0.00588	0.00418	0.00553	0.00658	0.00685	0.00392	0.00436	0.00667	0.00904	0.01205	0.02577	0.78836	0.03089	0.05651	0.00703	0.00208	0.00287	0.01325	0.00436	0.00383
24	0.00592	0.00481	0.00509	0.00510	0.00643	0.00418	0.00370	0.00708	0.01054	0.01294	0.10414	0.06493	0.61056	0.10536	0.02638	0.00210	0.00291	0.00960	0.00429	0.00395
25	0.00695	0.00463	0.00521	0.00521	0.00521	0.00463	0.00290	0.00695	0.00695	0.00927	0.01506	0.03128	0.01738	0.83203	0.02433	0.00463	0.00463	0.00695	0.00290	0.00290
26	0.01259	0.77549	0.04141	0.00852	0.01246	0.01853	0.00850	0.01419	0.00960	0.01134	0.00667	0.00786	0.00614	0.00432	0.00374	0.00109	0.04675	0.00266	0.00205	0.00611
27	0.01115	0.00893	0.01037	0.00750	0.01168	0.00717	0.00603	0.08323	0.01122	0.05018	0.00920	0.01032	0.00738	0.00384	0.00371	0.00081	0.00372	0.00305	0.00314	0.74738
28	0.02766	0.00498	0.00604	0.00574	0.00703	0.00455	0.00432	0.00863	0.01277	0.01774	0.60214	0.03745	0.22305	0.01019	0.00557	0.00153	0.00233	0.00884	0.00501	0.00441
29	0.02919	0.00833	0.01052	0.00855	0.01106	0.02260	0.05083	0.18362	0.01496	0.19656	0.33731	0.02348	0.02449	0.04931	0.00614	0.00164	0.00392	0.00636	0.00492	0.00618
30	0.01128	0.01289	0.02820	0.02015	0.02498	0.01209	0.78485	0.01531	0.01128	0.01531	0.00967	0.01289	0.00725	0.00403	0.00564	0.00161	0.00806	0.00564	0.00242	0.00645
31	0.00903	0.00850	0.01434	0.82054	0.03292	0.01062	0.01327	0.01221	0.00956	0.01221	0.00850	0.01274	0.00637	0.00478	0.00478	0.00159	0.00637	0.00425	0.00212	0.00531
32	0.00582	0.00416	0.00555	0.00666	0.00693	0.00388	0.00444	0.00666	0.00915	0.01220	0.02634	0.82891	0.03161	0.01497	0.00610	0.00194	0.00277	0.01359	0.00444	0.00388
33	0.01183	0.01136	0.01940	0.02934	0.80221	0.01136	0.01467	0.01467	0.01088	0.01562	0.00899	0.01183	0.00757	0.00426	0.00473	0.00142	0.00568	0.00426	0.00237	0.00757

[dist]
# distance from previous block
# <min> <max>
0	7

[block]
# block no. 3 follows, 53 sequences, length 68
# corresponding to MSA columns:
# 239-306
name=unknown_D
#
# <colnr> <probs for GDERKNQSTAVLIFYWHMCP>
#	G	D	E	R	K	N	Q	S	T	A	V	L	I	F	Y	W	H	M	C	P
0	0.00810	0.00562	0.00623	0.00580	0.00765	0.00501	0.00444	0.01042	0.06735	0.10643	0.15866	0.03895	0.53644	0.01063	0.00549	0.00158	0.00268	0.00892	0.00477	0.00484
1	0.00565	0.00484	0.00484	0.00484	0.00646	0.00403	0.00363	0.00686	0.01089	0.01291	0.04842	0.04600	0.80027	0.01210	0.00565	0.00161	0.00242	0.01009	0.00444	0.00403
2	0.00960	0.05288	0.75833	0.01325	0.02002	0.01119	0.01697	0.01488	0.01005	0.01492	0.00898	0.03168	0.00673	0.00480	0.00453	0.00151	0.00688	0.00376	0.00208	0.00695
3	0.00588	0.00485	0.00516	0.00509	0.00660	0.00413	0.00381	0.00731	0.01144	0.01421	0.20449	0.04386	0.64339	0.01162	0.00565	0.00159	0.00239	0.00979	0.00461	0.00413
4	0.00697	0.00492	0.00660	0.00657	0.00730	0.00532	0.00481	0.00835	0.00837	0.01202	0.08582	0.02430	0.04981	0.21572	0.45567	0.00562	0.00864	0.00602	0.07319	0.00397
5	0.01752	0.02151	0.01323	0.01193	0.01441	0.73465	0.00899	0.06320	0.01392	0.01301	0.00795	0.00915	0.00651	0.00500	0.00430	0.00124	0.00817	0.00320	0.03645	0.00565
6	0.00753	0.00538	0.00751	0.00861	0.00964	0.00536	0.00741	0.00961	0.01084	0.01412	0.02540	0.12286	0.02787	0.01336	0.00656	0.00218	0.00426	0.70275	0.00440	0.00435
7	0.01169	0.01121	0.01915	0.06908	0.76356	0.01132	0.01460	0.01455	0.01082	0.01544	0.00897	0.01188	0.00751	0.00428	0.00473	0.00143	0.00571	0.00426	0.00235	0.00746
8	0.00756	0.00565	0.00657	0.00729	0.00797	0.04846	0.00514	0.02679	0.01002	0.04654	0.02457	0.67816	0.02855	0.01370	0.00595	0.00189	0.00332	0.06317	0.00440	0.00429
9	0.00683	0.00504	0.00640	0.00603	0.00724	0.00469	0.00453	0.00933	0.03652	0.01869	0.71566	0.03600	0.10532	0.00986	0.00562	0.00152	0.00231	0.00866	0.00518	0.00456
10	0.01161	0.01113	0.01900	0.09168	0.74160	0.01130	0.01456	0.01448	0.01078	0.01535	0.00895	0.01190	0.00748	0.00430	0.00474	0.00143	0.00573	0.00426	0.00235	0.00739
11	0.00582	0.00416	0.00555	0.00666	0.00693	0.00388	0.00444	0.00666	0.00915	0.01220	0.02634	0.82891	0.03161	0.01497	0.00610	0.00194	0.00277	0.01359	0.00444	0.00388
12	0.01117	0.01069	0.01821	0.21476	0.62192	0.01118	0.01434	0.01409	0.01057	0.01482	0.00887	0.01204	0.00729	0.00438	0.00474	0.00146	0.00584	0.00426	0.00231	0.00704
13	0.00683	0.00512	0.00768	0.00768	0.00853	0.00597	0.00597	0.00853	0.00768	0.01110	0.01280	0.01878	0.01195	0.03585	0.81308	0.00768	0.01280	0.00512	0.00256	0.00427
14	0.05224	0.00577	0.00592	0.00549	0.00698	0.00606	0.00423	0.10158	0.01120	0.01892	0.01451	0.01688	0.01150	0.02237	0.04635	0.00158	0.00325	0.00443	0.65584	0.00488
15	0.80086	0.00978	0.00757	0.00668	0.00967	0.02995	0.00548	0.05501	0.00902	0.02167	0.00693	0.00798	0.00536	0.00452	0.00309	0.00147	0.00390	0.00269	0.00304	0.00534
16	0.00700	0.00533	0.00656	0.00726	0.00810	0.02432	0.00549	0.02663	0.01067	0.01396	0.10630	0.43285	0.09537	0.01326	0.00608	0.00191	0.00333	0.21689	0.00447	0.00424
17	0.01009	0.00877	0.06171	0.00828	0.01128	0.00738	0.03978	0.02715	0.05011	0.07012	0.05731	0.04536	0.06755	0.00823	0.06480	0.00171	0.05831	0.00492	0.08734	0.30981
18	0.00695	0.00463	0.00521	0.00521	0.00521	0.00463	0.00290	0.00695	0.00695	0.00927	0.01506	0.03128	0.01738	0.83203	0.02433	0.00463	0.00463	0.00695	0.00290	0.00290
19	0.01785	0.02278	0.01354	0.01231	0.01478	0.81284	0.00924	0.01909	0.01354	0.01170	0.00739	0.00862	0.00616	0.00493	0.00431	0.00123	0.00862	0.00308	0.00246	0.00554
20	0.01813	0.01299	0.01404	0.01082	0.01459	0.01429	0.00892	0.71775	0.04931	0.07201	0.01216	0.01196	0.00856	0.00577	0.00479	0.00144	0.00514	0.00437	0.00485	0.00811
21	0.01031	0.00848	0.00995	0.00713	0.01136	0.00639	0.00571	0.01242	0.01004	0.04281	0.00885	0.01013	0.00724	0.00362	0.00358	0.00073	0.00356	0.00290	0.00294	0.83183
22	0.00959	0.02472	0.80726	0.01362	0.02069	0.01110	0.01766	0.01514	0.01009	0.01514	0.00858	0.01009	0.00605	0.00454	0.00454	0.00151	0.00706	0.00353	0.00202	0.00706
23	0.00655	0.00496	0.00605	0.00580	0.00706	0.00451	0.00434	0.00872	0.02757	0.01740	0.57196	0.05900	0.23758	0.01044	0.00564	0.00155	0.00234	0.00908	0.00502	0.00443
24	0.00801	0.00547	0.00684	0.00712	0.00822	0.00530	0.00516	0.02430	0.08765	0.06541	0.08411	0.50774	0.05567	0.01223	0.00571	0.00178	0.00305	0.05223	0.02379	0.03020
25	0.00991	0.00850	0.00991	0.00708	0.01133	0.00637	0.00566	0.01203	0.00991	0.01557	0.00850	0.00991	0.00708	0.00354	0.00354	0.00071	0.00354	0.00283	0.00283	0.86124
26	0.01761	0.01311	0.01403	0.01088	0.01461	0.01456	0.00895	0.71859	0.09107	0.02922	0.01219	0.01204	0.00870	0.00580	0.00479	0.00145	0.00513	0.00440	0.00479	0.00808
27	0.00566	0.00481	0.00487	0.00492	0.00648	0.00403	0.00367	0.00685	0.01082	0.01288	0.04748	0.07936	0.76752	0.01223	0.00567	0.00163	0.00244	0.01024	0.00444	0.00403
28	0.00977	0.02346	0.72413	0.01432	0.02114	0.01121	0.09953	0.01516	0.01022	0.01516	0.00869	0.01039	0.00618	0.00449	0.00466	0.00152	0.00717	0.00376	0.00206	0.00700
29	0.01119	0.01356	0.07202	0.01978	0.02474	0.01203	0.74170	0.01530	0.01121	0.01530	0.00961	0.01274	0.00718	0.00406	0.00558	0.00161	0.00800	0.00552	0.00239	0.00648
30	0.00587	0.00485	0.00514	0.00507	0.00659	0.00413	0.00380	0.00728	0.01140	0.01412	0.19397	0.04400	0.65397	0.01165	0.00565	0.00159	0.00239	0.00981	0.00460	0.00413
31	0.00959	0.02472	0.80726	0.01362	0.02069	0.01110	0.01766	0.01514	0.01009	0.01514	0.00858	0.01009	0.00605	0.00454	0.00454	0.00151	0.00706	0.00353	0.00202	0.00706
32	0.01104	0.01143	0.01455	0.01253	0.01272	0.07753	0.01036	0.01210	0.00781	0.01152	0.00636	0.01031	0.00626	0.00809	0.01479	0.00202	0.75909	0.00410	0.00212	0.00525
33	0.01675	0.01217	0.01300	0.01016	0.01361	0.01345	0.00833	0.65430	0.06303	0.02813	0.01239	0.01256	0.00896	0.00576	0.00462	0.00141	0.00482	0.00438	0.10448	0.00767
34	0.00695	0.00463	0.00521	0.00521	0.00521	0.00463	0.00290	0.00695	0.00695	0.00927	0.01506	0.03128	0.01738	0.83203	0.02433	0.00463	0.00463	0.00695	0.00290	0.00290
35	0.86579	0.00924	0.00702	0.00629	0.00924	0.01072	0.00518	0.01405	0.00813	0.02144	0.00666	0.00776	0.00518	0.00444	0.00296	0.00148	0.00370	0.00259	0.00296	0.00518
36	0.02119	0.00855	0.01135	0.00870	0.01241	0.00764	0.00719	0.08341	0.01437	0.74443	0.01827	0.01589	0.01154	0.00590	0.00480	0.00148	0.00416	0.00477	0.00583	0.00813
37	0.01189	0.01027	0.01081	0.00973	0.01243	0.01189	0.00757	0.02540	0.79357	0.01999	0.01945	0.01783	0.01459	0.00648	0.00486	0.00162	0.00378	0.00540	0.00486	0.00757
38	0.01041	0.01040	0.01463	0.03659	0.01315	0.01452	0.01054	0.01152	0.00739	0.01152	0.00634	0.01052	0.00628	0.00826	0.01536	0.00208	0.79897	0.00418	0.00209	0.00523
39	0.00991	0.00850	0.00991	0.00708	0.01133	0.00637	0.00566	0.01203	0.00991	0.01557	0.00850	0.00991	0.00708	0.00354	0.00354	0.00071	0.00354	0.00283	0.00283	0.86124
40	0.76935	0.00912	0.00749	0.00654	0.00958	0.01030	0.00539	0.01511	0.00877	0.11100	0.00805	0.00874	0.00594	0.00461	0.00317	0.00148	0.00374	0.00284	0.00330	0.00551
41	0.00656	0.00532	0.02727	0.00622	0.00746	0.00456	0.00482	0.00854	0.01232	0.01693	0.52513	0.14917	0.15999	0.01085	0.00571	0.00161	0.00256	0.03568	0.00490	0.00441
42	0.00684	0.00509	0.00750	0.00750	0.00829	0.00588	0.00575	0.00842	0.00763	0.01096	0.01297	0.01969	0.01235	0.09397	0.75550	0.00746	0.01221	0.00525	0.00258	0.00417
43	0.01278	0.83490	0.02505	0.00818	0.01227	0.01891	0.00818	0.01431	0.00971	0.01125	0.00664	0.00767	0.00613	0.00409	0.00307	0.00102	0.00511	0.00256	0.00204	0.00613
44	0.03057	0.01095	0.01256	0.00979	0.01344	0.01139	0.00803	0.39506	0.10262	0.31319	0.01492	0.01384	0.01012	0.00582	0.00475	0.00146	0.00460	0.00455	0.00514	0.02721
45	0.01336	0.13848	0.38801	0.01226	0.01773	0.01143	0.10305	0.03248	0.01131	0.21051	0.01102	0.01162	0.00768	0.00478	0.00452	0.00144	0.00611	0.00397	0.00309	0.00714
46	0.01140	0.01092	0.01863	0.14976	0.68512	0.01124	0.01446	0.01429	0.01068	0.01510	0.00892	0.01197	0.00739	0.00434	0.00474	0.00145	0.00578	0.00426	0.00233	0.00723
47	0.01165	0.01362	0.04365	0.01833	0.02237	0.07550	0.59938	0.01508	0.01089	0.01450	0.00900	0.01216	0.00700	0.00471	0.00689	0.00165	0.11985	0.00519	0.00237	0.00622
48	0.00771	0.00581	0.00700	0.00706	0.00819	0.00582	0.00512	0.07081	0.09961	0.01633	0.22517	0.41655	0.08276	0.01176	0.00571	0.00173	0.00293	0.01043	0.00472	0.00480
49	0.00695	0.00463	0.00521	0.00521	0.00521	0.00463	0.00290	0.00695	0.00695	0.00927	0.01506	0.03128	0.01738	0.83203	0.02433	0.00463	0.00463	0.00695	0.00290	0.00290
50	0.01249	0.00661	0.00851	0.00738	0.00960	0.00618	0.00586	0.01569	0.09123	0.29763	0.37026	0.02849	0.05868	0.00837	0.00532	0.00155	0.00318	0.05153	0.00537	0.00608
51	0.00582	0.00416	0.00555	0.00666	0.00693	0.00388	0.00444	0.00666	0.00915	0.01220	0.02634	0.82891	0.03161	0.01497	0.00610	0.00194	0.00277	0.01359	0.00444	0.00388
52	0.01671	0.02088	0.01371	0.01235	0.01443	0.68971	0.00942	0.01792	0.01258	0.01167	0.00722	0.00890	0.00617	0.00546	0.00606	0.00136	0.13428	0.00325	0.00241	0.00549
53	0.00695	0.00463	0.00521	0.00521	0.00521	0.00463	0.00290	0.00695	0.00695	0.00927	0.01506	0.03128	0.01738	0.83203	0.02433	0.00463	0.00463	0.00695	0.00290	0.00290
54	0.00903	0.00850	0.01434	0.82054	0.03292	0.01062	0.01327	0.01221	0.00956	0.01221	0.00850	0.01274	0.00637	0.00478	0.00478	0.00159	0.00637	0.00425	0.00212	0.00531
55	0.86579	0.00924	0.00702	0.00629	0.00924	0.01072	0.00518	0.01405	0.00813	0.02144	0.00666	0.00776	0.00518	0.00444	0.00296	0.00148	0.00370	0.00259	0.00296	0.00518
56	0.00588	0.00424	0.00556	0.00651	0.00692	0.00393	0.00440	0.00682	0.00954	0.01270	0.07888	0.73359	0.07439	0.01447	0.00605	0.00189	0.00272	0.01307	0.00449	0.00393
57	0.01764	0.01296	0.01392	0.01081	0.01453	0.01435	0.00889	0.69361	0.09738	0.04798	0.01243	0.01221	0.00885	0.00581	0.00479	0.00145	0.00509	0.00442	0.00482	0.00807
58	0.00695	0.00463	0.00521	0.00521	0.00521	0.00463	0.00290	0.00695	0.00695	0.00927	0.01506	0.03128	0.01738	0.83203	0.02433	0.00463	0.00463	0.00695	0.00290	0.00290
59	0.00781	0.00562	0.00773	0.02248	0.00894	0.00642	0.00590	0.04281	0.03649	0.01310	0.01331	0.01842	0.01191	0.04315	0.61403	0.00617	0.01050	0.00502	0.11561	0.00457
60	0.00695	0.00463	0.00521	0.00521	0.00521	0.00463	0.00290	0.00695	0.00695	0.00927	0.01506	0.03128	0.01738	0.83203	0.02433	0.00463	0.00463	0.00695	0.00290	0.00290
61	0.01046	0.00943	0.01056	0.00799	0.01159	0.05126	0.00640	0.03104	0.01008	0.01515	0.00849	0.01031	0.00719	0.00549	0.03924	0.00118	0.07960	0.00310	0.00278	0.67867
62	0.00647	0.00487	0.00598	0.00570	0.00696	0.00438	0.00427	0.00844	0.01282	0.01749	0.59881	0.03846	0.24702	0.01040	0.00564	0.00153	0.00230	0.00903	0.00504	0.00438
63	0.01197	0.63094	0.22197	0.00955	0.01439	0.01695	0.01057	0.01452	0.00981	0.01222	0.00713	0.00828	0.00611	0.00420	0.00344	0.00115	0.00560	0.00280	0.00204	0.00637
64	0.05319	0.01263	0.01342	0.01048	0.01415	0.01393	0.00859	0.62856	0.11436	0.02791	0.01211	0.01202	0.00874	0.00568	0.00466	0.00143	0.00494	0.00430	0.00463	0.04429
65	0.01177	0.01134	0.01949	0.04365	0.77231	0.01136	0.03030	0.01464	0.01087	0.01555	0.00900	0.01187	0.00754	0.00426	0.00475	0.00143	0.00574	0.00429	0.00236	0.00751
66	0.00725	0.00473	0.00558	0.00568	0.00605	0.00459	0.00353	0.00764	0.00799	0.04412	0.01991	0.18266	0.08132	0.54979	0.04576	0.00386	0.00436	0.00830	0.00343	0.00344
67	0.01134	0.01411	0.11754	0.01874	0.04175	0.01223	0.59586	0.04789	0.01136	0.01569	0.00939	0.01233	0.00710	0.00444	0.00608	0.00162	0.05833	0.00521	0.00245	0.00654

[dist]
# distance from previous block
# <min> <max>
6	67

[block]
# block no. 4 follows, 53 sequences, length 26
# corresponding to MSA columns:
# 377-382,403-422
name=unknown_E
#
# <colnr> <probs for GDERKNQSTAVLIFYWHMCP>
#	G	D	E	R	K	N	Q	S	T	A	V	L	I	F	Y	W	H	M	C	P
0	0.00609	0.00444	0.00582	0.00671	0.00724	0.00407	0.00460	0.00704	0.00931	0.01246	0.02605	0.73832	0.05141	0.01428	0.00598	0.00188	0.00286	0.04203	0.00436	0.04504
1	0.69471	0.04904	0.00865	0.00690	0.00998	0.01117	0.00573	0.05213	0.04881	0.06447	0.00820	0.00891	0.00620	0.00467	0.00325	0.00146	0.00386	0.00293	0.00326	0.00565
2	0.01817	0.01339	0.01434	0.01100	0.01482	0.01482	0.00908	0.78627	0.02247	0.03012	0.01148	0.01148	0.00813	0.00574	0.00478	0.00143	0.00526	0.00430	0.00478	0.00813
3	0.00582	0.00416	0.00555	0.00666	0.00693	0.00388	0.00444	0.00666	0.00915	0.01220	0.02634	0.82891	0.03161	0.01497	0.00610	0.00194	0.00277	0.01359	0.00444	0.00388
4	0.01071	0.01155	0.02259	0.03336	0.06002	0.01205	0.48807	0.01379	0.01040	0.01452	0.05220	0.01419	0.02591	0.00557	0.00797	0.00171	0.20138	0.00545	0.00253	0.00604
5	0.00695	0.00463	0.00521	0.00521	0.00521	0.00463	0.00290	0.00695	0.00695	0.00927	0.01506	0.03128	0.01738	0.83203	0.02433	0.00463	0.00463	0.00695	0.00290	0.00290
6	0.05863	0.00923	0.01084	0.00822	0.01198	0.03826	0.04342	0.06058	0.01113	0.10036	0.01103	0.07219	0.00936	0.00491	0.00404	0.00103	0.00406	0.00407	0.00337	0.53327
7	0.01533	0.01644	0.01241	0.01056	0.01358	0.40916	0.00814	0.15562	0.06987	0.01645	0.00995	0.04158	0.00829	0.00527	0.00434	0.00121	0.00636	0.00382	0.00321	0.18841
8	0.86579	0.00924	0.00702	0.00629	0.00924	0.01072	0.00518	0.01405	0.00813	0.02144	0.00666	0.00776	0.00518	0.00444	0.00296	0.00148	0.00370	0.00259	0.00296	0.00518
9	0.09543	0.01172	0.01139	0.00959	0.01263	0.11833	0.00761	0.18633	0.22717	0.20476	0.01513	0.05483	0.01140	0.00622	0.00464	0.00150	0.00476	0.00487	0.00457	0.00714
10	0.01817	0.01339	0.01434	0.01100	0.01482	0.01482	0.00908	0.78627	0.02247	0.03012	0.01148	0.01148	0.00813	0.00574	0.00478	0.00143	0.00526	0.00430	0.00478	0.00813
11	0.00991	0.00850	0.00991	0.00708	0.01133	0.00637	0.00566	0.01203	0.00991	0.01557	0.00850	0.00991	0.00708	0.00354	0.00354	0.00071	0.00354	0.00283	0.00283	0.86124
12	0.00705	0.00554	0.00622	0.00646	0.00734	0.04890	0.00462	0.00859	0.01133	0.01538	0.33977	0.36417	0.08207	0.01156	0.00562	0.00165	0.00283	0.01023	0.05639	0.00427
13	0.00676	0.00489	0.00639	0.00601	0.00714	0.00451	0.00451	0.00902	0.01353	0.01917	0.79969	0.03570	0.04510	0.00977	0.00564	0.00150	0.00225	0.00864	0.00526	0.00451
14	0.05359	0.01174	0.01300	0.01012	0.01379	0.01259	0.00832	0.51626	0.07811	0.21242	0.01362	0.01294	0.00937	0.00578	0.00472	0.00146	0.00480	0.00443	0.00498	0.00796
15	0.01072	0.01002	0.01691	0.38225	0.36092	0.01099	0.05231	0.04546	0.01076	0.01474	0.00911	0.01246	0.00718	0.00458	0.00476	0.00150	0.00599	0.00433	0.02858	0.00643
16	0.00925	0.00735	0.00875	0.00883	0.01055	0.00798	0.00718	0.01607	0.33715	0.01690	0.08118	0.09024	0.02373	0.01027	0.00577	0.00189	0.00387	0.34269	0.00466	0.00569
17	0.01625	0.00925	0.01081	0.00871	0.01182	0.00937	0.00705	0.23870	0.12264	0.31675	0.07322	0.01900	0.07886	0.00671	0.00486	0.00148	0.00402	0.00543	0.04780	0.00728
18	0.00582	0.00472	0.00517	0.00533	0.00663	0.00407	0.00389	0.00710	0.01091	0.01357	0.13975	0.18922	0.56248	0.01234	0.00573	0.00166	0.00246	0.01055	0.00454	0.00407
19	0.00683	0.00509	0.00755	0.00755	0.00835	0.00590	0.00580	0.00845	0.00764	0.01099	0.01293	0.01947	0.01225	0.07986	0.76948	0.00751	0.01235	0.00522	0.00258	0.00419
20	0.01219	0.00820	0.00926	0.00799	0.01015	0.03042	0.00634	0.18676	0.08365	0.11081	0.20034	0.02148	0.03100	0.00987	0.08076	0.00203	0.01772	0.02493	0.14009	0.00601
21	0.86579	0.00924	0.00702	0.00629	0.00924	0.01072	0.00518	0.01405	0.00813	0.02144	0.00666	0.00776	0.00518	0.00444	0.00296	0.00148	0.00370	0.00259	0.00296	0.00518
22	0.05778	0.01648	0.01375	0.01137	0.01447	0.33704	0.03253	0.34033	0.01668	0.03452	0.02623	0.01071	0.00793	0.00540	0.00484	0.00136	0.03098	0.00382	0.00358	0.03018
23	0.01404	0.01433	0.01371	0.01241	0.05403	0.28665	0.08098	0.16351	0.05158	0.01692	0.01334	0.01995	0.02351	0.00674	0.00501	0.00151	0.00632	0.15862	0.00346	0.05337
24	0.03830	0.00593	0.00761	0.00721	0.00845	0.00595	0.00543	0.01049	0.02237	0.09768	0.27959	0.27338	0.04178	0.03276	0.00695	0.00175	0.07925	0.02434	0.00448	0.04629
25	0.05007	0.08255	0.10224	0.01074	0.01469	0.01019	0.12319	0.12153	0.02421	0.25889	0.03715	0.07264	0.01146	0.00589	0.00472	0.00145	0.00504	0.00509	0.00404	0.05421

[dist]
# distance from previous block
# <min> <max>
1	13

[block]
# block no. 5 follows, 53 sequences, length 27
# corresponding to MSA columns:
# 436-462
name=unknown_F
#
# <colnr> <probs for GDERKNQSTAVLIFYWHMCP>
#	G	D	E	R	K	N	Q	S	T	A	V	L	I	F	Y	W	H	M	C	P
0	0.01623	0.00912	0.01013	0.00839	0.01124	0.06057	0.00668	0.11633	0.10789	0.36038	0.03222	0.06817	0.01324	0.00647	0.00463	0.00144	0.00407	0.00526	0.13882	0.01871
1	0.01160	0.01035	0.01289	0.17501	0.13833	0.06122	0.00930	0.12293	0.04918	0.01704	0.04442	0.01271	0.00930	0.00530	0.01807	0.00134	0.00510	0.00400	0.01767	0.27424
2	0.01378	0.00783	0.00967	0.00766	0.01092	0.00673	0.00609	0.06263	0.02751	0.30272	0.03749	0.11691	0.06405	0.00672	0.00461	0.00128	0.00364	0.00564	0.00447	0.29963
3	0.01044	0.00848	0.00997	0.00714	0.01137	0.00640	0.00573	0.01255	0.01008	0.05187	0.00897	0.01020	0.00730	0.00365	0.00360	0.00074	0.00356	0.00292	0.00297	0.82205
4	0.01171	0.07694	0.16030	0.00886	0.01346	0.00915	0.00852	0.09864	0.01161	0.07403	0.01052	0.01137	0.02861	0.00441	0.00397	0.00104	0.00452	0.00344	0.00310	0.45578
5	0.00617	0.00460	0.00619	0.00709	0.00737	0.00462	0.00491	0.00706	0.00908	0.01221	0.02502	0.75525	0.02987	0.01450	0.00673	0.00196	0.05561	0.03347	0.00428	0.00398
6	0.00991	0.00850	0.00991	0.00708	0.01133	0.00637	0.00566	0.01203	0.00991	0.01557	0.00850	0.00991	0.00708	0.00354	0.00354	0.00071	0.00354	0.00283	0.00283	0.86124
7	0.00586	0.00425	0.00546	0.00641	0.00680	0.00393	0.00428	0.00669	0.00921	0.01213	0.02792	0.71481	0.10494	0.05435	0.00694	0.00204	0.00283	0.01293	0.00436	0.00385
8	0.01554	0.01032	0.01151	0.00916	0.01221	0.01099	0.00744	0.45982	0.04182	0.12384	0.14855	0.01704	0.01554	0.00646	0.00480	0.00143	0.00426	0.00516	0.08697	0.00714
9	0.00891	0.00445	0.00445	0.00445	0.00557	0.00445	0.00334	0.01114	0.01002	0.01782	0.01559	0.01782	0.01225	0.00557	0.00334	0.00111	0.00223	0.00445	0.85856	0.00445
10	0.00686	0.00512	0.00762	0.00766	0.00850	0.00592	0.00596	0.00854	0.00778	0.01116	0.01331	0.02036	0.01265	0.05549	0.76378	0.00741	0.01229	0.03270	0.00264	0.00424
11	0.01077	0.01103	0.01469	0.11350	0.06647	0.10376	0.07590	0.01257	0.00915	0.01246	0.00911	0.04236	0.00853	0.00886	0.05834	0.00215	0.38059	0.02895	0.02541	0.00538
12	0.21218	0.01435	0.01436	0.08208	0.06669	0.27498	0.10409	0.01563	0.01063	0.03584	0.00785	0.00996	0.00634	0.00515	0.00583	0.00151	0.12060	0.00365	0.00258	0.00570
13	0.01196	0.01372	0.02090	0.01604	0.01928	0.18182	0.43882	0.01468	0.01105	0.01373	0.01066	0.10380	0.00965	0.00598	0.00661	0.00163	0.10542	0.00582	0.00262	0.00582
14	0.00637	0.00473	0.00601	0.00684	0.00747	0.00455	0.00481	0.00820	0.06006	0.01317	0.05704	0.62884	0.09196	0.01387	0.00600	0.00190	0.00291	0.06658	0.00449	0.00419
15	0.00728	0.00576	0.00842	0.00816	0.00887	0.00698	0.00638	0.00883	0.00760	0.01106	0.01210	0.01835	0.01151	0.07108	0.67602	0.00684	0.11281	0.00509	0.00252	0.00432
16	0.00606	0.00438	0.00579	0.00676	0.00723	0.00407	0.00468	0.00707	0.00947	0.01264	0.04851	0.71451	0.04996	0.01441	0.00607	0.00192	0.00288	0.06946	0.00443	0.01971
17	0.04010	0.07595	0.48211	0.11399	0.06727	0.03303	0.05298	0.03918	0.01048	0.01508	0.00858	0.01057	0.00639	0.00508	0.01828	0.00158	0.00678	0.00371	0.00222	0.00666
18	0.01246	0.01095	0.01617	0.22059	0.28552	0.03208	0.04942	0.18411	0.01315	0.03280	0.04012	0.01310	0.00895	0.00594	0.02672	0.00166	0.03198	0.00450	0.00302	0.00675
19	0.01727	0.00701	0.00927	0.00757	0.01040	0.00619	0.00607	0.01908	0.01257	0.56816	0.03914	0.10846	0.01498	0.00698	0.00474	0.00147	0.00358	0.00584	0.14427	0.00697
20	0.01112	0.22244	0.35216	0.01165	0.03194	0.01359	0.01241	0.02980	0.16857	0.01510	0.01015	0.01114	0.00789	0.00517	0.00522	0.00146	0.07697	0.00375	0.00266	0.00680
21	0.00652	0.00488	0.00605	0.00575	0.00699	0.00440	0.00432	0.00854	0.01295	0.01778	0.63329	0.03798	0.21236	0.01029	0.00564	0.00153	0.00229	0.00896	0.00508	0.00440
22	0.00633	0.00503	0.00705	0.00724	0.00824	0.00461	0.05474	0.00763	0.01004	0.01302	0.05974	0.48795	0.21755	0.01322	0.00599	0.00185	0.00315	0.07812	0.00434	0.00415
23	0.00938	0.00868	0.01434	0.78930	0.03222	0.01078	0.01311	0.04208	0.01006	0.01290	0.00861	0.01269	0.00644	0.00482	0.00478	0.00159	0.00633	0.00425	0.00223	0.00542
24	0.10743	0.32984	0.11299	0.00985	0.01383	0.12680	0.00930	0.17279	0.04724	0.01712	0.00853	0.00933	0.00680	0.00474	0.00383	0.00127	0.00565	0.00323	0.00288	0.00653
25	0.01272	0.12496	0.04216	0.02963	0.24468	0.03203	0.00968	0.05312	0.05707	0.12134	0.02765	0.07712	0.01096	0.00571	0.00470	0.00136	0.02208	0.00480	0.02770	0.09052
26	0.04181	0.05404	0.01094	0.00977	0.06162	0.10172	0.00714	0.09674	0.13115	0.10135	0.06801	0.09682	0.06333	0.02878	0.02186	0.00169	0.02017	0.01425	0.06274	0.00604

[dist]
# distance from previous block
# <min> <max>
1	7

[block]
# block no. 6 follows, 53 sequences, length 14
# corresponding to MSA columns:
# 470-483
name=unknown_G
#
# <colnr> <probs for GDERKNQSTAVLIFYWHMCP>
#	G	D	E	R	K	N	Q	S	T	A	V	L	I	F	Y	W	H	M	C	P
0	0.01216	0.01040	0.01096	0.00978	0.01253	0.01202	0.00763	0.05853	0.76000	0.02044	0.01911	0.01756	0.01431	0.00645	0.00486	0.00161	0.00385	0.00536	0.00486	0.00759
1	0.01003	0.00932	0.01548	0.28046	0.39394	0.00995	0.02740	0.01294	0.02204	0.01435	0.02664	0.05910	0.05065	0.00573	0.00490	0.00153	0.00542	0.01895	0.02494	0.00625
2	0.82220	0.00919	0.00723	0.00640	0.00940	0.01053	0.00527	0.01453	0.00842	0.06192	0.00729	0.00820	0.00552	0.00451	0.00305	0.00148	0.00372	0.00270	0.00311	0.00533
3	0.00594	0.00441	0.00541	0.00606	0.00670	0.00402	0.00413	0.00690	0.00971	0.01265	0.08656	0.52142	0.21614	0.07759	0.00738	0.00204	0.00280	0.01187	0.00438	0.00389
4	0.01008	0.00944	0.01591	0.43056	0.34880	0.01052	0.01342	0.01305	0.01022	0.01378	0.01001	0.01557	0.00851	0.00522	0.00490	0.00157	0.00593	0.06393	0.00240	0.00617
5	0.00588	0.00427	0.00558	0.00660	0.00701	0.00396	0.00450	0.00680	0.00936	0.01234	0.02802	0.73701	0.09135	0.01468	0.00609	0.00193	0.00281	0.04345	0.00444	0.00391
6	0.01231	0.03612	0.01680	0.01460	0.09366	0.07367	0.12877	0.11912	0.03783	0.01549	0.00874	0.01155	0.00738	0.00713	0.03052	0.00187	0.34877	0.00437	0.02517	0.00613
7	0.00618	0.00441	0.00578	0.00672	0.00724	0.00414	0.00476	0.00731	0.00973	0.01302	0.06854	0.62713	0.07383	0.01407	0.00604	0.00191	0.00291	0.10474	0.02755	0.00400
8	0.00687	0.00494	0.00645	0.00668	0.00718	0.00525	0.00464	0.00823	0.03729	0.01110	0.01717	0.19894	0.01873	0.31779	0.29835	0.00494	0.00709	0.03132	0.00323	0.00382
9	0.01302	0.00895	0.01016	0.00900	0.01157	0.00973	0.00702	0.04179	0.48575	0.17681	0.04872	0.10238	0.01670	0.00813	0.02623	0.00178	0.00395	0.00622	0.00498	0.00711
10	0.16160	0.01978	0.56255	0.01178	0.01749	0.01061	0.03144	0.01486	0.03679	0.01672	0.06571	0.01185	0.00903	0.00495	0.00437	0.00151	0.00603	0.00384	0.00253	0.00655
11	0.66877	0.01026	0.00812	0.00720	0.01014	0.06851	0.00582	0.01611	0.08969	0.06511	0.00872	0.00935	0.00659	0.00477	0.00336	0.00148	0.00408	0.00304	0.00329	0.00562
12	0.04231	0.01400	0.01284	0.06894	0.01504	0.20053	0.00868	0.37493	0.07051	0.02163	0.03185	0.04660	0.00980	0.00586	0.00463	0.00139	0.00569	0.00446	0.00388	0.05645
13	0.15411	0.01124	0.01144	0.04098	0.01325	0.05603	0.00767	0.32211	0.11402	0.09466	0.04691	0.01395	0.03085	0.00579	0.00445	0.00143	0.00462	0.00441	0.01521	0.04687

[dist]
# distance from previous block
# <min> <max>
2	25

[block]
# block no. 7 follows, 53 sequences, length 47
# corresponding to MSA columns:
# 509-555
name=unknown_H
#
# <colnr> <probs for GDERKNQSTAVLIFYWHMCP>
#	G	D	E	R	K	N	Q	S	T	A	V	L	I	F	Y	W	H	M	C	P
0	0.03542	0.00965	0.01432	0.26457	0.26390	0.01040	0.01123	0.08771	0.06692	0.04739	0.04790	0.01540	0.03333	0.00541	0.00476	0.00148	0.00521	0.01994	0.00311	0.05196
1	0.04503	0.01033	0.01676	0.13690	0.51359	0.01053	0.03136	0.01467	0.03276	0.05737	0.01108	0.01339	0.03661	0.00474	0.00468	0.00143	0.00540	0.00443	0.00271	0.04622
2	0.01012	0.00993	0.01640	0.12742	0.01811	0.03877	0.25727	0.06355	0.01134	0.01524	0.11440	0.09716	0.04432	0.00725	0.00697	0.00169	0.12665	0.02469	0.00317	0.00555
3	0.02421	0.00955	0.01193	0.04831	0.01319	0.05344	0.11386	0.17987	0.07462	0.08074	0.03897	0.01536	0.01118	0.00554	0.00439	0.00137	0.00451	0.00471	0.29809	0.00615
4	0.00642	0.00470	0.00602	0.04939	0.00792	0.00462	0.00453	0.00731	0.00891	0.01174	0.05435	0.38718	0.11133	0.24762	0.04160	0.00286	0.00386	0.03204	0.00384	0.00375
5	0.01085	0.03305	0.14242	0.09387	0.01493	0.04048	0.00926	0.03598	0.34316	0.03591	0.10532	0.03361	0.03445	0.00648	0.00480	0.00154	0.00456	0.00538	0.03740	0.00653
6	0.00991	0.00936	0.01563	0.57011	0.24756	0.01087	0.01346	0.01337	0.03790	0.01344	0.00902	0.01267	0.00700	0.00469	0.00477	0.00155	0.00609	0.00429	0.00229	0.00602
7	0.00979	0.08666	0.53879	0.01255	0.04616	0.01058	0.03696	0.01422	0.01078	0.03397	0.14106	0.01447	0.01282	0.00539	0.00465	0.00147	0.00601	0.00443	0.00268	0.00659
8	0.00645	0.00484	0.00597	0.00576	0.00696	0.00437	0.00429	0.00839	0.01269	0.01733	0.58137	0.07372	0.22916	0.01057	0.00566	0.00155	0.00232	0.00922	0.00502	0.00437
9	0.00757	0.00609	0.00818	0.16230	0.01249	0.03635	0.00669	0.00854	0.00895	0.01164	0.01886	0.40086	0.04629	0.01316	0.03687	0.12807	0.04263	0.03700	0.00340	0.00405
10	0.00671	0.00453	0.00528	0.00552	0.00557	0.00448	0.00322	0.00689	0.00741	0.00988	0.01743	0.19871	0.02036	0.66051	0.02050	0.00407	0.00424	0.00834	0.00322	0.00310
11	0.81423	0.00983	0.00744	0.00662	0.00958	0.03944	0.00542	0.03364	0.00869	0.02131	0.00680	0.00789	0.00529	0.00449	0.00305	0.00147	0.00391	0.00265	0.00299	0.00526
12	0.01285	0.57421	0.03273	0.00973	0.01331	0.03585	0.05977	0.04458	0.01036	0.04079	0.00818	0.01055	0.00731	0.00502	0.00482	0.00126	0.08807	0.03204	0.00242	0.00615
13	0.01561	0.01236	0.01288	0.01050	0.01381	0.03819	0.00847	0.46544	0.30786	0.02543	0.01433	0.01389	0.01054	0.00657	0.02040	0.00162	0.00496	0.00469	0.00470	0.00777
14	0.01195	0.00553	0.00628	0.00559	0.00737	0.00530	0.00436	0.03276	0.01128	0.19945	0.04044	0.01786	0.01307	0.00578	0.00378	0.00122	0.00273	0.00466	0.61519	0.00539
15	0.01080	0.01627	0.25072	0.01828	0.02375	0.01181	0.56573	0.01526	0.01094	0.01526	0.00936	0.01209	0.00691	0.00418	0.00533	0.00158	0.00777	0.00504	0.00230	0.00662
16	0.03429	0.64922	0.02195	0.04001	0.01298	0.01669	0.00814	0.04238	0.01062	0.09552	0.02506	0.00950	0.00762	0.00450	0.00343	0.00113	0.00496	0.00305	0.00264	0.00632
17	0.00669	0.00488	0.00628	0.00593	0.00709	0.00448	0.00445	0.00887	0.01335	0.01875	0.74911	0.03640	0.09594	0.00993	0.00564	0.00151	0.00227	0.00874	0.00521	0.00448
18	0.01493	0.00742	0.00924	0.00795	0.01041	0.00713	0.00621	0.08805	0.08702	0.37388	0.01978	0.22231	0.01682	0.00821	0.00498	0.00157	0.00362	0.00701	0.09686	0.00661
19	0.02856	0.01135	0.01302	0.13308	0.01663	0.01277	0.00914	0.40811	0.21476	0.06420	0.01365	0.01439	0.01006	0.00593	0.00481	0.00153	0.00495	0.02121	0.00442	0.00743
20	0.01808	0.01040	0.01146	0.00966	0.02951	0.13421	0.02416	0.05947	0.01360	0.48989	0.04092	0.05348	0.04113	0.00668	0.00492	0.00149	0.00481	0.03406	0.00497	0.00710
21	0.00584	0.00422	0.00549	0.00649	0.00686	0.00391	0.00434	0.00668	0.00922	0.01218	0.02762	0.75467	0.08519	0.03455	0.00651	0.00198	0.00279	0.01318	0.00440	0.00387
22	0.79710	0.00915	0.00736	0.00647	0.00948	0.01042	0.00533	0.01480	0.00859	0.08523	0.00765	0.00846	0.00572	0.00456	0.00311	0.00148	0.00373	0.00277	0.00320	0.00542
23	0.02068	0.00852	0.01123	0.00870	0.01234	0.00771	0.00716	0.06064	0.06312	0.71834	0.01853	0.01613	0.01182	0.00594	0.00481	0.00149	0.00411	0.00482	0.00579	0.00810
24	0.00991	0.00850	0.00991	0.00708	0.01133	0.00637	0.00566	0.01203	0.00991	0.01557	0.00850	0.00991	0.00708	0.00354	0.00354	0.00071	0.00354	0.00283	0.00283	0.86124
25	0.01822	0.01364	0.01397	0.01098	0.01454	0.13933	0.04274	0.46682	0.01859	0.17408	0.01225	0.01215	0.00858	0.00556	0.00471	0.00141	0.00561	0.00427	0.02498	0.00756
26	0.00947	0.00943	0.03584	0.67151	0.12772	0.01078	0.04266	0.01271	0.00980	0.01283	0.00860	0.01257	0.00655	0.00468	0.00480	0.00157	0.00637	0.00428	0.00216	0.00568
27	0.00664	0.00498	0.00618	0.00607	0.00720	0.00463	0.00448	0.00895	0.04296	0.01713	0.53001	0.15686	0.16447	0.01081	0.00568	0.00159	0.00242	0.00950	0.00499	0.00446
28	0.00693	0.00473	0.00568	0.00568	0.00585	0.00489	0.00348	0.00725	0.00709	0.00962	0.01463	0.02889	0.01634	0.68024	0.17470	0.00521	0.00619	0.00660	0.00283	0.00316
29	0.00688	0.00493	0.00671	0.00671	0.00723	0.00545	0.00477	0.00791	0.00739	0.01038	0.01369	0.02368	0.01408	0.34812	0.50372	0.00649	0.00960	0.00584	0.00269	0.00373
30	0.01183	0.01136	0.01940	0.02934	0.80221	0.01136	0.01467	0.01467	0.01088	0.01562	0.00899	0.01183	0.00757	0.00426	0.00473	0.00142	0.00568	0.00426	0.00237	0.00757
31	0.01990	0.01062	0.01263	0.00968	0.01344	0.01071	0.00800	0.38379	0.01783	0.43916	0.01537	0.01400	0.01008	0.00583	0.00479	0.00146	0.00463	0.00457	0.00538	0.00813
32	0.01012	0.16026	0.67640	0.01271	0.01928	0.01241	0.01607	0.01500	0.01003	0.01449	0.00825	0.00969	0.00607	0.00447	0.00429	0.00143	0.00674	0.00337	0.00202	0.00691
33	0.01278	0.83490	0.02505	0.00818	0.01227	0.01891	0.00818	0.01431	0.00971	0.01125	0.00664	0.00767	0.00613	0.00409	0.00307	0.00102	0.00511	0.00256	0.00204	0.00613
34	0.01183	0.01136	0.01940	0.02934	0.80221	0.01136	0.01467	0.01467	0.01088	0.01562	0.00899	0.01183	0.00757	0.00426	0.00473	0.00142	0.00568	0.00426	0.00237	0.00757
35	0.00770	0.00550	0.00770	0.00880	0.00990	0.00550	0.00770	0.00990	0.01100	0.01430	0.02531	0.05391	0.02751	0.01320	0.00660	0.00220	0.00440	0.77004	0.00440	0.00440
36	0.01016	0.00971	0.01663	0.49568	0.32962	0.01094	0.03262	0.01324	0.01011	0.01360	0.00872	0.01239	0.00686	0.00456	0.00478	0.00153	0.00615	0.00429	0.00222	0.00621
37	0.00565	0.00484	0.00484	0.00484	0.00646	0.00403	0.00363	0.00686	0.01089	0.01291	0.04842	0.04600	0.80027	0.01210	0.00565	0.00161	0.00242	0.01009	0.00444	0.00403
38	0.01046	0.01046	0.01464	0.01255	0.01255	0.01464	0.01046	0.01150	0.00732	0.01150	0.00627	0.01046	0.00627	0.00837	0.01569	0.00209	0.82328	0.00418	0.00209	0.00523
39	0.01617	0.01179	0.01377	0.16498	0.01780	0.01316	0.00956	0.53958	0.05247	0.07658	0.01182	0.01244	0.00840	0.00560	0.00476	0.00147	0.00527	0.00438	0.02254	0.00749
40	0.01098	0.00908	0.01043	0.00762	0.01171	0.00750	0.00612	0.12119	0.01167	0.01755	0.00935	0.02996	0.00782	0.00413	0.00378	0.00084	0.00376	0.00330	0.00315	0.72007
41	0.01519	0.01561	0.01344	0.01158	0.01386	0.30790	0.00915	0.19116	0.16291	0.01738	0.01037	0.01142	0.00823	0.00615	0.00698	0.00154	0.18331	0.00404	0.00336	0.00644
42	0.01947	0.00788	0.01056	0.00824	0.01163	0.00693	0.00675	0.04396	0.01386	0.68357	0.09890	0.01882	0.03397	0.00645	0.00491	0.00148	0.00388	0.00531	0.00578	0.00767
43	0.01059	0.01077	0.01381	0.16612	0.01628	0.08344	0.01043	0.01240	0.03101	0.01194	0.00842	0.06180	0.00810	0.00774	0.01170	0.00190	0.52123	0.00472	0.00236	0.00525
44	0.00998	0.00947	0.01606	0.55068	0.29531	0.01087	0.01375	0.01305	0.01001	0.01337	0.00866	0.01243	0.00678	0.00460	0.00476	0.00153	0.00613	0.00425	0.00221	0.00608
45	0.00951	0.00921	0.01593	0.64188	0.08381	0.01107	0.08115	0.01261	0.00965	0.01267	0.00849	0.01254	0.00653	0.00492	0.00558	0.00162	0.06076	0.00437	0.00216	0.00556
46	0.01124	0.21729	0.01268	0.00729	0.01028	0.01958	0.00617	0.03548	0.03594	0.11453	0.21429	0.02072	0.10039	0.00662	0.00442	0.00124	0.00368	0.00537	0.00392	0.16887

[dist]
# distance from previous block
# <min> <max>
1	3

[block]
# block no. 8 follows, 53 sequences, length 52
# corresponding to MSA columns:
# 561-600,612-623
