[name]
unknown

[dist]
# distance from previous block
# <min> <max>
0	79

[block]
# block no. 0 follows, 60 sequences, length 9
# corresponding to MSA columns:
# 119-127
name=unknown_A
#
# <colnr> <probs for GDERKNQSTAVLIFYWHMCP>
#	G	D	E	R	K	N	Q	S	T	A	V	L	I	F	Y	W	H	M	C	P
0	0.00804	0.00580	0.00739	0.00774	0.00891	0.00593	0.00630	0.13693	0.01120	0.01479	0.02135	0.29227	0.02341	0.01145	0.00561	0.00182	0.00368	0.41888	0.00408	0.00442
1	0.15502	0.00828	0.00853	0.00707	0.00981	0.08861	0.00568	0.01630	0.01111	0.43808	0.02013	0.01869	0.18184	0.00630	0.00423	0.00135	0.00375	0.00493	0.00436	0.00595
2	0.01015	0.00704	0.00878	0.00679	0.00992	0.00583	0.00543	0.01196	0.00917	0.14417	0.01012	0.01171	0.00811	0.00988	0.18007	0.00212	0.00512	0.00332	0.00299	0.54732
3	0.00630	0.00440	0.00564	0.00564	0.00595	0.00471	0.00375	0.00691	0.00660	0.00911	0.01293	0.02406	0.01391	0.52713	0.33914	0.00532	0.00715	0.00569	0.00252	0.00313
4	0.01004	0.01351	0.15496	0.01742	0.02216	0.01088	0.67621	0.01394	0.01012	0.01394	0.00866	0.01135	0.00644	0.00375	0.00498	0.00146	0.00721	0.00484	0.00215	0.00597
5	0.01003	0.00844	0.00926	0.00870	0.01085	0.00960	0.00693	0.02015	0.64024	0.01713	0.01889	0.02331	0.01583	0.00723	0.00478	0.00159	0.00357	0.17283	0.00435	0.00629
6	0.01241	0.01231	0.18449	0.00968	0.01325	0.01042	0.00907	0.16348	0.36677	0.12016	0.01441	0.01466	0.01066	0.00556	0.00441	0.00143	0.00439	0.03159	0.00398	0.00686
7	0.00592	0.00445	0.00548	0.00522	0.00636	0.00401	0.00392	0.00774	0.01175	0.01607	0.62541	0.03491	0.23385	0.00944	0.00515	0.00140	0.00210	0.00821	0.00461	0.00401
8	0.01240	0.01446	0.01091	0.00974	0.01195	0.45087	0.05541	0.01538	0.13142	0.01233	0.01711	0.01813	0.18117	0.00633	0.00442	0.00130	0.00583	0.03276	0.00302	0.00505

[dist]
# distance from previous block
# <min> <max>
5	10

[block]
# block no. 1 follows, 60 sequences, length 12
# corresponding to MSA columns:
# 138-149
name=unknown_B
#
# <colnr> <probs for GDERKNQSTAVLIFYWHMCP>
#	G	D	E	R	K	N	Q	S	T	A	V	L	I	F	Y	W	H	M	C	P
0	0.59799	0.05045	0.00886	0.00685	0.00981	0.01070	0.00571	0.17826	0.01056	0.07489	0.00774	0.00831	0.00574	0.00437	0.00316	0.00132	0.00376	0.00282	0.00319	0.00551
1	0.05264	0.01089	0.02100	0.01557	0.01870	0.01144	0.52919	0.01290	0.00915	0.01332	0.00783	0.01086	0.00628	0.00474	0.00742	0.00156	0.22939	0.00458	0.00216	0.03037
2	0.00989	0.34699	0.50971	0.01048	0.01586	0.01293	0.01272	0.01352	0.00907	0.01242	0.00713	0.00834	0.00555	0.00398	0.00362	0.00121	0.00575	0.00287	0.00185	0.00611
3	0.00712	0.18029	0.00911	0.00570	0.00737	0.00677	0.00466	0.00887	0.01117	0.01492	0.50385	0.02901	0.17897	0.00824	0.00466	0.00130	0.00263	0.00698	0.00405	0.00434
4	0.00623	0.00464	0.00489	0.00471	0.00630	0.00390	0.00357	0.00742	0.01023	0.07018	0.07715	0.03960	0.72481	0.01054	0.00510	0.00146	0.00231	0.00880	0.00418	0.00397
5	0.00976	0.30966	0.54589	0.01071	0.01621	0.01260	0.01311	0.01355	0.00909	0.01258	0.00721	0.00844	0.00555	0.00400	0.00368	0.00123	0.00583	0.00291	0.00185	0.00615
6	0.00599	0.00432	0.00567	0.00561	0.00648	0.00400	0.00410	0.00778	0.01151	0.01617	0.65214	0.20142	0.03859	0.00990	0.00523	0.00145	0.00216	0.00883	0.00464	0.00400
7	0.01021	0.01403	0.19141	0.01683	0.02163	0.01094	0.60954	0.04401	0.01046	0.01445	0.00868	0.01118	0.00642	0.00383	0.00491	0.00145	0.00707	0.00470	0.00221	0.00606
8	0.00515	0.00442	0.00442	0.00442	0.00589	0.00368	0.00331	0.00626	0.00994	0.01178	0.04418	0.04197	0.81775	0.01105	0.00515	0.00147	0.00221	0.00920	0.00405	0.00368
9	0.00531	0.00380	0.00506	0.00607	0.00633	0.00354	0.00405	0.00607	0.00835	0.01113	0.02404	0.84388	0.02885	0.01366	0.00557	0.00177	0.00253	0.01240	0.00405	0.00354
10	0.00946	0.00831	0.01011	0.00765	0.01070	0.00771	0.00621	0.04427	0.00903	0.01400	0.00744	0.00921	0.00635	0.00423	0.00558	0.00094	0.17718	0.00290	0.00252	0.65620
11	0.01179	0.12839	0.02270	0.01513	0.01925	0.01242	0.52737	0.17847	0.01222	0.01627	0.00878	0.01083	0.00664	0.00401	0.00466	0.00136	0.00645	0.00450	0.00261	0.00616

[dist]
# distance from previous block
# <min> <max>
0	1

[block]
# block no. 2 follows, 60 sequences, length 8
# corresponding to MSA columns:
# 157-164
name=unknown_C
#
# <colnr> <probs for GDERKNQSTAVLIFYWHMCP>
#	G	D	E	R	K	N	Q	S	T	A	V	L	I	F	Y	W	H	M	C	P
0	0.01113	0.69797	0.16956	0.00837	0.01260	0.01595	0.00905	0.01320	0.00893	0.01091	0.00639	0.00740	0.00558	0.00381	0.00304	0.00101	0.00499	0.00250	0.00186	0.00575
1	0.00943	0.21555	0.63709	0.01127	0.01708	0.01179	0.01409	0.01364	0.00913	0.01298	0.00742	0.00869	0.00554	0.00405	0.00383	0.00128	0.00603	0.00301	0.00185	0.00625
2	0.01497	0.01802	0.01175	0.01066	0.01296	0.63059	0.00806	0.01881	0.20635	0.01251	0.00941	0.00991	0.00749	0.00484	0.00406	0.00121	0.00679	0.00332	0.00278	0.00550
3	0.00758	0.00379	0.00568	0.00568	0.00568	0.00379	0.00379	0.00568	0.00568	0.00758	0.00758	0.01326	0.00758	0.01515	0.01705	0.87311	0.00379	0.00379	0.00189	0.00189
4	0.69696	0.00838	0.00717	0.00625	0.00902	0.00944	0.00512	0.01475	0.07426	0.12170	0.00845	0.00883	0.00620	0.00437	0.00306	0.00136	0.00342	0.00283	0.00319	0.00525
5	0.00917	0.07282	0.68223	0.01172	0.01755	0.01066	0.01453	0.01482	0.09960	0.01409	0.00883	0.00987	0.00641	0.00432	0.00409	0.00136	0.00600	0.00336	0.00214	0.00644
6	0.01544	0.02099	0.10382	0.01137	0.01409	0.73693	0.00929	0.01701	0.01200	0.01103	0.00686	0.00802	0.00561	0.00445	0.00396	0.00115	0.00771	0.00286	0.00220	0.00521
7	0.01085	0.00937	0.00986	0.00888	0.01134	0.01085	0.00690	0.02318	0.81164	0.01824	0.01775	0.01627	0.01331	0.00592	0.00444	0.00148	0.00345	0.00493	0.00444	0.00690

[dist]
# distance from previous block
# <min> <max>
0	1

[block]
# block no. 3 follows, 60 sequences, length 15
# corresponding to MSA columns:
# 166-180
name=unknown_D
#
# <colnr> <probs for GDERKNQSTAVLIFYWHMCP>
#	G	D	E	R	K	N	Q	S	T	A	V	L	I	F	Y	W	H	M	C	P
0	0.01690	0.00701	0.00944	0.00745	0.01034	0.00626	0.00609	0.01856	0.01209	0.65816	0.09881	0.01821	0.06663	0.00621	0.00488	0.00138	0.03469	0.00503	0.00512	0.00675
1	0.00579	0.00443	0.00522	0.00503	0.00616	0.00396	0.00371	0.00735	0.01103	0.01471	0.46867	0.03591	0.33665	0.06474	0.00627	0.00160	0.00226	0.00829	0.00437	0.00385
2	0.01085	0.00937	0.00986	0.00888	0.01134	0.01085	0.00690	0.02318	0.81164	0.01824	0.01775	0.01627	0.01331	0.00592	0.00444	0.00148	0.00345	0.00493	0.00444	0.00690
3	0.79037	0.00985	0.08845	0.00641	0.00948	0.00982	0.00587	0.01292	0.00760	0.01899	0.00625	0.00730	0.00480	0.00406	0.00284	0.00135	0.00368	0.00245	0.00261	0.00490
4	0.01629	0.02079	0.01236	0.01124	0.01348	0.82921	0.00843	0.01742	0.01236	0.01067	0.00674	0.00787	0.00562	0.00449	0.00393	0.00112	0.00787	0.00281	0.00225	0.00506
5	0.01085	0.00937	0.00986	0.00888	0.01134	0.01085	0.00690	0.02318	0.81164	0.01824	0.01775	0.01627	0.01331	0.00592	0.00444	0.00148	0.00345	0.00493	0.00444	0.00690
6	0.01658	0.01222	0.01309	0.01003	0.01353	0.01353	0.00829	0.80497	0.02051	0.02749	0.01047	0.01047	0.00742	0.00524	0.00436	0.00131	0.00480	0.00393	0.00436	0.00742
7	0.00987	0.36623	0.46316	0.01013	0.01526	0.01290	0.01211	0.01331	0.00917	0.01246	0.03411	0.00907	0.00674	0.00413	0.00362	0.00119	0.00556	0.00301	0.00195	0.00601
8	0.08647	0.00993	0.01910	0.28921	0.02340	0.01026	0.43289	0.01326	0.00962	0.05075	0.00861	0.01145	0.00638	0.00402	0.00463	0.00145	0.00632	0.00444	0.00231	0.00551
9	0.01673	0.01197	0.01294	0.00992	0.01340	0.01316	0.00819	0.76438	0.02009	0.06866	0.01082	0.01070	0.00759	0.00524	0.00436	0.00131	0.00474	0.00395	0.00442	0.00742
10	0.16888	0.06739	0.23227	0.04764	0.01413	0.00975	0.09459	0.05413	0.09019	0.01546	0.03372	0.03417	0.10902	0.00550	0.00413	0.00139	0.00472	0.00453	0.00284	0.00556
11	0.06022	0.01075	0.01154	0.00916	0.01216	0.01182	0.00745	0.63998	0.01816	0.02489	0.05527	0.09510	0.01125	0.00622	0.00444	0.00136	0.00435	0.00491	0.00427	0.00671
12	0.00919	0.09230	0.05386	0.00808	0.01020	0.00859	0.00703	0.09117	0.19211	0.01601	0.14976	0.05529	0.03882	0.00817	0.00503	0.00155	0.01754	0.22608	0.00391	0.00530
13	0.00890	0.10443	0.70077	0.01157	0.01746	0.01053	0.01462	0.01344	0.00934	0.01365	0.05027	0.01022	0.00741	0.00435	0.00406	0.00134	0.00604	0.00338	0.00200	0.00624
14	0.06778	0.48812	0.16058	0.01019	0.09329	0.04449	0.00925	0.01311	0.00925	0.01230	0.05052	0.00919	0.00758	0.00415	0.00335	0.00111	0.00492	0.00296	0.00212	0.00572

[dist]
# distance from previous block
# <min> <max>
10	22

[block]
# block no. 4 follows, 60 sequences, length 41
# corresponding to MSA columns:
# 203-223,225-244
name=unknown_E
#
# <colnr> <probs for GDERKNQSTAVLIFYWHMCP>
#	G	D	E	R	K	N	Q	S	T	A	V	L	I	F	Y	W	H	M	C	P
0	0.00813	0.00602	0.00696	0.07484	0.00861	0.01803	0.00461	0.12037	0.02835	0.01264	0.09073	0.04954	0.03107	0.50471	0.01506	0.00308	0.00418	0.00610	0.00314	0.00382
1	0.02932	0.00720	0.00897	0.02248	0.03249	0.00693	0.00616	0.08206	0.09726	0.24310	0.11846	0.07392	0.05193	0.00741	0.02262	0.00148	0.00363	0.06340	0.00425	0.11694
2	0.00786	0.00409	0.00417	0.00417	0.00503	0.00409	0.00299	0.00959	0.00873	0.01509	0.01416	0.01809	0.01188	0.13077	0.00591	0.00150	0.00236	0.00441	0.74127	0.00385
3	0.01144	0.01176	0.01607	0.10350	0.01728	0.14180	0.26783	0.12149	0.08425	0.01478	0.01159	0.01353	0.06099	0.02361	0.00588	0.00149	0.07968	0.00462	0.00278	0.00562
4	0.00909	0.00906	0.01355	0.70647	0.07078	0.07780	0.02922	0.01185	0.00912	0.01133	0.00772	0.01127	0.00587	0.00433	0.00434	0.00142	0.00598	0.00382	0.00198	0.00500
5	0.00683	0.00521	0.00743	0.03301	0.00836	0.00622	0.00563	0.00825	0.00714	0.01054	0.01132	0.01718	0.01069	0.10770	0.56467	0.00550	0.10131	0.00467	0.07443	0.00391
6	0.00592	0.00442	0.00537	0.00552	0.00646	0.00406	0.00411	0.00729	0.01013	0.01339	0.29370	0.13776	0.25336	0.11128	0.00737	0.00188	0.00269	0.11743	0.00413	0.00373
7	0.39892	0.01234	0.19765	0.00838	0.01213	0.01027	0.00826	0.17310	0.02945	0.08472	0.02239	0.00953	0.00676	0.00454	0.00359	0.00135	0.00438	0.00319	0.00313	0.00592
8	0.01228	0.01034	0.01114	0.04783	0.01290	0.07767	0.03140	0.17529	0.26154	0.06091	0.01186	0.01200	0.00892	0.00476	0.00407	0.00118	0.00427	0.00384	0.00360	0.24421
9	0.02407	0.00665	0.00756	0.00677	0.00880	0.00666	0.00535	0.05395	0.20804	0.09178	0.18393	0.02631	0.17728	0.00772	0.00468	0.00140	0.00299	0.07123	0.04201	0.06283
10	0.03457	0.00433	0.00499	0.00529	0.00602	0.00404	0.00364	0.00671	0.00878	0.01170	0.10753	0.30034	0.25052	0.19859	0.00905	0.00219	0.00284	0.03162	0.00377	0.00349
11	0.01406	0.00859	0.01003	0.00839	0.01109	0.00905	0.00669	0.17060	0.29287	0.27795	0.03136	0.06992	0.01280	0.00756	0.04675	0.00171	0.00413	0.00510	0.00461	0.00674
12	0.09730	0.00608	0.00696	0.00683	0.00822	0.03012	0.00528	0.01124	0.07087	0.11613	0.08983	0.17757	0.04689	0.08830	0.07266	0.00228	0.00411	0.15094	0.00385	0.00455
13	0.07604	0.00494	0.00567	0.00562	0.00689	0.00462	0.00417	0.00870	0.00956	0.09586	0.11248	0.20071	0.28193	0.09919	0.00684	0.00183	0.00285	0.06403	0.00401	0.00408
14	0.00538	0.00400	0.00502	0.00567	0.00626	0.00364	0.00391	0.00636	0.00914	0.01200	0.12033	0.58652	0.19068	0.01258	0.00543	0.00166	0.00241	0.01122	0.00414	0.00364
15	0.25308	0.00874	0.00852	0.00722	0.00966	0.02855	0.00577	0.29174	0.02280	0.04181	0.03816	0.08333	0.09058	0.01615	0.00420	0.00139	0.00367	0.00487	0.07426	0.00549
16	0.00810	0.00479	0.00579	0.00561	0.00681	0.00436	0.00411	0.00923	0.00957	0.14194	0.09933	0.15902	0.23726	0.17612	0.00843	0.00205	0.00300	0.06187	0.04846	0.00414
17	0.16746	0.00693	0.00776	0.00662	0.00881	0.00700	0.00530	0.13175	0.01240	0.17606	0.29725	0.02182	0.07499	0.00692	0.00440	0.00137	0.00309	0.02664	0.02810	0.00534
18	0.04338	0.00842	0.01045	0.00810	0.01133	0.00809	0.00667	0.21083	0.01428	0.55192	0.06828	0.01473	0.01181	0.00555	0.00438	0.00134	0.00386	0.00445	0.00503	0.00712
19	0.00616	0.00421	0.00481	0.00491	0.00505	0.00415	0.00289	0.00634	0.00680	0.00898	0.01676	0.11164	0.07023	0.69051	0.03582	0.00385	0.00407	0.00711	0.00287	0.00283
20	0.00610	0.00430	0.00525	0.00555	0.00614	0.00407	0.00374	0.00725	0.03040	0.02646	0.15408	0.37342	0.12445	0.21728	0.00949	0.00226	0.00288	0.00943	0.00386	0.00359
21	0.01658	0.01222	0.01309	0.01003	0.01353	0.01353	0.00829	0.80497	0.02051	0.02749	0.01047	0.01047	0.00742	0.00524	0.00436	0.00131	0.00480	0.00393	0.00436	0.00742
22	0.00904	0.00775	0.00904	0.00646	0.01034	0.00581	0.00517	0.01098	0.00904	0.01421	0.00775	0.00904	0.00646	0.00323	0.00323	0.00065	0.00323	0.00258	0.00258	0.87339
23	0.00563	0.00425	0.00522	0.00549	0.00635	0.00381	0.00389	0.00685	0.00982	0.01308	0.24785	0.38465	0.22387	0.02834	0.00562	0.00161	0.00237	0.00998	0.00419	0.02712
24	0.01517	0.00667	0.00863	0.00706	0.00976	0.00592	0.00566	0.01730	0.05723	0.55591	0.03595	0.08369	0.15725	0.00713	0.00463	0.00141	0.00331	0.00595	0.00499	0.00637
25	0.00703	0.00502	0.00703	0.00803	0.00904	0.00502	0.00703	0.00904	0.01004	0.01305	0.02309	0.04920	0.02510	0.01205	0.00602	0.00201	0.00402	0.79016	0.00402	0.00402
26	0.00672	0.00455	0.00578	0.00554	0.00668	0.00411	0.00413	0.00844	0.01147	0.06462	0.54975	0.13879	0.15368	0.00964	0.00515	0.00144	0.00224	0.00846	0.00463	0.00418
27	0.00609	0.00459	0.00543	0.00528	0.00653	0.00412	0.00400	0.00789	0.02510	0.02934	0.41235	0.06135	0.35776	0.00996	0.00517	0.00145	0.00227	0.04285	0.00444	0.00402
28	0.00616	0.00437	0.00576	0.00656	0.00706	0.00430	0.00472	0.00767	0.06167	0.01163	0.02210	0.58666	0.02542	0.01300	0.00652	0.07414	0.00295	0.14173	0.00389	0.00371
29	0.00904	0.00775	0.00904	0.00646	0.01034	0.00581	0.00517	0.01098	0.00904	0.01421	0.00775	0.00904	0.00646	0.00323	0.00323	0.00065	0.00323	0.00258	0.00258	0.87339
30	0.01048	0.01010	0.01728	0.07547	0.69141	0.01039	0.03920	0.01303	0.00966	0.01380	0.00814	0.01094	0.00685	0.00461	0.01994	0.00144	0.04458	0.00394	0.00214	0.00659
31	0.00549	0.00408	0.00502	0.00563	0.00623	0.00374	0.00390	0.00641	0.00889	0.01156	0.07859	0.49999	0.21354	0.08184	0.00684	0.00189	0.00263	0.04620	0.00398	0.00356
32	0.77745	0.00987	0.00710	0.00637	0.00902	0.10501	0.00515	0.01335	0.00800	0.01853	0.00615	0.00718	0.00483	0.00410	0.00284	0.00132	0.00390	0.00241	0.00265	0.00476
33	0.00638	0.00485	0.02874	0.00565	0.00609	0.00452	0.00392	0.00707	0.00746	0.01011	0.07683	0.09213	0.01901	0.54355	0.08451	0.00375	0.00459	0.08467	0.00300	0.00317
34	0.00690	0.00534	0.00523	0.00516	0.00543	0.05888	0.00308	0.00707	0.00704	0.00888	0.01581	0.02829	0.08176	0.72149	0.01957	0.00379	0.00430	0.00635	0.00273	0.00289
35	0.01006	0.00834	0.00952	0.00697	0.01069	0.00699	0.00561	0.12583	0.02968	0.01616	0.00942	0.01036	0.02999	0.00381	0.00348	0.00079	0.00343	0.00302	0.00293	0.70293
36	0.09835	0.20942	0.09111	0.02636	0.05106	0.03489	0.00838	0.21784	0.01262	0.17984	0.00979	0.01002	0.00710	0.00456	0.00378	0.00122	0.00466	0.00337	0.00334	0.02229
37	0.01267	0.00832	0.00900	0.00787	0.00997	0.07544	0.00606	0.18869	0.05086	0.21755	0.05487	0.27572	0.01689	0.01756	0.00492	0.00148	0.00381	0.00687	0.01621	0.01524
38	0.07681	0.00821	0.00838	0.00792	0.03221	0.06302	0.00565	0.11798	0.20484	0.04905	0.01475	0.14082	0.01405	0.22646	0.00907	0.00217	0.00405	0.00589	0.00360	0.00509
39	0.01380	0.24767	0.03722	0.00913	0.01260	0.04185	0.03205	0.28063	0.13882	0.08938	0.01058	0.01063	0.00794	0.00474	0.00389	0.00120	0.00461	0.00359	0.00347	0.04620
40	0.06514	0.01091	0.00984	0.03275	0.02730	0.22152	0.00689	0.10331	0.04493	0.03355	0.14840	0.07142	0.08122	0.00683	0.00550	0.00138	0.09647	0.00521	0.00334	0.02410

[dist]
# distance from previous block
# <min> <max>
1	10

[block]
# block no. 5 follows, 60 sequences, length 82
# corresponding to MSA columns:
# 255-293,295-337
name=unknown_F
#
# <colnr> <probs for GDERKNQSTAVLIFYWHMCP>
#	G	D	E	R	K	N	Q	S	T	A	V	L	I	F	Y	W	H	M	C	P
0	0.00987	0.00766	0.01162	0.00931	0.01204	0.00704	0.17172	0.05457	0.05801	0.10914	0.03552	0.12361	0.10139	0.00708	0.00474	0.00138	0.00410	0.09114	0.00359	0.17646
1	0.01124	0.01036	0.01699	0.01295	0.01602	0.04861	0.36335	0.10119	0.08713	0.07646	0.05665	0.06762	0.03920	0.00570	0.00556	0.00147	0.06499	0.00549	0.00320	0.00582
2	0.01057	0.07910	0.12766	0.02656	0.01765	0.06080	0.38334	0.03976	0.03597	0.04259	0.10572	0.01346	0.01082	0.00469	0.00484	0.00138	0.02189	0.00473	0.00269	0.00577
3	0.05360	0.00947	0.01452	0.36452	0.27555	0.03793	0.04880	0.05737	0.00986	0.01359	0.00904	0.01181	0.03168	0.00456	0.00472	0.00140	0.03965	0.00399	0.00227	0.00566
4	0.05627	0.02201	0.06864	0.00719	0.00923	0.00639	0.01767	0.02703	0.11847	0.13056	0.02292	0.28743	0.16636	0.00916	0.00484	0.00154	0.00330	0.03197	0.00400	0.00503
5	0.01067	0.01075	0.05171	0.05486	0.12027	0.01038	0.36777	0.08342	0.03283	0.04737	0.08841	0.01352	0.01031	0.00485	0.00557	0.00145	0.07227	0.00487	0.00278	0.00595
6	0.00572	0.00431	0.00624	0.02033	0.00750	0.00418	0.03712	0.00669	0.00824	0.01106	0.02151	0.67251	0.02524	0.05052	0.08487	0.00236	0.00375	0.02048	0.00371	0.00366
7	0.00701	0.00483	0.00616	0.01626	0.00751	0.00474	0.00466	0.08812	0.00974	0.04222	0.02222	0.71912	0.02574	0.01240	0.00539	0.00171	0.00284	0.01114	0.00410	0.00409
8	0.01688	0.01061	0.03714	0.00913	0.01250	0.03254	0.00766	0.39885	0.06299	0.32666	0.01356	0.03039	0.00940	0.00546	0.00438	0.00134	0.00439	0.00429	0.00462	0.00721
9	0.00813	0.00407	0.00407	0.00407	0.00508	0.00407	0.00305	0.01016	0.00915	0.01626	0.01423	0.01626	0.01118	0.00508	0.00305	0.00102	0.00203	0.00407	0.87093	0.00407
10	0.32291	0.01393	0.00999	0.00882	0.01140	0.34102	0.00688	0.10113	0.10684	0.02704	0.00835	0.00896	0.00648	0.00460	0.00360	0.00127	0.00535	0.00304	0.00294	0.00544
11	0.01625	0.00834	0.04361	0.00788	0.01109	0.00723	0.00666	0.13733	0.01298	0.52306	0.01794	0.06491	0.07472	0.00617	0.00446	0.00135	0.00378	0.00505	0.00479	0.04240
12	0.00926	0.02149	0.75753	0.01249	0.01872	0.01001	0.04845	0.01412	0.00939	0.04702	0.00825	0.00955	0.00579	0.00418	0.00420	0.00138	0.00637	0.00335	0.00200	0.00646
13	0.00813	0.00407	0.00407	0.00407	0.00508	0.00407	0.00305	0.01016	0.00915	0.01626	0.01423	0.01626	0.01118	0.00508	0.00305	0.00102	0.00203	0.00407	0.87093	0.00407
14	0.01071	0.01028	0.01755	0.05330	0.79364	0.01034	0.01334	0.01331	0.00989	0.01415	0.00819	0.01082	0.00687	0.00390	0.00432	0.00130	0.00520	0.00389	0.00215	0.00684
15	0.87753	0.00843	0.00641	0.00574	0.00843	0.00978	0.00472	0.01282	0.00742	0.01957	0.00607	0.00709	0.00472	0.00405	0.00270	0.00135	0.00337	0.00236	0.00270	0.00472
16	0.00776	0.00776	0.03153	0.01084	0.01276	0.00761	0.25914	0.00981	0.00936	0.01273	0.07990	0.23937	0.09127	0.00869	0.00658	0.00165	0.11977	0.07568	0.00317	0.00462
17	0.00540	0.00385	0.00516	0.00617	0.00646	0.00361	0.00419	0.00622	0.00843	0.01123	0.02399	0.80547	0.02867	0.01359	0.00559	0.00178	0.00260	0.04999	0.00405	0.00357
18	0.00572	0.00420	0.00537	0.00559	0.00637	0.00384	0.00400	0.00717	0.01053	0.01438	0.42235	0.34682	0.12551	0.01099	0.00531	0.00154	0.00226	0.00978	0.00442	0.00384
19	0.21518	0.01115	0.01138	0.00896	0.01223	0.01242	0.00738	0.58005	0.04224	0.04308	0.00984	0.00997	0.00706	0.00499	0.00398	0.00132	0.00440	0.00361	0.00400	0.00678
20	0.00535	0.00386	0.00505	0.00599	0.00631	0.00359	0.00403	0.00613	0.00842	0.01114	0.02486	0.77303	0.06954	0.03073	0.00590	0.00181	0.00257	0.02413	0.00402	0.00354
21	0.01529	0.00707	0.00901	0.00739	0.01012	0.00661	0.00599	0.03085	0.12175	0.51168	0.08036	0.01949	0.06181	0.00634	0.00449	0.00139	0.00340	0.03859	0.05184	0.00655
22	0.00814	0.00482	0.00563	0.00529	0.00590	0.00469	0.00335	0.00887	0.03288	0.11473	0.04356	0.02713	0.05220	0.64442	0.01797	0.00355	0.00397	0.00623	0.00319	0.00349
23	0.01026	0.00982	0.01674	0.19527	0.65518	0.01022	0.01312	0.01292	0.00968	0.01360	0.00811	0.01097	0.00668	0.00398	0.00433	0.00133	0.00531	0.00388	0.00211	0.00648
24	0.00582	0.00434	0.00607	0.00665	0.00729	0.00408	0.02971	0.00700	0.00911	0.01209	0.08726	0.57158	0.07517	0.01255	0.00557	0.00175	0.00288	0.14328	0.00404	0.00375
25	0.00800	0.00506	0.00631	0.00600	0.00720	0.00480	0.00439	0.01026	0.07385	0.11651	0.34238	0.19463	0.08914	0.10311	0.00699	0.00179	0.00273	0.00806	0.00440	0.00444
26	0.00588	0.00401	0.00520	0.00596	0.00648	0.00368	0.00407	0.00672	0.00869	0.04451	0.02594	0.72287	0.11367	0.01304	0.00547	0.00172	0.00254	0.01172	0.00410	0.00372
27	0.00535	0.00381	0.00505	0.00603	0.00627	0.00357	0.00400	0.00608	0.00828	0.01104	0.02367	0.81432	0.02838	0.04387	0.00617	0.00186	0.00259	0.01218	0.00400	0.00351
28	0.16557	0.00708	0.00861	0.00697	0.00973	0.00663	0.00561	0.02457	0.01110	0.53122	0.06215	0.04326	0.03597	0.05559	0.00525	0.00154	0.00352	0.00475	0.00464	0.00625
29	0.03520	0.00487	0.00541	0.00514	0.00672	0.00426	0.00390	0.00853	0.01038	0.11031	0.14477	0.09722	0.52738	0.01005	0.00501	0.00146	0.00243	0.00847	0.00427	0.00421
30	0.81091	0.00836	0.00670	0.00589	0.00864	0.00952	0.00485	0.01348	0.00782	0.08192	0.00694	0.00769	0.00519	0.00415	0.00283	0.00135	0.00340	0.00252	0.00291	0.00493
31	0.03487	0.00836	0.00899	0.00772	0.00994	0.07224	0.00603	0.19392	0.03683	0.21890	0.13196	0.18455	0.04287	0.00763	0.00466	0.00142	0.00373	0.00640	0.01325	0.00574
32	0.00750	0.00384	0.00576	0.00576	0.00581	0.00389	0.00389	0.00581	0.00576	0.00773	0.00782	0.01349	0.00777	0.01619	0.06512	0.82185	0.00426	0.00384	0.00192	0.00201
33	0.04471	0.00728	0.00967	0.00750	0.01074	0.00635	0.00618	0.02011	0.01218	0.75023	0.01847	0.01622	0.05837	0.00569	0.00438	0.00136	0.00361	0.00461	0.00524	0.00712
34	0.00606	0.00436	0.00551	0.00548	0.00646	0.00396	0.00401	0.00767	0.01107	0.02962	0.50208	0.21318	0.16385	0.01025	0.00523	0.00148	0.00222	0.00904	0.00452	0.00398
35	0.00627	0.00425	0.00480	0.00480	0.00491	0.00423	0.00276	0.00638	0.00657	0.00870	0.01548	0.02900	0.06317	0.77344	0.04482	0.00415	0.00433	0.00646	0.00272	0.00274
36	0.05787	0.00444	0.00555	0.00612	0.00679	0.00427	0.00436	0.00750	0.00861	0.04505	0.04558	0.52024	0.06690	0.07422	0.00698	0.03047	0.00293	0.09455	0.00387	0.00373
37	0.00844	0.00796	0.01344	0.77313	0.09159	0.00974	0.01221	0.01132	0.00882	0.01139	0.00779	0.01156	0.00590	0.00432	0.00436	0.00144	0.00576	0.00388	0.00196	0.00501
38	0.02718	0.00915	0.01363	0.19716	0.23674	0.00915	0.05286	0.09174	0.02237	0.04958	0.00872	0.01070	0.00680	0.00403	0.00405	0.00117	0.00474	0.00361	0.00263	0.24399
39	0.02005	0.00922	0.01130	0.22685	0.05726	0.05709	0.00817	0.12095	0.04445	0.07723	0.03123	0.01130	0.00794	0.00435	0.00396	0.00113	0.00451	0.00356	0.00297	0.29648
40	0.01264	0.01225	0.05994	0.14632	0.10080	0.21739	0.01863	0.07837	0.04522	0.11846	0.03812	0.01347	0.05343	0.00522	0.00451	0.00132	0.02539	0.00413	0.03867	0.00573
41	0.01818	0.00743	0.01021	0.00788	0.01109	0.00655	0.02404	0.04470	0.01268	0.71390	0.08200	0.01608	0.01307	0.00564	0.00446	0.00135	0.00369	0.00467	0.00525	0.00712
42	0.00935	0.00778	0.00834	0.00758	0.00954	0.00863	0.00577	0.04064	0.51975	0.01671	0.11786	0.02220	0.10597	0.09254	0.00641	0.00174	0.00326	0.00588	0.00425	0.00579
43	0.00683	0.00505	0.00666	0.00745	0.00835	0.00513	0.00600	0.00947	0.09115	0.01290	0.02271	0.31139	0.02496	0.01225	0.01705	0.00194	0.00357	0.43897	0.00405	0.00415
44	0.00904	0.00775	0.00904	0.00646	0.01034	0.00581	0.00517	0.01098	0.00904	0.01421	0.00775	0.00904	0.00646	0.00323	0.00323	0.00065	0.00323	0.00258	0.00258	0.87339
45	0.02763	0.00803	0.01281	0.74935	0.02808	0.00988	0.01156	0.06634	0.00952	0.01253	0.00799	0.01151	0.00598	0.00442	0.00431	0.00144	0.00564	0.00385	0.01412	0.00501
46	0.00540	0.00431	0.00469	0.00479	0.00589	0.00376	0.00343	0.00644	0.00957	0.01191	0.11500	0.15273	0.54408	0.09993	0.00702	0.00180	0.00245	0.00922	0.00398	0.00359
47	0.00713	0.00497	0.00586	0.03948	0.00666	0.00523	0.00371	0.05410	0.00753	0.01027	0.01363	0.07058	0.01508	0.63932	0.03644	0.00367	0.02701	0.00623	0.03989	0.00321
48	0.00577	0.00429	0.00538	0.00592	0.00660	0.00404	0.00421	0.00726	0.03838	0.01250	0.14699	0.48627	0.15091	0.03916	0.00597	0.00175	0.00260	0.06409	0.00413	0.00378
49	0.00632	0.00427	0.00509	0.00512	0.00524	0.00436	0.00309	0.00652	0.00649	0.00875	0.01368	0.05343	0.01545	0.69345	0.13098	0.02085	0.00517	0.00627	0.00263	0.00283
50	0.00861	0.00828	0.01446	0.70534	0.09410	0.00985	0.07476	0.01155	0.00894	0.01162	0.00787	0.01157	0.00597	0.00427	0.00442	0.00144	0.00588	0.00398	0.00198	0.00510
51	0.03127	0.00794	0.01007	0.00797	0.01113	0.00751	0.00649	0.05748	0.14860	0.62284	0.01675	0.01499	0.01106	0.01933	0.00466	0.00142	0.00372	0.00446	0.00510	0.00721
52	0.27236	0.00672	0.00710	0.00641	0.00856	0.00691	0.00516	0.02383	0.06728	0.17085	0.11989	0.03371	0.12522	0.02290	0.00459	0.00151	0.00319	0.09195	0.01680	0.00507
53	0.00785	0.00534	0.00667	0.00616	0.00758	0.00516	0.00474	0.01110	0.11132	0.08383	0.57745	0.03030	0.07311	0.00850	0.00503	0.00142	0.00246	0.04253	0.00473	0.00471
54	0.00541	0.00393	0.00512	0.00592	0.00635	0.00363	0.00405	0.00635	0.00890	0.01185	0.10467	0.68764	0.09164	0.01296	0.00550	0.00171	0.00248	0.02414	0.00412	0.00362
55	0.02065	0.00483	0.00597	0.00605	0.00713	0.00454	0.00441	0.02644	0.03927	0.08133	0.21120	0.39156	0.14541	0.01083	0.00520	0.00157	0.00259	0.02242	0.00434	0.00426
56	0.04153	0.00432	0.00525	0.00582	0.00638	0.00415	0.00397	0.02180	0.00871	0.01193	0.07054	0.55659	0.09907	0.11577	0.00743	0.00200	0.00279	0.02448	0.00387	0.00361
57	0.00801	0.00635	0.00732	0.00685	0.00839	0.00669	0.00519	0.04191	0.28833	0.01703	0.37351	0.13342	0.06244	0.00846	0.00493	0.00146	0.00271	0.00737	0.00453	0.00510
58	0.00861	0.00570	0.00694	0.00690	0.00808	0.00578	0.00505	0.04560	0.15204	0.10237	0.04640	0.40039	0.02192	0.10097	0.00700	0.00192	0.00319	0.06230	0.00415	0.00469
59	0.00559	0.00424	0.00516	0.00535	0.00627	0.00380	0.00385	0.00695	0.01035	0.01376	0.33335	0.29347	0.26985	0.01106	0.00528	0.00153	0.00225	0.00972	0.00434	0.00380
60	0.00933	0.00526	0.00542	0.00502	0.00641	0.00547	0.00387	0.08827	0.06263	0.03163	0.01415	0.01567	0.01095	0.00516	0.00329	0.00108	0.00242	0.00411	0.71522	0.00463
61	0.00930	0.00744	0.00794	0.00728	0.00927	0.00810	0.00560	0.06008	0.43479	0.02772	0.05702	0.08575	0.17630	0.00756	0.00458	0.00145	0.00303	0.00636	0.07475	0.00568
62	0.03095	0.00476	0.00514	0.00493	0.00558	0.00481	0.00323	0.05103	0.00836	0.01235	0.06339	0.02504	0.05838	0.48471	0.01425	0.00292	0.00348	0.00581	0.20745	0.00344
63	0.01594	0.00908	0.01062	0.00855	0.01164	0.00936	0.00693	0.21396	0.24339	0.37465	0.01644	0.01492	0.03264	0.00566	0.00442	0.00138	0.00386	0.00456	0.00483	0.00717
64	0.00646	0.00497	0.00689	0.00686	0.00759	0.02315	0.00522	0.00784	0.00705	0.00996	0.01179	0.01813	0.01131	0.11783	0.72655	0.00659	0.01081	0.00481	0.00237	0.00379
65	0.00758	0.00379	0.00568	0.00568	0.00568	0.00379	0.00379	0.00568	0.00568	0.00758	0.00758	0.01326	0.00758	0.01515	0.01705	0.87311	0.00379	0.00379	0.00189	0.00189
66	0.00531	0.00380	0.00506	0.00607	0.00633	0.00354	0.00405	0.00607	0.00835	0.01113	0.02404	0.84388	0.02885	0.01366	0.00557	0.00177	0.00253	0.01240	0.00405	0.00354
67	0.00634	0.00423	0.00476	0.00476	0.00476	0.00423	0.00264	0.00634	0.00634	0.00846	0.01374	0.02854	0.01586	0.84672	0.02220	0.00423	0.00423	0.00634	0.00264	0.00264
68	0.00624	0.00464	0.00682	0.00682	0.00754	0.00535	0.00522	0.00767	0.00695	0.00999	0.01185	0.01808	0.01131	0.09987	0.76284	0.00678	0.01107	0.00481	0.00236	0.00379
69	0.00556	0.00441	0.00495	0.00492	0.00612	0.00386	0.00365	0.00691	0.01042	0.01333	0.27119	0.07496	0.49546	0.04819	0.00596	0.00159	0.00231	0.02822	0.00421	0.00377
70	0.00615	0.00446	0.00579	0.00546	0.00650	0.00410	0.00409	0.00818	0.01228	0.01734	0.79750	0.03282	0.06096	0.00897	0.00514	0.00137	0.00206	0.00792	0.00478	0.00410
71	0.01009	0.01144	0.02489	0.01788	0.02212	0.01072	0.77085	0.01365	0.01021	0.01385	0.00945	0.04592	0.00753	0.00409	0.00516	0.00148	0.00715	0.00544	0.00228	0.00579
72	0.00578	0.00445	0.00529	0.00517	0.00636	0.00397	0.00391	0.00743	0.01121	0.01490	0.45967	0.05042	0.35466	0.00998	0.00519	0.00144	0.00220	0.03958	0.00445	0.00393
73	0.01082	0.00952	0.00977	0.00880	0.01120	0.03622	0.00683	0.02236	0.75240	0.01797	0.05159	0.01671	0.01426	0.00600	0.00445	0.00146	0.00353	0.00499	0.00438	0.00673
74	0.00963	0.07132	0.69999	0.01202	0.01791	0.08796	0.01488	0.01411	0.00949	0.01331	0.00762	0.00895	0.00554	0.00415	0.00404	0.00133	0.00647	0.00313	0.00188	0.00626
75	0.40358	0.03395	0.00969	0.00764	0.01065	0.02786	0.02130	0.16084	0.08613	0.18385	0.01030	0.01025	0.00734	0.00471	0.00359	0.00134	0.00392	0.00336	0.00367	0.00603
76	0.01615	0.00740	0.00948	0.00762	0.01052	0.00691	0.00617	0.04106	0.13237	0.55998	0.11201	0.01788	0.04008	0.00606	0.00451	0.00137	0.00346	0.00502	0.00511	0.00684
77	0.01006	0.00939	0.01587	0.29358	0.48865	0.01003	0.03269	0.01306	0.03487	0.02876	0.01665	0.01156	0.00716	0.00418	0.00437	0.00136	0.00533	0.00400	0.00225	0.00618
78	0.01477	0.00953	0.05742	0.00910	0.03706	0.05644	0.02750	0.05240	0.17052	0.39641	0.03724	0.03211	0.06763	0.00591	0.00447	0.00138	0.00408	0.00489	0.00445	0.00665
79	0.01446	0.00711	0.00895	0.00737	0.00994	0.00669	0.00588	0.11381	0.05106	0.43557	0.11311	0.11050	0.08167	0.00719	0.00467	0.00141	0.00339	0.00605	0.00490	0.00628
80	0.01110	0.00626	0.00799	0.00729	0.04182	0.00584	0.00543	0.05308	0.05427	0.26538	0.32650	0.02580	0.15580	0.00763	0.00480	0.00138	0.00293	0.00651	0.00471	0.00549
81	0.01065	0.01244	0.13038	0.00911	0.01184	0.16041	0.00795	0.04592	0.33950	0.01594	0.13464	0.04051	0.04952	0.00625	0.00447	0.00138	0.00447	0.00509	0.00367	0.00586

[dist]
# distance from previous block
# <min> <max>
1	3

[block]
# block no. 6 follows, 60 sequences, length 90
# corresponding to MSA columns:
# 341-430
name=unknown_G
#
# <colnr> <probs for GDERKNQSTAVLIFYWHMCP>
#	G	D	E	R	K	N	Q	S	T	A	V	L	I	F	Y	W	H	M	C	P
0	0.00968	0.25154	0.53355	0.01060	0.01603	0.01187	0.01284	0.02728	0.00935	0.01314	0.01863	0.00893	0.00612	0.00407	0.00374	0.00122	0.00569	0.00302	0.00197	0.05074
1	0.05650	0.00654	0.00790	0.00694	0.01974	0.00621	0.00536	0.06199	0.06433	0.30756	0.10872	0.09386	0.19560	0.01856	0.01877	0.00155	0.00329	0.00646	0.00452	0.00560
2	0.00842	0.00593	0.00719	0.00667	0.00826	0.00591	0.00510	0.02162	0.18683	0.08198	0.37122	0.13762	0.04891	0.00854	0.00494	0.00145	0.00273	0.04199	0.00452	0.04018
3	0.01058	0.34323	0.41571	0.03098	0.01566	0.09043	0.01193	0.01379	0.00936	0.01207	0.00704	0.00828	0.00557	0.00402	0.00361	0.00118	0.00587	0.00285	0.00189	0.00594
4	0.00623	0.00467	0.00701	0.00701	0.00779	0.00545	0.00545	0.00779	0.00701	0.01012	0.01168	0.01713	0.01090	0.03271	0.82944	0.00701	0.01168	0.00467	0.00234	0.00389
5	0.01094	0.04450	0.02676	0.17783	0.50115	0.05169	0.01210	0.06099	0.04591	0.01428	0.00851	0.01086	0.00688	0.00417	0.00425	0.00131	0.00533	0.00381	0.00234	0.00639
6	0.01573	0.01038	0.01120	0.00894	0.01199	0.05744	0.00726	0.39777	0.08732	0.23666	0.03056	0.01407	0.04415	0.00673	0.03785	0.00156	0.00468	0.00441	0.00444	0.00687
7	0.00536	0.00383	0.00510	0.00604	0.00634	0.00357	0.00405	0.00619	0.00856	0.01147	0.06631	0.80064	0.02950	0.01341	0.00554	0.00175	0.00251	0.01216	0.00409	0.00357
8	0.00617	0.00446	0.00583	0.00549	0.00652	0.00412	0.00412	0.00823	0.01235	0.01749	0.81722	0.03258	0.04115	0.00892	0.00514	0.00137	0.00206	0.00789	0.00480	0.00412
9	0.07528	0.01185	0.01155	0.00994	0.04659	0.18228	0.00764	0.22616	0.04593	0.29219	0.01171	0.01139	0.00816	0.00511	0.00452	0.00131	0.03403	0.00378	0.00398	0.00660
10	0.00624	0.00464	0.00686	0.00686	0.00758	0.00537	0.00526	0.00769	0.00696	0.01001	0.01182	0.01791	0.01124	0.08806	0.77455	0.00682	0.01118	0.00479	0.00236	0.00381
11	0.01792	0.00777	0.01011	0.00784	0.01101	0.00713	0.00644	0.12261	0.01352	0.64276	0.09157	0.01594	0.01321	0.00571	0.00445	0.00135	0.00370	0.00466	0.00521	0.00711
12	0.21788	0.04392	0.03222	0.00803	0.01096	0.01083	0.00672	0.31174	0.14578	0.04301	0.02626	0.02395	0.05492	0.00548	0.00393	0.00134	0.00391	0.00413	0.03883	0.00614
13	0.01507	0.01352	0.01211	0.01003	0.01297	0.20540	0.00797	0.42260	0.21740	0.02120	0.01142	0.01131	0.00847	0.00523	0.00428	0.00131	0.00518	0.00392	0.00388	0.00673
14	0.00571	0.00396	0.00494	0.00556	0.00572	0.00381	0.00350	0.00618	0.00757	0.01009	0.02004	0.52694	0.02380	0.33749	0.01203	0.00273	0.00319	0.01004	0.00350	0.00319
15	0.03909	0.00776	0.00869	0.00748	0.00982	0.02820	0.00590	0.05464	0.28044	0.22630	0.19570	0.01988	0.05304	0.00652	0.00449	0.00138	0.00327	0.00542	0.03589	0.00608
16	0.01200	0.72023	0.06293	0.00811	0.01183	0.10179	0.00801	0.01355	0.00925	0.01049	0.00622	0.00720	0.00560	0.00383	0.00299	0.00098	0.00509	0.00243	0.00190	0.00558
17	0.01113	0.00931	0.00985	0.00880	0.01128	0.01071	0.00686	0.04412	0.75910	0.03477	0.01748	0.01609	0.01306	0.00587	0.00441	0.00146	0.00347	0.00488	0.02049	0.00688
18	0.00531	0.00380	0.00506	0.00607	0.00633	0.00354	0.00405	0.00607	0.00835	0.01113	0.02404	0.84388	0.02885	0.01366	0.00557	0.00177	0.00253	0.01240	0.00405	0.00354
19	0.00538	0.00387	0.00512	0.00610	0.00643	0.00361	0.00415	0.00621	0.00847	0.01124	0.02462	0.78502	0.05323	0.01351	0.00557	0.00177	0.00258	0.04549	0.00405	0.00357
20	0.00679	0.00432	0.00498	0.00494	0.00510	0.00429	0.00288	0.00694	0.00670	0.03714	0.01428	0.06245	0.01607	0.75396	0.03271	0.00401	0.00421	0.00647	0.01886	0.00289
21	0.00526	0.00439	0.00459	0.00461	0.00597	0.00372	0.00343	0.00644	0.01008	0.01229	0.11652	0.08478	0.70098	0.01099	0.00518	0.00148	0.00221	0.00925	0.00412	0.00372
22	0.00931	0.00926	0.01347	0.01142	0.01169	0.01252	0.05620	0.01038	0.00695	0.01066	0.00691	0.04300	0.00704	0.03690	0.01370	0.00196	0.72757	0.00432	0.00204	0.00471
23	0.00620	0.00461	0.00678	0.00682	0.00752	0.00529	0.00521	0.00762	0.00702	0.01006	0.01235	0.05317	0.01200	0.08587	0.74076	0.00660	0.01080	0.00511	0.00243	0.00380
24	0.00659	0.00463	0.00557	0.00544	0.00666	0.00417	0.00403	0.00833	0.03001	0.06238	0.35499	0.16904	0.30168	0.01015	0.00516	0.00147	0.00232	0.00881	0.00445	0.00414
25	0.06690	0.00780	0.01004	0.00781	0.01111	0.00715	0.00643	0.05810	0.05176	0.70052	0.01629	0.01427	0.01042	0.00534	0.00429	0.00135	0.00373	0.00428	0.00515	0.00725
26	0.00610	0.00446	0.00572	0.00541	0.00647	0.00408	0.00405	0.00808	0.01216	0.01706	0.75838	0.03329	0.10026	0.00908	0.00514	0.00138	0.00207	0.00799	0.00474	0.00408
27	0.00638	0.00442	0.00551	0.00552	0.00655	0.00397	0.00403	0.00784	0.01068	0.05576	0.37529	0.25889	0.21783	0.01055	0.00522	0.00151	0.00231	0.00927	0.00445	0.00402
28	0.00579	0.00415	0.00540	0.00624	0.00663	0.00397	0.00423	0.04016	0.00887	0.01183	0.02346	0.80831	0.02793	0.01330	0.00552	0.00175	0.00263	0.01204	0.00406	0.00371
29	0.00613	0.00506	0.00551	0.00588	0.00690	0.03917	0.00442	0.00733	0.00967	0.01206	0.08523	0.24672	0.35067	0.04523	0.00605	0.00174	0.00293	0.15159	0.00396	0.00375
30	0.00902	0.02220	0.79584	0.01235	0.01869	0.01025	0.01584	0.04141	0.00960	0.01429	0.00792	0.00925	0.00559	0.00418	0.00415	0.00138	0.00639	0.00325	0.00193	0.00648
31	0.00530	0.00427	0.00472	0.00492	0.00606	0.00369	0.00357	0.00642	0.00981	0.01222	0.11988	0.23128	0.54971	0.01145	0.00525	0.00153	0.00227	0.00983	0.00413	0.00369
32	0.00814	0.00764	0.01262	0.72453	0.04735	0.00943	0.01145	0.01083	0.00871	0.01122	0.00968	0.03541	0.04111	0.00502	0.00483	0.00148	0.03932	0.00433	0.00209	0.00481
33	0.00938	0.00926	0.01291	0.01106	0.01125	0.01272	0.00919	0.01040	0.00679	0.01063	0.00606	0.00985	0.00598	0.00853	0.04865	0.00207	0.76958	0.00380	0.00195	0.03995
34	0.00681	0.00597	0.00920	0.00846	0.00968	0.02741	0.14972	0.02946	0.00924	0.01212	0.02167	0.59851	0.07171	0.01121	0.00539	0.00167	0.00359	0.01040	0.00367	0.00412
35	0.01009	0.01351	0.17015	0.01864	0.15005	0.01076	0.53300	0.01385	0.01004	0.01399	0.00854	0.01114	0.00646	0.00380	0.00483	0.00143	0.00684	0.00459	0.00213	0.00615
36	0.00948	0.00801	0.00928	0.00666	0.01052	0.00626	0.00535	0.05648	0.00970	0.01497	0.00791	0.00913	0.00651	0.00334	0.00329	0.00068	0.00332	0.00266	0.00269	0.82376
37	0.00976	0.00730	0.00874	0.04182	0.04480	0.01815	0.00655	0.07124	0.24439	0.07453	0.15868	0.05783	0.06959	0.00778	0.00484	0.00151	0.00348	0.13214	0.03138	0.00550
38	0.00627	0.00454	0.00631	0.00631	0.00685	0.00507	0.00458	0.00734	0.00680	0.00961	0.01232	0.02066	0.01243	0.28442	0.57982	0.00615	0.00938	0.00519	0.00243	0.00351
39	0.00648	0.00490	0.00722	0.00712	0.00787	0.00581	0.00557	0.00803	0.00708	0.01039	0.01147	0.01670	0.01064	0.03028	0.75331	0.00650	0.05467	0.00460	0.03740	0.00395
40	0.00549	0.00426	0.00500	0.00519	0.00619	0.00377	0.00375	0.00678	0.01020	0.01325	0.26223	0.26127	0.37468	0.01115	0.00527	0.00153	0.00225	0.00971	0.00427	0.00377
41	0.01066	0.01023	0.01747	0.06836	0.77895	0.01033	0.01332	0.01327	0.00987	0.01409	0.00818	0.01084	0.00685	0.00391	0.00432	0.00130	0.00521	0.00389	0.00215	0.00680
42	0.00580	0.00444	0.00532	0.00510	0.00629	0.00396	0.00383	0.00752	0.01148	0.01543	0.53781	0.03597	0.32184	0.00969	0.00515	0.00141	0.00211	0.00836	0.00453	0.00396
43	0.00626	0.00488	0.00573	0.00544	0.00674	0.00457	0.00410	0.00891	0.08193	0.01572	0.49866	0.03416	0.28803	0.00934	0.00509	0.00141	0.00223	0.00805	0.00453	0.00422
44	0.00824	0.00775	0.01308	0.83624	0.03004	0.00969	0.01211	0.01114	0.00872	0.01114	0.00775	0.01163	0.00581	0.00436	0.00436	0.00145	0.00581	0.00388	0.00194	0.00484
45	0.01658	0.01222	0.01309	0.01003	0.01353	0.01353	0.00829	0.80497	0.02051	0.02749	0.01047	0.01047	0.00742	0.00524	0.00436	0.00131	0.00480	0.00393	0.00436	0.00742
46	0.00904	0.00775	0.00904	0.00646	0.01034	0.00581	0.00517	0.01098	0.00904	0.01421	0.00775	0.00904	0.00646	0.00323	0.00323	0.00065	0.00323	0.00258	0.00258	0.87339
47	0.01166	0.84935	0.02285	0.00746	0.01119	0.01726	0.00746	0.01306	0.00886	0.01026	0.00606	0.00700	0.00560	0.00373	0.00280	0.00093	0.00466	0.00233	0.00187	0.00560
48	0.87753	0.00843	0.00641	0.00574	0.00843	0.00978	0.00472	0.01282	0.00742	0.01957	0.00607	0.00709	0.00472	0.00405	0.00270	0.00135	0.00337	0.00236	0.00270	0.00472
49	0.00983	0.04787	0.54950	0.01049	0.01553	0.00898	0.01252	0.01397	0.02358	0.11615	0.12485	0.01378	0.02382	0.00510	0.00429	0.00136	0.00530	0.00412	0.00279	0.00617
50	0.01615	0.01180	0.01263	0.00973	0.01309	0.01304	0.00802	0.76413	0.01992	0.02691	0.01066	0.01077	0.00761	0.00523	0.00430	0.00129	0.00466	0.00393	0.04889	0.00724
51	0.00896	0.00850	0.01426	0.56327	0.21098	0.01006	0.02542	0.01165	0.00889	0.01194	0.00782	0.01135	0.00615	0.00449	0.00507	0.00144	0.06623	0.00390	0.01431	0.00532
52	0.01694	0.01193	0.01270	0.00980	0.01323	0.04111	0.00806	0.68158	0.01924	0.12421	0.01117	0.01092	0.00777	0.00523	0.00435	0.00131	0.00477	0.00394	0.00442	0.00734
53	0.00624	0.00464	0.00682	0.00682	0.00753	0.00535	0.00522	0.00767	0.00695	0.00998	0.01186	0.01809	0.01132	0.10109	0.76163	0.00678	0.01106	0.00481	0.00236	0.00379
54	0.03821	0.00810	0.01012	0.00803	0.01118	0.00767	0.00663	0.14686	0.04848	0.51688	0.01572	0.01635	0.01107	0.00575	0.00438	0.00135	0.00384	0.06523	0.01613	0.05803
55	0.00520	0.00433	0.00455	0.00468	0.00597	0.00367	0.00344	0.00628	0.00977	0.01183	0.06059	0.15803	0.68393	0.01137	0.00521	0.00151	0.00225	0.00963	0.00407	0.00367
56	0.87753	0.00843	0.00641	0.00574	0.00843	0.00978	0.00472	0.01282	0.00742	0.01957	0.00607	0.00709	0.00472	0.00405	0.00270	0.00135	0.00337	0.00236	0.00270	0.00472
57	0.01003	0.02392	0.04596	0.05967	0.02233	0.01079	0.69771	0.01361	0.01015	0.01373	0.00928	0.01313	0.00728	0.00406	0.00508	0.00148	0.00707	0.03670	0.00225	0.00576
58	0.00537	0.00382	0.00504	0.00600	0.00624	0.00358	0.00397	0.00609	0.00824	0.01098	0.02347	0.79861	0.02813	0.05991	0.00649	0.00191	0.00262	0.01206	0.00397	0.00349
59	0.01658	0.01222	0.01309	0.01003	0.01353	0.01353	0.00829	0.80497	0.02051	0.02749	0.01047	0.01047	0.00742	0.00524	0.00436	0.00131	0.00480	0.00393	0.00436	0.00742
60	0.00515	0.00442	0.00442	0.00442	0.00589	0.00368	0.00331	0.00626	0.00994	0.01178	0.04418	0.04197	0.81775	0.01105	0.00515	0.00147	0.00221	0.00920	0.00405	0.00368
61	0.01029	0.01176	0.02574	0.01838	0.02279	0.01103	0.80368	0.01397	0.01029	0.01397	0.00882	0.01176	0.00662	0.00368	0.00515	0.00147	0.00735	0.00515	0.00221	0.00588
62	0.00832	0.00791	0.01359	0.80308	0.02975	0.00974	0.04420	0.01126	0.00878	0.01126	0.00780	0.01163	0.00585	0.00433	0.00439	0.00145	0.00588	0.00393	0.00195	0.00489
63	0.01888	0.00758	0.01010	0.00785	0.01115	0.00676	0.00645	0.02141	0.07569	0.75892	0.01725	0.01496	0.01100	0.00544	0.00439	0.00136	0.00369	0.00443	0.00532	0.00738
64	0.01935	0.00778	0.01034	0.00793	0.01131	0.00694	0.00655	0.07947	0.01308	0.76348	0.01671	0.01452	0.01055	0.00539	0.00438	0.00135	0.00379	0.00435	0.00532	0.00742
65	0.00667	0.00458	0.00594	0.00553	0.00667	0.00419	0.00417	0.00867	0.01225	0.04976	0.75090	0.03228	0.07409	0.00887	0.00511	0.00138	0.00213	0.00780	0.00479	0.00423
66	0.00806	0.00393	0.00586	0.00577	0.00590	0.00389	0.00389	0.00631	0.00596	0.04050	0.00796	0.01332	0.00771	0.01476	0.01653	0.83789	0.00378	0.00381	0.00204	0.00212
