[name]
unknown

[dist]
# distance from previous block
# <min> <max>
13	92

[block]
# block no. 0 follows, 58 sequences, length 24
# corresponding to MSA columns:
# 337-360
name=unknown_A
#
# <colnr> <probs for GDERKNQSTAVLIFYWHMCP>
#	G	D	E	R	K	N	Q	S	T	A	V	L	I	F	Y	W	H	M	C	P
0	0.01105	0.04883	0.03301	0.04128	0.07936	0.06388	0.08496	0.04123	0.08897	0.10989	0.06239	0.04689	0.11055	0.00663	0.01829	0.00145	0.04467	0.00521	0.00340	0.09807
1	0.01202	0.22711	0.11953	0.01168	0.04694	0.14983	0.13334	0.07214	0.04469	0.02991	0.02064	0.06636	0.00868	0.00506	0.00428	0.00128	0.01576	0.00419	0.00263	0.02392
2	0.01092	0.09063	0.02882	0.00899	0.05518	0.00882	0.03229	0.15591	0.04004	0.05965	0.15423	0.05954	0.02825	0.00577	0.00424	0.00117	0.00383	0.00485	0.00359	0.24326
3	0.19402	0.07114	0.26558	0.02698	0.01422	0.01027	0.06058	0.03962	0.03143	0.01552	0.02563	0.03731	0.00787	0.00495	0.00462	0.00136	0.06115	0.01670	0.00254	0.10853
4	0.00982	0.06673	0.15272	0.19383	0.03539	0.04377	0.13178	0.03948	0.02572	0.03525	0.01122	0.01374	0.05742	0.01739	0.08857	0.00206	0.06274	0.00440	0.00244	0.00552
5	0.01214	0.01022	0.01401	0.01243	0.09222	0.01086	0.14330	0.27261	0.20311	0.01956	0.04029	0.05982	0.01208	0.05331	0.00579	0.00162	0.00481	0.02156	0.00378	0.00648
6	0.00680	0.00454	0.00525	0.00557	0.03261	0.00452	0.00315	0.00713	0.00704	0.00978	0.01500	0.02788	0.04239	0.70399	0.01963	0.00382	0.00408	0.00629	0.08750	0.00304
7	0.01037	0.00933	0.01549	0.13831	0.40698	0.00975	0.07579	0.04206	0.03062	0.03849	0.08797	0.01405	0.01085	0.00618	0.04213	0.00166	0.03374	0.00457	0.01546	0.00619
8	0.03088	0.00679	0.00934	0.00951	0.08777	0.00751	0.00662	0.06980	0.00907	0.11156	0.01187	0.01716	0.01071	0.16261	0.34332	0.00431	0.08854	0.00477	0.00294	0.00490
9	0.01518	0.07357	0.04729	0.03589	0.03565	0.03033	0.00799	0.26925	0.07124	0.24064	0.03588	0.01259	0.00959	0.00512	0.00425	0.00128	0.00446	0.00403	0.00411	0.09166
10	0.01170	0.66007	0.07750	0.00952	0.01362	0.01628	0.11123	0.03362	0.00961	0.01172	0.00683	0.00806	0.00592	0.00389	0.00332	0.00107	0.00527	0.00287	0.00202	0.00589
11	0.00589	0.00449	0.00548	0.00614	0.00689	0.00425	0.00435	0.00760	0.06095	0.01217	0.02907	0.54832	0.21393	0.01276	0.00556	0.00174	0.00267	0.05961	0.00418	0.00392
12	0.01456	0.09310	0.01505	0.03344	0.04035	0.01283	0.08499	0.43356	0.12694	0.06200	0.01168	0.01258	0.00874	0.00527	0.00445	0.00137	0.00494	0.02322	0.00392	0.00702
13	0.00706	0.00544	0.00655	0.00612	0.00747	0.00537	0.00463	0.01089	0.14928	0.01750	0.60045	0.03148	0.11283	0.00883	0.00515	0.00144	0.00237	0.00770	0.00478	0.00467
14	0.00948	0.00894	0.01326	0.55457	0.09514	0.03649	0.02364	0.01421	0.16016	0.01319	0.01001	0.01270	0.00760	0.00474	0.00446	0.00146	0.00549	0.00417	0.01472	0.00557
15	0.00578	0.00439	0.00635	0.00690	0.00736	0.00418	0.04259	0.00670	0.00860	0.01150	0.02341	0.77231	0.02787	0.02805	0.00613	0.00185	0.01617	0.01211	0.00400	0.00375
16	0.01778	0.00694	0.00917	0.00722	0.01021	0.00611	0.00590	0.01958	0.01214	0.66171	0.01705	0.01551	0.01115	0.00547	0.00423	0.00132	0.00347	0.00443	0.17367	0.00694
17	0.12525	0.10117	0.07763	0.01040	0.09067	0.02735	0.00826	0.17028	0.03519	0.19973	0.01182	0.05197	0.00925	0.00538	0.00412	0.00134	0.00447	0.02396	0.00365	0.03811
18	0.00996	0.00832	0.00960	0.00698	0.01084	0.00669	0.00559	0.08846	0.01041	0.01585	0.00855	0.02561	0.00717	0.00372	0.00347	0.00075	0.00346	0.00298	0.00286	0.76872
19	0.01143	0.16482	0.09449	0.01116	0.01396	0.05171	0.11111	0.09295	0.08828	0.03638	0.00908	0.01098	0.00741	0.00748	0.06710	0.00189	0.20736	0.00391	0.00264	0.00587
20	0.01008	0.01175	0.07468	0.12189	0.12266	0.01081	0.49788	0.01354	0.01009	0.01382	0.00923	0.02689	0.00738	0.00438	0.00529	0.00151	0.03013	0.01979	0.00226	0.00596
21	0.00545	0.00389	0.00519	0.00623	0.00649	0.00363	0.00415	0.00623	0.00856	0.01142	0.02465	0.83987	0.02959	0.01401	0.00571	0.00182	0.00260	0.01272	0.00415	0.00363
22	0.01132	0.01270	0.02030	0.17460	0.06072	0.15193	0.42519	0.02531	0.02285	0.01335	0.00851	0.01128	0.00655	0.00424	0.00513	0.00145	0.03207	0.00449	0.00227	0.00574
23	0.01061	0.09026	0.01128	0.02405	0.01150	0.00807	0.02245	0.07028	0.04968	0.06132	0.01058	0.02667	0.01836	0.00453	0.00375	0.00096	0.00377	0.04121	0.00307	0.52762

[dist]
# distance from previous block
# <min> <max>
5	10

[block]
# block no. 1 follows, 58 sequences, length 152
# corresponding to MSA columns:
# 371-418,432-494,496-507,510-520,532-549
name=unknown_B
#
# <colnr> <probs for GDERKNQSTAVLIFYWHMCP>
#	G	D	E	R	K	N	Q	S	T	A	V	L	I	F	Y	W	H	M	C	P
0	0.02677	0.32091	0.23372	0.01105	0.04483	0.01244	0.09947	0.01537	0.01010	0.17162	0.00936	0.01007	0.00693	0.00428	0.00389	0.00125	0.00539	0.00344	0.00269	0.00641
1	0.00550	0.00398	0.00522	0.00619	0.00655	0.00369	0.00421	0.00634	0.00873	0.01153	0.02597	0.76139	0.08058	0.01378	0.00570	0.00180	0.00262	0.03840	0.00415	0.00366
2	0.19255	0.00959	0.01303	0.02847	0.22151	0.00993	0.07195	0.14844	0.03305	0.13834	0.04366	0.02966	0.03028	0.00514	0.00426	0.00139	0.00452	0.00436	0.00347	0.00639
3	0.00651	0.00434	0.00488	0.00488	0.00488	0.00434	0.00271	0.00651	0.00651	0.00867	0.01409	0.02927	0.01626	0.84279	0.02277	0.00434	0.00434	0.00651	0.00271	0.00271
4	0.87439	0.00865	0.00657	0.00588	0.00865	0.01003	0.00484	0.01315	0.00761	0.02007	0.00623	0.00727	0.00484	0.00415	0.00277	0.00138	0.00346	0.00242	0.00277	0.00484
5	0.01096	0.01043	0.01698	0.06043	0.59328	0.01096	0.04075	0.02927	0.09320	0.01486	0.00930	0.01163	0.00763	0.00452	0.00522	0.00141	0.06576	0.00414	0.00247	0.00680
6	0.00674	0.00555	0.00814	0.00753	0.00856	0.00600	0.06009	0.00834	0.02058	0.01133	0.05242	0.08730	0.14847	0.10385	0.38176	0.00443	0.06541	0.00648	0.00296	0.00406
7	0.00651	0.00434	0.00488	0.00488	0.00488	0.00434	0.00271	0.00651	0.00651	0.00867	0.01409	0.02927	0.01626	0.84279	0.02277	0.00434	0.00434	0.00651	0.00271	0.00271
8	0.01142	0.00976	0.01028	0.00916	0.01175	0.01127	0.00715	0.06310	0.76699	0.01919	0.01783	0.01639	0.01335	0.00603	0.00455	0.00151	0.00361	0.00501	0.00455	0.00711
9	0.01196	0.84548	0.02344	0.00765	0.01148	0.01770	0.00765	0.01339	0.00909	0.01052	0.00622	0.00718	0.00574	0.00383	0.00287	0.00096	0.00478	0.00239	0.00191	0.00574
10	0.00979	0.00979	0.01370	0.01174	0.01174	0.01370	0.00979	0.01077	0.00685	0.01077	0.00587	0.00979	0.00587	0.00783	0.01468	0.00196	0.83461	0.00391	0.00196	0.00489
11	0.00715	0.00513	0.00712	0.00812	0.00917	0.00511	0.00709	0.00918	0.01029	0.01335	0.02436	0.05023	0.05025	0.01233	0.00615	0.00204	0.00406	0.76065	0.00412	0.00411
12	0.00557	0.00395	0.00520	0.00615	0.00641	0.00372	0.00409	0.00631	0.00842	0.01123	0.02375	0.75717	0.02840	0.08336	0.00715	0.00203	0.00277	0.02672	0.00403	0.00357
13	0.01079	0.01034	0.01764	0.11511	0.72947	0.01055	0.01359	0.01348	0.01005	0.01427	0.00836	0.01116	0.00696	0.00404	0.00443	0.00135	0.00538	0.00398	0.00219	0.00686
14	0.00606	0.00465	0.00510	0.00493	0.00639	0.00399	0.00372	0.00746	0.01092	0.04125	0.24065	0.03963	0.58832	0.01057	0.00526	0.00148	0.00228	0.00893	0.00440	0.00402
15	0.00894	0.00895	0.11487	0.00851	0.01013	0.02512	0.03471	0.03953	0.00837	0.06058	0.01160	0.04441	0.01141	0.29403	0.14620	0.00343	0.14357	0.00518	0.00269	0.01776
16	0.00647	0.00484	0.00718	0.00715	0.00789	0.00565	0.00552	0.00794	0.00713	0.01028	0.01190	0.01787	0.01125	0.06684	0.76504	0.02037	0.02552	0.00484	0.00240	0.00392
17	0.00956	0.09618	0.01381	0.01063	0.01131	0.01267	0.02265	0.02428	0.00745	0.01104	0.00711	0.01092	0.00682	0.01175	0.15347	0.00274	0.57671	0.00393	0.00208	0.00489
18	0.01009	0.01437	0.30081	0.07388	0.36447	0.00991	0.03998	0.01363	0.01009	0.04192	0.05659	0.01273	0.00904	0.00461	0.00448	0.00140	0.00563	0.01744	0.00239	0.00654
19	0.04608	0.08526	0.05314	0.10239	0.02853	0.04798	0.09221	0.19419	0.03482	0.16913	0.01036	0.01131	0.00753	0.00512	0.00539	0.00142	0.09141	0.00397	0.00336	0.00642
20	0.00755	0.00470	0.00645	0.00737	0.03884	0.00437	0.00501	0.00861	0.00929	0.10901	0.02352	0.63822	0.04172	0.01243	0.00554	0.00176	0.00295	0.06414	0.00424	0.00428
21	0.80871	0.00934	0.00699	0.00624	0.00900	0.05559	0.00509	0.01359	0.00800	0.03605	0.00650	0.00748	0.00502	0.00421	0.00287	0.00137	0.00373	0.00249	0.00280	0.00492
22	0.87439	0.00865	0.00657	0.00588	0.00865	0.01003	0.00484	0.01315	0.00761	0.02007	0.00623	0.00727	0.00484	0.00415	0.00277	0.00138	0.00346	0.00242	0.00277	0.00484
23	0.00777	0.00389	0.00583	0.00583	0.00583	0.00389	0.00389	0.00583	0.00583	0.00777	0.00777	0.01360	0.00777	0.01554	0.01748	0.86985	0.00389	0.00389	0.00194	0.00194
24	0.01056	0.01207	0.02640	0.01885	0.02338	0.01131	0.79864	0.01433	0.01056	0.01433	0.00905	0.01207	0.00679	0.00377	0.00528	0.00151	0.00754	0.00528	0.00226	0.00603
25	0.01206	0.00922	0.01441	0.08387	0.42378	0.00927	0.02415	0.04555	0.05800	0.15522	0.04357	0.01585	0.05224	0.00529	0.00460	0.00140	0.00471	0.02691	0.00326	0.00664
26	0.00928	0.00795	0.00928	0.00663	0.01060	0.00596	0.00530	0.01126	0.00928	0.01458	0.00795	0.00928	0.00663	0.00331	0.00331	0.00066	0.00331	0.00265	0.00265	0.87014
27	0.00814	0.01710	0.54651	0.01069	0.01544	0.00866	0.02336	0.01213	0.00960	0.01399	0.09198	0.04760	0.07428	0.00768	0.05829	0.00182	0.02483	0.00478	0.01734	0.00577
28	0.00531	0.00453	0.00456	0.00456	0.00606	0.00379	0.00342	0.00647	0.01025	0.01222	0.06281	0.04283	0.79550	0.01128	0.00529	0.00151	0.00226	0.00941	0.00417	0.00379
29	0.02907	0.00780	0.00869	0.00807	0.01014	0.00858	0.02043	0.01754	0.47455	0.01697	0.08086	0.02558	0.11369	0.00770	0.00484	0.00156	0.00337	0.11567	0.03901	0.00586
30	0.00928	0.00795	0.00928	0.00663	0.01060	0.00596	0.00530	0.01126	0.00928	0.01458	0.00795	0.00928	0.00663	0.00331	0.00331	0.00066	0.00331	0.00265	0.00265	0.87014
31	0.00629	0.00435	0.00544	0.00600	0.00629	0.00426	0.00409	0.00696	0.00795	0.01053	0.01957	0.30844	0.02265	0.39782	0.01371	0.00303	0.00370	0.16214	0.00348	0.00330
32	0.03597	0.02229	0.76618	0.01275	0.01917	0.01041	0.04390	0.01414	0.00943	0.01436	0.00801	0.00947	0.00568	0.00423	0.00424	0.00142	0.00655	0.00335	0.00193	0.00654
33	0.01490	0.01824	0.01217	0.01110	0.02322	0.64014	0.00834	0.01633	0.02480	0.01127	0.00749	0.00914	0.00637	0.00694	0.06644	0.00164	0.06192	0.00313	0.00234	0.05408
34	0.00541	0.00406	0.00502	0.00579	0.00637	0.00367	0.00396	0.00628	0.00898	0.01159	0.02998	0.63453	0.23149	0.01332	0.00560	0.00174	0.00251	0.01187	0.00415	0.00367
35	0.01131	0.00945	0.02797	0.00814	0.01042	0.07121	0.00656	0.29094	0.07129	0.02100	0.39244	0.02171	0.02431	0.00713	0.00482	0.00137	0.00377	0.00593	0.00447	0.00575
36	0.00566	0.00412	0.00534	0.00624	0.00673	0.00384	0.00439	0.00661	0.00891	0.01167	0.02666	0.64341	0.11696	0.02978	0.00605	0.00186	0.00277	0.10121	0.00412	0.00369
37	0.00979	0.00979	0.01370	0.01174	0.01174	0.01370	0.00979	0.01077	0.00685	0.01077	0.00587	0.00979	0.00587	0.00783	0.01468	0.00196	0.83461	0.00391	0.00196	0.00489
38	0.00928	0.00795	0.00928	0.00663	0.01060	0.00596	0.00530	0.01126	0.00928	0.01458	0.00795	0.00928	0.00663	0.00331	0.00331	0.00066	0.00331	0.00265	0.00265	0.87014
39	0.02007	0.00761	0.01038	0.00796	0.01142	0.00657	0.00657	0.02180	0.01280	0.81799	0.01765	0.01523	0.01107	0.00554	0.00450	0.00138	0.00381	0.00450	0.00554	0.00761
40	0.01941	0.00807	0.01055	0.00812	0.01153	0.00733	0.00670	0.10845	0.01363	0.70823	0.01679	0.01476	0.01070	0.00551	0.00446	0.00137	0.00388	0.00444	0.02855	0.00752
41	0.01098	0.01053	0.01799	0.05599	0.78708	0.01060	0.01368	0.01365	0.01014	0.01450	0.00840	0.01110	0.00705	0.00400	0.00443	0.00133	0.00534	0.00399	0.00221	0.00701
42	0.04203	0.00513	0.00658	0.00594	0.00738	0.00476	0.00455	0.01037	0.01248	0.12244	0.67730	0.03002	0.03668	0.00848	0.00508	0.00140	0.00238	0.00740	0.00492	0.00469
43	0.00555	0.00393	0.00516	0.00610	0.00634	0.00370	0.00402	0.00625	0.00837	0.01117	0.02368	0.76520	0.02836	0.09036	0.00728	0.00205	0.00276	0.01214	0.00402	0.00355
44	0.00979	0.00979	0.01370	0.01174	0.01174	0.01370	0.00979	0.01077	0.00685	0.01077	0.00587	0.00979	0.00587	0.00783	0.01468	0.00196	0.83461	0.00391	0.00196	0.00489
45	0.00639	0.00479	0.00719	0.00719	0.00799	0.00559	0.00559	0.00799	0.00719	0.01038	0.01198	0.01757	0.01118	0.03355	0.82507	0.00719	0.01198	0.00479	0.00240	0.00399
46	0.02007	0.00761	0.01038	0.00796	0.01142	0.00657	0.00657	0.02180	0.01280	0.81799	0.01765	0.01523	0.01107	0.00554	0.00450	0.00138	0.00381	0.00450	0.00554	0.00761
47	0.00620	0.00494	0.00561	0.00542	0.00678	0.00455	0.00407	0.00866	0.07587	0.01502	0.35991	0.06804	0.39842	0.01010	0.00524	0.00148	0.00232	0.00865	0.00451	0.00422
48	0.00930	0.02087	0.65698	0.01400	0.02018	0.01058	0.17688	0.01420	0.00967	0.01420	0.00824	0.00998	0.00590	0.00415	0.00446	0.00144	0.00680	0.00371	0.00197	0.00649
49	0.00589	0.00408	0.00544	0.00626	0.00669	0.00380	0.00430	0.00687	0.00915	0.02801	0.10989	0.71170	0.03047	0.01327	0.00565	0.00177	0.00261	0.03609	0.00426	0.00379
50	0.00651	0.00434	0.00488	0.00488	0.00488	0.00434	0.00271	0.00651	0.00651	0.00867	0.01409	0.02927	0.01626	0.84279	0.02277	0.00434	0.00434	0.00651	0.00271	0.00271
51	0.00897	0.02314	0.81962	0.01275	0.01936	0.01039	0.01653	0.01417	0.00944	0.01417	0.00803	0.00944	0.00567	0.00425	0.00425	0.00142	0.00661	0.00331	0.00189	0.00661
52	0.87439	0.00865	0.00657	0.00588	0.00865	0.01003	0.00484	0.01315	0.00761	0.02007	0.00623	0.00727	0.00484	0.00415	0.00277	0.00138	0.00346	0.00242	0.00277	0.00484
53	0.00706	0.00513	0.00693	0.00784	0.00879	0.00515	0.00654	0.00939	0.05168	0.01321	0.02345	0.20313	0.02573	0.02396	0.00623	0.00202	0.00379	0.58167	0.00413	0.00416
54	0.01107	0.01063	0.01816	0.02746	0.81489	0.01063	0.01373	0.01373	0.01019	0.01461	0.00841	0.01107	0.00709	0.00399	0.00443	0.00133	0.00531	0.00399	0.00221	0.00709
55	0.01958	0.00750	0.01022	0.00788	0.01125	0.00649	0.00649	0.02133	0.01280	0.78961	0.04584	0.01587	0.01218	0.00566	0.00453	0.00138	0.00375	0.00463	0.00551	0.00749
56	0.00639	0.00478	0.00711	0.00711	0.00788	0.00555	0.00549	0.00794	0.00717	0.01032	0.01206	0.01798	0.01136	0.06170	0.79716	0.00709	0.01172	0.00485	0.00241	0.00395
57	0.00845	0.00795	0.01342	0.83204	0.03081	0.00994	0.01242	0.01143	0.00894	0.01143	0.00795	0.01193	0.00596	0.00447	0.00447	0.00149	0.00596	0.00398	0.00199	0.00497
58	0.81844	0.00890	0.00702	0.00617	0.00899	0.01029	0.00508	0.06449	0.00849	0.02060	0.00652	0.00749	0.00502	0.00423	0.00288	0.00138	0.00356	0.00253	0.00288	0.00502
59	0.00754	0.00632	0.05998	0.02357	0.04636	0.00517	0.00574	0.00980	0.01202	0.06619	0.59171	0.02968	0.08854	0.00879	0.01766	0.00150	0.00290	0.00732	0.00449	0.00470
60	0.01182	0.79095	0.02280	0.00792	0.01150	0.01744	0.00779	0.01322	0.00894	0.01054	0.00620	0.00735	0.00575	0.00409	0.00364	0.00102	0.05893	0.00249	0.00192	0.00569
61	0.72994	0.14881	0.00940	0.00618	0.00912	0.01132	0.00532	0.01319	0.00786	0.01847	0.00623	0.00725	0.00499	0.00410	0.00279	0.00131	0.00368	0.00242	0.00263	0.00499
62	0.01045	0.01006	0.01700	0.18140	0.58154	0.01077	0.02660	0.01304	0.00967	0.01367	0.00812	0.01114	0.00676	0.00440	0.00532	0.00142	0.07601	0.00400	0.00215	0.00647
63	0.00542	0.00455	0.00473	0.00483	0.00627	0.00386	0.00367	0.00660	0.01014	0.01215	0.04317	0.07179	0.73391	0.01149	0.00536	0.00156	0.00240	0.06015	0.00415	0.00379
64	0.00899	0.00882	0.01337	0.77850	0.02970	0.06312	0.01218	0.01185	0.00919	0.01140	0.00788	0.01167	0.00595	0.00448	0.00444	0.00147	0.00610	0.00390	0.00201	0.00498
65	0.00561	0.00422	0.00510	0.00557	0.00637	0.00378	0.00393	0.00659	0.00957	0.01235	0.12857	0.42205	0.30481	0.01251	0.00593	0.03245	0.00248	0.02025	0.00417	0.00370
66	0.00651	0.00434	0.00488	0.00488	0.00488	0.00434	0.00271	0.00651	0.00651	0.00867	0.01409	0.02927	0.01626	0.84279	0.02277	0.00434	0.00434	0.00651	0.00271	0.00271
67	0.00845	0.00795	0.01342	0.83204	0.03081	0.00994	0.01242	0.01143	0.00894	0.01143	0.00795	0.01193	0.00596	0.00447	0.00447	0.00149	0.00596	0.00398	0.00199	0.00497
68	0.00921	0.00788	0.00921	0.00662	0.01053	0.00592	0.00528	0.01118	0.00926	0.01452	0.00823	0.02338	0.00702	0.00349	0.00335	0.00068	0.00330	0.00282	0.00268	0.85543
69	0.01106	0.38337	0.38928	0.01039	0.01535	0.09574	0.01184	0.01420	0.00961	0.01225	0.00712	0.00831	0.00571	0.00410	0.00362	0.00119	0.00596	0.00286	0.00194	0.00609
70	0.00628	0.00459	0.00649	0.00746	0.02104	0.00441	0.02172	0.00759	0.00921	0.01227	0.02357	0.53592	0.02717	0.01294	0.00579	0.00187	0.00323	0.26536	0.01919	0.00391
71	0.01671	0.02132	0.01268	0.01152	0.01383	0.82483	0.00864	0.01786	0.01268	0.01095	0.00691	0.00807	0.00576	0.00461	0.00403	0.00115	0.00807	0.00288	0.00230	0.00519
72	0.00707	0.00505	0.00704	0.00804	0.00902	0.00503	0.00693	0.00905	0.01025	0.01338	0.04491	0.10152	0.02644	0.01238	0.00612	0.00203	0.00397	0.71356	0.00414	0.00409
73	0.01165	0.06003	0.31939	0.05213	0.04701	0.10181	0.07690	0.02502	0.01061	0.13096	0.04359	0.01313	0.04954	0.00511	0.00474	0.00139	0.03389	0.00414	0.00279	0.00615
74	0.00845	0.00795	0.01342	0.83204	0.03081	0.00994	0.01242	0.01143	0.00894	0.01143	0.00795	0.01193	0.00596	0.00447	0.00447	0.00149	0.00596	0.00398	0.00199	0.00497
75	0.00709	0.00507	0.00708	0.00811	0.00909	0.00505	0.00701	0.00907	0.01018	0.01326	0.02375	0.10197	0.02599	0.01247	0.00615	0.00204	0.00402	0.73440	0.00412	0.00409
76	0.01636	0.02078	0.01244	0.01136	0.01360	0.79927	0.00850	0.01750	0.01255	0.01096	0.00747	0.03396	0.00650	0.00490	0.00409	0.00117	0.00790	0.00319	0.00236	0.00514
77	0.03851	0.00927	0.00960	0.05165	0.02786	0.15350	0.03233	0.06380	0.05477	0.09183	0.05147	0.30757	0.03068	0.00867	0.00521	0.00154	0.03022	0.02271	0.00370	0.00508
78	0.01712	0.01136	0.01258	0.00975	0.01323	0.01227	0.00802	0.59042	0.08207	0.17736	0.01265	0.01207	0.00875	0.00546	0.00449	0.00136	0.00460	0.00420	0.00468	0.00757
79	0.01979	0.00767	0.01037	0.00799	0.01143	0.00672	0.00659	0.02186	0.03752	0.79311	0.01767	0.01527	0.01115	0.00555	0.00450	0.00139	0.00380	0.00452	0.00551	0.00760
80	0.01006	0.01061	0.12800	0.05293	0.09616	0.00882	0.18820	0.07471	0.01097	0.07210	0.08540	0.10786	0.04510	0.02420	0.01817	0.00165	0.03125	0.02491	0.00317	0.00571
81	0.02467	0.00830	0.01308	0.71033	0.02805	0.01014	0.01173	0.08599	0.01011	0.01324	0.00874	0.01310	0.00680	0.00483	0.00450	0.00149	0.00575	0.03164	0.00231	0.00519
82	0.01426	0.00974	0.01077	0.00868	0.01157	0.01036	0.00705	0.45586	0.07228	0.11873	0.06881	0.03979	0.09686	0.00668	0.00465	0.00140	0.00406	0.02055	0.03124	0.00666
83	0.80932	0.00877	0.00690	0.00609	0.00887	0.01013	0.00501	0.05666	0.00839	0.02045	0.00665	0.00765	0.00513	0.00424	0.00287	0.00137	0.00351	0.00255	0.02044	0.00498
84	0.00545	0.00389	0.00519	0.00623	0.00649	0.00363	0.00415	0.00623	0.00856	0.01142	0.02465	0.83987	0.02959	0.01401	0.00571	0.00182	0.00260	0.01272	0.00415	0.00363
85	0.00928	0.00795	0.00928	0.00663	0.01060	0.00596	0.00530	0.01126	0.00928	0.01458	0.00795	0.00928	0.00663	0.00331	0.00331	0.00066	0.00331	0.00265	0.00265	0.87014
86	0.01145	0.00961	0.01216	0.01022	0.01304	0.01045	0.10679	0.09536	0.49124	0.04583	0.01650	0.01871	0.01311	0.00624	0.00476	0.00152	0.00424	0.08572	0.00417	0.03889
87	0.00643	0.00435	0.00486	0.00486	0.00495	0.00430	0.00276	0.00650	0.00675	0.00890	0.01613	0.03017	0.06826	0.78853	0.02163	0.00415	0.00420	0.00670	0.00280	0.00278
88	0.01142	0.36288	0.18759	0.07780	0.01480	0.11584	0.00983	0.06514	0.01041	0.01270	0.00988	0.02053	0.05850	0.00485	0.00396	0.00121	0.02111	0.00349	0.00230	0.00575
89	0.64639	0.00984	0.02537	0.02905	0.01046	0.04027	0.00597	0.11275	0.00980	0.05233	0.00739	0.00825	0.00555	0.00438	0.00318	0.00136	0.00396	0.00279	0.00304	0.01787
90	0.06694	0.15672	0.33435	0.01133	0.05467	0.05154	0.04879	0.04191	0.04136	0.04040	0.01066	0.02676	0.03297	0.00567	0.02111	0.00148	0.00567	0.03909	0.00254	0.00605
91	0.00909	0.03289	0.71689	0.01216	0.01824	0.02303	0.02868	0.01383	0.00961	0.02584	0.01058	0.01171	0.05846	0.00472	0.00432	0.00141	0.00630	0.00374	0.00210	0.00640
92	0.00577	0.00408	0.00533	0.00617	0.00646	0.00390	0.00417	0.00654	0.00832	0.01109	0.02255	0.63024	0.02668	0.15044	0.02810	0.00238	0.00322	0.06717	0.00387	0.00353
93	0.00566	0.00464	0.00501	0.00503	0.00638	0.00408	0.00373	0.00730	0.03750	0.01313	0.15871	0.12381	0.58713	0.01110	0.00530	0.00153	0.00232	0.00943	0.00428	0.00394
94	0.01090	0.01062	0.01814	0.09361	0.69676	0.02075	0.05623	0.01362	0.01013	0.01429	0.00839	0.01116	0.00696	0.00402	0.00447	0.00135	0.00552	0.00404	0.00220	0.00683
95	0.06545	0.00472	0.00472	0.00455	0.00584	0.00479	0.00347	0.01137	0.02366	0.05435	0.01425	0.01600	0.01105	0.00517	0.00319	0.00109	0.00228	0.00409	0.75553	0.00443
96	0.00592	0.00433	0.00509	0.00561	0.00650	0.00395	0.00411	0.00709	0.00941	0.01234	0.03098	0.33879	0.32025	0.03706	0.00588	0.00173	0.00267	0.10738	0.08715	0.00377
97	0.01274	0.01218	0.06350	0.01050	0.08400	0.18865	0.02008	0.17705	0.07570	0.04333	0.02952	0.01375	0.03781	0.00529	0.00411	0.00126	0.00484	0.00415	0.20565	0.00588
98	0.00860	0.00810	0.01369	0.78626	0.07543	0.00998	0.01250	0.01156	0.00902	0.01161	0.00798	0.01188	0.00603	0.00444	0.00447	0.00148	0.00593	0.00398	0.00200	0.00509
99	0.00545	0.00389	0.00519	0.00623	0.00649	0.00363	0.00415	0.00623	0.00856	0.01142	0.02465	0.83987	0.02959	0.01401	0.00571	0.00182	0.00260	0.01272	0.00415	0.00363
100	0.00567	0.00450	0.00510	0.00504	0.00630	0.00393	0.00374	0.00713	0.01097	0.01414	0.31973	0.09235	0.48409	0.01072	0.00531	0.00149	0.00223	0.00917	0.00443	0.00393
101	0.02621	0.01195	0.04375	0.01161	0.01518	0.01227	0.15975	0.50828	0.05228	0.02328	0.02971	0.03876	0.00966	0.00562	0.00471	0.00142	0.00524	0.02951	0.00393	0.00690
102	0.00541	0.00451	0.00472	0.00472	0.00613	0.00382	0.00352	0.00664	0.01041	0.01271	0.12952	0.07310	0.69706	0.01119	0.00530	0.00151	0.00226	0.00942	0.00424	0.00382
103	0.01190	0.82795	0.04041	0.00776	0.01165	0.01754	0.00784	0.01341	0.00910	0.01060	0.00626	0.00722	0.00574	0.00384	0.00290	0.00097	0.00482	0.00241	0.00191	0.00576
104	0.01181	0.01258	0.02311	0.04889	0.02167	0.06472	0.60186	0.12832	0.01215	0.01600	0.00911	0.01161	0.00681	0.00408	0.00505	0.00146	0.00713	0.00489	0.00258	0.00616
105	0.00897	0.02314	0.81962	0.01275	0.01936	0.01039	0.01653	0.01417	0.00944	0.01417	0.00803	0.00944	0.00567	0.00425	0.00425	0.00142	0.00661	0.00331	0.00189	0.00661
106	0.00777	0.00389	0.00583	0.00583	0.00583	0.00389	0.00389	0.00583	0.00583	0.00777	0.00777	0.01360	0.00777	0.01554	0.01748	0.86985	0.00389	0.00389	0.00194	0.00194
107	0.00627	0.00453	0.00593	0.00567	0.00667	0.00418	0.00422	0.00830	0.01239	0.01751	0.76111	0.08604	0.04138	0.00946	0.00530	0.00143	0.00214	0.00839	0.00487	0.00418
108	0.00928	0.00795	0.00928	0.00663	0.01060	0.00596	0.00530	0.01126	0.00928	0.01458	0.00795	0.00928	0.00663	0.00331	0.00331	0.00066	0.00331	0.00265	0.00265	0.87014
109	0.00939	0.00924	0.01284	0.01106	0.01119	0.01270	0.00917	0.01044	0.00736	0.01128	0.06005	0.01263	0.03977	0.00805	0.01370	0.00190	0.74777	0.00440	0.00224	0.00481
110	0.03328	0.01119	0.01208	0.00961	0.01282	0.01236	0.00786	0.56270	0.14908	0.06682	0.01258	0.01286	0.00921	0.00622	0.02315	0.00151	0.00468	0.01713	0.02761	0.00723
111	0.01026	0.05004	0.57233	0.01158	0.01708	0.01051	0.02339	0.02906	0.13817	0.06742	0.01080	0.01143	0.01864	0.00472	0.00429	0.00141	0.00579	0.00375	0.00264	0.00669
112	0.09143	0.00908	0.01083	0.00866	0.01187	0.00924	0.03479	0.13958	0.21452	0.32948	0.01473	0.01373	0.01021	0.00531	0.00428	0.00136	0.00395	0.00429	0.01923	0.06340
113	0.01748	0.00999	0.01167	0.00909	0.01241	0.01028	0.00745	0.43611	0.01692	0.34383	0.01442	0.06664	0.01043	0.00600	0.00456	0.00139	0.00432	0.00478	0.00488	0.00735
114	0.01640	0.01223	0.01308	0.01017	0.01364	0.01359	0.00835	0.71950	0.10250	0.02721	0.01151	0.01136	0.00823	0.00544	0.00448	0.00136	0.00478	0.00413	0.00448	0.00755
115	0.00545	0.00389	0.00519	0.00623	0.00649	0.00363	0.00415	0.00623	0.00856	0.01142	0.02465	0.83987	0.02959	0.01401	0.00571	0.00182	0.00260	0.01272	0.00415	0.00363
116	0.00639	0.00479	0.00719	0.00719	0.00799	0.00559	0.00559	0.00799	0.00719	0.01038	0.01198	0.01757	0.01118	0.03355	0.82507	0.00719	0.01198	0.00479	0.00240	0.00399
117	0.00536	0.00450	0.00465	0.00468	0.00610	0.00380	0.00348	0.00653	0.01026	0.01239	0.08899	0.08152	0.72980	0.01133	0.00531	0.00152	0.00227	0.00952	0.00420	0.00380
118	0.00845	0.00795	0.01342	0.83204	0.03081	0.00994	0.01242	0.01143	0.00894	0.01143	0.00795	0.01193	0.00596	0.00447	0.00447	0.00149	0.00596	0.00398	0.00199	0.00497
119	0.00928	0.00795	0.00928	0.00663	0.01060	0.00596	0.00530	0.01126	0.00928	0.01458	0.00795	0.00928	0.00663	0.00331	0.00331	0.00066	0.00331	0.00265	0.00265	0.87014
120	0.01170	0.01048	0.01040	0.00930	0.01185	0.06432	0.00723	0.05091	0.72712	0.01854	0.01720	0.01592	0.01293	0.00595	0.00452	0.00149	0.00388	0.00488	0.00440	0.00698
121	0.00551	0.00395	0.00518	0.00611	0.00641	0.00370	0.00407	0.00628	0.00850	0.01129	0.02467	0.75785	0.05679	0.05641	0.01864	0.00201	0.00281	0.01217	0.00405	0.00360
122	0.00537	0.00453	0.00465	0.00462	0.00609	0.00381	0.00346	0.00658	0.01039	0.01255	0.10592	0.04229	0.75218	0.01116	0.00529	0.00150	0.00225	0.00933	0.00421	0.00381
123	0.84103	0.00861	0.00672	0.00596	0.00876	0.00990	0.00491	0.01349	0.00782	0.05123	0.00667	0.00758	0.00509	0.00421	0.00284	0.00138	0.00347	0.00250	0.00288	0.00495
124	0.00697	0.00594	0.00617	0.00587	0.00763	0.00584	0.00447	0.01135	0.23021	0.01433	0.09183	0.03510	0.53820	0.00972	0.00508	0.00151	0.00261	0.00814	0.00432	0.00472
125	0.01089	0.54357	0.30246	0.00962	0.01444	0.01503	0.02383	0.01368	0.00924	0.01186	0.00690	0.00805	0.00573	0.00397	0.00339	0.00113	0.00547	0.00276	0.00191	0.00605
126	0.20724	0.00810	0.00870	0.00650	0.01018	0.00691	0.00524	0.01206	0.00902	0.04398	0.00790	0.00903	0.00637	0.00358	0.00323	0.00085	0.00336	0.00266	0.00278	0.64228
127	0.01147	0.00945	0.01008	0.00897	0.01151	0.01080	0.00700	0.05166	0.71851	0.04759	0.04893	0.01707	0.01446	0.00614	0.00458	0.00150	0.00354	0.00512	0.00460	0.00701
128	0.00556	0.00394	0.00516	0.00609	0.00632	0.00371	0.00400	0.00626	0.00835	0.01113	0.02356	0.75583	0.02820	0.09994	0.00748	0.00208	0.00278	0.01207	0.00400	0.00354
129	0.87439	0.00865	0.00657	0.00588	0.00865	0.01003	0.00484	0.01315	0.00761	0.02007	0.00623	0.00727	0.00484	0.00415	0.00277	0.00138	0.00346	0.00242	0.00277	0.00484
130	0.00620	0.00457	0.00580	0.00549	0.00660	0.00417	0.00412	0.00820	0.01236	0.01723	0.71922	0.03459	0.13596	0.00941	0.00528	0.00142	0.00213	0.00825	0.00483	0.00417
131	0.06235	0.00823	0.01111	0.00889	0.01195	0.03897	0.07593	0.03221	0.01216	0.52062	0.05816	0.01936	0.01349	0.00628	0.00470	0.00147	0.00425	0.09848	0.00475	0.00663
132	0.01496	0.01056	0.02813	0.01084	0.01439	0.01053	0.15379	0.30204	0.10277	0.21081	0.04049	0.01351	0.01014	0.00523	0.00460	0.00138	0.00482	0.00457	0.01845	0.03800
133	0.01545	0.01110	0.01217	0.00932	0.01285	0.01166	0.00764	0.57518	0.02964	0.07677	0.01111	0.02462	0.00818	0.00517	0.00427	0.00123	0.00447	0.00398	0.01801	0.15717
134	0.01154	0.35059	0.31132	0.03262	0.02750	0.08518	0.02411	0.05601	0.02605	0.02604	0.00772	0.00885	0.00610	0.00422	0.00373	0.00121	0.00579	0.00305	0.00220	0.00617
135	0.01700	0.01253	0.01342	0.01029	0.01387	0.01387	0.00850	0.79997	0.02103	0.02819	0.01074	0.01074	0.00761	0.00537	0.00447	0.00134	0.00492	0.00403	0.00447	0.00761
136	0.02007	0.00761	0.01038	0.00796	0.01142	0.00657	0.00657	0.02180	0.01280	0.81799	0.01765	0.01523	0.01107	0.00554	0.00450	0.00138	0.00381	0.00450	0.00554	0.00761
137	0.00555	0.00396	0.00530	0.00634	0.00664	0.00372	0.00432	0.00640	0.00866	0.01153	0.02460	0.79553	0.02937	0.01392	0.00574	0.00183	0.00268	0.05609	0.00415	0.00366
138	0.00548	0.00390	0.00518	0.00619	0.00644	0.00365	0.00411	0.00624	0.00851	0.01135	0.02437	0.81812	0.02923	0.03625	0.00617	0.00188	0.00264	0.01255	0.00411	0.00361
139	0.00641	0.00472	0.00680	0.00680	0.00746	0.00538	0.00510	0.00774	0.00707	0.01009	0.01234	0.01956	0.01205	0.17115	0.68864	0.00670	0.01068	0.00508	0.00245	0.00378
140	0.00972	0.00685	0.00799	0.00716	0.00906	0.00712	0.00554	0.02579	0.30410	0.10541	0.38286	0.02514	0.05767	0.00760	0.00489	0.00144	0.00286	0.00653	0.01659	0.00567
141	0.00529	0.00453	0.00453	0.00453	0.00604	0.00378	0.00340	0.00642	0.01020	0.01208	0.04532	0.04305	0.81307	0.01133	0.00529	0.00151	0.00227	0.00944	0.00415	0.00378
142	0.00592	0.00413	0.00555	0.00654	0.00695	0.00389	0.00462	0.00689	0.00887	0.02384	0.02441	0.71620	0.02877	0.01365	0.00576	0.00184	0.00283	0.12140	0.00417	0.00376
143	0.01343	0.00912	0.00965	0.00781	0.01035	0.00993	0.00632	0.47041	0.02828	0.02341	0.01240	0.01322	0.00925	0.00532	0.00393	0.00122	0.00376	0.00410	0.35187	0.00622
144	0.00940	0.00806	0.00933	0.00679	0.01067	0.00630	0.00542	0.01208	0.06132	0.01485	0.00862	0.00976	0.00708	0.00349	0.00339	0.00072	0.00333	0.00281	0.00277	0.81382
145	0.00633	0.00457	0.00598	0.00563	0.00668	0.00422	0.00422	0.00844	0.01266	0.01794	0.81253	0.03341	0.04221	0.00914	0.00528	0.00141	0.00211	0.00809	0.00492	0.00422
146	0.75562	0.00910	0.00747	0.00645	0.00933	0.01044	0.00532	0.10824	0.00932	0.03536	0.00698	0.00783	0.00529	0.00432	0.00301	0.00138	0.00364	0.00265	0.00302	0.00523
147	0.05310	0.01106	0.01170	0.00921	0.01248	0.05376	0.00751	0.42135	0.07743	0.15707	0.01181	0.01165	0.00841	0.00522	0.00448	0.00130	0.02342	0.00393	0.02647	0.08867
148	0.00639	0.00479	0.00719	0.00719	0.00799	0.00559	0.00559	0.00799	0.00719	0.01038	0.01198	0.01757	0.01118	0.03355	0.82507	0.00719	0.01198	0.00479	0.00240	0.00399
149	0.00651	0.00435	0.00516	0.00519	0.00528	0.00443	0.00310	0.00663	0.00662	0.00890	0.01398	0.05274	0.01585	0.70375	0.10523	0.03525	0.00506	0.00643	0.00270	0.00285
150	0.09413	0.01138	0.02916	0.01783	0.35709	0.04699	0.07126	0.18338	0.03429	0.07484	0.00954	0.01097	0.00731	0.00458	0.00461	0.00137	0.02747	0.00395	0.00305	0.00679
151	0.16491	0.10542	0.01238	0.01033	0.10793	0.02036	0.00748	0.11784	0.17584	0.11596	0.01116	0.01133	0.00838	0.00472	0.00386	0.00126	0.00412	0.00365	0.00351	0.10956

[dist]
# distance from previous block
# <min> <max>
0	6

[block]
# block no. 2 follows, 58 sequences, length 77
# corresponding to MSA columns:
# 556-609,611-633
name=unknown_C
#
# <colnr> <probs for GDERKNQSTAVLIFYWHMCP>
#	G	D	E	R	K	N	Q	S	T	A	V	L	I	F	Y	W	H	M	C	P
0	0.34789	0.00889	0.00934	0.00744	0.01070	0.00911	0.00612	0.15184	0.01190	0.30117	0.01117	0.01084	0.00767	0.00477	0.00372	0.00131	0.00382	0.00345	0.00402	0.08480
1	0.00604	0.00449	0.00562	0.00549	0.00654	0.00407	0.00406	0.00781	0.01173	0.01610	0.57974	0.12802	0.18354	0.01011	0.00533	0.00147	0.00219	0.00887	0.00469	0.00407
2	0.01598	0.01192	0.01369	0.03605	0.09800	0.01308	0.00905	0.63855	0.05177	0.05021	0.01094	0.01119	0.00786	0.00523	0.00447	0.00135	0.00490	0.00408	0.00420	0.00745
3	0.00543	0.00396	0.00512	0.00604	0.00644	0.00365	0.00407	0.00625	0.00875	0.01149	0.02696	0.75082	0.11715	0.01371	0.00566	0.00178	0.00256	0.01235	0.00415	0.00365
4	0.00591	0.00418	0.00552	0.00628	0.00662	0.00408	0.00434	0.00675	0.00827	0.01106	0.02162	0.54180	0.02528	0.16370	0.07597	0.00273	0.00384	0.09474	0.00375	0.00355
5	0.02007	0.00761	0.01038	0.00796	0.01142	0.00657	0.00657	0.02180	0.01280	0.81799	0.01765	0.01523	0.01107	0.00554	0.00450	0.00138	0.00381	0.00450	0.00554	0.00761
6	0.01208	0.74302	0.07105	0.00821	0.01211	0.06875	0.00826	0.01373	0.00934	0.01077	0.00637	0.00737	0.00574	0.00390	0.00303	0.00100	0.00510	0.00248	0.00194	0.00576
7	0.00928	0.00795	0.00928	0.00663	0.01060	0.00596	0.00530	0.01126	0.00928	0.01458	0.00795	0.00928	0.00663	0.00331	0.00331	0.00066	0.00331	0.00265	0.00265	0.87014
8	0.01250	0.01172	0.01713	0.20869	0.16940	0.10525	0.19859	0.14466	0.01222	0.06258	0.00921	0.01135	0.00692	0.00444	0.00461	0.00139	0.00616	0.00420	0.00275	0.00623
9	0.00645	0.00466	0.00652	0.00649	0.00716	0.00516	0.00481	0.00780	0.00771	0.01102	0.10194	0.02167	0.01567	0.19233	0.55455	0.00584	0.00913	0.00549	0.02185	0.00377
10	0.01012	0.00784	0.00865	0.00778	0.00995	0.00852	0.00603	0.01847	0.49284	0.07610	0.19123	0.02301	0.10587	0.00726	0.00478	0.00148	0.00312	0.00614	0.00466	0.00615
11	0.00845	0.00795	0.01342	0.83204	0.03081	0.00994	0.01242	0.01143	0.00894	0.01143	0.00795	0.01193	0.00596	0.00447	0.00447	0.00149	0.00596	0.00398	0.00199	0.00497
12	0.01996	0.00780	0.01049	0.00805	0.01151	0.00685	0.00665	0.05080	0.01311	0.78855	0.01739	0.01506	0.01094	0.00553	0.00450	0.00138	0.00385	0.00448	0.00550	0.00761
13	0.00760	0.00395	0.00570	0.00570	0.00570	0.00395	0.00373	0.00592	0.00592	0.00789	0.00861	0.01569	0.00890	0.12602	0.01819	0.75427	0.00395	0.00423	0.00205	0.00205
14	0.00930	0.00803	0.00947	0.00685	0.01065	0.00630	0.00549	0.01124	0.00917	0.01441	0.00786	0.00930	0.00659	0.00351	0.00380	0.00072	0.03922	0.00270	0.00262	0.83277
15	0.87439	0.00865	0.00657	0.00588	0.00865	0.01003	0.00484	0.01315	0.00761	0.02007	0.00623	0.00727	0.00484	0.00415	0.00277	0.00138	0.00346	0.00242	0.00277	0.00484
16	0.87439	0.00865	0.00657	0.00588	0.00865	0.01003	0.00484	0.01315	0.00761	0.02007	0.00623	0.00727	0.00484	0.00415	0.00277	0.00138	0.00346	0.00242	0.00277	0.00484
17	0.00827	0.00477	0.00542	0.00509	0.00631	0.00466	0.00387	0.04263	0.01121	0.04085	0.31806	0.02276	0.02299	0.00672	0.00404	0.00120	0.00226	0.00566	0.47879	0.00443
18	0.87439	0.00865	0.00657	0.00588	0.00865	0.01003	0.00484	0.01315	0.00761	0.02007	0.00623	0.00727	0.00484	0.00415	0.00277	0.00138	0.00346	0.00242	0.00277	0.00484
19	0.01394	0.50701	0.01912	0.00910	0.01245	0.25619	0.00804	0.10397	0.01151	0.01265	0.00694	0.00784	0.00596	0.00423	0.00340	0.00106	0.00577	0.00272	0.00232	0.00579
20	0.00956	0.00827	0.01302	0.54072	0.07749	0.00974	0.03022	0.07509	0.04289	0.03537	0.00948	0.01321	0.00746	0.04202	0.06533	0.00200	0.00609	0.00424	0.00247	0.00534
21	0.01107	0.01063	0.01816	0.02746	0.81489	0.01063	0.01373	0.01373	0.01019	0.01461	0.00841	0.01107	0.00709	0.00399	0.00443	0.00133	0.00531	0.00399	0.00221	0.00709
22	0.00661	0.00476	0.00639	0.00685	0.00781	0.00458	0.00554	0.00847	0.01090	0.01469	0.31281	0.12697	0.06513	0.02799	0.00609	0.00182	0.00315	0.37100	0.00439	0.00406
23	0.87439	0.00865	0.00657	0.00588	0.00865	0.01003	0.00484	0.01315	0.00761	0.02007	0.00623	0.00727	0.00484	0.00415	0.00277	0.00138	0.00346	0.00242	0.00277	0.00484
24	0.01741	0.01187	0.01302	0.00998	0.01354	0.01290	0.00824	0.69602	0.01993	0.13370	0.01166	0.01134	0.00807	0.00539	0.00448	0.00135	0.00477	0.00409	0.00462	0.00761
25	0.01671	0.02132	0.01268	0.01152	0.01383	0.82483	0.00864	0.01786	0.01268	0.01095	0.00691	0.00807	0.00576	0.00461	0.00403	0.00115	0.00807	0.00288	0.00230	0.00519
26	0.00639	0.00479	0.00719	0.00719	0.00799	0.00559	0.00559	0.00799	0.00719	0.01038	0.01198	0.01757	0.01118	0.03355	0.82507	0.00719	0.01198	0.00479	0.00240	0.00399
27	0.53023	0.00823	0.00811	0.00672	0.00977	0.00864	0.00554	0.01663	0.00970	0.34151	0.01083	0.01047	0.00735	0.00471	0.00347	0.00138	0.00360	0.00326	0.00388	0.00596
28	0.00935	0.00802	0.00931	0.00673	0.01064	0.00618	0.00538	0.01179	0.04286	0.01475	0.00838	0.00959	0.00692	0.00343	0.00336	0.00070	0.00332	0.00275	0.00273	0.83380
29	0.01113	0.00961	0.01011	0.00910	0.01163	0.01113	0.00708	0.02377	0.80681	0.01871	0.01821	0.01669	0.01365	0.00607	0.00455	0.00152	0.00354	0.00506	0.00455	0.00708
30	0.00536	0.00449	0.00462	0.00468	0.00606	0.00379	0.00345	0.00647	0.01007	0.01213	0.06501	0.09146	0.72346	0.03186	0.00574	0.00160	0.00233	0.00953	0.00414	0.00375
31	0.00983	0.02805	0.10725	0.15335	0.03430	0.09323	0.15054	0.01229	0.00892	0.01194	0.00818	0.01156	0.00688	0.00972	0.13712	0.00245	0.20292	0.00410	0.00212	0.00525
32	0.00803	0.00526	0.00658	0.00592	0.00750	0.00479	0.00453	0.01042	0.04667	0.10541	0.54786	0.03102	0.14500	0.00868	0.00508	0.00139	0.00243	0.00752	0.00477	0.04112
33	0.03125	0.01178	0.02305	0.01684	0.02088	0.03498	0.63819	0.01527	0.09953	0.01488	0.02764	0.01279	0.00825	0.00424	0.00525	0.00150	0.01989	0.00516	0.00259	0.00604
34	0.01244	0.01158	0.07794	0.15728	0.26342	0.04539	0.12177	0.10144	0.01154	0.12064	0.00974	0.01158	0.00724	0.00453	0.00476	0.00140	0.02378	0.00414	0.00284	0.00654
35	0.00885	0.01562	0.42679	0.10480	0.09483	0.00920	0.06442	0.01280	0.02123	0.02555	0.04451	0.08816	0.02957	0.00575	0.00462	0.00148	0.00566	0.02771	0.00250	0.00595
36	0.02007	0.00761	0.01038	0.00796	0.01142	0.00657	0.00657	0.02180	0.01280	0.81799	0.01765	0.01523	0.01107	0.00554	0.00450	0.00138	0.00381	0.00450	0.00554	0.00761
37	0.01292	0.03859	0.04107	0.00953	0.04460	0.06289	0.04908	0.06847	0.11048	0.24392	0.05844	0.12133	0.05745	0.00699	0.00489	0.00145	0.02149	0.01881	0.02148	0.00610
38	0.02546	0.02770	0.24351	0.09054	0.23458	0.01047	0.08609	0.09995	0.01124	0.09459	0.00977	0.02908	0.00744	0.00461	0.00445	0.00140	0.00566	0.00411	0.00273	0.00664
39	0.00938	0.00921	0.03278	0.14990	0.37017	0.00931	0.09825	0.01188	0.00974	0.01353	0.04433	0.12517	0.01202	0.00614	0.00530	0.00151	0.04547	0.03750	0.00261	0.00581
40	0.87439	0.00865	0.00657	0.00588	0.00865	0.01003	0.00484	0.01315	0.00761	0.02007	0.00623	0.00727	0.00484	0.00415	0.00277	0.00138	0.00346	0.00242	0.00277	0.00484
41	0.00743	0.00529	0.00724	0.06513	0.02330	0.00578	0.00560	0.00868	0.00849	0.04521	0.01756	0.38478	0.01901	0.06509	0.08554	0.00236	0.09689	0.02332	0.11916	0.00415
42	0.01053	0.03152	0.02269	0.01656	0.01983	0.03126	0.55513	0.01346	0.00960	0.01323	0.00810	0.01126	0.00650	0.00485	0.00765	0.00160	0.22355	0.00480	0.00218	0.00571
43	0.01056	0.01207	0.02640	0.01885	0.02338	0.01131	0.79864	0.01433	0.01056	0.01433	0.00905	0.01207	0.00679	0.00377	0.00528	0.00151	0.00754	0.00528	0.00226	0.00603
44	0.00647	0.00474	0.00609	0.00579	0.00691	0.00444	0.00440	0.00884	0.03573	0.01753	0.72432	0.03404	0.07254	0.00928	0.00529	0.00144	0.00224	0.04076	0.00485	0.00428
45	0.00545	0.00389	0.00519	0.00623	0.00649	0.00363	0.00415	0.00623	0.00856	0.01142	0.02465	0.83987	0.02959	0.01401	0.00571	0.00182	0.00260	0.01272	0.00415	0.00363
46	0.00777	0.00389	0.00583	0.00583	0.00583	0.00389	0.00389	0.00583	0.00583	0.00777	0.00777	0.01360	0.00777	0.01554	0.01748	0.86985	0.00389	0.00389	0.00194	0.00194
47	0.00545	0.00389	0.00519	0.00623	0.00649	0.00363	0.00415	0.00623	0.00856	0.01142	0.02465	0.83987	0.02959	0.01401	0.00571	0.00182	0.00260	0.01272	0.00415	0.00363
48	0.00642	0.00469	0.00669	0.00669	0.00732	0.00532	0.00497	0.00767	0.00704	0.01002	0.01244	0.02009	0.01228	0.20777	0.65234	0.00658	0.01034	0.00516	0.00246	0.00372
49	0.87439	0.00865	0.00657	0.00588	0.00865	0.01003	0.00484	0.01315	0.00761	0.02007	0.00623	0.00727	0.00484	0.00415	0.00277	0.00138	0.00346	0.00242	0.00277	0.00484
50	0.00963	0.10302	0.48296	0.01118	0.04901	0.00993	0.01245	0.01345	0.00951	0.03366	0.02047	0.00985	0.00671	0.00445	0.01399	0.00127	0.00557	0.00322	0.00222	0.19747
51	0.01275	0.53346	0.08890	0.00945	0.01309	0.21020	0.03306	0.01450	0.00997	0.01106	0.00662	0.00779	0.00577	0.00414	0.00360	0.00108	0.02414	0.00271	0.00202	0.00567
52	0.01078	0.05053	0.05080	0.07783	0.01416	0.13596	0.03298	0.02209	0.00850	0.01136	0.00711	0.02812	0.00668	0.00677	0.01051	0.00170	0.50243	0.01449	0.00212	0.00509
53	0.01017	0.02620	0.27927	0.01550	0.02039	0.01050	0.45135	0.01412	0.01007	0.04720	0.00944	0.02484	0.00718	0.00566	0.04606	0.00176	0.00719	0.00467	0.00231	0.00614
54	0.00562	0.00422	0.00522	0.00565	0.00642	0.00381	0.00398	0.00682	0.00998	0.01318	0.22253	0.44170	0.23027	0.01215	0.00550	0.00164	0.00239	0.01076	0.00434	0.00381
55	0.01113	0.00961	0.01011	0.00910	0.01163	0.01113	0.00708	0.02377	0.80681	0.01871	0.01821	0.01669	0.01365	0.00607	0.00455	0.00152	0.00354	0.00506	0.00455	0.00708
56	0.00897	0.02314	0.81962	0.01275	0.01936	0.01039	0.01653	0.01417	0.00944	0.01417	0.00803	0.00944	0.00567	0.00425	0.00425	0.00142	0.00661	0.00331	0.00189	0.00661
57	0.00975	0.00534	0.00705	0.00622	0.00790	0.00481	0.00484	0.01172	0.01255	0.21808	0.56682	0.02958	0.06492	0.00839	0.00510	0.00142	0.00258	0.02284	0.00503	0.00505
58	0.87439	0.00865	0.00657	0.00588	0.00865	0.01003	0.00484	0.01315	0.00761	0.02007	0.00623	0.00727	0.00484	0.00415	0.00277	0.00138	0.00346	0.00242	0.00277	0.00484
59	0.01276	0.00892	0.01032	0.00886	0.01154	0.00969	0.02623	0.03850	0.54117	0.18793	0.07896	0.01743	0.01501	0.00612	0.00461	0.00148	0.00361	0.00516	0.00473	0.00696
60	0.00721	0.00515	0.00721	0.00824	0.00927	0.00515	0.00721	0.00927	0.01030	0.01339	0.02368	0.05046	0.02574	0.01236	0.00618	0.00206	0.00412	0.78478	0.00412	0.00412
61	0.01671	0.02132	0.01268	0.01152	0.01383	0.82483	0.00864	0.01786	0.01268	0.01095	0.00691	0.00807	0.00576	0.00461	0.00403	0.00115	0.00807	0.00288	0.00230	0.00519
62	0.00564	0.00453	0.00501	0.00492	0.00623	0.00392	0.00366	0.00705	0.01088	0.01386	0.28594	0.05700	0.54074	0.02395	0.00557	0.00153	0.00226	0.00904	0.00437	0.00390
63	0.00651	0.00434	0.00488	0.00488	0.00488	0.00434	0.00271	0.00651	0.00651	0.00867	0.01409	0.02927	0.01626	0.84279	0.02277	0.00434	0.00434	0.00651	0.00271	0.00271
