[name]
unknown

[dist]
# distance from previous block
# <min> <max>
12	617

[block]
# block no. 0 follows, 51 sequences, length 13
# corresponding to MSA columns:
# 695-707
name=unknown_A
#
# <colnr> <probs for GDERKNQSTAVLIFYWHMCP>
#	G	D	E	R	K	N	Q	S	T	A	V	L	I	F	Y	W	H	M	C	P
0	0.06191	0.07745	0.24174	0.02803	0.06523	0.03574	0.01121	0.08972	0.03733	0.15369	0.05189	0.02727	0.01225	0.00631	0.00483	0.00156	0.00547	0.07778	0.00367	0.00690
1	0.11027	0.01973	0.46682	0.01239	0.03981	0.08736	0.01361	0.01647	0.03589	0.08436	0.05992	0.01249	0.00954	0.00522	0.00457	0.00152	0.00628	0.00401	0.00289	0.00685
2	0.07974	0.02162	0.49234	0.01387	0.06707	0.12714	0.01468	0.06027	0.04897	0.01672	0.00922	0.01054	0.00681	0.00487	0.00455	0.00151	0.00686	0.00367	0.00254	0.00700
3	0.25627	0.01007	0.01344	0.23217	0.22991	0.01132	0.01072	0.05195	0.08196	0.01793	0.01004	0.01310	0.00806	0.00514	0.00443	0.00157	0.00520	0.02737	0.00296	0.00637
4	0.01028	0.12751	0.64249	0.01321	0.01966	0.01244	0.03189	0.01519	0.01033	0.01502	0.02590	0.01071	0.00716	0.00485	0.00491	0.00151	0.03408	0.00369	0.00216	0.00701
5	0.01038	0.01594	0.32455	0.01975	0.35586	0.01038	0.01457	0.01429	0.01127	0.01636	0.12478	0.01620	0.01337	0.00557	0.00498	0.00153	0.00585	0.02456	0.00278	0.00703
6	0.00735	0.00572	0.00748	0.00864	0.05467	0.00540	0.00663	0.00929	0.01143	0.01459	0.08264	0.04879	0.30332	0.01241	0.00626	0.00195	0.00373	0.40065	0.00447	0.00459
7	0.00602	0.00468	0.00550	0.00611	0.00708	0.00416	0.00437	0.00714	0.01035	0.01301	0.03756	0.41846	0.38618	0.01392	0.00609	0.00186	0.00278	0.05608	0.00456	0.00410
8	0.01484	0.21968	0.09406	0.04617	0.15104	0.31604	0.01118	0.06597	0.01257	0.01419	0.00813	0.00969	0.00670	0.00474	0.00426	0.00130	0.00698	0.00342	0.00250	0.00652
9	0.04531	0.05754	0.11026	0.00925	0.06164	0.00793	0.00773	0.04254	0.01212	0.20816	0.07148	0.02667	0.28193	0.02906	0.00558	0.00162	0.00410	0.00665	0.00430	0.00614
10	0.01024	0.04637	0.34074	0.01098	0.04117	0.00947	0.01142	0.02748	0.04125	0.01634	0.05982	0.01230	0.00966	0.00468	0.00430	0.00121	0.00524	0.00376	0.00279	0.34076
11	0.01368	0.12389	0.23309	0.01172	0.03034	0.30666	0.01109	0.03998	0.02730	0.03565	0.06087	0.01394	0.06004	0.00570	0.00456	0.00139	0.00675	0.00421	0.00288	0.00628
12	0.03856	0.01689	0.33415	0.03179	0.18000	0.03158	0.01349	0.09101	0.08722	0.04246	0.04138	0.01452	0.03530	0.00554	0.00483	0.00154	0.00591	0.01353	0.00312	0.00719

[dist]
# distance from previous block
# <min> <max>
17	50

[block]
# block no. 1 follows, 51 sequences, length 6
# corresponding to MSA columns:
# 771-776
name=unknown_B
#
# <colnr> <probs for GDERKNQSTAVLIFYWHMCP>
#	G	D	E	R	K	N	Q	S	T	A	V	L	I	F	Y	W	H	M	C	P
0	0.01298	0.01381	0.01615	0.07465	0.40929	0.22680	0.01201	0.01515	0.01126	0.01389	0.00930	0.01301	0.00818	0.06109	0.05194	0.00203	0.03524	0.00428	0.00248	0.00647
1	0.00601	0.00499	0.00526	0.00519	0.00676	0.00424	0.00389	0.00745	0.01168	0.01442	0.18230	0.04541	0.66142	0.01202	0.00581	0.00164	0.00246	0.01011	0.00471	0.00424
2	0.01249	0.01010	0.01143	0.00837	0.01262	0.00891	0.00678	0.22061	0.01369	0.02007	0.00957	0.01063	0.00757	0.00425	0.00399	0.00093	0.00412	0.00332	0.00346	0.62711
3	0.00915	0.00570	0.00672	0.00648	0.00819	0.00512	0.00484	0.01115	0.05454	0.15382	0.06649	0.25047	0.37518	0.01169	0.00573	0.00172	0.00296	0.01005	0.00489	0.00508
4	0.63155	0.01009	0.01067	0.01289	0.22296	0.01120	0.00797	0.01462	0.00913	0.02042	0.00749	0.00912	0.00599	0.00451	0.00354	0.00150	0.00435	0.00313	0.00288	0.00599
5	0.35350	0.23314	0.08050	0.00819	0.01209	0.01241	0.00771	0.01695	0.01037	0.20966	0.01009	0.01030	0.00735	0.00485	0.00368	0.00140	0.00458	0.00329	0.00345	0.00650

[dist]
# distance from previous block
# <min> <max>
34	175

[block]
# block no. 2 follows, 51 sequences, length 14
# corresponding to MSA columns:
# 1027-1040
name=unknown_C
#
# <colnr> <probs for GDERKNQSTAVLIFYWHMCP>
#	G	D	E	R	K	N	Q	S	T	A	V	L	I	F	Y	W	H	M	C	P
0	0.03698	0.01260	0.11453	0.04805	0.24946	0.01098	0.10298	0.05361	0.12519	0.15805	0.02996	0.01423	0.01015	0.00525	0.00496	0.00155	0.00560	0.00478	0.00361	0.00749
1	0.02095	0.00812	0.01105	0.00856	0.01217	0.00703	0.00703	0.02288	0.01405	0.74308	0.07594	0.01819	0.01466	0.00637	0.00500	0.00152	0.00405	0.00523	0.00603	0.00809
2	0.54031	0.01121	0.07617	0.01151	0.14546	0.01104	0.00834	0.01598	0.06298	0.06375	0.00902	0.01010	0.00687	0.00477	0.00373	0.00152	0.00447	0.00336	0.00316	0.00624
3	0.00665	0.00789	0.14182	0.00807	0.00955	0.00526	0.00689	0.00833	0.00957	0.01306	0.02396	0.68496	0.02801	0.01356	0.00600	0.00192	0.00361	0.01220	0.00414	0.00455
4	0.02205	0.00836	0.01140	0.00874	0.01254	0.00722	0.00722	0.02395	0.01407	0.80004	0.01939	0.01673	0.01216	0.00608	0.00494	0.00152	0.00418	0.00494	0.00608	0.00836
5	0.16287	0.01304	0.01346	0.01048	0.01426	0.01452	0.00865	0.64932	0.02058	0.02945	0.01095	0.01115	0.00784	0.00567	0.00460	0.00148	0.00513	0.00412	0.00460	0.00784
6	0.00786	0.00570	0.00743	0.00750	0.00881	0.00553	0.00611	0.04717	0.01323	0.01804	0.42513	0.04324	0.06856	0.01132	0.00614	0.00183	0.00334	0.30331	0.00501	0.00475
7	0.00986	0.02542	0.80183	0.01401	0.02127	0.01141	0.01816	0.01556	0.01038	0.01556	0.00882	0.01038	0.00623	0.00467	0.00467	0.00156	0.00726	0.00363	0.00208	0.00726
8	0.01113	0.00960	0.01006	0.00914	0.01173	0.01084	0.00709	0.02285	0.65499	0.01931	0.02509	0.02329	0.14830	0.00766	0.00514	0.00167	0.00365	0.00638	0.00493	0.00716
9	0.00646	0.00473	0.00618	0.00676	0.00749	0.00429	0.00467	0.00766	0.01024	0.01402	0.15688	0.63005	0.03303	0.01362	0.00600	0.00183	0.00282	0.01229	0.00459	0.06639
10	0.03687	0.61885	0.06819	0.00849	0.01287	0.01653	0.00845	0.01436	0.01000	0.01286	0.00727	0.00843	0.00644	0.00415	0.00332	0.00104	0.00506	0.00274	0.00227	0.15184
11	0.05205	0.69346	0.12015	0.00901	0.01353	0.01807	0.00946	0.01481	0.00996	0.01254	0.00708	0.00819	0.00625	0.00428	0.00333	0.00113	0.00543	0.00275	0.00214	0.00638
12	0.13504	0.02742	0.01339	0.01347	0.15951	0.03714	0.00913	0.20257	0.23635	0.07965	0.02897	0.01389	0.01066	0.00568	0.00464	0.00152	0.00478	0.00454	0.00418	0.00746
13	0.09137	0.06043	0.02366	0.00801	0.01003	0.02888	0.00632	0.07580	0.06484	0.11745	0.10348	0.32385	0.02269	0.00998	0.00529	0.00170	0.00378	0.03230	0.00451	0.00563

[dist]
# distance from previous block
# <min> <max>
27	79

[block]
# block no. 3 follows, 51 sequences, length 8
# corresponding to MSA columns:
# 1152-1159
name=unknown_D
#
# <colnr> <probs for GDERKNQSTAVLIFYWHMCP>
#	G	D	E	R	K	N	Q	S	T	A	V	L	I	F	Y	W	H	M	C	P
0	0.00662	0.00503	0.00599	0.00614	0.00722	0.00464	0.00447	0.00842	0.03407	0.01497	0.25806	0.20204	0.27869	0.08646	0.00768	0.00201	0.00288	0.05563	0.00468	0.00428
1	0.04408	0.00617	0.00699	0.00633	0.00829	0.00564	0.00482	0.05050	0.01210	0.15811	0.11468	0.08919	0.39428	0.06840	0.00689	0.00185	0.00317	0.00863	0.00477	0.00514
2	0.14559	0.00581	0.00612	0.00591	0.00759	0.00553	0.00445	0.00959	0.01117	0.05649	0.20374	0.12798	0.34820	0.03335	0.00590	0.00173	0.00286	0.00885	0.00454	0.00461
3	0.00658	0.00537	0.00566	0.00565	0.00721	0.00476	0.00419	0.05170	0.01160	0.01418	0.04389	0.17180	0.62504	0.01255	0.00583	0.00170	0.00272	0.01061	0.00458	0.00437
4	0.10998	0.00562	0.00590	0.00583	0.00738	0.00536	0.00437	0.00926	0.03786	0.01615	0.20685	0.14194	0.36892	0.01087	0.00541	0.00164	0.00270	0.00918	0.04026	0.00452
5	0.03526	0.00644	0.00738	0.00674	0.00856	0.00638	0.00518	0.08006	0.03848	0.10945	0.06002	0.06202	0.23904	0.07231	0.10360	0.00255	0.00451	0.02172	0.12509	0.00521
6	0.10875	0.00595	0.00646	0.00613	0.00754	0.00592	0.00445	0.01076	0.06372	0.05041	0.22510	0.06928	0.17534	0.18892	0.00951	0.00228	0.00328	0.00770	0.04389	0.00460
7	0.01452	0.00769	0.00958	0.00829	0.01080	0.00745	0.00647	0.06489	0.14092	0.34021	0.11216	0.19394	0.04387	0.00883	0.00536	0.00165	0.00365	0.00758	0.00538	0.00676

[dist]
# distance from previous block
# <min> <max>
6	9

[block]
# block no. 4 follows, 51 sequences, length 8
# corresponding to MSA columns:
# 1176-1183
name=unknown_E
#
# <colnr> <probs for GDERKNQSTAVLIFYWHMCP>
#	G	D	E	R	K	N	Q	S	T	A	V	L	I	F	Y	W	H	M	C	P
0	0.01340	0.01329	0.07556	0.01264	0.06071	0.08996	0.09956	0.18736	0.13694	0.03411	0.08391	0.01478	0.01229	0.00571	0.00518	0.00144	0.02714	0.00480	0.00378	0.11744
1	0.05159	0.01064	0.01623	0.07494	0.04405	0.01052	0.20811	0.12331	0.08452	0.12277	0.01226	0.01428	0.00932	0.05173	0.00601	0.00163	0.00556	0.00478	0.00363	0.14410
2	0.01019	0.00908	0.05484	0.00798	0.01157	0.00700	0.02321	0.06846	0.01155	0.04468	0.06127	0.10702	0.08540	0.00647	0.00451	0.00116	0.00382	0.00548	0.00360	0.47273
3	0.00809	0.00654	0.00722	0.00717	0.00858	0.03725	0.00542	0.08009	0.03123	0.01557	0.12047	0.24935	0.25914	0.01382	0.06509	0.00221	0.00407	0.06947	0.00448	0.00475
4	0.01015	0.00875	0.01412	0.23411	0.31780	0.00928	0.01128	0.01276	0.01079	0.04979	0.07859	0.01905	0.09138	0.00970	0.09933	0.00229	0.00619	0.00548	0.00301	0.00616
5	0.01334	0.40481	0.12279	0.01017	0.01397	0.20681	0.00961	0.01624	0.06839	0.01294	0.00982	0.07237	0.00897	0.00552	0.00404	0.00129	0.00610	0.00398	0.00261	0.00622
6	0.54263	0.16435	0.06351	0.00805	0.01157	0.08526	0.00725	0.04159	0.00981	0.01907	0.00721	0.00833	0.00576	0.00459	0.00336	0.00141	0.00481	0.00283	0.00282	0.00577
7	0.01174	0.01154	0.01652	0.19720	0.40690	0.08719	0.01281	0.03693	0.01152	0.01541	0.08143	0.01422	0.01087	0.00541	0.00566	0.00153	0.05909	0.00467	0.00272	0.00664

[dist]
# distance from previous block
# <min> <max>
1	2

[block]
# block no. 5 follows, 51 sequences, length 11
# corresponding to MSA columns:
# 1186-1196
name=unknown_F
#
# <colnr> <probs for GDERKNQSTAVLIFYWHMCP>
#	G	D	E	R	K	N	Q	S	T	A	V	L	I	F	Y	W	H	M	C	P
0	0.02652	0.07908	0.24754	0.01233	0.07068	0.01095	0.05625	0.02971	0.20028	0.01646	0.03310	0.05567	0.07719	0.00791	0.03955	0.00186	0.00563	0.01928	0.00337	0.00665
1	0.01764	0.00979	0.01160	0.00951	0.01290	0.01007	0.00766	0.09758	0.33666	0.40195	0.01891	0.01692	0.01298	0.00631	0.00496	0.00158	0.00418	0.00515	0.00552	0.00812
2	0.00811	0.00682	0.00974	0.00845	0.01016	0.00680	0.09209	0.03479	0.06452	0.01703	0.34867	0.09743	0.17057	0.02776	0.03114	0.00191	0.04597	0.00848	0.00451	0.00504
3	0.01288	0.01040	0.01114	0.00986	0.01269	0.01182	0.00771	0.06447	0.67752	0.06241	0.04910	0.01861	0.01570	0.00673	0.00502	0.00164	0.00392	0.00559	0.00507	0.00772
4	0.19692	0.01243	0.01248	0.00997	0.01348	0.03995	0.00814	0.48121	0.07179	0.06573	0.01147	0.01168	0.00830	0.00595	0.00490	0.02466	0.00498	0.00411	0.00443	0.00742
5	0.00916	0.00458	0.00458	0.00458	0.00573	0.00458	0.00344	0.01145	0.01031	0.01832	0.01603	0.01832	0.01260	0.00573	0.00344	0.00115	0.00229	0.00458	0.85457	0.00458
6	0.86201	0.00950	0.00722	0.00646	0.00950	0.01102	0.00532	0.01445	0.00836	0.02205	0.00684	0.00798	0.00532	0.00456	0.00304	0.00152	0.00380	0.00266	0.00304	0.00532
7	0.01055	0.00892	0.01182	0.03949	0.17384	0.02362	0.00825	0.05203	0.01112	0.03252	0.02941	0.12870	0.01347	0.02713	0.00545	0.00140	0.02051	0.05536	0.00333	0.34309
8	0.00681	0.00502	0.00636	0.00603	0.00725	0.00457	0.00452	0.00899	0.01356	0.01888	0.69832	0.03807	0.14261	0.01036	0.00580	0.00156	0.00234	0.00908	0.00530	0.00457
9	0.01033	0.02218	0.59978	0.01615	0.05447	0.01165	0.18490	0.01558	0.01068	0.01562	0.00908	0.01108	0.00656	0.00454	0.00493	0.00157	0.00743	0.00414	0.00218	0.00715
10	0.86201	0.00950	0.00722	0.00646	0.00950	0.01102	0.00532	0.01445	0.00836	0.02205	0.00684	0.00798	0.00532	0.00456	0.00304	0.00152	0.00380	0.00266	0.00304	0.00532

[dist]
# distance from previous block
# <min> <max>
1	1

[block]
# block no. 6 follows, 51 sequences, length 30
# corresponding to MSA columns:
# 1221-1223,1225,1246-1261,1264-1273
name=unknown_G
#
# <colnr> <probs for GDERKNQSTAVLIFYWHMCP>
#	G	D	E	R	K	N	Q	S	T	A	V	L	I	F	Y	W	H	M	C	P
0	0.00777	0.00618	0.00870	0.00970	0.07966	0.00614	0.03135	0.04960	0.02137	0.01484	0.10729	0.45908	0.08306	0.01345	0.04437	0.00212	0.02332	0.02289	0.00427	0.00484
1	0.01090	0.20221	0.58410	0.01270	0.01895	0.04166	0.01553	0.01543	0.01035	0.01447	0.00828	0.00978	0.00625	0.00467	0.00460	0.00145	0.02621	0.00341	0.00210	0.00695
2	0.01252	0.60849	0.21381	0.00986	0.01480	0.01736	0.01081	0.03964	0.01050	0.01316	0.00747	0.00861	0.00635	0.00437	0.00358	0.00119	0.00575	0.00293	0.00219	0.00660
3	0.61921	0.09841	0.03475	0.00767	0.01105	0.04021	0.00665	0.10249	0.01048	0.02141	0.00750	0.00851	0.00584	0.00470	0.00337	0.00146	0.00442	0.00291	0.00311	0.00585
4	0.10199	0.00804	0.01014	0.00811	0.01128	0.00745	0.00660	0.05698	0.01391	0.52146	0.18035	0.01981	0.01848	0.00675	0.00493	0.00152	0.00381	0.00552	0.00558	0.00728
5	0.00721	0.00529	0.00692	0.00676	0.00728	0.00575	0.00476	0.00824	0.00842	0.01172	0.11158	0.02747	0.04646	0.36654	0.30780	0.00527	0.04885	0.00664	0.00317	0.00386
6	0.01788	0.00873	0.01245	0.01255	0.16007	0.00804	0.00843	0.03366	0.03864	0.51407	0.11591	0.01837	0.01571	0.00628	0.00504	0.00152	0.00427	0.00535	0.00525	0.00776
7	0.00715	0.00476	0.00536	0.00536	0.00536	0.00476	0.00298	0.00715	0.00715	0.00953	0.01548	0.03216	0.01787	0.82729	0.02501	0.00476	0.00476	0.00715	0.00298	0.00298
8	0.00886	0.00803	0.01322	0.66268	0.02881	0.00989	0.01195	0.01170	0.00940	0.01217	0.00978	0.01542	0.00813	0.08148	0.08676	0.00254	0.00705	0.00470	0.00230	0.00513
9	0.74071	0.01050	0.00827	0.00721	0.01033	0.04330	0.00591	0.09417	0.01012	0.02257	0.00739	0.00841	0.00568	0.00472	0.00329	0.00151	0.00417	0.00286	0.00322	0.00565
10	0.00588	0.00498	0.00508	0.00505	0.00668	0.00418	0.00379	0.00719	0.01137	0.01368	0.09662	0.04663	0.74756	0.01229	0.00581	0.00165	0.00248	0.01028	0.00462	0.00418
11	0.01019	0.00873	0.01019	0.00728	0.01165	0.00655	0.00582	0.01237	0.01019	0.01601	0.00873	0.01019	0.00728	0.00364	0.00364	0.00073	0.00364	0.00291	0.00291	0.85734
12	0.00703	0.00525	0.00780	0.00780	0.00864	0.00609	0.00602	0.00871	0.00787	0.01133	0.01326	0.01982	0.01251	0.06820	0.77677	0.00777	0.01283	0.00534	0.00265	0.00433
13	0.02205	0.00836	0.01140	0.00874	0.01254	0.00722	0.00722	0.02395	0.01407	0.80004	0.01939	0.01673	0.01216	0.00608	0.00494	0.00152	0.00418	0.00494	0.00608	0.00836
14	0.00811	0.00692	0.00947	0.14021	0.10350	0.03437	0.00750	0.01027	0.01185	0.01596	0.33399	0.17126	0.08449	0.00962	0.00561	0.00165	0.00382	0.03216	0.00420	0.00502
15	0.01083	0.00885	0.01035	0.00744	0.01177	0.00680	0.00596	0.03280	0.01066	0.04422	0.00919	0.01046	0.00748	0.00379	0.00372	0.00078	0.00370	0.00302	0.00308	0.80508
16	0.01019	0.00873	0.01019	0.00728	0.01165	0.00655	0.00582	0.01237	0.01019	0.01601	0.00873	0.01019	0.00728	0.00364	0.00364	0.00073	0.00364	0.00291	0.00291	0.85734
17	0.00705	0.00541	0.00649	0.00638	0.00766	0.00513	0.00473	0.00990	0.08164	0.01698	0.41225	0.14905	0.21481	0.02667	0.00618	0.00172	0.00267	0.02562	0.00499	0.00468
18	0.29817	0.16663	0.13733	0.06307	0.03316	0.15533	0.00939	0.01518	0.01037	0.01626	0.03261	0.01065	0.02396	0.00496	0.00388	0.00140	0.00568	0.00341	0.00266	0.00590
19	0.01322	0.12283	0.29773	0.02562	0.04285	0.25382	0.05606	0.02852	0.02725	0.01434	0.00854	0.01003	0.00668	0.00468	0.00442	0.00135	0.00713	0.00352	0.00242	0.06898
20	0.00903	0.00875	0.02638	0.37490	0.10116	0.05213	0.03556	0.01140	0.01011	0.01304	0.01504	0.29006	0.01556	0.00842	0.00537	0.00172	0.00541	0.00762	0.00305	0.00528
21	0.00928	0.00873	0.01474	0.81548	0.03385	0.01092	0.01365	0.01256	0.00983	0.01256	0.00873	0.01310	0.00655	0.00491	0.00491	0.00164	0.00655	0.00437	0.00218	0.00546
22	0.00789	0.00452	0.00603	0.00603	0.00606	0.00455	0.00380	0.00681	0.00677	0.00907	0.01162	0.02231	0.01258	0.35644	0.05315	0.46694	0.00483	0.00551	0.00251	0.00258
23	0.01156	0.01143	0.04937	0.18732	0.21212	0.01145	0.18682	0.03612	0.15495	0.03875	0.01230	0.04453	0.00980	0.00538	0.00516	0.00161	0.00607	0.00527	0.00310	0.00690
24	0.01106	0.00858	0.01068	0.00886	0.02820	0.00824	0.00689	0.09211	0.02697	0.06112	0.01094	0.01370	0.00923	0.03424	0.19340	0.00278	0.07029	0.00404	0.00321	0.39544
25	0.02070	0.00895	0.01165	0.00888	0.01275	0.00799	0.00732	0.10113	0.01467	0.65433	0.01770	0.01567	0.01136	0.00586	0.00483	0.00145	0.00426	0.00472	0.00569	0.08008
26	0.01098	0.01669	0.27404	0.01925	0.11292	0.01178	0.42000	0.01541	0.01115	0.01568	0.01008	0.01371	0.00784	0.00467	0.00537	0.00162	0.00754	0.03196	0.00242	0.00689
27	0.01099	0.00887	0.01036	0.00803	0.01161	0.02331	0.02155	0.06367	0.06282	0.05394	0.06022	0.08701	0.02405	0.00572	0.00433	0.00108	0.00383	0.00482	0.00364	0.53016
28	0.00637	0.00491	0.00652	0.00697	0.00782	0.00451	0.03158	0.00754	0.01005	0.01300	0.04705	0.49309	0.21282	0.05429	0.00711	0.00205	0.00317	0.07261	0.00443	0.00413
29	0.04233	0.16882	0.09733	0.12577	0.01762	0.35383	0.01050	0.03924	0.07449	0.01393	0.00883	0.01026	0.00707	0.00498	0.00430	0.00136	0.00704	0.00350	0.00264	0.00617

[dist]
# distance from previous block
# <min> <max>
0	1

[block]
# block no. 7 follows, 51 sequences, length 7
# corresponding to MSA columns:
# 1275-1281
name=unknown_H
#
# <colnr> <probs for GDERKNQSTAVLIFYWHMCP>
#	G	D	E	R	K	N	Q	S	T	A	V	L	I	F	Y	W	H	M	C	P
0	0.00661	0.00575	0.00803	0.00746	0.00908	0.00511	0.09173	0.00812	0.01075	0.01341	0.03790	0.26017	0.45917	0.01238	0.00598	0.00178	0.00334	0.04452	0.00433	0.00440
1	0.03979	0.13993	0.41534	0.01212	0.01757	0.11326	0.01344	0.11420	0.01256	0.06449	0.00934	0.01031	0.00686	0.00489	0.00441	0.00143	0.00664	0.00358	0.00277	0.00707
2	0.03872	0.07875	0.04593	0.02888	0.01168	0.05368	0.02641	0.05228	0.02945	0.01360	0.01282	0.07836	0.01226	0.03770	0.36248	0.00448	0.07414	0.03029	0.00292	0.00518
3	0.00916	0.00458	0.00458	0.00458	0.00573	0.00458	0.00344	0.01145	0.01031	0.01832	0.01603	0.01832	0.01260	0.00573	0.00344	0.00115	0.00229	0.00458	0.85457	0.00458
4	0.00836	0.00438	0.00657	0.00657	0.00667	0.00448	0.00448	0.00667	0.00657	0.00886	0.00906	0.01543	0.00896	0.01931	0.10832	0.76107	0.00527	0.00438	0.00219	0.00239
5	0.01627	0.05597	0.04675	0.01174	0.01460	0.58288	0.00927	0.01925	0.10108	0.01359	0.03914	0.01108	0.00888	0.00532	0.00447	0.00130	0.00759	0.00364	0.00290	0.04429
6	0.56647	0.14681	0.05154	0.00754	0.01077	0.06790	0.00664	0.01447	0.00905	0.01851	0.00752	0.00962	0.00637	0.05466	0.00458	0.00162	0.00463	0.00301	0.00280	0.00547

[dist]
# distance from previous block
# <min> <max>
0	2

[block]
# block no. 8 follows, 51 sequences, length 17
# corresponding to MSA columns:
# 1284-1291,1297,1301-1308
name=unknown_I
#
# <colnr> <probs for GDERKNQSTAVLIFYWHMCP>
#	G	D	E	R	K	N	Q	S	T	A	V	L	I	F	Y	W	H	M	C	P
0	0.01141	0.00980	0.01041	0.00933	0.01202	0.01101	0.00724	0.02328	0.65730	0.01980	0.06150	0.02089	0.06997	0.00710	0.00503	0.00162	0.00370	0.00593	0.00489	0.04778
1	0.00683	0.00506	0.00709	0.06859	0.00939	0.00543	0.00549	0.00802	0.00846	0.01154	0.01847	0.32051	0.02048	0.18534	0.29133	0.00460	0.00714	0.00881	0.00338	0.00404
2	0.01024	0.05460	0.07326	0.03352	0.16673	0.02168	0.16909	0.01331	0.04538	0.03188	0.01499	0.24883	0.01503	0.00780	0.00563	0.00164	0.02890	0.00729	0.00323	0.04696
3	0.01901	0.00801	0.01056	0.00843	0.01172	0.00724	0.00684	0.02195	0.07922	0.61692	0.08651	0.04043	0.01593	0.00671	0.00500	0.00153	0.00389	0.00557	0.03681	0.00774
4	0.01026	0.01004	0.01424	0.05542	0.01357	0.01385	0.01040	0.01153	0.00769	0.01182	0.00732	0.01182	0.00710	0.01153	0.10304	0.00276	0.68573	0.00441	0.00221	0.00527
5	0.01708	0.02159	0.09709	0.01252	0.01567	0.60624	0.02963	0.04285	0.01379	0.05566	0.03720	0.01066	0.00818	0.00526	0.00458	0.00134	0.00808	0.00362	0.00285	0.00607
6	0.04082	0.01112	0.01396	0.04753	0.05702	0.01141	0.04814	0.32984	0.02766	0.18043	0.03249	0.01331	0.00975	0.00555	0.00505	0.00142	0.02674	0.00446	0.00437	0.12893
7	0.18004	0.01185	0.01240	0.01082	0.04892	0.01332	0.00834	0.36308	0.25670	0.02533	0.01326	0.01310	0.00980	0.00581	0.00458	0.00154	0.00464	0.00443	0.00447	0.00756
8	0.01214	0.05606	0.18954	0.01146	0.05715	0.12714	0.03231	0.03468	0.01143	0.04322	0.03773	0.01137	0.00851	0.00462	0.00445	0.00118	0.01896	0.00361	0.00283	0.33160
9	0.00929	0.00811	0.04485	0.00886	0.02735	0.03451	0.00694	0.06221	0.05933	0.03668	0.20662	0.22729	0.02584	0.02312	0.04503	0.00206	0.05324	0.07205	0.00429	0.04233
10	0.00916	0.00458	0.00458	0.00458	0.00573	0.00458	0.00344	0.01145	0.01031	0.01832	0.01603	0.01832	0.01260	0.00573	0.00344	0.00115	0.00229	0.00458	0.85457	0.00458
11	0.00803	0.00525	0.00679	0.00688	0.00763	0.00521	0.00492	0.00913	0.08517	0.01219	0.05701	0.16460	0.09472	0.05285	0.01240	0.36277	0.00374	0.07114	0.00350	0.02607
12	0.01160	0.01326	0.02900	0.02071	0.02568	0.01243	0.77879	0.01574	0.01160	0.01574	0.00994	0.01326	0.00746	0.00414	0.00580	0.00166	0.00829	0.00580	0.00249	0.00663
13	0.00769	0.00626	0.00896	0.27957	0.01616	0.00686	0.00767	0.00943	0.00955	0.01221	0.02164	0.06873	0.16588	0.18730	0.04380	0.02086	0.00515	0.11467	0.00328	0.00435
14	0.00882	0.09433	0.09462	0.00897	0.01095	0.06064	0.03160	0.01121	0.04520	0.01322	0.05196	0.29067	0.01957	0.05475	0.14485	0.00292	0.01939	0.02784	0.00345	0.00503
15	0.13546	0.06481	0.18689	0.02659	0.01482	0.02917	0.00992	0.16544	0.04614	0.16078	0.03274	0.01336	0.00960	0.00549	0.00446	0.00146	0.00518	0.02107	0.00382	0.06277
16	0.05538	0.04509	0.03146	0.01172	0.01461	0.46308	0.02552	0.16445	0.03027	0.03262	0.00999	0.05614	0.00848	0.00586	0.00484	0.00140	0.02545	0.00416	0.00322	0.00626

[dist]
# distance from previous block
# <min> <max>
0	4

[block]
# block no. 9 follows, 51 sequences, length 17
# corresponding to MSA columns:
# 1314-1330
name=unknown_J
#
# <colnr> <probs for GDERKNQSTAVLIFYWHMCP>
#	G	D	E	R	K	N	Q	S	T	A	V	L	I	F	Y	W	H	M	C	P
0	0.07421	0.03782	0.02869	0.14590	0.05368	0.04363	0.00939	0.16704	0.29967	0.03536	0.01420	0.04585	0.01109	0.00611	0.00478	0.00158	0.00499	0.00496	0.00400	0.00705
1	0.00795	0.00609	0.02482	0.00663	0.00823	0.00546	0.00513	0.01071	0.08402	0.05991	0.26642	0.12330	0.27713	0.03072	0.02338	0.02301	0.00317	0.02431	0.00475	0.00486
2	0.03007	0.19532	0.01284	0.00880	0.03593	0.10869	0.00693	0.02879	0.12311	0.01552	0.16028	0.02393	0.16838	0.00882	0.03626	0.00170	0.00472	0.02044	0.00380	0.00568
3	0.86201	0.00950	0.00722	0.00646	0.00950	0.01102	0.00532	0.01445	0.00836	0.02205	0.00684	0.00798	0.00532	0.00456	0.00304	0.00152	0.00380	0.00266	0.00304	0.00532
4	0.01351	0.24239	0.15658	0.01012	0.02900	0.02912	0.00964	0.14135	0.05850	0.11026	0.10990	0.01576	0.04170	0.00598	0.00452	0.00140	0.00505	0.00465	0.00371	0.00687
5	0.00986	0.02542	0.80183	0.01401	0.02127	0.01141	0.01816	0.01556	0.01038	0.01556	0.00882	0.01038	0.00623	0.00467	0.00467	0.00156	0.00726	0.00363	0.00208	0.00726
6	0.01351	0.77228	0.02490	0.00871	0.01280	0.07607	0.00849	0.01507	0.01027	0.01160	0.00689	0.00795	0.00631	0.00427	0.00325	0.00107	0.00551	0.00267	0.00213	0.00626
7	0.00916	0.00458	0.00458	0.00458	0.00573	0.00458	0.00344	0.01145	0.01031	0.01832	0.01603	0.01832	0.01260	0.00573	0.00344	0.00115	0.00229	0.00458	0.85457	0.00458
8	0.00599	0.00428	0.00570	0.00684	0.00713	0.00399	0.00456	0.00684	0.00941	0.01254	0.02709	0.82409	0.03250	0.01540	0.00627	0.00200	0.00285	0.01397	0.00456	0.00399
9	0.00976	0.00816	0.00986	0.00918	0.01088	0.00963	0.00716	0.01719	0.37880	0.01574	0.01600	0.01859	0.01332	0.04224	0.34840	0.00444	0.06549	0.00539	0.00373	0.00603
10	0.00599	0.00428	0.00570	0.00684	0.00713	0.00399	0.00456	0.00684	0.00941	0.01254	0.02709	0.82409	0.03250	0.01540	0.00627	0.00200	0.00285	0.01397	0.00456	0.00399
11	0.01298	0.79162	0.06300	0.00868	0.01303	0.01906	0.00888	0.01476	0.01000	0.01175	0.00693	0.00800	0.00630	0.00423	0.00323	0.00108	0.00535	0.00268	0.00210	0.00635
12	0.00681	0.00502	0.00636	0.00603	0.00725	0.00457	0.00452	0.00898	0.01356	0.01887	0.69703	0.03809	0.14391	0.01036	0.00580	0.00156	0.00234	0.00908	0.00530	0.00457
13	0.00691	0.00496	0.00605	0.00597	0.00668	0.00483	0.00410	0.00807	0.00998	0.01353	0.25965	0.03470	0.13024	0.35033	0.10901	0.00366	0.00470	0.02884	0.00394	0.00386
14	0.01352	0.01139	0.01197	0.01073	0.01362	0.01288	0.00827	0.06231	0.73982	0.02190	0.02046	0.01931	0.01553	0.00728	0.00543	0.00184	0.00432	0.00581	0.00531	0.00830
15	0.01019	0.00873	0.01019	0.00728	0.01165	0.00655	0.00582	0.01237	0.01019	0.01601	0.00873	0.01019	0.00728	0.00364	0.00364	0.00073	0.00364	0.00291	0.00291	0.85734
16	0.01126	0.05686	0.11372	0.01414	0.04800	0.01205	0.18954	0.01387	0.00973	0.07257	0.01054	0.01362	0.02543	0.01044	0.11857	0.00260	0.26351	0.00479	0.00264	0.00611

[dist]
# distance from previous block
# <min> <max>
0	8

[block]
# block no. 10 follows, 51 sequences, length 16
# corresponding to MSA columns:
# 1340-1355
name=unknown_K
#
# <colnr> <probs for GDERKNQSTAVLIFYWHMCP>
#	G	D	E	R	K	N	Q	S	T	A	V	L	I	F	Y	W	H	M	C	P
0	0.00696	0.00502	0.00657	0.00618	0.00734	0.00464	0.00464	0.00927	0.01391	0.01971	0.79405	0.03671	0.04637	0.01005	0.00580	0.00155	0.00232	0.00889	0.00541	0.00464
1	0.00664	0.00501	0.00613	0.00585	0.00715	0.00450	0.00439	0.00867	0.01317	0.01794	0.59008	0.03961	0.25143	0.01070	0.00580	0.00158	0.00237	0.00929	0.00518	0.00450
2	0.00690	0.00502	0.00649	0.00612	0.00731	0.00461	0.00459	0.00917	0.01378	0.01939	0.75772	0.03723	0.08289	0.01016	0.00580	0.00155	0.00233	0.00896	0.00537	0.00461
3	0.00667	0.00478	0.00645	0.00737	0.00802	0.00456	0.00552	0.00814	0.01060	0.01420	0.13847	0.49235	0.03333	0.01410	0.00635	0.00201	0.00325	0.22493	0.00467	0.00424
4	0.00599	0.00499	0.00523	0.00517	0.00675	0.00423	0.00388	0.00740	0.01163	0.01429	0.16675	0.04563	0.67705	0.01207	0.00581	0.00164	0.00246	0.01014	0.00470	0.00423
5	0.82549	0.00969	0.00755	0.00667	0.00975	0.01121	0.00550	0.04761	0.00900	0.02243	0.00706	0.00815	0.00545	0.00462	0.00312	0.00152	0.00387	0.00274	0.00312	0.00545
6	0.02139	0.00942	0.01206	0.00924	0.01307	0.00879	0.00764	0.17181	0.01583	0.64968	0.01790	0.01576	0.01142	0.00605	0.00494	0.00151	0.00442	0.00484	0.00585	0.00836
7	0.01322	0.18771	0.38353	0.01246	0.01773	0.17575	0.03042	0.09605	0.01238	0.01564	0.00850	0.00977	0.00651	0.00477	0.00436	0.00139	0.00701	0.00346	0.00248	0.00685
8	0.01509	0.03694	0.01365	0.01086	0.01393	0.01413	0.00883	0.37355	0.32855	0.02420	0.01439	0.01420	0.01077	0.00644	0.00607	0.00161	0.08966	0.00481	0.00458	0.00775
9	0.00643	0.00453	0.00592	0.00686	0.00721	0.00433	0.00471	0.00731	0.00926	0.01229	0.02494	0.59037	0.02944	0.15574	0.00958	0.00251	0.00339	0.10699	0.00428	0.00388
10	0.01491	0.03121	0.01147	0.00952	0.01237	0.05449	0.00762	0.18201	0.22934	0.18791	0.01920	0.08408	0.04449	0.02155	0.00550	0.00168	0.00452	0.06615	0.00488	0.00710
11	0.86201	0.00950	0.00722	0.00646	0.00950	0.01102	0.00532	0.01445	0.00836	0.02205	0.00684	0.00798	0.00532	0.00456	0.00304	0.00152	0.00380	0.00266	0.00304	0.00532
12	0.57558	0.05464	0.03941	0.00727	0.01080	0.01076	0.00629	0.03433	0.02425	0.05204	0.00811	0.00907	0.00626	0.00454	0.00337	0.00137	0.00404	0.00293	0.00314	0.14182
13	0.01580	0.01163	0.01252	0.00989	0.01318	0.01261	0.00804	0.59645	0.01997	0.02646	0.01818	0.01816	0.14477	0.00775	0.00599	0.05642	0.00483	0.00545	0.00468	0.00723
14	0.03819	0.00966	0.01084	0.00811	0.01221	0.00852	0.00651	0.12313	0.09315	0.01880	0.01029	0.01120	0.00818	0.00431	0.00394	0.00096	0.00392	0.00340	0.00342	0.62127
15	0.59338	0.01001	0.00840	0.00721	0.01043	0.04072	0.00582	0.01550	0.09026	0.02046	0.00857	0.00948	0.00671	0.00464	0.00340	0.00139	0.00398	0.00303	0.00320	0.15340

[dist]
# distance from previous block
# <min> <max>
1	3

[block]
# block no. 11 follows, 51 sequences, length 33
# corresponding to MSA columns:
# 1362-1394
name=unknown_L
#
# <colnr> <probs for GDERKNQSTAVLIFYWHMCP>
#	G	D	E	R	K	N	Q	S	T	A	V	L	I	F	Y	W	H	M	C	P
0	0.00975	0.00985	0.01873	0.32001	0.02482	0.01055	0.30710	0.01298	0.01059	0.01421	0.06771	0.03561	0.02881	0.00787	0.06378	0.00212	0.04145	0.00568	0.00268	0.00570
1	0.01147	0.00869	0.01032	0.00744	0.01174	0.00662	0.00597	0.01363	0.01061	0.10078	0.00989	0.01090	0.00781	0.00390	0.00378	0.00081	0.00370	0.00313	0.00325	0.76555
2	0.01790	0.01337	0.01431	0.01115	0.01494	0.01487	0.00915	0.68848	0.11615	0.02970	0.01280	0.01259	0.00917	0.00599	0.00493	0.00150	0.00522	0.00456	0.00493	0.00829
3	0.07873	0.00886	0.01110	0.00873	0.01238	0.00827	0.00714	0.04208	0.10779	0.59257	0.01787	0.01586	0.01169	0.00592	0.00475	0.00150	0.00412	0.00474	0.00555	0.05033
4	0.01038	0.00970	0.01640	0.36365	0.28495	0.01060	0.06805	0.04320	0.01088	0.01468	0.01137	0.11255	0.01029	0.00601	0.00513	0.00162	0.00594	0.00566	0.00269	0.00626
5	0.00649	0.00484	0.00661	0.00704	0.00776	0.00504	0.00513	0.00777	0.00884	0.01198	0.02294	0.32477	0.11547	0.05849	0.37740	0.00480	0.00765	0.00923	0.00361	0.00415
6	0.02129	0.00958	0.01216	0.00932	0.01315	0.00903	0.00770	0.19471	0.01611	0.62639	0.01767	0.01561	0.01131	0.00604	0.00494	0.00151	0.00446	0.00483	0.00582	0.00836
7	0.00925	0.00866	0.01418	0.68180	0.02997	0.01085	0.01273	0.01225	0.00991	0.01300	0.06519	0.01458	0.00941	0.00563	0.00603	0.00168	0.08239	0.00469	0.00241	0.00539
8	0.01418	0.04870	0.01168	0.00917	0.01197	0.05006	0.00736	0.22446	0.16711	0.13324	0.21781	0.02019	0.02003	0.00808	0.03210	0.00172	0.00456	0.00576	0.00490	0.00691
9	0.01119	0.01160	0.03584	0.34714	0.28734	0.06922	0.04377	0.01403	0.01040	0.01381	0.00861	0.01214	0.00697	0.00514	0.00621	0.00161	0.10203	0.00432	0.00230	0.00634
10	0.01184	0.51283	0.33183	0.01062	0.01603	0.01628	0.01225	0.01505	0.01014	0.01314	0.00762	0.00887	0.00627	0.00439	0.00375	0.00125	0.00605	0.00302	0.00209	0.00668
11	0.00692	0.00506	0.00654	0.00647	0.00763	0.00469	0.00497	0.00904	0.01307	0.01804	0.57985	0.07941	0.11967	0.01102	0.00595	0.00167	0.00265	0.10765	0.00517	0.00454
12	0.00666	0.00497	0.00618	0.00597	0.00718	0.00450	0.00444	0.00866	0.01307	0.01792	0.59132	0.08536	0.20391	0.01087	0.00583	0.00160	0.00239	0.00950	0.00518	0.00450
13	0.00704	0.00480	0.00566	0.00571	0.00587	0.00487	0.00344	0.00731	0.00746	0.01000	0.01677	0.07053	0.04013	0.67325	0.11305	0.00490	0.00556	0.00736	0.00306	0.00322
14	0.00696	0.00502	0.00657	0.00618	0.00734	0.00464	0.00464	0.00927	0.01391	0.01971	0.79405	0.03671	0.04637	0.01005	0.00580	0.00155	0.00232	0.00889	0.00541	0.00464
15	0.00939	0.00888	0.01476	0.75757	0.03234	0.01122	0.01344	0.01250	0.00966	0.01250	0.00857	0.01293	0.00654	0.00518	0.00572	0.00167	0.06512	0.00436	0.00218	0.00545
16	0.01019	0.00873	0.01019	0.00728	0.01165	0.00655	0.00582	0.01237	0.01019	0.01601	0.00873	0.01019	0.00728	0.00364	0.00364	0.00073	0.00364	0.00291	0.00291	0.85734
17	0.01755	0.02208	0.01405	0.01269	0.01495	0.72369	0.00963	0.01880	0.01325	0.01201	0.00747	0.00906	0.00634	0.00544	0.00567	0.00136	0.09453	0.00329	0.00249	0.00566
18	0.00715	0.00476	0.00536	0.00536	0.00536	0.00476	0.00298	0.00715	0.00715	0.00953	0.01548	0.03216	0.01787	0.82729	0.02501	0.00476	0.00476	0.00715	0.00298	0.00298
19	0.00928	0.00873	0.01474	0.81548	0.03385	0.01092	0.01365	0.01256	0.00983	0.01256	0.00873	0.01310	0.00655	0.00491	0.00491	0.00164	0.00655	0.00437	0.00218	0.00546
20	0.00630	0.00450	0.00606	0.00715	0.00759	0.00426	0.00507	0.00741	0.00982	0.01307	0.04849	0.68706	0.03226	0.01497	0.00634	0.00202	0.00309	0.12587	0.00458	0.00409
21	0.73442	0.06785	0.00906	0.00710	0.01018	0.07621	0.00588	0.01488	0.00893	0.02050	0.00690	0.00805	0.00547	0.00458	0.00316	0.00147	0.00431	0.00270	0.00293	0.00542
22	0.00982	0.00686	0.00813	0.00689	0.00932	0.00612	0.00536	0.05467	0.04706	0.09853	0.28662	0.05121	0.19190	0.00856	0.00518	0.00141	0.00309	0.00727	0.00469	0.18732
23	0.00661	0.00456	0.00550	0.00600	0.00616	0.00441	0.00369	0.00701	0.00823	0.01093	0.02136	0.37841	0.04266	0.45338	0.01637	0.00348	0.00387	0.01020	0.00371	0.00345
24	0.86201	0.00950	0.00722	0.00646	0.00950	0.01102	0.00532	0.01445	0.00836	0.02205	0.00684	0.00798	0.00532	0.00456	0.00304	0.00152	0.00380	0.00266	0.00304	0.00532
25	0.00715	0.00476	0.00536	0.00536	0.00536	0.00476	0.00298	0.00715	0.00715	0.00953	0.01548	0.03216	0.01787	0.82729	0.02501	0.00476	0.00476	0.00715	0.00298	0.00298
26	0.00599	0.00428	0.00570	0.00684	0.00713	0.00399	0.00456	0.00684	0.00941	0.01254	0.02709	0.82409	0.03250	0.01540	0.00627	0.00200	0.00285	0.01397	0.00456	0.00399
27	0.02130	0.00881	0.01159	0.00897	0.01272	0.00798	0.00738	0.06956	0.05737	0.71070	0.01897	0.01652	0.01209	0.00610	0.00494	0.00153	0.00424	0.00494	0.00595	0.00833
28	0.01369	0.00661	0.00879	0.00790	0.00996	0.00611	0.00604	0.01575	0.04696	0.36794	0.09854	0.33000	0.02339	0.01014	0.00577	0.00173	0.02033	0.00883	0.00530	0.00622
29	0.01163	0.20338	0.36259	0.11231	0.11823	0.06911	0.01422	0.01537	0.01064	0.02745	0.00851	0.01037	0.00659	0.00461	0.00437	0.00142	0.00660	0.00358	0.00224	0.00680
30	0.03645	0.00874	0.02377	0.00858	0.01214	0.00743	0.05264	0.06040	0.02325	0.19137	0.06426	0.02024	0.09443	0.00635	0.00470	0.00129	0.00406	0.05155	0.00415	0.32418
31	0.00597	0.00433	0.00565	0.00670	0.00709	0.00400	0.00450	0.00686	0.00954	0.01260	0.02880	0.76528	0.09020	0.01517	0.00624	0.00197	0.00282	0.01370	0.00456	0.00400
32	0.01587	0.01241	0.01366	0.03406	0.04569	0.01391	0.00913	0.46143	0.29319	0.02618	0.01452	0.01417	0.01064	0.00608	0.00494	0.00155	0.00492	0.00482	0.00477	0.00805

[dist]
# distance from previous block
# <min> <max>
0	2

[block]
# block no. 12 follows, 51 sequences, length 55
# corresponding to MSA columns:
# 1397-1423,1430-1436,1439-1459
name=unknown_M
#
# <colnr> <probs for GDERKNQSTAVLIFYWHMCP>
#	G	D	E	R	K	N	Q	S	T	A	V	L	I	F	Y	W	H	M	C	P
0	0.01396	0.05263	0.03801	0.06492	0.10314	0.03307	0.00928	0.18305	0.22202	0.10526	0.09752	0.01706	0.02576	0.00628	0.00493	0.00153	0.00476	0.00519	0.00436	0.00728
1	0.00931	0.00848	0.01146	0.05285	0.01210	0.03777	0.00854	0.03134	0.00852	0.01222	0.01044	0.03980	0.00995	0.02123	0.37354	0.00468	0.33525	0.00500	0.00253	0.00498
2	0.00994	0.00853	0.01014	0.00789	0.03551	0.00653	0.00599	0.01206	0.01023	0.01579	0.01086	0.04236	0.03539	0.00441	0.00385	0.00083	0.00364	0.00363	0.00302	0.76940
3	0.03700	0.00965	0.02877	0.11127	0.06727	0.02135	0.00849	0.01279	0.00990	0.03053	0.00937	0.03253	0.00814	0.00519	0.00588	0.00123	0.12362	0.01808	0.00279	0.45617
4	0.01272	0.01067	0.01125	0.00989	0.01275	0.01216	0.00775	0.12642	0.64004	0.02154	0.02062	0.01913	0.05918	0.00690	0.00504	0.00164	0.00401	0.00568	0.00496	0.00765
5	0.04492	0.01363	0.01451	0.01116	0.01506	0.01511	0.00922	0.75643	0.02265	0.03069	0.01164	0.01168	0.00826	0.00586	0.00486	0.00148	0.00536	0.00437	0.00486	0.00826
6	0.86201	0.00950	0.00722	0.00646	0.00950	0.01102	0.00532	0.01445	0.00836	0.02205	0.00684	0.00798	0.00532	0.00456	0.00304	0.00152	0.00380	0.00266	0.00304	0.00532
7	0.01836	0.02342	0.01393	0.01266	0.01519	0.80756	0.00950	0.01962	0.01393	0.01203	0.00760	0.00886	0.00633	0.00506	0.00443	0.00127	0.00886	0.00317	0.00253	0.00570
8	0.00702	0.00527	0.00790	0.00790	0.00878	0.00614	0.00614	0.00878	0.00790	0.01141	0.01316	0.01931	0.01229	0.03686	0.80782	0.00790	0.01316	0.00527	0.00263	0.00439
9	0.58032	0.00912	0.00863	0.00723	0.01052	0.00975	0.00596	0.01763	0.01028	0.28295	0.01105	0.01092	0.00762	0.00507	0.00368	0.00152	0.00393	0.00343	0.00406	0.00634
10	0.00599	0.00428	0.00570	0.00684	0.00713	0.00399	0.00456	0.00684	0.00941	0.01254	0.02709	0.82409	0.03250	0.01540	0.00627	0.00200	0.00285	0.01397	0.00456	0.00399
11	0.01798	0.01294	0.01419	0.01107	0.01471	0.01437	0.00911	0.62133	0.09132	0.08536	0.01286	0.01271	0.00915	0.00611	0.00544	0.00153	0.04222	0.00456	0.00488	0.00817
12	0.01314	0.83025	0.02575	0.00841	0.01261	0.01945	0.00841	0.01472	0.00999	0.01156	0.00683	0.00788	0.00631	0.00420	0.00315	0.00105	0.00526	0.00263	0.00210	0.00631
13	0.00595	0.00483	0.00527	0.00548	0.00680	0.00416	0.00399	0.00720	0.01105	0.01368	0.10989	0.21232	0.56652	0.01287	0.00591	0.00172	0.00255	0.01101	0.00464	0.00416
14	0.00630	0.00508	0.00591	0.00648	0.03032	0.00450	0.00458	0.00765	0.01099	0.01377	0.10390	0.20238	0.48727	0.02888	0.00632	0.00181	0.00283	0.06222	0.00454	0.00427
15	0.01563	0.00954	0.04379	0.04629	0.01352	0.05251	0.04928	0.04448	0.04311	0.38066	0.13378	0.07315	0.03355	0.00739	0.00524	0.00159	0.00454	0.03009	0.00499	0.00687
16	0.01981	0.00810	0.01084	0.00849	0.01193	0.00717	0.00695	0.03857	0.03067	0.66570	0.11954	0.01924	0.01657	0.00660	0.00505	0.00153	0.00396	0.00545	0.00595	0.00787
17	0.00599	0.00428	0.00570	0.00684	0.00713	0.00399	0.00456	0.00684	0.00941	0.01254	0.02709	0.82409	0.03250	0.01540	0.00627	0.00200	0.00285	0.01397	0.00456	0.00399
18	0.01189	0.01507	0.14701	0.06985	0.31781	0.08824	0.22399	0.01540	0.01130	0.01520	0.00967	0.03412	0.00791	0.00476	0.00509	0.00154	0.00699	0.00479	0.00244	0.00694
19	0.00854	0.00427	0.00640	0.00640	0.00640	0.00427	0.00427	0.00640	0.00640	0.00854	0.00854	0.01494	0.00854	0.01707	0.01921	0.85702	0.00427	0.00427	0.00213	0.00213
20	0.00682	0.00526	0.00625	0.00596	0.00736	0.00482	0.00448	0.00931	0.04841	0.01763	0.51353	0.03935	0.29137	0.01068	0.00576	0.00159	0.00245	0.00922	0.00511	0.00462
21	0.01198	0.01303	0.02467	0.06845	0.16415	0.04879	0.49692	0.03203	0.01153	0.01553	0.00947	0.01266	0.00737	0.00458	0.00612	0.00163	0.05670	0.00522	0.00249	0.00669
22	0.00649	0.00493	0.00685	0.02957	0.00859	0.00474	0.02775	0.01949	0.00976	0.01292	0.02686	0.65696	0.09065	0.01561	0.05177	0.00228	0.00371	0.01253	0.00433	0.00421
23	0.01836	0.02342	0.01393	0.01266	0.01519	0.80756	0.00950	0.01962	0.01393	0.01203	0.00760	0.00886	0.00633	0.00506	0.00443	0.00127	0.00886	0.00317	0.00253	0.00570
24	0.00655	0.00513	0.00527	0.00515	0.00691	0.00429	0.00389	0.00782	0.01133	0.04913	0.04840	0.04590	0.75899	0.01216	0.00577	0.00165	0.00257	0.01012	0.00463	0.00434
25	0.01109	0.05324	0.32322	0.06255	0.11712	0.02596	0.09033	0.01493	0.01132	0.07217	0.12311	0.01518	0.01283	0.00554	0.00520	0.00153	0.02658	0.00479	0.00296	0.02033
26	0.01305	0.01399	0.01422	0.01243	0.01331	0.24080	0.01003	0.01424	0.00957	0.03511	0.00754	0.01087	0.00691	0.00910	0.05688	0.00220	0.51779	0.00405	0.00240	0.00550
27	0.00715	0.00476	0.00536	0.00536	0.00536	0.00476	0.00298	0.00715	0.00715	0.00953	0.01548	0.03216	0.01787	0.82729	0.02501	0.00476	0.00476	0.00715	0.00298	0.00298
28	0.86201	0.00950	0.00722	0.00646	0.00950	0.01102	0.00532	0.01445	0.00836	0.02205	0.00684	0.00798	0.00532	0.00456	0.00304	0.00152	0.00380	0.00266	0.00304	0.00532
29	0.86201	0.00950	0.00722	0.00646	0.00950	0.01102	0.00532	0.01445	0.00836	0.02205	0.00684	0.00798	0.00532	0.00456	0.00304	0.00152	0.00380	0.00266	0.00304	0.00532
30	0.01451	0.59244	0.02247	0.01010	0.03496	0.20471	0.00888	0.03949	0.01135	0.01239	0.00723	0.00835	0.00642	0.00446	0.00356	0.00113	0.00613	0.00286	0.00230	0.00627
31	0.01155	0.01076	0.03311	0.06680	0.30823	0.03073	0.01030	0.03441	0.01107	0.03165	0.00919	0.01125	0.00750	0.00417	0.00428	0.00113	0.00493	0.00366	0.00277	0.40252
32	0.01397	0.11171	0.10917	0.01887	0.29145	0.12029	0.07777	0.15304	0.02661	0.01765	0.00939	0.01114	0.00743	0.00477	0.00467	0.00142	0.00644	0.00407	0.00286	0.00727
33	0.01710	0.01205	0.01437	0.01165	0.03439	0.01304	0.04406	0.52538	0.01925	0.11988	0.01374	0.05484	0.01081	0.00676	0.00563	0.00158	0.04241	0.04062	0.00472	0.00773
34	0.00690	0.00502	0.00650	0.00613	0.00731	0.00461	0.00460	0.00917	0.01379	0.01941	0.76001	0.03719	0.08059	0.01016	0.00580	0.00155	0.00233	0.00896	0.00537	0.00461
35	0.01189	0.01027	0.01080	0.00974	0.01246	0.01181	0.00757	0.02514	0.74791	0.02018	0.02153	0.01982	0.05501	0.00696	0.00504	0.00167	0.00382	0.00580	0.00498	0.00759
36	0.00614	0.00448	0.00579	0.00655	0.00712	0.00412	0.00450	0.00730	0.01038	0.01390	0.16650	0.61030	0.10646	0.01416	0.00614	0.00188	0.00272	0.01272	0.00471	0.00412
37	0.00714	0.00444	0.00591	0.00632	0.00651	0.00430	0.00412	0.00695	0.00826	0.01110	0.07477	0.32791	0.02251	0.19773	0.01461	0.27807	0.00370	0.00894	0.00349	0.00321
38	0.82373	0.00945	0.00741	0.00657	0.00964	0.01085	0.00541	0.01488	0.00862	0.05750	0.00741	0.00838	0.00563	0.00463	0.00313	0.00152	0.00382	0.00276	0.00318	0.00546
39	0.01054	0.01044	0.01465	0.01262	0.01267	0.01455	0.01049	0.01165	0.00755	0.01180	0.00683	0.01124	0.00678	0.01021	0.06113	0.00248	0.77253	0.00436	0.00218	0.00532
40	0.00947	0.00897	0.01529	0.76133	0.06973	0.01099	0.03011	0.01274	0.00993	0.01279	0.00878	0.01306	0.00663	0.00487	0.00493	0.00163	0.00655	0.00440	0.00220	0.00559
41	0.05999	0.00849	0.01120	0.00868	0.01241	0.00757	0.00716	0.02359	0.04047	0.73772	0.01884	0.01638	0.01195	0.00603	0.00486	0.00153	0.00415	0.00486	0.00591	0.00820
42	0.86201	0.00950	0.00722	0.00646	0.00950	0.01102	0.00532	0.01445	0.00836	0.02205	0.00684	0.00798	0.00532	0.00456	0.00304	0.00152	0.00380	0.00266	0.00304	0.00532
43	0.37657	0.00899	0.00973	0.00785	0.01133	0.00904	0.00648	0.04013	0.01190	0.45106	0.01389	0.01290	0.00917	0.00544	0.00414	0.00152	0.00405	0.00397	0.00477	0.00708
