[name]
unknown

[dist]
# distance from previous block
# <min> <max>
9	397

[block]
# block no. 0 follows, 55 sequences, length 59
# corresponding to MSA columns:
# 399-429,431-458
name=unknown_A
#
# <colnr> <probs for GDERKNQSTAVLIFYWHMCP>
#	G	D	E	R	K	N	Q	S	T	A	V	L	I	F	Y	W	H	M	C	P
0	0.02914	0.06916	0.11864	0.04829	0.10488	0.05963	0.11265	0.09791	0.07608	0.10117	0.02404	0.03567	0.02396	0.00520	0.00453	0.00138	0.00540	0.00451	0.01878	0.05899
1	0.17092	0.04874	0.25900	0.02332	0.05537	0.01075	0.06527	0.10070	0.06391	0.03217	0.04362	0.02283	0.02168	0.00502	0.00424	0.00141	0.00518	0.00404	0.00298	0.05885
2	0.04866	0.04786	0.16040	0.01090	0.01457	0.06058	0.06451	0.21767	0.19241	0.01950	0.05765	0.01399	0.02157	0.01688	0.00517	0.00151	0.03131	0.00452	0.00361	0.00671
3	0.84796	0.00902	0.00693	0.00620	0.00907	0.01046	0.00510	0.01395	0.02766	0.02084	0.00679	0.00780	0.00527	0.00437	0.00293	0.00144	0.00360	0.00259	0.00293	0.00510
4	0.00640	0.00468	0.00600	0.00581	0.00687	0.00429	0.00431	0.00836	0.01252	0.01744	0.66060	0.11487	0.11005	0.01021	0.00553	0.00152	0.00226	0.00902	0.00497	0.00429
5	0.01667	0.09406	0.01495	0.01097	0.03921	0.03386	0.00886	0.63527	0.05776	0.02616	0.01091	0.01105	0.00796	0.00540	0.00448	0.00136	0.00513	0.00404	0.00427	0.00762
6	0.00680	0.00451	0.00520	0.00520	0.00524	0.00455	0.00298	0.00681	0.00677	0.00906	0.01436	0.02942	0.01641	0.77731	0.05639	0.03190	0.00482	0.00661	0.00278	0.00285
7	0.01554	0.01240	0.19180	0.01029	0.01440	0.02029	0.05967	0.11951	0.02676	0.37338	0.06997	0.04023	0.01234	0.00585	0.00476	0.00146	0.00491	0.00490	0.00439	0.00716
8	0.62602	0.14540	0.01081	0.00796	0.05141	0.03030	0.00628	0.03704	0.00883	0.01884	0.00674	0.00792	0.00544	0.00436	0.00327	0.00137	0.01720	0.00268	0.00273	0.00541
9	0.01064	0.01040	0.01862	0.10731	0.52880	0.01047	0.14133	0.01346	0.01038	0.01452	0.01028	0.08317	0.00923	0.00507	0.00487	0.00147	0.00573	0.00515	0.00246	0.00665
10	0.08555	0.01183	0.01429	0.01092	0.01459	0.02831	0.10088	0.48131	0.01772	0.15104	0.02969	0.01227	0.00893	0.00539	0.00462	0.00142	0.00513	0.00436	0.00438	0.00736
11	0.00724	0.00549	0.00805	0.00934	0.08497	0.00526	0.03809	0.03295	0.00974	0.03211	0.02307	0.64230	0.04026	0.01254	0.00572	0.00180	0.00332	0.02918	0.00409	0.00447
12	0.01187	0.01142	0.01705	0.02424	0.62728	0.06305	0.01270	0.04753	0.05968	0.01601	0.05598	0.01302	0.00986	0.00469	0.00464	0.00139	0.00539	0.00439	0.00272	0.00709
13	0.00645	0.00405	0.00561	0.00634	0.00652	0.00386	0.00423	0.00634	0.00798	0.01065	0.01995	0.56776	0.02341	0.01509	0.00991	0.28168	0.00313	0.01025	0.00357	0.00321
14	0.06098	0.46518	0.08002	0.00952	0.01320	0.24413	0.00883	0.04750	0.01097	0.01267	0.00701	0.00806	0.00600	0.00433	0.00350	0.00113	0.00602	0.00278	0.00226	0.00590
15	0.01361	0.01266	0.04498	0.01051	0.02615	0.09948	0.00842	0.21173	0.47788	0.02074	0.01516	0.01446	0.01131	0.00586	0.00464	0.00148	0.00471	0.00466	0.00431	0.00726
16	0.03416	0.01636	0.41961	0.01197	0.05325	0.00921	0.03572	0.01738	0.01121	0.30233	0.03551	0.01283	0.00913	0.00502	0.00455	0.00146	0.00557	0.00410	0.00348	0.00714
17	0.03199	0.22504	0.19393	0.01281	0.09309	0.14713	0.07082	0.03310	0.02939	0.10741	0.00924	0.01022	0.00704	0.00453	0.00413	0.00130	0.00606	0.00354	0.00269	0.00652
18	0.03885	0.73520	0.06707	0.00854	0.01263	0.03163	0.02655	0.01407	0.00953	0.01156	0.00665	0.00773	0.00596	0.00403	0.00314	0.00105	0.00516	0.00262	0.00203	0.00599
19	0.01727	0.00710	0.00958	0.00762	0.01058	0.00621	0.00618	0.01917	0.01319	0.60797	0.19912	0.02022	0.01897	0.00661	0.00483	0.00144	0.00351	0.00553	0.02790	0.00701
20	0.01093	0.04518	0.08944	0.03022	0.37636	0.01010	0.14067	0.02602	0.01074	0.06016	0.02541	0.09257	0.04985	0.00571	0.00486	0.00147	0.00544	0.00549	0.00284	0.00653
21	0.02482	0.22957	0.32797	0.04404	0.01643	0.01182	0.06396	0.02518	0.01004	0.01420	0.04006	0.01046	0.00772	0.00434	0.00398	0.00122	0.00557	0.00344	0.00232	0.15286
22	0.00622	0.00465	0.00578	0.00570	0.00678	0.00421	0.00420	0.00801	0.01203	0.01641	0.53466	0.14856	0.20426	0.01070	0.00555	0.00155	0.00230	0.00939	0.00484	0.00421
23	0.00736	0.00519	0.00624	0.00586	0.00727	0.00481	0.00443	0.02146	0.04420	0.05297	0.48111	0.05867	0.23543	0.00975	0.00535	0.00149	0.00244	0.00842	0.03296	0.00458
24	0.01157	0.29327	0.29005	0.02906	0.15750	0.03455	0.03254	0.04669	0.01046	0.02826	0.00804	0.00958	0.00641	0.00436	0.00420	0.00130	0.01994	0.00336	0.00224	0.00661
25	0.01927	0.02353	0.07989	0.00949	0.03357	0.00759	0.02611	0.02145	0.01283	0.69024	0.01684	0.01499	0.01073	0.00553	0.00464	0.00144	0.00436	0.00454	0.00520	0.00774
26	0.00560	0.00463	0.00492	0.00514	0.00648	0.00395	0.00381	0.00675	0.01033	0.01250	0.04282	0.17362	0.65125	0.01228	0.00560	0.00164	0.00248	0.03796	0.00432	0.00392
27	0.01271	0.12867	0.21725	0.08328	0.12054	0.24074	0.02674	0.01546	0.01088	0.04993	0.00870	0.02348	0.00701	0.00558	0.02854	0.00151	0.00680	0.00364	0.00238	0.00616
28	0.02786	0.04079	0.10080	0.01563	0.22979	0.06641	0.06910	0.04264	0.12278	0.20311	0.01260	0.01357	0.00932	0.00509	0.00461	0.00144	0.00533	0.01849	0.00354	0.00710
29	0.00907	0.00564	0.00759	0.02161	0.00849	0.00565	0.09975	0.01192	0.04219	0.01703	0.01450	0.01667	0.01132	0.00526	0.00361	0.00117	0.00300	0.00451	0.70630	0.00471
30	0.02982	0.01068	0.05530	0.03153	0.28849	0.00987	0.03122	0.05288	0.16466	0.04673	0.01165	0.01276	0.02132	0.00467	0.00435	0.00128	0.00465	0.00411	0.00315	0.21087
31	0.02556	0.12122	0.02793	0.02707	0.09271	0.23907	0.01824	0.06097	0.04661	0.01464	0.08683	0.01439	0.04395	0.00624	0.01805	0.00143	0.06846	0.00430	0.07668	0.00564
32	0.00601	0.00430	0.00575	0.00660	0.00709	0.00404	0.00467	0.00719	0.00979	0.01320	0.15259	0.62065	0.03249	0.01357	0.00592	0.00185	0.00278	0.09314	0.00445	0.00393
33	0.02231	0.05951	0.28614	0.03968	0.03779	0.04903	0.16627	0.04674	0.02333	0.01439	0.02179	0.01095	0.00709	0.00531	0.00697	0.00158	0.18854	0.00409	0.00232	0.00619
34	0.00680	0.00492	0.00679	0.00675	0.00732	0.00553	0.00491	0.00795	0.00731	0.01043	0.01309	0.02183	0.01315	0.27893	0.54018	0.00631	0.02451	0.00550	0.02404	0.00377
35	0.00572	0.00407	0.00538	0.00641	0.00667	0.00381	0.00425	0.00649	0.00881	0.01175	0.02514	0.79678	0.03014	0.05212	0.00675	0.00201	0.00278	0.01293	0.00425	0.00373
36	0.01488	0.23595	0.01664	0.01284	0.11805	0.42056	0.00925	0.01735	0.07629	0.02528	0.00835	0.00941	0.00693	0.00463	0.00398	0.00120	0.00665	0.00323	0.00252	0.00601
37	0.00572	0.00408	0.00545	0.00653	0.00682	0.00382	0.00440	0.00656	0.00895	0.01193	0.02561	0.81331	0.03067	0.01453	0.00595	0.00190	0.00274	0.03292	0.00432	0.00379
38	0.04561	0.08724	0.57292	0.01210	0.01787	0.04481	0.02673	0.01595	0.08735	0.03357	0.00936	0.01040	0.00683	0.00460	0.00429	0.00143	0.00628	0.00355	0.00239	0.00673
39	0.86937	0.00900	0.00684	0.00612	0.00900	0.01044	0.00504	0.01368	0.00792	0.02087	0.00648	0.00756	0.00504	0.00432	0.00288	0.00144	0.00360	0.00252	0.00288	0.00504
40	0.01738	0.02217	0.01318	0.01199	0.01438	0.81783	0.00899	0.01858	0.01318	0.01139	0.00719	0.00839	0.00599	0.00479	0.00419	0.00120	0.00839	0.00300	0.00240	0.00539
41	0.01175	0.01008	0.01062	0.00950	0.01217	0.01166	0.00741	0.04761	0.77589	0.01975	0.01870	0.01717	0.01401	0.00629	0.00473	0.00157	0.00372	0.00523	0.00473	0.00738
42	0.00571	0.00408	0.00544	0.00645	0.00676	0.00381	0.00432	0.00659	0.00912	0.01221	0.06459	0.79355	0.03143	0.01432	0.00592	0.00187	0.00267	0.01298	0.00436	0.00381
43	0.86937	0.00900	0.00684	0.00612	0.00900	0.01044	0.00504	0.01368	0.00792	0.02087	0.00648	0.00756	0.00504	0.00432	0.00288	0.00144	0.00360	0.00252	0.00288	0.00504
44	0.00765	0.00591	0.00710	0.00619	0.00812	0.00528	0.00474	0.01053	0.06958	0.01737	0.47065	0.02785	0.09389	0.00791	0.00487	0.00129	0.00260	0.00684	0.04346	0.19818
45	0.01088	0.33567	0.31264	0.00979	0.01454	0.01270	0.01083	0.02650	0.02260	0.04185	0.00947	0.07049	0.00824	0.00500	0.00390	0.00124	0.00530	0.00382	0.00245	0.09210
46	0.07420	0.00799	0.01055	0.00814	0.01169	0.00706	0.00672	0.02211	0.01298	0.76107	0.01761	0.01531	0.01111	0.00567	0.00457	0.00144	0.00394	0.00454	0.00558	0.00774
47	0.02060	0.00835	0.01106	0.00848	0.01209	0.00748	0.00701	0.08796	0.01404	0.74439	0.01774	0.01544	0.01121	0.00574	0.00468	0.00144	0.00406	0.00464	0.00566	0.00792
48	0.01206	0.01244	0.13737	0.07667	0.44039	0.01063	0.05264	0.02739	0.01075	0.10930	0.00996	0.01237	0.00775	0.00473	0.00516	0.00146	0.04460	0.01460	0.00270	0.00701
49	0.20158	0.00832	0.02841	0.02741	0.01155	0.00774	0.00672	0.01891	0.01173	0.52410	0.05753	0.03435	0.01195	0.00585	0.00459	0.00147	0.02156	0.00456	0.00481	0.00686
50	0.00565	0.00470	0.00493	0.00490	0.00638	0.00399	0.00367	0.00696	0.01091	0.01338	0.14929	0.06030	0.68587	0.01153	0.00551	0.00156	0.00234	0.00970	0.00443	0.00399
51	0.27201	0.00902	0.01011	0.00801	0.01141	0.00907	0.00661	0.13779	0.01302	0.45684	0.01373	0.01267	0.00904	0.00530	0.00414	0.00143	0.00403	0.00396	0.00474	0.00706
52	0.01094	0.01410	0.21363	0.04864	0.50344	0.01083	0.07237	0.01442	0.01049	0.02941	0.02250	0.01168	0.00765	0.00433	0.00464	0.00143	0.00597	0.00415	0.00233	0.00706
53	0.08825	0.00814	0.01042	0.00812	0.01157	0.00743	0.00669	0.05200	0.02833	0.67447	0.03005	0.01582	0.02536	0.00581	0.00456	0.00144	0.00391	0.00465	0.00543	0.00755
54	0.00566	0.00409	0.00536	0.00637	0.00672	0.00379	0.00427	0.00649	0.00901	0.01192	0.02694	0.78565	0.07774	0.01441	0.00591	0.00187	0.00268	0.01302	0.00432	0.00379
55	0.02500	0.02015	0.57192	0.01626	0.17378	0.01091	0.05141	0.03438	0.01036	0.03066	0.00871	0.01039	0.00638	0.00440	0.00449	0.00146	0.00650	0.00370	0.00221	0.00696
56	0.01232	0.01287	0.12904	0.06621	0.42821	0.01153	0.01299	0.14133	0.04990	0.04384	0.00977	0.01164	0.00760	0.00476	0.00501	0.00144	0.03738	0.00412	0.00285	0.00719
57	0.01131	0.01185	0.01482	0.01468	0.13376	0.11681	0.01065	0.01261	0.00843	0.01183	0.00665	0.01015	0.00628	0.00710	0.01222	0.00183	0.59747	0.00394	0.00212	0.00548
58	0.28330	0.00899	0.00966	0.00802	0.04477	0.00846	0.01591	0.07555	0.01021	0.01818	0.02239	0.00968	0.00708	0.00404	0.00348	0.00104	0.00375	0.00299	0.00297	0.45954

[dist]
# distance from previous block
# <min> <max>
0	1

[block]
# block no. 1 follows, 55 sequences, length 68
# corresponding to MSA columns:
# 460-503,508-531
name=unknown_B
#
# <colnr> <probs for GDERKNQSTAVLIFYWHMCP>
#	G	D	E	R	K	N	Q	S	T	A	V	L	I	F	Y	W	H	M	C	P
0	0.00959	0.01918	0.56550	0.01197	0.02720	0.02050	0.01393	0.04968	0.01019	0.02456	0.01049	0.09804	0.00904	0.02546	0.00544	0.00156	0.03950	0.00460	0.00246	0.05111
1	0.00616	0.00427	0.00533	0.00598	0.00617	0.00412	0.00382	0.00669	0.00811	0.01080	0.02122	0.48795	0.02510	0.34340	0.01305	0.00295	0.00347	0.03429	0.00372	0.00341
2	0.01109	0.01068	0.01833	0.11207	0.66101	0.01101	0.04070	0.01385	0.01031	0.01464	0.00870	0.01171	0.00727	0.00481	0.01824	0.00153	0.03057	0.00420	0.00227	0.00698
3	0.00928	0.00915	0.03868	0.45352	0.20372	0.00987	0.03795	0.01264	0.04489	0.01341	0.03941	0.02808	0.04919	0.00598	0.02376	0.00165	0.00577	0.00482	0.00251	0.00572
4	0.02024	0.00778	0.01059	0.00817	0.01166	0.00673	0.00673	0.02206	0.01331	0.77553	0.05329	0.01667	0.01295	0.00592	0.00471	0.00144	0.00388	0.00484	0.00573	0.00776
5	0.00621	0.00483	0.00702	0.12659	0.01075	0.00488	0.01926	0.00742	0.00904	0.01194	0.02325	0.68282	0.04257	0.01288	0.00573	0.00183	0.00329	0.01169	0.00395	0.00403
6	0.00789	0.00411	0.00591	0.00591	0.00591	0.00411	0.00386	0.00617	0.00617	0.00822	0.00906	0.01656	0.00939	0.13788	0.01900	0.73702	0.00411	0.00444	0.00214	0.00214
7	0.01212	0.01101	0.01764	0.02455	0.63096	0.01125	0.02651	0.12784	0.01207	0.01700	0.00933	0.01188	0.00769	0.00615	0.05220	0.00174	0.00591	0.00422	0.00266	0.00724
8	0.01311	0.72786	0.02285	0.00851	0.01227	0.12744	0.00810	0.01456	0.00996	0.01101	0.00657	0.00759	0.00597	0.00409	0.00315	0.00102	0.00544	0.00256	0.00205	0.00589
9	0.00755	0.00541	0.00738	0.00830	0.00933	0.00541	0.00702	0.03616	0.01080	0.01412	0.02433	0.17927	0.02678	0.01288	0.00628	0.00207	0.00405	0.62423	0.00430	0.00433
10	0.00677	0.00451	0.00507	0.00507	0.00507	0.00451	0.00282	0.00677	0.00677	0.00902	0.01466	0.03044	0.01691	0.83650	0.02368	0.00451	0.00451	0.00677	0.00282	0.00282
11	0.01193	0.01017	0.01072	0.00954	0.01223	0.01174	0.00745	0.06959	0.75363	0.02004	0.01848	0.01700	0.01383	0.00627	0.00473	0.00157	0.00377	0.00520	0.00473	0.00740
12	0.74650	0.00913	0.00786	0.08282	0.01142	0.01063	0.00596	0.05238	0.00874	0.02046	0.00688	0.00819	0.00529	0.00441	0.00313	0.00145	0.00392	0.00275	0.00289	0.00519
13	0.00879	0.00827	0.01395	0.82532	0.03204	0.01034	0.01292	0.01189	0.00930	0.01189	0.00827	0.01240	0.00620	0.00465	0.00465	0.00155	0.00620	0.00413	0.00207	0.00517
14	0.00714	0.00519	0.00713	0.00826	0.03037	0.00511	0.00638	0.02865	0.01044	0.01381	0.06102	0.34102	0.02806	0.01291	0.00610	0.00198	0.00365	0.41420	0.00429	0.00428
15	0.01166	0.01143	0.01836	0.02737	0.75720	0.04675	0.01384	0.01433	0.01071	0.01498	0.00940	0.01200	0.02232	0.00432	0.00460	0.00138	0.00559	0.00420	0.00234	0.00722
16	0.01279	0.08435	0.06404	0.00951	0.01265	0.03347	0.00806	0.08178	0.51296	0.08160	0.01608	0.01515	0.01195	0.00582	0.00449	0.00147	0.00422	0.00468	0.02778	0.00716
17	0.00933	0.02406	0.81240	0.01326	0.02014	0.01080	0.01719	0.01473	0.00982	0.01473	0.00835	0.00982	0.00589	0.00442	0.00442	0.00147	0.00688	0.00344	0.00196	0.00688
18	0.00585	0.00502	0.00505	0.00499	0.00662	0.00437	0.00376	0.00773	0.05671	0.01297	0.04548	0.04317	0.75932	0.01146	0.00545	0.00157	0.00243	0.00955	0.00434	0.00413
19	0.00965	0.00827	0.00965	0.00689	0.01102	0.00620	0.00551	0.01171	0.00965	0.01516	0.00827	0.00965	0.00689	0.00345	0.00345	0.00069	0.00345	0.00276	0.00276	0.86494
20	0.00966	0.01014	0.08919	0.04948	0.27586	0.00861	0.04818	0.04678	0.03200	0.01530	0.05884	0.11590	0.08042	0.00643	0.00475	0.00139	0.00462	0.00580	0.00308	0.13356
21	0.02038	0.00825	0.01092	0.00839	0.01195	0.00739	0.00693	0.08357	0.01392	0.73280	0.01772	0.01549	0.01124	0.00574	0.00465	0.00143	0.00402	0.00463	0.02275	0.00785
22	0.00566	0.00406	0.00538	0.00644	0.00674	0.00378	0.00430	0.00648	0.00895	0.01189	0.02615	0.81472	0.04919	0.01451	0.00593	0.00188	0.00269	0.01314	0.00432	0.00378
23	0.01127	0.01610	0.32976	0.04323	0.22353	0.01098	0.11014	0.10370	0.01168	0.04160	0.01052	0.01282	0.02655	0.00484	0.00471	0.00147	0.00616	0.02140	0.00264	0.00690
24	0.01160	0.04550	0.01002	0.00819	0.00964	0.00816	0.00644	0.02630	0.02343	0.22316	0.01363	0.05199	0.01210	0.17138	0.20148	0.00355	0.15942	0.00529	0.00347	0.00526
25	0.00584	0.00417	0.00557	0.00663	0.00696	0.00392	0.00456	0.00675	0.00902	0.01200	0.02537	0.75465	0.03020	0.02876	0.00629	0.00196	0.00286	0.07643	0.00429	0.00380
26	0.81202	0.00927	0.00732	0.00643	0.00936	0.01071	0.00529	0.06608	0.00886	0.02144	0.00679	0.00780	0.00523	0.00440	0.00300	0.00144	0.00370	0.00263	0.00300	0.00523
27	0.02844	0.13891	0.04207	0.09036	0.09022	0.17599	0.05313	0.12193	0.09771	0.08923	0.01089	0.01175	0.01930	0.00499	0.00434	0.00135	0.00579	0.00394	0.00318	0.00650
28	0.69711	0.00903	0.00780	0.00668	0.00971	0.01008	0.00550	0.05356	0.00944	0.14241	0.00853	0.00901	0.00617	0.00460	0.00324	0.00144	0.00373	0.00293	0.00341	0.00562
29	0.00614	0.00443	0.00591	0.00689	0.00745	0.00420	0.00507	0.00734	0.00956	0.01259	0.04536	0.57321	0.07413	0.01386	0.00602	0.00192	0.00307	0.20459	0.00433	0.00393
30	0.00793	0.01753	0.00648	0.01782	0.00786	0.03420	0.00482	0.04849	0.02747	0.01559	0.13867	0.04660	0.29953	0.00928	0.00494	0.00149	0.00300	0.10055	0.20326	0.00450
31	0.02938	0.03747	0.06672	0.02761	0.02368	0.02120	0.00721	0.01603	0.19898	0.17666	0.11531	0.12003	0.08476	0.00791	0.00519	0.00156	0.02361	0.02630	0.00436	0.00604
32	0.02070	0.00819	0.01097	0.00841	0.01201	0.00725	0.00695	0.06428	0.01378	0.76845	0.01797	0.01558	0.01132	0.00575	0.00468	0.00144	0.00402	0.00465	0.00570	0.00792
33	0.61950	0.01063	0.00982	0.00979	0.09579	0.08404	0.04052	0.04008	0.00937	0.01939	0.02092	0.00886	0.00623	0.00446	0.00340	0.00142	0.00445	0.00302	0.00285	0.00546
34	0.01871	0.00854	0.01084	0.00860	0.01198	0.00812	0.00701	0.06288	0.16642	0.60560	0.02877	0.01614	0.01229	0.00591	0.00470	0.00146	0.00394	0.00482	0.00549	0.00776
35	0.01035	0.01036	0.01876	0.33815	0.13254	0.02559	0.26642	0.01342	0.01000	0.02724	0.00885	0.01225	0.00686	0.00467	0.00575	0.00155	0.07409	0.00457	0.02271	0.00586
36	0.00567	0.00405	0.00540	0.00648	0.00675	0.00378	0.00432	0.00648	0.00891	0.01188	0.02564	0.83347	0.03077	0.01457	0.00594	0.00189	0.00270	0.01323	0.00432	0.00378
37	0.01076	0.00905	0.03122	0.02172	0.01133	0.00963	0.00699	0.09443	0.44140	0.03278	0.20210	0.02151	0.02040	0.03320	0.01864	0.00172	0.00378	0.01827	0.00461	0.00644
38	0.00796	0.01495	0.43275	0.00974	0.01389	0.00774	0.01112	0.01176	0.01113	0.01607	0.32222	0.05024	0.05715	0.00710	0.00494	0.00149	0.00470	0.00601	0.00339	0.00566
39	0.00570	0.00409	0.00536	0.00635	0.00667	0.00381	0.00423	0.00650	0.00891	0.01181	0.02622	0.77069	0.06470	0.04286	0.00653	0.00197	0.00275	0.01285	0.00427	0.00375
40	0.01230	0.80355	0.05893	0.00819	0.01230	0.01807	0.00836	0.01397	0.00947	0.01111	0.00655	0.00757	0.00597	0.00400	0.00305	0.00102	0.00506	0.00253	0.00199	0.00601
41	0.00599	0.00410	0.00532	0.00630	0.00666	0.00386	0.00426	0.00695	0.00902	0.01244	0.02460	0.74181	0.02886	0.01365	0.00568	0.00181	0.00267	0.02346	0.08873	0.00384
42	0.01768	0.01303	0.01396	0.01070	0.01443	0.01443	0.00884	0.79197	0.02187	0.02932	0.01117	0.01117	0.00791	0.00558	0.00465	0.00140	0.00512	0.00419	0.00465	0.00791
43	0.01244	0.83930	0.02438	0.00796	0.01194	0.01841	0.00796	0.01393	0.00945	0.01095	0.00647	0.00746	0.00597	0.00398	0.00299	0.00100	0.00498	0.00249	0.00199	0.00597
44	0.01738	0.02217	0.01318	0.01199	0.01438	0.81783	0.00899	0.01858	0.01318	0.01139	0.00719	0.00839	0.00599	0.00479	0.00419	0.00120	0.00839	0.00300	0.00240	0.00539
45	0.02087	0.00792	0.01080	0.00828	0.01188	0.00684	0.00684	0.02267	0.01332	0.81071	0.01835	0.01583	0.01152	0.00576	0.00468	0.00144	0.00396	0.00468	0.00576	0.00792
46	0.00660	0.00456	0.00543	0.00577	0.00601	0.00448	0.00359	0.02778	0.00810	0.01077	0.01965	0.34473	0.04122	0.47229	0.01578	0.00333	0.00377	0.00930	0.00349	0.00336
47	0.86937	0.00900	0.00684	0.00612	0.00900	0.01044	0.00504	0.01368	0.00792	0.02087	0.00648	0.00756	0.00504	0.00432	0.00288	0.00144	0.00360	0.00252	0.00288	0.00504
48	0.00995	0.00852	0.01017	0.00796	0.04649	0.00664	0.00599	0.03317	0.01002	0.01555	0.00837	0.00977	0.00694	0.00353	0.00353	0.00074	0.00358	0.00286	0.00279	0.80343
49	0.00890	0.00962	0.00731	0.00692	0.00866	0.22655	0.00522	0.01011	0.01132	0.01243	0.06233	0.03364	0.54052	0.00970	0.00538	0.00148	0.02402	0.00777	0.00377	0.00437
50	0.86937	0.00900	0.00684	0.00612	0.00900	0.01044	0.00504	0.01368	0.00792	0.02087	0.00648	0.00756	0.00504	0.00432	0.00288	0.00144	0.00360	0.00252	0.00288	0.00504
51	0.00699	0.00499	0.00645	0.00651	0.00773	0.00465	0.00520	0.00900	0.01204	0.03395	0.43864	0.04108	0.16209	0.01076	0.00574	0.00168	0.00286	0.23052	0.00476	0.00436
52	0.01018	0.03707	0.27629	0.07101	0.14970	0.01039	0.14090	0.03044	0.07148	0.02872	0.11571	0.01469	0.01219	0.00517	0.00478	0.00147	0.00576	0.00475	0.00284	0.00646
53	0.84955	0.00897	0.00693	0.00617	0.00906	0.01035	0.00508	0.01389	0.00804	0.03932	0.00676	0.00775	0.00519	0.00435	0.00292	0.00144	0.00361	0.00257	0.00295	0.00511
54	0.00568	0.00410	0.00539	0.00638	0.00673	0.00380	0.00428	0.00655	0.00910	0.01209	0.04798	0.77385	0.06824	0.01430	0.00590	0.00186	0.00267	0.01293	0.00434	0.00380
55	0.03360	0.01042	0.15169	0.00878	0.01254	0.00745	0.00827	0.01907	0.04739	0.50169	0.11207	0.01773	0.03579	0.00613	0.00472	0.00146	0.00420	0.00503	0.00487	0.00712
56	0.01391	0.14404	0.16686	0.02859	0.11528	0.13524	0.01056	0.12974	0.03320	0.11599	0.02438	0.01224	0.00859	0.02345	0.00474	0.00141	0.00574	0.01624	0.00314	0.00666
57	0.00588	0.00414	0.00534	0.00621	0.00643	0.00392	0.00403	0.00653	0.00849	0.01133	0.02352	0.67871	0.02810	0.17298	0.00936	0.00239	0.00305	0.01198	0.00403	0.00359
58	0.00570	0.00410	0.00535	0.00634	0.00667	0.00381	0.00423	0.00650	0.00892	0.01181	0.02636	0.76551	0.06979	0.04284	0.00653	0.00196	0.00274	0.01283	0.00427	0.00375
59	0.01152	0.01035	0.01664	0.26663	0.11933	0.01119	0.18097	0.13330	0.11436	0.03703	0.01194	0.01431	0.02978	0.00512	0.00489	0.00152	0.00580	0.01582	0.00308	0.00641
60	0.01768	0.01303	0.01396	0.01070	0.01443	0.01443	0.00884	0.79197	0.02187	0.02932	0.01117	0.01117	0.00791	0.00558	0.00465	0.00140	0.00512	0.00419	0.00465	0.00791
61	0.01369	0.09100	0.07675	0.04538	0.04235	0.03076	0.00891	0.33814	0.04036	0.03272	0.00977	0.01059	0.00741	0.00477	0.00432	0.00121	0.01677	0.00362	0.00346	0.21802
62	0.01179	0.00832	0.00949	0.00789	0.01047	0.00850	0.00625	0.18692	0.17548	0.08826	0.25080	0.02013	0.02043	0.00665	0.00468	0.00135	0.00345	0.00555	0.06356	0.11004
63	0.00855	0.00436	0.00445	0.00442	0.00551	0.00434	0.00332	0.01072	0.00996	0.01742	0.06136	0.01836	0.01379	0.00566	0.00338	0.00111	0.00217	0.00457	0.81220	0.00434
64	0.00849	0.00623	0.00840	0.00785	0.00898	0.00715	0.00609	0.10798	0.00933	0.02864	0.01237	0.01826	0.01147	0.11344	0.58156	0.00604	0.04523	0.00503	0.00285	0.00460
65	0.01433	0.02618	0.08642	0.01060	0.01419	0.02526	0.05418	0.23161	0.33907	0.12548	0.01481	0.01418	0.01068	0.00566	0.00468	0.00148	0.00475	0.00465	0.00437	0.00742
66	0.00567	0.00405	0.00540	0.00648	0.00675	0.00378	0.00432	0.00648	0.00891	0.01188	0.02564	0.83347	0.03077	0.01457	0.00594	0.00189	0.00270	0.01323	0.00432	0.00378
67	0.01031	0.01455	0.21177	0.13522	0.08797	0.01127	0.43105	0.01438	0.01043	0.01445	0.00894	0.01179	0.00668	0.00416	0.00504	0.00153	0.00719	0.00470	0.00222	0.00635

[dist]
# distance from previous block
# <min> <max>
0	282

[block]
# block no. 2 follows, 55 sequences, length 22
# corresponding to MSA columns:
# 814-828,837-841,846,847
name=unknown_C
#
# <colnr> <probs for GDERKNQSTAVLIFYWHMCP>
#	G	D	E	R	K	N	Q	S	T	A	V	L	I	F	Y	W	H	M	C	P
0	0.00892	0.01833	0.53400	0.01230	0.03341	0.00955	0.07818	0.01368	0.04180	0.01505	0.08505	0.01663	0.10141	0.00575	0.00474	0.00149	0.00586	0.00487	0.00267	0.00629
1	0.00567	0.00405	0.00540	0.00648	0.00675	0.00378	0.00432	0.00648	0.00891	0.01188	0.02564	0.83347	0.03077	0.01457	0.00594	0.00189	0.00270	0.01323	0.00432	0.00378
2	0.00941	0.00885	0.01457	0.46541	0.22410	0.01043	0.01231	0.01205	0.00937	0.01267	0.00935	0.04817	0.00810	0.00626	0.02687	0.00174	0.09218	0.02028	0.00228	0.00561
3	0.00576	0.00411	0.00550	0.00658	0.00689	0.00386	0.00448	0.00664	0.00900	0.01198	0.02559	0.79444	0.03057	0.01449	0.00596	0.00190	0.00278	0.05135	0.00432	0.00380
4	0.01571	0.01927	0.01241	0.01136	0.01343	0.66572	0.00864	0.01700	0.01233	0.01172	0.00842	0.01118	0.00737	0.00649	0.03463	0.00152	0.06104	0.03712	0.03939	0.00523
5	0.01738	0.02217	0.01318	0.01199	0.01438	0.81783	0.00899	0.01858	0.01318	0.01139	0.00719	0.00839	0.00599	0.00479	0.00419	0.00120	0.00839	0.00300	0.00240	0.00539
6	0.01378	0.01489	0.00987	0.00916	0.01109	0.46797	0.00692	0.01610	0.06274	0.01398	0.01117	0.01337	0.00917	0.00536	0.00399	0.00121	0.00588	0.02823	0.29001	0.00513
7	0.86937	0.00900	0.00684	0.00612	0.00900	0.01044	0.00504	0.01368	0.00792	0.02087	0.00648	0.00756	0.00504	0.00432	0.00288	0.00144	0.00360	0.00252	0.00288	0.00504
8	0.00567	0.00405	0.00540	0.00648	0.00675	0.00378	0.00432	0.00648	0.00891	0.01188	0.02564	0.83347	0.03077	0.01457	0.00594	0.00189	0.00270	0.01323	0.00432	0.00378
9	0.86937	0.00900	0.00684	0.00612	0.00900	0.01044	0.00504	0.01368	0.00792	0.02087	0.00648	0.00756	0.00504	0.00432	0.00288	0.00144	0.00360	0.00252	0.00288	0.00504
10	0.00705	0.00533	0.00575	0.00532	0.00721	0.00451	0.00406	0.00870	0.02945	0.06499	0.10226	0.03867	0.61122	0.01042	0.00526	0.00148	0.00256	0.00871	0.00436	0.07266
11	0.12221	0.02883	0.09057	0.00976	0.02769	0.01141	0.00831	0.18251	0.32675	0.06419	0.01377	0.01394	0.01035	0.02234	0.04540	0.00184	0.00482	0.00441	0.00401	0.00689
12	0.86937	0.00900	0.00684	0.00612	0.00900	0.01044	0.00504	0.01368	0.00792	0.02087	0.00648	0.00756	0.00504	0.00432	0.00288	0.00144	0.00360	0.00252	0.00288	0.00504
13	0.75139	0.00890	0.00738	0.00645	0.00940	0.01007	0.00530	0.01498	0.03027	0.10870	0.00814	0.00875	0.00601	0.00453	0.00313	0.00144	0.00364	0.00283	0.00325	0.00542
14	0.01158	0.01123	0.05087	0.14620	0.52094	0.01099	0.07063	0.04789	0.02663	0.04434	0.00937	0.01191	0.00742	0.00438	0.00468	0.00143	0.00574	0.00426	0.00253	0.00698
15	0.00664	0.00486	0.00644	0.00731	0.00821	0.00465	0.00589	0.00826	0.01026	0.01332	0.05856	0.28078	0.13701	0.01308	0.00612	0.00196	0.00347	0.41476	0.00433	0.00409
16	0.00573	0.00409	0.00545	0.00644	0.00676	0.00382	0.00432	0.00663	0.00918	0.01231	0.07600	0.78186	0.03162	0.01425	0.00591	0.00186	0.00267	0.01291	0.00437	0.00382
17	0.01995	0.00940	0.01172	0.00898	0.01262	0.00904	0.00742	0.24635	0.01580	0.58351	0.01626	0.01448	0.01047	0.00571	0.00467	0.00143	0.00430	0.00454	0.00544	0.00792
18	0.01192	0.01256	0.10107	0.09922	0.51366	0.03439	0.04703	0.06766	0.01135	0.04329	0.00915	0.01150	0.00723	0.00438	0.00462	0.00141	0.00583	0.00412	0.00253	0.00706
19	0.02065	0.00827	0.01101	0.00844	0.01205	0.00736	0.00698	0.07552	0.01390	0.75702	0.01786	0.01551	0.01127	0.00575	0.00468	0.00144	0.00404	0.00464	0.00568	0.00792
20	0.00565	0.00412	0.00532	0.00628	0.00670	0.00380	0.00423	0.00650	0.00909	0.01195	0.02800	0.74676	0.11596	0.01427	0.00589	0.00185	0.00266	0.01285	0.00432	0.00380
21	0.00829	0.00706	0.05061	0.00763	0.00922	0.00641	0.00610	0.10419	0.08497	0.02875	0.02513	0.40852	0.13329	0.01145	0.00555	0.00175	0.00344	0.08841	0.00429	0.00492

[dist]
# distance from previous block
# <min> <max>
1	13

[block]
# block no. 3 follows, 55 sequences, length 71
# corresponding to MSA columns:
# 861-877,882-935
name=unknown_D
#
# <colnr> <probs for GDERKNQSTAVLIFYWHMCP>
#	G	D	E	R	K	N	Q	S	T	A	V	L	I	F	Y	W	H	M	C	P
0	0.01197	0.01107	0.01421	0.08301	0.29347	0.08732	0.03032	0.05219	0.21057	0.03813	0.01217	0.01469	0.00990	0.04750	0.00559	0.00158	0.00521	0.02169	0.00320	0.04619
1	0.02411	0.00849	0.01034	0.00780	0.02663	0.00677	0.02797	0.02517	0.02924	0.05503	0.00979	0.01088	0.02165	0.00385	0.00366	0.00083	0.00365	0.00316	0.00299	0.71799
2	0.00616	0.00461	0.00637	0.08180	0.00926	0.00453	0.00525	0.00725	0.00899	0.01197	0.02329	0.67796	0.02739	0.03741	0.00631	0.00192	0.00317	0.04964	0.00403	0.02269
3	0.05297	0.01007	0.03849	0.07816	0.12487	0.00938	0.14337	0.08127	0.01239	0.33231	0.01307	0.01407	0.00919	0.00509	0.00471	0.00145	0.00517	0.02170	0.00394	0.03833
4	0.00567	0.00405	0.00540	0.00648	0.00675	0.00378	0.00432	0.00648	0.00891	0.01188	0.02564	0.83347	0.03077	0.01457	0.00594	0.00189	0.00270	0.01323	0.00432	0.00378
5	0.01075	0.01036	0.01792	0.24471	0.56204	0.01089	0.04829	0.01366	0.01026	0.01429	0.00865	0.01180	0.00704	0.00427	0.00466	0.00144	0.00581	0.00420	0.00224	0.00672
6	0.00645	0.00473	0.00604	0.00577	0.00688	0.00432	0.00430	0.00849	0.01277	0.01782	0.70362	0.06464	0.11698	0.00991	0.00550	0.00149	0.00223	0.00872	0.00501	0.00432
7	0.00669	0.00451	0.00510	0.00511	0.00521	0.00447	0.00292	0.00681	0.00713	0.00948	0.03841	0.04903	0.04654	0.76491	0.02211	0.00426	0.00433	0.00707	0.00297	0.00292
8	0.00680	0.00572	0.02893	0.00588	0.00774	0.00464	0.03274	0.00841	0.01119	0.05560	0.17751	0.03933	0.57748	0.01057	0.00542	0.00154	0.00274	0.00896	0.00440	0.00439
9	0.10296	0.00742	0.00943	0.00758	0.01060	0.00676	0.00615	0.01896	0.02477	0.56386	0.12623	0.03694	0.04453	0.00655	0.00467	0.00146	0.00359	0.00536	0.00528	0.00690
10	0.82595	0.00920	0.00720	0.00635	0.00927	0.01064	0.00523	0.05335	0.00863	0.02130	0.00672	0.00774	0.00518	0.00438	0.00297	0.00144	0.00368	0.00260	0.00297	0.00518
11	0.00879	0.00827	0.01395	0.82532	0.03204	0.01034	0.01292	0.01189	0.00930	0.01189	0.00827	0.01240	0.00620	0.00465	0.00465	0.00155	0.00620	0.00413	0.00207	0.00517
12	0.01738	0.02217	0.01318	0.01199	0.01438	0.81783	0.00899	0.01858	0.01318	0.01139	0.00719	0.00839	0.00599	0.00479	0.00419	0.00120	0.00839	0.00300	0.00240	0.00539
13	0.00879	0.00827	0.01395	0.82532	0.03204	0.01034	0.01292	0.01189	0.00930	0.01189	0.00827	0.01240	0.00620	0.00465	0.00465	0.00155	0.00620	0.00413	0.00207	0.00517
14	0.00566	0.00406	0.00538	0.00644	0.00674	0.00378	0.00430	0.00648	0.00895	0.01189	0.02613	0.81560	0.04832	0.01451	0.00593	0.00188	0.00269	0.01315	0.00432	0.00378
15	0.00933	0.02406	0.81240	0.01326	0.02014	0.01080	0.01719	0.01473	0.00982	0.01473	0.00835	0.00982	0.00589	0.00442	0.00442	0.00147	0.00688	0.00344	0.00196	0.00688
16	0.01687	0.10622	0.01434	0.01157	0.01413	0.73560	0.00888	0.01810	0.01280	0.01134	0.00712	0.00829	0.00599	0.00471	0.00407	0.00118	0.00804	0.00294	0.00236	0.00545
17	0.01195	0.30042	0.38587	0.02747	0.02742	0.01314	0.02981	0.04352	0.01052	0.09648	0.00887	0.00982	0.00663	0.00444	0.00399	0.00131	0.00585	0.00334	0.00248	0.00667
18	0.86937	0.00900	0.00684	0.00612	0.00900	0.01044	0.00504	0.01368	0.00792	0.02087	0.00648	0.00756	0.00504	0.00432	0.00288	0.00144	0.00360	0.00252	0.00288	0.00504
19	0.02012	0.00794	0.01065	0.00825	0.01176	0.00698	0.00679	0.02240	0.04765	0.75789	0.01903	0.01656	0.02972	0.00592	0.00470	0.00145	0.00391	0.00482	0.00568	0.00780
20	0.01112	0.01116	0.06647	0.03896	0.36090	0.01077	0.07343	0.01740	0.26371	0.02866	0.04140	0.03291	0.01133	0.00531	0.00477	0.00148	0.00501	0.00493	0.00326	0.00701
21	0.01984	0.00884	0.05183	0.00899	0.03028	0.00720	0.00753	0.03202	0.01319	0.73125	0.02803	0.01562	0.01152	0.00570	0.00467	0.00144	0.00413	0.00465	0.00546	0.00780
22	0.00575	0.00418	0.00544	0.00642	0.00685	0.00387	0.00441	0.00666	0.00916	0.01204	0.02759	0.72022	0.10270	0.01423	0.00592	0.00187	0.00275	0.05180	0.00432	0.00382
23	0.04152	0.00873	0.01119	0.00860	0.01220	0.00810	0.00710	0.14100	0.01450	0.67061	0.01695	0.01491	0.01080	0.00570	0.00463	0.00143	0.00413	0.00455	0.00552	0.00784
24	0.05146	0.03665	0.19769	0.02867	0.23217	0.02920	0.01155	0.12475	0.06192	0.12896	0.01130	0.03196	0.00857	0.00508	0.00447	0.00142	0.00529	0.00421	0.01763	0.00705
25	0.00775	0.00503	0.00648	0.00599	0.00732	0.00458	0.00454	0.00977	0.01277	0.08703	0.63643	0.03424	0.11170	0.02604	0.00580	0.00154	0.00245	0.02088	0.00504	0.00462
26	0.00677	0.00451	0.00507	0.00507	0.00507	0.00451	0.00282	0.00677	0.00677	0.00902	0.01466	0.03044	0.01691	0.83650	0.02368	0.00451	0.00451	0.00677	0.00282	0.00282
27	0.03703	0.01380	0.15688	0.02953	0.21881	0.03378	0.20440	0.11196	0.02422	0.09531	0.01009	0.01174	0.00747	0.00461	0.00492	0.00146	0.01975	0.00435	0.00294	0.00694
28	0.01193	0.02570	0.11361	0.02704	0.23242	0.02939	0.01063	0.05263	0.32704	0.06024	0.01409	0.02635	0.01107	0.00565	0.00468	0.00150	0.00484	0.03048	0.00361	0.00711
29	0.00600	0.00446	0.00564	0.00631	0.00707	0.00410	0.00460	0.00724	0.01004	0.01315	0.12673	0.45937	0.19615	0.01312	0.00586	0.00180	0.00278	0.11719	0.00441	0.00396
30	0.39429	0.01013	0.01290	0.01484	0.26453	0.01096	0.06909	0.02706	0.12306	0.01853	0.00929	0.01066	0.00730	0.00454	0.00392	0.00145	0.00457	0.00368	0.00295	0.00625
31	0.01343	0.01092	0.01157	0.00984	0.01281	0.01244	0.00781	0.25842	0.56235	0.02246	0.01657	0.01547	0.01229	0.00609	0.00471	0.00152	0.00412	0.00493	0.00471	0.00753
32	0.00572	0.00407	0.00538	0.00641	0.00666	0.00382	0.00424	0.00649	0.00880	0.01173	0.02508	0.79253	0.03006	0.05648	0.00684	0.00202	0.00279	0.01290	0.00424	0.00373
33	0.00948	0.02306	0.74369	0.01382	0.02050	0.01089	0.08489	0.01475	0.00992	0.01475	0.00844	0.01006	0.00600	0.00438	0.00451	0.00148	0.00696	0.00362	0.00200	0.00682
34	0.00946	0.02285	0.73544	0.01359	0.02007	0.01099	0.06211	0.01461	0.00978	0.01461	0.00832	0.01000	0.00597	0.00454	0.00490	0.00150	0.03892	0.00358	0.00199	0.00677
35	0.00600	0.00467	0.00545	0.00538	0.00662	0.00412	0.00399	0.00760	0.01161	0.01524	0.38543	0.10982	0.39536	0.01101	0.00553	0.00155	0.00231	0.00949	0.00468	0.00412
36	0.01320	0.00912	0.08021	0.02333	0.01252	0.00767	0.07210	0.05645	0.08346	0.29333	0.27213	0.02103	0.02115	0.00673	0.00499	0.00147	0.00403	0.00587	0.00473	0.00645
37	0.00705	0.00511	0.00693	0.00790	0.00891	0.00500	0.00666	0.00891	0.01045	0.01351	0.02701	0.15906	0.10495	0.01298	0.00627	0.00205	0.00387	0.59492	0.00429	0.00418
38	0.00945	0.00904	0.05133	0.00793	0.01198	0.00665	0.05000	0.01173	0.00962	0.01485	0.00912	0.04012	0.00789	0.00507	0.03320	0.00107	0.00417	0.00341	0.00274	0.71063
39	0.01098	0.01255	0.02745	0.01961	0.02431	0.01176	0.79059	0.01490	0.01098	0.01490	0.00941	0.01255	0.00706	0.00392	0.00549	0.00157	0.00784	0.00549	0.00235	0.00627
40	0.01738	0.02217	0.01318	0.01199	0.01438	0.81783	0.00899	0.01858	0.01318	0.01139	0.00719	0.00839	0.00599	0.00479	0.00419	0.00120	0.00839	0.00300	0.00240	0.00539
41	0.73468	0.00963	0.00796	0.00684	0.00986	0.01107	0.00564	0.13675	0.01012	0.02221	0.00722	0.00813	0.00549	0.00452	0.00316	0.00143	0.00384	0.00278	0.00316	0.00549
42	0.00550	0.00471	0.00471	0.00471	0.00628	0.00393	0.00353	0.00668	0.01060	0.01257	0.04713	0.04477	0.80560	0.01178	0.00550	0.00157	0.00236	0.00982	0.00432	0.00393
43	0.00696	0.00521	0.00766	0.00757	0.00848	0.00606	0.00590	0.03043	0.00788	0.01132	0.01242	0.01808	0.01153	0.03406	0.79510	0.00730	0.01225	0.00496	0.00255	0.00426
44	0.00966	0.00953	0.01307	0.03131	0.01203	0.02407	0.00945	0.01076	0.00752	0.01129	0.00931	0.04237	0.04805	0.00982	0.05577	0.00227	0.68180	0.00473	0.00226	0.00494
45	0.00931	0.02265	0.13316	0.03301	0.05120	0.00745	0.08764	0.01256	0.04850	0.07605	0.27708	0.04253	0.09049	0.00704	0.00496	0.00142	0.00414	0.00625	0.00382	0.08074
46	0.86937	0.00900	0.00684	0.00612	0.00900	0.01044	0.00504	0.01368	0.00792	0.02087	0.00648	0.00756	0.00504	0.00432	0.00288	0.00144	0.00360	0.00252	0.00288	0.00504
47	0.00581	0.00475	0.00514	0.00513	0.00658	0.00409	0.00390	0.00722	0.01109	0.01377	0.18716	0.04331	0.62288	0.01141	0.00554	0.00158	0.00243	0.04970	0.00447	0.00403
48	0.01453	0.01176	0.09962	0.01158	0.08916	0.01088	0.00921	0.21678	0.24620	0.18259	0.01589	0.01523	0.04348	0.00583	0.00469	0.00147	0.00457	0.00475	0.00437	0.00742
49	0.04149	0.00849	0.02445	0.00865	0.01231	0.00736	0.02488	0.04795	0.01336	0.73351	0.01745	0.01530	0.01104	0.00565	0.00465	0.00144	0.00413	0.00461	0.00551	0.00779
50	0.00565	0.00412	0.00533	0.00629	0.00670	0.00379	0.00424	0.00650	0.00908	0.01195	0.02788	0.75143	0.11136	0.01428	0.00589	0.00186	0.00266	0.01287	0.00432	0.00379
51	0.01869	0.01040	0.01217	0.00940	0.01296	0.01064	0.00774	0.40169	0.03962	0.38070	0.01474	0.01362	0.00983	0.00568	0.00463	0.00141	0.00447	0.00444	0.02938	0.00780
52	0.03095	0.11521	0.31295	0.04103	0.05074	0.12354	0.06011	0.05808	0.02054	0.07228	0.00920	0.01068	0.00697	0.00624	0.04769	0.00170	0.01942	0.00367	0.00258	0.00641
53	0.34894	0.00909	0.00973	0.00780	0.01114	0.00935	0.00644	0.13295	0.01249	0.38933	0.01269	0.01194	0.00847	0.00517	0.00398	0.00143	0.00399	0.00377	0.00448	0.00680
54	0.00630	0.00430	0.00520	0.00568	0.00585	0.00417	0.00351	0.00673	0.00786	0.01055	0.02015	0.39046	0.03646	0.43492	0.01495	0.00321	0.00361	0.00966	0.02314	0.00330
55	0.01344	0.01118	0.01595	0.12273	0.35729	0.01194	0.02400	0.28438	0.04339	0.03939	0.02445	0.01226	0.00841	0.00492	0.00466	0.00142	0.00534	0.00431	0.00331	0.00722
56	0.01211	0.00997	0.04961	0.03007	0.09107	0.04091	0.10286	0.07332	0.01168	0.14702	0.12836	0.01783	0.01438	0.00750	0.03450	0.00176	0.13485	0.04202	0.04419	0.00602
57	0.01739	0.02195	0.01320	0.01195	0.01438	0.79832	0.00899	0.03736	0.01339	0.01182	0.00729	0.00846	0.00604	0.00481	0.00421	0.00120	0.00831	0.00303	0.00245	0.00545
58	0.01063	0.00892	0.01131	0.04217	0.10068	0.00788	0.01868	0.05327	0.08852	0.03811	0.01035	0.03620	0.00855	0.00437	0.00395	0.00099	0.00395	0.00370	0.00310	0.54465
59	0.18333	0.01585	0.01251	0.10167	0.07760	0.42038	0.00912	0.01597	0.01099	0.02887	0.00741	0.00921	0.00605	0.00494	0.00499	0.00138	0.07852	0.00324	0.00248	0.00548
60	0.00579	0.00416	0.00552	0.00657	0.00693	0.00389	0.00451	0.00670	0.00908	0.01204	0.02620	0.75721	0.05321	0.01438	0.00596	0.00190	0.00280	0.06504	0.00432	0.00382
61	0.01061	0.01048	0.04670	0.44833	0.20497	0.02625	0.09431	0.05807	0.01068	0.03229	0.00888	0.01205	0.00676	0.00453	0.00471	0.00149	0.00617	0.00425	0.00239	0.00607
62	0.00645	0.00554	0.02580	0.04019	0.00819	0.00488	0.00482	0.01923	0.01147	0.01509	0.32056	0.07842	0.39185	0.01035	0.00559	0.00154	0.01840	0.00880	0.01851	0.00430
63	0.00567	0.00418	0.00532	0.00617	0.00668	0.00382	0.00420	0.00659	0.00932	0.01222	0.05569	0.67997	0.15523	0.01395	0.00585	0.00182	0.00263	0.01252	0.00435	0.00382
64	0.01705	0.07716	0.01394	0.01171	0.01422	0.76403	0.00892	0.01826	0.01293	0.01136	0.00714	0.00833	0.00599	0.00474	0.00411	0.00118	0.00816	0.00296	0.00237	0.00543
65	0.00589	0.00419	0.00556	0.00659	0.00691	0.00395	0.00452	0.00677	0.00895	0.01191	0.02498	0.72315	0.02969	0.05748	0.00691	0.00205	0.00293	0.07956	0.00424	0.00377
66	0.01676	0.02160	0.03555	0.01186	0.01432	0.76547	0.00910	0.01809	0.01288	0.01146	0.00742	0.00879	0.00619	0.00588	0.03383	0.00143	0.00849	0.00308	0.00239	0.00539
67	0.01244	0.83930	0.02438	0.00796	0.01194	0.01841	0.00796	0.01393	0.00945	0.01095	0.00647	0.00746	0.00597	0.00398	0.00299	0.00100	0.00498	0.00249	0.00199	0.00597
68	0.01738	0.02217	0.01318	0.01199	0.01438	0.81783	0.00899	0.01858	0.01318	0.01139	0.00719	0.00839	0.00599	0.00479	0.00419	0.00120	0.00839	0.00300	0.00240	0.00539
69	0.01137	0.00982	0.01033	0.00931	0.01191	0.01132	0.00724	0.02413	0.77339	0.01924	0.01985	0.01825	0.03999	0.00649	0.00476	0.00158	0.00364	0.00541	0.00472	0.00725
70	0.00592	0.00465	0.00536	0.00534	0.00659	0.00408	0.00395	0.00744	0.01136	0.01476	0.32780	0.13279	0.43086	0.01126	0.00555	0.00157	0.00234	0.00969	0.00462	0.00408

[dist]
# distance from previous block
# <min> <max>
1	1

[block]
# block no. 4 follows, 55 sequences, length 40
# corresponding to MSA columns:
# 1130-1169
name=unknown_E
#
# <colnr> <probs for GDERKNQSTAVLIFYWHMCP>
#	G	D	E	R	K	N	Q	S	T	A	V	L	I	F	Y	W	H	M	C	P
0	0.02377	0.00924	0.06277	0.00843	0.02793	0.00768	0.00692	0.11621	0.01159	0.11258	0.04202	0.10717	0.02489	0.03526	0.00536	0.00131	0.03315	0.00496	0.00358	0.35516
1	0.01112	0.01186	0.08200	0.05992	0.66131	0.01091	0.02959	0.01438	0.03011	0.01519	0.02381	0.01201	0.00805	0.00434	0.00463	0.00141	0.00560	0.00422	0.00238	0.00716
2	0.86937	0.00900	0.00684	0.00612	0.00900	0.01044	0.00504	0.01368	0.00792	0.02087	0.00648	0.00756	0.00504	0.00432	0.00288	0.00144	0.00360	0.00252	0.00288	0.00504
3	0.02048	0.00855	0.01119	0.00858	0.01219	0.00778	0.00709	0.11830	0.01438	0.71358	0.01746	0.01525	0.01107	0.00574	0.00468	0.00143	0.00410	0.00462	0.00562	0.00792
4	0.01179	0.05264	0.14627	0.05219	0.13917	0.00977	0.15959	0.04770	0.02766	0.14019	0.10793	0.04685	0.02582	0.00569	0.00485	0.00147	0.00533	0.00527	0.00337	0.00646
5	0.01804	0.00921	0.05384	0.00946	0.03724	0.00803	0.00783	0.06297	0.02701	0.58091	0.03435	0.01513	0.01124	0.00640	0.02196	0.00158	0.05366	0.00458	0.00498	0.03158
6	0.00561	0.00434	0.00513	0.00573	0.00656	0.00385	0.00399	0.00660	0.00969	0.01229	0.04883	0.49033	0.35378	0.01332	0.00575	0.00175	0.00255	0.01172	0.00433	0.00385
7	0.02052	0.00849	0.01115	0.00855	0.01216	0.00769	0.00706	0.10875	0.01427	0.72328	0.01755	0.01531	0.01111	0.00574	0.00468	0.00143	0.00409	0.00462	0.00563	0.00792
8	0.04957	0.14991	0.21595	0.01509	0.20564	0.09398	0.03883	0.05610	0.01122	0.06778	0.03104	0.01172	0.00822	0.00476	0.00428	0.00135	0.00582	0.01946	0.00267	0.00660
9	0.01606	0.00698	0.00923	0.00743	0.01026	0.00614	0.00600	0.03222	0.01319	0.53788	0.20427	0.02283	0.09231	0.00719	0.00494	0.00146	0.00342	0.00601	0.00546	0.00673
10	0.00586	0.00421	0.00537	0.00619	0.00657	0.00393	0.00414	0.00666	0.00893	0.01180	0.04741	0.63053	0.09153	0.11744	0.00813	0.00219	0.00292	0.02836	0.00415	0.00370
11	0.01046	0.00814	0.01034	0.00846	0.03973	0.00711	0.02776	0.03526	0.03396	0.07419	0.02254	0.03751	0.00934	0.00697	0.06794	0.00149	0.03897	0.00384	0.03599	0.52001
12	0.02527	0.05854	0.02663	0.06844	0.06939	0.25533	0.03075	0.12562	0.05963	0.03741	0.01029	0.01253	0.02007	0.04572	0.04936	0.00186	0.07348	0.00405	0.01975	0.00588
13	0.00637	0.00461	0.00564	0.00623	0.00668	0.00449	0.00417	0.00770	0.05023	0.01164	0.02373	0.46930	0.08157	0.24232	0.01080	0.00259	0.00331	0.05097	0.00392	0.00374
14	0.02462	0.01183	0.08284	0.09347	0.15110	0.02416	0.26347	0.03657	0.03908	0.01530	0.02719	0.01203	0.00795	0.00438	0.00495	0.00136	0.02856	0.00436	0.00258	0.16422
15	0.07597	0.04228	0.07746	0.02876	0.09072	0.21282	0.02907	0.10880	0.03420	0.05272	0.01104	0.05564	0.00957	0.00640	0.01650	0.00153	0.05434	0.04714	0.03908	0.00597
16	0.00567	0.00405	0.00540	0.00648	0.00675	0.00378	0.00432	0.00648	0.00891	0.01188	0.02564	0.83347	0.03077	0.01457	0.00594	0.00189	0.00270	0.01323	0.00432	0.00378
