[name]
unknown

[dist]
# distance from previous block
# <min> <max>
0	85

[block]
# block no. 0 follows, 49 sequences, length 47
# corresponding to MSA columns:
# 115-161
name=unknown_A
#
# <colnr> <probs for GDERKNQSTAVLIFYWHMCP>
#	G	D	E	R	K	N	Q	S	T	A	V	L	I	F	Y	W	H	M	C	P
0	0.01358	0.04124	0.23744	0.01380	0.08036	0.13123	0.04585	0.06174	0.06451	0.09613	0.02459	0.01692	0.02868	0.00631	0.00556	0.00161	0.04129	0.06400	0.00338	0.02177
1	0.07036	0.06812	0.14194	0.01381	0.12573	0.15765	0.04765	0.01663	0.03811	0.09642	0.01319	0.05475	0.04311	0.00653	0.02083	0.00160	0.00618	0.00479	0.01508	0.05751
2	0.02591	0.10450	0.13522	0.02172	0.10298	0.01151	0.01029	0.08855	0.05893	0.07008	0.05268	0.07703	0.06404	0.00719	0.00621	0.00160	0.09322	0.01468	0.00356	0.05011
3	0.04398	0.06897	0.13607	0.10300	0.06088	0.04299	0.02804	0.06031	0.06514	0.07616	0.14375	0.08233	0.02637	0.00710	0.00531	0.00160	0.02127	0.00594	0.00376	0.01704
4	0.06165	0.10096	0.21732	0.01274	0.07487	0.05819	0.02919	0.08108	0.05651	0.17545	0.03588	0.01315	0.00976	0.00552	0.00502	0.00151	0.02862	0.00428	0.00364	0.02468
5	0.08455	0.05193	0.16033	0.06709	0.05139	0.04177	0.04597	0.09052	0.03155	0.03411	0.10618	0.05398	0.10894	0.00726	0.00558	0.00162	0.04149	0.00591	0.00357	0.00626
6	0.06998	0.01129	0.01211	0.01056	0.04541	0.06819	0.02307	0.17560	0.15182	0.03684	0.06251	0.01723	0.07370	0.00652	0.00550	0.00147	0.05371	0.00508	0.01686	0.15253
7	0.02604	0.02804	0.01597	0.20018	0.23212	0.02348	0.04594	0.07440	0.01172	0.03268	0.03344	0.07163	0.01057	0.00611	0.00605	0.00158	0.07934	0.00519	0.00301	0.09249
8	0.08965	0.04633	0.01761	0.05883	0.40218	0.05909	0.05114	0.03663	0.09879	0.05109	0.01085	0.01270	0.00859	0.00493	0.00477	0.00150	0.00576	0.00439	0.00308	0.03209
9	0.06771	0.01154	0.01651	0.17514	0.41194	0.05602	0.01266	0.08213	0.01206	0.01696	0.02382	0.01409	0.00900	0.06197	0.00634	0.00177	0.00601	0.00460	0.00282	0.00691
10	0.26937	0.05053	0.01004	0.00828	0.03323	0.00938	0.00647	0.03411	0.04388	0.01839	0.08435	0.01808	0.06787	0.00838	0.05607	0.00185	0.03395	0.03826	0.00351	0.20402
11	0.01014	0.00914	0.01452	0.68371	0.03122	0.01121	0.01300	0.04653	0.06438	0.01413	0.00992	0.01388	0.00752	0.00579	0.00572	0.03989	0.00639	0.00458	0.00257	0.00576
12	0.05907	0.01046	0.01541	0.15874	0.16725	0.02767	0.06131	0.05224	0.02754	0.01528	0.01130	0.11416	0.01076	0.01878	0.00859	0.00186	0.22482	0.00577	0.00289	0.00611
13	0.04681	0.00989	0.01434	0.68363	0.03109	0.06613	0.01288	0.01326	0.01022	0.01316	0.00913	0.01383	0.00719	0.04174	0.00587	0.00180	0.00670	0.00446	0.00235	0.00551
14	0.01284	0.01200	0.01971	0.06292	0.68668	0.01224	0.01487	0.06663	0.03139	0.01751	0.00994	0.01269	0.00818	0.00469	0.00502	0.00152	0.00596	0.00454	0.00273	0.00795
15	0.01221	0.01183	0.01958	0.14783	0.65989	0.02938	0.01517	0.01523	0.01137	0.01589	0.00940	0.01259	0.00779	0.00460	0.00500	0.00153	0.00619	0.00448	0.00247	0.00760
16	0.01407	0.01169	0.02204	0.01642	0.02007	0.01187	0.41752	0.01706	0.01159	0.19465	0.01221	0.03610	0.00929	0.00599	0.00797	0.00179	0.17370	0.00568	0.00340	0.00689
17	0.00755	0.00626	0.00808	0.00900	0.03940	0.04115	0.02696	0.00875	0.00996	0.01309	0.02414	0.56688	0.03930	0.04510	0.04566	0.00241	0.03369	0.06395	0.00421	0.00449
18	0.00873	0.00762	0.00969	0.00953	0.02914	0.05975	0.00715	0.01022	0.00847	0.01175	0.01226	0.01907	0.01183	0.11654	0.52361	0.00625	0.13573	0.00531	0.00266	0.00469
19	0.01636	0.03202	0.10206	0.01292	0.06191	0.26842	0.06388	0.04073	0.04843	0.20397	0.01539	0.03515	0.06384	0.00619	0.00500	0.00151	0.00652	0.00495	0.00380	0.00694
20	0.01830	0.06184	0.01493	0.02900	0.10362	0.10460	0.00949	0.25682	0.05298	0.25648	0.01410	0.03245	0.01022	0.00599	0.00493	0.00150	0.00553	0.00473	0.00461	0.00789
21	0.00605	0.00498	0.00532	0.00555	0.00695	0.00425	0.00404	0.00728	0.01123	0.01369	0.06699	0.20556	0.61393	0.01336	0.00607	0.00177	0.00263	0.01139	0.00472	0.00425
22	0.00859	0.00738	0.01187	0.25560	0.12849	0.00790	0.04238	0.01084	0.01039	0.01404	0.02847	0.32967	0.03436	0.00978	0.00568	0.00181	0.00481	0.04111	0.04152	0.00530
23	0.04941	0.01426	0.07229	0.02171	0.36622	0.10754	0.12466	0.05462	0.01241	0.07073	0.01048	0.03107	0.00846	0.00517	0.00537	0.00155	0.02904	0.00471	0.00296	0.00734
24	0.01122	0.01243	0.02654	0.07261	0.02514	0.01184	0.64737	0.01509	0.01160	0.01566	0.01186	0.09164	0.01011	0.00544	0.00595	0.00174	0.00786	0.00668	0.00274	0.00648
25	0.00791	0.00571	0.00784	0.00893	0.01009	0.00564	0.00770	0.01010	0.01154	0.01493	0.02847	0.09117	0.08033	0.01398	0.00689	0.00227	0.00444	0.67280	0.00466	0.00461
26	0.01014	0.02616	0.79609	0.01441	0.02189	0.01174	0.01868	0.01601	0.01068	0.01601	0.00907	0.01068	0.00641	0.00480	0.00480	0.00160	0.00747	0.00374	0.00214	0.00747
27	0.00735	0.00490	0.00552	0.00552	0.00552	0.00490	0.00306	0.00735	0.00735	0.00980	0.01593	0.03309	0.01838	0.82229	0.02574	0.00490	0.00490	0.00735	0.00306	0.00306
28	0.00722	0.00542	0.00813	0.00813	0.00903	0.00632	0.00632	0.00903	0.00813	0.01174	0.01354	0.01987	0.01264	0.03792	0.80225	0.00813	0.01354	0.00542	0.00271	0.00451
29	0.00722	0.00484	0.00556	0.00569	0.00572	0.00481	0.00325	0.00732	0.00762	0.01016	0.01731	0.12371	0.02012	0.72930	0.02351	0.00457	0.00468	0.00816	0.00325	0.00318
30	0.23482	0.01304	0.01319	0.01035	0.01416	0.01457	0.00855	0.57878	0.01988	0.02951	0.01083	0.01113	0.00780	0.00572	0.00456	0.00153	0.00514	0.00409	0.00456	0.00780
31	0.01447	0.60829	0.02249	0.00871	0.01293	0.03276	0.00825	0.01649	0.02893	0.11149	0.00918	0.00976	0.00756	0.00459	0.00360	0.00113	0.00515	0.00311	0.00284	0.08826
32	0.02128	0.01086	0.01313	0.01007	0.01403	0.01078	0.00832	0.32874	0.01825	0.48482	0.01678	0.01515	0.01093	0.00618	0.00507	0.00155	0.00481	0.00487	0.00577	0.00860
33	0.01889	0.02410	0.01433	0.01303	0.01563	0.80199	0.00977	0.02019	0.01433	0.01238	0.00782	0.00912	0.00651	0.00521	0.00456	0.00130	0.00912	0.00326	0.00261	0.00586
34	0.00615	0.00445	0.00582	0.00691	0.00730	0.00412	0.00463	0.00706	0.00981	0.01296	0.02950	0.76523	0.08615	0.01563	0.00642	0.00203	0.00291	0.01412	0.00469	0.00412
35	0.01770	0.01291	0.01411	0.04754	0.01581	0.06174	0.02704	0.39802	0.16608	0.14803	0.01448	0.01411	0.01028	0.00607	0.00504	0.00155	0.00537	0.00478	0.00489	0.02444
36	0.01231	0.01180	0.02015	0.08540	0.73800	0.01196	0.01542	0.01534	0.01142	0.01627	0.00948	0.01258	0.00792	0.00454	0.00501	0.00151	0.00606	0.00450	0.00249	0.00784
37	0.01380	0.78420	0.02587	0.00888	0.01311	0.06015	0.00871	0.01540	0.01048	0.01192	0.00707	0.00816	0.00649	0.00437	0.00331	0.00109	0.00560	0.00273	0.00219	0.00646
38	0.01038	0.01012	0.01575	0.67811	0.12224	0.05192	0.01400	0.01360	0.01049	0.01331	0.00899	0.01314	0.00688	0.00500	0.00502	0.00164	0.00678	0.00443	0.00230	0.00591
39	0.00741	0.00504	0.00619	0.00625	0.00649	0.00521	0.00400	0.00782	0.00770	0.01043	0.01581	0.03121	0.01753	0.60327	0.17713	0.03012	0.00657	0.04536	0.00305	0.00341
40	0.00687	0.00499	0.00650	0.00739	0.00798	0.00485	0.00525	0.00870	0.04978	0.01400	0.07986	0.58809	0.03226	0.05147	0.00730	0.00217	0.00326	0.11022	0.00470	0.00438
41	0.24606	0.01111	0.01244	0.10804	0.06936	0.02731	0.00891	0.26725	0.01494	0.11593	0.01204	0.05066	0.00945	0.00607	0.00462	0.00159	0.00506	0.01805	0.00409	0.00701
42	0.03369	0.06477	0.13456	0.06764	0.14293	0.13790	0.19976	0.02851	0.03676	0.01555	0.00936	0.01171	0.00738	0.00489	0.00547	0.00153	0.04386	0.00437	0.00259	0.04675
43	0.00674	0.00514	0.00737	0.00832	0.03098	0.00498	0.03112	0.00788	0.00976	0.01318	0.02596	0.68876	0.04509	0.01566	0.03959	0.00226	0.02112	0.01298	0.01875	0.00437
44	0.00645	0.00494	0.00594	0.00631	0.00740	0.00443	0.00462	0.00792	0.01157	0.01503	0.21139	0.30015	0.32007	0.01331	0.00620	0.00184	0.00278	0.06039	0.00489	0.00436
45	0.01263	0.08858	0.16869	0.03869	0.31415	0.05492	0.14687	0.04162	0.01190	0.03426	0.01011	0.02455	0.00824	0.00497	0.00501	0.00154	0.00673	0.01658	0.00265	0.00732
46	0.01209	0.09573	0.28116	0.01758	0.17045	0.07172	0.14380	0.01725	0.09719	0.01601	0.01103	0.01271	0.02057	0.00500	0.00493	0.00154	0.00683	0.00447	0.00269	0.00726

[dist]
# distance from previous block
# <min> <max>
3	23

[block]
# block no. 1 follows, 49 sequences, length 19
# corresponding to MSA columns:
# 187-205
name=unknown_B
#
# <colnr> <probs for GDERKNQSTAVLIFYWHMCP>
#	G	D	E	R	K	N	Q	S	T	A	V	L	I	F	Y	W	H	M	C	P
0	0.00679	0.00512	0.00628	0.00606	0.00735	0.00461	0.00452	0.00882	0.01336	0.01817	0.55564	0.07589	0.24638	0.01125	0.00599	0.00164	0.00246	0.00979	0.00529	0.00461
1	0.01345	0.30380	0.07675	0.00912	0.01360	0.05764	0.00846	0.06291	0.01176	0.07147	0.00921	0.01016	0.00742	0.00444	0.00387	0.00107	0.00508	0.00321	0.00297	0.32360
2	0.00617	0.00464	0.00572	0.00648	0.00721	0.00419	0.00447	0.00724	0.01045	0.01354	0.07817	0.56524	0.23875	0.01470	0.00630	0.00193	0.00280	0.01307	0.00474	0.00419
3	0.03047	0.14317	0.21742	0.01302	0.06764	0.08117	0.02242	0.20106	0.07801	0.06412	0.01135	0.01265	0.00865	0.00549	0.00469	0.00149	0.00615	0.02007	0.00348	0.00749
4	0.00806	0.00939	0.12967	0.00834	0.01097	0.00693	0.03775	0.01209	0.10561	0.01719	0.28266	0.07382	0.25807	0.00984	0.00571	0.00167	0.00369	0.00850	0.00456	0.00548
5	0.00735	0.00490	0.00552	0.00552	0.00552	0.00490	0.00306	0.00735	0.00735	0.00980	0.01593	0.03309	0.01838	0.82229	0.02574	0.00490	0.00490	0.00735	0.00306	0.00306
6	0.00717	0.00554	0.00753	0.00805	0.00896	0.00538	0.03609	0.00949	0.07243	0.01406	0.02808	0.56375	0.08395	0.01418	0.00637	0.00203	0.00345	0.11423	0.00464	0.00462
7	0.01362	0.03486	0.01638	0.13503	0.27732	0.10744	0.02557	0.11179	0.16709	0.01826	0.01192	0.01356	0.00930	0.00537	0.00492	0.00153	0.00596	0.00459	0.02819	0.00731
8	0.00749	0.00491	0.00555	0.00555	0.00567	0.00494	0.00321	0.00772	0.00761	0.01050	0.01589	0.03163	0.01780	0.73739	0.05236	0.00476	0.00504	0.00710	0.06164	0.00323
9	0.01889	0.02410	0.01433	0.01303	0.01563	0.80199	0.00977	0.02019	0.01433	0.01238	0.00782	0.00912	0.00651	0.00521	0.00456	0.00130	0.00912	0.00326	0.00261	0.00586
10	0.01213	0.01162	0.01983	0.13219	0.69260	0.01191	0.01533	0.01518	0.01133	0.01605	0.00944	0.01264	0.00785	0.00458	0.00501	0.00153	0.00610	0.00450	0.00247	0.00770
11	0.00631	0.00515	0.00561	0.00576	0.00728	0.00446	0.00440	0.00777	0.01168	0.01437	0.11568	0.09493	0.60028	0.01287	0.00610	0.00178	0.00277	0.08367	0.00477	0.00434
12	0.01155	0.01078	0.01766	0.32569	0.41791	0.01184	0.01423	0.05039	0.02589	0.01579	0.00991	0.02790	0.00813	0.00515	0.00534	0.00160	0.02593	0.00471	0.00261	0.00699
13	0.01591	0.02815	0.14930	0.01436	0.14218	0.05488	0.02976	0.13591	0.07789	0.22124	0.01384	0.02523	0.01001	0.00567	0.00492	0.00152	0.00559	0.00468	0.03304	0.02592
14	0.00628	0.00458	0.00594	0.00698	0.00750	0.00425	0.00484	0.00731	0.01003	0.01315	0.03044	0.67840	0.11871	0.01537	0.00644	0.00203	0.00301	0.06589	0.00469	0.00416
15	0.01303	0.01117	0.01105	0.01000	0.01259	0.07937	0.00765	0.02394	0.58529	0.06225	0.01958	0.06313	0.01567	0.05435	0.00636	0.00187	0.00445	0.00604	0.00484	0.00735
16	0.01395	0.09210	0.01590	0.01232	0.03832	0.13060	0.11962	0.07173	0.29637	0.04489	0.01470	0.01569	0.01139	0.00591	0.00488	0.00153	0.00561	0.02058	0.07684	0.00707
17	0.06178	0.28336	0.07218	0.02723	0.03028	0.20850	0.00957	0.10931	0.09361	0.01664	0.00982	0.01072	0.00788	0.00515	0.00417	0.00134	0.00619	0.00359	0.03197	0.00671
18	0.06994	0.00624	0.00691	0.00649	0.00818	0.00600	0.00482	0.01093	0.08997	0.01716	0.29229	0.08310	0.23408	0.08095	0.00729	0.00190	0.00305	0.00852	0.00468	0.05749

[dist]
# distance from previous block
# <min> <max>
0	8

[block]
# block no. 2 follows, 49 sequences, length 18
# corresponding to MSA columns:
# 214-231
name=unknown_C
#
# <colnr> <probs for GDERKNQSTAVLIFYWHMCP>
#	G	D	E	R	K	N	Q	S	T	A	V	L	I	F	Y	W	H	M	C	P
0	0.04172	0.06241	0.22150	0.03790	0.08394	0.23996	0.06893	0.06536	0.04074	0.04948	0.00966	0.01115	0.00739	0.00519	0.00514	0.00151	0.03432	0.00397	0.00284	0.00691
1	0.01192	0.43708	0.08909	0.20472	0.06139	0.01584	0.06643	0.01458	0.01049	0.01310	0.00914	0.01127	0.02611	0.00476	0.00417	0.00136	0.00609	0.00376	0.00229	0.00641
2	0.00605	0.00505	0.00528	0.00539	0.00692	0.00428	0.00398	0.00735	0.01147	0.01391	0.08548	0.12956	0.67192	0.01300	0.00603	0.00174	0.00259	0.01099	0.00474	0.00428
3	0.01648	0.00901	0.01205	0.09116	0.04877	0.03277	0.03350	0.05994	0.03566	0.39234	0.12229	0.02053	0.05733	0.00685	0.00520	0.00157	0.00455	0.00579	0.03698	0.00722
4	0.03691	0.03629	0.01918	0.02674	0.62966	0.06605	0.01402	0.03367	0.04517	0.01689	0.02193	0.01269	0.00875	0.00478	0.00489	0.00149	0.00599	0.00444	0.00274	0.00771
5	0.04916	0.00953	0.01214	0.00934	0.01325	0.00887	0.00772	0.14385	0.01577	0.64766	0.01829	0.01611	0.01166	0.00618	0.00502	0.00156	0.00449	0.00492	0.00597	0.00850
6	0.00640	0.00466	0.00605	0.00686	0.00747	0.00431	0.00479	0.00763	0.01070	0.01429	0.15435	0.58407	0.10516	0.01457	0.00636	0.00196	0.00289	0.04837	0.00484	0.00426
7	0.04505	0.01378	0.07453	0.08322	0.24964	0.05285	0.17752	0.13970	0.03114	0.01854	0.01103	0.01330	0.02713	0.00523	0.00556	0.00160	0.03511	0.00482	0.00302	0.00723
8	0.04487	0.03858	0.01584	0.05704	0.20728	0.23842	0.01103	0.10736	0.03038	0.08459	0.02236	0.01206	0.00849	0.00569	0.00605	0.00153	0.09406	0.00418	0.00324	0.00694
9	0.01922	0.01416	0.01518	0.01163	0.01568	0.01568	0.00961	0.77388	0.02378	0.03187	0.01214	0.01214	0.00860	0.00607	0.00506	0.00152	0.00556	0.00455	0.00506	0.00860
10	0.01258	0.07754	0.20913	0.01393	0.06041	0.04271	0.10947	0.07858	0.27972	0.01860	0.01383	0.01530	0.01068	0.00579	0.00504	0.00161	0.00599	0.02804	0.00358	0.00747
11	0.00668	0.00558	0.03240	0.00707	0.00808	0.00475	0.00540	0.00805	0.01047	0.01360	0.05925	0.40951	0.20793	0.06897	0.00766	0.00218	0.00338	0.13021	0.00452	0.00430
12	0.00613	0.00452	0.00574	0.00672	0.00725	0.00413	0.00455	0.00708	0.00999	0.01303	0.03174	0.69131	0.15862	0.01534	0.00638	0.00200	0.00287	0.01376	0.00469	0.00413
13	0.04540	0.01899	0.37281	0.01455	0.06514	0.01288	0.07790	0.23158	0.05562	0.04079	0.01088	0.01196	0.00783	0.00524	0.00495	0.00158	0.00653	0.00430	0.00332	0.00775
14	0.00684	0.00505	0.00644	0.00689	0.00770	0.00481	0.00486	0.00899	0.05374	0.01591	0.28762	0.46891	0.07658	0.01332	0.00619	0.00186	0.00279	0.01193	0.00502	0.00456
15	0.01721	0.14893	0.01633	0.01083	0.01472	0.01565	0.00911	0.49787	0.15228	0.04718	0.01296	0.01277	0.00953	0.00592	0.00477	0.00148	0.00523	0.00446	0.00462	0.00814
16	0.04069	0.11397	0.61704	0.01488	0.08481	0.01268	0.01683	0.01583	0.01063	0.01583	0.00881	0.01046	0.00652	0.00472	0.00459	0.00153	0.00699	0.00365	0.00220	0.00734
17	0.01373	0.57569	0.06370	0.00932	0.01337	0.08230	0.00897	0.05065	0.06252	0.01410	0.00891	0.00988	0.00757	0.00477	0.00366	0.00120	0.00555	0.00321	0.05431	0.00658

[dist]
# distance from previous block
# <min> <max>
0	1

[block]
# block no. 3 follows, 49 sequences, length 6
# corresponding to MSA columns:
# 233-238
name=unknown_D
#
# <colnr> <probs for GDERKNQSTAVLIFYWHMCP>
#	G	D	E	R	K	N	Q	S	T	A	V	L	I	F	Y	W	H	M	C	P
0	0.01253	0.01207	0.06126	0.01207	0.06468	0.08933	0.03528	0.10433	0.27042	0.03715	0.01835	0.14652	0.01670	0.00840	0.00548	0.00175	0.00510	0.08743	0.00433	0.00682
1	0.01278	0.01154	0.01909	0.08807	0.64435	0.01177	0.01452	0.01651	0.06226	0.05404	0.01070	0.01323	0.00862	0.00479	0.00502	0.00153	0.00585	0.00461	0.00284	0.00786
2	0.00693	0.00511	0.00648	0.00623	0.00744	0.00466	0.00464	0.00907	0.01364	0.01890	0.63842	0.08843	0.14921	0.01103	0.00600	0.00164	0.00244	0.00969	0.00539	0.00466
3	0.01012	0.00815	0.01260	0.33690	0.13818	0.00930	0.01040	0.03153	0.01025	0.03298	0.01150	0.01635	0.00964	0.06783	0.10550	0.02456	0.02733	0.00486	0.12644	0.00559
4	0.00936	0.00865	0.01417	0.69739	0.03127	0.01041	0.01282	0.01247	0.01010	0.01315	0.01039	0.07312	0.00877	0.00577	0.00507	0.00165	0.00626	0.00513	0.00248	0.06156
5	0.01034	0.00971	0.01351	0.04325	0.35858	0.04851	0.01016	0.01363	0.07497	0.01618	0.10945	0.05935	0.19584	0.00784	0.00539	0.00160	0.00467	0.00694	0.00367	0.00642

[dist]
# distance from previous block
# <min> <max>
5	8

[block]
# block no. 4 follows, 49 sequences, length 42
# corresponding to MSA columns:
# 247-288
name=unknown_E
#
# <colnr> <probs for GDERKNQSTAVLIFYWHMCP>
#	G	D	E	R	K	N	Q	S	T	A	V	L	I	F	Y	W	H	M	C	P
0	0.02313	0.06580	0.32068	0.13712	0.03420	0.02876	0.07684	0.01497	0.02897	0.05380	0.05521	0.03145	0.01068	0.00881	0.08591	0.00225	0.00727	0.00479	0.00281	0.00656
1	0.01692	0.24769	0.06018	0.01188	0.01523	0.54096	0.00994	0.01856	0.01300	0.01244	0.00767	0.00892	0.00650	0.00494	0.00421	0.00126	0.00799	0.00313	0.00246	0.00612
2	0.00983	0.00777	0.05705	0.00750	0.00971	0.00669	0.00625	0.04607	0.09781	0.09101	0.33842	0.05163	0.16658	0.00939	0.00555	0.00162	0.00327	0.01833	0.05982	0.00571
3	0.01324	0.63453	0.14862	0.00985	0.01455	0.05967	0.01030	0.01585	0.03019	0.01282	0.00774	0.00885	0.00670	0.00451	0.00361	0.00119	0.00590	0.00297	0.00226	0.00665
4	0.01280	0.29941	0.34795	0.03158	0.01790	0.02966	0.05078	0.03409	0.01128	0.08474	0.00993	0.03118	0.00780	0.00507	0.00440	0.00143	0.00638	0.00391	0.00268	0.00707
5	0.00955	0.00608	0.00796	0.11791	0.09140	0.00641	0.00634	0.01201	0.01045	0.01720	0.01495	0.04066	0.01227	0.02217	0.03402	0.00163	0.00381	0.00501	0.57504	0.00512
6	0.01276	0.01086	0.01144	0.01019	0.01308	0.01247	0.00795	0.07445	0.70403	0.02157	0.02117	0.01954	0.04368	0.00703	0.00517	0.00170	0.00405	0.00583	0.00512	0.00790
7	0.00640	0.00498	0.00581	0.00594	0.00717	0.00440	0.00433	0.00795	0.01202	0.01564	0.28432	0.21372	0.38387	0.01267	0.00608	0.00175	0.00259	0.01099	0.00498	0.00440
8	0.00722	0.00542	0.00813	0.00813	0.00903	0.00632	0.00632	0.00903	0.00813	0.01174	0.01354	0.01987	0.01264	0.03792	0.80225	0.00813	0.01354	0.00542	0.00271	0.00451
9	0.00711	0.00517	0.00670	0.00632	0.00753	0.00475	0.00474	0.00946	0.01421	0.02003	0.76074	0.03818	0.07520	0.01043	0.00596	0.00159	0.00239	0.00920	0.00553	0.00475
10	0.01071	0.02219	0.55324	0.01660	0.02333	0.01207	0.25755	0.01607	0.01108	0.01607	0.00944	0.01162	0.00681	0.00463	0.00517	0.00163	0.00781	0.00444	0.00227	0.00727
11	0.10410	0.01543	0.01620	0.08102	0.03550	0.26207	0.13687	0.12603	0.01412	0.12573	0.01055	0.01183	0.00779	0.00533	0.00513	0.00152	0.02629	0.00426	0.00347	0.00677
12	0.00616	0.00469	0.00566	0.00635	0.00717	0.00420	0.00441	0.00726	0.01058	0.01360	0.08026	0.50989	0.29259	0.01448	0.00626	0.00191	0.00277	0.01280	0.00475	0.00420
13	0.01122	0.00981	0.01275	0.01141	0.12003	0.00809	0.03388	0.04866	0.01130	0.01719	0.00925	0.01095	0.00762	0.00398	0.00406	0.00092	0.00431	0.00338	0.00301	0.66820
14	0.01326	0.00883	0.01055	0.00829	0.01174	0.00791	0.00663	0.14500	0.01390	0.15765	0.10854	0.06784	0.03563	0.00729	0.02183	0.00142	0.00414	0.01844	0.00442	0.34669
15	0.05063	0.41555	0.05491	0.01222	0.10385	0.11822	0.00977	0.01781	0.11652	0.04271	0.00983	0.01067	0.00806	0.00492	0.00401	0.00131	0.00575	0.00353	0.00286	0.00687
16	0.02082	0.00910	0.01176	0.00922	0.01293	0.00845	0.00755	0.07388	0.09913	0.63250	0.04597	0.01777	0.01379	0.00645	0.00512	0.00158	0.00429	0.00526	0.00603	0.00841
17	0.01439	0.45745	0.02082	0.01002	0.01389	0.06696	0.03127	0.10302	0.19094	0.02961	0.01110	0.01143	0.00894	0.00519	0.00408	0.00132	0.00541	0.00378	0.00329	0.00708
18	0.01086	0.01082	0.01552	0.04772	0.01434	0.01486	0.03026	0.01213	0.00802	0.01233	0.00753	0.03787	0.00755	0.00880	0.01549	0.00217	0.73109	0.00480	0.00230	0.00552
19	0.01214	0.43080	0.38058	0.01145	0.01717	0.04199	0.01331	0.01571	0.01059	0.01381	0.00800	0.00933	0.00645	0.00458	0.00401	0.00133	0.00648	0.00320	0.00216	0.00692
20	0.02823	0.00583	0.00765	0.00735	0.00800	0.00610	0.00521	0.06533	0.07115	0.01217	0.01131	0.03753	0.01088	0.03566	0.01645	0.62672	0.00442	0.03378	0.00285	0.00338
21	0.00630	0.00457	0.00594	0.00679	0.00733	0.00422	0.00464	0.00743	0.01052	0.01407	0.14358	0.64298	0.09337	0.01479	0.00634	0.00196	0.00282	0.01331	0.00482	0.00422
22	0.01328	0.03905	0.04939	0.12884	0.18581	0.03757	0.03762	0.22577	0.08344	0.02036	0.05850	0.01695	0.06877	0.00620	0.00512	0.00156	0.00558	0.00527	0.00373	0.00719
23	0.03061	0.03920	0.07631	0.07443	0.05513	0.14575	0.10748	0.25896	0.04706	0.03869	0.05067	0.03058	0.01056	0.00583	0.00506	0.00154	0.00645	0.00486	0.00370	0.00714
24	0.00793	0.00570	0.00733	0.00677	0.00847	0.00505	0.03644	0.00975	0.01253	0.07402	0.29107	0.11138	0.36334	0.01144	0.00597	0.00170	0.00296	0.02825	0.00501	0.00486
25	0.00735	0.00490	0.00552	0.00552	0.00552	0.00490	0.00306	0.00735	0.00735	0.00980	0.01593	0.03309	0.01838	0.82229	0.02574	0.00490	0.00490	0.00735	0.00306	0.00306
26	0.01807	0.01515	0.10156	0.01172	0.01608	0.01480	0.01043	0.65463	0.02180	0.04748	0.01208	0.01225	0.00855	0.00593	0.00500	0.00152	0.00567	0.00448	0.02444	0.00838
27	0.01198	0.13935	0.14357	0.21224	0.11296	0.03262	0.14800	0.02903	0.01144	0.05570	0.03023	0.01364	0.02705	0.00510	0.00493	0.00154	0.00658	0.00463	0.00271	0.00670
28	0.00726	0.00526	0.00733	0.00733	0.00795	0.00589	0.00532	0.00852	0.00789	0.01115	0.01428	0.02393	0.01440	0.27871	0.56387	0.00714	0.01089	0.00601	0.00282	0.00407
29	0.83472	0.00990	0.00765	0.00679	0.00994	0.01146	0.00559	0.03593	0.00903	0.02294	0.00718	0.00832	0.00556	0.00473	0.00318	0.00156	0.00396	0.00279	0.00318	0.00556
30	0.01357	0.01358	0.03717	0.01935	0.30190	0.11426	0.09078	0.08476	0.05783	0.03219	0.01053	0.02569	0.00860	0.00519	0.00547	0.00145	0.04557	0.00451	0.00306	0.12454
31	0.00690	0.00516	0.00641	0.00609	0.00740	0.00466	0.00457	0.00905	0.01371	0.01885	0.62902	0.04012	0.20766	0.01087	0.00597	0.00162	0.00242	0.00947	0.00538	0.00466
32	0.01529	0.12764	0.07638	0.00909	0.01247	0.06637	0.00805	0.04399	0.04294	0.29341	0.22823	0.02036	0.02042	0.00693	0.00500	0.00149	0.00457	0.00563	0.00480	0.00693
33	0.00722	0.00542	0.00813	0.00813	0.00903	0.00632	0.00632	0.00903	0.00813	0.01174	0.01354	0.01987	0.01264	0.03792	0.80225	0.00813	0.01354	0.00542	0.00271	0.00451
34	0.00674	0.00515	0.00618	0.00593	0.00730	0.00459	0.00445	0.00874	0.01334	0.01795	0.52941	0.04160	0.30782	0.01120	0.00597	0.00163	0.00245	0.00968	0.00526	0.00459
35	0.01922	0.01416	0.01518	0.01163	0.01568	0.01568	0.00961	0.77388	0.02378	0.03187	0.01214	0.01214	0.00860	0.00607	0.00506	0.00152	0.00556	0.00455	0.00506	0.00860
36	0.00617	0.00484	0.00559	0.00601	0.00710	0.00426	0.00427	0.00741	0.01109	0.01406	0.11909	0.35048	0.41419	0.01374	0.00616	0.00183	0.00269	0.01197	0.00479	0.00426
37	0.01049	0.00899	0.01049	0.00749	0.01198	0.00674	0.00599	0.01273	0.01049	0.01648	0.00899	0.01049	0.00749	0.00374	0.00374	0.00075	0.00374	0.00300	0.00300	0.85320
38	0.01160	0.01109	0.01848	0.24417	0.50963	0.01206	0.01463	0.01482	0.02838	0.01533	0.00942	0.01282	0.00773	0.00502	0.00584	0.00161	0.06322	0.00452	0.00247	0.00717
39	0.00727	0.00522	0.00712	0.00712	0.00767	0.00577	0.00506	0.00838	0.00783	0.01099	0.01447	0.02499	0.01487	0.34166	0.50155	0.00688	0.01020	0.00617	0.00285	0.00395
40	0.01348	0.01132	0.01827	0.09496	0.48841	0.01133	0.04625	0.07222	0.01253	0.09197	0.01098	0.01375	0.00871	0.00495	0.00501	0.00150	0.00580	0.01841	0.00311	0.06705
41	0.07688	0.01408	0.01441	0.02885	0.12358	0.20578	0.03905	0.14223	0.03151	0.02892	0.01292	0.03170	0.06532	0.00723	0.02461	0.00174	0.11748	0.00481	0.00330	0.02559

[dist]
# distance from previous block
# <min> <max>
0	14

[block]
# block no. 5 follows, 49 sequences, length 31
# corresponding to MSA columns:
# 303-308,310-334
name=unknown_F
#
# <colnr> <probs for GDERKNQSTAVLIFYWHMCP>
#	G	D	E	R	K	N	Q	S	T	A	V	L	I	F	Y	W	H	M	C	P
0	0.17798	0.01196	0.01781	0.12306	0.38682	0.04898	0.09741	0.03086	0.01111	0.01726	0.00895	0.01172	0.00723	0.00475	0.00499	0.00157	0.02371	0.00426	0.00265	0.00693
1	0.04645	0.01093	0.01780	0.06779	0.51234	0.01122	0.04698	0.01562	0.05035	0.05083	0.06170	0.03720	0.01166	0.00556	0.00545	0.00158	0.03095	0.00516	0.00307	0.00735
2	0.00883	0.00894	0.00735	0.03203	0.00948	0.16294	0.00542	0.01022	0.01194	0.01370	0.05847	0.09730	0.50222	0.01097	0.00561	0.00163	0.00401	0.00903	0.03527	0.00465
3	0.01252	0.01201	0.02053	0.03104	0.79074	0.01201	0.01552	0.01552	0.01151	0.01652	0.00951	0.01252	0.00801	0.00451	0.00501	0.00150	0.00601	0.00451	0.00250	0.00801
4	0.59763	0.01299	0.15197	0.04972	0.01450	0.01152	0.06668	0.01508	0.00931	0.02050	0.00775	0.00934	0.00588	0.00470	0.00375	0.00159	0.00505	0.00325	0.00286	0.00595
5	0.00735	0.00492	0.00560	0.00560	0.00563	0.00495	0.00317	0.00741	0.00738	0.00987	0.01585	0.03265	0.01819	0.79605	0.05171	0.00501	0.00519	0.00729	0.00305	0.00311
6	0.20113	0.00868	0.01050	0.00830	0.01192	0.00815	0.00684	0.02197	0.01304	0.59422	0.01703	0.01536	0.01103	0.00591	0.00460	0.00155	0.00413	0.00457	0.04331	0.00776
7	0.00735	0.00490	0.00552	0.00552	0.00552	0.00490	0.00306	0.00735	0.00735	0.00980	0.01593	0.03309	0.01838	0.82229	0.02574	0.00490	0.00490	0.00735	0.00306	0.00306
8	0.00661	0.00515	0.00600	0.00579	0.00722	0.00454	0.00434	0.00848	0.01302	0.01721	0.44606	0.04283	0.39164	0.01148	0.00597	0.00164	0.00247	0.00985	0.00516	0.00454
9	0.01014	0.02616	0.79609	0.01441	0.02189	0.01174	0.01868	0.01601	0.01068	0.01601	0.00907	0.01068	0.00641	0.00480	0.00480	0.00160	0.00747	0.00374	0.00214	0.00747
10	0.00735	0.00490	0.00552	0.00552	0.00552	0.00490	0.00306	0.00735	0.00735	0.00980	0.01593	0.03309	0.01838	0.82229	0.02574	0.00490	0.00490	0.00735	0.00306	0.00306
11	0.01311	0.30303	0.36398	0.01241	0.03655	0.06835	0.02773	0.04433	0.01154	0.06243	0.00908	0.01023	0.00696	0.00478	0.00430	0.00139	0.00658	0.00352	0.00255	0.00713
12	0.01353	0.07599	0.09599	0.05989	0.20475	0.09001	0.05352	0.05853	0.23109	0.04698	0.01280	0.01374	0.00981	0.00542	0.00491	0.00155	0.00594	0.00462	0.00346	0.00749
13	0.01130	0.03197	0.19896	0.01008	0.03861	0.00872	0.00951	0.04607	0.02600	0.06432	0.06887	0.01434	0.03427	0.00510	0.00442	0.00117	0.00472	0.00414	0.00332	0.41410
14	0.03131	0.04953	0.40754	0.01426	0.05272	0.04781	0.07588	0.13432	0.05461	0.06839	0.01080	0.01186	0.00778	0.00514	0.00488	0.00156	0.00673	0.00419	0.00311	0.00757
15	0.11707	0.09155	0.18950	0.01151	0.01613	0.01393	0.04483	0.36012	0.01638	0.04481	0.01063	0.01194	0.00796	0.03535	0.00540	0.00164	0.00585	0.00416	0.00375	0.00749
16	0.01727	0.00766	0.01017	0.00830	0.01124	0.00688	0.00664	0.05460	0.01448	0.50003	0.21296	0.08803	0.02288	0.00806	0.00542	0.00161	0.00377	0.00684	0.00590	0.00727
17	0.01222	0.07694	0.22800	0.03603	0.17745	0.06832	0.18201	0.01589	0.01161	0.05365	0.01251	0.01548	0.04769	0.00545	0.00513	0.00158	0.00684	0.03343	0.00277	0.00699
18	0.01366	0.03236	0.07829	0.04201	0.49333	0.09948	0.03305	0.05004	0.01242	0.05901	0.01108	0.01318	0.02938	0.00500	0.00496	0.00150	0.00632	0.00451	0.00285	0.00757
19	0.01573	0.00688	0.00860	0.00719	0.00976	0.00633	0.00573	0.01834	0.04161	0.39566	0.10533	0.02019	0.01676	0.00661	0.00462	0.00143	0.00337	0.00543	0.31369	0.00673
20	0.00629	0.00476	0.00581	0.00634	0.00722	0.00428	0.00445	0.00757	0.01109	0.01449	0.17468	0.44381	0.26306	0.01392	0.00622	0.00186	0.00272	0.01230	0.00485	0.00428
21	0.01341	0.05657	0.20255	0.03537	0.29613	0.10254	0.06456	0.05567	0.03114	0.05259	0.00993	0.01188	0.00772	0.00501	0.00528	0.00153	0.03371	0.00425	0.00277	0.00741
22	0.01563	0.09507	0.09794	0.01033	0.05243	0.00960	0.00869	0.01918	0.09339	0.34323	0.01589	0.01700	0.01177	0.07002	0.08847	0.00244	0.00575	0.00492	0.03101	0.00721
23	0.00734	0.00496	0.00582	0.00582	0.00593	0.00507	0.00345	0.00755	0.00745	0.01003	0.01565	0.03152	0.01770	0.72938	0.11772	0.00528	0.00593	0.00712	0.00302	0.00324
24	0.04414	0.03191	0.16849	0.06582	0.25226	0.03187	0.12957	0.03095	0.09764	0.06719	0.01196	0.01365	0.02133	0.00512	0.00504	0.00158	0.00631	0.00472	0.00306	0.00739
25	0.03431	0.05705	0.14238	0.03750	0.35058	0.01243	0.04519	0.12074	0.04137	0.06781	0.01124	0.01383	0.00887	0.00526	0.00496	0.00155	0.00599	0.02804	0.00319	0.00769
26	0.00935	0.01939	0.02705	0.02781	0.16319	0.05676	0.00769	0.01115	0.01128	0.03576	0.09338	0.07273	0.22133	0.12735	0.00859	0.00217	0.00450	0.09139	0.00387	0.00526
27	0.51482	0.10688	0.01274	0.00944	0.02445	0.09932	0.05328	0.02849	0.00998	0.03334	0.00765	0.00913	0.00614	0.00502	0.00451	0.00153	0.06126	0.00320	0.00294	0.00587
28	0.20439	0.00870	0.04682	0.02002	0.00940	0.05178	0.00572	0.04188	0.01101	0.06770	0.01340	0.01531	0.01038	0.02145	0.00417	0.00141	0.00371	0.00420	0.45308	0.00546
29	0.00904	0.00812	0.03207	0.04738	0.19748	0.00792	0.02794	0.01193	0.03807	0.01725	0.32994	0.08456	0.04149	0.01048	0.06020	0.00208	0.03857	0.00737	0.02233	0.00577
30	0.00662	0.00485	0.00635	0.00725	0.00794	0.00446	0.00515	0.00777	0.01006	0.01341	0.02798	0.64240	0.07031	0.01484	0.00636	0.00200	0.00317	0.10741	0.00460	0.04704

[dist]
# distance from previous block
# <min> <max>
0	3

[block]
# block no. 6 follows, 49 sequences, length 25
# corresponding to MSA columns:
# 338-362
name=unknown_G
#
# <colnr> <probs for GDERKNQSTAVLIFYWHMCP>
#	G	D	E	R	K	N	Q	S	T	A	V	L	I	F	Y	W	H	M	C	P
0	0.01161	0.08281	0.23406	0.01365	0.05052	0.02672	0.12319	0.08254	0.04393	0.01669	0.01094	0.03375	0.00895	0.00797	0.05973	0.00205	0.10515	0.00471	0.07438	0.00666
1	0.01029	0.00864	0.01027	0.01087	0.08407	0.00928	0.00773	0.03258	0.36312	0.01837	0.07983	0.06561	0.14261	0.00933	0.00567	0.00179	0.00393	0.12475	0.00476	0.00650
2	0.01531	0.19242	0.07149	0.01161	0.06476	0.08798	0.02733	0.15684	0.02671	0.13417	0.01234	0.04757	0.00998	0.00582	0.00457	0.00139	0.00552	0.02195	0.02408	0.07817
3	0.01105	0.00907	0.01077	0.00782	0.01208	0.00717	0.00629	0.01323	0.01054	0.05071	0.00937	0.01081	0.00767	0.00409	0.00439	0.00085	0.04050	0.00315	0.00310	0.77735
4	0.03612	0.17617	0.33147	0.01244	0.04016	0.07726	0.02572	0.06714	0.02964	0.14204	0.01077	0.01143	0.00781	0.00509	0.00453	0.00147	0.00637	0.00385	0.00315	0.00737
5	0.01204	0.19018	0.28804	0.01609	0.17323	0.06493	0.04398	0.01633	0.06126	0.01541	0.04151	0.01218	0.00910	0.00513	0.00496	0.00148	0.03034	0.00410	0.00260	0.00711
6	0.00631	0.00454	0.00600	0.00702	0.00747	0.00424	0.00482	0.00737	0.01016	0.01354	0.08028	0.70160	0.06366	0.01527	0.00643	0.00202	0.00296	0.04738	0.00475	0.00418
7	0.01075	0.00723	0.01005	0.03906	0.03148	0.00722	0.06804	0.05955	0.07916	0.10690	0.02134	0.33760	0.03765	0.00996	0.00546	0.00172	0.00391	0.00891	0.14827	0.00573
8	0.01922	0.01416	0.01518	0.01163	0.01568	0.01568	0.00961	0.77388	0.02378	0.03187	0.01214	0.01214	0.00860	0.00607	0.00506	0.00152	0.00556	0.00455	0.00506	0.00860
9	0.00621	0.00513	0.00544	0.00536	0.00697	0.00437	0.00402	0.00770	0.01207	0.01495	0.19508	0.04654	0.64403	0.01232	0.00597	0.00168	0.00253	0.01037	0.00487	0.00437
10	0.01348	0.01022	0.01397	0.10943	0.21559	0.01088	0.01030	0.07593	0.24023	0.12828	0.08572	0.01826	0.03245	0.00635	0.00518	0.00161	0.00482	0.00551	0.00430	0.00747
11	0.01341	0.01083	0.01168	0.01036	0.01327	0.01229	0.00822	0.12840	0.59014	0.04426	0.01992	0.02112	0.01556	0.00733	0.00529	0.00174	0.00428	0.06898	0.00512	0.00782
12	0.00766	0.00557	0.00701	0.00681	0.00701	0.00618	0.00452	0.00817	0.00757	0.01046	0.01455	0.02810	0.01602	0.57023	0.20227	0.00540	0.07932	0.00665	0.00291	0.00362
13	0.02617	0.19911	0.24184	0.01206	0.03415	0.06296	0.06111	0.09567	0.04476	0.03408	0.03251	0.05479	0.05056	0.00614	0.00496	0.00151	0.02283	0.00488	0.00310	0.00681
14	0.04511	0.14030	0.20332	0.06979	0.13624	0.08302	0.04796	0.01649	0.03428	0.08170	0.02906	0.01280	0.02322	0.00512	0.00461	0.00145	0.00616	0.00416	0.00292	0.05228
15	0.03424	0.14746	0.26496	0.01300	0.05771	0.06127	0.07461	0.04415	0.05081	0.07075	0.01039	0.01177	0.00795	0.00634	0.04073	0.00172	0.00661	0.00397	0.00291	0.08865
16	0.03335	0.11278	0.26676	0.01582	0.11424	0.08944	0.13197	0.05461	0.01206	0.05067	0.02519	0.01177	0.00805	0.00498	0.00509	0.00150	0.02776	0.00420	0.00274	0.02702
17	0.04660	0.06836	0.11582	0.01540	0.17902	0.05589	0.07432	0.07541	0.05073	0.05604	0.03561	0.01375	0.00982	0.00570	0.01804	0.00151	0.00584	0.01993	0.00321	0.14898
18	0.07221	0.15605	0.14229	0.01152	0.05675	0.05328	0.04135	0.08068	0.10090	0.03013	0.05828	0.03137	0.03030	0.00667	0.02289	0.00160	0.00557	0.02027	0.00339	0.07448
19	0.03597	0.04944	0.29510	0.02569	0.06342	0.08598	0.08768	0.07346	0.04637	0.02923	0.07253	0.04540	0.03398	0.00602	0.00500	0.00155	0.00630	0.00508	0.00315	0.02864
20	0.06595	0.07879	0.09524	0.03492	0.11940	0.07310	0.11289	0.06380	0.07762	0.06111	0.11492	0.03963	0.01432	0.00606	0.00499	0.00154	0.00567	0.00529	0.00356	0.02121
21	0.01243	0.09899	0.11275	0.01226	0.08753	0.06752	0.04416	0.03282	0.05690	0.11639	0.08296	0.10779	0.06393	0.00779	0.00575	0.00163	0.04360	0.03445	0.00384	0.00648
22	0.09230	0.14855	0.13045	0.02165	0.07490	0.10482	0.02476	0.09628	0.04100	0.03604	0.06187	0.04441	0.05134	0.00697	0.02485	0.00164	0.00581	0.00484	0.00333	0.02421
23	0.08532	0.04436	0.20588	0.01207	0.06114	0.09724	0.01086	0.10460	0.08124	0.03174	0.04288	0.04784	0.04225	0.00644	0.00533	0.00156	0.04244	0.01841	0.00341	0.05500
24	0.04684	0.07415	0.12428	0.05968	0.15200	0.09405	0.04651	0.12051	0.06146	0.04274	0.02788	0.03150	0.06491	0.00677	0.02366	0.00169	0.00613	0.00498	0.00335	0.00692

[dist]
# distance from previous block
# <min> <max>
44	382

[block]
# block no. 7 follows, 49 sequences, length 8
# corresponding to MSA columns:
# 845-852
name=unknown_H
#
# <colnr> <probs for GDERKNQSTAVLIFYWHMCP>
#	G	D	E	R	K	N	Q	S	T	A	V	L	I	F	Y	W	H	M	C	P
0	0.09185	0.05203	0.15615	0.07770	0.27603	0.06859	0.04661	0.03253	0.05277	0.05443	0.01074	0.03954	0.00870	0.00528	0.00479	0.00155	0.00613	0.00453	0.00292	0.00713
1	0.03146	0.03325	0.01820	0.12401	0.50820	0.04834	0.03231	0.03995	0.01189	0.01640	0.04117	0.01501	0.04720	0.00528	0.00501	0.00152	0.00592	0.00487	0.00279	0.00719
2	0.01166	0.01093	0.01841	0.08411	0.63261	0.01107	0.01421	0.01460	0.01160	0.01641	0.06152	0.01723	0.01193	0.00556	0.00521	0.00158	0.00573	0.05539	0.00283	0.00740
3	0.01254	0.01195	0.02038	0.10270	0.62917	0.01218	0.06598	0.05354	0.01203	0.01693	0.00964	0.01266	0.00790	0.00462	0.00508	0.00153	0.00622	0.00461	0.00261	0.00773
4	0.01192	0.01134	0.01782	0.17152	0.48485	0.03860	0.03078	0.03487	0.03379	0.01606	0.01126	0.03436	0.02507	0.00534	0.00531	0.00157	0.02460	0.00492	0.02888	0.00714
5	0.01045	0.00984	0.01660	0.47303	0.31397	0.01110	0.01404	0.01354	0.01061	0.01426	0.01030	0.06099	0.00880	0.00549	0.00512	0.00164	0.00624	0.00509	0.00249	0.00642
6	0.01334	0.01302	0.01837	0.14746	0.38560	0.10052	0.07487	0.11695	0.01329	0.01740	0.01142	0.01386	0.04073	0.00521	0.00509	0.00154	0.00647	0.00475	0.00291	0.00722
7	0.01109	0.01027	0.01640	0.40454	0.25227	0.01195	0.01346	0.06309	0.01113	0.01513	0.00985	0.04574	0.00831	0.00584	0.00642	0.00170	0.09887	0.00490	0.00260	0.00644

[dist]
# distance from previous block
# <min> <max>
6	20

[block]
# block no. 8 follows, 49 sequences, length 38
# corresponding to MSA columns:
# 873-910
name=unknown_I
#
# <colnr> <probs for GDERKNQSTAVLIFYWHMCP>
#	G	D	E	R	K	N	Q	S	T	A	V	L	I	F	Y	W	H	M	C	P
0	0.07286	0.05225	0.06567	0.03331	0.03716	0.04049	0.00766	0.07966	0.05934	0.08011	0.09151	0.05668	0.12032	0.06515	0.02007	0.00190	0.01702	0.02391	0.02060	0.05433
1	0.04785	0.01225	0.08710	0.04017	0.18277	0.03295	0.01067	0.13333	0.10356	0.14022	0.04560	0.01572	0.02758	0.00759	0.04418	0.00190	0.03671	0.00493	0.01755	0.00738
2	0.01255	0.07748	0.15839	0.01032	0.02841	0.03550	0.00939	0.11075	0.03959	0.12335	0.06892	0.13880	0.01617	0.03338	0.06756	0.00222	0.02481	0.01963	0.01627	0.00648
3	0.00924	0.04613	0.00902	0.00797	0.00951	0.00728	0.00622	0.10558	0.02603	0.01552	0.04468	0.19024	0.09682	0.04403	0.12170	0.08636	0.00538	0.12335	0.00399	0.04096
4	0.46494	0.03224	0.17643	0.03757	0.03512	0.01102	0.00918	0.01582	0.03498	0.07435	0.04261	0.01229	0.00892	0.00533	0.00401	0.00159	0.00484	0.01924	0.00327	0.00625
5	0.00641	0.00460	0.00605	0.00711	0.00753	0.00433	0.00492	0.00741	0.00984	0.01300	0.02816	0.66859	0.06506	0.05724	0.00748	0.00221	0.00319	0.08815	0.00461	0.00412
6	0.01191	0.01282	0.02607	0.08512	0.24305	0.01245	0.49981	0.01575	0.01168	0.01604	0.00993	0.01331	0.00770	0.00439	0.00563	0.00165	0.00768	0.00544	0.00252	0.00706
7	0.00664	0.00515	0.00604	0.00582	0.00724	0.00455	0.00436	0.00853	0.01308	0.01736	0.46323	0.04257	0.37438	0.01143	0.00597	0.00164	0.00246	0.00982	0.00518	0.00455
8	0.00712	0.00507	0.00692	0.00805	0.00874	0.00492	0.00625	0.00864	0.01053	0.01385	0.02703	0.44329	0.03101	0.03767	0.00724	0.00226	0.00379	0.35866	0.00463	0.00433
9	0.03069	0.01105	0.01301	0.03257	0.04414	0.01093	0.00834	0.29739	0.05973	0.19571	0.01324	0.01319	0.00943	0.00542	0.00468	0.00134	0.00473	0.00428	0.00457	0.23555
10	0.01252	0.01201	0.02053	0.03104	0.79074	0.01201	0.01552	0.01552	0.01151	0.01652	0.00951	0.01252	0.00801	0.00451	0.00501	0.00150	0.00601	0.00451	0.00250	0.00801
11	0.01224	0.01021	0.01482	0.08614	0.33945	0.01083	0.01111	0.07339	0.13654	0.04140	0.01365	0.05244	0.01143	0.01854	0.00560	0.00162	0.02776	0.01677	0.09538	0.02070
12	0.01199	0.35015	0.40157	0.01166	0.01735	0.01521	0.01355	0.06068	0.01135	0.01534	0.02981	0.01047	0.00771	0.00490	0.00441	0.00139	0.01947	0.00352	0.00242	0.00703
13	0.00878	0.00439	0.00659	0.00659	0.00659	0.00439	0.00439	0.00659	0.00659	0.00878	0.00878	0.01537	0.00878	0.01757	0.01976	0.85288	0.00439	0.00439	0.00220	0.00220
14	0.01226	0.01137	0.01895	0.10251	0.65120	0.01163	0.01451	0.03749	0.01169	0.01677	0.00994	0.01296	0.00819	0.00468	0.00493	0.00150	0.00585	0.00452	0.05143	0.00761
15	0.01272	0.01036	0.01613	0.25827	0.29658	0.01142	0.01260	0.08108	0.01221	0.09290	0.04723	0.01449	0.01001	0.00612	0.01761	0.00172	0.07266	0.00479	0.01414	0.00695
16	0.00655	0.00470	0.00630	0.00744	0.00794	0.00445	0.00535	0.00773	0.01012	0.01337	0.02827	0.64794	0.05252	0.01539	0.00655	0.00210	0.00326	0.16112	0.00469	0.00422
17	0.00955	0.00899	0.01517	0.81013	0.03483	0.01123	0.01404	0.01292	0.01011	0.01292	0.00899	0.01348	0.00674	0.00506	0.00506	0.00169	0.00674	0.00449	0.00225	0.00562
18	0.01889	0.02410	0.01433	0.01303	0.01563	0.80199	0.00977	0.02019	0.01433	0.01238	0.00782	0.00912	0.00651	0.00521	0.00456	0.00130	0.00912	0.00326	0.00261	0.00586
19	0.01246	0.01172	0.01964	0.14547	0.55617	0.02498	0.06778	0.01598	0.04107	0.04077	0.01021	0.01308	0.00820	0.00473	0.00508	0.00155	0.00621	0.00465	0.00269	0.00755
20	0.00723	0.00540	0.00802	0.00802	0.00888	0.00626	0.00618	0.00896	0.00809	0.01166	0.01365	0.02043	0.01289	0.07132	0.76919	0.00799	0.01318	0.00550	0.00272	0.00445
21	0.00616	0.00440	0.00587	0.00704	0.00733	0.00411	0.00469	0.00704	0.00968	0.01291	0.02787	0.81899	0.03344	0.01584	0.00645	0.00205	0.00293	0.01438	0.00469	0.00411
22	0.01529	0.15524	0.17441	0.01245	0.01634	0.41640	0.02720	0.01853	0.06345	0.01379	0.00950	0.01168	0.00789	0.00538	0.00454	0.00140	0.00767	0.02975	0.00268	0.00641
23	0.00737	0.00653	0.03230	0.00787	0.00871	0.04830	0.00581	0.00902	0.03708	0.01346	0.02624	0.64491	0.04352	0.01438	0.00629	0.00200	0.00359	0.07361	0.00451	0.00450
24	0.01181	0.01452	0.08363	0.02083	0.02611	0.01271	0.71947	0.01618	0.01185	0.01618	0.01015	0.01343	0.00758	0.00430	0.00589	0.00170	0.00845	0.00581	0.00253	0.00687
25	0.01013	0.00958	0.01621	0.65869	0.18177	0.01139	0.01433	0.01343	0.01038	0.01362	0.00909	0.01329	0.00699	0.00495	0.00505	0.00165	0.00660	0.00450	0.00230	0.00608
26	0.01316	0.06732	0.18591	0.08670	0.19158	0.02354	0.09883	0.12461	0.03855	0.06512	0.03244	0.01329	0.00920	0.00581	0.02062	0.00168	0.00649	0.00460	0.00316	0.00738
27	0.01167	0.01192	0.05804	0.05059	0.55770	0.03559	0.01374	0.02710	0.01139	0.01589	0.01205	0.03954	0.03266	0.00814	0.06967	0.00209	0.00658	0.02567	0.00273	0.00724
28	0.00992	0.00623	0.00848	0.00883	0.01040	0.00608	0.00751	0.01263	0.03926	0.11126	0.14794	0.04775	0.02959	0.01220	0.00652	0.00210	0.00423	0.51878	0.00502	0.00527
29	0.06647	0.01178	0.01773	0.10555	0.47170	0.02686	0.02890	0.09198	0.05079	0.06381	0.01071	0.01286	0.00838	0.00496	0.00492	0.00154	0.00582	0.00450	0.00312	0.00763
30	0.01108	0.01685	0.32173	0.01638	0.09496	0.01108	0.21526	0.04993	0.03670	0.03045	0.01317	0.08195	0.02401	0.00618	0.00537	0.00168	0.00670	0.03181	0.01776	0.00696
31	0.00835	0.00506	0.00657	0.00707	0.00795	0.00463	0.00493	0.00938	0.01036	0.11202	0.02826	0.58392	0.09910	0.06315	0.00741	0.00214	0.00323	0.02705	0.00479	0.00464
32	0.01240	0.01189	0.02031	0.06198	0.76073	0.01198	0.01546	0.01542	0.01146	0.01638	0.00949	0.01255	0.00796	0.00453	0.00501	0.00151	0.00604	0.00451	0.00249	0.00791
33	0.01342	0.01159	0.02129	0.09611	0.15189	0.01143	0.34189	0.05580	0.05230	0.12572	0.01296	0.04509	0.01015	0.00551	0.00554	0.00167	0.00667	0.02039	0.00342	0.00716
34	0.01061	0.03284	0.01428	0.01432	0.13712	0.07063	0.04217	0.01230	0.00966	0.01318	0.01363	0.05939	0.06525	0.03408	0.12541	0.00287	0.29842	0.03542	0.00280	0.00563
