[name]
unknown

[dist]
# distance from previous block
# <min> <max>
6	34

[block]
# block no. 0 follows, 54 sequences, length 8
# corresponding to MSA columns:
# 46-53
name=unknown_A
#
# <colnr> <probs for GDERKNQSTAVLIFYWHMCP>
#	G	D	E	R	K	N	Q	S	T	A	V	L	I	F	Y	W	H	M	C	P
0	0.49856	0.01089	0.01007	0.00822	0.01151	0.01233	0.00678	0.35060	0.01417	0.02487	0.00863	0.00925	0.00637	0.00493	0.00370	0.00144	0.00432	0.00329	0.00370	0.00637
1	0.04850	0.01174	0.01238	0.00996	0.01313	0.03859	0.00804	0.56659	0.04181	0.06201	0.01364	0.12687	0.01146	0.00690	0.00482	0.00149	0.00480	0.00549	0.00458	0.00722
2	0.01175	0.00950	0.01027	0.00965	0.04783	0.04440	0.00714	0.10072	0.39407	0.06552	0.13172	0.05749	0.07477	0.00736	0.00498	0.00154	0.00384	0.00619	0.00464	0.00662
3	0.69692	0.01093	0.00808	0.00717	0.01006	0.12361	0.00578	0.01511	0.00911	0.06728	0.00739	0.00828	0.00564	0.00453	0.00322	0.00142	0.00435	0.00275	0.00303	0.00533
4	0.00685	0.00566	0.00721	0.05011	0.07892	0.00536	0.00544	0.00889	0.03805	0.01457	0.23281	0.10196	0.37236	0.04338	0.00620	0.00169	0.00300	0.00878	0.00424	0.00454
5	0.03554	0.03545	0.24557	0.02554	0.01525	0.14886	0.01070	0.19854	0.07571	0.05154	0.01145	0.05944	0.00916	0.00633	0.02209	0.00157	0.00601	0.00440	0.03023	0.00662
6	0.05652	0.00474	0.00563	0.00609	0.00702	0.00444	0.00438	0.00760	0.01024	0.01407	0.17016	0.41776	0.21715	0.01248	0.00567	0.00174	0.00268	0.04312	0.00444	0.00407
7	0.08283	0.00804	0.00853	0.00758	0.00903	0.06581	0.00558	0.12023	0.04574	0.08976	0.01151	0.01692	0.01042	0.19012	0.04546	0.24783	0.02222	0.00467	0.00320	0.00453

[dist]
# distance from previous block
# <min> <max>
17	23

[block]
# block no. 1 follows, 54 sequences, length 9
# corresponding to MSA columns:
# 79-87
name=unknown_B
#
# <colnr> <probs for GDERKNQSTAVLIFYWHMCP>
#	G	D	E	R	K	N	Q	S	T	A	V	L	I	F	Y	W	H	M	C	P
0	0.01211	0.01066	0.01676	0.10463	0.53314	0.01088	0.01257	0.06936	0.05984	0.05034	0.01001	0.01216	0.00796	0.00451	0.00461	0.00138	0.00531	0.00420	0.00281	0.06677
1	0.03298	0.01422	0.01230	0.01043	0.01320	0.25587	0.00821	0.29335	0.09933	0.08540	0.01248	0.05853	0.01020	0.02653	0.00544	0.00152	0.02934	0.02012	0.00394	0.00661
2	0.01000	0.00543	0.00590	0.00540	0.00695	0.00535	0.00417	0.07016	0.01154	0.08286	0.10028	0.02115	0.08127	0.00651	0.00395	0.00123	0.00259	0.00531	0.56502	0.00494
3	0.00995	0.00944	0.01602	0.52414	0.32316	0.01075	0.01361	0.01296	0.00992	0.01331	0.00856	0.01223	0.00673	0.00452	0.00470	0.00151	0.00603	0.00419	0.00218	0.00608
4	0.10494	0.00847	0.00969	0.00792	0.01081	0.00856	0.00637	0.16424	0.08053	0.32449	0.03925	0.03643	0.04822	0.03022	0.00504	0.00153	0.00384	0.00505	0.09767	0.00674
5	0.00722	0.00553	0.00673	0.00718	0.00853	0.00534	0.00587	0.03550	0.04684	0.01419	0.03244	0.13129	0.30154	0.01228	0.00599	0.00189	0.00348	0.35937	0.00439	0.00443
6	0.00972	0.00773	0.06475	0.00845	0.02928	0.00657	0.03864	0.06808	0.05359	0.11347	0.16192	0.25794	0.11186	0.00959	0.00532	0.00161	0.00356	0.00843	0.03409	0.00540
7	0.00704	0.00463	0.00544	0.00544	0.00568	0.00476	0.00337	0.00752	0.00728	0.01028	0.01457	0.02762	0.01581	0.62765	0.14274	0.00468	0.00556	0.00633	0.09042	0.00322
8	0.01759	0.06441	0.01481	0.01068	0.01447	0.01487	0.00891	0.74099	0.02139	0.02856	0.01102	0.01109	0.00790	0.00556	0.00461	0.00139	0.00518	0.00414	0.00455	0.00790

[dist]
# distance from previous block
# <min> <max>
0	2

[block]
# block no. 2 follows, 54 sequences, length 14
# corresponding to MSA columns:
# 90-103
name=unknown_C
#
# <colnr> <probs for GDERKNQSTAVLIFYWHMCP>
#	G	D	E	R	K	N	Q	S	T	A	V	L	I	F	Y	W	H	M	C	P
0	0.71519	0.01065	0.06515	0.00722	0.01052	0.01104	0.00640	0.09699	0.00968	0.02163	0.00721	0.00822	0.00548	0.00452	0.00322	0.00146	0.00405	0.00280	0.00304	0.00555
1	0.01173	0.04410	0.03751	0.32416	0.19747	0.06989	0.06312	0.10560	0.07148	0.01565	0.00958	0.01205	0.00739	0.00477	0.00466	0.00147	0.00605	0.00421	0.00270	0.00640
2	0.00736	0.00560	0.00804	0.00822	0.03593	0.00642	0.00598	0.03034	0.00798	0.01137	0.01257	0.01963	0.01213	0.15115	0.61967	0.00655	0.03894	0.00524	0.00261	0.00426
3	0.00657	0.00447	0.00533	0.00561	0.00571	0.00444	0.00337	0.00685	0.00744	0.00996	0.01762	0.23571	0.02052	0.59110	0.05200	0.00401	0.00443	0.00846	0.00323	0.00316
4	0.01892	0.00753	0.01023	0.00801	0.01126	0.00655	0.00655	0.02080	0.01347	0.68617	0.13974	0.01901	0.01674	0.00642	0.00487	0.00146	0.00374	0.00533	0.00574	0.00747
5	0.00747	0.00452	0.00660	0.00657	0.00695	0.00480	0.00468	0.00721	0.00722	0.01001	0.06707	0.01850	0.01271	0.08064	0.30380	0.43369	0.00706	0.00495	0.00250	0.00305
6	0.15439	0.00799	0.00917	0.08897	0.01213	0.00843	0.00658	0.11209	0.09001	0.14946	0.18793	0.02127	0.10390	0.00700	0.00468	0.00149	0.00370	0.00571	0.01917	0.00592
7	0.04257	0.04159	0.01287	0.01122	0.01375	0.58160	0.00854	0.05054	0.14769	0.01392	0.00961	0.01058	0.00778	0.02213	0.00469	0.00136	0.00722	0.00353	0.00294	0.00586
8	0.53908	0.10127	0.02861	0.00828	0.01161	0.03941	0.06226	0.07103	0.03432	0.05494	0.00812	0.00904	0.00620	0.00455	0.00347	0.00141	0.00448	0.00311	0.00306	0.00577
9	0.01184	0.00884	0.01149	0.05721	0.09637	0.03113	0.04167	0.12826	0.08108	0.11782	0.16894	0.05817	0.07473	0.01637	0.00537	0.00153	0.01437	0.02783	0.00420	0.04278
10	0.05572	0.13973	0.07706	0.01387	0.18628	0.07705	0.03238	0.10139	0.12234	0.03512	0.07857	0.01401	0.02429	0.00537	0.00440	0.00138	0.00510	0.00439	0.01494	0.00661
11	0.07018	0.00567	0.00663	0.00626	0.00779	0.00542	0.00473	0.02893	0.04239	0.07715	0.37209	0.15048	0.18456	0.00996	0.00533	0.00157	0.00270	0.00858	0.00477	0.00479
12	0.01097	0.01198	0.09595	0.02071	0.43909	0.03379	0.06895	0.02920	0.08727	0.01620	0.09568	0.01600	0.02887	0.00537	0.00486	0.00146	0.00536	0.01847	0.00297	0.00684
13	0.00628	0.00522	0.00621	0.00688	0.06433	0.00461	0.00461	0.00782	0.01129	0.01437	0.22373	0.07358	0.53233	0.01095	0.00552	0.00157	0.00260	0.00934	0.00442	0.00434

[dist]
# distance from previous block
# <min> <max>
2	8

[block]
# block no. 3 follows, 54 sequences, length 11
# corresponding to MSA columns:
# 112-122
name=unknown_D
#
# <colnr> <probs for GDERKNQSTAVLIFYWHMCP>
#	G	D	E	R	K	N	Q	S	T	A	V	L	I	F	Y	W	H	M	C	P
0	0.06008	0.09149	0.08145	0.01156	0.07361	0.09066	0.04296	0.27389	0.01482	0.09640	0.03371	0.01383	0.06260	0.00557	0.00448	0.00137	0.00529	0.00438	0.00368	0.02816
1	0.03275	0.26320	0.05920	0.01194	0.11523	0.08098	0.00918	0.07032	0.25835	0.01614	0.01230	0.01262	0.02812	0.00520	0.00415	0.00134	0.00501	0.00401	0.00323	0.00674
2	0.00805	0.00424	0.00633	0.00640	0.00652	0.00430	0.00443	0.00652	0.00653	0.00874	0.00952	0.01700	0.00959	0.01747	0.07193	0.75196	0.00469	0.05124	0.00222	0.00234
3	0.03854	0.01375	0.14373	0.01760	0.26082	0.03903	0.11996	0.12842	0.07582	0.05568	0.01040	0.01185	0.00788	0.00467	0.00465	0.00142	0.00579	0.00424	0.00304	0.05272
4	0.00850	0.07588	0.04913	0.00788	0.01016	0.04080	0.05899	0.01136	0.07428	0.02837	0.21911	0.12693	0.20720	0.00887	0.00512	0.00149	0.00366	0.00767	0.00403	0.05057
5	0.00819	0.00673	0.02847	0.00962	0.09756	0.00603	0.05238	0.01068	0.03901	0.05788	0.35224	0.12387	0.17003	0.00928	0.00542	0.00155	0.00329	0.00826	0.00441	0.00510
6	0.03576	0.00726	0.00927	0.00787	0.02480	0.00697	0.00606	0.03109	0.04430	0.43887	0.04922	0.01844	0.01339	0.11307	0.00747	0.00184	0.03952	0.00505	0.13331	0.00644
7	0.01081	0.01371	0.24656	0.03651	0.04938	0.01029	0.03470	0.13699	0.18775	0.01913	0.18658	0.01769	0.01678	0.00621	0.00488	0.00150	0.00487	0.00525	0.00378	0.00664
8	0.00593	0.00478	0.00551	0.00577	0.00686	0.00435	0.00423	0.00714	0.01037	0.01309	0.10806	0.27482	0.45804	0.01248	0.00604	0.00171	0.02854	0.03387	0.00438	0.00403
9	0.01135	0.15218	0.13657	0.01122	0.08424	0.05116	0.05661	0.01394	0.01030	0.05673	0.00921	0.03434	0.00765	0.00436	0.00398	0.00109	0.00501	0.00358	0.00266	0.34383
10	0.14793	0.05567	0.01368	0.43792	0.13331	0.04854	0.01095	0.01278	0.00951	0.01387	0.00886	0.04551	0.00744	0.00589	0.02855	0.00167	0.00584	0.00419	0.00238	0.00550

[dist]
# distance from previous block
# <min> <max>
0	1

[block]
# block no. 4 follows, 54 sequences, length 23
# corresponding to MSA columns:
# 124-146
name=unknown_E
#
# <colnr> <probs for GDERKNQSTAVLIFYWHMCP>
#	G	D	E	R	K	N	Q	S	T	A	V	L	I	F	Y	W	H	M	C	P
0	0.01215	0.01231	0.01804	0.09276	0.64695	0.10669	0.01372	0.01479	0.01094	0.01467	0.00864	0.01137	0.00720	0.00432	0.00462	0.00139	0.00600	0.00406	0.00233	0.00705
1	0.01249	0.00681	0.00840	0.00718	0.00953	0.00641	0.00567	0.03987	0.10172	0.29620	0.24157	0.02734	0.17988	0.00889	0.02488	0.00166	0.00341	0.00690	0.00513	0.00606
2	0.00984	0.00701	0.00967	0.00998	0.10341	0.00727	0.04383	0.08967	0.01054	0.04993	0.03727	0.03303	0.04494	0.16207	0.11923	0.02757	0.03123	0.02860	0.16988	0.00501
3	0.01353	0.08577	0.05761	0.00918	0.01200	0.03703	0.04179	0.09606	0.02551	0.23965	0.01544	0.01688	0.06610	0.04793	0.14309	0.00263	0.05661	0.00487	0.02211	0.00620
4	0.00599	0.00454	0.00550	0.00616	0.00698	0.00413	0.00446	0.00708	0.00975	0.01241	0.03278	0.41503	0.29587	0.05595	0.00686	0.00198	0.00293	0.11343	0.00429	0.00390
5	0.01233	0.04362	0.03826	0.04900	0.29019	0.01033	0.18610	0.02933	0.01089	0.13439	0.02803	0.01481	0.00965	0.08925	0.00713	0.00179	0.03047	0.00487	0.00300	0.00655
6	0.00685	0.00459	0.00525	0.00525	0.00529	0.00463	0.00299	0.00693	0.00689	0.00922	0.01476	0.03031	0.01691	0.79918	0.05880	0.00470	0.00493	0.00678	0.00284	0.00292
7	0.01792	0.01321	0.01415	0.01085	0.01462	0.01462	0.00896	0.78916	0.02217	0.02972	0.01132	0.01132	0.00802	0.00566	0.00472	0.00142	0.00519	0.00425	0.00472	0.00802
8	0.01128	0.00935	0.01076	0.00845	0.03454	0.00827	0.00654	0.14234	0.08396	0.01810	0.01064	0.01150	0.02339	0.00430	0.00389	0.00094	0.00384	0.00345	0.00331	0.60116
9	0.02459	0.00903	0.01520	0.13993	0.38274	0.00942	0.06935	0.01205	0.00991	0.01393	0.01270	0.19772	0.01269	0.00777	0.03056	0.00177	0.03548	0.00638	0.00277	0.00600
10	0.51941	0.14240	0.06115	0.00782	0.01132	0.01264	0.00707	0.15891	0.01104	0.02077	0.00757	0.00847	0.00585	0.00457	0.00337	0.00138	0.00436	0.00292	0.00305	0.00592
11	0.01395	0.01419	0.01191	0.01090	0.03081	0.26153	0.00823	0.07216	0.48570	0.01773	0.01476	0.01423	0.01124	0.00582	0.00462	0.00146	0.00535	0.00452	0.00400	0.00688
12	0.00675	0.00499	0.00727	0.00727	0.00801	0.00573	0.00552	0.00823	0.00749	0.01072	0.01291	0.02006	0.01245	0.13474	0.71715	0.00720	0.01163	0.00528	0.00257	0.00404
13	0.00603	0.00424	0.00537	0.00615	0.00639	0.00403	0.00396	0.00665	0.00851	0.01130	0.02365	0.60285	0.04740	0.22783	0.01068	0.00260	0.00320	0.01161	0.00398	0.00358
14	0.00997	0.00603	0.00769	0.00768	0.00938	0.00577	0.00642	0.05367	0.01173	0.14284	0.02674	0.07707	0.16240	0.01088	0.00573	0.00183	0.00377	0.38665	0.05869	0.00505
15	0.01126	0.00889	0.00972	0.00858	0.01097	0.00982	0.00670	0.10789	0.46091	0.04283	0.19511	0.02188	0.05129	0.00722	0.00495	0.00154	0.00348	0.00607	0.02423	0.00666
16	0.00788	0.00423	0.00632	0.00637	0.00650	0.00435	0.00437	0.00649	0.00647	0.00874	0.00955	0.04781	0.00964	0.01907	0.13349	0.70420	0.00528	0.00461	0.00221	0.00243
17	0.00946	0.02439	0.80987	0.01344	0.02041	0.01095	0.01742	0.01493	0.00995	0.01493	0.00846	0.00995	0.00597	0.00448	0.00448	0.00149	0.00697	0.00348	0.00199	0.00697
18	0.00871	0.00758	0.01009	0.00829	0.01095	0.00685	0.06242	0.01101	0.03750	0.01450	0.04731	0.11901	0.09809	0.00747	0.00557	0.00133	0.07038	0.08263	0.00338	0.38693
19	0.00761	0.00535	0.00656	0.00635	0.00692	0.00574	0.00431	0.05364	0.02528	0.01134	0.01403	0.02514	0.01470	0.49094	0.27870	0.00522	0.00715	0.00603	0.02124	0.00373
20	0.01230	0.00775	0.02598	0.00777	0.01016	0.00739	0.00626	0.09183	0.13639	0.22577	0.05469	0.05421	0.18042	0.07527	0.02187	0.00194	0.00393	0.06537	0.00468	0.00602
21	0.00940	0.00758	0.05249	0.03189	0.01016	0.00680	0.00630	0.06751	0.11323	0.08559	0.33830	0.03015	0.17549	0.00875	0.00529	0.00154	0.00328	0.03609	0.00470	0.00546
22	0.01404	0.01240	0.01186	0.01010	0.01307	0.11576	0.00796	0.23704	0.43154	0.02127	0.03081	0.01471	0.01185	0.00594	0.00467	0.00146	0.00471	0.00469	0.00440	0.04173

[dist]
# distance from previous block
# <min> <max>
3	5

[block]
# block no. 5 follows, 54 sequences, length 24
# corresponding to MSA columns:
# 152-173,175,176
name=unknown_F
#
# <colnr> <probs for GDERKNQSTAVLIFYWHMCP>
#	G	D	E	R	K	N	Q	S	T	A	V	L	I	F	Y	W	H	M	C	P
0	0.01091	0.05534	0.23426	0.02659	0.09652	0.01155	0.33374	0.04686	0.01092	0.01540	0.00891	0.01123	0.00680	0.00427	0.00506	0.00144	0.02650	0.00436	0.00238	0.08696
1	0.63413	0.04570	0.09127	0.00742	0.01088	0.03415	0.00679	0.03107	0.00903	0.05092	0.00743	0.00841	0.00566	0.00444	0.00326	0.00141	0.00423	0.00279	0.00292	0.03809
2	0.03611	0.01321	0.01455	0.01370	0.13184	0.13531	0.06582	0.33970	0.09057	0.03507	0.02030	0.01359	0.04727	0.00558	0.00470	0.00142	0.00556	0.00454	0.01414	0.00703
3	0.01038	0.00894	0.03001	0.00868	0.05029	0.00697	0.03353	0.03526	0.01034	0.03852	0.00938	0.02020	0.00769	0.00393	0.00374	0.00086	0.00382	0.00328	0.04603	0.66815
4	0.01737	0.02211	0.01390	0.01243	0.01495	0.78572	0.03784	0.01869	0.01328	0.01167	0.00737	0.00866	0.00611	0.00483	0.00430	0.00123	0.00848	0.00313	0.00243	0.00550
5	0.00618	0.00439	0.00583	0.00676	0.00718	0.00418	0.00477	0.00722	0.00937	0.01249	0.06484	0.60147	0.03009	0.08016	0.00752	0.00215	0.00311	0.13414	0.00429	0.00387
6	0.01022	0.00974	0.01028	0.02883	0.03231	0.13580	0.00720	0.03702	0.00923	0.01219	0.01253	0.05154	0.04934	0.20017	0.04706	0.00259	0.26197	0.00532	0.07202	0.00462
7	0.00599	0.00471	0.00532	0.00540	0.00661	0.00415	0.00395	0.00734	0.01092	0.01393	0.22077	0.13435	0.46080	0.06379	0.00682	0.00181	0.00259	0.03227	0.00447	0.00401
8	0.00714	0.00472	0.00680	0.00680	0.00742	0.00516	0.00504	0.00767	0.00741	0.01039	0.01378	0.01949	0.06211	0.05790	0.48003	0.25350	0.00890	0.00514	0.02707	0.00353
9	0.01144	0.13911	0.16307	0.11413	0.38274	0.03537	0.04291	0.01455	0.01042	0.03089	0.00857	0.01088	0.00688	0.00433	0.00441	0.00138	0.00598	0.00384	0.00227	0.00681
10	0.01301	0.00978	0.01078	0.00910	0.01192	0.01056	0.00722	0.25455	0.31374	0.06779	0.07531	0.07823	0.03592	0.00706	0.00488	0.00150	0.00397	0.01727	0.00468	0.06276
11	0.01407	0.11763	0.28846	0.01266	0.09653	0.06106	0.01175	0.10659	0.01238	0.19308	0.01130	0.03499	0.00838	0.00516	0.00444	0.00140	0.00570	0.00407	0.00330	0.00708
12	0.03853	0.05646	0.01284	0.01038	0.01334	0.21159	0.00822	0.21852	0.34192	0.01986	0.01323	0.01294	0.01001	0.00565	0.00450	0.00142	0.00535	0.00426	0.00400	0.00697
13	0.80623	0.00946	0.00726	0.00650	0.00939	0.02799	0.00531	0.01453	0.04778	0.02088	0.00722	0.00818	0.00559	0.00449	0.00304	0.00146	0.00376	0.00270	0.00300	0.00523
14	0.01102	0.07378	0.40035	0.02948	0.12030	0.05417	0.07448	0.03709	0.02957	0.04742	0.01047	0.07184	0.00865	0.00530	0.00462	0.00147	0.00624	0.00452	0.00257	0.00666
15	0.00752	0.01042	0.21322	0.00959	0.02694	0.00712	0.03836	0.00984	0.00964	0.01348	0.09099	0.36758	0.05956	0.03401	0.00686	0.00182	0.07585	0.00877	0.00348	0.00495
16	0.00683	0.00535	0.02018	0.00728	0.04076	0.00481	0.00528	0.00890	0.01229	0.01716	0.56373	0.15175	0.06008	0.01039	0.00564	0.00160	0.00268	0.06596	0.00481	0.00451
17	0.07637	0.00940	0.05190	0.01650	0.32794	0.00916	0.04263	0.01217	0.02461	0.01423	0.02459	0.01691	0.03327	0.15294	0.07844	0.00254	0.05732	0.00490	0.03846	0.00570
18	0.06197	0.06222	0.01343	0.01807	0.01344	0.04637	0.00824	0.45935	0.03373	0.14780	0.02185	0.01211	0.00886	0.00565	0.00493	0.00142	0.03978	0.00415	0.02931	0.00733
19	0.00718	0.00495	0.00551	0.00542	0.00602	0.00484	0.00344	0.00830	0.04788	0.02800	0.05711	0.05594	0.16751	0.53363	0.01716	0.00347	0.00387	0.00752	0.02868	0.00356
20	0.00738	0.00801	0.11145	0.00707	0.00925	0.00606	0.00629	0.01111	0.10691	0.01696	0.41738	0.03230	0.22338	0.00914	0.00533	0.00153	0.00307	0.00783	0.00452	0.00503
21	0.01040	0.01116	0.02075	0.01583	0.01883	0.04165	0.45914	0.01326	0.01009	0.01373	0.01092	0.05650	0.00985	0.00811	0.06114	0.00212	0.16831	0.05995	0.00257	0.00568
22	0.01139	0.01092	0.01864	0.10841	0.72757	0.01113	0.01433	0.01423	0.01061	0.01507	0.00882	0.01176	0.00735	0.00425	0.00467	0.00142	0.00567	0.00420	0.00231	0.00725
23	0.01199	0.05488	0.01665	0.19000	0.39232	0.15538	0.01234	0.01453	0.02148	0.01359	0.00931	0.01190	0.02599	0.00483	0.00506	0.00142	0.04554	0.00405	0.00235	0.00637

[dist]
# distance from previous block
# <min> <max>
0	1

[block]
# block no. 6 follows, 54 sequences, length 20
# corresponding to MSA columns:
# 178-197
name=unknown_G
#
# <colnr> <probs for GDERKNQSTAVLIFYWHMCP>
#	G	D	E	R	K	N	Q	S	T	A	V	L	I	F	Y	W	H	M	C	P
0	0.01085	0.01157	0.02276	0.01692	0.02041	0.01187	0.53252	0.04005	0.01059	0.01468	0.00979	0.01432	0.00813	0.00644	0.03741	0.00191	0.16450	0.04206	0.00251	0.02073
1	0.07845	0.03779	0.03620	0.00961	0.04108	0.01028	0.02834	0.15902	0.25483	0.06981	0.06148	0.03531	0.12154	0.00706	0.00480	0.00153	0.00407	0.02796	0.00431	0.00653
2	0.13130	0.40676	0.08613	0.00908	0.01265	0.18791	0.00846	0.01501	0.01030	0.03581	0.00830	0.05377	0.00747	0.00494	0.00362	0.00122	0.00561	0.00339	0.00247	0.00581
3	0.00819	0.00410	0.00614	0.00614	0.00614	0.00410	0.00410	0.00614	0.00614	0.00819	0.00819	0.01433	0.00819	0.01638	0.01843	0.86282	0.00410	0.00410	0.00205	0.00205
4	0.01000	0.04451	0.60188	0.01400	0.03165	0.01109	0.11942	0.01525	0.03929	0.02711	0.00967	0.01212	0.00727	0.00478	0.00467	0.00152	0.00677	0.02991	0.00229	0.00681
5	0.00945	0.00792	0.00939	0.00708	0.01082	0.00609	0.00567	0.01141	0.00975	0.01499	0.01016	0.03710	0.00926	0.00487	0.00417	0.02225	0.00355	0.06218	0.00294	0.75093
6	0.05185	0.01111	0.03461	0.01587	0.06882	0.01095	0.41948	0.08409	0.01118	0.01576	0.01180	0.05795	0.03615	0.04762	0.03680	0.00198	0.06954	0.00568	0.00279	0.00597
7	0.00809	0.00419	0.00616	0.00621	0.00627	0.00419	0.00420	0.00636	0.00642	0.00854	0.00939	0.01718	0.00963	0.06190	0.01815	0.77226	0.00413	0.04233	0.00221	0.00221
8	0.01732	0.01232	0.01337	0.01046	0.01406	0.01354	0.00857	0.61334	0.13234	0.09569	0.01308	0.01263	0.00925	0.00578	0.00473	0.00145	0.00488	0.00444	0.00483	0.00794
9	0.04525	0.03420	0.02857	0.01100	0.02873	0.08588	0.06871	0.39101	0.05246	0.12166	0.02578	0.01306	0.00938	0.03351	0.00527	0.00152	0.00532	0.00440	0.02719	0.00712
10	0.01261	0.83713	0.02471	0.00807	0.01210	0.01866	0.00807	0.01412	0.00958	0.01109	0.00656	0.00756	0.00605	0.00403	0.00303	0.00101	0.00504	0.00252	0.00202	0.00605
11	0.00946	0.02439	0.80987	0.01344	0.02041	0.01095	0.01742	0.01493	0.00995	0.01493	0.00846	0.00995	0.00597	0.00448	0.00448	0.00149	0.00697	0.00348	0.00199	0.00697
12	0.02522	0.01087	0.01522	0.04192	0.36714	0.01146	0.01099	0.23830	0.05172	0.06607	0.01258	0.01494	0.03853	0.02006	0.00541	0.00153	0.02863	0.02872	0.00349	0.00719
13	0.00597	0.00445	0.00551	0.00602	0.00671	0.00414	0.00417	0.00702	0.00962	0.01262	0.11271	0.43515	0.21353	0.08452	0.06302	0.00241	0.00343	0.01093	0.00421	0.00388
14	0.00829	0.00473	0.00546	0.00542	0.00619	0.00467	0.00375	0.00956	0.00904	0.05615	0.05931	0.07694	0.01745	0.30959	0.05036	0.00281	0.00378	0.03479	0.32774	0.00399
15	0.27388	0.00912	0.01009	0.00805	0.01142	0.00926	0.00663	0.13978	0.02812	0.41746	0.01379	0.01286	0.00919	0.00537	0.00416	0.00145	0.00404	0.00401	0.02427	0.00706
16	0.00731	0.00618	0.00890	0.25315	0.04774	0.00656	0.00768	0.00950	0.02294	0.01335	0.09480	0.17436	0.21388	0.00979	0.00546	0.00170	0.00401	0.10438	0.00368	0.00462
17	0.00760	0.00628	0.00829	0.00812	0.00931	0.03968	0.06836	0.03537	0.01064	0.01392	0.09544	0.37598	0.09263	0.04230	0.00650	0.00191	0.00377	0.15178	0.01777	0.00438
18	0.00768	0.00623	0.00744	0.00774	0.04617	0.03970	0.00555	0.02188	0.01188	0.02682	0.37219	0.11493	0.17886	0.02276	0.00622	0.00166	0.03372	0.07948	0.00447	0.00459
19	0.31546	0.02960	0.01188	0.01158	0.09383	0.38038	0.00819	0.05479	0.01159	0.03260	0.00762	0.00881	0.00609	0.00467	0.00384	0.00133	0.00618	0.00307	0.00277	0.00573

[dist]
# distance from previous block
# <min> <max>
0	1

[block]
# block no. 7 follows, 54 sequences, length 8
# corresponding to MSA columns:
# 199-206
name=unknown_H
#
# <colnr> <probs for GDERKNQSTAVLIFYWHMCP>
#	G	D	E	R	K	N	Q	S	T	A	V	L	I	F	Y	W	H	M	C	P
0	0.29731	0.04183	0.01090	0.00899	0.01190	0.24267	0.00714	0.07830	0.08818	0.13357	0.03063	0.01109	0.00852	0.00515	0.00396	0.00138	0.00524	0.00357	0.00355	0.00611
1	0.03509	0.30153	0.29182	0.05028	0.10907	0.07894	0.01225	0.01514	0.04044	0.01361	0.00811	0.00956	0.00650	0.00441	0.00396	0.00130	0.00602	0.00328	0.00221	0.00648
2	0.00911	0.00555	0.00700	0.00637	0.00798	0.00507	0.00486	0.03826	0.01286	0.14294	0.45712	0.10849	0.15643	0.00974	0.00545	0.00153	0.00269	0.00846	0.00507	0.00501
3	0.00789	0.00574	0.00708	0.00702	0.00796	0.03611	0.02619	0.00918	0.02388	0.06106	0.14895	0.38721	0.08671	0.07599	0.00788	0.04295	0.02211	0.00972	0.02210	0.00427
4	0.00647	0.00453	0.00522	0.00541	0.00574	0.00435	0.00333	0.00691	0.00818	0.01075	0.06880	0.18295	0.12675	0.52091	0.01705	0.00349	0.00379	0.00860	0.00349	0.00329
5	0.00729	0.00523	0.00750	0.00749	0.00828	0.00589	0.00567	0.00859	0.00780	0.01132	0.01301	0.01955	0.01229	0.08481	0.68888	0.05019	0.01136	0.00521	0.03540	0.00423
6	0.01071	0.11452	0.54235	0.01419	0.09696	0.05163	0.01508	0.03638	0.01037	0.01462	0.00820	0.00984	0.00620	0.00463	0.00485	0.00144	0.04563	0.00348	0.00213	0.00678
7	0.01184	0.38203	0.01639	0.00842	0.01126	0.11801	0.00727	0.07287	0.04033	0.01407	0.10290	0.09964	0.04365	0.00652	0.00440	0.00128	0.02504	0.00499	0.00310	0.02597

[dist]
# distance from previous block
# <min> <max>
3	10

[block]
# block no. 8 follows, 54 sequences, length 7
# corresponding to MSA columns:
# 218-224
name=unknown_I
#
# <colnr> <probs for GDERKNQSTAVLIFYWHMCP>
#	G	D	E	R	K	N	Q	S	T	A	V	L	I	F	Y	W	H	M	C	P
0	0.00813	0.00650	0.02390	0.00694	0.00869	0.00626	0.00548	0.05419	0.08906	0.03522	0.21960	0.02816	0.20286	0.04038	0.20006	0.00303	0.00535	0.00695	0.00407	0.04515
1	0.01178	0.00963	0.06227	0.01028	0.07272	0.04076	0.02348	0.06489	0.18547	0.13939	0.24707	0.04527	0.03602	0.00729	0.00506	0.00152	0.00402	0.02225	0.00452	0.00633
2	0.01056	0.00967	0.01347	0.06811	0.09563	0.06672	0.07008	0.01275	0.03585	0.05861	0.04973	0.08452	0.01177	0.01104	0.11566	0.00250	0.26959	0.00539	0.00287	0.00549
3	0.01074	0.01047	0.01683	0.36376	0.29639	0.04536	0.08636	0.03702	0.03483	0.01421	0.00916	0.01239	0.00723	0.00546	0.02875	0.00167	0.00638	0.00434	0.00239	0.00625
4	0.00645	0.00513	0.00569	0.00567	0.00704	0.00470	0.00422	0.04544	0.01086	0.01359	0.08212	0.14221	0.51367	0.05026	0.05864	0.00215	0.00337	0.03036	0.00425	0.00416
5	0.15408	0.03770	0.01531	0.05997	0.09501	0.21740	0.13562	0.09543	0.04435	0.04573	0.00922	0.01078	0.00714	0.00482	0.00464	0.00141	0.02807	0.00388	0.02329	0.00616
6	0.22228	0.05755	0.04451	0.00868	0.03908	0.06434	0.00704	0.12741	0.01253	0.12566	0.12440	0.01731	0.05476	0.00622	0.00429	0.00142	0.00423	0.02773	0.04460	0.00596

[dist]
# distance from previous block
# <min> <max>
0	1

[block]
# block no. 9 follows, 54 sequences, length 11
# corresponding to MSA columns:
# 226-236
name=unknown_J
#
# <colnr> <probs for GDERKNQSTAVLIFYWHMCP>
#	G	D	E	R	K	N	Q	S	T	A	V	L	I	F	Y	W	H	M	C	P
0	0.01111	0.01079	0.01725	0.25328	0.53194	0.04128	0.01367	0.01426	0.03404	0.01443	0.00898	0.01198	0.00729	0.00444	0.00467	0.00145	0.00585	0.00419	0.00234	0.00676
1	0.14655	0.00703	0.00673	0.00641	0.00801	0.07491	0.00484	0.01025	0.01147	0.03928	0.34003	0.11926	0.18943	0.00932	0.00505	0.00153	0.00314	0.00783	0.00435	0.00458
2	0.27724	0.03627	0.01089	0.00954	0.07119	0.02433	0.02057	0.01721	0.02656	0.32796	0.04955	0.01429	0.03822	0.00569	0.00479	0.00148	0.04937	0.00427	0.00412	0.00647
3	0.06381	0.02353	0.04645	0.05495	0.21297	0.07351	0.05285	0.18885	0.05326	0.03872	0.06122	0.01493	0.01100	0.00552	0.00463	0.00144	0.00526	0.03502	0.04542	0.00663
4	0.00661	0.00463	0.00578	0.00592	0.00627	0.00472	0.00387	0.00728	0.00789	0.01071	0.06755	0.14701	0.04781	0.45792	0.19139	0.00453	0.00582	0.00765	0.00321	0.00344
5	0.01718	0.01303	0.01436	0.04704	0.07553	0.04833	0.00948	0.63098	0.02000	0.06019	0.01114	0.01148	0.00797	0.00548	0.00469	0.00141	0.00536	0.00421	0.00437	0.00775
6	0.00598	0.00462	0.00542	0.00570	0.00676	0.00412	0.00414	0.00729	0.01072	0.01381	0.19938	0.26179	0.37290	0.03487	0.00624	0.00177	0.00259	0.04339	0.00451	0.00402
7	0.13291	0.01093	0.01211	0.00941	0.01302	0.01152	0.00777	0.43004	0.01738	0.28783	0.01311	0.01240	0.00884	0.00555	0.00448	0.00144	0.00459	0.00418	0.00485	0.00763
8	0.04480	0.00859	0.00979	0.00723	0.01117	0.00700	0.00577	0.05752	0.03055	0.01643	0.00937	0.03872	0.00800	0.00412	0.00366	0.00084	0.00358	0.00330	0.00302	0.72654
9	0.43889	0.01199	0.03605	0.00840	0.01152	0.12455	0.00701	0.15486	0.02758	0.08402	0.01016	0.01146	0.02296	0.00524	0.00382	0.00144	0.00475	0.02584	0.00348	0.00598
10	0.09999	0.04700	0.01136	0.02038	0.02955	0.16899	0.00733	0.11060	0.04874	0.07028	0.09464	0.01446	0.03477	0.00621	0.01547	0.00142	0.06685	0.00429	0.03744	0.11025

[dist]
# distance from previous block
# <min> <max>
0	3

[block]
# block no. 10 follows, 54 sequences, length 8
# corresponding to MSA columns:
# 241-248
name=unknown_K
#
# <colnr> <probs for GDERKNQSTAVLIFYWHMCP>
#	G	D	E	R	K	N	Q	S	T	A	V	L	I	F	Y	W	H	M	C	P
0	0.00836	0.00662	0.00875	0.00797	0.00968	0.00701	0.00631	0.05339	0.04548	0.01350	0.01289	0.04924	0.01205	0.02287	0.46221	0.00484	0.04610	0.04523	0.00295	0.17456
1	0.00953	0.00909	0.01073	0.00971	0.01024	0.09465	0.00765	0.01066	0.00801	0.01115	0.00966	0.01558	0.00950	0.13128	0.24245	0.00386	0.36563	0.00467	0.03136	0.00457
2	0.00614	0.00466	0.00554	0.00562	0.00663	0.00424	0.00402	0.00749	0.01073	0.01414	0.28000	0.18155	0.30754	0.09732	0.04115	0.00217	0.00305	0.00960	0.00440	0.00400
3	0.03458	0.00666	0.00819	0.00733	0.00936	0.00632	0.00562	0.10476	0.01243	0.26307	0.07273	0.29871	0.10620	0.00973	0.00523	0.00162	0.00336	0.00839	0.02997	0.00574
4	0.00771	0.00482	0.00540	0.00529	0.00634	0.00466	0.00383	0.03387	0.01083	0.01632	0.21880	0.08829	0.11320	0.10609	0.00683	0.00174	0.00264	0.00705	0.35203	0.00425
5	0.00788	0.00672	0.00947	0.00868	0.00950	0.03204	0.04954	0.00926	0.00776	0.01092	0.01173	0.01894	0.01150	0.17660	0.47813	0.00566	0.13369	0.00521	0.00251	0.00426
6	0.00932	0.00791	0.00842	0.00815	0.00990	0.05054	0.00634	0.04011	0.28961	0.01675	0.13932	0.13834	0.10718	0.00962	0.00542	0.00169	0.00363	0.13764	0.00455	0.00553
7	0.00891	0.00779	0.01078	0.05346	0.01262	0.00650	0.08296	0.01101	0.00995	0.01471	0.05601	0.17000	0.01371	0.00612	0.00437	0.00111	0.00387	0.00551	0.00315	0.51746

[dist]
# distance from previous block
# <min> <max>
0	2

[block]
# block no. 11 follows, 54 sequences, length 17
# corresponding to MSA columns:
# 310-326
name=unknown_L
#
# <colnr> <probs for GDERKNQSTAVLIFYWHMCP>
#	G	D	E	R	K	N	Q	S	T	A	V	L	I	F	Y	W	H	M	C	P
0	0.03262	0.01100	0.03889	0.03981	0.37361	0.02099	0.01101	0.13254	0.08873	0.11565	0.05416	0.01379	0.01057	0.00514	0.00466	0.00142	0.00497	0.00450	0.00353	0.03240
1	0.01372	0.01132	0.01601	0.01664	0.26768	0.01131	0.08416	0.27118	0.03267	0.05281	0.01029	0.01161	0.00786	0.00465	0.00455	0.00130	0.00518	0.00413	0.00342	0.16951
2	0.80811	0.03101	0.00756	0.00640	0.00933	0.01084	0.00529	0.01435	0.04209	0.02083	0.00711	0.00809	0.00553	0.00445	0.00300	0.00145	0.00369	0.00267	0.00298	0.00523
3	0.08928	0.01190	0.04033	0.01585	0.02022	0.01115	0.50671	0.06932	0.02512	0.14589	0.01101	0.01273	0.00786	0.00448	0.00510	0.00154	0.00664	0.00502	0.00318	0.00667
4	0.00978	0.00838	0.00978	0.00698	0.01117	0.00629	0.00559	0.01187	0.00978	0.01536	0.00838	0.00978	0.00698	0.00349	0.00349	0.00070	0.00349	0.00279	0.00279	0.86312
5	0.01804	0.01301	0.01403	0.01076	0.01453	0.01434	0.00889	0.76069	0.02185	0.05864	0.01159	0.01150	0.00815	0.00567	0.00472	0.00142	0.00514	0.00426	0.00476	0.00802
6	0.00767	0.00577	0.00650	0.00670	0.00732	0.03996	0.00479	0.02793	0.00940	0.01228	0.09803	0.10476	0.02300	0.41178	0.01474	0.00319	0.00430	0.20452	0.00364	0.00373
7	0.40743	0.00697	0.00655	0.00591	0.00802	0.00752	0.00466	0.01314	0.00900	0.11115	0.01081	0.01242	0.00834	0.00633	0.00512	0.10536	0.00331	0.00355	0.25954	0.00487
8	0.01020	0.00954	0.01588	0.51663	0.30069	0.01088	0.01342	0.04154	0.01035	0.01387	0.00866	0.01221	0.00676	0.00457	0.00470	0.00151	0.00601	0.00420	0.00227	0.00612
9	0.00720	0.00526	0.00652	0.00692	0.00780	0.00512	0.00498	0.08848	0.01107	0.01472	0.10061	0.55377	0.09833	0.01298	0.00583	0.00181	0.00301	0.05675	0.00449	0.00437
10	0.00669	0.00472	0.00574	0.00574	0.00612	0.00485	0.00372	0.00725	0.00745	0.00999	0.01770	0.02916	0.09757	0.54092	0.22793	0.00504	0.00644	0.00671	0.00293	0.00333
11	0.01131	0.01261	0.05791	0.08503	0.30532	0.05220	0.29111	0.01442	0.01050	0.01439	0.00869	0.01174	0.00699	0.00463	0.00609	0.00155	0.09209	0.00459	0.00229	0.00653
12	0.00712	0.00718	0.09119	0.00821	0.00963	0.00659	0.00708	0.00911	0.00778	0.01129	0.01212	0.01795	0.01127	0.06605	0.67573	0.00667	0.03315	0.00494	0.00247	0.00446
13	0.00988	0.00823	0.00951	0.00699	0.01072	0.00653	0.00547	0.05047	0.01010	0.01544	0.00920	0.01205	0.00809	0.09010	0.00569	0.00114	0.00369	0.00329	0.00290	0.73051
14	0.01314	0.09489	0.04599	0.01568	0.24187	0.12704	0.06174	0.05046	0.03071	0.07828	0.01190	0.05398	0.01047	0.09189	0.00675	0.00180	0.00574	0.00491	0.04629	0.00647
15	0.00739	0.00541	0.00692	0.00809	0.08909	0.00537	0.00460	0.03012	0.00830	0.01113	0.01757	0.20451	0.04259	0.51928	0.01693	0.00348	0.00423	0.00804	0.00324	0.00373
16	0.08135	0.22970	0.21508	0.01055	0.04298	0.06803	0.03117	0.06282	0.05010	0.03855	0.00993	0.03380	0.00857	0.09124	0.00611	0.00167	0.00555	0.00400	0.00271	0.00609

[dist]
# distance from previous block
# <min> <max>
2	6

[block]
# block no. 12 follows, 54 sequences, length 7
# corresponding to MSA columns:
# 333-339
name=unknown_M
#
# <colnr> <probs for GDERKNQSTAVLIFYWHMCP>
#	G	D	E	R	K	N	Q	S	T	A	V	L	I	F	Y	W	H	M	C	P
0	0.00595	0.00458	0.00544	0.00567	0.00671	0.00407	0.00408	0.00733	0.01097	0.01432	0.26112	0.28709	0.34141	0.01215	0.00571	0.00166	0.00245	0.01061	0.00461	0.00407
1	0.01613	0.00855	0.01300	0.01000	0.01331	0.00784	0.13856	0.08114	0.01346	0.44775	0.10866	0.05431	0.05184	0.00662	0.00507	0.00151	0.00444	0.00590	0.00496	0.00696
2	0.03425	0.01142	0.01120	0.00937	0.01199	0.12533	0.03766	0.27419	0.11728	0.01999	0.01803	0.01817	0.14329	0.00669	0.00505	0.00144	0.03685	0.00520	0.10638	0.00622
3	0.01126	0.15027	0.01906	0.18747	0.51320	0.01231	0.01311	0.01392	0.01027	0.01399	0.00838	0.01116	0.00699	0.00428	0.00440	0.00137	0.00565	0.00391	0.00223	0.00677
4	0.01703	0.01329	0.01362	0.01074	0.01429	0.05849	0.00876	0.63890	0.13077	0.02730	0.01221	0.01205	0.00881	0.00572	0.00470	0.00143	0.00517	0.00433	0.00460	0.00780
5	0.00955	0.00719	0.00843	0.00746	0.00818	0.00816	0.00528	0.15699	0.00984	0.01344	0.01272	0.02365	0.01355	0.53641	0.01888	0.00354	0.14351	0.00590	0.00308	0.00423
6	0.00792	0.00515	0.00588	0.00560	0.00627	0.00504	0.00359	0.03589	0.00851	0.06056	0.02043	0.03112	0.14909	0.57707	0.05538	0.00390	0.00456	0.00707	0.00335	0.00362

[dist]
# distance from previous block
# <min> <max>
0	22

[block]
# block no. 13 follows, 54 sequences, length 25
# corresponding to MSA columns:
# 362-386
name=unknown_N
#
# <colnr> <probs for GDERKNQSTAVLIFYWHMCP>
#	G	D	E	R	K	N	Q	S	T	A	V	L	I	F	Y	W	H	M	C	P
0	0.02044	0.06508	0.01201	0.00846	0.01214	0.00803	0.00709	0.05192	0.01356	0.72347	0.01749	0.01528	0.01115	0.00571	0.00462	0.00143	0.00413	0.00457	0.00553	0.00789
1	0.01317	0.74531	0.02343	0.00853	0.01238	0.10846	0.00819	0.01465	0.01001	0.01114	0.00664	0.00767	0.00605	0.00413	0.00316	0.00103	0.00543	0.00258	0.00206	0.00598
2	0.01139	0.01062	0.01619	0.37169	0.35023	0.04136	0.01305	0.10090	0.01155	0.01541	0.00887	0.01190	0.00696	0.00461	0.00468	0.00147	0.00596	0.00416	0.00250	0.00649
3	0.00985	0.00553	0.00728	0.00651	0.00819	0.00499	0.00504	0.01190	0.01310	0.19401	0.55606	0.04848	0.07229	0.00910	0.00541	0.00151	0.00270	0.02757	0.00526	0.00521
4	0.01224	0.25983	0.28228	0.01104	0.01568	0.07534	0.04713	0.05181	0.12295	0.04851	0.02445	0.01113	0.00829	0.00483	0.00417	0.00134	0.00581	0.00370	0.00280	0.00667
5	0.00841	0.00525	0.00662	0.00663	0.00771	0.00500	0.00502	0.00967	0.00991	0.10206	0.08751	0.06805	0.13893	0.26328	0.04619	0.00290	0.00420	0.21436	0.00406	0.00423
6	0.00845	0.00656	0.00884	0.00853	0.02572	0.00732	0.02153	0.09654	0.00977	0.01343	0.01602	0.10198	0.04853	0.15426	0.30767	0.00438	0.07938	0.07331	0.00320	0.00458
7	0.01563	0.00968	0.01158	0.01127	0.01198	0.00866	0.00747	0.01192	0.01117	0.01563	0.01549	0.02387	0.01493	0.01987	0.01997	0.76706	0.00659	0.00644	0.00459	0.00618
8	0.01680	0.02106	0.01367	0.01279	0.04396	0.71999	0.00941	0.01805	0.01276	0.01167	0.00726	0.00877	0.00614	0.00511	0.00518	0.00129	0.07501	0.00317	0.00240	0.00552
9	0.02607	0.01155	0.02515	0.16322	0.28842	0.08994	0.12158	0.06524	0.02352	0.03487	0.00989	0.02861	0.00803	0.00607	0.03957	0.00170	0.00635	0.00447	0.02255	0.02320
10	0.01103	0.01041	0.01690	0.28769	0.37668	0.03528	0.06556	0.01420	0.03532	0.03462	0.00932	0.01232	0.00739	0.00468	0.00516	0.00149	0.03993	0.00431	0.02128	0.00645
11	0.80887	0.00904	0.00721	0.00635	0.00932	0.01032	0.00523	0.01449	0.00840	0.07576	0.00740	0.00824	0.00556	0.00448	0.00304	0.00146	0.00367	0.00270	0.00312	0.00531
12	0.01341	0.01167	0.01303	0.01277	0.11662	0.09093	0.04212	0.10232	0.43373	0.07033	0.01600	0.01554	0.02830	0.00586	0.00476	0.00151	0.00477	0.00491	0.00419	0.00724
13	0.20889	0.01295	0.02484	0.00937	0.01178	0.23649	0.00746	0.12469	0.01228	0.08799	0.03242	0.10319	0.01063	0.00648	0.00521	0.00148	0.07318	0.00469	0.02024	0.00574
14	0.01252	0.00685	0.00862	0.00748	0.00964	0.00653	0.00593	0.11655	0.01372	0.25710	0.26791	0.11036	0.05974	0.00870	0.00524	0.00155	0.00336	0.05938	0.03291	0.00591
15	0.00586	0.00420	0.00539	0.00629	0.00662	0.00392	0.00416	0.00661	0.00891	0.01177	0.02624	0.69006	0.08192	0.10461	0.00796	0.00218	0.00291	0.01245	0.00421	0.00373
16	0.01462	0.01028	0.01150	0.01168	0.01308	0.00901	0.00794	0.01414	0.04650	0.06150	0.07849	0.51915	0.10158	0.03922	0.00928	0.00318	0.00551	0.02841	0.00676	0.00817
17	0.00651	0.00555	0.04322	0.00729	0.00828	0.00469	0.00585	0.00802	0.00989	0.01301	0.04702	0.43159	0.11585	0.02863	0.00637	0.00198	0.00340	0.24447	0.00425	0.00415
18	0.01208	0.00938	0.01011	0.00891	0.01162	0.01035	0.00697	0.04626	0.58880	0.09470	0.02184	0.02018	0.10263	0.00687	0.00484	0.00156	0.00365	0.00570	0.00480	0.02876
19	0.01563	0.01329	0.01437	0.01130	0.01466	0.12087	0.09388	0.48056	0.04775	0.02375	0.04635	0.01382	0.03838	0.00579	0.00476	0.00141	0.00554	0.00466	0.03618	0.00704
20	0.01856	0.01443	0.01519	0.01405	0.01699	0.01454	0.01029	0.02693	0.60277	0.05006	0.06761	0.02961	0.02266	0.01153	0.00801	0.00293	0.00623	0.04985	0.00706	0.01067
21	0.10739	0.33563	0.41703	0.01055	0.01594	0.01388	0.01243	0.01450	0.00959	0.01416	0.00751	0.00878	0.00591	0.00430	0.00374	0.00130	0.00585	0.00301	0.00211	0.00641
22	0.00715	0.00552	0.00765	0.00853	0.09697	0.00517	0.00558	0.00933	0.01269	0.01782	0.62854	0.06758	0.07876	0.00942	0.00550	0.00151	0.00267	0.02008	0.00478	0.00474
23	0.01181	0.74331	0.02246	0.00770	0.01146	0.01700	0.00756	0.01329	0.00971	0.01128	0.01120	0.01183	0.09587	0.00493	0.00331	0.00107	0.00474	0.00336	0.00228	0.00582
24	0.01943	0.03352	0.02265	0.02872	0.59920	0.01510	0.03304	0.05280	0.03277	0.05926	0.01684	0.02176	0.01462	0.00924	0.00776	0.00274	0.00784	0.00658	0.00516	0.01099

[dist]
# distance from previous block
# <min> <max>
1	9

[block]
# block no. 14 follows, 54 sequences, length 8
# corresponding to MSA columns:
# 396-403
name=unknown_O
#
# <colnr> <probs for GDERKNQSTAVLIFYWHMCP>
#	G	D	E	R	K	N	Q	S	T	A	V	L	I	F	Y	W	H	M	C	P
0	0.22213	0.00894	0.00937	0.00793	0.01086	0.00948	0.00637	0.10233	0.21582	0.21493	0.01916	0.01804	0.12231	0.00647	0.00443	0.00151	0.00375	0.00504	0.00453	0.00660
1	0.00593	0.00425	0.00564	0.00644	0.00688	0.00395	0.00439	0.00703	0.00989	0.01341	0.18113	0.67216	0.03384	0.01375	0.00593	0.00183	0.00263	0.01243	0.00454	0.00395
2	0.01090	0.01046	0.01508	0.01242	0.01364	0.03388	0.11927	0.09748	0.00968	0.01383	0.00887	0.04739	0.00839	0.04085	0.06529	0.00236	0.47732	0.00488	0.00257	0.00544
3	0.00701	0.00523	0.00695	0.00687	0.00722	0.00590	0.00484	0.00783	0.00738	0.01032	0.01432	0.10341	0.01549	0.37325	0.32402	0.00523	0.08168	0.00657	0.00281	0.00368
4	0.10217	0.00630	0.00921	0.00852	0.01014	0.00615	0.11578	0.00940	0.01000	0.01433	0.07226	0.28530	0.13981	0.01193	0.04046	0.00203	0.00420	0.14363	0.00390	0.00450
5	0.14149	0.14078	0.01270	0.00861	0.01154	0.07831	0.00702	0.21656	0.08508	0.11287	0.01162	0.01385	0.00943	0.12245	0.00688	0.00181	0.00485	0.00415	0.00371	0.00629
6	0.00969	0.00836	0.00846	0.00776	0.00961	0.06105	0.00578	0.04429	0.30478	0.01638	0.13645	0.08775	0.10428	0.12497	0.00771	0.00195	0.00376	0.00684	0.00425	0.04588
7	0.01191	0.01155	0.01590	0.02174	0.51670	0.09819	0.01175	0.05094	0.06375	0.01643	0.12174	0.01503	0.01304	0.00525	0.00476	0.00141	0.00530	0.00476	0.00302	0.00685

[dist]
# distance from previous block
# <min> <max>
0	1

[block]
# block no. 15 follows, 54 sequences, length 22
# corresponding to MSA columns:
# 405-426
name=unknown_P
#
# <colnr> <probs for GDERKNQSTAVLIFYWHMCP>
#	G	D	E	R	K	N	Q	S	T	A	V	L	I	F	Y	W	H	M	C	P
0	0.01242	0.37493	0.19572	0.01224	0.04003	0.14076	0.11801	0.01513	0.01046	0.01270	0.00756	0.00913	0.00624	0.00434	0.00419	0.00126	0.02321	0.00332	0.00214	0.00623
1	0.01435	0.01138	0.01244	0.01027	0.01336	0.03062	0.02811	0.30185	0.38829	0.05909	0.01569	0.01503	0.02511	0.00611	0.00509	0.00151	0.02932	0.00486	0.00457	0.02293
2	0.12675	0.00855	0.00906	0.00766	0.01011	0.04945	0.00602	0.13450	0.02331	0.26235	0.01473	0.04504	0.01181	0.10957	0.02005	0.00191	0.00429	0.02462	0.12416	0.00605
3	0.04986	0.00892	0.00977	0.00904	0.01107	0.10072	0.04398	0.11367	0.01271	0.07515	0.06830	0.09283	0.09971	0.00958	0.00549	0.00173	0.00460	0.27340	0.00418	0.00529
4	0.00659	0.00482	0.00621	0.00604	0.00715	0.00444	0.00457	0.00864	0.01273	0.01768	0.64271	0.07524	0.11395	0.01033	0.00565	0.00156	0.00241	0.05989	0.00502	0.00437
5	0.03096	0.00912	0.01194	0.00988	0.01274	0.02504	0.11275	0.08271	0.20610	0.05578	0.06954	0.06182	0.05307	0.00718	0.00500	0.00151	0.00436	0.10101	0.00405	0.13545
6	0.00637	0.00459	0.00584	0.00653	0.00700	0.00441	0.00443	0.00769	0.03887	0.01234	0.06036	0.57328	0.02819	0.15085	0.00894	0.00232	0.00315	0.05154	0.00415	0.01916
7	0.10995	0.01400	0.01343	0.03264	0.07110	0.16326	0.00898	0.45160	0.01745	0.05781	0.01011	0.01066	0.00741	0.00525	0.00443	0.00139	0.00565	0.00385	0.00390	0.00711
8	0.02954	0.02530	0.05111	0.02429	0.61367	0.02675	0.01315	0.01591	0.06080	0.07884	0.01017	0.01211	0.00808	0.00450	0.00460	0.00141	0.00542	0.00420	0.00276	0.00738
9	0.01007	0.08179	0.66749	0.01358	0.05488	0.03137	0.01603	0.01533	0.03990	0.01478	0.00872	0.01011	0.00637	0.00452	0.00439	0.00145	0.00668	0.00351	0.00213	0.00691
10	0.86760	0.00912	0.00693	0.00620	0.00912	0.01058	0.00511	0.01386	0.00802	0.02115	0.00657	0.00766	0.00511	0.00438	0.00292	0.00146	0.00365	0.00255	0.00292	0.00511
11	0.01029	0.00869	0.01005	0.00723	0.01139	0.00681	0.00580	0.06124	0.01056	0.01628	0.00857	0.00988	0.00705	0.00363	0.00357	0.00074	0.00360	0.00289	0.00292	0.80881
12	0.00573	0.00471	0.00505	0.00512	0.00651	0.00402	0.00378	0.00702	0.01089	0.01345	0.14183	0.13129	0.62034	0.01196	0.00562	0.00161	0.00241	0.01015	0.00448	0.00402
13	0.00932	0.00883	0.01244	0.01095	0.01116	0.01200	0.00897	0.01047	0.00730	0.01117	0.00807	0.01304	0.00794	0.04341	0.21204	0.00350	0.59789	0.00445	0.00220	0.00485
14	0.01835	0.03152	0.02849	0.00900	0.01241	0.07457	0.00750	0.21229	0.01511	0.43236	0.01502	0.01407	0.01008	0.00560	0.00450	0.00138	0.00458	0.00436	0.09145	0.00738
15	0.00718	0.00492	0.00630	0.00597	0.00719	0.00448	0.00447	0.00918	0.01279	0.05525	0.63226	0.08819	0.12391	0.01005	0.00555	0.00152	0.00236	0.00882	0.00508	0.00453
16	0.01530	0.01292	0.17433	0.01381	0.08772	0.00977	0.17245	0.08593	0.01272	0.32981	0.01333	0.02943	0.00928	0.00519	0.00488	0.00149	0.00564	0.00474	0.00391	0.00733
17	0.00819	0.00410	0.00614	0.00614	0.00614	0.00410	0.00410	0.00614	0.00614	0.00819	0.00819	0.01433	0.00819	0.01638	0.01843	0.86282	0.00410	0.00410	0.00205	0.00205
18	0.01786	0.01500	0.01400	0.01110	0.01461	0.16978	0.00899	0.63989	0.02046	0.02619	0.01054	0.01077	0.00764	0.00550	0.00463	0.00138	0.00583	0.00401	0.00427	0.00752
19	0.00978	0.00838	0.00978	0.00698	0.01117	0.00629	0.00559	0.01187	0.00978	0.01536	0.00838	0.00978	0.00698	0.00349	0.00349	0.00070	0.00349	0.00279	0.00279	0.86312
