[name]
unknown

[dist]
# distance from previous block
# <min> <max>
0	74

[block]
# block no. 0 follows, 59 sequences, length 52
# corresponding to MSA columns:
# 74-118,126-132
name=unknown_A
#
# <colnr> <probs for GDERKNQSTAVLIFYWHMCP>
#	G	D	E	R	K	N	Q	S	T	A	V	L	I	F	Y	W	H	M	C	P
0	0.01353	0.01191	0.07671	0.10367	0.02932	0.10909	0.05333	0.22692	0.07487	0.13579	0.02305	0.01391	0.01926	0.00619	0.02985	0.00155	0.00544	0.03474	0.00356	0.02730
1	0.00755	0.00497	0.00584	0.00545	0.00699	0.00439	0.00414	0.02490	0.01124	0.11200	0.27642	0.08996	0.40989	0.00989	0.00513	0.00146	0.00245	0.00843	0.00451	0.00439
2	0.01368	0.13160	0.03564	0.02053	0.02609	0.20408	0.00734	0.07973	0.01157	0.16216	0.02453	0.04283	0.00859	0.00479	0.00388	0.00110	0.00493	0.00363	0.00316	0.21012
3	0.62903	0.00839	0.00797	0.00754	0.05075	0.00936	0.02994	0.02688	0.03946	0.01841	0.00841	0.02619	0.01993	0.00585	0.04217	0.00162	0.00399	0.00317	0.02081	0.04014
4	0.00714	0.00505	0.00645	0.03935	0.00790	0.00486	0.00466	0.04620	0.01217	0.03543	0.59109	0.05952	0.08608	0.02458	0.00539	0.00146	0.00250	0.01740	0.03840	0.00435
5	0.00618	0.00493	0.03804	0.00550	0.00592	0.00431	0.00368	0.00669	0.00739	0.00986	0.03331	0.25240	0.05702	0.52730	0.01597	0.00330	0.00376	0.00815	0.00314	0.00316
6	0.04743	0.15260	0.09669	0.13707	0.05393	0.07145	0.02305	0.13167	0.07275	0.01548	0.00866	0.00997	0.00677	0.00431	0.00385	0.00118	0.00502	0.00334	0.00268	0.15210
7	0.02359	0.08634	0.39277	0.01263	0.10058	0.01077	0.03792	0.07681	0.08783	0.07415	0.00969	0.01056	0.00712	0.00443	0.00413	0.00132	0.00545	0.00359	0.00268	0.04766
8	0.01264	0.12635	0.18181	0.03607	0.13330	0.17635	0.01058	0.12544	0.09584	0.03200	0.00915	0.01011	0.00706	0.00453	0.00406	0.00126	0.00570	0.00347	0.00272	0.02155
9	0.00639	0.00463	0.00600	0.00652	0.00711	0.00463	0.00459	0.00805	0.05846	0.03496	0.07824	0.62521	0.05535	0.01299	0.02935	0.00188	0.03670	0.01085	0.00408	0.00402
10	0.00986	0.00999	0.03220	0.24820	0.11553	0.01015	0.33099	0.01389	0.08204	0.03228	0.04231	0.01318	0.00872	0.00512	0.02469	0.00159	0.00618	0.00473	0.00253	0.00580
11	0.01186	0.13432	0.29981	0.01270	0.08601	0.24728	0.04798	0.02740	0.04186	0.01312	0.03278	0.00991	0.00726	0.00443	0.00405	0.00126	0.00634	0.00339	0.00227	0.00598
12	0.01438	0.00929	0.06179	0.01077	0.12056	0.05275	0.00785	0.07303	0.02295	0.37357	0.05447	0.12660	0.01385	0.01753	0.00485	0.00146	0.00421	0.01940	0.00425	0.00642
13	0.00551	0.00447	0.00490	0.00487	0.00620	0.00386	0.00365	0.00687	0.01060	0.01335	0.23239	0.07156	0.58043	0.01078	0.00525	0.00149	0.00225	0.02346	0.00429	0.00384
14	0.01013	0.00882	0.05563	0.01089	0.12995	0.05854	0.02831	0.06231	0.02174	0.10064	0.03231	0.29951	0.03025	0.00794	0.00495	0.00143	0.02312	0.00695	0.00350	0.10308
15	0.02765	0.04892	0.05889	0.07169	0.20450	0.22379	0.10556	0.09757	0.04682	0.01452	0.00835	0.01016	0.00665	0.00456	0.00484	0.00133	0.05191	0.00372	0.00250	0.00606
16	0.01686	0.01148	0.01256	0.00966	0.01310	0.01247	0.00797	0.67797	0.01936	0.12566	0.01158	0.01136	0.00807	0.00532	0.00437	0.00132	0.00463	0.00404	0.03484	0.00739
17	0.01103	0.01072	0.01742	0.02582	0.76089	0.03551	0.01307	0.01359	0.01010	0.01432	0.00824	0.01077	0.00694	0.00393	0.00432	0.00128	0.00525	0.00385	0.00221	0.04075
18	0.00589	0.00446	0.00544	0.00529	0.00640	0.00400	0.00393	0.00761	0.01152	0.01560	0.53856	0.09362	0.26156	0.00999	0.00524	0.00145	0.00216	0.00870	0.00459	0.00400
19	0.00538	0.00384	0.00512	0.00615	0.00641	0.00359	0.00410	0.00615	0.00846	0.01127	0.02434	0.84190	0.02921	0.01384	0.00564	0.00179	0.00256	0.01256	0.00410	0.00359
20	0.00607	0.00449	0.00567	0.00541	0.00650	0.00409	0.00404	0.00798	0.01203	0.01667	0.67790	0.05722	0.15656	0.00949	0.00522	0.00142	0.00212	0.00831	0.00473	0.00409
21	0.00620	0.00451	0.00583	0.00550	0.00657	0.00414	0.00412	0.00823	0.01237	0.01741	0.77465	0.03349	0.08211	0.00914	0.00521	0.00139	0.00209	0.00806	0.00482	0.00414
22	0.87598	0.00854	0.00649	0.00581	0.00854	0.00991	0.00478	0.01298	0.00752	0.01982	0.00615	0.00717	0.00478	0.00410	0.00273	0.00137	0.00342	0.00239	0.00273	0.00478
23	0.01982	0.00752	0.01025	0.00786	0.01127	0.00649	0.00649	0.02152	0.01264	0.82029	0.01742	0.01503	0.01093	0.00547	0.00444	0.00137	0.00376	0.00444	0.00547	0.00752
24	0.87598	0.00854	0.00649	0.00581	0.00854	0.00991	0.00478	0.01298	0.00752	0.01982	0.00615	0.00717	0.00478	0.00410	0.00273	0.00137	0.00342	0.00239	0.00273	0.00478
25	0.87598	0.00854	0.00649	0.00581	0.00854	0.00991	0.00478	0.01298	0.00752	0.01982	0.00615	0.00717	0.00478	0.00410	0.00273	0.00137	0.00342	0.00239	0.00273	0.00478
26	0.00522	0.00447	0.00447	0.00447	0.00597	0.00373	0.00336	0.00634	0.01007	0.01193	0.04474	0.04250	0.81544	0.01119	0.00522	0.00149	0.00224	0.00932	0.00410	0.00373
27	0.87598	0.00854	0.00649	0.00581	0.00854	0.00991	0.00478	0.01298	0.00752	0.01982	0.00615	0.00717	0.00478	0.00410	0.00273	0.00137	0.00342	0.00239	0.00273	0.00478
28	0.00862	0.00449	0.00453	0.00439	0.00553	0.00455	0.00333	0.04609	0.00978	0.01698	0.01424	0.01620	0.01115	0.00515	0.00315	0.00104	0.00218	0.00411	0.83021	0.00427
29	0.00886	0.02285	0.82190	0.01259	0.01912	0.01026	0.01632	0.01399	0.00932	0.01399	0.00793	0.00932	0.00559	0.00420	0.00420	0.00140	0.00653	0.00326	0.00186	0.00653
30	0.00543	0.00441	0.00481	0.00486	0.00613	0.00379	0.00359	0.00669	0.01034	0.01293	0.18567	0.12890	0.58488	0.01108	0.00526	0.00151	0.00224	0.00943	0.00424	0.00379
31	0.00538	0.00384	0.00512	0.00615	0.00641	0.00359	0.00410	0.00615	0.00846	0.01127	0.02434	0.84190	0.02921	0.01384	0.00564	0.00179	0.00256	0.01256	0.00410	0.00359
32	0.01093	0.01049	0.01793	0.02711	0.81723	0.01049	0.01355	0.01355	0.01006	0.01443	0.00831	0.01093	0.00700	0.00394	0.00437	0.00131	0.00525	0.00394	0.00219	0.00700
33	0.01650	0.02105	0.01252	0.01138	0.01365	0.82705	0.00853	0.01764	0.01252	0.01081	0.00683	0.00796	0.00569	0.00455	0.00398	0.00114	0.00796	0.00284	0.00228	0.00512
34	0.00538	0.00384	0.00512	0.00615	0.00641	0.00359	0.00410	0.00615	0.00846	0.01127	0.02434	0.84190	0.02921	0.01384	0.00564	0.00179	0.00256	0.01256	0.00410	0.00359
35	0.00827	0.00493	0.00645	0.00583	0.00721	0.00450	0.00446	0.01030	0.01239	0.13239	0.66843	0.02975	0.03605	0.00836	0.00501	0.00137	0.00232	0.00732	0.04001	0.00464
36	0.00613	0.00438	0.00597	0.00694	0.00754	0.00422	0.00534	0.00747	0.00932	0.01233	0.05601	0.48497	0.02816	0.01297	0.00581	0.00188	0.00316	0.32948	0.00412	0.00381
37	0.01408	0.01089	0.01158	0.00947	0.01249	0.01224	0.00763	0.45149	0.34832	0.02355	0.01380	0.01325	0.01012	0.00558	0.00440	0.00139	0.00420	0.00440	0.03392	0.00718
38	0.87598	0.00854	0.00649	0.00581	0.00854	0.00991	0.00478	0.01298	0.00752	0.01982	0.00615	0.00717	0.00478	0.00410	0.00273	0.00137	0.00342	0.00239	0.00273	0.00478
39	0.00642	0.00428	0.00482	0.00482	0.00482	0.00428	0.00268	0.00642	0.00642	0.00856	0.01392	0.02890	0.01606	0.84478	0.02248	0.00428	0.00428	0.00642	0.00268	0.00268
40	0.01106	0.01075	0.06166	0.03589	0.13039	0.05456	0.12162	0.07786	0.11317	0.05227	0.04621	0.03720	0.00990	0.00484	0.00446	0.00124	0.01687	0.00432	0.00307	0.20267
41	0.01233	0.59021	0.04253	0.00894	0.01238	0.16993	0.04235	0.01389	0.00962	0.01073	0.00664	0.00793	0.00591	0.00505	0.03327	0.00125	0.01680	0.00271	0.00199	0.00553
42	0.00522	0.00447	0.00447	0.00447	0.00597	0.00373	0.00336	0.00634	0.01007	0.01193	0.04474	0.04250	0.81544	0.01119	0.00522	0.00149	0.00224	0.00932	0.00410	0.00373
43	0.00907	0.03566	0.76592	0.01230	0.01856	0.01036	0.01569	0.03638	0.00959	0.01423	0.00807	0.00952	0.00578	0.00492	0.02411	0.00153	0.00658	0.00330	0.00195	0.00648
44	0.00530	0.00448	0.00459	0.00456	0.00602	0.00376	0.00342	0.00650	0.01027	0.01240	0.10748	0.04173	0.75241	0.01101	0.00522	0.00148	0.00222	0.00921	0.00416	0.00376
45	0.00536	0.00447	0.00468	0.00465	0.00606	0.00378	0.00348	0.00660	0.01036	0.01269	0.14688	0.05835	0.69555	0.01096	0.00523	0.00148	0.00222	0.00921	0.00420	0.00378
46	0.01176	0.80138	0.02286	0.00863	0.05568	0.01709	0.00789	0.01324	0.00903	0.01061	0.00626	0.00730	0.00574	0.00379	0.00292	0.00096	0.00475	0.00245	0.00191	0.00574
47	0.00549	0.00393	0.00530	0.00627	0.00658	0.00374	0.00428	0.00634	0.00844	0.01128	0.02362	0.77101	0.02809	0.01485	0.05087	0.00209	0.00312	0.03708	0.00400	0.00362
48	0.01162	0.80124	0.02260	0.05305	0.01239	0.01705	0.00782	0.01312	0.00897	0.01044	0.00623	0.00734	0.00568	0.00381	0.00292	0.00097	0.00479	0.00245	0.00189	0.00563
49	0.01080	0.00933	0.00981	0.00884	0.01131	0.01075	0.00687	0.02292	0.78351	0.01826	0.01884	0.01732	0.03931	0.00616	0.00452	0.00150	0.00345	0.00513	0.00448	0.00689
50	0.00528	0.00448	0.00455	0.00453	0.00600	0.00375	0.00340	0.00645	0.01020	0.01225	0.08712	0.04198	0.77286	0.01107	0.00522	0.00149	0.00223	0.00925	0.00414	0.00375
51	0.01148	0.74254	0.07957	0.00814	0.01190	0.01674	0.00830	0.01314	0.00888	0.01066	0.00625	0.00739	0.00567	0.00403	0.00357	0.00103	0.05064	0.00251	0.00189	0.00568

[dist]
# distance from previous block
# <min> <max>
0	6

[block]
# block no. 1 follows, 59 sequences, length 143
# corresponding to MSA columns:
# 139-234,240-268,300-317
name=unknown_B
#
# <colnr> <probs for GDERKNQSTAVLIFYWHMCP>
#	G	D	E	R	K	N	Q	S	T	A	V	L	I	F	Y	W	H	M	C	P
0	0.01045	0.01185	0.02570	0.01900	0.05876	0.01114	0.76581	0.01412	0.01041	0.01416	0.00891	0.01187	0.00671	0.00373	0.00517	0.00148	0.00735	0.00515	0.00223	0.00600
1	0.00642	0.00430	0.00492	0.00492	0.00495	0.00434	0.00280	0.00649	0.00645	0.00864	0.01382	0.02838	0.01583	0.80832	0.05863	0.00441	0.00462	0.00635	0.00266	0.00273
2	0.00551	0.00386	0.00508	0.00606	0.00635	0.00361	0.00405	0.00634	0.00849	0.01151	0.02390	0.80482	0.02841	0.01345	0.00552	0.00176	0.00254	0.01218	0.04297	0.00361
3	0.00642	0.00428	0.00482	0.00482	0.00482	0.00428	0.00268	0.00642	0.00642	0.00856	0.01392	0.02890	0.01606	0.84478	0.02248	0.00428	0.00428	0.00642	0.00268	0.00268
4	0.00951	0.00985	0.01740	0.17270	0.01893	0.01166	0.27626	0.01182	0.00841	0.01192	0.00752	0.01117	0.00635	0.00688	0.04594	0.00193	0.36013	0.00437	0.00206	0.00518
5	0.01077	0.01015	0.01695	0.15805	0.65274	0.01053	0.01311	0.04863	0.01034	0.01452	0.00834	0.01105	0.00684	0.00407	0.00438	0.00134	0.00533	0.00394	0.00225	0.00668
6	0.00944	0.01725	0.45688	0.01642	0.18090	0.01020	0.17846	0.01359	0.00973	0.01402	0.00987	0.01168	0.04249	0.00436	0.00449	0.00140	0.00627	0.00408	0.00211	0.00638
7	0.00976	0.04730	0.01396	0.01141	0.01158	0.01371	0.00957	0.01075	0.00686	0.01062	0.00581	0.00955	0.00579	0.00755	0.01397	0.00189	0.79933	0.00380	0.00193	0.00487
8	0.00634	0.00450	0.00582	0.00549	0.00653	0.00417	0.00412	0.00842	0.01236	0.01766	0.77894	0.03225	0.04031	0.00885	0.00511	0.00137	0.00208	0.00781	0.04369	0.00417
9	0.83752	0.00850	0.00666	0.00590	0.00866	0.00975	0.00486	0.01337	0.00775	0.05577	0.00666	0.00753	0.00506	0.00416	0.00281	0.00137	0.00343	0.00248	0.00286	0.00491
10	0.01085	0.01023	0.01726	0.05483	0.67954	0.01033	0.04348	0.04865	0.01048	0.01480	0.00921	0.02861	0.00799	0.00446	0.00449	0.00136	0.00525	0.02906	0.00238	0.00674
11	0.05462	0.01174	0.01254	0.00960	0.01314	0.01274	0.00791	0.68723	0.01900	0.02612	0.01013	0.01030	0.00729	0.00504	0.00423	0.00126	0.00463	0.00377	0.00416	0.09454
12	0.01072	0.01023	0.01739	0.02614	0.78082	0.01021	0.01313	0.01332	0.01017	0.01458	0.04454	0.01192	0.00855	0.00416	0.00441	0.00132	0.00510	0.00412	0.00231	0.00687
13	0.02202	0.00997	0.01246	0.01000	0.01356	0.00876	0.00788	0.08376	0.01498	0.72526	0.01939	0.01846	0.01323	0.00734	0.00568	0.00190	0.00485	0.00533	0.00625	0.00892
14	0.01207	0.03975	0.10896	0.02433	0.06495	0.10282	0.16513	0.10113	0.01198	0.12357	0.09426	0.02724	0.05342	0.00571	0.00480	0.00139	0.01882	0.03044	0.00330	0.00594
15	0.00620	0.00451	0.00583	0.00550	0.00657	0.00415	0.00413	0.00824	0.01238	0.01743	0.77684	0.03346	0.07991	0.00914	0.00521	0.00139	0.00209	0.00805	0.00482	0.00415
16	0.01982	0.00752	0.01025	0.00786	0.01127	0.00649	0.00649	0.02152	0.01264	0.82029	0.01742	0.01503	0.01093	0.00547	0.00444	0.00137	0.00376	0.00444	0.00547	0.00752
17	0.00912	0.00835	0.01392	0.48351	0.28971	0.00946	0.01181	0.01184	0.00926	0.01272	0.00889	0.03160	0.00722	0.00453	0.00433	0.00139	0.00531	0.00415	0.06735	0.00551
18	0.00957	0.10613	0.65694	0.01269	0.04360	0.04281	0.04112	0.01404	0.00947	0.01352	0.00775	0.00918	0.00569	0.00414	0.00409	0.00134	0.00639	0.00324	0.00191	0.00638
19	0.01462	0.01129	0.01203	0.00972	0.01287	0.01268	0.00787	0.51071	0.31610	0.02433	0.01337	0.01280	0.00975	0.00556	0.00445	0.00139	0.00435	0.00436	0.00445	0.00732
20	0.01684	0.00688	0.00918	0.00726	0.01022	0.00595	0.00592	0.01852	0.01236	0.64960	0.10784	0.01981	0.09642	0.00644	0.00461	0.00138	0.00342	0.00533	0.00526	0.00676
21	0.00548	0.00399	0.00543	0.00633	0.00668	0.00372	0.01480	0.00632	0.00854	0.01136	0.02443	0.80279	0.04081	0.01363	0.00563	0.00179	0.00265	0.02791	0.00407	0.00363
22	0.03369	0.01169	0.04002	0.04430	0.07263	0.06913	0.13570	0.22096	0.22055	0.08718	0.01210	0.01248	0.00887	0.00499	0.00449	0.00139	0.00513	0.00433	0.00365	0.00672
23	0.00647	0.00441	0.00513	0.00510	0.00515	0.00453	0.00300	0.00660	0.00648	0.00872	0.01363	0.02775	0.01552	0.77309	0.07865	0.00444	0.01962	0.00626	0.00264	0.00280
24	0.01650	0.02105	0.01252	0.01138	0.01365	0.82705	0.00853	0.01764	0.01252	0.01081	0.00683	0.00796	0.00569	0.00455	0.00398	0.00114	0.00796	0.00284	0.00228	0.00512
25	0.00973	0.00822	0.00959	0.00717	0.02424	0.00658	0.00562	0.06342	0.02594	0.01536	0.00824	0.00943	0.00675	0.00347	0.00339	0.00073	0.00341	0.00278	0.00277	0.78317
26	0.01408	0.37969	0.01724	0.01024	0.05462	0.34504	0.00820	0.05198	0.01115	0.04306	0.00754	0.02458	0.00650	0.00444	0.00357	0.00109	0.00599	0.00300	0.00236	0.00563
27	0.01071	0.00588	0.00753	0.00652	0.00839	0.00546	0.00508	0.05591	0.03138	0.24656	0.44257	0.06970	0.06981	0.00810	0.00495	0.00141	0.00278	0.00700	0.00492	0.00532
28	0.01244	0.03306	0.02894	0.03282	0.51565	0.18306	0.01171	0.07113	0.03217	0.01461	0.00842	0.01039	0.00691	0.00424	0.00424	0.00127	0.00572	0.00369	0.01299	0.00653
29	0.00533	0.00448	0.00463	0.00459	0.00603	0.00378	0.00344	0.00656	0.01033	0.01256	0.12847	0.04147	0.73132	0.01095	0.00522	0.00148	0.00222	0.00918	0.00418	0.00378
30	0.00854	0.00763	0.02952	0.01307	0.26600	0.00724	0.01925	0.01198	0.11143	0.03271	0.24628	0.04195	0.17174	0.00727	0.00482	0.00141	0.00353	0.00644	0.00371	0.00548
31	0.01676	0.00796	0.01091	0.00872	0.01122	0.00819	0.00721	0.03150	0.01115	0.58023	0.01435	0.01383	0.00969	0.00733	0.04675	0.00178	0.19691	0.00431	0.00448	0.00672
32	0.00747	0.00647	0.00906	0.00848	0.00907	0.02353	0.00677	0.00886	0.00711	0.01037	0.01000	0.01495	0.00943	0.02526	0.57722	0.00549	0.24956	0.00445	0.00224	0.00422
33	0.00966	0.00966	0.01353	0.01160	0.01160	0.01353	0.00966	0.01063	0.00676	0.01063	0.00580	0.00966	0.00580	0.00773	0.01449	0.00193	0.83670	0.00387	0.00193	0.00483
34	0.01267	0.73884	0.02147	0.00762	0.01133	0.01614	0.00743	0.01434	0.02473	0.09977	0.00761	0.00814	0.00640	0.00401	0.00304	0.00100	0.00459	0.00264	0.00233	0.00590
35	0.01677	0.01298	0.01320	0.01025	0.01369	0.07080	0.00840	0.74740	0.02019	0.02664	0.01034	0.01042	0.00738	0.00525	0.00439	0.00131	0.00508	0.00390	0.00427	0.00734
36	0.00548	0.00448	0.00483	0.00474	0.00612	0.00384	0.00356	0.00683	0.01067	0.01337	0.23622	0.04014	0.62306	0.01065	0.00522	0.00147	0.00220	0.00899	0.00429	0.00384
37	0.00848	0.00708	0.00768	0.00733	0.00916	0.00763	0.00571	0.01543	0.41541	0.01524	0.02607	0.04380	0.23858	0.05478	0.00594	0.00173	0.00325	0.11710	0.00422	0.00537
38	0.09132	0.01189	0.01244	0.01062	0.05386	0.07358	0.02514	0.45192	0.15289	0.05500	0.01131	0.01133	0.00825	0.00516	0.00427	0.00135	0.00476	0.00397	0.00400	0.00694
39	0.01365	0.01160	0.01284	0.02949	0.01381	0.10883	0.08349	0.27957	0.17294	0.06686	0.02078	0.01191	0.00881	0.00491	0.00429	0.00125	0.00489	0.00402	0.00369	0.14235
40	0.01130	0.49310	0.24846	0.01025	0.03950	0.05337	0.04330	0.01390	0.00943	0.03121	0.00713	0.00827	0.00586	0.00398	0.00346	0.00113	0.00550	0.00286	0.00201	0.00598
41	0.00633	0.00466	0.00673	0.00673	0.00739	0.00532	0.00506	0.00765	0.00699	0.00998	0.01217	0.01923	0.01186	0.16490	0.69662	0.00664	0.01060	0.00501	0.00242	0.00374
42	0.74862	0.01010	0.02667	0.00661	0.00943	0.07958	0.00552	0.04428	0.00850	0.01922	0.00642	0.00743	0.00499	0.00419	0.00294	0.00135	0.00393	0.00251	0.00274	0.00496
43	0.00639	0.00447	0.00579	0.00566	0.00665	0.00410	0.00417	0.00816	0.01162	0.03733	0.60293	0.18303	0.08315	0.00995	0.00527	0.00147	0.00223	0.00882	0.00469	0.00412
44	0.01575	0.01615	0.01297	0.03843	0.02504	0.40897	0.02564	0.32863	0.03674	0.01792	0.00910	0.02754	0.00717	0.00506	0.00425	0.00126	0.00638	0.00366	0.00321	0.00612
45	0.00640	0.00439	0.00537	0.00537	0.00557	0.00458	0.00337	0.00678	0.00659	0.00898	0.01341	0.02608	0.01483	0.64656	0.21903	0.00497	0.00613	0.00601	0.00260	0.00299
46	0.00638	0.00432	0.00495	0.00495	0.00505	0.00434	0.00287	0.00651	0.00659	0.00878	0.01481	0.02864	0.04231	0.76685	0.07171	0.00436	0.00468	0.00641	0.00270	0.00279
47	0.01083	0.01078	0.01956	0.02541	0.65802	0.01063	0.17146	0.01367	0.01013	0.01437	0.00843	0.01113	0.00694	0.00389	0.00454	0.00135	0.00569	0.00419	0.00220	0.00679
48	0.01044	0.01086	0.02932	0.18289	0.36937	0.03994	0.22798	0.01370	0.03535	0.01367	0.00861	0.01140	0.00682	0.00411	0.00473	0.00140	0.01673	0.00427	0.00222	0.00620
49	0.00642	0.00428	0.00482	0.00482	0.00482	0.00428	0.00268	0.00642	0.00642	0.00856	0.01392	0.02890	0.01606	0.84478	0.02248	0.00428	0.00428	0.00642	0.00268	0.00268
50	0.01350	0.15775	0.01477	0.02697	0.06978	0.20322	0.04297	0.14403	0.21369	0.03928	0.01063	0.01107	0.00824	0.00490	0.00428	0.00128	0.02038	0.00375	0.00319	0.00630
51	0.00577	0.00423	0.00538	0.00583	0.00654	0.00391	0.00418	0.00702	0.00989	0.01323	0.24983	0.40928	0.14782	0.04137	0.00608	0.00174	0.00255	0.06730	0.00426	0.00377
52	0.00625	0.00451	0.00590	0.00556	0.00660	0.00417	0.00417	0.00833	0.01250	0.01771	0.81490	0.03299	0.04167	0.00903	0.00521	0.00139	0.00208	0.00799	0.00486	0.00417
53	0.00605	0.00434	0.00588	0.00688	0.00746	0.00417	0.00526	0.00732	0.00916	0.01205	0.02445	0.51483	0.04621	0.01314	0.00581	0.00188	0.00314	0.31410	0.00409	0.00378
54	0.02999	0.02036	0.01246	0.01122	0.01358	0.76755	0.00847	0.06262	0.01291	0.01193	0.00703	0.00810	0.00578	0.00459	0.00399	0.00115	0.00772	0.00290	0.00241	0.00525
55	0.01982	0.00752	0.01025	0.00786	0.01127	0.00649	0.00649	0.02152	0.01264	0.82029	0.01742	0.01503	0.01093	0.00547	0.00444	0.00137	0.00376	0.00444	0.00547	0.00752
56	0.00538	0.00384	0.00512	0.00615	0.00641	0.00359	0.00410	0.00615	0.00846	0.01127	0.02434	0.84190	0.02921	0.01384	0.00564	0.00179	0.00256	0.01256	0.00410	0.00359
57	0.01181	0.84744	0.02314	0.00756	0.01134	0.01748	0.00756	0.01323	0.00897	0.01039	0.00614	0.00708	0.00567	0.00378	0.00283	0.00094	0.00472	0.00236	0.00189	0.00567
58	0.01650	0.02105	0.01252	0.01138	0.01365	0.82705	0.00853	0.01764	0.01252	0.01081	0.00683	0.00796	0.00569	0.00455	0.00398	0.00114	0.00796	0.00284	0.00228	0.00512
59	0.00828	0.00774	0.01290	0.72911	0.05446	0.00956	0.01171	0.01102	0.00878	0.01137	0.00884	0.06391	0.00739	0.00510	0.00481	0.00150	0.03206	0.00447	0.00210	0.00489
60	0.01636	0.00756	0.01054	0.00860	0.03055	0.00689	0.04379	0.05384	0.04260	0.56046	0.13144	0.03902	0.01549	0.00609	0.00462	0.00139	0.00373	0.00519	0.00503	0.00683
61	0.01982	0.00752	0.01025	0.00786	0.01127	0.00649	0.00649	0.02152	0.01264	0.82029	0.01742	0.01503	0.01093	0.00547	0.00444	0.00137	0.00376	0.00444	0.00547	0.00752
62	0.00834	0.00785	0.01325	0.83417	0.03042	0.00981	0.01227	0.01128	0.00883	0.01128	0.00785	0.01178	0.00589	0.00442	0.00442	0.00147	0.00589	0.00393	0.00196	0.00491
63	0.04945	0.01942	0.01228	0.01144	0.03876	0.71376	0.00839	0.04976	0.01243	0.01192	0.00719	0.00869	0.00604	0.02669	0.00445	0.00124	0.00748	0.00300	0.00239	0.00520
64	0.00966	0.00966	0.01353	0.01160	0.01160	0.01353	0.00966	0.01063	0.00676	0.01063	0.00580	0.00966	0.00580	0.00773	0.01449	0.00193	0.83670	0.00387	0.00193	0.00483
65	0.00625	0.00451	0.00590	0.00556	0.00660	0.00417	0.00417	0.00833	0.01250	0.01771	0.81490	0.03299	0.04167	0.00903	0.00521	0.00139	0.00208	0.00799	0.00486	0.00417
66	0.01650	0.02105	0.01252	0.01138	0.01365	0.82705	0.00853	0.01764	0.01252	0.01081	0.00683	0.00796	0.00569	0.00455	0.00398	0.00114	0.00796	0.00284	0.00228	0.00512
67	0.00834	0.00785	0.01325	0.83417	0.03042	0.00981	0.01227	0.01128	0.00883	0.01128	0.00785	0.01178	0.00589	0.00442	0.00442	0.00147	0.00589	0.00393	0.00196	0.00491
68	0.00684	0.00491	0.00678	0.00774	0.00868	0.00485	0.00659	0.00870	0.01002	0.01306	0.04266	0.14292	0.04707	0.01229	0.00600	0.00198	0.00379	0.65702	0.00409	0.00400
69	0.00823	0.00412	0.00412	0.00412	0.00515	0.00412	0.00309	0.01029	0.00926	0.01647	0.01441	0.01647	0.01132	0.00515	0.00309	0.00103	0.00206	0.00412	0.86930	0.00412
70	0.00540	0.00386	0.00514	0.00614	0.00641	0.00360	0.00410	0.00620	0.00855	0.01143	0.04338	0.82243	0.02951	0.01372	0.00563	0.00178	0.00255	0.01245	0.00412	0.00360
71	0.01852	0.00958	0.01064	0.00852	0.01163	0.12116	0.00689	0.02081	0.06273	0.63508	0.01567	0.01399	0.01022	0.00543	0.00465	0.00136	0.02692	0.00424	0.00487	0.00708
72	0.01935	0.00773	0.01033	0.00794	0.01131	0.00685	0.00655	0.06532	0.01310	0.75819	0.03430	0.01517	0.01141	0.00553	0.00446	0.00136	0.00378	0.00449	0.00539	0.00744
73	0.10796	0.55636	0.08840	0.02856	0.02540	0.09409	0.02117	0.01366	0.00922	0.01193	0.00648	0.00762	0.00561	0.00394	0.00315	0.00108	0.00513	0.00260	0.00203	0.00560
74	0.00619	0.00463	0.00576	0.00546	0.00661	0.00426	0.00410	0.00837	0.03105	0.01677	0.66876	0.03417	0.16879	0.00931	0.00519	0.00141	0.00214	0.00814	0.00473	0.00416
75	0.00916	0.00785	0.00916	0.00654	0.01047	0.00589	0.00523	0.01112	0.00916	0.01439	0.00785	0.00916	0.00654	0.00327	0.00327	0.00065	0.00327	0.00262	0.00262	0.87178
76	0.00538	0.00384	0.00512	0.00615	0.00641	0.00359	0.00410	0.00615	0.00846	0.01127	0.02434	0.84190	0.02921	0.01384	0.00564	0.00179	0.00256	0.01256	0.00410	0.00359
77	0.00536	0.00446	0.00469	0.00468	0.00607	0.00378	0.00349	0.00659	0.01032	0.01266	0.14496	0.07171	0.68403	0.01100	0.00523	0.00149	0.00223	0.00927	0.00420	0.00378
78	0.00886	0.02285	0.82190	0.01259	0.01912	0.01026	0.01632	0.01399	0.00932	0.01399	0.00793	0.00932	0.00559	0.00420	0.00420	0.00140	0.00653	0.00326	0.00186	0.00653
79	0.01620	0.01208	0.01292	0.01004	0.01347	0.01342	0.00825	0.72304	0.10119	0.02688	0.01136	0.01120	0.00812	0.00537	0.00443	0.00134	0.00472	0.00408	0.00443	0.00746
80	0.87598	0.00854	0.00649	0.00581	0.00854	0.00991	0.00478	0.01298	0.00752	0.01982	0.00615	0.00717	0.00478	0.00410	0.00273	0.00137	0.00342	0.00239	0.00273	0.00478
81	0.01099	0.00949	0.00999	0.00899	0.01148	0.01099	0.00699	0.02347	0.80925	0.01848	0.01798	0.01648	0.01348	0.00599	0.00449	0.00150	0.00350	0.00499	0.00449	0.00699
82	0.01926	0.00840	0.01080	0.00828	0.01172	0.00781	0.00684	0.16448	0.01413	0.67524	0.01618	0.01422	0.01031	0.00544	0.00444	0.00136	0.00396	0.00436	0.00527	0.00752
83	0.87598	0.00854	0.00649	0.00581	0.00854	0.00991	0.00478	0.01298	0.00752	0.01982	0.00615	0.00717	0.00478	0.00410	0.00273	0.00137	0.00342	0.00239	0.00273	0.00478
84	0.00631	0.00473	0.00710	0.00710	0.00789	0.00552	0.00552	0.00789	0.00710	0.01025	0.01183	0.01735	0.01104	0.03312	0.82728	0.00710	0.01183	0.00473	0.00237	0.00394
85	0.01341	0.14072	0.23738	0.01062	0.01462	0.19914	0.03533	0.14576	0.04136	0.08667	0.00923	0.01020	0.00699	0.02431	0.00448	0.00133	0.00593	0.00345	0.00283	0.00623
86	0.87598	0.00854	0.00649	0.00581	0.00854	0.00991	0.00478	0.01298	0.00752	0.01982	0.00615	0.00717	0.00478	0.00410	0.00273	0.00137	0.00342	0.00239	0.00273	0.00478
87	0.01042	0.01191	0.02606	0.01862	0.02308	0.01117	0.80119	0.01415	0.01042	0.01415	0.00894	0.01191	0.00670	0.00372	0.00521	0.00149	0.00745	0.00521	0.00223	0.00596
88	0.00625	0.00451	0.00590	0.00556	0.00660	0.00417	0.00417	0.00833	0.01250	0.01771	0.81490	0.03299	0.04167	0.00903	0.00521	0.00139	0.00208	0.00799	0.00486	0.00417
89	0.00895	0.04905	0.79652	0.01243	0.01887	0.01049	0.01604	0.01396	0.00931	0.01387	0.00787	0.00925	0.00560	0.00418	0.00415	0.00138	0.00647	0.00323	0.00187	0.00650
90	0.00543	0.00392	0.00510	0.00602	0.00636	0.00365	0.00405	0.00622	0.00853	0.01126	0.02540	0.74452	0.08396	0.04259	0.00620	0.00186	0.00262	0.02468	0.00405	0.00357
91	0.00522	0.00447	0.00447	0.00447	0.00597	0.00373	0.00336	0.00634	0.01007	0.01193	0.04474	0.04250	0.81544	0.01119	0.00522	0.00149	0.00224	0.00932	0.00410	0.00373
92	0.01032	0.00985	0.01680	0.04054	0.68084	0.00981	0.04402	0.01289	0.01019	0.01443	0.05594	0.01401	0.04059	0.00462	0.00451	0.00134	0.00503	0.01524	0.00244	0.00658
93	0.01055	0.01015	0.01748	0.14176	0.68431	0.01041	0.03413	0.01325	0.00989	0.01397	0.00826	0.01108	0.00683	0.00400	0.00440	0.00134	0.00540	0.00397	0.00216	0.00667
94	0.81007	0.00901	0.00742	0.00645	0.00925	0.02772	0.03141	0.03016	0.00801	0.01961	0.00635	0.00742	0.00493	0.00412	0.00288	0.00136	0.00368	0.00253	0.00274	0.00489
95	0.00628	0.00489	0.02198	0.00745	0.03903	0.00441	0.01587	0.00753	0.00916	0.02656	0.07542	0.56507	0.05999	0.01273	0.02175	0.00185	0.00316	0.10889	0.00399	0.00399
96	0.01251	0.01024	0.01085	0.00930	0.01207	0.01170	0.00736	0.22809	0.60215	0.02093	0.01604	0.01494	0.01191	0.00581	0.00447	0.00145	0.00385	0.00473	0.00447	0.00713
97	0.01068	0.01167	0.03420	0.03099	0.14330	0.01103	0.60641	0.05328	0.01081	0.01478	0.00915	0.02564	0.00714	0.00402	0.00503	0.00146	0.00686	0.00504	0.00236	0.00615
98	0.00823	0.00412	0.00412	0.00412	0.00515	0.00412	0.00309	0.01029	0.00926	0.01647	0.01441	0.01647	0.01132	0.00515	0.00309	0.00103	0.00206	0.00412	0.86930	0.00412
99	0.00631	0.00473	0.00710	0.00710	0.00789	0.00552	0.00552	0.00789	0.00710	0.01025	0.01183	0.01735	0.01104	0.03312	0.82728	0.00710	0.01183	0.00473	0.00237	0.00394
100	0.00886	0.02285	0.82190	0.01259	0.01912	0.01026	0.01632	0.01399	0.00932	0.01399	0.00793	0.00932	0.00559	0.00420	0.00420	0.00140	0.00653	0.00326	0.00186	0.00653
101	0.00823	0.00412	0.00412	0.00412	0.00515	0.00412	0.00309	0.01029	0.00926	0.01647	0.01441	0.01647	0.01132	0.00515	0.00309	0.00103	0.00206	0.00412	0.86930	0.00412
102	0.01025	0.06981	0.08712	0.01083	0.01388	0.02428	0.16310	0.03594	0.36153	0.01571	0.02934	0.05620	0.02949	0.01915	0.00514	0.00152	0.02425	0.03287	0.00347	0.00612
103	0.00932	0.00773	0.00907	0.00664	0.01040	0.00591	0.00531	0.01140	0.02003	0.03377	0.00888	0.02542	0.00759	0.00376	0.00342	0.00074	0.00329	0.02132	0.00277	0.80322
104	0.01092	0.01052	0.01808	0.02695	0.80278	0.01051	0.02789	0.01357	0.01006	0.01442	0.00832	0.01095	0.00699	0.00393	0.00439	0.00131	0.00529	0.00396	0.00219	0.00698
105	0.01621	0.02090	0.04514	0.00813	0.01171	0.00698	0.03190	0.03255	0.02627	0.53778	0.04287	0.01404	0.01073	0.00505	0.00424	0.00123	0.00387	0.00416	0.00456	0.17170
106	0.04242	0.00867	0.01141	0.00982	0.07983	0.03451	0.04976	0.01739	0.04817	0.40571	0.01298	0.01254	0.00896	0.00461	0.00410	0.00118	0.00407	0.00386	0.00402	0.23599
107	0.01063	0.01154	0.02431	0.01739	0.02178	0.01074	0.71424	0.02833	0.01056	0.02987	0.00905	0.01175	0.00679	0.00375	0.00504	0.00142	0.00703	0.00499	0.00236	0.06842
108	0.01070	0.01025	0.01750	0.10037	0.74581	0.01043	0.01344	0.01335	0.00995	0.01414	0.00827	0.01101	0.00690	0.00398	0.00438	0.00133	0.00531	0.00393	0.00217	0.00681
109	0.01238	0.01031	0.01070	0.00921	0.01190	0.03290	0.00727	0.21508	0.56262	0.02055	0.04682	0.01544	0.01290	0.00590	0.00449	0.00144	0.00390	0.00480	0.00443	0.00696
110	0.00638	0.00444	0.00561	0.00561	0.00589	0.00471	0.00367	0.00693	0.00666	0.00915	0.01319	0.02487	0.01431	0.56155	0.30332	0.00526	0.00692	0.00583	0.00257	0.00312
111	0.00957	0.00784	0.00920	0.00659	0.01050	0.00591	0.00528	0.01152	0.00929	0.04569	0.00822	0.00939	0.00671	0.00336	0.00332	0.00068	0.00329	0.00269	0.00273	0.83821
112	0.81530	0.00881	0.00697	0.00612	0.00891	0.01018	0.00504	0.06874	0.00845	0.02038	0.00646	0.00742	0.00498	0.00418	0.00285	0.00136	0.00352	0.00250	0.00285	0.00498
113	0.00823	0.00412	0.00412	0.00412	0.00515	0.00412	0.00309	0.01029	0.00926	0.01647	0.01441	0.01647	0.01132	0.00515	0.00309	0.00103	0.00206	0.00412	0.86930	0.00412
114	0.01099	0.00949	0.00999	0.00899	0.01148	0.01099	0.00699	0.02347	0.80925	0.01848	0.01798	0.01648	0.01348	0.00599	0.00449	0.00150	0.00350	0.00499	0.00449	0.00699
115	0.00522	0.00447	0.00447	0.00447	0.00597	0.00373	0.00336	0.00634	0.01007	0.01193	0.04474	0.04250	0.81544	0.01119	0.00522	0.00149	0.00224	0.00932	0.00410	0.00373
116	0.00834	0.00785	0.01325	0.83417	0.03042	0.00981	0.01227	0.01128	0.00883	0.01128	0.00785	0.01178	0.00589	0.00442	0.00442	0.00147	0.00589	0.00393	0.00196	0.00491
117	0.01650	0.02105	0.01252	0.01138	0.01365	0.82705	0.00853	0.01764	0.01252	0.01081	0.00683	0.00796	0.00569	0.00455	0.00398	0.00114	0.00796	0.00284	0.00228	0.00512
118	0.01099	0.00949	0.00999	0.00899	0.01148	0.01099	0.00699	0.02347	0.80925	0.01848	0.01798	0.01648	0.01348	0.00599	0.00449	0.00150	0.00350	0.00499	0.00449	0.00699
119	0.00916	0.00785	0.00916	0.00654	0.01047	0.00589	0.00523	0.01112	0.00916	0.01439	0.00785	0.00916	0.00654	0.00327	0.00327	0.00065	0.00327	0.00262	0.00262	0.87178
120	0.01678	0.01250	0.01324	0.01018	0.01370	0.02624	0.00840	0.79040	0.02064	0.02757	0.01055	0.01056	0.00748	0.00529	0.00441	0.00132	0.00491	0.00396	0.00439	0.00747
121	0.00874	0.02221	0.79475	0.01237	0.01869	0.01004	0.01591	0.01373	0.00930	0.01390	0.00847	0.03699	0.00638	0.00452	0.00424	0.00141	0.00640	0.00357	0.00194	0.00643
122	0.00909	0.00782	0.00921	0.00678	0.01040	0.00622	0.00541	0.01120	0.02636	0.01423	0.00854	0.03701	0.00742	0.00385	0.00381	0.00076	0.03562	0.00305	0.00268	0.79054
123	0.00541	0.00448	0.00474	0.00468	0.00608	0.00381	0.00351	0.00671	0.01052	0.01302	0.18921	0.04072	0.67030	0.01078	0.00522	0.00147	0.00221	0.00907	0.00424	0.00381
124	0.00966	0.00966	0.01353	0.01160	0.01160	0.01353	0.00966	0.01063	0.00676	0.01063	0.00580	0.00966	0.00580	0.00773	0.01449	0.00193	0.83670	0.00387	0.00193	0.00483
125	0.00823	0.00412	0.00412	0.00412	0.00515	0.00412	0.00309	0.01029	0.00926	0.01647	0.01441	0.01647	0.01132	0.00515	0.00309	0.00103	0.00206	0.00412	0.86930	0.00412
126	0.00544	0.00467	0.00469	0.00465	0.00618	0.00401	0.00350	0.00700	0.04111	0.01219	0.04370	0.04149	0.78429	0.01098	0.00519	0.00149	0.00229	0.00915	0.00412	0.00386
127	0.00619	0.00451	0.00582	0.00549	0.00656	0.00414	0.00412	0.00821	0.01235	0.01736	0.76832	0.03357	0.08848	0.00916	0.00521	0.00140	0.00209	0.00807	0.00482	0.00414
128	0.00767	0.00384	0.00575	0.00575	0.00575	0.00384	0.00384	0.00575	0.00575	0.00767	0.00767	0.01343	0.00767	0.01534	0.01726	0.87150	0.00384	0.00384	0.00192	0.00192
129	0.03592	0.00797	0.01044	0.00802	0.01144	0.00719	0.00663	0.09052	0.01326	0.73481	0.01660	0.01449	0.01051	0.00543	0.00441	0.00136	0.00385	0.00436	0.00532	0.00746
130	0.01093	0.01049	0.01793	0.02711	0.81723	0.01049	0.01355	0.01355	0.01006	0.01443	0.00831	0.01093	0.00700	0.00394	0.00437	0.00131	0.00525	0.00394	0.00219	0.00700
131	0.00945	0.00935	0.01313	0.01131	0.01136	0.01303	0.00940	0.01046	0.00678	0.01061	0.00618	0.01014	0.00613	0.00932	0.06540	0.00226	0.78504	0.00392	0.00196	0.00478
132	0.00538	0.00384	0.00512	0.00615	0.00641	0.00359	0.00410	0.00615	0.00846	0.01127	0.02434	0.84190	0.02921	0.01384	0.00564	0.00179	0.00256	0.01256	0.00410	0.00359
133	0.00642	0.00429	0.00485	0.00485	0.00487	0.00430	0.00272	0.00645	0.00643	0.00859	0.01388	0.02872	0.01598	0.83171	0.03544	0.00433	0.00440	0.00640	0.00267	0.00270
134	0.01651	0.02076	0.01254	0.01134	0.01366	0.80002	0.00853	0.04372	0.01279	0.01138	0.00695	0.00805	0.00575	0.00458	0.00400	0.00114	0.00786	0.00288	0.00235	0.00520
135	0.01042	0.01191	0.02606	0.01862	0.02308	0.01117	0.80119	0.01415	0.01042	0.01415	0.00894	0.01191	0.00670	0.00372	0.00521	0.00149	0.00745	0.00521	0.00223	0.00596
136	0.00538	0.00384	0.00512	0.00615	0.00641	0.00359	0.00410	0.00615	0.00846	0.01127	0.02434	0.84190	0.02921	0.01384	0.00564	0.00179	0.00256	0.01256	0.00410	0.00359
137	0.00642	0.00428	0.00482	0.00482	0.00482	0.00428	0.00268	0.00642	0.00642	0.00856	0.01392	0.02890	0.01606	0.84478	0.02248	0.00428	0.00428	0.00642	0.00268	0.00268
138	0.87598	0.00854	0.00649	0.00581	0.00854	0.00991	0.00478	0.01298	0.00752	0.01982	0.00615	0.00717	0.00478	0.00410	0.00273	0.00137	0.00342	0.00239	0.00273	0.00478
139	0.00886	0.02285	0.82190	0.01259	0.01912	0.01026	0.01632	0.01399	0.00932	0.01399	0.00793	0.00932	0.00559	0.00420	0.00420	0.00140	0.00653	0.00326	0.00186	0.00653
140	0.01107	0.14354	0.37850	0.01089	0.01557	0.01125	0.06290	0.11856	0.04447	0.06982	0.02760	0.02416	0.02341	0.00540	0.02007	0.00145	0.01835	0.00390	0.00274	0.00635
141	0.01152	0.65575	0.01980	0.00770	0.01095	0.09923	0.00721	0.01291	0.00954	0.01093	0.05352	0.04603	0.03006	0.00479	0.00327	0.00104	0.00475	0.00336	0.00225	0.00538
142	0.03157	0.09350	0.10922	0.00755	0.01168	0.00776	0.00698	0.01325	0.00963	0.13245	0.00905	0.00979	0.00694	0.00378	0.00350	0.00090	0.00389	0.00293	0.00287	0.53275

[dist]
# distance from previous block
# <min> <max>
2	5

[block]
# block no. 2 follows, 59 sequences, length 7
# corresponding to MSA columns:
# 325-331
name=unknown_C
#
# <colnr> <probs for GDERKNQSTAVLIFYWHMCP>
#	G	D	E	R	K	N	Q	S	T	A	V	L	I	F	Y	W	H	M	C	P
0	0.01128	0.70084	0.16515	0.00845	0.01272	0.01619	0.00911	0.01336	0.00904	0.01103	0.00646	0.00748	0.00565	0.00385	0.00308	0.00103	0.00504	0.00252	0.00188	0.00582
1	0.00604	0.00451	0.00562	0.00534	0.00647	0.00408	0.00400	0.00793	0.01201	0.01655	0.65960	0.03491	0.19771	0.00946	0.00521	0.00141	0.00211	0.00826	0.00471	0.00408
2	0.01679	0.01237	0.01325	0.01016	0.01370	0.01370	0.00839	0.80251	0.02077	0.02783	0.01060	0.01060	0.00751	0.00530	0.00442	0.00133	0.00486	0.00398	0.00442	0.00751
3	0.00916	0.00785	0.00916	0.00654	0.01047	0.00589	0.00523	0.01112	0.00916	0.01439	0.00785	0.00916	0.00654	0.00327	0.00327	0.00065	0.00327	0.00262	0.00262	0.87178
4	0.01232	0.75702	0.02198	0.00798	0.01159	0.10606	0.00766	0.01371	0.00936	0.01044	0.00622	0.00718	0.00567	0.00386	0.00296	0.00097	0.00508	0.00241	0.00193	0.00561
5	0.01222	0.00838	0.00958	0.00829	0.01089	0.00887	0.00660	0.05180	0.44091	0.17969	0.08447	0.01909	0.01543	0.00635	0.00457	0.00143	0.00351	0.05763	0.00456	0.06573
6	0.01588	0.01132	0.21158	0.00901	0.01303	0.00763	0.00886	0.01919	0.06620	0.52921	0.05099	0.01452	0.01116	0.00535	0.00442	0.00138	0.00435	0.00435	0.00448	0.00708

[dist]
# distance from previous block
# <min> <max>
0	1

[block]
# block no. 3 follows, 59 sequences, length 6
# corresponding to MSA columns:
# 333-338
name=unknown_D
#
# <colnr> <probs for GDERKNQSTAVLIFYWHMCP>
#	G	D	E	R	K	N	Q	S	T	A	V	L	I	F	Y	W	H	M	C	P
0	0.01181	0.84744	0.02314	0.00756	0.01134	0.01748	0.00756	0.01323	0.00897	0.01039	0.00614	0.00708	0.00567	0.00378	0.00283	0.00094	0.00472	0.00236	0.00189	0.00567
1	0.01050	0.00781	0.00930	0.00671	0.01057	0.00596	0.00539	0.01243	0.00960	0.11585	0.00906	0.00990	0.00709	0.00355	0.00342	0.00074	0.00333	0.00285	0.00298	0.76298
2	0.00925	0.13108	0.71705	0.01193	0.01809	0.01120	0.01517	0.01389	0.00928	0.01351	0.00769	0.00903	0.00560	0.00414	0.00402	0.00134	0.00629	0.00315	0.00187	0.00641
3	0.01746	0.00768	0.00993	0.00780	0.01089	0.00703	0.00637	0.11783	0.01337	0.60829	0.05976	0.05101	0.04938	0.00624	0.00456	0.00139	0.00369	0.00513	0.00518	0.00701
4	0.15460	0.00974	0.01267	0.01245	0.15745	0.05864	0.09288	0.07184	0.06919	0.22416	0.04318	0.01391	0.01006	0.02570	0.00472	0.00145	0.00464	0.02281	0.00362	0.00629
5	0.36307	0.12835	0.07991	0.00884	0.06866	0.01060	0.00732	0.07102	0.03834	0.13851	0.01040	0.01075	0.03822	0.00469	0.00353	0.00131	0.00411	0.00336	0.00315	0.00586

[dist]
# distance from previous block
# <min> <max>
1	89

[block]
# block no. 4 follows, 59 sequences, length 63
# corresponding to MSA columns:
# 454-516
name=unknown_E
#
# <colnr> <probs for GDERKNQSTAVLIFYWHMCP>
#	G	D	E	R	K	N	Q	S	T	A	V	L	I	F	Y	W	H	M	C	P
0	0.02599	0.20715	0.37807	0.01064	0.02837	0.04769	0.02589	0.04820	0.04829	0.08866	0.00893	0.00971	0.00664	0.00431	0.00388	0.00125	0.00551	0.00326	0.00252	0.04504
1	0.03700	0.06894	0.03225	0.01582	0.27509	0.14671	0.06604	0.10119	0.06536	0.13381	0.01013	0.01105	0.00765	0.00453	0.00424	0.00130	0.00542	0.00383	0.00307	0.00658
2	0.74507	0.00831	0.00694	0.00659	0.03908	0.00934	0.00506	0.01252	0.00793	0.01899	0.02962	0.00956	0.03954	0.00448	0.00299	0.00134	0.00339	0.00290	0.00282	0.04354
3	0.01532	0.10802	0.05013	0.01199	0.06277	0.65490	0.00908	0.01676	0.01185	0.01113	0.00689	0.00811	0.00576	0.00442	0.00389	0.00114	0.00739	0.00288	0.00221	0.00536
4	0.00638	0.00497	0.00618	0.00630	0.04022	0.00462	0.00444	0.00866	0.04723	0.01590	0.52616	0.03380	0.24462	0.02445	0.00546	0.00147	0.00236	0.00801	0.00449	0.00427
5	0.00992	0.19316	0.19694	0.01090	0.10173	0.05324	0.02092	0.02675	0.01025	0.02761	0.13571	0.01556	0.04228	0.00546	0.00440	0.00125	0.02706	0.03386	0.00274	0.08025
6	0.00845	0.00792	0.01311	0.79996	0.02963	0.00986	0.01205	0.01179	0.04201	0.01158	0.00827	0.01197	0.00620	0.00448	0.00442	0.00147	0.00579	0.00397	0.00207	0.00499
7	0.00765	0.00635	0.00861	0.01018	0.16691	0.00628	0.00630	0.01109	0.12402	0.01598	0.38945	0.08126	0.13194	0.00820	0.00497	0.00143	0.00296	0.00724	0.00413	0.00503
8	0.01659	0.01398	0.01303	0.01037	0.01363	0.17091	0.00839	0.63105	0.03909	0.02431	0.01006	0.01024	0.00731	0.00517	0.00434	0.00129	0.00543	0.00378	0.00401	0.00704
9	0.01099	0.00949	0.00999	0.00899	0.01148	0.01099	0.00699	0.02347	0.80925	0.01848	0.01798	0.01648	0.01348	0.00599	0.00449	0.00150	0.00350	0.00499	0.00449	0.00699
10	0.00873	0.00833	0.01356	0.70900	0.11286	0.02708	0.01214	0.01157	0.00899	0.01158	0.00798	0.01175	0.00614	0.00514	0.02649	0.00160	0.00602	0.00392	0.00200	0.00511
11	0.03106	0.01106	0.06692	0.01288	0.03786	0.04369	0.29794	0.06188	0.15181	0.11054	0.05375	0.05440	0.01920	0.00541	0.00494	0.00146	0.02045	0.00521	0.00337	0.00617
12	0.00767	0.00384	0.00575	0.00575	0.00575	0.00384	0.00384	0.00575	0.00575	0.00767	0.00767	0.01343	0.00767	0.01534	0.01726	0.87150	0.00384	0.00384	0.00192	0.00192
13	0.01933	0.00758	0.01021	0.00788	0.01123	0.00666	0.00649	0.03406	0.03006	0.77520	0.03200	0.01532	0.01150	0.00554	0.00446	0.00137	0.00374	0.00451	0.00542	0.00744
14	0.01163	0.01138	0.05271	0.03833	0.27270	0.01058	0.38252	0.04850	0.01084	0.09159	0.00951	0.01171	0.00716	0.00411	0.00490	0.00142	0.01677	0.00456	0.00260	0.00649
15	0.01284	0.25351	0.16646	0.01136	0.02594	0.06779	0.13331	0.19702	0.02696	0.05175	0.00873	0.00970	0.00664	0.00437	0.00402	0.00125	0.00567	0.00354	0.00276	0.00638
16	0.01050	0.00843	0.00748	0.00677	0.00853	0.12641	0.00521	0.10840	0.12883	0.01710	0.08381	0.01775	0.06901	0.00595	0.00391	0.00121	0.00348	0.00474	0.37741	0.00507
17	0.22198	0.21121	0.05988	0.00958	0.03988	0.29020	0.00795	0.05117	0.01034	0.01397	0.00691	0.00816	0.00574	0.00509	0.02619	0.00135	0.01984	0.00280	0.00236	0.00539
18	0.00631	0.00473	0.00710	0.00710	0.00789	0.00552	0.00552	0.00789	0.00710	0.01025	0.01183	0.01735	0.01104	0.03312	0.82728	0.00710	0.01183	0.00473	0.00237	0.00394
19	0.01161	0.57458	0.14943	0.00883	0.01273	0.10818	0.00905	0.01363	0.00950	0.01117	0.00744	0.00987	0.00673	0.00439	0.00336	0.00110	0.00535	0.04533	0.00205	0.00566
20	0.01190	0.00799	0.00953	0.00700	0.01071	0.00650	0.00566	0.06716	0.01069	0.18530	0.01024	0.01070	0.00766	0.00392	0.00359	0.00086	0.00345	0.00314	0.02709	0.60695
21	0.04956	0.02673	0.49076	0.03894	0.07726	0.01000	0.07462	0.03170	0.02603	0.11922	0.00942	0.01051	0.00665	0.00436	0.00426	0.00139	0.00587	0.00364	0.00253	0.00654
22	0.01090	0.01050	0.01780	0.02502	0.69641	0.01058	0.06574	0.01443	0.07718	0.01475	0.00916	0.01146	0.00752	0.00409	0.00444	0.00134	0.00525	0.00411	0.00238	0.00693
23	0.00538	0.00395	0.00506	0.00591	0.00635	0.00362	0.00400	0.00624	0.00879	0.01155	0.04980	0.71312	0.13332	0.01335	0.00557	0.00174	0.00251	0.01200	0.00412	0.00362
24	0.00642	0.00428	0.00482	0.00482	0.00482	0.00428	0.00268	0.00642	0.00642	0.00856	0.01392	0.02890	0.01606	0.84478	0.02248	0.00428	0.00428	0.00642	0.00268	0.00268
25	0.02977	0.04338	0.01180	0.01002	0.01245	0.36758	0.00781	0.07892	0.26919	0.05061	0.02063	0.01216	0.00927	0.00538	0.00462	0.00133	0.04023	0.01554	0.00333	0.00599
26	0.01093	0.01049	0.01793	0.02711	0.81723	0.01049	0.01355	0.01355	0.01006	0.01443	0.00831	0.01093	0.00700	0.00394	0.00437	0.00131	0.00525	0.00394	0.00219	0.00700
27	0.00583	0.00403	0.00499	0.00557	0.00572	0.00389	0.00348	0.00627	0.00757	0.01010	0.01982	0.48912	0.02350	0.37441	0.01295	0.00287	0.00331	0.00989	0.00348	0.00319
28	0.00642	0.00428	0.00482	0.00482	0.00482	0.00428	0.00268	0.00642	0.00642	0.00856	0.01392	0.02890	0.01606	0.84478	0.02248	0.00428	0.00428	0.00642	0.00268	0.00268
