[name]
unknown

[dist]
# distance from previous block
# <min> <max>
0	574

[block]
# block no. 0 follows, 52 sequences, length 34
# corresponding to MSA columns:
# 574-580,582-608
name=unknown_A
#
# <colnr> <probs for GDERKNQSTAVLIFYWHMCP>
#	G	D	E	R	K	N	Q	S	T	A	V	L	I	F	Y	W	H	M	C	P
0	0.00816	0.00685	0.00902	0.06891	0.10070	0.03162	0.00743	0.01060	0.05448	0.01404	0.04463	0.27240	0.10726	0.02236	0.00607	0.00187	0.00407	0.20198	0.00401	0.02355
1	0.01199	0.01141	0.01917	0.11583	0.59182	0.03187	0.07729	0.01491	0.01108	0.04001	0.01004	0.01281	0.02058	0.00456	0.00489	0.00148	0.00601	0.00452	0.00253	0.00723
2	0.86392	0.00937	0.00712	0.00637	0.00937	0.01087	0.00525	0.01425	0.00825	0.02174	0.00675	0.00787	0.00525	0.00450	0.00300	0.00150	0.00375	0.00262	0.00300	0.00525
3	0.00699	0.00504	0.00709	0.00712	0.00780	0.00565	0.00527	0.00836	0.00776	0.01114	0.01398	0.04653	0.01388	0.19930	0.59379	0.00673	0.01057	0.00582	0.03316	0.00403
4	0.01189	0.01141	0.01949	0.05753	0.77246	0.01149	0.01482	0.01478	0.01099	0.01571	0.00910	0.01203	0.00763	0.00434	0.00480	0.00145	0.00578	0.00432	0.00239	0.00760
5	0.00658	0.00491	0.00610	0.00587	0.00708	0.00444	0.00438	0.00857	0.01296	0.01777	0.60389	0.07141	0.20690	0.01064	0.00574	0.00157	0.00234	0.00929	0.00512	0.00444
6	0.01293	0.01085	0.01145	0.01004	0.01294	0.01246	0.00788	0.12995	0.68508	0.02168	0.01861	0.01719	0.01389	0.00647	0.00492	0.00162	0.00404	0.00533	0.00492	0.00775
7	0.01390	0.68337	0.02324	0.00906	0.01291	0.16501	0.00849	0.01540	0.01056	0.01149	0.00688	0.00795	0.00622	0.00430	0.00334	0.00108	0.00584	0.00269	0.00215	0.00611
8	0.01366	0.00923	0.03253	0.00806	0.01049	0.10646	0.00651	0.05471	0.01391	0.26064	0.34841	0.02359	0.02532	0.00747	0.00507	0.00146	0.00395	0.00623	0.05618	0.00610
9	0.01366	0.09384	0.22399	0.03425	0.15003	0.20151	0.02560	0.06518	0.03603	0.06244	0.00997	0.03469	0.00797	0.00518	0.00469	0.00142	0.01594	0.00405	0.00280	0.00677
10	0.00917	0.00863	0.01489	0.72360	0.03136	0.01047	0.05908	0.01223	0.00969	0.01246	0.00920	0.03639	0.00731	0.00544	0.00534	0.02614	0.00639	0.00466	0.00224	0.00532
11	0.01307	0.06196	0.08161	0.07802	0.08793	0.04107	0.02186	0.18706	0.30219	0.02004	0.03495	0.01500	0.01138	0.00584	0.00479	0.00153	0.00513	0.01539	0.00392	0.00726
12	0.00995	0.00927	0.01481	0.40894	0.26992	0.01039	0.01234	0.01379	0.07846	0.01441	0.03426	0.01654	0.07532	0.00559	0.00494	0.00156	0.00556	0.00503	0.00276	0.00617
13	0.01057	0.00996	0.01626	0.23492	0.46773	0.01054	0.01292	0.01395	0.05362	0.01485	0.01332	0.03536	0.07405	0.00551	0.00493	0.00153	0.00549	0.00510	0.00270	0.00668
14	0.00674	0.00491	0.00598	0.00587	0.00682	0.00476	0.00421	0.00815	0.01029	0.01403	0.25717	0.03366	0.21228	0.20227	0.16001	0.00343	0.00487	0.00787	0.04267	0.00404
15	0.86392	0.00937	0.00712	0.00637	0.00937	0.01087	0.00525	0.01425	0.00825	0.02174	0.00675	0.00787	0.00525	0.00450	0.00300	0.00150	0.00375	0.00262	0.00300	0.00525
16	0.00630	0.00493	0.00570	0.00551	0.00690	0.00434	0.00413	0.00807	0.01240	0.01631	0.42844	0.04134	0.41614	0.01107	0.00572	0.00158	0.00237	0.00949	0.00492	0.00434
17	0.12581	0.00830	0.01053	0.00827	0.01179	0.00760	0.00680	0.02190	0.03177	0.65409	0.05003	0.01628	0.01263	0.00599	0.00468	0.00150	0.00399	0.00477	0.00557	0.00771
18	0.06527	0.00666	0.00791	0.00668	0.00902	0.00633	0.00532	0.04762	0.01246	0.31642	0.12435	0.01910	0.01626	0.00631	0.00431	0.00136	0.00319	0.00512	0.33019	0.00614
19	0.03913	0.06624	0.10623	0.20567	0.15915	0.16899	0.04900	0.09366	0.01219	0.01564	0.00891	0.01119	0.00696	0.00479	0.00455	0.00143	0.00653	0.00391	0.02942	0.00641
20	0.03574	0.04442	0.01407	0.01112	0.01448	0.22303	0.00893	0.43753	0.12276	0.02340	0.01136	0.01152	0.00846	0.00562	0.00463	0.00141	0.00598	0.00409	0.00410	0.00734
21	0.00610	0.00431	0.00559	0.00650	0.00676	0.00407	0.00426	0.00685	0.00903	0.01206	0.04228	0.68443	0.03010	0.14243	0.00906	0.00238	0.00309	0.01261	0.00427	0.00379
22	0.01199	0.09672	0.18462	0.05285	0.13920	0.03515	0.23376	0.03719	0.01112	0.06231	0.00992	0.03150	0.00787	0.00534	0.01504	0.00161	0.04983	0.00463	0.00262	0.00673
23	0.01018	0.19325	0.46925	0.01191	0.01727	0.01203	0.03370	0.01448	0.02540	0.01446	0.01137	0.01740	0.01001	0.00601	0.00467	0.00155	0.00625	0.13178	0.00252	0.00650
24	0.00596	0.00426	0.00567	0.00671	0.00704	0.00397	0.00450	0.00689	0.00954	0.01279	0.07296	0.77907	0.03287	0.01487	0.00616	0.00194	0.00278	0.01348	0.00455	0.00397
25	0.00994	0.00910	0.01432	0.08073	0.45228	0.00919	0.01092	0.01281	0.05044	0.01484	0.03988	0.07936	0.13148	0.05620	0.00627	0.00173	0.00483	0.00626	0.00310	0.00631
26	0.01213	0.03881	0.08760	0.13788	0.13829	0.03750	0.09010	0.07234	0.14036	0.07746	0.04168	0.03941	0.03071	0.00600	0.00499	0.00156	0.00552	0.02745	0.00348	0.00673
27	0.01199	0.01151	0.01967	0.02974	0.79946	0.01151	0.01487	0.01487	0.01103	0.01583	0.00912	0.01199	0.00768	0.00432	0.00480	0.00144	0.00576	0.00432	0.00240	0.00768
28	0.25263	0.00952	0.01044	0.00849	0.01188	0.00986	0.00693	0.10804	0.13935	0.37184	0.01494	0.01381	0.01016	0.00566	0.00436	0.00152	0.00411	0.00429	0.00486	0.00732
29	0.01121	0.00771	0.01064	0.07039	0.17199	0.00794	0.03185	0.08501	0.01175	0.06508	0.01525	0.01708	0.05460	0.00573	0.00443	0.00134	0.01810	0.00482	0.39922	0.00585
30	0.01243	0.04446	0.17646	0.03959	0.13577	0.02345	0.09581	0.06586	0.04199	0.14008	0.03152	0.11037	0.02558	0.00661	0.00506	0.00158	0.00549	0.02761	0.00354	0.00675
31	0.01199	0.01151	0.01967	0.02974	0.79946	0.01151	0.01487	0.01487	0.01103	0.01583	0.00912	0.01199	0.00768	0.00432	0.00480	0.00144	0.00576	0.00432	0.00240	0.00768
32	0.00644	0.00444	0.00546	0.00606	0.00621	0.00430	0.00376	0.00689	0.00822	0.01097	0.02131	0.45117	0.02524	0.39984	0.01491	0.00326	0.00370	0.01060	0.00376	0.00346
33	0.09368	0.03471	0.04239	0.01615	0.23940	0.26847	0.04238	0.04364	0.01187	0.01558	0.00859	0.01040	0.00701	0.00456	0.00428	0.00128	0.00626	0.00359	0.03306	0.11269

[dist]
# distance from previous block
# <min> <max>
2	8

[block]
# block no. 1 follows, 52 sequences, length 6
# corresponding to MSA columns:
# 617-622
name=unknown_B
#
# <colnr> <probs for GDERKNQSTAVLIFYWHMCP>
#	G	D	E	R	K	N	Q	S	T	A	V	L	I	F	Y	W	H	M	C	P
0	0.07723	0.22812	0.26935	0.06887	0.01825	0.09825	0.09765	0.06231	0.01122	0.01519	0.00821	0.00985	0.00639	0.00455	0.00423	0.00139	0.00651	0.00354	0.00240	0.00648
1	0.00665	0.00491	0.00568	0.00569	0.00698	0.00445	0.00420	0.00822	0.01082	0.01472	0.17145	0.16376	0.34167	0.01307	0.07057	0.00207	0.00335	0.00911	0.11707	0.03555
2	0.03545	0.04094	0.03846	0.27404	0.09638	0.11693	0.01055	0.01473	0.10640	0.01412	0.03899	0.01549	0.05759	0.00755	0.04811	0.00189	0.06899	0.00472	0.00286	0.00584
3	0.00776	0.00500	0.00614	0.00617	0.00715	0.00463	0.00439	0.00900	0.01055	0.07394	0.19726	0.20969	0.15884	0.19387	0.00996	0.00238	0.00324	0.05492	0.03082	0.00426
4	0.00886	0.00741	0.01210	0.05946	0.01305	0.00779	0.16023	0.05119	0.01004	0.01410	0.07274	0.02194	0.01473	0.16552	0.24215	0.00396	0.02906	0.03821	0.06261	0.00485
5	0.00751	0.00537	0.00672	0.00715	0.00809	0.00529	0.00512	0.01037	0.11431	0.04363	0.13645	0.51781	0.05952	0.01277	0.00590	0.00184	0.00297	0.03973	0.00473	0.00471

[dist]
# distance from previous block
# <min> <max>
0	1

[block]
# block no. 2 follows, 52 sequences, length 8
# corresponding to MSA columns:
# 624-631
name=unknown_C
#
# <colnr> <probs for GDERKNQSTAVLIFYWHMCP>
#	G	D	E	R	K	N	Q	S	T	A	V	L	I	F	Y	W	H	M	C	P
0	0.01127	0.01115	0.10454	0.06882	0.03150	0.03624	0.05752	0.14854	0.05876	0.05029	0.04779	0.19673	0.03356	0.00774	0.00533	0.00155	0.02278	0.00667	0.00376	0.09545
1	0.01269	0.76573	0.08992	0.00875	0.01314	0.01852	0.00909	0.01458	0.00988	0.01173	0.00690	0.00798	0.00621	0.00418	0.00323	0.00108	0.00535	0.00267	0.00207	0.00630
2	0.86392	0.00937	0.00712	0.00637	0.00937	0.01087	0.00525	0.01425	0.00825	0.02174	0.00675	0.00787	0.00525	0.00450	0.00300	0.00150	0.00375	0.00262	0.00300	0.00525
3	0.01134	0.00877	0.00970	0.00850	0.01068	0.00964	0.00656	0.17693	0.30622	0.02060	0.19154	0.02225	0.02043	0.09316	0.04463	0.00216	0.00425	0.00609	0.04025	0.00632
4	0.00881	0.01356	0.31525	0.01005	0.01377	0.00806	0.04023	0.01216	0.03136	0.03783	0.06271	0.16533	0.09081	0.07148	0.00698	0.00183	0.03247	0.00678	0.00326	0.06727
5	0.00645	0.00487	0.00596	0.00584	0.00703	0.00438	0.00432	0.00830	0.01253	0.01698	0.51347	0.11891	0.25106	0.01109	0.00577	0.00160	0.00239	0.00967	0.00502	0.00438
6	0.01226	0.39499	0.10161	0.01048	0.01439	0.03839	0.08777	0.08268	0.09423	0.01497	0.01119	0.09613	0.01013	0.00578	0.00424	0.00135	0.00542	0.00467	0.00292	0.00642
7	0.01321	0.42755	0.18402	0.01024	0.01472	0.07355	0.01042	0.10670	0.08957	0.01539	0.00907	0.00984	0.00730	0.00474	0.00390	0.00127	0.00574	0.00333	0.00271	0.00675

[dist]
# distance from previous block
# <min> <max>
0	1

[block]
# block no. 3 follows, 52 sequences, length 34
# corresponding to MSA columns:
# 633-666
name=unknown_D
#
# <colnr> <probs for GDERKNQSTAVLIFYWHMCP>
#	G	D	E	R	K	N	Q	S	T	A	V	L	I	F	Y	W	H	M	C	P
0	0.01167	0.42121	0.31067	0.01093	0.01613	0.01503	0.04524	0.04293	0.01057	0.01396	0.00834	0.01038	0.00692	0.00460	0.00395	0.00128	0.00597	0.02360	0.00227	0.03433
1	0.00719	0.02928	0.03409	0.00791	0.00904	0.00655	0.00639	0.00898	0.00790	0.01132	0.01275	0.01889	0.01195	0.06282	0.73326	0.00728	0.01227	0.00513	0.00258	0.00442
2	0.00685	0.00462	0.00534	0.00554	0.00558	0.00457	0.00320	0.00700	0.00743	0.00991	0.01723	0.16807	0.02009	0.68996	0.02149	0.00423	0.00437	0.00820	0.00320	0.00311
3	0.01354	0.02955	0.04364	0.13020	0.07862	0.02656	0.18737	0.15714	0.02712	0.12201	0.01142	0.02962	0.00873	0.00690	0.04282	0.00187	0.06787	0.00488	0.00337	0.00677
4	0.01296	0.01172	0.03781	0.01054	0.01363	0.03376	0.03123	0.12425	0.62077	0.02109	0.01768	0.01658	0.01320	0.00630	0.00492	0.00160	0.00440	0.00521	0.00469	0.00764
5	0.00603	0.00441	0.00571	0.00661	0.00712	0.00403	0.00447	0.00697	0.00952	0.01267	0.04379	0.72906	0.08852	0.01453	0.00607	0.00190	0.00280	0.01310	0.00447	0.02822
6	0.01113	0.01383	0.24824	0.01124	0.06812	0.00848	0.03559	0.01441	0.01054	0.08336	0.00961	0.01089	0.00732	0.00416	0.00415	0.00111	0.00500	0.00345	0.00285	0.44651
7	0.01309	0.01031	0.06060	0.00840	0.01273	0.00811	0.00723	0.12656	0.01252	0.14191	0.01071	0.01131	0.00803	0.00436	0.00404	0.00100	0.00415	0.00345	0.00360	0.54790
8	0.01144	0.01307	0.02859	0.02042	0.02533	0.01225	0.78186	0.01552	0.01144	0.01552	0.00980	0.01307	0.00735	0.00408	0.00572	0.00163	0.00817	0.00572	0.00245	0.00654
9	0.01210	0.01014	0.01076	0.00952	0.01223	0.01151	0.00744	0.10491	0.62195	0.02093	0.06454	0.01997	0.05847	0.00699	0.00501	0.00162	0.00383	0.00580	0.00492	0.00736
10	0.00757	0.00589	0.00706	0.00742	0.00847	0.00607	0.00532	0.01182	0.20569	0.01516	0.10783	0.49826	0.05859	0.01232	0.00581	0.00183	0.00302	0.02221	0.00470	0.00495
11	0.00649	0.00447	0.00551	0.00609	0.00626	0.00433	0.00382	0.00696	0.00825	0.01099	0.02123	0.43184	0.02508	0.40385	0.01501	0.00328	0.00374	0.02558	0.00375	0.00347
12	0.00593	0.00487	0.00521	0.00522	0.00669	0.00416	0.00388	0.00730	0.01137	0.01409	0.17115	0.09542	0.62376	0.01207	0.00576	0.00164	0.00245	0.01022	0.00464	0.00416
13	0.00649	0.00452	0.00580	0.00621	0.00678	0.00421	0.00424	0.00735	0.01002	0.01348	0.21596	0.38840	0.10927	0.09744	0.00921	0.08899	0.00298	0.01052	0.00430	0.00382
14	0.01354	0.00915	0.01394	0.07486	0.03276	0.00886	0.15217	0.08406	0.03832	0.19965	0.05998	0.21831	0.01801	0.00862	0.00575	0.00181	0.00503	0.00766	0.04082	0.00671
15	0.17564	0.01176	0.07998	0.09938	0.39858	0.02030	0.04016	0.01452	0.02809	0.01653	0.00933	0.03539	0.00780	0.00477	0.00447	0.00147	0.00546	0.00422	0.00260	0.03955
16	0.02845	0.04027	0.02935	0.03933	0.12217	0.07907	0.00817	0.04936	0.01104	0.02960	0.00946	0.04181	0.00812	0.00461	0.00430	0.00107	0.02154	0.00370	0.00290	0.46568
17	0.48611	0.19036	0.06771	0.00847	0.02956	0.04375	0.00748	0.05236	0.04669	0.01889	0.00781	0.00881	0.00621	0.00461	0.00341	0.00139	0.00462	0.00296	0.00288	0.00592
18	0.01138	0.05490	0.54953	0.01367	0.04787	0.01124	0.06230	0.03570	0.04407	0.08742	0.03014	0.01196	0.00823	0.00492	0.00469	0.00152	0.00650	0.00405	0.00272	0.00718
19	0.01140	0.04178	0.04229	0.09578	0.26401	0.10971	0.01033	0.06035	0.06897	0.01593	0.08534	0.01916	0.12896	0.00638	0.00489	0.00146	0.00523	0.00542	0.00327	0.01933
20	0.04620	0.00570	0.00707	0.00672	0.00833	0.00528	0.00525	0.01116	0.01204	0.14105	0.30498	0.08319	0.16803	0.05160	0.00660	0.00183	0.00315	0.12197	0.00489	0.00496
21	0.00833	0.02080	0.06873	0.01009	0.07624	0.00738	0.04627	0.01244	0.15354	0.01529	0.10389	0.25098	0.15925	0.02761	0.00593	0.00176	0.00382	0.01812	0.00413	0.00542
22	0.01318	0.01129	0.01154	0.01015	0.01300	0.04621	0.00799	0.14539	0.60987	0.02136	0.01811	0.01787	0.01382	0.00661	0.00495	0.00162	0.00430	0.03036	0.00480	0.00757
23	0.19781	0.55703	0.08009	0.00842	0.01253	0.01659	0.00840	0.04778	0.01009	0.01478	0.00710	0.00815	0.00609	0.00433	0.00327	0.00119	0.00503	0.00275	0.00239	0.00617
24	0.03486	0.00796	0.00988	0.00797	0.01073	0.02341	0.00622	0.06258	0.01238	0.49462	0.01681	0.01928	0.01269	0.19477	0.04032	0.00244	0.00474	0.00522	0.00489	0.02823
25	0.01263	0.53311	0.23026	0.01023	0.01511	0.04547	0.03041	0.01533	0.01031	0.04681	0.00790	0.00897	0.00648	0.00438	0.00369	0.00121	0.00587	0.00305	0.00226	0.00654
26	0.00643	0.00491	0.00603	0.00629	0.00699	0.00483	0.00441	0.00742	0.00943	0.01237	0.08182	0.30250	0.23449	0.16503	0.08747	0.00292	0.03875	0.01000	0.00399	0.00393
27	0.00679	0.00704	0.08953	0.00805	0.00951	0.00544	0.03824	0.00848	0.00957	0.01282	0.02484	0.44438	0.11825	0.03818	0.10253	0.00266	0.00481	0.06055	0.00389	0.00445
28	0.00690	0.00509	0.00720	0.00720	0.00793	0.00572	0.00537	0.00828	0.00779	0.01098	0.01494	0.02259	0.04650	0.18448	0.62857	0.00695	0.01098	0.00575	0.00274	0.00406
29	0.01377	0.16288	0.22779	0.07476	0.03698	0.33404	0.03770	0.01680	0.02813	0.01315	0.00814	0.00971	0.00648	0.00472	0.00432	0.00134	0.00733	0.00341	0.00232	0.00624
30	0.01324	0.00819	0.01139	0.03103	0.06267	0.00817	0.05089	0.01797	0.18055	0.25245	0.09712	0.04495	0.02832	0.00807	0.00543	0.00170	0.00429	0.16214	0.00481	0.00663
31	0.00604	0.00458	0.00555	0.00620	0.00701	0.00414	0.00439	0.00713	0.01009	0.01294	0.06635	0.46224	0.28394	0.04081	0.00666	0.00195	0.00284	0.05867	0.00448	0.00401
32	0.01032	0.00991	0.04951	0.46109	0.20069	0.01049	0.04428	0.01385	0.03894	0.03746	0.01024	0.02929	0.00805	0.00503	0.00481	0.00155	0.00594	0.00459	0.04784	0.00612
33	0.01346	0.01217	0.09639	0.15621	0.08491	0.01131	0.14235	0.18875	0.03035	0.11860	0.01235	0.04423	0.00967	0.00582	0.00533	0.00159	0.02381	0.03225	0.00354	0.00692

[dist]
# distance from previous block
# <min> <max>
0	1

[block]
# block no. 4 follows, 52 sequences, length 33
# corresponding to MSA columns:
# 668-700
name=unknown_E
#
# <colnr> <probs for GDERKNQSTAVLIFYWHMCP>
#	G	D	E	R	K	N	Q	S	T	A	V	L	I	F	Y	W	H	M	C	P
0	0.01490	0.01788	0.03681	0.07157	0.11214	0.44805	0.04261	0.01774	0.07693	0.01331	0.00879	0.01063	0.00720	0.00536	0.00582	0.00145	0.09633	0.00379	0.00261	0.00607
1	0.01194	0.09938	0.09023	0.02844	0.09149	0.04143	0.02543	0.22077	0.03943	0.01848	0.03258	0.06345	0.16398	0.00750	0.00498	0.00152	0.00491	0.04390	0.00374	0.00637
2	0.01227	0.29307	0.22652	0.01180	0.08042	0.04393	0.01107	0.09342	0.01156	0.01556	0.00831	0.00960	0.00669	0.00439	0.00395	0.00120	0.00563	0.00325	0.00253	0.15483
3	0.00677	0.00489	0.00617	0.00648	0.00706	0.00499	0.00445	0.00816	0.03833	0.01193	0.03962	0.28659	0.08639	0.24691	0.19686	0.00401	0.00567	0.00899	0.02180	0.00393
4	0.00643	0.00496	0.00666	0.00831	0.07286	0.00463	0.00516	0.00747	0.00961	0.01264	0.02829	0.60010	0.15085	0.04954	0.00681	0.00199	0.00308	0.01213	0.00426	0.00423
5	0.01147	0.08220	0.11977	0.13502	0.23031	0.04454	0.08280	0.02586	0.11594	0.02398	0.01903	0.01393	0.02563	0.00526	0.00514	0.00152	0.03247	0.01559	0.00281	0.00674
6	0.01465	0.00926	0.01048	0.00945	0.04573	0.07466	0.00708	0.04924	0.15896	0.29286	0.24871	0.02161	0.02172	0.00710	0.00509	0.00151	0.00403	0.00595	0.00511	0.00680
7	0.57731	0.00937	0.00862	0.00734	0.01051	0.01031	0.00601	0.04653	0.07518	0.19213	0.01071	0.01074	0.00763	0.00505	0.00364	0.00151	0.00390	0.00342	0.00388	0.00622
8	0.03946	0.28124	0.27195	0.01250	0.07957	0.01340	0.05935	0.05848	0.01105	0.05051	0.01076	0.01276	0.03752	0.02025	0.00464	0.00144	0.00584	0.01998	0.00264	0.00666
9	0.01014	0.00815	0.04697	0.09215	0.15867	0.00725	0.03779	0.01225	0.01105	0.13285	0.02565	0.14757	0.24680	0.00893	0.00539	0.00164	0.00427	0.03282	0.00391	0.00573
10	0.01250	0.00623	0.00815	0.00701	0.00912	0.00563	0.00546	0.01429	0.01248	0.32081	0.28186	0.02814	0.12283	0.06750	0.07371	0.00227	0.00408	0.00703	0.00509	0.00580
11	0.01315	0.01188	0.06834	0.01680	0.19427	0.02794	0.17823	0.11975	0.04282	0.11295	0.01164	0.01375	0.00895	0.00950	0.12045	0.00243	0.03214	0.00479	0.00328	0.00695
12	0.04414	0.12972	0.27207	0.02641	0.08469	0.04413	0.18284	0.04543	0.01144	0.09977	0.00981	0.01128	0.00723	0.00461	0.00463	0.00146	0.00653	0.00410	0.00275	0.00694
13	0.00794	0.00542	0.00607	0.00584	0.00617	0.00552	0.00353	0.07167	0.00846	0.01129	0.01547	0.06490	0.01747	0.72537	0.02220	0.00431	0.00467	0.00712	0.00316	0.00342
14	0.00653	0.00474	0.00595	0.00657	0.00724	0.00447	0.00474	0.00768	0.00991	0.01300	0.09682	0.34773	0.14776	0.15737	0.00943	0.00241	0.00336	0.15608	0.00429	0.00394
15	0.01349	0.07909	0.15064	0.01091	0.02766	0.04435	0.00985	0.19164	0.32788	0.03909	0.01413	0.01395	0.01052	0.00572	0.00462	0.00149	0.00503	0.00450	0.03803	0.00740
16	0.01162	0.12943	0.28868	0.01389	0.06420	0.08364	0.13955	0.04655	0.07727	0.01580	0.06148	0.01334	0.02295	0.00516	0.00470	0.00146	0.00637	0.00444	0.00279	0.00669
17	0.01513	0.05257	0.08185	0.01537	0.12855	0.46599	0.05341	0.01713	0.01208	0.01288	0.00780	0.00973	0.00651	0.00516	0.00573	0.00141	0.09665	0.00358	0.00238	0.00608
18	0.00774	0.00641	0.00909	0.00861	0.04096	0.00575	0.07458	0.00932	0.01002	0.01362	0.06796	0.21882	0.13893	0.14088	0.00854	0.00208	0.00391	0.07632	0.00375	0.15271
19	0.01143	0.07791	0.12389	0.14695	0.44289	0.01192	0.01387	0.03542	0.03429	0.01541	0.00916	0.01168	0.00738	0.00451	0.00461	0.00143	0.00587	0.00407	0.00244	0.03488
20	0.01294	0.08147	0.27295	0.02679	0.13565	0.06845	0.06188	0.08238	0.09574	0.08267	0.01166	0.01259	0.02300	0.00510	0.00467	0.00147	0.00610	0.00423	0.00309	0.00717
21	0.01089	0.01043	0.01479	0.02087	0.49374	0.07590	0.01087	0.01287	0.01041	0.01388	0.01387	0.01903	0.08032	0.18123	0.00909	0.00214	0.00548	0.00533	0.00271	0.00617
22	0.02625	0.00596	0.00742	0.08989	0.01030	0.00588	0.00552	0.04914	0.01171	0.06031	0.24334	0.10741	0.22038	0.11002	0.00786	0.00200	0.00344	0.02414	0.00437	0.00469
23	0.01395	0.00981	0.01412	0.19224	0.24166	0.04153	0.01067	0.05734	0.01188	0.22490	0.01333	0.01601	0.02824	0.05367	0.01843	0.00180	0.02249	0.01762	0.00355	0.00676
24	0.00933	0.02322	0.02582	0.02833	0.06741	0.02004	0.00687	0.04192	0.02486	0.08160	0.22218	0.15366	0.12241	0.01023	0.00566	0.00171	0.00369	0.14132	0.00451	0.00525
25	0.00604	0.00441	0.00549	0.00625	0.00674	0.00407	0.00418	0.00689	0.00943	0.01234	0.05257	0.57855	0.15512	0.11393	0.00835	0.00223	0.00297	0.01222	0.00433	0.00386
26	0.01612	0.01472	0.03855	0.01271	0.04648	0.24614	0.10327	0.12052	0.09388	0.16824	0.01219	0.01323	0.00913	0.03266	0.01510	0.00165	0.04045	0.00444	0.00371	0.00681
27	0.01323	0.10314	0.16403	0.07493	0.21467	0.12338	0.03359	0.15081	0.01323	0.01720	0.04040	0.01176	0.00856	0.00497	0.00460	0.00141	0.00628	0.00405	0.00285	0.00692
28	0.00963	0.00568	0.00773	0.00742	0.01734	0.00553	0.00567	0.01138	0.01094	0.16745	0.18225	0.11434	0.11826	0.01839	0.25794	0.00358	0.00621	0.04081	0.00434	0.00511
29	0.00725	0.00959	0.17815	0.00922	0.01159	0.00630	0.07679	0.00953	0.01015	0.01379	0.06924	0.43807	0.11851	0.01127	0.00572	0.00178	0.00414	0.01015	0.00384	0.00491
30	0.08490	0.06313	0.07954	0.12998	0.11764	0.22768	0.01049	0.01648	0.02755	0.11023	0.01036	0.04820	0.00843	0.00553	0.00496	0.00147	0.04003	0.00421	0.00297	0.00626
31	0.08019	0.01212	0.06104	0.04335	0.22205	0.05338	0.07888	0.16728	0.01372	0.12551	0.05994	0.03854	0.01105	0.00558	0.00483	0.00150	0.00547	0.00485	0.00364	0.00705
32	0.02587	0.19982	0.06568	0.03994	0.15074	0.03517	0.06894	0.02905	0.01106	0.14147	0.02263	0.04143	0.04773	0.00578	0.00545	0.00145	0.07321	0.00464	0.00314	0.02683

[dist]
# distance from previous block
# <min> <max>
0	14

[block]
# block no. 5 follows, 52 sequences, length 22
# corresponding to MSA columns:
# 715-731,744-748
name=unknown_F
#
# <colnr> <probs for GDERKNQSTAVLIFYWHMCP>
#	G	D	E	R	K	N	Q	S	T	A	V	L	I	F	Y	W	H	M	C	P
0	0.05568	0.43716	0.06711	0.01142	0.07480	0.06952	0.06325	0.02843	0.05603	0.02805	0.00958	0.01068	0.02903	0.00475	0.00405	0.00126	0.01900	0.00352	0.00257	0.02411
1	0.01543	0.19339	0.11010	0.01249	0.07800	0.03188	0.05072	0.28603	0.04871	0.11086	0.01104	0.01150	0.00813	0.00513	0.00448	0.00139	0.00557	0.00403	0.00367	0.00745
2	0.01150	0.01108	0.01729	0.16870	0.49194	0.04971	0.03231	0.04041	0.01116	0.01519	0.01040	0.05547	0.00925	0.00543	0.00521	0.00154	0.02579	0.02822	0.00261	0.00680
3	0.01258	0.00972	0.01030	0.00910	0.01174	0.03659	0.00710	0.04430	0.51722	0.11038	0.10102	0.02130	0.07295	0.00718	0.00504	0.00160	0.00382	0.00597	0.00498	0.00711
4	0.02341	0.02083	0.05742	0.02495	0.05369	0.02802	0.09583	0.01465	0.08250	0.14190	0.05341	0.14364	0.07250	0.00844	0.00657	0.00172	0.09649	0.06411	0.00393	0.00599
5	0.00835	0.00657	0.02742	0.05154	0.09452	0.00626	0.00665	0.06116	0.01045	0.03420	0.03671	0.45638	0.02337	0.10315	0.00779	0.00211	0.00384	0.02567	0.02904	0.00482
6	0.01821	0.01325	0.01426	0.01101	0.01483	0.01464	0.00907	0.72253	0.06045	0.05377	0.01226	0.01210	0.00868	0.00586	0.00485	0.00147	0.00522	0.00443	0.00489	0.00821
7	0.02699	0.05707	0.11261	0.07721	0.09704	0.04838	0.00977	0.10908	0.08221	0.06769	0.01505	0.16081	0.03082	0.02805	0.00595	0.00168	0.04150	0.01826	0.00356	0.00628
8	0.01000	0.00945	0.01588	0.56377	0.25495	0.01085	0.01363	0.01310	0.01009	0.01349	0.00876	0.01256	0.00684	0.00465	0.00479	0.00154	0.00617	0.00426	0.00225	0.03297
9	0.01297	0.14679	0.24929	0.01252	0.08547	0.04344	0.01147	0.13389	0.10275	0.07461	0.02829	0.05596	0.01026	0.00571	0.00458	0.00146	0.00556	0.00456	0.00335	0.00707
10	0.01045	0.18341	0.49300	0.01366	0.04480	0.01260	0.10448	0.01476	0.01027	0.01445	0.00934	0.05043	0.00763	0.00496	0.00452	0.00147	0.00662	0.00416	0.00223	0.00676
11	0.01153	0.33621	0.01902	0.01097	0.01261	0.01656	0.00969	0.01279	0.00838	0.01156	0.00651	0.00948	0.00630	0.00676	0.01084	0.00169	0.49773	0.00359	0.00210	0.00566
12	0.03270	0.00861	0.01012	0.00756	0.01148	0.00704	0.00608	0.06211	0.01136	0.10520	0.03595	0.03339	0.01004	0.00473	0.00400	0.00096	0.00372	0.01969	0.00350	0.62177
13	0.04472	0.21333	0.49286	0.01258	0.03427	0.02848	0.04625	0.01553	0.01035	0.04734	0.00862	0.00995	0.00645	0.00453	0.00425	0.00141	0.00648	0.00346	0.00229	0.00686
14	0.00842	0.00421	0.00631	0.00631	0.00631	0.00421	0.00421	0.00631	0.00631	0.00842	0.00842	0.01473	0.00842	0.01684	0.01894	0.85901	0.00421	0.00421	0.00210	0.00210
15	0.00705	0.00470	0.00529	0.00529	0.00529	0.00470	0.00294	0.00705	0.00705	0.00940	0.01527	0.03171	0.01762	0.82969	0.02467	0.00470	0.00470	0.00705	0.00294	0.00294
16	0.01096	0.06070	0.37378	0.09930	0.08684	0.01103	0.07972	0.03403	0.03138	0.06511	0.02663	0.04516	0.00955	0.00555	0.00497	0.00156	0.01554	0.02869	0.00276	0.00674
17	0.78114	0.03203	0.03109	0.00690	0.01003	0.04471	0.00587	0.01450	0.00858	0.02087	0.00684	0.00797	0.00534	0.00451	0.00311	0.00148	0.00410	0.00267	0.00293	0.00534
18	0.05255	0.00605	0.00877	0.00916	0.05006	0.00588	0.07558	0.02063	0.03162	0.01399	0.04319	0.55265	0.07165	0.02675	0.00614	0.00189	0.00356	0.01114	0.00414	0.00461
19	0.02943	0.22803	0.54957	0.01308	0.05887	0.01326	0.01504	0.01509	0.01013	0.01452	0.00818	0.00965	0.00622	0.00447	0.00420	0.00140	0.00651	0.00335	0.00209	0.00691
20	0.01218	0.01290	0.13890	0.03117	0.05527	0.01166	0.00981	0.13118	0.41919	0.01999	0.01554	0.04403	0.01204	0.00612	0.00482	0.00154	0.00470	0.00506	0.00412	0.05979
21	0.01405	0.01405	0.01349	0.23446	0.07035	0.27328	0.01022	0.09780	0.10460	0.05622	0.01224	0.03126	0.03566	0.00571	0.00476	0.00147	0.00640	0.00450	0.00322	0.00625

[dist]
# distance from previous block
# <min> <max>
3	5

[block]
# block no. 6 follows, 52 sequences, length 29
# corresponding to MSA columns:
# 755-783
name=unknown_G
#
# <colnr> <probs for GDERKNQSTAVLIFYWHMCP>
#	G	D	E	R	K	N	Q	S	T	A	V	L	I	F	Y	W	H	M	C	P
0	0.01199	0.01151	0.01967	0.02974	0.79946	0.01151	0.01487	0.01487	0.01103	0.01583	0.00912	0.01199	0.00768	0.00432	0.00480	0.00144	0.00576	0.00432	0.00240	0.00768
1	0.00972	0.02507	0.80458	0.01381	0.02097	0.01125	0.01790	0.01535	0.01023	0.01535	0.00870	0.01023	0.00614	0.00460	0.00460	0.00153	0.00716	0.00358	0.00205	0.00716
2	0.01413	0.04889	0.36981	0.01318	0.04419	0.01056	0.10302	0.03560	0.01175	0.26366	0.01206	0.01254	0.00824	0.00508	0.00504	0.00152	0.02566	0.00426	0.00342	0.00739
3	0.01104	0.00676	0.00861	0.00767	0.00928	0.00706	0.00583	0.11998	0.01117	0.14734	0.06042	0.02205	0.03185	0.20603	0.31785	0.00464	0.00767	0.00576	0.00376	0.00523
4	0.00736	0.00525	0.00729	0.00841	0.00932	0.00519	0.00702	0.00926	0.01071	0.01400	0.02591	0.23822	0.02888	0.01381	0.00657	0.00217	0.00407	0.58776	0.00447	0.00434
5	0.01261	0.00896	0.01242	0.04216	0.02949	0.01013	0.06025	0.11847	0.01107	0.15159	0.01227	0.01758	0.01074	0.20422	0.04251	0.00266	0.21882	0.00518	0.02313	0.00573
6	0.00976	0.00921	0.01557	0.58143	0.18019	0.01073	0.03901	0.01316	0.02889	0.01356	0.02833	0.01435	0.00834	0.00507	0.00493	0.00159	0.00617	0.02140	0.00241	0.00588
7	0.00930	0.00877	0.01481	0.77605	0.07419	0.01081	0.01353	0.01251	0.00976	0.01257	0.00864	0.01287	0.00652	0.00482	0.00484	0.00161	0.00642	0.00431	0.00217	0.00551
8	0.06660	0.00718	0.00837	0.00699	0.00945	0.00700	0.00559	0.10305	0.01318	0.29079	0.10798	0.01831	0.01529	0.00622	0.00432	0.00136	0.00335	0.00501	0.31369	0.00628
9	0.01154	0.01279	0.02699	0.02210	0.16483	0.01212	0.64364	0.01541	0.01137	0.01558	0.00968	0.01288	0.00741	0.00413	0.00555	0.00160	0.00774	0.00547	0.00244	0.00674
10	0.01232	0.63317	0.16112	0.00937	0.01395	0.01729	0.00994	0.01545	0.06474	0.01272	0.00799	0.00893	0.00681	0.00440	0.00350	0.00117	0.00544	0.00297	0.00227	0.00649
11	0.00915	0.00861	0.01453	0.81804	0.03338	0.01077	0.01346	0.01238	0.00969	0.01238	0.00861	0.01292	0.00646	0.00484	0.00484	0.00161	0.00646	0.00431	0.00215	0.00538
12	0.00630	0.00503	0.00570	0.00582	0.00727	0.00444	0.00455	0.00790	0.01158	0.01455	0.18892	0.04599	0.52276	0.01201	0.00589	0.00172	0.00276	0.13794	0.00465	0.00425
13	0.00952	0.00881	0.01454	0.78636	0.03266	0.01093	0.01329	0.04265	0.01020	0.01309	0.00873	0.01287	0.00653	0.00488	0.00485	0.00161	0.00642	0.00431	0.00226	0.00550
14	0.55828	0.00988	0.00853	0.00751	0.01044	0.02374	0.00606	0.07206	0.17568	0.03483	0.01046	0.01090	0.00793	0.00512	0.00361	0.00151	0.00390	0.00348	0.04007	0.00600
15	0.00693	0.00518	0.00772	0.00772	0.00856	0.00602	0.00597	0.00861	0.00777	0.01120	0.01305	0.01940	0.01227	0.05901	0.78803	0.00770	0.01274	0.00525	0.00261	0.00429
16	0.00663	0.00476	0.00651	0.00696	0.00746	0.00501	0.00495	0.00772	0.00833	0.01143	0.01893	0.30908	0.02107	0.19018	0.32558	0.00482	0.00727	0.04597	0.00343	0.00391
17	0.00692	0.00519	0.00779	0.00779	0.00865	0.00606	0.00606	0.00865	0.00779	0.01125	0.01298	0.01904	0.01211	0.03634	0.81049	0.00779	0.01298	0.00519	0.00260	0.00433
18	0.01190	0.01142	0.01950	0.05642	0.77354	0.01149	0.01482	0.01479	0.01099	0.01572	0.00910	0.01203	0.00763	0.00434	0.00480	0.00145	0.00578	0.00432	0.00239	0.00760
19	0.01345	0.01029	0.01118	0.00980	0.01269	0.01159	0.00774	0.08346	0.62823	0.10352	0.01920	0.01842	0.01435	0.00664	0.00497	0.00163	0.00400	0.02613	0.00502	0.00769
20	0.01012	0.00975	0.01630	0.04738	0.48035	0.00951	0.08671	0.01267	0.01103	0.01493	0.02020	0.02169	0.22550	0.00651	0.00515	0.00152	0.00510	0.00608	0.00298	0.00650
21	0.01324	0.35431	0.25876	0.01062	0.01553	0.01514	0.01131	0.16090	0.06064	0.04328	0.00947	0.01018	0.00730	0.00481	0.00406	0.00132	0.00569	0.00348	0.00290	0.00704
22	0.01296	0.18503	0.29173	0.01359	0.01892	0.01244	0.22481	0.01667	0.01112	0.15196	0.01042	0.01160	0.00751	0.00461	0.00465	0.00145	0.00650	0.00419	0.00285	0.00698
23	0.00596	0.00453	0.00551	0.00618	0.00698	0.00407	0.00434	0.00705	0.01017	0.01308	0.07836	0.50404	0.28134	0.01388	0.00603	0.00184	0.00272	0.03535	0.00455	0.00404
24	0.01054	0.00988	0.01543	0.09169	0.24030	0.01034	0.12683	0.01640	0.23488	0.01616	0.01687	0.11225	0.06330	0.00677	0.00520	0.00162	0.00508	0.00636	0.00349	0.00662
25	0.02446	0.01025	0.01474	0.19398	0.27721	0.01119	0.01120	0.18052	0.03415	0.04745	0.01119	0.03539	0.00901	0.01837	0.00540	0.00155	0.03157	0.00467	0.07094	0.00678
26	0.01699	0.01475	0.01316	0.01077	0.01396	0.20333	0.00860	0.48342	0.05834	0.02416	0.01174	0.03055	0.00898	0.00586	0.00465	0.00140	0.00577	0.00435	0.07204	0.00719
27	0.03149	0.21114	0.22174	0.03516	0.07813	0.01239	0.06760	0.03260	0.03585	0.06330	0.02243	0.01110	0.00785	0.00466	0.00450	0.00132	0.02603	0.00372	0.00271	0.12631
28	0.02482	0.05000	0.04864	0.00768	0.00956	0.00728	0.00625	0.01241	0.12808	0.06289	0.10450	0.23004	0.13061	0.05411	0.00676	0.00185	0.02987	0.05038	0.00426	0.02999

[dist]
# distance from previous block
# <min> <max>
1	8

[block]
# block no. 7 follows, 52 sequences, length 30
# corresponding to MSA columns:
# 792-821
name=unknown_H
#
# <colnr> <probs for GDERKNQSTAVLIFYWHMCP>
#	G	D	E	R	K	N	Q	S	T	A	V	L	I	F	Y	W	H	M	C	P
0	0.12451	0.00866	0.03437	0.00825	0.01167	0.00760	0.02759	0.04073	0.01240	0.42588	0.05856	0.04239	0.01275	0.00594	0.00450	0.00141	0.00398	0.00482	0.06200	0.10199
1	0.01074	0.00970	0.01619	0.44745	0.22984	0.01084	0.06173	0.05946	0.01102	0.03494	0.01027	0.05762	0.00850	0.00532	0.00496	0.00158	0.00606	0.00494	0.00263	0.00622
2	0.01164	0.05736	0.10918	0.07999	0.30610	0.01115	0.11922	0.03823	0.03421	0.06220	0.01168	0.08484	0.01015	0.00575	0.00526	0.00155	0.02678	0.01499	0.00290	0.00682
3	0.00978	0.00957	0.01459	0.07324	0.16590	0.06551	0.16384	0.01284	0.05765	0.01490	0.10282	0.19060	0.06017	0.00868	0.02615	0.00179	0.00539	0.00743	0.00344	0.00571
4	0.00665	0.00480	0.00580	0.00628	0.00719	0.00439	0.00439	0.00808	0.03387	0.03916	0.07492	0.47742	0.25471	0.04056	0.00656	0.00191	0.00282	0.01169	0.00456	0.00424
5	0.03386	0.27276	0.10714	0.01029	0.01353	0.06737	0.09011	0.01383	0.06837	0.01354	0.01415	0.18224	0.04381	0.00726	0.00507	0.00149	0.04039	0.00600	0.00298	0.00580
6	0.01286	0.09121	0.12960	0.08484	0.04039	0.07267	0.11434	0.09716	0.03769	0.09799	0.01210	0.02297	0.03254	0.02919	0.04172	0.00187	0.05432	0.00464	0.01544	0.00645
7	0.01096	0.00670	0.00817	0.00752	0.00925	0.00660	0.00570	0.07835	0.08898	0.16339	0.15442	0.18661	0.07324	0.11411	0.00798	0.00207	0.00362	0.06202	0.00479	0.00550
8	0.00625	0.00449	0.00543	0.00608	0.00664	0.00417	0.00409	0.00711	0.00931	0.01226	0.02868	0.47391	0.18268	0.16173	0.00934	0.00237	0.00310	0.03045	0.03809	0.00382
9	0.08503	0.01501	0.16613	0.01301	0.08781	0.13326	0.06516	0.10144	0.08814	0.11266	0.03198	0.04070	0.02684	0.00573	0.00473	0.00150	0.00580	0.00469	0.00354	0.00683
10	0.01047	0.12870	0.17011	0.03560	0.05921	0.01012	0.06889	0.04325	0.01018	0.05736	0.02846	0.06143	0.01175	0.15131	0.07498	0.00255	0.02995	0.00524	0.03474	0.00570
11	0.00669	0.00459	0.00560	0.00609	0.00628	0.00449	0.00387	0.00716	0.00817	0.01086	0.02022	0.32347	0.02365	0.47155	0.01658	0.00352	0.00399	0.06619	0.00362	0.00342
12	0.01167	0.01147	0.01868	0.25567	0.29631	0.04470	0.15751	0.05779	0.06840	0.01574	0.00994	0.01276	0.00775	0.00470	0.00498	0.00154	0.00638	0.00462	0.00266	0.00674
13	0.03601	0.10051	0.05434	0.03475	0.08019	0.06216	0.03650	0.03600	0.09502	0.01457	0.02325	0.18086	0.02305	0.01196	0.11024	0.00244	0.02165	0.06751	0.00337	0.00563
14	0.00935	0.00897	0.01546	0.08937	0.07463	0.03481	0.25504	0.03390	0.01051	0.01392	0.01633	0.27932	0.03625	0.02717	0.03853	0.03402	0.00584	0.00805	0.00321	0.00529
15	0.00590	0.00423	0.00561	0.00670	0.00702	0.00394	0.00448	0.00675	0.00932	0.01239	0.02725	0.80763	0.05060	0.01511	0.00617	0.00196	0.00280	0.01369	0.00450	0.00394
16	0.01058	0.03283	0.09620	0.10037	0.43396	0.01048	0.03545	0.02789	0.03113	0.01536	0.02940	0.01760	0.12637	0.00576	0.00493	0.00150	0.00541	0.00523	0.00281	0.00674
17	0.17045	0.04048	0.17571	0.01500	0.18112	0.01134	0.07715	0.08675	0.03746	0.05032	0.01086	0.07502	0.00917	0.00566	0.00494	0.00155	0.03256	0.00472	0.00305	0.00668
18	0.01201	0.29433	0.01466	0.04034	0.01147	0.18429	0.00708	0.01369	0.01101	0.01373	0.10920	0.01516	0.01306	0.05144	0.00537	0.00142	0.02619	0.00421	0.16604	0.00532
19	0.01252	0.21305	0.01900	0.01720	0.28112	0.04304	0.04164	0.01454	0.01010	0.05710	0.00863	0.01102	0.00735	0.00545	0.00707	0.00150	0.20488	0.00392	0.03434	0.00653
20	0.00744	0.00577	0.00826	0.00801	0.00867	0.00692	0.00617	0.00889	0.00772	0.01125	0.01252	0.01950	0.01208	0.12628	0.60089	0.00657	0.10940	0.00528	0.02410	0.00428
21	0.00916	0.00827	0.00804	0.00746	0.00801	0.13250	0.02831	0.00958	0.00832	0.01021	0.01350	0.04542	0.01504	0.59421	0.01979	0.00380	0.06552	0.00635	0.00283	0.00367
22	0.58102	0.01178	0.09310	0.04162	0.01264	0.01168	0.00766	0.15733	0.01122	0.02232	0.00794	0.00903	0.00595	0.00477	0.00359	0.00150	0.00452	0.00312	0.00321	0.00601
23	0.09291	0.04103	0.00865	0.00746	0.00902	0.00818	0.00596	0.07047	0.05489	0.03149	0.01437	0.02101	0.01295	0.08747	0.14664	0.00290	0.06516	0.08798	0.22640	0.00507
24	0.00678	0.00509	0.00734	0.00753	0.00841	0.00566	0.00582	0.00841	0.00840	0.01171	0.01799	0.10653	0.07653	0.03088	0.61562	0.00637	0.01059	0.05302	0.00305	0.00428
25	0.00698	0.00467	0.00530	0.00537	0.00538	0.00466	0.00302	0.00703	0.00717	0.00956	0.01590	0.07559	0.01841	0.78473	0.02365	0.00455	0.00459	0.00742	0.00302	0.00299
26	0.01395	0.67820	0.02321	0.00904	0.01292	0.14003	0.00849	0.04395	0.01092	0.01219	0.00704	0.00807	0.00630	0.00434	0.00337	0.00108	0.00573	0.00274	0.00224	0.00620
27	0.00915	0.00861	0.01453	0.81804	0.03338	0.01077	0.01346	0.01238	0.00969	0.01238	0.00861	0.01292	0.00646	0.00484	0.00484	0.00161	0.00646	0.00431	0.00215	0.00538
28	0.04123	0.01260	0.02810	0.05241	0.24129	0.02726	0.01105	0.39537	0.03504	0.04035	0.01053	0.01180	0.00796	0.00546	0.00546	0.00150	0.05694	0.00429	0.00374	0.00760
29	0.01314	0.05242	0.05620	0.16128	0.06474	0.04434	0.00930	0.06345	0.01142	0.18983	0.01231	0.01421	0.00927	0.00921	0.10174	0.00223	0.06172	0.00438	0.11256	0.00625

[dist]
# distance from previous block
# <min> <max>
0	114

[block]
# block no. 8 follows, 52 sequences, length 20
# corresponding to MSA columns:
# 955-974
name=unknown_I
#
# <colnr> <probs for GDERKNQSTAVLIFYWHMCP>
#	G	D	E	R	K	N	Q	S	T	A	V	L	I	F	Y	W	H	M	C	P
0	0.03267	0.05380	0.01406	0.06398	0.01509	0.06780	0.11610	0.19893	0.12577	0.01911	0.01519	0.07139	0.03097	0.00689	0.00497	0.00156	0.00521	0.07522	0.07495	0.00633
1	0.06038	0.02866	0.01030	0.01105	0.14164	0.03244	0.00725	0.04449	0.08200	0.06105	0.24112	0.02607	0.09826	0.03776	0.03508	0.00187	0.00420	0.04820	0.02247	0.00572
2	0.04307	0.00964	0.01236	0.17793	0.01705	0.01001	0.00874	0.22683	0.01497	0.34487	0.01406	0.01405	0.00950	0.00558	0.00470	0.00147	0.00483	0.00447	0.04435	0.03154
3	0.00613	0.00455	0.00574	0.00653	0.00719	0.00424	0.00462	0.00718	0.00967	0.01254	0.03038	0.52104	0.19485	0.05191	0.03813	0.00227	0.00336	0.08135	0.00435	0.00399
4	0.00903	0.00452	0.00452	0.00452	0.00565	0.00452	0.00339	0.01129	0.01016	0.01807	0.01581	0.01807	0.01242	0.00565	0.00339	0.00113	0.00226	0.00452	0.85659	0.00452
5	0.01462	0.43782	0.01971	0.01043	0.03804	0.20188	0.00878	0.10043	0.09913	0.01471	0.00897	0.00970	0.00744	0.00480	0.00385	0.00121	0.00589	0.00328	0.00280	0.00651
6	0.04670	0.11604	0.18598	0.06178	0.10247	0.10114	0.01147	0.14538	0.04763	0.06956	0.02628	0.01159	0.00828	0.00523	0.00494	0.00145	0.04015	0.00393	0.00312	0.00689
7	0.03162	0.02514	0.04058	0.10987	0.17200	0.06117	0.00960	0.08020	0.11339	0.05297	0.05048	0.11349	0.05982	0.02261	0.00575	0.00164	0.03375	0.00605	0.00358	0.00627
8	0.86392	0.00937	0.00712	0.00637	0.00937	0.01087	0.00525	0.01425	0.00825	0.02174	0.00675	0.00787	0.00525	0.00450	0.00300	0.00150	0.00375	0.00262	0.00300	0.00525
9	0.01069	0.23825	0.29517	0.02960	0.01567	0.02831	0.04116	0.03378	0.08402	0.01458	0.02604	0.09810	0.01139	0.02540	0.00499	0.00155	0.00564	0.02651	0.00283	0.00632
10	0.00705	0.00470	0.00529	0.00529	0.00529	0.00470	0.00294	0.00705	0.00705	0.00940	0.01527	0.03171	0.01762	0.82969	0.02467	0.00470	0.00470	0.00705	0.00294	0.00294
11	0.01018	0.01027	0.07507	0.21610	0.14197	0.01005	0.11454	0.02879	0.03990	0.04172	0.01111	0.03477	0.00938	0.04200	0.15390	0.00286	0.04374	0.00501	0.00269	0.00595
12	0.00903	0.00452	0.00452	0.00452	0.00565	0.00452	0.00339	0.01129	0.01016	0.01807	0.01581	0.01807	0.01242	0.00565	0.00339	0.00113	0.00226	0.00452	0.85659	0.00452
13	0.15009	0.06304	0.17547	0.01349	0.03703	0.04669	0.23265	0.07355	0.01150	0.04485	0.01051	0.01418	0.00849	0.00590	0.02322	0.00169	0.00643	0.05572	0.01912	0.00638
14	0.86392	0.00937	0.00712	0.00637	0.00937	0.01087	0.00525	0.01425	0.00825	0.02174	0.00675	0.00787	0.00525	0.00450	0.00300	0.00150	0.00375	0.00262	0.00300	0.00525
15	0.00981	0.00727	0.01020	0.21367	0.04594	0.00761	0.00798	0.08714	0.01224	0.07185	0.20058	0.20117	0.02261	0.00864	0.00532	0.00161	0.00415	0.02495	0.00407	0.05320
16	0.00815	0.00436	0.00641	0.00641	0.00651	0.00445	0.00433	0.00663	0.00653	0.00881	0.00941	0.01638	0.00947	0.07433	0.11033	0.70308	0.00525	0.00451	0.00222	0.00242
17	0.01643	0.14903	0.01590	0.01249	0.06729	0.42865	0.00939	0.17656	0.01455	0.01591	0.00859	0.00987	0.00701	0.00638	0.04021	0.00156	0.00745	0.00347	0.00292	0.00634
18	0.02671	0.14178	0.14293	0.04378	0.15055	0.06920	0.03443	0.07294	0.03205	0.13641	0.02640	0.04508	0.02649	0.00574	0.00463	0.00145	0.00557	0.02369	0.00333	0.00683
19	0.04351	0.22477	0.17333	0.03637	0.06155	0.15033	0.01059	0.10104	0.01225	0.04044	0.02283	0.01026	0.00747	0.00473	0.00411	0.00127	0.00600	0.00344	0.00276	0.08296

[dist]
# distance from previous block
# <min> <max>
5	13

[block]
# block no. 9 follows, 52 sequences, length 41
# corresponding to MSA columns:
# 988-1023,1025-1029
name=unknown_J
#
# <colnr> <probs for GDERKNQSTAVLIFYWHMCP>
#	G	D	E	R	K	N	Q	S	T	A	V	L	I	F	Y	W	H	M	C	P
0	0.01060	0.01060	0.01484	0.01272	0.01272	0.01484	0.01060	0.01166	0.00742	0.01166	0.00636	0.01060	0.00636	0.00848	0.01590	0.00212	0.82082	0.00424	0.00212	0.00530
1	0.01028	0.00882	0.02493	0.18121	0.13837	0.00924	0.00914	0.07903	0.14568	0.03827	0.08809	0.03902	0.14915	0.03218	0.00575	0.00169	0.00452	0.02475	0.00381	0.00607
2	0.00573	0.00491	0.00491	0.00491	0.00655	0.00409	0.00368	0.00695	0.01105	0.01309	0.04909	0.04664	0.79750	0.01227	0.00573	0.00164	0.00245	0.01023	0.00450	0.00409
3	0.01810	0.02310	0.01373	0.01248	0.01498	0.81024	0.00936	0.01935	0.01373	0.01186	0.00749	0.00874	0.00624	0.00499	0.00437	0.00125	0.00874	0.00312	0.00250	0.00562
4	0.01005	0.00861	0.01005	0.00718	0.01148	0.00646	0.00574	0.01220	0.01005	0.01579	0.00861	0.01005	0.00718	0.00359	0.00359	0.00072	0.00359	0.00287	0.00287	0.85932
5	0.00692	0.00519	0.00779	0.00779	0.00865	0.00606	0.00606	0.00865	0.00779	0.01125	0.01298	0.01904	0.01211	0.03634	0.81049	0.00779	0.01298	0.00519	0.00260	0.00433
6	0.01306	0.01038	0.06175	0.36512	0.04807	0.02229	0.04753	0.05804	0.08848	0.19195	0.03645	0.01463	0.00988	0.00542	0.00490	0.00157	0.00562	0.00469	0.00355	0.00662
7	0.01820	0.01375	0.01440	0.01115	0.01494	0.03853	0.00916	0.73483	0.04867	0.02964	0.01179	0.01177	0.00840	0.00582	0.00484	0.00145	0.00538	0.00436	0.00478	0.00814
8	0.00960	0.00901	0.01508	0.63908	0.16053	0.01063	0.01326	0.01270	0.00988	0.01304	0.00881	0.01283	0.00683	0.00552	0.02534	0.00171	0.00642	0.00428	0.00223	0.03321
9	0.00972	0.02507	0.80458	0.01381	0.02097	0.01125	0.01790	0.01535	0.01023	0.01535	0.00870	0.01023	0.00614	0.00460	0.00460	0.00153	0.00716	0.00358	0.00205	0.00716
10	0.01382	0.08166	0.39143	0.01242	0.03676	0.19177	0.01300	0.03592	0.01184	0.12699	0.01006	0.01091	0.00728	0.00491	0.00445	0.00141	0.00671	0.00365	0.02816	0.00686
11	0.00752	0.00628	0.00972	0.37046	0.01891	0.00712	0.00861	0.00946	0.00945	0.01234	0.01796	0.38077	0.01963	0.05195	0.00655	0.00196	0.00463	0.04876	0.00337	0.00456
12	0.00668	0.00506	0.00548	0.00533	0.00695	0.00431	0.00401	0.00809	0.01152	0.05254	0.15799	0.07017	0.62140	0.01171	0.00570	0.00162	0.00252	0.00987	0.00470	0.00436
