[name]
unknown

[dist]
# distance from previous block
# <min> <max>
3	25

[block]
# block no. 0 follows, 54 sequences, length 7
# corresponding to MSA columns:
# 583-589
name=unknown_A
#
# <colnr> <probs for GDERKNQSTAVLIFYWHMCP>
#	G	D	E	R	K	N	Q	S	T	A	V	L	I	F	Y	W	H	M	C	P
0	0.04037	0.00907	0.01089	0.01004	0.07414	0.05873	0.00724	0.05900	0.02606	0.28879	0.05268	0.05440	0.01280	0.10257	0.00796	0.00181	0.08766	0.00510	0.00406	0.08664
1	0.08645	0.01162	0.01010	0.00901	0.01101	0.22428	0.00695	0.10546	0.01168	0.03321	0.03188	0.10823	0.07040	0.03241	0.10001	0.00224	0.07244	0.00541	0.00327	0.06395
2	0.04876	0.04004	0.01556	0.01487	0.17770	0.08166	0.11725	0.18533	0.09254	0.05304	0.03332	0.04993	0.01060	0.02656	0.03035	0.00172	0.00570	0.00493	0.00347	0.00668
3	0.01288	0.01220	0.01647	0.04731	0.25784	0.11557	0.12109	0.09945	0.04670	0.05128	0.04950	0.01280	0.00949	0.00502	0.00525	0.00140	0.04776	0.00441	0.00303	0.08051
4	0.06116	0.08279	0.06652	0.07346	0.28883	0.04664	0.01097	0.11527	0.03038	0.01648	0.01199	0.01467	0.05998	0.00555	0.00505	0.00145	0.04642	0.03354	0.00288	0.02596
5	0.05494	0.15190	0.13611	0.10858	0.05722	0.13858	0.07520	0.01492	0.03014	0.05959	0.03150	0.01313	0.05515	0.00508	0.00432	0.00134	0.00583	0.00410	0.00273	0.04964
6	0.03574	0.00979	0.03816	0.15122	0.21740	0.03545	0.06994	0.02867	0.04091	0.06498	0.03422	0.10615	0.04096	0.02680	0.00560	0.00158	0.02747	0.00562	0.00308	0.05626

[dist]
# distance from previous block
# <min> <max>
11	43

[block]
# block no. 1 follows, 54 sequences, length 10
# corresponding to MSA columns:
# 644-653
name=unknown_B
#
# <colnr> <probs for GDERKNQSTAVLIFYWHMCP>
#	G	D	E	R	K	N	Q	S	T	A	V	L	I	F	Y	W	H	M	C	P
0	0.04195	0.03608	0.22301	0.02466	0.01474	0.12550	0.01016	0.13690	0.12917	0.04912	0.02602	0.01441	0.07089	0.00571	0.00466	0.00141	0.01800	0.00437	0.00337	0.05988
1	0.04300	0.01208	0.07942	0.01161	0.10493	0.07861	0.00883	0.21039	0.08155	0.10617	0.07942	0.01605	0.06417	0.00593	0.00462	0.00138	0.00479	0.00477	0.00394	0.07833
2	0.05188	0.13188	0.08420	0.04976	0.01409	0.06955	0.03250	0.18313	0.05097	0.10200	0.09455	0.01490	0.02784	0.00568	0.00443	0.00136	0.00496	0.01559	0.00368	0.05706
3	0.05005	0.20629	0.08105	0.01042	0.04344	0.13437	0.00884	0.13953	0.02831	0.06808	0.03371	0.08100	0.02502	0.00616	0.00507	0.00140	0.06328	0.00457	0.00321	0.00619
4	0.04116	0.01099	0.06721	0.06140	0.09139	0.11114	0.00851	0.06978	0.05890	0.03539	0.04747	0.02026	0.06944	0.04558	0.04975	0.00190	0.00542	0.08489	0.00331	0.11613
5	0.26678	0.02560	0.05074	0.01099	0.10563	0.07887	0.00814	0.18947	0.04386	0.03425	0.03340	0.01298	0.05330	0.00621	0.02714	0.00157	0.00497	0.00403	0.00341	0.03864
6	0.00966	0.06728	0.04039	0.00807	0.01006	0.07330	0.00641	0.10101	0.10255	0.01562	0.07145	0.33364	0.08407	0.00972	0.00513	0.00157	0.00390	0.00835	0.00403	0.04379
7	0.00940	0.00624	0.00765	0.00728	0.02487	0.00594	0.00540	0.05407	0.06753	0.10314	0.16872	0.11976	0.17807	0.04938	0.00714	0.06257	0.00332	0.06154	0.00437	0.05363
8	0.00836	0.05549	0.00878	0.00758	0.00876	0.04688	0.00589	0.05344	0.00942	0.01256	0.06151	0.02385	0.04638	0.15983	0.38618	0.00487	0.02309	0.06967	0.00305	0.00440
9	0.00913	0.00770	0.00932	0.00729	0.01050	0.00639	0.00583	0.01112	0.01005	0.01526	0.09456	0.05474	0.01350	0.00564	0.00475	0.00102	0.05189	0.05842	0.00319	0.61968

[dist]
# distance from previous block
# <min> <max>
0	2

[block]
# block no. 2 follows, 54 sequences, length 33
# corresponding to MSA columns:
# 656-688
name=unknown_C
#
# <colnr> <probs for GDERKNQSTAVLIFYWHMCP>
#	G	D	E	R	K	N	Q	S	T	A	V	L	I	F	Y	W	H	M	C	P
0	0.03358	0.48695	0.06368	0.00873	0.01229	0.01450	0.02272	0.02911	0.01008	0.13588	0.00933	0.01093	0.00775	0.04330	0.04572	0.00168	0.05144	0.00342	0.00275	0.00614
1	0.01136	0.00892	0.00977	0.00882	0.01126	0.00992	0.00690	0.02154	0.58016	0.07581	0.11138	0.02229	0.05583	0.00726	0.00499	0.00160	0.00354	0.03693	0.00488	0.00686
2	0.01963	0.00782	0.01057	0.00815	0.01165	0.00673	0.00670	0.02149	0.01331	0.71680	0.07189	0.01707	0.01370	0.00599	0.00474	0.00142	0.00387	0.00491	0.00565	0.04790
3	0.00661	0.00447	0.00521	0.00545	0.00551	0.00441	0.00319	0.00679	0.00733	0.00978	0.01730	0.20643	0.02022	0.65452	0.02005	0.00399	0.00417	0.00829	0.00319	0.00307
4	0.03226	0.01077	0.01758	0.04917	0.65862	0.01089	0.01322	0.03442	0.03726	0.05479	0.02935	0.01259	0.00875	0.00454	0.00466	0.00142	0.00534	0.00433	0.00272	0.00731
5	0.01063	0.00625	0.00775	0.00740	0.00906	0.00606	0.00555	0.03343	0.12155	0.20061	0.05432	0.36068	0.08909	0.02893	0.00588	0.00178	0.00329	0.03749	0.00478	0.00547
6	0.00587	0.00430	0.00529	0.00603	0.00651	0.00396	0.00402	0.00664	0.00905	0.01177	0.02854	0.57201	0.17449	0.12821	0.00843	0.00222	0.00293	0.01184	0.00417	0.00372
7	0.00591	0.00426	0.00553	0.00631	0.00678	0.00395	0.00428	0.00692	0.00967	0.01295	0.13718	0.64021	0.08003	0.04420	0.00659	0.00193	0.00271	0.01226	0.00444	0.00389
8	0.01566	0.01125	0.01225	0.00986	0.01305	0.01235	0.00797	0.50754	0.16167	0.07500	0.03180	0.06355	0.01179	0.00644	0.00478	0.00147	0.00452	0.00513	0.03646	0.00745
9	0.01961	0.00778	0.01047	0.00815	0.01157	0.00680	0.00669	0.02169	0.03060	0.72010	0.06068	0.01817	0.04273	0.00627	0.00482	0.00147	0.00385	0.00515	0.00573	0.00768
10	0.00890	0.00838	0.01414	0.82296	0.03247	0.01048	0.01309	0.01205	0.00943	0.01205	0.00838	0.01257	0.00629	0.00471	0.00471	0.00157	0.00629	0.00419	0.00210	0.00524
11	0.00641	0.00450	0.00516	0.00541	0.00571	0.00431	0.00331	0.00678	0.00793	0.01033	0.02228	0.21459	0.13739	0.52587	0.01717	0.00352	0.00383	0.00880	0.00343	0.00325
12	0.00870	0.00464	0.00499	0.00488	0.00601	0.00449	0.00358	0.01054	0.01007	0.05495	0.07631	0.04936	0.07832	0.08615	0.00579	0.00154	0.00255	0.00569	0.57706	0.00438
13	0.01930	0.01101	0.01279	0.00980	0.01352	0.01135	0.00810	0.46374	0.01848	0.36034	0.01441	0.01333	0.00957	0.00573	0.00473	0.00143	0.00469	0.00446	0.00519	0.00802
14	0.02073	0.00812	0.01093	0.00844	0.01205	0.00714	0.00695	0.02307	0.04849	0.77290	0.01863	0.01612	0.01179	0.00586	0.00474	0.00147	0.00400	0.00477	0.00579	0.00800
15	0.00592	0.00483	0.00535	0.00538	0.00676	0.00434	0.00406	0.00721	0.01026	0.01264	0.07098	0.04113	0.59762	0.05354	0.11221	0.00253	0.00391	0.04323	0.00410	0.00399
16	0.00811	0.00434	0.00629	0.00631	0.00647	0.00442	0.00429	0.00697	0.02978	0.00910	0.00979	0.05309	0.00976	0.01686	0.06398	0.72553	0.00448	0.00463	0.02333	0.00248
17	0.12798	0.01137	0.01176	0.00936	0.01263	0.04272	0.00763	0.47226	0.01762	0.12342	0.04913	0.03387	0.01050	0.00590	0.00448	0.00142	0.00464	0.00448	0.04172	0.00711
18	0.00989	0.03006	0.01330	0.01124	0.01197	0.05968	0.04630	0.01145	0.02350	0.01169	0.00975	0.04945	0.02758	0.01309	0.16080	0.00295	0.49504	0.00484	0.00240	0.00504
19	0.00566	0.00478	0.00489	0.00486	0.00642	0.00402	0.00365	0.00693	0.01094	0.01320	0.10430	0.04462	0.74614	0.01177	0.00557	0.00158	0.00238	0.00984	0.00444	0.00402
20	0.01591	0.01126	0.01232	0.01001	0.01332	0.01240	0.00808	0.37838	0.32914	0.13406	0.01547	0.01447	0.01106	0.00598	0.00475	0.00149	0.00444	0.00475	0.00490	0.00780
21	0.01261	0.83713	0.02471	0.00807	0.01210	0.01866	0.00807	0.01412	0.00958	0.01109	0.00656	0.00756	0.00605	0.00403	0.00303	0.00101	0.00504	0.00252	0.00202	0.00605
22	0.00879	0.00439	0.00439	0.00439	0.00549	0.00439	0.00330	0.01099	0.00989	0.01758	0.01538	0.01758	0.01209	0.00549	0.00330	0.00110	0.00220	0.00439	0.86047	0.00439
23	0.01261	0.83713	0.02471	0.00807	0.01210	0.01866	0.00807	0.01412	0.00958	0.01109	0.00656	0.00756	0.00605	0.00403	0.00303	0.00101	0.00504	0.00252	0.00202	0.00605
24	0.00946	0.02439	0.80987	0.01344	0.02041	0.01095	0.01742	0.01493	0.00995	0.01493	0.00846	0.00995	0.00597	0.00448	0.00448	0.00149	0.00697	0.00348	0.00199	0.00697
25	0.01216	0.01003	0.01067	0.00954	0.01225	0.01151	0.00744	0.02496	0.76062	0.05572	0.01916	0.01752	0.01427	0.00637	0.00480	0.00159	0.00374	0.00530	0.00485	0.00749
26	0.00678	0.00488	0.00670	0.00670	0.00724	0.00542	0.00480	0.00786	0.00732	0.01030	0.01343	0.02297	0.01372	0.32324	0.53037	0.00649	0.00973	0.00570	0.00265	0.00372
27	0.01761	0.02247	0.01336	0.01215	0.01458	0.81537	0.00911	0.01883	0.01336	0.01154	0.00729	0.00850	0.00607	0.00486	0.00425	0.00121	0.00850	0.00304	0.00243	0.00547
28	0.00674	0.00502	0.00744	0.00744	0.00824	0.00582	0.00572	0.00833	0.00754	0.01084	0.01275	0.01921	0.01209	0.07995	0.77143	0.00741	0.01218	0.00515	0.00254	0.00413
29	0.00819	0.00410	0.00614	0.00614	0.00614	0.00410	0.00410	0.00614	0.00614	0.00819	0.00819	0.01433	0.00819	0.01638	0.01843	0.86282	0.00410	0.00410	0.00205	0.00205
30	0.00946	0.02439	0.80987	0.01344	0.02041	0.01095	0.01742	0.01493	0.00995	0.01493	0.00846	0.00995	0.00597	0.00448	0.00448	0.00149	0.00697	0.00348	0.00199	0.00697
31	0.00978	0.00838	0.00978	0.00698	0.01117	0.00629	0.00559	0.01187	0.00978	0.01536	0.00838	0.00978	0.00698	0.00349	0.00349	0.00070	0.00349	0.00279	0.00279	0.86312
32	0.08551	0.00865	0.00957	0.00860	0.01076	0.00933	0.00671	0.29326	0.09580	0.04071	0.01803	0.30327	0.01802	0.00935	0.00515	0.00167	0.00395	0.06123	0.00445	0.00598

[dist]
# distance from previous block
# <min> <max>
0	7

[block]
# block no. 3 follows, 54 sequences, length 40
# corresponding to MSA columns:
# 696-735
name=unknown_D
#
# <colnr> <probs for GDERKNQSTAVLIFYWHMCP>
#	G	D	E	R	K	N	Q	S	T	A	V	L	I	F	Y	W	H	M	C	P
0	0.01053	0.01067	0.01441	0.01237	0.01244	0.03805	0.01028	0.01157	0.00740	0.01135	0.00622	0.01026	0.00619	0.00815	0.01514	0.00204	0.80157	0.00409	0.00207	0.00517
1	0.00676	0.00494	0.00701	0.00701	0.00765	0.00559	0.00519	0.00805	0.00741	0.01052	0.01315	0.02140	0.01304	0.22179	0.63089	0.00688	0.01075	0.00547	0.00260	0.00389
2	0.00586	0.00428	0.00547	0.00636	0.00685	0.00396	0.00437	0.00677	0.00928	0.01212	0.02857	0.65026	0.13909	0.04649	0.00669	0.00199	0.00284	0.05061	0.00432	0.00384
3	0.00605	0.00457	0.00560	0.00590	0.00685	0.00412	0.00425	0.00747	0.01098	0.01453	0.28455	0.32383	0.25962	0.01224	0.00575	0.00169	0.00251	0.03079	0.00464	0.00409
4	0.00812	0.00704	0.00748	0.00733	0.00808	0.10551	0.00527	0.00918	0.00805	0.01041	0.01272	0.02142	0.01288	0.29950	0.44986	0.00578	0.00942	0.00541	0.00262	0.00391
5	0.77758	0.02818	0.00787	0.02254	0.00999	0.06233	0.00558	0.01415	0.00843	0.02014	0.00665	0.00781	0.00521	0.00441	0.00304	0.00144	0.00404	0.00262	0.00285	0.00515
6	0.01297	0.01186	0.01518	0.01662	0.25703	0.06805	0.04303	0.17745	0.17602	0.01834	0.01181	0.01319	0.02071	0.00652	0.02994	0.00170	0.10475	0.00452	0.00335	0.00697
7	0.86760	0.00912	0.00693	0.00620	0.00912	0.01058	0.00511	0.01386	0.00802	0.02115	0.00657	0.00766	0.00511	0.00438	0.00292	0.00146	0.00365	0.00255	0.00292	0.00511
8	0.00732	0.00635	0.01100	0.00961	0.01095	0.00600	0.20014	0.00876	0.00912	0.01222	0.01963	0.46540	0.02235	0.17689	0.00952	0.00237	0.00441	0.01013	0.00357	0.00427
9	0.01117	0.01261	0.02722	0.02050	0.07897	0.01187	0.73392	0.01506	0.01110	0.01512	0.00949	0.01265	0.00718	0.00399	0.00550	0.00158	0.00779	0.00547	0.00238	0.00644
10	0.01173	0.01013	0.01066	0.00960	0.01226	0.01173	0.00746	0.02505	0.79636	0.01972	0.01919	0.01759	0.01439	0.00640	0.00480	0.00160	0.00373	0.00533	0.00480	0.00746
11	0.00819	0.00410	0.00614	0.00614	0.00614	0.00410	0.00410	0.00614	0.00614	0.00819	0.00819	0.01433	0.00819	0.01638	0.01843	0.86282	0.00410	0.00410	0.00205	0.00205
12	0.00946	0.02439	0.80987	0.01344	0.02041	0.01095	0.01742	0.01493	0.00995	0.01493	0.00846	0.00995	0.00597	0.00448	0.00448	0.00149	0.00697	0.00348	0.00199	0.00697
13	0.00674	0.00505	0.00758	0.00758	0.00842	0.00589	0.00589	0.00842	0.00758	0.01095	0.01263	0.01852	0.01179	0.03536	0.81561	0.00758	0.01263	0.00505	0.00253	0.00421
14	0.01745	0.07015	0.01451	0.01039	0.01411	0.01434	0.00868	0.68534	0.02064	0.05870	0.01138	0.01140	0.00813	0.00555	0.00456	0.00138	0.00506	0.00415	0.02629	0.00779
15	0.00993	0.00812	0.00957	0.00696	0.01091	0.00618	0.00555	0.01203	0.01015	0.04148	0.06400	0.01175	0.00975	0.00400	0.00368	0.00078	0.00342	0.00326	0.00306	0.77543
16	0.01062	0.04531	0.26995	0.03577	0.08637	0.02239	0.25653	0.01457	0.02470	0.05016	0.05202	0.03518	0.03093	0.00509	0.00489	0.00148	0.00629	0.00493	0.00270	0.04013
17	0.00678	0.00489	0.00673	0.00673	0.00728	0.00544	0.00484	0.00788	0.00733	0.01032	0.01340	0.02280	0.01364	0.31240	0.54111	0.00654	0.00984	0.00568	0.00264	0.00374
18	0.09061	0.00873	0.01099	0.00850	0.01210	0.00814	0.00702	0.11303	0.01407	0.65096	0.01675	0.01480	0.01070	0.00569	0.00459	0.00145	0.00412	0.00450	0.00546	0.00778
19	0.00572	0.00421	0.00536	0.00629	0.00677	0.00385	0.00425	0.00660	0.00930	0.01215	0.02939	0.70849	0.15171	0.01433	0.00595	0.00186	0.00268	0.01286	0.00438	0.00385
20	0.00890	0.00838	0.01414	0.82296	0.03247	0.01048	0.01309	0.01205	0.00943	0.01205	0.00838	0.01257	0.00629	0.00471	0.00471	0.00157	0.00629	0.00419	0.00210	0.00524
21	0.01792	0.01321	0.01415	0.01085	0.01462	0.01462	0.00896	0.78916	0.02217	0.02972	0.01132	0.01132	0.00802	0.00566	0.00472	0.00142	0.00519	0.00425	0.00472	0.00802
22	0.00674	0.00505	0.00758	0.00758	0.00842	0.00589	0.00589	0.00842	0.00758	0.01095	0.01263	0.01852	0.01179	0.03536	0.81561	0.00758	0.01263	0.00505	0.00253	0.00421
23	0.01071	0.00830	0.00945	0.00893	0.01099	0.00914	0.00713	0.07183	0.40499	0.04490	0.03932	0.06003	0.01890	0.05601	0.00643	0.00192	0.00398	0.21628	0.00458	0.00618
24	0.00748	0.00570	0.00789	0.00744	0.00873	0.00613	0.00574	0.03421	0.00828	0.01198	0.01222	0.01807	0.01144	0.08608	0.63371	0.00632	0.01070	0.00487	0.00265	0.11035
25	0.00571	0.00424	0.00533	0.00619	0.00674	0.00386	0.00421	0.00661	0.00938	0.01218	0.03050	0.66831	0.19118	0.01419	0.00593	0.00185	0.00266	0.01269	0.00438	0.00386
26	0.00750	0.00516	0.00666	0.00717	0.00784	0.00513	0.00517	0.08130	0.01009	0.01342	0.02185	0.52022	0.02508	0.03583	0.00805	0.11336	0.00341	0.11464	0.00406	0.00404
27	0.00605	0.00451	0.00527	0.00560	0.00639	0.00410	0.00383	0.00706	0.00979	0.01274	0.13022	0.31159	0.29004	0.15608	0.00890	0.00220	0.00286	0.01032	0.01865	0.00380
28	0.00983	0.00974	0.01493	0.01218	0.01325	0.03343	0.16827	0.01125	0.00812	0.01162	0.00899	0.01556	0.00897	0.19433	0.03090	0.00262	0.43379	0.00503	0.00233	0.00487
29	0.15251	0.00712	0.00857	0.00776	0.01013	0.00701	0.00635	0.01587	0.06609	0.30200	0.08087	0.08874	0.03809	0.00841	0.00503	0.00167	0.00373	0.17934	0.00475	0.00597
30	0.00855	0.00519	0.00675	0.00618	0.00750	0.00476	0.00460	0.01044	0.01255	0.12138	0.58456	0.05882	0.04986	0.08932	0.00726	0.00180	0.00271	0.00805	0.00501	0.00474
31	0.00978	0.00838	0.00978	0.00698	0.01117	0.00629	0.00559	0.01187	0.00978	0.01536	0.00838	0.00978	0.00698	0.00349	0.00349	0.00070	0.00349	0.00279	0.00279	0.86312
32	0.15704	0.00779	0.00970	0.00777	0.01096	0.00722	0.00638	0.01963	0.01252	0.57438	0.10218	0.01769	0.01456	0.00619	0.00458	0.00148	0.00377	0.02384	0.00525	0.00707
33	0.00900	0.00718	0.01161	0.03706	0.31072	0.00742	0.00877	0.01011	0.00862	0.01206	0.01142	0.04994	0.02749	0.01598	0.21107	0.23186	0.00677	0.01559	0.00246	0.00488
34	0.00594	0.00458	0.00527	0.00559	0.00656	0.00409	0.00396	0.00704	0.01013	0.01289	0.12159	0.27422	0.38645	0.09809	0.00765	0.00200	0.00276	0.03301	0.00431	0.00388
35	0.00658	0.00490	0.00725	0.00742	0.00817	0.00557	0.00566	0.00813	0.00780	0.01112	0.01472	0.14544	0.01482	0.03215	0.68918	0.00669	0.01108	0.00636	0.00281	0.00415
36	0.01259	0.01335	0.09729	0.01403	0.06473	0.06687	0.15077	0.19486	0.01242	0.01713	0.00893	0.01135	0.00717	0.00639	0.01883	0.01454	0.24306	0.00430	0.03509	0.00630
37	0.01038	0.00799	0.01156	0.05671	0.18474	0.03756	0.03952	0.04163	0.00998	0.09568	0.01382	0.08841	0.02783	0.10111	0.22831	0.02342	0.00712	0.00570	0.00310	0.00542
38	0.00595	0.00441	0.00539	0.00599	0.00664	0.00404	0.00412	0.00691	0.00957	0.01245	0.08765	0.47102	0.21532	0.10566	0.00791	0.00211	0.00287	0.03390	0.00427	0.00382
39	0.00629	0.00440	0.00566	0.00645	0.00676	0.00424	0.00438	0.00706	0.00867	0.01152	0.02282	0.51225	0.02683	0.23807	0.01099	0.00267	0.00344	0.10992	0.00396	0.00363

[dist]
# distance from previous block
# <min> <max>
0	7

[block]
# block no. 4 follows, 54 sequences, length 92
# corresponding to MSA columns:
# 743-834
name=unknown_E
#
# <colnr> <probs for GDERKNQSTAVLIFYWHMCP>
#	G	D	E	R	K	N	Q	S	T	A	V	L	I	F	Y	W	H	M	C	P
0	0.01613	0.05452	0.02616	0.06030	0.04403	0.47923	0.00946	0.16122	0.07632	0.01576	0.00908	0.01008	0.00715	0.00505	0.00437	0.00131	0.00710	0.00354	0.00299	0.00620
1	0.00995	0.00879	0.01167	0.10738	0.12974	0.00750	0.00778	0.01227	0.00988	0.01497	0.00845	0.01039	0.00697	0.00374	0.00381	0.00090	0.00413	0.00317	0.00264	0.63586
2	0.00678	0.00477	0.00604	0.00622	0.00727	0.00435	0.00462	0.00838	0.01138	0.04278	0.33594	0.26753	0.18554	0.01173	0.00575	0.00169	0.00265	0.07755	0.00475	0.00429
3	0.00844	0.00653	0.00813	0.00806	0.00917	0.01748	0.02522	0.13123	0.03639	0.01525	0.02243	0.54885	0.04172	0.01224	0.00613	0.00182	0.03582	0.05604	0.00427	0.00478
4	0.00635	0.00489	0.00585	0.00591	0.00712	0.00446	0.00445	0.00829	0.03211	0.01538	0.34179	0.14828	0.31641	0.01135	0.00568	0.00164	0.00256	0.06852	0.00471	0.00426
5	0.00686	0.00457	0.00514	0.00514	0.00514	0.00457	0.00286	0.00686	0.00686	0.00914	0.01486	0.03086	0.01714	0.83430	0.02400	0.00457	0.00457	0.00686	0.00286	0.00286
6	0.00674	0.00505	0.00758	0.00758	0.00842	0.00589	0.00589	0.00842	0.00758	0.01095	0.01263	0.01852	0.01179	0.03536	0.81561	0.00758	0.01263	0.00505	0.00253	0.00421
7	0.00792	0.00543	0.00636	0.00630	0.00698	0.00548	0.00429	0.03722	0.05978	0.03459	0.06593	0.09500	0.04616	0.48859	0.01631	0.00340	0.00414	0.09862	0.00362	0.00387
8	0.00730	0.00591	0.00758	0.00696	0.00854	0.00560	0.05104	0.05249	0.05760	0.01587	0.25494	0.18588	0.30092	0.01067	0.00556	0.00161	0.00297	0.00935	0.00454	0.00466
9	0.00909	0.00857	0.01448	0.76893	0.08504	0.01053	0.01319	0.01221	0.00952	0.01228	0.00841	0.01251	0.00637	0.00468	0.00471	0.00156	0.00624	0.00419	0.00211	0.00539
10	0.03284	0.00479	0.00498	0.00482	0.00614	0.00469	0.00364	0.01137	0.01008	0.07084	0.01812	0.04606	0.07167	0.01570	0.00388	0.00124	0.00242	0.00511	0.67699	0.00459
11	0.03467	0.00462	0.00579	0.00640	0.00708	0.00439	0.00456	0.00757	0.00991	0.01356	0.15728	0.45639	0.10157	0.07502	0.00721	0.00202	0.00295	0.09067	0.00435	0.00397
12	0.00581	0.00415	0.00551	0.00658	0.00686	0.00388	0.00441	0.00664	0.00901	0.01201	0.02567	0.79295	0.03073	0.03618	0.00650	0.00199	0.00282	0.03015	0.00434	0.00382
13	0.33244	0.00954	0.01003	0.00806	0.01137	0.01002	0.00663	0.20221	0.01349	0.30228	0.02989	0.01227	0.00911	0.00534	0.00406	0.00144	0.00409	0.00389	0.01702	0.00681
14	0.00634	0.00452	0.00569	0.00596	0.00656	0.00424	0.00407	0.00753	0.01025	0.01398	0.30832	0.31546	0.07386	0.19082	0.00974	0.00232	0.00295	0.01920	0.00434	0.00386
15	0.29293	0.00696	0.00727	0.00687	0.00865	0.00741	0.00523	0.04467	0.02720	0.09034	0.08323	0.27496	0.05407	0.03600	0.00564	0.00173	0.03050	0.00736	0.00400	0.00497
16	0.01062	0.00661	0.00690	0.00626	0.00800	0.00705	0.00490	0.13982	0.11371	0.01973	0.01552	0.01769	0.01220	0.00588	0.00382	0.00125	0.00295	0.02901	0.58271	0.00538
17	0.02016	0.00891	0.01140	0.00882	0.01243	0.00833	0.00726	0.13646	0.05797	0.64947	0.01756	0.01543	0.01128	0.00584	0.00474	0.00146	0.00417	0.00470	0.00561	0.00799
18	0.02732	0.00516	0.00654	0.00639	0.00739	0.00495	0.02471	0.02352	0.00997	0.07745	0.11796	0.31059	0.04665	0.16614	0.00872	0.00216	0.00323	0.00874	0.13810	0.00432
19	0.01409	0.00812	0.00944	0.00794	0.01044	0.00829	0.00648	0.25689	0.01493	0.19711	0.07887	0.02093	0.01510	0.00685	0.00463	0.00144	0.00380	0.09635	0.23198	0.00634
20	0.00946	0.02439	0.80987	0.01344	0.02041	0.01095	0.01742	0.01493	0.00995	0.01493	0.00846	0.00995	0.00597	0.00448	0.00448	0.00149	0.00697	0.00348	0.00199	0.00697
21	0.00703	0.00537	0.00722	0.10358	0.01020	0.00545	0.00553	0.00954	0.05665	0.01593	0.43361	0.21285	0.03337	0.06431	0.00673	0.00180	0.00307	0.00883	0.00446	0.00447
22	0.00700	0.00503	0.00713	0.00734	0.00813	0.00557	0.00572	0.00858	0.00820	0.01160	0.01537	0.02663	0.01539	0.13215	0.52630	0.00589	0.00958	0.15077	0.03952	0.00407
23	0.00686	0.00464	0.00546	0.00567	0.00582	0.00462	0.00353	0.00718	0.00749	0.00994	0.01686	0.09114	0.01934	0.67744	0.02062	0.00409	0.00441	0.09863	0.00314	0.00310
24	0.00674	0.00505	0.00758	0.00758	0.00842	0.00589	0.00589	0.00842	0.00758	0.01095	0.01263	0.01852	0.01179	0.03536	0.81561	0.00758	0.01263	0.00505	0.00253	0.00421
25	0.01149	0.01109	0.01910	0.05163	0.74670	0.01111	0.03961	0.01432	0.01071	0.01526	0.00936	0.01215	0.01737	0.00431	0.00471	0.00141	0.00566	0.00432	0.00235	0.00732
26	0.05571	0.01259	0.01207	0.00973	0.01310	0.19405	0.00783	0.20034	0.01525	0.41055	0.01380	0.01286	0.00926	0.00551	0.00455	0.00139	0.00530	0.00414	0.00467	0.00731
27	0.00644	0.00492	0.00592	0.00565	0.00695	0.00446	0.00424	0.00859	0.02966	0.01700	0.54982	0.03800	0.28047	0.01029	0.00555	0.00152	0.00231	0.00890	0.00493	0.00437
28	0.03485	0.00545	0.00555	0.00523	0.00665	0.00563	0.00406	0.08903	0.01110	0.01879	0.01503	0.01783	0.01197	0.00572	0.00353	0.00118	0.00261	0.02950	0.72151	0.00478
29	0.00996	0.00965	0.01649	0.37935	0.18178	0.01127	0.10476	0.01251	0.00934	0.01279	0.00819	0.01206	0.00669	0.00569	0.00743	0.03838	0.16149	0.00434	0.00217	0.00567
30	0.00959	0.02361	0.76291	0.01436	0.06699	0.01097	0.01725	0.01490	0.01000	0.01496	0.00849	0.01006	0.00606	0.00446	0.00449	0.00149	0.00689	0.00353	0.00201	0.00700
31	0.00678	0.00458	0.00512	0.00512	0.00522	0.00454	0.00290	0.00685	0.00709	0.00936	0.01681	0.03172	0.06380	0.78547	0.02290	0.00439	0.00444	0.00704	0.00295	0.00292
32	0.81715	0.00936	0.00736	0.00648	0.00945	0.01082	0.00534	0.05990	0.00886	0.02166	0.00685	0.00788	0.00528	0.00445	0.00302	0.00146	0.00374	0.00265	0.00302	0.00528
33	0.00706	0.00538	0.00634	0.00596	0.00741	0.00501	0.00456	0.05472	0.02188	0.01731	0.46543	0.03763	0.29828	0.01026	0.00554	0.00154	0.00254	0.03376	0.00485	0.00453
34	0.01089	0.01069	0.01529	0.01277	0.01349	0.02907	0.07891	0.01294	0.05471	0.03303	0.00760	0.01108	0.00690	0.00764	0.01347	0.00196	0.66740	0.00432	0.00236	0.00548
35	0.00617	0.00480	0.00560	0.00540	0.00673	0.00423	0.00405	0.00792	0.01215	0.01607	0.45554	0.03989	0.39311	0.01070	0.00557	0.00153	0.00230	0.00918	0.00482	0.00423
36	0.62778	0.00912	0.00826	0.00697	0.01010	0.01000	0.00574	0.06194	0.01009	0.19773	0.00954	0.00975	0.00675	0.00478	0.00343	0.00146	0.00382	0.00314	0.00368	0.00593
37	0.00951	0.00931	0.01426	0.74881	0.05671	0.05829	0.01290	0.01253	0.00970	0.01213	0.00833	0.01230	0.00631	0.00471	0.00469	0.00154	0.00639	0.00412	0.00212	0.00532
38	0.00623	0.00458	0.00599	0.00662	0.00738	0.00433	0.00489	0.00761	0.01019	0.01356	0.15879	0.41921	0.13445	0.01447	0.05403	0.00218	0.00345	0.13359	0.00440	0.00406
39	0.00968	0.00626	0.00763	0.00730	0.00858	0.00671	0.00552	0.01362	0.23503	0.04979	0.04074	0.02043	0.01390	0.01202	0.05745	0.28918	0.00418	0.07737	0.12999	0.00464
40	0.00584	0.00412	0.00552	0.00655	0.00682	0.00388	0.00437	0.00659	0.00890	0.01188	0.02517	0.78637	0.03010	0.02696	0.01945	0.02353	0.00295	0.01294	0.00427	0.00378
41	0.08498	0.00621	0.00728	0.00634	0.00841	0.00575	0.00488	0.01322	0.02307	0.26193	0.17025	0.02823	0.22095	0.10583	0.00719	0.00186	0.00324	0.00684	0.02818	0.00535
42	0.00667	0.00458	0.00531	0.00551	0.00573	0.00449	0.00340	0.00699	0.00767	0.01008	0.01932	0.13592	0.07729	0.61851	0.01927	0.00386	0.00416	0.05484	0.00325	0.00316
43	0.00980	0.00919	0.01449	0.01194	0.01442	0.03451	0.25693	0.06182	0.15578	0.01562	0.01790	0.30407	0.01795	0.00880	0.00553	0.00171	0.00501	0.04511	0.00377	0.00565
44	0.00580	0.00434	0.00540	0.00612	0.00679	0.00394	0.00424	0.00683	0.00979	0.01275	0.08924	0.57380	0.21522	0.01369	0.00589	0.00181	0.00264	0.02337	0.00444	0.00392
45	0.00762	0.00558	0.00651	0.00605	0.00710	0.00518	0.00400	0.03339	0.02111	0.01207	0.04402	0.18275	0.01861	0.44706	0.01501	0.00306	0.00393	0.00732	0.00332	0.16632
46	0.01858	0.01216	0.01350	0.01035	0.01410	0.01307	0.00855	0.63468	0.02042	0.18666	0.01279	0.01227	0.00876	0.00570	0.00472	0.00142	0.00495	0.00435	0.00494	0.00802
47	0.01691	0.00908	0.01109	0.00852	0.01205	0.00852	0.00696	0.21398	0.01503	0.39423	0.09292	0.01566	0.01319	0.00576	0.00460	0.00132	0.00404	0.00465	0.00496	0.15650
48	0.83148	0.00907	0.00710	0.00629	0.00924	0.01042	0.00518	0.01425	0.00826	0.05474	0.00708	0.00802	0.00539	0.00444	0.00300	0.00146	0.00366	0.00265	0.00304	0.00523
49	0.00831	0.00616	0.00776	0.00855	0.00975	0.03216	0.00733	0.03822	0.01123	0.01473	0.02336	0.07383	0.02500	0.01210	0.00617	0.00204	0.00433	0.64939	0.05509	0.00450
50	0.00683	0.00467	0.00563	0.00563	0.00580	0.00484	0.00347	0.00717	0.00700	0.00951	0.01441	0.02837	0.01606	0.67313	0.18369	0.00518	0.00620	0.00649	0.00279	0.00313
51	0.00768	0.00546	0.00599	0.00558	0.00732	0.00485	0.00424	0.03478	0.02880	0.08382	0.15265	0.03912	0.55358	0.03766	0.00606	0.00166	0.00270	0.00890	0.00460	0.00458
52	0.01830	0.01195	0.01325	0.01019	0.01386	0.01283	0.00841	0.61753	0.02013	0.18149	0.01286	0.01242	0.00885	0.00569	0.00468	0.00141	0.00487	0.00435	0.02902	0.00792
53	0.01794	0.01265	0.01371	0.01053	0.01424	0.01386	0.00870	0.71898	0.02130	0.08308	0.01191	0.01179	0.00836	0.00567	0.00469	0.00141	0.00504	0.00428	0.02392	0.00794
54	0.01575	0.00964	0.01108	0.00927	0.01239	0.01023	0.00740	0.09414	0.43819	0.31009	0.01826	0.01645	0.01281	0.00612	0.00477	0.00153	0.00397	0.00502	0.00517	0.00772
55	0.02107	0.00815	0.01102	0.00845	0.01210	0.00712	0.00698	0.04210	0.01371	0.78872	0.01842	0.01593	0.01158	0.00583	0.00474	0.00146	0.00404	0.00473	0.00581	0.00802
56	0.00680	0.00472	0.00597	0.00635	0.00670	0.00478	0.00438	0.00756	0.00805	0.01078	0.01828	0.16198	0.02061	0.44656	0.11750	0.00407	0.00525	0.15286	0.00334	0.00346
57	0.00574	0.00410	0.00547	0.00657	0.00684	0.00383	0.00438	0.00657	0.00903	0.01204	0.02599	0.83122	0.03119	0.01477	0.00602	0.00191	0.00274	0.01340	0.00438	0.00383
58	0.00978	0.00838	0.00978	0.00698	0.01117	0.00629	0.00559	0.01187	0.00978	0.01536	0.00838	0.00978	0.00698	0.00349	0.00349	0.00070	0.00349	0.00279	0.00279	0.86312
59	0.01792	0.01321	0.01415	0.01085	0.01462	0.01462	0.00896	0.78916	0.02217	0.02972	0.01132	0.01132	0.00802	0.00566	0.00472	0.00142	0.00519	0.00425	0.00472	0.00802
60	0.01790	0.01237	0.01353	0.01047	0.01415	0.01350	0.00862	0.64529	0.07264	0.12355	0.01273	0.01231	0.00889	0.00573	0.00473	0.00143	0.00495	0.00438	0.00486	0.00798
61	0.00716	0.00447	0.00541	0.00541	0.00542	0.00448	0.00318	0.00672	0.00671	0.00896	0.01332	0.02694	0.01504	0.63750	0.03504	0.19810	0.00459	0.00621	0.00267	0.00270
62	0.01856	0.01219	0.01352	0.01037	0.01412	0.01312	0.00856	0.63915	0.02047	0.18212	0.01275	0.01225	0.00873	0.00569	0.00472	0.00142	0.00496	0.00434	0.00494	0.00802
63	0.00936	0.00743	0.03477	0.00915	0.01080	0.03332	0.00808	0.08504	0.01206	0.03789	0.02236	0.04525	0.02349	0.01157	0.00615	0.00202	0.00464	0.62743	0.00428	0.00492
64	0.00964	0.00612	0.00868	0.00804	0.00937	0.00688	0.00637	0.03915	0.00906	0.13405	0.01316	0.01732	0.01128	0.02713	0.58621	0.00587	0.06353	0.00490	0.02824	0.00500
65	0.02371	0.00545	0.00653	0.00701	0.00783	0.01888	0.00520	0.00930	0.05461	0.02728	0.04582	0.28152	0.07087	0.19210	0.00986	0.00249	0.00374	0.21963	0.00405	0.00412
66	0.11502	0.00913	0.00976	0.00835	0.01092	0.00994	0.00667	0.24111	0.18440	0.08395	0.06620	0.04706	0.01424	0.03182	0.00514	0.00158	0.00392	0.04331	0.10109	0.00642
67	0.01194	0.00819	0.00913	0.00817	0.01031	0.00884	0.00636	0.14374	0.27836	0.09361	0.01792	0.09214	0.01539	0.07498	0.00635	0.00179	0.00378	0.06320	0.13962	0.00619
68	0.08078	0.00671	0.00832	0.00726	0.00943	0.00637	0.00565	0.05803	0.02328	0.29878	0.24623	0.17738	0.03494	0.00862	0.00509	0.00155	0.00326	0.00738	0.00504	0.00589
69	0.01918	0.00897	0.01124	0.00875	0.01225	0.00850	0.00722	0.19860	0.01528	0.56346	0.01879	0.01753	0.05816	0.00632	0.00482	0.00147	0.00419	0.02211	0.00546	0.00770
70	0.00698	0.00517	0.00584	0.00610	0.00719	0.00504	0.00439	0.00968	0.10882	0.01396	0.04561	0.30885	0.25078	0.06042	0.00646	0.00183	0.00283	0.02959	0.11610	0.00437
71	0.25158	0.00841	0.00990	0.00783	0.01129	0.00805	0.00647	0.03341	0.01215	0.58074	0.01520	0.01368	0.00982	0.00544	0.00424	0.00146	0.00393	0.00414	0.00502	0.00723
72	0.01815	0.00717	0.00947	0.00755	0.01057	0.00632	0.00613	0.02001	0.01262	0.62440	0.01831	0.05112	0.01258	0.00615	0.00452	0.00141	0.00361	0.00505	0.16769	0.00716
73	0.00819	0.00410	0.00614	0.00614	0.00614	0.00410	0.00410	0.00614	0.00614	0.00819	0.00819	0.01433	0.00819	0.01638	0.01843	0.86282	0.00410	0.00410	0.00205	0.00205
74	0.00735	0.00450	0.00654	0.00660	0.00698	0.00477	0.00469	0.00707	0.00704	0.00964	0.01256	0.06633	0.03742	0.06858	0.31358	0.41831	0.00715	0.00535	0.00248	0.00306
75	0.13583	0.03749	0.01604	0.17754	0.01907	0.07132	0.20577	0.01511	0.06623	0.06739	0.01041	0.01403	0.00839	0.00547	0.00575	0.00159	0.08720	0.04664	0.00287	0.00583
76	0.00983	0.00981	0.01803	0.46263	0.13968	0.01088	0.20483	0.01301	0.00999	0.01329	0.00918	0.02513	0.00734	0.00483	0.00528	0.00158	0.03055	0.01606	0.00227	0.00580
77	0.01143	0.01166	0.01840	0.21216	0.38012	0.08164	0.13612	0.02574	0.01079	0.01430	0.00900	0.01255	0.00738	0.00465	0.00512	0.00149	0.02917	0.01946	0.00236	0.00647
78	0.00674	0.00504	0.00750	0.00750	0.00831	0.00585	0.00579	0.00837	0.00755	0.01089	0.01270	0.01893	0.01196	0.06171	0.78950	0.00748	0.01236	0.00511	0.00254	0.00417
79	0.01096	0.01743	0.43599	0.01250	0.05098	0.00983	0.06664	0.05917	0.01103	0.07025	0.02298	0.01121	0.00757	0.00450	0.00440	0.00132	0.00583	0.00375	0.01421	0.17946
80	0.04402	0.00534	0.00689	0.00710	0.00802	0.00517	0.02615	0.03430	0.03165	0.04197	0.02229	0.60252	0.02555	0.07977	0.00714	0.00202	0.00325	0.01101	0.00416	0.03167
81	0.02098	0.00830	0.01111	0.00852	0.01217	0.00734	0.00704	0.06337	0.01395	0.76711	0.01822	0.01580	0.01148	0.00583	0.00474	0.00146	0.00407	0.00472	0.00578	0.00802
82	0.00585	0.00479	0.00516	0.00506	0.00654	0.00410	0.00380	0.00730	0.01139	0.01427	0.23546	0.04285	0.61432	0.01137	0.00557	0.00157	0.00235	0.00960	0.00458	0.00410
83	0.00677	0.00457	0.00530	0.00543	0.00553	0.00453	0.00322	0.00700	0.00741	0.00991	0.04203	0.10574	0.01970	0.70190	0.02110	0.00414	0.00432	0.03523	0.00313	0.00305
84	0.01170	0.00660	0.00808	0.00735	0.00904	0.00657	0.00539	0.01518	0.16865	0.24122	0.03400	0.18953	0.01829	0.22077	0.03374	0.00256	0.00405	0.00728	0.00445	0.00554
85	0.01085	0.00925	0.00989	0.00898	0.01141	0.01051	0.00698	0.02227	0.66506	0.01921	0.10027	0.02137	0.05405	0.00711	0.00494	0.00160	0.00353	0.02099	0.00481	0.00693
86	0.02115	0.00802	0.01094	0.00839	0.01204	0.00693	0.00693	0.02298	0.01350	0.80815	0.01860	0.01605	0.01167	0.00584	0.00474	0.00146	0.00401	0.00474	0.00584	0.00802
87	0.00785	0.00498	0.00588	0.00585	0.00725	0.00437	0.00431	0.00913	0.01075	0.11521	0.09512	0.27589	0.37640	0.01155	0.00550	0.00164	0.00268	0.00997	0.04116	0.00451
88	0.14261	0.01204	0.01254	0.00992	0.01343	0.01340	0.00814	0.55307	0.11667	0.05372	0.01185	0.01173	0.00851	0.00557	0.00446	0.00145	0.00474	0.00415	0.00450	0.00752
89	0.01626	0.01033	0.01174	0.00946	0.01270	0.01097	0.00766	0.31673	0.22628	0.23663	0.07711	0.01614	0.01356	0.00622	0.00481	0.00148	0.00425	0.00500	0.00508	0.00759
90	0.00596	0.00423	0.00537	0.00620	0.00648	0.00399	0.00403	0.00663	0.00867	0.01149	0.02479	0.63376	0.06481	0.17883	0.00960	0.00243	0.00309	0.01193	0.00407	0.00364
91	0.00578	0.00416	0.00542	0.00642	0.00674	0.00387	0.00427	0.00659	0.00902	0.01195	0.02656	0.75920	0.06777	0.04961	0.00676	0.00201	0.00280	0.01296	0.00431	0.00380

[dist]
# distance from previous block
# <min> <max>
0	3

[block]
# block no. 5 follows, 54 sequences, length 18
# corresponding to MSA columns:
# 838-855
name=unknown_F
#
# <colnr> <probs for GDERKNQSTAVLIFYWHMCP>
#	G	D	E	R	K	N	Q	S	T	A	V	L	I	F	Y	W	H	M	C	P
0	0.59733	0.01042	0.00923	0.00768	0.01087	0.01186	0.00633	0.26047	0.01252	0.02388	0.00808	0.00882	0.00603	0.00479	0.00349	0.00144	0.00414	0.00309	0.00349	0.00603
1	0.00819	0.00410	0.00614	0.00614	0.00614	0.00410	0.00410	0.00614	0.00614	0.00819	0.00819	0.01433	0.00819	0.01638	0.01843	0.86282	0.00410	0.00410	0.00205	0.00205
2	0.00978	0.00838	0.00978	0.00698	0.01117	0.00629	0.00559	0.01187	0.00978	0.01536	0.00838	0.00978	0.00698	0.00349	0.00349	0.00070	0.00349	0.00279	0.00279	0.86312
3	0.00686	0.00457	0.00514	0.00514	0.00514	0.00457	0.00286	0.00686	0.00686	0.00914	0.01486	0.03086	0.01714	0.83430	0.02400	0.00457	0.00457	0.00686	0.00286	0.00286
4	0.05493	0.00853	0.01083	0.00851	0.01196	0.00799	0.00697	0.07530	0.08801	0.62265	0.04167	0.01611	0.01241	0.00593	0.00469	0.00147	0.00400	0.00479	0.00552	0.00774
5	0.09954	0.00759	0.00955	0.00763	0.01067	0.00700	0.00622	0.04395	0.01299	0.53941	0.13162	0.01799	0.01575	0.00622	0.00459	0.00144	0.00363	0.00505	0.06219	0.00698
6	0.00583	0.00417	0.00548	0.00643	0.00680	0.00387	0.00433	0.00666	0.00922	0.01225	0.05687	0.73457	0.07542	0.01445	0.00629	0.02369	0.00273	0.01278	0.00435	0.00382
7	0.00592	0.00457	0.00544	0.00607	0.00689	0.00419	0.00422	0.00736	0.04058	0.01258	0.03324	0.52776	0.29713	0.01346	0.00582	0.00179	0.00265	0.01189	0.00439	0.00402
8	0.78004	0.00954	0.00767	0.00668	0.00969	0.01099	0.00550	0.09375	0.00948	0.02204	0.00706	0.00804	0.00541	0.00451	0.00310	0.00145	0.00381	0.00273	0.00310	0.00541
9	0.00664	0.00463	0.00581	0.00606	0.00698	0.00420	0.00431	0.00801	0.01087	0.04562	0.27915	0.37516	0.18235	0.03017	0.00613	0.00175	0.00260	0.01069	0.00466	0.00420
10	0.00998	0.00856	0.00987	0.00725	0.01129	0.00685	0.00578	0.01323	0.09083	0.01581	0.00949	0.01058	0.00775	0.00379	0.00363	0.00079	0.00352	0.00305	0.00300	0.77495
11	0.00568	0.00466	0.00501	0.00528	0.00658	0.00400	0.00388	0.00682	0.01039	0.01264	0.04248	0.20935	0.61656	0.01257	0.00570	0.00168	0.00253	0.03587	0.00438	0.00396
12	0.01820	0.00728	0.00973	0.00769	0.01078	0.00638	0.00627	0.02010	0.01311	0.63486	0.10946	0.01844	0.01553	0.00624	0.00469	0.00142	0.00362	0.00515	0.09383	0.00723
13	0.00688	0.00479	0.00578	0.00590	0.00688	0.00448	0.00428	0.00816	0.01009	0.03946	0.15949	0.17382	0.24112	0.14741	0.06498	0.00254	0.00367	0.06051	0.04572	0.00404
14	0.01170	0.60229	0.25158	0.00962	0.01450	0.01643	0.01077	0.01435	0.00969	0.01220	0.00711	0.00825	0.00603	0.00416	0.00345	0.00115	0.00560	0.00280	0.00201	0.00632
15	0.00719	0.00523	0.00705	0.00787	0.00897	0.00509	0.00668	0.00919	0.01100	0.01435	0.10754	0.09216	0.11097	0.01266	0.00629	0.00203	0.00383	0.57320	0.00443	0.00429
16	0.00611	0.00449	0.00577	0.00659	0.00710	0.00428	0.00450	0.00769	0.04769	0.01307	0.09828	0.68889	0.06030	0.01379	0.00590	0.00185	0.00272	0.01243	0.00447	0.00407
17	0.00676	0.00480	0.00573	0.00579	0.00660	0.00453	0.00400	0.00803	0.03038	0.02568	0.19807	0.16778	0.20370	0.23245	0.02446	0.03622	0.00333	0.02377	0.00406	0.00385

[dist]
# distance from previous block
# <min> <max>
0	1

[block]
# block no. 6 follows, 54 sequences, length 93
# corresponding to MSA columns:
# 857-903,905-917,919-933,942-949,957-966
name=unknown_G
#
# <colnr> <probs for GDERKNQSTAVLIFYWHMCP>
#	G	D	E	R	K	N	Q	S	T	A	V	L	I	F	Y	W	H	M	C	P
0	0.01097	0.01087	0.01816	0.27864	0.45776	0.04110	0.08642	0.01393	0.01046	0.01417	0.00872	0.01193	0.00701	0.00437	0.00475	0.00147	0.00615	0.00428	0.00227	0.00658
1	0.08760	0.01038	0.01809	0.28453	0.30736	0.01111	0.17061	0.01370	0.01008	0.01469	0.00859	0.01179	0.00678	0.00441	0.00490	0.00151	0.02097	0.00433	0.00231	0.00626
2	0.00964	0.12733	0.24070	0.02300	0.13020	0.03107	0.06555	0.01265	0.01014	0.01373	0.01361	0.14195	0.01353	0.00774	0.01772	0.00168	0.00564	0.12540	0.00282	0.00588
3	0.00726	0.00468	0.00633	0.00625	0.00673	0.00481	0.00440	0.00715	0.00785	0.01056	0.08577	0.03717	0.12187	0.13284	0.16514	0.35014	0.02898	0.00601	0.00289	0.00316
4	0.04685	0.01922	0.01105	0.11974	0.17758	0.00832	0.00827	0.09161	0.03349	0.04142	0.12735	0.11945	0.13078	0.02546	0.00544	0.00161	0.00414	0.01888	0.00373	0.00562
5	0.01147	0.15677	0.05951	0.07632	0.25709	0.04031	0.03591	0.05248	0.15100	0.01540	0.01233	0.06337	0.02392	0.00563	0.00454	0.00143	0.00520	0.01772	0.00299	0.00661
6	0.00686	0.00457	0.00514	0.00514	0.00514	0.00457	0.00286	0.00686	0.00686	0.00914	0.01486	0.03086	0.01714	0.83430	0.02400	0.00457	0.00457	0.00686	0.00286	0.00286
7	0.00726	0.00498	0.00570	0.00565	0.00678	0.00454	0.00399	0.00850	0.02626	0.06728	0.09633	0.14868	0.34722	0.21638	0.01017	0.00237	0.00315	0.02649	0.00418	0.00408
8	0.01199	0.01077	0.01753	0.04511	0.33998	0.03860	0.17621	0.07151	0.02771	0.07004	0.01316	0.05478	0.04370	0.02540	0.00548	0.00158	0.00571	0.03102	0.00307	0.00663
9	0.00819	0.00410	0.00614	0.00614	0.00614	0.00410	0.00410	0.00614	0.00614	0.00819	0.00819	0.01433	0.00819	0.01638	0.01843	0.86282	0.00410	0.00410	0.00205	0.00205
10	0.03104	0.00953	0.01062	0.00864	0.01143	0.01015	0.00695	0.36153	0.09429	0.12237	0.16477	0.01798	0.01659	0.01953	0.00501	0.00147	0.00399	0.00526	0.09209	0.00677
11	0.08117	0.00574	0.00678	0.00638	0.00808	0.00536	0.00487	0.01121	0.02658	0.15755	0.21236	0.17331	0.21662	0.02682	0.00567	0.00167	0.00295	0.03725	0.00469	0.00494
12	0.00561	0.00464	0.00492	0.00513	0.00646	0.00395	0.00374	0.00673	0.01040	0.01260	0.04341	0.20259	0.64857	0.01251	0.00566	0.00166	0.00246	0.01064	0.00438	0.00395
13	0.01747	0.01282	0.01375	0.01059	0.01424	0.01417	0.00873	0.75435	0.02169	0.02920	0.02674	0.01194	0.00883	0.00573	0.00470	0.00141	0.00506	0.00433	0.02639	0.00786
14	0.18757	0.00727	0.00839	0.00721	0.00967	0.00713	0.00566	0.03821	0.03623	0.33965	0.07181	0.13504	0.03021	0.05130	0.00559	0.00168	0.00358	0.00601	0.04172	0.00605
15	0.05396	0.00567	0.00658	0.00627	0.00775	0.00541	0.00464	0.02864	0.05037	0.09878	0.21906	0.18853	0.20489	0.07081	0.00667	0.00181	0.00294	0.00862	0.02383	0.00475
16	0.00929	0.00629	0.00756	0.00683	0.00860	0.00616	0.00525	0.04178	0.13650	0.10423	0.44152	0.05751	0.13156	0.00903	0.00534	0.00152	0.00281	0.00780	0.00505	0.00536
17	0.00584	0.00477	0.00507	0.00501	0.00643	0.00409	0.00371	0.00716	0.01104	0.01370	0.18478	0.04282	0.62629	0.05065	0.00645	0.00171	0.00246	0.00954	0.00446	0.00401
18	0.07259	0.00508	0.00624	0.00660	0.00757	0.00487	0.00469	0.02265	0.01009	0.08066	0.10638	0.56012	0.05626	0.01228	0.00554	0.00176	0.00288	0.01091	0.01841	0.00443
19	0.04755	0.00528	0.00614	0.00590	0.00742	0.00472	0.00438	0.00893	0.01103	0.05211	0.25456	0.20535	0.26038	0.01042	0.00528	0.00154	0.00263	0.00899	0.02492	0.07245
20	0.00943	0.00800	0.00943	0.00702	0.01085	0.00616	0.00563	0.01148	0.00978	0.01506	0.01058	0.01330	0.03335	0.00540	0.03406	0.00105	0.00384	0.03977	0.00291	0.76291
21	0.00833	0.00660	0.00958	0.00957	0.01116	0.00671	0.07364	0.01207	0.11403	0.01495	0.03985	0.06695	0.03765	0.01135	0.00616	0.00201	0.00444	0.55580	0.00425	0.00490
22	0.00614	0.00477	0.00558	0.00544	0.00673	0.00421	0.00405	0.00784	0.01199	0.01583	0.42843	0.07324	0.38704	0.01090	0.00559	0.00155	0.00232	0.00938	0.00479	0.00421
23	0.02550	0.00616	0.00863	0.04710	0.08072	0.00604	0.00618	0.02319	0.00989	0.15628	0.09013	0.13044	0.09574	0.03232	0.00949	0.23603	0.02128	0.00654	0.00368	0.00466
24	0.00638	0.00516	0.00571	0.00568	0.00712	0.00472	0.00428	0.00869	0.06943	0.01447	0.19550	0.09686	0.48772	0.02384	0.00587	0.00167	0.00260	0.04543	0.00455	0.00432
25	0.01261	0.83713	0.02471	0.00807	0.01210	0.01866	0.00807	0.01412	0.00958	0.01109	0.00656	0.00756	0.00605	0.00403	0.00303	0.00101	0.00504	0.00252	0.00202	0.00605
26	0.01784	0.01270	0.01376	0.01062	0.01433	0.01396	0.00875	0.69958	0.05961	0.08210	0.01220	0.01195	0.00858	0.00571	0.00472	0.00143	0.00504	0.00433	0.00480	0.00799
27	0.00968	0.00824	0.03309	0.00958	0.02754	0.04237	0.06874	0.12712	0.02989	0.01556	0.05486	0.15546	0.05675	0.03073	0.03769	0.09456	0.00486	0.18459	0.00376	0.00494
28	0.00724	0.00579	0.00855	0.00806	0.00889	0.00667	0.03753	0.00870	0.00784	0.01118	0.01432	0.05618	0.04818	0.12430	0.51826	0.00577	0.09542	0.00577	0.01712	0.00421
29	0.00678	0.00489	0.00677	0.00677	0.00734	0.00546	0.00489	0.00790	0.00734	0.01035	0.01337	0.02260	0.01356	0.29947	0.55393	0.00658	0.00997	0.00565	0.00264	0.00376
30	0.80733	0.00974	0.00740	0.02534	0.00992	0.04887	0.00548	0.01405	0.00831	0.02049	0.00664	0.00781	0.00518	0.00441	0.00302	0.00145	0.00394	0.00261	0.00288	0.00513
31	0.01087	0.01039	0.01770	0.25752	0.58252	0.01099	0.01407	0.01377	0.01036	0.01444	0.00873	0.01193	0.00713	0.00435	0.00468	0.00145	0.00580	0.00420	0.00227	0.00683
32	0.00609	0.00427	0.00539	0.00610	0.00638	0.00404	0.00395	0.00669	0.00860	0.01142	0.04196	0.55646	0.06329	0.22211	0.01080	0.02044	0.00320	0.01128	0.00396	0.00357
33	0.00790	0.00616	0.00733	0.00680	0.00833	0.00626	0.00517	0.01287	0.21061	0.01884	0.57095	0.03123	0.07109	0.00893	0.00537	0.00152	0.00261	0.00779	0.00505	0.00519
