[name]
unknown

[dist]
# distance from previous block
# <min> <max>
20	99

[block]
# block no. 0 follows, 55 sequences, length 73
# corresponding to MSA columns:
# 164-194,196-237
name=unknown_A
#
# <colnr> <probs for GDERKNQSTAVLIFYWHMCP>
#	G	D	E	R	K	N	Q	S	T	A	V	L	I	F	Y	W	H	M	C	P
0	0.04951	0.12915	0.02937	0.06160	0.01386	0.12782	0.03252	0.05109	0.03303	0.03721	0.00863	0.04610	0.00769	0.00613	0.00771	0.00151	0.27321	0.00401	0.00260	0.07725
1	0.14767	0.00676	0.00796	0.00738	0.00918	0.02059	0.04826	0.01183	0.08158	0.09494	0.05581	0.26845	0.15491	0.03342	0.00558	0.00172	0.00346	0.03145	0.00412	0.00493
2	0.09086	0.03561	0.01276	0.11333	0.01548	0.05256	0.00854	0.36563	0.08958	0.15159	0.01195	0.01210	0.00847	0.00536	0.00444	0.00142	0.00496	0.00411	0.00417	0.00708
3	0.01110	0.00814	0.00982	0.03103	0.01161	0.00645	0.00586	0.01328	0.02240	0.12314	0.00998	0.01127	0.00789	0.02694	0.00423	0.00094	0.00363	0.00321	0.00318	0.68591
4	0.00965	0.00827	0.00965	0.00689	0.01102	0.00620	0.00551	0.01171	0.00965	0.01516	0.00827	0.00965	0.00689	0.00345	0.00345	0.00069	0.00345	0.00276	0.00276	0.86494
5	0.03531	0.00781	0.01134	0.01265	0.20505	0.00746	0.05091	0.01251	0.07556	0.04035	0.27749	0.05300	0.06503	0.00688	0.00486	0.00138	0.00373	0.00618	0.00381	0.11868
6	0.01244	0.83930	0.02438	0.00796	0.01194	0.01841	0.00796	0.01393	0.00945	0.01095	0.00647	0.00746	0.00597	0.00398	0.00299	0.00100	0.00498	0.00249	0.00199	0.00597
7	0.01160	0.01112	0.01673	0.27439	0.24611	0.08525	0.11831	0.02647	0.03803	0.05575	0.00932	0.01197	0.00723	0.00466	0.00511	0.00146	0.03963	0.00425	0.00255	0.03007
8	0.00884	0.00734	0.00968	0.13659	0.11585	0.05939	0.00759	0.02463	0.00917	0.01291	0.01205	0.05523	0.01093	0.05498	0.28681	0.02494	0.00743	0.00495	0.14592	0.00477
9	0.09399	0.05822	0.01309	0.04364	0.03154	0.48707	0.00871	0.03137	0.01133	0.01256	0.00746	0.00986	0.00652	0.04516	0.00651	0.00151	0.12038	0.00335	0.00242	0.00531
10	0.02350	0.00628	0.00744	0.00754	0.05629	0.00613	0.00514	0.09590	0.01095	0.09604	0.02330	0.10243	0.20321	0.19811	0.00919	0.00219	0.00360	0.03307	0.10487	0.00479
11	0.00633	0.00487	0.00580	0.00559	0.00686	0.00442	0.00418	0.00845	0.03505	0.01636	0.49601	0.06410	0.30423	0.01037	0.00548	0.00152	0.00231	0.00896	0.00481	0.00430
12	0.00665	0.00496	0.00733	0.00733	0.00811	0.00574	0.00564	0.00822	0.00743	0.01069	0.01259	0.01900	0.01195	0.08272	0.77067	0.00730	0.01199	0.00509	0.00251	0.00407
13	0.00611	0.00447	0.00560	0.00617	0.00679	0.00425	0.00435	0.00710	0.00913	0.01194	0.05766	0.38850	0.17153	0.15143	0.06062	0.00263	0.00370	0.09029	0.00398	0.00375
14	0.01835	0.00965	0.01159	0.00914	0.01259	0.00970	0.00746	0.22702	0.15723	0.46089	0.01655	0.01487	0.01104	0.00581	0.00468	0.00145	0.00422	0.00465	0.00528	0.00782
15	0.00591	0.00418	0.00549	0.00644	0.00673	0.00396	0.00433	0.00670	0.00876	0.01166	0.02428	0.69063	0.02888	0.11191	0.00807	0.00222	0.00301	0.05899	0.00414	0.00370
16	0.00634	0.00471	0.00570	0.00590	0.00678	0.00439	0.00425	0.00785	0.02460	0.01388	0.25663	0.20382	0.21148	0.14477	0.00859	0.00213	0.00292	0.07700	0.00432	0.00395
17	0.00886	0.00539	0.00685	0.00694	0.00808	0.00517	0.00501	0.01115	0.08700	0.14106	0.08873	0.47030	0.04627	0.05687	0.00656	0.00189	0.00309	0.03139	0.00457	0.00481
18	0.25443	0.00830	0.00976	0.00772	0.01112	0.00795	0.00637	0.03245	0.01197	0.58079	0.01497	0.01348	0.00968	0.00536	0.00418	0.00144	0.00388	0.00408	0.00495	0.00712
19	0.86937	0.00900	0.00684	0.00612	0.00900	0.01044	0.00504	0.01368	0.00792	0.02087	0.00648	0.00756	0.00504	0.00432	0.00288	0.00144	0.00360	0.00252	0.00288	0.00504
20	0.01080	0.00593	0.00720	0.00632	0.00843	0.00525	0.00493	0.01288	0.04529	0.26363	0.19774	0.05430	0.34022	0.00926	0.00522	0.00152	0.00289	0.00781	0.00496	0.00541
21	0.70892	0.00879	0.00759	0.00653	0.00954	0.00976	0.00538	0.01538	0.00894	0.17022	0.00872	0.00912	0.00626	0.00459	0.00322	0.00144	0.00367	0.00293	0.00342	0.00558
22	0.00686	0.00450	0.00504	0.00504	0.00509	0.00450	0.00284	0.00696	0.00691	0.00942	0.01468	0.02981	0.01667	0.79654	0.02270	0.00435	0.00440	0.00665	0.04415	0.00289
23	0.00593	0.00425	0.00563	0.00630	0.00681	0.00395	0.00434	0.00713	0.01012	0.01380	0.24658	0.60705	0.03449	0.01314	0.00581	0.00177	0.00256	0.01186	0.00455	0.00395
24	0.00576	0.00409	0.00537	0.00637	0.00661	0.00384	0.00420	0.00650	0.00874	0.01165	0.02476	0.76930	0.02966	0.08026	0.00736	0.00210	0.00284	0.01271	0.00420	0.00370
25	0.00965	0.00827	0.00965	0.00689	0.01102	0.00620	0.00551	0.01171	0.00965	0.01516	0.00827	0.00965	0.00689	0.00345	0.00345	0.00069	0.00345	0.00276	0.00276	0.86494
26	0.00667	0.00491	0.00709	0.00709	0.00779	0.00560	0.00533	0.00806	0.00736	0.01051	0.01282	0.02024	0.01248	0.16424	0.68988	0.00700	0.01118	0.00527	0.00254	0.00394
27	0.01718	0.02185	0.01308	0.01190	0.01427	0.80247	0.00893	0.01838	0.01308	0.01137	0.00729	0.00858	0.00610	0.00536	0.01958	0.00132	0.00847	0.00303	0.00240	0.00537
28	0.05864	0.01284	0.01362	0.01048	0.01417	0.01424	0.00866	0.75455	0.02120	0.02891	0.01094	0.01100	0.00777	0.00552	0.00457	0.00140	0.00505	0.00411	0.00457	0.00777
29	0.00677	0.00451	0.00507	0.00507	0.00507	0.00451	0.00282	0.00677	0.00677	0.00902	0.01466	0.03044	0.01691	0.83650	0.02368	0.00451	0.00451	0.00677	0.00282	0.00282
30	0.00572	0.00481	0.00497	0.00491	0.00646	0.00411	0.00369	0.00721	0.02488	0.01331	0.12423	0.04326	0.71354	0.01145	0.00548	0.00156	0.00236	0.00959	0.00441	0.00404
31	0.00639	0.00505	0.00583	0.00610	0.00752	0.00457	0.00493	0.02000	0.01094	0.01356	0.07662	0.04623	0.50506	0.01192	0.00578	0.00175	0.00301	0.25625	0.00435	0.00413
32	0.02065	0.00792	0.01077	0.00825	0.01186	0.00682	0.00681	0.02245	0.01324	0.79484	0.01815	0.01571	0.01142	0.00571	0.00465	0.00142	0.00395	0.00464	0.00570	0.02501
33	0.01072	0.00612	0.00797	0.00713	0.00897	0.00576	0.00570	0.06396	0.01342	0.20001	0.45818	0.03145	0.03159	0.00888	0.00538	0.00155	0.00310	0.11959	0.00511	0.00542
34	0.01244	0.83930	0.02438	0.00796	0.01194	0.01841	0.00796	0.01393	0.00945	0.01095	0.00647	0.00746	0.00597	0.00398	0.00299	0.00100	0.00498	0.00249	0.00199	0.00597
35	0.00666	0.00494	0.00726	0.00726	0.00802	0.00570	0.00555	0.00817	0.00741	0.01064	0.01266	0.01936	0.01210	0.10637	0.74723	0.00721	0.01175	0.00514	0.00252	0.00403
36	0.00713	0.00440	0.00547	0.00547	0.00551	0.00444	0.00331	0.00664	0.00660	0.00884	0.01269	0.02524	0.01416	0.56540	0.06032	0.24849	0.00476	0.00591	0.00258	0.00266
37	0.01102	0.01196	0.02456	0.04679	0.13823	0.01147	0.59920	0.03370	0.02388	0.01521	0.01045	0.01327	0.02780	0.00426	0.00530	0.00154	0.00717	0.00532	0.00248	0.00640
38	0.03974	0.06101	0.08519	0.00982	0.03631	0.03622	0.02091	0.11196	0.08503	0.28584	0.06903	0.01717	0.04856	0.00626	0.00511	0.00147	0.04053	0.02877	0.00428	0.00678
39	0.00935	0.00936	0.02826	0.58713	0.07434	0.01098	0.09628	0.01232	0.00932	0.01237	0.00818	0.01207	0.00635	0.00493	0.00594	0.00160	0.09944	0.00426	0.00211	0.00543
40	0.00668	0.00484	0.00675	0.00675	0.00733	0.00542	0.00491	0.00784	0.00726	0.01026	0.01313	0.02197	0.01323	0.27822	0.57693	0.00658	0.01005	0.00553	0.00259	0.00375
41	0.00997	0.00851	0.01006	0.00766	0.03495	0.00662	0.00588	0.03744	0.01008	0.01563	0.00838	0.00975	0.00694	0.00354	0.00352	0.00073	0.00356	0.00284	0.00281	0.81113
42	0.55857	0.03718	0.02235	0.00759	0.01033	0.16495	0.00617	0.03340	0.00966	0.03418	0.03124	0.05032	0.00789	0.00513	0.00347	0.00140	0.00457	0.00342	0.00298	0.00521
43	0.01202	0.01008	0.01255	0.17874	0.01705	0.01163	0.04304	0.12089	0.44830	0.04472	0.01486	0.01503	0.01106	0.00581	0.00509	0.00156	0.03184	0.00484	0.00401	0.00688
44	0.01289	0.01013	0.01112	0.00925	0.01234	0.01089	0.00739	0.19256	0.40968	0.05862	0.01520	0.01542	0.01158	0.00584	0.00473	0.00140	0.01925	0.02699	0.00435	0.16035
45	0.00669	0.00484	0.00583	0.00553	0.00684	0.00432	0.00414	0.00847	0.01213	0.04252	0.50095	0.03739	0.29950	0.03309	0.00597	0.00158	0.00237	0.00872	0.00481	0.00431
46	0.00958	0.00659	0.04758	0.00685	0.00891	0.00543	0.00576	0.01196	0.03810	0.17494	0.30301	0.03366	0.22367	0.00935	0.00536	0.00157	0.00311	0.09463	0.00478	0.00519
47	0.00648	0.00444	0.00538	0.00564	0.00581	0.00442	0.00348	0.00688	0.00757	0.01019	0.04337	0.23073	0.02086	0.54082	0.08058	0.00398	0.00460	0.00830	0.00325	0.00322
48	0.01244	0.83930	0.02438	0.00796	0.01194	0.01841	0.00796	0.01393	0.00945	0.01095	0.00647	0.00746	0.00597	0.00398	0.00299	0.00100	0.00498	0.00249	0.00199	0.00597
49	0.00710	0.00516	0.00699	0.00795	0.00899	0.00505	0.00676	0.00901	0.01052	0.01358	0.02716	0.12824	0.11114	0.01291	0.00628	0.00206	0.00392	0.61872	0.00429	0.00420
50	0.01708	0.01306	0.01392	0.01081	0.01442	0.03850	0.02282	0.69529	0.08144	0.02775	0.01162	0.01159	0.00832	0.00559	0.00466	0.00141	0.00516	0.00426	0.00455	0.00776
51	0.02312	0.00588	0.00705	0.00728	0.00852	0.00606	0.00558	0.01178	0.18411	0.01547	0.16009	0.27689	0.07373	0.01096	0.00554	0.00175	0.00313	0.16271	0.02554	0.00482
52	0.00792	0.00624	0.00733	0.00679	0.00836	0.00639	0.00517	0.01314	0.23577	0.01844	0.52642	0.03056	0.09153	0.00877	0.00527	0.00150	0.00263	0.00762	0.00495	0.00520
53	0.00665	0.00498	0.00748	0.00748	0.00831	0.00582	0.00582	0.00831	0.00748	0.01080	0.01246	0.01828	0.01163	0.03489	0.81807	0.00748	0.01246	0.00498	0.00249	0.00415
54	0.00552	0.00471	0.00474	0.00474	0.00630	0.00394	0.00355	0.00672	0.01066	0.01269	0.06234	0.04457	0.79031	0.01174	0.00550	0.00157	0.00235	0.00979	0.00434	0.00394
55	0.02138	0.00680	0.00777	0.00694	0.00889	0.00673	0.00536	0.11173	0.09453	0.12904	0.13418	0.08005	0.22771	0.07592	0.00663	0.00178	0.00333	0.03751	0.02837	0.00536
56	0.00886	0.00651	0.00803	0.00761	0.00920	0.00662	0.00617	0.13611	0.04955	0.01889	0.39325	0.03568	0.04274	0.00978	0.00560	0.00167	0.00337	0.24055	0.00476	0.00505
57	0.04658	0.00795	0.01068	0.00821	0.01179	0.00695	0.00678	0.02240	0.01315	0.78678	0.01799	0.01558	0.01132	0.00571	0.00462	0.00144	0.00395	0.00461	0.00567	0.00783
58	0.00699	0.00445	0.00498	0.00506	0.00525	0.00443	0.00300	0.00740	0.00740	0.01057	0.01553	0.08595	0.01710	0.64343	0.01911	0.00377	0.00400	0.00684	0.14162	0.00313
59	0.03919	0.00557	0.00691	0.00628	0.00763	0.00522	0.00447	0.01174	0.01005	0.23179	0.14438	0.13400	0.03442	0.30499	0.01170	0.00260	0.00362	0.00718	0.02354	0.00473
60	0.01718	0.00896	0.01085	0.00885	0.01209	0.00902	0.00714	0.06213	0.31193	0.47115	0.01821	0.01618	0.01235	0.00596	0.00470	0.00149	0.00391	0.00487	0.00531	0.00771
61	0.00658	0.00476	0.00622	0.00585	0.00695	0.00439	0.00439	0.00878	0.01317	0.01866	0.80503	0.03475	0.04390	0.00951	0.00549	0.00146	0.00219	0.00841	0.00512	0.00439
62	0.00634	0.00443	0.00554	0.00605	0.00657	0.00420	0.00409	0.02039	0.00961	0.01316	0.14956	0.49565	0.06151	0.13458	0.00831	0.00214	0.00288	0.01072	0.05042	0.00384
63	0.10521	0.00641	0.00785	0.00717	0.00916	0.00617	0.00556	0.01421	0.06008	0.27470	0.14953	0.23649	0.04162	0.00909	0.00506	0.00161	0.00326	0.04641	0.00479	0.00562
64	0.01738	0.02217	0.01318	0.01199	0.01438	0.81783	0.00899	0.01858	0.01318	0.01139	0.00719	0.00839	0.00599	0.00479	0.00419	0.00120	0.00839	0.00300	0.00240	0.00539
65	0.01724	0.02187	0.01312	0.01192	0.01433	0.79805	0.00895	0.01873	0.03246	0.01158	0.00748	0.00861	0.00619	0.00483	0.00421	0.00121	0.00827	0.00305	0.00245	0.00544
66	0.00589	0.00449	0.00537	0.00570	0.00663	0.00403	0.00407	0.00715	0.01045	0.01360	0.20893	0.32729	0.31100	0.03942	0.00627	0.00177	0.00256	0.02699	0.00445	0.00395
67	0.00603	0.00424	0.00543	0.00616	0.00644	0.00403	0.00405	0.00678	0.00875	0.01173	0.07750	0.57152	0.02836	0.20559	0.01005	0.00248	0.00312	0.03009	0.00402	0.00361
68	0.00651	0.00475	0.00605	0.00612	0.00705	0.00444	0.00443	0.03077	0.01177	0.01619	0.45736	0.30604	0.09848	0.01129	0.00562	0.00161	0.00246	0.01003	0.00477	0.00425
69	0.01136	0.08722	0.45751	0.03547	0.01738	0.01190	0.01325	0.19534	0.02919	0.01753	0.00939	0.01083	0.00700	0.00708	0.06782	0.00189	0.00666	0.00371	0.00270	0.00679
70	0.00947	0.00741	0.00822	0.00776	0.00950	0.00802	0.00578	0.04155	0.38554	0.03882	0.04782	0.19676	0.10630	0.07192	0.00693	0.02712	0.00340	0.00760	0.00441	0.00565
71	0.01030	0.00579	0.00720	0.00675	0.00809	0.00554	0.00486	0.07108	0.01053	0.18942	0.03326	0.30048	0.06911	0.20205	0.03628	0.00250	0.00387	0.00843	0.01962	0.00483
72	0.01448	0.01125	0.01251	0.00976	0.01309	0.01206	0.00796	0.47465	0.07933	0.02348	0.01117	0.03532	0.00871	0.00563	0.00526	0.00132	0.06873	0.00421	0.00403	0.19704

[dist]
# distance from previous block
# <min> <max>
0	8

[block]
# block no. 1 follows, 55 sequences, length 7
# corresponding to MSA columns:
# 246-252
name=unknown_B
#
# <colnr> <probs for GDERKNQSTAVLIFYWHMCP>
#	G	D	E	R	K	N	Q	S	T	A	V	L	I	F	Y	W	H	M	C	P
0	0.00803	0.19291	0.00994	0.00656	0.00767	0.03477	0.00485	0.00878	0.00832	0.01057	0.01599	0.28443	0.01826	0.30525	0.06132	0.00294	0.00464	0.00766	0.00308	0.00401
1	0.04816	0.03527	0.01425	0.15462	0.04024	0.42206	0.06819	0.01731	0.11098	0.01323	0.00900	0.01061	0.00715	0.00492	0.00463	0.00137	0.02598	0.00370	0.00263	0.00572
2	0.01093	0.00878	0.01144	0.01322	0.21503	0.00928	0.00827	0.06801	0.27769	0.04698	0.15132	0.02006	0.04242	0.00649	0.00477	0.00147	0.00386	0.02335	0.07012	0.00650
3	0.00833	0.00742	0.01195	0.64067	0.02597	0.00902	0.01065	0.01073	0.00873	0.01124	0.00971	0.01646	0.00861	0.19191	0.00893	0.00222	0.00582	0.00473	0.00224	0.00464
4	0.00595	0.00478	0.00561	0.00554	0.00686	0.00444	0.00420	0.00742	0.01036	0.01327	0.17579	0.03700	0.48971	0.01658	0.18842	0.00288	0.00460	0.00848	0.00405	0.00406
5	0.01161	0.01074	0.01163	0.01334	0.19030	0.14140	0.00852	0.01684	0.25005	0.05811	0.01807	0.10852	0.07806	0.00731	0.00491	0.00153	0.00471	0.05438	0.00375	0.00621
6	0.00642	0.00442	0.00512	0.00536	0.00554	0.00430	0.00321	0.00669	0.00754	0.00994	0.01963	0.21232	0.08067	0.58806	0.01829	0.00369	0.00394	0.00845	0.00327	0.00312

[dist]
# distance from previous block
# <min> <max>
1	19

[block]
# block no. 2 follows, 55 sequences, length 10
# corresponding to MSA columns:
# 272-281
name=unknown_C
#
# <colnr> <probs for GDERKNQSTAVLIFYWHMCP>
#	G	D	E	R	K	N	Q	S	T	A	V	L	I	F	Y	W	H	M	C	P
0	0.00641	0.00493	0.00690	0.00690	0.00788	0.00542	0.00534	0.00797	0.00813	0.01117	0.01973	0.02383	0.17807	0.03005	0.64773	0.00624	0.01034	0.00600	0.00288	0.00411
1	0.07578	0.00490	0.00587	0.00625	0.00722	0.00465	0.00448	0.00835	0.00986	0.05531	0.12686	0.45736	0.14057	0.03392	0.00599	0.00181	0.00283	0.03946	0.00434	0.00419
2	0.00647	0.00470	0.00600	0.00605	0.00697	0.00438	0.00449	0.00817	0.01147	0.01574	0.46899	0.14689	0.10815	0.08921	0.00738	0.00189	0.00272	0.09160	0.00463	0.00410
3	0.01692	0.01201	0.01306	0.01026	0.01378	0.01320	0.00839	0.58441	0.15697	0.10213	0.01321	0.01270	0.00936	0.00573	0.00467	0.00143	0.00476	0.00442	0.00477	0.00782
4	0.00632	0.00445	0.00512	0.00535	0.00569	0.00425	0.00331	0.00675	0.00804	0.01051	0.04676	0.20831	0.14653	0.49977	0.01634	0.00337	0.00370	0.00871	0.00346	0.00325
5	0.00964	0.00671	0.00760	0.00685	0.00863	0.00680	0.00523	0.12366	0.11865	0.06638	0.20745	0.10601	0.16535	0.05158	0.00599	0.00165	0.00312	0.00741	0.08600	0.00528
6	0.01099	0.00936	0.01006	0.00921	0.01164	0.01071	0.00722	0.02271	0.69650	0.01898	0.05888	0.02104	0.01670	0.00700	0.00491	0.00162	0.00366	0.06712	0.00472	0.00697
7	0.00604	0.00436	0.00580	0.00682	0.00733	0.00412	0.00494	0.00715	0.00938	0.01234	0.02659	0.62725	0.07168	0.01406	0.00602	0.00193	0.00301	0.17298	0.00431	0.00389
8	0.00989	0.00972	0.00836	0.00840	0.02221	0.21206	0.00607	0.05330	0.04711	0.01390	0.08805	0.32194	0.09253	0.02392	0.00553	0.00164	0.00438	0.04212	0.02417	0.00472
9	0.00680	0.00451	0.00502	0.00502	0.00514	0.00448	0.00287	0.00695	0.00707	0.00956	0.01607	0.03044	0.05037	0.76226	0.02194	0.00422	0.00431	0.00678	0.04323	0.00294

[dist]
# distance from previous block
# <min> <max>
2	3

[block]
# block no. 3 follows, 55 sequences, length 24
# corresponding to MSA columns:
# 308-320,330-336,353-356
name=unknown_D
#
# <colnr> <probs for GDERKNQSTAVLIFYWHMCP>
#	G	D	E	R	K	N	Q	S	T	A	V	L	I	F	Y	W	H	M	C	P
0	0.00653	0.00505	0.00584	0.00574	0.00699	0.00472	0.00423	0.00897	0.07296	0.01538	0.33746	0.12815	0.31277	0.04010	0.00609	0.00166	0.00251	0.00909	0.02145	0.00433
1	0.05680	0.00667	0.06428	0.00559	0.00733	0.00587	0.00475	0.06646	0.01036	0.01762	0.01448	0.01709	0.02587	0.05397	0.00465	0.00136	0.00294	0.00440	0.62478	0.00472
2	0.01016	0.02239	0.64336	0.01246	0.01833	0.12136	0.01506	0.01467	0.01034	0.01411	0.01102	0.01218	0.06437	0.00501	0.00447	0.00144	0.00675	0.00384	0.00220	0.00646
3	0.00588	0.00468	0.00528	0.00523	0.00655	0.00408	0.00389	0.00739	0.01136	0.01461	0.30669	0.09898	0.48651	0.01120	0.00553	0.00156	0.00233	0.00958	0.00460	0.00408
4	0.14492	0.00571	0.00715	0.00654	0.00787	0.00575	0.00486	0.01119	0.00828	0.18077	0.01129	0.04192	0.00955	0.01257	0.06032	0.41529	0.00431	0.00433	0.05331	0.00406
5	0.00777	0.00553	0.06486	0.00659	0.00713	0.00453	0.00497	0.00679	0.00676	0.00914	0.01087	0.12683	0.01152	0.06141	0.01581	0.63494	0.00409	0.00541	0.00238	0.00266
6	0.12134	0.18218	0.36278	0.01121	0.01548	0.01303	0.03077	0.01369	0.00896	0.01402	0.00728	0.00920	0.00587	0.00509	0.00625	0.00149	0.17987	0.00331	0.00211	0.00606
7	0.08334	0.00677	0.00763	0.00767	0.02950	0.05299	0.00574	0.01103	0.01070	0.09974	0.16359	0.18313	0.06679	0.04051	0.00614	0.01779	0.00363	0.14976	0.00414	0.04938
8	0.00672	0.00452	0.00509	0.00509	0.00520	0.00446	0.00292	0.00678	0.00709	0.00938	0.03062	0.03100	0.06328	0.75567	0.02217	0.02294	0.00433	0.00691	0.00293	0.00289
9	0.31502	0.02178	0.02504	0.00853	0.01172	0.06493	0.00705	0.20951	0.10033	0.15464	0.03137	0.01171	0.00893	0.00526	0.00401	0.00142	0.00441	0.00380	0.00400	0.00654
10	0.01153	0.00834	0.01053	0.00905	0.02643	0.02756	0.05221	0.05105	0.17484	0.14975	0.16953	0.09117	0.04545	0.00725	0.00536	0.00146	0.04161	0.00617	0.00433	0.10640
11	0.04806	0.07284	0.01379	0.06815	0.03514	0.17746	0.04153	0.10285	0.07758	0.21028	0.02867	0.01242	0.00912	0.00549	0.00534	0.00143	0.07561	0.00409	0.00365	0.00650
12	0.01124	0.00916	0.01036	0.00999	0.05776	0.01022	0.00729	0.03491	0.57930	0.05239	0.12452	0.04067	0.01802	0.00680	0.00486	0.00155	0.00360	0.00579	0.00467	0.00690
13	0.01787	0.01198	0.02939	0.01016	0.01386	0.01255	0.00850	0.56663	0.06243	0.19845	0.01310	0.01250	0.00900	0.00564	0.00466	0.00142	0.00482	0.00434	0.00484	0.00786
14	0.00665	0.00498	0.00748	0.00748	0.00831	0.00582	0.00582	0.00831	0.00748	0.01080	0.01246	0.01828	0.01163	0.03489	0.81807	0.00748	0.01246	0.00498	0.00249	0.00415
15	0.02249	0.01017	0.01043	0.00952	0.03056	0.05478	0.00726	0.15299	0.44629	0.01983	0.03485	0.05079	0.03303	0.00668	0.00469	0.00151	0.00403	0.02619	0.06718	0.00672
16	0.00692	0.00492	0.00582	0.00573	0.00714	0.00435	0.00439	0.00850	0.01144	0.06115	0.27677	0.09830	0.39965	0.01102	0.00556	0.00160	0.00259	0.07516	0.00465	0.00432
17	0.01700	0.02138	0.01301	0.01182	0.01423	0.76517	0.00888	0.01898	0.06452	0.01191	0.00796	0.00898	0.00653	0.00489	0.00423	0.00122	0.00808	0.00314	0.00255	0.00552
18	0.00578	0.00413	0.00553	0.00661	0.00693	0.00388	0.00452	0.00668	0.00902	0.01200	0.02558	0.78431	0.03052	0.01447	0.00597	0.00191	0.00280	0.06125	0.00432	0.00381
19	0.01011	0.00594	0.00731	0.00641	0.00833	0.00543	0.00499	0.06055	0.01303	0.19066	0.37924	0.04565	0.22563	0.00910	0.00527	0.00149	0.00281	0.00777	0.00502	0.00525
20	0.02026	0.00778	0.01060	0.00817	0.01167	0.00673	0.00673	0.02208	0.01331	0.77694	0.05189	0.01664	0.01290	0.00592	0.00471	0.00144	0.00388	0.00484	0.00573	0.00777
21	0.00636	0.00477	0.00591	0.00568	0.00688	0.00431	0.00429	0.00831	0.01248	0.01707	0.60084	0.03770	0.22203	0.01016	0.00552	0.00151	0.00230	0.03468	0.00490	0.00428
22	0.19920	0.00891	0.01043	0.00818	0.01165	0.00872	0.00676	0.13516	0.01345	0.52809	0.01478	0.01340	0.00962	0.00543	0.00430	0.00143	0.00406	0.00415	0.00499	0.00731
23	0.00626	0.00467	0.00575	0.00587	0.00681	0.00433	0.00420	0.00804	0.03239	0.01506	0.37329	0.26344	0.18659	0.05386	0.00653	0.00177	0.00253	0.00989	0.00461	0.00413

[dist]
# distance from previous block
# <min> <max>
6	74

[block]
# block no. 4 follows, 55 sequences, length 14
# corresponding to MSA columns:
# 452-459,465-470
name=unknown_E
#
# <colnr> <probs for GDERKNQSTAVLIFYWHMCP>
#	G	D	E	R	K	N	Q	S	T	A	V	L	I	F	Y	W	H	M	C	P
0	0.00640	0.00475	0.00596	0.00565	0.00683	0.00431	0.00424	0.00841	0.01272	0.01759	0.67296	0.03650	0.17663	0.00991	0.00549	0.00148	0.00222	0.00866	0.00498	0.00431
1	0.01098	0.01255	0.02745	0.01961	0.02431	0.01176	0.79059	0.01490	0.01098	0.01490	0.00941	0.01255	0.00706	0.00392	0.00549	0.00157	0.00784	0.00549	0.00235	0.00627
2	0.01098	0.01255	0.02745	0.01961	0.02431	0.01176	0.79059	0.01490	0.01098	0.01490	0.00941	0.01255	0.00706	0.00392	0.00549	0.00157	0.00784	0.00549	0.00235	0.00627
3	0.01828	0.01208	0.01337	0.01025	0.01395	0.01302	0.00847	0.64925	0.02029	0.17429	0.01250	0.01203	0.00858	0.00562	0.00466	0.00140	0.00490	0.00428	0.00486	0.00791
4	0.01768	0.01303	0.01396	0.01070	0.01443	0.01443	0.00884	0.79197	0.02187	0.02932	0.01117	0.01117	0.00791	0.00558	0.00465	0.00140	0.00512	0.00419	0.00465	0.00791
5	0.00669	0.00461	0.00555	0.00555	0.00578	0.00475	0.00345	0.00708	0.00705	0.00951	0.01540	0.02849	0.04468	0.64318	0.18471	0.00501	0.00605	0.00651	0.00281	0.00313
6	0.00665	0.00498	0.00748	0.00748	0.00831	0.00582	0.00582	0.00831	0.00748	0.01080	0.01246	0.01828	0.01163	0.03489	0.81807	0.00748	0.01246	0.00498	0.00249	0.00415
7	0.86937	0.00900	0.00684	0.00612	0.00900	0.01044	0.00504	0.01368	0.00792	0.02087	0.00648	0.00756	0.00504	0.00432	0.00288	0.00144	0.00360	0.00252	0.00288	0.00504
8	0.00671	0.00474	0.00622	0.00622	0.00662	0.00513	0.00425	0.00750	0.00711	0.00987	0.01361	0.02462	0.01439	0.45307	0.40366	0.00593	0.00831	0.00591	0.00266	0.00346
9	0.01484	0.00926	0.01062	0.00905	0.01202	0.00991	0.00718	0.02400	0.52282	0.29765	0.01873	0.01682	0.01326	0.00612	0.00471	0.00153	0.00378	0.00506	0.00509	0.00756
10	0.17592	0.01191	0.01241	0.00968	0.01324	0.01314	0.00799	0.59225	0.01867	0.08395	0.01082	0.01083	0.00764	0.00536	0.00433	0.00141	0.00475	0.00391	0.00440	0.00738
11	0.00781	0.00537	0.00696	0.00764	0.00879	0.00536	0.00645	0.04019	0.01087	0.01479	0.02423	0.10139	0.07376	0.01154	0.00580	0.00190	0.00377	0.52928	0.12972	0.00438
12	0.00577	0.00409	0.00537	0.00635	0.00660	0.00385	0.00418	0.00650	0.00871	0.01162	0.02464	0.76034	0.02951	0.08943	0.00755	0.00213	0.00286	0.01264	0.00418	0.00369
13	0.00965	0.00827	0.00965	0.00689	0.01102	0.00620	0.00551	0.01171	0.00965	0.01516	0.00827	0.00965	0.00689	0.00345	0.00345	0.00069	0.00345	0.00276	0.00276	0.86494

[dist]
# distance from previous block
# <min> <max>
0	1

[block]
# block no. 5 follows, 55 sequences, length 70
# corresponding to MSA columns:
# 472-498,512-535,540,541,554-570
name=unknown_F
#
# <colnr> <probs for GDERKNQSTAVLIFYWHMCP>
#	G	D	E	R	K	N	Q	S	T	A	V	L	I	F	Y	W	H	M	C	P
0	0.01396	0.01088	0.01373	0.01362	0.19111	0.01096	0.02100	0.34358	0.03673	0.06112	0.01178	0.01251	0.03587	0.00500	0.00442	0.00125	0.00468	0.00413	0.00371	0.19996
1	0.00985	0.00972	0.01758	0.48547	0.22097	0.01077	0.15253	0.01301	0.00992	0.01324	0.00859	0.01221	0.00664	0.00440	0.00479	0.00151	0.00633	0.00438	0.00218	0.00591
2	0.00665	0.00497	0.00740	0.00740	0.00821	0.00578	0.00573	0.00826	0.00746	0.01075	0.01253	0.01864	0.01179	0.05885	0.79432	0.00739	0.01222	0.00504	0.00250	0.00411
3	0.01157	0.00999	0.01052	0.00947	0.01210	0.01157	0.00736	0.02472	0.79908	0.01946	0.01893	0.01736	0.01420	0.00631	0.00473	0.00158	0.00368	0.00526	0.00473	0.00736
4	0.01098	0.01255	0.02745	0.01961	0.02431	0.01176	0.79059	0.01490	0.01098	0.01490	0.00941	0.01255	0.00706	0.00392	0.00549	0.00157	0.00784	0.00549	0.00235	0.00627
5	0.02087	0.00792	0.01080	0.00828	0.01188	0.00684	0.00684	0.02267	0.01332	0.81071	0.01835	0.01583	0.01152	0.00576	0.00468	0.00144	0.00396	0.00468	0.00576	0.00792
6	0.00651	0.00470	0.00615	0.00590	0.00693	0.00434	0.00438	0.00860	0.01283	0.01812	0.74397	0.09732	0.04287	0.00991	0.00552	0.00150	0.00223	0.00879	0.00506	0.00434
7	0.00750	0.00535	0.00750	0.00857	0.00964	0.00535	0.00750	0.00964	0.01071	0.01392	0.02463	0.05248	0.02677	0.01285	0.00643	0.00214	0.00428	0.77617	0.00428	0.00428
8	0.01519	0.00764	0.00954	0.00790	0.01070	0.00733	0.00632	0.01967	0.19678	0.43443	0.16252	0.02135	0.06583	0.00693	0.00489	0.00148	0.00348	0.00580	0.00532	0.00691
9	0.86937	0.00900	0.00684	0.00612	0.00900	0.01044	0.00504	0.01368	0.00792	0.02087	0.00648	0.00756	0.00504	0.00432	0.00288	0.00144	0.00360	0.00252	0.00288	0.00504
10	0.00933	0.02406	0.81240	0.01326	0.02014	0.01080	0.01719	0.01473	0.00982	0.01473	0.00835	0.00982	0.00589	0.00442	0.00442	0.00147	0.00688	0.00344	0.00196	0.00688
11	0.01768	0.01303	0.01396	0.01070	0.01443	0.01443	0.00884	0.79197	0.02187	0.02932	0.01117	0.01117	0.00791	0.00558	0.00465	0.00140	0.00512	0.00419	0.00465	0.00791
12	0.04149	0.00646	0.00808	0.00700	0.00934	0.00584	0.00548	0.01521	0.04730	0.37984	0.09431	0.15660	0.18599	0.00878	0.00507	0.00155	0.00323	0.00744	0.00502	0.00597
13	0.02037	0.00872	0.01129	0.00866	0.01228	0.00803	0.00715	0.14319	0.01466	0.68829	0.01723	0.01510	0.01095	0.00573	0.00467	0.00143	0.00414	0.00460	0.00559	0.00792
14	0.84565	0.00911	0.00704	0.00625	0.00915	0.01055	0.00514	0.03535	0.00831	0.02111	0.00661	0.00766	0.00512	0.00435	0.00293	0.00144	0.00364	0.00257	0.00293	0.00512
15	0.00645	0.00442	0.00531	0.00554	0.00576	0.00430	0.00342	0.00695	0.00816	0.01102	0.12014	0.24120	0.02404	0.51400	0.01667	0.00343	0.00374	0.00867	0.00351	0.00327
16	0.00719	0.00435	0.00584	0.00616	0.00635	0.00429	0.00407	0.02229	0.00759	0.01011	0.01576	0.29441	0.01791	0.17716	0.01458	0.36611	0.00371	0.02612	0.00306	0.00294
17	0.00734	0.00558	0.00686	0.00640	0.00774	0.00551	0.00484	0.01123	0.13624	0.01866	0.66613	0.03223	0.05507	0.00906	0.00537	0.00148	0.00243	0.00795	0.00504	0.00485
18	0.01733	0.01244	0.01339	0.01031	0.01390	0.01370	0.00850	0.72997	0.02101	0.05234	0.01159	0.01162	0.00822	0.00558	0.00459	0.00138	0.00494	0.00421	0.04723	0.00773
19	0.02309	0.00772	0.00847	0.00756	0.00962	0.00803	0.00592	0.23793	0.09666	0.01882	0.10343	0.12244	0.24148	0.03004	0.00570	0.00166	0.00352	0.05795	0.00448	0.00549
20	0.01444	0.14181	0.01346	0.01011	0.01256	0.51383	0.00790	0.02699	0.03636	0.01282	0.11313	0.01387	0.05261	0.00570	0.00427	0.00124	0.00657	0.00406	0.00289	0.00537
21	0.00879	0.00827	0.01395	0.82532	0.03204	0.01034	0.01292	0.01189	0.00930	0.01189	0.00827	0.01240	0.00620	0.00465	0.00465	0.00155	0.00620	0.00413	0.00207	0.00517
22	0.02912	0.00480	0.00540	0.00538	0.00670	0.00428	0.00403	0.00762	0.01125	0.01481	0.29826	0.10970	0.44169	0.01109	0.00548	0.00157	0.00241	0.02775	0.00455	0.00411
23	0.03070	0.00507	0.00602	0.00606	0.00720	0.00473	0.00439	0.03197	0.01060	0.06159	0.16708	0.28735	0.23523	0.08747	0.00719	0.00192	0.00291	0.03387	0.00438	0.00426
24	0.01155	0.00991	0.01043	0.00936	0.01198	0.01141	0.00729	0.04419	0.75498	0.01951	0.01958	0.01802	0.03796	0.00646	0.00475	0.00157	0.00368	0.00537	0.00472	0.00727
25	0.01126	0.01080	0.01843	0.10171	0.73628	0.01099	0.01415	0.01406	0.01047	0.01489	0.00871	0.01160	0.00726	0.00419	0.00461	0.00140	0.00559	0.00414	0.00228	0.00717
26	0.00956	0.00684	0.00828	0.00786	0.00918	0.00726	0.00595	0.20637	0.01199	0.03260	0.01841	0.31898	0.01972	0.11788	0.09920	0.00274	0.02392	0.08438	0.00398	0.00491
27	0.05671	0.00502	0.00605	0.00656	0.00736	0.00496	0.00465	0.02633	0.04991	0.01368	0.08600	0.52490	0.08739	0.03332	0.00643	0.02756	0.00294	0.04189	0.00422	0.00413
28	0.00612	0.00475	0.00536	0.00557	0.00658	0.00435	0.00395	0.00758	0.03751	0.01271	0.10656	0.21541	0.38201	0.14334	0.00849	0.00212	0.00287	0.03665	0.00417	0.00389
29	0.01250	0.22114	0.09600	0.06103	0.12933	0.13724	0.08969	0.06989	0.03518	0.01430	0.00832	0.01000	0.00674	0.00446	0.00440	0.00127	0.02653	0.00356	0.00246	0.06595
30	0.01330	0.37910	0.14487	0.01113	0.01526	0.19592	0.09229	0.07317	0.01144	0.01342	0.00759	0.00885	0.00622	0.00435	0.00387	0.00121	0.00635	0.00319	0.00231	0.00616
31	0.00960	0.17002	0.28416	0.01056	0.01497	0.02732	0.09719	0.01266	0.00987	0.01353	0.01284	0.11427	0.06330	0.00590	0.00438	0.00133	0.00532	0.00502	0.00259	0.13517
32	0.00925	0.00928	0.03928	0.61470	0.11627	0.01037	0.06758	0.01261	0.02502	0.01291	0.03281	0.01301	0.00768	0.00472	0.00473	0.00153	0.00609	0.00436	0.00225	0.00556
33	0.31012	0.00802	0.02840	0.13032	0.01257	0.00845	0.00665	0.08057	0.01057	0.05563	0.10649	0.12003	0.06434	0.00715	0.00455	0.01597	0.00385	0.00560	0.01557	0.00513
34	0.01756	0.01667	0.01365	0.01121	0.01441	0.33422	0.00890	0.48412	0.01841	0.02218	0.00959	0.01006	0.00715	0.00527	0.00447	0.00132	0.00642	0.00371	0.00376	0.00691
35	0.01157	0.00999	0.01052	0.00947	0.01210	0.01157	0.00736	0.02472	0.79908	0.01946	0.01893	0.01736	0.01420	0.00631	0.00473	0.00158	0.00368	0.00526	0.00473	0.00736
36	0.01008	0.00684	0.00790	0.00701	0.00866	0.00691	0.00527	0.19964	0.01320	0.06805	0.20480	0.11962	0.10955	0.16129	0.00859	0.00207	0.00356	0.02362	0.02829	0.00506
37	0.00713	0.00527	0.00652	0.00663	0.00798	0.00507	0.00530	0.03584	0.01077	0.03460	0.10731	0.07891	0.32012	0.01522	0.13301	0.00264	0.00457	0.20462	0.00415	0.00434
38	0.00676	0.00452	0.00514	0.00514	0.00516	0.00455	0.00290	0.00681	0.00679	0.00907	0.01460	0.03011	0.01677	0.81418	0.04580	0.00459	0.00473	0.00672	0.00281	0.00286
39	0.00677	0.00451	0.00507	0.00507	0.00507	0.00451	0.00282	0.00677	0.00677	0.00902	0.01466	0.03044	0.01691	0.83650	0.02368	0.00451	0.00451	0.00677	0.00282	0.00282
40	0.05940	0.00571	0.00676	0.00664	0.00786	0.00572	0.00488	0.05634	0.06231	0.03990	0.24999	0.29114	0.07953	0.06028	0.02764	0.00196	0.00322	0.02169	0.00442	0.00461
41	0.00752	0.00585	0.00682	0.00685	0.00801	0.00601	0.00500	0.01162	0.20300	0.01481	0.16773	0.24904	0.11217	0.11628	0.00781	0.00205	0.00314	0.05724	0.00437	0.00469
42	0.01714	0.01262	0.01357	0.01051	0.01408	0.01394	0.00864	0.75633	0.02128	0.02853	0.01183	0.04848	0.00895	0.00599	0.00471	0.00142	0.00501	0.00460	0.00464	0.00772
43	0.00985	0.00848	0.00823	0.00752	0.00950	0.09232	0.00583	0.03054	0.21187	0.06537	0.11831	0.02927	0.31949	0.00878	0.00546	0.00154	0.03247	0.02544	0.00433	0.00539
44	0.02250	0.00638	0.00761	0.00725	0.00878	0.00637	0.00549	0.12781	0.04962	0.08604	0.12633	0.30495	0.10711	0.04420	0.00618	0.00179	0.00333	0.06867	0.00454	0.00505
45	0.02623	0.00723	0.00840	0.00771	0.00960	0.00780	0.00603	0.08608	0.22548	0.05348	0.08795	0.03730	0.14901	0.03105	0.20016	0.00304	0.00561	0.03820	0.00410	0.00552
46	0.00590	0.00462	0.00534	0.00538	0.00659	0.00406	0.00395	0.00737	0.01123	0.01456	0.30539	0.16366	0.42250	0.01143	0.00556	0.00158	0.00235	0.00986	0.00460	0.00406
47	0.08761	0.00585	0.00724	0.00697	0.00862	0.00555	0.00529	0.01237	0.03031	0.22809	0.07497	0.36078	0.06331	0.01033	0.00523	0.00168	0.00319	0.05861	0.01882	0.00518
48	0.10515	0.00644	0.00735	0.00747	0.02106	0.00673	0.00557	0.03531	0.13725	0.04947	0.05169	0.22217	0.06238	0.10162	0.00721	0.00202	0.00353	0.13251	0.03018	0.00488
49	0.01159	0.00774	0.00857	0.00732	0.00905	0.00871	0.00587	0.24575	0.01304	0.02011	0.01274	0.01452	0.00993	0.00584	0.00530	0.00131	0.11481	0.00426	0.48803	0.00551
50	0.00897	0.00614	0.00733	0.00674	0.00774	0.00659	0.00481	0.14003	0.00983	0.02934	0.01354	0.02257	0.01345	0.39659	0.24880	0.00457	0.00676	0.00562	0.05631	0.00426
51	0.04204	0.00544	0.00692	0.00653	0.00805	0.00505	0.00502	0.01125	0.01170	0.16967	0.34030	0.16224	0.07879	0.02341	0.00561	0.00163	0.00290	0.07399	0.03451	0.00493
52	0.03247	0.00478	0.00641	0.00712	0.00780	0.00462	0.02310	0.00790	0.02914	0.01288	0.04060	0.61132	0.04717	0.01337	0.00586	0.00188	0.00310	0.13216	0.00425	0.00406
53	0.00978	0.00971	0.01343	0.01153	0.01208	0.04909	0.05737	0.01107	0.00769	0.01128	0.00785	0.01247	0.00757	0.04178	0.16447	0.00307	0.55828	0.00437	0.00218	0.00492
54	0.01031	0.01030	0.01774	0.05365	0.03761	0.01158	0.28827	0.05781	0.02677	0.01434	0.04625	0.06047	0.03403	0.00677	0.00876	0.00174	0.28887	0.01638	0.00273	0.00564
55	0.00859	0.00552	0.00690	0.00685	0.02791	0.00511	0.00500	0.01084	0.05493	0.12340	0.26915	0.16412	0.21673	0.02178	0.00565	0.00162	0.00284	0.03927	0.01892	0.00487
56	0.00794	0.00629	0.00728	0.00697	0.00860	0.00640	0.00545	0.03323	0.20067	0.01702	0.30777	0.04779	0.20330	0.00968	0.00542	0.00161	0.00296	0.11183	0.00471	0.00507
57	0.00827	0.00757	0.01158	0.40359	0.03107	0.02174	0.04878	0.01103	0.03191	0.01276	0.03476	0.03789	0.14955	0.00845	0.03454	0.00186	0.02683	0.10995	0.00297	0.00490
58	0.01152	0.05137	0.01680	0.26837	0.30499	0.11053	0.04966	0.04111	0.01060	0.01367	0.00821	0.01114	0.00668	0.00473	0.00538	0.00145	0.07134	0.00398	0.00229	0.00617
59	0.01415	0.01125	0.01281	0.01052	0.01341	0.01287	0.03158	0.33242	0.35504	0.04608	0.01415	0.01391	0.01052	0.00612	0.00583	0.00155	0.09138	0.00469	0.00438	0.00733
60	0.01132	0.37796	0.10503	0.00823	0.01238	0.01224	0.00801	0.01343	0.00970	0.05429	0.00848	0.03358	0.00731	0.00433	0.00372	0.00101	0.02083	0.00315	0.00252	0.30248
61	0.00667	0.00447	0.00510	0.00519	0.00522	0.00445	0.00295	0.00674	0.00695	0.00927	0.01560	0.09928	0.01810	0.76605	0.02216	0.00429	0.00435	0.00732	0.00295	0.00290
62	0.00636	0.00475	0.00591	0.00562	0.00682	0.00430	0.00422	0.00835	0.01265	0.01742	0.65136	0.03678	0.19833	0.00997	0.00549	0.00149	0.00223	0.00870	0.00496	0.00430
63	0.01032	0.01112	0.02276	0.22892	0.08589	0.01115	0.51041	0.01387	0.01047	0.01407	0.00946	0.03232	0.00743	0.00439	0.00522	0.00156	0.00712	0.00522	0.00232	0.00601
64	0.00687	0.00495	0.00642	0.00633	0.00666	0.00546	0.00432	0.00757	0.00706	0.00981	0.01342	0.02478	0.01437	0.48643	0.33326	0.00556	0.04468	0.00595	0.00266	0.00344
65	0.00754	0.00629	0.00918	0.00867	0.00929	0.00794	0.00691	0.00903	0.00739	0.01090	0.01086	0.01624	0.01024	0.02816	0.61598	0.00611	0.21776	0.00475	0.00238	0.00439
66	0.00606	0.00469	0.00560	0.00601	0.00712	0.00423	0.00459	0.00747	0.01056	0.01345	0.13480	0.22654	0.38021	0.01234	0.00578	0.00174	0.00278	0.15761	0.00442	0.00402
67	0.01302	0.02187	0.03581	0.13225	0.18576	0.04974	0.00996	0.03464	0.27203	0.15423	0.01404	0.01509	0.01055	0.00550	0.00467	0.00149	0.00487	0.02378	0.00376	0.00695
68	0.00949	0.00567	0.00783	0.03615	0.00957	0.00541	0.02596	0.04783	0.01050	0.16587	0.02256	0.52922	0.03679	0.01214	0.02246	0.00188	0.00357	0.03775	0.00444	0.00491
69	0.00932	0.00541	0.00553	0.00528	0.00663	0.00567	0.00399	0.03999	0.11691	0.01780	0.01553	0.01753	0.01224	0.03078	0.00412	0.00127	0.00255	0.00453	0.69010	0.00483

[dist]
# distance from previous block
# <min> <max>
1	39

[block]
# block no. 6 follows, 55 sequences, length 8
# corresponding to MSA columns:
# 610-617
name=unknown_G
#
# <colnr> <probs for GDERKNQSTAVLIFYWHMCP>
#	G	D	E	R	K	N	Q	S	T	A	V	L	I	F	Y	W	H	M	C	P
0	0.01037	0.01012	0.01811	0.16975	0.46089	0.01034	0.14095	0.01320	0.01026	0.01423	0.01039	0.09056	0.00935	0.00520	0.00489	0.00149	0.00576	0.00523	0.00246	0.00644
1	0.00678	0.00584	0.00782	0.01011	0.17153	0.00536	0.00596	0.00819	0.01014	0.01292	0.03335	0.25336	0.42943	0.01097	0.00543	0.00162	0.00310	0.00958	0.00390	0.00460
2	0.00873	0.00761	0.00914	0.00819	0.00956	0.00879	0.00649	0.03690	0.19100	0.01565	0.19557	0.02624	0.22392	0.00889	0.00784	0.00166	0.21778	0.00679	0.00401	0.00524
3	0.00586	0.00419	0.00557	0.00635	0.00679	0.00390	0.00433	0.00695	0.00979	0.01327	0.18627	0.66886	0.03347	0.01353	0.00584	0.00180	0.00260	0.01223	0.00448	0.00390
4	0.01018	0.01595	0.30401	0.11729	0.01740	0.15289	0.04098	0.01418	0.07546	0.01358	0.01261	0.18038	0.01181	0.00675	0.00479	0.00153	0.00597	0.00570	0.00278	0.00577
5	0.00947	0.00827	0.01053	0.17557	0.01536	0.00705	0.00704	0.01175	0.00958	0.01448	0.00827	0.01021	0.00675	0.00369	0.00369	0.00087	0.00401	0.00304	0.00261	0.68775
6	0.01248	0.11911	0.01354	0.00989	0.03030	0.10964	0.03284	0.10021	0.18125	0.04067	0.01187	0.01309	0.02301	0.00641	0.03564	0.00150	0.05435	0.01753	0.00331	0.18335
7	0.00991	0.13418	0.62972	0.01314	0.01942	0.01193	0.09000	0.01464	0.00988	0.01423	0.00819	0.00976	0.00602	0.00431	0.00433	0.00142	0.00671	0.00350	0.00201	0.00669

[dist]
# distance from previous block
# <min> <max>
20	58

[block]
# block no. 7 follows, 55 sequences, length 15
# corresponding to MSA columns:
# 774-788
name=unknown_H
#
# <colnr> <probs for GDERKNQSTAVLIFYWHMCP>
#	G	D	E	R	K	N	Q	S	T	A	V	L	I	F	Y	W	H	M	C	P
0	0.08156	0.01076	0.05447	0.00930	0.01195	0.08830	0.03652	0.15367	0.13702	0.05626	0.01321	0.03487	0.02709	0.04753	0.18375	0.00288	0.00664	0.00471	0.00349	0.03602
1	0.09586	0.01276	0.03314	0.01103	0.07231	0.14338	0.00826	0.26494	0.13762	0.06750	0.01159	0.01284	0.00900	0.06092	0.00564	0.00158	0.00519	0.00413	0.00375	0.03855
2	0.06928	0.01053	0.06532	0.00986	0.03050	0.00986	0.02517	0.14235	0.16383	0.33813	0.01467	0.01385	0.01011	0.00557	0.00489	0.00145	0.03313	0.00440	0.00455	0.04251
3	0.00630	0.00431	0.00521	0.00567	0.00578	0.00420	0.00345	0.00664	0.00767	0.01023	0.01930	0.37015	0.02277	0.48880	0.01617	0.00340	0.00374	0.00950	0.00345	0.00322
4	0.06659	0.01280	0.01355	0.01044	0.01412	0.01420	0.00862	0.74728	0.02107	0.02883	0.01090	0.01096	0.00775	0.00551	0.00455	0.00140	0.00503	0.00409	0.00455	0.00775
5	0.00677	0.00451	0.00507	0.00507	0.00507	0.00451	0.00282	0.00677	0.00677	0.00902	0.01466	0.03044	0.01691	0.83650	0.02368	0.00451	0.00451	0.00677	0.00282	0.00282
6	0.01811	0.01090	0.01242	0.00964	0.01317	0.01145	0.00792	0.47013	0.06341	0.28602	0.01411	0.01325	0.00959	0.00568	0.00462	0.00141	0.00456	0.00442	0.03141	0.00777
7	0.01738	0.02217	0.01318	0.01199	0.01438	0.81783	0.00899	0.01858	0.01318	0.01139	0.00719	0.00839	0.00599	0.00479	0.00419	0.00120	0.00839	0.00300	0.00240	0.00539
8	0.00965	0.00827	0.00965	0.00689	0.01102	0.00620	0.00551	0.01171	0.00965	0.01516	0.00827	0.00965	0.00689	0.00345	0.00345	0.00069	0.00345	0.00276	0.00276	0.86494
9	0.00789	0.00503	0.00664	0.00621	0.00750	0.00462	0.00473	0.00997	0.01285	0.09162	0.65814	0.07962	0.03950	0.00958	0.00547	0.00151	0.00247	0.03688	0.00510	0.00468
10	0.00665	0.00498	0.00748	0.00748	0.00831	0.00582	0.00582	0.00831	0.00748	0.01080	0.01246	0.01828	0.01163	0.03489	0.81807	0.00748	0.01246	0.00498	0.00249	0.00415
11	0.01091	0.12198	0.60190	0.01225	0.01832	0.01225	0.01487	0.12592	0.01150	0.01636	0.00852	0.00973	0.00619	0.00453	0.00428	0.00140	0.00639	0.00343	0.00235	0.00691
12	0.00875	0.00731	0.00869	0.00680	0.01006	0.00565	0.00524	0.01053	0.00948	0.01442	0.01220	0.19599	0.01229	0.00596	0.00401	0.00096	0.00328	0.00512	0.00311	0.67015
13	0.07965	0.01235	0.01223	0.04148	0.01391	0.09421	0.00821	0.37171	0.23080	0.06848	0.01283	0.01262	0.00936	0.00558	0.00450	0.00144	0.00492	0.00426	0.00428	0.00719
14	0.10813	0.01152	0.01096	0.00897	0.01211	0.19117	0.00718	0.08343	0.01342	0.44423	0.05226	0.01382	0.01087	0.00556	0.00442	0.00138	0.00493	0.00421	0.00457	0.00687

[dist]
# distance from previous block
# <min> <max>
1	46

[block]
# block no. 8 follows, 55 sequences, length 12
# corresponding to MSA columns:
# 869-880
name=unknown_I
#
# <colnr> <probs for GDERKNQSTAVLIFYWHMCP>
#	G	D	E	R	K	N	Q	S	T	A	V	L	I	F	Y	W	H	M	C	P
0	0.30417	0.00960	0.00920	0.08051	0.01236	0.07835	0.00689	0.03459	0.16270	0.03269	0.06926	0.01686	0.01233	0.00601	0.00417	0.00147	0.00426	0.08189	0.00352	0.06917
1	0.00878	0.00724	0.00852	0.00693	0.00975	0.00626	0.00537	0.01229	0.11766	0.01645	0.22728	0.07847	0.01969	0.00630	0.00436	0.00111	0.00308	0.00541	0.00378	0.45126
2	0.01479	0.00967	0.01138	0.00980	0.02968	0.01055	0.00768	0.12120	0.37361	0.24808	0.03958	0.01597	0.01274	0.00624	0.00551	0.00154	0.06495	0.00493	0.00478	0.00734
3	0.00669	0.00482	0.00665	0.00665	0.00719	0.00536	0.00478	0.00777	0.00723	0.01018	0.01322	0.02248	0.01346	0.31181	0.54364	0.00645	0.00971	0.00560	0.00261	0.00369
4	0.01151	0.01105	0.01888	0.02855	0.80748	0.01105	0.01428	0.01428	0.01059	0.01520	0.00875	0.01151	0.00737	0.00415	0.00461	0.00138	0.00553	0.00415	0.00230	0.00737
5	0.00658	0.00476	0.00622	0.00585	0.00695	0.00439	0.00439	0.00878	0.01317	0.01866	0.80503	0.03475	0.04390	0.00951	0.00549	0.00146	0.00219	0.00841	0.00512	0.00439
6	0.00964	0.10640	0.73281	0.01272	0.01931	0.01157	0.01626	0.01465	0.00978	0.01435	0.00816	0.00958	0.00590	0.00438	0.00427	0.00142	0.00668	0.00334	0.00197	0.00678
7	0.01103	0.46611	0.04414	0.00926	0.01178	0.01543	0.00859	0.01257	0.00910	0.01192	0.08706	0.01116	0.00984	0.00587	0.00718	0.00139	0.26605	0.00362	0.00232	0.00556
8	0.00658	0.00472	0.00592	0.00563	0.00669	0.00435	0.00415	0.00852	0.01233	0.01733	0.64610	0.03467	0.11067	0.07076	0.00675	0.00168	0.00238	0.00826	0.03828	0.00423
9	0.00628	0.00465	0.00589	0.00598	0.00699	0.00426	0.00445	0.00802	0.01169	0.01591	0.46274	0.20116	0.16750	0.01117	0.00565	0.00162	0.00247	0.06463	0.00476	0.00418
