[name]
unknown

[dist]
# distance from previous block
# <min> <max>
6	128

[block]
# block no. 0 follows, 68 sequences, length 7
# corresponding to MSA columns:
# 149-155
name=unknown_A
#
# <colnr> <probs for GDERKNQSTAVLIFYWHMCP>
#	G	D	E	R	K	N	Q	S	T	A	V	L	I	F	Y	W	H	M	C	P
0	0.17616	0.00778	0.00966	0.00972	0.16650	0.00745	0.00644	0.01067	0.00788	0.01351	0.00665	0.00823	0.00558	0.00360	0.00405	0.00094	0.08916	0.00265	0.00223	0.46113
1	0.00914	0.13267	0.38191	0.00959	0.04010	0.00957	0.01003	0.16532	0.01016	0.01402	0.01017	0.17010	0.00944	0.00554	0.00389	0.00125	0.00463	0.00455	0.00250	0.00543
2	0.01337	0.33544	0.01528	0.00823	0.01149	0.01359	0.00725	0.51402	0.01461	0.01903	0.00799	0.00832	0.00611	0.00424	0.00342	0.00106	0.00432	0.00302	0.00310	0.00611
3	0.01342	0.01268	0.01141	0.01208	0.17931	0.35593	0.00797	0.01675	0.16642	0.16947	0.01012	0.01036	0.00757	0.00438	0.00381	0.00115	0.00517	0.00339	0.00295	0.00567
4	0.00971	0.00936	0.01575	0.02313	0.76445	0.00966	0.01187	0.01194	0.00877	0.01266	0.00726	0.00971	0.00619	0.00383	0.00471	0.00123	0.07819	0.00353	0.00194	0.00611
5	0.00798	0.00770	0.01323	0.00988	0.01288	0.00668	0.31540	0.01009	0.00845	0.01215	0.01016	0.15453	0.00973	0.03901	0.00465	0.00118	0.00429	0.00489	0.00245	0.36468
6	0.01040	0.00905	0.01296	0.01653	0.43831	0.00960	0.00944	0.16764	0.16663	0.01556	0.00982	0.01129	0.00784	0.00676	0.08886	0.00174	0.00494	0.00379	0.00275	0.00609

[dist]
# distance from previous block
# <min> <max>
0	1

[block]
# block no. 1 follows, 68 sequences, length 6
# corresponding to MSA columns:
# 157-162
name=unknown_B
#
# <colnr> <probs for GDERKNQSTAVLIFYWHMCP>
#	G	D	E	R	K	N	Q	S	T	A	V	L	I	F	Y	W	H	M	C	P
0	0.00822	0.00705	0.00822	0.00587	0.00940	0.00529	0.00470	0.00998	0.00822	0.01292	0.00705	0.00822	0.00587	0.00294	0.00294	0.00059	0.00294	0.00235	0.00235	0.88490
1	0.01080	0.00831	0.00899	0.00795	0.01029	0.00938	0.00622	0.02086	0.73179	0.11412	0.01608	0.01464	0.01183	0.00532	0.00403	0.00133	0.00317	0.00442	0.00414	0.00633
2	0.11614	0.00781	0.00798	0.00693	0.00915	0.09015	0.00552	0.01545	0.18185	0.28379	0.11185	0.01774	0.06856	0.00587	0.00399	0.00128	0.00341	0.05322	0.00393	0.00537
3	0.00967	0.00918	0.01512	0.07433	0.70316	0.00943	0.01151	0.01293	0.09065	0.01314	0.00830	0.01036	0.00680	0.00374	0.00394	0.00120	0.00459	0.00363	0.00216	0.00616
4	0.00960	0.00921	0.01571	0.09899	0.76291	0.00937	0.01206	0.01198	0.00893	0.01270	0.00742	0.00988	0.00619	0.00357	0.00393	0.00119	0.00476	0.00353	0.00194	0.00611
5	0.21051	0.01170	0.03293	0.00995	0.11245	0.24647	0.00709	0.09328	0.13544	0.01492	0.00838	0.00913	0.00654	0.00415	0.00342	0.00114	0.00459	0.00303	0.03998	0.04492

[dist]
# distance from previous block
# <min> <max>
0	1

[block]
# block no. 2 follows, 68 sequences, length 36
# corresponding to MSA columns:
# 164-199
name=unknown_C
#
# <colnr> <probs for GDERKNQSTAVLIFYWHMCP>
#	G	D	E	R	K	N	Q	S	T	A	V	L	I	F	Y	W	H	M	C	P
0	0.01063	0.01182	0.05313	0.06418	0.54094	0.18334	0.04384	0.01297	0.01922	0.01214	0.00727	0.00933	0.00598	0.00370	0.00388	0.00116	0.00536	0.00336	0.00198	0.00577
1	0.00893	0.00744	0.00917	0.00809	0.09658	0.00621	0.00569	0.01171	0.09285	0.04513	0.00836	0.00927	0.00671	0.00333	0.00319	0.00075	0.00316	0.00276	0.00258	0.66809
2	0.00610	0.00514	0.00607	0.00675	0.09150	0.00480	0.00446	0.04444	0.05887	0.01245	0.11534	0.06967	0.54224	0.00876	0.00455	0.00132	0.00246	0.00743	0.00361	0.00401
3	0.00909	0.01001	0.02102	0.01650	0.10330	0.00948	0.65995	0.01210	0.00914	0.01252	0.00878	0.06435	0.00731	0.00398	0.00472	0.00133	0.01875	0.00492	0.00211	0.02064
4	0.01536	0.00662	0.00864	0.00668	0.00962	0.00570	0.00547	0.03960	0.01099	0.64354	0.01709	0.01537	0.09415	0.00522	0.00395	0.00117	0.00322	0.00425	0.00449	0.09890
5	0.01050	0.64545	0.04724	0.00710	0.01023	0.06123	0.00685	0.06038	0.00921	0.01108	0.09107	0.00906	0.00851	0.00401	0.00295	0.00093	0.00423	0.00278	0.00213	0.00505
6	0.00586	0.00497	0.00838	0.00765	0.00873	0.00465	0.16150	0.00726	0.00850	0.01150	0.13599	0.55289	0.02384	0.01001	0.00494	0.00151	0.00312	0.03153	0.00346	0.00372
7	0.01079	0.82406	0.02034	0.00694	0.01027	0.05398	0.00682	0.01206	0.00820	0.00935	0.00554	0.00640	0.00509	0.00342	0.00259	0.00086	0.00437	0.00214	0.00171	0.00507
8	0.00666	0.00423	0.00534	0.00506	0.00619	0.00382	0.00379	0.00819	0.01028	0.09886	0.47878	0.13919	0.16958	0.00857	0.00460	0.00130	0.00211	0.00748	0.03207	0.00391
9	0.03252	0.02899	0.02694	0.00704	0.00934	0.09552	0.00571	0.15585	0.12651	0.16725	0.08323	0.02806	0.17627	0.00613	0.00404	0.00123	0.00353	0.00493	0.03164	0.00528
10	0.00981	0.00942	0.01609	0.02434	0.83592	0.00942	0.01217	0.01217	0.00903	0.01295	0.00746	0.00981	0.00628	0.00353	0.00393	0.00118	0.00471	0.00353	0.00196	0.00628
11	0.00911	0.07208	0.67558	0.01038	0.01565	0.00910	0.01290	0.01309	0.00875	0.10088	0.03125	0.00939	0.00645	0.00399	0.00374	0.00123	0.00538	0.00311	0.00210	0.00585
12	0.00552	0.00381	0.00433	0.00446	0.00463	0.00371	0.00264	0.00572	0.00636	0.00834	0.01665	0.14387	0.10043	0.65420	0.01647	0.00327	0.00344	0.00681	0.00271	0.00261
13	0.00706	0.00639	0.01073	0.00871	0.01069	0.00600	0.24986	0.04449	0.03044	0.02561	0.12454	0.20363	0.22603	0.00788	0.00472	0.00139	0.00364	0.02065	0.00330	0.00425
14	0.00872	0.00875	0.01269	0.59520	0.19144	0.09495	0.01090	0.01113	0.00849	0.01066	0.00704	0.01006	0.00547	0.00389	0.00392	0.00126	0.00536	0.00343	0.00183	0.00481
15	0.00893	0.00470	0.00474	0.00441	0.00565	0.03083	0.00338	0.03306	0.00901	0.10169	0.01291	0.01426	0.00987	0.00464	0.00296	0.00097	0.00225	0.00369	0.73793	0.00413
16	0.00957	0.00939	0.01376	0.35405	0.40928	0.09505	0.01111	0.01188	0.00886	0.02914	0.00733	0.00992	0.00584	0.00379	0.00391	0.00122	0.00516	0.00344	0.00195	0.00536
17	0.00929	0.44455	0.42775	0.00903	0.01365	0.01247	0.01069	0.01221	0.00821	0.01093	0.00631	0.00736	0.00506	0.00358	0.00315	0.00105	0.00504	0.00252	0.00169	0.00547
18	0.02498	0.12776	0.61556	0.01068	0.03402	0.01036	0.01266	0.09580	0.00937	0.01352	0.00713	0.00823	0.00522	0.00381	0.00361	0.00119	0.00542	0.00289	0.00193	0.00583
19	0.43074	0.00914	0.02191	0.00650	0.00880	0.10423	0.00530	0.17707	0.00996	0.01747	0.00803	0.03254	0.00644	0.00471	0.01538	0.00124	0.00376	0.00301	0.12905	0.00473
20	0.03287	0.03400	0.10625	0.00730	0.07157	0.00558	0.00576	0.04376	0.00969	0.01333	0.26668	0.13557	0.22185	0.02255	0.00467	0.00134	0.00291	0.00673	0.00341	0.00419
21	0.00884	0.00806	0.03125	0.03357	0.27912	0.00820	0.04363	0.03582	0.23559	0.01319	0.01297	0.06097	0.06536	0.00622	0.00549	0.09218	0.02301	0.01259	0.00279	0.02116
22	0.00785	0.00752	0.01133	0.71991	0.02452	0.04721	0.01020	0.01086	0.05745	0.01060	0.02130	0.02588	0.02030	0.00436	0.00399	0.00131	0.00508	0.00381	0.00202	0.00448
23	0.00483	0.00345	0.00460	0.00552	0.00575	0.00322	0.00368	0.00552	0.00759	0.01012	0.02185	0.85807	0.02622	0.01242	0.00506	0.00161	0.00230	0.01127	0.00368	0.00322
24	0.01104	0.77413	0.01977	0.00715	0.01040	0.10302	0.00688	0.01229	0.00839	0.00937	0.00558	0.00644	0.00509	0.00347	0.00265	0.00087	0.00455	0.00217	0.00173	0.00504
25	0.00483	0.00345	0.00460	0.00552	0.00575	0.00322	0.00368	0.00552	0.00759	0.01012	0.02185	0.85807	0.02622	0.01242	0.00506	0.00161	0.00230	0.01127	0.00368	0.00322
26	0.01507	0.01111	0.01190	0.00912	0.01230	0.01230	0.00754	0.82270	0.01864	0.02499	0.00952	0.00952	0.00674	0.00476	0.00397	0.00119	0.00436	0.00357	0.00397	0.00674
27	0.00981	0.00942	0.01609	0.02434	0.83592	0.00942	0.01217	0.01217	0.00903	0.01295	0.00746	0.00981	0.00628	0.00353	0.00393	0.00118	0.00471	0.00353	0.00196	0.00628
28	0.01477	0.01074	0.01121	0.00872	0.01170	0.04905	0.00715	0.68720	0.01723	0.07444	0.00995	0.00998	0.00707	0.00473	0.00388	0.00117	0.00428	0.00356	0.05672	0.00646
29	0.10469	0.01290	0.01088	0.00892	0.01162	0.26061	0.00712	0.47832	0.01495	0.01943	0.00818	0.00862	0.00608	0.00444	0.00366	0.00114	0.00500	0.00312	0.02453	0.00578
30	0.00473	0.00396	0.00412	0.00420	0.00541	0.00335	0.00310	0.00573	0.00896	0.01081	0.06273	0.12226	0.72662	0.01023	0.00472	0.00136	0.00203	0.00863	0.00370	0.00335
31	0.01003	0.00860	0.00906	0.00810	0.01037	0.00994	0.00632	0.04642	0.80314	0.01685	0.01593	0.01463	0.01193	0.00536	0.00403	0.00134	0.00318	0.00445	0.00403	0.00629
32	0.00971	0.00930	0.01155	0.01073	0.09585	0.12369	0.11123	0.12178	0.04903	0.01432	0.19098	0.03093	0.02563	0.00618	0.01567	0.00137	0.11814	0.03780	0.01119	0.00491
33	0.00497	0.00368	0.00464	0.00513	0.00571	0.00335	0.00357	0.00596	0.00862	0.01143	0.19435	0.53239	0.17952	0.01108	0.00491	0.00148	0.00216	0.00988	0.00382	0.00335
34	0.00822	0.00705	0.00822	0.00587	0.00940	0.00529	0.00470	0.00998	0.00822	0.01292	0.00705	0.00822	0.00587	0.00294	0.00294	0.00059	0.00294	0.00235	0.00235	0.88490
35	0.07126	0.00885	0.01027	0.00793	0.01093	0.04897	0.08045	0.23088	0.05644	0.07585	0.01218	0.01244	0.09184	0.00458	0.00369	0.00105	0.00383	0.00374	0.00316	0.26169

[dist]
# distance from previous block
# <min> <max>
0	1

[block]
# block no. 3 follows, 68 sequences, length 65
# corresponding to MSA columns:
# 201-265
name=unknown_D
#
# <colnr> <probs for GDERKNQSTAVLIFYWHMCP>
#	G	D	E	R	K	N	Q	S	T	A	V	L	I	F	Y	W	H	M	C	P
0	0.01237	0.01061	0.01035	0.02874	0.01165	0.11000	0.00699	0.30400	0.41172	0.03203	0.01238	0.01189	0.00917	0.00496	0.00395	0.00125	0.00410	0.00390	0.00373	0.00620
1	0.00547	0.00403	0.00512	0.00492	0.00588	0.00368	0.00368	0.00718	0.01076	0.01494	0.68698	0.06499	0.13879	0.00857	0.00471	0.00128	0.00193	0.01917	0.00424	0.00367
2	0.00819	0.00831	0.04778	0.57206	0.26545	0.00901	0.01150	0.01083	0.00827	0.01106	0.00717	0.01026	0.00557	0.00383	0.00394	0.00128	0.00514	0.00350	0.00182	0.00502
3	0.00984	0.59585	0.24569	0.00876	0.04664	0.01365	0.00917	0.01207	0.00818	0.01037	0.00603	0.00706	0.00512	0.00350	0.00294	0.00097	0.00470	0.00240	0.00170	0.00535
4	0.00566	0.00360	0.00455	0.00516	0.00562	0.00339	0.00355	0.00665	0.00797	0.02918	0.05462	0.63490	0.02312	0.01051	0.00456	0.00145	0.00221	0.00942	0.18046	0.00341
5	0.00939	0.00814	0.00879	0.02647	0.02425	0.02546	0.00621	0.04707	0.60816	0.01603	0.10145	0.01668	0.04987	0.00580	0.00436	0.00133	0.02609	0.00480	0.00386	0.00577
6	0.00944	0.00964	0.01252	0.01059	0.01109	0.07643	0.04558	0.04042	0.02317	0.01041	0.00578	0.00880	0.00543	0.00644	0.01139	0.00163	0.70133	0.00348	0.00190	0.00453
7	0.00485	0.00347	0.00461	0.00549	0.00575	0.00323	0.00367	0.00557	0.00769	0.01026	0.03992	0.82771	0.03849	0.01229	0.00505	0.00160	0.00229	0.01114	0.00370	0.00323
8	0.00852	0.00781	0.07112	0.04915	0.02204	0.02341	0.02691	0.13148	0.14832	0.03192	0.35217	0.04545	0.04224	0.00651	0.00434	0.00128	0.00326	0.01541	0.00374	0.00493
9	0.00795	0.02051	0.84011	0.01130	0.01716	0.00921	0.01465	0.01256	0.00837	0.01256	0.00712	0.00837	0.00502	0.00377	0.00377	0.00126	0.00586	0.00293	0.00167	0.00586
10	0.00535	0.00368	0.00444	0.00482	0.00495	0.00357	0.00295	0.00566	0.00660	0.00877	0.01697	0.37736	0.03504	0.48646	0.01350	0.00285	0.00316	0.00814	0.00297	0.00277
11	0.00566	0.00425	0.00637	0.00637	0.00708	0.00496	0.00496	0.00708	0.00637	0.00920	0.01062	0.01558	0.00991	0.02974	0.84494	0.00637	0.01062	0.00425	0.00212	0.00354
12	0.00483	0.00346	0.00459	0.00549	0.00574	0.00322	0.00367	0.00552	0.00762	0.01013	0.02218	0.84352	0.04057	0.01238	0.00505	0.00161	0.00230	0.01122	0.00368	0.00322
13	0.00566	0.00425	0.00637	0.00637	0.00708	0.00496	0.00496	0.00708	0.00637	0.00920	0.01062	0.01558	0.00991	0.02974	0.84494	0.00637	0.01062	0.00425	0.00212	0.00354
14	0.75604	0.00819	0.00675	0.00581	0.00837	0.00941	0.00479	0.13478	0.00855	0.01888	0.00613	0.00691	0.00467	0.00384	0.00268	0.00122	0.00326	0.00236	0.00268	0.00467
15	0.01481	0.01890	0.01124	0.01021	0.01226	0.84474	0.00766	0.01583	0.01124	0.00970	0.00613	0.00715	0.00511	0.00409	0.00358	0.00102	0.00715	0.00255	0.00204	0.00460
16	0.00981	0.00942	0.01609	0.02434	0.83592	0.00942	0.01217	0.01217	0.00903	0.01295	0.00746	0.00981	0.00628	0.00353	0.00393	0.00118	0.00471	0.00353	0.00196	0.00628
17	0.00479	0.00360	0.00444	0.00512	0.00564	0.00325	0.00350	0.00557	0.00798	0.01028	0.02678	0.63764	0.24348	0.01178	0.00496	0.00154	0.00222	0.01049	0.00368	0.00325
18	0.09211	0.00590	0.00699	0.00603	0.00782	0.00590	0.00475	0.09144	0.06911	0.16930	0.45535	0.02125	0.02404	0.00684	0.01460	0.00131	0.00270	0.00553	0.00420	0.00482
19	0.01182	0.00907	0.01160	0.00928	0.01201	0.00977	0.12036	0.26131	0.32428	0.09849	0.03230	0.02472	0.01012	0.00564	0.02561	0.00141	0.00416	0.00433	0.01764	0.00612
20	0.00483	0.00345	0.00460	0.00552	0.00575	0.00322	0.00368	0.00552	0.00759	0.01012	0.02185	0.85807	0.02622	0.01242	0.00506	0.00161	0.00230	0.01127	0.00368	0.00322
21	0.00822	0.00705	0.00822	0.00587	0.00940	0.00529	0.00470	0.00998	0.00822	0.01292	0.00705	0.00822	0.00587	0.00294	0.00294	0.00059	0.00294	0.00235	0.00235	0.88490
22	0.01171	0.00883	0.01009	0.00772	0.01084	0.04353	0.03946	0.25069	0.06839	0.11599	0.03128	0.02252	0.00812	0.00421	0.00362	0.00097	0.00372	0.00341	0.00329	0.35160
23	0.00806	0.01975	0.77666	0.01172	0.01744	0.00927	0.07733	0.01257	0.00845	0.01257	0.00719	0.00855	0.00510	0.00373	0.00384	0.00126	0.00592	0.00307	0.00170	0.00582
24	0.00482	0.00399	0.00410	0.00411	0.00529	0.00340	0.00300	0.00576	0.00880	0.01063	0.06729	0.05099	0.71666	0.08632	0.00608	0.00156	0.00217	0.00814	0.00359	0.00328
25	0.88866	0.00767	0.00583	0.00521	0.00767	0.00889	0.00429	0.01166	0.00675	0.01779	0.00552	0.00644	0.00429	0.00368	0.00245	0.00123	0.00307	0.00215	0.00245	0.00429
26	0.00743	0.00445	0.00532	0.00498	0.00593	0.00478	0.02263	0.03366	0.00816	0.01369	0.01191	0.01459	0.00975	0.03008	0.13685	0.00192	0.05117	0.00384	0.62505	0.00381
27	0.00486	0.00348	0.00463	0.00550	0.00576	0.00324	0.00368	0.00560	0.00774	0.01036	0.05582	0.82342	0.02669	0.01224	0.00504	0.00160	0.00228	0.01110	0.00371	0.00324
28	0.01943	0.00660	0.00763	0.00670	0.00856	0.00698	0.00524	0.05736	0.31749	0.12835	0.30715	0.02055	0.06109	0.00649	0.00445	0.00129	0.01972	0.00547	0.00419	0.00526
29	0.02989	0.01701	0.02989	0.01026	0.01257	0.64528	0.04601	0.11281	0.01174	0.01189	0.00670	0.00778	0.00541	0.00458	0.01772	0.00116	0.01931	0.00282	0.00227	0.00489
30	0.00483	0.00346	0.00459	0.00550	0.00574	0.00322	0.00367	0.00552	0.00761	0.01013	0.02215	0.84458	0.03952	0.01238	0.00505	0.00161	0.00230	0.01122	0.00368	0.00322
31	0.00945	0.01147	0.12093	0.08628	0.18555	0.04720	0.33375	0.02743	0.05899	0.01264	0.00797	0.01015	0.00618	0.00390	0.00479	0.00130	0.06052	0.00392	0.00208	0.00551
32	0.00958	0.00838	0.00875	0.00810	0.02633	0.04871	0.01599	0.01864	0.64293	0.01583	0.05901	0.01590	0.02351	0.00551	0.00401	0.00130	0.00325	0.01897	0.05949	0.00580
33	0.00483	0.00345	0.00460	0.00552	0.00575	0.00322	0.00368	0.00552	0.00759	0.01012	0.02185	0.85807	0.02622	0.01242	0.00506	0.00161	0.00230	0.01127	0.00368	0.00322
34	0.07344	0.00681	0.00899	0.00694	0.00996	0.00602	0.00573	0.01883	0.01105	0.78621	0.01500	0.01304	0.00946	0.00483	0.00389	0.00123	0.00335	0.00387	0.00475	0.00659
35	0.00483	0.00345	0.00460	0.00552	0.00575	0.00322	0.00368	0.00552	0.00759	0.01012	0.02185	0.85807	0.02622	0.01242	0.00506	0.00161	0.00230	0.01127	0.00368	0.00322
36	0.01508	0.01417	0.01151	0.00949	0.01219	0.35925	0.00752	0.45254	0.01525	0.05265	0.00836	0.00870	0.00619	0.00448	0.00380	0.00112	0.00548	0.00316	0.00320	0.00585
37	0.00795	0.02051	0.84011	0.01130	0.01716	0.00921	0.01465	0.01256	0.00837	0.01256	0.00712	0.00837	0.00502	0.00377	0.00377	0.00126	0.00586	0.00293	0.00167	0.00586
38	0.01481	0.01890	0.01124	0.01021	0.01226	0.84474	0.00766	0.01583	0.01124	0.00970	0.00613	0.00715	0.00511	0.00409	0.00358	0.00102	0.00715	0.00255	0.00204	0.00460
39	0.01469	0.01085	0.01222	0.00933	0.01249	0.01189	0.04571	0.75316	0.01786	0.03833	0.00963	0.00976	0.00684	0.00469	0.00397	0.00119	0.00440	0.00363	0.02275	0.00661
40	0.00483	0.00346	0.00459	0.00549	0.00574	0.00322	0.00367	0.00552	0.00762	0.01013	0.02218	0.84347	0.04061	0.01238	0.00505	0.00161	0.00230	0.01122	0.00368	0.00322
41	0.02416	0.00899	0.00902	0.00812	0.01036	0.04913	0.00631	0.02067	0.77714	0.01628	0.01550	0.01430	0.01165	0.00529	0.00399	0.00133	0.00333	0.00435	0.00392	0.00617
42	0.01495	0.01115	0.01164	0.00901	0.01209	0.04287	0.00740	0.75944	0.01800	0.04019	0.00959	0.00962	0.00682	0.00473	0.00393	0.00118	0.00439	0.00354	0.02287	0.00660
43	0.00483	0.00345	0.00460	0.00552	0.00575	0.00322	0.00368	0.00552	0.00759	0.01012	0.02185	0.85807	0.02622	0.01242	0.00506	0.00161	0.00230	0.01127	0.00368	0.00322
44	0.00822	0.00705	0.00822	0.00587	0.00940	0.00529	0.00470	0.00998	0.00822	0.01292	0.00705	0.00822	0.00587	0.00294	0.00294	0.00059	0.00294	0.00235	0.00235	0.88490
45	0.01058	0.50626	0.20554	0.00848	0.01220	0.13060	0.02013	0.03032	0.00880	0.01051	0.00618	0.00723	0.00521	0.00408	0.01816	0.00108	0.00517	0.00247	0.00180	0.00521
46	0.01362	0.01002	0.01082	0.00864	0.01154	0.01107	0.00702	0.52697	0.25283	0.07357	0.01178	0.01128	0.00848	0.00492	0.00397	0.00123	0.00392	0.00384	0.00402	0.02047
47	0.00485	0.00346	0.00460	0.00550	0.00573	0.00323	0.00366	0.00553	0.00756	0.01008	0.02169	0.84315	0.02601	0.02763	0.00533	0.00165	0.00233	0.01117	0.00366	0.00321
48	0.01120	0.01186	0.26678	0.01048	0.02352	0.00808	0.17637	0.08403	0.01054	0.23390	0.08405	0.01333	0.02637	0.00468	0.00416	0.00127	0.00476	0.01571	0.00311	0.00580
49	0.06130	0.01632	0.01095	0.00972	0.01182	0.62009	0.00748	0.12813	0.01173	0.01233	0.00693	0.00855	0.00578	0.00448	0.00408	0.00111	0.04713	0.02487	0.00236	0.00484
50	0.00514	0.00348	0.00449	0.00530	0.00561	0.00328	0.00357	0.00597	0.00768	0.01069	0.02077	0.75536	0.02427	0.01147	0.00478	0.00153	0.00225	0.01035	0.11074	0.00328
51	0.00959	0.00920	0.01490	0.15554	0.54765	0.02374	0.05421	0.02589	0.09521	0.01300	0.00834	0.01046	0.00670	0.00382	0.00398	0.00122	0.00478	0.00368	0.00218	0.00591
52	0.01174	0.00974	0.01362	0.02317	0.05208	0.04123	0.20451	0.34957	0.01295	0.04683	0.00993	0.05278	0.00797	0.00516	0.01393	0.00132	0.04941	0.01426	0.07415	0.00565
53	0.00482	0.00348	0.00457	0.00545	0.00573	0.00323	0.00365	0.00553	0.00766	0.01015	0.02268	0.82088	0.06288	0.01231	0.00504	0.00160	0.00229	0.01114	0.00368	0.00323
54	0.00907	0.00869	0.01490	0.28569	0.56546	0.00924	0.02642	0.01153	0.00869	0.01206	0.00734	0.01007	0.00596	0.00367	0.00395	0.00123	0.00493	0.00355	0.00190	0.00567
55	0.00559	0.00404	0.00528	0.00500	0.00592	0.00373	0.00374	0.00744	0.01114	0.01577	0.81591	0.04791	0.03716	0.00820	0.00468	0.00126	0.00188	0.00726	0.00435	0.00373
56	0.00483	0.00345	0.00460	0.00552	0.00575	0.00322	0.00368	0.00552	0.00759	0.01012	0.02185	0.85807	0.02622	0.01242	0.00506	0.00161	0.00230	0.01127	0.00368	0.00322
57	0.01060	0.86304	0.02078	0.00678	0.01018	0.01569	0.00678	0.01187	0.00806	0.00933	0.00551	0.00636	0.00509	0.00339	0.00254	0.00085	0.00424	0.00212	0.00170	0.00509
58	0.00483	0.00345	0.00460	0.00552	0.00575	0.00322	0.00368	0.00552	0.00759	0.01012	0.02185	0.85807	0.02622	0.01242	0.00506	0.00161	0.00230	0.01127	0.00368	0.00322
59	0.00749	0.00705	0.01189	0.85113	0.02731	0.00881	0.01101	0.01013	0.00793	0.01013	0.00705	0.01057	0.00529	0.00396	0.00396	0.00132	0.00529	0.00352	0.00176	0.00440
60	0.00867	0.00867	0.01214	0.01041	0.01041	0.01214	0.00867	0.00954	0.00607	0.00954	0.00520	0.00867	0.00520	0.00694	0.01301	0.00173	0.85340	0.00347	0.00173	0.00434
61	0.01481	0.01890	0.01124	0.01021	0.01226	0.84474	0.00766	0.01583	0.01124	0.00970	0.00613	0.00715	0.00511	0.00409	0.00358	0.00102	0.00715	0.00255	0.00204	0.00460
62	0.00981	0.00942	0.01609	0.02434	0.83592	0.00942	0.01217	0.01217	0.00903	0.01295	0.00746	0.00981	0.00628	0.00353	0.00393	0.00118	0.00471	0.00353	0.00196	0.00628
63	0.00483	0.00345	0.00460	0.00552	0.00575	0.00322	0.00368	0.00552	0.00759	0.01012	0.02185	0.85807	0.02622	0.01242	0.00506	0.00161	0.00230	0.01127	0.00368	0.00322
64	0.05597	0.01447	0.01081	0.00947	0.02774	0.46716	0.00723	0.19751	0.03026	0.11472	0.00885	0.00917	0.02038	0.00444	0.00370	0.00111	0.00565	0.00310	0.00291	0.00538

[dist]
# distance from previous block
# <min> <max>
0	1

[block]
# block no. 4 follows, 68 sequences, length 9
# corresponding to MSA columns:
# 267-275
name=unknown_E
#
# <colnr> <probs for GDERKNQSTAVLIFYWHMCP>
#	G	D	E	R	K	N	Q	S	T	A	V	L	I	F	Y	W	H	M	C	P
0	0.00893	0.36413	0.46851	0.00918	0.01381	0.01162	0.01095	0.01205	0.00837	0.01138	0.04284	0.00848	0.00647	0.00380	0.00331	0.00109	0.00502	0.00279	0.00180	0.00545
1	0.00475	0.00398	0.00412	0.00416	0.00541	0.00336	0.00309	0.00578	0.00907	0.01096	0.08264	0.08673	0.74223	0.01008	0.00471	0.00135	0.00202	0.00848	0.00372	0.00336
2	0.00822	0.00705	0.00822	0.00587	0.00940	0.00529	0.00470	0.00998	0.00822	0.01292	0.00705	0.00822	0.00587	0.00294	0.00294	0.00059	0.00294	0.00235	0.00235	0.88490
3	0.01030	0.49270	0.19211	0.00808	0.01186	0.01239	0.02791	0.04665	0.00886	0.06010	0.00752	0.00943	0.00636	0.00397	0.00316	0.00102	0.00450	0.04244	0.00211	0.04851
4	0.00664	0.00452	0.00580	0.00528	0.00643	0.00425	0.00402	0.04694	0.01158	0.05558	0.75548	0.02789	0.03463	0.00779	0.00461	0.00124	0.00206	0.00685	0.00437	0.00403
5	0.00534	0.00404	0.00492	0.00470	0.00576	0.00362	0.00353	0.00695	0.01058	0.01437	0.59922	0.03214	0.27298	0.00868	0.00468	0.00127	0.00191	0.00752	0.00416	0.00362
6	0.00567	0.00422	0.00624	0.00624	0.00690	0.00488	0.00479	0.00700	0.00633	0.00911	0.01074	0.01624	0.01020	0.08296	0.79211	0.00621	0.01019	0.00435	0.00214	0.00347
7	0.00980	0.00981	0.03455	0.12406	0.62633	0.04282	0.03057	0.03125	0.02899	0.01283	0.00762	0.00990	0.00623	0.00368	0.00393	0.00120	0.00491	0.00353	0.00203	0.00596
8	0.00483	0.00345	0.00460	0.00552	0.00575	0.00322	0.00368	0.00552	0.00759	0.01012	0.02185	0.85807	0.02622	0.01242	0.00506	0.00161	0.00230	0.01127	0.00368	0.00322

[dist]
# distance from previous block
# <min> <max>
0	1

[block]
# block no. 5 follows, 68 sequences, length 131
# corresponding to MSA columns:
# 277-293,295-394,402-415
name=unknown_F
#
# <colnr> <probs for GDERKNQSTAVLIFYWHMCP>
#	G	D	E	R	K	N	Q	S	T	A	V	L	I	F	Y	W	H	M	C	P
0	0.01439	0.01120	0.01143	0.00903	0.01200	0.06494	0.00735	0.65425	0.12661	0.03265	0.01026	0.01012	0.00739	0.00480	0.00395	0.00120	0.00436	0.00363	0.00386	0.00654
1	0.00483	0.00345	0.00460	0.00552	0.00575	0.00322	0.00368	0.00552	0.00759	0.01012	0.02185	0.85807	0.02622	0.01242	0.00506	0.00161	0.00230	0.01127	0.00368	0.00322
2	0.00992	0.00851	0.00968	0.00973	0.09880	0.00964	0.00685	0.03179	0.69681	0.02611	0.03715	0.01456	0.01205	0.00524	0.00404	0.00132	0.00329	0.00443	0.00383	0.00622
3	0.00963	0.00831	0.00874	0.00788	0.01008	0.00956	0.00613	0.02037	0.79138	0.01632	0.01723	0.01586	0.04960	0.00559	0.00406	0.00134	0.00309	0.00466	0.00402	0.00614
4	0.00483	0.00345	0.00460	0.00552	0.00575	0.00322	0.00368	0.00552	0.00759	0.01012	0.02185	0.85807	0.02622	0.01242	0.00506	0.00161	0.00230	0.01127	0.00368	0.00322
5	0.00571	0.00398	0.00508	0.00510	0.00536	0.00424	0.00336	0.00624	0.00602	0.00829	0.01198	0.03774	0.01299	0.54038	0.32202	0.00473	0.00630	0.00531	0.00232	0.00283
6	0.00483	0.00346	0.00459	0.00549	0.00574	0.00322	0.00367	0.00552	0.00762	0.01013	0.02220	0.84270	0.04137	0.01238	0.00505	0.00161	0.00229	0.01122	0.00368	0.00322
7	0.00749	0.00705	0.01189	0.85113	0.02731	0.00881	0.01101	0.01013	0.00793	0.01013	0.00705	0.01057	0.00529	0.00396	0.00396	0.00132	0.00529	0.00352	0.00176	0.00440
8	0.00577	0.00384	0.00432	0.00432	0.00432	0.00384	0.00240	0.00577	0.00577	0.00769	0.01249	0.02595	0.01441	0.86066	0.02018	0.00384	0.00384	0.00577	0.00240	0.00240
9	0.01481	0.01890	0.01124	0.01021	0.01226	0.84474	0.00766	0.01583	0.01124	0.00970	0.00613	0.00715	0.00511	0.00409	0.00358	0.00102	0.00715	0.00255	0.00204	0.00460
10	0.00749	0.00705	0.01189	0.85113	0.02731	0.00881	0.01101	0.01013	0.00793	0.01013	0.00705	0.01057	0.00529	0.00396	0.00396	0.00132	0.00529	0.00352	0.00176	0.00440
11	0.00490	0.00403	0.00431	0.00424	0.00549	0.00344	0.00318	0.00611	0.00954	0.01192	0.22445	0.03617	0.64927	0.00959	0.00468	0.00132	0.00198	0.00809	0.00384	0.00344
12	0.00838	0.00786	0.01282	0.47023	0.30095	0.00890	0.01074	0.01156	0.07401	0.01170	0.02034	0.01155	0.02575	0.00413	0.00398	0.00127	0.00479	0.00377	0.00209	0.00516
13	0.00808	0.00615	0.00716	0.00662	0.00790	0.05914	0.00513	0.04266	0.10096	0.07718	0.24785	0.04186	0.01796	0.01497	0.30563	0.00309	0.02578	0.00513	0.01240	0.00436
14	0.00563	0.00406	0.00533	0.00504	0.00598	0.00376	0.00380	0.00750	0.01117	0.01581	0.81508	0.02997	0.03707	0.00817	0.00469	0.00126	0.00191	0.02567	0.00435	0.00374
15	0.35085	0.09020	0.00998	0.00753	0.02680	0.06090	0.00611	0.18628	0.01025	0.11332	0.00777	0.00840	0.00584	0.00435	0.00397	0.00121	0.07626	0.00286	0.02188	0.00523
16	0.01048	0.53597	0.13930	0.00761	0.01117	0.08460	0.00769	0.01225	0.00849	0.04096	0.00685	0.00786	0.01569	0.01772	0.00322	0.00097	0.00455	0.00250	0.00193	0.08018
17	0.12852	0.31795	0.22057	0.00856	0.01213	0.20415	0.00864	0.03772	0.00902	0.01183	0.00618	0.00715	0.00502	0.00373	0.00312	0.00105	0.00516	0.00247	0.00194	0.00511
18	0.00471	0.00394	0.00409	0.00422	0.00541	0.00333	0.00310	0.00567	0.00884	0.01063	0.03772	0.14745	0.72659	0.01036	0.00474	0.00138	0.00205	0.00875	0.00368	0.00333
19	0.00962	0.00815	0.02717	0.46521	0.09456	0.00887	0.10528	0.09359	0.00961	0.08728	0.00849	0.01083	0.00623	0.00404	0.00399	0.00127	0.00499	0.00370	0.04200	0.00512
20	0.01277	0.01522	0.01157	0.02514	0.04985	0.57031	0.05468	0.04407	0.02425	0.01062	0.00715	0.00903	0.00607	0.02588	0.08466	0.00166	0.03718	0.00307	0.00214	0.00466
21	0.00483	0.00345	0.00460	0.00552	0.00575	0.00322	0.00368	0.00552	0.00759	0.01012	0.02185	0.85807	0.02622	0.01242	0.00506	0.00161	0.00230	0.01127	0.00368	0.00322
22	0.01011	0.00940	0.04854	0.02432	0.03032	0.04266	0.00686	0.10627	0.56600	0.01664	0.06171	0.01488	0.03383	0.00539	0.00405	0.00130	0.00353	0.00445	0.00375	0.00598
23	0.01434	0.01653	0.01149	0.01089	0.07039	0.63397	0.00785	0.11481	0.01186	0.03287	0.00699	0.00795	0.00560	0.00420	0.00379	0.00107	0.01952	0.00282	0.01805	0.00501
24	0.00483	0.00345	0.00460	0.00552	0.00575	0.00322	0.00368	0.00552	0.00759	0.01012	0.02185	0.85807	0.02622	0.01242	0.00506	0.00161	0.00230	0.01127	0.00368	0.00322
25	0.01034	0.00850	0.00906	0.00800	0.01029	0.00970	0.00626	0.08880	0.70258	0.03944	0.05062	0.01494	0.01267	0.00543	0.00405	0.00132	0.00319	0.00451	0.00407	0.00622
26	0.00663	0.00481	0.00653	0.00729	0.00830	0.00487	0.00633	0.02207	0.04117	0.01224	0.02104	0.04284	0.04000	0.01061	0.00538	0.00179	0.00361	0.74703	0.00367	0.00380
27	0.00485	0.00346	0.00459	0.00549	0.00571	0.00324	0.00365	0.00553	0.00754	0.01006	0.02162	0.83702	0.02593	0.03388	0.00544	0.00167	0.00234	0.01113	0.00365	0.00320
28	0.01507	0.01111	0.01190	0.00912	0.01230	0.01230	0.00754	0.82270	0.01864	0.02499	0.00952	0.00952	0.00674	0.00476	0.00397	0.00119	0.00436	0.00357	0.00397	0.00674
29	0.00496	0.00353	0.00472	0.00562	0.00589	0.00332	0.00384	0.00571	0.00766	0.01019	0.02160	0.78582	0.02575	0.02991	0.00540	0.00167	0.00242	0.06512	0.00365	0.00323
30	0.00749	0.00705	0.01189	0.85113	0.02731	0.00881	0.01101	0.01013	0.00793	0.01013	0.00705	0.01057	0.00529	0.00396	0.00396	0.00132	0.00529	0.00352	0.00176	0.00440
31	0.00823	0.10739	0.75563	0.01084	0.01644	0.00988	0.01384	0.01249	0.00834	0.01222	0.00695	0.00816	0.00503	0.00373	0.00364	0.00121	0.00569	0.00285	0.00168	0.00578
32	0.01481	0.01890	0.01124	0.01021	0.01226	0.84474	0.00766	0.01583	0.01124	0.00970	0.00613	0.00715	0.00511	0.00409	0.00358	0.00102	0.00715	0.00255	0.00204	0.00460
33	0.00981	0.00942	0.01609	0.02434	0.83592	0.00942	0.01217	0.01217	0.00903	0.01295	0.00746	0.00981	0.00628	0.00353	0.00393	0.00118	0.00471	0.00353	0.00196	0.00628
34	0.00469	0.00402	0.00402	0.00402	0.00536	0.00335	0.00301	0.00569	0.00904	0.01071	0.04017	0.03816	0.83432	0.01004	0.00469	0.00134	0.00201	0.00837	0.00368	0.00335
35	0.00907	0.00868	0.01466	0.26825	0.55703	0.00937	0.01166	0.01144	0.00856	0.01195	0.00723	0.00998	0.00593	0.00382	0.00437	0.00125	0.04568	0.00353	0.00189	0.00563
36	0.00850	0.01949	0.76000	0.01103	0.01659	0.00938	0.01390	0.07848	0.00925	0.01362	0.01983	0.00879	0.00565	0.00391	0.00380	0.00125	0.00568	0.00305	0.00190	0.00590
37	0.00483	0.00345	0.00460	0.00552	0.00575	0.00322	0.00368	0.00552	0.00759	0.01012	0.02185	0.85807	0.02622	0.01242	0.00506	0.00161	0.00230	0.01127	0.00368	0.00322
38	0.11232	0.00769	0.00846	0.00626	0.00960	0.00670	0.00505	0.12516	0.00952	0.01520	0.00722	0.00820	0.00581	0.00328	0.00303	0.00075	0.00315	0.00250	0.00259	0.65752
39	0.01439	0.03187	0.01014	0.04725	0.01132	0.00788	0.00632	0.23677	0.01252	0.38814	0.02658	0.01140	0.00841	0.00448	0.00376	0.00109	0.00365	0.00356	0.00394	0.16650
40	0.61215	0.00848	0.07756	0.00606	0.00884	0.00821	0.00543	0.02433	0.00796	0.15724	0.02270	0.00851	0.00610	0.00402	0.00290	0.00122	0.00332	0.00268	0.02744	0.00485
41	0.00477	0.00401	0.00415	0.00420	0.00546	0.00339	0.00315	0.00581	0.00906	0.01092	0.07035	0.07537	0.74674	0.01009	0.00472	0.00136	0.00205	0.02733	0.00371	0.00336
42	0.88866	0.00767	0.00583	0.00521	0.00767	0.00889	0.00429	0.01166	0.00675	0.01779	0.00552	0.00644	0.00429	0.00368	0.00245	0.00123	0.00307	0.00215	0.00245	0.00429
43	0.01056	0.04881	0.15320	0.04363	0.31943	0.08277	0.03817	0.01288	0.00898	0.10874	0.00825	0.01002	0.00647	0.01823	0.00486	0.00126	0.07920	0.00341	0.03548	0.00564
44	0.00486	0.00346	0.00459	0.00549	0.00571	0.00324	0.00365	0.00553	0.00754	0.01006	0.02160	0.83563	0.02591	0.03530	0.00547	0.00167	0.00234	0.01112	0.00365	0.00320
45	0.00656	0.02026	0.00696	0.02165	0.07769	0.00531	0.00491	0.00964	0.12359	0.01482	0.51561	0.04839	0.11414	0.00751	0.00449	0.00127	0.00241	0.00657	0.00393	0.00429
46	0.01406	0.01750	0.01115	0.01048	0.04179	0.74417	0.00768	0.01516	0.01081	0.01002	0.00641	0.00762	0.00535	0.00421	0.00397	0.00105	0.04432	0.00268	0.03696	0.00461
47	0.00485	0.00347	0.00463	0.00555	0.00579	0.00324	0.00372	0.00556	0.00761	0.01015	0.02184	0.84588	0.02617	0.01240	0.00507	0.00161	0.00232	0.02324	0.00368	0.00323
48	0.02905	0.04596	0.00677	0.00581	0.00725	0.00609	0.00448	0.01070	0.22146	0.01371	0.25075	0.10024	0.24363	0.00795	0.00462	0.00132	0.02538	0.00670	0.00379	0.00434
49	0.00958	0.00828	0.00878	0.02209	0.01036	0.00954	0.00620	0.02016	0.77618	0.01620	0.01712	0.01583	0.05085	0.00558	0.00406	0.00134	0.00312	0.00465	0.00398	0.00611
50	0.00544	0.00371	0.00442	0.00474	0.00481	0.00363	0.00284	0.00568	0.00639	0.00852	0.01571	0.31163	0.01847	0.56944	0.01499	0.00308	0.00331	0.00766	0.00284	0.00268
51	0.01060	0.86304	0.02078	0.00678	0.01018	0.01569	0.00678	0.01187	0.00806	0.00933	0.00551	0.00636	0.00509	0.00339	0.00254	0.00085	0.00424	0.00212	0.00170	0.00509
52	0.00542	0.00399	0.00507	0.00492	0.00584	0.00364	0.00364	0.00707	0.01061	0.01470	0.65734	0.10830	0.13720	0.00875	0.00471	0.00129	0.00193	0.00771	0.00421	0.00364
53	0.01536	0.01064	0.01161	0.00890	0.01206	0.01160	0.00735	0.73651	0.01786	0.11229	0.01018	0.00995	0.00707	0.00478	0.00397	0.00119	0.00426	0.00361	0.00407	0.00674
54	0.00867	0.00867	0.01214	0.01041	0.01041	0.01214	0.00867	0.00954	0.00607	0.00954	0.00520	0.00867	0.00520	0.00694	0.01301	0.00173	0.85340	0.00347	0.00173	0.00434
55	0.01481	0.01890	0.01124	0.01021	0.01226	0.84474	0.00766	0.01583	0.01124	0.00970	0.00613	0.00715	0.00511	0.00409	0.00358	0.00102	0.00715	0.00255	0.00204	0.00460
56	0.00870	0.00875	0.01256	0.01064	0.01079	0.01207	0.03906	0.00966	0.00620	0.00966	0.00531	0.00875	0.00524	0.00681	0.01270	0.00172	0.82175	0.00352	0.00175	0.00438
57	0.00483	0.00345	0.00460	0.00552	0.00575	0.00322	0.00368	0.00552	0.00759	0.01012	0.02185	0.85807	0.02622	0.01242	0.00506	0.00161	0.00230	0.01127	0.00368	0.00322
58	0.00804	0.04231	0.75870	0.01163	0.05605	0.00925	0.01404	0.01236	0.00841	0.01245	0.00787	0.00909	0.02463	0.00389	0.00376	0.00124	0.00567	0.00307	0.00174	0.00580
59	0.00855	0.00903	0.04957	0.02999	0.01094	0.01158	0.00876	0.02106	0.00652	0.00996	0.00678	0.00989	0.03811	0.00682	0.01192	0.00168	0.74895	0.00364	0.00184	0.00440
60	0.00483	0.00346	0.00459	0.00549	0.00574	0.00322	0.00366	0.00552	0.00763	0.01014	0.02228	0.83875	0.04527	0.01237	0.00505	0.00160	0.00229	0.01120	0.00368	0.00322
61	0.00822	0.00705	0.00822	0.00587	0.00940	0.00529	0.00470	0.00998	0.00822	0.01292	0.00705	0.00822	0.00587	0.00294	0.00294	0.00059	0.00294	0.00235	0.00235	0.88490
62	0.00859	0.04170	0.47790	0.02051	0.09583	0.00867	0.10641	0.01217	0.00889	0.05287	0.05889	0.01203	0.02872	0.00434	0.00397	0.00125	0.00521	0.02606	0.00218	0.02382
63	0.00856	0.07669	0.73551	0.02340	0.01653	0.00949	0.01367	0.01277	0.00847	0.04885	0.00738	0.00849	0.00524	0.00380	0.00370	0.00123	0.00563	0.00293	0.00182	0.00582
64	0.00469	0.00401	0.00403	0.00404	0.00536	0.00334	0.00302	0.00569	0.00901	0.01070	0.03985	0.05226	0.82041	0.01008	0.00469	0.00134	0.00201	0.00842	0.00368	0.00334
65	0.86834	0.00758	0.00578	0.00518	0.00760	0.00877	0.00426	0.01160	0.00678	0.01772	0.00569	0.00663	0.00443	0.00370	0.00246	0.00122	0.00304	0.00218	0.02276	0.00428
66	0.01238	0.01481	0.01179	0.01127	0.08146	0.54526	0.06969	0.01371	0.01005	0.01030	0.00757	0.02875	0.00676	0.02856	0.04104	0.00144	0.05556	0.02330	0.02170	0.00460
67	0.00739	0.00370	0.00370	0.00370	0.00462	0.00370	0.00277	0.00924	0.00831	0.01478	0.01293	0.01478	0.01016	0.00462	0.00277	0.00092	0.00185	0.00370	0.88267	0.00370
68	0.00645	0.01362	0.00623	0.00615	0.04568	0.00479	0.00437	0.00920	0.10329	0.03410	0.51352	0.04213	0.17946	0.00789	0.00454	0.00127	0.00224	0.00686	0.00406	0.00415
69	0.01169	0.02352	0.01583	0.01252	0.01529	0.40128	0.33947	0.01400	0.03185	0.01129	0.00843	0.01199	0.00717	0.00439	0.00419	0.00123	0.00652	0.07226	0.00221	0.00487
70	0.00482	0.00347	0.00458	0.00546	0.00574	0.00323	0.00365	0.00553	0.00765	0.01014	0.02258	0.82554	0.05828	0.01233	0.00505	0.00160	0.00229	0.01116	0.00368	0.00323
71	0.01381	0.01043	0.01103	0.00871	0.01154	0.03200	0.00709	0.68142	0.05645	0.02296	0.04803	0.05787	0.00944	0.00535	0.00405	0.00122	0.00414	0.00418	0.00392	0.00633
72	0.01170	0.00826	0.00913	0.00790	0.01035	0.00913	0.00623	0.05271	0.62815	0.18615	0.01577	0.01432	0.01142	0.00526	0.00402	0.00131	0.00324	0.00434	0.00421	0.00639
73	0.00483	0.00345	0.00460	0.00552	0.00575	0.00322	0.00368	0.00552	0.00759	0.01012	0.02185	0.85807	0.02622	0.01242	0.00506	0.00161	0.00230	0.01127	0.00368	0.00322
74	0.01060	0.86304	0.02078	0.00678	0.01018	0.01569	0.00678	0.01187	0.00806	0.00933	0.00551	0.00636	0.00509	0.00339	0.00254	0.00085	0.00424	0.00212	0.00170	0.00509
75	0.00485	0.00346	0.00462	0.00551	0.00575	0.00323	0.00368	0.00556	0.00767	0.01024	0.03869	0.84089	0.02646	0.01233	0.00505	0.00160	0.00229	0.01119	0.00369	0.00323
76	0.00936	0.01070	0.02340	0.01671	0.02072	0.01003	0.82152	0.01270	0.00936	0.01270	0.00802	0.01070	0.00602	0.00334	0.00468	0.00134	0.00668	0.00468	0.00201	0.00535
77	0.00867	0.00867	0.01214	0.01041	0.01041	0.01214	0.00867	0.00954	0.00607	0.00954	0.00520	0.00867	0.00520	0.00694	0.01301	0.00173	0.85340	0.00347	0.00173	0.00434
78	0.01481	0.01890	0.01124	0.01021	0.01226	0.84474	0.00766	0.01583	0.01124	0.00970	0.00613	0.00715	0.00511	0.00409	0.00358	0.00102	0.00715	0.00255	0.00204	0.00460
79	0.00846	0.18305	0.68204	0.01043	0.01581	0.01046	0.01313	0.01242	0.00831	0.01193	0.00681	0.00798	0.00504	0.00369	0.00353	0.00118	0.00555	0.00277	0.00168	0.00571
80	0.00483	0.00345	0.00460	0.00552	0.00575	0.00322	0.00368	0.00552	0.00759	0.01012	0.02185	0.85807	0.02622	0.01242	0.00506	0.00161	0.00230	0.01127	0.00368	0.00322
81	0.00544	0.00402	0.00542	0.00582	0.00638	0.00381	0.02416	0.03713	0.00860	0.01156	0.13275	0.66557	0.05180	0.01124	0.00495	0.00153	0.00242	0.01016	0.00374	0.00348
82	0.01095	0.76648	0.01961	0.00708	0.01032	0.08616	0.00683	0.02363	0.00852	0.00968	0.01768	0.00681	0.00558	0.00354	0.00268	0.00087	0.00446	0.00225	0.00180	0.00505
83	0.00471	0.00399	0.00407	0.00410	0.00538	0.00335	0.00306	0.00571	0.00901	0.01078	0.05349	0.07540	0.78324	0.01012	0.00470	0.00135	0.00202	0.00848	0.00369	0.00335
84	0.00822	0.00705	0.00822	0.00587	0.00940	0.00529	0.00470	0.00998	0.00822	0.01292	0.00705	0.00822	0.00587	0.00294	0.00294	0.00059	0.00294	0.00235	0.00235	0.88490
85	0.00888	0.31632	0.55244	0.00972	0.01471	0.01148	0.01189	0.01232	0.00826	0.01142	0.00655	0.00767	0.00505	0.00364	0.00334	0.00111	0.00529	0.00265	0.00168	0.00559
86	0.01191	0.00954	0.01002	0.00847	0.01102	0.02976	0.00679	0.32636	0.45300	0.02974	0.01360	0.01395	0.01036	0.00536	0.00406	0.00130	0.00372	0.04078	0.00396	0.00630
87	0.00470	0.00397	0.00407	0.00414	0.00539	0.00334	0.00307	0.00568	0.00891	0.01066	0.03860	0.10808	0.76540	0.01024	0.00472	0.00136	0.00203	0.00862	0.00368	0.00334
88	0.88866	0.00767	0.00583	0.00521	0.00767	0.00889	0.00429	0.01166	0.00675	0.01779	0.00552	0.00644	0.00429	0.00368	0.00245	0.00123	0.00307	0.00215	0.00245	0.00429
89	0.01409	0.01850	0.06073	0.01964	0.01293	0.75185	0.03170	0.01541	0.01091	0.00996	0.00624	0.00738	0.00513	0.00408	0.00374	0.00106	0.01728	0.00266	0.00201	0.00469
90	0.00483	0.00346	0.00459	0.00548	0.00574	0.00322	0.00366	0.00553	0.00763	0.01014	0.02232	0.83733	0.04667	0.01236	0.00505	0.00160	0.00229	0.01120	0.00368	0.00322
91	0.00835	0.00761	0.01334	0.02185	0.11517	0.00732	0.28576	0.02374	0.07330	0.05059	0.23329	0.01925	0.11122	0.00567	0.00449	0.00129	0.00414	0.00555	0.00314	0.00495
92	0.01308	0.03228	0.01223	0.00964	0.01212	0.21845	0.12589	0.17896	0.01168	0.18231	0.01068	0.09577	0.00884	0.02054	0.00481	0.00129	0.04853	0.00434	0.00316	0.00540
93	0.00496	0.00357	0.00471	0.00548	0.00585	0.00333	0.00377	0.00581	0.00804	0.01074	0.09695	0.71584	0.06071	0.01187	0.00503	0.00157	0.00230	0.04243	0.00374	0.00329
94	0.00973	0.00790	0.00878	0.00781	0.00990	0.03196	0.02963	0.03668	0.53544	0.06829	0.11224	0.01869	0.03941	0.00607	0.00423	0.00134	0.00325	0.05897	0.00398	0.00568
95	0.00749	0.00705	0.01189	0.85113	0.02731	0.00881	0.01101	0.01013	0.00793	0.01013	0.00705	0.01057	0.00529	0.00396	0.00396	0.00132	0.00529	0.00352	0.00176	0.00440
96	0.00483	0.00346	0.00459	0.00550	0.00575	0.00322	0.00367	0.00552	0.00761	0.01013	0.02209	0.84727	0.03686	0.01239	0.00506	0.00161	0.00230	0.01123	0.00368	0.00322
97	0.79898	0.00799	0.02041	0.04405	0.00891	0.00903	0.00490	0.04378	0.00730	0.01764	0.00578	0.00678	0.00445	0.00374	0.00260	0.00123	0.00327	0.00228	0.00247	0.00442
98	0.00484	0.00350	0.00459	0.00546	0.00576	0.00325	0.00368	0.00557	0.00770	0.01018	0.02295	0.79702	0.07499	0.01226	0.00504	0.00160	0.00230	0.02240	0.00368	0.00323
99	0.00783	0.00723	0.01189	0.81273	0.02662	0.00897	0.01085	0.04719	0.00842	0.01081	0.00716	0.01052	0.00535	0.00400	0.00396	0.00132	0.00524	0.00353	0.00186	0.00451
100	0.00566	0.00425	0.00637	0.00637	0.00708	0.00496	0.00496	0.00708	0.00637	0.00920	0.01062	0.01558	0.00991	0.02974	0.84494	0.00637	0.01062	0.00425	0.00212	0.00354
101	0.01481	0.01890	0.01124	0.01021	0.01226	0.84474	0.00766	0.01583	0.01124	0.00970	0.00613	0.00715	0.00511	0.00409	0.00358	0.00102	0.00715	0.00255	0.00204	0.00460
102	0.02303	0.00734	0.01253	0.73635	0.05467	0.00882	0.05778	0.01063	0.00812	0.03285	0.00732	0.01056	0.00547	0.00393	0.00398	0.00131	0.00526	0.00358	0.00188	0.00459
103	0.00483	0.00345	0.00460	0.00552	0.00575	0.00322	0.00368	0.00552	0.00759	0.01012	0.02185	0.85807	0.02622	0.01242	0.00506	0.00161	0.00230	0.01127	0.00368	0.00322
104	0.01156	0.04452	0.04881	0.00911	0.02599	0.08025	0.02567	0.25009	0.37957	0.01761	0.03453	0.01207	0.00965	0.00498	0.00417	0.00125	0.02665	0.00393	0.00351	0.00606
105	0.03413	0.00905	0.00978	0.00795	0.01038	0.05995	0.02522	0.37016	0.07898	0.13015	0.06524	0.04598	0.01059	0.01462	0.01924	0.00133	0.01795	0.00421	0.07934	0.00574
106	0.00495	0.00401	0.00439	0.00434	0.00553	0.00345	0.00324	0.00618	0.00960	0.01214	0.26067	0.06254	0.58593	0.00958	0.00470	0.00132	0.00198	0.00813	0.00387	0.00345
107	0.00822	0.00705	0.00822	0.00587	0.00940	0.00529	0.00470	0.00998	0.00822	0.01292	0.00705	0.00822	0.00587	0.00294	0.00294	0.00059	0.00294	0.00235	0.00235	0.88490
108	0.01128	0.05948	0.07430	0.01395	0.25400	0.04694	0.12672	0.08222	0.02022	0.14612	0.04862	0.01096	0.00817	0.00406	0.00390	0.00115	0.00462	0.00370	0.00275	0.07686
109	0.01364	0.01040	0.01110	0.00883	0.01175	0.01163	0.00719	0.60311	0.24056	0.02269	0.01133	0.01096	0.00821	0.00493	0.00399	0.00123	0.00403	0.00382	0.00399	0.00661
110	0.00483	0.00345	0.00460	0.00552	0.00575	0.00322	0.00368	0.00552	0.00759	0.01012	0.02185	0.85807	0.02622	0.01242	0.00506	0.00161	0.00230	0.01127	0.00368	0.00322
111	0.01414	0.00976	0.01219	0.02681	0.20711	0.02521	0.00827	0.42275	0.01437	0.19028	0.01025	0.01047	0.00727	0.00447	0.00394	0.00119	0.00427	0.00363	0.01711	0.00651
