[name]
unknown

[dist]
# distance from previous block
# <min> <max>
0	265

[block]
# block no. 0 follows, 61 sequences, length 33
# corresponding to MSA columns:
# 390-422
name=unknown_A
#
# <colnr> <probs for GDERKNQSTAVLIFYWHMCP>
#	G	D	E	R	K	N	Q	S	T	A	V	L	I	F	Y	W	H	M	C	P
0	0.02896	0.01038	0.02079	0.12795	0.13060	0.01023	0.50795	0.02637	0.00998	0.01372	0.00940	0.02393	0.00770	0.00435	0.00485	0.00145	0.00640	0.04700	0.00230	0.00568
1	0.00830	0.00782	0.01321	0.78590	0.08076	0.00961	0.01204	0.01115	0.00869	0.01120	0.00769	0.01143	0.00581	0.00428	0.00430	0.00143	0.00570	0.00383	0.00193	0.00492
2	0.00772	0.00398	0.00413	0.00424	0.00516	0.00396	0.00312	0.00958	0.00894	0.01549	0.01515	0.10984	0.01301	0.00598	0.00329	0.00109	0.00206	0.00495	0.77436	0.00396
3	0.01039	0.01009	0.01590	0.04208	0.64310	0.05455	0.02757	0.01280	0.00989	0.01361	0.00986	0.03395	0.00902	0.00491	0.00446	0.00136	0.00514	0.08266	0.00236	0.00629
4	0.00881	0.07242	0.77769	0.01198	0.01818	0.01043	0.01540	0.01360	0.00907	0.01343	0.00762	0.00896	0.00546	0.00407	0.00401	0.00134	0.00626	0.00313	0.00182	0.00632
5	0.01044	0.01001	0.01709	0.09659	0.75331	0.01018	0.01311	0.01303	0.00971	0.01381	0.00806	0.01073	0.00673	0.00388	0.00427	0.00129	0.00517	0.00384	0.00211	0.00665
6	0.00529	0.00378	0.00504	0.00597	0.00626	0.00353	0.00400	0.00611	0.00846	0.01133	0.06641	0.80217	0.02914	0.01324	0.00548	0.00173	0.00247	0.01201	0.00404	0.00353
7	0.01581	0.07077	0.01283	0.01087	0.01318	0.78207	0.00827	0.01694	0.01200	0.01052	0.00662	0.00772	0.00555	0.00439	0.00382	0.00110	0.00758	0.00275	0.00220	0.00503
8	0.00963	0.00794	0.00863	0.00774	0.00982	0.00885	0.00605	0.04181	0.49631	0.04518	0.06549	0.02198	0.19287	0.00718	0.00510	0.00147	0.04802	0.00585	0.00421	0.00589
9	0.00525	0.00375	0.00500	0.00600	0.00625	0.00350	0.00400	0.00600	0.00825	0.01100	0.02374	0.84580	0.02849	0.01350	0.00550	0.00175	0.00250	0.01225	0.00400	0.00350
10	0.01933	0.00733	0.01000	0.00766	0.01100	0.00633	0.00633	0.02099	0.01233	0.82473	0.01699	0.01466	0.01066	0.00533	0.00433	0.00133	0.00367	0.00433	0.00533	0.00733
11	0.00524	0.00436	0.00465	0.00465	0.00599	0.00377	0.00349	0.00642	0.00978	0.01196	0.10243	0.06401	0.68521	0.01211	0.05494	0.00179	0.00274	0.00882	0.00396	0.00368
12	0.01637	0.01207	0.01293	0.00991	0.01336	0.01336	0.00819	0.80738	0.02025	0.02715	0.01034	0.01034	0.00733	0.00517	0.00431	0.00129	0.00474	0.00388	0.00431	0.00733
13	0.00610	0.00440	0.00576	0.00542	0.00644	0.00406	0.00406	0.00813	0.01219	0.01727	0.81947	0.03218	0.04064	0.00881	0.00508	0.00135	0.00203	0.00779	0.00474	0.00406
14	0.00765	0.00508	0.00699	0.00770	0.00887	0.00497	0.00668	0.00956	0.01007	0.06659	0.02368	0.04591	0.07195	0.01140	0.00579	0.00191	0.00384	0.69313	0.00406	0.00417
15	0.01609	0.02053	0.01221	0.01110	0.01332	0.83132	0.00832	0.01720	0.01221	0.01054	0.00666	0.00777	0.00555	0.00444	0.00388	0.00111	0.00777	0.00277	0.00222	0.00499
16	0.00976	0.01173	0.08258	0.01630	0.02036	0.01038	0.63652	0.01373	0.05302	0.01379	0.01007	0.05708	0.00823	0.00450	0.00516	0.00148	0.02085	0.01633	0.00239	0.00574
17	0.00748	0.00374	0.00561	0.00561	0.00561	0.00374	0.00374	0.00561	0.00561	0.00748	0.00748	0.01309	0.00748	0.01496	0.01684	0.87467	0.00374	0.00374	0.00187	0.00187
18	0.00914	0.00876	0.06319	0.00688	0.01086	0.00626	0.00592	0.03555	0.00929	0.01441	0.00774	0.00899	0.00635	0.00331	0.00328	0.00071	0.00345	0.00263	0.00256	0.79071
19	0.72359	0.00914	0.00728	0.03329	0.00963	0.05410	0.00534	0.03946	0.05684	0.01876	0.00693	0.00784	0.00535	0.00418	0.00294	0.00133	0.00370	0.00261	0.00277	0.00490
20	0.00636	0.00477	0.00595	0.00565	0.00677	0.00456	0.00423	0.00911	0.07798	0.01663	0.65962	0.06947	0.09465	0.00893	0.00504	0.00139	0.00218	0.00785	0.00462	0.00423
21	0.00915	0.00887	0.01558	0.49725	0.28600	0.00991	0.08751	0.01199	0.00915	0.01227	0.00790	0.01123	0.00617	0.00409	0.00437	0.00139	0.00568	0.00395	0.00201	0.00554
22	0.00528	0.00378	0.00503	0.00597	0.00626	0.00352	0.00400	0.00609	0.00841	0.01125	0.05636	0.81245	0.02899	0.01330	0.00548	0.00173	0.00248	0.01206	0.00403	0.00352
23	0.00792	0.00718	0.01148	0.64173	0.02459	0.00870	0.01041	0.01115	0.06211	0.01178	0.03951	0.08747	0.01037	0.00573	0.00452	0.00149	0.00509	0.04157	0.00246	0.00474
24	0.00610	0.00440	0.00576	0.00542	0.00644	0.00406	0.00406	0.00813	0.01219	0.01727	0.81947	0.03218	0.04064	0.00881	0.00508	0.00135	0.00203	0.00779	0.00474	0.00406
25	0.00924	0.00786	0.00871	0.00865	0.06333	0.00855	0.00621	0.01738	0.51228	0.03055	0.03567	0.02294	0.23622	0.00715	0.00458	0.00144	0.00317	0.00600	0.00415	0.00591
26	0.00876	0.06596	0.72914	0.06672	0.01897	0.01035	0.01519	0.01343	0.00904	0.01328	0.00763	0.00914	0.00548	0.00408	0.00404	0.00135	0.00623	0.00318	0.00183	0.00622
27	0.65207	0.00897	0.00786	0.00662	0.00948	0.01013	0.00546	0.16519	0.01016	0.07895	0.00762	0.00819	0.00561	0.00432	0.00310	0.00133	0.00363	0.00277	0.00317	0.00537
28	0.00748	0.00374	0.00561	0.00561	0.00561	0.00374	0.00374	0.00561	0.00561	0.00748	0.00748	0.01309	0.00748	0.01496	0.01684	0.87467	0.00374	0.00374	0.00187	0.00187
29	0.01108	0.72318	0.04666	0.00752	0.01106	0.01570	0.00743	0.01333	0.06228	0.01115	0.05062	0.00895	0.00792	0.00412	0.00304	0.00099	0.00445	0.00280	0.00217	0.00556
30	0.05547	0.06618	0.73904	0.01166	0.01768	0.01036	0.01485	0.01355	0.00898	0.01376	0.00754	0.00886	0.00542	0.00407	0.00394	0.00134	0.00611	0.00309	0.00187	0.00623
31	0.00955	0.29132	0.45154	0.10997	0.01756	0.01227	0.02678	0.01308	0.00894	0.01218	0.00717	0.00871	0.00553	0.00398	0.00370	0.00123	0.00573	0.00301	0.00184	0.00589
32	0.42409	0.07325	0.01019	0.01842	0.03864	0.18743	0.00663	0.02726	0.00900	0.05891	0.00704	0.00833	0.00565	0.00535	0.03004	0.00148	0.07786	0.00283	0.00257	0.00504

[dist]
# distance from previous block
# <min> <max>
0	5

[block]
# block no. 1 follows, 61 sequences, length 41
# corresponding to MSA columns:
# 428-468
name=unknown_B
#
# <colnr> <probs for GDERKNQSTAVLIFYWHMCP>
#	G	D	E	R	K	N	Q	S	T	A	V	L	I	F	Y	W	H	M	C	P
0	0.05675	0.07438	0.11919	0.03552	0.03042	0.00939	0.07990	0.07518	0.16028	0.06713	0.03963	0.01428	0.06243	0.00507	0.00408	0.00125	0.00431	0.01438	0.00318	0.14324
1	0.01161	0.43609	0.16101	0.02477	0.03479	0.12221	0.00926	0.04458	0.08295	0.01229	0.00768	0.00859	0.00632	0.00418	0.00359	0.00112	0.01802	0.00291	0.00222	0.00580
2	0.01593	0.08840	0.01380	0.00968	0.01315	0.01369	0.00811	0.73511	0.01921	0.02560	0.00995	0.01003	0.00716	0.00504	0.00417	0.00126	0.00473	0.00373	0.00408	0.00716
3	0.00525	0.00375	0.00500	0.00600	0.00625	0.00350	0.00400	0.00600	0.00825	0.01100	0.02374	0.84580	0.02849	0.01350	0.00550	0.00175	0.00250	0.01225	0.00400	0.00350
4	0.00942	0.00942	0.01319	0.01131	0.01131	0.01319	0.00942	0.01037	0.00660	0.01037	0.00565	0.00942	0.00565	0.00754	0.01414	0.00188	0.84073	0.00377	0.00188	0.00471
5	0.00653	0.00522	0.00712	0.00708	0.00791	0.03672	0.00550	0.00805	0.00712	0.01002	0.01135	0.01658	0.01057	0.03125	0.80014	0.00670	0.01139	0.00455	0.00230	0.00389
6	0.00864	0.02228	0.82630	0.01228	0.01864	0.01000	0.01592	0.01364	0.00909	0.01364	0.00773	0.00909	0.00546	0.00409	0.00409	0.00136	0.00637	0.00318	0.00182	0.00637
7	0.87904	0.00833	0.00633	0.00566	0.00833	0.00966	0.00467	0.01266	0.00733	0.01933	0.00600	0.00700	0.00467	0.00400	0.00267	0.00133	0.00333	0.00233	0.00267	0.00467
8	0.00813	0.00766	0.01292	0.83826	0.02967	0.00957	0.01196	0.01101	0.00861	0.01101	0.00766	0.01148	0.00574	0.00431	0.00431	0.00144	0.00574	0.00383	0.00191	0.00479
9	0.01933	0.00733	0.01000	0.00766	0.01100	0.00633	0.00633	0.02099	0.01233	0.82473	0.01699	0.01466	0.01066	0.00533	0.00433	0.00133	0.00367	0.00433	0.00533	0.00733
10	0.00610	0.00440	0.00576	0.00542	0.00644	0.00406	0.00406	0.00813	0.01219	0.01727	0.81947	0.03218	0.04064	0.00881	0.00508	0.00135	0.00203	0.00779	0.00474	0.00406
11	0.01144	0.77517	0.02141	0.00750	0.01107	0.01647	0.00732	0.01380	0.08147	0.01085	0.00703	0.00774	0.00622	0.00388	0.00291	0.00097	0.00450	0.00254	0.00207	0.00564
12	0.00548	0.00431	0.00495	0.00494	0.00609	0.00378	0.00364	0.00687	0.01051	0.01362	0.32492	0.12983	0.44485	0.01044	0.00513	0.00145	0.00216	0.00898	0.00427	0.00378
13	0.03902	0.00874	0.00992	0.08427	0.02624	0.00997	0.00727	0.03467	0.58722	0.06393	0.03137	0.01691	0.01291	0.00591	0.00440	0.00146	0.00369	0.04159	0.00411	0.00642
14	0.01071	0.00925	0.00974	0.00877	0.01120	0.01071	0.00682	0.02289	0.81396	0.01802	0.01753	0.01607	0.01315	0.00584	0.00438	0.00146	0.00341	0.00487	0.00438	0.00682
15	0.01626	0.03030	0.01311	0.00990	0.01331	0.04000	0.00817	0.76472	0.01975	0.02624	0.01013	0.01018	0.00723	0.00512	0.00426	0.00128	0.00484	0.00381	0.00419	0.00721
16	0.01102	0.77418	0.02104	0.00719	0.01064	0.01586	0.00707	0.01246	0.00907	0.01078	0.07999	0.00921	0.00872	0.00415	0.00297	0.00096	0.00437	0.00280	0.00211	0.00539
17	0.00827	0.00750	0.01262	0.69841	0.09003	0.00909	0.01131	0.01069	0.00843	0.01093	0.00768	0.01157	0.00599	0.00524	0.00544	0.08086	0.00551	0.00382	0.00193	0.00468
18	0.01178	0.73103	0.06488	0.00797	0.01167	0.09074	0.00792	0.01333	0.00909	0.01036	0.00614	0.00711	0.00553	0.00378	0.00294	0.00096	0.00499	0.00239	0.00188	0.00552
19	0.00964	0.00865	0.01322	0.48426	0.11745	0.01006	0.02901	0.11335	0.04618	0.01388	0.00894	0.03835	0.00718	0.00483	0.00481	0.00140	0.04642	0.00414	0.00245	0.03577
20	0.03635	0.01147	0.01244	0.00958	0.01298	0.01255	0.00790	0.69982	0.03243	0.10415	0.01101	0.01078	0.00769	0.00517	0.00427	0.00130	0.00458	0.00390	0.00437	0.00726
21	0.01046	0.01007	0.01693	0.05338	0.72040	0.01048	0.01283	0.01288	0.00947	0.01363	0.00786	0.01058	0.00668	0.00419	0.00516	0.00134	0.08115	0.00383	0.00210	0.00656
22	0.00637	0.00502	0.00672	0.00691	0.00771	0.03057	0.00534	0.00781	0.00766	0.01048	0.01546	0.12575	0.05204	0.02620	0.58741	0.00538	0.00915	0.07743	0.00275	0.00384
23	0.87904	0.00833	0.00633	0.00566	0.00833	0.00966	0.00467	0.01266	0.00733	0.01933	0.00600	0.00700	0.00467	0.00400	0.00267	0.00133	0.00333	0.00233	0.00267	0.00467
24	0.00670	0.00479	0.00665	0.00755	0.00846	0.00474	0.00643	0.00854	0.00988	0.01296	0.07422	0.13717	0.02623	0.01188	0.00584	0.00192	0.00368	0.65444	0.00402	0.00392
25	0.00525	0.00375	0.00500	0.00600	0.00625	0.00350	0.00400	0.00600	0.00825	0.01100	0.02374	0.84580	0.02849	0.01350	0.00550	0.00175	0.00250	0.01225	0.00400	0.00350
26	0.01933	0.00733	0.01000	0.00766	0.01100	0.00633	0.00633	0.02099	0.01233	0.82473	0.01699	0.01466	0.01066	0.00533	0.00433	0.00133	0.00367	0.00433	0.00533	0.00733
27	0.00814	0.00745	0.01253	0.76947	0.04292	0.00921	0.01146	0.01070	0.00844	0.01084	0.00765	0.01157	0.00587	0.00498	0.00511	0.05767	0.00560	0.00382	0.00192	0.00464
28	0.00531	0.00380	0.00507	0.00607	0.00635	0.00356	0.00411	0.00611	0.00831	0.01107	0.02371	0.81475	0.02835	0.01343	0.00552	0.00176	0.00256	0.04265	0.00400	0.00352
29	0.01933	0.00733	0.01000	0.00766	0.01100	0.00633	0.00633	0.02099	0.01233	0.82473	0.01699	0.01466	0.01066	0.00533	0.00433	0.00133	0.00367	0.00433	0.00533	0.00733
30	0.00632	0.00475	0.00647	0.05952	0.02662	0.00455	0.00477	0.00840	0.01187	0.01670	0.73585	0.03050	0.05042	0.00844	0.00501	0.00136	0.00234	0.00747	0.00449	0.00417
31	0.00877	0.02151	0.77421	0.01319	0.07037	0.01002	0.01574	0.01361	0.00914	0.01367	0.00775	0.00920	0.00554	0.00408	0.00410	0.00136	0.00629	0.00323	0.00184	0.00640
32	0.01933	0.00733	0.01000	0.00766	0.01100	0.00633	0.00633	0.02099	0.01233	0.82473	0.01699	0.01466	0.01066	0.00533	0.00433	0.00133	0.00367	0.00433	0.00533	0.00733
33	0.80005	0.00850	0.00735	0.00755	0.08232	0.00972	0.00544	0.01271	0.00756	0.01885	0.00619	0.00733	0.00486	0.00398	0.00281	0.00133	0.00349	0.00247	0.00262	0.00486
34	0.00626	0.00418	0.00470	0.00470	0.00470	0.00418	0.00261	0.00626	0.00626	0.00835	0.01357	0.02819	0.01566	0.84862	0.02192	0.00418	0.00418	0.00626	0.00261	0.00261
35	0.01152	0.85121	0.02257	0.00737	0.01106	0.01704	0.00737	0.01290	0.00875	0.01013	0.00599	0.00691	0.00553	0.00369	0.00276	0.00092	0.00461	0.00230	0.00184	0.00553
36	0.00748	0.00374	0.00561	0.00561	0.00561	0.00374	0.00374	0.00561	0.00561	0.00748	0.00748	0.01309	0.00748	0.01496	0.01684	0.87467	0.00374	0.00374	0.00187	0.00187
37	0.00610	0.00440	0.00576	0.00542	0.00644	0.00406	0.00406	0.00813	0.01219	0.01727	0.81947	0.03218	0.04064	0.00881	0.00508	0.00135	0.00203	0.00779	0.00474	0.00406
38	0.00776	0.00628	0.00797	0.00748	0.00839	0.03800	0.00578	0.08034	0.00822	0.01140	0.01095	0.01665	0.01038	0.12454	0.55389	0.00541	0.08533	0.00460	0.00248	0.00413
39	0.00679	0.00564	0.00726	0.00719	0.00805	0.05858	0.00557	0.00830	0.00726	0.01003	0.01122	0.01633	0.01043	0.03051	0.77824	0.00655	0.01130	0.00450	0.00230	0.00392
40	0.00874	0.01977	0.66894	0.01155	0.01687	0.04083	0.01414	0.01307	0.00933	0.01364	0.08086	0.01115	0.00865	0.00475	0.00482	0.00139	0.05976	0.00362	0.00210	0.00600

[dist]
# distance from previous block
# <min> <max>
0	1

[block]
# block no. 2 follows, 61 sequences, length 14
# corresponding to MSA columns:
# 470-483
name=unknown_C
#
# <colnr> <probs for GDERKNQSTAVLIFYWHMCP>
#	G	D	E	R	K	N	Q	S	T	A	V	L	I	F	Y	W	H	M	C	P
0	0.00849	0.00802	0.01356	0.72524	0.13994	0.00966	0.01214	0.01131	0.00878	0.01143	0.00772	0.01137	0.00589	0.00424	0.00430	0.00141	0.00566	0.00383	0.00194	0.00507
1	0.07335	0.03852	0.01223	0.12195	0.01474	0.05991	0.00811	0.43070	0.01552	0.16700	0.01053	0.01079	0.00737	0.00491	0.00413	0.00130	0.00476	0.00373	0.00385	0.00661
2	0.00820	0.00763	0.01085	0.00967	0.00996	0.01027	0.00791	0.00937	0.00672	0.01023	0.00785	0.01223	0.00757	0.01680	0.31966	0.00377	0.53080	0.00409	0.00204	0.00439
3	0.00519	0.00437	0.00450	0.00447	0.00588	0.00368	0.00335	0.00637	0.01005	0.01218	0.11860	0.04056	0.74469	0.01071	0.00509	0.00144	0.00217	0.00897	0.00407	0.00368
4	0.00919	0.00908	0.01274	0.01099	0.01105	0.01263	0.00913	0.01017	0.00662	0.01034	0.00608	0.00996	0.00602	0.00933	0.07308	0.00225	0.78094	0.00383	0.00192	0.00465
5	0.00788	0.00400	0.00407	0.00412	0.00508	0.00399	0.00306	0.00982	0.00899	0.01579	0.01457	0.06061	0.01198	0.00547	0.00314	0.00104	0.00203	0.00446	0.82590	0.00399
6	0.01637	0.01207	0.01293	0.00991	0.01336	0.01336	0.00819	0.80738	0.02025	0.02715	0.01034	0.01034	0.00733	0.00517	0.00431	0.00129	0.00474	0.00388	0.00431	0.00733
7	0.00622	0.00438	0.00565	0.00533	0.00634	0.00406	0.00400	0.00825	0.01199	0.01720	0.76794	0.03115	0.03875	0.00856	0.00495	0.00133	0.00203	0.00755	0.06027	0.00406
8	0.01055	0.01012	0.01729	0.06186	0.78718	0.01021	0.01317	0.01312	0.00976	0.01394	0.00808	0.01070	0.00678	0.00386	0.00427	0.00129	0.00514	0.00384	0.00212	0.00673
9	0.01519	0.01121	0.01206	0.00955	0.01276	0.01245	0.00779	0.59193	0.20393	0.05909	0.01229	0.01185	0.00882	0.00533	0.00433	0.00133	0.00439	0.00413	0.00437	0.00721
10	0.01004	0.26605	0.54687	0.01059	0.01601	0.01189	0.01290	0.01380	0.00916	0.05465	0.00770	0.00874	0.00575	0.00404	0.00371	0.00123	0.00571	0.00298	0.00201	0.00617
11	0.01500	0.01169	0.01208	0.03009	0.01309	0.06698	0.00785	0.59128	0.08678	0.03879	0.05265	0.01187	0.00943	0.00530	0.00430	0.00129	0.00465	0.00407	0.00411	0.02871
12	0.01520	0.01213	0.01294	0.01100	0.06484	0.08746	0.03076	0.56118	0.06923	0.04680	0.01058	0.01125	0.00786	0.03283	0.00488	0.00139	0.00498	0.00396	0.00390	0.00685
13	0.05655	0.05255	0.01353	0.01017	0.01263	0.00993	0.18840	0.13116	0.09225	0.01587	0.09870	0.02927	0.12194	0.00634	0.00592	0.00144	0.12412	0.00529	0.00324	0.02070

[dist]
# distance from previous block
# <min> <max>
0	129

[block]
# block no. 3 follows, 61 sequences, length 18
# corresponding to MSA columns:
# 614-618,621-633
name=unknown_D
#
# <colnr> <probs for GDERKNQSTAVLIFYWHMCP>
#	G	D	E	R	K	N	Q	S	T	A	V	L	I	F	Y	W	H	M	C	P
0	0.01047	0.00962	0.01478	0.10810	0.41353	0.01087	0.01115	0.03211	0.10592	0.03468	0.00891	0.01121	0.00731	0.00504	0.00654	0.00146	0.19573	0.00396	0.00246	0.00614
1	0.20801	0.04886	0.01018	0.00829	0.03131	0.02934	0.00655	0.27563	0.09132	0.05201	0.09732	0.01313	0.01123	0.00803	0.08872	0.00188	0.00473	0.00404	0.00361	0.00582
2	0.46581	0.00868	0.00870	0.00724	0.00995	0.00963	0.00599	0.13804	0.01048	0.20143	0.00955	0.01046	0.00701	0.00494	0.00421	0.00138	0.06444	0.02290	0.00350	0.00567
3	0.87904	0.00833	0.00633	0.00566	0.00833	0.00966	0.00467	0.01266	0.00733	0.01933	0.00600	0.00700	0.00467	0.00400	0.00267	0.00133	0.00333	0.00233	0.00267	0.00467
4	0.00803	0.00401	0.00401	0.00401	0.00502	0.00401	0.00301	0.01004	0.00903	0.01606	0.01405	0.01606	0.01104	0.00502	0.00301	0.00100	0.00201	0.00401	0.87253	0.00401
5	0.00626	0.00418	0.00470	0.00470	0.00470	0.00418	0.00261	0.00626	0.00626	0.00835	0.01357	0.02819	0.01566	0.84862	0.02192	0.00418	0.00418	0.00626	0.00261	0.00261
6	0.01094	0.00864	0.00982	0.00807	0.02908	0.00832	0.00625	0.08199	0.30190	0.07134	0.01210	0.01206	0.00921	0.00448	0.00382	0.00105	0.00347	0.00365	0.00354	0.41027
7	0.51733	0.00918	0.02777	0.00770	0.04799	0.02776	0.00603	0.10292	0.00979	0.11552	0.00844	0.02561	0.00643	0.00443	0.00328	0.00128	0.00376	0.00306	0.00313	0.06859
8	0.15291	0.29862	0.14481	0.07388	0.08489	0.08415	0.00926	0.05607	0.02397	0.02532	0.00724	0.00849	0.00581	0.00407	0.00344	0.00118	0.00506	0.00290	0.00226	0.00568
9	0.03730	0.01130	0.01224	0.00950	0.01284	0.01238	0.00782	0.65141	0.07981	0.10396	0.01143	0.01112	0.00803	0.00521	0.00428	0.00131	0.00450	0.00396	0.00437	0.00722
10	0.00897	0.00735	0.00864	0.00844	0.04210	0.00797	0.01747	0.08047	0.35593	0.01607	0.08449	0.18975	0.06928	0.02137	0.03107	0.00172	0.00355	0.03581	0.00407	0.00548
11	0.00747	0.00472	0.00615	0.00561	0.00690	0.00429	0.00427	0.00942	0.01210	0.10379	0.69732	0.03072	0.07350	0.00853	0.00500	0.00136	0.00221	0.00748	0.00477	0.00440
12	0.00786	0.00816	0.06696	0.27315	0.03002	0.00820	0.09243	0.01104	0.08233	0.01221	0.03435	0.18126	0.04306	0.02273	0.04972	0.00186	0.06100	0.00608	0.00277	0.00481
13	0.00923	0.00773	0.00847	0.00798	0.00986	0.00870	0.00610	0.01821	0.57922	0.01648	0.07625	0.17417	0.01838	0.00769	0.00469	0.00152	0.00316	0.03193	0.00432	0.00591
14	0.01106	0.05325	0.38721	0.07046	0.04224	0.01025	0.04258	0.15004	0.02894	0.08174	0.00970	0.01066	0.01995	0.00444	0.00412	0.00129	0.00541	0.00359	0.00270	0.06036
15	0.08455	0.23347	0.03821	0.02494	0.05089	0.19679	0.00795	0.15395	0.05924	0.04474	0.00916	0.03115	0.01864	0.00481	0.00394	0.00120	0.02435	0.00343	0.00281	0.00577
16	0.83994	0.00838	0.00664	0.00592	0.00846	0.00982	0.00488	0.01256	0.00730	0.01892	0.00598	0.00711	0.00471	0.00416	0.00318	0.00136	0.04098	0.00240	0.00263	0.00467
17	0.06347	0.02058	0.17705	0.08166	0.06329	0.00833	0.02348	0.07464	0.07040	0.04790	0.10747	0.04550	0.03082	0.01565	0.00435	0.00129	0.00426	0.00444	0.00305	0.15237

[dist]
# distance from previous block
# <min> <max>
0	1

[block]
# block no. 4 follows, 61 sequences, length 16
# corresponding to MSA columns:
# 635-640,646-655
name=unknown_E
#
# <colnr> <probs for GDERKNQSTAVLIFYWHMCP>
#	G	D	E	R	K	N	Q	S	T	A	V	L	I	F	Y	W	H	M	C	P
0	0.00926	0.00874	0.01466	0.31161	0.46312	0.00937	0.01186	0.01180	0.00938	0.01285	0.02750	0.04318	0.03867	0.00473	0.00437	0.00136	0.00506	0.00443	0.00225	0.00580
1	0.01102	0.10983	0.01392	0.22066	0.10817	0.06252	0.05660	0.06225	0.05368	0.08280	0.00996	0.04499	0.00818	0.00475	0.00408	0.00124	0.00490	0.02002	0.00275	0.11768
2	0.00552	0.00409	0.00521	0.00595	0.00658	0.00378	0.00431	0.00658	0.00900	0.01171	0.06574	0.52793	0.18272	0.01252	0.00547	0.00171	0.00264	0.13089	0.00403	0.00362
3	0.03601	0.19957	0.09179	0.04314	0.04974	0.01248	0.02191	0.31742	0.06238	0.10996	0.00996	0.01029	0.00731	0.00465	0.00392	0.00124	0.00472	0.00355	0.00337	0.00659
4	0.01090	0.22148	0.26563	0.02393	0.01556	0.01203	0.13323	0.13125	0.05998	0.03108	0.00939	0.04994	0.00760	0.00467	0.00404	0.00128	0.00540	0.00393	0.00258	0.00610
5	0.00543	0.00392	0.00514	0.00580	0.00627	0.00363	0.00398	0.00648	0.00918	0.01241	0.20065	0.63344	0.06296	0.01235	0.00539	0.00165	0.00238	0.01113	0.00416	0.00363
6	0.01053	0.01065	0.06895	0.21748	0.08827	0.04539	0.25296	0.05703	0.02621	0.07190	0.04345	0.01344	0.02194	0.00476	0.00490	0.00142	0.03186	0.02055	0.00264	0.00568
7	0.00623	0.00518	0.00669	0.00786	0.11303	0.00466	0.00495	0.00767	0.00994	0.01304	0.18381	0.18658	0.37334	0.00970	0.00497	0.00143	0.00265	0.00844	0.00383	0.04601
8	0.87904	0.00833	0.00633	0.00566	0.00833	0.00966	0.00467	0.01266	0.00733	0.01933	0.00600	0.00700	0.00467	0.00400	0.00267	0.00133	0.00333	0.00233	0.00267	0.00467
9	0.01030	0.50028	0.36283	0.00945	0.01427	0.01406	0.01099	0.01321	0.00890	0.01162	0.00673	0.00783	0.00550	0.00386	0.00333	0.00111	0.00535	0.00268	0.00183	0.00588
10	0.00966	0.01053	0.10358	0.43026	0.15464	0.02947	0.09295	0.05616	0.00975	0.02920	0.00815	0.01105	0.00619	0.00446	0.00464	0.02197	0.00577	0.00387	0.00217	0.00552
11	0.00572	0.00437	0.00525	0.00507	0.00622	0.00390	0.00379	0.00739	0.01124	0.01512	0.52477	0.06133	0.31081	0.00969	0.00510	0.00140	0.00210	0.00838	0.00446	0.00390
12	0.00881	0.00521	0.00768	0.00769	0.02957	0.00479	0.05066	0.01004	0.00937	0.18757	0.02096	0.55174	0.02261	0.01082	0.00522	0.00164	0.00317	0.05372	0.00413	0.00457
13	0.01722	0.00848	0.01045	0.00821	0.01138	0.00829	0.00671	0.18753	0.11308	0.53046	0.04098	0.01447	0.01121	0.00547	0.00436	0.00134	0.00381	0.00441	0.00498	0.00716
14	0.00843	0.00505	0.00696	0.02150	0.02060	0.00489	0.00536	0.00991	0.00989	0.15231	0.18177	0.24476	0.04870	0.01242	0.09262	0.01690	0.01589	0.13354	0.00406	0.00445
15	0.03798	0.57362	0.05901	0.00833	0.01182	0.15088	0.00787	0.04723	0.03053	0.02858	0.00689	0.00770	0.00588	0.00399	0.00315	0.00102	0.00513	0.00260	0.00217	0.00560

[dist]
# distance from previous block
# <min> <max>
0	2

[block]
# block no. 5 follows, 61 sequences, length 30
# corresponding to MSA columns:
# 658-676,678-688
name=unknown_F
#
# <colnr> <probs for GDERKNQSTAVLIFYWHMCP>
#	G	D	E	R	K	N	Q	S	T	A	V	L	I	F	Y	W	H	M	C	P
0	0.03255	0.09964	0.01273	0.08469	0.05024	0.13342	0.02206	0.10626	0.31532	0.04459	0.01169	0.01204	0.00895	0.00540	0.01509	0.00140	0.03056	0.00392	0.00331	0.00613
1	0.76681	0.00948	0.02665	0.00694	0.02803	0.05608	0.02662	0.01298	0.00778	0.01843	0.00620	0.00730	0.00483	0.00401	0.00287	0.00132	0.00380	0.00249	0.00260	0.00480
2	0.01009	0.13168	0.17909	0.14829	0.18026	0.05442	0.08732	0.05693	0.00997	0.01322	0.00912	0.06380	0.00795	0.00485	0.00421	0.00133	0.00553	0.02390	0.00229	0.00577
3	0.00753	0.00587	0.02608	0.00675	0.00831	0.00527	0.02032	0.01012	0.09776	0.05829	0.08146	0.27761	0.11397	0.05813	0.00595	0.00166	0.00313	0.10777	0.00384	0.10017
4	0.00703	0.00681	0.08235	0.04056	0.04715	0.00542	0.02472	0.02346	0.01128	0.03479	0.47199	0.03841	0.17301	0.00813	0.00490	0.00138	0.00297	0.00710	0.00404	0.00453
5	0.00630	0.00461	0.00635	0.00625	0.00691	0.00504	0.00456	0.00740	0.00681	0.00968	0.01198	0.01991	0.01203	0.27046	0.56110	0.00587	0.00905	0.00502	0.00241	0.03828
6	0.01637	0.01207	0.01293	0.00991	0.01336	0.01336	0.00819	0.80738	0.02025	0.02715	0.01034	0.01034	0.00733	0.00517	0.00431	0.00129	0.00474	0.00388	0.00431	0.00733
7	0.00870	0.02134	0.77020	0.01237	0.03844	0.00982	0.01537	0.01351	0.00911	0.01367	0.00774	0.00913	0.00553	0.00405	0.00406	0.00133	0.00620	0.00317	0.00186	0.04441
8	0.00601	0.00438	0.00566	0.00543	0.00644	0.00403	0.00407	0.00793	0.01182	0.01655	0.71874	0.06873	0.08986	0.00921	0.00512	0.00139	0.00210	0.02389	0.00465	0.00401
9	0.00534	0.00419	0.00486	0.00532	0.00627	0.00371	0.00389	0.00640	0.00929	0.01163	0.05070	0.34459	0.43534	0.01193	0.00532	0.00161	0.00246	0.07955	0.00401	0.00362
10	0.02970	0.00555	0.00707	0.00709	0.00845	0.00546	0.00549	0.01195	0.10826	0.17668	0.02073	0.34948	0.02127	0.03091	0.00557	0.00173	0.00325	0.19233	0.00424	0.00479
11	0.00626	0.00418	0.00470	0.00470	0.00470	0.00418	0.00261	0.00626	0.00626	0.00835	0.01357	0.02819	0.01566	0.84862	0.02192	0.00418	0.00418	0.00626	0.00261	0.00261
12	0.00554	0.00408	0.00526	0.00609	0.00668	0.00380	0.00444	0.00658	0.00882	0.01146	0.02685	0.56158	0.15869	0.01276	0.00552	0.00174	0.00272	0.15975	0.00399	0.00361
13	0.01146	0.82682	0.02230	0.00748	0.01106	0.01693	0.00743	0.01283	0.00869	0.01014	0.00598	0.00698	0.00553	0.00380	0.00309	0.00095	0.02883	0.00235	0.00184	0.00550
14	0.00809	0.00736	0.01218	0.68524	0.05391	0.00902	0.01098	0.01085	0.02729	0.01103	0.00821	0.01208	0.00644	0.00708	0.07167	0.04191	0.00604	0.00391	0.00201	0.00469
15	0.01371	0.33756	0.02949	0.01028	0.04122	0.17311	0.07387	0.17532	0.02667	0.06853	0.00827	0.00900	0.00650	0.00429	0.00369	0.00113	0.00543	0.00319	0.00273	0.00601
16	0.00850	0.00716	0.01993	0.00655	0.00951	0.00579	0.00516	0.01118	0.08193	0.02944	0.05615	0.13590	0.02372	0.01612	0.00404	0.00100	0.00310	0.00467	0.00312	0.56704
17	0.03037	0.06526	0.22067	0.01117	0.04055	0.20095	0.05307	0.09759	0.08587	0.04383	0.02874	0.01186	0.00827	0.01587	0.00480	0.00136	0.04216	0.02898	0.00274	0.00587
18	0.02434	0.03382	0.26637	0.01234	0.05129	0.03812	0.17959	0.09219	0.01112	0.17924	0.01097	0.06226	0.00839	0.00492	0.00441	0.00137	0.00552	0.00443	0.00302	0.00629
19	0.00911	0.00911	0.08571	0.34359	0.07457	0.00904	0.00983	0.05071	0.16560	0.02997	0.11245	0.02839	0.01282	0.00560	0.00448	0.00143	0.00464	0.03442	0.00304	0.00549
20	0.00878	0.00909	0.05785	0.59872	0.05369	0.01010	0.06287	0.03147	0.04110	0.01207	0.00806	0.01134	0.00614	0.00455	0.00506	0.00146	0.06649	0.00391	0.00209	0.00515
21	0.01041	0.05558	0.17655	0.04039	0.03719	0.09146	0.32345	0.01441	0.08359	0.01330	0.00866	0.01063	0.00669	0.00434	0.00523	0.00138	0.07484	0.00406	0.00228	0.03556
22	0.00625	0.00424	0.00503	0.00503	0.00514	0.00435	0.00302	0.00648	0.00636	0.00860	0.01327	0.02652	0.01494	0.72803	0.14152	0.00458	0.00526	0.00602	0.00257	0.00279
23	0.00582	0.00443	0.00582	0.00580	0.00678	0.00404	0.02316	0.00737	0.01053	0.01421	0.39788	0.24745	0.18734	0.01049	0.00524	0.00151	0.00241	0.05153	0.00430	0.00387
24	0.01022	0.01234	0.13780	0.19331	0.09014	0.05866	0.19074	0.06568	0.05354	0.01363	0.00832	0.01075	0.00646	0.00469	0.00582	0.00145	0.12445	0.00401	0.00228	0.00571
25	0.00544	0.00415	0.00497	0.00540	0.00622	0.00374	0.00387	0.00652	0.00932	0.01200	0.12651	0.36968	0.31765	0.04690	0.00602	0.00171	0.00249	0.05978	0.00403	0.00361
26	0.01010	0.01106	0.12647	0.10794	0.09562	0.03812	0.00938	0.04333	0.33428	0.02741	0.04542	0.01454	0.03714	0.00588	0.01565	0.00150	0.06237	0.00447	0.00325	0.00608
27	0.01133	0.00811	0.00907	0.00817	0.01042	0.00890	0.00631	0.02004	0.55980	0.15125	0.01837	0.14016	0.01503	0.00691	0.00454	0.00148	0.00332	0.00589	0.00448	0.00641
28	0.03184	0.14704	0.25903	0.06548	0.13492	0.01102	0.01091	0.11372	0.04931	0.09482	0.03563	0.01087	0.00793	0.00450	0.00398	0.00128	0.00504	0.00359	0.00277	0.00632
29	0.14082	0.01233	0.01156	0.02687	0.01276	0.12592	0.00764	0.48886	0.09466	0.02248	0.00985	0.01008	0.00723	0.00495	0.00402	0.00129	0.00485	0.00360	0.00374	0.00651

[dist]
# distance from previous block
# <min> <max>
2	3

[block]
# block no. 6 follows, 61 sequences, length 14
# corresponding to MSA columns:
# 695-708
name=unknown_G
#
# <colnr> <probs for GDERKNQSTAVLIFYWHMCP>
#	G	D	E	R	K	N	Q	S	T	A	V	L	I	F	Y	W	H	M	C	P
0	0.00525	0.00390	0.00490	0.00565	0.00617	0.00355	0.00386	0.00612	0.00872	0.01138	0.05994	0.65319	0.18607	0.01279	0.00540	0.00167	0.00242	0.01144	0.00403	0.00355
1	0.01039	0.00931	0.01186	0.10677	0.13107	0.01052	0.04081	0.01976	0.57263	0.01647	0.01468	0.01458	0.01112	0.00529	0.00439	0.00143	0.00408	0.00461	0.00368	0.00654
2	0.00721	0.00494	0.00628	0.00623	0.00731	0.00480	0.00463	0.00993	0.09940	0.06615	0.38879	0.28984	0.03109	0.00990	0.00513	0.00152	0.00253	0.04546	0.00447	0.00439
3	0.01071	0.00925	0.00974	0.00877	0.01120	0.01071	0.00682	0.02289	0.81396	0.01802	0.01753	0.01607	0.01315	0.00584	0.00438	0.00146	0.00341	0.00487	0.00438	0.00682
4	0.04156	0.00766	0.00889	0.00642	0.01018	0.00592	0.00515	0.01147	0.00906	0.05851	0.00811	0.00917	0.00655	0.00334	0.00323	0.00070	0.00322	0.00264	0.00271	0.79549
5	0.01590	0.01054	0.01304	0.01006	0.01342	0.03716	0.09662	0.36460	0.10944	0.26405	0.01288	0.01237	0.00887	0.00510	0.00440	0.00134	0.00464	0.00423	0.00432	0.00702
6	0.00942	0.00942	0.01319	0.01131	0.01131	0.01319	0.00942	0.01037	0.00660	0.01037	0.00565	0.00942	0.00565	0.00754	0.01414	0.00188	0.84073	0.00377	0.00188	0.00471
7	0.00525	0.00375	0.00500	0.00600	0.00625	0.00350	0.00400	0.00600	0.00825	0.01100	0.02374	0.84580	0.02849	0.01350	0.00550	0.00175	0.00250	0.01225	0.00400	0.00350
8	0.00564	0.00418	0.00526	0.00541	0.00626	0.00380	0.00390	0.00708	0.01048	0.01420	0.41883	0.29821	0.17946	0.01071	0.00522	0.00150	0.00221	0.00948	0.00436	0.00380
9	0.00724	0.00563	0.00688	0.00634	0.00811	0.00492	0.00483	0.04187	0.00964	0.01354	0.10722	0.27577	0.06400	0.03843	0.00528	0.00143	0.00300	0.10974	0.00358	0.28257
10	0.00734	0.00552	0.00796	0.16603	0.01184	0.00562	0.03404	0.00965	0.04432	0.06191	0.31835	0.19823	0.09498	0.00860	0.00495	0.00147	0.00320	0.00766	0.00391	0.00442
11	0.01031	0.02518	0.14942	0.02578	0.07116	0.00709	0.06867	0.02943	0.03069	0.16060	0.10249	0.01654	0.07302	0.00781	0.00726	0.19733	0.00431	0.00473	0.00313	0.00505
12	0.15509	0.08553	0.04543	0.07577	0.08741	0.05986	0.06703	0.06061	0.07711	0.13910	0.01012	0.02922	0.00790	0.02683	0.00484	0.00140	0.04190	0.00384	0.00303	0.01799
13	0.05968	0.01051	0.06317	0.18178	0.11108	0.09169	0.00899	0.09307	0.01111	0.19304	0.01069	0.01162	0.02626	0.00457	0.00405	0.00125	0.00485	0.00369	0.00312	0.10577

[dist]
# distance from previous block
# <min> <max>
0	24

[block]
# block no. 7 follows, 61 sequences, length 19
# corresponding to MSA columns:
# 733-751
name=unknown_H
#
# <colnr> <probs for GDERKNQSTAVLIFYWHMCP>
#	G	D	E	R	K	N	Q	S	T	A	V	L	I	F	Y	W	H	M	C	P
0	0.01051	0.02781	0.07445	0.00812	0.01067	0.02104	0.00694	0.12199	0.21080	0.08666	0.05015	0.01658	0.03151	0.04335	0.16974	0.00254	0.00550	0.02554	0.00354	0.07257
1	0.00784	0.00625	0.03050	0.00697	0.02969	0.00589	0.00531	0.06464	0.11217	0.04055	0.40705	0.08478	0.10823	0.03549	0.00547	0.00151	0.00283	0.03578	0.00431	0.00474
2	0.00624	0.00426	0.00515	0.00515	0.00530	0.00442	0.00317	0.00655	0.00640	0.00868	0.01316	0.02592	0.01468	0.68457	0.18463	0.00473	0.00566	0.00593	0.00255	0.00286
3	0.01919	0.00754	0.01013	0.00777	0.01110	0.00665	0.00641	0.05646	0.01269	0.78875	0.01669	0.01447	0.01051	0.00532	0.00433	0.00133	0.00371	0.00431	0.00529	0.00733
4	0.10099	0.26558	0.06432	0.00897	0.05344	0.01075	0.02880	0.05183	0.01071	0.33260	0.02568	0.01104	0.00827	0.00456	0.00370	0.00121	0.00427	0.00348	0.00348	0.00633
5	0.01073	0.03409	0.05732	0.39579	0.12219	0.12470	0.04678	0.07211	0.05495	0.02811	0.00850	0.01085	0.00648	0.00438	0.00423	0.00134	0.00578	0.00373	0.00237	0.00557
6	0.00574	0.00427	0.00534	0.00533	0.00628	0.00387	0.00390	0.00733	0.01096	0.01495	0.51305	0.19338	0.18948	0.01013	0.00516	0.00145	0.00215	0.00892	0.00445	0.00387
7	0.01002	0.03916	0.18880	0.09802	0.18099	0.02249	0.22159	0.06325	0.05235	0.01456	0.04711	0.02426	0.00857	0.00445	0.00446	0.00137	0.00574	0.00433	0.00245	0.00604
8	0.00819	0.02301	0.17342	0.03938	0.02380	0.00657	0.01639	0.03917	0.01030	0.04220	0.18441	0.05548	0.14283	0.00642	0.00432	0.00121	0.00367	0.00543	0.00327	0.21053
9	0.66868	0.03700	0.00801	0.00708	0.02988	0.11326	0.00555	0.03031	0.00841	0.01769	0.00688	0.02102	0.00573	0.00439	0.00302	0.00131	0.00401	0.02031	0.00265	0.00481
10	0.01186	0.75825	0.02183	0.00795	0.01157	0.05574	0.03050	0.04053	0.00936	0.01085	0.00625	0.00721	0.00562	0.00377	0.00294	0.00096	0.00484	0.00246	0.00196	0.00557
11	0.00901	0.00840	0.04089	0.21050	0.10785	0.00860	0.12301	0.06393	0.04014	0.03058	0.10835	0.03660	0.01245	0.06984	0.08096	0.00212	0.03388	0.00498	0.00278	0.00515
12	0.00547	0.00408	0.00509	0.00546	0.00621	0.00370	0.00386	0.00668	0.00979	0.01304	0.26867	0.42114	0.20806	0.01150	0.00528	0.00156	0.00229	0.01020	0.00422	0.00370
13	0.00535	0.00387	0.00503	0.00588	0.00624	0.00363	0.00398	0.00614	0.00827	0.01093	0.02438	0.70141	0.08705	0.05733	0.02707	0.00199	0.00283	0.03124	0.00388	0.00348
14	0.00683	0.00527	0.00635	0.00596	0.00725	0.00523	0.00450	0.01060	0.15815	0.01677	0.58639	0.05278	0.10010	0.00857	0.00497	0.00139	0.00231	0.00749	0.00459	0.00452
15	0.03212	0.00949	0.01193	0.27654	0.01744	0.08186	0.04472	0.14139	0.04861	0.03733	0.05370	0.05136	0.02929	0.00622	0.02005	0.00153	0.10880	0.00454	0.00288	0.02021
16	0.14496	0.33868	0.06485	0.03468	0.04177	0.06663	0.02063	0.05225	0.03858	0.02452	0.04912	0.01087	0.04113	0.00464	0.00371	0.00117	0.02542	0.00334	0.00253	0.03053
17	0.04052	0.12291	0.05482	0.04795	0.02573	0.14698	0.05609	0.09120	0.07232	0.04770	0.06751	0.01187	0.00953	0.02465	0.01421	0.00130	0.01958	0.00370	0.00288	0.13855
18	0.20102	0.11377	0.04631	0.00896	0.05308	0.06482	0.02379	0.10021	0.07660	0.09926	0.04473	0.03720	0.04581	0.00621	0.03056	0.00149	0.03329	0.00406	0.00320	0.00561

[dist]
# distance from previous block
# <min> <max>
0	77

[block]
# block no. 8 follows, 61 sequences, length 61
# corresponding to MSA columns:
# 829-839,841-879,882-892
name=unknown_I
#
# <colnr> <probs for GDERKNQSTAVLIFYWHMCP>
#	G	D	E	R	K	N	Q	S	T	A	V	L	I	F	Y	W	H	M	C	P
0	0.02680	0.05078	0.10840	0.20321	0.05742	0.06997	0.03404	0.04773	0.06104	0.06957	0.16938	0.04514	0.02707	0.00573	0.00438	0.00135	0.00465	0.00487	0.00311	0.00537
1	0.00663	0.00454	0.00604	0.00679	0.03086	0.00418	0.00472	0.00772	0.00890	0.05848	0.04186	0.54987	0.07492	0.03216	0.00570	0.00172	0.00286	0.10131	0.00393	0.04681
2	0.00828	0.00881	0.08715	0.40997	0.01971	0.02650	0.00956	0.05036	0.05934	0.01300	0.07738	0.05135	0.10512	0.00665	0.02315	0.00156	0.02932	0.00510	0.00274	0.00492
3	0.00856	0.00714	0.04464	0.00733	0.02852	0.01833	0.01835	0.02357	0.06739	0.02806	0.04719	0.06804	0.04234	0.00853	0.01992	0.23619	0.00372	0.01965	0.00280	0.29973
4	0.01137	0.39087	0.18374	0.05102	0.01545	0.01381	0.11867	0.14206	0.01088	0.01415	0.00750	0.00878	0.00595	0.00403	0.00368	0.00117	0.00540	0.00319	0.00229	0.00599
5	0.01037	0.03048	0.11452	0.27706	0.24383	0.00986	0.03002	0.06445	0.05688	0.06951	0.02928	0.02743	0.00817	0.00462	0.00430	0.00136	0.00516	0.00410	0.00261	0.00600
6	0.00598	0.00438	0.00561	0.00533	0.00637	0.00401	0.00399	0.00789	0.01187	0.01658	0.72537	0.05293	0.11537	0.00912	0.00509	0.00137	0.00206	0.00802	0.00465	0.00401
7	0.00714	0.03159	0.08677	0.00678	0.00852	0.01767	0.01843	0.00976	0.06245	0.03433	0.38483	0.15943	0.12250	0.00876	0.00507	0.00143	0.01843	0.00759	0.00402	0.00450
8	0.04311	0.13623	0.17609	0.14150	0.14295	0.06169	0.01077	0.14588	0.03001	0.04832	0.00841	0.00984	0.00641	0.00436	0.00409	0.00128	0.01699	0.00341	0.00256	0.00611
9	0.00910	0.00668	0.00764	0.01684	0.02221	0.02946	0.00537	0.07670	0.16121	0.08838	0.27656	0.14344	0.12222	0.00833	0.00483	0.00143	0.00300	0.00717	0.00435	0.00508
10	0.03170	0.05047	0.19720	0.21320	0.16814	0.01080	0.06241	0.11412	0.08267	0.01518	0.00893	0.01075	0.00676	0.00434	0.00420	0.00135	0.00542	0.00376	0.00249	0.00612
11	0.00955	0.00655	0.00835	0.02076	0.00944	0.04821	0.04540	0.04046	0.03963	0.15511	0.07083	0.32253	0.04291	0.01109	0.06765	0.01886	0.02023	0.04059	0.00386	0.01799
12	0.00732	0.00534	0.00676	0.01959	0.03238	0.00519	0.00479	0.04811	0.05946	0.04133	0.54646	0.06482	0.10458	0.02818	0.00536	0.00145	0.00253	0.00741	0.00444	0.00448
13	0.02885	0.00707	0.05889	0.06866	0.03292	0.00663	0.00643	0.08371	0.05856	0.03458	0.03673	0.36669	0.06993	0.02531	0.00601	0.03086	0.03946	0.01847	0.00352	0.01673
14	0.05017	0.07567	0.26264	0.11542	0.19400	0.01077	0.04671	0.09011	0.02903	0.02968	0.00858	0.02816	0.00677	0.00448	0.00439	0.00134	0.02987	0.00373	0.00237	0.00612
15	0.00947	0.01253	0.24784	0.13337	0.11638	0.00935	0.07212	0.05788	0.09987	0.03338	0.02814	0.02760	0.07181	0.00525	0.00455	0.00138	0.01825	0.01560	0.00272	0.03251
16	0.87904	0.00833	0.00633	0.00566	0.00833	0.00966	0.00467	0.01266	0.00733	0.01933	0.00600	0.00700	0.00467	0.00400	0.00267	0.00133	0.00333	0.00233	0.00267	0.00467
17	0.00663	0.00459	0.00587	0.00557	0.00666	0.00427	0.00418	0.00866	0.02884	0.04674	0.62853	0.06700	0.08724	0.04615	0.00583	0.00152	0.00230	0.03073	0.00456	0.00413
18	0.00614	0.00447	0.00609	0.00608	0.00672	0.00483	0.00446	0.00732	0.00754	0.01051	0.10080	0.02344	0.05901	0.23578	0.47439	0.00522	0.00798	0.02288	0.00277	0.00355
19	0.01933	0.00733	0.01000	0.00766	0.01100	0.00633	0.00633	0.02099	0.01233	0.82473	0.01699	0.01466	0.01066	0.00533	0.00433	0.00133	0.00367	0.00433	0.00533	0.00733
20	0.00893	0.00766	0.00893	0.00638	0.01021	0.00574	0.00510	0.01085	0.00893	0.01404	0.00766	0.00893	0.00638	0.00319	0.00319	0.00064	0.00319	0.00255	0.00255	0.87495
21	0.00525	0.00375	0.00500	0.00600	0.00625	0.00350	0.00400	0.00600	0.00825	0.01100	0.02374	0.84580	0.02849	0.01350	0.00550	0.00175	0.00250	0.01225	0.00400	0.00350
22	0.01071	0.00925	0.00974	0.00877	0.01120	0.01071	0.00682	0.02289	0.81396	0.01802	0.01753	0.01607	0.01315	0.00584	0.00438	0.00146	0.00341	0.00487	0.00438	0.00682
23	0.04082	0.00852	0.03504	0.28188	0.10290	0.00916	0.00922	0.06712	0.17928	0.07183	0.06677	0.01620	0.01153	0.00613	0.02344	0.00156	0.00467	0.05502	0.00321	0.00569
24	0.01104	0.03130	0.39913	0.01032	0.01477	0.00965	0.02311	0.09094	0.15645	0.12291	0.04282	0.02497	0.00997	0.00520	0.00430	0.00139	0.00501	0.02708	0.00319	0.00644
25	0.87904	0.00833	0.00633	0.00566	0.00833	0.00966	0.00467	0.01266	0.00733	0.01933	0.00600	0.00700	0.00467	0.00400	0.00267	0.00133	0.00333	0.00233	0.00267	0.00467
26	0.01105	0.00997	0.00990	0.00891	0.01133	0.06256	0.00691	0.02253	0.76331	0.01755	0.01685	0.01555	0.01267	0.00576	0.00435	0.00144	0.00368	0.00474	0.00425	0.00670
27	0.00545	0.00424	0.00495	0.00506	0.00611	0.00374	0.00369	0.00676	0.01023	0.01330	0.28731	0.21729	0.39483	0.01081	0.00518	0.00149	0.00220	0.00938	0.00424	0.00374
28	0.00564	0.00418	0.00526	0.00542	0.00626	0.00380	0.00390	0.00708	0.01047	0.01421	0.42015	0.30166	0.17464	0.01072	0.00522	0.00150	0.00221	0.00949	0.00437	0.00380
29	0.00606	0.00440	0.00571	0.00538	0.00642	0.00405	0.00404	0.00807	0.01212	0.01709	0.79406	0.03248	0.06617	0.00888	0.00508	0.00136	0.00204	0.00783	0.00472	0.00405
30	0.01296	0.58943	0.01931	0.00854	0.01177	0.27365	0.00767	0.01425	0.00984	0.01026	0.00620	0.00718	0.00553	0.00392	0.00312	0.00098	0.00560	0.00245	0.00196	0.00536
31	0.16521	0.48961	0.04532	0.02110	0.01160	0.04173	0.00743	0.14878	0.01059	0.01481	0.00684	0.00769	0.00568	0.00404	0.00312	0.00109	0.00459	0.00265	0.00242	0.00568
32	0.00737	0.00470	0.00606	0.00555	0.00685	0.00426	0.00422	0.00927	0.01198	0.10012	0.66378	0.03124	0.11071	0.00864	0.00500	0.00136	0.00221	0.00756	0.00473	0.00436
33	0.00869	0.00511	0.00661	0.00614	0.00749	0.00477	0.00460	0.02909	0.03590	0.16322	0.42068	0.21200	0.04126	0.02775	0.00537	0.00151	0.00259	0.00797	0.00460	0.00466
34	0.01907	0.00739	0.00999	0.00770	0.01100	0.00646	0.00635	0.02105	0.03581	0.80110	0.01701	0.01470	0.01074	0.00535	0.00433	0.00134	0.00366	0.00435	0.00530	0.00732
35	0.01637	0.01207	0.01293	0.00991	0.01336	0.01336	0.00819	0.80738	0.02025	0.02715	0.01034	0.01034	0.00733	0.00517	0.00431	0.00129	0.00474	0.00388	0.00431	0.00733
36	0.00803	0.00401	0.00401	0.00401	0.00502	0.00401	0.00301	0.01004	0.00903	0.01606	0.01405	0.01606	0.01104	0.00502	0.00301	0.00100	0.00201	0.00401	0.87253	0.00401
37	0.00615	0.00462	0.00692	0.00692	0.00769	0.00538	0.00538	0.00769	0.00692	0.01000	0.01154	0.01692	0.01077	0.03231	0.83154	0.00692	0.01154	0.00462	0.00231	0.00385
38	0.01933	0.00733	0.01000	0.00766	0.01100	0.00633	0.00633	0.02099	0.01233	0.82473	0.01699	0.01466	0.01066	0.00533	0.00433	0.00133	0.00367	0.00433	0.00533	0.00733
39	0.00650	0.00488	0.00596	0.00588	0.00688	0.00477	0.00428	0.02442	0.09500	0.01506	0.41747	0.23452	0.09362	0.05363	0.00598	0.00162	0.00247	0.00855	0.00434	0.00417
40	0.00583	0.00451	0.00525	0.00510	0.00631	0.00405	0.00381	0.02550	0.01104	0.01456	0.40110	0.09691	0.38044	0.01000	0.00510	0.00143	0.00220	0.00861	0.00435	0.00391
41	0.01220	0.42169	0.10888	0.05579	0.06936	0.20103	0.00922	0.02464	0.00984	0.02887	0.00687	0.00811	0.00576	0.00406	0.00359	0.00110	0.01855	0.00279	0.00206	0.00560
42	0.01609	0.05738	0.01338	0.00988	0.01323	0.08195	0.00816	0.69908	0.01897	0.02485	0.00980	0.00994	0.00708	0.00503	0.00419	0.00126	0.00499	0.00370	0.00400	0.00704
43	0.01027	0.03039	0.02255	0.01629	0.01975	0.01138	0.61012	0.01327	0.00948	0.03246	0.00824	0.01115	0.00644	0.00445	0.00681	0.00152	0.17288	0.00474	0.00219	0.00562
44	0.05234	0.01087	0.04350	0.02183	0.08240	0.07069	0.00781	0.35793	0.10708	0.01926	0.02833	0.01324	0.00925	0.07160	0.01921	0.05719	0.00478	0.01325	0.00345	0.00598
45	0.00576	0.00410	0.00514	0.00554	0.00626	0.00373	0.00388	0.00681	0.00942	0.03003	0.19536	0.45712	0.19588	0.03010	0.00583	0.01462	0.00241	0.01021	0.00412	0.00369
