[name]
unknown

[dist]
# distance from previous block
# <min> <max>
0	1329

[block]
# block no. 0 follows, 47 sequences, length 12
# corresponding to MSA columns:
# 1770-1781
name=unknown_A
#
# <colnr> <probs for GDERKNQSTAVLIFYWHMCP>
#	G	D	E	R	K	N	Q	S	T	A	V	L	I	F	Y	W	H	M	C	P
0	0.00791	0.00592	0.00708	0.00742	0.00786	0.02775	0.00520	0.00878	0.00910	0.01203	0.01989	0.18368	0.02243	0.39117	0.10493	0.00422	0.02977	0.13722	0.00368	0.00397
1	0.01980	0.01459	0.01563	0.01198	0.01615	0.01615	0.00990	0.76713	0.02448	0.03282	0.01250	0.01250	0.00886	0.00625	0.00521	0.00156	0.00573	0.00469	0.00521	0.00886
2	0.00994	0.00940	0.01564	0.75234	0.03440	0.01186	0.01426	0.01325	0.01025	0.01325	0.00910	0.01372	0.00694	0.00546	0.00599	0.00177	0.05971	0.00462	0.00231	0.00578
3	0.01038	0.00984	0.01649	0.64851	0.15155	0.01189	0.01456	0.01369	0.01053	0.01385	0.00923	0.01362	0.00714	0.00529	0.00573	0.00173	0.04282	0.00463	0.00235	0.00617
4	0.10508	0.06910	0.01444	0.01152	0.01477	0.42413	0.00905	0.17899	0.01560	0.01859	0.00921	0.01028	0.00731	0.00536	0.00448	0.00136	0.00724	0.00357	0.02775	0.06216
5	0.01980	0.01459	0.01563	0.01198	0.01615	0.01615	0.00990	0.76713	0.02448	0.03282	0.01250	0.01250	0.00886	0.00625	0.00521	0.00156	0.00573	0.00469	0.00521	0.00886
6	0.01111	0.00784	0.03419	0.00878	0.01069	0.00736	0.00705	0.11780	0.04802	0.10719	0.05053	0.29721	0.06873	0.04891	0.00713	0.00210	0.00416	0.15043	0.00496	0.00580
7	0.01198	0.37675	0.45363	0.01223	0.01849	0.01585	0.01469	0.01610	0.01081	0.01462	0.00842	0.00983	0.00663	0.00473	0.00424	0.00141	0.00676	0.00338	0.00221	0.00725
8	0.12080	0.00673	0.00778	0.00793	0.00940	0.00699	0.00617	0.03364	0.06311	0.01657	0.07221	0.17409	0.07228	0.10164	0.06383	0.00276	0.00472	0.20394	0.00435	0.02105
9	0.62094	0.01016	0.04259	0.00724	0.01046	0.01065	0.00622	0.03993	0.01012	0.06888	0.00968	0.01080	0.00730	0.00515	0.00354	0.00156	0.00405	0.00336	0.12146	0.00592
10	0.01287	0.32262	0.36862	0.01197	0.01770	0.01561	0.01360	0.11570	0.01253	0.01689	0.00916	0.01059	0.00719	0.00632	0.03642	0.00171	0.00689	0.00363	0.00263	0.00735
11	0.39586	0.01119	0.01118	0.00927	0.01253	0.05964	0.02904	0.09089	0.03234	0.20641	0.03757	0.01279	0.00963	0.00589	0.00508	0.00164	0.05387	0.00412	0.00422	0.00684

[dist]
# distance from previous block
# <min> <max>
0	1

[block]
# block no. 1 follows, 47 sequences, length 84
# corresponding to MSA columns:
# 1783-1844,1869-1890
name=unknown_B
#
# <colnr> <probs for GDERKNQSTAVLIFYWHMCP>
#	G	D	E	R	K	N	Q	S	T	A	V	L	I	F	Y	W	H	M	C	P
0	0.20372	0.01150	0.01175	0.00929	0.01297	0.01222	0.00756	0.36013	0.04156	0.02593	0.01147	0.01247	0.00872	0.01926	0.00475	0.00147	0.00466	0.00408	0.07660	0.15989
1	0.13524	0.00954	0.01473	0.64550	0.07138	0.01163	0.01323	0.01374	0.01026	0.01499	0.00899	0.01303	0.00682	0.00512	0.00491	0.00171	0.00647	0.00436	0.00246	0.00589
2	0.01080	0.10769	0.71235	0.01424	0.02161	0.01296	0.01819	0.01640	0.01095	0.01606	0.00913	0.01073	0.00661	0.00490	0.00478	0.00159	0.00748	0.00374	0.00220	0.00759
3	0.01929	0.01383	0.01490	0.01153	0.01552	0.01522	0.00949	0.68099	0.04803	0.06264	0.01330	0.01323	0.00944	0.00628	0.00515	0.00156	0.00549	0.00476	0.04067	0.00867
4	0.01063	0.05897	0.74545	0.01490	0.03555	0.01245	0.01876	0.01645	0.01099	0.01633	0.00927	0.01092	0.00663	0.00492	0.00489	0.00163	0.00758	0.00382	0.00221	0.00766
5	0.00737	0.00519	0.00623	0.00605	0.00674	0.00494	0.00402	0.00859	0.01117	0.01531	0.36740	0.03751	0.09150	0.38820	0.01567	0.00324	0.00368	0.00868	0.00446	0.00405
6	0.00732	0.00532	0.00689	0.00650	0.00775	0.00489	0.00487	0.00973	0.01462	0.02061	0.75207	0.03936	0.07899	0.01075	0.00614	0.00164	0.00246	0.00948	0.00570	0.00489
7	0.00725	0.00531	0.00672	0.00637	0.00761	0.00486	0.00473	0.00947	0.01412	0.01967	0.66869	0.03993	0.12851	0.04554	0.00702	0.00180	0.00259	0.00951	0.00552	0.00478
8	0.00651	0.00465	0.00608	0.00708	0.00742	0.00441	0.00471	0.00738	0.00973	0.01295	0.02765	0.67804	0.05643	0.09647	0.04186	0.00266	0.00367	0.01358	0.00458	0.00415
9	0.01264	0.01212	0.02068	0.09595	0.72249	0.01231	0.01586	0.01576	0.01174	0.01671	0.00975	0.01297	0.00814	0.00469	0.00516	0.00156	0.00625	0.00464	0.00256	0.00804
10	0.01098	0.02292	0.61097	0.13162	0.02377	0.01187	0.01760	0.01685	0.04325	0.04732	0.01028	0.01205	0.00729	0.00514	0.00501	0.00167	0.00730	0.00411	0.00252	0.00748
11	0.00983	0.00926	0.01562	0.80447	0.03587	0.01157	0.01446	0.01331	0.01041	0.01331	0.00926	0.01388	0.00694	0.00521	0.00521	0.00174	0.00694	0.00463	0.00231	0.00579
12	0.01094	0.01039	0.01762	0.52437	0.30731	0.01186	0.01501	0.01428	0.01094	0.01465	0.00945	0.01352	0.00742	0.00500	0.00519	0.00167	0.00667	0.00463	0.00241	0.00668
13	0.00646	0.00462	0.00618	0.00739	0.00774	0.00433	0.00504	0.00745	0.01009	0.01343	0.02864	0.77028	0.03419	0.01620	0.00668	0.00213	0.00312	0.05695	0.00483	0.00426
14	0.00701	0.00531	0.00646	0.00617	0.00756	0.00476	0.00463	0.00913	0.01389	0.01885	0.56472	0.04224	0.26743	0.01140	0.00615	0.00167	0.00251	0.00989	0.00547	0.00476
15	0.01288	0.03818	0.01254	0.07410	0.01484	0.00850	0.02588	0.05612	0.01206	0.11254	0.01099	0.01222	0.00847	0.00451	0.00424	0.00105	0.00443	0.00368	0.02543	0.55736
16	0.01169	0.00854	0.01228	0.15527	0.10463	0.00888	0.04026	0.01604	0.14036	0.13054	0.02219	0.18252	0.10349	0.00880	0.00562	0.00177	0.00467	0.00780	0.02819	0.00649
17	0.05064	0.08290	0.17572	0.02861	0.07286	0.05146	0.06246	0.08679	0.08810	0.14952	0.03028	0.06208	0.01172	0.01740	0.00536	0.00166	0.00588	0.00526	0.00388	0.00743
18	0.01354	0.00890	0.01096	0.00897	0.03935	0.00738	0.00680	0.04014	0.02947	0.19734	0.01621	0.07858	0.05368	0.00614	0.00465	0.00120	0.00401	0.00512	0.00421	0.46333
19	0.00691	0.00508	0.00648	0.00660	0.00762	0.00465	0.00477	0.00877	0.01297	0.01778	0.46736	0.27074	0.13566	0.01265	0.00629	0.00179	0.00265	0.01122	0.00535	0.00465
20	0.00823	0.00656	0.00984	0.16860	0.05452	0.00740	0.00784	0.00990	0.00929	0.01274	0.04604	0.14753	0.01698	0.14123	0.27141	0.03444	0.03238	0.00720	0.00315	0.00473
21	0.01490	0.13231	0.18769	0.03109	0.01642	0.16552	0.04212	0.05022	0.02622	0.14546	0.05156	0.04242	0.03793	0.00649	0.00501	0.00155	0.00639	0.02609	0.00364	0.00696
22	0.85377	0.01007	0.00765	0.00685	0.01007	0.01168	0.00564	0.01531	0.00886	0.02336	0.00725	0.00846	0.00564	0.00483	0.00322	0.00161	0.00403	0.00282	0.00322	0.00564
23	0.00850	0.00600	0.00811	0.00899	0.01021	0.00596	0.00752	0.01118	0.04469	0.03280	0.07703	0.16670	0.04653	0.01391	0.00690	0.00225	0.00430	0.52854	0.00492	0.00495
24	0.01248	0.00875	0.01290	0.02290	0.02496	0.03943	0.13770	0.06032	0.01262	0.16899	0.02108	0.34102	0.02111	0.01043	0.00600	0.00186	0.00490	0.05205	0.03438	0.00612
25	0.00983	0.00926	0.01562	0.80447	0.03587	0.01157	0.01446	0.01331	0.01041	0.01331	0.00926	0.01388	0.00694	0.00521	0.00521	0.00174	0.00694	0.00463	0.00231	0.00579
26	0.00708	0.00484	0.00582	0.00631	0.00643	0.00472	0.00383	0.00744	0.00853	0.01137	0.02131	0.34517	0.02512	0.49744	0.01858	0.00388	0.00424	0.01046	0.00383	0.00358
27	0.01989	0.01488	0.01548	0.01196	0.01606	0.05183	0.00984	0.70957	0.02374	0.05548	0.01255	0.01252	0.00888	0.00622	0.00519	0.00155	0.00586	0.00464	0.00513	0.00873
28	0.00743	0.00502	0.00569	0.00578	0.00587	0.00496	0.00331	0.00755	0.00792	0.01049	0.01877	0.09190	0.05082	0.72589	0.02423	0.00470	0.00480	0.00824	0.00335	0.00328
29	0.00649	0.00465	0.00616	0.00732	0.00770	0.00436	0.00500	0.00748	0.01008	0.01338	0.02888	0.73529	0.04936	0.03276	0.00708	0.00219	0.00316	0.05961	0.00480	0.00425
30	0.00648	0.00462	0.00613	0.00729	0.00761	0.00434	0.00492	0.00742	0.00996	0.01326	0.02814	0.74835	0.03360	0.04996	0.00751	0.00225	0.00318	0.04604	0.00476	0.00421
31	0.01107	0.17055	0.65190	0.01377	0.02088	0.01364	0.01737	0.01633	0.01092	0.01572	0.00896	0.01052	0.00661	0.00486	0.00466	0.00155	0.00731	0.00366	0.00220	0.00751
32	0.01371	0.00998	0.01107	0.00973	0.01262	0.01094	0.00762	0.04107	0.52402	0.13534	0.11279	0.02258	0.05012	0.00763	0.00542	0.00172	0.00395	0.00639	0.00550	0.00780
33	0.01034	0.00619	0.00611	0.00590	0.00740	0.02142	0.00447	0.01457	0.12447	0.01966	0.03128	0.01958	0.01425	0.00628	0.00395	0.00131	0.00281	0.00506	0.68956	0.00538
34	0.01394	0.01174	0.02178	0.01602	0.02024	0.01117	0.40767	0.04353	0.01280	0.15691	0.05299	0.03502	0.01156	0.00574	0.00652	0.00166	0.06514	0.00587	0.00365	0.09607
35	0.01080	0.00926	0.01080	0.00771	0.01234	0.00694	0.00617	0.01311	0.01080	0.01697	0.00926	0.01080	0.00771	0.00386	0.00386	0.00077	0.00386	0.00309	0.00309	0.84882
36	0.78535	0.00997	0.00802	0.00705	0.01034	0.01135	0.00581	0.01614	0.00936	0.08638	0.00835	0.00922	0.00624	0.00497	0.00339	0.00161	0.00406	0.00302	0.00349	0.00591
37	0.03548	0.01320	0.01409	0.01124	0.01505	0.03066	0.00914	0.46802	0.20327	0.12159	0.01537	0.01466	0.01093	0.00642	0.00518	0.00161	0.00523	0.00498	0.00529	0.00859
38	0.00823	0.00624	0.00746	0.00717	0.00848	0.00626	0.00525	0.01226	0.14459	0.01839	0.42261	0.09974	0.08170	0.12371	0.00891	0.00220	0.00321	0.02328	0.00515	0.00515
39	0.01080	0.00926	0.01080	0.00771	0.01234	0.00694	0.00617	0.01311	0.01080	0.01697	0.00926	0.01080	0.00771	0.00386	0.00386	0.00077	0.00386	0.00309	0.00309	0.84882
40	0.01371	0.75348	0.02635	0.00930	0.01339	0.02022	0.00912	0.01534	0.01037	0.01228	0.00721	0.00860	0.00670	0.00484	0.00447	0.00121	0.07164	0.00293	0.00223	0.00660
41	0.01462	0.00986	0.01342	0.01022	0.01379	0.00932	0.05432	0.01674	0.01151	0.23760	0.01210	0.01311	0.00904	0.00568	0.00702	0.00137	0.16397	0.00418	0.00386	0.38828
42	0.01047	0.00964	0.01533	0.01275	0.01419	0.01136	0.14313	0.01228	0.00941	0.03763	0.01261	0.13324	0.01268	0.04761	0.11466	0.00299	0.34758	0.00658	0.00299	0.04285
43	0.00653	0.00461	0.00599	0.00702	0.00728	0.00435	0.00459	0.00730	0.00961	0.01282	0.02688	0.69790	0.03214	0.13514	0.00959	0.00255	0.00332	0.01373	0.00459	0.00407
44	0.00714	0.00531	0.00680	0.00755	0.00862	0.00497	0.00592	0.00883	0.01162	0.01504	0.10693	0.28325	0.21342	0.01432	0.00668	0.00209	0.00352	0.27856	0.00491	0.00454
45	0.10170	0.00905	0.01166	0.00908	0.01300	0.00820	0.00748	0.02450	0.03807	0.69174	0.01931	0.01690	0.01230	0.00631	0.00505	0.00162	0.00438	0.00503	0.00610	0.00854
46	0.02281	0.00975	0.01264	0.00969	0.01374	0.00897	0.00800	0.14066	0.01639	0.67072	0.01930	0.01691	0.01226	0.00642	0.00523	0.00160	0.00463	0.00515	0.00625	0.00886
47	0.00918	0.00643	0.00766	0.00742	0.00899	0.00619	0.00554	0.08414	0.04544	0.06387	0.19688	0.29215	0.20506	0.01235	0.00615	0.00184	0.00324	0.02695	0.00518	0.00533
48	0.00634	0.00453	0.00604	0.00725	0.00755	0.00423	0.00483	0.00725	0.00997	0.01329	0.02870	0.81358	0.03444	0.01632	0.00665	0.00211	0.00302	0.01480	0.00483	0.00423
49	0.01384	0.80044	0.04621	0.00906	0.01359	0.02039	0.00917	0.01562	0.01059	0.01236	0.00729	0.00842	0.00668	0.00447	0.00338	0.00113	0.00562	0.00281	0.00223	0.00671
50	0.00634	0.00453	0.00604	0.00725	0.00755	0.00423	0.00483	0.00725	0.00997	0.01329	0.02870	0.81358	0.03444	0.01632	0.00665	0.00211	0.00302	0.01480	0.00483	0.00423
51	0.01134	0.00924	0.01085	0.00778	0.01238	0.00697	0.00623	0.01364	0.01098	0.05007	0.00974	0.01110	0.00794	0.00397	0.00392	0.00081	0.00388	0.00318	0.00323	0.81276
52	0.03945	0.01264	0.01636	0.01362	0.01530	0.13816	0.14646	0.01391	0.00994	0.01352	0.00941	0.01389	0.00854	0.03461	0.17122	0.00332	0.32649	0.00488	0.00257	0.00571
53	0.02082	0.00995	0.01240	0.00983	0.01365	0.00966	0.00801	0.10421	0.17425	0.54872	0.01983	0.01753	0.01309	0.00655	0.00525	0.00164	0.00450	0.00531	0.00608	0.00873
54	0.01177	0.00892	0.01057	0.00792	0.01198	0.00719	0.00631	0.03054	0.04352	0.08679	0.10865	0.01537	0.01378	0.00513	0.00436	0.00101	0.00378	0.00423	0.00386	0.61433
55	0.00708	0.00522	0.00662	0.00646	0.00765	0.00476	0.00477	0.00918	0.01375	0.01900	0.58759	0.13742	0.14776	0.01170	0.00621	0.00171	0.00255	0.01031	0.00550	0.00476
56	0.00735	0.00532	0.00693	0.00653	0.00776	0.00490	0.00489	0.00978	0.01468	0.02075	0.76705	0.03913	0.06392	0.01070	0.00614	0.00164	0.00246	0.00945	0.00571	0.00490
57	0.09979	0.01051	0.01231	0.00970	0.01351	0.01056	0.00796	0.21450	0.07913	0.43382	0.01716	0.01570	0.01143	0.00628	0.00499	0.00160	0.00464	0.00491	0.03314	0.00837
58	0.00996	0.00938	0.01584	0.77302	0.06635	0.01160	0.01452	0.01341	0.01047	0.01346	0.00928	0.01384	0.00700	0.00518	0.00520	0.00173	0.00691	0.00463	0.00232	0.00589
59	0.02313	0.00891	0.01208	0.00930	0.01330	0.00777	0.00767	0.02543	0.03205	0.77082	0.02056	0.01776	0.01296	0.00646	0.00524	0.00161	0.00442	0.00525	0.00642	0.00885
60	0.01922	0.00908	0.01115	0.00895	0.01236	0.00877	0.00727	0.10398	0.11336	0.47149	0.01913	0.01768	0.01292	0.00644	0.00496	0.00156	0.00418	0.00519	0.15425	0.00807
61	0.00688	0.00491	0.00597	0.00656	0.00703	0.00465	0.00435	0.00765	0.00965	0.01264	0.04729	0.38409	0.13012	0.28738	0.01334	0.00307	0.00374	0.05246	0.00429	0.00394
62	0.00640	0.00476	0.00590	0.00678	0.00743	0.00434	0.00464	0.00739	0.01036	0.01339	0.03379	0.58676	0.20839	0.04850	0.00736	0.00216	0.00305	0.02961	0.00476	0.00424
63	0.00646	0.00464	0.00616	0.00733	0.00773	0.00434	0.00502	0.00747	0.01015	0.01346	0.02939	0.74433	0.05753	0.01610	0.00666	0.00212	0.00312	0.05889	0.00483	0.00427
64	0.01045	0.02694	0.79000	0.01484	0.02254	0.01209	0.01924	0.01649	0.01099	0.01649	0.00935	0.01099	0.00660	0.00495	0.00495	0.00165	0.00770	0.00385	0.00220	0.00770
65	0.00971	0.00485	0.00485	0.00485	0.00607	0.00485	0.00364	0.01213	0.01092	0.01942	0.01699	0.01942	0.01335	0.00607	0.00364	0.00121	0.00243	0.00485	0.84589	0.00485
66	0.02270	0.00943	0.01237	0.00954	0.01354	0.00856	0.00786	0.08808	0.04260	0.69724	0.01989	0.01734	0.01266	0.00645	0.00524	0.00161	0.00453	0.00521	0.00630	0.00884
67	0.01087	0.01030	0.01430	0.01243	0.01272	0.01399	0.01022	0.03645	0.00856	0.01302	0.00856	0.01382	0.00840	0.04676	0.14320	0.00335	0.62018	0.00485	0.00249	0.00553
68	0.00713	0.00491	0.00604	0.00646	0.00665	0.00488	0.00404	0.00761	0.00849	0.01140	0.02055	0.30865	0.02392	0.46748	0.08508	0.00429	0.00509	0.00996	0.00372	0.00366
69	0.00737	0.00532	0.00696	0.00655	0.00778	0.00491	0.00491	0.00983	0.01474	0.02088	0.78175	0.03890	0.04914	0.01065	0.00614	0.00164	0.00246	0.00942	0.00573	0.00491
70	0.01144	0.01153	0.01673	0.01411	0.01438	0.01580	0.05103	0.01275	0.00820	0.01275	0.00703	0.01153	0.00689	0.00887	0.01651	0.00225	0.76548	0.00464	0.00230	0.00577
71	0.01229	0.01215	0.01582	0.02714	0.05615	0.15783	0.21686	0.05924	0.01267	0.01662	0.01532	0.19044	0.01460	0.00765	0.00540	0.00163	0.00610	0.00710	0.15901	0.00597
72	0.01043	0.00506	0.00523	0.00509	0.00645	0.00500	0.00385	0.01283	0.01113	0.05981	0.01718	0.01933	0.01332	0.00609	0.00372	0.00123	0.00253	0.00487	0.80178	0.00506
73	0.01945	0.02482	0.01476	0.01342	0.01610	0.79608	0.01006	0.02079	0.01476	0.01275	0.00805	0.00939	0.00671	0.00537	0.00470	0.00134	0.00939	0.00335	0.00268	0.00604
74	0.01306	0.01285	0.02049	0.07427	0.70217	0.05351	0.01559	0.01609	0.01193	0.01658	0.00967	0.01276	0.00809	0.00471	0.00513	0.00155	0.00640	0.00457	0.00257	0.00799
75	0.77414	0.01050	0.00842	0.00734	0.01065	0.01211	0.00605	0.08709	0.01035	0.02427	0.00775	0.00885	0.00595	0.00497	0.00341	0.00161	0.00419	0.00300	0.00341	0.00595
76	0.01211	0.01352	0.02776	0.02029	0.02450	0.01373	0.61430	0.01585	0.01143	0.01585	0.00979	0.01352	0.00769	0.00534	0.00834	0.00186	0.16899	0.00583	0.00256	0.00676
77	0.00905	0.00452	0.00678	0.00678	0.00678	0.00452	0.00452	0.00678	0.00678	0.00905	0.00905	0.01583	0.00905	0.01809	0.02035	0.84848	0.00452	0.00452	0.00226	0.00226
78	0.01190	0.00922	0.01091	0.00785	0.01243	0.00700	0.00630	0.01419	0.01116	0.08477	0.01025	0.01141	0.00817	0.00408	0.00398	0.00085	0.00391	0.00327	0.00338	0.77497
79	0.01556	0.01082	0.01262	0.01047	0.01362	0.02639	0.02672	0.19454	0.24643	0.17024	0.03174	0.01819	0.03812	0.01080	0.10241	0.00247	0.02678	0.00552	0.00493	0.03163
80	0.00951	0.00495	0.00716	0.00701	0.00719	0.00502	0.00475	0.03942	0.00754	0.01007	0.00919	0.01569	0.00904	0.01758	0.01970	0.81213	0.00457	0.00453	0.00239	0.00254
81	0.00812	0.00591	0.00798	0.00900	0.01008	0.00591	0.00744	0.01083	0.05172	0.01557	0.05417	0.23019	0.03094	0.01431	0.00693	0.00227	0.00427	0.51464	0.00486	0.00485
82	0.01289	0.01237	0.02114	0.03196	0.78450	0.01237	0.01598	0.01598	0.01186	0.01701	0.00980	0.01289	0.00825	0.00464	0.00516	0.00155	0.00619	0.00464	0.00258	0.00825
83	0.01133	0.00973	0.01402	0.01164	0.01388	0.01042	0.12349	0.15750	0.01308	0.01806	0.03816	0.21500	0.03989	0.02940	0.00844	0.00193	0.15104	0.04896	0.00393	0.08010

[dist]
# distance from previous block
# <min> <max>
0	1

[block]
# block no. 2 follows, 47 sequences, length 6
# corresponding to MSA columns:
# 1892-1897
name=unknown_C
#
# <colnr> <probs for GDERKNQSTAVLIFYWHMCP>
#	G	D	E	R	K	N	Q	S	T	A	V	L	I	F	Y	W	H	M	C	P
0	0.01936	0.02293	0.01453	0.01302	0.01585	0.68491	0.00985	0.05594	0.05046	0.05216	0.00948	0.01041	0.00754	0.00554	0.00477	0.00138	0.00873	0.00363	0.00311	0.00641
1	0.00862	0.00601	0.00725	0.00719	0.00833	0.00591	0.00526	0.03430	0.05486	0.04591	0.16280	0.12990	0.13152	0.23511	0.03028	0.00292	0.00413	0.11042	0.00458	0.00472
2	0.09544	0.01000	0.01214	0.01128	0.10648	0.00930	0.00789	0.10928	0.04033	0.10652	0.09026	0.01499	0.01283	0.00544	0.00456	0.00126	0.00432	0.00444	0.00403	0.34920
3	0.18908	0.00945	0.01255	0.01453	0.18962	0.00989	0.04211	0.06721	0.05439	0.01916	0.04268	0.06495	0.05046	0.00863	0.00549	0.00185	0.00490	0.20282	0.00395	0.00630
4	0.01294	0.01015	0.00947	0.00868	0.01022	0.17742	0.00631	0.01406	0.01064	0.15036	0.01471	0.02235	0.01370	0.29910	0.21281	0.00447	0.00813	0.00574	0.00355	0.00518
5	0.01180	0.00941	0.01415	0.52430	0.02769	0.01079	0.01195	0.05943	0.05837	0.08811	0.05859	0.01579	0.01080	0.00572	0.00517	0.00163	0.00595	0.00494	0.00332	0.07210

[dist]
# distance from previous block
# <min> <max>
4	22

[block]
# block no. 3 follows, 47 sequences, length 64
# corresponding to MSA columns:
# 1932-1950,1963-1981,1983-1985,1996-2008,2013-2022
name=unknown_D
#
# <colnr> <probs for GDERKNQSTAVLIFYWHMCP>
#	G	D	E	R	K	N	Q	S	T	A	V	L	I	F	Y	W	H	M	C	P
0	0.01266	0.01043	0.01276	0.01058	0.01374	0.01103	0.08131	0.12830	0.35371	0.04816	0.07073	0.02374	0.14342	0.00775	0.00549	0.00167	0.00446	0.00665	0.00491	0.04850
1	0.01113	0.01109	0.01635	0.01380	0.01440	0.01468	0.07791	0.01302	0.03544	0.01329	0.00938	0.07451	0.00940	0.00918	0.01489	0.00220	0.64539	0.00555	0.00262	0.00579
2	0.00806	0.00677	0.00773	0.05674	0.02227	0.03744	0.00580	0.03067	0.02998	0.01728	0.32402	0.10017	0.30115	0.01120	0.00603	0.00172	0.00334	0.01970	0.00492	0.00501
3	0.00720	0.00557	0.00809	0.10902	0.01195	0.00565	0.02313	0.00886	0.02307	0.01370	0.02562	0.61905	0.02969	0.01433	0.00648	0.00208	0.00381	0.07363	0.00447	0.00460
4	0.01223	0.01393	0.03036	0.04116	0.02743	0.01313	0.74714	0.01660	0.01225	0.01660	0.01050	0.01404	0.00788	0.00441	0.00612	0.00176	0.00873	0.00611	0.00263	0.00699
5	0.00992	0.00934	0.01577	0.78399	0.05572	0.01159	0.01450	0.01338	0.01045	0.01340	0.00927	0.01386	0.00698	0.00519	0.00521	0.00173	0.00692	0.00463	0.00232	0.00585
6	0.01829	0.00935	0.01152	0.00956	0.01285	0.00922	0.00762	0.08155	0.20738	0.43688	0.02112	0.11878	0.01607	0.00784	0.00543	0.00171	0.00428	0.00657	0.00585	0.00812
7	0.07293	0.00909	0.01192	0.00919	0.01318	0.00812	0.00759	0.04461	0.01480	0.72218	0.01954	0.01703	0.01235	0.00634	0.00512	0.00161	0.00444	0.00508	0.00622	0.00867
8	0.83354	0.01004	0.00776	0.00691	0.01015	0.01158	0.00569	0.01555	0.00901	0.04199	0.00757	0.00869	0.00582	0.00487	0.00327	0.00161	0.00404	0.00288	0.00330	0.00572
9	0.01325	0.01280	0.02081	0.03092	0.74265	0.03616	0.01566	0.03432	0.01225	0.01727	0.00981	0.01277	0.00822	0.00470	0.00514	0.00154	0.00627	0.00460	0.00264	0.00820
10	0.00731	0.00525	0.00712	0.00823	0.00902	0.00506	0.00643	0.00896	0.01111	0.01463	0.05535	0.42005	0.05554	0.01514	0.00686	0.00222	0.00380	0.34857	0.00485	0.00452
11	0.00757	0.00505	0.00568	0.00568	0.00568	0.00505	0.00316	0.00757	0.00757	0.01010	0.01641	0.03408	0.01893	0.81698	0.02651	0.00505	0.00505	0.00757	0.00316	0.00316
12	0.00847	0.00709	0.01034	0.00975	0.01043	0.00896	0.00778	0.01014	0.00827	0.01220	0.01210	0.01810	0.01141	0.03128	0.59401	0.00679	0.21998	0.00531	0.00266	0.00492
13	0.01205	0.01367	0.02974	0.02136	0.02643	0.01281	0.73507	0.01630	0.01220	0.01655	0.01126	0.04611	0.00897	0.00487	0.00617	0.00177	0.00855	0.00649	0.00272	0.00691
14	0.00905	0.00452	0.00678	0.00678	0.00678	0.00452	0.00452	0.00678	0.00678	0.00905	0.00905	0.01583	0.00905	0.01809	0.02035	0.84848	0.00452	0.00452	0.00226	0.00226
15	0.16081	0.00906	0.01135	0.00887	0.01276	0.00832	0.00732	0.02371	0.01391	0.66153	0.01834	0.01619	0.01169	0.00618	0.00490	0.00161	0.00436	0.00484	0.00591	0.00833
16	0.01045	0.02694	0.79000	0.01484	0.02254	0.01209	0.01924	0.01649	0.01099	0.01649	0.00935	0.01099	0.00660	0.00495	0.00495	0.00165	0.00770	0.00385	0.00220	0.00770
17	0.01801	0.00774	0.01041	0.00861	0.01172	0.00682	0.00706	0.02009	0.01435	0.52834	0.14456	0.02784	0.07089	0.00845	0.00566	0.00171	0.00404	0.09017	0.00604	0.00748
18	0.00644	0.00502	0.00585	0.00621	0.00735	0.00443	0.00444	0.00782	0.01172	0.01504	0.17716	0.31803	0.38423	0.01383	0.00633	0.00186	0.00274	0.01205	0.00500	0.00443
19	0.72100	0.01063	0.00883	0.00759	0.01096	0.01216	0.00626	0.11479	0.01109	0.04554	0.00831	0.00925	0.00626	0.00507	0.00354	0.00160	0.00426	0.00313	0.00357	0.00615
20	0.08766	0.01258	0.01427	0.01142	0.01494	0.12742	0.08351	0.12178	0.03809	0.33152	0.01518	0.01638	0.01098	0.02892	0.00616	0.00173	0.03421	0.03096	0.00474	0.00756
21	0.00996	0.00938	0.01584	0.77348	0.06589	0.01160	0.01452	0.01341	0.01047	0.01345	0.00928	0.01384	0.00699	0.00518	0.00520	0.00173	0.00691	0.00463	0.00232	0.00588
22	0.00634	0.00453	0.00604	0.00725	0.00755	0.00423	0.00483	0.00725	0.00997	0.01329	0.02870	0.81358	0.03444	0.01632	0.00665	0.00211	0.00302	0.01480	0.00483	0.00423
23	0.01092	0.06303	0.72805	0.01452	0.02190	0.03996	0.01845	0.01660	0.01111	0.01617	0.00920	0.01082	0.00660	0.00494	0.00487	0.00161	0.00766	0.00378	0.00222	0.00759
24	0.01085	0.09338	0.64573	0.01481	0.02191	0.01279	0.08270	0.01632	0.01113	0.01622	0.02234	0.01151	0.00744	0.00495	0.00493	0.00161	0.00752	0.00405	0.00230	0.00750
25	0.00751	0.00542	0.00692	0.00768	0.00856	0.00523	0.00597	0.00897	0.01069	0.01379	0.02937	0.18567	0.14616	0.18313	0.01099	0.00280	0.00420	0.34820	0.00446	0.00429
26	0.00650	0.00476	0.00613	0.00708	0.00768	0.00440	0.00492	0.00765	0.01065	0.01403	0.08178	0.62025	0.13294	0.01542	0.00658	0.00205	0.00303	0.05492	0.00489	0.00433
27	0.01447	0.01211	0.01200	0.01036	0.01278	0.20351	0.06773	0.03520	0.05978	0.17093	0.02028	0.12625	0.09686	0.11343	0.00838	0.00210	0.01644	0.00705	0.00424	0.00610
28	0.01164	0.04199	0.53507	0.04235	0.05792	0.06145	0.01624	0.01783	0.09580	0.03183	0.03237	0.01287	0.00904	0.00538	0.00499	0.00163	0.00705	0.00427	0.00278	0.00753
29	0.01325	0.66709	0.17444	0.01006	0.01514	0.01896	0.01090	0.01577	0.01066	0.01307	0.00765	0.00886	0.00667	0.00455	0.00365	0.00122	0.00598	0.00299	0.00222	0.00688
30	0.01216	0.01171	0.02020	0.21095	0.58388	0.01222	0.04218	0.01539	0.01154	0.01614	0.00970	0.01316	0.00793	0.00476	0.00520	0.00160	0.00645	0.00469	0.00252	0.00763
31	0.01268	0.01161	0.02064	0.04040	0.13837	0.04409	0.33563	0.01602	0.03292	0.09918	0.01507	0.16745	0.01371	0.00715	0.00606	0.00177	0.01965	0.00728	0.00352	0.00681
32	0.01355	0.04319	0.01613	0.01353	0.03007	0.25658	0.10770	0.01576	0.03809	0.01403	0.01122	0.09768	0.01062	0.00760	0.00876	0.00176	0.24902	0.00549	0.05328	0.00594
33	0.00957	0.00724	0.02993	0.00849	0.01044	0.00669	0.04711	0.03781	0.01262	0.08768	0.23131	0.05384	0.18647	0.04056	0.11182	0.00277	0.02757	0.07806	0.00465	0.00540
34	0.01298	0.31186	0.27752	0.01100	0.01639	0.01449	0.01191	0.03550	0.08313	0.06120	0.01041	0.01123	0.00806	0.00495	0.00428	0.00135	0.00587	0.00366	0.00293	0.11127
35	0.01372	0.06104	0.09636	0.04421	0.06622	0.03865	0.27540	0.03976	0.15518	0.09096	0.01285	0.01436	0.00959	0.00554	0.00608	0.00169	0.05224	0.00523	0.00347	0.00745
36	0.00709	0.00533	0.00653	0.00639	0.00771	0.00483	0.00483	0.00912	0.01343	0.01813	0.48765	0.05833	0.25131	0.03700	0.00687	0.00184	0.00276	0.06084	0.00532	0.00469
37	0.01214	0.03928	0.01151	0.00948	0.01196	0.14510	0.05211	0.06191	0.10259	0.06550	0.23280	0.04331	0.17347	0.00880	0.00559	0.00162	0.00471	0.00739	0.00466	0.00606
38	0.02069	0.01371	0.05970	0.01086	0.01486	0.13456	0.00920	0.16852	0.05986	0.42874	0.01637	0.01509	0.01092	0.00618	0.00513	0.00157	0.00565	0.00479	0.00529	0.00831
39	0.01009	0.00738	0.00892	0.00886	0.01056	0.00760	0.00713	0.11466	0.09164	0.03312	0.06741	0.15140	0.09962	0.06032	0.00761	0.00222	0.00427	0.29671	0.00490	0.00557
40	0.00698	0.00508	0.00660	0.00688	0.00783	0.00470	0.00502	0.00880	0.01268	0.01737	0.41537	0.31206	0.09985	0.01306	0.00638	0.00186	0.00281	0.05674	0.00529	0.00463
41	0.03920	0.01421	0.05978	0.01135	0.01480	0.10924	0.03203	0.29533	0.19311	0.04758	0.01520	0.06979	0.01223	0.02192	0.00556	0.00169	0.00560	0.00552	0.03830	0.00757
42	0.01398	0.70905	0.08761	0.00966	0.01426	0.06630	0.00981	0.01598	0.01086	0.01262	0.00746	0.00863	0.00668	0.00455	0.00355	0.00117	0.00597	0.00290	0.00225	0.00673
43	0.01089	0.08966	0.41889	0.01154	0.01775	0.01083	0.01323	0.01509	0.01088	0.01631	0.00913	0.01069	0.00704	0.00448	0.00438	0.00126	0.00601	0.00346	0.00255	0.33593
44	0.04758	0.14140	0.20144	0.01358	0.06302	0.13682	0.04585	0.19433	0.04731	0.01973	0.01031	0.01147	0.00789	0.00532	0.00470	0.00149	0.00667	0.00404	0.02965	0.00741
45	0.11965	0.01252	0.01870	0.11719	0.52944	0.05908	0.03764	0.01590	0.01150	0.01712	0.00933	0.01227	0.00766	0.00477	0.00492	0.00157	0.00627	0.00438	0.00264	0.00746
46	0.01227	0.01398	0.03036	0.02174	0.02688	0.01324	0.74696	0.01658	0.01218	0.01658	0.01044	0.01398	0.00788	0.00451	0.00642	0.00177	0.02850	0.00611	0.00263	0.00699
47	0.01211	0.01093	0.01742	0.44279	0.31133	0.03917	0.01446	0.01528	0.01137	0.06099	0.01009	0.01359	0.00777	0.00508	0.00517	0.00164	0.00660	0.00462	0.00267	0.00689
48	0.01139	0.23611	0.46118	0.01344	0.01956	0.01406	0.09243	0.01574	0.01081	0.01500	0.00933	0.01198	0.00749	0.05332	0.00593	0.00172	0.00708	0.00402	0.00231	0.00708
49	0.00638	0.00455	0.00603	0.00721	0.00750	0.00425	0.00479	0.00726	0.00990	0.01320	0.02836	0.79177	0.03401	0.03872	0.00720	0.00220	0.00308	0.01460	0.00479	0.00420
50	0.00665	0.00513	0.00687	0.00725	0.00817	0.00467	0.03160	0.00797	0.01108	0.01457	0.13083	0.51851	0.19844	0.01448	0.00646	0.00196	0.00307	0.01297	0.00487	0.00445
51	0.01024	0.00879	0.01552	0.01236	0.01533	0.00810	0.27528	0.01306	0.02336	0.08112	0.08595	0.10704	0.22270	0.00964	0.00622	0.00184	0.00524	0.08812	0.00426	0.00583
52	0.01126	0.01991	0.39166	0.01808	0.02438	0.01240	0.38623	0.01638	0.01175	0.01672	0.03414	0.01337	0.00857	0.00485	0.00557	0.00170	0.00807	0.00515	0.00252	0.00728
53	0.01371	0.77268	0.07290	0.00927	0.01391	0.02010	0.00953	0.01565	0.01061	0.01251	0.00737	0.00851	0.00668	0.00448	0.00344	0.00115	0.00570	0.00285	0.00223	0.00674
54	0.01045	0.02694	0.79000	0.01484	0.02254	0.01209	0.01924	0.01649	0.01099	0.01649	0.00935	0.01099	0.00660	0.00495	0.00495	0.00165	0.00770	0.00385	0.00220	0.00770
55	0.01045	0.02694	0.79000	0.01484	0.02254	0.01209	0.01924	0.01649	0.01099	0.01649	0.00935	0.01099	0.00660	0.00495	0.00495	0.00165	0.00770	0.00385	0.00220	0.00770
56	0.01045	0.02694	0.79000	0.01484	0.02254	0.01209	0.01924	0.01649	0.01099	0.01649	0.00935	0.01099	0.00660	0.00495	0.00495	0.00165	0.00770	0.00385	0.00220	0.00770
57	0.01392	0.82012	0.02729	0.00891	0.01337	0.02061	0.00891	0.01559	0.01058	0.01225	0.00724	0.00835	0.00668	0.00446	0.00334	0.00111	0.00557	0.00278	0.00223	0.00668
58	0.00757	0.00507	0.00578	0.00578	0.00581	0.00510	0.00327	0.00763	0.00760	0.01017	0.01632	0.03360	0.01872	0.78943	0.05377	0.00517	0.00536	0.00750	0.00314	0.00321
59	0.00634	0.00453	0.00604	0.00725	0.00755	0.00423	0.00483	0.00725	0.00997	0.01329	0.02870	0.81358	0.03444	0.01632	0.00665	0.00211	0.00302	0.01480	0.00483	0.00423
60	0.01392	0.82012	0.02729	0.00891	0.01337	0.02061	0.00891	0.01559	0.01058	0.01225	0.00724	0.00835	0.00668	0.00446	0.00334	0.00111	0.00557	0.00278	0.00223	0.00668
61	0.01067	0.07813	0.74077	0.01446	0.02195	0.01264	0.01857	0.01643	0.01097	0.01622	0.00921	0.01082	0.00660	0.00492	0.00484	0.00161	0.00756	0.00378	0.00220	0.00763
62	0.02196	0.00975	0.01248	0.00969	0.01360	0.00911	0.00796	0.14482	0.04191	0.61863	0.01949	0.03914	0.01294	0.00671	0.00527	0.00162	0.00459	0.00544	0.00616	0.00871
63	0.01879	0.01399	0.01524	0.01237	0.04260	0.01546	0.00981	0.66808	0.07428	0.03112	0.01313	0.01319	0.00945	0.00624	0.00517	0.00157	0.00554	0.00477	0.03054	0.00867

[dist]
# distance from previous block
# <min> <max>
1	23

[block]
# block no. 4 follows, 47 sequences, length 41
# corresponding to MSA columns:
# 2099-2109,2113-2138,2140-2143
name=unknown_E
#
# <colnr> <probs for GDERKNQSTAVLIFYWHMCP>
#	G	D	E	R	K	N	Q	S	T	A	V	L	I	F	Y	W	H	M	C	P
0	0.01746	0.02129	0.01488	0.01516	0.11186	0.61157	0.01038	0.01944	0.03380	0.01389	0.04685	0.01192	0.00944	0.00673	0.03192	0.00163	0.00867	0.00396	0.00289	0.00627
1	0.11019	0.01037	0.02830	0.00877	0.01229	0.03136	0.00708	0.12173	0.10161	0.05706	0.01530	0.11215	0.03726	0.00674	0.00467	0.00138	0.00428	0.00546	0.01674	0.30727
2	0.00849	0.00710	0.00988	0.02524	0.01061	0.00865	0.00744	0.01067	0.03736	0.01314	0.03118	0.02176	0.09447	0.02640	0.45851	0.00562	0.18771	0.00598	0.02479	0.00502
3	0.85377	0.01007	0.00765	0.00685	0.01007	0.01168	0.00564	0.01531	0.00886	0.02336	0.00725	0.00846	0.00564	0.00483	0.00322	0.00161	0.00403	0.00282	0.00322	0.00564
4	0.01923	0.01609	0.01460	0.04131	0.01623	0.22480	0.00966	0.39886	0.05148	0.12066	0.01287	0.02826	0.00951	0.00623	0.00511	0.00154	0.00648	0.00464	0.00457	0.00787
5	0.01401	0.28087	0.12858	0.01467	0.05622	0.06279	0.18316	0.12012	0.01317	0.01707	0.00921	0.01104	0.00736	0.00498	0.00515	0.00147	0.03661	0.00416	0.00280	0.02659
6	0.00959	0.00488	0.00496	0.00494	0.00615	0.00486	0.00370	0.01202	0.01111	0.01949	0.05459	0.02037	0.01511	0.00629	0.00376	0.00123	0.00243	0.00508	0.80459	0.00486
7	0.01080	0.00926	0.01080	0.00771	0.01234	0.00694	0.00617	0.01311	0.01080	0.01697	0.00926	0.01080	0.00771	0.00386	0.00386	0.00077	0.00386	0.00309	0.00309	0.84882
8	0.00893	0.00762	0.01025	0.10880	0.01340	0.00853	0.00813	0.01113	0.02839	0.01480	0.09894	0.03373	0.15041	0.06730	0.00979	0.00216	0.17054	0.17743	0.00384	0.06589
9	0.02270	0.00926	0.01228	0.00939	0.01345	0.00819	0.00775	0.07417	0.01540	0.71162	0.01963	0.01714	0.01245	0.00634	0.00519	0.00158	0.00450	0.00513	0.00625	0.03760
10	0.00634	0.00453	0.00604	0.00725	0.00755	0.00423	0.00483	0.00725	0.00997	0.01329	0.02870	0.81358	0.03444	0.01632	0.00665	0.00211	0.00302	0.01480	0.00483	0.00423
11	0.01069	0.01013	0.01716	0.58885	0.24482	0.01179	0.01489	0.01405	0.01082	0.01434	0.00941	0.01361	0.00731	0.00505	0.00519	0.00168	0.00673	0.00463	0.00239	0.00647
12	0.00687	0.00503	0.00655	0.00744	0.00800	0.00485	0.00522	0.02120	0.01049	0.01390	0.04458	0.62543	0.08815	0.03258	0.02708	0.00231	0.01646	0.06474	0.00473	0.00439
13	0.00734	0.00538	0.00630	0.00611	0.00763	0.00473	0.00456	0.00914	0.01307	0.04643	0.35929	0.09717	0.38982	0.01207	0.00615	0.00173	0.00266	0.01037	0.00528	0.00477
14	0.05028	0.00890	0.01194	0.00919	0.01319	0.00778	0.00759	0.02505	0.01471	0.76331	0.02011	0.01742	0.01266	0.00639	0.00517	0.00161	0.00442	0.00516	0.00634	0.00876
15	0.00971	0.00485	0.00485	0.00485	0.00607	0.00485	0.00364	0.01213	0.01092	0.01942	0.01699	0.01942	0.01335	0.00607	0.00364	0.00121	0.00243	0.00485	0.84589	0.00485
16	0.00768	0.00592	0.00684	0.00668	0.00823	0.00563	0.00509	0.01098	0.09352	0.01793	0.33605	0.06980	0.29478	0.01137	0.00602	0.00174	0.00287	0.05723	0.04659	0.00505
17	0.00634	0.00453	0.00604	0.00725	0.00755	0.00423	0.00483	0.00725	0.00997	0.01329	0.02870	0.81358	0.03444	0.01632	0.00665	0.00211	0.00302	0.01480	0.00483	0.00423
18	0.00634	0.00453	0.00604	0.00725	0.00755	0.00423	0.00483	0.00725	0.00997	0.01329	0.02870	0.81358	0.03444	0.01632	0.00665	0.00211	0.00302	0.01480	0.00483	0.00423
19	0.00734	0.00547	0.00750	0.00780	0.00827	0.00553	0.03100	0.00827	0.00932	0.01253	0.02259	0.42005	0.02622	0.25299	0.05945	0.00336	0.03811	0.06603	0.00403	0.00414
20	0.01045	0.02694	0.79000	0.01484	0.02254	0.01209	0.01924	0.01649	0.01099	0.01649	0.00935	0.01099	0.00660	0.00495	0.00495	0.00165	0.00770	0.00385	0.00220	0.00770
21	0.00638	0.00528	0.00559	0.00552	0.00717	0.00449	0.00414	0.00792	0.01241	0.01535	0.19039	0.04800	0.64394	0.01271	0.00615	0.00174	0.00260	0.01069	0.00501	0.00449
22	0.01295	0.01119	0.01178	0.01060	0.01354	0.01295	0.00824	0.02767	0.77509	0.02178	0.02120	0.01943	0.01590	0.00707	0.00530	0.00177	0.00412	0.00589	0.00530	0.00824
23	0.05664	0.01000	0.01250	0.00969	0.01366	0.00951	0.00798	0.15270	0.04855	0.59401	0.01864	0.01652	0.01202	0.00637	0.00515	0.00161	0.00463	0.00507	0.00605	0.00870
24	0.00757	0.00507	0.00579	0.00579	0.00583	0.00511	0.00330	0.00765	0.00761	0.01018	0.01630	0.03350	0.01868	0.78398	0.05916	0.00519	0.00543	0.00749	0.00314	0.00322
25	0.00634	0.00453	0.00604	0.00725	0.00755	0.00423	0.00483	0.00725	0.00997	0.01329	0.02870	0.81358	0.03444	0.01632	0.00665	0.00211	0.00302	0.01480	0.00483	0.00423
26	0.00983	0.00926	0.01562	0.80447	0.03587	0.01157	0.01446	0.01331	0.01041	0.01331	0.00926	0.01388	0.00694	0.00521	0.00521	0.00174	0.00694	0.00463	0.00231	0.00579
27	0.01116	0.19112	0.63213	0.01362	0.02064	0.01386	0.01710	0.01631	0.01091	0.01561	0.00891	0.01045	0.00661	0.00485	0.00462	0.00154	0.00726	0.00363	0.00220	0.00749
28	0.01274	0.01085	0.01148	0.01028	0.01316	0.01242	0.00801	0.05653	0.68274	0.02190	0.05431	0.02115	0.04639	0.00742	0.00536	0.00175	0.00406	0.00618	0.00530	0.00798
29	0.00744	0.00558	0.00837	0.00837	0.00930	0.00651	0.00651	0.00930	0.00837	0.01209	0.01395	0.02046	0.01302	0.03906	0.79635	0.00837	0.01395	0.00558	0.00279	0.00465
30	0.01096	0.01162	0.02329	0.03526	0.02181	0.01074	0.51284	0.01461	0.01230	0.01689	0.10588	0.03910	0.06141	0.00595	0.00590	0.00165	0.00695	0.00671	0.00324	0.09290
31	0.03118	0.01365	0.01304	0.01155	0.01431	0.17306	0.03686	0.07289	0.38813	0.04056	0.01733	0.03677	0.01420	0.00743	0.00585	0.00174	0.03960	0.07015	0.00447	0.00726
32	0.00633	0.00458	0.00599	0.00711	0.00752	0.00424	0.00477	0.00727	0.01010	0.01335	0.03038	0.76025	0.08669	0.01610	0.00661	0.00209	0.00299	0.01454	0.00483	0.00424
33	0.01080	0.00926	0.01080	0.00771	0.01234	0.00694	0.00617	0.01311	0.01080	0.01697	0.00926	0.01080	0.00771	0.00386	0.00386	0.00077	0.00386	0.00309	0.00309	0.84882
34	0.01276	0.01225	0.02091	0.06371	0.75373	0.01234	0.01592	0.01587	0.01180	0.01686	0.00977	0.01293	0.00820	0.00466	0.00516	0.00155	0.00622	0.00464	0.00257	0.00815
35	0.01585	0.01139	0.01255	0.01033	0.01347	0.01241	0.00822	0.38666	0.19043	0.08217	0.08735	0.07058	0.01666	0.04958	0.00652	0.00184	0.00476	0.00625	0.00524	0.00775
36	0.01745	0.01356	0.01359	0.03274	0.01484	0.08335	0.00888	0.52678	0.04216	0.02748	0.01303	0.01423	0.00981	0.03717	0.00577	0.00164	0.00557	0.00474	0.11948	0.00774
37	0.01150	0.01112	0.04335	0.39220	0.32189	0.01171	0.03892	0.01519	0.03228	0.03300	0.01032	0.01381	0.00803	0.00506	0.00517	0.00164	0.00647	0.00471	0.02668	0.00695
38	0.00939	0.00690	0.00827	0.00824	0.00959	0.00699	0.00609	0.16142	0.02995	0.01821	0.08799	0.48244	0.07425	0.01333	0.00629	0.00195	0.00363	0.05474	0.00499	0.00535
39	0.06563	0.00985	0.01077	0.00935	0.01191	0.01054	0.00733	0.34900	0.04861	0.04287	0.02069	0.25231	0.06853	0.00979	0.00555	0.00175	0.00436	0.02353	0.04091	0.00672
40	0.09727	0.00992	0.01166	0.02879	0.03400	0.01162	0.00836	0.04004	0.29462	0.06972	0.01843	0.11725	0.05218	0.00855	0.00773	0.00188	0.17037	0.00653	0.00431	0.00676

[dist]
# distance from previous block
# <min> <max>
7	35

[block]
# block no. 5 follows, 47 sequences, length 14
# corresponding to MSA columns:
# 2184-2197
name=unknown_F
#
# <colnr> <probs for GDERKNQSTAVLIFYWHMCP>
#	G	D	E	R	K	N	Q	S	T	A	V	L	I	F	Y	W	H	M	C	P
0	0.01087	0.12304	0.69759	0.01412	0.02143	0.01313	0.01799	0.01638	0.01094	0.01598	0.00909	0.01067	0.00661	0.00489	0.00475	0.00158	0.00744	0.00372	0.00220	0.00757
1	0.02099	0.00904	0.01181	0.00926	0.01309	0.00817	0.00756	0.02458	0.10716	0.63444	0.04697	0.01838	0.01431	0.00656	0.00522	0.00159	0.00430	0.00537	0.00614	0.04507
2	0.01842	0.02330	0.01402	0.01278	0.01539	0.73444	0.00959	0.01976	0.01453	0.01285	0.01153	0.01256	0.06710	0.00598	0.00481	0.00137	0.00887	0.00395	0.00285	0.00591
3	0.00983	0.00926	0.01562	0.80447	0.03587	0.01157	0.01446	0.01331	0.01041	0.01331	0.00926	0.01388	0.00694	0.00521	0.00521	0.00174	0.00694	0.00463	0.00231	0.00579
4	0.00983	0.00926	0.01562	0.80447	0.03587	0.01157	0.01446	0.01331	0.01041	0.01331	0.00926	0.01388	0.00694	0.00521	0.00521	0.00174	0.00694	0.00463	0.00231	0.00579
5	0.00905	0.00452	0.00678	0.00678	0.00678	0.00452	0.00452	0.00678	0.00678	0.00905	0.00905	0.01583	0.00905	0.01809	0.02035	0.84848	0.00452	0.00452	0.00226	0.00226
6	0.01980	0.01459	0.01563	0.01198	0.01615	0.01615	0.00990	0.76713	0.02448	0.03282	0.01250	0.01250	0.00886	0.00625	0.00521	0.00156	0.00573	0.00469	0.00521	0.00886
7	0.00820	0.00586	0.00814	0.00916	0.01033	0.00580	0.00786	0.01054	0.01221	0.01607	0.11065	0.08756	0.03226	0.01405	0.00705	0.00230	0.00446	0.63780	0.00490	0.00479
8	0.02336	0.00886	0.01209	0.00927	0.01329	0.00765	0.00765	0.02538	0.01491	0.78810	0.02055	0.01773	0.01289	0.00645	0.00524	0.00161	0.00443	0.00524	0.00645	0.00886
9	0.00634	0.00453	0.00604	0.00725	0.00755	0.00423	0.00483	0.00725	0.00997	0.01329	0.02870	0.81358	0.03444	0.01632	0.00665	0.00211	0.00302	0.01480	0.00483	0.00423
10	0.01980	0.01459	0.01563	0.01198	0.01615	0.01615	0.00990	0.76713	0.02448	0.03282	0.01250	0.01250	0.00886	0.00625	0.00521	0.00156	0.00573	0.00469	0.00521	0.00886
11	0.01980	0.01459	0.01563	0.01198	0.01615	0.01615	0.00990	0.76713	0.02448	0.03282	0.01250	0.01250	0.00886	0.00625	0.00521	0.00156	0.00573	0.00469	0.00521	0.00886
12	0.00839	0.00599	0.00839	0.00959	0.01079	0.00599	0.00839	0.01079	0.01199	0.01558	0.02757	0.05874	0.02997	0.01439	0.00719	0.00240	0.00480	0.74945	0.00480	0.00480
13	0.85377	0.01007	0.00765	0.00685	0.01007	0.01168	0.00564	0.01531	0.00886	0.02336	0.00725	0.00846	0.00564	0.00483	0.00322	0.00161	0.00403	0.00282	0.00322	0.00564

[dist]
# distance from previous block
# <min> <max>
0	1

[block]
# block no. 6 follows, 47 sequences, length 13
# corresponding to MSA columns:
# 2199-2211
name=unknown_G
#
# <colnr> <probs for GDERKNQSTAVLIFYWHMCP>
#	G	D	E	R	K	N	Q	S	T	A	V	L	I	F	Y	W	H	M	C	P
0	0.01148	0.01164	0.01734	0.01445	0.01495	0.01569	0.08236	0.01292	0.00838	0.01292	0.00718	0.01164	0.00694	0.00867	0.01606	0.00223	0.73230	0.00471	0.00231	0.00582
1	0.01980	0.01459	0.01563	0.01198	0.01615	0.01615	0.00990	0.76713	0.02448	0.03282	0.01250	0.01250	0.00886	0.00625	0.00521	0.00156	0.00573	0.00469	0.00521	0.00886
2	0.01229	0.01405	0.03073	0.02195	0.02722	0.01317	0.76558	0.01668	0.01229	0.01668	0.01054	0.01405	0.00790	0.00439	0.00615	0.00176	0.00878	0.00615	0.00263	0.00702
3	0.01650	0.01040	0.01188	0.01014	0.01346	0.01115	0.00804	0.02689	0.51620	0.28277	0.02097	0.01885	0.01487	0.00685	0.00528	0.00171	0.00423	0.00567	0.00569	0.00845
4	0.01980	0.01459	0.01563	0.01198	0.01615	0.01615	0.00990	0.76713	0.02448	0.03282	0.01250	0.01250	0.00886	0.00625	0.00521	0.00156	0.00573	0.00469	0.00521	0.00886
5	0.02336	0.00886	0.01209	0.00927	0.01329	0.00765	0.00765	0.02538	0.01491	0.78810	0.02055	0.01773	0.01289	0.00645	0.00524	0.00161	0.00443	0.00524	0.00645	0.00886
6	0.01223	0.01386	0.02966	0.02135	0.02624	0.01337	0.71113	0.01638	0.01198	0.01638	0.01027	0.01386	0.00782	0.00473	0.00694	0.00179	0.06644	0.00603	0.00261	0.00693
7	0.01980	0.01459	0.01563	0.01198	0.01615	0.01615	0.00990	0.76713	0.02448	0.03282	0.01250	0.01250	0.00886	0.00625	0.00521	0.00156	0.00573	0.00469	0.00521	0.00886
8	0.00634	0.00453	0.00604	0.00725	0.00755	0.00423	0.00483	0.00725	0.00997	0.01329	0.02870	0.81358	0.03444	0.01632	0.00665	0.00211	0.00302	0.01480	0.00483	0.00423
9	0.01229	0.01405	0.03073	0.02195	0.02722	0.01317	0.76558	0.01668	0.01229	0.01668	0.01054	0.01405	0.00790	0.00439	0.00615	0.00176	0.00878	0.00615	0.00263	0.00702
10	0.01980	0.01459	0.01563	0.01198	0.01615	0.01615	0.00990	0.76713	0.02448	0.03282	0.01250	0.01250	0.00886	0.00625	0.00521	0.00156	0.00573	0.00469	0.00521	0.00886
11	0.00615	0.00528	0.00528	0.00528	0.00703	0.00440	0.00396	0.00747	0.01187	0.01407	0.05276	0.05012	0.78238	0.01319	0.00615	0.00176	0.00264	0.01099	0.00484	0.00440
12	0.01836	0.00814	0.01074	0.00852	0.01193	0.00712	0.00690	0.02088	0.03955	0.52870	0.17253	0.02257	0.04523	0.00734	0.00535	0.00157	0.00393	0.00613	0.00597	0.06855

[dist]
