[name]
unknown

[dist]
# distance from previous block
# <min> <max>
0	52

[block]
# block no. 0 follows, 58 sequences, length 10
# corresponding to MSA columns:
# 56-65
name=unknown_A
#
# <colnr> <probs for GDERKNQSTAVLIFYWHMCP>
#	G	D	E	R	K	N	Q	S	T	A	V	L	I	F	Y	W	H	M	C	P
0	0.02798	0.00689	0.00886	0.00818	0.03589	0.00671	0.02247	0.02990	0.14441	0.20457	0.19034	0.09854	0.03928	0.00781	0.00488	0.00148	0.00337	0.08997	0.01661	0.05186
1	0.08607	0.01186	0.01199	0.00983	0.01272	0.18863	0.07482	0.18092	0.06346	0.17511	0.06747	0.04074	0.01150	0.00572	0.00443	0.00136	0.00509	0.02347	0.00386	0.02093
2	0.07556	0.05574	0.01134	0.00880	0.01163	0.12806	0.00705	0.25889	0.11321	0.08881	0.06263	0.04116	0.01123	0.02134	0.02524	0.00150	0.00479	0.00435	0.00381	0.06484
3	0.00714	0.00510	0.00731	0.00683	0.00809	0.00469	0.05823	0.00882	0.01085	0.06564	0.34612	0.26297	0.12583	0.01093	0.02634	0.00171	0.00305	0.03163	0.00438	0.00433
4	0.00862	0.00794	0.01286	0.62815	0.09407	0.00951	0.01138	0.01210	0.06337	0.01261	0.06036	0.04055	0.00965	0.00515	0.00457	0.00148	0.00539	0.00460	0.00244	0.00520
5	0.02776	0.01134	0.02067	0.06743	0.02019	0.04697	0.51191	0.06267	0.05892	0.05818	0.03900	0.01371	0.02977	0.00458	0.00499	0.00147	0.00646	0.00511	0.00285	0.00603
6	0.01047	0.01129	0.02138	0.01582	0.01949	0.06531	0.57329	0.01357	0.01036	0.03548	0.01164	0.01495	0.05073	0.00730	0.08039	0.00202	0.02379	0.02456	0.00251	0.00564
7	0.00545	0.00389	0.00519	0.00623	0.00649	0.00363	0.00415	0.00623	0.00856	0.01142	0.02465	0.83987	0.02959	0.01401	0.00571	0.00182	0.00260	0.01272	0.00415	0.00363
8	0.05199	0.00930	0.01150	0.00946	0.01225	0.04848	0.08418	0.14148	0.15058	0.23537	0.06131	0.03883	0.01389	0.02423	0.00512	0.00155	0.00441	0.08540	0.00432	0.00637
9	0.01484	0.03025	0.06988	0.00986	0.01287	0.27231	0.02695	0.17000	0.05297	0.16392	0.04302	0.04075	0.06093	0.00584	0.00443	0.00133	0.00550	0.00452	0.00367	0.00616

[dist]
# distance from previous block
# <min> <max>
0	2

[block]
# block no. 1 follows, 58 sequences, length 15
# corresponding to MSA columns:
# 68-82
name=unknown_B
#
# <colnr> <probs for GDERKNQSTAVLIFYWHMCP>
#	G	D	E	R	K	N	Q	S	T	A	V	L	I	F	Y	W	H	M	C	P
0	0.02483	0.01171	0.01071	0.02105	0.01134	0.24842	0.01734	0.06608	0.08605	0.02673	0.02063	0.15721	0.01208	0.05117	0.03127	0.00184	0.17866	0.00548	0.01235	0.00505
1	0.01532	0.01020	0.01145	0.00912	0.01195	0.05198	0.03484	0.36996	0.05272	0.20997	0.01331	0.03379	0.01043	0.13551	0.00736	0.00183	0.00470	0.00476	0.00426	0.00655
2	0.45748	0.00872	0.00805	0.00682	0.00958	0.00955	0.00555	0.18342	0.02879	0.07622	0.01512	0.01506	0.14778	0.00581	0.00374	0.00140	0.00359	0.00420	0.00361	0.00550
3	0.61328	0.00776	0.00676	0.00597	0.00834	0.00859	0.00469	0.01309	0.00808	0.11982	0.00906	0.01214	0.00764	0.15137	0.00650	0.00190	0.00366	0.00340	0.00311	0.00482
4	0.05946	0.00994	0.01178	0.01187	0.15238	0.01050	0.00804	0.26316	0.19951	0.01988	0.01364	0.05547	0.04362	0.00565	0.00434	0.00133	0.00415	0.00467	0.00374	0.11687
5	0.01000	0.00967	0.01286	0.01104	0.01167	0.01289	0.00910	0.01307	0.14722	0.01234	0.00813	0.01097	0.00727	0.00731	0.01237	0.00182	0.64978	0.00406	0.00244	0.04599
6	0.01095	0.01031	0.01651	0.06508	0.63425	0.01068	0.01250	0.01537	0.14979	0.01517	0.01011	0.01210	0.00818	0.00438	0.00445	0.00137	0.00504	0.00417	0.00261	0.00698
7	0.16223	0.44073	0.27030	0.00894	0.01346	0.01406	0.00995	0.01359	0.00894	0.01334	0.00679	0.00790	0.00556	0.00402	0.00329	0.00118	0.00513	0.00268	0.00206	0.00586
8	0.01008	0.01363	0.16415	0.01702	0.02154	0.01103	0.59611	0.01386	0.01011	0.01403	0.00921	0.03791	0.00727	0.00439	0.00559	0.00152	0.04921	0.00510	0.00224	0.00600
9	0.01582	0.00795	0.01228	0.00938	0.01267	0.00708	0.14497	0.01812	0.03194	0.52682	0.04700	0.01888	0.11373	0.00610	0.00476	0.00143	0.00420	0.00540	0.00474	0.00672
10	0.01172	0.40659	0.30658	0.01016	0.01471	0.15660	0.01100	0.01445	0.00985	0.01190	0.00699	0.00814	0.00572	0.00412	0.00357	0.00116	0.00601	0.00280	0.00197	0.00595
11	0.01120	0.00920	0.01533	0.33715	0.40821	0.00984	0.01231	0.01387	0.01004	0.11582	0.00941	0.01193	0.00716	0.00437	0.00445	0.00140	0.00537	0.00405	0.00255	0.00633
12	0.00711	0.11197	0.00914	0.00713	0.00827	0.00707	0.00571	0.00860	0.00740	0.01031	0.01136	0.01685	0.01075	0.07144	0.67890	0.00625	0.01067	0.00457	0.00235	0.00415
13	0.00878	0.00829	0.01402	0.72944	0.13079	0.01003	0.01259	0.01172	0.00910	0.01184	0.00801	0.01182	0.00611	0.00441	0.00447	0.00147	0.00588	0.00398	0.00202	0.00524
14	0.18936	0.01116	0.01121	0.00927	0.01200	0.15500	0.07902	0.13913	0.08351	0.12460	0.06073	0.03439	0.02044	0.04485	0.00508	0.00151	0.00486	0.00442	0.00362	0.00584

[dist]
# distance from previous block
# <min> <max>
0	2

[block]
# block no. 2 follows, 58 sequences, length 7
# corresponding to MSA columns:
# 85-91
name=unknown_C
#
# <colnr> <probs for GDERKNQSTAVLIFYWHMCP>
#	G	D	E	R	K	N	Q	S	T	A	V	L	I	F	Y	W	H	M	C	P
0	0.00697	0.00496	0.00577	0.00571	0.00687	0.00468	0.00411	0.00896	0.07177	0.05871	0.14506	0.19349	0.30534	0.12255	0.03287	0.00210	0.00307	0.00873	0.00413	0.00415
1	0.00623	0.00448	0.00576	0.00640	0.00694	0.00430	0.00441	0.05281	0.00977	0.01316	0.11549	0.69767	0.02977	0.01294	0.00559	0.00174	0.00267	0.01167	0.00426	0.00393
2	0.00977	0.33167	0.37198	0.00980	0.01436	0.01228	0.01117	0.01324	0.03405	0.01295	0.05167	0.05423	0.00999	0.00527	0.00395	0.00129	0.00527	0.03880	0.00236	0.00591
3	0.05068	0.10872	0.13454	0.00968	0.01288	0.05133	0.06218	0.14096	0.09488	0.05851	0.06050	0.06056	0.01307	0.03196	0.00507	0.00153	0.00483	0.08879	0.00343	0.00589
4	0.00551	0.00444	0.00493	0.00514	0.00633	0.00385	0.00380	0.00672	0.01015	0.01265	0.12434	0.20013	0.54080	0.01166	0.00541	0.00158	0.00239	0.04211	0.00424	0.00381
5	0.00636	0.00521	0.00809	0.00783	0.00870	0.00505	0.09682	0.00762	0.00909	0.01221	0.08008	0.57126	0.05966	0.03541	0.00647	0.00182	0.03747	0.03299	0.00386	0.00400
6	0.01160	0.00983	0.01133	0.01262	0.18454	0.10858	0.00811	0.09794	0.14855	0.08179	0.05025	0.12874	0.01364	0.00976	0.10009	0.00210	0.00543	0.00557	0.00355	0.00598

[dist]
# distance from previous block
# <min> <max>
2	11

[block]
# block no. 3 follows, 58 sequences, length 255
# corresponding to MSA columns:
# 103-136,138-358
name=unknown_D
#
# <colnr> <probs for GDERKNQSTAVLIFYWHMCP>
#	G	D	E	R	K	N	Q	S	T	A	V	L	I	F	Y	W	H	M	C	P
0	0.07145	0.16923	0.16572	0.00967	0.01347	0.10876	0.01974	0.14952	0.10789	0.02749	0.00987	0.01049	0.02094	0.00474	0.00410	0.00125	0.02085	0.00346	0.00293	0.07844
1	0.03449	0.11885	0.53799	0.07522	0.01804	0.05836	0.01364	0.01439	0.03231	0.02819	0.00828	0.00968	0.00612	0.00433	0.00404	0.00135	0.00611	0.00329	0.01910	0.00623
2	0.00609	0.00460	0.00642	0.00665	0.00750	0.00422	0.05029	0.00722	0.00919	0.02502	0.04133	0.57301	0.17333	0.01240	0.00552	0.00171	0.00285	0.03002	0.02871	0.00390
3	0.01104	0.00738	0.02296	0.00728	0.00944	0.02225	0.00588	0.12563	0.08042	0.16991	0.34067	0.02611	0.10203	0.00784	0.00495	0.00144	0.00325	0.04118	0.00473	0.00560
4	0.00993	0.34079	0.44741	0.01022	0.01532	0.01275	0.01213	0.01342	0.00956	0.01305	0.06988	0.01043	0.00854	0.00447	0.00379	0.00124	0.00555	0.00332	0.00213	0.00609
5	0.03545	0.00777	0.02428	0.00738	0.00968	0.01827	0.00589	0.09495	0.18610	0.17702	0.01622	0.10293	0.02342	0.00675	0.00465	0.02727	0.00343	0.01506	0.18757	0.04590
6	0.00549	0.00398	0.00520	0.00616	0.00654	0.00369	0.00418	0.00633	0.00874	0.01153	0.02623	0.75436	0.09040	0.01376	0.00569	0.00180	0.00262	0.03549	0.00415	0.00366
7	0.01086	0.01193	0.08101	0.06377	0.58292	0.03394	0.10816	0.01379	0.01013	0.01422	0.00835	0.01100	0.00683	0.00409	0.00468	0.00137	0.02000	0.00406	0.00218	0.00673
8	0.00845	0.00573	0.00666	0.00631	0.00782	0.00553	0.00471	0.07147	0.08100	0.09415	0.13414	0.23843	0.25690	0.03382	0.00564	0.00162	0.00286	0.00862	0.02137	0.00474
9	0.00686	0.00483	0.00591	0.00663	0.06787	0.00483	0.00357	0.00707	0.00679	0.00914	0.01365	0.02786	0.01555	0.77757	0.02134	0.00410	0.00441	0.00631	0.00267	0.00305
10	0.00559	0.00452	0.00485	0.00478	0.00608	0.00391	0.00351	0.00684	0.01041	0.01300	0.19826	0.04003	0.59500	0.07554	0.00664	0.00171	0.00240	0.00894	0.00420	0.00378
11	0.00939	0.15222	0.67672	0.01179	0.01785	0.01141	0.01487	0.01392	0.00946	0.01367	0.02508	0.00960	0.00647	0.00429	0.00405	0.00134	0.00623	0.00326	0.00196	0.00642
12	0.01859	0.00753	0.01006	0.00793	0.01111	0.00669	0.00646	0.04378	0.03536	0.70899	0.01800	0.07926	0.01248	0.00621	0.00459	0.00142	0.00374	0.00514	0.00537	0.00729
13	0.00541	0.00455	0.00470	0.00470	0.00616	0.00384	0.00354	0.00664	0.01039	0.01257	0.10451	0.04246	0.73616	0.01118	0.00531	0.00151	0.00229	0.02604	0.00421	0.00382
14	0.00621	0.00451	0.00586	0.00565	0.00664	0.00415	0.00419	0.00816	0.01219	0.01713	0.71238	0.10935	0.06743	0.00968	0.00532	0.00145	0.00216	0.00857	0.00483	0.00415
15	0.01632	0.02067	0.01273	0.01154	0.01371	0.77896	0.00871	0.01746	0.01235	0.01094	0.00686	0.00816	0.00577	0.00479	0.00464	0.00120	0.05482	0.00294	0.00229	0.00517
16	0.00915	0.07095	0.77333	0.01245	0.01890	0.01081	0.01601	0.01412	0.00942	0.01395	0.00792	0.00931	0.00567	0.00423	0.00417	0.00139	0.00650	0.00325	0.00189	0.00656
17	0.01424	0.01707	0.01381	0.01193	0.01396	0.52719	0.08165	0.03793	0.01131	0.01168	0.00735	0.00942	0.00627	0.00696	0.05781	0.00172	0.15874	0.00344	0.00231	0.00520
18	0.00633	0.00457	0.00598	0.00563	0.00668	0.00422	0.00422	0.00844	0.01266	0.01794	0.81253	0.03341	0.04221	0.00914	0.00528	0.00141	0.00211	0.00809	0.00492	0.00422
19	0.01700	0.01253	0.01342	0.01029	0.01387	0.01387	0.00850	0.79997	0.02103	0.02819	0.01074	0.01074	0.00761	0.00537	0.00447	0.00134	0.00492	0.00403	0.00447	0.00761
20	0.00545	0.00389	0.00519	0.00623	0.00649	0.00363	0.00415	0.00623	0.00856	0.01142	0.02465	0.83987	0.02959	0.01401	0.00571	0.00182	0.00260	0.01272	0.00415	0.00363
21	0.00633	0.00457	0.00598	0.00563	0.00668	0.00422	0.00422	0.00844	0.01266	0.01794	0.81253	0.03341	0.04221	0.00914	0.00528	0.00141	0.00211	0.00809	0.00492	0.00422
22	0.00537	0.00453	0.00464	0.00462	0.00609	0.00381	0.00346	0.00658	0.01039	0.01254	0.10497	0.04230	0.75313	0.01116	0.00529	0.00150	0.00225	0.00934	0.00421	0.00381
23	0.01700	0.01253	0.01342	0.01029	0.01387	0.01387	0.00850	0.79997	0.02103	0.02819	0.01074	0.01074	0.00761	0.00537	0.00447	0.00134	0.00492	0.00403	0.00447	0.00761
24	0.00845	0.00795	0.01342	0.83204	0.03081	0.00994	0.01242	0.01143	0.00894	0.01143	0.00795	0.01193	0.00596	0.00447	0.00447	0.00149	0.00596	0.00398	0.00199	0.00497
25	0.01055	0.01203	0.02620	0.01874	0.02320	0.01135	0.78650	0.01427	0.01050	0.01427	0.00900	0.01203	0.00677	0.00383	0.00542	0.00152	0.02027	0.00526	0.00226	0.00602
26	0.00562	0.00441	0.00508	0.00521	0.00632	0.00387	0.00379	0.00695	0.01055	0.01360	0.25868	0.21127	0.42615	0.01129	0.00537	0.00155	0.00229	0.00976	0.00437	0.00387
27	0.00545	0.00389	0.00519	0.00623	0.00649	0.00363	0.00415	0.00623	0.00856	0.01142	0.02465	0.83987	0.02959	0.01401	0.00571	0.00182	0.00260	0.01272	0.00415	0.00363
28	0.01224	0.01101	0.01069	0.00945	0.01206	0.08849	0.00737	0.10014	0.65370	0.01892	0.01640	0.01528	0.01231	0.00586	0.00449	0.00147	0.00411	0.00475	0.00433	0.00695
29	0.01151	0.72081	0.14414	0.00843	0.01268	0.01659	0.00900	0.01351	0.00914	0.01108	0.00649	0.00752	0.00573	0.00389	0.00308	0.00103	0.00506	0.00253	0.00191	0.00587
30	0.00604	0.00456	0.00559	0.00538	0.00655	0.00411	0.00405	0.00786	0.01186	0.01610	0.56964	0.05025	0.25658	0.00990	0.00530	0.00146	0.00220	0.02380	0.00468	0.00408
31	0.12213	0.01077	0.01120	0.00885	0.01196	0.01190	0.00726	0.56707	0.03182	0.03964	0.01096	0.01130	0.00796	0.00521	0.00408	0.00131	0.00431	0.00387	0.12159	0.00679
32	0.05422	0.01326	0.01142	0.00974	0.01242	0.26910	0.03445	0.17363	0.19321	0.06910	0.03933	0.01472	0.07434	0.00578	0.00439	0.00135	0.00526	0.00446	0.00370	0.00612
33	0.00959	0.00938	0.01541	0.19409	0.01787	0.01133	0.17830	0.04605	0.00872	0.01227	0.00810	0.01260	0.00717	0.07201	0.04123	0.00211	0.34203	0.00446	0.00222	0.00507
34	0.00551	0.00392	0.00517	0.00615	0.00639	0.00367	0.00407	0.00624	0.00844	0.01126	0.02404	0.79274	0.02881	0.06220	0.00670	0.00196	0.00270	0.01236	0.00407	0.00358
35	0.02512	0.00757	0.00960	0.00886	0.03440	0.00784	0.04634	0.07341	0.23567	0.12913	0.09031	0.14553	0.03736	0.00792	0.00490	0.00154	0.00362	0.08259	0.04246	0.00583
36	0.01005	0.01044	0.07507	0.04340	0.27947	0.07806	0.02016	0.07138	0.03125	0.01451	0.08964	0.11041	0.02450	0.08443	0.01597	0.00176	0.02531	0.00560	0.00297	0.00562
37	0.00559	0.00417	0.00575	0.00648	0.00694	0.00386	0.02677	0.00647	0.00872	0.01154	0.02551	0.76624	0.07812	0.01355	0.00567	0.00179	0.00272	0.01230	0.00410	0.00371
38	0.01029	0.03699	0.01020	0.02189	0.01128	0.00708	0.00580	0.07434	0.01030	0.03958	0.00840	0.00955	0.00679	0.00358	0.00345	0.00076	0.00355	0.00283	0.00284	0.73047
39	0.01180	0.75045	0.03660	0.00793	0.01164	0.01698	0.00781	0.01417	0.07109	0.01123	0.00718	0.00800	0.00636	0.00408	0.00324	0.00103	0.01980	0.00264	0.00212	0.00585
40	0.01148	0.24857	0.39828	0.01075	0.01560	0.13867	0.01194	0.04988	0.01040	0.02492	0.00784	0.01982	0.00621	0.00437	0.00385	0.00123	0.00609	0.00315	0.00218	0.02478
41	0.00647	0.02871	0.00622	0.00560	0.00695	0.00492	0.00423	0.02272	0.05290	0.01519	0.37772	0.10848	0.32346	0.01002	0.00520	0.00147	0.00241	0.00862	0.00446	0.00426
42	0.01709	0.01239	0.01334	0.01023	0.01380	0.01366	0.00845	0.77777	0.02080	0.05073	0.01094	0.01087	0.00771	0.00537	0.00448	0.00134	0.00489	0.00404	0.00451	0.00761
43	0.01088	0.01047	0.01899	0.07427	0.53597	0.01038	0.18735	0.01373	0.01027	0.03825	0.00984	0.01279	0.02474	0.00431	0.00467	0.00140	0.00572	0.01698	0.00238	0.00662
44	0.01456	0.02359	0.07824	0.07322	0.01407	0.03607	0.06647	0.06673	0.05144	0.37190	0.11811	0.01588	0.01349	0.00558	0.00456	0.00138	0.00447	0.00474	0.00427	0.03123
45	0.00601	0.00451	0.00557	0.00541	0.00651	0.00407	0.00402	0.00778	0.01175	0.01601	0.56544	0.09846	0.22793	0.01005	0.00531	0.00146	0.00219	0.00878	0.00468	0.00407
46	0.01717	0.01182	0.01291	0.00991	0.01343	0.01288	0.00818	0.69866	0.01990	0.11505	0.01158	0.01135	0.00807	0.00539	0.00445	0.00134	0.00474	0.00408	0.02155	0.00754
47	0.00945	0.00933	0.01304	0.01132	0.01134	0.01292	0.00935	0.01041	0.00698	0.01082	0.00733	0.07434	0.00772	0.00831	0.01398	0.00195	0.76991	0.00460	0.00213	0.00480
48	0.00645	0.00455	0.00597	0.00597	0.00634	0.00493	0.00407	0.00720	0.00683	0.00948	0.01310	0.02376	0.01387	0.46160	0.40069	0.00568	0.00794	0.00570	0.00256	0.00332
49	0.01188	0.00822	0.00927	0.00830	0.01073	0.00884	0.00656	0.02010	0.48823	0.17616	0.02124	0.04488	0.08892	0.00718	0.00477	0.00154	0.00349	0.06846	0.00466	0.00654
50	0.00547	0.00391	0.00521	0.00622	0.00649	0.00364	0.00415	0.00627	0.00864	0.01154	0.03955	0.82463	0.02982	0.01392	0.00570	0.00181	0.00259	0.01263	0.00417	0.00364
51	0.01123	0.64584	0.21673	0.00889	0.01339	0.01592	0.00981	0.01358	0.00918	0.01141	0.00666	0.00773	0.00572	0.00393	0.00321	0.00107	0.00523	0.00261	0.00191	0.00595
52	0.01045	0.00987	0.01668	0.07208	0.68945	0.00996	0.01271	0.01307	0.01036	0.01476	0.08783	0.01333	0.01049	0.00452	0.00451	0.00135	0.00504	0.00439	0.00247	0.00668
53	0.00617	0.00457	0.00576	0.00549	0.00662	0.00416	0.00413	0.00812	0.01221	0.01689	0.67153	0.03530	0.17085	0.00956	0.00529	0.00143	0.00217	0.02082	0.00478	0.00414
54	0.01045	0.01190	0.02596	0.01859	0.02303	0.01115	0.78228	0.01416	0.01052	0.01427	0.00937	0.02911	0.00726	0.00398	0.00529	0.00151	0.00744	0.00543	0.00230	0.00598
55	0.00928	0.00795	0.00928	0.00663	0.01060	0.00596	0.00530	0.01126	0.00928	0.01458	0.00795	0.00928	0.00663	0.00331	0.00331	0.00066	0.00331	0.00265	0.00265	0.87014
56	0.00845	0.00795	0.01342	0.83204	0.03081	0.00994	0.01242	0.01143	0.00894	0.01143	0.00795	0.01193	0.00596	0.00447	0.00447	0.00149	0.00596	0.00398	0.00199	0.00497
57	0.00633	0.00457	0.00598	0.00563	0.00668	0.00422	0.00422	0.00844	0.01266	0.01794	0.81253	0.03341	0.04221	0.00914	0.00528	0.00141	0.00211	0.00809	0.00492	0.00422
58	0.00529	0.00453	0.00453	0.00453	0.00604	0.00378	0.00340	0.00642	0.01020	0.01208	0.04532	0.04305	0.81307	0.01133	0.00529	0.00151	0.00227	0.00944	0.00415	0.00378
59	0.01700	0.01253	0.01342	0.01029	0.01387	0.01387	0.00850	0.79997	0.02103	0.02819	0.01074	0.01074	0.00761	0.00537	0.00447	0.00134	0.00492	0.00403	0.00447	0.00761
60	0.00651	0.00434	0.00488	0.00488	0.00488	0.00434	0.00271	0.00651	0.00651	0.00867	0.01409	0.02927	0.01626	0.84279	0.02277	0.00434	0.00434	0.00651	0.00271	0.00271
61	0.00897	0.02314	0.81962	0.01275	0.01936	0.01039	0.01653	0.01417	0.00944	0.01417	0.00803	0.00944	0.00567	0.00425	0.00425	0.00142	0.00661	0.00331	0.00189	0.00661
62	0.00897	0.02314	0.81962	0.01275	0.01936	0.01039	0.01653	0.01417	0.00944	0.01417	0.00803	0.00944	0.00567	0.00425	0.00425	0.00142	0.00661	0.00331	0.00189	0.00661
63	0.01056	0.01207	0.02640	0.01885	0.02338	0.01131	0.79864	0.01433	0.01056	0.01433	0.00905	0.01207	0.00679	0.00377	0.00528	0.00151	0.00754	0.00528	0.00226	0.00603
64	0.00663	0.00464	0.00607	0.00568	0.00678	0.00427	0.00427	0.00873	0.01267	0.03518	0.79540	0.03302	0.04154	0.00907	0.00526	0.00141	0.00215	0.00801	0.00494	0.00429
65	0.01996	0.00778	0.01049	0.00804	0.01150	0.00682	0.00664	0.04845	0.01309	0.79093	0.01741	0.01507	0.01095	0.00553	0.00450	0.00138	0.00384	0.00448	0.00550	0.00761
66	0.10661	0.01209	0.01319	0.01033	0.01361	0.05842	0.06934	0.52510	0.06335	0.02400	0.01036	0.01083	0.00758	0.00516	0.00451	0.00136	0.02286	0.00395	0.03046	0.00686
67	0.00533	0.00448	0.00462	0.00469	0.00610	0.00378	0.00348	0.00646	0.01014	0.01220	0.06559	0.10474	0.73016	0.01148	0.00532	0.00153	0.00229	0.00966	0.00418	0.00378
68	0.00845	0.00795	0.01342	0.83204	0.03081	0.00994	0.01242	0.01143	0.00894	0.01143	0.00795	0.01193	0.00596	0.00447	0.00447	0.00149	0.00596	0.00398	0.00199	0.00497
69	0.01056	0.01207	0.02640	0.01885	0.02338	0.01131	0.79864	0.01433	0.01056	0.01433	0.00905	0.01207	0.00679	0.00377	0.00528	0.00151	0.00754	0.00528	0.00226	0.00603
70	0.00979	0.00979	0.01370	0.01174	0.01174	0.01370	0.00979	0.01077	0.00685	0.01077	0.00587	0.00979	0.00587	0.00783	0.01468	0.00196	0.83461	0.00391	0.00196	0.00489
71	0.00545	0.00389	0.00519	0.00623	0.00649	0.00363	0.00415	0.00623	0.00856	0.01142	0.02465	0.83987	0.02959	0.01401	0.00571	0.00182	0.00260	0.01272	0.00415	0.00363
72	0.01983	0.00799	0.01062	0.00814	0.01161	0.00714	0.00672	0.08167	0.01344	0.75722	0.01712	0.01488	0.01081	0.00552	0.00450	0.00138	0.00389	0.00446	0.00545	0.00761
73	0.06562	0.39897	0.12353	0.01020	0.04072	0.08780	0.06621	0.08431	0.01056	0.01369	0.00826	0.05605	0.00733	0.00470	0.00368	0.00120	0.00534	0.00356	0.00239	0.00586
74	0.00529	0.00452	0.00455	0.00457	0.00605	0.00377	0.00341	0.00642	0.01016	0.01207	0.04487	0.06022	0.79619	0.01139	0.00530	0.00152	0.00227	0.00951	0.00415	0.00377
75	0.00640	0.00476	0.00701	0.00701	0.00775	0.00549	0.00537	0.00787	0.00714	0.01025	0.01215	0.01848	0.01158	0.09648	0.76268	0.00697	0.01139	0.00493	0.00242	0.00389
76	0.00897	0.02314	0.81962	0.01275	0.01936	0.01039	0.01653	0.01417	0.00944	0.01417	0.00803	0.00944	0.00567	0.00425	0.00425	0.00142	0.00661	0.00331	0.00189	0.00661
77	0.00894	0.00847	0.01426	0.67110	0.16965	0.01014	0.01260	0.01182	0.00912	0.01198	0.00799	0.01173	0.00616	0.00446	0.00469	0.00147	0.02407	0.00398	0.00203	0.00534
78	0.01420	0.02050	0.20338	0.01235	0.01579	0.52966	0.07066	0.03070	0.01171	0.01227	0.00737	0.00880	0.00585	0.00458	0.00454	0.00127	0.03528	0.00322	0.00223	0.00562
79	0.01030	0.01306	0.11172	0.01771	0.02220	0.01122	0.66587	0.01407	0.01027	0.01414	0.00903	0.01228	0.00692	0.00414	0.00560	0.00153	0.04447	0.01723	0.00224	0.00601
80	0.01383	0.02769	0.02729	0.01224	0.01489	0.50131	0.17111	0.02701	0.01180	0.01235	0.00955	0.04858	0.00851	0.00534	0.00445	0.00131	0.00711	0.05159	0.03879	0.00525
81	0.00777	0.00389	0.00583	0.00583	0.00583	0.00389	0.00389	0.00583	0.00583	0.00777	0.00777	0.01360	0.00777	0.01554	0.01748	0.86985	0.00389	0.00389	0.00194	0.00194
82	0.00940	0.00898	0.01487	0.48873	0.26272	0.01062	0.01248	0.01203	0.00905	0.01230	0.00783	0.01140	0.00629	0.00475	0.00574	0.00150	0.10969	0.00397	0.00205	0.00559
83	0.00994	0.16014	0.63386	0.01162	0.01753	0.01145	0.01443	0.02564	0.00968	0.04128	0.00834	0.00992	0.00621	0.00437	0.00406	0.00135	0.00614	0.01546	0.00209	0.00647
84	0.02001	0.00770	0.01044	0.00800	0.01146	0.00671	0.00661	0.03579	0.01295	0.80379	0.01752	0.01514	0.01101	0.00553	0.00450	0.00138	0.00383	0.00449	0.00552	0.00761
85	0.02007	0.00761	0.01038	0.00796	0.01142	0.00657	0.00657	0.02180	0.01280	0.81799	0.01765	0.01523	0.01107	0.00554	0.00450	0.00138	0.00381	0.00450	0.00554	0.00761
86	0.03384	0.01750	0.01309	0.01181	0.04119	0.57576	0.06970	0.03981	0.01237	0.06035	0.02140	0.02749	0.03246	0.00518	0.00428	0.00125	0.00704	0.01730	0.00273	0.00542
87	0.00625	0.00457	0.00587	0.00554	0.00663	0.00419	0.00416	0.00828	0.01247	0.01748	0.75287	0.03416	0.10215	0.00931	0.00528	0.00141	0.00212	0.00819	0.00486	0.00419
88	0.00545	0.00389	0.00519	0.00623	0.00649	0.00363	0.00415	0.00623	0.00856	0.01142	0.02465	0.83987	0.02959	0.01401	0.00571	0.00182	0.00260	0.01272	0.00415	0.00363
89	0.09906	0.00524	0.00638	0.00584	0.00726	0.00502	0.00447	0.00998	0.01214	0.08038	0.66558	0.02924	0.03584	0.00834	0.00495	0.00140	0.00238	0.00721	0.00474	0.00455
90	0.82387	0.00837	0.00649	0.00590	0.00853	0.00966	0.00480	0.01275	0.00767	0.01957	0.00730	0.05567	0.00628	0.00473	0.00294	0.00141	0.00341	0.00302	0.00285	0.00477
91	0.00529	0.00453	0.00453	0.00453	0.00604	0.00378	0.00340	0.00642	0.01020	0.01208	0.04532	0.04305	0.81307	0.01133	0.00529	0.00151	0.00227	0.00944	0.00415	0.00378
92	0.00928	0.00795	0.00928	0.00663	0.01060	0.00596	0.00530	0.01126	0.00928	0.01458	0.00795	0.00928	0.00663	0.00331	0.00331	0.00066	0.00331	0.00265	0.00265	0.87014
93	0.00544	0.00394	0.00514	0.00610	0.00645	0.00364	0.00409	0.00624	0.00869	0.01147	0.02626	0.77791	0.09051	0.01381	0.00568	0.00179	0.00257	0.01246	0.00415	0.00364
94	0.00897	0.02314	0.81962	0.01275	0.01936	0.01039	0.01653	0.01417	0.00944	0.01417	0.00803	0.00944	0.00567	0.00425	0.00425	0.00142	0.00661	0.00331	0.00189	0.00661
95	0.01158	0.00984	0.01037	0.00920	0.01181	0.01134	0.00719	0.08413	0.74570	0.01945	0.01763	0.01623	0.01318	0.00601	0.00455	0.00150	0.00365	0.00498	0.00455	0.00712
96	0.87439	0.00865	0.00657	0.00588	0.00865	0.01003	0.00484	0.01315	0.00761	0.02007	0.00623	0.00727	0.00484	0.00415	0.00277	0.00138	0.00346	0.00242	0.00277	0.00484
97	0.01056	0.01207	0.02640	0.01885	0.02338	0.01131	0.79864	0.01433	0.01056	0.01433	0.00905	0.01207	0.00679	0.00377	0.00528	0.00151	0.00754	0.00528	0.00226	0.00603
98	0.01092	0.01047	0.01788	0.07424	0.76930	0.01059	0.01365	0.01359	0.01011	0.01443	0.00839	0.01112	0.00702	0.00401	0.00443	0.00134	0.00535	0.00399	0.00220	0.00696
99	0.01039	0.01151	0.02405	0.01721	0.02159	0.01068	0.68660	0.01389	0.01034	0.01430	0.00886	0.01168	0.00675	0.00378	0.00518	0.00141	0.02033	0.00493	0.00231	0.11421
100	0.00645	0.00482	0.00719	0.00727	0.00809	0.00556	0.00572	0.00809	0.00743	0.01062	0.01289	0.02013	0.01232	0.03190	0.76139	0.00679	0.01137	0.06545	0.00253	0.00400
101	0.01423	0.01111	0.01188	0.00961	0.01280	0.01232	0.00775	0.44786	0.32879	0.02365	0.01350	0.01299	0.00992	0.00552	0.00444	0.00137	0.00428	0.00435	0.00440	0.05924
102	0.00648	0.00455	0.00592	0.00571	0.00674	0.00418	0.00423	0.00838	0.01205	0.03448	0.66494	0.13439	0.07154	0.00976	0.00531	0.00146	0.00221	0.00865	0.00481	0.00420
103	0.04994	0.75596	0.06135	0.00786	0.01178	0.01695	0.00798	0.02525	0.00922	0.01139	0.00638	0.00734	0.00573	0.00389	0.00296	0.00100	0.00482	0.00246	0.00199	0.00577
104	0.00722	0.00539	0.00767	0.00743	0.00845	0.00624	0.00582	0.06957	0.00827	0.01177	0.01189	0.01704	0.01090	0.03136	0.76126	0.00673	0.01143	0.00473	0.00256	0.00427
105	0.01107	0.01063	0.01816	0.02746	0.81489	0.01063	0.01373	0.01373	0.01019	0.01461	0.00841	0.01107	0.00709	0.00399	0.00443	0.00133	0.00531	0.00399	0.00221	0.00709
106	0.00545	0.00389	0.00519	0.00623	0.00649	0.00363	0.00415	0.00623	0.00856	0.01142	0.02465	0.83987	0.02959	0.01401	0.00571	0.00182	0.00260	0.01272	0.00415	0.00363
107	0.00968	0.14687	0.57686	0.03026	0.03547	0.01159	0.03660	0.01473	0.07143	0.01392	0.00858	0.00983	0.00637	0.00431	0.00410	0.00136	0.00608	0.00339	0.00212	0.00647
108	0.01067	0.00921	0.00968	0.00875	0.01120	0.01055	0.00679	0.02242	0.74486	0.01820	0.02031	0.01874	0.07582	0.00648	0.00461	0.00152	0.00344	0.00540	0.00452	0.00682
109	0.00639	0.00479	0.00719	0.00719	0.00799	0.00559	0.00559	0.00799	0.00719	0.01038	0.01198	0.01757	0.01118	0.03355	0.82507	0.00719	0.01198	0.00479	0.00240	0.00399
110	0.00572	0.00408	0.00550	0.00653	0.00691	0.00386	0.00462	0.00669	0.00883	0.01172	0.02451	0.72017	0.02900	0.01376	0.00578	0.00185	0.00283	0.12979	0.00415	0.00371
111	0.01151	0.01146	0.01773	0.02622	0.75260	0.07394	0.01333	0.01405	0.01038	0.01433	0.00830	0.01084	0.00698	0.00403	0.00440	0.00131	0.00553	0.00390	0.00222	0.00694
112	0.00529	0.00453	0.00453	0.00453	0.00604	0.00378	0.00340	0.00642	0.01020	0.01208	0.04532	0.04305	0.81307	0.01133	0.00529	0.00151	0.00227	0.00944	0.00415	0.00378
113	0.02007	0.00761	0.01038	0.00796	0.01142	0.00657	0.00657	0.02180	0.01280	0.81799	0.01765	0.01523	0.01107	0.00554	0.00450	0.00138	0.00381	0.00450	0.00554	0.00761
114	0.00883	0.00815	0.01342	0.79579	0.03006	0.01011	0.01225	0.04622	0.00948	0.01217	0.00807	0.01187	0.00604	0.00451	0.00447	0.00148	0.00592	0.00398	0.00210	0.00509
115	0.00553	0.00393	0.00517	0.00612	0.00636	0.00369	0.00404	0.00625	0.00840	0.01121	0.02383	0.77684	0.02855	0.07846	0.00704	0.00201	0.00273	0.01223	0.00404	0.00356
116	0.00639	0.00478	0.00710	0.00710	0.00787	0.00554	0.00548	0.00793	0.00716	0.01032	0.01206	0.01801	0.01137	0.06408	0.79480	0.00708	0.01169	0.00486	0.00241	0.00395
117	0.00545	0.00389	0.00519	0.00623	0.00649	0.00363	0.00415	0.00623	0.00856	0.01142	0.02465	0.83987	0.02959	0.01401	0.00571	0.00182	0.00260	0.01272	0.00415	0.00363
118	0.00923	0.02161	0.72194	0.01454	0.11632	0.01042	0.01619	0.01411	0.00953	0.01422	0.00807	0.00964	0.00584	0.00422	0.00427	0.00141	0.00645	0.00339	0.00193	0.00667
119	0.01151	0.69537	0.04955	0.00781	0.01140	0.05310	0.00768	0.01314	0.00962	0.01141	0.08597	0.00989	0.00934	0.00440	0.00321	0.00103	0.00474	0.00301	0.00223	0.00560
120	0.04145	0.56156	0.12751	0.00875	0.01258	0.11951	0.00878	0.01381	0.00946	0.01139	0.00682	0.00808	0.00596	0.00538	0.04150	0.00135	0.00574	0.00269	0.00201	0.00567
121	0.01191	0.83189	0.03661	0.00774	0.01161	0.01758	0.00780	0.01341	0.00910	0.01058	0.00625	0.00721	0.00574	0.00383	0.00289	0.00096	0.00481	0.00241	0.00191	0.00575
122	0.01084	0.00849	0.00984	0.00715	0.01105	0.00696	0.00576	0.10761	0.01091	0.06294	0.00885	0.00980	0.00700	0.00369	0.00352	0.00079	0.00354	0.00292	0.00304	0.71530
123	0.00781	0.00492	0.00621	0.00571	0.00710	0.00442	0.00432	0.00963	0.01201	0.11482	0.54141	0.04811	0.17963	0.02716	0.00557	0.00149	0.00240	0.00795	0.00480	0.00451
124	0.01019	0.01138	0.02455	0.01780	0.02198	0.01069	0.72541	0.01376	0.01047	0.01417	0.01044	0.04265	0.00867	0.00462	0.00535	0.00155	0.00717	0.05085	0.00244	0.00584
125	0.02007	0.00761	0.01038	0.00796	0.01142	0.00657	0.00657	0.02180	0.01280	0.81799	0.01765	0.01523	0.01107	0.00554	0.00450	0.00138	0.00381	0.00450	0.00554	0.00761
126	0.00897	0.02314	0.81962	0.01275	0.01936	0.01039	0.01653	0.01417	0.00944	0.01417	0.00803	0.00944	0.00567	0.00425	0.00425	0.00142	0.00661	0.00331	0.00189	0.00661
127	0.01851	0.00775	0.01014	0.00788	0.01102	0.00702	0.00638	0.09087	0.01295	0.66975	0.01669	0.01615	0.01125	0.08484	0.00623	0.00166	0.00396	0.00465	0.00517	0.00715
128	0.00648	0.00443	0.00536	0.00536	0.00552	0.00460	0.00331	0.00681	0.00665	0.00903	0.01366	0.02685	0.01521	0.67503	0.18909	0.00493	0.00592	0.00615	0.00265	0.00298
129	0.00547	0.00454	0.00479	0.00473	0.00616	0.00385	0.00354	0.00678	0.01063	0.01312	0.18077	0.04135	0.67697	0.01094	0.00528	0.00149	0.00224	0.00920	0.00429	0.00385
130	0.01671	0.02132	0.01268	0.01152	0.01383	0.82483	0.00864	0.01786	0.01268	0.01095	0.00691	0.00807	0.00576	0.00461	0.00403	0.00115	0.00807	0.00288	0.00230	0.00519
131	0.00845	0.00795	0.01342	0.83204	0.03081	0.00994	0.01242	0.01143	0.00894	0.01143	0.00795	0.01193	0.00596	0.00447	0.00447	0.00149	0.00596	0.00398	0.00199	0.00497
132	0.02007	0.00761	0.01038	0.00796	0.01142	0.00657	0.00657	0.02180	0.01280	0.81799	0.01765	0.01523	0.01107	0.00554	0.00450	0.00138	0.00381	0.00450	0.00554	0.00761
133	0.01700	0.01253	0.01342	0.01029	0.01387	0.01387	0.00850	0.79997	0.02103	0.02819	0.01074	0.01074	0.00761	0.00537	0.00447	0.00134	0.00492	0.00403	0.00447	0.00761
134	0.00554	0.00400	0.00528	0.00626	0.00663	0.00373	0.00429	0.00641	0.00874	0.01157	0.02558	0.75616	0.06654	0.01379	0.00572	0.00182	0.00267	0.05745	0.00415	0.00367
135	0.00547	0.00391	0.00523	0.00625	0.00652	0.00367	0.00418	0.00626	0.00854	0.01140	0.02439	0.82294	0.02921	0.01442	0.02258	0.00193	0.00279	0.01255	0.00412	0.00364
136	0.01056	0.01207	0.02640	0.01885	0.02338	0.01131	0.79864	0.01433	0.01056	0.01433	0.00905	0.01207	0.00679	0.00377	0.00528	0.00151	0.00754	0.00528	0.00226	0.00603
137	0.01886	0.00830	0.01066	0.00831	0.01169	0.00776	0.00682	0.09963	0.09377	0.65852	0.01701	0.01493	0.01099	0.00557	0.00450	0.00139	0.00389	0.00451	0.00533	0.00756
138	0.00926	0.10363	0.74169	0.01225	0.01859	0.01110	0.01566	0.01409	0.00941	0.01381	0.00785	0.00922	0.00567	0.00421	0.00411	0.00137	0.00643	0.00322	0.00189	0.00653
139	0.01440	0.01123	0.01196	0.00976	0.01288	0.01265	0.00787	0.45571	0.36954	0.02399	0.01405	0.01338	0.01029	0.00568	0.00451	0.00142	0.00431	0.00448	0.00451	0.00737
140	0.01112	0.01059	0.01726	0.05823	0.54992	0.02297	0.08524	0.01526	0.12471	0.02819	0.00994	0.01201	0.00797	0.00440	0.00473	0.00139	0.02239	0.00425	0.00260	0.00683
141	0.01513	0.24636	0.01568	0.01062	0.03069	0.51627	0.00840	0.07123	0.01219	0.01214	0.00760	0.00860	0.01802	0.00454	0.00377	0.00112	0.00680	0.00295	0.00238	0.00553
142	0.00898	0.02260	0.79111	0.01258	0.01902	0.01032	0.01616	0.01430	0.02703	0.01432	0.01884	0.00992	0.00632	0.00435	0.00427	0.00142	0.00648	0.00341	0.00199	0.00659
143	0.01054	0.01348	0.13169	0.03697	0.08493	0.03412	0.54323	0.01484	0.05687	0.01442	0.00931	0.01178	0.00701	0.00403	0.00498	0.00147	0.00698	0.00480	0.00234	0.00621
144	0.00545	0.00389	0.00519	0.00623	0.00649	0.00363	0.00415	0.00623	0.00856	0.01142	0.02465	0.83987	0.02959	0.01401	0.00571	0.00182	0.00260	0.01272	0.00415	0.00363
145	0.01054	0.01202	0.02612	0.01870	0.02312	0.01136	0.78129	0.01425	0.01048	0.01425	0.00898	0.01202	0.00677	0.00386	0.00549	0.00152	0.02573	0.00525	0.00226	0.00601
146	0.00549	0.00454	0.00481	0.00475	0.00617	0.00386	0.00356	0.00681	0.01068	0.01323	0.19501	0.04117	0.66266	0.01090	0.00528	0.00149	0.00224	0.00918	0.00430	0.00386
147	0.00646	0.00499	0.00742	0.07127	0.00957	0.00572	0.00596	0.00797	0.00768	0.01077	0.01452	0.19825	0.01497	0.02583	0.54125	0.00531	0.03276	0.02251	0.00277	0.00402
148	0.00640	0.00477	0.00708	0.00708	0.00785	0.00553	0.00546	0.00792	0.00716	0.01031	0.01208	0.01811	0.01141	0.07036	0.78857	0.00706	0.01163	0.00487	0.00241	0.00394
149	0.01104	0.01084	0.03192	0.02720	0.80122	0.01062	0.01378	0.01374	0.01017	0.01461	0.00841	0.01104	0.00706	0.00399	0.00443	0.00133	0.00534	0.00397	0.00221	0.00708
150	0.00691	0.00531	0.00746	0.00829	0.10518	0.00500	0.00538	0.00909	0.01236	0.01753	0.71453	0.03069	0.03793	0.00852	0.00517	0.00140	0.00250	0.00759	0.00459	0.00457
151	0.00819	0.00422	0.00440	0.00440	0.00543	0.00428	0.00332	0.01023	0.00921	0.01619	0.01439	0.01675	0.01144	0.00742	0.06704	0.00152	0.00285	0.00422	0.80034	0.00416
152	0.00639	0.00479	0.00719	0.00719	0.00799	0.00559	0.00559	0.00799	0.00719	0.01038	0.01198	0.01757	0.01118	0.03355	0.82507	0.00719	0.01198	0.00479	0.00240	0.00399
153	0.02007	0.00761	0.01038	0.00796	0.01142	0.00657	0.00657	0.02180	0.01280	0.81799	0.01765	0.01523	0.01107	0.00554	0.00450	0.00138	0.00381	0.00450	0.00554	0.00761
154	0.00851	0.00803	0.01343	0.79585	0.02997	0.01010	0.01231	0.01140	0.00885	0.01140	0.00786	0.01183	0.00596	0.00462	0.00492	0.00151	0.04252	0.00397	0.00199	0.00497
155	0.00725	0.00523	0.00663	0.00625	0.00737	0.00476	0.00462	0.00910	0.01318	0.01870	0.80256	0.03430	0.04255	0.00966	0.00564	0.00157	0.00244	0.00832	0.00519	0.00469
156	0.00545	0.00389	0.00519	0.00623	0.00649	0.00363	0.00415	0.00623	0.00856	0.01142	0.02465	0.83987	0.02959	0.01401	0.00571	0.00182	0.00260	0.01272	0.00415	0.00363
157	0.01196	0.84548	0.02344	0.00765	0.01148	0.01770	0.00765	0.01339	0.00909	0.01052	0.00622	0.00718	0.00574	0.00383	0.00287	0.00096	0.00478	0.00239	0.00191	0.00574
158	0.00719	0.00608	0.00762	0.00753	0.00844	0.06930	0.00583	0.00876	0.00762	0.01043	0.01159	0.01683	0.01076	0.03130	0.76122	0.00672	0.01168	0.00464	0.00239	0.00409
159	0.00845	0.00795	0.01342	0.83204	0.03081	0.00994	0.01242	0.01143	0.00894	0.01143	0.00795	0.01193	0.00596	0.00447	0.00447	0.00149	0.00596	0.00398	0.00199	0.00497
160	0.00845	0.00795	0.01342	0.83204	0.03081	0.00994	0.01242	0.01143	0.00894	0.01143	0.00795	0.01193	0.00596	0.00447	0.00447	0.00149	0.00596	0.00398	0.00199	0.00497
161	0.01107	0.01063	0.01816	0.02746	0.81489	0.01063	0.01373	0.01373	0.01019	0.01461	0.00841	0.01107	0.00709	0.00399	0.00443	0.00133	0.00531	0.00399	0.00221	0.00709
162	0.00651	0.00434	0.00488	0.00488	0.00488	0.00434	0.00271	0.00651	0.00651	0.00867	0.01409	0.02927	0.01626	0.84279	0.02277	0.00434	0.00434	0.00651	0.00271	0.00271
163	0.00529	0.00453	0.00453	0.00453	0.00604	0.00378	0.00340	0.00642	0.01020	0.01208	0.04532	0.04305	0.81307	0.01133	0.00529	0.00151	0.00227	0.00944	0.00415	0.00378
164	0.00897	0.02314	0.81962	0.01275	0.01936	0.01039	0.01653	0.01417	0.00944	0.01417	0.00803	0.00944	0.00567	0.00425	0.00425	0.00142	0.00661	0.00331	0.00189	0.00661
165	0.02007	0.00761	0.01038	0.00796	0.01142	0.00657	0.00657	0.02180	0.01280	0.81799	0.01765	0.01523	0.01107	0.00554	0.00450	0.00138	0.00381	0.00450	0.00554	0.00761
166	0.02007	0.00761	0.01038	0.00796	0.01142	0.00657	0.00657	0.02180	0.01280	0.81799	0.01765	0.01523	0.01107	0.00554	0.00450	0.00138	0.00381	0.00450	0.00554	0.00761
167	0.01056	0.01207	0.02640	0.01885	0.02338	0.01131	0.79864	0.01433	0.01056	0.01433	0.00905	0.01207	0.00679	0.00377	0.00528	0.00151	0.00754	0.00528	0.00226	0.00603
168	0.00845	0.00795	0.01342	0.83204	0.03081	0.00994	0.01242	0.01143	0.00894	0.01143	0.00795	0.01193	0.00596	0.00447	0.00447	0.00149	0.00596	0.00398	0.00199	0.00497
169	0.00639	0.00479	0.00719	0.00719	0.00799	0.00559	0.00559	0.00799	0.00719	0.01038	0.01198	0.01757	0.01118	0.03355	0.82507	0.00719	0.01198	0.00479	0.00240	0.00399
170	0.01640	0.02057	0.01248	0.01134	0.01362	0.77827	0.00851	0.03984	0.01280	0.01145	0.00753	0.03187	0.00649	0.00490	0.00409	0.00118	0.00782	0.00319	0.00242	0.00521
171	0.00897	0.02314	0.81962	0.01275	0.01936	0.01039	0.01653	0.01417	0.00944	0.01417	0.00803	0.00944	0.00567	0.00425	0.00425	0.00142	0.00661	0.00331	0.00189	0.00661
172	0.00545	0.00389	0.00519	0.00623	0.00649	0.00363	0.00415	0.00623	0.00856	0.01142	0.02465	0.83987	0.02959	0.01401	0.00571	0.00182	0.00260	0.01272	0.00415	0.00363
173	0.01700	0.01253	0.01342	0.01029	0.01387	0.01387	0.00850	0.79997	0.02103	0.02819	0.01074	0.01074	0.00761	0.00537	0.00447	0.00134	0.00492	0.00403	0.00447	0.00761
174	0.00639	0.00478	0.00714	0.00714	0.00793	0.00557	0.00553	0.00796	0.00718	0.01035	0.01202	0.01780	0.01128	0.04945	0.80931	0.00713	0.01183	0.00483	0.00240	0.00397
175	0.00852	0.00803	0.01355	0.80909	0.05318	0.00996	0.01246	0.01149	0.00898	0.01152	0.00796	0.01190	0.00600	0.00446	0.00447	0.00149	0.00594	0.00398	0.00199	0.00503
176	0.03877	0.01189	0.01174	0.01039	0.04791	0.10695	0.00789	0.29511	0.34222	0.02087	0.02701	0.01314	0.01035	0.00548	0.00438	0.00137	0.00460	0.00430	0.00406	0.03155
177	0.07334	0.00616	0.05233	0.00532	0.00727	0.00497	0.00444	0.00816	0.04509	0.01312	0.03891	0.03715	0.66802	0.01013	0.00500	0.00150	0.00267	0.00834	0.00393	0.00417
178	0.00565	0.00452	0.00507	0.00511	0.00638	0.00394	0.00383	0.00705	0.01070	0.01358	0.23828	0.10288	0.52096	0.01103	0.00536	0.00153	0.00233	0.04355	0.00435	0.00389
179	0.01054	0.20991	0.07867	0.02506	0.01270	0.01434	0.00979	0.04648	0.00825	0.01175	0.00637	0.00922	0.00590	0.00643	0.01043	0.00164	0.52160	0.00351	0.00205	0.00535
180	0.00907	0.05104	0.79260	0.01258	0.01909	0.01064	0.01623	0.01414	0.00943	0.01404	0.00797	0.00937	0.00567	0.00424	0.00420	0.00140	0.00655	0.00327	0.00189	0.00658
181	0.11497	0.52182	0.07922	0.00957	0.07435	0.01495	0.00846	0.05993	0.03363	0.03657	0.00747	0.00838	0.00623	0.00412	0.00327	0.00112	0.00475	0.00282	0.00237	0.00601
182	0.00927	0.05844	0.72217	0.01367	0.08087	0.01073	0.01592	0.01410	0.00949	0.01404	0.00798	0.00947	0.00578	0.00421	0.00420	0.00139	0.00643	0.00332	0.00192	0.00661
183	0.00845	0.00795	0.01342	0.83204	0.03081	0.00994	0.01242	0.01143	0.00894	0.01143	0.00795	0.01193	0.00596	0.00447	0.00447	0.00149	0.00596	0.00398	0.00199	0.00497
184	0.00700	0.00502	0.00696	0.00796	0.00893	0.00498	0.00683	0.00892	0.01014	0.01318	0.02439	0.11866	0.04854	0.01247	0.00611	0.00202	0.00393	0.69575	0.00412	0.00407
185	0.01080	0.04622	0.01119	0.03612	0.07440	0.01094	0.00762	0.02125	0.63843	0.01776	0.06278	0.01666	0.01421	0.00594	0.00451	0.00147	0.00373	0.00500	0.00419	0.00679
186	0.01877	0.00750	0.00991	0.00769	0.01092	0.00667	0.00632	0.05620	0.01284	0.70277	0.01703	0.01516	0.01095	0.00550	0.00436	0.00135	0.00369	0.00444	0.09066	0.00727
187	0.00545	0.00389	0.00519	0.00623	0.00649	0.00363	0.00415	0.00623	0.00856	0.01142	0.02465	0.83987	0.02959	0.01401	0.00571	0.00182	0.00260	0.01272	0.00415	0.00363
188	0.01005	0.01012	0.01466	0.52126	0.24688	0.09674	0.01238	0.01275	0.00969	0.01226	0.00797	0.01128	0.00625	0.00435	0.00441	0.00141	0.00601	0.00386	0.00208	0.00558
189	0.01481	0.01650	0.01348	0.01422	0.17577	0.46949	0.00941	0.13834	0.01305	0.01434	0.00821	0.00983	0.00674	0.00685	0.06803	0.00169	0.00732	0.00343	0.00263	0.00586
190	0.02007	0.00761	0.01038	0.00796	0.01142	0.00657	0.00657	0.02180	0.01280	0.81799	0.01765	0.01523	0.01107	0.00554	0.00450	0.00138	0.00381	0.00450	0.00554	0.00761
191	0.00562	0.00402	0.00538	0.00636	0.00671	0.00378	0.00439	0.00656	0.00887	0.01185	0.05810	0.74418	0.02982	0.01368	0.00573	0.00182	0.00269	0.07256	0.00418	0.00370
192	0.00544	0.00455	0.00474	0.00471	0.00617	0.00385	0.00355	0.00670	0.01048	0.01277	0.13255	0.04207	0.71274	0.01110	0.00530	0.00151	0.00228	0.02144	0.00424	0.00383
193	0.00834	0.00417	0.00417	0.00417	0.00521	0.00417	0.00313	0.01042	0.00938	0.01668	0.01459	0.01668	0.01147	0.00521	0.00313	0.00104	0.00208	0.00417	0.86763	0.00417
194	0.01113	0.00961	0.01011	0.00910	0.01163	0.01113	0.00708	0.02377	0.80681	0.01871	0.01821	0.01669	0.01365	0.00607	0.00455	0.00152	0.00354	0.00506	0.00455	0.00708
195	0.00617	0.00458	0.00575	0.00551	0.00665	0.00417	0.00417	0.00810	0.01213	0.01670	0.64371	0.03578	0.18412	0.00966	0.00531	0.00145	0.00221	0.03494	0.00475	0.00414
196	0.00545	0.00389	0.00519	0.00623	0.00649	0.00363	0.00415	0.00623	0.00856	0.01142	0.02465	0.83987	0.02959	0.01401	0.00571	0.00182	0.00260	0.01272	0.00415	0.00363
197	0.02007	0.00761	0.01038	0.00796	0.01142	0.00657	0.00657	0.02180	0.01280	0.81799	0.01765	0.01523	0.01107	0.00554	0.00450	0.00138	0.00381	0.00450	0.00554	0.00761
198	0.01700	0.01253	0.01342	0.01029	0.01387	0.01387	0.00850	0.79997	0.02103	0.02819	0.01074	0.01074	0.00761	0.00537	0.00447	0.00134	0.00492	0.00403	0.00447	0.00761
199	0.02007	0.00761	0.01038	0.00796	0.01142	0.00657	0.00657	0.02180	0.01280	0.81799	0.01765	0.01523	0.01107	0.00554	0.00450	0.00138	0.00381	0.00450	0.00554	0.00761
200	0.87439	0.00865	0.00657	0.00588	0.00865	0.01003	0.00484	0.01315	0.00761	0.02007	0.00623	0.00727	0.00484	0.00415	0.00277	0.00138	0.00346	0.00242	0.00277	0.00484
201	0.01056	0.01207	0.02640	0.01885	0.02338	0.01131	0.79864	0.01433	0.01056	0.01433	0.00905	0.01207	0.00679	0.00377	0.00528	0.00151	0.00754	0.00528	0.00226	0.00603
202	0.01056	0.01207	0.02640	0.01885	0.02338	0.01131	0.79864	0.01433	0.01056	0.01433	0.00905	0.01207	0.00679	0.00377	0.00528	0.00151	0.00754	0.00528	0.00226	0.00603
203	0.00845	0.00795	0.01342	0.83204	0.03081	0.00994	0.01242	0.01143	0.00894	0.01143	0.00795	0.01193	0.00596	0.00447	0.00447	0.00149	0.00596	0.00398	0.00199	0.00497
204	0.01700	0.01253	0.01342	0.01029	0.01387	0.01387	0.00850	0.79997	0.02103	0.02819	0.01074	0.01074	0.00761	0.00537	0.00447	0.00134	0.00492	0.00403	0.00447	0.00761
205	0.00845	0.00795	0.01342	0.83204	0.03081	0.00994	0.01242	0.01143	0.00894	0.01143	0.00795	0.01193	0.00596	0.00447	0.00447	0.00149	0.00596	0.00398	0.00199	0.00497
