[name]
unknown

[dist]
# distance from previous block
# <min> <max>
0	530

[block]
# block no. 0 follows, 58 sequences, length 18
# corresponding to MSA columns:
# 530-547
name=unknown_A
#
# <colnr> <probs for GDERKNQSTAVLIFYWHMCP>
#	G	D	E	R	K	N	Q	S	T	A	V	L	I	F	Y	W	H	M	C	P
0	0.05685	0.00931	0.01284	0.04751	0.01224	0.01272	0.00945	0.01082	0.00723	0.01149	0.00725	0.01264	0.00724	0.00780	0.01297	0.00191	0.69325	0.05947	0.00216	0.00484
1	0.00943	0.02115	0.70784	0.05814	0.05893	0.01024	0.01582	0.01426	0.00957	0.04200	0.00838	0.00986	0.00594	0.00429	0.00428	0.00142	0.00641	0.00342	0.00204	0.00658
2	0.01290	0.69063	0.02121	0.00792	0.01149	0.01603	0.00763	0.01435	0.00945	0.11570	0.00769	0.00837	0.00644	0.00427	0.00373	0.00107	0.05006	0.00275	0.00239	0.00594
3	0.00529	0.00453	0.00453	0.00453	0.00604	0.00378	0.00340	0.00642	0.01020	0.01208	0.04532	0.04305	0.81307	0.01133	0.00529	0.00151	0.00227	0.00944	0.00415	0.00378
4	0.00897	0.02314	0.81962	0.01275	0.01936	0.01039	0.01653	0.01417	0.00944	0.01417	0.00803	0.00944	0.00567	0.00425	0.00425	0.00142	0.00661	0.00331	0.00189	0.00661
5	0.01980	0.00805	0.01065	0.00817	0.01164	0.00722	0.00675	0.09095	0.01353	0.74780	0.01703	0.01483	0.01077	0.00552	0.00450	0.00138	0.00391	0.00446	0.00544	0.00761
6	0.01046	0.01183	0.02538	0.04278	0.02303	0.01139	0.73633	0.01407	0.01033	0.01407	0.00886	0.01195	0.00672	0.00399	0.00572	0.00153	0.04822	0.00517	0.00224	0.00595
7	0.00529	0.00453	0.00453	0.00453	0.00604	0.00378	0.00340	0.00642	0.01020	0.01208	0.04532	0.04305	0.81307	0.01133	0.00529	0.00151	0.00227	0.00944	0.00415	0.00378
8	0.01044	0.00881	0.01421	0.54323	0.19682	0.01010	0.01201	0.06527	0.01030	0.07297	0.00895	0.01191	0.00669	0.00451	0.00446	0.00144	0.00559	0.00402	0.00247	0.00580
9	0.00974	0.28133	0.51419	0.01067	0.01603	0.01228	0.01291	0.01354	0.00955	0.01327	0.06110	0.01033	0.00813	0.00444	0.00388	0.00127	0.00573	0.00334	0.00210	0.00618
10	0.00530	0.00446	0.00460	0.00472	0.00609	0.00376	0.00348	0.00640	0.01002	0.01201	0.04306	0.13010	0.72748	0.01162	0.00533	0.00154	0.00230	0.00980	0.00415	0.00376
11	0.01056	0.01207	0.02640	0.01885	0.02338	0.01131	0.79864	0.01433	0.01056	0.01433	0.00905	0.01207	0.00679	0.00377	0.00528	0.00151	0.00754	0.00528	0.00226	0.00603
12	0.01495	0.01347	0.17368	0.01070	0.01478	0.01150	0.05053	0.41250	0.06823	0.14964	0.01197	0.02771	0.00855	0.00530	0.00450	0.00139	0.00508	0.00426	0.00401	0.00722
13	0.01065	0.01020	0.01739	0.15690	0.68875	0.01052	0.01352	0.01336	0.00999	0.01410	0.00834	0.01121	0.00691	0.00406	0.00444	0.00135	0.00542	0.00398	0.00218	0.00675
14	0.01107	0.01063	0.01816	0.02746	0.81489	0.01063	0.01373	0.01373	0.01019	0.01461	0.00841	0.01107	0.00709	0.00399	0.00443	0.00133	0.00531	0.00399	0.00221	0.00709
15	0.01176	0.01137	0.03737	0.07032	0.57702	0.06724	0.01242	0.03105	0.07574	0.04822	0.00951	0.01150	0.00760	0.00433	0.00441	0.00135	0.00536	0.00400	0.00257	0.00685
16	0.00969	0.06709	0.55118	0.01241	0.03460	0.05206	0.06982	0.02742	0.04487	0.01422	0.02821	0.03051	0.02867	0.00483	0.00434	0.00140	0.00615	0.00396	0.00229	0.00630
17	0.00782	0.00666	0.07078	0.00696	0.00884	0.00520	0.04066	0.00986	0.03552	0.10227	0.13722	0.25364	0.27699	0.01007	0.00521	0.00156	0.00312	0.00881	0.00416	0.00465

[dist]
# distance from previous block
# <min> <max>
8	16

[block]
# block no. 1 follows, 58 sequences, length 13
# corresponding to MSA columns:
# 565-577
name=unknown_B
#
# <colnr> <probs for GDERKNQSTAVLIFYWHMCP>
#	G	D	E	R	K	N	Q	S	T	A	V	L	I	F	Y	W	H	M	C	P
0	0.42429	0.12928	0.00943	0.00667	0.00916	0.04619	0.00545	0.01264	0.00876	0.08546	0.01114	0.18126	0.01077	0.00627	0.00362	0.00138	0.00370	0.00477	0.00315	0.03662
1	0.12094	0.05558	0.27967	0.04343	0.16047	0.01127	0.01161	0.17403	0.03138	0.05740	0.00905	0.01017	0.00669	0.00451	0.00410	0.00136	0.00531	0.00355	0.00283	0.00663
2	0.20926	0.06590	0.10317	0.04946	0.01351	0.01208	0.00842	0.27788	0.18170	0.02078	0.01056	0.01089	0.00784	0.00497	0.00397	0.00138	0.00453	0.00369	0.00352	0.00650
3	0.61845	0.01006	0.00802	0.00708	0.00983	0.08334	0.00570	0.05080	0.11427	0.04406	0.00843	0.00898	0.00641	0.00454	0.00325	0.00138	0.00396	0.00295	0.00312	0.00538
4	0.00645	0.00455	0.00597	0.00597	0.00634	0.00493	0.00407	0.00720	0.00683	0.00948	0.01310	0.02376	0.01387	0.46142	0.40087	0.00568	0.00794	0.00570	0.00256	0.00332
5	0.00643	0.00463	0.00635	0.00635	0.00685	0.00513	0.00454	0.00745	0.00694	0.00976	0.01275	0.02184	0.01304	0.32884	0.53231	0.00615	0.00919	0.00542	0.00251	0.00353
6	0.01196	0.84548	0.02344	0.00765	0.01148	0.01770	0.00765	0.01339	0.00909	0.01052	0.00622	0.00718	0.00574	0.00383	0.00287	0.00096	0.00478	0.00239	0.00191	0.00574
7	0.01272	0.01099	0.01540	0.07791	0.01666	0.03258	0.21060	0.28572	0.16884	0.03675	0.01365	0.01509	0.04851	0.00550	0.00477	0.00146	0.00531	0.02732	0.00366	0.00654
8	0.01112	0.61509	0.24650	0.00908	0.01369	0.01565	0.01014	0.01361	0.00919	0.01154	0.00673	0.00781	0.00572	0.00395	0.00326	0.00109	0.00530	0.00265	0.00191	0.00598
9	0.00541	0.00435	0.00472	0.00499	0.00608	0.00378	0.00354	0.00638	0.00952	0.01168	0.03786	0.24649	0.55709	0.06942	0.00660	0.00178	0.00249	0.01008	0.00405	0.00367
10	0.00639	0.00479	0.00719	0.00719	0.00799	0.00559	0.00559	0.00799	0.00719	0.01038	0.01198	0.01757	0.01118	0.03355	0.82507	0.00719	0.01198	0.00479	0.00240	0.00399
11	0.04705	0.71453	0.08948	0.00814	0.01211	0.04372	0.00832	0.01360	0.00918	0.01123	0.00639	0.00740	0.00570	0.00390	0.00302	0.00102	0.00499	0.00249	0.00196	0.00576
12	0.37140	0.08688	0.12793	0.02692	0.02866	0.13813	0.00821	0.09723	0.04912	0.01744	0.00773	0.00870	0.00597	0.00443	0.00353	0.00132	0.00500	0.00298	0.00273	0.00568

[dist]
# distance from previous block
# <min> <max>
0	13

[block]
# block no. 2 follows, 58 sequences, length 22
# corresponding to MSA columns:
# 591-612
name=unknown_C
#
# <colnr> <probs for GDERKNQSTAVLIFYWHMCP>
#	G	D	E	R	K	N	Q	S	T	A	V	L	I	F	Y	W	H	M	C	P
0	0.28739	0.01453	0.01099	0.00968	0.02915	0.32639	0.00746	0.21043	0.01310	0.04073	0.00798	0.00874	0.00611	0.00467	0.00377	0.00128	0.00566	0.00309	0.00308	0.00579
1	0.01020	0.00974	0.01659	0.29338	0.55574	0.01040	0.01330	0.01297	0.00978	0.01356	0.00826	0.01135	0.00671	0.00415	0.00444	0.00138	0.00553	0.00398	0.00214	0.00639
2	0.00642	0.00468	0.00660	0.00660	0.00719	0.00527	0.00485	0.00761	0.00701	0.00994	0.01252	0.02058	0.01249	0.24148	0.61892	0.00646	0.01002	0.00523	0.00248	0.00366
3	0.01016	0.32721	0.49527	0.01140	0.04573	0.01310	0.01314	0.01386	0.00934	0.01283	0.00737	0.00866	0.00575	0.00408	0.00375	0.00124	0.00589	0.00299	0.00191	0.00631
4	0.87439	0.00865	0.00657	0.00588	0.00865	0.01003	0.00484	0.01315	0.00761	0.02007	0.00623	0.00727	0.00484	0.00415	0.00277	0.00138	0.00346	0.00242	0.00277	0.00484
5	0.00639	0.00479	0.00719	0.00719	0.00799	0.00559	0.00559	0.00799	0.00719	0.01038	0.01198	0.01757	0.01118	0.03355	0.82507	0.00719	0.01198	0.00479	0.00240	0.00399
6	0.00848	0.02826	0.00789	0.00696	0.00828	0.15459	0.00530	0.01036	0.01238	0.01624	0.61847	0.02735	0.03343	0.00814	0.00531	0.00137	0.03160	0.00686	0.00427	0.00446
7	0.01113	0.00961	0.01011	0.00910	0.01163	0.01113	0.00708	0.02377	0.80681	0.01871	0.01821	0.01669	0.01365	0.00607	0.00455	0.00152	0.00354	0.00506	0.00455	0.00708
8	0.01700	0.01253	0.01342	0.01029	0.01387	0.01387	0.00850	0.79997	0.02103	0.02819	0.01074	0.01074	0.00761	0.00537	0.00447	0.00134	0.00492	0.00403	0.00447	0.00761
9	0.00529	0.00453	0.00453	0.00453	0.00604	0.00378	0.00340	0.00642	0.01020	0.01208	0.04532	0.04305	0.81307	0.01133	0.00529	0.00151	0.00227	0.00944	0.00415	0.00378
10	0.02007	0.00761	0.01038	0.00796	0.01142	0.00657	0.00657	0.02180	0.01280	0.81799	0.01765	0.01523	0.01107	0.00554	0.00450	0.00138	0.00381	0.00450	0.00554	0.00761
11	0.01767	0.00785	0.01020	0.00787	0.01132	0.00691	0.00644	0.02045	0.08612	0.62660	0.01629	0.01449	0.01067	0.00526	0.00433	0.00129	0.00371	0.00428	0.00502	0.13325
12	0.01671	0.02132	0.01268	0.01152	0.01383	0.82483	0.00864	0.01786	0.01268	0.01095	0.00691	0.00807	0.00576	0.00461	0.00403	0.00115	0.00807	0.00288	0.00230	0.00519
13	0.01170	0.77313	0.09349	0.00810	0.01217	0.01706	0.00843	0.01346	0.00912	0.01084	0.00638	0.00738	0.00573	0.00386	0.00299	0.00100	0.00494	0.00247	0.00191	0.00582
14	0.01005	0.17647	0.63273	0.01157	0.01751	0.01158	0.01440	0.01438	0.00953	0.05096	0.00814	0.00929	0.00593	0.00423	0.00400	0.00133	0.00614	0.00319	0.00206	0.00649
15	0.04738	0.02959	0.06580	0.00624	0.00814	0.00541	0.00533	0.00962	0.01102	0.07841	0.33079	0.06101	0.25680	0.00968	0.02581	0.00161	0.00309	0.03549	0.00422	0.00457
16	0.01045	0.43123	0.42451	0.01022	0.01545	0.01402	0.01212	0.01378	0.00927	0.01236	0.00713	0.00832	0.00570	0.00404	0.00357	0.00119	0.00570	0.00285	0.00190	0.00618
17	0.01084	0.57160	0.24983	0.00901	0.01351	0.01499	0.01003	0.01338	0.00936	0.01191	0.04433	0.00905	0.00742	0.00420	0.00338	0.00111	0.00518	0.00292	0.00205	0.00592
18	0.01011	0.40539	0.36652	0.00981	0.01454	0.01332	0.01129	0.01319	0.00905	0.01209	0.00758	0.00920	0.00625	0.00698	0.08568	0.00178	0.00629	0.00303	0.00195	0.00594
19	0.01057	0.46373	0.39304	0.01002	0.01514	0.01431	0.01177	0.01375	0.00925	0.01222	0.00706	0.00823	0.00571	0.00402	0.00351	0.00117	0.00563	0.00282	0.00190	0.00614
20	0.00885	0.29163	0.11670	0.00758	0.01044	0.01002	0.00722	0.01079	0.00890	0.01198	0.08677	0.03057	0.03223	0.07838	0.18099	0.00266	0.00602	0.00429	0.00254	0.09144
21	0.00962	0.28793	0.45486	0.01009	0.01497	0.01197	0.01189	0.01298	0.00913	0.01255	0.03233	0.01141	0.00785	0.08811	0.00568	0.00156	0.00565	0.00347	0.00207	0.00587

[dist]
# distance from previous block
# <min> <max>
10	34

[block]
# block no. 3 follows, 58 sequences, length 15
# corresponding to MSA columns:
# 655-669
name=unknown_D
#
# <colnr> <probs for GDERKNQSTAVLIFYWHMCP>
#	G	D	E	R	K	N	Q	S	T	A	V	L	I	F	Y	W	H	M	C	P
0	0.04553	0.07406	0.03382	0.17452	0.05099	0.01112	0.44995	0.01343	0.01033	0.01427	0.05601	0.02560	0.00926	0.00469	0.00497	0.00152	0.00649	0.00501	0.00252	0.00587
1	0.16933	0.07597	0.05365	0.00962	0.01306	0.10612	0.04014	0.36770	0.02664	0.03177	0.02716	0.01013	0.00751	0.00485	0.00399	0.00129	0.00504	0.00356	0.00346	0.03899
2	0.04536	0.19607	0.42856	0.01410	0.16004	0.01203	0.03590	0.01413	0.02951	0.01382	0.00792	0.00942	0.00614	0.00414	0.00396	0.00131	0.00581	0.00330	0.00207	0.00643
3	0.07361	0.07648	0.21306	0.01724	0.35572	0.01062	0.01197	0.04240	0.02452	0.03087	0.00839	0.01008	0.00664	0.00410	0.00403	0.00126	0.00517	0.00347	0.00239	0.09798
4	0.01163	0.75467	0.11136	0.00822	0.01235	0.01689	0.00863	0.01348	0.00913	0.01093	0.00642	0.00743	0.00573	0.00387	0.00302	0.00101	0.00499	0.00249	0.00191	0.00584
5	0.00650	0.00483	0.00679	0.00667	0.00735	0.00539	0.00499	0.00790	0.00802	0.01142	0.15151	0.02207	0.01728	0.16540	0.52179	0.00554	0.03420	0.00563	0.00288	0.00384
6	0.01196	0.84548	0.02344	0.00765	0.01148	0.01770	0.00765	0.01339	0.00909	0.01052	0.00622	0.00718	0.00574	0.00383	0.00287	0.00096	0.00478	0.00239	0.00191	0.00574
7	0.00994	0.00793	0.00934	0.00671	0.01065	0.00600	0.00538	0.01191	0.00949	0.06376	0.00854	0.00964	0.00690	0.00345	0.00339	0.00071	0.00334	0.00276	0.00283	0.81733
8	0.00643	0.00435	0.00510	0.00532	0.00543	0.00431	0.00325	0.00669	0.00707	0.00939	0.01618	0.13258	0.01869	0.67260	0.01931	0.00384	0.00410	0.06941	0.00300	0.00294
9	0.01890	0.00925	0.09594	0.00847	0.01226	0.00698	0.00763	0.02099	0.01245	0.73300	0.01663	0.01461	0.01050	0.00540	0.00447	0.00139	0.00410	0.00437	0.00515	0.00751
10	0.01159	0.60275	0.20697	0.00900	0.01345	0.01577	0.00976	0.06317	0.00992	0.01248	0.00692	0.00793	0.00584	0.00402	0.00329	0.00109	0.00522	0.00271	0.00207	0.00606
11	0.00882	0.00832	0.01375	0.69973	0.09944	0.01020	0.01227	0.01197	0.03259	0.01190	0.00820	0.01190	0.00629	0.00462	0.00492	0.00150	0.04227	0.00401	0.00208	0.00522
12	0.00865	0.00815	0.01378	0.77112	0.09018	0.00999	0.01252	0.01160	0.00904	0.01167	0.00799	0.01186	0.00605	0.00444	0.00447	0.00148	0.00591	0.00398	0.00200	0.00513
13	0.00890	0.00844	0.01406	0.63910	0.07315	0.00993	0.05674	0.01215	0.03806	0.01223	0.00837	0.01184	0.00639	0.00446	0.00467	0.00144	0.02413	0.00400	0.00215	0.05978
14	0.06248	0.00828	0.01096	0.01037	0.13664	0.00701	0.04141	0.01170	0.00938	0.02871	0.00940	0.07255	0.00841	0.00434	0.00374	0.00095	0.00378	0.00376	0.00274	0.56339

[dist]
# distance from previous block
# <min> <max>
0	2

[block]
# block no. 4 follows, 58 sequences, length 12
# corresponding to MSA columns:
# 672-683
name=unknown_E
#
# <colnr> <probs for GDERKNQSTAVLIFYWHMCP>
#	G	D	E	R	K	N	Q	S	T	A	V	L	I	F	Y	W	H	M	C	P
0	0.01268	0.00926	0.01016	0.00890	0.01160	0.01034	0.00699	0.02343	0.66904	0.15739	0.01811	0.01644	0.01321	0.00598	0.00454	0.00149	0.00359	0.00496	0.00472	0.00717
1	0.00666	0.00563	0.00641	0.00595	0.00763	0.00536	0.02680	0.01006	0.14892	0.01448	0.19427	0.03565	0.49604	0.00976	0.00516	0.00149	0.00261	0.00829	0.00432	0.00450
2	0.09114	0.00862	0.01058	0.00822	0.01162	0.00827	0.00678	0.15615	0.03842	0.58903	0.01551	0.01382	0.01003	0.00541	0.00435	0.00138	0.00396	0.00426	0.00509	0.00736
3	0.01112	0.61423	0.24733	0.00909	0.01370	0.01564	0.01015	0.01361	0.00919	0.01155	0.00673	0.00781	0.00572	0.00395	0.00326	0.00109	0.00530	0.00265	0.00191	0.00599
4	0.00960	0.00913	0.01550	0.47899	0.37486	0.01024	0.01300	0.01244	0.00949	0.01283	0.00815	0.01155	0.00646	0.00426	0.00445	0.00142	0.00568	0.00398	0.00209	0.00590
5	0.00960	0.19470	0.65352	0.01169	0.01772	0.01191	0.01468	0.01401	0.00937	0.01341	0.00765	0.00897	0.00568	0.00416	0.00396	0.00132	0.00623	0.00311	0.00189	0.00643
6	0.01169	0.77092	0.09563	0.00812	0.01220	0.01704	0.00846	0.01346	0.00912	0.01085	0.00638	0.00738	0.00573	0.00387	0.00300	0.00100	0.00495	0.00247	0.00191	0.00582
7	0.00912	0.06339	0.78065	0.01250	0.01897	0.01075	0.01609	0.01413	0.00943	0.01399	0.00794	0.00933	0.00567	0.00423	0.00418	0.00139	0.00652	0.00326	0.00189	0.00657
8	0.00721	0.00563	0.00770	0.00752	0.00862	0.00655	0.00585	0.01073	0.14593	0.01183	0.01306	0.01742	0.01161	0.02878	0.68270	0.00620	0.01052	0.00484	0.00277	0.00453
9	0.00882	0.00834	0.01410	0.71647	0.14343	0.01004	0.01261	0.01176	0.00912	0.01189	0.00802	0.01180	0.00612	0.00440	0.00447	0.00147	0.00587	0.00398	0.00202	0.00527
10	0.01110	0.01170	0.02481	0.01906	0.09452	0.01100	0.68603	0.01467	0.01064	0.05640	0.00944	0.01214	0.00704	0.00388	0.00516	0.00149	0.00714	0.00512	0.00243	0.00621
11	0.00958	0.00878	0.01454	0.13745	0.50181	0.00901	0.01140	0.01215	0.01045	0.01464	0.14902	0.01803	0.01442	0.00558	0.00471	0.00142	0.00476	0.06340	0.00280	0.00606

[dist]
# distance from previous block
# <min> <max>
0	1

[block]
# block no. 5 follows, 58 sequences, length 62
# corresponding to MSA columns:
# 685-699,745-791
name=unknown_F
#
# <colnr> <probs for GDERKNQSTAVLIFYWHMCP>
#	G	D	E	R	K	N	Q	S	T	A	V	L	I	F	Y	W	H	M	C	P
0	0.00847	0.00798	0.01356	0.80275	0.03031	0.00988	0.02722	0.01145	0.00900	0.01152	0.00824	0.01258	0.00631	0.00459	0.00452	0.00150	0.00596	0.01717	0.00203	0.00498
1	0.00872	0.00818	0.01350	0.67646	0.06685	0.00977	0.02906	0.01176	0.02403	0.01200	0.00852	0.01269	0.00668	0.00465	0.00467	0.00146	0.02274	0.02225	0.00214	0.05388
2	0.00747	0.00527	0.00745	0.00798	0.00918	0.00511	0.02964	0.00937	0.01028	0.04493	0.03918	0.11832	0.09463	0.01184	0.00595	0.00193	0.00387	0.57921	0.00414	0.00424
3	0.00559	0.00466	0.00509	0.03095	0.00699	0.00407	0.00389	0.00695	0.01054	0.01301	0.16387	0.04070	0.65160	0.01079	0.00528	0.00150	0.00239	0.02404	0.00421	0.00389
4	0.00530	0.00449	0.00457	0.00463	0.00607	0.00377	0.00344	0.00641	0.01010	0.01204	0.04406	0.09153	0.76540	0.01149	0.00531	0.00153	0.00229	0.00964	0.00415	0.00377
5	0.01700	0.01253	0.01342	0.01029	0.01387	0.01387	0.00850	0.79997	0.02103	0.02819	0.01074	0.01074	0.00761	0.00537	0.00447	0.00134	0.00492	0.00403	0.00447	0.00761
6	0.00928	0.00795	0.00928	0.00663	0.01060	0.00596	0.00530	0.01126	0.00928	0.01458	0.00795	0.00928	0.00663	0.00331	0.00331	0.00066	0.00331	0.00265	0.00265	0.87014
7	0.00941	0.05517	0.76453	0.01241	0.01882	0.01057	0.01589	0.01436	0.00953	0.03751	0.00824	0.00952	0.00583	0.00427	0.00420	0.00140	0.00646	0.00330	0.00200	0.00661
8	0.00845	0.00795	0.01342	0.83204	0.03081	0.00994	0.01242	0.01143	0.00894	0.01143	0.00795	0.01193	0.00596	0.00447	0.00447	0.00149	0.00596	0.00398	0.00199	0.00497
9	0.00967	0.00612	0.00723	0.00644	0.00819	0.03268	0.00501	0.03527	0.03639	0.17181	0.44527	0.02982	0.14751	0.00851	0.00507	0.00143	0.00285	0.03092	0.00479	0.00503
10	0.01196	0.84548	0.02344	0.00765	0.01148	0.01770	0.00765	0.01339	0.00909	0.01052	0.00622	0.00718	0.00574	0.00383	0.00287	0.00096	0.00478	0.00239	0.00191	0.00574
11	0.00928	0.00795	0.00928	0.00663	0.01060	0.00596	0.00530	0.01126	0.00928	0.01458	0.00795	0.00928	0.00663	0.00331	0.00331	0.00066	0.00331	0.00265	0.00265	0.87014
12	0.00651	0.00434	0.00488	0.00488	0.00488	0.00434	0.00271	0.00651	0.00651	0.00867	0.01409	0.02927	0.01626	0.84279	0.02277	0.00434	0.00434	0.00651	0.00271	0.00271
13	0.02007	0.00761	0.01038	0.00796	0.01142	0.00657	0.00657	0.02180	0.01280	0.81799	0.01765	0.01523	0.01107	0.00554	0.00450	0.00138	0.00381	0.00450	0.00554	0.00761
14	0.01030	0.38741	0.46694	0.01049	0.01587	0.01363	0.01260	0.01382	0.00929	0.01255	0.00723	0.00844	0.00570	0.00406	0.00364	0.00121	0.00580	0.00290	0.00190	0.00623
15	0.87439	0.00865	0.00657	0.00588	0.00865	0.01003	0.00484	0.01315	0.00761	0.02007	0.00623	0.00727	0.00484	0.00415	0.00277	0.00138	0.00346	0.00242	0.00277	0.00484
16	0.85328	0.00863	0.00667	0.00593	0.00872	0.00995	0.00489	0.01336	0.00774	0.03979	0.00651	0.00746	0.00500	0.00419	0.00281	0.00138	0.00347	0.00247	0.00284	0.00491
17	0.01107	0.01063	0.01816	0.02746	0.81489	0.01063	0.01373	0.01373	0.01019	0.01461	0.00841	0.01107	0.00709	0.00399	0.00443	0.00133	0.00531	0.00399	0.00221	0.00709
18	0.01113	0.00961	0.01011	0.00910	0.01163	0.01113	0.00708	0.02377	0.80681	0.01871	0.01821	0.01669	0.01365	0.00607	0.00455	0.00152	0.00354	0.00506	0.00455	0.00708
19	0.00928	0.00795	0.00928	0.00663	0.01060	0.00596	0.00530	0.01126	0.00928	0.01458	0.00795	0.00928	0.00663	0.00331	0.00331	0.00066	0.00331	0.00265	0.00265	0.87014
20	0.01180	0.80291	0.06466	0.00792	0.01189	0.01732	0.00811	0.01343	0.00911	0.01071	0.00631	0.00729	0.00574	0.00385	0.00294	0.00098	0.00488	0.00244	0.00191	0.00579
21	0.00600	0.00451	0.00542	0.00527	0.00633	0.00407	0.00385	0.00758	0.01123	0.01513	0.48259	0.07148	0.26901	0.07973	0.00676	0.00170	0.00236	0.00856	0.00448	0.00394
22	0.68221	0.01051	0.00887	0.00828	0.04971	0.11266	0.04412	0.01383	0.00852	0.01838	0.00656	0.00779	0.00516	0.00418	0.00313	0.00136	0.00433	0.00269	0.00266	0.00506
23	0.01747	0.01179	0.01297	0.00994	0.01350	0.01277	0.00821	0.68268	0.01979	0.14723	0.01178	0.01142	0.00813	0.00539	0.00448	0.00135	0.00475	0.00410	0.00463	0.00761
24	0.00845	0.00795	0.01342	0.83204	0.03081	0.00994	0.01242	0.01143	0.00894	0.01143	0.00795	0.01193	0.00596	0.00447	0.00447	0.00149	0.00596	0.00398	0.00199	0.00497
25	0.13914	0.01003	0.00996	0.00880	0.01145	0.03147	0.00692	0.09297	0.59736	0.01959	0.01548	0.01454	0.01161	0.00569	0.00427	0.00147	0.00377	0.00452	0.00423	0.00675
26	0.00640	0.00476	0.00701	0.00701	0.00774	0.00549	0.00536	0.00787	0.00713	0.01025	0.01215	0.01850	0.01158	0.09758	0.76159	0.00696	0.01138	0.00493	0.00242	0.00389
27	0.01156	0.00980	0.01037	0.00912	0.01179	0.01118	0.00714	0.08959	0.71187	0.01938	0.01721	0.01592	0.01289	0.00591	0.00450	0.00147	0.00365	0.00489	0.00448	0.03728
28	0.00990	0.19321	0.44914	0.01290	0.01831	0.01198	0.19420	0.01390	0.00971	0.01353	0.02814	0.01017	0.00686	0.00417	0.00422	0.00134	0.00633	0.00369	0.00206	0.00623
29	0.00529	0.00453	0.00453	0.00453	0.00604	0.00378	0.00340	0.00642	0.01020	0.01208	0.04532	0.04305	0.81307	0.01133	0.00529	0.00151	0.00227	0.00944	0.00415	0.00378
30	0.00721	0.00515	0.00721	0.00824	0.00927	0.00515	0.00721	0.00927	0.01030	0.01339	0.02368	0.05046	0.02574	0.01236	0.00618	0.00206	0.00412	0.78478	0.00412	0.00412
31	0.00967	0.00927	0.01597	0.45006	0.37343	0.01029	0.04211	0.01254	0.00955	0.01293	0.00819	0.01156	0.00648	0.00423	0.00448	0.00142	0.00574	0.00403	0.00210	0.00593
32	0.00897	0.02314	0.81962	0.01275	0.01936	0.01039	0.01653	0.01417	0.00944	0.01417	0.00803	0.00944	0.00567	0.00425	0.00425	0.00142	0.00661	0.00331	0.00189	0.00661
33	0.01058	0.01199	0.02591	0.01856	0.02303	0.01131	0.77503	0.01461	0.03431	0.01446	0.00932	0.01220	0.00699	0.00384	0.00526	0.00151	0.00742	0.00527	0.00233	0.00606
34	0.00693	0.00546	0.00841	0.03487	0.03961	0.00548	0.06016	0.00866	0.00930	0.01237	0.02077	0.28268	0.03761	0.02487	0.10773	0.00256	0.00493	0.31978	0.00363	0.00420
35	0.00545	0.00391	0.00518	0.00619	0.00648	0.00364	0.00414	0.00623	0.00860	0.01143	0.02510	0.82260	0.04657	0.01396	0.00570	0.00181	0.00259	0.01265	0.00415	0.00364
36	0.01022	0.00978	0.01674	0.24969	0.56704	0.01031	0.02790	0.01296	0.00982	0.01366	0.00862	0.02760	0.00721	0.00431	0.00448	0.00139	0.00548	0.00418	0.00219	0.00641
37	0.69603	0.00944	0.05304	0.00665	0.00974	0.00973	0.00582	0.03587	0.00873	0.11904	0.00787	0.00847	0.00574	0.00436	0.00311	0.00138	0.00372	0.00277	0.00311	0.00536
38	0.00907	0.04915	0.79443	0.01259	0.01911	0.01062	0.01625	0.01414	0.00943	0.01405	0.00797	0.00937	0.00567	0.00424	0.00421	0.00140	0.00655	0.00328	0.00189	0.00658
39	0.00897	0.02314	0.81962	0.01275	0.01936	0.01039	0.01653	0.01417	0.00944	0.01417	0.00803	0.00944	0.00567	0.00425	0.00425	0.00142	0.00661	0.00331	0.00189	0.00661
40	0.01430	0.01275	0.01152	0.01021	0.03448	0.20773	0.00779	0.19147	0.32565	0.08473	0.02845	0.01383	0.02568	0.00562	0.00443	0.00137	0.00496	0.00437	0.00401	0.00667
41	0.00897	0.02314	0.81962	0.01275	0.01936	0.01039	0.01653	0.01417	0.00944	0.01417	0.00803	0.00944	0.00567	0.00425	0.00425	0.00142	0.00661	0.00331	0.00189	0.00661
42	0.00554	0.00405	0.00522	0.00597	0.00646	0.00372	0.00408	0.00652	0.00925	0.01230	0.12488	0.65404	0.11524	0.01312	0.00561	0.00173	0.00250	0.01179	0.00425	0.00372
43	0.00856	0.00812	0.01387	0.79313	0.04678	0.00999	0.03402	0.01156	0.00901	0.01157	0.00799	0.01191	0.00601	0.00444	0.00449	0.00149	0.00599	0.00401	0.00200	0.00504
44	0.01061	0.01016	0.01733	0.16853	0.67741	0.01051	0.01350	0.01333	0.00997	0.01406	0.00833	0.01122	0.00689	0.00407	0.00444	0.00136	0.00543	0.00398	0.00217	0.00671
45	0.01076	0.01028	0.01730	0.12139	0.69294	0.01057	0.01333	0.01383	0.03954	0.01439	0.00872	0.01138	0.00720	0.00412	0.00444	0.00135	0.00532	0.00402	0.00227	0.00684
46	0.00539	0.00427	0.00487	0.00534	0.00630	0.00374	0.00380	0.00639	0.00949	0.01182	0.03595	0.38818	0.45854	0.01251	0.00549	0.00165	0.00244	0.02595	0.00415	0.00372
47	0.01023	0.00647	0.00964	0.00819	0.01027	0.00593	0.11271	0.02927	0.02639	0.20963	0.09252	0.20762	0.17625	0.02861	0.00561	0.00163	0.00364	0.04596	0.00428	0.00516
48	0.00927	0.10452	0.74082	0.01225	0.01858	0.01111	0.01565	0.01409	0.00941	0.01381	0.00785	0.00922	0.00567	0.00421	0.00411	0.00137	0.00643	0.00322	0.00189	0.00652
49	0.01079	0.01034	0.01765	0.11316	0.73137	0.01055	0.01359	0.01348	0.01005	0.01427	0.00836	0.01116	0.00697	0.00404	0.00443	0.00135	0.00538	0.00398	0.00219	0.00686
50	0.01805	0.00880	0.01093	0.00850	0.01179	0.00856	0.00698	0.23674	0.03124	0.52452	0.05336	0.01493	0.01165	0.00636	0.02481	0.00152	0.00423	0.00456	0.00512	0.00735
51	0.01070	0.01025	0.01748	0.14247	0.70281	0.01053	0.01354	0.01340	0.01001	0.01416	0.00835	0.01119	0.00693	0.00406	0.00443	0.00135	0.00541	0.00398	0.00218	0.00678
52	0.01103	0.59035	0.27046	0.00923	0.01393	0.01543	0.01041	0.01363	0.00920	0.01165	0.00678	0.00788	0.00572	0.00396	0.00330	0.00110	0.00535	0.00268	0.00191	0.00601
53	0.87439	0.00865	0.00657	0.00588	0.00865	0.01003	0.00484	0.01315	0.00761	0.02007	0.00623	0.00727	0.00484	0.00415	0.00277	0.00138	0.00346	0.00242	0.00277	0.00484
54	0.01244	0.01059	0.01083	0.00942	0.01214	0.04178	0.00741	0.17000	0.62915	0.02021	0.01638	0.01525	0.01222	0.00588	0.00452	0.00147	0.00397	0.00478	0.00445	0.00711
55	0.00545	0.00389	0.00519	0.00623	0.00649	0.00363	0.00415	0.00623	0.00856	0.01142	0.02465	0.83987	0.02959	0.01401	0.00571	0.00182	0.00260	0.01272	0.00415	0.00363
56	0.01025	0.00960	0.01612	0.02392	0.68262	0.00955	0.01217	0.01275	0.01038	0.01482	0.09886	0.05685	0.01217	0.00508	0.00459	0.00136	0.00482	0.00490	0.00262	0.00659
57	0.01176	0.00768	0.01004	0.01004	0.12692	0.00718	0.00680	0.04391	0.10824	0.21191	0.16877	0.01954	0.08688	0.00619	0.00451	0.00128	0.00349	0.00528	0.00416	0.15542
58	0.01306	0.01349	0.01139	0.00984	0.01223	0.31779	0.04297	0.14250	0.16603	0.01678	0.17126	0.01625	0.03497	0.00604	0.00454	0.00133	0.00534	0.00479	0.00365	0.00575
59	0.28208	0.01235	0.01021	0.02354	0.01174	0.21292	0.00693	0.19997	0.03132	0.07867	0.06523	0.01105	0.00907	0.00504	0.00387	0.00131	0.00493	0.00356	0.00344	0.02278
60	0.22613	0.04577	0.24805	0.01068	0.01481	0.09584	0.10770	0.06517	0.05474	0.02935	0.00880	0.02879	0.00686	0.00458	0.00397	0.00136	0.00550	0.00361	0.00265	0.03563
61	0.10323	0.13659	0.14012	0.00888	0.01291	0.05157	0.00840	0.20049	0.01233	0.07945	0.00888	0.00953	0.00669	0.00435	0.00374	0.00114	0.00472	0.00317	0.00307	0.20073

[dist]
# distance from previous block
# <min> <max>
1	19

[block]
# block no. 6 follows, 58 sequences, length 19
# corresponding to MSA columns:
# 811-829
name=unknown_G
#
# <colnr> <probs for GDERKNQSTAVLIFYWHMCP>
#	G	D	E	R	K	N	Q	S	T	A	V	L	I	F	Y	W	H	M	C	P
0	0.09555	0.00987	0.09245	0.00938	0.04281	0.00837	0.02650	0.04458	0.13210	0.40762	0.02657	0.02825	0.01058	0.00537	0.00432	0.00139	0.00413	0.00438	0.00437	0.04141
1	0.10538	0.00811	0.00933	0.00730	0.01062	0.00738	0.00591	0.06900	0.07522	0.19985	0.05619	0.01391	0.01073	0.00492	0.00391	0.00111	0.00353	0.03121	0.00378	0.37259
2	0.01049	0.01003	0.01710	0.20666	0.64025	0.01047	0.01344	0.01322	0.00991	0.01390	0.00831	0.01126	0.00684	0.00409	0.00444	0.00136	0.00546	0.00398	0.00216	0.00661
3	0.01052	0.01007	0.01716	0.19591	0.65073	0.01048	0.01346	0.01325	0.00993	0.01395	0.00832	0.01125	0.00685	0.00409	0.00444	0.00136	0.00545	0.00398	0.00217	0.00664
4	0.00893	0.00844	0.01429	0.68418	0.17490	0.01007	0.01266	0.01185	0.00917	0.01201	0.00804	0.01177	0.00617	0.00438	0.00446	0.00146	0.00584	0.00398	0.00203	0.00536
5	0.84411	0.00861	0.00671	0.00596	0.00875	0.00991	0.00491	0.01346	0.00780	0.04835	0.00663	0.00755	0.00507	0.00420	0.00283	0.00138	0.00347	0.00250	0.00287	0.00494
6	0.00845	0.00795	0.01342	0.83204	0.03081	0.00994	0.01242	0.01143	0.00894	0.01143	0.00795	0.01193	0.00596	0.00447	0.00447	0.00149	0.00596	0.00398	0.00199	0.00497
7	0.00777	0.00389	0.00583	0.00583	0.00583	0.00389	0.00389	0.00583	0.00583	0.00777	0.00777	0.01360	0.00777	0.01554	0.01748	0.86985	0.00389	0.00389	0.00194	0.00194
8	0.01196	0.84548	0.02344	0.00765	0.01148	0.01770	0.00765	0.01339	0.00909	0.01052	0.00622	0.00718	0.00574	0.00383	0.00287	0.00096	0.00478	0.00239	0.00191	0.00574
9	0.01056	0.01207	0.02640	0.01885	0.02338	0.01131	0.79864	0.01433	0.01056	0.01433	0.00905	0.01207	0.00679	0.00377	0.00528	0.00151	0.00754	0.00528	0.00226	0.00603
10	0.01175	0.00947	0.01016	0.00885	0.01142	0.01067	0.00696	0.14955	0.56780	0.03982	0.08966	0.01779	0.03337	0.00634	0.00462	0.00148	0.00362	0.00525	0.00459	0.00685
11	0.05690	0.18399	0.05266	0.00768	0.01031	0.00956	0.03434	0.14065	0.01268	0.03943	0.34639	0.02069	0.05384	0.00669	0.00443	0.00131	0.00368	0.00553	0.00384	0.00539
12	0.01157	0.44693	0.23929	0.00995	0.01455	0.01449	0.05398	0.10719	0.01070	0.01397	0.00747	0.00856	0.00603	0.00411	0.00359	0.00115	0.00540	0.00300	0.00226	0.03582
13	0.02921	0.18689	0.27648	0.01016	0.01440	0.07727	0.03728	0.03499	0.11803	0.11267	0.05266	0.01189	0.00943	0.00486	0.00408	0.00131	0.00529	0.00378	0.00298	0.00634
14	0.08162	0.05895	0.06778	0.00886	0.01231	0.01009	0.04757	0.17388	0.17297	0.03973	0.05040	0.01279	0.01010	0.02623	0.00452	0.00129	0.00421	0.00398	0.00349	0.20924
15	0.00897	0.05284	0.00826	0.00646	0.00839	0.00657	0.00485	0.01204	0.13301	0.07119	0.19025	0.04372	0.03191	0.21578	0.00896	0.00199	0.00342	0.00568	0.00369	0.18204
16	0.01051	0.00760	0.00955	0.00781	0.01034	0.00735	0.04896	0.13400	0.10186	0.09906	0.26310	0.02268	0.09316	0.00695	0.00472	0.00132	0.00342	0.02567	0.00429	0.13766
17	0.01100	0.00856	0.01178	0.01212	0.19957	0.00765	0.02911	0.07648	0.01124	0.09601	0.10311	0.01406	0.03027	0.00473	0.00411	0.00107	0.00391	0.00412	0.00327	0.36781
18	0.06169	0.01002	0.03528	0.01720	0.36491	0.00943	0.05259	0.06873	0.02530	0.23999	0.01119	0.01199	0.00814	0.00451	0.00433	0.00132	0.00476	0.00403	0.00339	0.06118

[dist]
# distance from previous block
# <min> <max>
2	14

[block]
# block no. 7 follows, 58 sequences, length 6
# corresponding to MSA columns:
# 844-849
name=unknown_H
#
# <colnr> <probs for GDERKNQSTAVLIFYWHMCP>
#	G	D	E	R	K	N	Q	S	T	A	V	L	I	F	Y	W	H	M	C	P
0	0.01463	0.01059	0.05489	0.01137	0.08346	0.06047	0.06909	0.06315	0.22938	0.30235	0.01501	0.04260	0.01093	0.00557	0.00457	0.00142	0.00459	0.00476	0.00422	0.00696
1	0.01256	0.11481	0.09590	0.00882	0.01237	0.01053	0.00787	0.06807	0.32644	0.14780	0.01356	0.01303	0.00999	0.00506	0.00411	0.00128	0.00411	0.00403	0.00382	0.13584
2	0.01168	0.00878	0.00990	0.00807	0.01113	0.00868	0.00637	0.13120	0.27451	0.09197	0.01411	0.08539	0.01152	0.00567	0.00421	0.00121	0.00361	0.00470	0.00394	0.30336
3	0.08729	0.00882	0.00924	0.00783	0.01030	0.02842	0.00607	0.18187	0.22225	0.06039	0.04991	0.05422	0.04572	0.10478	0.00649	0.00170	0.00386	0.00509	0.00393	0.10183
4	0.00762	0.00394	0.00572	0.00572	0.00572	0.00394	0.00375	0.00591	0.00591	0.00788	0.00852	0.01545	0.00877	0.11310	0.01811	0.76777	0.00394	0.00419	0.00203	0.00203
5	0.08591	0.51320	0.27332	0.00911	0.01372	0.01473	0.01021	0.01362	0.00907	0.01250	0.00679	0.00790	0.00564	0.00399	0.00330	0.00114	0.00525	0.00268	0.00198	0.00594

[dist]
# distance from previous block
# <min> <max>
1	8

[block]
# block no. 8 follows, 58 sequences, length 11
# corresponding to MSA columns:
# 858-868
name=unknown_I
#
# <colnr> <probs for GDERKNQSTAVLIFYWHMCP>
#	G	D	E	R	K	N	Q	S	T	A	V	L	I	F	Y	W	H	M	C	P
0	0.14241	0.01152	0.20552	0.00881	0.01293	0.00800	0.00873	0.01869	0.01123	0.50683	0.01365	0.01266	0.00885	0.00502	0.00419	0.00139	0.00443	0.00391	0.00425	0.00697
1	0.01238	0.24951	0.01519	0.20762	0.01615	0.01153	0.02571	0.07666	0.02814	0.17342	0.02891	0.05129	0.02676	0.00548	0.00471	0.00135	0.05187	0.00430	0.00314	0.00589
2	0.21935	0.00820	0.00909	0.00786	0.00970	0.00949	0.00639	0.08035	0.07338	0.08296	0.05559	0.01840	0.17844	0.00720	0.00684	0.00156	0.21143	0.00507	0.00348	0.00525
3	0.01097	0.00806	0.01286	0.60098	0.05714	0.00935	0.01108	0.01411	0.04457	0.17173	0.01034	0.01275	0.00736	0.00473	0.00448	0.00146	0.00540	0.00413	0.00281	0.00567
4	0.00777	0.00389	0.00583	0.00583	0.00583	0.00389	0.00389	0.00583	0.00583	0.00777	0.00777	0.01360	0.00777	0.01554	0.01748	0.86985	0.00389	0.00389	0.00194	0.00194
5	0.01124	0.64661	0.21598	0.00889	0.01339	0.01593	0.00980	0.01358	0.00918	0.01141	0.00666	0.00772	0.00572	0.00393	0.00320	0.00107	0.00523	0.00261	0.00191	0.00595
6	0.00964	0.05470	0.74849	0.01231	0.01866	0.01049	0.01569	0.01451	0.00960	0.05358	0.00843	0.00964	0.00594	0.00430	0.00421	0.00140	0.00640	0.00333	0.00207	0.00663
7	0.01113	0.00961	0.01011	0.00910	0.01163	0.01113	0.00708	0.02377	0.80681	0.01871	0.01821	0.01669	0.01365	0.00607	0.00455	0.00152	0.00354	0.00506	0.00455	0.00708
8	0.00928	0.00795	0.00928	0.00663	0.01060	0.00596	0.00530	0.01126	0.00928	0.01458	0.00795	0.00928	0.00663	0.00331	0.00331	0.00066	0.00331	0.00265	0.00265	0.87014
9	0.74393	0.00887	0.00739	0.00638	0.00926	0.01007	0.00526	0.07472	0.00904	0.08055	0.00743	0.00813	0.00553	0.00435	0.00303	0.00138	0.00360	0.00270	0.00311	0.00527
10	0.01218	0.00908	0.01267	0.05474	0.01264	0.01141	0.00894	0.01349	0.00852	0.20619	0.00893	0.01119	0.00717	0.00688	0.01113	0.00173	0.54989	0.00400	0.00286	0.04635

[dist]
# distance from previous block
# <min> <max>
10	17

[block]
# block no. 9 follows, 58 sequences, length 13
# corresponding to MSA columns:
# 896-908
name=unknown_J
#
# <colnr> <probs for GDERKNQSTAVLIFYWHMCP>
#	G	D	E	R	K	N	Q	S	T	A	V	L	I	F	Y	W	H	M	C	P
0	0.09546	0.01191	0.01229	0.00963	0.01303	0.05259	0.00790	0.57097	0.03922	0.12577	0.01121	0.01101	0.00786	0.00526	0.00430	0.00135	0.00477	0.00391	0.00435	0.00722
1	0.01204	0.00870	0.01020	0.09671	0.01327	0.00967	0.00734	0.02093	0.52156	0.15789	0.07779	0.01720	0.01456	0.00604	0.00459	0.00148	0.00374	0.00508	0.00448	0.00673
2	0.00859	0.00815	0.01345	0.74425	0.02877	0.01034	0.01214	0.01136	0.00872	0.01136	0.00773	0.01170	0.00595	0.00483	0.00556	0.00154	0.09465	0.00397	0.00198	0.00496
3	0.00608	0.00473	0.00564	0.00598	0.00723	0.00429	0.00482	0.00764	0.01050	0.01325	0.13547	0.06874	0.42340	0.01148	0.00560	0.00169	0.00288	0.27238	0.00424	0.00395
4	0.00777	0.00389	0.00583	0.00583	0.00583	0.00389	0.00389	0.00583	0.00583	0.00777	0.00777	0.01360	0.00777	0.01554	0.01748	0.86985	0.00389	0.00389	0.00194	0.00194
5	0.01152	0.72434	0.14072	0.00840	0.01264	0.01662	0.00896	0.01351	0.00914	0.01106	0.00649	0.00751	0.00573	0.00389	0.00307	0.00102	0.00505	0.00253	0.00191	0.00587
6	0.01911	0.00788	0.01041	0.00805	0.01147	0.00702	0.00662	0.04326	0.05914	0.72324	0.01717	0.01499	0.01098	0.00549	0.00446	0.00137	0.00381	0.00446	0.00536	0.03571
7	0.01113	0.00961	0.01011	0.00910	0.01163	0.01113	0.00708	0.02377	0.80681	0.01871	0.01821	0.01669	0.01365	0.00607	0.00455	0.00152	0.00354	0.00506	0.00455	0.00708
8	0.00928	0.00795	0.00928	0.00663	0.01060	0.00596	0.00530	0.01126	0.00928	0.01458	0.00795	0.00928	0.00663	0.00331	0.00331	0.00066	0.00331	0.00265	0.00265	0.87014
9	0.42093	0.00838	0.00877	0.00712	0.01026	0.00861	0.00587	0.06155	0.01083	0.39896	0.01190	0.01124	0.00795	0.00488	0.00368	0.00138	0.00371	0.00350	0.00418	0.00631
10	0.01049	0.00900	0.01253	0.01070	0.01117	0.01195	0.00886	0.01166	0.00809	0.09553	0.09343	0.01288	0.01030	0.00773	0.01261	0.00184	0.65906	0.00442	0.00265	0.00510
11	0.01684	0.00816	0.01031	0.00813	0.01118	0.00777	0.00663	0.15128	0.02822	0.51186	0.05647	0.04390	0.04771	0.00623	0.00490	0.00139	0.03109	0.00501	0.00498	0.03792
12	0.05183	0.00936	0.01007	0.00892	0.01146	0.01055	0.00712	0.14270	0.51632	0.04595	0.03685	0.01928	0.01421	0.00660	0.00465	0.00153	0.00379	0.08767	0.00445	0.00669

[dist]
# distance from previous block
# <min> <max>
11	21

[block]
# block no. 10 follows, 58 sequences, length 19
# corresponding to MSA columns:
# 934-952
name=unknown_K
#
# <colnr> <probs for GDERKNQSTAVLIFYWHMCP>
#	G	D	E	R	K	N	Q	S	T	A	V	L	I	F	Y	W	H	M	C	P
0	0.01625	0.01107	0.01218	0.00958	0.01292	0.01201	0.00784	0.53348	0.14224	0.15172	0.01394	0.01326	0.03101	0.00567	0.00451	0.00138	0.00446	0.00441	0.00465	0.00742
1	0.01533	0.01062	0.01176	0.00929	0.01241	0.01149	0.00757	0.53054	0.09558	0.11397	0.12059	0.01488	0.01326	0.00597	0.00459	0.00137	0.00428	0.00473	0.00466	0.00710
2	0.00845	0.00795	0.01342	0.83204	0.03081	0.00994	0.01242	0.01143	0.00894	0.01143	0.00795	0.01193	0.00596	0.00447	0.00447	0.00149	0.00596	0.00398	0.00199	0.00497
3	0.00856	0.00806	0.01362	0.79781	0.06416	0.00997	0.01248	0.01153	0.00900	0.01156	0.00797	0.01189	0.00601	0.00445	0.00447	0.00148	0.00594	0.00398	0.00200	0.00506
4	0.01671	0.02132	0.01268	0.01152	0.01383	0.82483	0.00864	0.01786	0.01268	0.01095	0.00691	0.00807	0.00576	0.00461	0.00403	0.00115	0.00807	0.00288	0.00230	0.00519
5	0.00845	0.00795	0.01342	0.83204	0.03081	0.00994	0.01242	0.01143	0.00894	0.01143	0.00795	0.01193	0.00596	0.00447	0.00447	0.00149	0.00596	0.00398	0.00199	0.00497
6	0.00777	0.00389	0.00583	0.00583	0.00583	0.00389	0.00389	0.00583	0.00583	0.00777	0.00777	0.01360	0.00777	0.01554	0.01748	0.86985	0.00389	0.00389	0.00194	0.00194
7	0.01196	0.84548	0.02344	0.00765	0.01148	0.01770	0.00765	0.01339	0.00909	0.01052	0.00622	0.00718	0.00574	0.00383	0.00287	0.00096	0.00478	0.00239	0.00191	0.00574
8	0.00897	0.02314	0.81962	0.01275	0.01936	0.01039	0.01653	0.01417	0.00944	0.01417	0.00803	0.00944	0.00567	0.00425	0.00425	0.00142	0.00661	0.00331	0.00189	0.00661
9	0.01113	0.00961	0.01011	0.00910	0.01163	0.01113	0.00708	0.02377	0.80681	0.01871	0.01821	0.01669	0.01365	0.00607	0.00455	0.00152	0.00354	0.00506	0.00455	0.00708
10	0.00928	0.00795	0.00928	0.00663	0.01060	0.00596	0.00530	0.01126	0.00928	0.01458	0.00795	0.00928	0.00663	0.00331	0.00331	0.00066	0.00331	0.00265	0.00265	0.87014
11	0.01107	0.01063	0.01816	0.02746	0.81489	0.01063	0.01373	0.01373	0.01019	0.01461	0.00841	0.01107	0.00709	0.00399	0.00443	0.00133	0.00531	0.00399	0.00221	0.00709
12	0.01113	0.00961	0.01011	0.00910	0.01163	0.01113	0.00708	0.02377	0.80681	0.01871	0.01821	0.01669	0.01365	0.00607	0.00455	0.00152	0.00354	0.00506	0.00455	0.00708
13	0.00941	0.14316	0.70341	0.01201	0.01821	0.01146	0.01523	0.01405	0.00939	0.01363	0.00776	0.00911	0.00568	0.00419	0.00405	0.00135	0.00634	0.00317	0.00189	0.00648
14	0.00845	0.00795	0.01342	0.83204	0.03081	0.00994	0.01242	0.01143	0.00894	0.01143	0.00795	0.01193	0.00596	0.00447	0.00447	0.00149	0.00596	0.00398	0.00199	0.00497
15	0.00944	0.02248	0.78519	0.01255	0.01902	0.01023	0.01610	0.01449	0.00959	0.04836	0.00844	0.00969	0.00590	0.00430	0.00426	0.00142	0.00649	0.00336	0.00204	0.00665
16	0.01113	0.00961	0.01011	0.00910	0.01163	0.01113	0.00708	0.02377	0.80681	0.01871	0.01821	0.01669	0.01365	0.00607	0.00455	0.00152	0.00354	0.00506	0.00455	0.00708
17	0.00928	0.00795	0.00928	0.00663	0.01060	0.00596	0.00530	0.01126	0.00928	0.01458	0.00795	0.00928	0.00663	0.00331	0.00331	0.00066	0.00331	0.00265	0.00265	0.87014
18	0.83955	0.00862	0.00685	0.03913	0.00954	0.01003	0.00515	0.01308	0.00767	0.01972	0.00630	0.00745	0.00489	0.00417	0.00284	0.00139	0.00356	0.00248	0.00274	0.00485

[dist]
# distance from previous block
# <min> <max>
24	31

[block]
# block no. 11 follows, 58 sequences, length 13
# corresponding to MSA columns:
# 999-1011
name=unknown_L
#
# <colnr> <probs for GDERKNQSTAVLIFYWHMCP>
#	G	D	E	R	K	N	Q	S	T	A	V	L	I	F	Y	W	H	M	C	P
0	0.01630	0.01191	0.01283	0.01002	0.01345	0.01317	0.00822	0.65679	0.13233	0.06023	0.01209	0.01177	0.00861	0.00548	0.00449	0.00137	0.00468	0.00419	0.00453	0.00753
1	0.01107	0.01063	0.01816	0.02746	0.81489	0.01063	0.01373	0.01373	0.01019	0.01461	0.00841	0.01107	0.00709	0.00399	0.00443	0.00133	0.00531	0.00399	0.00221	0.00709
2	0.00845	0.00795	0.01342	0.83204	0.03081	0.00994	0.01242	0.01143	0.00894	0.01143	0.00795	0.01193	0.00596	0.00447	0.00447	0.00149	0.00596	0.00398	0.00199	0.00497
3	0.00845	0.00795	0.01342	0.83204	0.03081	0.00994	0.01242	0.01143	0.00894	0.01143	0.00795	0.01193	0.00596	0.00447	0.00447	0.00149	0.00596	0.00398	0.00199	0.00497
4	0.01700	0.01253	0.01342	0.01029	0.01387	0.01387	0.00850	0.79997	0.02103	0.02819	0.01074	0.01074	0.00761	0.00537	0.00447	0.00134	0.00492	0.00403	0.00447	0.00761
5	0.00845	0.00795	0.01342	0.83204	0.03081	0.00994	0.01242	0.01143	0.00894	0.01143	0.00795	0.01193	0.00596	0.00447	0.00447	0.00149	0.00596	0.00398	0.00199	0.00497
6	0.00777	0.00389	0.00583	0.00583	0.00583	0.00389	0.00389	0.00583	0.00583	0.00777	0.00777	0.01360	0.00777	0.01554	0.01748	0.86985	0.00389	0.00389	0.00194	0.00194
7	0.01196	0.84548	0.02344	0.00765	0.01148	0.01770	0.00765	0.01339	0.00909	0.01052	0.00622	0.00718	0.00574	0.00383	0.00287	0.00096	0.00478	0.00239	0.00191	0.00574
8	0.00897	0.02314	0.81962	0.01275	0.01936	0.01039	0.01653	0.01417	0.00944	0.01417	0.00803	0.00944	0.00567	0.00425	0.00425	0.00142	0.00661	0.00331	0.00189	0.00661
9	0.01113	0.00961	0.01011	0.00910	0.01163	0.01113	0.00708	0.02377	0.80681	0.01871	0.01821	0.01669	0.01365	0.00607	0.00455	0.00152	0.00354	0.00506	0.00455	0.00708
10	0.00928	0.00795	0.00928	0.00663	0.01060	0.00596	0.00530	0.01126	0.00928	0.01458	0.00795	0.00928	0.00663	0.00331	0.00331	0.00066	0.00331	0.00265	0.00265	0.87014
11	0.18951	0.01162	0.01190	0.00935	0.01272	0.01298	0.00770	0.60656	0.05362	0.02613	0.01017	0.01031	0.00732	0.00516	0.00413	0.00136	0.00457	0.00375	0.00413	0.00703
12	0.03889	0.01426	0.01232	0.01026	0.01317	0.37918	0.05873	0.03871	0.03276	0.31848	0.03187	0.01195	0.00899	0.00507	0.00431	0.00129	0.00595	0.00385	0.00372	0.00624

[dist]
# distance from previous block
# <min> <max>
12	54

[block]
# block no. 12 follows, 58 sequences, length 84
# corresponding to MSA columns:
# 1069-1152
name=unknown_M
#
# <colnr> <probs for GDERKNQSTAVLIFYWHMCP>
#	G	D	E	R	K	N	Q	S	T	A	V	L	I	F	Y	W	H	M	C	P
0	0.42770	0.01020	0.00975	0.02287	0.01139	0.01145	0.00659	0.32519	0.06326	0.02281	0.00887	0.00941	0.00659	0.00472	0.00361	0.00135	0.00408	0.00326	0.00354	0.04336
1	0.66272	0.00860	0.00749	0.00640	0.00934	0.00948	0.00525	0.03056	0.04118	0.11758	0.00832	0.00882	0.00613	0.00437	0.00312	0.00134	0.00353	0.00283	0.00321	0.05972
