[name]
unknown

[dist]
# distance from previous block
# <min> <max>
12	51

[block]
# block no. 0 follows, 54 sequences, length 12
# corresponding to MSA columns:
# 61-72
name=unknown_A
#
# <colnr> <probs for GDERKNQSTAVLIFYWHMCP>
#	G	D	E	R	K	N	Q	S	T	A	V	L	I	F	Y	W	H	M	C	P
0	0.01167	0.05947	0.12141	0.01093	0.04181	0.06243	0.09203	0.05826	0.11297	0.08159	0.11233	0.03139	0.02882	0.00583	0.00465	0.00136	0.00492	0.01869	0.00356	0.13589
1	0.04857	0.07174	0.19212	0.01048	0.05886	0.04283	0.02658	0.06667	0.06593	0.06691	0.08366	0.08073	0.08180	0.00656	0.00462	0.00142	0.00472	0.00543	0.00345	0.07693
2	0.08138	0.06317	0.11136	0.00872	0.01220	0.02718	0.02487	0.06730	0.12995	0.08546	0.10360	0.04186	0.05668	0.00606	0.00442	0.00134	0.00422	0.00493	0.00374	0.16157
3	0.03256	0.05188	0.23322	0.01772	0.32160	0.01073	0.02566	0.05556	0.04041	0.05434	0.02938	0.01390	0.05768	0.00509	0.00457	0.00142	0.00544	0.00439	0.00283	0.03164
4	0.03598	0.05205	0.25047	0.01023	0.03172	0.00962	0.02917	0.11635	0.01189	0.05200	0.06604	0.01208	0.00963	0.00470	0.00419	0.00119	0.00492	0.00377	0.00306	0.29093
5	0.08437	0.00914	0.04668	0.01083	0.07670	0.00809	0.11174	0.04695	0.04903	0.05200	0.11787	0.07755	0.06067	0.00652	0.00471	0.00138	0.00428	0.03232	0.00357	0.19559
6	0.01202	0.01275	0.04222	0.09818	0.46128	0.12494	0.06754	0.03141	0.01130	0.01494	0.03834	0.01212	0.00847	0.00454	0.00466	0.00138	0.00607	0.00422	0.00249	0.04115
7	0.00804	0.00641	0.00831	0.00750	0.00936	0.00609	0.04704	0.01162	0.12980	0.03146	0.24934	0.16699	0.13976	0.00949	0.00533	0.00155	0.00317	0.05240	0.00442	0.10193
8	0.00665	0.00469	0.00596	0.00607	0.00644	0.00491	0.00404	0.00734	0.00747	0.01017	0.01656	0.10808	0.04810	0.45597	0.28198	0.00517	0.00695	0.00705	0.00296	0.00345
9	0.01479	0.01167	0.01285	0.04269	0.03946	0.01314	0.00867	0.41521	0.34442	0.02440	0.01441	0.01400	0.01059	0.00588	0.00475	0.00150	0.00464	0.00469	0.00457	0.00766
10	0.00603	0.00441	0.00568	0.00628	0.00695	0.00406	0.00442	0.00729	0.01038	0.01392	0.22339	0.51223	0.12294	0.01309	0.00587	0.00178	0.00263	0.04005	0.00458	0.00402
11	0.00965	0.07492	0.76105	0.01310	0.01989	0.01143	0.01684	0.01488	0.00993	0.01469	0.00834	0.00981	0.00598	0.00445	0.00439	0.00146	0.00685	0.00342	0.00199	0.00691

[dist]
# distance from previous block
# <min> <max>
0	25

[block]
# block no. 1 follows, 54 sequences, length 54
# corresponding to MSA columns:
# 98-151
name=unknown_B
#
# <colnr> <probs for GDERKNQSTAVLIFYWHMCP>
#	G	D	E	R	K	N	Q	S	T	A	V	L	I	F	Y	W	H	M	C	P
0	0.00561	0.00478	0.00484	0.00482	0.00639	0.00400	0.00362	0.00685	0.01085	0.01297	0.07678	0.04499	0.77381	0.01185	0.00557	0.00159	0.00238	0.00990	0.00441	0.00400
1	0.00588	0.00416	0.00543	0.00640	0.00664	0.00392	0.00420	0.00660	0.00877	0.01169	0.02467	0.73614	0.02952	0.11213	0.00815	0.00223	0.00295	0.01263	0.00420	0.00371
2	0.01068	0.01026	0.01706	0.25950	0.47440	0.01142	0.01352	0.01335	0.00989	0.01389	0.00837	0.01176	0.00695	0.00488	0.00610	0.00154	0.11351	0.00419	0.00223	0.00651
3	0.00613	0.00475	0.00565	0.00599	0.00715	0.00427	0.00456	0.00758	0.01085	0.01386	0.16616	0.20716	0.38702	0.01232	0.00582	0.00174	0.00276	0.13764	0.00451	0.00409
4	0.00627	0.00531	0.00548	0.00537	0.00702	0.00480	0.00404	0.00875	0.09134	0.01377	0.08446	0.05900	0.66517	0.01131	0.00550	0.00159	0.00252	0.00948	0.00446	0.00436
5	0.01137	0.01081	0.01793	0.11601	0.65755	0.01116	0.01378	0.01502	0.07123	0.01536	0.00961	0.01223	0.00787	0.00443	0.00468	0.00143	0.00553	0.00429	0.00250	0.00722
6	0.01180	0.55012	0.24527	0.00972	0.01442	0.02981	0.01070	0.01442	0.00974	0.02570	0.00742	0.00866	0.00624	0.00488	0.01948	0.00130	0.01904	0.00291	0.00209	0.00628
7	0.03449	0.00769	0.01036	0.00836	0.01145	0.00696	0.02236	0.05287	0.01319	0.57454	0.06280	0.05265	0.01522	0.00692	0.00492	0.00153	0.00395	0.06847	0.03415	0.00714
8	0.01108	0.01257	0.02699	0.01940	0.02388	0.01208	0.73915	0.01487	0.01088	0.01487	0.00933	0.01257	0.00709	0.00424	0.00618	0.00162	0.05907	0.00547	0.00236	0.00628
9	0.01091	0.01222	0.02626	0.01977	0.06940	0.01150	0.70555	0.01466	0.01101	0.01498	0.01028	0.05133	0.00831	0.00450	0.00553	0.00159	0.00757	0.00586	0.00248	0.00630
10	0.01113	0.01272	0.02782	0.01987	0.02464	0.01192	0.78776	0.01510	0.01113	0.01510	0.00954	0.01272	0.00715	0.00397	0.00556	0.00159	0.00795	0.00556	0.00238	0.00636
11	0.01032	0.01032	0.01444	0.01238	0.01238	0.01444	0.01032	0.01135	0.00722	0.01135	0.00619	0.01032	0.00619	0.00825	0.01547	0.00206	0.82567	0.00413	0.00206	0.00516
12	0.86760	0.00912	0.00693	0.00620	0.00912	0.01058	0.00511	0.01386	0.00802	0.02115	0.00657	0.00766	0.00511	0.00438	0.00292	0.00146	0.00365	0.00255	0.00292	0.00511
13	0.00574	0.00410	0.00547	0.00657	0.00684	0.00383	0.00438	0.00657	0.00903	0.01204	0.02599	0.83122	0.03119	0.01477	0.00602	0.00191	0.00274	0.01340	0.00438	0.00383
14	0.00890	0.00838	0.01414	0.82296	0.03247	0.01048	0.01309	0.01205	0.00943	0.01205	0.00838	0.01257	0.00629	0.00471	0.00471	0.00157	0.00629	0.00419	0.00210	0.00524
15	0.01032	0.01032	0.01444	0.01238	0.01238	0.01444	0.01032	0.01135	0.00722	0.01135	0.00619	0.01032	0.00619	0.00825	0.01547	0.00206	0.82567	0.00413	0.00206	0.00516
16	0.75563	0.00970	0.00780	0.00678	0.00979	0.02440	0.00557	0.08589	0.00955	0.03950	0.00729	0.00820	0.00554	0.00454	0.00315	0.00145	0.00388	0.00277	0.00314	0.00545
17	0.01261	0.83713	0.02471	0.00807	0.01210	0.01866	0.00807	0.01412	0.00958	0.01109	0.00656	0.00756	0.00605	0.00403	0.00303	0.00101	0.00504	0.00252	0.00202	0.00605
18	0.00676	0.00495	0.00706	0.00706	0.00772	0.00561	0.00525	0.00809	0.00742	0.01056	0.01310	0.02114	0.01292	0.20502	0.64751	0.00694	0.01092	0.00544	0.00260	0.00392
19	0.01113	0.01272	0.02782	0.01987	0.02464	0.01192	0.78776	0.01510	0.01113	0.01510	0.00954	0.01272	0.00715	0.00397	0.00556	0.00159	0.00795	0.00556	0.00238	0.00636
20	0.00890	0.00838	0.01414	0.82296	0.03247	0.01048	0.01309	0.01205	0.00943	0.01205	0.00838	0.01257	0.00629	0.00471	0.00471	0.00157	0.00629	0.00419	0.00210	0.00524
21	0.00674	0.00505	0.00758	0.00758	0.00842	0.00589	0.00589	0.00842	0.00758	0.01095	0.01263	0.01852	0.01179	0.03536	0.81561	0.00758	0.01263	0.00505	0.00253	0.00421
22	0.00890	0.00838	0.01414	0.82296	0.03247	0.01048	0.01309	0.01205	0.00943	0.01205	0.00838	0.01257	0.00629	0.00471	0.00471	0.00157	0.00629	0.00419	0.00210	0.00524
23	0.84455	0.00899	0.00686	0.00615	0.00902	0.01041	0.00506	0.01378	0.00807	0.02106	0.00680	0.00793	0.00529	0.00441	0.00293	0.00145	0.00361	0.00260	0.02594	0.00509
24	0.00674	0.00505	0.00758	0.00758	0.00842	0.00589	0.00589	0.00842	0.00758	0.01095	0.01263	0.01852	0.01179	0.03536	0.81561	0.00758	0.01263	0.00505	0.00253	0.00421
25	0.00879	0.00439	0.00439	0.00439	0.00549	0.00439	0.00330	0.01099	0.00989	0.01758	0.01538	0.01758	0.01209	0.00549	0.00330	0.00110	0.00220	0.00439	0.86047	0.00439
26	0.01606	0.01228	0.01310	0.01047	0.01391	0.01375	0.00851	0.55880	0.25557	0.02670	0.01369	0.01321	0.00994	0.00588	0.00474	0.00147	0.00475	0.00457	0.00474	0.00785
27	0.00890	0.00838	0.01414	0.82296	0.03247	0.01048	0.01309	0.01205	0.00943	0.01205	0.00838	0.01257	0.00629	0.00471	0.00471	0.00157	0.00629	0.00419	0.00210	0.00524
28	0.00890	0.00838	0.01414	0.82296	0.03247	0.01048	0.01309	0.01205	0.00943	0.01205	0.00838	0.01257	0.00629	0.00471	0.00471	0.00157	0.00629	0.00419	0.00210	0.00524
29	0.00579	0.00452	0.00526	0.00563	0.00664	0.00399	0.00401	0.00698	0.01043	0.01331	0.14273	0.34978	0.39867	0.01273	0.00574	0.00170	0.00250	0.01110	0.00449	0.00399
30	0.01072	0.00948	0.01515	0.57862	0.12420	0.01107	0.03863	0.11134	0.01135	0.03135	0.00906	0.01238	0.00679	0.00477	0.00474	0.00153	0.00607	0.00426	0.00254	0.00596
31	0.00890	0.00838	0.01414	0.82296	0.03247	0.01048	0.01309	0.01205	0.00943	0.01205	0.00838	0.01257	0.00629	0.00471	0.00471	0.00157	0.00629	0.00419	0.00210	0.00524
32	0.00579	0.00414	0.00553	0.00662	0.00692	0.00387	0.00446	0.00665	0.00908	0.01209	0.02596	0.81086	0.03108	0.01473	0.00603	0.00192	0.00278	0.03328	0.00438	0.00384
33	0.00890	0.00838	0.01414	0.82296	0.03247	0.01048	0.01309	0.01205	0.00943	0.01205	0.00838	0.01257	0.00629	0.00471	0.00471	0.00157	0.00629	0.00419	0.00210	0.00524
34	0.01165	0.01125	0.01943	0.02864	0.77868	0.01123	0.04044	0.01449	0.01075	0.01539	0.00889	0.01170	0.00746	0.00419	0.00470	0.00141	0.00568	0.00425	0.00234	0.00743
35	0.01076	0.00668	0.00825	0.00723	0.00920	0.00658	0.00562	0.04206	0.15261	0.17170	0.48426	0.02755	0.03153	0.00819	0.00524	0.00150	0.00294	0.00708	0.00523	0.00580
36	0.00574	0.00410	0.00547	0.00657	0.00684	0.00383	0.00438	0.00657	0.00903	0.01204	0.02599	0.83122	0.03119	0.01477	0.00602	0.00191	0.00274	0.01340	0.00438	0.00383
37	0.01216	0.01239	0.01779	0.05601	0.60236	0.11006	0.01336	0.01461	0.01067	0.01441	0.00840	0.01119	0.00713	0.00469	0.00565	0.00145	0.08439	0.00405	0.00231	0.00692
38	0.00620	0.00456	0.00578	0.00604	0.00682	0.00429	0.00427	0.00755	0.01044	0.01411	0.28698	0.31158	0.15116	0.08386	0.07210	0.00240	0.00346	0.01002	0.00437	0.00401
39	0.00987	0.00847	0.00982	0.00711	0.01123	0.00655	0.00568	0.01251	0.04782	0.01558	0.00890	0.01016	0.00734	0.00363	0.00356	0.00074	0.00350	0.00292	0.00289	0.82173
40	0.01113	0.01272	0.02782	0.01987	0.02464	0.01192	0.78776	0.01510	0.01113	0.01510	0.00954	0.01272	0.00715	0.00397	0.00556	0.00159	0.00795	0.00556	0.00238	0.00636
41	0.81794	0.00936	0.00735	0.00647	0.00944	0.01081	0.00533	0.05917	0.00885	0.02166	0.00684	0.00787	0.00528	0.00445	0.00302	0.00146	0.00374	0.00265	0.00302	0.00528
42	0.01242	0.78963	0.07059	0.00838	0.01259	0.01821	0.00861	0.01417	0.00960	0.01132	0.00667	0.00770	0.00605	0.00406	0.00311	0.00104	0.00515	0.00258	0.00202	0.00610
43	0.01001	0.00951	0.01614	0.50603	0.34078	0.01077	0.01364	0.01301	0.00995	0.01339	0.00858	0.01221	0.00676	0.00451	0.00470	0.00150	0.00601	0.00419	0.00219	0.00613
44	0.00900	0.00848	0.01432	0.79489	0.05978	0.01050	0.01314	0.01213	0.00947	0.01217	0.00840	0.01254	0.00633	0.00470	0.00471	0.00157	0.00626	0.00419	0.00210	0.00532
45	0.01040	0.01030	0.01422	0.01222	0.01237	0.01428	0.01015	0.01215	0.05334	0.01184	0.00695	0.01074	0.00667	0.00814	0.01485	0.00204	0.77763	0.00420	0.00222	0.00529
46	0.00704	0.00499	0.00612	0.00600	0.00616	0.00539	0.00384	0.00740	0.00701	0.00960	0.01395	0.02743	0.01554	0.64218	0.16602	0.00497	0.05401	0.00637	0.00275	0.00324
47	0.01130	0.01083	0.01847	0.13454	0.70215	0.01111	0.01429	0.01415	0.01056	0.01496	0.00880	0.01179	0.00731	0.00427	0.00467	0.00142	0.00569	0.00420	0.00230	0.00717
48	0.00997	0.00946	0.01606	0.51821	0.32893	0.01075	0.01362	0.01298	0.00993	0.01334	0.00857	0.01222	0.00674	0.00452	0.00470	0.00151	0.00602	0.00419	0.00219	0.00609
49	0.00958	0.00907	0.01536	0.62869	0.22146	0.01065	0.01343	0.01264	0.00975	0.01287	0.00850	0.01235	0.00657	0.00459	0.00470	0.00153	0.00612	0.00419	0.00215	0.00578
50	0.01245	0.73959	0.09739	0.00868	0.01294	0.03945	0.00897	0.01432	0.00972	0.01146	0.00675	0.00781	0.00604	0.00410	0.00319	0.00106	0.00531	0.00262	0.00203	0.00612
51	0.00654	0.00481	0.00608	0.00577	0.00691	0.00439	0.00430	0.00858	0.01286	0.01790	0.68864	0.03639	0.13888	0.03001	0.00601	0.00157	0.00230	0.00866	0.00503	0.00435
52	0.01136	0.01012	0.01020	0.00931	0.01180	0.05080	0.00723	0.02268	0.66506	0.01853	0.02087	0.03459	0.06901	0.00706	0.00490	0.00160	0.00388	0.02942	0.00463	0.00696
53	0.02328	0.04355	0.18515	0.00895	0.01236	0.00845	0.00851	0.08920	0.07159	0.08775	0.06140	0.17979	0.02862	0.02430	0.00516	0.00152	0.00434	0.02156	0.00372	0.13080

[dist]
# distance from previous block
# <min> <max>
0	17

[block]
# block no. 2 follows, 54 sequences, length 55
# corresponding to MSA columns:
# 169-223
name=unknown_C
#
# <colnr> <probs for GDERKNQSTAVLIFYWHMCP>
#	G	D	E	R	K	N	Q	S	T	A	V	L	I	F	Y	W	H	M	C	P
0	0.01211	0.60747	0.18011	0.00930	0.01377	0.04156	0.00990	0.03487	0.01009	0.01239	0.00756	0.02821	0.00670	0.00445	0.00347	0.00114	0.00548	0.00304	0.00215	0.00621
1	0.03010	0.28534	0.40909	0.01092	0.01610	0.06120	0.01250	0.04861	0.01073	0.01451	0.05374	0.01056	0.00830	0.00471	0.00403	0.00131	0.00601	0.00345	0.00235	0.00644
2	0.01022	0.00972	0.01651	0.44609	0.39909	0.01082	0.01375	0.01320	0.01005	0.01364	0.00861	0.01214	0.00685	0.00447	0.00469	0.00149	0.00596	0.00420	0.00221	0.00630
3	0.00674	0.00458	0.00558	0.00574	0.00595	0.00469	0.00360	0.00720	0.00738	0.01011	0.01607	0.14143	0.01807	0.55827	0.15539	0.00460	0.00561	0.00740	0.02833	0.00327
4	0.00570	0.00427	0.00530	0.00613	0.00672	0.00387	0.00418	0.00661	0.00944	0.01221	0.03126	0.64083	0.21816	0.01409	0.00591	0.00184	0.00265	0.01257	0.00438	0.00387
5	0.00982	0.00984	0.03106	0.01328	0.01534	0.01089	0.28117	0.01221	0.00902	0.01341	0.00956	0.01337	0.00815	0.01077	0.14082	0.00267	0.29270	0.00480	0.10577	0.00536
6	0.00600	0.00477	0.00539	0.00528	0.00664	0.00416	0.00394	0.00759	0.01170	0.01511	0.33980	0.06464	0.48602	0.01113	0.00558	0.00156	0.00233	0.00950	0.00469	0.00416
7	0.00978	0.00838	0.00978	0.00698	0.01117	0.00629	0.00559	0.01187	0.00978	0.01536	0.00838	0.00978	0.00698	0.00349	0.00349	0.00070	0.00349	0.00279	0.00279	0.86312
8	0.00574	0.00410	0.00547	0.00657	0.00684	0.00383	0.00438	0.00657	0.00903	0.01204	0.02599	0.83122	0.03119	0.01477	0.00602	0.00191	0.00274	0.01340	0.00438	0.00383
9	0.00734	0.00569	0.00691	0.00726	0.00860	0.00564	0.00582	0.01066	0.12072	0.01484	0.11798	0.14205	0.22014	0.01167	0.00587	0.00184	0.00333	0.29449	0.00452	0.00464
10	0.00843	0.00663	0.00989	0.00931	0.01081	0.00657	0.10432	0.09909	0.01136	0.01518	0.02172	0.38928	0.02393	0.01167	0.00590	0.00188	0.00414	0.23442	0.02066	0.00479
11	0.01994	0.00917	0.01155	0.00894	0.01256	0.00873	0.00736	0.17291	0.06377	0.60703	0.01721	0.01522	0.01113	0.00584	0.00474	0.00146	0.00422	0.00468	0.00555	0.00799
12	0.00946	0.02439	0.80987	0.01344	0.02041	0.01095	0.01742	0.01493	0.00995	0.01493	0.00846	0.00995	0.00597	0.00448	0.00448	0.00149	0.00697	0.00348	0.00199	0.00697
13	0.00890	0.00838	0.01414	0.82296	0.03247	0.01048	0.01309	0.01205	0.00943	0.01205	0.00838	0.01257	0.00629	0.00471	0.00471	0.00157	0.00629	0.00419	0.00210	0.00524
14	0.01870	0.00843	0.01005	0.00803	0.01116	0.05867	0.00650	0.02085	0.03364	0.60987	0.01738	0.01585	0.01145	0.00573	0.00448	0.00139	0.00400	0.00459	0.14195	0.00727
15	0.00819	0.00410	0.00614	0.00614	0.00614	0.00410	0.00410	0.00614	0.00614	0.00819	0.00819	0.01433	0.00819	0.01638	0.01843	0.86282	0.00410	0.00410	0.00205	0.00205
16	0.08612	0.01039	0.01204	0.00930	0.01294	0.01059	0.00768	0.35883	0.01688	0.40447	0.01446	0.01331	0.00955	0.00564	0.00459	0.00144	0.00450	0.00435	0.00512	0.00779
17	0.00742	0.00606	0.00889	0.00850	0.00918	0.00753	0.00674	0.00898	0.00751	0.01102	0.01140	0.01695	0.01072	0.03017	0.66240	0.00652	0.16831	0.00487	0.00244	0.00439
18	0.02115	0.00802	0.01094	0.00839	0.01204	0.00693	0.00693	0.02298	0.01350	0.80815	0.01860	0.01605	0.01167	0.00584	0.00474	0.00146	0.00401	0.00474	0.00584	0.00802
19	0.00755	0.00539	0.00754	0.00863	0.00969	0.00539	0.00751	0.00968	0.01081	0.01406	0.02499	0.07362	0.02724	0.01307	0.00650	0.00216	0.00430	0.75319	0.00434	0.00433
20	0.01113	0.01272	0.02782	0.01987	0.02464	0.01192	0.78776	0.01510	0.01113	0.01510	0.00954	0.01272	0.00715	0.00397	0.00556	0.00159	0.00795	0.00556	0.00238	0.00636
21	0.00574	0.00410	0.00547	0.00657	0.00684	0.00383	0.00438	0.00657	0.00903	0.01204	0.02599	0.83122	0.03119	0.01477	0.00602	0.00191	0.00274	0.01340	0.00438	0.00383
22	0.00932	0.00880	0.01489	0.70362	0.14857	0.01058	0.01330	0.01241	0.00962	0.01255	0.00845	0.01244	0.00646	0.00464	0.00471	0.00155	0.00618	0.00419	0.00213	0.00557
23	0.01088	0.01237	0.02681	0.01921	0.02384	0.01157	0.75326	0.01474	0.01111	0.01500	0.01122	0.01416	0.04217	0.00433	0.00556	0.00159	0.00770	0.00576	0.00247	0.00625
24	0.00946	0.02439	0.80987	0.01344	0.02041	0.01095	0.01742	0.01493	0.00995	0.01493	0.00846	0.00995	0.00597	0.00448	0.00448	0.00149	0.00697	0.00348	0.00199	0.00697
25	0.01935	0.01091	0.01273	0.00976	0.01348	0.01122	0.00806	0.45020	0.01833	0.37410	0.01454	0.01341	0.00963	0.00574	0.00473	0.00143	0.00467	0.00446	0.00521	0.00802
26	0.01761	0.02247	0.01336	0.01215	0.01458	0.81537	0.00911	0.01883	0.01336	0.01154	0.00729	0.00850	0.00607	0.00486	0.00425	0.00121	0.00850	0.00304	0.00243	0.00547
27	0.01209	0.01031	0.01086	0.00967	0.01240	0.01190	0.00755	0.06927	0.75156	0.02030	0.01874	0.01723	0.01402	0.00635	0.00479	0.00159	0.00382	0.00527	0.00479	0.00750
28	0.00946	0.02439	0.80987	0.01344	0.02041	0.01095	0.01742	0.01493	0.00995	0.01493	0.00846	0.00995	0.00597	0.00448	0.00448	0.00149	0.00697	0.00348	0.00199	0.00697
29	0.00972	0.00825	0.00964	0.00703	0.01101	0.00631	0.00559	0.02610	0.00997	0.01546	0.00935	0.05227	0.00825	0.00412	0.00365	0.00077	0.00348	0.00337	0.00291	0.80274
30	0.00890	0.00838	0.01414	0.82296	0.03247	0.01048	0.01309	0.01205	0.00943	0.01205	0.00838	0.01257	0.00629	0.00471	0.00471	0.00157	0.00629	0.00419	0.00210	0.00524
31	0.01167	0.01120	0.01914	0.02894	0.80488	0.01120	0.01447	0.01447	0.01074	0.01540	0.00887	0.01167	0.00747	0.00420	0.00467	0.00140	0.00560	0.00420	0.00233	0.00747
32	0.01090	0.01041	0.01774	0.25104	0.58883	0.01100	0.01409	0.01379	0.01037	0.01446	0.00873	0.01192	0.00714	0.00434	0.00468	0.00145	0.00579	0.00420	0.00227	0.00684
33	0.00686	0.00457	0.00514	0.00514	0.00514	0.00457	0.00286	0.00686	0.00686	0.00914	0.01486	0.03086	0.01714	0.83430	0.02400	0.00457	0.00457	0.00686	0.00286	0.00286
34	0.01034	0.01040	0.01489	0.01263	0.01279	0.01436	0.03633	0.01147	0.00735	0.01147	0.00630	0.01040	0.00622	0.00811	0.01514	0.00205	0.79831	0.00417	0.00207	0.00520
35	0.00595	0.00432	0.00576	0.00673	0.00701	0.00419	0.00457	0.00678	0.00895	0.01197	0.02507	0.76801	0.02997	0.03874	0.00683	0.00200	0.02635	0.02867	0.00427	0.00385
36	0.00643	0.00487	0.00561	0.00538	0.00681	0.00426	0.00405	0.00811	0.01199	0.03385	0.38972	0.04009	0.44038	0.01076	0.00555	0.00154	0.00235	0.00918	0.00478	0.00429
37	0.04519	0.01397	0.03679	0.01212	0.01596	0.09054	0.12364	0.52398	0.01855	0.05653	0.01073	0.01129	0.00770	0.00527	0.00473	0.00143	0.00586	0.00427	0.00407	0.00740
38	0.01037	0.00987	0.01678	0.40324	0.44077	0.01086	0.01382	0.01333	0.01012	0.01382	0.00864	0.01209	0.00691	0.00444	0.00469	0.00148	0.00592	0.00420	0.00222	0.00642
39	0.00586	0.00419	0.00560	0.00670	0.00702	0.00393	0.00458	0.00677	0.00914	0.01217	0.02592	0.78262	0.03093	0.01466	0.00605	0.00193	0.00284	0.06086	0.00437	0.00386
40	0.00954	0.00903	0.01529	0.63987	0.21058	0.01064	0.01341	0.01261	0.00973	0.01282	0.00849	0.01236	0.00656	0.00460	0.00470	0.00153	0.00613	0.00419	0.00215	0.00575
41	0.01136	0.01089	0.01858	0.11784	0.71841	0.01112	0.01432	0.01420	0.01059	0.01503	0.00881	0.01177	0.00734	0.00426	0.00467	0.00142	0.00568	0.00420	0.00231	0.00722
42	0.02101	0.00826	0.01109	0.00850	0.01216	0.00728	0.00702	0.05816	0.01389	0.77240	0.01827	0.01583	0.01150	0.00583	0.00474	0.00146	0.00407	0.00472	0.00578	0.00802
43	0.06159	0.00614	0.00709	0.00631	0.00824	0.00614	0.00495	0.01490	0.08016	0.20792	0.07935	0.01814	0.01438	0.00840	0.07122	0.00182	0.00372	0.00484	0.38912	0.00557
44	0.03995	0.00822	0.00990	0.00902	0.04686	0.00865	0.00668	0.10879	0.16487	0.17663	0.16848	0.02174	0.05834	0.09460	0.00754	0.00185	0.05127	0.00588	0.00451	0.00619
45	0.00727	0.00582	0.00855	0.00824	0.00894	0.00714	0.00649	0.00882	0.00751	0.01097	0.01172	0.01757	0.01107	0.04841	0.67966	0.00669	0.13341	0.00495	0.00246	0.00432
46	0.01990	0.00937	0.01165	0.00896	0.01257	0.00901	0.00739	0.23670	0.01582	0.56805	0.01648	0.01477	0.01066	0.00578	0.00469	0.00144	0.00429	0.00459	0.02996	0.00792
47	0.00757	0.00862	0.11491	0.03487	0.01206	0.02315	0.10513	0.02364	0.01001	0.01346	0.05114	0.49431	0.03522	0.01107	0.00565	0.00177	0.00425	0.03467	0.00374	0.00476
48	0.01084	0.01279	0.07222	0.01814	0.02268	0.01144	0.64362	0.01538	0.06035	0.01532	0.01105	0.01541	0.00880	0.00473	0.00551	0.00162	0.00740	0.05373	0.00264	0.00634
49	0.00574	0.00410	0.00547	0.00657	0.00684	0.00383	0.00438	0.00657	0.00903	0.01204	0.02599	0.83122	0.03119	0.01477	0.00602	0.00191	0.00274	0.01340	0.00438	0.00383
50	0.01007	0.06872	0.16283	0.01569	0.02000	0.01098	0.45936	0.01359	0.01041	0.01424	0.01166	0.14032	0.01062	0.00585	0.00548	0.00159	0.02377	0.00619	0.00260	0.00602
51	0.01110	0.10213	0.40958	0.01402	0.05287	0.04185	0.14513	0.03424	0.04422	0.04139	0.00962	0.02970	0.00744	0.00486	0.00492	0.00147	0.03215	0.00414	0.00246	0.00669
52	0.00574	0.00410	0.00547	0.00657	0.00684	0.00383	0.00438	0.00657	0.00903	0.01204	0.02599	0.83122	0.03119	0.01477	0.00602	0.00191	0.00274	0.01340	0.00438	0.00383
53	0.00857	0.00504	0.00518	0.00494	0.00640	0.00482	0.00376	0.04621	0.01085	0.04130	0.02568	0.02615	0.26553	0.00758	0.00414	0.00128	0.00245	0.00618	0.51939	0.00454
54	0.01190	0.05585	0.38069	0.01542	0.13327	0.15760	0.09029	0.01584	0.02460	0.03539	0.00897	0.01061	0.00679	0.00453	0.00449	0.00141	0.00680	0.00376	0.02516	0.00664

[dist]
# distance from previous block
# <min> <max>
0	1

[block]
# block no. 3 follows, 54 sequences, length 52
# corresponding to MSA columns:
# 225-267,269-277
name=unknown_D
#
# <colnr> <probs for GDERKNQSTAVLIFYWHMCP>
#	G	D	E	R	K	N	Q	S	T	A	V	L	I	F	Y	W	H	M	C	P
0	0.01604	0.01328	0.01403	0.01136	0.02444	0.11977	0.06234	0.48946	0.06035	0.04578	0.02278	0.04925	0.01015	0.01764	0.00509	0.00149	0.00554	0.01984	0.00421	0.00715
1	0.15857	0.12223	0.24393	0.01032	0.06631	0.01025	0.02494	0.03592	0.02154	0.01619	0.10313	0.01746	0.12449	0.00607	0.00432	0.00142	0.00472	0.00481	0.00302	0.02036
2	0.01287	0.03049	0.01126	0.20398	0.01615	0.20869	0.00827	0.01506	0.03865	0.16193	0.06489	0.09875	0.02538	0.05340	0.02821	0.00181	0.00569	0.00549	0.00350	0.00554
3	0.00853	0.00453	0.00469	0.00471	0.00569	0.00453	0.00341	0.02203	0.00971	0.01653	0.01598	0.07363	0.01382	0.09002	0.00560	0.00151	0.00252	0.00525	0.70307	0.00426
4	0.01304	0.76719	0.02377	0.00837	0.01231	0.05883	0.00815	0.04138	0.01021	0.01176	0.00676	0.00774	0.00612	0.00413	0.00315	0.00103	0.00522	0.00261	0.00213	0.00609
5	0.02025	0.00825	0.01147	0.00974	0.06542	0.00720	0.00741	0.02214	0.01322	0.73597	0.01770	0.01560	0.01128	0.00567	0.00471	0.00144	0.00411	0.00466	0.00553	0.02825
6	0.00909	0.00857	0.01448	0.76948	0.08450	0.01052	0.01319	0.01221	0.00952	0.01227	0.00841	0.01251	0.00637	0.00468	0.00471	0.00156	0.00624	0.00419	0.00211	0.00539
7	0.01252	0.01052	0.01111	0.00976	0.01256	0.01210	0.00765	0.12253	0.69760	0.02100	0.01819	0.01679	0.01358	0.00630	0.00479	0.00158	0.00392	0.00519	0.00479	0.00753
8	0.01147	0.01140	0.02065	0.05388	0.62804	0.01132	0.16395	0.01451	0.01077	0.01523	0.00898	0.01190	0.00737	0.00417	0.00484	0.00144	0.00608	0.00446	0.00234	0.00718
9	0.00574	0.00410	0.00547	0.00657	0.00684	0.00383	0.00438	0.00657	0.00903	0.01204	0.02599	0.83122	0.03119	0.01477	0.00602	0.00191	0.00274	0.01340	0.00438	0.00383
10	0.00946	0.02439	0.80987	0.01344	0.02041	0.01095	0.01742	0.01493	0.00995	0.01493	0.00846	0.00995	0.00597	0.00448	0.00448	0.00149	0.00697	0.00348	0.00199	0.00697
11	0.01824	0.00782	0.01009	0.00795	0.01112	0.00711	0.00649	0.08844	0.01382	0.58549	0.07117	0.01783	0.03384	0.00620	0.00467	0.00142	0.00377	0.00505	0.09217	0.00731
12	0.13750	0.01504	0.18071	0.03737	0.04274	0.06558	0.42284	0.01504	0.01053	0.01565	0.00868	0.01110	0.00653	0.00422	0.00482	0.00152	0.00705	0.00446	0.00238	0.00624
13	0.02115	0.00802	0.01094	0.00839	0.01204	0.00693	0.00693	0.02298	0.01350	0.80815	0.01860	0.01605	0.01167	0.00584	0.00474	0.00146	0.00401	0.00474	0.00584	0.00802
14	0.00674	0.00505	0.00758	0.00758	0.00842	0.00589	0.00589	0.00842	0.00758	0.01095	0.01263	0.01852	0.01179	0.03536	0.81561	0.00758	0.01263	0.00505	0.00253	0.00421
15	0.01202	0.03160	0.00892	0.00722	0.00937	0.02724	0.00571	0.06608	0.02322	0.24108	0.47517	0.02650	0.03031	0.00797	0.00516	0.00145	0.00319	0.00682	0.00517	0.00580
16	0.02082	0.00855	0.01127	0.00864	0.01230	0.00772	0.00714	0.10137	0.01438	0.72850	0.01786	0.01556	0.01130	0.00582	0.00474	0.00145	0.00413	0.00469	0.00572	0.00802
17	0.00812	0.00419	0.00614	0.00614	0.00627	0.00425	0.00418	0.00664	0.00651	0.00903	0.00902	0.01487	0.00873	0.01711	0.07887	0.73884	0.00463	0.00419	0.05990	0.00237
18	0.00629	0.00488	0.00586	0.00642	0.00761	0.00445	0.00509	0.00776	0.01048	0.01308	0.03621	0.18457	0.40432	0.01280	0.00597	0.00185	0.00311	0.27081	0.00437	0.00408
19	0.08636	0.02160	0.01560	0.09695	0.06478	0.06501	0.12535	0.03578	0.06249	0.01439	0.03044	0.01182	0.00799	0.00623	0.00894	0.00171	0.33193	0.00433	0.00258	0.00573
20	0.83458	0.00908	0.00709	0.00629	0.00923	0.01044	0.00518	0.01422	0.00824	0.05186	0.00703	0.00799	0.00536	0.00443	0.00299	0.00146	0.00366	0.00264	0.00303	0.00522
21	0.01565	0.01086	0.01209	0.00970	0.01289	0.01181	0.00788	0.45769	0.14419	0.12130	0.05470	0.01557	0.03409	0.00818	0.05942	0.00187	0.00508	0.00491	0.00473	0.00738
22	0.00586	0.00423	0.00546	0.00634	0.00671	0.00397	0.00424	0.00667	0.00893	0.01181	0.02627	0.67549	0.08885	0.08463	0.03478	0.00231	0.00320	0.01230	0.00419	0.00377
23	0.01005	0.01058	0.02427	0.01198	0.01330	0.10440	0.14404	0.01164	0.00903	0.01212	0.01158	0.17710	0.01205	0.03414	0.06143	0.00227	0.33607	0.00625	0.00268	0.00503
24	0.00668	0.00451	0.00526	0.00540	0.00551	0.00445	0.00318	0.00692	0.00754	0.01012	0.05932	0.15365	0.02078	0.66403	0.02024	0.00400	0.00416	0.00795	0.00322	0.00309
25	0.00946	0.02439	0.80987	0.01344	0.02041	0.01095	0.01742	0.01493	0.00995	0.01493	0.00846	0.00995	0.00597	0.00448	0.00448	0.00149	0.00697	0.00348	0.00199	0.00697
26	0.00596	0.00439	0.00561	0.00648	0.00698	0.00413	0.00441	0.00727	0.03584	0.01256	0.05038	0.70747	0.10288	0.01408	0.00592	0.00186	0.00272	0.01267	0.00441	0.00398
27	0.08433	0.01226	0.03821	0.01788	0.09212	0.01190	0.50473	0.07939	0.01161	0.04487	0.00951	0.01202	0.00717	0.00446	0.00564	0.00156	0.04817	0.00493	0.00272	0.00650
28	0.00860	0.03145	0.05266	0.01008	0.01207	0.05313	0.16505	0.02214	0.01033	0.03650	0.05036	0.45743	0.03665	0.01050	0.00559	0.00172	0.00448	0.02261	0.00375	0.00488
29	0.00819	0.00410	0.00614	0.00614	0.00614	0.00410	0.00410	0.00614	0.00614	0.00819	0.00819	0.01433	0.00819	0.01638	0.01843	0.86282	0.00410	0.00410	0.00205	0.00205
30	0.02194	0.02187	0.07896	0.15968	0.36671	0.04147	0.03905	0.01396	0.01071	0.06396	0.05871	0.04202	0.02379	0.00532	0.00492	0.00146	0.01943	0.00479	0.00277	0.01846
31	0.04770	0.03670	0.08318	0.01520	0.19497	0.02568	0.12804	0.09983	0.05364	0.07297	0.03310	0.03510	0.00948	0.00493	0.00455	0.00135	0.00527	0.00447	0.00318	0.14065
32	0.02115	0.00802	0.01094	0.00839	0.01204	0.00693	0.00693	0.02298	0.01350	0.80815	0.01860	0.01605	0.01167	0.00584	0.00474	0.00146	0.00401	0.00474	0.00584	0.00802
33	0.07833	0.00721	0.00893	0.00828	0.01054	0.02718	0.00688	0.01578	0.03719	0.32760	0.04423	0.08243	0.01921	0.00912	0.00537	0.00176	0.00408	0.29510	0.00482	0.00595
34	0.01025	0.19536	0.59775	0.01262	0.04031	0.01261	0.01506	0.01505	0.03361	0.01428	0.00839	0.00973	0.00628	0.00444	0.00419	0.00139	0.00643	0.00336	0.00209	0.00680
35	0.01628	0.01821	0.01317	0.01160	0.01375	0.53929	0.00898	0.08266	0.01295	0.05651	0.00834	0.00978	0.00677	0.00558	0.00619	0.00139	0.14670	0.00346	0.03266	0.00573
36	0.00600	0.00421	0.00539	0.00623	0.00644	0.00400	0.00402	0.00663	0.00852	0.01136	0.02338	0.64383	0.02790	0.20665	0.01023	0.00254	0.00317	0.01187	0.00402	0.00360
37	0.01133	0.01139	0.02090	0.07475	0.54066	0.01142	0.20895	0.01440	0.01066	0.01502	0.00894	0.01195	0.00728	0.00428	0.00518	0.00148	0.02755	0.00454	0.00233	0.00699
38	0.01129	0.01165	0.04151	0.19544	0.41580	0.03368	0.16502	0.04122	0.01098	0.01501	0.00893	0.01192	0.00709	0.00434	0.00484	0.00147	0.00631	0.00441	0.00237	0.00672
39	0.02073	0.00831	0.01107	0.00853	0.01216	0.00741	0.00703	0.05625	0.03719	0.75092	0.01830	0.01589	0.01159	0.00584	0.00474	0.00146	0.00405	0.00474	0.00576	0.00801
40	0.01105	0.01256	0.02734	0.04843	0.02492	0.01187	0.76021	0.01499	0.01107	0.01499	0.00950	0.01271	0.00712	0.00400	0.00553	0.00159	0.00789	0.00552	0.00237	0.00632
41	0.00643	0.00472	0.00606	0.00613	0.00713	0.00435	0.00457	0.00826	0.01201	0.01649	0.50474	0.19651	0.12572	0.01117	0.00572	0.00163	0.00250	0.06672	0.00487	0.00426
42	0.00639	0.00479	0.00591	0.00567	0.00688	0.00432	0.00424	0.00833	0.01261	0.01725	0.60122	0.05803	0.22638	0.01032	0.00558	0.00152	0.00228	0.00899	0.00497	0.00432
43	0.00656	0.00489	0.00721	0.00740	0.00814	0.00554	0.00563	0.00810	0.00783	0.01114	0.01495	0.15972	0.01516	0.03179	0.67496	0.00659	0.01091	0.00650	0.00285	0.00414
44	0.13862	0.09533	0.61853	0.01187	0.01796	0.01159	0.01473	0.01470	0.00963	0.01552	0.00800	0.00939	0.00585	0.00442	0.00411	0.00144	0.00630	0.00326	0.00213	0.00661
45	0.01456	0.01721	0.04010	0.02011	0.38785	0.41147	0.01189	0.01665	0.01202	0.01347	0.00807	0.01004	0.00673	0.00454	0.00445	0.00131	0.00709	0.00360	0.00237	0.00646
46	0.00574	0.00410	0.00547	0.00657	0.00684	0.00383	0.00438	0.00657	0.00903	0.01204	0.02599	0.83122	0.03119	0.01477	0.00602	0.00191	0.00274	0.01340	0.00438	0.00383
47	0.04178	0.00753	0.00904	0.00749	0.01013	0.00730	0.00603	0.13159	0.02481	0.36024	0.03473	0.06272	0.02601	0.00657	0.00447	0.00141	0.00359	0.02663	0.22142	0.00653
48	0.04824	0.01178	0.02899	0.01582	0.22321	0.01228	0.06497	0.33088	0.06620	0.09176	0.01149	0.02364	0.00866	0.00537	0.00510	0.00147	0.03441	0.00449	0.00381	0.00743
49	0.01913	0.00779	0.01043	0.00819	0.01152	0.00691	0.00669	0.02159	0.05400	0.68339	0.10200	0.01817	0.01530	0.00627	0.00483	0.00147	0.00381	0.00517	0.00571	0.00761
50	0.00627	0.00460	0.00594	0.00674	0.00727	0.00445	0.00465	0.00810	0.06253	0.01329	0.10455	0.68210	0.03134	0.01366	0.00590	0.00185	0.00278	0.02534	0.00449	0.00415
51	0.01135	0.03792	0.01262	0.00950	0.04369	0.05414	0.06711	0.07439	0.01117	0.03077	0.00879	0.01017	0.00710	0.00387	0.00385	0.00091	0.00440	0.00322	0.00291	0.60214

[dist]
# distance from previous block
# <min> <max>
0	5

[block]
# block no. 4 follows, 54 sequences, length 28
# corresponding to MSA columns:
# 283-310
name=unknown_E
#
# <colnr> <probs for GDERKNQSTAVLIFYWHMCP>
#	G	D	E	R	K	N	Q	S	T	A	V	L	I	F	Y	W	H	M	C	P
0	0.01078	0.13218	0.62667	0.01250	0.01878	0.01171	0.03401	0.01542	0.01019	0.07272	0.00898	0.01015	0.00643	0.00451	0.00433	0.00143	0.00652	0.00350	0.00229	0.00691
1	0.01122	0.24566	0.27186	0.01048	0.02628	0.03158	0.01080	0.08545	0.04482	0.02599	0.04205	0.07224	0.02144	0.00581	0.00483	0.00138	0.04843	0.00442	0.00280	0.03245
2	0.00994	0.21746	0.56279	0.01165	0.01742	0.01227	0.01422	0.01412	0.00980	0.01380	0.00929	0.06975	0.00784	0.00513	0.00424	0.00141	0.00620	0.00398	0.00217	0.00652
3	0.04528	0.01121	0.02232	0.11554	0.02265	0.01096	0.54247	0.04562	0.01118	0.02933	0.01216	0.04931	0.04860	0.00505	0.00532	0.00159	0.00688	0.00577	0.00271	0.00604
4	0.02798	0.01048	0.17381	0.00904	0.01187	0.00777	0.02756	0.03391	0.08071	0.09853	0.15731	0.19072	0.05083	0.00837	0.00567	0.00159	0.05028	0.00709	0.00395	0.04253
5	0.00682	0.00529	0.00646	0.00640	0.00781	0.00472	0.00478	0.00871	0.03462	0.01460	0.20178	0.28551	0.18722	0.01108	0.00548	0.00160	0.00283	0.07727	0.00435	0.12268
6	0.00674	0.00505	0.00758	0.00758	0.00842	0.00589	0.00589	0.00842	0.00758	0.01095	0.01263	0.01852	0.01179	0.03536	0.81561	0.00758	0.01263	0.00505	0.00253	0.00421
7	0.01149	0.01140	0.01738	0.16669	0.51847	0.07131	0.03687	0.01465	0.04271	0.01458	0.00943	0.01280	0.00786	0.00471	0.00493	0.00146	0.02201	0.02204	0.00244	0.00677
8	0.03979	0.01033	0.01664	0.01277	0.03448	0.03212	0.25029	0.05513	0.01268	0.42905	0.01404	0.01401	0.00943	0.00525	0.00539	0.00152	0.04073	0.00483	0.00429	0.00722
9	0.01052	0.01003	0.01707	0.35821	0.48457	0.01090	0.01390	0.01347	0.01019	0.01401	0.00867	0.01204	0.00698	0.00441	0.00469	0.00147	0.00589	0.00420	0.00223	0.00654
10	0.00673	0.00476	0.00592	0.00567	0.00681	0.00438	0.00424	0.00880	0.01261	0.01791	0.62128	0.05439	0.12620	0.00962	0.00535	0.00147	0.00225	0.00840	0.08882	0.00438
11	0.01173	0.30011	0.40026	0.01123	0.01636	0.13818	0.01264	0.01512	0.01044	0.01319	0.02639	0.00951	0.00692	0.00451	0.00398	0.00128	0.00644	0.00321	0.00214	0.00636
12	0.00946	0.02439	0.80987	0.01344	0.02041	0.01095	0.01742	0.01493	0.00995	0.01493	0.00846	0.00995	0.00597	0.00448	0.00448	0.00149	0.00697	0.00348	0.00199	0.00697
13	0.00589	0.00429	0.00530	0.00603	0.00649	0.00397	0.00400	0.00665	0.00899	0.01171	0.02807	0.56960	0.16404	0.14138	0.00873	0.00227	0.00296	0.01178	0.00414	0.00371
14	0.01504	0.00974	0.01171	0.01109	0.09121	0.05861	0.02308	0.02063	0.26432	0.31444	0.06098	0.01775	0.04735	0.00629	0.00508	0.00151	0.02412	0.00521	0.00469	0.00716
15	0.00978	0.00838	0.00978	0.00698	0.01117	0.00629	0.00559	0.01187	0.00978	0.01536	0.00838	0.00978	0.00698	0.00349	0.00349	0.00070	0.00349	0.00279	0.00279	0.86312
16	0.01783	0.01593	0.01392	0.01123	0.01461	0.24975	0.00901	0.56296	0.01958	0.02438	0.01014	0.01049	0.00745	0.00542	0.00458	0.00136	0.00616	0.00389	0.00405	0.00727
17	0.00574	0.00410	0.00547	0.00657	0.00684	0.00383	0.00438	0.00657	0.00903	0.01204	0.02599	0.83122	0.03119	0.01477	0.00602	0.00191	0.00274	0.01340	0.00438	0.00383
18	0.00890	0.00838	0.01414	0.82296	0.03247	0.01048	0.01309	0.01205	0.00943	0.01205	0.00838	0.01257	0.00629	0.00471	0.00471	0.00157	0.00629	0.00419	0.00210	0.00524
19	0.00674	0.00503	0.00748	0.00748	0.00829	0.00584	0.00577	0.00836	0.00755	0.01087	0.01272	0.01903	0.01201	0.06797	0.78330	0.00745	0.01230	0.00513	0.00254	0.00415
20	0.00879	0.00439	0.00439	0.00439	0.00549	0.00439	0.00330	0.01099	0.00989	0.01758	0.01538	0.01758	0.01209	0.00549	0.00330	0.00110	0.00220	0.00439	0.86047	0.00439
21	0.02102	0.00823	0.01107	0.00849	0.01214	0.00724	0.00701	0.05383	0.01384	0.77681	0.01831	0.01586	0.01152	0.00583	0.00474	0.00146	0.00406	0.00472	0.00579	0.00802
22	0.00674	0.00505	0.00758	0.00758	0.00842	0.00589	0.00589	0.00842	0.00758	0.01095	0.01263	0.01852	0.01179	0.03536	0.81561	0.00758	0.01263	0.00505	0.00253	0.00421
23	0.01731	0.02129	0.01324	0.01192	0.01439	0.73411	0.00900	0.07329	0.01381	0.01281	0.00774	0.00900	0.00638	0.00583	0.02867	0.00142	0.00839	0.00318	0.00259	0.00561
24	0.00567	0.00475	0.00493	0.00496	0.00645	0.00401	0.00369	0.00693	0.01087	0.01319	0.10682	0.08455	0.70324	0.01190	0.00559	0.00160	0.00239	0.01001	0.00444	0.00401
25	0.77829	0.00955	0.00769	0.00669	0.00970	0.01100	0.00551	0.09535	0.00951	0.02205	0.00707	0.00804	0.00541	0.00451	0.00311	0.00145	0.00381	0.00273	0.00311	0.00541
26	0.14504	0.55280	0.13155	0.00867	0.01293	0.01612	0.00897	0.05362	0.01003	0.01414	0.00707	0.00810	0.00599	0.00423	0.00330	0.00117	0.00510	0.00275	0.00229	0.00613
27	0.14541	0.05031	0.18537	0.01217	0.06805	0.13403	0.05404	0.06745	0.19376	0.02888	0.01082	0.01150	0.00819	0.00500	0.00431	0.00144	0.00566	0.00389	0.00313	0.00661

[dist]
# distance from previous block
# <min> <max>
1	7

[block]
# block no. 5 follows, 54 sequences, length 9
# corresponding to MSA columns:
# 318-326
name=unknown_F
#
# <colnr> <probs for GDERKNQSTAVLIFYWHMCP>
#	G	D	E	R	K	N	Q	S	T	A	V	L	I	F	Y	W	H	M	C	P
0	0.08824	0.34288	0.03368	0.00862	0.01180	0.13263	0.00758	0.09994	0.06130	0.01576	0.10721	0.01391	0.04764	0.00557	0.00395	0.00126	0.00494	0.00406	0.00312	0.00592
1	0.01240	0.66289	0.14674	0.00914	0.01354	0.06365	0.00959	0.01452	0.00986	0.01172	0.00690	0.00799	0.00604	0.00415	0.00332	0.00110	0.00554	0.00270	0.00204	0.00616
2	0.00583	0.00421	0.00546	0.00634	0.00675	0.00391	0.00427	0.00674	0.00934	0.01241	0.07537	0.69456	0.08820	0.04447	0.00662	0.00196	0.00275	0.01261	0.00437	0.00384
3	0.00715	0.00563	0.00824	0.01069	0.14538	0.00543	0.00665	0.00866	0.01002	0.01352	0.08339	0.47192	0.05063	0.01216	0.00582	0.00183	0.00345	0.14072	0.00408	0.00460
4	0.01200	0.07016	0.43242	0.01400	0.03937	0.01168	0.16239	0.10094	0.01183	0.08638	0.00977	0.01107	0.00697	0.00460	0.00465	0.00147	0.00654	0.00404	0.00272	0.00702
5	0.00655	0.00475	0.00628	0.00721	0.00794	0.00455	0.00558	0.00794	0.00988	0.01285	0.02732	0.39009	0.10839	0.04916	0.00696	0.00210	0.00345	0.33070	0.00430	0.00402
6	0.00929	0.00904	0.01558	0.65090	0.02945	0.01106	0.09259	0.01228	0.00936	0.01228	0.00826	0.01234	0.00636	0.00503	0.00599	0.00163	0.09676	0.00432	0.00212	0.00534
7	0.40559	0.00964	0.01029	0.14236	0.01460	0.01075	0.00753	0.17320	0.01209	0.15811	0.00993	0.01067	0.00704	0.00495	0.00390	0.00147	0.00446	0.00355	0.00366	0.00623
8	0.01035	0.01087	0.02083	0.01607	0.04866	0.01079	0.47976	0.01480	0.10303	0.01562	0.09447	0.01744	0.06174	0.00567	0.00617	0.00161	0.06699	0.00596	0.00306	0.00610

[dist]
# distance from previous block
# <min> <max>
1	4

[block]
# block no. 6 follows, 54 sequences, length 8
# corresponding to MSA columns:
# 334-341
name=unknown_G
#
# <colnr> <probs for GDERKNQSTAVLIFYWHMCP>
#	G	D	E	R	K	N	Q	S	T	A	V	L	I	F	Y	W	H	M	C	P
0	0.00746	0.00557	0.00663	0.00674	0.00791	0.00539	0.00497	0.10573	0.01170	0.01535	0.11899	0.40552	0.20913	0.01226	0.00573	0.00174	0.00300	0.05715	0.00451	0.00450
1	0.00650	0.00506	0.00677	0.00739	0.00780	0.00534	0.00540	0.00750	0.00910	0.01220	0.02484	0.59714	0.07914	0.01359	0.00723	0.00194	0.10661	0.08831	0.00408	0.00406
2	0.04583	0.26300	0.24121	0.00945	0.01370	0.02944	0.00996	0.03990	0.02725	0.11669	0.01474	0.01567	0.10795	0.00583	0.00442	0.00138	0.02059	0.02365	0.00305	0.00629
3	0.03657	0.12186	0.01459	0.01150	0.03769	0.47978	0.00882	0.11081	0.08356	0.03875	0.00911	0.00983	0.00723	0.00499	0.00420	0.00127	0.00691	0.00340	0.00297	0.00615
4	0.00594	0.00421	0.00555	0.00645	0.00672	0.00404	0.00428	0.00671	0.00868	0.01162	0.02387	0.68749	0.02837	0.11628	0.05377	0.00256	0.00352	0.01213	0.00409	0.00373
5	0.04956	0.51900	0.21546	0.00958	0.01426	0.01601	0.01032	0.09216	0.01087	0.01434	0.00750	0.00853	0.00619	0.00432	0.00355	0.00119	0.00547	0.00293	0.00232	0.00643
6	0.01561	0.02921	0.01283	0.06948	0.01448	0.01042	0.04796	0.20016	0.14432	0.28106	0.04383	0.03760	0.01229	0.00627	0.00527	0.00153	0.03703	0.01887	0.00462	0.00717
7	0.00594	0.00419	0.00541	0.00631	0.00654	0.00396	0.00411	0.00662	0.00864	0.01152	0.02401	0.68933	0.02870	0.16005	0.00921	0.00239	0.00306	0.01224	0.00411	0.00366

[dist]
# distance from previous block
# <min> <max>
0	2

[block]
# block no. 7 follows, 54 sequences, length 6
# corresponding to MSA columns:
# 344-349
name=unknown_H
#
# <colnr> <probs for GDERKNQSTAVLIFYWHMCP>
#	G	D	E	R	K	N	Q	S	T	A	V	L	I	F	Y	W	H	M	C	P
0	0.01096	0.01431	0.15022	0.02039	0.15626	0.01165	0.53463	0.01497	0.01088	0.01513	0.00925	0.01210	0.00702	0.00409	0.00524	0.00154	0.00740	0.00500	0.00231	0.00664
1	0.01375	0.00921	0.01118	0.06327	0.04572	0.00993	0.00811	0.07288	0.38023	0.20915	0.01807	0.02039	0.01398	0.00679	0.00497	0.00161	0.00421	0.09473	0.00471	0.00713
2	0.01183	0.01016	0.01787	0.27584	0.35501	0.01058	0.12555	0.01479	0.01070	0.10695	0.00995	0.01262	0.00754	0.00452	0.00482	0.00149	0.00597	0.00446	0.00268	0.00667
3	0.01146	0.01731	0.37577	0.01314	0.01813	0.05635	0.15822	0.04212	0.10150	0.07588	0.05233	0.01427	0.01024	0.00527	0.00485	0.00152	0.00627	0.02560	0.00302	0.00674
4	0.01131	0.01365	0.16902	0.04552	0.34993	0.06330	0.01253	0.07827	0.04678	0.01577	0.01123	0.10713	0.01013	0.00593	0.00520	0.00151	0.03817	0.00511	0.00280	0.00670
5	0.01262	0.06140	0.09887	0.08289	0.10885	0.01265	0.25574	0.20281	0.08341	0.01858	0.01038	0.01211	0.00779	0.00474	0.00486	0.00148	0.00623	0.00457	0.00307	0.00693

[dist]
# distance from previous block
# <min> <max>
1	3

[block]
# block no. 8 follows, 54 sequences, length 14
# corresponding to MSA columns:
# 353-366
name=unknown_I
#
# <colnr> <probs for GDERKNQSTAVLIFYWHMCP>
#	G	D	E	R	K	N	Q	S	T	A	V	L	I	F	Y	W	H	M	C	P
0	0.15358	0.01090	0.02457	0.00821	0.01072	0.16572	0.00656	0.10313	0.04274	0.11662	0.20128	0.02031	0.10293	0.00694	0.00462	0.00143	0.00441	0.00545	0.00414	0.00572
1	0.00836	0.00564	0.00719	0.00762	0.03114	0.00556	0.00534	0.02375	0.08673	0.07844	0.11429	0.36622	0.04538	0.11398	0.00795	0.00212	0.00336	0.07782	0.00439	0.00470
2	0.01085	0.01467	0.25114	0.01395	0.01785	0.01145	0.23418	0.06632	0.01063	0.04257	0.03227	0.01251	0.00828	0.00711	0.05123	0.00195	0.17865	0.00456	0.02360	0.00624
3	0.01037	0.02015	0.58149	0.01231	0.01804	0.01087	0.01461	0.03927	0.15889	0.03754	0.01152	0.01338	0.00865	0.00526	0.00464	0.00154	0.00612	0.03556	0.00280	0.00701
4	0.00691	0.00536	0.00636	0.00609	0.00749	0.00508	0.00464	0.00995	0.09043	0.01707	0.48211	0.03704	0.25221	0.01010	0.00553	0.00155	0.00251	0.04007	0.00489	0.00461
5	0.01093	0.04446	0.32474	0.04435	0.12871	0.01140	0.04213	0.07655	0.19349	0.01704	0.02902	0.01374	0.03196	0.00527	0.00465	0.00149	0.00560	0.00444	0.00306	0.00698
6	0.00819	0.00410	0.00614	0.00614	0.00614	0.00410	0.00410	0.00614	0.00614	0.00819	0.00819	0.01433	0.00819	0.01638	0.01843	0.86282	0.00410	0.00410	0.00205	0.00205
