[name]
unknown

[dist]
# distance from previous block
# <min> <max>
0	214

[block]
# block no. 0 follows, 67 sequences, length 26
# corresponding to MSA columns:
# 216-241
name=unknown_A
#
# <colnr> <probs for GDERKNQSTAVLIFYWHMCP>
#	G	D	E	R	K	N	Q	S	T	A	V	L	I	F	Y	W	H	M	C	P
0	0.00686	0.01655	0.05872	0.06360	0.03232	0.00562	0.02140	0.04347	0.02668	0.02310	0.02102	0.15745	0.19120	0.03502	0.02248	0.03362	0.01464	0.21902	0.00323	0.00401
1	0.01008	0.13022	0.34238	0.04218	0.09379	0.06707	0.07981	0.08715	0.02960	0.03514	0.02759	0.00944	0.00658	0.00398	0.00377	0.00118	0.00532	0.00328	0.00221	0.01922
2	0.01156	0.00612	0.00741	0.00628	0.00823	0.00608	0.00492	0.07929	0.10866	0.29515	0.05443	0.01627	0.02444	0.09137	0.08056	0.00191	0.00377	0.00441	0.17162	0.01753
3	0.00990	0.02993	0.02074	0.00876	0.05974	0.00933	0.00654	0.06002	0.57115	0.02945	0.05316	0.01496	0.03263	0.00530	0.00399	0.00127	0.00328	0.00442	0.01706	0.05836
4	0.00587	0.02637	0.00527	0.00490	0.00524	0.00443	0.00319	0.00630	0.00625	0.00837	0.01381	0.02408	0.06571	0.58966	0.21014	0.00424	0.00537	0.00555	0.00243	0.00283
5	0.00645	0.00415	0.00548	0.00544	0.00634	0.00383	0.00400	0.00791	0.00999	0.08304	0.45353	0.28945	0.05153	0.00997	0.02669	0.00152	0.00242	0.02027	0.00415	0.00386
6	0.00512	0.00410	0.00459	0.00452	0.00572	0.00357	0.00342	0.00647	0.00990	0.01266	0.30951	0.03589	0.53241	0.00952	0.00477	0.00134	0.00204	0.03697	0.00396	0.00353
7	0.00537	0.00406	0.00490	0.00473	0.00575	0.00365	0.00350	0.00688	0.01035	0.01397	0.53118	0.05721	0.28456	0.03975	0.00531	0.00140	0.00202	0.00770	0.00411	0.00360
8	0.88738	0.00776	0.00589	0.00527	0.00776	0.00900	0.00434	0.01179	0.00683	0.01799	0.00558	0.00651	0.00434	0.00372	0.00248	0.00124	0.00310	0.00217	0.00248	0.00434
9	0.88738	0.00776	0.00589	0.00527	0.00776	0.00900	0.00434	0.01179	0.00683	0.01799	0.00558	0.00651	0.00434	0.00372	0.00248	0.00124	0.00310	0.00217	0.00248	0.00434
10	0.88738	0.00776	0.00589	0.00527	0.00776	0.00900	0.00434	0.01179	0.00683	0.01799	0.00558	0.00651	0.00434	0.00372	0.00248	0.00124	0.00310	0.00217	0.00248	0.00434
11	0.00474	0.00406	0.00406	0.00406	0.00542	0.00339	0.00305	0.00576	0.00914	0.01083	0.04063	0.03860	0.83241	0.01016	0.00474	0.00135	0.00203	0.00846	0.00372	0.00339
12	0.03420	0.00712	0.00935	0.00720	0.01026	0.00641	0.00594	0.07995	0.01190	0.74542	0.01511	0.01323	0.00959	0.00492	0.00398	0.00123	0.00346	0.00396	0.02004	0.00672
13	0.88738	0.00776	0.00589	0.00527	0.00776	0.00900	0.00434	0.01179	0.00683	0.01799	0.00558	0.00651	0.00434	0.00372	0.00248	0.00124	0.00310	0.00217	0.00248	0.00434
14	0.00561	0.00410	0.00527	0.00498	0.00595	0.00376	0.00373	0.00744	0.01120	0.01571	0.77612	0.03057	0.09388	0.00834	0.00473	0.00127	0.00190	0.00734	0.00437	0.00376
15	0.01341	0.01032	0.01100	0.00886	0.01174	0.01158	0.00718	0.54214	0.30037	0.02231	0.01196	0.01149	0.00871	0.00503	0.00404	0.00126	0.00398	0.00393	0.00404	0.00666
16	0.00777	0.00402	0.00405	0.00394	0.00496	0.00406	0.00298	0.03974	0.00880	0.01534	0.01295	0.01475	0.01015	0.00468	0.00285	0.00094	0.00196	0.00373	0.84846	0.00385
17	0.01386	0.00589	0.00788	0.00642	0.00880	0.00514	0.00515	0.01538	0.01105	0.56824	0.17516	0.07256	0.07361	0.00644	0.00429	0.00128	0.00295	0.00543	0.00469	0.00577
18	0.00817	0.01990	0.77190	0.01214	0.04534	0.00936	0.05264	0.01269	0.00854	0.01272	0.00725	0.00863	0.00517	0.00378	0.00386	0.00127	0.00593	0.00307	0.00172	0.00592
19	0.21051	0.00917	0.00958	0.00803	0.01063	0.03703	0.04439	0.18144	0.34469	0.05979	0.01250	0.01215	0.03321	0.00490	0.00374	0.00128	0.00369	0.00385	0.00358	0.00583
20	0.00509	0.00382	0.00471	0.00533	0.00588	0.00356	0.00365	0.00626	0.03871	0.01069	0.04501	0.61741	0.19141	0.03176	0.00536	0.00161	0.00232	0.01031	0.00372	0.00339
21	0.05776	0.00805	0.01000	0.00806	0.02703	0.01911	0.02160	0.18442	0.04292	0.50045	0.02793	0.01257	0.00932	0.00535	0.01879	0.00133	0.01899	0.00391	0.01600	0.00643
22	0.00573	0.00422	0.00510	0.00496	0.00556	0.00403	0.02734	0.01897	0.00743	0.00971	0.04824	0.13017	0.21690	0.44279	0.03308	0.00279	0.00340	0.00707	0.01950	0.00302
23	0.00578	0.00399	0.00514	0.00564	0.00611	0.00398	0.00392	0.04450	0.00798	0.01104	0.01863	0.58695	0.02128	0.05652	0.10724	0.01898	0.00351	0.00911	0.07629	0.00343
24	0.01155	0.04178	0.10497	0.05152	0.01133	0.04185	0.02845	0.05429	0.00977	0.25384	0.05115	0.01316	0.00956	0.00549	0.01476	0.00133	0.12782	0.02317	0.13890	0.00531
25	0.00855	0.03913	0.02880	0.04205	0.01074	0.00622	0.01849	0.02949	0.00857	0.01309	0.00715	0.00842	0.00589	0.00310	0.00307	0.00068	0.00328	0.00250	0.00234	0.75843

[dist]
# distance from previous block
# <min> <max>
0	3

[block]
# block no. 1 follows, 67 sequences, length 39
# corresponding to MSA columns:
# 245,247-284
name=unknown_B
#
# <colnr> <probs for GDERKNQSTAVLIFYWHMCP>
#	G	D	E	R	K	N	Q	S	T	A	V	L	I	F	Y	W	H	M	C	P
0	0.05694	0.16874	0.45448	0.02861	0.04344	0.08268	0.02313	0.04081	0.02239	0.01254	0.00694	0.00818	0.00531	0.00390	0.00377	0.00119	0.02662	0.00286	0.00191	0.00557
1	0.00932	0.07991	0.52435	0.01312	0.16125	0.00978	0.02678	0.04722	0.02096	0.04753	0.01885	0.00926	0.00615	0.00391	0.00380	0.00122	0.00535	0.00319	0.00206	0.00599
2	0.01213	0.08146	0.02610	0.03873	0.23219	0.04960	0.02183	0.33053	0.09247	0.01768	0.00896	0.00982	0.00688	0.00424	0.00382	0.00115	0.00452	0.00346	0.00298	0.05143
3	0.00554	0.00447	0.00491	0.00484	0.00608	0.00413	0.00361	0.00778	0.09226	0.01262	0.21307	0.11525	0.47823	0.00939	0.00468	0.00135	0.00214	0.00801	0.01786	0.00377
4	0.06857	0.00439	0.00485	0.00489	0.00605	0.00406	0.00360	0.00726	0.02917	0.03706	0.17093	0.23619	0.38928	0.00968	0.00463	0.00139	0.00223	0.00830	0.00380	0.00367
5	0.00494	0.00358	0.00467	0.00547	0.00584	0.00331	0.00372	0.00573	0.00798	0.01058	0.05954	0.74149	0.09003	0.01216	0.00508	0.00159	0.00231	0.02492	0.00375	0.00330
6	0.00491	0.00390	0.00442	0.00470	0.00566	0.00341	0.00340	0.00593	0.00891	0.01120	0.11315	0.28979	0.48887	0.01072	0.00487	0.00144	0.00214	0.02539	0.00379	0.00339
7	0.01187	0.00943	0.01004	0.00849	0.01108	0.01069	0.00675	0.28173	0.54598	0.03720	0.01413	0.01320	0.01043	0.00523	0.00406	0.00131	0.00358	0.00422	0.00408	0.00651
8	0.01328	0.03011	0.30139	0.03579	0.01365	0.00810	0.02146	0.09642	0.01084	0.38168	0.01127	0.01096	0.00747	0.00439	0.00390	0.00122	0.00451	0.00351	0.00342	0.03664
9	0.01524	0.01153	0.01201	0.00927	0.01244	0.04403	0.00763	0.79005	0.01857	0.02469	0.00950	0.00954	0.00676	0.00479	0.00400	0.00120	0.00452	0.00357	0.00394	0.00674
10	0.06534	0.04639	0.03694	0.00783	0.01107	0.03840	0.00660	0.34835	0.04088	0.03545	0.00844	0.00899	0.00641	0.00408	0.00367	0.00100	0.02111	0.00303	0.00310	0.30293
11	0.00517	0.00388	0.00483	0.00537	0.00597	0.00363	0.00373	0.00653	0.04398	0.01131	0.11978	0.58101	0.16733	0.01133	0.00496	0.00153	0.00226	0.01011	0.00382	0.00348
12	0.00516	0.00407	0.00466	0.00454	0.00568	0.00356	0.00339	0.00657	0.01010	0.01318	0.39578	0.05182	0.45855	0.00933	0.00474	0.00132	0.00197	0.00798	0.00403	0.00356
13	0.00993	0.00950	0.01607	0.02414	0.81040	0.00954	0.01214	0.01257	0.03260	0.01321	0.00780	0.01007	0.00652	0.00363	0.00397	0.00120	0.00472	0.00360	0.00205	0.00635
14	0.01347	0.00892	0.00972	0.03351	0.03162	0.08616	0.00665	0.12885	0.24145	0.29420	0.04497	0.01463	0.01109	0.00531	0.00407	0.00127	0.00386	0.03731	0.01683	0.00611
15	0.00697	0.00459	0.00582	0.00533	0.00658	0.00428	0.00406	0.00927	0.05500	0.09151	0.65085	0.02832	0.09602	0.00791	0.00463	0.00127	0.00211	0.00690	0.00439	0.00417
16	0.01136	0.00859	0.00954	0.02117	0.02928	0.00959	0.00656	0.14069	0.54667	0.10304	0.02902	0.01467	0.01155	0.02669	0.00450	0.00139	0.00346	0.01194	0.00404	0.00627
17	0.01451	0.01832	0.03271	0.01119	0.06257	0.74452	0.00820	0.04135	0.01139	0.01058	0.00642	0.00750	0.00529	0.00411	0.00366	0.00105	0.00696	0.00269	0.00211	0.00485
18	0.00601	0.00430	0.00530	0.00534	0.00628	0.00403	0.00388	0.02884	0.03797	0.03943	0.31792	0.32748	0.17843	0.00985	0.00481	0.00141	0.00223	0.00868	0.00403	0.00379
19	0.00788	0.00752	0.08265	0.00843	0.07484	0.00662	0.03216	0.10166	0.05391	0.02879	0.34581	0.05559	0.10801	0.00730	0.01424	0.00137	0.04144	0.01346	0.00359	0.00472
20	0.00941	0.00697	0.00858	0.00681	0.00920	0.01843	0.02104	0.04284	0.01506	0.11729	0.02458	0.03247	0.02376	0.09940	0.03311	0.00148	0.08954	0.02675	0.00284	0.41045
21	0.00506	0.00376	0.00474	0.00521	0.00579	0.00349	0.00363	0.00602	0.00838	0.01110	0.14799	0.49226	0.18262	0.04392	0.05477	0.00189	0.00276	0.00958	0.00369	0.00335
22	0.27916	0.00810	0.00839	0.00710	0.00972	0.00883	0.00572	0.07877	0.30884	0.22621	0.01242	0.01166	0.00884	0.00475	0.00358	0.00128	0.00331	0.00362	0.00381	0.00590
23	0.00936	0.00899	0.01544	0.19560	0.59273	0.00936	0.05255	0.01204	0.02734	0.01256	0.00791	0.01082	0.00654	0.00382	0.00405	0.00124	0.00493	0.01683	0.00202	0.00587
24	0.00798	0.00667	0.00748	0.00713	0.00861	0.03438	0.00552	0.03554	0.34758	0.01385	0.09389	0.11366	0.03935	0.01229	0.18430	0.00249	0.00475	0.06614	0.00355	0.00484
25	0.00562	0.00414	0.00507	0.00550	0.00621	0.00391	0.00391	0.05279	0.00896	0.01182	0.08764	0.54070	0.17986	0.01112	0.00493	0.00152	0.00240	0.04091	0.01941	0.00355
26	0.00899	0.00726	0.00898	0.00810	0.00976	0.02160	0.04239	0.09108	0.24541	0.03695	0.10526	0.02277	0.02740	0.00830	0.04654	0.00172	0.08122	0.19564	0.02564	0.00500
27	0.01906	0.07119	0.11053	0.07107	0.28236	0.03172	0.17450	0.05144	0.03397	0.01300	0.00811	0.01014	0.01541	0.00405	0.00461	0.00126	0.06415	0.00368	0.02410	0.00562
28	0.00570	0.00386	0.00439	0.00448	0.00455	0.00381	0.00258	0.00581	0.00612	0.00812	0.01451	0.10663	0.04396	0.74823	0.01840	0.00358	0.00367	0.00646	0.00260	0.00254
29	0.01101	0.67073	0.04748	0.02970	0.01125	0.09055	0.00733	0.03335	0.04762	0.01036	0.00634	0.00718	0.00553	0.00365	0.00286	0.00093	0.00459	0.00240	0.00192	0.00521
30	0.00548	0.00409	0.00509	0.00484	0.00587	0.00370	0.00363	0.00720	0.01090	0.01501	0.66980	0.03173	0.20063	0.00860	0.00473	0.00128	0.00192	0.00750	0.00427	0.00370
31	0.00928	0.01512	0.41073	0.03673	0.12456	0.04000	0.10138	0.05761	0.04041	0.02679	0.00852	0.02547	0.01729	0.00436	0.00464	0.00130	0.06433	0.00362	0.00213	0.00573
32	0.00825	0.04506	0.75381	0.01199	0.04834	0.00955	0.04294	0.01267	0.00852	0.01262	0.00719	0.00855	0.00517	0.00377	0.00381	0.00126	0.00586	0.00302	0.00172	0.00590
33	0.00911	0.04084	0.03132	0.19350	0.20991	0.00909	0.07431	0.02477	0.19235	0.03268	0.04752	0.03417	0.02973	0.00483	0.00429	0.00129	0.02547	0.00431	0.02504	0.00545
34	0.01138	0.18830	0.19053	0.02355	0.06304	0.08433	0.00914	0.22097	0.07395	0.02254	0.02416	0.00933	0.00688	0.00430	0.00390	0.00115	0.03019	0.00319	0.00263	0.02651
35	0.03163	0.00692	0.00834	0.00690	0.00929	0.00673	0.00553	0.15573	0.07645	0.34909	0.08603	0.09252	0.08179	0.00643	0.00421	0.00128	0.00320	0.02429	0.01561	0.02803
36	0.02622	0.08729	0.13921	0.01054	0.08951	0.09371	0.03802	0.25364	0.04371	0.06216	0.08202	0.01160	0.02173	0.00473	0.00404	0.00120	0.01811	0.00375	0.00302	0.00580
37	0.01165	0.04856	0.07079	0.00973	0.08370	0.02534	0.00760	0.31304	0.17651	0.05680	0.02473	0.04647	0.02268	0.00608	0.02477	0.02669	0.00421	0.01223	0.02249	0.00593
38	0.00560	0.01800	0.00548	0.00616	0.03473	0.01950	0.00401	0.00652	0.02419	0.01014	0.02056	0.59810	0.06941	0.13826	0.00726	0.00191	0.00279	0.02061	0.00341	0.00337

[dist]
# distance from previous block
# <min> <max>
2	12

[block]
# block no. 2 follows, 67 sequences, length 16
# corresponding to MSA columns:
# 298-305,307-314
name=unknown_C
#
# <colnr> <probs for GDERKNQSTAVLIFYWHMCP>
#	G	D	E	R	K	N	Q	S	T	A	V	L	I	F	Y	W	H	M	C	P
0	0.01312	0.01271	0.01107	0.01001	0.04952	0.33637	0.03743	0.21879	0.05735	0.06840	0.02996	0.06947	0.00966	0.00546	0.00407	0.00122	0.00525	0.05165	0.00312	0.00537
1	0.00521	0.00387	0.00460	0.00481	0.00561	0.00350	0.00341	0.00634	0.00906	0.01205	0.24458	0.29321	0.28360	0.05814	0.00566	0.00154	0.00219	0.00872	0.04048	0.00341
2	0.01003	0.06184	0.05282	0.11273	0.20357	0.07626	0.06293	0.09656	0.15732	0.01430	0.07372	0.01299	0.03800	0.00471	0.00401	0.00123	0.00455	0.00408	0.00277	0.00558
3	0.00612	0.00479	0.00558	0.00526	0.00649	0.00465	0.00396	0.00920	0.13812	0.01460	0.47764	0.02969	0.23485	0.03509	0.00513	0.00138	0.00219	0.00709	0.00412	0.00404
4	0.00528	0.00432	0.00530	0.00513	0.00621	0.00397	0.02380	0.00653	0.00939	0.01215	0.24782	0.16810	0.43633	0.00974	0.00511	0.00139	0.03372	0.00834	0.00379	0.00356
5	0.00861	0.00905	0.04328	0.00919	0.01070	0.10263	0.10161	0.02984	0.07317	0.01212	0.13782	0.03318	0.07124	0.02274	0.08137	0.00191	0.23953	0.00481	0.00269	0.00452
6	0.07811	0.69664	0.05036	0.00701	0.01044	0.01452	0.00696	0.03894	0.00857	0.04889	0.00624	0.00696	0.00536	0.00358	0.00273	0.00093	0.00422	0.00231	0.00200	0.00525
7	0.01037	0.00929	0.04169	0.12179	0.09836	0.03549	0.09630	0.16386	0.17098	0.04879	0.04293	0.02467	0.03064	0.04158	0.00500	0.00139	0.02141	0.00432	0.01498	0.01617
8	0.00578	0.00391	0.00518	0.00538	0.00607	0.00361	0.00384	0.00709	0.00960	0.04534	0.41246	0.42488	0.03133	0.01016	0.00489	0.00144	0.00216	0.00911	0.00411	0.00365
9	0.00879	0.05361	0.05983	0.03726	0.16239	0.02418	0.05690	0.01253	0.15625	0.06526	0.16975	0.04069	0.09507	0.02008	0.00450	0.00132	0.00372	0.01947	0.00323	0.00517
10	0.02325	0.03590	0.12823	0.07986	0.18147	0.04177	0.05474	0.12650	0.04035	0.06012	0.00872	0.01067	0.00688	0.01704	0.08518	0.00179	0.07181	0.00361	0.01656	0.00554
11	0.00508	0.00400	0.00452	0.00455	0.00558	0.00351	0.00331	0.00626	0.00944	0.01213	0.26399	0.13579	0.46807	0.04904	0.00551	0.00148	0.00211	0.00836	0.00386	0.00344
12	0.01189	0.37491	0.07597	0.00858	0.01145	0.31055	0.02142	0.02701	0.00961	0.02751	0.01877	0.02217	0.01798	0.00418	0.00346	0.00102	0.02302	0.00285	0.02269	0.00497
13	0.03197	0.07677	0.01021	0.00781	0.02880	0.03971	0.00618	0.19628	0.14457	0.09308	0.02216	0.01296	0.05678	0.02070	0.05871	0.00152	0.03317	0.00384	0.01895	0.13583
14	0.04338	0.06193	0.17906	0.04628	0.16819	0.07315	0.01949	0.10041	0.08517	0.03663	0.05100	0.05196	0.04205	0.00500	0.00408	0.00124	0.01868	0.00410	0.00269	0.00554
15	0.04886	0.09898	0.22846	0.02351	0.08350	0.20091	0.00932	0.08218	0.03480	0.05109	0.02665	0.03580	0.02144	0.00455	0.00385	0.00118	0.01919	0.00344	0.01689	0.00540

[dist]
# distance from previous block
# <min> <max>
6	10

[block]
# block no. 3 follows, 67 sequences, length 21
# corresponding to MSA columns:
# 326-333,335-347
name=unknown_D
#
# <colnr> <probs for GDERKNQSTAVLIFYWHMCP>
#	G	D	E	R	K	N	Q	S	T	A	V	L	I	F	Y	W	H	M	C	P
0	0.64878	0.04784	0.03225	0.00735	0.05273	0.06881	0.02382	0.03675	0.02561	0.01669	0.00619	0.00717	0.00485	0.00380	0.00282	0.00121	0.00374	0.00245	0.00244	0.00470
1	0.05178	0.02495	0.06325	0.13892	0.19589	0.04082	0.08297	0.02451	0.04059	0.01255	0.06380	0.12430	0.09812	0.00594	0.00430	0.00131	0.01318	0.00530	0.00264	0.00487
2	0.00799	0.00811	0.07970	0.10586	0.09650	0.02655	0.04375	0.06737	0.06962	0.01362	0.12184	0.04964	0.16855	0.00625	0.00437	0.00127	0.01882	0.01920	0.04024	0.05075
3	0.00491	0.00404	0.00434	0.00435	0.00557	0.00348	0.00324	0.00605	0.00932	0.01154	0.15624	0.08313	0.64967	0.01047	0.02436	0.00148	0.00223	0.00835	0.00379	0.00344
4	0.03963	0.01057	0.06022	0.05523	0.29377	0.10565	0.03774	0.10843	0.05535	0.04392	0.00962	0.01148	0.03330	0.03133	0.02977	0.00147	0.04646	0.00374	0.01675	0.00558
5	0.00574	0.00426	0.00625	0.00625	0.00690	0.00491	0.00477	0.00704	0.00639	0.00917	0.01092	0.01674	0.01045	0.10793	0.76589	0.00621	0.01010	0.00444	0.00217	0.00347
6	0.04537	0.06111	0.12943	0.09573	0.39044	0.04495	0.08660	0.04990	0.02135	0.01327	0.02025	0.00979	0.00645	0.00381	0.00388	0.00121	0.00509	0.00349	0.00210	0.00579
7	0.00740	0.00628	0.00970	0.07436	0.27093	0.00660	0.00749	0.00954	0.03935	0.01183	0.11917	0.01892	0.02728	0.09569	0.21671	0.00285	0.00566	0.06307	0.00261	0.00455
8	0.00535	0.00374	0.00485	0.00552	0.00603	0.00344	0.00386	0.00623	0.00823	0.03274	0.06707	0.65314	0.11780	0.01178	0.00505	0.00158	0.00237	0.05402	0.00379	0.00342
9	0.00748	0.00374	0.00374	0.00374	0.00467	0.00374	0.00280	0.00934	0.00841	0.01495	0.01308	0.01495	0.01028	0.00467	0.00280	0.00093	0.00187	0.00374	0.88132	0.00374
10	0.00491	0.00383	0.00445	0.00480	0.00565	0.00338	0.00341	0.00589	0.00878	0.01118	0.12176	0.37593	0.40990	0.01093	0.00490	0.00146	0.00214	0.00954	0.00380	0.00338
11	0.00748	0.00374	0.00374	0.00374	0.00467	0.00374	0.00280	0.00934	0.00841	0.01495	0.01308	0.01495	0.01028	0.00467	0.00280	0.00093	0.00187	0.00374	0.88132	0.00374
12	0.01062	0.00930	0.00912	0.00814	0.01034	0.08574	0.00634	0.09718	0.57020	0.03079	0.01549	0.04180	0.03244	0.00603	0.01566	0.00139	0.00370	0.01982	0.01996	0.00594
13	0.88738	0.00776	0.00589	0.00527	0.00776	0.00900	0.00434	0.01179	0.00683	0.01799	0.00558	0.00651	0.00434	0.00372	0.00248	0.00124	0.00310	0.00217	0.00248	0.00434
14	0.29247	0.00712	0.00823	0.00655	0.00945	0.00687	0.00540	0.01710	0.01001	0.57830	0.01259	0.01140	0.00816	0.00457	0.00354	0.00124	0.00331	0.00345	0.00418	0.00604
15	0.00915	0.00873	0.07503	0.23864	0.10711	0.00854	0.05260	0.14533	0.06947	0.03267	0.08322	0.04575	0.04993	0.00653	0.04836	0.00157	0.00476	0.00456	0.00283	0.00521
16	0.00876	0.00722	0.00843	0.00605	0.00960	0.00553	0.00485	0.02971	0.00866	0.03723	0.00744	0.00850	0.00608	0.00307	0.00303	0.00063	0.00302	0.00245	0.00249	0.83725
17	0.00990	0.00993	0.01488	0.20243	0.57960	0.08977	0.01161	0.01222	0.00911	0.01216	0.00732	0.00983	0.00602	0.00372	0.00394	0.00121	0.00513	0.00348	0.00195	0.00578
18	0.03222	0.00402	0.00525	0.00619	0.03759	0.00377	0.00406	0.00630	0.00807	0.01111	0.07967	0.67283	0.06950	0.01127	0.00489	0.00153	0.00241	0.01014	0.00363	0.02556
19	0.00485	0.00401	0.00417	0.00423	0.00540	0.00342	0.00308	0.00581	0.00889	0.01077	0.06342	0.09663	0.69545	0.06494	0.00578	0.00153	0.00217	0.00847	0.00366	0.00333
20	0.01962	0.07037	0.06270	0.02415	0.03684	0.02069	0.02878	0.13355	0.02974	0.13348	0.02926	0.06115	0.00903	0.00554	0.01797	0.03486	0.02643	0.00385	0.06829	0.18369

[dist]
# distance from previous block
# <min> <max>
4	12

[block]
# block no. 4 follows, 67 sequences, length 42
# corresponding to MSA columns:
# 361-402
name=unknown_E
#
# <colnr> <probs for GDERKNQSTAVLIFYWHMCP>
#	G	D	E	R	K	N	Q	S	T	A	V	L	I	F	Y	W	H	M	C	P
0	0.00533	0.00409	0.00488	0.00468	0.00578	0.00364	0.00351	0.00689	0.01053	0.01412	0.53590	0.03319	0.33509	0.00893	0.00473	0.00130	0.00194	0.00771	0.00416	0.00364
1	0.00500	0.00388	0.00453	0.00483	0.00569	0.00344	0.00346	0.00604	0.00891	0.01142	0.15763	0.32455	0.39125	0.02678	0.00519	0.00149	0.00218	0.02653	0.00381	0.00339
2	0.82512	0.00782	0.00612	0.00548	0.00795	0.00907	0.00449	0.01246	0.06502	0.01791	0.00635	0.00711	0.00490	0.00384	0.00260	0.00125	0.00311	0.00234	0.00260	0.00449
3	0.00482	0.00405	0.00418	0.00419	0.00547	0.00341	0.00313	0.00589	0.00926	0.01122	0.10088	0.06561	0.74401	0.01009	0.00475	0.00136	0.00203	0.00847	0.00378	0.00341
4	0.00757	0.00713	0.01203	0.84942	0.02762	0.00891	0.01114	0.01025	0.00802	0.01025	0.00713	0.01069	0.00535	0.00401	0.00401	0.00134	0.00535	0.00356	0.00178	0.00446
5	0.01072	0.86147	0.02102	0.00686	0.01029	0.01587	0.00686	0.01201	0.00815	0.00944	0.00558	0.00643	0.00515	0.00343	0.00257	0.00086	0.00429	0.00214	0.00172	0.00515
6	0.01043	0.00851	0.00908	0.00810	0.01042	0.00974	0.00632	0.02121	0.78058	0.06326	0.01629	0.01489	0.01211	0.00541	0.00408	0.00135	0.00319	0.00451	0.00413	0.00637
7	0.00985	0.40998	0.41215	0.00907	0.01368	0.01216	0.01062	0.01277	0.00849	0.05790	0.00693	0.00782	0.00539	0.00370	0.00325	0.00108	0.00502	0.00264	0.00189	0.00562
8	0.01525	0.01123	0.01204	0.00923	0.01244	0.01244	0.00762	0.82067	0.01886	0.02528	0.00963	0.00963	0.00682	0.00481	0.00401	0.00120	0.00441	0.00361	0.00401	0.00682
9	0.00688	0.00437	0.00575	0.00525	0.00641	0.00399	0.00399	0.00874	0.01136	0.09660	0.75186	0.02836	0.03510	0.00788	0.00466	0.00126	0.00204	0.00694	0.00447	0.00408
10	0.00881	0.03801	0.23996	0.07482	0.12671	0.03146	0.09831	0.01147	0.00903	0.08133	0.06273	0.14599	0.02998	0.00566	0.00419	0.00130	0.00462	0.00508	0.01536	0.00519
11	0.00977	0.10582	0.26395	0.01168	0.06876	0.06187	0.16209	0.04236	0.10048	0.04136	0.04483	0.04088	0.00858	0.00449	0.00410	0.00125	0.01575	0.00395	0.00245	0.00560
12	0.00557	0.00379	0.00451	0.00476	0.00485	0.00374	0.00286	0.00583	0.00647	0.00866	0.03356	0.25135	0.01826	0.59522	0.03090	0.00326	0.00354	0.00735	0.00282	0.00271
13	0.00983	0.01015	0.07740	0.08773	0.02970	0.00938	0.36598	0.16235	0.03968	0.02765	0.05937	0.06008	0.02234	0.00483	0.00445	0.00133	0.00528	0.01429	0.00275	0.00542
14	0.01052	0.03432	0.14746	0.09346	0.24021	0.11547	0.13294	0.06135	0.02018	0.05328	0.00879	0.02253	0.02274	0.00416	0.00413	0.00123	0.01554	0.00373	0.00228	0.00564
15	0.00891	0.00836	0.01399	0.34501	0.46118	0.00909	0.01132	0.02799	0.00875	0.01201	0.00763	0.01078	0.00627	0.02655	0.02453	0.00144	0.00510	0.00365	0.00196	0.00545
16	0.00535	0.00385	0.00479	0.00520	0.00592	0.00348	0.00370	0.00638	0.00882	0.03126	0.16665	0.46566	0.22937	0.01098	0.00494	0.00149	0.00224	0.03256	0.00387	0.00348
17	0.04207	0.00911	0.03155	0.04953	0.41763	0.00893	0.07349	0.07598	0.03173	0.14718	0.03019	0.02409	0.00805	0.00425	0.00415	0.00124	0.01701	0.00390	0.00277	0.01715
18	0.03036	0.08533	0.05121	0.01059	0.07304	0.30267	0.03610	0.16069	0.12653	0.02625	0.00909	0.00977	0.01930	0.00478	0.01419	0.00123	0.02733	0.00332	0.00272	0.00552
19	0.12226	0.00819	0.00938	0.00735	0.01024	0.00832	0.00605	0.28864	0.01317	0.39855	0.01227	0.01152	0.00822	0.00474	0.00374	0.00120	0.00359	0.00364	0.07265	0.00628
20	0.00930	0.00879	0.01459	0.28904	0.46803	0.00954	0.03471	0.03899	0.04119	0.01263	0.00778	0.01036	0.00624	0.00392	0.00426	0.00127	0.02799	0.00364	0.00206	0.00567
21	0.00890	0.03411	0.02739	0.44683	0.32723	0.02675	0.01124	0.02392	0.03318	0.01175	0.00753	0.01028	0.00594	0.00388	0.00394	0.00126	0.00507	0.00352	0.00196	0.00531
22	0.00537	0.00412	0.00493	0.00501	0.00604	0.00372	0.00384	0.00677	0.00972	0.01269	0.31044	0.08573	0.35550	0.03988	0.00544	0.00150	0.00232	0.12954	0.00391	0.00353
23	0.00630	0.00426	0.00543	0.00533	0.00633	0.00394	0.00396	0.00804	0.03133	0.06549	0.46442	0.21566	0.12271	0.00921	0.00478	0.00137	0.00219	0.03116	0.00419	0.00387
24	0.00517	0.00400	0.00471	0.00470	0.00572	0.00354	0.00346	0.00653	0.00992	0.01307	0.38668	0.14386	0.37498	0.00962	0.00479	0.00135	0.00201	0.00832	0.00403	0.00354
25	0.00571	0.00429	0.00532	0.00514	0.00615	0.00403	0.00382	0.00790	0.05690	0.01481	0.59541	0.11264	0.14533	0.00875	0.00473	0.00132	0.00203	0.00768	0.00423	0.00382
26	0.87766	0.00831	0.00647	0.00583	0.00836	0.00942	0.00470	0.01233	0.00735	0.01867	0.00639	0.00762	0.00510	0.00424	0.00284	0.00138	0.00338	0.00244	0.00275	0.00475
27	0.01498	0.01911	0.01137	0.01033	0.01240	0.84295	0.00775	0.01601	0.01137	0.00982	0.00620	0.00723	0.00517	0.00413	0.00362	0.00103	0.00723	0.00258	0.00207	0.00465
28	0.88738	0.00776	0.00589	0.00527	0.00776	0.00900	0.00434	0.01179	0.00683	0.01799	0.00558	0.00651	0.00434	0.00372	0.00248	0.00124	0.00310	0.00217	0.00248	0.00434
29	0.88738	0.00776	0.00589	0.00527	0.00776	0.00900	0.00434	0.01179	0.00683	0.01799	0.00558	0.00651	0.00434	0.00372	0.00248	0.00124	0.00310	0.00217	0.00248	0.00434
30	0.00474	0.00406	0.00406	0.00406	0.00542	0.00339	0.00305	0.00576	0.00914	0.01083	0.04063	0.03860	0.83241	0.01016	0.00474	0.00135	0.00203	0.00846	0.00372	0.00339
31	0.01799	0.00683	0.00931	0.00714	0.01024	0.00589	0.00589	0.01954	0.01148	0.83682	0.01582	0.01365	0.00993	0.00496	0.00403	0.00124	0.00341	0.00403	0.00496	0.00683
32	0.01296	0.01010	0.01075	0.00877	0.01157	0.01137	0.00707	0.47393	0.36932	0.02159	0.01253	0.01194	0.00917	0.00509	0.00404	0.00127	0.00388	0.00401	0.00404	0.00662
33	0.00804	0.02074	0.83828	0.01143	0.01736	0.00931	0.01482	0.01270	0.00847	0.01270	0.00720	0.00847	0.00508	0.00381	0.00381	0.00127	0.00593	0.00296	0.00169	0.00593
34	0.00496	0.00376	0.00458	0.00504	0.00572	0.00337	0.00352	0.00593	0.00867	0.01128	0.14708	0.48310	0.27612	0.01118	0.00495	0.00149	0.00217	0.00989	0.00383	0.00337
35	0.00816	0.00467	0.00606	0.00539	0.00682	0.00419	0.00415	0.00990	0.01117	0.18696	0.58580	0.02738	0.10803	0.00771	0.00459	0.00127	0.00222	0.00670	0.00446	0.00438
36	0.00747	0.00685	0.00950	0.00857	0.00890	0.02155	0.00693	0.00855	0.00634	0.00944	0.00787	0.01235	0.00762	0.04828	0.36477	0.00381	0.45133	0.00391	0.00195	0.00398
37	0.05945	0.01618	0.53405	0.01307	0.17149	0.00892	0.01266	0.01340	0.00887	0.11298	0.00822	0.00926	0.00587	0.00390	0.00379	0.00125	0.00524	0.00316	0.00219	0.00603
38	0.00568	0.00448	0.00521	0.00533	0.00637	0.00428	0.00392	0.00807	0.10832	0.01255	0.20214	0.27242	0.29865	0.00990	0.00480	0.00143	0.00228	0.03648	0.00391	0.00380
39	0.02194	0.07685	0.12584	0.13787	0.25256	0.02368	0.07272	0.08116	0.06023	0.01358	0.00844	0.02096	0.00673	0.00414	0.00407	0.00123	0.02674	0.00360	0.05207	0.00559
40	0.54058	0.11119	0.00930	0.00712	0.02468	0.21496	0.00567	0.02458	0.00831	0.01499	0.00583	0.00679	0.00471	0.00380	0.00282	0.00114	0.00431	0.00232	0.00230	0.00459
41	0.00596	0.00444	0.00533	0.00515	0.00632	0.00414	0.00391	0.00815	0.06465	0.03249	0.44226	0.07433	0.27097	0.00889	0.00473	0.00134	0.00216	0.04678	0.00413	0.00387

[dist]
# distance from previous block
# <min> <max>
0	1

[block]
# block no. 5 follows, 67 sequences, length 31
# corresponding to MSA columns:
# 404-434
name=unknown_F
#
# <colnr> <probs for GDERKNQSTAVLIFYWHMCP>
#	G	D	E	R	K	N	Q	S	T	A	V	L	I	F	Y	W	H	M	C	P
0	0.00928	0.11779	0.53307	0.01179	0.04537	0.04969	0.10815	0.01296	0.00877	0.04023	0.00734	0.00868	0.00542	0.00382	0.00395	0.00123	0.02174	0.00313	0.00188	0.00573
1	0.00601	0.00491	0.00648	0.00758	0.11802	0.00455	0.00492	0.00773	0.02137	0.01325	0.32728	0.05677	0.32398	0.00862	0.00470	0.00135	0.00251	0.07223	0.00375	0.00400
2	0.00674	0.06579	0.05144	0.00673	0.00797	0.00708	0.00574	0.00823	0.00898	0.01228	0.28973	0.02409	0.23629	0.00789	0.00679	0.00140	0.22819	0.01742	0.00318	0.00404
3	0.00697	0.00348	0.00522	0.00522	0.00522	0.00348	0.00348	0.00522	0.00522	0.00697	0.00697	0.01219	0.00697	0.01393	0.01567	0.88332	0.00348	0.00348	0.00174	0.00174
4	0.00726	0.00446	0.00580	0.00526	0.00652	0.00404	0.00402	0.00905	0.01122	0.12592	0.66716	0.02837	0.08951	0.00790	0.00464	0.00127	0.00211	0.00691	0.00444	0.00416
5	0.00498	0.00407	0.00439	0.00431	0.00556	0.00349	0.00323	0.00621	0.00970	0.01216	0.23999	0.03642	0.63222	0.00966	0.00474	0.00133	0.00200	0.00816	0.00390	0.00349
6	0.00942	0.00901	0.01536	0.20279	0.65983	0.00940	0.01206	0.01186	0.00889	0.01249	0.00745	0.01009	0.00614	0.00367	0.00398	0.00122	0.00489	0.00357	0.00194	0.00594
7	0.01072	0.81043	0.02047	0.00708	0.01034	0.03126	0.00696	0.01199	0.00813	0.00945	0.00557	0.00655	0.00515	0.00359	0.00303	0.00090	0.03935	0.00221	0.00172	0.00511
8	0.01138	0.17823	0.04019	0.03793	0.29169	0.20025	0.00927	0.07616	0.01000	0.01237	0.00689	0.00844	0.00575	0.00387	0.00388	0.00108	0.03561	0.00297	0.00211	0.06192
9	0.00798	0.00756	0.01060	0.00931	0.00945	0.01028	0.00761	0.00890	0.00618	0.00946	0.00684	0.01133	0.00683	0.06881	0.17756	0.00282	0.62868	0.00382	0.00188	0.00410
10	0.00485	0.00409	0.00422	0.00426	0.00558	0.00346	0.00325	0.00593	0.00919	0.01100	0.05571	0.03878	0.77271	0.01017	0.00478	0.00138	0.00212	0.05138	0.00374	0.00341
11	0.01531	0.01096	0.01153	0.00898	0.01207	0.05212	0.00736	0.64562	0.05659	0.12252	0.01054	0.01026	0.00738	0.00483	0.00400	0.00121	0.00437	0.00366	0.00404	0.00669
12	0.01681	0.00802	0.01065	0.00857	0.04167	0.00759	0.03422	0.19279	0.01292	0.60216	0.01391	0.01254	0.00899	0.00483	0.00405	0.00123	0.00379	0.00395	0.00455	0.00676
13	0.01107	0.00868	0.00968	0.00919	0.06814	0.02601	0.00672	0.03385	0.61836	0.11434	0.01507	0.01402	0.01114	0.00515	0.00402	0.00130	0.00341	0.00429	0.00395	0.03163
14	0.00583	0.00390	0.00443	0.00443	0.00444	0.00392	0.00250	0.00587	0.00585	0.00781	0.01259	0.02598	0.01447	0.83812	0.04119	0.00395	0.00406	0.00579	0.00242	0.00246
15	0.00528	0.00406	0.00483	0.00468	0.00576	0.00361	0.00349	0.00679	0.01037	0.01384	0.49576	0.06139	0.34739	0.00911	0.00475	0.00131	0.00196	0.00787	0.00412	0.00361
16	0.01072	0.86147	0.02102	0.00686	0.01029	0.01587	0.00686	0.01201	0.00815	0.00944	0.00558	0.00643	0.00515	0.00343	0.00257	0.00086	0.00429	0.00214	0.00172	0.00515
17	0.00941	0.00738	0.00885	0.00685	0.03935	0.00586	0.00524	0.04814	0.00907	0.07493	0.00791	0.00883	0.00629	0.00322	0.00313	0.00069	0.00313	0.00260	0.00263	0.74647
18	0.86038	0.00764	0.00588	0.00527	0.00770	0.00884	0.00433	0.01166	0.00696	0.01794	0.03090	0.00723	0.00537	0.00386	0.00255	0.00124	0.00307	0.00233	0.00254	0.00433
19	0.01799	0.00683	0.00931	0.00714	0.01024	0.00589	0.00589	0.01954	0.01148	0.83682	0.01582	0.01365	0.00993	0.00496	0.00403	0.00124	0.00341	0.00403	0.00496	0.00683
20	0.06649	0.00710	0.00926	0.00714	0.01021	0.00640	0.00590	0.06016	0.01160	0.74942	0.01493	0.01305	0.00946	0.00489	0.00395	0.00124	0.00345	0.00391	0.00478	0.00669
21	0.00848	0.01686	0.58490	0.03748	0.07267	0.00923	0.02529	0.01324	0.08880	0.02811	0.00839	0.00974	0.00621	0.00524	0.04131	0.00152	0.03140	0.00330	0.00204	0.00581
22	0.00583	0.00391	0.00448	0.00448	0.00451	0.00394	0.00256	0.00590	0.00586	0.00785	0.01254	0.02573	0.01436	0.81854	0.06062	0.00401	0.00422	0.00576	0.00242	0.00249
23	0.00571	0.00384	0.00441	0.00453	0.00456	0.00381	0.00259	0.00580	0.00606	0.00809	0.01383	0.13073	0.01608	0.75252	0.01849	0.00360	0.00369	0.00653	0.00259	0.00253
24	0.00869	0.01077	0.11040	0.05637	0.03460	0.03887	0.48078	0.01162	0.00911	0.01228	0.02975	0.09590	0.01833	0.00498	0.00483	0.00138	0.02827	0.03574	0.00228	0.00504
25	0.01082	0.18469	0.16177	0.05021	0.01335	0.10992	0.05396	0.16742	0.06770	0.01423	0.02104	0.02411	0.02161	0.00469	0.01529	0.00119	0.00496	0.00340	0.00254	0.06710
26	0.01098	0.01876	0.02704	0.25186	0.14132	0.00950	0.00891	0.19805	0.09512	0.09396	0.02491	0.01145	0.00781	0.00457	0.00428	0.00126	0.03484	0.00377	0.04589	0.00569
27	0.00592	0.00413	0.00529	0.03224	0.00680	0.00390	0.00408	0.02026	0.00870	0.04544	0.13498	0.44900	0.14073	0.06931	0.00599	0.00167	0.00258	0.05169	0.00372	0.00356
28	0.00951	0.05326	0.03149	0.07281	0.20070	0.11125	0.04122	0.06405	0.06184	0.01226	0.01077	0.08659	0.03105	0.03331	0.05954	0.00172	0.07784	0.03330	0.00249	0.00501
29	0.03917	0.01199	0.15183	0.06153	0.30316	0.08903	0.04949	0.08817	0.04880	0.01364	0.00830	0.03549	0.00690	0.01853	0.00477	0.00131	0.05623	0.00371	0.00229	0.00567
30	0.12590	0.05038	0.05771	0.08329	0.24699	0.06578	0.03916	0.04784	0.10542	0.04215	0.03827	0.02530	0.01856	0.00440	0.00374	0.00121	0.00438	0.00370	0.01814	0.01767

[dist]
# distance from previous block
# <min> <max>
1	27

[block]
# block no. 6 follows, 67 sequences, length 15
# corresponding to MSA columns:
# 463-477
name=unknown_G
#
# <colnr> <probs for GDERKNQSTAVLIFYWHMCP>
#	G	D	E	R	K	N	Q	S	T	A	V	L	I	F	Y	W	H	M	C	P
0	0.02443	0.05627	0.12720	0.03004	0.09088	0.07069	0.11646	0.06671	0.11891	0.05088	0.05638	0.01303	0.05916	0.00471	0.00410	0.00120	0.01936	0.00404	0.01595	0.06961
1	0.00991	0.11227	0.19987	0.02541	0.11640	0.06563	0.02227	0.11888	0.06273	0.01394	0.02518	0.01144	0.05255	0.02473	0.00409	0.00117	0.00457	0.00352	0.00250	0.12296
2	0.06966	0.00919	0.02469	0.02291	0.13327	0.05017	0.01647	0.14462	0.25796	0.02684	0.04029	0.03509	0.03290	0.00500	0.00388	0.00120	0.00382	0.01322	0.00326	0.10557
3	0.00769	0.00563	0.00651	0.00567	0.00756	0.00517	0.00435	0.02831	0.12270	0.07934	0.21098	0.07193	0.22306	0.02982	0.00467	0.00126	0.00257	0.00611	0.00375	0.17292
4	0.00805	0.00573	0.00645	0.00600	0.00735	0.02882	0.00453	0.07178	0.12336	0.06833	0.20617	0.13158	0.13131	0.03465	0.02530	0.05545	0.00298	0.02034	0.05751	0.00430
5	0.00995	0.00985	0.01540	0.13091	0.67491	0.06450	0.01185	0.01228	0.00913	0.01251	0.00740	0.00985	0.00614	0.00367	0.00395	0.00120	0.00500	0.00351	0.00196	0.00599
6	0.00747	0.00698	0.01145	0.77292	0.02576	0.00860	0.01050	0.01030	0.03223	0.01048	0.00945	0.01252	0.05613	0.00443	0.00406	0.00134	0.00508	0.00389	0.00197	0.00445
7	0.00640	0.00507	0.00674	0.00710	0.02231	0.00521	0.00568	0.00781	0.00853	0.01138	0.03702	0.16114	0.13136	0.02939	0.00636	0.00168	0.09991	0.38174	0.00335	0.06181
8	0.00804	0.00745	0.01219	0.44340	0.27293	0.00833	0.01022	0.01070	0.03127	0.01195	0.09599	0.01389	0.04755	0.00464	0.00411	0.00129	0.00459	0.00421	0.00228	0.00497
9	0.00609	0.00444	0.00618	0.00612	0.00676	0.00503	0.00456	0.00767	0.05643	0.00935	0.01115	0.01724	0.01073	0.16745	0.59830	0.06363	0.00864	0.00452	0.00229	0.00343
10	0.02510	0.05793	0.06460	0.00899	0.03872	0.08535	0.01799	0.12838	0.40852	0.02981	0.08153	0.01351	0.01170	0.00512	0.00396	0.00126	0.00395	0.00415	0.00352	0.00591
11	0.00728	0.01122	0.34517	0.00777	0.01095	0.00639	0.00842	0.01062	0.05148	0.04796	0.25655	0.03400	0.13767	0.00646	0.00427	0.00129	0.00373	0.01979	0.02412	0.00485
12	0.03841	0.16045	0.17156	0.00945	0.06604	0.01043	0.01931	0.16999	0.15733	0.04477	0.03995	0.02632	0.04793	0.01602	0.00398	0.00124	0.00420	0.00389	0.00297	0.00576
13	0.11917	0.21016	0.09160	0.01855	0.08565	0.09984	0.03223	0.05317	0.11215	0.03500	0.02807	0.03975	0.03051	0.00465	0.00373	0.00117	0.02318	0.00356	0.00256	0.00529
14	0.08035	0.07927	0.12952	0.04626	0.04178	0.05655	0.02423	0.09709	0.13896	0.03598	0.02464	0.05802	0.02176	0.03443	0.00453	0.00132	0.01775	0.03798	0.00285	0.06673

[dist]
# distance from previous block
# <min> <max>
0	12

[block]
# block no. 7 follows, 67 sequences, length 16
# corresponding to MSA columns:
# 490-501,505-508
name=unknown_H
#
# <colnr> <probs for GDERKNQSTAVLIFYWHMCP>
#	G	D	E	R	K	N	Q	S	T	A	V	L	I	F	Y	W	H	M	C	P
0	0.13282	0.04529	0.01176	0.10235	0.19274	0.05807	0.04452	0.12188	0.05505	0.05198	0.00899	0.03025	0.00758	0.08457	0.00548	0.00148	0.02154	0.00376	0.00264	0.01725
1	0.68719	0.00845	0.00720	0.00642	0.02585	0.02802	0.00510	0.11220	0.02478	0.05388	0.00679	0.00746	0.00511	0.00395	0.00283	0.00123	0.00341	0.00251	0.00279	0.00484
2	0.01558	0.00712	0.00921	0.00696	0.01018	0.00609	0.00571	0.05766	0.01111	0.60198	0.01346	0.01219	0.00883	0.00449	0.00378	0.00109	0.00336	0.00362	0.00431	0.21328
3	0.01776	0.00720	0.00954	0.00732	0.01043	0.00646	0.00604	0.08840	0.01211	0.76706	0.01529	0.01330	0.00966	0.00495	0.00403	0.00124	0.00350	0.00400	0.00488	0.00682
4	0.00489	0.00349	0.00465	0.00558	0.00582	0.00326	0.00372	0.00558	0.00768	0.01024	0.02210	0.85644	0.02653	0.01256	0.00512	0.00163	0.00233	0.01140	0.00372	0.00326
5	0.88738	0.00776	0.00589	0.00527	0.00776	0.00900	0.00434	0.01179	0.00683	0.01799	0.00558	0.00651	0.00434	0.00372	0.00248	0.00124	0.00310	0.00217	0.00248	0.00434
6	0.00832	0.00713	0.00832	0.00594	0.00950	0.00535	0.00475	0.01010	0.00832	0.01307	0.00713	0.00832	0.00594	0.00297	0.00297	0.00059	0.00297	0.00238	0.00238	0.88357
7	0.01077	0.79742	0.02033	0.00713	0.01037	0.04216	0.00697	0.01203	0.00816	0.00946	0.00558	0.00656	0.00515	0.00361	0.00307	0.00090	0.04127	0.00222	0.00173	0.00510
8	0.00697	0.00348	0.00522	0.00522	0.00522	0.00348	0.00348	0.00522	0.00522	0.00697	0.00697	0.01219	0.00697	0.01393	0.01567	0.88332	0.00348	0.00348	0.00174	0.00174
9	0.00792	0.00759	0.01114	0.02517	0.01034	0.01004	0.04851	0.00905	0.00647	0.00974	0.00746	0.04726	0.00741	0.02915	0.18560	0.00274	0.56415	0.00412	0.00195	0.00418
10	0.01158	0.02979	0.04419	0.16242	0.19921	0.19053	0.05543	0.07171	0.07755	0.08431	0.00869	0.01009	0.00663	0.00422	0.00416	0.00122	0.02669	0.00349	0.00252	0.00557
11	0.01194	0.09177	0.02557	0.04635	0.12310	0.23031	0.08684	0.15962	0.04799	0.02471	0.02789	0.02886	0.00738	0.00460	0.00453	0.00120	0.06574	0.00360	0.00255	0.00543
12	0.00565	0.00411	0.00519	0.00573	0.04105	0.00397	0.00363	0.00640	0.00761	0.01023	0.11635	0.22289	0.13411	0.30912	0.07291	0.01898	0.00353	0.00740	0.01796	0.00319
13	0.02296	0.27180	0.16025	0.02986	0.03866	0.17131	0.02540	0.03118	0.01926	0.04972	0.01828	0.02806	0.02766	0.00435	0.00385	0.00109	0.04150	0.00316	0.00220	0.04943
14	0.02854	0.00482	0.00550	0.02482	0.02011	0.03414	0.00426	0.00722	0.02936	0.01152	0.10433	0.40272	0.22381	0.01018	0.00477	0.00146	0.00262	0.05147	0.00360	0.02474
15	0.02117	0.00896	0.04220	0.08218	0.20520	0.02064	0.07165	0.15816	0.05820	0.03253	0.05400	0.03583	0.10033	0.00578	0.01729	0.00137	0.05928	0.00460	0.00287	0.01776

[dist]
# distance from previous block
# <min> <max>
5	11

[block]
# block no. 8 follows, 67 sequences, length 14
# corresponding to MSA columns:
# 542-555
name=unknown_I
#
# <colnr> <probs for GDERKNQSTAVLIFYWHMCP>
#	G	D	E	R	K	N	Q	S	T	A	V	L	I	F	Y	W	H	M	C	P
0	0.01060	0.03568	0.11951	0.03173	0.29477	0.07870	0.05846	0.12283	0.03346	0.04912	0.00958	0.08846	0.00826	0.00474	0.00401	0.00122	0.00480	0.00418	0.00258	0.03730
1	0.00601	0.00464	0.00574	0.00526	0.00668	0.00398	0.00391	0.00754	0.00971	0.01371	0.40651	0.19661	0.10503	0.00813	0.00442	0.00120	0.00223	0.00715	0.00376	0.19779
2	0.00913	0.01035	0.12924	0.04235	0.14643	0.02969	0.12887	0.04691	0.16528	0.03232	0.01470	0.01542	0.14143	0.00536	0.00484	0.00133	0.06351	0.00462	0.00276	0.00545
3	0.00514	0.00412	0.00462	0.00462	0.00583	0.00360	0.00355	0.00646	0.00973	0.01232	0.24627	0.03693	0.55069	0.00973	0.00481	0.00137	0.00215	0.08064	0.00390	0.00352
4	0.00764	0.01241	0.33888	0.00955	0.01214	0.00911	0.00995	0.01009	0.00757	0.01112	0.03611	0.01351	0.09611	0.02941	0.07234	0.00192	0.31126	0.00406	0.00207	0.00476
5	0.00609	0.00480	0.00656	0.00647	0.00712	0.02695	0.00494	0.00734	0.00650	0.00917	0.01063	0.01643	0.01023	0.11934	0.70101	0.00585	0.04051	0.00439	0.00216	0.00351
6	0.04648	0.01337	0.24098	0.05927	0.25076	0.09806	0.08703	0.06795	0.02064	0.03028	0.00791	0.00955	0.00606	0.00389	0.00386	0.00121	0.00531	0.00338	0.03829	0.00572
7	0.01012	0.00669	0.00712	0.00615	0.00794	0.02523	0.00484	0.19678	0.12019	0.06935	0.14394	0.01589	0.01403	0.00538	0.00365	0.00113	0.00284	0.00437	0.34936	0.00501
8	0.00802	0.01700	0.59801	0.05051	0.01650	0.00939	0.05887	0.01179	0.00815	0.01206	0.00783	0.05657	0.00638	0.00471	0.00517	0.00136	0.11672	0.00364	0.00184	0.00548
9	0.00528	0.00408	0.00483	0.00471	0.00580	0.00362	0.00354	0.00677	0.01028	0.01363	0.45998	0.05799	0.36770	0.00921	0.00476	0.00132	0.00201	0.02679	0.00409	0.00360
10	0.01057	0.08844	0.17931	0.01178	0.17117	0.02129	0.02256	0.20029	0.04096	0.05572	0.04550	0.05137	0.05108	0.01588	0.00429	0.00126	0.01569	0.00419	0.00287	0.00577
11	0.02361	0.12330	0.08694	0.07449	0.17333	0.07011	0.08401	0.19694	0.02652	0.05746	0.00843	0.00964	0.00642	0.00406	0.00377	0.00117	0.00490	0.00340	0.03570	0.00581
12	0.00535	0.00408	0.00501	0.00509	0.00605	0.00378	0.00385	0.00671	0.00942	0.01243	0.29881	0.12050	0.31179	0.03203	0.07985	0.00191	0.00299	0.08305	0.00378	0.00353
13	0.00800	0.00791	0.08119	0.04873	0.05123	0.03086	0.07076	0.07452	0.05671	0.02975	0.09505	0.19035	0.09625	0.04893	0.00567	0.00150	0.04875	0.01463	0.03465	0.00455

[dist]
# distance from previous block
# <min> <max>
1	38

[block]
# block no. 9 follows, 67 sequences, length 13
# corresponding to MSA columns:
# 594-606
name=unknown_J
#
# <colnr> <probs for GDERKNQSTAVLIFYWHMCP>
#	G	D	E	R	K	N	Q	S	T	A	V	L	I	F	Y	W	H	M	C	P
0	0.08633	0.12562	0.16979	0.00893	0.04848	0.11459	0.02140	0.10079	0.02303	0.06190	0.03928	0.10686	0.00960	0.00517	0.00369	0.00119	0.00443	0.00410	0.04449	0.02032
1	0.08357	0.11210	0.20774	0.01054	0.06829	0.06369	0.10323	0.08984	0.07746	0.04327	0.02845	0.02625	0.04872	0.00464	0.00382	0.00123	0.00477	0.01430	0.00260	0.00549
2	0.00711	0.02901	0.00678	0.03602	0.02785	0.02445	0.00456	0.03646	0.02280	0.00992	0.05377	0.01850	0.10486	0.15616	0.12707	0.26020	0.03799	0.00473	0.02855	0.00321
3	0.04077	0.00785	0.01007	0.01032	0.18005	0.03159	0.02188	0.06191	0.00929	0.03474	0.02588	0.04661	0.00837	0.00508	0.03326	0.00113	0.00386	0.02590	0.02475	0.41669
4	0.00602	0.00424	0.00527	0.00553	0.00639	0.00398	0.00401	0.02082	0.04223	0.04716	0.17437	0.43166	0.17184	0.01051	0.00489	0.00149	0.00238	0.04955	0.00392	0.00374
5	0.06369	0.00961	0.18103	0.07581	0.07875	0.03685	0.05408	0.01037	0.02711	0.02434	0.01901	0.06398	0.03200	0.04001	0.21609	0.00268	0.02380	0.00433	0.03185	0.00463
6	0.00689	0.00501	0.00664	0.00605	0.00697	0.00527	0.00469	0.00848	0.01019	0.06748	0.55558	0.06445	0.08021	0.00812	0.00609	0.00136	0.14185	0.00670	0.00394	0.00403
7	0.02541	0.01357	0.36154	0.03766	0.09728	0.02721	0.04201	0.04608	0.10936	0.03215	0.02486	0.06312	0.03819	0.00514	0.00451	0.00133	0.04809	0.01445	0.00250	0.00556
8	0.00612	0.09104	0.00673	0.00602	0.00669	0.05798	0.00430	0.00690	0.00796	0.01013	0.01942	0.71663	0.02301	0.01111	0.00477	0.00151	0.00284	0.00991	0.00341	0.00354
