[name]
unknown

[dist]
# distance from previous block
# <min> <max>
0	149

[block]
# block no. 0 follows, 56 sequences, length 20
# corresponding to MSA columns:
# 190-209
name=unknown_A
#
# <colnr> <probs for GDERKNQSTAVLIFYWHMCP>
#	G	D	E	R	K	N	Q	S	T	A	V	L	I	F	Y	W	H	M	C	P
0	0.04559	0.40789	0.09579	0.04859	0.03020	0.04574	0.03295	0.02809	0.07133	0.03807	0.03015	0.01266	0.03304	0.00499	0.00380	0.00123	0.00499	0.03185	0.00266	0.03038
1	0.04365	0.00829	0.02739	0.05690	0.13241	0.00827	0.08032	0.09230	0.05645	0.01505	0.02801	0.15857	0.03586	0.05353	0.10115	0.03079	0.00545	0.00615	0.00318	0.05630
2	0.09449	0.02453	0.01196	0.05069	0.06274	0.10978	0.00818	0.22664	0.18704	0.07856	0.01316	0.04841	0.02639	0.00590	0.00476	0.00145	0.03034	0.00457	0.00384	0.00658
3	0.01322	0.04574	0.01668	0.05015	0.30003	0.24972	0.09066	0.07670	0.01194	0.01458	0.00864	0.01125	0.00719	0.00461	0.00461	0.00132	0.01917	0.02202	0.00253	0.04927
4	0.00659	0.00522	0.00631	0.00693	0.00750	0.02789	0.00493	0.00815	0.04904	0.01236	0.05012	0.58619	0.06786	0.03973	0.00671	0.00191	0.03883	0.06559	0.00411	0.00404
5	0.12626	0.00788	0.00962	0.03204	0.01066	0.00864	0.02706	0.02813	0.04908	0.01492	0.05252	0.06119	0.11347	0.00723	0.00683	0.00149	0.19682	0.03862	0.03738	0.17015
6	0.08322	0.02713	0.01820	0.05056	0.26840	0.06938	0.22499	0.11262	0.02541	0.01650	0.00904	0.01136	0.00716	0.00558	0.03704	0.00166	0.01837	0.00427	0.00266	0.00644
7	0.00968	0.02900	0.01542	0.01228	0.01398	0.03968	0.20782	0.03713	0.00892	0.01250	0.00962	0.05325	0.00891	0.01376	0.21756	0.00319	0.29477	0.00498	0.00241	0.00514
8	0.00713	0.00471	0.00634	0.00634	0.00717	0.00524	0.00481	0.00878	0.00795	0.01233	0.01321	0.01867	0.01195	0.08599	0.53312	0.00540	0.00888	0.00487	0.24307	0.00405
9	0.00692	0.00551	0.00837	0.01018	0.11927	0.00531	0.04012	0.00825	0.00924	0.01243	0.02160	0.54016	0.02492	0.05490	0.00663	0.00195	0.00357	0.11252	0.00382	0.00434
10	0.00984	0.00862	0.01355	0.06616	0.41435	0.02429	0.01102	0.01226	0.01048	0.02777	0.01505	0.04722	0.01503	0.00765	0.00525	0.00167	0.00499	0.29583	0.00310	0.00588
11	0.00559	0.00400	0.00533	0.00639	0.00666	0.00373	0.00426	0.00639	0.00879	0.01172	0.02530	0.83566	0.03036	0.01438	0.00586	0.00186	0.00266	0.01305	0.00426	0.00373
12	0.01767	0.01250	0.01356	0.01039	0.01406	0.01371	0.00859	0.74013	0.02099	0.08436	0.01152	0.01135	0.00806	0.00552	0.00459	0.00138	0.00497	0.00417	0.00467	0.00781
13	0.01136	0.01091	0.01863	0.02818	0.81002	0.01091	0.01409	0.01409	0.01045	0.01500	0.00864	0.01136	0.00727	0.00409	0.00455	0.00136	0.00545	0.00409	0.00227	0.00727
14	0.00683	0.00497	0.00538	0.00517	0.00630	0.00455	0.00359	0.03442	0.00983	0.03855	0.08541	0.03665	0.43510	0.29022	0.01143	0.00251	0.00318	0.00822	0.00388	0.00380
15	0.00885	0.00835	0.01410	0.77343	0.08439	0.01025	0.01284	0.01189	0.00927	0.01195	0.00819	0.01218	0.00620	0.00456	0.00459	0.00152	0.00607	0.00408	0.00206	0.00525
16	0.00559	0.00400	0.00533	0.00639	0.00666	0.00373	0.00426	0.00639	0.00879	0.01172	0.02530	0.83566	0.03036	0.01438	0.00586	0.00186	0.00266	0.01305	0.00426	0.00373
17	0.01171	0.01001	0.01055	0.00940	0.01205	0.01156	0.00734	0.06215	0.76348	0.01968	0.01831	0.01683	0.01371	0.00619	0.00467	0.00155	0.00370	0.00514	0.00467	0.00729
18	0.06215	0.01161	0.01254	0.00987	0.01329	0.01276	0.00809	0.56445	0.11778	0.10354	0.01246	0.01220	0.00886	0.00616	0.02155	0.00153	0.00483	0.00424	0.00457	0.00751
19	0.00559	0.00400	0.00533	0.00639	0.00666	0.00373	0.00426	0.00639	0.00879	0.01172	0.02530	0.83566	0.03036	0.01438	0.00586	0.00186	0.00266	0.01305	0.00426	0.00373

[dist]
# distance from previous block
# <min> <max>
0	25

[block]
# block no. 1 follows, 56 sequences, length 83
# corresponding to MSA columns:
# 235-246,248-296,301-303,309-327
name=unknown_B
#
# <colnr> <probs for GDERKNQSTAVLIFYWHMCP>
#	G	D	E	R	K	N	Q	S	T	A	V	L	I	F	Y	W	H	M	C	P
0	0.00650	0.00469	0.00614	0.00578	0.00686	0.00433	0.00433	0.00866	0.01300	0.01841	0.80760	0.03429	0.04332	0.00939	0.00541	0.00144	0.00217	0.00830	0.00505	0.00433
1	0.00646	0.00469	0.00609	0.00574	0.00684	0.00432	0.00430	0.00859	0.01291	0.01821	0.78223	0.03462	0.06880	0.00946	0.00542	0.00145	0.00217	0.00835	0.00503	0.00432
2	0.00730	0.00502	0.00625	0.00643	0.00777	0.00458	0.00515	0.00895	0.01101	0.06927	0.17421	0.10668	0.30750	0.01136	0.00569	0.00172	0.00303	0.24926	0.00449	0.00433
3	0.01142	0.00986	0.01038	0.00934	0.01194	0.01142	0.00727	0.02440	0.80172	0.01920	0.01869	0.01713	0.01401	0.00623	0.00467	0.00156	0.00363	0.00519	0.00467	0.00727
4	0.01547	0.01059	0.01171	0.00957	0.01276	0.01157	0.00772	0.31411	0.35497	0.17686	0.01569	0.01454	0.01116	0.00585	0.00463	0.00146	0.00422	0.00468	0.00484	0.00758
5	0.00737	0.00520	0.00720	0.00819	0.00923	0.00519	0.00709	0.00945	0.01056	0.01393	0.04496	0.06983	0.02647	0.01238	0.00620	0.00205	0.00406	0.71255	0.03389	0.00422
6	0.26516	0.00836	0.00950	0.00762	0.01085	0.00827	0.00629	0.08132	0.01212	0.48011	0.01416	0.01359	0.00951	0.00537	0.00408	0.00142	0.00384	0.01760	0.03403	0.00681
7	0.87108	0.00888	0.00675	0.00604	0.00888	0.01030	0.00497	0.01350	0.00781	0.02060	0.00639	0.00746	0.00497	0.00426	0.00284	0.00142	0.00355	0.00249	0.00284	0.00497
8	0.00656	0.00492	0.00738	0.00738	0.00820	0.00574	0.00574	0.00820	0.00738	0.01066	0.01230	0.01804	0.01148	0.03443	0.82046	0.00738	0.01230	0.00492	0.00246	0.00410
9	0.01898	0.00754	0.01017	0.00793	0.01122	0.00659	0.00650	0.02100	0.02867	0.71740	0.08462	0.01770	0.02767	0.00610	0.00470	0.00143	0.00373	0.00502	0.00559	0.00744
10	0.00631	0.00456	0.00608	0.00687	0.00760	0.00434	0.00525	0.00776	0.01009	0.01340	0.13954	0.40963	0.08218	0.01292	0.00593	0.00186	0.00308	0.26424	0.00437	0.00399
11	0.02060	0.00781	0.01065	0.00817	0.01172	0.00675	0.00675	0.02237	0.01314	0.81320	0.01811	0.01563	0.01136	0.00568	0.00462	0.00142	0.00391	0.00462	0.00568	0.00781
12	0.00971	0.00827	0.00962	0.00689	0.01096	0.00632	0.00552	0.03045	0.00981	0.01530	0.00823	0.00956	0.00682	0.00345	0.00343	0.00070	0.00344	0.00275	0.00277	0.84600
13	0.29999	0.00832	0.02391	0.00751	0.01076	0.00792	0.00629	0.01870	0.01111	0.50471	0.01404	0.02576	0.00946	0.00605	0.02455	0.00158	0.00403	0.00403	0.00457	0.00670
14	0.01186	0.00844	0.03703	0.00732	0.01112	0.00646	0.00612	0.03149	0.01077	0.18682	0.05164	0.01292	0.01002	0.00445	0.00387	0.00095	0.00359	0.01536	0.01834	0.56143
15	0.00659	0.00446	0.00509	0.00513	0.00522	0.00445	0.00297	0.00671	0.00691	0.00919	0.01591	0.06195	0.04405	0.75015	0.04953	0.00435	0.00458	0.00697	0.00288	0.00290
16	0.01169	0.48459	0.26501	0.01003	0.01467	0.04266	0.02316	0.05501	0.01017	0.01298	0.00725	0.00845	0.00599	0.00428	0.00387	0.00119	0.02772	0.00294	0.00211	0.00623
17	0.00743	0.00525	0.00670	0.00655	0.00769	0.00486	0.00473	0.00840	0.02241	0.03803	0.05699	0.35941	0.08109	0.04974	0.00812	0.11879	0.03163	0.03478	0.00365	0.14376
18	0.08019	0.00881	0.01034	0.00931	0.03856	0.02528	0.02892	0.14016	0.18756	0.06079	0.04399	0.04386	0.01266	0.03559	0.14246	0.00253	0.01852	0.03420	0.00374	0.07255
19	0.01228	0.01019	0.01070	0.00936	0.01207	0.02885	0.00735	0.13915	0.58319	0.03488	0.01726	0.04436	0.01343	0.00640	0.00468	0.00151	0.00393	0.02090	0.00454	0.03496
20	0.00653	0.00444	0.00505	0.00510	0.00525	0.00437	0.00297	0.00672	0.00725	0.00962	0.04410	0.08440	0.06457	0.70762	0.02055	0.00401	0.00413	0.00733	0.00304	0.00296
21	0.02547	0.00580	0.00743	0.00700	0.00867	0.00543	0.00529	0.01296	0.06745	0.24977	0.13818	0.33466	0.06721	0.01012	0.00528	0.00163	0.00308	0.03444	0.00480	0.00532
22	0.00980	0.00567	0.00746	0.00741	0.00881	0.00540	0.00581	0.05229	0.01112	0.17090	0.08892	0.29434	0.03708	0.04475	0.00635	0.00189	0.00351	0.22902	0.00455	0.00490
23	0.00886	0.00464	0.00486	0.00475	0.00592	0.00465	0.00357	0.02568	0.02592	0.03641	0.05045	0.05180	0.01389	0.00593	0.00351	0.00114	0.00229	0.00485	0.73641	0.00447
24	0.01582	0.01046	0.01162	0.00923	0.01244	0.01114	0.00754	0.46442	0.09516	0.16883	0.02958	0.01655	0.07891	0.00632	0.00469	0.00142	0.00433	0.01818	0.02616	0.00721
25	0.00804	0.00488	0.00628	0.00619	0.00736	0.00442	0.00453	0.00948	0.01100	0.12607	0.29243	0.30843	0.13149	0.03856	0.00607	0.00171	0.00271	0.02117	0.00468	0.00450
26	0.87108	0.00888	0.00675	0.00604	0.00888	0.01030	0.00497	0.01350	0.00781	0.02060	0.00639	0.00746	0.00497	0.00426	0.00284	0.00142	0.00355	0.00249	0.00284	0.00497
27	0.01142	0.00986	0.01038	0.00934	0.01194	0.01142	0.00727	0.02440	0.80172	0.01920	0.01869	0.01713	0.01401	0.00623	0.00467	0.00156	0.00363	0.00519	0.00467	0.00727
28	0.73099	0.00893	0.00736	0.00647	0.00930	0.01020	0.00528	0.03954	0.05767	0.05998	0.00805	0.00903	0.00617	0.02105	0.00351	0.00149	0.00364	0.00290	0.00315	0.00530
29	0.00566	0.00404	0.00540	0.00647	0.00677	0.00379	0.00438	0.00651	0.00886	0.01179	0.02527	0.80639	0.03022	0.01432	0.00588	0.00187	0.00272	0.04165	0.00426	0.00375
30	0.00658	0.00480	0.00614	0.00616	0.00713	0.00457	0.00454	0.00894	0.05189	0.01651	0.51948	0.23054	0.05133	0.01054	0.00548	0.00157	0.00244	0.03746	0.01958	0.00432
31	0.01745	0.01286	0.01378	0.01056	0.01424	0.01424	0.00873	0.79471	0.02159	0.02893	0.01102	0.01102	0.00781	0.00551	0.00459	0.00138	0.00505	0.00413	0.00459	0.00781
32	0.18078	0.00787	0.00888	0.00719	0.01007	0.00783	0.00587	0.11603	0.01240	0.38358	0.01426	0.01381	0.00978	0.00531	0.00396	0.00134	0.00359	0.00407	0.19692	0.00648
33	0.01872	0.00839	0.01071	0.00848	0.01185	0.00791	0.00692	0.05007	0.16563	0.63223	0.01797	0.01575	0.01175	0.00578	0.00463	0.00145	0.00389	0.00471	0.00545	0.00771
34	0.02060	0.00781	0.01065	0.00817	0.01172	0.00675	0.00675	0.02237	0.01314	0.81320	0.01811	0.01563	0.01136	0.00568	0.00462	0.00142	0.00391	0.00462	0.00568	0.00781
35	0.01715	0.02188	0.01301	0.01183	0.01419	0.82022	0.00887	0.01833	0.01301	0.01124	0.00710	0.00828	0.00591	0.00473	0.00414	0.00118	0.00828	0.00296	0.00237	0.00532
36	0.01865	0.00984	0.01177	0.00915	0.01266	0.00989	0.00752	0.30538	0.08430	0.45746	0.01557	0.01407	0.01029	0.00567	0.00461	0.00142	0.00430	0.00449	0.00520	0.00776
37	0.00574	0.00464	0.00510	0.00503	0.00641	0.00400	0.00376	0.00718	0.01114	0.01412	0.26597	0.06770	0.56099	0.01107	0.00544	0.00153	0.00229	0.00940	0.00449	0.00400
38	0.01715	0.02188	0.01301	0.01183	0.01419	0.82022	0.00887	0.01833	0.01301	0.01124	0.00710	0.00828	0.00591	0.00473	0.00414	0.00118	0.00828	0.00296	0.00237	0.00532
39	0.01084	0.01238	0.02709	0.01935	0.02399	0.01161	0.79334	0.01471	0.01084	0.01471	0.00929	0.01238	0.00697	0.00387	0.00542	0.00155	0.00774	0.00542	0.00232	0.00619
40	0.00728	0.00512	0.00635	0.00613	0.00668	0.00544	0.00416	0.05484	0.00819	0.01125	0.06271	0.02540	0.01617	0.48529	0.27060	0.00500	0.00680	0.00607	0.00293	0.00359
41	0.00821	0.00727	0.00971	0.00888	0.00907	0.00921	0.00691	0.00900	0.00756	0.01080	0.01400	0.11047	0.06245	0.23052	0.01515	0.00262	0.41843	0.05286	0.00274	0.00416
42	0.00921	0.02375	0.81487	0.01309	0.01987	0.01066	0.01696	0.01454	0.00969	0.01454	0.00824	0.00969	0.00582	0.00436	0.00436	0.00145	0.00678	0.00339	0.00194	0.00678
43	0.00684	0.00509	0.00642	0.00601	0.00723	0.00486	0.00453	0.00981	0.07385	0.01828	0.72188	0.03329	0.06595	0.00921	0.00536	0.00146	0.00228	0.00811	0.00500	0.00454
44	0.01011	0.00851	0.00984	0.00708	0.01113	0.00673	0.00569	0.07014	0.01042	0.01601	0.00837	0.00963	0.00688	0.00356	0.00349	0.00073	0.00352	0.00283	0.00286	0.80247
45	0.00667	0.00447	0.00510	0.00510	0.00514	0.00450	0.00290	0.00674	0.00670	0.00897	0.01438	0.02956	0.01648	0.80601	0.05572	0.00457	0.00477	0.00660	0.00277	0.00284
46	0.01227	0.84142	0.02406	0.00786	0.01178	0.01817	0.00786	0.01375	0.00933	0.01080	0.00638	0.00736	0.00589	0.00393	0.00295	0.00098	0.00491	0.00245	0.00196	0.00589
47	0.01999	0.00879	0.01126	0.00863	0.01221	0.00819	0.00713	0.17154	0.01477	0.66173	0.01674	0.01474	0.01068	0.00565	0.00461	0.00141	0.00413	0.00452	0.00547	0.00781
48	0.01084	0.01238	0.02709	0.01935	0.02399	0.01161	0.79334	0.01471	0.01084	0.01471	0.00929	0.01238	0.00697	0.00387	0.00542	0.00155	0.00774	0.00542	0.00232	0.00619
49	0.00740	0.00528	0.00740	0.00845	0.00951	0.00528	0.00740	0.00951	0.01057	0.01374	0.02431	0.05179	0.02642	0.01268	0.00634	0.00211	0.00423	0.77912	0.00423	0.00423
50	0.01748	0.01224	0.01286	0.00995	0.01354	0.06918	0.00815	0.54364	0.01860	0.17263	0.01187	0.01158	0.00827	0.00535	0.00449	0.00133	0.00496	0.00405	0.00451	0.06534
51	0.00867	0.00816	0.01377	0.82762	0.03162	0.01020	0.01275	0.01173	0.00918	0.01173	0.00816	0.01224	0.00612	0.00459	0.00459	0.00153	0.00612	0.00408	0.00204	0.00510
52	0.01142	0.00986	0.01038	0.00934	0.01194	0.01142	0.00727	0.02440	0.80172	0.01920	0.01869	0.01713	0.01401	0.00623	0.00467	0.00156	0.00363	0.00519	0.00467	0.00727
53	0.01077	0.01030	0.01756	0.20509	0.63777	0.01075	0.01379	0.01357	0.01017	0.01428	0.00853	0.01156	0.00702	0.00420	0.00455	0.00140	0.00560	0.00409	0.00222	0.00679
54	0.01659	0.01993	0.01344	0.01186	0.01425	0.66334	0.02460	0.10187	0.01350	0.01321	0.00749	0.00878	0.00615	0.00502	0.00494	0.00127	0.06241	0.00320	0.00258	0.00559
55	0.00867	0.00816	0.01377	0.82762	0.03162	0.01020	0.01275	0.01173	0.00918	0.01173	0.00816	0.01224	0.00612	0.00459	0.00459	0.00153	0.00612	0.00408	0.00204	0.00510
56	0.00632	0.00459	0.00596	0.00583	0.00681	0.00422	0.00429	0.00825	0.01227	0.01719	0.66233	0.15658	0.06771	0.01022	0.00548	0.00151	0.00225	0.00907	0.00491	0.00422
57	0.00559	0.00402	0.00530	0.00633	0.00664	0.00373	0.00423	0.00640	0.00885	0.01175	0.02610	0.80610	0.05941	0.01428	0.00584	0.00185	0.00265	0.01293	0.00426	0.00373
58	0.00650	0.00469	0.00614	0.00578	0.00686	0.00433	0.00433	0.00866	0.01300	0.01841	0.80760	0.03429	0.04332	0.00939	0.00541	0.00144	0.00217	0.00830	0.00505	0.00433
59	0.00962	0.00853	0.01361	0.35746	0.19693	0.00951	0.05884	0.01362	0.10247	0.01433	0.01106	0.03539	0.00886	0.00500	0.00446	0.00144	0.00508	0.00457	0.13348	0.00574
60	0.76817	0.00909	0.00795	0.00684	0.00971	0.01042	0.03243	0.03321	0.00842	0.04738	0.00700	0.00806	0.00536	0.00443	0.00336	0.00144	0.02585	0.00274	0.00294	0.00518
61	0.00864	0.00828	0.01243	0.09101	0.05646	0.04655	0.11708	0.01050	0.00941	0.01282	0.09930	0.19769	0.03200	0.01060	0.07413	0.00216	0.18521	0.01785	0.00303	0.00486
62	0.00574	0.00418	0.00542	0.00623	0.00673	0.00386	0.00430	0.00676	0.00946	0.01258	0.11208	0.64821	0.10446	0.01353	0.00579	0.00180	0.00263	0.03808	0.00435	0.00382
63	0.01305	0.01151	0.07779	0.00984	0.01306	0.01166	0.00834	0.18384	0.52604	0.06877	0.01619	0.01515	0.01188	0.00589	0.00463	0.00150	0.00421	0.00479	0.00449	0.00737
64	0.00974	0.00832	0.00993	0.05777	0.01228	0.00665	0.00601	0.03846	0.00991	0.01524	0.00826	0.00974	0.00679	0.00355	0.00351	0.00076	0.00363	0.00285	0.00274	0.78387
65	0.06001	0.00596	0.03785	0.00728	0.02567	0.00519	0.00541	0.01022	0.02209	0.12907	0.13996	0.46992	0.04151	0.01099	0.00532	0.00167	0.00305	0.00974	0.00437	0.00473
66	0.01007	0.02678	0.02794	0.01244	0.02694	0.01382	0.03506	0.01129	0.00731	0.01128	0.00632	0.01021	0.00616	0.00811	0.02700	0.00204	0.74604	0.00404	0.00203	0.00513
67	0.01990	0.00850	0.01103	0.00850	0.01204	0.00783	0.00701	0.11730	0.04136	0.68952	0.01726	0.01511	0.01102	0.00568	0.00462	0.00142	0.00404	0.00458	0.00551	0.00779
68	0.00716	0.00488	0.00609	0.00612	0.00735	0.00445	0.00471	0.00877	0.01115	0.06638	0.29076	0.14256	0.24401	0.03924	0.00619	0.00174	0.00281	0.13680	0.00456	0.00429
69	0.32237	0.00840	0.02066	0.00729	0.00988	0.00877	0.00592	0.10645	0.09247	0.13960	0.05918	0.08371	0.07359	0.00689	0.00448	0.01859	0.00362	0.01844	0.00401	0.00571
70	0.00668	0.00445	0.00501	0.00501	0.00501	0.00445	0.00278	0.00668	0.00668	0.00890	0.01447	0.03004	0.01669	0.83866	0.02337	0.00445	0.00445	0.00668	0.00278	0.00278
71	0.02060	0.00781	0.01065	0.00817	0.01172	0.00675	0.00675	0.02237	0.01314	0.81320	0.01811	0.01563	0.01136	0.00568	0.00462	0.00142	0.00391	0.00462	0.00568	0.00781
72	0.05858	0.00772	0.00920	0.00789	0.01039	0.00777	0.00619	0.06867	0.19579	0.32177	0.08372	0.13759	0.01698	0.02383	0.00513	0.00157	0.00355	0.00619	0.02100	0.00648
73	0.10184	0.00618	0.00716	0.00644	0.00834	0.00599	0.00501	0.03165	0.06304	0.15431	0.32928	0.07128	0.16278	0.00860	0.00497	0.00149	0.00287	0.01889	0.00470	0.00516
74	0.01613	0.01028	0.01141	0.00905	0.01221	0.01099	0.00738	0.43751	0.11066	0.18450	0.01392	0.01353	0.00982	0.00561	0.00441	0.00136	0.00424	0.00438	0.12535	0.00725
75	0.39797	0.00987	0.00975	0.00795	0.01112	0.01080	0.00653	0.25672	0.05056	0.16043	0.03037	0.01110	0.00834	0.00511	0.00384	0.00141	0.00405	0.00364	0.00402	0.00643
76	0.01058	0.00712	0.00820	0.00733	0.00939	0.00719	0.00574	0.11580	0.15799	0.12951	0.14500	0.08849	0.19850	0.03341	0.00568	0.00164	0.00333	0.05484	0.00466	0.00562
77	0.04228	0.00806	0.00913	0.00782	0.01027	0.00829	0.00619	0.18795	0.14491	0.18191	0.07120	0.10962	0.12697	0.00782	0.00483	0.00150	0.00357	0.02054	0.04096	0.00619
78	0.87108	0.00888	0.00675	0.00604	0.00888	0.01030	0.00497	0.01350	0.00781	0.02060	0.00639	0.00746	0.00497	0.00426	0.00284	0.00142	0.00355	0.00249	0.00284	0.00497
79	0.03584	0.00513	0.00619	0.00653	0.00743	0.00504	0.00463	0.05473	0.04233	0.03022	0.10437	0.54003	0.08465	0.02383	0.00572	0.00175	0.00284	0.01066	0.02377	0.00431
80	0.14432	0.01010	0.01067	0.00879	0.01167	0.01106	0.00707	0.40972	0.09670	0.07539	0.02751	0.11485	0.01181	0.00658	0.00447	0.00146	0.00416	0.00521	0.03183	0.00664
81	0.00713	0.00504	0.00613	0.00644	0.00761	0.00473	0.00485	0.00917	0.06215	0.06006	0.07546	0.32883	0.26438	0.01196	0.00562	0.00174	0.00291	0.12704	0.00441	0.00436
82	0.00559	0.00400	0.00533	0.00639	0.00666	0.00373	0.00426	0.00639	0.00879	0.01172	0.02530	0.83566	0.03036	0.01438	0.00586	0.00186	0.00266	0.01305	0.00426	0.00373

[dist]
# distance from previous block
# <min> <max>
1	2

[block]
# block no. 2 follows, 56 sequences, length 52
# corresponding to MSA columns:
# 330-351,353-367,416-430
name=unknown_C
#
# <colnr> <probs for GDERKNQSTAVLIFYWHMCP>
#	G	D	E	R	K	N	Q	S	T	A	V	L	I	F	Y	W	H	M	C	P
0	0.56593	0.02818	0.12449	0.00868	0.01220	0.01037	0.09936	0.01380	0.01984	0.03157	0.00772	0.00961	0.00609	0.04043	0.00431	0.00156	0.00458	0.00321	0.00270	0.00538
1	0.00807	0.00520	0.00670	0.00612	0.00750	0.00486	0.00466	0.01067	0.04710	0.09231	0.68134	0.03141	0.03833	0.00881	0.00526	0.00144	0.00239	0.00773	0.02533	0.00478
2	0.01716	0.02152	0.01304	0.01178	0.01419	0.78768	0.00886	0.04968	0.01336	0.01195	0.00725	0.00839	0.00599	0.00476	0.00416	0.00119	0.00815	0.00300	0.00246	0.00542
3	0.44895	0.01020	0.07332	0.00733	0.01087	0.00949	0.00646	0.06488	0.06099	0.01899	0.00814	0.00908	0.00632	0.00424	0.00335	0.00122	0.00387	0.00291	0.00297	0.24641
4	0.00633	0.00427	0.00561	0.00635	0.00691	0.00394	0.00438	0.00732	0.00942	0.04702	0.08469	0.67934	0.07804	0.01344	0.00575	0.00180	0.00268	0.02435	0.00438	0.00397
5	0.01162	0.00982	0.01039	0.00932	0.01193	0.01131	0.00726	0.02435	0.78404	0.03701	0.01867	0.01709	0.01395	0.00622	0.00467	0.00155	0.00364	0.00518	0.00469	0.00728
6	0.01916	0.00773	0.01031	0.00809	0.01141	0.00688	0.00664	0.02163	0.06010	0.71192	0.04084	0.01689	0.01270	0.00593	0.00464	0.00143	0.00381	0.01772	0.02463	0.00754
7	0.02754	0.00748	0.00937	0.00781	0.01047	0.00715	0.00625	0.06903	0.09926	0.44121	0.04654	0.06761	0.03826	0.04761	0.01957	0.00173	0.00387	0.04040	0.04225	0.00661
8	0.00559	0.00400	0.00533	0.00639	0.00666	0.00373	0.00426	0.00639	0.00879	0.01172	0.02530	0.83566	0.03036	0.01438	0.00586	0.00186	0.00266	0.01305	0.00426	0.00373
9	0.82783	0.00882	0.00695	0.00615	0.00902	0.01012	0.00506	0.01395	0.00808	0.06091	0.00699	0.00787	0.00530	0.00433	0.00293	0.00142	0.00357	0.00259	0.00299	0.00512
10	0.07070	0.00673	0.00863	0.00741	0.00976	0.00619	0.00575	0.03919	0.01142	0.46052	0.01903	0.25448	0.01667	0.05423	0.00590	0.00172	0.00359	0.00703	0.00489	0.00616
11	0.14421	0.00859	0.00978	0.00809	0.01103	0.00879	0.00650	0.11131	0.16849	0.35898	0.01635	0.06142	0.02370	0.02146	0.00476	0.00152	0.00382	0.00494	0.01943	0.00684
12	0.01715	0.02188	0.01301	0.01183	0.01419	0.82022	0.00887	0.01833	0.01301	0.01124	0.00710	0.00828	0.00591	0.00473	0.00414	0.00118	0.00828	0.00296	0.00237	0.00532
13	0.00571	0.00410	0.00538	0.00629	0.00665	0.00382	0.00425	0.00660	0.00904	0.01206	0.07065	0.72237	0.05362	0.04382	0.00646	0.00193	0.00272	0.02654	0.00425	0.00374
14	0.00601	0.00456	0.00522	0.00523	0.00620	0.00411	0.00367	0.00719	0.01027	0.01338	0.25982	0.11820	0.34681	0.17838	0.00909	0.00214	0.00274	0.00901	0.00419	0.00377
15	0.00559	0.00400	0.00533	0.00639	0.00666	0.00373	0.00426	0.00639	0.00879	0.01172	0.02530	0.83566	0.03036	0.01438	0.00586	0.00186	0.00266	0.01305	0.00426	0.00373
16	0.00656	0.00492	0.00738	0.00738	0.00820	0.00574	0.00574	0.00820	0.00738	0.01066	0.01230	0.01804	0.01148	0.03443	0.82046	0.00738	0.01230	0.00492	0.00246	0.00410
17	0.01166	0.00998	0.01052	0.00939	0.01203	0.01153	0.00733	0.05550	0.77023	0.01960	0.01838	0.01688	0.01376	0.00620	0.00467	0.00155	0.00369	0.00515	0.00467	0.00729
18	0.04794	0.00945	0.01041	0.00880	0.01129	0.01021	0.00697	0.44165	0.04341	0.04983	0.02745	0.23134	0.01512	0.00806	0.00486	0.00152	0.00410	0.02481	0.03643	0.00633
19	0.00639	0.00479	0.00530	0.00510	0.00657	0.00413	0.00382	0.00780	0.01111	0.04852	0.23732	0.04002	0.55621	0.03534	0.00592	0.00160	0.00242	0.00903	0.00448	0.00413
20	0.00656	0.00492	0.00738	0.00738	0.00820	0.00574	0.00574	0.00820	0.00738	0.01066	0.01230	0.01804	0.01148	0.03443	0.82046	0.00738	0.01230	0.00492	0.00246	0.00410
21	0.01142	0.00986	0.01038	0.00934	0.01194	0.01142	0.00727	0.02440	0.80172	0.01920	0.01869	0.01713	0.01401	0.00623	0.00467	0.00156	0.00363	0.00519	0.00467	0.00727
22	0.00952	0.00816	0.00952	0.00680	0.01088	0.00612	0.00544	0.01156	0.00952	0.01496	0.00816	0.00952	0.00680	0.00340	0.00340	0.00068	0.00340	0.00272	0.00272	0.86672
23	0.00670	0.00478	0.00659	0.00765	0.00840	0.00468	0.00618	0.00830	0.00988	0.01295	0.02469	0.35650	0.02795	0.01334	0.00615	0.00202	0.00362	0.48132	0.00424	0.00403
24	0.01136	0.01091	0.01863	0.02818	0.81002	0.01091	0.01409	0.01409	0.01045	0.01500	0.00864	0.01136	0.00727	0.00409	0.00455	0.00136	0.00545	0.00409	0.00227	0.00727
25	0.00867	0.00816	0.01377	0.82762	0.03162	0.01020	0.01275	0.01173	0.00918	0.01173	0.00816	0.01224	0.00612	0.00459	0.00459	0.00153	0.00612	0.00408	0.00204	0.00510
26	0.00606	0.00475	0.00563	0.00569	0.00694	0.00435	0.00438	0.00760	0.01067	0.01375	0.22377	0.05236	0.41944	0.03145	0.08862	0.00225	0.00358	0.10044	0.00424	0.00402
27	0.01719	0.01273	0.01363	0.01051	0.01414	0.01412	0.00866	0.76133	0.05539	0.02851	0.01135	0.01129	0.00808	0.00554	0.00460	0.00139	0.00499	0.00418	0.00460	0.00778
28	0.00543	0.00465	0.00465	0.00465	0.00620	0.00388	0.00349	0.00659	0.01046	0.01240	0.04651	0.04418	0.80815	0.01163	0.00543	0.00155	0.00233	0.00969	0.00426	0.00388
29	0.04266	0.00470	0.00594	0.00644	0.00726	0.00445	0.00455	0.00853	0.02142	0.07477	0.09379	0.59039	0.06221	0.01243	0.00553	0.00175	0.00278	0.02771	0.01847	0.00423
30	0.01715	0.02188	0.01301	0.01183	0.01419	0.82022	0.00887	0.01833	0.01301	0.01124	0.00710	0.00828	0.00591	0.00473	0.00414	0.00118	0.00828	0.00296	0.00237	0.00532
31	0.01142	0.00986	0.01038	0.00934	0.01194	0.01142	0.00727	0.02440	0.80172	0.01920	0.01869	0.01713	0.01401	0.00623	0.00467	0.00156	0.00363	0.00519	0.00467	0.00727
32	0.00797	0.00399	0.00598	0.00598	0.00598	0.00399	0.00399	0.00598	0.00598	0.00797	0.00797	0.01396	0.00797	0.01595	0.01794	0.86643	0.00399	0.00399	0.00199	0.00199
33	0.00622	0.00463	0.00578	0.00561	0.00672	0.00419	0.00416	0.00807	0.01215	0.01669	0.59503	0.10460	0.18871	0.01024	0.00545	0.00150	0.00224	0.00897	0.00483	0.00419
34	0.87108	0.00888	0.00675	0.00604	0.00888	0.01030	0.00497	0.01350	0.00781	0.02060	0.00639	0.00746	0.00497	0.00426	0.00284	0.00142	0.00355	0.00249	0.00284	0.00497
35	0.01753	0.01273	0.01370	0.01050	0.01417	0.01405	0.00868	0.77548	0.02138	0.04846	0.01120	0.01114	0.00790	0.00552	0.00459	0.00138	0.00502	0.00415	0.00462	0.00781
36	0.00641	0.00473	0.00553	0.00537	0.00670	0.00416	0.00401	0.00799	0.01150	0.04239	0.36465	0.09608	0.40250	0.01068	0.00542	0.00152	0.00234	0.00917	0.00464	0.00419
37	0.00650	0.00469	0.00614	0.00578	0.00686	0.00433	0.00433	0.00866	0.01300	0.01841	0.80760	0.03429	0.04332	0.00939	0.00541	0.00144	0.00217	0.00830	0.00505	0.00433
38	0.87108	0.00888	0.00675	0.00604	0.00888	0.01030	0.00497	0.01350	0.00781	0.02060	0.00639	0.00746	0.00497	0.00426	0.00284	0.00142	0.00355	0.00249	0.00284	0.00497
39	0.04055	0.00784	0.01056	0.00812	0.01165	0.00683	0.00671	0.02217	0.01302	0.79460	0.01784	0.01543	0.01121	0.00565	0.00458	0.00142	0.00390	0.00457	0.00562	0.00775
40	0.00555	0.00457	0.00489	0.00507	0.00638	0.00391	0.00374	0.00673	0.01033	0.01263	0.08088	0.16619	0.63118	0.01197	0.00551	0.00161	0.00241	0.02827	0.00430	0.00388
41	0.00952	0.00816	0.00952	0.00680	0.01088	0.00612	0.00544	0.01156	0.00952	0.01496	0.00816	0.00952	0.00680	0.00340	0.00340	0.00068	0.00340	0.00272	0.00272	0.86672
42	0.00952	0.00816	0.00952	0.00680	0.01088	0.00612	0.00544	0.01156	0.00952	0.01496	0.00816	0.00952	0.00680	0.00340	0.00340	0.00068	0.00340	0.00272	0.00272	0.86672
43	0.00573	0.00410	0.00548	0.00649	0.00683	0.00384	0.00444	0.00666	0.00906	0.01210	0.05628	0.75919	0.03065	0.01409	0.00587	0.00186	0.00273	0.05654	0.00429	0.00378
44	0.00730	0.00525	0.00726	0.00827	0.00935	0.00521	0.00721	0.00937	0.01056	0.01367	0.02540	0.05141	0.06496	0.01263	0.00630	0.00209	0.00413	0.74118	0.00423	0.00421
45	0.87108	0.00888	0.00675	0.00604	0.00888	0.01030	0.00497	0.01350	0.00781	0.02060	0.00639	0.00746	0.00497	0.00426	0.00284	0.00142	0.00355	0.00249	0.00284	0.00497
46	0.00797	0.00399	0.00598	0.00598	0.00598	0.00399	0.00399	0.00598	0.00598	0.00797	0.00797	0.01396	0.00797	0.01595	0.01794	0.86643	0.00399	0.00399	0.00199	0.00199
47	0.01920	0.00816	0.01066	0.00830	0.01169	0.00745	0.00681	0.07969	0.05683	0.67362	0.05482	0.01624	0.01275	0.00587	0.00466	0.00143	0.00390	0.00479	0.00552	0.00762
48	0.43733	0.00846	0.00869	0.00712	0.01025	0.00875	0.00586	0.05166	0.01080	0.36702	0.01196	0.01146	0.00808	0.00497	0.00370	0.00141	0.00373	0.00354	0.02888	0.00632
49	0.00912	0.00459	0.00469	0.00454	0.00574	0.00459	0.00344	0.02977	0.01001	0.04025	0.01497	0.01693	0.01166	0.00536	0.00328	0.00109	0.00226	0.00429	0.81896	0.00446
50	0.01343	0.00849	0.00982	0.00838	0.01096	0.00901	0.00664	0.07880	0.35369	0.23545	0.09969	0.02996	0.03941	0.00662	0.00494	0.00149	0.02329	0.00544	0.04767	0.00680
51	0.77575	0.02466	0.00760	0.00655	0.00938	0.07198	0.00535	0.01403	0.00833	0.03379	0.00665	0.00766	0.00517	0.00432	0.00297	0.00139	0.00394	0.00256	0.00284	0.00507

[dist]
# distance from previous block
# <min> <max>
3	6

[block]
# block no. 3 follows, 56 sequences, length 42
# corresponding to MSA columns:
# 437-465,470-480,483,484
name=unknown_D
#
# <colnr> <probs for GDERKNQSTAVLIFYWHMCP>
#	G	D	E	R	K	N	Q	S	T	A	V	L	I	F	Y	W	H	M	C	P
0	0.04514	0.00808	0.00972	0.00746	0.01091	0.00701	0.00601	0.08007	0.02455	0.28028	0.05778	0.04289	0.02768	0.00530	0.00414	0.00113	0.00360	0.00431	0.00411	0.36983
1	0.77178	0.02464	0.00759	0.00639	0.00932	0.01044	0.00529	0.04899	0.00874	0.06263	0.00722	0.00805	0.00545	0.00439	0.00302	0.00141	0.00366	0.00267	0.00305	0.00527
2	0.05287	0.00815	0.01069	0.00823	0.01176	0.00732	0.00680	0.06751	0.01343	0.73677	0.01725	0.01504	0.01091	0.00562	0.00455	0.00142	0.00396	0.00451	0.00551	0.00770
3	0.00736	0.00408	0.00580	0.00603	0.00615	0.00402	0.00404	0.00624	0.00679	0.00902	0.01298	0.16783	0.02907	0.08365	0.01555	0.59091	0.00376	0.03163	0.00259	0.00249
4	0.00560	0.00449	0.00500	0.00522	0.00640	0.00390	0.00378	0.00680	0.01036	0.01297	0.13506	0.23886	0.52138	0.01203	0.00553	0.00161	0.00239	0.01035	0.00436	0.00390
5	0.00628	0.00450	0.00610	0.00714	0.00773	0.00432	0.00544	0.00758	0.00950	0.01250	0.02537	0.52120	0.04529	0.01368	0.00603	0.00195	0.00325	0.30396	0.00425	0.00392
6	0.09514	0.00921	0.01094	0.00841	0.01199	0.00886	0.00692	0.21270	0.01432	0.44843	0.01407	0.01299	0.00934	0.00523	0.00430	0.00132	0.00410	0.00407	0.00479	0.11287
7	0.58780	0.00835	0.00780	0.00666	0.00959	0.00900	0.00548	0.01565	0.00952	0.23638	0.04023	0.01166	0.00863	0.00503	0.00350	0.00144	0.00361	0.02023	0.00373	0.00571
8	0.00591	0.00442	0.00553	0.00610	0.00691	0.00405	0.00445	0.00718	0.01010	0.01322	0.15837	0.41598	0.22538	0.01268	0.00574	0.00175	0.00268	0.10124	0.00439	0.00392
9	0.00559	0.00400	0.00533	0.00639	0.00666	0.00373	0.00426	0.00639	0.00879	0.01172	0.02530	0.83566	0.03036	0.01438	0.00586	0.00186	0.00266	0.01305	0.00426	0.00373
10	0.00657	0.00486	0.00709	0.00709	0.00780	0.00558	0.00537	0.00801	0.00729	0.01044	0.01256	0.01952	0.01212	0.13360	0.72218	0.00702	0.01133	0.00514	0.00250	0.00394
11	0.01827	0.00851	0.01060	0.00832	0.01157	0.00814	0.00684	0.18167	0.03221	0.53686	0.01647	0.01562	0.01104	0.00578	0.00451	0.00139	0.00397	0.02100	0.08986	0.00738
12	0.00797	0.00399	0.00598	0.00598	0.00598	0.00399	0.00399	0.00598	0.00598	0.00797	0.00797	0.01396	0.00797	0.01595	0.01794	0.86643	0.00399	0.00399	0.00199	0.00199
13	0.01084	0.01238	0.02709	0.01935	0.02399	0.01161	0.79334	0.01471	0.01084	0.01471	0.00929	0.01238	0.00697	0.00387	0.00542	0.00155	0.00774	0.00542	0.00232	0.00619
14	0.00668	0.00445	0.00501	0.00501	0.00501	0.00445	0.00278	0.00668	0.00668	0.00890	0.01447	0.03004	0.01669	0.83866	0.02337	0.00445	0.00445	0.00668	0.00278	0.00278
15	0.00952	0.00816	0.00952	0.00680	0.01088	0.00612	0.00544	0.01156	0.00952	0.01496	0.00816	0.00952	0.00680	0.00340	0.00340	0.00068	0.00340	0.00272	0.00272	0.86672
16	0.01004	0.01004	0.01406	0.01205	0.01205	0.01406	0.01004	0.01105	0.00703	0.01105	0.00603	0.01004	0.00603	0.00804	0.01507	0.00201	0.83025	0.00402	0.00201	0.00502
17	0.00668	0.00445	0.00501	0.00501	0.00501	0.00445	0.00278	0.00668	0.00668	0.00890	0.01447	0.03004	0.01669	0.83866	0.02337	0.00445	0.00445	0.00668	0.00278	0.00278
18	0.01715	0.02188	0.01301	0.01183	0.01419	0.82022	0.00887	0.01833	0.01301	0.01124	0.00710	0.00828	0.00591	0.00473	0.00414	0.00118	0.00828	0.00296	0.00237	0.00532
19	0.02060	0.00781	0.01065	0.00817	0.01172	0.00675	0.00675	0.02237	0.01314	0.81320	0.01811	0.01563	0.01136	0.00568	0.00462	0.00142	0.00391	0.00462	0.00568	0.00781
20	0.00559	0.00400	0.00533	0.00639	0.00666	0.00373	0.00426	0.00639	0.00879	0.01172	0.02530	0.83566	0.03036	0.01438	0.00586	0.00186	0.00266	0.01305	0.00426	0.00373
21	0.01745	0.01286	0.01378	0.01056	0.01424	0.01424	0.00873	0.79471	0.02159	0.02893	0.01102	0.01102	0.00781	0.00551	0.00459	0.00138	0.00505	0.00413	0.00459	0.00781
22	0.00797	0.00399	0.00598	0.00598	0.00598	0.00399	0.00399	0.00598	0.00598	0.00797	0.00797	0.01396	0.00797	0.01595	0.01794	0.86643	0.00399	0.00399	0.00199	0.00199
23	0.01715	0.02188	0.01301	0.01183	0.01419	0.82022	0.00887	0.01833	0.01301	0.01124	0.00710	0.00828	0.00591	0.00473	0.00414	0.00118	0.00828	0.00296	0.00237	0.00532
24	0.00558	0.00406	0.00526	0.00622	0.00661	0.00374	0.00419	0.00641	0.00895	0.01179	0.02739	0.75779	0.10689	0.01411	0.00582	0.00183	0.00263	0.01272	0.00426	0.00374
25	0.00875	0.00824	0.01391	0.80483	0.05381	0.01022	0.01279	0.01180	0.00922	0.01182	0.00817	0.01221	0.00615	0.00458	0.00459	0.00153	0.00610	0.00408	0.00205	0.00516
26	0.00988	0.00854	0.01051	0.00754	0.01163	0.00668	0.04307	0.04077	0.01003	0.01547	0.00832	0.00971	0.00685	0.00350	0.00354	0.00075	0.00367	0.00290	0.00277	0.79388
27	0.01183	0.72376	0.13785	0.00861	0.01295	0.01709	0.00917	0.01386	0.00938	0.01134	0.00665	0.00770	0.00588	0.00399	0.00315	0.00105	0.00518	0.00259	0.00196	0.00602
28	0.00656	0.00492	0.00738	0.00738	0.00820	0.00574	0.00574	0.00820	0.00738	0.01066	0.01230	0.01804	0.01148	0.03443	0.82046	0.00738	0.01230	0.00492	0.00246	0.00410
29	0.01629	0.01199	0.01295	0.01015	0.01349	0.01320	0.00829	0.71715	0.02033	0.02724	0.01243	0.09215	0.01003	0.00638	0.00472	0.00143	0.00482	0.00501	0.00456	0.00741
30	0.00915	0.00865	0.01464	0.68543	0.17007	0.01033	0.01299	0.01215	0.00941	0.01231	0.00824	0.01208	0.00632	0.00450	0.00458	0.00150	0.00600	0.00408	0.00208	0.00549
31	0.02060	0.00781	0.01065	0.00817	0.01172	0.00675	0.00675	0.02237	0.01314	0.81320	0.01811	0.01563	0.01136	0.00568	0.00462	0.00142	0.00391	0.00462	0.00568	0.00781
32	0.87108	0.00888	0.00675	0.00604	0.00888	0.01030	0.00497	0.01350	0.00781	0.02060	0.00639	0.00746	0.00497	0.00426	0.00284	0.00142	0.00355	0.00249	0.00284	0.00497
33	0.00656	0.00492	0.00738	0.00738	0.00820	0.00574	0.00574	0.00820	0.00738	0.01066	0.01230	0.01804	0.01148	0.03443	0.82046	0.00738	0.01230	0.00492	0.00246	0.00410
34	0.00898	0.00852	0.01452	0.73236	0.10805	0.01030	0.02892	0.01202	0.00934	0.01211	0.00823	0.01216	0.00625	0.00453	0.00460	0.00151	0.00609	0.00411	0.00207	0.00534
35	0.00740	0.00528	0.00740	0.00845	0.00951	0.00528	0.00740	0.00951	0.01057	0.01374	0.02431	0.05179	0.02642	0.01268	0.00634	0.00211	0.00423	0.77912	0.00423	0.00423
36	0.00740	0.00528	0.00740	0.00845	0.00951	0.00528	0.00740	0.00951	0.01057	0.01374	0.02431	0.05179	0.02642	0.01268	0.00634	0.00211	0.00423	0.77912	0.00423	0.00423
37	0.02002	0.00873	0.01122	0.00861	0.01218	0.00811	0.00711	0.16330	0.01468	0.67010	0.01682	0.01479	0.01072	0.00565	0.00461	0.00141	0.00412	0.00453	0.00548	0.00781
38	0.00794	0.00647	0.00694	0.00644	0.00772	0.08467	0.00485	0.01000	0.01300	0.04015	0.70655	0.03121	0.03874	0.00882	0.00527	0.00142	0.00282	0.00767	0.00481	0.00453
39	0.01226	0.01023	0.01080	0.00944	0.01218	0.01171	0.00742	0.14806	0.65894	0.02062	0.01806	0.01673	0.03024	0.00623	0.00468	0.00153	0.00383	0.00512	0.00465	0.00728
40	0.01472	0.22284	0.01593	0.01088	0.01323	0.48317	0.00882	0.01595	0.01107	0.01110	0.00674	0.00836	0.00593	0.00510	0.00572	0.00127	0.14855	0.00301	0.00220	0.00541
41	0.00952	0.00816	0.00952	0.00680	0.01088	0.00612	0.00544	0.01156	0.00952	0.01496	0.00816	0.00952	0.00680	0.00340	0.00340	0.00068	0.00340	0.00272	0.00272	0.86672

[dist]
# distance from previous block
# <min> <max>
0	18

[block]
# block no. 4 follows, 56 sequences, length 35
# corresponding to MSA columns:
# 503-537
name=unknown_E
#
# <colnr> <probs for GDERKNQSTAVLIFYWHMCP>
#	G	D	E	R	K	N	Q	S	T	A	V	L	I	F	Y	W	H	M	C	P
0	0.26085	0.15594	0.10023	0.01043	0.08941	0.05875	0.02262	0.02991	0.01041	0.20697	0.00979	0.01022	0.00712	0.00458	0.00377	0.00133	0.00479	0.00335	0.00321	0.00632
1	0.00559	0.00400	0.00533	0.00639	0.00666	0.00373	0.00426	0.00639	0.00879	0.01172	0.02530	0.83566	0.03036	0.01438	0.00586	0.00186	0.00266	0.01305	0.00426	0.00373
2	0.00856	0.00428	0.00428	0.00428	0.00535	0.00428	0.00321	0.01070	0.00963	0.01712	0.01498	0.01712	0.01177	0.00535	0.00321	0.00107	0.00214	0.00428	0.86414	0.00428
3	0.00883	0.00826	0.01357	0.77868	0.03044	0.01027	0.01242	0.01249	0.05658	0.01218	0.00879	0.01253	0.00659	0.00469	0.00459	0.00153	0.00597	0.00415	0.00220	0.00523
4	0.00914	0.02081	0.01491	0.59006	0.16511	0.01014	0.04880	0.01206	0.00959	0.01263	0.03333	0.03610	0.00819	0.00489	0.00466	0.00150	0.00584	0.00451	0.00225	0.00548
5	0.00967	0.00803	0.00887	0.00808	0.01013	0.00890	0.00622	0.01881	0.52149	0.01892	0.29898	0.02323	0.02443	0.00735	0.00494	0.00152	0.00311	0.00630	0.00481	0.00622
6	0.01861	0.00907	0.01120	0.00880	0.01222	0.00886	0.00720	0.16745	0.13505	0.54504	0.01687	0.01499	0.01110	0.00573	0.00462	0.00143	0.00408	0.00461	0.00532	0.00773
7	0.00575	0.00411	0.00547	0.00635	0.00671	0.00387	0.00431	0.00669	0.00911	0.01225	0.09477	0.71323	0.03071	0.03637	0.02310	0.00201	0.00289	0.02427	0.00426	0.00377
8	0.00893	0.00830	0.01377	0.80304	0.03110	0.01032	0.01263	0.03529	0.00955	0.01225	0.00825	0.01220	0.00617	0.00462	0.00459	0.00153	0.00609	0.00408	0.00212	0.00518
9	0.00760	0.00645	0.00938	0.00878	0.00935	0.00823	0.00703	0.00905	0.00727	0.01077	0.01042	0.01564	0.00984	0.02652	0.57910	0.00577	0.25742	0.00465	0.00232	0.00438
10	0.01193	0.00999	0.01053	0.00931	0.01196	0.01148	0.00729	0.10082	0.69954	0.02011	0.01781	0.01652	0.01333	0.00613	0.00462	0.00152	0.00373	0.00506	0.03109	0.00723
11	0.22899	0.00649	0.00702	0.00621	0.00831	0.00640	0.00486	0.02444	0.01107	0.18112	0.24795	0.05228	0.15455	0.03467	0.00518	0.00156	0.00304	0.00635	0.00438	0.00512
12	0.10620	0.00652	0.00810	0.00686	0.00922	0.00606	0.00544	0.01502	0.01172	0.37584	0.21053	0.06081	0.09266	0.02427	0.03851	0.00176	0.00360	0.00619	0.00484	0.00586
13	0.00572	0.00454	0.00516	0.00558	0.00663	0.00405	0.00402	0.00707	0.02850	0.01246	0.05151	0.34904	0.44932	0.01255	0.00561	0.00169	0.00255	0.03580	0.00429	0.00392
14	0.05015	0.00807	0.03497	0.00883	0.01101	0.00805	0.05444	0.01597	0.28676	0.08898	0.06858	0.12043	0.03039	0.04137	0.00587	0.00178	0.00392	0.15042	0.00426	0.00574
15	0.33964	0.00752	0.00810	0.00695	0.00962	0.00760	0.00559	0.01583	0.02428	0.32863	0.05964	0.10455	0.03709	0.00661	0.00418	0.00149	0.00349	0.01896	0.00433	0.00590
16	0.00635	0.00478	0.00597	0.00665	0.00736	0.00467	0.00471	0.00861	0.09197	0.01306	0.07010	0.59102	0.09300	0.01292	0.00571	0.00180	0.00281	0.05999	0.00435	0.00418
17	0.01426	0.00987	0.01047	0.00840	0.01117	0.01079	0.00682	0.50587	0.04221	0.02464	0.01260	0.01327	0.00934	0.00548	0.00413	0.00128	0.00402	0.00422	0.29457	0.00660
18	0.00934	0.00562	0.00716	0.00688	0.00828	0.00572	0.00525	0.03620	0.06543	0.13133	0.04054	0.21122	0.05691	0.01591	0.22174	0.00309	0.00548	0.02572	0.13326	0.00492
19	0.01160	0.00617	0.00794	0.00741	0.00915	0.00582	0.00563	0.07488	0.03060	0.27060	0.03948	0.40723	0.04368	0.01042	0.00533	0.00167	0.00334	0.04881	0.00477	0.00549
20	0.04443	0.00839	0.01088	0.00837	0.01191	0.00766	0.00691	0.10544	0.01390	0.70606	0.01701	0.01490	0.01080	0.00562	0.00456	0.00142	0.00402	0.00450	0.00548	0.00773
21	0.00996	0.00842	0.00976	0.00701	0.01107	0.00657	0.00562	0.05509	0.01019	0.01574	0.00832	0.00960	0.00686	0.00352	0.00347	0.00072	0.00349	0.00280	0.00282	0.81898
22	0.00907	0.00538	0.00708	0.00682	0.00812	0.00519	0.00516	0.02549	0.02969	0.14954	0.18964	0.21493	0.06889	0.05246	0.11669	0.02847	0.00436	0.06399	0.00431	0.00471
23	0.00634	0.00425	0.00551	0.00626	0.00672	0.00399	0.00427	0.00728	0.00908	0.03541	0.06233	0.62918	0.04561	0.08086	0.00714	0.00201	0.00285	0.03950	0.03757	0.00384
24	0.06029	0.61273	0.11724	0.00875	0.01284	0.07306	0.00889	0.03885	0.00993	0.01240	0.00680	0.00783	0.00589	0.00411	0.00325	0.00109	0.00530	0.00266	0.00212	0.00597
25	0.00657	0.00486	0.00617	0.00600	0.00706	0.00459	0.00443	0.00906	0.05291	0.01723	0.62156	0.14748	0.07463	0.01003	0.00544	0.00151	0.00232	0.00888	0.00489	0.00438
26	0.01142	0.00986	0.01038	0.00934	0.01194	0.01142	0.00727	0.02440	0.80172	0.01920	0.01869	0.01713	0.01401	0.00623	0.00467	0.00156	0.00363	0.00519	0.00467	0.00727
27	0.01579	0.01911	0.01279	0.01150	0.01369	0.63199	0.00877	0.04181	0.08587	0.01249	0.00828	0.00951	0.00683	0.00570	0.01893	0.00140	0.08405	0.00333	0.00262	0.00553
28	0.02621	0.02183	0.00751	0.00700	0.00779	0.04226	0.00518	0.00949	0.08194	0.01152	0.10047	0.01982	0.03476	0.03602	0.09983	0.39990	0.03024	0.05181	0.00288	0.00356
29	0.00809	0.00453	0.00642	0.00636	0.00664	0.00470	0.00438	0.00763	0.07029	0.00917	0.00962	0.03715	0.00932	0.01642	0.07284	0.71261	0.00451	0.00440	0.00230	0.00261
30	0.00668	0.00445	0.00501	0.00501	0.00501	0.00445	0.00278	0.00668	0.00668	0.00890	0.01447	0.03004	0.01669	0.83866	0.02337	0.00445	0.00445	0.00668	0.00278	0.00278
31	0.04407	0.00705	0.00937	0.00757	0.01046	0.00623	0.00610	0.01863	0.01252	0.60016	0.12195	0.09018	0.03088	0.00699	0.00479	0.00146	0.00353	0.00586	0.00536	0.00684
32	0.00731	0.00456	0.00596	0.00638	0.00718	0.00418	0.00449	0.00839	0.00979	0.09576	0.11222	0.56339	0.08403	0.03942	0.00623	0.00184	0.00280	0.02741	0.00445	0.00421
33	0.05004	0.05784	0.48337	0.01102	0.01616	0.00970	0.02567	0.01540	0.02449	0.16285	0.01154	0.04927	0.00899	0.02130	0.00479	0.00152	0.00566	0.03089	0.00293	0.00655
34	0.01621	0.01188	0.01279	0.01005	0.01345	0.01313	0.00822	0.62311	0.13213	0.05181	0.03315	0.01278	0.00981	0.00572	0.00460	0.00140	0.00468	0.00441	0.02312	0.00756

[dist]
# distance from previous block
# <min> <max>
0	1

[block]
# block no. 5 follows, 56 sequences, length 56
# corresponding to MSA columns:
# 539-570,573-596
name=unknown_F
#
# <colnr> <probs for GDERKNQSTAVLIFYWHMCP>
#	G	D	E	R	K	N	Q	S	T	A	V	L	I	F	Y	W	H	M	C	P
0	0.00944	0.00688	0.00789	0.00758	0.00921	0.00725	0.00563	0.04263	0.30372	0.07995	0.04617	0.32470	0.07963	0.03992	0.00586	0.00176	0.00323	0.00852	0.00451	0.00551
1	0.00952	0.00816	0.00952	0.00680	0.01088	0.00612	0.00544	0.01156	0.00952	0.01496	0.00816	0.00952	0.00680	0.00340	0.00340	0.00068	0.00340	0.00272	0.00272	0.86672
2	0.00565	0.00407	0.00535	0.00627	0.00665	0.00378	0.00423	0.00656	0.00916	0.01221	0.07963	0.74287	0.06877	0.01391	0.00581	0.00182	0.00261	0.01257	0.00432	0.00378
