[name]
unknown

[dist]
# distance from previous block
# <min> <max>
0	42

[block]
# block no. 0 follows, 52 sequences, length 22
# corresponding to MSA columns:
# 120-141
name=unknown_A
#
# <colnr> <probs for GDERKNQSTAVLIFYWHMCP>
#	G	D	E	R	K	N	Q	S	T	A	V	L	I	F	Y	W	H	M	C	P
0	0.00972	0.00883	0.00891	0.00959	0.01096	0.15513	0.00810	0.01177	0.01163	0.01401	0.02228	0.04613	0.02387	0.01183	0.00626	0.00205	0.00526	0.62490	0.00410	0.00468
1	0.16936	0.24022	0.44595	0.01094	0.01651	0.01332	0.01296	0.01492	0.00976	0.01547	0.00781	0.00913	0.00599	0.00446	0.00390	0.00139	0.00599	0.00314	0.00223	0.00655
2	0.00961	0.02201	0.65774	0.16329	0.02328	0.01116	0.01708	0.01480	0.01013	0.01480	0.00868	0.01073	0.00620	0.00465	0.00465	0.00155	0.00703	0.00372	0.00207	0.00683
3	0.00882	0.00832	0.00765	0.00715	0.00860	0.15426	0.00536	0.01080	0.01342	0.01732	0.56673	0.03226	0.12228	0.00926	0.00547	0.00149	0.00350	0.00788	0.00471	0.00471
4	0.01225	0.67946	0.02338	0.15879	0.01633	0.01761	0.00925	0.01412	0.00982	0.01158	0.00709	0.00873	0.00626	0.00428	0.00343	0.00114	0.00542	0.00291	0.00209	0.00606
5	0.01412	0.01281	0.01445	0.04446	0.27999	0.18257	0.01030	0.15777	0.01299	0.04682	0.00948	0.01194	0.00774	0.00715	0.00735	0.16080	0.00599	0.00407	0.00295	0.00625
6	0.00803	0.00829	0.00655	0.00632	0.00811	0.15392	0.00474	0.00926	0.01155	0.01286	0.04136	0.03959	0.65043	0.01092	0.00548	0.00156	0.00362	0.00891	0.00413	0.00437
7	0.00595	0.00496	0.00544	0.00544	0.00694	0.00446	0.00412	0.00727	0.01044	0.01275	0.04238	0.04151	0.65152	0.01675	0.15530	0.00278	0.00441	0.00929	0.00415	0.00413
8	0.00700	0.00589	0.00726	0.00713	0.00805	0.00626	0.00548	0.00821	0.01000	0.01301	0.08226	0.17482	0.35169	0.06383	0.00898	0.00202	0.15493	0.07490	0.00401	0.00428
9	0.01047	0.08404	0.06601	0.17641	0.01823	0.01355	0.07785	0.01261	0.00873	0.01260	0.00766	0.01130	0.00668	0.00662	0.01044	0.00180	0.42983	0.00421	0.03537	0.00559
10	0.01373	0.01044	0.01252	0.00996	0.01259	0.01124	0.07392	0.41901	0.06138	0.02173	0.01314	0.01870	0.01161	0.27503	0.01141	0.00254	0.00528	0.00542	0.00402	0.00633
11	0.00615	0.00432	0.00555	0.00644	0.00666	0.00410	0.00417	0.00681	0.00880	0.01174	0.02428	0.65788	0.02899	0.18801	0.01011	0.00255	0.00321	0.01235	0.00417	0.00372
12	0.01073	0.01042	0.01671	0.39244	0.35495	0.03392	0.01369	0.01357	0.01018	0.01376	0.00860	0.01221	0.00696	0.00494	0.00577	0.00157	0.07669	0.00427	0.00226	0.00635
13	0.01307	0.09308	0.07190	0.03154	0.02028	0.19545	0.38402	0.03247	0.03469	0.01445	0.00902	0.01137	0.00708	0.00472	0.00564	0.00151	0.05636	0.00454	0.00250	0.00631
14	0.00589	0.00462	0.00533	0.00579	0.00680	0.00406	0.00410	0.00703	0.01049	0.01326	0.09558	0.38031	0.41286	0.01334	0.00592	0.00177	0.00260	0.01164	0.00456	0.00406
15	0.35848	0.11290	0.09522	0.01016	0.03594	0.10778	0.00886	0.03218	0.00955	0.01669	0.00714	0.00896	0.00594	0.00533	0.00598	0.00154	0.16582	0.00319	0.00258	0.00576
16	0.00971	0.00487	0.00522	0.00502	0.00639	0.00469	0.00381	0.01180	0.01063	0.08543	0.04231	0.04776	0.07509	0.00664	0.00386	0.00124	0.00245	0.00543	0.66286	0.00479
17	0.05019	0.44108	0.09927	0.01125	0.07287	0.08596	0.00986	0.06026	0.05773	0.01428	0.00822	0.00942	0.00692	0.00477	0.00440	0.00128	0.05001	0.00323	0.00251	0.00648
18	0.00625	0.00474	0.00535	0.00551	0.00640	0.00432	0.00376	0.00718	0.00979	0.01246	0.10111	0.17781	0.36256	0.23835	0.03074	0.00268	0.00338	0.00972	0.00410	0.00379
19	0.03783	0.42223	0.23687	0.01068	0.03246	0.07142	0.01103	0.07245	0.02102	0.01460	0.00810	0.00925	0.00659	0.00453	0.00380	0.00125	0.00588	0.00315	0.02028	0.00657
20	0.02550	0.25606	0.39597	0.02939	0.01668	0.01277	0.01256	0.02458	0.02147	0.03653	0.02076	0.01095	0.02013	0.00520	0.01762	0.00143	0.00600	0.00352	0.00243	0.08046
21	0.07455	0.34089	0.12643	0.01057	0.02870	0.14905	0.03132	0.06473	0.07892	0.01499	0.00995	0.01079	0.03042	0.00493	0.00397	0.00129	0.00586	0.00353	0.00272	0.00640

[dist]
# distance from previous block
# <min> <max>
1	8

[block]
# block no. 1 follows, 52 sequences, length 21
# corresponding to MSA columns:
# 150-155,158-172
name=unknown_B
#
# <colnr> <probs for GDERKNQSTAVLIFYWHMCP>
#	G	D	E	R	K	N	Q	S	T	A	V	L	I	F	Y	W	H	M	C	P
0	0.05933	0.01589	0.06179	0.06589	0.01568	0.27455	0.00955	0.22815	0.06875	0.08874	0.01071	0.01143	0.00796	0.00552	0.00504	0.00144	0.04106	0.00393	0.01785	0.00674
1	0.00611	0.00444	0.00569	0.00661	0.00711	0.00414	0.00457	0.00706	0.00952	0.01246	0.02872	0.61887	0.12594	0.06364	0.00728	0.00211	0.00302	0.07439	0.00440	0.00394
2	0.07889	0.06557	0.02930	0.04326	0.24986	0.07010	0.04117	0.13755	0.05979	0.08509	0.01115	0.01244	0.00852	0.00502	0.00445	0.00141	0.00530	0.00417	0.08000	0.00697
3	0.14602	0.23042	0.10983	0.02214	0.01555	0.11886	0.11023	0.09835	0.01156	0.01618	0.00799	0.00961	0.00644	0.00490	0.00503	0.00141	0.07304	0.00354	0.00262	0.00627
4	0.00674	0.00468	0.00547	0.00573	0.00603	0.00454	0.00359	0.00720	0.00825	0.01086	0.04449	0.18273	0.09665	0.53364	0.01793	0.00368	0.00405	0.04685	0.00353	0.00336
5	0.01436	0.16108	0.03755	0.01006	0.01358	0.12333	0.01953	0.14073	0.26105	0.06551	0.01278	0.01270	0.00973	0.00537	0.00437	0.00134	0.00514	0.00410	0.00380	0.09387
6	0.01183	0.00886	0.01111	0.00880	0.01213	0.00829	0.05299	0.05139	0.19914	0.11189	0.12808	0.03463	0.01580	0.00590	0.00462	0.00127	0.00386	0.00507	0.00420	0.32013
7	0.01152	0.18467	0.48357	0.01209	0.01771	0.04934	0.01404	0.04396	0.07421	0.03159	0.00941	0.01050	0.00707	0.00486	0.00461	0.00144	0.02637	0.00359	0.00249	0.00696
8	0.00772	0.00751	0.05226	0.00805	0.00946	0.05390	0.02525	0.01010	0.06662	0.01349	0.02648	0.39971	0.14089	0.03667	0.00644	0.00194	0.00386	0.12086	0.00417	0.00462
9	0.00663	0.00484	0.00593	0.00595	0.00710	0.00434	0.00435	0.00827	0.01191	0.03320	0.38252	0.22118	0.26253	0.01173	0.00581	0.00166	0.00250	0.01026	0.00491	0.00437
10	0.00694	0.00501	0.00618	0.00590	0.00711	0.00461	0.00437	0.00874	0.01220	0.03418	0.49184	0.03694	0.22169	0.07852	0.05257	0.00216	0.00317	0.00869	0.00480	0.00439
11	0.01161	0.08615	0.29876	0.15515	0.13721	0.05419	0.05714	0.06307	0.02425	0.03496	0.00959	0.01222	0.00742	0.00490	0.00467	0.00149	0.00650	0.02140	0.00254	0.00677
12	0.01956	0.00920	0.01152	0.00898	0.01255	0.00877	0.00737	0.17430	0.05577	0.55661	0.04168	0.01727	0.04069	0.00633	0.00493	0.00150	0.00424	0.00511	0.00564	0.00796
13	0.01049	0.00654	0.00782	0.00706	0.00903	0.00631	0.00541	0.01438	0.15492	0.17480	0.25524	0.09114	0.19241	0.03486	0.00603	0.00170	0.00309	0.00802	0.00508	0.00568
14	0.01419	0.00998	0.01144	0.05462	0.01320	0.01063	0.00766	0.40835	0.03570	0.08989	0.20082	0.02112	0.08643	0.00732	0.00513	0.00150	0.00429	0.00598	0.00488	0.00684
15	0.03225	0.00978	0.01460	0.20449	0.27546	0.01065	0.03310	0.08817	0.10309	0.01690	0.01210	0.01634	0.01004	0.02097	0.03019	0.00179	0.00558	0.05038	0.05760	0.00652
16	0.00870	0.00448	0.00463	0.00475	0.00579	0.00445	0.00351	0.01081	0.01007	0.01746	0.01697	0.10424	0.01451	0.00666	0.00369	0.00122	0.00232	0.00550	0.76577	0.00445
17	0.00621	0.00434	0.00541	0.00626	0.00681	0.00402	0.00427	0.00726	0.00962	0.01308	0.02863	0.63307	0.13527	0.01377	0.00582	0.00183	0.00270	0.01230	0.09532	0.00402
18	0.01247	0.10595	0.22990	0.01536	0.09855	0.08211	0.18988	0.08574	0.04856	0.03562	0.01101	0.02537	0.02740	0.00504	0.00479	0.00147	0.00659	0.00452	0.00281	0.00685
19	0.01171	0.00880	0.08303	0.01052	0.09894	0.00721	0.00788	0.01499	0.08898	0.21561	0.10280	0.17263	0.11697	0.00884	0.00533	0.00164	0.00393	0.02942	0.00455	0.00622
20	0.00578	0.00491	0.00498	0.00496	0.00658	0.00411	0.00372	0.00705	0.01116	0.01336	0.08097	0.04619	0.76545	0.01217	0.00573	0.00163	0.00245	0.01017	0.00454	0.00411

[dist]
# distance from previous block
# <min> <max>
3	5

[block]
# block no. 2 follows, 52 sequences, length 9
# corresponding to MSA columns:
# 179-187
name=unknown_C
#
# <colnr> <probs for GDERKNQSTAVLIFYWHMCP>
#	G	D	E	R	K	N	Q	S	T	A	V	L	I	F	Y	W	H	M	C	P
0	0.00800	0.00582	0.00759	0.03825	0.02932	0.00560	0.02309	0.02607	0.06120	0.06574	0.05442	0.41791	0.21423	0.01202	0.00577	0.00178	0.00325	0.01065	0.00447	0.00482
1	0.25121	0.08643	0.08710	0.01396	0.19241	0.11975	0.02519	0.03434	0.01071	0.03165	0.03517	0.01179	0.02616	0.00618	0.03476	0.00167	0.01871	0.00381	0.00280	0.00619
2	0.00685	0.00497	0.00614	0.00640	0.00725	0.00473	0.00452	0.00832	0.02912	0.03507	0.17946	0.38139	0.19078	0.08089	0.00774	0.00202	0.02476	0.01081	0.00452	0.00425
3	0.01295	0.01079	0.01161	0.00887	0.01266	0.04750	0.00713	0.24944	0.04252	0.02008	0.01043	0.03756	0.00853	0.00495	0.00445	0.00108	0.02483	0.00383	0.00357	0.47721
4	0.03561	0.02755	0.01430	0.12372	0.21690	0.01075	0.04519	0.06129	0.15146	0.01627	0.01346	0.04662	0.03678	0.04999	0.00656	0.00171	0.05451	0.01961	0.00321	0.06451
5	0.02987	0.01038	0.03332	0.07792	0.17712	0.03941	0.02903	0.09716	0.17666	0.03115	0.12466	0.02020	0.07952	0.00679	0.00536	0.00156	0.02826	0.02123	0.00386	0.00653
6	0.00601	0.00434	0.00571	0.00671	0.00713	0.00403	0.00459	0.00698	0.00962	0.01276	0.05699	0.72386	0.07326	0.01475	0.00616	0.00194	0.00284	0.04379	0.00453	0.00399
7	0.01005	0.00861	0.01005	0.00718	0.01148	0.00646	0.00574	0.01220	0.01005	0.01579	0.00861	0.01005	0.00718	0.00359	0.00359	0.00072	0.00359	0.00287	0.00287	0.85932
8	0.04097	0.01108	0.12158	0.05297	0.02992	0.00881	0.04225	0.07445	0.08187	0.12605	0.05785	0.01757	0.05548	0.02010	0.00500	0.00143	0.00463	0.03301	0.00375	0.21121

[dist]
# distance from previous block
# <min> <max>
0	2

[block]
# block no. 3 follows, 52 sequences, length 53
# corresponding to MSA columns:
# 190-206,208-243
name=unknown_D
#
# <colnr> <probs for GDERKNQSTAVLIFYWHMCP>
#	G	D	E	R	K	N	Q	S	T	A	V	L	I	F	Y	W	H	M	C	P
0	0.15983	0.01565	0.01379	0.01130	0.01461	0.29721	0.07094	0.23676	0.01523	0.10522	0.01000	0.01062	0.00736	0.00518	0.00444	0.00141	0.00638	0.00379	0.00363	0.00667
1	0.00754	0.00547	0.00744	0.00833	0.00950	0.00536	0.00717	0.00969	0.01135	0.01476	0.08904	0.05246	0.09973	0.01301	0.00653	0.00212	0.00411	0.63742	0.00454	0.00444
2	0.02019	0.01050	0.01261	0.00970	0.01348	0.01050	0.00800	0.33974	0.03090	0.46808	0.01601	0.01450	0.01048	0.00593	0.00486	0.00148	0.00462	0.00467	0.00550	0.00823
3	0.03002	0.00981	0.01542	0.01203	0.01505	0.02899	0.19547	0.03479	0.01189	0.34596	0.01518	0.09801	0.01205	0.00694	0.00686	0.00168	0.12776	0.02113	0.00421	0.00676
4	0.00942	0.00889	0.01503	0.74237	0.10691	0.01084	0.01359	0.01262	0.00982	0.01271	0.00866	0.01283	0.00658	0.00479	0.00484	0.00160	0.00639	0.00431	0.00218	0.00560
5	0.00665	0.00470	0.00551	0.00569	0.00606	0.00461	0.00358	0.00713	0.00808	0.01060	0.02202	0.15918	0.13805	0.50351	0.09051	0.00408	0.00481	0.00843	0.00339	0.00340
6	0.02916	0.01276	0.11834	0.27242	0.15068	0.05415	0.04509	0.07057	0.08550	0.07965	0.01073	0.01273	0.00798	0.00510	0.00504	0.00155	0.02450	0.00434	0.00299	0.00670
7	0.00796	0.00520	0.00656	0.00658	0.00782	0.00481	0.00489	0.00972	0.02728	0.09156	0.22622	0.26645	0.19461	0.03050	0.04039	0.00205	0.00332	0.05466	0.00475	0.00465
8	0.34237	0.00915	0.00986	0.00800	0.01141	0.00936	0.00657	0.06857	0.06001	0.40743	0.01396	0.01299	0.00935	0.00545	0.00416	0.00151	0.00404	0.00402	0.00471	0.00707
9	0.01714	0.01024	0.01228	0.00984	0.01327	0.01057	0.03020	0.24369	0.20056	0.31579	0.01826	0.01763	0.04520	0.00648	0.00499	0.00155	0.00446	0.02487	0.00520	0.00778
10	0.01387	0.02719	0.04764	0.01236	0.01593	0.05707	0.18675	0.13474	0.25290	0.11523	0.01568	0.05964	0.02587	0.00618	0.00510	0.00157	0.00545	0.00557	0.00414	0.00713
11	0.00600	0.00448	0.00559	0.00638	0.00707	0.00408	0.00447	0.00706	0.00999	0.01295	0.06480	0.56529	0.21844	0.01416	0.00608	0.00188	0.00278	0.04993	0.00453	0.00403
12	0.01969	0.00823	0.01090	0.00849	0.01193	0.00738	0.00696	0.07621	0.01449	0.65195	0.11350	0.01855	0.01584	0.00646	0.00497	0.00150	0.00399	0.00531	0.00583	0.00780
13	0.01255	0.09957	0.23491	0.01564	0.05164	0.01263	0.30444	0.12195	0.01259	0.05736	0.01020	0.02622	0.00772	0.00478	0.00496	0.00151	0.00680	0.00468	0.00285	0.00700
14	0.03088	0.00767	0.01046	0.03806	0.01195	0.00749	0.05604	0.03274	0.06516	0.32476	0.03554	0.06765	0.09378	0.02167	0.01823	0.00172	0.03460	0.03127	0.10394	0.00637
15	0.00812	0.00464	0.00474	0.00471	0.00596	0.00442	0.00354	0.01014	0.01061	0.01700	0.07555	0.02593	0.19766	0.00747	0.00409	0.00127	0.00231	0.00613	0.60130	0.00442
16	0.02837	0.01089	0.01598	0.06254	0.34131	0.01145	0.05684	0.16771	0.11363	0.02835	0.03195	0.04794	0.01154	0.00596	0.00502	0.00155	0.00528	0.04299	0.00351	0.00717
17	0.06637	0.33848	0.21813	0.01099	0.04799	0.05053	0.01076	0.09130	0.06041	0.01575	0.00948	0.04268	0.00798	0.00509	0.00402	0.00134	0.00561	0.00375	0.00271	0.00663
18	0.00723	0.00546	0.00628	0.00680	0.00760	0.02807	0.00478	0.05124	0.01061	0.01407	0.05976	0.55170	0.11969	0.03077	0.00623	0.00188	0.00310	0.02677	0.05367	0.00429
19	0.81944	0.01009	0.00747	0.00669	0.00967	0.05291	0.00546	0.01451	0.00854	0.02122	0.00679	0.00792	0.00530	0.00452	0.00307	0.00149	0.00401	0.00265	0.00297	0.00527
20	0.00701	0.00517	0.00735	0.00732	0.00798	0.00590	0.00545	0.00835	0.00762	0.01085	0.01337	0.02167	0.01322	0.20909	0.62622	0.00702	0.02411	0.00558	0.00266	0.00404
21	0.02821	0.01098	0.01599	0.40144	0.26862	0.07974	0.03031	0.01432	0.03799	0.01404	0.00901	0.01223	0.00713	0.00476	0.00494	0.00151	0.02119	0.00420	0.00240	0.03099
22	0.64343	0.03135	0.00913	0.03755	0.01139	0.11552	0.00638	0.04775	0.00982	0.04039	0.00744	0.00855	0.00575	0.00466	0.00338	0.00146	0.00461	0.00288	0.00304	0.00553
23	0.01296	0.74924	0.07363	0.00881	0.01307	0.05082	0.00894	0.01476	0.01003	0.01167	0.00689	0.00797	0.00621	0.00421	0.00325	0.00108	0.00545	0.00267	0.00209	0.00625
24	0.00626	0.00492	0.00570	0.00589	0.00718	0.00436	0.00448	0.00780	0.01145	0.01462	0.21421	0.14040	0.43975	0.01222	0.00590	0.00172	0.00270	0.10152	0.00469	0.00423
25	0.86392	0.00937	0.00712	0.00637	0.00937	0.01087	0.00525	0.01425	0.00825	0.02174	0.00675	0.00787	0.00525	0.00450	0.00300	0.00150	0.00375	0.00262	0.00300	0.00525
26	0.00692	0.00519	0.00779	0.00779	0.00865	0.00606	0.00606	0.00865	0.00779	0.01125	0.01298	0.01904	0.01211	0.03634	0.81049	0.00779	0.01298	0.00519	0.00260	0.00433
27	0.01144	0.01307	0.02859	0.02042	0.02533	0.01225	0.78186	0.01552	0.01144	0.01552	0.00980	0.01307	0.00735	0.00408	0.00572	0.00163	0.00817	0.00572	0.00245	0.00654
28	0.01231	0.01054	0.01110	0.00991	0.01270	0.01218	0.00773	0.05686	0.75917	0.02069	0.01939	0.01782	0.01452	0.00654	0.00493	0.00164	0.00390	0.00543	0.00493	0.00769
29	0.00665	0.00476	0.00517	0.00517	0.00567	0.00451	0.00316	0.00702	0.00826	0.01052	0.02555	0.03625	0.25468	0.58122	0.01891	0.00377	0.00402	0.00801	0.00341	0.00329
30	0.00590	0.00422	0.00562	0.00675	0.00703	0.00394	0.00450	0.00675	0.00928	0.01237	0.02671	0.82653	0.03205	0.01518	0.00619	0.00197	0.00281	0.01378	0.00450	0.00394
31	0.00692	0.00519	0.00779	0.00779	0.00865	0.00606	0.00606	0.00865	0.00779	0.01125	0.01298	0.01904	0.01211	0.03634	0.81049	0.00779	0.01298	0.00519	0.00260	0.00433
32	0.04996	0.01100	0.01160	0.00970	0.03255	0.06350	0.00759	0.32578	0.01512	0.02153	0.01088	0.01235	0.00851	0.00754	0.06188	0.00175	0.05413	0.00400	0.12265	0.16800
33	0.04272	0.03674	0.01392	0.01176	0.01470	0.53956	0.00911	0.21790	0.01585	0.04076	0.00888	0.00968	0.00691	0.00521	0.00444	0.00131	0.00750	0.00347	0.00322	0.00638
34	0.00924	0.01889	0.54633	0.01135	0.01690	0.00925	0.01365	0.01368	0.01086	0.03135	0.12593	0.01711	0.07780	0.00596	0.00479	0.00148	0.00573	0.00485	0.00287	0.07199
35	0.03254	0.00757	0.00896	0.00756	0.01005	0.01651	0.00600	0.09211	0.07249	0.26829	0.26170	0.02634	0.13683	0.00809	0.00518	0.00152	0.00342	0.00677	0.02176	0.00629
36	0.01137	0.43679	0.40732	0.01100	0.01662	0.01529	0.01300	0.01492	0.01004	0.01334	0.00770	0.00898	0.00618	0.00437	0.00384	0.00128	0.00615	0.00308	0.00206	0.00668
37	0.00629	0.00467	0.00591	0.00652	0.00726	0.00435	0.00461	0.00784	0.02967	0.01411	0.17641	0.50944	0.14591	0.01346	0.00602	0.00184	0.00275	0.04408	0.00467	0.00419
38	0.00915	0.00861	0.01453	0.81804	0.03338	0.01077	0.01346	0.01238	0.00969	0.01238	0.00861	0.01292	0.00646	0.00484	0.00484	0.00161	0.00646	0.00431	0.00215	0.00538
39	0.00988	0.00963	0.01714	0.59579	0.14712	0.01107	0.11400	0.01316	0.01012	0.01331	0.00884	0.01280	0.00676	0.00467	0.00495	0.00159	0.00658	0.00449	0.00223	0.00588
40	0.00715	0.00495	0.00631	0.00617	0.00732	0.00450	0.00455	0.00902	0.01257	0.04949	0.52725	0.18104	0.13945	0.01102	0.00577	0.00162	0.00248	0.00971	0.00510	0.00454
41	0.00646	0.00445	0.00546	0.00604	0.00619	0.00430	0.00374	0.00689	0.00820	0.01093	0.02118	0.44269	0.02508	0.40853	0.01511	0.00329	0.00372	0.01053	0.00374	0.00345
42	0.00766	0.00552	0.00760	0.00862	0.00977	0.00547	0.00749	0.00983	0.01121	0.01453	0.04455	0.05376	0.07458	0.01324	0.00661	0.00218	0.00429	0.70416	0.00448	0.00444
43	0.00716	0.00466	0.00537	0.00537	0.00537	0.00466	0.00304	0.00699	0.00699	0.00932	0.01471	0.03034	0.01687	0.76388	0.02420	0.07387	0.00466	0.00682	0.00287	0.00287
44	0.00590	0.00422	0.00562	0.00675	0.00703	0.00394	0.00450	0.00675	0.00928	0.01237	0.02671	0.82653	0.03205	0.01518	0.00619	0.00197	0.00281	0.01378	0.00450	0.00394
45	0.00588	0.00496	0.00509	0.00511	0.00668	0.00422	0.00381	0.00732	0.02276	0.01342	0.07782	0.07891	0.72299	0.01222	0.00573	0.00165	0.00248	0.01025	0.00454	0.00416
46	0.00981	0.04883	0.78166	0.01365	0.02072	0.01149	0.01762	0.01532	0.01022	0.01523	0.00864	0.01016	0.00614	0.00459	0.00456	0.00152	0.00710	0.00355	0.00205	0.00713
47	0.01098	0.01076	0.01886	0.26732	0.43018	0.01157	0.10347	0.01400	0.01046	0.01450	0.00888	0.01232	0.00719	0.00470	0.00557	0.00156	0.05419	0.00447	0.00231	0.00671
48	0.00596	0.00431	0.00560	0.00655	0.00696	0.00399	0.00440	0.00687	0.00953	0.01264	0.05969	0.71612	0.08853	0.03586	0.00661	0.00200	0.00281	0.01314	0.00449	0.00395
49	0.01005	0.00861	0.01005	0.00718	0.01148	0.00646	0.00574	0.01220	0.01005	0.01579	0.00861	0.01005	0.00718	0.00359	0.00359	0.00072	0.00359	0.00287	0.00287	0.85932
50	0.01198	0.01177	0.01744	0.25638	0.47454	0.08094	0.01374	0.04801	0.01139	0.01513	0.00894	0.01196	0.00722	0.00460	0.00478	0.00147	0.00620	0.00421	0.00244	0.00686
51	0.01046	0.17016	0.57886	0.01218	0.01820	0.01240	0.01487	0.04585	0.01052	0.01493	0.00917	0.03077	0.00734	0.03811	0.00519	0.00158	0.00652	0.00382	0.00226	0.00678
52	0.09375	0.05775	0.11899	0.05599	0.01533	0.11530	0.04317	0.19951	0.06280	0.06639	0.03038	0.02862	0.04270	0.00584	0.00474	0.00147	0.01793	0.00452	0.02822	0.00661

[dist]
# distance from previous block
# <min> <max>
3	8

[block]
# block no. 4 follows, 52 sequences, length 8
# corresponding to MSA columns:
# 252-259
name=unknown_E
#
# <colnr> <probs for GDERKNQSTAVLIFYWHMCP>
#	G	D	E	R	K	N	Q	S	T	A	V	L	I	F	Y	W	H	M	C	P
0	0.04781	0.00995	0.04743	0.01095	0.06457	0.04459	0.08547	0.10494	0.07724	0.05196	0.13913	0.09615	0.11045	0.00788	0.00542	0.00157	0.02170	0.02610	0.00404	0.04264
1	0.18812	0.01221	0.10008	0.00927	0.01247	0.08429	0.02216	0.13873	0.07239	0.06494	0.05148	0.06347	0.09472	0.00679	0.00490	0.00152	0.02789	0.00526	0.00378	0.03552
2	0.04755	0.01573	0.29084	0.03807	0.06792	0.04762	0.12275	0.06133	0.03098	0.01627	0.05416	0.03393	0.03115	0.00705	0.04448	0.00183	0.03477	0.00477	0.00281	0.04600
3	0.01102	0.05154	0.08299	0.04924	0.01465	0.03649	0.09146	0.07134	0.03413	0.03989	0.03098	0.09072	0.01112	0.03159	0.00511	0.00134	0.00488	0.00488	0.00319	0.33345
4	0.01041	0.04304	0.06466	0.04616	0.11286	0.00922	0.00843	0.07636	0.17570	0.03937	0.09457	0.13128	0.09936	0.00798	0.00510	0.00156	0.00417	0.01990	0.00403	0.04582
5	0.15863	0.17549	0.01491	0.01090	0.06706	0.15713	0.00839	0.21862	0.07246	0.01955	0.00973	0.01052	0.00762	0.00506	0.00404	0.00134	0.00542	0.00358	0.04293	0.00661
6	0.04594	0.12531	0.07649	0.08082	0.20452	0.07772	0.03766	0.03948	0.01082	0.03246	0.02843	0.01327	0.03215	0.00849	0.09372	0.00209	0.03036	0.00421	0.00267	0.05340
7	0.00997	0.00796	0.03284	0.08870	0.09728	0.00769	0.03046	0.06720	0.05309	0.07276	0.14236	0.05884	0.13826	0.05886	0.05727	0.00212	0.00470	0.00667	0.04549	0.01746

[dist]
# distance from previous block
# <min> <max>
4	9

[block]
# block no. 5 follows, 52 sequences, length 7
# corresponding to MSA columns:
# 269-275
name=unknown_F
#
# <colnr> <probs for GDERKNQSTAVLIFYWHMCP>
#	G	D	E	R	K	N	Q	S	T	A	V	L	I	F	Y	W	H	M	C	P
0	0.01485	0.01204	0.06311	0.03731	0.21886	0.09462	0.01015	0.07810	0.10205	0.21018	0.07016	0.01529	0.01223	0.00566	0.00480	0.00147	0.00516	0.00475	0.03201	0.00722
1	0.00603	0.00469	0.00549	0.00579	0.00686	0.00414	0.00415	0.00736	0.01104	0.01424	0.20514	0.30604	0.37623	0.01273	0.00588	0.00172	0.00254	0.01110	0.00468	0.00414
2	0.01441	0.04256	0.01569	0.13359	0.14164	0.03913	0.07454	0.19943	0.04605	0.14084	0.01270	0.04433	0.01004	0.00595	0.00528	0.00155	0.02949	0.03200	0.00375	0.00702
3	0.01261	0.04034	0.14373	0.09562	0.07453	0.04066	0.17063	0.14047	0.04320	0.06620	0.01144	0.05578	0.00930	0.02954	0.00606	0.00166	0.04331	0.00505	0.00316	0.00669
4	0.09714	0.09658	0.13822	0.05077	0.04128	0.01281	0.23177	0.18987	0.01329	0.04035	0.00982	0.01149	0.00731	0.00475	0.00465	0.00148	0.00618	0.00430	0.03112	0.00682
5	0.00617	0.00443	0.00577	0.00668	0.00712	0.00416	0.00460	0.00714	0.00955	0.01266	0.05888	0.63098	0.07456	0.07389	0.00752	0.00215	0.00304	0.07235	0.00442	0.00394
6	0.01483	0.05101	0.06321	0.03241	0.16322	0.06354	0.06096	0.27745	0.08920	0.07089	0.01167	0.02888	0.00897	0.00557	0.00522	0.00150	0.03582	0.00456	0.00370	0.00739

[dist]
# distance from previous block
# <min> <max>
0	2

[block]
# block no. 6 follows, 52 sequences, length 6
# corresponding to MSA columns:
# 279-284
name=unknown_G
#
# <colnr> <probs for GDERKNQSTAVLIFYWHMCP>
#	G	D	E	R	K	N	Q	S	T	A	V	L	I	F	Y	W	H	M	C	P
0	0.01271	0.01003	0.03180	0.11950	0.12097	0.03175	0.05951	0.06211	0.17739	0.14513	0.05619	0.03513	0.05357	0.00672	0.00513	0.00160	0.00494	0.05503	0.00406	0.00674
1	0.01061	0.00823	0.00961	0.00762	0.01087	0.00716	0.00609	0.11941	0.01234	0.04107	0.09125	0.04246	0.05911	0.03132	0.00511	0.00126	0.00374	0.06969	0.00376	0.45929
2	0.00836	0.00466	0.00688	0.07146	0.00854	0.00479	0.00494	0.00741	0.00759	0.01048	0.08921	0.01699	0.01232	0.01444	0.01546	0.64739	0.00407	0.00470	0.05755	0.00278
3	0.00765	0.00633	0.00888	0.01125	0.17351	0.00605	0.00678	0.00981	0.03786	0.01513	0.19280	0.25816	0.19109	0.01078	0.00568	0.00169	0.00335	0.04392	0.00425	0.00504
4	0.00955	0.00822	0.01028	0.12047	0.01414	0.00683	0.00671	0.01173	0.00993	0.01501	0.01025	0.08425	0.00933	0.00481	0.00400	0.00096	0.00392	0.00406	0.00292	0.66266
5	0.05299	0.01138	0.08266	0.06373	0.03218	0.01105	0.09855	0.12658	0.09094	0.01730	0.01154	0.07771	0.00999	0.00756	0.04004	0.00182	0.13244	0.00504	0.00320	0.12328

[dist]
# distance from previous block
# <min> <max>
28	78

[block]
# block no. 7 follows, 52 sequences, length 17
# corresponding to MSA columns:
# 375-391
name=unknown_H
#
# <colnr> <probs for GDERKNQSTAVLIFYWHMCP>
#	G	D	E	R	K	N	Q	S	T	A	V	L	I	F	Y	W	H	M	C	P
0	0.00609	0.00450	0.00544	0.00603	0.00666	0.00413	0.00406	0.00698	0.00963	0.01250	0.07467	0.46676	0.22055	0.13813	0.00886	0.00228	0.00298	0.01158	0.00431	0.00386
1	0.00666	0.00484	0.00590	0.00628	0.00737	0.00436	0.00465	0.00804	0.01091	0.03772	0.14736	0.32056	0.30978	0.01289	0.00597	0.00180	0.00282	0.09316	0.00466	0.00427
2	0.01258	0.01237	0.13034	0.00973	0.01431	0.04512	0.05572	0.07836	0.01185	0.11361	0.01019	0.01113	0.00767	0.00432	0.00417	0.00108	0.00485	0.00353	0.00325	0.46583
3	0.01709	0.01272	0.01521	0.01462	0.16955	0.01375	0.01014	0.55566	0.05170	0.07264	0.01191	0.01226	0.00862	0.00556	0.00484	0.00146	0.00528	0.00443	0.00444	0.00811
4	0.00656	0.00463	0.00593	0.00646	0.00724	0.00424	0.00458	0.00785	0.01070	0.03421	0.20123	0.49163	0.14464	0.01329	0.00600	0.00182	0.00273	0.03730	0.00472	0.00423
5	0.00713	0.00571	0.00703	0.00693	0.00831	0.00539	0.03320	0.05387	0.04685	0.01451	0.06127	0.34968	0.33949	0.01242	0.00584	0.00177	0.00308	0.02848	0.00449	0.00455
6	0.01284	0.00969	0.01299	0.01391	0.18996	0.01061	0.00899	0.17128	0.05175	0.10062	0.06159	0.03401	0.01294	0.14372	0.01003	0.00213	0.13751	0.00536	0.00368	0.00640
7	0.00975	0.00897	0.04521	0.04616	0.12778	0.02812	0.03715	0.03426	0.04841	0.04965	0.06513	0.09952	0.14038	0.01150	0.09815	0.00234	0.08463	0.02594	0.00351	0.03346
8	0.01517	0.12730	0.01669	0.01358	0.08202	0.41730	0.06748	0.04512	0.02840	0.01350	0.00821	0.00990	0.00686	0.00510	0.00535	0.00134	0.07996	0.00356	0.01929	0.03387
9	0.01498	0.12795	0.12437	0.01030	0.01408	0.03690	0.04454	0.15579	0.04473	0.21558	0.01455	0.02547	0.04994	0.00599	0.00525	0.00147	0.05309	0.00463	0.04338	0.00701
10	0.03471	0.05676	0.05561	0.17612	0.14686	0.06997	0.00945	0.01234	0.01057	0.04452	0.05228	0.14456	0.08000	0.03822	0.00572	0.00169	0.00500	0.02863	0.02146	0.00553
11	0.06165	0.12890	0.05422	0.07274	0.04910	0.03372	0.00806	0.09565	0.06003	0.13942	0.01426	0.08113	0.02833	0.09056	0.03282	0.00199	0.00506	0.00526	0.03096	0.00614
12	0.00924	0.06053	0.04561	0.05089	0.08084	0.02921	0.00752	0.06725	0.04749	0.01534	0.07448	0.26323	0.09061	0.00998	0.02278	0.00174	0.01394	0.03225	0.02149	0.05559
13	0.05876	0.00985	0.03108	0.02496	0.03395	0.10531	0.01950	0.10474	0.03249	0.03241	0.03245	0.13411	0.06342	0.03766	0.12757	0.04613	0.06219	0.02004	0.01814	0.00526
14	0.11871	0.06854	0.04272	0.01200	0.07641	0.14572	0.05426	0.17338	0.05979	0.10317	0.03105	0.03701	0.01026	0.00580	0.00458	0.00146	0.00555	0.02921	0.00370	0.01669
15	0.04797	0.04699	0.01445	0.07513	0.15000	0.03324	0.06135	0.09033	0.12955	0.02603	0.03335	0.03090	0.02550	0.00675	0.03197	0.00168	0.07177	0.00472	0.02355	0.09477
16	0.05454	0.06399	0.03536	0.02618	0.07762	0.05245	0.02052	0.15422	0.08754	0.07218	0.03963	0.04910	0.03986	0.00708	0.02032	0.00156	0.00484	0.05846	0.03382	0.10071

[dist]
# distance from previous block
# <min> <max>
12	87

[block]
# block no. 8 follows, 52 sequences, length 22
# corresponding to MSA columns:
# 531-550,553,554
name=unknown_I
#
# <colnr> <probs for GDERKNQSTAVLIFYWHMCP>
#	G	D	E	R	K	N	Q	S	T	A	V	L	I	F	Y	W	H	M	C	P
0	0.01249	0.04482	0.04671	0.05377	0.16856	0.14346	0.00952	0.07098	0.05631	0.06190	0.13598	0.01795	0.04778	0.01981	0.00566	0.00151	0.04194	0.01689	0.00350	0.04044
1	0.03701	0.04632	0.23183	0.03982	0.08931	0.02597	0.05646	0.08588	0.07770	0.08296	0.09746	0.04227	0.02758	0.00621	0.00504	0.00154	0.01616	0.02028	0.00350	0.00671
2	0.01270	0.07221	0.15677	0.01971	0.08782	0.09172	0.02425	0.07752	0.06084	0.10875	0.06593	0.03889	0.06033	0.00703	0.03054	0.00162	0.00554	0.00496	0.00352	0.06936
3	0.03391	0.05034	0.22523	0.05224	0.13279	0.01016	0.01109	0.08333	0.04538	0.06455	0.03482	0.06448	0.10149	0.00650	0.00502	0.00151	0.02189	0.00537	0.00330	0.04660
4	0.02874	0.07400	0.14468	0.02750	0.04722	0.04388	0.15227	0.05214	0.09156	0.04831	0.01578	0.07211	0.08962	0.00709	0.02473	0.00167	0.01906	0.00558	0.00325	0.05081
5	0.01123	0.13366	0.29891	0.01519	0.17269	0.07308	0.03862	0.02610	0.04752	0.01486	0.01177	0.04118	0.04062	0.00552	0.00461	0.00145	0.00607	0.02771	0.00262	0.02659
6	0.01197	0.03642	0.06561	0.02882	0.15899	0.05983	0.09370	0.06634	0.10362	0.01729	0.06792	0.15882	0.06371	0.00842	0.00608	0.00183	0.03279	0.00711	0.00393	0.00680
7	0.01189	0.04067	0.17546	0.06248	0.16711	0.01079	0.03679	0.09424	0.06340	0.05999	0.03403	0.03540	0.00967	0.00532	0.00509	0.00141	0.03882	0.00444	0.00313	0.13989
8	0.00810	0.00652	0.04149	0.00769	0.00942	0.00547	0.04574	0.01007	0.02797	0.06727	0.15843	0.26109	0.17633	0.01132	0.00617	0.02976	0.00346	0.08048	0.00439	0.03883
9	0.01128	0.09052	0.38830	0.01570	0.15247	0.04976	0.07134	0.07205	0.01153	0.01587	0.01105	0.03930	0.03910	0.00524	0.00469	0.00148	0.00643	0.00442	0.00255	0.00690
10	0.04194	0.01372	0.17106	0.06356	0.18371	0.09946	0.03682	0.03744	0.03039	0.06027	0.01618	0.06743	0.11620	0.00642	0.00486	0.00150	0.00557	0.00543	0.00312	0.03492
11	0.00772	0.00705	0.05871	0.00743	0.00883	0.03727	0.00592	0.03416	0.01075	0.03670	0.06504	0.42014	0.16898	0.03125	0.00629	0.00188	0.00355	0.07945	0.00431	0.00456
12	0.02816	0.01067	0.04588	0.04244	0.35946	0.04060	0.02946	0.05508	0.08934	0.01665	0.07925	0.09287	0.07582	0.00677	0.00505	0.00154	0.00494	0.00607	0.00338	0.00658
13	0.02754	0.09472	0.26276	0.01372	0.12913	0.04696	0.06041	0.02950	0.03883	0.07138	0.10084	0.01641	0.04663	0.00578	0.00473	0.00147	0.00557	0.01631	0.02071	0.00659
14	0.01142	0.06994	0.44985	0.01239	0.03929	0.03230	0.03138	0.01684	0.10613	0.08498	0.01273	0.01390	0.03895	0.00535	0.00464	0.00149	0.00601	0.01840	0.00295	0.04105
15	0.01071	0.02668	0.03380	0.00688	0.00894	0.02288	0.00557	0.08226	0.01260	0.13219	0.15739	0.11897	0.16157	0.00867	0.00494	0.00148	0.00328	0.00729	0.18847	0.00542
16	0.01056	0.09246	0.42179	0.04166	0.10547	0.04585	0.08873	0.02760	0.01075	0.01479	0.01192	0.01374	0.06811	0.02002	0.00505	0.00154	0.00653	0.00438	0.00240	0.00665
17	0.03016	0.06366	0.11205	0.04820	0.10719	0.07113	0.04176	0.13254	0.05583	0.04013	0.09080	0.04667	0.04506	0.00622	0.00476	0.00144	0.00518	0.01654	0.02049	0.06020
18	0.06109	0.00679	0.05224	0.02394	0.00906	0.02518	0.00582	0.02437	0.03315	0.01387	0.03976	0.52355	0.07283	0.04670	0.00651	0.00196	0.00353	0.04105	0.00414	0.00447
19	0.01114	0.01058	0.01703	0.37195	0.33226	0.03368	0.05159	0.06069	0.01116	0.01496	0.00915	0.01255	0.00725	0.00560	0.02890	0.00171	0.00646	0.00438	0.00245	0.00649
20	0.03111	0.05462	0.09642	0.01275	0.07359	0.08685	0.13450	0.11356	0.07771	0.03221	0.08971	0.06898	0.08267	0.00676	0.00518	0.00153	0.01608	0.00588	0.00356	0.00632
21	0.01259	0.06986	0.13927	0.05251	0.17352	0.12484	0.14796	0.06317	0.03779	0.03231	0.01097	0.01269	0.03750	0.00489	0.00473	0.00141	0.00643	0.00435	0.00276	0.06045

[dist]
# distance from previous block
# <min> <max>
0	3

[block]
# block no. 9 follows, 52 sequences, length 21
# corresponding to MSA columns:
# 558-578
name=unknown_J
#
# <colnr> <probs for GDERKNQSTAVLIFYWHMCP>
#	G	D	E	R	K	N	Q	S	T	A	V	L	I	F	Y	W	H	M	C	P
0	0.01223	0.04571	0.30639	0.03167	0.02718	0.04524	0.07028	0.11671	0.11059	0.07151	0.05531	0.03374	0.02941	0.00590	0.00488	0.00154	0.00582	0.01554	0.00343	0.00693
1	0.00681	0.00536	0.00789	0.00861	0.04182	0.00503	0.05738	0.00820	0.00994	0.01321	0.02696	0.53930	0.11536	0.01319	0.00603	0.00189	0.00343	0.09782	0.02742	0.00436
2	0.01008	0.03006	0.17510	0.01461	0.03581	0.04361	0.32794	0.01399	0.04684	0.01518	0.06918	0.14338	0.03835	0.00676	0.00540	0.00163	0.00624	0.00670	0.00307	0.00607
3	0.03337	0.14546	0.17110	0.02991	0.07291	0.12640	0.03147	0.09581	0.06109	0.09596	0.02761	0.04226	0.03476	0.00568	0.00453	0.00142	0.00579	0.00448	0.00328	0.00672
4	0.01150	0.09731	0.45022	0.01249	0.04949	0.04243	0.01354	0.01591	0.04413	0.09498	0.04113	0.03871	0.01025	0.00572	0.00493	0.00152	0.02496	0.03104	0.00289	0.00683
5	0.00820	0.00647	0.00885	0.17262	0.06785	0.00656	0.00704	0.03360	0.01123	0.04392	0.14676	0.10256	0.26546	0.06458	0.00677	0.00184	0.00387	0.03296	0.00397	0.00488
6	0.02964	0.03333	0.03898	0.08513	0.48888	0.08730	0.08396	0.03508	0.02843	0.01556	0.00912	0.01172	0.00744	0.00457	0.00496	0.00146	0.02061	0.00426	0.00250	0.00708
7	0.01225	0.03200	0.03512	0.03377	0.24285	0.06131	0.05902	0.04632	0.11847	0.08760	0.07543	0.03844	0.05990	0.00660	0.00544	0.00156	0.03374	0.03986	0.00364	0.00667
8	0.00847	0.02247	0.00807	0.00785	0.00893	0.03916	0.03049	0.00989	0.01031	0.06435	0.05176	0.43444	0.06156	0.01201	0.00621	0.00183	0.04056	0.10884	0.06820	0.00462
9	0.04899	0.09454	0.14312	0.05099	0.03303	0.10042	0.05432	0.08239	0.19753	0.07015	0.04051	0.01460	0.03716	0.00568	0.00464	0.00148	0.00551	0.00458	0.00356	0.00680
10	0.01205	0.00962	0.03091	0.00965	0.04494	0.06565	0.02671	0.13528	0.12227	0.10139	0.16899	0.10135	0.05959	0.08113	0.00695	0.00184	0.00434	0.00681	0.00445	0.00606
11	0.01225	0.01622	0.22190	0.06814	0.29544	0.10738	0.09224	0.05448	0.01177	0.03307	0.01048	0.01251	0.03248	0.00485	0.00483	0.00148	0.00660	0.00433	0.00258	0.00697
12	0.00702	0.00563	0.00789	0.03677	0.05175	0.00543	0.03802	0.02842	0.01021	0.01344	0.06129	0.43030	0.18160	0.04908	0.04780	0.00223	0.00390	0.01068	0.00410	0.00445
13	0.03409	0.06904	0.09460	0.01216	0.06814	0.12730	0.04445	0.19342	0.05640	0.09016	0.05650	0.05496	0.01142	0.00609	0.00519	0.00147	0.03986	0.00481	0.00368	0.02625
14	0.01277	0.01435	0.10732	0.03795	0.10462	0.07825	0.38284	0.06432	0.01207	0.06771	0.01034	0.03014	0.00800	0.00493	0.00571	0.00158	0.04252	0.00506	0.00281	0.00673
15	0.01052	0.00673	0.02895	0.00752	0.00956	0.00593	0.02058	0.03218	0.04471	0.19273	0.14370	0.18168	0.19893	0.01114	0.03136	0.00188	0.00370	0.05790	0.00482	0.00549
16	0.01123	0.02745	0.06577	0.11062	0.17440	0.02935	0.13618	0.08552	0.13340	0.01717	0.07263	0.07181	0.03035	0.00621	0.00511	0.00157	0.00550	0.00574	0.00338	0.00659
17	0.06061	0.06634	0.05844	0.05758	0.10643	0.06098	0.13439	0.03498	0.05251	0.10862	0.07414	0.01943	0.12320	0.00637	0.00493	0.00151	0.00526	0.01446	0.00355	0.00628
18	0.01221	0.07661	0.14579	0.06879	0.09960	0.10604	0.07982	0.07715	0.10792	0.03859	0.04104	0.05903	0.01166	0.00652	0.01685	0.00162	0.00601	0.03499	0.00323	0.00654
19	0.06620	0.00977	0.09552	0.09702	0.13655	0.00868	0.05703	0.04345	0.03461	0.02596	0.03265	0.10919	0.06523	0.03037	0.05665	0.00203	0.01382	0.00598	0.10360	0.00571
20	0.03371	0.03441	0.25879	0.04721	0.04325	0.06299	0.14638	0.06449	0.09749	0.05420	0.04846	0.01579	0.02790	0.00567	0.00495	0.00156	0.00617	0.03672	0.00317	0.00670

[dist]
# distance from previous block
# <min> <max>
2	19

[block]
# block no. 10 follows, 52 sequences, length 9
# corresponding to MSA columns:
# 743-751
name=unknown_K
#
# <colnr> <probs for GDERKNQSTAVLIFYWHMCP>
#	G	D	E	R	K	N	Q	S	T	A	V	L	I	F	Y	W	H	M	C	P
0	0.00910	0.00675	0.00815	0.03186	0.02678	0.03149	0.00607	0.06825	0.04950	0.06436	0.06613	0.38258	0.08265	0.04863	0.03355	0.00212	0.02746	0.04528	0.00431	0.00497
1	0.06387	0.05996	0.19196	0.03122	0.15979	0.01173	0.05433	0.16146	0.06242	0.06773	0.01206	0.01402	0.02366	0.00540	0.00466	0.00149	0.00554	0.02852	0.03310	0.00709
2	0.01083	0.08517	0.16002	0.04137	0.09012	0.05547	0.05740	0.05915	0.03651	0.05287	0.10409	0.02158	0.16222	0.00692	0.00493	0.00149	0.00505	0.01684	0.02187	0.00610
3	0.16599	0.01969	0.01046	0.05314	0.09623	0.05122	0.02455	0.06922	0.04899	0.04160	0.03209	0.13548	0.10783	0.02938	0.02003	0.00183	0.02013	0.06291	0.00368	0.00554
4	0.00981	0.01283	0.19470	0.07610	0.17447	0.00966	0.13281	0.04424	0.03162	0.01570	0.06268	0.07619	0.12457	0.00674	0.00519	0.00158	0.00556	0.00618	0.00310	0.00627
5	0.01258	0.05312	0.23187	0.08147	0.10160	0.01096	0.05140	0.07695	0.10100	0.11897	0.01171	0.01284	0.00863	0.00626	0.03728	0.00171	0.00597	0.00425	0.00326	0.06817
6	0.01168	0.18586	0.24401	0.04594	0.15894	0.05855	0.16844	0.01563	0.03935	0.01453	0.00892	0.01091	0.00701	0.00446	0.00456	0.00143	0.00665	0.00401	0.00233	0.00680
7	0.00961	0.00895	0.03599	0.08770	0.10860	0.05877	0.05328	0.05563	0.01160	0.03127	0.11152	0.15028	0.13483	0.00984	0.03963	0.00188	0.02545	0.02782	0.03196	0.00540
8	0.01254	0.05187	0.11701	0.04607	0.44421	0.05740	0.04262	0.05393	0.01159	0.05312	0.01002	0.04005	0.00834	0.00503	0.00502	0.00147	0.02535	0.00449	0.00270	0.00718

[dist]
# distance from previous block
# <min> <max>
0	1

[block]
# block no. 11 follows, 52 sequences, length 12
# corresponding to MSA columns:
# 753-764
name=unknown_L
#
# <colnr> <probs for GDERKNQSTAVLIFYWHMCP>
#	G	D	E	R	K	N	Q	S	T	A	V	L	I	F	Y	W	H	M	C	P
0	0.01099	0.09199	0.10471	0.07372	0.35641	0.01225	0.03497	0.01372	0.01006	0.01419	0.00955	0.01428	0.00851	0.00645	0.02576	0.00175	0.14631	0.05539	0.00241	0.00659
1	0.16479	0.05245	0.23920	0.02578	0.03686	0.03035	0.03889	0.03937	0.06505	0.14737	0.04689	0.03779	0.01112	0.00586	0.00455	0.00154	0.00524	0.03676	0.00351	0.00662
2	0.01197	0.06597	0.01719	0.26858	0.31961	0.04875	0.04760	0.01530	0.05009	0.06933	0.03266	0.01321	0.00887	0.00488	0.00476	0.00148	0.00588	0.00443	0.00277	0.00667
3	0.07021	0.00835	0.00929	0.00807	0.01071	0.00867	0.00636	0.06257	0.28239	0.20029	0.07277	0.05064	0.15433	0.00775	0.00498	0.00158	0.00357	0.00640	0.02443	0.00664
4	0.06722	0.08813	0.01108	0.00852	0.01043	0.00845	0.06403	0.07377	0.01080	0.05150	0.06874	0.16950	0.01717	0.03655	0.16234	0.00288	0.02635	0.04168	0.07567	0.00519
5	0.03575	0.18907	0.13088	0.00978	0.01314	0.15809	0.00904	0.05412	0.03753	0.09978	0.04022	0.10451	0.03272	0.00698	0.00463	0.00147	0.00547	0.05729	0.00343	0.00611
6	0.00649	0.00494	0.00650	0.00745	0.04685	0.00456	0.00498	0.00795	0.01097	0.01471	0.24628	0.41001	0.16671	0.01261	0.00592	0.00177	0.00279	0.02955	0.00463	0.00434
7	0.00607	0.00443	0.00572	0.00664	0.00716	0.00414	0.00461	0.00705	0.00953	0.01249	0.02882	0.63361	0.12779	0.03953	0.02515	0.00216	0.00317	0.06357	0.00441	0.00397
8	0.01249	0.15030	0.29333	0.01233	0.01754	0.04204	0.11974	0.12144	0.01231	0.04573	0.00927	0.01057	0.00697	0.00455	0.00441	0.00133	0.00619	0.00376	0.00277	0.12293
9	0.01360	0.26623	0.04692	0.05490	0.27479	0.21528	0.03451	0.01581	0.01127	0.01329	0.00796	0.00990	0.00675	0.00446	0.00420	0.00129	0.00649	0.00350	0.00230	0.00655
10	0.18867	0.03069	0.09957	0.00821	0.01169	0.00851	0.02877	0.06386	0.01172	0.05791	0.21594	0.01693	0.01707	0.00585	0.00433	0.00131	0.00399	0.00472	0.00371	0.21656
11	0.04085	0.07625	0.37282	0.05436	0.06072	0.04536	0.08935	0.01491	0.02958	0.01477	0.00857	0.01065	0.00664	0.00496	0.00580	0.00152	0.09947	0.00382	0.00229	0.05732

[dist]
# distance from previous block
# <min> <max>
0	1

[block]
# block no. 12 follows, 52 sequences, length 21
# corresponding to MSA columns:
# 772-792
name=unknown_M
#
# <colnr> <probs for GDERKNQSTAVLIFYWHMCP>
#	G	D	E	R	K	N	Q	S	T	A	V	L	I	F	Y	W	H	M	C	P
0	0.01750	0.04545	0.01382	0.01202	0.01459	0.70830	0.00912	0.06235	0.01413	0.01323	0.04051	0.01002	0.00800	0.00522	0.00442	0.00127	0.00817	0.00341	0.00274	0.00574
1	0.00639	0.00509	0.00579	0.00595	0.00726	0.00462	0.00443	0.00840	0.04907	0.01453	0.17759	0.19486	0.43141	0.01219	0.00583	0.00171	0.00267	0.05320	0.00467	0.00434
2	0.08239	0.02983	0.09901	0.03703	0.13809	0.16541	0.05041	0.04506	0.07310	0.07910	0.06815	0.04290	0.05679	0.00608	0.00475	0.00148	0.00563	0.00501	0.00339	0.00638
3	0.01280	0.01112	0.01836	0.02579	0.63879	0.01110	0.03346	0.06198	0.01198	0.07255	0.02759	0.03304	0.00944	0.00491	0.00488	0.00146	0.00553	0.00473	0.00292	0.00756
4	0.00593	0.00428	0.00566	0.00670	0.00706	0.00401	0.00451	0.00682	0.00931	0.01237	0.02722	0.76678	0.06423	0.01575	0.03236	0.00214	0.00313	0.01334	0.00444	0.00396
5	0.01048	0.01725	0.36290	0.07317	0.16928	0.01206	0.10232	0.01437	0.00995	0.01456	0.00846	0.01115	0.00663	0.00524	0.00692	0.00164	0.16059	0.00414	0.00218	0.00671
6	0.09034	0.02936	0.16021	0.07830	0.02927	0.10810	0.06714	0.08550	0.07151	0.14214	0.03013	0.01325	0.02163	0.00550	0.00508	0.00152	0.03820	0.00433	0.01181	0.00670
7	0.01065	0.00813	0.03866	0.01254	0.17162	0.00742	0.02794	0.04590	0.05107	0.12835	0.05669	0.26570	0.10310	0.00952	0.00548	0.00169	0.00406	0.04131	0.00422	0.00594
8	0.00818	0.00632	0.00700	0.00650	0.00823	0.00606	0.00494	0.14219	0.01336	0.01728	0.18894	0.15346	0.39712	0.01111	0.00564	0.00163	0.00297	0.00944	0.00473	0.00489
9	0.03645	0.12983	0.39794	0.01467	0.08847	0.04514	0.11536	0.01621	0.04991	0.04794	0.00950	0.01096	0.00710	0.00462	0.00454	0.00146	0.00657	0.00390	0.00249	0.00695
10	0.02955	0.07793	0.05100	0.01104	0.07022	0.10398	0.03751	0.10873	0.06028	0.24059	0.02573	0.01765	0.09596	0.04151	0.00561	0.00159	0.00511	0.00507	0.00413	0.00681
11	0.14298	0.01824	0.01056	0.00895	0.01154	0.00919	0.04379	0.10063	0.15106	0.17851	0.03226	0.15784	0.02867	0.00875	0.02866	0.00183	0.01670	0.03899	0.00449	0.00637
12	0.05695	0.01071	0.05075	0.05600	0.08022	0.03731	0.02107	0.11368	0.21970	0.07373	0.06165	0.04909	0.06094	0.00681	0.00516	0.00156	0.02318	0.02529	0.00408	0.04213
13	0.01451	0.14841	0.16380	0.05367	0.04727	0.19343	0.09096	0.18041	0.01386	0.03613	0.00912	0.01045	0.00697	0.00486	0.00451	0.00138	0.00675	0.00380	0.00291	0.00679
14	0.01109	0.03935	0.01785	0.28772	0.48992	0.01156	0.01390	0.01445	0.04002	0.01471	0.00927	0.01238	0.00749	0.00457	0.00476	0.00149	0.00590	0.00430	0.00240	0.00687
15	0.00906	0.00866	0.00953	0.17432	0.04648	0.13028	0.00775	0.02558	0.01066	0.01300	0.02085	0.36646	0.08573	0.01050	0.00554	0.00174	0.00472	0.06072	0.00363	0.00478
16	0.00768	0.00806	0.08017	0.01119	0.11440	0.00659	0.06400	0.00972	0.01059	0.01433	0.11984	0.32469	0.15816	0.01066	0.00593	0.00173	0.02368	0.01964	0.00390	0.00505
17	0.03159	0.04286	0.09977	0.07645	0.06825	0.14547	0.01043	0.19318	0.21660	0.01917	0.01186	0.01256	0.00901	0.00558	0.00507	0.00150	0.03581	0.00425	0.00357	0.00704
