[name]
unknown

[dist]
# distance from previous block
# <min> <max>
2	51

[block]
# block no. 0 follows, 67 sequences, length 10
# corresponding to MSA columns:
# 181-190
name=unknown_A
#
# <colnr> <probs for GDERKNQSTAVLIFYWHMCP>
#	G	D	E	R	K	N	Q	S	T	A	V	L	I	F	Y	W	H	M	C	P
0	0.03406	0.02308	0.08718	0.07175	0.28352	0.03870	0.00895	0.04094	0.04293	0.08271	0.06842	0.02719	0.00930	0.01666	0.00421	0.00118	0.01840	0.00377	0.00263	0.13442
1	0.02742	0.02970	0.02303	0.09683	0.11879	0.11707	0.00752	0.13266	0.06515	0.06485	0.07011	0.01540	0.04486	0.02168	0.01562	0.00133	0.00440	0.06109	0.00301	0.07949
2	0.00957	0.03681	0.03314	0.08072	0.20255	0.03334	0.02879	0.05538	0.10315	0.07574	0.06263	0.11104	0.03605	0.00556	0.00428	0.00123	0.02402	0.00482	0.00296	0.08822
3	0.02529	0.04028	0.14759	0.04482	0.14219	0.04979	0.08819	0.13342	0.04842	0.02823	0.02331	0.03792	0.03535	0.03346	0.00461	0.00128	0.01760	0.00395	0.00259	0.09171
4	0.01049	0.15213	0.10713	0.03546	0.13987	0.20449	0.02936	0.03856	0.00959	0.03426	0.05116	0.05274	0.03699	0.03604	0.00466	0.00126	0.03175	0.00388	0.00235	0.01783
5	0.10760	0.24232	0.07716	0.04317	0.07448	0.07132	0.05115	0.04808	0.00877	0.04481	0.00856	0.08186	0.00785	0.03910	0.03077	0.00143	0.03336	0.00375	0.00233	0.02215
6	0.02994	0.35098	0.10081	0.00953	0.01268	0.25670	0.08631	0.03392	0.02641	0.01095	0.00648	0.00766	0.00541	0.00392	0.00376	0.00107	0.04361	0.00276	0.00197	0.00512
7	0.00872	0.19090	0.61357	0.01144	0.07407	0.01066	0.01302	0.01253	0.00845	0.01207	0.00689	0.00816	0.00518	0.00372	0.00357	0.00118	0.00551	0.00284	0.00172	0.00580
8	0.01013	0.04234	0.45546	0.06994	0.01578	0.01021	0.01151	0.24487	0.04364	0.01614	0.00933	0.01017	0.03388	0.00438	0.00389	0.00125	0.00516	0.00341	0.00253	0.00599
9	0.00599	0.00479	0.00511	0.00489	0.00629	0.00440	0.00369	0.09649	0.01020	0.01273	0.08913	0.13355	0.58886	0.00972	0.00470	0.00136	0.00232	0.00820	0.00380	0.00378

[dist]
# distance from previous block
# <min> <max>
12	24

[block]
# block no. 1 follows, 67 sequences, length 31
# corresponding to MSA columns:
# 223-253
name=unknown_B
#
# <colnr> <probs for GDERKNQSTAVLIFYWHMCP>
#	G	D	E	R	K	N	Q	S	T	A	V	L	I	F	Y	W	H	M	C	P
0	0.01161	0.11494	0.30375	0.00957	0.01361	0.03481	0.00989	0.35719	0.04368	0.01779	0.02942	0.00957	0.00700	0.00469	0.01395	0.00125	0.00498	0.00332	0.00286	0.00611
1	0.01143	0.33045	0.21606	0.00877	0.01265	0.01272	0.00897	0.27403	0.04961	0.01579	0.01954	0.00869	0.00647	0.00413	0.00344	0.00110	0.00464	0.00300	0.00260	0.00591
2	0.00938	0.09194	0.52708	0.01003	0.01467	0.03908	0.01166	0.13733	0.01033	0.01442	0.06484	0.03465	0.00825	0.00450	0.00383	0.00122	0.00521	0.00352	0.00231	0.00573
3	0.07886	0.23363	0.36506	0.00910	0.01337	0.04724	0.01007	0.11083	0.00987	0.06123	0.02172	0.00855	0.00610	0.00398	0.00343	0.00114	0.00494	0.00289	0.00229	0.00567
4	0.00869	0.19420	0.38444	0.00920	0.03777	0.03879	0.00989	0.02085	0.03264	0.02500	0.03893	0.03744	0.08282	0.02388	0.00405	0.00122	0.00469	0.00380	0.00225	0.03943
5	0.03759	0.10937	0.28252	0.00918	0.03030	0.04315	0.03921	0.01156	0.03296	0.06052	0.04953	0.08056	0.02238	0.07208	0.01441	0.00154	0.08267	0.00428	0.00242	0.01378
6	0.00755	0.01793	0.70059	0.01040	0.01545	0.00834	0.01297	0.01160	0.00851	0.01252	0.03865	0.09461	0.03356	0.00503	0.00400	0.00131	0.00531	0.00412	0.00205	0.00551
7	0.00998	0.00862	0.00907	0.00816	0.01043	0.00998	0.00635	0.02131	0.82679	0.01678	0.01632	0.01496	0.01224	0.00544	0.00408	0.00136	0.00317	0.00453	0.00408	0.00635
8	0.01508	0.00736	0.03870	0.00703	0.01021	0.00600	0.00595	0.01719	0.04321	0.59221	0.04266	0.01310	0.01009	0.00468	0.00385	0.00113	0.00336	0.00382	0.00431	0.17006
9	0.03611	0.07334	0.12433	0.01514	0.01934	0.01042	0.63586	0.01274	0.00917	0.01274	0.00774	0.01008	0.00584	0.00345	0.00439	0.00130	0.00637	0.00425	0.00198	0.00542
10	0.00981	0.17849	0.50254	0.01067	0.01561	0.01027	0.09904	0.01334	0.00885	0.10360	0.00794	0.00891	0.00574	0.00382	0.00370	0.00120	0.00543	0.00312	0.00210	0.00582
11	0.00980	0.00940	0.01604	0.07000	0.78967	0.00949	0.01224	0.01219	0.00907	0.01295	0.00752	0.00997	0.00630	0.00360	0.00397	0.00120	0.00480	0.00357	0.00197	0.00625
12	0.00883	0.00850	0.01405	0.43942	0.41323	0.02442	0.01164	0.01134	0.00861	0.01161	0.00731	0.01026	0.00582	0.00380	0.00398	0.00126	0.00510	0.00355	0.00188	0.00537
13	0.00510	0.00378	0.00478	0.00526	0.00588	0.00345	0.00372	0.00618	0.00885	0.01176	0.21183	0.48786	0.17362	0.01107	0.00498	0.00150	0.00223	0.04086	0.00388	0.00342
14	0.00796	0.00757	0.01279	0.64054	0.12929	0.00889	0.05283	0.01087	0.03702	0.01100	0.00876	0.01175	0.03542	0.00419	0.00407	0.00132	0.00515	0.00384	0.00197	0.00478
15	0.00490	0.00352	0.00467	0.00556	0.00583	0.00329	0.00373	0.00562	0.00770	0.01024	0.02244	0.81774	0.04969	0.01280	0.01996	0.00171	0.00247	0.01119	0.00369	0.00327
16	0.01799	0.00683	0.00931	0.00714	0.01024	0.00589	0.00589	0.01954	0.01148	0.83682	0.01582	0.01365	0.00993	0.00496	0.00403	0.00124	0.00341	0.00403	0.00496	0.00683
17	0.00996	0.00970	0.01618	0.03544	0.76793	0.02635	0.02947	0.01230	0.00909	0.01290	0.00747	0.00987	0.00628	0.00367	0.00421	0.00121	0.02620	0.00358	0.00198	0.00622
18	0.00935	0.00914	0.04958	0.01760	0.42306	0.00854	0.15789	0.02757	0.05041	0.04517	0.03241	0.10814	0.03272	0.00505	0.00428	0.00129	0.00461	0.00495	0.00255	0.00569
19	0.00591	0.00456	0.00680	0.02805	0.00778	0.00541	0.00529	0.00732	0.00646	0.00932	0.01045	0.01551	0.00978	0.04290	0.77140	0.00607	0.04698	0.00427	0.00213	0.00362
20	0.00488	0.00353	0.00461	0.00547	0.00579	0.00327	0.00367	0.00560	0.00779	0.01028	0.02348	0.79579	0.08628	0.01239	0.00509	0.00161	0.00230	0.01118	0.00372	0.00327
21	0.00991	0.05407	0.38458	0.04976	0.15524	0.04493	0.09531	0.09366	0.00990	0.04085	0.00798	0.02162	0.00607	0.00400	0.00392	0.00124	0.00548	0.00345	0.00217	0.00587
22	0.02525	0.06659	0.65326	0.02083	0.05249	0.00980	0.07698	0.01256	0.00848	0.01257	0.00713	0.00859	0.00521	0.00380	0.00396	0.00126	0.02063	0.00308	0.00175	0.00579
23	0.00483	0.00406	0.00420	0.00419	0.00548	0.00342	0.00313	0.00593	0.00933	0.01133	0.11635	0.05355	0.74046	0.01002	0.00475	0.00135	0.00202	0.00840	0.00379	0.00342
24	0.00851	0.01815	0.65512	0.04840	0.11318	0.00929	0.04947	0.01270	0.00863	0.02921	0.00745	0.00894	0.00538	0.00380	0.00388	0.00127	0.00575	0.00316	0.00181	0.00591
25	0.02266	0.03182	0.28739	0.13053	0.34463	0.02147	0.02123	0.01235	0.00880	0.04820	0.00801	0.03087	0.00638	0.00400	0.00390	0.00124	0.00513	0.00353	0.00204	0.00580
26	0.00923	0.01632	0.51121	0.02647	0.03779	0.00937	0.17986	0.07108	0.00966	0.04794	0.03751	0.01010	0.00683	0.00400	0.00407	0.00128	0.00570	0.00360	0.00217	0.00583
27	0.00815	0.08076	0.74692	0.01085	0.01641	0.00957	0.01381	0.01245	0.00856	0.01260	0.03915	0.00916	0.00636	0.00395	0.00376	0.00124	0.00565	0.00307	0.00180	0.00579
28	0.01051	0.07092	0.04692	0.20357	0.28535	0.04542	0.10468	0.02150	0.00929	0.12137	0.00891	0.03827	0.00705	0.00417	0.00399	0.00124	0.00498	0.00386	0.00239	0.00560
29	0.01024	0.21640	0.30859	0.05180	0.09955	0.06963	0.02241	0.07433	0.02722	0.04380	0.02609	0.01831	0.00670	0.00407	0.00361	0.00115	0.00509	0.00317	0.00220	0.00565
30	0.04621	0.06904	0.01283	0.67099	0.10470	0.00948	0.01065	0.01064	0.00809	0.01080	0.00699	0.01013	0.00539	0.00391	0.00384	0.00128	0.00512	0.00340	0.00183	0.00469

[dist]
# distance from previous block
# <min> <max>
1	13

[block]
# block no. 2 follows, 67 sequences, length 27
# corresponding to MSA columns:
# 267-293
name=unknown_C
#
# <colnr> <probs for GDERKNQSTAVLIFYWHMCP>
#	G	D	E	R	K	N	Q	S	T	A	V	L	I	F	Y	W	H	M	C	P
0	0.06711	0.00807	0.03453	0.00746	0.00954	0.07364	0.02407	0.08453	0.03480	0.24063	0.24558	0.05255	0.01703	0.00617	0.00492	0.00129	0.07409	0.00495	0.00382	0.00520
1	0.00534	0.00410	0.00491	0.00483	0.00591	0.00367	0.00367	0.00686	0.01025	0.01363	0.45139	0.06039	0.34125	0.00927	0.00480	0.00135	0.00207	0.05861	0.00408	0.00361
2	0.02363	0.04404	0.12252	0.00822	0.01114	0.02154	0.02661	0.18704	0.09756	0.23447	0.03325	0.14831	0.01177	0.00600	0.00413	0.00130	0.00390	0.00501	0.00373	0.00583
3	0.04783	0.06361	0.03336	0.12382	0.29555	0.03263	0.14244	0.08385	0.02955	0.05656	0.00805	0.00994	0.00628	0.00401	0.00438	0.00125	0.04522	0.00362	0.00234	0.00571
4	0.00807	0.00730	0.01189	0.69189	0.08426	0.00880	0.01058	0.01122	0.06024	0.02903	0.03304	0.01156	0.00695	0.00422	0.00403	0.00132	0.00502	0.00375	0.00209	0.00474
5	0.00489	0.00349	0.00465	0.00558	0.00582	0.00326	0.00372	0.00558	0.00768	0.01024	0.02210	0.85644	0.02653	0.01256	0.00512	0.00163	0.00233	0.01140	0.00372	0.00326
6	0.00951	0.00971	0.04006	0.10654	0.43545	0.00963	0.21050	0.01224	0.02164	0.02741	0.00800	0.02321	0.00654	0.00398	0.00475	0.00129	0.05774	0.00398	0.00207	0.00575
7	0.00927	0.13807	0.38804	0.03838	0.05477	0.03832	0.06232	0.02605	0.12537	0.02300	0.00876	0.02500	0.00687	0.01727	0.00420	0.00127	0.02172	0.00345	0.00221	0.00566
8	0.00994	0.48398	0.29769	0.00880	0.02599	0.01298	0.00962	0.06345	0.00904	0.01180	0.02960	0.00804	0.00617	0.00378	0.00317	0.00104	0.00479	0.00268	0.00193	0.00550
9	0.00599	0.00472	0.00616	0.00604	0.00681	0.02910	0.00459	0.00737	0.00787	0.01093	0.20553	0.03710	0.06333	0.07483	0.48775	0.00442	0.02568	0.00540	0.00281	0.00359
10	0.00504	0.00370	0.00507	0.05319	0.00705	0.00358	0.00414	0.00585	0.00770	0.01024	0.02126	0.80872	0.02533	0.01208	0.00506	0.00161	0.00250	0.01096	0.00361	0.00333
11	0.00941	0.16939	0.43124	0.01217	0.13736	0.01033	0.03523	0.05509	0.00927	0.03899	0.03581	0.02338	0.00703	0.00408	0.00371	0.00119	0.00512	0.00331	0.00210	0.00579
12	0.01023	0.03700	0.25576	0.01393	0.10723	0.01028	0.27834	0.18415	0.01105	0.01530	0.00844	0.03431	0.00655	0.00410	0.00418	0.00127	0.00560	0.00398	0.00239	0.00589
13	0.01082	0.00795	0.03368	0.02986	0.21046	0.00766	0.02208	0.10221	0.11134	0.17904	0.11860	0.01723	0.10071	0.02474	0.00456	0.00132	0.00367	0.00483	0.00355	0.00569
14	0.83793	0.05592	0.00675	0.00536	0.00790	0.00938	0.00449	0.01180	0.00690	0.01751	0.00558	0.00651	0.00439	0.00371	0.00249	0.00122	0.00317	0.00217	0.00244	0.00439
15	0.00909	0.00871	0.01493	0.28436	0.54426	0.00926	0.03154	0.01157	0.00874	0.01212	0.00749	0.01030	0.00610	0.00420	0.01966	0.00134	0.00511	0.00361	0.00193	0.00568
16	0.00503	0.00361	0.00483	0.00558	0.00588	0.00345	0.00378	0.00584	0.00775	0.01045	0.07229	0.70998	0.02555	0.04258	0.07104	0.00206	0.00301	0.01039	0.00360	0.00329
17	0.00818	0.00783	0.01236	0.54653	0.15591	0.02925	0.01055	0.01050	0.00802	0.01066	0.00717	0.01050	0.00576	0.00558	0.04870	0.00160	0.09106	0.00355	0.00185	0.02447
18	0.00817	0.00757	0.01230	0.33333	0.34595	0.00822	0.01005	0.01081	0.04173	0.01205	0.06211	0.06598	0.05476	0.00503	0.00415	0.00129	0.00444	0.00460	0.00235	0.00512
19	0.01077	0.01162	0.11562	0.01232	0.19237	0.15386	0.02332	0.03901	0.21403	0.06588	0.02600	0.02596	0.01605	0.01670	0.03212	0.00144	0.00487	0.00391	0.02846	0.00568
20	0.00537	0.00405	0.00497	0.00497	0.00590	0.00370	0.00364	0.00699	0.02480	0.01368	0.46723	0.19146	0.22954	0.00947	0.00480	0.00136	0.00203	0.00830	0.00411	0.00363
21	0.09994	0.00688	0.00882	0.00692	0.00982	0.00626	0.00567	0.04248	0.01103	0.69174	0.01482	0.04187	0.00995	0.01978	0.00420	0.00130	0.00338	0.00413	0.00461	0.00639
22	0.04996	0.41929	0.08100	0.01539	0.02064	0.03671	0.00734	0.12069	0.03511	0.14003	0.00925	0.00946	0.03106	0.00418	0.00325	0.00106	0.00425	0.00300	0.00270	0.00563
23	0.02495	0.02017	0.04700	0.07462	0.24444	0.20932	0.05274	0.13758	0.07174	0.01407	0.00858	0.03639	0.00705	0.00468	0.01248	0.00126	0.02113	0.00367	0.00250	0.00561
24	0.00562	0.00409	0.00548	0.00559	0.00633	0.00435	0.00418	0.00685	0.00722	0.01013	0.02936	0.11699	0.14596	0.07542	0.47737	0.00438	0.00707	0.00589	0.07428	0.00345
25	0.00961	0.01932	0.07735	0.02959	0.16324	0.05605	0.05793	0.08759	0.15705	0.05054	0.11949	0.04687	0.08743	0.00573	0.00422	0.00128	0.00403	0.01405	0.00321	0.00543
26	0.44012	0.03293	0.03780	0.03090	0.05794	0.06657	0.01545	0.06081	0.07233	0.06880	0.00818	0.02428	0.00650	0.02519	0.00381	0.00130	0.02287	0.00307	0.01618	0.00496

[dist]
# distance from previous block
# <min> <max>
1	4

[block]
# block no. 3 follows, 67 sequences, length 23
# corresponding to MSA columns:
# 298-320
name=unknown_D
#
# <colnr> <probs for GDERKNQSTAVLIFYWHMCP>
#	G	D	E	R	K	N	Q	S	T	A	V	L	I	F	Y	W	H	M	C	P
0	0.07920	0.12878	0.34412	0.01056	0.05559	0.10257	0.05772	0.07843	0.03615	0.01371	0.04124	0.00938	0.00694	0.00408	0.00363	0.00118	0.00519	0.00317	0.01280	0.00552
1	0.02492	0.24571	0.17632	0.03961	0.04126	0.24677	0.02118	0.03637	0.00964	0.04394	0.04067	0.00883	0.00677	0.00417	0.00384	0.00111	0.03860	0.00295	0.00214	0.00520
2	0.00694	0.00494	0.00579	0.00532	0.00684	0.00448	0.00406	0.02337	0.02484	0.06982	0.09713	0.12332	0.30552	0.04265	0.03987	0.00158	0.01999	0.03545	0.05287	0.12523
3	0.00797	0.00711	0.00972	0.10361	0.18686	0.03083	0.03473	0.06311	0.06932	0.01360	0.16113	0.04563	0.20921	0.00657	0.00452	0.00129	0.02014	0.00570	0.01419	0.00477
4	0.00761	0.00677	0.04258	0.00848	0.10066	0.02130	0.02872	0.05428	0.09263	0.03120	0.22291	0.08907	0.15714	0.06396	0.00556	0.00150	0.00320	0.04389	0.00351	0.01503
5	0.00502	0.00362	0.00462	0.00533	0.00566	0.00337	0.00356	0.00572	0.00771	0.01018	0.04234	0.66002	0.09464	0.10750	0.00680	0.00185	0.00249	0.02276	0.00359	0.00319
6	0.00910	0.00886	0.01403	0.36136	0.42341	0.04351	0.01136	0.01148	0.00864	0.01167	0.00723	0.01006	0.00584	0.00389	0.00428	0.00125	0.03521	0.00350	0.00191	0.02342
7	0.04543	0.00634	0.00692	0.00616	0.00727	0.04740	0.00489	0.05259	0.00867	0.07607	0.01058	0.01244	0.00839	0.00547	0.00565	0.03256	0.18334	0.00358	0.47198	0.00427
8	0.00963	0.00922	0.01574	0.12999	0.73101	0.00945	0.01216	0.01204	0.00899	0.01274	0.00749	0.01002	0.00622	0.00363	0.00398	0.00121	0.00484	0.00357	0.00196	0.00611
9	0.00903	0.16363	0.32596	0.02534	0.11261	0.05599	0.05933	0.03141	0.00889	0.01203	0.00889	0.09745	0.00805	0.00478	0.00381	0.00120	0.00503	0.02301	0.00212	0.04145
10	0.00912	0.00962	0.01569	0.01244	0.01371	0.03022	0.25266	0.01076	0.00726	0.01062	0.00614	0.00935	0.00551	0.00586	0.01041	0.00162	0.57862	0.00386	0.00184	0.00470
11	0.00985	0.00939	0.01351	0.27125	0.27855	0.07371	0.03429	0.04157	0.04148	0.03866	0.00766	0.01010	0.00614	0.00446	0.00547	0.00133	0.14154	0.00357	0.00215	0.00533
12	0.02699	0.08908	0.00936	0.02285	0.04392	0.13322	0.02972	0.04679	0.07687	0.05343	0.01515	0.40423	0.01608	0.00812	0.00433	0.00136	0.00378	0.00705	0.00320	0.00448
13	0.02640	0.00895	0.00986	0.00759	0.01069	0.00902	0.00617	0.38036	0.09175	0.06783	0.00994	0.01018	0.00738	0.00426	0.00360	0.00101	0.00362	0.00331	0.04884	0.28923
14	0.00517	0.00419	0.00468	0.00470	0.00594	0.00358	0.00349	0.00629	0.00901	0.01141	0.10739	0.19195	0.51674	0.00997	0.00472	0.00136	0.00220	0.03848	0.00369	0.06503
15	0.00962	0.00792	0.00831	0.00753	0.00961	0.00908	0.00584	0.01960	0.70991	0.01652	0.01586	0.01496	0.01196	0.00533	0.00390	0.00130	0.00299	0.00442	0.12937	0.00598
16	0.00905	0.00479	0.00508	0.00461	0.00595	0.00484	0.00357	0.09867	0.00983	0.07534	0.02881	0.01457	0.01041	0.00478	0.00306	0.00099	0.00226	0.00381	0.70529	0.00430
17	0.00553	0.00406	0.00504	0.00542	0.00613	0.00387	0.00388	0.00728	0.05809	0.01231	0.20595	0.45052	0.12429	0.01044	0.00483	0.00147	0.00228	0.04103	0.04395	0.00362
18	0.00957	0.00474	0.00553	0.00495	0.00642	0.00453	0.00382	0.01175	0.04906	0.20063	0.13952	0.01796	0.03894	0.02926	0.00398	0.00117	0.00235	0.00458	0.45671	0.00452
19	0.00510	0.00381	0.00469	0.00501	0.00571	0.00346	0.00352	0.00618	0.00897	0.01189	0.24827	0.39570	0.22801	0.04382	0.00552	0.00155	0.00220	0.00932	0.00386	0.00340
20	0.01389	0.01031	0.01116	0.00886	0.01177	0.01145	0.00725	0.62356	0.15167	0.04046	0.01114	0.01153	0.00823	0.00603	0.03681	0.00145	0.00442	0.01950	0.00396	0.00655
21	0.03008	0.01094	0.03931	0.00897	0.03159	0.11769	0.02237	0.33281	0.07371	0.09746	0.00963	0.01024	0.00721	0.02690	0.00439	0.00119	0.02101	0.00341	0.00331	0.14779
22	0.05211	0.68497	0.01894	0.00791	0.04259	0.11685	0.00707	0.01250	0.00852	0.01002	0.00573	0.00667	0.00516	0.00354	0.00275	0.00091	0.00461	0.00226	0.00180	0.00510

[dist]
# distance from previous block
# <min> <max>
0	1

[block]
# block no. 4 follows, 67 sequences, length 19
# corresponding to MSA columns:
# 322-340
name=unknown_E
#
# <colnr> <probs for GDERKNQSTAVLIFYWHMCP>
#	G	D	E	R	K	N	Q	S	T	A	V	L	I	F	Y	W	H	M	C	P
0	0.02051	0.01050	0.04833	0.07281	0.38501	0.08249	0.13297	0.05080	0.06234	0.03911	0.02326	0.02536	0.00760	0.01616	0.00431	0.00127	0.00508	0.00393	0.00238	0.00578
1	0.00637	0.00482	0.00580	0.00561	0.00611	0.01975	0.00391	0.03292	0.01733	0.00942	0.02322	0.04121	0.07953	0.41463	0.25539	0.01456	0.04824	0.00546	0.00253	0.00320
2	0.00597	0.00401	0.00510	0.00531	0.00614	0.00363	0.00383	0.00715	0.00930	0.06469	0.26694	0.40118	0.16314	0.01034	0.00488	0.00145	0.00225	0.02701	0.00401	0.00367
3	0.00575	0.00410	0.00540	0.00540	0.00580	0.00443	0.00374	0.00649	0.00624	0.00864	0.01255	0.02138	0.03749	0.41858	0.43115	0.00509	0.00726	0.00515	0.00233	0.00303
4	0.01322	0.00964	0.01051	0.00844	0.01119	0.01061	0.00684	0.50147	0.21086	0.07158	0.09196	0.01313	0.01134	0.00530	0.00410	0.00125	0.00381	0.00421	0.00413	0.00641
5	0.66540	0.00750	0.00662	0.00567	0.00824	0.00827	0.00466	0.03013	0.00806	0.18050	0.00797	0.00830	0.00571	0.00403	0.00283	0.00123	0.00315	0.00263	0.03425	0.00487
6	0.03603	0.01026	0.01041	0.00824	0.01103	0.07662	0.00671	0.53279	0.01569	0.12084	0.01046	0.01055	0.00746	0.00473	0.00379	0.00116	0.00415	0.00356	0.11934	0.00618
7	0.00979	0.03767	0.01606	0.02342	0.78020	0.00954	0.01185	0.01208	0.00905	0.01289	0.00794	0.03684	0.00696	0.00386	0.00396	0.00119	0.00467	0.00378	0.00203	0.00621
8	0.01165	0.43232	0.03048	0.00769	0.01065	0.10984	0.00688	0.15857	0.10520	0.01365	0.00821	0.00876	0.00665	0.00409	0.00317	0.00101	0.00437	0.00287	0.06849	0.00544
9	0.54087	0.00804	0.00895	0.00725	0.00990	0.00876	0.11546	0.08663	0.00864	0.05754	0.00752	0.00866	0.00571	0.00477	0.03099	0.00139	0.00390	0.00293	0.06347	0.01861
10	0.06745	0.00793	0.00875	0.00790	0.05032	0.02371	0.00586	0.30056	0.08869	0.04776	0.09191	0.01677	0.09379	0.07903	0.04928	0.02931	0.00398	0.00465	0.01717	0.00517
11	0.00508	0.00396	0.00461	0.00470	0.00569	0.00349	0.00343	0.00632	0.00957	0.01244	0.29783	0.20371	0.40482	0.01001	0.00481	0.00138	0.00205	0.00867	0.00395	0.00349
12	0.00532	0.00398	0.00494	0.00492	0.00583	0.00360	0.00361	0.00680	0.01018	0.01383	0.50550	0.18309	0.21479	0.00944	0.00480	0.00135	0.00200	0.00828	0.00413	0.00360
13	0.00967	0.00924	0.01588	0.08575	0.72194	0.00935	0.04066	0.01209	0.00904	0.01293	0.00768	0.01015	0.00637	0.00363	0.00397	0.00120	0.00480	0.00362	0.02593	0.00611
14	0.00685	0.00356	0.00534	0.00534	0.00541	0.00363	0.00363	0.00541	0.00534	0.00719	0.00733	0.01253	0.00726	0.01548	0.09503	0.79923	0.00418	0.00356	0.00178	0.00192
15	0.09115	0.11671	0.01178	0.00825	0.01095	0.09653	0.02878	0.41203	0.02596	0.01889	0.00898	0.02423	0.00697	0.00461	0.00375	0.00114	0.02140	0.00339	0.09882	0.00567
16	0.00529	0.00402	0.00485	0.00522	0.00596	0.00376	0.00368	0.00678	0.04967	0.01154	0.14862	0.42803	0.23671	0.04535	0.00554	0.00158	0.00231	0.02379	0.00379	0.00350
17	0.01107	0.03752	0.11444	0.02938	0.24215	0.05818	0.05297	0.09005	0.06453	0.11622	0.03373	0.01136	0.02566	0.00435	0.00412	0.00118	0.02370	0.00370	0.00278	0.07292
18	0.07782	0.16056	0.29239	0.01028	0.07186	0.03869	0.02387	0.08436	0.15002	0.04003	0.00885	0.00945	0.00668	0.00413	0.00359	0.00119	0.00472	0.00318	0.00251	0.00583

[dist]
# distance from previous block
# <min> <max>
9	24

[block]
# block no. 5 follows, 67 sequences, length 10
# corresponding to MSA columns:
# 369-378
name=unknown_F
#
# <colnr> <probs for GDERKNQSTAVLIFYWHMCP>
#	G	D	E	R	K	N	Q	S	T	A	V	L	I	F	Y	W	H	M	C	P
0	0.00972	0.05073	0.02488	0.13672	0.21290	0.04925	0.03332	0.11885	0.06640	0.02864	0.01158	0.03759	0.03438	0.00664	0.04595	0.00156	0.00483	0.10304	0.00273	0.02027
1	0.12748	0.00898	0.01092	0.02503	0.18292	0.00962	0.00756	0.27514	0.08829	0.04117	0.06253	0.01121	0.00892	0.00506	0.01950	0.00129	0.02974	0.00365	0.00317	0.07781
2	0.05442	0.02233	0.01068	0.05737	0.05049	0.02211	0.04093	0.18917	0.05389	0.05771	0.02755	0.01174	0.00811	0.00629	0.05002	0.00151	0.13486	0.02374	0.06326	0.11381
3	0.06263	0.00448	0.00484	0.00469	0.00597	0.00414	0.00353	0.00737	0.04163	0.01332	0.30890	0.05769	0.44868	0.00896	0.00458	0.00132	0.00211	0.00758	0.00389	0.00370
4	0.00756	0.00676	0.00853	0.08552	0.03115	0.07364	0.06732	0.02150	0.08409	0.02845	0.07075	0.27614	0.10035	0.02040	0.03324	0.00164	0.02273	0.05278	0.00323	0.00423
5	0.04153	0.00689	0.00772	0.00630	0.00853	0.00703	0.00509	0.24957	0.01223	0.23754	0.01256	0.01277	0.00898	0.00476	0.00347	0.00111	0.00307	0.00373	0.36163	0.00548
6	0.00534	0.00383	0.00479	0.00533	0.00600	0.00348	0.00379	0.00629	0.00847	0.03248	0.07911	0.53245	0.22167	0.01141	0.00500	0.00154	0.00234	0.05944	0.00380	0.00344
7	0.01633	0.00688	0.00892	0.00702	0.00987	0.00629	0.00574	0.04534	0.08356	0.67015	0.01544	0.01374	0.01006	0.00498	0.00394	0.00123	0.00330	0.00404	0.07666	0.00653
8	0.00526	0.00408	0.00478	0.00495	0.00592	0.00370	0.00365	0.00668	0.02829	0.01209	0.22364	0.21428	0.37248	0.03324	0.00528	0.00149	0.00225	0.06055	0.00386	0.00352
9	0.01463	0.01064	0.01147	0.00897	0.01204	0.01176	0.00735	0.66617	0.13432	0.06447	0.01090	0.01059	0.00775	0.00491	0.00402	0.00123	0.00419	0.00376	0.00407	0.00675

[dist]
# distance from previous block
# <min> <max>
0	2

[block]
# block no. 6 follows, 67 sequences, length 9
# corresponding to MSA columns:
# 381-389
name=unknown_G
#
# <colnr> <probs for GDERKNQSTAVLIFYWHMCP>
#	G	D	E	R	K	N	Q	S	T	A	V	L	I	F	Y	W	H	M	C	P
0	0.17298	0.09974	0.04936	0.00823	0.01072	0.25092	0.00690	0.19390	0.01124	0.01500	0.00886	0.04124	0.00794	0.03556	0.00421	0.00129	0.00489	0.06930	0.00273	0.00498
1	0.00980	0.01061	0.08636	0.08246	0.62707	0.03102	0.03238	0.02916	0.00919	0.01294	0.00745	0.00978	0.00612	0.00374	0.00419	0.00122	0.02492	0.00352	0.00199	0.00607
2	0.00583	0.00415	0.00531	0.00531	0.00555	0.00448	0.00354	0.00636	0.00616	0.00849	0.01245	0.07952	0.01367	0.51309	0.27604	0.00446	0.03461	0.00566	0.00241	0.00291
3	0.00507	0.00361	0.00477	0.00556	0.00586	0.00339	0.00378	0.00586	0.00790	0.01058	0.07725	0.71317	0.02645	0.06144	0.00600	0.00175	0.00245	0.04814	0.00369	0.00327
4	0.01343	0.00701	0.04713	0.00691	0.00949	0.00600	0.00582	0.04125	0.07531	0.48276	0.23977	0.01787	0.01746	0.00583	0.00422	0.00126	0.00312	0.00489	0.00456	0.00591
5	0.01029	0.00724	0.00826	0.00701	0.00899	0.00757	0.00552	0.31923	0.07014	0.07326	0.25855	0.12563	0.06689	0.00717	0.00441	0.00130	0.00311	0.00606	0.00415	0.00523
6	0.57681	0.00791	0.00729	0.00610	0.00875	0.00869	0.00502	0.12084	0.00936	0.17432	0.00832	0.00857	0.00593	0.00414	0.00299	0.00123	0.00329	0.00277	0.03256	0.00512
7	0.09443	0.53910	0.12521	0.00798	0.01154	0.01336	0.05488	0.02948	0.02476	0.02593	0.00655	0.00753	0.00548	0.00369	0.00313	0.00102	0.01963	0.00257	0.01849	0.00524
8	0.15439	0.07873	0.20439	0.03383	0.05057	0.12466	0.04301	0.12453	0.02184	0.01486	0.06716	0.02575	0.00866	0.00462	0.00369	0.00122	0.00482	0.02548	0.00255	0.00525

[dist]
# distance from previous block
# <min> <max>
0	1

[block]
# block no. 7 follows, 67 sequences, length 9
# corresponding to MSA columns:
# 391-399
name=unknown_H
#
# <colnr> <probs for GDERKNQSTAVLIFYWHMCP>
#	G	D	E	R	K	N	Q	S	T	A	V	L	I	F	Y	W	H	M	C	P
0	0.12055	0.01119	0.03541	0.00878	0.03856	0.14660	0.00695	0.35410	0.09231	0.04318	0.00961	0.01001	0.00714	0.00455	0.00364	0.00117	0.00436	0.00336	0.09277	0.00576
1	0.08722	0.02529	0.05070	0.05905	0.25510	0.10614	0.00874	0.14965	0.02231	0.06083	0.00817	0.00943	0.00633	0.00403	0.00381	0.00113	0.01880	0.00322	0.02877	0.09129
2	0.02461	0.11635	0.16996	0.03375	0.07249	0.13299	0.00820	0.04142	0.03645	0.01237	0.12112	0.05709	0.04627	0.02216	0.04681	0.00153	0.04470	0.00432	0.00255	0.00486
3	0.00494	0.00407	0.00436	0.00439	0.00564	0.00349	0.00332	0.00609	0.00937	0.01152	0.13706	0.06673	0.66767	0.01004	0.00479	0.00138	0.00210	0.04579	0.00381	0.00344
4	0.00912	0.00937	0.01524	0.08359	0.21650	0.06471	0.23639	0.01147	0.02700	0.01181	0.04342	0.03505	0.00849	0.04678	0.03144	0.00163	0.13642	0.00435	0.00218	0.00505
5	0.00522	0.00407	0.00475	0.00469	0.00579	0.00360	0.00353	0.00663	0.01004	0.01314	0.38427	0.07459	0.41704	0.00945	0.00478	0.00135	0.00205	0.03743	0.00402	0.00356
6	0.00646	0.00378	0.00546	0.04138	0.00634	0.00389	0.00386	0.00576	0.00586	0.00786	0.01001	0.12083	0.01067	0.12554	0.09804	0.53075	0.00420	0.00487	0.00212	0.00232
7	0.01193	0.23187	0.04642	0.03683	0.03510	0.22273	0.00727	0.17740	0.01118	0.01390	0.00791	0.00901	0.00634	0.00421	0.00355	0.00105	0.02455	0.00296	0.14061	0.00517
8	0.20762	0.00724	0.00784	0.00608	0.00909	0.00659	0.00489	0.05097	0.03216	0.11753	0.02632	0.02850	0.00755	0.00392	0.00316	0.00092	0.00307	0.00300	0.02489	0.44867

[dist]
# distance from previous block
# <min> <max>
0	1

[block]
# block no. 8 follows, 67 sequences, length 71
# corresponding to MSA columns:
# 401-423,430-477
name=unknown_I
#
# <colnr> <probs for GDERKNQSTAVLIFYWHMCP>
#	G	D	E	R	K	N	Q	S	T	A	V	L	I	F	Y	W	H	M	C	P
0	0.01117	0.08193	0.05566	0.00876	0.02087	0.09204	0.00722	0.14135	0.49348	0.01646	0.01306	0.01250	0.01780	0.00499	0.00389	0.00126	0.00401	0.00395	0.00352	0.00610
1	0.00505	0.00359	0.00474	0.00561	0.00586	0.00339	0.00380	0.00577	0.00764	0.01017	0.02136	0.74653	0.02545	0.07408	0.00626	0.00181	0.00252	0.05954	0.00363	0.00322
2	0.01034	0.07215	0.16524	0.01464	0.28572	0.08281	0.06261	0.05970	0.07510	0.04846	0.06685	0.01152	0.01843	0.00432	0.00394	0.00120	0.00485	0.00376	0.00252	0.00581
3	0.00812	0.00752	0.01063	0.02076	0.03164	0.00966	0.02732	0.00907	0.00659	0.02119	0.00806	0.07375	0.00836	0.11423	0.05117	0.00214	0.53994	0.00441	0.00209	0.04335
4	0.00514	0.00410	0.00507	0.00520	0.00617	0.00370	0.02365	0.00634	0.01807	0.01134	0.12548	0.32382	0.38778	0.01113	0.02865	0.00159	0.00252	0.02304	0.00372	0.00348
5	0.06911	0.01016	0.04564	0.02330	0.28109	0.09868	0.04146	0.03800	0.00843	0.01215	0.00725	0.01034	0.00643	0.05964	0.02110	0.00159	0.23240	0.00354	0.02461	0.00509
6	0.01157	0.05236	0.01070	0.00930	0.05623	0.13311	0.00697	0.17049	0.39906	0.02864	0.06922	0.01313	0.01124	0.00511	0.00396	0.00124	0.00407	0.00408	0.00357	0.00596
7	0.00536	0.00369	0.00451	0.00497	0.00509	0.00358	0.00307	0.00571	0.00675	0.00899	0.01732	0.43705	0.02049	0.44019	0.01284	0.00277	0.00312	0.00859	0.00307	0.00284
8	0.00998	0.03243	0.01474	0.07794	0.30027	0.06460	0.14806	0.06227	0.13782	0.01355	0.00990	0.06838	0.00842	0.00468	0.00440	0.00128	0.02870	0.00435	0.00254	0.00567
9	0.77294	0.00777	0.00655	0.00606	0.03003	0.00891	0.00477	0.03472	0.00737	0.04704	0.00627	0.00725	0.00485	0.00462	0.02800	0.00140	0.01194	0.00239	0.00258	0.00453
10	0.00877	0.00877	0.01228	0.01053	0.01053	0.01228	0.00877	0.00965	0.00614	0.00965	0.00526	0.00877	0.00526	0.00702	0.01316	0.00175	0.85172	0.00351	0.00175	0.00439
11	0.00950	0.00868	0.01368	0.43939	0.29213	0.03146	0.03393	0.07944	0.00951	0.03289	0.00769	0.01033	0.00593	0.00394	0.00401	0.00127	0.00512	0.00359	0.00213	0.00537
12	0.19513	0.30117	0.01387	0.00955	0.13434	0.03230	0.00705	0.07898	0.02703	0.12765	0.00852	0.00907	0.02154	0.00407	0.00331	0.00110	0.01423	0.00294	0.00265	0.00550
13	0.06794	0.03602	0.01588	0.01567	0.00980	0.00737	0.02310	0.14195	0.04391	0.22883	0.10006	0.03348	0.07784	0.01449	0.00430	0.00119	0.02621	0.00441	0.00368	0.14386
14	0.00552	0.00409	0.00515	0.00488	0.00590	0.00372	0.00366	0.00727	0.01099	0.01521	0.70075	0.03139	0.16956	0.00852	0.00473	0.00128	0.00192	0.00745	0.00430	0.00372
15	0.01056	0.00863	0.00911	0.00804	0.01031	0.02260	0.00630	0.12456	0.60524	0.04201	0.02577	0.02998	0.03391	0.01879	0.00439	0.00139	0.00337	0.02491	0.00402	0.00611
16	0.72060	0.02071	0.00687	0.00575	0.00834	0.00904	0.00475	0.07522	0.00820	0.08959	0.00688	0.00748	0.00510	0.00392	0.00274	0.00123	0.00323	0.00246	0.01314	0.00476
17	0.00493	0.00355	0.00468	0.00549	0.00581	0.00330	0.00370	0.00572	0.00798	0.01064	0.07547	0.76938	0.06014	0.01218	0.00508	0.00159	0.00229	0.01101	0.00377	0.00330
18	0.01057	0.00561	0.00703	0.00598	0.00784	0.00529	0.00471	0.05905	0.05797	0.28135	0.36735	0.02173	0.05842	0.00658	0.00426	0.00123	0.00261	0.00559	0.08176	0.00507
19	0.00613	0.00400	0.00453	0.00448	0.00473	0.00389	0.00265	0.00631	0.00641	0.03783	0.01569	0.05427	0.09149	0.72103	0.01785	0.00348	0.00365	0.00620	0.00268	0.00270
20	0.00814	0.00689	0.01088	0.52254	0.13932	0.00801	0.00942	0.03623	0.00861	0.01214	0.00854	0.01146	0.00659	0.00411	0.00375	0.00123	0.00449	0.00360	0.18940	0.00465
21	0.00929	0.00899	0.01458	0.22027	0.47561	0.03568	0.05527	0.02805	0.00891	0.01218	0.00797	0.03441	0.00686	0.03140	0.00487	0.00135	0.03286	0.00389	0.00204	0.00552
22	0.08374	0.31741	0.15383	0.00837	0.01146	0.20144	0.02530	0.02505	0.00889	0.01109	0.00792	0.03303	0.02966	0.04760	0.00430	0.00122	0.01965	0.00311	0.00205	0.00488
23	0.01161	0.00931	0.00987	0.00837	0.01090	0.01058	0.00665	0.28144	0.53735	0.01949	0.01404	0.01322	0.01041	0.00521	0.00402	0.00130	0.00354	0.00421	0.03207	0.00642
24	0.00997	0.03770	0.01269	0.01078	0.03172	0.14579	0.03150	0.03166	0.00755	0.01024	0.00581	0.00873	0.00545	0.00676	0.03104	0.00169	0.60109	0.00338	0.00188	0.00457
25	0.01027	0.09386	0.09498	0.01058	0.01364	0.09051	0.19384	0.04054	0.34029	0.01399	0.01098	0.01172	0.00847	0.02181	0.00457	0.00133	0.02607	0.00398	0.00286	0.00570
26	0.00494	0.00355	0.00470	0.00560	0.00590	0.00331	0.00380	0.00569	0.00779	0.01033	0.02273	0.79641	0.05525	0.01242	0.00512	0.00163	0.00237	0.04145	0.00372	0.00328
27	0.00575	0.00421	0.00600	0.00600	0.00656	0.00477	0.00446	0.00688	0.00631	0.00898	0.01115	0.01802	0.01101	0.20873	0.66585	0.00589	0.00927	0.00463	0.00221	0.00333
28	0.01525	0.01123	0.01204	0.00923	0.01244	0.01244	0.00762	0.82067	0.01886	0.02528	0.00963	0.00963	0.00682	0.00481	0.00401	0.00120	0.00441	0.00361	0.00401	0.00682
29	0.10561	0.00661	0.00763	0.00623	0.00855	0.00653	0.00504	0.14135	0.01133	0.34760	0.07191	0.01378	0.01095	0.00497	0.00359	0.00116	0.00302	0.00392	0.23468	0.00553
30	0.01537	0.01104	0.01192	0.00914	0.01234	0.01215	0.00755	0.78542	0.01853	0.06098	0.00990	0.00981	0.00696	0.00482	0.00401	0.00121	0.00437	0.00363	0.00405	0.00682
31	0.01105	0.04966	0.14319	0.06036	0.33401	0.05357	0.02250	0.08232	0.04654	0.11050	0.00940	0.01978	0.00739	0.00432	0.00395	0.00123	0.00480	0.02680	0.00260	0.00601
32	0.01072	0.86147	0.02102	0.00686	0.01029	0.01587	0.00686	0.01201	0.00815	0.00944	0.00558	0.00643	0.00515	0.00343	0.00257	0.00086	0.00429	0.00214	0.00172	0.00515
33	0.00801	0.00758	0.01282	0.69504	0.17856	0.00903	0.01136	0.01063	0.00823	0.01078	0.00721	0.01055	0.00553	0.00393	0.00400	0.00131	0.00524	0.00357	0.00182	0.00481
34	0.01328	0.00990	0.01061	0.00856	0.01136	0.01103	0.00693	0.50028	0.27756	0.04799	0.01214	0.01172	0.00882	0.00501	0.00398	0.00124	0.00386	0.00393	0.04528	0.00652
35	0.00555	0.00407	0.00520	0.00497	0.00593	0.00372	0.00371	0.00731	0.01099	0.01533	0.72126	0.06379	0.11607	0.00857	0.00475	0.00129	0.00192	0.00754	0.00432	0.00372
36	0.00937	0.00892	0.01508	0.09474	0.70139	0.00908	0.01158	0.01169	0.00893	0.01262	0.00882	0.01125	0.03599	0.00490	0.03748	0.00142	0.00496	0.00378	0.00204	0.00597
37	0.00542	0.00439	0.02184	0.00494	0.00605	0.00375	0.00380	0.00705	0.01046	0.01421	0.54761	0.08501	0.25287	0.00892	0.00474	0.00131	0.00204	0.00776	0.00413	0.00369
38	0.00693	0.00350	0.00520	0.00520	0.00520	0.00350	0.00345	0.00524	0.00524	0.00699	0.00714	0.01261	0.00720	0.03934	0.01582	0.85688	0.00350	0.00355	0.00176	0.00176
39	0.01496	0.01450	0.01165	0.00966	0.01235	0.36538	0.00763	0.45233	0.04226	0.01842	0.00839	0.00879	0.00630	0.00455	0.00385	0.00114	0.00557	0.00320	0.00319	0.00588
40	0.00499	0.00362	0.00473	0.00553	0.00593	0.00336	0.00382	0.00583	0.00804	0.01063	0.05781	0.71093	0.09259	0.01210	0.00509	0.00160	0.00236	0.05396	0.00375	0.00331
41	0.02550	0.67204	0.08590	0.00725	0.01070	0.03772	0.00730	0.02926	0.00857	0.01052	0.03239	0.02213	0.00659	0.00381	0.00286	0.00093	0.00434	0.00258	0.00192	0.02768
42	0.00886	0.27711	0.58907	0.01004	0.01520	0.01131	0.01239	0.01249	0.00837	0.01171	0.00670	0.00785	0.00510	0.00369	0.00343	0.00114	0.00543	0.00271	0.00170	0.00569
43	0.00688	0.00536	0.00740	0.08905	0.03369	0.02617	0.00711	0.00880	0.00917	0.01181	0.01911	0.03996	0.02045	0.01001	0.00530	0.00176	0.00397	0.68672	0.00342	0.00387
44	0.01514	0.00665	0.00862	0.00692	0.00955	0.00612	0.00564	0.06947	0.05129	0.58452	0.07827	0.03869	0.01285	0.00560	0.00409	0.00126	0.00324	0.02860	0.05729	0.00619
45	0.00592	0.00445	0.00663	0.00693	0.03656	0.00509	0.00509	0.00731	0.00654	0.00946	0.01078	0.01614	0.01016	0.07690	0.75059	0.00601	0.00997	0.00435	0.01751	0.00362
46	0.00559	0.00418	0.00515	0.00490	0.00595	0.00381	0.00367	0.01930	0.01087	0.01488	0.61885	0.05233	0.21829	0.00870	0.00473	0.00129	0.00197	0.00758	0.00423	0.00373
47	0.00818	0.05409	0.78916	0.01136	0.01715	0.00959	0.03081	0.01268	0.00847	0.01257	0.00715	0.00843	0.00510	0.00379	0.00378	0.00126	0.00588	0.00297	0.00170	0.00589
48	0.01148	0.00917	0.00975	0.00830	0.01083	0.01037	0.00659	0.25191	0.54713	0.03583	0.01525	0.01424	0.03999	0.00542	0.00408	0.00131	0.00350	0.00440	0.00407	0.00639
49	0.00502	0.00358	0.00478	0.00570	0.00598	0.00337	0.00391	0.00579	0.00777	0.01034	0.02192	0.78574	0.02612	0.02309	0.00534	0.00167	0.00245	0.07044	0.00370	0.00328
50	0.00578	0.00393	0.00467	0.00471	0.00482	0.00402	0.00284	0.00601	0.00599	0.00809	0.01275	0.05791	0.01443	0.71044	0.13378	0.00415	0.00478	0.00584	0.00244	0.00262
51	0.88738	0.00776	0.00589	0.00527	0.00776	0.00900	0.00434	0.01179	0.00683	0.01799	0.00558	0.00651	0.00434	0.00372	0.00248	0.00124	0.00310	0.00217	0.00248	0.00434
52	0.00877	0.00877	0.01228	0.01053	0.01053	0.01228	0.00877	0.00965	0.00614	0.00965	0.00526	0.00877	0.00526	0.00702	0.01316	0.00175	0.85172	0.00351	0.00175	0.00439
53	0.00935	0.01081	0.05413	0.01553	0.01908	0.01025	0.65428	0.02740	0.00920	0.01267	0.00814	0.01143	0.00644	0.00407	0.00569	0.00141	0.10565	0.02711	0.00207	0.00529
54	0.02657	0.12285	0.03291	0.00839	0.01116	0.13772	0.00704	0.27044	0.13221	0.12084	0.01062	0.01130	0.00806	0.00576	0.03724	0.00138	0.00472	0.02357	0.02136	0.00587
55	0.28986	0.01803	0.03473	0.00685	0.02189	0.00737	0.03579	0.06657	0.00932	0.15479	0.04956	0.01127	0.04078	0.00431	0.00332	0.00108	0.00334	0.00331	0.02798	0.20982
56	0.00506	0.00408	0.00451	0.00440	0.00561	0.00352	0.00330	0.00638	0.00990	0.01264	0.31330	0.03562	0.55861	0.00948	0.00474	0.00132	0.00198	0.00805	0.00396	0.00352
57	0.01020	0.00869	0.00918	0.00821	0.01050	0.01002	0.00642	0.06323	0.77144	0.01715	0.01605	0.01516	0.01213	0.00550	0.00410	0.00136	0.00325	0.01703	0.00407	0.00633
58	0.12085	0.09374	0.01135	0.00794	0.01093	0.01092	0.00665	0.47749	0.01460	0.14452	0.00983	0.00996	0.00705	0.01391	0.01379	0.00126	0.00408	0.00339	0.03157	0.00617
59	0.00498	0.00405	0.00443	0.00452	0.00570	0.00350	0.00340	0.00614	0.00933	0.01158	0.14750	0.10726	0.60778	0.01014	0.00482	0.00139	0.00213	0.05409	0.00382	0.00345
60	0.01072	0.86147	0.02102	0.00686	0.01029	0.01587	0.00686	0.01201	0.00815	0.00944	0.00558	0.00643	0.00515	0.00343	0.00257	0.00086	0.00429	0.00214	0.00172	0.00515
61	0.01429	0.00647	0.00842	0.00682	0.00936	0.00594	0.00554	0.04228	0.07745	0.54682	0.16110	0.01832	0.04164	0.00593	0.00423	0.00128	0.00312	0.03028	0.00468	0.00604
62	0.00495	0.00354	0.00473	0.00566	0.00592	0.00332	0.00384	0.00570	0.00775	0.01031	0.02207	0.82149	0.02638	0.01250	0.00514	0.00164	0.00239	0.04568	0.00372	0.00328
63	0.01277	0.00867	0.01007	0.00842	0.02745	0.03630	0.03224	0.29631	0.13197	0.17943	0.01945	0.01289	0.02436	0.00741	0.08423	0.00172	0.01877	0.00403	0.07758	0.00593
64	0.00878	0.00813	0.01374	0.47594	0.29673	0.00910	0.04598	0.03774	0.00885	0.02390	0.00789	0.03129	0.00635	0.00409	0.00406	0.00129	0.00508	0.00382	0.00203	0.00522
65	0.07868	0.30111	0.44451	0.00937	0.01394	0.03802	0.02145	0.01242	0.00835	0.01192	0.00679	0.00837	0.00543	0.00383	0.00333	0.00113	0.00516	0.01893	0.00182	0.00545
66	0.00775	0.00735	0.01255	0.78351	0.07133	0.00898	0.03162	0.01042	0.00812	0.01047	0.00718	0.01065	0.00542	0.00397	0.00403	0.00133	0.00535	0.00359	0.00180	0.00458
67	0.01419	0.00613	0.00810	0.00655	0.00904	0.00540	0.00526	0.01602	0.03546	0.57021	0.12751	0.07147	0.04088	0.00600	0.00415	0.00125	0.00303	0.00504	0.02949	0.03482
68	0.00551	0.00413	0.00474	0.00461	0.00580	0.00360	0.00345	0.00684	0.00993	0.03895	0.32639	0.08337	0.46944	0.00942	0.00474	0.00133	0.00204	0.00806	0.00401	0.00363
69	0.01123	0.00924	0.00977	0.00841	0.01091	0.01056	0.00665	0.21111	0.63496	0.01879	0.01473	0.01370	0.01095	0.00529	0.00406	0.00132	0.00347	0.00431	0.00406	0.00646
70	0.01526	0.01005	0.01113	0.00863	0.01170	0.01083	0.00710	0.60087	0.06416	0.17900	0.01129	0.01084	0.00782	0.00488	0.00399	0.00121	0.00409	0.00375	0.02671	0.00671

[dist]
# distance from previous block
# <min> <max>
4	6

[block]
# block no. 9 follows, 67 sequences, length 15
# corresponding to MSA columns:
# 484-498
name=unknown_J
#
# <colnr> <probs for GDERKNQSTAVLIFYWHMCP>
#	G	D	E	R	K	N	Q	S	T	A	V	L	I	F	Y	W	H	M	C	P
0	0.00514	0.00392	0.00450	0.00464	0.00561	0.00347	0.00337	0.00633	0.00928	0.01216	0.22394	0.23077	0.40751	0.00998	0.00473	0.00138	0.00206	0.00863	0.04911	0.00347
1	0.00771	0.00727	0.01228	0.80164	0.07434	0.00895	0.01121	0.01037	0.00808	0.01041	0.00715	0.01065	0.00540	0.00398	0.00401	0.00133	0.00531	0.00356	0.00179	0.00457
2	0.00502	0.00400	0.00451	0.00462	0.00570	0.00349	0.00342	0.00620	0.00938	0.01190	0.20681	0.16754	0.50737	0.01015	0.00482	0.00139	0.00210	0.03423	0.00387	0.00346
3	0.00697	0.00348	0.00522	0.00522	0.00522	0.00348	0.00348	0.00522	0.00522	0.00697	0.00697	0.01219	0.00697	0.01393	0.01567	0.88332	0.00348	0.00348	0.00174	0.00174
4	0.00989	0.00963	0.01686	0.02401	0.76960	0.00958	0.07628	0.01235	0.00916	0.01308	0.00759	0.01000	0.00633	0.00356	0.00403	0.00120	0.00492	0.00367	0.00199	0.00628
5	0.00504	0.00407	0.00448	0.00438	0.00560	0.00351	0.00328	0.00634	0.00985	0.01251	0.29387	0.03583	0.57812	0.00953	0.00474	0.00132	0.00199	0.00808	0.00395	0.00351
6	0.00883	0.00705	0.05140	0.00734	0.00962	0.00616	0.07798	0.04520	0.10914	0.11705	0.35975	0.02084	0.04611	0.00626	0.00433	0.00122	0.00313	0.02070	0.00383	0.09407
7	0.00832	0.06012	0.71643	0.01177	0.01738	0.00971	0.09601	0.01268	0.00855	0.01256	0.00721	0.00861	0.00519	0.00375	0.00384	0.00126	0.00593	0.00310	0.00173	0.00584
8	0.00804	0.02074	0.83828	0.01143	0.01736	0.00931	0.01482	0.01270	0.00847	0.01270	0.00720	0.00847	0.00508	0.00381	0.00381	0.00127	0.00593	0.00296	0.00169	0.00593
9	0.01403	0.01063	0.01135	0.00898	0.01197	0.01187	0.00733	0.63574	0.20577	0.02331	0.01118	0.01086	0.00807	0.00496	0.00403	0.00124	0.00413	0.00382	0.00403	0.00671
10	0.00942	0.01068	0.02287	0.01646	0.02024	0.01029	0.76320	0.01262	0.00924	0.01262	0.00792	0.01068	0.00603	0.00363	0.00532	0.00138	0.06542	0.00465	0.00201	0.00534
11	0.00489	0.00349	0.00465	0.00558	0.00582	0.00326	0.00372	0.00558	0.00768	0.01024	0.02210	0.85644	0.02653	0.01256	0.00512	0.00163	0.00233	0.01140	0.00372	0.00326
12	0.00532	0.00432	0.00475	0.00463	0.00589	0.00388	0.00347	0.00719	0.05713	0.01272	0.27326	0.05509	0.52930	0.00936	0.00471	0.00133	0.00206	0.00795	0.00395	0.00367
13	0.00573	0.00402	0.00520	0.00526	0.00556	0.00428	0.00352	0.00633	0.00620	0.00854	0.01256	0.07980	0.01364	0.47800	0.33922	0.00473	0.00644	0.00562	0.00241	0.00293
14	0.01440	0.01785	0.01220	0.01166	0.07781	0.72530	0.03647	0.03742	0.01132	0.01060	0.00647	0.00764	0.00534	0.00408	0.00369	0.00106	0.00694	0.00276	0.00211	0.00487

[dist]
# distance from previous block
# <min> <max>
1	5

[block]
# block no. 10 follows, 67 sequences, length 45
# corresponding to MSA columns:
# 543-587
name=unknown_K
#
# <colnr> <probs for GDERKNQSTAVLIFYWHMCP>
#	G	D	E	R	K	N	Q	S	T	A	V	L	I	F	Y	W	H	M	C	P
0	0.18468	0.02657	0.06616	0.08099	0.05291	0.01709	0.07307	0.17213	0.04489	0.01613	0.07995	0.08326	0.02439	0.00543	0.00411	0.00129	0.02419	0.01846	0.00295	0.02134
1	0.40840	0.13700	0.07461	0.15494	0.02997	0.07690	0.00732	0.03621	0.00812	0.01430	0.00619	0.00764	0.00489	0.00384	0.00318	0.00119	0.01578	0.00260	0.00218	0.00475
2	0.07360	0.04816	0.01170	0.02531	0.01206	0.08854	0.00734	0.58469	0.03860	0.02160	0.00898	0.00932	0.00659	0.00466	0.00398	0.00119	0.02247	0.00338	0.02162	0.00621
3	0.00485	0.00400	0.00420	0.00429	0.00544	0.00341	0.00313	0.00583	0.00895	0.01090	0.07640	0.12398	0.67283	0.04706	0.00546	0.00149	0.00214	0.00860	0.00370	0.00335
