[name]
unknown

[dist]
# distance from previous block
# <min> <max>
0	414

[block]
# block no. 0 follows, 55 sequences, length 23
# corresponding to MSA columns:
# 416-438
name=unknown_A
#
# <colnr> <probs for GDERKNQSTAVLIFYWHMCP>
#	G	D	E	R	K	N	Q	S	T	A	V	L	I	F	Y	W	H	M	C	P
0	0.00750	0.00535	0.00750	0.00857	0.00964	0.00535	0.00750	0.00964	0.01071	0.01392	0.02463	0.05248	0.02677	0.01285	0.00643	0.00214	0.00428	0.77617	0.00428	0.00428
1	0.01219	0.77365	0.08784	0.00839	0.01260	0.01780	0.00870	0.01399	0.00948	0.01125	0.00662	0.00765	0.00596	0.00402	0.00310	0.00103	0.00513	0.00256	0.00199	0.00604
2	0.00587	0.00473	0.00522	0.00510	0.00651	0.00408	0.00382	0.00739	0.01147	0.01463	0.30356	0.04138	0.54788	0.01101	0.00549	0.00153	0.00230	0.00934	0.00459	0.00408
3	0.81225	0.00883	0.00696	0.00619	0.00904	0.01012	0.00508	0.01386	0.00827	0.04969	0.03106	0.00868	0.00645	0.00453	0.00302	0.00144	0.00357	0.00278	0.00305	0.00512
4	0.00933	0.02406	0.81240	0.01326	0.02014	0.01080	0.01719	0.01473	0.00982	0.01473	0.00835	0.00982	0.00589	0.00442	0.00442	0.00147	0.00688	0.00344	0.00196	0.00688
5	0.00567	0.00405	0.00540	0.00648	0.00675	0.00378	0.00432	0.00648	0.00891	0.01188	0.02564	0.83347	0.03077	0.01457	0.00594	0.00189	0.00270	0.01323	0.00432	0.00378
6	0.00567	0.00405	0.00540	0.00648	0.00675	0.00378	0.00432	0.00648	0.00891	0.01188	0.02564	0.83347	0.03077	0.01457	0.00594	0.00189	0.00270	0.01323	0.00432	0.00378
7	0.01702	0.11421	0.01482	0.01027	0.01386	0.08617	0.00855	0.54622	0.04740	0.07950	0.01102	0.01102	0.00798	0.00536	0.00441	0.00134	0.00526	0.00395	0.00421	0.00743
8	0.00669	0.00480	0.00652	0.00652	0.00702	0.00530	0.00462	0.00769	0.00719	0.01009	0.01334	0.02312	0.01373	0.35405	0.50178	0.00630	0.00930	0.00569	0.00262	0.00362
9	0.01151	0.01105	0.01888	0.02855	0.80748	0.01105	0.01428	0.01428	0.01059	0.01520	0.00875	0.01151	0.00737	0.00415	0.00461	0.00138	0.00553	0.00415	0.00230	0.00737
10	0.00965	0.00827	0.00965	0.00689	0.01102	0.00620	0.00551	0.01171	0.00965	0.01516	0.00827	0.00965	0.00689	0.00345	0.00345	0.00069	0.00345	0.00276	0.00276	0.86494
11	0.01037	0.01153	0.16492	0.01058	0.08944	0.00823	0.00885	0.05708	0.07361	0.04431	0.07057	0.04687	0.01133	0.00505	0.00422	0.00115	0.00431	0.00423	0.00317	0.37020
12	0.01419	0.01437	0.01727	0.01373	0.04493	0.22933	0.24753	0.16986	0.01360	0.04364	0.00926	0.01077	0.00707	0.00448	0.00460	0.00129	0.00655	0.00406	0.00300	0.14048
13	0.04025	0.00943	0.01037	0.00890	0.01186	0.01019	0.00702	0.02276	0.56008	0.15777	0.01741	0.01604	0.01273	0.00587	0.00454	0.00146	0.00370	0.00483	0.00466	0.09012
14	0.00909	0.00778	0.00969	0.00884	0.08699	0.00635	0.00612	0.01135	0.03048	0.01499	0.05396	0.09742	0.05353	0.00548	0.00406	0.00099	0.00345	0.00469	0.00313	0.58162
15	0.01125	0.01078	0.01841	0.10542	0.73267	0.01098	0.01415	0.01405	0.01047	0.01488	0.00870	0.01160	0.00726	0.00419	0.00461	0.00140	0.00559	0.00414	0.00228	0.00716
16	0.00905	0.00854	0.01443	0.74846	0.10685	0.01041	0.01305	0.01212	0.00943	0.01221	0.00832	0.01232	0.00631	0.00460	0.00465	0.00153	0.00614	0.00414	0.00209	0.00538
17	0.01121	0.00854	0.01014	0.00759	0.01125	0.00728	0.00610	0.06753	0.03137	0.09281	0.02540	0.03083	0.00885	0.00450	0.00435	0.00094	0.04352	0.00353	0.00328	0.62098
18	0.06130	0.01007	0.01067	0.00928	0.01116	0.13490	0.03579	0.05792	0.07040	0.12571	0.15788	0.11882	0.02908	0.00774	0.00654	0.00157	0.13564	0.00606	0.00390	0.00559
19	0.01215	0.26122	0.27775	0.00975	0.01444	0.04809	0.01043	0.01504	0.01034	0.12217	0.02190	0.01078	0.01972	0.00459	0.00408	0.00121	0.01797	0.00339	0.00271	0.13226
20	0.32781	0.29630	0.08120	0.00777	0.01123	0.03829	0.00730	0.01466	0.04354	0.06680	0.02421	0.01025	0.00757	0.04119	0.00425	0.00142	0.00454	0.00316	0.00279	0.00570
21	0.04949	0.34408	0.36575	0.01028	0.01527	0.01370	0.01171	0.01517	0.08582	0.01407	0.02946	0.01017	0.00768	0.00456	0.00384	0.00129	0.00554	0.00333	0.00237	0.00642
22	0.02825	0.19984	0.23663	0.03848	0.01427	0.08577	0.01011	0.09848	0.01149	0.01516	0.08732	0.09439	0.02696	0.00622	0.00464	0.00139	0.02692	0.00486	0.00291	0.00590

[dist]
# distance from previous block
# <min> <max>
9	24

[block]
# block no. 1 follows, 55 sequences, length 7
# corresponding to MSA columns:
# 463-469
name=unknown_B
#
# <colnr> <probs for GDERKNQSTAVLIFYWHMCP>
#	G	D	E	R	K	N	Q	S	T	A	V	L	I	F	Y	W	H	M	C	P
0	0.00993	0.00971	0.01455	0.50586	0.21883	0.06152	0.01227	0.01270	0.00993	0.01286	0.00974	0.01297	0.03581	0.00474	0.00458	0.00144	0.00589	0.00420	0.00226	0.05021
1	0.00981	0.00932	0.01581	0.52530	0.32404	0.01061	0.01343	0.01279	0.00979	0.01313	0.00845	0.01207	0.00664	0.00446	0.00463	0.00149	0.00595	0.00414	0.00216	0.00600
2	0.00818	0.05525	0.00892	0.03263	0.00978	0.00716	0.02865	0.06105	0.11729	0.01547	0.16383	0.17942	0.17984	0.01115	0.04829	0.00192	0.00384	0.05820	0.00418	0.00496
3	0.06478	0.01129	0.13647	0.00896	0.01236	0.06193	0.00828	0.05784	0.03505	0.32916	0.01925	0.01954	0.13514	0.00675	0.00514	0.00151	0.03879	0.03702	0.00424	0.00650
4	0.01184	0.03177	0.07899	0.12334	0.35475	0.01102	0.13292	0.08778	0.01156	0.06251	0.01016	0.04407	0.00824	0.00483	0.00476	0.00145	0.00582	0.00465	0.00275	0.00679
5	0.01419	0.02859	0.01241	0.01111	0.08468	0.01012	0.03935	0.19009	0.18129	0.20627	0.01719	0.09739	0.05121	0.00681	0.00511	0.00152	0.02553	0.00572	0.00445	0.00696
6	0.01299	0.01127	0.01356	0.10065	0.22724	0.11303	0.00963	0.13356	0.01271	0.08132	0.06029	0.01261	0.00972	0.00484	0.00439	0.00125	0.00515	0.00404	0.00320	0.17854

[dist]
# distance from previous block
# <min> <max>
7	53

[block]
# block no. 2 follows, 55 sequences, length 22
# corresponding to MSA columns:
# 528-549
name=unknown_C
#
# <colnr> <probs for GDERKNQSTAVLIFYWHMCP>
#	G	D	E	R	K	N	Q	S	T	A	V	L	I	F	Y	W	H	M	C	P
0	0.02300	0.04654	0.01228	0.12531	0.10833	0.15832	0.00860	0.11851	0.03116	0.08321	0.04418	0.02986	0.14028	0.00716	0.02642	0.00157	0.01321	0.00514	0.00342	0.01348
1	0.00946	0.13480	0.20249	0.06787	0.01389	0.00930	0.03655	0.05492	0.01060	0.04497	0.06622	0.14213	0.08958	0.03681	0.01608	0.00166	0.00484	0.02583	0.00319	0.02881
2	0.03293	0.01058	0.10570	0.03215	0.08166	0.00864	0.25541	0.01310	0.02225	0.07267	0.10219	0.07949	0.04896	0.05137	0.00603	0.00165	0.00532	0.00598	0.00319	0.06073
3	0.00946	0.01107	0.17954	0.01429	0.23163	0.00823	0.01032	0.01291	0.06299	0.04473	0.10720	0.08871	0.03210	0.06214	0.00624	0.00174	0.00470	0.08586	0.00331	0.02282
4	0.04674	0.09048	0.51939	0.01136	0.01662	0.01085	0.01338	0.08529	0.01084	0.01581	0.02467	0.08021	0.00970	0.00579	0.00448	0.00149	0.00587	0.03804	0.00261	0.00640
5	0.01053	0.07653	0.07169	0.15657	0.05169	0.00839	0.00836	0.01290	0.00991	0.08733	0.01033	0.06997	0.00879	0.00483	0.00404	0.00112	0.00441	0.00403	0.00288	0.39571
6	0.01097	0.01281	0.21335	0.05650	0.01682	0.02490	0.18444	0.03448	0.05489	0.12291	0.01682	0.08152	0.10579	0.00642	0.00498	0.00153	0.00548	0.01602	0.00332	0.02605
7	0.00827	0.00635	0.00955	0.10177	0.07453	0.00609	0.07144	0.00996	0.01019	0.08628	0.02701	0.28614	0.26384	0.01006	0.00540	0.00164	0.00376	0.00899	0.00387	0.00485
8	0.01217	0.01260	0.13713	0.01439	0.19143	0.01139	0.01055	0.09062	0.39517	0.05323	0.01428	0.01425	0.01069	0.00544	0.00465	0.00150	0.00473	0.00460	0.00380	0.00736
9	0.01064	0.18755	0.44747	0.01508	0.14792	0.03344	0.06676	0.01461	0.01004	0.01396	0.00807	0.00976	0.00623	0.00426	0.00422	0.00136	0.00637	0.00349	0.00206	0.00669
10	0.01115	0.01757	0.42815	0.03297	0.23730	0.01059	0.09047	0.01530	0.01046	0.08824	0.00948	0.01116	0.00694	0.00442	0.00460	0.00146	0.00632	0.00396	0.00245	0.00702
11	0.00972	0.02051	0.59645	0.06027	0.11435	0.01090	0.09371	0.01454	0.01000	0.01465	0.00850	0.01044	0.00620	0.00435	0.00456	0.00148	0.00678	0.00376	0.00205	0.00678
12	0.00995	0.01240	0.14909	0.34225	0.20052	0.01088	0.18077	0.01353	0.01003	0.01374	0.00863	0.01181	0.00659	0.00434	0.00478	0.00150	0.00651	0.00431	0.00216	0.00617
13	0.01044	0.12435	0.37867	0.01145	0.01612	0.01017	0.10043	0.01393	0.01017	0.09571	0.01314	0.13261	0.03024	0.00632	0.00468	0.00150	0.00565	0.02534	0.00286	0.00620
14	0.01165	0.20092	0.14068	0.01317	0.16194	0.14922	0.01030	0.01402	0.01077	0.04108	0.01365	0.01845	0.07581	0.00617	0.00447	0.00140	0.00561	0.11198	0.00276	0.00594
15	0.00567	0.00466	0.00499	0.00503	0.00642	0.00398	0.00373	0.00697	0.01084	0.01341	0.15684	0.10887	0.62912	0.01168	0.00553	0.00158	0.00236	0.00989	0.00444	0.00398
16	0.00762	0.00678	0.01021	0.01043	0.06767	0.04124	0.12128	0.00925	0.00988	0.01297	0.04190	0.48710	0.04101	0.01143	0.00574	0.00179	0.00408	0.10125	0.00382	0.00455
17	0.01137	0.01124	0.01820	0.12652	0.54585	0.04559	0.08498	0.01497	0.06736	0.01490	0.00942	0.01201	0.00763	0.00437	0.00468	0.00143	0.00582	0.00430	0.00246	0.00690
18	0.00657	0.00503	0.00672	0.00686	0.00737	0.00550	0.00496	0.00757	0.00801	0.01096	0.01936	0.25771	0.09094	0.17909	0.28892	0.00430	0.07498	0.00808	0.00321	0.00385
19	0.00643	0.00469	0.00604	0.00582	0.00689	0.00431	0.00432	0.00844	0.01263	0.01765	0.68565	0.10188	0.09766	0.01010	0.00553	0.00151	0.00225	0.00891	0.00500	0.00431
20	0.01076	0.12555	0.61949	0.01235	0.01837	0.08609	0.01501	0.01519	0.01018	0.03434	0.00826	0.00955	0.00606	0.00443	0.00423	0.00139	0.00670	0.00331	0.00210	0.00665
21	0.01380	0.01630	0.18071	0.01132	0.01509	0.18998	0.03095	0.17983	0.26336	0.03316	0.01225	0.01236	0.00910	0.00535	0.00455	0.00143	0.00581	0.00415	0.00357	0.00692

[dist]
# distance from previous block
# <min> <max>
1	4

[block]
# block no. 3 follows, 55 sequences, length 201
# corresponding to MSA columns:
# 556-622,624-661,663-684,686-723,725-740,743-762
name=unknown_D
#
# <colnr> <probs for GDERKNQSTAVLIFYWHMCP>
#	G	D	E	R	K	N	Q	S	T	A	V	L	I	F	Y	W	H	M	C	P
0	0.01363	0.00965	0.05251	0.00921	0.02714	0.00882	0.02224	0.03548	0.29417	0.24648	0.04562	0.01558	0.01238	0.01711	0.00476	0.00139	0.00398	0.00462	0.00440	0.17084
1	0.02939	0.10496	0.63573	0.01282	0.01900	0.01146	0.07165	0.01448	0.00991	0.01461	0.02947	0.01039	0.00698	0.00447	0.00435	0.00143	0.00655	0.00360	0.00210	0.00663
2	0.47157	0.04965	0.02359	0.00739	0.03260	0.04750	0.00585	0.05172	0.01038	0.01929	0.19596	0.01557	0.04120	0.00585	0.00382	0.00141	0.00371	0.00432	0.00344	0.00516
3	0.03593	0.24848	0.57093	0.01158	0.01754	0.01289	0.01428	0.01448	0.00966	0.01387	0.00777	0.00910	0.00589	0.00430	0.00398	0.00134	0.00625	0.00315	0.00200	0.00657
4	0.00958	0.00584	0.00732	0.00638	0.00829	0.00524	0.00494	0.02321	0.03370	0.16444	0.46398	0.03014	0.14263	0.00858	0.00517	0.00142	0.00271	0.00739	0.00495	0.06409
5	0.00577	0.00418	0.00547	0.00636	0.00680	0.00387	0.00435	0.00674	0.00939	0.01250	0.08830	0.70086	0.08273	0.01395	0.00588	0.00184	0.00267	0.03010	0.00438	0.00385
6	0.01287	0.76801	0.02340	0.00831	0.01215	0.08816	0.00805	0.01434	0.00978	0.01098	0.00653	0.00754	0.00597	0.00405	0.00309	0.00101	0.00527	0.00253	0.00203	0.00592
7	0.00968	0.06843	0.75219	0.01291	0.01956	0.01130	0.01650	0.03134	0.01006	0.01484	0.00831	0.00972	0.00594	0.00442	0.00435	0.00145	0.00673	0.00340	0.00202	0.00685
8	0.06237	0.00988	0.01235	0.01004	0.01316	0.04648	0.09954	0.04724	0.29528	0.27584	0.04206	0.03951	0.01284	0.00599	0.00473	0.00151	0.00445	0.00514	0.00457	0.00701
9	0.20757	0.00994	0.01004	0.00857	0.01153	0.05708	0.00688	0.06505	0.28747	0.24134	0.01500	0.01487	0.01091	0.00577	0.00431	0.00149	0.00412	0.02678	0.00445	0.00682
10	0.00583	0.00429	0.00547	0.00619	0.00679	0.00393	0.00431	0.00693	0.00982	0.01300	0.13900	0.57794	0.14965	0.01339	0.00582	0.00179	0.00262	0.03490	0.00443	0.00390
11	0.01144	0.01098	0.01875	0.04983	0.78678	0.01103	0.01424	0.01421	0.01056	0.01511	0.00874	0.01154	0.00734	0.00416	0.00461	0.00139	0.00554	0.00414	0.00230	0.00731
12	0.01027	0.00978	0.01663	0.39257	0.45322	0.01073	0.01366	0.01319	0.01000	0.01369	0.00853	0.01192	0.00684	0.00438	0.00463	0.00146	0.00584	0.00414	0.00220	0.00636
13	0.00667	0.00494	0.00644	0.00728	0.00824	0.00474	0.00587	0.00842	0.02178	0.01318	0.02898	0.27116	0.17127	0.01304	0.00609	0.00196	0.00347	0.40805	0.00431	0.00412
14	0.00604	0.00460	0.00555	0.00559	0.00668	0.00411	0.00409	0.00761	0.01146	0.01526	0.39466	0.19528	0.29965	0.01128	0.00558	0.00158	0.00235	0.00984	0.00469	0.00411
15	0.00567	0.00405	0.00540	0.00648	0.00675	0.00378	0.00432	0.00648	0.00891	0.01188	0.02564	0.83347	0.03077	0.01457	0.00594	0.00189	0.00270	0.01323	0.00432	0.00378
16	0.00945	0.00979	0.00888	0.00860	0.00985	0.23737	0.04522	0.01077	0.01099	0.01309	0.15796	0.41408	0.02481	0.01034	0.00534	0.00160	0.00450	0.00905	0.00381	0.00448
17	0.00677	0.00451	0.00507	0.00507	0.00507	0.00451	0.00282	0.00677	0.00677	0.00902	0.01466	0.03044	0.01691	0.83650	0.02368	0.00451	0.00451	0.00677	0.00282	0.00282
18	0.00933	0.02406	0.81240	0.01326	0.02014	0.01080	0.01719	0.01473	0.00982	0.01473	0.00835	0.00982	0.00589	0.00442	0.00442	0.00147	0.00688	0.00344	0.00196	0.00688
19	0.01151	0.01105	0.01888	0.02855	0.80748	0.01105	0.01428	0.01428	0.01059	0.01520	0.00875	0.01151	0.00737	0.00415	0.00461	0.00138	0.00553	0.00415	0.00230	0.00737
20	0.00952	0.00902	0.01527	0.61179	0.23986	0.01053	0.01328	0.01253	0.00965	0.01277	0.00840	0.01216	0.00651	0.00452	0.00464	0.00151	0.00602	0.00414	0.00213	0.00576
21	0.03491	0.01068	0.01075	0.00884	0.01183	0.15169	0.00705	0.08822	0.07767	0.41983	0.08563	0.01580	0.01321	0.00591	0.00458	0.00139	0.00460	0.00466	0.03583	0.00692
22	0.00568	0.00406	0.00539	0.00646	0.00672	0.00379	0.00430	0.00648	0.00888	0.01183	0.02548	0.82156	0.03056	0.02677	0.00620	0.00193	0.00273	0.01313	0.00430	0.00376
23	0.01057	0.01009	0.01718	0.30377	0.53963	0.01081	0.01381	0.01345	0.01015	0.01405	0.00858	0.01182	0.00697	0.00432	0.00462	0.00144	0.00576	0.00414	0.00222	0.00661
24	0.01738	0.02217	0.01318	0.01199	0.01438	0.81783	0.00899	0.01858	0.01318	0.01139	0.00719	0.00839	0.00599	0.00479	0.00419	0.00120	0.00839	0.00300	0.00240	0.00539
25	0.01029	0.01120	0.02319	0.27381	0.02675	0.01131	0.54523	0.01395	0.01045	0.01395	0.00905	0.01250	0.00679	0.00415	0.00523	0.00156	0.00733	0.00506	0.00226	0.00593
26	0.00933	0.02406	0.81240	0.01326	0.02014	0.01080	0.01719	0.01473	0.00982	0.01473	0.00835	0.00982	0.00589	0.00442	0.00442	0.00147	0.00688	0.00344	0.00196	0.00688
27	0.00737	0.00527	0.00736	0.00843	0.00945	0.00525	0.00728	0.00943	0.01059	0.01379	0.02470	0.10463	0.02704	0.01297	0.00639	0.00213	0.00418	0.72522	0.00429	0.00425
28	0.00879	0.00827	0.01395	0.82532	0.03204	0.01034	0.01292	0.01189	0.00930	0.01189	0.00827	0.01240	0.00620	0.00465	0.00465	0.00155	0.00620	0.00413	0.00207	0.00517
29	0.00579	0.00472	0.00512	0.00502	0.00646	0.00405	0.00376	0.00724	0.01129	0.01420	0.25062	0.04208	0.60109	0.01117	0.00550	0.00154	0.00231	0.00944	0.00454	0.00405
30	0.01151	0.01105	0.01888	0.02855	0.80748	0.01105	0.01428	0.01428	0.01059	0.01520	0.00875	0.01151	0.00737	0.00415	0.00461	0.00138	0.00553	0.00415	0.00230	0.00737
31	0.00675	0.00456	0.00531	0.00531	0.00540	0.00464	0.00312	0.00692	0.00684	0.00920	0.01444	0.02923	0.01639	0.75673	0.10274	0.00481	0.00530	0.00659	0.00279	0.00295
32	0.01041	0.00836	0.00980	0.00705	0.01115	0.00642	0.00566	0.02999	0.01011	0.05635	0.00885	0.01000	0.00715	0.00361	0.00354	0.00074	0.00351	0.00289	0.00295	0.80146
33	0.01214	0.76182	0.09928	0.00846	0.01272	0.01769	0.00884	0.01401	0.00949	0.01131	0.00665	0.00769	0.00596	0.00402	0.00312	0.00104	0.00516	0.00258	0.00199	0.00606
34	0.01419	0.01413	0.01945	0.01483	0.01855	0.19936	0.37198	0.13972	0.02828	0.08054	0.01074	0.01347	0.00831	0.00497	0.00502	0.00147	0.00699	0.03848	0.00313	0.00639
35	0.01020	0.00825	0.00970	0.00696	0.01107	0.00623	0.00558	0.01225	0.00983	0.05429	0.00876	0.00995	0.00712	0.00356	0.00351	0.00073	0.00347	0.00285	0.00290	0.82279
36	0.03015	0.13807	0.64720	0.01200	0.01813	0.01158	0.01503	0.01429	0.00981	0.01437	0.02503	0.01073	0.02480	0.00463	0.00423	0.00141	0.00633	0.00353	0.00211	0.00659
37	0.01146	0.01100	0.01879	0.04360	0.79284	0.01104	0.01425	0.01423	0.01057	0.01514	0.00874	0.01153	0.00735	0.00415	0.00461	0.00138	0.00554	0.00414	0.00230	0.00733
38	0.00677	0.00451	0.00507	0.00507	0.00507	0.00451	0.00282	0.00677	0.00677	0.00902	0.01466	0.03044	0.01691	0.83650	0.02368	0.00451	0.00451	0.00677	0.00282	0.00282
39	0.00743	0.00532	0.00742	0.00848	0.00954	0.00530	0.00738	0.00954	0.01067	0.01386	0.02494	0.06825	0.03681	0.01287	0.00640	0.00213	0.00423	0.75087	0.00428	0.00427
40	0.00999	0.19625	0.64597	0.01214	0.01840	0.01241	0.01524	0.01456	0.00974	0.01393	0.00795	0.00932	0.00591	0.00433	0.00412	0.00137	0.00647	0.00324	0.00197	0.00668
41	0.01755	0.01296	0.01388	0.01068	0.01437	0.01436	0.00881	0.77456	0.03951	0.02910	0.01135	0.01131	0.00805	0.00560	0.00466	0.00140	0.00509	0.00421	0.00466	0.00790
42	0.00933	0.02406	0.81240	0.01326	0.02014	0.01080	0.01719	0.01473	0.00982	0.01473	0.00835	0.00982	0.00589	0.00442	0.00442	0.00147	0.00688	0.00344	0.00196	0.00688
43	0.00615	0.00466	0.00567	0.00564	0.00677	0.00419	0.00418	0.00784	0.01176	0.01578	0.45176	0.14434	0.27682	0.01095	0.00557	0.00157	0.00235	0.02509	0.00475	0.00416
44	0.01009	0.16591	0.65390	0.01230	0.01856	0.03368	0.01536	0.01470	0.00985	0.01398	0.00799	0.00937	0.00591	0.00435	0.00416	0.00138	0.00659	0.00326	0.00198	0.00668
45	0.00567	0.00405	0.00540	0.00648	0.00675	0.00378	0.00432	0.00648	0.00891	0.01188	0.02564	0.83347	0.03077	0.01457	0.00594	0.00189	0.00270	0.01323	0.00432	0.00378
46	0.01080	0.01100	0.01367	0.01179	0.01211	0.08547	0.00968	0.03011	0.00801	0.01155	0.00677	0.01095	0.00665	0.03837	0.03210	0.00216	0.68747	0.00410	0.00217	0.00508
47	0.01126	0.21309	0.48116	0.01143	0.01698	0.01295	0.01337	0.09624	0.05998	0.02901	0.00903	0.00998	0.00673	0.00458	0.00413	0.00136	0.00600	0.00343	0.00249	0.00682
48	0.01086	0.00734	0.02758	0.00737	0.00963	0.00702	0.00593	0.01598	0.23486	0.17881	0.22838	0.02703	0.15980	0.00807	0.00504	0.00151	0.00317	0.02508	0.03060	0.00592
49	0.00560	0.00431	0.00512	0.00577	0.00656	0.00384	0.00401	0.00656	0.00958	0.01215	0.03421	0.51889	0.33982	0.01346	0.00576	0.00176	0.00256	0.01187	0.00432	0.00384
50	0.01088	0.01217	0.02586	0.01862	0.02310	0.01153	0.72266	0.01527	0.05568	0.01527	0.03380	0.01349	0.00857	0.00422	0.00545	0.00157	0.00744	0.00556	0.00257	0.00628
51	0.00957	0.07206	0.74651	0.01332	0.03869	0.01126	0.01657	0.01467	0.00982	0.01452	0.00825	0.00972	0.00593	0.00439	0.00434	0.00144	0.00673	0.00340	0.00197	0.00683
52	0.00623	0.00445	0.00604	0.00712	0.00763	0.00426	0.00529	0.00745	0.00946	0.01250	0.02533	0.59405	0.02954	0.01405	0.00609	0.00197	0.00318	0.24711	0.00431	0.00393
53	0.01138	0.01063	0.01497	0.13281	0.15667	0.02484	0.01110	0.12229	0.01023	0.01457	0.00762	0.01085	0.00660	0.00652	0.01017	0.00175	0.43454	0.00409	0.00246	0.00591
54	0.07138	0.00696	0.00890	0.00726	0.00997	0.00631	0.00585	0.02971	0.01291	0.46798	0.25289	0.02239	0.06307	0.00710	0.00484	0.00145	0.00334	0.00591	0.00528	0.00647
55	0.00616	0.00462	0.00570	0.00568	0.00675	0.00417	0.00417	0.00786	0.01179	0.01597	0.48146	0.17699	0.22972	0.01096	0.00557	0.00156	0.00232	0.00960	0.00478	0.00417
56	0.02069	0.00821	0.01098	0.00842	0.01202	0.00728	0.00695	0.06718	0.01381	0.76550	0.01794	0.01556	0.01131	0.00575	0.00468	0.00144	0.00403	0.00465	0.00569	0.00792
57	0.01192	0.00992	0.01053	0.00942	0.01209	0.01139	0.00734	0.02464	0.76980	0.04894	0.01891	0.01730	0.01410	0.00629	0.00473	0.00157	0.00369	0.00524	0.00477	0.00738
58	0.01161	0.00943	0.00874	0.00776	0.00962	0.18926	0.00594	0.03474	0.01343	0.14369	0.47702	0.02511	0.02916	0.00774	0.00504	0.00140	0.00396	0.00647	0.00459	0.00528
59	0.00965	0.00827	0.00965	0.00689	0.01102	0.00620	0.00551	0.01171	0.00965	0.01516	0.00827	0.00965	0.00689	0.00345	0.00345	0.00069	0.00345	0.00276	0.00276	0.86494
60	0.01214	0.76094	0.10013	0.00847	0.01273	0.01768	0.00885	0.01401	0.00949	0.01131	0.00665	0.00769	0.00596	0.00402	0.00312	0.00104	0.00516	0.00258	0.00199	0.00606
61	0.00653	0.00560	0.02334	0.00836	0.00938	0.00518	0.10133	0.00793	0.00897	0.01214	0.02142	0.59920	0.02462	0.01602	0.12362	0.00265	0.00482	0.01090	0.00377	0.00420
62	0.00665	0.00498	0.00748	0.00748	0.00831	0.00582	0.00582	0.00831	0.00748	0.01080	0.01246	0.01828	0.01163	0.03489	0.81807	0.00748	0.01246	0.00498	0.00249	0.00415
63	0.00972	0.00850	0.01060	0.00757	0.01173	0.00650	0.04744	0.01188	0.00972	0.01515	0.00833	0.00980	0.00690	0.00347	0.00355	0.00074	0.00368	0.00290	0.00273	0.81909
64	0.00631	0.00492	0.00669	0.00690	0.00779	0.00460	0.04296	0.01939	0.02874	0.01322	0.10112	0.55438	0.15982	0.01278	0.00575	0.00177	0.00291	0.01150	0.00431	0.00413
65	0.00638	0.00456	0.00622	0.00729	0.00787	0.00439	0.00556	0.00771	0.00961	0.01267	0.02525	0.52937	0.02921	0.01390	0.00613	0.00199	0.00332	0.31030	0.00430	0.00398
66	0.00656	0.00475	0.00619	0.00583	0.00694	0.00438	0.00437	0.00874	0.01312	0.01853	0.78920	0.03496	0.05980	0.00956	0.00549	0.00147	0.00220	0.00844	0.00510	0.00438
67	0.01025	0.10940	0.51927	0.04912	0.10081	0.03587	0.08294	0.01461	0.01004	0.01416	0.00824	0.01004	0.00617	0.00432	0.00438	0.00142	0.00663	0.00360	0.00205	0.00666
68	0.00567	0.00405	0.00540	0.00648	0.00675	0.00378	0.00432	0.00648	0.00891	0.01188	0.02564	0.83347	0.03077	0.01457	0.00594	0.00189	0.00270	0.01323	0.00432	0.00378
69	0.19856	0.01410	0.01485	0.04378	0.17383	0.25916	0.10519	0.04191	0.01091	0.01525	0.00771	0.00973	0.00628	0.00476	0.00511	0.00142	0.07546	0.00360	0.00251	0.00587
70	0.19385	0.00711	0.00795	0.00669	0.00919	0.00698	0.00535	0.05194	0.01168	0.30459	0.12469	0.01929	0.07567	0.02856	0.00478	0.00148	0.00334	0.00511	0.12587	0.00588
71	0.00603	0.00470	0.00548	0.00535	0.00663	0.00414	0.00399	0.00768	0.01176	0.01548	0.41245	0.08044	0.39753	0.01083	0.00552	0.00154	0.00230	0.00931	0.00471	0.00414
72	0.01196	0.01060	0.01070	0.00828	0.01178	0.12199	0.00657	0.08127	0.01126	0.05915	0.00933	0.03462	0.00778	0.00452	0.00441	0.00097	0.04666	0.00340	0.00305	0.55170
73	0.01768	0.01303	0.01396	0.01070	0.01443	0.01443	0.00884	0.79197	0.02187	0.02932	0.01117	0.01117	0.00791	0.00558	0.00465	0.00140	0.00512	0.00419	0.00465	0.00791
74	0.00572	0.00421	0.00538	0.00628	0.00680	0.00387	0.00433	0.00665	0.00926	0.01208	0.02908	0.67151	0.15615	0.01405	0.00589	0.00185	0.00271	0.04604	0.00432	0.00382
75	0.00569	0.00408	0.00541	0.00647	0.00678	0.00381	0.00435	0.00653	0.00898	0.01192	0.02616	0.80205	0.05003	0.01448	0.00593	0.00189	0.00271	0.02462	0.00432	0.00379
76	0.00939	0.04038	0.79663	0.01315	0.01997	0.01096	0.01700	0.01472	0.00981	0.01466	0.00831	0.00977	0.00589	0.00441	0.00439	0.00146	0.00684	0.00342	0.00196	0.00686
77	0.00567	0.00405	0.00540	0.00648	0.00675	0.00378	0.00432	0.00648	0.00891	0.01188	0.02564	0.83347	0.03077	0.01457	0.00594	0.00189	0.00270	0.01323	0.00432	0.00378
78	0.00569	0.00408	0.00541	0.00643	0.00674	0.00380	0.00431	0.00655	0.00906	0.01209	0.04878	0.79553	0.04553	0.01438	0.00592	0.00187	0.00268	0.01302	0.00434	0.00380
79	0.01768	0.01221	0.01304	0.01019	0.01370	0.04723	0.00833	0.58300	0.04294	0.15969	0.01287	0.03601	0.00929	0.00586	0.00468	0.00141	0.00495	0.00452	0.00474	0.00767
80	0.01018	0.01018	0.01425	0.01221	0.01221	0.01425	0.01018	0.01120	0.00712	0.01120	0.00611	0.01018	0.00611	0.00814	0.01527	0.00204	0.82799	0.00407	0.00204	0.00509
81	0.01054	0.27091	0.38302	0.01187	0.01729	0.01281	0.11946	0.01421	0.00985	0.01364	0.00791	0.00946	0.00618	0.00412	0.00403	0.00126	0.00608	0.00336	0.00210	0.09191
82	0.01738	0.02217	0.01318	0.01199	0.01438	0.81783	0.00899	0.01858	0.01318	0.01139	0.00719	0.00839	0.00599	0.00479	0.00419	0.00120	0.00839	0.00300	0.00240	0.00539
83	0.01211	0.01026	0.01082	0.00958	0.01230	0.01182	0.00749	0.09218	0.73075	0.02033	0.01825	0.01681	0.01365	0.00625	0.00473	0.00156	0.00381	0.00517	0.00473	0.00741
84	0.01244	0.83930	0.02438	0.00796	0.01194	0.01841	0.00796	0.01393	0.00945	0.01095	0.00647	0.00746	0.00597	0.00398	0.00299	0.00100	0.00498	0.00249	0.00199	0.00597
85	0.00572	0.00472	0.00502	0.00495	0.00642	0.00402	0.00371	0.00711	0.01113	0.01382	0.20304	0.04271	0.64891	0.01131	0.00550	0.00155	0.00232	0.00953	0.00448	0.00402
86	0.01977	0.00969	0.01189	0.00912	0.01276	0.00947	0.00753	0.28933	0.01628	0.53986	0.01586	0.01422	0.01027	0.00570	0.00467	0.00142	0.00436	0.00451	0.00538	0.00792
87	0.00729	0.00550	0.00683	0.00636	0.00768	0.00540	0.00481	0.01103	0.12423	0.01877	0.69394	0.03229	0.03970	0.00906	0.00538	0.00148	0.00240	0.00797	0.00507	0.00481
88	0.28907	0.00874	0.01088	0.01025	0.10486	0.00859	0.02569	0.01864	0.01123	0.44739	0.01324	0.01262	0.00886	0.00507	0.00412	0.00144	0.00412	0.00395	0.00436	0.00690
89	0.00733	0.00547	0.00661	0.00617	0.00759	0.00526	0.00468	0.01072	0.11053	0.03414	0.57307	0.03376	0.15808	0.00939	0.00538	0.00149	0.00244	0.00816	0.00496	0.00476
90	0.00668	0.00478	0.00614	0.00580	0.00696	0.00437	0.00435	0.00876	0.01287	0.02954	0.71364	0.05179	0.10734	0.00975	0.00549	0.00148	0.00224	0.00858	0.00505	0.00439
91	0.01243	0.54621	0.12021	0.00975	0.01357	0.11570	0.02748	0.01439	0.00979	0.01158	0.00683	0.00822	0.00600	0.00449	0.00443	0.00118	0.07685	0.00287	0.00205	0.00594
92	0.00567	0.00405	0.00540	0.00648	0.00675	0.00378	0.00432	0.00648	0.00891	0.01188	0.02564	0.83347	0.03077	0.01457	0.00594	0.00189	0.00270	0.01323	0.00432	0.00378
93	0.00566	0.00408	0.00537	0.00640	0.00673	0.00379	0.00428	0.00649	0.00898	0.01191	0.02660	0.79843	0.06519	0.01445	0.00592	0.00188	0.00268	0.01307	0.00432	0.00379
94	0.01098	0.01255	0.02745	0.01961	0.02431	0.01176	0.79059	0.01490	0.01098	0.01490	0.00941	0.01255	0.00706	0.00392	0.00549	0.00157	0.00784	0.00549	0.00235	0.00627
95	0.00933	0.02406	0.81240	0.01326	0.02014	0.01080	0.01719	0.01473	0.00982	0.01473	0.00835	0.00982	0.00589	0.00442	0.00442	0.00147	0.00688	0.00344	0.00196	0.00688
96	0.00591	0.00424	0.00560	0.00646	0.00690	0.00397	0.00447	0.00697	0.00956	0.01282	0.12491	0.65270	0.05044	0.02835	0.00621	0.00189	0.00275	0.05759	0.00439	0.00387
97	0.01186	0.01007	0.01065	0.00946	0.01213	0.01159	0.00739	0.07634	0.72679	0.02011	0.03801	0.01737	0.01452	0.00634	0.00475	0.00156	0.00374	0.00527	0.00474	0.00733
98	0.01230	0.80376	0.05874	0.00819	0.01230	0.01808	0.00836	0.01397	0.00947	0.01111	0.00655	0.00757	0.00597	0.00400	0.00305	0.00102	0.00506	0.00253	0.00199	0.00601
99	0.00742	0.02377	0.00710	0.00623	0.00755	0.00536	0.00475	0.06246	0.01350	0.01889	0.69400	0.05664	0.05590	0.00932	0.00539	0.00146	0.00248	0.00817	0.00498	0.00464
100	0.01244	0.83930	0.02438	0.00796	0.01194	0.01841	0.00796	0.01393	0.00945	0.01095	0.00647	0.00746	0.00597	0.00398	0.00299	0.00100	0.00498	0.00249	0.00199	0.00597
101	0.00594	0.00496	0.00510	0.00498	0.00658	0.00428	0.00376	0.03033	0.01113	0.01351	0.10121	0.04304	0.72629	0.01143	0.00547	0.00156	0.00243	0.00955	0.00439	0.00408
102	0.00574	0.00411	0.00554	0.00655	0.00685	0.00392	0.00442	0.00660	0.00881	0.01180	0.02474	0.77760	0.02946	0.01597	0.06160	0.00227	0.00337	0.01266	0.00419	0.00380
103	0.12155	0.01376	0.01327	0.01153	0.01274	0.25998	0.02643	0.01385	0.00917	0.01257	0.00656	0.00935	0.00596	0.00654	0.01008	0.00169	0.45394	0.00358	0.00226	0.00520
104	0.00933	0.02406	0.81240	0.01326	0.02014	0.01080	0.01719	0.01473	0.00982	0.01473	0.00835	0.00982	0.00589	0.00442	0.00442	0.00147	0.00688	0.00344	0.00196	0.00688
105	0.01789	0.01295	0.01372	0.01058	0.01425	0.03795	0.00871	0.71610	0.02103	0.08233	0.01154	0.01141	0.00810	0.00557	0.00464	0.00139	0.00514	0.00419	0.00466	0.00784
106	0.01124	0.01536	0.31905	0.02854	0.04181	0.01010	0.19341	0.09177	0.01158	0.08416	0.02616	0.08251	0.00980	0.00545	0.00483	0.00148	0.00601	0.00503	0.00296	0.04875
107	0.00980	0.14712	0.69345	0.01246	0.01890	0.01195	0.01580	0.01461	0.00977	0.01416	0.00806	0.00947	0.00590	0.00435	0.00420	0.00140	0.00659	0.00329	0.00197	0.00674
108	0.81042	0.01003	0.06205	0.00661	0.00976	0.01046	0.00587	0.01375	0.00805	0.02045	0.00661	0.00771	0.00510	0.00433	0.00298	0.00144	0.00382	0.00258	0.00282	0.00516
109	0.01989	0.00801	0.01064	0.00829	0.01176	0.00716	0.00681	0.02259	0.07541	0.73207	0.01834	0.01599	0.01174	0.00579	0.00465	0.00144	0.00390	0.00472	0.02300	0.00780
110	0.01089	0.37532	0.38218	0.01065	0.01580	0.03039	0.02502	0.01478	0.04993	0.01322	0.00899	0.01003	0.02545	0.00450	0.00385	0.00127	0.00583	0.00330	0.00219	0.00640
111	0.01421	0.02961	0.11016	0.00888	0.01232	0.00906	0.00797	0.10796	0.18964	0.28974	0.05358	0.01921	0.11374	0.00659	0.00476	0.00148	0.00414	0.00536	0.00463	0.00696
112	0.00567	0.00405	0.00540	0.00648	0.00675	0.00378	0.00432	0.00648	0.00891	0.01188	0.02564	0.83347	0.03077	0.01457	0.00594	0.00189	0.00270	0.01323	0.00432	0.00378
113	0.00572	0.00472	0.00504	0.00512	0.00655	0.00404	0.00387	0.00703	0.01078	0.01322	0.12156	0.08406	0.64873	0.01175	0.00557	0.00161	0.00246	0.04978	0.00440	0.00399
114	0.03459	0.34276	0.34472	0.01087	0.03015	0.07942	0.01181	0.01535	0.04703	0.03220	0.00821	0.00924	0.00646	0.00439	0.00382	0.00126	0.00592	0.00313	0.00226	0.00641
115	0.02004	0.00893	0.02617	0.00861	0.01221	0.02282	0.00720	0.09825	0.01403	0.68839	0.01718	0.01515	0.01096	0.00569	0.00463	0.00142	0.00418	0.00457	0.02179	0.00778
116	0.00571	0.00408	0.00545	0.00653	0.00681	0.00382	0.00439	0.00655	0.00895	0.01192	0.02562	0.81546	0.03068	0.01454	0.00595	0.00190	0.00274	0.03082	0.00432	0.00379
117	0.00839	0.00566	0.00819	0.20071	0.01344	0.00589	0.00669	0.01013	0.02704	0.10730	0.03201	0.49486	0.02220	0.02786	0.00582	0.00180	0.00373	0.00967	0.00395	0.00467
118	0.03623	0.08004	0.36714	0.01486	0.15769	0.10519	0.02839	0.09091	0.01148	0.03183	0.00869	0.01023	0.00663	0.00527	0.02461	0.00153	0.00650	0.00359	0.00246	0.00671
119	0.01233	0.01260	0.08339	0.01653	0.05932	0.03417	0.43042	0.01545	0.01063	0.12666	0.00995	0.01224	0.00743	0.00495	0.00681	0.00160	0.14154	0.00484	0.00275	0.00639
120	0.01100	0.02900	0.10490	0.01855	0.02344	0.01186	0.68093	0.03326	0.01110	0.01515	0.00929	0.01215	0.00694	0.00401	0.00532	0.00154	0.00763	0.00520	0.00236	0.00637
121	0.00904	0.00527	0.00658	0.00599	0.00761	0.00470	0.00458	0.01085	0.01220	0.16293	0.40424	0.07510	0.20797	0.00938	0.00524	0.00149	0.00258	0.00808	0.05126	0.00490
122	0.00985	0.00600	0.00657	0.00583	0.00771	0.00576	0.00445	0.03416	0.09340	0.09217	0.03591	0.02151	0.12930	0.06332	0.00538	0.00145	0.00290	0.00535	0.37352	0.09543
123	0.07028	0.00894	0.01111	0.00856	0.01215	0.00843	0.00706	0.16388	0.01447	0.59571	0.01602	0.01430	0.01033	0.00557	0.00453	0.00141	0.00414	0.00440	0.00529	0.03344
124	0.00567	0.00405	0.00540	0.00648	0.00675	0.00378	0.00432	0.00648	0.00891	0.01188	0.02564	0.83347	0.03077	0.01457	0.00594	0.00189	0.00270	0.01323	0.00432	0.00378
125	0.00567	0.00405	0.00540	0.00648	0.00675	0.00378	0.00432	0.00648	0.00891	0.01188	0.02564	0.83347	0.03077	0.01457	0.00594	0.00189	0.00270	0.01323	0.00432	0.00378
126	0.00638	0.00460	0.00603	0.00599	0.00690	0.00425	0.00437	0.00826	0.01220	0.01712	0.62870	0.21545	0.04093	0.01066	0.00559	0.00156	0.00231	0.00950	0.00494	0.00425
127	0.01080	0.01201	0.02446	0.01794	0.02158	0.01233	0.61403	0.01406	0.01011	0.01406	0.00866	0.01201	0.00684	0.00488	0.00770	0.00167	0.19339	0.00517	0.00228	0.00601
128	0.01738	0.02217	0.01318	0.01199	0.01438	0.81783	0.00899	0.01858	0.01318	0.01139	0.00719	0.00839	0.00599	0.00479	0.00419	0.00120	0.00839	0.00300	0.00240	0.00539
129	0.00576	0.00411	0.00550	0.00658	0.00689	0.00385	0.00447	0.00663	0.00899	0.01197	0.02559	0.79594	0.03058	0.01449	0.00596	0.00190	0.00278	0.04988	0.00432	0.00380
130	0.01137	0.22674	0.43394	0.01193	0.01737	0.02700	0.07918	0.03271	0.04310	0.06198	0.00905	0.01014	0.00674	0.00446	0.00418	0.00136	0.00616	0.00353	0.00241	0.00668
131	0.00885	0.00833	0.01407	0.80707	0.04980	0.01035	0.01295	0.01194	0.00933	0.01196	0.00828	0.01238	0.00623	0.00464	0.00465	0.00155	0.00619	0.00413	0.00207	0.00522
132	0.00572	0.00409	0.00546	0.00654	0.00683	0.00383	0.00441	0.00657	0.00896	0.01194	0.02561	0.81010	0.03065	0.01452	0.00595	0.00190	0.00275	0.03606	0.00432	0.00379
133	0.01328	0.69940	0.02246	0.00865	0.01236	0.15528	0.00814	0.01473	0.01009	0.01102	0.00659	0.00762	0.00597	0.00412	0.00319	0.00103	0.00556	0.00257	0.00206	0.00587
134	0.00942	0.04850	0.78878	0.01310	0.01989	0.01103	0.01691	0.01471	0.00981	0.01462	0.00829	0.00975	0.00590	0.00441	0.00438	0.00146	0.00682	0.00341	0.00197	0.00685
135	0.03368	0.01300	0.04206	0.01278	0.02862	0.09973	0.19696	0.21931	0.21155	0.06392	0.01260	0.01344	0.00939	0.00530	0.00480	0.00148	0.00572	0.01495	0.00376	0.00695
136	0.00643	0.00475	0.00600	0.00569	0.00685	0.00432	0.00427	0.00848	0.01280	0.01778	0.69616	0.03619	0.15331	0.00984	0.00549	0.00148	0.00222	0.00862	0.00501	0.00432
137	0.01163	0.01069	0.01698	0.07956	0.58690	0.01070	0.01263	0.08142	0.01137	0.01619	0.00887	0.01132	0.00728	0.00422	0.00447	0.00131	0.00528	0.00398	0.00255	0.11266
138	0.00997	0.11959	0.70072	0.01252	0.01898	0.01160	0.01586	0.01483	0.00986	0.03313	0.00836	0.00969	0.00604	0.00440	0.00426	0.00142	0.00658	0.00336	0.00206	0.00679
139	0.00933	0.02406	0.81240	0.01326	0.02014	0.01080	0.01719	0.01473	0.00982	0.01473	0.00835	0.00982	0.00589	0.00442	0.00442	0.00147	0.00688	0.00344	0.00196	0.00688
140	0.01793	0.00995	0.01247	0.12468	0.01571	0.01027	0.00847	0.31875	0.01606	0.39555	0.01415	0.01354	0.00937	0.00553	0.00467	0.00144	0.00472	0.00441	0.00481	0.00753
141	0.01265	0.76985	0.05077	0.00827	0.01229	0.04183	0.00828	0.01428	0.00966	0.02750	0.00680	0.00774	0.00608	0.00406	0.00311	0.00103	0.00512	0.00258	0.00208	0.00602
142	0.74946	0.00884	0.00740	0.00642	0.00940	0.00993	0.00529	0.01495	0.00868	0.13249	0.00816	0.00873	0.00595	0.00452	0.00313	0.00144	0.00365	0.00282	0.00329	0.00545
143	0.00653	0.00475	0.00614	0.00579	0.00691	0.00436	0.00434	0.00867	0.01303	0.01833	0.76398	0.03529	0.08515	0.00963	0.00549	0.00147	0.00220	0.00849	0.00508	0.00436
144	0.00934	0.00887	0.01232	0.01078	0.01088	0.01206	0.00876	0.01031	0.00712	0.01088	0.00791	0.01362	0.00809	0.11282	0.11151	0.00298	0.63036	0.00451	0.00219	0.00470
145	0.01698	0.05923	0.01362	0.01173	0.01420	0.75709	0.00889	0.01855	0.03653	0.01161	0.00751	0.00862	0.00624	0.00480	0.00416	0.00120	0.00809	0.00304	0.00245	0.00548
146	0.01200	0.01020	0.01076	0.00955	0.01226	0.01177	0.00747	0.07800	0.74511	0.02015	0.01840	0.01693	0.01376	0.00626	0.00473	0.00157	0.00378	0.00519	0.00473	0.00740
147	0.00571	0.00408	0.00545	0.00653	0.00681	0.00381	0.00439	0.00655	0.00895	0.01192	0.02562	0.81558	0.03068	0.01454	0.00595	0.00190	0.00274	0.03070	0.00432	0.00379
148	0.23223	0.00886	0.01022	0.00806	0.01149	0.00873	0.00665	0.12133	0.01309	0.51108	0.01445	0.01316	0.00943	0.00538	0.00423	0.00143	0.00402	0.00408	0.00489	0.00720
149	0.00553	0.00471	0.00476	0.00475	0.00630	0.00394	0.00356	0.00674	0.01068	0.01275	0.06985	0.04447	0.78276	0.01171	0.00550	0.00157	0.00235	0.00978	0.00434	0.00394
150	0.00628	0.00462	0.00514	0.00508	0.00582	0.00428	0.00334	0.00707	0.00920	0.01189	0.15805	0.03625	0.30165	0.40550	0.01418	0.00296	0.00336	0.00813	0.00374	0.00347
151	0.00940	0.04286	0.79423	0.01314	0.01995	0.01098	0.01698	0.01471	0.00981	0.01465	0.00831	0.00977	0.00589	0.00441	0.00439	0.00146	0.00683	0.00342	0.00196	0.00685
152	0.01739	0.02194	0.01320	0.01195	0.01438	0.79779	0.00899	0.03786	0.01340	0.01183	0.00729	0.00846	0.00604	0.00481	0.00421	0.00120	0.00831	0.00303	0.00245	0.00546
153	0.00563	0.00419	0.00526	0.00611	0.00665	0.00381	0.00416	0.00652	0.00926	0.01202	0.03010	0.66991	0.19145	0.01400	0.00585	0.00182	0.00263	0.01252	0.00432	0.00381
154	0.00872	0.00693	0.00781	0.00771	0.00931	0.00744	0.00581	0.01523	0.36090	0.02690	0.03932	0.28067	0.10632	0.00999	0.00528	0.00170	0.00320	0.06166	0.02957	0.00551
155	0.00933	0.02406	0.81240	0.01326	0.02014	0.01080	0.01719	0.01473	0.00982	0.01473	0.00835	0.00982	0.00589	0.00442	0.00442	0.00147	0.00688	0.00344	0.00196	0.00688
156	0.00645	0.00471	0.00553	0.00584	0.00644	0.00454	0.00392	0.00770	0.04318	0.01170	0.06281	0.26743	0.16968	0.32202	0.01247	0.00279	0.00342	0.05188	0.00381	0.00366
157	0.01003	0.03718	0.02939	0.56602	0.11549	0.06469	0.01228	0.03634	0.01002	0.01276	0.00868	0.03364	0.00701	0.00499	0.00494	0.00151	0.03302	0.00423	0.00225	0.00553
158	0.05614	0.01001	0.01046	0.00795	0.01173	0.06217	0.00637	0.12525	0.06005	0.05045	0.00959	0.01040	0.00752	0.00416	0.00377	0.00095	0.00406	0.00320	0.00326	0.55252
159	0.01091	0.25677	0.49694	0.01187	0.01759	0.02374	0.05779	0.01490	0.00997	0.04737	0.00828	0.00953	0.00622	0.00433	0.00408	0.00134	0.00628	0.00333	0.00216	0.00661
160	0.00604	0.00455	0.00554	0.00603	0.00685	0.00420	0.00429	0.00743	0.02625	0.01313	0.13798	0.40317	0.24276	0.05507	0.00667	0.00189	0.00274	0.05710	0.00436	0.00396
161	0.00939	0.00523	0.00590	0.00547	0.00692	0.00513	0.00419	0.02860	0.05149	0.08390	0.22358	0.02245	0.04346	0.00676	0.00413	0.00126	0.00247	0.00564	0.47917	0.00487
162	0.04928	0.00941	0.01100	0.06756	0.10824	0.07885	0.00790	0.10007	0.07264	0.11912	0.17514	0.05255	0.05493	0.00759	0.02472	0.00163	0.04379	0.00566	0.00395	0.00597
163	0.01038	0.28731	0.53543	0.01173	0.01760	0.01329	0.03608	0.01448	0.00974	0.01351	0.00777	0.00914	0.00595	0.00426	0.00399	0.00132	0.00629	0.00319	0.00198	0.00657
164	0.01510	0.00679	0.00896	0.00735	0.01001	0.00602	0.00593	0.03281	0.01314	0.48117	0.23930	0.02462	0.09027	0.00754	0.00503	0.00148	0.00336	0.02928	0.00539	0.00648
165	0.40533	0.00861	0.00930	0.00759	0.01078	0.00885	0.02222	0.04577	0.02351	0.36548	0.02877	0.01285	0.00931	0.00526	0.00392	0.00145	0.00388	0.01639	0.00429	0.00643
166	0.01118	0.03516	0.13355	0.02508	0.60923	0.01127	0.07804	0.01438	0.01048	0.01499	0.00869	0.01125	0.00709	0.00416	0.00461	0.00140	0.00589	0.00411	0.00225	0.00717
167	0.01093	0.01287	0.04965	0.01943	0.02420	0.01174	0.76871	0.01490	0.01095	0.01490	0.00938	0.01247	0.00703	0.00394	0.00546	0.00157	0.00782	0.00543	0.00234	0.00629
168	0.86937	0.00900	0.00684	0.00612	0.00900	0.01044	0.00504	0.01368	0.00792	0.02087	0.00648	0.00756	0.00504	0.00432	0.00288	0.00144	0.00360	0.00252	0.00288	0.00504
169	0.00623	0.00424	0.00546	0.00623	0.00658	0.00398	0.00410	0.00694	0.00870	0.03133	0.02422	0.65387	0.05055	0.15367	0.00890	0.00231	0.00303	0.01182	0.00410	0.00372
170	0.00661	0.00468	0.00607	0.00681	0.00767	0.00438	0.00519	0.00795	0.00999	0.03414	0.05111	0.41214	0.17072	0.01317	0.00596	0.00188	0.00313	0.23993	0.00437	0.00408
171	0.01275	0.01160	0.02208	0.01607	0.02032	0.03337	0.53983	0.03202	0.04149	0.14399	0.01144	0.02857	0.00848	0.00455	0.00518	0.00149	0.00669	0.00526	0.00310	0.05173
172	0.00808	0.00404	0.00606	0.00606	0.00606	0.00404	0.00404	0.00606	0.00606	0.00808	0.00808	0.01414	0.00808	0.01616	0.01818	0.86465	0.00404	0.00404	0.00202	0.00202
173	0.00597	0.00451	0.00544	0.00607	0.00683	0.00413	0.00422	0.02945	0.00979	0.01259	0.03163	0.57402	0.26142	0.01348	0.00577	0.00178	0.00267	0.01194	0.00433	0.00394
174	0.00572	0.00409	0.00546	0.00654	0.00683	0.00383	0.00441	0.00657	0.00896	0.01194	0.02561	0.81006	0.03065	0.01452	0.00595	0.00190	0.00275	0.03610	0.00432	0.00379
175	0.01072	0.01024	0.01744	0.26160	0.58068	0.01084	0.01388	0.01358	0.01022	0.01423	0.00861	0.01177	0.00703	0.00429	0.00462	0.00143	0.00572	0.00414	0.00223	0.00673
176	0.00879	0.00827	0.01395	0.82532	0.03204	0.01034	0.01292	0.01189	0.00930	0.01189	0.00827	0.01240	0.00620	0.00465	0.00465	0.00155	0.00620	0.00413	0.00207	0.00517
177	0.00570	0.00430	0.00528	0.00600	0.00670	0.00388	0.00418	0.00669	0.00958	0.01233	0.05412	0.55766	0.25792	0.01356	0.00581	0.00179	0.00263	0.03367	0.00434	0.00385
178	0.01109	0.01062	0.01811	0.15297	0.68640	0.01094	0.01407	0.01390	0.01039	0.01468	0.00868	0.01165	0.00719	0.00422	0.00461	0.00141	0.00563	0.00414	0.00227	0.00703
179	0.05553	0.00724	0.01022	0.00874	0.01091	0.00713	0.08404	0.04328	0.06037	0.20438	0.19348	0.13064	0.02216	0.02802	0.00594	0.00169	0.02585	0.09023	0.00451	0.00565
180	0.01151	0.01105	0.01888	0.02855	0.80748	0.01105	0.01428	0.01428	0.01059	0.01520	0.00875	0.01151	0.00737	0.00415	0.00461	0.00138	0.00553	0.00415	0.00230	0.00737
181	0.03349	0.00766	0.00901	0.00799	0.01028	0.02057	0.00634	0.10980	0.10514	0.19149	0.10566	0.15921	0.04270	0.00856	0.00509	0.00157	0.00369	0.10380	0.00464	0.06331
182	0.03423	0.00828	0.00959	0.00690	0.01099	0.00634	0.00553	0.01203	0.00968	0.03415	0.00846	0.00973	0.00695	0.00352	0.00346	0.00073	0.00346	0.00280	0.00283	0.82034
183	0.00795	0.00485	0.00579	0.00558	0.00596	0.00483	0.00345	0.00827	0.00739	0.07727	0.01476	0.02803	0.01594	0.68844	0.09889	0.00454	0.00523	0.00642	0.00304	0.00338
184	0.01239	0.73445	0.09081	0.00859	0.01274	0.05262	0.00879	0.01420	0.00965	0.01129	0.00666	0.00770	0.00596	0.00405	0.00316	0.00104	0.00529	0.00259	0.00201	0.00602
185	0.18994	0.00931	0.01162	0.00904	0.01253	0.03280	0.08357	0.05307	0.04685	0.38282	0.02965	0.01324	0.00976	0.00512	0.00427	0.00138	0.00435	0.00416	0.00433	0.09217
