[name]
unknown

[dist]
# distance from previous block
# <min> <max>
2	14

[block]
# block no. 0 follows, 63 sequences, length 114
# corresponding to MSA columns:
# 14-61,63-107,112-117,119-133
name=unknown_A
#
# <colnr> <probs for GDERKNQSTAVLIFYWHMCP>
#	G	D	E	R	K	N	Q	S	T	A	V	L	I	F	Y	W	H	M	C	P
0	0.13310	0.12126	0.10797	0.00851	0.01175	0.12325	0.00770	0.19828	0.03017	0.06508	0.02041	0.01071	0.04621	0.00474	0.00394	0.00119	0.02817	0.00339	0.00297	0.07119
1	0.05103	0.24563	0.31360	0.01013	0.04053	0.06180	0.01044	0.16026	0.01090	0.01480	0.00826	0.00918	0.02601	0.00430	0.00377	0.00119	0.01678	0.00311	0.00235	0.00593
2	0.02515	0.15473	0.01186	0.00840	0.03072	0.03285	0.02205	0.21031	0.06531	0.09193	0.05194	0.06324	0.01276	0.03188	0.00470	0.00139	0.00406	0.11515	0.01794	0.04363
3	0.07328	0.00624	0.00677	0.00680	0.00804	0.05913	0.00525	0.05141	0.02466	0.06372	0.05411	0.30649	0.10134	0.01073	0.03822	0.00178	0.01971	0.15436	0.00372	0.00424
4	0.00658	0.00496	0.00698	0.00679	0.00763	0.00572	0.00524	0.04306	0.02084	0.01066	0.02517	0.01742	0.02291	0.08614	0.68514	0.00597	0.02777	0.00469	0.00245	0.00388
5	0.74889	0.00839	0.00721	0.00615	0.00890	0.00946	0.02321	0.06461	0.00821	0.03623	0.00649	0.00739	0.00496	0.00396	0.00282	0.00127	0.00343	0.00249	0.00275	0.04319
6	0.01254	0.00963	0.01036	0.00878	0.01148	0.01084	0.00698	0.23339	0.54683	0.07835	0.01520	0.01409	0.01114	0.00549	0.00425	0.00137	0.00369	0.00446	0.00432	0.00682
7	0.01298	0.01143	0.01077	0.00914	0.01173	0.17031	0.02695	0.21339	0.34123	0.06472	0.03251	0.01362	0.03301	0.00538	0.00419	0.00130	0.00448	0.00426	0.02237	0.00623
8	0.00534	0.00384	0.00483	0.00549	0.00584	0.00362	0.00365	0.00601	0.00785	0.01032	0.02313	0.57054	0.11305	0.17325	0.02771	0.00225	0.00295	0.02345	0.00361	0.00328
9	0.03164	0.01115	0.01183	0.00913	0.01245	0.02713	0.00749	0.63597	0.06041	0.04072	0.01016	0.01022	0.00733	0.00484	0.00405	0.00120	0.00440	0.00365	0.00397	0.10226
10	0.00937	0.00702	0.01075	0.00882	0.01103	0.00676	0.17659	0.05967	0.09979	0.12932	0.08929	0.20508	0.15253	0.00787	0.00483	0.00145	0.00373	0.00720	0.00383	0.00507
11	0.00876	0.11878	0.73631	0.01142	0.01733	0.01056	0.01456	0.01323	0.00884	0.01291	0.00735	0.00863	0.00533	0.00395	0.00384	0.00128	0.00601	0.00301	0.00178	0.00612
12	0.01598	0.01177	0.01262	0.00967	0.01304	0.01304	0.00799	0.81202	0.01976	0.02649	0.01009	0.01009	0.00715	0.00505	0.00421	0.00126	0.00463	0.00378	0.00421	0.00715
13	0.00583	0.00447	0.00548	0.00589	0.00702	0.00412	0.00479	0.00734	0.00981	0.01245	0.12055	0.08139	0.36812	0.01094	0.00533	0.00164	0.00285	0.33430	0.00397	0.00372
14	0.01040	0.00999	0.01706	0.02580	0.82604	0.00999	0.01290	0.01290	0.00957	0.01373	0.00791	0.01040	0.00666	0.00375	0.00416	0.00125	0.00499	0.00375	0.00208	0.00666
15	0.00635	0.00453	0.00580	0.00541	0.00652	0.00423	0.00408	0.00865	0.04084	0.03395	0.74879	0.03081	0.06705	0.00849	0.00492	0.00133	0.00207	0.00748	0.00460	0.00412
16	0.00507	0.00426	0.00439	0.00436	0.00574	0.00359	0.00327	0.00622	0.00981	0.01190	0.12037	0.03955	0.74621	0.01044	0.00497	0.00141	0.00211	0.00875	0.00398	0.00359
17	0.01875	0.00734	0.00987	0.00757	0.01082	0.00645	0.00625	0.05200	0.01234	0.79701	0.01633	0.01414	0.01028	0.00520	0.00423	0.00130	0.00362	0.00421	0.00516	0.00715
18	0.00843	0.02174	0.83048	0.01198	0.01819	0.00976	0.01553	0.01331	0.00888	0.01331	0.00754	0.00888	0.00533	0.00399	0.00399	0.00133	0.00621	0.00311	0.00178	0.00621
19	0.01556	0.01156	0.01248	0.02901	0.01332	0.01284	0.00802	0.75964	0.05361	0.02575	0.01033	0.01036	0.00736	0.00505	0.00421	0.00127	0.00459	0.00382	0.00415	0.00707
20	0.00519	0.00428	0.00456	0.00453	0.00587	0.00366	0.00343	0.00644	0.00999	0.01234	0.17708	0.03909	0.66627	0.01032	0.00499	0.00142	0.00215	0.03075	0.00403	0.00363
21	0.88196	0.00813	0.00618	0.00553	0.00813	0.00943	0.00455	0.01236	0.00715	0.01886	0.00585	0.00683	0.00455	0.00390	0.00260	0.00130	0.00325	0.00228	0.00260	0.00455
22	0.00532	0.00424	0.00476	0.00469	0.00591	0.00369	0.00350	0.00669	0.01032	0.01325	0.31524	0.07476	0.51269	0.01004	0.00498	0.00140	0.00209	0.00857	0.00416	0.00369
23	0.48063	0.00880	0.00846	0.00701	0.00985	0.04066	0.02083	0.11974	0.01022	0.19198	0.00933	0.01028	0.00687	0.00455	0.00336	0.00129	0.00376	0.02743	0.00338	0.03157
24	0.01492	0.05334	0.01208	0.01001	0.01250	0.51390	0.00778	0.18921	0.08206	0.02721	0.00848	0.00913	0.00665	0.00497	0.01530	0.00122	0.00634	0.00316	0.01620	0.00555
25	0.00524	0.00371	0.00484	0.00570	0.00591	0.00350	0.00374	0.00589	0.00781	0.01042	0.02196	0.74912	0.02627	0.11565	0.00732	0.00200	0.00264	0.01124	0.00374	0.00331
26	0.09593	0.00845	0.00987	0.00735	0.01086	0.00764	0.03464	0.15748	0.02433	0.09253	0.00884	0.00951	0.00674	0.00379	0.00345	0.00091	0.00359	0.00299	0.00308	0.50801
27	0.01116	0.83168	0.04446	0.00733	0.01099	0.01644	0.00742	0.01261	0.00855	0.00999	0.00589	0.00680	0.00539	0.00361	0.00273	0.00091	0.00454	0.00227	0.00180	0.00542
28	0.00992	0.50630	0.32319	0.00892	0.01335	0.01349	0.01016	0.01256	0.00864	0.01121	0.00724	0.04456	0.00635	0.00417	0.00330	0.00110	0.00505	0.00299	0.00188	0.00561
29	0.05884	0.00722	0.00952	0.00731	0.01056	0.00630	0.00603	0.01951	0.01160	0.74152	0.01553	0.01362	0.00988	0.00502	0.00408	0.00126	0.00353	0.00403	0.00492	0.05973
30	0.01886	0.00715	0.00976	0.00748	0.01073	0.00618	0.00618	0.02049	0.01203	0.82895	0.01658	0.01431	0.01041	0.00520	0.00423	0.00130	0.00358	0.00423	0.00520	0.00715
31	0.01027	0.00985	0.01681	0.07132	0.78160	0.00995	0.01283	0.01278	0.00951	0.01357	0.00788	0.01045	0.00660	0.00377	0.00416	0.00126	0.00503	0.00375	0.00207	0.00655
32	0.00910	0.19307	0.61807	0.01132	0.01688	0.01123	0.05879	0.01317	0.00887	0.01262	0.00725	0.00857	0.00540	0.00389	0.00378	0.00125	0.00591	0.00303	0.00180	0.00601
33	0.00511	0.00370	0.00484	0.00575	0.00607	0.00342	0.00386	0.00586	0.00814	0.01077	0.02439	0.79886	0.07767	0.01301	0.00534	0.00169	0.00242	0.01176	0.00390	0.00342
34	0.03865	0.00767	0.00998	0.00767	0.01092	0.00699	0.00634	0.10523	0.01275	0.72398	0.01564	0.01368	0.00992	0.00516	0.00419	0.00130	0.00368	0.00413	0.00504	0.00709
35	0.01010	0.51636	0.35047	0.00914	0.01380	0.01384	0.01058	0.01288	0.00868	0.01128	0.00653	0.00761	0.00537	0.00376	0.00322	0.00107	0.00519	0.00260	0.00179	0.00573
36	0.01168	0.75163	0.03542	0.00755	0.01116	0.02654	0.00743	0.08640	0.00963	0.01149	0.00627	0.00710	0.00556	0.00375	0.00287	0.00094	0.00458	0.00241	0.00202	0.00556
37	0.00624	0.00442	0.00536	0.00505	0.00629	0.00393	0.00381	0.00790	0.01112	0.05422	0.52075	0.03364	0.30350	0.00912	0.00493	0.00135	0.00211	0.00787	0.00441	0.00398
38	0.01522	0.01140	0.01219	0.00952	0.01275	0.01268	0.00781	0.70375	0.12928	0.02527	0.01105	0.01086	0.00793	0.00514	0.00422	0.00128	0.00445	0.00392	0.00422	0.00708
39	0.00647	0.00515	0.00638	0.00632	0.00702	0.04145	0.00466	0.00775	0.02021	0.00963	0.01343	0.02005	0.05894	0.21892	0.54830	0.00549	0.00877	0.00506	0.00245	0.00356
40	0.00871	0.00837	0.01452	0.57781	0.23751	0.00959	0.06077	0.01147	0.00880	0.01169	0.00765	0.01101	0.00593	0.00404	0.00424	0.00136	0.00553	0.00381	0.00194	0.00525
41	0.00517	0.00376	0.00487	0.00566	0.00607	0.00347	0.00384	0.00602	0.00847	0.01124	0.08380	0.71444	0.10249	0.01260	0.00530	0.00165	0.00238	0.01135	0.00396	0.00347
42	0.01040	0.00999	0.01706	0.02580	0.82604	0.00999	0.01290	0.01290	0.00957	0.01373	0.00791	0.01040	0.00666	0.00375	0.00416	0.00125	0.00499	0.00375	0.00208	0.00666
43	0.00766	0.00998	0.17688	0.11439	0.01441	0.00836	0.10608	0.00999	0.00851	0.01192	0.06412	0.18863	0.05215	0.00737	0.00662	0.00155	0.18001	0.02405	0.00262	0.00471
44	0.00514	0.00424	0.00451	0.00451	0.00580	0.00361	0.00336	0.00633	0.00988	0.01222	0.16907	0.07918	0.65675	0.01044	0.00499	0.00142	0.00212	0.00882	0.00402	0.00361
45	0.00532	0.00419	0.00480	0.00483	0.00594	0.00367	0.00355	0.00665	0.01015	0.01312	0.30278	0.15031	0.44912	0.01031	0.00502	0.00143	0.00212	0.00887	0.00415	0.00367
46	0.00992	0.01134	0.02481	0.01772	0.02197	0.01063	0.81077	0.01347	0.00992	0.01347	0.00850	0.01134	0.00638	0.00354	0.00496	0.00142	0.00709	0.00496	0.00213	0.00567
47	0.01110	0.81456	0.06108	0.00742	0.01115	0.01630	0.00760	0.01262	0.00856	0.01006	0.00593	0.00685	0.00539	0.00362	0.00276	0.00092	0.00458	0.00229	0.00180	0.00543
48	0.03981	0.00793	0.01013	0.00779	0.01104	0.00737	0.00643	0.14832	0.01316	0.67905	0.01527	0.01344	0.00973	0.00515	0.00418	0.00129	0.00374	0.00411	0.00498	0.00709
49	0.01507	0.00724	0.01036	0.04551	0.05099	0.00677	0.04207	0.01768	0.07226	0.53365	0.04369	0.03165	0.01269	0.00594	0.00446	0.00139	0.00383	0.08382	0.00453	0.00642
50	0.01040	0.00999	0.01706	0.02580	0.82604	0.00999	0.01290	0.01290	0.00957	0.01373	0.00791	0.01040	0.00666	0.00375	0.00416	0.00125	0.00499	0.00375	0.00208	0.00666
51	0.00624	0.00420	0.00472	0.00469	0.00478	0.00420	0.00268	0.01987	0.00645	0.00858	0.01394	0.04618	0.02983	0.80368	0.02044	0.00393	0.00401	0.00626	0.00263	0.00266
52	0.00679	0.00489	0.00689	0.02713	0.00914	0.00493	0.00684	0.00874	0.00969	0.01261	0.03579	0.04630	0.02403	0.01139	0.00575	0.00191	0.00388	0.76558	0.00384	0.00389
53	0.00958	0.00994	0.01246	0.18282	0.01507	0.12507	0.04435	0.01105	0.00795	0.01049	0.00760	0.01273	0.00718	0.04247	0.00984	0.00173	0.42802	0.05499	0.00206	0.00456
54	0.00920	0.00924	0.01327	0.02699	0.01174	0.01273	0.03607	0.01024	0.00659	0.01024	0.00566	0.00931	0.00555	0.00717	0.01332	0.00182	0.80066	0.00372	0.00185	0.00464
55	0.28777	0.00883	0.00949	0.00752	0.01060	0.00923	0.00621	0.25268	0.01280	0.33778	0.01131	0.01072	0.00761	0.00475	0.00371	0.00129	0.00379	0.00349	0.00409	0.00634
56	0.01055	0.01036	0.01661	0.06163	0.75108	0.04983	0.01262	0.01299	0.00963	0.01343	0.00782	0.01030	0.00655	0.00379	0.00415	0.00125	0.00515	0.00369	0.00208	0.00648
57	0.00794	0.00747	0.01261	0.84216	0.02895	0.00934	0.01167	0.01074	0.00841	0.01074	0.00747	0.01121	0.00560	0.00420	0.00420	0.00140	0.00560	0.00374	0.00187	0.00467
58	0.00981	0.02996	0.08997	0.01316	0.03635	0.00947	0.39130	0.06136	0.08053	0.03707	0.02399	0.01625	0.05038	0.00513	0.00479	0.00141	0.01912	0.06945	0.04494	0.00557
59	0.00973	0.00930	0.01584	0.25012	0.60702	0.00981	0.01256	0.01231	0.00925	0.01291	0.00779	0.01063	0.00637	0.00387	0.00417	0.00129	0.00516	0.00374	0.00202	0.00611
60	0.00557	0.00398	0.00535	0.00629	0.00673	0.00380	0.00460	0.00660	0.00845	0.01116	0.02296	0.60920	0.03795	0.03355	0.00587	0.00182	0.00285	0.21588	0.00386	0.00351
61	0.00985	0.00754	0.00837	0.00771	0.00954	0.01792	0.00605	0.19614	0.24839	0.02815	0.04128	0.20105	0.03582	0.00811	0.00467	0.00149	0.00343	0.11349	0.04559	0.00539
62	0.02606	0.00757	0.00904	0.00769	0.00997	0.03243	0.06694	0.03599	0.23747	0.07442	0.04411	0.08049	0.20098	0.00702	0.00461	0.00134	0.01932	0.02251	0.00371	0.10832
63	0.03268	0.04700	0.01196	0.03335	0.01205	0.02174	0.00776	0.31722	0.11752	0.08937	0.01054	0.01132	0.02014	0.00615	0.02288	0.00151	0.20663	0.00387	0.00342	0.02290
64	0.01124	0.85479	0.02203	0.00719	0.01079	0.01663	0.00719	0.01259	0.00854	0.00989	0.00584	0.00674	0.00539	0.00360	0.00270	0.00090	0.00450	0.00225	0.00180	0.00539
65	0.00537	0.00440	0.00475	0.00464	0.00598	0.00385	0.00349	0.00697	0.03262	0.01294	0.24246	0.03744	0.60035	0.00998	0.00495	0.00139	0.00213	0.00843	0.00410	0.00374
66	0.01144	0.81810	0.02158	0.00735	0.01089	0.05262	0.00723	0.01277	0.00869	0.00991	0.00587	0.00678	0.00540	0.00363	0.00275	0.00091	0.00463	0.00227	0.00181	0.00537
67	0.01135	0.01129	0.03194	0.01017	0.01140	0.19600	0.01769	0.05248	0.00909	0.07491	0.00832	0.01193	0.00738	0.00835	0.07364	0.00196	0.40079	0.04503	0.01135	0.00493
68	0.03298	0.00825	0.01034	0.00796	0.01121	0.00786	0.00657	0.19955	0.02702	0.61991	0.01494	0.01325	0.00961	0.00515	0.00420	0.00129	0.00380	0.00410	0.00492	0.00710
69	0.00516	0.00368	0.00492	0.00589	0.00615	0.00344	0.00396	0.00591	0.00808	0.01077	0.02315	0.83298	0.02773	0.01314	0.00537	0.00171	0.00247	0.02815	0.00390	0.00342
70	0.01026	0.00984	0.01680	0.07492	0.77808	0.00995	0.01283	0.01277	0.00950	0.01355	0.00788	0.01045	0.00660	0.00377	0.00416	0.00126	0.00503	0.00374	0.00207	0.00654
71	0.00672	0.00460	0.00539	0.00517	0.00656	0.00407	0.00394	0.00829	0.02299	0.08905	0.26925	0.08319	0.42393	0.00964	0.00494	0.00142	0.00233	0.04021	0.00424	0.00406
72	0.00949	0.00898	0.01517	0.26052	0.55619	0.00952	0.01205	0.01195	0.00907	0.01260	0.00804	0.01146	0.00677	0.04486	0.00501	0.00143	0.00513	0.00386	0.00204	0.00589
73	0.07027	0.01929	0.01155	0.01050	0.01269	0.78336	0.00790	0.01651	0.01161	0.01083	0.00646	0.00753	0.00536	0.00430	0.00372	0.00110	0.00731	0.00268	0.00219	0.00485
74	0.00556	0.00438	0.00485	0.00478	0.00607	0.00383	0.00359	0.00706	0.02511	0.02523	0.23108	0.07922	0.55048	0.01012	0.00498	0.00142	0.00218	0.02220	0.00411	0.00376
75	0.00843	0.02174	0.83048	0.01198	0.01819	0.00976	0.01553	0.01331	0.00888	0.01331	0.00754	0.00888	0.00533	0.00399	0.00399	0.00133	0.00621	0.00311	0.00178	0.00621
76	0.00902	0.00734	0.00859	0.00619	0.00982	0.00557	0.00495	0.01089	0.00883	0.04076	0.00799	0.00914	0.00652	0.00324	0.00314	0.00066	0.00309	0.00260	0.03224	0.81944
77	0.00880	0.00879	0.01574	0.01223	0.01503	0.00871	0.39832	0.01373	0.21101	0.01394	0.03370	0.17503	0.05236	0.00639	0.00487	0.00147	0.00490	0.00650	0.00315	0.00534
78	0.00601	0.00450	0.00676	0.00676	0.00751	0.00525	0.00525	0.00751	0.00676	0.00976	0.01126	0.01651	0.01051	0.03153	0.83560	0.00676	0.01126	0.00450	0.00225	0.00375
79	0.88196	0.00813	0.00618	0.00553	0.00813	0.00943	0.00455	0.01236	0.00715	0.01886	0.00585	0.00683	0.00455	0.00390	0.00260	0.00130	0.00325	0.00228	0.00260	0.00455
80	0.00609	0.00409	0.00465	0.00465	0.00470	0.00410	0.00264	0.00615	0.00620	0.00826	0.01375	0.02742	0.03074	0.81079	0.04612	0.00411	0.00426	0.00612	0.00256	0.00260
81	0.00820	0.00725	0.00957	0.00819	0.00942	0.03712	0.08859	0.05580	0.07893	0.01265	0.13035	0.03430	0.08073	0.20366	0.06570	0.00243	0.15414	0.00562	0.00302	0.00432
82	0.01482	0.00899	0.01225	0.00943	0.01255	0.00899	0.12011	0.25828	0.07562	0.32397	0.05451	0.01414	0.01075	0.00522	0.00434	0.00131	0.00423	0.01645	0.03747	0.00657
83	0.01205	0.00997	0.01281	0.05716	0.32245	0.09730	0.00913	0.07172	0.04534	0.12964	0.00940	0.01074	0.00726	0.00465	0.00465	0.03969	0.01525	0.00356	0.00282	0.13442
84	0.01049	0.62097	0.21248	0.00849	0.01255	0.01485	0.00925	0.01265	0.00853	0.01071	0.00623	0.00735	0.00538	0.00386	0.00349	0.00104	0.04182	0.00251	0.00179	0.00555
85	0.04946	0.00929	0.01071	0.00910	0.01019	0.08187	0.01943	0.09983	0.02103	0.02979	0.00816	0.01263	0.00773	0.15850	0.01993	0.00204	0.38441	0.00396	0.00245	0.05949
86	0.00519	0.00415	0.00465	0.00488	0.00593	0.00364	0.00352	0.00639	0.01909	0.01186	0.12318	0.26964	0.50089	0.01108	0.00507	0.00149	0.00222	0.00956	0.00399	0.00359
87	0.00872	0.00747	0.00872	0.00623	0.00996	0.00560	0.00498	0.01058	0.00872	0.01370	0.00747	0.00872	0.00623	0.00311	0.00311	0.00062	0.00311	0.00249	0.00249	0.87796
88	0.00611	0.00408	0.00458	0.00458	0.00458	0.00408	0.00255	0.00611	0.00611	0.00815	0.01325	0.02751	0.01528	0.85226	0.02140	0.00408	0.00408	0.00611	0.00255	0.00255
89	0.00794	0.00747	0.01261	0.84216	0.02895	0.00934	0.01167	0.01074	0.00841	0.01074	0.00747	0.01121	0.00560	0.00420	0.00420	0.00140	0.00560	0.00374	0.00187	0.00467
90	0.00611	0.00410	0.00469	0.00469	0.00473	0.00413	0.00268	0.00618	0.00614	0.00823	0.01315	0.02698	0.01505	0.81262	0.06072	0.00420	0.00442	0.00604	0.00253	0.00261
91	0.01873	0.00718	0.00975	0.00750	0.01073	0.00625	0.00619	0.02052	0.02470	0.81620	0.01659	0.01433	0.01044	0.00521	0.00423	0.00130	0.00357	0.00424	0.00519	0.00715
92	0.01582	0.01170	0.01253	0.00964	0.01298	0.01296	0.00795	0.78963	0.04241	0.02624	0.01029	0.01025	0.00731	0.00506	0.00421	0.00127	0.00459	0.00381	0.00421	0.00713
93	0.88196	0.00813	0.00618	0.00553	0.00813	0.00943	0.00455	0.01236	0.00715	0.01886	0.00585	0.00683	0.00455	0.00390	0.00260	0.00130	0.00325	0.00228	0.00260	0.00455
94	0.88196	0.00813	0.00618	0.00553	0.00813	0.00943	0.00455	0.01236	0.00715	0.01886	0.00585	0.00683	0.00455	0.00390	0.00260	0.00130	0.00325	0.00228	0.00260	0.00455
95	0.85501	0.00801	0.00616	0.00552	0.00807	0.00926	0.00453	0.01222	0.00730	0.01880	0.03101	0.00758	0.00563	0.00405	0.00267	0.00130	0.00321	0.00244	0.00266	0.00453
96	0.00794	0.00747	0.01261	0.84216	0.02895	0.00934	0.01167	0.01074	0.00841	0.01074	0.00747	0.01121	0.00560	0.00420	0.00420	0.00140	0.00560	0.00374	0.00187	0.00467
97	0.00843	0.02174	0.83048	0.01198	0.01819	0.00976	0.01553	0.01331	0.00888	0.01331	0.00754	0.00888	0.00533	0.00399	0.00399	0.00133	0.00621	0.00311	0.00178	0.00621
98	0.00515	0.00367	0.00487	0.00581	0.00605	0.00343	0.00386	0.00586	0.00799	0.01065	0.02286	0.82424	0.02742	0.03898	0.00586	0.00178	0.00249	0.01177	0.00386	0.00339
99	0.00875	0.00848	0.01179	0.01022	0.01026	0.01166	0.00838	0.00961	0.00642	0.00992	0.00653	0.01127	0.00668	0.08684	0.05737	0.00230	0.72328	0.00395	0.00193	0.00436
100	0.00611	0.00408	0.00458	0.00458	0.00458	0.00408	0.00255	0.00611	0.00611	0.00815	0.01325	0.02751	0.01528	0.85226	0.02140	0.00408	0.00408	0.00611	0.00255	0.00255
101	0.00682	0.00614	0.00700	0.00628	0.00784	0.05409	0.05669	0.00938	0.09269	0.01354	0.26408	0.03086	0.37356	0.04569	0.00555	0.00149	0.00294	0.00734	0.00388	0.00416
102	0.00881	0.13424	0.72130	0.01133	0.01719	0.01069	0.01441	0.01321	0.00883	0.01285	0.00731	0.00859	0.00533	0.00394	0.00382	0.00127	0.00598	0.00299	0.00178	0.00610
103	0.00900	0.18940	0.66778	0.01102	0.01670	0.01115	0.01385	0.01317	0.00881	0.01262	0.00720	0.00845	0.00534	0.00391	0.00373	0.00124	0.00587	0.00293	0.00178	0.00605
104	0.01034	0.00992	0.01694	0.04846	0.80392	0.00997	0.01287	0.01284	0.00954	0.01365	0.00790	0.01043	0.00663	0.00376	0.00416	0.00125	0.00501	0.00375	0.00207	0.00660
105	0.00873	0.11094	0.74392	0.01147	0.01740	0.01050	0.01464	0.01324	0.00884	0.01295	0.00736	0.00865	0.00533	0.00395	0.00386	0.00129	0.00603	0.00301	0.00178	0.00613
106	0.00538	0.00417	0.00490	0.00508	0.00608	0.00371	0.00375	0.00665	0.00981	0.01268	0.24045	0.21101	0.38966	0.02435	0.00537	0.00153	0.00229	0.05543	0.00407	0.00363
107	0.01099	0.79306	0.06737	0.00743	0.01113	0.01603	0.00761	0.01255	0.00862	0.01020	0.02010	0.00729	0.00598	0.00371	0.00281	0.00093	0.00455	0.00239	0.00185	0.00542
108	0.00512	0.00366	0.00488	0.00585	0.00610	0.00341	0.00390	0.00585	0.00805	0.01073	0.02317	0.84952	0.02780	0.01317	0.00537	0.00171	0.00244	0.01195	0.00390	0.00341
109	0.04013	0.01519	0.01113	0.00968	0.01209	0.46493	0.01755	0.17650	0.09054	0.03239	0.03297	0.01138	0.04714	0.00503	0.00399	0.00119	0.00587	0.00362	0.01323	0.00545
110	0.00935	0.29288	0.56735	0.01042	0.01578	0.01200	0.01282	0.01308	0.00877	0.01220	0.00699	0.00818	0.00535	0.00386	0.00357	0.00119	0.00565	0.00283	0.00178	0.00595
111	0.00564	0.00418	0.00507	0.00524	0.00616	0.00378	0.00383	0.00692	0.00980	0.02218	0.28335	0.23908	0.28079	0.05127	0.00590	0.00162	0.00237	0.05509	0.00408	0.00366
112	0.00594	0.00455	0.00532	0.00534	0.00647	0.00422	0.00395	0.00804	0.07065	0.02520	0.26713	0.20856	0.33376	0.01015	0.00500	0.00146	0.00230	0.02386	0.00416	0.00394
113	0.01385	0.01233	0.01499	0.01158	0.01483	0.15572	0.21799	0.31484	0.08065	0.08341	0.01095	0.01153	0.02764	0.00473	0.00436	0.00129	0.00554	0.00415	0.00338	0.00623

[dist]
# distance from previous block
# <min> <max>
0	4

[block]
# block no. 1 follows, 63 sequences, length 46
# corresponding to MSA columns:
# 138-183
name=unknown_B
#
# <colnr> <probs for GDERKNQSTAVLIFYWHMCP>
#	G	D	E	R	K	N	Q	S	T	A	V	L	I	F	Y	W	H	M	C	P
0	0.12259	0.01125	0.01255	0.01000	0.01299	0.16211	0.14801	0.13716	0.11721	0.14916	0.01073	0.02239	0.00795	0.00465	0.00403	0.00127	0.00496	0.00387	0.01757	0.03956
1	0.03534	0.00955	0.01075	0.00870	0.01139	0.10495	0.07840	0.09626	0.13860	0.11489	0.04001	0.05198	0.06117	0.00548	0.00453	0.00122	0.04175	0.00449	0.00341	0.17714
2	0.00989	0.00820	0.00814	0.00724	0.00903	0.13488	0.00548	0.07339	0.05707	0.05168	0.04885	0.13236	0.01250	0.00872	0.02481	0.17815	0.00414	0.04202	0.00303	0.18040
3	0.00962	0.00724	0.00853	0.00648	0.00970	0.00598	0.00515	0.03144	0.07083	0.09395	0.08285	0.03284	0.02355	0.00441	0.00358	0.00087	0.00308	0.00365	0.00318	0.59307
4	0.01040	0.00999	0.01706	0.02580	0.82604	0.00999	0.01290	0.01290	0.00957	0.01373	0.00791	0.01040	0.00666	0.00375	0.00416	0.00125	0.00499	0.00375	0.00208	0.00666
5	0.00783	0.00452	0.00575	0.00574	0.00686	0.00405	0.00415	0.00890	0.00944	0.16682	0.11042	0.41253	0.18284	0.04274	0.00564	0.00162	0.00261	0.00919	0.00417	0.00418
6	0.00872	0.00747	0.00872	0.00623	0.00996	0.00560	0.00498	0.01058	0.00872	0.01370	0.00747	0.00872	0.00623	0.00311	0.00311	0.00062	0.00311	0.00249	0.00249	0.87796
7	0.00514	0.00368	0.00490	0.00584	0.00610	0.00343	0.00390	0.00591	0.00815	0.01089	0.04415	0.82808	0.02811	0.01305	0.00535	0.00170	0.00243	0.01184	0.00392	0.00343
8	0.00993	0.39155	0.45136	0.00974	0.01472	0.01273	0.01160	0.01316	0.00880	0.03156	0.00701	0.00806	0.00548	0.00385	0.00342	0.00114	0.00539	0.00275	0.00187	0.00587
9	0.00645	0.00481	0.00563	0.00527	0.00663	0.00442	0.00398	0.02654	0.04818	0.02966	0.40601	0.06902	0.28499	0.00884	0.00477	0.00133	0.00225	0.00759	0.03368	0.03994
10	0.02848	0.01025	0.01059	0.00886	0.01161	0.04651	0.00707	0.30358	0.41701	0.07020	0.03152	0.01344	0.01077	0.00541	0.00421	0.00134	0.00396	0.00431	0.00420	0.00669
11	0.00517	0.00379	0.00486	0.00559	0.00606	0.00348	0.00381	0.00605	0.00857	0.01132	0.09144	0.67394	0.13557	0.01246	0.00528	0.00164	0.00236	0.01118	0.00396	0.00348
12	0.00802	0.00755	0.01275	0.81681	0.05371	0.00936	0.01171	0.01081	0.00844	0.01083	0.00749	0.01118	0.00564	0.00419	0.00420	0.00140	0.00558	0.00374	0.00187	0.00473
13	0.01662	0.00824	0.01003	0.00787	0.01091	0.00810	0.00644	0.21574	0.08555	0.50090	0.01482	0.01348	0.00984	0.00519	0.00414	0.00128	0.00370	0.00414	0.06612	0.00688
14	0.00920	0.00920	0.01288	0.01104	0.01104	0.01288	0.00920	0.01012	0.00644	0.01012	0.00552	0.00920	0.00552	0.00736	0.01380	0.00184	0.84457	0.00368	0.00184	0.00460
15	0.00730	0.00365	0.00548	0.00548	0.00548	0.00365	0.00365	0.00548	0.00548	0.00730	0.00730	0.01278	0.00730	0.01460	0.01643	0.87769	0.00365	0.00365	0.00183	0.00183
16	0.00523	0.00371	0.00490	0.00581	0.00605	0.00349	0.00387	0.00593	0.00795	0.01059	0.02247	0.77541	0.02686	0.07085	0.00648	0.00188	0.00258	0.02876	0.00381	0.00336
17	0.01046	0.00571	0.00642	0.00557	0.00724	0.00572	0.00436	0.13990	0.01142	0.13656	0.12540	0.01698	0.01422	0.02231	0.00398	0.00118	0.00267	0.00449	0.47051	0.00489
18	0.00528	0.00427	0.00469	0.00459	0.00587	0.00368	0.00344	0.00664	0.01032	0.01312	0.29287	0.03756	0.57295	0.00999	0.00497	0.00139	0.00208	0.00847	0.00414	0.00368
19	0.01077	0.71646	0.15628	0.00799	0.01202	0.01549	0.00858	0.01271	0.00860	0.01046	0.00613	0.00710	0.00538	0.00366	0.00291	0.00097	0.00478	0.00239	0.00179	0.00553
20	0.88196	0.00813	0.00618	0.00553	0.00813	0.00943	0.00455	0.01236	0.00715	0.01886	0.00585	0.00683	0.00455	0.00390	0.00260	0.00130	0.00325	0.00228	0.00260	0.00455
21	0.00576	0.00495	0.03675	0.00525	0.00656	0.00407	0.00418	0.00759	0.01111	0.01513	0.56623	0.03316	0.26574	0.00901	0.00492	0.00135	0.00219	0.00780	0.00431	0.00393
22	0.00992	0.01134	0.02481	0.01772	0.02197	0.01063	0.81077	0.01347	0.00992	0.01347	0.00850	0.01134	0.00638	0.00354	0.00496	0.00142	0.00709	0.00496	0.00213	0.00567
23	0.00872	0.00747	0.00872	0.00623	0.00996	0.00560	0.00498	0.01058	0.00872	0.01370	0.00747	0.00872	0.00623	0.00311	0.00311	0.00062	0.00311	0.00249	0.00249	0.87796
24	0.01087	0.00894	0.00952	0.00850	0.01092	0.01025	0.00663	0.02225	0.77899	0.05728	0.01708	0.01562	0.01271	0.00568	0.00428	0.00142	0.00334	0.00473	0.00432	0.00668
25	0.00523	0.00427	0.00462	0.00453	0.00584	0.00366	0.00340	0.00654	0.01020	0.01282	0.25051	0.03805	0.61550	0.01010	0.00497	0.00139	0.00209	0.00853	0.00410	0.00366
26	0.00872	0.00747	0.00872	0.00623	0.00996	0.00560	0.00498	0.01058	0.00872	0.01370	0.00747	0.00872	0.00623	0.00311	0.00311	0.00062	0.00311	0.00249	0.00249	0.87796
27	0.00843	0.02174	0.83048	0.01198	0.01819	0.00976	0.01553	0.01331	0.00888	0.01331	0.00754	0.00888	0.00533	0.00399	0.00399	0.00133	0.00621	0.00311	0.00178	0.00621
28	0.01570	0.02004	0.01191	0.01083	0.01300	0.83539	0.00812	0.01679	0.01191	0.01029	0.00650	0.00758	0.00541	0.00433	0.00379	0.00108	0.00758	0.00271	0.00217	0.00487
29	0.00872	0.00747	0.00872	0.00623	0.00996	0.00560	0.00498	0.01058	0.00872	0.01370	0.00747	0.00872	0.00623	0.00311	0.00311	0.00062	0.00311	0.00249	0.00249	0.87796
30	0.00930	0.00762	0.00890	0.00639	0.01010	0.00590	0.00513	0.04095	0.00923	0.03950	0.00785	0.00894	0.00639	0.00325	0.00319	0.00067	0.00318	0.00259	0.00264	0.81826
31	0.00895	0.00761	0.00884	0.00634	0.01006	0.00584	0.00508	0.03635	0.00907	0.01411	0.00756	0.00876	0.00626	0.00318	0.00315	0.00064	0.00316	0.00253	0.00255	0.84997
32	0.00571	0.00425	0.00568	0.00566	0.00653	0.00391	0.02043	0.00726	0.01045	0.01437	0.48099	0.27906	0.10666	0.01011	0.00510	0.00146	0.00227	0.02204	0.00428	0.00380
33	0.01619	0.02724	0.01250	0.00940	0.01276	0.01240	0.00779	0.71598	0.01876	0.10822	0.01068	0.01046	0.00745	0.00503	0.00418	0.00126	0.00452	0.00380	0.00426	0.00712
34	0.01025	0.00987	0.01697	0.07414	0.76112	0.00996	0.03024	0.01279	0.00951	0.01355	0.00789	0.01047	0.00659	0.00377	0.00418	0.00126	0.00508	0.00377	0.00207	0.00652
35	0.01034	0.43886	0.33796	0.00944	0.01398	0.03648	0.02206	0.03431	0.03949	0.01202	0.00710	0.00809	0.00571	0.00389	0.00337	0.00111	0.00525	0.00277	0.00196	0.00580
36	0.01045	0.00681	0.00874	0.00750	0.00938	0.02464	0.04452	0.12316	0.02787	0.18059	0.23678	0.12348	0.06729	0.00866	0.03680	0.00162	0.03176	0.04067	0.00416	0.00513
37	0.00974	0.01105	0.02406	0.01727	0.02138	0.01036	0.78052	0.01318	0.00985	0.01336	0.00905	0.04277	0.00718	0.00390	0.00498	0.00143	0.00691	0.00522	0.00219	0.00559
38	0.01113	0.00909	0.01485	0.03409	0.61901	0.00900	0.01104	0.03017	0.00989	0.11757	0.01035	0.03055	0.02472	0.04425	0.00503	0.00140	0.00466	0.00420	0.00262	0.00637
39	0.00566	0.00433	0.00624	0.00656	0.00722	0.00408	0.04909	0.00694	0.02055	0.01183	0.11582	0.62099	0.05156	0.01182	0.00530	0.00165	0.00274	0.06005	0.00389	0.00368
40	0.00902	0.19722	0.66019	0.01097	0.01663	0.01121	0.01378	0.01316	0.00880	0.01259	0.00719	0.00843	0.00534	0.00391	0.00372	0.00124	0.00585	0.00293	0.00178	0.00604
41	0.04858	0.01076	0.01171	0.00904	0.01228	0.01168	0.00745	0.64968	0.01790	0.13390	0.01092	0.01072	0.00761	0.00502	0.00411	0.00126	0.00435	0.00379	0.03229	0.00695
42	0.00576	0.00438	0.00531	0.00506	0.00620	0.00398	0.00380	0.00768	0.02680	0.01534	0.59035	0.03362	0.25803	0.00911	0.00495	0.00135	0.00205	0.00790	0.00442	0.00390
43	0.01230	0.65611	0.01962	0.00806	0.01131	0.21151	0.00741	0.01359	0.00934	0.00999	0.00600	0.00694	0.00540	0.00377	0.00296	0.00094	0.00523	0.00236	0.00189	0.00527
44	0.00872	0.00747	0.00872	0.00623	0.00996	0.00560	0.00498	0.01058	0.00872	0.01370	0.00747	0.00872	0.00623	0.00311	0.00311	0.00062	0.00311	0.00249	0.00249	0.87796
45	0.02320	0.00538	0.00613	0.00578	0.00731	0.00523	0.00444	0.01068	0.15381	0.06973	0.26720	0.06860	0.30863	0.00882	0.00480	0.00141	0.00250	0.03762	0.00425	0.00449

[dist]
# distance from previous block
# <min> <max>
15	24

[block]
# block no. 2 follows, 63 sequences, length 34
# corresponding to MSA columns:
# 214-219,225-252
name=unknown_C
#
# <colnr> <probs for GDERKNQSTAVLIFYWHMCP>
#	G	D	E	R	K	N	Q	S	T	A	V	L	I	F	Y	W	H	M	C	P
0	0.01093	0.00983	0.01800	0.01387	0.03103	0.01059	0.38799	0.01325	0.00904	0.13262	0.00898	0.01184	0.00709	0.00526	0.00785	0.00155	0.29008	0.02217	0.00252	0.00550
1	0.01009	0.00967	0.01650	0.12951	0.72479	0.00991	0.01275	0.01263	0.00942	0.01335	0.00785	0.01051	0.00652	0.00380	0.00417	0.00127	0.00507	0.00374	0.00205	0.00641
2	0.00523	0.00376	0.00496	0.00583	0.00615	0.00348	0.00389	0.00597	0.00801	0.01073	0.02254	0.80797	0.02697	0.03535	0.00574	0.00175	0.00250	0.01157	0.00383	0.02377
3	0.00894	0.00850	0.01442	0.50967	0.35360	0.00960	0.01217	0.01162	0.00888	0.01196	0.00765	0.01088	0.00603	0.00402	0.00419	0.00134	0.00536	0.00374	0.00195	0.00548
4	0.01578	0.01772	0.01149	0.01026	0.01258	0.67895	0.00778	0.01760	0.06189	0.11474	0.00844	0.00894	0.00651	0.00453	0.00388	0.00113	0.00681	0.00303	0.00268	0.00527
5	0.00806	0.00587	0.00725	0.00638	0.00774	0.00604	0.00495	0.12800	0.02782	0.03929	0.58425	0.02617	0.04401	0.02679	0.00573	0.00141	0.05468	0.00664	0.00434	0.00458
6	0.00843	0.02174	0.83048	0.01198	0.01819	0.00976	0.01553	0.01331	0.00888	0.01331	0.00754	0.00888	0.00533	0.00399	0.00399	0.00133	0.00621	0.00311	0.00178	0.00621
7	0.01116	0.00938	0.00990	0.00870	0.01120	0.01078	0.00682	0.12265	0.71699	0.01872	0.01622	0.01497	0.01211	0.00562	0.00427	0.00140	0.00349	0.00463	0.00427	0.00672
8	0.00589	0.00429	0.00553	0.00522	0.00624	0.00394	0.00392	0.00781	0.01175	0.01650	0.77271	0.03199	0.09100	0.00873	0.00496	0.00133	0.00199	0.00769	0.00458	0.00394
9	0.00926	0.00944	0.01461	0.01201	0.01270	0.01235	0.13478	0.01061	0.00706	0.01070	0.00636	0.01038	0.00607	0.00685	0.01223	0.00178	0.69462	0.02152	0.00193	0.00475
10	0.00576	0.00429	0.00536	0.00509	0.00616	0.00389	0.00382	0.00757	0.01145	0.01579	0.67254	0.03315	0.19161	0.00899	0.00496	0.00134	0.00201	0.00785	0.00449	0.00389
11	0.01040	0.00999	0.01706	0.02580	0.82604	0.00999	0.01290	0.01290	0.00957	0.01373	0.00791	0.01040	0.00666	0.00375	0.00416	0.00125	0.00499	0.00375	0.00208	0.00666
12	0.00992	0.01134	0.02481	0.01772	0.02197	0.01063	0.81077	0.01347	0.00992	0.01347	0.00850	0.01134	0.00638	0.00354	0.00496	0.00142	0.00709	0.00496	0.00213	0.00567
13	0.00512	0.00366	0.00488	0.00585	0.00610	0.00341	0.00390	0.00585	0.00805	0.01073	0.02317	0.84952	0.02780	0.01317	0.00537	0.00171	0.00244	0.01195	0.00390	0.00341
14	0.01886	0.00715	0.00976	0.00748	0.01073	0.00618	0.00618	0.02049	0.01203	0.82895	0.01658	0.01431	0.01041	0.00520	0.00423	0.00130	0.00358	0.00423	0.00520	0.00715
15	0.01043	0.00916	0.01037	0.00907	0.01156	0.01047	0.05209	0.02184	0.77276	0.01735	0.01662	0.01544	0.01247	0.00558	0.00432	0.00143	0.00354	0.00476	0.00416	0.00660
16	0.00920	0.00920	0.01288	0.01104	0.01104	0.01288	0.00920	0.01012	0.00644	0.01012	0.00552	0.00920	0.00552	0.00736	0.01380	0.00184	0.84457	0.00368	0.00184	0.00460
17	0.00843	0.02174	0.83048	0.01198	0.01819	0.00976	0.01553	0.01331	0.00888	0.01331	0.00754	0.00888	0.00533	0.00399	0.00399	0.00133	0.00621	0.00311	0.00178	0.00621
18	0.00512	0.00366	0.00488	0.00585	0.00610	0.00341	0.00390	0.00585	0.00805	0.01073	0.02317	0.84952	0.02780	0.01317	0.00537	0.00171	0.00244	0.01195	0.00390	0.00341
19	0.01598	0.01177	0.01262	0.00967	0.01304	0.01304	0.00799	0.81202	0.01976	0.02649	0.01009	0.01009	0.00715	0.00505	0.00421	0.00126	0.00463	0.00378	0.00421	0.00715
20	0.00595	0.00430	0.00562	0.00529	0.00628	0.00397	0.00397	0.00793	0.01190	0.01686	0.82382	0.03140	0.03966	0.00859	0.00496	0.00132	0.00198	0.00760	0.00463	0.00397
21	0.00843	0.02174	0.83048	0.01198	0.01819	0.00976	0.01553	0.01331	0.00888	0.01331	0.00754	0.00888	0.00533	0.00399	0.00399	0.00133	0.00621	0.00311	0.00178	0.00621
22	0.00992	0.01134	0.02481	0.01772	0.02197	0.01063	0.81077	0.01347	0.00992	0.01347	0.00850	0.01134	0.00638	0.00354	0.00496	0.00142	0.00709	0.00496	0.00213	0.00567
23	0.00992	0.01134	0.02481	0.01772	0.02197	0.01063	0.81077	0.01347	0.00992	0.01347	0.00850	0.01134	0.00638	0.00354	0.00496	0.00142	0.00709	0.00496	0.00213	0.00567
24	0.00518	0.00368	0.00486	0.00577	0.00600	0.00346	0.00382	0.00587	0.00793	0.01057	0.02255	0.79860	0.02703	0.06515	0.00636	0.00185	0.00254	0.01159	0.00382	0.00336
25	0.00601	0.00450	0.00676	0.00676	0.00751	0.00525	0.00525	0.00751	0.00676	0.00976	0.01126	0.01651	0.01051	0.03153	0.83560	0.00676	0.01126	0.00450	0.00225	0.00375
26	0.00601	0.00450	0.00676	0.00676	0.00751	0.00525	0.00525	0.00751	0.00676	0.00976	0.01126	0.01651	0.01051	0.03153	0.83560	0.00676	0.01126	0.00450	0.00225	0.00375
27	0.01040	0.00999	0.01706	0.02580	0.82604	0.00999	0.01290	0.01290	0.00957	0.01373	0.00791	0.01040	0.00666	0.00375	0.00416	0.00125	0.00499	0.00375	0.00208	0.00666
28	0.00843	0.02174	0.83048	0.01198	0.01819	0.00976	0.01553	0.01331	0.00888	0.01331	0.00754	0.00888	0.00533	0.00399	0.00399	0.00133	0.00621	0.00311	0.00178	0.00621
29	0.00497	0.00426	0.00426	0.00426	0.00568	0.00355	0.00319	0.00603	0.00958	0.01136	0.04259	0.04046	0.82433	0.01065	0.00497	0.00142	0.00213	0.00887	0.00390	0.00355
30	0.01046	0.00903	0.00951	0.00855	0.01093	0.01046	0.00665	0.02234	0.81845	0.01759	0.01711	0.01568	0.01283	0.00570	0.00428	0.00143	0.00333	0.00475	0.00428	0.00665
31	0.00843	0.02174	0.83048	0.01198	0.01819	0.00976	0.01553	0.01331	0.00888	0.01331	0.00754	0.00888	0.00533	0.00399	0.00399	0.00133	0.00621	0.00311	0.00178	0.00621
32	0.01886	0.00715	0.00976	0.00748	0.01073	0.00618	0.00618	0.02049	0.01203	0.82895	0.01658	0.01431	0.01041	0.00520	0.00423	0.00130	0.00358	0.00423	0.00520	0.00715
33	0.03177	0.00419	0.00419	0.00411	0.00516	0.00425	0.00310	0.02621	0.00893	0.01581	0.01330	0.01526	0.01046	0.00507	0.00323	0.01869	0.00208	0.00387	0.81637	0.00396

[dist]
# distance from previous block
# <min> <max>
0	2

[block]
# block no. 3 follows, 63 sequences, length 84
# corresponding to MSA columns:
# 255-328,330-336,342-344
name=unknown_D
#
# <colnr> <probs for GDERKNQSTAVLIFYWHMCP>
#	G	D	E	R	K	N	Q	S	T	A	V	L	I	F	Y	W	H	M	C	P
0	0.01631	0.01125	0.01229	0.00942	0.01277	0.01225	0.00778	0.72136	0.01888	0.11840	0.01084	0.01058	0.00752	0.00506	0.00421	0.00127	0.00451	0.00384	0.00432	0.00715
1	0.01124	0.85479	0.02203	0.00719	0.01079	0.01663	0.00719	0.01259	0.00854	0.00989	0.00584	0.00674	0.00539	0.00360	0.00270	0.00090	0.00450	0.00225	0.00180	0.00539
2	0.00843	0.02174	0.83048	0.01198	0.01819	0.00976	0.01553	0.01331	0.00888	0.01331	0.00754	0.00888	0.00533	0.00399	0.00399	0.00133	0.00621	0.00311	0.00178	0.00621
3	0.25163	0.00788	0.00886	0.00702	0.01011	0.00771	0.00576	0.07411	0.05311	0.41829	0.01222	0.01142	0.00824	0.00463	0.00366	0.00123	0.00350	0.00350	0.00408	0.10301
4	0.00807	0.00761	0.01285	0.79747	0.07259	0.00938	0.01174	0.01086	0.00847	0.01090	0.00750	0.01116	0.00566	0.00418	0.00420	0.00139	0.00557	0.00374	0.00188	0.00478
5	0.00794	0.00747	0.01261	0.84216	0.02895	0.00934	0.01167	0.01074	0.00841	0.01074	0.00747	0.01121	0.00560	0.00420	0.00420	0.00140	0.00560	0.00374	0.00187	0.00467
6	0.10220	0.00713	0.00905	0.00724	0.01016	0.00661	0.00592	0.01872	0.06639	0.62449	0.05158	0.03073	0.01192	0.00555	0.00416	0.00133	0.00344	0.02198	0.00480	0.00658
7	0.00843	0.02174	0.83048	0.01198	0.01819	0.00976	0.01553	0.01331	0.00888	0.01331	0.00754	0.00888	0.00533	0.00399	0.00399	0.00133	0.00621	0.00311	0.00178	0.00621
8	0.01886	0.00715	0.00976	0.00748	0.01073	0.00618	0.00618	0.02049	0.01203	0.82895	0.01658	0.01431	0.01041	0.00520	0.00423	0.00130	0.00358	0.00423	0.00520	0.00715
9	0.00518	0.00369	0.00491	0.00582	0.00607	0.00348	0.00388	0.00590	0.00794	0.01061	0.02250	0.79752	0.02690	0.04692	0.02530	0.00192	0.00271	0.01155	0.00381	0.00339
10	0.00994	0.01126	0.02425	0.01739	0.02157	0.01062	0.78184	0.01378	0.03901	0.01361	0.00881	0.01150	0.00661	0.00362	0.00494	0.00142	0.00695	0.00495	0.00220	0.00571
11	0.01598	0.01177	0.01262	0.00967	0.01304	0.01304	0.00799	0.81202	0.01976	0.02649	0.01009	0.01009	0.00715	0.00505	0.00421	0.00126	0.00463	0.00378	0.00421	0.00715
12	0.00516	0.00368	0.00492	0.00590	0.00616	0.00345	0.00397	0.00592	0.00808	0.01077	0.02315	0.83172	0.02772	0.01314	0.00538	0.00171	0.00247	0.02939	0.00390	0.00342
13	0.05696	0.00920	0.01083	0.00834	0.01161	0.00930	0.00689	0.36338	0.01516	0.44402	0.01328	0.01214	0.00873	0.00508	0.00414	0.00128	0.00402	0.00395	0.00465	0.00703
14	0.01509	0.00846	0.00977	0.00776	0.01055	0.00867	0.00636	0.35126	0.02802	0.30180	0.01349	0.01377	0.00954	0.00527	0.00402	0.00124	0.00372	0.02683	0.16791	0.00644
15	0.01124	0.85479	0.02203	0.00719	0.01079	0.01663	0.00719	0.01259	0.00854	0.00989	0.00584	0.00674	0.00539	0.00360	0.00270	0.00090	0.00450	0.00225	0.00180	0.00539
16	0.00872	0.00747	0.00872	0.00623	0.00996	0.00560	0.00498	0.01058	0.00872	0.01370	0.00747	0.00872	0.00623	0.00311	0.00311	0.00062	0.00311	0.00249	0.00249	0.87796
17	0.88196	0.00813	0.00618	0.00553	0.00813	0.00943	0.00455	0.01236	0.00715	0.01886	0.00585	0.00683	0.00455	0.00390	0.00260	0.00130	0.00325	0.00228	0.00260	0.00455
18	0.00512	0.00368	0.00486	0.00580	0.00608	0.00342	0.00388	0.00586	0.00810	0.01075	0.02385	0.82136	0.05552	0.01308	0.00535	0.00170	0.00243	0.01184	0.00390	0.00342
19	0.00912	0.00908	0.01273	0.01093	0.01095	0.01269	0.00910	0.01005	0.00645	0.01011	0.00566	0.00938	0.00564	0.00795	0.03401	0.00196	0.82408	0.00370	0.00185	0.00458
20	0.00843	0.02174	0.83048	0.01198	0.01819	0.00976	0.01553	0.01331	0.00888	0.01331	0.00754	0.00888	0.00533	0.00399	0.00399	0.00133	0.00621	0.00311	0.00178	0.00621
21	0.00677	0.00484	0.00677	0.00774	0.00871	0.00484	0.00677	0.00871	0.00968	0.01258	0.02226	0.04742	0.02419	0.01161	0.00581	0.00194	0.00387	0.79775	0.00387	0.00387
22	0.00512	0.00366	0.00488	0.00585	0.00610	0.00341	0.00390	0.00585	0.00805	0.01073	0.02317	0.84952	0.02780	0.01317	0.00537	0.00171	0.00244	0.01195	0.00390	0.00341
23	0.01152	0.00738	0.00900	0.00657	0.01017	0.00576	0.00531	0.01332	0.00963	0.23884	0.00999	0.01026	0.00738	0.00369	0.00342	0.00081	0.00324	0.00297	0.00324	0.63748
24	0.00794	0.00747	0.01261	0.84216	0.02895	0.00934	0.01167	0.01074	0.00841	0.01074	0.00747	0.01121	0.00560	0.00420	0.00420	0.00140	0.00560	0.00374	0.00187	0.00467
25	0.00677	0.00484	0.00677	0.00774	0.00871	0.00484	0.00677	0.00871	0.00968	0.01258	0.02226	0.04742	0.02419	0.01161	0.00581	0.00194	0.00387	0.79775	0.00387	0.00387
26	0.00803	0.00410	0.00412	0.00405	0.00509	0.00413	0.00306	0.02849	0.00907	0.01592	0.01363	0.01554	0.01069	0.00490	0.00297	0.00099	0.00202	0.00392	0.85529	0.00399
27	0.01046	0.00903	0.00951	0.00855	0.01093	0.01046	0.00665	0.02234	0.81845	0.01759	0.01711	0.01568	0.01283	0.00570	0.00428	0.00143	0.00333	0.00475	0.00428	0.00665
28	0.00611	0.00408	0.00458	0.00458	0.00458	0.00408	0.00255	0.00611	0.00611	0.00815	0.01325	0.02751	0.01528	0.85226	0.02140	0.00408	0.00408	0.00611	0.00255	0.00255
29	0.00501	0.00426	0.00432	0.00431	0.00571	0.00357	0.00323	0.00612	0.00969	0.01161	0.07913	0.04003	0.78763	0.01055	0.00497	0.00141	0.00212	0.00881	0.00394	0.00357
30	0.04096	0.00727	0.00911	0.00719	0.01011	0.00672	0.00588	0.11142	0.02399	0.56364	0.03905	0.01773	0.12574	0.00601	0.00430	0.00132	0.00344	0.00487	0.00480	0.00648
31	0.00843	0.02174	0.83048	0.01198	0.01819	0.00976	0.01553	0.01331	0.00888	0.01331	0.00754	0.00888	0.00533	0.00399	0.00399	0.00133	0.00621	0.00311	0.00178	0.00621
32	0.88196	0.00813	0.00618	0.00553	0.00813	0.00943	0.00455	0.01236	0.00715	0.01886	0.00585	0.00683	0.00455	0.00390	0.00260	0.00130	0.00325	0.00228	0.00260	0.00455
33	0.00595	0.00430	0.00562	0.00529	0.00628	0.00397	0.00397	0.00793	0.01190	0.01686	0.82382	0.03140	0.03966	0.00859	0.00496	0.00132	0.00198	0.00760	0.00463	0.00397
34	0.00927	0.00883	0.01501	0.40207	0.45866	0.00969	0.01234	0.01191	0.00903	0.01235	0.00771	0.01077	0.00617	0.00396	0.00418	0.00132	0.00528	0.00374	0.00198	0.00574
35	0.00589	0.00429	0.00553	0.00522	0.00624	0.00394	0.00392	0.00781	0.01175	0.01651	0.77464	0.03197	0.08906	0.00872	0.00496	0.00133	0.00199	0.00768	0.00458	0.00394
36	0.01570	0.02004	0.01191	0.01083	0.01300	0.83539	0.00812	0.01679	0.01191	0.01029	0.00650	0.00758	0.00541	0.00433	0.00379	0.00108	0.00758	0.00271	0.00217	0.00487
37	0.00592	0.00430	0.00558	0.00526	0.00626	0.00395	0.00394	0.00788	0.01183	0.01670	0.80134	0.03166	0.06225	0.00865	0.00496	0.00132	0.00199	0.00764	0.00461	0.00395
38	0.00595	0.00430	0.00562	0.00529	0.00628	0.00397	0.00397	0.00793	0.01190	0.01686	0.82382	0.03140	0.03966	0.00859	0.00496	0.00132	0.00198	0.00760	0.00463	0.00397
39	0.00992	0.01134	0.02481	0.01772	0.02197	0.01063	0.81077	0.01347	0.00992	0.01347	0.00850	0.01134	0.00638	0.00354	0.00496	0.00142	0.00709	0.00496	0.00213	0.00567
40	0.01487	0.01840	0.01220	0.01131	0.03907	0.70452	0.00838	0.03450	0.01145	0.01076	0.00653	0.00790	0.00551	0.00464	0.00485	0.00117	0.09395	0.00287	0.00218	0.00496
41	0.01483	0.01859	0.01204	0.01086	0.01273	0.72550	0.00827	0.01590	0.01118	0.01027	0.00637	0.00780	0.00543	0.00474	0.00513	0.00118	0.11940	0.00284	0.00212	0.00484
42	0.00512	0.00366	0.00488	0.00585	0.00610	0.00341	0.00390	0.00585	0.00805	0.01073	0.02317	0.84952	0.02780	0.01317	0.00537	0.00171	0.00244	0.01195	0.00390	0.00341
43	0.01886	0.00715	0.00976	0.00748	0.01073	0.00618	0.00618	0.02049	0.01203	0.82895	0.01658	0.01431	0.01041	0.00520	0.00423	0.00130	0.00358	0.00423	0.00520	0.00715
