[name]
unknown

[dist]
# distance from previous block
# <min> <max>
0	31

[block]
# block no. 0 follows, 59 sequences, length 120
# corresponding to MSA columns:
# 31-150
name=unknown_A
#
# <colnr> <probs for GDERKNQSTAVLIFYWHMCP>
#	G	D	E	R	K	N	Q	S	T	A	V	L	I	F	Y	W	H	M	C	P
0	0.00702	0.00502	0.00700	0.00794	0.00894	0.00499	0.00688	0.00902	0.01024	0.01340	0.06458	0.07181	0.02637	0.01208	0.00604	0.00199	0.00392	0.72460	0.00411	0.00406
1	0.01087	0.04457	0.01797	0.05515	0.75620	0.01075	0.01326	0.01346	0.00997	0.01415	0.00820	0.01080	0.00690	0.00395	0.00431	0.00130	0.00525	0.00387	0.00217	0.00687
2	0.00608	0.00451	0.00567	0.00538	0.00649	0.00409	0.00403	0.00800	0.01210	0.01676	0.68758	0.03456	0.16959	0.00939	0.00521	0.00141	0.00211	0.00821	0.00474	0.00409
3	0.01092	0.01052	0.01808	0.02695	0.80215	0.01051	0.02851	0.01357	0.01006	0.01442	0.00832	0.01095	0.00699	0.00393	0.00439	0.00132	0.00529	0.00396	0.00219	0.00698
4	0.00647	0.00477	0.00611	0.00596	0.00708	0.00452	0.00461	0.00886	0.04340	0.01664	0.61210	0.04796	0.09301	0.00956	0.00531	0.00149	0.00242	0.11084	0.00468	0.00423
5	0.00554	0.00436	0.00502	0.00550	0.00641	0.00395	0.00388	0.00694	0.04190	0.01187	0.03346	0.44085	0.38986	0.01230	0.00540	0.00164	0.00245	0.01076	0.00412	0.00379
6	0.01493	0.01139	0.01205	0.00960	0.01273	0.02663	0.00780	0.58256	0.16876	0.02500	0.06220	0.01314	0.01079	0.00565	0.00446	0.00136	0.00445	0.00440	0.01499	0.00712
7	0.00834	0.00785	0.01325	0.83417	0.03042	0.00981	0.01227	0.01128	0.00883	0.01128	0.00785	0.01178	0.00589	0.00442	0.00442	0.00147	0.00589	0.00393	0.00196	0.00491
8	0.01637	0.04426	0.01283	0.01124	0.01359	0.78683	0.00850	0.03421	0.01259	0.01116	0.00689	0.00800	0.00573	0.00455	0.00396	0.00114	0.00781	0.00285	0.00231	0.00519
9	0.00920	0.00788	0.00918	0.00659	0.01049	0.00600	0.00527	0.01138	0.02618	0.01448	0.00807	0.00931	0.00669	0.00333	0.00330	0.00067	0.00328	0.00267	0.00266	0.85338
10	0.01179	0.73410	0.05668	0.04170	0.01257	0.03968	0.00818	0.03227	0.00937	0.01101	0.00641	0.00748	0.00572	0.00388	0.00303	0.00100	0.00494	0.00252	0.00196	0.00570
11	0.01055	0.33435	0.32063	0.04073	0.01549	0.07421	0.04483	0.01348	0.00936	0.01213	0.02432	0.00922	0.00655	0.00479	0.01701	0.00133	0.05005	0.00315	0.00200	0.00583
12	0.00637	0.00479	0.00711	0.00708	0.00783	0.00560	0.00548	0.00787	0.00707	0.01019	0.01182	0.01767	0.01115	0.06375	0.78394	0.00691	0.02431	0.00478	0.00237	0.00391
13	0.00558	0.00406	0.00527	0.00596	0.00648	0.00375	0.00413	0.00666	0.00939	0.01259	0.17449	0.60283	0.09582	0.01267	0.00554	0.00170	0.00249	0.03263	0.00424	0.00372
14	0.00834	0.00785	0.01325	0.83417	0.03042	0.00981	0.01227	0.01128	0.00883	0.01128	0.00785	0.01178	0.00589	0.00442	0.00442	0.00147	0.00589	0.00393	0.00196	0.00491
15	0.01012	0.05449	0.69880	0.01192	0.01799	0.01033	0.01492	0.03639	0.00991	0.08233	0.00873	0.00975	0.00610	0.00432	0.00417	0.00138	0.00617	0.00335	0.00224	0.00660
16	0.01099	0.00949	0.00999	0.00899	0.01148	0.01099	0.00699	0.02347	0.80925	0.01848	0.01798	0.01648	0.01348	0.00599	0.00449	0.00150	0.00350	0.00499	0.00449	0.00699
17	0.01108	0.01062	0.01726	0.03989	0.73421	0.02606	0.01302	0.02633	0.05131	0.01472	0.00880	0.01117	0.00729	0.00408	0.00437	0.00132	0.00521	0.00397	0.00234	0.00693
18	0.00899	0.00842	0.01398	0.46470	0.11493	0.00969	0.08896	0.03436	0.05629	0.01275	0.01025	0.09082	0.00894	0.01723	0.00528	0.00154	0.04016	0.00497	0.00244	0.00529
19	0.01154	0.64672	0.10246	0.00935	0.01344	0.03010	0.09303	0.02800	0.00944	0.01148	0.00671	0.00790	0.00581	0.00386	0.00327	0.00106	0.00525	0.00279	0.00198	0.00581
20	0.00630	0.00569	0.00650	0.00628	0.02142	0.02794	0.03597	0.00781	0.03229	0.01194	0.03569	0.08659	0.58424	0.04497	0.02517	0.00176	0.04320	0.00848	0.00375	0.00401
21	0.00921	0.00891	0.01268	0.01088	0.01111	0.01207	0.03347	0.01028	0.00695	0.01074	0.00705	0.01163	0.00697	0.06030	0.07252	0.00241	0.67931	0.00413	0.02474	0.00465
22	0.01052	0.01008	0.01719	0.15467	0.69287	0.01039	0.01335	0.01320	0.00986	0.01393	0.00824	0.01106	0.00682	0.00401	0.00438	0.00134	0.00535	0.00393	0.00215	0.00667
23	0.00671	0.00495	0.00635	0.00615	0.00737	0.00462	0.01875	0.03723	0.01147	0.02866	0.40438	0.14195	0.19485	0.01018	0.00533	0.00154	0.00263	0.09823	0.00446	0.00420
24	0.00897	0.00774	0.00955	0.00749	0.03303	0.00643	0.02019	0.01074	0.00885	0.01365	0.01964	0.01146	0.00789	0.08198	0.00587	0.00112	0.05661	0.00321	0.00259	0.68300
25	0.00834	0.00785	0.01325	0.83417	0.03042	0.00981	0.01227	0.01128	0.00883	0.01128	0.00785	0.01178	0.00589	0.00442	0.00442	0.00147	0.00589	0.00393	0.00196	0.00491
26	0.01650	0.02105	0.01252	0.01138	0.01365	0.82705	0.00853	0.01764	0.01252	0.01081	0.00683	0.00796	0.00569	0.00455	0.00398	0.00114	0.00796	0.00284	0.00228	0.00512
27	0.00632	0.00462	0.00651	0.00651	0.00712	0.00519	0.00480	0.00751	0.00699	0.00988	0.01293	0.02057	0.02704	0.22626	0.62025	0.00632	0.00985	0.00522	0.00247	0.00364
28	0.01199	0.81480	0.02272	0.00771	0.01143	0.04945	0.00760	0.01340	0.00911	0.01041	0.00617	0.00712	0.00567	0.00381	0.00288	0.00095	0.00485	0.00238	0.00190	0.00565
29	0.00935	0.00787	0.00934	0.03701	0.01123	0.00613	0.00554	0.01152	0.02253	0.02918	0.00819	0.00948	0.00671	0.00340	0.00335	0.00071	0.00338	0.00274	0.00268	0.80963
30	0.01563	0.09258	0.07607	0.00948	0.03521	0.05192	0.00808	0.25155	0.03415	0.29924	0.06175	0.02276	0.01076	0.00539	0.00430	0.00131	0.00453	0.00424	0.00419	0.00686
31	0.00550	0.00403	0.00552	0.00632	0.00671	0.00375	0.01876	0.00638	0.00868	0.01158	0.05357	0.77859	0.04727	0.01341	0.00560	0.00177	0.00263	0.01218	0.00409	0.00366
32	0.00966	0.00966	0.01353	0.01160	0.01160	0.01353	0.00966	0.01063	0.00676	0.01063	0.00580	0.00966	0.00580	0.00773	0.01449	0.00193	0.83670	0.00387	0.00193	0.00483
33	0.00920	0.00799	0.00971	0.00697	0.01084	0.00616	0.02784	0.01120	0.00915	0.01432	0.00785	0.00924	0.00653	0.00336	0.00351	0.00070	0.01709	0.00271	0.00259	0.83303
34	0.00631	0.00428	0.00507	0.00531	0.00544	0.00426	0.00327	0.00661	0.00702	0.00936	0.01619	0.15577	0.01869	0.64062	0.03304	0.00378	0.00414	0.06492	0.00299	0.00294
35	0.00913	0.03074	0.66283	0.01377	0.05190	0.01036	0.11651	0.01388	0.00955	0.01405	0.02229	0.01011	0.00643	0.00420	0.00433	0.00140	0.00649	0.00361	0.00198	0.00642
36	0.19063	0.00942	0.07551	0.00804	0.01150	0.00827	0.00709	0.08375	0.05128	0.47540	0.02670	0.01298	0.00960	0.00516	0.00409	0.00137	0.00397	0.00398	0.00448	0.00680
37	0.01496	0.00820	0.01054	0.00797	0.01151	0.02130	0.03814	0.03947	0.04075	0.42296	0.01343	0.02541	0.00939	0.00474	0.00407	0.00112	0.00381	0.00393	0.00418	0.31411
38	0.00834	0.00785	0.01325	0.83417	0.03042	0.00981	0.01227	0.01128	0.00883	0.01128	0.00785	0.01178	0.00589	0.00442	0.00442	0.00147	0.00589	0.00393	0.00196	0.00491
39	0.00886	0.02285	0.82190	0.01259	0.01912	0.01026	0.01632	0.01399	0.00932	0.01399	0.00793	0.00932	0.00559	0.00420	0.00420	0.00140	0.00653	0.00326	0.00186	0.00653
40	0.00631	0.00473	0.00710	0.00710	0.00789	0.00552	0.00552	0.00789	0.00710	0.01025	0.01183	0.01735	0.01104	0.03312	0.82728	0.00710	0.01183	0.00473	0.00237	0.00394
41	0.00843	0.00664	0.00763	0.00699	0.00869	0.00703	0.00535	0.01480	0.34387	0.03262	0.43982	0.02615	0.05835	0.00778	0.00490	0.00144	0.00271	0.00673	0.00469	0.00539
42	0.00862	0.00818	0.01399	0.74388	0.09715	0.00991	0.03332	0.01155	0.00898	0.01163	0.00792	0.01171	0.00600	0.00436	0.00443	0.00146	0.00587	0.00396	0.00199	0.00511
43	0.01962	0.00756	0.01024	0.00788	0.01128	0.00659	0.00650	0.02157	0.02994	0.80288	0.01744	0.01506	0.01099	0.00548	0.00444	0.00137	0.00375	0.00445	0.00545	0.00750
44	0.00548	0.00392	0.00523	0.00618	0.00650	0.00367	0.00420	0.00636	0.00873	0.01169	0.06816	0.77233	0.02978	0.01352	0.00563	0.00178	0.00258	0.03648	0.00414	0.00363
45	0.01650	0.02105	0.01252	0.01138	0.01365	0.82705	0.00853	0.01764	0.01252	0.01081	0.00683	0.00796	0.00569	0.00455	0.00398	0.00114	0.00796	0.00284	0.00228	0.00512
46	0.01959	0.00787	0.01047	0.00803	0.01145	0.00702	0.00663	0.07852	0.01323	0.76246	0.01693	0.01471	0.01068	0.00545	0.00444	0.00136	0.00384	0.00441	0.00539	0.00752
47	0.00796	0.00633	0.00737	0.00679	0.00837	0.00665	0.00518	0.01382	0.30320	0.01789	0.51051	0.02713	0.04504	0.00796	0.00495	0.00143	0.00260	0.00692	0.00471	0.00519
48	0.01093	0.01049	0.01793	0.02711	0.81723	0.01049	0.01355	0.01355	0.01006	0.01443	0.00831	0.01093	0.00700	0.00394	0.00437	0.00131	0.00525	0.00394	0.00219	0.00700
49	0.00538	0.00386	0.00511	0.00611	0.00640	0.00359	0.00408	0.00615	0.00849	0.01129	0.02483	0.82284	0.04796	0.01377	0.00563	0.00179	0.00255	0.01248	0.00410	0.00359
50	0.00966	0.24623	0.60551	0.01123	0.01701	0.01221	0.01394	0.01378	0.00923	0.01301	0.00744	0.00872	0.00561	0.00408	0.00383	0.00128	0.00604	0.00302	0.00187	0.00629
51	0.00883	0.00835	0.01413	0.68166	0.17910	0.00994	0.01251	0.01171	0.00906	0.01188	0.00794	0.01162	0.00610	0.00432	0.00441	0.00144	0.00577	0.00393	0.00200	0.00530
52	0.00627	0.00463	0.00587	0.00554	0.00666	0.00429	0.00416	0.00852	0.03142	0.01721	0.72620	0.03345	0.11088	0.00915	0.00519	0.00140	0.00213	0.00804	0.00478	0.00420
53	0.00642	0.00428	0.00482	0.00482	0.00482	0.00428	0.00268	0.00642	0.00642	0.00856	0.01392	0.02890	0.01606	0.84478	0.02248	0.00428	0.00428	0.00642	0.00268	0.00268
54	0.01982	0.00752	0.01025	0.00786	0.01127	0.00649	0.00649	0.02152	0.01264	0.82029	0.01742	0.01503	0.01093	0.00547	0.00444	0.00137	0.00376	0.00444	0.00547	0.00752
55	0.01093	0.01049	0.01793	0.02711	0.81723	0.01049	0.01355	0.01355	0.01006	0.01443	0.00831	0.01093	0.00700	0.00394	0.00437	0.00131	0.00525	0.00394	0.00219	0.00700
56	0.00916	0.00785	0.00916	0.00654	0.01047	0.00589	0.00523	0.01112	0.00916	0.01439	0.00785	0.00916	0.00654	0.00327	0.00327	0.00065	0.00327	0.00262	0.00262	0.87178
57	0.00642	0.00428	0.00482	0.00482	0.00482	0.00428	0.00268	0.00642	0.00642	0.00856	0.01392	0.02890	0.01606	0.84478	0.02248	0.00428	0.00428	0.00642	0.00268	0.00268
58	0.00568	0.00438	0.00519	0.00522	0.00631	0.00389	0.00383	0.00715	0.01082	0.01426	0.36596	0.17570	0.35425	0.01073	0.00529	0.00150	0.00223	0.00931	0.00442	0.00389
59	0.73370	0.00844	0.00709	0.00638	0.02159	0.00955	0.00510	0.03961	0.00846	0.08121	0.00752	0.00832	0.00564	0.00428	0.00296	0.00135	0.00347	0.00269	0.03755	0.00509
60	0.01553	0.05071	0.01279	0.01054	0.01313	0.51725	0.02970	0.19716	0.01394	0.01526	0.00835	0.00935	0.00660	0.00472	0.00400	0.00117	0.00662	0.00325	0.07429	0.00563
61	0.00538	0.00384	0.00512	0.00615	0.00641	0.00359	0.00410	0.00615	0.00846	0.01127	0.02434	0.84190	0.02921	0.01384	0.00564	0.00179	0.00256	0.01256	0.00410	0.00359
62	0.01172	0.51571	0.19877	0.00948	0.03075	0.03363	0.00972	0.10501	0.01049	0.01331	0.00722	0.00827	0.00599	0.00458	0.01771	0.00121	0.00535	0.00284	0.00220	0.00606
63	0.86128	0.00847	0.00645	0.00578	0.00848	0.00981	0.00475	0.01294	0.00755	0.01976	0.00629	0.00733	0.00489	0.00412	0.00274	0.00136	0.00339	0.00242	0.01741	0.00477
64	0.00966	0.00966	0.01353	0.01160	0.01160	0.01353	0.00966	0.01063	0.00676	0.01063	0.00580	0.00966	0.00580	0.00773	0.01449	0.00193	0.83670	0.00387	0.00193	0.00483
65	0.02955	0.00904	0.01464	0.41805	0.31445	0.01014	0.02417	0.03474	0.05780	0.01370	0.02620	0.01208	0.00756	0.00444	0.00440	0.00141	0.00537	0.00407	0.00235	0.00586
66	0.01147	0.75425	0.11342	0.00813	0.01221	0.01666	0.00855	0.01331	0.00901	0.01080	0.00634	0.00734	0.00566	0.00383	0.00299	0.00100	0.00493	0.00246	0.00189	0.00576
67	0.64644	0.00873	0.00762	0.00649	0.00932	0.00980	0.00534	0.11229	0.00976	0.10189	0.00819	0.00878	0.00601	0.00443	0.00313	0.00135	0.00358	0.00287	0.03861	0.00537
68	0.00593	0.00448	0.00548	0.00528	0.00642	0.00402	0.00394	0.00769	0.01166	0.01585	0.56983	0.06865	0.25495	0.00982	0.00523	0.00143	0.00215	0.00854	0.00462	0.00402
69	0.01642	0.01151	0.01254	0.00970	0.01306	0.01260	0.00797	0.68151	0.03826	0.09093	0.01147	0.01161	0.00819	0.01991	0.01625	0.00146	0.00477	0.00409	0.02044	0.00730
70	0.01064	0.00587	0.00656	0.00595	0.01988	0.00589	0.00454	0.11880	0.02297	0.11757	0.07484	0.01770	0.04581	0.00573	0.00372	0.00117	0.00273	0.00465	0.51991	0.00507
71	0.00574	0.00426	0.00514	0.00566	0.00633	0.00393	0.00399	0.00666	0.00889	0.01143	0.05499	0.36492	0.24556	0.15457	0.00843	0.00215	0.00292	0.09703	0.00388	0.00354
72	0.20330	0.00855	0.04143	0.00704	0.00977	0.03029	0.00595	0.13529	0.01174	0.24784	0.02479	0.01286	0.00928	0.00504	0.00370	0.00127	0.00361	0.00380	0.22857	0.00588
73	0.01093	0.01049	0.01793	0.02711	0.81723	0.01049	0.01355	0.01355	0.01006	0.01443	0.00831	0.01093	0.00700	0.00394	0.00437	0.00131	0.00525	0.00394	0.00219	0.00700
74	0.01030	0.01072	0.01343	0.01158	0.01179	0.08922	0.00956	0.01128	0.00730	0.01065	0.00589	0.00950	0.00579	0.00743	0.01352	0.00186	0.75960	0.00377	0.00196	0.00486
75	0.00914	0.00779	0.00904	0.00659	0.01030	0.00605	0.00522	0.01149	0.04410	0.01436	0.00852	0.01020	0.00720	0.03431	0.00403	0.00082	0.00332	0.00286	0.00270	0.80198
76	0.02338	0.01127	0.03863	0.01656	0.32186	0.04716	0.03616	0.24653	0.08109	0.07007	0.01117	0.05647	0.00902	0.00518	0.00445	0.00136	0.00495	0.00449	0.00335	0.00684
77	0.01082	0.01016	0.03648	0.22714	0.10522	0.02331	0.16760	0.18156	0.02650	0.01583	0.01010	0.03509	0.00844	0.04025	0.03174	0.00175	0.03054	0.02889	0.00278	0.00580
78	0.00539	0.00388	0.00512	0.00608	0.00639	0.00360	0.00407	0.00620	0.00859	0.01142	0.03971	0.79757	0.05833	0.01365	0.00561	0.00178	0.00254	0.01235	0.00411	0.00360
79	0.05251	0.01169	0.01300	0.00997	0.01348	0.01271	0.02943	0.66609	0.01908	0.11081	0.01109	0.01096	0.00774	0.00523	0.00437	0.00134	0.00475	0.00399	0.00440	0.00736
80	0.00895	0.00726	0.00763	0.00709	0.00880	0.04048	0.00536	0.05625	0.27626	0.03857	0.15788	0.11738	0.16670	0.05215	0.00579	0.00163	0.00321	0.01661	0.01680	0.00519
81	0.00555	0.00414	0.00515	0.00582	0.00641	0.00383	0.00400	0.00671	0.02638	0.01193	0.07960	0.60093	0.18262	0.02767	0.00580	0.00175	0.00252	0.01135	0.00413	0.00371
82	0.04422	0.00550	0.00685	0.00635	0.00804	0.00504	0.00480	0.01187	0.03557	0.25145	0.15077	0.27324	0.15957	0.00952	0.00499	0.00153	0.00285	0.00824	0.00458	0.00502
83	0.01640	0.01218	0.01303	0.01008	0.01355	0.01351	0.00830	0.74961	0.07430	0.02720	0.01110	0.01100	0.00792	0.00535	0.00442	0.00134	0.00477	0.00405	0.00442	0.00748
84	0.87598	0.00854	0.00649	0.00581	0.00854	0.00991	0.00478	0.01298	0.00752	0.01982	0.00615	0.00717	0.00478	0.00410	0.00273	0.00137	0.00342	0.00239	0.00273	0.00478
85	0.04154	0.03177	0.01128	0.00839	0.01183	0.00874	0.00697	0.22233	0.01450	0.57267	0.01506	0.01347	0.00974	0.00534	0.00435	0.00134	0.00406	0.00421	0.00503	0.00739
86	0.00649	0.00454	0.00615	0.00615	0.00671	0.00502	0.00444	0.00760	0.00705	0.01018	0.01268	0.02094	0.01265	0.28808	0.51108	0.00575	0.00871	0.00522	0.06697	0.00355
87	0.01204	0.80619	0.02261	0.00775	0.01145	0.05789	0.00761	0.01345	0.00915	0.01041	0.00617	0.00713	0.00567	0.00382	0.00289	0.00095	0.00489	0.00239	0.00191	0.00564
88	0.87598	0.00854	0.00649	0.00581	0.00854	0.00991	0.00478	0.01298	0.00752	0.01982	0.00615	0.00717	0.00478	0.00410	0.00273	0.00137	0.00342	0.00239	0.00273	0.00478
89	0.00895	0.05241	0.75183	0.01239	0.01863	0.01040	0.03654	0.01383	0.00942	0.01395	0.02727	0.00988	0.00649	0.00428	0.00420	0.00138	0.00638	0.00340	0.00195	0.00642
90	0.00582	0.00446	0.00533	0.00519	0.00635	0.00397	0.00386	0.00747	0.01137	0.01519	0.48316	0.08188	0.32975	0.01010	0.00524	0.00145	0.00217	0.00874	0.00454	0.00397
91	0.00905	0.00840	0.01409	0.56922	0.24745	0.00972	0.01217	0.01187	0.00919	0.01241	0.00830	0.01177	0.00646	0.00432	0.00434	0.00141	0.00552	0.00394	0.04492	0.00545
92	0.00624	0.00459	0.00546	0.00558	0.00660	0.00426	0.00407	0.00809	0.04572	0.02443	0.25486	0.23754	0.25644	0.04597	0.00595	0.00165	0.00249	0.03644	0.03962	0.00400
93	0.00767	0.00384	0.00575	0.00575	0.00575	0.00384	0.00384	0.00575	0.00575	0.00767	0.00767	0.01343	0.00767	0.01534	0.01726	0.87150	0.00384	0.00384	0.00192	0.00192
94	0.01386	0.42060	0.01750	0.00932	0.01232	0.37195	0.00794	0.04657	0.01093	0.01127	0.00683	0.00799	0.00595	0.00526	0.03369	0.00127	0.00641	0.00273	0.00218	0.00544
95	0.00544	0.00396	0.00513	0.00593	0.00638	0.00365	0.00403	0.00636	0.00897	0.01191	0.09685	0.69172	0.10707	0.01315	0.00556	0.00173	0.00249	0.01183	0.00417	0.00365
96	0.01400	0.00828	0.00992	0.00772	0.01103	0.00761	0.00623	0.12462	0.10464	0.30710	0.01453	0.04724	0.03209	0.00530	0.00414	0.00117	0.00363	0.00433	0.00421	0.28220
97	0.01181	0.04233	0.01705	0.07722	0.04500	0.11906	0.28580	0.07968	0.12007	0.05038	0.03253	0.02411	0.00943	0.00538	0.01470	0.00149	0.02905	0.02601	0.00297	0.00594
98	0.07313	0.00912	0.01551	0.44752	0.25977	0.01017	0.09724	0.01239	0.00927	0.01315	0.00798	0.01120	0.00622	0.00418	0.00437	0.00142	0.00569	0.00395	0.00211	0.00563
99	0.02668	0.02051	0.09205	0.01286	0.17414	0.05783	0.05094	0.07274	0.21102	0.03815	0.06628	0.04207	0.07811	0.00603	0.00454	0.00141	0.00451	0.01871	0.01528	0.00613
100	0.00961	0.00555	0.00547	0.00505	0.00644	0.02708	0.00389	0.10030	0.01070	0.03056	0.01382	0.01555	0.01073	0.00515	0.00328	0.00107	0.00256	0.00407	0.73451	0.00458
101	0.00864	0.00865	0.09374	0.00836	0.02517	0.02020	0.03496	0.04862	0.20990	0.02677	0.12398	0.12049	0.14586	0.00817	0.00487	0.00151	0.00361	0.06191	0.03929	0.00530
102	0.04437	0.00835	0.01360	0.63986	0.05473	0.01001	0.05374	0.05033	0.00950	0.01277	0.00852	0.01286	0.00672	0.00475	0.00467	0.00149	0.02368	0.03272	0.00221	0.00513
103	0.01389	0.05993	0.05619	0.01144	0.05406	0.19398	0.05680	0.26083	0.12066	0.03899	0.04294	0.01162	0.00903	0.00519	0.00478	0.00133	0.04462	0.00398	0.00336	0.00637
104	0.00610	0.00436	0.00510	0.00513	0.00570	0.00414	0.00339	0.00682	0.00851	0.01123	0.16304	0.08932	0.19018	0.40324	0.03881	0.01908	0.00356	0.02554	0.00347	0.00328
105	0.00767	0.00704	0.01053	0.02225	0.03806	0.05003	0.15669	0.00995	0.03785	0.01405	0.24958	0.27746	0.04683	0.00968	0.02705	0.00169	0.00408	0.02123	0.00374	0.00456
106	0.07174	0.00746	0.00980	0.00760	0.01089	0.00662	0.00627	0.02061	0.01221	0.74318	0.01663	0.01460	0.01057	0.00537	0.00429	0.00135	0.00368	0.00430	0.03558	0.00723
107	0.00966	0.00966	0.01353	0.01160	0.01160	0.01353	0.00966	0.01063	0.00676	0.01063	0.00580	0.00966	0.00580	0.00773	0.01449	0.00193	0.83670	0.00387	0.00193	0.00483
108	0.01176	0.49689	0.19973	0.00915	0.01325	0.10815	0.00952	0.04149	0.01005	0.02233	0.03663	0.00886	0.00711	0.00423	0.00343	0.00110	0.00540	0.00291	0.00217	0.00583
109	0.82215	0.02861	0.00715	0.01994	0.00909	0.01017	0.00505	0.03002	0.00786	0.01962	0.00627	0.00732	0.00488	0.00412	0.00280	0.00136	0.00352	0.00245	0.00274	0.00487
110	0.00702	0.00526	0.00625	0.00597	0.00691	0.01467	0.00438	0.02986	0.04734	0.01239	0.14789	0.02701	0.22299	0.14672	0.13151	0.10473	0.03882	0.00651	0.02998	0.00378
111	0.00610	0.00445	0.00555	0.00536	0.00643	0.00406	0.00399	0.00794	0.01173	0.01631	0.60936	0.08272	0.16890	0.00954	0.00516	0.00142	0.00214	0.00834	0.03645	0.00406
112	0.00871	0.00795	0.01329	0.77324	0.04822	0.00985	0.01209	0.01157	0.00890	0.03078	0.00804	0.01178	0.00603	0.00452	0.00468	0.00148	0.02787	0.00394	0.00205	0.00502
113	0.70168	0.07204	0.00832	0.00627	0.00917	0.01026	0.00527	0.03776	0.00852	0.09681	0.00738	0.00803	0.00553	0.00424	0.00296	0.00133	0.00359	0.00264	0.00298	0.00520
114	0.00581	0.00446	0.00490	0.00498	0.00627	0.00383	0.00366	0.00696	0.01004	0.03903	0.09951	0.18826	0.58411	0.01132	0.00527	0.00154	0.00234	0.00965	0.00420	0.00386
115	0.01264	0.00747	0.00861	0.00740	0.00975	0.00777	0.00584	0.05451	0.30744	0.24099	0.10479	0.01763	0.01519	0.00598	0.00428	0.00135	0.00319	0.00495	0.17393	0.00629
116	0.00637	0.00447	0.00576	0.00577	0.00619	0.00476	0.00394	0.00717	0.00705	0.00982	0.03329	0.03539	0.03652	0.43193	0.35432	0.00518	0.00722	0.00586	0.02566	0.00332
117	0.03656	0.05053	0.02042	0.00878	0.01134	0.09413	0.00700	0.19554	0.30580	0.06372	0.04901	0.07556	0.02706	0.02854	0.00489	0.00147	0.00424	0.00509	0.00403	0.00627
118	0.01035	0.00972	0.03270	0.02009	0.04194	0.08808	0.04441	0.07439	0.04437	0.02483	0.08829	0.02293	0.02819	0.00476	0.00405	0.00102	0.01363	0.00393	0.03260	0.40971
119	0.02683	0.40749	0.01762	0.01008	0.06275	0.20784	0.00815	0.13557	0.04038	0.01388	0.00798	0.02832	0.00687	0.00453	0.00357	0.00112	0.00543	0.00316	0.00255	0.00589

[dist]
# distance from previous block
# <min> <max>
0	2

[block]
# block no. 1 follows, 59 sequences, length 9
# corresponding to MSA columns:
# 153,154,159-165
name=unknown_B
#
# <colnr> <probs for GDERKNQSTAVLIFYWHMCP>
#	G	D	E	R	K	N	Q	S	T	A	V	L	I	F	Y	W	H	M	C	P
0	0.57615	0.00906	0.03985	0.00722	0.02737	0.00941	0.00595	0.03676	0.06467	0.15439	0.02676	0.00997	0.00738	0.00460	0.00334	0.00138	0.00365	0.00315	0.00336	0.00558
1	0.08635	0.10959	0.26588	0.01277	0.10540	0.07354	0.08222	0.11463	0.02994	0.03524	0.00902	0.03987	0.00721	0.00466	0.00410	0.00133	0.00561	0.00380	0.00260	0.00623
2	0.01128	0.01132	0.01398	0.19641	0.05774	0.14383	0.07731	0.10037	0.02837	0.01359	0.00833	0.02957	0.00702	0.00568	0.00731	0.00152	0.24576	0.00408	0.03115	0.00539
3	0.00627	0.00431	0.00496	0.00511	0.00533	0.00422	0.00314	0.00656	0.00715	0.00938	0.01808	0.10677	0.08586	0.64620	0.01845	0.00368	0.00394	0.05466	0.00301	0.00293
4	0.00609	0.00475	0.00531	0.00544	0.00653	0.00443	0.00396	0.00784	0.06733	0.01208	0.06847	0.15060	0.42004	0.12279	0.00800	0.03077	0.00283	0.06506	0.00390	0.00379
5	0.01310	0.01054	0.01118	0.00942	0.01229	0.01197	0.00750	0.30686	0.52242	0.02188	0.01529	0.01434	0.01131	0.00574	0.00447	0.00144	0.00399	0.00462	0.00447	0.00718
6	0.00656	0.00463	0.00580	0.00558	0.00678	0.00419	0.00425	0.00836	0.01168	0.04620	0.53842	0.06341	0.21092	0.00973	0.00525	0.00146	0.00232	0.05564	0.00464	0.00417
7	0.81734	0.00880	0.00695	0.00611	0.00889	0.01017	0.00503	0.06687	0.00842	0.02036	0.00645	0.00741	0.00497	0.00418	0.00285	0.00136	0.00352	0.00250	0.00285	0.00497
8	0.01198	0.73300	0.02115	0.00754	0.01112	0.04569	0.00731	0.01338	0.00933	0.04710	0.00880	0.00943	0.05047	0.00429	0.00308	0.00100	0.00466	0.00286	0.00219	0.00562

[dist]
# distance from previous block
# <min> <max>
0	1

[block]
# block no. 2 follows, 59 sequences, length 9
# corresponding to MSA columns:
# 167-175
name=unknown_C
#
# <colnr> <probs for GDERKNQSTAVLIFYWHMCP>
#	G	D	E	R	K	N	Q	S	T	A	V	L	I	F	Y	W	H	M	C	P
0	0.01160	0.01079	0.01758	0.02515	0.71518	0.03436	0.03643	0.03738	0.01056	0.04578	0.00870	0.01102	0.00712	0.00405	0.00439	0.00131	0.00532	0.00396	0.00238	0.00695
1	0.01136	0.00953	0.01067	0.01023	0.06464	0.03773	0.02484	0.05191	0.56747	0.05319	0.01681	0.04708	0.01328	0.00622	0.00455	0.00148	0.00387	0.03513	0.02336	0.00665
2	0.00533	0.00442	0.00466	0.00472	0.00606	0.00375	0.00349	0.00650	0.01014	0.01239	0.11117	0.11218	0.67754	0.01123	0.00526	0.00151	0.00225	0.00949	0.00417	0.00375
3	0.01051	0.00997	0.01692	0.07727	0.71379	0.01009	0.01305	0.01312	0.00999	0.01415	0.00927	0.01355	0.00814	0.00451	0.00449	0.00137	0.00521	0.05564	0.00230	0.00667
4	0.00859	0.00703	0.00784	0.00739	0.00913	0.00762	0.00571	0.01563	0.41088	0.01635	0.18803	0.04682	0.10766	0.05488	0.00592	0.00169	0.00314	0.08589	0.00437	0.00543
5	0.00767	0.00384	0.00575	0.00575	0.00575	0.00384	0.00384	0.00575	0.00575	0.00767	0.00767	0.01343	0.00767	0.01534	0.01726	0.87150	0.00384	0.00384	0.00192	0.00192
6	0.01355	0.08740	0.01471	0.04658	0.24156	0.30574	0.00972	0.13407	0.03309	0.01495	0.05091	0.01082	0.00845	0.00469	0.00415	0.00123	0.00593	0.00365	0.00272	0.00605
7	0.01402	0.00984	0.01056	0.00873	0.01143	0.04276	0.00695	0.32118	0.20378	0.14724	0.03319	0.02877	0.03043	0.06179	0.01937	0.00168	0.00434	0.01820	0.01918	0.00657
8	0.04973	0.09971	0.33233	0.01111	0.03409	0.14607	0.05391	0.05712	0.02404	0.05452	0.03047	0.03712	0.00811	0.00481	0.00408	0.00131	0.00577	0.00377	0.03596	0.00597

[dist]
# distance from previous block
# <min> <max>
3	11

[block]
# block no. 3 follows, 59 sequences, length 6
# corresponding to MSA columns:
# 187-192
name=unknown_D
#
# <colnr> <probs for GDERKNQSTAVLIFYWHMCP>
#	G	D	E	R	K	N	Q	S	T	A	V	L	I	F	Y	W	H	M	C	P
0	0.07176	0.06607	0.29805	0.01072	0.06516	0.00947	0.02449	0.02866	0.06636	0.03070	0.03978	0.04209	0.08038	0.02137	0.00538	0.00153	0.05855	0.07099	0.00283	0.00565
1	0.00916	0.00785	0.00916	0.00654	0.01047	0.00589	0.00523	0.01112	0.00916	0.01439	0.00785	0.00916	0.00654	0.00327	0.00327	0.00065	0.00327	0.00262	0.00262	0.87178
2	0.00943	0.00657	0.00871	0.00740	0.00942	0.00631	0.07246	0.06793	0.09265	0.12938	0.21935	0.07933	0.22856	0.03543	0.00556	0.00155	0.00326	0.00725	0.00434	0.00512
3	0.01468	0.01614	0.01216	0.01126	0.04869	0.50016	0.00828	0.07250	0.01171	0.06171	0.00828	0.01073	0.00710	0.07638	0.00706	0.00155	0.12021	0.00352	0.00261	0.00528
4	0.01128	0.00930	0.01002	0.00888	0.01134	0.01056	0.00702	0.13553	0.59083	0.01946	0.06872	0.01884	0.01520	0.00649	0.00463	0.00150	0.00364	0.05558	0.00448	0.00670
5	0.00593	0.00486	0.00583	0.00652	0.06471	0.00438	0.00430	0.00722	0.00996	0.01266	0.15684	0.09733	0.49260	0.07051	0.03506	0.00188	0.00293	0.00860	0.00392	0.00395

[dist]
# distance from previous block
# <min> <max>
0	29

[block]
# block no. 4 follows, 59 sequences, length 14
# corresponding to MSA columns:
# 222-235
name=unknown_E
#
# <colnr> <probs for GDERKNQSTAVLIFYWHMCP>
#	G	D	E	R	K	N	Q	S	T	A	V	L	I	F	Y	W	H	M	C	P
0	0.00641	0.00449	0.00535	0.00551	0.00660	0.00395	0.00395	0.00751	0.00972	0.06192	0.11064	0.35315	0.33947	0.03323	0.00574	0.00165	0.00252	0.00993	0.00419	0.02408
1	0.04472	0.01255	0.01264	0.00998	0.01317	0.07884	0.00815	0.63652	0.05018	0.02497	0.01036	0.01061	0.00754	0.00531	0.00465	0.00133	0.03403	0.00387	0.02354	0.00704
2	0.04049	0.00958	0.01596	0.17012	0.51149	0.00998	0.05208	0.03687	0.01006	0.01429	0.00958	0.03430	0.00841	0.00482	0.00450	0.00141	0.00526	0.05218	0.00240	0.00624
3	0.01216	0.00949	0.01052	0.03489	0.03290	0.02550	0.00726	0.22029	0.37438	0.05576	0.04245	0.01536	0.01205	0.02555	0.07296	0.00194	0.00467	0.00469	0.03064	0.00652
4	0.03841	0.00497	0.00613	0.00581	0.00707	0.00469	0.01549	0.02595	0.02356	0.01624	0.51234	0.09466	0.18696	0.00952	0.00515	0.00146	0.00241	0.03047	0.00450	0.00420
5	0.00545	0.00411	0.00505	0.00561	0.00631	0.00370	0.00390	0.00650	0.00945	0.01232	0.13648	0.51193	0.24825	0.01246	0.00546	0.00166	0.00241	0.01105	0.00420	0.00370
6	0.01170	0.00955	0.01027	0.00901	0.01131	0.03544	0.00711	0.13664	0.48240	0.05022	0.03123	0.03760	0.01279	0.00766	0.04674	0.00177	0.05432	0.01801	0.01973	0.00650
7	0.59161	0.02700	0.00875	0.00711	0.01007	0.03613	0.00586	0.19134	0.01096	0.06458	0.00779	0.00840	0.00578	0.00445	0.00325	0.00134	0.00393	0.00287	0.00323	0.00557
8	0.00535	0.00439	0.00471	0.00482	0.00609	0.00376	0.00354	0.00653	0.01011	0.01246	0.12418	0.14940	0.62673	0.01131	0.00528	0.00152	0.00226	0.00962	0.00418	0.00376
9	0.01509	0.01110	0.01198	0.00962	0.01281	0.01233	0.00781	0.49510	0.27845	0.07782	0.01347	0.01282	0.00970	0.00554	0.00444	0.00138	0.00434	0.00434	0.00451	0.00734
10	0.00920	0.00882	0.01241	0.04665	0.01173	0.01210	0.00904	0.01037	0.00701	0.01092	0.00691	0.01085	0.00660	0.00995	0.09318	0.00237	0.67735	0.00397	0.04586	0.00471
11	0.01173	0.01245	0.01495	0.01235	0.01369	0.17480	0.11309	0.07977	0.00958	0.01259	0.00682	0.00970	0.00604	0.00637	0.01033	0.00167	0.49272	0.00385	0.00225	0.00526
12	0.00837	0.00764	0.01190	0.50003	0.06016	0.03338	0.03290	0.01063	0.00869	0.01138	0.02693	0.01350	0.01845	0.02073	0.12051	0.05811	0.00639	0.00417	0.00218	0.04393
13	0.02506	0.03752	0.10119	0.08067	0.22300	0.10388	0.04315	0.10455	0.09073	0.03613	0.02023	0.05445	0.00944	0.00590	0.02290	0.00151	0.00548	0.02515	0.00290	0.00616

[dist]
# distance from previous block
# <min> <max>
0	1

[block]
# block no. 5 follows, 59 sequences, length 10
# corresponding to MSA columns:
# 238-247
name=unknown_F
#
# <colnr> <probs for GDERKNQSTAVLIFYWHMCP>
#	G	D	E	R	K	N	Q	S	T	A	V	L	I	F	Y	W	H	M	C	P
0	0.07487	0.16395	0.17285	0.05203	0.17077	0.07680	0.13663	0.05063	0.03574	0.01429	0.00806	0.00978	0.00635	0.00414	0.00405	0.00129	0.00579	0.00356	0.00229	0.00612
1	0.03179	0.02393	0.03710	0.02955	0.07737	0.06636	0.02720	0.08220	0.01095	0.08872	0.05898	0.01143	0.00907	0.00434	0.00405	0.00102	0.02104	0.00349	0.00304	0.40837
2	0.00774	0.00733	0.02283	0.01022	0.11071	0.03398	0.10087	0.02352	0.03910	0.01340	0.10168	0.11388	0.28909	0.04613	0.00603	0.00163	0.01829	0.04535	0.00353	0.00469
3	0.00641	0.00433	0.00504	0.00504	0.00512	0.00440	0.00295	0.00657	0.00649	0.00873	0.01371	0.02777	0.01557	0.76543	0.10117	0.00456	0.00502	0.00626	0.00265	0.00280
4	0.07139	0.00722	0.00950	0.00746	0.01055	0.00643	0.00611	0.01942	0.01231	0.67487	0.11180	0.01669	0.01422	0.00581	0.00443	0.00137	0.00354	0.00474	0.00522	0.00695
5	0.01099	0.00949	0.00999	0.00899	0.01148	0.01099	0.00699	0.02347	0.80925	0.01848	0.01798	0.01648	0.01348	0.00599	0.00449	0.00150	0.00350	0.00499	0.00449	0.00699
6	0.01032	0.00526	0.00564	0.00509	0.00662	0.00526	0.00396	0.08442	0.01070	0.10757	0.01440	0.01577	0.01093	0.00520	0.00336	0.00109	0.00251	0.00414	0.69297	0.00481
7	0.87598	0.00854	0.00649	0.00581	0.00854	0.00991	0.00478	0.01298	0.00752	0.01982	0.00615	0.00717	0.00478	0.00410	0.00273	0.00137	0.00342	0.00239	0.00273	0.00478
8	0.00931	0.13681	0.66621	0.01183	0.01762	0.01144	0.01473	0.01370	0.00913	0.01330	0.00756	0.00903	0.00562	0.00433	0.00457	0.00136	0.05206	0.00317	0.00187	0.00631
9	0.07041	0.00740	0.05333	0.00778	0.02236	0.00684	0.04670	0.03571	0.06179	0.09209	0.33953	0.02344	0.09441	0.00805	0.02787	0.00158	0.05088	0.00612	0.03862	0.00506

[dist]
# distance from previous block
# <min> <max>
0	1

[block]
# block no. 6 follows, 59 sequences, length 35
# corresponding to MSA columns:
# 249-283
name=unknown_G
#
# <colnr> <probs for GDERKNQSTAVLIFYWHMCP>
#	G	D	E	R	K	N	Q	S	T	A	V	L	I	F	Y	W	H	M	C	P
0	0.00811	0.00414	0.00423	0.00420	0.00523	0.00412	0.00315	0.01017	0.00946	0.01654	0.06354	0.01748	0.01318	0.00538	0.00322	0.00105	0.00206	0.00435	0.81625	0.00412
1	0.01159	0.02259	0.02094	0.01539	0.01889	0.05080	0.50563	0.04448	0.04651	0.07894	0.00958	0.01185	0.00726	0.00505	0.01879	0.00159	0.11675	0.00476	0.00264	0.00596
2	0.00556	0.00420	0.00516	0.00572	0.00649	0.00380	0.00410	0.00667	0.00952	0.01235	0.12245	0.45523	0.26385	0.01238	0.00550	0.00167	0.00251	0.06493	0.00419	0.00373
3	0.00767	0.00384	0.00575	0.00575	0.00575	0.00384	0.00384	0.00575	0.00575	0.00767	0.00767	0.01343	0.00767	0.01534	0.01726	0.87150	0.00384	0.00384	0.00192	0.00192
4	0.00975	0.27293	0.57965	0.01106	0.01676	0.01245	0.01366	0.01376	0.00922	0.01290	0.00738	0.00865	0.00562	0.00407	0.00378	0.00126	0.00598	0.00299	0.00187	0.00627
5	0.00951	0.07316	0.56961	0.01185	0.02562	0.05696	0.02329	0.02539	0.00942	0.01332	0.00911	0.01067	0.03637	0.00556	0.02750	0.00156	0.07943	0.00354	0.00204	0.00608
6	0.02354	0.02306	0.09426	0.02635	0.02863	0.05096	0.02356	0.17955	0.46194	0.01916	0.01405	0.01361	0.01047	0.00543	0.00439	0.00142	0.00447	0.00440	0.00391	0.00685
7	0.00842	0.00795	0.01326	0.78687	0.02934	0.01003	0.01212	0.01125	0.00871	0.01125	0.00773	0.01165	0.00588	0.00461	0.00500	0.00150	0.05366	0.00392	0.00196	0.00490
8	0.01638	0.04601	0.01291	0.01116	0.01359	0.73624	0.00849	0.08087	0.01307	0.01217	0.00711	0.00815	0.00584	0.00459	0.00398	0.00115	0.00761	0.00292	0.00244	0.00533
9	0.00958	0.11840	0.62166	0.01172	0.01746	0.01089	0.04389	0.03678	0.00980	0.03029	0.02245	0.01061	0.02849	0.00446	0.00413	0.00135	0.00605	0.00352	0.00214	0.00634
10	0.00982	0.00803	0.00937	0.00674	0.01063	0.00624	0.00541	0.04550	0.00977	0.03999	0.00827	0.00940	0.00672	0.00343	0.00336	0.00071	0.00335	0.00273	0.00278	0.80776
11	0.00579	0.00455	0.00526	0.00546	0.00652	0.00415	0.00395	0.00759	0.05134	0.01330	0.20132	0.28637	0.36584	0.01128	0.00531	0.00156	0.00237	0.00981	0.00428	0.00395
12	0.01032	0.00993	0.01623	0.30895	0.43265	0.03003	0.04918	0.04255	0.01002	0.01363	0.00816	0.01116	0.00655	0.00426	0.00469	0.00139	0.02801	0.00396	0.00219	0.00613
13	0.01177	0.01003	0.03254	0.00938	0.03324	0.03045	0.00734	0.15943	0.48849	0.04334	0.09305	0.01699	0.03193	0.00612	0.00454	0.00144	0.00382	0.00505	0.00435	0.00670
14	0.00620	0.00437	0.00534	0.00556	0.00574	0.00447	0.00352	0.00659	0.00714	0.00959	0.01718	0.24739	0.04125	0.50591	0.08173	0.00368	0.03021	0.00795	0.00305	0.00312
15	0.01080	0.01190	0.09300	0.03990	0.45908	0.01067	0.21130	0.06152	0.01076	0.01514	0.02757	0.01155	0.00762	0.00412	0.00459	0.00137	0.00583	0.00429	0.00236	0.00661
16	0.00767	0.00384	0.00575	0.00575	0.00575	0.00384	0.00384	0.00575	0.00575	0.00767	0.00767	0.01343	0.00767	0.01534	0.01726	0.87150	0.00384	0.00384	0.00192	0.00192
17	0.83172	0.00919	0.00680	0.00609	0.00880	0.05199	0.00498	0.01322	0.00777	0.01935	0.00618	0.00722	0.00483	0.00412	0.00280	0.00135	0.00365	0.00241	0.00271	0.00480
18	0.00713	0.00537	0.00659	0.00607	0.00717	0.02721	0.00460	0.02033	0.01220	0.03483	0.69898	0.03058	0.04797	0.02717	0.00595	0.00147	0.03995	0.00751	0.00461	0.00431
19	0.01179	0.80138	0.02243	0.00761	0.01130	0.01704	0.00752	0.03433	0.00924	0.01086	0.00642	0.00747	0.00587	0.00464	0.02594	0.00113	0.00493	0.00247	0.00197	0.00567
20	0.02868	0.01135	0.01270	0.01007	0.01329	0.01258	0.04357	0.54169	0.21282	0.02434	0.01264	0.03478	0.00949	0.00561	0.00448	0.00139	0.00456	0.00449	0.00430	0.00716
21	0.00581	0.00400	0.00527	0.00606	0.00645	0.00373	0.00408	0.00667	0.00878	0.02955	0.08291	0.71594	0.03975	0.05067	0.00633	0.00186	0.00263	0.01172	0.00412	0.00368
22	0.00917	0.00895	0.01220	0.01062	0.01109	0.03374	0.03019	0.01083	0.04334	0.01107	0.00890	0.03656	0.02731	0.01172	0.14118	0.00268	0.57898	0.00445	0.00225	0.00476
23	0.01190	0.40797	0.01743	0.00915	0.01158	0.08702	0.00808	0.04758	0.06406	0.03593	0.00756	0.00913	0.00659	0.00579	0.01903	0.01519	0.22498	0.00317	0.00234	0.00554
24	0.00597	0.00462	0.00545	0.00522	0.00647	0.00416	0.00392	0.00793	0.03087	0.01549	0.49669	0.03628	0.34128	0.00979	0.00520	0.00143	0.00218	0.00843	0.00456	0.00407
25	0.01531	0.00955	0.02443	0.02756	0.26758	0.00913	0.05563	0.13306	0.01279	0.35616	0.03508	0.01328	0.00965	0.00492	0.00448	0.00135	0.00463	0.00433	0.00397	0.00711
26	0.00640	0.00439	0.00535	0.00535	0.00553	0.00457	0.00334	0.00676	0.00658	0.00896	0.01343	0.02623	0.01490	0.65675	0.20892	0.00493	0.00603	0.00603	0.00260	0.00297
27	0.01651	0.02078	0.01254	0.01134	0.01366	0.80180	0.00853	0.04201	0.01277	0.01134	0.00694	0.00805	0.00575	0.00457	0.00400	0.00114	0.00787	0.00288	0.00234	0.00519
28	0.00917	0.00858	0.01347	0.01016	0.02690	0.00718	0.21905	0.01153	0.00950	0.01405	0.00996	0.07295	0.00898	0.00452	0.00409	0.00103	0.00440	0.03393	0.00267	0.52786
29	0.00621	0.00473	0.00574	0.00545	0.00666	0.00437	0.00410	0.00853	0.04778	0.01633	0.58986	0.03458	0.23045	0.00942	0.00518	0.00142	0.00218	0.00818	0.00466	0.00419
30	0.00952	0.07522	0.53217	0.01404	0.01977	0.01101	0.24833	0.01398	0.00963	0.01379	0.00810	0.00994	0.00593	0.00403	0.00441	0.00139	0.00668	0.00378	0.00198	0.00630
31	0.01213	0.01039	0.01146	0.03753	0.07920	0.05580	0.01682	0.14644	0.47322	0.03772	0.03343	0.01460	0.01166	0.00585	0.01342	0.00147	0.00429	0.00459	0.00403	0.02594
32	0.01482	0.09958	0.01363	0.01068	0.01298	0.47644	0.00846	0.13690	0.03436	0.01356	0.00762	0.00894	0.00631	0.00565	0.02285	0.00139	0.11452	0.00320	0.00258	0.00553
33	0.00569	0.00422	0.00533	0.00584	0.00651	0.00392	0.00408	0.00710	0.02851	0.01304	0.21206	0.51886	0.14421	0.01215	0.00545	0.00165	0.00243	0.01085	0.00429	0.00382
34	0.00548	0.00391	0.00513	0.00607	0.00635	0.00367	0.00405	0.00623	0.00839	0.01115	0.02407	0.75507	0.04502	0.06871	0.00675	0.00196	0.00270	0.02776	0.00401	0.00354

[dist]
# distance from previous block
# <min> <max>
0	4

[block]
# block no. 7 follows, 59 sequences, length 50
# corresponding to MSA columns:
# 288-337
name=unknown_H
#
# <colnr> <probs for GDERKNQSTAVLIFYWHMCP>
#	G	D	E	R	K	N	Q	S	T	A	V	L	I	F	Y	W	H	M	C	P
0	0.11683	0.00792	0.00973	0.00766	0.01076	0.00754	0.00628	0.11760	0.01306	0.54142	0.10122	0.01550	0.01310	0.00567	0.00432	0.00136	0.00368	0.00453	0.00495	0.00684
1	0.01562	0.00847	0.00997	0.00807	0.01100	0.00859	0.00653	0.17713	0.18810	0.37672	0.01666	0.01542	0.03452	0.00568	0.00433	0.00135	0.00370	0.00458	0.09663	0.00693
2	0.00881	0.00428	0.00442	0.00430	0.00545	0.00423	0.00326	0.01085	0.00943	0.05624	0.01456	0.01640	0.01130	0.00516	0.00315	0.00105	0.00214	0.00413	0.82656	0.00428
3	0.08772	0.00800	0.00970	0.00773	0.01079	0.00777	0.00631	0.09879	0.09744	0.51821	0.02666	0.01445	0.01081	0.00542	0.00421	0.00135	0.00366	0.00431	0.06973	0.00693
4	0.04031	0.01240	0.01274	0.00996	0.01334	0.05765	0.00816	0.66770	0.05863	0.05824	0.01091	0.01083	0.00777	0.00527	0.00435	0.00133	0.00488	0.00394	0.00430	0.00728
5	0.05758	0.75882	0.04690	0.00768	0.01148	0.01677	0.00770	0.03076	0.00917	0.01139	0.00630	0.00724	0.00566	0.00384	0.00291	0.00099	0.00471	0.00243	0.00199	0.00569
6	0.00907	0.00871	0.01321	0.76180	0.02895	0.05321	0.01193	0.03928	0.00944	0.01184	0.00789	0.01153	0.00593	0.00445	0.00439	0.00145	0.00596	0.00387	0.00206	0.00501
7	0.07375	0.01187	0.01305	0.03641	0.05641	0.01315	0.00855	0.68325	0.01894	0.02607	0.01010	0.01043	0.00725	0.00512	0.00430	0.00133	0.00482	0.00387	0.00411	0.00722
8	0.00565	0.00468	0.00498	0.00497	0.00638	0.00412	0.00373	0.00738	0.04554	0.01290	0.13353	0.07994	0.63173	0.01085	0.00523	0.00151	0.00233	0.02641	0.00421	0.00393
9	0.00557	0.00474	0.00484	0.00477	0.00629	0.00413	0.00359	0.00733	0.05173	0.01258	0.08406	0.04065	0.73286	0.01080	0.00518	0.00149	0.00229	0.00903	0.00416	0.00392
10	0.00555	0.00398	0.00506	0.00586	0.00619	0.00372	0.00389	0.00625	0.00832	0.01098	0.02444	0.65056	0.08877	0.13136	0.00800	0.00213	0.00281	0.02476	0.00390	0.00348
11	0.00631	0.00473	0.00710	0.00710	0.00789	0.00552	0.00552	0.00789	0.00710	0.01025	0.01183	0.01735	0.01104	0.03312	0.82728	0.00710	0.01183	0.00473	0.00237	0.00394
12	0.01181	0.84744	0.02314	0.00756	0.01134	0.01748	0.00756	0.01323	0.00897	0.01039	0.00614	0.00708	0.00567	0.00378	0.00283	0.00094	0.00472	0.00236	0.00189	0.00567
13	0.01045	0.00831	0.01138	0.04183	0.01260	0.00872	0.13089	0.04493	0.31126	0.09291	0.03767	0.02090	0.14522	0.02455	0.00525	0.00153	0.01701	0.02544	0.04327	0.00588
14	0.00834	0.00785	0.01325	0.83417	0.03042	0.00981	0.01227	0.01128	0.00883	0.01128	0.00785	0.01178	0.00589	0.00442	0.00442	0.00147	0.00589	0.00393	0.00196	0.00491
15	0.00980	0.17210	0.52310	0.01217	0.07897	0.01105	0.01332	0.01371	0.00962	0.04345	0.04825	0.01132	0.00814	0.00456	0.00406	0.00132	0.00572	0.02084	0.00223	0.00627
16	0.04738	0.00985	0.01032	0.00907	0.03344	0.07011	0.00697	0.17031	0.29735	0.15375	0.11279	0.01650	0.03053	0.00601	0.00446	0.00139	0.00398	0.00487	0.00438	0.00654
17	0.58873	0.05074	0.02074	0.01015	0.14084	0.02222	0.04372	0.01318	0.00840	0.02999	0.01941	0.02158	0.00633	0.00430	0.00327	0.00135	0.00405	0.00307	0.00266	0.00528
18	0.00998	0.00776	0.00919	0.00663	0.01046	0.00590	0.00532	0.01193	0.00951	0.08111	0.02389	0.01009	0.00757	0.00356	0.00340	0.00073	0.00329	0.00287	0.00289	0.78391
19	0.00577	0.00419	0.00549	0.00610	0.00673	0.00391	0.00440	0.00703	0.00975	0.01311	0.21836	0.49591	0.09150	0.01228	0.00555	0.00170	0.00259	0.09755	0.00428	0.00379
20	0.00856	0.00808	0.01340	0.74905	0.04148	0.01002	0.02397	0.01180	0.03900	0.01163	0.00818	0.01187	0.00620	0.00457	0.00478	0.00149	0.03486	0.00398	0.00206	0.00503
21	0.01092	0.01027	0.01710	0.12565	0.67775	0.01058	0.01312	0.05504	0.01047	0.01475	0.00837	0.01102	0.00689	0.00407	0.00438	0.00133	0.00531	0.00394	0.00228	0.00677
22	0.00598	0.00448	0.00556	0.00550	0.00658	0.00406	0.00414	0.00770	0.01141	0.01548	0.51243	0.11191	0.22299	0.01017	0.00530	0.00149	0.00228	0.05396	0.00456	0.00400
23	0.00680	0.00539	0.00712	0.00642	0.00780	0.00519	0.04646	0.00976	0.09348	0.01605	0.50877	0.04152	0.15474	0.05323	0.01637	0.00165	0.00278	0.00767	0.00441	0.00440
24	0.00675	0.00482	0.00670	0.00772	0.00857	0.00477	0.00648	0.00852	0.00981	0.01281	0.02359	0.21653	0.02622	0.01255	0.00600	0.00198	0.00375	0.62440	0.00407	0.00397
25	0.01174	0.01142	0.07615	0.14010	0.30064	0.06371	0.01098	0.06450	0.18817	0.07168	0.01104	0.01224	0.00838	0.00471	0.00437	0.00138	0.00510	0.00408	0.00301	0.00659
26	0.00587	0.00419	0.00566	0.00667	0.00713	0.00401	0.00490	0.00697	0.00889	0.01176	0.02391	0.61235	0.02796	0.02734	0.00605	0.00190	0.00300	0.22369	0.00407	0.00370
27	0.00901	0.00857	0.01462	0.62125	0.22382	0.01000	0.02652	0.01189	0.00916	0.01211	0.00798	0.01157	0.00617	0.00429	0.00442	0.00143	0.00576	0.00395	0.00202	0.00544
28	0.01402	0.01057	0.01133	0.00900	0.01222	0.02457	0.00728	0.41099	0.20864	0.06122	0.01237	0.01220	0.00909	0.00514	0.00420	0.00125	0.00418	0.00402	0.03713	0.14059
