[name]
unknown

[dist]
# distance from previous block
# <min> <max>
0	275

[block]
# block no. 0 follows, 56 sequences, length 98
# corresponding to MSA columns:
# 305-351,353-403
name=unknown_A
#
# <colnr> <probs for GDERKNQSTAVLIFYWHMCP>
#	G	D	E	R	K	N	Q	S	T	A	V	L	I	F	Y	W	H	M	C	P
0	0.00665	0.00446	0.00509	0.00512	0.00515	0.00448	0.00292	0.00672	0.00675	0.00903	0.01464	0.04842	0.01683	0.79230	0.04986	0.00449	0.00467	0.00677	0.00281	0.00285
1	0.01533	0.19272	0.01569	0.03002	0.07498	0.53708	0.00907	0.03823	0.01213	0.01194	0.00747	0.02082	0.00643	0.00468	0.00397	0.00118	0.00713	0.00315	0.00236	0.00563
2	0.00793	0.00401	0.00599	0.00597	0.00601	0.00400	0.00400	0.00606	0.00618	0.00828	0.03113	0.01454	0.00900	0.01576	0.01758	0.84138	0.00393	0.00411	0.00208	0.00206
3	0.01015	0.05736	0.53259	0.01415	0.01998	0.04148	0.20254	0.02914	0.01035	0.01461	0.02056	0.01058	0.00671	0.00434	0.00456	0.00144	0.00688	0.00391	0.00214	0.00653
4	0.01227	0.84142	0.02406	0.00786	0.01178	0.01817	0.00786	0.01375	0.00933	0.01080	0.00638	0.00736	0.00589	0.00393	0.00295	0.00098	0.00491	0.00245	0.00196	0.00589
5	0.01145	0.00810	0.00972	0.00704	0.01103	0.00623	0.00567	0.01344	0.01015	0.15368	0.00989	0.01058	0.00759	0.00380	0.00361	0.00081	0.00349	0.00305	0.00323	0.71745
6	0.00599	0.00418	0.00525	0.00590	0.00611	0.00400	0.00376	0.00657	0.00823	0.01101	0.05052	0.53325	0.02621	0.29334	0.01177	0.00272	0.00325	0.01072	0.00379	0.00343
7	0.01585	0.14646	0.02548	0.01115	0.01379	0.63937	0.02225	0.01721	0.01219	0.01144	0.00725	0.00850	0.00610	0.00465	0.00409	0.00117	0.01777	0.00298	0.02687	0.00541
8	0.00559	0.00408	0.00526	0.00619	0.00661	0.00376	0.00418	0.00645	0.00905	0.01190	0.04035	0.73384	0.11788	0.01399	0.00580	0.00182	0.00262	0.01260	0.00427	0.00376
9	0.00995	0.18142	0.64738	0.01205	0.01820	0.02721	0.01505	0.01446	0.00968	0.01376	0.00786	0.00922	0.00583	0.00428	0.00408	0.00136	0.00645	0.00320	0.00195	0.00659
10	0.06702	0.03790	0.01364	0.02758	0.01404	0.01389	0.00860	0.64957	0.01916	0.04099	0.01040	0.01075	0.00751	0.00551	0.00503	0.00141	0.05141	0.00399	0.00423	0.00737
11	0.01101	0.01255	0.02403	0.03841	0.03513	0.08144	0.64315	0.01442	0.01085	0.01415	0.01006	0.06362	0.00833	0.00463	0.00530	0.00153	0.00739	0.00563	0.00244	0.00595
12	0.00569	0.00406	0.00543	0.00640	0.00668	0.00387	0.00429	0.00650	0.00863	0.01156	0.02418	0.76017	0.02880	0.04594	0.05209	0.00227	0.00327	0.01236	0.00411	0.00371
13	0.01202	0.03721	0.03750	0.02840	0.06989	0.04709	0.00848	0.04670	0.53566	0.04784	0.01541	0.01496	0.01166	0.00592	0.00525	0.00152	0.05879	0.00471	0.00403	0.00697
14	0.01061	0.16592	0.37877	0.02665	0.01970	0.01231	0.26587	0.02907	0.01026	0.02651	0.00845	0.01030	0.00633	0.00417	0.00446	0.00140	0.00667	0.00392	0.00218	0.00644
15	0.01181	0.64437	0.17023	0.00905	0.01337	0.04205	0.00963	0.01398	0.00946	0.01151	0.00674	0.00789	0.00588	0.00413	0.00353	0.00110	0.02461	0.00268	0.00197	0.00602
16	0.00921	0.02375	0.81487	0.01309	0.01987	0.01066	0.01696	0.01454	0.00969	0.01454	0.00824	0.00969	0.00582	0.00436	0.00436	0.00145	0.00678	0.00339	0.00194	0.00678
17	0.00726	0.00655	0.00909	0.09850	0.20399	0.00628	0.00709	0.00905	0.01043	0.01322	0.06648	0.03237	0.49454	0.00895	0.00512	0.00150	0.00348	0.00767	0.00358	0.00485
18	0.02325	0.00655	0.00922	0.00809	0.01018	0.00604	0.06715	0.04978	0.01131	0.26723	0.02375	0.28307	0.13067	0.00971	0.00531	0.00165	0.00366	0.07333	0.00455	0.00549
19	0.00637	0.00480	0.00564	0.00566	0.00693	0.00431	0.00428	0.01944	0.01120	0.02909	0.26408	0.14823	0.39158	0.01122	0.00552	0.00160	0.00254	0.06883	0.00452	0.00415
20	0.00890	0.00839	0.01418	0.75947	0.09797	0.01026	0.01286	0.01193	0.00929	0.01201	0.00820	0.01217	0.00622	0.00455	0.00459	0.00152	0.00606	0.00408	0.00206	0.00529
21	0.01299	0.72307	0.02251	0.00836	0.01213	0.08813	0.00799	0.05811	0.01034	0.01186	0.00671	0.00765	0.00600	0.00409	0.00314	0.00102	0.00521	0.00259	0.00215	0.00595
22	0.01429	0.01191	0.01828	0.01365	0.01755	0.01231	0.31367	0.33298	0.12194	0.07737	0.01188	0.01270	0.00857	0.00498	0.00493	0.00147	0.00583	0.00481	0.00380	0.00711
23	0.00672	0.00444	0.00502	0.00503	0.00511	0.00443	0.00288	0.00688	0.00703	0.00957	0.03980	0.04679	0.01764	0.76418	0.02168	0.00418	0.00426	0.00677	0.03469	0.00291
24	0.00915	0.00869	0.01443	0.64949	0.13135	0.01064	0.01268	0.01198	0.00915	0.01209	0.00803	0.01193	0.00626	0.00484	0.00553	0.00155	0.08069	0.00408	0.00207	0.00538
25	0.06659	0.07069	0.01293	0.00943	0.01268	0.04468	0.04833	0.27462	0.08938	0.22721	0.07239	0.01431	0.01168	0.01849	0.00476	0.00143	0.00457	0.00451	0.00438	0.00693
26	0.00657	0.00488	0.00720	0.00720	0.00795	0.00564	0.00551	0.00808	0.00732	0.01052	0.01246	0.01896	0.01188	0.09632	0.75912	0.00715	0.01169	0.00505	0.00248	0.00400
27	0.00856	0.00428	0.00428	0.00428	0.00535	0.00428	0.00321	0.01070	0.00963	0.01712	0.01498	0.01712	0.01177	0.00535	0.00321	0.00107	0.00214	0.00428	0.86414	0.00428
28	0.01132	0.04060	0.10037	0.09325	0.03451	0.12105	0.48973	0.01478	0.01084	0.01387	0.01992	0.01168	0.00711	0.00419	0.00497	0.00147	0.00736	0.00469	0.00229	0.00601
29	0.01070	0.10830	0.52877	0.01344	0.07552	0.01168	0.04912	0.06484	0.04547	0.03711	0.00902	0.01026	0.00662	0.00447	0.00431	0.00140	0.00620	0.00359	0.00237	0.00681
30	0.01188	0.01171	0.06513	0.05688	0.54652	0.02222	0.08990	0.04098	0.03572	0.06028	0.00956	0.01177	0.00755	0.00432	0.00463	0.00140	0.00567	0.00423	0.00259	0.00707
31	0.00559	0.00400	0.00533	0.00639	0.00666	0.00373	0.00426	0.00639	0.00879	0.01172	0.02530	0.83566	0.03036	0.01438	0.00586	0.00186	0.00266	0.01305	0.00426	0.00373
32	0.00729	0.00566	0.00909	0.00888	0.01009	0.00540	0.11143	0.00898	0.00978	0.03302	0.02263	0.43595	0.02539	0.01217	0.00593	0.00190	0.00391	0.27412	0.00403	0.00433
33	0.00984	0.00835	0.00969	0.00695	0.01101	0.00644	0.00557	0.04272	0.01000	0.01552	0.00827	0.00958	0.00684	0.00348	0.00345	0.00071	0.00347	0.00278	0.00279	0.83255
34	0.00887	0.00849	0.01375	0.80827	0.03121	0.02941	0.01266	0.01189	0.00927	0.01172	0.00813	0.01215	0.00612	0.00459	0.00458	0.00152	0.00617	0.00405	0.00205	0.00511
35	0.00600	0.00467	0.00544	0.00525	0.00655	0.00412	0.00394	0.00770	0.01181	0.01561	0.45233	0.03891	0.40033	0.01043	0.00542	0.00149	0.00224	0.00895	0.00468	0.00412
36	0.00698	0.00580	0.00685	0.00745	0.06008	0.00561	0.00507	0.01026	0.14052	0.01440	0.14210	0.18652	0.37017	0.01045	0.00532	0.00158	0.00279	0.00903	0.00431	0.00469
37	0.00986	0.05116	0.39052	0.01494	0.15489	0.03337	0.07524	0.01369	0.02110	0.02420	0.01122	0.06635	0.02242	0.00574	0.00505	0.00151	0.03578	0.05422	0.00246	0.00629
38	0.03682	0.00812	0.01075	0.00826	0.01181	0.00724	0.00682	0.06568	0.01351	0.75377	0.01749	0.01521	0.01104	0.00565	0.00458	0.00142	0.00396	0.00455	0.00557	0.00776
39	0.01656	0.02091	0.01256	0.01145	0.01368	0.77458	0.00853	0.01768	0.01266	0.01111	0.00751	0.00950	0.00652	0.05139	0.00522	0.00137	0.00806	0.00316	0.00239	0.00518
40	0.00872	0.00821	0.01386	0.81286	0.04599	0.01021	0.01277	0.01177	0.00920	0.01179	0.00817	0.01222	0.00614	0.00458	0.00459	0.00153	0.00611	0.00408	0.00204	0.00514
41	0.01320	0.13642	0.07486	0.04831	0.18450	0.31478	0.01043	0.03346	0.02846	0.01284	0.00852	0.04560	0.00750	0.00512	0.00486	0.00132	0.05768	0.00379	0.00241	0.00593
42	0.05772	0.02291	0.76938	0.01269	0.01925	0.01064	0.01629	0.01448	0.00959	0.01488	0.00813	0.00957	0.00577	0.00436	0.00428	0.00145	0.00660	0.00334	0.00199	0.00668
43	0.00825	0.00707	0.00877	0.00799	0.02403	0.02928	0.03978	0.05564	0.08155	0.01606	0.31852	0.05286	0.19261	0.02545	0.02449	0.00173	0.08958	0.00732	0.00414	0.00488
44	0.00667	0.00449	0.00523	0.00523	0.00530	0.00457	0.00306	0.00682	0.00674	0.00907	0.01426	0.02892	0.01620	0.76369	0.09766	0.00472	0.00518	0.00651	0.00275	0.00290
45	0.01147	0.56323	0.07718	0.00934	0.01243	0.01655	0.00908	0.01309	0.00874	0.01113	0.00642	0.00824	0.00592	0.00505	0.00626	0.00129	0.22396	0.00294	0.00197	0.00572
46	0.01012	0.00960	0.01613	0.38721	0.43100	0.01050	0.01321	0.01315	0.02284	0.01360	0.00858	0.01182	0.00685	0.00434	0.00454	0.00143	0.00568	0.00408	0.00222	0.02311
47	0.01215	0.05939	0.45180	0.03517	0.06685	0.07347	0.01343	0.11184	0.03419	0.08495	0.00957	0.01053	0.00688	0.00467	0.00435	0.00140	0.00616	0.00362	0.00272	0.00684
48	0.00552	0.00465	0.00478	0.00475	0.00626	0.00392	0.00356	0.00677	0.01069	0.01294	0.11408	0.04330	0.74025	0.01143	0.00542	0.00154	0.00231	0.00957	0.00433	0.00392
49	0.00682	0.00499	0.00677	0.00745	0.00844	0.00499	0.00615	0.00857	0.00990	0.01298	0.05572	0.11414	0.11872	0.03679	0.13327	0.00288	0.00504	0.44834	0.00396	0.00409
50	0.01085	0.01176	0.08738	0.18210	0.34164	0.06320	0.05127	0.02589	0.08345	0.02652	0.03365	0.02919	0.02284	0.00497	0.00463	0.00144	0.00561	0.00452	0.00266	0.00641
51	0.00931	0.04037	0.77984	0.01313	0.01980	0.01084	0.03519	0.01453	0.00971	0.01447	0.00823	0.00971	0.00584	0.00434	0.00436	0.00145	0.00677	0.00342	0.00195	0.00675
52	0.00647	0.00470	0.00616	0.00697	0.00776	0.00450	0.00545	0.00790	0.00981	0.01277	0.05724	0.30842	0.12569	0.06641	0.00713	0.00209	0.00341	0.34901	0.00418	0.00393
53	0.82321	0.00882	0.00697	0.00616	0.00904	0.01010	0.00507	0.01400	0.00811	0.06521	0.00705	0.00792	0.00533	0.00434	0.00294	0.00142	0.00357	0.00261	0.00300	0.00513
54	0.01272	0.06871	0.32496	0.01353	0.05277	0.04911	0.13814	0.22307	0.01333	0.04646	0.00935	0.01056	0.00680	0.00461	0.00451	0.00140	0.00627	0.00391	0.00288	0.00690
55	0.00605	0.00455	0.00628	0.00681	0.00747	0.00429	0.03045	0.00718	0.00926	0.01223	0.05890	0.55138	0.10912	0.04684	0.03401	0.00212	0.00333	0.09174	0.00411	0.00388
56	0.87108	0.00888	0.00675	0.00604	0.00888	0.01030	0.00497	0.01350	0.00781	0.02060	0.00639	0.00746	0.00497	0.00426	0.00284	0.00142	0.00355	0.00249	0.00284	0.00497
57	0.01263	0.00604	0.00799	0.00678	0.00896	0.00534	0.00534	0.01448	0.01264	0.37089	0.35593	0.06831	0.08891	0.00818	0.00508	0.00146	0.00298	0.00702	0.00523	0.00581
58	0.00559	0.00401	0.00531	0.00635	0.00665	0.00373	0.00424	0.00640	0.00883	0.01174	0.02584	0.81570	0.04997	0.01431	0.00585	0.00186	0.00266	0.01297	0.00426	0.00373
59	0.82282	0.00862	0.00661	0.00594	0.00868	0.00996	0.00487	0.01334	0.00791	0.02040	0.00687	0.00800	0.00535	0.00432	0.00286	0.00140	0.00347	0.00259	0.05103	0.00493
60	0.00891	0.00471	0.00478	0.00458	0.00583	0.00470	0.00348	0.03967	0.01007	0.01749	0.01464	0.01667	0.01148	0.00530	0.00327	0.00107	0.00228	0.00423	0.80784	0.02900
61	0.01196	0.01083	0.01064	0.00955	0.01215	0.07306	0.00741	0.03690	0.72852	0.01876	0.01767	0.01635	0.01329	0.00610	0.00463	0.00153	0.00401	0.00500	0.00449	0.00713
62	0.00570	0.00449	0.00518	0.00564	0.00670	0.00397	0.00415	0.00685	0.00996	0.01242	0.05132	0.31249	0.45353	0.01262	0.00566	0.00171	0.00262	0.08685	0.00427	0.00387
63	0.06071	0.05400	0.01780	0.02223	0.52273	0.12930	0.06969	0.02770	0.02609	0.01484	0.00845	0.01067	0.00699	0.00423	0.00438	0.00134	0.00586	0.00387	0.00239	0.00672
64	0.77656	0.02902	0.03202	0.00642	0.00944	0.01030	0.00551	0.01403	0.00821	0.06480	0.00711	0.00798	0.00538	0.00434	0.00299	0.00141	0.00370	0.00263	0.00295	0.00521
65	0.00656	0.00492	0.00738	0.00738	0.00820	0.00574	0.00574	0.00820	0.00738	0.01066	0.01230	0.01804	0.01148	0.03443	0.82046	0.00738	0.01230	0.00492	0.00246	0.00410
66	0.74847	0.04062	0.06871	0.00681	0.00998	0.03550	0.00610	0.01373	0.00817	0.01950	0.00655	0.00765	0.00510	0.00427	0.00300	0.00140	0.00399	0.00257	0.00273	0.00515
67	0.05811	0.00540	0.00599	0.00534	0.00711	0.00521	0.00418	0.01374	0.01040	0.21412	0.01529	0.01623	0.01130	0.00537	0.00354	0.00118	0.00265	0.00427	0.60540	0.00519
68	0.01881	0.00846	0.01125	0.00868	0.01218	0.00777	0.03172	0.09355	0.05809	0.63046	0.01782	0.01588	0.03402	0.00576	0.00464	0.00142	0.00406	0.00474	0.00532	0.02537
69	0.73576	0.02351	0.00818	0.00767	0.05440	0.03881	0.00580	0.02830	0.00859	0.04502	0.00700	0.00803	0.00540	0.00433	0.00307	0.00140	0.00389	0.00269	0.00290	0.00527
70	0.00744	0.00508	0.00648	0.00605	0.00733	0.00475	0.00456	0.00998	0.04992	0.06351	0.64972	0.06783	0.08094	0.00936	0.00535	0.00147	0.00237	0.00823	0.00499	0.00462
71	0.01744	0.01324	0.01375	0.01062	0.01424	0.04791	0.00873	0.76228	0.02123	0.02819	0.01086	0.01091	0.00773	0.00548	0.00457	0.00137	0.00519	0.00408	0.00450	0.00770
72	0.01556	0.01471	0.01346	0.01108	0.01406	0.26351	0.05256	0.38023	0.07864	0.02027	0.01042	0.01134	0.00798	0.00776	0.07567	0.00186	0.00673	0.00399	0.00359	0.00658
73	0.00668	0.00493	0.00628	0.00590	0.00707	0.00464	0.00444	0.00931	0.04868	0.01824	0.74594	0.03385	0.06799	0.00932	0.00538	0.00145	0.00224	0.00821	0.00501	0.00445
74	0.09857	0.00841	0.01041	0.00823	0.01161	0.00800	0.00674	0.06047	0.10584	0.60668	0.01673	0.01481	0.01090	0.00561	0.00446	0.00143	0.00390	0.00446	0.00524	0.00748
75	0.00656	0.00492	0.00738	0.00738	0.00820	0.00574	0.00574	0.00820	0.00738	0.01066	0.01230	0.01804	0.01148	0.03443	0.82046	0.00738	0.01230	0.00492	0.00246	0.00410
76	0.87108	0.00888	0.00675	0.00604	0.00888	0.01030	0.00497	0.01350	0.00781	0.02060	0.00639	0.00746	0.00497	0.00426	0.00284	0.00142	0.00355	0.00249	0.00284	0.00497
77	0.00559	0.00402	0.00530	0.00633	0.00664	0.00373	0.00423	0.00640	0.00885	0.01174	0.02609	0.80644	0.05908	0.01428	0.00584	0.00185	0.00265	0.01293	0.00426	0.00373
78	0.00624	0.00441	0.00550	0.00610	0.00690	0.00399	0.00434	0.00730	0.00963	0.04182	0.05534	0.52303	0.23565	0.01307	0.00571	0.00177	0.00270	0.05818	0.00434	0.00397
79	0.01599	0.00926	0.01059	0.00886	0.01190	0.03477	0.00707	0.02324	0.39953	0.39878	0.01804	0.01613	0.01249	0.00592	0.00463	0.00148	0.00391	0.00485	0.00508	0.00747
80	0.00937	0.00888	0.01504	0.61915	0.23461	0.01038	0.01310	0.01235	0.00951	0.01258	0.00828	0.01201	0.00642	0.00446	0.00458	0.00149	0.00595	0.00408	0.00210	0.00567
81	0.00921	0.02375	0.81487	0.01309	0.01987	0.01066	0.01696	0.01454	0.00969	0.01454	0.00824	0.00969	0.00582	0.00436	0.00436	0.00145	0.00678	0.00339	0.00194	0.00678
82	0.00601	0.00457	0.00553	0.00550	0.00661	0.00409	0.00405	0.00764	0.01152	0.01542	0.43883	0.16054	0.29123	0.01089	0.00549	0.00154	0.00229	0.00948	0.00467	0.00409
83	0.00958	0.12340	0.71849	0.01245	0.01888	0.01158	0.01585	0.01444	0.00965	0.01408	0.00801	0.00941	0.00582	0.00431	0.00419	0.00140	0.00656	0.00328	0.00194	0.00668
84	0.09706	0.00908	0.01294	0.40357	0.10012	0.01025	0.01045	0.12219	0.02218	0.14272	0.01020	0.01219	0.00736	0.00519	0.01433	0.00154	0.00534	0.00404	0.00311	0.00612
85	0.00625	0.00468	0.00579	0.00552	0.00671	0.00423	0.00414	0.00819	0.01241	0.01703	0.63238	0.03657	0.21940	0.00990	0.00542	0.00147	0.00220	0.00862	0.00487	0.00423
86	0.01227	0.84142	0.02406	0.00786	0.01178	0.01817	0.00786	0.01375	0.00933	0.01080	0.00638	0.00736	0.00589	0.00393	0.00295	0.00098	0.00491	0.00245	0.00196	0.00589
87	0.01745	0.01286	0.01378	0.01056	0.01424	0.01424	0.00873	0.79471	0.02159	0.02893	0.01102	0.01102	0.00781	0.00551	0.00459	0.00138	0.00505	0.00413	0.00459	0.00781
88	0.32248	0.00892	0.00971	0.00775	0.01107	0.00909	0.00640	0.13018	0.01246	0.41877	0.01293	0.01206	0.00858	0.00515	0.00398	0.00141	0.00394	0.00379	0.00452	0.00680
89	0.00656	0.00492	0.00738	0.00738	0.00820	0.00574	0.00574	0.00820	0.00738	0.01066	0.01230	0.01804	0.01148	0.03443	0.82046	0.00738	0.01230	0.00492	0.00246	0.00410
90	0.00867	0.00816	0.01377	0.82762	0.03162	0.01020	0.01275	0.01173	0.00918	0.01173	0.00816	0.01224	0.00612	0.00459	0.00459	0.00153	0.00612	0.00408	0.00204	0.00510
91	0.01745	0.01286	0.01378	0.01056	0.01424	0.01424	0.00873	0.79471	0.02159	0.02893	0.01102	0.01102	0.00781	0.00551	0.00459	0.00138	0.00505	0.00413	0.00459	0.00781
92	0.01967	0.00826	0.01082	0.00837	0.01184	0.00752	0.00689	0.08980	0.04299	0.69776	0.03482	0.01569	0.01185	0.00577	0.00463	0.00142	0.00396	0.00468	0.00554	0.00772
93	0.00653	0.00461	0.00599	0.00649	0.00707	0.00451	0.00476	0.00772	0.00932	0.01251	0.14254	0.24833	0.03909	0.22992	0.04338	0.00276	0.00385	0.21298	0.00391	0.00372
94	0.01745	0.01286	0.01378	0.01056	0.01424	0.01424	0.00873	0.79471	0.02159	0.02893	0.01102	0.01102	0.00781	0.00551	0.00459	0.00138	0.00505	0.00413	0.00459	0.00781
95	0.00650	0.00469	0.00614	0.00578	0.00686	0.00433	0.00433	0.00866	0.01300	0.01841	0.80760	0.03429	0.04332	0.00939	0.00541	0.00144	0.00217	0.00830	0.00505	0.00433
96	0.01084	0.01238	0.02709	0.01935	0.02399	0.01161	0.79334	0.01471	0.01084	0.01471	0.00929	0.01238	0.00697	0.00387	0.00542	0.00155	0.00774	0.00542	0.00232	0.00619
97	0.01744	0.01336	0.01373	0.01063	0.01423	0.05933	0.00873	0.75127	0.02111	0.02794	0.01080	0.01087	0.00770	0.00547	0.00457	0.00137	0.00523	0.00407	0.00447	0.00767

[dist]
# distance from previous block
# <min> <max>
0	1

[block]
# block no. 1 follows, 56 sequences, length 22
# corresponding to MSA columns:
# 405-426
name=unknown_B
#
# <colnr> <probs for GDERKNQSTAVLIFYWHMCP>
#	G	D	E	R	K	N	Q	S	T	A	V	L	I	F	Y	W	H	M	C	P
0	0.00559	0.00400	0.00533	0.00639	0.00666	0.00373	0.00426	0.00639	0.00879	0.01172	0.02530	0.83566	0.03036	0.01438	0.00586	0.00186	0.00266	0.01305	0.00426	0.00373
1	0.01264	0.00629	0.00821	0.00689	0.00907	0.00575	0.00545	0.05111	0.01334	0.33217	0.43097	0.02523	0.02794	0.00760	0.00498	0.00142	0.00299	0.00651	0.03557	0.00587
2	0.00989	0.00568	0.00761	0.00778	0.00940	0.00538	0.00664	0.01183	0.01103	0.17470	0.02511	0.04209	0.10968	0.01082	0.00575	0.00186	0.00386	0.50245	0.04353	0.00491
3	0.67989	0.00847	0.00769	0.00680	0.00924	0.00982	0.02620	0.01265	0.00805	0.01887	0.04634	0.01022	0.00764	0.02213	0.06202	0.00194	0.05110	0.00319	0.00286	0.00487
4	0.05525	0.00807	0.01028	0.00790	0.01139	0.00719	0.00649	0.06769	0.01284	0.60082	0.01582	0.01430	0.01033	0.00532	0.00433	0.00131	0.00383	0.00425	0.03963	0.11295
5	0.00543	0.00463	0.00467	0.00471	0.00622	0.00387	0.00351	0.00658	0.01041	0.01238	0.04578	0.07145	0.78136	0.01172	0.00544	0.00156	0.00234	0.00981	0.00426	0.00387
6	0.00894	0.09719	0.03848	0.00859	0.00997	0.03732	0.00720	0.01053	0.00807	0.04990	0.01057	0.01501	0.00964	0.04147	0.47580	0.00497	0.15474	0.00440	0.00247	0.00474
7	0.01214	0.16838	0.02703	0.01039	0.06669	0.03911	0.02651	0.07579	0.09993	0.12608	0.01546	0.02375	0.01402	0.00806	0.02729	0.00171	0.01594	0.23197	0.00371	0.00601
8	0.00705	0.00532	0.00745	0.00723	0.00770	0.00625	0.00538	0.00802	0.00709	0.01012	0.01194	0.02001	0.01203	0.23552	0.48845	0.04820	0.10081	0.00522	0.00247	0.00376
9	0.87108	0.00888	0.00675	0.00604	0.00888	0.01030	0.00497	0.01350	0.00781	0.02060	0.00639	0.00746	0.00497	0.00426	0.00284	0.00142	0.00355	0.00249	0.00284	0.00497
10	0.01617	0.08373	0.01412	0.01028	0.01371	0.08801	0.00847	0.55321	0.12508	0.02446	0.01130	0.01128	0.00831	0.00540	0.00442	0.00135	0.00514	0.00403	0.00418	0.00734
11	0.01071	0.13329	0.54639	0.01276	0.03989	0.03026	0.06838	0.01496	0.01003	0.06415	0.00866	0.00994	0.00631	0.00433	0.00424	0.00137	0.00635	0.00348	0.00224	0.02225
12	0.01207	0.09129	0.39921	0.01176	0.05512	0.01049	0.02799	0.05499	0.06008	0.16198	0.03109	0.01276	0.02696	0.00549	0.01764	0.00150	0.00563	0.00404	0.00309	0.00682
13	0.01057	0.01194	0.02575	0.01857	0.02289	0.01130	0.73712	0.01423	0.01065	0.01448	0.00995	0.05058	0.00803	0.00446	0.00568	0.00157	0.02804	0.00574	0.00240	0.00605
14	0.01126	0.01081	0.01846	0.05736	0.78160	0.01088	0.01404	0.01400	0.01041	0.01488	0.00862	0.01139	0.00723	0.00411	0.00455	0.00137	0.00548	0.00409	0.00226	0.00719
15	0.01033	0.11026	0.37052	0.01539	0.05906	0.01189	0.29895	0.01484	0.03840	0.01437	0.00881	0.01076	0.00661	0.00419	0.00461	0.00143	0.00675	0.00413	0.00220	0.00651
16	0.01030	0.01029	0.03872	0.31613	0.41005	0.01072	0.06178	0.01389	0.05661	0.01403	0.00908	0.01204	0.00719	0.00439	0.00462	0.00145	0.00577	0.00421	0.00232	0.00640
17	0.00656	0.00477	0.00670	0.00674	0.00733	0.00534	0.00493	0.00774	0.00725	0.01024	0.01330	0.04930	0.01347	0.24039	0.58758	0.00644	0.00995	0.00565	0.00260	0.00375
18	0.00559	0.00402	0.00530	0.00632	0.00664	0.00374	0.00423	0.00640	0.00886	0.01175	0.02622	0.80151	0.06392	0.01426	0.00584	0.00185	0.00265	0.01291	0.00426	0.00374
19	0.00950	0.00893	0.04915	0.00711	0.01132	0.00634	0.00601	0.01171	0.00953	0.01494	0.00816	0.00953	0.00675	0.00345	0.00345	0.00072	0.00357	0.00275	0.00268	0.82441
20	0.01114	0.00994	0.02665	0.19246	0.40145	0.01035	0.04016	0.06063	0.03599	0.05885	0.01108	0.05783	0.02390	0.00528	0.00505	0.00147	0.03373	0.00479	0.00276	0.00649
21	0.00613	0.00440	0.00593	0.00697	0.00751	0.00420	0.00519	0.00734	0.00937	0.01235	0.02561	0.57624	0.05151	0.01379	0.00599	0.00193	0.00313	0.24427	0.00425	0.00388

[dist]
# distance from previous block
# <min> <max>
0	20

[block]
# block no. 2 follows, 56 sequences, length 61
# corresponding to MSA columns:
# 447-507
name=unknown_C
#
# <colnr> <probs for GDERKNQSTAVLIFYWHMCP>
#	G	D	E	R	K	N	Q	S	T	A	V	L	I	F	Y	W	H	M	C	P
0	0.05142	0.00697	0.00909	0.00731	0.01017	0.00617	0.00592	0.01795	0.01267	0.55465	0.17858	0.02141	0.08353	0.00686	0.00477	0.00144	0.00341	0.00569	0.00532	0.00667
1	0.01401	0.01165	0.02797	0.05805	0.27912	0.01207	0.08879	0.32166	0.06332	0.06132	0.01071	0.01192	0.00799	0.00487	0.00466	0.00141	0.00539	0.00432	0.00349	0.00729
2	0.84066	0.00884	0.00689	0.00611	0.00898	0.01017	0.00504	0.01381	0.00800	0.04895	0.00681	0.00775	0.00520	0.00431	0.00290	0.00142	0.00356	0.00256	0.00294	0.00507
3	0.01052	0.14993	0.48674	0.01445	0.13796	0.05215	0.02674	0.01491	0.03966	0.01403	0.00836	0.00983	0.00638	0.00433	0.00418	0.00136	0.00626	0.00343	0.00212	0.00665
4	0.00642	0.00512	0.00722	0.00817	0.05790	0.00488	0.03810	0.00800	0.03897	0.01246	0.03700	0.57324	0.13225	0.02395	0.02182	0.00190	0.00325	0.01111	0.00403	0.00421
5	0.00570	0.00465	0.00503	0.00496	0.00637	0.00399	0.00371	0.00710	0.01106	0.01388	0.23494	0.05677	0.60361	0.01112	0.00543	0.00153	0.00229	0.00941	0.00446	0.00399
6	0.87108	0.00888	0.00675	0.00604	0.00888	0.01030	0.00497	0.01350	0.00781	0.02060	0.00639	0.00746	0.00497	0.00426	0.00284	0.00142	0.00355	0.00249	0.00284	0.00497
7	0.02437	0.00519	0.00548	0.00505	0.00654	0.00519	0.00390	0.05659	0.01062	0.09566	0.01492	0.01646	0.01139	0.00537	0.00342	0.00113	0.00250	0.00427	0.71711	0.00484
8	0.00668	0.00445	0.00501	0.00501	0.00501	0.00445	0.00278	0.00668	0.00668	0.00890	0.01447	0.03004	0.01669	0.83866	0.02337	0.00445	0.00445	0.00668	0.00278	0.00278
9	0.81444	0.00858	0.00659	0.00592	0.00865	0.00990	0.00486	0.01331	0.00793	0.02037	0.00696	0.00809	0.00542	0.00433	0.00287	0.00140	0.00346	0.00260	0.05941	0.00493
10	0.00559	0.00400	0.00533	0.00639	0.00666	0.00373	0.00426	0.00639	0.00879	0.01172	0.02530	0.83566	0.03036	0.01438	0.00586	0.00186	0.00266	0.01305	0.00426	0.00373
11	0.01142	0.00986	0.01038	0.00934	0.01194	0.01142	0.00727	0.02440	0.80172	0.01920	0.01869	0.01713	0.01401	0.00623	0.00467	0.00156	0.00363	0.00519	0.00467	0.00727
12	0.00921	0.02375	0.81487	0.01309	0.01987	0.01066	0.01696	0.01454	0.00969	0.01454	0.00824	0.00969	0.00582	0.00436	0.00436	0.00145	0.00678	0.00339	0.00194	0.00678
13	0.00952	0.00816	0.00952	0.00680	0.01088	0.00612	0.00544	0.01156	0.00952	0.01496	0.00816	0.00952	0.00680	0.00340	0.00340	0.00068	0.00340	0.00272	0.00272	0.86672
14	0.01683	0.07537	0.01373	0.01157	0.01404	0.76787	0.00880	0.01803	0.01277	0.01121	0.00705	0.00822	0.00591	0.00468	0.00406	0.00117	0.00806	0.00292	0.00234	0.00536
15	0.00962	0.00869	0.01204	0.01049	0.01070	0.01166	0.00851	0.01058	0.00724	0.03942	0.00823	0.01374	0.00820	0.12215	0.09770	0.00286	0.60665	0.00449	0.00229	0.00473
16	0.87108	0.00888	0.00675	0.00604	0.00888	0.01030	0.00497	0.01350	0.00781	0.02060	0.00639	0.00746	0.00497	0.00426	0.00284	0.00142	0.00355	0.00249	0.00284	0.00497
17	0.01745	0.01286	0.01378	0.01056	0.01424	0.01424	0.00873	0.79471	0.02159	0.02893	0.01102	0.01102	0.00781	0.00551	0.00459	0.00138	0.00505	0.00413	0.00459	0.00781
18	0.01227	0.84142	0.02406	0.00786	0.01178	0.01817	0.00786	0.01375	0.00933	0.01080	0.00638	0.00736	0.00589	0.00393	0.00295	0.00098	0.00491	0.00245	0.00196	0.00589
19	0.01160	0.00724	0.00876	0.00673	0.01004	0.00579	0.00538	0.01342	0.01086	0.22969	0.06250	0.01876	0.15350	0.00582	0.00420	0.00108	0.00327	0.00479	0.00392	0.43264
20	0.55162	0.00957	0.02194	0.00731	0.01049	0.01026	0.00613	0.14319	0.01114	0.17609	0.00946	0.00967	0.00669	0.00474	0.00350	0.00141	0.00392	0.00319	0.00367	0.00602
21	0.39168	0.01062	0.01027	0.00836	0.01158	0.01191	0.00686	0.35200	0.07777	0.06315	0.00996	0.01018	0.00724	0.00503	0.00383	0.00141	0.00422	0.00352	0.00388	0.00652
22	0.00710	0.00507	0.00706	0.00812	0.00905	0.00503	0.00689	0.00900	0.01028	0.01341	0.02447	0.17955	0.02706	0.01296	0.00626	0.00207	0.00397	0.65426	0.00423	0.00415
23	0.00946	0.07986	0.62727	0.01208	0.01792	0.01050	0.04392	0.01405	0.01013	0.03221	0.09085	0.01230	0.00986	0.00486	0.00441	0.00142	0.00615	0.00393	0.00236	0.00647
24	0.01257	0.01020	0.01086	0.00947	0.01225	0.01164	0.00745	0.13044	0.66665	0.04834	0.01761	0.01623	0.01307	0.00611	0.00466	0.00153	0.00384	0.00502	0.00470	0.00736
25	0.01070	0.01102	0.01495	0.48816	0.23590	0.13637	0.01250	0.01338	0.01011	0.01252	0.00812	0.01139	0.00639	0.00448	0.00451	0.00143	0.00628	0.00391	0.00215	0.00571
26	0.03558	0.00793	0.01041	0.00809	0.01148	0.00710	0.00665	0.06997	0.01336	0.69700	0.01880	0.03470	0.04497	0.00609	0.00464	0.00143	0.00388	0.00495	0.00547	0.00750
27	0.00991	0.00901	0.01408	0.06682	0.46183	0.00921	0.01065	0.01370	0.10504	0.01597	0.18909	0.01839	0.04486	0.00582	0.00479	0.00142	0.00443	0.00536	0.00324	0.00637
28	0.00691	0.00536	0.00771	0.00753	0.00815	0.00638	0.00577	0.00826	0.00729	0.01050	0.01223	0.03719	0.01201	0.13250	0.62007	0.00634	0.09408	0.00523	0.00249	0.00402
29	0.01278	0.68543	0.02171	0.00835	0.01196	0.10432	0.00787	0.04771	0.01024	0.01167	0.00737	0.03871	0.00690	0.00448	0.00326	0.00105	0.00520	0.00298	0.00221	0.00583
30	0.03437	0.01104	0.04615	0.01066	0.06891	0.02461	0.02173	0.31983	0.04605	0.18335	0.04171	0.01269	0.00971	0.00516	0.00439	0.00129	0.00456	0.00413	0.00414	0.14550
31	0.02563	0.13692	0.11680	0.01723	0.32146	0.05012	0.02407	0.13742	0.06826	0.04492	0.00958	0.01088	0.00749	0.00456	0.00427	0.00133	0.00543	0.00381	0.00285	0.00697
32	0.01368	0.04340	0.03568	0.10315	0.20198	0.06340	0.02329	0.30659	0.12730	0.02003	0.01072	0.01178	0.00813	0.00502	0.00451	0.00139	0.00535	0.00413	0.00344	0.00703
33	0.04748	0.01077	0.01803	0.04393	0.76006	0.01087	0.01368	0.01402	0.01032	0.01517	0.00853	0.01122	0.00715	0.00411	0.00447	0.00137	0.00539	0.00402	0.00229	0.00713
34	0.01054	0.00790	0.01932	0.00755	0.00968	0.00832	0.00597	0.11380	0.30407	0.04641	0.19033	0.03183	0.04776	0.00692	0.00458	0.00141	0.00320	0.00579	0.16865	0.00597
35	0.00679	0.00522	0.00767	0.00754	0.00826	0.00619	0.00584	0.00829	0.00732	0.01058	0.01202	0.01821	0.01143	0.07795	0.72480	0.00687	0.06353	0.00496	0.00245	0.00408
36	0.00890	0.00746	0.01044	0.05675	0.22599	0.00749	0.00777	0.04017	0.09566	0.03190	0.26421	0.02590	0.18351	0.00761	0.00501	0.00146	0.00360	0.00667	0.00393	0.00558
37	0.00559	0.00402	0.00530	0.00633	0.00664	0.00373	0.00423	0.00640	0.00885	0.01175	0.02612	0.80518	0.06032	0.01428	0.00584	0.00185	0.00265	0.01292	0.00426	0.00373
38	0.01633	0.01786	0.01296	0.04126	0.01461	0.50350	0.00881	0.21521	0.09591	0.01655	0.00932	0.01003	0.00723	0.00508	0.00433	0.00128	0.00691	0.00352	0.00315	0.00614
39	0.87108	0.00888	0.00675	0.00604	0.00888	0.01030	0.00497	0.01350	0.00781	0.02060	0.00639	0.00746	0.00497	0.00426	0.00284	0.00142	0.00355	0.00249	0.00284	0.00497
40	0.01699	0.01270	0.01323	0.01037	0.01387	0.05054	0.00848	0.63941	0.10028	0.06890	0.01200	0.01176	0.00854	0.00556	0.00458	0.00139	0.00499	0.00421	0.00456	0.00764
41	0.01136	0.01091	0.01863	0.02818	0.81002	0.01091	0.01409	0.01409	0.01045	0.01500	0.00864	0.01136	0.00727	0.00409	0.00455	0.00136	0.00545	0.00409	0.00227	0.00727
42	0.01135	0.00970	0.01026	0.00924	0.01180	0.01116	0.00722	0.04780	0.73643	0.01920	0.01931	0.01852	0.03465	0.00651	0.00473	0.00157	0.00366	0.02512	0.00465	0.00712
43	0.00797	0.00399	0.00598	0.00598	0.00598	0.00399	0.00399	0.00598	0.00598	0.00797	0.00797	0.01396	0.00797	0.01595	0.01794	0.86643	0.00399	0.00399	0.00199	0.00199
44	0.00543	0.00465	0.00465	0.00465	0.00620	0.00388	0.00349	0.00659	0.01046	0.01240	0.04651	0.04418	0.80815	0.01163	0.00543	0.00155	0.00233	0.00969	0.00426	0.00388
45	0.01171	0.01001	0.01054	0.00940	0.01205	0.01155	0.00734	0.06149	0.76415	0.01967	0.01832	0.01683	0.01372	0.00619	0.00467	0.00155	0.00370	0.00514	0.00467	0.00729
46	0.01704	0.02044	0.01313	0.01167	0.01415	0.69685	0.00888	0.12053	0.01401	0.01357	0.00759	0.00868	0.00617	0.00490	0.00443	0.00123	0.02531	0.00313	0.00265	0.00564
47	0.01861	0.01101	0.01263	0.00968	0.01331	0.01149	0.00800	0.51121	0.01849	0.31681	0.01362	0.01271	0.00911	0.00557	0.00460	0.00139	0.00463	0.00431	0.00499	0.00781
48	0.00952	0.00816	0.00952	0.00680	0.01088	0.00612	0.00544	0.01156	0.00952	0.01496	0.00816	0.00952	0.00680	0.00340	0.00340	0.00068	0.00340	0.00272	0.00272	0.86672
49	0.00578	0.00475	0.00523	0.00516	0.00650	0.00420	0.00386	0.00714	0.01086	0.01368	0.21459	0.08335	0.57788	0.01119	0.00566	0.00155	0.02079	0.00943	0.00439	0.00400
50	0.02044	0.00806	0.01081	0.00829	0.01184	0.00712	0.00685	0.06075	0.01356	0.77423	0.01776	0.01540	0.01119	0.00567	0.00462	0.00142	0.00396	0.00459	0.00563	0.00781
51	0.01248	0.80693	0.02359	0.00802	0.01188	0.05191	0.00790	0.01394	0.00948	0.01082	0.00641	0.00740	0.00589	0.00396	0.00300	0.00099	0.00505	0.00248	0.00198	0.00587
52	0.00609	0.00463	0.00560	0.00545	0.00663	0.00414	0.00405	0.00784	0.01189	0.01601	0.50764	0.08899	0.29345	0.01044	0.00545	0.00151	0.00225	0.00906	0.00474	0.00414
53	0.02554	0.00429	0.00509	0.00567	0.00615	0.00411	0.00376	0.00724	0.00858	0.01216	0.02281	0.47469	0.08390	0.18203	0.00898	0.00225	0.00295	0.01000	0.12614	0.00365
54	0.00578	0.00465	0.00514	0.00505	0.00642	0.00402	0.00378	0.00725	0.01124	0.01432	0.29137	0.05870	0.54421	0.01097	0.00543	0.00152	0.00228	0.00932	0.00452	0.00402
55	0.00614	0.00468	0.00563	0.00540	0.00664	0.00418	0.00405	0.00796	0.01214	0.01638	0.55033	0.03764	0.30185	0.01014	0.00542	0.00148	0.00222	0.00877	0.00479	0.00418
56	0.00797	0.00399	0.00598	0.00598	0.00598	0.00399	0.00399	0.00598	0.00598	0.00797	0.00797	0.01396	0.00797	0.01595	0.01794	0.86643	0.00399	0.00399	0.00199	0.00199
57	0.09801	0.00791	0.01030	0.00797	0.01146	0.00707	0.00659	0.02157	0.01266	0.74106	0.01705	0.01488	0.01078	0.00555	0.00446	0.00142	0.00387	0.00442	0.00542	0.00755
58	0.01065	0.01024	0.01693	0.22800	0.57562	0.02566	0.01336	0.01341	0.01026	0.01421	0.03238	0.01221	0.00804	0.00439	0.00457	0.00140	0.00558	0.00419	0.00230	0.00660
59	0.04794	0.07841	0.00833	0.00637	0.00829	0.05298	0.00508	0.09543	0.08454	0.03572	0.02914	0.03123	0.01141	0.00551	0.00363	0.00119	0.00327	0.00430	0.48200	0.00522
60	0.01020	0.29702	0.40767	0.04577	0.05463	0.01271	0.01255	0.01369	0.00954	0.01310	0.00826	0.04008	0.00689	0.00454	0.00391	0.00127	0.00575	0.00347	0.00209	0.04684

[dist]
# distance from previous block
# <min> <max>
1	4

[block]
# block no. 3 follows, 56 sequences, length 13
# corresponding to MSA columns:
# 517-528,530
name=unknown_D
#
# <colnr> <probs for GDERKNQSTAVLIFYWHMCP>
#	G	D	E	R	K	N	Q	S	T	A	V	L	I	F	Y	W	H	M	C	P
0	0.01014	0.01035	0.04636	0.18623	0.42163	0.02334	0.08259	0.01299	0.01042	0.01441	0.08405	0.01484	0.02399	0.00503	0.00495	0.00145	0.02127	0.01718	0.00254	0.00626
1	0.00594	0.00463	0.00534	0.00523	0.00647	0.00409	0.00387	0.00749	0.01138	0.01489	0.37744	0.07342	0.41605	0.03608	0.00599	0.00161	0.00234	0.00914	0.00456	0.00404
2	0.00895	0.00848	0.01411	0.71564	0.08193	0.01053	0.01264	0.01184	0.00911	0.01190	0.00804	0.01202	0.00619	0.00481	0.00534	0.00155	0.06556	0.00408	0.00205	0.00524
3	0.87108	0.00888	0.00675	0.00604	0.00888	0.01030	0.00497	0.01350	0.00781	0.02060	0.00639	0.00746	0.00497	0.00426	0.00284	0.00142	0.00355	0.00249	0.00284	0.00497
4	0.00665	0.00448	0.00516	0.00511	0.00526	0.00443	0.00300	0.00695	0.00755	0.01022	0.12441	0.03063	0.02038	0.72370	0.02088	0.00403	0.00413	0.00690	0.00310	0.00300
5	0.00565	0.00459	0.00501	0.00505	0.00637	0.00395	0.00373	0.00696	0.01077	0.01348	0.18950	0.12562	0.58033	0.01149	0.00547	0.00156	0.00233	0.00978	0.00441	0.00395
6	0.00613	0.00457	0.00566	0.00571	0.00671	0.00416	0.00419	0.00775	0.01136	0.01535	0.43765	0.18004	0.21416	0.03851	0.00613	0.00167	0.00245	0.03910	0.00462	0.00406
7	0.01078	0.32783	0.44593	0.01190	0.05919	0.04499	0.01310	0.01437	0.00973	0.01304	0.00752	0.00886	0.00593	0.00420	0.00384	0.00126	0.00607	0.00306	0.00198	0.00642
8	0.00901	0.00845	0.01393	0.72707	0.08555	0.01032	0.01255	0.01258	0.05196	0.01236	0.00876	0.01244	0.00663	0.00464	0.00459	0.00152	0.00594	0.00414	0.00220	0.00537
9	0.22086	0.01277	0.14499	0.03721	0.21649	0.02448	0.03645	0.15348	0.01185	0.07186	0.00906	0.01034	0.00677	0.00454	0.00412	0.00139	0.00514	0.00363	0.00300	0.02154
10	0.15143	0.06643	0.12105	0.01108	0.03084	0.03534	0.15951	0.04390	0.04110	0.06551	0.01479	0.02043	0.06922	0.00644	0.00469	0.00155	0.00518	0.14259	0.00320	0.00573
11	0.01483	0.01274	0.03094	0.01222	0.12198	0.20180	0.00872	0.16290	0.01356	0.16420	0.07325	0.01353	0.02613	0.00556	0.00510	0.00134	0.05474	0.00425	0.00363	0.06860
12	0.41211	0.03942	0.12147	0.02541	0.15908	0.04177	0.02026	0.04446	0.00965	0.03099	0.01995	0.00943	0.00650	0.00437	0.00364	0.00136	0.00471	0.00319	0.00269	0.03953

[dist]
# distance from previous block
# <min> <max>
0	3

[block]
# block no. 4 follows, 56 sequences, length 33
# corresponding to MSA columns:
# 534-566
name=unknown_E
#
# <colnr> <probs for GDERKNQSTAVLIFYWHMCP>
#	G	D	E	R	K	N	Q	S	T	A	V	L	I	F	Y	W	H	M	C	P
0	0.00564	0.00404	0.00529	0.00627	0.00656	0.00377	0.00416	0.00641	0.00874	0.01160	0.02542	0.77069	0.05396	0.05549	0.00672	0.00198	0.00274	0.01263	0.00419	0.00369
1	0.01539	0.13608	0.11771	0.01026	0.01424	0.03513	0.00942	0.49727	0.01728	0.05982	0.02258	0.02522	0.00832	0.00533	0.00434	0.00134	0.00520	0.00400	0.00386	0.00720
2	0.01128	0.00958	0.01008	0.00909	0.01161	0.01106	0.00706	0.02371	0.76214	0.01910	0.01850	0.01713	0.01390	0.00618	0.00460	0.00153	0.00356	0.00514	0.04763	0.00712
3	0.01135	0.00876	0.01013	0.00750	0.01138	0.00744	0.00603	0.09676	0.07176	0.07755	0.01003	0.01073	0.00781	0.00402	0.00372	0.00088	0.00363	0.00320	0.00329	0.64403
4	0.01061	0.01000	0.01652	0.09721	0.62293	0.01021	0.01266	0.01376	0.04835	0.01502	0.06006	0.01432	0.03838	0.00484	0.00464	0.00140	0.00511	0.00460	0.00261	0.00677
5	0.00543	0.00465	0.00465	0.00465	0.00620	0.00388	0.00349	0.00659	0.01046	0.01240	0.04651	0.04418	0.80815	0.01163	0.00543	0.00155	0.00233	0.00969	0.00426	0.00388
6	0.01075	0.03181	0.42706	0.01323	0.04749	0.13112	0.10406	0.03513	0.01060	0.01418	0.01041	0.01188	0.05318	0.00489	0.00484	0.00140	0.03604	0.00396	0.00231	0.04566
7	0.87108	0.00888	0.00675	0.00604	0.00888	0.01030	0.00497	0.01350	0.00781	0.02060	0.00639	0.00746	0.00497	0.00426	0.00284	0.00142	0.00355	0.00249	0.00284	0.00497
8	0.01136	0.01091	0.01863	0.02818	0.81002	0.01091	0.01409	0.01409	0.01045	0.01500	0.00864	0.01136	0.00727	0.00409	0.00455	0.00136	0.00545	0.00409	0.00227	0.00727
9	0.00687	0.00495	0.00655	0.00626	0.00668	0.00486	0.04969	0.00740	0.00763	0.01019	0.04318	0.10467	0.01903	0.62309	0.01880	0.00376	0.00438	0.06570	0.00308	0.00323
10	0.01756	0.01269	0.01367	0.01048	0.01415	0.01398	0.00866	0.76825	0.02130	0.05580	0.01127	0.01118	0.00793	0.00552	0.00459	0.00138	0.00501	0.00415	0.00463	0.00781
11	0.00559	0.00401	0.00531	0.00635	0.00665	0.00373	0.00424	0.00640	0.00883	0.01174	0.02586	0.81484	0.05083	0.01431	0.00585	0.00186	0.00265	0.01296	0.00426	0.00373
12	0.00867	0.00816	0.01377	0.82762	0.03162	0.01020	0.01275	0.01173	0.00918	0.01173	0.00816	0.01224	0.00612	0.00459	0.00459	0.00153	0.00612	0.00408	0.00204	0.00510
13	0.02005	0.00808	0.01074	0.00830	0.01181	0.00722	0.00684	0.04771	0.05167	0.74905	0.01791	0.01555	0.01138	0.00570	0.00462	0.00143	0.00393	0.00463	0.00560	0.00779
14	0.01745	0.01286	0.01378	0.01056	0.01424	0.01424	0.00873	0.79471	0.02159	0.02893	0.01102	0.01102	0.00781	0.00551	0.00459	0.00138	0.00505	0.00413	0.00459	0.00781
15	0.01205	0.04096	0.12125	0.00841	0.01171	0.00857	0.00766	0.11070	0.13391	0.17384	0.14594	0.02000	0.10662	0.00661	0.00465	0.00139	0.00394	0.00543	0.00425	0.07212
16	0.01142	0.00986	0.01038	0.00934	0.01194	0.01142	0.00727	0.02440	0.80172	0.01920	0.01869	0.01713	0.01401	0.00623	0.00467	0.00156	0.00363	0.00519	0.00467	0.00727
17	0.87108	0.00888	0.00675	0.00604	0.00888	0.01030	0.00497	0.01350	0.00781	0.02060	0.00639	0.00746	0.00497	0.00426	0.00284	0.00142	0.00355	0.00249	0.00284	0.00497
18	0.00914	0.00684	0.00857	0.00883	0.01041	0.00723	0.00752	0.09852	0.13557	0.01627	0.02196	0.04186	0.02243	0.01088	0.00589	0.00195	0.00423	0.57247	0.00434	0.00510
19	0.00551	0.00465	0.00477	0.00474	0.00625	0.00391	0.00355	0.00675	0.01066	0.01286	0.10511	0.04342	0.74927	0.01145	0.00543	0.00154	0.00231	0.00958	0.00432	0.00391
20	0.00682	0.00526	0.00693	0.00727	0.00775	0.00567	0.00524	0.04652	0.00906	0.01233	0.02125	0.58040	0.04081	0.04005	0.08365	0.00244	0.10013	0.01053	0.00380	0.00409
21	0.00705	0.00504	0.00700	0.00806	0.00897	0.00499	0.00680	0.00891	0.01023	0.01335	0.02450	0.20189	0.02718	0.01301	0.00625	0.00207	0.00393	0.63242	0.00423	0.00413
22	0.01245	0.81210	0.02366	0.00800	0.01187	0.04686	0.00789	0.01391	0.00946	0.01082	0.00641	0.00740	0.00589	0.00396	0.00299	0.00099	0.00503	0.00247	0.00198	0.00587
23	0.05986	0.24224	0.13133	0.01063	0.01408	0.44452	0.00956	0.01629	0.01126	0.01209	0.00703	0.00819	0.00584	0.00444	0.00378	0.00118	0.00691	0.00286	0.00222	0.00567
24	0.00701	0.00473	0.00607	0.00580	0.00693	0.00434	0.00432	0.00897	0.01230	0.04930	0.62046	0.10964	0.08421	0.00966	0.00532	0.00147	0.00229	0.00850	0.04429	0.00439
25	0.00935	0.04048	0.22908	0.13236	0.06378	0.00915	0.04798	0.02284	0.02421	0.05470	0.13619	0.01883	0.09013	0.02849	0.00597	0.00158	0.06222	0.01397	0.00302	0.00566
26	0.00614	0.00464	0.00567	0.00549	0.00666	0.00417	0.00409	0.00794	0.01203	0.01632	0.54671	0.08409	0.25862	0.01031	0.00544	0.00150	0.00224	0.00897	0.00478	0.00417
27	0.01001	0.00855	0.01026	0.00823	0.05791	0.00679	0.00610	0.04917	0.01015	0.01563	0.00832	0.00970	0.00688	0.00354	0.00352	0.00075	0.00360	0.00287	0.00278	0.77523
28	0.00983	0.02223	0.71697	0.01377	0.05742	0.01077	0.03318	0.04443	0.01026	0.02718	0.00854	0.00997	0.00607	0.00440	0.00441	0.00145	0.00663	0.00352	0.00212	0.00685
29	0.04659	0.23090	0.41038	0.01068	0.01573	0.04644	0.01213	0.03012	0.07214	0.05846	0.02083	0.01024	0.00734	0.00458	0.00398	0.00132	0.00573	0.00339	0.00252	0.00650
30	0.01585	0.05886	0.01420	0.01229	0.03826	0.61551	0.02858	0.05267	0.01247	0.01221	0.00723	0.00874	0.00608	0.00503	0.00530	0.00128	0.09433	0.00319	0.00241	0.00551
31	0.00596	0.00431	0.00557	0.00620	0.00678	0.00402	0.00436	0.00712	0.00979	0.01313	0.18686	0.50280	0.09405	0.06135	0.00680	0.00192	0.00275	0.06804	0.00434	0.00385
32	0.00562	0.00401	0.00532	0.00635	0.00661	0.00375	0.00422	0.00640	0.00873	0.01164	0.02501	0.81377	0.02999	0.03678	0.00634	0.00193	0.00271	0.01288	0.00422	0.00370

[dist]
# distance from previous block
# <min> <max>
0	1

[block]
# block no. 5 follows, 56 sequences, length 144
# corresponding to MSA columns:
# 568-711
name=unknown_F
#
# <colnr> <probs for GDERKNQSTAVLIFYWHMCP>
#	G	D	E	R	K	N	Q	S	T	A	V	L	I	F	Y	W	H	M	C	P
0	0.09831	0.01848	0.03506	0.01408	0.14481	0.55311	0.02274	0.03690	0.01218	0.01336	0.00745	0.00888	0.00611	0.00458	0.00412	0.00125	0.00723	0.00318	0.00244	0.00573
1	0.04800	0.00605	0.00768	0.00662	0.00861	0.00561	0.00519	0.02519	0.03187	0.25470	0.48567	0.02711	0.05293	0.00800	0.00504	0.00144	0.00283	0.00686	0.00511	0.00550
2	0.01010	0.01203	0.18791	0.01186	0.03607	0.02705	0.18667	0.06816	0.02984	0.06509	0.14548	0.11196	0.05888	0.00690	0.00523	0.00152	0.01969	0.00630	0.00343	0.00583
3	0.85427	0.00896	0.00689	0.00613	0.00898	0.01038	0.00505	0.02888	0.00808	0.02076	0.00648	0.00753	0.00503	0.00429	0.00288	0.00142	0.00358	0.00252	0.00288	0.00503
4	0.00622	0.00440	0.00587	0.00681	0.00727	0.00424	0.00497	0.00729	0.00905	0.01197	0.02382	0.52812	0.02775	0.10562	0.00794	0.00222	0.00330	0.22530	0.00409	0.00376
5	0.05114	0.01043	0.01603	0.19472	0.41631	0.01115	0.03300	0.14309	0.02495	0.02981	0.02031	0.01183	0.00768	0.00457	0.00452	0.00141	0.00540	0.00414	0.00277	0.00673
6	0.78710	0.00877	0.00713	0.00625	0.00916	0.00995	0.00515	0.01437	0.00834	0.09887	0.00755	0.00826	0.00560	0.00440	0.00302	0.00142	0.00359	0.00270	0.00312	0.00525
7	0.01028	0.00814	0.00960	0.00689	0.01094	0.00616	0.00553	0.01230	0.00977	0.06962	0.00884	0.00994	0.00711	0.00356	0.00348	0.00073	0.00343	0.00285	0.00292	0.80790
8	0.00660	0.00447	0.00514	0.00526	0.00537	0.00443	0.00313	0.00679	0.00711	0.00943	0.01655	0.08666	0.03930	0.71926	0.02085	0.00408	0.00426	0.04535	0.00299	0.00295
