[name]
unknown

[dist]
# distance from previous block
# <min> <max>
0	13

[block]
# block no. 0 follows, 50 sequences, length 20
# corresponding to MSA columns:
# 73-92
name=unknown_A
#
# <colnr> <probs for GDERKNQSTAVLIFYWHMCP>
#	G	D	E	R	K	N	Q	S	T	A	V	L	I	F	Y	W	H	M	C	P
0	0.01166	0.61742	0.04697	0.00814	0.01191	0.01606	0.00801	0.01337	0.01042	0.01232	0.01553	0.01744	0.14374	0.00621	0.00390	0.00125	0.00487	0.04213	0.00269	0.00596
1	0.33195	0.15310	0.05283	0.00882	0.01266	0.01287	0.02247	0.13976	0.06880	0.06032	0.00973	0.01037	0.00742	0.00493	0.00385	0.00139	0.00465	0.00345	0.00346	0.08719
2	0.46603	0.01248	0.01017	0.00866	0.01189	0.15379	0.00697	0.10549	0.01223	0.15599	0.00987	0.01024	0.00714	0.00514	0.00389	0.00149	0.00503	0.00340	0.00375	0.00636
3	0.54631	0.00987	0.00826	0.00745	0.01019	0.05033	0.00594	0.01620	0.14424	0.02124	0.12366	0.01421	0.01322	0.00583	0.00391	0.00156	0.00391	0.00416	0.00375	0.00575
4	0.01199	0.01133	0.01852	0.02657	0.65810	0.01094	0.01367	0.01482	0.01117	0.01628	0.00929	0.01199	0.00781	0.00431	0.00472	0.00135	0.00553	0.00418	0.00255	0.15489
5	0.01331	0.46245	0.24172	0.01088	0.01572	0.15361	0.01150	0.01603	0.01093	0.01295	0.00763	0.00888	0.00638	0.00455	0.00386	0.00125	0.00654	0.00305	0.00220	0.00656
6	0.01211	0.55836	0.25826	0.01016	0.01526	0.01676	0.01138	0.01500	0.01038	0.01323	0.03411	0.00975	0.00775	0.00461	0.00375	0.00124	0.00584	0.00319	0.00224	0.00663
7	0.00614	0.00454	0.00575	0.00654	0.00717	0.00414	0.00449	0.00723	0.01033	0.01361	0.11081	0.60588	0.16604	0.01453	0.00623	0.00192	0.00277	0.01300	0.00472	0.00414
8	0.01234	0.01184	0.02023	0.03059	0.79373	0.01184	0.01530	0.01530	0.01135	0.01628	0.00938	0.01234	0.00790	0.00444	0.00493	0.00148	0.00592	0.00444	0.00247	0.00790
9	0.01240	0.01071	0.01127	0.01014	0.01296	0.01240	0.00789	0.02649	0.78473	0.02085	0.02029	0.01860	0.01522	0.00676	0.00507	0.00169	0.00394	0.00564	0.00507	0.00789
10	0.01176	0.01345	0.02941	0.02101	0.02605	0.01261	0.77563	0.01597	0.01176	0.01597	0.01008	0.01345	0.00756	0.00420	0.00588	0.00168	0.00840	0.00588	0.00252	0.00672
11	0.00725	0.00483	0.00544	0.00544	0.00544	0.00483	0.00302	0.00725	0.00725	0.00966	0.01571	0.03262	0.01812	0.82483	0.02537	0.00483	0.00483	0.00725	0.00302	0.00302
12	0.00821	0.00596	0.00815	0.14620	0.01237	0.00591	0.00637	0.01052	0.01287	0.06434	0.46385	0.03415	0.16510	0.00955	0.00570	0.00162	0.00329	0.02608	0.00479	0.00499
13	0.01240	0.01071	0.01127	0.01014	0.01296	0.01240	0.00789	0.02649	0.78473	0.02085	0.02029	0.01860	0.01522	0.00676	0.00507	0.00169	0.00394	0.00564	0.00507	0.00789
14	0.00957	0.00907	0.01471	0.64842	0.02978	0.01158	0.01304	0.01242	0.00955	0.01261	0.00905	0.03865	0.00747	0.00597	0.00700	0.00176	0.14687	0.00473	0.00229	0.00547
15	0.01057	0.16491	0.66493	0.01322	0.02005	0.01299	0.01670	0.01564	0.01045	0.01508	0.00860	0.01009	0.00633	0.00465	0.00447	0.00149	0.00701	0.00351	0.00211	0.00720
16	0.86003	0.00964	0.00733	0.00655	0.00964	0.01118	0.00540	0.01465	0.00848	0.02236	0.00694	0.00810	0.00540	0.00463	0.00308	0.00154	0.00386	0.00270	0.00308	0.00540
17	0.01078	0.00968	0.04690	0.00921	0.01164	0.01008	0.00736	0.02092	0.53192	0.01885	0.02134	0.15816	0.03509	0.00825	0.00517	0.00170	0.00376	0.00705	0.07530	0.00685
18	0.00712	0.00534	0.00801	0.00801	0.00890	0.00623	0.00623	0.00890	0.00801	0.01157	0.01335	0.01958	0.01246	0.03738	0.80507	0.00801	0.01335	0.00534	0.00267	0.00445
19	0.01027	0.00974	0.01650	0.58296	0.25751	0.01130	0.01427	0.01349	0.01037	0.01378	0.00901	0.01301	0.00701	0.00482	0.00497	0.00161	0.00643	0.00443	0.00229	0.00623

[dist]
# distance from previous block
# <min> <max>
0	1

[block]
# block no. 1 follows, 50 sequences, length 13
# corresponding to MSA columns:
# 94-106
name=unknown_B
#
# <colnr> <probs for GDERKNQSTAVLIFYWHMCP>
#	G	D	E	R	K	N	Q	S	T	A	V	L	I	F	Y	W	H	M	C	P
0	0.00736	0.00526	0.00726	0.00841	0.00926	0.00516	0.00686	0.00916	0.01081	0.01416	0.02676	0.31970	0.03016	0.01441	0.00670	0.00220	0.00401	0.50337	0.00460	0.00440
1	0.01247	0.01117	0.01131	0.00994	0.01295	0.05360	0.00773	0.02440	0.64760	0.01982	0.01820	0.01706	0.01378	0.00629	0.00487	0.00155	0.00418	0.00517	0.00468	0.11323
2	0.00741	0.00630	0.00676	0.00749	0.00819	0.07542	0.00514	0.00838	0.00999	0.01286	0.02476	0.70768	0.02929	0.01407	0.00606	0.00189	0.00348	0.01262	0.00436	0.04786
3	0.01850	0.01370	0.01472	0.01126	0.01527	0.01500	0.00929	0.73747	0.02276	0.03063	0.01181	0.01188	0.00842	0.00586	0.00492	0.00146	0.00539	0.00441	0.00488	0.05239
4	0.01088	0.23807	0.59443	0.01270	0.01925	0.01373	0.01580	0.01556	0.01042	0.01471	0.00841	0.00985	0.00634	0.00461	0.00433	0.00144	0.00683	0.00341	0.00211	0.00711
5	0.00712	0.00534	0.00801	0.00801	0.00890	0.00623	0.00623	0.00890	0.00801	0.01157	0.01335	0.01958	0.01246	0.03738	0.80507	0.00801	0.01335	0.00534	0.00267	0.00445
6	0.01780	0.01311	0.01414	0.01107	0.01473	0.01444	0.00904	0.70860	0.02220	0.02975	0.01335	0.08399	0.01066	0.00684	0.00511	0.00154	0.00525	0.00535	0.00495	0.00808
7	0.00940	0.00834	0.01367	0.71228	0.03078	0.01027	0.01255	0.01260	0.01003	0.01346	0.00978	0.01395	0.00741	0.00509	0.00480	0.00160	0.00611	0.00446	0.10802	0.00543
8	0.01034	0.00886	0.01034	0.00738	0.01181	0.00664	0.00591	0.01255	0.01034	0.01624	0.00886	0.01034	0.00738	0.00369	0.00369	0.00074	0.00369	0.00295	0.00295	0.85530
9	0.01841	0.02254	0.01408	0.01264	0.01532	0.71641	0.00955	0.07676	0.04340	0.01396	0.00849	0.00957	0.00690	0.00526	0.00455	0.00132	0.00854	0.00340	0.00284	0.00606
10	0.00963	0.00908	0.01535	0.75436	0.09111	0.01113	0.01395	0.01293	0.01007	0.01300	0.00890	0.01322	0.00674	0.00494	0.00498	0.00165	0.00659	0.00443	0.00223	0.00571
11	0.00705	0.00510	0.00666	0.00627	0.00745	0.00470	0.00470	0.00941	0.01411	0.01999	0.79110	0.03723	0.04703	0.01019	0.00588	0.00157	0.00235	0.00901	0.00549	0.00470
12	0.75402	0.00915	0.00741	0.00688	0.00973	0.01050	0.00573	0.01411	0.00886	0.02144	0.00936	0.01409	0.00830	0.00576	0.00356	0.00164	0.00395	0.09696	0.00327	0.00530

[dist]
# distance from previous block
# <min> <max>
0	1

[block]
# block no. 2 follows, 50 sequences, length 21
# corresponding to MSA columns:
# 108-128
name=unknown_C
#
# <colnr> <probs for GDERKNQSTAVLIFYWHMCP>
#	G	D	E	R	K	N	Q	S	T	A	V	L	I	F	Y	W	H	M	C	P
0	0.00795	0.00667	0.00845	0.00836	0.00937	0.06371	0.00648	0.00969	0.00845	0.01162	0.01294	0.01882	0.01203	0.03506	0.74745	0.00753	0.01304	0.00519	0.00266	0.00455
1	0.01390	0.01273	0.01399	0.01174	0.01494	0.08901	0.08860	0.13600	0.51701	0.02107	0.01678	0.01615	0.01257	0.00622	0.00509	0.00162	0.00512	0.00526	0.00455	0.00765
2	0.01801	0.07761	0.01511	0.01192	0.01510	0.43884	0.00940	0.27541	0.05892	0.01912	0.00977	0.01045	0.00759	0.00545	0.00460	0.00136	0.00727	0.00373	0.00349	0.00685
3	0.15429	0.01484	0.01178	0.01027	0.01314	0.26726	0.00802	0.17264	0.17911	0.02015	0.06388	0.01462	0.03697	0.00615	0.00462	0.00149	0.00572	0.00452	0.00393	0.00659
4	0.01269	0.01319	0.02616	0.07654	0.02503	0.01293	0.60364	0.13213	0.01342	0.01810	0.01028	0.01321	0.00764	0.00453	0.00568	0.00165	0.00783	0.00556	0.00288	0.00691
5	0.50610	0.01177	0.01118	0.00923	0.01261	0.05809	0.05724	0.19084	0.06445	0.02333	0.00924	0.01009	0.00696	0.00508	0.00392	0.00154	0.00483	0.00354	0.00359	0.00638
6	0.01892	0.01481	0.01489	0.01159	0.01545	0.08414	0.00949	0.71123	0.02263	0.02974	0.01160	0.01171	0.00830	0.00591	0.00494	0.00148	0.00579	0.00438	0.00478	0.00824
7	0.01577	0.00984	0.01158	0.00896	0.01285	0.00922	0.00725	0.13236	0.15580	0.26423	0.01481	0.01417	0.01054	0.00537	0.00455	0.00128	0.00418	0.00432	0.00465	0.30827
8	0.01510	0.01278	0.01894	0.01423	0.01795	0.01365	0.24142	0.34852	0.01624	0.05311	0.01066	0.01234	0.00798	0.00572	0.00691	0.00161	0.13010	0.00481	0.00372	0.06420
9	0.00705	0.00510	0.00666	0.00627	0.00745	0.00470	0.00470	0.00941	0.01411	0.01999	0.79110	0.03723	0.04703	0.01019	0.00588	0.00157	0.00235	0.00901	0.00549	0.00470
10	0.00941	0.00886	0.01495	0.81285	0.03433	0.01107	0.01384	0.01274	0.00997	0.01274	0.00886	0.01329	0.00664	0.00498	0.00498	0.00166	0.00664	0.00443	0.00221	0.00554
11	0.00688	0.00499	0.00649	0.00632	0.00739	0.00460	0.00466	0.00900	0.01341	0.01879	0.66357	0.14157	0.07163	0.01100	0.00594	0.00163	0.00243	0.00975	0.00534	0.00460
12	0.01895	0.01396	0.01496	0.01147	0.01546	0.01546	0.00947	0.77711	0.02344	0.03141	0.01197	0.01197	0.00848	0.00598	0.00499	0.00150	0.00548	0.00449	0.00499	0.00848
13	0.00680	0.00480	0.00551	0.00577	0.00615	0.00459	0.00361	0.00726	0.00853	0.01107	0.02436	0.19124	0.15586	0.50206	0.01773	0.00366	0.00404	0.02982	0.00366	0.00347
14	0.00698	0.00509	0.00655	0.00619	0.00740	0.00467	0.00464	0.00926	0.01393	0.01955	0.74150	0.03795	0.09691	0.01035	0.00588	0.00158	0.00236	0.00912	0.00543	0.00467
15	0.01403	0.01152	0.01219	0.01047	0.01358	0.01316	0.00829	0.21389	0.59466	0.02349	0.01821	0.01694	0.01353	0.00657	0.00505	0.00164	0.00433	0.00535	0.00505	0.00804
16	0.00614	0.00439	0.00584	0.00690	0.00724	0.00409	0.00463	0.00710	0.00984	0.01320	0.07753	0.77016	0.03389	0.01526	0.00633	0.00199	0.00286	0.01383	0.00468	0.00409
17	0.01034	0.00886	0.01034	0.00738	0.01181	0.00664	0.00591	0.01255	0.01034	0.01624	0.00886	0.01034	0.00738	0.00369	0.00369	0.00074	0.00369	0.00295	0.00295	0.85530
18	0.01446	0.38863	0.03405	0.01006	0.01407	0.17133	0.03335	0.11068	0.01267	0.01525	0.00818	0.00930	0.00686	0.00456	0.00387	0.00114	0.00593	0.00317	0.00272	0.14971
19	0.13859	0.01081	0.01085	0.00832	0.01223	0.07226	0.00667	0.10285	0.01183	0.01850	0.00879	0.01010	0.00712	0.00434	0.00413	0.00103	0.02469	0.00315	0.00316	0.54058
20	0.03180	0.01109	0.01280	0.00996	0.01364	0.07872	0.05390	0.16617	0.04605	0.26895	0.07624	0.01530	0.01258	0.00575	0.00479	0.00137	0.00487	0.00470	0.00461	0.17671

[dist]
# distance from previous block
# <min> <max>
0	136

[block]
# block no. 3 follows, 50 sequences, length 24
# corresponding to MSA columns:
# 288-311
name=unknown_D
#
# <colnr> <probs for GDERKNQSTAVLIFYWHMCP>
#	G	D	E	R	K	N	Q	S	T	A	V	L	I	F	Y	W	H	M	C	P
0	0.51167	0.00910	0.02666	0.00713	0.00985	0.02373	0.00584	0.01380	0.04391	0.03397	0.09167	0.06539	0.03603	0.00794	0.04594	0.00188	0.00428	0.00467	0.00356	0.05300
1	0.26341	0.01267	0.01003	0.00918	0.01143	0.22291	0.00702	0.12445	0.01238	0.01806	0.01314	0.21163	0.01324	0.02352	0.00530	0.00166	0.02473	0.00607	0.00358	0.00557
2	0.64804	0.14747	0.01037	0.00680	0.00993	0.01210	0.00582	0.01436	0.00907	0.02032	0.03936	0.00969	0.00756	0.00484	0.00323	0.00145	0.00398	0.00303	0.03707	0.00551
3	0.01333	0.82783	0.02612	0.00853	0.01279	0.01972	0.00853	0.01493	0.01013	0.01173	0.00693	0.00800	0.00640	0.00426	0.00320	0.00107	0.00533	0.00267	0.00213	0.00640
4	0.00972	0.00903	0.01410	0.70265	0.03088	0.04286	0.01276	0.01243	0.00980	0.01232	0.00879	0.01329	0.00683	0.00618	0.00636	0.08367	0.00652	0.00437	0.00222	0.00522
5	0.00652	0.00525	0.00592	0.00625	0.00778	0.00465	0.00503	0.00808	0.01139	0.01389	0.04346	0.05038	0.56911	0.01296	0.00618	0.00186	0.00313	0.22923	0.00462	0.00432
6	0.00929	0.00465	0.00465	0.00465	0.00581	0.00465	0.00348	0.01161	0.01045	0.01858	0.01626	0.01858	0.01278	0.00581	0.00348	0.00116	0.00232	0.00465	0.85250	0.00465
7	0.00724	0.00485	0.00555	0.00555	0.00559	0.00489	0.00316	0.00732	0.00728	0.00975	0.01560	0.03204	0.01787	0.78997	0.05988	0.00497	0.00521	0.00716	0.00300	0.00308
8	0.01862	0.02376	0.01413	0.01284	0.01541	0.80482	0.00963	0.01990	0.01413	0.01220	0.00770	0.00899	0.00642	0.00514	0.00449	0.00128	0.00899	0.00321	0.00257	0.00578
9	0.00777	0.00584	0.00701	0.00665	0.00701	0.00637	0.00447	0.02291	0.00835	0.01126	0.04440	0.03064	0.10463	0.54286	0.06359	0.00414	0.10805	0.00715	0.00320	0.00370
10	0.86003	0.00964	0.00733	0.00655	0.00964	0.01118	0.00540	0.01465	0.00848	0.02236	0.00694	0.00810	0.00540	0.00463	0.00308	0.00154	0.00386	0.00270	0.00308	0.00540
11	0.01127	0.01075	0.01830	0.31669	0.51600	0.01156	0.01477	0.01436	0.01084	0.01499	0.00919	0.01268	0.00744	0.00464	0.00495	0.00155	0.00619	0.00444	0.00237	0.00703
12	0.01029	0.09514	0.73216	0.01372	0.02081	0.01228	0.01756	0.01571	0.01049	0.01543	0.00877	0.01030	0.00632	0.00469	0.00460	0.00153	0.00719	0.00360	0.00211	0.00728
13	0.00607	0.00434	0.00578	0.00694	0.00723	0.00405	0.00463	0.00694	0.00954	0.01272	0.02747	0.82157	0.03297	0.01562	0.00636	0.00202	0.00289	0.01417	0.00463	0.00405
14	0.00713	0.00530	0.00779	0.00779	0.00861	0.00611	0.00596	0.00876	0.00795	0.01141	0.01355	0.02068	0.01294	0.10359	0.73952	0.00774	0.01263	0.00550	0.00270	0.00433
15	0.00757	0.00563	0.00711	0.00664	0.00798	0.00544	0.00501	0.01105	0.08818	0.02007	0.71701	0.03544	0.04397	0.00986	0.00580	0.00158	0.00250	0.00869	0.00545	0.00501
16	0.00713	0.00529	0.00774	0.00774	0.00853	0.00608	0.00589	0.00873	0.00793	0.01137	0.01360	0.02096	0.01306	0.12081	0.72247	0.00767	0.01245	0.00554	0.00271	0.00430
17	0.01183	0.00701	0.00863	0.00738	0.00957	0.00665	0.00579	0.11472	0.01504	0.18993	0.42569	0.03081	0.12839	0.00906	0.00557	0.00157	0.00320	0.00773	0.00546	0.00597
18	0.00714	0.00525	0.00756	0.00756	0.00830	0.00599	0.00567	0.00861	0.00788	0.01124	0.01376	0.02185	0.01345	0.17429	0.66951	0.00746	0.01187	0.00567	0.00273	0.00420
19	0.01015	0.00961	0.01627	0.61671	0.22474	0.01127	0.01421	0.01338	0.01031	0.01363	0.00899	0.01305	0.00696	0.00485	0.00497	0.00162	0.00646	0.00443	0.00228	0.00613
20	0.86003	0.00964	0.00733	0.00655	0.00964	0.01118	0.00540	0.01465	0.00848	0.02236	0.00694	0.00810	0.00540	0.00463	0.00308	0.00154	0.00386	0.00270	0.00308	0.00540
21	0.00859	0.00545	0.00705	0.00644	0.00795	0.00494	0.00490	0.01080	0.01388	0.10272	0.64284	0.03601	0.10924	0.00997	0.00579	0.00158	0.00257	0.00872	0.00548	0.00506
22	0.01217	0.01168	0.01994	0.07443	0.75118	0.01180	0.01522	0.01515	0.01127	0.01609	0.00935	0.01239	0.00783	0.00447	0.00494	0.00149	0.00596	0.00444	0.00245	0.00776
23	0.01234	0.01179	0.01982	0.02965	0.75756	0.01187	0.01495	0.01582	0.04718	0.01650	0.00988	0.01263	0.00823	0.00455	0.00494	0.00149	0.00583	0.00450	0.00259	0.00790

[dist]
# distance from previous block
# <min> <max>
1	64

[block]
# block no. 4 follows, 50 sequences, length 47
# corresponding to MSA columns:
# 376-422
name=unknown_E
#
# <colnr> <probs for GDERKNQSTAVLIFYWHMCP>
#	G	D	E	R	K	N	Q	S	T	A	V	L	I	F	Y	W	H	M	C	P
0	0.01585	0.00783	0.01005	0.00817	0.01115	0.00719	0.00654	0.03737	0.09133	0.41453	0.25376	0.02276	0.02278	0.00729	0.00520	0.00151	0.00363	0.00615	0.00562	0.06128
1	0.01275	0.68985	0.15907	0.00951	0.01430	0.01832	0.01023	0.01507	0.01020	0.01243	0.00728	0.00843	0.00638	0.00435	0.00346	0.00115	0.00568	0.00284	0.00213	0.00656
2	0.00624	0.00448	0.00597	0.00709	0.00750	0.00420	0.00491	0.00725	0.00976	0.01294	0.02796	0.73306	0.05196	0.01537	0.00640	0.00204	0.00303	0.08109	0.00462	0.00410
3	0.01615	0.01579	0.01401	0.01334	0.09780	0.27702	0.00950	0.20117	0.19518	0.03899	0.01220	0.01258	0.00932	0.00558	0.00476	0.00142	0.00620	0.00424	0.00383	0.06093
4	0.01275	0.01264	0.01983	0.02941	0.74196	0.06459	0.01492	0.01560	0.01153	0.01601	0.00926	0.01211	0.00780	0.00449	0.00491	0.00147	0.00613	0.00436	0.00247	0.00775
5	0.01006	0.00857	0.01005	0.00735	0.01152	0.00648	0.00582	0.01219	0.01029	0.01602	0.01005	0.06208	0.00901	0.00445	0.00386	0.00082	0.00364	0.00367	0.00306	0.80101
6	0.00655	0.00502	0.00601	0.00588	0.00717	0.00447	0.00436	0.00839	0.01275	0.01705	0.46187	0.10257	0.31683	0.01150	0.00592	0.00165	0.00246	0.00997	0.00511	0.00447
7	0.01283	0.70723	0.14233	0.00938	0.01411	0.01850	0.01002	0.01505	0.01019	0.01234	0.00723	0.00838	0.00638	0.00434	0.00343	0.00114	0.00564	0.00282	0.00213	0.00654
8	0.01222	0.01172	0.02001	0.06293	0.76234	0.01181	0.01524	0.01519	0.01129	0.01614	0.00935	0.01238	0.00784	0.00446	0.00494	0.00149	0.00595	0.00444	0.00246	0.00780
9	0.01234	0.01184	0.02023	0.03059	0.79373	0.01184	0.01530	0.01530	0.01135	0.01628	0.00938	0.01234	0.00790	0.00444	0.00493	0.00148	0.00592	0.00444	0.00247	0.00790
10	0.00699	0.00504	0.00645	0.00713	0.00782	0.00487	0.00524	0.00854	0.02826	0.01363	0.09425	0.35192	0.08177	0.15346	0.00966	0.00250	0.00361	0.20026	0.00443	0.00417
11	0.00712	0.00534	0.00801	0.00801	0.00890	0.00623	0.00623	0.00890	0.00801	0.01157	0.01335	0.01958	0.01246	0.03738	0.80507	0.00801	0.01335	0.00534	0.00267	0.00445
12	0.01234	0.01184	0.02023	0.03059	0.79373	0.01184	0.01530	0.01530	0.01135	0.01628	0.00938	0.01234	0.00790	0.00444	0.00493	0.00148	0.00592	0.00444	0.00247	0.00790
13	0.86003	0.00964	0.00733	0.00655	0.00964	0.01118	0.00540	0.01465	0.00848	0.02236	0.00694	0.00810	0.00540	0.00463	0.00308	0.00154	0.00386	0.00270	0.00308	0.00540
14	0.01182	0.01005	0.01065	0.00963	0.01227	0.01150	0.00747	0.02453	0.69612	0.02056	0.07007	0.02050	0.03604	0.00710	0.00510	0.00167	0.00377	0.00594	0.02771	0.00751
15	0.01818	0.02275	0.01391	0.01261	0.01516	0.75066	0.00949	0.04159	0.01416	0.01274	0.00805	0.00949	0.00672	0.00642	0.03569	0.00155	0.00906	0.00333	0.00264	0.00581
16	0.01034	0.00886	0.01034	0.00738	0.01181	0.00664	0.00591	0.01255	0.01034	0.01624	0.00886	0.01034	0.00738	0.00369	0.00369	0.00074	0.00369	0.00295	0.00295	0.85530
17	0.01428	0.01164	0.01233	0.01052	0.01368	0.01327	0.00834	0.24161	0.56655	0.02388	0.01790	0.01670	0.01328	0.00654	0.00505	0.00163	0.00439	0.00531	0.00505	0.00806
18	0.00929	0.00465	0.00465	0.00465	0.00581	0.00465	0.00348	0.01161	0.01045	0.01858	0.01626	0.01858	0.01278	0.00581	0.00348	0.00116	0.00232	0.00465	0.85250	0.00465
19	0.01091	0.01091	0.01527	0.01309	0.01309	0.01527	0.01091	0.01200	0.00763	0.01200	0.00654	0.01091	0.00654	0.00872	0.01636	0.00218	0.81570	0.00436	0.00218	0.00545
20	0.01494	0.58298	0.02247	0.00984	0.01359	0.25879	0.00886	0.01644	0.01135	0.01187	0.00717	0.00830	0.00640	0.00453	0.00359	0.00113	0.00644	0.00283	0.00226	0.00621
21	0.00725	0.00483	0.00544	0.00544	0.00544	0.00483	0.00302	0.00725	0.00725	0.00966	0.01571	0.03262	0.01812	0.82483	0.02537	0.00483	0.00483	0.00725	0.00302	0.00302
22	0.01862	0.02376	0.01413	0.01284	0.01541	0.80482	0.00963	0.01990	0.01413	0.01220	0.00770	0.00899	0.00642	0.00514	0.00449	0.00128	0.00899	0.00321	0.00257	0.00578
23	0.01437	0.01117	0.01802	0.01470	0.06691	0.02430	0.27296	0.09766	0.12746	0.17970	0.05801	0.03345	0.03292	0.00613	0.00543	0.00163	0.00578	0.01797	0.00420	0.00724
24	0.01157	0.00963	0.01047	0.00987	0.04184	0.04579	0.00733	0.03939	0.41917	0.05265	0.21961	0.02365	0.05649	0.00774	0.00550	0.00163	0.01946	0.00649	0.00493	0.00680
25	0.01409	0.01192	0.01179	0.01038	0.01333	0.08250	0.00811	0.07598	0.61089	0.07578	0.01857	0.01719	0.01378	0.00652	0.00501	0.00163	0.00452	0.00530	0.00492	0.00778
26	0.01687	0.00751	0.01019	0.00866	0.01162	0.00666	0.00722	0.01894	0.01337	0.49682	0.08770	0.02844	0.01929	0.00835	0.00551	0.00170	0.00414	0.19773	0.00557	0.04373
27	0.01250	0.01070	0.01127	0.01008	0.01291	0.01233	0.00786	0.05527	0.73719	0.02109	0.02066	0.01902	0.03291	0.00687	0.00509	0.00168	0.00397	0.00570	0.00506	0.00783
28	0.01686	0.00911	0.01120	0.00853	0.01235	0.00814	0.00695	0.13212	0.01407	0.36975	0.02721	0.01460	0.01079	0.00616	0.02381	0.00142	0.00435	0.00434	0.04428	0.27394
29	0.01204	0.41514	0.28579	0.01073	0.01580	0.01570	0.01177	0.01721	0.14351	0.01467	0.00991	0.01068	0.00789	0.00485	0.00404	0.00135	0.00578	0.00352	0.00263	0.00698
30	0.25938	0.01237	0.01238	0.00987	0.01349	0.01385	0.00811	0.50087	0.06355	0.02788	0.01170	0.01189	0.02195	0.00576	0.00446	0.00152	0.00487	0.00415	0.00444	0.00748
31	0.01704	0.00731	0.00986	0.00797	0.01089	0.00641	0.00641	0.01912	0.01421	0.52709	0.28776	0.02401	0.02440	0.00757	0.00531	0.00155	0.00358	0.00640	0.00593	0.00717
32	0.01417	0.01106	0.01277	0.00945	0.01371	0.01043	0.02795	0.32579	0.01582	0.04024	0.01041	0.01124	0.00795	0.00470	0.00431	0.00109	0.00456	0.00371	0.00385	0.46680
33	0.00607	0.00434	0.00578	0.00694	0.00723	0.00405	0.00463	0.00694	0.00954	0.01272	0.02747	0.82157	0.03297	0.01562	0.00636	0.00202	0.00289	0.01417	0.00463	0.00405
34	0.00622	0.00447	0.00590	0.00679	0.00725	0.00415	0.00462	0.00732	0.01028	0.01384	0.14341	0.68386	0.05394	0.01472	0.00628	0.00195	0.00280	0.01330	0.00476	0.00415
35	0.00678	0.00508	0.00628	0.00598	0.00728	0.00459	0.00448	0.00887	0.01345	0.01843	0.61453	0.03979	0.22458	0.01077	0.00588	0.00160	0.00239	0.00937	0.00528	0.00459
36	0.86003	0.00964	0.00733	0.00655	0.00964	0.01118	0.00540	0.01465	0.00848	0.02236	0.00694	0.00810	0.00540	0.00463	0.00308	0.00154	0.00386	0.00270	0.00308	0.00540
37	0.00717	0.00480	0.00546	0.00553	0.00555	0.00478	0.00312	0.00723	0.00739	0.00986	0.01646	0.08294	0.01907	0.77322	0.02416	0.00465	0.00471	0.00769	0.00312	0.00309
38	0.01742	0.01320	0.01410	0.01116	0.01488	0.01474	0.00910	0.60199	0.20105	0.02895	0.01391	0.01351	0.01005	0.00617	0.00501	0.00154	0.00513	0.00476	0.00501	0.00834
39	0.01282	0.01091	0.01151	0.01023	0.01312	0.01259	0.00799	0.07436	0.73617	0.02152	0.01976	0.01817	0.01479	0.00671	0.00507	0.00168	0.00404	0.00556	0.00507	0.00793
40	0.86003	0.00964	0.00733	0.00655	0.00964	0.01118	0.00540	0.01465	0.00848	0.02236	0.00694	0.00810	0.00540	0.00463	0.00308	0.00154	0.00386	0.00270	0.00308	0.00540
41	0.01141	0.01288	0.02795	0.02014	0.02488	0.01208	0.72787	0.01541	0.01163	0.01577	0.01116	0.06351	0.00914	0.00491	0.00591	0.00170	0.00806	0.00640	0.00265	0.00656
42	0.00598	0.00505	0.00517	0.00514	0.00679	0.00425	0.00386	0.00733	0.01157	0.01397	0.10743	0.04714	0.73446	0.01244	0.00589	0.00167	0.00251	0.01040	0.00469	0.00425
43	0.01176	0.01345	0.02941	0.02101	0.02605	0.01261	0.77563	0.01597	0.01176	0.01597	0.01008	0.01345	0.00756	0.00420	0.00588	0.00168	0.00840	0.00588	0.00252	0.00672
44	0.00607	0.00437	0.00575	0.00686	0.00721	0.00406	0.00459	0.00695	0.00962	0.01276	0.02847	0.78817	0.06573	0.01549	0.00634	0.00201	0.00288	0.01401	0.00463	0.00406
45	0.00624	0.00503	0.00552	0.00546	0.00691	0.00435	0.00405	0.00774	0.01190	0.01506	0.24376	0.07816	0.54353	0.03229	0.00639	0.00175	0.00255	0.01020	0.00481	0.00430
46	0.01379	0.59392	0.02278	0.00939	0.01328	0.01784	0.02457	0.14559	0.01224	0.01520	0.00827	0.00963	0.00717	0.00683	0.05572	0.00163	0.02960	0.00327	0.00267	0.00661

[dist]
# distance from previous block
# <min> <max>
5	8

[block]
# block no. 5 follows, 50 sequences, length 49
# corresponding to MSA columns:
# 433-481
name=unknown_F
#
# <colnr> <probs for GDERKNQSTAVLIFYWHMCP>
#	G	D	E	R	K	N	Q	S	T	A	V	L	I	F	Y	W	H	M	C	P
0	0.00707	0.00570	0.00892	0.00856	0.00967	0.00534	0.09950	0.00855	0.01016	0.01381	0.08724	0.55762	0.04725	0.02883	0.04210	0.00221	0.00403	0.01171	0.01820	0.02353
1	0.17279	0.01215	0.01293	0.14140	0.01692	0.04186	0.00910	0.44020	0.01739	0.02526	0.01061	0.01173	0.00777	0.00553	0.00453	0.00151	0.00532	0.00411	0.05176	0.00711
2	0.01234	0.01184	0.02023	0.03059	0.79373	0.01184	0.01530	0.01530	0.01135	0.01628	0.00938	0.01234	0.00790	0.00444	0.00493	0.00148	0.00592	0.00444	0.00247	0.00790
3	0.00643	0.00470	0.00609	0.00712	0.00755	0.00452	0.00481	0.00804	0.05314	0.01318	0.02707	0.77641	0.03197	0.01512	0.00629	0.00201	0.00295	0.01369	0.00465	0.00426
4	0.00714	0.00526	0.00761	0.00761	0.00836	0.00601	0.00573	0.00864	0.00789	0.01127	0.01372	0.02163	0.01335	0.16094	0.68273	0.00751	0.01201	0.00564	0.00273	0.00423
5	0.01862	0.02376	0.01413	0.01284	0.01541	0.80482	0.00963	0.01990	0.01413	0.01220	0.00770	0.00899	0.00642	0.00514	0.00449	0.00128	0.00899	0.00321	0.00257	0.00578
6	0.01000	0.02578	0.79900	0.01421	0.02157	0.01158	0.01842	0.01579	0.01052	0.01579	0.00895	0.01052	0.00631	0.00474	0.00474	0.00158	0.00737	0.00368	0.00210	0.00737
7	0.01071	0.19647	0.63452	0.01300	0.01970	0.01331	0.01631	0.01560	0.01044	0.01492	0.00852	0.00999	0.00633	0.00464	0.00441	0.00147	0.00693	0.00347	0.00211	0.00716
8	0.00941	0.00886	0.01495	0.81285	0.03433	0.01107	0.01384	0.01274	0.00997	0.01274	0.00886	0.01329	0.00664	0.00498	0.00498	0.00166	0.00664	0.00443	0.00221	0.00554
9	0.00662	0.00521	0.00613	0.00712	0.00760	0.03709	0.00485	0.00755	0.00987	0.01279	0.02793	0.72978	0.07447	0.01498	0.00627	0.00198	0.00316	0.02794	0.00454	0.00414
10	0.00589	0.00505	0.00505	0.00505	0.00673	0.00421	0.00379	0.00715	0.01136	0.01347	0.05049	0.04797	0.79171	0.01262	0.00589	0.00168	0.00252	0.01052	0.00463	0.00421
11	0.01333	0.82783	0.02612	0.00853	0.01279	0.01972	0.00853	0.01493	0.01013	0.01173	0.00693	0.00800	0.00640	0.00426	0.00320	0.00107	0.00533	0.00267	0.00213	0.00640
12	0.01234	0.01184	0.02023	0.03059	0.79373	0.01184	0.01530	0.01530	0.01135	0.01628	0.00938	0.01234	0.00790	0.00444	0.00493	0.00148	0.00592	0.00444	0.00247	0.00790
13	0.01440	0.01170	0.01240	0.01055	0.01373	0.01334	0.00838	0.25650	0.55145	0.02409	0.01774	0.01657	0.01315	0.00652	0.00505	0.00163	0.00442	0.00528	0.00505	0.00807
14	0.01184	0.01133	0.01933	0.16473	0.66351	0.01171	0.01505	0.01486	0.01111	0.01568	0.00929	0.01250	0.00768	0.00453	0.00494	0.00151	0.00605	0.00444	0.00242	0.00749
15	0.00705	0.00510	0.00666	0.00627	0.00745	0.00470	0.00470	0.00941	0.01411	0.01999	0.79110	0.03723	0.04703	0.01019	0.00588	0.00157	0.00235	0.00901	0.00549	0.00470
16	0.01240	0.01071	0.01127	0.01014	0.01296	0.01240	0.00789	0.02649	0.78473	0.02085	0.02029	0.01860	0.01522	0.00676	0.00507	0.00169	0.00394	0.00564	0.00507	0.00789
17	0.00929	0.00465	0.00465	0.00465	0.00581	0.00465	0.00348	0.01161	0.01045	0.01858	0.01626	0.01858	0.01278	0.00581	0.00348	0.00116	0.00232	0.00465	0.85250	0.00465
18	0.00607	0.00486	0.00545	0.00583	0.00705	0.00423	0.00424	0.00729	0.01090	0.01352	0.06837	0.28704	0.50210	0.01351	0.00607	0.00181	0.00271	0.04011	0.00466	0.00419
19	0.01178	0.01130	0.01909	0.15787	0.62531	0.01191	0.01481	0.01469	0.01091	0.01546	0.00913	0.01241	0.00761	0.00477	0.00559	0.00155	0.05159	0.00443	0.00241	0.00737
20	0.00866	0.00433	0.00649	0.00649	0.00649	0.00433	0.00433	0.00649	0.00649	0.00866	0.00866	0.01515	0.00866	0.01732	0.01948	0.85498	0.00433	0.00433	0.00216	0.00216
21	0.00674	0.00492	0.00633	0.00633	0.00734	0.00451	0.00461	0.00866	0.01284	0.01780	0.55691	0.21726	0.10391	0.01163	0.00599	0.00168	0.00249	0.01031	0.00522	0.00451
22	0.01034	0.00886	0.01034	0.00738	0.01181	0.00664	0.00591	0.01255	0.01034	0.01624	0.00886	0.01034	0.00738	0.00369	0.00369	0.00074	0.00369	0.00295	0.00295	0.85530
23	0.63190	0.02839	0.02792	0.00818	0.01130	0.17494	0.00673	0.03286	0.01006	0.02012	0.00726	0.00842	0.00572	0.00476	0.00346	0.00148	0.00506	0.00287	0.00298	0.00561
24	0.01895	0.01396	0.01496	0.01147	0.01546	0.01546	0.00947	0.77711	0.02344	0.03141	0.01197	0.01197	0.00848	0.00598	0.00499	0.00150	0.00548	0.00449	0.00499	0.00848
25	0.01504	0.01411	0.04525	0.01213	0.05876	0.14487	0.05543	0.26344	0.05264	0.03739	0.01074	0.01168	0.00819	0.00504	0.00458	0.00128	0.00571	0.00400	0.02416	0.22555
26	0.01755	0.02188	0.01432	0.01322	0.03347	0.68844	0.00985	0.01915	0.03103	0.01247	0.00791	0.00948	0.00667	0.00552	0.00571	0.00139	0.09008	0.00341	0.00258	0.00584
27	0.00702	0.00544	0.00804	0.00825	0.00906	0.00517	0.06702	0.03696	0.01025	0.01370	0.02548	0.72558	0.02999	0.01433	0.00627	0.00198	0.00344	0.01313	0.00447	0.00443
28	0.00725	0.00483	0.00544	0.00544	0.00544	0.00483	0.00302	0.00725	0.00725	0.00966	0.01571	0.03262	0.01812	0.82483	0.02537	0.00483	0.00483	0.00725	0.00302	0.00302
29	0.00615	0.00450	0.00578	0.00664	0.00719	0.00413	0.00453	0.00722	0.01023	0.01355	0.10783	0.64636	0.12816	0.01470	0.00625	0.00194	0.00279	0.01320	0.00471	0.00413
30	0.01328	0.00700	0.00903	0.00761	0.00994	0.00652	0.00601	0.06889	0.03072	0.28862	0.45456	0.02809	0.03171	0.00844	0.00550	0.00156	0.00326	0.00725	0.00568	0.00634
31	0.01981	0.01258	0.01410	0.01081	0.01477	0.01340	0.00893	0.58663	0.02112	0.22517	0.01391	0.01323	0.00945	0.00603	0.00499	0.00151	0.00517	0.00462	0.00529	0.00848
32	0.01082	0.01077	0.01510	0.01297	0.01299	0.01505	0.01079	0.01192	0.00764	0.01199	0.00670	0.01111	0.00668	0.00940	0.03503	0.00232	0.79671	0.00439	0.00219	0.00543
33	0.05012	0.01101	0.01296	0.00997	0.01386	0.01115	0.00823	0.36523	0.01822	0.42294	0.01573	0.01439	0.01035	0.00603	0.00493	0.00152	0.00479	0.00469	0.00553	0.00837
34	0.01895	0.01396	0.01496	0.01147	0.01546	0.01546	0.00947	0.77711	0.02344	0.03141	0.01197	0.01197	0.00848	0.00598	0.00499	0.00150	0.00548	0.00449	0.00499	0.00848
35	0.86003	0.00964	0.00733	0.00655	0.00964	0.01118	0.00540	0.01465	0.00848	0.02236	0.00694	0.00810	0.00540	0.00463	0.00308	0.00154	0.00386	0.00270	0.00308	0.00540
36	0.01167	0.01266	0.02414	0.01787	0.02155	0.04382	0.53859	0.01502	0.01097	0.01528	0.00982	0.01320	0.00775	0.00522	0.00761	0.00172	0.16040	0.00539	0.07104	0.00628
37	0.00614	0.00442	0.00584	0.00695	0.00733	0.00412	0.00473	0.00708	0.00969	0.01284	0.02838	0.75948	0.06407	0.01542	0.00636	0.00202	0.00294	0.04347	0.00463	0.00408
38	0.00713	0.00531	0.00787	0.00787	0.00871	0.00615	0.00605	0.00881	0.00797	0.01146	0.01348	0.02031	0.01278	0.08167	0.76122	0.00783	0.01287	0.00545	0.00269	0.00437
39	0.00645	0.00461	0.00609	0.00680	0.00735	0.00431	0.00473	0.00773	0.01074	0.01461	0.22705	0.55831	0.03596	0.04243	0.00692	0.00201	0.00289	0.04202	0.00479	0.00421
40	0.00712	0.00534	0.00801	0.00801	0.00890	0.00623	0.00623	0.00890	0.00801	0.01157	0.01335	0.01958	0.01246	0.03738	0.80507	0.00801	0.01335	0.00534	0.00267	0.00445
41	0.01862	0.02376	0.01413	0.01284	0.01541	0.80482	0.00963	0.01990	0.01413	0.01220	0.00770	0.00899	0.00642	0.00514	0.00449	0.00128	0.00899	0.00321	0.00257	0.00578
42	0.01020	0.08612	0.71147	0.01350	0.02036	0.01193	0.01715	0.01538	0.01035	0.01522	0.00878	0.01050	0.00641	0.00515	0.00515	0.03237	0.00710	0.00363	0.00211	0.00710
43	0.01057	0.07207	0.71931	0.01382	0.02079	0.04742	0.01745	0.01592	0.01066	0.01539	0.00877	0.01031	0.00632	0.00473	0.00464	0.00154	0.00732	0.00360	0.00213	0.00724
44	0.00656	0.00470	0.00613	0.00711	0.00754	0.00448	0.00481	0.03623	0.01007	0.01343	0.02688	0.79078	0.03204	0.01525	0.00631	0.00200	0.00299	0.01380	0.00464	0.00422
45	0.02877	0.00851	0.01106	0.00900	0.01213	0.00769	0.07083	0.05619	0.09013	0.03580	0.03152	0.17762	0.02953	0.00747	0.00490	0.00137	0.00407	0.04666	0.00383	0.36294
46	0.00929	0.00465	0.00465	0.00465	0.00581	0.00465	0.00348	0.01161	0.01045	0.01858	0.01626	0.01858	0.01278	0.00581	0.00348	0.00116	0.00232	0.00465	0.85250	0.00465
47	0.55149	0.01068	0.00906	0.00787	0.01103	0.05576	0.00635	0.04961	0.13479	0.06914	0.01021	0.01064	0.00768	0.00511	0.00371	0.00151	0.00424	0.00343	0.00364	0.04404
48	0.01283	0.00993	0.01100	0.00918	0.01255	0.01021	0.00724	0.03833	0.46182	0.09686	0.01746	0.01657	0.02766	0.00595	0.00470	0.00141	0.00391	0.00490	0.00458	0.24291

[dist]
# distance from previous block
# <min> <max>
0	1

[block]
# block no. 6 follows, 50 sequences, length 22
# corresponding to MSA columns:
# 484-505
name=unknown_G
#
# <colnr> <probs for GDERKNQSTAVLIFYWHMCP>
#	G	D	E	R	K	N	Q	S	T	A	V	L	I	F	Y	W	H	M	C	P
0	0.01708	0.00938	0.01141	0.00892	0.01272	0.00871	0.00722	0.06912	0.17189	0.39364	0.01659	0.01532	0.01144	0.00566	0.00469	0.00137	0.00412	0.00459	0.00506	0.22106
1	0.01034	0.00886	0.01034	0.00738	0.01181	0.00664	0.00591	0.01255	0.01034	0.01624	0.00886	0.01034	0.00738	0.00369	0.00369	0.00074	0.00369	0.00295	0.00295	0.85530
2	0.01396	0.01270	0.01495	0.01244	0.01400	0.10489	0.03506	0.17201	0.01245	0.06104	0.04318	0.01249	0.00907	0.00752	0.01119	0.00186	0.44715	0.00455	0.00319	0.00630
3	0.00713	0.00531	0.00786	0.00786	0.00870	0.00615	0.00605	0.00881	0.00797	0.01146	0.01348	0.02032	0.01278	0.08203	0.76086	0.00783	0.01287	0.00545	0.00269	0.00437
4	0.01180	0.01328	0.02832	0.02035	0.02526	0.01259	0.72942	0.01660	0.05829	0.01626	0.01070	0.01376	0.00802	0.00436	0.00583	0.00168	0.00814	0.00587	0.00267	0.00679
5	0.01138	0.00954	0.01243	0.00960	0.01320	0.00869	0.08806	0.15032	0.05097	0.01876	0.03834	0.13578	0.01317	0.00634	0.00470	0.00124	0.00436	0.00558	0.00371	0.41384
6	0.00731	0.00482	0.00556	0.00563	0.00577	0.00485	0.00334	0.00762	0.00765	0.01056	0.01631	0.07839	0.01832	0.67461	0.06867	0.00460	0.00505	0.00738	0.06029	0.00328
7	0.01210	0.01151	0.01956	0.02942	0.75078	0.01151	0.01490	0.01502	0.01136	0.01621	0.01031	0.01474	0.00904	0.00495	0.00504	0.00153	0.00585	0.04588	0.00258	0.00771
8	0.01368	0.01111	0.01704	0.01322	0.01667	0.02948	0.26420	0.22565	0.02962	0.07292	0.01474	0.04566	0.01235	0.00666	0.00537	0.00163	0.00584	0.09923	0.10820	0.00672
9	0.86003	0.00964	0.00733	0.00655	0.00964	0.01118	0.00540	0.01465	0.00848	0.02236	0.00694	0.00810	0.00540	0.00463	0.00308	0.00154	0.00386	0.00270	0.00308	0.00540
10	0.01304	0.67140	0.14370	0.00958	0.01424	0.05156	0.01009	0.01527	0.01036	0.01237	0.00727	0.00842	0.00638	0.00437	0.00349	0.00115	0.00580	0.00284	0.00215	0.00652
11	0.79962	0.00995	0.00787	0.00691	0.01006	0.01149	0.00569	0.06942	0.00956	0.02301	0.00730	0.00838	0.00562	0.00472	0.00322	0.00154	0.00397	0.00283	0.00322	0.00562
12	0.00715	0.00523	0.00744	0.00744	0.00813	0.00592	0.00552	0.00853	0.00784	0.01115	0.01387	0.02247	0.01372	0.21203	0.63214	0.00731	0.01146	0.00576	0.00275	0.00413
13	0.01680	0.00998	0.01141	0.00934	0.01254	0.03196	0.00750	0.17440	0.19246	0.31825	0.11287	0.01975	0.04603	0.00697	0.00515	0.00157	0.00426	0.00570	0.00544	0.00765
14	0.00624	0.00506	0.00554	0.00542	0.00695	0.00436	0.00407	0.00784	0.01220	0.01545	0.27542	0.04471	0.56555	0.01188	0.00589	0.00165	0.00247	0.01006	0.00489	0.00436
15	0.00938	0.00808	0.01141	0.01031	0.01119	0.00982	0.04010	0.07847	0.00983	0.01399	0.01457	0.23139	0.01540	0.01755	0.21598	0.00356	0.28328	0.00733	0.00323	0.00514
16	0.01316	0.01016	0.01105	0.00980	0.01263	0.01144	0.00766	0.02532	0.66119	0.10271	0.06248	0.01945	0.01666	0.00689	0.00511	0.00167	0.00389	0.00575	0.00521	0.00778
17	0.01026	0.00558	0.00568	0.00533	0.00677	0.00573	0.00408	0.08820	0.01175	0.01987	0.01583	0.01792	0.01235	0.00582	0.00363	0.00119	0.00264	0.00463	0.76771	0.00503
18	0.01192	0.01142	0.01948	0.14241	0.68518	0.01173	0.01509	0.01493	0.01115	0.01578	0.00930	0.01247	0.00772	0.00452	0.00494	0.00151	0.00602	0.00444	0.00243	0.00756
19	0.01614	0.01151	0.01259	0.01042	0.01379	0.01271	0.00836	0.28672	0.40659	0.13926	0.01731	0.01605	0.01245	0.00640	0.00503	0.00160	0.00452	0.00514	0.00520	0.00818
20	0.01234	0.01184	0.02023	0.03059	0.79373	0.01184	0.01530	0.01530	0.01135	0.01628	0.00938	0.01234	0.00790	0.00444	0.00493	0.00148	0.00592	0.00444	0.00247	0.00790
21	0.06894	0.01290	0.01379	0.01082	0.01459	0.01425	0.00888	0.58179	0.12207	0.08103	0.01328	0.01294	0.00944	0.00602	0.00488	0.00153	0.00510	0.00457	0.00496	0.00821

[dist]
# distance from previous block
# <min> <max>
0	1

[block]
# block no. 7 follows, 50 sequences, length 11
# corresponding to MSA columns:
# 507-517
name=unknown_H
#
# <colnr> <probs for GDERKNQSTAVLIFYWHMCP>
#	G	D	E	R	K	N	Q	S	T	A	V	L	I	F	Y	W	H	M	C	P
0	0.01404	0.01092	0.01175	0.01020	0.01325	0.01234	0.00804	0.11814	0.62666	0.08757	0.01922	0.01765	0.01415	0.00662	0.00506	0.00165	0.00416	0.00544	0.00515	0.00801
1	0.00969	0.00914	0.01545	0.73823	0.10677	0.01115	0.01398	0.01298	0.01010	0.01307	0.00891	0.01320	0.00676	0.00493	0.00498	0.00164	0.00658	0.00443	0.00224	0.00576
2	0.01862	0.02376	0.01413	0.01284	0.01541	0.80482	0.00963	0.01990	0.01413	0.01220	0.00770	0.00899	0.00642	0.00514	0.00449	0.00128	0.00899	0.00321	0.00257	0.00578
3	0.01034	0.00886	0.01034	0.00738	0.01181	0.00664	0.00591	0.01255	0.01034	0.01624	0.00886	0.01034	0.00738	0.00369	0.00369	0.00074	0.00369	0.00295	0.00295	0.85530
4	0.00616	0.00452	0.00581	0.00681	0.00734	0.00417	0.00471	0.00717	0.00991	0.01296	0.03066	0.66694	0.13988	0.01508	0.00633	0.00199	0.00294	0.05788	0.00462	0.00410
5	0.00750	0.00581	0.00840	0.00819	0.00889	0.00693	0.00629	0.00900	0.00788	0.01138	0.01298	0.02031	0.01257	0.12833	0.63707	0.00708	0.08888	0.00547	0.00267	0.00438
6	0.01076	0.01024	0.01739	0.45169	0.38493	0.01143	0.01451	0.01392	0.01061	0.01437	0.00910	0.01285	0.00722	0.00473	0.00496	0.00158	0.00631	0.00443	0.00233	0.00663
7	0.00866	0.00433	0.00649	0.00649	0.00649	0.00433	0.00433	0.00649	0.00649	0.00866	0.00866	0.01515	0.00866	0.01732	0.01948	0.85498	0.00433	0.00433	0.00216	0.00216
8	0.00949	0.00616	0.00786	0.00700	0.00869	0.00585	0.02359	0.06914	0.01391	0.08524	0.46444	0.07300	0.08884	0.00934	0.00549	0.00155	0.00293	0.00813	0.10409	0.00528
9	0.00668	0.00496	0.00546	0.00540	0.00624	0.00457	0.00356	0.00752	0.00985	0.01264	0.13986	0.03935	0.32855	0.38726	0.01488	0.00312	0.00357	0.00880	0.00401	0.00373
10	0.63341	0.01156	0.00914	0.00794	0.01109	0.08427	0.00644	0.11810	0.04469	0.02259	0.00826	0.00915	0.00633	0.00495	0.00356	0.00152	0.00455	0.00311	0.00338	0.00595

[dist]
# distance from previous block
# <min> <max>
2	36

[block]
# block no. 8 follows, 50 sequences, length 96
# corresponding to MSA columns:
# 554-649
name=unknown_I
#
# <colnr> <probs for GDERKNQSTAVLIFYWHMCP>
#	G	D	E	R	K	N	Q	S	T	A	V	L	I	F	Y	W	H	M	C	P
0	0.01138	0.00691	0.00748	0.05426	0.00959	0.00736	0.00539	0.17681	0.01322	0.02100	0.01489	0.01684	0.01148	0.00580	0.00390	0.00126	0.00326	0.00460	0.61903	0.00553
1	0.00616	0.00506	0.00543	0.00534	0.00690	0.00432	0.00400	0.00768	0.01201	0.01499	0.22418	0.04545	0.61707	0.01205	0.00589	0.00166	0.00248	0.01017	0.00483	0.00432
2	0.01862	0.02376	0.01413	0.01284	0.01541	0.80482	0.00963	0.01990	0.01413	0.01220	0.00770	0.00899	0.00642	0.00514	0.00449	0.00128	0.00899	0.00321	0.00257	0.00578
3	0.01009	0.02517	0.76055	0.01455	0.02180	0.01163	0.05625	0.01579	0.01059	0.01579	0.00900	0.01067	0.00638	0.00471	0.00479	0.00158	0.00742	0.00379	0.00213	0.00733
4	0.00725	0.00483	0.00544	0.00544	0.00544	0.00483	0.00302	0.00725	0.00725	0.00966	0.01571	0.03262	0.01812	0.82483	0.02537	0.00483	0.00483	0.00725	0.00302	0.00302
5	0.01850	0.00875	0.04948	0.00829	0.01170	0.00736	0.00710	0.06204	0.01369	0.53409	0.01791	0.01675	0.01193	0.00600	0.00464	0.00145	0.00402	0.00483	0.20395	0.00753
6	0.00725	0.00483	0.00544	0.00544	0.00544	0.00483	0.00302	0.00725	0.00725	0.00966	0.01571	0.03262	0.01812	0.82483	0.02537	0.00483	0.00483	0.00725	0.00302	0.00302
7	0.01895	0.01396	0.01496	0.01147	0.01546	0.01546	0.00947	0.77711	0.02344	0.03141	0.01197	0.01197	0.00848	0.00598	0.00499	0.00150	0.00548	0.00449	0.00499	0.00848
8	0.01034	0.00886	0.01034	0.00738	0.01181	0.00664	0.00591	0.01255	0.01034	0.01624	0.00886	0.01034	0.00738	0.00369	0.00369	0.00074	0.00369	0.00295	0.00295	0.85530
9	0.00989	0.06779	0.00659	0.00515	0.00663	0.00612	0.00405	0.03470	0.01082	0.01844	0.01542	0.01758	0.01216	0.00569	0.00351	0.00116	0.00265	0.00449	0.76227	0.00489
10	0.78923	0.01024	0.00795	0.00700	0.01013	0.03096	0.00575	0.06020	0.00951	0.02265	0.00726	0.00835	0.00561	0.00472	0.00323	0.00153	0.00408	0.00282	0.00319	0.00559
11	0.01629	0.01149	0.01397	0.01113	0.01467	0.01231	0.07115	0.30076	0.27113	0.16167	0.05001	0.01626	0.01299	0.00631	0.00513	0.00159	0.00486	0.00527	0.00504	0.00798
12	0.01551	0.01856	0.01407	0.03355	0.01480	0.50867	0.00987	0.01683	0.01182	0.01224	0.00778	0.01025	0.00682	0.00748	0.03999	0.00182	0.24314	0.00369	0.01750	0.00560
13	0.00607	0.00434	0.00578	0.00694	0.00723	0.00405	0.00463	0.00694	0.00954	0.01272	0.02747	0.82157	0.03297	0.01562	0.00636	0.00202	0.00289	0.01417	0.00463	0.00405
14	0.02236	0.00848	0.01157	0.00887	0.01272	0.00733	0.00733	0.02429	0.01427	0.79719	0.01966	0.01697	0.01234	0.00617	0.00501	0.00154	0.00424	0.00501	0.00617	0.00848
15	0.00674	0.00508	0.00622	0.00594	0.00725	0.00457	0.00445	0.00879	0.01336	0.01821	0.58894	0.04016	0.25031	0.01085	0.00588	0.00160	0.00240	0.00943	0.00525	0.00457
16	0.00839	0.00539	0.00709	0.00650	0.00791	0.00493	0.00493	0.01071	0.01412	0.08797	0.72363	0.03546	0.04400	0.00984	0.00580	0.00157	0.00252	0.00866	0.00555	0.00503
17	0.01895	0.01396	0.01496	0.01147	0.01546	0.01546	0.00947	0.77711	0.02344	0.03141	0.01197	0.01197	0.00848	0.00598	0.00499	0.00150	0.00548	0.00449	0.00499	0.00848
18	0.01176	0.01345	0.02941	0.02101	0.02605	0.01261	0.77563	0.01597	0.01176	0.01597	0.01008	0.01345	0.00756	0.00420	0.00588	0.00168	0.00840	0.00588	0.00252	0.00672
19	0.01333	0.82783	0.02612	0.00853	0.01279	0.01972	0.00853	0.01493	0.01013	0.01173	0.00693	0.00800	0.00640	0.00426	0.00320	0.00107	0.00533	0.00267	0.00213	0.00640
20	0.86003	0.00964	0.00733	0.00655	0.00964	0.01118	0.00540	0.01465	0.00848	0.02236	0.00694	0.00810	0.00540	0.00463	0.00308	0.00154	0.00386	0.00270	0.00308	0.00540
21	0.00725	0.00483	0.00544	0.00544	0.00544	0.00483	0.00302	0.00725	0.00725	0.00966	0.01571	0.03262	0.01812	0.82483	0.02537	0.00483	0.00483	0.00725	0.00302	0.00302
22	0.00607	0.00434	0.00578	0.00694	0.00723	0.00405	0.00463	0.00694	0.00954	0.01272	0.02747	0.82157	0.03297	0.01562	0.00636	0.00202	0.00289	0.01417	0.00463	0.00405
23	0.00941	0.00886	0.01495	0.81285	0.03433	0.01107	0.01384	0.01274	0.00997	0.01274	0.00886	0.01329	0.00664	0.00498	0.00498	0.00166	0.00664	0.00443	0.00221	0.00554
