[name]
unknown

[dist]
# distance from previous block
# <min> <max>
13	729

[block]
# block no. 0 follows, 54 sequences, length 17
# corresponding to MSA columns:
# 1114-1130
name=unknown_A
#
# <colnr> <probs for GDERKNQSTAVLIFYWHMCP>
#	G	D	E	R	K	N	Q	S	T	A	V	L	I	F	Y	W	H	M	C	P
0	0.01083	0.09682	0.06935	0.05869	0.14287	0.00996	0.00904	0.09462	0.04989	0.04152	0.07437	0.10758	0.02520	0.00659	0.00503	0.00140	0.03587	0.02778	0.00334	0.12925
1	0.08291	0.07332	0.15076	0.00851	0.01199	0.00877	0.03072	0.03877	0.03812	0.05245	0.06816	0.04046	0.13740	0.03124	0.00539	0.00144	0.03482	0.00516	0.00330	0.17631
2	0.01275	0.04066	0.06600	0.02277	0.07695	0.15674	0.00850	0.11780	0.07905	0.05139	0.05298	0.04539	0.02362	0.00557	0.00441	0.00126	0.00507	0.01566	0.00339	0.21003
3	0.15249	0.10706	0.03264	0.01107	0.07774	0.10072	0.05079	0.11638	0.13758	0.04478	0.01099	0.02469	0.00897	0.05672	0.00539	0.00156	0.00508	0.00411	0.00331	0.04792
4	0.07139	0.07222	0.11547	0.02490	0.07183	0.09417	0.03300	0.20364	0.10993	0.03297	0.02209	0.04428	0.00975	0.00573	0.00476	0.00144	0.02521	0.02264	0.00343	0.03114
5	0.03075	0.43062	0.12810	0.01035	0.04695	0.03422	0.00965	0.06760	0.04359	0.04233	0.00885	0.03723	0.00763	0.00514	0.00479	0.00130	0.07844	0.00357	0.00258	0.00631
6	0.00579	0.00427	0.00531	0.00611	0.00662	0.00391	0.00411	0.00663	0.00921	0.01196	0.02947	0.61698	0.18268	0.07455	0.00725	0.00205	0.00280	0.01224	0.00427	0.00379
7	0.22207	0.05877	0.05727	0.05035	0.01206	0.01008	0.00735	0.09824	0.06073	0.05174	0.04627	0.01602	0.07337	0.00609	0.00495	0.00144	0.06532	0.03035	0.04527	0.08225
8	0.00647	0.00567	0.04514	0.00616	0.00754	0.00459	0.00491	0.00847	0.01210	0.01660	0.51379	0.14457	0.18538	0.01053	0.00557	0.00156	0.00256	0.00922	0.00477	0.00440
9	0.79392	0.08048	0.00846	0.00636	0.00938	0.01127	0.00536	0.01388	0.00816	0.02029	0.00656	0.00765	0.00519	0.00435	0.00293	0.00142	0.00377	0.00255	0.00284	0.00519
10	0.01705	0.01266	0.01363	0.01067	0.01425	0.01403	0.00880	0.70285	0.07558	0.02836	0.01245	0.01354	0.00927	0.00602	0.00480	0.00146	0.00505	0.03700	0.00471	0.00782
11	0.00906	0.00749	0.03313	0.00751	0.00879	0.08947	0.00577	0.01095	0.03722	0.07127	0.12676	0.29333	0.02409	0.08479	0.03303	0.00212	0.00414	0.08826	0.05820	0.00463
12	0.00768	0.00557	0.00700	0.00637	0.00772	0.00536	0.00485	0.07852	0.01413	0.01987	0.73181	0.03309	0.04123	0.00928	0.00549	0.00148	0.00249	0.00814	0.00515	0.00477
13	0.01003	0.01968	0.53290	0.01679	0.17806	0.01091	0.08487	0.01497	0.03330	0.01530	0.03331	0.01154	0.00781	0.00459	0.00466	0.00149	0.00654	0.00402	0.00228	0.00695
14	0.00696	0.00554	0.00806	0.00711	0.00861	0.00508	0.07432	0.00920	0.01274	0.01762	0.61039	0.03507	0.13888	0.00953	0.00559	0.00153	0.00282	0.03157	0.00481	0.00456
15	0.04778	0.08728	0.06111	0.09198	0.01373	0.04850	0.03279	0.09769	0.06344	0.09726	0.01617	0.23537	0.03818	0.00784	0.00481	0.00152	0.00455	0.00667	0.00371	0.03962
16	0.00856	0.00782	0.00948	0.03061	0.01078	0.07517	0.07548	0.01216	0.13270	0.01523	0.21703	0.18993	0.10984	0.01101	0.05422	0.00197	0.00441	0.02448	0.00413	0.00500

[dist]
# distance from previous block
# <min> <max>
2	20

[block]
# block no. 1 follows, 54 sequences, length 15
# corresponding to MSA columns:
# 1151-1165
name=unknown_B
#
# <colnr> <probs for GDERKNQSTAVLIFYWHMCP>
#	G	D	E	R	K	N	Q	S	T	A	V	L	I	F	Y	W	H	M	C	P
0	0.02156	0.21611	0.35302	0.04499	0.06081	0.01264	0.07121	0.05456	0.02422	0.04012	0.03536	0.01099	0.00791	0.00462	0.00425	0.00136	0.00596	0.00373	0.00249	0.02408
1	0.01029	0.03242	0.03576	0.03755	0.01198	0.09898	0.00698	0.02626	0.06925	0.01507	0.10112	0.06431	0.03871	0.00600	0.00510	0.00119	0.06507	0.00472	0.00323	0.36600
2	0.00867	0.00835	0.02314	0.12396	0.01327	0.04607	0.00844	0.01008	0.00855	0.01174	0.01409	0.24344	0.03071	0.02576	0.06786	0.00234	0.31877	0.02720	0.00289	0.00469
3	0.00944	0.00792	0.00979	0.00891	0.01027	0.05932	0.02178	0.12350	0.01010	0.01379	0.01157	0.01637	0.01046	0.04696	0.54374	0.00563	0.07792	0.00479	0.00281	0.00493
4	0.74224	0.00901	0.00735	0.00631	0.00942	0.00995	0.00518	0.01357	0.00828	0.02031	0.00683	0.00797	0.00538	0.00425	0.00300	0.00135	0.00362	0.00259	0.00290	0.13049
5	0.00692	0.00514	0.00642	0.00605	0.00725	0.00488	0.00452	0.00969	0.06260	0.01813	0.66635	0.03473	0.09996	0.03922	0.00618	0.00161	0.00242	0.00837	0.00502	0.00455
6	0.00682	0.12638	0.00802	0.00559	0.00736	0.00620	0.00445	0.00823	0.01095	0.01361	0.18130	0.08782	0.49588	0.01054	0.00523	0.00151	0.00277	0.00882	0.00418	0.00436
7	0.01033	0.01067	0.01463	0.65485	0.05167	0.12817	0.03854	0.01321	0.01010	0.01217	0.00827	0.01196	0.00632	0.00470	0.00467	0.00151	0.00665	0.00407	0.00216	0.00537
8	0.04695	0.00432	0.00608	0.00621	0.00638	0.00435	0.00418	0.00656	0.00665	0.00934	0.01072	0.13340	0.01141	0.01560	0.01591	0.69781	0.00388	0.00539	0.00243	0.00245
9	0.00698	0.12649	0.00823	0.00597	0.00777	0.00636	0.00492	0.00841	0.01070	0.01307	0.08547	0.06843	0.49575	0.01090	0.00535	0.00160	0.00307	0.12209	0.00408	0.00436
10	0.70880	0.04456	0.00859	0.00715	0.01004	0.12851	0.00581	0.01460	0.00887	0.01934	0.00667	0.00778	0.00529	0.00443	0.00312	0.00141	0.00441	0.00262	0.00281	0.00520
11	0.01093	0.00932	0.02940	0.00919	0.01148	0.03336	0.03979	0.09792	0.16822	0.06775	0.07765	0.04859	0.15768	0.00831	0.02109	0.00168	0.12418	0.01692	0.00398	0.06257
12	0.00883	0.04379	0.09394	0.00867	0.04359	0.00726	0.00706	0.04204	0.02443	0.03611	0.05391	0.24847	0.10335	0.02792	0.00580	0.00152	0.04115	0.00728	0.00355	0.19132
13	0.05637	0.19686	0.04474	0.01903	0.03875	0.02240	0.02874	0.02261	0.07123	0.02523	0.02249	0.01191	0.03589	0.00474	0.00436	0.00112	0.04624	0.00358	0.02506	0.31864
14	0.39038	0.10638	0.06618	0.02248	0.02926	0.04827	0.00744	0.13951	0.02718	0.01945	0.00950	0.01050	0.03123	0.00554	0.02189	0.00150	0.00472	0.00336	0.02067	0.03454

[dist]
# distance from previous block
# <min> <max>
1	25

[block]
# block no. 2 follows, 54 sequences, length 10
# corresponding to MSA columns:
# 1191-1200
name=unknown_C
#
# <colnr> <probs for GDERKNQSTAVLIFYWHMCP>
#	G	D	E	R	K	N	Q	S	T	A	V	L	I	F	Y	W	H	M	C	P
0	0.00800	0.00585	0.00789	0.03584	0.06757	0.00553	0.02195	0.01009	0.04543	0.07564	0.14790	0.27341	0.23544	0.01077	0.00554	0.00166	0.00319	0.02912	0.00436	0.00483
1	0.00765	0.00588	0.00763	0.00857	0.04601	0.00592	0.00642	0.01081	0.10859	0.01462	0.10209	0.18863	0.09750	0.04660	0.00668	0.00200	0.00365	0.32171	0.00434	0.00470
2	0.01595	0.00688	0.00922	0.00746	0.01023	0.00603	0.00601	0.01787	0.01333	0.52680	0.26439	0.02333	0.05688	0.00729	0.00503	0.00147	0.00338	0.00615	0.00557	0.00673
3	0.58833	0.00876	0.00825	0.00692	0.01008	0.00937	0.00571	0.01687	0.00983	0.28081	0.01054	0.01043	0.00727	0.00486	0.00352	0.00146	0.00377	0.00328	0.00388	0.00607
4	0.00618	0.00480	0.00562	0.00541	0.00674	0.00424	0.00406	0.00794	0.01218	0.01613	0.46314	0.03979	0.38548	0.01067	0.00557	0.00153	0.00230	0.00917	0.00483	0.00424
5	0.00946	0.02439	0.80987	0.01344	0.02041	0.01095	0.01742	0.01493	0.00995	0.01493	0.00846	0.00995	0.00597	0.00448	0.00448	0.00149	0.00697	0.00348	0.00199	0.00697
6	0.00626	0.00445	0.00594	0.00690	0.00736	0.00425	0.00497	0.00737	0.00943	0.01253	0.05371	0.57623	0.02980	0.07239	0.00738	0.00214	0.00320	0.17749	0.00429	0.00389
7	0.01071	0.30566	0.48110	0.01267	0.07322	0.01364	0.01396	0.01462	0.00988	0.01363	0.00783	0.00925	0.00611	0.00431	0.00399	0.00132	0.00620	0.00320	0.00202	0.00669
8	0.03964	0.34511	0.29921	0.01241	0.06504	0.07847	0.07131	0.01487	0.01015	0.01338	0.00766	0.00913	0.00617	0.00427	0.00393	0.00128	0.00621	0.00324	0.00212	0.00641
9	0.08553	0.16680	0.33712	0.01029	0.01499	0.04272	0.01122	0.12437	0.01170	0.01663	0.02984	0.03230	0.06458	0.00545	0.00422	0.00138	0.00551	0.00412	0.00280	0.02845

[dist]
# distance from previous block
# <min> <max>
3	9

[block]
# block no. 3 follows, 54 sequences, length 35
# corresponding to MSA columns:
# 1211-1245
name=unknown_D
#
# <colnr> <probs for GDERKNQSTAVLIFYWHMCP>
#	G	D	E	R	K	N	Q	S	T	A	V	L	I	F	Y	W	H	M	C	P
0	0.24239	0.00699	0.00708	0.00674	0.00834	0.02539	0.00494	0.01231	0.08185	0.09475	0.01632	0.19233	0.03888	0.17920	0.03767	0.02570	0.00409	0.00660	0.00368	0.00474
1	0.11693	0.02905	0.01066	0.00898	0.01187	0.02797	0.00711	0.09090	0.51843	0.02006	0.01553	0.01484	0.01173	0.00577	0.00437	0.00147	0.00392	0.00457	0.02743	0.06840
2	0.01299	0.77535	0.02385	0.00838	0.01229	0.07908	0.00815	0.01448	0.00987	0.01113	0.00661	0.00763	0.00605	0.00410	0.00312	0.00102	0.00530	0.00256	0.00205	0.00601
3	0.80615	0.00920	0.00747	0.00664	0.00935	0.01085	0.00548	0.01368	0.00797	0.02045	0.00654	0.00785	0.00518	0.00465	0.00382	0.00150	0.06257	0.00267	0.00286	0.00511
4	0.04922	0.06869	0.01142	0.02462	0.03328	0.02042	0.00734	0.10324	0.35888	0.09581	0.09327	0.03222	0.04732	0.00675	0.00474	0.00152	0.00397	0.02613	0.00447	0.00673
5	0.00836	0.00666	0.00921	0.05013	0.01041	0.00801	0.00693	0.06501	0.00884	0.01257	0.01246	0.03792	0.01211	0.11123	0.40807	0.00496	0.15296	0.04667	0.02296	0.00456
6	0.08232	0.06241	0.03363	0.03842	0.15711	0.36967	0.04296	0.07390	0.01263	0.07165	0.00874	0.01004	0.00684	0.00473	0.00430	0.00132	0.00672	0.00354	0.00282	0.00627
7	0.39169	0.18370	0.09381	0.00813	0.01144	0.14022	0.00746	0.01450	0.00951	0.01645	0.00764	0.00909	0.00624	0.01771	0.00368	0.00135	0.00496	0.00292	0.06403	0.00546
8	0.01937	0.06730	0.05393	0.05215	0.08663	0.00793	0.02921	0.03595	0.05517	0.03612	0.34336	0.03678	0.12123	0.00818	0.01419	0.00155	0.01473	0.00677	0.00405	0.00540
9	0.00969	0.00910	0.01505	0.57900	0.10828	0.01060	0.06401	0.02986	0.06635	0.01359	0.00969	0.02868	0.00758	0.00492	0.00477	0.00154	0.00599	0.00451	0.00245	0.02433
10	0.00692	0.00532	0.00768	0.02955	0.00880	0.00597	0.01823	0.00829	0.00825	0.01167	0.04074	0.24663	0.01804	0.08758	0.38456	0.00472	0.06815	0.00754	0.02723	0.00414
11	0.00677	0.00455	0.00524	0.00532	0.00537	0.00456	0.00306	0.00688	0.00704	0.00941	0.01561	0.08935	0.01801	0.75014	0.04634	0.00447	0.00468	0.00728	0.00296	0.00297
12	0.01180	0.01266	0.05133	0.07824	0.20133	0.09236	0.13263	0.04602	0.09639	0.01475	0.00933	0.01182	0.00759	0.00557	0.00741	0.00161	0.20580	0.00437	0.00262	0.00636
13	0.00945	0.00532	0.00581	0.06506	0.00813	0.00557	0.00442	0.06684	0.01073	0.01804	0.01458	0.01676	0.01137	0.00545	0.00350	0.00116	0.00271	0.00437	0.73600	0.00472
14	0.03499	0.01083	0.01250	0.11388	0.09164	0.12035	0.03113	0.08843	0.02351	0.11828	0.01113	0.04768	0.00931	0.06478	0.00642	0.00158	0.04867	0.00446	0.00324	0.15720
15	0.01164	0.07493	0.10541	0.00892	0.02371	0.01946	0.02588	0.05970	0.03612	0.10899	0.02849	0.07175	0.01023	0.00515	0.00414	0.00112	0.00431	0.00424	0.00332	0.39250
16	0.27428	0.02651	0.02560	0.08648	0.06195	0.20629	0.05440	0.02586	0.00996	0.01521	0.00800	0.01041	0.00664	0.00839	0.09890	0.00216	0.06745	0.00355	0.00254	0.00541
17	0.00935	0.00884	0.01495	0.69399	0.15794	0.01059	0.01332	0.01244	0.00964	0.01259	0.00846	0.01242	0.00648	0.00463	0.00471	0.00154	0.00617	0.00419	0.00213	0.00560
18	0.21661	0.00888	0.01039	0.00817	0.01166	0.00867	0.00674	0.10994	0.01324	0.53558	0.01497	0.01356	0.00973	0.00548	0.00432	0.00145	0.00406	0.00418	0.00503	0.00735
19	0.00672	0.00515	0.00680	0.06510	0.00913	0.00522	0.00546	0.00791	0.00979	0.01284	0.11846	0.27905	0.19567	0.04831	0.00794	0.05861	0.04684	0.10302	0.00396	0.00401
20	0.00700	0.00456	0.00509	0.00509	0.00517	0.00456	0.00289	0.00716	0.00708	0.00976	0.01489	0.02988	0.01677	0.77334	0.02248	0.00432	0.00440	0.00668	0.06593	0.00297
21	0.00871	0.00657	0.00771	0.00705	0.00874	0.00678	0.00540	0.03396	0.23143	0.03684	0.49568	0.02918	0.06293	0.00852	0.00525	0.00151	0.00277	0.00738	0.02816	0.00544
22	0.01211	0.26555	0.05845	0.00867	0.01232	0.06857	0.00771	0.11982	0.03826	0.01537	0.00920	0.03168	0.00799	0.03009	0.01783	0.01278	0.01788	0.00352	0.00283	0.25935
23	0.00836	0.00640	0.00747	0.00707	0.00883	0.00606	0.00526	0.08188	0.08111	0.03007	0.02485	0.37667	0.15940	0.01064	0.00529	0.00158	0.00318	0.02758	0.00422	0.14409
24	0.01305	0.11307	0.21512	0.03697	0.11815	0.12692	0.02218	0.11127	0.01208	0.06546	0.00924	0.01091	0.00721	0.02711	0.00505	0.00141	0.02345	0.00367	0.00278	0.07489
25	0.01075	0.04764	0.07812	0.14225	0.03640	0.01160	0.33902	0.08189	0.01113	0.01511	0.01060	0.07792	0.00920	0.00574	0.00615	0.00162	0.08493	0.02122	0.00267	0.00603
26	0.00879	0.00439	0.00439	0.00439	0.00549	0.00439	0.00330	0.01099	0.00989	0.01758	0.01538	0.01758	0.01209	0.00549	0.00330	0.00110	0.00220	0.00439	0.86047	0.00439
27	0.01198	0.01108	0.01686	0.17827	0.10978	0.03588	0.17917	0.16265	0.06704	0.01702	0.01015	0.01294	0.00800	0.02933	0.00661	0.00164	0.09846	0.00462	0.03217	0.00632
28	0.01043	0.01012	0.03258	0.15357	0.21725	0.01023	0.17499	0.04800	0.03767	0.02993	0.03178	0.05104	0.08354	0.00595	0.00567	0.00154	0.05626	0.00551	0.00289	0.03105
29	0.03226	0.55729	0.01948	0.00814	0.01135	0.01527	0.00758	0.06988	0.01004	0.01285	0.00828	0.01025	0.00742	0.01025	0.15777	0.00232	0.02571	0.00322	0.02489	0.00576
30	0.04401	0.13137	0.08047	0.18684	0.01785	0.10120	0.00981	0.18117	0.03422	0.08011	0.00968	0.01091	0.00724	0.00483	0.00423	0.00132	0.00558	0.00367	0.00314	0.08233
31	0.00949	0.02132	0.01308	0.56795	0.04468	0.04095	0.01133	0.03525	0.05275	0.01380	0.08614	0.01705	0.01165	0.00576	0.00486	0.00157	0.00567	0.04858	0.00276	0.00539
32	0.03339	0.00574	0.00660	0.00634	0.00724	0.00593	0.00436	0.01074	0.10839	0.06414	0.01803	0.02906	0.06623	0.48529	0.07407	0.00376	0.00482	0.05826	0.00348	0.00412
33	0.01214	0.02893	0.01497	0.06350	0.05804	0.00936	0.18912	0.11829	0.04187	0.12688	0.02818	0.09070	0.08751	0.00639	0.00495	0.00145	0.00497	0.00590	0.00370	0.10316
34	0.03082	0.36790	0.11659	0.01016	0.05540	0.07124	0.00909	0.06588	0.06892	0.04228	0.04338	0.05592	0.03312	0.00554	0.00402	0.00129	0.00509	0.00421	0.00292	0.00624

[dist]
# distance from previous block
# <min> <max>
9	31

[block]
# block no. 4 follows, 54 sequences, length 7
# corresponding to MSA columns:
# 1277-1283
name=unknown_E
#
# <colnr> <probs for GDERKNQSTAVLIFYWHMCP>
#	G	D	E	R	K	N	Q	S	T	A	V	L	I	F	Y	W	H	M	C	P
0	0.03384	0.17261	0.04124	0.10905	0.10793	0.12269	0.00939	0.03669	0.04075	0.06732	0.01202	0.03735	0.03278	0.00715	0.03828	0.00167	0.03636	0.06094	0.00293	0.02899
1	0.03487	0.02912	0.02965	0.00709	0.00846	0.00760	0.00527	0.14335	0.04184	0.04038	0.03400	0.08129	0.01537	0.40043	0.04426	0.00318	0.02414	0.00623	0.03883	0.00463
2	0.36773	0.08129	0.13267	0.08923	0.04725	0.01079	0.04111	0.04554	0.00937	0.01698	0.00893	0.04488	0.00779	0.07227	0.00544	0.00171	0.00489	0.00392	0.00270	0.00552
3	0.10504	0.01302	0.09468	0.01442	0.08816	0.08811	0.23640	0.08093	0.01155	0.04343	0.02938	0.04702	0.00934	0.00542	0.00536	0.00151	0.05323	0.02115	0.01858	0.03327
4	0.00874	0.00679	0.00873	0.00946	0.10370	0.00647	0.00633	0.01185	0.10438	0.04653	0.14254	0.07655	0.14772	0.08967	0.00703	0.00182	0.00359	0.10161	0.00402	0.11248
5	0.12410	0.23136	0.40683	0.01114	0.01646	0.03822	0.05173	0.01460	0.00976	0.01468	0.00773	0.00912	0.00598	0.00430	0.00391	0.00133	0.00600	0.00318	0.00218	0.03738
6	0.01162	0.00840	0.00779	0.00698	0.00878	0.09328	0.00538	0.19739	0.01311	0.01929	0.01459	0.09493	0.01235	0.00638	0.00400	0.00127	0.00364	0.00510	0.48044	0.00532

[dist]
# distance from previous block
# <min> <max>
0	1

[block]
# block no. 5 follows, 54 sequences, length 9
# corresponding to MSA columns:
# 1285-1291,1293,1294
name=unknown_F
#
# <colnr> <probs for GDERKNQSTAVLIFYWHMCP>
#	G	D	E	R	K	N	Q	S	T	A	V	L	I	F	Y	W	H	M	C	P
0	0.00846	0.00717	0.00709	0.00649	0.00818	0.09066	0.00493	0.03309	0.01266	0.04586	0.39650	0.03336	0.28008	0.00940	0.00530	0.00146	0.00314	0.00794	0.00457	0.03367
1	0.00669	0.00536	0.00605	0.00578	0.00728	0.00500	0.00436	0.00961	0.09508	0.01611	0.36717	0.03809	0.39535	0.01037	0.00549	0.00155	0.00246	0.00885	0.00477	0.00455
2	0.01098	0.01200	0.11546	0.07055	0.04450	0.09379	0.04671	0.02744	0.07450	0.04836	0.06415	0.01445	0.02382	0.00620	0.03471	0.00146	0.00530	0.01866	0.00309	0.28387
3	0.72340	0.06128	0.01025	0.00777	0.01095	0.01123	0.08820	0.01401	0.00845	0.01988	0.00688	0.00819	0.00538	0.00431	0.00320	0.00144	0.00419	0.00287	0.00281	0.00530
4	0.01299	0.00729	0.00883	0.02677	0.01045	0.00702	0.00618	0.12423	0.03624	0.26835	0.07456	0.02813	0.21468	0.02632	0.00553	0.00162	0.00366	0.08453	0.04658	0.00603
5	0.00646	0.00492	0.00629	0.04710	0.00817	0.00460	0.00469	0.00838	0.01219	0.01659	0.52771	0.11091	0.20380	0.01036	0.00556	0.00155	0.00251	0.00907	0.00478	0.00433
6	0.03215	0.00872	0.01210	0.16989	0.03461	0.00798	0.04728	0.03500	0.01099	0.20950	0.01099	0.01205	0.00800	0.00442	0.00419	0.00115	0.00449	0.00375	0.00342	0.37930
7	0.01063	0.00835	0.00986	0.00709	0.01124	0.00633	0.00569	0.01271	0.01006	0.07503	0.00915	0.01025	0.00734	0.00367	0.00359	0.00076	0.00353	0.00294	0.00302	0.79877
8	0.00569	0.00450	0.00514	0.00558	0.00660	0.00394	0.00395	0.00678	0.01014	0.01271	0.07174	0.37501	0.44550	0.01303	0.00576	0.00172	0.00253	0.01134	0.00441	0.00394

[dist]
# distance from previous block
# <min> <max>
0	5

[block]
# block no. 6 follows, 54 sequences, length 25
# corresponding to MSA columns:
# 1300-1324
name=unknown_G
#
# <colnr> <probs for GDERKNQSTAVLIFYWHMCP>
#	G	D	E	R	K	N	Q	S	T	A	V	L	I	F	Y	W	H	M	C	P
0	0.32021	0.09324	0.22324	0.05049	0.03154	0.05517	0.04038	0.07284	0.04368	0.01781	0.00825	0.00952	0.00628	0.00458	0.00386	0.00142	0.00538	0.00330	0.00270	0.00613
1	0.04441	0.48700	0.13769	0.00942	0.01359	0.09273	0.00943	0.10734	0.01146	0.01448	0.00772	0.00873	0.00641	0.00443	0.00356	0.00117	0.00555	0.00297	0.02564	0.00629
2	0.00603	0.00443	0.00568	0.00638	0.00697	0.00414	0.00439	0.00743	0.02934	0.01343	0.15671	0.60931	0.10133	0.01346	0.00587	0.00181	0.00264	0.01209	0.00452	0.00404
3	0.13551	0.04848	0.50881	0.04223	0.03250	0.02593	0.05004	0.01541	0.04067	0.04557	0.00895	0.01029	0.00649	0.00456	0.00428	0.00147	0.00620	0.00356	0.00242	0.00661
4	0.03901	0.06290	0.11744	0.01110	0.05125	0.08286	0.00950	0.27456	0.06839	0.18349	0.01232	0.02772	0.00897	0.00545	0.00450	0.00140	0.00526	0.00421	0.00403	0.02565
5	0.00679	0.00583	0.00704	0.00710	0.03091	0.03220	0.03732	0.00826	0.01072	0.01359	0.15912	0.15555	0.37950	0.05456	0.03272	0.00198	0.00348	0.04491	0.00416	0.00425
6	0.01027	0.00483	0.00518	0.00487	0.00628	0.00470	0.00373	0.01242	0.01032	0.11218	0.01577	0.01740	0.01204	0.00553	0.00347	0.00114	0.00241	0.00444	0.75820	0.00483
7	0.86760	0.00912	0.00693	0.00620	0.00912	0.01058	0.00511	0.01386	0.00802	0.02115	0.00657	0.00766	0.00511	0.00438	0.00292	0.00146	0.00365	0.00255	0.00292	0.00511
8	0.01160	0.01117	0.01912	0.02811	0.76305	0.01109	0.03461	0.01442	0.01072	0.01540	0.00887	0.01165	0.00745	0.00418	0.00466	0.00139	0.00561	0.00420	0.00235	0.03037
9	0.00906	0.00851	0.00772	0.00749	0.00830	0.17663	0.00525	0.00991	0.00854	0.01034	0.01279	0.04289	0.01335	0.36552	0.28859	0.00481	0.00810	0.00561	0.00269	0.00389
10	0.00978	0.00916	0.01535	0.53268	0.26481	0.01061	0.01311	0.01273	0.00977	0.01322	0.00869	0.01239	0.00683	0.00469	0.00497	0.00152	0.02971	0.00420	0.02989	0.00588
11	0.86760	0.00912	0.00693	0.00620	0.00912	0.01058	0.00511	0.01386	0.00802	0.02115	0.00657	0.00766	0.00511	0.00438	0.00292	0.00146	0.00365	0.00255	0.00292	0.00511
12	0.00557	0.00478	0.00478	0.00478	0.00637	0.00398	0.00358	0.00677	0.01075	0.01274	0.04776	0.04538	0.80297	0.01194	0.00557	0.00159	0.00239	0.00995	0.00438	0.00398
13	0.01113	0.01272	0.02782	0.01987	0.02464	0.01192	0.78776	0.01510	0.01113	0.01510	0.00954	0.01272	0.00715	0.00397	0.00556	0.00159	0.00795	0.00556	0.00238	0.00636
14	0.86760	0.00912	0.00693	0.00620	0.00912	0.01058	0.00511	0.01386	0.00802	0.02115	0.00657	0.00766	0.00511	0.00438	0.00292	0.00146	0.00365	0.00255	0.00292	0.00511
15	0.01032	0.01032	0.01444	0.01238	0.01238	0.01444	0.01032	0.01135	0.00722	0.01135	0.00619	0.01032	0.00619	0.00825	0.01547	0.00206	0.82567	0.00413	0.00206	0.00516
16	0.01018	0.01011	0.01417	0.01219	0.01222	0.01411	0.01014	0.01123	0.00723	0.01133	0.00644	0.01064	0.00641	0.00931	0.04670	0.00228	0.79394	0.00416	0.00208	0.00512
17	0.01761	0.02247	0.01336	0.01215	0.01458	0.81537	0.00911	0.01883	0.01336	0.01154	0.00729	0.00850	0.00607	0.00486	0.00425	0.00121	0.00850	0.00304	0.00243	0.00547
18	0.01792	0.01321	0.01415	0.01085	0.01462	0.01462	0.00896	0.78916	0.02217	0.02972	0.01132	0.01132	0.00802	0.00566	0.00472	0.00142	0.00519	0.00425	0.00472	0.00802
19	0.00879	0.00439	0.00439	0.00439	0.00549	0.00439	0.00330	0.01099	0.00989	0.01758	0.01538	0.01758	0.01209	0.00549	0.00330	0.00110	0.00220	0.00439	0.86047	0.00439
20	0.00674	0.00505	0.00758	0.00758	0.00842	0.00589	0.00589	0.00842	0.00758	0.01095	0.01263	0.01852	0.01179	0.03536	0.81561	0.00758	0.01263	0.00505	0.00253	0.00421
21	0.00574	0.00410	0.00547	0.00657	0.00684	0.00383	0.00438	0.00657	0.00903	0.01204	0.02599	0.83122	0.03119	0.01477	0.00602	0.00191	0.00274	0.01340	0.00438	0.00383
22	0.01261	0.83713	0.02471	0.00807	0.01210	0.01866	0.00807	0.01412	0.00958	0.01109	0.00656	0.00756	0.00605	0.00403	0.00303	0.00101	0.00504	0.00252	0.00202	0.00605
23	0.01898	0.00772	0.01037	0.00811	0.01140	0.00680	0.00663	0.04378	0.01373	0.67169	0.13087	0.01866	0.01627	0.00638	0.00486	0.00146	0.00379	0.00527	0.00571	0.00751
24	0.01173	0.01013	0.01066	0.00960	0.01226	0.01173	0.00746	0.02505	0.79636	0.01972	0.01919	0.01759	0.01439	0.00640	0.00480	0.00160	0.00373	0.00533	0.00480	0.00746

[dist]
# distance from previous block
# <min> <max>
0	3

[block]
# block no. 7 follows, 54 sequences, length 191
# corresponding to MSA columns:
# 1344-1414,1431-1494,1500-1555
name=unknown_H
#
# <colnr> <probs for GDERKNQSTAVLIFYWHMCP>
#	G	D	E	R	K	N	Q	S	T	A	V	L	I	F	Y	W	H	M	C	P
0	0.00760	0.00543	0.00760	0.00868	0.00977	0.00543	0.00760	0.00977	0.01085	0.01411	0.02496	0.05319	0.02714	0.01303	0.00651	0.00217	0.00434	0.77315	0.00434	0.00434
1	0.00686	0.00457	0.00514	0.00514	0.00514	0.00457	0.00286	0.00686	0.00686	0.00914	0.01486	0.03086	0.01714	0.83430	0.02400	0.00457	0.00457	0.00686	0.00286	0.00286
2	0.01374	0.00968	0.01072	0.00934	0.01221	0.01070	0.00735	0.02461	0.62919	0.18808	0.01906	0.01726	0.01381	0.00628	0.00479	0.00157	0.00379	0.00520	0.00502	0.00758
3	0.00684	0.00464	0.00547	0.00547	0.00558	0.00475	0.00327	0.00707	0.00695	0.00938	0.01456	0.02920	0.01642	0.72686	0.13045	0.00498	0.00565	0.00661	0.00281	0.00304
4	0.01173	0.01013	0.01066	0.00960	0.01226	0.01173	0.00746	0.02505	0.79636	0.01972	0.01919	0.01759	0.01439	0.00640	0.00480	0.00160	0.00373	0.00533	0.00480	0.00746
5	0.01691	0.01193	0.01271	0.00987	0.01336	0.03317	0.00809	0.59250	0.01943	0.09228	0.01206	0.01216	0.00861	0.00553	0.00451	0.00135	0.00481	0.00420	0.08626	0.05027
6	0.00720	0.00494	0.00647	0.00602	0.00723	0.00454	0.00454	0.00941	0.01335	0.04774	0.77377	0.03452	0.04329	0.00950	0.00553	0.00148	0.00229	0.00839	0.00521	0.00458
7	0.00686	0.00457	0.00514	0.00514	0.00514	0.00457	0.00286	0.00686	0.00686	0.00914	0.01486	0.03086	0.01714	0.83430	0.02400	0.00457	0.00457	0.00686	0.00286	0.00286
8	0.01261	0.83713	0.02471	0.00807	0.01210	0.01866	0.00807	0.01412	0.00958	0.01109	0.00656	0.00756	0.00605	0.00403	0.00303	0.00101	0.00504	0.00252	0.00202	0.00605
9	0.01819	0.01460	0.04241	0.01074	0.01431	0.18720	0.00890	0.44086	0.01808	0.18005	0.01179	0.01160	0.00825	0.00548	0.00461	0.00138	0.00574	0.00405	0.00434	0.00743
10	0.00576	0.00420	0.00543	0.00635	0.00680	0.00387	0.00430	0.00668	0.00938	0.01238	0.05918	0.71779	0.11197	0.01427	0.00595	0.00186	0.00268	0.01285	0.00441	0.00387
11	0.00574	0.00410	0.00547	0.00657	0.00684	0.00383	0.00438	0.00657	0.00903	0.01204	0.02599	0.83122	0.03119	0.01477	0.00602	0.00191	0.00274	0.01340	0.00438	0.00383
12	0.00706	0.00492	0.00616	0.00609	0.00646	0.00524	0.00402	0.02463	0.00744	0.01020	0.01403	0.02626	0.01513	0.54648	0.29065	0.00552	0.00730	0.00619	0.00279	0.00343
13	0.00890	0.00838	0.01414	0.82296	0.03247	0.01048	0.01309	0.01205	0.00943	0.01205	0.00838	0.01257	0.00629	0.00471	0.00471	0.00157	0.00629	0.00419	0.00210	0.00524
14	0.01016	0.00845	0.00998	0.02560	0.01174	0.00654	0.00585	0.02527	0.01006	0.03370	0.00866	0.01001	0.00709	0.00361	0.00357	0.00075	0.00360	0.00289	0.00288	0.80960
15	0.01159	0.00894	0.01248	0.10585	0.13666	0.00790	0.03294	0.01415	0.02553	0.12248	0.01009	0.01149	0.00776	0.00413	0.00408	0.00106	0.00436	0.00357	0.00308	0.47187
16	0.09175	0.07125	0.25996	0.01090	0.01489	0.23534	0.01068	0.04478	0.11255	0.01528	0.01012	0.04412	0.00826	0.00584	0.02009	0.00151	0.00632	0.00390	0.00279	0.02967
17	0.01111	0.07444	0.23697	0.01091	0.05835	0.03114	0.02530	0.10674	0.01145	0.01652	0.00952	0.01088	0.01966	0.00447	0.00428	0.00116	0.02166	0.00349	0.03794	0.30401
18	0.05159	0.05672	0.21962	0.01704	0.24807	0.15705	0.04798	0.04777	0.04086	0.03905	0.00902	0.01063	0.00702	0.00466	0.00466	0.00141	0.02378	0.00377	0.00257	0.00674
19	0.01275	0.81458	0.02442	0.00814	0.01217	0.01855	0.00809	0.03534	0.00993	0.01160	0.00669	0.00767	0.00610	0.00408	0.00307	0.00102	0.00505	0.00257	0.00209	0.00610
20	0.00958	0.00749	0.00711	0.01909	0.00857	0.06729	0.00501	0.14138	0.01271	0.01712	0.05694	0.02803	0.34246	0.00831	0.00467	0.00139	0.00332	0.00674	0.24787	0.00493
21	0.01158	0.03517	0.06132	0.04869	0.04306	0.00830	0.00756	0.09662	0.02383	0.08165	0.02534	0.02544	0.00863	0.00444	0.00398	0.00102	0.00416	0.00360	0.00323	0.50236
22	0.01134	0.09611	0.09006	0.05157	0.01879	0.07099	0.30884	0.03169	0.01011	0.01356	0.00835	0.02503	0.00699	0.00551	0.00775	0.00162	0.22891	0.00455	0.00230	0.00594
23	0.00674	0.00505	0.00758	0.00758	0.00842	0.00589	0.00589	0.00842	0.00758	0.01095	0.01263	0.01852	0.01179	0.03536	0.81561	0.00758	0.01263	0.00505	0.00253	0.00421
24	0.04074	0.07847	0.42623	0.01213	0.01740	0.02422	0.05746	0.12956	0.10798	0.03297	0.01049	0.01177	0.00779	0.00499	0.00449	0.00147	0.00604	0.01593	0.00291	0.00697
25	0.00940	0.02290	0.73713	0.01320	0.01972	0.01070	0.03416	0.01487	0.03147	0.01495	0.00950	0.04397	0.00727	0.00494	0.00458	0.00152	0.00673	0.00399	0.00217	0.00684
26	0.00663	0.00482	0.00624	0.00588	0.00702	0.00443	0.00441	0.00881	0.01324	0.01865	0.77139	0.03564	0.07565	0.00973	0.00556	0.00149	0.00223	0.00859	0.00516	0.00443
27	0.01113	0.01272	0.02782	0.01987	0.02464	0.01192	0.78776	0.01510	0.01113	0.01510	0.00954	0.01272	0.00715	0.00397	0.00556	0.00159	0.00795	0.00556	0.00238	0.00636
28	0.00959	0.00908	0.01516	0.62051	0.16146	0.01071	0.03421	0.01328	0.05465	0.01314	0.00911	0.01271	0.00697	0.00470	0.00473	0.00154	0.00607	0.00429	0.00230	0.00577
29	0.00663	0.00482	0.00625	0.00589	0.00702	0.00443	0.00442	0.00882	0.01325	0.01868	0.77483	0.03559	0.07219	0.00972	0.00556	0.00149	0.00223	0.00858	0.00516	0.00443
30	0.00574	0.00410	0.00547	0.00657	0.00684	0.00383	0.00438	0.00657	0.00903	0.01204	0.02599	0.83122	0.03119	0.01477	0.00602	0.00191	0.00274	0.01340	0.00438	0.00383
31	0.00893	0.00839	0.01413	0.78153	0.05655	0.01037	0.01297	0.01202	0.00946	0.01215	0.00874	0.02875	0.00682	0.00490	0.00474	0.00157	0.00619	0.00437	0.00215	0.00528
32	0.00972	0.09351	0.74309	0.01298	0.01970	0.01161	0.01663	0.01486	0.00992	0.01461	0.00830	0.00975	0.00598	0.00444	0.00436	0.00145	0.00680	0.00340	0.00199	0.00689
33	0.00953	0.04196	0.79289	0.01332	0.02023	0.01112	0.01722	0.01491	0.00995	0.01485	0.00842	0.00990	0.00597	0.00447	0.00445	0.00148	0.00693	0.00346	0.00199	0.00695
34	0.00570	0.00478	0.00496	0.00491	0.00645	0.00404	0.00368	0.00702	0.01105	0.01346	0.13623	0.04419	0.71405	0.01167	0.00557	0.00158	0.00237	0.00978	0.00447	0.00404
35	0.00667	0.00482	0.00630	0.00593	0.00704	0.00445	0.00445	0.00890	0.01335	0.01891	0.80239	0.03522	0.04449	0.00964	0.00556	0.00148	0.00222	0.00853	0.00519	0.00445
36	0.01761	0.02247	0.01336	0.01215	0.01458	0.81537	0.00911	0.01883	0.01336	0.01154	0.00729	0.00850	0.00607	0.00486	0.00425	0.00121	0.00850	0.00304	0.00243	0.00547
37	0.00978	0.00838	0.00978	0.00698	0.01117	0.00629	0.00559	0.01187	0.00978	0.01536	0.00838	0.00978	0.00698	0.00349	0.00349	0.00070	0.00349	0.00279	0.00279	0.86312
38	0.00574	0.00410	0.00547	0.00657	0.00684	0.00383	0.00438	0.00657	0.00903	0.01204	0.02599	0.83122	0.03119	0.01477	0.00602	0.00191	0.00274	0.01340	0.00438	0.00383
39	0.00890	0.00838	0.01414	0.82296	0.03247	0.01048	0.01309	0.01205	0.00943	0.01205	0.00838	0.01257	0.00629	0.00471	0.00471	0.00157	0.00629	0.00419	0.00210	0.00524
40	0.01169	0.01133	0.05120	0.11843	0.56058	0.01108	0.03752	0.03012	0.06466	0.04293	0.00991	0.01229	0.00789	0.00450	0.00471	0.00145	0.00562	0.00431	0.00263	0.00718
41	0.01520	0.06314	0.04739	0.01268	0.05016	0.54312	0.00978	0.01666	0.01168	0.01179	0.00730	0.00921	0.00628	0.00607	0.02478	0.00152	0.15202	0.00332	0.00232	0.00557
42	0.12892	0.00591	0.00675	0.00719	0.00810	0.02423	0.00542	0.00891	0.00940	0.01390	0.06347	0.38409	0.04659	0.06313	0.00722	0.00203	0.04666	0.15994	0.00395	0.00420
43	0.00681	0.00474	0.00599	0.00599	0.00628	0.00503	0.00391	0.00740	0.00711	0.00977	0.01408	0.02657	0.01528	0.55639	0.29935	0.00562	0.00737	0.00623	0.00274	0.00333
44	0.00667	0.00482	0.00630	0.00593	0.00704	0.00445	0.00445	0.00890	0.01335	0.01891	0.80239	0.03522	0.04449	0.00964	0.00556	0.00148	0.00222	0.00853	0.00519	0.00445
45	0.02870	0.00895	0.01430	0.69680	0.04511	0.01092	0.02467	0.07693	0.01048	0.01382	0.00858	0.01231	0.00644	0.00482	0.00485	0.00156	0.01871	0.00418	0.00234	0.00553
46	0.02096	0.00833	0.01113	0.00853	0.01219	0.00739	0.00705	0.06835	0.01401	0.76205	0.01817	0.01577	0.01146	0.00583	0.00474	0.00146	0.00408	0.00471	0.00577	0.00802
47	0.01276	0.81191	0.02436	0.00819	0.01218	0.04333	0.00810	0.01426	0.00970	0.01111	0.00658	0.00759	0.00605	0.00406	0.00306	0.00101	0.00515	0.00254	0.00203	0.00603
48	0.00927	0.00890	0.01429	0.71637	0.05156	0.02652	0.01282	0.01219	0.00935	0.01207	0.00819	0.01227	0.00631	0.00500	0.00562	0.00160	0.07610	0.00416	0.00211	0.00530
49	0.00667	0.00482	0.00630	0.00593	0.00704	0.00445	0.00445	0.00890	0.01335	0.01891	0.80239	0.03522	0.04449	0.00964	0.00556	0.00148	0.00222	0.00853	0.00519	0.00445
50	0.00756	0.00540	0.00756	0.00864	0.00971	0.00540	0.00753	0.00971	0.01082	0.01407	0.02498	0.06858	0.02722	0.01306	0.00650	0.00217	0.00431	0.75811	0.00434	0.00433
51	0.01194	0.02765	0.01864	0.06524	0.70214	0.06297	0.01394	0.01463	0.01082	0.01491	0.00870	0.01143	0.00730	0.00426	0.00461	0.00139	0.00581	0.00409	0.00232	0.00721
52	0.00574	0.00410	0.00547	0.00657	0.00684	0.00383	0.00438	0.00657	0.00903	0.01204	0.02599	0.83122	0.03119	0.01477	0.00602	0.00191	0.00274	0.01340	0.00438	0.00383
53	0.00890	0.00838	0.01414	0.82296	0.03247	0.01048	0.01309	0.01205	0.00943	0.01205	0.00838	0.01257	0.00629	0.00471	0.00471	0.00157	0.00629	0.00419	0.00210	0.00524
54	0.01122	0.01079	0.03300	0.10770	0.12311	0.01158	0.12657	0.02011	0.44719	0.01727	0.01458	0.01515	0.01107	0.00554	0.00511	0.00158	0.02275	0.00501	0.00367	0.00698
55	0.00574	0.00410	0.00547	0.00657	0.00684	0.00383	0.00438	0.00657	0.00903	0.01204	0.02599	0.83122	0.03119	0.01477	0.00602	0.00191	0.00274	0.01340	0.00438	0.00383
56	0.00586	0.00419	0.00561	0.00670	0.00703	0.00393	0.00458	0.00677	0.00914	0.01217	0.02592	0.78153	0.03093	0.01466	0.00605	0.00193	0.00284	0.06192	0.00437	0.00386
57	0.01100	0.34103	0.44911	0.01194	0.04923	0.03599	0.01342	0.01470	0.00993	0.01336	0.00770	0.00905	0.00607	0.00430	0.00391	0.00129	0.00620	0.00313	0.00203	0.00659
58	0.01076	0.01244	0.10501	0.28737	0.34866	0.05145	0.08886	0.01400	0.01039	0.01402	0.00865	0.01172	0.00681	0.00441	0.00473	0.00148	0.00635	0.00419	0.00223	0.00647
59	0.00670	0.00559	0.03920	0.00721	0.00796	0.00496	0.00530	0.05284	0.00980	0.01318	0.02403	0.73357	0.02831	0.01369	0.00606	0.00187	0.01898	0.01228	0.00425	0.00423
60	0.01728	0.01276	0.01371	0.01064	0.01425	0.01411	0.00874	0.73949	0.03938	0.02876	0.01210	0.04515	0.00912	0.00605	0.00477	0.00144	0.00505	0.00465	0.00470	0.00783
61	0.01702	0.11393	0.01565	0.01125	0.04678	0.01498	0.00908	0.66251	0.02016	0.02685	0.01064	0.01087	0.00776	0.00540	0.00451	0.00136	0.00519	0.00403	0.00429	0.00776
62	0.00681	0.03901	0.00691	0.00590	0.00718	0.00499	0.00451	0.00890	0.01293	0.01797	0.69414	0.03510	0.11886	0.00964	0.00546	0.00147	0.00236	0.00842	0.00498	0.00447
63	0.01519	0.01167	0.01296	0.01074	0.04871	0.01248	0.00834	0.50928	0.12401	0.02525	0.04435	0.01295	0.01021	0.00555	0.00459	0.00134	0.00465	0.00436	0.00437	0.12900
64	0.83269	0.00929	0.00723	0.00639	0.00934	0.01074	0.00526	0.04571	0.00861	0.02151	0.00676	0.00781	0.00523	0.00443	0.00299	0.00146	0.00371	0.00262	0.00299	0.00523
65	0.00579	0.00412	0.00546	0.00651	0.00677	0.00386	0.00431	0.00658	0.00894	0.01192	0.02553	0.79834	0.03061	0.04844	0.00676	0.00202	0.00281	0.01314	0.00431	0.00379
66	0.01134	0.00973	0.01033	0.00937	0.01193	0.01118	0.00731	0.02377	0.73486	0.01936	0.03697	0.01981	0.03356	0.00682	0.00489	0.00162	0.00369	0.03147	0.00478	0.00721
67	0.01619	0.01246	0.01287	0.01027	0.01362	0.04546	0.00834	0.56687	0.16700	0.02637	0.01289	0.01277	0.00939	0.00576	0.00463	0.00142	0.00486	0.00441	0.05685	0.00759
68	0.00946	0.02439	0.80987	0.01344	0.02041	0.01095	0.01742	0.01493	0.00995	0.01493	0.00846	0.00995	0.00597	0.00448	0.00448	0.00149	0.00697	0.00348	0.00199	0.00697
69	0.00946	0.02439	0.80987	0.01344	0.02041	0.01095	0.01742	0.01493	0.00995	0.01493	0.00846	0.00995	0.00597	0.00448	0.00448	0.00149	0.00697	0.00348	0.00199	0.00697
70	0.01167	0.01120	0.01914	0.02894	0.80488	0.01120	0.01447	0.01447	0.01074	0.01540	0.00887	0.01167	0.00747	0.00420	0.00467	0.00140	0.00560	0.00420	0.00233	0.00747
71	0.01261	0.83713	0.02471	0.00807	0.01210	0.01866	0.00807	0.01412	0.00958	0.01109	0.00656	0.00756	0.00605	0.00403	0.00303	0.00101	0.00504	0.00252	0.00202	0.00605
72	0.00978	0.00838	0.00978	0.00698	0.01117	0.00629	0.00559	0.01187	0.00978	0.01536	0.00838	0.00978	0.00698	0.00349	0.00349	0.00070	0.00349	0.00279	0.00279	0.86312
73	0.00946	0.02439	0.80987	0.01344	0.02041	0.01095	0.01742	0.01493	0.00995	0.01493	0.00846	0.00995	0.00597	0.00448	0.00448	0.00149	0.00697	0.00348	0.00199	0.00697
74	0.00946	0.02439	0.80987	0.01344	0.02041	0.01095	0.01742	0.01493	0.00995	0.01493	0.00846	0.00995	0.00597	0.00448	0.00448	0.00149	0.00697	0.00348	0.00199	0.00697
75	0.00686	0.00457	0.00514	0.00514	0.00514	0.00457	0.00286	0.00686	0.00686	0.00914	0.01486	0.03086	0.01714	0.83430	0.02400	0.00457	0.00457	0.00686	0.00286	0.00286
76	0.00574	0.00410	0.00547	0.00657	0.00684	0.00383	0.00438	0.00657	0.00903	0.01204	0.02599	0.83122	0.03119	0.01477	0.00602	0.00191	0.00274	0.01340	0.00438	0.00383
77	0.01521	0.01744	0.01226	0.01111	0.01363	0.48781	0.00844	0.02137	0.33250	0.01488	0.01214	0.01221	0.00946	0.00549	0.00447	0.00137	0.00656	0.00397	0.00339	0.00628
78	0.15606	0.01187	0.01223	0.00960	0.01303	0.01318	0.00790	0.60309	0.01892	0.02739	0.01085	0.01120	0.00785	0.00544	0.00431	0.00140	0.00471	0.00398	0.06974	0.00727
79	0.00574	0.00410	0.00547	0.00657	0.00684	0.00383	0.00438	0.00657	0.00903	0.01204	0.02599	0.83122	0.03119	0.01477	0.00602	0.00191	0.00274	0.01340	0.00438	0.00383
80	0.00628	0.00453	0.00594	0.00617	0.00695	0.00419	0.00441	0.00791	0.01154	0.01599	0.47215	0.36148	0.05128	0.01178	0.00575	0.00166	0.00244	0.01055	0.00484	0.00419
81	0.02056	0.00833	0.01106	0.00855	0.01215	0.00747	0.00704	0.05372	0.05219	0.73839	0.01834	0.01593	0.01166	0.00586	0.00474	0.00146	0.00405	0.00475	0.00574	0.00800
82	0.01115	0.01266	0.02747	0.02025	0.05670	0.01189	0.75599	0.01508	0.01111	0.01512	0.00951	0.01268	0.00717	0.00398	0.00553	0.00158	0.00785	0.00551	0.00238	0.00640
83	0.00607	0.00514	0.00529	0.00530	0.00687	0.00457	0.00395	0.00818	0.07196	0.01323	0.04376	0.10718	0.67856	0.01174	0.00555	0.00162	0.00252	0.00987	0.00441	0.00424
84	0.00595	0.00425	0.00571	0.00680	0.00717	0.00401	0.00474	0.00693	0.00923	0.01227	0.02587	0.74382	0.03073	0.01458	0.00607	0.00194	0.00292	0.09875	0.00437	0.00389
85	0.01158	0.01227	0.01529	0.43199	0.23319	0.18990	0.01257	0.01420	0.01065	0.01282	0.00827	0.01143	0.00655	0.00461	0.00460	0.00145	0.00660	0.00394	0.00223	0.00588
86	0.02037	0.00785	0.01069	0.00826	0.01177	0.00680	0.00680	0.02222	0.01349	0.76548	0.06098	0.01708	0.01345	0.00604	0.00479	0.00146	0.00392	0.00495	0.00580	0.00783
87	0.00968	0.08180	0.75441	0.01306	0.01982	0.01149	0.01676	0.01487	0.00993	0.01466	0.00833	0.00979	0.00598	0.00445	0.00438	0.00146	0.00683	0.00342	0.00199	0.00690
88	0.00978	0.00838	0.00978	0.00698	0.01117	0.00629	0.00559	0.01187	0.00978	0.01536	0.00838	0.00978	0.00698	0.00349	0.00349	0.00070	0.00349	0.00279	0.00279	0.86312
89	0.00685	0.00459	0.00525	0.00525	0.00528	0.00463	0.00298	0.00692	0.00689	0.00922	0.01476	0.03034	0.01692	0.80064	0.05735	0.00470	0.00491	0.00678	0.00284	0.00291
90	0.00574	0.00410	0.00547	0.00657	0.00684	0.00383	0.00438	0.00657	0.00903	0.01204	0.02599	0.83122	0.03119	0.01477	0.00602	0.00191	0.00274	0.01340	0.00438	0.00383
91	0.01152	0.01109	0.01906	0.02821	0.76684	0.01106	0.03451	0.01431	0.01071	0.01532	0.00926	0.02977	0.00798	0.00443	0.00472	0.00142	0.00560	0.00444	0.00238	0.00736
92	0.00577	0.00412	0.00546	0.00653	0.00679	0.00385	0.00434	0.00657	0.00897	0.01196	0.02570	0.81024	0.03082	0.03625	0.00649	0.00198	0.00278	0.01323	0.00434	0.00380
93	0.01784	0.01557	0.01395	0.01118	0.01461	0.21885	0.00900	0.59269	0.01992	0.02508	0.01029	0.01060	0.00752	0.00546	0.00460	0.00136	0.00603	0.00394	0.00413	0.00737
94	0.01776	0.01313	0.01406	0.01082	0.01456	0.01455	0.00892	0.76914	0.04246	0.02945	0.01153	0.01148	0.00819	0.00568	0.00472	0.00142	0.00515	0.00427	0.00472	0.00800
95	0.86760	0.00912	0.00693	0.00620	0.00912	0.01058	0.00511	0.01386	0.00802	0.02115	0.00657	0.00766	0.00511	0.00438	0.00292	0.00146	0.00365	0.00255	0.00292	0.00511
96	0.01061	0.01188	0.02565	0.01858	0.02291	0.01114	0.71167	0.01427	0.01092	0.01481	0.01114	0.09222	0.00949	0.00502	0.00561	0.00162	0.00744	0.00633	0.00258	0.00611
97	0.01107	0.42881	0.40332	0.01069	0.01611	0.01480	0.01257	0.01472	0.02510	0.01311	0.00772	0.00891	0.00618	0.00430	0.00376	0.00125	0.00595	0.00304	0.00206	0.00652
98	0.01986	0.00884	0.01129	0.00880	0.01236	0.00830	0.00722	0.11370	0.09055	0.63961	0.01780	0.01564	0.01150	0.00587	0.00474	0.00147	0.00412	0.00474	0.00560	0.00797
99	0.00705	0.00538	0.00707	0.00704	0.00769	0.02675	0.00515	0.00827	0.00753	0.01047	0.01309	0.02161	0.01309	0.25134	0.57956	0.00660	0.01033	0.00549	0.00261	0.00388
100	0.00905	0.00781	0.01065	0.00951	0.00987	0.01025	0.00767	0.01033	0.00770	0.01211	0.00971	0.01480	0.00917	0.07707	0.18147	0.00325	0.45787	0.00457	0.14248	0.00466
101	0.00674	0.00505	0.00758	0.00758	0.00842	0.00589	0.00589	0.00842	0.00758	0.01095	0.01263	0.01852	0.01179	0.03536	0.81561	0.00758	0.01263	0.00505	0.00253	0.00421
102	0.01113	0.01272	0.02782	0.01987	0.02464	0.01192	0.78776	0.01510	0.01113	0.01510	0.00954	0.01272	0.00715	0.00397	0.00556	0.00159	0.00795	0.00556	0.00238	0.00636
103	0.00578	0.00413	0.00551	0.00654	0.00685	0.00386	0.00438	0.00666	0.00921	0.01232	0.05834	0.79805	0.03174	0.01456	0.00600	0.00190	0.00271	0.01320	0.00441	0.00386
104	0.00686	0.00457	0.00514	0.00514	0.00514	0.00457	0.00286	0.00686	0.00686	0.00914	0.01486	0.03086	0.01714	0.83430	0.02400	0.00457	0.00457	0.00686	0.00286	0.00286
105	0.00665	0.00482	0.00627	0.00591	0.00703	0.00444	0.00443	0.00885	0.01329	0.01877	0.78509	0.03545	0.06188	0.00969	0.00556	0.00149	0.00223	0.00856	0.00517	0.00444
106	0.00957	0.05408	0.78119	0.01324	0.02010	0.01123	0.01708	0.01490	0.00994	0.01479	0.00839	0.00987	0.00598	0.00446	0.00443	0.00148	0.00690	0.00345	0.00199	0.00693
107	0.01155	0.01109	0.01893	0.06203	0.77270	0.01117	0.01441	0.01437	0.01068	0.01526	0.00885	0.01171	0.00742	0.00422	0.00467	0.00141	0.00563	0.00420	0.00232	0.00738
108	0.01272	0.81857	0.02445	0.00816	0.01216	0.03681	0.00809	0.01423	0.00967	0.01110	0.00657	0.00758	0.00605	0.00405	0.00305	0.00101	0.00512	0.00253	0.00203	0.00604
109	0.01146	0.26862	0.43654	0.04552	0.03903	0.01299	0.01332	0.01519	0.01010	0.08134	0.00872	0.00991	0.00654	0.00452	0.00424	0.00135	0.01823	0.00336	0.00234	0.00669
110	0.02759	0.05298	0.07249	0.16410	0.18221	0.03426	0.10351	0.01368	0.00956	0.04592	0.00826	0.01126	0.00676	0.00552	0.00773	0.00163	0.23993	0.00416	0.00234	0.00609
111	0.00583	0.00420	0.00553	0.00643	0.00684	0.00390	0.00435	0.00681	0.00954	0.01276	0.10574	0.71877	0.06354	0.01414	0.00595	0.00186	0.00267	0.01277	0.00446	0.00390
112	0.01280	0.01214	0.02517	0.01139	0.09139	0.16145	0.00817	0.15762	0.23998	0.01904	0.13936	0.01781	0.04365	0.00641	0.00476	0.00144	0.00480	0.00520	0.03094	0.00648
113	0.00611	0.00427	0.00539	0.00610	0.00631	0.00408	0.00390	0.00671	0.00844	0.01128	0.03941	0.56199	0.02706	0.27256	0.01167	0.00274	0.00330	0.01124	0.00392	0.00354
