[name]
unknown

[dist]
# distance from previous block
# <min> <max>
12	255

[block]
# block no. 0 follows, 48 sequences, length 9
# corresponding to MSA columns:
# 324-332
name=unknown_A
#
# <colnr> <probs for GDERKNQSTAVLIFYWHMCP>
#	G	D	E	R	K	N	Q	S	T	A	V	L	I	F	Y	W	H	M	C	P
0	0.00644	0.00477	0.00598	0.00681	0.00749	0.00438	0.00477	0.00754	0.01044	0.01358	0.06161	0.54269	0.19016	0.04689	0.00724	0.00213	0.00308	0.06505	0.00473	0.00422
1	0.04739	0.04945	0.14432	0.01559	0.16819	0.01132	0.08871	0.10024	0.06833	0.03647	0.03516	0.10472	0.04924	0.00809	0.03324	0.00189	0.02108	0.00611	0.00351	0.00694
2	0.03854	0.08855	0.13335	0.05259	0.11952	0.11470	0.06662	0.05743	0.15488	0.08389	0.01221	0.01311	0.00920	0.00536	0.00485	0.00153	0.00622	0.00442	0.00345	0.02959
3	0.04580	0.00653	0.00823	0.00883	0.05142	0.00644	0.00604	0.04141	0.05344	0.09665	0.07384	0.36289	0.05129	0.09025	0.00785	0.00217	0.00372	0.04960	0.02831	0.00531
4	0.05262	0.00596	0.00716	0.00787	0.05256	0.00571	0.00515	0.00951	0.04079	0.01505	0.14402	0.24962	0.19726	0.14822	0.00927	0.00231	0.00344	0.00984	0.00437	0.02925
5	0.03139	0.01444	0.14404	0.05522	0.12181	0.09981	0.06735	0.10509	0.01313	0.11795	0.01295	0.07660	0.01096	0.06530	0.00664	0.00182	0.00619	0.00538	0.00353	0.04039
6	0.07694	0.05446	0.07088	0.03199	0.02940	0.01024	0.00817	0.18586	0.06563	0.07184	0.05303	0.15466	0.06435	0.05230	0.02706	0.00203	0.00487	0.02557	0.00431	0.00642
7	0.01297	0.09030	0.08209	0.04497	0.22751	0.04647	0.05296	0.06912	0.05721	0.05019	0.01129	0.01469	0.00943	0.04906	0.00718	0.00175	0.08580	0.01998	0.03404	0.03296
8	0.04838	0.05888	0.04907	0.03493	0.05419	0.06514	0.02997	0.05050	0.06222	0.12366	0.08596	0.08282	0.05200	0.03569	0.01986	0.00180	0.00499	0.04456	0.02603	0.06936

[dist]
# distance from previous block
# <min> <max>
13	71

[block]
# block no. 1 follows, 48 sequences, length 12
# corresponding to MSA columns:
# 406-411,414-419
name=unknown_B
#
# <colnr> <probs for GDERKNQSTAVLIFYWHMCP>
#	G	D	E	R	K	N	Q	S	T	A	V	L	I	F	Y	W	H	M	C	P
0	0.01416	0.30232	0.05680	0.01209	0.08736	0.05442	0.03192	0.11583	0.09263	0.06311	0.01393	0.01500	0.05777	0.00583	0.00450	0.00141	0.00544	0.01816	0.02202	0.02532
1	0.04272	0.15296	0.07729	0.03502	0.01319	0.08613	0.01834	0.10655	0.07313	0.01766	0.01344	0.08161	0.01191	0.03852	0.00534	0.00157	0.00509	0.01905	0.14636	0.05411
2	0.00828	0.07117	0.00854	0.00775	0.00871	0.02628	0.00566	0.03731	0.01053	0.02892	0.02384	0.56457	0.02755	0.04125	0.02818	0.02958	0.00397	0.05893	0.00436	0.00462
3	0.00736	0.00493	0.00562	0.00572	0.00574	0.00491	0.00324	0.00744	0.00765	0.01020	0.01714	0.09634	0.01988	0.75524	0.02455	0.00474	0.00481	0.00803	0.00324	0.00319
4	0.00945	0.03794	0.00973	0.00906	0.03785	0.00833	0.01983	0.01509	0.25529	0.01698	0.16945	0.13508	0.05028	0.14822	0.00921	0.00232	0.00395	0.05167	0.00458	0.00570
5	0.00707	0.00560	0.00628	0.00626	0.00763	0.00522	0.00455	0.00963	0.07998	0.01561	0.20669	0.15411	0.38189	0.07702	0.00766	0.00202	0.00293	0.01031	0.00487	0.00466
6	0.08854	0.71362	0.06056	0.00887	0.01330	0.01913	0.00896	0.01538	0.01029	0.01324	0.00723	0.00836	0.00649	0.00445	0.00336	0.00117	0.00545	0.00280	0.00228	0.00654
7	0.01485	0.01382	0.01384	0.01406	0.12533	0.15108	0.00968	0.09914	0.43661	0.04191	0.01611	0.01575	0.01221	0.00623	0.00509	0.00161	0.00543	0.00505	0.00441	0.00782
8	0.01344	0.06641	0.15861	0.05263	0.06696	0.06612	0.17259	0.05367	0.17155	0.07305	0.01298	0.01478	0.00987	0.00564	0.00542	0.00164	0.02225	0.02158	0.00345	0.00736
9	0.04970	0.00944	0.01097	0.00872	0.04170	0.00779	0.00661	0.01440	0.07895	0.01743	0.01010	0.01137	0.00824	0.00416	0.00395	0.00091	0.00392	0.00333	0.00322	0.70509
10	0.09012	0.01282	0.01452	0.02781	0.17377	0.11019	0.03394	0.18398	0.09912	0.06984	0.03652	0.02817	0.01142	0.00623	0.00524	0.00159	0.02361	0.02892	0.03493	0.00727
11	0.03696	0.02978	0.04413	0.01215	0.10068	0.07915	0.04526	0.05130	0.04212	0.07835	0.04523	0.16073	0.07169	0.05180	0.00693	0.00184	0.03511	0.04150	0.00390	0.06138

[dist]
# distance from previous block
# <min> <max>
2	6

[block]
# block no. 2 follows, 48 sequences, length 10
# corresponding to MSA columns:
# 426-435
name=unknown_C
#
# <colnr> <probs for GDERKNQSTAVLIFYWHMCP>
#	G	D	E	R	K	N	Q	S	T	A	V	L	I	F	Y	W	H	M	C	P
0	0.05882	0.02958	0.10368	0.06500	0.05975	0.11858	0.03706	0.03894	0.01183	0.05007	0.09830	0.10972	0.03042	0.06048	0.02713	0.00200	0.02869	0.01609	0.02547	0.02840
1	0.01325	0.15950	0.10263	0.06227	0.06604	0.08120	0.12979	0.08466	0.08419	0.04694	0.01380	0.04304	0.04786	0.00594	0.00492	0.00153	0.00615	0.00510	0.03429	0.00689
2	0.00857	0.05531	0.03643	0.00732	0.00915	0.03516	0.00589	0.01162	0.08155	0.01690	0.30787	0.05847	0.22437	0.04957	0.00700	0.00180	0.03125	0.00831	0.03831	0.00516
3	0.01050	0.00842	0.00988	0.00782	0.01146	0.00692	0.00619	0.01362	0.07567	0.04745	0.01597	0.08940	0.05984	0.00645	0.00455	0.00115	0.00375	0.04889	0.00372	0.56837
4	0.01371	0.01110	0.01568	0.08833	0.21764	0.01179	0.05733	0.16979	0.16071	0.06819	0.05982	0.03972	0.01392	0.00661	0.00538	0.00166	0.00537	0.04158	0.00414	0.00753
5	0.00733	0.00550	0.00825	0.00825	0.00916	0.00641	0.00641	0.00916	0.00825	0.01191	0.01374	0.02016	0.01283	0.03848	0.79934	0.00825	0.01374	0.00550	0.00275	0.00458
6	0.15351	0.03715	0.10832	0.08635	0.16471	0.08047	0.01122	0.10571	0.12713	0.01927	0.01181	0.05161	0.00967	0.00585	0.00475	0.00160	0.00574	0.00470	0.00339	0.00706
7	0.01336	0.01258	0.04368	0.14618	0.18975	0.01313	0.12680	0.16689	0.17390	0.02004	0.01245	0.01420	0.00947	0.00557	0.00560	0.00166	0.02858	0.00503	0.00356	0.00758
8	0.05713	0.01119	0.01544	0.05780	0.34616	0.03168	0.01129	0.12519	0.06507	0.10633	0.01423	0.05369	0.03304	0.00608	0.00503	0.00157	0.00529	0.00528	0.04099	0.00753
9	0.01019	0.00832	0.00931	0.00834	0.01000	0.05556	0.02476	0.11146	0.04975	0.01561	0.05347	0.04655	0.06947	0.25475	0.17860	0.00397	0.00680	0.02253	0.00367	0.05689

[dist]
# distance from previous block
# <min> <max>
9	23

[block]
# block no. 3 follows, 48 sequences, length 13
# corresponding to MSA columns:
# 462-474
name=unknown_D
#
# <colnr> <probs for GDERKNQSTAVLIFYWHMCP>
#	G	D	E	R	K	N	Q	S	T	A	V	L	I	F	Y	W	H	M	C	P
0	0.01268	0.09790	0.08097	0.04367	0.16344	0.09227	0.02781	0.03772	0.05750	0.05815	0.04158	0.03658	0.01216	0.07806	0.00714	0.00180	0.03179	0.03319	0.00326	0.08232
1	0.08508	0.10177	0.03068	0.14850	0.11162	0.03540	0.00922	0.04084	0.05035	0.04530	0.11935	0.04670	0.03584	0.00642	0.00476	0.00149	0.00484	0.00532	0.04793	0.06860
2	0.05463	0.00888	0.01014	0.02540	0.06522	0.05832	0.00707	0.04949	0.02785	0.11973	0.10130	0.06731	0.03970	0.06110	0.03339	0.00195	0.01761	0.04641	0.07701	0.12751
3	0.03769	0.01177	0.04042	0.17752	0.17999	0.04339	0.03394	0.13494	0.07418	0.11765	0.02767	0.01640	0.02699	0.00598	0.00515	0.00161	0.00575	0.03017	0.00379	0.02498
4	0.06015	0.01079	0.01333	0.12530	0.06243	0.04371	0.04278	0.13899	0.04482	0.05128	0.03448	0.01358	0.00965	0.02378	0.00555	0.02626	0.00517	0.00428	0.00350	0.28018
5	0.12088	0.01135	0.01660	0.06796	0.32034	0.03671	0.07690	0.01735	0.07322	0.11159	0.04161	0.01418	0.01032	0.00537	0.00525	0.00158	0.02743	0.00473	0.00342	0.03321
6	0.03004	0.01016	0.01196	0.01043	0.01268	0.10616	0.09014	0.08812	0.01268	0.03312	0.07309	0.20982	0.02017	0.04585	0.00699	0.00187	0.03326	0.10510	0.00402	0.09435
7	0.01519	0.01196	0.01250	0.01075	0.01370	0.10602	0.03481	0.19222	0.21925	0.12218	0.01938	0.07981	0.04702	0.00806	0.00547	0.00171	0.00518	0.08271	0.00484	0.00724
8	0.00956	0.00478	0.00478	0.00478	0.00598	0.00478	0.00359	0.01196	0.01076	0.01913	0.01674	0.01913	0.01315	0.00598	0.00359	0.00120	0.00239	0.00478	0.84816	0.00478
9	0.00762	0.00492	0.00571	0.00571	0.00571	0.00492	0.00325	0.00738	0.00738	0.00984	0.01539	0.03165	0.01761	0.73371	0.02547	0.09565	0.00492	0.00714	0.00301	0.00301
10	0.01917	0.02445	0.01454	0.01322	0.01586	0.79907	0.00991	0.02049	0.01454	0.01256	0.00793	0.00925	0.00661	0.00529	0.00463	0.00132	0.00925	0.00330	0.00264	0.00595
11	0.00956	0.00478	0.00478	0.00478	0.00598	0.00478	0.00359	0.01196	0.01076	0.01913	0.01674	0.01913	0.01315	0.00598	0.00359	0.00120	0.00239	0.00478	0.84816	0.00478
12	0.20210	0.22323	0.04796	0.00912	0.01217	0.13377	0.00788	0.07080	0.01171	0.01666	0.01350	0.15465	0.03393	0.00745	0.00448	0.00154	0.00528	0.03455	0.00333	0.00590

[dist]
# distance from previous block
# <min> <max>
1	2

[block]
# block no. 4 follows, 48 sequences, length 22
# corresponding to MSA columns:
# 477-498
name=unknown_E
#
# <colnr> <probs for GDERKNQSTAVLIFYWHMCP>
#	G	D	E	R	K	N	Q	S	T	A	V	L	I	F	Y	W	H	M	C	P
0	0.12136	0.11474	0.07416	0.01317	0.08310	0.36304	0.01020	0.08263	0.03073	0.03208	0.00908	0.01029	0.00724	0.00517	0.00439	0.00140	0.00708	0.00356	0.01998	0.00661
1	0.01123	0.01123	0.01572	0.01347	0.01347	0.01572	0.01123	0.01235	0.00786	0.01235	0.00674	0.01123	0.00674	0.00898	0.01684	0.00225	0.81028	0.00449	0.00225	0.00561
2	0.05966	0.01510	0.01370	0.04002	0.01521	0.25867	0.04874	0.22170	0.01584	0.11150	0.01252	0.01397	0.02507	0.04467	0.00582	0.00162	0.00641	0.00447	0.04704	0.03826
3	0.00635	0.00466	0.00592	0.00689	0.00743	0.00429	0.00472	0.00734	0.01011	0.01320	0.03145	0.63908	0.14864	0.04385	0.00719	0.00214	0.00306	0.04480	0.00470	0.00418
4	0.01180	0.01109	0.01712	0.46460	0.19758	0.03790	0.04115	0.08895	0.01204	0.01588	0.00945	0.01307	0.00733	0.00527	0.00570	0.00167	0.04561	0.00458	0.00264	0.00658
5	0.01348	0.66820	0.13782	0.00985	0.01462	0.05680	0.01032	0.01574	0.01068	0.01270	0.00747	0.00866	0.00657	0.00450	0.00359	0.00119	0.00597	0.00292	0.00221	0.00670
6	0.00956	0.00478	0.00478	0.00478	0.00598	0.00478	0.00359	0.01196	0.01076	0.01913	0.01674	0.01913	0.01315	0.00598	0.00359	0.00120	0.00239	0.00478	0.84816	0.00478
7	0.01082	0.03086	0.01252	0.01146	0.11537	0.00863	0.02880	0.01498	0.12337	0.01746	0.08192	0.04438	0.02476	0.00557	0.00456	0.00118	0.00415	0.00482	0.00358	0.45080
8	0.01037	0.01302	0.18462	0.04487	0.16562	0.02108	0.12655	0.01356	0.01127	0.04342	0.03203	0.19036	0.05494	0.00827	0.00584	0.00177	0.01720	0.04544	0.00336	0.00641
9	0.01051	0.01004	0.05136	0.03878	0.01392	0.00742	0.03480	0.01310	0.01083	0.01669	0.03803	0.01191	0.00904	0.00417	0.00407	0.00091	0.00423	0.00348	0.00305	0.71365
10	0.00998	0.00930	0.01514	0.50236	0.17162	0.01092	0.01298	0.01278	0.01039	0.01368	0.01329	0.01692	0.08418	0.00648	0.00649	0.02932	0.06052	0.00517	0.00257	0.00590
11	0.01715	0.20025	0.01677	0.01183	0.01476	0.57097	0.00938	0.01862	0.01357	0.01290	0.04579	0.01147	0.00912	0.00553	0.00445	0.00131	0.00799	0.01940	0.00273	0.00601
12	0.01226	0.01244	0.05259	0.01300	0.04330	0.12447	0.16525	0.02911	0.01127	0.05664	0.01193	0.01753	0.01059	0.09874	0.10577	0.00272	0.05895	0.04023	0.00305	0.13014
13	0.02974	0.01079	0.01245	0.04093	0.07376	0.08855	0.00845	0.08530	0.07920	0.34948	0.04364	0.01766	0.03372	0.03664	0.00687	0.04283	0.02263	0.00521	0.00481	0.00735
14	0.01300	0.01293	0.05007	0.30240	0.19159	0.14125	0.01261	0.02834	0.04068	0.07053	0.04813	0.01591	0.01070	0.00579	0.00515	0.00161	0.00652	0.03305	0.00309	0.00663
15	0.00618	0.00520	0.00536	0.00532	0.00700	0.00438	0.00399	0.00759	0.01198	0.01453	0.12449	0.04829	0.71266	0.01275	0.00606	0.00172	0.00258	0.01068	0.00485	0.00438
16	0.01754	0.04935	0.03660	0.07028	0.05680	0.38317	0.03445	0.09261	0.07283	0.12089	0.01126	0.01206	0.00845	0.00552	0.00485	0.00146	0.00730	0.00411	0.00352	0.00695
17	0.01327	0.01337	0.12302	0.12835	0.32987	0.03226	0.07613	0.01687	0.03201	0.12374	0.01194	0.04267	0.00942	0.00549	0.00538	0.00162	0.01898	0.00503	0.00314	0.00747
18	0.01839	0.01729	0.01435	0.04244	0.07956	0.42734	0.03050	0.02016	0.01378	0.21660	0.01218	0.01407	0.00938	0.03660	0.00574	0.00160	0.00734	0.02229	0.00366	0.00674
19	0.01029	0.00974	0.01648	0.65152	0.18644	0.01156	0.01455	0.01364	0.01055	0.01384	0.00923	0.01348	0.00710	0.00502	0.00512	0.00167	0.00669	0.00456	0.00233	0.00619
20	0.01167	0.01184	0.03717	0.14562	0.35927	0.03690	0.15954	0.03165	0.01175	0.01596	0.01215	0.08143	0.01102	0.00612	0.00548	0.00168	0.00650	0.04445	0.00286	0.00694
21	0.01465	0.05817	0.21053	0.04098	0.13962	0.15154	0.05238	0.05602	0.01275	0.12728	0.01146	0.03022	0.00889	0.02187	0.00553	0.00160	0.01933	0.00450	0.02549	0.00719

[dist]
# distance from previous block
# <min> <max>
2	25

[block]
# block no. 5 follows, 48 sequences, length 7
# corresponding to MSA columns:
# 557-563
name=unknown_F
#
# <colnr> <probs for GDERKNQSTAVLIFYWHMCP>
#	G	D	E	R	K	N	Q	S	T	A	V	L	I	F	Y	W	H	M	C	P
0	0.15102	0.01399	0.07813	0.01204	0.04996	0.15763	0.07239	0.07341	0.07972	0.05294	0.08821	0.04458	0.01359	0.00715	0.02232	0.00173	0.02279	0.02093	0.00368	0.03379
1	0.13408	0.05526	0.10617	0.00861	0.01153	0.00915	0.00772	0.09063	0.05755	0.06177	0.14894	0.14766	0.10459	0.00899	0.00525	0.00169	0.00415	0.02588	0.00437	0.00602
2	0.00969	0.00912	0.01539	0.80734	0.03534	0.01140	0.01425	0.01311	0.01026	0.01311	0.00912	0.01368	0.00684	0.00513	0.00513	0.00171	0.00684	0.00456	0.00228	0.00570
3	0.00733	0.00550	0.00825	0.00825	0.00916	0.00641	0.00641	0.00916	0.00825	0.01191	0.01374	0.02016	0.01283	0.03848	0.79934	0.00825	0.01374	0.00550	0.00275	0.00458
4	0.01047	0.01009	0.01398	0.01222	0.01225	0.01377	0.00994	0.01147	0.00799	0.01219	0.00939	0.08036	0.01009	0.08381	0.01683	0.00248	0.66926	0.00560	0.00253	0.00526
5	0.00879	0.07456	0.03565	0.00771	0.00943	0.00699	0.00623	0.03817	0.03784	0.04347	0.29979	0.25039	0.07734	0.01138	0.00591	0.00177	0.00344	0.07103	0.00486	0.00523
6	0.01387	0.33690	0.32921	0.01155	0.01708	0.04610	0.01284	0.07554	0.01221	0.08668	0.00959	0.01047	0.00728	0.00494	0.00429	0.00140	0.00638	0.00355	0.00281	0.00732

[dist]
# distance from previous block
# <min> <max>
2	7

[block]
# block no. 6 follows, 48 sequences, length 55
# corresponding to MSA columns:
# 574-617,619-629
name=unknown_G
#
# <colnr> <probs for GDERKNQSTAVLIFYWHMCP>
#	G	D	E	R	K	N	Q	S	T	A	V	L	I	F	Y	W	H	M	C	P
0	0.04589	0.05200	0.01630	0.04043	0.03344	0.01539	0.03032	0.03234	0.03268	0.01379	0.00760	0.01142	0.00707	0.00809	0.01399	0.00208	0.62440	0.00442	0.00246	0.00591
1	0.00679	0.00494	0.00606	0.00666	0.00729	0.00459	0.00452	0.00768	0.00969	0.01272	0.02818	0.43525	0.14023	0.20973	0.01117	0.00271	0.00355	0.06361	0.00431	0.03031
2	0.00968	0.00784	0.01045	0.15309	0.08144	0.00819	0.00808	0.06649	0.08800	0.03508	0.24996	0.03045	0.19458	0.00892	0.00566	0.00167	0.00406	0.02602	0.00449	0.00585
3	0.01137	0.00910	0.01071	0.00769	0.01222	0.00688	0.00617	0.01363	0.01088	0.06254	0.00978	0.01104	0.00790	0.00395	0.00388	0.00081	0.00383	0.00317	0.00324	0.80121
4	0.85592	0.00992	0.00754	0.00675	0.00992	0.01151	0.00556	0.01508	0.00873	0.02302	0.00714	0.00834	0.00556	0.00476	0.00318	0.00159	0.00397	0.00278	0.00318	0.00556
5	0.01134	0.01138	0.04081	0.14788	0.24030	0.02304	0.22520	0.01463	0.01178	0.03493	0.06344	0.01941	0.04490	0.00613	0.00579	0.00169	0.02197	0.05423	0.01449	0.00667
6	0.00640	0.00503	0.00576	0.00610	0.00728	0.00440	0.00432	0.00758	0.01093	0.01386	0.07978	0.34111	0.40206	0.04649	0.00699	0.00196	0.00287	0.01181	0.00469	0.03058
7	0.01903	0.01414	0.01513	0.01171	0.01573	0.01569	0.00964	0.71859	0.07686	0.03158	0.01292	0.01280	0.00921	0.00622	0.00514	0.00155	0.00554	0.00470	0.00514	0.00868
8	0.05804	0.24682	0.08479	0.01318	0.07271	0.07854	0.08028	0.14630	0.07889	0.03743	0.01027	0.01138	0.00807	0.00524	0.00488	0.00145	0.03175	0.00402	0.00322	0.02274
9	0.04983	0.06872	0.12958	0.03778	0.32509	0.19167	0.04225	0.03554	0.01224	0.02666	0.00908	0.01126	0.00734	0.00495	0.00509	0.00150	0.02752	0.00404	0.00262	0.00721
10	0.00681	0.00503	0.00644	0.00743	0.00795	0.00490	0.00505	0.00886	0.07544	0.01381	0.02765	0.74827	0.03238	0.01530	0.00644	0.00205	0.00307	0.01384	0.00480	0.00451
11	0.00966	0.00911	0.01553	0.72385	0.05013	0.01111	0.03911	0.01298	0.01033	0.01330	0.01014	0.05395	0.00826	0.00564	0.00523	0.00173	0.00669	0.00511	0.00242	0.00572
12	0.03395	0.04838	0.15593	0.07960	0.22239	0.07221	0.03854	0.06406	0.02495	0.06404	0.00990	0.01219	0.00779	0.00608	0.01759	0.00174	0.12630	0.00433	0.00287	0.00716
13	0.02302	0.00873	0.01191	0.00913	0.01310	0.00754	0.00754	0.02501	0.01469	0.79122	0.02024	0.01746	0.01270	0.00635	0.00516	0.00159	0.00437	0.00516	0.00635	0.00873
14	0.00660	0.00472	0.00636	0.00755	0.00800	0.00447	0.00538	0.00775	0.01017	0.01349	0.02809	0.68362	0.03317	0.01574	0.00664	0.00213	0.00328	0.14381	0.00476	0.00427
15	0.80432	0.01041	0.00777	0.00697	0.01008	0.04333	0.00569	0.01524	0.00901	0.02252	0.00738	0.00860	0.00576	0.00481	0.00324	0.00157	0.00415	0.00284	0.02077	0.00556
16	0.00642	0.00467	0.00617	0.00704	0.00757	0.00443	0.00485	0.00755	0.01023	0.01371	0.09501	0.62545	0.08707	0.01728	0.07415	0.00254	0.00382	0.01308	0.00467	0.00427
17	0.08745	0.01178	0.06083	0.13119	0.24895	0.01189	0.01191	0.10898	0.05514	0.04875	0.01096	0.01375	0.00876	0.00731	0.04785	0.00196	0.06349	0.01635	0.00321	0.04950
18	0.01211	0.18417	0.08332	0.28593	0.17297	0.01393	0.01297	0.07686	0.01165	0.01553	0.00895	0.01175	0.00719	0.00509	0.00528	0.00152	0.04871	0.00406	0.00256	0.03546
19	0.13159	0.18745	0.01633	0.04771	0.03688	0.37815	0.00943	0.03801	0.01228	0.01455	0.00795	0.00969	0.00673	0.00608	0.02465	0.00157	0.05882	0.00337	0.00265	0.00610
20	0.05360	0.06653	0.43106	0.01646	0.02276	0.01276	0.29190	0.01621	0.01117	0.01642	0.00941	0.01166	0.00693	0.00464	0.00513	0.00163	0.00767	0.00451	0.00238	0.00718
21	0.00694	0.00501	0.00705	0.00765	0.00835	0.00463	0.03579	0.00803	0.01018	0.03467	0.02899	0.70836	0.08468	0.01512	0.00646	0.00203	0.00322	0.01372	0.00472	0.00442
22	0.01064	0.00912	0.01064	0.00760	0.01216	0.00684	0.00608	0.01292	0.01064	0.01672	0.00912	0.01064	0.00760	0.00380	0.00380	0.00076	0.00380	0.00304	0.00304	0.85104
23	0.00968	0.03328	0.03536	0.16554	0.09182	0.02791	0.00848	0.01162	0.01038	0.04174	0.06239	0.18774	0.01799	0.14531	0.00915	0.00222	0.02700	0.01733	0.03772	0.05733
24	0.00965	0.00884	0.01212	0.01081	0.01108	0.01162	0.00868	0.01074	0.00818	0.01206	0.01243	0.01977	0.05244	0.14696	0.13579	0.00358	0.48871	0.02890	0.00268	0.00495
25	0.00645	0.00517	0.00547	0.00542	0.00679	0.00450	0.00388	0.00766	0.01133	0.01402	0.13510	0.04537	0.56654	0.14878	0.00945	0.00227	0.00298	0.01007	0.00459	0.00419
26	0.00733	0.00548	0.00818	0.00818	0.00908	0.00638	0.00633	0.00912	0.00823	0.01186	0.01380	0.02049	0.01297	0.05764	0.78038	0.00817	0.01353	0.00555	0.00276	0.00455
27	0.01045	0.00980	0.01648	0.55340	0.18382	0.01142	0.03701	0.02811	0.01086	0.01436	0.01032	0.03672	0.00855	0.00564	0.00545	0.00171	0.02109	0.02607	0.00253	0.00621
28	0.00948	0.00678	0.00906	0.01016	0.01139	0.00658	0.00857	0.01136	0.01248	0.01641	0.02817	0.10648	0.03059	0.01497	0.00756	0.00256	0.00505	0.69186	0.00513	0.00538
29	0.00962	0.00903	0.01520	0.79113	0.03477	0.01125	0.01406	0.01299	0.01025	0.01311	0.00951	0.02994	0.00739	0.00535	0.00516	0.00172	0.00676	0.00476	0.00233	0.00567
30	0.00927	0.00794	0.03022	0.03633	0.10132	0.00753	0.06682	0.05995	0.03153	0.02740	0.14312	0.29131	0.05646	0.01150	0.02259	0.00198	0.00451	0.08027	0.00435	0.00560
31	0.00680	0.00499	0.00663	0.00748	0.00780	0.00502	0.00518	0.00773	0.00954	0.01282	0.02530	0.61486	0.02990	0.10472	0.03616	0.00264	0.04419	0.05969	0.00438	0.00417
32	0.85592	0.00992	0.00754	0.00675	0.00992	0.01151	0.00556	0.01508	0.00873	0.02302	0.00714	0.00834	0.00556	0.00476	0.00318	0.00159	0.00397	0.00278	0.00318	0.00556
33	0.00733	0.00550	0.00825	0.00825	0.00916	0.00641	0.00641	0.00916	0.00825	0.01191	0.01374	0.02016	0.01283	0.03848	0.79934	0.00825	0.01374	0.00550	0.00275	0.00458
34	0.01064	0.00912	0.01064	0.00760	0.01216	0.00684	0.00608	0.01292	0.01064	0.01672	0.00912	0.01064	0.00760	0.00380	0.00380	0.00076	0.00380	0.00304	0.00304	0.85104
35	0.01108	0.00938	0.01088	0.00781	0.01235	0.00730	0.00626	0.05095	0.01132	0.01750	0.00928	0.01072	0.00766	0.00392	0.00387	0.00080	0.00389	0.00312	0.00315	0.80876
36	0.72274	0.00973	0.00824	0.00713	0.01043	0.01088	0.00587	0.01667	0.00968	0.14585	0.00924	0.00980	0.00670	0.00502	0.00349	0.00159	0.00403	0.00316	0.00368	0.00606
37	0.00891	0.00446	0.00668	0.00668	0.00668	0.00446	0.00446	0.00668	0.00668	0.00891	0.00891	0.01560	0.00891	0.01783	0.02005	0.85071	0.00446	0.00446	0.00223	0.00223
38	0.00634	0.00453	0.00606	0.00725	0.00758	0.00424	0.00492	0.00730	0.00991	0.01320	0.02823	0.78263	0.03374	0.01599	0.00657	0.00210	0.00305	0.04739	0.00476	0.00419
39	0.01043	0.02556	0.73403	0.01517	0.02256	0.01200	0.07703	0.01626	0.01093	0.01626	0.00930	0.01107	0.00660	0.00483	0.00497	0.00163	0.00767	0.00397	0.00220	0.00753
40	0.01092	0.17259	0.65255	0.01355	0.02055	0.01345	0.01709	0.01609	0.01076	0.01548	0.00883	0.01036	0.00652	0.00479	0.00458	0.00153	0.00720	0.00360	0.00217	0.00740
41	0.02246	0.00871	0.01179	0.00910	0.01299	0.00760	0.00750	0.02473	0.03167	0.75793	0.03630	0.01794	0.01352	0.00645	0.00518	0.00159	0.00432	0.00526	0.00631	0.00864
42	0.01151	0.01091	0.01860	0.29798	0.46443	0.01175	0.03790	0.01467	0.01111	0.01550	0.00968	0.01327	0.00782	0.00488	0.00527	0.00160	0.01990	0.00462	0.03151	0.00709
43	0.00715	0.00656	0.04631	0.00722	0.00869	0.00555	0.01764	0.00928	0.03563	0.01565	0.23435	0.25268	0.25683	0.04139	0.00714	0.00192	0.02599	0.01056	0.00472	0.00474
44	0.01240	0.01427	0.15715	0.03960	0.02006	0.01167	0.29268	0.13212	0.06544	0.04662	0.05198	0.01781	0.07334	0.00714	0.03252	0.00189	0.00687	0.00586	0.00354	0.00704
45	0.03912	0.01166	0.01502	0.01274	0.01369	0.05400	0.02969	0.05438	0.03133	0.04205	0.00849	0.01204	0.00762	0.00961	0.05314	0.00236	0.57214	0.00450	0.00273	0.02369
46	0.01951	0.01437	0.01540	0.01181	0.01591	0.01591	0.00975	0.77056	0.02412	0.03234	0.01232	0.01232	0.00873	0.00616	0.00513	0.00154	0.00565	0.00462	0.00513	0.00873
47	0.70192	0.03686	0.00923	0.00776	0.01093	0.11020	0.00632	0.03714	0.00994	0.02164	0.00739	0.00856	0.00581	0.00486	0.00342	0.00154	0.00472	0.00290	0.00313	0.00573
48	0.00633	0.00491	0.00580	0.00640	0.00742	0.00437	0.00460	0.00756	0.01096	0.01387	0.06931	0.40186	0.36395	0.01438	0.00635	0.00193	0.00290	0.05800	0.00480	0.00430
49	0.01778	0.03623	0.01556	0.03201	0.03006	0.11903	0.06517	0.31030	0.15146	0.14828	0.01410	0.01397	0.01011	0.00598	0.00510	0.00156	0.00590	0.00479	0.00463	0.00797
50	0.00668	0.00488	0.00637	0.00733	0.00802	0.00457	0.00535	0.00800	0.01071	0.01407	0.07490	0.53256	0.12204	0.01502	0.00657	0.00207	0.00324	0.15849	0.00481	0.00434
51	0.00731	0.00510	0.00624	0.00628	0.00661	0.00527	0.00403	0.00787	0.00797	0.01075	0.01794	0.05547	0.06045	0.55557	0.21654	0.00552	0.00696	0.00738	0.00316	0.00358
52	0.03650	0.27953	0.01755	0.01084	0.01400	0.38203	0.00889	0.05503	0.05167	0.01439	0.03631	0.04001	0.02160	0.00579	0.00435	0.00133	0.00691	0.00402	0.00297	0.00626
53	0.01685	0.07739	0.05800	0.01051	0.01431	0.04518	0.00904	0.41396	0.05686	0.10953	0.01631	0.01654	0.07273	0.03154	0.00564	0.00163	0.00532	0.00509	0.02586	0.00772
54	0.05001	0.38280	0.09350	0.01140	0.07052	0.06547	0.00989	0.07087	0.06707	0.03774	0.03745	0.01203	0.00946	0.00520	0.00415	0.00132	0.00558	0.01318	0.00303	0.04933

[dist]
# distance from previous block
# <min> <max>
8	24

[block]
# block no. 7 follows, 48 sequences, length 20
# corresponding to MSA columns:
# 678-697
name=unknown_H
#
# <colnr> <probs for GDERKNQSTAVLIFYWHMCP>
#	G	D	E	R	K	N	Q	S	T	A	V	L	I	F	Y	W	H	M	C	P
0	0.05191	0.24083	0.06106	0.12683	0.10892	0.06306	0.01029	0.09601	0.04015	0.01676	0.07196	0.01444	0.01137	0.04546	0.00555	0.00161	0.00568	0.00442	0.01712	0.00656
1	0.01233	0.01244	0.05127	0.19978	0.23313	0.04638	0.07284	0.06180	0.14554	0.01719	0.01184	0.01477	0.00941	0.00565	0.00576	0.00165	0.04570	0.02152	0.00314	0.02783
2	0.01211	0.34755	0.05647	0.03538	0.01399	0.02724	0.05297	0.01491	0.05590	0.03124	0.01061	0.01417	0.00941	0.07056	0.02164	0.00174	0.05567	0.02219	0.04430	0.10193
3	0.13163	0.01304	0.03343	0.03877	0.34138	0.07807	0.14981	0.01692	0.08429	0.01734	0.01057	0.01336	0.00861	0.03430	0.00572	0.00170	0.00634	0.00469	0.00291	0.00712
4	0.00703	0.00521	0.00698	0.00713	0.00791	0.00550	0.00518	0.00834	0.00901	0.01229	0.04917	0.13934	0.12069	0.17594	0.41023	0.00567	0.00871	0.00799	0.00347	0.00423
5	0.01474	0.67359	0.02458	0.00961	0.01367	0.16583	0.00899	0.01632	0.01119	0.01216	0.00728	0.00842	0.00659	0.00456	0.00354	0.00114	0.00619	0.00285	0.00228	0.00647
6	0.00859	0.00799	0.07123	0.03169	0.01048	0.00609	0.00630	0.03430	0.01232	0.05443	0.15743	0.08765	0.36143	0.01014	0.00560	0.00159	0.00347	0.00857	0.00449	0.11622
7	0.01383	0.09391	0.12060	0.11727	0.27244	0.08462	0.03439	0.14399	0.03829	0.01818	0.00996	0.01200	0.00780	0.00507	0.00489	0.00152	0.00654	0.00426	0.00296	0.00748
8	0.01256	0.01205	0.02057	0.06753	0.75272	0.01215	0.01568	0.01562	0.01162	0.01659	0.00963	0.01274	0.00807	0.00460	0.00508	0.00153	0.00613	0.00457	0.00253	0.00801
9	0.00614	0.00512	0.00537	0.00548	0.00703	0.00434	0.00404	0.00745	0.01162	0.01410	0.08496	0.13723	0.66305	0.01323	0.00612	0.00177	0.00263	0.01119	0.00481	0.00434
10	0.00730	0.00597	0.00762	0.00730	0.00842	0.00629	0.00562	0.00897	0.01122	0.01513	0.24369	0.08455	0.28196	0.01699	0.16317	0.00306	0.10496	0.00880	0.00431	0.00467
11	0.01361	0.51482	0.23205	0.01062	0.01579	0.03798	0.01154	0.04812	0.01142	0.05020	0.00854	0.00956	0.00694	0.00471	0.00392	0.00129	0.00611	0.00323	0.00252	0.00703
12	0.00740	0.00523	0.00690	0.00690	0.00735	0.00568	0.00473	0.00830	0.00785	0.01091	0.01497	0.02698	0.01579	0.43534	0.40653	0.00658	0.00929	0.00650	0.00293	0.00383
13	0.01064	0.00912	0.01064	0.00760	0.01216	0.00684	0.00608	0.01292	0.01064	0.01672	0.00912	0.01064	0.00760	0.00380	0.00380	0.00076	0.00380	0.00304	0.00304	0.85104
14	0.85592	0.00992	0.00754	0.00675	0.00992	0.01151	0.00556	0.01508	0.00873	0.02302	0.00714	0.00834	0.00556	0.00476	0.00318	0.00159	0.00397	0.00278	0.00318	0.00556
15	0.00745	0.00501	0.00579	0.00579	0.00586	0.00508	0.00335	0.00759	0.00752	0.01009	0.01599	0.03259	0.01823	0.76238	0.08283	0.00521	0.00562	0.00732	0.00308	0.00322
16	0.01917	0.02445	0.01454	0.01322	0.01586	0.79907	0.00991	0.02049	0.01454	0.01256	0.00793	0.00925	0.00661	0.00529	0.00463	0.00132	0.00925	0.00330	0.00264	0.00595
17	0.00880	0.00666	0.02782	0.00790	0.00975	0.00585	0.05311	0.01155	0.02675	0.07317	0.59387	0.03553	0.07328	0.00986	0.00598	0.00165	0.00318	0.03458	0.00534	0.00534
18	0.01113	0.09853	0.04958	0.00902	0.02551	0.00885	0.03127	0.02770	0.01111	0.03357	0.03431	0.03373	0.01024	0.00561	0.02142	0.00118	0.00458	0.02456	0.00316	0.55495
19	0.01203	0.00864	0.00968	0.00781	0.01104	0.02820	0.00609	0.06755	0.04955	0.11327	0.01864	0.09354	0.09966	0.03304	0.00537	0.00138	0.00389	0.00578	0.06061	0.36423

[dist]
# distance from previous block
# <min> <max>
0	2

[block]
# block no. 8 follows, 48 sequences, length 6
# corresponding to MSA columns:
# 700-705
name=unknown_I
#
# <colnr> <probs for GDERKNQSTAVLIFYWHMCP>
#	G	D	E	R	K	N	Q	S	T	A	V	L	I	F	Y	W	H	M	C	P
0	0.01350	0.07123	0.10087	0.01183	0.06565	0.06032	0.04581	0.12741	0.01359	0.07933	0.07360	0.03106	0.01181	0.00560	0.00495	0.00132	0.02261	0.00455	0.00361	0.25135
1	0.35591	0.06534	0.05753	0.11480	0.05270	0.15143	0.03676	0.03541	0.01096	0.01815	0.00814	0.00997	0.00643	0.00484	0.00407	0.00148	0.00588	0.00343	0.00284	0.05394
2	0.00890	0.00696	0.00812	0.00785	0.00928	0.00757	0.00584	0.01411	0.23849	0.01531	0.04797	0.05385	0.10935	0.17657	0.20509	0.00399	0.00633	0.03677	0.03232	0.00532
3	0.00929	0.00821	0.02744	0.14549	0.13894	0.00840	0.02589	0.04255	0.01115	0.01510	0.12894	0.06170	0.10945	0.14820	0.04177	0.01912	0.04249	0.00700	0.00350	0.00537
4	0.01305	0.66761	0.17619	0.00992	0.01493	0.01867	0.01076	0.01554	0.01051	0.01289	0.00754	0.00874	0.00657	0.00448	0.00360	0.00120	0.00590	0.00295	0.00219	0.00678
5	0.01251	0.21610	0.39782	0.01422	0.06244	0.05877	0.06254	0.01648	0.01111	0.05058	0.00912	0.01073	0.00700	0.00499	0.00515	0.00151	0.04549	0.00379	0.00245	0.00720

[dist]
# distance from previous block
# <min> <max>
0	4

[block]
# block no. 9 follows, 48 sequences, length 24
# corresponding to MSA columns:
# 710-725,729-736
name=unknown_J
#
# <colnr> <probs for GDERKNQSTAVLIFYWHMCP>
#	G	D	E	R	K	N	Q	S	T	A	V	L	I	F	Y	W	H	M	C	P
0	0.00933	0.00738	0.01027	0.00945	0.01015	0.00909	0.00740	0.02677	0.00877	0.04277	0.02713	0.03771	0.01293	0.13622	0.38172	0.00537	0.24392	0.00573	0.00294	0.00492
1	0.21663	0.04704	0.03041	0.06519	0.03850	0.18333	0.05917	0.03362	0.01042	0.01514	0.00853	0.01170	0.00728	0.00899	0.02563	0.22054	0.00624	0.00385	0.00267	0.00512
2	0.07014	0.03857	0.02486	0.00695	0.00874	0.02139	0.00549	0.01227	0.03810	0.06952	0.40858	0.07822	0.04327	0.03238	0.00588	0.00166	0.00318	0.00765	0.11786	0.00530
3	0.01239	0.00980	0.01131	0.00829	0.01263	0.00825	0.00668	0.13579	0.01312	0.04729	0.04028	0.01224	0.00956	0.00453	0.00415	0.00095	0.00407	0.00362	0.00360	0.65146
4	0.03050	0.04585	0.10833	0.03973	0.03567	0.02444	0.05780	0.06078	0.03180	0.04264	0.02629	0.01309	0.03165	0.00482	0.00441	0.00117	0.00500	0.00400	0.00322	0.42879
5	0.00785	0.00650	0.03177	0.03027	0.01067	0.00620	0.03662	0.00981	0.01034	0.01385	0.05456	0.11533	0.06415	0.12250	0.17848	0.00380	0.00660	0.28218	0.00391	0.00461
6	0.01499	0.03078	0.01983	0.07505	0.02035	0.07529	0.25953	0.29328	0.05825	0.02169	0.01215	0.03506	0.00962	0.00595	0.00571	0.00165	0.02431	0.02546	0.00375	0.00731
7	0.03470	0.12549	0.19711	0.03884	0.08604	0.04865	0.01078	0.02589	0.04003	0.07062	0.03624	0.05119	0.04606	0.01864	0.04060	0.02059	0.00591	0.00491	0.00318	0.09452
8	0.01201	0.04658	0.07296	0.06914	0.08043	0.09123	0.09126	0.05173	0.02857	0.05563	0.07885	0.03785	0.07243	0.02883	0.00704	0.00181	0.07650	0.08737	0.00356	0.00621
9	0.01131	0.10056	0.01797	0.01302	0.01511	0.04287	0.19564	0.03029	0.01003	0.01392	0.01058	0.04048	0.00993	0.09875	0.05748	0.00253	0.26601	0.00537	0.05247	0.00569
10	0.04446	0.01355	0.01402	0.03794	0.01542	0.06783	0.00924	0.56399	0.02068	0.05265	0.01343	0.06114	0.01080	0.02383	0.00561	0.00166	0.00564	0.02550	0.00477	0.00784
11	0.01207	0.01144	0.01919	0.08883	0.65647	0.01165	0.01470	0.01539	0.03638	0.01641	0.01113	0.06273	0.00987	0.00540	0.00518	0.00158	0.00589	0.00523	0.00274	0.00770
12	0.01160	0.15550	0.36097	0.01518	0.07963	0.05639	0.12351	0.01596	0.03105	0.01539	0.01158	0.02729	0.03036	0.00558	0.00495	0.00157	0.00693	0.03695	0.00259	0.00701
13	0.01404	0.01306	0.11314	0.08018	0.04073	0.12138	0.00993	0.01822	0.11466	0.18635	0.09958	0.05789	0.03828	0.00737	0.00579	0.00166	0.03957	0.02713	0.00424	0.00681
14	0.00802	0.00567	0.00772	0.00872	0.00967	0.00566	0.00727	0.00993	0.01103	0.01439	0.02556	0.10141	0.02815	0.13676	0.00995	0.00274	0.00465	0.59378	0.00448	0.00444
15	0.00646	0.00508	0.00622	0.00707	0.03043	0.00460	0.00480	0.00770	0.01082	0.01384	0.07343	0.40048	0.34741	0.01513	0.03991	0.00216	0.00334	0.01208	0.00466	0.00440
16	0.01391	0.06850	0.08745	0.08065	0.14134	0.03285	0.13481	0.15296	0.02409	0.09628	0.01333	0.10632	0.01134	0.00645	0.00528	0.00162	0.00610	0.00583	0.00362	0.00723
17	0.01188	0.01091	0.01385	0.08696	0.08390	0.09844	0.08460	0.09451	0.06372	0.01651	0.05039	0.03654	0.01431	0.07503	0.06737	0.03009	0.04808	0.08516	0.02182	0.00595
18	0.00659	0.00475	0.00631	0.00727	0.00774	0.00458	0.00508	0.00766	0.00981	0.01304	0.02727	0.59741	0.06546	0.06462	0.07882	0.00281	0.00419	0.07792	0.00448	0.00420
19	0.19925	0.01471	0.11852	0.03241	0.15043	0.08094	0.08588	0.13389	0.01345	0.10787	0.01057	0.01181	0.00777	0.00515	0.00471	0.00157	0.00611	0.00419	0.00347	0.00729
20	0.24006	0.10899	0.07594	0.01150	0.08253	0.08898	0.02638	0.04338	0.01113	0.01784	0.04235	0.01224	0.02731	0.00545	0.00504	0.00144	0.06302	0.00387	0.01887	0.11367
21	0.04939	0.01400	0.01591	0.10193	0.26608	0.19482	0.03110	0.05343	0.08238	0.01650	0.02898	0.06118	0.01064	0.00613	0.00562	0.00160	0.04532	0.00506	0.00313	0.00682
22	0.01209	0.01002	0.07069	0.01526	0.21046	0.00868	0.05916	0.03211	0.02774	0.14216	0.13772	0.07023	0.05267	0.04749	0.03515	0.00207	0.00527	0.05028	0.00412	0.00664
23	0.01171	0.00758	0.02808	0.00839	0.01072	0.00691	0.02667	0.03228	0.09151	0.18978	0.27317	0.07079	0.11946	0.00979	0.00586	0.00174	0.00368	0.09038	0.00533	0.00614

[dist]
# distance from previous block
# <min> <max>
21	330

[block]
# block no. 10 follows, 48 sequences, length 19
# corresponding to MSA columns:
# 1089-1102,1106-1110
name=unknown_K
#
# <colnr> <probs for GDERKNQSTAVLIFYWHMCP>
#	G	D	E	R	K	N	Q	S	T	A	V	L	I	F	Y	W	H	M	C	P
0	0.01439	0.02675	0.05471	0.02819	0.06958	0.03519	0.06648	0.21723	0.12507	0.07707	0.02529	0.03252	0.02310	0.00654	0.01946	0.00159	0.00541	0.00501	0.04272	0.12371
1	0.09730	0.01214	0.06072	0.37251	0.04954	0.06307	0.01190	0.13304	0.03150	0.04658	0.03580	0.01344	0.00882	0.00565	0.00536	0.00165	0.03682	0.00447	0.00317	0.00651
2	0.02824	0.01120	0.06174	0.08935	0.01539	0.02966	0.00886	0.20126	0.10538	0.14843	0.06722	0.08199	0.04834	0.00728	0.00519	0.00159	0.00483	0.00601	0.01707	0.06095
3	0.02702	0.23469	0.04801	0.03706	0.02854	0.13497	0.05067	0.03863	0.04011	0.05027	0.02666	0.05002	0.04287	0.02289	0.02507	0.00161	0.02030	0.00471	0.03006	0.08585
4	0.01730	0.06906	0.01572	0.01155	0.01496	0.01554	0.00962	0.57766	0.02023	0.02724	0.01173	0.03266	0.00913	0.00783	0.03581	0.00186	0.10494	0.00476	0.00448	0.00793
5	0.01152	0.01087	0.01116	0.00914	0.03999	0.10458	0.00684	0.01400	0.03481	0.01613	0.01148	0.04184	0.03451	0.00487	0.00417	0.00097	0.00449	0.00390	0.00316	0.63159
6	0.01727	0.13014	0.01627	0.01109	0.01498	0.01589	0.00927	0.50728	0.17891	0.02716	0.01335	0.01315	0.00986	0.00607	0.00489	0.00152	0.00529	0.00459	0.00473	0.00829
7	0.00685	0.00731	0.10288	0.00793	0.00925	0.00523	0.00649	0.00841	0.01006	0.01349	0.02718	0.60087	0.08665	0.04826	0.00715	0.00213	0.00366	0.03726	0.00437	0.00457
8	0.01342	0.11516	0.23512	0.03778	0.03026	0.06732	0.01125	0.10942	0.08711	0.08614	0.04291	0.04643	0.01177	0.04792	0.00593	0.00171	0.00585	0.00493	0.02192	0.01765
9	0.01181	0.38326	0.26962	0.01045	0.01530	0.01464	0.02982	0.01548	0.03802	0.01487	0.00989	0.01141	0.00798	0.00555	0.02003	0.00146	0.00591	0.00362	0.12420	0.00667
10	0.00634	0.00453	0.00606	0.00725	0.00759	0.00425	0.00492	0.00730	0.00991	0.01320	0.02823	0.78226	0.03374	0.01599	0.00657	0.00210	0.00306	0.04776	0.00476	0.00419
11	0.01202	0.02248	0.53436	0.03221	0.07060	0.03677	0.09000	0.10918	0.01275	0.01810	0.00969	0.01144	0.00701	0.00498	0.00503	0.00161	0.00739	0.00416	0.00261	0.00761
12	0.01535	0.03049	0.10879	0.08423	0.09749	0.21067	0.02194	0.09015	0.04018	0.13543	0.02579	0.06715	0.02493	0.00637	0.00506	0.00155	0.00641	0.00514	0.01593	0.00696
13	0.01209	0.01409	0.17399	0.12056	0.19978	0.01122	0.18838	0.01621	0.03450	0.08212	0.01274	0.01651	0.02516	0.00635	0.02482	0.00184	0.00692	0.04258	0.00301	0.00715
14	0.01246	0.01212	0.02065	0.05978	0.53598	0.01242	0.11925	0.01707	0.10599	0.01703	0.01104	0.01366	0.00892	0.00496	0.00552	0.00160	0.02595	0.00493	0.00286	0.00780
15	0.01170	0.04796	0.11790	0.09079	0.28269	0.06329	0.14246	0.01530	0.02716	0.01633	0.10551	0.03153	0.01320	0.00566	0.00527	0.00158	0.00642	0.00537	0.00295	0.00694
16	0.01097	0.01257	0.08914	0.05087	0.13441	0.03165	0.29261	0.01428	0.01140	0.01579	0.02562	0.11608	0.01239	0.00644	0.00574	0.00163	0.02107	0.03381	0.00299	0.11053
17	0.11087	0.00514	0.00615	0.00710	0.00775	0.00507	0.00486	0.00812	0.00969	0.01432	0.02568	0.71684	0.03044	0.01468	0.00613	0.00202	0.00310	0.01313	0.00457	0.00434
18	0.00638	0.00537	0.03497	0.00718	0.00793	0.00447	0.00518	0.00751	0.01009	0.01331	0.03049	0.69210	0.12547	0.01528	0.00643	0.00202	0.00310	0.01372	0.00467	0.00431

[dist]
# distance from previous block
# <min> <max>
0	6

[block]
# block no. 11 follows, 48 sequences, length 11
# corresponding to MSA columns:
# 1117-1127
name=unknown_L
#
# <colnr> <probs for GDERKNQSTAVLIFYWHMCP>
#	G	D	E	R	K	N	Q	S	T	A	V	L	I	F	Y	W	H	M	C	P
0	0.01406	0.10492	0.12208	0.01152	0.04833	0.04431	0.05397	0.05169	0.05830	0.19950	0.07624	0.05859	0.04589	0.00751	0.00529	0.00165	0.00527	0.07962	0.00428	0.00696
1	0.01307	0.01931	0.42905	0.01465	0.02066	0.01123	0.17384	0.04990	0.01250	0.14812	0.04898	0.01398	0.00994	0.00534	0.00524	0.00164	0.00693	0.00480	0.00326	0.00755
2	0.00623	0.00456	0.00586	0.00689	0.00738	0.00419	0.00465	0.00717	0.01007	0.01320	0.03137	0.71636	0.13190	0.01567	0.00649	0.00204	0.00293	0.01410	0.00476	0.00419
3	0.04238	0.14234	0.29182	0.01555	0.11676	0.15610	0.06646	0.03934	0.01206	0.04499	0.00920	0.01082	0.00710	0.00496	0.00485	0.00149	0.02018	0.00386	0.00262	0.00713
4	0.08061	0.18795	0.21836	0.01190	0.04583	0.10604	0.01136	0.10973	0.06755	0.05931	0.02758	0.01192	0.00887	0.00534	0.00445	0.00146	0.00609	0.00393	0.02458	0.00715
5	0.12415	0.08145	0.09683	0.01167	0.01556	0.16526	0.05913	0.19599	0.11081	0.02065	0.03236	0.01312	0.00972	0.00572	0.00471	0.00151	0.00617	0.01671	0.00366	0.02481
6	0.08021	0.03560	0.03922	0.01084	0.03506	0.17144	0.00860	0.24717	0.04616	0.07440	0.06606	0.05421	0.07019	0.00698	0.00498	0.00152	0.00555	0.00541	0.00424	0.03216
7	0.01476	0.07041	0.07550	0.01154	0.03796	0.03092	0.04874	0.30877	0.06179	0.05562	0.01411	0.06230	0.03220	0.00724	0.02706	0.00166	0.00558	0.00518	0.02260	0.10605
8	0.03227	0.08736	0.06329	0.03471	0.01513	0.04246	0.09375	0.12134	0.09325	0.03901	0.06492	0.06842	0.05501	0.00726	0.00592	0.00161	0.05835	0.03403	0.00381	0.07809
9	0.05164	0.03395	0.03589	0.01055	0.01393	0.12886	0.04619	0.26611	0.06364	0.07862	0.06364	0.01916	0.11757	0.00701	0.00510	0.00154	0.00541	0.00556	0.02371	0.02192
10	0.03583	0.13467	0.10129	0.01077	0.01430	0.24159	0.00942	0.06532	0.11735	0.04951	0.01356	0.04500	0.03783	0.02992	0.00531	0.00155	0.00622	0.02029	0.00344	0.05685

[dist]
# distance from previous block
# <min> <max>
2	182

[block]
# block no. 12 follows, 48 sequences, length 19
# corresponding to MSA columns:
# 1326-1344
name=unknown_M
#
# <colnr> <probs for GDERKNQSTAVLIFYWHMCP>
#	G	D	E	R	K	N	Q	S	T	A	V	L	I	F	Y	W	H	M	C	P
0	0.03930	0.04855	0.04929	0.04893	0.05132	0.03332	0.02301	0.18244	0.24201	0.02107	0.04734	0.01785	0.06859	0.01672	0.00524	0.00157	0.00490	0.00530	0.00422	0.08902
1	0.04000	0.06074	0.04858	0.04658	0.10089	0.05050	0.00875	0.06518	0.06317	0.03885	0.02987	0.17751	0.02554	0.00782	0.00521	0.00153	0.01543	0.03780	0.00370	0.17237
2	0.03233	0.14388	0.15526	0.02342	0.05590	0.17246	0.03365	0.08254	0.12819	0.03052	0.02847	0.03005	0.03607	0.00590	0.00475	0.00149	0.00628	0.00458	0.00333	0.02092
3	0.03871	0.02430	0.08922	0.05143	0.03579	0.03854	0.03263	0.15532	0.15743	0.08282	0.01763	0.04978	0.07967	0.03493	0.02199	0.00182	0.00530	0.00565	0.00415	0.07289
4	0.03321	0.01379	0.07694	0.04455	0.08813	0.08543	0.09018	0.17066	0.07786	0.09487	0.03808	0.01376	0.01018	0.00544	0.00495	0.00146	0.00586	0.00460	0.00383	0.13622
5	0.01147	0.01060	0.05924	0.01039	0.02315	0.03188	0.05980	0.10753	0.16103	0.03265	0.05288	0.13475	0.05601	0.05966	0.00725	0.00185	0.04778	0.00687	0.03739	0.08780
6	0.35535	0.06318	0.07466	0.07747	0.06814	0.08809	0.00915	0.04010	0.04993	0.05609	0.01068	0.03445	0.00887	0.00577	0.00428	0.00159	0.00534	0.03725	0.00329	0.00632
7	0.06889	0.04909	0.01425	0.04811	0.05001	0.03444	0.04529	0.28197	0.01561	0.04252	0.05056	0.03801	0.07470	0.00686	0.00601	0.00156	0.07600	0.00532	0.01831	0.07249
8	0.00773	0.00584	0.00715	0.00715	0.03123	0.00551	0.00509	0.03166	0.03926	0.01846	0.45531	0.07252	0.20949	0.04624	0.00680	0.00180	0.00286	0.00925	0.03174	0.00494
9	0.01276	0.03568	0.06084	0.02516	0.55682	0.03855	0.01393	0.07573	0.01279	0.01765	0.03677	0.01584	0.05291	0.00553	0.00512	0.00154	0.00590	0.01584	0.00298	0.00766
10	0.04337	0.02842	0.10782	0.03250	0.10341	0.02656	0.01072	0.24734	0.13241	0.09311	0.01510	0.05068	0.01230	0.00690	0.00522	0.00167	0.00542	0.06507	0.00432	0.00765
11	0.01185	0.01098	0.08722	0.00960	0.01258	0.01013	0.00834	0.21170	0.18234	0.02215	0.19407	0.04947	0.10223	0.00871	0.00560	0.00170	0.00431	0.05537	0.00490	0.00675
12	0.01105	0.12794	0.08275	0.01011	0.01259	0.01109	0.03299	0.07387	0.05130	0.03834	0.07856	0.03549	0.03004	0.06555	0.08478	0.00259	0.11430	0.10440	0.02632	0.00592
13	0.00769	0.00655	0.05392	0.00770	0.00888	0.00552	0.02128	0.00910	0.00988	0.03640	0.04510	0.29979	0.10216	0.20032	0.09124	0.00330	0.00506	0.07761	0.00405	0.00445
14	0.85592	0.00992	0.00754	0.00675	0.00992	0.01151	0.00556	0.01508	0.00873	0.02302	0.00714	0.00834	0.00556	0.00476	0.00318	0.00159	0.00397	0.00278	0.00318	0.00556
15	0.01307	0.01075	0.01192	0.07429	0.01509	0.01237	0.00858	0.02601	0.67527	0.06264	0.01991	0.01861	0.01479	0.00678	0.00521	0.00173	0.00430	0.00567	0.00505	0.00796
16	0.01068	0.00922	0.01107	0.07190	0.01408	0.00753	0.00685	0.01371	0.05235	0.01669	0.00976	0.01135	0.00798	0.00408	0.00398	0.00089	0.00406	0.00331	0.00310	0.73742
