[name]
unknown

[dist]
# distance from previous block
# <min> <max>
0	371

[block]
# block no. 0 follows, 59 sequences, length 116
# corresponding to MSA columns:
# 404-519
name=unknown_A
#
# <colnr> <probs for GDERKNQSTAVLIFYWHMCP>
#	G	D	E	R	K	N	Q	S	T	A	V	L	I	F	Y	W	H	M	C	P
0	0.00733	0.00477	0.00615	0.00566	0.00695	0.00433	0.00430	0.00929	0.01229	0.08658	0.67647	0.03230	0.10882	0.00892	0.00514	0.00140	0.00224	0.00780	0.00485	0.00442
1	0.01536	0.03224	0.02976	0.00992	0.01271	0.32959	0.02283	0.15384	0.10403	0.16515	0.03094	0.02990	0.02031	0.00580	0.01666	0.00138	0.00575	0.00407	0.00360	0.00616
2	0.01177	0.04833	0.18666	0.01028	0.02737	0.03165	0.11207	0.03411	0.02991	0.21849	0.09704	0.05964	0.04903	0.03072	0.00528	0.00150	0.01643	0.02018	0.00356	0.00596
3	0.00538	0.00386	0.00511	0.00611	0.00640	0.00359	0.00408	0.00615	0.00849	0.01129	0.02481	0.82378	0.04703	0.01378	0.00563	0.00179	0.00256	0.01248	0.00410	0.00359
4	0.01093	0.01049	0.01793	0.02711	0.81723	0.01049	0.01355	0.01355	0.01006	0.01443	0.00831	0.01093	0.00700	0.00394	0.00437	0.00131	0.00525	0.00394	0.00219	0.00700
5	0.00991	0.28415	0.52102	0.01171	0.05156	0.01257	0.02521	0.01373	0.00926	0.01287	0.00739	0.00872	0.00570	0.00404	0.00379	0.00125	0.00591	0.00304	0.00189	0.00627
6	0.01061	0.01030	0.01763	0.07362	0.68247	0.01946	0.06207	0.01323	0.00998	0.01407	0.00889	0.04127	0.00771	0.00432	0.00447	0.00135	0.00535	0.00432	0.00225	0.00666
7	0.87598	0.00854	0.00649	0.00581	0.00854	0.00991	0.00478	0.01298	0.00752	0.01982	0.00615	0.00717	0.00478	0.00410	0.00273	0.00137	0.00342	0.00239	0.00273	0.00478
8	0.01650	0.02105	0.01252	0.01138	0.01365	0.82705	0.00853	0.01764	0.01252	0.01081	0.00683	0.00796	0.00569	0.00455	0.00398	0.00114	0.00796	0.00284	0.00228	0.00512
9	0.01730	0.04513	0.01241	0.03556	0.10596	0.02110	0.03311	0.04203	0.04357	0.57397	0.01497	0.01383	0.00988	0.00513	0.00438	0.00135	0.00424	0.00428	0.00460	0.00719
10	0.01954	0.00745	0.01015	0.00783	0.01118	0.00644	0.00645	0.02123	0.01256	0.80481	0.01756	0.03086	0.01128	0.00563	0.00446	0.00137	0.00374	0.00460	0.00544	0.00744
11	0.00538	0.00384	0.00512	0.00615	0.00641	0.00359	0.00410	0.00615	0.00846	0.01127	0.02434	0.84190	0.02921	0.01384	0.00564	0.00179	0.00256	0.01256	0.00410	0.00359
12	0.01463	0.01143	0.01690	0.01271	0.01633	0.09220	0.30916	0.15346	0.05473	0.23559	0.02955	0.01284	0.00901	0.00479	0.00470	0.00139	0.00572	0.00460	0.00367	0.00658
13	0.01488	0.05113	0.25091	0.01001	0.01433	0.02731	0.04314	0.11511	0.02947	0.36139	0.01328	0.01278	0.02574	0.00504	0.00433	0.00136	0.00496	0.00406	0.00386	0.00693
14	0.45529	0.06619	0.10711	0.01974	0.01198	0.23117	0.02500	0.01438	0.00926	0.01586	0.00663	0.00781	0.00524	0.00421	0.00333	0.00129	0.00522	0.00270	0.00243	0.00517
15	0.01221	0.05700	0.01666	0.08348	0.43171	0.23111	0.05208	0.01440	0.01049	0.01287	0.00771	0.01001	0.00644	0.00424	0.00455	0.00129	0.03183	0.00362	0.00217	0.00614
16	0.00673	0.00508	0.00591	0.00587	0.00630	0.02434	0.00394	0.02218	0.00756	0.01000	0.01713	0.12168	0.09126	0.45423	0.16359	0.00402	0.03704	0.00688	0.00292	0.00334
17	0.01085	0.45301	0.24590	0.01013	0.04788	0.01360	0.03856	0.02463	0.00951	0.04099	0.02076	0.02592	0.02180	0.00476	0.01371	0.00124	0.00528	0.00332	0.00221	0.00595
18	0.00932	0.14160	0.66395	0.01183	0.01777	0.01125	0.03158	0.01397	0.02317	0.01360	0.01883	0.00950	0.00626	0.00422	0.00404	0.00134	0.00617	0.00327	0.00196	0.00637
19	0.01982	0.00752	0.01025	0.00786	0.01127	0.00649	0.00649	0.02152	0.01264	0.82029	0.01742	0.01503	0.01093	0.00547	0.00444	0.00137	0.00376	0.00444	0.00547	0.00752
20	0.00551	0.00448	0.00489	0.00481	0.00615	0.00385	0.00360	0.00690	0.01073	0.01356	0.26239	0.05200	0.58447	0.01062	0.00522	0.00147	0.00220	0.00899	0.00432	0.00385
21	0.01234	0.09688	0.07649	0.03894	0.40022	0.02123	0.10255	0.03208	0.02141	0.14093	0.00971	0.01123	0.00740	0.00423	0.00431	0.00131	0.00532	0.00395	0.00273	0.00672
22	0.01078	0.00624	0.00827	0.00728	0.00848	0.00685	0.00566	0.01197	0.00871	0.22227	0.01355	0.02911	0.02649	0.15980	0.15203	0.01946	0.16988	0.00488	0.12349	0.00480
23	0.00631	0.00473	0.00710	0.00710	0.00789	0.00552	0.00552	0.00789	0.00710	0.01025	0.01183	0.01735	0.01104	0.03312	0.82728	0.00710	0.01183	0.00473	0.00237	0.00394
24	0.02866	0.00983	0.01032	0.00907	0.01170	0.01130	0.00712	0.12008	0.69554	0.01966	0.01683	0.01557	0.01257	0.00587	0.00445	0.00147	0.00366	0.00482	0.00445	0.00701
25	0.00974	0.14322	0.56968	0.01246	0.01818	0.01155	0.11181	0.03583	0.02249	0.01393	0.00802	0.00946	0.00592	0.00413	0.00413	0.00134	0.00628	0.00342	0.00203	0.00636
26	0.05755	0.00756	0.01008	0.00777	0.01115	0.00664	0.00642	0.02115	0.01242	0.78501	0.01693	0.01469	0.01066	0.00541	0.00437	0.00137	0.00374	0.00435	0.00535	0.00740
27	0.00523	0.00443	0.00452	0.00459	0.00600	0.00372	0.00341	0.00633	0.00996	0.01189	0.04333	0.09766	0.76119	0.01137	0.00525	0.00151	0.00226	0.00954	0.00410	0.00372
28	0.07120	0.03759	0.09760	0.01187	0.13080	0.13038	0.03913	0.03222	0.04290	0.28403	0.02402	0.02692	0.04139	0.00520	0.00427	0.00134	0.00495	0.00423	0.00357	0.00640
29	0.00538	0.00391	0.00508	0.00599	0.00637	0.00361	0.00404	0.00621	0.00867	0.01145	0.04079	0.75627	0.09892	0.01351	0.00559	0.00176	0.00252	0.01219	0.00411	0.00361
30	0.01199	0.81598	0.02274	0.00770	0.01142	0.04830	0.00759	0.01339	0.00911	0.01041	0.00617	0.00712	0.00567	0.00381	0.00288	0.00095	0.00485	0.00238	0.00190	0.00565
31	0.23537	0.13990	0.06644	0.00872	0.04946	0.05414	0.00729	0.13227	0.02112	0.01705	0.00767	0.00867	0.00610	0.00407	0.00341	0.00110	0.00434	0.00287	0.00274	0.22726
32	0.03218	0.04826	0.07480	0.01570	0.24887	0.18033	0.05982	0.15789	0.08948	0.03633	0.00945	0.01060	0.00732	0.00455	0.00425	0.00130	0.00570	0.00376	0.00289	0.00651
33	0.01650	0.02105	0.01252	0.01138	0.01365	0.82705	0.00853	0.01764	0.01252	0.01081	0.00683	0.00796	0.00569	0.00455	0.00398	0.00114	0.00796	0.00284	0.00228	0.00512
34	0.01026	0.00922	0.01291	0.01105	0.01136	0.01253	0.00918	0.01132	0.00724	0.07320	0.00704	0.01051	0.00649	0.00899	0.05956	0.00218	0.72578	0.00396	0.00223	0.00499
35	0.00621	0.00451	0.00585	0.00552	0.00658	0.00415	0.00414	0.00826	0.01242	0.01751	0.78798	0.03332	0.06872	0.00910	0.00521	0.00139	0.00209	0.00803	0.00484	0.00415
36	0.00537	0.00387	0.00510	0.00609	0.00639	0.00359	0.00407	0.00616	0.00852	0.01130	0.02512	0.81147	0.05914	0.01374	0.00562	0.00178	0.00255	0.01243	0.00410	0.00359
37	0.00633	0.00463	0.00660	0.00660	0.00721	0.00525	0.00489	0.00756	0.00695	0.00988	0.01229	0.01989	0.01215	0.21181	0.65010	0.00648	0.01017	0.00510	0.00243	0.00366
38	0.01679	0.01237	0.01325	0.01016	0.01370	0.01370	0.00839	0.80251	0.02077	0.02783	0.01060	0.01060	0.00751	0.00530	0.00442	0.00133	0.00486	0.00398	0.00442	0.00751
39	0.01650	0.02105	0.01252	0.01138	0.01365	0.82705	0.00853	0.01764	0.01252	0.01081	0.00683	0.00796	0.00569	0.00455	0.00398	0.00114	0.00796	0.00284	0.00228	0.00512
40	0.00834	0.00785	0.01325	0.83417	0.03042	0.00981	0.01227	0.01128	0.00883	0.01128	0.00785	0.01178	0.00589	0.00442	0.00442	0.00147	0.00589	0.00393	0.00196	0.00491
41	0.01679	0.01237	0.01325	0.01016	0.01370	0.01370	0.00839	0.80251	0.02077	0.02783	0.01060	0.01060	0.00751	0.00530	0.00442	0.00133	0.00486	0.00398	0.00442	0.00751
42	0.01982	0.00752	0.01025	0.00786	0.01127	0.00649	0.00649	0.02152	0.01264	0.82029	0.01742	0.01503	0.01093	0.00547	0.00444	0.00137	0.00376	0.00444	0.00547	0.00752
43	0.01982	0.00752	0.01025	0.00786	0.01127	0.00649	0.00649	0.02152	0.01264	0.82029	0.01742	0.01503	0.01093	0.00547	0.00444	0.00137	0.00376	0.00444	0.00547	0.00752
44	0.00668	0.00523	0.00760	0.00739	0.00802	0.00628	0.00572	0.00806	0.00700	0.01015	0.01136	0.01753	0.01091	0.10152	0.66823	0.00629	0.10098	0.00479	0.00235	0.00393
45	0.01855	0.00721	0.00982	0.00768	0.01084	0.00625	0.00628	0.02022	0.01242	0.74755	0.04815	0.05883	0.01306	0.00604	0.00453	0.00139	0.00363	0.00500	0.00537	0.00718
46	0.01093	0.01049	0.01793	0.02711	0.81723	0.01049	0.01355	0.01355	0.01006	0.01443	0.00831	0.01093	0.00700	0.00394	0.00437	0.00131	0.00525	0.00394	0.00219	0.00700
47	0.06835	0.02292	0.02588	0.00849	0.01189	0.00850	0.02400	0.18674	0.01378	0.53504	0.01497	0.03761	0.01010	0.00551	0.00436	0.00137	0.00408	0.00442	0.00485	0.00716
48	0.52466	0.03570	0.10787	0.01945	0.07140	0.06017	0.04554	0.03483	0.00880	0.01751	0.00696	0.00832	0.00542	0.00422	0.00352	0.00135	0.02030	0.00289	0.01576	0.00533
49	0.01190	0.03126	0.04101	0.01919	0.40182	0.21732	0.08833	0.02936	0.01079	0.01342	0.00946	0.05895	0.00853	0.00497	0.00445	0.00133	0.00597	0.03344	0.00242	0.00608
50	0.00632	0.00469	0.00677	0.00680	0.00744	0.00536	0.00511	0.00763	0.00707	0.01008	0.01268	0.06183	0.01260	0.14349	0.66213	0.00636	0.02200	0.00536	0.00249	0.00376
51	0.01157	0.15675	0.24387	0.02329	0.04605	0.04605	0.15509	0.04697	0.02328	0.11264	0.03448	0.02787	0.02064	0.00481	0.00454	0.00134	0.02774	0.00412	0.00273	0.00616
52	0.01037	0.01181	0.17933	0.04055	0.19899	0.02637	0.15591	0.03498	0.01022	0.09416	0.01255	0.18083	0.01154	0.00619	0.00475	0.00147	0.00528	0.00582	0.00290	0.00597
53	0.01942	0.00814	0.01064	0.00816	0.01159	0.00742	0.00674	0.12263	0.01369	0.71770	0.01654	0.01446	0.01049	0.00545	0.00444	0.00136	0.00390	0.00438	0.00533	0.00752
54	0.00538	0.00384	0.00512	0.00615	0.00641	0.00359	0.00410	0.00615	0.00846	0.01127	0.02434	0.84190	0.02921	0.01384	0.00564	0.00179	0.00256	0.01256	0.00410	0.00359
55	0.01013	0.03828	0.50564	0.01469	0.11168	0.04436	0.13269	0.01427	0.00983	0.04841	0.00875	0.02584	0.00661	0.00434	0.00437	0.00139	0.00634	0.00382	0.00217	0.00640
56	0.01181	0.84744	0.02314	0.00756	0.01134	0.01748	0.00756	0.01323	0.00897	0.01039	0.00614	0.00708	0.00567	0.00378	0.00283	0.00094	0.00472	0.00236	0.00189	0.00567
57	0.04496	0.00755	0.01014	0.00780	0.01119	0.00659	0.00644	0.02127	0.01249	0.79678	0.01709	0.01480	0.01075	0.00543	0.00439	0.00137	0.00375	0.00438	0.00539	0.00744
58	0.01000	0.08077	0.62577	0.01214	0.01782	0.09656	0.04442	0.01428	0.00973	0.02270	0.00847	0.00976	0.01971	0.00432	0.00414	0.00134	0.00648	0.00335	0.00200	0.00626
59	0.01072	0.01077	0.03738	0.03522	0.64934	0.01047	0.10316	0.01391	0.04193	0.01448	0.00905	0.01200	0.00753	0.00417	0.00450	0.00136	0.00544	0.01947	0.00231	0.00678
60	0.01181	0.00930	0.01001	0.00888	0.01147	0.01057	0.00694	0.02329	0.73502	0.09319	0.01792	0.01634	0.01324	0.00594	0.00449	0.00149	0.00352	0.00494	0.00458	0.00704
61	0.00584	0.00450	0.00533	0.00512	0.00635	0.00399	0.00384	0.00754	0.01153	0.01540	0.50757	0.03679	0.35044	0.00989	0.00521	0.00143	0.00214	0.00852	0.00456	0.00399
62	0.01311	0.01432	0.25173	0.01268	0.09401	0.02155	0.06751	0.25148	0.07106	0.12070	0.01116	0.03187	0.00822	0.00500	0.00444	0.00138	0.00532	0.00418	0.00339	0.00689
63	0.00537	0.00396	0.00503	0.00586	0.00634	0.00362	0.00398	0.00622	0.00879	0.01149	0.04029	0.69587	0.16041	0.01332	0.00556	0.00174	0.00250	0.01194	0.00411	0.00362
64	0.01266	0.01392	0.01605	0.04635	0.49355	0.28106	0.02703	0.01478	0.01077	0.01304	0.00776	0.00997	0.00650	0.00423	0.00448	0.00128	0.02453	0.00360	0.00220	0.00624
65	0.01017	0.00845	0.00970	0.00702	0.01089	0.00692	0.00565	0.11596	0.01070	0.01617	0.00821	0.00935	0.00667	0.00354	0.00342	0.00074	0.00348	0.00280	0.00286	0.75729
66	0.01205	0.52465	0.01889	0.00900	0.03482	0.06342	0.02307	0.04963	0.19897	0.01326	0.00929	0.00971	0.00765	0.00442	0.00345	0.00112	0.00470	0.00318	0.00265	0.00607
67	0.00767	0.00384	0.00575	0.00575	0.00575	0.00384	0.00384	0.00575	0.00575	0.00767	0.00767	0.01343	0.00767	0.01534	0.01726	0.87150	0.00384	0.00384	0.00192	0.00192
68	0.13430	0.00869	0.00988	0.00762	0.01101	0.00829	0.00622	0.17829	0.02737	0.27363	0.03904	0.01200	0.00922	0.00475	0.00389	0.00116	0.00374	0.00367	0.00402	0.25321
69	0.01087	0.01043	0.01782	0.04540	0.79940	0.01048	0.01353	0.01350	0.01003	0.01436	0.00830	0.01095	0.00697	0.00395	0.00437	0.00132	0.00526	0.00393	0.00218	0.00695
70	0.83461	0.00849	0.00667	0.00591	0.00867	0.00974	0.00487	0.01340	0.00776	0.05850	0.00669	0.00755	0.00508	0.00417	0.00282	0.00137	0.00343	0.00249	0.00287	0.00492
71	0.00631	0.00472	0.00705	0.00705	0.00782	0.00550	0.00546	0.00786	0.00708	0.01022	0.01187	0.01759	0.01114	0.04975	0.81079	0.00704	0.01168	0.00477	0.00237	0.00392
72	0.01679	0.01237	0.01325	0.01016	0.01370	0.01370	0.00839	0.80251	0.02077	0.02783	0.01060	0.01060	0.00751	0.00530	0.00442	0.00133	0.00486	0.00398	0.00442	0.00751
73	0.00834	0.00785	0.01325	0.83417	0.03042	0.00981	0.01227	0.01128	0.00883	0.01128	0.00785	0.01178	0.00589	0.00442	0.00442	0.00147	0.00589	0.00393	0.00196	0.00491
74	0.01044	0.00987	0.01671	0.04867	0.71942	0.00992	0.01281	0.01297	0.00997	0.01415	0.00973	0.04472	0.00882	0.00478	0.00452	0.00137	0.00510	0.04705	0.00236	0.00665
75	0.82468	0.00848	0.00672	0.00593	0.00871	0.00970	0.00489	0.01349	0.00782	0.06778	0.00683	0.00765	0.00515	0.00418	0.00284	0.00137	0.00344	0.00251	0.00290	0.00495
76	0.01646	0.01062	0.01191	0.00936	0.01264	0.01137	0.00765	0.49964	0.11453	0.21350	0.01352	0.03678	0.00968	0.00568	0.00447	0.00137	0.00437	0.00446	0.00467	0.00733
77	0.01883	0.00751	0.01009	0.00780	0.01107	0.00662	0.00642	0.05116	0.01295	0.73789	0.06830	0.01601	0.01277	0.00569	0.00449	0.00137	0.00369	0.00465	0.00539	0.00730
78	0.00722	0.00451	0.00634	0.00672	0.00747	0.00415	0.02779	0.00819	0.00901	0.10639	0.02308	0.72040	0.02640	0.01256	0.00548	0.00173	0.00285	0.01139	0.00421	0.00412
79	0.01724	0.00766	0.01004	0.00791	0.01085	0.00719	0.00646	0.09423	0.01278	0.60086	0.05999	0.01660	0.03552	0.03049	0.02488	0.00161	0.03902	0.00477	0.00499	0.00689
80	0.10918	0.00528	0.00696	0.00676	0.00783	0.00596	0.00520	0.00905	0.00737	0.05345	0.01166	0.01718	0.01080	0.10909	0.60739	0.00585	0.00967	0.00461	0.00260	0.00410
81	0.00550	0.00393	0.00526	0.00628	0.00659	0.00369	0.00430	0.00635	0.00857	0.01140	0.02428	0.78919	0.02896	0.01373	0.00567	0.00181	0.00266	0.06412	0.00410	0.00362
82	0.56698	0.04522	0.07138	0.02110	0.04874	0.06433	0.02571	0.03087	0.00861	0.03403	0.00684	0.00810	0.00534	0.00433	0.00371	0.00136	0.04273	0.00279	0.00261	0.00523
83	0.00953	0.08221	0.01505	0.55961	0.19131	0.04536	0.01196	0.01219	0.00925	0.01184	0.00775	0.01103	0.00609	0.00427	0.00425	0.00138	0.00574	0.00374	0.00202	0.00542
84	0.00713	0.00576	0.00810	0.04675	0.04205	0.00641	0.02141	0.02748	0.03864	0.01149	0.02681	0.18371	0.06439	0.12851	0.28967	0.00386	0.07396	0.00670	0.00296	0.00418
85	0.01103	0.39233	0.13837	0.05118	0.09184	0.03420	0.00962	0.02283	0.00968	0.05433	0.02405	0.01371	0.00891	0.00515	0.00416	0.00126	0.03075	0.08840	0.00244	0.00577
86	0.01006	0.12620	0.60199	0.01293	0.08729	0.01098	0.01438	0.01430	0.00954	0.06098	0.00829	0.00951	0.00604	0.00419	0.00405	0.00133	0.00602	0.00328	0.00211	0.00652
87	0.01869	0.00933	0.01137	0.00872	0.01218	0.00918	0.00720	0.31258	0.01567	0.52495	0.01488	0.01338	0.00966	0.00541	0.00443	0.00135	0.00417	0.00427	0.00508	0.00751
88	0.00622	0.00476	0.00515	0.00505	0.00631	0.00429	0.00369	0.03149	0.00979	0.02938	0.06020	0.06103	0.54530	0.15098	0.03155	0.00213	0.00303	0.03200	0.00388	0.00378
89	0.01151	0.05006	0.29155	0.04550	0.19244	0.02821	0.02279	0.02964	0.06280	0.14492	0.01077	0.02950	0.00814	0.00560	0.02972	0.00154	0.00550	0.00400	0.01928	0.00651
90	0.01696	0.00787	0.00993	0.00800	0.01107	0.00754	0.00648	0.02146	0.21804	0.57581	0.03210	0.01578	0.01217	0.00566	0.00443	0.00139	0.00361	0.00464	0.02984	0.00722
91	0.00631	0.00471	0.00701	0.00701	0.00776	0.00547	0.00541	0.00783	0.00707	0.01018	0.01191	0.01782	0.01125	0.06610	0.79458	0.00698	0.01152	0.00480	0.00238	0.00389
92	0.02975	0.03194	0.45217	0.03096	0.03683	0.17398	0.09109	0.05993	0.02708	0.01427	0.00811	0.00954	0.00602	0.00431	0.00423	0.00135	0.00661	0.00345	0.00221	0.00618
93	0.01106	0.05659	0.26570	0.05239	0.31493	0.01074	0.01263	0.05743	0.09970	0.06195	0.00979	0.01111	0.00743	0.00442	0.00426	0.00135	0.00534	0.00380	0.00263	0.00675
94	0.85472	0.00864	0.00666	0.00592	0.00867	0.01000	0.00487	0.03252	0.00784	0.02001	0.00626	0.00726	0.00485	0.00413	0.00277	0.00137	0.00345	0.00243	0.00277	0.00485
95	0.00538	0.00386	0.00511	0.00611	0.00640	0.00359	0.00408	0.00615	0.00849	0.01129	0.02483	0.82289	0.04791	0.01377	0.00563	0.00179	0.00255	0.01248	0.00410	0.00359
96	0.00960	0.01322	0.22988	0.08007	0.28354	0.00990	0.18102	0.01317	0.02250	0.01392	0.02132	0.05422	0.00887	0.00490	0.00465	0.00144	0.00585	0.03343	0.00233	0.00617
97	0.00613	0.00469	0.00621	0.02606	0.00744	0.00491	0.00477	0.00718	0.00847	0.01147	0.07388	0.40069	0.10721	0.09235	0.11510	0.00266	0.06734	0.03178	0.01791	0.00375
98	0.01103	0.62971	0.23405	0.00889	0.01339	0.01557	0.00987	0.01343	0.00907	0.01134	0.00661	0.00768	0.00565	0.00389	0.00319	0.00106	0.00520	0.00260	0.00188	0.00589
99	0.00913	0.00785	0.00931	0.03805	0.01123	0.00604	0.00550	0.01113	0.00915	0.01427	0.00785	0.00926	0.00652	0.00331	0.00331	0.00069	0.00337	0.00267	0.00259	0.83878
100	0.03639	0.12984	0.08915	0.02680	0.02768	0.33152	0.05538	0.14073	0.08288	0.02638	0.00871	0.00957	0.00679	0.00460	0.00402	0.00124	0.00621	0.00337	0.00277	0.00597
101	0.01651	0.02080	0.01254	0.01134	0.01366	0.80347	0.00853	0.04039	0.01276	0.01130	0.00694	0.00804	0.00574	0.00457	0.00399	0.00114	0.00787	0.00288	0.00234	0.00519
102	0.01308	0.00996	0.10588	0.03607	0.03334	0.00811	0.15123	0.04037	0.05159	0.31100	0.08581	0.01688	0.06996	0.00567	0.00481	0.00140	0.01788	0.00504	0.00392	0.02801
103	0.01037	0.01016	0.02048	0.01498	0.01874	0.00946	0.56401	0.01375	0.03401	0.07866	0.04755	0.05068	0.07019	0.00513	0.00509	0.00146	0.00609	0.00581	0.00290	0.03046
104	0.00556	0.00406	0.00527	0.00617	0.00659	0.00383	0.00422	0.00668	0.02843	0.01156	0.02547	0.74508	0.07937	0.01342	0.00560	0.00177	0.00261	0.03650	0.00411	0.00370
105	0.01057	0.00875	0.01494	0.14332	0.35045	0.00882	0.10584	0.02362	0.01008	0.10516	0.01230	0.15373	0.01126	0.00596	0.00473	0.00145	0.00496	0.01516	0.00291	0.00600
106	0.02636	0.14976	0.25324	0.01243	0.02742	0.01201	0.20092	0.14778	0.04721	0.06731	0.00936	0.01047	0.00689	0.00436	0.00426	0.00134	0.00580	0.00385	0.00275	0.00648
107	0.68537	0.01988	0.00775	0.00650	0.00934	0.01008	0.00536	0.10182	0.00938	0.07789	0.00760	0.00837	0.00570	0.00505	0.02345	0.00150	0.00383	0.00277	0.00310	0.00528
108	0.00601	0.00481	0.00729	0.07917	0.00966	0.00468	0.06095	0.00722	0.00879	0.01165	0.03991	0.65475	0.06396	0.01207	0.00547	0.00172	0.00317	0.01103	0.00380	0.00389
109	0.01308	0.01266	0.19325	0.08972	0.08062	0.03781	0.15841	0.06670	0.01134	0.24512	0.01155	0.02878	0.00836	0.00487	0.00456	0.00141	0.00557	0.01643	0.00326	0.00651
110	0.02177	0.10111	0.66240	0.01238	0.01839	0.01108	0.06965	0.02919	0.00956	0.01400	0.00785	0.00928	0.00570	0.00414	0.00412	0.00136	0.00634	0.00331	0.00195	0.00640
111	0.00703	0.00487	0.00611	0.00570	0.00696	0.00451	0.00430	0.02602	0.02451	0.05567	0.60588	0.07076	0.14239	0.00925	0.00517	0.00142	0.00229	0.00808	0.00474	0.00436
112	0.01000	0.00994	0.04645	0.21434	0.40502	0.01018	0.03574	0.01414	0.12086	0.01408	0.01030	0.01391	0.00853	0.00485	0.00470	0.00143	0.02099	0.04574	0.00254	0.00625
113	0.01513	0.02294	0.03235	0.05551	0.11085	0.08524	0.08060	0.06042	0.03168	0.36695	0.03165	0.01428	0.02503	0.00529	0.00477	0.00138	0.02861	0.01679	0.00391	0.00660
114	0.03760	0.01070	0.03850	0.08761	0.01909	0.01025	0.40224	0.10342	0.05060	0.13598	0.02444	0.01295	0.01910	0.00454	0.00477	0.00143	0.00589	0.00475	0.00313	0.02302
115	0.00983	0.00861	0.04294	0.07329	0.24300	0.03292	0.07568	0.01213	0.01043	0.09164	0.12135	0.11965	0.03139	0.00699	0.00488	0.00148	0.00451	0.08662	0.00331	0.01937

[dist]
# distance from previous block
# <min> <max>
9	93

[block]
# block no. 1 follows, 59 sequences, length 8
# corresponding to MSA columns:
# 620-627
name=unknown_B
#
# <colnr> <probs for GDERKNQSTAVLIFYWHMCP>
#	G	D	E	R	K	N	Q	S	T	A	V	L	I	F	Y	W	H	M	C	P
0	0.00694	0.00503	0.00687	0.00779	0.00885	0.00496	0.00677	0.00889	0.01016	0.01310	0.02538	0.04914	0.09929	0.01211	0.00602	0.00198	0.00390	0.71474	0.00407	0.00404
1	0.01091	0.59639	0.26633	0.00909	0.01370	0.01528	0.01022	0.01346	0.00908	0.01149	0.00668	0.00777	0.00565	0.00391	0.00325	0.00108	0.00527	0.00264	0.00188	0.00593
2	0.00929	0.00754	0.00829	0.00747	0.00945	0.00816	0.00577	0.09206	0.38011	0.01809	0.24440	0.05172	0.12384	0.00771	0.00482	0.00146	0.00304	0.00654	0.00453	0.00572
3	0.01207	0.45445	0.18387	0.00911	0.01327	0.10675	0.00932	0.05985	0.01025	0.03539	0.00728	0.00822	0.00597	0.00405	0.00341	0.00107	0.00534	0.00277	0.00223	0.06531
4	0.01033	0.00976	0.05881	0.00980	0.06749	0.00811	0.06660	0.12063	0.01075	0.01588	0.00850	0.01042	0.00698	0.03416	0.00474	0.00107	0.02979	0.00330	0.00274	0.52012
5	0.02706	0.00883	0.04274	0.00816	0.01152	0.00755	0.05226	0.10544	0.03959	0.01597	0.03339	0.01586	0.04712	0.00520	0.00432	0.00108	0.02737	0.07952	0.00310	0.46391
6	0.01110	0.02619	0.05237	0.02535	0.08153	0.06244	0.12596	0.08993	0.07044	0.06738	0.04240	0.03637	0.01021	0.00719	0.06450	0.00171	0.03446	0.02645	0.00307	0.16097
7	0.07036	0.02424	0.01252	0.03078	0.01316	0.00922	0.12370	0.12340	0.11095	0.05500	0.01024	0.01157	0.00798	0.00684	0.07433	0.00167	0.03157	0.00381	0.00312	0.27554

[dist]
# distance from previous block
# <min> <max>
6	24

[block]
# block no. 2 follows, 59 sequences, length 7
# corresponding to MSA columns:
# 652-658
name=unknown_C
#
# <colnr> <probs for GDERKNQSTAVLIFYWHMCP>
#	G	D	E	R	K	N	Q	S	T	A	V	L	I	F	Y	W	H	M	C	P
0	0.01029	0.04494	0.21722	0.02891	0.28062	0.02796	0.02991	0.02901	0.02386	0.04311	0.03701	0.01207	0.03488	0.00443	0.00415	0.00122	0.00503	0.00383	0.00252	0.15903
1	0.01055	0.11101	0.14154	0.01447	0.25504	0.03091	0.02895	0.05246	0.02712	0.01450	0.00846	0.01055	0.00698	0.00406	0.00390	0.00111	0.00487	0.01893	0.00242	0.25219
2	0.05584	0.01383	0.26916	0.03776	0.14975	0.07579	0.01077	0.01320	0.02485	0.03172	0.03084	0.01427	0.02740	0.00500	0.00418	0.00128	0.00514	0.06601	0.00257	0.16064
3	0.03599	0.30184	0.24307	0.00910	0.01286	0.03113	0.03811	0.01212	0.00921	0.01259	0.07712	0.04714	0.01043	0.00848	0.10753	0.00195	0.00591	0.00395	0.00236	0.02910
4	0.01089	0.21254	0.26319	0.01041	0.04445	0.05246	0.03415	0.04095	0.09020	0.04129	0.03009	0.01041	0.00782	0.00434	0.00384	0.00118	0.00511	0.00338	0.00257	0.13071
5	0.04172	0.30143	0.14925	0.00987	0.01347	0.28575	0.00926	0.06979	0.05768	0.01311	0.00766	0.00854	0.00622	0.00435	0.00364	0.00116	0.00600	0.00294	0.00237	0.00580
6	0.00609	0.00446	0.00574	0.00636	0.00711	0.00417	0.00459	0.00752	0.03015	0.01237	0.06110	0.57019	0.06228	0.01223	0.00543	0.00170	0.00278	0.11583	0.02545	0.05446

[dist]
# distance from previous block
# <min> <max>
6	9

[block]
# block no. 3 follows, 59 sequences, length 35
# corresponding to MSA columns:
# 668-702
name=unknown_D
#
# <colnr> <probs for GDERKNQSTAVLIFYWHMCP>
#	G	D	E	R	K	N	Q	S	T	A	V	L	I	F	Y	W	H	M	C	P
0	0.04862	0.00755	0.01012	0.00779	0.01118	0.00661	0.00643	0.02124	0.01247	0.79336	0.01704	0.01477	0.01073	0.00542	0.00438	0.00137	0.00375	0.00437	0.00537	0.00742
1	0.00858	0.00748	0.01214	0.07794	0.32048	0.00745	0.05484	0.01072	0.02342	0.03333	0.01739	0.26456	0.08159	0.00807	0.00498	0.00154	0.00424	0.05278	0.00313	0.00533
2	0.01155	0.01247	0.16120	0.07501	0.28659	0.06306	0.09445	0.01465	0.02755	0.12953	0.02723	0.02383	0.04316	0.00484	0.00449	0.00137	0.00546	0.00439	0.00280	0.00636
3	0.00937	0.02127	0.73905	0.01224	0.01839	0.00990	0.03412	0.01421	0.00950	0.05045	0.00859	0.00988	0.00605	0.00427	0.00419	0.00139	0.00628	0.00339	0.03097	0.00648
4	0.01093	0.01049	0.01793	0.02711	0.81723	0.01049	0.01355	0.01355	0.01006	0.01443	0.00831	0.01093	0.00700	0.00394	0.00437	0.00131	0.00525	0.00394	0.00219	0.00700
5	0.01051	0.21468	0.39105	0.01304	0.09478	0.08527	0.07770	0.01394	0.00975	0.01295	0.01875	0.01007	0.00669	0.00427	0.00400	0.00128	0.00608	0.01702	0.00205	0.00612
6	0.00839	0.00613	0.02364	0.04243	0.04852	0.02608	0.03485	0.00967	0.00924	0.11993	0.01996	0.55899	0.02200	0.01084	0.00561	0.00167	0.03394	0.00969	0.00387	0.00456
7	0.87598	0.00854	0.00649	0.00581	0.00854	0.00991	0.00478	0.01298	0.00752	0.01982	0.00615	0.00717	0.00478	0.00410	0.00273	0.00137	0.00342	0.00239	0.00273	0.00478
8	0.01650	0.02105	0.01252	0.01138	0.01365	0.82705	0.00853	0.01764	0.01252	0.01081	0.00683	0.00796	0.00569	0.00455	0.00398	0.00114	0.00796	0.00284	0.00228	0.00512
9	0.01206	0.14377	0.42651	0.01070	0.01569	0.03575	0.03445	0.03239	0.04037	0.18051	0.02098	0.01081	0.00757	0.00455	0.00409	0.00132	0.00554	0.00356	0.00283	0.00655
10	0.01607	0.00783	0.04891	0.00754	0.01044	0.00663	0.00633	0.06858	0.01193	0.54015	0.03857	0.01673	0.01195	0.10337	0.02260	0.00179	0.00402	0.00467	0.06537	0.00650
11	0.00631	0.00473	0.00710	0.00710	0.00789	0.00552	0.00552	0.00789	0.00710	0.01025	0.01183	0.01735	0.01104	0.03312	0.82728	0.00710	0.01183	0.00473	0.00237	0.00394
12	0.01093	0.01049	0.01793	0.02711	0.81723	0.01049	0.01355	0.01355	0.01006	0.01443	0.00831	0.01093	0.00700	0.00394	0.00437	0.00131	0.00525	0.00394	0.00219	0.00700
13	0.01071	0.01037	0.01799	0.08662	0.71843	0.01048	0.05349	0.01342	0.00998	0.01418	0.00831	0.01104	0.00690	0.00396	0.00442	0.00133	0.00541	0.00400	0.00217	0.00679
14	0.01071	0.01027	0.01753	0.09643	0.74965	0.01044	0.01344	0.01336	0.00995	0.01416	0.00827	0.01100	0.00690	0.00398	0.00438	0.00133	0.00530	0.00393	0.00217	0.00682
15	0.03191	0.43020	0.13352	0.01005	0.04278	0.21774	0.00926	0.05597	0.01054	0.01228	0.00688	0.00795	0.00579	0.00412	0.00345	0.00110	0.00579	0.00275	0.00214	0.00578
16	0.00642	0.00428	0.00482	0.00482	0.00482	0.00428	0.00268	0.00642	0.00642	0.00856	0.01392	0.02890	0.01606	0.84478	0.02248	0.00428	0.00428	0.00642	0.00268	0.00268
17	0.01054	0.24050	0.51210	0.01116	0.01657	0.03959	0.03938	0.01432	0.00956	0.05651	0.00796	0.00908	0.00594	0.00415	0.00387	0.00127	0.00598	0.00314	0.00209	0.00629
18	0.01226	0.04936	0.20348	0.01168	0.08898	0.19290	0.00996	0.04462	0.17417	0.07637	0.06556	0.01263	0.01032	0.00505	0.00425	0.00131	0.00539	0.00397	0.00311	0.02462
19	0.01982	0.00752	0.01025	0.00786	0.01127	0.00649	0.00649	0.02152	0.01264	0.82029	0.01742	0.01503	0.01093	0.00547	0.00444	0.00137	0.00376	0.00444	0.00547	0.00752
20	0.00533	0.00403	0.00493	0.00565	0.00627	0.00363	0.00388	0.00621	0.00894	0.01147	0.03046	0.60236	0.26481	0.01304	0.00551	0.00170	0.00246	0.01159	0.00410	0.00363
21	0.01064	0.02512	0.14051	0.03719	0.27169	0.03790	0.14003	0.07225	0.05163	0.03594	0.07410	0.06137	0.01116	0.00520	0.00460	0.00139	0.00534	0.00487	0.00283	0.00624
22	0.00947	0.00928	0.01294	0.01115	0.01119	0.01289	0.00924	0.01045	0.00682	0.01070	0.00634	0.01048	0.00630	0.02849	0.03490	0.00210	0.77663	0.00395	0.02194	0.00474
23	0.00631	0.00473	0.00710	0.00710	0.00789	0.00552	0.00552	0.00789	0.00710	0.01025	0.01183	0.01735	0.01104	0.03312	0.82728	0.00710	0.01183	0.00473	0.00237	0.00394
24	0.01410	0.01758	0.05507	0.02696	0.06270	0.52009	0.09291	0.01694	0.09153	0.01227	0.00843	0.00996	0.00684	0.01933	0.00479	0.00132	0.02770	0.00350	0.00246	0.00553
25	0.01163	0.01056	0.04356	0.10171	0.53344	0.02517	0.05694	0.01449	0.02789	0.10196	0.00942	0.01151	0.00735	0.00427	0.00461	0.00136	0.02083	0.00404	0.00256	0.00670
26	0.01974	0.00764	0.01032	0.00792	0.01133	0.00667	0.00654	0.04095	0.01284	0.80058	0.01725	0.01492	0.01085	0.00546	0.00444	0.00137	0.00379	0.00443	0.00544	0.00752
27	0.00602	0.00469	0.00591	0.02227	0.03399	0.00429	0.00446	0.00763	0.01091	0.01452	0.38115	0.14550	0.29576	0.01025	0.00526	0.00150	0.00245	0.03507	0.00433	0.00405
28	0.00899	0.02195	0.75649	0.01308	0.01944	0.01033	0.08082	0.01400	0.00942	0.01400	0.00801	0.00954	0.00569	0.00416	0.00428	0.00141	0.00660	0.00342	0.00190	0.00648
29	0.00727	0.00644	0.00889	0.00840	0.00873	0.00785	0.02024	0.00819	0.00780	0.01096	0.01738	0.35830	0.08404	0.05038	0.03761	0.00211	0.34014	0.00809	0.00307	0.00411
30	0.01123	0.69533	0.08092	0.00785	0.01160	0.03945	0.00795	0.01290	0.00913	0.01076	0.00870	0.00958	0.05388	0.00485	0.01929	0.00114	0.00494	0.00290	0.00204	0.00557
31	0.01052	0.00829	0.00963	0.00698	0.01084	0.00671	0.00562	0.09152	0.01052	0.06055	0.00866	0.00963	0.00688	0.00360	0.00345	0.00076	0.00346	0.00286	0.00296	0.73656
32	0.03586	0.00988	0.01005	0.00904	0.01148	0.04056	0.00704	0.02268	0.74032	0.01807	0.01697	0.01576	0.01279	0.00592	0.00464	0.00149	0.02149	0.00482	0.00431	0.00681
33	0.01111	0.58959	0.24890	0.00909	0.01361	0.03941	0.01007	0.01357	0.00918	0.01142	0.00667	0.00774	0.00565	0.00392	0.00325	0.00108	0.00533	0.00263	0.00189	0.00589
34	0.00540	0.00453	0.00473	0.00483	0.00628	0.00386	0.00372	0.00661	0.01008	0.01206	0.04266	0.04322	0.73854	0.01128	0.00531	0.00154	0.00242	0.08507	0.00410	0.00376

[dist]
# distance from previous block
# <min> <max>
0	1

[block]
# block no. 4 follows, 59 sequences, length 89
# corresponding to MSA columns:
# 704-709,736-759,766-775,806-823,829-839,869-888
name=unknown_E
#
# <colnr> <probs for GDERKNQSTAVLIFYWHMCP>
#	G	D	E	R	K	N	Q	S	T	A	V	L	I	F	Y	W	H	M	C	P
0	0.01015	0.00865	0.00913	0.00830	0.01059	0.00982	0.00643	0.02082	0.67907	0.01766	0.04212	0.03436	0.08991	0.00669	0.00457	0.00149	0.00329	0.00560	0.02487	0.00648
1	0.00638	0.00447	0.00575	0.00575	0.00607	0.00479	0.00384	0.00702	0.00670	0.00925	0.01307	0.02419	0.01401	0.51379	0.35067	0.00543	0.00736	0.00573	0.00255	0.00319
2	0.00644	0.00506	0.00765	0.03391	0.00881	0.00569	0.03174	0.00784	0.00757	0.01064	0.01461	0.22914	0.01532	0.05174	0.49690	0.00503	0.04843	0.00675	0.00278	0.00395
3	0.01346	0.01570	0.01065	0.00993	0.01183	0.52773	0.00739	0.04126	0.10424	0.01235	0.01204	0.18969	0.01175	0.00675	0.00441	0.00133	0.00618	0.00523	0.00300	0.00508
4	0.01650	0.02105	0.01252	0.01138	0.01365	0.82705	0.00853	0.01764	0.01252	0.01081	0.00683	0.00796	0.00569	0.00455	0.00398	0.00114	0.00796	0.00284	0.00228	0.00512
5	0.00552	0.00440	0.00498	0.00526	0.00641	0.00386	0.00393	0.00673	0.00994	0.01239	0.10259	0.21086	0.51143	0.01166	0.00539	0.00160	0.00246	0.08267	0.00416	0.00377
6	0.01982	0.00752	0.01025	0.00786	0.01127	0.00649	0.00649	0.02152	0.01264	0.82029	0.01742	0.01503	0.01093	0.00547	0.00444	0.00137	0.00376	0.00444	0.00547	0.00752
7	0.01982	0.00752	0.01025	0.00786	0.01127	0.00649	0.00649	0.02152	0.01264	0.82029	0.01742	0.01503	0.01093	0.00547	0.00444	0.00137	0.00376	0.00444	0.00547	0.00752
8	0.00625	0.00451	0.00590	0.00556	0.00660	0.00417	0.00417	0.00833	0.01250	0.01771	0.81490	0.03299	0.04167	0.00903	0.00521	0.00139	0.00208	0.00799	0.00486	0.00417
9	0.00646	0.00489	0.00713	0.00705	0.00773	0.00572	0.00540	0.00785	0.00702	0.01010	0.01180	0.01821	0.01134	0.11480	0.71201	0.00660	0.04481	0.00487	0.00238	0.00385
10	0.00642	0.00428	0.00482	0.00482	0.00482	0.00428	0.00268	0.00642	0.00642	0.00856	0.01392	0.02890	0.01606	0.84478	0.02248	0.00428	0.00428	0.00642	0.00268	0.00268
11	0.00886	0.02285	0.82190	0.01259	0.01912	0.01026	0.01632	0.01399	0.00932	0.01399	0.00793	0.00932	0.00559	0.00420	0.00420	0.00140	0.00653	0.00326	0.00186	0.00653
12	0.00985	0.01100	0.03484	0.14702	0.04216	0.01055	0.60376	0.01332	0.01008	0.01359	0.00953	0.03952	0.00768	0.00435	0.00508	0.00150	0.00691	0.02127	0.00228	0.00571
13	0.01087	0.01043	0.01782	0.04622	0.79860	0.01048	0.01352	0.01350	0.01003	0.01435	0.00830	0.01095	0.00697	0.00395	0.00437	0.00132	0.00526	0.00393	0.00218	0.00695
14	0.00978	0.13187	0.63008	0.01214	0.01802	0.02152	0.06424	0.01417	0.00949	0.03795	0.00803	0.00934	0.00584	0.00415	0.00408	0.00134	0.00628	0.00330	0.00201	0.00639
15	0.00636	0.00464	0.00673	0.00673	0.00738	0.00530	0.00506	0.00762	0.00697	0.00994	0.01205	0.01899	0.01172	0.15445	0.68809	0.02641	0.01052	0.00497	0.00240	0.00371
16	0.01003	0.18510	0.38671	0.05974	0.07068	0.03487	0.10904	0.01380	0.02429	0.01309	0.00782	0.00953	0.00603	0.00414	0.00425	0.00130	0.02266	0.00341	0.00203	0.03146
17	0.01064	0.02456	0.12552	0.05187	0.63238	0.01061	0.04136	0.02483	0.01007	0.01438	0.00826	0.01072	0.00675	0.00400	0.00436	0.00133	0.00550	0.00387	0.00216	0.00681
18	0.00844	0.00432	0.00434	0.00426	0.00536	0.00435	0.00322	0.02972	0.00954	0.01674	0.01431	0.01632	0.01123	0.00515	0.00312	0.00104	0.00213	0.00411	0.84810	0.00420
19	0.00522	0.00447	0.00447	0.00447	0.00597	0.00373	0.00336	0.00634	0.01007	0.01193	0.04474	0.04250	0.81544	0.01119	0.00522	0.00149	0.00224	0.00932	0.00410	0.00373
20	0.01248	0.05887	0.21624	0.02958	0.29937	0.01015	0.02610	0.06551	0.03687	0.17285	0.01044	0.01140	0.00763	0.00447	0.00426	0.00133	0.00516	0.00384	0.01659	0.00684
21	0.00961	0.01590	0.34486	0.01526	0.02035	0.01048	0.42095	0.01410	0.03822	0.01416	0.01013	0.01254	0.03045	0.00435	0.00479	0.00146	0.00673	0.01727	0.00225	0.00613
22	0.00823	0.00412	0.00412	0.00412	0.00515	0.00412	0.00309	0.01029	0.00926	0.01647	0.01441	0.01647	0.01132	0.00515	0.00309	0.00103	0.00206	0.00412	0.86930	0.00412
23	0.00907	0.02134	0.72253	0.01378	0.07629	0.01038	0.03892	0.01388	0.00935	0.01395	0.00793	0.00952	0.00573	0.00424	0.00447	0.00141	0.02541	0.00338	0.00190	0.00651
24	0.01095	0.01065	0.01793	0.04159	0.74019	0.02378	0.04615	0.01380	0.02579	0.01438	0.00849	0.01105	0.00707	0.00399	0.00440	0.00132	0.00536	0.00399	0.00223	0.00688
25	0.36542	0.00793	0.00873	0.00703	0.01017	0.00787	0.00580	0.01808	0.01057	0.49716	0.01287	0.01186	0.00845	0.00491	0.00375	0.00137	0.00362	0.00361	0.00436	0.00641
26	0.00537	0.00448	0.00468	0.00463	0.00606	0.00379	0.00347	0.00662	0.01041	0.01275	0.15421	0.04115	0.70546	0.01088	0.00522	0.00148	0.00222	0.00913	0.00421	0.00379
27	0.00983	0.22282	0.60862	0.01125	0.01704	0.01192	0.01396	0.01398	0.00932	0.03221	0.00772	0.00892	0.00574	0.00412	0.00387	0.00129	0.00602	0.00307	0.00196	0.00634
28	0.00570	0.00454	0.00512	0.00503	0.00631	0.00400	0.00375	0.00735	0.02419	0.01414	0.32748	0.07675	0.47905	0.01043	0.00522	0.00147	0.00222	0.00891	0.00439	0.00394
29	0.87598	0.00854	0.00649	0.00581	0.00854	0.00991	0.00478	0.01298	0.00752	0.01982	0.00615	0.00717	0.00478	0.00410	0.00273	0.00137	0.00342	0.00239	0.00273	0.00478
30	0.00834	0.00785	0.01325	0.83417	0.03042	0.00981	0.01227	0.01128	0.00883	0.01128	0.00785	0.01178	0.00589	0.00442	0.00442	0.00147	0.00589	0.00393	0.00196	0.00491
31	0.00886	0.02285	0.82190	0.01259	0.01912	0.01026	0.01632	0.01399	0.00932	0.01399	0.00793	0.00932	0.00559	0.00420	0.00420	0.00140	0.00653	0.00326	0.00186	0.00653
32	0.01651	0.02073	0.01254	0.01133	0.01366	0.79747	0.00853	0.04619	0.01282	0.01143	0.00696	0.00806	0.00576	0.00458	0.00400	0.00114	0.00785	0.00289	0.00235	0.00521
33	0.00834	0.00785	0.01325	0.83417	0.03042	0.00981	0.01227	0.01128	0.00883	0.01128	0.00785	0.01178	0.00589	0.00442	0.00442	0.00147	0.00589	0.00393	0.00196	0.00491
34	0.01982	0.00752	0.01025	0.00786	0.01127	0.00649	0.00649	0.02152	0.01264	0.82029	0.01742	0.01503	0.01093	0.00547	0.00444	0.00137	0.00376	0.00444	0.00547	0.00752
35	0.01181	0.84744	0.02314	0.00756	0.01134	0.01748	0.00756	0.01323	0.00897	0.01039	0.00614	0.00708	0.00567	0.00378	0.00283	0.00094	0.00472	0.00236	0.00189	0.00567
36	0.00642	0.00431	0.00495	0.00495	0.00499	0.00435	0.00284	0.00651	0.00646	0.00866	0.01380	0.02824	0.01577	0.79858	0.06829	0.00444	0.00471	0.00633	0.00266	0.00275
37	0.01093	0.01046	0.01769	0.02658	0.79367	0.01051	0.01336	0.01384	0.03343	0.01455	0.00859	0.01109	0.00719	0.00400	0.00438	0.00132	0.00520	0.00397	0.00225	0.00700
38	0.00543	0.00391	0.00516	0.00613	0.00647	0.00364	0.00416	0.00625	0.00858	0.01136	0.02525	0.78113	0.06522	0.01367	0.00563	0.00179	0.00259	0.03592	0.00410	0.00361
39	0.00522	0.00447	0.00447	0.00447	0.00597	0.00373	0.00336	0.00634	0.01007	0.01193	0.04474	0.04250	0.81544	0.01119	0.00522	0.00149	0.00224	0.00932	0.00410	0.00373
40	0.06383	0.00789	0.01025	0.00790	0.01129	0.00714	0.00653	0.07275	0.01291	0.72652	0.01639	0.01433	0.01039	0.00538	0.00435	0.00136	0.00381	0.00430	0.00526	0.00737
41	0.01093	0.01049	0.01793	0.02711	0.81723	0.01049	0.01355	0.01355	0.01006	0.01443	0.00831	0.01093	0.00700	0.00394	0.00437	0.00131	0.00525	0.00394	0.00219	0.00700
42	0.01946	0.00808	0.01060	0.00813	0.01156	0.00733	0.00671	0.11259	0.01359	0.72789	0.01663	0.01452	0.01053	0.00545	0.00444	0.00136	0.00389	0.00439	0.00534	0.00752
43	0.00628	0.00422	0.00486	0.00500	0.00504	0.00419	0.00287	0.00639	0.00670	0.00894	0.01536	0.14136	0.01788	0.72984	0.02015	0.00394	0.00404	0.00727	0.00287	0.00280
44	0.01280	0.00863	0.01018	0.00898	0.02585	0.00924	0.02272	0.07244	0.43733	0.20237	0.04072	0.04820	0.01416	0.00639	0.00460	0.00148	0.00368	0.04113	0.02239	0.00672
45	0.00834	0.00785	0.01325	0.83417	0.03042	0.00981	0.01227	0.01128	0.00883	0.01128	0.00785	0.01178	0.00589	0.00442	0.00442	0.00147	0.00589	0.00393	0.00196	0.00491
46	0.00526	0.00447	0.00455	0.00460	0.00605	0.00375	0.00346	0.00639	0.01002	0.01194	0.04364	0.06856	0.77372	0.01129	0.00525	0.00151	0.00229	0.02543	0.00410	0.00373
47	0.86060	0.00852	0.00656	0.00584	0.00859	0.00985	0.00481	0.01314	0.00761	0.03419	0.00635	0.00732	0.00489	0.00412	0.00276	0.00137	0.00342	0.00243	0.00278	0.00483
48	0.01514	0.01879	0.01272	0.01142	0.01325	0.66592	0.00876	0.01625	0.01138	0.01077	0.00662	0.00830	0.00571	0.00518	0.00606	0.00130	0.17211	0.00305	0.00221	0.00506
49	0.01814	0.00857	0.01069	0.00830	0.01160	0.00823	0.00682	0.19572	0.05539	0.56743	0.03407	0.01456	0.01101	0.00553	0.00443	0.00136	0.00392	0.00444	0.02245	0.00734
50	0.00675	0.00526	0.00772	0.00750	0.00821	0.00637	0.00590	0.00827	0.00713	0.01050	0.01124	0.01646	0.01047	0.02938	0.70989	0.00633	0.10355	0.00462	0.03041	0.00405
51	0.01041	0.01017	0.03045	0.15240	0.66282	0.01026	0.01325	0.01311	0.00986	0.01390	0.00857	0.01191	0.00721	0.00420	0.00442	0.00135	0.00534	0.02158	0.00219	0.00660
52	0.01083	0.01039	0.01775	0.05753	0.78757	0.01047	0.01351	0.01347	0.01001	0.01431	0.00829	0.01096	0.00695	0.00395	0.00437	0.00132	0.00527	0.00393	0.00218	0.00692
53	0.00648	0.00471	0.00658	0.00785	0.03249	0.00460	0.00601	0.00799	0.00942	0.01241	0.02334	0.39149	0.02650	0.01266	0.00585	0.00191	0.00345	0.42829	0.00402	0.00395
54	0.16159	0.01772	0.45578	0.01392	0.15698	0.06828	0.02514	0.02640	0.00956	0.01508	0.00766	0.00919	0.00575	0.00417	0.00398	0.00136	0.00585	0.00324	0.00215	0.00621
55	0.01325	0.36269	0.08305	0.01071	0.01422	0.31652	0.10061	0.02968	0.01070	0.01159	0.00694	0.00821	0.00582	0.00412	0.00367	0.00112	0.00639	0.00297	0.00212	0.00560
56	0.00705	0.00411	0.00604	0.00612	0.00637	0.00430	0.00429	0.00644	0.00648	0.00887	0.02494	0.07979	0.01116	0.04685	0.23770	0.52372	0.00590	0.00492	0.00229	0.00267
57	0.01095	0.00997	0.01689	0.07840	0.55272	0.01031	0.07247	0.02554	0.02447	0.05313	0.00899	0.01158	0.00733	0.00565	0.04287	0.00164	0.05404	0.00411	0.00240	0.00654
58	0.01195	0.01207	0.01762	0.01487	0.09429	0.13761	0.33349	0.12031	0.06257	0.03446	0.01133	0.10758	0.00982	0.00544	0.00482	0.00143	0.00606	0.00537	0.00296	0.00596
59	0.01982	0.00752	0.01025	0.00786	0.01127	0.00649	0.00649	0.02152	0.01264	0.82029	0.01742	0.01503	0.01093	0.00547	0.00444	0.00137	0.00376	0.00444	0.00547	0.00752
60	0.01080	0.01036	0.01770	0.06705	0.77829	0.01046	0.01349	0.01344	0.01000	0.01427	0.00829	0.01097	0.00694	0.00396	0.00437	0.00132	0.00528	0.00393	0.00218	0.00689
61	0.00816	0.00667	0.00748	0.00695	0.00869	0.00707	0.00535	0.01458	0.35600	0.01697	0.32249	0.02792	0.15257	0.00816	0.00493	0.00147	0.00278	0.03188	0.00456	0.00531
62	0.00765	0.00590	0.00746	0.00725	0.00818	0.05623	0.00556	0.00907	0.00765	0.04748	0.01188	0.01746	0.01103	0.09489	0.64970	0.00608	0.02406	0.00472	0.01367	0.00409
63	0.00635	0.00457	0.00626	0.00626	0.00676	0.00506	0.00447	0.00735	0.00685	0.00963	0.01260	0.02160	0.01289	0.33179	0.53114	0.00606	0.00905	0.00535	0.00248	0.00348
64	0.00889	0.02263	0.80593	0.01271	0.01920	0.01028	0.03207	0.01399	0.00935	0.01399	0.00795	0.00938	0.00562	0.00419	0.00422	0.00140	0.00655	0.00330	0.00187	0.00652
65	0.01093	0.01049	0.01793	0.02711	0.81723	0.01049	0.01355	0.01355	0.01006	0.01443	0.00831	0.01093	0.00700	0.00394	0.00437	0.00131	0.00525	0.00394	0.00219	0.00700
66	0.01756	0.01113	0.01248	0.00957	0.01308	0.01185	0.00791	0.60244	0.01868	0.23084	0.01235	0.01174	0.00839	0.00534	0.00442	0.00134	0.00458	0.00410	0.00469	0.00751
67	0.00693	0.00495	0.00690	0.00791	0.00885	0.00492	0.00678	0.00882	0.00998	0.01300	0.02349	0.13733	0.02584	0.01238	0.00605	0.00201	0.00390	0.70189	0.00407	0.00401
68	0.01642	0.01210	0.01299	0.01003	0.01346	0.01337	0.00826	0.77699	0.02037	0.02730	0.01104	0.03724	0.00821	0.00558	0.00446	0.00134	0.00479	0.00425	0.00441	0.00739
69	0.00886	0.02285	0.82190	0.01259	0.01912	0.01026	0.01632	0.01399	0.00932	0.01399	0.00793	0.00932	0.00559	0.00420	0.00420	0.00140	0.00653	0.00326	0.00186	0.00653
70	0.00938	0.00920	0.01282	0.01105	0.01107	0.01275	0.00912	0.01029	0.00675	0.01049	0.00646	0.01108	0.00658	0.06198	0.03418	0.00221	0.76388	0.00405	0.00199	0.00467
