[name]
unknown

[dist]
# distance from previous block
# <min> <max>
0	1082

[block]
# block no. 0 follows, 52 sequences, length 8
# corresponding to MSA columns:
# 1165-1172
name=unknown_A
#
# <colnr> <probs for GDERKNQSTAVLIFYWHMCP>
#	G	D	E	R	K	N	Q	S	T	A	V	L	I	F	Y	W	H	M	C	P
0	0.00758	0.01160	0.25284	0.06336	0.01327	0.00712	0.00917	0.01080	0.03463	0.01436	0.06765	0.03226	0.38858	0.00919	0.00536	0.00164	0.00435	0.05735	0.00363	0.00528
1	0.01105	0.05647	0.45459	0.01866	0.26080	0.01191	0.05142	0.05065	0.01110	0.01603	0.00892	0.01086	0.00677	0.00453	0.00466	0.00148	0.00660	0.00390	0.00230	0.00730
2	0.00696	0.00504	0.00702	0.00702	0.00761	0.00564	0.00509	0.00816	0.00756	0.01068	0.01369	0.02295	0.01381	0.28121	0.56794	0.00683	0.01042	0.00576	0.00270	0.00390
3	0.00972	0.02507	0.80458	0.01381	0.02097	0.01125	0.01790	0.01535	0.01023	0.01535	0.00870	0.01023	0.00614	0.00460	0.00460	0.00153	0.00716	0.00358	0.00205	0.00716
4	0.01622	0.01952	0.01557	0.01781	0.25711	0.56371	0.01106	0.01797	0.01290	0.01309	0.00799	0.00974	0.00668	0.00479	0.00450	0.00131	0.00782	0.00349	0.00247	0.00625
5	0.00815	0.00726	0.01178	0.56763	0.02524	0.00866	0.01069	0.01064	0.00956	0.01238	0.01420	0.26404	0.01436	0.00804	0.00526	0.00172	0.00533	0.00723	0.00288	0.00494
6	0.00656	0.00492	0.00615	0.00646	0.00756	0.00451	0.00495	0.00827	0.01164	0.01542	0.29900	0.19810	0.23801	0.01224	0.00600	0.00178	0.00285	0.15650	0.00478	0.00430
7	0.01003	0.00951	0.01612	0.57473	0.26983	0.01100	0.01389	0.01315	0.01010	0.01345	0.00877	0.01263	0.00684	0.00468	0.00483	0.00156	0.00624	0.00431	0.00223	0.00609

[dist]
# distance from previous block
# <min> <max>
0	4

[block]
# block no. 1 follows, 52 sequences, length 7
# corresponding to MSA columns:
# 1177-1183
name=unknown_B
#
# <colnr> <probs for GDERKNQSTAVLIFYWHMCP>
#	G	D	E	R	K	N	Q	S	T	A	V	L	I	F	Y	W	H	M	C	P
0	0.01148	0.00945	0.01452	0.05218	0.22355	0.01009	0.07741	0.05593	0.08712	0.08390	0.01498	0.17299	0.01414	0.00779	0.00664	0.00171	0.10660	0.03957	0.00355	0.00639
1	0.00712	0.00573	0.00743	0.00714	0.00792	0.00641	0.00536	0.00826	0.00845	0.01140	0.02222	0.02798	0.22210	0.19536	0.32227	0.00473	0.11610	0.00680	0.00311	0.00410
2	0.01749	0.01176	0.01513	0.01551	0.22372	0.01222	0.01023	0.39845	0.01754	0.20940	0.01273	0.01288	0.00898	0.00546	0.00484	0.00146	0.00516	0.00447	0.00447	0.00809
3	0.01218	0.01064	0.01187	0.01045	0.01277	0.01273	0.00829	0.06940	0.60420	0.01936	0.01685	0.01635	0.01289	0.00687	0.00688	0.00172	0.14965	0.00519	0.00442	0.00728
4	0.01144	0.00936	0.01271	0.01331	0.22182	0.00786	0.00828	0.01376	0.01060	0.07421	0.00953	0.01105	0.00767	0.00396	0.00401	0.00097	0.00421	0.00341	0.00298	0.56890
5	0.01182	0.50313	0.02057	0.22458	0.01805	0.01598	0.00959	0.01544	0.11390	0.01285	0.00897	0.01052	0.00743	0.00466	0.00382	0.00127	0.00534	0.00343	0.00248	0.00619
6	0.01124	0.01074	0.01830	0.24010	0.59504	0.01131	0.01450	0.01421	0.01068	0.01491	0.00898	0.01224	0.00735	0.00446	0.00481	0.00149	0.00594	0.00431	0.00233	0.00706

[dist]
# distance from previous block
# <min> <max>
27	90

[block]
# block no. 2 follows, 52 sequences, length 6
# corresponding to MSA columns:
# 1306-1311
name=unknown_C
#
# <colnr> <probs for GDERKNQSTAVLIFYWHMCP>
#	G	D	E	R	K	N	Q	S	T	A	V	L	I	F	Y	W	H	M	C	P
0	0.00691	0.00574	0.00774	0.18990	0.01334	0.00584	0.00679	0.00871	0.01044	0.01306	0.03164	0.18038	0.34080	0.01132	0.00579	0.00180	0.00379	0.14761	0.00396	0.00442
1	0.01125	0.01038	0.01499	0.01236	0.01541	0.01120	0.20447	0.02084	0.48130	0.01809	0.01744	0.02031	0.01401	0.00801	0.04397	0.00199	0.00544	0.07747	0.00414	0.00692
2	0.01049	0.00927	0.01223	0.01228	0.18972	0.00760	0.00781	0.01281	0.01027	0.01580	0.00873	0.01049	0.00729	0.00375	0.00386	0.00088	0.00408	0.00320	0.00276	0.66668
3	0.61498	0.01112	0.01242	0.00996	0.01335	0.06422	0.18118	0.01487	0.00933	0.01968	0.00749	0.00911	0.00579	0.00444	0.00371	0.00151	0.00508	0.00336	0.00284	0.00556
4	0.00758	0.00595	0.00682	0.00703	0.00828	0.02914	0.00547	0.04736	0.01164	0.01496	0.15047	0.16470	0.24166	0.06221	0.00713	0.00200	0.00350	0.21519	0.00448	0.00443
5	0.03550	0.19709	0.05893	0.04641	0.34933	0.01234	0.09015	0.01388	0.01043	0.01448	0.01028	0.09235	0.00955	0.00535	0.00455	0.00141	0.00554	0.00488	0.00255	0.03499

[dist]
# distance from previous block
# <min> <max>
0	1

[block]
# block no. 3 follows, 52 sequences, length 17
# corresponding to MSA columns:
# 1313-1329
name=unknown_D
#
# <colnr> <probs for GDERKNQSTAVLIFYWHMCP>
#	G	D	E	R	K	N	Q	S	T	A	V	L	I	F	Y	W	H	M	C	P
0	0.18992	0.01213	0.02351	0.01708	0.02154	0.01179	0.59271	0.01554	0.01086	0.04414	0.00949	0.01210	0.00707	0.00424	0.00512	0.00160	0.00711	0.00504	0.00269	0.00633
1	0.01046	0.00922	0.01206	0.01189	0.17613	0.00752	0.00765	0.01276	0.01025	0.01580	0.00872	0.01046	0.00728	0.00374	0.00384	0.00087	0.00404	0.00317	0.00277	0.68137
2	0.01126	0.32561	0.28238	0.00991	0.01438	0.05160	0.03262	0.01438	0.01028	0.01426	0.00941	0.01095	0.00752	0.00465	0.00381	0.00125	0.00549	0.00344	0.18064	0.00616
3	0.49651	0.01266	0.00940	0.00847	0.01130	0.19013	0.00668	0.01779	0.17297	0.01922	0.00963	0.01020	0.00747	0.00504	0.00371	0.00147	0.00488	0.00333	0.00329	0.00584
4	0.00613	0.00440	0.00586	0.00664	0.00712	0.00413	0.00456	0.00730	0.01016	0.01381	0.18725	0.63870	0.03435	0.01467	0.02869	0.00204	0.00299	0.01249	0.00462	0.00408
5	0.86392	0.00937	0.00712	0.00637	0.00937	0.01087	0.00525	0.01425	0.00825	0.02174	0.00675	0.00787	0.00525	0.00450	0.00300	0.00150	0.00375	0.00262	0.00300	0.00525
6	0.00612	0.00442	0.00608	0.00697	0.00737	0.00438	0.00482	0.00715	0.00897	0.01214	0.02384	0.65781	0.02789	0.01960	0.17424	0.00318	0.00494	0.01198	0.00410	0.00402
7	0.01296	0.83261	0.02539	0.00829	0.01244	0.01917	0.00829	0.01451	0.00985	0.01140	0.00674	0.00777	0.00622	0.00415	0.00311	0.00104	0.00518	0.00259	0.00207	0.00622
8	0.01273	0.01445	0.02244	0.09344	0.17731	0.17871	0.39829	0.01591	0.01168	0.01453	0.00908	0.01194	0.00710	0.00439	0.00517	0.00151	0.00765	0.00477	0.00242	0.00646
9	0.00695	0.00508	0.00721	0.00721	0.00787	0.00574	0.00533	0.00828	0.00762	0.01082	0.01351	0.02198	0.01339	0.22058	0.62800	0.00707	0.01106	0.00562	0.00268	0.00400
10	0.01000	0.00942	0.01589	0.23560	0.30128	0.01018	0.07577	0.01281	0.01098	0.01530	0.17343	0.01728	0.01517	0.00593	0.00595	0.00157	0.06902	0.00535	0.00293	0.00613
11	0.01014	0.00960	0.01603	0.39765	0.37400	0.01055	0.01328	0.01305	0.01040	0.01398	0.01220	0.01531	0.07277	0.00523	0.00490	0.00154	0.00581	0.00480	0.00246	0.00630
12	0.00771	0.00670	0.01157	0.00992	0.01162	0.00688	0.16763	0.00979	0.00931	0.01291	0.07699	0.08854	0.06494	0.05808	0.42866	0.00501	0.00928	0.00669	0.00307	0.00470
13	0.01161	0.59552	0.02032	0.00796	0.01136	0.01557	0.00747	0.01427	0.07158	0.01377	0.17285	0.01452	0.01514	0.00554	0.00380	0.00119	0.00447	0.00411	0.00298	0.00599
14	0.01085	0.01148	0.13830	0.00848	0.01314	0.00775	0.00791	0.06144	0.01099	0.04010	0.00928	0.01054	0.00733	0.00401	0.00387	0.00093	0.00426	0.00317	0.02093	0.62524
15	0.01151	0.01202	0.07912	0.19063	0.46399	0.01184	0.01410	0.06237	0.01113	0.01565	0.00891	0.01191	0.00723	0.00489	0.00572	0.00154	0.07375	0.00425	0.00245	0.00699
16	0.02997	0.04406	0.01280	0.01144	0.06149	0.21654	0.00843	0.09587	0.05382	0.07971	0.00962	0.01192	0.00794	0.00824	0.00946	0.18069	0.14541	0.00399	0.00301	0.00558

[dist]
# distance from previous block
# <min> <max>
1	8

[block]
# block no. 4 follows, 52 sequences, length 8
# corresponding to MSA columns:
# 1338-1345
name=unknown_E
#
# <colnr> <probs for GDERKNQSTAVLIFYWHMCP>
#	G	D	E	R	K	N	Q	S	T	A	V	L	I	F	Y	W	H	M	C	P
0	0.01008	0.00860	0.01320	0.13348	0.32935	0.00909	0.01015	0.04469	0.04411	0.01491	0.01278	0.08994	0.01194	0.10277	0.07163	0.00238	0.00566	0.00563	0.07367	0.00595
1	0.00860	0.00630	0.00757	0.00768	0.00873	0.00661	0.00552	0.07291	0.17066	0.01486	0.02115	0.43256	0.02276	0.04806	0.00830	0.11423	0.00354	0.03095	0.00423	0.00478
2	0.01085	0.24225	0.21132	0.01065	0.06159	0.09951	0.01000	0.01349	0.01044	0.01345	0.01430	0.01569	0.11096	0.00848	0.07767	0.00191	0.00622	0.00439	0.07094	0.00589
3	0.00763	0.00605	0.00747	0.00693	0.00889	0.00499	0.00502	0.00902	0.00960	0.01380	0.01917	0.48625	0.02169	0.01035	0.00510	0.00145	0.00314	0.00923	0.00382	0.36042
4	0.09052	0.09738	0.20488	0.10393	0.03672	0.04592	0.01139	0.09777	0.05395	0.08896	0.00984	0.01126	0.00741	0.00546	0.00589	0.00155	0.11366	0.00387	0.00301	0.00663
5	0.00673	0.00502	0.00635	0.00702	0.00769	0.00495	0.00487	0.00924	0.09938	0.01420	0.12678	0.63041	0.03186	0.01351	0.00598	0.00187	0.00286	0.01217	0.00466	0.00445
6	0.01341	0.37488	0.08883	0.01191	0.11648	0.05097	0.00970	0.08515	0.01167	0.06340	0.00873	0.00980	0.00708	0.00444	0.00386	0.00116	0.00532	0.00327	0.00274	0.12721
7	0.02881	0.12424	0.32376	0.13033	0.20259	0.03216	0.04292	0.03378	0.01069	0.01495	0.00857	0.01075	0.00663	0.00453	0.00450	0.00145	0.00644	0.00379	0.00226	0.00683

[dist]
# distance from previous block
# <min> <max>
0	2

[block]
# block no. 5 follows, 52 sequences, length 19
# corresponding to MSA columns:
# 1348-1366
name=unknown_F
#
# <colnr> <probs for GDERKNQSTAVLIFYWHMCP>
#	G	D	E	R	K	N	Q	S	T	A	V	L	I	F	Y	W	H	M	C	P
0	0.00760	0.00677	0.00913	0.01200	0.23203	0.00625	0.00681	0.00921	0.01076	0.01361	0.03534	0.03573	0.51783	0.06763	0.00680	0.00180	0.00355	0.00832	0.00379	0.00503
1	0.00847	0.00632	0.00690	0.00659	0.00737	0.00679	0.00428	0.01237	0.22998	0.01249	0.01654	0.02783	0.01681	0.59553	0.01905	0.00383	0.00445	0.00660	0.00350	0.00428
2	0.00696	0.00496	0.00686	0.00686	0.00773	0.00526	0.00516	0.00872	0.00975	0.01408	0.23760	0.10120	0.02385	0.06102	0.41216	0.00484	0.00784	0.00706	0.06377	0.00431
3	0.01176	0.01185	0.02188	0.04880	0.54123	0.01172	0.23287	0.01522	0.02747	0.01574	0.00952	0.01245	0.00770	0.00431	0.00506	0.00150	0.00642	0.00474	0.00246	0.00729
4	0.00634	0.00457	0.00575	0.00616	0.00677	0.00425	0.00420	0.00750	0.01036	0.01399	0.24617	0.40415	0.10647	0.13986	0.00888	0.00223	0.00292	0.01097	0.00449	0.00398
5	0.40785	0.01249	0.09238	0.01326	0.01749	0.01152	0.34796	0.01491	0.00984	0.01840	0.00828	0.01038	0.00626	0.00433	0.00435	0.00156	0.00602	0.00408	0.00267	0.00600
6	0.01716	0.01291	0.01535	0.03364	0.15644	0.01403	0.01026	0.60131	0.02006	0.05331	0.01136	0.01189	0.00822	0.00553	0.00484	0.00146	0.00540	0.00437	0.00438	0.00807
7	0.01428	0.08074	0.01545	0.09214	0.23842	0.06767	0.01038	0.15911	0.01320	0.13624	0.01128	0.01327	0.00878	0.02590	0.08996	0.00216	0.00640	0.00433	0.00339	0.00693
8	0.86392	0.00937	0.00712	0.00637	0.00937	0.01087	0.00525	0.01425	0.00825	0.02174	0.00675	0.00787	0.00525	0.00450	0.00300	0.00150	0.00375	0.00262	0.00300	0.00525
9	0.00645	0.00460	0.00624	0.00737	0.00789	0.00440	0.00544	0.00768	0.00981	0.01298	0.02641	0.60695	0.03087	0.01467	0.00633	0.00204	0.00328	0.22801	0.00449	0.00409
10	0.24991	0.00601	0.00572	0.00579	0.00747	0.00598	0.00433	0.00898	0.00981	0.01537	0.03144	0.23084	0.38051	0.01079	0.00507	0.00168	0.00291	0.00895	0.00407	0.00438
11	0.01155	0.00911	0.00992	0.00899	0.01102	0.02649	0.00682	0.06867	0.50228	0.01738	0.01574	0.01652	0.01238	0.00941	0.00890	0.24553	0.00414	0.00500	0.00407	0.00608
12	0.00655	0.00480	0.00562	0.00572	0.00635	0.00469	0.00380	0.00726	0.00850	0.01101	0.02548	0.10123	0.23979	0.39677	0.14781	0.00411	0.00527	0.00822	0.00346	0.00358
13	0.08854	0.24622	0.01700	0.00993	0.01381	0.01586	0.00861	0.49941	0.01787	0.02435	0.00983	0.01022	0.00741	0.00523	0.00420	0.00134	0.00516	0.00371	0.00390	0.00741
14	0.01268	0.59902	0.02377	0.01439	0.23633	0.01700	0.01016	0.01461	0.01018	0.01266	0.00741	0.00897	0.00663	0.00419	0.00359	0.00115	0.00535	0.00308	0.00217	0.00663
15	0.01114	0.00606	0.00877	0.00803	0.00971	0.00636	0.00636	0.01291	0.00952	0.23643	0.01473	0.01831	0.01208	0.02771	0.58131	0.00600	0.01046	0.00510	0.00356	0.00544
16	0.00625	0.00487	0.00568	0.00560	0.00690	0.00429	0.00415	0.00792	0.01210	0.01588	0.38374	0.10805	0.39429	0.01145	0.00576	0.00161	0.00241	0.00987	0.00488	0.00429
17	0.01112	0.00566	0.00701	0.00637	0.00747	0.00532	0.00428	0.01173	0.00920	0.23539	0.01745	0.10294	0.01739	0.51794	0.01728	0.00353	0.00436	0.00707	0.00396	0.00454
18	0.00699	0.01015	0.23291	0.00876	0.01100	0.00602	0.00831	0.00919	0.00955	0.01322	0.02159	0.59431	0.02468	0.01217	0.00574	0.00184	0.00405	0.01088	0.00380	0.00485

[dist]
# distance from previous block
# <min> <max>
7	71

[block]
# block no. 6 follows, 52 sequences, length 34
# corresponding to MSA columns:
# 1439-1472
name=unknown_G
#
# <colnr> <probs for GDERKNQSTAVLIFYWHMCP>
#	G	D	E	R	K	N	Q	S	T	A	V	L	I	F	Y	W	H	M	C	P
0	0.02346	0.01494	0.31747	0.45885	0.04014	0.01092	0.01486	0.01348	0.00981	0.01366	0.00859	0.01179	0.00637	0.00498	0.00510	0.01526	0.01814	0.00400	0.00213	0.00605
1	0.00915	0.00861	0.01453	0.81804	0.03338	0.01077	0.01346	0.01238	0.00969	0.01238	0.00861	0.01292	0.00646	0.00484	0.00484	0.00161	0.00646	0.00431	0.00215	0.00538
2	0.01064	0.01085	0.01291	0.01144	0.01198	0.11591	0.00929	0.01190	0.00833	0.01158	0.00819	0.01250	0.00781	0.01510	0.21605	0.00345	0.51035	0.00434	0.00229	0.00509
3	0.00671	0.00470	0.00543	0.00551	0.00592	0.00451	0.00343	0.00727	0.00872	0.01155	0.12274	0.12746	0.12950	0.51613	0.01745	0.00355	0.00386	0.00849	0.00364	0.00342
4	0.00965	0.02293	0.70198	0.11825	0.02258	0.01119	0.01733	0.01496	0.01016	0.01496	0.00869	0.01058	0.00618	0.00464	0.00464	0.00155	0.00707	0.00368	0.00206	0.00693
5	0.00603	0.00492	0.00539	0.00567	0.00708	0.00428	0.00434	0.00735	0.01085	0.01320	0.04327	0.13911	0.60267	0.01277	0.00591	0.00176	0.00277	0.11401	0.00449	0.00412
6	0.02131	0.00894	0.01167	0.00895	0.01272	0.00815	0.00739	0.12227	0.01503	0.70253	0.01815	0.01586	0.01151	0.00597	0.00487	0.00149	0.00428	0.00481	0.00585	0.00825
7	0.00705	0.00470	0.00529	0.00529	0.00529	0.00470	0.00294	0.00705	0.00705	0.00940	0.01527	0.03171	0.01762	0.82969	0.02467	0.00470	0.00470	0.00705	0.00294	0.00294
8	0.00976	0.00939	0.01637	0.63668	0.15226	0.01099	0.06997	0.01300	0.01003	0.01315	0.00878	0.01279	0.00672	0.00471	0.00490	0.00159	0.00648	0.00441	0.00221	0.00583
9	0.00708	0.00506	0.00697	0.00809	0.00888	0.00495	0.00654	0.00878	0.01044	0.01368	0.02606	0.35078	0.02949	0.01408	0.00650	0.00213	0.00383	0.47794	0.00448	0.00426
10	0.00705	0.00470	0.00529	0.00529	0.00529	0.00470	0.00294	0.00705	0.00705	0.00940	0.01527	0.03171	0.01762	0.82969	0.02467	0.00470	0.00470	0.00705	0.00294	0.00294
11	0.01296	0.83261	0.02539	0.00829	0.01244	0.01917	0.00829	0.01451	0.00985	0.01140	0.00674	0.00777	0.00622	0.00415	0.00311	0.00104	0.00518	0.00259	0.00207	0.00622
12	0.00674	0.00528	0.00679	0.00710	0.00750	0.00559	0.00501	0.00761	0.00912	0.01226	0.06250	0.46694	0.11675	0.13471	0.01018	0.00233	0.11478	0.01081	0.00398	0.00402
13	0.01740	0.13369	0.01533	0.01191	0.01463	0.70216	0.00922	0.01869	0.01320	0.01180	0.00739	0.00861	0.00624	0.00488	0.00420	0.00122	0.00825	0.00305	0.00244	0.00570
14	0.86392	0.00937	0.00712	0.00637	0.00937	0.01087	0.00525	0.01425	0.00825	0.02174	0.00675	0.00787	0.00525	0.00450	0.00300	0.00150	0.00375	0.00262	0.00300	0.00525
15	0.01296	0.83261	0.02539	0.00829	0.01244	0.01917	0.00829	0.01451	0.00985	0.01140	0.00674	0.00777	0.00622	0.00415	0.00311	0.00104	0.00518	0.00259	0.00207	0.00622
16	0.86392	0.00937	0.00712	0.00637	0.00937	0.01087	0.00525	0.01425	0.00825	0.02174	0.00675	0.00787	0.00525	0.00450	0.00300	0.00150	0.00375	0.00262	0.00300	0.00525
17	0.01366	0.72201	0.02380	0.00886	0.01279	0.12725	0.00844	0.01517	0.01038	0.01146	0.00684	0.00791	0.00622	0.00426	0.00328	0.00107	0.00567	0.00266	0.00213	0.00614
18	0.00662	0.00477	0.00626	0.00626	0.00719	0.00441	0.00455	0.00854	0.01259	0.01764	0.60145	0.23677	0.04225	0.01125	0.00583	0.00164	0.00242	0.01004	0.00512	0.00441
19	0.01423	0.51798	0.02077	0.00922	0.01312	0.01720	0.00844	0.21107	0.11454	0.01741	0.00967	0.01009	0.00785	0.00489	0.00379	0.00122	0.00505	0.00342	0.00315	0.00692
20	0.01116	0.00771	0.00850	0.00754	0.00947	0.00811	0.00596	0.26163	0.01404	0.01962	0.01995	0.02653	0.11581	0.11859	0.03376	0.00214	0.00426	0.10972	0.21004	0.00545
21	0.01151	0.39702	0.39907	0.01137	0.02853	0.01503	0.01302	0.03516	0.02357	0.01401	0.00806	0.00929	0.00640	0.00445	0.00393	0.00130	0.00612	0.00319	0.00219	0.00677
22	0.01010	0.11968	0.71329	0.01317	0.01997	0.01218	0.01678	0.01525	0.01019	0.01488	0.00847	0.00994	0.00615	0.00455	0.00443	0.00148	0.00693	0.00346	0.00205	0.00705
23	0.00683	0.00467	0.00567	0.00610	0.00631	0.00460	0.00392	0.00732	0.00812	0.01079	0.01953	0.24621	0.02267	0.51700	0.01764	0.00368	0.00417	0.09786	0.00353	0.00338
24	0.15111	0.12662	0.32249	0.01145	0.01608	0.25410	0.01189	0.02836	0.01112	0.01505	0.00781	0.00910	0.00607	0.00466	0.00408	0.00138	0.00680	0.00317	0.00238	0.00628
25	0.01099	0.01053	0.03669	0.02286	0.53889	0.01035	0.01240	0.01507	0.11207	0.01591	0.01349	0.11062	0.01257	0.00641	0.00508	0.00158	0.00512	0.04926	0.00308	0.00704
26	0.00707	0.00505	0.00675	0.00663	0.00773	0.00488	0.00515	0.00928	0.01255	0.01775	0.57355	0.03610	0.03824	0.01334	0.10006	0.00234	0.00384	0.11177	0.03339	0.00453
27	0.01536	0.00719	0.00918	0.00763	0.01000	0.00660	0.00579	0.06680	0.01197	0.42165	0.01814	0.11492	0.01544	0.22648	0.01026	0.00238	0.00418	0.00640	0.00483	0.03481
28	0.01221	0.03795	0.11966	0.01033	0.01358	0.08655	0.00917	0.02078	0.41982	0.05729	0.01703	0.02021	0.01384	0.00684	0.00496	0.00161	0.00488	0.10366	0.00414	0.03548
29	0.01181	0.00826	0.01156	0.01432	0.21053	0.00764	0.00846	0.01274	0.01178	0.11809	0.03591	0.47683	0.02470	0.01222	0.00652	0.00214	0.00450	0.01051	0.00485	0.00662
30	0.00651	0.00513	0.00596	0.00589	0.00739	0.00452	0.00457	0.00823	0.01189	0.01540	0.28497	0.04310	0.42955	0.01137	0.00578	0.00165	0.00270	0.10777	0.00471	0.03292
31	0.12629	0.00847	0.01188	0.50689	0.02415	0.01022	0.01041	0.01424	0.11098	0.01535	0.01064	0.01350	0.00807	0.00512	0.00443	0.00155	0.00526	0.00425	0.10274	0.00556
32	0.01071	0.01167	0.02441	0.01778	0.02172	0.01120	0.62784	0.01405	0.01062	0.01446	0.01068	0.02902	0.00912	0.11726	0.00877	0.00208	0.04417	0.00597	0.00254	0.00595
33	0.22298	0.01223	0.02137	0.01569	0.01998	0.01229	0.48446	0.12010	0.01220	0.01911	0.00930	0.01159	0.00695	0.00442	0.00493	0.00158	0.00669	0.00477	0.00291	0.00645

[dist]
# distance from previous block
# <min> <max>
0	30

[block]
# block no. 7 follows, 52 sequences, length 50
# corresponding to MSA columns:
# 1503-1552
name=unknown_H
#
# <colnr> <probs for GDERKNQSTAVLIFYWHMCP>
#	G	D	E	R	K	N	Q	S	T	A	V	L	I	F	Y	W	H	M	C	P
0	0.01138	0.19487	0.12355	0.02531	0.01372	0.01279	0.00918	0.01986	0.41451	0.01696	0.03444	0.01773	0.02957	0.00632	0.00462	0.00152	0.00462	0.04834	0.00382	0.00690
1	0.09147	0.00632	0.02177	0.00635	0.00732	0.00639	0.00441	0.01061	0.10598	0.01355	0.12283	0.02732	0.01948	0.48159	0.05229	0.00364	0.00458	0.00651	0.00349	0.00412
2	0.01245	0.01147	0.01766	0.05870	0.48159	0.01271	0.01308	0.12029	0.01179	0.01678	0.00883	0.01168	0.00741	0.00548	0.00728	0.00160	0.18713	0.00431	0.00266	0.00712
3	0.55469	0.00777	0.00697	0.00675	0.00896	0.00866	0.00544	0.01223	0.00931	0.01935	0.08911	0.11927	0.01568	0.00759	0.00417	0.00166	0.00359	0.11028	0.00362	0.00491
4	0.00743	0.00585	0.00835	0.18712	0.01340	0.00606	0.00694	0.00985	0.01229	0.01677	0.46593	0.03425	0.08368	0.00942	0.00566	0.00165	0.00353	0.11268	0.00445	0.00471
5	0.01810	0.02310	0.01373	0.01248	0.01498	0.81024	0.00936	0.01935	0.01373	0.01186	0.00749	0.00874	0.00624	0.00499	0.00437	0.00125	0.00874	0.00312	0.00250	0.00562
6	0.01780	0.01213	0.01347	0.01062	0.01421	0.01312	0.00881	0.61290	0.02054	0.12535	0.01394	0.01645	0.01063	0.00658	0.00503	0.00154	0.00510	0.07897	0.00495	0.00787
7	0.01790	0.00921	0.01315	0.01223	0.11068	0.00949	0.00891	0.01970	0.01199	0.51787	0.01486	0.01454	0.01013	0.00637	0.00747	0.00164	0.19709	0.00465	0.00463	0.00748
8	0.00602	0.00431	0.00573	0.00667	0.00706	0.00402	0.00451	0.00705	0.00983	0.01325	0.12283	0.72790	0.03376	0.01452	0.00613	0.00191	0.00275	0.01315	0.00460	0.00402
9	0.01183	0.01089	0.01188	0.01251	0.12095	0.08889	0.00860	0.03525	0.44389	0.01764	0.03288	0.01829	0.01374	0.01017	0.10548	0.00236	0.00575	0.03811	0.00404	0.00686
10	0.01231	0.01053	0.01232	0.11119	0.01541	0.01255	0.00893	0.12657	0.46266	0.01946	0.01528	0.01550	0.01163	0.00650	0.00641	0.00167	0.11820	0.00499	0.02082	0.00707
11	0.00745	0.00586	0.00835	0.00806	0.00866	0.00705	0.00617	0.00880	0.00761	0.01100	0.01244	0.01997	0.01223	0.16368	0.57069	0.00649	0.12330	0.00537	0.00259	0.00423
12	0.00705	0.00470	0.00529	0.00529	0.00529	0.00470	0.00294	0.00705	0.00705	0.00940	0.01527	0.03171	0.01762	0.82969	0.02467	0.00470	0.00470	0.00705	0.00294	0.00294
13	0.00705	0.00470	0.00529	0.00529	0.00529	0.00470	0.00294	0.00705	0.00705	0.00940	0.01527	0.03171	0.01762	0.82969	0.02467	0.00470	0.00470	0.00705	0.00294	0.00294
14	0.86392	0.00937	0.00712	0.00637	0.00937	0.01087	0.00525	0.01425	0.00825	0.02174	0.00675	0.00787	0.00525	0.00450	0.00300	0.00150	0.00375	0.00262	0.00300	0.00525
15	0.01176	0.01174	0.04318	0.00970	0.02400	0.10900	0.01788	0.07657	0.02662	0.01615	0.04015	0.01137	0.00869	0.00499	0.00569	0.00114	0.11755	0.00359	0.00298	0.45726
16	0.03293	0.06395	0.01578	0.12620	0.13414	0.40618	0.04626	0.03429	0.02180	0.02393	0.00844	0.01050	0.00688	0.00564	0.02380	0.00153	0.02545	0.00370	0.00254	0.00604
17	0.00737	0.00585	0.00748	0.00914	0.07524	0.03522	0.00597	0.00855	0.00966	0.01266	0.02287	0.48720	0.02645	0.11519	0.00840	0.00228	0.00382	0.14832	0.00404	0.00429
18	0.01469	0.24559	0.01806	0.01495	0.19103	0.33081	0.01014	0.01761	0.08800	0.01345	0.00884	0.01012	0.00740	0.00476	0.00417	0.00127	0.00659	0.00347	0.00259	0.00645
19	0.06928	0.01410	0.12802	0.02043	0.17621	0.01188	0.47687	0.01528	0.01098	0.01598	0.00931	0.01213	0.00711	0.00423	0.00520	0.00157	0.00726	0.00495	0.00242	0.00676
20	0.01200	0.01136	0.01847	0.02700	0.69067	0.01159	0.01388	0.01638	0.11883	0.01645	0.01058	0.01284	0.00866	0.00463	0.00482	0.00147	0.00549	0.00448	0.00275	0.00768
21	0.00590	0.00422	0.00562	0.00675	0.00703	0.00394	0.00450	0.00675	0.00928	0.01237	0.02671	0.82653	0.03205	0.01518	0.00619	0.00197	0.00281	0.01378	0.00450	0.00394
22	0.01432	0.01255	0.01272	0.01171	0.06295	0.09084	0.00869	0.22372	0.46371	0.02187	0.01573	0.01509	0.01179	0.00608	0.00485	0.00154	0.00483	0.00488	0.00451	0.00762
23	0.00586	0.00483	0.00515	0.00525	0.00667	0.00412	0.00387	0.00714	0.01109	0.01362	0.11941	0.14294	0.62847	0.01240	0.00578	0.00167	0.00248	0.01053	0.00458	0.00412
24	0.01215	0.13548	0.46949	0.01319	0.01875	0.19024	0.06523	0.01613	0.01104	0.01404	0.00823	0.00975	0.00625	0.00459	0.00442	0.00141	0.00731	0.00348	0.00218	0.00665
25	0.01113	0.01269	0.12681	0.03964	0.60038	0.01079	0.01426	0.01433	0.01116	0.01605	0.08607	0.01413	0.01116	0.00491	0.00486	0.00146	0.00562	0.00465	0.00263	0.00726
26	0.00705	0.00470	0.00529	0.00529	0.00529	0.00470	0.00294	0.00705	0.00705	0.00940	0.01527	0.03171	0.01762	0.82969	0.02467	0.00470	0.00470	0.00705	0.00294	0.00294
27	0.00589	0.00426	0.00558	0.00663	0.00700	0.00395	0.00445	0.00676	0.00939	0.01242	0.02812	0.77747	0.08020	0.01500	0.00616	0.00195	0.00279	0.01355	0.00450	0.00395
28	0.01172	0.37553	0.22471	0.01453	0.12531	0.01499	0.12370	0.01486	0.01029	0.01363	0.00800	0.00982	0.00657	0.00437	0.00438	0.00133	0.02384	0.00357	0.00217	0.00669
29	0.00705	0.00470	0.00529	0.00529	0.00529	0.00470	0.00294	0.00705	0.00705	0.00940	0.01527	0.03171	0.01762	0.82969	0.02467	0.00470	0.00470	0.00705	0.00294	0.00294
30	0.01067	0.01185	0.02542	0.01853	0.02280	0.01110	0.67439	0.01431	0.01114	0.01509	0.01214	0.12554	0.01077	0.00562	0.00578	0.00168	0.00743	0.00683	0.00273	0.00618
31	0.01088	0.01302	0.13170	0.19432	0.04596	0.02224	0.20233	0.02417	0.04179	0.02983	0.00901	0.01213	0.00712	0.00570	0.00801	0.00173	0.22689	0.00458	0.00244	0.00616
32	0.01282	0.01196	0.03500	0.01712	0.05639	0.01180	0.45494	0.01713	0.08742	0.12437	0.01158	0.01363	0.00859	0.00516	0.00674	0.00167	0.10847	0.00529	0.00313	0.00679
33	0.00588	0.00430	0.00553	0.00652	0.00697	0.00396	0.00440	0.00677	0.00950	0.01246	0.02950	0.72920	0.12757	0.01482	0.00613	0.00193	0.00277	0.01333	0.00450	0.00396
34	0.01221	0.01372	0.02311	0.01734	0.02105	0.11218	0.50314	0.01647	0.08736	0.01500	0.01001	0.01268	0.00780	0.00505	0.00688	0.00165	0.12017	0.00517	0.00265	0.00636
35	0.00961	0.00902	0.01420	0.44771	0.18770	0.02039	0.03061	0.01305	0.05441	0.01384	0.01511	0.01774	0.11670	0.00586	0.00495	0.00157	0.00559	0.00522	0.02091	0.00583
36	0.01012	0.12584	0.70734	0.01312	0.01991	0.01224	0.01671	0.01524	0.01018	0.01485	0.00845	0.00992	0.00615	0.00455	0.00442	0.00147	0.00691	0.00346	0.00205	0.00704
37	0.00584	0.00491	0.00506	0.00503	0.00661	0.00414	0.00377	0.00717	0.01131	0.01371	0.12220	0.04562	0.72400	0.01204	0.00573	0.00163	0.00244	0.01008	0.00458	0.00414
38	0.00655	0.00510	0.00690	0.00757	0.00782	0.00544	0.00534	0.00743	0.00902	0.01227	0.02390	0.71372	0.02850	0.01426	0.00753	0.00199	0.11591	0.01246	0.00417	0.00412
39	0.04590	0.01099	0.01154	0.00993	0.01272	0.04157	0.00799	0.36103	0.20471	0.02304	0.01692	0.09840	0.02373	0.00786	0.00515	0.00164	0.00465	0.10066	0.00462	0.00695
40	0.00712	0.11892	0.00863	0.00723	0.00815	0.00625	0.00544	0.00823	0.00959	0.01250	0.02382	0.61701	0.02796	0.01343	0.00582	0.00187	0.00335	0.10621	0.00416	0.00432
41	0.00996	0.02341	0.69730	0.01473	0.02158	0.01139	0.12353	0.01537	0.01040	0.01537	0.00885	0.01062	0.00631	0.00453	0.00476	0.00155	0.00730	0.00388	0.00210	0.00708
42	0.00705	0.00470	0.00529	0.00529	0.00529	0.00470	0.00294	0.00705	0.00705	0.00940	0.01527	0.03171	0.01762	0.82969	0.02467	0.00470	0.00470	0.00705	0.00294	0.00294
43	0.01140	0.01689	0.23965	0.01580	0.02048	0.12091	0.35780	0.01551	0.03543	0.01482	0.01146	0.06013	0.02549	0.00542	0.00537	0.00159	0.01764	0.01522	0.00261	0.00637
44	0.01027	0.01024	0.01296	0.52641	0.02551	0.12057	0.01121	0.01395	0.08656	0.01308	0.01180	0.11438	0.01044	0.00632	0.00495	0.00161	0.00606	0.00544	0.00277	0.00546
45	0.00931	0.00838	0.01372	0.15637	0.38242	0.00865	0.01089	0.01151	0.01017	0.01399	0.01538	0.30605	0.01626	0.00833	0.00531	0.00166	0.00481	0.00773	0.00311	0.00593
46	0.08992	0.01255	0.03360	0.02826	0.03698	0.25247	0.04989	0.02331	0.03472	0.02602	0.01534	0.20920	0.01583	0.02030	0.00569	0.00171	0.02572	0.10982	0.00341	0.00527
47	0.01075	0.00966	0.01352	0.01532	0.29580	0.00828	0.00904	0.01317	0.01040	0.01581	0.00879	0.01075	0.00736	0.00385	0.00402	0.00098	0.00437	0.00339	0.00270	0.55203
48	0.09708	0.40194	0.12806	0.01048	0.03262	0.21644	0.00977	0.02993	0.01099	0.01353	0.00735	0.00854	0.00619	0.00449	0.00369	0.00122	0.00623	0.00294	0.00233	0.00617
49	0.01295	0.10077	0.36289	0.01177	0.02680	0.02717	0.01256	0.23848	0.01394	0.02891	0.00945	0.01044	0.00698	0.00480	0.00440	0.00135	0.00596	0.00364	0.00303	0.11372

[dist]
# distance from previous block
# <min> <max>
0	15

[block]
# block no. 8 follows, 52 sequences, length 22
# corresponding to MSA columns:
# 1568-1589
name=unknown_I
#
# <colnr> <probs for GDERKNQSTAVLIFYWHMCP>
#	G	D	E	R	K	N	Q	S	T	A	V	L	I	F	Y	W	H	M	C	P
0	0.01500	0.13731	0.09036	0.10614	0.01709	0.32153	0.01043	0.16127	0.01377	0.01585	0.02330	0.01039	0.00739	0.00523	0.00493	0.00137	0.04593	0.00362	0.00283	0.00629
1	0.60692	0.00996	0.00869	0.00758	0.01061	0.01142	0.00621	0.12828	0.10229	0.02258	0.00972	0.01143	0.00768	0.00528	0.00364	0.00154	0.00402	0.03267	0.00355	0.00594
2	0.01092	0.01114	0.01120	0.12039	0.10342	0.21450	0.00842	0.01333	0.04076	0.01475	0.21884	0.06921	0.01990	0.04308	0.03563	0.00187	0.02102	0.01827	0.01803	0.00532
3	0.00579	0.00483	0.00505	0.00517	0.00663	0.00409	0.00381	0.00701	0.01093	0.01323	0.07226	0.13777	0.68177	0.01253	0.00578	0.00167	0.00249	0.01059	0.00453	0.00409
4	0.01512	0.01198	0.01306	0.01132	0.04702	0.01347	0.00872	0.39068	0.38737	0.02504	0.01537	0.01471	0.01133	0.00611	0.00489	0.00154	0.00464	0.00489	0.00478	0.00795
5	0.00972	0.02507	0.80458	0.01381	0.02097	0.01125	0.01790	0.01535	0.01023	0.01535	0.00870	0.01023	0.00614	0.00460	0.00460	0.00153	0.00716	0.00358	0.00205	0.00716
6	0.03658	0.00656	0.02553	0.00730	0.00923	0.00585	0.01666	0.02526	0.03663	0.19356	0.35039	0.17605	0.07162	0.00960	0.00547	0.00161	0.00314	0.00838	0.00508	0.00551
7	0.01478	0.57963	0.07940	0.00878	0.01305	0.01576	0.00872	0.01671	0.01082	0.19751	0.00979	0.01000	0.00757	0.00461	0.00363	0.00118	0.00508	0.00320	0.00299	0.00676
8	0.00705	0.00470	0.00529	0.00529	0.00529	0.00470	0.00294	0.00705	0.00705	0.00940	0.01527	0.03171	0.01762	0.82969	0.02467	0.00470	0.00470	0.00705	0.00294	0.00294
9	0.03850	0.00927	0.01101	0.00914	0.01240	0.00949	0.00733	0.02436	0.37198	0.42225	0.01909	0.01701	0.01312	0.00623	0.00485	0.00157	0.00398	0.00510	0.00543	0.00791
10	0.01053	0.05098	0.53811	0.01843	0.25622	0.01163	0.01663	0.01517	0.01046	0.01535	0.00875	0.01067	0.00661	0.00450	0.00461	0.00149	0.00666	0.00377	0.00215	0.00728
11	0.00619	0.00444	0.00588	0.00655	0.00709	0.00413	0.00452	0.00747	0.01062	0.01451	0.25977	0.58738	0.03619	0.01359	0.00604	0.00183	0.00265	0.01226	0.00475	0.00413
12	0.00623	0.00446	0.00593	0.00666	0.00719	0.00416	0.00464	0.00750	0.01052	0.01431	0.23004	0.58974	0.03551	0.01372	0.00608	0.00186	0.00273	0.03987	0.00472	0.00412
13	0.00596	0.00426	0.00567	0.00671	0.00704	0.00397	0.00450	0.00689	0.00955	0.01280	0.07347	0.77855	0.03288	0.01486	0.00616	0.00194	0.00278	0.01347	0.00455	0.00397
14	0.14532	0.00841	0.01064	0.00829	0.01193	0.00767	0.00685	0.02224	0.01305	0.68821	0.01730	0.01523	0.01101	0.00578	0.00460	0.00150	0.00407	0.00454	0.00556	0.00781
15	0.00677	0.00505	0.00747	0.00764	0.00842	0.00575	0.00583	0.00837	0.00801	0.01141	0.01499	0.13752	0.01504	0.03324	0.69247	0.00693	0.01149	0.00645	0.00288	0.00427
16	0.04976	0.00897	0.01197	0.12761	0.01566	0.00872	0.00823	0.11075	0.01410	0.56818	0.01625	0.01509	0.01050	0.00575	0.00480	0.00151	0.00459	0.00465	0.00519	0.00772
17	0.64012	0.00955	0.00945	0.01007	0.12566	0.01053	0.00688	0.01544	0.00932	0.11251	0.00855	0.00949	0.00640	0.00465	0.00348	0.00149	0.00409	0.00314	0.00326	0.00596
18	0.01030	0.00675	0.00897	0.00817	0.00981	0.00737	0.00643	0.12395	0.01081	0.10695	0.01511	0.01928	0.04492	0.05638	0.53493	0.00575	0.01007	0.00531	0.00342	0.00530
19	0.01324	0.01133	0.01210	0.12778	0.01589	0.10337	0.00815	0.15744	0.06336	0.06475	0.01038	0.01151	0.00794	0.00469	0.00426	0.00115	0.00499	0.00367	0.00341	0.37059
20	0.01442	0.05705	0.12095	0.01175	0.01556	0.14391	0.09956	0.12882	0.01301	0.12838	0.01099	0.04505	0.00866	0.00557	0.00551	0.00142	0.06941	0.00439	0.00335	0.11223
21	0.01119	0.01297	0.13314	0.02405	0.55935	0.02687	0.01401	0.01454	0.02780	0.01524	0.00971	0.01263	0.00810	0.00818	0.09928	0.00220	0.00683	0.00431	0.00243	0.00717

[dist]
# distance from previous block
# <min> <max>
0	1

[block]
# block no. 9 follows, 52 sequences, length 105
# corresponding to MSA columns:
# 1591-1667,1806-1833
name=unknown_J
#
# <colnr> <probs for GDERKNQSTAVLIFYWHMCP>
#	G	D	E	R	K	N	Q	S	T	A	V	L	I	F	Y	W	H	M	C	P
0	0.01200	0.01211	0.01778	0.21624	0.52889	0.10038	0.01392	0.01478	0.01101	0.01456	0.00881	0.01185	0.00723	0.00452	0.00476	0.00146	0.00626	0.00418	0.00235	0.00690
1	0.01552	0.01000	0.04612	0.10765	0.01543	0.00965	0.03114	0.23145	0.02709	0.27971	0.05435	0.10081	0.02395	0.01787	0.00533	0.00160	0.00475	0.00586	0.00467	0.00704
2	0.01111	0.01095	0.11051	0.31694	0.24866	0.00992	0.01276	0.01412	0.01057	0.10186	0.01184	0.09799	0.01007	0.00587	0.00495	0.00158	0.00570	0.00528	0.00289	0.00643
3	0.00816	0.00660	0.00873	0.01037	0.10332	0.00654	0.00747	0.01139	0.09281	0.01487	0.02968	0.04348	0.24129	0.01128	0.00601	0.00191	0.00398	0.38275	0.00428	0.00508
4	0.00599	0.00443	0.00573	0.01975	0.00745	0.00412	0.00459	0.00699	0.00968	0.01267	0.04627	0.66698	0.14371	0.01444	0.00610	0.00191	0.00284	0.02789	0.00448	0.00401
5	0.01126	0.01086	0.01904	0.02620	0.62999	0.01075	0.09410	0.01403	0.01088	0.01541	0.01115	0.10292	0.01036	0.00550	0.00505	0.00152	0.00568	0.00552	0.00264	0.00714
6	0.00934	0.00873	0.01413	0.71529	0.03063	0.01088	0.01278	0.01315	0.06254	0.01289	0.00964	0.02927	0.00753	0.00531	0.00532	0.00164	0.03849	0.00457	0.00239	0.00551
7	0.00671	0.00495	0.00627	0.00594	0.00715	0.00451	0.00445	0.00885	0.01336	0.01859	0.69732	0.03759	0.14584	0.01022	0.00572	0.00154	0.00231	0.00896	0.00522	0.00451
8	0.01184	0.01160	0.02051	0.05293	0.68962	0.01157	0.10034	0.01487	0.01104	0.01569	0.00918	0.01214	0.00760	0.00431	0.00490	0.00147	0.00605	0.00447	0.00240	0.00748
9	0.01152	0.01293	0.10261	0.07498	0.58498	0.01152	0.10061	0.01484	0.01091	0.01554	0.00912	0.01199	0.00740	0.00435	0.00488	0.00148	0.00622	0.00440	0.00235	0.00736
10	0.01178	0.01006	0.02443	0.14271	0.30616	0.01052	0.03020	0.03787	0.16783	0.07373	0.06298	0.02907	0.01290	0.00600	0.00518	0.00158	0.01668	0.03991	0.00350	0.00691
11	0.00702	0.00481	0.00588	0.00588	0.00608	0.00502	0.00367	0.00743	0.00722	0.00983	0.01473	0.02872	0.01632	0.64242	0.21017	0.00543	0.00665	0.00661	0.00286	0.00326
12	0.11530	0.01079	0.01641	0.20868	0.44292	0.01163	0.01278	0.09475	0.01161	0.01729	0.00898	0.01167	0.00716	0.00462	0.00460	0.00149	0.00563	0.00411	0.00267	0.00691
13	0.01239	0.32983	0.21965	0.01213	0.01682	0.10359	0.12651	0.01659	0.09245	0.01399	0.00914	0.01037	0.00727	0.00460	0.00421	0.00134	0.00638	0.00367	0.00247	0.00659
14	0.01431	0.05278	0.03864	0.01157	0.02528	0.23239	0.00948	0.20310	0.02283	0.01718	0.01093	0.01591	0.00972	0.00695	0.00721	0.00161	0.18417	0.09635	0.03344	0.00614
15	0.16481	0.20226	0.01455	0.00928	0.03442	0.03811	0.00760	0.17110	0.10593	0.05097	0.01019	0.01069	0.00792	0.00485	0.00390	0.00126	0.00461	0.00350	0.00345	0.15062
16	0.01059	0.01022	0.02807	0.12849	0.17990	0.01085	0.15472	0.02587	0.12219	0.02563	0.06166	0.07257	0.03486	0.00656	0.00652	0.00166	0.10434	0.00584	0.00317	0.00631
17	0.86392	0.00937	0.00712	0.00637	0.00937	0.01087	0.00525	0.01425	0.00825	0.02174	0.00675	0.00787	0.00525	0.00450	0.00300	0.00150	0.00375	0.00262	0.00300	0.00525
18	0.00596	0.00490	0.00524	0.00519	0.00670	0.00418	0.00388	0.00739	0.01154	0.01434	0.19794	0.06413	0.62808	0.01187	0.00574	0.00162	0.00243	0.01002	0.00467	0.00418
19	0.01586	0.04521	0.01434	0.01105	0.01451	0.04569	0.03636	0.44989	0.25864	0.02506	0.01364	0.01340	0.01005	0.00593	0.00498	0.00150	0.01695	0.00464	0.00455	0.00778
20	0.00962	0.00918	0.03693	0.09305	0.44019	0.00888	0.01133	0.01192	0.01030	0.01434	0.01500	0.28696	0.01575	0.00804	0.00526	0.00164	0.00487	0.00749	0.00308	0.00619
21	0.01146	0.17578	0.47723	0.01402	0.06636	0.09656	0.06382	0.01559	0.01065	0.01428	0.00830	0.00990	0.00634	0.00451	0.00438	0.00141	0.00693	0.00353	0.00215	0.00681
22	0.01177	0.53638	0.31122	0.01032	0.01557	0.01627	0.01182	0.01482	0.00999	0.01285	0.00746	0.00868	0.00619	0.00431	0.00366	0.00122	0.00591	0.00295	0.00206	0.00656
23	0.00696	0.00503	0.00694	0.00694	0.00752	0.00560	0.00500	0.00811	0.00754	0.01062	0.01375	0.02332	0.01397	0.30413	0.54525	0.00675	0.01018	0.00582	0.00271	0.00386
24	0.00613	0.00438	0.00588	0.00700	0.00738	0.00413	0.00489	0.00714	0.00950	0.01262	0.02659	0.73547	0.03156	0.01497	0.00625	0.00200	0.00301	0.10262	0.00449	0.00400
25	0.01536	0.17026	0.01783	0.01776	0.33037	0.13370	0.01089	0.02613	0.01194	0.19238	0.01066	0.01168	0.00814	0.00485	0.00459	0.00136	0.01780	0.00393	0.00319	0.00718
26	0.00703	0.00469	0.00529	0.00531	0.00532	0.00468	0.00297	0.00704	0.00709	0.00945	0.01548	0.04652	0.01789	0.81452	0.02432	0.00465	0.00466	0.00717	0.00297	0.00295
27	0.00704	0.00472	0.00538	0.00538	0.00541	0.00475	0.00305	0.00711	0.00707	0.00947	0.01518	0.03124	0.01741	0.80026	0.05382	0.00481	0.00501	0.00698	0.00292	0.00299
28	0.01002	0.00959	0.01336	0.12676	0.01502	0.01275	0.01002	0.01269	0.09004	0.01275	0.01035	0.10268	0.01012	0.00851	0.01209	0.00198	0.52771	0.00544	0.00268	0.00541
29	0.00699	0.00467	0.00530	0.00536	0.00538	0.00466	0.00302	0.00703	0.00717	0.00956	0.01589	0.07489	0.01840	0.78544	0.02366	0.00455	0.00460	0.00741	0.00302	0.00299
30	0.00612	0.00438	0.00582	0.00660	0.00708	0.00408	0.00452	0.00729	0.01028	0.01397	0.20081	0.64788	0.03514	0.01399	0.00608	0.00187	0.00269	0.01264	0.00469	0.00408
31	0.01570	0.01844	0.01633	0.09970	0.10563	0.48796	0.10406	0.06828	0.01333	0.01404	0.00834	0.01026	0.00669	0.00485	0.00466	0.00137	0.00787	0.00378	0.00260	0.00611
32	0.01629	0.30814	0.01784	0.01101	0.01409	0.53169	0.00899	0.01765	0.01236	0.01170	0.00723	0.00840	0.00623	0.00470	0.00393	0.00117	0.00749	0.00293	0.00235	0.00583
33	0.00611	0.00499	0.00545	0.00552	0.00703	0.00432	0.00426	0.00760	0.01142	0.01411	0.14858	0.04611	0.60905	0.01207	0.00583	0.00169	0.00266	0.09438	0.00461	0.00420
34	0.01858	0.01929	0.01364	0.01175	0.01470	0.54095	0.00908	0.19252	0.01579	0.10426	0.00972	0.01026	0.00734	0.00529	0.00453	0.00132	0.00745	0.00360	0.00342	0.00650
35	0.01398	0.55395	0.01985	0.00795	0.01171	0.01474	0.00748	0.01556	0.01086	0.18278	0.01455	0.01437	0.10341	0.00553	0.00381	0.00121	0.00462	0.00401	0.00322	0.00640
36	0.00686	0.00502	0.00647	0.00632	0.00751	0.00464	0.00487	0.00902	0.01313	0.01817	0.62502	0.03953	0.12235	0.01058	0.00584	0.00162	0.00257	0.10083	0.00514	0.00451
37	0.01296	0.83261	0.02539	0.00829	0.01244	0.01917	0.00829	0.01451	0.00985	0.01140	0.00674	0.00777	0.00622	0.00415	0.00311	0.00104	0.00518	0.00259	0.00207	0.00622
38	0.01451	0.01207	0.01172	0.01019	0.01314	0.10865	0.00799	0.10921	0.52948	0.10241	0.01728	0.01606	0.01273	0.00624	0.00485	0.00156	0.00463	0.00501	0.00474	0.00755
39	0.02174	0.00825	0.01125	0.00862	0.01237	0.00712	0.00712	0.02362	0.01387	0.80282	0.01912	0.01649	0.01200	0.00600	0.00487	0.00150	0.00412	0.00487	0.00600	0.00825
40	0.00590	0.00422	0.00562	0.00675	0.00703	0.00394	0.00450	0.00675	0.00928	0.01237	0.02671	0.82653	0.03205	0.01518	0.00619	0.00197	0.00281	0.01378	0.00450	0.00394
41	0.01323	0.01015	0.01099	0.00971	0.01257	0.01146	0.00760	0.02549	0.69652	0.11515	0.01965	0.01789	0.01445	0.00650	0.00492	0.00163	0.00387	0.00541	0.00506	0.00774
42	0.00705	0.00470	0.00529	0.00529	0.00529	0.00470	0.00294	0.00705	0.00705	0.00940	0.01527	0.03171	0.01762	0.82969	0.02467	0.00470	0.00470	0.00705	0.00294	0.00294
43	0.00772	0.00636	0.00931	0.00886	0.00953	0.00796	0.00704	0.00930	0.00771	0.01134	0.01155	0.01721	0.01087	0.03032	0.63863	0.00656	0.18770	0.00499	0.00249	0.00454
44	0.00946	0.00894	0.01245	0.01105	0.01138	0.02260	0.00905	0.01075	0.00763	0.01153	0.00861	0.01342	0.00830	0.01784	0.28395	0.00402	0.53720	0.00455	0.00229	0.00498
45	0.00614	0.00489	0.00535	0.00560	0.00683	0.00431	0.00414	0.00729	0.01039	0.01272	0.04003	0.12745	0.53692	0.11181	0.00818	0.00211	0.00299	0.09457	0.00431	0.00398
46	0.02020	0.00910	0.01158	0.00905	0.01269	0.00860	0.00742	0.10857	0.10905	0.62184	0.01836	0.01614	0.01192	0.00605	0.00488	0.00151	0.00422	0.00489	0.00574	0.00818
47	0.86392	0.00937	0.00712	0.00637	0.00937	0.01087	0.00525	0.01425	0.00825	0.02174	0.00675	0.00787	0.00525	0.00450	0.00300	0.00150	0.00375	0.00262	0.00300	0.00525
48	0.01998	0.00780	0.01062	0.00841	0.01178	0.00677	0.00683	0.02174	0.01336	0.71469	0.01996	0.10680	0.01423	0.00702	0.00502	0.00155	0.00398	0.00587	0.00583	0.00777
49	0.01725	0.19961	0.01680	0.01057	0.01435	0.10437	0.00895	0.50048	0.01857	0.04840	0.01030	0.01059	0.00768	0.00535	0.00440	0.00134	0.00564	0.00384	0.00399	0.00749
50	0.00586	0.00490	0.00510	0.00509	0.00664	0.00414	0.00380	0.00719	0.01130	0.01378	0.13190	0.06506	0.69446	0.01208	0.00574	0.00163	0.00244	0.01015	0.00459	0.00414
51	0.01480	0.55616	0.02173	0.00926	0.01331	0.01778	0.00860	0.27400	0.01421	0.01786	0.00839	0.00908	0.00690	0.00471	0.00370	0.00118	0.00523	0.00319	0.00301	0.00690
52	0.01045	0.01145	0.05476	0.23448	0.02434	0.01068	0.37100	0.01393	0.01057	0.01465	0.00914	0.01226	0.00701	0.00428	0.00516	0.00145	0.01937	0.00464	0.00243	0.17794
53	0.02538	0.01117	0.10750	0.02749	0.10937	0.00942	0.02850	0.05217	0.01208	0.34849	0.01403	0.03483	0.02035	0.00592	0.00599	0.00152	0.09582	0.00467	0.00408	0.08122
54	0.01205	0.01041	0.01096	0.00986	0.01260	0.01205	0.00767	0.02575	0.79071	0.02027	0.01972	0.01808	0.01479	0.00657	0.00493	0.00164	0.00384	0.00548	0.00493	0.00767
55	0.00616	0.00440	0.00592	0.00704	0.00744	0.00416	0.00495	0.00720	0.00953	0.01266	0.02657	0.72132	0.03148	0.01494	0.00625	0.00200	0.00304	0.11643	0.00449	0.00401
56	0.01215	0.01117	0.01808	0.18344	0.56063	0.01176	0.01396	0.10005	0.01208	0.01679	0.00930	0.01214	0.00750	0.00459	0.00481	0.00148	0.00585	0.00432	0.00262	0.00729
57	0.01060	0.01060	0.01484	0.01272	0.01272	0.01484	0.01060	0.01166	0.00742	0.01166	0.00636	0.01060	0.00636	0.00848	0.01590	0.00212	0.82082	0.00424	0.00212	0.00530
