[name]
unknown

[dist]
# distance from previous block
# <min> <max>
5	36

[block]
# block no. 0 follows, 55 sequences, length 119
# corresponding to MSA columns:
# 449-522,524-568
name=unknown_A
#
# <colnr> <probs for GDERKNQSTAVLIFYWHMCP>
#	G	D	E	R	K	N	Q	S	T	A	V	L	I	F	Y	W	H	M	C	P
0	0.00552	0.00471	0.00474	0.00474	0.00630	0.00394	0.00355	0.00672	0.01066	0.01270	0.06324	0.04456	0.78940	0.01173	0.00550	0.00157	0.00235	0.00979	0.00434	0.00394
1	0.00989	0.00943	0.01611	0.29851	0.40011	0.01003	0.05910	0.01269	0.01026	0.01400	0.04678	0.02965	0.05296	0.00516	0.00479	0.00147	0.00552	0.00489	0.00250	0.00616
2	0.01140	0.01067	0.01814	0.12010	0.70103	0.01088	0.01396	0.01418	0.01050	0.03176	0.00890	0.01171	0.00732	0.00424	0.00461	0.00140	0.00557	0.00416	0.00235	0.00713
3	0.00567	0.00405	0.00540	0.00648	0.00675	0.00378	0.00432	0.00648	0.00891	0.01188	0.02564	0.83347	0.03077	0.01457	0.00594	0.00189	0.00270	0.01323	0.00432	0.00378
4	0.01314	0.68930	0.03683	0.00841	0.01229	0.05602	0.00814	0.07458	0.01069	0.02957	0.00730	0.00818	0.00634	0.00421	0.00324	0.00106	0.00512	0.00274	0.01671	0.00612
5	0.00957	0.04302	0.66013	0.02812	0.05586	0.01087	0.06797	0.01449	0.00997	0.01469	0.02163	0.01048	0.00670	0.00443	0.00446	0.00145	0.00667	0.00366	0.00208	0.02373
6	0.01027	0.08241	0.09996	0.00818	0.01091	0.00892	0.00729	0.09286	0.17222	0.06128	0.34024	0.02295	0.04882	0.00728	0.00487	0.00144	0.00366	0.00611	0.00438	0.00594
7	0.00672	0.00490	0.00634	0.00595	0.00709	0.00459	0.00447	0.00922	0.03500	0.01868	0.78319	0.03427	0.04307	0.00942	0.00547	0.00147	0.00224	0.00833	0.00511	0.00447
8	0.00639	0.00475	0.00595	0.00565	0.00683	0.00431	0.00424	0.00841	0.01271	0.01758	0.67057	0.03653	0.17903	0.00991	0.00549	0.00148	0.00222	0.00866	0.00498	0.00431
9	0.01738	0.02217	0.01318	0.01199	0.01438	0.81783	0.00899	0.01858	0.01318	0.01139	0.00719	0.00839	0.00599	0.00479	0.00419	0.00120	0.00839	0.00300	0.00240	0.00539
10	0.00896	0.00842	0.01418	0.72311	0.10716	0.01021	0.01280	0.01196	0.00942	0.01221	0.00883	0.03664	0.00704	0.00490	0.00468	0.00154	0.00603	0.00440	0.00216	0.00534
11	0.00550	0.00471	0.00471	0.00471	0.00628	0.00393	0.00353	0.00668	0.01060	0.01257	0.04713	0.04477	0.80560	0.01178	0.00550	0.00157	0.00236	0.00982	0.00432	0.00393
12	0.02087	0.00792	0.01080	0.00828	0.01188	0.00684	0.00684	0.02267	0.01332	0.81071	0.01835	0.01583	0.01152	0.00576	0.00468	0.00144	0.00396	0.00468	0.00576	0.00792
13	0.02087	0.00792	0.01080	0.00828	0.01188	0.00684	0.00684	0.02267	0.01332	0.81071	0.01835	0.01583	0.01152	0.00576	0.00468	0.00144	0.00396	0.00468	0.00576	0.00792
14	0.86937	0.00900	0.00684	0.00612	0.00900	0.01044	0.00504	0.01368	0.00792	0.02087	0.00648	0.00756	0.00504	0.00432	0.00288	0.00144	0.00360	0.00252	0.00288	0.00504
15	0.00933	0.02406	0.81240	0.01326	0.02014	0.01080	0.01719	0.01473	0.00982	0.01473	0.00835	0.00982	0.00589	0.00442	0.00442	0.00147	0.00688	0.00344	0.00196	0.00688
16	0.00600	0.00473	0.00541	0.00524	0.00659	0.00414	0.00393	0.00765	0.01180	0.01540	0.39941	0.04011	0.45155	0.01073	0.00549	0.00152	0.00228	0.00917	0.00469	0.00414
17	0.00564	0.00472	0.00491	0.00486	0.00637	0.00399	0.00365	0.00695	0.01094	0.01337	0.14647	0.04346	0.70576	0.01148	0.00550	0.00156	0.00234	0.00963	0.00443	0.00399
18	0.01098	0.01255	0.02745	0.01961	0.02431	0.01176	0.79059	0.01490	0.01098	0.01490	0.00941	0.01255	0.00706	0.00392	0.00549	0.00157	0.00784	0.00549	0.00235	0.00627
19	0.00941	0.00910	0.01403	0.71869	0.06862	0.04665	0.01260	0.01279	0.03951	0.01231	0.00865	0.01237	0.00655	0.00470	0.00463	0.00153	0.00617	0.00413	0.00219	0.00537
20	0.01015	0.00825	0.00970	0.00695	0.01106	0.00623	0.00557	0.01221	0.00981	0.05086	0.00872	0.00992	0.00710	0.00355	0.00350	0.00072	0.00347	0.00284	0.00289	0.82649
21	0.02011	0.00861	0.01120	0.00862	0.01218	0.00794	0.00711	0.13601	0.01446	0.67892	0.01717	0.01520	0.01099	0.00633	0.02132	0.00156	0.00430	0.00461	0.00553	0.00784
22	0.01740	0.02157	0.01323	0.01190	0.01438	0.76501	0.00898	0.06942	0.01375	0.01256	0.00745	0.00857	0.00612	0.00485	0.00422	0.00121	0.00817	0.00307	0.00255	0.00556
23	0.02033	0.00776	0.01051	0.00810	0.01159	0.00673	0.00668	0.02214	0.01316	0.77510	0.01821	0.01590	0.01153	0.00574	0.00461	0.00142	0.00388	0.00466	0.04420	0.00776
24	0.00573	0.00409	0.00545	0.00644	0.00676	0.00382	0.00432	0.00662	0.00917	0.01230	0.07435	0.78355	0.03159	0.01426	0.00591	0.00186	0.00267	0.01292	0.00437	0.00382
25	0.01151	0.01105	0.01888	0.02855	0.80748	0.01105	0.01428	0.01428	0.01059	0.01520	0.00875	0.01151	0.00737	0.00415	0.00461	0.00138	0.00553	0.00415	0.00230	0.00737
26	0.00933	0.02406	0.81240	0.01326	0.02014	0.01080	0.01719	0.01473	0.00982	0.01473	0.00835	0.00982	0.00589	0.00442	0.00442	0.00147	0.00688	0.00344	0.00196	0.00688
27	0.00589	0.00421	0.00565	0.00673	0.00710	0.00397	0.00471	0.00686	0.00913	0.01213	0.02552	0.73825	0.03028	0.01436	0.00600	0.00192	0.00289	0.10625	0.00431	0.00384
28	0.00556	0.00461	0.00488	0.00509	0.00642	0.00393	0.00374	0.00669	0.01031	0.01247	0.04295	0.18382	0.65545	0.01229	0.00559	0.00164	0.00245	0.02387	0.00432	0.00391
29	0.00933	0.02406	0.81240	0.01326	0.02014	0.01080	0.01719	0.01473	0.00982	0.01473	0.00835	0.00982	0.00589	0.00442	0.00442	0.00147	0.00688	0.00344	0.00196	0.00688
30	0.01738	0.02217	0.01318	0.01199	0.01438	0.81783	0.00899	0.01858	0.01318	0.01139	0.00719	0.00839	0.00599	0.00479	0.00419	0.00120	0.00839	0.00300	0.00240	0.00539
31	0.01738	0.01274	0.01364	0.01049	0.01412	0.01409	0.00865	0.76576	0.02147	0.02892	0.01130	0.01138	0.00805	0.00558	0.00461	0.00139	0.00502	0.00419	0.03344	0.00779
32	0.00566	0.00409	0.00535	0.00636	0.00672	0.00379	0.00427	0.00649	0.00902	0.01192	0.02704	0.78194	0.08139	0.01439	0.00591	0.00187	0.00268	0.01300	0.00432	0.00379
33	0.01244	0.83930	0.02438	0.00796	0.01194	0.01841	0.00796	0.01393	0.00945	0.01095	0.00647	0.00746	0.00597	0.00398	0.00299	0.00100	0.00498	0.00249	0.00199	0.00597
34	0.02087	0.00792	0.01080	0.00828	0.01188	0.00684	0.00684	0.02267	0.01332	0.81071	0.01835	0.01583	0.01152	0.00576	0.00468	0.00144	0.00396	0.00468	0.00576	0.00792
35	0.02593	0.01137	0.03191	0.03922	0.62377	0.02704	0.04905	0.01399	0.01018	0.01468	0.00839	0.01127	0.00710	0.00463	0.00584	0.00147	0.10083	0.00414	0.00228	0.00693
36	0.01929	0.01046	0.01237	0.00948	0.01314	0.01061	0.00783	0.40496	0.01757	0.42241	0.01478	0.01352	0.00972	0.00567	0.00467	0.00142	0.00454	0.00443	0.00521	0.00791
37	0.01274	0.01072	0.01135	0.04071	0.01334	0.02616	0.00789	0.17080	0.60679	0.02092	0.01684	0.01583	0.01255	0.00608	0.00471	0.00154	0.00413	0.00497	0.00458	0.00735
38	0.01542	0.03098	0.01375	0.01272	0.06570	0.53062	0.02467	0.07987	0.03468	0.01344	0.02014	0.02438	0.00765	0.01756	0.00572	0.00139	0.08923	0.00369	0.00268	0.00570
39	0.00550	0.00471	0.00471	0.00471	0.00628	0.00393	0.00353	0.00668	0.01060	0.01257	0.04713	0.04477	0.80560	0.01178	0.00550	0.00157	0.00236	0.00982	0.00432	0.00393
40	0.01024	0.01176	0.04999	0.01722	0.03641	0.01067	0.61560	0.01417	0.03944	0.01486	0.02777	0.01677	0.10152	0.00505	0.00541	0.00156	0.00688	0.00594	0.00270	0.00605
41	0.00594	0.00473	0.00533	0.00518	0.00656	0.00412	0.00389	0.00754	0.01166	0.01507	0.35869	0.04065	0.49247	0.01085	0.00549	0.00153	0.00229	0.00924	0.00465	0.00412
42	0.01066	0.00916	0.01026	0.00910	0.01149	0.01029	0.03362	0.04862	0.57841	0.01824	0.04363	0.04531	0.09622	0.03173	0.00565	0.00167	0.01876	0.00605	0.00450	0.00662
43	0.00800	0.00533	0.00676	0.00632	0.00768	0.00503	0.00476	0.01077	0.06938	0.08415	0.56946	0.10760	0.07754	0.00956	0.00541	0.00152	0.00251	0.00840	0.00503	0.00482
44	0.01170	0.01148	0.01848	0.05140	0.74817	0.04800	0.01399	0.01440	0.01067	0.01493	0.00866	0.01140	0.00727	0.00419	0.00459	0.00138	0.00568	0.00409	0.00230	0.00721
45	0.06799	0.09847	0.21132	0.00999	0.01397	0.10643	0.00979	0.15412	0.01272	0.15643	0.02452	0.01180	0.00844	0.00695	0.05682	0.00175	0.00595	0.00380	0.03218	0.00656
46	0.86937	0.00900	0.00684	0.00612	0.00900	0.01044	0.00504	0.01368	0.00792	0.02087	0.00648	0.00756	0.00504	0.00432	0.00288	0.00144	0.00360	0.00252	0.00288	0.00504
47	0.86937	0.00900	0.00684	0.00612	0.00900	0.01044	0.00504	0.01368	0.00792	0.02087	0.00648	0.00756	0.00504	0.00432	0.00288	0.00144	0.00360	0.00252	0.00288	0.00504
48	0.00614	0.00445	0.00587	0.00687	0.00734	0.00429	0.00486	0.00759	0.03914	0.01244	0.02525	0.69775	0.02960	0.01403	0.00596	0.00191	0.00295	0.11525	0.00433	0.00398
49	0.01146	0.01100	0.01879	0.04385	0.79260	0.01104	0.01425	0.01423	0.01057	0.01514	0.00874	0.01153	0.00735	0.00415	0.00461	0.00138	0.00554	0.00414	0.00230	0.00733
50	0.00693	0.00502	0.00651	0.00696	0.00765	0.00510	0.00497	0.07007	0.00966	0.01301	0.02184	0.53460	0.03878	0.06147	0.15532	0.00301	0.00482	0.03619	0.00393	0.00415
51	0.00569	0.00411	0.00539	0.00640	0.00677	0.00382	0.00433	0.00655	0.00905	0.01196	0.02698	0.76937	0.07964	0.01437	0.00592	0.00187	0.00271	0.02695	0.00432	0.00380
52	0.01098	0.01255	0.02745	0.01961	0.02431	0.01176	0.79059	0.01490	0.01098	0.01490	0.00941	0.01255	0.00706	0.00392	0.00549	0.00157	0.00784	0.00549	0.00235	0.00627
53	0.00553	0.00471	0.00476	0.00475	0.00630	0.00394	0.00356	0.00674	0.01068	0.01275	0.06958	0.04447	0.78303	0.01171	0.00550	0.00157	0.00235	0.00978	0.00434	0.00394
54	0.01144	0.01192	0.03774	0.01764	0.03728	0.01109	0.61979	0.06009	0.01168	0.05145	0.03422	0.04134	0.00947	0.00477	0.00540	0.00156	0.00705	0.01695	0.00281	0.00631
55	0.01244	0.83930	0.02438	0.00796	0.01194	0.01841	0.00796	0.01393	0.00945	0.01095	0.00647	0.00746	0.00597	0.00398	0.00299	0.00100	0.00498	0.00249	0.00199	0.00597
56	0.01728	0.03791	0.01340	0.01191	0.01433	0.80243	0.00897	0.01849	0.01311	0.01138	0.00718	0.00837	0.00599	0.00478	0.00417	0.00119	0.00832	0.00299	0.00239	0.00540
57	0.86937	0.00900	0.00684	0.00612	0.00900	0.01044	0.00504	0.01368	0.00792	0.02087	0.00648	0.00756	0.00504	0.00432	0.00288	0.00144	0.00360	0.00252	0.00288	0.00504
58	0.01168	0.00984	0.01039	0.00928	0.01188	0.01132	0.00723	0.06142	0.71851	0.01985	0.03281	0.01737	0.01436	0.00630	0.00469	0.00155	0.00367	0.00523	0.03539	0.00723
59	0.86937	0.00900	0.00684	0.00612	0.00900	0.01044	0.00504	0.01368	0.00792	0.02087	0.00648	0.00756	0.00504	0.00432	0.00288	0.00144	0.00360	0.00252	0.00288	0.00504
60	0.00550	0.00471	0.00471	0.00471	0.00628	0.00393	0.00353	0.00668	0.01060	0.01257	0.04713	0.04477	0.80560	0.01178	0.00550	0.00157	0.00236	0.00982	0.00432	0.00393
61	0.00888	0.00847	0.01329	0.71624	0.04070	0.03914	0.01208	0.01172	0.00943	0.01192	0.00968	0.08025	0.00825	0.00547	0.00474	0.00156	0.00598	0.00485	0.00227	0.00509
62	0.01145	0.01097	0.01694	0.16001	0.54936	0.04795	0.01306	0.05216	0.02771	0.01509	0.00933	0.03301	0.00787	0.00472	0.00483	0.00143	0.02049	0.00435	0.00248	0.00680
63	0.01031	0.19221	0.61470	0.01230	0.03179	0.01228	0.01496	0.01477	0.00985	0.03469	0.00823	0.00952	0.00608	0.00436	0.00413	0.00137	0.00638	0.00329	0.00207	0.00672
64	0.01324	0.70625	0.02256	0.00862	0.01234	0.14858	0.00813	0.01469	0.01006	0.01102	0.00659	0.00761	0.00597	0.00411	0.00318	0.00103	0.00553	0.00257	0.00206	0.00588
65	0.00625	0.00443	0.00588	0.00683	0.00727	0.00426	0.00494	0.00730	0.00911	0.01205	0.02411	0.54578	0.02817	0.10963	0.00812	0.00226	0.00330	0.20239	0.00414	0.00379
66	0.10787	0.24249	0.31758	0.00987	0.01478	0.01228	0.01088	0.05721	0.01054	0.10453	0.00889	0.00966	0.00663	0.00443	0.00383	0.00128	0.00533	0.00321	0.00270	0.06603
67	0.00550	0.00471	0.00471	0.00471	0.00628	0.00393	0.00353	0.00668	0.01060	0.01257	0.04713	0.04477	0.80560	0.01178	0.00550	0.00157	0.00236	0.00982	0.00432	0.00393
68	0.00644	0.00464	0.00609	0.00595	0.00692	0.00429	0.00438	0.00841	0.01249	0.01758	0.68106	0.16179	0.04181	0.01032	0.00556	0.00153	0.00227	0.00918	0.00499	0.00429
69	0.00867	0.00434	0.00434	0.00434	0.00542	0.00434	0.00325	0.01084	0.00976	0.01734	0.01518	0.01734	0.01192	0.00542	0.00325	0.00108	0.00217	0.00434	0.86233	0.00434
70	0.00938	0.02379	0.79550	0.01359	0.03690	0.01081	0.01713	0.01472	0.00984	0.01474	0.00836	0.00986	0.00592	0.00441	0.00442	0.00147	0.00685	0.00345	0.00197	0.00689
71	0.00879	0.00827	0.01395	0.82532	0.03204	0.01034	0.01292	0.01189	0.00930	0.01189	0.00827	0.01240	0.00620	0.00465	0.00465	0.00155	0.00620	0.00413	0.00207	0.00517
72	0.00677	0.00451	0.00507	0.00507	0.00507	0.00451	0.00282	0.00677	0.00677	0.00902	0.01466	0.03044	0.01691	0.83650	0.02368	0.00451	0.00451	0.00677	0.00282	0.00282
73	0.01180	0.01011	0.01065	0.00951	0.01219	0.01168	0.00742	0.05384	0.76958	0.01984	0.01864	0.01712	0.01396	0.00628	0.00473	0.00157	0.00374	0.00522	0.00473	0.00738
74	0.01157	0.00999	0.01052	0.00947	0.01210	0.01157	0.00736	0.02472	0.79908	0.01946	0.01893	0.01736	0.01420	0.00631	0.00473	0.00158	0.00368	0.00526	0.00473	0.00736
75	0.01768	0.01303	0.01396	0.01070	0.01443	0.01443	0.00884	0.79197	0.02187	0.02932	0.01117	0.01117	0.00791	0.00558	0.00465	0.00140	0.00512	0.00419	0.00465	0.00791
76	0.01151	0.01105	0.01888	0.02855	0.80748	0.01105	0.01428	0.01428	0.01059	0.01520	0.00875	0.01151	0.00737	0.00415	0.00461	0.00138	0.00553	0.00415	0.00230	0.00737
77	0.00567	0.00405	0.00540	0.00648	0.00675	0.00378	0.00432	0.00648	0.00891	0.01188	0.02564	0.83347	0.03077	0.01457	0.00594	0.00189	0.00270	0.01323	0.00432	0.00378
78	0.01145	0.01197	0.06866	0.12222	0.12536	0.01139	0.34401	0.08180	0.11176	0.03094	0.01075	0.01288	0.00808	0.00458	0.00497	0.00151	0.00632	0.00483	0.01993	0.00658
79	0.01173	0.03085	0.21331	0.05671	0.26214	0.05389	0.09690	0.07228	0.11166	0.03014	0.01021	0.01180	0.00780	0.00465	0.00463	0.00144	0.00599	0.00418	0.00275	0.00694
80	0.00674	0.00460	0.00555	0.00555	0.00571	0.00477	0.00341	0.00707	0.00691	0.00937	0.01422	0.02804	0.01587	0.67792	0.18084	0.00510	0.00608	0.00641	0.00275	0.00308
81	0.01017	0.14196	0.62460	0.01217	0.01821	0.02750	0.01498	0.04397	0.01021	0.01454	0.00830	0.00978	0.00618	0.00543	0.03152	0.00160	0.00675	0.00337	0.00210	0.00666
82	0.01233	0.81194	0.05083	0.00814	0.01222	0.01815	0.00827	0.01396	0.00947	0.01107	0.00653	0.00754	0.00597	0.00399	0.00303	0.00101	0.00504	0.00252	0.00199	0.00600
83	0.00567	0.00405	0.00540	0.00648	0.00675	0.00378	0.00432	0.00648	0.00891	0.01188	0.02564	0.83347	0.03077	0.01457	0.00594	0.00189	0.00270	0.01323	0.00432	0.00378
84	0.05098	0.01179	0.01620	0.05413	0.18969	0.06711	0.14003	0.17494	0.09828	0.04013	0.01058	0.02466	0.00830	0.00515	0.00534	0.00146	0.05801	0.00445	0.00320	0.03555
85	0.01459	0.01288	0.06805	0.01459	0.16335	0.06375	0.07690	0.26271	0.15772	0.09929	0.01225	0.01267	0.00898	0.00519	0.00469	0.00144	0.00538	0.00441	0.00382	0.00734
86	0.00561	0.00467	0.00491	0.00506	0.00648	0.00398	0.00379	0.00679	0.01044	0.01256	0.04396	0.12439	0.69277	0.01211	0.00558	0.00163	0.00248	0.04455	0.00432	0.00393
87	0.04610	0.01170	0.01228	0.00975	0.01314	0.07106	0.00793	0.40972	0.09356	0.23266	0.03542	0.01333	0.01023	0.00571	0.00460	0.00141	0.00478	0.00440	0.00474	0.00748
88	0.01157	0.00999	0.01052	0.00947	0.01210	0.01157	0.00736	0.02472	0.79908	0.01946	0.01893	0.01736	0.01420	0.00631	0.00473	0.00158	0.00368	0.00526	0.00473	0.00736
89	0.00670	0.00476	0.00635	0.00635	0.00679	0.00520	0.00441	0.00758	0.00714	0.00996	0.01350	0.02400	0.01412	0.41215	0.44421	0.00608	0.00872	0.00582	0.00265	0.00353
90	0.86937	0.00900	0.00684	0.00612	0.00900	0.01044	0.00504	0.01368	0.00792	0.02087	0.00648	0.00756	0.00504	0.00432	0.00288	0.00144	0.00360	0.00252	0.00288	0.00504
91	0.00677	0.00451	0.00507	0.00507	0.00507	0.00451	0.00282	0.00677	0.00677	0.00902	0.01466	0.03044	0.01691	0.83650	0.02368	0.00451	0.00451	0.00677	0.00282	0.00282
92	0.00879	0.00827	0.01395	0.82532	0.03204	0.01034	0.01292	0.01189	0.00930	0.01189	0.00827	0.01240	0.00620	0.00465	0.00465	0.00155	0.00620	0.00413	0.00207	0.00517
93	0.86937	0.00900	0.00684	0.00612	0.00900	0.01044	0.00504	0.01368	0.00792	0.02087	0.00648	0.00756	0.00504	0.00432	0.00288	0.00144	0.00360	0.00252	0.00288	0.00504
94	0.00933	0.02406	0.81240	0.01326	0.02014	0.01080	0.01719	0.01473	0.00982	0.01473	0.00835	0.00982	0.00589	0.00442	0.00442	0.00147	0.00688	0.00344	0.00196	0.00688
95	0.02087	0.00792	0.01080	0.00828	0.01188	0.00684	0.00684	0.02267	0.01332	0.81071	0.01835	0.01583	0.01152	0.00576	0.00468	0.00144	0.00396	0.00468	0.00576	0.00792
96	0.00567	0.00405	0.00540	0.00648	0.00675	0.00378	0.00432	0.00648	0.00891	0.01188	0.02564	0.83347	0.03077	0.01457	0.00594	0.00189	0.00270	0.01323	0.00432	0.00378
97	0.02055	0.00843	0.01111	0.00852	0.01213	0.00760	0.00704	0.09948	0.01417	0.73270	0.01764	0.01537	0.01116	0.00574	0.00468	0.00144	0.00407	0.00463	0.00565	0.00792
98	0.01768	0.01303	0.01396	0.01070	0.01443	0.01443	0.00884	0.79197	0.02187	0.02932	0.01117	0.01117	0.00791	0.00558	0.00465	0.00140	0.00512	0.00419	0.00465	0.00791
99	0.00559	0.00473	0.00484	0.00486	0.00641	0.00398	0.00368	0.00683	0.01068	0.01278	0.06749	0.04473	0.76017	0.01175	0.00553	0.00159	0.00241	0.03365	0.00434	0.00395
100	0.01768	0.01303	0.01396	0.01070	0.01443	0.01443	0.00884	0.79197	0.02187	0.02932	0.01117	0.01117	0.00791	0.00558	0.00465	0.00140	0.00512	0.00419	0.00465	0.00791
101	0.00982	0.00964	0.01349	0.01175	0.01182	0.01330	0.00976	0.01089	0.00736	0.01134	0.00779	0.04347	0.00807	0.00908	0.02901	0.00213	0.74498	0.03908	0.00223	0.00499
102	0.00619	0.00474	0.00567	0.00544	0.00671	0.00422	0.00408	0.00802	0.01224	0.01645	0.53079	0.03838	0.31951	0.01033	0.00549	0.00150	0.00225	0.00892	0.00483	0.00422
103	0.04241	0.00884	0.01124	0.00864	0.01224	0.00825	0.00714	0.15630	0.01466	0.65417	0.01679	0.01481	0.01072	0.00569	0.00463	0.00143	0.00415	0.00454	0.00549	0.00784
104	0.00920	0.00892	0.01335	0.07890	0.01360	0.01160	0.06415	0.01057	0.00791	0.01163	0.01024	0.15987	0.01081	0.00951	0.03579	0.00210	0.52856	0.00586	0.00249	0.00491
105	0.00574	0.00409	0.00543	0.00648	0.00676	0.00383	0.00434	0.00655	0.00888	0.01183	0.02530	0.79416	0.03028	0.03889	0.00647	0.00197	0.00278	0.02819	0.00427	0.00376
106	0.01264	0.01045	0.01159	0.01040	0.03929	0.01183	0.02332	0.14930	0.60446	0.03225	0.01706	0.01603	0.01272	0.00605	0.00470	0.00153	0.00404	0.00503	0.01993	0.00739
107	0.00558	0.00472	0.00482	0.00479	0.00633	0.00396	0.00360	0.00683	0.01079	0.01300	0.10088	0.04406	0.75158	0.01162	0.00550	0.00156	0.00234	0.00972	0.00438	0.00396
108	0.00952	0.00891	0.01370	0.01116	0.01384	0.00913	0.23138	0.01609	0.31001	0.01631	0.08600	0.11511	0.10943	0.00760	0.00527	0.00161	0.00450	0.02051	0.00398	0.00593
109	0.01228	0.01035	0.01092	0.00961	0.01237	0.01190	0.00754	0.11385	0.70879	0.02061	0.01803	0.01664	0.01347	0.00623	0.00472	0.00156	0.00385	0.00514	0.00472	0.00743
110	0.01151	0.01105	0.01888	0.02855	0.80748	0.01105	0.01428	0.01428	0.01059	0.01520	0.00875	0.01151	0.00737	0.00415	0.00461	0.00138	0.00553	0.00415	0.00230	0.00737
111	0.01148	0.00990	0.01044	0.00940	0.01200	0.01144	0.00731	0.02443	0.78465	0.01945	0.03336	0.01768	0.01475	0.00637	0.00475	0.00158	0.00365	0.00532	0.00474	0.00731
112	0.02860	0.02479	0.02599	0.12008	0.11937	0.02540	0.00852	0.04511	0.02266	0.38086	0.07932	0.03282	0.04007	0.00598	0.00468	0.00144	0.00441	0.00503	0.01810	0.00675
113	0.03216	0.32484	0.03132	0.01171	0.09067	0.14438	0.06208	0.08148	0.01165	0.09268	0.00969	0.02781	0.02009	0.00487	0.00419	0.00124	0.02138	0.00369	0.00283	0.02124
114	0.03569	0.17053	0.41928	0.01219	0.01760	0.02863	0.10385	0.05482	0.01085	0.09126	0.00915	0.01026	0.00666	0.00447	0.00427	0.00138	0.00621	0.00362	0.00255	0.00671
115	0.01056	0.01077	0.04612	0.04885	0.42923	0.04657	0.07763	0.02541	0.02502	0.01514	0.07443	0.04602	0.06188	0.00550	0.00477	0.00140	0.00520	0.00515	0.00282	0.05755
116	0.00847	0.00438	0.00452	0.00448	0.00557	0.00434	0.00336	0.01064	0.01009	0.01747	0.09153	0.01903	0.01501	0.00582	0.00347	0.00112	0.00217	0.00473	0.77947	0.00434
117	0.14041	0.00807	0.01024	0.00797	0.01147	0.00734	0.00658	0.02140	0.01255	0.69943	0.01668	0.01467	0.01060	0.00556	0.00442	0.00144	0.00391	0.00437	0.00535	0.00751
118	0.00666	0.00494	0.00727	0.00727	0.00803	0.00570	0.00555	0.00817	0.00741	0.01064	0.01265	0.01934	0.01209	0.10489	0.74870	0.00722	0.01177	0.00514	0.00252	0.00404

[dist]
# distance from previous block
# <min> <max>
0	2

[block]
# block no. 1 follows, 55 sequences, length 75
# corresponding to MSA columns:
# 571-586,588-612,614-647
name=unknown_B
#
# <colnr> <probs for GDERKNQSTAVLIFYWHMCP>
#	G	D	E	R	K	N	Q	S	T	A	V	L	I	F	Y	W	H	M	C	P
0	0.01122	0.01083	0.01864	0.10712	0.67019	0.01103	0.05480	0.01432	0.02907	0.01495	0.00898	0.01179	0.00740	0.00423	0.00466	0.00141	0.00567	0.00424	0.00234	0.00709
1	0.08631	0.00774	0.01008	0.00788	0.01122	0.00692	0.00648	0.02089	0.01281	0.68474	0.06469	0.01635	0.01296	0.00586	0.00456	0.00143	0.00379	0.00473	0.02316	0.00741
2	0.03697	0.01142	0.02545	0.02779	0.07236	0.02487	0.04188	0.42978	0.08783	0.03804	0.01236	0.04850	0.00986	0.02209	0.00542	0.00152	0.03597	0.01586	0.04508	0.00696
3	0.00666	0.00494	0.00726	0.00726	0.00802	0.00570	0.00555	0.00817	0.00741	0.01064	0.01266	0.01936	0.01210	0.10644	0.74716	0.00721	0.01175	0.00514	0.00252	0.00403
4	0.00873	0.01318	0.32881	0.00983	0.04761	0.00767	0.01001	0.02616	0.02342	0.05546	0.14263	0.03426	0.22003	0.00744	0.00503	0.00149	0.01607	0.00616	0.03033	0.00568
5	0.01356	0.60135	0.03685	0.02399	0.01309	0.22040	0.00849	0.01508	0.01040	0.01115	0.00672	0.00783	0.00598	0.00421	0.00335	0.00107	0.00590	0.00266	0.00209	0.00583
6	0.66059	0.00999	0.00858	0.00724	0.01033	0.01141	0.00597	0.20446	0.01134	0.02294	0.00763	0.00844	0.00574	0.00463	0.00331	0.00143	0.00397	0.00293	0.00331	0.00574
7	0.01143	0.01059	0.01676	0.05123	0.60356	0.04282	0.02525	0.01424	0.02628	0.04438	0.08273	0.02869	0.01133	0.00497	0.00472	0.00141	0.00525	0.00472	0.00277	0.00688
8	0.00592	0.00433	0.00563	0.00653	0.00708	0.00400	0.00457	0.00691	0.00924	0.01221	0.02703	0.67160	0.09816	0.01391	0.00589	0.00186	0.00283	0.08389	0.00428	0.02414
9	0.01116	0.01111	0.01895	0.02413	0.55701	0.03428	0.15189	0.01433	0.03950	0.01496	0.01087	0.05526	0.02521	0.00490	0.00484	0.00145	0.00574	0.00498	0.00255	0.00686
10	0.50764	0.02288	0.07723	0.00762	0.01106	0.03326	0.00682	0.03601	0.01007	0.23351	0.00998	0.01010	0.00698	0.00476	0.00358	0.00143	0.00417	0.00324	0.00360	0.00607
11	0.06425	0.03486	0.05718	0.00971	0.05059	0.03690	0.06751	0.01438	0.07069	0.07598	0.02392	0.02354	0.00861	0.00436	0.00396	0.00106	0.00433	0.00365	0.00308	0.44146
12	0.00947	0.00780	0.00905	0.00682	0.01041	0.00614	0.00541	0.03968	0.01030	0.02963	0.02706	0.04976	0.09072	0.00512	0.00390	0.00090	0.00336	0.01365	0.00317	0.66766
13	0.01090	0.00984	0.01580	0.02259	0.58436	0.00989	0.01182	0.01444	0.08354	0.03517	0.10331	0.03391	0.03301	0.00543	0.00477	0.00143	0.00479	0.00510	0.00303	0.00687
14	0.01119	0.00804	0.00961	0.00728	0.01090	0.00652	0.00581	0.05795	0.01088	0.12132	0.02691	0.07586	0.01054	0.00505	0.00397	0.00097	0.00355	0.01997	0.00346	0.60021
15	0.00840	0.00499	0.00523	0.00512	0.00635	0.00502	0.00382	0.02617	0.06945	0.01688	0.07742	0.06141	0.09489	0.02787	0.00443	0.00133	0.00244	0.00575	0.56850	0.00453
16	0.02087	0.00792	0.01080	0.00828	0.01188	0.00684	0.00684	0.02267	0.01332	0.81071	0.01835	0.01583	0.01152	0.00576	0.00468	0.00144	0.00396	0.00468	0.00576	0.00792
17	0.82277	0.00885	0.00692	0.00616	0.00901	0.01017	0.00506	0.01376	0.00821	0.04076	0.03006	0.00856	0.00633	0.00451	0.00300	0.00144	0.00357	0.00275	0.00302	0.00509
18	0.01691	0.02157	0.03639	0.01190	0.01446	0.74724	0.00916	0.03212	0.04553	0.01213	0.00778	0.00885	0.00636	0.00486	0.00423	0.00123	0.00810	0.00312	0.00252	0.00556
19	0.01132	0.01289	0.02488	0.03997	0.04590	0.07504	0.65243	0.01505	0.02177	0.01472	0.03245	0.01290	0.00813	0.00421	0.00533	0.00153	0.00756	0.00530	0.00246	0.00617
20	0.86937	0.00900	0.00684	0.00612	0.00900	0.01044	0.00504	0.01368	0.00792	0.02087	0.00648	0.00756	0.00504	0.00432	0.00288	0.00144	0.00360	0.00252	0.00288	0.00504
21	0.01157	0.00999	0.01052	0.00947	0.01210	0.01157	0.00736	0.02472	0.79908	0.01946	0.01893	0.01736	0.01420	0.00631	0.00473	0.00158	0.00368	0.00526	0.00473	0.00736
22	0.00853	0.00812	0.01254	0.01061	0.04165	0.00790	0.21072	0.01311	0.17932	0.01517	0.08315	0.04119	0.33202	0.00816	0.00531	0.00156	0.00419	0.00746	0.00388	0.00543
23	0.00555	0.00471	0.00479	0.00477	0.00632	0.00395	0.00358	0.00678	0.01073	0.01287	0.08540	0.04427	0.76713	0.01167	0.00550	0.00157	0.00235	0.00975	0.00436	0.00395
24	0.01078	0.00886	0.00960	0.00869	0.01099	0.00995	0.00678	0.06655	0.53719	0.03119	0.06261	0.06374	0.08706	0.00756	0.00511	0.00159	0.01757	0.02972	0.01790	0.00658
25	0.00657	0.00483	0.00577	0.00548	0.00683	0.00428	0.00413	0.00836	0.01218	0.03874	0.49067	0.03808	0.33653	0.01028	0.00547	0.00150	0.00231	0.00885	0.00483	0.00431
26	0.00942	0.04831	0.78897	0.01310	0.01989	0.01103	0.01691	0.01471	0.00981	0.01462	0.00829	0.00975	0.00590	0.00441	0.00438	0.00146	0.00682	0.00341	0.00197	0.00685
27	0.01366	0.55834	0.06760	0.00942	0.01312	0.24586	0.00880	0.01530	0.01054	0.01129	0.00678	0.00787	0.00597	0.00424	0.00341	0.00108	0.00606	0.00269	0.00210	0.00586
28	0.00566	0.00407	0.00537	0.00641	0.00673	0.00378	0.00429	0.00649	0.00897	0.01190	0.02643	0.80461	0.05912	0.01447	0.00592	0.00188	0.00269	0.01310	0.00432	0.00378
29	0.00677	0.00451	0.00507	0.00507	0.00507	0.00451	0.00282	0.00677	0.00677	0.00902	0.01466	0.03044	0.01691	0.83650	0.02368	0.00451	0.00451	0.00677	0.00282	0.00282
30	0.00675	0.00512	0.00758	0.00752	0.00829	0.00601	0.00582	0.00833	0.00744	0.01074	0.01236	0.01852	0.01168	0.06555	0.76357	0.00720	0.03586	0.00503	0.00249	0.00413
31	0.01738	0.02201	0.01320	0.01196	0.01438	0.80399	0.00899	0.03189	0.01333	0.01169	0.00726	0.00844	0.00603	0.00481	0.00420	0.00120	0.00833	0.00302	0.00244	0.00544
32	0.00710	0.00556	0.00664	0.00670	0.00790	0.03437	0.00533	0.00911	0.01214	0.01626	0.45622	0.04011	0.13645	0.01058	0.00571	0.00166	0.00303	0.22611	0.00468	0.00434
33	0.01375	0.00948	0.01054	0.00849	0.02673	0.06607	0.00666	0.11765	0.01258	0.21975	0.03560	0.02602	0.05990	0.00551	0.00450	0.00117	0.02047	0.01629	0.00393	0.33490
34	0.01102	0.00901	0.01283	0.01051	0.01329	0.00937	0.16461	0.01845	0.36958	0.09090	0.15002	0.02170	0.06124	0.00681	0.00510	0.00156	0.00424	0.02895	0.00438	0.00642
35	0.00879	0.00827	0.01395	0.82532	0.03204	0.01034	0.01292	0.01189	0.00930	0.01189	0.00827	0.01240	0.00620	0.00465	0.00465	0.00155	0.00620	0.00413	0.00207	0.00517
36	0.01031	0.00934	0.01581	0.38265	0.37182	0.01019	0.02827	0.01311	0.01003	0.04318	0.00983	0.05702	0.00827	0.00500	0.00472	0.00149	0.00566	0.00468	0.00244	0.00619
37	0.02499	0.01140	0.01857	0.15177	0.43985	0.06950	0.15581	0.01403	0.01054	0.01431	0.00926	0.04167	0.00785	0.00462	0.00477	0.00145	0.00613	0.00461	0.00236	0.00650
38	0.01914	0.00852	0.01085	0.00850	0.01192	0.00801	0.00696	0.10178	0.09436	0.61953	0.01755	0.01557	0.01143	0.00578	0.00463	0.00144	0.00398	0.00467	0.03765	0.00773
39	0.00593	0.00421	0.00559	0.00660	0.00694	0.00399	0.00455	0.00682	0.00895	0.01190	0.02482	0.70068	0.02945	0.06799	0.00714	0.00209	0.00298	0.09137	0.00422	0.00377
40	0.01268	0.02720	0.01591	0.22288	0.34119	0.04761	0.01196	0.17921	0.04221	0.03998	0.00968	0.01179	0.00747	0.00473	0.00458	0.00142	0.00561	0.00412	0.00293	0.00683
41	0.01580	0.03566	0.01295	0.01040	0.01342	0.18859	0.00829	0.45916	0.08985	0.02239	0.01224	0.08753	0.01015	0.00627	0.00464	0.00141	0.00547	0.00482	0.00407	0.00688
42	0.01108	0.00836	0.00988	0.00743	0.01098	0.00712	0.01523	0.10838	0.02298	0.07870	0.05949	0.01423	0.04614	0.02908	0.00475	0.01352	0.00366	0.00395	0.00345	0.54158
43	0.03038	0.01314	0.01252	0.01063	0.03416	0.18254	0.00828	0.29034	0.12685	0.18959	0.01322	0.01288	0.02097	0.00566	0.00484	0.00141	0.02700	0.00424	0.00426	0.00711
44	0.00952	0.07339	0.76472	0.01294	0.01964	0.01126	0.01663	0.01468	0.00980	0.01450	0.00823	0.00968	0.00590	0.00439	0.00433	0.00144	0.00676	0.00338	0.00197	0.00682
45	0.00942	0.02341	0.76792	0.01362	0.02037	0.01086	0.06101	0.01474	0.00989	0.01474	0.00841	0.00998	0.00596	0.00439	0.00448	0.00148	0.00693	0.00355	0.00199	0.00684
46	0.00720	0.00550	0.00731	0.00711	0.00743	0.00636	0.00512	0.00801	0.00731	0.01025	0.01362	0.06498	0.01468	0.38184	0.27914	0.00489	0.12788	0.03496	0.00273	0.00369
47	0.02625	0.01263	0.01696	0.01319	0.01666	0.12179	0.26883	0.18049	0.13942	0.08110	0.01270	0.03800	0.00998	0.00557	0.00496	0.00150	0.00603	0.03368	0.00363	0.00664
48	0.01028	0.00978	0.01634	0.27635	0.46526	0.01072	0.01306	0.01292	0.00984	0.01370	0.00920	0.05091	0.00802	0.00511	0.00550	0.00151	0.06829	0.00457	0.00230	0.00633
49	0.00568	0.00468	0.00500	0.00501	0.00642	0.00399	0.00372	0.00700	0.01090	0.01350	0.16753	0.09580	0.63144	0.01160	0.00553	0.00157	0.00235	0.00982	0.00445	0.00399
50	0.01203	0.00812	0.00994	0.00892	0.03154	0.00849	0.02717	0.19315	0.11995	0.12114	0.06416	0.07457	0.02746	0.12329	0.04394	0.00223	0.00454	0.07700	0.03645	0.00591
51	0.03533	0.40899	0.38601	0.01051	0.01568	0.03032	0.01219	0.01433	0.00961	0.01298	0.00734	0.00862	0.00591	0.00429	0.00390	0.00125	0.02144	0.00297	0.00201	0.00633
52	0.00658	0.00478	0.00622	0.00592	0.00703	0.00441	0.00448	0.00875	0.01300	0.01829	0.75281	0.03571	0.06702	0.00970	0.00552	0.00149	0.00228	0.03659	0.00507	0.00437
53	0.00676	0.00501	0.00635	0.00610	0.00726	0.00474	0.00459	0.00940	0.05435	0.01783	0.65279	0.08047	0.08376	0.00986	0.00550	0.00152	0.00237	0.03188	0.00498	0.00448
54	0.14504	0.01112	0.02650	0.03314	0.01311	0.02576	0.00791	0.38570	0.13952	0.06274	0.01409	0.01559	0.04217	0.00613	0.00452	0.00149	0.00456	0.04977	0.00425	0.00687
55	0.06627	0.01004	0.01634	0.26841	0.48320	0.01084	0.01301	0.02368	0.01015	0.02640	0.00858	0.01156	0.00691	0.00443	0.00471	0.00145	0.02113	0.00404	0.00234	0.00652
56	0.00665	0.00498	0.00748	0.00748	0.00831	0.00582	0.00582	0.00831	0.00748	0.01080	0.01246	0.01828	0.01163	0.03489	0.81807	0.00748	0.01246	0.00498	0.00249	0.00415
57	0.02065	0.00827	0.01102	0.00845	0.01205	0.00737	0.00698	0.07645	0.01391	0.75608	0.01785	0.01551	0.01126	0.00575	0.00468	0.00144	0.00404	0.00464	0.00568	0.00792
58	0.00591	0.00473	0.00528	0.00514	0.00653	0.00410	0.00386	0.00747	0.01157	0.01485	0.33184	0.04101	0.51945	0.01093	0.00549	0.00153	0.00230	0.00929	0.00462	0.00410
59	0.01015	0.01069	0.04349	0.01225	0.01250	0.01412	0.01043	0.01133	0.00722	0.01133	0.00619	0.01017	0.00610	0.00801	0.01487	0.00202	0.79790	0.00405	0.00203	0.00515
60	0.01710	0.02172	0.01303	0.01187	0.01422	0.79645	0.00891	0.01831	0.01303	0.01137	0.00733	0.00865	0.00614	0.00559	0.02562	0.00136	0.00850	0.00305	0.00240	0.00536
61	0.01378	0.01058	0.01218	0.00940	0.01266	0.04016	0.01780	0.25707	0.01364	0.10651	0.00993	0.01088	0.00757	0.00514	0.00581	0.00123	0.12944	0.00366	0.00355	0.32902
62	0.05980	0.01128	0.01477	0.10600	0.16062	0.08685	0.08010	0.09436	0.08937	0.05527	0.01051	0.04819	0.00871	0.00584	0.00646	0.00156	0.14643	0.00460	0.00302	0.00624
63	0.00709	0.00508	0.00636	0.00594	0.00724	0.00472	0.00449	0.00963	0.04773	0.04148	0.65123	0.03468	0.13761	0.00954	0.00543	0.00148	0.00233	0.00834	0.00502	0.00457
64	0.63920	0.00934	0.00817	0.00693	0.00995	0.01048	0.00571	0.12662	0.01050	0.09816	0.00856	0.00917	0.00628	0.00467	0.00332	0.00142	0.00381	0.00302	0.02897	0.00571
65	0.00679	0.00454	0.00516	0.00520	0.00524	0.00454	0.00299	0.00687	0.00691	0.00920	0.01503	0.03127	0.01728	0.80581	0.02304	0.00442	0.00450	0.03544	0.00287	0.00287
66	0.05298	0.00965	0.01000	0.00883	0.01140	0.03975	0.00697	0.10669	0.44717	0.07831	0.05273	0.03117	0.06051	0.00687	0.00475	0.00154	0.00387	0.03783	0.02229	0.00671
67	0.00572	0.00408	0.00541	0.00642	0.00671	0.00382	0.00428	0.00655	0.00897	0.01200	0.04801	0.78908	0.03079	0.03609	0.00639	0.00195	0.00273	0.01292	0.00430	0.00377
68	0.01119	0.01072	0.01829	0.12451	0.71410	0.01097	0.01411	0.01399	0.01044	0.01480	0.00869	0.01162	0.00723	0.00421	0.00461	0.00140	0.00561	0.00414	0.00227	0.00710
69	0.01139	0.01093	0.01866	0.06522	0.77180	0.01102	0.01422	0.01417	0.01053	0.01505	0.00873	0.01156	0.00732	0.00417	0.00461	0.00139	0.00556	0.00414	0.00229	0.00727
70	0.00994	0.00916	0.01458	0.01180	0.01313	0.01082	0.17892	0.04208	0.00867	0.03331	0.00964	0.01579	0.00923	0.18454	0.07473	0.00283	0.35830	0.00504	0.00251	0.00498
71	0.72837	0.04119	0.02732	0.00743	0.03305	0.05828	0.00600	0.02653	0.00863	0.01977	0.00671	0.00783	0.00526	0.00435	0.00308	0.00141	0.00409	0.00264	0.00281	0.00525
72	0.02499	0.07398	0.69670	0.01258	0.01890	0.01121	0.01581	0.01488	0.00983	0.04545	0.00853	0.00988	0.00611	0.00454	0.00460	0.00146	0.02823	0.00343	0.00213	0.00678
73	0.02845	0.01295	0.01157	0.00978	0.01254	0.26073	0.04379	0.11133	0.11836	0.09269	0.07082	0.05132	0.05756	0.00617	0.00458	0.00134	0.00529	0.00492	0.00374	0.09206
74	0.01219	0.01118	0.01118	0.03107	0.01265	0.15965	0.04678	0.10192	0.22669	0.05062	0.04366	0.14647	0.02948	0.00704	0.00477	0.00144	0.00475	0.00592	0.00389	0.08865

[dist]
# distance from previous block
# <min> <max>
0	1

[block]
# block no. 2 follows, 55 sequences, length 54
# corresponding to MSA columns:
# 649-670,676-685,693-714
name=unknown_C
#
# <colnr> <probs for GDERKNQSTAVLIFYWHMCP>
#	G	D	E	R	K	N	Q	S	T	A	V	L	I	F	Y	W	H	M	C	P
0	0.01267	0.29354	0.04114	0.01038	0.01394	0.01283	0.13817	0.08663	0.12089	0.10611	0.01273	0.03789	0.03419	0.00698	0.05054	0.00169	0.00550	0.00450	0.00328	0.00641
1	0.00595	0.00459	0.00545	0.00564	0.00673	0.00409	0.00414	0.00739	0.01099	0.01432	0.27334	0.23079	0.35571	0.01180	0.00564	0.00164	0.00247	0.04072	0.00456	0.00405
2	0.01006	0.00957	0.01566	0.51707	0.30236	0.02434	0.01325	0.02821	0.01007	0.01338	0.00848	0.01200	0.00664	0.00450	0.00463	0.00148	0.00598	0.00412	0.00221	0.00599
3	0.01157	0.00999	0.01052	0.00947	0.01210	0.01157	0.00736	0.02472	0.79908	0.01946	0.01893	0.01736	0.01420	0.00631	0.00473	0.00158	0.00368	0.00526	0.00473	0.00736
4	0.01169	0.00992	0.02751	0.00910	0.01272	0.06803	0.08205	0.02845	0.04496	0.11070	0.01119	0.05754	0.00932	0.00492	0.00440	0.00109	0.02346	0.01536	0.00325	0.46436
5	0.03695	0.02901	0.01084	0.00858	0.01101	0.03260	0.05096	0.06201	0.02460	0.04071	0.11143	0.03302	0.05354	0.02351	0.03404	0.00160	0.11922	0.03976	0.02940	0.24720
6	0.07200	0.03548	0.02941	0.05878	0.11507	0.42435	0.00957	0.11100	0.01320	0.07611	0.00875	0.00987	0.00677	0.00482	0.00426	0.00130	0.00675	0.00344	0.00291	0.00615
7	0.04381	0.06282	0.01426	0.01036	0.01403	0.01445	0.00862	0.69625	0.04529	0.02763	0.01098	0.01103	0.00790	0.00547	0.00450	0.00138	0.00502	0.00407	0.00444	0.00769
8	0.01314	0.01186	0.04336	0.01002	0.01305	0.05355	0.00817	0.19522	0.55389	0.02106	0.01618	0.01522	0.01205	0.00600	0.00468	0.00151	0.00437	0.00483	0.00449	0.00737
9	0.01022	0.00989	0.03626	0.10873	0.23679	0.03419	0.09112	0.02576	0.01056	0.03047	0.12853	0.04771	0.01351	0.00601	0.00622	0.00149	0.11712	0.00515	0.02237	0.05789
10	0.00830	0.00814	0.08439	0.00943	0.06511	0.00661	0.06010	0.04131	0.04045	0.04101	0.23863	0.08437	0.21322	0.00905	0.00535	0.00158	0.00371	0.06997	0.00412	0.00515
11	0.01358	0.24933	0.19301	0.01029	0.01418	0.18520	0.01003	0.07852	0.03901	0.08105	0.00950	0.02667	0.00756	0.00500	0.00436	0.00129	0.03193	0.00355	0.02966	0.00629
12	0.01696	0.02156	0.01289	0.01173	0.01410	0.78925	0.00880	0.01816	0.01309	0.01143	0.00859	0.00967	0.03406	0.00504	0.00424	0.00121	0.00818	0.00324	0.00246	0.00534
13	0.00577	0.00481	0.00504	0.00497	0.00649	0.00413	0.00373	0.00731	0.02506	0.01360	0.16040	0.04278	0.67714	0.01134	0.00548	0.00155	0.00236	0.00953	0.00445	0.00406
14	0.04981	0.00946	0.02908	0.52649	0.14146	0.01053	0.09511	0.01334	0.02931	0.03833	0.00896	0.01225	0.00677	0.00456	0.00465	0.00152	0.00604	0.00424	0.00235	0.00577
15	0.00927	0.03323	0.00778	0.00673	0.00872	0.05407	0.00520	0.05329	0.11966	0.08152	0.08671	0.09607	0.40067	0.00961	0.00516	0.00153	0.00327	0.00801	0.00439	0.00511
16	0.00559	0.00452	0.00497	0.00527	0.00644	0.00390	0.00379	0.00670	0.01022	0.01261	0.07145	0.27167	0.55163	0.01250	0.00562	0.00166	0.00245	0.01074	0.00435	0.00390
17	0.00691	0.00524	0.00744	0.00730	0.00790	0.00611	0.00549	0.00818	0.00731	0.01046	0.01249	0.02024	0.01235	0.19866	0.59993	0.00650	0.06574	0.00529	0.00253	0.00394
18	0.80591	0.00907	0.00716	0.00630	0.00924	0.01038	0.00517	0.03140	0.01927	0.02083	0.00682	0.00785	0.00530	0.00434	0.00297	0.00141	0.00363	0.00260	0.00294	0.03740
19	0.01691	0.01618	0.01224	0.01056	0.01334	0.43484	0.00817	0.13082	0.08090	0.15946	0.02712	0.03189	0.00935	0.00552	0.00445	0.00132	0.00636	0.00402	0.00364	0.02294
20	0.06014	0.03858	0.14169	0.01050	0.01453	0.10585	0.06658	0.15034	0.05700	0.17701	0.02522	0.01194	0.00867	0.00496	0.00436	0.00132	0.00534	0.00395	0.00362	0.10840
21	0.00589	0.00473	0.00526	0.00512	0.00652	0.00409	0.00384	0.00743	0.01153	0.01476	0.32021	0.04116	0.53114	0.01096	0.00549	0.00153	0.00230	0.00931	0.00461	0.00409
22	0.09370	0.00864	0.01058	0.00832	0.01165	0.00830	0.00678	0.12415	0.05454	0.55673	0.01620	0.01527	0.01087	0.04604	0.00544	0.00159	0.00409	0.00456	0.00516	0.00739
23	0.01044	0.01020	0.01477	0.49684	0.21779	0.08110	0.01242	0.04392	0.01044	0.01334	0.00906	0.04259	0.00746	0.00495	0.00465	0.00149	0.00605	0.00438	0.00234	0.00578
24	0.01159	0.07501	0.58903	0.01220	0.01815	0.04157	0.01463	0.08686	0.01133	0.08368	0.00930	0.01025	0.00657	0.00463	0.00436	0.00142	0.00640	0.00353	0.00255	0.00694
25	0.00567	0.00405	0.00540	0.00648	0.00675	0.00378	0.00432	0.00648	0.00891	0.01188	0.02564	0.83347	0.03077	0.01457	0.00594	0.00189	0.00270	0.01323	0.00432	0.00378
26	0.00628	0.00470	0.00610	0.00705	0.02875	0.00443	0.00492	0.00769	0.02305	0.01297	0.09520	0.46783	0.14714	0.04388	0.00651	0.00192	0.00299	0.12026	0.00428	0.00405
27	0.01024	0.11460	0.50054	0.01182	0.03729	0.01083	0.03015	0.02925	0.01009	0.03080	0.00841	0.00976	0.00631	0.00422	0.00411	0.00127	0.00590	0.00330	0.00226	0.16885
28	0.00626	0.00470	0.00559	0.00541	0.00649	0.00425	0.00391	0.00782	0.01143	0.01535	0.45084	0.05240	0.27249	0.12331	0.00798	0.00192	0.00257	0.00871	0.00455	0.00402
29	0.01214	0.10501	0.37886	0.01343	0.09928	0.11547	0.01297	0.09164	0.06333	0.03591	0.00957	0.01113	0.00734	0.00482	0.00435	0.00139	0.00623	0.01775	0.00264	0.00675
30	0.02072	0.04371	0.01771	0.00701	0.00785	0.00613	0.00524	0.01704	0.02459	0.02373	0.04475	0.45340	0.06721	0.05586	0.05283	0.00220	0.07912	0.00954	0.05711	0.00426
31	0.01164	0.10736	0.31196	0.05311	0.10083	0.03971	0.02170	0.05226	0.11525	0.07667	0.01078	0.02295	0.00823	0.00585	0.02813	0.00160	0.01836	0.00401	0.00286	0.00673
32	0.01285	0.65666	0.05546	0.00866	0.01244	0.10511	0.00838	0.03535	0.01019	0.01184	0.00700	0.00809	0.00620	0.00423	0.00341	0.00107	0.01741	0.00271	0.02703	0.00594
33	0.01164	0.24541	0.24136	0.03542	0.04499	0.03574	0.03795	0.05953	0.06814	0.04997	0.03775	0.01112	0.00845	0.00464	0.00405	0.00126	0.00539	0.00362	0.00273	0.09085
34	0.05017	0.03294	0.02745	0.01139	0.11669	0.04439	0.02905	0.12398	0.17233	0.04979	0.14682	0.02105	0.05751	0.00681	0.00482	0.00148	0.00427	0.06427	0.00401	0.03076
35	0.00677	0.00523	0.00725	0.00747	0.00790	0.00590	0.00554	0.00786	0.00808	0.01124	0.01766	0.33404	0.01972	0.11144	0.27395	0.00403	0.10815	0.05050	0.00327	0.00398
36	0.01129	0.01106	0.01956	0.07501	0.67267	0.01109	0.10204	0.01421	0.01056	0.01497	0.00880	0.01168	0.00726	0.00415	0.00471	0.00141	0.00583	0.00430	0.00229	0.00711
37	0.00662	0.00450	0.00526	0.00542	0.00558	0.00446	0.00328	0.00692	0.00746	0.00994	0.03998	0.12934	0.03792	0.65060	0.03236	0.00399	0.00429	0.03585	0.00315	0.00308
38	0.01204	0.01217	0.07702	0.03710	0.52380	0.01144	0.06156	0.12391	0.04899	0.01721	0.00987	0.02614	0.00803	0.00465	0.00468	0.00142	0.00559	0.00439	0.00276	0.00724
39	0.00810	0.00509	0.00678	0.00712	0.00825	0.00479	0.00562	0.00976	0.01084	0.09538	0.17049	0.25155	0.07180	0.03086	0.00624	0.00188	0.00331	0.28053	0.01711	0.00449
40	0.01116	0.04901	0.11170	0.05987	0.15313	0.02575	0.07417	0.09144	0.05743	0.01508	0.00940	0.01280	0.00796	0.02829	0.00808	0.00169	0.23384	0.02333	0.01971	0.00617
41	0.49908	0.00823	0.00801	0.00673	0.00971	0.00864	0.00552	0.01644	0.00998	0.29538	0.01233	0.01211	0.03175	0.00511	0.00361	0.00142	0.00361	0.00359	0.05279	0.00597
42	0.00676	0.00539	0.00826	0.00784	0.00880	0.00542	0.08641	0.00809	0.00862	0.01181	0.02010	0.35355	0.07315	0.11340	0.21335	0.00353	0.02038	0.00890	0.03216	0.00407
43	0.00628	0.00485	0.00563	0.00558	0.00684	0.00440	0.00418	0.00816	0.03259	0.01499	0.32407	0.08567	0.37243	0.04186	0.00620	0.00168	0.00253	0.05064	0.01723	0.00417
44	0.01253	0.01047	0.01106	0.00966	0.01246	0.01202	0.00760	0.14482	0.67742	0.02100	0.01772	0.01639	0.01322	0.00620	0.00472	0.00155	0.00391	0.00509	0.00472	0.00745
45	0.01657	0.01986	0.01454	0.01362	0.07790	0.63086	0.05493	0.09117	0.01367	0.01359	0.00782	0.00914	0.00635	0.00477	0.00435	0.00125	0.00782	0.00335	0.00260	0.00584
