[name]
unknown

[dist]
# distance from previous block
# <min> <max>
0	58

[block]
# block no. 0 follows, 55 sequences, length 76
# corresponding to MSA columns:
# 103-178
name=unknown_A
#
# <colnr> <probs for GDERKNQSTAVLIFYWHMCP>
#	G	D	E	R	K	N	Q	S	T	A	V	L	I	F	Y	W	H	M	C	P
0	0.01051	0.14404	0.47212	0.03419	0.03304	0.06797	0.06267	0.01475	0.03280	0.01385	0.00910	0.01060	0.02316	0.00467	0.00466	0.00140	0.03481	0.00362	0.00218	0.01986
1	0.00610	0.00444	0.00597	0.00658	0.00709	0.00439	0.00457	0.00708	0.00844	0.01148	0.02152	0.53464	0.03906	0.08749	0.20182	0.00341	0.00520	0.01037	0.00371	0.02665
2	0.01257	0.01334	0.09408	0.02650	0.62016	0.01183	0.11281	0.01531	0.01142	0.01636	0.01015	0.01333	0.00847	0.00505	0.00528	0.00166	0.00638	0.00469	0.00275	0.00785
3	0.00665	0.00498	0.00748	0.00748	0.00831	0.00582	0.00582	0.00831	0.00748	0.01080	0.01246	0.01828	0.01163	0.03489	0.81807	0.00748	0.01246	0.00498	0.00249	0.00415
4	0.00616	0.00464	0.00662	0.00730	0.00780	0.00450	0.03194	0.00723	0.00912	0.01218	0.02446	0.70099	0.02888	0.01385	0.00622	0.00191	0.02495	0.09311	0.00419	0.00395
5	0.01484	0.01162	0.01253	0.05043	0.02856	0.04666	0.00844	0.41309	0.22400	0.05082	0.01312	0.01323	0.00968	0.00669	0.03282	0.00165	0.01608	0.00444	0.02041	0.02089
6	0.86937	0.00900	0.00684	0.00612	0.00900	0.01044	0.00504	0.01368	0.00792	0.02087	0.00648	0.00756	0.00504	0.00432	0.00288	0.00144	0.00360	0.00252	0.00288	0.00504
7	0.00677	0.00451	0.00507	0.00507	0.00507	0.00451	0.00282	0.00677	0.00677	0.00902	0.01466	0.03044	0.01691	0.83650	0.02368	0.00451	0.00451	0.00677	0.00282	0.00282
8	0.79741	0.04421	0.00780	0.00632	0.00928	0.01074	0.00527	0.02592	0.00834	0.04155	0.00686	0.00783	0.00529	0.00436	0.00296	0.00142	0.00369	0.00260	0.00295	0.00520
9	0.01605	0.01416	0.01209	0.00998	0.01287	0.24343	0.00793	0.43583	0.01730	0.02211	0.01071	0.01143	0.00805	0.00533	0.00428	0.00129	0.00555	0.00387	0.15116	0.00657
10	0.00954	0.04923	0.62166	0.01270	0.01807	0.01156	0.01527	0.01388	0.00925	0.01383	0.00801	0.01026	0.00618	0.02354	0.00678	0.00163	0.15658	0.00359	0.00200	0.00643
11	0.00673	0.00450	0.00508	0.00512	0.00512	0.00449	0.00286	0.00676	0.00683	0.00910	0.01498	0.05413	0.01732	0.81226	0.02316	0.00443	0.00446	0.00696	0.00286	0.00285
12	0.01630	0.01116	0.01363	0.01048	0.01392	0.01178	0.07457	0.49191	0.04020	0.15714	0.07379	0.01463	0.01166	0.03031	0.00536	0.00152	0.00487	0.00481	0.00463	0.00734
13	0.01734	0.01286	0.01377	0.01063	0.01430	0.01427	0.00876	0.74858	0.06583	0.02876	0.01161	0.01152	0.00827	0.00563	0.00466	0.00141	0.00504	0.00425	0.00466	0.00788
14	0.00933	0.02329	0.77433	0.01300	0.01965	0.01069	0.01666	0.01487	0.03076	0.01494	0.02530	0.01054	0.00691	0.00458	0.00445	0.00148	0.00669	0.00359	0.00210	0.00684
15	0.01231	0.79294	0.02381	0.00820	0.01196	0.01818	0.00808	0.01378	0.00932	0.01096	0.00645	0.00761	0.00598	0.00421	0.00367	0.00105	0.05099	0.00258	0.00199	0.00592
16	0.01030	0.01316	0.24180	0.00974	0.03171	0.00829	0.02194	0.03591	0.03346	0.04255	0.00902	0.01028	0.00700	0.00406	0.00411	0.00104	0.01963	0.00323	0.00271	0.49003
17	0.00903	0.05479	0.01454	0.75620	0.03035	0.01090	0.01256	0.01198	0.00925	0.01181	0.00811	0.01206	0.00619	0.00471	0.00486	0.00153	0.02980	0.00404	0.00206	0.00521
18	0.00895	0.00536	0.00672	0.07302	0.03353	0.00576	0.00517	0.01116	0.02582	0.04271	0.01374	0.01680	0.01113	0.02611	0.12152	0.02689	0.02806	0.00447	0.52848	0.00458
19	0.00987	0.00850	0.01027	0.00735	0.01149	0.00655	0.02873	0.02941	0.00996	0.01547	0.00837	0.00977	0.00692	0.00351	0.00353	0.00073	0.00361	0.00287	0.00279	0.82030
20	0.48692	0.08049	0.01061	0.00843	0.01117	0.29111	0.00675	0.01534	0.00985	0.01658	0.00672	0.00789	0.00547	0.00454	0.00360	0.00133	0.02263	0.00271	0.00262	0.00524
21	0.01943	0.00993	0.01200	0.00924	0.01286	0.00986	0.00762	0.31787	0.03514	0.49225	0.01561	0.01408	0.01020	0.00570	0.00467	0.00143	0.00440	0.00450	0.00531	0.00790
22	0.00567	0.00405	0.00540	0.00648	0.00675	0.00378	0.00432	0.00648	0.00891	0.01188	0.02564	0.83347	0.03077	0.01457	0.00594	0.00189	0.00270	0.01323	0.00432	0.00378
23	0.00965	0.00827	0.00965	0.00689	0.01102	0.00620	0.00551	0.01171	0.00965	0.01516	0.00827	0.00965	0.00689	0.00345	0.00345	0.00069	0.00345	0.00276	0.00276	0.86494
24	0.00908	0.01011	0.14502	0.05771	0.16634	0.00776	0.04409	0.02427	0.01134	0.05223	0.24911	0.05846	0.10693	0.00723	0.00516	0.00148	0.01493	0.00638	0.00358	0.01879
25	0.74106	0.02288	0.00798	0.02043	0.02482	0.03831	0.00567	0.02500	0.00866	0.06033	0.00724	0.00821	0.00552	0.00442	0.00310	0.00142	0.00390	0.00272	0.00299	0.00530
26	0.01098	0.01255	0.02745	0.01961	0.02431	0.01176	0.79059	0.01490	0.01098	0.01490	0.00941	0.01255	0.00706	0.00392	0.00549	0.00157	0.00784	0.00549	0.00235	0.00627
27	0.01738	0.02217	0.01318	0.01199	0.01438	0.81783	0.00899	0.01858	0.01318	0.01139	0.00719	0.00839	0.00599	0.00479	0.00419	0.00120	0.00839	0.00300	0.00240	0.00539
28	0.01698	0.01645	0.01332	0.01111	0.01419	0.34003	0.00876	0.40589	0.09166	0.02112	0.01029	0.01063	0.00773	0.00533	0.00448	0.00133	0.00631	0.00381	0.00375	0.00684
29	0.00965	0.00827	0.00965	0.00689	0.01102	0.00620	0.00551	0.01171	0.00965	0.01516	0.00827	0.00965	0.00689	0.00345	0.00345	0.00069	0.00345	0.00276	0.00276	0.86494
30	0.01098	0.01255	0.02745	0.01961	0.02431	0.01176	0.79059	0.01490	0.01098	0.01490	0.00941	0.01255	0.00706	0.00392	0.00549	0.00157	0.00784	0.00549	0.00235	0.00627
31	0.01048	0.00992	0.01663	0.15579	0.59494	0.01019	0.01294	0.01318	0.01052	0.01469	0.05246	0.01472	0.05331	0.00493	0.00471	0.00142	0.00529	0.00468	0.00252	0.00666
32	0.00867	0.00434	0.00434	0.00434	0.00542	0.00434	0.00325	0.01084	0.00976	0.01734	0.01518	0.01734	0.01192	0.00542	0.00325	0.00108	0.00217	0.00434	0.86233	0.00434
33	0.01135	0.00822	0.00982	0.00710	0.01115	0.00630	0.00571	0.01337	0.01020	0.13573	0.00980	0.01058	0.00759	0.00380	0.00363	0.00080	0.00352	0.00305	0.00321	0.73506
34	0.00683	0.00526	0.00795	0.05028	0.00962	0.00622	0.00627	0.00855	0.00757	0.01086	0.01212	0.01781	0.01124	0.03279	0.75999	0.00706	0.02798	0.00492	0.00246	0.00422
35	0.79811	0.00950	0.00767	0.00750	0.05209	0.03429	0.00565	0.01385	0.00822	0.02029	0.00662	0.00779	0.00519	0.00432	0.00301	0.00143	0.00384	0.00262	0.00283	0.00517
36	0.00582	0.00429	0.00603	0.00686	0.00725	0.00401	0.02696	0.00672	0.00897	0.01196	0.02517	0.80982	0.03009	0.01427	0.00593	0.00188	0.00285	0.01300	0.00426	0.00385
37	0.00665	0.00498	0.00748	0.00748	0.00831	0.00582	0.00582	0.00831	0.00748	0.01080	0.01246	0.01828	0.01163	0.03489	0.81807	0.00748	0.01246	0.00498	0.00249	0.00415
38	0.02087	0.00792	0.01080	0.00828	0.01188	0.00684	0.00684	0.02267	0.01332	0.81071	0.01835	0.01583	0.01152	0.00576	0.00468	0.00144	0.00396	0.00468	0.00576	0.00792
39	0.00933	0.02406	0.81240	0.01326	0.02014	0.01080	0.01719	0.01473	0.00982	0.01473	0.00835	0.00982	0.00589	0.00442	0.00442	0.00147	0.00688	0.00344	0.00196	0.00688
40	0.01098	0.01255	0.02745	0.01961	0.02431	0.01176	0.79059	0.01490	0.01098	0.01490	0.00941	0.01255	0.00706	0.00392	0.00549	0.00157	0.00784	0.00549	0.00235	0.00627
41	0.00569	0.00406	0.00541	0.00647	0.00675	0.00379	0.00432	0.00652	0.00899	0.01201	0.04070	0.81804	0.03102	0.01448	0.00593	0.00188	0.00269	0.01313	0.00433	0.00379
42	0.01768	0.01303	0.01396	0.01070	0.01443	0.01443	0.00884	0.79197	0.02187	0.02932	0.01117	0.01117	0.00791	0.00558	0.00465	0.00140	0.00512	0.00419	0.00465	0.00791
43	0.86937	0.00900	0.00684	0.00612	0.00900	0.01044	0.00504	0.01368	0.00792	0.02087	0.00648	0.00756	0.00504	0.00432	0.00288	0.00144	0.00360	0.00252	0.00288	0.00504
44	0.01410	0.01110	0.01184	0.00991	0.01298	0.01255	0.00792	0.31680	0.48591	0.04060	0.01597	0.01497	0.01175	0.00602	0.00470	0.00151	0.00424	0.00484	0.00473	0.00758
45	0.02071	0.00818	0.01096	0.00840	0.01201	0.00722	0.00694	0.06185	0.01375	0.77091	0.01799	0.01560	0.01133	0.00575	0.00468	0.00144	0.00402	0.00465	0.00570	0.00792
46	0.00677	0.00451	0.00507	0.00507	0.00507	0.00451	0.00282	0.00677	0.00677	0.00902	0.01466	0.03044	0.01691	0.83650	0.02368	0.00451	0.00451	0.00677	0.00282	0.00282
47	0.01157	0.00999	0.01052	0.00947	0.01210	0.01157	0.00736	0.02472	0.79908	0.01946	0.01893	0.01736	0.01420	0.00631	0.00473	0.00158	0.00368	0.00526	0.00473	0.00736
48	0.01989	0.00768	0.01041	0.00806	0.01147	0.00666	0.00663	0.02172	0.01321	0.75300	0.05302	0.01671	0.01296	0.00591	0.00467	0.00143	0.00383	0.00483	0.03025	0.00766
49	0.03426	0.00829	0.00957	0.00687	0.01097	0.00632	0.00550	0.01177	0.00960	0.01532	0.00822	0.00959	0.00684	0.00347	0.00343	0.00071	0.00345	0.00275	0.00276	0.84033
50	0.00879	0.00827	0.01395	0.82532	0.03204	0.01034	0.01292	0.01189	0.00930	0.01189	0.00827	0.01240	0.00620	0.00465	0.00465	0.00155	0.00620	0.00413	0.00207	0.00517
51	0.05808	0.02320	0.06273	0.03890	0.06427	0.09183	0.00857	0.17632	0.13450	0.10578	0.02836	0.09598	0.01179	0.02014	0.00545	0.00154	0.04543	0.00516	0.01553	0.00644
52	0.00973	0.06944	0.60481	0.06351	0.02023	0.01134	0.08272	0.02678	0.00995	0.01441	0.00843	0.01045	0.00624	0.01834	0.00501	0.00152	0.02478	0.00368	0.00206	0.00657
53	0.01738	0.02199	0.01320	0.01196	0.01438	0.80142	0.00899	0.03437	0.01336	0.01175	0.00727	0.00845	0.00603	0.00481	0.00420	0.00120	0.00832	0.00302	0.00244	0.00544
54	0.01071	0.01013	0.04623	0.17679	0.41418	0.00997	0.05233	0.03196	0.02624	0.04569	0.08488	0.03316	0.01171	0.00528	0.00481	0.00147	0.00532	0.01983	0.00283	0.00648
55	0.00888	0.00836	0.01412	0.79783	0.05880	0.01036	0.01297	0.01197	0.00935	0.01200	0.00829	0.01237	0.00624	0.00463	0.00465	0.00154	0.00618	0.00413	0.00208	0.00524
56	0.01564	0.01201	0.01281	0.01029	0.01365	0.01347	0.00835	0.53503	0.28214	0.02602	0.01377	0.01324	0.01002	0.00583	0.00468	0.00146	0.00464	0.00455	0.00468	0.00773
57	0.00808	0.00404	0.00606	0.00606	0.00606	0.00404	0.00404	0.00606	0.00606	0.00808	0.00808	0.01414	0.00808	0.01616	0.01818	0.86465	0.00404	0.00404	0.00202	0.00202
58	0.00594	0.00416	0.00532	0.00613	0.00633	0.00396	0.00394	0.00655	0.00837	0.01116	0.02289	0.63230	0.02730	0.22048	0.01038	0.00255	0.00315	0.01161	0.00394	0.00354
59	0.00665	0.00498	0.00748	0.00748	0.00831	0.00582	0.00582	0.00831	0.00748	0.01080	0.01246	0.01828	0.01163	0.03489	0.81807	0.00748	0.01246	0.00498	0.00249	0.00415
60	0.00879	0.00827	0.01395	0.82532	0.03204	0.01034	0.01292	0.01189	0.00930	0.01189	0.00827	0.01240	0.00620	0.00465	0.00465	0.00155	0.00620	0.00413	0.00207	0.00517
61	0.00628	0.00507	0.00564	0.03363	0.02302	0.00444	0.00432	0.00766	0.01077	0.03579	0.08144	0.04192	0.67811	0.01114	0.00546	0.00157	0.00265	0.03263	0.00428	0.00418
62	0.00913	0.00865	0.01395	0.61362	0.13787	0.02703	0.01228	0.01191	0.00949	0.01232	0.00966	0.07799	0.00833	0.00545	0.00496	0.00156	0.02329	0.00484	0.00229	0.00537
63	0.00965	0.00827	0.00965	0.00689	0.01102	0.00620	0.00551	0.01171	0.00965	0.01516	0.00827	0.00965	0.00689	0.00345	0.00345	0.00069	0.00345	0.00276	0.00276	0.86494
64	0.01761	0.01272	0.01369	0.01051	0.01418	0.01401	0.00868	0.75462	0.02139	0.05213	0.01146	0.01142	0.00809	0.00559	0.00463	0.00139	0.00503	0.00421	0.02079	0.00784
65	0.00909	0.00531	0.00702	0.00628	0.00782	0.00482	0.00482	0.01122	0.01319	0.15782	0.66681	0.03143	0.03821	0.00885	0.00534	0.00146	0.00250	0.00776	0.00523	0.00501
66	0.08972	0.00589	0.00680	0.02844	0.04177	0.01837	0.00506	0.01003	0.02199	0.04454	0.30187	0.08902	0.19678	0.00893	0.00495	0.00149	0.00287	0.02457	0.09229	0.00463
67	0.01014	0.01013	0.01424	0.03264	0.01271	0.01415	0.01025	0.01121	0.00718	0.01121	0.00616	0.01023	0.00611	0.00805	0.01500	0.00202	0.80735	0.00407	0.00204	0.00509
68	0.10596	0.05965	0.12651	0.06544	0.25707	0.03413	0.12864	0.02459	0.01017	0.03002	0.01004	0.06350	0.00881	0.01844	0.00502	0.00152	0.01892	0.02277	0.00257	0.00622
69	0.00924	0.00786	0.00947	0.04889	0.01166	0.00619	0.00577	0.01131	0.00982	0.01508	0.06028	0.04631	0.01025	0.00437	0.00374	0.00083	0.00347	0.00363	0.00294	0.72885
70	0.00684	0.00469	0.00549	0.00544	0.00551	0.00486	0.00324	0.00700	0.00683	0.00921	0.01427	0.02898	0.01623	0.75281	0.08579	0.00468	0.02582	0.00656	0.00277	0.00298
71	0.02516	0.01235	0.16896	0.05283	0.23372	0.00990	0.12248	0.02535	0.10439	0.03783	0.09691	0.03414	0.04397	0.00562	0.00484	0.00149	0.00530	0.00520	0.00308	0.00647
72	0.01030	0.00897	0.01301	0.16634	0.17016	0.00855	0.04006	0.05146	0.01054	0.03194	0.03294	0.04480	0.00905	0.00469	0.00442	0.00117	0.01785	0.00412	0.00280	0.36686
73	0.00745	0.02776	0.02461	0.00667	0.01724	0.01905	0.00486	0.02901	0.00943	0.02443	0.14556	0.11902	0.09472	0.25872	0.16201	0.00353	0.00532	0.01952	0.01703	0.00406
74	0.02496	0.09489	0.15547	0.01264	0.10501	0.15565	0.03633	0.06716	0.03335	0.10110	0.03491	0.02566	0.00933	0.01801	0.00522	0.00142	0.04697	0.02038	0.00302	0.04852
75	0.19194	0.04570	0.05969	0.07593	0.14621	0.05426	0.03568	0.06258	0.05184	0.05245	0.04644	0.03799	0.05006	0.02459	0.04409	0.00180	0.00520	0.00459	0.00311	0.00587

[dist]
# distance from previous block
# <min> <max>
1	7

[block]
# block no. 1 follows, 55 sequences, length 6
# corresponding to MSA columns:
# 186-191
name=unknown_B
#
# <colnr> <probs for GDERKNQSTAVLIFYWHMCP>
#	G	D	E	R	K	N	Q	S	T	A	V	L	I	F	Y	W	H	M	C	P
0	0.00791	0.00641	0.02846	0.05963	0.00980	0.00627	0.00579	0.08948	0.07281	0.01463	0.08402	0.39784	0.05706	0.10922	0.00765	0.00205	0.00356	0.02872	0.00406	0.00461
1	0.07600	0.06116	0.01091	0.04970	0.03753	0.01029	0.00710	0.08940	0.29595	0.01822	0.06854	0.01615	0.04246	0.00592	0.00467	0.00138	0.03291	0.00470	0.07253	0.09449
2	0.01106	0.05109	0.01254	0.01107	0.06082	0.11262	0.03913	0.02837	0.10494	0.04978	0.07437	0.04852	0.02762	0.01053	0.11166	0.00234	0.20973	0.00504	0.02321	0.00554
3	0.06315	0.25632	0.06541	0.07559	0.04946	0.32099	0.03026	0.03615	0.01114	0.01277	0.00729	0.00886	0.00608	0.00458	0.00427	0.00125	0.03522	0.00312	0.00230	0.00578
4	0.00770	0.00411	0.00587	0.00596	0.00598	0.00409	0.00389	0.00619	0.00639	0.00852	0.01041	0.08199	0.01114	0.13155	0.01798	0.67450	0.00400	0.00516	0.00232	0.00227
5	0.11200	0.32575	0.08161	0.02987	0.03409	0.21310	0.00902	0.05718	0.04235	0.01397	0.00764	0.00881	0.00634	0.00461	0.00409	0.00124	0.03688	0.00304	0.00245	0.00594

[dist]
# distance from previous block
# <min> <max>
1	14

[block]
# block no. 2 follows, 55 sequences, length 12
# corresponding to MSA columns:
# 206-217
name=unknown_C
#
# <colnr> <probs for GDERKNQSTAVLIFYWHMCP>
#	G	D	E	R	K	N	Q	S	T	A	V	L	I	F	Y	W	H	M	C	P
0	0.01079	0.00862	0.01028	0.00766	0.01140	0.00729	0.02619	0.06736	0.07533	0.05510	0.01023	0.01193	0.00835	0.05066	0.00488	0.00108	0.00378	0.00345	0.00319	0.62243
1	0.01472	0.28859	0.01647	0.01008	0.01317	0.33008	0.00834	0.09303	0.15540	0.01444	0.00947	0.00998	0.00766	0.00488	0.00394	0.00122	0.00609	0.00335	0.00291	0.00618
2	0.00965	0.00827	0.00965	0.00689	0.01102	0.00620	0.00551	0.01171	0.00965	0.01516	0.00827	0.00965	0.00689	0.00345	0.00345	0.00069	0.00345	0.00276	0.00276	0.86494
3	0.01700	0.02070	0.01327	0.01254	0.05128	0.72130	0.00910	0.01875	0.04319	0.03938	0.00810	0.00914	0.00656	0.00486	0.00425	0.00123	0.00792	0.00319	0.00260	0.00565
4	0.01084	0.01210	0.02558	0.01827	0.02292	0.01118	0.70814	0.01457	0.01084	0.01493	0.00929	0.01224	0.00704	0.00387	0.00528	0.00148	0.00738	0.00520	0.00240	0.09645
5	0.00745	0.00545	0.00688	0.00744	0.00835	0.00547	0.00562	0.07212	0.05000	0.01417	0.02422	0.47756	0.04905	0.03217	0.00631	0.00195	0.00340	0.21366	0.00432	0.00441
6	0.00903	0.00853	0.01431	0.73955	0.08520	0.01053	0.01291	0.01203	0.00931	0.01209	0.00822	0.01226	0.00628	0.00475	0.00504	0.00156	0.03687	0.00413	0.00208	0.00532
7	0.00808	0.00404	0.00606	0.00606	0.00606	0.00404	0.00404	0.00606	0.00606	0.00808	0.00808	0.01414	0.00808	0.01616	0.01818	0.86465	0.00404	0.00404	0.00202	0.00202
8	0.01269	0.01221	0.01488	0.06134	0.36739	0.17531	0.02715	0.07786	0.01188	0.05474	0.01154	0.12990	0.01065	0.00601	0.00474	0.00143	0.00568	0.00528	0.00297	0.00638
9	0.01117	0.00825	0.00975	0.00727	0.01103	0.00676	0.00582	0.04114	0.05750	0.11089	0.06558	0.01264	0.01048	0.00439	0.00385	0.00091	0.00349	0.00358	0.00346	0.62203
10	0.00677	0.00451	0.00507	0.00507	0.00507	0.00451	0.00282	0.00677	0.00677	0.00902	0.01466	0.03044	0.01691	0.83650	0.02368	0.00451	0.00451	0.00677	0.00282	0.00282
11	0.01204	0.61818	0.10422	0.00948	0.04822	0.01621	0.00905	0.03909	0.02769	0.01258	0.00731	0.00837	0.00633	0.00410	0.00333	0.00107	0.00507	0.00279	0.00220	0.06267

[dist]
# distance from previous block
# <min> <max>
0	9

[block]
# block no. 3 follows, 55 sequences, length 82
# corresponding to MSA columns:
# 227-308
name=unknown_D
#
# <colnr> <probs for GDERKNQSTAVLIFYWHMCP>
#	G	D	E	R	K	N	Q	S	T	A	V	L	I	F	Y	W	H	M	C	P
0	0.00710	0.00587	0.02347	0.01877	0.02585	0.00540	0.00515	0.01032	0.09189	0.01743	0.54878	0.03336	0.17029	0.00928	0.00536	0.00149	0.00260	0.00808	0.00477	0.00474
1	0.01305	0.71484	0.02262	0.00851	0.01226	0.12134	0.00808	0.01478	0.02811	0.01120	0.00685	0.00781	0.00616	0.00414	0.00318	0.00103	0.00539	0.00262	0.00211	0.00593
2	0.00686	0.00446	0.00516	0.00518	0.00518	0.00446	0.00295	0.00670	0.00674	0.00899	0.01428	0.04195	0.01639	0.75390	0.02293	0.07725	0.00444	0.00664	0.00278	0.00277
3	0.00704	0.00536	0.00745	0.00740	0.04850	0.00494	0.03112	0.00917	0.01256	0.02897	0.61987	0.05708	0.12388	0.00939	0.00544	0.00149	0.00261	0.00834	0.00478	0.00459
4	0.02321	0.25129	0.33322	0.04174	0.04511	0.01288	0.05857	0.06614	0.02326	0.08979	0.00916	0.01021	0.00683	0.00449	0.00412	0.00134	0.00584	0.00352	0.00260	0.00669
5	0.86937	0.00900	0.00684	0.00612	0.00900	0.01044	0.00504	0.01368	0.00792	0.02087	0.00648	0.00756	0.00504	0.00432	0.00288	0.00144	0.00360	0.00252	0.00288	0.00504
6	0.00571	0.00412	0.00542	0.00644	0.00680	0.00383	0.00436	0.00657	0.00904	0.01196	0.02668	0.77403	0.06921	0.01439	0.00593	0.00188	0.00272	0.03279	0.00432	0.00380
7	0.01083	0.01093	0.01340	0.02423	0.02875	0.10221	0.02941	0.04071	0.00852	0.01184	0.00766	0.01252	0.00751	0.09780	0.03259	0.00228	0.54716	0.00431	0.00228	0.00504
8	0.01160	0.00981	0.01045	0.00923	0.01200	0.01102	0.00720	0.02358	0.71635	0.03514	0.01802	0.01667	0.01353	0.00606	0.00462	0.00150	0.00367	0.00504	0.00459	0.07994
9	0.00619	0.00464	0.00574	0.00568	0.00676	0.00419	0.00418	0.00794	0.01193	0.01622	0.51123	0.15558	0.22103	0.01080	0.00556	0.00155	0.00231	0.00946	0.00481	0.00419
10	0.00993	0.00471	0.00500	0.00474	0.00609	0.00459	0.00362	0.01206	0.01012	0.09913	0.01550	0.01719	0.01188	0.00545	0.00340	0.00112	0.00235	0.00437	0.77403	0.00471
11	0.79664	0.00989	0.04876	0.00693	0.01008	0.01050	0.03192	0.01377	0.00812	0.02036	0.00667	0.00784	0.00515	0.00431	0.00305	0.00145	0.00391	0.00267	0.00281	0.00517
12	0.07971	0.00831	0.01069	0.00828	0.01182	0.00759	0.00683	0.06471	0.02676	0.69889	0.01714	0.01502	0.01091	0.00566	0.00455	0.00144	0.00399	0.00451	0.00548	0.00771
13	0.84182	0.03569	0.00740	0.00618	0.00909	0.01069	0.00513	0.01368	0.00797	0.02055	0.00648	0.00755	0.00507	0.00431	0.00288	0.00143	0.00364	0.00252	0.00285	0.00507
14	0.01287	0.76771	0.02340	0.00831	0.01215	0.08845	0.00805	0.01434	0.00978	0.01098	0.00653	0.00754	0.00597	0.00405	0.00309	0.00101	0.00527	0.00253	0.00203	0.00592
15	0.01167	0.00811	0.00948	0.00725	0.01067	0.00699	0.00578	0.08654	0.04941	0.13422	0.04920	0.01502	0.05368	0.02649	0.00452	0.00111	0.00354	0.00411	0.04339	0.46883
16	0.01036	0.00923	0.01469	0.45489	0.22885	0.01067	0.01223	0.02974	0.07079	0.04046	0.00964	0.01263	0.00744	0.00490	0.00516	0.00152	0.04732	0.00424	0.01924	0.00604
17	0.02630	0.00840	0.00947	0.00823	0.01057	0.00891	0.00657	0.23629	0.16064	0.08849	0.14021	0.07768	0.05247	0.00781	0.00494	0.00153	0.00370	0.07199	0.06963	0.00618
18	0.00962	0.00941	0.01456	0.67513	0.13317	0.05538	0.01288	0.01257	0.00969	0.01229	0.00827	0.01206	0.00634	0.00459	0.00462	0.00151	0.00623	0.00407	0.00212	0.00547
19	0.01297	0.01228	0.01514	0.02303	0.01461	0.13507	0.13019	0.15174	0.02801	0.05445	0.02540	0.04768	0.00891	0.00659	0.00853	0.00165	0.29742	0.00470	0.01572	0.00592
20	0.86937	0.00900	0.00684	0.00612	0.00900	0.01044	0.00504	0.01368	0.00792	0.02087	0.00648	0.00756	0.00504	0.00432	0.00288	0.00144	0.00360	0.00252	0.00288	0.00504
21	0.00590	0.00452	0.00543	0.00588	0.00676	0.00411	0.00415	0.00734	0.02888	0.01335	0.15581	0.43321	0.28243	0.01268	0.00570	0.00171	0.00253	0.01118	0.00446	0.00401
22	0.03717	0.00766	0.01025	0.00796	0.01134	0.00671	0.00655	0.02148	0.01302	0.73080	0.04095	0.01630	0.01235	0.00582	0.00459	0.00142	0.00381	0.00473	0.04953	0.00757
23	0.00575	0.00472	0.00506	0.00498	0.00644	0.00403	0.00373	0.00716	0.01120	0.01397	0.22224	0.04246	0.62961	0.01126	0.00550	0.00155	0.00232	0.00949	0.00451	0.00403
24	0.01000	0.00991	0.01390	0.01197	0.01201	0.01382	0.00995	0.01105	0.00714	0.01118	0.00643	0.01059	0.00639	0.00951	0.05636	0.00231	0.78624	0.00412	0.00206	0.00504
25	0.00631	0.00476	0.00584	0.00561	0.00684	0.00429	0.00424	0.00822	0.01238	0.01681	0.56967	0.03808	0.25651	0.01025	0.00552	0.00151	0.00230	0.03173	0.00487	0.00426
26	0.00665	0.00496	0.00734	0.00734	0.00813	0.00574	0.00565	0.00822	0.00744	0.01070	0.01258	0.01895	0.01192	0.07900	0.77436	0.00731	0.01202	0.00508	0.00251	0.00408
27	0.00912	0.00654	0.00779	0.00763	0.00892	0.00670	0.00561	0.20379	0.02768	0.03103	0.03703	0.55069	0.03823	0.01182	0.00556	0.00174	0.00337	0.02731	0.00445	0.00498
28	0.00949	0.00458	0.00477	0.00460	0.00585	0.00450	0.00349	0.01163	0.00999	0.07055	0.01539	0.01724	0.01190	0.00544	0.00335	0.00111	0.00229	0.00436	0.80488	0.00458
29	0.01709	0.02156	0.01305	0.01186	0.01427	0.77732	0.00891	0.01889	0.05267	0.01179	0.00778	0.00884	0.00640	0.00487	0.00422	0.00122	0.00815	0.00311	0.00251	0.00549
30	0.04528	0.03494	0.02892	0.00918	0.03796	0.02765	0.02732	0.09322	0.12728	0.31836	0.13208	0.01860	0.05097	0.00637	0.00470	0.00144	0.00401	0.00528	0.01967	0.00677
31	0.01685	0.09306	0.01480	0.01028	0.01405	0.01448	0.00862	0.68482	0.02017	0.02696	0.01060	0.01075	0.00768	0.00534	0.00444	0.00133	0.00504	0.00397	0.00432	0.04245
32	0.00750	0.00535	0.00750	0.00857	0.00964	0.00535	0.00750	0.00964	0.01071	0.01392	0.02463	0.05248	0.02677	0.01285	0.00643	0.00214	0.00428	0.77617	0.00428	0.00428
33	0.06199	0.14403	0.18954	0.06614	0.28678	0.04099	0.05224	0.01432	0.02885	0.01455	0.03592	0.01119	0.00796	0.00455	0.00449	0.00138	0.02239	0.00383	0.00236	0.00649
34	0.01461	0.29732	0.01792	0.02991	0.13900	0.38412	0.00955	0.03399	0.01163	0.01226	0.00731	0.00871	0.00625	0.00443	0.00387	0.00117	0.00666	0.00306	0.00229	0.00595
35	0.01186	0.01009	0.01461	0.26134	0.24883	0.01114	0.02258	0.16384	0.11663	0.03518	0.01177	0.01359	0.02886	0.00512	0.00465	0.00146	0.00525	0.00448	0.02208	0.00665
36	0.03614	0.00760	0.00999	0.00780	0.01108	0.00675	0.00640	0.03576	0.01294	0.68282	0.01759	0.01577	0.01137	0.00568	0.00447	0.00140	0.00375	0.00458	0.11071	0.00742
37	0.00664	0.00452	0.00530	0.00546	0.00564	0.00446	0.00335	0.00700	0.00764	0.01019	0.05766	0.12223	0.03874	0.63673	0.01937	0.00386	0.00413	0.05074	0.00322	0.00311
38	0.00699	0.00531	0.00795	0.00772	0.00867	0.00609	0.02170	0.02662	0.00786	0.01125	0.01244	0.01840	0.01163	0.06038	0.75612	0.00712	0.01193	0.00504	0.00255	0.00424
39	0.01741	0.02123	0.01326	0.01185	0.01439	0.73509	0.00897	0.09822	0.01408	0.01323	0.00760	0.00868	0.00619	0.00488	0.00424	0.00122	0.00805	0.00312	0.00263	0.00565
40	0.01888	0.01111	0.01277	0.00979	0.01347	0.01158	0.00809	0.50291	0.01866	0.32292	0.01387	0.01292	0.00927	0.00565	0.00466	0.00141	0.00468	0.00437	0.00507	0.00791
41	0.01244	0.83930	0.02438	0.00796	0.01194	0.01841	0.00796	0.01393	0.00945	0.01095	0.00647	0.00746	0.00597	0.00398	0.00299	0.00100	0.00498	0.00249	0.00199	0.00597
42	0.86937	0.00900	0.00684	0.00612	0.00900	0.01044	0.00504	0.01368	0.00792	0.02087	0.00648	0.00756	0.00504	0.00432	0.00288	0.00144	0.00360	0.00252	0.00288	0.00504
43	0.01244	0.83930	0.02438	0.00796	0.01194	0.01841	0.00796	0.01393	0.00945	0.01095	0.00647	0.00746	0.00597	0.00398	0.00299	0.00100	0.00498	0.00249	0.00199	0.00597
44	0.00673	0.00451	0.00517	0.00527	0.00532	0.00450	0.00306	0.00685	0.00702	0.00935	0.01561	0.07577	0.01802	0.76290	0.02211	0.00428	0.00440	0.03326	0.00295	0.00292
45	0.00567	0.00405	0.00540	0.00648	0.00675	0.00378	0.00432	0.00648	0.00891	0.01188	0.02564	0.83347	0.03077	0.01457	0.00594	0.00189	0.00270	0.01323	0.00432	0.00378
46	0.00551	0.00468	0.00475	0.00480	0.00631	0.00392	0.00357	0.00667	0.01052	0.01253	0.04603	0.08515	0.76593	0.01192	0.00552	0.00159	0.00237	0.00999	0.00432	0.00392
47	0.00658	0.00476	0.00622	0.00585	0.00695	0.00439	0.00439	0.00878	0.01317	0.01866	0.80503	0.03475	0.04390	0.00951	0.00549	0.00146	0.00219	0.00841	0.00512	0.00439
48	0.00965	0.00827	0.00965	0.00689	0.01102	0.00620	0.00551	0.01171	0.00965	0.01516	0.00827	0.00965	0.00689	0.00345	0.00345	0.00069	0.00345	0.00276	0.00276	0.86494
49	0.01098	0.01255	0.02745	0.01961	0.02431	0.01176	0.79059	0.01490	0.01098	0.01490	0.00941	0.01255	0.00706	0.00392	0.00549	0.00157	0.00784	0.00549	0.00235	0.00627
50	0.00895	0.00865	0.02652	0.01280	0.04029	0.00817	0.31183	0.04549	0.04399	0.01498	0.08209	0.28781	0.01956	0.00867	0.00559	0.00169	0.00506	0.05899	0.00355	0.00532
51	0.86937	0.00900	0.00684	0.00612	0.00900	0.01044	0.00504	0.01368	0.00792	0.02087	0.00648	0.00756	0.00504	0.00432	0.00288	0.00144	0.00360	0.00252	0.00288	0.00504
52	0.01297	0.02238	0.04223	0.00939	0.04838	0.05372	0.00734	0.07128	0.15532	0.20503	0.20420	0.01928	0.03288	0.00657	0.00508	0.00142	0.02967	0.00539	0.00444	0.06304
53	0.00567	0.00405	0.00540	0.00648	0.00675	0.00378	0.00432	0.00648	0.00891	0.01188	0.02564	0.83347	0.03077	0.01457	0.00594	0.00189	0.00270	0.01323	0.00432	0.00378
54	0.01059	0.19360	0.04240	0.06165	0.16750	0.08513	0.09782	0.01268	0.01003	0.01282	0.03775	0.11934	0.02781	0.02188	0.03426	0.00169	0.04947	0.00532	0.00262	0.00566
55	0.00561	0.00472	0.00487	0.00483	0.00635	0.00398	0.00362	0.00690	0.01087	0.01320	0.12626	0.04373	0.72606	0.01154	0.00550	0.00156	0.00234	0.00967	0.00440	0.00398
56	0.01104	0.00971	0.01153	0.02819	0.09002	0.01089	0.03231	0.02174	0.61630	0.01846	0.05526	0.01833	0.04276	0.00634	0.00481	0.00155	0.00393	0.00545	0.00437	0.00702
57	0.01157	0.00999	0.01052	0.00947	0.01210	0.01157	0.00736	0.02472	0.79908	0.01946	0.01893	0.01736	0.01420	0.00631	0.00473	0.00158	0.00368	0.00526	0.00473	0.00736
58	0.00933	0.02406	0.81240	0.01326	0.02014	0.01080	0.01719	0.01473	0.00982	0.01473	0.00835	0.00982	0.00589	0.00442	0.00442	0.00147	0.00688	0.00344	0.00196	0.00688
59	0.00677	0.00452	0.00513	0.00518	0.00521	0.00452	0.00295	0.00683	0.00689	0.00918	0.01506	0.04348	0.01736	0.80472	0.02300	0.00441	0.00448	0.02458	0.00288	0.00287
60	0.86937	0.00900	0.00684	0.00612	0.00900	0.01044	0.00504	0.01368	0.00792	0.02087	0.00648	0.00756	0.00504	0.00432	0.00288	0.00144	0.00360	0.00252	0.00288	0.00504
61	0.01022	0.00964	0.01615	0.20337	0.53785	0.01004	0.01274	0.01289	0.01033	0.01432	0.03836	0.04513	0.04835	0.00521	0.00474	0.00145	0.00530	0.00491	0.00252	0.00647
62	0.00662	0.00489	0.00639	0.00722	0.00819	0.00466	0.00585	0.00825	0.01030	0.01326	0.04787	0.24412	0.18317	0.01299	0.00610	0.00195	0.00346	0.41632	0.00432	0.00409
63	0.00980	0.03209	0.10755	0.25418	0.10434	0.02135	0.04107	0.04223	0.13815	0.01451	0.01203	0.08150	0.01027	0.00827	0.07321	0.00203	0.01959	0.00506	0.01688	0.00591
64	0.00687	0.00464	0.00566	0.00546	0.00657	0.00431	0.00407	0.00891	0.01208	0.01755	0.54393	0.06099	0.11147	0.00909	0.00505	0.00141	0.00222	0.00790	0.17748	0.00431
65	0.02861	0.04913	0.33202	0.02533	0.09854	0.07128	0.05203	0.12184	0.01238	0.14949	0.01031	0.01112	0.00732	0.00476	0.00447	0.00141	0.00603	0.00385	0.00307	0.00701
66	0.00978	0.00818	0.00953	0.00690	0.01091	0.00624	0.00551	0.01202	0.02439	0.03150	0.00989	0.01101	0.03204	0.00381	0.00356	0.00075	0.00343	0.00306	0.00290	0.80457
67	0.08747	0.02031	0.01251	0.01132	0.01380	0.70337	0.00855	0.01848	0.03903	0.03312	0.00781	0.00881	0.00633	0.00483	0.00412	0.00124	0.00772	0.00308	0.00260	0.00550
68	0.00933	0.02406	0.81240	0.01326	0.02014	0.01080	0.01719	0.01473	0.00982	0.01473	0.00835	0.00982	0.00589	0.00442	0.00442	0.00147	0.00688	0.00344	0.00196	0.00688
69	0.00553	0.00471	0.00472	0.00472	0.00626	0.00394	0.00352	0.00668	0.01051	0.01248	0.04636	0.04443	0.78705	0.03118	0.00593	0.00164	0.00241	0.00975	0.00428	0.00390
70	0.01032	0.00509	0.00573	0.00525	0.00671	0.00492	0.00400	0.02812	0.01078	0.13358	0.10585	0.01956	0.01566	0.04251	0.00464	0.00134	0.00260	0.00496	0.58351	0.00487
71	0.00658	0.00476	0.00622	0.00585	0.00695	0.00439	0.00439	0.00878	0.01317	0.01866	0.80503	0.03475	0.04390	0.00951	0.00549	0.00146	0.00219	0.00841	0.00512	0.00439
72	0.00560	0.00472	0.00485	0.00482	0.00634	0.00397	0.00361	0.00687	0.01084	0.01313	0.11676	0.04385	0.73562	0.01157	0.00550	0.00156	0.00234	0.00969	0.00439	0.00397
73	0.01072	0.01170	0.02393	0.01709	0.02169	0.01067	0.63541	0.01427	0.01072	0.01495	0.00919	0.01198	0.00703	0.00383	0.00509	0.00139	0.00697	0.00495	0.00243	0.17600
74	0.01047	0.01165	0.02492	0.05552	0.03826	0.01105	0.67775	0.01408	0.01073	0.01453	0.01064	0.07776	0.00891	0.00481	0.00547	0.00159	0.00732	0.00602	0.00250	0.00605
75	0.86937	0.00900	0.00684	0.00612	0.00900	0.01044	0.00504	0.01368	0.00792	0.02087	0.00648	0.00756	0.00504	0.00432	0.00288	0.00144	0.00360	0.00252	0.00288	0.00504
76	0.00700	0.00518	0.00681	0.00756	0.00875	0.00498	0.00645	0.00893	0.01082	0.01387	0.07141	0.04981	0.20163	0.01243	0.00617	0.00198	0.00374	0.56394	0.00434	0.00421
77	0.00926	0.00876	0.01482	0.68577	0.16786	0.01046	0.01316	0.01231	0.00953	0.01247	0.00835	0.01225	0.00641	0.00456	0.00464	0.00152	0.00608	0.00414	0.00211	0.00555
78	0.00676	0.00454	0.00520	0.00520	0.00525	0.00458	0.00298	0.00685	0.00680	0.00912	0.01454	0.02978	0.01663	0.79286	0.06693	0.00467	0.00494	0.00667	0.00280	0.00289
79	0.01740	0.01195	0.01328	0.04248	0.04716	0.05893	0.00874	0.48125	0.01792	0.19740	0.01222	0.01216	0.00851	0.00555	0.00491	0.00141	0.02851	0.00422	0.01848	0.00750
80	0.00636	0.00475	0.00590	0.00561	0.00681	0.00429	0.00421	0.00834	0.01263	0.01738	0.64624	0.03685	0.20349	0.00999	0.00549	0.00149	0.00223	0.00871	0.00495	0.00429
81	0.04849	0.06893	0.10979	0.01039	0.02984	0.15106	0.00899	0.12532	0.14322	0.21005	0.01258	0.01258	0.00911	0.01836	0.00487	0.00145	0.02020	0.00405	0.00385	0.00688

[dist]
# distance from previous block
# <min> <max>
0	1

[block]
# block no. 4 follows, 55 sequences, length 48
# corresponding to MSA columns:
# 310-357
name=unknown_E
#
# <colnr> <probs for GDERKNQSTAVLIFYWHMCP>
#	G	D	E	R	K	N	Q	S	T	A	V	L	I	F	Y	W	H	M	C	P
0	0.00640	0.00469	0.00599	0.00578	0.00686	0.00429	0.00429	0.00837	0.01255	0.01747	0.66210	0.10104	0.12248	0.01016	0.00552	0.00151	0.00225	0.00895	0.00497	0.00429
1	0.06670	0.08487	0.15753	0.00950	0.02580	0.11178	0.00845	0.14333	0.05357	0.01559	0.01152	0.06812	0.01074	0.17867	0.03255	0.00222	0.00561	0.00485	0.00303	0.00558
2	0.62482	0.01211	0.16406	0.00803	0.01178	0.01057	0.02433	0.04331	0.00905	0.04542	0.00746	0.00851	0.00556	0.00442	0.00336	0.00145	0.00439	0.00289	0.00285	0.00562
3	0.01023	0.02878	0.03756	0.00836	0.01245	0.00712	0.08144	0.01256	0.01014	0.05443	0.04921	0.01146	0.00896	0.00396	0.00383	0.00088	0.00398	0.00342	0.00294	0.64831
4	0.01655	0.01226	0.01317	0.01038	0.01388	0.01362	0.00848	0.61384	0.17841	0.05104	0.01295	0.01256	0.00929	0.00574	0.00467	0.00143	0.00479	0.00442	0.00470	0.00780
5	0.00905	0.00841	0.01395	0.80117	0.03152	0.01046	0.01280	0.03501	0.00968	0.01240	0.00835	0.01237	0.00625	0.00468	0.00465	0.00155	0.00617	0.00414	0.00214	0.00525
6	0.86937	0.00900	0.00684	0.00612	0.00900	0.01044	0.00504	0.01368	0.00792	0.02087	0.00648	0.00756	0.00504	0.00432	0.00288	0.00144	0.00360	0.00252	0.00288	0.00504
7	0.00665	0.00498	0.00748	0.00748	0.00831	0.00582	0.00582	0.00831	0.00748	0.01080	0.01246	0.01828	0.01163	0.03489	0.81807	0.00748	0.01246	0.00498	0.00249	0.00415
8	0.00564	0.00472	0.00491	0.00486	0.00637	0.00399	0.00365	0.00695	0.01094	0.01337	0.14721	0.04345	0.70502	0.01148	0.00550	0.00156	0.00234	0.00963	0.00443	0.00399
9	0.00575	0.00406	0.00537	0.00642	0.00671	0.00379	0.00429	0.00660	0.00893	0.01203	0.02535	0.81107	0.03025	0.01432	0.00586	0.00187	0.00268	0.01298	0.02786	0.00379
10	0.00933	0.02406	0.81240	0.01326	0.02014	0.01080	0.01719	0.01473	0.00982	0.01473	0.00835	0.00982	0.00589	0.00442	0.00442	0.00147	0.00688	0.00344	0.00196	0.00688
11	0.00651	0.00475	0.00612	0.00577	0.00690	0.00436	0.00433	0.00864	0.01299	0.01824	0.75315	0.03544	0.09603	0.00967	0.00549	0.00147	0.00221	0.00851	0.00507	0.00436
12	0.00672	0.00468	0.00591	0.00591	0.00620	0.00496	0.00386	0.00730	0.00701	0.00964	0.01389	0.02621	0.01507	0.55742	0.30025	0.00554	0.00728	0.00615	0.00271	0.00328
13	0.25608	0.56093	0.01881	0.00765	0.01123	0.05777	0.00718	0.01410	0.00921	0.01379	0.00651	0.00754	0.00571	0.00412	0.00302	0.00113	0.00476	0.00252	0.00226	0.00568
14	0.31260	0.09614	0.01350	0.06285	0.01429	0.23503	0.08055	0.09036	0.01136	0.03321	0.00776	0.00908	0.00607	0.00455	0.00382	0.00134	0.00578	0.00324	0.00279	0.00569
15	0.01018	0.01018	0.01425	0.01221	0.01221	0.01425	0.01018	0.01120	0.00712	0.01120	0.00611	0.01018	0.00611	0.00814	0.01527	0.00204	0.82799	0.00407	0.00204	0.00509
16	0.00677	0.00451	0.00507	0.00507	0.00507	0.00451	0.00282	0.00677	0.00677	0.00902	0.01466	0.03044	0.01691	0.83650	0.02368	0.00451	0.00451	0.00677	0.00282	0.00282
17	0.01011	0.03528	0.02916	0.07374	0.16553	0.01035	0.27438	0.01427	0.10338	0.01539	0.11095	0.01706	0.05210	0.00562	0.00549	0.00151	0.04361	0.00548	0.02050	0.00608
18	0.00567	0.00405	0.00540	0.00648	0.00675	0.00378	0.00432	0.00648	0.00891	0.01188	0.02564	0.83347	0.03077	0.01457	0.00594	0.00189	0.00270	0.01323	0.00432	0.00378
19	0.00965	0.00827	0.00965	0.00689	0.01102	0.00620	0.00551	0.01171	0.00965	0.01516	0.00827	0.00965	0.00689	0.00345	0.00345	0.00069	0.00345	0.00276	0.00276	0.86494
20	0.01251	0.45918	0.16135	0.01032	0.01439	0.16538	0.05101	0.01477	0.01019	0.01191	0.00727	0.00870	0.00620	0.00524	0.02932	0.00137	0.01982	0.00301	0.00210	0.00597
21	0.00567	0.00405	0.00540	0.00648	0.00675	0.00378	0.00432	0.00648	0.00891	0.01188	0.02564	0.83347	0.03077	0.01457	0.00594	0.00189	0.00270	0.01323	0.00432	0.00378
22	0.86937	0.00900	0.00684	0.00612	0.00900	0.01044	0.00504	0.01368	0.00792	0.02087	0.00648	0.00756	0.00504	0.00432	0.00288	0.00144	0.00360	0.00252	0.00288	0.00504
23	0.00965	0.00827	0.00965	0.00689	0.01102	0.00620	0.00551	0.01171	0.00965	0.01516	0.00827	0.00965	0.00689	0.00345	0.00345	0.00069	0.00345	0.00276	0.00276	0.86494
24	0.00550	0.00471	0.00471	0.00471	0.00628	0.00393	0.00353	0.00668	0.01060	0.01257	0.04713	0.04477	0.80560	0.01178	0.00550	0.00157	0.00236	0.00982	0.00432	0.00393
25	0.86937	0.00900	0.00684	0.00612	0.00900	0.01044	0.00504	0.01368	0.00792	0.02087	0.00648	0.00756	0.00504	0.00432	0.00288	0.00144	0.00360	0.00252	0.00288	0.00504
26	0.02087	0.00792	0.01080	0.00828	0.01188	0.00684	0.00684	0.02267	0.01332	0.81071	0.01835	0.01583	0.01152	0.00576	0.00468	0.00144	0.00396	0.00468	0.00576	0.00792
27	0.01738	0.02217	0.01318	0.01199	0.01438	0.81783	0.00899	0.01858	0.01318	0.01139	0.00719	0.00839	0.00599	0.00479	0.00419	0.00120	0.00839	0.00300	0.00240	0.00539
28	0.86937	0.00900	0.00684	0.00612	0.00900	0.01044	0.00504	0.01368	0.00792	0.02087	0.00648	0.00756	0.00504	0.00432	0.00288	0.00144	0.00360	0.00252	0.00288	0.00504
29	0.00567	0.00405	0.00540	0.00648	0.00675	0.00378	0.00432	0.00648	0.00891	0.01188	0.02564	0.83347	0.03077	0.01457	0.00594	0.00189	0.00270	0.01323	0.00432	0.00378
30	0.02087	0.00792	0.01080	0.00828	0.01188	0.00684	0.00684	0.02267	0.01332	0.81071	0.01835	0.01583	0.01152	0.00576	0.00468	0.00144	0.00396	0.00468	0.00576	0.00792
31	0.01656	0.02012	0.01284	0.01158	0.01389	0.69675	0.00877	0.04925	0.01301	0.02592	0.00786	0.00932	0.00653	0.00687	0.05693	0.00164	0.03093	0.00323	0.00254	0.00545
32	0.01073	0.00823	0.00976	0.00702	0.01111	0.00626	0.00564	0.01277	0.01000	0.09165	0.00924	0.01024	0.00734	0.00367	0.00356	0.00076	0.00349	0.00294	0.00304	0.78255
33	0.00896	0.00845	0.01427	0.77402	0.08197	0.01038	0.01301	0.01204	0.00939	0.01210	0.00830	0.01235	0.00628	0.00462	0.00465	0.00154	0.00616	0.00414	0.00208	0.00531
34	0.01229	0.78592	0.02373	0.00823	0.01196	0.01814	0.00810	0.01375	0.00930	0.01096	0.00644	0.00764	0.00598	0.00425	0.00378	0.00106	0.05797	0.00259	0.00199	0.00591
35	0.00677	0.00451	0.00507	0.00507	0.00507	0.00451	0.00282	0.00677	0.00677	0.00902	0.01466	0.03044	0.01691	0.83650	0.02368	0.00451	0.00451	0.00677	0.00282	0.00282
36	0.00796	0.00873	0.07892	0.01211	0.04259	0.00725	0.26118	0.01023	0.00971	0.01320	0.01812	0.43996	0.01985	0.02566	0.00597	0.00179	0.00488	0.02354	0.00339	0.00496
37	0.01125	0.00967	0.01032	0.00934	0.01185	0.01120	0.00726	0.02366	0.74811	0.01890	0.01852	0.01742	0.01404	0.00815	0.05710	0.00196	0.00425	0.00524	0.00459	0.00716
38	0.00965	0.00827	0.00965	0.00689	0.01102	0.00620	0.00551	0.01171	0.00965	0.01516	0.00827	0.00965	0.00689	0.00345	0.00345	0.00069	0.00345	0.00276	0.00276	0.86494
39	0.00804	0.00625	0.00770	0.00749	0.03411	0.00636	0.00545	0.02926	0.18291	0.01879	0.57379	0.04875	0.03521	0.00868	0.00529	0.00149	0.00270	0.00762	0.00492	0.00519
40	0.02087	0.00792	0.01080	0.00828	0.01188	0.00684	0.00684	0.02267	0.01332	0.81071	0.01835	0.01583	0.01152	0.00576	0.00468	0.00144	0.00396	0.00468	0.00576	0.00792
41	0.00878	0.00587	0.00832	0.07170	0.00952	0.00685	0.00599	0.03341	0.00753	0.01072	0.02053	0.02826	0.00902	0.02840	0.02645	0.47676	0.15877	0.00437	0.07541	0.00334
42	0.00676	0.00494	0.00685	0.00681	0.00736	0.00557	0.00495	0.00788	0.00724	0.01024	0.01303	0.02199	0.01320	0.29005	0.54795	0.00642	0.02689	0.00553	0.00259	0.00375
43	0.00976	0.04888	0.66304	0.01288	0.01897	0.05116	0.04729	0.01452	0.01009	0.01446	0.03138	0.01121	0.02349	0.00476	0.00463	0.00146	0.01955	0.00375	0.00214	0.00659
44	0.01228	0.72978	0.10481	0.00863	0.01286	0.04301	0.00894	0.01416	0.00961	0.01135	0.00668	0.00773	0.00596	0.00405	0.00317	0.00105	0.00528	0.00260	0.00200	0.00604
45	0.00929	0.01032	0.09266	0.35645	0.16035	0.04370	0.05136	0.01213	0.00999	0.01331	0.04395	0.07179	0.04969	0.02213	0.00514	0.00156	0.00557	0.00523	0.02985	0.00553
46	0.01140	0.26760	0.36498	0.01169	0.03261	0.05387	0.04957	0.04494	0.03648	0.03070	0.02559	0.01018	0.00730	0.00463	0.00440	0.00133	0.03040	0.00348	0.00236	0.00648
47	0.00971	0.05293	0.13388	0.00869	0.02842	0.03366	0.02009	0.04463	0.11837	0.06785	0.22186	0.05044	0.16044	0.00771	0.00493	0.00146	0.00392	0.00649	0.00404	0.02046

[dist]
# distance from previous block
# <min> <max>
0	8

[block]
# block no. 5 follows, 55 sequences, length 113
# corresponding to MSA columns:
# 366-476,481,482
name=unknown_F
#
# <colnr> <probs for GDERKNQSTAVLIFYWHMCP>
#	G	D	E	R	K	N	Q	S	T	A	V	L	I	F	Y	W	H	M	C	P
0	0.23028	0.21287	0.11216	0.01018	0.07230	0.09959	0.02027	0.01453	0.03900	0.03144	0.00930	0.03970	0.02259	0.00484	0.00371	0.00128	0.00501	0.00354	0.00265	0.06476
1	0.00685	0.00501	0.00679	0.00670	0.00716	0.00565	0.00479	0.00780	0.00717	0.01009	0.01308	0.02287	0.01354	0.35910	0.46139	0.00604	0.04404	0.00567	0.00261	0.00365
2	0.01041	0.02903	0.27516	0.07877	0.24422	0.02470	0.10740	0.03338	0.06250	0.01519	0.02949	0.02774	0.03117	0.00496	0.00470	0.00147	0.00598	0.00453	0.00255	0.00663
3	0.00578	0.00474	0.00511	0.00507	0.00653	0.00407	0.00383	0.00720	0.01114	0.01386	0.20262	0.04295	0.62429	0.01135	0.00552	0.00157	0.00238	0.03347	0.00448	0.00403
4	0.00650	0.00508	0.00629	0.03109	0.03024	0.00481	0.00465	0.00816	0.01105	0.01478	0.32603	0.04777	0.33330	0.05380	0.05155	0.00200	0.01618	0.00830	0.03421	0.00422
5	0.05820	0.01229	0.01106	0.00918	0.01198	0.16958	0.00731	0.34446	0.05550	0.07467	0.02951	0.01277	0.00952	0.00547	0.00423	0.00131	0.00491	0.00408	0.16749	0.00649
6	0.01151	0.01105	0.01888	0.02855	0.80748	0.01105	0.01428	0.01428	0.01059	0.01520	0.00875	0.01151	0.00737	0.00415	0.00461	0.00138	0.00553	0.00415	0.00230	0.00737
7	0.00668	0.00484	0.00672	0.00672	0.00729	0.00541	0.00488	0.00782	0.00725	0.01024	0.01315	0.02209	0.01328	0.28596	0.56926	0.00655	0.00997	0.00554	0.00259	0.00374
8	0.01084	0.01209	0.02570	0.01855	0.02279	0.01168	0.70741	0.01450	0.01066	0.01472	0.00938	0.01255	0.00716	0.00428	0.00611	0.00159	0.06621	0.00535	0.03232	0.00612
9	0.81542	0.00951	0.00727	0.00644	0.00934	0.03355	0.00528	0.04096	0.00855	0.02090	0.00666	0.00771	0.00517	0.00438	0.00298	0.00143	0.00379	0.00259	0.00293	0.00515
10	0.02782	0.01045	0.02840	0.08626	0.36742	0.01071	0.05020	0.09356	0.03414	0.13659	0.02405	0.01303	0.00880	0.02277	0.00582	0.00154	0.06395	0.00441	0.00316	0.00691
11	0.00588	0.00409	0.00548	0.00647	0.00674	0.00385	0.00434	0.00653	0.00872	0.01162	0.02429	0.74805	0.02897	0.03110	0.00708	0.05659	0.00286	0.02955	0.00414	0.00366
