[name]
unknown

[dist]
# distance from previous block
# <min> <max>
0	60

[block]
# block no. 0 follows, 59 sequences, length 12
# corresponding to MSA columns:
# 66-77
name=unknown_A
#
# <colnr> <probs for GDERKNQSTAVLIFYWHMCP>
#	G	D	E	R	K	N	Q	S	T	A	V	L	I	F	Y	W	H	M	C	P
0	0.02807	0.10098	0.01009	0.00812	0.01012	0.02289	0.02197	0.05243	0.01037	0.06975	0.01686	0.03124	0.01696	0.01111	0.08345	0.00214	0.00495	0.40966	0.00354	0.08529
1	0.04917	0.06777	0.14119	0.01075	0.04097	0.10937	0.09769	0.10095	0.05370	0.09456	0.13971	0.01592	0.01356	0.00561	0.00445	0.00136	0.00508	0.03894	0.00335	0.00592
2	0.04627	0.31004	0.11982	0.00823	0.03007	0.05350	0.00752	0.03881	0.00963	0.04697	0.03985	0.10686	0.06037	0.08385	0.00560	0.00152	0.00450	0.00483	0.00276	0.01902
3	0.06244	0.15943	0.25912	0.04662	0.05029	0.01078	0.03321	0.05066	0.08347	0.05120	0.01140	0.04029	0.03385	0.00528	0.00421	0.00134	0.01429	0.03915	0.00275	0.04025
4	0.00947	0.00877	0.01334	0.11291	0.43741	0.02835	0.01021	0.01240	0.07605	0.01331	0.01297	0.10783	0.04675	0.08368	0.00624	0.00168	0.00471	0.00544	0.00270	0.00578
5	0.02001	0.00801	0.07501	0.00815	0.01029	0.02271	0.08855	0.06838	0.07383	0.02834	0.17464	0.20290	0.17053	0.00875	0.00501	0.00150	0.00361	0.00774	0.01715	0.00488
6	0.01216	0.01082	0.01078	0.01058	0.10139	0.16703	0.00732	0.17070	0.07077	0.06031	0.01391	0.09879	0.05988	0.05556	0.02961	0.00164	0.01595	0.00508	0.00339	0.09434
7	0.00764	0.00706	0.08214	0.00646	0.00831	0.00574	0.00553	0.09779	0.01234	0.01719	0.45987	0.02862	0.14451	0.04552	0.00569	0.00151	0.00293	0.00702	0.04951	0.00463
8	0.03250	0.01323	0.01223	0.06046	0.01387	0.20864	0.00827	0.44340	0.01601	0.02041	0.00948	0.01060	0.00723	0.00713	0.06426	0.00172	0.03190	0.00372	0.02864	0.00628
9	0.00704	0.05642	0.00645	0.00540	0.00605	0.00569	0.00353	0.00846	0.08155	0.01002	0.01722	0.02760	0.10482	0.59816	0.04110	0.00359	0.00423	0.00632	0.00295	0.00341
10	0.01314	0.00942	0.01157	0.00977	0.02843	0.06944	0.09589	0.08759	0.22773	0.20737	0.04963	0.04244	0.01292	0.02679	0.00499	0.00148	0.00435	0.03168	0.05909	0.00629
11	0.00772	0.00421	0.00443	0.00443	0.00549	0.00420	0.00334	0.00962	0.00915	0.01538	0.01758	0.01947	0.10162	0.00842	0.07985	0.00164	0.00299	0.00476	0.69163	0.00406

[dist]
# distance from previous block
# <min> <max>
0	3

[block]
# block no. 1 follows, 59 sequences, length 7
# corresponding to MSA columns:
# 81-87
name=unknown_B
#
# <colnr> <probs for GDERKNQSTAVLIFYWHMCP>
#	G	D	E	R	K	N	Q	S	T	A	V	L	I	F	Y	W	H	M	C	P
0	0.01167	0.17814	0.01972	0.01258	0.01621	0.01058	0.38522	0.01434	0.01083	0.15156	0.13180	0.01466	0.01251	0.00483	0.00460	0.00134	0.00546	0.00493	0.00311	0.00589
1	0.13869	0.13596	0.01325	0.32058	0.04763	0.02899	0.00913	0.04815	0.17028	0.01466	0.00944	0.01112	0.00732	0.00468	0.00415	0.00137	0.02263	0.00365	0.00269	0.00561
2	0.01138	0.00608	0.00676	0.00582	0.00777	0.00596	0.00460	0.12940	0.01177	0.17919	0.01904	0.01925	0.13238	0.00615	0.00388	0.00121	0.00284	0.00495	0.43634	0.00525
3	0.00733	0.00564	0.00649	0.00658	0.00772	0.00571	0.00480	0.07708	0.12850	0.01379	0.02549	0.38337	0.18200	0.07418	0.00658	0.00185	0.00304	0.05136	0.00408	0.00441
4	0.01036	0.01155	0.01897	0.01451	0.01770	0.13312	0.47976	0.01355	0.05168	0.01329	0.01218	0.17854	0.01143	0.00600	0.00507	0.00150	0.00634	0.00632	0.00273	0.00541
5	0.01030	0.00774	0.00894	0.00737	0.00994	0.03344	0.00586	0.13008	0.01060	0.04117	0.01081	0.01642	0.00983	0.00744	0.00674	0.17621	0.00391	0.11950	0.00305	0.38065
6	0.00663	0.00547	0.00747	0.00961	0.16917	0.00515	0.00555	0.00782	0.00914	0.01194	0.05379	0.26934	0.27553	0.13402	0.00773	0.00195	0.00324	0.00871	0.00353	0.00420

[dist]
# distance from previous block
# <min> <max>
9	33

[block]
# block no. 2 follows, 59 sequences, length 17
# corresponding to MSA columns:
# 125-141
name=unknown_C
#
# <colnr> <probs for GDERKNQSTAVLIFYWHMCP>
#	G	D	E	R	K	N	Q	S	T	A	V	L	I	F	Y	W	H	M	C	P
0	0.26125	0.14994	0.01442	0.02212	0.01301	0.03045	0.13841	0.21368	0.01218	0.01882	0.07813	0.01115	0.00919	0.00473	0.00386	0.00130	0.00470	0.00378	0.00310	0.00578
1	0.08396	0.07800	0.51013	0.01048	0.01528	0.00955	0.03502	0.01257	0.00946	0.01444	0.10042	0.07994	0.01158	0.00548	0.00423	0.00140	0.00532	0.00447	0.00248	0.00579
2	0.00984	0.00860	0.01244	0.08212	0.01276	0.01109	0.04203	0.01110	0.00771	0.07704	0.00968	0.01370	0.04406	0.07822	0.03520	0.00215	0.53053	0.00446	0.00241	0.00485
3	0.08732	0.07948	0.01149	0.00884	0.02293	0.01051	0.04277	0.11405	0.35732	0.10432	0.02825	0.01638	0.08563	0.00589	0.00430	0.00140	0.00385	0.00480	0.00405	0.00642
4	0.00729	0.00716	0.07617	0.10731	0.04805	0.00617	0.01744	0.05693	0.01019	0.01351	0.09130	0.25893	0.16339	0.02881	0.00555	0.00166	0.00371	0.08831	0.00359	0.00452
5	0.09212	0.00814	0.01031	0.00931	0.07682	0.03093	0.00686	0.05167	0.01197	0.55987	0.01568	0.08303	0.01131	0.00589	0.00437	0.00139	0.00392	0.00484	0.00471	0.00684
6	0.00971	0.09197	0.51073	0.01183	0.01687	0.08148	0.07772	0.01402	0.04594	0.01338	0.00959	0.07944	0.00804	0.00504	0.00428	0.00138	0.00610	0.00417	0.00224	0.00606
7	0.00668	0.07686	0.07873	0.00854	0.07435	0.00590	0.00623	0.00803	0.00871	0.01169	0.02007	0.63133	0.02336	0.01134	0.00517	0.00165	0.00331	0.01019	0.00356	0.00430
8	0.08897	0.01190	0.02907	0.07899	0.02849	0.13131	0.00815	0.33172	0.09242	0.05210	0.01136	0.07883	0.00928	0.00578	0.00451	0.00138	0.02140	0.00447	0.00363	0.00625
9	0.00563	0.00406	0.00534	0.00593	0.00645	0.00376	0.00410	0.00680	0.00969	0.01319	0.25815	0.58087	0.05490	0.01234	0.00550	0.00167	0.00241	0.01112	0.00432	0.00376
10	0.00927	0.00821	0.01064	0.00760	0.01157	0.00635	0.07510	0.01139	0.00927	0.01437	0.00795	0.00940	0.00656	0.00331	0.00344	0.00073	0.00364	0.00284	0.00258	0.79578
11	0.00535	0.00444	0.00468	0.00470	0.00607	0.00377	0.00350	0.00657	0.01027	0.01260	0.13703	0.08665	0.67701	0.01107	0.00524	0.00150	0.00224	0.00934	0.00419	0.00377
12	0.00950	0.00892	0.01314	0.07428	0.01402	0.07978	0.20109	0.02975	0.02280	0.02629	0.02389	0.08152	0.01052	0.02940	0.13750	0.00243	0.11321	0.00515	0.11191	0.00489
13	0.02909	0.01072	0.01569	0.09603	0.01708	0.02713	0.23437	0.27407	0.08595	0.05473	0.03395	0.01333	0.03555	0.00504	0.00473	0.00139	0.01451	0.00462	0.00343	0.03857
14	0.03895	0.05905	0.01579	0.01179	0.01494	0.18587	0.19795	0.20355	0.05499	0.08439	0.02827	0.01130	0.00811	0.00490	0.00488	0.00134	0.04676	0.00408	0.01693	0.00616
15	0.01068	0.01102	0.01072	0.00868	0.01150	0.22283	0.07274	0.03438	0.02507	0.01436	0.16253	0.01553	0.05631	0.00526	0.00415	0.00107	0.00463	0.00435	0.00308	0.32111
16	0.03831	0.26464	0.25643	0.00852	0.01221	0.01069	0.00907	0.04296	0.02503	0.01487	0.25599	0.01604	0.01691	0.00563	0.00406	0.00126	0.00439	0.00448	0.00297	0.00553

[dist]
# distance from previous block
# <min> <max>
5	11

[block]
# block no. 3 follows, 59 sequences, length 16
# corresponding to MSA columns:
# 154-169
name=unknown_D
#
# <colnr> <probs for GDERKNQSTAVLIFYWHMCP>
#	G	D	E	R	K	N	Q	S	T	A	V	L	I	F	Y	W	H	M	C	P
0	0.11778	0.07105	0.01177	0.00976	0.06575	0.06441	0.00743	0.19889	0.14186	0.18503	0.04351	0.01394	0.01054	0.00545	0.00418	0.00135	0.00432	0.03248	0.00397	0.00652
1	0.04558	0.01212	0.05832	0.00992	0.01323	0.01269	0.00851	0.61858	0.01805	0.03930	0.03618	0.01189	0.02757	0.00562	0.00507	0.00138	0.06079	0.00413	0.00407	0.00698
2	0.00574	0.00416	0.00504	0.00559	0.00606	0.00390	0.00376	0.00645	0.00832	0.01079	0.02539	0.41531	0.17752	0.23977	0.01018	0.00243	0.00306	0.05942	0.00371	0.00340
3	0.01096	0.60919	0.25393	0.00901	0.01358	0.01539	0.01009	0.01345	0.00908	0.01143	0.00666	0.00773	0.00565	0.00390	0.00323	0.00108	0.00524	0.00262	0.00188	0.00592
4	0.00951	0.00957	0.01443	0.05082	0.01341	0.01274	0.08768	0.01083	0.00729	0.01103	0.00692	0.04217	0.00680	0.00741	0.01276	0.00186	0.68347	0.00434	0.00205	0.00490
5	0.00673	0.00486	0.00624	0.00639	0.00706	0.00507	0.00461	0.05304	0.00847	0.01142	0.01814	0.21974	0.06325	0.23799	0.25512	0.00401	0.00602	0.07489	0.00322	0.00373
6	0.00645	0.00460	0.00572	0.00539	0.00661	0.00414	0.00406	0.00831	0.01196	0.04200	0.61716	0.03455	0.21382	0.00940	0.00519	0.00141	0.00217	0.00817	0.00471	0.00418
7	0.00950	0.00822	0.01005	0.00727	0.01107	0.00661	0.03370	0.04013	0.00955	0.01475	0.00792	0.00933	0.00656	0.00351	0.00375	0.00075	0.03096	0.00280	0.00265	0.78093
8	0.06962	0.00783	0.00919	0.00675	0.01049	0.00627	0.00544	0.01325	0.00972	0.16968	0.00958	0.01015	0.00727	0.00375	0.00346	0.00084	0.00337	0.00295	0.00317	0.64722
9	0.00664	0.00430	0.00493	0.00492	0.00514	0.00435	0.00298	0.00708	0.00702	0.00998	0.03881	0.02661	0.01589	0.65271	0.07847	0.00399	0.00448	0.00606	0.11266	0.00300
10	0.04124	0.00903	0.01442	0.51175	0.13331	0.01061	0.05848	0.08736	0.01005	0.01373	0.00804	0.01125	0.00620	0.00461	0.00508	0.00146	0.06169	0.00395	0.00227	0.00549
11	0.00565	0.00401	0.00527	0.00613	0.00645	0.00379	0.00417	0.00650	0.00861	0.01152	0.06806	0.66644	0.02843	0.09136	0.00722	0.00202	0.00280	0.06400	0.00401	0.00357
12	0.01288	0.04561	0.02640	0.04021	0.05852	0.06620	0.00804	0.23353	0.32189	0.05535	0.04257	0.01500	0.02660	0.00572	0.00442	0.00139	0.00441	0.02058	0.00399	0.00667
13	0.01096	0.49021	0.32307	0.00967	0.01439	0.06078	0.01091	0.01376	0.00931	0.01177	0.00685	0.00798	0.00564	0.00398	0.00341	0.00113	0.00559	0.00273	0.00190	0.00596
14	0.01620	0.05915	0.01319	0.00959	0.01298	0.01301	0.00796	0.67239	0.01898	0.07095	0.01092	0.01122	0.00790	0.02322	0.00468	0.00136	0.00469	0.00397	0.03046	0.00720
15	0.41617	0.00872	0.00934	0.00768	0.01049	0.00945	0.05096	0.11154	0.04795	0.15890	0.02701	0.01298	0.07054	0.00533	0.00413	0.00141	0.03422	0.00392	0.00359	0.00567

[dist]
# distance from previous block
# <min> <max>
0	28

[block]
# block no. 4 follows, 59 sequences, length 8
# corresponding to MSA columns:
# 199-206
name=unknown_E
#
# <colnr> <probs for GDERKNQSTAVLIFYWHMCP>
#	G	D	E	R	K	N	Q	S	T	A	V	L	I	F	Y	W	H	M	C	P
0	0.01575	0.01892	0.01221	0.01097	0.01335	0.66511	0.00831	0.06481	0.12421	0.01288	0.00861	0.00931	0.00688	0.00480	0.00408	0.00120	0.00716	0.00321	0.00271	0.00552
1	0.87598	0.00854	0.00649	0.00581	0.00854	0.00991	0.00478	0.01298	0.00752	0.01982	0.00615	0.00717	0.00478	0.00410	0.00273	0.00137	0.00342	0.00239	0.00273	0.00478
2	0.00642	0.00428	0.00482	0.00482	0.00482	0.00428	0.00268	0.00642	0.00642	0.00856	0.01392	0.02890	0.01606	0.84478	0.02248	0.00428	0.00428	0.00642	0.00268	0.00268
3	0.00784	0.00575	0.00738	0.00799	0.00925	0.00600	0.00681	0.01161	0.14290	0.01432	0.02185	0.04190	0.02243	0.01067	0.00562	0.00187	0.00383	0.60158	0.06586	0.00456
4	0.00555	0.00402	0.00526	0.00605	0.00652	0.00373	0.00419	0.00656	0.00913	0.01218	0.12090	0.65341	0.08579	0.01300	0.00558	0.00173	0.00255	0.04596	0.00419	0.00369
5	0.00570	0.00432	0.00525	0.00537	0.00635	0.00388	0.00389	0.00713	0.01067	0.01419	0.36388	0.24925	0.28212	0.01098	0.00533	0.00153	0.00226	0.00961	0.00442	0.00388
6	0.42877	0.04647	0.06714	0.00809	0.01143	0.01170	0.00713	0.30841	0.03927	0.02196	0.00833	0.00891	0.00619	0.00460	0.00353	0.00134	0.00423	0.00313	0.00332	0.00604
7	0.04490	0.55055	0.04988	0.00945	0.06914	0.05385	0.00815	0.01505	0.10732	0.04296	0.00827	0.00894	0.00688	0.00419	0.00331	0.00110	0.00475	0.00293	0.00241	0.00597

[dist]
# distance from previous block
# <min> <max>
2	8

[block]
# block no. 5 follows, 59 sequences, length 7
# corresponding to MSA columns:
# 217-223
name=unknown_F
#
# <colnr> <probs for GDERKNQSTAVLIFYWHMCP>
#	G	D	E	R	K	N	Q	S	T	A	V	L	I	F	Y	W	H	M	C	P
0	0.05273	0.10838	0.27662	0.01428	0.18936	0.06090	0.04336	0.06376	0.07271	0.04133	0.00895	0.01016	0.00685	0.00432	0.00406	0.00130	0.00551	0.00352	0.00252	0.02939
1	0.14436	0.10194	0.01251	0.01094	0.12903	0.02682	0.00772	0.30105	0.04628	0.01963	0.04299	0.09962	0.01078	0.00582	0.00411	0.00134	0.00428	0.00465	0.02000	0.00613
2	0.04099	0.00487	0.00691	0.00739	0.03163	0.00470	0.05024	0.00741	0.00852	0.01176	0.04575	0.49804	0.04633	0.10592	0.00793	0.04440	0.00330	0.06653	0.00364	0.00375
3	0.16477	0.01236	0.01177	0.00944	0.01264	0.09420	0.00768	0.52947	0.07648	0.02405	0.01001	0.01019	0.00730	0.00507	0.00409	0.00133	0.00482	0.00367	0.00392	0.00676
4	0.07646	0.01071	0.01266	0.01060	0.01212	0.11059	0.05032	0.01403	0.06076	0.11065	0.00844	0.01046	0.00692	0.00622	0.00933	0.00160	0.42648	0.00377	0.00269	0.05521
5	0.01073	0.03429	0.04079	0.10582	0.07318	0.04229	0.20058	0.03280	0.04167	0.08034	0.01098	0.04717	0.03465	0.03535	0.00746	0.00164	0.18719	0.00482	0.00268	0.00557
6	0.00657	0.00570	0.05277	0.00677	0.00770	0.00498	0.00531	0.00847	0.05811	0.01178	0.03717	0.32458	0.04570	0.20372	0.03619	0.00253	0.00384	0.17062	0.00362	0.00389

[dist]
# distance from previous block
# <min> <max>
0	3

[block]
# block no. 6 follows, 59 sequences, length 50
# corresponding to MSA columns:
# 227-276
name=unknown_G
#
# <colnr> <probs for GDERKNQSTAVLIFYWHMCP>
#	G	D	E	R	K	N	Q	S	T	A	V	L	I	F	Y	W	H	M	C	P
0	0.02299	0.00956	0.01546	0.30918	0.44088	0.02521	0.01242	0.01248	0.00939	0.01302	0.00854	0.01157	0.02048	0.00452	0.00510	0.00141	0.06570	0.00398	0.00213	0.00598
1	0.00656	0.00487	0.00631	0.00646	0.03689	0.00456	0.00455	0.00878	0.03984	0.02673	0.57654	0.12406	0.11815	0.00946	0.00519	0.00145	0.00234	0.00834	0.00459	0.00430
2	0.01074	0.00923	0.01466	0.25099	0.32929	0.01004	0.04230	0.01489	0.13429	0.07860	0.01046	0.01254	0.00807	0.00536	0.02602	0.00156	0.02773	0.00421	0.00275	0.00626
3	0.01914	0.00785	0.03204	0.00792	0.01136	0.00653	0.00669	0.02095	0.01255	0.77626	0.03930	0.01538	0.01164	0.00553	0.00446	0.00137	0.00379	0.00451	0.00535	0.00740
4	0.06819	0.01365	0.20694	0.00960	0.01318	0.10705	0.00911	0.08953	0.22489	0.12839	0.05140	0.01394	0.03396	0.00542	0.00429	0.00138	0.00482	0.00425	0.00361	0.00640
5	0.00538	0.00384	0.00512	0.00615	0.00641	0.00359	0.00410	0.00615	0.00846	0.01127	0.02434	0.84190	0.02921	0.01384	0.00564	0.00179	0.00256	0.01256	0.00410	0.00359
6	0.00637	0.00426	0.00483	0.00488	0.00489	0.00425	0.00274	0.00641	0.00652	0.00869	0.01440	0.06692	0.01667	0.80592	0.02169	0.00417	0.00420	0.00671	0.00274	0.00272
7	0.01191	0.77633	0.05410	0.00793	0.01175	0.05505	0.00795	0.01346	0.00915	0.01055	0.00624	0.00721	0.00567	0.00383	0.00294	0.00097	0.00495	0.00242	0.00191	0.00568
8	0.00829	0.00677	0.00698	0.00680	0.02013	0.05318	0.00501	0.01205	0.18755	0.03607	0.07283	0.12832	0.25343	0.04116	0.00574	0.00157	0.03249	0.00716	0.10974	0.00474
9	0.00551	0.00397	0.00523	0.00601	0.00642	0.00368	0.00409	0.00650	0.00913	0.01230	0.14802	0.69375	0.05297	0.01301	0.00556	0.00172	0.00248	0.01175	0.00422	0.00368
10	0.01646	0.01221	0.01307	0.01009	0.01357	0.01354	0.00831	0.75781	0.06600	0.02730	0.01103	0.01094	0.00785	0.00534	0.00442	0.00134	0.00478	0.00403	0.00442	0.00748
11	0.26736	0.07651	0.01189	0.00882	0.01196	0.12505	0.00726	0.39044	0.01472	0.03448	0.00855	0.00904	0.00638	0.00473	0.00374	0.00128	0.00484	0.00324	0.00345	0.00624
12	0.01460	0.01634	0.01240	0.01076	0.01316	0.48285	0.03926	0.14852	0.07934	0.01448	0.01073	0.01159	0.05329	0.00608	0.02730	0.00143	0.04559	0.00378	0.00291	0.00558
13	0.01663	0.01229	0.01317	0.01013	0.01364	0.01362	0.00836	0.78172	0.04180	0.02759	0.01080	0.01076	0.00767	0.00532	0.00442	0.00133	0.00482	0.00400	0.00442	0.00750
14	0.03495	0.19114	0.24321	0.01042	0.04070	0.11998	0.01008	0.13663	0.01148	0.07685	0.00887	0.01040	0.00697	0.04478	0.01367	0.00145	0.01819	0.00340	0.01073	0.00610
15	0.00802	0.00499	0.00581	0.00532	0.00700	0.00432	0.00409	0.00952	0.01111	0.14929	0.24059	0.03471	0.45672	0.00950	0.00503	0.00143	0.00245	0.00801	0.02761	0.00449
16	0.01223	0.77237	0.02218	0.00790	0.01155	0.09102	0.00765	0.01363	0.00930	0.01043	0.00620	0.00716	0.00567	0.00385	0.00294	0.00096	0.00502	0.00241	0.00192	0.00562
17	0.00981	0.00990	0.01351	0.01159	0.01164	0.03082	0.00964	0.01078	0.00689	0.01063	0.00582	0.00963	0.00580	0.00766	0.01427	0.00192	0.81908	0.00384	0.00194	0.00484
18	0.00916	0.00785	0.00916	0.00654	0.01047	0.00589	0.00523	0.01112	0.00916	0.01439	0.00785	0.00916	0.00654	0.00327	0.00327	0.00065	0.00327	0.00262	0.00262	0.87178
19	0.00543	0.00388	0.00517	0.00612	0.00642	0.00362	0.00410	0.00628	0.00869	0.01164	0.06970	0.79549	0.02993	0.01356	0.00561	0.00177	0.00253	0.01229	0.00414	0.00362
20	0.00823	0.00412	0.00412	0.00412	0.00515	0.00412	0.00309	0.01029	0.00926	0.01647	0.01441	0.01647	0.01132	0.00515	0.00309	0.00103	0.00206	0.00412	0.86930	0.00412
21	0.03268	0.44156	0.31968	0.02430	0.01456	0.01402	0.01082	0.02704	0.05517	0.01274	0.00759	0.00860	0.00610	0.00411	0.00349	0.00117	0.00532	0.00290	0.00209	0.00606
22	0.00939	0.08449	0.72995	0.01211	0.01832	0.01094	0.01535	0.04498	0.00975	0.01426	0.00790	0.00921	0.00568	0.00421	0.00410	0.00136	0.00633	0.00322	0.00197	0.00650
23	0.00823	0.00412	0.00412	0.00412	0.00515	0.00412	0.00309	0.01029	0.00926	0.01647	0.01441	0.01647	0.01132	0.00515	0.00309	0.00103	0.00206	0.00412	0.86930	0.00412
24	0.01370	0.00903	0.01018	0.00871	0.01150	0.00980	0.00690	0.05043	0.55466	0.24703	0.01756	0.01586	0.01255	0.00582	0.00448	0.00145	0.00362	0.00480	0.00477	0.00716
25	0.01181	0.84744	0.02314	0.00756	0.01134	0.01748	0.00756	0.01323	0.00897	0.01039	0.00614	0.00708	0.00567	0.00378	0.00283	0.00094	0.00472	0.00236	0.00189	0.00567
26	0.01343	0.01058	0.01085	0.00904	0.01167	0.06616	0.00719	0.37211	0.22485	0.04448	0.03994	0.01499	0.01124	0.05539	0.05196	0.00186	0.00486	0.01546	0.02746	0.00648
27	0.00561	0.00403	0.00537	0.00630	0.00671	0.00379	0.00442	0.00660	0.00889	0.01182	0.06241	0.69178	0.05084	0.01335	0.00566	0.00179	0.00270	0.10012	0.00413	0.00367
28	0.00579	0.00435	0.00543	0.00618	0.00678	0.00415	0.00429	0.00743	0.06187	0.01191	0.02665	0.65234	0.13454	0.01290	0.00552	0.00174	0.00263	0.03755	0.00413	0.00385
29	0.00944	0.25277	0.38426	0.01024	0.01472	0.01113	0.04887	0.01268	0.00940	0.02668	0.01977	0.07193	0.03002	0.00569	0.00417	0.00136	0.00536	0.07337	0.00239	0.00575
30	0.00599	0.00453	0.00594	0.00652	0.00733	0.00424	0.01983	0.01943	0.00940	0.01215	0.02802	0.47035	0.19704	0.01259	0.00562	0.00177	0.00295	0.17841	0.00406	0.00383
31	0.00643	0.00462	0.00631	0.00729	0.00806	0.00450	0.00591	0.00798	0.00956	0.01248	0.02453	0.32972	0.05655	0.01274	0.00590	0.00193	0.00347	0.48405	0.00408	0.00388
32	0.01090	0.59399	0.26865	0.00910	0.01373	0.01526	0.01025	0.01346	0.00908	0.01150	0.00669	0.00777	0.00565	0.00391	0.00325	0.00108	0.00528	0.00264	0.00188	0.00593
33	0.01088	0.01280	0.07706	0.08322	0.10906	0.07021	0.48761	0.04504	0.01064	0.01414	0.00854	0.01122	0.00653	0.00407	0.00512	0.00144	0.02959	0.00458	0.00226	0.00600
34	0.01000	0.01486	0.24087	0.01699	0.02201	0.01092	0.58934	0.01410	0.01013	0.01410	0.00866	0.01121	0.00640	0.00385	0.00494	0.00146	0.00720	0.00469	0.00213	0.00611
35	0.00539	0.00391	0.00510	0.00600	0.00638	0.00361	0.00404	0.00622	0.00869	0.01150	0.04760	0.75831	0.08994	0.01350	0.00559	0.00176	0.00252	0.01218	0.00412	0.00361
36	0.00972	0.00943	0.03715	0.31872	0.31112	0.02498	0.07557	0.01242	0.00983	0.04153	0.03491	0.01449	0.07117	0.00489	0.00454	0.00140	0.00537	0.00456	0.00245	0.00578
37	0.00718	0.02351	0.00833	0.00763	0.00899	0.02640	0.08950	0.00865	0.00974	0.04418	0.07083	0.36250	0.18031	0.01094	0.00540	0.00166	0.00344	0.12268	0.00390	0.00421
38	0.01309	0.00837	0.00961	0.00833	0.01095	0.00892	0.00661	0.02120	0.48440	0.25683	0.05669	0.01869	0.03789	0.00634	0.00459	0.00147	0.00349	0.03094	0.00478	0.00682
39	0.00916	0.05506	0.53646	0.01293	0.03867	0.01003	0.14265	0.01342	0.00975	0.02539	0.04759	0.01308	0.03669	0.00479	0.00444	0.00141	0.00610	0.02397	0.00226	0.00615
40	0.12264	0.17815	0.14336	0.01071	0.04835	0.12700	0.07166	0.07060	0.06579	0.10825	0.00927	0.00994	0.00696	0.00445	0.00386	0.00127	0.00535	0.00340	0.00286	0.00613
41	0.00975	0.27209	0.58046	0.01107	0.01676	0.01244	0.01367	0.01376	0.00922	0.01290	0.00739	0.00865	0.00562	0.00407	0.00378	0.00126	0.00598	0.00299	0.00187	0.00627
42	0.00770	0.00512	0.02756	0.00664	0.00717	0.00516	0.02643	0.00743	0.00674	0.00977	0.00955	0.02895	0.00911	0.04942	0.13029	0.48427	0.06221	0.00428	0.10924	0.00297
43	0.01191	0.12261	0.14570	0.09292	0.09555	0.11687	0.03066	0.18429	0.01231	0.01588	0.05562	0.01209	0.03541	0.00509	0.00468	0.00132	0.04437	0.00393	0.00278	0.00601
44	0.01096	0.64652	0.13128	0.00829	0.01213	0.01552	0.00864	0.01288	0.00906	0.01117	0.03337	0.00925	0.02744	0.00438	0.00370	0.00108	0.04373	0.00291	0.00204	0.00565
45	0.00631	0.00471	0.00699	0.00699	0.00774	0.00546	0.00539	0.00782	0.00707	0.01017	0.01193	0.01790	0.01128	0.07174	0.78899	0.00696	0.01147	0.00481	0.00238	0.00388
46	0.01329	0.06225	0.03506	0.03533	0.13484	0.29610	0.07413	0.14952	0.05050	0.01498	0.00966	0.06266	0.00829	0.00590	0.02689	0.00145	0.00626	0.00418	0.00281	0.00590
47	0.01168	0.13482	0.18281	0.12323	0.13457	0.14288	0.07508	0.03755	0.02501	0.05615	0.00881	0.01113	0.00698	0.00450	0.00418	0.00131	0.00598	0.02493	0.00240	0.00601
48	0.00635	0.00465	0.00663	0.00665	0.00728	0.00525	0.00496	0.00761	0.00702	0.00996	0.01251	0.02043	0.01238	0.20112	0.64306	0.00641	0.01010	0.02148	0.00247	0.00368
49	0.00571	0.00444	0.02258	0.00636	0.00683	0.00414	0.00452	0.00666	0.00807	0.01094	0.02087	0.60919	0.02433	0.07881	0.16136	0.00297	0.00452	0.01044	0.00362	0.00365

[dist]
# distance from previous block
# <min> <max>
3	13

[block]
# block no. 7 follows, 59 sequences, length 42
# corresponding to MSA columns:
# 290-331
name=unknown_H
#
# <colnr> <probs for GDERKNQSTAVLIFYWHMCP>
#	G	D	E	R	K	N	Q	S	T	A	V	L	I	F	Y	W	H	M	C	P
0	0.02955	0.18161	0.34699	0.01113	0.04835	0.08142	0.04430	0.02898	0.07357	0.01365	0.02232	0.01087	0.00759	0.02959	0.02556	0.00151	0.00580	0.00352	0.02772	0.00596
1	0.01061	0.23828	0.25436	0.00910	0.01299	0.03299	0.03023	0.05487	0.04817	0.05494	0.05551	0.03768	0.00995	0.02291	0.00425	0.00129	0.00480	0.00392	0.08312	0.03001
2	0.03306	0.04681	0.14214	0.00882	0.01248	0.00778	0.08773	0.02504	0.05521	0.02604	0.06204	0.08392	0.04138	0.00537	0.00411	0.00115	0.00417	0.01144	0.00294	0.33837
3	0.09669	0.11947	0.16486	0.01216	0.09781	0.28631	0.03085	0.07570	0.01133	0.05456	0.00791	0.00900	0.00615	0.00436	0.00389	0.00124	0.00611	0.00316	0.00251	0.00594
4	0.00619	0.00479	0.00614	0.00663	0.02039	0.00467	0.00489	0.00779	0.02735	0.01318	0.18541	0.32280	0.19313	0.01147	0.00588	0.00168	0.03910	0.13040	0.00413	0.00399
5	0.03594	0.16853	0.45121	0.01075	0.01586	0.02914	0.01228	0.13339	0.02871	0.06196	0.00870	0.00951	0.00636	0.00440	0.00396	0.00130	0.00567	0.00328	0.00255	0.00651
6	0.09326	0.01275	0.20814	0.00969	0.01325	0.07219	0.05966	0.07828	0.10299	0.13648	0.07649	0.02707	0.04270	0.02158	0.01495	0.00152	0.00493	0.01460	0.00345	0.00602
7	0.00547	0.00391	0.00522	0.00625	0.00654	0.00366	0.00425	0.00630	0.00854	0.01137	0.02429	0.80220	0.02902	0.01375	0.00566	0.00181	0.00264	0.05140	0.00410	0.00361
8	0.01029	0.05978	0.43567	0.01889	0.01654	0.08099	0.07334	0.03269	0.13285	0.02492	0.02909	0.01284	0.00872	0.00495	0.00435	0.00140	0.00588	0.03797	0.00260	0.00625
9	0.01116	0.01108	0.01787	0.04563	0.71853	0.05601	0.04762	0.01375	0.01018	0.01414	0.00824	0.01083	0.00688	0.00397	0.00439	0.00131	0.00551	0.00393	0.00219	0.00679
10	0.00907	0.06375	0.75088	0.01257	0.01888	0.01065	0.04643	0.01396	0.00935	0.01381	0.00788	0.00931	0.00564	0.00416	0.00417	0.00138	0.00647	0.00329	0.00188	0.00646
11	0.00570	0.00407	0.00532	0.00621	0.00655	0.00387	0.00417	0.02656	0.00871	0.01162	0.02369	0.79677	0.02827	0.03797	0.00610	0.00185	0.00267	0.01216	0.00407	0.00366
12	0.05017	0.11425	0.25680	0.01250	0.06046	0.10461	0.13518	0.06657	0.01089	0.10242	0.02175	0.01040	0.00712	0.00446	0.00440	0.00133	0.02415	0.00368	0.00264	0.00622
13	0.01163	0.55129	0.19786	0.00950	0.02552	0.03245	0.03421	0.04818	0.00980	0.03365	0.00716	0.00817	0.00592	0.00400	0.00337	0.00110	0.00526	0.00281	0.00211	0.00600
14	0.00602	0.00406	0.00537	0.00600	0.00649	0.00377	0.00411	0.00682	0.00900	0.03243	0.13141	0.60898	0.06994	0.01294	0.00637	0.06504	0.00260	0.01093	0.00408	0.00365
15	0.01053	0.01057	0.05568	0.07715	0.58457	0.01014	0.04148	0.04568	0.02624	0.01467	0.00978	0.03715	0.00855	0.00477	0.00452	0.00139	0.00525	0.04288	0.00244	0.00657
16	0.09397	0.04090	0.14841	0.02485	0.08375	0.02746	0.06658	0.11610	0.03271	0.20144	0.03580	0.05432	0.02745	0.00540	0.00430	0.00137	0.00471	0.00451	0.01964	0.00632
17	0.00997	0.02215	0.70584	0.01235	0.01833	0.08624	0.01519	0.05424	0.01020	0.01439	0.00796	0.00926	0.00570	0.00429	0.00419	0.00137	0.00658	0.00326	0.00203	0.00645
18	0.02932	0.02133	0.71686	0.01308	0.01930	0.01035	0.10081	0.01398	0.00940	0.01414	0.00799	0.00955	0.00570	0.00414	0.00427	0.00141	0.00655	0.00345	0.00193	0.00642
19	0.04624	0.01494	0.30165	0.01531	0.18270	0.03711	0.12425	0.08557	0.03553	0.01546	0.00999	0.04468	0.00835	0.00505	0.00460	0.00143	0.01489	0.04342	0.00255	0.00627
20	0.00901	0.00840	0.01412	0.66742	0.06708	0.02450	0.07275	0.01186	0.00918	0.03453	0.00872	0.03751	0.00687	0.00466	0.00451	0.00147	0.00585	0.00429	0.00217	0.00513
21	0.00580	0.00415	0.00561	0.00657	0.00700	0.00399	0.00475	0.00685	0.00872	0.01159	0.02346	0.62668	0.02746	0.03362	0.03504	0.00209	0.00325	0.17570	0.00400	0.00368
22	0.00650	0.00533	0.00772	0.00883	0.09038	0.00502	0.04537	0.00796	0.00949	0.01238	0.04743	0.34200	0.22220	0.01168	0.02363	0.00180	0.00345	0.14087	0.00379	0.00419
23	0.05458	0.04251	0.24063	0.05389	0.01613	0.05601	0.13536	0.12422	0.01153	0.12415	0.01157	0.02445	0.04208	0.02937	0.00489	0.00146	0.00555	0.00426	0.01124	0.00613
24	0.00945	0.11721	0.68592	0.01211	0.01819	0.01121	0.03729	0.03486	0.00962	0.01395	0.00782	0.00917	0.00569	0.00416	0.00407	0.00135	0.00630	0.00323	0.00195	0.00644
25	0.00544	0.00389	0.00519	0.00622	0.00650	0.00364	0.00421	0.00626	0.00852	0.01134	0.02431	0.81403	0.02908	0.01378	0.00565	0.00180	0.00262	0.03982	0.00410	0.00360
26	0.05898	0.03141	0.31723	0.01225	0.10058	0.03305	0.03100	0.12770	0.01162	0.17023	0.01072	0.04697	0.00806	0.00502	0.00440	0.00138	0.01564	0.00405	0.00312	0.00659
27	0.01525	0.05597	0.05126	0.02923	0.09248	0.05438	0.06256	0.06916	0.04524	0.38289	0.03927	0.01435	0.01041	0.00534	0.00474	0.00138	0.03046	0.02489	0.00403	0.00672
28	0.00592	0.00404	0.00534	0.00620	0.00661	0.00377	0.00424	0.00675	0.00863	0.03484	0.02433	0.72819	0.05108	0.04268	0.00620	0.00187	0.00272	0.04880	0.00409	0.00370
29	0.01014	0.01146	0.08730	0.21310	0.23190	0.01067	0.30016	0.03742	0.02785	0.01404	0.00868	0.01147	0.00667	0.00408	0.00468	0.00143	0.00626	0.00437	0.00224	0.00610
30	0.01009	0.01244	0.20636	0.07080	0.35924	0.02451	0.03953	0.01338	0.03109	0.05453	0.06427	0.07291	0.01087	0.00523	0.00451	0.00139	0.00519	0.00475	0.00264	0.00627
31	0.00951	0.02080	0.68990	0.01288	0.01897	0.01021	0.09122	0.01457	0.03191	0.04661	0.00869	0.01000	0.00614	0.00425	0.00431	0.00141	0.00642	0.00355	0.00212	0.00653
32	0.00895	0.02184	0.75564	0.01278	0.01894	0.01044	0.04658	0.01385	0.00926	0.01385	0.00787	0.00944	0.00565	0.00433	0.00469	0.00143	0.04279	0.00337	0.00188	0.00643
33	0.01168	0.05525	0.12826	0.05356	0.14924	0.03253	0.18865	0.04239	0.01706	0.15013	0.01346	0.01454	0.08577	0.00545	0.01601	0.00147	0.02079	0.00464	0.00296	0.00618
34	0.01598	0.01107	0.15494	0.01019	0.05574	0.00849	0.02338	0.13140	0.03247	0.45181	0.03261	0.03000	0.01034	0.00537	0.00445	0.00138	0.00449	0.00441	0.00438	0.00712
35	0.00813	0.00663	0.00738	0.00713	0.00877	0.00703	0.00545	0.03817	0.32705	0.01552	0.09845	0.18657	0.19066	0.00934	0.00505	0.00158	0.00300	0.06461	0.00433	0.00518
36	0.00970	0.03482	0.10688	0.12051	0.21163	0.12401	0.05304	0.01230	0.03306	0.01266	0.01318	0.19313	0.04323	0.00660	0.00462	0.00144	0.00521	0.00585	0.00269	0.00544
37	0.03234	0.09139	0.18249	0.06284	0.10690	0.16244	0.00982	0.03801	0.04166	0.07131	0.05651	0.08003	0.01070	0.00550	0.00421	0.00132	0.00529	0.00443	0.02704	0.00577
38	0.01578	0.10850	0.19697	0.00913	0.01326	0.00936	0.00902	0.07864	0.04653	0.44767	0.01346	0.01254	0.00896	0.00499	0.00420	0.00133	0.00457	0.00392	0.00411	0.00705
39	0.00543	0.00440	0.00483	0.00499	0.00623	0.00381	0.00370	0.00663	0.01008	0.01250	0.12374	0.16508	0.58004	0.01140	0.00532	0.00155	0.00234	0.03997	0.00418	0.00377
40	0.01252	0.03677	0.26644	0.05601	0.21928	0.03098	0.03631	0.01579	0.02192	0.22456	0.02980	0.01199	0.00837	0.00460	0.00433	0.00136	0.00531	0.00394	0.00302	0.00669
41	0.03261	0.01551	0.39790	0.03349	0.12488	0.02414	0.07140	0.01402	0.04976	0.06365	0.09562	0.01388	0.03365	0.00501	0.00443	0.00139	0.00544	0.00432	0.00270	0.00619

[dist]
# distance from previous block
# <min> <max>
0	4

[block]
# block no. 8 follows, 59 sequences, length 61
# corresponding to MSA columns:
# 336-396
name=unknown_I
#
# <colnr> <probs for GDERKNQSTAVLIFYWHMCP>
#	G	D	E	R	K	N	Q	S	T	A	V	L	I	F	Y	W	H	M	C	P
0	0.03861	0.00963	0.01480	0.21904	0.34202	0.01030	0.03012	0.10944	0.02903	0.11713	0.00972	0.01161	0.00732	0.00456	0.00464	0.00139	0.02729	0.00401	0.00288	0.00646
1	0.00950	0.06135	0.50549	0.08117	0.12514	0.01035	0.06437	0.01361	0.00957	0.03413	0.01806	0.01107	0.02795	0.00440	0.00428	0.00138	0.00604	0.00373	0.00212	0.00630
2	0.00911	0.00938	0.05268	0.55798	0.23122	0.01006	0.04282	0.01210	0.00923	0.01233	0.00801	0.01145	0.00619	0.00426	0.00442	0.00143	0.00581	0.00395	0.00203	0.00556
3	0.00536	0.00394	0.00502	0.00589	0.00634	0.00361	0.00398	0.00618	0.00871	0.01138	0.02752	0.71735	0.15171	0.01342	0.00557	0.00175	0.00251	0.01205	0.00410	0.00361
4	0.01098	0.13274	0.17897	0.03313	0.09608	0.02873	0.17909	0.06940	0.06545	0.05250	0.01074	0.05140	0.02606	0.00505	0.00480	0.00138	0.04021	0.00446	0.00268	0.00613
5	0.07267	0.04226	0.08127	0.07753	0.16943	0.03884	0.12385	0.10729	0.04345	0.03627	0.02642	0.03144	0.07223	0.00526	0.00454	0.00138	0.01915	0.00460	0.03621	0.00592
6	0.00950	0.09510	0.64523	0.01274	0.01873	0.01094	0.10476	0.01407	0.00948	0.02815	0.00805	0.00952	0.00582	0.00413	0.00419	0.00137	0.00642	0.00343	0.00197	0.00640
7	0.00913	0.03819	0.66133	0.04079	0.01991	0.01053	0.13107	0.01390	0.00946	0.01384	0.00803	0.00974	0.00577	0.00413	0.00432	0.00140	0.00660	0.00355	0.00192	0.00637
8	0.01123	0.22960	0.36241	0.01067	0.02959	0.10478	0.02685	0.01434	0.01008	0.07587	0.06551	0.01081	0.00866	0.00461	0.00409	0.00126	0.01772	0.00347	0.00243	0.00603
9	0.00939	0.00868	0.01296	0.43288	0.19859	0.03615	0.01078	0.06515	0.02489	0.01360	0.05402	0.03127	0.07244	0.00536	0.00452	0.00142	0.00515	0.00472	0.00260	0.00543
10	0.00635	0.00480	0.00717	0.00716	0.00792	0.00562	0.00557	0.00790	0.00712	0.01028	0.01194	0.03122	0.01126	0.03238	0.79986	0.00692	0.02534	0.00485	0.00239	0.00395
11	0.00742	0.00403	0.00598	0.02354	0.00645	0.00415	0.00412	0.00613	0.00606	0.00815	0.00888	0.03673	0.00901	0.06344	0.09640	0.69621	0.00465	0.00430	0.00206	0.00227
12	0.00973	0.00957	0.04181	0.42418	0.30897	0.01014	0.05041	0.04477	0.00986	0.01345	0.00836	0.01148	0.00652	0.00426	0.00440	0.00140	0.00561	0.00398	0.02528	0.00584
13	0.00889	0.02262	0.80557	0.01271	0.01920	0.01028	0.03242	0.01399	0.00935	0.01399	0.00795	0.00938	0.00562	0.00419	0.00422	0.00140	0.00655	0.00330	0.00187	0.00652
14	0.00637	0.00481	0.00715	0.00711	0.00786	0.00563	0.00551	0.00789	0.00707	0.01021	0.01178	0.01755	0.01110	0.05667	0.78890	0.00692	0.02641	0.00477	0.00237	0.00392
15	0.01282	0.00985	0.01042	0.00885	0.01156	0.02567	0.00705	0.25220	0.42196	0.06753	0.01699	0.01658	0.05574	0.00610	0.00447	0.00142	0.00388	0.02015	0.03996	0.00679
16	0.00998	0.00954	0.01617	0.31982	0.48446	0.01028	0.03289	0.01307	0.03583	0.01341	0.00847	0.01144	0.00680	0.00417	0.00441	0.00138	0.00548	0.00400	0.00218	0.00621
17	0.00891	0.00858	0.01248	0.01074	0.01110	0.01144	0.04670	0.01007	0.00698	0.01062	0.00750	0.01224	0.00737	0.05862	0.16247	0.00298	0.60032	0.00423	0.00207	0.00460
18	0.00883	0.00855	0.01505	0.66428	0.11492	0.01002	0.09216	0.01182	0.00913	0.01191	0.00801	0.01170	0.00609	0.00429	0.00449	0.00146	0.00598	0.00406	0.00201	0.00524
19	0.00917	0.00923	0.04032	0.52975	0.16102	0.03826	0.02525	0.02732	0.00927	0.01218	0.00820	0.01174	0.00647	0.00648	0.06369	0.00184	0.02845	0.00395	0.00209	0.00532
20	0.01095	0.48965	0.27227	0.00975	0.01430	0.04169	0.04051	0.01414	0.04776	0.01206	0.00740	0.00845	0.00606	0.00404	0.00347	0.00114	0.00544	0.00290	0.00203	0.00599
21	0.00622	0.00455	0.00641	0.00671	0.00724	0.00462	0.02574	0.00717	0.00832	0.01908	0.05309	0.51133	0.03960	0.05313	0.12607	0.03574	0.03982	0.01859	0.02283	0.00373
22	0.00778	0.03273	0.00704	0.00687	0.00826	0.00524	0.00565	0.00969	0.03675	0.08464	0.02788	0.15585	0.23197	0.01108	0.00549	0.00174	0.00334	0.34948	0.00415	0.00437
23	0.00820	0.03383	0.00871	0.00773	0.00918	0.01828	0.06427	0.04880	0.12652	0.05013	0.05837	0.44245	0.06861	0.02653	0.00549	0.00166	0.00337	0.00913	0.00400	0.00473
24	0.01301	0.00858	0.00954	0.00824	0.01084	0.02555	0.00652	0.06530	0.40836	0.23640	0.02019	0.04255	0.09448	0.00667	0.00461	0.00146	0.00360	0.02284	0.00465	0.00663
25	0.00936	0.16868	0.65273	0.01141	0.01727	0.01133	0.01432	0.01373	0.00926	0.01343	0.00783	0.00917	0.00580	0.00415	0.00392	0.00131	0.00606	0.00313	0.03082	0.00629
26	0.01132	0.70975	0.15652	0.00840	0.01263	0.01627	0.00902	0.01335	0.00903	0.01099	0.00644	0.00746	0.00566	0.00385	0.00306	0.00102	0.00502	0.00251	0.00189	0.00581
27	0.00964	0.17210	0.51079	0.01285	0.03582	0.01161	0.14285	0.01371	0.00944	0.01331	0.00809	0.02574	0.00628	0.00423	0.00414	0.00134	0.00624	0.00361	0.00198	0.00623
28	0.04964	0.03849	0.00982	0.01925	0.08557	0.00709	0.05649	0.04030	0.00941	0.07909	0.01505	0.07600	0.04821	0.07517	0.16816	0.00278	0.02191	0.08752	0.10524	0.00482
29	0.00918	0.00874	0.01475	0.51000	0.26869	0.01007	0.02847	0.01193	0.00924	0.01244	0.02943	0.01199	0.00719	0.00454	0.00492	0.00144	0.04526	0.00406	0.00211	0.00554
30	0.01551	0.01165	0.01220	0.00954	0.01261	0.03749	0.00770	0.68083	0.01875	0.02495	0.01089	0.01277	0.00850	0.10820	0.00662	0.00168	0.00488	0.00424	0.00414	0.00684
31	0.00553	0.00400	0.00539	0.00620	0.00659	0.00385	0.00426	0.00647	0.00851	0.01146	0.05978	0.68704	0.04366	0.01592	0.10634	0.00242	0.00367	0.01132	0.00392	0.00366
32	0.00967	0.12720	0.60802	0.01249	0.06908	0.02436	0.01424	0.01388	0.00949	0.03393	0.00907	0.01028	0.03067	0.00438	0.00407	0.00133	0.00603	0.00340	0.00206	0.00636
33	0.00904	0.00608	0.00569	0.03242	0.00722	0.07826	0.00420	0.03289	0.02448	0.01583	0.05227	0.05001	0.01270	0.00582	0.00374	0.01706	0.00287	0.00454	0.63055	0.00432
34	0.01041	0.01186	0.02576	0.01845	0.02281	0.01123	0.78218	0.01406	0.01034	0.01406	0.00886	0.01186	0.00668	0.00382	0.00544	0.00150	0.02736	0.00518	0.00223	0.00593
35	0.00556	0.00408	0.00526	0.02435	0.00692	0.00381	0.00423	0.00653	0.00887	0.01173	0.04990	0.64980	0.13694	0.01286	0.00549	0.00172	0.00260	0.02961	0.02607	0.00368
36	0.01549	0.01071	0.01240	0.01036	0.03738	0.11662	0.06617	0.19634	0.04254	0.29427	0.04111	0.03555	0.01096	0.00589	0.00511	0.00141	0.05078	0.03623	0.00413	0.00655
37	0.00709	0.00530	0.00729	0.00721	0.00812	0.03066	0.00558	0.00862	0.00754	0.04115	0.01249	0.05664	0.01175	0.03027	0.73118	0.00644	0.01096	0.00504	0.00256	0.00410
38	0.01652	0.00866	0.01049	0.00847	0.01156	0.00867	0.00689	0.14980	0.20665	0.45499	0.03438	0.01605	0.01209	0.00584	0.00451	0.00141	0.00385	0.02696	0.00501	0.00722
39	0.01207	0.01159	0.06092	0.01540	0.10559	0.06402	0.36731	0.02962	0.06319	0.13734	0.02769	0.04662	0.00933	0.00488	0.00502	0.00144	0.02373	0.00499	0.00302	0.00622
40	0.02904	0.01164	0.03783	0.01056	0.01377	0.04303	0.07243	0.38722	0.11442	0.09256	0.05602	0.01708	0.03879	0.00650	0.00496	0.00156	0.00496	0.04611	0.00441	0.00708
41	0.01036	0.01172	0.02498	0.01801	0.02209	0.01137	0.73298	0.01384	0.01011	0.01384	0.00866	0.01172	0.00662	0.00407	0.00601	0.00153	0.07891	0.00510	0.00221	0.00586
42	0.00543	0.00386	0.00511	0.00609	0.00633	0.00362	0.00403	0.00616	0.00836	0.01114	0.02384	0.80279	0.02858	0.05381	0.00645	0.00191	0.00265	0.01226	0.00403	0.00354
43	0.01048	0.29251	0.45266	0.01035	0.01540	0.04571	0.01212	0.01393	0.00963	0.04662	0.04652	0.00991	0.00758	0.00436	0.00380	0.00124	0.00566	0.00323	0.00218	0.00611
44	0.01037	0.00993	0.01692	0.20061	0.64809	0.01035	0.01328	0.01307	0.00979	0.01375	0.00821	0.01111	0.00676	0.00404	0.00438	0.00135	0.00538	0.00393	0.00214	0.00655
45	0.00542	0.00386	0.00511	0.00610	0.00634	0.00362	0.00404	0.00616	0.00837	0.01116	0.02391	0.80853	0.02867	0.04795	0.00633	0.00190	0.00263	0.01230	0.00404	0.00355
46	0.01060	0.01027	0.01722	0.13972	0.59327	0.02025	0.06404	0.01395	0.06065	0.01418	0.00888	0.01143	0.00722	0.00413	0.00444	0.00136	0.00540	0.00407	0.00231	0.00661
47	0.01208	0.07885	0.01687	0.07707	0.53041	0.13171	0.01188	0.04653	0.01074	0.03096	0.00817	0.01032	0.00673	0.00413	0.00420	0.00127	0.00560	0.00366	0.00232	0.00650
48	0.01145	0.00941	0.01023	0.00945	0.03450	0.01073	0.00715	0.02308	0.74449	0.06056	0.01767	0.01624	0.01316	0.00591	0.00449	0.00149	0.00356	0.00493	0.00448	0.00702
49	0.01650	0.02105	0.01252	0.01138	0.01365	0.82705	0.00853	0.01764	0.01252	0.01081	0.00683	0.00796	0.00569	0.00455	0.00398	0.00114	0.00796	0.00284	0.00228	0.00512
50	0.00608	0.00451	0.00567	0.00538	0.00649	0.00409	0.00403	0.00800	0.01210	0.01675	0.68720	0.03457	0.16997	0.00939	0.00521	0.00141	0.00211	0.00821	0.00474	0.00409
51	0.00642	0.00428	0.00482	0.00482	0.00482	0.00428	0.00268	0.00642	0.00642	0.00856	0.01392	0.02890	0.01606	0.84478	0.02248	0.00428	0.00428	0.00642	0.00268	0.00268
52	0.01582	0.01976	0.01318	0.01331	0.11217	0.72694	0.00915	0.01714	0.01221	0.01125	0.00701	0.00833	0.00585	0.00448	0.00403	0.00116	0.00763	0.00298	0.00226	0.00535
53	0.01672	0.00686	0.00918	0.00730	0.01023	0.00595	0.00596	0.01842	0.01233	0.64132	0.10507	0.02028	0.09039	0.00653	0.00463	0.00140	0.00344	0.02201	0.00524	0.00673
54	0.01099	0.00949	0.00999	0.00899	0.01148	0.01099	0.00699	0.02347	0.80925	0.01848	0.01798	0.01648	0.01348	0.00599	0.00449	0.00150	0.00350	0.00499	0.00449	0.00699
55	0.00642	0.00428	0.00482	0.00482	0.00482	0.00428	0.00268	0.00642	0.00642	0.00856	0.01392	0.02890	0.01606	0.84478	0.02248	0.00428	0.00428	0.00642	0.00268	0.00268
56	0.00966	0.00966	0.01353	0.01160	0.01160	0.01353	0.00966	0.01063	0.00676	0.01063	0.00580	0.00966	0.00580	0.00773	0.01449	0.00193	0.83670	0.00387	0.00193	0.00483
57	0.00522	0.00447	0.00447	0.00447	0.00597	0.00373	0.00336	0.00634	0.01007	0.01193	0.04474	0.04250	0.81544	0.01119	0.00522	0.00149	0.00224	0.00932	0.00410	0.00373
58	0.00879	0.00488	0.00667	0.00629	0.00673	0.00504	0.00439	0.10343	0.00759	0.01014	0.00803	0.01308	0.00765	0.01411	0.01569	0.76482	0.00396	0.00385	0.00222	0.00260
59	0.00993	0.11237	0.01471	0.01110	0.01156	0.01401	0.00940	0.01095	0.00703	0.01060	0.00584	0.00935	0.00578	0.00725	0.01306	0.00181	0.73470	0.00368	0.00193	0.00493
60	0.01592	0.01161	0.01365	0.01277	0.14696	0.02953	0.00906	0.54087	0.02704	0.11294	0.01088	0.01114	0.00780	0.00514	0.00463	0.00134	0.02334	0.00401	0.00406	0.00731

[dist]
# distance from previous block
# <min> <max>
1	3

[block]
# block no. 9 follows, 59 sequences, length 65
# corresponding to MSA columns:
# 400-464
name=unknown_J
#
# <colnr> <probs for GDERKNQSTAVLIFYWHMCP>
#	G	D	E	R	K	N	Q	S	T	A	V	L	I	F	Y	W	H	M	C	P
0	0.00977	0.00998	0.01528	0.01258	0.01320	0.01320	0.12053	0.01112	0.00728	0.01112	0.00624	0.00998	0.00592	0.00717	0.01319	0.00187	0.72055	0.00405	0.00197	0.00499
1	0.00642	0.00428	0.00482	0.00482	0.00482	0.00428	0.00268	0.00642	0.00642	0.00856	0.01392	0.02890	0.01606	0.84478	0.02248	0.00428	0.00428	0.00642	0.00268	0.00268
2	0.82016	0.00847	0.00674	0.00594	0.00872	0.00969	0.00489	0.01354	0.00785	0.07200	0.00688	0.00769	0.00518	0.00419	0.00284	0.00137	0.00344	0.00253	0.00291	0.00496
3	0.01018	0.00879	0.00921	0.00836	0.01071	0.00997	0.00648	0.02107	0.69732	0.01756	0.02173	0.02012	0.12581	0.00672	0.00460	0.00150	0.00332	0.00560	0.00444	0.00653
4	0.00522	0.00447	0.00447	0.00447	0.00597	0.00373	0.00336	0.00634	0.01007	0.01193	0.04474	0.04250	0.81544	0.01119	0.00522	0.00149	0.00224	0.00932	0.00410	0.00373
5	0.01650	0.02105	0.01252	0.01138	0.01365	0.82705	0.00853	0.01764	0.01252	0.01081	0.00683	0.00796	0.00569	0.00455	0.00398	0.00114	0.00796	0.00284	0.00228	0.00512
6	0.03076	0.01810	0.01277	0.01162	0.04769	0.56975	0.00862	0.20306	0.03036	0.01530	0.00800	0.00887	0.00632	0.00472	0.00409	0.00120	0.00695	0.00319	0.00283	0.00580
7	0.00638	0.00426	0.00483	0.00487	0.00488	0.00425	0.00274	0.00641	0.00651	0.00868	0.01436	0.06346	0.01662	0.80946	0.02176	0.00418	0.00421	0.00668	0.00274	0.00271
8	0.00859	0.00794	0.01306	0.69276	0.08906	0.00944	0.01163	0.01142	0.00896	0.01189	0.00808	0.01168	0.00618	0.00433	0.00430	0.00139	0.00555	0.00385	0.02833	0.06156
9	0.00538	0.00384	0.00512	0.00615	0.00641	0.00359	0.00410	0.00615	0.00846	0.01127	0.02434	0.84190	0.02921	0.01384	0.00564	0.00179	0.00256	0.01256	0.00410	0.00359
