[name]
unknown

[dist]
# distance from previous block
# <min> <max>
0	3

[block]
# block no. 0 follows, 42 sequences, length 15
# corresponding to MSA columns:
# 16-30
name=unknown_A
#
# <colnr> <probs for GDERKNQSTAVLIFYWHMCP>
#	G	D	E	R	K	N	Q	S	T	A	V	L	I	F	Y	W	H	M	C	P
0	0.00940	0.00771	0.01072	0.01038	0.01158	0.00849	0.03779	0.04759	0.01190	0.01600	0.02662	0.23749	0.11826	0.01703	0.09419	0.00304	0.13788	0.18406	0.00443	0.00543
1	0.00864	0.00584	0.00695	0.03241	0.00903	0.00545	0.00515	0.01022	0.01205	0.05809	0.09900	0.19199	0.29339	0.09577	0.04307	0.00257	0.00397	0.01057	0.10084	0.00501
2	0.01770	0.01127	0.01286	0.01061	0.01411	0.01189	0.00851	0.21818	0.24119	0.21223	0.11661	0.02219	0.04014	0.00789	0.00578	0.00177	0.00468	0.00646	0.02736	0.00858
3	0.01049	0.00525	0.00525	0.00525	0.00656	0.00525	0.00393	0.01311	0.01180	0.02098	0.01836	0.02098	0.01442	0.00656	0.00393	0.00131	0.00262	0.00525	0.83346	0.00525
4	0.01450	0.04684	0.03889	0.04748	0.57060	0.08282	0.01569	0.04061	0.01318	0.01786	0.01051	0.01399	0.00895	0.02880	0.00642	0.00177	0.02497	0.00488	0.00287	0.00835
5	0.01049	0.00525	0.00525	0.00525	0.00656	0.00525	0.00393	0.01311	0.01180	0.02098	0.01836	0.02098	0.01442	0.00656	0.00393	0.00131	0.00262	0.00525	0.83346	0.00525
6	0.00821	0.00591	0.00750	0.00831	0.00903	0.00577	0.00573	0.07683	0.01224	0.01633	0.02939	0.72540	0.03464	0.01662	0.00704	0.00223	0.00354	0.01498	0.00526	0.00504
7	0.02102	0.02682	0.01595	0.01450	0.01740	0.77963	0.01087	0.02247	0.01595	0.01377	0.00870	0.01015	0.00725	0.00580	0.00507	0.00145	0.01015	0.00362	0.00290	0.00652
8	0.00763	0.00569	0.00679	0.00654	0.00782	0.00517	0.00472	0.00952	0.01384	0.01865	0.44652	0.04466	0.25011	0.13603	0.01009	0.00238	0.00315	0.01035	0.00548	0.00485
9	0.01296	0.01111	0.04567	0.01028	0.01332	0.01097	0.03239	0.21371	0.17136	0.02347	0.13740	0.03035	0.16546	0.06559	0.00771	0.00209	0.00477	0.02896	0.00525	0.00717
10	0.00966	0.00617	0.00708	0.00681	0.00879	0.00530	0.00511	0.01119	0.01314	0.13370	0.08158	0.17436	0.48925	0.01355	0.00659	0.00193	0.00321	0.01152	0.00554	0.00550
11	0.04180	0.05734	0.28365	0.07180	0.18419	0.02993	0.01563	0.07981	0.08455	0.04537	0.01179	0.01355	0.00893	0.00587	0.00592	0.00176	0.04193	0.00467	0.00328	0.00825
12	0.03721	0.01229	0.01339	0.01095	0.01459	0.01330	0.00880	0.32500	0.22042	0.10788	0.01958	0.01937	0.05582	0.02565	0.02637	0.00200	0.00533	0.00587	0.04123	0.03495
13	0.01540	0.10516	0.16459	0.16957	0.16888	0.05035	0.01462	0.15924	0.01517	0.06809	0.01129	0.01327	0.00847	0.00567	0.00531	0.00168	0.00703	0.00461	0.00343	0.00815
14	0.19716	0.07573	0.05310	0.01578	0.17403	0.07789	0.03236	0.08769	0.08333	0.05182	0.01182	0.01314	0.00918	0.00563	0.00481	0.00161	0.00592	0.00439	0.04064	0.05397

[dist]
# distance from previous block
# <min> <max>
5	96

[block]
# block no. 1 follows, 42 sequences, length 6
# corresponding to MSA columns:
# 191-196
name=unknown_B
#
# <colnr> <probs for GDERKNQSTAVLIFYWHMCP>
#	G	D	E	R	K	N	Q	S	T	A	V	L	I	F	Y	W	H	M	C	P
0	0.00841	0.06189	0.06936	0.07847	0.01266	0.00744	0.00774	0.01029	0.01123	0.01492	0.06978	0.40740	0.06594	0.07863	0.02865	0.00254	0.00476	0.05027	0.00442	0.00520
1	0.04187	0.10646	0.27691	0.05804	0.02049	0.08575	0.06908	0.10819	0.01395	0.01912	0.01104	0.04566	0.00898	0.00586	0.00515	0.00160	0.00717	0.00470	0.00315	0.10681
2	0.00967	0.04943	0.06103	0.00892	0.01060	0.00799	0.00706	0.06917	0.06831	0.01686	0.02415	0.42983	0.02667	0.11029	0.00915	0.00247	0.00437	0.03538	0.04306	0.00559
3	0.04384	0.04744	0.10552	0.07209	0.01652	0.03946	0.01022	0.13708	0.22288	0.02143	0.04499	0.13391	0.06344	0.00879	0.00576	0.00185	0.00538	0.00730	0.00463	0.00746
4	0.07658	0.08721	0.12991	0.00989	0.01383	0.01084	0.00912	0.10173	0.03020	0.12697	0.01880	0.07891	0.07976	0.10518	0.00812	0.00211	0.00530	0.00632	0.00427	0.09495
5	0.01146	0.05603	0.10381	0.07420	0.07342	0.02516	0.05885	0.03216	0.06272	0.03862	0.03136	0.15733	0.01659	0.02878	0.10171	0.00279	0.02916	0.02909	0.00373	0.06303

[dist]
# distance from previous block
# <min> <max>
0	1

[block]
# block no. 2 follows, 42 sequences, length 9
# corresponding to MSA columns:
# 198-206
name=unknown_C
#
# <colnr> <probs for GDERKNQSTAVLIFYWHMCP>
#	G	D	E	R	K	N	Q	S	T	A	V	L	I	F	Y	W	H	M	C	P
0	0.01225	0.04453	0.16573	0.09652	0.06582	0.01255	0.22739	0.02960	0.02732	0.03168	0.04204	0.04961	0.02554	0.00644	0.00659	0.00179	0.05730	0.00598	0.02825	0.06307
1	0.03447	0.03704	0.01533	0.08956	0.12647	0.13008	0.02582	0.09653	0.03737	0.19114	0.01661	0.04646	0.03965	0.04033	0.00644	0.00185	0.00622	0.00573	0.04525	0.00764
2	0.01493	0.47810	0.02217	0.00994	0.01379	0.03971	0.00912	0.04425	0.04403	0.08075	0.03553	0.01802	0.05911	0.00774	0.02370	0.00169	0.03992	0.04683	0.00354	0.00714
3	0.07677	0.07977	0.13564	0.01093	0.03164	0.05993	0.00990	0.12425	0.02954	0.08007	0.10411	0.02222	0.12898	0.00765	0.00537	0.00163	0.00542	0.00605	0.00436	0.07577
4	0.00800	0.00549	0.00608	0.00608	0.00632	0.00537	0.00352	0.00817	0.00875	0.01144	0.02255	0.03895	0.11170	0.70564	0.02595	0.00502	0.00514	0.00864	0.00363	0.00357
5	0.00807	0.00541	0.00617	0.00628	0.00631	0.00538	0.00357	0.00815	0.00841	0.01121	0.01888	0.10281	0.02191	0.73426	0.02678	0.00518	0.00527	0.00886	0.00357	0.00351
6	0.01483	0.01444	0.02024	0.19040	0.37030	0.09703	0.04561	0.10929	0.01437	0.01895	0.01052	0.01368	0.00843	0.00566	0.00616	0.00174	0.04237	0.00493	0.00308	0.00799
7	0.01405	0.05672	0.33581	0.01724	0.02307	0.12452	0.20554	0.06153	0.01342	0.01780	0.01012	0.01249	0.00768	0.00567	0.00662	0.00179	0.07063	0.00479	0.00277	0.00773
8	0.01756	0.28144	0.09878	0.01445	0.10719	0.16624	0.01168	0.06019	0.01425	0.14123	0.02974	0.01287	0.00978	0.00571	0.00484	0.00150	0.00687	0.00422	0.00357	0.00788

[dist]
# distance from previous block
# <min> <max>
3	8

[block]
# block no. 3 follows, 42 sequences, length 18
# corresponding to MSA columns:
# 301-318
name=unknown_D
#
# <colnr> <probs for GDERKNQSTAVLIFYWHMCP>
#	G	D	E	R	K	N	Q	S	T	A	V	L	I	F	Y	W	H	M	C	P
0	0.08363	0.01175	0.05247	0.01185	0.06409	0.02943	0.03353	0.13214	0.04130	0.16171	0.05863	0.07907	0.08891	0.00788	0.00554	0.00167	0.00506	0.00655	0.00483	0.11995
1	0.04924	0.18434	0.14458	0.01685	0.13984	0.12897	0.07927	0.11261	0.01454	0.01916	0.02512	0.01267	0.00902	0.00554	0.00503	0.00157	0.00720	0.00443	0.03225	0.00776
2	0.04136	0.00882	0.03096	0.00945	0.01111	0.04752	0.03537	0.09240	0.03143	0.01766	0.04322	0.47482	0.07538	0.04393	0.00743	0.00220	0.00445	0.01202	0.00487	0.00560
3	0.03258	0.03981	0.14720	0.01127	0.01470	0.06330	0.05839	0.05410	0.11863	0.01946	0.14357	0.15309	0.07296	0.00943	0.00594	0.00183	0.00534	0.00812	0.03356	0.00673
4	0.09327	0.01318	0.01613	0.03970	0.32101	0.10094	0.01181	0.07174	0.05597	0.05924	0.07110	0.01887	0.06692	0.00671	0.00545	0.00169	0.00594	0.00566	0.02696	0.00772
5	0.01058	0.00909	0.00900	0.03753	0.01122	0.08049	0.00644	0.05810	0.07338	0.04191	0.18786	0.06805	0.33215	0.04051	0.00712	0.00196	0.00419	0.00945	0.00515	0.00581
6	0.01467	0.01304	0.01595	0.01476	0.08802	0.07420	0.08061	0.15530	0.19060	0.03910	0.09862	0.06065	0.04492	0.00815	0.00703	0.00186	0.07334	0.00678	0.00468	0.00772
7	0.01105	0.00993	0.01516	0.04594	0.37253	0.00987	0.01143	0.01471	0.06436	0.01881	0.18078	0.05504	0.14982	0.00863	0.00605	0.00178	0.00492	0.00777	0.00421	0.00719
8	0.01439	0.01668	0.21676	0.05571	0.07269	0.05594	0.11769	0.07327	0.03431	0.12260	0.10792	0.01979	0.05313	0.00688	0.00585	0.00177	0.00671	0.00605	0.00409	0.00777
9	0.01193	0.01286	0.02583	0.01919	0.02326	0.01272	0.50480	0.01561	0.01268	0.01734	0.06610	0.06943	0.06642	0.00733	0.00816	0.00198	0.10651	0.00763	0.00334	0.00686
10	0.01429	0.01122	0.01563	0.08492	0.05963	0.01040	0.09052	0.12525	0.01444	0.08591	0.01283	0.04137	0.01023	0.00561	0.00510	0.00137	0.00547	0.00493	0.03567	0.36521
11	0.25178	0.07135	0.07422	0.00969	0.01380	0.04098	0.00865	0.08893	0.01412	0.26435	0.01558	0.01536	0.03394	0.00632	0.00474	0.00166	0.00516	0.00464	0.06702	0.00772
12	0.00685	0.00494	0.00649	0.00773	0.00813	0.00458	0.00518	0.00785	0.01088	0.01441	0.03234	0.76064	0.07428	0.01746	0.00716	0.00227	0.00324	0.01579	0.00522	0.00458
13	0.00837	0.00598	0.00735	0.00711	0.00863	0.00546	0.00532	0.01088	0.03434	0.04814	0.45704	0.12133	0.22149	0.01259	0.00665	0.00187	0.00294	0.02328	0.00586	0.00535
14	0.18501	0.07103	0.17296	0.03896	0.06487	0.01298	0.08445	0.06914	0.01246	0.07192	0.01235	0.01454	0.02739	0.01011	0.09573	0.00261	0.03803	0.00478	0.00338	0.00730
15	0.06074	0.01252	0.07981	0.01225	0.03596	0.01193	0.07288	0.12790	0.20054	0.02253	0.13689	0.02500	0.11980	0.00845	0.00654	0.00185	0.04515	0.00703	0.00480	0.00742
16	0.01105	0.01109	0.05525	0.43332	0.08086	0.01202	0.03416	0.03792	0.04797	0.01591	0.01444	0.08067	0.04044	0.03540	0.00756	0.00206	0.06389	0.00634	0.00314	0.00652
17	0.01486	0.03520	0.04273	0.01179	0.01477	0.23255	0.03331	0.08688	0.16922	0.01962	0.11275	0.05991	0.03482	0.00912	0.03433	0.00196	0.01880	0.00626	0.03212	0.02900

[dist]
# distance from previous block
# <min> <max>
1	14

[block]
# block no. 4 follows, 42 sequences, length 22
# corresponding to MSA columns:
# 336-357
name=unknown_E
#
# <colnr> <probs for GDERKNQSTAVLIFYWHMCP>
#	G	D	E	R	K	N	Q	S	T	A	V	L	I	F	Y	W	H	M	C	P
0	0.57501	0.09324	0.05018	0.00963	0.01362	0.01378	0.06415	0.04121	0.03886	0.02331	0.02754	0.01112	0.00813	0.00545	0.00406	0.00171	0.00513	0.00374	0.00349	0.00663
1	0.01614	0.05856	0.01640	0.22375	0.02203	0.06878	0.02876	0.20142	0.08942	0.09318	0.01371	0.03203	0.01044	0.00654	0.00586	0.00171	0.03263	0.00520	0.02456	0.04888
2	0.00956	0.00500	0.00735	0.00735	0.00741	0.00506	0.00491	0.00756	0.00750	0.01005	0.01067	0.01885	0.01081	0.07823	0.06750	0.72627	0.00553	0.00520	0.00255	0.00267
3	0.01394	0.01094	0.01537	0.04713	0.05971	0.01129	0.11643	0.11043	0.19717	0.09701	0.09353	0.04234	0.11332	0.00854	0.00615	0.00187	0.00533	0.03681	0.00506	0.00764
4	0.00696	0.00552	0.00625	0.00648	0.00789	0.00482	0.00470	0.00852	0.01295	0.01645	0.18991	0.22746	0.45317	0.01451	0.00677	0.00197	0.00291	0.01252	0.00542	0.00482
5	0.01369	0.01436	0.10139	0.01372	0.01613	0.03226	0.03643	0.16325	0.04590	0.01953	0.05402	0.01555	0.01151	0.01147	0.08339	0.00274	0.34867	0.00536	0.00352	0.00711
6	0.01153	0.01054	0.03092	0.24767	0.02218	0.01128	0.10499	0.09632	0.07691	0.01804	0.01957	0.09440	0.09719	0.05604	0.02544	0.00228	0.03704	0.00733	0.02380	0.00652
7	0.01049	0.00525	0.00525	0.00525	0.00656	0.00525	0.00393	0.01311	0.01180	0.02098	0.01836	0.02098	0.01442	0.00656	0.00393	0.00131	0.00262	0.00525	0.83346	0.00525
8	0.00819	0.00627	0.00741	0.00754	0.00888	0.00609	0.00549	0.06752	0.01241	0.01600	0.03629	0.29943	0.30410	0.05838	0.12591	0.00328	0.00526	0.01166	0.00483	0.00505
9	0.05081	0.02286	0.01511	0.01336	0.01657	0.60055	0.01019	0.02324	0.01575	0.16342	0.01133	0.01189	0.00853	0.00601	0.00513	0.00152	0.00889	0.00401	0.00372	0.00711
10	0.01049	0.00525	0.00525	0.00525	0.00656	0.00525	0.00393	0.01311	0.01180	0.02098	0.01836	0.02098	0.01442	0.00656	0.00393	0.00131	0.00262	0.00525	0.83346	0.00525
11	0.23302	0.10065	0.01554	0.05495	0.06529	0.16601	0.00975	0.17614	0.01518	0.04837	0.01053	0.01231	0.00833	0.02110	0.03879	0.00200	0.00690	0.00414	0.00372	0.00728
12	0.01071	0.05044	0.04216	0.01300	0.01589	0.01035	0.19057	0.01515	0.09751	0.01831	0.15029	0.10536	0.06781	0.01002	0.00716	0.00200	0.04857	0.11723	0.02109	0.00640
13	0.01353	0.03064	0.02958	0.01200	0.05604	0.07525	0.01955	0.04447	0.13663	0.10372	0.09830	0.06383	0.03187	0.02826	0.14612	0.00319	0.07188	0.00667	0.02155	0.00694
14	0.01241	0.00989	0.01062	0.00988	0.01233	0.01110	0.00754	0.04082	0.49366	0.02207	0.04598	0.13485	0.02060	0.00903	0.00569	0.00186	0.00399	0.00768	0.13239	0.00762
15	0.01120	0.01003	0.01389	0.04060	0.01350	0.01334	0.01015	0.01290	0.00963	0.01509	0.05151	0.01657	0.01178	0.01348	0.11356	0.00309	0.50453	0.00540	0.12392	0.00583
16	0.02334	0.00952	0.01263	0.00988	0.01384	0.00849	0.00802	0.06704	0.01605	0.65620	0.02182	0.05162	0.01499	0.05093	0.00698	0.00196	0.00484	0.00619	0.00662	0.00903
17	0.01016	0.00777	0.01026	0.01168	0.12005	0.00755	0.00756	0.01405	0.10380	0.06044	0.27193	0.11663	0.18720	0.01121	0.00642	0.00188	0.00377	0.03598	0.00534	0.00630
18	0.01271	0.01138	0.01426	0.12550	0.01718	0.05708	0.01062	0.10033	0.04469	0.03396	0.01480	0.17903	0.01472	0.01118	0.03618	0.00237	0.29658	0.00732	0.00371	0.00642
19	0.03055	0.04474	0.01733	0.21709	0.15444	0.01177	0.09137	0.01362	0.01135	0.01562	0.01644	0.18938	0.04662	0.00893	0.00757	0.00197	0.10365	0.00777	0.00332	0.00646
20	0.04097	0.19278	0.36729	0.01482	0.06272	0.07717	0.02988	0.04963	0.06188	0.01803	0.02850	0.01261	0.00912	0.00559	0.00499	0.00163	0.00729	0.00426	0.00295	0.00790
21	0.04691	0.04508	0.01615	0.14726	0.23727	0.06031	0.01184	0.01620	0.03973	0.06594	0.01326	0.06079	0.01161	0.03037	0.11744	0.00285	0.02488	0.00563	0.00335	0.04315

[dist]
# distance from previous block
# <min> <max>
1	15

[block]
# block no. 5 follows, 42 sequences, length 8
# corresponding to MSA columns:
# 392-399
name=unknown_F
#
# <colnr> <probs for GDERKNQSTAVLIFYWHMCP>
#	G	D	E	R	K	N	Q	S	T	A	V	L	I	F	Y	W	H	M	C	P
0	0.01105	0.00787	0.01036	0.00989	0.02930	0.00792	0.03643	0.06957	0.03389	0.07274	0.07748	0.20997	0.12276	0.02725	0.02265	0.00218	0.04960	0.09140	0.07827	0.02942
1	0.00902	0.00626	0.00802	0.00777	0.00926	0.00601	0.00588	0.01204	0.05689	0.05882	0.43848	0.13588	0.10209	0.01466	0.06771	0.00246	0.00406	0.04342	0.00571	0.00557
2	0.00695	0.00506	0.00647	0.00748	0.00802	0.00467	0.00504	0.00803	0.01118	0.01476	0.07360	0.63930	0.12045	0.05067	0.00802	0.00235	0.00328	0.01487	0.00520	0.00458
3	0.00826	0.00590	0.00657	0.00643	0.00825	0.00514	0.00489	0.01002	0.01340	0.06017	0.16926	0.08014	0.50091	0.01315	0.00651	0.00188	0.00303	0.03999	0.05093	0.00516
4	0.01908	0.01900	0.01519	0.01395	0.06038	0.38477	0.01027	0.15509	0.01671	0.08453	0.01175	0.01313	0.00916	0.00811	0.04803	0.00194	0.03200	0.00439	0.04689	0.04560
5	0.01643	0.01351	0.01700	0.01752	0.19149	0.06897	0.06243	0.18763	0.13037	0.08913	0.01723	0.01796	0.05576	0.00682	0.00602	0.00173	0.03038	0.00572	0.05559	0.00830
6	0.05482	0.06070	0.04787	0.01658	0.16238	0.15661	0.03384	0.15450	0.07555	0.10342	0.01297	0.01387	0.00978	0.00592	0.00522	0.00160	0.00663	0.00469	0.02980	0.04325
7	0.00745	0.00561	0.00697	0.00781	0.00867	0.00533	0.00550	0.00962	0.05874	0.01566	0.07599	0.55201	0.15251	0.01601	0.00700	0.00219	0.00333	0.04935	0.00531	0.00495

[dist]
# distance from previous block
# <min> <max>
3	187

[block]
# block no. 6 follows, 42 sequences, length 27
# corresponding to MSA columns:
# 610-636
name=unknown_G
#
# <colnr> <probs for GDERKNQSTAVLIFYWHMCP>
#	G	D	E	R	K	N	Q	S	T	A	V	L	I	F	Y	W	H	M	C	P
0	0.01433	0.08227	0.35160	0.05457	0.02099	0.02955	0.07108	0.04090	0.04210	0.13763	0.03711	0.01592	0.03506	0.00632	0.00596	0.00177	0.03613	0.00511	0.00360	0.00800
1	0.00710	0.00559	0.00641	0.00648	0.00795	0.00490	0.00475	0.00885	0.01349	0.01742	0.27848	0.16715	0.42359	0.01391	0.00673	0.00192	0.00285	0.01198	0.00553	0.00490
2	0.06475	0.01892	0.09314	0.01314	0.04191	0.30865	0.01075	0.10853	0.03530	0.15656	0.01584	0.03903	0.05524	0.00693	0.00538	0.00165	0.00727	0.00518	0.00423	0.00759
3	0.01642	0.03799	0.04858	0.06953	0.25937	0.08237	0.11501	0.05118	0.04687	0.16164	0.01381	0.03229	0.01058	0.00667	0.02114	0.00187	0.00709	0.00547	0.00387	0.00825
4	0.00796	0.00620	0.00881	0.06217	0.08238	0.00607	0.00692	0.00947	0.01142	0.01536	0.09856	0.51799	0.06508	0.06426	0.00820	0.00233	0.00393	0.01298	0.00479	0.00510
5	0.01301	0.01323	0.05156	0.21292	0.51309	0.01320	0.04512	0.01699	0.03378	0.01754	0.01081	0.01435	0.00873	0.00524	0.00562	0.00174	0.00699	0.00508	0.00279	0.00820
6	0.04943	0.01371	0.01649	0.05079	0.17135	0.09444	0.03621	0.16497	0.08034	0.20884	0.01540	0.03262	0.01137	0.00648	0.00553	0.00172	0.00619	0.00538	0.02021	0.00852
7	0.03479	0.06225	0.01636	0.01251	0.01624	0.16695	0.01014	0.46226	0.02126	0.02729	0.01279	0.04220	0.01016	0.00824	0.03489	0.00192	0.02522	0.00507	0.02121	0.00825
8	0.06487	0.06461	0.11657	0.01651	0.18490	0.09429	0.01202	0.09908	0.01390	0.01966	0.01117	0.01293	0.02557	0.00543	0.00517	0.00144	0.02197	0.00424	0.00328	0.22240
9	0.01745	0.18138	0.04713	0.03981	0.01704	0.23392	0.04280	0.12823	0.01546	0.09234	0.01432	0.03831	0.05494	0.00685	0.00584	0.00161	0.04640	0.00505	0.00376	0.00735
10	0.00810	0.00575	0.00764	0.00761	0.00818	0.00622	0.00529	0.00924	0.00907	0.01267	0.06188	0.02997	0.01933	0.38381	0.39332	0.00698	0.00997	0.00726	0.00339	0.00431
11	0.02139	0.01576	0.01689	0.01295	0.01745	0.01745	0.01070	0.74835	0.02646	0.03547	0.01351	0.01351	0.00957	0.00676	0.00563	0.00169	0.00619	0.00507	0.00563	0.00957
12	0.01351	0.10219	0.06534	0.01085	0.04378	0.01145	0.00900	0.10568	0.08558	0.03612	0.03898	0.04073	0.01184	0.00578	0.00479	0.00128	0.00496	0.00464	0.00390	0.39961
13	0.01009	0.00760	0.00846	0.00786	0.00977	0.03743	0.00596	0.01399	0.10714	0.07157	0.41232	0.06856	0.19485	0.01131	0.00642	0.00182	0.00339	0.00972	0.00581	0.00595
14	0.00817	0.00553	0.00652	0.00652	0.00665	0.00566	0.00388	0.00843	0.00830	0.01119	0.01739	0.03492	0.01963	0.70361	0.12612	0.00592	0.00670	0.00790	0.00336	0.00362
15	0.08795	0.05216	0.03979	0.27679	0.09493	0.28249	0.04068	0.01801	0.01295	0.01567	0.00932	0.01228	0.00744	0.00560	0.00542	0.00167	0.02304	0.00430	0.00276	0.00674
16	0.00690	0.00557	0.00616	0.00648	0.00798	0.00483	0.00479	0.00836	0.01258	0.01553	0.09081	0.21256	0.53071	0.01488	0.00682	0.00201	0.00305	0.04994	0.00528	0.00477
17	0.00735	0.00544	0.00690	0.00738	0.00839	0.00499	0.00535	0.00909	0.01304	0.01748	0.28541	0.36062	0.16886	0.01481	0.00695	0.00206	0.00312	0.06232	0.00555	0.00490
18	0.00723	0.00570	0.00653	0.00648	0.00806	0.00500	0.00486	0.00912	0.01386	0.01795	0.31817	0.09469	0.43363	0.01347	0.00671	0.00190	0.00287	0.03322	0.00559	0.00496
19	0.01512	0.18698	0.04559	0.03522	0.04132	0.16513	0.01003	0.04403	0.07262	0.05864	0.01375	0.01899	0.01207	0.00798	0.03152	0.00180	0.00673	0.09416	0.00366	0.13466
20	0.03533	0.14143	0.14811	0.03959	0.01797	0.06148	0.05976	0.07840	0.06515	0.01851	0.03627	0.01340	0.00994	0.00613	0.00669	0.00161	0.10776	0.00451	0.00328	0.14468
21	0.01588	0.09819	0.01613	0.01236	0.01506	0.25039	0.03193	0.14204	0.04112	0.01902	0.10258	0.06020	0.02943	0.00861	0.01833	0.00185	0.10451	0.02155	0.00397	0.00685
22	0.01418	0.08525	0.07020	0.01177	0.04033	0.09944	0.00951	0.08602	0.20465	0.05795	0.05648	0.11965	0.01743	0.03378	0.04041	0.00218	0.00602	0.00678	0.00450	0.03346
23	0.05609	0.11565	0.10649	0.01311	0.08794	0.16438	0.01040	0.07444	0.01376	0.01754	0.01881	0.11298	0.11674	0.00810	0.00535	0.00164	0.00622	0.00647	0.00365	0.06025
24	0.06145	0.37289	0.07724	0.01053	0.01471	0.10043	0.00980	0.05795	0.04806	0.03298	0.06421	0.04162	0.01305	0.00652	0.00465	0.00148	0.00602	0.02929	0.00345	0.04368
25	0.01115	0.18216	0.17708	0.01033	0.01395	0.02308	0.01005	0.04115	0.03353	0.01649	0.08001	0.14861	0.05943	0.08440	0.00814	0.00209	0.03315	0.01850	0.00374	0.04297
26	0.04562	0.18420	0.17599	0.01149	0.01597	0.03845	0.01119	0.21518	0.01608	0.04046	0.07892	0.09983	0.01543	0.02013	0.00566	0.00173	0.00599	0.00601	0.00410	0.00757

[dist]
# distance from previous block
# <min> <max>
5	36

[block]
# block no. 7 follows, 42 sequences, length 15
# corresponding to MSA columns:
# 680-694
name=unknown_H
#
# <colnr> <probs for GDERKNQSTAVLIFYWHMCP>
#	G	D	E	R	K	N	Q	S	T	A	V	L	I	F	Y	W	H	M	C	P
0	0.00750	0.06312	0.00805	0.00725	0.00847	0.00598	0.00527	0.00885	0.01198	0.01540	0.11455	0.43900	0.25428	0.01505	0.00671	0.00204	0.00328	0.01321	0.00512	0.00489
1	0.30117	0.02463	0.01375	0.16573	0.12357	0.04344	0.01035	0.06922	0.06586	0.05614	0.06550	0.01500	0.01163	0.00610	0.00490	0.00175	0.00559	0.00474	0.00382	0.00711
2	0.16539	0.06908	0.02937	0.01242	0.01635	0.13008	0.07495	0.21882	0.10105	0.06291	0.01342	0.01542	0.01044	0.00648	0.00519	0.00171	0.00641	0.03532	0.01738	0.00780
3	0.00689	0.00510	0.00644	0.00739	0.00807	0.00465	0.00505	0.00807	0.01151	0.01508	0.08564	0.60885	0.17350	0.01659	0.00705	0.00218	0.00315	0.01484	0.00529	0.00465
4	0.04838	0.04842	0.04340	0.08486	0.08173	0.08817	0.24962	0.06302	0.03588	0.01791	0.01275	0.05010	0.01102	0.00914	0.06246	0.00237	0.04546	0.03494	0.00326	0.00710
5	0.03403	0.09548	0.02500	0.07706	0.12904	0.01337	0.33983	0.01793	0.01296	0.09837	0.01314	0.01554	0.03145	0.00535	0.00574	0.00169	0.00737	0.00564	0.00333	0.06767
6	0.01330	0.04709	0.02337	0.07300	0.02278	0.04759	0.38216	0.01735	0.04542	0.07185	0.06813	0.02109	0.09311	0.00684	0.00676	0.00185	0.04063	0.00687	0.00369	0.00711
7	0.01049	0.00657	0.00944	0.00982	0.04262	0.00622	0.03758	0.01204	0.01167	0.12193	0.04883	0.42374	0.02805	0.09271	0.04782	0.00277	0.00473	0.03758	0.03983	0.00558
8	0.01456	0.03041	0.23654	0.03815	0.02066	0.13777	0.13199	0.09371	0.10245	0.04095	0.01478	0.07142	0.02744	0.00686	0.00574	0.00178	0.00749	0.00590	0.00367	0.00772
9	0.01424	0.10123	0.30261	0.01538	0.02116	0.08987	0.16414	0.01957	0.07569	0.08171	0.01447	0.01561	0.04707	0.00599	0.00553	0.00173	0.00760	0.00520	0.00335	0.00786
10	0.01559	0.00938	0.01327	0.09180	0.05363	0.00972	0.04063	0.04833	0.09725	0.24525	0.04832	0.02044	0.01460	0.06563	0.08596	0.06310	0.03026	0.00596	0.03366	0.00721
11	0.00700	0.00535	0.00643	0.00693	0.00801	0.00478	0.00491	0.00847	0.01253	0.01629	0.18592	0.38471	0.29793	0.01522	0.00689	0.00205	0.00300	0.01338	0.00542	0.00478
12	0.01456	0.01597	0.07140	0.11873	0.08558	0.06571	0.36098	0.12623	0.01484	0.01969	0.01103	0.01415	0.00837	0.00550	0.00660	0.00183	0.04227	0.00564	0.00317	0.00773
13	0.01337	0.01711	0.20146	0.24137	0.13406	0.07387	0.05429	0.09663	0.01374	0.01852	0.01117	0.02838	0.00873	0.00591	0.00576	0.00176	0.02251	0.00500	0.03883	0.00752
14	0.01213	0.02099	0.37454	0.03555	0.07552	0.01321	0.30913	0.01749	0.01254	0.01782	0.01164	0.01600	0.00909	0.00560	0.00601	0.00186	0.00850	0.04178	0.00273	0.00787

[dist]
# distance from previous block
# <min> <max>
0	4

[block]
# block no. 8 follows, 42 sequences, length 44
# corresponding to MSA columns:
# 699-718,735-758
name=unknown_I
#
# <colnr> <probs for GDERKNQSTAVLIFYWHMCP>
#	G	D	E	R	K	N	Q	S	T	A	V	L	I	F	Y	W	H	M	C	P
0	0.01393	0.01006	0.01202	0.01123	0.04852	0.02716	0.02997	0.09462	0.21989	0.13096	0.08602	0.15427	0.11721	0.01002	0.00615	0.00189	0.00452	0.00862	0.00550	0.00744
1	0.01621	0.04958	0.11509	0.05756	0.04755	0.01007	0.03261	0.03386	0.06882	0.29325	0.13240	0.05813	0.04432	0.00790	0.00580	0.00178	0.00524	0.00671	0.00520	0.00792
2	0.01745	0.04697	0.16616	0.03221	0.11185	0.01074	0.01185	0.05528	0.03799	0.32327	0.04236	0.05483	0.04925	0.00727	0.00565	0.00176	0.00567	0.00606	0.00494	0.00845
3	0.01029	0.00826	0.00913	0.00844	0.01070	0.00856	0.00647	0.01768	0.29979	0.03731	0.26431	0.03686	0.23847	0.01069	0.00627	0.00186	0.00345	0.00909	0.00576	0.00663
4	0.01253	0.20494	0.57437	0.01453	0.02183	0.04576	0.01787	0.01779	0.01194	0.01662	0.00953	0.01117	0.00715	0.00524	0.00494	0.00164	0.00787	0.00388	0.00240	0.00800
5	0.01333	0.17836	0.45300	0.01569	0.04529	0.09486	0.07167	0.01839	0.02902	0.01667	0.00991	0.01166	0.00755	0.00529	0.00509	0.00164	0.00801	0.00414	0.00256	0.00789
6	0.01316	0.01246	0.01824	0.37033	0.23287	0.04957	0.03160	0.05717	0.12342	0.01802	0.01224	0.01529	0.00945	0.00580	0.00562	0.00179	0.00693	0.00518	0.00325	0.00760
7	0.00699	0.00571	0.00618	0.00606	0.00781	0.00490	0.00455	0.00874	0.01364	0.01712	0.24151	0.05100	0.57913	0.01354	0.00665	0.00187	0.00280	0.01143	0.00548	0.00490
8	0.01191	0.01287	0.08132	0.46704	0.15698	0.01294	0.10566	0.03956	0.01232	0.01658	0.01053	0.01464	0.00802	0.00545	0.00569	0.00182	0.00755	0.00514	0.01686	0.00712
9	0.01547	0.03688	0.01998	0.14178	0.17332	0.02692	0.17209	0.01929	0.05304	0.19063	0.01684	0.01872	0.05570	0.02650	0.00642	0.00187	0.00666	0.00599	0.00403	0.00786
10	0.00814	0.00563	0.00701	0.00701	0.00731	0.00593	0.00450	0.00874	0.00844	0.01156	0.01693	0.03241	0.01854	0.57416	0.25409	0.00653	0.00834	0.00754	0.00329	0.00389
11	0.01522	0.01222	0.01468	0.07556	0.11221	0.01357	0.01053	0.13969	0.40832	0.06844	0.02041	0.01990	0.04935	0.00728	0.00572	0.00183	0.00520	0.00610	0.00513	0.00865
12	0.01589	0.20415	0.29132	0.04445	0.04317	0.01452	0.02789	0.06046	0.05089	0.17576	0.01297	0.01354	0.00931	0.00574	0.00508	0.00164	0.00666	0.00447	0.00372	0.00835
13	0.01259	0.02022	0.32725	0.02066	0.11458	0.01373	0.28413	0.01868	0.07313	0.01830	0.01159	0.01409	0.00869	0.00541	0.00628	0.00184	0.03248	0.00537	0.00287	0.00810
14	0.01297	0.01604	0.10610	0.02390	0.12664	0.01371	0.55322	0.01760	0.01300	0.01794	0.01174	0.03847	0.00932	0.00523	0.00638	0.00187	0.00881	0.00646	0.00286	0.00775
15	0.00826	0.00609	0.00866	0.00859	0.00940	0.00700	0.00646	0.00990	0.00895	0.01291	0.01541	0.02441	0.01502	0.17527	0.60311	0.00800	0.03564	0.00636	0.02578	0.00478
16	0.01656	0.06133	0.10968	0.08879	0.02173	0.10208	0.19207	0.03500	0.06127	0.19640	0.01481	0.05031	0.01119	0.00636	0.00575	0.00177	0.00726	0.00577	0.00406	0.00786
17	0.00960	0.01004	0.13377	0.01103	0.06207	0.00708	0.00898	0.01195	0.01182	0.07284	0.02832	0.37655	0.12755	0.01455	0.04319	0.00241	0.00505	0.05265	0.00462	0.00594
18	0.00707	0.00502	0.00662	0.00771	0.00804	0.00480	0.00512	0.00800	0.01039	0.01391	0.02867	0.67126	0.03409	0.10650	0.05169	0.00301	0.00415	0.01458	0.00490	0.00447
19	0.01381	0.18310	0.42100	0.01673	0.10996	0.12932	0.01665	0.01825	0.01251	0.01636	0.00949	0.01129	0.00738	0.00527	0.00498	0.00160	0.00793	0.00395	0.00251	0.00790
20	0.04035	0.01879	0.23031	0.01519	0.03411	0.10459	0.13261	0.11321	0.05950	0.10359	0.01467	0.01679	0.03076	0.00746	0.02900	0.00200	0.00764	0.02760	0.00387	0.00797
21	0.00819	0.00563	0.00716	0.00740	0.00778	0.00583	0.00500	0.00891	0.00905	0.01225	0.01922	0.09605	0.02130	0.46522	0.19149	0.03071	0.00737	0.08382	0.00362	0.00402
22	0.01165	0.01095	0.01848	0.53576	0.26540	0.01261	0.01588	0.01525	0.01175	0.01578	0.01037	0.01480	0.00810	0.00546	0.00557	0.00180	0.00714	0.00501	0.02117	0.00706
23	0.01292	0.16243	0.49825	0.01532	0.06578	0.01455	0.01702	0.04050	0.04600	0.04257	0.02764	0.01287	0.00903	0.00557	0.00512	0.00168	0.00734	0.00432	0.00289	0.00820
24	0.01126	0.01057	0.01770	0.53008	0.21896	0.01229	0.01526	0.01470	0.01168	0.01556	0.02880	0.05052	0.01026	0.00624	0.00597	0.00185	0.02308	0.00562	0.00278	0.00682
25	0.06139	0.00994	0.01263	0.00994	0.01393	0.00928	0.00813	0.08801	0.05360	0.56480	0.09006	0.02042	0.01700	0.00732	0.00565	0.00175	0.00467	0.00594	0.00655	0.00898
26	0.01136	0.07673	0.07601	0.01344	0.01534	0.01371	0.09740	0.01375	0.02886	0.01437	0.01215	0.07714	0.01207	0.09791	0.08310	0.00313	0.33820	0.00626	0.00295	0.00613
27	0.01370	0.03862	0.02065	0.26176	0.15273	0.15298	0.16329	0.01723	0.03129	0.01588	0.01149	0.01671	0.00962	0.03186	0.00651	0.00190	0.00797	0.03592	0.00291	0.00698
28	0.01323	0.34053	0.44073	0.01340	0.02007	0.05120	0.01587	0.01764	0.01188	0.01580	0.00912	0.01066	0.00717	0.00515	0.00464	0.00154	0.00748	0.00367	0.00241	0.00780
29	0.01152	0.01097	0.01672	0.05838	0.01633	0.01411	0.09119	0.01347	0.00965	0.01466	0.01047	0.03893	0.00978	0.01271	0.10159	0.00302	0.48444	0.00561	0.07039	0.00607
30	0.01379	0.03864	0.06467	0.23504	0.14329	0.03628	0.13931	0.01721	0.01271	0.11289	0.01492	0.01741	0.05438	0.00619	0.00605	0.00178	0.02977	0.00563	0.04267	0.00735
31	0.01170	0.00789	0.01057	0.00939	0.01163	0.00758	0.05757	0.05454	0.05097	0.13694	0.09687	0.20387	0.22038	0.02944	0.00737	0.00206	0.02570	0.04395	0.00535	0.00623
32	0.00684	0.00495	0.00648	0.00771	0.00813	0.00458	0.00517	0.00785	0.01090	0.01442	0.03257	0.75396	0.08081	0.01743	0.00715	0.00226	0.00324	0.01575	0.00522	0.00458
33	0.01562	0.00992	0.01214	0.06185	0.01477	0.01034	0.00864	0.18275	0.11130	0.17999	0.13569	0.07399	0.02283	0.04102	0.00707	0.00204	0.00489	0.09197	0.00564	0.00755
34	0.03166	0.01286	0.01718	0.36908	0.11812	0.05034	0.01368	0.22339	0.01589	0.02108	0.01143	0.01540	0.00894	0.00634	0.00615	0.00182	0.03964	0.02599	0.00354	0.00749
35	0.00862	0.00718	0.01015	0.01273	0.15597	0.00698	0.00768	0.01047	0.01246	0.01679	0.16572	0.31745	0.18720	0.01302	0.00713	0.00200	0.03652	0.01147	0.00481	0.00565
36	0.00715	0.00704	0.05204	0.00684	0.00887	0.00533	0.00561	0.00897	0.01282	0.01599	0.11538	0.13880	0.54630	0.01390	0.00667	0.00195	0.00328	0.03292	0.00514	0.00501
37	0.01197	0.00946	0.01248	0.07532	0.07998	0.04139	0.06467	0.11510	0.01395	0.01986	0.05134	0.17828	0.01849	0.03030	0.03555	0.00211	0.00539	0.00774	0.22033	0.00629
38	0.01440	0.08903	0.15894	0.12378	0.19537	0.09488	0.02851	0.07369	0.03003	0.04820	0.01215	0.04615	0.00992	0.00609	0.00533	0.00168	0.00697	0.00508	0.04210	0.00773
39	0.15088	0.03395	0.04872	0.04273	0.03150	0.05761	0.04738	0.08981	0.03062	0.16780	0.04880	0.11952	0.05024	0.00833	0.00618	0.00184	0.04558	0.00673	0.00460	0.00720
40	0.01263	0.04889	0.17857	0.10758	0.09960	0.04618	0.07439	0.03226	0.03301	0.03990	0.01369	0.06171	0.03306	0.00643	0.00579	0.00164	0.03129	0.00548	0.02845	0.13946
41	0.03625	0.03895	0.31477	0.05279	0.08565	0.06975	0.05171	0.10267	0.05208	0.01939	0.01329	0.03372	0.03215	0.04384	0.00654	0.00190	0.00720	0.00520	0.00329	0.02885
42	0.01609	0.05701	0.08613	0.04077	0.05443	0.23149	0.09155	0.10021	0.14884	0.01897	0.01293	0.02985	0.01045	0.00663	0.00639	0.00175	0.06021	0.01502	0.00366	0.00762
43	0.06423	0.01447	0.07447	0.01534	0.12759	0.10192	0.06107	0.11109	0.09407	0.08549	0.08835	0.04318	0.04234	0.02493	0.00615	0.00181	0.00609	0.00610	0.00436	0.02696

[dist]
# distance from previous block
# <min> <max>
24	165

[block]
# block no. 9 follows, 42 sequences, length 28
# corresponding to MSA columns:
# 1057-1084
name=unknown_J
#
# <colnr> <probs for GDERKNQSTAVLIFYWHMCP>
#	G	D	E	R	K	N	Q	S	T	A	V	L	I	F	Y	W	H	M	C	P
0	0.01486	0.01334	0.01548	0.07427	0.06966	0.10411	0.05953	0.21280	0.02975	0.02125	0.04393	0.05923	0.01316	0.06604	0.03586	0.00218	0.03229	0.00584	0.00399	0.12243
1	0.05980	0.01366	0.01470	0.07684	0.05099	0.13795	0.05940	0.15268	0.08622	0.02052	0.01622	0.11696	0.04008	0.00866	0.02687	0.00189	0.00645	0.00644	0.00410	0.09956
2	0.12133	0.09896	0.04072	0.13430	0.08612	0.04023	0.12232	0.07382	0.05821	0.03975	0.02772	0.01565	0.03065	0.00843	0.05706	0.00223	0.02668	0.00517	0.00345	0.00721
3	0.07037	0.01216	0.01556	0.03287	0.06192	0.08582	0.13370	0.09361	0.06845	0.10749	0.06815	0.09049	0.07725	0.00806	0.00581	0.00179	0.00584	0.00710	0.04637	0.00719
4	0.03465	0.05232	0.01301	0.06452	0.01466	0.03654	0.04757	0.09303	0.05439	0.01860	0.04182	0.08059	0.05204	0.07242	0.07303	0.00254	0.00609	0.04839	0.02999	0.16380
5	0.01556	0.01247	0.01455	0.03062	0.09685	0.08075	0.04541	0.14229	0.10475	0.10602	0.03800	0.03729	0.06226	0.04057	0.00648	0.00177	0.00562	0.00596	0.03160	0.12116
6	0.01476	0.03221	0.04174	0.04602	0.12692	0.07308	0.02915	0.06732	0.11298	0.08683	0.01497	0.01937	0.01242	0.00693	0.00622	0.00168	0.05211	0.07554	0.02062	0.15914
7	0.01437	0.07456	0.22861	0.05490	0.09388	0.07083	0.08377	0.14145	0.04041	0.02002	0.02612	0.01380	0.00945	0.00724	0.03429	0.00198	0.04624	0.00483	0.00330	0.02996
8	0.04094	0.06766	0.15081	0.05294	0.06925	0.01266	0.02286	0.11747	0.12322	0.06711	0.05262	0.08033	0.01439	0.00725	0.00577	0.00172	0.02473	0.00595	0.00418	0.07814
9	0.05363	0.12649	0.05682	0.01154	0.01560	0.13464	0.03638	0.17695	0.06916	0.09100	0.05868	0.01672	0.04635	0.00664	0.00517	0.00157	0.00613	0.00512	0.02026	0.06116
10	0.01894	0.08527	0.05800	0.01257	0.01673	0.06517	0.01083	0.46998	0.05410	0.04836	0.01302	0.01365	0.00967	0.00751	0.02478	0.00186	0.04848	0.00484	0.02758	0.00866
11	0.01052	0.09069	0.01083	0.00853	0.01011	0.00913	0.00640	0.10286	0.05238	0.01689	0.06067	0.20484	0.04375	0.22576	0.08808	0.00356	0.00576	0.03938	0.00436	0.00551
12	0.09680	0.54289	0.03992	0.00961	0.01411	0.01842	0.00919	0.05023	0.01270	0.10213	0.05013	0.01221	0.01043	0.00555	0.00412	0.00138	0.00559	0.00381	0.00338	0.00741
13	0.04343	0.24273	0.01836	0.01067	0.01493	0.03418	0.00918	0.14612	0.13792	0.26338	0.01592	0.01505	0.01138	0.00634	0.00499	0.00160	0.00545	0.00478	0.00501	0.00860
14	0.01295	0.16749	0.56544	0.01458	0.02190	0.01515	0.01780	0.08900	0.01322	0.01872	0.01002	0.01153	0.00738	0.00539	0.00506	0.00167	0.00770	0.00404	0.00270	0.00824
15	0.19375	0.09144	0.03271	0.00885	0.01193	0.01096	0.00746	0.08834	0.05606	0.12503	0.10206	0.05576	0.01793	0.03526	0.00586	0.00184	0.00452	0.04440	0.09897	0.00685
16	0.00759	0.00570	0.00717	0.00773	0.00884	0.00511	0.00551	0.00895	0.01145	0.01530	0.06276	0.49879	0.13040	0.04402	0.00763	0.00221	0.00352	0.07638	0.00501	0.08591
17	0.00827	0.00556	0.00642	0.00655	0.00668	0.00556	0.00396	0.00852	0.00865	0.01149	0.01891	0.03943	0.02162	0.72539	0.02661	0.00518	0.00543	0.07861	0.00358	0.00358
18	0.01260	0.18185	0.14719	0.01110	0.01593	0.01251	0.04417	0.01734	0.10429	0.03854	0.03140	0.04839	0.01230	0.00707	0.02423	0.00162	0.00580	0.02587	0.00354	0.25426
19	0.00733	0.00520	0.00666	0.00765	0.00807	0.00494	0.00519	0.00829	0.01055	0.01395	0.02936	0.54030	0.06537	0.17561	0.01155	0.00294	0.00388	0.08391	0.00485	0.00440
20	0.01156	0.09736	0.63206	0.09093	0.02487	0.01384	0.01928	0.01740	0.01178	0.01707	0.00988	0.01193	0.00717	0.00533	0.00522	0.00174	0.00803	0.00414	0.00239	0.00802
21	0.57236	0.14337	0.04479	0.00865	0.01261	0.01444	0.00770	0.05012	0.05076	0.03891	0.00929	0.01028	0.00723	0.00539	0.00384	0.00166	0.00489	0.00341	0.00355	0.00675
22	0.01168	0.08550	0.01127	0.00934	0.01146	0.02444	0.00785	0.01457	0.04902	0.10765	0.14532	0.04360	0.07719	0.04593	0.02430	0.00238	0.00495	0.31236	0.00515	0.00603
23	0.01294	0.36703	0.34638	0.08898	0.02160	0.01709	0.04185	0.01707	0.01168	0.01549	0.00914	0.01106	0.00726	0.00512	0.00466	0.00154	0.00727	0.00383	0.00242	0.00761
24	0.03747	0.29555	0.11587	0.08704	0.01789	0.04267	0.01118	0.16938	0.01482	0.04000	0.04427	0.01451	0.01080	0.04926	0.02531	0.00193	0.00660	0.00455	0.00349	0.00742
25	0.03646	0.02895	0.05721	0.07550	0.04857	0.10612	0.02418	0.05717	0.16368	0.05526	0.03013	0.03835	0.04370	0.00887	0.03241	0.00208	0.10432	0.03071	0.01596	0.04038
26	0.01506	0.16088	0.01739	0.01243	0.05478	0.09747	0.02585	0.14369	0.03915	0.03965	0.07075	0.06613	0.01399	0.00717	0.00642	0.00157	0.08211	0.00545	0.00391	0.13616
27	0.09577	0.06567	0.02374	0.01010	0.01362	0.10239	0.00821	0.07892	0.13614	0.08910	0.06987	0.04169	0.04100	0.00819	0.02651	0.00178	0.00550	0.02565	0.00450	0.15165

[dist]
# distance from previous block
# <min> <max>
3	74

[block]
# block no. 10 follows, 42 sequences, length 13
# corresponding to MSA columns:
# 1167-1179
name=unknown_K
#
# <colnr> <probs for GDERKNQSTAVLIFYWHMCP>
#	G	D	E	R	K	N	Q	S	T	A	V	L	I	F	Y	W	H	M	C	P
0	0.06572	0.23912	0.19240	0.03186	0.05114	0.01479	0.06193	0.05943	0.01356	0.20031	0.01255	0.01315	0.00906	0.00561	0.00494	0.00161	0.00645	0.00441	0.00379	0.00818
1	0.10745	0.14090	0.11101	0.01056	0.01427	0.01248	0.00975	0.16022	0.01454	0.05602	0.01729	0.17664	0.01695	0.00926	0.00555	0.00183	0.00539	0.09290	0.00431	0.03269
2	0.09930	0.28457	0.05723	0.01037	0.01475	0.01631	0.00945	0.25421	0.01658	0.02303	0.06901	0.01527	0.04469	0.00639	0.00474	0.00150	0.00552	0.00469	0.00403	0.05837
3	0.05162	0.11416	0.01935	0.05000	0.11422	0.12994	0.10677	0.07264	0.01388	0.08687	0.03299	0.07175	0.01189	0.00687	0.00640	0.00171	0.06672	0.00563	0.00364	0.03296
4	0.04149	0.42912	0.13030	0.01176	0.01651	0.10258	0.05453	0.01797	0.05641	0.01594	0.06626	0.01312	0.01129	0.00568	0.00455	0.00146	0.00661	0.00419	0.00300	0.00724
5	0.01443	0.15401	0.36474	0.01508	0.04378	0.05819	0.05880	0.13248	0.07048	0.02004	0.01123	0.01251	0.00843	0.00563	0.00520	0.00167	0.00743	0.00442	0.00321	0.00825
6	0.44287	0.05705	0.05496	0.00956	0.01344	0.01388	0.00832	0.16541	0.09584	0.02587	0.05543	0.01342	0.01091	0.00615	0.00446	0.00172	0.00495	0.00430	0.00420	0.00725
7	0.04656	0.00709	0.00833	0.00818	0.01027	0.00672	0.00670	0.05283	0.01402	0.08614	0.09471	0.04883	0.33142	0.01299	0.00673	0.00208	0.00401	0.24131	0.00539	0.00570
8	0.01506	0.07465	0.01725	0.03553	0.08185	0.05193	0.07137	0.07120	0.05698	0.11531	0.01297	0.01518	0.01025	0.00964	0.07347	0.00235	0.15101	0.00503	0.05289	0.07607
9	0.00780	0.00633	0.00717	0.00720	0.00902	0.00580	0.00559	0.01041	0.05821	0.01645	0.09904	0.09333	0.45496	0.01508	0.04598	0.00233	0.00395	0.11125	0.00514	0.03495
10	0.05052	0.01110	0.01274	0.03830	0.03498	0.01097	0.00825	0.18253	0.09202	0.05746	0.01656	0.01823	0.06733	0.05507	0.00688	0.00169	0.02700	0.00523	0.00436	0.29878
11	0.01224	0.01044	0.01742	0.48380	0.09867	0.01214	0.05893	0.01560	0.01196	0.07698	0.03532	0.01858	0.01100	0.00668	0.00680	0.00193	0.06608	0.04552	0.00317	0.00675
12	0.20682	0.07205	0.01623	0.15376	0.07444	0.05237	0.05399	0.07957	0.03587	0.05074	0.03103	0.01340	0.00935	0.00588	0.00567	0.00168	0.05245	0.00450	0.00350	0.07670

[dist]
# distance from previous block
# <min> <max>
1	14

[block]
# block no. 11 follows, 42 sequences, length 21
# corresponding to MSA columns:
# 1199-1204,1208-1222
name=unknown_L
#
# <colnr> <probs for GDERKNQSTAVLIFYWHMCP>
#	G	D	E	R	K	N	Q	S	T	A	V	L	I	F	Y	W	H	M	C	P
0	0.01450	0.05196	0.01402	0.03242	0.01410	0.03342	0.03033	0.09758	0.01379	0.15914	0.06000	0.13081	0.06679	0.01088	0.03335	0.00219	0.17413	0.03043	0.00458	0.02557
1	0.10240	0.03411	0.01235	0.00972	0.01330	0.01097	0.00785	0.21147	0.04788	0.09279	0.04110	0.09086	0.03239	0.02932	0.00598	0.00172	0.00479	0.05210	0.00480	0.19410
2	0.04049	0.08299	0.08479	0.01346	0.01731	0.26995	0.06736	0.09822	0.14802	0.03614	0.01408	0.05600	0.01179	0.00694	0.00543	0.00169	0.00737	0.02658	0.00390	0.00749
3	0.00745	0.00567	0.00728	0.00756	0.00854	0.00523	0.02650	0.00875	0.01156	0.01503	0.10220	0.34348	0.22234	0.14450	0.01054	0.00267	0.00376	0.05738	0.00494	0.00462
4	0.02500	0.00998	0.01331	0.01020	0.01457	0.00886	0.00843	0.07402	0.01678	0.72348	0.02164	0.01879	0.01365	0.00695	0.00566	0.00174	0.00488	0.00562	0.00688	0.00958
5	0.01288	0.01234	0.02077	0.24907	0.51008	0.01337	0.01648	0.01620	0.01210	0.01693	0.01021	0.01413	0.00841	0.00550	0.00642	0.00178	0.05767	0.00500	0.00268	0.00797
6	0.02139	0.01576	0.01689	0.01295	0.01745	0.01745	0.01070	0.74835	0.02646	0.03547	0.01351	0.01351	0.00957	0.00676	0.00563	0.00169	0.00619	0.00507	0.00563	0.00957
7	0.00713	0.00498	0.00656	0.00780	0.00821	0.00468	0.00530	0.00826	0.01091	0.01481	0.03031	0.72999	0.03584	0.01697	0.00703	0.00225	0.00330	0.04238	0.04867	0.00463
8	0.01167	0.01000	0.01167	0.00834	0.01334	0.00750	0.00667	0.01417	0.01167	0.01834	0.01000	0.01167	0.00834	0.00417	0.00417	0.00083	0.00417	0.00333	0.00333	0.83663
9	0.00773	0.00585	0.00720	0.00717	0.00868	0.00532	0.00559	0.00999	0.01448	0.01934	0.42453	0.04928	0.27296	0.01302	0.00682	0.00194	0.00312	0.12613	0.00573	0.00511
10	0.01788	0.06184	0.11200	0.03835	0.01828	0.28364	0.01174	0.20717	0.13169	0.02144	0.01232	0.01304	0.00939	0.00616	0.00527	0.00161	0.00756	0.00448	0.00394	0.03219
11	0.00778	0.00588	0.00726	0.00730	0.00879	0.00537	0.00572	0.01004	0.01440	0.01919	0.40405	0.04993	0.26757	0.01314	0.00686	0.00197	0.00321	0.15072	0.00570	0.00511
12	0.01301	0.00996	0.01181	0.00850	0.01344	0.00758	0.00683	0.01548	0.01211	0.09275	0.01121	0.01241	0.00889	0.00444	0.00432	0.00092	0.00423	0.00356	0.00369	0.75486
13	0.01733	0.01460	0.01422	0.01352	0.08691	0.22865	0.03082	0.05979	0.05637	0.18104	0.15947	0.02065	0.01898	0.03849	0.00656	0.00179	0.00629	0.00595	0.00474	0.03383
14	0.00966	0.00682	0.00774	0.00722	0.00806	0.00693	0.00467	0.07611	0.03771	0.01478	0.06511	0.05670	0.02131	0.57516	0.04295	0.00457	0.00545	0.00796	0.00391	0.03716
15	0.06562	0.03984	0.01179	0.01011	0.03581	0.02301	0.00775	0.08389	0.08786	0.01974	0.01846	0.14664	0.03737	0.00881	0.00572	0.00164	0.02245	0.08579	0.03073	0.25699
16	0.02868	0.06869	0.03730	0.01271	0.06319	0.07126	0.04790	0.16931	0.05378	0.11471	0.06006	0.09547	0.03979	0.05313	0.00706	0.00197	0.00575	0.03831	0.00469	0.02625
17	0.02848	0.11277	0.10847	0.09117	0.03723	0.01144	0.03116	0.05591	0.05898	0.08947	0.01641	0.06106	0.04172	0.13639	0.01880	0.00237	0.00594	0.01630	0.00382	0.07212
18	0.06293	0.01143	0.06209	0.21478	0.06756	0.02824	0.02474	0.08771	0.04459	0.07138	0.15244	0.02157	0.04990	0.00901	0.04329	0.00211	0.00616	0.00619	0.00417	0.02971
19	0.07849	0.04439	0.04105	0.30371	0.04172	0.08354	0.05387	0.06404	0.04964	0.03654	0.01221	0.01488	0.03208	0.00614	0.00611	0.00174	0.05556	0.00489	0.00325	0.06616
20	0.04188	0.07001	0.04116	0.16286	0.04060	0.13152	0.05713	0.10127	0.01406	0.08015	0.03172	0.01440	0.00985	0.02434	0.00729	0.00179	0.09600	0.00481	0.00352	0.06564

[dist]
# distance from previous block
# <min> <max>
1	13

[block]
# block no. 12 follows, 42 sequences, length 26
