[name]
unknown

[dist]
# distance from previous block
# <min> <max>
0	8

[block]
# block no. 0 follows, 57 sequences, length 11
# corresponding to MSA columns:
# 1407-1417
name=unknown_A
#
# <colnr> <probs for GDERKNQSTAVLIFYWHMCP>
#	G	D	E	R	K	N	Q	S	T	A	V	L	I	F	Y	W	H	M	C	P
0	0.02093	0.00822	0.01100	0.00855	0.01208	0.00708	0.00697	0.02248	0.01339	0.80736	0.01849	0.01635	0.01185	0.00607	0.00486	0.00153	0.00411	0.00478	0.00582	0.00806
1	0.01211	0.84348	0.02374	0.00775	0.01163	0.01793	0.00775	0.01357	0.00921	0.01066	0.00630	0.00727	0.00582	0.00388	0.00291	0.00097	0.00485	0.00242	0.00194	0.00582
2	0.00552	0.00394	0.00526	0.00631	0.00657	0.00368	0.00421	0.00631	0.00868	0.01157	0.02498	0.83779	0.02997	0.01420	0.00578	0.00184	0.00263	0.01288	0.00421	0.00368
3	0.00928	0.07596	0.76645	0.01258	0.01910	0.01100	0.01617	0.01430	0.00954	0.01411	0.00801	0.00942	0.00574	0.00428	0.00422	0.00141	0.00658	0.00329	0.00191	0.00664
4	0.01018	0.32040	0.52991	0.01105	0.01672	0.01321	0.01349	0.01407	0.00944	0.01301	0.00747	0.00873	0.00577	0.00415	0.00380	0.00127	0.00603	0.00301	0.00192	0.00638
5	0.05237	0.36626	0.05612	0.00998	0.01325	0.32094	0.04891	0.01539	0.03002	0.01187	0.00767	0.03379	0.00677	0.00458	0.00367	0.00116	0.00618	0.00319	0.00228	0.00559
6	0.04546	0.44131	0.07236	0.00917	0.01271	0.23302	0.00842	0.01587	0.04175	0.07093	0.00794	0.00865	0.00650	0.00435	0.00350	0.00112	0.00570	0.00288	0.00245	0.00588
7	0.01162	0.55564	0.12122	0.00980	0.01380	0.03318	0.09051	0.01378	0.00943	0.03174	0.00733	0.00877	0.00626	0.00524	0.03401	0.00137	0.03527	0.00305	0.00209	0.00589
8	0.04833	0.25763	0.14204	0.01007	0.03692	0.09529	0.04171	0.05884	0.04893	0.09625	0.03244	0.01185	0.03964	0.00492	0.00416	0.00125	0.02214	0.00371	0.00289	0.04099
9	0.02652	0.30675	0.22339	0.00954	0.03354	0.02989	0.02852	0.03679	0.02531	0.01330	0.03605	0.05303	0.08957	0.00639	0.02816	0.00143	0.00515	0.00436	0.00258	0.03972
10	0.04191	0.16546	0.12750	0.02818	0.06749	0.05864	0.01994	0.03094	0.02158	0.03935	0.04982	0.16965	0.06494	0.03308	0.00544	0.00154	0.03403	0.03216	0.00305	0.00531

[dist]
# distance from previous block
# <min> <max>
15	40

[block]
# block no. 1 follows, 57 sequences, length 25
# corresponding to MSA columns:
# 1459-1483
name=unknown_B
#
# <colnr> <probs for GDERKNQSTAVLIFYWHMCP>
#	G	D	E	R	K	N	Q	S	T	A	V	L	I	F	Y	W	H	M	C	P
0	0.00967	0.19841	0.44584	0.01125	0.05560	0.01117	0.01231	0.01365	0.03379	0.02634	0.11083	0.01331	0.02913	0.00507	0.00418	0.00133	0.00541	0.00401	0.00251	0.00619
1	0.03215	0.25697	0.28623	0.00952	0.01397	0.04701	0.01016	0.01455	0.09801	0.01387	0.02834	0.02279	0.02148	0.00465	0.00382	0.00120	0.00510	0.00350	0.00251	0.12415
2	0.00738	0.00572	0.00696	0.00680	0.00829	0.00557	0.02283	0.02575	0.11086	0.03000	0.15274	0.09739	0.29017	0.03529	0.00598	0.00174	0.00313	0.17453	0.00432	0.00455
3	0.01121	0.02819	0.12844	0.02242	0.49761	0.01084	0.13626	0.01484	0.04744	0.04504	0.00935	0.01150	0.00737	0.00419	0.00458	0.00139	0.00577	0.00419	0.00244	0.00694
4	0.00804	0.00617	0.00644	0.00599	0.00749	0.06796	0.00453	0.00972	0.01191	0.08096	0.40924	0.04850	0.28595	0.00937	0.00517	0.00144	0.00281	0.00797	0.01588	0.00448
5	0.01338	0.17748	0.03190	0.01002	0.01329	0.05313	0.09982	0.13350	0.18591	0.13338	0.08221	0.01413	0.01200	0.00542	0.00448	0.00135	0.01382	0.00448	0.00377	0.00655
6	0.01549	0.01188	0.01336	0.01092	0.03730	0.01353	0.00873	0.60373	0.06204	0.02491	0.01065	0.01124	0.00789	0.00577	0.00592	0.00145	0.11807	0.00412	0.02580	0.00720
7	0.00745	0.00562	0.00654	0.00611	0.00755	0.00540	0.00461	0.11556	0.01266	0.01690	0.36340	0.14962	0.26120	0.01010	0.00530	0.00151	0.00264	0.00871	0.00458	0.00453
8	0.00904	0.09603	0.01368	0.56473	0.03632	0.04208	0.01074	0.01165	0.00970	0.01239	0.11753	0.01433	0.01105	0.00520	0.00473	0.00144	0.02751	0.00438	0.00243	0.00505
9	0.00912	0.08900	0.49917	0.01242	0.01780	0.01040	0.15123	0.01324	0.00984	0.01378	0.01333	0.01450	0.11608	0.00516	0.00451	0.00142	0.00610	0.00447	0.00230	0.00613
10	0.00565	0.00414	0.00549	0.00628	0.00674	0.00398	0.00434	0.00661	0.00871	0.01161	0.03999	0.64049	0.09628	0.01657	0.11753	0.00255	0.00389	0.01140	0.00398	0.00375
11	0.01349	0.00599	0.00726	0.00615	0.00835	0.00554	0.00489	0.01581	0.04232	0.36356	0.03963	0.01820	0.05659	0.00591	0.00401	0.00126	0.00294	0.00481	0.38748	0.00583
12	0.01185	0.01206	0.01696	0.06628	0.59552	0.12186	0.02484	0.01506	0.06460	0.01440	0.00898	0.01125	0.00738	0.00429	0.00446	0.00135	0.00571	0.00398	0.00241	0.00678
13	0.00555	0.00407	0.00521	0.00604	0.00652	0.00373	0.00411	0.00646	0.00913	0.01202	0.07128	0.68464	0.13750	0.01355	0.00570	0.00177	0.00256	0.01217	0.00425	0.00373
14	0.02163	0.00978	0.01219	0.48223	0.02260	0.12084	0.01023	0.07629	0.01024	0.01290	0.00897	0.02862	0.00740	0.02980	0.05618	0.02380	0.03288	0.00416	0.02423	0.00503
15	0.04665	0.56218	0.01974	0.00847	0.01190	0.06083	0.00783	0.14164	0.01116	0.01399	0.00733	0.00846	0.00633	0.00563	0.03889	0.00137	0.03632	0.00288	0.00244	0.00595
16	0.01555	0.01135	0.01218	0.00952	0.01259	0.01249	0.00768	0.66976	0.01900	0.02556	0.01144	0.01360	0.00900	0.11973	0.00703	0.00177	0.00483	0.00443	0.02554	0.00694
17	0.00976	0.20585	0.34713	0.01003	0.03534	0.01082	0.01080	0.03372	0.00987	0.03005	0.01322	0.01409	0.11634	0.00596	0.02488	0.00142	0.02125	0.00403	0.00248	0.09296
18	0.00873	0.00847	0.02709	0.38962	0.07052	0.00926	0.13557	0.01167	0.02727	0.01269	0.01221	0.09735	0.01147	0.00661	0.00551	0.00164	0.04499	0.11156	0.00263	0.00516
19	0.00630	0.00513	0.00827	0.00810	0.00899	0.00480	0.11263	0.00757	0.00910	0.01219	0.04258	0.68468	0.02703	0.01261	0.00572	0.00179	0.00334	0.03117	0.00396	0.00404
20	0.01173	0.01214	0.01744	0.06434	0.19592	0.15242	0.25365	0.03226	0.03378	0.04137	0.03549	0.01415	0.05957	0.00504	0.00510	0.00142	0.03430	0.00478	0.01912	0.00598
21	0.01085	0.03966	0.02454	0.17636	0.14618	0.16055	0.03773	0.04078	0.02069	0.01337	0.01112	0.01401	0.05205	0.01785	0.05717	0.00169	0.00594	0.02161	0.02428	0.12358
22	0.00639	0.00473	0.00562	0.00543	0.00660	0.00434	0.00402	0.00802	0.04411	0.01441	0.35938	0.03432	0.34596	0.01091	0.00701	0.12007	0.00251	0.00803	0.00424	0.00390
23	0.00683	0.00525	0.00646	0.00699	0.00813	0.00517	0.00554	0.00958	0.09919	0.01350	0.05193	0.23971	0.20747	0.01188	0.00572	0.00182	0.00323	0.30303	0.00426	0.00431
24	0.04855	0.03967	0.06490	0.17222	0.15972	0.03359	0.06690	0.17037	0.09484	0.07288	0.01092	0.01917	0.01624	0.00492	0.00446	0.00141	0.00531	0.00422	0.00317	0.00654

[dist]
# distance from previous block
# <min> <max>
0	8

[block]
# block no. 2 follows, 57 sequences, length 7
# corresponding to MSA columns:
# 1492-1498
name=unknown_C
#
# <colnr> <probs for GDERKNQSTAVLIFYWHMCP>
#	G	D	E	R	K	N	Q	S	T	A	V	L	I	F	Y	W	H	M	C	P
0	0.01080	0.06384	0.25288	0.01633	0.10957	0.01125	0.33133	0.03668	0.01045	0.04770	0.00933	0.03229	0.00728	0.00452	0.00510	0.00146	0.03589	0.00452	0.00240	0.00639
1	0.00697	0.00552	0.00601	0.00574	0.00736	0.00513	0.00445	0.09658	0.01176	0.01479	0.12158	0.08309	0.53566	0.01078	0.00535	0.00156	0.00274	0.06629	0.00433	0.00433
2	0.01068	0.15383	0.39554	0.04401	0.05440	0.05560	0.01241	0.01463	0.04492	0.06252	0.01063	0.01468	0.00883	0.00534	0.00433	0.00142	0.00579	0.09164	0.00256	0.00623
3	0.03425	0.04551	0.02549	0.06145	0.25396	0.12206	0.05260	0.06009	0.01076	0.01416	0.03163	0.09749	0.06261	0.01949	0.00555	0.00149	0.05931	0.01708	0.01934	0.00568
4	0.00852	0.00765	0.00820	0.00783	0.00881	0.10632	0.00586	0.01098	0.09814	0.01121	0.01230	0.01850	0.01168	0.19114	0.41917	0.00498	0.05670	0.00495	0.00270	0.00433
5	0.09577	0.00871	0.01052	0.03332	0.01155	0.02211	0.05354	0.22029	0.03314	0.14701	0.15392	0.01874	0.04204	0.10085	0.00694	0.00176	0.02458	0.00527	0.00410	0.00584
6	0.13545	0.04698	0.01452	0.01424	0.20230	0.06649	0.12862	0.06398	0.06341	0.07054	0.01162	0.01370	0.03498	0.00584	0.02907	0.00155	0.00526	0.02587	0.04432	0.02127

[dist]
# distance from previous block
# <min> <max>
4	9

[block]
# block no. 3 follows, 57 sequences, length 90
# corresponding to MSA columns:
# 1508-1548,1552-1556,1558-1601
name=unknown_D
#
# <colnr> <probs for GDERKNQSTAVLIFYWHMCP>
#	G	D	E	R	K	N	Q	S	T	A	V	L	I	F	Y	W	H	M	C	P
0	0.01061	0.37680	0.35618	0.01068	0.04339	0.01359	0.01160	0.02682	0.05214	0.01339	0.04030	0.01002	0.00778	0.00443	0.00377	0.00123	0.00547	0.00327	0.00225	0.00628
1	0.00657	0.00567	0.03289	0.00621	0.00778	0.00484	0.00518	0.03602	0.01114	0.01421	0.16529	0.04157	0.42980	0.01092	0.00552	0.00164	0.00298	0.20330	0.00426	0.00422
2	0.00756	0.00566	0.00629	0.00603	0.00753	0.01853	0.00454	0.05373	0.05053	0.05541	0.20594	0.16353	0.36376	0.01042	0.00529	0.00154	0.00274	0.02197	0.00446	0.00451
3	0.87276	0.00876	0.00666	0.00596	0.00876	0.01017	0.00491	0.01332	0.00771	0.02033	0.00631	0.00736	0.00491	0.00421	0.00280	0.00140	0.00351	0.00245	0.00280	0.00491
4	0.01109	0.01035	0.00992	0.00787	0.01117	0.14735	0.00613	0.06077	0.03929	0.03040	0.01018	0.08647	0.00912	0.00486	0.00385	0.00095	0.00424	0.00388	0.00300	0.53910
5	0.00695	0.00477	0.00630	0.00606	0.00717	0.00442	0.00464	0.00901	0.01243	0.04587	0.67415	0.07045	0.03952	0.00965	0.00542	0.00150	0.00241	0.08002	0.00490	0.00436
6	0.00924	0.05240	0.77243	0.01304	0.03576	0.01079	0.01636	0.01431	0.00957	0.01423	0.00807	0.00952	0.00577	0.00428	0.00426	0.00142	0.00660	0.00333	0.00192	0.00668
7	0.01749	0.01117	0.01282	0.00989	0.01341	0.01186	0.02331	0.54496	0.04716	0.22741	0.01312	0.02525	0.00915	0.00561	0.00458	0.00139	0.00466	0.00440	0.00476	0.00759
8	0.01211	0.84348	0.02374	0.00775	0.01163	0.01793	0.00775	0.01357	0.00921	0.01066	0.00630	0.00727	0.00582	0.00388	0.00291	0.00097	0.00485	0.00242	0.00194	0.00582
9	0.00997	0.00817	0.00964	0.02393	0.01129	0.00637	0.00565	0.03408	0.00985	0.04227	0.00847	0.00970	0.00688	0.00352	0.00345	0.00073	0.00347	0.00282	0.00282	0.79692
10	0.00909	0.02344	0.81727	0.01292	0.01961	0.01052	0.01674	0.01435	0.00957	0.01435	0.00813	0.00957	0.00574	0.00431	0.00431	0.00144	0.00670	0.00335	0.00191	0.00670
11	0.00647	0.00485	0.00728	0.00728	0.00809	0.00566	0.00566	0.00809	0.00728	0.01052	0.01214	0.01780	0.01133	0.03398	0.82279	0.00728	0.01214	0.00485	0.00243	0.00405
12	0.00999	0.01065	0.02221	0.03246	0.04969	0.01007	0.60825	0.01335	0.01044	0.01441	0.01187	0.05615	0.03553	0.00490	0.00517	0.00151	0.00659	0.02020	0.07082	0.00575
13	0.00552	0.00394	0.00526	0.00631	0.00657	0.00368	0.00421	0.00631	0.00868	0.01157	0.02498	0.83779	0.02997	0.01420	0.00578	0.00184	0.00263	0.01288	0.00421	0.00368
14	0.00536	0.00459	0.00459	0.00459	0.00612	0.00383	0.00344	0.00650	0.01033	0.01224	0.04590	0.04361	0.81065	0.01148	0.00536	0.00153	0.00230	0.00956	0.00421	0.00383
15	0.00641	0.00463	0.00606	0.00570	0.00677	0.00428	0.00428	0.00855	0.01283	0.01817	0.81009	0.03385	0.04276	0.00926	0.00534	0.00143	0.00214	0.00819	0.00499	0.00428
16	0.00957	0.09363	0.72735	0.01240	0.01878	0.01126	0.01575	0.03545	0.00985	0.01442	0.00805	0.00940	0.00580	0.00430	0.00419	0.00139	0.00649	0.00329	0.00199	0.00665
17	0.01993	0.00762	0.01039	0.00799	0.01143	0.00659	0.00659	0.02169	0.01297	0.79246	0.04088	0.01596	0.01213	0.00571	0.00458	0.00140	0.00381	0.00466	0.00559	0.00761
18	0.01693	0.02160	0.01284	0.01167	0.01401	0.82256	0.00876	0.01809	0.01284	0.01109	0.00700	0.00817	0.00584	0.00467	0.00409	0.00117	0.00817	0.00292	0.00233	0.00525
19	0.01728	0.03420	0.01276	0.01111	0.01366	0.68130	0.00847	0.04115	0.01304	0.11361	0.00848	0.00915	0.00657	0.00480	0.00414	0.00120	0.00747	0.00315	0.00281	0.00565
20	0.00614	0.00474	0.00570	0.00615	0.00719	0.00442	0.00465	0.00797	0.04605	0.01312	0.10349	0.29459	0.31028	0.01209	0.00563	0.00172	0.00280	0.15494	0.00429	0.00404
21	0.01964	0.00773	0.01037	0.00801	0.01144	0.00678	0.00660	0.03668	0.02457	0.76196	0.01868	0.01629	0.03780	0.00581	0.00458	0.00141	0.00382	0.00472	0.00553	0.00757
22	0.00955	0.00557	0.00776	0.00669	0.00841	0.00505	0.03332	0.01167	0.01278	0.18900	0.61139	0.02912	0.03470	0.00828	0.00518	0.00142	0.00270	0.00731	0.00502	0.00508
23	0.02547	0.42748	0.35873	0.01059	0.03904	0.01418	0.01172	0.01400	0.00939	0.02621	0.00733	0.00855	0.00590	0.00417	0.00380	0.00121	0.02105	0.00293	0.00201	0.00623
24	0.00545	0.00459	0.00472	0.00469	0.00618	0.00386	0.00351	0.00668	0.01054	0.01275	0.11102	0.04278	0.74522	0.01129	0.00535	0.00152	0.00228	0.00945	0.00427	0.00386
25	0.01220	0.82943	0.02356	0.00782	0.01167	0.03168	0.00777	0.01365	0.00927	0.01067	0.00631	0.00728	0.00582	0.00389	0.00293	0.00097	0.00490	0.00243	0.00195	0.00581
26	0.14007	0.15745	0.01358	0.00985	0.01262	0.44324	0.00785	0.05885	0.07901	0.02659	0.00813	0.00890	0.00656	0.00465	0.00378	0.00121	0.00630	0.00304	0.00270	0.00563
27	0.00909	0.02344	0.81727	0.01292	0.01961	0.01052	0.01674	0.01435	0.00957	0.01435	0.00813	0.00957	0.00574	0.00431	0.00431	0.00144	0.00670	0.00335	0.00191	0.00670
28	0.00540	0.00459	0.00466	0.00464	0.00615	0.00385	0.00348	0.00660	0.01044	0.01252	0.08122	0.04316	0.77516	0.01137	0.00535	0.00153	0.00229	0.00950	0.00424	0.00385
29	0.04584	0.00828	0.00984	0.00795	0.01081	0.00818	0.00642	0.21323	0.05004	0.34922	0.11910	0.04645	0.09076	0.00685	0.00471	0.00143	0.00371	0.00560	0.00493	0.00665
30	0.00873	0.00711	0.00760	0.00705	0.00887	0.03062	0.00538	0.01456	0.31018	0.04367	0.24700	0.06405	0.20986	0.00857	0.00503	0.00150	0.00298	0.00729	0.00457	0.00538
31	0.00551	0.00460	0.00480	0.00475	0.00622	0.00389	0.00356	0.00680	0.01069	0.01310	0.15716	0.04219	0.69886	0.01115	0.00535	0.00151	0.00227	0.00936	0.00432	0.00389
32	0.01023	0.01045	0.01383	0.01189	0.01199	0.05084	0.00986	0.01123	0.00721	0.01091	0.00600	0.00983	0.00594	0.00778	0.01438	0.00195	0.79479	0.00392	0.00200	0.00497
33	0.00961	0.00913	0.01549	0.51278	0.34008	0.01034	0.01311	0.01250	0.00956	0.01285	0.00824	0.01174	0.00649	0.00434	0.00451	0.00145	0.00578	0.00403	0.00210	0.00588
34	0.00664	0.00438	0.00503	0.00503	0.00505	0.00440	0.00286	0.00660	0.00658	0.00879	0.01397	0.02875	0.01601	0.78968	0.04047	0.03931	0.00455	0.00644	0.00271	0.00274
35	0.00960	0.00702	0.00818	0.00737	0.00927	0.00740	0.00569	0.01617	0.34368	0.08499	0.41312	0.02523	0.02804	0.00766	0.00497	0.00147	0.00289	0.00661	0.00488	0.00577
36	0.00936	0.00882	0.01464	0.58774	0.22685	0.01030	0.01265	0.01278	0.04843	0.01275	0.00868	0.01210	0.00671	0.00449	0.00452	0.00147	0.00575	0.00408	0.00220	0.00568
37	0.01184	0.64819	0.14947	0.00903	0.01337	0.01637	0.03212	0.05221	0.00990	0.01224	0.00690	0.00796	0.00593	0.00402	0.00328	0.00108	0.00523	0.00274	0.00207	0.00606
38	0.01111	0.01066	0.01820	0.06018	0.78096	0.01074	0.01385	0.01381	0.01027	0.01467	0.00850	0.01125	0.00713	0.00406	0.00449	0.00135	0.00541	0.00404	0.00223	0.00709
39	0.00647	0.00485	0.00728	0.00728	0.00809	0.00566	0.00566	0.00809	0.00728	0.01052	0.01214	0.01780	0.01133	0.03398	0.82279	0.00728	0.01214	0.00485	0.00243	0.00405
40	0.01318	0.01154	0.01883	0.01390	0.01766	0.01176	0.37929	0.34286	0.01491	0.02039	0.01028	0.01207	0.00762	0.00499	0.00522	0.02847	0.00598	0.00468	0.06986	0.00651
41	0.01122	0.01077	0.01839	0.02781	0.81248	0.01077	0.01391	0.01391	0.01032	0.01480	0.00852	0.01122	0.00718	0.00404	0.00449	0.00135	0.00538	0.00404	0.00224	0.00718
42	0.00856	0.00805	0.01359	0.82986	0.03121	0.01007	0.01258	0.01158	0.00906	0.01158	0.00805	0.01208	0.00604	0.00453	0.00453	0.00151	0.00604	0.00403	0.00201	0.00503
43	0.00659	0.00439	0.00494	0.00494	0.00494	0.00439	0.00275	0.00659	0.00659	0.00879	0.01428	0.02965	0.01647	0.84075	0.02306	0.00439	0.00439	0.00659	0.00275	0.00275
44	0.00937	0.00805	0.00953	0.03240	0.01138	0.00617	0.00559	0.01142	0.00939	0.01467	0.00805	0.00948	0.00669	0.00339	0.00339	0.00070	0.00344	0.00273	0.00266	0.84150
45	0.00909	0.02344	0.81727	0.01292	0.01961	0.01052	0.01674	0.01435	0.00957	0.01435	0.00813	0.00957	0.00574	0.00431	0.00431	0.00144	0.00670	0.00335	0.00191	0.00670
46	0.00552	0.00394	0.00526	0.00631	0.00657	0.00368	0.00421	0.00631	0.00868	0.01157	0.02498	0.83779	0.02997	0.01420	0.00578	0.00184	0.00263	0.01288	0.00421	0.00368
47	0.01013	0.30687	0.54300	0.01113	0.01685	0.01308	0.01364	0.01408	0.00944	0.01308	0.00750	0.00877	0.00577	0.00416	0.00382	0.00127	0.00606	0.00303	0.00192	0.00639
48	0.01723	0.01269	0.01360	0.01043	0.01405	0.01405	0.00861	0.79738	0.02131	0.02856	0.01088	0.01088	0.00771	0.00544	0.00453	0.00136	0.00499	0.00408	0.00453	0.00771
49	0.00552	0.00394	0.00526	0.00631	0.00657	0.00368	0.00421	0.00631	0.00868	0.01157	0.02498	0.83779	0.02997	0.01420	0.00578	0.00184	0.00263	0.01288	0.00421	0.00368
50	0.00605	0.00462	0.00555	0.00532	0.00655	0.00412	0.00399	0.00785	0.01197	0.01613	0.54695	0.03721	0.30718	0.01003	0.00535	0.00146	0.00219	0.00867	0.00472	0.00412
51	0.00683	0.00488	0.00631	0.00601	0.00715	0.00461	0.00461	0.00880	0.01216	0.03953	0.61549	0.05032	0.12114	0.00968	0.00565	0.00150	0.02480	0.06141	0.00477	0.00433
52	0.49284	0.09397	0.05687	0.00747	0.01064	0.01129	0.00659	0.10601	0.10145	0.03483	0.03465	0.01000	0.00775	0.00474	0.00343	0.00137	0.00397	0.00323	0.00320	0.00572
53	0.00992	0.01209	0.21315	0.00880	0.01318	0.00782	0.01812	0.03595	0.00981	0.04341	0.00873	0.02061	0.00699	0.00413	0.00429	0.00101	0.04500	0.00321	0.01455	0.51922
54	0.00587	0.00438	0.00594	0.00669	0.00730	0.00408	0.02201	0.00695	0.00915	0.01199	0.02681	0.62082	0.11550	0.01343	0.00579	0.00183	0.00292	0.12058	0.00416	0.00382
55	0.00950	0.13394	0.71035	0.01222	0.01854	0.01152	0.01553	0.01424	0.00952	0.01385	0.00788	0.00926	0.00575	0.00425	0.00412	0.00137	0.00645	0.00322	0.00192	0.00658
56	0.00647	0.00485	0.00728	0.00728	0.00809	0.00566	0.00566	0.00809	0.00728	0.01052	0.01214	0.01780	0.01133	0.03398	0.82279	0.00728	0.01214	0.00485	0.00243	0.00405
57	0.00599	0.00442	0.00562	0.00585	0.00672	0.00405	0.00426	0.00752	0.01094	0.01483	0.39289	0.30402	0.15755	0.01140	0.00553	0.00161	0.00242	0.04578	0.00457	0.00400
58	0.03179	0.00718	0.01136	0.24316	0.09281	0.00777	0.06419	0.03349	0.01000	0.01364	0.01554	0.10635	0.01560	0.00893	0.02850	0.00186	0.00507	0.26396	0.03389	0.00491
59	0.01394	0.00958	0.01065	0.00908	0.01197	0.01051	0.00721	0.10368	0.54371	0.20069	0.01753	0.01595	0.01260	0.00595	0.00459	0.00149	0.00379	0.00489	0.00483	0.00735
60	0.00639	0.00463	0.00603	0.00568	0.00676	0.00427	0.00426	0.00851	0.01278	0.01806	0.79523	0.03404	0.05770	0.00931	0.00534	0.00143	0.00214	0.00822	0.00497	0.00427
61	0.01022	0.00970	0.01646	0.31617	0.51963	0.01042	0.01328	0.01302	0.00985	0.01367	0.00844	0.01161	0.00683	0.00423	0.00448	0.00140	0.00557	0.00404	0.01461	0.00636
62	0.00954	0.02280	0.78472	0.01272	0.01929	0.01037	0.01634	0.01466	0.00970	0.04668	0.00853	0.00980	0.00596	0.00436	0.00432	0.00143	0.00658	0.00340	0.00206	0.00674
63	0.00558	0.00402	0.00529	0.00620	0.00657	0.00373	0.00418	0.00648	0.00904	0.01207	0.08296	0.74997	0.05964	0.01374	0.00574	0.00180	0.00258	0.01242	0.00426	0.00373
64	0.83836	0.00872	0.00682	0.00604	0.00888	0.01002	0.00498	0.01367	0.00792	0.05242	0.00678	0.00769	0.00516	0.00426	0.00287	0.00140	0.00352	0.00254	0.00292	0.00502
65	0.01693	0.02160	0.01284	0.01167	0.01401	0.82256	0.00876	0.01809	0.01284	0.01109	0.00700	0.00817	0.00584	0.00467	0.00409	0.00117	0.00817	0.00292	0.00233	0.00525
66	0.01209	0.81573	0.02330	0.00780	0.01164	0.01771	0.00773	0.01392	0.03567	0.01094	0.00670	0.00759	0.00608	0.00395	0.00296	0.00099	0.00480	0.00251	0.00203	0.00586
67	0.00552	0.00394	0.00526	0.00631	0.00657	0.00368	0.00421	0.00631	0.00868	0.01157	0.02498	0.83779	0.02997	0.01420	0.00578	0.00184	0.00263	0.01288	0.00421	0.00368
68	0.04239	0.63096	0.08226	0.00824	0.01218	0.02862	0.00824	0.01487	0.04166	0.08284	0.00797	0.00857	0.00658	0.00418	0.00324	0.00108	0.00486	0.00280	0.00241	0.00607
69	0.01043	0.01141	0.02175	0.25296	0.07178	0.05211	0.48427	0.01381	0.01031	0.01351	0.00870	0.01192	0.00660	0.00408	0.00500	0.00149	0.00707	0.00477	0.00221	0.00582
70	0.01754	0.00751	0.00987	0.00780	0.01090	0.00677	0.00636	0.04583	0.05575	0.62209	0.11894	0.01851	0.03846	0.00627	0.00468	0.00141	0.00362	0.00518	0.00540	0.00713
71	0.01122	0.01077	0.01839	0.02781	0.81248	0.01077	0.01391	0.01391	0.01032	0.01480	0.00852	0.01122	0.00718	0.00404	0.00449	0.00135	0.00538	0.00404	0.00224	0.00718
72	0.04723	0.02040	0.01255	0.01134	0.01374	0.73648	0.00856	0.04442	0.04208	0.01230	0.00753	0.00856	0.00616	0.00473	0.00407	0.00120	0.00773	0.00302	0.00251	0.00539
73	0.01695	0.02095	0.01290	0.01158	0.01401	0.76398	0.00874	0.07456	0.01345	0.01236	0.00728	0.00837	0.00597	0.00473	0.00412	0.00118	0.00794	0.00300	0.00249	0.00543
74	0.00909	0.02344	0.81727	0.01292	0.01961	0.01052	0.01674	0.01435	0.00957	0.01435	0.00813	0.00957	0.00574	0.00431	0.00431	0.00144	0.00670	0.00335	0.00191	0.00670
75	0.01021	0.00849	0.02630	0.07937	0.17087	0.02210	0.00805	0.06667	0.15540	0.07677	0.10253	0.02324	0.20343	0.00714	0.00484	0.00146	0.00395	0.01946	0.00384	0.00589
76	0.00552	0.00394	0.00526	0.00631	0.00657	0.00368	0.00421	0.00631	0.00868	0.01157	0.02498	0.83779	0.02997	0.01420	0.00578	0.00184	0.00263	0.01288	0.00421	0.00368
77	0.01062	0.01200	0.02569	0.01842	0.02282	0.01137	0.74077	0.01428	0.01051	0.01439	0.00901	0.01204	0.00684	0.00396	0.00563	0.00152	0.03786	0.00521	0.00229	0.03477
78	0.01238	0.01195	0.06276	0.01578	0.02005	0.01086	0.52123	0.08840	0.05244	0.11759	0.01125	0.01366	0.00832	0.00458	0.00511	0.00151	0.00656	0.02601	0.00307	0.00649
79	0.00640	0.00464	0.00503	0.00499	0.00553	0.00447	0.00311	0.00719	0.03611	0.01016	0.02366	0.03327	0.24832	0.56881	0.01723	0.00346	0.00375	0.00741	0.00324	0.00322
80	0.00551	0.00397	0.00523	0.00625	0.00656	0.00369	0.00418	0.00632	0.00873	0.01159	0.02572	0.80967	0.05761	0.01410	0.00577	0.00183	0.00262	0.01276	0.00421	0.00369
81	0.01155	0.00967	0.01025	0.00919	0.01178	0.01113	0.00716	0.02402	0.77960	0.04382	0.01843	0.01686	0.01375	0.00613	0.00461	0.00153	0.00359	0.00511	0.00464	0.00719
82	0.01066	0.01210	0.02625	0.01875	0.02331	0.01131	0.77359	0.01443	0.01066	0.01452	0.00914	0.01214	0.00687	0.00381	0.00529	0.00150	0.00752	0.00527	0.00230	0.03059
83	0.02033	0.00771	0.01052	0.00806	0.01157	0.00666	0.00666	0.02208	0.01297	0.81562	0.01788	0.01542	0.01122	0.00561	0.00456	0.00140	0.00386	0.00456	0.00561	0.00771
84	0.01110	0.00959	0.01009	0.00909	0.01162	0.01106	0.00707	0.02358	0.78176	0.01876	0.01922	0.01766	0.03645	0.00630	0.00463	0.00154	0.00355	0.00525	0.00460	0.00708
85	0.00536	0.00459	0.00459	0.00459	0.00612	0.00383	0.00344	0.00650	0.01033	0.01224	0.04590	0.04361	0.81065	0.01148	0.00536	0.00153	0.00230	0.00956	0.00421	0.00383
86	0.00730	0.00522	0.00730	0.00835	0.00939	0.00522	0.00730	0.00939	0.01043	0.01356	0.02399	0.05111	0.02608	0.01252	0.00626	0.00209	0.00417	0.78199	0.00417	0.00417
87	0.00605	0.00462	0.00555	0.00532	0.00655	0.00412	0.00399	0.00785	0.01197	0.01613	0.54695	0.03721	0.30718	0.01003	0.00535	0.00146	0.00219	0.00867	0.00472	0.00412
88	0.00641	0.00463	0.00606	0.00570	0.00677	0.00428	0.00428	0.00855	0.01283	0.01817	0.81009	0.03385	0.04276	0.00926	0.00534	0.00143	0.00214	0.00819	0.00499	0.00428
89	0.01701	0.01258	0.01348	0.01038	0.01397	0.01395	0.00856	0.76891	0.05013	0.02820	0.01116	0.01110	0.00793	0.00547	0.00454	0.00137	0.00493	0.00412	0.00454	0.00769

[dist]
# distance from previous block
# <min> <max>
0	7

[block]
# block no. 4 follows, 57 sequences, length 48
# corresponding to MSA columns:
# 1609-1656
name=unknown_E
#
# <colnr> <probs for GDERKNQSTAVLIFYWHMCP>
#	G	D	E	R	K	N	Q	S	T	A	V	L	I	F	Y	W	H	M	C	P
0	0.87276	0.00876	0.00666	0.00596	0.00876	0.01017	0.00491	0.01332	0.00771	0.02033	0.00631	0.00736	0.00491	0.00421	0.00280	0.00140	0.00351	0.00245	0.00280	0.00491
1	0.01042	0.01229	0.11806	0.01572	0.11111	0.02181	0.34769	0.04120	0.14185	0.01591	0.07889	0.01531	0.03789	0.00507	0.00495	0.00148	0.00587	0.00521	0.00299	0.00629
2	0.00677	0.00579	0.03434	0.05211	0.04339	0.00533	0.00594	0.00841	0.02758	0.01246	0.06239	0.47604	0.02386	0.06183	0.02309	0.00198	0.02194	0.06998	0.00372	0.05306
3	0.00556	0.00397	0.00530	0.00635	0.00663	0.00371	0.00427	0.00637	0.00871	0.01161	0.02495	0.82106	0.02989	0.01416	0.00579	0.00185	0.00266	0.02924	0.00421	0.00369
4	0.01265	0.01199	0.05994	0.00982	0.01275	0.08792	0.00811	0.13932	0.53011	0.03418	0.01571	0.01549	0.01189	0.00593	0.00457	0.00148	0.00444	0.02249	0.00423	0.00698
5	0.01039	0.23274	0.37584	0.01185	0.06690	0.01177	0.05779	0.01385	0.00963	0.03032	0.00793	0.00933	0.00618	0.00403	0.00388	0.00120	0.00563	0.00319	0.00216	0.13540
6	0.01138	0.09295	0.16235	0.01354	0.15322	0.05308	0.08368	0.04227	0.02713	0.09418	0.05196	0.03256	0.02316	0.06863	0.00665	0.00164	0.06813	0.00458	0.00287	0.00604
7	0.00925	0.06741	0.77472	0.01264	0.01918	0.01092	0.01626	0.01431	0.00955	0.01415	0.00803	0.00944	0.00574	0.00428	0.00423	0.00141	0.00660	0.00330	0.00191	0.00665
8	0.00854	0.00734	0.01183	0.03796	0.38778	0.00729	0.00915	0.01017	0.00937	0.01295	0.01555	0.32793	0.01688	0.00916	0.00597	0.06047	0.00419	0.04911	0.00307	0.00528
9	0.03130	0.07382	0.24577	0.02702	0.05783	0.02995	0.13265	0.04227	0.02910	0.20706	0.01130	0.03047	0.00842	0.02969	0.00522	0.00151	0.02268	0.00429	0.00314	0.00653
10	0.03032	0.08501	0.20512	0.08303	0.04756	0.01062	0.24053	0.03407	0.01085	0.19322	0.01049	0.01171	0.00741	0.00445	0.00455	0.00142	0.00597	0.00420	0.00295	0.00654
11	0.00547	0.00460	0.00475	0.00471	0.00619	0.00388	0.00354	0.00673	0.01061	0.01290	0.13106	0.04252	0.72508	0.01123	0.00535	0.00152	0.00228	0.00941	0.00429	0.00388
12	0.01032	0.21100	0.01223	0.06861	0.01119	0.13680	0.02911	0.01227	0.02643	0.01284	0.02993	0.05827	0.01092	0.04113	0.07945	0.00188	0.00528	0.01718	0.22032	0.00484
13	0.00925	0.06741	0.77472	0.01264	0.01918	0.01092	0.01626	0.01431	0.00955	0.01415	0.00803	0.00944	0.00574	0.00428	0.00423	0.00141	0.00660	0.00330	0.00191	0.00665
14	0.13119	0.00785	0.01001	0.00779	0.01120	0.00712	0.00643	0.02094	0.01229	0.71220	0.01637	0.01437	0.01040	0.00543	0.00433	0.00140	0.00381	0.00428	0.00524	0.00735
15	0.00845	0.00422	0.00422	0.00422	0.00528	0.00422	0.00317	0.01056	0.00950	0.01689	0.01478	0.01689	0.01161	0.00528	0.00317	0.00106	0.00211	0.00422	0.86591	0.00422
16	0.01225	0.60232	0.13451	0.00901	0.01306	0.11549	0.00913	0.01454	0.03258	0.01148	0.00700	0.00798	0.00604	0.00410	0.00330	0.00108	0.00548	0.00269	0.00206	0.00591
17	0.00730	0.00522	0.00730	0.00835	0.00939	0.00522	0.00730	0.00939	0.01043	0.01356	0.02399	0.05111	0.02608	0.01252	0.00626	0.00209	0.00417	0.78199	0.00417	0.00417
18	0.06193	0.00761	0.01004	0.00779	0.01115	0.00672	0.00642	0.02114	0.01256	0.74070	0.01717	0.01509	0.01092	0.00552	0.00441	0.00139	0.00376	0.00444	0.04384	0.00742
19	0.04086	0.00563	0.00621	0.00581	0.00752	0.00526	0.00452	0.06728	0.02317	0.05846	0.19265	0.04973	0.45048	0.01001	0.00520	0.00152	0.00273	0.05402	0.00441	0.00452
20	0.02367	0.15255	0.61323	0.01183	0.01768	0.06447	0.01445	0.01458	0.00975	0.02715	0.00790	0.00918	0.00584	0.00428	0.00405	0.00134	0.00640	0.00318	0.00202	0.00645
21	0.00555	0.00400	0.00527	0.00627	0.00661	0.00372	0.00424	0.00638	0.00879	0.01164	0.02589	0.78629	0.06460	0.01404	0.00577	0.00183	0.00265	0.02856	0.00421	0.00370
22	0.03618	0.02101	0.01273	0.01150	0.01389	0.77760	0.00866	0.04372	0.01301	0.01187	0.00712	0.00824	0.00588	0.00468	0.00407	0.00118	0.00796	0.00295	0.00242	0.00533
23	0.01572	0.16527	0.01490	0.02817	0.03748	0.56349	0.00875	0.03945	0.01216	0.04520	0.00749	0.00860	0.00616	0.00464	0.00418	0.00118	0.02613	0.00301	0.00245	0.00557
24	0.00706	0.00470	0.00543	0.00549	0.00613	0.00480	0.00376	0.00858	0.04767	0.01190	0.01817	0.07731	0.08473	0.36584	0.11031	0.00338	0.00450	0.04104	0.18556	0.00365
25	0.01122	0.01077	0.01839	0.02781	0.81248	0.01077	0.01391	0.01391	0.01032	0.01480	0.00852	0.01122	0.00718	0.00404	0.00449	0.00135	0.00538	0.00404	0.00224	0.00718
26	0.04889	0.00816	0.01071	0.00920	0.01130	0.00848	0.09935	0.24313	0.06134	0.03223	0.01802	0.37641	0.03499	0.00923	0.00513	0.00161	0.00403	0.00823	0.00406	0.00550
27	0.01062	0.01050	0.01809	0.21101	0.50550	0.02610	0.10759	0.01346	0.01005	0.01387	0.00841	0.01145	0.00683	0.00422	0.00481	0.00142	0.02323	0.00417	0.00219	0.00647
28	0.00543	0.00459	0.00470	0.00467	0.00617	0.00386	0.00350	0.00666	0.01051	0.01268	0.10265	0.04288	0.75362	0.01131	0.00535	0.00152	0.00228	0.00946	0.00427	0.00386
29	0.00647	0.00467	0.00644	0.00649	0.00701	0.00517	0.00466	0.00753	0.00712	0.01001	0.01340	0.05818	0.01381	0.29234	0.52939	0.00611	0.00922	0.00577	0.00261	0.00361
30	0.00959	0.15851	0.68657	0.01207	0.01830	0.01174	0.01526	0.01422	0.00951	0.01374	0.00783	0.00919	0.00575	0.00423	0.00407	0.00136	0.00639	0.00320	0.00192	0.00655
31	0.00647	0.00485	0.00728	0.00728	0.00809	0.00566	0.00566	0.00809	0.00728	0.01052	0.01214	0.01780	0.01133	0.03398	0.82279	0.00728	0.01214	0.00485	0.00243	0.00405
32	0.00641	0.00463	0.00606	0.00570	0.00677	0.00428	0.00428	0.00855	0.01283	0.01817	0.81009	0.03385	0.04276	0.00926	0.00534	0.00143	0.00214	0.00819	0.00499	0.00428
33	0.00902	0.02295	0.79640	0.01273	0.01928	0.01036	0.01642	0.01420	0.00965	0.01445	0.02877	0.01019	0.00669	0.00443	0.00433	0.00143	0.00658	0.00347	0.00199	0.00663
34	0.01723	0.01269	0.01360	0.01043	0.01405	0.01405	0.00861	0.79738	0.02131	0.02856	0.01088	0.01088	0.00771	0.00544	0.00453	0.00136	0.00499	0.00408	0.00453	0.00771
35	0.00866	0.00816	0.01378	0.79819	0.06206	0.01010	0.01264	0.01167	0.00911	0.01170	0.00807	0.01205	0.00609	0.00451	0.00453	0.00150	0.00601	0.00403	0.00202	0.00512
36	0.00730	0.00522	0.00730	0.00835	0.00939	0.00522	0.00730	0.00939	0.01043	0.01356	0.02399	0.05111	0.02608	0.01252	0.00626	0.00209	0.00417	0.78199	0.00417	0.00417
37	0.01609	0.00919	0.01078	0.00885	0.01197	0.00954	0.00712	0.11916	0.35050	0.37917	0.01725	0.01549	0.01189	0.00582	0.00458	0.00145	0.00388	0.00474	0.00505	0.00748
38	0.00652	0.00440	0.00513	0.00519	0.00526	0.00445	0.00304	0.00669	0.00675	0.00906	0.01469	0.07211	0.01682	0.73652	0.08152	0.00447	0.00487	0.00680	0.00280	0.00289
39	0.00541	0.00461	0.00466	0.00469	0.00621	0.00386	0.00355	0.00658	0.01033	0.01228	0.04532	0.04381	0.78960	0.01150	0.00538	0.00155	0.00235	0.03028	0.00421	0.00383
40	0.02033	0.00771	0.01052	0.00806	0.01157	0.00666	0.00666	0.02208	0.01297	0.81562	0.01788	0.01542	0.01122	0.00561	0.00456	0.00140	0.00386	0.00456	0.00561	0.00771
41	0.00940	0.00805	0.00940	0.00671	0.01074	0.00604	0.00537	0.01141	0.00940	0.01477	0.00805	0.00940	0.00671	0.00336	0.00336	0.00067	0.00336	0.00268	0.00268	0.86845
42	0.01693	0.02160	0.01284	0.01167	0.01401	0.82256	0.00876	0.01809	0.01284	0.01109	0.00700	0.00817	0.00584	0.00467	0.00409	0.00117	0.00817	0.00292	0.00233	0.00525
43	0.00552	0.00410	0.00517	0.00600	0.00654	0.00374	0.00412	0.00641	0.00905	0.01175	0.02922	0.65925	0.18899	0.01361	0.00571	0.00178	0.00259	0.02852	0.00421	0.00372
44	0.01636	0.01226	0.01311	0.01025	0.01372	0.01365	0.00840	0.68467	0.13542	0.02716	0.01198	0.01176	0.00860	0.00554	0.00454	0.00139	0.00478	0.00423	0.00454	0.00763
45	0.03075	0.00610	0.00778	0.00700	0.00910	0.00561	0.00568	0.01376	0.03883	0.30256	0.15350	0.04267	0.17638	0.00942	0.02425	0.00171	0.00349	0.15114	0.00477	0.00550
46	0.00536	0.00459	0.00459	0.00459	0.00612	0.00383	0.00344	0.00650	0.01033	0.01224	0.04590	0.04361	0.81065	0.01148	0.00536	0.00153	0.00230	0.00956	0.00421	0.00383
47	0.00618	0.00457	0.00577	0.00559	0.00665	0.00416	0.00414	0.00805	0.01209	0.01671	0.62728	0.10437	0.15759	0.01002	0.00538	0.00148	0.00220	0.00880	0.00480	0.00416

[dist]
# distance from previous block
# <min> <max>
1	21

[block]
# block no. 5 follows, 57 sequences, length 40
# corresponding to MSA columns:
# 1678-1691,1705-1730
name=unknown_F
#
# <colnr> <probs for GDERKNQSTAVLIFYWHMCP>
#	G	D	E	R	K	N	Q	S	T	A	V	L	I	F	Y	W	H	M	C	P
0	0.02033	0.00771	0.01052	0.00806	0.01157	0.00666	0.00666	0.02208	0.01297	0.81562	0.01788	0.01542	0.01122	0.00561	0.00456	0.00140	0.00386	0.00456	0.00561	0.00771
1	0.01684	0.01252	0.01357	0.01077	0.03215	0.01386	0.00867	0.74693	0.05406	0.02784	0.01114	0.01114	0.00795	0.00544	0.00454	0.00137	0.00494	0.00412	0.00448	0.00767
2	0.01032	0.00889	0.00937	0.00852	0.01089	0.01008	0.00661	0.02120	0.67253	0.01780	0.02217	0.02070	0.12628	0.00759	0.02490	0.00168	0.00361	0.00574	0.00450	0.00662
3	0.02033	0.00771	0.01052	0.00806	0.01157	0.00666	0.00666	0.02208	0.01297	0.81562	0.01788	0.01542	0.01122	0.00561	0.00456	0.00140	0.00386	0.00456	0.00561	0.00771
4	0.02033	0.00771	0.01052	0.00806	0.01157	0.00666	0.00666	0.02208	0.01297	0.81562	0.01788	0.01542	0.01122	0.00561	0.00456	0.00140	0.00386	0.00456	0.00561	0.00771
5	0.01110	0.01065	0.01819	0.06162	0.77955	0.01074	0.01385	0.01381	0.01026	0.01467	0.00850	0.01125	0.00713	0.00406	0.00449	0.00135	0.00541	0.00404	0.00223	0.00709
6	0.00561	0.00440	0.00510	0.00547	0.00650	0.00389	0.00397	0.00678	0.01001	0.01267	0.11432	0.31653	0.42758	0.01224	0.00554	0.00165	0.00248	0.04713	0.00428	0.00384
7	0.00663	0.00476	0.00650	0.00743	0.00824	0.00463	0.00603	0.00828	0.01003	0.01319	0.07453	0.29748	0.05099	0.01281	0.00603	0.00195	0.00350	0.46874	0.00424	0.00401
8	0.87276	0.00876	0.00666	0.00596	0.00876	0.01017	0.00491	0.01332	0.00771	0.02033	0.00631	0.00736	0.00491	0.00421	0.00280	0.00140	0.00351	0.00245	0.00280	0.00491
9	0.00614	0.00455	0.00572	0.00557	0.00664	0.00414	0.00413	0.00797	0.01197	0.01647	0.59794	0.11903	0.17266	0.01015	0.00539	0.00149	0.00222	0.00892	0.00477	0.00414
10	0.02033	0.00771	0.01052	0.00806	0.01157	0.00666	0.00666	0.02208	0.01297	0.81562	0.01788	0.01542	0.01122	0.00561	0.00456	0.00140	0.00386	0.00456	0.00561	0.00771
11	0.87276	0.00876	0.00666	0.00596	0.00876	0.01017	0.00491	0.01332	0.00771	0.02033	0.00631	0.00736	0.00491	0.00421	0.00280	0.00140	0.00351	0.00245	0.00280	0.00491
12	0.87276	0.00876	0.00666	0.00596	0.00876	0.01017	0.00491	0.01332	0.00771	0.02033	0.00631	0.00736	0.00491	0.00421	0.00280	0.00140	0.00351	0.00245	0.00280	0.00491
13	0.00552	0.00394	0.00526	0.00631	0.00657	0.00368	0.00421	0.00631	0.00868	0.01157	0.02498	0.83779	0.02997	0.01420	0.00578	0.00184	0.00263	0.01288	0.00421	0.00368
14	0.04632	0.01007	0.01052	0.00924	0.01195	0.01157	0.00726	0.12039	0.67463	0.02021	0.01701	0.01577	0.01271	0.00598	0.00453	0.00151	0.00376	0.00489	0.00453	0.00715
15	0.01147	0.01140	0.01677	0.17749	0.55923	0.09241	0.01297	0.03843	0.01068	0.01425	0.00836	0.01106	0.00684	0.00424	0.00446	0.00136	0.00578	0.00392	0.00228	0.00659
16	0.00552	0.00396	0.00524	0.00626	0.00656	0.00368	0.00419	0.00631	0.00872	0.01159	0.02555	0.81603	0.05136	0.01412	0.00577	0.00183	0.00262	0.01279	0.00421	0.00368
17	0.01731	0.01256	0.01352	0.01036	0.01399	0.01386	0.00856	0.77688	0.02108	0.04937	0.01106	0.01100	0.00780	0.00544	0.00453	0.00136	0.00496	0.00409	0.00456	0.00771
18	0.01129	0.01099	0.01808	0.05340	0.76407	0.03416	0.01372	0.01395	0.01035	0.01459	0.00846	0.01116	0.00710	0.00407	0.00448	0.00135	0.00549	0.00400	0.00224	0.00705
19	0.00692	0.00509	0.00677	0.00761	0.00875	0.00494	0.00655	0.00883	0.01041	0.01330	0.02826	0.04965	0.17896	0.01231	0.00608	0.00198	0.00381	0.63148	0.00418	0.00410
20	0.00940	0.00805	0.00940	0.00671	0.01074	0.00604	0.00537	0.01141	0.00940	0.01477	0.00805	0.00940	0.00671	0.00336	0.00336	0.00067	0.00336	0.00268	0.00268	0.86845
21	0.01984	0.00850	0.01100	0.00844	0.01196	0.00783	0.00697	0.14461	0.01429	0.69124	0.01677	0.01471	0.01066	0.00558	0.00455	0.00140	0.00403	0.00448	0.00544	0.00771
22	0.00880	0.00456	0.00460	0.00447	0.00563	0.00461	0.00338	0.04189	0.00997	0.01736	0.01463	0.01665	0.01146	0.00529	0.00322	0.00107	0.00223	0.00422	0.83161	0.00436
23	0.01693	0.02160	0.01284	0.01167	0.01401	0.82256	0.00876	0.01809	0.01284	0.01109	0.00700	0.00817	0.00584	0.00467	0.00409	0.00117	0.00817	0.00292	0.00233	0.00525
24	0.00621	0.00464	0.00578	0.00564	0.00672	0.00425	0.00417	0.00821	0.02594	0.01639	0.57268	0.12808	0.17412	0.01016	0.00538	0.00149	0.00225	0.00892	0.00476	0.00418
25	0.00721	0.00660	0.01198	0.01030	0.01199	0.00617	0.24923	0.00902	0.00946	0.01261	0.02092	0.50749	0.05553	0.01078	0.00566	0.00174	0.00425	0.05098	0.00361	0.00446
26	0.00638	0.00471	0.00609	0.00601	0.00708	0.00423	0.00436	0.00802	0.01102	0.01549	0.45351	0.31845	0.03476	0.01046	0.00531	0.00150	0.00243	0.00934	0.00449	0.08636
27	0.00552	0.00394	0.00526	0.00631	0.00657	0.00368	0.00421	0.00631	0.00868	0.01157	0.02498	0.83779	0.02997	0.01420	0.00578	0.00184	0.00263	0.01288	0.00421	0.00368
28	0.87276	0.00876	0.00666	0.00596	0.00876	0.01017	0.00491	0.01332	0.00771	0.02033	0.00631	0.00736	0.00491	0.00421	0.00280	0.00140	0.00351	0.00245	0.00280	0.00491
29	0.01560	0.01275	0.03876	0.01244	0.01628	0.05797	0.20548	0.43218	0.03127	0.11440	0.01110	0.01166	0.00786	0.00499	0.00471	0.00140	0.00572	0.00439	0.00390	0.00713
30	0.01068	0.01244	0.04817	0.01948	0.07404	0.01139	0.72433	0.01447	0.01064	0.01453	0.00910	0.01208	0.00686	0.00385	0.00526	0.00151	0.00747	0.00521	0.00228	0.00620
31	0.01099	0.01054	0.01799	0.09452	0.74751	0.01071	0.01380	0.01371	0.01021	0.01454	0.00848	0.01129	0.00708	0.00408	0.00449	0.00136	0.00544	0.00404	0.00222	0.00700
32	0.01140	0.01034	0.01615	0.05502	0.57937	0.01072	0.01214	0.01632	0.18631	0.04014	0.01099	0.01264	0.00873	0.00457	0.00452	0.00140	0.00496	0.00429	0.00286	0.00711
33	0.01156	0.00970	0.01021	0.00913	0.01164	0.02491	0.00715	0.07537	0.65885	0.03372	0.04528	0.03091	0.01485	0.00649	0.00469	0.00153	0.00372	0.02878	0.00458	0.00694
34	0.00555	0.00396	0.00528	0.00629	0.00658	0.00370	0.00421	0.00638	0.00880	0.01176	0.04800	0.81422	0.03034	0.01405	0.00577	0.00183	0.00261	0.01274	0.00423	0.00370
35	0.07967	0.01175	0.01269	0.00979	0.01334	0.01280	0.00809	0.63829	0.01922	0.13175	0.01147	0.01122	0.00797	0.00537	0.00441	0.00137	0.00473	0.00402	0.00455	0.00750
36	0.87276	0.00876	0.00666	0.00596	0.00876	0.01017	0.00491	0.01332	0.00771	0.02033	0.00631	0.00736	0.00491	0.00421	0.00280	0.00140	0.00351	0.00245	0.00280	0.00491
37	0.00659	0.00439	0.00494	0.00494	0.00494	0.00439	0.00275	0.00659	0.00659	0.00879	0.01428	0.02965	0.01647	0.84075	0.02306	0.00439	0.00439	0.00659	0.00275	0.00275
38	0.01732	0.01254	0.01350	0.01035	0.01397	0.01382	0.00855	0.77308	0.02104	0.05322	0.01110	0.01102	0.00782	0.00544	0.00453	0.00136	0.00495	0.00409	0.00457	0.00771
39	0.01080	0.01193	0.02507	0.02084	0.18107	0.01132	0.63998	0.01439	0.01062	0.01457	0.00904	0.01202	0.00694	0.00386	0.00518	0.00149	0.00719	0.00509	0.00228	0.00632

[dist]
# distance from previous block
# <min> <max>
1	2

[block]
# block no. 6 follows, 57 sequences, length 118
# corresponding to MSA columns:
# 1733-1805,1807-1851
name=unknown_G
#
# <colnr> <probs for GDERKNQSTAVLIFYWHMCP>
#	G	D	E	R	K	N	Q	S	T	A	V	L	I	F	Y	W	H	M	C	P
0	0.01583	0.01039	0.01337	0.01054	0.01382	0.05891	0.11964	0.12008	0.21365	0.33245	0.01495	0.01420	0.01037	0.00547	0.00489	0.00145	0.02376	0.00464	0.00447	0.00713
1	0.01147	0.00743	0.00901	0.00846	0.01060	0.00775	0.00697	0.04048	0.27932	0.17731	0.03604	0.03057	0.04794	0.00866	0.00526	0.00171	0.00383	0.29656	0.00464	0.00599
2	0.00556	0.00397	0.00531	0.00636	0.00664	0.00372	0.00428	0.00638	0.00872	0.01162	0.02495	0.81864	0.02988	0.01416	0.00580	0.00185	0.00267	0.03161	0.00421	0.00369
3	0.00940	0.00805	0.00940	0.00671	0.01074	0.00604	0.00537	0.01141	0.00940	0.01477	0.00805	0.00940	0.00671	0.00336	0.00336	0.00067	0.00336	0.00268	0.00268	0.86845
4	0.01033	0.01060	0.01382	0.01188	0.01202	0.06164	0.00985	0.01133	0.00729	0.01092	0.00601	0.00981	0.00594	0.00774	0.01423	0.00193	0.78378	0.00390	0.00200	0.00497
5	0.01142	0.00970	0.01025	0.00920	0.01178	0.01120	0.00716	0.02405	0.79146	0.03188	0.01843	0.01688	0.01379	0.00614	0.00461	0.00153	0.00359	0.00511	0.00463	0.00718
6	0.87276	0.00876	0.00666	0.00596	0.00876	0.01017	0.00491	0.01332	0.00771	0.02033	0.00631	0.00736	0.00491	0.00421	0.00280	0.00140	0.00351	0.00245	0.00280	0.00491
7	0.00665	0.00460	0.00556	0.00551	0.00566	0.00483	0.00342	0.00695	0.00672	0.00914	0.01371	0.02712	0.01533	0.67976	0.16350	0.00485	0.02478	0.00622	0.00267	0.00303
8	0.00568	0.00458	0.00506	0.00498	0.00633	0.00396	0.00372	0.00713	0.01105	0.01404	0.27984	0.06388	0.55210	0.01088	0.00536	0.00151	0.00226	0.00924	0.00445	0.00396
9	0.00649	0.00480	0.00702	0.00702	0.00774	0.00552	0.00534	0.00793	0.00721	0.01033	0.01237	0.01912	0.01190	0.12343	0.73413	0.00696	0.01128	0.00505	0.00246	0.00390
10	0.00709	0.00567	0.00768	0.00745	0.00806	0.02455	0.00566	0.00834	0.00725	0.01026	0.01176	0.01887	0.01156	0.17373	0.57841	0.00608	0.09619	0.00503	0.00244	0.00394
11	0.01678	0.01175	0.01272	0.00984	0.01328	0.01285	0.00810	0.67983	0.03239	0.08304	0.01174	0.01168	0.00830	0.00545	0.00445	0.00135	0.00470	0.00414	0.06012	0.00747
12	0.01139	0.32810	0.17076	0.01285	0.04632	0.01376	0.23091	0.06786	0.03385	0.01414	0.00823	0.00981	0.00653	0.00411	0.00408	0.00126	0.00594	0.00367	0.00232	0.02410
