[name]
unknown

[dist]
# distance from previous block
# <min> <max>
0	252

[block]
# block no. 0 follows, 48 sequences, length 15
# corresponding to MSA columns:
# 383-397
name=unknown_A
#
# <colnr> <probs for GDERKNQSTAVLIFYWHMCP>
#	G	D	E	R	K	N	Q	S	T	A	V	L	I	F	Y	W	H	M	C	P
0	0.02648	0.06830	0.10997	0.03442	0.14624	0.06103	0.06090	0.07172	0.04420	0.05107	0.09403	0.03656	0.04472	0.00798	0.02075	0.00179	0.00580	0.10371	0.00369	0.00664
1	0.02926	0.12464	0.10848	0.03067	0.24308	0.05626	0.01132	0.03166	0.06030	0.09795	0.04482	0.09297	0.03382	0.00660	0.00498	0.00155	0.00547	0.00560	0.00349	0.00709
2	0.03014	0.11044	0.19982	0.08539	0.06791	0.05440	0.07883	0.08645	0.09049	0.04345	0.01283	0.02972	0.03589	0.00674	0.03057	0.00177	0.00651	0.00477	0.00319	0.02069
3	0.03075	0.04735	0.08042	0.03889	0.05661	0.06153	0.03898	0.11869	0.14660	0.12474	0.03567	0.05329	0.05551	0.00660	0.00503	0.00154	0.00520	0.00546	0.00419	0.08296
4	0.03151	0.05851	0.18240	0.01358	0.12989	0.06257	0.02394	0.06786	0.06868	0.05429	0.02870	0.03258	0.08028	0.03800	0.00571	0.00161	0.00557	0.00511	0.00340	0.10581
5	0.03845	0.12576	0.10320	0.01316	0.10108	0.02558	0.08975	0.02820	0.07830	0.03555	0.08535	0.04696	0.01312	0.00586	0.00510	0.00142	0.02813	0.00499	0.00332	0.16671
6	0.06965	0.05163	0.03090	0.02777	0.13010	0.02884	0.10858	0.15824	0.01433	0.10680	0.10122	0.10024	0.03503	0.00715	0.00528	0.00162	0.00527	0.00632	0.00412	0.00692
7	0.07907	0.03987	0.12688	0.01361	0.08903	0.08718	0.06797	0.15864	0.07757	0.05857	0.03168	0.01359	0.02515	0.00562	0.00513	0.00151	0.02622	0.00450	0.00360	0.08461
8	0.13138	0.28336	0.15086	0.01121	0.03431	0.11626	0.01055	0.04640	0.03097	0.06070	0.00894	0.01016	0.00715	0.00527	0.00512	0.00145	0.07285	0.00348	0.00283	0.00674
9	0.00744	0.00504	0.00590	0.00588	0.00602	0.00510	0.00349	0.00773	0.00789	0.01066	0.05445	0.03261	0.01962	0.70882	0.09473	0.00510	0.00564	0.00738	0.00320	0.00333
10	0.01069	0.01028	0.05184	0.01358	0.12015	0.01002	0.08540	0.01776	0.29531	0.01784	0.07091	0.06502	0.06453	0.04885	0.00670	0.00195	0.00485	0.09338	0.00425	0.00669
11	0.00669	0.00517	0.00610	0.00598	0.00734	0.00458	0.00444	0.00852	0.01299	0.01721	0.42152	0.10150	0.35557	0.01196	0.00609	0.00170	0.00254	0.01033	0.00521	0.00458
12	0.00632	0.00457	0.00598	0.00698	0.00743	0.00423	0.00472	0.00735	0.01028	0.01370	0.08656	0.71470	0.07725	0.01548	0.00648	0.00203	0.00291	0.01398	0.00483	0.00423
13	0.69341	0.07109	0.01001	0.00882	0.07083	0.01196	0.00657	0.01494	0.00932	0.02161	0.03783	0.00984	0.00752	0.00494	0.00345	0.00155	0.00419	0.00317	0.00315	0.00581
14	0.13057	0.10410	0.07549	0.02957	0.04210	0.01195	0.02423	0.14587	0.10487	0.16084	0.08686	0.03560	0.01373	0.00634	0.00479	0.00156	0.00486	0.00504	0.00435	0.00727

[dist]
# distance from previous block
# <min> <max>
4	7

[block]
# block no. 1 follows, 48 sequences, length 22
# corresponding to MSA columns:
# 418,419,421-440
name=unknown_B
#
# <colnr> <probs for GDERKNQSTAVLIFYWHMCP>
#	G	D	E	R	K	N	Q	S	T	A	V	L	I	F	Y	W	H	M	C	P
0	0.04332	0.03155	0.01935	0.16381	0.59320	0.01224	0.01478	0.01550	0.02763	0.01635	0.00964	0.01274	0.00793	0.00472	0.00498	0.00155	0.00609	0.00448	0.00257	0.00757
1	0.01205	0.01195	0.01864	0.11508	0.38869	0.06225	0.11388	0.01577	0.06070	0.01635	0.04969	0.04778	0.01137	0.00554	0.00524	0.00156	0.00617	0.00534	0.00297	0.04899
2	0.05489	0.01123	0.01731	0.09031	0.14172	0.01177	0.17130	0.12829	0.08635	0.04923	0.03272	0.06433	0.03157	0.00638	0.00590	0.00166	0.04627	0.00578	0.00363	0.03936
3	0.01295	0.01422	0.12055	0.04692	0.44192	0.05080	0.08133	0.04861	0.01256	0.05098	0.06053	0.01427	0.01061	0.00517	0.00519	0.00156	0.00636	0.00487	0.00297	0.00761
4	0.00825	0.00568	0.00727	0.00676	0.00821	0.00535	0.00513	0.01103	0.04580	0.06089	0.61784	0.03635	0.09965	0.01171	0.04552	0.00196	0.00317	0.00884	0.00546	0.00513
5	0.01337	0.08643	0.08466	0.03169	0.36240	0.04326	0.11278	0.04926	0.04446	0.05255	0.01041	0.01252	0.00824	0.00487	0.00515	0.00150	0.01935	0.00449	0.00291	0.04970
6	0.01028	0.00990	0.06931	0.54279	0.02811	0.01053	0.01298	0.01349	0.01069	0.05767	0.02900	0.03581	0.01114	0.00673	0.00597	0.00180	0.04702	0.08804	0.00290	0.00584
7	0.00750	0.00578	0.00778	0.00716	0.00846	0.00558	0.02451	0.00978	0.01376	0.01922	0.62930	0.03804	0.11875	0.01062	0.00663	0.00168	0.04357	0.03173	0.00528	0.00488
8	0.00625	0.00447	0.00595	0.00714	0.00744	0.00417	0.00476	0.00714	0.00982	0.01310	0.02828	0.81633	0.03394	0.01608	0.00655	0.00208	0.00298	0.01459	0.00476	0.00417
9	0.01073	0.00941	0.01185	0.00846	0.01306	0.00722	0.05291	0.01314	0.01073	0.01670	0.00920	0.01084	0.00761	0.00383	0.00394	0.00082	0.00410	0.00323	0.00301	0.79922
10	0.09791	0.17267	0.08091	0.04785	0.07150	0.11089	0.02321	0.06986	0.01158	0.03612	0.00951	0.01206	0.00799	0.03015	0.08875	0.00223	0.05360	0.00391	0.00285	0.06644
11	0.00891	0.00446	0.00668	0.00668	0.00668	0.00446	0.00446	0.00668	0.00668	0.00891	0.00891	0.01560	0.00891	0.01783	0.02005	0.85071	0.00446	0.00446	0.00223	0.00223
12	0.00624	0.00453	0.00589	0.00698	0.00740	0.00418	0.00469	0.00716	0.00999	0.01316	0.03033	0.74992	0.09902	0.01581	0.00651	0.00205	0.00294	0.01426	0.00476	0.00418
13	0.06275	0.01032	0.01268	0.00994	0.01375	0.01023	0.02277	0.18787	0.10300	0.46935	0.03174	0.01638	0.01236	0.00633	0.00509	0.00160	0.00464	0.00509	0.00571	0.00839
14	0.01273	0.01419	0.06402	0.01409	0.05232	0.13845	0.02695	0.05263	0.02601	0.01410	0.00829	0.01177	0.00744	0.00941	0.05938	0.00233	0.47285	0.00439	0.00256	0.00609
15	0.01168	0.00927	0.01087	0.00783	0.01234	0.00718	0.00629	0.03829	0.01132	0.06396	0.00990	0.01111	0.00794	0.00403	0.00393	0.00084	0.00389	0.00322	0.00331	0.77283
16	0.01141	0.01606	0.26277	0.01335	0.07725	0.06222	0.02747	0.02944	0.24293	0.01709	0.01564	0.04258	0.04438	0.03023	0.06161	0.00222	0.02745	0.00537	0.00347	0.00706
17	0.00853	0.00702	0.00832	0.00747	0.00928	0.02713	0.04370	0.08707	0.01351	0.01752	0.25157	0.10550	0.33035	0.05141	0.00697	0.00186	0.00349	0.00947	0.00481	0.00503
18	0.00642	0.00521	0.00569	0.00557	0.00715	0.00448	0.00418	0.00805	0.01253	0.01584	0.26756	0.04613	0.56877	0.01226	0.00606	0.00170	0.00255	0.01037	0.00502	0.00448
19	0.01756	0.01532	0.07435	0.01217	0.01638	0.06280	0.04176	0.55747	0.02057	0.02756	0.01147	0.01206	0.00834	0.00585	0.00529	0.00150	0.02535	0.00444	0.01841	0.06134
20	0.07865	0.00998	0.01202	0.02424	0.09728	0.02141	0.00833	0.10471	0.16897	0.20608	0.07560	0.02039	0.08635	0.02243	0.00603	0.00171	0.03796	0.00580	0.00478	0.00728
21	0.06168	0.42640	0.06806	0.01026	0.01434	0.16732	0.00946	0.09210	0.04035	0.05421	0.00908	0.00985	0.00737	0.00498	0.00398	0.00129	0.00616	0.00333	0.00294	0.00684

[dist]
# distance from previous block
# <min> <max>
14	27

[block]
# block no. 2 follows, 48 sequences, length 26
# corresponding to MSA columns:
# 469-479,483-497
name=unknown_C
#
# <colnr> <probs for GDERKNQSTAVLIFYWHMCP>
#	G	D	E	R	K	N	Q	S	T	A	V	L	I	F	Y	W	H	M	C	P
0	0.03873	0.04062	0.01642	0.04507	0.24721	0.04240	0.08363	0.05819	0.05486	0.03903	0.06493	0.01763	0.05577	0.03237	0.05837	0.00217	0.08719	0.00544	0.00329	0.00669
1	0.00765	0.00648	0.00682	0.00734	0.00831	0.05837	0.00519	0.00959	0.06096	0.01390	0.05022	0.46977	0.19090	0.04778	0.00706	0.00205	0.00351	0.03491	0.00460	0.00457
2	0.00835	0.00723	0.01056	0.20105	0.13888	0.00741	0.00861	0.01066	0.01172	0.01544	0.16223	0.08193	0.25780	0.00942	0.00570	0.00170	0.00422	0.03119	0.02051	0.00537
3	0.04119	0.10557	0.14024	0.05612	0.21667	0.01314	0.10728	0.08640	0.06467	0.03952	0.01128	0.04632	0.00925	0.00560	0.00540	0.00160	0.03445	0.00489	0.00307	0.00733
4	0.01367	0.01171	0.06516	0.03423	0.12558	0.08882	0.03204	0.04417	0.12312	0.16004	0.09081	0.06742	0.08770	0.00745	0.00532	0.00162	0.00505	0.00634	0.02282	0.00693
5	0.00712	0.00581	0.00653	0.00755	0.00801	0.05767	0.00511	0.00804	0.01014	0.01306	0.02691	0.76200	0.03210	0.01535	0.00642	0.00203	0.00340	0.01383	0.00462	0.00429
6	0.01147	0.01135	0.05544	0.11013	0.47435	0.01079	0.05161	0.01465	0.02737	0.03424	0.01354	0.11975	0.02980	0.00644	0.00535	0.00164	0.00580	0.00611	0.00299	0.00718
7	0.03151	0.03957	0.11474	0.01485	0.13517	0.09720	0.06063	0.12713	0.04381	0.23251	0.01377	0.04351	0.01024	0.00591	0.00507	0.00157	0.00600	0.00493	0.00412	0.00775
8	0.01374	0.07753	0.11415	0.06639	0.05763	0.32133	0.01101	0.03358	0.01274	0.01434	0.01333	0.05671	0.01286	0.00752	0.00524	0.00164	0.00709	0.16402	0.00312	0.00603
9	0.54685	0.03528	0.01175	0.01123	0.09687	0.12571	0.03445	0.05481	0.01085	0.02077	0.00791	0.00934	0.00626	0.00486	0.00380	0.00153	0.00526	0.00326	0.00308	0.00613
10	0.00695	0.00524	0.00576	0.00563	0.00710	0.00458	0.00413	0.00842	0.01193	0.03321	0.20634	0.06212	0.49764	0.08483	0.00779	0.00199	0.00282	0.00997	0.02910	0.00444
11	0.01357	0.07381	0.02969	0.01794	0.28342	0.11068	0.01118	0.06700	0.23087	0.01808	0.03334	0.01570	0.04026	0.00601	0.00528	0.00156	0.02558	0.00497	0.00360	0.00748
12	0.01088	0.01012	0.01624	0.17303	0.27455	0.01155	0.04406	0.03120	0.02533	0.01488	0.03171	0.01515	0.00987	0.03110	0.12885	0.00282	0.15457	0.00499	0.00268	0.00640
13	0.00660	0.00470	0.00603	0.00687	0.00724	0.00439	0.00450	0.00737	0.00942	0.01263	0.02550	0.64948	0.03037	0.16266	0.01005	0.00257	0.00337	0.01294	0.00441	0.02890
14	0.00738	0.00494	0.00562	0.00570	0.00572	0.00492	0.00322	0.00744	0.00762	0.01016	0.01698	0.08626	0.01968	0.76559	0.02480	0.00478	0.00484	0.00794	0.00322	0.00318
15	0.01064	0.00912	0.01064	0.00760	0.01216	0.00684	0.00608	0.01292	0.01064	0.01672	0.00912	0.01064	0.00760	0.00380	0.00380	0.00076	0.00380	0.00304	0.00304	0.85104
16	0.00716	0.00524	0.00672	0.00635	0.00760	0.00480	0.00476	0.00949	0.01428	0.02001	0.72277	0.03927	0.11096	0.01070	0.00605	0.00162	0.00244	0.00941	0.00557	0.00480
17	0.01211	0.01384	0.03028	0.02163	0.02682	0.01298	0.76903	0.01644	0.01211	0.01644	0.01038	0.01384	0.00779	0.00433	0.00606	0.00173	0.00865	0.00606	0.00260	0.00692
18	0.03106	0.01249	0.11664	0.04843	0.07158	0.04557	0.01006	0.11391	0.04157	0.31366	0.06024	0.05409	0.01353	0.01929	0.00575	0.00167	0.02274	0.00544	0.00466	0.00760
19	0.01538	0.01481	0.12654	0.04895	0.07543	0.10272	0.15975	0.09807	0.05175	0.17966	0.06446	0.01529	0.01168	0.00573	0.00529	0.00159	0.00645	0.00511	0.00391	0.00743
20	0.00766	0.00534	0.00690	0.00666	0.00794	0.00490	0.00505	0.00985	0.01376	0.04433	0.59301	0.09829	0.10973	0.01122	0.00612	0.00170	0.00268	0.05453	0.00547	0.00487
21	0.00619	0.00513	0.00542	0.00549	0.00705	0.00436	0.00407	0.00756	0.01179	0.01442	0.11797	0.11900	0.64778	0.01305	0.00611	0.00175	0.00262	0.01103	0.00485	0.00436
22	0.01234	0.01095	0.02792	0.01157	0.11436	0.04027	0.00815	0.07419	0.04061	0.03771	0.01012	0.01148	0.00813	0.00435	0.00421	0.00102	0.00456	0.00355	0.00327	0.57125
23	0.00876	0.00485	0.00699	0.00689	0.00693	0.00508	0.00465	0.00712	0.00690	0.00931	0.00995	0.01791	0.01023	0.12128	0.05205	0.67241	0.03887	0.00489	0.00236	0.00258
24	0.00659	0.00521	0.00689	0.00720	0.00826	0.00471	0.03688	0.00790	0.01085	0.01395	0.06984	0.45559	0.28106	0.01421	0.00637	0.00195	0.00315	0.05026	0.00471	0.00440
25	0.00729	0.00581	0.00707	0.00761	0.00835	0.02263	0.00552	0.02360	0.01076	0.01409	0.07006	0.51673	0.14831	0.01426	0.00710	0.00201	0.05739	0.06231	0.00460	0.00449

[dist]
# distance from previous block
# <min> <max>
5	10

[block]
# block no. 3 follows, 48 sequences, length 64
# corresponding to MSA columns:
# 508-539,541,542,546-575
name=unknown_D
#
# <colnr> <probs for GDERKNQSTAVLIFYWHMCP>
#	G	D	E	R	K	N	Q	S	T	A	V	L	I	F	Y	W	H	M	C	P
0	0.01245	0.01145	0.03159	0.07311	0.13290	0.06447	0.04863	0.09748	0.05230	0.03421	0.04762	0.01541	0.05011	0.00582	0.00522	0.02537	0.00522	0.00466	0.00343	0.27858
1	0.01168	0.09836	0.04035	0.05212	0.04374	0.02801	0.09319	0.06741	0.04275	0.05985	0.02654	0.07564	0.03795	0.02415	0.08987	0.00237	0.04772	0.06746	0.00351	0.08734
2	0.25981	0.00808	0.00816	0.00708	0.00971	0.02329	0.00549	0.01221	0.01016	0.03814	0.07445	0.04952	0.08234	0.08859	0.06650	0.00225	0.00462	0.02250	0.00360	0.22349
3	0.00814	0.00578	0.00795	0.06297	0.04600	0.00597	0.00597	0.02147	0.00920	0.01231	0.03859	0.13047	0.05044	0.25858	0.10092	0.13917	0.00559	0.08304	0.00339	0.00403
4	0.00905	0.00633	0.00989	0.26341	0.01631	0.00696	0.02253	0.00920	0.00826	0.01085	0.01090	0.01754	0.02994	0.09414	0.01480	0.43086	0.00529	0.00496	0.00243	0.02636
5	0.01032	0.00846	0.01011	0.02603	0.01198	0.00676	0.00616	0.03255	0.01113	0.02933	0.04809	0.11782	0.01305	0.00586	0.00435	0.00103	0.00376	0.00496	0.00348	0.64477
6	0.01021	0.00949	0.01540	0.65097	0.06337	0.01185	0.01362	0.03054	0.01039	0.01377	0.00914	0.01347	0.00708	0.00557	0.00636	0.00174	0.09391	0.00456	0.02272	0.00584
7	0.01372	0.82276	0.02689	0.00878	0.01317	0.02030	0.00878	0.01536	0.01043	0.01207	0.00713	0.00823	0.00658	0.00439	0.00329	0.00110	0.00549	0.00274	0.00219	0.00658
8	0.00806	0.00669	0.00724	0.00698	0.00880	0.00664	0.00525	0.01301	0.21597	0.01688	0.15846	0.11097	0.39312	0.01128	0.00588	0.00175	0.00299	0.00959	0.00503	0.00541
9	0.00956	0.00478	0.00478	0.00478	0.00598	0.00478	0.00359	0.01196	0.01076	0.01913	0.01674	0.01913	0.01315	0.00598	0.00359	0.00120	0.00239	0.00478	0.84816	0.00478
10	0.00713	0.00524	0.00668	0.00632	0.00758	0.00479	0.00474	0.00943	0.01421	0.01984	0.70441	0.03954	0.12942	0.01077	0.00605	0.00163	0.00244	0.00945	0.00555	0.00479
11	0.01877	0.01389	0.01485	0.01153	0.01547	0.01540	0.00948	0.69885	0.07615	0.03123	0.01303	0.01297	0.00932	0.00621	0.00510	0.00154	0.00545	0.00471	0.02746	0.00858
12	0.02153	0.00876	0.01176	0.00929	0.01302	0.00781	0.00772	0.06069	0.01490	0.68438	0.02047	0.02081	0.01401	0.00704	0.00533	0.00165	0.00446	0.07185	0.00615	0.00837
13	0.01064	0.00912	0.01064	0.00760	0.01216	0.00684	0.00608	0.01292	0.01064	0.01672	0.00912	0.01064	0.00760	0.00380	0.00380	0.00076	0.00380	0.00304	0.00304	0.85104
14	0.01276	0.01102	0.01160	0.01044	0.01334	0.01276	0.00812	0.02727	0.77840	0.02146	0.02088	0.01914	0.01566	0.00696	0.00522	0.00174	0.00406	0.00580	0.00522	0.00812
15	0.85592	0.00992	0.00754	0.00675	0.00992	0.01151	0.00556	0.01508	0.00873	0.02302	0.00714	0.00834	0.00556	0.00476	0.00318	0.00159	0.00397	0.00278	0.00318	0.00556
16	0.01951	0.01437	0.01540	0.01181	0.01591	0.01591	0.00975	0.77056	0.02412	0.03234	0.01232	0.01232	0.00873	0.00616	0.00513	0.00154	0.00565	0.00462	0.00513	0.00873
17	0.85592	0.00992	0.00754	0.00675	0.00992	0.01151	0.00556	0.01508	0.00873	0.02302	0.00714	0.00834	0.00556	0.00476	0.00318	0.00159	0.00397	0.00278	0.00318	0.00556
18	0.01270	0.01219	0.02083	0.03149	0.78767	0.01219	0.01575	0.01575	0.01168	0.01676	0.00965	0.01270	0.00813	0.00457	0.00508	0.00152	0.00610	0.00457	0.00254	0.00813
19	0.01323	0.01125	0.01187	0.01054	0.01352	0.01298	0.00823	0.07888	0.72602	0.02222	0.02029	0.01867	0.01518	0.00691	0.00521	0.00173	0.00417	0.00572	0.00521	0.00816
20	0.00625	0.00447	0.00595	0.00714	0.00744	0.00417	0.00476	0.00714	0.00982	0.01310	0.02828	0.81633	0.03394	0.01608	0.00655	0.00208	0.00298	0.01459	0.00476	0.00417
21	0.02194	0.00965	0.01238	0.00958	0.01350	0.00901	0.00788	0.12913	0.06010	0.64093	0.01917	0.01684	0.01232	0.00636	0.00516	0.00159	0.00453	0.00512	0.00612	0.00870
22	0.00740	0.00523	0.00690	0.00690	0.00735	0.00568	0.00473	0.00830	0.00785	0.01091	0.01498	0.02699	0.01579	0.43601	0.40587	0.00658	0.00928	0.00650	0.00293	0.00383
23	0.01106	0.00610	0.00799	0.00703	0.00895	0.00547	0.00544	0.01330	0.01437	0.21008	0.54555	0.03395	0.09080	0.00964	0.00583	0.00162	0.00291	0.00837	0.00576	0.00577
24	0.00627	0.00463	0.00586	0.00676	0.00736	0.00423	0.00461	0.00730	0.01038	0.01359	0.06807	0.64168	0.16998	0.01526	0.00644	0.00200	0.00288	0.01366	0.00480	0.00423
25	0.01064	0.00912	0.01064	0.00760	0.01216	0.00684	0.00608	0.01292	0.01064	0.01672	0.00912	0.01064	0.00760	0.00380	0.00380	0.00076	0.00380	0.00304	0.00304	0.85104
26	0.00638	0.00521	0.00564	0.00553	0.00712	0.00447	0.00415	0.00798	0.01244	0.01564	0.24573	0.04646	0.59073	0.01233	0.00606	0.00170	0.00255	0.01042	0.00500	0.00447
27	0.00674	0.00519	0.00617	0.00600	0.00737	0.00461	0.00447	0.00865	0.01318	0.01758	0.46102	0.08267	0.33429	0.01175	0.00608	0.00168	0.00252	0.01016	0.00526	0.00461
28	0.01193	0.01381	0.04962	0.02021	0.02469	0.01336	0.63426	0.01582	0.01144	0.01582	0.00980	0.01336	0.00759	0.00504	0.00764	0.00180	0.12880	0.00576	0.00253	0.00674
29	0.01151	0.00938	0.06786	0.00950	0.01199	0.00844	0.04576	0.11337	0.05096	0.12112	0.06515	0.23382	0.15585	0.01029	0.00653	0.00180	0.05718	0.00874	0.00463	0.00613
30	0.00651	0.00481	0.00646	0.00747	0.00775	0.00476	0.00510	0.00741	0.00972	0.01306	0.02717	0.77489	0.03254	0.01571	0.00708	0.00209	0.04453	0.01407	0.00463	0.00424
31	0.01174	0.01055	0.03771	0.04897	0.14213	0.02245	0.19697	0.07159	0.01240	0.06845	0.01661	0.13729	0.02878	0.00970	0.04690	0.00214	0.02053	0.10499	0.00364	0.00645
32	0.01398	0.04539	0.01685	0.03370	0.23065	0.20519	0.07476	0.06672	0.10808	0.01636	0.01320	0.01559	0.04918	0.05188	0.00666	0.00174	0.03506	0.00495	0.00319	0.00685
33	0.01016	0.04410	0.05425	0.43825	0.04126	0.04026	0.03860	0.03278	0.01033	0.01342	0.01039	0.01588	0.00887	0.09158	0.10926	0.00284	0.02479	0.00486	0.00252	0.00561
34	0.00844	0.00661	0.00848	0.06380	0.04326	0.00665	0.00625	0.03257	0.08891	0.01622	0.19749	0.24504	0.06999	0.11653	0.00850	0.00217	0.00375	0.02233	0.00445	0.04859
35	0.11798	0.02191	0.05955	0.06595	0.05219	0.00830	0.02386	0.03446	0.06606	0.03914	0.35489	0.02700	0.09231	0.00822	0.00534	0.00162	0.00390	0.00700	0.00449	0.00580
36	0.01117	0.01037	0.01453	0.16495	0.15374	0.05051	0.05754	0.01395	0.02404	0.01565	0.02351	0.03486	0.00951	0.00555	0.00592	0.00143	0.08841	0.00459	0.08779	0.22198
37	0.01256	0.01182	0.06094	0.05169	0.48320	0.01130	0.04686	0.01547	0.01139	0.07565	0.01172	0.04762	0.01007	0.00649	0.02187	0.00177	0.06487	0.02489	0.02240	0.00742
38	0.00635	0.00515	0.00563	0.00563	0.00714	0.00443	0.00418	0.00786	0.01218	0.01530	0.21378	0.10810	0.56099	0.01268	0.00610	0.00173	0.00259	0.01078	0.00496	0.00443
39	0.00963	0.00900	0.01514	0.74907	0.05061	0.01116	0.01388	0.01296	0.01019	0.01313	0.00937	0.01399	0.00718	0.00683	0.04601	0.00204	0.00718	0.00461	0.00231	0.00570
40	0.01877	0.00748	0.00966	0.00776	0.01085	0.00667	0.00629	0.02088	0.01345	0.54740	0.01914	0.01799	0.01284	0.00623	0.00466	0.00146	0.00374	0.00504	0.27219	0.00748
41	0.00625	0.00447	0.00595	0.00714	0.00744	0.00417	0.00476	0.00714	0.00982	0.01310	0.02828	0.81633	0.03394	0.01608	0.00655	0.00208	0.00298	0.01459	0.00476	0.00417
42	0.00689	0.00523	0.00634	0.00606	0.00744	0.00468	0.00455	0.00896	0.01364	0.01848	0.55658	0.04177	0.27810	0.01127	0.00606	0.00165	0.00248	0.00976	0.00537	0.00468
43	0.00695	0.00523	0.00643	0.00613	0.00748	0.00471	0.00460	0.00909	0.01380	0.01885	0.59675	0.04117	0.23770	0.01113	0.00606	0.00164	0.00247	0.00968	0.00542	0.00471
44	0.00721	0.00514	0.00662	0.00730	0.00800	0.00495	0.00506	0.00933	0.06409	0.03043	0.15608	0.61298	0.03470	0.01430	0.00634	0.00197	0.00299	0.01289	0.00498	0.00465
45	0.01064	0.00912	0.01064	0.00760	0.01216	0.00684	0.00608	0.01292	0.01064	0.01672	0.00912	0.01064	0.00760	0.00380	0.00380	0.00076	0.00380	0.00304	0.00304	0.85104
46	0.00903	0.00702	0.00834	0.00766	0.00939	0.00724	0.00584	0.03167	0.22167	0.02108	0.56048	0.03254	0.03864	0.00944	0.00581	0.00165	0.00294	0.00823	0.00552	0.00582
47	0.01410	0.01388	0.02525	0.01924	0.05851	0.08876	0.54003	0.01767	0.01260	0.11743	0.01188	0.03527	0.00903	0.00501	0.00577	0.00167	0.00788	0.00583	0.00315	0.00704
48	0.01069	0.18697	0.58257	0.01278	0.01931	0.01310	0.01584	0.01545	0.01081	0.01523	0.01176	0.01298	0.06062	0.00534	0.00464	0.00153	0.00681	0.00407	0.00235	0.00715
49	0.00625	0.00447	0.00595	0.00714	0.00744	0.00417	0.00476	0.00714	0.00982	0.01310	0.02828	0.81633	0.03394	0.01608	0.00655	0.00208	0.00298	0.01459	0.00476	0.00417
50	0.02302	0.00873	0.01191	0.00913	0.01310	0.00754	0.00754	0.02501	0.01469	0.79122	0.02024	0.01746	0.01270	0.00635	0.00516	0.00159	0.00437	0.00516	0.00635	0.00873
51	0.01322	0.00879	0.04686	0.02747	0.06579	0.00803	0.00800	0.04370	0.10934	0.23524	0.07555	0.20262	0.06623	0.00950	0.00586	0.00177	0.01764	0.04273	0.00497	0.00669
52	0.01211	0.01384	0.03028	0.02163	0.02682	0.01298	0.76903	0.01644	0.01211	0.01644	0.01038	0.01384	0.00779	0.00433	0.00606	0.00173	0.00865	0.00606	0.00260	0.00692
53	0.00709	0.00519	0.00665	0.00640	0.00759	0.00475	0.00476	0.00931	0.01396	0.01949	0.67021	0.09329	0.10997	0.01109	0.00609	0.00166	0.00247	0.00978	0.00551	0.00475
54	0.01082	0.00641	0.00849	0.00782	0.00902	0.00686	0.00584	0.01238	0.02497	0.15758	0.01589	0.04517	0.01468	0.24821	0.28040	0.00484	0.06713	0.00613	0.06230	0.00509
55	0.01237	0.04249	0.05427	0.09128	0.52939	0.04156	0.04660	0.01535	0.01154	0.03238	0.01098	0.06836	0.00971	0.00548	0.00514	0.00157	0.00618	0.00519	0.00273	0.00745
56	0.00880	0.00619	0.00766	0.00703	0.00861	0.00603	0.00535	0.02823	0.09700	0.05280	0.61314	0.03464	0.06241	0.00980	0.00584	0.00162	0.00275	0.00856	0.02812	0.00542
57	0.00755	0.00527	0.00626	0.00650	0.00704	0.00519	0.00444	0.00866	0.02670	0.01253	0.06704	0.09328	0.08852	0.46958	0.01756	0.00369	0.00437	0.14133	0.02067	0.00382
58	0.02678	0.01134	0.01656	0.12557	0.33294	0.06546	0.06711	0.06680	0.02892	0.01738	0.10291	0.07489	0.02798	0.00652	0.00534	0.00161	0.00577	0.00598	0.00333	0.00682
59	0.01233	0.03178	0.08905	0.01781	0.27052	0.01179	0.03095	0.04471	0.20621	0.05152	0.01553	0.06081	0.04092	0.00756	0.02851	0.00187	0.06144	0.00565	0.00363	0.00741
60	0.00714	0.00526	0.00757	0.00777	0.00852	0.00582	0.00580	0.00870	0.00881	0.01244	0.05629	0.16905	0.01896	0.08715	0.55842	0.00654	0.01056	0.00751	0.00329	0.00442
61	0.01215	0.00827	0.00889	0.00786	0.01016	0.00881	0.00614	0.13724	0.22100	0.06109	0.07418	0.03643	0.09143	0.00747	0.00482	0.00152	0.00350	0.00613	0.28646	0.00647
62	0.01488	0.04901	0.11901	0.01568	0.15757	0.06874	0.05618	0.22877	0.08497	0.06440	0.04937	0.02796	0.01163	0.00608	0.00515	0.00158	0.00598	0.02147	0.00390	0.00767
63	0.21360	0.08593	0.01486	0.04664	0.12466	0.12014	0.02588	0.03555	0.02492	0.03863	0.02669	0.01171	0.00827	0.00662	0.02464	0.00178	0.15862	0.00400	0.02057	0.00628

[dist]
# distance from previous block
# <min> <max>
0	1

[block]
# block no. 4 follows, 48 sequences, length 9
# corresponding to MSA columns:
# 577-585
name=unknown_E
#
# <colnr> <probs for GDERKNQSTAVLIFYWHMCP>
#	G	D	E	R	K	N	Q	S	T	A	V	L	I	F	Y	W	H	M	C	P
0	0.01227	0.01047	0.01105	0.01000	0.01263	0.01205	0.00766	0.02544	0.70748	0.02041	0.02045	0.02047	0.01594	0.08172	0.00714	0.00204	0.00414	0.00595	0.00503	0.00766
1	0.10587	0.22398	0.04723	0.06177	0.04368	0.21851	0.00995	0.09941	0.03611	0.01639	0.00863	0.01018	0.00709	0.00536	0.00522	0.00144	0.07092	0.00356	0.00287	0.02183
2	0.00643	0.00486	0.00602	0.00674	0.00757	0.00434	0.00464	0.00748	0.01028	0.01345	0.03258	0.60578	0.19935	0.01478	0.00630	0.00194	0.00293	0.01317	0.00468	0.04668
3	0.01210	0.09732	0.06695	0.20792	0.30867	0.04080	0.01343	0.03560	0.06267	0.01553	0.00993	0.01277	0.00807	0.00620	0.02875	0.00178	0.05741	0.00439	0.00266	0.00703
4	0.00867	0.00594	0.00737	0.00666	0.00843	0.00535	0.00508	0.01127	0.03896	0.07835	0.53387	0.03613	0.16090	0.01004	0.00582	0.00158	0.00274	0.00870	0.00538	0.05875
5	0.17159	0.00855	0.05368	0.00812	0.01079	0.00770	0.02393	0.01607	0.05579	0.21887	0.06642	0.17373	0.01756	0.00807	0.00488	0.00164	0.00385	0.00674	0.13578	0.00624
6	0.00767	0.00486	0.00626	0.00686	0.00759	0.00452	0.00475	0.00893	0.01072	0.05907	0.11360	0.56525	0.05232	0.03419	0.00661	0.00198	0.00298	0.01223	0.08505	0.00454
7	0.00805	0.00609	0.00675	0.00709	0.00824	0.04085	0.00505	0.00971	0.03750	0.05872	0.08859	0.45149	0.22561	0.01351	0.00618	0.00188	0.00324	0.01187	0.00484	0.00474
8	0.04876	0.01420	0.08536	0.01141	0.01540	0.01432	0.00989	0.42293	0.27500	0.02685	0.01470	0.01431	0.01072	0.00626	0.00506	0.00162	0.00523	0.00487	0.00481	0.00830

[dist]
# distance from previous block
# <min> <max>
0	4

[block]
# block no. 5 follows, 48 sequences, length 12
# corresponding to MSA columns:
# 592-603
name=unknown_F
#
# <colnr> <probs for GDERKNQSTAVLIFYWHMCP>
#	G	D	E	R	K	N	Q	S	T	A	V	L	I	F	Y	W	H	M	C	P
0	0.01535	0.01248	0.01369	0.03834	0.04368	0.06754	0.02149	0.32894	0.06075	0.04756	0.03340	0.01421	0.01033	0.00569	0.00482	0.00135	0.00524	0.02438	0.00417	0.24659
1	0.00720	0.00516	0.00663	0.06325	0.00872	0.00525	0.00482	0.00795	0.00875	0.01162	0.02091	0.29515	0.04298	0.40290	0.05777	0.00377	0.00483	0.03484	0.00368	0.00381
2	0.01205	0.08430	0.28892	0.01497	0.07244	0.04306	0.13426	0.01605	0.02847	0.06151	0.07313	0.01402	0.01088	0.00573	0.00629	0.00162	0.09169	0.00473	0.00292	0.03297
3	0.01196	0.09482	0.11742	0.01505	0.08479	0.01080	0.25071	0.01523	0.01220	0.10140	0.11546	0.05673	0.05811	0.00672	0.00549	0.00164	0.00599	0.02521	0.00358	0.00668
4	0.01048	0.07132	0.74999	0.01430	0.02170	0.01239	0.01839	0.01620	0.01081	0.01601	0.00909	0.01069	0.00650	0.00485	0.00479	0.00160	0.00747	0.00373	0.00217	0.00753
5	0.01295	0.01329	0.02787	0.02189	0.11482	0.01250	0.62692	0.01696	0.01224	0.07144	0.01099	0.01396	0.00817	0.00450	0.00588	0.00170	0.00805	0.00582	0.00286	0.00719
6	0.01370	0.01593	0.16520	0.08572	0.20276	0.08077	0.14184	0.11715	0.03943	0.05166	0.01111	0.01379	0.00857	0.00530	0.00524	0.00161	0.00691	0.02274	0.00312	0.00745
7	0.01438	0.01531	0.03306	0.04542	0.20068	0.19077	0.19403	0.11335	0.04530	0.01748	0.01113	0.05485	0.00935	0.00571	0.00558	0.00159	0.02662	0.00521	0.00311	0.00706
8	0.00624	0.00468	0.00580	0.00663	0.00732	0.00423	0.00455	0.00729	0.01046	0.01356	0.06161	0.59587	0.22292	0.01510	0.00641	0.00198	0.00286	0.01345	0.00480	0.00423
9	0.00700	0.00538	0.00682	0.04830	0.00903	0.00502	0.00523	0.00899	0.01288	0.01728	0.42482	0.12785	0.24392	0.01169	0.00611	0.00174	0.00287	0.04531	0.00509	0.00467
10	0.01193	0.03191	0.14418	0.19131	0.28437	0.01152	0.02639	0.04531	0.02509	0.05668	0.01078	0.01451	0.00877	0.06379	0.02816	0.00203	0.02878	0.00471	0.00281	0.00699
11	0.02950	0.02717	0.07897	0.08094	0.26047	0.03250	0.04663	0.07696	0.02800	0.01662	0.03701	0.05000	0.03126	0.06766	0.08597	0.00251	0.02088	0.00552	0.01488	0.00657

[dist]
# distance from previous block
# <min> <max>
0	3

[block]
# block no. 6 follows, 48 sequences, length 26
# corresponding to MSA columns:
# 607-632
name=unknown_G
#
# <colnr> <probs for GDERKNQSTAVLIFYWHMCP>
#	G	D	E	R	K	N	Q	S	T	A	V	L	I	F	Y	W	H	M	C	P
0	0.03588	0.04133	0.33638	0.01178	0.03155	0.01036	0.03086	0.04690	0.03243	0.05755	0.03484	0.01548	0.02454	0.02754	0.08140	0.00224	0.03024	0.01975	0.01924	0.10974
1	0.02876	0.06575	0.01439	0.15173	0.12619	0.11116	0.00996	0.13284	0.05976	0.06964	0.01665	0.03338	0.10385	0.00654	0.00498	0.00153	0.00560	0.00531	0.02726	0.02473
2	0.37164	0.07532	0.03225	0.00756	0.00992	0.04215	0.00616	0.03476	0.00973	0.01768	0.03464	0.07048	0.01239	0.13452	0.08653	0.00276	0.00546	0.02069	0.02015	0.00519
3	0.35328	0.07188	0.14750	0.01254	0.07928	0.04594	0.08698	0.01671	0.06137	0.04157	0.00971	0.01162	0.00760	0.00513	0.00443	0.00159	0.01619	0.01705	0.00304	0.00659
4	0.00835	0.00615	0.00864	0.00837	0.00914	0.00704	0.00637	0.03496	0.00877	0.01237	0.01440	0.09542	0.02526	0.06442	0.41706	0.14184	0.08932	0.01823	0.00297	0.02090
5	0.00840	0.00738	0.06401	0.00826	0.02630	0.00602	0.02141	0.01068	0.02634	0.06666	0.14580	0.14787	0.26175	0.01497	0.10961	0.00263	0.00492	0.05735	0.00447	0.00517
6	0.01807	0.03290	0.01482	0.03473	0.01578	0.09302	0.00946	0.56613	0.06750	0.02785	0.01231	0.01262	0.00899	0.00600	0.00496	0.00150	0.00577	0.00449	0.03884	0.02425
7	0.01116	0.01127	0.08932	0.11411	0.35696	0.01016	0.01256	0.02854	0.05232	0.04387	0.02631	0.16999	0.01461	0.00748	0.00543	0.00170	0.00545	0.02852	0.00334	0.00691
8	0.00820	0.00548	0.00710	0.00660	0.00802	0.00500	0.00502	0.01052	0.01428	0.06895	0.66998	0.03818	0.09618	0.01048	0.00602	0.00164	0.00261	0.02508	0.00561	0.00505
9	0.01345	0.74516	0.04897	0.00927	0.01346	0.01975	0.00925	0.01519	0.01027	0.01221	0.00717	0.00851	0.00659	0.00471	0.00424	0.00119	0.05899	0.00289	0.00220	0.00655
10	0.00621	0.00520	0.00535	0.00532	0.00695	0.00439	0.00396	0.00757	0.01181	0.01432	0.11396	0.04797	0.69974	0.03640	0.00665	0.00182	0.00265	0.01060	0.00479	0.00434
11	0.00674	0.00503	0.00642	0.00661	0.00761	0.00470	0.00480	0.00843	0.01195	0.01621	0.34365	0.27345	0.17738	0.01543	0.08517	0.00244	0.00375	0.01079	0.00493	0.00452
12	0.00700	0.00521	0.00652	0.00623	0.00752	0.00473	0.00466	0.00917	0.01385	0.01908	0.62348	0.06188	0.18946	0.01112	0.00607	0.00165	0.00247	0.00972	0.00545	0.00473
13	0.01578	0.00867	0.01004	0.00854	0.01141	0.00890	0.00678	0.04085	0.28678	0.29744	0.01937	0.01837	0.01378	0.00647	0.00477	0.00154	0.00378	0.00528	0.22397	0.00749
14	0.01343	0.01136	0.01198	0.01058	0.01360	0.01308	0.00828	0.10125	0.70331	0.02255	0.02003	0.01846	0.01497	0.00688	0.00521	0.00172	0.00422	0.00568	0.00521	0.00818
15	0.09846	0.00924	0.01080	0.00809	0.01230	0.00782	0.00656	0.03230	0.02956	0.23323	0.01235	0.01254	0.00902	0.00473	0.00418	0.00111	0.00402	0.00370	0.00407	0.49593
16	0.77208	0.09084	0.00947	0.00695	0.01025	0.01239	0.00588	0.01511	0.00890	0.02193	0.00714	0.00832	0.00566	0.00473	0.00319	0.00154	0.00412	0.00277	0.00308	0.00566
17	0.00974	0.00918	0.01540	0.78364	0.03469	0.01153	0.01416	0.01309	0.01019	0.01309	0.00905	0.01361	0.00684	0.00524	0.00548	0.00173	0.03083	0.00456	0.00228	0.00570
18	0.00625	0.00447	0.00595	0.00714	0.00744	0.00417	0.00476	0.00714	0.00982	0.01310	0.02828	0.81633	0.03394	0.01608	0.00655	0.00208	0.00298	0.01459	0.00476	0.00417
19	0.00691	0.00523	0.00640	0.00631	0.00763	0.00472	0.00478	0.00890	0.01323	0.01778	0.47097	0.08531	0.27014	0.01180	0.00615	0.00173	0.00266	0.05943	0.00527	0.00464
20	0.01261	0.45824	0.33740	0.01135	0.01698	0.03855	0.01297	0.03353	0.01103	0.01426	0.00812	0.00941	0.00660	0.00465	0.00402	0.00133	0.00645	0.00323	0.00226	0.00702
21	0.01123	0.01123	0.01572	0.01347	0.01347	0.01572	0.01123	0.01235	0.00786	0.01235	0.00674	0.01123	0.00674	0.00898	0.01684	0.00225	0.81028	0.00449	0.00225	0.00561
22	0.00626	0.00478	0.00564	0.00628	0.00712	0.00429	0.00432	0.00725	0.01040	0.01319	0.03670	0.46592	0.32540	0.06824	0.00766	0.00214	0.00296	0.01265	0.00465	0.00416
23	0.01042	0.02963	0.09673	0.04500	0.25312	0.01098	0.06783	0.01286	0.01014	0.01440	0.01292	0.15852	0.01305	0.06239	0.02702	0.00216	0.15711	0.00656	0.00288	0.00626
24	0.02420	0.02893	0.02835	0.04014	0.26369	0.10105	0.01054	0.09026	0.03558	0.07237	0.03157	0.12137	0.01338	0.01085	0.10231	0.00241	0.00667	0.00599	0.00354	0.00679
25	0.01343	0.01136	0.01198	0.01058	0.01360	0.01308	0.00828	0.10125	0.70331	0.02255	0.02003	0.01846	0.01497	0.00688	0.00521	0.00172	0.00422	0.00568	0.00521	0.00818

[dist]
# distance from previous block
# <min> <max>
1	1

[block]
# block no. 7 follows, 48 sequences, length 19
# corresponding to MSA columns:
# 647-665
name=unknown_H
#
# <colnr> <probs for GDERKNQSTAVLIFYWHMCP>
#	G	D	E	R	K	N	Q	S	T	A	V	L	I	F	Y	W	H	M	C	P
0	0.79270	0.01108	0.03102	0.00728	0.01056	0.04755	0.00615	0.01536	0.00906	0.02234	0.00724	0.00845	0.00563	0.00479	0.00329	0.00158	0.00432	0.00283	0.00312	0.00563
1	0.00737	0.00494	0.00562	0.00571	0.00573	0.00492	0.00323	0.00744	0.00763	0.01018	0.01705	0.09049	0.01977	0.76124	0.02469	0.00476	0.00483	0.00798	0.00323	0.00319
2	0.01651	0.13143	0.01516	0.01048	0.01391	0.11436	0.00864	0.38633	0.09310	0.02400	0.03356	0.01348	0.01041	0.00597	0.00466	0.00143	0.00547	0.00444	0.09919	0.00745
3	0.00640	0.00456	0.00607	0.00722	0.00756	0.00429	0.00490	0.00735	0.00986	0.01313	0.02785	0.75047	0.03322	0.04073	0.00718	0.00219	0.00313	0.05501	0.00471	0.00417
4	0.01418	0.12889	0.08444	0.05021	0.31283	0.04573	0.03866	0.13796	0.03160	0.05464	0.01073	0.02987	0.00868	0.00536	0.00514	0.00152	0.02426	0.00453	0.00316	0.00762
5	0.06095	0.10361	0.04317	0.01034	0.01295	0.08554	0.00876	0.14923	0.01295	0.11666	0.02525	0.01433	0.00996	0.04825	0.09218	0.00247	0.15529	0.00452	0.03711	0.00650
6	0.00628	0.00455	0.00594	0.00697	0.00742	0.00421	0.00470	0.00728	0.01017	0.01350	0.06461	0.72529	0.08893	0.01560	0.00649	0.00204	0.00292	0.01407	0.00480	0.00421
7	0.01078	0.01478	0.22272	0.34933	0.23727	0.01183	0.05113	0.01481	0.01089	0.01509	0.00935	0.01267	0.00715	0.00487	0.00509	0.00164	0.00692	0.00443	0.00234	0.00692
8	0.00744	0.00507	0.00608	0.00608	0.00625	0.00524	0.00372	0.00778	0.00761	0.01031	0.01572	0.03110	0.01758	0.67571	0.16861	0.00558	0.00659	0.00710	0.00304	0.00338
9	0.00624	0.00453	0.00589	0.00698	0.00740	0.00418	0.00469	0.00716	0.00999	0.01316	0.03032	0.75023	0.09871	0.01581	0.00651	0.00205	0.00294	0.01426	0.00476	0.00418
10	0.00705	0.00524	0.00656	0.00623	0.00753	0.00475	0.00467	0.00927	0.01402	0.01937	0.65349	0.04031	0.18063	0.01094	0.00605	0.00164	0.00245	0.00956	0.00549	0.00475
11	0.00625	0.00518	0.00549	0.00562	0.00720	0.00443	0.00424	0.00762	0.01167	0.01415	0.07732	0.10607	0.66008	0.01319	0.00616	0.00179	0.00274	0.05166	0.00480	0.00436
12	0.01372	0.82276	0.02689	0.00878	0.01317	0.02030	0.00878	0.01536	0.01043	0.01207	0.00713	0.00823	0.00658	0.00439	0.00329	0.00110	0.00549	0.00274	0.00219	0.00658
13	0.01029	0.02654	0.79309	0.01462	0.02221	0.01192	0.01896	0.01625	0.01083	0.01625	0.00921	0.01083	0.00650	0.00487	0.00487	0.00162	0.00758	0.00379	0.00217	0.00758
14	0.02302	0.00873	0.01191	0.00913	0.01310	0.00754	0.00754	0.02501	0.01469	0.79122	0.02024	0.01746	0.01270	0.00635	0.00516	0.00159	0.00437	0.00516	0.00635	0.00873
15	0.01372	0.82276	0.02689	0.00878	0.01317	0.02030	0.00878	0.01536	0.01043	0.01207	0.00713	0.00823	0.00658	0.00439	0.00329	0.00110	0.00549	0.00274	0.00219	0.00658
16	0.01016	0.00938	0.01518	0.67669	0.07711	0.01136	0.01357	0.03921	0.03589	0.01428	0.01135	0.01518	0.03836	0.00551	0.00517	0.00170	0.00650	0.00485	0.00259	0.00597
17	0.01049	0.02194	0.00822	0.00717	0.00920	0.00644	0.00556	0.04165	0.06964	0.14452	0.26698	0.06667	0.24831	0.03781	0.00650	0.00180	0.00328	0.03292	0.00524	0.00566
18	0.01018	0.00712	0.00871	0.00875	0.01048	0.00734	0.00693	0.01534	0.21562	0.08784	0.06830	0.21209	0.07176	0.01169	0.00618	0.00198	0.00387	0.23490	0.00507	0.00585

[dist]
# distance from previous block
# <min> <max>
0	5

[block]
# block no. 8 follows, 48 sequences, length 9
# corresponding to MSA columns:
# 671-679
name=unknown_I
#
# <colnr> <probs for GDERKNQSTAVLIFYWHMCP>
#	G	D	E	R	K	N	Q	S	T	A	V	L	I	F	Y	W	H	M	C	P
0	0.01416	0.37049	0.25257	0.01172	0.01659	0.22686	0.01213	0.01700	0.01165	0.01345	0.00797	0.00928	0.00657	0.00478	0.00412	0.00132	0.00712	0.00321	0.00231	0.00671
1	0.00891	0.00446	0.00668	0.00668	0.00668	0.00446	0.00446	0.00668	0.00668	0.00891	0.00891	0.01560	0.00891	0.01783	0.02005	0.85071	0.00446	0.00446	0.00223	0.00223
2	0.00634	0.00458	0.00602	0.00714	0.00757	0.00426	0.00489	0.00733	0.01004	0.01326	0.02967	0.73163	0.07953	0.01579	0.00655	0.00208	0.00304	0.05131	0.00476	0.00421
3	0.00997	0.05970	0.05252	0.06002	0.04107	0.01117	0.19085	0.01256	0.00967	0.01355	0.01167	0.01604	0.02940	0.01774	0.29273	0.00411	0.15365	0.00526	0.00258	0.00575
4	0.00962	0.00880	0.01279	0.01254	0.06993	0.01136	0.00943	0.01114	0.00840	0.01256	0.01072	0.05734	0.01056	0.02005	0.30794	0.00443	0.40907	0.00541	0.00259	0.00534
5	0.00654	0.00482	0.00607	0.00673	0.00746	0.00444	0.00472	0.00778	0.01088	0.01436	0.15005	0.47843	0.16881	0.05547	0.00741	0.00211	0.00302	0.05181	0.00482	0.00428
6	0.01269	0.18058	0.17115	0.01023	0.01502	0.14949	0.00988	0.01541	0.01132	0.01495	0.00853	0.00995	0.00700	0.00440	0.00406	0.00110	0.00586	0.00318	0.00262	0.36260
7	0.01266	0.07629	0.22736	0.07843	0.20455	0.02752	0.01334	0.04030	0.03500	0.08525	0.01126	0.01450	0.00907	0.03771	0.00632	0.00171	0.04584	0.02691	0.00300	0.04299
8	0.01163	0.01095	0.01472	0.01177	0.01410	0.03841	0.08760	0.06993	0.01067	0.01554	0.00979	0.05387	0.00914	0.04008	0.01035	0.00176	0.32238	0.00483	0.00292	0.25955

[dist]
# distance from previous block
# <min> <max>
15	25

[block]
# block no. 9 follows, 48 sequences, length 36
# corresponding to MSA columns:
# 715-750
name=unknown_J
#
# <colnr> <probs for GDERKNQSTAVLIFYWHMCP>
#	G	D	E	R	K	N	Q	S	T	A	V	L	I	F	Y	W	H	M	C	P
0	0.09762	0.02304	0.01538	0.06136	0.32320	0.06597	0.02920	0.06421	0.01247	0.06124	0.03614	0.01636	0.08399	0.00578	0.00487	0.00148	0.00542	0.00495	0.00332	0.08399
1	0.01142	0.00992	0.01318	0.14787	0.14918	0.04715	0.03310	0.07648	0.05676	0.03889	0.04623	0.09911	0.08044	0.01967	0.00555	0.00161	0.00508	0.02089	0.01666	0.12083
2	0.03522	0.00984	0.01411	0.05147	0.01547	0.00908	0.13213	0.04506	0.04218	0.04912	0.03147	0.03618	0.01035	0.02907	0.02883	0.00156	0.04376	0.00462	0.00331	0.40715
3	0.01395	0.00861	0.01045	0.00800	0.01186	0.00714	0.00641	0.01688	0.06287	0.24910	0.05937	0.01779	0.07252	0.00586	0.00460	0.00120	0.00382	0.00481	0.00445	0.43031
4	0.01181	0.01294	0.02527	0.01882	0.02222	0.01392	0.50823	0.01503	0.01065	0.01503	0.00913	0.01294	0.00742	0.00593	0.00977	0.00191	0.28453	0.00552	0.00247	0.00647
5	0.01254	0.01203	0.02055	0.07131	0.74906	0.01215	0.01567	0.01561	0.01161	0.01658	0.00962	0.01275	0.00806	0.00460	0.00508	0.00153	0.00613	0.00457	0.00253	0.00800
6	0.00623	0.00454	0.00587	0.00693	0.00739	0.00419	0.00467	0.00717	0.01003	0.01318	0.03085	0.73313	0.11547	0.01574	0.00650	0.00205	0.00294	0.01418	0.00476	0.00419
7	0.00625	0.00447	0.00595	0.00714	0.00744	0.00417	0.00476	0.00714	0.00982	0.01310	0.02828	0.81633	0.03394	0.01608	0.00655	0.00208	0.00298	0.01459	0.00476	0.00417
8	0.00731	0.00491	0.00564	0.00579	0.00583	0.00487	0.00332	0.00742	0.00776	0.01035	0.01771	0.13311	0.02060	0.71749	0.02363	0.00461	0.00472	0.00837	0.00332	0.00324
9	0.01951	0.01437	0.01540	0.01181	0.01591	0.01591	0.00975	0.77056	0.02412	0.03234	0.01232	0.01232	0.00873	0.00616	0.00513	0.00154	0.00565	0.00462	0.00513	0.00873
10	0.02302	0.00873	0.01191	0.00913	0.01310	0.00754	0.00754	0.02501	0.01469	0.79122	0.02024	0.01746	0.01270	0.00635	0.00516	0.00159	0.00437	0.00516	0.00635	0.00873
11	0.01276	0.01102	0.01160	0.01044	0.01334	0.01276	0.00812	0.02727	0.77840	0.02146	0.02088	0.01914	0.01566	0.00696	0.00522	0.00174	0.00406	0.00580	0.00522	0.00812
12	0.00637	0.00453	0.00599	0.00712	0.00742	0.00426	0.00476	0.00725	0.00974	0.01298	0.02757	0.75236	0.03296	0.06124	0.00766	0.00225	0.00314	0.03359	0.00467	0.00412
13	0.01796	0.01367	0.01505	0.01268	0.05889	0.01516	0.00981	0.59958	0.15383	0.02958	0.01365	0.01352	0.00989	0.00621	0.00515	0.00157	0.00540	0.00482	0.00500	0.00859
14	0.01115	0.01196	0.02450	0.06308	0.04260	0.01131	0.54454	0.01482	0.01150	0.01579	0.01184	0.08057	0.01014	0.00695	0.04384	0.00199	0.00786	0.00637	0.00280	0.07642
15	0.01417	0.75638	0.02586	0.00915	0.01339	0.08506	0.00887	0.01579	0.01077	0.01211	0.00720	0.00832	0.00659	0.00446	0.00340	0.00112	0.00580	0.00279	0.00223	0.00653
16	0.01134	0.00910	0.01071	0.00769	0.01221	0.00688	0.00616	0.01360	0.01087	0.06030	0.00975	0.01102	0.00789	0.00394	0.00388	0.00081	0.00383	0.00316	0.00323	0.80365
17	0.01042	0.02575	0.74813	0.01533	0.04559	0.01195	0.03999	0.01624	0.01089	0.01627	0.00925	0.01097	0.00659	0.00485	0.00491	0.00162	0.00757	0.00388	0.00219	0.00758
18	0.01230	0.01205	0.01804	0.02620	0.59907	0.07642	0.01368	0.01493	0.01172	0.01594	0.01243	0.10439	0.01191	0.00638	0.00530	0.00161	0.00594	0.04145	0.00290	0.00734
19	0.00624	0.00450	0.00592	0.00706	0.00742	0.00417	0.00472	0.00715	0.00991	0.01313	0.02934	0.78206	0.06752	0.01594	0.00653	0.00207	0.00296	0.01442	0.00476	0.00417
20	0.01361	0.01688	0.18933	0.01766	0.12123	0.07712	0.20770	0.16726	0.01396	0.01888	0.01042	0.03473	0.00829	0.00564	0.00628	0.00166	0.07402	0.00496	0.00304	0.00732
21	0.01280	0.09674	0.03837	0.17257	0.12390	0.08973	0.16048	0.02776	0.05464	0.05202	0.01084	0.01428	0.00879	0.03165	0.02625	0.01362	0.04128	0.01483	0.00287	0.00658
22	0.00682	0.00456	0.00606	0.00687	0.00714	0.00433	0.00454	0.00723	0.00933	0.01249	0.06035	0.57495	0.02927	0.10552	0.01068	0.12635	0.00339	0.01206	0.00425	0.00380
23	0.33015	0.05073	0.03189	0.16443	0.08404	0.09012	0.00925	0.08191	0.01153	0.01933	0.00913	0.01115	0.00712	0.00508	0.00412	0.00152	0.00541	0.00368	0.07325	0.00616
24	0.00625	0.00447	0.00595	0.00714	0.00744	0.00417	0.00476	0.00714	0.00982	0.01310	0.02828	0.81633	0.03394	0.01608	0.00655	0.00208	0.00298	0.01459	0.00476	0.00417
25	0.00777	0.00551	0.00652	0.00633	0.00636	0.00591	0.00388	0.00792	0.00752	0.01021	0.01531	0.03132	0.01749	0.72883	0.04854	0.00485	0.07220	0.00716	0.00303	0.00336
26	0.01219	0.08118	0.06378	0.05389	0.02448	0.01358	0.56014	0.01602	0.01153	0.03077	0.00989	0.01308	0.00759	0.00481	0.00660	0.00171	0.07391	0.00546	0.00257	0.00680
