[name]
unknown

[dist]
# distance from previous block
# <min> <max>
4	431

[block]
# block no. 0 follows, 55 sequences, length 24
# corresponding to MSA columns:
# 669-692
name=unknown_A
#
# <colnr> <probs for GDERKNQSTAVLIFYWHMCP>
#	G	D	E	R	K	N	Q	S	T	A	V	L	I	F	Y	W	H	M	C	P
0	0.08138	0.01040	0.08331	0.02874	0.10304	0.03096	0.09215	0.01502	0.05558	0.16039	0.04093	0.05232	0.06324	0.00572	0.00468	0.00137	0.01761	0.00493	0.00348	0.14474
1	0.28573	0.01249	0.13250	0.01156	0.06744	0.05766	0.11326	0.08593	0.02906	0.05485	0.01068	0.07218	0.00910	0.00559	0.00429	0.00150	0.00519	0.03191	0.00310	0.00599
2	0.52887	0.03099	0.01040	0.00881	0.03359	0.13126	0.05912	0.01526	0.00958	0.09041	0.00800	0.00896	0.00607	0.00445	0.00349	0.00137	0.00472	0.00304	0.00299	0.03862
3	0.28809	0.02618	0.02384	0.04630	0.01228	0.00892	0.05400	0.04934	0.04025	0.10288	0.03291	0.02772	0.00873	0.00474	0.00379	0.00125	0.00404	0.00370	0.02526	0.23579
4	0.00833	0.04807	0.21474	0.01075	0.06595	0.00856	0.03846	0.01069	0.00844	0.01204	0.01147	0.06720	0.01114	0.16281	0.22978	0.00370	0.07519	0.00520	0.00245	0.00504
5	0.10018	0.00972	0.03608	0.31230	0.03288	0.01038	0.05505	0.10146	0.07930	0.08671	0.03068	0.01270	0.00851	0.00506	0.00483	0.00146	0.03452	0.00418	0.00314	0.07085
6	0.00867	0.00434	0.00434	0.00434	0.00542	0.00434	0.00325	0.01084	0.00976	0.01734	0.01518	0.01734	0.01192	0.00542	0.00325	0.00108	0.00217	0.00434	0.86233	0.00434
7	0.01139	0.00873	0.01028	0.06352	0.01256	0.00849	0.00694	0.23401	0.02886	0.04181	0.06183	0.06898	0.06122	0.00657	0.00457	0.00128	0.00401	0.06645	0.00383	0.29468
8	0.01075	0.01186	0.02364	0.01747	0.02082	0.01248	0.56531	0.01383	0.00987	0.01383	0.00846	0.01186	0.00678	0.00514	0.00831	0.00170	0.24459	0.00508	0.00226	0.00593
9	0.00867	0.00434	0.00434	0.00434	0.00542	0.00434	0.00325	0.01084	0.00976	0.01734	0.01518	0.01734	0.01192	0.00542	0.00325	0.00108	0.00217	0.00434	0.86233	0.00434
10	0.26416	0.01054	0.01060	0.10122	0.01394	0.06415	0.00754	0.15338	0.16742	0.10579	0.01138	0.01172	0.00833	0.00512	0.00407	0.00142	0.00453	0.00381	0.00374	0.04715
11	0.10958	0.00705	0.00792	0.00685	0.00927	0.00683	0.00538	0.04240	0.09868	0.26678	0.04196	0.06160	0.26601	0.04202	0.00559	0.00164	0.00335	0.00666	0.00462	0.00579
12	0.01194	0.00777	0.00933	0.00816	0.01032	0.00787	0.00630	0.17195	0.08798	0.15845	0.06025	0.29766	0.01882	0.00891	0.00545	0.00156	0.03441	0.00760	0.00450	0.08077
13	0.00745	0.00450	0.00508	0.00508	0.00557	0.00459	0.00332	0.00844	0.00794	0.01228	0.01460	0.02425	0.01448	0.44038	0.10634	0.00359	0.00455	0.00567	0.31836	0.00353
14	0.04002	0.00881	0.01281	0.28406	0.01926	0.00906	0.08194	0.09453	0.02775	0.07060	0.06465	0.03199	0.02394	0.00517	0.00449	0.00133	0.00489	0.00454	0.00316	0.20703
15	0.01474	0.12556	0.01443	0.01066	0.01360	0.28154	0.02844	0.16704	0.24591	0.01722	0.01135	0.01159	0.00881	0.00533	0.00456	0.00135	0.02397	0.00391	0.00345	0.00655
16	0.01003	0.00826	0.01259	0.36294	0.15085	0.00898	0.01020	0.06863	0.01112	0.05718	0.10512	0.07483	0.02961	0.00605	0.00477	0.00146	0.00490	0.00536	0.00311	0.06400
17	0.01137	0.26078	0.20337	0.07565	0.01541	0.01348	0.01094	0.01378	0.00921	0.08180	0.00845	0.02961	0.00708	0.00569	0.00706	0.00150	0.23271	0.00373	0.00239	0.00599
18	0.01003	0.00972	0.05163	0.01305	0.01622	0.00874	0.37097	0.01297	0.01142	0.08258	0.22479	0.05180	0.06083	0.00662	0.00587	0.00156	0.04545	0.00657	0.00353	0.00566
19	0.00573	0.00411	0.00554	0.00655	0.00685	0.00392	0.00442	0.00660	0.00881	0.01180	0.02475	0.77815	0.02947	0.01595	0.06104	0.00227	0.00336	0.01267	0.00419	0.00380
20	0.01025	0.12318	0.39334	0.06982	0.02130	0.01207	0.27613	0.01449	0.01013	0.01411	0.00846	0.01061	0.00632	0.00421	0.00461	0.00145	0.00691	0.00405	0.00211	0.00644
21	0.00874	0.00793	0.01310	0.13259	0.33742	0.00806	0.04538	0.01086	0.00990	0.01352	0.03021	0.29496	0.05147	0.00821	0.00516	0.00160	0.00456	0.00764	0.00310	0.00557
22	0.01018	0.01018	0.01425	0.01221	0.01221	0.01425	0.01018	0.01120	0.00712	0.01120	0.00611	0.01018	0.00611	0.00814	0.01527	0.00204	0.82799	0.00407	0.00204	0.00509
23	0.00791	0.01605	0.48597	0.01052	0.01481	0.00803	0.01207	0.01152	0.00959	0.01368	0.01627	0.27862	0.05039	0.00834	0.00503	0.00164	0.00523	0.03578	0.00292	0.00565

[dist]
# distance from previous block
# <min> <max>
0	13

[block]
# block no. 1 follows, 55 sequences, length 8
# corresponding to MSA columns:
# 709-716
name=unknown_B
#
# <colnr> <probs for GDERKNQSTAVLIFYWHMCP>
#	G	D	E	R	K	N	Q	S	T	A	V	L	I	F	Y	W	H	M	C	P
0	0.01037	0.22815	0.01410	0.00922	0.01152	0.11182	0.07057	0.01355	0.12068	0.01323	0.03520	0.24007	0.01683	0.00825	0.00477	0.00151	0.00470	0.07674	0.00338	0.00533
1	0.00847	0.00741	0.01158	0.01572	0.31911	0.00766	0.00892	0.01014	0.00951	0.01323	0.01723	0.39101	0.01917	0.00982	0.00630	0.00172	0.07907	0.05529	0.00332	0.00533
2	0.01137	0.01229	0.01575	0.01311	0.01406	0.13565	0.10806	0.01278	0.00853	0.01169	0.00669	0.01021	0.00621	0.00710	0.01236	0.00185	0.60079	0.00409	0.00213	0.00528
3	0.01633	0.19548	0.04944	0.00981	0.01365	0.01395	0.00865	0.44284	0.05359	0.13424	0.01138	0.01124	0.00820	0.00524	0.00428	0.00133	0.00493	0.00390	0.00411	0.00741
4	0.00862	0.00670	0.00814	0.00670	0.00942	0.00536	0.00511	0.01037	0.01003	0.04391	0.11333	0.23018	0.01800	0.00723	0.00440	0.00113	0.00311	0.00630	0.00358	0.49838
5	0.04745	0.01624	0.01326	0.01117	0.01401	0.39400	0.06485	0.21809	0.07461	0.01773	0.00990	0.01079	0.00764	0.00508	0.00432	0.00130	0.00646	0.00375	0.07316	0.00616
6	0.16350	0.00903	0.01048	0.00838	0.01174	0.00907	0.00686	0.11809	0.12351	0.46737	0.01551	0.01405	0.01034	0.00557	0.00438	0.00145	0.00400	0.00433	0.00499	0.00735
7	0.05723	0.08731	0.02461	0.01679	0.02128	0.01185	0.61310	0.01449	0.01057	0.01488	0.00889	0.01158	0.00684	0.00391	0.00495	0.00144	0.00700	0.00483	0.00238	0.07606

[dist]
# distance from previous block
# <min> <max>
0	13

[block]
# block no. 2 follows, 55 sequences, length 68
# corresponding to MSA columns:
# 730-749,757-768,772-782,790-814
name=unknown_C
#
# <colnr> <probs for GDERKNQSTAVLIFYWHMCP>
#	G	D	E	R	K	N	Q	S	T	A	V	L	I	F	Y	W	H	M	C	P
0	0.01681	0.01248	0.01338	0.01047	0.01403	0.01386	0.00858	0.66135	0.14017	0.04173	0.01248	0.01220	0.00893	0.00570	0.00467	0.00142	0.00488	0.00436	0.00469	0.00783
1	0.00955	0.00500	0.00501	0.00497	0.00613	0.00488	0.00367	0.01146	0.01031	0.01811	0.01595	0.01844	0.01268	0.00598	0.00364	0.00125	0.00249	0.00461	0.85109	0.00480
2	0.01139	0.05375	0.01901	0.07632	0.70579	0.01140	0.02663	0.01412	0.01046	0.01477	0.00861	0.01138	0.00722	0.00416	0.00454	0.00138	0.00558	0.00408	0.00227	0.00714
3	0.00638	0.00506	0.00624	0.00655	0.04808	0.00454	0.00454	0.00818	0.01196	0.01592	0.44580	0.03775	0.36164	0.01019	0.00545	0.00150	0.00243	0.00878	0.00464	0.00435
4	0.00867	0.00434	0.00434	0.00434	0.00542	0.00434	0.00325	0.01084	0.00976	0.01734	0.01518	0.01734	0.01192	0.00542	0.00325	0.00108	0.00217	0.00434	0.86233	0.00434
5	0.01501	0.01552	0.01376	0.02761	0.01405	0.32098	0.00940	0.23361	0.01363	0.01638	0.00799	0.00982	0.00657	0.00608	0.00785	0.00153	0.26761	0.00370	0.00291	0.00600
6	0.01151	0.01105	0.01888	0.02855	0.80748	0.01105	0.01428	0.01428	0.01059	0.01520	0.00875	0.01151	0.00737	0.00415	0.00461	0.00138	0.00553	0.00415	0.00230	0.00737
7	0.01359	0.01033	0.01156	0.00999	0.02722	0.01141	0.01957	0.16369	0.52251	0.10380	0.01677	0.01563	0.01230	0.00595	0.00468	0.00150	0.00406	0.00490	0.00468	0.03587
8	0.00677	0.00451	0.00507	0.00507	0.00507	0.00451	0.00282	0.00677	0.00677	0.00902	0.01466	0.03044	0.01691	0.83650	0.02368	0.00451	0.00451	0.00677	0.00282	0.00282
9	0.02005	0.00804	0.01145	0.00876	0.01233	0.00699	0.04339	0.02192	0.01310	0.75447	0.01811	0.03519	0.01177	0.00588	0.00475	0.00146	0.00411	0.00492	0.00556	0.00774
10	0.01738	0.02217	0.01318	0.01199	0.01438	0.81783	0.00899	0.01858	0.01318	0.01139	0.00719	0.00839	0.00599	0.00479	0.00419	0.00120	0.00839	0.00300	0.00240	0.00539
11	0.00658	0.00476	0.00622	0.00585	0.00695	0.00439	0.00439	0.00878	0.01317	0.01866	0.80503	0.03475	0.04390	0.00951	0.00549	0.00146	0.00219	0.00841	0.00512	0.00439
12	0.00683	0.00525	0.00783	0.00772	0.00851	0.00625	0.00604	0.00846	0.00746	0.01082	0.01213	0.01786	0.01134	0.03351	0.77654	0.00720	0.05464	0.00494	0.00247	0.00420
13	0.00879	0.00827	0.01395	0.82532	0.03204	0.01034	0.01292	0.01189	0.00930	0.01189	0.00827	0.01240	0.00620	0.00465	0.00465	0.00155	0.00620	0.00413	0.00207	0.00517
14	0.00567	0.00405	0.00540	0.00648	0.00675	0.00378	0.00432	0.00648	0.00891	0.01188	0.02564	0.83347	0.03077	0.01457	0.00594	0.00189	0.00270	0.01323	0.00432	0.00378
15	0.01070	0.01214	0.02627	0.01884	0.02338	0.01136	0.74988	0.01448	0.01096	0.01478	0.01136	0.01422	0.04836	0.00433	0.00549	0.00157	0.00756	0.00571	0.00245	0.00615
16	0.00879	0.00827	0.01395	0.82532	0.03204	0.01034	0.01292	0.01189	0.00930	0.01189	0.00827	0.01240	0.00620	0.00465	0.00465	0.00155	0.00620	0.00413	0.00207	0.00517
17	0.01018	0.01018	0.01425	0.01221	0.01221	0.01425	0.01018	0.01120	0.00712	0.01120	0.00611	0.01018	0.00611	0.00814	0.01527	0.00204	0.82799	0.00407	0.00204	0.00509
18	0.00750	0.00535	0.00750	0.00857	0.00964	0.00535	0.00750	0.00964	0.01071	0.01392	0.02463	0.05248	0.02677	0.01285	0.00643	0.00214	0.00428	0.77617	0.00428	0.00428
19	0.00561	0.00473	0.00487	0.00495	0.00647	0.00400	0.00376	0.00683	0.01057	0.01262	0.04547	0.06336	0.74744	0.01190	0.00556	0.00161	0.00246	0.04954	0.00432	0.00394
20	0.01768	0.01303	0.01396	0.01070	0.01443	0.01443	0.00884	0.79197	0.02187	0.02932	0.01117	0.01117	0.00791	0.00558	0.00465	0.00140	0.00512	0.00419	0.00465	0.00791
21	0.01018	0.01018	0.01425	0.01221	0.01221	0.01425	0.01018	0.01120	0.00712	0.01120	0.00611	0.01018	0.00611	0.00814	0.01527	0.00204	0.82799	0.00407	0.00204	0.00509
22	0.01258	0.81658	0.02407	0.00807	0.01201	0.04064	0.00799	0.01406	0.00956	0.01096	0.00649	0.00749	0.00597	0.00400	0.00302	0.00100	0.00507	0.00250	0.00200	0.00595
23	0.00957	0.08552	0.75300	0.01286	0.01952	0.01138	0.01649	0.01467	0.00979	0.01445	0.00821	0.00964	0.00590	0.00439	0.00431	0.00144	0.00673	0.00337	0.00197	0.00681
24	0.01768	0.01303	0.01396	0.01070	0.01443	0.01443	0.00884	0.79197	0.02187	0.02932	0.01117	0.01117	0.00791	0.00558	0.00465	0.00140	0.00512	0.00419	0.00465	0.00791
25	0.01995	0.00900	0.05256	0.00910	0.03137	0.00739	0.00762	0.04751	0.01335	0.72471	0.01737	0.01527	0.01101	0.00564	0.00466	0.00144	0.00419	0.00459	0.00544	0.00785
26	0.02009	0.02928	0.02728	0.00760	0.02726	0.01740	0.03137	0.00921	0.01153	0.01615	0.47647	0.19121	0.05481	0.00979	0.00591	0.00157	0.04558	0.00855	0.00439	0.00455
27	0.00577	0.00419	0.00568	0.03356	0.00758	0.00400	0.00460	0.00666	0.00892	0.01188	0.02507	0.80631	0.02996	0.01425	0.00590	0.00188	0.00281	0.01292	0.00424	0.00382
28	0.00879	0.00827	0.01395	0.82532	0.03204	0.01034	0.01292	0.01189	0.00930	0.01189	0.00827	0.01240	0.00620	0.00465	0.00465	0.00155	0.00620	0.00413	0.00207	0.00517
29	0.01151	0.01105	0.01888	0.02855	0.80748	0.01105	0.01428	0.01428	0.01059	0.01520	0.00875	0.01151	0.00737	0.00415	0.00461	0.00138	0.00553	0.00415	0.00230	0.00737
30	0.00676	0.00455	0.00525	0.00525	0.00531	0.00461	0.00304	0.00688	0.00682	0.00915	0.01449	0.02954	0.01652	0.77677	0.08288	0.00473	0.00510	0.00663	0.00279	0.00292
31	0.01151	0.01105	0.01888	0.02855	0.80748	0.01105	0.01428	0.01428	0.01059	0.01520	0.00875	0.01151	0.00737	0.00415	0.00461	0.00138	0.00553	0.00415	0.00230	0.00737
32	0.00867	0.00434	0.00434	0.00434	0.00542	0.00434	0.00325	0.01084	0.00976	0.01734	0.01518	0.01734	0.01192	0.00542	0.00325	0.00108	0.00217	0.00434	0.86233	0.00434
33	0.02642	0.01219	0.01088	0.00931	0.03751	0.21638	0.00696	0.01582	0.15122	0.01494	0.00999	0.01110	0.00813	0.01960	0.00427	0.00108	0.00485	0.00338	0.00300	0.43295
34	0.01093	0.15625	0.35761	0.01241	0.01666	0.02504	0.08354	0.01421	0.00943	0.05436	0.00807	0.01005	0.00636	0.00529	0.00696	0.00153	0.20913	0.00368	0.00222	0.00626
35	0.00867	0.00434	0.00434	0.00434	0.00542	0.00434	0.00325	0.01084	0.00976	0.01734	0.01518	0.01734	0.01192	0.00542	0.00325	0.00108	0.00217	0.00434	0.86233	0.00434
36	0.01129	0.46251	0.36796	0.01028	0.01552	0.01480	0.01196	0.01450	0.00971	0.03279	0.00759	0.00870	0.00608	0.00422	0.00365	0.00121	0.00578	0.00296	0.00207	0.00641
37	0.01145	0.01098	0.01876	0.04867	0.78791	0.01104	0.01424	0.01422	0.01056	0.01511	0.00874	0.01154	0.00734	0.00416	0.00461	0.00139	0.00554	0.00414	0.00230	0.00731
38	0.02087	0.00792	0.01080	0.00828	0.01188	0.00684	0.00684	0.02267	0.01332	0.81071	0.01835	0.01583	0.01152	0.00576	0.00468	0.00144	0.00396	0.00468	0.00576	0.00792
39	0.00677	0.00451	0.00507	0.00507	0.00507	0.00451	0.00282	0.00677	0.00677	0.00902	0.01466	0.03044	0.01691	0.83650	0.02368	0.00451	0.00451	0.00677	0.00282	0.00282
40	0.01151	0.01105	0.01888	0.02855	0.80748	0.01105	0.01428	0.01428	0.01059	0.01520	0.00875	0.01151	0.00737	0.00415	0.00461	0.00138	0.00553	0.00415	0.00230	0.00737
41	0.00677	0.00451	0.00507	0.00507	0.00507	0.00451	0.00282	0.00677	0.00677	0.00902	0.01466	0.03044	0.01691	0.83650	0.02368	0.00451	0.00451	0.00677	0.00282	0.00282
42	0.01151	0.01105	0.01888	0.02855	0.80748	0.01105	0.01428	0.01428	0.01059	0.01520	0.00875	0.01151	0.00737	0.00415	0.00461	0.00138	0.00553	0.00415	0.00230	0.00737
43	0.01018	0.01018	0.01425	0.01221	0.01221	0.01425	0.01018	0.01120	0.00712	0.01120	0.00611	0.01018	0.00611	0.00814	0.01527	0.00204	0.82799	0.00407	0.00204	0.00509
44	0.01018	0.01018	0.01425	0.01221	0.01221	0.01425	0.01018	0.01120	0.00712	0.01120	0.00611	0.01018	0.00611	0.00814	0.01527	0.00204	0.82799	0.00407	0.00204	0.00509
45	0.00567	0.00405	0.00540	0.00648	0.00675	0.00378	0.00432	0.00648	0.00891	0.01188	0.02564	0.83347	0.03077	0.01457	0.00594	0.00189	0.00270	0.01323	0.00432	0.00378
46	0.01151	0.01105	0.01888	0.02855	0.80748	0.01105	0.01428	0.01428	0.01059	0.01520	0.00875	0.01151	0.00737	0.00415	0.00461	0.00138	0.00553	0.00415	0.00230	0.00737
47	0.00898	0.02160	0.70973	0.01232	0.01846	0.00999	0.01556	0.01397	0.01025	0.01523	0.10981	0.01300	0.01073	0.00507	0.00456	0.00147	0.00628	0.00407	0.00237	0.00656
48	0.01000	0.00993	0.01421	0.11576	0.01474	0.01375	0.01053	0.01128	0.00740	0.01128	0.00638	0.01046	0.00612	0.00770	0.01392	0.00197	0.72333	0.00408	0.00204	0.00510
49	0.00618	0.00478	0.00614	0.00680	0.03333	0.00450	0.00464	0.00749	0.01038	0.01383	0.22470	0.39867	0.21410	0.01213	0.00594	0.00170	0.02554	0.01067	0.00439	0.00412
50	0.00839	0.00773	0.01286	0.72104	0.02882	0.00950	0.01182	0.01120	0.00925	0.01188	0.01048	0.11697	0.00933	0.00591	0.00482	0.00159	0.00576	0.00529	0.00235	0.00499
51	0.00603	0.00517	0.00534	0.00499	0.00689	0.00422	0.00379	0.00732	0.01048	0.01290	0.04218	0.04030	0.70388	0.01072	0.00524	0.00146	0.00250	0.00892	0.00412	0.11358
52	0.01113	0.01054	0.01421	0.01202	0.01250	0.01427	0.01001	0.11063	0.00900	0.01350	0.00675	0.01030	0.00634	0.00782	0.01392	0.00195	0.72320	0.00409	0.00237	0.00545
53	0.01615	0.01189	0.01287	0.01017	0.01345	0.01307	0.00827	0.69194	0.02022	0.02710	0.01301	0.11589	0.01082	0.00673	0.00482	0.00146	0.00481	0.00534	0.00461	0.00739
54	0.75951	0.00843	0.00661	0.00598	0.00850	0.00968	0.00476	0.01280	0.00777	0.01936	0.00752	0.01047	0.00655	0.11030	0.00553	0.00183	0.00371	0.00306	0.00287	0.00476
55	0.01036	0.02382	0.71062	0.01310	0.01940	0.11358	0.01614	0.01522	0.01025	0.01431	0.00820	0.00964	0.00591	0.00447	0.00439	0.00144	0.00707	0.00338	0.00202	0.00669
56	0.01230	0.01131	0.01826	0.02628	0.70649	0.01148	0.01359	0.11332	0.01203	0.01700	0.00906	0.01147	0.00744	0.00433	0.00461	0.00138	0.00547	0.00415	0.00260	0.00744
57	0.00912	0.00782	0.00902	0.00661	0.01042	0.00591	0.00526	0.01107	0.00977	0.01483	0.01322	0.01412	0.10861	0.00451	0.00371	0.00080	0.00331	0.00366	0.00296	0.75529
58	0.00816	0.00560	0.00621	0.00579	0.00627	0.00577	0.00359	0.10676	0.00869	0.01161	0.01421	0.02799	0.01577	0.73069	0.02126	0.00411	0.00459	0.00644	0.00305	0.00347
59	0.11546	0.01567	0.36577	0.01238	0.01715	0.00979	0.20358	0.01394	0.01001	0.02791	0.03602	0.02499	0.00857	0.00476	0.00441	0.00145	0.00585	0.00428	0.11194	0.00606
60	0.00829	0.00430	0.00447	0.00461	0.00559	0.00427	0.00339	0.01028	0.00965	0.01665	0.01651	0.12128	0.01432	0.00659	0.00359	0.00119	0.00224	0.00547	0.75306	0.00427
61	0.13499	0.11444	0.01251	0.00905	0.01215	0.21564	0.00734	0.05989	0.11241	0.20405	0.02701	0.01179	0.00910	0.00512	0.00406	0.00130	0.00513	0.00371	0.00370	0.04662
62	0.01738	0.02217	0.01318	0.01199	0.01438	0.81783	0.00899	0.01858	0.01318	0.01139	0.00719	0.00839	0.00599	0.00479	0.00419	0.00120	0.00839	0.00300	0.00240	0.00539
63	0.00867	0.00434	0.00434	0.00434	0.00542	0.00434	0.00325	0.01084	0.00976	0.01734	0.01518	0.01734	0.01192	0.00542	0.00325	0.00108	0.00217	0.00434	0.86233	0.00434
64	0.71765	0.00856	0.00700	0.00639	0.00898	0.00978	0.00513	0.05088	0.00873	0.02014	0.00915	0.11292	0.00846	0.00569	0.00336	0.00149	0.00356	0.00396	0.00315	0.00502
65	0.01230	0.01131	0.01826	0.02628	0.70649	0.01148	0.01359	0.11332	0.01203	0.01700	0.00906	0.01147	0.00744	0.00433	0.00461	0.00138	0.00547	0.00415	0.00260	0.00744
66	0.00913	0.00840	0.01391	0.54525	0.19952	0.00975	0.01193	0.01176	0.00926	0.01225	0.00919	0.01450	0.00782	0.11048	0.00706	0.00189	0.00584	0.00447	0.00221	0.00535
67	0.00693	0.00445	0.00520	0.00520	0.00520	0.00445	0.00297	0.00668	0.00668	0.00890	0.01382	0.02837	0.01579	0.73203	0.02298	0.11405	0.00445	0.00642	0.00272	0.00272

[dist]
# distance from previous block
# <min> <max>
0	1

[block]
# block no. 3 follows, 55 sequences, length 30
# corresponding to MSA columns:
# 816-845
name=unknown_D
#
# <colnr> <probs for GDERKNQSTAVLIFYWHMCP>
#	G	D	E	R	K	N	Q	S	T	A	V	L	I	F	Y	W	H	M	C	P
0	0.01620	0.01195	0.01309	0.01027	0.01361	0.01327	0.00844	0.68676	0.01994	0.02683	0.01134	0.01212	0.00841	0.00952	0.11386	0.00221	0.00610	0.00430	0.00436	0.00741
1	0.01119	0.01056	0.01421	0.01201	0.01251	0.01427	0.01000	0.11602	0.00910	0.01363	0.00679	0.01031	0.00635	0.00780	0.01384	0.00195	0.71751	0.00409	0.00239	0.00547
2	0.01607	0.01182	0.01281	0.01014	0.01340	0.01300	0.00823	0.68651	0.02013	0.02698	0.01311	0.12157	0.01098	0.00679	0.00483	0.00146	0.00479	0.00540	0.00461	0.00736
3	0.75382	0.00890	0.00779	0.11610	0.01209	0.01042	0.00610	0.01344	0.00810	0.01967	0.00672	0.00821	0.00519	0.00436	0.00312	0.00145	0.00395	0.00274	0.00277	0.00506
4	0.01768	0.01303	0.01396	0.01070	0.01443	0.01443	0.00884	0.79197	0.02187	0.02932	0.01117	0.01117	0.00791	0.00558	0.00465	0.00140	0.00512	0.00419	0.00465	0.00791
5	0.00685	0.00481	0.00702	0.00702	0.00765	0.00543	0.00525	0.00784	0.00721	0.01024	0.01211	0.01906	0.01173	0.12027	0.62358	0.12224	0.01046	0.00505	0.00246	0.00372
6	0.01649	0.01239	0.01396	0.12007	0.01679	0.01388	0.00939	0.68724	0.02019	0.02698	0.01078	0.01133	0.00768	0.00546	0.00465	0.00142	0.00526	0.00418	0.00431	0.00754
7	0.01764	0.01426	0.01386	0.01088	0.01442	0.12229	0.00886	0.68814	0.02071	0.02691	0.01064	0.01080	0.00765	0.00548	0.00459	0.00137	0.00556	0.00403	0.00435	0.00757
8	0.01018	0.01018	0.01425	0.01221	0.01221	0.01425	0.01018	0.01120	0.00712	0.01120	0.00611	0.01018	0.00611	0.00814	0.01527	0.00204	0.82799	0.00407	0.00204	0.00509
9	0.00787	0.00591	0.00773	0.00868	0.00983	0.02475	0.00753	0.01035	0.03708	0.01405	0.02403	0.05026	0.02586	0.01244	0.00632	0.00210	0.00436	0.73218	0.00425	0.00441
10	0.01157	0.00999	0.01052	0.00947	0.01210	0.01157	0.00736	0.02472	0.79908	0.01946	0.01893	0.01736	0.01420	0.00631	0.00473	0.00158	0.00368	0.00526	0.00473	0.00736
11	0.01788	0.01272	0.01377	0.01056	0.01427	0.01397	0.00872	0.74561	0.02136	0.07641	0.01160	0.01145	0.00813	0.00560	0.00466	0.00140	0.00505	0.00422	0.00472	0.00791
12	0.01151	0.01105	0.01888	0.02855	0.80748	0.01105	0.01428	0.01428	0.01059	0.01520	0.00875	0.01151	0.00737	0.00415	0.00461	0.00138	0.00553	0.00415	0.00230	0.00737
13	0.01151	0.01105	0.01888	0.02855	0.80748	0.01105	0.01428	0.01428	0.01059	0.01520	0.00875	0.01151	0.00737	0.00415	0.00461	0.00138	0.00553	0.00415	0.00230	0.00737
14	0.00867	0.00434	0.00434	0.00434	0.00542	0.00434	0.00325	0.01084	0.00976	0.01734	0.01518	0.01734	0.01192	0.00542	0.00325	0.00108	0.00217	0.00434	0.86233	0.00434
15	0.00563	0.00418	0.00526	0.00613	0.00666	0.00381	0.00416	0.00652	0.00924	0.01201	0.02987	0.67834	0.18317	0.01403	0.00585	0.00183	0.00263	0.01256	0.00432	0.00381
16	0.00844	0.00681	0.00727	0.00654	0.00823	0.04484	0.00503	0.12506	0.01373	0.01815	0.43145	0.03285	0.25506	0.00935	0.00530	0.00147	0.00297	0.00793	0.00469	0.00483
17	0.02903	0.00561	0.00719	0.00780	0.00897	0.02066	0.00660	0.00959	0.01123	0.01505	0.19936	0.04622	0.06224	0.01169	0.00605	0.00193	0.00380	0.53824	0.00440	0.00433
18	0.18469	0.01901	0.01181	0.01071	0.01322	0.62142	0.00814	0.01790	0.04879	0.01363	0.00760	0.00864	0.00619	0.00477	0.00396	0.00126	0.00723	0.00301	0.00260	0.00542
19	0.00631	0.00468	0.00629	0.00761	0.04437	0.00445	0.00498	0.02669	0.00946	0.01258	0.02548	0.70614	0.06619	0.01366	0.00584	0.00185	0.00294	0.04216	0.00423	0.00408
20	0.01138	0.01092	0.01865	0.06685	0.77022	0.01102	0.01421	0.01416	0.01053	0.01504	0.00873	0.01156	0.00731	0.00417	0.00461	0.00139	0.00556	0.00414	0.00229	0.00726
21	0.00906	0.00758	0.01276	0.01472	0.23509	0.00730	0.11320	0.01121	0.01057	0.05148	0.10637	0.26756	0.02110	0.00901	0.00545	0.00167	0.00438	0.10239	0.00364	0.00545
22	0.23568	0.01494	0.01180	0.04794	0.01380	0.29596	0.00808	0.26945	0.02895	0.01984	0.00857	0.00944	0.00653	0.00495	0.00404	0.00135	0.00590	0.00336	0.00328	0.00615
23	0.04308	0.00963	0.01321	0.44904	0.02319	0.08209	0.04714	0.01411	0.02588	0.11981	0.01043	0.05050	0.00822	0.00538	0.00511	0.00151	0.04525	0.00450	0.00282	0.03911
24	0.05554	0.01248	0.01475	0.06709	0.01597	0.15403	0.16403	0.15494	0.11289	0.02793	0.01401	0.01505	0.08923	0.00593	0.00564	0.00150	0.07473	0.00486	0.00330	0.00610
25	0.07655	0.01059	0.01327	0.24786	0.09944	0.11058	0.05834	0.05849	0.08999	0.05880	0.01048	0.01286	0.00818	0.00889	0.11373	0.00227	0.00671	0.00422	0.00289	0.00587
26	0.05601	0.01148	0.01176	0.14363	0.01573	0.15815	0.00827	0.10624	0.08952	0.23295	0.01210	0.01238	0.00861	0.00509	0.00435	0.00133	0.00517	0.00395	0.00381	0.10947
27	0.20956	0.00987	0.00903	0.00805	0.01030	0.15264	0.03493	0.03757	0.01093	0.04658	0.09479	0.07969	0.13148	0.00750	0.00475	0.00147	0.02060	0.06395	0.00356	0.06275
28	0.09573	0.01112	0.01094	0.02183	0.01222	0.15215	0.04339	0.13048	0.08501	0.03362	0.04098	0.11904	0.02283	0.00646	0.00461	0.00135	0.01675	0.02017	0.00353	0.16779
29	0.03144	0.01311	0.01266	0.03797	0.13141	0.22328	0.00854	0.13057	0.05409	0.02874	0.00979	0.01093	0.02018	0.00460	0.00414	0.00115	0.00540	0.00355	0.00303	0.26541

[dist]
# distance from previous block
# <min> <max>
9	80

[block]
# block no. 4 follows, 55 sequences, length 6
# corresponding to MSA columns:
# 936-939,945,946
name=unknown_E
#
# <colnr> <probs for GDERKNQSTAVLIFYWHMCP>
#	G	D	E	R	K	N	Q	S	T	A	V	L	I	F	Y	W	H	M	C	P
0	0.06886	0.00923	0.00938	0.00833	0.02481	0.08389	0.00633	0.09249	0.11049	0.10863	0.01987	0.06724	0.16841	0.06519	0.00663	0.00166	0.05555	0.00584	0.00387	0.08329
1	0.08170	0.00663	0.00796	0.05816	0.00996	0.00712	0.00575	0.06009	0.08127	0.05555	0.01555	0.03740	0.04877	0.23566	0.18390	0.00361	0.00599	0.05685	0.00334	0.03474
2	0.08317	0.00822	0.01015	0.02287	0.01132	0.00790	0.05121	0.12048	0.03601	0.05817	0.01332	0.16037	0.01277	0.07144	0.00616	0.00156	0.02239	0.02024	0.00351	0.27874
3	0.08332	0.00985	0.01003	0.00798	0.01113	0.09181	0.00631	0.06409	0.01042	0.01559	0.00962	0.08458	0.00883	0.00518	0.00469	0.00107	0.06755	0.00391	0.00294	0.50110
4	0.00650	0.00512	0.00674	0.00646	0.00769	0.00477	0.05321	0.00785	0.00968	0.01266	0.06488	0.15188	0.34081	0.11672	0.08183	0.00252	0.00404	0.05494	0.05771	0.00400
5	0.00828	0.00658	0.00738	0.00759	0.00857	0.07910	0.00563	0.00948	0.00952	0.06206	0.02090	0.43540	0.04886	0.01535	0.12769	0.00261	0.03624	0.07422	0.00382	0.03072

[dist]
# distance from previous block
# <min> <max>
32	109

[block]
# block no. 5 follows, 55 sequences, length 9
# corresponding to MSA columns:
# 1068-1076
name=unknown_F
#
# <colnr> <probs for GDERKNQSTAVLIFYWHMCP>
#	G	D	E	R	K	N	Q	S	T	A	V	L	I	F	Y	W	H	M	C	P
0	0.00835	0.00524	0.00735	0.00710	0.00814	0.00484	0.05092	0.00934	0.00933	0.12434	0.02283	0.45061	0.07602	0.18196	0.00936	0.00233	0.00353	0.01000	0.00410	0.00432
1	0.01246	0.09070	0.35105	0.01167	0.01647	0.09671	0.06447	0.08149	0.01164	0.10002	0.03714	0.01127	0.00815	0.00486	0.00471	0.00137	0.03170	0.00379	0.00283	0.05752
2	0.13240	0.01112	0.01991	0.04017	0.05216	0.01135	0.43510	0.09105	0.01115	0.01663	0.01008	0.07187	0.00852	0.00524	0.00567	0.00158	0.06191	0.00532	0.00277	0.00601
3	0.00734	0.00556	0.00881	0.00828	0.00943	0.00518	0.11546	0.00862	0.00946	0.05080	0.03815	0.52296	0.07130	0.06301	0.00715	0.02066	0.00365	0.03594	0.00398	0.00427
4	0.04077	0.01134	0.01906	0.06930	0.01887	0.04394	0.35013	0.05305	0.04212	0.12764	0.01024	0.01234	0.00766	0.00527	0.00701	0.00161	0.16569	0.00474	0.00298	0.00625
5	0.03661	0.01023	0.01503	0.01223	0.04804	0.01045	0.17844	0.17715	0.07546	0.11501	0.01243	0.03130	0.00997	0.00649	0.02617	0.00162	0.06761	0.05035	0.00363	0.11176
6	0.01162	0.01136	0.01869	0.04269	0.17721	0.03964	0.29580	0.10558	0.07148	0.01681	0.04375	0.03454	0.00983	0.00494	0.00509	0.00143	0.02028	0.00498	0.00298	0.08130
7	0.04578	0.01086	0.04085	0.14345	0.04413	0.04076	0.19851	0.15124	0.03795	0.01679	0.02085	0.06769	0.00949	0.00694	0.04443	0.00177	0.04012	0.00501	0.01954	0.05382
8	0.04916	0.01072	0.09735	0.06113	0.01535	0.04745	0.17728	0.01276	0.00978	0.06817	0.02368	0.08289	0.03506	0.02110	0.09306	0.00218	0.08433	0.00526	0.01571	0.08758

[dist]
# distance from previous block
# <min> <max>
29	179

[block]
# block no. 6 follows, 55 sequences, length 8
# corresponding to MSA columns:
# 1338-1345
name=unknown_G
#
# <colnr> <probs for GDERKNQSTAVLIFYWHMCP>
#	G	D	E	R	K	N	Q	S	T	A	V	L	I	F	Y	W	H	M	C	P
0	0.01155	0.01313	0.13915	0.07075	0.52808	0.01132	0.05691	0.08416	0.01144	0.01619	0.00892	0.01134	0.00711	0.00433	0.00463	0.00142	0.00586	0.00411	0.00245	0.00715
1	0.08813	0.05178	0.15497	0.01440	0.01830	0.08752	0.34093	0.01419	0.00999	0.01421	0.00852	0.01121	0.00678	0.00689	0.06715	0.00197	0.09055	0.00432	0.00230	0.00589
2	0.00904	0.01123	0.14196	0.05966	0.01294	0.12454	0.06005	0.01157	0.04865	0.01237	0.01510	0.25853	0.01578	0.12624	0.06903	0.00245	0.00581	0.00713	0.00306	0.00485
3	0.00843	0.00617	0.00942	0.00830	0.00992	0.00561	0.11562	0.00982	0.00942	0.08405	0.01978	0.36583	0.04860	0.15351	0.00859	0.00213	0.00397	0.03621	0.00375	0.09085
4	0.01143	0.07513	0.26907	0.03789	0.07566	0.01132	0.04895	0.10765	0.15814	0.04758	0.01190	0.01451	0.00947	0.05394	0.00585	0.00166	0.01837	0.03171	0.00313	0.00666
5	0.01284	0.12768	0.17975	0.05741	0.01482	0.01035	0.04014	0.06629	0.09944	0.19792	0.04170	0.02740	0.06325	0.00572	0.00448	0.00140	0.00483	0.00468	0.00367	0.03623
6	0.01518	0.01627	0.01258	0.08489	0.01502	0.45306	0.00883	0.08912	0.03943	0.06673	0.00985	0.05881	0.00834	0.00576	0.00524	0.00137	0.06878	0.00408	0.00298	0.03369
7	0.04433	0.00924	0.06222	0.05521	0.01174	0.09587	0.00758	0.05093	0.01141	0.09846	0.08681	0.03083	0.06688	0.08319	0.00695	0.00194	0.00472	0.26275	0.00386	0.00508

[dist]
# distance from previous block
# <min> <max>
14	56

[block]
# block no. 7 follows, 55 sequences, length 6
# corresponding to MSA columns:
# 1414-1419
name=unknown_H
#
# <colnr> <probs for GDERKNQSTAVLIFYWHMCP>
#	G	D	E	R	K	N	Q	S	T	A	V	L	I	F	Y	W	H	M	C	P
0	0.04547	0.02925	0.22715	0.02571	0.03383	0.17064	0.09232	0.10933	0.01219	0.04810	0.04997	0.03639	0.03290	0.00554	0.00505	0.00143	0.04289	0.00442	0.00293	0.02450
1	0.04734	0.06404	0.01234	0.01000	0.01209	0.11691	0.00825	0.22358	0.05747	0.01766	0.02996	0.03954	0.02982	0.00762	0.00681	0.00163	0.16008	0.14545	0.00356	0.00585
2	0.06652	0.01090	0.01523	0.06598	0.15277	0.01158	0.10688	0.28382	0.01425	0.04906	0.05437	0.01258	0.00938	0.00524	0.00532	0.00143	0.06097	0.00438	0.00344	0.06587
3	0.04213	0.03717	0.01097	0.00885	0.01147	0.13042	0.00705	0.22564	0.07384	0.07962	0.07104	0.06108	0.09732	0.00684	0.00507	0.00140	0.04134	0.00531	0.02239	0.06107
4	0.07576	0.19238	0.38601	0.01193	0.06622	0.01247	0.01238	0.05401	0.00996	0.01467	0.00848	0.03252	0.00707	0.03000	0.00545	0.00150	0.06695	0.00367	0.00230	0.00629
5	0.00660	0.00596	0.05769	0.00726	0.00828	0.00504	0.00569	0.00874	0.06051	0.01302	0.06424	0.52520	0.04612	0.03769	0.03931	0.00214	0.00362	0.09449	0.00411	0.00429

[dist]
# distance from previous block
# <min> <max>
38	86

[block]
# block no. 8 follows, 55 sequences, length 67
# corresponding to MSA columns:
# 1535-1601
name=unknown_I
#
# <colnr> <probs for GDERKNQSTAVLIFYWHMCP>
#	G	D	E	R	K	N	Q	S	T	A	V	L	I	F	Y	W	H	M	C	P
0	0.07985	0.28264	0.21571	0.01062	0.01490	0.08372	0.06492	0.06250	0.01088	0.07458	0.02188	0.00992	0.00714	0.00467	0.00437	0.00131	0.03806	0.00341	0.00262	0.00630
1	0.07216	0.19529	0.04568	0.00951	0.01272	0.21594	0.00816	0.10625	0.05940	0.12881	0.01153	0.01319	0.02549	0.00547	0.00428	0.00132	0.01612	0.04337	0.00334	0.02197
2	0.44622	0.21186	0.15321	0.00810	0.01199	0.01253	0.00810	0.04337	0.02604	0.03198	0.00746	0.00843	0.00583	0.00437	0.00331	0.00134	0.00457	0.00283	0.00266	0.00579
3	0.05331	0.00850	0.01394	0.72677	0.08570	0.01039	0.01261	0.01215	0.00932	0.01258	0.00821	0.01209	0.00622	0.00460	0.00456	0.00153	0.00602	0.00405	0.00213	0.00532
4	0.01080	0.01033	0.01760	0.23666	0.60495	0.01087	0.01392	0.01365	0.01026	0.01433	0.00862	0.01175	0.00706	0.00428	0.00462	0.00143	0.00570	0.00414	0.00224	0.00679
5	0.00663	0.00481	0.00599	0.00566	0.00690	0.00434	0.00426	0.00860	0.01263	0.03248	0.63043	0.03650	0.20367	0.00992	0.00547	0.00149	0.00226	0.00864	0.00496	0.00436
6	0.00879	0.00827	0.01395	0.82532	0.03204	0.01034	0.01292	0.01189	0.00930	0.01189	0.00827	0.01240	0.00620	0.00465	0.00465	0.00155	0.00620	0.00413	0.00207	0.00517
7	0.01046	0.00574	0.00755	0.00657	0.00836	0.00523	0.00511	0.02895	0.01339	0.22051	0.58792	0.02943	0.03489	0.00847	0.00526	0.00146	0.00271	0.00737	0.00527	0.00536
8	0.00879	0.00827	0.01395	0.82532	0.03204	0.01034	0.01292	0.01189	0.00930	0.01189	0.00827	0.01240	0.00620	0.00465	0.00465	0.00155	0.00620	0.00413	0.00207	0.00517
9	0.01514	0.01177	0.01253	0.01019	0.01346	0.01324	0.00823	0.47246	0.34553	0.02521	0.01440	0.01375	0.01053	0.00589	0.00469	0.00147	0.00452	0.00463	0.00469	0.00768
10	0.01242	0.00685	0.01022	0.00879	0.01094	0.00632	0.09143	0.05377	0.01141	0.30462	0.02046	0.40298	0.01997	0.00973	0.00536	0.00166	0.00385	0.00880	0.00465	0.00577
11	0.00553	0.00460	0.00483	0.00502	0.00636	0.00390	0.00367	0.00664	0.01031	0.01245	0.04341	0.18114	0.67163	0.01226	0.00557	0.00163	0.00242	0.01041	0.00432	0.00390
12	0.01565	0.24001	0.01559	0.00937	0.01285	0.06384	0.00798	0.25058	0.16036	0.15982	0.01234	0.01195	0.00906	0.00526	0.00418	0.00131	0.00481	0.00393	0.00399	0.00712
13	0.01095	0.45002	0.40067	0.01049	0.01585	0.01478	0.01237	0.01431	0.00963	0.01275	0.00737	0.00859	0.00593	0.00419	0.00367	0.00122	0.00588	0.00294	0.00198	0.00640
14	0.00945	0.03978	0.72591	0.01293	0.03285	0.01056	0.01609	0.01450	0.01006	0.02651	0.05222	0.01126	0.00809	0.00470	0.00446	0.00146	0.00651	0.00372	0.00220	0.00674
15	0.01098	0.01255	0.02745	0.01961	0.02431	0.01176	0.79059	0.01490	0.01098	0.01490	0.00941	0.01255	0.00706	0.00392	0.00549	0.00157	0.00784	0.00549	0.00235	0.00627
16	0.00788	0.00759	0.01458	0.01195	0.01406	0.00710	0.33175	0.00999	0.00977	0.01314	0.01888	0.49160	0.02090	0.01014	0.00575	0.00176	0.00484	0.01000	0.00350	0.00482
17	0.01447	0.01001	0.01536	0.05055	0.09672	0.05070	0.18869	0.03044	0.06659	0.29924	0.05788	0.01688	0.02531	0.00572	0.00516	0.00151	0.02098	0.03307	0.00400	0.00674
18	0.00753	0.00738	0.05158	0.00954	0.05424	0.00634	0.12533	0.00995	0.01182	0.01628	0.42724	0.04914	0.16845	0.00860	0.00562	0.00152	0.02266	0.00774	0.00415	0.00489
19	0.00570	0.00406	0.00539	0.00644	0.00670	0.00380	0.00428	0.00649	0.00885	0.01180	0.02533	0.81074	0.03038	0.03784	0.00644	0.00196	0.00275	0.01304	0.00428	0.00375
20	0.01123	0.01076	0.01837	0.11223	0.72605	0.01098	0.01413	0.01403	0.01046	0.01485	0.00870	0.01161	0.00725	0.00420	0.00461	0.00140	0.00560	0.00414	0.00228	0.00714
21	0.23537	0.13497	0.12650	0.04540	0.05653	0.01219	0.14640	0.08697	0.02705	0.06081	0.00878	0.01017	0.00665	0.00452	0.00424	0.00141	0.01931	0.00367	0.00281	0.00625
22	0.00928	0.00883	0.01092	0.01023	0.03281	0.08134	0.00790	0.01054	0.00791	0.01114	0.00942	0.01471	0.00909	0.08260	0.30254	0.00407	0.35699	0.00452	0.02049	0.00465
23	0.00665	0.00498	0.00748	0.00748	0.00831	0.00582	0.00582	0.00831	0.00748	0.01080	0.01246	0.01828	0.01163	0.03489	0.81807	0.00748	0.01246	0.00498	0.00249	0.00415
24	0.01808	0.00911	0.01179	0.01040	0.07963	0.02317	0.01863	0.13862	0.04653	0.50813	0.01608	0.02855	0.01091	0.00570	0.00462	0.00142	0.00427	0.00469	0.05216	0.00751
25	0.00728	0.02895	0.00699	0.04850	0.02500	0.00542	0.00502	0.00881	0.02458	0.05768	0.07773	0.16320	0.41571	0.05616	0.00662	0.00177	0.02141	0.03066	0.00410	0.00439
26	0.01711	0.06705	0.01380	0.01176	0.01425	0.77392	0.00893	0.01832	0.01298	0.01136	0.00715	0.00834	0.00599	0.00475	0.00413	0.00119	0.00820	0.00297	0.00237	0.00542
27	0.01202	0.00916	0.01137	0.00828	0.01233	0.00776	0.04925	0.12579	0.01186	0.09800	0.00978	0.01065	0.00752	0.00402	0.00386	0.00092	0.00398	0.00331	0.00331	0.60685
28	0.00898	0.00847	0.01431	0.76783	0.08799	0.01039	0.01302	0.01206	0.00940	0.01213	0.00830	0.01234	0.00629	0.00461	0.00465	0.00154	0.00615	0.00414	0.00208	0.00533
29	0.00965	0.00827	0.00965	0.00689	0.01102	0.00620	0.00551	0.01171	0.00965	0.01516	0.00827	0.00965	0.00689	0.00345	0.00345	0.00069	0.00345	0.00276	0.00276	0.86494
30	0.01403	0.01361	0.01669	0.02136	0.47721	0.16465	0.01204	0.19164	0.01364	0.01768	0.00900	0.01084	0.00723	0.00459	0.00454	0.00135	0.00598	0.00394	0.00285	0.00712
31	0.00963	0.00913	0.01548	0.57882	0.27194	0.01056	0.01334	0.01263	0.00970	0.01291	0.00842	0.01213	0.00656	0.00449	0.00464	0.00150	0.00599	0.00414	0.00214	0.00585
32	0.00986	0.15910	0.65986	0.01221	0.01853	0.01194	0.01534	0.01452	0.00976	0.01412	0.00803	0.00943	0.00593	0.00432	0.00416	0.00137	0.00647	0.00326	0.00199	0.02981
33	0.00968	0.11563	0.72389	0.01266	0.01921	0.01166	0.01615	0.01464	0.00978	0.01431	0.00814	0.00956	0.00590	0.00437	0.00426	0.00142	0.00666	0.00333	0.00197	0.00677
34	0.00668	0.00489	0.00556	0.00572	0.00644	0.00467	0.00381	0.04978	0.00931	0.01199	0.02680	0.28048	0.23820	0.31046	0.01216	0.00272	0.00339	0.00945	0.00380	0.00370
35	0.02843	0.02548	0.08126	0.15623	0.16665	0.02213	0.06782	0.06422	0.05921	0.07083	0.04180	0.01857	0.14491	0.00609	0.00476	0.00147	0.00495	0.00531	0.02381	0.00608
36	0.00962	0.00802	0.01227	0.24614	0.17188	0.03104	0.02898	0.01209	0.01041	0.05449	0.01573	0.06445	0.01545	0.00808	0.00537	0.00174	0.00519	0.29043	0.00324	0.00538
37	0.00550	0.00471	0.00471	0.00471	0.00628	0.00393	0.00353	0.00668	0.01060	0.01257	0.04713	0.04477	0.80560	0.01178	0.00550	0.00157	0.00236	0.00982	0.00432	0.00393
38	0.02080	0.00803	0.01087	0.00833	0.01193	0.00701	0.00688	0.04014	0.01351	0.79296	0.01819	0.01573	0.01143	0.00575	0.00468	0.00144	0.00398	0.00467	0.00573	0.00792
39	0.01477	0.10925	0.12893	0.01283	0.01688	0.23245	0.19796	0.06559	0.01233	0.15018	0.00996	0.01093	0.00730	0.00465	0.00451	0.00136	0.00670	0.00396	0.00299	0.00647
40	0.00960	0.00926	0.01554	0.21593	0.10866	0.03261	0.18670	0.02453	0.04210	0.01322	0.01017	0.01419	0.00850	0.03183	0.19981	0.00303	0.05017	0.00472	0.01392	0.00549
41	0.00577	0.00459	0.00517	0.00530	0.00652	0.00400	0.00387	0.00710	0.01084	0.01377	0.20865	0.19403	0.49033	0.01182	0.00558	0.00161	0.00239	0.01017	0.00449	0.00400
42	0.42450	0.01321	0.01313	0.01192	0.08121	0.22019	0.14471	0.01521	0.01005	0.01688	0.00737	0.00899	0.00584	0.00436	0.00383	0.00139	0.00575	0.00330	0.00261	0.00555
43	0.00640	0.00439	0.00532	0.00577	0.00592	0.00429	0.00361	0.00681	0.00775	0.01031	0.01918	0.32462	0.02248	0.49413	0.01632	0.00343	0.00384	0.04876	0.00344	0.00324
44	0.01127	0.31298	0.05701	0.00816	0.01233	0.02860	0.02153	0.05541	0.01035	0.01429	0.00777	0.00897	0.00654	0.00384	0.00345	0.00091	0.00446	0.00283	0.00252	0.42679
45	0.01249	0.00969	0.00986	0.00866	0.02537	0.11665	0.00661	0.05932	0.18748	0.14836	0.25753	0.02005	0.02060	0.00664	0.00475	0.00137	0.00399	0.00550	0.00446	0.09060
46	0.00879	0.00827	0.01395	0.82532	0.03204	0.01034	0.01292	0.01189	0.00930	0.01189	0.00827	0.01240	0.00620	0.00465	0.00465	0.00155	0.00620	0.00413	0.00207	0.00517
47	0.00658	0.00476	0.00622	0.00585	0.00695	0.00439	0.00439	0.00878	0.01317	0.01866	0.80503	0.03475	0.04390	0.00951	0.00549	0.00146	0.00219	0.00841	0.00512	0.00439
48	0.00658	0.00476	0.00622	0.00585	0.00695	0.00439	0.00439	0.00878	0.01317	0.01866	0.80503	0.03475	0.04390	0.00951	0.00549	0.00146	0.00219	0.00841	0.00512	0.00439
49	0.01098	0.01255	0.02745	0.01961	0.02431	0.01176	0.79059	0.01490	0.01098	0.01490	0.00941	0.01255	0.00706	0.00392	0.00549	0.00157	0.00784	0.00549	0.00235	0.00627
50	0.00658	0.00476	0.00622	0.00585	0.00695	0.00439	0.00439	0.00878	0.01317	0.01866	0.80503	0.03475	0.04390	0.00951	0.00549	0.00146	0.00219	0.00841	0.00512	0.00439
51	0.00808	0.00404	0.00606	0.00606	0.00606	0.00404	0.00404	0.00606	0.00606	0.00808	0.00808	0.01414	0.00808	0.01616	0.01818	0.86465	0.00404	0.00404	0.00202	0.00202
52	0.00677	0.00451	0.00507	0.00507	0.00507	0.00451	0.00282	0.00677	0.00677	0.00902	0.01466	0.03044	0.01691	0.83650	0.02368	0.00451	0.00451	0.00677	0.00282	0.00282
53	0.01098	0.01255	0.02745	0.01961	0.02431	0.01176	0.79059	0.01490	0.01098	0.01490	0.00941	0.01255	0.00706	0.00392	0.00549	0.00157	0.00784	0.00549	0.00235	0.00627
54	0.01738	0.02217	0.01318	0.01199	0.01438	0.81783	0.00899	0.01858	0.01318	0.01139	0.00719	0.00839	0.00599	0.00479	0.00419	0.00120	0.00839	0.00300	0.00240	0.00539
55	0.01573	0.01611	0.01244	0.01073	0.01343	0.37828	0.00828	0.24527	0.17132	0.01810	0.01109	0.01219	0.00878	0.05101	0.00551	0.00151	0.00629	0.00400	0.00354	0.00638
56	0.00879	0.00827	0.01395	0.82532	0.03204	0.01034	0.01292	0.01189	0.00930	0.01189	0.00827	0.01240	0.00620	0.00465	0.00465	0.00155	0.00620	0.00413	0.00207	0.00517
57	0.02015	0.00908	0.01151	0.00883	0.01245	0.00856	0.00729	0.19731	0.01526	0.63332	0.01672	0.01478	0.01070	0.00572	0.00467	0.00143	0.00422	0.00457	0.00551	0.00792
58	0.00879	0.00827	0.01395	0.82532	0.03204	0.01034	0.01292	0.01189	0.00930	0.01189	0.00827	0.01240	0.00620	0.00465	0.00465	0.00155	0.00620	0.00413	0.00207	0.00517
59	0.01091	0.49689	0.21431	0.00964	0.01403	0.01454	0.05277	0.01357	0.01007	0.01299	0.10131	0.01154	0.01049	0.00474	0.00377	0.00120	0.00527	0.00358	0.00237	0.00602
60	0.00879	0.00827	0.01395	0.82532	0.03204	0.01034	0.01292	0.01189	0.00930	0.01189	0.00827	0.01240	0.00620	0.00465	0.00465	0.00155	0.00620	0.00413	0.00207	0.00517
61	0.00940	0.00890	0.01507	0.64445	0.20808	0.01050	0.01323	0.01243	0.00960	0.01264	0.00838	0.01220	0.00647	0.00454	0.00464	0.00151	0.00605	0.00414	0.00212	0.00567
62	0.00847	0.01621	0.47710	0.01120	0.01562	0.00845	0.01299	0.01245	0.01010	0.01429	0.01518	0.06722	0.01479	0.00802	0.00523	0.00174	0.00572	0.28652	0.00293	0.00577
63	0.32132	0.01043	0.01276	0.01015	0.01347	0.01131	0.14418	0.16758	0.16139	0.07100	0.01137	0.02664	0.00857	0.00515	0.00420	0.00149	0.00466	0.00422	0.00369	0.00641
64	0.01062	0.00995	0.01634	0.28091	0.26995	0.02719	0.11650	0.07585	0.01116	0.01518	0.05021	0.01352	0.00917	0.00617	0.04299	0.00174	0.00615	0.00457	0.02572	0.00613
65	0.02216	0.00717	0.00754	0.00749	0.00892	0.06612	0.00566	0.01218	0.15850	0.04043	0.03559	0.21999	0.14005	0.06107	0.07256	0.00232	0.00441	0.10256	0.00402	0.02126
66	0.05343	0.00782	0.01027	0.00830	0.01101	0.02556	0.09979	0.02991	0.02839	0.04521	0.12625	0.07879	0.15833	0.00728	0.00495	0.00133	0.02091	0.03063	0.00365	0.24820

[dist]
# distance from previous block
# <min> <max>
2	51

[block]
# block no. 9 follows, 55 sequences, length 12
# corresponding to MSA columns:
# 1675-1686
name=unknown_J
#
# <colnr> <probs for GDERKNQSTAVLIFYWHMCP>
#	G	D	E	R	K	N	Q	S	T	A	V	L	I	F	Y	W	H	M	C	P
0	0.03110	0.05747	0.08963	0.00965	0.01283	0.08428	0.04064	0.23629	0.09328	0.04401	0.03125	0.04412	0.09871	0.03561	0.02996	0.00171	0.00517	0.01839	0.00372	0.03217
1	0.01085	0.26436	0.52005	0.01160	0.01729	0.07358	0.01385	0.01478	0.00997	0.01336	0.00771	0.00902	0.00592	0.00432	0.00398	0.00131	0.00643	0.00312	0.00200	0.00650
2	0.01017	0.01126	0.02411	0.01762	0.02165	0.01055	0.67131	0.01362	0.01067	0.01444	0.01187	0.13708	0.01066	0.00554	0.00556	0.00162	0.00706	0.00666	0.00265	0.00590
