[name]
unknown

[dist]
# distance from previous block
# <min> <max>
6	390

[block]
# block no. 0 follows, 59 sequences, length 11
# corresponding to MSA columns:
# 399-409
name=unknown_A
#
# <colnr> <probs for GDERKNQSTAVLIFYWHMCP>
#	G	D	E	R	K	N	Q	S	T	A	V	L	I	F	Y	W	H	M	C	P
0	0.00682	0.00504	0.00585	0.00564	0.00685	0.00474	0.00413	0.05201	0.03648	0.03138	0.28756	0.15306	0.28521	0.08707	0.00678	0.00175	0.00264	0.00856	0.00428	0.00415
1	0.10968	0.00666	0.00737	0.00677	0.00850	0.00696	0.00516	0.12772	0.09244	0.07497	0.11358	0.22288	0.07406	0.03408	0.02874	0.00172	0.00338	0.00701	0.06327	0.00503
2	0.00711	0.00490	0.00591	0.00578	0.00688	0.00463	0.00417	0.00922	0.06974	0.06540	0.29078	0.20038	0.18388	0.11230	0.00731	0.00185	0.00269	0.00856	0.00430	0.00420
3	0.03175	0.00521	0.00589	0.00594	0.00721	0.00502	0.00444	0.04548	0.07108	0.01408	0.13860	0.25922	0.32458	0.01081	0.00522	0.00158	0.00266	0.05281	0.00421	0.00422
4	0.00697	0.00518	0.00727	0.03149	0.00817	0.00580	0.02114	0.00826	0.03573	0.01047	0.01363	0.07933	0.04237	0.16782	0.35013	0.10041	0.06066	0.00559	0.03587	0.00370
5	0.17201	0.00522	0.00560	0.00571	0.00667	0.00535	0.00401	0.03284	0.00885	0.01386	0.11488	0.32189	0.06254	0.18076	0.00833	0.00212	0.00306	0.00808	0.03440	0.00385
6	0.04832	0.00562	0.00632	0.00610	0.00738	0.00563	0.00442	0.03305	0.12585	0.05802	0.12744	0.20162	0.18947	0.15136	0.00795	0.00200	0.00303	0.00797	0.00404	0.00442
7	0.09452	0.01271	0.01192	0.00995	0.01273	0.17935	0.03723	0.31128	0.17840	0.01981	0.01182	0.01282	0.02584	0.00553	0.00462	0.00138	0.03273	0.02738	0.00366	0.00633
8	0.01120	0.06699	0.10148	0.06316	0.18116	0.14056	0.15762	0.04687	0.01034	0.01333	0.00913	0.03155	0.02746	0.00492	0.00546	0.00138	0.09474	0.00414	0.00232	0.02619
9	0.00651	0.00467	0.00540	0.00551	0.00661	0.00431	0.00397	0.00832	0.05569	0.04398	0.13546	0.27813	0.31939	0.04989	0.00597	0.00167	0.00253	0.00928	0.04866	0.00405
10	0.00566	0.00424	0.00528	0.00565	0.00637	0.00401	0.00397	0.00672	0.00902	0.01188	0.12619	0.35485	0.23000	0.08951	0.11321	0.00257	0.00377	0.00959	0.00384	0.00366

[dist]
# distance from previous block
# <min> <max>
5	51

[block]
# block no. 1 follows, 59 sequences, length 36
# corresponding to MSA columns:
# 461-496
name=unknown_B
#
# <colnr> <probs for GDERKNQSTAVLIFYWHMCP>
#	G	D	E	R	K	N	Q	S	T	A	V	L	I	F	Y	W	H	M	C	P
0	0.03659	0.06021	0.06892	0.01008	0.02341	0.14491	0.04129	0.31275	0.09448	0.03518	0.01185	0.01216	0.05146	0.00514	0.00419	0.00126	0.00513	0.00396	0.00346	0.07358
1	0.01915	0.02656	0.05778	0.01191	0.14661	0.00883	0.07102	0.13916	0.05945	0.02854	0.04459	0.07256	0.04092	0.07994	0.08711	0.00216	0.01792	0.00516	0.00312	0.07751
2	0.03373	0.09434	0.30547	0.04258	0.05925	0.07879	0.06458	0.11605	0.03028	0.01517	0.02284	0.01040	0.00709	0.00574	0.03878	0.00157	0.03823	0.00360	0.00246	0.02906
3	0.01774	0.06949	0.06332	0.00788	0.00959	0.00735	0.03282	0.05883	0.00870	0.01231	0.06523	0.01674	0.01206	0.04899	0.54260	0.00517	0.00938	0.00467	0.00260	0.00452
4	0.01623	0.01292	0.03955	0.01011	0.01344	0.09934	0.00843	0.54678	0.06812	0.10140	0.01111	0.01106	0.00792	0.00531	0.00464	0.00134	0.02709	0.00394	0.00415	0.00712
5	0.00845	0.00457	0.00639	0.00613	0.00643	0.00468	0.00423	0.07387	0.00704	0.00940	0.00792	0.01318	0.00766	0.01448	0.01616	0.79711	0.00392	0.00385	0.00213	0.00240
6	0.00635	0.00445	0.00539	0.00565	0.00662	0.00402	0.00411	0.00750	0.00971	0.05058	0.13487	0.30167	0.29048	0.07615	0.00673	0.00183	0.00270	0.07317	0.00415	0.00387
7	0.00699	0.00522	0.00611	0.00595	0.00687	0.00524	0.00422	0.07610	0.02930	0.01314	0.13096	0.20245	0.18989	0.22500	0.05334	0.00255	0.02081	0.00816	0.00374	0.00393
8	0.00927	0.02705	0.01401	0.51971	0.11815	0.03295	0.03355	0.01254	0.06307	0.01225	0.02505	0.01202	0.00728	0.00487	0.00543	0.00148	0.08973	0.00405	0.00223	0.00532
9	0.09719	0.00446	0.00523	0.00588	0.00647	0.00441	0.00404	0.00719	0.00829	0.01220	0.02160	0.57078	0.05467	0.10298	0.00705	0.00198	0.00285	0.03606	0.04299	0.00366
10	0.00777	0.00505	0.00581	0.00579	0.00692	0.00493	0.00426	0.04702	0.05381	0.05293	0.06890	0.23567	0.15660	0.08254	0.00629	0.00172	0.00281	0.04879	0.19812	0.00427
11	0.00727	0.02926	0.00705	0.05730	0.00886	0.06055	0.00516	0.00900	0.04587	0.03148	0.13349	0.41309	0.10881	0.03325	0.00566	0.00167	0.00325	0.03093	0.00390	0.00416
12	0.01650	0.02105	0.01252	0.01138	0.01365	0.82705	0.00853	0.01764	0.01252	0.01081	0.00683	0.00796	0.00569	0.00455	0.00398	0.00114	0.00796	0.00284	0.00228	0.00512
13	0.00725	0.00514	0.00638	0.00633	0.00738	0.00501	0.02540	0.07086	0.03343	0.02656	0.08030	0.41648	0.12751	0.04533	0.00577	0.00167	0.00285	0.00927	0.11289	0.00421
14	0.00696	0.00451	0.00558	0.00588	0.00662	0.00422	0.00404	0.01856	0.02071	0.07408	0.05835	0.46720	0.13097	0.14794	0.00815	0.00209	0.00291	0.00994	0.01740	0.00390
15	0.78205	0.00860	0.00689	0.00605	0.00880	0.00986	0.00498	0.05560	0.00842	0.04243	0.00693	0.00783	0.00528	0.00423	0.00288	0.00136	0.00347	0.00258	0.02678	0.00499
16	0.00631	0.00473	0.00710	0.00710	0.00789	0.00552	0.00552	0.00789	0.00710	0.01025	0.01183	0.01735	0.01104	0.03312	0.82728	0.00710	0.01183	0.00473	0.00237	0.00394
17	0.05020	0.00818	0.00975	0.00784	0.01068	0.00810	0.00633	0.22833	0.02661	0.39807	0.01571	0.08308	0.02074	0.01983	0.00465	0.00141	0.00377	0.00498	0.08512	0.00663
18	0.01057	0.00812	0.00869	0.00790	0.01006	0.00908	0.00611	0.03583	0.55754	0.05564	0.01843	0.07278	0.03627	0.00650	0.00437	0.00144	0.00322	0.00544	0.13573	0.00627
19	0.00563	0.00442	0.00508	0.00506	0.00625	0.00388	0.00374	0.00707	0.01081	0.01404	0.33236	0.12397	0.44065	0.01066	0.00526	0.00149	0.00221	0.00916	0.00439	0.00388
20	0.00580	0.00408	0.00499	0.00550	0.00578	0.00389	0.00351	0.00635	0.00794	0.01053	0.05230	0.44525	0.07799	0.33150	0.01204	0.00271	0.00318	0.00981	0.00358	0.00327
21	0.00559	0.00419	0.00520	0.00564	0.00641	0.00380	0.00400	0.00680	0.00988	0.01305	0.22234	0.42752	0.22709	0.01197	0.00544	0.00163	0.00240	0.02898	0.00429	0.00378
22	0.00916	0.00785	0.00916	0.00654	0.01047	0.00589	0.00523	0.01112	0.00916	0.01439	0.00785	0.00916	0.00654	0.00327	0.00327	0.00065	0.00327	0.00262	0.00262	0.87178
23	0.80425	0.00821	0.00641	0.00579	0.00839	0.00945	0.00476	0.01268	0.00777	0.01950	0.02807	0.00911	0.00643	0.00444	0.00288	0.00137	0.00335	0.01980	0.03261	0.00473
24	0.00642	0.00452	0.00603	0.00603	0.00666	0.00489	0.00436	0.00759	0.00751	0.01072	0.05457	0.03571	0.05185	0.25146	0.45148	0.00524	0.00794	0.00565	0.06776	0.00360
25	0.00605	0.00412	0.00527	0.00581	0.00630	0.00384	0.00395	0.00674	0.00867	0.02836	0.08930	0.50342	0.11201	0.11045	0.00830	0.06077	0.00283	0.02639	0.00388	0.00352
26	0.00632	0.00463	0.00524	0.00529	0.00660	0.00406	0.00394	0.00772	0.02309	0.05732	0.11820	0.19325	0.50113	0.01110	0.00527	0.00155	0.00245	0.03457	0.00426	0.00402
27	0.00627	0.00463	0.00660	0.00663	0.00729	0.00522	0.00496	0.00756	0.00710	0.01005	0.01335	0.04281	0.03274	0.16516	0.65162	0.00635	0.01009	0.00534	0.00251	0.00372
28	0.01064	0.01026	0.01723	0.07915	0.69411	0.02264	0.03438	0.01326	0.01008	0.01420	0.02611	0.01239	0.00809	0.00428	0.00445	0.00134	0.00529	0.02314	0.00228	0.00667
29	0.00632	0.00470	0.00694	0.00694	0.00768	0.00544	0.00533	0.00779	0.00705	0.01014	0.01197	0.01813	0.01138	0.08796	0.77291	0.00691	0.01132	0.00485	0.00239	0.00386
30	0.00745	0.00544	0.00656	0.00612	0.00743	0.00531	0.00459	0.07858	0.05713	0.03008	0.48167	0.12762	0.12283	0.03232	0.00562	0.00153	0.00257	0.00807	0.00457	0.00451
31	0.02935	0.01048	0.09904	0.25200	0.24114	0.03115	0.06734	0.01230	0.00929	0.02576	0.01925	0.01252	0.02676	0.00673	0.06418	0.00183	0.05850	0.00413	0.02260	0.00564
32	0.00955	0.00821	0.01247	0.12767	0.31917	0.00883	0.00955	0.04284	0.05955	0.03513	0.02587	0.07433	0.06134	0.03527	0.06621	0.00195	0.05828	0.00518	0.03297	0.00565
33	0.01141	0.00954	0.01143	0.04173	0.03945	0.01045	0.06085	0.21870	0.36473	0.01925	0.04003	0.01832	0.12176	0.00633	0.00464	0.00144	0.00405	0.00535	0.00410	0.00645
34	0.02622	0.07020	0.01589	0.03718	0.34274	0.26899	0.03276	0.01436	0.01024	0.01248	0.00731	0.00955	0.00626	0.00466	0.00556	0.00133	0.12271	0.00349	0.00216	0.00590
35	0.00651	0.03735	0.00760	0.00702	0.00787	0.00596	0.00546	0.00795	0.00734	0.01035	0.01345	0.07360	0.03879	0.04989	0.67239	0.00612	0.03052	0.00534	0.00252	0.00397

[dist]
# distance from previous block
# <min> <max>
4	42

[block]
# block no. 2 follows, 59 sequences, length 18
# corresponding to MSA columns:
# 543-560
name=unknown_C
#
# <colnr> <probs for GDERKNQSTAVLIFYWHMCP>
#	G	D	E	R	K	N	Q	S	T	A	V	L	I	F	Y	W	H	M	C	P
0	0.00818	0.00484	0.00585	0.03442	0.00711	0.00494	0.00417	0.02945	0.00872	0.03796	0.04006	0.06896	0.02389	0.10973	0.05680	0.11615	0.02224	0.00506	0.37762	0.03387
1	0.00595	0.00447	0.00511	0.00540	0.00621	0.00419	0.00372	0.00742	0.05001	0.01193	0.07165	0.31674	0.28907	0.15714	0.00827	0.00206	0.00276	0.00946	0.03476	0.00370
2	0.10470	0.00910	0.01037	0.01751	0.01117	0.00976	0.00679	0.27482	0.03088	0.08767	0.01082	0.01239	0.02714	0.03748	0.06844	0.01992	0.09328	0.00388	0.00344	0.16045
3	0.05891	0.00944	0.02781	0.33539	0.11303	0.06965	0.02437	0.03195	0.09916	0.07585	0.03855	0.01378	0.00921	0.01900	0.03985	0.00170	0.00548	0.01844	0.00283	0.00559
4	0.03875	0.00495	0.00607	0.00599	0.00720	0.00462	0.00443	0.02594	0.01045	0.10996	0.21987	0.30405	0.14381	0.03171	0.00556	0.00162	0.00269	0.03377	0.03419	0.00435
5	0.00561	0.00435	0.00511	0.00521	0.00628	0.00385	0.00380	0.00699	0.01057	0.01380	0.30808	0.21180	0.37668	0.01101	0.00531	0.00152	0.00225	0.00956	0.00437	0.00385
6	0.02133	0.02857	0.05969	0.27146	0.10445	0.06120	0.06584	0.05941	0.04321	0.01301	0.00863	0.01223	0.00723	0.06099	0.03014	0.00183	0.13898	0.00408	0.00233	0.00538
7	0.01179	0.00797	0.00989	0.05469	0.06911	0.00841	0.00713	0.12796	0.20707	0.15688	0.03502	0.07605	0.03257	0.06951	0.00605	0.00171	0.00395	0.08539	0.02286	0.00599
8	0.00785	0.00415	0.00431	0.00440	0.00535	0.00412	0.00325	0.00969	0.00912	0.01550	0.01622	0.06122	0.04066	0.05322	0.00448	0.00130	0.00228	0.02953	0.71937	0.00399
9	0.00617	0.00435	0.00504	0.00511	0.00550	0.00424	0.00324	0.00666	0.00762	0.01002	0.06499	0.08127	0.14636	0.54280	0.06358	0.00362	0.00415	0.02906	0.00314	0.00310
10	0.28929	0.00827	0.00867	0.00783	0.02867	0.05494	0.03988	0.06033	0.06373	0.09635	0.16449	0.08307	0.04756	0.00660	0.00421	0.00142	0.00367	0.02206	0.00375	0.00521
11	0.44009	0.10608	0.28950	0.00855	0.01274	0.01105	0.00924	0.05198	0.00895	0.01716	0.00698	0.00807	0.00529	0.00416	0.00333	0.00133	0.00470	0.00277	0.00242	0.00561
12	0.02864	0.12203	0.03118	0.09356	0.03902	0.16648	0.05216	0.08526	0.04546	0.03125	0.00813	0.00988	0.00661	0.00506	0.00557	0.03124	0.10085	0.00340	0.00255	0.13166
13	0.14225	0.08813	0.27706	0.00903	0.01280	0.02786	0.00937	0.06931	0.07777	0.01570	0.02835	0.01110	0.00795	0.01544	0.03234	0.02126	0.03040	0.00349	0.06094	0.05947
14	0.09382	0.12082	0.19697	0.06835	0.06121	0.02596	0.00961	0.14258	0.04815	0.04063	0.01000	0.07516	0.00840	0.00512	0.00400	0.00129	0.00483	0.00405	0.00287	0.07618
15	0.08061	0.09313	0.01105	0.06975	0.05122	0.03145	0.02530	0.13718	0.10441	0.02394	0.01534	0.17717	0.06768	0.02288	0.03988	0.00170	0.00440	0.00589	0.00338	0.03365
16	0.22954	0.10941	0.12823	0.03262	0.01091	0.00892	0.00721	0.01157	0.02762	0.04294	0.01359	0.14998	0.06894	0.00780	0.03960	0.00165	0.03609	0.02043	0.00292	0.05001
17	0.08724	0.06409	0.05150	0.06324	0.03962	0.00784	0.01973	0.05292	0.06029	0.04957	0.06588	0.18925	0.03669	0.01449	0.00443	0.00133	0.00373	0.00577	0.00331	0.17907

[dist]
# distance from previous block
# <min> <max>
3	33

[block]
# block no. 3 follows, 59 sequences, length 33
# corresponding to MSA columns:
# 594-626
name=unknown_D
#
# <colnr> <probs for GDERKNQSTAVLIFYWHMCP>
#	G	D	E	R	K	N	Q	S	T	A	V	L	I	F	Y	W	H	M	C	P
0	0.06984	0.04387	0.03138	0.02693	0.07133	0.05100	0.09598	0.16813	0.10507	0.06471	0.07129	0.01463	0.05970	0.00530	0.00429	0.00129	0.00453	0.00448	0.00347	0.10280
1	0.04044	0.10085	0.05816	0.01278	0.10788	0.02493	0.16070	0.11137	0.04302	0.03022	0.02010	0.02235	0.01672	0.00475	0.00519	0.00129	0.08868	0.00398	0.00272	0.14388
2	0.04255	0.02863	0.07627	0.49870	0.02302	0.02810	0.01089	0.04300	0.00936	0.05948	0.00896	0.03949	0.00716	0.00617	0.03756	0.00170	0.06728	0.00411	0.00238	0.00522
3	0.01376	0.01143	0.02809	0.02791	0.01295	0.06186	0.00785	0.36722	0.30891	0.04017	0.04679	0.01361	0.01101	0.00559	0.00443	0.00137	0.00443	0.00442	0.00421	0.02399
4	0.00997	0.08231	0.01047	0.00825	0.03675	0.02788	0.03718	0.08530	0.10338	0.05678	0.04574	0.09284	0.04391	0.17810	0.00829	0.00191	0.02306	0.02325	0.00336	0.12126
5	0.03059	0.00806	0.01034	0.08479	0.12510	0.00855	0.00762	0.18235	0.09287	0.06091	0.05551	0.15096	0.01454	0.00696	0.00456	0.00143	0.00393	0.04510	0.08074	0.02508
6	0.01055	0.08568	0.02135	0.13845	0.12255	0.04707	0.42520	0.01376	0.02774	0.01321	0.00841	0.01116	0.00659	0.00413	0.00514	0.00142	0.04511	0.00444	0.00220	0.00584
7	0.01098	0.33897	0.32932	0.02964	0.04683	0.09627	0.01135	0.01459	0.06068	0.01252	0.00778	0.00890	0.00620	0.00418	0.00368	0.00120	0.00572	0.00303	0.00210	0.00606
8	0.08764	0.00755	0.00896	0.00742	0.01006	0.00744	0.00595	0.10326	0.09675	0.38515	0.05935	0.06470	0.03457	0.02103	0.00467	0.00144	0.00351	0.01516	0.06906	0.00634
9	0.05144	0.00454	0.00545	0.00576	0.00661	0.00426	0.00406	0.00768	0.00923	0.05305	0.12155	0.41545	0.16695	0.09585	0.00701	0.00190	0.00276	0.02854	0.00405	0.00386
10	0.00733	0.00783	0.09372	0.08236	0.03901	0.02386	0.06244	0.03027	0.04439	0.01262	0.01881	0.50768	0.03154	0.01014	0.00518	0.00164	0.00392	0.00920	0.00347	0.00458
11	0.00546	0.00392	0.00509	0.00597	0.00629	0.00365	0.00397	0.00622	0.00849	0.01128	0.04183	0.73379	0.06728	0.06603	0.00667	0.00193	0.00264	0.01191	0.00403	0.00355
12	0.01953	0.00537	0.00660	0.00656	0.00786	0.00521	0.00497	0.02407	0.08804	0.10791	0.14289	0.29132	0.12847	0.02885	0.00560	0.00167	0.00294	0.10081	0.01673	0.00461
13	0.00674	0.00474	0.00609	0.00603	0.00641	0.00513	0.00412	0.00759	0.03841	0.00962	0.01357	0.05875	0.02848	0.40480	0.25965	0.09422	0.03391	0.00583	0.00264	0.00328
14	0.00806	0.00459	0.00522	0.00510	0.00611	0.00490	0.00391	0.02887	0.00901	0.01525	0.01354	0.01633	0.01102	0.01121	0.18004	0.00236	0.02626	0.00424	0.63979	0.00418
15	0.00638	0.00436	0.00501	0.00504	0.00522	0.00433	0.00299	0.00684	0.02135	0.00970	0.07508	0.09216	0.03609	0.68554	0.01920	0.00376	0.00393	0.00705	0.00301	0.00296
16	0.13970	0.00565	0.00617	0.00593	0.00716	0.00579	0.00432	0.02083	0.07513	0.04381	0.20256	0.11539	0.08594	0.21710	0.00913	0.00220	0.00320	0.04201	0.00380	0.00419
17	0.79864	0.00816	0.00634	0.00572	0.00821	0.00941	0.00460	0.01240	0.00742	0.01882	0.00684	0.00911	0.00579	0.07887	0.00449	0.00163	0.00349	0.00275	0.00273	0.00460
18	0.00538	0.00384	0.00512	0.00615	0.00641	0.00359	0.00410	0.00615	0.00846	0.01127	0.02434	0.84190	0.02921	0.01384	0.00564	0.00179	0.00256	0.01256	0.00410	0.00359
19	0.00909	0.00933	0.01901	0.01465	0.01781	0.00884	0.51171	0.01211	0.01021	0.01367	0.01427	0.08376	0.01380	0.00693	0.00550	0.00167	0.00610	0.23339	0.00290	0.00523
20	0.21071	0.00597	0.00620	0.00565	0.00744	0.00594	0.00434	0.02435	0.02837	0.09699	0.21855	0.03993	0.24873	0.07144	0.00584	0.00164	0.00286	0.00652	0.00401	0.00452
21	0.01683	0.01151	0.01263	0.00977	0.01322	0.01253	0.00804	0.64431	0.07039	0.13688	0.01202	0.01159	0.00837	0.00537	0.00443	0.00134	0.00462	0.00411	0.00457	0.00748
22	0.00623	0.00463	0.00679	0.00688	0.00758	0.00528	0.00523	0.00765	0.00718	0.01025	0.01306	0.09136	0.01295	0.07860	0.70741	0.00646	0.01057	0.00553	0.00254	0.00384
23	0.00537	0.00390	0.00507	0.00600	0.00637	0.00360	0.00403	0.00617	0.00860	0.01133	0.02616	0.77080	0.09914	0.01360	0.00560	0.00177	0.00253	0.01227	0.00410	0.00360
24	0.01068	0.00863	0.00927	0.00818	0.01047	0.00961	0.00639	0.14498	0.47574	0.01916	0.11601	0.04416	0.06992	0.00680	0.00460	0.00145	0.00337	0.00568	0.03862	0.00630
25	0.00767	0.00384	0.00575	0.00575	0.00575	0.00384	0.00384	0.00575	0.00575	0.00767	0.00767	0.01343	0.00767	0.01534	0.01726	0.87150	0.00384	0.00384	0.00192	0.00192
26	0.77377	0.00885	0.00721	0.00626	0.00908	0.01014	0.00516	0.08346	0.00885	0.04465	0.00689	0.00772	0.00521	0.00425	0.00293	0.00136	0.00356	0.00259	0.00297	0.00511
27	0.00596	0.00442	0.00576	0.00580	0.00667	0.00427	0.00426	0.00749	0.01012	0.01390	0.37201	0.18225	0.14153	0.04327	0.16910	0.00271	0.00420	0.00833	0.00404	0.00390
28	0.00540	0.00388	0.00509	0.00604	0.00635	0.00361	0.00403	0.00616	0.00848	0.01124	0.02498	0.78656	0.06343	0.03438	0.00604	0.00184	0.00259	0.01226	0.00406	0.00357
29	0.01042	0.01191	0.02606	0.01862	0.02308	0.01117	0.80119	0.01415	0.01042	0.01415	0.00894	0.01191	0.00670	0.00372	0.00521	0.00149	0.00745	0.00521	0.00223	0.00596
30	0.00886	0.02285	0.82190	0.01259	0.01912	0.01026	0.01632	0.01399	0.00932	0.01399	0.00793	0.00932	0.00559	0.00420	0.00420	0.00140	0.00653	0.00326	0.00186	0.00653
31	0.01089	0.01062	0.01865	0.02635	0.74660	0.01055	0.08360	0.01361	0.01009	0.01440	0.00836	0.01102	0.00697	0.00392	0.00445	0.00133	0.00544	0.00405	0.00219	0.00690
32	0.00552	0.00451	0.00489	0.00486	0.00624	0.00388	0.00369	0.00688	0.01059	0.01321	0.20631	0.04082	0.61746	0.01078	0.00526	0.00149	0.00229	0.04323	0.00426	0.00384

[dist]
# distance from previous block
# <min> <max>
0	1

[block]
# block no. 4 follows, 59 sequences, length 7
# corresponding to MSA columns:
# 628-634
name=unknown_E
#
# <colnr> <probs for GDERKNQSTAVLIFYWHMCP>
#	G	D	E	R	K	N	Q	S	T	A	V	L	I	F	Y	W	H	M	C	P
0	0.01182	0.00990	0.01046	0.00916	0.01180	0.01138	0.00719	0.13589	0.69547	0.01983	0.01691	0.01563	0.01262	0.00589	0.00448	0.00147	0.00369	0.00485	0.00448	0.00707
1	0.01014	0.01309	0.13893	0.05024	0.06109	0.01102	0.55946	0.01424	0.04231	0.01408	0.00898	0.01160	0.00677	0.00405	0.00527	0.00148	0.03420	0.00476	0.00225	0.00605
2	0.01121	0.09457	0.37485	0.01289	0.10325	0.05453	0.04094	0.12815	0.04468	0.03236	0.03393	0.01065	0.00766	0.00452	0.00417	0.00131	0.00569	0.00363	0.00260	0.02843
3	0.00631	0.00473	0.00710	0.00710	0.00789	0.00552	0.00552	0.00789	0.00710	0.01025	0.01183	0.01735	0.01104	0.03312	0.82728	0.00710	0.01183	0.00473	0.00237	0.00394
4	0.15523	0.02601	0.15025	0.00790	0.01044	0.02254	0.03337	0.02507	0.07737	0.01606	0.26415	0.07373	0.03942	0.03804	0.02645	0.00168	0.01811	0.00572	0.00348	0.00499
5	0.05998	0.17901	0.01222	0.00849	0.01091	0.29029	0.00689	0.06131	0.03119	0.05067	0.01527	0.06451	0.12574	0.00651	0.00416	0.00129	0.00517	0.05816	0.00305	0.00515
6	0.09747	0.01088	0.05402	0.03591	0.01189	0.12667	0.02640	0.18426	0.03043	0.07768	0.04093	0.07875	0.05458	0.06177	0.00546	0.00150	0.00463	0.00484	0.00344	0.08850

[dist]
# distance from previous block
# <min> <max>
0	5

[block]
# block no. 5 follows, 59 sequences, length 31
# corresponding to MSA columns:
# 644-674
name=unknown_F
#
# <colnr> <probs for GDERKNQSTAVLIFYWHMCP>
#	G	D	E	R	K	N	Q	S	T	A	V	L	I	F	Y	W	H	M	C	P
0	0.01197	0.06745	0.30024	0.02883	0.06312	0.18330	0.06969	0.12403	0.04968	0.01536	0.03907	0.01065	0.00779	0.00462	0.00424	0.00131	0.00616	0.00368	0.00259	0.00620
1	0.02791	0.00926	0.04906	0.04492	0.29761	0.00887	0.02223	0.04992	0.14390	0.06070	0.13862	0.05192	0.02605	0.00576	0.00452	0.00137	0.00419	0.00513	0.00339	0.04465
2	0.22965	0.06672	0.04037	0.00798	0.01109	0.01007	0.01928	0.20652	0.06425	0.18681	0.06684	0.01314	0.02738	0.00529	0.00394	0.00134	0.00396	0.00402	0.02513	0.00622
3	0.00960	0.00918	0.01347	0.21948	0.13469	0.04055	0.03515	0.02428	0.00855	0.02182	0.02651	0.02236	0.00789	0.03817	0.05368	0.00202	0.32098	0.00425	0.00223	0.00513
4	0.00642	0.00429	0.00487	0.00487	0.00489	0.00431	0.00275	0.00646	0.00644	0.00860	0.01387	0.02862	0.01593	0.82495	0.04214	0.00435	0.00447	0.00638	0.00267	0.00271
5	0.01106	0.01137	0.04969	0.11599	0.43465	0.05072	0.10320	0.05737	0.08107	0.01486	0.00918	0.01138	0.00729	0.00432	0.00462	0.00137	0.01877	0.00410	0.00248	0.00652
6	0.01192	0.82741	0.02289	0.00765	0.01139	0.03710	0.00758	0.01333	0.00906	0.01040	0.00616	0.00711	0.00567	0.00380	0.00286	0.00095	0.00480	0.00237	0.00190	0.00565
7	0.01679	0.01237	0.01325	0.01016	0.01370	0.01370	0.00839	0.80251	0.02077	0.02783	0.01060	0.01060	0.00751	0.00530	0.00442	0.00133	0.00486	0.00398	0.00442	0.00751
8	0.01037	0.01231	0.05509	0.01840	0.02294	0.01114	0.77257	0.01414	0.01038	0.01414	0.00890	0.01182	0.00666	0.00374	0.00518	0.00149	0.00741	0.00514	0.00222	0.00598
9	0.00642	0.00431	0.00496	0.00505	0.00511	0.00430	0.00297	0.00656	0.00670	0.00892	0.01481	0.05892	0.01704	0.76913	0.02097	0.00407	0.00421	0.04994	0.00280	0.00279
10	0.00538	0.00384	0.00512	0.00615	0.00641	0.00359	0.00410	0.00615	0.00846	0.01127	0.02434	0.84190	0.02921	0.01384	0.00564	0.00179	0.00256	0.01256	0.00410	0.00359
11	0.00625	0.00451	0.00590	0.00556	0.00660	0.00417	0.00417	0.00833	0.01250	0.01771	0.81490	0.03299	0.04167	0.00903	0.00521	0.00139	0.00208	0.00799	0.00486	0.00417
12	0.00639	0.00427	0.00483	0.00486	0.00487	0.00426	0.00272	0.00641	0.00649	0.00865	0.01425	0.05462	0.01647	0.81850	0.02195	0.00420	0.00423	0.00662	0.00272	0.00270
13	0.00779	0.00562	0.00666	0.00607	0.00753	0.00549	0.00464	0.10151	0.04509	0.03145	0.47625	0.07498	0.15384	0.00884	0.00501	0.00141	0.00254	0.00762	0.04303	0.00463
14	0.01650	0.02105	0.01252	0.01138	0.01365	0.82705	0.00853	0.01764	0.01252	0.01081	0.00683	0.00796	0.00569	0.00455	0.00398	0.00114	0.00796	0.00284	0.00228	0.00512
15	0.00834	0.00785	0.01325	0.83417	0.03042	0.00981	0.01227	0.01128	0.00883	0.01128	0.00785	0.01178	0.00589	0.00442	0.00442	0.00147	0.00589	0.00393	0.00196	0.00491
16	0.05384	0.00457	0.00507	0.00516	0.00626	0.00418	0.00372	0.00713	0.00991	0.01333	0.21237	0.19880	0.38074	0.06743	0.00634	0.00171	0.00247	0.00909	0.00410	0.00379
17	0.00690	0.00462	0.00595	0.00648	0.00714	0.00442	0.00451	0.05936	0.00962	0.05397	0.05115	0.71626	0.02729	0.01268	0.00548	0.00173	0.00276	0.01141	0.00422	0.00407
18	0.10853	0.00800	0.01009	0.00783	0.01118	0.00741	0.00646	0.08190	0.01275	0.67495	0.01572	0.01387	0.01003	0.00531	0.00426	0.00136	0.00381	0.00419	0.00510	0.00723
19	0.00680	0.00473	0.00539	0.00537	0.00567	0.00480	0.00329	0.02692	0.05178	0.01030	0.04950	0.12421	0.01836	0.64363	0.01831	0.00364	0.00395	0.00708	0.00308	0.00321
20	0.00793	0.00520	0.00627	0.00617	0.00735	0.00505	0.00453	0.03888	0.07689	0.08011	0.17990	0.29688	0.11415	0.04975	0.00586	0.00166	0.00276	0.02560	0.08058	0.00448
21	0.00653	0.00463	0.00570	0.00598	0.00697	0.00435	0.00454	0.00818	0.02843	0.03226	0.17349	0.21107	0.21194	0.06781	0.00654	0.00182	0.00285	0.17035	0.04260	0.00396
22	0.01748	0.01052	0.01202	0.00930	0.01273	0.01104	0.00765	0.48569	0.06562	0.30097	0.01341	0.01249	0.00905	0.00540	0.00443	0.00135	0.00440	0.00420	0.00478	0.00748
23	0.48006	0.00745	0.00722	0.00646	0.00884	0.00799	0.00519	0.03976	0.00926	0.17067	0.02735	0.11866	0.02360	0.00652	0.00412	0.02548	0.00342	0.03925	0.00358	0.00510
24	0.02392	0.00552	0.00653	0.00614	0.00765	0.00521	0.00463	0.07382	0.02528	0.11268	0.19889	0.21779	0.24235	0.02939	0.00551	0.00158	0.00280	0.02129	0.00441	0.00462
25	0.00716	0.00552	0.00777	0.10922	0.01049	0.00634	0.00607	0.02200	0.04372	0.01185	0.06901	0.01911	0.05439	0.06705	0.43106	0.02855	0.03831	0.00510	0.05314	0.00418
26	0.00537	0.00397	0.00503	0.00583	0.00633	0.00363	0.00397	0.00624	0.00884	0.01155	0.04717	0.67881	0.17063	0.01324	0.00555	0.00173	0.00249	0.01186	0.00412	0.00363
27	0.00737	0.00579	0.00835	0.11639	0.01133	0.00590	0.06721	0.00973	0.06709	0.03153	0.04963	0.24220	0.11519	0.10670	0.00714	0.00192	0.00375	0.08763	0.05087	0.00429
28	0.02558	0.00504	0.00585	0.00566	0.00693	0.00483	0.00428	0.03370	0.02390	0.07809	0.09618	0.08835	0.21963	0.08507	0.03338	0.04124	0.00318	0.07168	0.16325	0.00419
29	0.01080	0.01023	0.01470	0.12801	0.21272	0.05547	0.12981	0.08044	0.18967	0.01561	0.01312	0.02751	0.05059	0.00527	0.00458	0.00142	0.00511	0.01816	0.02062	0.00616
30	0.08249	0.00970	0.05802	0.44240	0.11737	0.03746	0.04183	0.01264	0.04936	0.01303	0.00822	0.01113	0.00639	0.00467	0.00480	0.02142	0.02855	0.00376	0.00223	0.04454

[dist]
# distance from previous block
# <min> <max>
1	9

[block]
# block no. 6 follows, 59 sequences, length 56
# corresponding to MSA columns:
# 691-746
name=unknown_G
#
# <colnr> <probs for GDERKNQSTAVLIFYWHMCP>
#	G	D	E	R	K	N	Q	S	T	A	V	L	I	F	Y	W	H	M	C	P
0	0.05298	0.00835	0.00993	0.02969	0.03999	0.01825	0.02232	0.04238	0.10286	0.07558	0.02194	0.03783	0.00897	0.01559	0.00399	0.00103	0.00366	0.00365	0.00316	0.49784
1	0.04000	0.00827	0.01408	0.43977	0.11933	0.00909	0.11562	0.01184	0.00934	0.04348	0.02640	0.09088	0.00926	0.00524	0.00455	0.00144	0.00535	0.00492	0.00247	0.03866
2	0.00952	0.00915	0.01281	0.04139	0.04147	0.02844	0.03426	0.01075	0.00766	0.02701	0.02135	0.06563	0.02484	0.02484	0.01190	0.00183	0.58445	0.00465	0.00230	0.03575
3	0.04520	0.00954	0.01254	0.17230	0.21339	0.03685	0.00937	0.10761	0.14407	0.06295	0.02838	0.01281	0.01852	0.00482	0.00423	0.00131	0.00461	0.00409	0.02569	0.08173
4	0.04591	0.00653	0.00782	0.00677	0.00903	0.00627	0.00540	0.01551	0.12645	0.28116	0.09172	0.05001	0.04408	0.00659	0.00431	0.00134	0.00312	0.05815	0.16973	0.06014
5	0.00916	0.00785	0.00916	0.00654	0.01047	0.00589	0.00523	0.01112	0.00916	0.01439	0.00785	0.00916	0.00654	0.00327	0.00327	0.00065	0.00327	0.00262	0.00262	0.87178
6	0.00554	0.00398	0.00533	0.00630	0.00666	0.00376	0.00437	0.00644	0.00858	0.01141	0.02430	0.74105	0.04301	0.01419	0.02846	0.00195	0.00293	0.07404	0.00405	0.00364
7	0.00631	0.00471	0.00701	0.00701	0.00777	0.00547	0.00541	0.00783	0.00707	0.01019	0.01191	0.01781	0.01124	0.06523	0.79544	0.00699	0.01153	0.00480	0.00238	0.00389
8	0.01081	0.01071	0.03864	0.02593	0.76483	0.01031	0.01330	0.01347	0.01000	0.01442	0.00828	0.01082	0.00694	0.00392	0.00432	0.00129	0.00520	0.00387	0.00219	0.04074
9	0.00633	0.00467	0.00677	0.00677	0.00744	0.00534	0.00511	0.00768	0.00700	0.01001	0.01213	0.01902	0.01177	0.15036	0.71103	0.00669	0.01074	0.00498	0.00241	0.00376
10	0.04245	0.00851	0.00977	0.00793	0.01063	0.00873	0.00645	0.31680	0.03186	0.21799	0.15529	0.01937	0.06826	0.00660	0.00457	0.00138	0.00371	0.03369	0.03970	0.00632
11	0.00633	0.00447	0.00589	0.00592	0.00630	0.00483	0.00405	0.00709	0.00681	0.00945	0.01333	0.05319	0.01421	0.43779	0.39538	0.00550	0.00772	0.00586	0.00258	0.00330
12	0.01122	0.00549	0.00610	0.00537	0.00707	0.00541	0.00421	0.08127	0.01092	0.17302	0.01466	0.01568	0.01091	0.00522	0.00347	0.00112	0.00263	0.00417	0.62700	0.00507
13	0.01684	0.01185	0.01288	0.00992	0.01341	0.01298	0.00818	0.70692	0.04894	0.09554	0.01146	0.01120	0.00802	0.00534	0.00442	0.00134	0.00472	0.00405	0.00451	0.00749
14	0.00589	0.00408	0.00505	0.00558	0.00576	0.00393	0.00353	0.00639	0.00774	0.01036	0.04873	0.44642	0.02388	0.37557	0.01296	0.00287	0.00332	0.02122	0.00351	0.00322
15	0.01581	0.01188	0.01270	0.00996	0.01332	0.01324	0.00816	0.67074	0.15412	0.02625	0.01185	0.01160	0.00852	0.00542	0.00443	0.00135	0.00463	0.00415	0.00443	0.00742
16	0.01650	0.02105	0.01252	0.01138	0.01365	0.82705	0.00853	0.01764	0.01252	0.01081	0.00683	0.00796	0.00569	0.00455	0.00398	0.00114	0.00796	0.00284	0.00228	0.00512
17	0.00565	0.00466	0.00499	0.00492	0.00632	0.00410	0.00368	0.00740	0.04284	0.01325	0.18674	0.06817	0.61045	0.01067	0.00520	0.00148	0.00227	0.00901	0.00426	0.00394
18	0.00646	0.00471	0.00628	0.00709	0.00801	0.00454	0.00583	0.00811	0.00993	0.01290	0.07095	0.21293	0.13137	0.01223	0.00584	0.00188	0.00340	0.47949	0.00412	0.00393
19	0.01679	0.01237	0.01325	0.01016	0.01370	0.01370	0.00839	0.80251	0.02077	0.02783	0.01060	0.01060	0.00751	0.00530	0.00442	0.00133	0.00486	0.00398	0.00442	0.00751
20	0.01780	0.01074	0.01225	0.00939	0.01288	0.01128	0.00776	0.54073	0.01804	0.29346	0.01289	0.01209	0.00866	0.00536	0.00443	0.00134	0.00449	0.00413	0.00477	0.00751
21	0.00758	0.00387	0.00568	0.00568	0.00568	0.00387	0.00375	0.00580	0.00580	0.00774	0.00815	0.01460	0.00831	0.07841	0.01766	0.80557	0.00387	0.00403	0.00198	0.00198
22	0.00782	0.00412	0.00427	0.00433	0.00517	0.00411	0.00309	0.00953	0.00883	0.01509	0.01489	0.06416	0.01297	0.12136	0.00590	0.00152	0.00239	0.00490	0.70166	0.00389
23	0.01042	0.01191	0.02606	0.01862	0.02308	0.01117	0.80119	0.01415	0.01042	0.01415	0.00894	0.01191	0.00670	0.00372	0.00521	0.00149	0.00745	0.00521	0.00223	0.00596
24	0.00631	0.00473	0.00710	0.00710	0.00789	0.00552	0.00552	0.00789	0.00710	0.01025	0.01183	0.01735	0.01104	0.03312	0.82728	0.00710	0.01183	0.00473	0.00237	0.00394
25	0.00886	0.02285	0.82190	0.01259	0.01912	0.01026	0.01632	0.01399	0.00932	0.01399	0.00793	0.00932	0.00559	0.00420	0.00420	0.00140	0.00653	0.00326	0.00186	0.00653
26	0.01936	0.00784	0.01041	0.00800	0.01138	0.00700	0.00660	0.08080	0.01326	0.74668	0.03007	0.01499	0.01118	0.00551	0.00445	0.00136	0.00381	0.00446	0.00538	0.00746
27	0.00538	0.00384	0.00512	0.00615	0.00641	0.00359	0.00410	0.00615	0.00846	0.01127	0.02434	0.84190	0.02921	0.01384	0.00564	0.00179	0.00256	0.01256	0.00410	0.00359
28	0.01085	0.01038	0.01770	0.02671	0.80031	0.01038	0.01342	0.01346	0.01006	0.01440	0.00862	0.01175	0.00738	0.00411	0.00441	0.00133	0.00522	0.02035	0.00223	0.00693
29	0.00635	0.00459	0.00637	0.00637	0.00691	0.00513	0.00462	0.00742	0.00688	0.00972	0.01249	0.02101	0.01263	0.29056	0.57202	0.00620	0.00944	0.00527	0.00246	0.00354
30	0.00612	0.00451	0.00572	0.00542	0.00652	0.00411	0.00406	0.00808	0.01219	0.01696	0.71541	0.03422	0.14164	0.00931	0.00521	0.00140	0.00210	0.00816	0.00476	0.00411
31	0.01643	0.01307	0.01299	0.01022	0.01357	0.09448	0.00833	0.67987	0.06502	0.02561	0.01065	0.01068	0.00767	0.00527	0.00438	0.00132	0.00509	0.00392	0.00421	0.00724
32	0.00642	0.00428	0.00482	0.00482	0.00482	0.00428	0.00268	0.00642	0.00642	0.00856	0.01392	0.02890	0.01606	0.84478	0.02248	0.00428	0.00428	0.00642	0.00268	0.00268
33	0.00893	0.00761	0.00891	0.00652	0.01022	0.00575	0.00516	0.01082	0.00912	0.01420	0.00885	0.05983	0.00792	0.00391	0.00341	0.00072	0.00323	0.00322	0.00271	0.81895
34	0.01159	0.00916	0.01032	0.00902	0.01122	0.01058	0.00713	0.09335	0.50856	0.07701	0.04707	0.04575	0.01346	0.00649	0.00573	0.00152	0.10356	0.00510	0.01684	0.00654
35	0.01042	0.01191	0.02606	0.01862	0.02308	0.01117	0.80119	0.01415	0.01042	0.01415	0.00894	0.01191	0.00670	0.00372	0.00521	0.00149	0.00745	0.00521	0.00223	0.00596
36	0.00625	0.00451	0.00590	0.00556	0.00660	0.00417	0.00417	0.00833	0.01250	0.01771	0.81490	0.03299	0.04167	0.00903	0.00521	0.00139	0.00208	0.00799	0.00486	0.00417
37	0.00538	0.00384	0.00512	0.00615	0.00641	0.00359	0.00410	0.00615	0.00846	0.01127	0.02434	0.84190	0.02921	0.01384	0.00564	0.00179	0.00256	0.01256	0.00410	0.00359
38	0.01888	0.00818	0.01058	0.00814	0.01150	0.00755	0.00671	0.14402	0.01392	0.66839	0.04333	0.01494	0.01143	0.00556	0.00446	0.00136	0.00387	0.00449	0.00528	0.00740
39	0.01093	0.01049	0.01793	0.02711	0.81723	0.01049	0.01355	0.01355	0.01006	0.01443	0.00831	0.01093	0.00700	0.00394	0.00437	0.00131	0.00525	0.00394	0.00219	0.00700
40	0.01833	0.00945	0.01139	0.00878	0.01221	0.00941	0.00724	0.32044	0.04492	0.48769	0.01483	0.01339	0.00972	0.00542	0.00443	0.00136	0.00417	0.00428	0.00503	0.00750
41	0.01254	0.00773	0.00830	0.00687	0.00910	0.00821	0.00551	0.32704	0.02546	0.08055	0.01317	0.01402	0.00980	0.00524	0.00374	0.00118	0.00332	0.00410	0.44836	0.00576
42	0.01093	0.01049	0.01793	0.02711	0.81723	0.01049	0.01355	0.01355	0.01006	0.01443	0.00831	0.01093	0.00700	0.00394	0.00437	0.00131	0.00525	0.00394	0.00219	0.00700
43	0.00621	0.00510	0.00555	0.00545	0.00687	0.00477	0.00407	0.00900	0.11794	0.01384	0.18508	0.11397	0.48541	0.01033	0.00516	0.00150	0.00241	0.00880	0.00430	0.00424
44	0.00527	0.00445	0.00455	0.00457	0.00601	0.00374	0.00341	0.00641	0.01011	0.01214	0.07454	0.06849	0.75890	0.01119	0.00523	0.00150	0.00224	0.00938	0.00413	0.00374
45	0.00982	0.00802	0.00936	0.00673	0.01062	0.00622	0.00540	0.04352	0.00974	0.04152	0.00828	0.00941	0.00673	0.00343	0.00336	0.00070	0.00335	0.00273	0.00278	0.80827
46	0.00625	0.00451	0.00590	0.00556	0.00660	0.00417	0.00417	0.00833	0.01250	0.01771	0.81490	0.03299	0.04167	0.00903	0.00521	0.00139	0.00208	0.00799	0.00486	0.00417
47	0.00706	0.00507	0.00704	0.00803	0.00906	0.00505	0.00701	0.00907	0.01016	0.01318	0.02398	0.04962	0.04734	0.01217	0.00608	0.00202	0.00402	0.76591	0.00407	0.00406
48	0.00547	0.00426	0.00487	0.00522	0.00614	0.00378	0.00369	0.00647	0.00941	0.01187	0.08724	0.31821	0.41687	0.07324	0.00665	0.00180	0.00252	0.02461	0.00405	0.00364
49	0.00709	0.00506	0.00707	0.00804	0.00906	0.00505	0.00701	0.00912	0.01025	0.01338	0.05160	0.04922	0.02600	0.01209	0.00607	0.00201	0.00400	0.75972	0.00410	0.00407
50	0.84117	0.00870	0.00677	0.00598	0.00875	0.01006	0.00493	0.04497	0.00805	0.02014	0.00633	0.00731	0.00489	0.00415	0.00280	0.00136	0.00348	0.00246	0.00280	0.00489
51	0.01108	0.01017	0.01727	0.08869	0.72500	0.01029	0.01318	0.01369	0.01006	0.04564	0.00863	0.01116	0.00706	0.00403	0.00438	0.00133	0.00524	0.00395	0.00230	0.00685
52	0.00559	0.00433	0.00484	0.00503	0.00610	0.00382	0.00364	0.00674	0.00980	0.01251	0.13132	0.20886	0.46827	0.05551	0.00616	0.00168	0.00242	0.02396	0.03567	0.00372
53	0.00590	0.00450	0.00545	0.00547	0.00660	0.00405	0.00416	0.00753	0.01109	0.01472	0.40348	0.10659	0.30993	0.01049	0.00533	0.00152	0.00237	0.08241	0.00446	0.00395
54	0.01678	0.01254	0.01324	0.01019	0.01370	0.02983	0.00840	0.78694	0.02060	0.02750	0.01053	0.01055	0.00747	0.00529	0.00441	0.00132	0.00492	0.00395	0.00438	0.00746
55	0.04077	0.00856	0.01364	0.45514	0.17266	0.01017	0.02085	0.01158	0.00887	0.01248	0.04026	0.01190	0.00752	0.00496	0.00590	0.00148	0.13321	0.00400	0.00217	0.03386

[dist]
# distance from previous block
# <min> <max>
0	2

[block]
# block no. 7 follows, 59 sequences, length 28
# corresponding to MSA columns:
# 749-776
name=unknown_H
#
# <colnr> <probs for GDERKNQSTAVLIFYWHMCP>
#	G	D	E	R	K	N	Q	S	T	A	V	L	I	F	Y	W	H	M	C	P
0	0.01264	0.01170	0.01375	0.04075	0.20422	0.15436	0.06342	0.04561	0.23295	0.08910	0.01232	0.01301	0.02621	0.00519	0.00502	0.00140	0.05442	0.00428	0.00325	0.00639
1	0.01153	0.01040	0.01645	0.04744	0.63052	0.01069	0.01229	0.07846	0.09086	0.03364	0.00965	0.01158	0.00774	0.00430	0.00439	0.00134	0.00503	0.00406	0.00266	0.00699
2	0.00632	0.00471	0.00698	0.00698	0.00773	0.00546	0.00538	0.00781	0.00706	0.01017	0.01194	0.01794	0.01130	0.07419	0.78656	0.00696	0.01145	0.00482	0.00238	0.00388
3	0.00982	0.08542	0.62836	0.01255	0.01846	0.01116	0.08508	0.07266	0.01025	0.01475	0.00808	0.00948	0.00584	0.00420	0.00420	0.00137	0.00634	0.00342	0.00209	0.00648
4	0.00788	0.00635	0.00774	0.07429	0.00978	0.05876	0.00583	0.06012	0.00861	0.01164	0.02355	0.07848	0.01232	0.12179	0.42296	0.03602	0.00824	0.00527	0.03627	0.00409
5	0.00711	0.00488	0.00721	0.00707	0.00799	0.00554	0.00548	0.00865	0.00740	0.05816	0.01223	0.01759	0.01120	0.05814	0.75213	0.00667	0.01110	0.00477	0.00256	0.00411
6	0.00886	0.02285	0.82190	0.01259	0.01912	0.01026	0.01632	0.01399	0.00932	0.01399	0.00793	0.00932	0.00559	0.00420	0.00420	0.00140	0.00653	0.00326	0.00186	0.00653
7	0.00639	0.00468	0.00702	0.00702	0.00776	0.00542	0.00542	0.00776	0.00702	0.01010	0.01158	0.01712	0.01084	0.03207	0.77932	0.05828	0.01136	0.00468	0.00234	0.00382
8	0.05786	0.00476	0.00578	0.00551	0.00666	0.00448	0.00410	0.00845	0.01146	0.03289	0.58579	0.08108	0.12337	0.04161	0.00574	0.00154	0.00233	0.00795	0.00453	0.00413
9	0.01097	0.00929	0.00983	0.00875	0.01122	0.01061	0.00683	0.07587	0.69154	0.01881	0.04751	0.01779	0.04870	0.00628	0.00455	0.00148	0.00348	0.00522	0.00449	0.00678
10	0.01930	0.00756	0.01019	0.00785	0.01119	0.00662	0.00647	0.04293	0.01286	0.77248	0.04273	0.01548	0.01182	0.00558	0.00447	0.00137	0.00374	0.00454	0.00542	0.00741
11	0.06687	0.00507	0.00596	0.00556	0.00705	0.00467	0.00422	0.00953	0.01101	0.11242	0.35641	0.10073	0.24523	0.02015	0.00517	0.00148	0.00249	0.00783	0.02373	0.00442
12	0.06666	0.00476	0.00581	0.00629	0.00719	0.00461	0.00461	0.00835	0.02924	0.05276	0.06793	0.47160	0.10983	0.03343	0.00578	0.00178	0.00288	0.10839	0.00408	0.00403
13	0.00534	0.00442	0.00470	0.00490	0.00619	0.00378	0.00365	0.00645	0.00984	0.01190	0.04075	0.15696	0.66326	0.01162	0.00532	0.00156	0.00238	0.04915	0.00410	0.00373
14	0.01616	0.01185	0.01278	0.00990	0.01323	0.01312	0.00812	0.73921	0.04339	0.02654	0.01067	0.01092	0.00770	0.00583	0.00507	0.04523	0.00477	0.00400	0.00429	0.00721
15	0.00628	0.00454	0.00546	0.00552	0.00658	0.00413	0.00402	0.00784	0.02738	0.04015	0.27786	0.23361	0.28346	0.04937	0.00609	0.00167	0.00248	0.02525	0.00433	0.00398
16	0.87598	0.00854	0.00649	0.00581	0.00854	0.00991	0.00478	0.01298	0.00752	0.01982	0.00615	0.00717	0.00478	0.00410	0.00273	0.00137	0.00342	0.00239	0.00273	0.00478
17	0.00712	0.00508	0.00712	0.00813	0.00915	0.00508	0.00712	0.00915	0.01017	0.01322	0.02338	0.04982	0.02542	0.01220	0.00610	0.00203	0.00407	0.78750	0.00407	0.00407
18	0.00984	0.00615	0.00736	0.00679	0.00860	0.00603	0.00520	0.01377	0.19108	0.18451	0.15706	0.17649	0.17151	0.00896	0.00499	0.00152	0.00292	0.02729	0.00460	0.00532
19	0.00641	0.00447	0.00550	0.00596	0.00642	0.00437	0.00414	0.02685	0.00842	0.01121	0.02080	0.32738	0.06241	0.31567	0.01173	0.00269	0.00347	0.14165	0.02701	0.00346
20	0.00642	0.00428	0.00482	0.00482	0.00482	0.00428	0.00268	0.00642	0.00642	0.00856	0.01392	0.02890	0.01606	0.84478	0.02248	0.00428	0.00428	0.00642	0.00268	0.00268
21	0.00676	0.00507	0.00746	0.00802	0.00902	0.00495	0.04625	0.00851	0.00971	0.01270	0.02354	0.26225	0.04864	0.01219	0.00590	0.00193	0.00378	0.51534	0.00398	0.00402
22	0.01839	0.00508	0.00618	0.00656	0.00731	0.00515	0.00466	0.06160	0.06677	0.01303	0.03216	0.49989	0.03468	0.10944	0.03142	0.00217	0.00335	0.06490	0.02318	0.00407
23	0.46459	0.21560	0.01166	0.00706	0.00997	0.07124	0.00602	0.09846	0.00962	0.01715	0.00707	0.00868	0.00593	0.04659	0.00403	0.00139	0.00427	0.00279	0.00267	0.00521
24	0.01514	0.01186	0.01258	0.01001	0.01321	0.05378	0.02854	0.53627	0.18875	0.04137	0.03458	0.01248	0.00971	0.00548	0.00446	0.00136	0.00469	0.00429	0.00430	0.00714
25	0.24153	0.00961	0.07140	0.00821	0.01108	0.00934	0.00713	0.13268	0.08663	0.21158	0.01242	0.06592	0.00975	0.00682	0.03450	0.00165	0.05308	0.01679	0.00379	0.00607
26	0.05666	0.37976	0.09026	0.00877	0.01230	0.15492	0.00819	0.04316	0.02375	0.08427	0.00796	0.00877	0.00642	0.00465	0.01415	0.00119	0.02689	0.00290	0.00250	0.06252
27	0.04326	0.25299	0.05617	0.01060	0.06146	0.07111	0.04660	0.10449	0.03680	0.06173	0.00893	0.01108	0.00745	0.00703	0.06392	0.00172	0.11387	0.02313	0.00267	0.01499

[dist]
# distance from previous block
# <min> <max>
2	23

[block]
# block no. 8 follows, 59 sequences, length 62
# corresponding to MSA columns:
# 800-861
name=unknown_I
#
# <colnr> <probs for GDERKNQSTAVLIFYWHMCP>
#	G	D	E	R	K	N	Q	S	T	A	V	L	I	F	Y	W	H	M	C	P
0	0.09962	0.19715	0.05602	0.00852	0.01162	0.05735	0.00744	0.24922	0.08400	0.06627	0.03993	0.01175	0.00899	0.03889	0.00520	0.04036	0.00459	0.00372	0.00334	0.00603
1	0.36143	0.00892	0.00931	0.00860	0.05820	0.01865	0.02483	0.05730	0.19444	0.11404	0.01287	0.01283	0.05287	0.00510	0.00376	0.00137	0.00373	0.00388	0.00357	0.04430
2	0.02109	0.00730	0.04646	0.00727	0.00968	0.00643	0.00606	0.03229	0.12079	0.29514	0.23104	0.05644	0.09707	0.00753	0.00481	0.00144	0.00325	0.03534	0.00472	0.00584
3	0.04405	0.00912	0.00964	0.00871	0.01119	0.01037	0.00683	0.02166	0.69507	0.01803	0.01739	0.01777	0.01354	0.00617	0.00447	0.00149	0.00352	0.05120	0.00432	0.04548
4	0.04648	0.00933	0.00988	0.00865	0.01123	0.01057	0.00680	0.10331	0.60279	0.06774	0.01651	0.01541	0.01224	0.00577	0.00433	0.00144	0.00357	0.00470	0.05241	0.00683
5	0.00796	0.00498	0.00626	0.00624	0.00715	0.00484	0.00449	0.00965	0.06625	0.09627	0.13564	0.22796	0.05306	0.20818	0.01007	0.05386	0.00330	0.08587	0.00391	0.00406
6	0.06672	0.01126	0.01202	0.00949	0.01279	0.01242	0.00776	0.55634	0.15994	0.06933	0.01197	0.01166	0.00858	0.00532	0.00431	0.00135	0.00444	0.00406	0.00435	0.02591
7	0.87598	0.00854	0.00649	0.00581	0.00854	0.00991	0.00478	0.01298	0.00752	0.01982	0.00615	0.00717	0.00478	0.00410	0.00273	0.00137	0.00342	0.00239	0.00273	0.00478
8	0.00900	0.00513	0.00652	0.00601	0.00755	0.00459	0.00456	0.01072	0.02136	0.19521	0.34361	0.16809	0.18139	0.00943	0.00510	0.00147	0.00259	0.00819	0.00472	0.00477
9	0.00699	0.00470	0.00524	0.00517	0.00633	0.00432	0.00373	0.00850	0.03644	0.06047	0.08679	0.11823	0.35120	0.15087	0.00786	0.00193	0.00275	0.02384	0.11067	0.00396
10	0.00538	0.00384	0.00512	0.00615	0.00641	0.00359	0.00410	0.00615	0.00846	0.01127	0.02434	0.84190	0.02921	0.01384	0.00564	0.00179	0.00256	0.01256	0.00410	0.00359
