[name]
unknown

[dist]
# distance from previous block
# <min> <max>
3	383

[block]
# block no. 0 follows, 54 sequences, length 19
# corresponding to MSA columns:
# 383-401
name=unknown_A
#
# <colnr> <probs for GDERKNQSTAVLIFYWHMCP>
#	G	D	E	R	K	N	Q	S	T	A	V	L	I	F	Y	W	H	M	C	P
0	0.00743	0.00626	0.00648	0.00681	0.00771	0.08526	0.00483	0.00867	0.01072	0.02963	0.20102	0.46298	0.12021	0.01212	0.00566	0.00170	0.00318	0.01070	0.00439	0.00423
1	0.00855	0.00514	0.00613	0.00709	0.08549	0.00512	0.00437	0.01032	0.00947	0.01555	0.05291	0.02079	0.01432	0.18939	0.00814	0.00192	0.00307	0.00512	0.54276	0.00436
2	0.01736	0.01387	0.01377	0.01087	0.01442	0.09451	0.00885	0.64687	0.08735	0.02704	0.01159	0.01157	0.00837	0.00564	0.00468	0.00141	0.00540	0.00422	0.00449	0.00772
3	0.01429	0.00746	0.00936	0.00796	0.01049	0.00724	0.00627	0.03446	0.17869	0.36795	0.19926	0.09873	0.02158	0.00768	0.00506	0.00154	0.00344	0.00655	0.00531	0.00668
4	0.09306	0.00864	0.01092	0.00845	0.01205	0.00801	0.00698	0.09888	0.01390	0.66309	0.01685	0.01486	0.01075	0.00569	0.00458	0.00145	0.00410	0.00451	0.00547	0.00777
5	0.01162	0.01439	0.10469	0.01840	0.02322	0.05106	0.63345	0.05435	0.01168	0.01565	0.00941	0.01217	0.00703	0.00415	0.00535	0.00155	0.00774	0.00517	0.00247	0.00646
6	0.00649	0.00442	0.00568	0.00656	0.00709	0.00425	0.00464	0.00792	0.02610	0.01328	0.03934	0.60922	0.02815	0.01309	0.00568	0.00182	0.00285	0.09269	0.11668	0.00405
7	0.01966	0.00771	0.01035	0.00804	0.01149	0.00665	0.00661	0.02143	0.01323	0.73199	0.02139	0.01886	0.08743	0.00642	0.00482	0.00147	0.00386	0.00524	0.00570	0.00764
8	0.00839	0.00436	0.00454	0.00468	0.00567	0.00432	0.00344	0.01041	0.00978	0.01685	0.01677	0.12429	0.01459	0.00671	0.00365	0.00121	0.00227	0.00558	0.74819	0.00432
9	0.00808	0.00433	0.00464	0.00490	0.00581	0.00426	0.00355	0.00996	0.00969	0.01629	0.01784	0.20638	0.01652	0.00765	0.00393	0.00129	0.00232	0.00649	0.66181	0.00426
10	0.00966	0.00524	0.00533	0.00501	0.00637	0.00537	0.00384	0.08549	0.01106	0.01874	0.01499	0.01698	0.01170	0.00551	0.00343	0.00113	0.00248	0.00438	0.77854	0.00474
11	0.50293	0.00974	0.00887	0.00771	0.01068	0.01110	0.00623	0.09170	0.23125	0.06131	0.01118	0.01123	0.00833	0.00514	0.00371	0.00149	0.00384	0.00361	0.00377	0.00619
12	0.17031	0.01244	0.01364	0.01053	0.01421	0.01374	0.05320	0.60510	0.01899	0.02733	0.01036	0.01074	0.00744	0.00533	0.00444	0.00143	0.00507	0.00402	0.00426	0.00740
13	0.01396	0.00909	0.01029	0.00885	0.01170	0.00968	0.00702	0.06100	0.44983	0.23683	0.02149	0.02025	0.08909	0.00687	0.00489	0.00156	0.00377	0.02155	0.00503	0.00725
14	0.02115	0.00802	0.01094	0.00839	0.01204	0.00693	0.00693	0.02298	0.01350	0.80815	0.01860	0.01605	0.01167	0.00584	0.00474	0.00146	0.00401	0.00474	0.00584	0.00802
15	0.01266	0.00553	0.00644	0.00565	0.00754	0.00519	0.00443	0.01474	0.01102	0.26507	0.01639	0.01710	0.01196	0.00560	0.00375	0.00121	0.00277	0.00450	0.59292	0.00553
16	0.01792	0.01321	0.01415	0.01085	0.01462	0.01462	0.00896	0.78916	0.02217	0.02972	0.01132	0.01132	0.00802	0.00566	0.00472	0.00142	0.00519	0.00425	0.00472	0.00802
17	0.00667	0.00437	0.00540	0.00607	0.00650	0.00422	0.00415	0.00768	0.00888	0.01258	0.02170	0.45269	0.02453	0.18500	0.00936	0.00235	0.00317	0.07629	0.15464	0.00377
18	0.00834	0.00441	0.00465	0.00479	0.00574	0.00438	0.00351	0.01027	0.00966	0.01643	0.01671	0.10089	0.01476	0.05447	0.00486	0.00141	0.00246	0.02952	0.69850	0.00425

[dist]
# distance from previous block
# <min> <max>
0	1

[block]
# block no. 1 follows, 54 sequences, length 7
# corresponding to MSA columns:
# 403-409
name=unknown_B
#
# <colnr> <probs for GDERKNQSTAVLIFYWHMCP>
#	G	D	E	R	K	N	Q	S	T	A	V	L	I	F	Y	W	H	M	C	P
0	0.01786	0.01192	0.01365	0.01141	0.06244	0.01277	0.00883	0.55342	0.05913	0.18013	0.01299	0.01258	0.00902	0.00564	0.00472	0.00143	0.00491	0.00439	0.00479	0.00796
1	0.04318	0.00756	0.01183	0.00936	0.01210	0.00701	0.16627	0.01569	0.01140	0.30002	0.04353	0.10296	0.01384	0.00640	0.00464	0.00144	0.00414	0.00580	0.22678	0.00607
2	0.00879	0.00439	0.00439	0.00439	0.00549	0.00439	0.00330	0.01099	0.00989	0.01758	0.01538	0.01758	0.01209	0.00549	0.00330	0.00110	0.00220	0.00439	0.86047	0.00439
3	0.01011	0.00867	0.00993	0.00742	0.01136	0.00720	0.00590	0.01409	0.14219	0.01610	0.01020	0.01109	0.00823	0.00398	0.00371	0.00085	0.00353	0.00322	0.00313	0.71908
4	0.01741	0.01422	0.01352	0.01083	0.01426	0.14877	0.00874	0.54809	0.09688	0.06204	0.01176	0.01169	0.00849	0.00561	0.00465	0.00140	0.00555	0.00417	0.00439	0.00753
5	0.15433	0.00613	0.00586	0.00539	0.00708	0.00652	0.00420	0.09435	0.01088	0.01947	0.01346	0.01524	0.01048	0.00532	0.00338	0.00119	0.00276	0.00407	0.62497	0.00490
6	0.08863	0.00882	0.01356	0.35877	0.23512	0.00982	0.01117	0.01355	0.04611	0.06263	0.01134	0.09951	0.00985	0.00576	0.00468	0.00155	0.00522	0.00511	0.00283	0.00595

[dist]
# distance from previous block
# <min> <max>
0	2

[block]
# block no. 2 follows, 54 sequences, length 42
# corresponding to MSA columns:
# 412-453
name=unknown_C
#
# <colnr> <probs for GDERKNQSTAVLIFYWHMCP>
#	G	D	E	R	K	N	Q	S	T	A	V	L	I	F	Y	W	H	M	C	P
0	0.01762	0.02212	0.01339	0.01210	0.01458	0.78500	0.00910	0.04804	0.01370	0.01223	0.00744	0.00861	0.00615	0.00489	0.00427	0.00122	0.00838	0.00308	0.00252	0.00556
1	0.01803	0.01303	0.01404	0.01076	0.01453	0.01436	0.00889	0.76310	0.02187	0.05619	0.01157	0.01148	0.00814	0.00567	0.00472	0.00142	0.00515	0.00426	0.00475	0.00802
2	0.01187	0.01010	0.01069	0.00953	0.01220	0.01162	0.00743	0.06467	0.72763	0.02022	0.04679	0.01789	0.01513	0.00647	0.00482	0.00159	0.00375	0.00539	0.00481	0.00738
3	0.01763	0.01259	0.01365	0.01056	0.01419	0.01381	0.00868	0.71973	0.02122	0.06944	0.01225	0.04265	0.00909	0.00601	0.00477	0.00144	0.00503	0.00462	0.00476	0.00786
4	0.01392	0.01091	0.01167	0.00990	0.01292	0.01233	0.00786	0.24206	0.54017	0.05905	0.01693	0.01574	0.01246	0.00616	0.00477	0.00154	0.00416	0.00500	0.00482	0.00765
5	0.00902	0.00850	0.01436	0.78830	0.06619	0.01051	0.01315	0.01215	0.00949	0.01219	0.00840	0.01253	0.00634	0.00469	0.00471	0.00156	0.00626	0.00419	0.00211	0.00534
6	0.00585	0.00462	0.00505	0.00523	0.00632	0.00406	0.00368	0.00687	0.01002	0.01246	0.08405	0.19015	0.50029	0.13010	0.00829	0.00207	0.00276	0.01007	0.00421	0.00382
7	0.00827	0.00555	0.00776	0.00867	0.00988	0.00550	0.00757	0.01042	0.01098	0.05318	0.02465	0.05136	0.02637	0.01267	0.00643	0.00214	0.00433	0.73533	0.00442	0.00452
8	0.00674	0.00505	0.00758	0.00758	0.00842	0.00589	0.00589	0.00842	0.00758	0.01095	0.01263	0.01852	0.01179	0.03536	0.81561	0.00758	0.01263	0.00505	0.00253	0.00421
9	0.08758	0.00837	0.01066	0.00836	0.01187	0.00774	0.00687	0.03682	0.07443	0.66937	0.01755	0.01541	0.01129	0.00576	0.00460	0.00147	0.00398	0.00460	0.00550	0.00775
10	0.00613	0.00442	0.00555	0.00610	0.00665	0.00413	0.00416	0.00714	0.00965	0.01286	0.15570	0.45278	0.11821	0.14668	0.00883	0.00225	0.00297	0.03774	0.00426	0.00381
11	0.00702	0.00506	0.00691	0.00794	0.00885	0.00495	0.00657	0.00880	0.01039	0.01352	0.02645	0.24772	0.06990	0.01340	0.00634	0.00208	0.00383	0.54170	0.00435	0.00419
12	0.00574	0.00410	0.00547	0.00657	0.00684	0.00383	0.00438	0.00657	0.00903	0.01204	0.02599	0.83122	0.03119	0.01477	0.00602	0.00191	0.00274	0.01340	0.00438	0.00383
13	0.00616	0.00444	0.00591	0.00686	0.00741	0.00419	0.00498	0.00736	0.00974	0.01291	0.07504	0.58836	0.06914	0.01397	0.00607	0.00192	0.00301	0.16411	0.00442	0.00398
14	0.00605	0.00436	0.00567	0.00625	0.00680	0.00405	0.00430	0.00725	0.01023	0.01389	0.24816	0.53683	0.06367	0.05115	0.00670	0.00190	0.00266	0.01158	0.00454	0.00397
15	0.59167	0.00895	0.00798	0.00695	0.00977	0.01002	0.00567	0.07984	0.05012	0.07890	0.08382	0.01264	0.01047	0.00537	0.00362	0.00148	0.00369	0.01980	0.00362	0.00561
16	0.01223	0.00907	0.01007	0.00906	0.01163	0.01002	0.00717	0.02223	0.56901	0.12404	0.03747	0.02224	0.05026	0.00724	0.00500	0.00163	0.00373	0.07597	0.00488	0.00704
17	0.00625	0.00487	0.00531	0.00515	0.00668	0.00417	0.00388	0.00771	0.01144	0.03555	0.22686	0.04217	0.60094	0.01123	0.00555	0.00156	0.00239	0.00947	0.00461	0.00420
18	0.01114	0.00637	0.00795	0.00718	0.00914	0.00607	0.00555	0.01453	0.12565	0.23330	0.25182	0.14576	0.11437	0.00924	0.00532	0.00159	0.00309	0.03113	0.00507	0.00572
19	0.24944	0.00861	0.00994	0.00788	0.01128	0.00842	0.00650	0.07642	0.01257	0.51973	0.01474	0.01347	0.00964	0.00542	0.00421	0.00145	0.00396	0.00411	0.02506	0.00715
20	0.01233	0.00543	0.00627	0.00554	0.00737	0.00512	0.00434	0.01442	0.01092	0.24399	0.01630	0.01714	0.01197	0.00559	0.00371	0.00120	0.00272	0.00449	0.61571	0.00543
21	0.00570	0.00475	0.00492	0.00493	0.00639	0.00403	0.00364	0.00691	0.01073	0.01301	0.09824	0.06884	0.69802	0.04128	0.00624	0.00170	0.00247	0.00985	0.00438	0.00397
22	0.01181	0.00834	0.00960	0.00889	0.01114	0.00906	0.00708	0.01993	0.44434	0.13321	0.02011	0.02648	0.01711	0.06799	0.00658	0.00193	0.00397	0.18123	0.00470	0.00650
23	0.00579	0.00413	0.00552	0.00661	0.00691	0.00387	0.00445	0.00664	0.00907	0.01208	0.02596	0.81308	0.03109	0.01473	0.00603	0.00192	0.00277	0.03111	0.00438	0.00384
24	0.01972	0.00930	0.01162	0.00900	0.01256	0.00892	0.00739	0.23178	0.01571	0.56693	0.01688	0.04391	0.01137	0.00611	0.00478	0.00146	0.00429	0.00492	0.00548	0.00787
25	0.00994	0.05579	0.01063	0.00705	0.01123	0.00699	0.00573	0.01200	0.00977	0.01512	0.00828	0.00965	0.00693	0.00352	0.00347	0.00072	0.00358	0.00278	0.00275	0.81409
26	0.83721	0.00926	0.00719	0.00637	0.00932	0.01072	0.00524	0.04159	0.00853	0.02146	0.00674	0.00779	0.00521	0.00442	0.00298	0.00146	0.00370	0.00261	0.00298	0.00521
27	0.00574	0.00410	0.00547	0.00657	0.00684	0.00383	0.00438	0.00657	0.00903	0.01204	0.02599	0.83122	0.03119	0.01477	0.00602	0.00191	0.00274	0.01340	0.00438	0.00383
28	0.01097	0.01278	0.05549	0.01890	0.04856	0.01221	0.62671	0.01456	0.01054	0.01459	0.00902	0.01225	0.00699	0.00459	0.00685	0.00164	0.11952	0.00524	0.00232	0.00626
29	0.09641	0.48564	0.07552	0.00905	0.01293	0.09177	0.00861	0.10437	0.05107	0.01496	0.00795	0.00877	0.00660	0.00448	0.00352	0.00118	0.00532	0.00298	0.00259	0.00627
30	0.04331	0.00969	0.11160	0.00885	0.01181	0.00788	0.03797	0.03914	0.12590	0.24895	0.11498	0.05752	0.02964	0.09898	0.00705	0.00188	0.00429	0.02993	0.00437	0.00625
31	0.00592	0.00422	0.00562	0.00667	0.00700	0.00397	0.00456	0.00681	0.00909	0.01209	0.02555	0.74800	0.03043	0.04170	0.00665	0.00202	0.00291	0.06865	0.00432	0.00384
32	0.01138	0.01126	0.02080	0.11065	0.50209	0.01125	0.22054	0.01452	0.01075	0.02741	0.00915	0.01211	0.00732	0.00422	0.00491	0.00147	0.00628	0.00457	0.00238	0.00694
33	0.01186	0.02848	0.01908	0.02802	0.76543	0.03496	0.01418	0.01459	0.01079	0.01520	0.00878	0.01149	0.00740	0.00422	0.00462	0.00139	0.00568	0.00413	0.00233	0.00738
34	0.00652	0.00470	0.00616	0.00604	0.00701	0.00434	0.00444	0.00850	0.01261	0.01774	0.67036	0.17058	0.04223	0.01051	0.00564	0.00156	0.00231	0.00936	0.00505	0.00434
35	0.00978	0.00838	0.00978	0.00698	0.01117	0.00629	0.00559	0.01187	0.00978	0.01536	0.00838	0.00978	0.00698	0.00349	0.00349	0.00070	0.00349	0.00279	0.00279	0.86312
36	0.00686	0.00457	0.00514	0.00514	0.00514	0.00457	0.00286	0.00686	0.00686	0.00914	0.01486	0.03086	0.01714	0.83430	0.02400	0.00457	0.00457	0.00686	0.00286	0.00286
37	0.00879	0.00439	0.00439	0.00439	0.00549	0.00439	0.00330	0.01099	0.00989	0.01758	0.01538	0.01758	0.01209	0.00549	0.00330	0.00110	0.00220	0.00439	0.86047	0.00439
38	0.01359	0.02515	0.09581	0.04608	0.12228	0.04689	0.03734	0.08319	0.13749	0.19914	0.01715	0.01706	0.09956	0.00613	0.00512	0.00150	0.03067	0.00505	0.00392	0.00687
39	0.09228	0.02096	0.07147	0.01164	0.01449	0.64815	0.00934	0.04213	0.02433	0.01333	0.00761	0.00876	0.00616	0.00484	0.00417	0.00127	0.00779	0.00310	0.00255	0.00565
40	0.04202	0.08382	0.03216	0.01072	0.01453	0.02788	0.03172	0.60557	0.04405	0.04480	0.01101	0.01116	0.00795	0.00542	0.00453	0.00139	0.00523	0.00410	0.00430	0.00763
41	0.04010	0.03701	0.01265	0.01031	0.01322	0.04140	0.03750	0.18829	0.48762	0.02083	0.01534	0.01479	0.01153	0.00603	0.00514	0.00154	0.04030	0.00480	0.00434	0.00725

[dist]
# distance from previous block
# <min> <max>
1	19

[block]
# block no. 3 follows, 54 sequences, length 71
# corresponding to MSA columns:
# 477-525,533-554
name=unknown_D
#
# <colnr> <probs for GDERKNQSTAVLIFYWHMCP>
#	G	D	E	R	K	N	Q	S	T	A	V	L	I	F	Y	W	H	M	C	P
0	0.10366	0.06728	0.05911	0.01050	0.03238	0.06273	0.06285	0.26894	0.08903	0.03553	0.06732	0.05815	0.03417	0.00671	0.01964	0.00157	0.00509	0.00500	0.00382	0.00652
1	0.08693	0.00673	0.02506	0.00653	0.00808	0.03213	0.00489	0.03083	0.01025	0.03132	0.20339	0.14743	0.07476	0.18671	0.03670	0.00233	0.00386	0.00727	0.00381	0.09100
2	0.04057	0.01069	0.01522	0.01404	0.12460	0.01133	0.16034	0.14869	0.28389	0.03084	0.08085	0.01663	0.01342	0.00583	0.00495	0.00153	0.00494	0.02074	0.00395	0.00695
3	0.00655	0.00465	0.00564	0.00556	0.00635	0.00432	0.00384	0.00762	0.01042	0.01404	0.34999	0.08614	0.18343	0.22088	0.01115	0.06007	0.00301	0.00840	0.00417	0.00375
4	0.01290	0.70364	0.06274	0.00894	0.01298	0.09420	0.02310	0.01463	0.00999	0.01140	0.00678	0.00787	0.00607	0.00413	0.00326	0.00106	0.00552	0.00267	0.00206	0.00605
5	0.00879	0.00439	0.00439	0.00439	0.00549	0.00439	0.00330	0.01099	0.00989	0.01758	0.01538	0.01758	0.01209	0.00549	0.00330	0.00110	0.00220	0.00439	0.86047	0.00439
6	0.01245	0.21481	0.19334	0.01411	0.07576	0.06676	0.18442	0.10993	0.05574	0.01592	0.00914	0.01062	0.00709	0.00451	0.00442	0.00137	0.00632	0.00393	0.00263	0.00670
7	0.01482	0.03485	0.05306	0.01213	0.04879	0.12596	0.09635	0.24176	0.01431	0.13267	0.02617	0.01286	0.00904	0.00895	0.10133	0.00217	0.05012	0.00438	0.00359	0.00667
8	0.02010	0.00779	0.01061	0.00821	0.01167	0.00675	0.00675	0.02196	0.01348	0.75088	0.07548	0.01744	0.01405	0.00611	0.00480	0.00146	0.00388	0.00502	0.00579	0.00776
9	0.00688	0.00481	0.00627	0.00603	0.00712	0.00442	0.00448	0.00890	0.01277	0.03696	0.67085	0.12932	0.06290	0.01022	0.00560	0.00154	0.00233	0.00905	0.00509	0.00445
10	0.86760	0.00912	0.00693	0.00620	0.00912	0.01058	0.00511	0.01386	0.00802	0.02115	0.00657	0.00766	0.00511	0.00438	0.00292	0.00146	0.00365	0.00255	0.00292	0.00511
11	0.00674	0.00504	0.00751	0.00751	0.00833	0.00586	0.00581	0.00838	0.00756	0.01090	0.01269	0.01885	0.01193	0.05665	0.79452	0.00750	0.01241	0.00510	0.00253	0.00417
12	0.00634	0.00459	0.00613	0.00709	0.00772	0.00433	0.00525	0.00757	0.00959	0.01270	0.02594	0.57635	0.05342	0.01392	0.00607	0.00194	0.00318	0.21755	0.00433	0.02599
13	0.02115	0.00802	0.01094	0.00839	0.01204	0.00693	0.00693	0.02298	0.01350	0.80815	0.01860	0.01605	0.01167	0.00584	0.00474	0.00146	0.00401	0.00474	0.00584	0.00802
14	0.00667	0.00482	0.00630	0.00593	0.00704	0.00445	0.00445	0.00890	0.01335	0.01891	0.80239	0.03522	0.04449	0.00964	0.00556	0.00148	0.00222	0.00853	0.00519	0.00445
15	0.00674	0.00505	0.00758	0.00758	0.00842	0.00589	0.00589	0.00842	0.00758	0.01095	0.01263	0.01852	0.01179	0.03536	0.81561	0.00758	0.01263	0.00505	0.00253	0.00421
16	0.00890	0.00838	0.01414	0.82296	0.03247	0.01048	0.01309	0.01205	0.00943	0.01205	0.00838	0.01257	0.00629	0.00471	0.00471	0.00157	0.00629	0.00419	0.00210	0.00524
17	0.00572	0.00467	0.00507	0.00528	0.00659	0.00402	0.00389	0.00693	0.01057	0.01298	0.08465	0.19427	0.59389	0.01238	0.00568	0.00166	0.00250	0.03087	0.00442	0.00399
18	0.03265	0.00500	0.00510	0.00493	0.00620	0.00516	0.00375	0.04332	0.02216	0.01793	0.01491	0.01709	0.01175	0.00676	0.03821	0.00141	0.00283	0.00438	0.75186	0.00460
19	0.00681	0.00455	0.00516	0.00520	0.00521	0.00454	0.00292	0.00684	0.00695	0.00926	0.01532	0.06392	0.01772	0.80044	0.02326	0.00446	0.00450	0.00713	0.00292	0.00290
20	0.15367	0.00694	0.00783	0.00665	0.00928	0.00650	0.00532	0.01502	0.03589	0.32940	0.06636	0.02620	0.29626	0.00799	0.00478	0.00151	0.00327	0.00646	0.00477	0.00590
21	0.00711	0.00510	0.00644	0.00703	0.00789	0.00499	0.00516	0.00939	0.08225	0.03630	0.05044	0.47343	0.09706	0.04046	0.01885	0.00205	0.00329	0.13399	0.00440	0.00438
22	0.05345	0.00876	0.00981	0.00828	0.01092	0.00926	0.00658	0.16801	0.22407	0.20442	0.03411	0.01797	0.01305	0.05937	0.00578	0.00166	0.00390	0.02999	0.12389	0.00670
23	0.00747	0.00457	0.00559	0.00598	0.00686	0.00431	0.00435	0.00900	0.01019	0.04855	0.11473	0.37372	0.07714	0.01089	0.00515	0.00161	0.00266	0.05840	0.24455	0.00428
24	0.00684	0.00463	0.00546	0.00546	0.00556	0.00474	0.00325	0.00706	0.00695	0.00937	0.01457	0.02927	0.01645	0.73171	0.12565	0.00496	0.00561	0.00662	0.00281	0.00303
25	0.00685	0.00459	0.00522	0.00522	0.00525	0.00461	0.00296	0.00691	0.00688	0.00920	0.01478	0.03045	0.01696	0.80787	0.05018	0.00467	0.00484	0.00680	0.00285	0.00290
26	0.01018	0.00588	0.00721	0.00668	0.00803	0.00568	0.00481	0.01245	0.08864	0.18175	0.13308	0.12850	0.05801	0.28637	0.01160	0.00261	0.00369	0.03563	0.00433	0.00487
27	0.00621	0.00447	0.00573	0.00654	0.00700	0.00424	0.00442	0.03223	0.00956	0.01271	0.04728	0.71099	0.06561	0.05060	0.00674	0.00199	0.00287	0.01252	0.00434	0.00395
28	0.00759	0.00532	0.00740	0.00838	0.00935	0.00532	0.00718	0.00945	0.01042	0.01357	0.02366	0.05021	0.02573	0.05720	0.00800	0.04169	0.00434	0.69687	0.00416	0.00416
29	0.03687	0.00971	0.01164	0.00900	0.01253	0.00964	0.00741	0.29960	0.01631	0.46342	0.01552	0.01425	0.01024	0.00572	0.00461	0.00142	0.00432	0.00450	0.05553	0.00775
30	0.00771	0.00489	0.00622	0.00639	0.00743	0.00447	0.00459	0.00915	0.02099	0.09880	0.19262	0.41107	0.14405	0.03939	0.00631	0.00182	0.00281	0.02218	0.00466	0.00446
31	0.00646	0.00509	0.00598	0.00642	0.00778	0.00467	0.00520	0.00825	0.02659	0.01336	0.03758	0.08695	0.45854	0.01238	0.00593	0.00182	0.00316	0.29526	0.00437	0.00418
32	0.00772	0.00557	0.00769	0.00871	0.00984	0.00562	0.00759	0.01023	0.03470	0.01428	0.02479	0.05211	0.02675	0.01282	0.00646	0.00215	0.00432	0.74984	0.00436	0.00444
33	0.00581	0.00473	0.00517	0.00537	0.00671	0.00409	0.00402	0.00709	0.01070	0.01317	0.09753	0.15535	0.58923	0.01224	0.00570	0.00167	0.00255	0.06043	0.00443	0.00402
34	0.65471	0.00960	0.02733	0.15620	0.03524	0.02292	0.00717	0.01365	0.00848	0.01904	0.00701	0.00873	0.00542	0.00444	0.00335	0.00147	0.00433	0.00293	0.00272	0.00524
35	0.00667	0.00482	0.00630	0.00593	0.00704	0.00445	0.00445	0.00890	0.01335	0.01891	0.80239	0.03522	0.04449	0.00964	0.00556	0.00148	0.00222	0.00853	0.00519	0.00445
36	0.01093	0.01045	0.01780	0.24143	0.59818	0.01101	0.01410	0.01382	0.01039	0.01451	0.00874	0.01191	0.00715	0.00434	0.00468	0.00145	0.00578	0.00420	0.00227	0.00687
37	0.01724	0.01332	0.01383	0.02627	0.01477	0.05310	0.00893	0.67621	0.08314	0.02770	0.01170	0.01171	0.00840	0.00566	0.00470	0.00142	0.00525	0.00427	0.00456	0.00780
38	0.01767	0.01308	0.01401	0.01080	0.01452	0.01450	0.00890	0.75759	0.05416	0.02930	0.01165	0.01158	0.00828	0.00569	0.00472	0.00142	0.00513	0.00429	0.00472	0.00800
39	0.01048	0.01002	0.01715	0.36801	0.46209	0.01090	0.02658	0.01345	0.01018	0.01396	0.00867	0.01207	0.00696	0.00442	0.00470	0.00148	0.00593	0.00422	0.00223	0.00650
40	0.01261	0.83713	0.02471	0.00807	0.01210	0.01866	0.00807	0.01412	0.00958	0.01109	0.00656	0.00756	0.00605	0.00403	0.00303	0.00101	0.00504	0.00252	0.00202	0.00605
41	0.10239	0.00974	0.01032	0.00796	0.01139	0.06992	0.00639	0.01303	0.00974	0.04877	0.00829	0.00978	0.00682	0.00432	0.00487	0.00100	0.09516	0.00302	0.00283	0.57426
42	0.00890	0.00838	0.01414	0.82296	0.03247	0.01048	0.01309	0.01205	0.00943	0.01205	0.00838	0.01257	0.00629	0.00471	0.00471	0.00157	0.00629	0.00419	0.00210	0.00524
43	0.08259	0.00903	0.01122	0.00867	0.01229	0.00858	0.00716	0.15959	0.01465	0.61101	0.01642	0.01459	0.01054	0.00570	0.00460	0.00145	0.00420	0.00449	0.00542	0.00781
44	0.35296	0.00882	0.00946	0.00763	0.01069	0.00910	0.00626	0.01508	0.00961	0.19433	0.00968	0.01040	0.00719	0.00493	0.00496	0.00133	0.10106	0.00329	0.00344	0.22977
45	0.00559	0.00471	0.00485	0.00496	0.00642	0.00396	0.00367	0.00675	0.01057	0.01266	0.04548	0.12791	0.72192	0.01224	0.00562	0.00163	0.00242	0.01031	0.00438	0.00396
46	0.01113	0.01272	0.02782	0.01987	0.02464	0.01192	0.78776	0.01510	0.01113	0.01510	0.00954	0.01272	0.00715	0.00397	0.00556	0.00159	0.00795	0.00556	0.00238	0.00636
47	0.01761	0.02247	0.01336	0.01215	0.01458	0.81537	0.00911	0.01883	0.01336	0.01154	0.00729	0.00850	0.00607	0.00486	0.00425	0.00121	0.00850	0.00304	0.00243	0.00547
48	0.76640	0.01051	0.06586	0.00691	0.01013	0.02861	0.00614	0.01426	0.00841	0.03848	0.00700	0.00804	0.00534	0.00443	0.00310	0.00146	0.00401	0.00268	0.00291	0.00532
49	0.00689	0.00461	0.00526	0.00531	0.00535	0.00461	0.00307	0.00699	0.00704	0.00937	0.01532	0.03188	0.01760	0.79659	0.02320	0.00446	0.00456	0.04204	0.00293	0.00293
50	0.00819	0.00410	0.00614	0.00614	0.00614	0.00410	0.00410	0.00614	0.00614	0.00819	0.00819	0.01433	0.00819	0.01638	0.01843	0.86282	0.00410	0.00410	0.00205	0.00205
51	0.54202	0.00872	0.00840	0.00695	0.01018	0.00914	0.00572	0.01665	0.00989	0.27261	0.01053	0.01048	0.00733	0.00479	0.00354	0.00141	0.00375	0.00327	0.00384	0.06078
52	0.00580	0.00451	0.00530	0.00588	0.00683	0.00401	0.00423	0.00689	0.00997	0.01251	0.03614	0.40641	0.39344	0.01332	0.00584	0.00178	0.00269	0.06613	0.00438	0.00394
53	0.01167	0.01120	0.01914	0.02894	0.80488	0.01120	0.01447	0.01447	0.01074	0.01540	0.00887	0.01167	0.00747	0.00420	0.00467	0.00140	0.00560	0.00420	0.00233	0.00747
54	0.00670	0.00492	0.00685	0.00685	0.00753	0.00548	0.00505	0.00796	0.00758	0.01062	0.01508	0.02292	0.05639	0.22346	0.58360	0.00654	0.01016	0.00575	0.00271	0.00388
55	0.00596	0.00426	0.00571	0.00674	0.00712	0.00401	0.00468	0.00697	0.00940	0.01255	0.06154	0.72119	0.03141	0.01437	0.00604	0.00192	0.00286	0.08493	0.00441	0.00391
56	0.00581	0.00441	0.00536	0.00591	0.00671	0.00396	0.00413	0.00693	0.01014	0.01315	0.13299	0.47656	0.28051	0.01320	0.00582	0.00176	0.00256	0.01167	0.00448	0.00396
57	0.00647	0.00470	0.00561	0.00551	0.00668	0.00425	0.00408	0.00827	0.01187	0.01638	0.43921	0.11029	0.25719	0.01038	0.00539	0.00152	0.00232	0.00899	0.08663	0.00425
58	0.00645	0.00497	0.00518	0.00507	0.00647	0.00436	0.00365	0.00773	0.02828	0.03826	0.04037	0.04122	0.62078	0.15617	0.00877	0.00211	0.00286	0.00913	0.00417	0.00400
59	0.66565	0.00852	0.00737	0.00649	0.00930	0.00945	0.00528	0.01466	0.00903	0.13414	0.02859	0.04757	0.00836	0.00522	0.00340	0.00147	0.00359	0.00355	0.02292	0.00544
60	0.56590	0.00797	0.00690	0.00613	0.00882	0.00860	0.00497	0.01328	0.00931	0.11241	0.01762	0.01747	0.19233	0.00632	0.00375	0.00149	0.00340	0.00454	0.00360	0.00519
61	0.00987	0.00602	0.00711	0.00661	0.00857	0.00556	0.00521	0.01257	0.08727	0.18282	0.09160	0.07194	0.35878	0.01002	0.00539	0.00162	0.00308	0.09399	0.02672	0.00525
62	0.00578	0.00478	0.00507	0.00500	0.00650	0.00407	0.00375	0.00718	0.01125	0.01393	0.19328	0.04342	0.65671	0.01150	0.00557	0.00157	0.00236	0.00968	0.00454	0.00407
63	0.80248	0.00903	0.00724	0.00637	0.00934	0.01030	0.00525	0.01456	0.00845	0.08170	0.00749	0.00830	0.00561	0.00449	0.00306	0.00146	0.00368	0.00272	0.00314	0.00533
64	0.02105	0.00820	0.01105	0.00847	0.01212	0.00719	0.00700	0.04842	0.01378	0.78230	0.01836	0.01589	0.01155	0.00583	0.00474	0.00146	0.00405	0.00473	0.00580	0.00802
65	0.00670	0.00460	0.00510	0.00510	0.00529	0.00450	0.00294	0.00685	0.00732	0.00957	0.01875	0.03258	0.11022	0.73689	0.02182	0.00422	0.00431	0.00722	0.00304	0.00299
66	0.00685	0.00460	0.00528	0.00528	0.00533	0.00465	0.00303	0.00694	0.00690	0.00924	0.01473	0.03016	0.01684	0.78931	0.06857	0.00474	0.00502	0.00676	0.00284	0.00293
67	0.00557	0.00478	0.00478	0.00478	0.00637	0.00398	0.00358	0.00677	0.01075	0.01274	0.04776	0.04538	0.80297	0.01194	0.00557	0.00159	0.00239	0.00995	0.00438	0.00398
68	0.01025	0.00858	0.01062	0.00810	0.03751	0.00662	0.02735	0.01241	0.00997	0.04169	0.00877	0.01013	0.00716	0.00361	0.00363	0.00077	0.00370	0.00298	0.00287	0.78329
69	0.04437	0.16693	0.53311	0.01237	0.04222	0.01200	0.03131	0.01500	0.01002	0.05095	0.00855	0.00983	0.00632	0.00441	0.00417	0.00138	0.00622	0.00338	0.00225	0.03521
70	0.48696	0.07661	0.10988	0.05096	0.07271	0.01134	0.00823	0.03036	0.06661	0.01871	0.02464	0.00986	0.00708	0.00465	0.00357	0.00144	0.00446	0.00324	0.00287	0.00582

[dist]
# distance from previous block
# <min> <max>
0	1

[block]
# block no. 4 follows, 54 sequences, length 42
# corresponding to MSA columns:
# 556-597
name=unknown_E
#
# <colnr> <probs for GDERKNQSTAVLIFYWHMCP>
#	G	D	E	R	K	N	Q	S	T	A	V	L	I	F	Y	W	H	M	C	P
0	0.04311	0.01206	0.02457	0.03013	0.01458	0.02290	0.05106	0.52164	0.04028	0.04003	0.01073	0.01156	0.00792	0.00605	0.00575	0.05112	0.03175	0.00416	0.00405	0.06653
1	0.00682	0.00456	0.00515	0.00519	0.00520	0.00455	0.00291	0.00685	0.00693	0.00924	0.01522	0.05682	0.01760	0.80771	0.02342	0.00448	0.00451	0.00707	0.00291	0.00289
2	0.64526	0.00969	0.02181	0.00714	0.01032	0.01056	0.00599	0.10282	0.01038	0.12589	0.00872	0.00922	0.00632	0.00472	0.00339	0.00145	0.00393	0.00305	0.00349	0.00585
3	0.01167	0.00981	0.02027	0.00948	0.02621	0.01001	0.02678	0.22399	0.10094	0.01891	0.03076	0.04205	0.08717	0.00695	0.02254	0.00148	0.09724	0.00493	0.00368	0.24515
4	0.01179	0.00867	0.00997	0.00937	0.04918	0.00925	0.00690	0.02988	0.44655	0.11989	0.06475	0.02073	0.10398	0.00746	0.00560	0.04762	0.00365	0.00574	0.00457	0.03445
5	0.00808	0.00435	0.00642	0.00663	0.00683	0.00435	0.00476	0.00683	0.00704	0.00932	0.01138	0.02172	0.01179	0.01574	0.01616	0.69911	0.00414	0.15038	0.00248	0.00248
6	0.00762	0.00554	0.00786	0.04792	0.01079	0.00563	0.00779	0.00980	0.01074	0.01396	0.02419	0.06987	0.02623	0.01267	0.00641	0.00214	0.00440	0.71784	0.00423	0.00437
7	0.00697	0.00478	0.00673	0.00675	0.00753	0.00504	0.00509	0.00776	0.00838	0.01145	0.09413	0.02441	0.12077	0.02405	0.39650	0.21232	0.00778	0.04287	0.00301	0.00369
8	0.00694	0.00461	0.00525	0.00518	0.00564	0.00448	0.00327	0.00771	0.00874	0.01225	0.16959	0.03128	0.08046	0.51979	0.01672	0.00336	0.00369	0.00713	0.10047	0.00342
9	0.86760	0.00912	0.00693	0.00620	0.00912	0.01058	0.00511	0.01386	0.00802	0.02115	0.00657	0.00766	0.00511	0.00438	0.00292	0.00146	0.00365	0.00255	0.00292	0.00511
10	0.00705	0.00507	0.00695	0.00799	0.00889	0.00497	0.00662	0.00884	0.01039	0.01353	0.02613	0.24958	0.05916	0.01342	0.00635	0.00208	0.00386	0.55056	0.00435	0.00420
11	0.00584	0.00471	0.00503	0.00507	0.00635	0.00408	0.00366	0.00699	0.01048	0.01296	0.12253	0.10113	0.58225	0.09890	0.00755	0.00192	0.00263	0.00973	0.00430	0.00390
12	0.86760	0.00912	0.00693	0.00620	0.00912	0.01058	0.00511	0.01386	0.00802	0.02115	0.00657	0.00766	0.00511	0.00438	0.00292	0.00146	0.00365	0.00255	0.00292	0.00511
13	0.82676	0.00907	0.00712	0.00631	0.00926	0.01040	0.00519	0.01430	0.00829	0.05912	0.00715	0.00806	0.00542	0.00445	0.00301	0.00146	0.00366	0.00266	0.00306	0.00525
14	0.00717	0.00491	0.00570	0.00581	0.00607	0.00492	0.00359	0.04460	0.00815	0.01087	0.01731	0.20274	0.01995	0.59904	0.01880	0.00379	0.00420	0.02572	0.00331	0.00335
15	0.05126	0.00521	0.00633	0.00629	0.00756	0.00485	0.00455	0.01024	0.01032	0.14436	0.10532	0.35612	0.13079	0.06340	0.00649	0.00184	0.00297	0.00939	0.06808	0.00465
16	0.00684	0.00465	0.00554	0.00554	0.00568	0.00479	0.00335	0.00711	0.00697	0.00944	0.01449	0.02885	0.01627	0.70423	0.15287	0.00506	0.00588	0.00656	0.00280	0.00308
17	0.00561	0.00470	0.00489	0.00500	0.00644	0.00397	0.00369	0.00679	0.01061	0.01278	0.06063	0.13410	0.70022	0.01221	0.00562	0.00163	0.00242	0.01031	0.00439	0.00397
18	0.00578	0.00445	0.00529	0.00579	0.00668	0.00396	0.00407	0.00692	0.01020	0.01311	0.12464	0.43004	0.33601	0.01306	0.00579	0.00174	0.00254	0.01148	0.00447	0.00396
19	0.00587	0.00471	0.00524	0.00527	0.00659	0.00408	0.00389	0.00728	0.01121	0.01422	0.23667	0.13173	0.52329	0.01168	0.00562	0.00160	0.00239	0.00998	0.00458	0.00408
20	0.01113	0.01272	0.02782	0.01987	0.02464	0.01192	0.78776	0.01510	0.01113	0.01510	0.00954	0.01272	0.00715	0.00397	0.00556	0.00159	0.00795	0.00556	0.00238	0.00636
21	0.00587	0.00416	0.00543	0.00640	0.00665	0.00391	0.00420	0.00660	0.00878	0.01171	0.02473	0.74065	0.02960	0.10751	0.00805	0.00222	0.00294	0.01266	0.00420	0.00372
22	0.00592	0.00476	0.00528	0.00521	0.00660	0.00412	0.00388	0.00742	0.01149	0.01462	0.28115	0.07363	0.53668	0.01134	0.00559	0.00157	0.00235	0.00965	0.00463	0.00412
23	0.00637	0.00519	0.00799	0.00790	0.00885	0.00483	0.09298	0.00761	0.00942	0.01243	0.02621	0.62153	0.11709	0.01389	0.03200	0.00202	0.00360	0.01185	0.00409	0.00415
24	0.00571	0.00474	0.00499	0.00501	0.00647	0.00403	0.00372	0.00700	0.01095	0.01340	0.13197	0.08733	0.67481	0.01184	0.00560	0.00160	0.00239	0.00998	0.00447	0.00403
25	0.00616	0.00472	0.00565	0.00558	0.00677	0.00421	0.00412	0.00785	0.01190	0.01586	0.43698	0.12903	0.32195	0.01107	0.00562	0.00157	0.00234	0.00960	0.00480	0.00421
26	0.01261	0.83713	0.02471	0.00807	0.01210	0.01866	0.00807	0.01412	0.00958	0.01109	0.00656	0.00756	0.00605	0.00403	0.00303	0.00101	0.00504	0.00252	0.00202	0.00605
27	0.00811	0.00555	0.00616	0.00579	0.00622	0.00571	0.00355	0.09539	0.00859	0.01147	0.01446	0.02864	0.01611	0.74052	0.02182	0.00421	0.00464	0.00656	0.00307	0.00344
28	0.02105	0.00820	0.01105	0.00847	0.01212	0.00719	0.00700	0.04886	0.01379	0.78185	0.01836	0.01589	0.01155	0.00583	0.00474	0.00146	0.00405	0.00472	0.00580	0.00802
29	0.01032	0.01032	0.01444	0.01238	0.01238	0.01444	0.01032	0.01135	0.00722	0.01135	0.00619	0.01032	0.00619	0.00825	0.01547	0.00206	0.82567	0.00413	0.00206	0.00516
30	0.01725	0.01382	0.01349	0.01072	0.01417	0.11484	0.00869	0.59810	0.08211	0.04247	0.01168	0.01170	0.00845	0.00562	0.00463	0.00140	0.00540	0.00419	0.02370	0.00757
31	0.00756	0.00416	0.00596	0.00613	0.00631	0.00406	0.00413	0.00636	0.00719	0.00954	0.04524	0.15718	0.05899	0.01558	0.01505	0.63140	0.00369	0.00620	0.00271	0.00256
32	0.02115	0.00802	0.01094	0.00839	0.01204	0.00693	0.00693	0.02298	0.01350	0.80815	0.01860	0.01605	0.01167	0.00584	0.00474	0.00146	0.00401	0.00474	0.00584	0.00802
33	0.01051	0.21147	0.59772	0.01212	0.01827	0.02619	0.01494	0.03222	0.01020	0.01432	0.00807	0.00941	0.00604	0.00441	0.00415	0.00138	0.00651	0.00327	0.00207	0.00676
34	0.01627	0.01155	0.02323	0.07458	0.04093	0.10856	0.00847	0.28648	0.01584	0.23859	0.07329	0.01552	0.04041	0.00645	0.01696	0.00152	0.00518	0.00476	0.00441	0.00698
35	0.00819	0.00410	0.00614	0.00614	0.00614	0.00410	0.00410	0.00614	0.00614	0.00819	0.00819	0.01433	0.00819	0.01638	0.01843	0.86282	0.00410	0.00410	0.00205	0.00205
36	0.00702	0.00486	0.00622	0.00597	0.00714	0.00442	0.00444	0.00895	0.01256	0.04896	0.59595	0.12571	0.12938	0.01033	0.00558	0.00154	0.00237	0.00909	0.00503	0.00447
37	0.37210	0.10596	0.13039	0.00878	0.01259	0.01236	0.00830	0.16426	0.09326	0.03811	0.00934	0.00991	0.00701	0.00484	0.00374	0.00142	0.00461	0.00335	0.00328	0.00636
38	0.05000	0.01866	0.01416	0.03425	0.15248	0.55944	0.01003	0.01731	0.02389	0.01272	0.00767	0.00937	0.00641	0.00496	0.00502	0.00133	0.06070	0.00335	0.00244	0.00581
39	0.00858	0.00525	0.00763	0.00733	0.00834	0.00571	0.00559	0.00973	0.00805	0.10269	0.01298	0.01867	0.01176	0.08828	0.57368	0.10343	0.01008	0.00504	0.00288	0.00431
40	0.01006	0.07015	0.71211	0.01305	0.01951	0.05239	0.01635	0.01503	0.01006	0.01448	0.00826	0.00975	0.00599	0.00453	0.00456	0.00146	0.02000	0.00342	0.00202	0.00681
41	0.01069	0.04407	0.59803	0.01396	0.02005	0.10430	0.11380	0.01538	0.01049	0.01446	0.00841	0.01007	0.00614	0.00445	0.00455	0.00146	0.00722	0.00367	0.00209	0.00669

[dist]
# distance from previous block
# <min> <max>
4	6

[block]
# block no. 5 follows, 54 sequences, length 28
# corresponding to MSA columns:
# 604,618-644
name=unknown_F
#
# <colnr> <probs for GDERKNQSTAVLIFYWHMCP>
#	G	D	E	R	K	N	Q	S	T	A	V	L	I	F	Y	W	H	M	C	P
0	0.00693	0.00489	0.00692	0.00692	0.00758	0.00550	0.00514	0.00817	0.00750	0.01084	0.01296	0.02046	0.01258	0.17434	0.59675	0.04642	0.01027	0.00529	0.04666	0.00388
1	0.01513	0.00709	0.00916	0.00755	0.00999	0.00662	0.00590	0.07061	0.01220	0.43599	0.07420	0.02148	0.05658	0.15477	0.08857	0.00262	0.00483	0.00565	0.00478	0.00627
2	0.06995	0.00801	0.01061	0.00827	0.01180	0.00710	0.00684	0.02206	0.01310	0.73924	0.01809	0.01664	0.01174	0.00596	0.00469	0.00148	0.00400	0.02704	0.00562	0.00775
3	0.00574	0.00410	0.00547	0.00657	0.00684	0.00383	0.00438	0.00657	0.00903	0.01204	0.02599	0.83122	0.03119	0.01477	0.00602	0.00191	0.00274	0.01340	0.00438	0.00383
4	0.00662	0.00455	0.00592	0.00659	0.00732	0.00429	0.00477	0.00785	0.00979	0.03714	0.07642	0.50944	0.11512	0.01438	0.04747	0.00213	0.00337	0.09717	0.03554	0.00411
5	0.43233	0.00784	0.00718	0.00648	0.00866	0.00860	0.00499	0.08167	0.02932	0.05154	0.01418	0.08065	0.07211	0.13705	0.00700	0.00198	0.00373	0.00505	0.03469	0.00498
6	0.01423	0.00764	0.00939	0.00777	0.01032	0.00743	0.00616	0.11617	0.09293	0.32315	0.24327	0.02262	0.04442	0.04184	0.00577	0.00160	0.00355	0.00606	0.02917	0.00650
7	0.01136	0.00928	0.01018	0.00942	0.01185	0.01051	0.00750	0.03588	0.61870	0.04129	0.02007	0.02385	0.01650	0.00756	0.00510	0.00170	0.00388	0.14371	0.00474	0.00693
8	0.06281	0.00484	0.00580	0.00615	0.00680	0.00471	0.00417	0.00807	0.00904	0.04297	0.09438	0.39578	0.05366	0.24362	0.01078	0.00257	0.00335	0.03265	0.00399	0.00388
9	0.00736	0.00528	0.00622	0.00631	0.00727	0.00511	0.00440	0.04045	0.06179	0.03679	0.10792	0.33235	0.17546	0.17033	0.00918	0.00226	0.00317	0.00981	0.00425	0.00427
10	0.07788	0.01557	0.01274	0.01086	0.01340	0.39016	0.07569	0.13922	0.01332	0.01628	0.00975	0.03137	0.00803	0.01685	0.00485	0.00137	0.02970	0.00395	0.12333	0.00569
11	0.00676	0.00496	0.00709	0.00709	0.00776	0.00563	0.00528	0.00811	0.00743	0.01058	0.01308	0.02100	0.01286	0.19570	0.65674	0.00697	0.01101	0.00541	0.00259	0.00394
12	0.12162	0.00765	0.00895	0.00749	0.01030	0.00745	0.00600	0.01850	0.13511	0.38906	0.06734	0.03501	0.10298	0.00681	0.00461	0.00149	0.00350	0.00552	0.05400	0.00662
13	0.02976	0.00466	0.00589	0.00636	0.00710	0.00435	0.00440	0.00814	0.00978	0.06445	0.11879	0.54336	0.08936	0.07188	0.00705	0.00199	0.00289	0.01124	0.00442	0.00415
14	0.01707	0.01030	0.01184	0.00946	0.01278	0.01082	0.00766	0.31347	0.19441	0.29417	0.03665	0.01546	0.01190	0.02529	0.00522	0.00155	0.00436	0.00484	0.00509	0.00768
15	0.00583	0.00462	0.00519	0.00557	0.00661	0.00410	0.00393	0.00707	0.02425	0.01258	0.05418	0.33516	0.45216	0.04848	0.00652	0.00184	0.00263	0.01098	0.00434	0.00395
16	0.02921	0.00841	0.00925	0.00819	0.01072	0.00898	0.00641	0.02002	0.45161	0.15005	0.07909	0.02343	0.15941	0.00750	0.00494	0.00156	0.00343	0.00624	0.00488	0.00666
17	0.86760	0.00912	0.00693	0.00620	0.00912	0.01058	0.00511	0.01386	0.00802	0.02115	0.00657	0.00766	0.00511	0.00438	0.00292	0.00146	0.00365	0.00255	0.00292	0.00511
18	0.00801	0.00543	0.00619	0.00578	0.00752	0.00483	0.00441	0.01013	0.05201	0.10922	0.21858	0.06174	0.46767	0.01048	0.00544	0.00156	0.00262	0.00886	0.00476	0.00475
19	0.00851	0.00611	0.00714	0.00648	0.00813	0.00595	0.00493	0.06802	0.09106	0.05912	0.41162	0.03289	0.21383	0.04765	0.00624	0.00166	0.00283	0.00795	0.00485	0.00501
20	0.00581	0.00421	0.00541	0.00631	0.00672	0.00390	0.00423	0.00667	0.00922	0.01217	0.04979	0.69471	0.10614	0.05239	0.00680	0.00199	0.00277	0.01262	0.00433	0.00382
21	0.00583	0.00416	0.00557	0.00666	0.00697	0.00390	0.00453	0.00671	0.00911	0.01213	0.02594	0.79537	0.03100	0.01469	0.00604	0.00193	0.00281	0.04841	0.00438	0.00385
22	0.00687	0.00496	0.00666	0.00661	0.00706	0.00551	0.00465	0.00780	0.00725	0.01016	0.01346	0.02379	0.01403	0.38845	0.44642	0.00612	0.02807	0.00583	0.00266	0.00363
23	0.00852	0.00713	0.00807	0.00784	0.04291	0.04787	0.00568	0.08533	0.02541	0.01754	0.41349	0.05060	0.20468	0.00930	0.00583	0.00152	0.04099	0.00783	0.00453	0.00494
24	0.02762	0.00596	0.00761	0.00743	0.00833	0.02888	0.00559	0.04450	0.00836	0.01182	0.01318	0.05734	0.01302	0.16443	0.55627	0.00614	0.02097	0.00558	0.00277	0.00421
25	0.00682	0.00474	0.00598	0.00598	0.00627	0.00503	0.00390	0.00739	0.00710	0.00976	0.01409	0.02662	0.01530	0.55964	0.29614	0.00560	0.00734	0.00624	0.00274	0.00332
26	0.01262	0.00993	0.01069	0.00948	0.01224	0.01127	0.00741	0.02486	0.72220	0.09441	0.01913	0.01745	0.01414	0.00634	0.00479	0.00159	0.00376	0.00527	0.00490	0.00752
27	0.01160	0.01180	0.07706	0.01740	0.22926	0.01152	0.16352	0.10234	0.04996	0.03892	0.01169	0.06526	0.03019	0.00609	0.00686	0.00161	0.15019	0.00522	0.00295	0.00656

[dist]
# distance from previous block
# <min> <max>
0	3

[block]
# block no. 6 follows, 54 sequences, length 60
# corresponding to MSA columns:
# 648-707
name=unknown_G
#
# <colnr> <probs for GDERKNQSTAVLIFYWHMCP>
#	G	D	E	R	K	N	Q	S	T	A	V	L	I	F	Y	W	H	M	C	P
0	0.11022	0.40623	0.04472	0.00924	0.01272	0.14195	0.00834	0.11950	0.03709	0.01522	0.00790	0.00894	0.00660	0.00527	0.02006	0.00135	0.03280	0.00307	0.00265	0.00613
1	0.33241	0.33314	0.02805	0.00795	0.01142	0.04533	0.00717	0.10808	0.02172	0.03282	0.00838	0.00961	0.01573	0.00470	0.00340	0.00128	0.00463	0.01537	0.00287	0.00593
2	0.00879	0.00439	0.00439	0.00439	0.00549	0.00439	0.00330	0.01099	0.00989	0.01758	0.01538	0.01758	0.01209	0.00549	0.00330	0.00110	0.00220	0.00439	0.86047	0.00439
3	0.23161	0.18067	0.03507	0.00832	0.01176	0.01170	0.00731	0.14116	0.03723	0.21959	0.01154	0.01230	0.00857	0.00644	0.03749	0.00163	0.00476	0.02245	0.00382	0.00658
4	0.00589	0.00420	0.00558	0.00661	0.00697	0.00393	0.00452	0.00674	0.00912	0.01210	0.02629	0.74821	0.05553	0.01462	0.00627	0.01861	0.00284	0.05384	0.00433	0.00383
5	0.01701	0.02057	0.01360	0.01206	0.01458	0.67947	0.02757	0.09280	0.01387	0.01336	0.00789	0.00924	0.00648	0.00599	0.03175	0.00147	0.02065	0.00330	0.00265	0.00569
6	0.01167	0.01120	0.01914	0.02894	0.80488	0.01120	0.01447	0.01447	0.01074	0.01540	0.00887	0.01167	0.00747	0.00420	0.00467	0.00140	0.00560	0.00420	0.00233	0.00747
7	0.00685	0.00458	0.00520	0.00518	0.00524	0.00456	0.00294	0.00696	0.00719	0.00965	0.05541	0.03108	0.01855	0.79184	0.02305	0.00441	0.00445	0.00694	0.00298	0.00294
8	0.00679	0.00458	0.00512	0.00512	0.00520	0.00454	0.00289	0.00685	0.00705	0.00932	0.01646	0.03156	0.05551	0.79415	0.02310	0.00443	0.00446	0.00701	0.00293	0.00291
9	0.00557	0.00478	0.00478	0.00478	0.00637	0.00398	0.00358	0.00677	0.01075	0.01274	0.04776	0.04538	0.80297	0.01194	0.00557	0.00159	0.00239	0.00995	0.00438	0.00398
10	0.01645	0.01229	0.01312	0.01026	0.01377	0.01353	0.00841	0.66856	0.07835	0.02758	0.01489	0.01458	0.07375	0.00623	0.00479	0.00144	0.00485	0.00479	0.00469	0.00765
11	0.00687	0.00494	0.00549	0.00545	0.00608	0.00476	0.00350	0.03922	0.00892	0.01152	0.04946	0.11212	0.22394	0.47929	0.01605	0.00331	0.00377	0.00825	0.00355	0.00351
12	0.01679	0.05506	0.01348	0.01166	0.01415	0.71870	0.00884	0.01869	0.05638	0.01200	0.00888	0.00984	0.02553	0.00508	0.00426	0.00124	0.00795	0.00331	0.00259	0.00557
13	0.00599	0.00432	0.00568	0.00665	0.00710	0.00405	0.00466	0.00699	0.00936	0.01237	0.04221	0.66293	0.07324	0.03634	0.00652	0.00199	0.00294	0.09844	0.00435	0.00388
14	0.00565	0.00470	0.00494	0.00504	0.00646	0.00399	0.00372	0.00686	0.01070	0.01300	0.08702	0.13190	0.67556	0.01213	0.00562	0.00162	0.00242	0.01026	0.00442	0.00399
15	0.03327	0.00434	0.00547	0.00635	0.00678	0.00411	0.00426	0.00687	0.00904	0.01232	0.04111	0.69495	0.07234	0.06641	0.00703	0.00204	0.00285	0.01235	0.00425	0.00383
16	0.00909	0.00480	0.00517	0.00496	0.00628	0.00466	0.00378	0.02126	0.01069	0.06144	0.09976	0.02214	0.08273	0.00661	0.00387	0.00122	0.00239	0.01699	0.62756	0.00461
17	0.00649	0.00471	0.00579	0.00577	0.00679	0.00427	0.00416	0.00805	0.01147	0.02772	0.41591	0.18746	0.20949	0.07210	0.00700	0.00182	0.00256	0.00959	0.00469	0.00416
18	0.02148	0.00514	0.00572	0.00547	0.00710	0.00447	0.00414	0.00880	0.01119	0.08956	0.15770	0.07397	0.53335	0.03115	0.00593	0.00166	0.00264	0.02153	0.00458	0.00443
19	0.01174	0.00646	0.00811	0.00713	0.00927	0.00602	0.00565	0.03331	0.07413	0.26494	0.27748	0.05541	0.15102	0.00886	0.00531	0.00156	0.00316	0.05953	0.00514	0.00579
20	0.06522	0.01298	0.01375	0.01059	0.01432	0.01440	0.00875	0.74600	0.02138	0.02924	0.01106	0.01112	0.00786	0.00559	0.00462	0.00142	0.00510	0.00415	0.00462	0.00786
21	0.05491	0.00688	0.00802	0.00682	0.00910	0.00652	0.00533	0.09527	0.02487	0.24128	0.16433	0.02819	0.24570	0.07373	0.00656	0.00175	0.00337	0.00693	0.00478	0.00566
22	0.00639	0.00505	0.00581	0.00577	0.00711	0.00461	0.00433	0.00862	0.05508	0.01527	0.30734	0.11787	0.38802	0.01115	0.00561	0.00161	0.00251	0.03880	0.00468	0.00434
23	0.01755	0.01284	0.01375	0.01058	0.01424	0.01420	0.00873	0.75698	0.02166	0.02921	0.01149	0.01158	0.00819	0.00565	0.00466	0.00140	0.00506	0.00425	0.04011	0.00787
24	0.00618	0.00516	0.00543	0.00530	0.00689	0.00460	0.00399	0.00839	0.06647	0.01422	0.16633	0.04180	0.62626	0.01118	0.00552	0.00158	0.00246	0.00940	0.00454	0.00430
