[name]
unknown

[dist]
# distance from previous block
# <min> <max>
0	102

[block]
# block no. 0 follows, 50 sequences, length 23
# corresponding to MSA columns:
# 150-172
name=unknown_A
#
# <colnr> <probs for GDERKNQSTAVLIFYWHMCP>
#	G	D	E	R	K	N	Q	S	T	A	V	L	I	F	Y	W	H	M	C	P
0	0.01371	0.04610	0.01181	0.01097	0.09723	0.03961	0.00771	0.07144	0.19663	0.19065	0.02230	0.05878	0.14500	0.03742	0.00584	0.00168	0.00433	0.00628	0.00457	0.02795
1	0.01188	0.00991	0.09000	0.00858	0.01154	0.04407	0.00729	0.05070	0.04206	0.15623	0.09486	0.19759	0.01881	0.05358	0.00621	0.00167	0.00426	0.00695	0.00424	0.17956
2	0.01575	0.07117	0.11307	0.01057	0.04199	0.01013	0.00923	0.08804	0.06549	0.32567	0.05029	0.05427	0.04273	0.00695	0.00574	0.00160	0.05690	0.01849	0.00459	0.00733
3	0.04857	0.00749	0.00877	0.00882	0.06858	0.03652	0.00623	0.02808	0.01229	0.06553	0.23603	0.07478	0.17798	0.00904	0.00533	0.00152	0.00356	0.06255	0.00440	0.13393
4	0.03809	0.04275	0.15604	0.00941	0.01279	0.05698	0.00876	0.05049	0.01243	0.19852	0.10867	0.16068	0.01847	0.00806	0.00515	0.00158	0.00471	0.04113	0.00426	0.06103
5	0.01380	0.20214	0.01829	0.01169	0.05121	0.02791	0.11638	0.17939	0.01359	0.04797	0.00966	0.01090	0.00761	0.00455	0.00429	0.00119	0.00535	0.00378	0.00323	0.26708
6	0.01270	0.25483	0.08241	0.01058	0.03955	0.02583	0.00915	0.07629	0.34616	0.01816	0.06381	0.01512	0.01302	0.00591	0.00452	0.00146	0.00480	0.00465	0.00385	0.00721
7	0.00776	0.00520	0.00667	0.00640	0.00767	0.00472	0.00476	0.00974	0.01313	0.06819	0.54438	0.15364	0.12683	0.01101	0.00590	0.00165	0.00257	0.00969	0.00531	0.00479
8	0.01148	0.01038	0.01721	0.37102	0.08408	0.01149	0.16465	0.03828	0.15117	0.05269	0.01196	0.01478	0.00905	0.02348	0.00563	0.00172	0.00627	0.00503	0.00310	0.00655
9	0.00642	0.00502	0.00582	0.00572	0.00708	0.00442	0.00425	0.00815	0.01247	0.01633	0.37956	0.09297	0.41052	0.01173	0.00592	0.00165	0.00247	0.01008	0.00501	0.00442
10	0.01410	0.20030	0.25139	0.01387	0.08525	0.07261	0.08308	0.05941	0.02993	0.12876	0.01052	0.01147	0.00779	0.00491	0.00456	0.00143	0.00636	0.00397	0.00303	0.00725
11	0.00929	0.00465	0.00465	0.00465	0.00581	0.00465	0.00348	0.01161	0.01045	0.01858	0.01626	0.01858	0.01278	0.00581	0.00348	0.00116	0.00232	0.00465	0.85250	0.00465
12	0.01473	0.01571	0.12665	0.07851	0.04649	0.26726	0.04871	0.01715	0.01238	0.16385	0.01373	0.11491	0.01195	0.00687	0.00509	0.00157	0.00655	0.03801	0.00350	0.00637
13	0.01728	0.01426	0.01549	0.06991	0.07411	0.09465	0.03049	0.54486	0.01991	0.02612	0.01097	0.01177	0.00804	0.00559	0.00491	0.00147	0.00597	0.00434	0.00423	0.03563
14	0.16970	0.26328	0.25502	0.01214	0.05220	0.09306	0.06073	0.01571	0.01050	0.01546	0.00793	0.00943	0.00633	0.00457	0.00402	0.00139	0.00626	0.00332	0.00238	0.00653
15	0.01516	0.04283	0.27333	0.01286	0.01768	0.09216	0.04185	0.36523	0.01671	0.02231	0.01008	0.01109	0.00738	0.00550	0.00536	0.00153	0.04378	0.00409	0.00349	0.00758
16	0.00697	0.00540	0.00656	0.00714	0.00855	0.00498	0.00593	0.00876	0.01142	0.01420	0.03832	0.05214	0.40621	0.01320	0.00639	0.00199	0.00357	0.38927	0.00461	0.00440
17	0.03549	0.00766	0.01001	0.06043	0.01179	0.00836	0.02668	0.07522	0.04726	0.08508	0.12001	0.20600	0.12496	0.01017	0.00752	0.01887	0.12662	0.00815	0.00425	0.00547
18	0.00670	0.00508	0.00617	0.00590	0.00723	0.00455	0.00442	0.00872	0.01327	0.01799	0.56423	0.04052	0.27515	0.01094	0.00588	0.00160	0.00240	0.00948	0.00522	0.00455
19	0.01451	0.01141	0.01263	0.02602	0.01388	0.05413	0.01864	0.10740	0.42243	0.12655	0.01647	0.01602	0.01224	0.00709	0.01717	0.00177	0.10441	0.00511	0.00461	0.00752
20	0.00615	0.00506	0.00541	0.00532	0.00689	0.00432	0.00399	0.00765	0.01197	0.01491	0.21491	0.04559	0.62639	0.01208	0.00589	0.00166	0.00249	0.01019	0.00482	0.00432
21	0.08269	0.14127	0.07170	0.04536	0.17539	0.03754	0.01084	0.26899	0.05785	0.04660	0.01050	0.01150	0.00800	0.00519	0.00452	0.00145	0.00557	0.00403	0.00353	0.00748
22	0.03497	0.12671	0.01270	0.00938	0.01211	0.04606	0.00748	0.08227	0.39446	0.01850	0.01769	0.15772	0.01564	0.00768	0.00490	0.00159	0.00429	0.00636	0.00434	0.03516

[dist]
# distance from previous block
# <min> <max>
0	16

[block]
# block no. 1 follows, 50 sequences, length 46
# corresponding to MSA columns:
# 200-212,217-243,247-252
name=unknown_B
#
# <colnr> <probs for GDERKNQSTAVLIFYWHMCP>
#	G	D	E	R	K	N	Q	S	T	A	V	L	I	F	Y	W	H	M	C	P
0	0.21005	0.01260	0.11561	0.06619	0.09673	0.08504	0.02352	0.03387	0.03617	0.03072	0.01454	0.04615	0.09654	0.00776	0.04145	0.00186	0.03862	0.00493	0.00311	0.03453
1	0.01536	0.05256	0.03417	0.01096	0.01386	0.28368	0.00878	0.16130	0.19174	0.04409	0.01261	0.01374	0.00996	0.02764	0.09529	0.00226	0.00720	0.00438	0.00371	0.00672
2	0.38738	0.10276	0.02933	0.00910	0.03797	0.02564	0.00736	0.06149	0.18342	0.08187	0.01199	0.01215	0.02011	0.00538	0.00397	0.00152	0.00438	0.00384	0.00374	0.00660
3	0.01087	0.14164	0.02416	0.13487	0.01519	0.02487	0.03731	0.05658	0.11500	0.05401	0.04692	0.16172	0.06654	0.00901	0.02806	0.00179	0.00495	0.03643	0.00378	0.02630
4	0.00725	0.00483	0.00544	0.00544	0.00544	0.00483	0.00302	0.00725	0.00725	0.00966	0.01571	0.03262	0.01812	0.82483	0.02537	0.00483	0.00483	0.00725	0.00302	0.00302
5	0.01605	0.11753	0.01586	0.01185	0.01443	0.30954	0.00961	0.20396	0.04036	0.01711	0.00893	0.01049	0.00734	0.00655	0.01963	0.00162	0.17573	0.00381	0.00311	0.00650
6	0.86003	0.00964	0.00733	0.00655	0.00964	0.01118	0.00540	0.01465	0.00848	0.02236	0.00694	0.00810	0.00540	0.00463	0.00308	0.00154	0.00386	0.00270	0.00308	0.00540
7	0.00722	0.00538	0.00715	0.03093	0.00962	0.00521	0.00661	0.00902	0.01098	0.01408	0.03081	0.22505	0.17728	0.01371	0.00652	0.00210	0.00387	0.42551	0.00454	0.00442
8	0.00649	0.00507	0.00589	0.00568	0.00710	0.00446	0.00426	0.00832	0.01279	0.01685	0.43439	0.04240	0.40570	0.01136	0.00588	0.00162	0.00243	0.00974	0.00507	0.00446
9	0.00712	0.00534	0.00801	0.00801	0.00890	0.00623	0.00623	0.00890	0.00801	0.01157	0.01335	0.01958	0.01246	0.03738	0.80507	0.00801	0.01335	0.00534	0.00267	0.00445
10	0.01034	0.00886	0.01034	0.00738	0.01181	0.00664	0.00591	0.01255	0.01034	0.01624	0.00886	0.01034	0.00738	0.00369	0.00369	0.00074	0.00369	0.00295	0.00295	0.85530
11	0.01261	0.05474	0.01665	0.39859	0.26346	0.01118	0.01295	0.01550	0.01109	0.13985	0.01065	0.01330	0.00793	0.00497	0.00487	0.00155	0.00596	0.00443	0.00292	0.00678
12	0.86003	0.00964	0.00733	0.00655	0.00964	0.01118	0.00540	0.01465	0.00848	0.02236	0.00694	0.00810	0.00540	0.00463	0.00308	0.00154	0.00386	0.00270	0.00308	0.00540
13	0.00607	0.00434	0.00578	0.00694	0.00723	0.00405	0.00463	0.00694	0.00954	0.01272	0.02747	0.82157	0.03297	0.01562	0.00636	0.00202	0.00289	0.01417	0.00463	0.00405
14	0.24314	0.01217	0.01244	0.00987	0.01354	0.01347	0.00812	0.46966	0.06053	0.09239	0.01173	0.01172	0.00835	0.00568	0.00449	0.00152	0.00486	0.00412	0.00458	0.00762
15	0.01309	0.01187	0.01882	0.11038	0.58821	0.01234	0.01421	0.13746	0.01315	0.01834	0.00974	0.01238	0.00786	0.00475	0.00495	0.00150	0.00593	0.00445	0.00285	0.00774
16	0.01828	0.02304	0.01397	0.01269	0.01527	0.76125	0.00954	0.02027	0.05649	0.01267	0.00840	0.00952	0.00690	0.00523	0.00453	0.00131	0.00871	0.00334	0.00271	0.00589
17	0.01874	0.01386	0.01484	0.01143	0.01538	0.01536	0.00942	0.75327	0.04761	0.03108	0.01223	0.01218	0.00869	0.00601	0.00499	0.00150	0.00544	0.00452	0.00499	0.00846
18	0.01679	0.01288	0.01391	0.01101	0.01464	0.01430	0.00898	0.54730	0.18802	0.02766	0.01344	0.01329	0.00982	0.00611	0.00529	0.00152	0.03078	0.00465	0.00480	0.05481
19	0.00929	0.00465	0.00465	0.00465	0.00581	0.00465	0.00348	0.01161	0.01045	0.01858	0.01626	0.01858	0.01278	0.00581	0.00348	0.00116	0.00232	0.00465	0.85250	0.00465
20	0.00662	0.00471	0.00632	0.00741	0.00790	0.00451	0.00538	0.00780	0.00990	0.01310	0.02656	0.58820	0.03109	0.05964	0.00754	0.00225	0.00342	0.19899	0.00453	0.00413
21	0.11975	0.01101	0.01556	0.14092	0.01883	0.01199	0.15566	0.13174	0.18042	0.11694	0.01306	0.01400	0.00950	0.00560	0.00532	0.00163	0.03228	0.00483	0.00391	0.00706
22	0.00981	0.02387	0.71591	0.01399	0.02080	0.01112	0.04734	0.01520	0.01051	0.01559	0.01022	0.06459	0.00814	0.00544	0.00489	0.00161	0.00711	0.00447	0.00229	0.00712
23	0.00730	0.00515	0.00740	0.00740	0.00805	0.00579	0.00547	0.00837	0.00772	0.01094	0.01329	0.02142	0.01307	0.17375	0.58823	0.09349	0.01094	0.00557	0.00268	0.00397
24	0.00987	0.00854	0.01150	0.31994	0.04110	0.03575	0.00931	0.09273	0.03133	0.01703	0.23610	0.03737	0.07988	0.02437	0.00598	0.00168	0.02176	0.00643	0.00377	0.00556
25	0.01459	0.19848	0.03545	0.05853	0.03767	0.04079	0.11332	0.26722	0.01481	0.04397	0.01032	0.01261	0.00823	0.00666	0.03250	0.00172	0.07039	0.02235	0.00337	0.00700
26	0.01397	0.01227	0.09778	0.09594	0.02045	0.01112	0.28078	0.01710	0.01143	0.22703	0.01203	0.01390	0.00863	0.00648	0.02988	0.00188	0.12400	0.00504	0.00339	0.00690
27	0.01112	0.03656	0.06795	0.18879	0.15220	0.01028	0.03260	0.10028	0.01206	0.01690	0.04843	0.07153	0.01109	0.00572	0.00494	0.00140	0.01702	0.00496	0.00308	0.20311
28	0.42015	0.00974	0.00959	0.00804	0.01122	0.01058	0.00654	0.12465	0.08596	0.18130	0.07600	0.01384	0.01160	0.00579	0.00416	0.00155	0.00405	0.00422	0.00437	0.00664
29	0.01151	0.14072	0.01310	0.00785	0.01216	0.00929	0.00656	0.03950	0.04181	0.03708	0.00940	0.01052	0.00771	0.00405	0.00375	0.00088	0.00404	0.00312	0.00306	0.63389
30	0.00618	0.00474	0.00566	0.00611	0.00708	0.00423	0.00432	0.00746	0.01104	0.01430	0.17199	0.39069	0.32122	0.01352	0.00610	0.00181	0.00266	0.01188	0.00478	0.00423
31	0.01200	0.01172	0.03143	0.16326	0.13805	0.04319	0.14722	0.06390	0.23541	0.01756	0.03892	0.01528	0.01105	0.00627	0.02194	0.00176	0.02550	0.00515	0.00343	0.00696
32	0.00712	0.00534	0.00801	0.00801	0.00890	0.00623	0.00623	0.00890	0.00801	0.01157	0.01335	0.01958	0.01246	0.03738	0.80507	0.00801	0.01335	0.00534	0.00267	0.00445
33	0.01308	0.01447	0.07253	0.11342	0.25334	0.15858	0.03177	0.03264	0.21274	0.01645	0.01183	0.01332	0.00924	0.00535	0.00510	0.00154	0.01982	0.00450	0.00315	0.00712
34	0.00610	0.00436	0.00581	0.00692	0.00724	0.00407	0.00463	0.00702	0.00969	0.01295	0.05156	0.79683	0.03341	0.01544	0.00635	0.00201	0.00287	0.01401	0.00465	0.00407
35	0.01034	0.00886	0.01034	0.00738	0.01181	0.00664	0.00591	0.01255	0.01034	0.01624	0.00886	0.01034	0.00738	0.00369	0.00369	0.00074	0.00369	0.00295	0.00295	0.85530
36	0.00607	0.00434	0.00578	0.00694	0.00723	0.00405	0.00463	0.00694	0.00954	0.01272	0.02747	0.82157	0.03297	0.01562	0.00636	0.00202	0.00289	0.01417	0.00463	0.00405
37	0.01118	0.01005	0.01587	0.57121	0.16321	0.01179	0.01351	0.11457	0.01199	0.01583	0.00936	0.01295	0.00710	0.00502	0.00498	0.00161	0.00637	0.00444	0.00263	0.00634
38	0.24011	0.01195	0.01241	0.00976	0.01349	0.01303	0.00806	0.45599	0.01804	0.15225	0.01189	0.01176	0.00829	0.00566	0.00449	0.00152	0.00486	0.00410	0.00468	0.00767
39	0.00929	0.00465	0.00465	0.00465	0.00581	0.00465	0.00348	0.01161	0.01045	0.01858	0.01626	0.01858	0.01278	0.00581	0.00348	0.00116	0.00232	0.00465	0.85250	0.00465
40	0.01862	0.02376	0.01413	0.01284	0.01541	0.80482	0.00963	0.01990	0.01413	0.01220	0.00770	0.00899	0.00642	0.00514	0.00449	0.00128	0.00899	0.00321	0.00257	0.00578
41	0.01240	0.01071	0.01127	0.01014	0.01296	0.01240	0.00789	0.02649	0.78473	0.02085	0.02029	0.01860	0.01522	0.00676	0.00507	0.00169	0.00394	0.00564	0.00507	0.00789
42	0.00803	0.00574	0.00803	0.00918	0.01033	0.00574	0.00803	0.01033	0.01147	0.01492	0.02639	0.05622	0.02869	0.01377	0.00688	0.00229	0.00459	0.76018	0.00459	0.00459
43	0.01551	0.01157	0.01286	0.00964	0.01380	0.01139	0.00788	0.42157	0.01752	0.06178	0.01104	0.01153	0.00820	0.00503	0.00445	0.00118	0.00468	0.00387	0.00419	0.36230
44	0.01250	0.01110	0.01365	0.01244	0.07184	0.02923	0.09044	0.11527	0.44051	0.02023	0.02069	0.02006	0.10579	0.00689	0.00522	0.00164	0.00470	0.00596	0.00449	0.00735
45	0.01175	0.24798	0.47397	0.01222	0.01805	0.06658	0.01432	0.04559	0.01108	0.01489	0.00857	0.01008	0.00664	0.00578	0.03119	0.00163	0.00703	0.00346	0.00228	0.00694

[dist]
# distance from previous block
# <min> <max>
0	48

[block]
# block no. 2 follows, 50 sequences, length 44
# corresponding to MSA columns:
# 301-344
name=unknown_C
#
# <colnr> <probs for GDERKNQSTAVLIFYWHMCP>
#	G	D	E	R	K	N	Q	S	T	A	V	L	I	F	Y	W	H	M	C	P
0	0.00965	0.02781	0.00963	0.06881	0.01208	0.08642	0.00720	0.01426	0.20822	0.01489	0.02112	0.36926	0.02210	0.01091	0.00601	0.00184	0.02805	0.07207	0.00422	0.00545
1	0.02544	0.60519	0.10795	0.00921	0.01337	0.05624	0.00926	0.02867	0.01046	0.01270	0.00858	0.04881	0.00810	0.03256	0.00436	0.00132	0.00558	0.00355	0.00237	0.00627
2	0.01328	0.76536	0.05153	0.00884	0.01314	0.03319	0.00886	0.01534	0.03031	0.01211	0.00736	0.00837	0.00662	0.00436	0.00332	0.00110	0.00543	0.00279	0.00222	0.00646
3	0.86003	0.00964	0.00733	0.00655	0.00964	0.01118	0.00540	0.01465	0.00848	0.02236	0.00694	0.00810	0.00540	0.00463	0.00308	0.00154	0.00386	0.00270	0.00308	0.00540
4	0.56780	0.01004	0.00878	0.00779	0.01078	0.01156	0.00627	0.07404	0.19424	0.02236	0.01116	0.03752	0.00887	0.00560	0.00381	0.00159	0.00397	0.00391	0.00375	0.00618
5	0.00633	0.00507	0.00566	0.00551	0.00700	0.00439	0.00413	0.00800	0.01239	0.01592	0.32879	0.04394	0.51189	0.01171	0.00589	0.00164	0.00246	0.00995	0.00495	0.00439
6	0.01000	0.02578	0.79900	0.01421	0.02157	0.01158	0.01842	0.01579	0.01052	0.01579	0.00895	0.01052	0.00631	0.00474	0.00474	0.00158	0.00737	0.00368	0.00210	0.00737
7	0.00715	0.00522	0.00738	0.00738	0.00805	0.00589	0.00544	0.00849	0.00782	0.01110	0.01393	0.02279	0.01385	0.23117	0.61320	0.00723	0.01125	0.00581	0.00276	0.00410
8	0.00733	0.00513	0.00629	0.00623	0.00642	0.00545	0.00396	0.00775	0.00743	0.01015	0.01492	0.02912	0.01654	0.62834	0.19536	0.00545	0.03107	0.00675	0.00292	0.00341
9	0.01862	0.02376	0.01413	0.01284	0.01541	0.80482	0.00963	0.01990	0.01413	0.01220	0.00770	0.00899	0.00642	0.00514	0.00449	0.00128	0.00899	0.00321	0.00257	0.00578
10	0.01349	0.01300	0.01177	0.01062	0.01339	0.15179	0.00820	0.02533	0.64917	0.01933	0.01807	0.01691	0.01367	0.00648	0.00497	0.00162	0.00483	0.00521	0.00463	0.00752
11	0.00589	0.00505	0.00505	0.00505	0.00673	0.00421	0.00379	0.00715	0.01136	0.01347	0.05049	0.04797	0.79171	0.01262	0.00589	0.00168	0.00252	0.01052	0.00463	0.00421
12	0.00685	0.00509	0.00638	0.00606	0.00732	0.00462	0.00454	0.00901	0.01363	0.01884	0.66082	0.03912	0.17803	0.01062	0.00588	0.00159	0.00238	0.00928	0.00534	0.00462
13	0.00686	0.00494	0.00651	0.00655	0.00751	0.00459	0.00482	0.00885	0.01291	0.01805	0.57813	0.22591	0.04294	0.01163	0.00603	0.00171	0.00257	0.03972	0.00525	0.00454
14	0.01176	0.01345	0.02941	0.02101	0.02605	0.01261	0.77563	0.01597	0.01176	0.01597	0.01008	0.01345	0.00756	0.00420	0.00588	0.00168	0.00840	0.00588	0.00252	0.00672
15	0.01034	0.00886	0.01034	0.00738	0.01181	0.00664	0.00591	0.01255	0.01034	0.01624	0.00886	0.01034	0.00738	0.00369	0.00369	0.00074	0.00369	0.00295	0.00295	0.85530
16	0.01091	0.01091	0.01527	0.01309	0.01309	0.01527	0.01091	0.01200	0.00763	0.01200	0.00654	0.01091	0.00654	0.00872	0.01636	0.00218	0.81570	0.00436	0.00218	0.00545
17	0.00672	0.00521	0.00756	0.16309	0.01248	0.00541	0.00641	0.00806	0.00963	0.01273	0.02387	0.66496	0.02787	0.01356	0.00609	0.00195	0.00362	0.01228	0.00416	0.00434
18	0.01204	0.01154	0.01969	0.11034	0.71632	0.01176	0.01515	0.01504	0.01121	0.01592	0.00932	0.01243	0.00777	0.00450	0.00494	0.00150	0.00600	0.00444	0.00244	0.00765
19	0.00607	0.00434	0.00578	0.00694	0.00723	0.00405	0.00463	0.00694	0.00954	0.01272	0.02747	0.82157	0.03297	0.01562	0.00636	0.00202	0.00289	0.01417	0.00463	0.00405
20	0.00689	0.00511	0.00643	0.00617	0.00743	0.00466	0.00467	0.00905	0.01352	0.01864	0.63111	0.03986	0.17701	0.01076	0.00592	0.00162	0.00247	0.03875	0.00530	0.00461
21	0.01240	0.01071	0.01127	0.01014	0.01296	0.01240	0.00789	0.02649	0.78473	0.02085	0.02029	0.01860	0.01522	0.00676	0.00507	0.00169	0.00394	0.00564	0.00507	0.00789
22	0.16536	0.21830	0.01595	0.01056	0.01375	0.40358	0.00860	0.08340	0.01296	0.01554	0.00775	0.00885	0.00641	0.00491	0.00397	0.00129	0.00688	0.00310	0.00276	0.00610
23	0.01180	0.01157	0.02411	0.01772	0.02190	0.01079	0.58613	0.01527	0.01163	0.08410	0.01368	0.14162	0.01200	0.00618	0.00588	0.00172	0.00717	0.00712	0.00317	0.00645
24	0.86003	0.00964	0.00733	0.00655	0.00964	0.01118	0.00540	0.01465	0.00848	0.02236	0.00694	0.00810	0.00540	0.00463	0.00308	0.00154	0.00386	0.00270	0.00308	0.00540
25	0.00990	0.00936	0.01583	0.68271	0.16067	0.01120	0.01408	0.01316	0.01020	0.01333	0.00895	0.01313	0.00685	0.00489	0.00498	0.00163	0.00652	0.00443	0.00226	0.00593
26	0.86003	0.00964	0.00733	0.00655	0.00964	0.01118	0.00540	0.01465	0.00848	0.02236	0.00694	0.00810	0.00540	0.00463	0.00308	0.00154	0.00386	0.00270	0.00308	0.00540
27	0.00719	0.00506	0.00659	0.00659	0.00698	0.00546	0.00445	0.00799	0.00759	0.01052	0.01465	0.02679	0.01559	0.47302	0.37372	0.00625	0.00864	0.00640	0.00286	0.00366
28	0.01081	0.01082	0.01565	0.01323	0.01352	0.01476	0.04790	0.01210	0.00806	0.01247	0.03441	0.01196	0.00802	0.00856	0.01548	0.00214	0.74771	0.00460	0.00231	0.00549
29	0.00666	0.00504	0.00614	0.00594	0.00722	0.00452	0.00443	0.00861	0.01307	0.01768	0.53255	0.07861	0.26896	0.01118	0.00591	0.00162	0.00243	0.00972	0.00519	0.00452
30	0.00973	0.00903	0.01495	0.78588	0.03369	0.01122	0.01370	0.03846	0.01042	0.01336	0.00896	0.01324	0.00671	0.00502	0.00498	0.00166	0.00661	0.00443	0.00231	0.00564
31	0.00929	0.00465	0.00465	0.00465	0.00581	0.00465	0.00348	0.01161	0.01045	0.01858	0.01626	0.01858	0.01278	0.00581	0.00348	0.00116	0.00232	0.00465	0.85250	0.00465
32	0.01120	0.00939	0.01489	0.53380	0.13851	0.01088	0.01267	0.06261	0.03130	0.06223	0.01099	0.01425	0.02468	0.00569	0.00551	0.03174	0.00608	0.00463	0.00279	0.00615
33	0.00712	0.00534	0.00801	0.00801	0.00890	0.00623	0.00623	0.00890	0.00801	0.01157	0.01335	0.01958	0.01246	0.03738	0.80507	0.00801	0.01335	0.00534	0.00267	0.00445
34	0.01210	0.01276	0.03984	0.17573	0.21393	0.05967	0.25878	0.03898	0.10624	0.01623	0.01080	0.01339	0.00833	0.00485	0.00524	0.00160	0.00683	0.00496	0.00282	0.00693
35	0.01370	0.01189	0.01291	0.15180	0.01742	0.06053	0.00939	0.18972	0.43366	0.02124	0.01568	0.01562	0.01169	0.00618	0.00500	0.00162	0.00506	0.00502	0.00440	0.00748
36	0.00990	0.00957	0.01515	0.71627	0.06322	0.03730	0.01362	0.01304	0.01005	0.01282	0.00873	0.01299	0.00668	0.00515	0.00552	0.00167	0.04606	0.00439	0.00223	0.00564
37	0.01369	0.52927	0.18392	0.01022	0.01491	0.10801	0.01064	0.01613	0.01087	0.05084	0.00806	0.00907	0.00667	0.00456	0.00375	0.00122	0.00612	0.00305	0.00237	0.00663
38	0.01439	0.01112	0.01490	0.01747	0.29352	0.10092	0.05188	0.01716	0.04978	0.20759	0.01614	0.13315	0.03579	0.00692	0.00520	0.00158	0.00536	0.00618	0.00390	0.00706
39	0.01371	0.00855	0.01007	0.00880	0.01143	0.00884	0.00695	0.05095	0.31480	0.23039	0.14870	0.06663	0.05118	0.00813	0.00536	0.00166	0.00374	0.03767	0.00537	0.00706
40	0.00776	0.00618	0.00824	0.00764	0.00923	0.00593	0.04689	0.01016	0.04489	0.03177	0.26895	0.11919	0.25525	0.01107	0.00641	0.00174	0.03986	0.08826	0.00468	0.02591
41	0.01195	0.01000	0.01194	0.01256	0.13521	0.02965	0.00836	0.13592	0.28925	0.01947	0.09965	0.01984	0.01627	0.08964	0.08564	0.00253	0.00546	0.00571	0.00419	0.00677
42	0.03303	0.01701	0.01315	0.01157	0.01376	0.41891	0.00900	0.06249	0.04549	0.01427	0.01050	0.01314	0.03554	0.02662	0.00742	0.00158	0.16707	0.02214	0.00292	0.07438
43	0.01250	0.30587	0.03268	0.01112	0.09628	0.05801	0.00852	0.04451	0.05467	0.06630	0.10537	0.09990	0.01526	0.00667	0.00479	0.00139	0.02483	0.00533	0.00343	0.04255

[dist]
# distance from previous block
# <min> <max>
9	75

[block]
# block no. 3 follows, 50 sequences, length 19
# corresponding to MSA columns:
# 431-449
name=unknown_D
#
# <colnr> <probs for GDERKNQSTAVLIFYWHMCP>
#	G	D	E	R	K	N	Q	S	T	A	V	L	I	F	Y	W	H	M	C	P
0	0.01131	0.09281	0.01290	0.00919	0.01210	0.04258	0.07431	0.01371	0.04012	0.08861	0.06492	0.04282	0.01401	0.08923	0.07470	0.00222	0.02583	0.04416	0.00347	0.24101
1	0.00994	0.15784	0.03951	0.00880	0.01108	0.00954	0.03136	0.10287	0.03129	0.01604	0.06782	0.30437	0.04402	0.01018	0.00558	0.00169	0.01796	0.08438	0.00401	0.04173
2	0.01056	0.05979	0.20274	0.01223	0.01603	0.06347	0.14280	0.01592	0.16106	0.01561	0.01704	0.13969	0.05631	0.00826	0.02433	0.00182	0.00596	0.03661	0.00342	0.00634
3	0.12084	0.15454	0.09296	0.00993	0.01388	0.16342	0.00894	0.05191	0.01284	0.30638	0.01223	0.01196	0.00857	0.00530	0.00434	0.00141	0.00566	0.00383	0.00395	0.00712
4	0.04036	0.01357	0.16242	0.01076	0.01457	0.01176	0.00996	0.21926	0.27006	0.06514	0.04272	0.05433	0.01382	0.00692	0.00509	0.00164	0.00495	0.04078	0.00445	0.00746
5	0.17031	0.00875	0.04133	0.00932	0.06283	0.00777	0.00723	0.01736	0.01219	0.37059	0.04077	0.02287	0.16131	0.00737	0.00491	0.00160	0.00405	0.03785	0.00482	0.00676
6	0.01108	0.00852	0.01045	0.00893	0.05409	0.00707	0.00652	0.03627	0.04012	0.07828	0.01311	0.13536	0.01204	0.00594	0.00436	0.00110	0.00380	0.00506	0.00358	0.55432
7	0.00759	0.00546	0.00751	0.00861	0.00963	0.00537	0.00725	0.00959	0.01112	0.01446	0.02750	0.19592	0.05818	0.01406	0.00675	0.00222	0.00420	0.59550	0.00460	0.00448
8	0.01034	0.00886	0.01034	0.00738	0.01181	0.00664	0.00591	0.01255	0.01034	0.01624	0.00886	0.01034	0.00738	0.00369	0.00369	0.00074	0.00369	0.00295	0.00295	0.85530
9	0.58863	0.01048	0.00935	0.00789	0.01119	0.01183	0.00648	0.16730	0.05430	0.07783	0.00955	0.01005	0.00703	0.00512	0.00370	0.00154	0.00421	0.00338	0.00378	0.00636
10	0.00933	0.00483	0.00512	0.00499	0.00625	0.00472	0.00376	0.01161	0.01104	0.04329	0.10908	0.02171	0.04252	0.00656	0.00390	0.00124	0.00239	0.00537	0.69755	0.00476
11	0.01342	0.01146	0.01309	0.01119	0.01353	0.01379	0.00901	0.18395	0.42100	0.02084	0.01496	0.01519	0.01153	0.00710	0.00796	0.00178	0.21346	0.00506	0.00431	0.00739
12	0.00803	0.00574	0.00803	0.00918	0.01033	0.00574	0.00803	0.01033	0.01147	0.01492	0.02639	0.05622	0.02869	0.01377	0.00688	0.00229	0.00459	0.76018	0.00459	0.00459
13	0.01166	0.01104	0.01868	0.09323	0.66656	0.01119	0.01431	0.01460	0.01146	0.01629	0.07339	0.01446	0.01100	0.00496	0.00502	0.00150	0.00569	0.00481	0.00269	0.00744
14	0.00589	0.00505	0.00505	0.00505	0.00673	0.00421	0.00379	0.00715	0.01136	0.01347	0.05049	0.04797	0.79171	0.01262	0.00589	0.00168	0.00252	0.01052	0.00463	0.00421
15	0.00718	0.00509	0.00677	0.00677	0.00723	0.00555	0.00468	0.00810	0.00764	0.01065	0.01449	0.02589	0.01520	0.41821	0.42799	0.00647	0.00923	0.00626	0.00284	0.00376
16	0.01605	0.01464	0.01637	0.01574	0.15821	0.15284	0.07308	0.34494	0.08757	0.02229	0.01140	0.01252	0.00870	0.00665	0.03482	0.00173	0.00657	0.00451	0.00382	0.00755
17	0.72804	0.06445	0.00911	0.00701	0.01025	0.01176	0.00587	0.04826	0.00951	0.05798	0.00775	0.00867	0.00592	0.00473	0.00326	0.00151	0.00404	0.00288	0.00325	0.00574
18	0.01271	0.52431	0.22877	0.01149	0.05796	0.06356	0.01157	0.01547	0.01054	0.01307	0.00764	0.00896	0.00646	0.00445	0.00377	0.00124	0.00612	0.00306	0.00217	0.00670

[dist]
# distance from previous block
# <min> <max>
0	4

[block]
# block no. 4 follows, 50 sequences, length 96
# corresponding to MSA columns:
# 454-473,477,478,509-535,551-591,593-598
name=unknown_E
#
# <colnr> <probs for GDERKNQSTAVLIFYWHMCP>
#	G	D	E	R	K	N	Q	S	T	A	V	L	I	F	Y	W	H	M	C	P
0	0.01076	0.05085	0.32768	0.01676	0.14897	0.01260	0.09576	0.01441	0.01019	0.01485	0.02723	0.01273	0.02876	0.00589	0.00766	0.00170	0.19962	0.00447	0.00237	0.00675
1	0.00684	0.00563	0.02957	0.00633	0.00771	0.00475	0.00493	0.00895	0.01309	0.01800	0.56181	0.10603	0.18594	0.01096	0.00589	0.00163	0.00258	0.00959	0.00515	0.00463
2	0.02236	0.00848	0.01157	0.00887	0.01272	0.00733	0.00733	0.02429	0.01427	0.79719	0.01966	0.01697	0.01234	0.00617	0.00501	0.00154	0.00424	0.00501	0.00617	0.00848
3	0.01231	0.09333	0.48925	0.01388	0.01999	0.03971	0.09362	0.14778	0.01297	0.01803	0.00937	0.01080	0.00683	0.00487	0.00475	0.00152	0.00702	0.00394	0.00266	0.00735
4	0.01785	0.12053	0.01539	0.01202	0.01489	0.62841	0.00933	0.03571	0.04693	0.04237	0.00869	0.00964	0.00706	0.00516	0.00439	0.00129	0.00807	0.00334	0.00281	0.00610
5	0.00752	0.00520	0.00681	0.00635	0.00761	0.00478	0.00478	0.00985	0.01411	0.04337	0.76789	0.03662	0.04599	0.01007	0.00585	0.00157	0.00241	0.00889	0.00551	0.00482
6	0.01205	0.04221	0.02004	0.09605	0.64464	0.01224	0.03546	0.01494	0.01104	0.01562	0.00914	0.01222	0.00766	0.00466	0.00539	0.00152	0.04081	0.00441	0.00242	0.00750
7	0.00594	0.00505	0.00512	0.00510	0.00676	0.00423	0.00383	0.00725	0.01148	0.01375	0.08230	0.04751	0.75973	0.01252	0.00589	0.00168	0.00252	0.01046	0.00467	0.00423
8	0.86003	0.00964	0.00733	0.00655	0.00964	0.01118	0.00540	0.01465	0.00848	0.02236	0.00694	0.00810	0.00540	0.00463	0.00308	0.00154	0.00386	0.00270	0.00308	0.00540
9	0.01298	0.74529	0.10565	0.00911	0.01370	0.01888	0.00955	0.01501	0.01017	0.01214	0.00714	0.00826	0.00639	0.00431	0.00336	0.00112	0.00554	0.00277	0.00213	0.00650
10	0.01061	0.00950	0.01154	0.00874	0.01271	0.02665	0.05992	0.01452	0.11866	0.01656	0.01281	0.03541	0.04285	0.00490	0.00422	0.00103	0.00411	0.00417	0.00333	0.59777
11	0.00607	0.00434	0.00578	0.00694	0.00723	0.00405	0.00463	0.00694	0.00954	0.01272	0.02747	0.82157	0.03297	0.01562	0.00636	0.00202	0.00289	0.01417	0.00463	0.00405
12	0.01295	0.01104	0.01202	0.01125	0.05127	0.01263	0.00839	0.09007	0.68195	0.02153	0.01904	0.01772	0.01428	0.00658	0.00506	0.00166	0.00417	0.00548	0.00494	0.00794
13	0.00619	0.00451	0.00587	0.00690	0.00740	0.00419	0.00478	0.00721	0.00987	0.01296	0.02981	0.68568	0.11219	0.01517	0.00635	0.00201	0.00297	0.06721	0.00462	0.00410
14	0.00762	0.00626	0.03728	0.03515	0.00957	0.00543	0.02327	0.01007	0.01334	0.03335	0.59944	0.06751	0.06702	0.01011	0.00587	0.00164	0.00302	0.05407	0.00507	0.00490
15	0.00638	0.00507	0.00572	0.00556	0.00703	0.00441	0.00417	0.00809	0.01251	0.01619	0.35949	0.04349	0.48102	0.01161	0.00589	0.00163	0.00245	0.00989	0.00499	0.00441
16	0.04231	0.01446	0.01400	0.02692	0.01521	0.12587	0.00917	0.50453	0.11513	0.06336	0.01256	0.01252	0.00908	0.00591	0.00487	0.00150	0.00571	0.00442	0.00460	0.00788
17	0.00594	0.00486	0.00524	0.00554	0.00686	0.00417	0.00401	0.00710	0.01089	0.01327	0.04452	0.24875	0.59479	0.01340	0.00601	0.00177	0.00262	0.01147	0.00463	0.00417
18	0.01291	0.64219	0.17234	0.00979	0.01457	0.05077	0.01045	0.01530	0.01037	0.01252	0.00734	0.00852	0.00638	0.00439	0.00354	0.00117	0.00587	0.00288	0.00215	0.00656
19	0.01313	0.04063	0.07380	0.06429	0.45018	0.01214	0.03942	0.12153	0.03183	0.04548	0.01075	0.01369	0.00868	0.00507	0.00494	0.00151	0.00587	0.02714	0.00304	0.02690
20	0.01169	0.01396	0.06136	0.02073	0.02586	0.01256	0.74419	0.01596	0.01171	0.01596	0.01004	0.01332	0.00751	0.00422	0.00583	0.00168	0.00836	0.00579	0.00250	0.00675
21	0.01161	0.30035	0.30865	0.13555	0.04766	0.01429	0.04324	0.02909	0.01068	0.02796	0.00853	0.01038	0.00666	0.00461	0.00428	0.00140	0.00638	0.00358	0.00230	0.02281
22	0.00958	0.00805	0.02689	0.04875	0.01349	0.00778	0.12422	0.02981	0.10917	0.05187	0.17644	0.11263	0.07997	0.00971	0.00592	0.00181	0.00448	0.16934	0.00444	0.00563
23	0.00717	0.00514	0.00698	0.00698	0.00752	0.00567	0.00495	0.00824	0.00771	0.01081	0.01429	0.02478	0.01472	0.35153	0.49402	0.00674	0.00995	0.00610	0.00281	0.00388
24	0.80127	0.00994	0.00786	0.00690	0.01005	0.01148	0.00568	0.06792	0.00953	0.02300	0.00729	0.00837	0.00561	0.00472	0.00322	0.00154	0.00397	0.00282	0.00322	0.00561
25	0.00628	0.00461	0.00589	0.00682	0.00741	0.00427	0.00479	0.00733	0.00996	0.01298	0.03069	0.59540	0.15338	0.03930	0.00691	0.00208	0.00307	0.09015	0.00458	0.00410
26	0.00982	0.00919	0.01503	0.28160	0.21142	0.01053	0.04930	0.01218	0.00984	0.01352	0.01219	0.15354	0.01202	0.04128	0.00790	0.00189	0.13392	0.00630	0.00274	0.00580
27	0.00652	0.00500	0.00596	0.00588	0.00716	0.00445	0.00435	0.00830	0.01260	0.01679	0.43372	0.12199	0.32592	0.01166	0.00593	0.00166	0.00247	0.01011	0.00508	0.00445
28	0.01703	0.01217	0.01326	0.01069	0.01425	0.01342	0.00866	0.42300	0.29202	0.11742	0.01582	0.01490	0.01132	0.00628	0.00502	0.00157	0.00479	0.00496	0.00516	0.00827
29	0.01276	0.60185	0.11046	0.01026	0.01442	0.03575	0.04284	0.01488	0.01008	0.01240	0.00727	0.00883	0.00645	0.00479	0.00487	0.00127	0.08916	0.00310	0.00216	0.00641
30	0.00929	0.00465	0.00465	0.00465	0.00581	0.00465	0.00348	0.01161	0.01045	0.01858	0.01626	0.01858	0.01278	0.00581	0.00348	0.00116	0.00232	0.00465	0.85250	0.00465
31	0.01057	0.00721	0.00848	0.00792	0.00969	0.00725	0.00596	0.18834	0.02737	0.08237	0.04683	0.37371	0.14964	0.01261	0.03578	0.00201	0.00394	0.00993	0.00480	0.00557
32	0.00705	0.00510	0.00666	0.00627	0.00745	0.00470	0.00470	0.00941	0.01411	0.01999	0.79110	0.03723	0.04703	0.01019	0.00588	0.00157	0.00235	0.00901	0.00549	0.00470
33	0.01018	0.00948	0.01507	0.60605	0.12266	0.01135	0.01318	0.01497	0.11893	0.01430	0.01053	0.01392	0.00800	0.00517	0.00499	0.00164	0.00618	0.00460	0.00265	0.00615
34	0.01333	0.82783	0.02612	0.00853	0.01279	0.01972	0.00853	0.01493	0.01013	0.01173	0.00693	0.00800	0.00640	0.00426	0.00320	0.00107	0.00533	0.00267	0.00213	0.00640
35	0.77384	0.00952	0.00776	0.00679	0.00996	0.01079	0.00560	0.01564	0.00908	0.10210	0.00825	0.00901	0.00611	0.00479	0.00328	0.00154	0.00390	0.00294	0.00340	0.00572
36	0.00674	0.00506	0.00628	0.00709	0.00774	0.00494	0.00486	0.00898	0.08939	0.01354	0.02819	0.66120	0.08814	0.03423	0.00666	0.00203	0.00302	0.01285	0.00463	0.00443
37	0.77345	0.01109	0.00803	0.00720	0.01023	0.09285	0.00583	0.01519	0.00906	0.02132	0.00702	0.00819	0.00550	0.00468	0.00323	0.00152	0.00438	0.00275	0.00303	0.00544
38	0.01029	0.00585	0.00783	0.00728	0.00791	0.00609	0.00514	0.12841	0.00917	0.01226	0.00918	0.01465	0.00863	0.01552	0.01719	0.71995	0.00451	0.00435	0.00261	0.00316
39	0.61321	0.00965	0.00872	0.00741	0.01069	0.01065	0.00609	0.05310	0.04370	0.18065	0.01034	0.01054	0.00738	0.00510	0.00365	0.00155	0.00402	0.00338	0.00389	0.00628
40	0.01106	0.05787	0.68623	0.01369	0.02058	0.01231	0.01709	0.09409	0.01184	0.01723	0.00917	0.01057	0.00654	0.00484	0.00470	0.00155	0.00709	0.00372	0.00240	0.00744
41	0.01152	0.01305	0.02840	0.02040	0.02524	0.01224	0.74252	0.01558	0.01167	0.01583	0.01083	0.04815	0.00865	0.00469	0.00590	0.00170	0.00817	0.00624	0.00261	0.00661
42	0.01114	0.00997	0.01524	0.41884	0.13731	0.01112	0.04064	0.09116	0.06758	0.01611	0.01020	0.01325	0.00788	0.00579	0.01985	0.01682	0.00607	0.00444	0.00283	0.09375
43	0.00607	0.00434	0.00578	0.00694	0.00723	0.00405	0.00463	0.00694	0.00954	0.01272	0.02747	0.82157	0.03297	0.01562	0.00636	0.00202	0.00289	0.01417	0.00463	0.00405
44	0.00600	0.00501	0.00523	0.00527	0.00682	0.00424	0.00392	0.00734	0.01150	0.01400	0.11490	0.09136	0.68213	0.01258	0.00592	0.00169	0.00253	0.01060	0.00470	0.00424
45	0.13573	0.26542	0.01649	0.00996	0.01339	0.29222	0.00834	0.05472	0.01258	0.13505	0.00940	0.00993	0.00728	0.00500	0.00400	0.00130	0.00625	0.00331	0.00318	0.00646
46	0.01315	0.48638	0.13344	0.01148	0.06569	0.02671	0.02480	0.06564	0.02880	0.02919	0.00836	0.00963	0.00699	0.00474	0.00438	0.00127	0.04119	0.00331	0.00252	0.03234
47	0.01219	0.33889	0.28262	0.01081	0.01552	0.07172	0.01161	0.06719	0.01117	0.01440	0.00890	0.01109	0.00747	0.03482	0.07997	0.00206	0.00703	0.00358	0.00243	0.00653
48	0.86003	0.00964	0.00733	0.00655	0.00964	0.01118	0.00540	0.01465	0.00848	0.02236	0.00694	0.00810	0.00540	0.00463	0.00308	0.00154	0.00386	0.00270	0.00308	0.00540
49	0.00929	0.00465	0.00465	0.00465	0.00581	0.00465	0.00348	0.01161	0.01045	0.01858	0.01626	0.01858	0.01278	0.00581	0.00348	0.00116	0.00232	0.00465	0.85250	0.00465
50	0.01193	0.00903	0.01065	0.00771	0.01206	0.00708	0.00620	0.04550	0.01128	0.09723	0.01010	0.01109	0.00794	0.00404	0.00388	0.00085	0.00382	0.00323	0.00337	0.73300
51	0.00690	0.00513	0.00650	0.00691	0.00788	0.00487	0.00511	0.00907	0.04678	0.01581	0.27736	0.34274	0.12901	0.01286	0.00615	0.00185	0.00293	0.10269	0.00492	0.00452
52	0.01332	0.77519	0.05792	0.00887	0.01322	0.03826	0.00897	0.01508	0.01024	0.01191	0.00703	0.00812	0.00639	0.00430	0.00329	0.00109	0.00550	0.00272	0.00214	0.00642
53	0.29478	0.04677	0.02791	0.03262	0.03345	0.12353	0.08157	0.11096	0.05640	0.05390	0.00963	0.01070	0.00734	0.00492	0.00418	0.00143	0.00548	0.00370	0.00333	0.08742
54	0.01034	0.10854	0.71926	0.01362	0.02067	0.01242	0.01740	0.01570	0.01048	0.01537	0.00874	0.01026	0.00632	0.00469	0.00458	0.00153	0.00716	0.00358	0.00211	0.00727
55	0.00589	0.00505	0.00505	0.00505	0.00673	0.00421	0.00379	0.00715	0.01136	0.01347	0.05049	0.04797	0.79171	0.01262	0.00589	0.00168	0.00252	0.01052	0.00463	0.00421
56	0.00786	0.00562	0.00784	0.00899	0.01006	0.00559	0.00774	0.01004	0.01131	0.01473	0.02648	0.12213	0.02905	0.01393	0.00684	0.00227	0.00444	0.69594	0.00459	0.00454
57	0.83937	0.02961	0.00778	0.00660	0.00972	0.01139	0.00547	0.01466	0.00852	0.02210	0.00694	0.00809	0.00542	0.00462	0.00309	0.00153	0.00389	0.00270	0.00306	0.00542
58	0.01028	0.00999	0.01809	0.01449	0.04315	0.00919	0.33803	0.01367	0.03450	0.01574	0.01496	0.07227	0.01423	0.00710	0.00562	0.00164	0.00596	0.18087	0.00330	0.18693
59	0.00725	0.00483	0.00544	0.00544	0.00544	0.00483	0.00302	0.00725	0.00725	0.00966	0.01571	0.03262	0.01812	0.82483	0.02537	0.00483	0.00483	0.00725	0.00302	0.00302
60	0.01238	0.01645	0.20493	0.01569	0.06869	0.09133	0.20490	0.05264	0.16744	0.01697	0.02179	0.01330	0.00919	0.00550	0.00610	0.00164	0.07614	0.00480	0.00306	0.00704
61	0.00712	0.00534	0.00801	0.00801	0.00890	0.00623	0.00623	0.00890	0.00801	0.01157	0.01335	0.01958	0.01246	0.03738	0.80507	0.00801	0.01335	0.00534	0.00267	0.00445
62	0.06324	0.05400	0.01448	0.01101	0.01465	0.09778	0.00900	0.51204	0.12971	0.02644	0.01219	0.01220	0.00896	0.00585	0.00476	0.00148	0.00554	0.00433	0.00450	0.00784
63	0.03151	0.05128	0.30970	0.02799	0.06158	0.01174	0.04589	0.17964	0.02897	0.11154	0.02941	0.03926	0.00964	0.00560	0.00484	0.00152	0.00593	0.00458	0.00351	0.03585
64	0.01356	0.63208	0.10291	0.01020	0.03747	0.07960	0.00985	0.04107	0.01096	0.01297	0.00744	0.00859	0.00651	0.00444	0.00357	0.00116	0.00584	0.00293	0.00227	0.00656
65	0.07123	0.03180	0.04377	0.15702	0.47155	0.05477	0.02742	0.01489	0.01090	0.01559	0.00917	0.01260	0.00766	0.00489	0.00517	0.00154	0.03306	0.01749	0.00248	0.00700
66	0.01224	0.01173	0.01409	0.01192	0.01481	0.08810	0.14071	0.03613	0.46700	0.01838	0.01802	0.11463	0.01508	0.00723	0.00531	0.00169	0.00511	0.00646	0.00433	0.00703
67	0.01263	0.01591	0.29967	0.04984	0.19484	0.01094	0.01344	0.07032	0.09260	0.11268	0.02784	0.02984	0.03570	0.00572	0.00497	0.00157	0.00580	0.00483	0.00339	0.00746
68	0.02236	0.00848	0.01157	0.00887	0.01272	0.00733	0.00733	0.02429	0.01427	0.79719	0.01966	0.01697	0.01234	0.00617	0.00501	0.00154	0.00424	0.00501	0.00617	0.00848
69	0.01250	0.01230	0.03617	0.13747	0.16060	0.10812	0.06215	0.08670	0.10807	0.02891	0.06207	0.03179	0.01244	0.02076	0.00633	0.00169	0.06452	0.03747	0.00336	0.00657
70	0.00705	0.00510	0.00666	0.00627	0.00745	0.00470	0.00470	0.00941	0.01411	0.01999	0.79110	0.03723	0.04703	0.01019	0.00588	0.00157	0.00235	0.00901	0.00549	0.00470
71	0.01523	0.07027	0.01530	0.01283	0.05568	0.24866	0.04933	0.11400	0.16977	0.05674	0.01204	0.01373	0.00962	0.00667	0.02011	0.00166	0.09310	0.02492	0.00354	0.00679
72	0.00724	0.00485	0.00551	0.00551	0.00554	0.00487	0.00311	0.00730	0.00727	0.00972	0.01564	0.03224	0.01796	0.80168	0.04829	0.00493	0.00508	0.00719	0.00301	0.00306
73	0.01172	0.01153	0.02148	0.01580	0.04091	0.01020	0.44321	0.01507	0.01134	0.04963	0.01003	0.01244	0.00771	0.00411	0.00503	0.00133	0.00645	0.00474	0.00283	0.31443
74	0.02236	0.00848	0.01157	0.00887	0.01272	0.00733	0.00733	0.02429	0.01427	0.79719	0.01966	0.01697	0.01234	0.00617	0.00501	0.00154	0.00424	0.00501	0.00617	0.00848
75	0.01091	0.01091	0.01527	0.01309	0.01309	0.01527	0.01091	0.01200	0.00763	0.01200	0.00654	0.01091	0.00654	0.00872	0.01636	0.00218	0.81570	0.00436	0.00218	0.00545
76	0.01223	0.01173	0.02003	0.05995	0.76524	0.01181	0.01524	0.01520	0.01130	0.01615	0.00936	0.01237	0.00785	0.00446	0.00494	0.00149	0.00595	0.00444	0.00246	0.00781
77	0.00725	0.00483	0.00544	0.00544	0.00544	0.00483	0.00302	0.00725	0.00725	0.00966	0.01571	0.03262	0.01812	0.82483	0.02537	0.00483	0.00483	0.00725	0.00302	0.00302
78	0.01034	0.00886	0.01034	0.00738	0.01181	0.00664	0.00591	0.01255	0.01034	0.01624	0.00886	0.01034	0.00738	0.00369	0.00369	0.00074	0.00369	0.00295	0.00295	0.85530
79	0.00777	0.00582	0.00839	0.00820	0.00926	0.00674	0.00641	0.05139	0.00886	0.01267	0.01327	0.01916	0.01224	0.03565	0.76082	0.00765	0.01292	0.00529	0.00280	0.00467
80	0.01221	0.01049	0.01104	0.00991	0.01270	0.01205	0.00772	0.04255	0.72780	0.02071	0.02165	0.01995	0.05485	0.00705	0.00511	0.00169	0.00391	0.00586	0.00505	0.00771
81	0.01802	0.10884	0.01328	0.00918	0.01272	0.02470	0.00758	0.07229	0.17761	0.42513	0.01713	0.01619	0.01197	0.03669	0.00553	0.00161	0.00449	0.00483	0.00511	0.02709
82	0.01895	0.01396	0.01496	0.01147	0.01546	0.01546	0.00947	0.77711	0.02344	0.03141	0.01197	0.01197	0.00848	0.00598	0.00499	0.00150	0.00548	0.00449	0.00499	0.00848
83	0.00705	0.00510	0.00666	0.00627	0.00745	0.00470	0.00470	0.00941	0.01411	0.01999	0.79110	0.03723	0.04703	0.01019	0.00588	0.00157	0.00235	0.00901	0.00549	0.00470
84	0.00712	0.00534	0.00801	0.00801	0.00890	0.00623	0.00623	0.00890	0.00801	0.01157	0.01335	0.01958	0.01246	0.03738	0.80507	0.00801	0.01335	0.00534	0.00267	0.00445
85	0.00712	0.00534	0.00801	0.00801	0.00890	0.00623	0.00623	0.00890	0.00801	0.01157	0.01335	0.01958	0.01246	0.03738	0.80507	0.00801	0.01335	0.00534	0.00267	0.00445
86	0.01179	0.01271	0.02481	0.01831	0.02245	0.01284	0.56391	0.01738	0.14527	0.01640	0.01149	0.01408	0.00878	0.00511	0.00682	0.00173	0.09070	0.00568	0.00293	0.00679
87	0.00929	0.00465	0.00465	0.00465	0.00581	0.00465	0.00348	0.01161	0.01045	0.01858	0.01626	0.01858	0.01278	0.00581	0.00348	0.00116	0.00232	0.00465	0.85250	0.00465
88	0.01723	0.02153	0.09327	0.01272	0.01560	0.58568	0.01048	0.01899	0.01310	0.06933	0.00858	0.00992	0.00685	0.00554	0.00578	0.00142	0.09164	0.00351	0.00274	0.00610
89	0.00703	0.00509	0.00662	0.00624	0.00743	0.00469	0.00468	0.00935	0.01404	0.01983	0.77351	0.03749	0.06472	0.01025	0.00588	0.00157	0.00236	0.00905	0.00547	0.00469
90	0.01100	0.01060	0.01759	0.33800	0.30389	0.01224	0.04954	0.02634	0.01036	0.01435	0.00874	0.01251	0.00715	0.00543	0.00703	0.00169	0.15021	0.00449	0.00236	0.00648
91	0.00607	0.00434	0.00578	0.00694	0.00723	0.00405	0.00463	0.00694	0.00954	0.01272	0.02747	0.82157	0.03297	0.01562	0.00636	0.00202	0.00289	0.01417	0.00463	0.00405
92	0.00929	0.00465	0.00465	0.00465	0.00581	0.00465	0.00348	0.01161	0.01045	0.01858	0.01626	0.01858	0.01278	0.00581	0.00348	0.00116	0.00232	0.00465	0.85250	0.00465
93	0.01086	0.14870	0.01125	0.00813	0.02853	0.00838	0.00625	0.05848	0.02283	0.12651	0.12840	0.29934	0.08815	0.01012	0.00533	0.00163	0.00366	0.00872	0.00448	0.02025
94	0.00989	0.00895	0.01462	0.02071	0.45384	0.00883	0.02816	0.01226	0.02156	0.01502	0.01755	0.28332	0.04628	0.00874	0.00552	0.00170	0.00478	0.02855	0.00336	0.00636
95	0.03398	0.02769	0.07758	0.01346	0.07650	0.09725	0.09296	0.06177	0.02714	0.25311	0.02605	0.03323	0.01008	0.00625	0.00686	0.00164	0.13870	0.00484	0.00384	0.00708

[dist]
# distance from previous block
# <min> <max>
6	10

[block]
# block no. 5 follows, 50 sequences, length 9
# corresponding to MSA columns:
# 609-617
name=unknown_F
#
# <colnr> <probs for GDERKNQSTAVLIFYWHMCP>
#	G	D	E	R	K	N	Q	S	T	A	V	L	I	F	Y	W	H	M	C	P
0	0.01243	0.08891	0.03386	0.02631	0.01311	0.05015	0.03979	0.09033	0.09653	0.08807	0.04874	0.14871	0.01458	0.00736	0.00578	0.00150	0.06916	0.00600	0.00386	0.15482
1	0.00929	0.00465	0.00465	0.00465	0.00581	0.00465	0.00348	0.01161	0.01045	0.01858	0.01626	0.01858	0.01278	0.00581	0.00348	0.00116	0.00232	0.00465	0.85250	0.00465
2	0.11235	0.10687	0.07950	0.01199	0.05344	0.21535	0.02698	0.19149	0.06676	0.05248	0.03066	0.01158	0.00877	0.00537	0.00447	0.00143	0.00618	0.00394	0.00349	0.00691
3	0.29366	0.01266	0.08339	0.07349	0.01447	0.09853	0.02976	0.10615	0.01159	0.01868	0.03775	0.04123	0.04792	0.00717	0.02878	0.00180	0.07936	0.00452	0.00320	0.00589
4	0.10181	0.03395	0.02797	0.05762	0.24076	0.08633	0.00990	0.10303	0.07641	0.01838	0.09259	0.03394	0.08379	0.00647	0.00488	0.00153	0.00510	0.00539	0.00356	0.00659
5	0.09603	0.01191	0.05436	0.25552	0.10529	0.05164	0.08096	0.13725	0.01308	0.09904	0.02583	0.01361	0.02306	0.00534	0.00488	0.00157	0.00602	0.00457	0.00333	0.00672
6	0.05688	0.01023	0.01367	0.43178	0.07663	0.05565	0.01121	0.11323	0.01218	0.01645	0.04027	0.04236	0.02692	0.00572	0.00486	0.00154	0.00583	0.00482	0.00298	0.06678
