[name]
unknown

[dist]
# distance from previous block
# <min> <max>
0	55

[block]
# block no. 0 follows, 59 sequences, length 8
# corresponding to MSA columns:
# 55-62
name=unknown_A
#
# <colnr> <probs for GDERKNQSTAVLIFYWHMCP>
#	G	D	E	R	K	N	Q	S	T	A	V	L	I	F	Y	W	H	M	C	P
0	0.00723	0.00518	0.00700	0.00781	0.00879	0.00519	0.00654	0.04772	0.01033	0.01353	0.02296	0.21585	0.02534	0.01221	0.00592	0.00195	0.00379	0.58446	0.00409	0.00414
1	0.01615	0.00957	0.01211	0.18402	0.01632	0.01013	0.00849	0.33783	0.01515	0.32558	0.01261	0.01254	0.00847	0.00518	0.00443	0.00137	0.00466	0.00414	0.00430	0.00696
2	0.00625	0.00431	0.00568	0.00630	0.00669	0.00426	0.00451	0.00701	0.00807	0.01074	0.01959	0.34240	0.02243	0.23302	0.06766	0.05130	0.00407	0.18886	0.00348	0.00339
3	0.19368	0.01005	0.01251	0.39032	0.08111	0.10555	0.03431	0.01258	0.00891	0.01330	0.00722	0.01007	0.00573	0.00465	0.00509	0.00145	0.09270	0.00351	0.00218	0.00509
4	0.04535	0.35342	0.10502	0.01263	0.16819	0.06927	0.05868	0.01347	0.00952	0.01268	0.00718	0.00868	0.00605	0.00385	0.00355	0.00109	0.00518	0.00300	0.00211	0.11106
5	0.00560	0.00394	0.00506	0.00587	0.00607	0.00373	0.00380	0.00621	0.00802	0.01070	0.02213	0.66950	0.02642	0.19004	0.00921	0.00232	0.00293	0.01126	0.00380	0.00339
6	0.00741	0.00517	0.00647	0.00607	0.00736	0.00498	0.00457	0.01047	0.09971	0.06171	0.58497	0.10163	0.06426	0.00900	0.00513	0.00144	0.00238	0.00791	0.00476	0.00460
7	0.10041	0.16623	0.42550	0.01075	0.01550	0.18470	0.01193	0.01452	0.00975	0.01328	0.00720	0.00842	0.00554	0.00419	0.00376	0.00126	0.00619	0.00293	0.00205	0.00590

[dist]
# distance from previous block
# <min> <max>
0	1

[block]
# block no. 1 follows, 59 sequences, length 24
# corresponding to MSA columns:
# 64-87
name=unknown_B
#
# <colnr> <probs for GDERKNQSTAVLIFYWHMCP>
#	G	D	E	R	K	N	Q	S	T	A	V	L	I	F	Y	W	H	M	C	P
0	0.62789	0.00839	0.00755	0.00634	0.00932	0.00904	0.00521	0.03355	0.00889	0.16107	0.00840	0.00882	0.00609	0.00430	0.00312	0.00130	0.00350	0.00281	0.00325	0.08114
1	0.01113	0.58307	0.23811	0.00925	0.01374	0.03998	0.02618	0.01358	0.00921	0.01145	0.00670	0.00781	0.00567	0.00391	0.00328	0.00108	0.00536	0.00268	0.00190	0.00589
2	0.00823	0.00412	0.00412	0.00412	0.00515	0.00412	0.00309	0.01029	0.00926	0.01647	0.01441	0.01647	0.01132	0.00515	0.00309	0.00103	0.00206	0.00412	0.86930	0.00412
3	0.80374	0.00886	0.00706	0.00617	0.00897	0.01023	0.00509	0.07937	0.00863	0.02049	0.00652	0.00746	0.00501	0.00420	0.00287	0.00136	0.00354	0.00252	0.00287	0.00501
4	0.61824	0.02929	0.00975	0.06746	0.01196	0.04648	0.08522	0.01349	0.00845	0.05215	0.01899	0.00873	0.00592	0.00423	0.00327	0.00137	0.00423	0.00297	0.00273	0.00505
5	0.01339	0.03205	0.05482	0.00914	0.02567	0.20280	0.01940	0.09180	0.04308	0.15760	0.07728	0.01287	0.02311	0.00495	0.00408	0.00114	0.00483	0.00386	0.00343	0.21470
6	0.03818	0.01757	0.01245	0.01071	0.01341	0.53378	0.00829	0.23837	0.01472	0.05949	0.00844	0.00907	0.00646	0.00480	0.00410	0.00121	0.00675	0.00324	0.00306	0.00591
7	0.01421	0.00987	0.01173	0.00880	0.01247	0.00955	0.03856	0.34161	0.03213	0.15575	0.01087	0.01102	0.00784	0.00456	0.00405	0.00110	0.00418	0.00364	0.00387	0.31418
8	0.00630	0.00417	0.00551	0.00620	0.00673	0.00383	0.00423	0.00717	0.00879	0.05514	0.05006	0.73300	0.02784	0.03110	0.00587	0.00178	0.00266	0.01160	0.00413	0.02387
9	0.00835	0.00552	0.00735	0.00693	0.00836	0.00535	0.02169	0.01075	0.05422	0.11260	0.33993	0.08824	0.10943	0.00948	0.00557	0.00158	0.02827	0.16721	0.00448	0.00468
10	0.07075	0.01143	0.06010	0.24887	0.14039	0.07288	0.20316	0.04635	0.02745	0.01396	0.00820	0.01087	0.00637	0.00442	0.00505	0.00144	0.05627	0.00404	0.00229	0.00572
11	0.00560	0.00398	0.00516	0.00599	0.00630	0.00375	0.00401	0.00635	0.00838	0.01114	0.03774	0.66623	0.05128	0.12139	0.00782	0.00211	0.00283	0.04251	0.00393	0.00350
12	0.17937	0.00953	0.01007	0.00840	0.01135	0.01046	0.00677	0.18741	0.32782	0.18157	0.01403	0.01316	0.01003	0.00538	0.00413	0.00141	0.00382	0.00417	0.00434	0.00679
13	0.10757	0.01346	0.01230	0.04044	0.02915	0.18614	0.00821	0.46742	0.05702	0.02201	0.00955	0.01002	0.00707	0.00499	0.00415	0.00130	0.00534	0.00362	0.00365	0.00658
14	0.00879	0.00914	0.02975	0.01115	0.01230	0.01094	0.13178	0.01030	0.00811	0.01153	0.01487	0.01721	0.18358	0.00779	0.01081	0.00176	0.50766	0.00526	0.00245	0.00480
15	0.00615	0.00435	0.00528	0.00531	0.00579	0.00425	0.00350	0.00696	0.00840	0.01137	0.19750	0.11431	0.09667	0.41489	0.09345	0.00339	0.00415	0.00751	0.00342	0.00333
16	0.04691	0.00763	0.00877	0.05682	0.01074	0.00833	0.00624	0.13375	0.26073	0.01911	0.34934	0.02237	0.02375	0.00709	0.00473	0.00143	0.00326	0.01897	0.00440	0.00562
17	0.00974	0.01035	0.04091	0.39164	0.10140	0.04721	0.18927	0.02205	0.02035	0.01251	0.00802	0.01128	0.00627	0.00464	0.00577	0.00150	0.10536	0.00416	0.00212	0.00545
18	0.01202	0.81052	0.02267	0.00773	0.01144	0.05364	0.00760	0.01342	0.00913	0.01041	0.00617	0.00712	0.00567	0.00381	0.00289	0.00095	0.00487	0.00238	0.00191	0.00564
19	0.05676	0.00853	0.01235	0.12955	0.09046	0.00989	0.03547	0.01331	0.03091	0.15598	0.08892	0.01345	0.01059	0.00607	0.00774	0.00155	0.28096	0.00434	0.00302	0.04015
20	0.34851	0.00860	0.00908	0.00742	0.01049	0.00899	0.00608	0.09788	0.09163	0.35057	0.01244	0.01170	0.00847	0.00498	0.00379	0.00138	0.00371	0.00366	0.00421	0.00641
21	0.00697	0.00500	0.00625	0.04089	0.00740	0.00523	0.00437	0.02883	0.00807	0.02953	0.03229	0.20141	0.08602	0.39743	0.04658	0.00310	0.05167	0.03221	0.00321	0.00354
22	0.01167	0.00963	0.01518	0.12784	0.36727	0.01002	0.06607	0.11324	0.02837	0.09359	0.03732	0.03544	0.02780	0.00507	0.00485	0.00140	0.03124	0.00459	0.00298	0.00643
23	0.01075	0.32759	0.33645	0.01148	0.01632	0.03213	0.13761	0.01398	0.00950	0.03796	0.00765	0.00906	0.00597	0.00408	0.00406	0.00125	0.02273	0.00328	0.00206	0.00608

[dist]
# distance from previous block
# <min> <max>
1	36

[block]
# block no. 2 follows, 59 sequences, length 14
# corresponding to MSA columns:
# 124-137
name=unknown_C
#
# <colnr> <probs for GDERKNQSTAVLIFYWHMCP>
#	G	D	E	R	K	N	Q	S	T	A	V	L	I	F	Y	W	H	M	C	P
0	0.08536	0.00902	0.01047	0.11619	0.01352	0.03427	0.02311	0.20235	0.12638	0.12450	0.07873	0.06130	0.02189	0.02980	0.00490	0.00146	0.00421	0.00492	0.00388	0.04373
1	0.04074	0.10977	0.03524	0.01139	0.01462	0.11722	0.19128	0.13007	0.12800	0.01581	0.00991	0.03304	0.00800	0.00491	0.00489	0.00132	0.05840	0.00412	0.00292	0.07836
2	0.03315	0.14656	0.08444	0.00876	0.01249	0.01108	0.00791	0.26599	0.05719	0.18464	0.02927	0.01140	0.00867	0.00483	0.00399	0.00121	0.00439	0.00369	0.00375	0.11660
3	0.01109	0.52845	0.19743	0.03682	0.01432	0.06051	0.05169	0.01346	0.00931	0.01145	0.00719	0.02709	0.00625	0.00416	0.00344	0.00112	0.00544	0.00302	0.00198	0.00577
4	0.01029	0.03379	0.08133	0.09713	0.05361	0.02724	0.48339	0.01350	0.00983	0.03171	0.00894	0.03418	0.00714	0.00454	0.00579	0.00150	0.08321	0.00483	0.00227	0.00578
5	0.00577	0.00411	0.00549	0.00627	0.00662	0.00402	0.00436	0.00665	0.00821	0.01100	0.02158	0.57725	0.02522	0.11880	0.09877	0.00271	0.00394	0.08193	0.00373	0.00356
6	0.00693	0.00465	0.00600	0.00565	0.00682	0.00424	0.00424	0.00883	0.01206	0.06508	0.65536	0.08417	0.10060	0.00929	0.00519	0.00142	0.00223	0.00817	0.00479	0.00430
7	0.06761	0.09000	0.07215	0.01424	0.13121	0.22973	0.14774	0.07187	0.01086	0.01389	0.00753	0.00944	0.00613	0.00463	0.00536	0.00135	0.10454	0.00357	0.00234	0.00580
8	0.01014	0.07790	0.50876	0.01352	0.01912	0.01078	0.21962	0.01443	0.00979	0.06224	0.00863	0.01018	0.00621	0.00412	0.00438	0.00139	0.00647	0.00378	0.00218	0.00638
9	0.00641	0.00431	0.00498	0.00498	0.00504	0.00437	0.00288	0.00653	0.00647	0.00869	0.01376	0.02806	0.01569	0.78564	0.08113	0.00449	0.00483	0.00630	0.00265	0.00277
10	0.00593	0.00416	0.00553	0.00635	0.00682	0.00395	0.00458	0.00680	0.00876	0.01157	0.05029	0.53195	0.07076	0.04541	0.00708	0.05728	0.00297	0.16232	0.00393	0.00357
11	0.20707	0.10900	0.31326	0.01001	0.01453	0.01061	0.06782	0.04577	0.02614	0.14308	0.00921	0.00987	0.00658	0.00437	0.00384	0.00134	0.00512	0.00336	0.00281	0.00620
12	0.03572	0.03933	0.38051	0.01440	0.01931	0.01082	0.32928	0.01355	0.00951	0.01383	0.00859	0.03529	0.00674	0.00451	0.00522	0.00147	0.05948	0.00431	0.00211	0.00603
13	0.01158	0.01203	0.01049	0.07586	0.01287	0.27204	0.01877	0.05774	0.16679	0.01471	0.11768	0.01678	0.06071	0.00595	0.00451	0.00129	0.01554	0.02682	0.00332	0.09451

[dist]
# distance from previous block
# <min> <max>
1	9

[block]
# block no. 3 follows, 59 sequences, length 21
# corresponding to MSA columns:
# 147-167
name=unknown_D
#
# <colnr> <probs for GDERKNQSTAVLIFYWHMCP>
#	G	D	E	R	K	N	Q	S	T	A	V	L	I	F	Y	W	H	M	C	P
0	0.02804	0.00865	0.04732	0.00783	0.01005	0.04786	0.00651	0.06164	0.07606	0.08282	0.08116	0.06374	0.08909	0.00678	0.00569	0.00135	0.11709	0.02889	0.07492	0.15453
1	0.01068	0.00863	0.01028	0.00756	0.01131	0.00739	0.03000	0.13089	0.04043	0.04200	0.02748	0.01046	0.00789	0.00389	0.00363	0.00085	0.00363	0.00317	0.00309	0.63674
2	0.04532	0.01203	0.02411	0.01764	0.03651	0.04550	0.70030	0.01416	0.01036	0.01424	0.00869	0.01147	0.00658	0.00377	0.00499	0.00144	0.00716	0.00491	0.00226	0.02855
3	0.01260	0.01002	0.01077	0.00903	0.01196	0.01107	0.00718	0.22560	0.50329	0.04493	0.01507	0.01421	0.01119	0.00554	0.00436	0.00137	0.00384	0.00449	0.00433	0.08918
4	0.00642	0.00430	0.00492	0.00492	0.00496	0.00434	0.00281	0.00649	0.00645	0.00864	0.01382	0.02838	0.01583	0.80800	0.05895	0.00441	0.00462	0.00635	0.00266	0.00273
5	0.01039	0.01113	0.01425	0.48773	0.04986	0.17634	0.07115	0.01279	0.00951	0.01143	0.00751	0.01075	0.00593	0.00474	0.00550	0.00145	0.09858	0.00380	0.00205	0.00509
6	0.00705	0.00504	0.00704	0.00806	0.00905	0.00503	0.00700	0.00904	0.01010	0.01314	0.02342	0.08001	0.02556	0.01226	0.00608	0.00202	0.00401	0.75796	0.00407	0.00405
7	0.04969	0.39139	0.10511	0.01024	0.05102	0.26437	0.00901	0.05044	0.01062	0.01229	0.00685	0.00794	0.00578	0.00415	0.00347	0.00111	0.00589	0.00276	0.00217	0.00570
8	0.02385	0.10054	0.07664	0.00987	0.02935	0.13012	0.00834	0.21737	0.19732	0.12116	0.03366	0.01225	0.00960	0.00519	0.00419	0.00131	0.00489	0.00397	0.00374	0.00664
9	0.00537	0.00390	0.00507	0.00600	0.00637	0.00360	0.00403	0.00617	0.00860	0.01133	0.02613	0.77206	0.09791	0.01361	0.00560	0.00177	0.00253	0.01227	0.00410	0.00360
10	0.00563	0.00403	0.00528	0.00619	0.00656	0.00380	0.00428	0.00649	0.00856	0.01132	0.02438	0.66744	0.06151	0.07194	0.00685	0.00198	0.00283	0.09334	0.00400	0.00358
11	0.06617	0.01245	0.04184	0.08216	0.06215	0.15983	0.31366	0.01504	0.01052	0.11365	0.00951	0.01205	0.00730	0.00463	0.00509	0.00143	0.04863	0.02541	0.00267	0.00580
12	0.02939	0.03734	0.51235	0.01280	0.01808	0.14416	0.11602	0.05363	0.01051	0.01423	0.00793	0.00941	0.00583	0.00424	0.00424	0.00135	0.00669	0.00345	0.00213	0.00622
13	0.00675	0.00498	0.00681	0.00786	0.03023	0.00485	0.00635	0.00855	0.01008	0.01314	0.07211	0.14611	0.10913	0.01189	0.00585	0.00189	0.00360	0.54170	0.00407	0.00406
14	0.00950	0.00942	0.01366	0.41503	0.03552	0.07083	0.09060	0.01197	0.00913	0.01221	0.00781	0.01088	0.00620	0.00452	0.00533	0.00134	0.09696	0.00373	0.02077	0.16460
15	0.00980	0.29356	0.42601	0.01136	0.04357	0.01233	0.06700	0.01328	0.00935	0.01270	0.00960	0.01079	0.05381	0.00443	0.00388	0.00126	0.00569	0.00348	0.00204	0.00605
16	0.00618	0.03217	0.00587	0.00535	0.00676	0.00480	0.00409	0.00775	0.03753	0.02839	0.08738	0.13116	0.56290	0.01075	0.00543	0.00153	0.02553	0.02835	0.00406	0.00403
17	0.01030	0.25035	0.49665	0.01177	0.04264	0.06645	0.03722	0.01401	0.00950	0.01280	0.00740	0.00875	0.00570	0.00408	0.00384	0.00126	0.00611	0.00307	0.00192	0.00619
18	0.04438	0.05075	0.03939	0.06084	0.08685	0.05620	0.12185	0.21494	0.06072	0.07831	0.02356	0.02234	0.03939	0.00535	0.00526	0.00141	0.07457	0.00438	0.00325	0.00624
19	0.08382	0.01160	0.01440	0.05305	0.05729	0.14144	0.17765	0.10393	0.11900	0.07855	0.03824	0.01336	0.02151	0.00520	0.00495	0.00141	0.04560	0.01981	0.00320	0.00598
20	0.07986	0.01012	0.01060	0.10629	0.08698	0.14180	0.01756	0.15066	0.01226	0.04675	0.08336	0.03590	0.12678	0.00654	0.00451	0.00139	0.00467	0.05088	0.00339	0.01969

[dist]
# distance from previous block
# <min> <max>
2	39

[block]
# block no. 4 follows, 59 sequences, length 8
# corresponding to MSA columns:
# 209-216
name=unknown_E
#
# <colnr> <probs for GDERKNQSTAVLIFYWHMCP>
#	G	D	E	R	K	N	Q	S	T	A	V	L	I	F	Y	W	H	M	C	P
0	0.03485	0.04792	0.05136	0.02372	0.03022	0.13904	0.14988	0.14494	0.10317	0.06037	0.02933	0.02785	0.03960	0.00520	0.00469	0.00133	0.03197	0.00437	0.00319	0.06701
1	0.09901	0.13147	0.09029	0.03613	0.01333	0.09127	0.08668	0.10379	0.02106	0.05154	0.04667	0.06079	0.02128	0.00551	0.00494	0.00134	0.07481	0.00428	0.02208	0.03371
2	0.02703	0.06283	0.08010	0.06141	0.03453	0.12130	0.10973	0.07949	0.01115	0.03505	0.08951	0.08038	0.08400	0.00681	0.00508	0.00145	0.03919	0.06256	0.00312	0.00526
3	0.03546	0.31863	0.01515	0.00838	0.01113	0.08640	0.00722	0.13354	0.01133	0.07980	0.05805	0.07651	0.01045	0.00569	0.00479	0.00124	0.08278	0.00412	0.00302	0.04631
4	0.04845	0.08328	0.02988	0.06771	0.06203	0.07600	0.11412	0.12241	0.09615	0.06178	0.05606	0.04092	0.02681	0.00713	0.05242	0.00170	0.00539	0.02478	0.00323	0.01977
5	0.01170	0.03654	0.06949	0.00936	0.01247	0.03704	0.12108	0.08278	0.06232	0.15793	0.04112	0.01653	0.10801	0.00571	0.00481	0.00131	0.04234	0.00480	0.07324	0.10141
6	0.00745	0.00390	0.00562	0.00562	0.00571	0.00386	0.00374	0.00583	0.00606	0.00798	0.01030	0.01612	0.05726	0.06459	0.01684	0.76688	0.00377	0.00432	0.00210	0.00207
7	0.05617	0.00814	0.03370	0.00795	0.01100	0.00736	0.00669	0.10832	0.03757	0.50544	0.05379	0.04142	0.04113	0.00638	0.00455	0.00143	0.00380	0.05355	0.00488	0.00673

[dist]
# distance from previous block
# <min> <max>
13	156

[block]
# block no. 5 follows, 59 sequences, length 12
# corresponding to MSA columns:
# 437-448
name=unknown_F
#
# <colnr> <probs for GDERKNQSTAVLIFYWHMCP>
#	G	D	E	R	K	N	Q	S	T	A	V	L	I	F	Y	W	H	M	C	P
0	0.02608	0.03878	0.04894	0.01102	0.06514	0.00915	0.12474	0.16080	0.06328	0.22811	0.05332	0.12481	0.01303	0.00628	0.00466	0.00143	0.00449	0.00558	0.00398	0.00638
1	0.00937	0.06558	0.01279	0.03147	0.01274	0.02637	0.14255	0.03105	0.22515	0.01390	0.01205	0.01433	0.00990	0.01439	0.28474	0.00329	0.00726	0.00447	0.00294	0.07566
2	0.08043	0.12655	0.07191	0.07622	0.01438	0.11169	0.00861	0.32064	0.03861	0.04705	0.00908	0.00979	0.00681	0.00467	0.00394	0.00124	0.00514	0.00341	0.00323	0.05657
3	0.00991	0.06033	0.13991	0.05745	0.31076	0.01016	0.16601	0.01327	0.04101	0.01383	0.00981	0.07476	0.00853	0.00475	0.00445	0.00135	0.00547	0.00461	0.00238	0.06125
4	0.00746	0.00603	0.00584	0.00572	0.00620	0.07138	0.00360	0.00862	0.06903	0.00985	0.01602	0.07215	0.06210	0.61772	0.01766	0.00351	0.00431	0.00653	0.00295	0.00332
5	0.00750	0.07101	0.07346	0.00713	0.00852	0.00601	0.00611	0.00900	0.00896	0.03651	0.04601	0.15310	0.04058	0.22162	0.00967	0.00238	0.00403	0.28090	0.00344	0.00407
6	0.01192	0.23889	0.12934	0.05879	0.28508	0.04194	0.01121	0.14519	0.01147	0.01522	0.00798	0.00955	0.00642	0.00420	0.00393	0.00123	0.00535	0.00338	0.00243	0.00648
7	0.00747	0.00762	0.12378	0.00652	0.00790	0.00579	0.00531	0.05834	0.00806	0.01109	0.01336	0.08961	0.01452	0.54584	0.03511	0.00338	0.00463	0.00610	0.00278	0.04279
8	0.00873	0.00589	0.00710	0.00728	0.00861	0.04194	0.00597	0.01038	0.01041	0.11458	0.08599	0.06742	0.11832	0.07477	0.00686	0.00196	0.00379	0.41149	0.00412	0.00439
9	0.06996	0.01109	0.08728	0.09837	0.39627	0.03689	0.06651	0.03597	0.01003	0.01446	0.00970	0.01476	0.00853	0.00508	0.00480	0.00144	0.03142	0.08892	0.00244	0.00609
10	0.01112	0.05154	0.27832	0.06322	0.08896	0.10374	0.15649	0.06150	0.02255	0.04101	0.00931	0.01092	0.02368	0.00443	0.00452	0.00134	0.02103	0.00386	0.00240	0.04006
11	0.07847	0.00830	0.12796	0.00730	0.00959	0.00646	0.00661	0.01175	0.09704	0.07717	0.22335	0.10741	0.12176	0.00960	0.05247	0.00181	0.00385	0.04019	0.00390	0.00500

[dist]
# distance from previous block
# <min> <max>
23	170

[block]
# block no. 6 follows, 59 sequences, length 11
# corresponding to MSA columns:
# 631-641
name=unknown_G
#
# <colnr> <probs for GDERKNQSTAVLIFYWHMCP>
#	G	D	E	R	K	N	Q	S	T	A	V	L	I	F	Y	W	H	M	C	P
0	0.01195	0.18119	0.19219	0.01191	0.08885	0.10265	0.06393	0.13099	0.03789	0.02795	0.00864	0.01027	0.00691	0.03466	0.00462	0.00132	0.00555	0.00348	0.00258	0.07249
1	0.01292	0.04378	0.16284	0.01342	0.11836	0.08591	0.10979	0.20082	0.05491	0.08746	0.01016	0.01130	0.00758	0.00630	0.05311	0.00168	0.00606	0.00397	0.00308	0.00655
2	0.00719	0.00525	0.00658	0.04402	0.00812	0.00549	0.00491	0.03261	0.05444	0.02714	0.01931	0.24850	0.06663	0.28865	0.03254	0.00272	0.03399	0.10458	0.00346	0.00386
3	0.00891	0.05138	0.03434	0.00640	0.00723	0.00553	0.00480	0.03109	0.02971	0.05929	0.00918	0.01435	0.00860	0.07735	0.03959	0.59855	0.00427	0.00404	0.00235	0.00305
4	0.01177	0.16202	0.18827	0.02567	0.11629	0.16019	0.04254	0.06560	0.03511	0.04582	0.03510	0.07322	0.00935	0.00520	0.00416	0.00129	0.00559	0.00420	0.00265	0.00595
5	0.01052	0.01229	0.10666	0.17318	0.32729	0.09980	0.08253	0.01398	0.05750	0.01378	0.05283	0.01221	0.00874	0.00450	0.00445	0.00136	0.00573	0.00414	0.00241	0.00609
6	0.00580	0.00414	0.00557	0.00627	0.00664	0.00412	0.00436	0.00669	0.00805	0.01086	0.02065	0.53406	0.02396	0.12840	0.15473	0.00309	0.00455	0.06091	0.00360	0.00356
7	0.01197	0.01287	0.10553	0.04143	0.11838	0.04849	0.37246	0.11519	0.04709	0.06762	0.00978	0.01157	0.00722	0.00427	0.00474	0.00141	0.00631	0.00448	0.00277	0.00642
8	0.05362	0.17716	0.28269	0.01266	0.11938	0.12456	0.01140	0.12198	0.01121	0.01501	0.00771	0.00900	0.00603	0.00436	0.00414	0.00127	0.02605	0.00319	0.00236	0.00624
9	0.00958	0.09978	0.48910	0.03808	0.01867	0.01131	0.16066	0.01422	0.05318	0.01367	0.00839	0.01007	0.00626	0.00433	0.00475	0.00140	0.04453	0.00368	0.00209	0.00623
10	0.00795	0.00442	0.00615	0.00606	0.00639	0.00445	0.00422	0.05310	0.00715	0.00946	0.01105	0.06338	0.04624	0.01436	0.01489	0.69940	0.00376	0.03269	0.00237	0.00250

[dist]
# distance from previous block
# <min> <max>
5	31

[block]
# block no. 7 follows, 59 sequences, length 124
# corresponding to MSA columns:
# 679-802
name=unknown_H
#
# <colnr> <probs for GDERKNQSTAVLIFYWHMCP>
#	G	D	E	R	K	N	Q	S	T	A	V	L	I	F	Y	W	H	M	C	P
0	0.01095	0.01106	0.04460	0.02374	0.63642	0.03441	0.06735	0.04338	0.01067	0.01498	0.05284	0.01206	0.00882	0.00428	0.00446	0.00133	0.00533	0.00419	0.00241	0.00672
1	0.00917	0.16072	0.63878	0.01135	0.01705	0.01109	0.01412	0.01343	0.00929	0.01334	0.02351	0.04313	0.00724	0.00461	0.00404	0.00134	0.00598	0.00358	0.00202	0.00622
2	0.00631	0.00473	0.00710	0.00710	0.00789	0.00552	0.00552	0.00789	0.00710	0.01025	0.01183	0.01735	0.01104	0.03312	0.82728	0.00710	0.01183	0.00473	0.00237	0.00394
3	0.02814	0.03163	0.22233	0.01467	0.21591	0.06599	0.02560	0.04166	0.20339	0.06670	0.02134	0.01203	0.00873	0.00480	0.00445	0.00138	0.01766	0.00399	0.00298	0.00664
4	0.00642	0.00428	0.00482	0.00482	0.00482	0.00428	0.00268	0.00642	0.00642	0.00856	0.01392	0.02890	0.01606	0.84478	0.02248	0.00428	0.00428	0.00642	0.00268	0.00268
5	0.01458	0.11630	0.07336	0.00963	0.02273	0.04975	0.03496	0.12464	0.13471	0.26963	0.01258	0.01235	0.00897	0.00526	0.00497	0.00136	0.06891	0.00400	0.02464	0.00667
6	0.03822	0.05553	0.57851	0.01235	0.04784	0.02105	0.04064	0.06618	0.01029	0.06052	0.00854	0.00969	0.00611	0.00428	0.00414	0.00135	0.00602	0.00338	0.00231	0.02303
7	0.14954	0.24306	0.39463	0.00999	0.01479	0.02580	0.02512	0.01429	0.06024	0.01419	0.00780	0.00885	0.00601	0.00418	0.00362	0.00127	0.00538	0.00302	0.00219	0.00601
8	0.01650	0.02105	0.01252	0.01138	0.01365	0.82705	0.00853	0.01764	0.01252	0.01081	0.00683	0.00796	0.00569	0.00455	0.00398	0.00114	0.00796	0.00284	0.00228	0.00512
9	0.00895	0.00748	0.00878	0.00652	0.00999	0.00588	0.00520	0.03609	0.00998	0.01519	0.11080	0.01331	0.02385	0.00431	0.00362	0.00080	0.00317	0.01447	0.00300	0.70860
10	0.00695	0.00497	0.00691	0.00785	0.00881	0.00493	0.00674	0.00890	0.01019	0.01335	0.07061	0.10266	0.02664	0.01212	0.00602	0.00198	0.00385	0.68838	0.00412	0.00404
11	0.01104	0.00899	0.03084	0.02887	0.22253	0.00887	0.07749	0.12622	0.09628	0.09122	0.02983	0.16406	0.02915	0.04736	0.00561	0.00160	0.00445	0.00606	0.00351	0.00603
12	0.07503	0.31108	0.23491	0.02185	0.03299	0.17859	0.01016	0.05279	0.01033	0.02524	0.00722	0.00832	0.00579	0.00418	0.00359	0.00118	0.00579	0.00287	0.00221	0.00586
13	0.00892	0.04642	0.05784	0.00733	0.00908	0.14908	0.00596	0.01094	0.04051	0.04399	0.18055	0.20428	0.13478	0.00880	0.00482	0.00144	0.00382	0.03803	0.03882	0.00458
14	0.01042	0.06785	0.21413	0.01228	0.15685	0.02296	0.01000	0.06250	0.05211	0.04520	0.06220	0.02571	0.00958	0.00465	0.00420	0.00118	0.01779	0.00382	0.00278	0.21378
15	0.01521	0.22367	0.02576	0.01049	0.02502	0.47635	0.00844	0.14012	0.01286	0.01348	0.00729	0.00822	0.00599	0.00447	0.00378	0.00113	0.00662	0.00293	0.00251	0.00568
16	0.01540	0.00757	0.00972	0.00730	0.01085	0.00620	0.00595	0.01721	0.01131	0.49210	0.03426	0.01325	0.01005	0.00472	0.00401	0.00110	0.00353	0.00384	0.00436	0.33727
17	0.00568	0.00397	0.00506	0.00578	0.00598	0.00379	0.00372	0.00627	0.00799	0.01067	0.03718	0.60787	0.02593	0.23659	0.01015	0.00245	0.00301	0.01082	0.00373	0.00335
18	0.01057	0.03120	0.62885	0.01160	0.01731	0.00972	0.02590	0.03928	0.01028	0.12536	0.04200	0.01112	0.00787	0.00459	0.00427	0.00139	0.00590	0.00366	0.00257	0.00658
19	0.00863	0.01343	0.31749	0.09573	0.20979	0.00879	0.03372	0.01212	0.02820	0.01347	0.01380	0.11261	0.08484	0.00600	0.00454	0.00144	0.00515	0.00528	0.01916	0.00582
20	0.87598	0.00854	0.00649	0.00581	0.00854	0.00991	0.00478	0.01298	0.00752	0.01982	0.00615	0.00717	0.00478	0.00410	0.00273	0.00137	0.00342	0.00239	0.00273	0.00478
21	0.01050	0.01043	0.03551	0.04113	0.69781	0.01013	0.05412	0.01315	0.00997	0.01418	0.00947	0.04643	0.01824	0.00445	0.00448	0.00135	0.00525	0.00442	0.00228	0.00670
22	0.01049	0.02920	0.34134	0.12309	0.24248	0.02163	0.05257	0.02391	0.00997	0.07628	0.00941	0.01117	0.01998	0.00435	0.00434	0.00138	0.00582	0.00381	0.00234	0.00643
23	0.00852	0.00764	0.01251	0.30247	0.28053	0.00841	0.01032	0.01079	0.00889	0.01210	0.01090	0.07046	0.01026	0.06482	0.11657	0.00242	0.00605	0.04877	0.00240	0.00518
24	0.00551	0.00398	0.00538	0.02526	0.00706	0.00378	0.00440	0.00638	0.00853	0.01135	0.02393	0.79407	0.02854	0.01356	0.00563	0.00179	0.00269	0.04049	0.00405	0.00364
25	0.01218	0.01438	0.31241	0.06140	0.18042	0.02005	0.04327	0.05396	0.03731	0.18923	0.01085	0.02701	0.00790	0.00471	0.00438	0.00139	0.00543	0.00403	0.00299	0.00671
26	0.01224	0.03167	0.09789	0.01339	0.15083	0.02412	0.14629	0.02499	0.01084	0.23368	0.01508	0.06112	0.04442	0.00625	0.00480	0.00148	0.00497	0.10629	0.00350	0.00616
27	0.83284	0.00898	0.01695	0.00611	0.00883	0.02567	0.00509	0.01304	0.00762	0.01940	0.00618	0.00726	0.00483	0.00418	0.00299	0.00137	0.01872	0.00244	0.00270	0.00481
28	0.01175	0.83113	0.03895	0.00766	0.01149	0.01733	0.00773	0.01324	0.00898	0.01046	0.00618	0.00713	0.00567	0.00379	0.00286	0.00095	0.00476	0.00238	0.00189	0.00568
29	0.00578	0.00433	0.00519	0.00563	0.00637	0.00399	0.00390	0.02687	0.00942	0.01222	0.09468	0.46487	0.25279	0.07445	0.00671	0.00185	0.00262	0.01058	0.00407	0.00371
30	0.00944	0.00797	0.00921	0.00667	0.01047	0.00625	0.00534	0.05669	0.00987	0.01507	0.00950	0.01059	0.03937	0.00371	0.00342	0.00073	0.00332	0.00297	0.00278	0.78663
31	0.27283	0.01123	0.01124	0.00886	0.01216	0.01257	0.00732	0.56723	0.01682	0.02545	0.00928	0.00958	0.00670	0.00494	0.00392	0.00134	0.00443	0.00350	0.00392	0.00670
32	0.01982	0.00752	0.01025	0.00786	0.01127	0.00649	0.00649	0.02152	0.01264	0.82029	0.01742	0.01503	0.01093	0.00547	0.00444	0.00137	0.00376	0.00444	0.00547	0.00752
33	0.00709	0.00481	0.00609	0.00562	0.00690	0.00440	0.00427	0.02120	0.01232	0.06482	0.65482	0.03281	0.13997	0.00904	0.00515	0.00140	0.00225	0.00789	0.00479	0.00436
34	0.00541	0.00388	0.00514	0.00615	0.00644	0.00362	0.00413	0.00621	0.00852	0.01132	0.02478	0.81072	0.04655	0.01375	0.00564	0.00179	0.00258	0.02568	0.00410	0.00360
35	0.00803	0.00416	0.00437	0.00439	0.00538	0.00422	0.00330	0.01003	0.00908	0.01588	0.01439	0.03200	0.01163	0.00750	0.06780	0.00152	0.00283	0.00432	0.78507	0.00409
36	0.00638	0.00427	0.00483	0.00487	0.00488	0.00426	0.00273	0.00641	0.00650	0.00867	0.01431	0.05975	0.01656	0.81325	0.02184	0.00419	0.00422	0.00666	0.00273	0.00271
37	0.00886	0.02285	0.82190	0.01259	0.01912	0.01026	0.01632	0.01399	0.00932	0.01399	0.00793	0.00932	0.00559	0.00420	0.00420	0.00140	0.00653	0.00326	0.00186	0.00653
38	0.01717	0.00737	0.01875	0.00763	0.01066	0.00645	0.00628	0.05523	0.01285	0.63466	0.13551	0.03868	0.01575	0.00619	0.00458	0.00138	0.00356	0.00514	0.00525	0.00691
39	0.01963	0.00746	0.01015	0.00780	0.01118	0.00645	0.00644	0.02135	0.01259	0.80767	0.01738	0.01506	0.01094	0.00546	0.00442	0.00136	0.00373	0.00444	0.01903	0.00746
40	0.01162	0.00562	0.00734	0.00626	0.00821	0.00504	0.00492	0.01354	0.01216	0.32336	0.41141	0.02454	0.04026	0.00729	0.00469	0.00134	0.00272	0.00624	0.09800	0.00543
41	0.01089	0.01115	0.02190	0.02111	0.32120	0.01075	0.45015	0.03685	0.01059	0.03053	0.00922	0.02799	0.00736	0.00408	0.00487	0.00142	0.00637	0.00483	0.00238	0.00638
42	0.01079	0.01153	0.02252	0.02003	0.23288	0.03446	0.52107	0.01399	0.01034	0.02868	0.00948	0.01213	0.02234	0.00407	0.00515	0.00144	0.02577	0.00484	0.00231	0.00617
43	0.01119	0.31707	0.24187	0.01158	0.01593	0.11342	0.15790	0.01427	0.02764	0.01236	0.00775	0.00960	0.00631	0.00422	0.00408	0.00124	0.02061	0.01497	0.00209	0.00588
44	0.00997	0.06787	0.17020	0.00827	0.02327	0.00794	0.00786	0.04569	0.00979	0.04050	0.00818	0.00932	0.00648	0.00365	0.00352	0.00088	0.00412	0.00286	0.00258	0.56702
45	0.01112	0.20707	0.36861	0.01247	0.08721	0.09948	0.04059	0.04017	0.05669	0.02527	0.00828	0.00945	0.00638	0.00426	0.00394	0.00127	0.00592	0.00328	0.00224	0.00628
46	0.01572	0.05973	0.01307	0.05337	0.01430	0.61993	0.00859	0.12539	0.01323	0.01317	0.00764	0.02122	0.00631	0.00475	0.00403	0.00118	0.00719	0.00318	0.00256	0.00544
47	0.04266	0.00801	0.00983	0.00758	0.01085	0.00728	0.00618	0.13472	0.01290	0.42646	0.07568	0.01531	0.04058	0.00544	0.00424	0.00123	0.00363	0.00439	0.00456	0.17848
48	0.00879	0.06763	0.59793	0.01193	0.03530	0.02031	0.04279	0.01296	0.00940	0.01354	0.02772	0.09516	0.00931	0.00542	0.00437	0.00142	0.00589	0.02186	0.00223	0.00604
49	0.04397	0.00680	0.00891	0.00711	0.00996	0.00600	0.00578	0.01792	0.01218	0.59743	0.13520	0.01946	0.07448	0.00635	0.00452	0.00137	0.00335	0.00524	0.02739	0.00657
50	0.00767	0.00384	0.00575	0.00575	0.00575	0.00384	0.00384	0.00575	0.00575	0.00767	0.00767	0.01343	0.00767	0.01534	0.01726	0.87150	0.00384	0.00384	0.00192	0.00192
51	0.00731	0.00924	0.16500	0.00974	0.01202	0.00660	0.17210	0.00939	0.00862	0.01186	0.01580	0.34116	0.01720	0.16754	0.02396	0.00223	0.00483	0.00795	0.00298	0.00447
52	0.00610	0.00453	0.00622	0.00673	0.00725	0.00447	0.02351	0.03678	0.00878	0.01181	0.02184	0.68622	0.02559	0.03335	0.08123	0.00231	0.01454	0.01109	0.00385	0.00382
53	0.00538	0.00384	0.00512	0.00615	0.00641	0.00359	0.00410	0.00615	0.00846	0.01127	0.02434	0.84190	0.02921	0.01384	0.00564	0.00179	0.00256	0.01256	0.00410	0.00359
54	0.87598	0.00854	0.00649	0.00581	0.00854	0.00991	0.00478	0.01298	0.00752	0.01982	0.00615	0.00717	0.00478	0.00410	0.00273	0.00137	0.00342	0.00239	0.00273	0.00478
55	0.01019	0.00920	0.01140	0.06413	0.21502	0.04254	0.00842	0.04574	0.33409	0.01574	0.03565	0.01887	0.10798	0.04007	0.00530	0.00155	0.00418	0.02026	0.00354	0.00612
56	0.01298	0.00992	0.01070	0.00914	0.01193	0.01116	0.00724	0.18722	0.57343	0.09081	0.01638	0.01512	0.01200	0.00580	0.00447	0.00145	0.00381	0.00473	0.00456	0.00715
57	0.01023	0.01161	0.02527	0.01814	0.02245	0.01088	0.77095	0.01384	0.01035	0.01404	0.00952	0.04341	0.00756	0.00411	0.00523	0.00150	0.00726	0.00549	0.00230	0.00587
58	0.01952	0.00758	0.01024	0.00790	0.01128	0.00664	0.00651	0.02159	0.03925	0.79351	0.01744	0.01508	0.01102	0.00548	0.00444	0.00137	0.00375	0.00446	0.00543	0.00750
59	0.00872	0.02208	0.78880	0.01233	0.01860	0.00999	0.01582	0.01367	0.00929	0.01388	0.00859	0.04306	0.00655	0.00459	0.00425	0.00141	0.00637	0.00364	0.00196	0.00641
60	0.01624	0.02067	0.01233	0.01122	0.01348	0.80812	0.00841	0.01738	0.01246	0.01084	0.00770	0.00876	0.02430	0.00470	0.00401	0.00115	0.00783	0.00299	0.00232	0.00509
61	0.00886	0.02285	0.82190	0.01259	0.01912	0.01026	0.01632	0.01399	0.00932	0.01399	0.00793	0.00932	0.00559	0.00420	0.00420	0.00140	0.00653	0.00326	0.00186	0.00653
62	0.01019	0.01121	0.02308	0.01783	0.07386	0.02614	0.64216	0.01360	0.01041	0.01399	0.01052	0.01615	0.00886	0.00473	0.00524	0.00153	0.00692	0.09534	0.00244	0.00579
63	0.01181	0.84744	0.02314	0.00756	0.01134	0.01748	0.00756	0.01323	0.00897	0.01039	0.00614	0.00708	0.00567	0.00378	0.00283	0.00094	0.00472	0.00236	0.00189	0.00567
64	0.00936	0.02658	0.00938	0.00656	0.01036	0.00626	0.00528	0.02969	0.00943	0.01470	0.00813	0.00942	0.00673	0.00340	0.00328	0.00069	0.00329	0.00270	0.03559	0.79918
65	0.00986	0.00904	0.01417	0.02749	0.02674	0.08059	0.27638	0.03891	0.01014	0.06970	0.01482	0.27420	0.01497	0.03257	0.02526	0.01388	0.02050	0.03259	0.00319	0.00502
66	0.05966	0.00790	0.01028	0.00792	0.01131	0.00715	0.00654	0.07536	0.01297	0.72781	0.01642	0.01436	0.01041	0.00539	0.00436	0.00136	0.00382	0.00431	0.00527	0.00739
67	0.00522	0.00447	0.00447	0.00447	0.00597	0.00373	0.00336	0.00634	0.01007	0.01193	0.04474	0.04250	0.81544	0.01119	0.00522	0.00149	0.00224	0.00932	0.00410	0.00373
68	0.01543	0.00854	0.01019	0.00805	0.01117	0.00835	0.00654	0.20469	0.10352	0.36882	0.04247	0.01598	0.06210	0.00606	0.01325	0.00137	0.00385	0.00465	0.01932	0.08564
69	0.01935	0.00738	0.01000	0.00771	0.01103	0.00640	0.00635	0.02107	0.01250	0.78772	0.01730	0.01509	0.01095	0.00545	0.00439	0.00135	0.00369	0.00443	0.04047	0.00738
70	0.00541	0.00385	0.00512	0.00612	0.00637	0.00360	0.00407	0.00616	0.00841	0.01121	0.02409	0.82245	0.02890	0.03372	0.00604	0.00185	0.00260	0.01241	0.00407	0.00357
71	0.01154	0.01156	0.01578	0.07097	0.55281	0.12666	0.01192	0.04396	0.03642	0.01427	0.00968	0.01283	0.02116	0.00463	0.00441	0.00134	0.00550	0.03565	0.00245	0.00645
72	0.00991	0.01030	0.05940	0.28857	0.46435	0.01039	0.03584	0.01274	0.00950	0.01323	0.00806	0.01110	0.00651	0.00425	0.00479	0.00140	0.03746	0.00393	0.00209	0.00618
73	0.01190	0.00685	0.00742	0.00631	0.00832	0.00713	0.00501	0.21543	0.04503	0.11412	0.01393	0.01479	0.01038	0.00526	0.00365	0.00116	0.00304	0.00415	0.51061	0.00550
74	0.00545	0.00397	0.00516	0.00597	0.00641	0.00368	0.00406	0.00635	0.00887	0.01177	0.08224	0.69615	0.10155	0.01361	0.02070	0.00183	0.00267	0.01179	0.00412	0.00365
75	0.01238	0.10730	0.22428	0.01179	0.05789	0.01157	0.09148	0.18817	0.09721	0.08740	0.01049	0.01121	0.00771	0.00476	0.00451	0.00135	0.02860	0.00389	0.03141	0.00662
76	0.00541	0.00398	0.00502	0.00581	0.00627	0.00365	0.00392	0.00623	0.00871	0.01138	0.03982	0.66239	0.16049	0.04697	0.00624	0.00184	0.00257	0.01169	0.00405	0.00358
77	0.01137	0.48078	0.12866	0.05135	0.02781	0.04727	0.12885	0.01373	0.00957	0.03771	0.02162	0.00916	0.00665	0.00404	0.00362	0.00115	0.00550	0.00320	0.00213	0.00582
78	0.00992	0.00805	0.00938	0.00680	0.01065	0.00635	0.00545	0.04190	0.03177	0.04729	0.00862	0.00965	0.00695	0.00351	0.00339	0.00073	0.00336	0.00281	0.00285	0.78057
79	0.02856	0.14788	0.05309	0.08631	0.09295	0.15458	0.00894	0.12381	0.11519	0.04234	0.01082	0.02335	0.01722	0.00630	0.03748	0.00154	0.00555	0.03516	0.00297	0.00596
80	0.01526	0.01898	0.01353	0.02618	0.01454	0.68413	0.09002	0.01674	0.01208	0.01140	0.00767	0.00964	0.00641	0.00465	0.00413	0.00120	0.00760	0.02051	0.03016	0.00515
81	0.07091	0.00659	0.00821	0.03509	0.00978	0.03587	0.05023	0.09036	0.01024	0.05038	0.01890	0.48750	0.02085	0.01037	0.00511	0.00164	0.00361	0.06065	0.00383	0.01988
82	0.01045	0.03006	0.15175	0.07004	0.06997	0.04401	0.02371	0.02642	0.27856	0.05464	0.07597	0.01554	0.02420	0.00546	0.00438	0.00136	0.00450	0.02280	0.00339	0.08279
83	0.05669	0.00696	0.00920	0.00730	0.01021	0.00618	0.00595	0.01848	0.01238	0.62207	0.17707	0.01828	0.01682	0.00612	0.00452	0.00137	0.00341	0.00506	0.00522	0.00672
84	0.00576	0.00420	0.00571	0.00641	0.00681	0.00423	0.00451	0.00665	0.00819	0.01103	0.02187	0.59186	0.05286	0.03552	0.14998	0.01936	0.02384	0.03391	0.00367	0.00365
85	0.00694	0.00516	0.00712	0.00835	0.04135	0.00505	0.00675	0.00882	0.01005	0.01300	0.02540	0.09243	0.12004	0.01184	0.00590	0.00193	0.00381	0.61793	0.00400	0.00412
86	0.08289	0.00855	0.01019	0.00820	0.01135	0.00856	0.00667	0.09788	0.20826	0.48487	0.01603	0.01435	0.01075	0.00547	0.00432	0.00139	0.00378	0.00437	0.00492	0.00718
87	0.00566	0.00395	0.00519	0.00609	0.00648	0.00365	0.00410	0.00646	0.00863	0.02731	0.02538	0.77941	0.07424	0.01352	0.00559	0.00177	0.00257	0.01221	0.00413	0.00367
88	0.04705	0.00799	0.01040	0.00800	0.01141	0.00725	0.00661	0.09199	0.01321	0.72279	0.01644	0.01438	0.01043	0.00541	0.00438	0.00136	0.00385	0.00433	0.00528	0.00743
89	0.00965	0.00529	0.00684	0.00601	0.00773	0.00471	0.00466	0.01150	0.01220	0.22660	0.49836	0.02964	0.14232	0.00840	0.00501	0.00140	0.00254	0.00725	0.00491	0.00498
90	0.01516	0.00970	0.01063	0.00838	0.01130	0.01037	0.00685	0.50110	0.01685	0.13765	0.01249	0.01264	0.00891	0.00529	0.00410	0.00126	0.00403	0.00408	0.21253	0.00670
91	0.00630	0.00463	0.00676	0.00682	0.00753	0.00529	0.00519	0.00772	0.00717	0.01031	0.01278	0.06787	0.01250	0.08917	0.70477	0.00646	0.01055	0.00531	0.01902	0.00384
92	0.01196	0.00927	0.01002	0.00886	0.01146	0.01049	0.00694	0.02326	0.72176	0.10654	0.01792	0.01632	0.01320	0.00593	0.00449	0.00148	0.00352	0.00493	0.00460	0.00705
93	0.01650	0.02105	0.01252	0.01138	0.01365	0.82705	0.00853	0.01764	0.01252	0.01081	0.00683	0.00796	0.00569	0.00455	0.00398	0.00114	0.00796	0.00284	0.00228	0.00512
94	0.00886	0.02285	0.82190	0.01259	0.01912	0.01026	0.01632	0.01399	0.00932	0.01399	0.00793	0.00932	0.00559	0.00420	0.00420	0.00140	0.00653	0.00326	0.00186	0.00653
95	0.09559	0.02711	0.01204	0.00986	0.01275	0.31439	0.00783	0.36325	0.01559	0.05013	0.02830	0.01007	0.00758	0.00498	0.00407	0.00125	0.00572	0.00350	0.01980	0.00620
96	0.00641	0.00467	0.00672	0.00693	0.00764	0.00500	0.02010	0.00779	0.00789	0.01102	0.01625	0.18591	0.01718	0.10895	0.41481	0.00468	0.00763	0.12075	0.03588	0.00380
97	0.00973	0.01002	0.01951	0.01425	0.01802	0.00926	0.50242	0.01269	0.00975	0.02501	0.00957	0.04324	0.00791	0.00654	0.07240	0.00179	0.02610	0.00484	0.00244	0.19452
98	0.01415	0.01559	0.01351	0.04357	0.17502	0.41409	0.00956	0.12601	0.03298	0.01413	0.00859	0.01012	0.01924	0.00541	0.01985	0.00139	0.06485	0.00352	0.00261	0.00581
99	0.01014	0.04285	0.02114	0.01538	0.01864	0.05295	0.53046	0.01294	0.00964	0.01290	0.00933	0.05103	0.00804	0.03170	0.04559	0.00187	0.11249	0.00517	0.00229	0.00545
100	0.01982	0.00752	0.01025	0.00786	0.01127	0.00649	0.00649	0.02152	0.01264	0.82029	0.01742	0.01503	0.01093	0.00547	0.00444	0.00137	0.00376	0.00444	0.00547	0.00752
101	0.00747	0.00424	0.00490	0.00499	0.00585	0.00424	0.00364	0.00914	0.00904	0.02665	0.08179	0.14759	0.01687	0.06053	0.09926	0.00207	0.00342	0.00597	0.49835	0.00398
102	0.00830	0.03931	0.01173	0.16610	0.10966	0.02180	0.07263	0.02602	0.03508	0.01268	0.06877	0.15111	0.09614	0.04210	0.05525	0.00196	0.06722	0.00635	0.00295	0.00486
103	0.01220	0.00813	0.02835	0.00848	0.01091	0.00813	0.00713	0.11799	0.22399	0.19888	0.01969	0.02673	0.05672	0.00790	0.00499	0.00161	0.00391	0.24366	0.00449	0.00611
104	0.00541	0.00386	0.00511	0.00611	0.00635	0.00361	0.00405	0.00616	0.00839	0.01119	0.02401	0.81578	0.02879	0.04053	0.00618	0.00187	0.00262	0.01236	0.00405	0.00356
105	0.00923	0.00897	0.04484	0.04257	0.35635	0.03442	0.00933	0.04924	0.03369	0.01433	0.06969	0.13565	0.12860	0.00699	0.00487	0.00143	0.01897	0.00618	0.01903	0.00564
106	0.01170	0.14906	0.33796	0.06503	0.05536	0.22117	0.02710	0.01509	0.03543	0.03151	0.00794	0.00927	0.00611	0.00430	0.00399	0.00127	0.00637	0.00321	0.00217	0.00598
107	0.00767	0.00384	0.00575	0.00575	0.00575	0.00384	0.00384	0.00575	0.00575	0.00767	0.00767	0.01343	0.00767	0.01534	0.01726	0.87150	0.00384	0.00384	0.00192	0.00192
108	0.00557	0.00407	0.00529	0.00619	0.00668	0.00378	0.00437	0.00653	0.00885	0.01158	0.02663	0.65309	0.12143	0.01333	0.00564	0.00179	0.00270	0.10471	0.00410	0.00366
109	0.00901	0.00907	0.05650	0.10196	0.24182	0.02066	0.10782	0.01171	0.04800	0.02503	0.01325	0.22219	0.01328	0.04097	0.00605	0.00164	0.04583	0.01694	0.00283	0.00542
110	0.01310	0.01058	0.02463	0.04999	0.18492	0.16430	0.02046	0.04560	0.01153	0.20035	0.07141	0.04391	0.02661	0.00599	0.00466	0.00138	0.01718	0.05890	0.03857	0.00593
111	0.01603	0.01881	0.01271	0.01120	0.01351	0.63612	0.00860	0.14201	0.01339	0.01351	0.00735	0.00851	0.00599	0.00491	0.00485	0.00123	0.07012	0.00310	0.00259	0.00548
112	0.00966	0.02373	0.20683	0.00844	0.01294	0.00776	0.01735	0.06252	0.02452	0.01517	0.00822	0.00943	0.00649	0.00369	0.00361	0.00091	0.00423	0.00293	0.00257	0.56902
113	0.01118	0.01086	0.03164	0.05583	0.71293	0.02961	0.02654	0.02750	0.01030	0.02908	0.00847	0.01095	0.00697	0.00402	0.00438	0.00132	0.00536	0.00393	0.00227	0.00687
114	0.00631	0.00473	0.00710	0.00710	0.00789	0.00552	0.00552	0.00789	0.00710	0.01025	0.01183	0.01735	0.01104	0.03312	0.82728	0.00710	0.01183	0.00473	0.00237	0.00394
115	0.04012	0.01219	0.04728	0.07466	0.20404	0.09083	0.06430	0.26829	0.06119	0.07867	0.01008	0.01112	0.00749	0.00471	0.00437	0.00134	0.00537	0.00396	0.00328	0.00671
116	0.01145	0.41619	0.01865	0.00985	0.01217	0.05564	0.04183	0.05400	0.00901	0.01158	0.00640	0.00847	0.00586	0.00536	0.00741	0.00136	0.31412	0.00315	0.00207	0.00544
117	0.00596	0.00403	0.00534	0.00618	0.00662	0.00373	0.00421	0.00682	0.00875	0.04212	0.03638	0.76120	0.05352	0.01334	0.00558	0.00177	0.00261	0.02391	0.00416	0.00376
118	0.00849	0.00585	0.00728	0.00699	0.03110	0.00578	0.00514	0.09191	0.04931	0.06466	0.42490	0.09453	0.06707	0.03567	0.01780	0.00161	0.00296	0.03683	0.03732	0.00480
119	0.02066	0.00834	0.01054	0.00851	0.03574	0.02255	0.05944	0.06930	0.06877	0.13347	0.04817	0.04046	0.03402	0.03482	0.00469	0.00118	0.00383	0.00426	0.00345	0.38780
120	0.02786	0.09764	0.06822	0.07039	0.03567	0.06958	0.10514	0.10826	0.02311	0.08262	0.01035	0.07969	0.00875	0.00507	0.00429	0.00123	0.01699	0.00429	0.00296	0.17789
121	0.02788	0.24478	0.10151	0.09266	0.10102	0.06520	0.03789	0.08576	0.02628	0.03445	0.02267	0.01116	0.03765	0.00489	0.00483	0.00129	0.07827	0.00366	0.00250	0.01563
122	0.00966	0.02398	0.03253	0.00773	0.02054	0.05909	0.00612	0.09124	0.06241	0.04910	0.14023	0.08257	0.08212	0.06575	0.00619	0.00153	0.03534	0.05742	0.00363	0.16282
123	0.04600	0.22357	0.12661	0.00984	0.02839	0.09898	0.06041	0.11438	0.03900	0.07227	0.05128	0.04781	0.02056	0.02405	0.00446	0.00134	0.00508	0.01712	0.00298	0.00587

[dist]
# distance from previous block
# <min> <max>
9	33

[block]
# block no. 8 follows, 59 sequences, length 6
# corresponding to MSA columns:
# 854-859
name=unknown_I
#
# <colnr> <probs for GDERKNQSTAVLIFYWHMCP>
#	G	D	E	R	K	N	Q	S	T	A	V	L	I	F	Y	W	H	M	C	P
0	0.00973	0.01059	0.14118	0.03675	0.01316	0.00992	0.07742	0.07541	0.00922	0.05728	0.01081	0.11902	0.01033	0.07302	0.05035	0.00213	0.28048	0.00529	0.00270	0.00520
1	0.05299	0.08208	0.10855	0.10075	0.08562	0.15308	0.10217	0.09027	0.03173	0.10914	0.03563	0.01125	0.00805	0.00462	0.00423	0.00132	0.00571	0.00384	0.00289	0.00607
2	0.00930	0.07868	0.22812	0.03178	0.02965	0.00970	0.07116	0.04035	0.00928	0.04604	0.02546	0.09125	0.02469	0.03444	0.07633	0.00209	0.13847	0.04519	0.00263	0.00536
3	0.00701	0.00527	0.00664	0.05139	0.00830	0.00523	0.00478	0.04688	0.05284	0.01639	0.52942	0.07514	0.08669	0.07678	0.00652	0.00166	0.00271	0.00764	0.00439	0.00433
4	0.01067	0.01118	0.01871	0.06917	0.29426	0.07661	0.30142	0.01422	0.06821	0.01412	0.03699	0.04496	0.00923	0.00465	0.00474	0.00141	0.00598	0.00487	0.00253	0.00610
5	0.01346	0.20549	0.14515	0.01136	0.03527	0.20665	0.08288	0.16944	0.04153	0.03633	0.00850	0.00943	0.00657	0.00445	0.00400	0.00123	0.00600	0.00339	0.00270	0.00619

[dist]
# distance from previous block
# <min> <max>
0	1

[block]
# block no. 9 follows, 59 sequences, length 9
# corresponding to MSA columns:
# 861-869
name=unknown_J
#
# <colnr> <probs for GDERKNQSTAVLIFYWHMCP>
#	G	D	E	R	K	N	Q	S	T	A	V	L	I	F	Y	W	H	M	C	P
0	0.00782	0.00576	0.00724	0.00825	0.03421	0.00526	0.00569	0.00847	0.01035	0.01389	0.06985	0.54469	0.10103	0.01369	0.00636	0.00209	0.00351	0.14235	0.00465	0.00481
