[name]
unknown

[dist]
# distance from previous block
# <min> <max>
0	447

[block]
# block no. 0 follows, 57 sequences, length 31
# corresponding to MSA columns:
# 449-479
name=unknown_A
#
# <colnr> <probs for GDERKNQSTAVLIFYWHMCP>
#	G	D	E	R	K	N	Q	S	T	A	V	L	I	F	Y	W	H	M	C	P
0	0.05647	0.12853	0.04915	0.00807	0.01076	0.00799	0.00724	0.01484	0.01100	0.30181	0.03515	0.04564	0.03358	0.00792	0.00484	0.00158	0.00412	0.26130	0.00421	0.00582
1	0.00982	0.43987	0.21999	0.00871	0.01247	0.01274	0.00920	0.01211	0.00924	0.01192	0.02428	0.18865	0.01166	0.00632	0.00393	0.00128	0.00479	0.00502	0.00248	0.00555
2	0.04879	0.11961	0.63836	0.02818	0.01828	0.01130	0.03069	0.01406	0.00947	0.01412	0.00815	0.01009	0.00613	0.00440	0.00413	0.00139	0.00629	0.01812	0.00201	0.00642
3	0.01045	0.18184	0.36268	0.01114	0.01585	0.01216	0.06572	0.03325	0.21030	0.01498	0.01080	0.02222	0.00837	0.01570	0.00444	0.00142	0.00549	0.00393	0.00272	0.00653
4	0.02421	0.35897	0.25491	0.00916	0.01299	0.05610	0.00966	0.01247	0.00937	0.01214	0.01094	0.18835	0.01102	0.00629	0.00401	0.00131	0.00507	0.00500	0.00246	0.00557
5	0.08925	0.01069	0.12664	0.01296	0.19910	0.00837	0.04835	0.03235	0.02035	0.01586	0.10350	0.01483	0.05926	0.00501	0.00420	0.00122	0.00437	0.00433	0.00289	0.23647
6	0.01129	0.01100	0.01802	0.05960	0.75573	0.03645	0.01369	0.01395	0.01035	0.01456	0.00846	0.01115	0.00709	0.00408	0.00448	0.00135	0.00550	0.00400	0.00224	0.00703
7	0.00944	0.02100	0.64560	0.01426	0.02050	0.01073	0.18597	0.01439	0.00981	0.01439	0.00836	0.01014	0.00599	0.00420	0.00453	0.00146	0.00690	0.00378	0.00200	0.00657
8	0.00627	0.00466	0.00684	0.00707	0.00776	0.00523	0.00535	0.00770	0.00758	0.01075	0.01493	0.19587	0.01538	0.02969	0.64538	0.00610	0.01007	0.00660	0.00281	0.00397
9	0.00874	0.00805	0.01268	0.65111	0.02676	0.00919	0.01102	0.01154	0.00913	0.01227	0.00805	0.01150	0.00619	0.00428	0.00428	0.00133	0.00546	0.00374	0.00216	0.19253
10	0.00984	0.00777	0.00741	0.00716	0.00766	0.18170	0.00498	0.00855	0.00741	0.00857	0.00768	0.01256	0.00743	0.01334	0.01475	0.67989	0.00486	0.00371	0.00205	0.00268
11	0.00831	0.01921	0.64094	0.01148	0.01678	0.00904	0.01402	0.01260	0.00937	0.01375	0.01179	0.18942	0.01100	0.00645	0.00463	0.00152	0.00581	0.00542	0.00241	0.00604
12	0.04131	0.01279	0.18550	0.00995	0.01346	0.01117	0.00923	0.05079	0.57414	0.01837	0.01549	0.01475	0.01153	0.00565	0.00448	0.00150	0.00431	0.00460	0.00396	0.00701
13	0.68691	0.01155	0.00800	0.00720	0.00990	0.18658	0.00574	0.01436	0.00883	0.01832	0.00646	0.00754	0.00511	0.00431	0.00308	0.00135	0.00452	0.00255	0.00270	0.00498
14	0.19459	0.00570	0.00715	0.00700	0.00824	0.00664	0.00550	0.00923	0.00738	0.01265	0.01087	0.01553	0.00993	0.02752	0.64473	0.00601	0.01026	0.00433	0.00251	0.00423
15	0.19664	0.02025	0.64124	0.01140	0.01726	0.01045	0.01417	0.01413	0.00916	0.01565	0.00774	0.00909	0.00556	0.00428	0.00398	0.00143	0.00600	0.00315	0.00211	0.00631
16	0.00992	0.00923	0.01543	0.04075	0.62032	0.00921	0.01177	0.01221	0.00993	0.01403	0.01209	0.19073	0.01210	0.00625	0.00477	0.00146	0.00480	0.00596	0.00266	0.00637
17	0.01022	0.00863	0.00934	0.00846	0.01069	0.00975	0.00654	0.02071	0.63243	0.01879	0.19035	0.02059	0.02011	0.00682	0.00477	0.00151	0.00327	0.00579	0.00469	0.00654
18	0.00860	0.00542	0.00862	0.01066	0.18106	0.00542	0.00610	0.00764	0.00686	0.00938	0.00801	0.01322	0.00772	0.01320	0.01484	0.67993	0.00425	0.00396	0.00203	0.00310
19	0.00909	0.02344	0.81727	0.01292	0.01961	0.01052	0.01674	0.01435	0.00957	0.01435	0.00813	0.00957	0.00574	0.00431	0.00431	0.00144	0.00670	0.00335	0.00191	0.00670
20	0.03878	0.00957	0.08757	0.00862	0.01238	0.00764	0.00769	0.07996	0.01315	0.64817	0.02850	0.01462	0.01077	0.00550	0.00450	0.00140	0.00418	0.00441	0.00510	0.00750
21	0.00543	0.00444	0.00480	0.00503	0.00625	0.00381	0.00365	0.00653	0.01003	0.01229	0.06792	0.22738	0.60267	0.01203	0.00545	0.00160	0.00237	0.01028	0.00423	0.00381
22	0.01043	0.01342	0.19238	0.10213	0.47186	0.01073	0.10553	0.01385	0.01008	0.01436	0.00847	0.01106	0.00672	0.00412	0.00455	0.00140	0.00600	0.00404	0.00215	0.00674
23	0.00929	0.07726	0.76519	0.01258	0.01909	0.01101	0.01615	0.01430	0.00954	0.01411	0.00801	0.00942	0.00575	0.00428	0.00421	0.00140	0.00658	0.00329	0.00192	0.00664
24	0.01238	0.79895	0.02315	0.00797	0.01176	0.06152	0.00781	0.01381	0.00940	0.01068	0.00634	0.00732	0.00582	0.00392	0.00297	0.00098	0.00503	0.00245	0.00196	0.00578
25	0.01094	0.42750	0.37821	0.01061	0.03069	0.04689	0.01193	0.01411	0.00954	0.01241	0.00719	0.00841	0.00581	0.00410	0.00361	0.00119	0.00582	0.00289	0.00195	0.00621
26	0.06404	0.47641	0.05787	0.02358	0.02374	0.06143	0.03387	0.02900	0.00920	0.01205	0.00660	0.00832	0.00588	0.00479	0.00552	0.00127	0.16571	0.00297	0.00209	0.00566
27	0.82594	0.00872	0.00704	0.05060	0.00998	0.01016	0.00532	0.01323	0.00778	0.01986	0.00640	0.00762	0.00497	0.00422	0.00290	0.00141	0.00364	0.00254	0.00276	0.00491
28	0.06792	0.00573	0.00625	0.02770	0.00797	0.05514	0.00490	0.01750	0.00902	0.01229	0.02146	0.55125	0.04270	0.08185	0.00690	0.00198	0.00340	0.06830	0.00381	0.00391
29	0.00559	0.00430	0.00512	0.00556	0.00643	0.00383	0.00392	0.00672	0.00994	0.01283	0.15195	0.41082	0.33191	0.01240	0.00555	0.00166	0.00243	0.01090	0.00433	0.00383
30	0.01065	0.19399	0.56036	0.01163	0.01738	0.02543	0.02725	0.04609	0.01017	0.04551	0.00824	0.00939	0.00607	0.00431	0.00405	0.00133	0.00617	0.00326	0.00218	0.00656

[dist]
# distance from previous block
# <min> <max>
0	1

[block]
# block no. 1 follows, 57 sequences, length 16
# corresponding to MSA columns:
# 481-496
name=unknown_B
#
# <colnr> <probs for GDERKNQSTAVLIFYWHMCP>
#	G	D	E	R	K	N	Q	S	T	A	V	L	I	F	Y	W	H	M	C	P
0	0.28476	0.02390	0.13040	0.00824	0.01179	0.02802	0.00765	0.09215	0.01104	0.26029	0.01125	0.01141	0.01883	0.00546	0.00461	0.04747	0.00437	0.00358	0.00364	0.03116
1	0.01594	0.01027	0.01162	0.00928	0.01234	0.01088	0.00750	0.51345	0.01758	0.18317	0.01458	0.14653	0.01204	0.00690	0.00474	0.00145	0.00438	0.00561	0.00469	0.00705
2	0.00602	0.00462	0.00551	0.00529	0.00653	0.00411	0.00397	0.00779	0.01190	0.01598	0.52751	0.03746	0.32671	0.01008	0.00535	0.00146	0.00220	0.00870	0.00470	0.00411
3	0.01726	0.01097	0.13193	0.01006	0.05542	0.04379	0.00869	0.03946	0.02545	0.55246	0.01573	0.01448	0.02842	0.00547	0.00468	0.00141	0.01808	0.00438	0.00460	0.00728
4	0.01012	0.32702	0.49496	0.01075	0.01621	0.01306	0.01298	0.01386	0.00955	0.01311	0.03506	0.00955	0.00704	0.00432	0.00382	0.00126	0.00585	0.00317	0.00203	0.00629
5	0.00581	0.00461	0.00519	0.00526	0.00638	0.00425	0.00385	0.00687	0.00922	0.01146	0.03421	0.05819	0.50762	0.15009	0.13079	0.00289	0.00420	0.04172	0.00370	0.00369
6	0.00874	0.00587	0.00649	0.00591	0.00789	0.00543	0.00457	0.01179	0.12989	0.14449	0.08107	0.03445	0.51692	0.00959	0.00511	0.00150	0.00273	0.00800	0.00454	0.00499
7	0.00971	0.01190	0.10819	0.13799	0.02148	0.01091	0.42661	0.01296	0.00966	0.01334	0.00961	0.07230	0.00820	0.00531	0.00645	0.00160	0.12051	0.00529	0.00231	0.00568
8	0.01138	0.01105	0.01571	0.16876	0.46316	0.07633	0.01209	0.03804	0.12960	0.01494	0.00987	0.01197	0.00788	0.00453	0.00448	0.00139	0.00545	0.00411	0.00263	0.00665
9	0.01743	0.00823	0.03453	0.00793	0.01125	0.00711	0.00669	0.09888	0.01332	0.59024	0.02106	0.01900	0.13049	0.00643	0.00467	0.00142	0.00382	0.00522	0.00518	0.00710
10	0.01230	0.00986	0.01639	0.14479	0.56490	0.00999	0.01253	0.01489	0.01056	0.14481	0.00998	0.01203	0.00767	0.00437	0.00450	0.00138	0.00523	0.00412	0.00276	0.00694
11	0.00896	0.00846	0.01431	0.70967	0.14829	0.01017	0.01278	0.01193	0.00925	0.01206	0.00812	0.01195	0.00621	0.00446	0.00452	0.00149	0.00594	0.00403	0.00205	0.00536
12	0.01026	0.00982	0.01690	0.21661	0.55187	0.01025	0.04518	0.01297	0.00995	0.01385	0.00931	0.05542	0.00811	0.00469	0.00460	0.00142	0.00549	0.00456	0.00229	0.00644
13	0.01012	0.00735	0.01150	0.49246	0.03745	0.00835	0.00985	0.03474	0.00998	0.14072	0.01315	0.18022	0.01180	0.00668	0.00479	0.00155	0.00496	0.00591	0.00311	0.00530
14	0.01174	0.01066	0.02169	0.01582	0.01974	0.01001	0.57066	0.01490	0.01093	0.14341	0.03507	0.04967	0.03078	0.00502	0.00549	0.00153	0.02805	0.00570	0.00303	0.00612
15	0.01143	0.00824	0.10320	0.00841	0.01089	0.00632	0.03933	0.03075	0.03101	0.26670	0.09095	0.27881	0.02027	0.00894	0.00514	0.00160	0.00384	0.06408	0.00439	0.00567

[dist]
# distance from previous block
# <min> <max>
3	8

[block]
# block no. 2 follows, 57 sequences, length 79
# corresponding to MSA columns:
# 505-536,539-585
name=unknown_C
#
# <colnr> <probs for GDERKNQSTAVLIFYWHMCP>
#	G	D	E	R	K	N	Q	S	T	A	V	L	I	F	Y	W	H	M	C	P
0	0.03891	0.00974	0.01058	0.06301	0.01258	0.10168	0.03019	0.12890	0.13351	0.19405	0.17121	0.01773	0.02840	0.00619	0.00460	0.00140	0.00430	0.00510	0.03173	0.00619
1	0.00914	0.00864	0.01464	0.65514	0.20140	0.01022	0.01287	0.01208	0.00933	0.01228	0.00816	0.01189	0.00629	0.00442	0.00452	0.00147	0.00590	0.00403	0.00206	0.00550
2	0.00552	0.00394	0.00526	0.00631	0.00657	0.00368	0.00421	0.00631	0.00868	0.01157	0.02498	0.83779	0.02997	0.01420	0.00578	0.00184	0.00263	0.01288	0.00421	0.00368
3	0.87276	0.00876	0.00666	0.00596	0.00876	0.01017	0.00491	0.01332	0.00771	0.02033	0.00631	0.00736	0.00491	0.00421	0.00280	0.00140	0.00351	0.00245	0.00280	0.00491
4	0.00723	0.00516	0.00722	0.00826	0.00927	0.00515	0.00717	0.00926	0.01036	0.01348	0.02403	0.08440	0.02624	0.01259	0.00624	0.00208	0.00411	0.74944	0.00417	0.00415
5	0.00726	0.00520	0.00725	0.00827	0.00932	0.00519	0.00722	0.00933	0.01043	0.01353	0.02444	0.05096	0.04227	0.01250	0.00624	0.00207	0.00413	0.76604	0.00417	0.00417
6	0.00856	0.00805	0.01359	0.82986	0.03121	0.01007	0.01258	0.01158	0.00906	0.01158	0.00805	0.01208	0.00604	0.00453	0.00453	0.00151	0.00604	0.00403	0.00201	0.00503
7	0.00991	0.00991	0.01388	0.01190	0.01190	0.01388	0.00991	0.01091	0.00694	0.01091	0.00595	0.00991	0.00595	0.00793	0.01487	0.00198	0.83246	0.00397	0.00198	0.00496
8	0.00582	0.00423	0.00552	0.00628	0.00685	0.00394	0.00447	0.00696	0.00960	0.01278	0.14016	0.57391	0.09791	0.01308	0.00573	0.00178	0.00269	0.09015	0.00432	0.00383
9	0.00654	0.00500	0.00649	0.00657	0.00725	0.02231	0.00479	0.00769	0.00764	0.01041	0.01647	0.10088	0.07950	0.19929	0.49203	0.00555	0.00871	0.00633	0.00281	0.00374
10	0.00578	0.00439	0.00532	0.00555	0.00650	0.00393	0.00398	0.00715	0.01065	0.01408	0.30446	0.30306	0.28551	0.01161	0.00549	0.00160	0.00235	0.01019	0.00448	0.00393
11	0.00731	0.00491	0.00568	0.00547	0.00701	0.00426	0.00417	0.00871	0.01095	0.10280	0.18138	0.10624	0.48374	0.01068	0.00534	0.00154	0.00254	0.03841	0.00451	0.00434
12	0.00567	0.00421	0.00529	0.00585	0.00652	0.00383	0.00407	0.00679	0.00983	0.01301	0.18520	0.52163	0.18618	0.01268	0.00561	0.00170	0.00247	0.01130	0.00436	0.00383
13	0.01211	0.84348	0.02374	0.00775	0.01163	0.01793	0.00775	0.01357	0.00921	0.01066	0.00630	0.00727	0.00582	0.00388	0.00291	0.00097	0.00485	0.00242	0.00194	0.00582
14	0.04002	0.00599	0.00639	0.00569	0.00747	0.01791	0.00447	0.07431	0.02163	0.15362	0.01558	0.01703	0.03030	0.00560	0.00364	0.00119	0.00283	0.01957	0.56160	0.00516
15	0.01705	0.01260	0.01350	0.01039	0.01399	0.01397	0.00857	0.77451	0.04446	0.02827	0.01110	0.01106	0.00789	0.00546	0.00454	0.00137	0.00494	0.00411	0.00454	0.00769
16	0.01035	0.22204	0.57521	0.01154	0.01730	0.05065	0.01404	0.01445	0.00968	0.02477	0.00777	0.00903	0.00584	0.00424	0.00396	0.00131	0.00628	0.00312	0.00199	0.00643
17	0.03842	0.01041	0.01172	0.00908	0.01252	0.03430	0.00746	0.39120	0.01662	0.35187	0.01361	0.01276	0.00915	0.00541	0.00442	0.00135	0.00444	0.00418	0.03455	0.02651
18	0.00726	0.00520	0.00724	0.00826	0.00931	0.00518	0.00721	0.00932	0.01043	0.01353	0.02451	0.05093	0.04479	0.01249	0.00624	0.00207	0.00413	0.76357	0.00417	0.00416
19	0.05627	0.01048	0.01070	0.00913	0.01159	0.06786	0.00723	0.37796	0.12150	0.02121	0.05199	0.16423	0.01444	0.00745	0.00498	0.00150	0.02361	0.02740	0.00419	0.00626
20	0.02606	0.21493	0.05088	0.00826	0.01090	0.15592	0.00711	0.11869	0.03560	0.01550	0.14202	0.03777	0.05145	0.02609	0.00461	0.00134	0.00466	0.02071	0.06209	0.00542
21	0.01042	0.01120	0.02236	0.01667	0.05800	0.01018	0.57762	0.01377	0.01038	0.01459	0.00888	0.01153	0.00685	0.00372	0.00485	0.00132	0.00655	0.00467	0.00238	0.20405
22	0.01211	0.84348	0.02374	0.00775	0.01163	0.01793	0.00775	0.01357	0.00921	0.01066	0.00630	0.00727	0.00582	0.00388	0.00291	0.00097	0.00485	0.00242	0.00194	0.00582
23	0.00552	0.00394	0.00526	0.00631	0.00657	0.00368	0.00421	0.00631	0.00868	0.01157	0.02498	0.83779	0.02997	0.01420	0.00578	0.00184	0.00263	0.01288	0.00421	0.00368
24	0.01147	0.01085	0.01819	0.02708	0.77870	0.01091	0.01368	0.04706	0.01078	0.01539	0.00862	0.01120	0.00720	0.00410	0.00449	0.00135	0.00537	0.00404	0.00234	0.00720
25	0.00940	0.00805	0.00940	0.00671	0.01074	0.00604	0.00537	0.01141	0.00940	0.01477	0.00805	0.00940	0.00671	0.00336	0.00336	0.00067	0.00336	0.00268	0.00268	0.86845
26	0.01166	0.01027	0.01040	0.00929	0.01187	0.04558	0.00724	0.05695	0.72280	0.01892	0.01812	0.01675	0.02743	0.00615	0.00460	0.00151	0.00382	0.00506	0.00450	0.00705
27	0.00856	0.00805	0.01359	0.82986	0.03121	0.01007	0.01258	0.01158	0.00906	0.01158	0.00805	0.01208	0.00604	0.00453	0.00453	0.00151	0.00604	0.00403	0.00201	0.00503
28	0.00751	0.00658	0.01119	0.00957	0.01088	0.00652	0.20403	0.00893	0.00858	0.01157	0.01665	0.28527	0.01849	0.26082	0.01142	0.00256	0.04971	0.06243	0.00316	0.00412
29	0.00574	0.00424	0.00573	0.04951	0.00791	0.00408	0.00468	0.00673	0.00895	0.01185	0.04840	0.70995	0.07093	0.01336	0.00569	0.00180	0.00281	0.02973	0.00411	0.00379
30	0.00885	0.00505	0.00463	0.00458	0.00569	0.04319	0.00343	0.01092	0.00966	0.01662	0.01441	0.01648	0.01134	0.00525	0.00321	0.00106	0.00240	0.00416	0.82478	0.00427
31	0.01319	0.01038	0.01110	0.00947	0.01234	0.01175	0.00751	0.21711	0.57112	0.05924	0.01653	0.01533	0.01218	0.00595	0.00459	0.00149	0.00395	0.00484	0.00464	0.00733
32	0.00643	0.00485	0.00585	0.00631	0.00711	0.02113	0.00450	0.00796	0.03599	0.02841	0.13651	0.48393	0.14658	0.01335	0.04420	0.00197	0.00318	0.03347	0.00423	0.00404
33	0.01104	0.01059	0.01808	0.08069	0.76098	0.01072	0.01382	0.01375	0.01023	0.01459	0.00849	0.01127	0.00710	0.00407	0.00449	0.00136	0.00543	0.00404	0.00223	0.00704
34	0.00562	0.00407	0.00534	0.00631	0.00672	0.00379	0.00435	0.00652	0.00891	0.01174	0.02645	0.72977	0.08717	0.01389	0.00578	0.00183	0.00270	0.06112	0.00420	0.00372
35	0.00564	0.00405	0.00535	0.00634	0.00669	0.00379	0.00433	0.00650	0.00879	0.01165	0.02539	0.74747	0.05547	0.03147	0.00616	0.00190	0.00275	0.05838	0.00417	0.00369
36	0.00951	0.03334	0.65328	0.01356	0.03828	0.01061	0.10515	0.02942	0.00993	0.01468	0.00851	0.01014	0.00614	0.00429	0.00437	0.00142	0.00656	0.00362	0.03061	0.00657
37	0.19620	0.19320	0.03193	0.00997	0.11018	0.08221	0.01908	0.03840	0.01009	0.02823	0.03774	0.06762	0.11543	0.00612	0.00398	0.00133	0.00437	0.01782	0.02076	0.00536
38	0.00659	0.00439	0.00494	0.00494	0.00494	0.00439	0.00275	0.00659	0.00659	0.00879	0.01428	0.02965	0.01647	0.84075	0.02306	0.00439	0.00439	0.00659	0.00275	0.00275
39	0.00576	0.00473	0.00506	0.00501	0.00641	0.00415	0.00373	0.00742	0.03588	0.01340	0.17798	0.07316	0.60283	0.02727	0.00569	0.00158	0.00236	0.00926	0.00433	0.00398
40	0.00979	0.19362	0.61471	0.01213	0.01814	0.01211	0.05171	0.01420	0.00955	0.01359	0.00780	0.00921	0.00581	0.00419	0.00406	0.00134	0.00636	0.00325	0.00194	0.00649
41	0.00923	0.06220	0.77976	0.01267	0.01923	0.01087	0.01632	0.01431	0.00955	0.01418	0.00805	0.00946	0.00574	0.00428	0.00424	0.00141	0.00661	0.00330	0.00191	0.00666
42	0.00658	0.00443	0.00515	0.00515	0.00523	0.00451	0.00301	0.00673	0.00665	0.00894	0.01408	0.02858	0.01601	0.76752	0.09566	0.00466	0.00510	0.00643	0.00272	0.00286
43	0.00649	0.00437	0.00495	0.00501	0.00507	0.00433	0.00285	0.00657	0.00683	0.00905	0.01592	0.07462	0.04368	0.76760	0.02152	0.00416	0.00423	0.00704	0.00287	0.00283
44	0.01032	0.55261	0.06939	0.00795	0.01113	0.01397	0.00773	0.01206	0.00868	0.01085	0.00808	0.01041	0.00738	0.01248	0.23651	0.00280	0.00704	0.00317	0.00208	0.00537
45	0.01061	0.01284	0.07027	0.01876	0.02346	0.01141	0.75311	0.01451	0.01063	0.01451	0.00911	0.01208	0.00681	0.00385	0.00529	0.00152	0.00759	0.00524	0.00227	0.00614
46	0.01694	0.02131	0.01287	0.01163	0.01401	0.79684	0.00875	0.04288	0.01311	0.01165	0.00713	0.00826	0.00590	0.00469	0.00410	0.00117	0.00807	0.00296	0.00240	0.00533
47	0.00940	0.00805	0.00940	0.00671	0.01074	0.00604	0.00537	0.01141	0.00940	0.01477	0.00805	0.00940	0.00671	0.00336	0.00336	0.00067	0.00336	0.00268	0.00268	0.86845
48	0.00541	0.00448	0.00473	0.00490	0.00621	0.00381	0.00359	0.00652	0.01011	0.01226	0.05935	0.17557	0.66370	0.01188	0.00543	0.00158	0.00235	0.01009	0.00422	0.00381
49	0.04546	0.01215	0.01301	0.01003	0.01356	0.01338	0.00828	0.71983	0.02022	0.06131	0.01112	0.01110	0.00786	0.00540	0.00444	0.00136	0.00482	0.00405	0.02510	0.00753
50	0.01070	0.01222	0.02674	0.01910	0.02368	0.01146	0.79603	0.01451	0.01070	0.01451	0.00917	0.01222	0.00688	0.00382	0.00535	0.00153	0.00764	0.00535	0.00229	0.00611
51	0.00609	0.00438	0.00589	0.00684	0.00742	0.00418	0.00512	0.00734	0.00943	0.01245	0.05533	0.53646	0.05956	0.01339	0.00590	0.00189	0.00307	0.24718	0.00423	0.00386
52	0.87276	0.00876	0.00666	0.00596	0.00876	0.01017	0.00491	0.01332	0.00771	0.02033	0.00631	0.00736	0.00491	0.00421	0.00280	0.00140	0.00351	0.00245	0.00280	0.00491
53	0.00578	0.00445	0.00516	0.00534	0.00634	0.00397	0.00383	0.00699	0.01021	0.01318	0.21255	0.22126	0.37403	0.08180	0.00697	0.00183	0.00255	0.02569	0.00426	0.00381
54	0.00544	0.00458	0.00472	0.00471	0.00618	0.00386	0.00352	0.00666	0.01048	0.01268	0.10377	0.06045	0.73474	0.01137	0.00536	0.00153	0.00229	0.00953	0.00427	0.00386
55	0.00894	0.00568	0.00681	0.00628	0.00796	0.00532	0.00478	0.02761	0.08588	0.14585	0.27267	0.13516	0.25016	0.00956	0.00519	0.00151	0.00272	0.00822	0.00472	0.00497
56	0.00923	0.00745	0.00852	0.00838	0.01012	0.00819	0.00661	0.04440	0.40074	0.01634	0.02146	0.18343	0.03752	0.00943	0.00528	0.00173	0.00358	0.20751	0.00441	0.00567
57	0.00975	0.00935	0.01576	0.43551	0.33402	0.01067	0.02922	0.01249	0.00942	0.01284	0.00809	0.01157	0.00649	0.00459	0.00535	0.00148	0.07134	0.00405	0.00211	0.00589
58	0.04994	0.06662	0.01312	0.01091	0.01351	0.63866	0.00840	0.06758	0.01298	0.06675	0.00792	0.00875	0.00628	0.00472	0.00403	0.00119	0.00731	0.00306	0.00269	0.00559
59	0.01150	0.01086	0.01817	0.02699	0.77474	0.01092	0.01366	0.05094	0.01084	0.01545	0.00863	0.01120	0.00720	0.00410	0.00449	0.00135	0.00536	0.00404	0.00235	0.00720
60	0.00903	0.00834	0.01371	0.77132	0.04969	0.01027	0.01243	0.04878	0.00967	0.01246	0.00820	0.01200	0.00615	0.00456	0.00453	0.00150	0.00597	0.00403	0.00214	0.00521
61	0.02033	0.00771	0.01052	0.00806	0.01157	0.00666	0.00666	0.02208	0.01297	0.81562	0.01788	0.01542	0.01122	0.00561	0.00456	0.00140	0.00386	0.00456	0.00561	0.00771
62	0.00928	0.05452	0.75987	0.01259	0.01904	0.01083	0.01608	0.01464	0.03603	0.01436	0.00840	0.00972	0.00601	0.00435	0.00426	0.00142	0.00652	0.00337	0.00200	0.00668
63	0.01053	0.00999	0.01696	0.16220	0.63817	0.01033	0.01328	0.01322	0.01008	0.01415	0.00928	0.02870	0.00806	0.00460	0.00458	0.00141	0.00540	0.03013	0.00231	0.00665
64	0.00609	0.00457	0.00516	0.00523	0.00646	0.00398	0.00381	0.00731	0.01037	0.03953	0.16182	0.19658	0.48312	0.03784	0.00597	0.00166	0.00245	0.00974	0.00433	0.00396
65	0.02668	0.01109	0.01177	0.00957	0.01266	0.01243	0.00773	0.47005	0.29216	0.02440	0.01368	0.01329	0.01003	0.00566	0.00445	0.00140	0.00430	0.00443	0.05695	0.00727
66	0.01053	0.33194	0.47401	0.01107	0.01656	0.01326	0.03892	0.01423	0.00954	0.03072	0.00769	0.00892	0.00593	0.00416	0.00382	0.00126	0.00597	0.00309	0.00202	0.00637
67	0.00552	0.00394	0.00526	0.00631	0.00657	0.00368	0.00421	0.00631	0.00868	0.01157	0.02498	0.83779	0.02997	0.01420	0.00578	0.00184	0.00263	0.01288	0.00421	0.00368
68	0.11372	0.00984	0.01100	0.00882	0.01208	0.01037	0.00719	0.26696	0.18269	0.30781	0.01447	0.01339	0.00995	0.00551	0.00436	0.00142	0.00412	0.00429	0.00474	0.00728
69	0.87276	0.00876	0.00666	0.00596	0.00876	0.01017	0.00491	0.01332	0.00771	0.02033	0.00631	0.00736	0.00491	0.00421	0.00280	0.00140	0.00351	0.00245	0.00280	0.00491
70	0.01567	0.01855	0.01222	0.01098	0.01338	0.61516	0.00832	0.07015	0.12975	0.01370	0.04292	0.01072	0.00870	0.00513	0.00425	0.00125	0.00703	0.00354	0.00293	0.00566
71	0.02719	0.00858	0.01007	0.04690	0.01169	0.00892	0.00675	0.29113	0.03953	0.12724	0.11095	0.01752	0.05894	0.02649	0.09136	0.00202	0.00484	0.00499	0.02968	0.07522
72	0.01020	0.00972	0.01656	0.36313	0.44364	0.01056	0.03914	0.02816	0.01002	0.01371	0.00839	0.01160	0.00670	0.00426	0.00453	0.00142	0.00573	0.00408	0.00219	0.00625
73	0.01054	0.01014	0.01593	0.05752	0.61115	0.04837	0.01211	0.01296	0.01023	0.01419	0.04322	0.07250	0.01040	0.00646	0.04328	0.00166	0.00553	0.00484	0.00250	0.00647
74	0.00994	0.00999	0.01455	0.01216	0.01262	0.01341	0.06128	0.01116	0.00728	0.01129	0.00624	0.01004	0.00604	0.00748	0.01379	0.00190	0.74566	0.00401	0.00203	0.03911
75	0.00641	0.00488	0.00604	0.00663	0.04086	0.00445	0.00457	0.02300	0.01055	0.02716	0.18601	0.29350	0.32285	0.01141	0.00545	0.00161	0.00264	0.03352	0.00431	0.00416
76	0.01161	0.02919	0.15022	0.05317	0.52654	0.04532	0.03528	0.01462	0.01042	0.06755	0.00897	0.01108	0.00707	0.00422	0.00444	0.00136	0.00570	0.00391	0.00240	0.00691
77	0.03023	0.04495	0.22108	0.00932	0.01311	0.03418	0.02441	0.03483	0.02808	0.30822	0.04345	0.01775	0.07878	0.00669	0.02178	0.00156	0.01883	0.04164	0.01467	0.00641
78	0.00577	0.00428	0.00539	0.00588	0.00661	0.00390	0.00416	0.00701	0.01012	0.01348	0.23553	0.45831	0.17904	0.01235	0.00560	0.00168	0.00248	0.03013	0.00441	0.00388

[dist]
# distance from previous block
# <min> <max>
3	7

[block]
# block no. 3 follows, 57 sequences, length 107
# corresponding to MSA columns:
# 597-662,664-704
name=unknown_D
#
# <colnr> <probs for GDERKNQSTAVLIFYWHMCP>
#	G	D	E	R	K	N	Q	S	T	A	V	L	I	F	Y	W	H	M	C	P
0	0.02384	0.01017	0.03214	0.00842	0.01046	0.14804	0.00664	0.07339	0.24254	0.01585	0.08246	0.14470	0.12087	0.00828	0.00491	0.00152	0.00418	0.05214	0.00400	0.00547
1	0.01329	0.00932	0.01117	0.00896	0.01185	0.05201	0.05083	0.21499	0.04435	0.17388	0.08996	0.01576	0.02153	0.00980	0.12504	0.00217	0.00555	0.01274	0.00398	0.12282
2	0.02919	0.00446	0.00524	0.00558	0.00643	0.00422	0.00391	0.00824	0.00909	0.01386	0.05577	0.43417	0.03284	0.03956	0.00533	0.00158	0.00257	0.00881	0.27191	0.05724
3	0.03280	0.00977	0.01041	0.00884	0.01137	0.06803	0.02716	0.17576	0.28089	0.09372	0.18547	0.03329	0.02933	0.00663	0.00472	0.00144	0.00398	0.00550	0.00449	0.00638
4	0.81581	0.00902	0.00712	0.00626	0.00912	0.01042	0.00515	0.06551	0.00862	0.02088	0.00661	0.00760	0.00509	0.00429	0.00292	0.00140	0.00360	0.00256	0.00292	0.00509
5	0.00893	0.02195	0.74545	0.01272	0.01898	0.01015	0.04010	0.01389	0.00955	0.01419	0.00915	0.05797	0.00719	0.00487	0.00442	0.00146	0.00649	0.00397	0.00206	0.00650
6	0.00927	0.00789	0.00927	0.00681	0.01066	0.00599	0.00548	0.01129	0.00946	0.01470	0.00898	0.01183	0.00784	0.00389	0.00353	0.00075	0.00340	0.04816	0.00277	0.81802
7	0.01723	0.01269	0.01360	0.01043	0.01405	0.01405	0.00861	0.79738	0.02131	0.02856	0.01088	0.01088	0.00771	0.00544	0.00453	0.00136	0.00499	0.00408	0.00453	0.00771
8	0.00557	0.00401	0.00528	0.00621	0.00657	0.00372	0.00418	0.00645	0.00898	0.01198	0.07152	0.76310	0.05803	0.01381	0.00574	0.00181	0.00259	0.01249	0.00425	0.00372
9	0.01050	0.01183	0.02564	0.01849	0.02287	0.01111	0.75132	0.01422	0.01068	0.01446	0.01001	0.01443	0.00796	0.00431	0.00540	0.00156	0.00744	0.04937	0.00240	0.00600
10	0.01693	0.02160	0.01284	0.01167	0.01401	0.82256	0.00876	0.01809	0.01284	0.01109	0.00700	0.00817	0.00584	0.00467	0.00409	0.00117	0.00817	0.00292	0.00233	0.00525
11	0.27409	0.01032	0.01066	0.00853	0.01181	0.01124	0.00701	0.35113	0.07803	0.17690	0.01146	0.01118	0.00803	0.00516	0.00402	0.00139	0.00421	0.00377	0.00423	0.00682
12	0.00551	0.00398	0.00522	0.00622	0.00655	0.00369	0.00417	0.00632	0.00876	0.01160	0.02608	0.79591	0.07114	0.01405	0.00576	0.00182	0.00261	0.01271	0.00421	0.00369
13	0.00992	0.12846	0.66995	0.01218	0.01827	0.05750	0.01514	0.01446	0.00971	0.01369	0.00783	0.00919	0.00576	0.00427	0.00411	0.00136	0.00654	0.00321	0.00194	0.00650
14	0.00591	0.01924	0.00578	0.00638	0.00687	0.00423	0.00445	0.00702	0.02374	0.01176	0.02522	0.66964	0.07393	0.04848	0.00645	0.00193	0.00285	0.06823	0.00411	0.00379
15	0.02033	0.00771	0.01052	0.00806	0.01157	0.00666	0.00666	0.02208	0.01297	0.81562	0.01788	0.01542	0.01122	0.00561	0.00456	0.00140	0.00386	0.00456	0.00561	0.00771
16	0.11648	0.00537	0.00633	0.02776	0.00813	0.00547	0.00488	0.02729	0.03585	0.04613	0.02242	0.46793	0.10030	0.02754	0.05468	0.00209	0.00358	0.02956	0.00392	0.00428
17	0.01289	0.01174	0.01636	0.12918	0.35293	0.06621	0.06470	0.23376	0.03628	0.01807	0.00935	0.01127	0.00725	0.00459	0.00454	0.00138	0.00565	0.00409	0.00293	0.00683
18	0.01415	0.01050	0.01140	0.00928	0.01225	0.01153	0.00748	0.44852	0.22011	0.05707	0.08407	0.03540	0.04476	0.00640	0.00469	0.00143	0.00417	0.00515	0.00462	0.00702
19	0.00573	0.00409	0.00550	0.00655	0.00691	0.00386	0.00457	0.00667	0.00888	0.01180	0.02486	0.74457	0.02951	0.01400	0.00584	0.00187	0.00281	0.10402	0.00420	0.00374
20	0.01004	0.00960	0.01616	0.35780	0.44478	0.01065	0.01313	0.01278	0.00961	0.01325	0.00818	0.01150	0.00664	0.00446	0.00509	0.00145	0.05254	0.00403	0.00213	0.00617
21	0.00778	0.00635	0.00742	0.00763	0.00884	0.05382	0.00603	0.03177	0.01038	0.01373	0.10113	0.28900	0.02487	0.01104	0.00580	0.00173	0.02661	0.29528	0.00396	0.08683
22	0.00585	0.00432	0.00572	0.03166	0.00751	0.00410	0.00461	0.00703	0.00952	0.01270	0.14093	0.56636	0.09926	0.01312	0.01743	0.00183	0.00286	0.05710	0.00423	0.00386
23	0.00940	0.00805	0.00940	0.00671	0.01074	0.00604	0.00537	0.01141	0.00940	0.01477	0.00805	0.00940	0.00671	0.00336	0.00336	0.00067	0.00336	0.00268	0.00268	0.86845
24	0.09985	0.01131	0.01210	0.00962	0.01294	0.03752	0.02359	0.42797	0.15450	0.13318	0.01251	0.01213	0.00889	0.00538	0.00437	0.00139	0.00457	0.00414	0.00438	0.01966
25	0.00991	0.00991	0.01388	0.01190	0.01190	0.01388	0.00991	0.01091	0.00694	0.01091	0.00595	0.00991	0.00595	0.00793	0.01487	0.00198	0.83246	0.00397	0.00198	0.00496
26	0.01874	0.00807	0.01047	0.00827	0.01161	0.00747	0.00675	0.02243	0.15160	0.67605	0.01798	0.01568	0.01168	0.00570	0.00457	0.00143	0.00381	0.00466	0.00543	0.00762
27	0.01652	0.01221	0.01307	0.01008	0.01358	0.01345	0.00831	0.75050	0.02065	0.02759	0.01296	0.01282	0.05530	0.00580	0.00458	0.00137	0.00483	0.00440	0.00451	0.00748
28	0.00913	0.00863	0.01462	0.65837	0.19826	0.01022	0.01287	0.01208	0.00933	0.01227	0.00815	0.01190	0.00628	0.00442	0.00452	0.00147	0.00590	0.00403	0.00206	0.00549
29	0.06104	0.02256	0.76851	0.01250	0.01896	0.01050	0.01603	0.01429	0.00946	0.01471	0.00802	0.00943	0.00569	0.00430	0.00421	0.00143	0.00650	0.00329	0.00197	0.00659
30	0.00639	0.00503	0.00562	0.00543	0.00683	0.00456	0.00407	0.05465	0.01155	0.01487	0.26259	0.11473	0.46586	0.01073	0.00534	0.00152	0.00244	0.00916	0.00445	0.00418
31	0.00565	0.00409	0.00534	0.00612	0.00658	0.00378	0.00417	0.00666	0.00940	0.01261	0.14552	0.66912	0.07762	0.01329	0.00569	0.00176	0.00253	0.01198	0.00433	0.00378
32	0.00680	0.05516	0.00666	0.00557	0.00696	0.00502	0.00428	0.00833	0.01104	0.03913	0.33825	0.06984	0.32598	0.05714	0.00624	0.00165	0.00265	0.04077	0.00434	0.00419
33	0.00556	0.00448	0.00486	0.00499	0.00618	0.00388	0.00360	0.00669	0.01010	0.01253	0.11800	0.16257	0.56657	0.06155	0.00648	0.00174	0.00246	0.00975	0.00420	0.00378
34	0.05729	0.00514	0.00634	0.00692	0.00792	0.00511	0.00556	0.00868	0.02043	0.01303	0.04278	0.11313	0.13463	0.14086	0.00846	0.00228	0.00371	0.40986	0.00390	0.00394
35	0.54077	0.00900	0.00848	0.00699	0.01012	0.00970	0.00576	0.11402	0.01059	0.18149	0.00933	0.00955	0.00664	0.00459	0.00341	0.00135	0.00375	0.00310	0.00358	0.05778
36	0.01763	0.01230	0.01316	0.01015	0.01372	0.03806	0.00836	0.66984	0.01993	0.13304	0.01169	0.01140	0.00812	0.00544	0.00452	0.00136	0.00493	0.00411	0.00461	0.00763
37	0.00559	0.00397	0.00524	0.00623	0.00647	0.00372	0.00412	0.00633	0.00855	0.01140	0.02433	0.78918	0.02916	0.06392	0.00682	0.00199	0.00274	0.01250	0.00412	0.00362
38	0.01158	0.01006	0.01143	0.00989	0.01263	0.01144	0.05471	0.06862	0.71087	0.01925	0.01744	0.01627	0.01306	0.00597	0.00465	0.00153	0.00391	0.00508	0.00447	0.00714
39	0.01183	0.01001	0.01056	0.00934	0.01200	0.01153	0.00731	0.09709	0.73037	0.01986	0.01773	0.01634	0.01325	0.00608	0.00460	0.00152	0.00372	0.00502	0.00460	0.00722
40	0.00845	0.00422	0.00422	0.00422	0.00528	0.00422	0.00317	0.01056	0.00950	0.01689	0.01478	0.01689	0.01161	0.00528	0.00317	0.00106	0.00211	0.00422	0.86591	0.00422
41	0.01211	0.84348	0.02374	0.00775	0.01163	0.01793	0.00775	0.01357	0.00921	0.01066	0.00630	0.00727	0.00582	0.00388	0.00291	0.00097	0.00485	0.00242	0.00194	0.00582
42	0.06133	0.00810	0.00923	0.00667	0.01062	0.00629	0.00534	0.01152	0.00929	0.01510	0.00795	0.00927	0.00660	0.00341	0.00332	0.00072	0.00336	0.00267	0.00269	0.81650
43	0.58197	0.00893	0.00765	0.00681	0.00939	0.02635	0.00549	0.04573	0.13601	0.01975	0.07353	0.01200	0.02737	0.00520	0.00364	0.00143	0.01648	0.00359	0.00334	0.00531
44	0.06087	0.72291	0.06874	0.00807	0.01201	0.04193	0.00815	0.01374	0.00926	0.01144	0.00643	0.00744	0.00576	0.00394	0.00302	0.00103	0.00498	0.00249	0.00200	0.00580
45	0.00547	0.00460	0.00475	0.00471	0.00619	0.00388	0.00354	0.00673	0.01061	0.01290	0.13093	0.04252	0.72521	0.01123	0.00535	0.00152	0.00228	0.00941	0.00429	0.00388
46	0.04460	0.01628	0.06012	0.01061	0.01288	0.43641	0.00855	0.01704	0.11788	0.05044	0.01984	0.02407	0.00837	0.02714	0.00603	0.00145	0.11087	0.00378	0.01810	0.00554
47	0.00994	0.03670	0.18894	0.00911	0.02354	0.00838	0.03137	0.02555	0.19782	0.09195	0.10542	0.06954	0.09589	0.05411	0.00574	0.00162	0.00420	0.00584	0.00374	0.03060
48	0.01152	0.01036	0.01032	0.00932	0.01183	0.05996	0.00722	0.02344	0.74408	0.01837	0.01786	0.02939	0.01361	0.00619	0.00460	0.00152	0.00385	0.00511	0.00447	0.00700
49	0.00540	0.00456	0.00468	0.00476	0.00621	0.00384	0.00356	0.00654	0.01023	0.01222	0.04426	0.09152	0.74980	0.01166	0.00540	0.00156	0.00235	0.02343	0.00421	0.00382
50	0.01066	0.12510	0.19277	0.07793	0.06038	0.05541	0.36919	0.01418	0.01027	0.01364	0.02283	0.01111	0.00704	0.00414	0.00463	0.00140	0.00676	0.00429	0.00219	0.00609
51	0.06300	0.01296	0.04493	0.01123	0.06195	0.20920	0.05558	0.14855	0.11939	0.08777	0.02168	0.03024	0.03042	0.03165	0.00510	0.00150	0.00544	0.04974	0.00353	0.00614
52	0.00665	0.00436	0.00586	0.00669	0.00725	0.00409	0.00479	0.00767	0.00915	0.05740	0.02423	0.65783	0.02808	0.02826	0.00610	0.00190	0.00296	0.12851	0.00425	0.00397
53	0.01118	0.01039	0.01706	0.06171	0.67062	0.01057	0.01288	0.06079	0.02358	0.01574	0.05424	0.01261	0.00928	0.00447	0.00454	0.00136	0.00518	0.00429	0.00256	0.00695
54	0.01242	0.01198	0.10126	0.01190	0.06723	0.04711	0.09421	0.12260	0.32202	0.08451	0.03762	0.04303	0.01177	0.00572	0.00467	0.00147	0.00482	0.00496	0.00387	0.00683
55	0.01180	0.25614	0.32985	0.01042	0.01498	0.07747	0.02506	0.01579	0.08013	0.08385	0.00945	0.01022	0.00716	0.00457	0.00411	0.00129	0.02059	0.00338	0.02740	0.00634
56	0.49668	0.01187	0.00988	0.00839	0.01123	0.17617	0.05095	0.11549	0.01084	0.01904	0.02506	0.00909	0.00658	0.00458	0.00350	0.00135	0.00482	0.00310	0.02601	0.00538
57	0.00570	0.00457	0.00509	0.00504	0.00635	0.00396	0.00375	0.00714	0.01103	0.01408	0.28660	0.08554	0.52334	0.01093	0.00538	0.00151	0.00226	0.00932	0.00445	0.00396
58	0.00855	0.00784	0.01306	0.78306	0.02974	0.00974	0.01205	0.01152	0.00909	0.01188	0.00844	0.01235	0.00636	0.00457	0.00445	0.00148	0.00582	0.00404	0.05098	0.00499
59	0.00870	0.00457	0.00487	0.00468	0.00586	0.00453	0.00354	0.02880	0.01033	0.03947	0.12358	0.01903	0.01577	0.00584	0.00354	0.00112	0.00223	0.00477	0.70437	0.00441
60	0.01706	0.01267	0.01341	0.01033	0.01389	0.02609	0.00851	0.77106	0.02096	0.02808	0.01089	0.01095	0.00775	0.00542	0.00450	0.00135	0.00498	0.00406	0.02042	0.00760
61	0.00638	0.00466	0.00601	0.00576	0.00687	0.00429	0.00438	0.00843	0.01248	0.01740	0.70011	0.03567	0.10621	0.00964	0.00540	0.00147	0.00227	0.05346	0.00488	0.00423
62	0.00542	0.00458	0.00469	0.00469	0.00617	0.00385	0.00351	0.00662	0.01045	0.01258	0.09149	0.05906	0.74865	0.01140	0.00536	0.00153	0.00229	0.00955	0.00425	0.00385
63	0.55515	0.00967	0.00901	0.00752	0.01040	0.01102	0.00620	0.19738	0.01126	0.08423	0.00827	0.00897	0.00612	0.00482	0.00405	0.00143	0.05225	0.00309	0.00338	0.00579
64	0.00552	0.00396	0.00524	0.00626	0.00656	0.00369	0.00418	0.00632	0.00873	0.01159	0.02564	0.81273	0.05461	0.01411	0.00577	0.00183	0.00262	0.01278	0.00421	0.00369
65	0.04617	0.00927	0.01132	0.00872	0.01223	0.00906	0.00720	0.25501	0.02673	0.54231	0.01542	0.01382	0.01000	0.00552	0.00450	0.00139	0.00418	0.00436	0.00518	0.00761
66	0.03903	0.00773	0.01043	0.00802	0.01151	0.00674	0.00662	0.02189	0.01285	0.79818	0.01762	0.01525	0.01108	0.00558	0.00452	0.00140	0.00385	0.00451	0.00555	0.00765
67	0.00922	0.05908	0.78278	0.01269	0.01927	0.01085	0.01635	0.01432	0.00955	0.01419	0.00805	0.00947	0.00574	0.00429	0.00424	0.00141	0.00662	0.00331	0.00191	0.00666
68	0.00623	0.00469	0.00580	0.00579	0.00682	0.00436	0.00424	0.00834	0.04462	0.01570	0.46865	0.21364	0.17303	0.01062	0.00541	0.00154	0.00234	0.00935	0.00466	0.00419
69	0.00866	0.00789	0.01122	0.30788	0.01742	0.03827	0.00914	0.01060	0.00819	0.01146	0.00910	0.01355	0.00795	0.03489	0.19918	0.00302	0.22487	0.00425	0.06780	0.00467
70	0.00598	0.00461	0.00549	0.00544	0.00665	0.00411	0.00411	0.00764	0.01143	0.01510	0.40746	0.08647	0.35275	0.01064	0.00543	0.00153	0.00235	0.05418	0.00458	0.00405
71	0.00845	0.00462	0.00533	0.03104	0.00680	0.00473	0.00401	0.01027	0.00908	0.04738	0.01472	0.01969	0.01255	0.10492	0.09831	0.00221	0.00379	0.03715	0.57073	0.00420
72	0.01048	0.00959	0.01604	0.35428	0.44165	0.01048	0.01299	0.02732	0.01002	0.03672	0.00860	0.01166	0.00682	0.00438	0.00469	0.00143	0.02024	0.00405	0.00228	0.00629
73	0.00972	0.00872	0.03072	0.14430	0.17248	0.00946	0.06191	0.03387	0.04809	0.05063	0.01188	0.07402	0.02866	0.05609	0.10648	0.00243	0.13713	0.00518	0.00274	0.00548
74	0.00593	0.00426	0.00571	0.00673	0.00721	0.00404	0.00490	0.00703	0.00913	0.01205	0.02536	0.63142	0.05213	0.01373	0.00588	0.00189	0.00298	0.19161	0.00420	0.00380
75	0.01410	0.00692	0.00820	0.00692	0.00934	0.00681	0.00551	0.03036	0.17108	0.34981	0.01675	0.01619	0.01183	0.00559	0.00406	0.00130	0.00318	0.00454	0.32118	0.00632
76	0.01132	0.01226	0.03607	0.12703	0.08288	0.17081	0.18990	0.03911	0.13914	0.01460	0.05183	0.04097	0.03108	0.00557	0.00478	0.00145	0.00592	0.02646	0.00299	0.00583
77	0.01075	0.09320	0.26433	0.01119	0.01520	0.03855	0.13193	0.02469	0.03266	0.10267	0.07270	0.02909	0.05136	0.00609	0.00496	0.00147	0.02683	0.07327	0.00308	0.00598
78	0.01127	0.00973	0.01025	0.00922	0.01178	0.01127	0.00717	0.02408	0.80430	0.01896	0.01844	0.01691	0.01383	0.00615	0.00461	0.00154	0.00359	0.00512	0.00461	0.00717
79	0.55314	0.00986	0.00990	0.07040	0.09761	0.06547	0.03504	0.02430	0.00885	0.01786	0.01806	0.01001	0.00651	0.00466	0.00383	0.00143	0.03119	0.02393	0.00270	0.00524
80	0.87276	0.00876	0.00666	0.00596	0.00876	0.01017	0.00491	0.01332	0.00771	0.02033	0.00631	0.00736	0.00491	0.00421	0.00280	0.00140	0.00351	0.00245	0.00280	0.00491
81	0.01057	0.10543	0.21287	0.01154	0.10506	0.01070	0.00994	0.11533	0.17197	0.01671	0.05618	0.06975	0.05381	0.00607	0.00445	0.00141	0.00465	0.00502	0.02222	0.00634
82	0.00746	0.00621	0.00880	0.00824	0.00871	0.00779	0.00644	0.00867	0.00709	0.01038	0.01071	0.01729	0.01056	0.14260	0.48109	0.00538	0.24129	0.00485	0.00235	0.00411
83	0.41860	0.01219	0.00993	0.00838	0.01135	0.17231	0.00674	0.20812	0.01253	0.08894	0.00857	0.00908	0.00632	0.00472	0.00364	0.00135	0.00483	0.00313	0.00338	0.00591
84	0.00914	0.00525	0.00683	0.00608	0.00768	0.00472	0.00468	0.01111	0.01263	0.17906	0.58079	0.03100	0.10565	0.00872	0.00519	0.00143	0.00250	0.00758	0.00504	0.00493
85	0.00792	0.00504	0.00619	0.00572	0.00727	0.00447	0.00441	0.00967	0.01194	0.12070	0.42667	0.03523	0.29397	0.00962	0.00527	0.00148	0.00248	0.03259	0.00478	0.00457
86	0.00562	0.00402	0.00536	0.00633	0.00666	0.00376	0.00430	0.00653	0.00897	0.01201	0.07076	0.76823	0.03060	0.01386	0.00577	0.00182	0.00264	0.03475	0.00425	0.00373
87	0.01206	0.82832	0.03841	0.00785	0.01178	0.01779	0.00792	0.01358	0.00921	0.01073	0.00633	0.00731	0.00581	0.00388	0.00293	0.00098	0.00488	0.00244	0.00194	0.00583
88	0.03426	0.78753	0.05654	0.00792	0.01189	0.01742	0.00806	0.01359	0.00918	0.01107	0.00638	0.00737	0.00579	0.00390	0.00296	0.00100	0.00489	0.00246	0.00196	0.00583
89	0.01181	0.00832	0.01205	0.10133	0.24748	0.00848	0.00887	0.10476	0.03077	0.14667	0.19451	0.01766	0.01638	0.00584	0.00462	0.00138	0.00415	0.00512	0.06359	0.00623
90	0.00991	0.00991	0.01388	0.01190	0.01190	0.01388	0.00991	0.01091	0.00694	0.01091	0.00595	0.00991	0.00595	0.00793	0.01487	0.00198	0.83246	0.00397	0.00198	0.00496
91	0.00652	0.00455	0.00583	0.00586	0.00618	0.00485	0.00389	0.00715	0.00691	0.00952	0.01378	0.04846	0.01492	0.51307	0.32379	0.00541	0.00726	0.00612	0.00267	0.00326
92	0.00996	0.00950	0.01622	0.38140	0.44485	0.01037	0.02499	0.01279	0.00975	0.01333	0.00855	0.02279	0.00698	0.00439	0.00454	0.00143	0.00567	0.00417	0.00217	0.00617
93	0.01176	0.44111	0.21433	0.00987	0.01391	0.04016	0.01031	0.08851	0.01030	0.01331	0.00716	0.00851	0.00599	0.00463	0.00485	0.00125	0.10276	0.00300	0.00220	0.00609
94	0.00823	0.00830	0.01613	0.01312	0.04346	0.00775	0.39105	0.01061	0.00991	0.01320	0.01908	0.31405	0.10769	0.00846	0.00548	0.00163	0.00513	0.00851	0.00320	0.00501
95	0.00557	0.00398	0.00530	0.00627	0.00658	0.00371	0.00421	0.00644	0.00891	0.01194	0.06948	0.79222	0.03069	0.01392	0.00576	0.00182	0.00260	0.01262	0.00425	0.00371
96	0.00946	0.00827	0.00840	0.03197	0.03194	0.12635	0.00607	0.09970	0.03852	0.01319	0.01580	0.26594	0.01686	0.12897	0.08416	0.05308	0.00521	0.04829	0.00336	0.00446
97	0.06499	0.03504	0.08187	0.01297	0.01694	0.01049	0.31595	0.11905	0.05494	0.17176	0.01242	0.01459	0.01846	0.00509	0.00479	0.00148	0.00570	0.04348	0.00346	0.00653
98	0.00985	0.00987	0.01555	0.01260	0.01387	0.02678	0.19175	0.03444	0.00844	0.01217	0.00871	0.06021	0.00844	0.05554	0.04689	0.00220	0.47030	0.00498	0.00233	0.00507
99	0.00692	0.00519	0.00611	0.00574	0.00717	0.00486	0.00435	0.00975	0.08768	0.03843	0.46581	0.03487	0.28698	0.00958	0.00526	0.00147	0.00237	0.00824	0.00472	0.00450
100	0.01096	0.43229	0.27098	0.00966	0.01408	0.02579	0.02286	0.06423	0.01014	0.01313	0.00887	0.08146	0.00806	0.00503	0.00376	0.00123	0.00534	0.00380	0.00231	0.00602
101	0.00940	0.00805	0.00940	0.00671	0.01074	0.00604	0.00537	0.01141	0.00940	0.01477	0.00805	0.00940	0.00671	0.00336	0.00336	0.00067	0.00336	0.00268	0.00268	0.86845
102	0.00860	0.00724	0.00850	0.00649	0.00982	0.00557	0.00507	0.01045	0.00958	0.01450	0.05880	0.09453	0.05947	0.00526	0.00383	0.00088	0.00315	0.00443	0.00306	0.68078
103	0.01052	0.00854	0.01125	0.00836	0.01214	0.00718	0.08644	0.01390	0.10123	0.07893	0.01058	0.03246	0.00851	0.00418	0.00386	0.00095	0.00384	0.00365	0.00314	0.59032
104	0.01611	0.00738	0.01010	0.08653	0.01280	0.00695	0.00710	0.05461	0.02183	0.52730	0.06249	0.06719	0.01482	0.00684	0.00483	0.00150	0.00397	0.07598	0.00495	0.00670
105	0.04499	0.00863	0.01035	0.00818	0.01150	0.02880	0.00663	0.07449	0.10796	0.49996	0.01584	0.03780	0.01095	0.00557	0.00439	0.00134	0.00391	0.00450	0.00485	0.10938
106	0.01182	0.06092	0.01411	0.13550	0.07160	0.11808	0.10172	0.04052	0.18544	0.06920	0.04989	0.01621	0.01147	0.00560	0.00461	0.00143	0.00527	0.06003	0.00331	0.03327

[dist]
# distance from previous block
# <min> <max>
0	4

[block]
# block no. 4 follows, 57 sequences, length 16
# corresponding to MSA columns:
# 718-733
name=unknown_E
#
# <colnr> <probs for GDERKNQSTAVLIFYWHMCP>
#	G	D	E	R	K	N	Q	S	T	A	V	L	I	F	Y	W	H	M	C	P
0	0.01233	0.00989	0.03398	0.17514	0.04133	0.03004	0.07354	0.14083	0.18228	0.11206	0.02781	0.02891	0.01024	0.00549	0.00483	0.00145	0.02835	0.00465	0.07051	0.00634
1	0.00821	0.02955	0.01360	0.01119	0.03122	0.00736	0.26446	0.05053	0.01043	0.01409	0.09208	0.40761	0.02128	0.00937	0.00543	0.00164	0.00447	0.00903	0.00356	0.00488
2	0.01086	0.36886	0.38037	0.01053	0.01538	0.01409	0.01201	0.05524	0.00984	0.01329	0.00734	0.00869	0.00589	0.00445	0.00450	0.00127	0.06603	0.00304	0.00207	0.00625
3	0.01730	0.01072	0.01068	0.00865	0.01161	0.16176	0.00687	0.14212	0.01356	0.41613	0.01400	0.01408	0.00984	0.05492	0.00544	0.00148	0.00476	0.00421	0.05851	0.03335
