[name]
unknown

[dist]
# distance from previous block
# <min> <max>
0	7

[block]
# block no. 0 follows, 63 sequences, length 16
# corresponding to MSA columns:
# 57-71,76
name=unknown_A
#
# <colnr> <probs for GDERKNQSTAVLIFYWHMCP>
#	G	D	E	R	K	N	Q	S	T	A	V	L	I	F	Y	W	H	M	C	P
0	0.00665	0.00480	0.00660	0.00750	0.00850	0.00475	0.00653	0.00853	0.00967	0.01250	0.02365	0.04694	0.07915	0.01155	0.00575	0.00190	0.00375	0.74356	0.00387	0.00385
1	0.01581	0.00838	0.01006	0.00795	0.01083	0.00839	0.00642	0.25265	0.09299	0.42465	0.04597	0.01477	0.01116	0.06352	0.00543	0.00149	0.00383	0.00441	0.00461	0.00666
2	0.00567	0.00417	0.00530	0.00526	0.00617	0.00381	0.00385	0.00729	0.01087	0.01499	0.57125	0.18626	0.14007	0.00972	0.00504	0.00141	0.00209	0.00859	0.00440	0.00381
3	0.00584	0.00403	0.00460	0.00474	0.00493	0.00392	0.00282	0.00607	0.00676	0.00887	0.01778	0.15316	0.10086	0.63832	0.01727	0.00344	0.00363	0.00728	0.00289	0.00278
4	0.60869	0.00805	0.00707	0.00616	0.00874	0.02676	0.00498	0.03863	0.02239	0.13779	0.00901	0.06614	0.00730	0.00479	0.00315	0.00131	0.00338	0.00333	0.00314	0.02919
5	0.00569	0.00412	0.00549	0.00638	0.00697	0.00392	0.00485	0.00686	0.00874	0.01143	0.02446	0.50268	0.09248	0.01242	0.00549	0.00176	0.00291	0.28587	0.00389	0.00358
6	0.00849	0.00483	0.00640	0.00577	0.00716	0.00437	0.00441	0.01032	0.01166	0.17993	0.60671	0.08374	0.03297	0.00822	0.00484	0.00134	0.00234	0.00722	0.00469	0.00457
7	0.01598	0.01177	0.01262	0.00967	0.01304	0.01304	0.00799	0.81202	0.01976	0.02649	0.01009	0.01009	0.00715	0.00505	0.00421	0.00126	0.00463	0.00378	0.00421	0.00715
8	0.06843	0.00814	0.01012	0.00781	0.01104	0.00775	0.00645	0.17964	0.01331	0.62004	0.01465	0.01302	0.00941	0.00510	0.00413	0.00129	0.00377	0.00402	0.00485	0.00700
9	0.00593	0.00428	0.00561	0.00540	0.00634	0.00396	0.00405	0.00784	0.01161	0.01637	0.75310	0.07943	0.03851	0.00895	0.00501	0.00136	0.00207	0.03171	0.00456	0.00393
10	0.01817	0.00789	0.01016	0.00783	0.01107	0.00731	0.00646	0.13568	0.03878	0.68644	0.01566	0.01374	0.01001	0.00520	0.00423	0.00130	0.00372	0.00418	0.00503	0.00714
11	0.79153	0.00833	0.00685	0.04107	0.00931	0.00965	0.00507	0.06175	0.00799	0.01899	0.00618	0.00722	0.00476	0.00399	0.00277	0.00130	0.00344	0.00243	0.00267	0.00472
12	0.00606	0.00405	0.00460	0.00466	0.00467	0.00404	0.00262	0.00610	0.00622	0.00830	0.01380	0.07345	0.01598	0.80537	0.02050	0.00394	0.00398	0.00644	0.00262	0.00260
13	0.00569	0.00428	0.00521	0.00498	0.00605	0.00386	0.00370	0.00735	0.01105	0.01503	0.58086	0.03371	0.25189	0.04115	0.00558	0.00145	0.00210	0.00789	0.00435	0.00380
14	0.01040	0.00999	0.01706	0.02580	0.82604	0.00999	0.01290	0.01290	0.00957	0.01373	0.00791	0.01040	0.00666	0.00375	0.00416	0.00125	0.00499	0.00375	0.00208	0.00666
15	0.02564	0.00432	0.00524	0.00509	0.00616	0.00394	0.00379	0.00740	0.01090	0.01505	0.54748	0.10280	0.22808	0.00937	0.00494	0.00138	0.00209	0.00816	0.00434	0.00383

[dist]
# distance from previous block
# <min> <max>
0	1

[block]
# block no. 1 follows, 63 sequences, length 47
# corresponding to MSA columns:
# 78-97,111-120,123-139
name=unknown_B
#
# <colnr> <probs for GDERKNQSTAVLIFYWHMCP>
#	G	D	E	R	K	N	Q	S	T	A	V	L	I	F	Y	W	H	M	C	P
0	0.00790	0.00741	0.01247	0.82523	0.02849	0.00923	0.01152	0.01068	0.00848	0.01086	0.02398	0.01162	0.00629	0.00429	0.00422	0.00140	0.00553	0.00381	0.00192	0.00466
1	0.00637	0.00490	0.00674	0.00673	0.00749	0.02202	0.00514	0.02607	0.00724	0.01016	0.01220	0.08453	0.01196	0.06808	0.69310	0.00598	0.00997	0.00513	0.00244	0.00377
2	0.00518	0.00371	0.00493	0.00581	0.00611	0.00346	0.00391	0.00601	0.00834	0.01120	0.08426	0.78710	0.02871	0.01282	0.00533	0.00168	0.00240	0.01162	0.00396	0.00346
3	0.07729	0.00473	0.00541	0.00531	0.00664	0.00436	0.01378	0.00774	0.00979	0.04368	0.20992	0.14835	0.38129	0.00976	0.00485	0.00145	0.00245	0.05530	0.00398	0.00389
4	0.01105	0.79819	0.07696	0.00752	0.01129	0.01617	0.00776	0.01264	0.00856	0.01012	0.00596	0.00689	0.00539	0.00362	0.00279	0.00093	0.00461	0.00231	0.00180	0.00545
5	0.01030	0.00988	0.01687	0.06116	0.79151	0.00996	0.01285	0.01281	0.00952	0.01360	0.00789	0.01044	0.00661	0.00377	0.00416	0.00126	0.00502	0.00375	0.00207	0.00657
6	0.01801	0.00834	0.07657	0.00785	0.01134	0.00647	0.00694	0.01990	0.01177	0.76255	0.01585	0.01387	0.00999	0.00510	0.00421	0.00130	0.00379	0.00414	0.00492	0.00708
7	0.00630	0.00532	0.00564	0.00541	0.00666	0.04957	0.00409	0.00824	0.03894	0.01437	0.44148	0.04383	0.31469	0.00913	0.00490	0.00137	0.00245	0.02945	0.00419	0.00395
8	0.00497	0.00426	0.00426	0.00426	0.00568	0.00355	0.00319	0.00603	0.00958	0.01136	0.04259	0.04046	0.82433	0.01065	0.00497	0.00142	0.00213	0.00887	0.00390	0.00355
9	0.01124	0.85479	0.02203	0.00719	0.01079	0.01663	0.00719	0.01259	0.00854	0.00989	0.00584	0.00674	0.00539	0.00360	0.00270	0.00090	0.00450	0.00225	0.00180	0.00539
10	0.01528	0.01914	0.01172	0.01064	0.01283	0.76823	0.00800	0.01724	0.07757	0.01088	0.00736	0.00824	0.00602	0.00444	0.00383	0.00111	0.00723	0.00287	0.00234	0.00502
11	0.00720	0.00511	0.00684	0.00718	0.00825	0.00506	0.01926	0.04785	0.00983	0.03018	0.06141	0.09578	0.07424	0.10203	0.00724	0.00203	0.00367	0.49910	0.00378	0.00394
12	0.00635	0.07357	0.00671	0.00525	0.00658	0.00494	0.00409	0.00807	0.01111	0.02722	0.56984	0.03117	0.21250	0.00860	0.00477	0.00131	0.00224	0.00740	0.00424	0.00404
13	0.00611	0.00408	0.00458	0.00458	0.00458	0.00408	0.00255	0.00611	0.00611	0.00815	0.01325	0.02751	0.01528	0.85226	0.02140	0.00408	0.00408	0.00611	0.00255	0.00255
14	0.00794	0.00747	0.01261	0.84216	0.02895	0.00934	0.01167	0.01074	0.00841	0.01074	0.00747	0.01121	0.00560	0.00420	0.00420	0.00140	0.00560	0.00374	0.00187	0.00467
15	0.01111	0.00527	0.00668	0.00612	0.00778	0.00491	0.00484	0.02293	0.00996	0.29686	0.01752	0.12968	0.02707	0.04594	0.01736	0.00156	0.00313	0.12140	0.25494	0.00494
16	0.00920	0.00920	0.01288	0.01104	0.01104	0.01288	0.00920	0.01012	0.00644	0.01012	0.00552	0.00920	0.00552	0.00736	0.01380	0.00184	0.84457	0.00368	0.00184	0.00460
17	0.00601	0.00450	0.00676	0.00676	0.00751	0.00525	0.00525	0.00751	0.00676	0.00976	0.01126	0.01651	0.01051	0.03153	0.83560	0.00676	0.01126	0.00450	0.00225	0.00375
18	0.00794	0.00747	0.01261	0.84216	0.02895	0.00934	0.01167	0.01074	0.00841	0.01074	0.00747	0.01121	0.00560	0.00420	0.00420	0.00140	0.00560	0.00374	0.00187	0.00467
19	0.00536	0.00434	0.00467	0.00473	0.00588	0.00385	0.00342	0.00676	0.03724	0.01176	0.11166	0.13754	0.55710	0.07911	0.00633	0.00166	0.00235	0.00876	0.00388	0.00360
20	0.01046	0.00903	0.00951	0.00855	0.01093	0.01046	0.00665	0.02234	0.81845	0.01759	0.01711	0.01568	0.01283	0.00570	0.00428	0.00143	0.00333	0.00475	0.00428	0.00665
21	0.01381	0.00998	0.01070	0.00861	0.01144	0.01103	0.00698	0.49722	0.20320	0.05577	0.01243	0.01225	0.00905	0.00519	0.00407	0.00127	0.00395	0.00404	0.11239	0.00663
22	0.01886	0.00715	0.00976	0.00748	0.01073	0.00618	0.00618	0.02049	0.01203	0.82895	0.01658	0.01431	0.01041	0.00520	0.00423	0.00130	0.00358	0.00423	0.00520	0.00715
23	0.00540	0.00424	0.00455	0.00460	0.00575	0.00368	0.00333	0.00638	0.00920	0.02384	0.07530	0.11506	0.59337	0.10581	0.00686	0.00175	0.00242	0.02114	0.00381	0.00350
24	0.00520	0.00372	0.00497	0.00594	0.00622	0.00348	0.00404	0.00599	0.00813	0.01082	0.02313	0.81070	0.02763	0.01309	0.00539	0.00172	0.00251	0.04998	0.00390	0.00344
25	0.00608	0.00406	0.00460	0.00463	0.00464	0.00405	0.00260	0.00610	0.00619	0.00825	0.01362	0.05814	0.01575	0.82099	0.02080	0.00399	0.00401	0.00633	0.00260	0.00258
26	0.02700	0.00487	0.00624	0.00607	0.00726	0.00457	0.00446	0.01023	0.04670	0.17263	0.23590	0.37770	0.02584	0.02908	0.00525	0.00155	0.00263	0.00847	0.01910	0.00445
27	0.01051	0.00601	0.00639	0.00553	0.00723	0.00625	0.00436	0.20257	0.01165	0.07201	0.01304	0.01425	0.00988	0.00495	0.00333	0.00107	0.00270	0.00391	0.60945	0.00491
28	0.00806	0.00414	0.00416	0.00408	0.00513	0.00417	0.00308	0.03227	0.00912	0.01598	0.01361	0.01552	0.01067	0.00490	0.00297	0.00099	0.00203	0.00391	0.85118	0.00401
29	0.00630	0.00451	0.00499	0.00481	0.00628	0.00386	0.00368	0.00757	0.01009	0.07872	0.14888	0.04831	0.60962	0.00998	0.00494	0.00142	0.00229	0.03572	0.00411	0.00391
30	0.00508	0.00402	0.00458	0.00495	0.00588	0.00352	0.00352	0.00607	0.00910	0.01141	0.07742	0.36038	0.46617	0.01153	0.00513	0.00153	0.00224	0.01002	0.00394	0.00352
31	0.00610	0.00424	0.00536	0.00510	0.00610	0.00393	0.00382	0.00801	0.01139	0.01636	0.68483	0.04424	0.07297	0.00836	0.00474	0.00130	0.00200	0.00733	0.09989	0.00393
32	0.01085	0.00923	0.00973	0.00864	0.01108	0.01064	0.00675	0.07924	0.76089	0.01823	0.01660	0.01528	0.01242	0.00566	0.00427	0.00141	0.00342	0.00468	0.00427	0.00669
33	0.01886	0.00715	0.00976	0.00748	0.01073	0.00618	0.00618	0.02049	0.01203	0.82895	0.01658	0.01431	0.01041	0.00520	0.00423	0.00130	0.00358	0.00423	0.00520	0.00715
34	0.01528	0.01914	0.01172	0.01064	0.01283	0.76823	0.00800	0.01724	0.07757	0.01088	0.00736	0.00824	0.00602	0.00444	0.00383	0.00111	0.00723	0.00287	0.00234	0.00502
35	0.08602	0.01824	0.01152	0.01034	0.01253	0.69515	0.00786	0.05919	0.01176	0.01186	0.00661	0.00771	0.00544	0.00444	0.00406	0.00114	0.03610	0.00276	0.00230	0.00496
36	0.00512	0.00366	0.00488	0.00585	0.00610	0.00341	0.00390	0.00585	0.00805	0.01073	0.02317	0.84952	0.02780	0.01317	0.00537	0.00171	0.00244	0.01195	0.00390	0.00341
37	0.00497	0.00424	0.00428	0.00430	0.00569	0.00355	0.00321	0.00603	0.00954	0.01134	0.04206	0.06228	0.80284	0.01071	0.00498	0.00143	0.00214	0.00896	0.00390	0.00355
38	0.88196	0.00813	0.00618	0.00553	0.00813	0.00943	0.00455	0.01236	0.00715	0.01886	0.00585	0.00683	0.00455	0.00390	0.00260	0.00130	0.00325	0.00228	0.00260	0.00455
39	0.01120	0.60043	0.16008	0.00839	0.01227	0.08180	0.00870	0.04070	0.00923	0.01109	0.00642	0.00745	0.00553	0.00422	0.01627	0.00109	0.00515	0.00252	0.00191	0.00553
40	0.00895	0.00746	0.00874	0.00626	0.00998	0.00562	0.00501	0.01081	0.00879	0.03243	0.00768	0.00885	0.00632	0.00316	0.00314	0.00064	0.00312	0.00253	0.00255	0.85795
41	0.00497	0.00426	0.00426	0.00426	0.00568	0.00355	0.00319	0.00603	0.00958	0.01136	0.04259	0.04046	0.82433	0.01065	0.00497	0.00142	0.00213	0.00887	0.00390	0.00355
42	0.01520	0.04285	0.01372	0.01059	0.01365	0.26285	0.10076	0.34667	0.01480	0.10935	0.00960	0.01046	0.00712	0.00473	0.00414	0.00123	0.00568	0.01706	0.00337	0.00617
43	0.00784	0.00392	0.00392	0.00392	0.00490	0.00392	0.00294	0.00980	0.00882	0.01567	0.01371	0.01567	0.01077	0.00490	0.00294	0.00098	0.00196	0.00392	0.87560	0.00392
44	0.00501	0.00420	0.00436	0.00445	0.00574	0.00355	0.00329	0.00608	0.00951	0.01147	0.06600	0.11798	0.72233	0.01082	0.00501	0.00144	0.00215	0.00913	0.00393	0.00355
45	0.02603	0.01377	0.01094	0.00936	0.01187	0.36425	0.00729	0.20442	0.10809	0.11678	0.07636	0.01188	0.01009	0.00511	0.00408	0.00121	0.00538	0.00378	0.00347	0.00582
46	0.03625	0.75666	0.09297	0.00757	0.01137	0.01582	0.00785	0.01265	0.00853	0.01045	0.00599	0.00693	0.00536	0.00364	0.00281	0.00095	0.00461	0.00232	0.00182	0.00544

[dist]
# distance from previous block
# <min> <max>
1	2

[block]
# block no. 2 follows, 63 sequences, length 22
# corresponding to MSA columns:
# 142,144-164
name=unknown_C
#
# <colnr> <probs for GDERKNQSTAVLIFYWHMCP>
#	G	D	E	R	K	N	Q	S	T	A	V	L	I	F	Y	W	H	M	C	P
0	0.02616	0.00604	0.00692	0.00748	0.08425	0.05960	0.00500	0.02180	0.01104	0.01489	0.45975	0.06546	0.19899	0.00833	0.00476	0.00134	0.00276	0.00720	0.00399	0.00423
1	0.03030	0.02751	0.03626	0.00657	0.01008	0.00657	0.00549	0.07168	0.02614	0.03245	0.01131	0.01200	0.08379	0.00413	0.00343	0.00082	0.00329	0.00329	0.00281	0.62208
2	0.34703	0.03136	0.06992	0.01985	0.08724	0.02764	0.00695	0.01376	0.09133	0.10321	0.01143	0.01392	0.04024	0.00562	0.02010	0.00144	0.00400	0.06687	0.00304	0.03504
3	0.09206	0.00967	0.01200	0.01038	0.01079	0.06647	0.00857	0.01069	0.00688	0.01094	0.00578	0.00908	0.00556	0.00753	0.03579	0.00188	0.68588	0.00351	0.00194	0.00459
4	0.00617	0.00460	0.00586	0.00534	0.00660	0.00410	0.00403	0.00811	0.01151	0.01634	0.71554	0.02962	0.06773	0.00816	0.00478	0.00126	0.00210	0.00717	0.00440	0.08659
5	0.00521	0.00419	0.00464	0.00469	0.00587	0.00363	0.00346	0.00644	0.00991	0.01251	0.21542	0.13905	0.54925	0.01050	0.00502	0.00143	0.00214	0.00897	0.00407	0.00363
6	0.01521	0.01899	0.01169	0.01061	0.01280	0.75738	0.00798	0.01731	0.08818	0.01098	0.00750	0.00835	0.00612	0.00446	0.00384	0.00112	0.00718	0.00290	0.00237	0.00504
7	0.01101	0.01019	0.00976	0.00880	0.01115	0.09759	0.00681	0.02175	0.73326	0.01681	0.01599	0.01483	0.01205	0.00556	0.00423	0.00139	0.00378	0.00454	0.00405	0.00647
8	0.00604	0.00437	0.00606	0.00606	0.00657	0.00488	0.00439	0.00706	0.00655	0.00924	0.01190	0.02003	0.01204	0.29428	0.57494	0.00590	0.00896	0.00502	0.00235	0.00337
9	0.00784	0.00392	0.00392	0.00392	0.00490	0.00392	0.00294	0.00980	0.00882	0.01567	0.01371	0.01567	0.01077	0.00490	0.00294	0.00098	0.00196	0.00392	0.87560	0.00392
10	0.00730	0.00365	0.00548	0.00548	0.00548	0.00365	0.00365	0.00548	0.00548	0.00730	0.00730	0.01278	0.00730	0.01460	0.01643	0.87769	0.00365	0.00365	0.00183	0.00183
11	0.00510	0.00426	0.00445	0.00440	0.00576	0.00361	0.00330	0.00630	0.00990	0.01212	0.15114	0.03920	0.71531	0.01036	0.00497	0.00141	0.00211	0.00870	0.00400	0.00361
12	0.01007	0.00859	0.00922	0.00847	0.01070	0.00986	0.00667	0.02090	0.73302	0.01706	0.01765	0.01904	0.01403	0.00633	0.00444	0.00148	0.00338	0.08851	0.00423	0.00636
13	0.00803	0.00609	0.00802	0.00735	0.00860	0.00696	0.00582	0.15357	0.02417	0.01369	0.09672	0.01658	0.01280	0.02277	0.54570	0.00487	0.04623	0.00467	0.00287	0.00448
14	0.01104	0.00932	0.00983	0.00867	0.01115	0.01073	0.00679	0.10575	0.73409	0.01853	0.01637	0.01509	0.01223	0.00563	0.00427	0.00141	0.00346	0.00465	0.00427	0.00671
15	0.00609	0.00416	0.00501	0.00501	0.00515	0.00430	0.00307	0.00638	0.00624	0.00846	0.01286	0.02537	0.01436	0.69271	0.17968	0.00460	0.00547	0.00580	0.00249	0.00278
16	0.01083	0.00922	0.00972	0.00863	0.01107	0.01063	0.00674	0.07554	0.76464	0.01819	0.01664	0.01531	0.01245	0.00566	0.00427	0.00141	0.00341	0.00469	0.00427	0.00669
17	0.00526	0.00392	0.00492	0.00555	0.00617	0.00358	0.00392	0.00626	0.00885	0.01156	0.10320	0.54224	0.20840	0.01208	0.00526	0.00162	0.00241	0.05728	0.00397	0.00352
18	0.00857	0.00731	0.00856	0.00621	0.00980	0.00551	0.00494	0.01039	0.00869	0.01357	0.00813	0.04394	0.00713	0.00353	0.00321	0.00067	0.00308	0.00289	0.00255	0.84132
19	0.31215	0.04942	0.02793	0.09813	0.01232	0.07644	0.03984	0.01266	0.04391	0.05897	0.00783	0.00976	0.00632	0.00749	0.09137	0.00193	0.13292	0.00326	0.00248	0.00487
20	0.01104	0.02725	0.10119	0.02554	0.11330	0.17979	0.17584	0.05618	0.09043	0.03507	0.02067	0.09006	0.00933	0.00554	0.01455	0.00140	0.02989	0.00464	0.00268	0.00559
21	0.04669	0.01068	0.01462	0.01315	0.11813	0.10599	0.20339	0.11543	0.05531	0.03936	0.01101	0.06038	0.04096	0.00543	0.00551	0.00138	0.10598	0.01491	0.00279	0.02889

[dist]
# distance from previous block
# <min> <max>
2	6

[block]
# block no. 3 follows, 63 sequences, length 11
# corresponding to MSA columns:
# 173-183
name=unknown_D
#
# <colnr> <probs for GDERKNQSTAVLIFYWHMCP>
#	G	D	E	R	K	N	Q	S	T	A	V	L	I	F	Y	W	H	M	C	P
0	0.08550	0.18263	0.16954	0.01030	0.01332	0.01176	0.10285	0.02776	0.02877	0.08007	0.00773	0.00940	0.00617	0.00534	0.01948	0.00147	0.22672	0.00340	0.00231	0.00548
1	0.00648	0.00449	0.00580	0.00549	0.00656	0.00419	0.00414	0.00856	0.03027	0.04560	0.67587	0.06622	0.06379	0.02435	0.00526	0.00141	0.00219	0.03072	0.00452	0.00408
2	0.01672	0.00687	0.00918	0.00711	0.01018	0.00588	0.00582	0.01836	0.01168	0.68437	0.06710	0.01612	0.04781	0.00550	0.00423	0.00126	0.00338	0.00452	0.00492	0.06898
3	0.03565	0.00908	0.01269	0.01056	0.01145	0.01172	0.04052	0.05222	0.00809	0.13129	0.00750	0.01001	0.00632	0.00668	0.01124	0.00170	0.62188	0.00378	0.00248	0.00514
4	0.00936	0.00799	0.00949	0.00713	0.01028	0.00714	0.00575	0.08619	0.00946	0.01439	0.00791	0.03191	0.00682	0.00409	0.00459	0.00086	0.10655	0.00302	0.00261	0.66445
5	0.72353	0.00879	0.00698	0.00611	0.00875	0.06311	0.00498	0.01361	0.00804	0.11378	0.00716	0.00776	0.00530	0.00408	0.00287	0.00129	0.00357	0.00253	0.00288	0.00488
6	0.00542	0.00395	0.00511	0.00552	0.00613	0.00363	0.00387	0.00665	0.00962	0.01309	0.32723	0.47922	0.09244	0.01125	0.00518	0.00154	0.00224	0.01007	0.00418	0.00363
7	0.71089	0.00801	0.00676	0.00589	0.00847	0.00903	0.00480	0.03798	0.02847	0.10058	0.00765	0.00873	0.00586	0.03794	0.00361	0.00141	0.00336	0.00274	0.00295	0.00487
8	0.06690	0.06305	0.01251	0.01012	0.01267	0.50842	0.05999	0.07682	0.04467	0.02795	0.00834	0.02238	0.01941	0.00453	0.00381	0.00113	0.00626	0.00323	0.00254	0.04528
9	0.00916	0.29362	0.24125	0.00919	0.01264	0.01145	0.03695	0.01202	0.04292	0.01144	0.00788	0.00992	0.00668	0.00908	0.15162	0.00217	0.08665	0.00323	0.00202	0.04010
10	0.00797	0.00847	0.06636	0.00743	0.00882	0.13864	0.00607	0.00996	0.04325	0.01202	0.16923	0.09312	0.06019	0.08315	0.17861	0.00274	0.03910	0.05761	0.00309	0.00417

[dist]
# distance from previous block
# <min> <max>
2	6

[block]
# block no. 4 follows, 63 sequences, length 49
# corresponding to MSA columns:
# 190-238
name=unknown_E
#
# <colnr> <probs for GDERKNQSTAVLIFYWHMCP>
#	G	D	E	R	K	N	Q	S	T	A	V	L	I	F	Y	W	H	M	C	P
0	0.00967	0.00934	0.03049	0.16040	0.54660	0.00950	0.01157	0.01303	0.07891	0.01373	0.05670	0.01218	0.00892	0.00427	0.00421	0.00129	0.00477	0.00403	0.00238	0.01800
1	0.00810	0.00727	0.01121	0.48170	0.09907	0.00846	0.00962	0.02667	0.07457	0.01249	0.08765	0.02718	0.05311	0.02490	0.00496	0.00147	0.02032	0.03380	0.00261	0.00485
2	0.00610	0.00470	0.00660	0.00650	0.00719	0.00539	0.00496	0.00735	0.00695	0.00976	0.01435	0.01981	0.09377	0.12348	0.60838	0.00561	0.05794	0.00509	0.00243	0.00364
3	0.00920	0.00920	0.01288	0.01104	0.01104	0.01288	0.00920	0.01012	0.00644	0.01012	0.00552	0.00920	0.00552	0.00736	0.01380	0.00184	0.84457	0.00368	0.00184	0.00460
4	0.01615	0.01128	0.01224	0.00947	0.01275	0.04582	0.02138	0.61441	0.04282	0.15366	0.01117	0.01086	0.00776	0.00504	0.00421	0.00127	0.00458	0.00386	0.00425	0.00702
5	0.00601	0.00450	0.00676	0.00676	0.00751	0.00525	0.00525	0.00751	0.00676	0.00976	0.01126	0.01651	0.01051	0.03153	0.83560	0.00676	0.01126	0.00450	0.00225	0.00375
6	0.00601	0.00450	0.00676	0.00676	0.00751	0.00525	0.00525	0.00751	0.00676	0.00976	0.01126	0.01651	0.01051	0.03153	0.83560	0.00676	0.01126	0.00450	0.00225	0.00375
7	0.00992	0.01134	0.02481	0.01772	0.02197	0.01063	0.81077	0.01347	0.00992	0.01347	0.00850	0.01134	0.00638	0.00354	0.00496	0.00142	0.00709	0.00496	0.00213	0.00567
8	0.00730	0.00365	0.00548	0.00548	0.00548	0.00365	0.00365	0.00548	0.00548	0.00730	0.00730	0.01278	0.00730	0.01460	0.01643	0.87769	0.00365	0.00365	0.00183	0.00183
9	0.00593	0.00430	0.00559	0.00527	0.00627	0.00396	0.00395	0.00789	0.01185	0.01674	0.80731	0.03159	0.05625	0.00864	0.00496	0.00132	0.00199	0.00763	0.00461	0.00396
10	0.00872	0.00747	0.00872	0.00623	0.00996	0.00560	0.00498	0.01058	0.00872	0.01370	0.00747	0.00872	0.00623	0.00311	0.00311	0.00062	0.00311	0.00249	0.00249	0.87796
11	0.00608	0.00408	0.00458	0.00458	0.00461	0.00406	0.00256	0.00611	0.00620	0.00823	0.01401	0.02785	0.03639	0.83031	0.02097	0.00401	0.00402	0.00619	0.00258	0.00257
12	0.00660	0.00478	0.00642	0.00685	0.00785	0.00471	0.00570	0.00885	0.03800	0.01417	0.30362	0.04033	0.02907	0.02619	0.00575	0.00174	0.00319	0.47807	0.00413	0.00397
13	0.00512	0.00366	0.00488	0.00585	0.00610	0.00341	0.00390	0.00585	0.00805	0.01073	0.02317	0.84952	0.02780	0.01317	0.00537	0.00171	0.00244	0.01195	0.00390	0.00341
14	0.00611	0.00408	0.00458	0.00458	0.00458	0.00408	0.00255	0.00611	0.00611	0.00815	0.01325	0.02751	0.01528	0.85226	0.02140	0.00408	0.00408	0.00611	0.00255	0.00255
15	0.00632	0.00412	0.00479	0.00486	0.00498	0.00407	0.00287	0.00647	0.00653	0.02695	0.01455	0.11082	0.01666	0.72752	0.01900	0.00372	0.00389	0.02633	0.00278	0.00277
16	0.00992	0.01134	0.02481	0.01772	0.02197	0.01063	0.81077	0.01347	0.00992	0.01347	0.00850	0.01134	0.00638	0.00354	0.00496	0.00142	0.00709	0.00496	0.00213	0.00567
17	0.88196	0.00813	0.00618	0.00553	0.00813	0.00943	0.00455	0.01236	0.00715	0.01886	0.00585	0.00683	0.00455	0.00390	0.00260	0.00130	0.00325	0.00228	0.00260	0.00455
18	0.00540	0.00406	0.00489	0.00511	0.00598	0.00365	0.00366	0.00664	0.00974	0.01292	0.28170	0.30710	0.28391	0.02287	0.00530	0.00151	0.00221	0.00937	0.02036	0.00363
19	0.00570	0.00393	0.00527	0.00617	0.00660	0.00371	0.00441	0.00667	0.00841	0.02580	0.02273	0.68330	0.02657	0.01261	0.00538	0.00173	0.00269	0.14507	0.01969	0.00357
20	0.00611	0.00408	0.00458	0.00458	0.00458	0.00408	0.00255	0.00611	0.00611	0.00815	0.01325	0.02751	0.01528	0.85226	0.02140	0.00408	0.00408	0.00611	0.00255	0.00255
21	0.00601	0.00450	0.00676	0.00676	0.00751	0.00525	0.00525	0.00751	0.00676	0.00976	0.01126	0.01651	0.01051	0.03153	0.83560	0.00676	0.01126	0.00450	0.00225	0.00375
22	0.00629	0.00479	0.00560	0.00549	0.00678	0.00449	0.00422	0.00873	0.08342	0.03227	0.30736	0.07900	0.34267	0.00959	0.00499	0.00145	0.00240	0.08218	0.00421	0.00408
23	0.00872	0.00747	0.00872	0.00623	0.00996	0.00560	0.00498	0.01058	0.00872	0.01370	0.00747	0.00872	0.00623	0.00311	0.00311	0.00062	0.00311	0.00249	0.00249	0.87796
24	0.00920	0.00920	0.01288	0.01104	0.01104	0.01288	0.00920	0.01012	0.00644	0.01012	0.00552	0.00920	0.00552	0.00736	0.01380	0.00184	0.84457	0.00368	0.00184	0.00460
25	0.00724	0.00367	0.00549	0.00553	0.00555	0.00367	0.00372	0.00555	0.00562	0.00749	0.00798	0.03423	0.00813	0.01451	0.01595	0.83937	0.00363	0.01887	0.00192	0.00190
26	0.00544	0.00433	0.00492	0.00515	0.00633	0.00384	0.00400	0.00671	0.00962	0.01195	0.10191	0.09278	0.53156	0.02884	0.00551	0.00159	0.00252	0.16545	0.00393	0.00362
27	0.00730	0.00365	0.00548	0.00548	0.00548	0.00365	0.00365	0.00548	0.00548	0.00730	0.00730	0.01278	0.00730	0.01460	0.01643	0.87769	0.00365	0.00365	0.00183	0.00183
28	0.01040	0.00999	0.01706	0.02580	0.82604	0.00999	0.01290	0.01290	0.00957	0.01373	0.00791	0.01040	0.00666	0.00375	0.00416	0.00125	0.00499	0.00375	0.00208	0.00666
29	0.01364	0.01646	0.01520	0.01297	0.04868	0.52478	0.21321	0.04800	0.01154	0.01197	0.00823	0.01016	0.02234	0.00440	0.00418	0.00121	0.00705	0.01848	0.00230	0.00520
30	0.00702	0.00374	0.00548	0.00563	0.00575	0.00371	0.00387	0.00573	0.00607	0.00804	0.01044	0.09000	0.02770	0.01420	0.01451	0.72404	0.00353	0.05623	0.00219	0.00214
31	0.00843	0.02174	0.83048	0.01198	0.01819	0.00976	0.01553	0.01331	0.00888	0.01331	0.00754	0.00888	0.00533	0.00399	0.00399	0.00133	0.00621	0.00311	0.00178	0.00621
32	0.04559	0.16255	0.56675	0.01108	0.01634	0.06660	0.04940	0.01339	0.00900	0.01276	0.00716	0.00845	0.00536	0.00392	0.00375	0.00124	0.00593	0.00298	0.00186	0.00589
33	0.81398	0.04132	0.00702	0.00580	0.00843	0.04245	0.00480	0.01254	0.00740	0.01817	0.00588	0.00686	0.00462	0.00391	0.00265	0.00128	0.00347	0.00229	0.00255	0.00460
34	0.01011	0.00963	0.01625	0.04964	0.74937	0.00971	0.01235	0.01276	0.02764	0.01360	0.00873	0.04524	0.00764	0.00419	0.00422	0.00128	0.00487	0.00411	0.00220	0.00646
35	0.00579	0.00439	0.00540	0.00544	0.00657	0.00400	0.00428	0.00745	0.01067	0.01414	0.39900	0.03769	0.29986	0.00990	0.00513	0.00148	0.00242	0.16835	0.00423	0.00381
36	0.00799	0.00753	0.01271	0.82372	0.04695	0.00935	0.01170	0.01079	0.00843	0.01081	0.00748	0.01119	0.00563	0.00419	0.00420	0.00140	0.00559	0.00374	0.00187	0.00471
37	0.00822	0.00667	0.00836	0.00913	0.05920	0.05974	0.02083	0.04079	0.02101	0.03169	0.04038	0.08812	0.04015	0.00990	0.00563	0.00174	0.03079	0.50966	0.00363	0.00437
38	0.00502	0.00420	0.00437	0.00446	0.00574	0.00355	0.00329	0.00609	0.00952	0.01151	0.07080	0.12089	0.71452	0.01082	0.00501	0.00144	0.00215	0.00913	0.00393	0.00355
39	0.01364	0.01061	0.01130	0.00920	0.01214	0.01194	0.00742	0.47736	0.35824	0.02272	0.01307	0.01246	0.00956	0.00532	0.00424	0.00133	0.00408	0.00419	0.00424	0.00694
40	0.00980	0.42860	0.43564	0.00964	0.01458	0.01312	0.01146	0.01296	0.00871	0.01164	0.00671	0.00783	0.00536	0.00380	0.00336	0.00112	0.00537	0.00269	0.00179	0.00581
41	0.88196	0.00813	0.00618	0.00553	0.00813	0.00943	0.00455	0.01236	0.00715	0.01886	0.00585	0.00683	0.00455	0.00390	0.00260	0.00130	0.00325	0.00228	0.00260	0.00455
42	0.00606	0.00440	0.00590	0.00676	0.00754	0.00424	0.00546	0.00753	0.00919	0.01195	0.03862	0.30226	0.10325	0.01196	0.00557	0.00180	0.00321	0.45671	0.00390	0.00370
43	0.00794	0.00747	0.01261	0.84216	0.02895	0.00934	0.01167	0.01074	0.00841	0.01074	0.00747	0.01121	0.00560	0.00420	0.00420	0.00140	0.00560	0.00374	0.00187	0.00467
44	0.88196	0.00813	0.00618	0.00553	0.00813	0.00943	0.00455	0.01236	0.00715	0.01886	0.00585	0.00683	0.00455	0.00390	0.00260	0.00130	0.00325	0.00228	0.00260	0.00455
45	0.02822	0.00757	0.00894	0.00753	0.00998	0.01897	0.00602	0.11651	0.15799	0.31947	0.05552	0.06168	0.01378	0.04775	0.00519	0.00149	0.00357	0.06696	0.02077	0.04209
46	0.00798	0.00625	0.00744	0.00706	0.00852	0.04252	0.03841	0.06683	0.07158	0.05318	0.12905	0.22497	0.17143	0.00952	0.00500	0.00153	0.00325	0.13707	0.00395	0.00444
47	0.00838	0.00584	0.00683	0.00634	0.00801	0.00578	0.00499	0.05282	0.15396	0.09813	0.22840	0.06098	0.23619	0.00861	0.00484	0.00145	0.00279	0.09657	0.00430	0.00479
48	0.22209	0.15445	0.11301	0.00731	0.01014	0.03906	0.00685	0.06666	0.03322	0.05095	0.07894	0.04308	0.06391	0.00582	0.00376	0.00129	0.00392	0.06582	0.02466	0.00505

[dist]
# distance from previous block
# <min> <max>
5	7

[block]
# block no. 5 follows, 63 sequences, length 62
# corresponding to MSA columns:
# 246-307
name=unknown_F
#
# <colnr> <probs for GDERKNQSTAVLIFYWHMCP>
#	G	D	E	R	K	N	Q	S	T	A	V	L	I	F	Y	W	H	M	C	P
0	0.00979	0.03387	0.12148	0.22833	0.12985	0.02918	0.19851	0.04588	0.04847	0.04160	0.01000	0.02303	0.03541	0.00449	0.00453	0.00136	0.02198	0.00423	0.00238	0.00563
1	0.03523	0.13046	0.07163	0.02584	0.10369	0.09261	0.03737	0.04673	0.01055	0.25761	0.02277	0.03557	0.03570	0.00515	0.00434	0.00126	0.03391	0.02354	0.00325	0.02280
2	0.00867	0.00816	0.01372	0.62592	0.22797	0.00956	0.01193	0.02300	0.00886	0.01172	0.00762	0.01099	0.00589	0.00410	0.00419	0.00136	0.00544	0.00374	0.00196	0.00520
3	0.00949	0.00940	0.01749	0.01329	0.01642	0.00924	0.46069	0.05496	0.11423	0.02380	0.03456	0.05818	0.05392	0.00576	0.00506	0.00148	0.01797	0.08567	0.00296	0.00543
4	0.03292	0.05872	0.19927	0.02686	0.08001	0.14023	0.08097	0.22951	0.05111	0.02882	0.00860	0.00964	0.00646	0.00443	0.00426	0.00127	0.02456	0.00350	0.00274	0.00613
5	0.00823	0.00785	0.01321	0.70944	0.06945	0.00969	0.03402	0.01088	0.00835	0.01093	0.00737	0.01101	0.00567	0.00441	0.00499	0.00143	0.07263	0.00377	0.00188	0.00480
6	0.00518	0.00381	0.00486	0.00556	0.00605	0.00349	0.00380	0.00608	0.00865	0.01142	0.10389	0.64876	0.14833	0.01235	0.00527	0.00163	0.00235	0.01107	0.00397	0.00349
7	0.00715	0.00499	0.00618	0.00563	0.00693	0.00472	0.00429	0.07241	0.01216	0.05004	0.61650	0.05495	0.12078	0.00853	0.00488	0.00134	0.00229	0.00743	0.00452	0.00429
8	0.00940	0.01056	0.05092	0.07992	0.14127	0.00986	0.51408	0.01262	0.01980	0.01308	0.00954	0.07807	0.00810	0.00450	0.00491	0.00142	0.01897	0.00515	0.00225	0.00558
9	0.00601	0.00450	0.00676	0.00676	0.00751	0.00525	0.00525	0.00751	0.00676	0.00976	0.01126	0.01651	0.01051	0.03153	0.83560	0.00676	0.01126	0.00450	0.00225	0.00375
10	0.00538	0.00400	0.00480	0.00524	0.00588	0.00367	0.00363	0.00624	0.00856	0.01105	0.08697	0.38399	0.25720	0.14463	0.00778	0.00198	0.00265	0.04922	0.00374	0.00338
11	0.00672	0.00524	0.00638	0.00639	0.02120	0.00531	0.00477	0.03031	0.10976	0.01385	0.24106	0.10455	0.19681	0.04697	0.08529	0.00208	0.01656	0.07759	0.01497	0.00421
12	0.01049	0.45757	0.28288	0.00921	0.01351	0.04445	0.02362	0.02671	0.07368	0.01196	0.00743	0.00831	0.00601	0.00394	0.00335	0.00110	0.00512	0.00281	0.00205	0.00577
13	0.01251	0.01005	0.01066	0.00897	0.01171	0.01142	0.00715	0.31632	0.52112	0.02090	0.01450	0.01360	0.01072	0.00546	0.00425	0.00136	0.00381	0.00439	0.00425	0.00684
14	0.00612	0.00423	0.00583	0.03848	0.00769	0.00415	0.00493	0.01671	0.00844	0.02327	0.02083	0.54155	0.02396	0.01236	0.00628	0.07171	0.00303	0.19320	0.00367	0.00354
15	0.01037	0.01067	0.01272	0.09661	0.02495	0.12674	0.00926	0.05477	0.01865	0.01124	0.00629	0.00933	0.00571	0.00641	0.01064	0.00164	0.57354	0.00357	0.00205	0.00484
16	0.00781	0.00624	0.00859	0.07059	0.01094	0.00662	0.05051	0.06442	0.12955	0.01366	0.01883	0.23866	0.01967	0.00964	0.00530	0.00169	0.01500	0.31403	0.00369	0.00456
17	0.00937	0.00949	0.01285	0.01103	0.01109	0.03510	0.00917	0.01030	0.00659	0.01012	0.00554	0.00915	0.00552	0.00728	0.01353	0.00182	0.82195	0.00365	0.00185	0.00461
18	0.01526	0.01816	0.01201	0.01067	0.01299	0.68906	0.02979	0.04289	0.07654	0.04257	0.00790	0.00867	0.00628	0.00448	0.00389	0.00113	0.00698	0.00302	0.00251	0.00520
19	0.07020	0.00816	0.00895	0.00776	0.01000	0.00887	0.00621	0.24105	0.23308	0.06315	0.12554	0.03915	0.03878	0.03501	0.00500	0.00150	0.00355	0.08419	0.00412	0.00573
20	0.00601	0.00450	0.00676	0.00676	0.00751	0.00525	0.00525	0.00751	0.00676	0.00976	0.01126	0.01651	0.01051	0.03153	0.83560	0.00676	0.01126	0.00450	0.00225	0.00375
21	0.08712	0.00832	0.01015	0.00784	0.01107	0.00806	0.00648	0.20699	0.01347	0.57450	0.01419	0.01271	0.00917	0.00506	0.00409	0.00129	0.00380	0.00397	0.00476	0.00695
22	0.01115	0.00596	0.00723	0.00622	0.00782	0.00579	0.00455	0.04925	0.08999	0.28165	0.09177	0.02191	0.03760	0.34759	0.01125	0.00244	0.00361	0.00547	0.00390	0.00485
23	0.64661	0.00749	0.00649	0.00567	0.00818	0.00827	0.00463	0.01318	0.00817	0.14142	0.02517	0.00981	0.02250	0.00440	0.00297	0.00128	0.00315	0.00294	0.07280	0.00487
24	0.00601	0.00450	0.00676	0.00676	0.00751	0.00525	0.00525	0.00751	0.00676	0.00976	0.01126	0.01651	0.01051	0.03153	0.83560	0.00676	0.01126	0.00450	0.00225	0.00375
25	0.00645	0.00453	0.00527	0.00520	0.00549	0.00475	0.00324	0.00760	0.07109	0.00912	0.01328	0.02507	0.01444	0.67295	0.13083	0.00423	0.00499	0.00579	0.00265	0.00304
26	0.00610	0.00411	0.00478	0.00491	0.00528	0.00392	0.00307	0.00652	0.00739	0.03205	0.05302	0.19536	0.13073	0.50772	0.01473	0.00304	0.00337	0.00769	0.00317	0.00305
27	0.00830	0.00428	0.00436	0.00422	0.00533	0.00433	0.00320	0.03122	0.02534	0.03042	0.01374	0.01550	0.01071	0.00492	0.00302	0.00100	0.00208	0.00394	0.81996	0.00411
28	0.00823	0.02035	0.76459	0.01145	0.01724	0.00930	0.01461	0.01288	0.00912	0.01360	0.07275	0.01067	0.00807	0.00436	0.00407	0.00133	0.00587	0.00347	0.00200	0.00603
29	0.04120	0.00565	0.00727	0.00624	0.00817	0.00509	0.00481	0.01334	0.01058	0.39229	0.18506	0.12321	0.07680	0.09331	0.00626	0.00165	0.00305	0.00633	0.00448	0.00523
30	0.00522	0.00370	0.00485	0.00572	0.00594	0.00348	0.00376	0.00588	0.00785	0.01047	0.02215	0.76484	0.02651	0.09961	0.00702	0.00195	0.00261	0.01135	0.00376	0.00333
31	0.01570	0.02004	0.01191	0.01083	0.01300	0.83539	0.00812	0.01679	0.01191	0.01029	0.00650	0.00758	0.00541	0.00433	0.00379	0.00108	0.00758	0.00271	0.00217	0.00487
32	0.00602	0.00406	0.00469	0.00474	0.00484	0.00401	0.00277	0.00623	0.00672	0.00903	0.07683	0.09347	0.01817	0.71989	0.01884	0.00367	0.00378	0.00669	0.00282	0.00273
33	0.00718	0.00460	0.00555	0.00517	0.00656	0.00406	0.00392	0.00871	0.01080	0.11450	0.37599	0.07132	0.32773	0.00908	0.00484	0.00137	0.00226	0.00778	0.02442	0.00418
34	0.01570	0.02004	0.01191	0.01083	0.01300	0.83539	0.00812	0.01679	0.01191	0.01029	0.00650	0.00758	0.00541	0.00433	0.00379	0.00108	0.00758	0.00271	0.00217	0.00487
35	0.00652	0.00489	0.00611	0.00570	0.00687	0.00479	0.00431	0.00975	0.11367	0.01695	0.72203	0.02942	0.03628	0.00823	0.00487	0.00134	0.00215	0.00724	0.00458	0.00431
36	0.00544	0.00426	0.00493	0.00487	0.00604	0.00376	0.00366	0.00690	0.01048	0.01366	0.36706	0.07546	0.43420	0.00994	0.00501	0.00141	0.00214	0.03285	0.00420	0.00373
37	0.50229	0.00648	0.00578	0.00550	0.00733	0.00713	0.00431	0.01041	0.02329	0.01646	0.11709	0.11068	0.05452	0.04126	0.00428	0.00148	0.00294	0.03433	0.04023	0.00420
38	0.01570	0.02004	0.01191	0.01083	0.01300	0.83539	0.00812	0.01679	0.01191	0.01029	0.00650	0.00758	0.00541	0.00433	0.00379	0.00108	0.00758	0.00271	0.00217	0.00487
39	0.00548	0.00441	0.00498	0.00528	0.00654	0.00391	0.00422	0.00678	0.00957	0.01168	0.03632	0.06446	0.57701	0.01099	0.00522	0.00157	0.00263	0.23141	0.00389	0.00364
40	0.00608	0.00410	0.00471	0.00470	0.00478	0.00412	0.00272	0.00622	0.00634	0.00848	0.03229	0.02731	0.02956	0.77975	0.05904	0.00409	0.00433	0.00612	0.00260	0.00265
41	0.00597	0.00414	0.00525	0.00577	0.00609	0.00409	0.00402	0.00668	0.00755	0.01001	0.01830	0.28025	0.02102	0.37937	0.03529	0.00293	0.00373	0.19314	0.00326	0.00315
42	0.00635	0.00493	0.00589	0.00581	0.00700	0.00480	0.00443	0.00936	0.12271	0.01469	0.37925	0.11978	0.20619	0.00942	0.00499	0.00146	0.00243	0.08208	0.00427	0.00418
43	0.01172	0.76516	0.02094	0.00758	0.01103	0.10455	0.00729	0.01304	0.00890	0.00993	0.00591	0.00683	0.00540	0.00368	0.00281	0.00092	0.00483	0.00230	0.00184	0.00534
44	0.01105	0.00902	0.01285	0.03137	0.37826	0.00941	0.00944	0.09684	0.20051	0.07748	0.04217	0.02672	0.03273	0.00528	0.00433	0.00134	0.00420	0.03735	0.00329	0.00637
45	0.00611	0.00408	0.00458	0.00458	0.00458	0.00408	0.00255	0.00611	0.00611	0.00815	0.01325	0.02751	0.01528	0.85226	0.02140	0.00408	0.00408	0.00611	0.00255	0.00255
46	0.00512	0.00366	0.00488	0.00585	0.00610	0.00341	0.00390	0.00585	0.00805	0.01073	0.02317	0.84952	0.02780	0.01317	0.00537	0.00171	0.00244	0.01195	0.00390	0.00341
47	0.86189	0.00841	0.00631	0.00565	0.00824	0.02856	0.00464	0.01246	0.00726	0.01866	0.00587	0.00685	0.00457	0.00391	0.00263	0.00130	0.00335	0.00229	0.00259	0.00456
48	0.88196	0.00813	0.00618	0.00553	0.00813	0.00943	0.00455	0.01236	0.00715	0.01886	0.00585	0.00683	0.00455	0.00390	0.00260	0.00130	0.00325	0.00228	0.00260	0.00455
49	0.01624	0.00790	0.03273	0.00787	0.01089	0.00713	0.00664	0.09244	0.08391	0.57252	0.03822	0.01700	0.01207	0.00580	0.00437	0.00136	0.00371	0.06768	0.00481	0.00673
50	0.00611	0.00408	0.00458	0.00458	0.00458	0.00408	0.00255	0.00611	0.00611	0.00815	0.01325	0.02751	0.01528	0.85226	0.02140	0.00408	0.00408	0.00611	0.00255	0.00255
51	0.00560	0.00397	0.00530	0.00620	0.00659	0.00381	0.00447	0.00655	0.00827	0.01096	0.02213	0.59141	0.02591	0.08215	0.00679	0.00196	0.00291	0.19778	0.00378	0.00345
52	0.01144	0.04846	0.01288	0.05209	0.04260	0.02633	0.09917	0.16915	0.45419	0.01784	0.01328	0.01316	0.00997	0.00507	0.00425	0.00136	0.00431	0.00436	0.00367	0.00645
53	0.00601	0.00450	0.00676	0.00676	0.00751	0.00525	0.00525	0.00751	0.00676	0.00976	0.01126	0.01651	0.01051	0.03153	0.83560	0.00676	0.01126	0.00450	0.00225	0.00375
54	0.88196	0.00813	0.00618	0.00553	0.00813	0.00943	0.00455	0.01236	0.00715	0.01886	0.00585	0.00683	0.00455	0.00390	0.00260	0.00130	0.00325	0.00228	0.00260	0.00455
55	0.01033	0.00861	0.00921	0.00824	0.01049	0.00980	0.00643	0.08254	0.64938	0.01749	0.03933	0.01734	0.04685	0.00642	0.00483	0.03533	0.00337	0.02362	0.00416	0.00624
56	0.01040	0.49123	0.26639	0.01074	0.10114	0.03318	0.01036	0.01294	0.00883	0.01135	0.00660	0.00781	0.00551	0.00375	0.00327	0.00107	0.00514	0.00268	0.00183	0.00577
57	0.00592	0.00430	0.00558	0.00526	0.00626	0.00396	0.00395	0.00788	0.01184	0.01671	0.80254	0.03165	0.06104	0.00865	0.00496	0.00132	0.00199	0.00764	0.00461	0.00396
58	0.00529	0.00407	0.00481	0.00504	0.00595	0.00362	0.00361	0.00646	0.00961	0.01249	0.23347	0.29962	0.35297	0.02669	0.00540	0.00154	0.00223	0.00949	0.00406	0.00359
59	0.01045	0.01119	0.10384	0.14174	0.50176	0.02524	0.03410	0.07281	0.02173	0.02503	0.00821	0.01043	0.00650	0.00399	0.00417	0.00129	0.00525	0.00371	0.00225	0.00630
60	0.00603	0.00405	0.00480	0.00491	0.00499	0.00408	0.00293	0.00618	0.00636	0.00853	0.01402	0.11510	0.01608	0.67878	0.08210	0.02467	0.00444	0.00656	0.00265	0.00272
61	0.01499	0.01095	0.01190	0.00922	0.01249	0.01185	0.00760	0.66595	0.04767	0.05178	0.01076	0.01155	0.00795	0.00514	0.00417	0.00124	0.00440	0.02971	0.00409	0.07658

[dist]
# distance from previous block
# <min> <max>
0	2

[block]
# block no. 6 follows, 63 sequences, length 90
# corresponding to MSA columns:
# 310-399
name=unknown_G
#
# <colnr> <probs for GDERKNQSTAVLIFYWHMCP>
#	G	D	E	R	K	N	Q	S	T	A	V	L	I	F	Y	W	H	M	C	P
0	0.01405	0.30494	0.01531	0.00950	0.01218	0.53989	0.00775	0.01523	0.01070	0.01022	0.00629	0.00732	0.00542	0.00406	0.00340	0.00101	0.00644	0.00255	0.00205	0.02169
1	0.00995	0.01126	0.02433	0.01821	0.07140	0.01059	0.76172	0.01343	0.00990	0.01348	0.00847	0.01128	0.00640	0.00356	0.00491	0.00141	0.00696	0.00489	0.00212	0.00573
2	0.00878	0.12451	0.73075	0.01139	0.01728	0.01061	0.01450	0.01322	0.00883	0.01289	0.00733	0.00861	0.00533	0.00394	0.00383	0.00128	0.00600	0.00300	0.00178	0.00611
3	0.01181	0.04632	0.07217	0.02851	0.10606	0.30777	0.20464	0.04065	0.01037	0.01206	0.00808	0.01125	0.00691	0.07020	0.00582	0.00147	0.03216	0.01628	0.00222	0.00525
4	0.00794	0.00747	0.01261	0.84216	0.02895	0.00934	0.01167	0.01074	0.00841	0.01074	0.00747	0.01121	0.00560	0.00420	0.00420	0.00140	0.00560	0.00374	0.00187	0.00467
5	0.01127	0.00919	0.00969	0.04100	0.01124	0.06034	0.00668	0.18781	0.36704	0.04786	0.01352	0.01489	0.01072	0.08267	0.10484	0.00223	0.00498	0.00445	0.00368	0.00589
6	0.01124	0.85479	0.02203	0.00719	0.01079	0.01663	0.00719	0.01259	0.00854	0.00989	0.00584	0.00674	0.00539	0.00360	0.00270	0.00090	0.00450	0.00225	0.00180	0.00539
7	0.00872	0.00747	0.00872	0.00623	0.00996	0.00560	0.00498	0.01058	0.00872	0.01370	0.00747	0.00872	0.00623	0.00311	0.00311	0.00062	0.00311	0.00249	0.00249	0.87796
8	0.00677	0.00484	0.00677	0.00774	0.00871	0.00484	0.00677	0.00871	0.00968	0.01258	0.02226	0.04742	0.02419	0.01161	0.00581	0.00194	0.00387	0.79775	0.00387	0.00387
9	0.00625	0.00445	0.00519	0.00490	0.00625	0.00389	0.00371	0.00775	0.01074	0.06401	0.38051	0.03491	0.43328	0.00942	0.00492	0.00137	0.00215	0.00803	0.00430	0.00395
10	0.01135	0.06799	0.47895	0.02075	0.01553	0.02389	0.03811	0.04231	0.01008	0.20326	0.02244	0.02974	0.00765	0.00456	0.00405	0.00130	0.00533	0.00367	0.00277	0.00625
11	0.00556	0.00433	0.00514	0.01762	0.00637	0.00387	0.00375	0.00715	0.01084	0.01438	0.47345	0.03501	0.37854	0.00941	0.00495	0.00137	0.00210	0.00809	0.00427	0.00380
12	0.00611	0.00408	0.00458	0.00458	0.00458	0.00408	0.00255	0.00611	0.00611	0.00815	0.01325	0.02751	0.01528	0.85226	0.02140	0.00408	0.00408	0.00611	0.00255	0.00255
13	0.00872	0.00747	0.00872	0.00623	0.00996	0.00560	0.00498	0.01058	0.00872	0.01370	0.00747	0.00872	0.00623	0.00311	0.00311	0.00062	0.00311	0.00249	0.00249	0.87796
14	0.00809	0.00763	0.01288	0.79197	0.07796	0.00938	0.01175	0.01087	0.00848	0.01092	0.00750	0.01116	0.00567	0.00417	0.00420	0.00139	0.00557	0.00374	0.00188	0.00479
15	0.00564	0.00418	0.00528	0.00537	0.00628	0.00382	0.00398	0.00717	0.01049	0.01423	0.45401	0.21264	0.18188	0.01016	0.00510	0.00146	0.00223	0.05802	0.00429	0.00376
16	0.01055	0.00923	0.00955	0.00860	0.01097	0.02519	0.00668	0.02224	0.80404	0.01745	0.01692	0.01554	0.01270	0.00568	0.00427	0.00142	0.00340	0.00472	0.00424	0.00662
17	0.01040	0.00999	0.01706	0.02580	0.82604	0.00999	0.01290	0.01290	0.00957	0.01373	0.00791	0.01040	0.00666	0.00375	0.00416	0.00125	0.00499	0.00375	0.00208	0.00666
18	0.00784	0.00392	0.00392	0.00392	0.00490	0.00392	0.00294	0.00980	0.00882	0.01567	0.01371	0.01567	0.01077	0.00490	0.00294	0.00098	0.00196	0.00392	0.87560	0.00392
19	0.01047	0.02840	0.00979	0.00852	0.01093	0.01060	0.00667	0.02211	0.79990	0.01741	0.01685	0.01548	0.01266	0.00566	0.00424	0.00141	0.00335	0.00470	0.00422	0.00663
20	0.00611	0.00408	0.00458	0.00458	0.00458	0.00408	0.00255	0.00611	0.00611	0.00815	0.01325	0.02751	0.01528	0.85226	0.02140	0.00408	0.00408	0.00611	0.00255	0.00255
21	0.00907	0.00902	0.01285	0.09475	0.01284	0.01252	0.00945	0.01018	0.00664	0.01018	0.00572	0.00940	0.00553	0.00704	0.01283	0.00180	0.76006	0.00368	0.00184	0.00461
22	0.01040	0.00999	0.01706	0.02580	0.82604	0.00999	0.01290	0.01290	0.00957	0.01373	0.00791	0.01040	0.00666	0.00375	0.00416	0.00125	0.00499	0.00375	0.00208	0.00666
23	0.00606	0.00427	0.00559	0.00559	0.00594	0.00462	0.00380	0.00676	0.00641	0.00890	0.01232	0.02241	0.01307	0.47133	0.39930	0.00532	0.00741	0.00537	0.00241	0.00311
24	0.88196	0.00813	0.00618	0.00553	0.00813	0.00943	0.00455	0.01236	0.00715	0.01886	0.00585	0.00683	0.00455	0.00390	0.00260	0.00130	0.00325	0.00228	0.00260	0.00455
25	0.02494	0.00768	0.00944	0.00703	0.01051	0.00648	0.00573	0.07788	0.01099	0.36513	0.01157	0.01120	0.00807	0.00417	0.00367	0.00097	0.00343	0.00334	0.00379	0.42396
26	0.09968	0.01137	0.01193	0.00925	0.01252	0.01263	0.00763	0.71846	0.03490	0.02557	0.00983	0.00989	0.00701	0.00495	0.00405	0.00127	0.00447	0.00366	0.00405	0.00689
