[name]
unknown

[dist]
# distance from previous block
# <min> <max>
3	49

[block]
# block no. 0 follows, 51 sequences, length 13
# corresponding to MSA columns:
# 78-90
name=unknown_A
#
# <colnr> <probs for GDERKNQSTAVLIFYWHMCP>
#	G	D	E	R	K	N	Q	S	T	A	V	L	I	F	Y	W	H	M	C	P
0	0.01483	0.01286	0.01466	0.05666	0.16604	0.12400	0.03665	0.23344	0.13309	0.06640	0.01347	0.06124	0.01103	0.00627	0.00501	0.00154	0.00566	0.02603	0.00393	0.00721
1	0.01250	0.00902	0.03258	0.00939	0.02844	0.00893	0.02826	0.16806	0.12445	0.12467	0.10120	0.05309	0.04422	0.09246	0.08085	0.00247	0.00516	0.03022	0.01647	0.02755
2	0.01255	0.01092	0.01699	0.14108	0.44148	0.01149	0.02880	0.08886	0.09528	0.05111	0.04455	0.01419	0.01026	0.00516	0.00495	0.00152	0.00553	0.00475	0.00319	0.00736
3	0.00987	0.00772	0.00960	0.00863	0.04386	0.00716	0.03033	0.05510	0.10654	0.05485	0.15536	0.08743	0.15032	0.03633	0.00574	0.00152	0.00359	0.00688	0.00424	0.21495
4	0.05034	0.01027	0.03414	0.09022	0.22494	0.03822	0.03469	0.06618	0.08853	0.09490	0.09593	0.01804	0.03224	0.02452	0.03968	0.00187	0.00538	0.01859	0.02467	0.00662
5	0.00861	0.00562	0.00715	0.00663	0.00816	0.00520	0.00505	0.01095	0.03181	0.08019	0.45236	0.08572	0.05382	0.03668	0.03059	0.00183	0.00315	0.04455	0.06011	0.06182
6	0.01049	0.04387	0.18858	0.02793	0.15742	0.03924	0.03004	0.03601	0.05125	0.04764	0.10642	0.06032	0.13960	0.00731	0.00546	0.00157	0.03092	0.00616	0.00347	0.00630
7	0.03650	0.00526	0.00625	0.00641	0.00757	0.00483	0.00455	0.00865	0.02886	0.02770	0.14580	0.38846	0.18216	0.05853	0.00683	0.00190	0.00294	0.01060	0.00447	0.06171
8	0.01356	0.46492	0.13735	0.01056	0.03936	0.14469	0.01002	0.03739	0.01128	0.03787	0.00990	0.01081	0.04395	0.00492	0.00387	0.00123	0.00600	0.00341	0.00250	0.00642
9	0.01294	0.11464	0.36849	0.01183	0.01730	0.05369	0.03943	0.11647	0.01250	0.08023	0.00979	0.01078	0.00718	0.00475	0.00443	0.00136	0.00617	0.00368	0.00293	0.12141
10	0.02792	0.09139	0.17192	0.05738	0.01665	0.13575	0.04352	0.11441	0.17244	0.06981	0.01198	0.01259	0.00893	0.00542	0.00478	0.00148	0.01797	0.00420	0.02446	0.00699
11	0.00721	0.00546	0.00666	0.00655	0.00773	0.00527	0.00479	0.01028	0.09529	0.01732	0.45063	0.18568	0.12536	0.04142	0.00652	0.00178	0.00270	0.00960	0.00502	0.00473
12	0.01083	0.07934	0.11307	0.07192	0.10376	0.08857	0.00959	0.09611	0.01218	0.01561	0.05408	0.07349	0.13008	0.03255	0.05043	0.00199	0.00573	0.04147	0.00334	0.00586

[dist]
# distance from previous block
# <min> <max>
0	5

[block]
# block no. 1 follows, 51 sequences, length 13
# corresponding to MSA columns:
# 96-108
name=unknown_B
#
# <colnr> <probs for GDERKNQSTAVLIFYWHMCP>
#	G	D	E	R	K	N	Q	S	T	A	V	L	I	F	Y	W	H	M	C	P
0	0.07642	0.09436	0.17725	0.03400	0.12740	0.25854	0.06115	0.04370	0.01204	0.04117	0.00884	0.01043	0.00691	0.00478	0.00443	0.00140	0.00689	0.00368	0.02006	0.00656
1	0.01086	0.08366	0.28008	0.04113	0.07475	0.04487	0.05665	0.05031	0.06287	0.03398	0.10296	0.05047	0.02671	0.00785	0.04994	0.00188	0.00620	0.00519	0.00314	0.00650
2	0.00747	0.00568	0.00711	0.00715	0.00823	0.00584	0.00536	0.05179	0.03074	0.01404	0.07872	0.20159	0.18441	0.08750	0.20873	0.00359	0.02046	0.06313	0.00399	0.00449
3	0.01301	0.01318	0.01854	0.04765	0.59962	0.11981	0.01386	0.03562	0.01161	0.01554	0.00890	0.01164	0.00748	0.00479	0.00552	0.00148	0.05775	0.00421	0.00249	0.00730
4	0.01134	0.00867	0.01044	0.00789	0.01158	0.00737	0.00633	0.05600	0.01109	0.08375	0.03547	0.03148	0.00984	0.00653	0.04877	0.00136	0.04409	0.00382	0.00336	0.60084
5	0.00997	0.00944	0.01599	0.62648	0.21742	0.01110	0.01399	0.01316	0.01015	0.01340	0.00886	0.01288	0.00685	0.00478	0.00490	0.00159	0.00638	0.00437	0.00224	0.00602
6	0.01291	0.06463	0.01819	0.10093	0.32641	0.15333	0.06364	0.04205	0.01132	0.01452	0.00859	0.01143	0.00723	0.00590	0.02457	0.00167	0.11943	0.00416	0.00246	0.00662
7	0.01058	0.01055	0.01520	0.01293	0.01317	0.01446	0.04031	0.01181	0.00770	0.01196	0.00695	0.01132	0.00681	0.00998	0.05913	0.00245	0.74272	0.00441	0.00219	0.00537
8	0.01135	0.00981	0.04544	0.00849	0.03331	0.00742	0.00688	0.05630	0.01116	0.05934	0.00950	0.01070	0.00757	0.00396	0.00386	0.00087	0.00399	0.00318	0.00315	0.70372
9	0.86201	0.00950	0.00722	0.00646	0.00950	0.01102	0.00532	0.01445	0.00836	0.02205	0.00684	0.00798	0.00532	0.00456	0.00304	0.00152	0.00380	0.00266	0.00304	0.00532
10	0.00828	0.00646	0.00835	0.14361	0.03872	0.00647	0.00653	0.01120	0.07434	0.05837	0.20201	0.05878	0.33883	0.00965	0.00552	0.00163	0.00347	0.00826	0.00440	0.00512
11	0.00934	0.00759	0.00839	0.00785	0.00961	0.06781	0.03088	0.06754	0.02805	0.03804	0.21428	0.07566	0.20920	0.01022	0.00566	0.00168	0.00379	0.14479	0.05457	0.00505
12	0.01178	0.03274	0.01623	0.16569	0.26817	0.05892	0.05864	0.06805	0.10901	0.01603	0.01228	0.06156	0.02410	0.00663	0.02311	0.00172	0.05047	0.00519	0.00303	0.00666

[dist]
# distance from previous block
# <min> <max>
0	1

[block]
# block no. 2 follows, 51 sequences, length 18
# corresponding to MSA columns:
# 110-127
name=unknown_C
#
# <colnr> <probs for GDERKNQSTAVLIFYWHMCP>
#	G	D	E	R	K	N	Q	S	T	A	V	L	I	F	Y	W	H	M	C	P
0	0.07612	0.00878	0.01025	0.07411	0.01293	0.03242	0.02378	0.07411	0.08072	0.06653	0.04878	0.09115	0.05984	0.02303	0.01932	0.00159	0.01780	0.03274	0.02288	0.22312
1	0.12482	0.01195	0.01432	0.17951	0.25151	0.11905	0.01088	0.06387	0.04430	0.01660	0.00981	0.04055	0.00819	0.00513	0.00453	0.00144	0.00572	0.00425	0.00286	0.08071
2	0.01154	0.00918	0.01052	0.05629	0.04800	0.06105	0.00748	0.01625	0.19541	0.09910	0.10963	0.05401	0.07849	0.01924	0.00633	0.00160	0.08314	0.00598	0.05639	0.07035
3	0.00903	0.00683	0.00851	0.00780	0.02670	0.02352	0.03315	0.01183	0.06812	0.07514	0.29588	0.06869	0.19251	0.02792	0.02649	0.00177	0.00357	0.02281	0.00460	0.08513
4	0.01198	0.06152	0.26865	0.07582	0.03748	0.01132	0.04055	0.11814	0.12427	0.06555	0.02801	0.04532	0.04373	0.00615	0.00489	0.00155	0.00559	0.02020	0.00348	0.02579
5	0.00660	0.00506	0.00662	0.00712	0.02338	0.00464	0.02257	0.00776	0.01005	0.01328	0.09738	0.43403	0.17549	0.10761	0.00821	0.00216	0.00321	0.03129	0.00431	0.02921
6	0.01055	0.00895	0.01038	0.00745	0.01180	0.00692	0.00597	0.04501	0.01074	0.01665	0.00886	0.01026	0.00732	0.00374	0.00369	0.00076	0.00371	0.00298	0.00300	0.82125
7	0.03397	0.10322	0.19878	0.01334	0.10968	0.05548	0.05765	0.09301	0.05824	0.06696	0.03301	0.03203	0.04562	0.00556	0.00464	0.00142	0.00562	0.00459	0.00323	0.07394
8	0.01229	0.15759	0.03101	0.04308	0.04724	0.10228	0.07901	0.08640	0.02711	0.03015	0.03736	0.01302	0.00920	0.00901	0.02608	0.23551	0.00576	0.00417	0.00279	0.04092
9	0.00763	0.00504	0.00600	0.00610	0.00728	0.00449	0.00433	0.00877	0.01068	0.08701	0.10074	0.30007	0.31962	0.09962	0.00793	0.00208	0.00300	0.01058	0.00461	0.00441
10	0.02759	0.00876	0.04186	0.03240	0.06638	0.02161	0.08486	0.04125	0.11483	0.02994	0.19170	0.10919	0.08664	0.03857	0.02697	0.00192	0.02275	0.02391	0.02321	0.00566
11	0.08529	0.10861	0.08353	0.01980	0.35525	0.06766	0.07168	0.05331	0.04785	0.01648	0.00919	0.01124	0.00746	0.00477	0.00498	0.00146	0.03766	0.00405	0.00266	0.00706
12	0.05821	0.01105	0.08582	0.00965	0.01364	0.00954	0.00853	0.13112	0.10855	0.48587	0.01680	0.01522	0.01109	0.00592	0.00483	0.00154	0.00459	0.00471	0.00527	0.00805
13	0.00666	0.00503	0.00580	0.00602	0.00737	0.00443	0.00456	0.00809	0.01129	0.03572	0.12932	0.18401	0.46346	0.01264	0.00598	0.00177	0.00281	0.09600	0.00470	0.00434
14	0.02475	0.05522	0.14711	0.06284	0.16227	0.03164	0.09501	0.03084	0.05248	0.03158	0.08513	0.08982	0.02781	0.00736	0.02761	0.00175	0.03650	0.00574	0.00314	0.02141
15	0.03402	0.04395	0.06945	0.15280	0.16603	0.12556	0.03105	0.08056	0.04598	0.01626	0.06745	0.04270	0.07402	0.00623	0.00488	0.00150	0.00569	0.00524	0.02038	0.00625
16	0.01005	0.00696	0.02511	0.03141	0.00979	0.00640	0.00574	0.04704	0.08982	0.13523	0.19186	0.07453	0.28262	0.03137	0.00597	0.00169	0.00328	0.00812	0.02749	0.00552
17	0.00753	0.00540	0.00652	0.00678	0.00787	0.00523	0.00491	0.01023	0.09564	0.03812	0.15400	0.36739	0.15343	0.03689	0.00640	0.00187	0.00296	0.04135	0.04278	0.00468

[dist]
# distance from previous block
# <min> <max>
5	8

[block]
# block no. 3 follows, 51 sequences, length 41
# corresponding to MSA columns:
# 137-155,157-178
name=unknown_D
#
# <colnr> <probs for GDERKNQSTAVLIFYWHMCP>
#	G	D	E	R	K	N	Q	S	T	A	V	L	I	F	Y	W	H	M	C	P
0	0.01276	0.01215	0.01933	0.04023	0.61381	0.04736	0.06374	0.04199	0.02971	0.03477	0.00977	0.01229	0.00795	0.00453	0.00488	0.00145	0.00599	0.00442	0.00268	0.03018
1	0.01360	0.08748	0.05292	0.01277	0.09208	0.04571	0.10037	0.08378	0.14848	0.13299	0.03903	0.05845	0.01258	0.00615	0.00488	0.00149	0.00514	0.02455	0.02385	0.05370
2	0.00620	0.00460	0.00590	0.00664	0.00733	0.00430	0.00470	0.00737	0.01008	0.01325	0.08720	0.52660	0.17318	0.01580	0.05996	0.00231	0.00353	0.05245	0.00449	0.00412
3	0.00936	0.00755	0.03683	0.07999	0.05018	0.00727	0.03331	0.05251	0.01130	0.07367	0.08691	0.16295	0.16745	0.02439	0.07166	0.00225	0.04542	0.03564	0.03608	0.00528
4	0.01263	0.04922	0.21853	0.08419	0.16358	0.05382	0.11165	0.04944	0.04890	0.09145	0.02273	0.02811	0.00891	0.00526	0.00523	0.00155	0.03023	0.00459	0.00298	0.00702
5	0.02562	0.29285	0.23551	0.01178	0.03918	0.06357	0.04529	0.12895	0.01272	0.07140	0.02441	0.01075	0.00785	0.00489	0.00425	0.00135	0.00605	0.00368	0.00292	0.00699
6	0.18800	0.01049	0.01151	0.04910	0.01355	0.01124	0.00772	0.31149	0.04257	0.22551	0.01319	0.01306	0.00917	0.00564	0.00444	0.00149	0.00455	0.00425	0.06573	0.00731
7	0.02765	0.08390	0.05596	0.03156	0.21102	0.03869	0.15116	0.01427	0.03204	0.06339	0.07577	0.03361	0.11291	0.00718	0.02558	0.00169	0.00565	0.01834	0.00328	0.00637
8	0.05526	0.02345	0.07360	0.03332	0.33414	0.03161	0.04901	0.03013	0.03194	0.05284	0.03301	0.08809	0.09385	0.00669	0.00502	0.00155	0.00514	0.02011	0.00325	0.02799
9	0.00625	0.00441	0.00572	0.00667	0.00693	0.00418	0.00441	0.00701	0.00909	0.01211	0.02506	0.66130	0.02985	0.15414	0.00949	0.00248	0.00324	0.03951	0.00429	0.00384
10	0.06676	0.11278	0.03376	0.03771	0.04972	0.18943	0.02630	0.13022	0.05955	0.07322	0.02585	0.04894	0.02356	0.03687	0.04919	0.00190	0.00619	0.00467	0.01710	0.00631
11	0.01309	0.01369	0.01514	0.32427	0.04215	0.24844	0.07393	0.06660	0.01195	0.02684	0.00919	0.02514	0.00740	0.00579	0.00595	0.03202	0.05093	0.00429	0.01742	0.00577
12	0.00857	0.00726	0.01060	0.00995	0.03102	0.00883	0.03377	0.02738	0.00826	0.01197	0.01151	0.01835	0.01119	0.13968	0.42318	0.00543	0.22051	0.00526	0.00260	0.00470
13	0.00603	0.00439	0.00565	0.00658	0.00704	0.00405	0.00444	0.00697	0.00973	0.01283	0.05860	0.69086	0.11668	0.03290	0.00662	0.00200	0.00283	0.01323	0.00456	0.00401
14	0.01134	0.01056	0.01477	0.17931	0.15438	0.09132	0.08958	0.02699	0.02644	0.04026	0.01108	0.03740	0.00996	0.09404	0.02186	0.04460	0.08838	0.02408	0.01797	0.00568
15	0.17496	0.01313	0.05887	0.01134	0.04109	0.06761	0.05190	0.35600	0.01587	0.04281	0.01089	0.03576	0.00856	0.02080	0.02534	0.00173	0.02969	0.00440	0.02231	0.00693
16	0.00947	0.00893	0.01508	0.76426	0.08360	0.01097	0.01374	0.01272	0.00992	0.01278	0.00877	0.01304	0.00663	0.00488	0.00491	0.00163	0.00650	0.00437	0.00220	0.00561
17	0.00996	0.01020	0.03733	0.08528	0.10171	0.05118	0.06170	0.01185	0.00953	0.01329	0.05401	0.16415	0.01388	0.00960	0.03921	0.00208	0.31026	0.00642	0.00287	0.00547
18	0.01089	0.00796	0.02952	0.02650	0.01129	0.00636	0.00623	0.03003	0.01120	0.12856	0.08405	0.18425	0.01673	0.00713	0.00466	0.00124	0.00364	0.00614	0.00394	0.41968
19	0.01044	0.00919	0.01031	0.00744	0.01176	0.03123	0.00594	0.01260	0.01031	0.01589	0.00870	0.01015	0.00725	0.00368	0.00366	0.00074	0.00380	0.00292	0.00290	0.83110
20	0.00870	0.00652	0.00834	0.00830	0.05218	0.00568	0.00589	0.01071	0.02614	0.05597	0.13213	0.24331	0.10315	0.00973	0.00532	0.00152	0.00335	0.07325	0.00420	0.23560
21	0.03279	0.04765	0.68911	0.01388	0.03423	0.01171	0.03297	0.01602	0.04806	0.01587	0.00928	0.01072	0.00668	0.00473	0.00462	0.00155	0.00694	0.00373	0.00226	0.00720
22	0.01245	0.11316	0.11119	0.05849	0.19103	0.01216	0.16996	0.06591	0.01170	0.07559	0.01124	0.04118	0.02405	0.00532	0.00538	0.00150	0.04359	0.00481	0.00291	0.03836
23	0.07869	0.15511	0.24680	0.01211	0.06368	0.03995	0.01149	0.09569	0.04154	0.09059	0.01029	0.02638	0.00810	0.01977	0.00576	0.00156	0.07857	0.00401	0.00305	0.00686
24	0.03334	0.14753	0.49611	0.01294	0.03474	0.04511	0.05453	0.01539	0.03364	0.01514	0.03003	0.02590	0.02462	0.00512	0.00453	0.00148	0.00654	0.00407	0.00242	0.00680
25	0.00655	0.00497	0.00613	0.00665	0.02349	0.00460	0.00471	0.00799	0.01082	0.01427	0.17214	0.25525	0.28593	0.04776	0.05444	0.00225	0.00347	0.05462	0.02971	0.00427
26	0.01204	0.05514	0.07002	0.08201	0.17474	0.13358	0.04252	0.03469	0.02334	0.05610	0.02902	0.05056	0.06556	0.05280	0.02309	0.00180	0.02011	0.02230	0.00308	0.04751
27	0.01300	0.06815	0.23367	0.04144	0.05342	0.12493	0.06554	0.04011	0.03755	0.12279	0.03841	0.07757	0.02695	0.00637	0.00494	0.00154	0.00608	0.02757	0.00335	0.00661
28	0.01137	0.01147	0.04178	0.08437	0.56163	0.03444	0.03111	0.01457	0.03873	0.01547	0.01274	0.05618	0.05332	0.00555	0.00500	0.00152	0.00567	0.00522	0.00273	0.00711
29	0.01025	0.00712	0.01017	0.10280	0.11436	0.00726	0.00789	0.01301	0.06408	0.12598	0.07606	0.14794	0.08925	0.04400	0.09075	0.00248	0.00515	0.07175	0.00405	0.00564
30	0.01258	0.06013	0.10413	0.08684	0.16454	0.04009	0.15878	0.09255	0.02727	0.07737	0.02554	0.08483	0.01068	0.00594	0.00535	0.00157	0.02640	0.00542	0.00318	0.00679
31	0.01219	0.08380	0.19167	0.03098	0.22939	0.10761	0.05286	0.05513	0.02326	0.03207	0.03820	0.07222	0.02336	0.00587	0.00503	0.00150	0.02027	0.00498	0.00287	0.00674
32	0.00694	0.00622	0.03333	0.00623	0.00778	0.02298	0.00488	0.00893	0.03447	0.01499	0.21616	0.11103	0.39399	0.05130	0.00667	0.00181	0.00302	0.03854	0.02627	0.00447
33	0.01032	0.01210	0.15129	0.11163	0.10829	0.01023	0.14160	0.02662	0.01066	0.04447	0.02881	0.01994	0.06397	0.03014	0.05101	0.00214	0.09257	0.07522	0.00292	0.00607
34	0.01240	0.10375	0.24743	0.05397	0.13699	0.12627	0.06240	0.06202	0.01181	0.02721	0.02727	0.01306	0.00864	0.00612	0.02642	0.00166	0.03312	0.03014	0.00264	0.00668
35	0.01205	0.01554	0.22414	0.14309	0.12593	0.09680	0.06994	0.05345	0.03334	0.05524	0.01090	0.06108	0.00894	0.00574	0.00553	0.00158	0.05025	0.00480	0.01505	0.00662
36	0.02636	0.00567	0.02620	0.00656	0.00785	0.00501	0.00504	0.00919	0.03867	0.01667	0.38805	0.22193	0.17463	0.01148	0.00583	0.00170	0.00276	0.03694	0.00487	0.00458
37	0.04224	0.07146	0.08175	0.04880	0.03016	0.13063	0.05957	0.10933	0.01244	0.03440	0.04939	0.24149	0.01659	0.00889	0.01913	0.00172	0.00551	0.02713	0.00359	0.00578
38	0.01383	0.05965	0.09166	0.09247	0.07485	0.07320	0.06384	0.12695	0.09069	0.13028	0.02995	0.03044	0.05411	0.00633	0.00544	0.02294	0.01782	0.00501	0.00371	0.00682
39	0.01244	0.04470	0.10156	0.11137	0.28369	0.08635	0.07054	0.05781	0.06646	0.04303	0.02564	0.02990	0.03395	0.00539	0.00490	0.00151	0.00608	0.00479	0.00297	0.00692
40	0.01013	0.03827	0.06734	0.01072	0.06790	0.04847	0.04927	0.06986	0.04713	0.01653	0.13227	0.06252	0.01950	0.07195	0.04386	0.00215	0.01758	0.12942	0.07111	0.02402

[dist]
# distance from previous block
# <min> <max>
6	22

[block]
# block no. 4 follows, 51 sequences, length 15
# corresponding to MSA columns:
# 202-216
name=unknown_E
#
# <colnr> <probs for GDERKNQSTAVLIFYWHMCP>
#	G	D	E	R	K	N	Q	S	T	A	V	L	I	F	Y	W	H	M	C	P
0	0.01173	0.16263	0.08380	0.11034	0.16196	0.09239	0.09995	0.02561	0.04068	0.01428	0.02832	0.03482	0.03653	0.00593	0.00542	0.02086	0.03117	0.02460	0.00269	0.00628
1	0.01201	0.08505	0.06679	0.06232	0.22283	0.06917	0.17548	0.02992	0.03007	0.05122	0.01161	0.07463	0.01034	0.06927	0.00655	0.00177	0.00622	0.00538	0.00287	0.00647
2	0.01038	0.00995	0.04618	0.14965	0.22093	0.02867	0.03746	0.07981	0.02111	0.01612	0.10107	0.08795	0.06449	0.04855	0.00665	0.00178	0.03511	0.02477	0.00334	0.00602
3	0.00909	0.00839	0.03612	0.13239	0.11908	0.04451	0.02953	0.01155	0.02282	0.04228	0.19070	0.08091	0.18348	0.00956	0.02996	0.00181	0.00463	0.03393	0.00387	0.00539
4	0.01284	0.07580	0.20477	0.04111	0.14993	0.14362	0.12359	0.06430	0.04862	0.01564	0.00925	0.01124	0.00726	0.00504	0.00559	0.00152	0.06630	0.00413	0.00260	0.00683
5	0.07787	0.07254	0.02759	0.06529	0.13148	0.15521	0.07006	0.05151	0.05631	0.07426	0.01097	0.04622	0.00919	0.02798	0.02371	0.00168	0.03461	0.00452	0.00312	0.05589
6	0.01112	0.04134	0.11422	0.05644	0.36504	0.04981	0.04907	0.03208	0.04456	0.01557	0.03763	0.10580	0.02489	0.00687	0.02272	0.00168	0.00585	0.00564	0.00292	0.00675
7	0.01065	0.00650	0.00796	0.00707	0.00904	0.00614	0.00546	0.06120	0.06145	0.16870	0.36788	0.08498	0.16400	0.00959	0.00556	0.00159	0.00303	0.00824	0.00528	0.00565
8	0.03153	0.06568	0.02937	0.09902	0.19093	0.06615	0.02325	0.01267	0.05249	0.01435	0.08447	0.10028	0.07656	0.10213	0.02860	0.00208	0.00521	0.00637	0.00325	0.00561
9	0.02519	0.02813	0.04842	0.11661	0.28415	0.15979	0.03802	0.04953	0.01198	0.07162	0.01201	0.01483	0.04604	0.02628	0.00570	0.00158	0.03065	0.01992	0.00293	0.00662
10	0.02980	0.00671	0.00917	0.13909	0.05640	0.00677	0.02951	0.05014	0.01137	0.03397	0.07844	0.21922	0.27273	0.01041	0.00560	0.00171	0.00385	0.02604	0.00407	0.00499
11	0.00688	0.00462	0.00600	0.00667	0.00723	0.00437	0.00458	0.00792	0.00974	0.03935	0.07852	0.56053	0.06113	0.09240	0.04103	0.00242	0.00347	0.02861	0.03040	0.00414
12	0.03761	0.01130	0.01701	0.10414	0.50996	0.04746	0.01289	0.06553	0.01183	0.05543	0.01050	0.04056	0.00882	0.00638	0.03805	0.00176	0.00608	0.00467	0.00286	0.00718
13	0.01214	0.04104	0.14095	0.07472	0.17646	0.04918	0.28999	0.07761	0.03961	0.01674	0.02753	0.01280	0.00840	0.00473	0.00513	0.00155	0.00693	0.00481	0.00273	0.00696
14	0.01214	0.01196	0.01535	0.23951	0.14983	0.13917	0.06460	0.05203	0.02534	0.03417	0.01049	0.06129	0.00915	0.03017	0.00692	0.00171	0.10659	0.00497	0.01858	0.00604

[dist]
# distance from previous block
# <min> <max>
0	1

[block]
# block no. 5 follows, 51 sequences, length 10
# corresponding to MSA columns:
# 218-227
name=unknown_F
#
# <colnr> <probs for GDERKNQSTAVLIFYWHMCP>
#	G	D	E	R	K	N	Q	S	T	A	V	L	I	F	Y	W	H	M	C	P
0	0.00815	0.00707	0.00828	0.00765	0.00934	0.04516	0.05174	0.01167	0.12509	0.01616	0.23081	0.16582	0.24405	0.01038	0.00562	0.00165	0.00336	0.00906	0.03392	0.00502
1	0.00811	0.00651	0.00862	0.00831	0.00922	0.02780	0.00646	0.01039	0.05085	0.01230	0.01301	0.01870	0.01199	0.06861	0.57566	0.00624	0.09247	0.00518	0.05493	0.00465
2	0.01574	0.02940	0.01341	0.06571	0.05782	0.26443	0.00904	0.15468	0.02854	0.11799	0.01260	0.02946	0.04370	0.00588	0.00520	0.00140	0.04483	0.00437	0.00358	0.09223
3	0.00998	0.00509	0.00721	0.00684	0.00731	0.00511	0.00476	0.05418	0.00788	0.05839	0.00940	0.01486	0.00875	0.01572	0.01747	0.75297	0.00433	0.00432	0.00254	0.00289
4	0.13842	0.01244	0.05950	0.01765	0.26009	0.04176	0.10807	0.07812	0.08365	0.05838	0.02604	0.01262	0.00885	0.00527	0.00558	0.00157	0.06736	0.00444	0.00318	0.00700
5	0.01356	0.01008	0.01186	0.04010	0.04243	0.07421	0.03602	0.03618	0.01159	0.18327	0.01143	0.01302	0.00885	0.04956	0.00536	0.00128	0.00467	0.00386	0.00355	0.43911
6	0.00658	0.00533	0.00592	0.00594	0.00749	0.00481	0.00460	0.00876	0.04876	0.01500	0.18497	0.04491	0.52465	0.01186	0.00589	0.00171	0.00277	0.10085	0.00474	0.00446
7	0.01369	0.16472	0.19283	0.01361	0.10361	0.08830	0.04578	0.17708	0.02918	0.04306	0.03716	0.01274	0.03157	0.00539	0.00479	0.00143	0.02066	0.00422	0.00315	0.00704
8	0.00704	0.00516	0.00735	0.00732	0.00807	0.00579	0.00547	0.00853	0.00822	0.01171	0.07287	0.02288	0.01585	0.17343	0.60964	0.00687	0.01087	0.00587	0.00290	0.00416
9	0.11527	0.41362	0.01846	0.00922	0.01280	0.13275	0.00812	0.06344	0.12582	0.04467	0.00965	0.01014	0.00781	0.00491	0.00377	0.00127	0.00538	0.00334	0.00302	0.00652

[dist]
# distance from previous block
# <min> <max>
0	1

[block]
# block no. 6 follows, 51 sequences, length 29
# corresponding to MSA columns:
# 229-257
name=unknown_G
#
# <colnr> <probs for GDERKNQSTAVLIFYWHMCP>
#	G	D	E	R	K	N	Q	S	T	A	V	L	I	F	Y	W	H	M	C	P
0	0.03496	0.08442	0.07441	0.06401	0.30688	0.01145	0.05888	0.05377	0.03364	0.14164	0.02735	0.01411	0.00960	0.00522	0.00496	0.00149	0.01886	0.02410	0.00328	0.02698
1	0.00935	0.00758	0.02842	0.00891	0.01040	0.02889	0.02728	0.01102	0.00888	0.07200	0.01316	0.07204	0.01243	0.08081	0.40254	0.00493	0.11423	0.00556	0.00299	0.07857
2	0.01126	0.01305	0.13538	0.07228	0.14364	0.05836	0.04903	0.01846	0.29624	0.01701	0.04320	0.05916	0.01363	0.00653	0.00510	0.00163	0.00535	0.04017	0.00363	0.00689
3	0.10604	0.00991	0.01075	0.00860	0.01173	0.01047	0.00702	0.34925	0.01648	0.19143	0.01394	0.01405	0.00989	0.00575	0.00436	0.00141	0.00421	0.00439	0.21323	0.00711
4	0.00679	0.00539	0.00748	0.03085	0.07380	0.00534	0.00587	0.00798	0.00967	0.01286	0.02680	0.56295	0.13131	0.01452	0.04276	0.00217	0.03321	0.01168	0.00414	0.00444
5	0.00948	0.00808	0.01291	0.01097	0.02539	0.00796	0.18997	0.03475	0.12702	0.03845	0.20507	0.20953	0.04441	0.00912	0.00570	0.00170	0.00435	0.02740	0.02206	0.00567
6	0.00702	0.00527	0.00790	0.00790	0.00878	0.00614	0.00614	0.00878	0.00790	0.01141	0.01316	0.01931	0.01229	0.03686	0.80782	0.00790	0.01316	0.00527	0.00263	0.00439
7	0.00931	0.00530	0.00719	0.00764	0.00873	0.00492	0.00573	0.01064	0.01064	0.15661	0.02547	0.52130	0.02794	0.01333	0.00613	0.00196	0.00343	0.16400	0.00483	0.00490
8	0.00812	0.00523	0.00666	0.00669	0.00787	0.00485	0.00501	0.00966	0.01136	0.08804	0.24171	0.20303	0.15711	0.09435	0.02975	0.00224	0.00345	0.10557	0.00472	0.00458
9	0.32339	0.00992	0.01019	0.00842	0.01171	0.02641	0.00689	0.13533	0.07775	0.27543	0.03747	0.01444	0.01071	0.00585	0.00432	0.00154	0.00425	0.02446	0.00458	0.00694
10	0.00939	0.00884	0.01493	0.78680	0.06171	0.01095	0.01370	0.01265	0.00988	0.01268	0.00875	0.01307	0.00660	0.00489	0.00491	0.00163	0.00652	0.00437	0.00219	0.00554
11	0.18750	0.01091	0.01172	0.00932	0.01284	0.01163	0.00764	0.36241	0.04767	0.22235	0.01473	0.02951	0.03797	0.00613	0.00461	0.00152	0.00456	0.00465	0.00482	0.00749
12	0.01709	0.00805	0.01039	0.00819	0.01152	0.00710	0.00662	0.05842	0.02850	0.48794	0.12946	0.04031	0.03862	0.00675	0.00495	0.00144	0.00382	0.00561	0.00540	0.11981
13	0.01317	0.00997	0.01588	0.01306	0.07959	0.00898	0.19381	0.03496	0.01163	0.17726	0.01232	0.04137	0.00978	0.00525	0.00524	0.00134	0.03828	0.02475	0.00354	0.29982
14	0.01164	0.10261	0.59085	0.01323	0.01938	0.14983	0.01572	0.01618	0.01095	0.01457	0.00842	0.00987	0.00625	0.00469	0.00448	0.00146	0.00735	0.00345	0.00216	0.00690
15	0.00704	0.00520	0.00756	0.00756	0.00831	0.00596	0.00572	0.00856	0.00780	0.01115	0.01348	0.02104	0.01304	0.14361	0.70210	0.00747	0.01203	0.00552	0.00268	0.00420
16	0.06749	0.00938	0.01133	0.00889	0.01248	0.03723	0.00728	0.09297	0.03196	0.60808	0.03012	0.01590	0.01185	0.00601	0.00480	0.00150	0.00436	0.00477	0.02567	0.00793
17	0.00751	0.00528	0.00653	0.00611	0.00754	0.00480	0.00462	0.00980	0.02863	0.05442	0.57918	0.03775	0.20875	0.01032	0.00574	0.00157	0.00247	0.00897	0.00525	0.00476
18	0.00675	0.00493	0.00622	0.00691	0.00761	0.00469	0.00483	0.04826	0.01062	0.01406	0.07094	0.63589	0.11040	0.01424	0.00614	0.00192	0.00297	0.03371	0.00463	0.00429
19	0.01050	0.02442	0.01060	0.02597	0.08136	0.00882	0.00758	0.12383	0.06110	0.03842	0.13425	0.06587	0.04388	0.01278	0.13288	0.00262	0.06664	0.06347	0.07926	0.00576
20	0.01147	0.01072	0.01754	0.32641	0.33238	0.01173	0.06881	0.06719	0.07490	0.01608	0.01015	0.01308	0.00792	0.00486	0.00497	0.00156	0.00610	0.00458	0.00272	0.00685
21	0.00622	0.00515	0.00547	0.00536	0.00696	0.00448	0.00403	0.00805	0.03500	0.01473	0.19197	0.04439	0.62742	0.01181	0.00578	0.00164	0.00250	0.00994	0.00474	0.00435
22	0.00671	0.00458	0.00549	0.00592	0.00603	0.00447	0.00358	0.00703	0.00801	0.01068	0.01989	0.33315	0.02343	0.51871	0.01789	0.00371	0.00404	0.00974	0.00358	0.00336
23	0.05587	0.11507	0.04157	0.01266	0.04845	0.23353	0.10969	0.11448	0.05790	0.03625	0.02660	0.05410	0.02772	0.00594	0.00515	0.00147	0.03926	0.00471	0.00321	0.00639
24	0.00986	0.02542	0.80183	0.01401	0.02127	0.01141	0.01816	0.01556	0.01038	0.01556	0.00882	0.01038	0.00623	0.00467	0.00467	0.00156	0.00726	0.00363	0.00208	0.00726
25	0.00587	0.00490	0.00511	0.00523	0.00672	0.00415	0.00386	0.00710	0.01109	0.01341	0.07256	0.13359	0.68418	0.01269	0.00586	0.00169	0.00252	0.01072	0.00459	0.00415
26	0.01374	0.01159	0.03215	0.09430	0.25053	0.06464	0.07788	0.09879	0.03436	0.13117	0.02942	0.03253	0.01005	0.00736	0.05104	0.00191	0.04325	0.00489	0.00340	0.00699
27	0.01064	0.02884	0.06037	0.07066	0.16745	0.04300	0.08823	0.02722	0.09879	0.05119	0.08237	0.14987	0.07270	0.01963	0.00558	0.00166	0.00500	0.00696	0.00365	0.00617
28	0.01004	0.00929	0.01453	0.64906	0.08663	0.03833	0.01287	0.01305	0.01013	0.02939	0.02164	0.01367	0.00768	0.01699	0.00545	0.00165	0.02741	0.00445	0.02210	0.00563

[dist]
# distance from previous block
# <min> <max>
0	1

[block]
# block no. 7 follows, 51 sequences, length 27
# corresponding to MSA columns:
# 259-279,289-294
name=unknown_H
#
# <colnr> <probs for GDERKNQSTAVLIFYWHMCP>
#	G	D	E	R	K	N	Q	S	T	A	V	L	I	F	Y	W	H	M	C	P
0	0.05722	0.01133	0.09135	0.01303	0.16129	0.00917	0.03191	0.04808	0.03043	0.03974	0.01078	0.01226	0.03346	0.00465	0.00462	0.00118	0.03184	0.00382	0.00300	0.40086
1	0.05926	0.22937	0.09385	0.01211	0.05081	0.14281	0.06501	0.11271	0.11335	0.03823	0.01014	0.01103	0.00795	0.00511	0.00463	0.00140	0.02845	0.00383	0.00310	0.00682
2	0.00713	0.00482	0.00565	0.00565	0.00575	0.00492	0.00334	0.00733	0.00723	0.00974	0.01522	0.03070	0.01723	0.73733	0.11411	0.00512	0.00572	0.00693	0.00294	0.00314
3	0.01216	0.07086	0.04811	0.10333	0.32059	0.03220	0.07935	0.02713	0.05979	0.07186	0.03185	0.01622	0.02986	0.02940	0.00569	0.00162	0.01787	0.03221	0.00305	0.00684
4	0.01100	0.00871	0.01027	0.00738	0.01171	0.00660	0.00592	0.01317	0.01046	0.06969	0.00946	0.01064	0.00761	0.00381	0.00373	0.00078	0.00368	0.00305	0.00313	0.79921
5	0.01139	0.01213	0.07182	0.26276	0.27208	0.02397	0.13339	0.04857	0.06316	0.01569	0.00990	0.01280	0.00770	0.00487	0.00533	0.00158	0.02886	0.00461	0.00261	0.00679
6	0.01628	0.01262	0.01327	0.03191	0.01473	0.04463	0.00881	0.42679	0.29442	0.06151	0.01483	0.01427	0.01077	0.00612	0.00493	0.00154	0.00498	0.00480	0.00483	0.00797
7	0.00653	0.00465	0.00594	0.00653	0.00696	0.00453	0.00443	0.00741	0.00909	0.01214	0.06103	0.41346	0.07184	0.23238	0.08633	0.00326	0.00437	0.05131	0.00400	0.00383
8	0.00698	0.00472	0.00538	0.00550	0.00559	0.00466	0.00317	0.00711	0.00753	0.00998	0.01799	0.11464	0.04899	0.71226	0.02234	0.00436	0.00448	0.00798	0.00320	0.00313
9	0.01314	0.83025	0.02575	0.00841	0.01261	0.01945	0.00841	0.01472	0.00999	0.01156	0.00683	0.00788	0.00631	0.00420	0.00315	0.00105	0.00526	0.00263	0.00210	0.00631
10	0.00715	0.00476	0.00536	0.00536	0.00536	0.00476	0.00298	0.00715	0.00715	0.00953	0.01548	0.03216	0.01787	0.82729	0.02501	0.00476	0.00476	0.00715	0.00298	0.00298
11	0.83394	0.00947	0.00736	0.00654	0.00961	0.01090	0.00539	0.01476	0.00855	0.04804	0.00726	0.00828	0.00555	0.00461	0.00310	0.00152	0.00381	0.00274	0.00314	0.00542
12	0.01887	0.01346	0.01456	0.01116	0.01509	0.01478	0.00922	0.73723	0.02259	0.07472	0.01223	0.01208	0.00857	0.00591	0.00492	0.00148	0.00534	0.00445	0.00498	0.00836
13	0.86201	0.00950	0.00722	0.00646	0.00950	0.01102	0.00532	0.01445	0.00836	0.02205	0.00684	0.00798	0.00532	0.00456	0.00304	0.00152	0.00380	0.00266	0.00304	0.00532
14	0.00661	0.00499	0.00607	0.00584	0.00710	0.00449	0.00434	0.00854	0.01290	0.01751	0.54880	0.05660	0.25983	0.02718	0.00619	0.00165	0.00243	0.00939	0.00510	0.00445
15	0.82408	0.00945	0.00741	0.00657	0.00964	0.01085	0.00541	0.01487	0.00862	0.05718	0.00741	0.00838	0.00563	0.00463	0.00313	0.00152	0.00382	0.00276	0.00318	0.00546
16	0.01332	0.01110	0.01173	0.01022	0.01320	0.01274	0.00804	0.15415	0.65793	0.02233	0.01861	0.01723	0.01387	0.00654	0.00499	0.00163	0.00415	0.00536	0.00499	0.00788
17	0.34145	0.00756	0.00745	0.00672	0.00887	0.02533	0.00528	0.01300	0.03210	0.07583	0.39468	0.02300	0.02624	0.00743	0.00461	0.00153	0.00321	0.00597	0.00446	0.00527
18	0.00984	0.00765	0.00887	0.00855	0.01046	0.00818	0.00680	0.07195	0.27004	0.03145	0.08236	0.11007	0.11681	0.01141	0.04195	0.00209	0.00419	0.18676	0.00473	0.00586
19	0.00842	0.00427	0.00637	0.00642	0.00644	0.00426	0.00428	0.00642	0.00654	0.00872	0.00938	0.05191	0.00963	0.01700	0.01862	0.81796	0.00420	0.00471	0.00224	0.00222
20	0.02045	0.00889	0.01117	0.00876	0.01227	0.04376	0.00715	0.04136	0.01427	0.67505	0.08790	0.01803	0.01486	0.00639	0.00499	0.00151	0.00426	0.00520	0.00583	0.00791
21	0.01786	0.00805	0.01045	0.00841	0.01157	0.00741	0.00680	0.05003	0.08263	0.53834	0.15519	0.03441	0.03206	0.00709	0.00513	0.00155	0.00383	0.00591	0.00577	0.00751
22	0.01654	0.01582	0.01517	0.03757	0.10963	0.27206	0.03862	0.28635	0.03885	0.05037	0.01068	0.03270	0.00844	0.00574	0.00528	0.00147	0.03974	0.00436	0.00360	0.00702
23	0.03256	0.01706	0.22916	0.02840	0.04025	0.14781	0.10317	0.07377	0.13731	0.02692	0.01183	0.01412	0.01826	0.00580	0.00571	0.00160	0.06382	0.03259	0.00310	0.00676
24	0.00764	0.00553	0.00686	0.02789	0.00817	0.00562	0.00490	0.03104	0.02425	0.03589	0.07707	0.20086	0.16745	0.22951	0.11966	0.00339	0.02738	0.00876	0.00388	0.00425
25	0.00849	0.00430	0.00645	0.00645	0.00647	0.00432	0.00432	0.00647	0.00645	0.00862	0.00867	0.01507	0.00865	0.01765	0.04218	0.83229	0.00453	0.00430	0.00215	0.00220
26	0.07473	0.03667	0.08489	0.05312	0.31931	0.05570	0.04633	0.08855	0.02727	0.03695	0.01056	0.02709	0.02139	0.00496	0.00461	0.00141	0.00565	0.00430	0.00294	0.09356

[dist]
# distance from previous block
# <min> <max>
0	1

[block]
# block no. 8 follows, 51 sequences, length 26
# corresponding to MSA columns:
# 297-322
name=unknown_I
#
# <colnr> <probs for GDERKNQSTAVLIFYWHMCP>
#	G	D	E	R	K	N	Q	S	T	A	V	L	I	F	Y	W	H	M	C	P
0	0.01490	0.06212	0.07001	0.01176	0.03405	0.06629	0.00985	0.34633	0.15293	0.02200	0.01207	0.03549	0.00953	0.00642	0.00643	0.00159	0.12233	0.00463	0.00394	0.00731
1	0.00610	0.00479	0.00556	0.00607	0.00717	0.00425	0.00445	0.00733	0.01063	0.01331	0.05789	0.33081	0.42596	0.01357	0.00607	0.00184	0.00281	0.08269	0.00458	0.00414
2	0.01143	0.01181	0.03729	0.01843	0.35187	0.13565	0.04282	0.01333	0.01029	0.01332	0.01083	0.01741	0.01043	0.23233	0.04434	0.00263	0.02228	0.00502	0.00259	0.00588
3	0.00990	0.02465	0.76045	0.01395	0.02083	0.01160	0.01777	0.01537	0.01023	0.01537	0.00869	0.01040	0.00624	0.00488	0.00527	0.00159	0.04992	0.00367	0.00208	0.00716
4	0.00693	0.00521	0.00750	0.00748	0.00840	0.00585	0.00575	0.00861	0.00846	0.01194	0.05958	0.02296	0.07531	0.06450	0.66999	0.00694	0.01140	0.00594	0.00295	0.00433
5	0.00699	0.00498	0.00664	0.00676	0.00728	0.00529	0.00475	0.00805	0.00828	0.01148	0.06806	0.10581	0.01921	0.33049	0.35227	0.00552	0.00796	0.03315	0.00320	0.00384
6	0.08710	0.00962	0.00761	0.00707	0.00890	0.16632	0.00540	0.04209	0.07925	0.01804	0.01373	0.01529	0.01076	0.00558	0.00379	0.00126	0.00399	0.00421	0.50470	0.00528
7	0.00675	0.00502	0.00629	0.00597	0.00722	0.00455	0.00448	0.00889	0.01344	0.01858	0.66399	0.03856	0.17712	0.01047	0.00580	0.00157	0.00235	0.00915	0.00526	0.00455
8	0.01285	0.75978	0.09370	0.00890	0.01337	0.01874	0.00926	0.01479	0.01002	0.01191	0.00701	0.00810	0.00630	0.00425	0.00329	0.00110	0.00543	0.00272	0.00210	0.00639
9	0.01353	0.00970	0.01114	0.04274	0.04265	0.01014	0.00761	0.22994	0.18999	0.12119	0.03573	0.02237	0.18936	0.00745	0.00510	0.00154	0.00418	0.00610	0.00472	0.04483
10	0.01882	0.01387	0.01457	0.01124	0.01512	0.04260	0.00925	0.72089	0.02239	0.06363	0.01198	0.01191	0.00845	0.00588	0.00490	0.00147	0.00548	0.00440	0.00488	0.00826
11	0.05291	0.01265	0.10850	0.12950	0.03682	0.05849	0.03630	0.19669	0.04916	0.10550	0.04598	0.05614	0.01164	0.00623	0.00490	0.00153	0.00546	0.02776	0.00382	0.05001
12	0.01229	0.31645	0.18746	0.01096	0.03684	0.01444	0.01065	0.05805	0.03232	0.05089	0.00904	0.01128	0.00763	0.04776	0.00696	0.00159	0.13379	0.00370	0.00262	0.04526
13	0.00771	0.00559	0.00763	0.00864	0.00983	0.00551	0.00750	0.00987	0.01130	0.01456	0.02839	0.05462	0.10481	0.01346	0.00669	0.00220	0.00432	0.68835	0.00453	0.00449
14	0.01424	0.01654	0.01305	0.01145	0.01365	0.44298	0.06137	0.04771	0.01270	0.01350	0.01563	0.04800	0.13416	0.00704	0.00611	0.00149	0.09746	0.00515	0.03229	0.00548
15	0.01325	0.43305	0.18760	0.03254	0.08230	0.10112	0.01129	0.03950	0.01112	0.03600	0.00810	0.00939	0.00666	0.00453	0.00391	0.00126	0.00613	0.00321	0.00237	0.00667
16	0.00607	0.00433	0.00563	0.00667	0.00706	0.00402	0.00448	0.00699	0.00954	0.01275	0.02811	0.75522	0.07682	0.01494	0.00616	0.00195	0.00281	0.01349	0.02895	0.00402
17	0.02026	0.01124	0.01318	0.01011	0.01398	0.01149	0.00835	0.42649	0.01888	0.39070	0.01535	0.01410	0.01014	0.00598	0.00493	0.00150	0.00483	0.00467	0.00546	0.00836
18	0.00979	0.04553	0.48986	0.13677	0.03379	0.01099	0.07971	0.01437	0.01024	0.01480	0.00976	0.03122	0.00758	0.00663	0.04700	0.00189	0.00718	0.00427	0.03203	0.00659
19	0.00921	0.05227	0.05883	0.07471	0.08407	0.05610	0.06010	0.03060	0.02898	0.01353	0.01818	0.29932	0.05930	0.04348	0.05116	0.03817	0.00531	0.00813	0.00339	0.00516
20	0.00597	0.00469	0.00533	0.00578	0.00680	0.00413	0.00406	0.00704	0.01039	0.01302	0.06163	0.35772	0.43392	0.04787	0.00680	0.00192	0.00272	0.01163	0.00452	0.00405
21	0.00946	0.00532	0.00679	0.00681	0.00816	0.00479	0.00500	0.01081	0.01106	0.17099	0.08081	0.41099	0.15745	0.01210	0.00576	0.00178	0.00304	0.03425	0.04963	0.00498
22	0.03394	0.01034	0.03414	0.17145	0.23607	0.01038	0.11936	0.06567	0.03252	0.10058	0.01185	0.02683	0.00910	0.00515	0.00482	0.00151	0.00555	0.00479	0.10923	0.00674
23	0.17061	0.10120	0.06768	0.01120	0.07719	0.07296	0.04124	0.04935	0.01090	0.09745	0.01298	0.16777	0.01224	0.00809	0.03046	0.00178	0.05177	0.00571	0.00339	0.00603
24	0.34180	0.04218	0.03313	0.03595	0.01212	0.03414	0.00715	0.08499	0.01159	0.22372	0.01219	0.05446	0.00936	0.00662	0.02470	0.00169	0.02531	0.00427	0.02827	0.00639
25	0.01217	0.11644	0.06451	0.09989	0.20891	0.08017	0.10936	0.01520	0.03171	0.04537	0.01090	0.01356	0.03052	0.00508	0.00501	0.00142	0.03047	0.02153	0.00272	0.09506

[dist]
# distance from previous block
# <min> <max>
3	8

[block]
# block no. 9 follows, 51 sequences, length 12
# corresponding to MSA columns:
# 331-342
name=unknown_J
#
# <colnr> <probs for GDERKNQSTAVLIFYWHMCP>
#	G	D	E	R	K	N	Q	S	T	A	V	L	I	F	Y	W	H	M	C	P
0	0.01308	0.03044	0.01762	0.12400	0.49895	0.09195	0.01311	0.01609	0.03570	0.06992	0.00999	0.01230	0.00796	0.00468	0.00476	0.00144	0.00597	0.00424	0.00275	0.03506
1	0.27226	0.01523	0.06917	0.02439	0.09272	0.26171	0.02762	0.03150	0.03760	0.06607	0.00918	0.01048	0.00712	0.00562	0.02020	0.00158	0.01972	0.00355	0.01813	0.00616
2	0.00714	0.00519	0.00648	0.00630	0.00751	0.00493	0.00468	0.00921	0.03270	0.03500	0.38896	0.10452	0.20511	0.05421	0.10341	0.00254	0.00392	0.00896	0.00470	0.00453
3	0.00783	0.00546	0.00662	0.00644	0.00693	0.00576	0.00424	0.05830	0.00847	0.01152	0.01512	0.05865	0.01643	0.54506	0.21755	0.00522	0.00682	0.00677	0.00308	0.00372
4	0.00837	0.00702	0.01131	0.03692	0.01187	0.00775	0.11638	0.03550	0.00884	0.01240	0.01255	0.01981	0.01195	0.17027	0.45487	0.00570	0.05553	0.00557	0.00271	0.00468
5	0.00945	0.00890	0.01504	0.77059	0.07745	0.01096	0.01373	0.01270	0.00990	0.01276	0.00876	0.01305	0.00662	0.00488	0.00491	0.00163	0.00651	0.00437	0.00220	0.00559
6	0.01148	0.01410	0.08254	0.02025	0.02538	0.01236	0.72609	0.01573	0.01151	0.01573	0.00986	0.01306	0.00737	0.00418	0.00572	0.00165	0.00821	0.00565	0.00246	0.00667
7	0.00711	0.00492	0.00617	0.00617	0.00645	0.00521	0.00399	0.00767	0.00739	0.01013	0.01474	0.02805	0.01608	0.57458	0.27529	0.00577	0.00745	0.00655	0.00287	0.00343
8	0.00635	0.00445	0.00572	0.00658	0.00684	0.00425	0.00433	0.00706	0.00895	0.01192	0.02428	0.60268	0.02884	0.20867	0.01076	0.00267	0.00338	0.04434	0.00418	0.00377
9	0.01019	0.00873	0.01019	0.00728	0.01165	0.00655	0.00582	0.01237	0.01019	0.01601	0.00873	0.01019	0.00728	0.00364	0.00364	0.00073	0.00364	0.00291	0.00291	0.85734
10	0.04573	0.00784	0.00966	0.00796	0.01076	0.00740	0.00637	0.12290	0.01443	0.37094	0.16774	0.07903	0.11166	0.00815	0.00523	0.00157	0.00370	0.00680	0.00540	0.00675
11	0.01571	0.01247	0.01319	0.01124	0.03935	0.05728	0.00877	0.45545	0.15150	0.03799	0.01557	0.05456	0.04699	0.00694	0.00545	0.00157	0.03485	0.01902	0.00459	0.00751

[dist]
# distance from previous block
# <min> <max>
1	3

[block]
# block no. 10 follows, 51 sequences, length 60
# corresponding to MSA columns:
# 346-393,397-408
name=unknown_K
#
# <colnr> <probs for GDERKNQSTAVLIFYWHMCP>
#	G	D	E	R	K	N	Q	S	T	A	V	L	I	F	Y	W	H	M	C	P
0	0.01252	0.01168	0.03242	0.03020	0.33748	0.06084	0.02725	0.05911	0.19160	0.04151	0.01345	0.06530	0.01134	0.00590	0.00493	0.00150	0.00523	0.01799	0.00347	0.06626
1	0.00815	0.00616	0.00858	0.00821	0.00923	0.00717	0.00637	0.07197	0.00907	0.01289	0.01293	0.01926	0.01212	0.09056	0.65104	0.00690	0.04663	0.00529	0.00282	0.00465
2	0.01365	0.72524	0.02428	0.00891	0.01290	0.07475	0.00857	0.04280	0.01068	0.01231	0.00706	0.00816	0.00639	0.00443	0.00360	0.00111	0.02384	0.00277	0.00224	0.00632
3	0.00595	0.00471	0.00536	0.00578	0.00688	0.00412	0.00412	0.00712	0.01068	0.01341	0.08968	0.34966	0.44829	0.01344	0.00599	0.00178	0.00262	0.01168	0.00462	0.00412
4	0.00705	0.00517	0.00662	0.00623	0.00746	0.00482	0.00468	0.00962	0.03397	0.01947	0.74418	0.03665	0.07540	0.01005	0.00578	0.00155	0.00237	0.00886	0.00537	0.00470
5	0.00694	0.00516	0.00649	0.00656	0.00761	0.00490	0.00481	0.00941	0.05715	0.01694	0.43976	0.24325	0.10680	0.02567	0.00624	0.00176	0.00269	0.03825	0.00501	0.00457
6	0.01630	0.01165	0.01256	0.00996	0.01325	0.01268	0.00810	0.59576	0.02010	0.04460	0.01534	0.07061	0.04976	0.00687	0.00491	0.00149	0.00475	0.00541	0.08841	0.00747
7	0.02122	0.00970	0.01223	0.00938	0.01321	0.00920	0.00775	0.21087	0.01630	0.60996	0.01751	0.01551	0.01122	0.00604	0.00494	0.00151	0.00448	0.00481	0.00579	0.00836
8	0.00746	0.00567	0.00775	0.00753	0.00800	0.00660	0.00551	0.00852	0.00759	0.01078	0.01328	0.02297	0.01365	0.31494	0.44540	0.00617	0.09565	0.00583	0.00270	0.00399
9	0.01659	0.01273	0.01357	0.01088	0.01444	0.01426	0.00884	0.53638	0.27037	0.02760	0.01445	0.01391	0.01051	0.00615	0.00494	0.00154	0.00492	0.00479	0.00494	0.00817
10	0.00614	0.00438	0.00584	0.00695	0.00729	0.00412	0.00474	0.00706	0.00948	0.01262	0.02676	0.75728	0.03191	0.03304	0.00672	0.00207	0.00300	0.06208	0.00452	0.00400
11	0.00720	0.00499	0.00607	0.00644	0.00685	0.00492	0.00436	0.02113	0.00894	0.01184	0.04165	0.20279	0.04550	0.45280	0.01643	0.00351	0.00420	0.14302	0.00373	0.00364
12	0.01008	0.07967	0.74952	0.01363	0.02069	0.01195	0.01750	0.01551	0.01035	0.01529	0.00869	0.01021	0.00623	0.00464	0.00457	0.00152	0.00713	0.00356	0.00208	0.00720
13	0.00668	0.00479	0.00628	0.00723	0.00774	0.00460	0.00507	0.03822	0.01014	0.01349	0.02637	0.71863	0.03113	0.01484	0.00627	0.00200	0.00311	0.08462	0.00457	0.00422
14	0.03041	0.00983	0.06090	0.00794	0.01218	0.00736	0.00679	0.05554	0.01118	0.06671	0.03315	0.02622	0.00928	0.01566	0.00425	0.00099	0.00397	0.00360	0.00328	0.63078
15	0.07742	0.18080	0.01618	0.01061	0.01422	0.17691	0.00885	0.39551	0.03810	0.02227	0.00980	0.01031	0.00749	0.00531	0.00433	0.00135	0.00592	0.00371	0.00373	0.00717
16	0.01145	0.00836	0.02282	0.05860	0.10925	0.00818	0.07213	0.06147	0.07087	0.13108	0.01935	0.17482	0.05567	0.06348	0.00675	0.00191	0.00462	0.07493	0.03826	0.00602
17	0.01147	0.01534	0.22524	0.07505	0.27143	0.05336	0.14067	0.01536	0.02784	0.03858	0.02701	0.04574	0.00952	0.00528	0.00506	0.00156	0.00653	0.01536	0.00267	0.00694
18	0.01647	0.04301	0.04656	0.01232	0.05186	0.14837	0.06500	0.25170	0.08171	0.15304	0.01413	0.01423	0.04540	0.00592	0.00517	0.00149	0.02752	0.00467	0.00412	0.00731
19	0.00928	0.00873	0.01474	0.81548	0.03385	0.01092	0.01365	0.01256	0.00983	0.01256	0.00873	0.01310	0.00655	0.00491	0.00491	0.00164	0.00655	0.00437	0.00218	0.00546
20	0.00688	0.00657	0.06486	0.03582	0.03402	0.00537	0.02698	0.00840	0.00974	0.01304	0.02474	0.57659	0.06320	0.04053	0.00669	0.00202	0.00369	0.06226	0.00412	0.00447
21	0.03704	0.17521	0.52192	0.01372	0.05886	0.01292	0.05522	0.02829	0.01055	0.01525	0.00885	0.02503	0.00688	0.00475	0.00444	0.00147	0.00664	0.00377	0.00224	0.00697
22	0.01032	0.00770	0.00876	0.00794	0.01004	0.00809	0.00612	0.03690	0.32675	0.07575	0.29212	0.05996	0.11171	0.00876	0.00541	0.00162	0.00321	0.00751	0.00515	0.00619
23	0.00740	0.00508	0.00593	0.00597	0.00737	0.00443	0.00438	0.00873	0.01130	0.08174	0.13475	0.25665	0.42352	0.01240	0.00586	0.00173	0.00271	0.01070	0.00480	0.00453
