[name]
unknown

[dist]
# distance from previous block
# <min> <max>
0	11

[block]
# block no. 0 follows, 53 sequences, length 13
# corresponding to MSA columns:
# 22-34
name=unknown_A
#
# <colnr> <probs for GDERKNQSTAVLIFYWHMCP>
#	G	D	E	R	K	N	Q	S	T	A	V	L	I	F	Y	W	H	M	C	P
0	0.00953	0.00710	0.00892	0.00919	0.01084	0.00749	0.00785	0.10531	0.11892	0.01698	0.02285	0.04390	0.02342	0.01139	0.00615	0.00203	0.00442	0.57392	0.00451	0.00528
1	0.01924	0.01013	0.05676	0.00932	0.01312	0.00900	0.00801	0.14300	0.09778	0.55524	0.01718	0.01533	0.01121	0.00587	0.00479	0.00149	0.00439	0.00472	0.00540	0.00801
2	0.01278	0.83490	0.02505	0.00818	0.01227	0.01891	0.00818	0.01431	0.00971	0.01125	0.00664	0.00767	0.00613	0.00409	0.00307	0.00102	0.00511	0.00256	0.00204	0.00613
3	0.00645	0.00487	0.00595	0.00568	0.00695	0.00437	0.00426	0.00840	0.01278	0.01739	0.58577	0.03863	0.26013	0.01044	0.00564	0.00153	0.00230	0.00905	0.00503	0.00437
4	0.00876	0.00808	0.01346	0.66646	0.07408	0.00977	0.01218	0.01162	0.00958	0.01241	0.01090	0.12119	0.00980	0.00610	0.00495	0.00163	0.00585	0.00549	0.00245	0.00525
5	0.01278	0.83490	0.02505	0.00818	0.01227	0.01891	0.00818	0.01431	0.00971	0.01125	0.00664	0.00767	0.00613	0.00409	0.00307	0.00102	0.00511	0.00256	0.00204	0.00613
6	0.00565	0.00484	0.00484	0.00484	0.00646	0.00403	0.00363	0.00686	0.01089	0.01291	0.04842	0.04600	0.80027	0.01210	0.00565	0.00161	0.00242	0.01009	0.00444	0.00403
7	0.00618	0.00442	0.00596	0.00707	0.00750	0.00419	0.00506	0.00728	0.00951	0.01261	0.02614	0.67992	0.03082	0.01463	0.00620	0.00199	0.00309	0.15900	0.00443	0.00398
8	0.01159	0.53256	0.31695	0.01021	0.01541	0.01600	0.01172	0.01462	0.00985	0.01270	0.00737	0.00857	0.00610	0.00426	0.00362	0.00121	0.00584	0.00292	0.00203	0.00648
9	0.00592	0.00467	0.00539	0.00589	0.00698	0.00413	0.00434	0.00711	0.01029	0.01281	0.03824	0.32210	0.44926	0.01323	0.00591	0.00179	0.00275	0.09073	0.00443	0.00402
10	0.00996	0.12019	0.71509	0.01298	0.01969	0.01202	0.01654	0.01504	0.01005	0.01468	0.00835	0.00981	0.00606	0.00449	0.00437	0.00146	0.00683	0.00342	0.00202	0.00695
11	0.01013	0.00915	0.01521	0.35266	0.03722	0.00998	0.15469	0.05653	0.04983	0.03283	0.12995	0.01730	0.01359	0.00578	0.00533	0.00156	0.02612	0.02369	0.00311	0.04535
12	0.06014	0.00876	0.01030	0.00764	0.01149	0.00744	0.00618	0.03793	0.01050	0.10941	0.00958	0.01062	0.00752	0.00422	0.00440	0.00095	0.05120	0.00318	0.00322	0.63530

[dist]
# distance from previous block
# <min> <max>
1	2

[block]
# block no. 1 follows, 53 sequences, length 15
# corresponding to MSA columns:
# 37-51
name=unknown_B
#
# <colnr> <probs for GDERKNQSTAVLIFYWHMCP>
#	G	D	E	R	K	N	Q	S	T	A	V	L	I	F	Y	W	H	M	C	P
0	0.03734	0.04010	0.01303	0.00949	0.01338	0.06210	0.08226	0.11582	0.08019	0.04671	0.02165	0.01148	0.00846	0.00445	0.00412	0.00108	0.00462	0.00368	0.00332	0.43675
1	0.01018	0.04557	0.71713	0.01363	0.02038	0.01122	0.05684	0.01541	0.01027	0.04324	0.00895	0.01039	0.00633	0.00455	0.00457	0.00150	0.00696	0.00366	0.00218	0.00704
2	0.00614	0.00475	0.00586	0.03660	0.00781	0.00436	0.00452	0.00756	0.01092	0.01429	0.23867	0.32149	0.29523	0.01223	0.00577	0.00170	0.00265	0.01073	0.00457	0.00415
3	0.01331	0.01163	0.01157	0.01011	0.01298	0.06760	0.00793	0.14787	0.61522	0.02106	0.01733	0.01617	0.01296	0.00626	0.00481	0.00156	0.00435	0.00507	0.00468	0.00752
4	0.01075	0.01025	0.01745	0.33409	0.50589	0.01107	0.01413	0.01372	0.01037	0.01430	0.00880	0.01218	0.00711	0.00446	0.00475	0.00149	0.00595	0.00425	0.00227	0.00670
5	0.01032	0.21073	0.62767	0.01237	0.01875	0.01289	0.01548	0.01495	0.01000	0.01424	0.00813	0.00953	0.00607	0.00444	0.00420	0.00140	0.00662	0.00331	0.00202	0.00685
6	0.01733	0.01240	0.05431	0.01041	0.01414	0.01254	0.00886	0.53203	0.05546	0.16478	0.01359	0.04355	0.00993	0.00665	0.01995	0.00159	0.00512	0.00477	0.00479	0.00782
7	0.00629	0.00511	0.00539	0.00545	0.00674	0.00465	0.00389	0.00813	0.06409	0.01279	0.03897	0.13441	0.54159	0.13112	0.00836	0.00209	0.00288	0.00972	0.00424	0.00409
8	0.00602	0.00449	0.00538	0.00586	0.00664	0.00405	0.00405	0.00693	0.00986	0.01269	0.09912	0.40355	0.29523	0.07083	0.00767	0.03557	0.00279	0.01112	0.00431	0.00385
9	0.50011	0.01009	0.00934	0.00801	0.01062	0.05746	0.00654	0.06427	0.01025	0.11978	0.04951	0.01092	0.00847	0.00552	0.00517	0.00154	0.10971	0.00353	0.00343	0.00573
10	0.15761	0.02968	0.03547	0.02787	0.05897	0.08105	0.05761	0.14361	0.14136	0.11386	0.02501	0.01319	0.02478	0.00535	0.00440	0.00142	0.00496	0.00425	0.00381	0.06574
11	0.01211	0.35231	0.12492	0.03740	0.18457	0.04578	0.08160	0.03179	0.03527	0.01393	0.00832	0.01001	0.00688	0.00433	0.00406	0.00127	0.00584	0.00353	0.00234	0.03373
12	0.01186	0.03704	0.01859	0.10967	0.60851	0.01143	0.03567	0.01525	0.05143	0.04021	0.00974	0.01228	0.00789	0.00447	0.00472	0.00144	0.00565	0.00432	0.00257	0.00727
13	0.01152	0.03672	0.01647	0.17796	0.38568	0.06185	0.04428	0.02888	0.03413	0.03866	0.06319	0.01493	0.02327	0.00518	0.00479	0.00145	0.00562	0.01921	0.00282	0.02335
14	0.01272	0.01284	0.01366	0.08325	0.26797	0.23671	0.01009	0.01518	0.03751	0.04472	0.03527	0.03998	0.04940	0.00567	0.00482	0.00138	0.02269	0.00466	0.06190	0.03956

[dist]
# distance from previous block
# <min> <max>
4	12

[block]
# block no. 2 follows, 53 sequences, length 20
# corresponding to MSA columns:
# 64-83
name=unknown_C
#
# <colnr> <probs for GDERKNQSTAVLIFYWHMCP>
#	G	D	E	R	K	N	Q	S	T	A	V	L	I	F	Y	W	H	M	C	P
0	0.06742	0.01129	0.05472	0.11981	0.47011	0.02859	0.01257	0.04101	0.02642	0.01589	0.02372	0.03738	0.02332	0.00509	0.00487	0.00147	0.02170	0.00454	0.00265	0.02743
1	0.02865	0.00816	0.01025	0.02646	0.01153	0.02708	0.03758	0.08207	0.10147	0.24895	0.28269	0.02363	0.03660	0.00741	0.00513	0.00151	0.00381	0.02969	0.00499	0.02235
2	0.01296	0.00959	0.01104	0.00877	0.01198	0.02669	0.02199	0.25163	0.04660	0.08625	0.12649	0.05822	0.01557	0.00641	0.00468	0.00129	0.00413	0.03305	0.00425	0.25841
3	0.01106	0.01057	0.01801	0.24702	0.59056	0.01115	0.01428	0.01399	0.01052	0.01468	0.00885	0.01208	0.00724	0.00440	0.00474	0.00147	0.00587	0.00426	0.00230	0.00695
4	0.00917	0.00864	0.01459	0.78034	0.07200	0.01066	0.01334	0.01234	0.00962	0.01238	0.00852	0.01270	0.00643	0.00475	0.00478	0.00158	0.00634	0.00425	0.00214	0.00542
5	0.00991	0.00850	0.00991	0.00708	0.01133	0.00637	0.00566	0.01203	0.00991	0.01557	0.00850	0.00991	0.00708	0.00354	0.00354	0.00071	0.00354	0.00283	0.00283	0.86124
6	0.00959	0.02472	0.80726	0.01362	0.02069	0.01110	0.01766	0.01514	0.01009	0.01514	0.00858	0.01009	0.00605	0.00454	0.00454	0.00151	0.00706	0.00353	0.00202	0.00706
7	0.86579	0.00924	0.00702	0.00629	0.00924	0.01072	0.00518	0.01405	0.00813	0.02144	0.00666	0.00776	0.00518	0.00444	0.00296	0.00148	0.00370	0.00259	0.00296	0.00518
8	0.00770	0.00550	0.00770	0.00880	0.00990	0.00550	0.00770	0.00990	0.01100	0.01430	0.02531	0.05391	0.02751	0.01320	0.00660	0.00220	0.00440	0.77004	0.00440	0.00440
9	0.01264	0.01137	0.01406	0.01199	0.01272	0.09256	0.00988	0.01381	0.00877	0.11613	0.00804	0.01104	0.00699	0.00770	0.01313	0.00193	0.63480	0.00416	0.00263	0.00564
10	0.00903	0.00850	0.01434	0.82054	0.03292	0.01062	0.01327	0.01221	0.00956	0.01221	0.00850	0.01274	0.00637	0.00478	0.00478	0.00159	0.00637	0.00425	0.00212	0.00531
11	0.00959	0.02472	0.80726	0.01362	0.02069	0.01110	0.01766	0.01514	0.01009	0.01514	0.00858	0.01009	0.00605	0.00454	0.00454	0.00151	0.00706	0.00353	0.00202	0.00706
12	0.00672	0.00485	0.00635	0.00604	0.00713	0.00448	0.00451	0.00890	0.01332	0.01883	0.76193	0.07443	0.04444	0.01003	0.00566	0.00152	0.00228	0.00889	0.00522	0.00448
13	0.00692	0.00476	0.00587	0.00587	0.00610	0.00499	0.00372	0.00737	0.00715	0.00975	0.01446	0.02795	0.01593	0.62002	0.23435	0.00545	0.00681	0.00646	0.00281	0.00326
14	0.02144	0.00813	0.01109	0.00850	0.01220	0.00702	0.00702	0.02329	0.01368	0.80552	0.01886	0.01627	0.01183	0.00592	0.00481	0.00148	0.00407	0.00481	0.00592	0.00813
15	0.00582	0.00416	0.00555	0.00666	0.00693	0.00388	0.00444	0.00666	0.00915	0.01220	0.02634	0.82891	0.03161	0.01497	0.00610	0.00194	0.00277	0.01359	0.00444	0.00388
16	0.00581	0.00421	0.00549	0.00652	0.00690	0.00389	0.00437	0.00667	0.00929	0.01226	0.02804	0.76867	0.09075	0.01475	0.00607	0.00192	0.00275	0.01332	0.00444	0.00389
17	0.00748	0.00522	0.00744	0.06946	0.00972	0.00598	0.00592	0.00943	0.00837	0.01276	0.01312	0.01809	0.01159	0.02637	0.56138	0.00568	0.00983	0.00490	0.20287	0.00439
18	0.01498	0.01700	0.01576	0.01675	0.21223	0.40550	0.07002	0.04542	0.12728	0.01481	0.00987	0.01120	0.00790	0.00495	0.00462	0.00137	0.00701	0.00395	0.00287	0.00651
19	0.01278	0.83490	0.02505	0.00818	0.01227	0.01891	0.00818	0.01431	0.00971	0.01125	0.00664	0.00767	0.00613	0.00409	0.00307	0.00102	0.00511	0.00256	0.00204	0.00613

[dist]
# distance from previous block
# <min> <max>
0	1

[block]
# block no. 3 follows, 53 sequences, length 12
# corresponding to MSA columns:
# 85-96
name=unknown_D
#
# <colnr> <probs for GDERKNQSTAVLIFYWHMCP>
#	G	D	E	R	K	N	Q	S	T	A	V	L	I	F	Y	W	H	M	C	P
0	0.01600	0.01881	0.01540	0.01754	0.25935	0.52792	0.01092	0.05230	0.01312	0.01374	0.00807	0.00975	0.00668	0.00475	0.00446	0.00130	0.00755	0.00350	0.00254	0.00629
1	0.01322	0.01423	0.01852	0.02303	0.47636	0.20504	0.10257	0.01642	0.05639	0.01488	0.00928	0.01152	0.00759	0.00452	0.00474	0.00141	0.00656	0.00420	0.00254	0.00695
2	0.01296	0.66186	0.06931	0.00890	0.01287	0.11030	0.00873	0.01472	0.01032	0.01182	0.03607	0.00895	0.00757	0.00442	0.00339	0.00109	0.00553	0.00290	0.00221	0.00606
3	0.01195	0.00600	0.00785	0.00687	0.00891	0.00532	0.00533	0.01378	0.01280	0.30806	0.33991	0.11590	0.11922	0.00918	0.00538	0.00155	0.00300	0.00793	0.00532	0.00572
4	0.01035	0.00875	0.01014	0.00729	0.01151	0.00682	0.00584	0.05274	0.01057	0.01634	0.00865	0.00999	0.00713	0.00366	0.00360	0.00075	0.00363	0.00291	0.00293	0.81640
5	0.01087	0.00906	0.01043	0.00754	0.01173	0.00735	0.00606	0.10213	0.01137	0.01727	0.00884	0.01009	0.00720	0.00380	0.00368	0.00079	0.00374	0.00300	0.00306	0.76197
6	0.00598	0.00434	0.00567	0.00655	0.00705	0.00403	0.00453	0.00704	0.00978	0.01301	0.10181	0.65909	0.09081	0.01418	0.00604	0.00189	0.00277	0.04692	0.00451	0.00398
7	0.00659	0.00461	0.00550	0.00579	0.00610	0.00452	0.00368	0.00708	0.00801	0.01057	0.02101	0.21371	0.09535	0.48829	0.06942	0.00385	0.00453	0.03459	0.00342	0.00337
8	0.01038	0.01062	0.08770	0.00892	0.01346	0.00767	0.06860	0.04901	0.01063	0.01620	0.00874	0.01024	0.00704	0.00378	0.00386	0.00089	0.00431	0.00319	0.00281	0.67195
9	0.01361	0.01112	0.01178	0.01008	0.01308	0.01269	0.00798	0.23395	0.58222	0.02277	0.01727	0.01609	0.01282	0.00628	0.00484	0.00157	0.00419	0.00510	0.00484	0.00772
10	0.01265	0.72898	0.09933	0.00884	0.01316	0.04609	0.00912	0.01456	0.00988	0.01163	0.00686	0.00793	0.00613	0.00416	0.00325	0.00108	0.00542	0.00267	0.00206	0.00620
11	0.01239	0.01015	0.01082	0.00966	0.01242	0.01163	0.00754	0.02529	0.75238	0.06149	0.01942	0.01775	0.01444	0.00645	0.00486	0.00161	0.00380	0.00537	0.00492	0.00760

[dist]
# distance from previous block
# <min> <max>
0	4

[block]
# block no. 4 follows, 53 sequences, length 46
# corresponding to MSA columns:
# 101-146
name=unknown_E
#
# <colnr> <probs for GDERKNQSTAVLIFYWHMCP>
#	G	D	E	R	K	N	Q	S	T	A	V	L	I	F	Y	W	H	M	C	P
0	0.62374	0.00989	0.00855	0.00727	0.01037	0.03201	0.00596	0.10943	0.01079	0.11325	0.02525	0.00981	0.00717	0.00489	0.00349	0.00147	0.00403	0.00319	0.00356	0.00588
1	0.03750	0.01279	0.01644	0.05342	0.33127	0.12789	0.06559	0.11506	0.05565	0.07296	0.01023	0.01186	0.00794	0.00485	0.00489	0.00142	0.02303	0.00419	0.00310	0.03992
2	0.68951	0.00885	0.00759	0.00657	0.00957	0.00984	0.00540	0.01545	0.00913	0.15084	0.00905	0.00960	0.00658	0.00473	0.00328	0.00146	0.00370	0.00303	0.04016	0.00563
3	0.00683	0.00512	0.00768	0.00768	0.00853	0.00597	0.00597	0.00853	0.00768	0.01110	0.01280	0.01878	0.01195	0.03585	0.81308	0.00768	0.01280	0.00512	0.00256	0.00427
4	0.01203	0.01142	0.01924	0.02875	0.77702	0.01147	0.01449	0.03935	0.01125	0.01608	0.00907	0.01182	0.00759	0.00431	0.00473	0.00142	0.00566	0.00426	0.00244	0.00759
5	0.01167	0.01369	0.05753	0.01869	0.06383	0.07838	0.58367	0.02900	0.01148	0.01517	0.01004	0.04364	0.00808	0.00458	0.00538	0.00155	0.00757	0.00548	0.00253	0.02804
6	0.01139	0.00888	0.01015	0.00925	0.02736	0.05726	0.03663	0.01780	0.31005	0.11120	0.20029	0.03853	0.07279	0.00791	0.00522	0.00159	0.00390	0.05884	0.00472	0.00625
7	0.01131	0.01082	0.01846	0.17683	0.65880	0.01122	0.01441	0.01421	0.01064	0.01498	0.00890	0.01200	0.00735	0.00436	0.00474	0.00145	0.00581	0.00426	0.00232	0.00715
8	0.01884	0.00759	0.01009	0.00792	0.01126	0.00654	0.00648	0.02061	0.01327	0.67384	0.03961	0.02100	0.12703	0.00690	0.00495	0.00150	0.00379	0.00565	0.00569	0.00746
9	0.01126	0.01109	0.01734	0.29357	0.49620	0.06005	0.01387	0.01411	0.01060	0.01423	0.00873	0.01194	0.00708	0.00447	0.00472	0.00147	0.00609	0.00418	0.00229	0.00669
10	0.00582	0.00416	0.00555	0.00666	0.00693	0.00388	0.00444	0.00666	0.00915	0.01220	0.02634	0.82891	0.03161	0.01497	0.00610	0.00194	0.00277	0.01359	0.00444	0.00388
11	0.86579	0.00924	0.00702	0.00629	0.00924	0.01072	0.00518	0.01405	0.00813	0.02144	0.00666	0.00776	0.00518	0.00444	0.00296	0.00148	0.00370	0.00259	0.00296	0.00518
12	0.00770	0.00550	0.00770	0.00880	0.00990	0.00550	0.00770	0.00990	0.01100	0.01430	0.02531	0.05391	0.02751	0.01320	0.00660	0.00220	0.00440	0.77004	0.00440	0.00440
13	0.01066	0.01017	0.01730	0.35815	0.48250	0.01105	0.01409	0.01365	0.01033	0.01420	0.00878	0.01221	0.00707	0.00447	0.00475	0.00149	0.00597	0.00425	0.00227	0.00663
14	0.01187	0.01147	0.01855	0.11333	0.67581	0.03801	0.01421	0.03179	0.01109	0.01544	0.00894	0.01181	0.00741	0.00437	0.00472	0.00143	0.00584	0.00422	0.00240	0.00727
15	0.00759	0.00555	0.00707	0.00624	0.00794	0.00487	0.00475	0.00982	0.01293	0.03494	0.65185	0.03101	0.03808	0.00865	0.00527	0.00137	0.00251	0.00760	0.00487	0.14706
16	0.00903	0.00850	0.01434	0.82054	0.03292	0.01062	0.01327	0.01221	0.00956	0.01221	0.00850	0.01274	0.00637	0.00478	0.00478	0.00159	0.00637	0.00425	0.00212	0.00531
17	0.01197	0.01024	0.01512	0.06658	0.40569	0.02382	0.01082	0.02889	0.01096	0.07476	0.00955	0.01151	0.00764	0.00421	0.00434	0.00119	0.00493	0.00380	0.00282	0.29114
18	0.00830	0.00415	0.00623	0.00623	0.00623	0.00415	0.00415	0.00623	0.00623	0.00830	0.00830	0.01453	0.00830	0.01660	0.01868	0.86094	0.00415	0.00415	0.00208	0.00208
19	0.01028	0.01498	0.28152	0.03705	0.34518	0.02781	0.02947	0.01390	0.01103	0.01581	0.13942	0.01514	0.01318	0.00535	0.00501	0.00148	0.01920	0.00474	0.00272	0.00674
20	0.00830	0.00415	0.00623	0.00623	0.00623	0.00415	0.00415	0.00623	0.00623	0.00830	0.00830	0.01453	0.00830	0.01660	0.01868	0.86094	0.00415	0.00415	0.00208	0.00208
21	0.01461	0.00807	0.01004	0.00892	0.01158	0.00813	0.00732	0.02025	0.26022	0.33867	0.03705	0.02675	0.01739	0.00803	0.00530	0.00171	0.00402	0.19982	0.00518	0.00693
22	0.01052	0.00866	0.01010	0.00726	0.01148	0.00669	0.00582	0.04020	0.01046	0.03712	0.00888	0.01014	0.00724	0.00368	0.00362	0.00075	0.00362	0.00294	0.00298	0.80784
23	0.00695	0.00463	0.00521	0.00521	0.00521	0.00463	0.00290	0.00695	0.00695	0.00927	0.01506	0.03128	0.01738	0.83203	0.02433	0.00463	0.00463	0.00695	0.00290	0.00290
24	0.02722	0.01081	0.01171	0.01120	0.07265	0.03723	0.00815	0.10862	0.55685	0.04220	0.04839	0.01687	0.01405	0.00626	0.00482	0.00156	0.00419	0.00519	0.00460	0.00742
25	0.01785	0.02278	0.01354	0.01231	0.01478	0.81284	0.00924	0.01909	0.01354	0.01170	0.00739	0.00862	0.00616	0.00493	0.00431	0.00123	0.00862	0.00308	0.00246	0.00554
26	0.00982	0.00839	0.00981	0.00707	0.01123	0.00631	0.00564	0.01191	0.00989	0.01550	0.00891	0.02887	0.00765	0.00380	0.00360	0.00074	0.00352	0.00308	0.00287	0.84140
27	0.02144	0.00813	0.01109	0.00850	0.01220	0.00702	0.00702	0.02329	0.01368	0.80552	0.01886	0.01627	0.01183	0.00592	0.00481	0.00148	0.00407	0.00481	0.00592	0.00813
28	0.00903	0.00850	0.01434	0.82054	0.03292	0.01062	0.01327	0.01221	0.00956	0.01221	0.00850	0.01274	0.00637	0.00478	0.00478	0.00159	0.00637	0.00425	0.00212	0.00531
29	0.01252	0.02785	0.01276	0.01312	0.14707	0.04300	0.00889	0.06547	0.53298	0.03336	0.02820	0.01666	0.01313	0.00609	0.00481	0.00155	0.00440	0.01644	0.00430	0.00741
30	0.01278	0.83490	0.02505	0.00818	0.01227	0.01891	0.00818	0.01431	0.00971	0.01125	0.00664	0.00767	0.00613	0.00409	0.00307	0.00102	0.00511	0.00256	0.00204	0.00613
31	0.45556	0.01458	0.02512	0.00905	0.01192	0.29364	0.00726	0.06741	0.01116	0.03813	0.00757	0.00863	0.00593	0.00482	0.00389	0.00140	0.02242	0.00298	0.00294	0.00561
32	0.02054	0.00809	0.01090	0.00845	0.01201	0.00710	0.00695	0.02282	0.04174	0.74701	0.04890	0.01707	0.01321	0.00608	0.00484	0.00148	0.00399	0.00498	0.00585	0.00797
33	0.00788	0.00612	0.02453	0.00659	0.00818	0.00561	0.00516	0.04032	0.07393	0.04014	0.53677	0.06227	0.14476	0.00965	0.00552	0.00154	0.00269	0.00839	0.00501	0.00495
34	0.00695	0.00463	0.00521	0.00521	0.00521	0.00463	0.00290	0.00695	0.00695	0.00927	0.01506	0.03128	0.01738	0.83203	0.02433	0.00463	0.00463	0.00695	0.00290	0.00290
35	0.00993	0.00954	0.01335	0.01161	0.01176	0.01313	0.00961	0.01111	0.00747	0.01169	0.00747	0.01181	0.00723	0.01179	0.11774	0.00277	0.68750	0.00431	0.03508	0.00508
36	0.01046	0.01046	0.01464	0.01255	0.01255	0.01464	0.01046	0.01150	0.00732	0.01150	0.00627	0.01046	0.00627	0.00837	0.01569	0.00209	0.82328	0.00418	0.00209	0.00523
37	0.00830	0.00415	0.00623	0.00623	0.00623	0.00415	0.00415	0.00623	0.00623	0.00830	0.00830	0.01453	0.00830	0.01660	0.01868	0.86094	0.00415	0.00415	0.00208	0.00208
38	0.00992	0.00950	0.01638	0.56001	0.25250	0.01089	0.04678	0.01305	0.01001	0.01332	0.00869	0.01249	0.00675	0.00460	0.00480	0.00154	0.00625	0.00431	0.00221	0.00600
39	0.00903	0.00850	0.01434	0.82054	0.03292	0.01062	0.01327	0.01221	0.00956	0.01221	0.00850	0.01274	0.00637	0.00478	0.00478	0.00159	0.00637	0.00425	0.00212	0.00531
40	0.01018	0.00728	0.04248	0.00755	0.02302	0.00606	0.00600	0.02441	0.05002	0.14300	0.34208	0.09164	0.05181	0.00801	0.00504	0.00140	0.00319	0.00692	0.02204	0.14786
41	0.01758	0.01050	0.01161	0.00927	0.01255	0.04932	0.00752	0.28823	0.10056	0.32046	0.04049	0.01514	0.01166	0.00596	0.00468	0.00144	0.00446	0.00470	0.07633	0.00752
42	0.01267	0.80796	0.05106	0.00836	0.01255	0.01865	0.00849	0.01434	0.00972	0.01137	0.00671	0.00775	0.00613	0.00410	0.00312	0.00104	0.00518	0.00259	0.00204	0.00616
43	0.01297	0.11862	0.47710	0.01153	0.01712	0.04034	0.01338	0.01693	0.01110	0.19909	0.03074	0.01183	0.00841	0.00495	0.00444	0.00144	0.00606	0.00382	0.00303	0.00708
44	0.32722	0.04503	0.01156	0.00856	0.01218	0.01005	0.06902	0.08010	0.05120	0.13309	0.01014	0.01072	0.00751	0.00461	0.00383	0.00130	0.00426	0.00350	0.00352	0.20260
45	0.03551	0.01144	0.01840	0.02713	0.71513	0.02607	0.01385	0.01542	0.06116	0.01599	0.00957	0.01204	0.00793	0.00442	0.00468	0.00143	0.00556	0.00426	0.00254	0.00747

[dist]
# distance from previous block
# <min> <max>
0	2

[block]
# block no. 5 follows, 53 sequences, length 26
# corresponding to MSA columns:
# 149-174
name=unknown_F
#
# <colnr> <probs for GDERKNQSTAVLIFYWHMCP>
#	G	D	E	R	K	N	Q	S	T	A	V	L	I	F	Y	W	H	M	C	P
0	0.01037	0.10476	0.65830	0.01294	0.01946	0.01166	0.03958	0.01526	0.01021	0.04191	0.00877	0.01014	0.00632	0.00450	0.00441	0.00145	0.00671	0.00353	0.00219	0.02753
1	0.00683	0.00512	0.00768	0.00768	0.00853	0.00597	0.00597	0.00853	0.00768	0.01110	0.01280	0.01878	0.01195	0.03585	0.81308	0.00768	0.01280	0.00512	0.00256	0.00427
2	0.00991	0.00850	0.00991	0.00708	0.01133	0.00637	0.00566	0.01203	0.00991	0.01557	0.00850	0.00991	0.00708	0.00354	0.00354	0.00071	0.00354	0.00283	0.00283	0.86124
3	0.00695	0.00463	0.00521	0.00521	0.00521	0.00463	0.00290	0.00695	0.00695	0.00927	0.01506	0.03128	0.01738	0.83203	0.02433	0.00463	0.00463	0.00695	0.00290	0.00290
4	0.02144	0.00813	0.01109	0.00850	0.01220	0.00702	0.00702	0.02329	0.01368	0.80552	0.01886	0.01627	0.01183	0.00592	0.00481	0.00148	0.00407	0.00481	0.00592	0.00813
5	0.03110	0.01183	0.02028	0.09299	0.52778	0.04276	0.17343	0.01475	0.01090	0.01524	0.00897	0.01191	0.00729	0.00429	0.00487	0.00147	0.00630	0.00446	0.00237	0.00701
6	0.00695	0.00463	0.00521	0.00521	0.00521	0.00463	0.00290	0.00695	0.00695	0.00927	0.01506	0.03128	0.01738	0.83203	0.02433	0.00463	0.00463	0.00695	0.00290	0.00290
7	0.01785	0.02278	0.01354	0.01231	0.01478	0.81284	0.00924	0.01909	0.01354	0.01170	0.00739	0.00862	0.00616	0.00493	0.00431	0.00123	0.00862	0.00308	0.00246	0.00554
8	0.01163	0.01110	0.01889	0.02843	0.77114	0.01109	0.01427	0.01445	0.01099	0.01575	0.03989	0.01276	0.00904	0.00447	0.00477	0.00142	0.00554	0.00443	0.00248	0.00745
9	0.01150	0.01234	0.04408	0.02455	0.42952	0.01175	0.34136	0.01486	0.01093	0.01536	0.00919	0.01220	0.00736	0.00428	0.00542	0.00152	0.02957	0.00482	0.00237	0.00701
10	0.00664	0.00474	0.00600	0.00607	0.00708	0.00431	0.00441	0.00830	0.01183	0.03355	0.43601	0.27071	0.15942	0.01159	0.00576	0.00165	0.00247	0.01024	0.00490	0.00433
11	0.01276	0.20830	0.12627	0.01080	0.01533	0.03479	0.11489	0.12245	0.01214	0.06051	0.00919	0.01035	0.00712	0.00435	0.00412	0.00118	0.00543	0.00357	0.00291	0.23355
12	0.00573	0.00483	0.00497	0.00497	0.00652	0.00406	0.00371	0.00701	0.01104	0.01334	0.10111	0.06581	0.72655	0.01201	0.00566	0.00161	0.00242	0.01008	0.00450	0.00406
13	0.01014	0.00851	0.00988	0.00715	0.01123	0.00662	0.00572	0.04332	0.01053	0.01631	0.03114	0.01087	0.00831	0.00385	0.00365	0.00077	0.00355	0.00309	0.02119	0.78420
14	0.01420	0.01202	0.03491	0.01097	0.03669	0.03667	0.02718	0.34604	0.31582	0.02333	0.04716	0.03361	0.02676	0.00637	0.00489	0.00152	0.00470	0.00518	0.00454	0.00743
15	0.00683	0.00512	0.00768	0.00768	0.00853	0.00597	0.00597	0.00853	0.00768	0.01110	0.01280	0.01878	0.01195	0.03585	0.81308	0.00768	0.01280	0.00512	0.00256	0.00427
16	0.01347	0.01129	0.01168	0.01008	0.01303	0.03283	0.00795	0.19802	0.59872	0.02208	0.01734	0.01616	0.01291	0.00628	0.00483	0.00157	0.00424	0.00510	0.00478	0.00764
17	0.01262	0.30539	0.10552	0.00990	0.01309	0.20834	0.00919	0.01462	0.01103	0.03977	0.02555	0.05732	0.01181	0.00665	0.00466	0.00142	0.02444	0.13014	0.00284	0.00572
18	0.02892	0.01051	0.01120	0.00932	0.01236	0.06777	0.00743	0.18033	0.23481	0.26568	0.05048	0.04956	0.03657	0.00665	0.00487	0.00152	0.00438	0.00538	0.00496	0.00730
19	0.00974	0.08788	0.72506	0.01297	0.01966	0.01153	0.01655	0.01486	0.01008	0.01477	0.00945	0.01083	0.02658	0.00470	0.00445	0.00148	0.00679	0.00362	0.00208	0.00691
20	0.00683	0.00510	0.00758	0.00758	0.00840	0.00592	0.00585	0.00847	0.00765	0.01102	0.01289	0.01928	0.01217	0.06802	0.78121	0.00756	0.01247	0.00519	0.00257	0.00421
21	0.01443	0.01621	0.01364	0.01211	0.03716	0.43872	0.09382	0.03757	0.06772	0.03890	0.14247	0.03988	0.01445	0.00609	0.00481	0.00139	0.00666	0.00490	0.00332	0.00577
22	0.01333	0.01170	0.04374	0.01589	0.05111	0.02356	0.42977	0.03391	0.09402	0.16818	0.01296	0.03213	0.00958	0.00502	0.00523	0.00156	0.00637	0.00541	0.02969	0.00686
23	0.00979	0.00951	0.01278	0.01125	0.01153	0.03982	0.00921	0.01097	0.00761	0.01137	0.00802	0.01278	0.00783	0.03254	0.20107	0.00342	0.58888	0.00442	0.00223	0.00496
24	0.00582	0.00416	0.00555	0.00666	0.00693	0.00388	0.00444	0.00666	0.00915	0.01220	0.02634	0.82891	0.03161	0.01497	0.00610	0.00194	0.00277	0.01359	0.00444	0.00388
25	0.01088	0.00917	0.01506	0.16344	0.21137	0.00955	0.11193	0.04504	0.03840	0.07484	0.20964	0.01863	0.01731	0.00613	0.00552	0.00154	0.03623	0.00562	0.00349	0.00621

[dist]
# distance from previous block
# <min> <max>
1	3

[block]
# block no. 6 follows, 53 sequences, length 31
# corresponding to MSA columns:
# 186-206,217-226
name=unknown_G
#
# <colnr> <probs for GDERKNQSTAVLIFYWHMCP>
#	G	D	E	R	K	N	Q	S	T	A	V	L	I	F	Y	W	H	M	C	P
0	0.01301	0.14150	0.31168	0.01253	0.01732	0.17469	0.08539	0.07737	0.07632	0.03248	0.00950	0.01058	0.00719	0.00479	0.00443	0.00139	0.00671	0.00374	0.00268	0.00671
1	0.36634	0.10264	0.01240	0.01154	0.15086	0.05506	0.00783	0.07248	0.09522	0.01874	0.00938	0.01092	0.00759	0.03062	0.00438	0.00150	0.00458	0.00353	0.02826	0.00611
2	0.00830	0.00415	0.00623	0.00623	0.00623	0.00415	0.00415	0.00623	0.00623	0.00830	0.00830	0.01453	0.00830	0.01660	0.01868	0.86094	0.00415	0.00415	0.00208	0.00208
3	0.03432	0.01198	0.01230	0.01027	0.01344	0.04098	0.00820	0.34318	0.42585	0.02398	0.01540	0.01462	0.01138	0.00607	0.00477	0.00153	0.00457	0.00480	0.00470	0.00768
4	0.01046	0.01055	0.03473	0.38131	0.34332	0.01111	0.11207	0.01366	0.01032	0.01405	0.00885	0.01234	0.00696	0.00447	0.00486	0.00152	0.00632	0.00441	0.00226	0.00641
5	0.01493	0.07165	0.21508	0.01089	0.01544	0.00976	0.08861	0.07202	0.01265	0.31702	0.06593	0.01437	0.01121	0.00536	0.00468	0.00142	0.00524	0.00452	0.00400	0.05521
6	0.00998	0.02199	0.62725	0.01513	0.02168	0.01133	0.19493	0.01518	0.01037	0.01518	0.00883	0.01074	0.00633	0.00442	0.00480	0.00154	0.00729	0.00402	0.00211	0.00692
7	0.01189	0.01027	0.01081	0.00973	0.01243	0.01189	0.00757	0.02540	0.79357	0.01999	0.01945	0.01783	0.01459	0.00648	0.00486	0.00162	0.00378	0.00540	0.00486	0.00757
8	0.01278	0.83490	0.02505	0.00818	0.01227	0.01891	0.00818	0.01431	0.00971	0.01125	0.00664	0.00767	0.00613	0.00409	0.00307	0.00102	0.00511	0.00256	0.00204	0.00613
9	0.01033	0.01029	0.01461	0.08312	0.01433	0.01429	0.01070	0.01156	0.00752	0.01156	0.00647	0.01066	0.00628	0.00805	0.01473	0.00205	0.75192	0.00419	0.00209	0.00524
10	0.00598	0.00427	0.00573	0.00684	0.00719	0.00402	0.00472	0.00693	0.00931	0.01238	0.02625	0.76257	0.03126	0.01482	0.00614	0.00196	0.00291	0.07834	0.00443	0.00393
11	0.00713	0.00491	0.00597	0.00631	0.00671	0.00488	0.00441	0.00786	0.00836	0.01096	0.01952	0.03884	0.05077	0.54730	0.01813	0.00377	0.00448	0.24288	0.00342	0.00341
12	0.01270	0.79243	0.02521	0.00880	0.01292	0.01856	0.04831	0.01436	0.00979	0.01146	0.00680	0.00794	0.00619	0.00409	0.00320	0.00105	0.00526	0.00272	0.00206	0.00615
13	0.00599	0.00428	0.00573	0.00684	0.00719	0.00402	0.00472	0.00694	0.00931	0.01238	0.02625	0.76121	0.03125	0.01482	0.00614	0.00196	0.00292	0.07966	0.00443	0.00393
14	0.01443	0.00608	0.00738	0.00624	0.00849	0.00559	0.00496	0.01649	0.01163	0.36482	0.01703	0.01714	0.01207	0.00572	0.00399	0.00127	0.00304	0.00461	0.48295	0.00608
15	0.01058	0.01199	0.08758	0.31167	0.24620	0.03042	0.15570	0.01385	0.01026	0.01394	0.00870	0.01205	0.00683	0.00469	0.00554	0.00156	0.05548	0.00441	0.00224	0.00631
16	0.00896	0.00812	0.01363	0.74941	0.03059	0.01005	0.01248	0.01169	0.00927	0.01187	0.00848	0.01290	0.00654	0.00581	0.00599	0.07665	0.00618	0.00424	0.00212	0.00503
17	0.00695	0.00463	0.00521	0.00521	0.00521	0.00463	0.00290	0.00695	0.00695	0.00927	0.01506	0.03128	0.01738	0.83203	0.02433	0.00463	0.00463	0.00695	0.00290	0.00290
18	0.01278	0.83490	0.02505	0.00818	0.01227	0.01891	0.00818	0.01431	0.00971	0.01125	0.00664	0.00767	0.00613	0.00409	0.00307	0.00102	0.00511	0.00256	0.00204	0.00613
19	0.00599	0.00429	0.00572	0.00665	0.00706	0.00401	0.00456	0.00704	0.00971	0.01307	0.11465	0.71200	0.03301	0.01432	0.00606	0.00190	0.00277	0.03868	0.00453	0.00397
20	0.00903	0.00850	0.01434	0.82054	0.03292	0.01062	0.01327	0.01221	0.00956	0.01221	0.00850	0.01274	0.00637	0.00478	0.00478	0.00159	0.00637	0.00425	0.00212	0.00531
21	0.00695	0.00463	0.00521	0.00521	0.00521	0.00463	0.00290	0.00695	0.00695	0.00927	0.01506	0.03128	0.01738	0.83203	0.02433	0.00463	0.00463	0.00695	0.00290	0.00290
22	0.05307	0.00507	0.00513	0.00509	0.00669	0.00444	0.00382	0.00745	0.01094	0.01395	0.11646	0.06598	0.66254	0.01155	0.00551	0.00161	0.00249	0.00964	0.00443	0.00414
23	0.00612	0.00482	0.00552	0.00542	0.00677	0.00422	0.00404	0.00775	0.01190	0.01547	0.35942	0.08217	0.44679	0.01128	0.00567	0.00158	0.00237	0.00967	0.00478	0.00422
24	0.00661	0.00514	0.00618	0.00666	0.00803	0.00471	0.00549	0.00830	0.01103	0.01373	0.06151	0.04924	0.42922	0.01253	0.00608	0.00187	0.00331	0.35173	0.00445	0.00421
25	0.01509	0.00955	0.01498	0.05553	0.15907	0.00985	0.09731	0.03348	0.01162	0.32715	0.02788	0.01425	0.00989	0.00581	0.00667	0.00157	0.14329	0.00471	0.04537	0.00696
26	0.01354	0.76269	0.02383	0.00821	0.01226	0.01787	0.00808	0.01510	0.01006	0.08062	0.00771	0.00842	0.00663	0.00425	0.00322	0.00106	0.00502	0.00275	0.00238	0.00631
27	0.00903	0.00850	0.01434	0.82054	0.03292	0.01062	0.01327	0.01221	0.00956	0.01221	0.00850	0.01274	0.00637	0.00478	0.00478	0.00159	0.00637	0.00425	0.00212	0.00531
28	0.00802	0.00434	0.00651	0.00651	0.00667	0.00450	0.00450	0.00667	0.00651	0.00884	0.00917	0.01535	0.00901	0.02034	0.17270	0.69551	0.00583	0.00434	0.00217	0.00250
29	0.01340	0.69648	0.04629	0.00892	0.01287	0.13085	0.00860	0.01501	0.01026	0.01142	0.00681	0.00787	0.00613	0.00422	0.00329	0.00107	0.00566	0.00266	0.00210	0.00608
30	0.00998	0.00887	0.02453	0.39276	0.08222	0.01009	0.01051	0.06683	0.14378	0.01531	0.01300	0.10442	0.01119	0.00696	0.02170	0.00172	0.01829	0.00550	0.04647	0.00586

[dist]
# distance from previous block
# <min> <max>
3	7

[block]
# block no. 7 follows, 53 sequences, length 10
# corresponding to MSA columns:
# 234-241,243,244
name=unknown_H
#
# <colnr> <probs for GDERKNQSTAVLIFYWHMCP>
#	G	D	E	R	K	N	Q	S	T	A	V	L	I	F	Y	W	H	M	C	P
0	0.01277	0.18704	0.03524	0.01379	0.20831	0.03092	0.02732	0.06145	0.05997	0.12258	0.04233	0.04829	0.07770	0.00595	0.00451	0.00136	0.00474	0.00498	0.00345	0.04730
1	0.00982	0.00931	0.01577	0.59648	0.25078	0.01083	0.01367	0.01291	0.00993	0.01318	0.00864	0.01248	0.00671	0.00463	0.00477	0.00154	0.00618	0.00425	0.00219	0.00595
2	0.01655	0.01255	0.01310	0.01053	0.01398	0.04523	0.00853	0.49133	0.24284	0.07336	0.01405	0.01348	0.01013	0.00593	0.00479	0.00148	0.00490	0.00460	0.00478	0.00786
3	0.00684	0.00514	0.00637	0.00601	0.00729	0.00480	0.00452	0.00949	0.05129	0.01824	0.64516	0.03642	0.16056	0.00997	0.00560	0.00153	0.00236	0.00871	0.00511	0.00459
4	0.00959	0.02472	0.80726	0.01362	0.02069	0.01110	0.01766	0.01514	0.01009	0.01514	0.00858	0.01009	0.00605	0.00454	0.00454	0.00151	0.00706	0.00353	0.00202	0.00706
5	0.01219	0.68652	0.16831	0.00918	0.01381	0.01748	0.00991	0.01446	0.00978	0.01196	0.00700	0.00811	0.00612	0.00417	0.00334	0.00111	0.00547	0.00273	0.00204	0.00630
6	0.00580	0.00424	0.00546	0.00644	0.00687	0.00390	0.00434	0.00668	0.00936	0.01229	0.02902	0.73384	0.12494	0.01463	0.00605	0.00190	0.00273	0.01316	0.00444	0.00390
7	0.01183	0.01136	0.01940	0.02934	0.80221	0.01136	0.01467	0.01467	0.01088	0.01562	0.00899	0.01183	0.00757	0.00426	0.00473	0.00142	0.00568	0.00426	0.00237	0.00757
8	0.01078	0.16190	0.57455	0.01300	0.01912	0.06538	0.06187	0.01527	0.01033	0.01426	0.00824	0.00975	0.00615	0.00446	0.00434	0.00142	0.00689	0.00346	0.00208	0.00677
9	0.00903	0.00850	0.01434	0.82054	0.03292	0.01062	0.01327	0.01221	0.00956	0.01221	0.00850	0.01274	0.00637	0.00478	0.00478	0.00159	0.00637	0.00425	0.00212	0.00531

[dist]
# distance from previous block
# <min> <max>
0	7

[block]
# block no. 8 follows, 53 sequences, length 12
# corresponding to MSA columns:
# 252-263
name=unknown_I
#
# <colnr> <probs for GDERKNQSTAVLIFYWHMCP>
#	G	D	E	R	K	N	Q	S	T	A	V	L	I	F	Y	W	H	M	C	P
0	0.00683	0.00512	0.00768	0.00768	0.00853	0.00597	0.00597	0.00853	0.00768	0.01110	0.01280	0.01878	0.01195	0.03585	0.81308	0.00768	0.01280	0.00512	0.00256	0.00427
1	0.00683	0.00512	0.00768	0.00768	0.00853	0.00597	0.00597	0.00853	0.00768	0.01110	0.01280	0.01878	0.01195	0.03585	0.81308	0.00768	0.01280	0.00512	0.00256	0.00427
2	0.03994	0.04506	0.20573	0.01796	0.20370	0.06261	0.18835	0.08694	0.01163	0.01626	0.00881	0.01104	0.00687	0.00477	0.00560	0.00151	0.06969	0.00421	0.00251	0.00681
3	0.00691	0.00490	0.00574	0.00554	0.00690	0.00437	0.00415	0.00867	0.01203	0.04084	0.38512	0.07269	0.33812	0.01047	0.00546	0.00154	0.00240	0.00899	0.07077	0.00440
4	0.00914	0.00593	0.00599	0.00574	0.00708	0.03617	0.00432	0.05997	0.03068	0.01789	0.14019	0.08417	0.06692	0.00736	0.00422	0.00131	0.00276	0.00612	0.49930	0.00474
5	0.40771	0.01010	0.00986	0.00808	0.01139	0.03657	0.00662	0.15120	0.03753	0.26053	0.01163	0.01134	0.00804	0.00519	0.00394	0.00147	0.00424	0.00366	0.00422	0.00667
6	0.01175	0.00693	0.00812	0.00716	0.00945	0.00656	0.00557	0.06984	0.10418	0.23614	0.05810	0.13315	0.30442	0.00955	0.00532	0.00160	0.00328	0.00805	0.00495	0.00588
7	0.00589	0.00424	0.00560	0.00666	0.00703	0.00395	0.00453	0.00679	0.00930	0.01231	0.02725	0.76456	0.06461	0.01478	0.00610	0.00194	0.00282	0.04328	0.00444	0.00391
8	0.04243	0.01175	0.01225	0.00999	0.01328	0.09220	0.02348	0.24730	0.22050	0.22579	0.01607	0.01512	0.03579	0.00603	0.00475	0.00149	0.00482	0.00476	0.00475	0.00747
9	0.01166	0.01135	0.01985	0.06382	0.70802	0.01138	0.07404	0.01461	0.01085	0.01544	0.00902	0.01195	0.00749	0.00426	0.00480	0.00144	0.00589	0.00436	0.00236	0.00738
10	0.01121	0.00610	0.00777	0.00707	0.00892	0.00562	0.00538	0.03975	0.03891	0.24515	0.21918	0.24774	0.11745	0.01010	0.00547	0.00163	0.00310	0.00880	0.00510	0.00556
11	0.01197	0.01180	0.01722	0.18939	0.48850	0.08304	0.01332	0.04421	0.03051	0.01504	0.00898	0.01181	0.00733	0.00472	0.00519	0.00147	0.04201	0.00418	0.00247	0.00684

[dist]
# distance from previous block
# <min> <max>
0	13

[block]
# block no. 9 follows, 53 sequences, length 68
# corresponding to MSA columns:
# 277-321,328-350
name=unknown_J
#
# <colnr> <probs for GDERKNQSTAVLIFYWHMCP>
#	G	D	E	R	K	N	Q	S	T	A	V	L	I	F	Y	W	H	M	C	P
0	0.01143	0.13130	0.41541	0.01187	0.01692	0.04895	0.03304	0.10539	0.05953	0.01663	0.06392	0.01218	0.00957	0.00526	0.00492	0.00146	0.03865	0.00402	0.00278	0.00676
1	0.01266	0.19466	0.07060	0.03314	0.38849	0.05535	0.01193	0.04888	0.01132	0.05350	0.00978	0.01299	0.00832	0.00488	0.00441	0.00136	0.00560	0.04360	0.00267	0.02589
2	0.01132	0.01167	0.06079	0.13809	0.65389	0.01124	0.01464	0.01435	0.01066	0.01512	0.00890	0.01186	0.00732	0.00435	0.00473	0.00145	0.00585	0.00422	0.00231	0.00723
3	0.00916	0.00779	0.00792	0.00707	0.00893	0.08017	0.00545	0.10764	0.01386	0.01825	0.41176	0.03137	0.19674	0.00906	0.00532	0.00146	0.00336	0.02116	0.00463	0.04890
4	0.00712	0.00536	0.00785	0.00838	0.05033	0.00602	0.00587	0.00857	0.00772	0.01100	0.01301	0.02070	0.01271	0.18058	0.62484	0.00679	0.01092	0.00541	0.00261	0.00419
5	0.01011	0.00807	0.01003	0.00887	0.01062	0.00900	0.02350	0.09004	0.18044	0.04254	0.25181	0.02632	0.08077	0.00931	0.02698	0.00183	0.13038	0.06925	0.00440	0.00574
6	0.00691	0.00480	0.00604	0.00604	0.00633	0.00508	0.00393	0.00748	0.00720	0.00988	0.01430	0.02708	0.01555	0.56467	0.28919	0.00566	0.00738	0.00634	0.00278	0.00336
7	0.01278	0.83490	0.02505	0.00818	0.01227	0.01891	0.00818	0.01431	0.00971	0.01125	0.00664	0.00767	0.00613	0.00409	0.00307	0.00102	0.00511	0.00256	0.00204	0.00613
8	0.03235	0.00806	0.01059	0.00829	0.01170	0.00723	0.00679	0.04994	0.03384	0.64352	0.06134	0.01799	0.04054	0.00684	0.02007	0.00159	0.00410	0.00513	0.00559	0.02451
9	0.01043	0.23852	0.60085	0.01219	0.01846	0.01316	0.01516	0.01492	0.00999	0.01411	0.00807	0.00945	0.00608	0.00442	0.00415	0.00138	0.00655	0.00327	0.00203	0.00682
10	0.01046	0.01046	0.01464	0.01255	0.01255	0.01464	0.01046	0.01150	0.00732	0.01150	0.00627	0.01046	0.00627	0.00837	0.01569	0.00209	0.82328	0.00418	0.00209	0.00523
11	0.00959	0.02472	0.80726	0.01362	0.02069	0.01110	0.01766	0.01514	0.01009	0.01514	0.00858	0.01009	0.00605	0.00454	0.00454	0.00151	0.00706	0.00353	0.00202	0.00706
12	0.01003	0.00936	0.01544	0.51484	0.26566	0.01075	0.01314	0.01364	0.05186	0.01381	0.00942	0.01287	0.00733	0.00473	0.00473	0.00153	0.00591	0.00432	0.02454	0.00610
13	0.01000	0.00949	0.01610	0.54553	0.30031	0.01088	0.01376	0.01307	0.01002	0.01339	0.00867	0.01243	0.00679	0.00460	0.00476	0.00153	0.00613	0.00425	0.00221	0.00610
14	0.00903	0.00850	0.01434	0.82054	0.03292	0.01062	0.01327	0.01221	0.00956	0.01221	0.00850	0.01274	0.00637	0.00478	0.00478	0.00159	0.00637	0.00425	0.00212	0.00531
15	0.01183	0.01136	0.01940	0.02934	0.80221	0.01136	0.01467	0.01467	0.01088	0.01562	0.00899	0.01183	0.00757	0.00426	0.00473	0.00142	0.00568	0.00426	0.00237	0.00757
16	0.01002	0.08085	0.66918	0.01440	0.06097	0.01172	0.05782	0.01506	0.01017	0.01489	0.00852	0.01016	0.00620	0.00447	0.00451	0.00148	0.00691	0.00361	0.00206	0.00699
17	0.01128	0.01289	0.02820	0.02015	0.02498	0.01209	0.78485	0.01531	0.01128	0.01531	0.00967	0.01289	0.00725	0.00403	0.00564	0.00161	0.00806	0.00564	0.00242	0.00645
18	0.00588	0.00420	0.00561	0.00672	0.00702	0.00393	0.00453	0.00675	0.00921	0.01226	0.02631	0.80571	0.03149	0.01492	0.00612	0.00195	0.00282	0.03623	0.00444	0.00390
19	0.01151	0.01255	0.12513	0.13026	0.48671	0.02392	0.03044	0.01465	0.01076	0.05600	0.01013	0.03248	0.00839	0.00490	0.00480	0.00149	0.00588	0.02042	0.00257	0.00702
20	0.01082	0.01033	0.01758	0.31296	0.52644	0.01109	0.01417	0.01379	0.01041	0.01440	0.00881	0.01216	0.00714	0.00445	0.00475	0.00148	0.00593	0.00425	0.00228	0.00676
21	0.00582	0.00416	0.00555	0.00666	0.00693	0.00388	0.00444	0.00666	0.00915	0.01220	0.02634	0.82891	0.03161	0.01497	0.00610	0.00194	0.00277	0.01359	0.00444	0.00388
22	0.00688	0.00476	0.00594	0.00598	0.00623	0.00500	0.00384	0.00740	0.00723	0.00989	0.01474	0.05150	0.01622	0.57497	0.25421	0.00544	0.00696	0.00661	0.00284	0.00333
23	0.01207	0.22811	0.42405	0.01274	0.06282	0.07432	0.01355	0.07566	0.01135	0.03160	0.00846	0.00970	0.00645	0.00456	0.00418	0.00136	0.00640	0.00338	0.00238	0.00685
24	0.00903	0.00850	0.01434	0.82054	0.03292	0.01062	0.01327	0.01221	0.00956	0.01221	0.00850	0.01274	0.00637	0.00478	0.00478	0.00159	0.00637	0.00425	0.00212	0.00531
25	0.01215	0.01059	0.01110	0.01016	0.02667	0.02669	0.00776	0.04342	0.74662	0.02001	0.01885	0.01740	0.01415	0.00640	0.00485	0.00161	0.00394	0.00531	0.00477	0.00754
26	0.01156	0.00988	0.01410	0.01166	0.06941	0.00917	0.14896	0.08274	0.12707	0.05741	0.01426	0.01503	0.07040	0.00509	0.00454	0.00123	0.00464	0.00462	0.00348	0.33476
27	0.01027	0.06697	0.52242	0.01656	0.14972	0.01157	0.10894	0.01487	0.01033	0.01496	0.00902	0.02674	0.00696	0.00461	0.00465	0.00149	0.00676	0.00405	0.00217	0.00696
28	0.01118	0.03757	0.04392	0.01937	0.02413	0.01210	0.72932	0.01510	0.01117	0.01512	0.00990	0.02967	0.00770	0.00427	0.00555	0.00160	0.00784	0.00567	0.00244	0.00640
29	0.00625	0.00486	0.00568	0.00554	0.00687	0.00429	0.00416	0.00798	0.01217	0.01603	0.42072	0.05839	0.39379	0.01103	0.00567	0.00158	0.00238	0.02350	0.00485	0.00427
30	0.02803	0.15203	0.62631	0.01341	0.05920	0.01234	0.01574	0.01496	0.01003	0.01468	0.00825	0.00975	0.00613	0.00445	0.00428	0.00143	0.00661	0.00339	0.00206	0.00690
31	0.00959	0.02472	0.80726	0.01362	0.02069	0.01110	0.01766	0.01514	0.01009	0.01514	0.00858	0.01009	0.00605	0.00454	0.00454	0.00151	0.00706	0.00353	0.00202	0.00706
32	0.00959	0.02472	0.80726	0.01362	0.02069	0.01110	0.01766	0.01514	0.01009	0.01514	0.00858	0.01009	0.00605	0.00454	0.00454	0.00151	0.00706	0.00353	0.00202	0.00706
33	0.01133	0.01292	0.02739	0.01970	0.02439	0.02861	0.74945	0.01526	0.01132	0.01521	0.01001	0.01382	0.00773	0.00427	0.00564	0.00162	0.00798	0.02451	0.00247	0.00638
34	0.00959	0.00803	0.00896	0.00897	0.01055	0.06642	0.01904	0.04131	0.17337	0.01541	0.03780	0.03799	0.04159	0.09682	0.00781	0.00220	0.00460	0.40019	0.00420	0.00514
35	0.00582	0.00416	0.00555	0.00666	0.00693	0.00388	0.00444	0.00666	0.00915	0.01220	0.02634	0.82891	0.03161	0.01497	0.00610	0.00194	0.00277	0.01359	0.00444	0.00388
36	0.00610	0.00476	0.00657	0.00700	0.00780	0.00436	0.04248	0.00721	0.00966	0.01255	0.02998	0.60967	0.18625	0.01381	0.00600	0.00187	0.00300	0.03256	0.00434	0.00405
37	0.07676	0.01457	0.01314	0.01094	0.01403	0.30460	0.06957	0.09303	0.09711	0.21033	0.01310	0.02622	0.02405	0.00561	0.00460	0.00142	0.00606	0.00434	0.00389	0.00663
38	0.00959	0.02472	0.80726	0.01362	0.02069	0.01110	0.01766	0.01514	0.01009	0.01514	0.00858	0.01009	0.00605	0.00454	0.00454	0.00151	0.00706	0.00353	0.00202	0.00706
39	0.00631	0.00451	0.00598	0.00699	0.00743	0.00430	0.00493	0.02057	0.00959	0.01274	0.02574	0.69680	0.03040	0.02933	0.00647	0.00202	0.00307	0.11440	0.00441	0.00401
40	0.01026	0.00976	0.01657	0.47150	0.37229	0.01094	0.01389	0.01330	0.01014	0.01371	0.00871	0.01234	0.00690	0.00455	0.00476	0.00152	0.00607	0.00425	0.00223	0.00631
41	0.01183	0.01136	0.01940	0.02934	0.80221	0.01136	0.01467	0.01467	0.01088	0.01562	0.00899	0.01183	0.00757	0.00426	0.00473	0.00142	0.00568	0.00426	0.00237	0.00757
42	0.00565	0.00484	0.00484	0.00484	0.00646	0.00403	0.00363	0.00686	0.01089	0.01291	0.04842	0.04600	0.80027	0.01210	0.00565	0.00161	0.00242	0.01009	0.00444	0.00403
43	0.00959	0.02472	0.80726	0.01362	0.02069	0.01110	0.01766	0.01514	0.01009	0.01514	0.00858	0.01009	0.00605	0.00454	0.00454	0.00151	0.00706	0.00353	0.00202	0.00706
44	0.01803	0.00961	0.01599	0.01191	0.01588	0.00873	0.23037	0.02111	0.05356	0.53779	0.01625	0.01538	0.01066	0.00540	0.00505	0.00152	0.00520	0.00508	0.00486	0.00762
