[name]
unknown

[dist]
# distance from previous block
# <min> <max>
0	51

[block]
# block no. 0 follows, 51 sequences, length 14
# corresponding to MSA columns:
# 67-80
name=unknown_A
#
# <colnr> <probs for GDERKNQSTAVLIFYWHMCP>
#	G	D	E	R	K	N	Q	S	T	A	V	L	I	F	Y	W	H	M	C	P
0	0.03895	0.33181	0.05275	0.06686	0.01460	0.03101	0.00911	0.16784	0.06475	0.04610	0.01209	0.03394	0.01064	0.00622	0.00440	0.00144	0.00523	0.09232	0.00338	0.00657
1	0.03473	0.27684	0.08471	0.16981	0.04870	0.07585	0.00999	0.08539	0.01171	0.01492	0.05469	0.03815	0.04250	0.02670	0.00488	0.00147	0.00560	0.00447	0.00284	0.00606
2	0.03311	0.22952	0.12921	0.19899	0.03582	0.05426	0.01103	0.14455	0.01260	0.03008	0.03075	0.02712	0.00845	0.00517	0.00436	0.00139	0.00584	0.00399	0.00288	0.03090
3	0.14115	0.28022	0.14419	0.01109	0.01541	0.12168	0.07768	0.12605	0.01237	0.01701	0.00825	0.00947	0.00655	0.00469	0.00404	0.00135	0.00613	0.00340	0.00274	0.00655
4	0.03086	0.10327	0.05315	0.54607	0.11328	0.01206	0.04744	0.01340	0.01006	0.01334	0.00859	0.01216	0.00665	0.00472	0.00469	0.00155	0.00637	0.00416	0.00223	0.00594
5	0.07215	0.19326	0.27198	0.01216	0.01726	0.01434	0.08833	0.23943	0.01400	0.01968	0.00924	0.01038	0.00693	0.00487	0.00441	0.00143	0.00615	0.00380	0.00302	0.00718
6	0.15027	0.01110	0.01481	0.39469	0.23069	0.09047	0.01226	0.01424	0.01036	0.01498	0.00845	0.01159	0.00666	0.00473	0.00455	0.00153	0.00614	0.00397	0.00242	0.00608
7	0.01262	0.20547	0.33925	0.11076	0.01939	0.07376	0.01328	0.14050	0.01257	0.01653	0.00875	0.01026	0.00664	0.00482	0.00437	0.00142	0.00653	0.00359	0.00259	0.00688
8	0.00935	0.01079	0.11155	0.71691	0.03230	0.01098	0.01420	0.01293	0.00989	0.01293	0.00874	0.01277	0.00651	0.00488	0.00488	0.00163	0.00664	0.00428	0.00217	0.00568
9	0.01323	0.58591	0.16318	0.00977	0.01448	0.01749	0.01027	0.10902	0.01167	0.01466	0.00780	0.00881	0.00654	0.00450	0.00364	0.00119	0.00563	0.00303	0.00244	0.00673
10	0.00928	0.00873	0.01474	0.81548	0.03385	0.01092	0.01365	0.01256	0.00983	0.01256	0.00873	0.01310	0.00655	0.00491	0.00491	0.00164	0.00655	0.00437	0.00218	0.00546
11	0.01487	0.11411	0.04724	0.17598	0.01847	0.11221	0.01023	0.29573	0.03753	0.04702	0.01096	0.01262	0.01926	0.00560	0.00495	0.00146	0.02775	0.01542	0.00351	0.02509
12	0.18421	0.00860	0.01251	0.52733	0.04821	0.01031	0.01128	0.01273	0.00975	0.01487	0.01049	0.01723	0.00901	0.00589	0.00476	0.00169	0.00572	0.09739	0.00265	0.00538
13	0.00928	0.00873	0.01474	0.81548	0.03385	0.01092	0.01365	0.01256	0.00983	0.01256	0.00873	0.01310	0.00655	0.00491	0.00491	0.00164	0.00655	0.00437	0.00218	0.00546

[dist]
# distance from previous block
# <min> <max>
0	1

[block]
# block no. 1 follows, 51 sequences, length 7
# corresponding to MSA columns:
# 82-84,88-91
name=unknown_B
#
# <colnr> <probs for GDERKNQSTAVLIFYWHMCP>
#	G	D	E	R	K	N	Q	S	T	A	V	L	I	F	Y	W	H	M	C	P
0	0.01445	0.49784	0.12974	0.00962	0.01400	0.07569	0.00963	0.01708	0.03945	0.13697	0.00963	0.01008	0.00754	0.00472	0.00381	0.00123	0.00559	0.00328	0.00287	0.00677
1	0.00928	0.00873	0.01474	0.81548	0.03385	0.01092	0.01365	0.01256	0.00983	0.01256	0.00873	0.01310	0.00655	0.00491	0.00491	0.00164	0.00655	0.00437	0.00218	0.00546
2	0.18329	0.11275	0.01665	0.06901	0.01654	0.03265	0.18937	0.04975	0.01094	0.04564	0.00890	0.01067	0.00696	0.00434	0.00419	0.00129	0.00542	0.00376	0.00288	0.22500
3	0.01605	0.05440	0.01472	0.14611	0.01794	0.17874	0.00982	0.38029	0.06687	0.02180	0.01059	0.01158	0.00792	0.00545	0.00469	0.00142	0.00615	0.00408	0.00376	0.03763
4	0.07263	0.01072	0.01481	0.56035	0.02802	0.07059	0.04838	0.10862	0.01176	0.01564	0.00895	0.01226	0.00671	0.00498	0.00478	0.00158	0.00646	0.00423	0.00262	0.00588
5	0.11644	0.00794	0.00807	0.00727	0.00899	0.04336	0.00540	0.13110	0.01175	0.07285	0.05791	0.04625	0.11075	0.28834	0.01184	0.00269	0.00443	0.05571	0.00395	0.00497
6	0.20775	0.04038	0.01340	0.04968	0.01492	0.22190	0.02946	0.29142	0.05110	0.02160	0.00960	0.01045	0.00727	0.00527	0.00434	0.00144	0.00601	0.00373	0.00359	0.00670

[dist]
# distance from previous block
# <min> <max>
2	26

[block]
# block no. 2 follows, 51 sequences, length 6
# corresponding to MSA columns:
# 118-123
name=unknown_C
#
# <colnr> <probs for GDERKNQSTAVLIFYWHMCP>
#	G	D	E	R	K	N	Q	S	T	A	V	L	I	F	Y	W	H	M	C	P
0	0.00942	0.00892	0.01477	0.74153	0.03192	0.01130	0.01338	0.01249	0.00961	0.01249	0.00852	0.01289	0.00654	0.00525	0.00595	0.00168	0.08135	0.00436	0.00218	0.00545
1	0.01230	0.62488	0.22379	0.00984	0.01482	0.01740	0.01090	0.01493	0.01008	0.01258	0.00734	0.00852	0.00629	0.00432	0.00354	0.00118	0.00577	0.00288	0.00210	0.00655
2	0.00928	0.00873	0.01474	0.81548	0.03385	0.01092	0.01365	0.01256	0.00983	0.01256	0.00873	0.01310	0.00655	0.00491	0.00491	0.00164	0.00655	0.00437	0.00218	0.00546
3	0.12982	0.01320	0.01376	0.01067	0.01448	0.01468	0.00881	0.67933	0.02116	0.02980	0.01115	0.01130	0.00796	0.00572	0.00467	0.00148	0.00520	0.00419	0.00467	0.00796
4	0.12280	0.00971	0.01191	0.35429	0.02094	0.06378	0.00960	0.06864	0.01103	0.01593	0.03233	0.04866	0.00966	0.00648	0.02734	0.00164	0.00562	0.02593	0.00292	0.15079
5	0.01096	0.40036	0.20628	0.16286	0.01817	0.01441	0.01134	0.01386	0.01024	0.01320	0.05222	0.04730	0.00972	0.00527	0.00413	0.00135	0.00571	0.00405	0.00240	0.00618

[dist]
# distance from previous block
# <min> <max>
0	10

[block]
# block no. 3 follows, 51 sequences, length 79
# corresponding to MSA columns:
# 140-194,197-210,219-228
name=unknown_D
#
# <colnr> <probs for GDERKNQSTAVLIFYWHMCP>
#	G	D	E	R	K	N	Q	S	T	A	V	L	I	F	Y	W	H	M	C	P
0	0.06418	0.01008	0.01285	0.15975	0.09796	0.01058	0.00924	0.22815	0.03513	0.11997	0.06862	0.01565	0.04224	0.00583	0.00476	0.00145	0.00484	0.00479	0.00400	0.09993
1	0.09316	0.06544	0.14998	0.14210	0.05461	0.01304	0.01120	0.32066	0.01539	0.06228	0.01035	0.01152	0.00751	0.00523	0.00457	0.00149	0.00567	0.00403	0.01455	0.00721
2	0.17861	0.27107	0.07416	0.00980	0.01340	0.18771	0.04287	0.06820	0.01159	0.01598	0.00924	0.01041	0.02572	0.00490	0.00384	0.00130	0.00580	0.00340	0.05592	0.00605
3	0.01153	0.01135	0.01343	0.38259	0.13452	0.16772	0.01108	0.01437	0.02519	0.01414	0.01010	0.01316	0.00793	0.00504	0.00455	0.00145	0.00609	0.00419	0.15584	0.00573
4	0.00928	0.00873	0.01474	0.81548	0.03385	0.01092	0.01365	0.01256	0.00983	0.01256	0.00873	0.01310	0.00655	0.00491	0.00491	0.00164	0.00655	0.00437	0.00218	0.00546
5	0.00638	0.00488	0.00586	0.00587	0.00706	0.00435	0.00430	0.00807	0.01217	0.01619	0.39813	0.17615	0.30915	0.01182	0.00588	0.00166	0.00247	0.01029	0.00496	0.00435
6	0.00695	0.00511	0.00717	0.00722	0.00793	0.00569	0.00534	0.00829	0.00794	0.01115	0.01569	0.05664	0.04582	0.19548	0.58306	0.00676	0.01060	0.00622	0.00286	0.00408
7	0.00673	0.00501	0.00625	0.00594	0.00720	0.00454	0.00446	0.00884	0.01338	0.01844	0.64706	0.03880	0.19415	0.01052	0.00580	0.00157	0.00235	0.00918	0.00524	0.00454
8	0.01840	0.01349	0.01445	0.01111	0.01496	0.01493	0.00917	0.75758	0.02273	0.03060	0.01192	0.01199	0.00848	0.00589	0.00487	0.00147	0.00532	0.00443	0.02997	0.00825
9	0.01836	0.02342	0.01393	0.01266	0.01519	0.80756	0.00950	0.01962	0.01393	0.01203	0.00760	0.00886	0.00633	0.00506	0.00443	0.00127	0.00886	0.00317	0.00253	0.00570
10	0.00592	0.00498	0.00513	0.00510	0.00671	0.00420	0.00382	0.00727	0.01147	0.01391	0.12279	0.04626	0.72125	0.01221	0.00581	0.00165	0.00247	0.01023	0.00465	0.00420
11	0.01129	0.00870	0.01030	0.00741	0.01173	0.00661	0.00595	0.01345	0.01055	0.08864	0.00972	0.01080	0.00773	0.00387	0.00376	0.00080	0.00369	0.00310	0.00321	0.77869
12	0.00702	0.00527	0.00790	0.00790	0.00878	0.00614	0.00614	0.00878	0.00790	0.01141	0.01316	0.01931	0.01229	0.03686	0.80782	0.00790	0.01316	0.00527	0.00263	0.00439
13	0.01128	0.37458	0.46514	0.01158	0.01751	0.01490	0.01393	0.01520	0.01021	0.01383	0.00796	0.00929	0.00626	0.00447	0.00401	0.00134	0.00639	0.00320	0.00209	0.00685
14	0.00748	0.00539	0.00722	0.00710	0.00776	0.00597	0.00511	0.03564	0.00817	0.01142	0.01396	0.02371	0.01417	0.32313	0.49464	0.00653	0.00983	0.00592	0.00284	0.00402
15	0.00963	0.00899	0.01462	0.72085	0.05925	0.01105	0.01321	0.01377	0.07428	0.01334	0.00969	0.01350	0.00729	0.00504	0.00492	0.00163	0.00631	0.00447	0.00243	0.00573
16	0.00854	0.00427	0.00640	0.00640	0.00640	0.00427	0.00427	0.00640	0.00640	0.00854	0.00854	0.01494	0.00854	0.01707	0.01921	0.85702	0.00427	0.00427	0.00213	0.00213
17	0.01171	0.01279	0.02592	0.01887	0.02346	0.01239	0.64592	0.01753	0.14536	0.01657	0.01168	0.01413	0.00876	0.00458	0.00566	0.00166	0.00753	0.00576	0.00292	0.00683
18	0.01219	0.57711	0.23509	0.01046	0.01553	0.01697	0.04517	0.01499	0.01016	0.01283	0.00751	0.00879	0.00634	0.00433	0.00368	0.00121	0.00593	0.00304	0.00211	0.00658
19	0.00611	0.00442	0.00581	0.00688	0.00731	0.00412	0.00474	0.00709	0.00966	0.01275	0.02849	0.71925	0.08181	0.01508	0.00628	0.00199	0.00295	0.06666	0.00456	0.00404
20	0.01216	0.01168	0.01995	0.03016	0.79664	0.01168	0.01508	0.01508	0.01119	0.01605	0.00924	0.01216	0.00778	0.00438	0.00487	0.00146	0.00584	0.00438	0.00243	0.00778
21	0.01314	0.83025	0.02575	0.00841	0.01261	0.01945	0.00841	0.01472	0.00999	0.01156	0.00683	0.00788	0.00631	0.00420	0.00315	0.00105	0.00526	0.00263	0.00210	0.00631
22	0.00601	0.00429	0.00572	0.00683	0.00713	0.00401	0.00456	0.00689	0.00950	0.01270	0.04328	0.80746	0.03280	0.01528	0.00626	0.00199	0.00284	0.01386	0.00458	0.00401
23	0.00715	0.00476	0.00536	0.00536	0.00536	0.00476	0.00298	0.00715	0.00715	0.00953	0.01548	0.03216	0.01787	0.82729	0.02501	0.00476	0.00476	0.00715	0.00298	0.00298
24	0.00978	0.00924	0.01564	0.68015	0.16530	0.01105	0.01389	0.01299	0.01006	0.01316	0.00882	0.01294	0.00676	0.00482	0.00490	0.00161	0.00643	0.00437	0.00223	0.00586
25	0.01273	0.03597	0.23820	0.12602	0.06828	0.09612	0.05760	0.06751	0.17207	0.05960	0.01180	0.01290	0.00873	0.00525	0.00482	0.00154	0.00627	0.00435	0.00319	0.00705
26	0.01023	0.01638	0.32638	0.01776	0.20202	0.01083	0.15529	0.01418	0.01086	0.01541	0.03810	0.01618	0.09369	0.00570	0.00563	0.00159	0.04523	0.00514	0.00261	0.00676
27	0.00696	0.00502	0.00657	0.00618	0.00734	0.00464	0.00464	0.00927	0.01391	0.01971	0.79405	0.03671	0.04637	0.01005	0.00580	0.00155	0.00232	0.00889	0.00541	0.00464
28	0.86201	0.00950	0.00722	0.00646	0.00950	0.01102	0.00532	0.01445	0.00836	0.02205	0.00684	0.00798	0.00532	0.00456	0.00304	0.00152	0.00380	0.00266	0.00304	0.00532
29	0.01308	0.37718	0.16722	0.01488	0.19571	0.01557	0.01189	0.12210	0.01217	0.01606	0.00845	0.00988	0.00692	0.00457	0.00408	0.00130	0.00578	0.00347	0.00257	0.00711
30	0.00689	0.00502	0.00648	0.00611	0.00730	0.00461	0.00458	0.00915	0.01375	0.01934	0.75116	0.03732	0.08949	0.01018	0.00580	0.00155	0.00233	0.00897	0.00536	0.00461
31	0.05141	0.01262	0.13914	0.01120	0.01555	0.01025	0.08707	0.13006	0.09632	0.37192	0.01523	0.01448	0.01022	0.00564	0.00491	0.00155	0.00521	0.00472	0.00468	0.00783
32	0.00793	0.00633	0.00854	0.00804	0.00836	0.00765	0.00594	0.00883	0.00751	0.01075	0.01254	0.02247	0.01317	0.34621	0.31210	0.00532	0.19580	0.00579	0.00266	0.00405
33	0.00696	0.00502	0.00657	0.00618	0.00734	0.00464	0.00464	0.00927	0.01391	0.01971	0.79405	0.03671	0.04637	0.01005	0.00580	0.00155	0.00232	0.00889	0.00541	0.00464
34	0.01005	0.02419	0.72720	0.01501	0.05137	0.01148	0.06187	0.01555	0.01048	0.01559	0.00890	0.01061	0.00636	0.00463	0.00474	0.00156	0.00727	0.00379	0.00211	0.00725
35	0.00611	0.00440	0.00582	0.00692	0.00732	0.00411	0.00476	0.00708	0.00961	0.01272	0.02793	0.74016	0.06295	0.01515	0.00629	0.00200	0.00295	0.06512	0.00456	0.00403
36	0.00711	0.00478	0.00553	0.00556	0.00563	0.00483	0.00323	0.00724	0.00726	0.00973	0.01564	0.05232	0.01789	0.75445	0.07533	0.00489	0.00526	0.00721	0.00300	0.00310
37	0.01114	0.01014	0.01092	0.01033	0.04279	0.10645	0.00776	0.01607	0.21310	0.04236	0.25159	0.02282	0.02214	0.02420	0.00766	0.00174	0.15296	0.03571	0.00418	0.00593
38	0.01314	0.83025	0.02575	0.00841	0.01261	0.01945	0.00841	0.01472	0.00999	0.01156	0.00683	0.00788	0.00631	0.00420	0.00315	0.00105	0.00526	0.00263	0.00210	0.00631
39	0.01037	0.15074	0.68099	0.01314	0.01992	0.01266	0.01664	0.01543	0.01031	0.01494	0.00851	0.00999	0.00624	0.00460	0.00443	0.00148	0.00695	0.00348	0.00208	0.00711
40	0.04530	0.03682	0.01417	0.01223	0.01471	0.58412	0.00945	0.11009	0.01408	0.01461	0.00794	0.00937	0.00655	0.00551	0.00568	0.00139	0.09580	0.00341	0.00279	0.00598
41	0.27851	0.51110	0.03120	0.00815	0.01194	0.06595	0.00766	0.01495	0.00973	0.01493	0.00691	0.00801	0.00600	0.00438	0.00322	0.00122	0.00506	0.00269	0.00242	0.00598
42	0.01216	0.01168	0.01995	0.03016	0.79664	0.01168	0.01508	0.01508	0.01119	0.01605	0.00924	0.01216	0.00778	0.00438	0.00487	0.00146	0.00584	0.00438	0.00243	0.00778
43	0.01355	0.00897	0.01078	0.00789	0.01209	0.00728	0.00638	0.06519	0.01195	0.20260	0.01146	0.01184	0.00851	0.00437	0.00403	0.00096	0.00388	0.00349	0.00379	0.60098
44	0.00978	0.00925	0.01565	0.67891	0.16650	0.01105	0.01390	0.01300	0.01006	0.01316	0.00882	0.01294	0.00677	0.00482	0.00490	0.00161	0.00643	0.00437	0.00223	0.00586
45	0.86201	0.00950	0.00722	0.00646	0.00950	0.01102	0.00532	0.01445	0.00836	0.02205	0.00684	0.00798	0.00532	0.00456	0.00304	0.00152	0.00380	0.00266	0.00304	0.00532
46	0.00955	0.00507	0.00520	0.00500	0.00629	0.00513	0.00380	0.05100	0.01113	0.01904	0.05175	0.01883	0.01394	0.00593	0.00362	0.00118	0.00245	0.00477	0.77152	0.00478
47	0.86201	0.00950	0.00722	0.00646	0.00950	0.01102	0.00532	0.01445	0.00836	0.02205	0.00684	0.00798	0.00532	0.00456	0.00304	0.00152	0.00380	0.00266	0.00304	0.00532
48	0.00598	0.00498	0.00521	0.00515	0.00674	0.00422	0.00387	0.00738	0.01160	0.01421	0.15831	0.04575	0.68554	0.01210	0.00581	0.00164	0.00246	0.01016	0.00469	0.00422
49	0.00684	0.00503	0.00640	0.00609	0.00730	0.00460	0.00458	0.00903	0.01355	0.01888	0.69501	0.03824	0.13367	0.01038	0.00581	0.00157	0.00237	0.02078	0.00530	0.00458
50	0.00999	0.02451	0.74827	0.01416	0.02121	0.01148	0.04854	0.01587	0.03244	0.01571	0.00918	0.01072	0.00652	0.00470	0.00472	0.00156	0.00721	0.00377	0.00217	0.00725
51	0.00715	0.00476	0.00536	0.00536	0.00536	0.00476	0.00298	0.00715	0.00715	0.00953	0.01548	0.03216	0.01787	0.82729	0.02501	0.00476	0.00476	0.00715	0.00298	0.00298
52	0.01361	0.04752	0.27414	0.04997	0.12669	0.01228	0.01282	0.17474	0.11121	0.09595	0.01181	0.01257	0.00859	0.00534	0.00498	0.00153	0.02090	0.00428	0.00348	0.00758
53	0.01405	0.49245	0.02085	0.01083	0.06218	0.15107	0.00896	0.04830	0.12227	0.01399	0.00919	0.00997	0.00773	0.00478	0.00381	0.00122	0.00571	0.00332	0.00272	0.00659
54	0.01503	0.01049	0.01197	0.00905	0.01299	0.01003	0.00737	0.30766	0.03646	0.13347	0.04651	0.01312	0.01032	0.00521	0.00444	0.00119	0.00434	0.00411	0.00429	0.35194
55	0.03336	0.27957	0.38528	0.01216	0.05136	0.04930	0.01310	0.03415	0.01098	0.05524	0.02788	0.01054	0.00764	0.00476	0.00419	0.00137	0.00622	0.00351	0.00250	0.00688
56	0.01636	0.01239	0.01265	0.01049	0.01326	0.12296	0.00842	0.33685	0.01650	0.15591	0.01519	0.09840	0.03945	0.00749	0.00626	0.00160	0.09211	0.02228	0.00443	0.00698
57	0.01013	0.00594	0.00781	0.00712	0.00884	0.00554	0.00559	0.01283	0.04488	0.16706	0.53644	0.03412	0.03675	0.00953	0.00570	0.00162	0.00296	0.08625	0.00543	0.00546
58	0.01227	0.01272	0.07344	0.02686	0.59804	0.01162	0.13262	0.01553	0.01130	0.04388	0.00968	0.01237	0.00779	0.00442	0.00500	0.00150	0.00625	0.00457	0.00255	0.00759
59	0.01056	0.03165	0.04866	0.04885	0.44980	0.00985	0.01159	0.04427	0.01191	0.01642	0.11451	0.02127	0.13049	0.00659	0.00512	0.00152	0.00492	0.02216	0.00324	0.00665
60	0.01986	0.00772	0.01025	0.00804	0.01139	0.00677	0.00658	0.02183	0.01343	0.66737	0.01882	0.01700	0.01224	0.00602	0.00469	0.00146	0.00386	0.00488	0.15009	0.00772
61	0.00653	0.00471	0.00622	0.00674	0.00747	0.00439	0.00487	0.00808	0.01136	0.01552	0.32292	0.43183	0.05737	0.01310	0.00612	0.00184	0.00279	0.07899	0.00489	0.00429
62	0.01032	0.15427	0.50721	0.01202	0.01755	0.01193	0.04339	0.03588	0.01025	0.01448	0.00958	0.01325	0.00802	0.12307	0.00740	0.00194	0.00656	0.00408	0.00231	0.00649
63	0.01025	0.00922	0.01460	0.05115	0.46247	0.00922	0.01103	0.01338	0.04616	0.01684	0.19865	0.02113	0.07711	0.00649	0.00512	0.00150	0.00459	0.00596	0.02853	0.00658
64	0.00792	0.00566	0.00792	0.00905	0.01018	0.00566	0.00792	0.01018	0.01131	0.01471	0.02602	0.05543	0.02828	0.01358	0.00679	0.00226	0.00453	0.76356	0.00453	0.00453
65	0.01243	0.01374	0.01719	0.01418	0.01553	0.17506	0.14053	0.01407	0.00951	0.01253	0.00727	0.01079	0.00660	0.00713	0.01201	0.00189	0.51729	0.00432	0.00228	0.00565
66	0.00928	0.00873	0.01474	0.81548	0.03385	0.01092	0.01365	0.01256	0.00983	0.01256	0.00873	0.01310	0.00655	0.00491	0.00491	0.00164	0.00655	0.00437	0.00218	0.00546
67	0.00715	0.00527	0.00739	0.00733	0.00794	0.00600	0.00539	0.00841	0.00768	0.01090	0.01363	0.02263	0.01367	0.25403	0.57134	0.00688	0.03188	0.00576	0.00272	0.00402
68	0.01125	0.34313	0.46448	0.01164	0.01752	0.01462	0.01390	0.01563	0.04014	0.01417	0.00846	0.00970	0.00660	0.00456	0.00408	0.00136	0.00634	0.00331	0.00220	0.00690
69	0.00631	0.00483	0.00581	0.00611	0.00713	0.00437	0.00437	0.00794	0.02551	0.01492	0.24708	0.33760	0.28458	0.01279	0.00597	0.00176	0.00260	0.01123	0.00481	0.00429
70	0.05176	0.01540	0.01678	0.03730	0.45408	0.28718	0.01234	0.01635	0.01187	0.01467	0.00873	0.01142	0.00743	0.02794	0.00521	0.00149	0.00678	0.00396	0.00250	0.00677
71	0.74593	0.04186	0.00855	0.00704	0.01013	0.04679	0.00581	0.03757	0.02850	0.02143	0.00735	0.00839	0.00574	0.00466	0.00321	0.00149	0.00413	0.00281	0.00309	0.00553
72	0.00928	0.00873	0.01474	0.81548	0.03385	0.01092	0.01365	0.01256	0.00983	0.01256	0.00873	0.01310	0.00655	0.00491	0.00491	0.00164	0.00655	0.00437	0.00218	0.00546
73	0.01182	0.01379	0.12939	0.06193	0.60591	0.02882	0.04657	0.01516	0.01109	0.01573	0.00915	0.01193	0.00747	0.00445	0.00487	0.00148	0.00623	0.00431	0.00238	0.00752
74	0.00597	0.00433	0.00565	0.00671	0.00709	0.00400	0.00450	0.00686	0.00953	0.01260	0.02867	0.76985	0.08571	0.01519	0.00624	0.00197	0.00283	0.01372	0.00456	0.00400
75	0.00690	0.00502	0.00649	0.00612	0.00731	0.00461	0.00459	0.00916	0.01378	0.01939	0.75736	0.03723	0.08325	0.01016	0.00580	0.00155	0.00233	0.00896	0.00537	0.00461
76	0.00658	0.00489	0.00613	0.00608	0.00718	0.00444	0.00446	0.00845	0.01264	0.01729	0.52517	0.17434	0.18142	0.01141	0.00588	0.00164	0.00244	0.01004	0.00511	0.00444
77	0.01190	0.01140	0.01947	0.10271	0.72617	0.01161	0.01495	0.01485	0.01106	0.01573	0.00920	0.01225	0.00767	0.00443	0.00487	0.00148	0.00590	0.00438	0.00241	0.00757
78	0.01010	0.08482	0.74455	0.01359	0.02063	0.01201	0.01744	0.01550	0.01035	0.01527	0.00867	0.01019	0.00623	0.00463	0.00456	0.00152	0.00711	0.00356	0.00208	0.00719

[dist]
# distance from previous block
# <min> <max>
1	6

[block]
# block no. 4 follows, 51 sequences, length 6
# corresponding to MSA columns:
# 235-240
name=unknown_E
#
# <colnr> <probs for GDERKNQSTAVLIFYWHMCP>
#	G	D	E	R	K	N	Q	S	T	A	V	L	I	F	Y	W	H	M	C	P
0	0.39761	0.18479	0.18749	0.00851	0.01252	0.01215	0.00874	0.01416	0.00978	0.01814	0.09659	0.01175	0.01039	0.00513	0.00374	0.00143	0.00471	0.00358	0.00290	0.00588
1	0.01581	0.01615	0.08777	0.01063	0.01376	0.32821	0.00894	0.13050	0.01485	0.13822	0.13728	0.01671	0.04705	0.00641	0.00488	0.00143	0.00616	0.00489	0.00393	0.00642
2	0.10764	0.04682	0.42924	0.01262	0.01806	0.01138	0.09878	0.08776	0.01167	0.03540	0.02861	0.03175	0.03095	0.00552	0.00473	0.00157	0.00626	0.02163	0.00285	0.00678
3	0.07695	0.08929	0.01692	0.48443	0.02679	0.10231	0.10878	0.01411	0.01042	0.01354	0.00843	0.01175	0.00652	0.00474	0.00466	0.00153	0.00670	0.00411	0.00232	0.00570
4	0.12008	0.49579	0.02024	0.17412	0.01678	0.07728	0.00918	0.01462	0.01005	0.01313	0.00728	0.00904	0.00623	0.00446	0.00360	0.00125	0.00561	0.00303	0.00227	0.00596
5	0.01108	0.00993	0.01616	0.17153	0.31640	0.01041	0.08528	0.08601	0.01161	0.01581	0.01209	0.01970	0.01110	0.10967	0.00773	0.00202	0.00589	0.08835	0.00293	0.00632

[dist]
# distance from previous block
# <min> <max>
25	81

[block]
# block no. 5 follows, 51 sequences, length 11
# corresponding to MSA columns:
# 357-363,372-375
name=unknown_F
#
# <colnr> <probs for GDERKNQSTAVLIFYWHMCP>
#	G	D	E	R	K	N	Q	S	T	A	V	L	I	F	Y	W	H	M	C	P
0	0.22740	0.10555	0.01312	0.12703	0.01548	0.20428	0.00842	0.12123	0.01263	0.01792	0.06832	0.01173	0.00948	0.00527	0.00415	0.00139	0.00569	0.00376	0.00312	0.03401
1	0.07720	0.23331	0.22233	0.01145	0.01590	0.10847	0.10764	0.01483	0.01041	0.01410	0.00871	0.01159	0.00742	0.07576	0.00595	0.00162	0.00634	0.00377	0.00240	0.06083
2	0.04172	0.01557	0.04926	0.01264	0.07332	0.24410	0.03800	0.23541	0.02975	0.01942	0.03737	0.01157	0.00876	0.00525	0.00483	0.00133	0.02496	0.00396	0.00340	0.13939
3	0.10819	0.01376	0.14707	0.01999	0.37936	0.01161	0.03819	0.11606	0.01238	0.04844	0.00962	0.01145	0.00745	0.00466	0.00460	0.00145	0.00569	0.00406	0.00293	0.05304
4	0.01192	0.08227	0.01058	0.00859	0.00992	0.25650	0.00630	0.03348	0.00978	0.01092	0.00980	0.01581	0.00963	0.16135	0.07208	0.27350	0.00657	0.00439	0.00253	0.00410
5	0.49716	0.00760	0.00713	0.00673	0.00872	0.00870	0.00523	0.01176	0.00813	0.01732	0.01032	0.04309	0.00969	0.11293	0.22340	0.00365	0.00641	0.00431	0.00298	0.00474
6	0.01752	0.02202	0.01328	0.01211	0.01446	0.74741	0.00901	0.01869	0.01342	0.01184	0.00819	0.01061	0.00719	0.06668	0.00597	0.00153	0.00856	0.00346	0.00257	0.00549
7	0.01093	0.00922	0.01014	0.00945	0.01173	0.01055	0.00732	0.02186	0.60198	0.01863	0.02023	0.09463	0.01694	0.01085	0.08664	0.00236	0.00476	0.04014	0.00470	0.00694
8	0.00703	0.00523	0.00774	0.00774	0.00857	0.00606	0.00595	0.00868	0.00785	0.01129	0.01330	0.02009	0.01263	0.08510	0.76004	0.00771	0.01265	0.00538	0.00265	0.00430
9	0.86201	0.00950	0.00722	0.00646	0.00950	0.01102	0.00532	0.01445	0.00836	0.02205	0.00684	0.00798	0.00532	0.00456	0.00304	0.00152	0.00380	0.00266	0.00304	0.00532
10	0.00599	0.00428	0.00570	0.00684	0.00713	0.00399	0.00456	0.00684	0.00941	0.01254	0.02709	0.82409	0.03250	0.01540	0.00627	0.00200	0.00285	0.01397	0.00456	0.00399

[dist]
# distance from previous block
# <min> <max>
0	5

[block]
# block no. 6 follows, 51 sequences, length 17
# corresponding to MSA columns:
# 381-386,388-392,400-405
name=unknown_G
#
# <colnr> <probs for GDERKNQSTAVLIFYWHMCP>
#	G	D	E	R	K	N	Q	S	T	A	V	L	I	F	Y	W	H	M	C	P
0	0.01077	0.11534	0.65988	0.01365	0.04293	0.01216	0.01653	0.01578	0.01050	0.04592	0.00902	0.01040	0.00651	0.00466	0.00451	0.00149	0.00687	0.00359	0.00225	0.00721
1	0.09386	0.01417	0.05677	0.01094	0.01475	0.05890	0.00932	0.59099	0.01986	0.02736	0.01101	0.01155	0.00803	0.00708	0.04148	0.00177	0.00591	0.00419	0.00435	0.00769
2	0.00596	0.00437	0.00560	0.00658	0.00706	0.00401	0.00445	0.00687	0.00966	0.01265	0.03023	0.71650	0.13806	0.01499	0.00621	0.00195	0.00280	0.01347	0.00456	0.00401
3	0.38903	0.03722	0.01042	0.03668	0.03361	0.23495	0.00720	0.03389	0.01048	0.01717	0.00860	0.04155	0.00741	0.00595	0.00488	0.04544	0.02469	0.00360	0.04187	0.00536
4	0.00603	0.00495	0.00531	0.00529	0.00679	0.00423	0.00394	0.00746	0.01163	0.01445	0.18911	0.08092	0.61857	0.01213	0.00583	0.00165	0.00247	0.01026	0.00472	0.00423
5	0.01448	0.08266	0.04481	0.01371	0.02938	0.27318	0.20518	0.09797	0.10161	0.01642	0.01115	0.01249	0.02058	0.00516	0.00478	0.00143	0.00695	0.00442	0.04712	0.00650
6	0.51339	0.00931	0.00855	0.00712	0.01040	0.00987	0.00580	0.06341	0.03674	0.08462	0.00946	0.01025	0.00715	0.00474	0.00351	0.00136	0.00383	0.00321	0.05004	0.15725
7	0.01097	0.00958	0.01059	0.00771	0.01198	0.03837	0.00616	0.05467	0.01104	0.01668	0.00886	0.01023	0.00730	0.00382	0.00374	0.00079	0.00394	0.00300	0.00301	0.77757
8	0.00598	0.00432	0.00566	0.00673	0.00710	0.00400	0.00451	0.00686	0.00952	0.01259	0.02852	0.77507	0.08059	0.01521	0.00624	0.00197	0.00283	0.01374	0.00456	0.00400
9	0.00879	0.00689	0.00867	0.00775	0.00898	0.00757	0.00609	0.07065	0.03308	0.01865	0.46680	0.02888	0.08009	0.00923	0.00747	0.00164	0.15452	0.00740	0.06174	0.00511
10	0.01443	0.01557	0.01322	0.01350	0.12204	0.33060	0.00921	0.02046	0.28521	0.01608	0.01250	0.01300	0.00982	0.00543	0.00460	0.00139	0.00609	0.00419	0.02515	0.07753
11	0.01093	0.00980	0.01651	0.48914	0.31395	0.01103	0.01388	0.01401	0.01052	0.04992	0.00941	0.01292	0.00726	0.00477	0.00490	0.00157	0.00618	0.00440	0.00245	0.00645
12	0.00699	0.00498	0.00620	0.00589	0.00712	0.00457	0.00442	0.00917	0.01326	0.01876	0.63307	0.03655	0.14033	0.01000	0.00560	0.00153	0.00234	0.00872	0.07594	0.00457
13	0.00715	0.00476	0.00536	0.00536	0.00536	0.00476	0.00298	0.00715	0.00715	0.00953	0.01548	0.03216	0.01787	0.82729	0.02501	0.00476	0.00476	0.00715	0.00298	0.00298
14	0.00684	0.00502	0.00641	0.00607	0.00727	0.00459	0.00455	0.00906	0.01365	0.01908	0.72171	0.03774	0.11909	0.01028	0.00580	0.00156	0.00234	0.00903	0.00533	0.00459
15	0.02205	0.00836	0.01140	0.00874	0.01254	0.00722	0.00722	0.02395	0.01407	0.80004	0.01939	0.01673	0.01216	0.00608	0.00494	0.00152	0.00418	0.00494	0.00608	0.00836
16	0.01836	0.02342	0.01393	0.01266	0.01519	0.80756	0.00950	0.01962	0.01393	0.01203	0.00760	0.00886	0.00633	0.00506	0.00443	0.00127	0.00886	0.00317	0.00253	0.00570

[dist]
# distance from previous block
# <min> <max>
0	17

[block]
# block no. 7 follows, 51 sequences, length 72
# corresponding to MSA columns:
# 423-494
name=unknown_H
#
# <colnr> <probs for GDERKNQSTAVLIFYWHMCP>
#	G	D	E	R	K	N	Q	S	T	A	V	L	I	F	Y	W	H	M	C	P
0	0.00599	0.00428	0.00570	0.00684	0.00713	0.00399	0.00456	0.00684	0.00941	0.01254	0.02709	0.82409	0.03250	0.01540	0.00627	0.00200	0.00285	0.01397	0.00456	0.00399
1	0.01263	0.70658	0.14501	0.00927	0.01394	0.01821	0.00991	0.01485	0.01005	0.01218	0.00714	0.00827	0.00629	0.00428	0.00339	0.00113	0.00556	0.00278	0.00210	0.00645
2	0.00702	0.00525	0.00781	0.00781	0.00866	0.00610	0.00604	0.00872	0.00787	0.01135	0.01324	0.01974	0.01247	0.06326	0.78167	0.00779	0.01288	0.00533	0.00264	0.00434
3	0.01291	0.01305	0.01897	0.02748	0.68036	0.10685	0.01420	0.01595	0.03416	0.01570	0.00936	0.01195	0.00782	0.00453	0.00482	0.00144	0.00614	0.00427	0.00252	0.00753
4	0.00897	0.00549	0.00711	0.00644	0.00801	0.00496	0.00492	0.01114	0.01371	0.12851	0.62309	0.03480	0.10432	0.00969	0.00568	0.00155	0.00259	0.00846	0.00543	0.00512
5	0.01314	0.83025	0.02575	0.00841	0.01261	0.01945	0.00841	0.01472	0.00999	0.01156	0.00683	0.00788	0.00631	0.00420	0.00315	0.00105	0.00526	0.00263	0.00210	0.00631
6	0.01238	0.05489	0.27729	0.11967	0.15753	0.03850	0.07579	0.05316	0.04740	0.08370	0.01036	0.01210	0.00767	0.00496	0.00504	0.00154	0.02388	0.00422	0.00282	0.00710
7	0.01330	0.01158	0.04181	0.02607	0.64167	0.01101	0.01383	0.01638	0.02730	0.11513	0.01072	0.01277	0.00843	0.00463	0.00485	0.00146	0.00558	0.00442	0.00295	0.02610
8	0.01216	0.01168	0.01995	0.03016	0.79664	0.01168	0.01508	0.01508	0.01119	0.01605	0.00924	0.01216	0.00778	0.00438	0.00487	0.00146	0.00584	0.00438	0.00243	0.00778
9	0.00596	0.00437	0.00560	0.00658	0.00706	0.00401	0.00445	0.00687	0.00966	0.01265	0.03027	0.71524	0.13930	0.01498	0.00621	0.00195	0.00280	0.01347	0.00456	0.00401
10	0.01038	0.00966	0.01630	0.08811	0.51191	0.00973	0.03875	0.01285	0.01065	0.01489	0.01365	0.21370	0.01380	0.00715	0.00525	0.00161	0.00524	0.00681	0.00294	0.00661
11	0.01029	0.05151	0.63527	0.01502	0.02176	0.01188	0.15490	0.01557	0.01058	0.01545	0.00895	0.01081	0.00645	0.00456	0.00482	0.00156	0.00738	0.00399	0.00215	0.00711
12	0.00696	0.00502	0.00657	0.00618	0.00734	0.00464	0.00464	0.00927	0.01391	0.01971	0.79405	0.03671	0.04637	0.01005	0.00580	0.00155	0.00232	0.00889	0.00541	0.00464
13	0.00715	0.00476	0.00536	0.00536	0.00536	0.00476	0.00298	0.00715	0.00715	0.00953	0.01548	0.03216	0.01787	0.82729	0.02501	0.00476	0.00476	0.00715	0.00298	0.00298
14	0.01154	0.01091	0.01832	0.25108	0.55820	0.01157	0.01451	0.03720	0.01116	0.01551	0.00918	0.01242	0.00745	0.00457	0.00488	0.00151	0.00603	0.00438	0.00244	0.00715
15	0.00641	0.00458	0.00619	0.00733	0.00780	0.00436	0.00530	0.00758	0.00983	0.01302	0.02685	0.65521	0.03158	0.01500	0.00639	0.00205	0.00322	0.17866	0.00455	0.00411
16	0.02205	0.00836	0.01140	0.00874	0.01254	0.00722	0.00722	0.02395	0.01407	0.80004	0.01939	0.01673	0.01216	0.00608	0.00494	0.00152	0.00418	0.00494	0.00608	0.00836
17	0.86201	0.00950	0.00722	0.00646	0.00950	0.01102	0.00532	0.01445	0.00836	0.02205	0.00684	0.00798	0.00532	0.00456	0.00304	0.00152	0.00380	0.00266	0.00304	0.00532
18	0.01149	0.01098	0.01872	0.21480	0.61730	0.01150	0.01474	0.01449	0.01087	0.01523	0.00912	0.01238	0.00749	0.00450	0.00488	0.00150	0.00601	0.00438	0.00237	0.00724
19	0.00679	0.00502	0.00635	0.00601	0.00724	0.00457	0.00451	0.00896	0.01353	0.01881	0.68990	0.03819	0.15108	0.01038	0.00580	0.00156	0.00234	0.00910	0.00529	0.00457
20	0.00829	0.00821	0.03986	0.10775	0.01597	0.00759	0.21304	0.01087	0.01110	0.01489	0.15174	0.21262	0.09728	0.00990	0.02190	0.00187	0.00507	0.05317	0.00374	0.00515
21	0.01419	0.05620	0.01520	0.11051	0.05767	0.18477	0.01040	0.19710	0.02693	0.01687	0.00888	0.01123	0.00730	0.00723	0.03512	0.00183	0.22518	0.00407	0.00297	0.00635
22	0.00823	0.00524	0.00647	0.00607	0.00751	0.00476	0.00462	0.01029	0.01291	0.08212	0.48459	0.05216	0.17039	0.00985	0.00550	0.00154	0.00255	0.02199	0.09837	0.00483
23	0.01158	0.44805	0.39430	0.01107	0.01672	0.01563	0.01304	0.01512	0.01017	0.01346	0.00778	0.00907	0.00627	0.00442	0.00387	0.00129	0.00621	0.00310	0.00209	0.00676
24	0.00601	0.00445	0.00558	0.00643	0.00699	0.00406	0.00436	0.00696	0.00983	0.01282	0.05352	0.63156	0.17917	0.03529	0.00665	0.00199	0.00281	0.01296	0.00455	0.00401
25	0.22672	0.01133	0.01165	0.00927	0.01274	0.03915	0.00759	0.31696	0.01533	0.13284	0.01098	0.01144	0.00799	0.00632	0.02865	0.00161	0.03401	0.00386	0.00413	0.10743
26	0.00870	0.00719	0.01043	0.01338	0.23078	0.00712	0.00778	0.01182	0.07959	0.01680	0.27220	0.22175	0.04415	0.00937	0.00550	0.00163	0.00358	0.00845	0.03415	0.00563
27	0.04209	0.80226	0.02512	0.00834	0.01251	0.01916	0.00830	0.01471	0.00993	0.01192	0.00683	0.00789	0.00627	0.00422	0.00315	0.00107	0.00521	0.00263	0.00213	0.00627
28	0.01208	0.01160	0.01980	0.05164	0.77578	0.01166	0.01504	0.01501	0.01115	0.01596	0.00923	0.01219	0.00775	0.00439	0.00487	0.00146	0.00586	0.00438	0.00243	0.00772
29	0.01242	0.65415	0.19556	0.00963	0.01451	0.01769	0.01054	0.01490	0.01007	0.01244	0.00727	0.00843	0.00629	0.00431	0.00348	0.00116	0.00569	0.00285	0.00210	0.00652
30	0.86201	0.00950	0.00722	0.00646	0.00950	0.01102	0.00532	0.01445	0.00836	0.02205	0.00684	0.00798	0.00532	0.00456	0.00304	0.00152	0.00380	0.00266	0.00304	0.00532
31	0.01405	0.01573	0.01721	0.14002	0.36188	0.31207	0.03881	0.01644	0.01203	0.01400	0.00857	0.01109	0.00704	0.00471	0.00474	0.00142	0.00717	0.00397	0.00243	0.00661
32	0.01868	0.01376	0.01475	0.01131	0.01524	0.01524	0.00934	0.78025	0.02311	0.03097	0.01180	0.01180	0.00836	0.00590	0.00492	0.00147	0.00541	0.00442	0.00492	0.00836
33	0.00928	0.00873	0.01474	0.81548	0.03385	0.01092	0.01365	0.01256	0.00983	0.01256	0.00873	0.01310	0.00655	0.00491	0.00491	0.00164	0.00655	0.00437	0.00218	0.00546
34	0.86201	0.00950	0.00722	0.00646	0.00950	0.01102	0.00532	0.01445	0.00836	0.02205	0.00684	0.00798	0.00532	0.00456	0.00304	0.00152	0.00380	0.00266	0.00304	0.00532
35	0.00727	0.00497	0.00569	0.00562	0.00562	0.00512	0.00325	0.00731	0.00716	0.00961	0.01517	0.03142	0.01747	0.79900	0.02471	0.00467	0.03288	0.00705	0.00295	0.00306
36	0.39644	0.00887	0.00954	0.00773	0.01119	0.00892	0.00638	0.01971	0.01152	0.45327	0.01380	0.01283	0.00911	0.00540	0.00409	0.00152	0.00401	0.00393	0.00473	0.00701
37	0.00691	0.00502	0.00651	0.00614	0.00732	0.00462	0.00460	0.00919	0.01381	0.01948	0.76747	0.03709	0.07309	0.01013	0.00580	0.00155	0.00232	0.00894	0.00538	0.00462
38	0.00651	0.00501	0.00595	0.00571	0.00707	0.00445	0.00428	0.00840	0.01285	0.01719	0.50272	0.04085	0.33927	0.01099	0.00580	0.00159	0.00239	0.00947	0.00508	0.00445
39	0.00986	0.02542	0.80183	0.01401	0.02127	0.01141	0.01816	0.01556	0.01038	0.01556	0.00882	0.01038	0.00623	0.00467	0.00467	0.00156	0.00726	0.00363	0.00208	0.00726
40	0.00703	0.00522	0.00769	0.00769	0.00849	0.00603	0.00588	0.00864	0.00784	0.01125	0.01336	0.02037	0.01275	0.10242	0.74289	0.00764	0.01247	0.00542	0.00266	0.00427
41	0.01296	0.71301	0.11213	0.00913	0.01367	0.01841	0.00953	0.04038	0.01047	0.01266	0.00722	0.00829	0.00637	0.00431	0.00338	0.00112	0.00548	0.00280	0.00219	0.00648
42	0.01075	0.01075	0.01505	0.01290	0.01290	0.01505	0.01075	0.01183	0.00753	0.01183	0.00645	0.01075	0.00645	0.00860	0.01613	0.00215	0.81830	0.00430	0.00215	0.00538
43	0.01019	0.00873	0.01019	0.00728	0.01165	0.00655	0.00582	0.01237	0.01019	0.01601	0.00873	0.01019	0.00728	0.00364	0.00364	0.00073	0.00364	0.00291	0.00291	0.85734
44	0.00696	0.00502	0.00657	0.00618	0.00734	0.00464	0.00464	0.00927	0.01391	0.01971	0.79405	0.03671	0.04637	0.01005	0.00580	0.00155	0.00232	0.00889	0.00541	0.00464
45	0.00986	0.02542	0.80183	0.01401	0.02127	0.01141	0.01816	0.01556	0.01038	0.01556	0.00882	0.01038	0.00623	0.00467	0.00467	0.00156	0.00726	0.00363	0.00208	0.00726
46	0.02100	0.01005	0.01245	0.00954	0.01339	0.00972	0.00788	0.25994	0.01689	0.56007	0.01702	0.01519	0.01098	0.00603	0.00493	0.00151	0.00456	0.00478	0.00572	0.00836
47	0.00696	0.00502	0.00657	0.00618	0.00734	0.00464	0.00464	0.00927	0.01391	0.01971	0.79405	0.03671	0.04637	0.01005	0.00580	0.00155	0.00232	0.00889	0.00541	0.00464
48	0.01160	0.01326	0.02900	0.02071	0.02568	0.01243	0.77879	0.01574	0.01160	0.01574	0.00994	0.01326	0.00746	0.00414	0.00580	0.00166	0.00829	0.00580	0.00249	0.00663
49	0.02205	0.00836	0.01140	0.00874	0.01254	0.00722	0.00722	0.02395	0.01407	0.80004	0.01939	0.01673	0.01216	0.00608	0.00494	0.00152	0.00418	0.00494	0.00608	0.00836
50	0.00581	0.00498	0.00498	0.00498	0.00664	0.00415	0.00373	0.00705	0.01120	0.01328	0.04978	0.04729	0.79464	0.01245	0.00581	0.00166	0.00249	0.01037	0.00456	0.00415
51	0.01868	0.01376	0.01475	0.01131	0.01524	0.01524	0.00934	0.78025	0.02311	0.03097	0.01180	0.01180	0.00836	0.00590	0.00492	0.00147	0.00541	0.00442	0.00492	0.00836
52	0.00786	0.00562	0.00786	0.00899	0.01010	0.00561	0.00783	0.01009	0.01126	0.01465	0.02605	0.07694	0.02840	0.01363	0.00677	0.00226	0.00448	0.74259	0.00453	0.00451
53	0.00642	0.00446	0.00557	0.00628	0.00646	0.00428	0.00396	0.00696	0.00856	0.01141	0.02271	0.52532	0.02698	0.32169	0.01334	0.00304	0.00357	0.01140	0.00396	0.00361
54	0.01206	0.27419	0.01840	0.01145	0.01297	0.07341	0.00991	0.01331	0.00877	0.01176	0.00666	0.00970	0.00640	0.00694	0.01113	0.00173	0.49967	0.00368	0.00216	0.00570
55	0.01559	0.01869	0.01496	0.15981	0.12798	0.52507	0.01107	0.01744	0.01258	0.01268	0.00799	0.01015	0.00658	0.00506	0.00498	0.00139	0.03600	0.00359	0.00244	0.00594
56	0.01160	0.01326	0.02900	0.02071	0.02568	0.01243	0.77879	0.01574	0.01160	0.01574	0.00994	0.01326	0.00746	0.00414	0.00580	0.00166	0.00829	0.00580	0.00249	0.00663
57	0.00903	0.00808	0.01423	0.01203	0.01447	0.00772	0.24252	0.01216	0.03349	0.01604	0.15284	0.05533	0.02406	0.00960	0.00615	0.00188	0.00520	0.33682	0.00401	0.03435
58	0.00599	0.00428	0.00570	0.00684	0.00713	0.00399	0.00456	0.00684	0.00941	0.01254	0.02709	0.82409	0.03250	0.01540	0.00627	0.00200	0.00285	0.01397	0.00456	0.00399
59	0.00747	0.00569	0.00702	0.00698	0.00754	0.03371	0.00490	0.00846	0.00779	0.01062	0.01396	0.02445	0.01447	0.37461	0.44399	0.00632	0.00941	0.00600	0.00278	0.00383
60	0.01278	0.74339	0.10951	0.00901	0.01355	0.01858	0.00946	0.01481	0.01003	0.01199	0.00705	0.00815	0.00630	0.00425	0.00332	0.00111	0.00547	0.00274	0.00210	0.00641
61	0.00928	0.00873	0.01474	0.81548	0.03385	0.01092	0.01365	0.01256	0.00983	0.01256	0.00873	0.01310	0.00655	0.00491	0.00491	0.00164	0.00655	0.00437	0.00218	0.00546
62	0.00933	0.00865	0.01379	0.59417	0.02782	0.01025	0.03414	0.01303	0.06054	0.01357	0.03295	0.04306	0.03603	0.00578	0.00526	0.00161	0.02649	0.00506	0.00267	0.05581
63	0.00749	0.00537	0.00740	0.00850	0.00949	0.00529	0.00715	0.00945	0.01095	0.01425	0.02701	0.19966	0.05468	0.01388	0.00666	0.00219	0.00414	0.59748	0.00453	0.00441
64	0.01277	0.01077	0.01136	0.01002	0.01290	0.01236	0.00785	0.10678	0.68706	0.02150	0.01983	0.01832	0.03280	0.00672	0.00501	0.00165	0.00402	0.00555	0.00498	0.00775
65	0.00696	0.00502	0.00657	0.00618	0.00734	0.00464	0.00464	0.00927	0.01391	0.01971	0.79405	0.03671	0.04637	0.01005	0.00580	0.00155	0.00232	0.00889	0.00541	0.00464
66	0.00928	0.00873	0.01474	0.81548	0.03385	0.01092	0.01365	0.01256	0.00983	0.01256	0.00873	0.01310	0.00655	0.00491	0.00491	0.00164	0.00655	0.00437	0.00218	0.00546
67	0.00693	0.00498	0.00677	0.00786	0.00862	0.00482	0.00619	0.00850	0.01041	0.01364	0.02737	0.41733	0.05764	0.01439	0.00651	0.00212	0.00366	0.38346	0.00454	0.00426
68	0.01314	0.83025	0.02575	0.00841	0.01261	0.01945	0.00841	0.01472	0.00999	0.01156	0.00683	0.00788	0.00631	0.00420	0.00315	0.00105	0.00526	0.00263	0.00210	0.00631
69	0.00928	0.00873	0.01474	0.81548	0.03385	0.01092	0.01365	0.01256	0.00983	0.01256	0.00873	0.01310	0.00655	0.00491	0.00491	0.00164	0.00655	0.00437	0.00218	0.00546
70	0.18368	0.00781	0.03018	0.00735	0.01017	0.00707	0.00607	0.01609	0.01233	0.33551	0.18967	0.04042	0.11859	0.00762	0.00488	0.00155	0.00354	0.00620	0.00499	0.00628
71	0.06630	0.10225	0.05395	0.01012	0.01328	0.35477	0.00833	0.03863	0.04479	0.01524	0.10279	0.01282	0.01164	0.00539	0.00430	0.00124	0.00617	0.00388	0.00307	0.14105

[dist]
# distance from previous block
# <min> <max>
2	7

[block]
# block no. 8 follows, 51 sequences, length 6
# corresponding to MSA columns:
# 502-507
name=unknown_I
#
# <colnr> <probs for GDERKNQSTAVLIFYWHMCP>
#	G	D	E	R	K	N	Q	S	T	A	V	L	I	F	Y	W	H	M	C	P
0	0.00992	0.00962	0.04337	0.00895	0.01180	0.07050	0.07258	0.06120	0.01163	0.01589	0.10567	0.16839	0.06237	0.05226	0.00604	0.00154	0.00441	0.00672	0.00363	0.27351
1	0.01152	0.01102	0.01879	0.20439	0.62741	0.01151	0.01476	0.01452	0.01089	0.01528	0.00913	0.01237	0.00751	0.00450	0.00488	0.00150	0.00600	0.00438	0.00238	0.00727
2	0.00599	0.00428	0.00570	0.00684	0.00713	0.00399	0.00456	0.00684	0.00941	0.01254	0.02709	0.82409	0.03250	0.01540	0.00627	0.00200	0.00285	0.01397	0.00456	0.00399
3	0.01019	0.00873	0.01019	0.00728	0.01165	0.00655	0.00582	0.01237	0.01019	0.01601	0.00873	0.01019	0.00728	0.00364	0.00364	0.00073	0.00364	0.00291	0.00291	0.85734
4	0.01049	0.14389	0.62022	0.01375	0.02036	0.01269	0.08202	0.01545	0.01042	0.01498	0.00862	0.01025	0.00634	0.00455	0.00454	0.00149	0.00705	0.00367	0.00211	0.00707
5	0.86201	0.00950	0.00722	0.00646	0.00950	0.01102	0.00532	0.01445	0.00836	0.02205	0.00684	0.00798	0.00532	0.00456	0.00304	0.00152	0.00380	0.00266	0.00304	0.00532

[dist]
# distance from previous block
# <min> <max>
0	1

[block]
# block no. 9 follows, 51 sequences, length 29
# corresponding to MSA columns:
# 509-529,531-538
name=unknown_J
#
# <colnr> <probs for GDERKNQSTAVLIFYWHMCP>
#	G	D	E	R	K	N	Q	S	T	A	V	L	I	F	Y	W	H	M	C	P
0	0.00599	0.00428	0.00570	0.00684	0.00713	0.00399	0.00456	0.00684	0.00941	0.01254	0.02709	0.82409	0.03250	0.01540	0.00627	0.00200	0.00285	0.01397	0.00456	0.00399
1	0.13135	0.01118	0.01782	0.07749	0.63688	0.01154	0.01362	0.01483	0.01070	0.01667	0.00887	0.01164	0.00736	0.00444	0.00461	0.00148	0.00560	0.00414	0.00250	0.00729
2	0.58912	0.01068	0.00942	0.00795	0.01120	0.01220	0.00652	0.21417	0.06149	0.02427	0.00896	0.00963	0.00672	0.00504	0.00365	0.00152	0.00422	0.00330	0.00365	0.00627
3	0.00613	0.00496	0.00545	0.00540	0.00685	0.00427	0.00402	0.00764	0.01185	0.01498	0.25022	0.08307	0.55408	0.01194	0.00583	0.00165	0.00246	0.01015	0.00479	0.00427
4	0.86201	0.00950	0.00722	0.00646	0.00950	0.01102	0.00532	0.01445	0.00836	0.02205	0.00684	0.00798	0.00532	0.00456	0.00304	0.00152	0.00380	0.00266	0.00304	0.00532
5	0.00743	0.00561	0.00721	0.00774	0.00917	0.00520	0.00641	0.00929	0.01094	0.01424	0.02964	0.14822	0.18976	0.01267	0.00623	0.00196	0.00380	0.43870	0.00439	0.08137
6	0.86201	0.00950	0.00722	0.00646	0.00950	0.01102	0.00532	0.01445	0.00836	0.02205	0.00684	0.00798	0.00532	0.00456	0.00304	0.00152	0.00380	0.00266	0.00304	0.00532
7	0.00599	0.00428	0.00570	0.00684	0.00713	0.00399	0.00456	0.00684	0.00941	0.01254	0.02709	0.82409	0.03250	0.01540	0.00627	0.00200	0.00285	0.01397	0.00456	0.00399
8	0.86201	0.00950	0.00722	0.00646	0.00950	0.01102	0.00532	0.01445	0.00836	0.02205	0.00684	0.00798	0.00532	0.00456	0.00304	0.00152	0.00380	0.00266	0.00304	0.00532
9	0.01465	0.05889	0.06354	0.00915	0.01329	0.00899	0.03251	0.06553	0.04698	0.26011	0.02604	0.01312	0.00974	0.00502	0.00462	0.00121	0.02321	0.00401	0.00402	0.33537
10	0.27012	0.06706	0.01262	0.01056	0.01334	0.52289	0.00818	0.01779	0.01203	0.01499	0.00733	0.00854	0.00603	0.00486	0.00394	0.00133	0.00714	0.00298	0.00266	0.00562
