[name]
unknown

[dist]
# distance from previous block
# <min> <max>
5	71

[block]
# block no. 0 follows, 53 sequences, length 20
# corresponding to MSA columns:
# 106-120,129-133
name=unknown_A
#
# <colnr> <probs for GDERKNQSTAVLIFYWHMCP>
#	G	D	E	R	K	N	Q	S	T	A	V	L	I	F	Y	W	H	M	C	P
0	0.01076	0.00837	0.01030	0.00881	0.01121	0.00876	0.06035	0.09488	0.28580	0.06665	0.19868	0.03484	0.13398	0.02632	0.00567	0.00164	0.00372	0.01834	0.00472	0.00619
1	0.00719	0.00560	0.00637	0.00689	0.00765	0.03348	0.00480	0.06142	0.01035	0.01338	0.02665	0.58398	0.12287	0.06307	0.00700	0.00201	0.00325	0.02553	0.00430	0.00421
2	0.01318	0.04814	0.09808	0.01175	0.05884	0.01157	0.05725	0.25792	0.17662	0.05721	0.04257	0.07968	0.01338	0.00676	0.00498	0.00156	0.00494	0.04443	0.00412	0.00703
3	0.04293	0.01789	0.03360	0.10411	0.10146	0.06852	0.00848	0.10295	0.08602	0.03691	0.01181	0.02884	0.02400	0.00551	0.01501	0.00134	0.00480	0.00416	0.07767	0.22398
4	0.01416	0.01235	0.05349	0.01204	0.09115	0.09019	0.03649	0.23363	0.13620	0.09479	0.01586	0.04183	0.07476	0.00619	0.00479	0.00144	0.00505	0.00508	0.00403	0.06648
5	0.01258	0.36765	0.01842	0.00999	0.01246	0.06092	0.02819	0.04124	0.01005	0.06761	0.02756	0.05980	0.00913	0.00638	0.00735	0.00148	0.24646	0.00417	0.00268	0.00588
6	0.00673	0.00466	0.00534	0.00535	0.00567	0.00451	0.00326	0.00717	0.00828	0.01101	0.11381	0.07935	0.10327	0.60015	0.01907	0.00379	0.00401	0.00787	0.00343	0.00327
7	0.01004	0.01037	0.07223	0.20222	0.20644	0.01858	0.06588	0.06002	0.06799	0.01578	0.08182	0.03612	0.11930	0.00640	0.00503	0.00154	0.00519	0.00573	0.00318	0.00613
8	0.01181	0.18579	0.41705	0.01283	0.06470	0.05853	0.03290	0.03658	0.01076	0.06936	0.00918	0.01060	0.00696	0.00617	0.04555	0.00170	0.00673	0.00360	0.00245	0.00676
9	0.00803	0.00678	0.00931	0.00868	0.00898	0.00848	0.00665	0.00901	0.00751	0.01089	0.01232	0.09330	0.01310	0.21917	0.26757	0.00446	0.29287	0.00602	0.00265	0.00423
10	0.00786	0.00427	0.00594	0.00599	0.00601	0.00426	0.00385	0.00643	0.00653	0.00871	0.01077	0.05439	0.01158	0.21911	0.01953	0.61055	0.00421	0.00526	0.00238	0.00236
11	0.01112	0.01027	0.01857	0.35845	0.27220	0.01093	0.17130	0.01429	0.01058	0.06196	0.00952	0.01270	0.00726	0.00453	0.00494	0.00154	0.00636	0.00457	0.00249	0.00643
12	0.00922	0.00961	0.06658	0.07871	0.18898	0.04932	0.00911	0.01235	0.06516	0.01538	0.20396	0.04259	0.14323	0.00836	0.02596	0.00170	0.05414	0.00643	0.00355	0.00565
13	0.00970	0.00910	0.13833	0.00866	0.01073	0.02333	0.06308	0.01086	0.04407	0.05749	0.01268	0.01612	0.05958	0.01159	0.02132	0.42752	0.00484	0.00464	0.06217	0.00419
14	0.01041	0.00688	0.00841	0.00723	0.00914	0.00679	0.00565	0.16430	0.01531	0.09543	0.57001	0.02907	0.03464	0.00861	0.00539	0.00149	0.00302	0.00742	0.00523	0.00557
15	0.00978	0.00850	0.01056	0.12670	0.01450	0.00700	0.00678	0.01206	0.00986	0.01508	0.00850	0.01033	0.00698	0.00372	0.00372	0.00084	0.00396	0.00304	0.00273	0.73538
16	0.01123	0.01035	0.01703	0.12468	0.53435	0.01082	0.03218	0.04186	0.03234	0.01559	0.00983	0.01280	0.00809	0.00640	0.05153	0.00181	0.02164	0.00438	0.04619	0.00688
17	0.00686	0.00510	0.00622	0.00616	0.00731	0.00496	0.00458	0.00814	0.00990	0.04079	0.09693	0.11528	0.35938	0.09250	0.17808	0.00321	0.02882	0.01764	0.00395	0.00419
18	0.00714	0.00486	0.00645	0.00656	0.00706	0.00513	0.00453	0.00803	0.00781	0.03368	0.01612	0.15827	0.01736	0.34618	0.34371	0.00534	0.00765	0.00724	0.00310	0.00377
19	0.01427	0.06575	0.09310	0.02010	0.04793	0.03288	0.06362	0.34139	0.07060	0.04964	0.01212	0.01423	0.02131	0.03522	0.00624	0.00162	0.06454	0.02674	0.01167	0.00702

[dist]
# distance from previous block
# <min> <max>
3	80

[block]
# block no. 1 follows, 53 sequences, length 7
# corresponding to MSA columns:
# 214-220
name=unknown_B
#
# <colnr> <probs for GDERKNQSTAVLIFYWHMCP>
#	G	D	E	R	K	N	Q	S	T	A	V	L	I	F	Y	W	H	M	C	P
0	0.06319	0.00607	0.00781	0.05409	0.01005	0.00605	0.02353	0.07041	0.01066	0.01511	0.07576	0.50024	0.02520	0.01153	0.00553	0.00175	0.00345	0.04565	0.00414	0.05977
1	0.02828	0.10878	0.30144	0.03673	0.09784	0.10043	0.01277	0.01571	0.07067	0.03314	0.00894	0.01068	0.00706	0.00533	0.00623	0.00152	0.14174	0.00373	0.00245	0.00652
2	0.00914	0.00564	0.00659	0.00640	0.00693	0.04897	0.00446	0.03748	0.00808	0.01116	0.01110	0.01628	0.03158	0.04549	0.03413	0.55821	0.00430	0.00445	0.14658	0.00304
3	0.01318	0.01116	0.01135	0.02317	0.01264	0.11085	0.02533	0.25379	0.14040	0.03500	0.03159	0.07185	0.03360	0.05457	0.00608	0.00169	0.00493	0.08048	0.01690	0.06144
4	0.04753	0.00600	0.00631	0.00627	0.00693	0.04937	0.00428	0.00852	0.00855	0.01158	0.07468	0.03063	0.07589	0.46607	0.11359	0.00402	0.00544	0.06745	0.00324	0.00364
5	0.01367	0.35432	0.09683	0.01459	0.19866	0.19182	0.01082	0.01585	0.01101	0.04055	0.00797	0.00939	0.00667	0.00442	0.00394	0.00123	0.00617	0.00324	0.00235	0.00650
6	0.05966	0.09758	0.52207	0.01311	0.06826	0.07526	0.01434	0.01489	0.01049	0.01515	0.05942	0.01138	0.00864	0.00484	0.00438	0.00144	0.00641	0.00373	0.00234	0.00661

[dist]
# distance from previous block
# <min> <max>
0	3

[block]
# block no. 2 follows, 53 sequences, length 16
# corresponding to MSA columns:
# 224-239
name=unknown_C
#
# <colnr> <probs for GDERKNQSTAVLIFYWHMCP>
#	G	D	E	R	K	N	Q	S	T	A	V	L	I	F	Y	W	H	M	C	P
0	0.07048	0.00866	0.01089	0.00860	0.01188	0.00833	0.00704	0.09515	0.05140	0.53276	0.07796	0.01650	0.01348	0.00618	0.00516	0.00149	0.03642	0.00488	0.00530	0.02742
1	0.01277	0.01381	0.07041	0.03206	0.24915	0.10158	0.25697	0.07997	0.04182	0.03697	0.00987	0.01215	0.00769	0.00539	0.02405	0.00164	0.02952	0.00460	0.00275	0.00684
2	0.01154	0.06373	0.19429	0.10972	0.25436	0.01131	0.06126	0.08569	0.02177	0.03179	0.00960	0.01167	0.00741	0.00457	0.00451	0.00139	0.00578	0.00403	0.04507	0.06051
3	0.05818	0.02741	0.10482	0.00792	0.02064	0.00668	0.00690	0.01061	0.02213	0.06506	0.12423	0.17550	0.20347	0.01125	0.04386	0.00196	0.03505	0.06533	0.00400	0.00500
4	0.00585	0.00436	0.00547	0.00633	0.00693	0.00397	0.00437	0.00682	0.00961	0.01243	0.03122	0.62700	0.20252	0.01427	0.00602	0.00188	0.00275	0.03982	0.00444	0.00393
5	0.00612	0.00474	0.00531	0.00544	0.00641	0.00436	0.00378	0.00703	0.00937	0.01173	0.03379	0.13361	0.43157	0.22061	0.09220	0.00303	0.00407	0.00922	0.00386	0.00375
6	0.02620	0.28546	0.10078	0.03479	0.07797	0.14734	0.12311	0.04845	0.06893	0.01427	0.00891	0.01043	0.00722	0.00518	0.02041	0.00144	0.00644	0.00371	0.00254	0.00640
7	0.01041	0.00897	0.00953	0.00797	0.01082	0.04785	0.00621	0.06543	0.22207	0.01789	0.15790	0.05114	0.06007	0.00659	0.00461	0.00127	0.00365	0.00550	0.00408	0.29803
8	0.00599	0.00429	0.00572	0.00667	0.00707	0.00401	0.00457	0.00703	0.00969	0.01303	0.10954	0.71472	0.03291	0.01435	0.00607	0.00190	0.00278	0.04117	0.00452	0.00397
9	0.00931	0.03288	0.60602	0.01306	0.03093	0.01021	0.05712	0.01407	0.01043	0.01523	0.06728	0.04268	0.01116	0.00577	0.00484	0.00157	0.00641	0.05195	0.00251	0.00657
10	0.01028	0.05855	0.52013	0.02700	0.02023	0.01141	0.16114	0.01488	0.01031	0.03391	0.00968	0.01289	0.00750	0.00504	0.00523	0.00157	0.03926	0.04198	0.00231	0.00670
11	0.00684	0.00461	0.00533	0.00543	0.00549	0.00461	0.00315	0.00698	0.00718	0.00960	0.01602	0.10445	0.01850	0.72866	0.05035	0.00449	0.00475	0.00750	0.00303	0.00304
12	0.00610	0.00493	0.00546	0.00554	0.00701	0.00430	0.00429	0.00761	0.01135	0.01414	0.17230	0.04526	0.57518	0.01185	0.00577	0.00167	0.00264	0.10586	0.00457	0.00416
13	0.00870	0.00452	0.00532	0.00545	0.00632	0.00440	0.00391	0.00992	0.00941	0.05409	0.01719	0.21033	0.01623	0.00953	0.00644	0.13387	0.00275	0.00660	0.48089	0.00413
14	0.43235	0.07142	0.01153	0.01011	0.05930	0.29446	0.00753	0.01581	0.01030	0.01667	0.00704	0.00838	0.00576	0.00468	0.00390	0.00137	0.02828	0.00290	0.00266	0.00552
15	0.51739	0.15637	0.01141	0.00755	0.01062	0.07702	0.00634	0.09507	0.01030	0.01919	0.00761	0.00931	0.00631	0.04362	0.00429	0.00152	0.00455	0.00301	0.00294	0.00558

[dist]
# distance from previous block
# <min> <max>
11	16

[block]
# block no. 3 follows, 53 sequences, length 29
# corresponding to MSA columns:
# 257-285
name=unknown_D
#
# <colnr> <probs for GDERKNQSTAVLIFYWHMCP>
#	G	D	E	R	K	N	Q	S	T	A	V	L	I	F	Y	W	H	M	C	P
0	0.01545	0.01201	0.01234	0.01001	0.01329	0.06843	0.00804	0.38336	0.21777	0.07579	0.06554	0.01472	0.01226	0.00600	0.00474	0.00143	0.00472	0.00472	0.00462	0.06475
1	0.00626	0.00470	0.00578	0.00596	0.00696	0.00426	0.00434	0.00781	0.01144	0.01528	0.35120	0.24735	0.24118	0.02959	0.00620	0.00174	0.00257	0.03846	0.00474	0.00418
2	0.00891	0.00445	0.00445	0.00445	0.00557	0.00445	0.00334	0.01114	0.01002	0.01782	0.01559	0.01782	0.01225	0.00557	0.00334	0.00111	0.00223	0.00445	0.85856	0.00445
3	0.86579	0.00924	0.00702	0.00629	0.00924	0.01072	0.00518	0.01405	0.00813	0.02144	0.00666	0.00776	0.00518	0.00444	0.00296	0.00148	0.00370	0.00259	0.00296	0.00518
4	0.01042	0.01009	0.01630	0.48227	0.33527	0.03741	0.01369	0.01341	0.01021	0.01354	0.00865	0.01225	0.00684	0.00458	0.00474	0.00151	0.00617	0.00421	0.00223	0.00621
5	0.00697	0.00511	0.00651	0.00625	0.00738	0.00484	0.00469	0.00951	0.04520	0.01807	0.64353	0.05630	0.06614	0.05153	0.00661	0.00172	0.00257	0.04754	0.00503	0.00452
6	0.00690	0.00461	0.00523	0.00527	0.00528	0.00460	0.00296	0.00694	0.00704	0.00939	0.01553	0.06434	0.01797	0.79816	0.02357	0.00452	0.00456	0.00723	0.00296	0.00294
7	0.05106	0.01092	0.01822	0.12262	0.67373	0.01124	0.01406	0.01435	0.01060	0.01548	0.00882	0.01175	0.00732	0.00433	0.00466	0.00144	0.00567	0.00418	0.00236	0.00719
8	0.01002	0.00900	0.01202	0.01069	0.01280	0.08362	0.14306	0.06038	0.03683	0.02507	0.04766	0.07121	0.07862	0.02031	0.00617	0.00186	0.01514	0.32865	0.02170	0.00519
9	0.81985	0.00925	0.00735	0.00653	0.00941	0.01075	0.00538	0.01419	0.00824	0.03985	0.00693	0.00805	0.00537	0.00459	0.00339	0.00150	0.02843	0.00269	0.00300	0.00525
10	0.00975	0.06678	0.76666	0.01334	0.02025	0.01151	0.01717	0.01509	0.01007	0.01493	0.00848	0.00997	0.00606	0.00452	0.00446	0.00149	0.00696	0.00348	0.00202	0.00702
11	0.01094	0.00863	0.01013	0.00730	0.01150	0.00668	0.00586	0.03743	0.01056	0.06817	0.00927	0.01038	0.00743	0.00377	0.00366	0.00078	0.00363	0.00301	0.00310	0.77778
12	0.01380	0.00958	0.01069	0.00932	0.01215	0.01050	0.00732	0.04014	0.56872	0.18981	0.03561	0.04220	0.01501	0.00667	0.00490	0.00159	0.00381	0.00557	0.00508	0.00753
13	0.00683	0.00512	0.00768	0.00768	0.00853	0.00597	0.00597	0.00853	0.00768	0.01110	0.01280	0.01878	0.01195	0.03585	0.81308	0.00768	0.01280	0.00512	0.00256	0.00427
14	0.01705	0.01365	0.01366	0.01083	0.01423	0.09234	0.00880	0.61401	0.06358	0.02642	0.01213	0.01257	0.02216	0.02050	0.01721	0.00159	0.02287	0.00440	0.00443	0.00756
15	0.00891	0.00445	0.00445	0.00445	0.00557	0.00445	0.00334	0.01114	0.01002	0.01782	0.01559	0.01782	0.01225	0.00557	0.00334	0.00111	0.00223	0.00445	0.85856	0.00445
16	0.00916	0.00863	0.01457	0.78374	0.06870	0.01065	0.01334	0.01233	0.00962	0.01237	0.00852	0.01270	0.00643	0.00475	0.00478	0.00158	0.00634	0.00425	0.00214	0.00541
17	0.00963	0.02439	0.78526	0.01381	0.02081	0.01113	0.03933	0.01514	0.01012	0.01514	0.00861	0.01017	0.00609	0.00453	0.00457	0.00152	0.00709	0.00359	0.00203	0.00705
18	0.00891	0.00445	0.00445	0.00445	0.00557	0.00445	0.00334	0.01114	0.01002	0.01782	0.01559	0.01782	0.01225	0.00557	0.00334	0.00111	0.00223	0.00445	0.85856	0.00445
19	0.73010	0.00929	0.00771	0.00669	0.00971	0.01053	0.00550	0.05996	0.00945	0.08264	0.00810	0.00888	0.00603	0.00465	0.00322	0.00147	0.00378	0.00291	0.02383	0.00556
20	0.00876	0.00718	0.00935	0.01111	0.10439	0.04383	0.00817	0.01162	0.05632	0.01516	0.10809	0.05939	0.02544	0.01102	0.00605	0.00195	0.00444	0.49851	0.00419	0.00501
21	0.01195	0.73583	0.02272	0.00800	0.01163	0.01712	0.00773	0.01340	0.00964	0.01136	0.00899	0.10560	0.00917	0.00539	0.00343	0.00113	0.00483	0.00387	0.00233	0.00587
22	0.01421	0.01151	0.01293	0.01228	0.12983	0.09744	0.01952	0.21699	0.02456	0.10413	0.01300	0.02491	0.04551	0.00546	0.00452	0.00126	0.00494	0.02263	0.00372	0.23064
23	0.01283	0.01074	0.01134	0.00992	0.01279	0.01233	0.00779	0.13985	0.67758	0.02152	0.01825	0.01688	0.01362	0.00637	0.00485	0.00159	0.00400	0.00524	0.00485	0.00765
24	0.00866	0.00453	0.00484	0.00484	0.00592	0.00464	0.00366	0.01083	0.00974	0.01702	0.01526	0.01793	0.01221	0.00918	0.09990	0.00190	0.00349	0.00453	0.75648	0.00443
25	0.10920	0.00541	0.00646	0.00605	0.00739	0.00525	0.00459	0.00962	0.01289	0.01944	0.70512	0.03237	0.04034	0.00914	0.00532	0.00150	0.00243	0.00792	0.00499	0.00459
26	0.00662	0.00522	0.00827	0.00820	0.00900	0.00490	0.09744	0.00768	0.00920	0.01230	0.02317	0.66900	0.02718	0.03922	0.00720	0.04178	0.00353	0.01200	0.00404	0.00407
27	0.00909	0.00517	0.00567	0.00542	0.00640	0.00567	0.00419	0.01118	0.00970	0.01707	0.01448	0.01694	0.01154	0.00590	0.00481	0.00123	0.10014	0.00442	0.75642	0.00455
28	0.00838	0.00517	0.00683	0.00640	0.00772	0.00472	0.00480	0.01039	0.01293	0.11202	0.59794	0.14475	0.03924	0.01004	0.00560	0.00156	0.00254	0.00888	0.00522	0.00485

[dist]
# distance from previous block
# <min> <max>
0	4

[block]
# block no. 4 follows, 53 sequences, length 47
# corresponding to MSA columns:
# 290-336
name=unknown_E
#
# <colnr> <probs for GDERKNQSTAVLIFYWHMCP>
#	G	D	E	R	K	N	Q	S	T	A	V	L	I	F	Y	W	H	M	C	P
0	0.02942	0.31626	0.11778	0.09997	0.01568	0.13952	0.00972	0.05843	0.08422	0.01407	0.02704	0.01158	0.00844	0.04323	0.00495	0.00145	0.00582	0.00366	0.00266	0.00611
1	0.00867	0.00450	0.00467	0.00463	0.00574	0.00446	0.00347	0.01090	0.01041	0.01797	0.10282	0.01981	0.01591	0.00604	0.00360	0.00116	0.00223	0.00492	0.76363	0.00446
2	0.00695	0.00463	0.00521	0.00521	0.00521	0.00463	0.00290	0.00695	0.00695	0.00927	0.01506	0.03128	0.01738	0.83203	0.02433	0.00463	0.00463	0.00695	0.00290	0.00290
3	0.01157	0.01136	0.02011	0.02738	0.67588	0.01123	0.11523	0.01451	0.01094	0.01549	0.01029	0.01302	0.03195	0.00447	0.00488	0.00145	0.00589	0.00462	0.00244	0.00731
4	0.01240	0.01360	0.05181	0.05801	0.11659	0.12139	0.35317	0.10075	0.01287	0.01671	0.08491	0.01408	0.01077	0.00498	0.00516	0.00150	0.00685	0.00510	0.00292	0.00643
5	0.01690	0.01244	0.01346	0.01044	0.01397	0.01367	0.00858	0.69980	0.02148	0.02890	0.09916	0.01417	0.01224	0.00619	0.00488	0.00144	0.00493	0.00479	0.00483	0.00773
6	0.03033	0.00968	0.06194	0.00887	0.01247	0.03239	0.02285	0.04525	0.04833	0.50610	0.07405	0.01764	0.04651	0.00616	0.00479	0.00144	0.00427	0.00505	0.00507	0.05681
7	0.01040	0.01024	0.01411	0.01194	0.01241	0.01372	0.00992	0.01156	0.00761	0.01196	0.00652	0.01040	0.00636	0.00783	0.01433	0.00194	0.73208	0.00403	0.00217	0.10046
8	0.00989	0.00979	0.01782	0.54575	0.14484	0.01102	0.16586	0.01319	0.01009	0.01333	0.00880	0.01264	0.00672	0.00455	0.00494	0.00157	0.00660	0.00452	0.00222	0.00587
9	0.01320	0.03099	0.01243	0.01085	0.01256	0.36141	0.02882	0.01600	0.11577	0.01253	0.01045	0.02507	0.00949	0.11073	0.06558	0.00232	0.14924	0.00441	0.00280	0.00535
10	0.01040	0.01024	0.01411	0.01194	0.01241	0.01372	0.00992	0.01156	0.00761	0.01196	0.00652	0.01040	0.00636	0.00783	0.01433	0.00194	0.73208	0.00403	0.00217	0.10046
11	0.01189	0.01182	0.02006	0.04815	0.67070	0.03710	0.10014	0.01482	0.01098	0.01537	0.00900	0.01187	0.00746	0.00427	0.00482	0.00144	0.00606	0.00437	0.00237	0.00732
12	0.00682	0.00509	0.00754	0.00750	0.00838	0.00581	0.00581	0.00859	0.00833	0.01199	0.10034	0.02066	0.01564	0.03295	0.72326	0.00699	0.01163	0.00551	0.00286	0.00429
13	0.01160	0.01135	0.02007	0.07713	0.66828	0.01139	0.10027	0.01459	0.01085	0.01537	0.00904	0.01200	0.00746	0.00427	0.00484	0.00145	0.00599	0.00441	0.00236	0.00731
14	0.00813	0.09773	0.00944	0.00847	0.00994	0.00690	0.00748	0.01019	0.01085	0.01387	0.02477	0.04824	0.07653	0.01212	0.00615	0.00203	0.00435	0.63411	0.00414	0.00457
15	0.57704	0.00952	0.00898	0.04914	0.02588	0.01092	0.00650	0.10871	0.01036	0.06417	0.00845	0.00960	0.00639	0.00493	0.00402	0.00149	0.04205	0.00320	0.04294	0.00572
16	0.01274	0.01066	0.01272	0.01065	0.01370	0.01183	0.08192	0.13257	0.54971	0.04428	0.01866	0.01767	0.04815	0.00638	0.00496	0.00159	0.00435	0.00546	0.00463	0.00740
17	0.04406	0.01231	0.01322	0.01029	0.01379	0.01354	0.00845	0.67506	0.02102	0.02863	0.09901	0.01405	0.01215	0.00614	0.00482	0.00144	0.00488	0.00473	0.00478	0.00763
18	0.36267	0.01051	0.00939	0.00817	0.01085	0.10101	0.01822	0.14275	0.02748	0.06451	0.02757	0.05175	0.04153	0.00731	0.03638	0.00173	0.00481	0.02886	0.03876	0.00573
19	0.84602	0.00922	0.00712	0.00634	0.00931	0.01064	0.00522	0.01427	0.00826	0.03980	0.00694	0.00796	0.00533	0.00447	0.00300	0.00148	0.00371	0.00264	0.00303	0.00525
20	0.73112	0.00979	0.00814	0.09715	0.01213	0.04794	0.00627	0.01408	0.00854	0.01997	0.00689	0.00836	0.00535	0.00450	0.00322	0.00148	0.00422	0.00280	0.00284	0.00521
21	0.86579	0.00924	0.00702	0.00629	0.00924	0.01072	0.00518	0.01405	0.00813	0.02144	0.00666	0.00776	0.00518	0.00444	0.00296	0.00148	0.00370	0.00259	0.00296	0.00518
22	0.00885	0.00465	0.00494	0.04235	0.00683	0.00475	0.00379	0.01106	0.00991	0.01730	0.01525	0.01800	0.01214	0.03096	0.00405	0.00124	0.00249	0.00452	0.79249	0.00445
23	0.00891	0.00445	0.00445	0.00445	0.00557	0.00445	0.00334	0.01114	0.01002	0.01782	0.01559	0.01782	0.01225	0.00557	0.00334	0.00111	0.00223	0.00445	0.85856	0.00445
24	0.01278	0.83490	0.02505	0.00818	0.01227	0.01891	0.00818	0.01431	0.00971	0.01125	0.00664	0.00767	0.00613	0.00409	0.00307	0.00102	0.00511	0.00256	0.00204	0.00613
25	0.00891	0.00445	0.00445	0.00445	0.00557	0.00445	0.00334	0.01114	0.01002	0.01782	0.01559	0.01782	0.01225	0.00557	0.00334	0.00111	0.00223	0.00445	0.85856	0.00445
26	0.86579	0.00924	0.00702	0.00629	0.00924	0.01072	0.00518	0.01405	0.00813	0.02144	0.00666	0.00776	0.00518	0.00444	0.00296	0.00148	0.00370	0.00259	0.00296	0.00518
27	0.01278	0.83490	0.02505	0.00818	0.01227	0.01891	0.00818	0.01431	0.00971	0.01125	0.00664	0.00767	0.00613	0.00409	0.00307	0.00102	0.00511	0.00256	0.00204	0.00613
28	0.01021	0.02279	0.05559	0.00916	0.04263	0.03630	0.00720	0.01704	0.32699	0.03877	0.20146	0.02309	0.10271	0.00729	0.00494	0.00148	0.00372	0.00614	0.00438	0.07812
29	0.00959	0.02472	0.80726	0.01362	0.02069	0.01110	0.01766	0.01514	0.01009	0.01514	0.00858	0.01009	0.00605	0.00454	0.00454	0.00151	0.00706	0.00353	0.00202	0.00706
30	0.02144	0.00813	0.01109	0.00850	0.01220	0.00702	0.00702	0.02329	0.01368	0.80552	0.01886	0.01627	0.01183	0.00592	0.00481	0.00148	0.00407	0.00481	0.00592	0.00813
31	0.00830	0.00415	0.00623	0.00623	0.00623	0.00415	0.00415	0.00623	0.00623	0.00830	0.00830	0.01453	0.00830	0.01660	0.01868	0.86094	0.00415	0.00415	0.00208	0.00208
32	0.01185	0.01117	0.01867	0.10598	0.69031	0.01145	0.01427	0.05024	0.01129	0.01596	0.00906	0.01190	0.00748	0.00438	0.00474	0.00144	0.00573	0.00426	0.00245	0.00738
33	0.01252	0.01198	0.01705	0.15922	0.43343	0.08077	0.03750	0.11292	0.03808	0.01661	0.01036	0.01268	0.02578	0.00484	0.00476	0.00145	0.00594	0.00438	0.00277	0.00696
34	0.08790	0.42921	0.28395	0.00993	0.01486	0.03056	0.01104	0.01515	0.00999	0.05732	0.00798	0.00898	0.00634	0.00439	0.00367	0.00126	0.00565	0.00302	0.00234	0.00646
35	0.01090	0.00882	0.01113	0.00817	0.01208	0.00732	0.04094	0.03038	0.01032	0.06903	0.00928	0.01073	0.00749	0.00474	0.02188	0.00104	0.05000	0.00325	0.00302	0.67947
36	0.00756	0.00521	0.00644	0.00628	0.00681	0.00557	0.00426	0.04544	0.00811	0.01135	0.01416	0.02539	0.01483	0.47970	0.28759	0.00531	0.00728	0.00607	0.04892	0.00369
37	0.00891	0.00445	0.00445	0.00445	0.00557	0.00445	0.00334	0.01114	0.01002	0.01782	0.01559	0.01782	0.01225	0.00557	0.00334	0.00111	0.00223	0.00445	0.85856	0.00445
38	0.01211	0.27616	0.31534	0.03147	0.08328	0.11777	0.03935	0.03270	0.01075	0.01372	0.00791	0.00948	0.00632	0.00451	0.00432	0.00133	0.02140	0.00335	0.00219	0.00655
39	0.00804	0.05069	0.04899	0.00846	0.04874	0.00721	0.02158	0.02589	0.14050	0.01479	0.07016	0.22382	0.28053	0.01029	0.00539	0.00165	0.00345	0.02047	0.00417	0.00518
40	0.01046	0.01046	0.01464	0.01255	0.01255	0.01464	0.01046	0.01150	0.00732	0.01150	0.00627	0.01046	0.00627	0.00837	0.01569	0.00209	0.82328	0.00418	0.00209	0.00523
41	0.01105	0.00789	0.02811	0.01121	0.13436	0.03163	0.02172	0.03263	0.02286	0.17325	0.05102	0.26636	0.11123	0.03584	0.00618	0.00175	0.01974	0.02325	0.00421	0.00570
42	0.03827	0.02368	0.05825	0.06511	0.01299	0.00741	0.00747	0.01803	0.03746	0.44017	0.11859	0.04650	0.04612	0.00662	0.00483	0.00147	0.00404	0.00550	0.00487	0.05261
43	0.51027	0.01002	0.00881	0.00789	0.03073	0.06524	0.00614	0.05120	0.04664	0.10744	0.02692	0.01190	0.04297	0.00519	0.00368	0.00143	0.00411	0.00359	0.00352	0.05231
44	0.01174	0.03165	0.05360	0.06951	0.14145	0.01969	0.00908	0.17438	0.16443	0.04284	0.04294	0.06993	0.13401	0.00715	0.00497	0.00153	0.00453	0.00603	0.00395	0.00659
45	0.01198	0.02884	0.18396	0.09001	0.06429	0.15417	0.25090	0.05350	0.01164	0.01490	0.00991	0.02259	0.02286	0.00519	0.01627	0.00154	0.00717	0.00449	0.00251	0.04328
46	0.01393	0.06050	0.08515	0.02877	0.12004	0.14983	0.00965	0.17676	0.04420	0.08658	0.03116	0.07366	0.02144	0.02533	0.01920	0.00161	0.01872	0.00491	0.00351	0.02502

[dist]
# distance from previous block
# <min> <max>
1	32

[block]
# block no. 5 follows, 53 sequences, length 33
# corresponding to MSA columns:
# 370-402
name=unknown_F
#
# <colnr> <probs for GDERKNQSTAVLIFYWHMCP>
#	G	D	E	R	K	N	Q	S	T	A	V	L	I	F	Y	W	H	M	C	P
0	0.05670	0.06835	0.10952	0.07030	0.02775	0.07168	0.02184	0.18292	0.04574	0.08009	0.03597	0.03295	0.06830	0.00595	0.00476	0.00141	0.02255	0.00466	0.01702	0.07154
1	0.16854	0.05596	0.05327	0.04304	0.03767	0.01176	0.12238	0.21368	0.02882	0.03829	0.05258	0.03870	0.00998	0.00555	0.00501	0.00147	0.04482	0.00452	0.00343	0.06054
2	0.04256	0.01317	0.01274	0.04410	0.14211	0.24069	0.00896	0.09206	0.06527	0.11135	0.04680	0.02682	0.01046	0.00637	0.02754	0.00155	0.01624	0.00433	0.04061	0.04629
3	0.07775	0.04515	0.01287	0.04590	0.16888	0.02598	0.05613	0.10452	0.05579	0.01676	0.04067	0.06320	0.14958	0.03366	0.00573	0.00159	0.02874	0.00586	0.01543	0.04582
4	0.00608	0.00446	0.00542	0.00596	0.00655	0.00411	0.00400	0.00699	0.00957	0.01254	0.10697	0.44394	0.19261	0.15713	0.00916	0.00230	0.00297	0.01119	0.00425	0.00380
5	0.01193	0.00957	0.01097	0.00886	0.03370	0.00888	0.00684	0.10876	0.20050	0.05269	0.01196	0.01234	0.00924	0.00464	0.00410	0.00107	0.00389	0.00375	0.00368	0.49264
6	0.13182	0.20971	0.17845	0.03262	0.01459	0.04974	0.02707	0.09562	0.02428	0.03755	0.00892	0.02625	0.00718	0.00469	0.00391	0.00126	0.00526	0.00346	0.00280	0.13484
7	0.03788	0.53450	0.13489	0.00916	0.01350	0.01573	0.00939	0.04933	0.01076	0.11717	0.00873	0.00937	0.00693	0.00456	0.00382	0.00120	0.02070	0.00310	0.00270	0.00657
8	0.00688	0.00526	0.00634	0.00650	0.00766	0.00503	0.00490	0.00943	0.07639	0.01524	0.25940	0.18541	0.22622	0.04986	0.00667	0.00186	0.00293	0.11496	0.00464	0.00444
9	0.01149	0.00809	0.03672	0.05439	0.12785	0.00742	0.03395	0.04165	0.03958	0.18763	0.17508	0.10932	0.09475	0.00817	0.00528	0.00159	0.00405	0.04256	0.00437	0.00606
10	0.02867	0.07810	0.59219	0.01473	0.08124	0.01164	0.07892	0.01522	0.01027	0.03339	0.00876	0.01038	0.00639	0.00448	0.00452	0.00148	0.00676	0.00370	0.00219	0.00697
11	0.00884	0.00830	0.01382	0.77636	0.03149	0.01026	0.01275	0.01192	0.00963	0.01225	0.01066	0.01454	0.04937	0.00518	0.00483	0.00159	0.00616	0.00456	0.00225	0.00524
12	0.01391	0.00749	0.00909	0.00794	0.01038	0.00746	0.00638	0.05226	0.17509	0.29402	0.08070	0.05151	0.01740	0.00741	0.00488	0.00154	0.00359	0.09085	0.15157	0.00653
13	0.05713	0.01179	0.14045	0.20086	0.22979	0.01874	0.01198	0.03166	0.03763	0.06104	0.11352	0.01505	0.01230	0.00550	0.00510	0.00152	0.03189	0.00468	0.00300	0.00639
14	0.00805	0.00579	0.00711	0.00651	0.00826	0.00526	0.03832	0.02831	0.03746	0.08135	0.11574	0.11336	0.43139	0.04903	0.00641	0.00176	0.00307	0.02430	0.02383	0.00470
15	0.00974	0.00676	0.00797	0.00728	0.00911	0.00692	0.00557	0.01522	0.24764	0.09582	0.37342	0.07160	0.06556	0.00860	0.00524	0.00155	0.00293	0.00743	0.04592	0.00573
16	0.00897	0.00535	0.00625	0.00584	0.00641	0.00530	0.00365	0.03674	0.00827	0.09890	0.01530	0.02861	0.01630	0.69238	0.03913	0.00424	0.00478	0.00658	0.00329	0.00370
17	0.02800	0.05963	0.24455	0.06468	0.02937	0.04869	0.02133	0.20032	0.09714	0.01850	0.03539	0.01235	0.00896	0.00646	0.02915	0.00170	0.07965	0.00418	0.00317	0.00678
18	0.03298	0.00752	0.00951	0.00779	0.01060	0.00708	0.00627	0.06061	0.06712	0.43682	0.15139	0.02122	0.06530	0.00822	0.03999	0.00175	0.00398	0.00574	0.04928	0.00682
19	0.00678	0.00496	0.00585	0.00564	0.00692	0.00455	0.00422	0.00901	0.03365	0.01709	0.46332	0.05817	0.25440	0.01005	0.00540	0.00151	0.00236	0.00867	0.09302	0.00444
20	0.00614	0.00451	0.00633	0.00714	0.00760	0.00424	0.02679	0.00713	0.00928	0.01235	0.02550	0.73223	0.03026	0.03629	0.00661	0.00202	0.00308	0.06419	0.00434	0.00396
21	0.04141	0.02436	0.04882	0.11119	0.10828	0.03403	0.05858	0.20603	0.05304	0.11019	0.01099	0.01271	0.00828	0.00672	0.00664	0.12146	0.00534	0.00429	0.00345	0.02419
22	0.00697	0.00525	0.00761	0.00753	0.00824	0.00611	0.00573	0.00843	0.00757	0.01087	0.01286	0.02012	0.01246	0.13935	0.68099	0.00708	0.04078	0.00533	0.00259	0.00412
23	0.01387	0.00634	0.00745	0.00634	0.00854	0.00605	0.00503	0.05103	0.03472	0.29821	0.01668	0.01698	0.01198	0.00573	0.00397	0.00127	0.00306	0.00460	0.49212	0.00602
24	0.00699	0.00519	0.00718	0.03324	0.00831	0.00571	0.00526	0.00837	0.00870	0.01224	0.15950	0.06039	0.01994	0.22377	0.38228	0.00516	0.03402	0.00654	0.00320	0.00402
25	0.05253	0.05597	0.18623	0.13499	0.01957	0.16459	0.13961	0.04505	0.06180	0.05792	0.00988	0.01153	0.00738	0.00481	0.00458	0.00145	0.00660	0.00405	0.02510	0.00633
26	0.00655	0.00508	0.00749	0.04280	0.00930	0.00499	0.04735	0.00788	0.00948	0.01266	0.06148	0.51938	0.06349	0.04442	0.08393	0.00253	0.00430	0.05869	0.00403	0.00416
27	0.00582	0.00416	0.00555	0.00666	0.00693	0.00388	0.00444	0.00666	0.00915	0.01220	0.02634	0.82891	0.03161	0.01497	0.00610	0.00194	0.00277	0.01359	0.00444	0.00388
28	0.01271	0.01271	0.11694	0.03215	0.01510	0.01211	0.05137	0.14465	0.48601	0.03937	0.01592	0.01536	0.01176	0.00592	0.00485	0.00157	0.00476	0.00495	0.00430	0.00748
29	0.00752	0.00613	0.00759	0.02698	0.00909	0.00650	0.00582	0.02450	0.08981	0.01386	0.05561	0.32449	0.19035	0.02873	0.00721	0.00187	0.09216	0.07593	0.00414	0.02171
30	0.03319	0.21597	0.49544	0.03433	0.05693	0.04778	0.01432	0.01511	0.02002	0.01423	0.00817	0.00964	0.00625	0.00446	0.00416	0.00138	0.00645	0.00333	0.00212	0.00671
31	0.01090	0.01077	0.04730	0.01095	0.01238	0.04914	0.02180	0.09058	0.00961	0.01383	0.00840	0.01236	0.00770	0.04537	0.10066	0.02683	0.41974	0.00422	0.00255	0.09491
32	0.02760	0.05531	0.01232	0.01027	0.05006	0.08510	0.02561	0.18711	0.13451	0.13529	0.07887	0.09524	0.04041	0.00694	0.00483	0.00147	0.00459	0.00573	0.00433	0.03442

[dist]
# distance from previous block
# <min> <max>
11	28

[block]
# block no. 6 follows, 53 sequences, length 34
# corresponding to MSA columns:
# 480-487,499-524
name=unknown_G
#
# <colnr> <probs for GDERKNQSTAVLIFYWHMCP>
#	G	D	E	R	K	N	Q	S	T	A	V	L	I	F	Y	W	H	M	C	P
0	0.06263	0.16049	0.06318	0.01075	0.03115	0.08735	0.10719	0.10865	0.09705	0.02680	0.07236	0.05417	0.06692	0.00622	0.00458	0.00143	0.00515	0.00519	0.02256	0.00616
1	0.06204	0.05676	0.12357	0.00925	0.02826	0.08179	0.00800	0.10122	0.08057	0.02915	0.01463	0.08855	0.06219	0.10309	0.00679	0.00175	0.00485	0.00529	0.00334	0.12890
2	0.04482	0.67875	0.06147	0.00854	0.01264	0.04018	0.00849	0.01520	0.02557	0.05626	0.00770	0.00850	0.00658	0.00430	0.00330	0.00111	0.00517	0.00280	0.00236	0.00627
3	0.01238	0.04440	0.01206	0.02634	0.03106	0.07693	0.05075	0.12205	0.22960	0.05438	0.06904	0.04398	0.01401	0.00763	0.03669	0.00173	0.03333	0.01758	0.10974	0.00635
4	0.00699	0.00525	0.00753	0.00745	0.00813	0.00609	0.00563	0.00838	0.00754	0.01080	0.01293	0.02058	0.01265	0.17059	0.64710	0.00694	0.04335	0.00540	0.00260	0.00407
5	0.00891	0.00445	0.00445	0.00445	0.00557	0.00445	0.00334	0.01114	0.01002	0.01782	0.01559	0.01782	0.01225	0.00557	0.00334	0.00111	0.00223	0.00445	0.85856	0.00445
6	0.01151	0.00987	0.01048	0.00945	0.01204	0.01134	0.00734	0.02418	0.73561	0.01993	0.07743	0.01916	0.01686	0.00673	0.00492	0.00161	0.00367	0.00564	0.00489	0.00734
7	0.00662	0.00484	0.00621	0.00595	0.00707	0.00444	0.00443	0.00871	0.01307	0.01826	0.69473	0.07965	0.10765	0.01025	0.00566	0.00154	0.00230	0.00903	0.00515	0.00444
8	0.00597	0.00426	0.00570	0.00677	0.00712	0.00400	0.00464	0.00693	0.00939	0.01253	0.04844	0.75795	0.03174	0.01471	0.00612	0.00194	0.00286	0.06051	0.00446	0.00393
9	0.00687	0.00495	0.00683	0.00683	0.00739	0.00551	0.00491	0.00799	0.00743	0.01046	0.01358	0.02310	0.01383	0.31125	0.54025	0.00663	0.00998	0.00575	0.00268	0.00379
10	0.01785	0.02278	0.01354	0.01231	0.01478	0.81284	0.00924	0.01909	0.01354	0.01170	0.00739	0.00862	0.00616	0.00493	0.00431	0.00123	0.00862	0.00308	0.00246	0.00554
11	0.01294	0.80960	0.02469	0.00831	0.01235	0.04364	0.00821	0.01446	0.00983	0.01126	0.00667	0.00770	0.00613	0.00412	0.00311	0.00103	0.00522	0.00257	0.00206	0.00612
12	0.00959	0.02472	0.80726	0.01362	0.02069	0.01110	0.01766	0.01514	0.01009	0.01514	0.00858	0.01009	0.00605	0.00454	0.00454	0.00151	0.00706	0.00353	0.00202	0.00706
13	0.01298	0.01038	0.01139	0.00968	0.01230	0.01180	0.00770	0.24092	0.38388	0.03708	0.05755	0.01851	0.06834	0.02294	0.00617	0.00165	0.06957	0.00550	0.00459	0.00706
14	0.01046	0.01046	0.01464	0.01255	0.01255	0.01464	0.01046	0.01150	0.00732	0.01150	0.00627	0.01046	0.00627	0.00837	0.01569	0.00209	0.82328	0.00418	0.00209	0.00523
15	0.01189	0.01027	0.01081	0.00973	0.01243	0.01189	0.00757	0.02540	0.79357	0.01999	0.01945	0.01783	0.01459	0.00648	0.00486	0.00162	0.00378	0.00540	0.00486	0.00757
16	0.00695	0.00463	0.00521	0.00521	0.00521	0.00463	0.00290	0.00695	0.00695	0.00927	0.01506	0.03128	0.01738	0.83203	0.02433	0.00463	0.00463	0.00695	0.00290	0.00290
17	0.01139	0.48354	0.36428	0.01054	0.01592	0.01552	0.01229	0.01467	0.00988	0.01293	0.00748	0.00872	0.00610	0.00429	0.00371	0.00124	0.00596	0.00298	0.00203	0.00654
18	0.01125	0.01280	0.02767	0.01984	0.02449	0.01219	0.75422	0.01516	0.01112	0.01516	0.00954	0.01280	0.00721	0.00420	0.00604	0.00163	0.04030	0.00558	0.00240	0.00640
19	0.00676	0.00489	0.00639	0.00601	0.00714	0.00451	0.00451	0.00902	0.01353	0.01917	0.79969	0.03570	0.04510	0.00977	0.00564	0.00150	0.00225	0.00864	0.00526	0.00451
20	0.00577	0.00483	0.00490	0.00489	0.00638	0.00409	0.00360	0.00691	0.01066	0.01277	0.06155	0.04469	0.72640	0.07298	0.00704	0.00184	0.00258	0.00982	0.00434	0.00396
21	0.06494	0.01552	0.07346	0.01209	0.01550	0.25282	0.12572	0.12150	0.16629	0.04725	0.03886	0.01323	0.02048	0.00545	0.00470	0.00145	0.00626	0.00444	0.00348	0.00655
22	0.01247	0.00983	0.01070	0.00960	0.01229	0.01111	0.00759	0.04948	0.64723	0.07825	0.01961	0.02039	0.01520	0.00695	0.00500	0.00165	0.00390	0.06645	0.00490	0.00737
23	0.00596	0.00428	0.00569	0.00676	0.00714	0.00401	0.00466	0.00690	0.00934	0.01238	0.02688	0.74957	0.05265	0.01476	0.00613	0.00195	0.00288	0.06970	0.00443	0.00393
24	0.01308	0.01055	0.01213	0.01022	0.01309	0.06806	0.07711	0.06959	0.40568	0.11804	0.08138	0.01954	0.05427	0.00668	0.00501	0.00156	0.00446	0.01798	0.00460	0.00695
25	0.00979	0.00913	0.01519	0.66168	0.16207	0.01088	0.01338	0.03695	0.01019	0.01335	0.00867	0.01255	0.00663	0.00472	0.00477	0.00156	0.00622	0.00425	0.00225	0.00578
26	0.00695	0.00521	0.00630	0.00593	0.00725	0.00481	0.00445	0.04070	0.01302	0.01773	0.54943	0.05580	0.22714	0.02684	0.00599	0.00160	0.00248	0.00890	0.00497	0.00450
27	0.00868	0.00541	0.00675	0.00681	0.00831	0.00492	0.00532	0.01037	0.02312	0.13287	0.08041	0.22053	0.27969	0.01183	0.00582	0.00179	0.00319	0.17468	0.00471	0.00478
28	0.01272	0.01281	0.03467	0.02603	0.65248	0.09805	0.01379	0.02821	0.01133	0.03289	0.00901	0.01151	0.00746	0.00449	0.00493	0.00142	0.02428	0.00413	0.00248	0.00731
29	0.00937	0.06627	0.00624	0.00491	0.00630	0.00559	0.00385	0.01154	0.01027	0.03538	0.05594	0.01796	0.01350	0.00569	0.00347	0.00114	0.00249	0.00454	0.73091	0.00467
30	0.01421	0.01270	0.03870	0.08498	0.01614	0.09102	0.06344	0.35065	0.11186	0.02191	0.07028	0.03128	0.01163	0.00588	0.00482	0.00144	0.00539	0.00482	0.00399	0.05487
31	0.01102	0.01169	0.02350	0.01758	0.03697	0.01167	0.55628	0.01456	0.02619	0.02995	0.00979	0.01307	0.00771	0.00703	0.06682	0.00209	0.11347	0.00528	0.00251	0.03283
32	0.01009	0.00958	0.01625	0.52107	0.32409	0.01090	0.01380	0.01314	0.01006	0.01350	0.00868	0.01240	0.00683	0.00458	0.00476	0.00153	0.00611	0.00425	0.00222	0.00617
33	0.01261	0.52475	0.21083	0.00989	0.01452	0.07248	0.01050	0.03030	0.03606	0.02802	0.00791	0.00889	0.00654	0.00440	0.00363	0.00119	0.00577	0.00300	0.00229	0.00644

[dist]
# distance from previous block
# <min> <max>
0	3

[block]
# block no. 7 follows, 53 sequences, length 29
# corresponding to MSA columns:
# 528-556
name=unknown_H
#
# <colnr> <probs for GDERKNQSTAVLIFYWHMCP>
#	G	D	E	R	K	N	Q	S	T	A	V	L	I	F	Y	W	H	M	C	P
0	0.00654	0.00474	0.00600	0.00618	0.00673	0.00485	0.00423	0.00740	0.00811	0.01085	0.02097	0.15698	0.13105	0.32910	0.27013	0.00474	0.00662	0.00788	0.00326	0.00366
1	0.00733	0.00501	0.00657	0.00611	0.00734	0.00461	0.00461	0.00957	0.01354	0.04956	0.76951	0.03495	0.04381	0.00962	0.00561	0.00150	0.00232	0.00850	0.00529	0.00465
2	0.03872	0.01125	0.01132	0.00981	0.01274	0.07091	0.00772	0.10640	0.53983	0.11138	0.01726	0.01599	0.01268	0.00616	0.00475	0.00155	0.00433	0.00496	0.00474	0.00747
3	0.04337	0.01656	0.01216	0.05060	0.01415	0.45545	0.00842	0.13817	0.01410	0.05293	0.04797	0.10167	0.01136	0.00642	0.00465	0.00139	0.00666	0.00482	0.00334	0.00582
4	0.00621	0.00501	0.00554	0.00538	0.00686	0.00442	0.00404	0.00812	0.03385	0.01525	0.30402	0.04169	0.52038	0.01115	0.00562	0.00158	0.00240	0.00946	0.00473	0.00430
5	0.01278	0.83490	0.02505	0.00818	0.01227	0.01891	0.00818	0.01431	0.00971	0.01125	0.00664	0.00767	0.00613	0.00409	0.00307	0.00102	0.00511	0.00256	0.00204	0.00613
6	0.00916	0.00863	0.01457	0.78333	0.06910	0.01065	0.01334	0.01233	0.00962	0.01237	0.00852	0.01270	0.00643	0.00475	0.00478	0.00158	0.00634	0.00425	0.00214	0.00542
7	0.01023	0.12345	0.68766	0.01292	0.01948	0.03652	0.01625	0.01516	0.01015	0.01456	0.00831	0.00975	0.00607	0.00450	0.00435	0.00145	0.00687	0.00340	0.00203	0.00690
8	0.86579	0.00924	0.00702	0.00629	0.00924	0.01072	0.00518	0.01405	0.00813	0.02144	0.00666	0.00776	0.00518	0.00444	0.00296	0.00148	0.00370	0.00259	0.00296	0.00518
9	0.00903	0.00850	0.01434	0.82054	0.03292	0.01062	0.01327	0.01221	0.00956	0.01221	0.00850	0.01274	0.00637	0.00478	0.00478	0.00159	0.00637	0.00425	0.00212	0.00531
10	0.02021	0.00842	0.01108	0.00863	0.01218	0.00763	0.00708	0.05505	0.06974	0.69474	0.04059	0.01673	0.01281	0.00606	0.00483	0.00149	0.00405	0.00494	0.00577	0.00799
11	0.00693	0.00486	0.00632	0.00610	0.00720	0.00446	0.00452	0.00894	0.01284	0.03594	0.64698	0.13857	0.07738	0.01047	0.00568	0.00156	0.00237	0.00926	0.00513	0.00449
12	0.00664	0.00488	0.00621	0.00588	0.00706	0.00445	0.00441	0.00877	0.01322	0.01844	0.71283	0.03689	0.13241	0.01004	0.00564	0.00152	0.00227	0.00881	0.00517	0.00445
13	0.01169	0.01165	0.03891	0.04836	0.74545	0.01135	0.03294	0.01463	0.01084	0.01551	0.00898	0.01183	0.00750	0.00427	0.00475	0.00143	0.00579	0.00427	0.00235	0.00748
14	0.00899	0.00484	0.00521	0.04304	0.00712	0.00495	0.00398	0.02652	0.01042	0.01787	0.05378	0.01833	0.01351	0.00574	0.00355	0.00116	0.00248	0.00465	0.75926	0.00457
15	0.04574	0.13135	0.01461	0.00986	0.01342	0.05992	0.00826	0.45249	0.04650	0.11193	0.01170	0.01172	0.00848	0.00545	0.00438	0.00136	0.00504	0.00403	0.04636	0.00739
16	0.12020	0.10508	0.03138	0.08909	0.01453	0.03088	0.00834	0.19065	0.26576	0.03500	0.02576	0.04080	0.01081	0.00587	0.00443	0.00149	0.00464	0.00459	0.00391	0.00679
17	0.00691	0.00465	0.00527	0.00527	0.00535	0.00465	0.00301	0.00699	0.00709	0.00943	0.01603	0.03138	0.04141	0.78408	0.04615	0.00463	0.00480	0.00700	0.00293	0.00297
18	0.03925	0.01298	0.06550	0.08912	0.09687	0.03361	0.43444	0.09519	0.01208	0.01667	0.02105	0.01244	0.00767	0.00454	0.00541	0.00155	0.02597	0.00494	0.00267	0.01807
19	0.00992	0.03148	0.14837	0.03241	0.01564	0.01100	0.15869	0.01253	0.00967	0.03517	0.07500	0.05496	0.04553	0.00798	0.03494	0.00191	0.27315	0.00540	0.00276	0.03351
20	0.00957	0.00465	0.00481	0.00467	0.00592	0.00459	0.00354	0.01178	0.01022	0.05946	0.01576	0.01774	0.01223	0.00559	0.00342	0.00113	0.00232	0.00447	0.81348	0.00465
21	0.01367	0.10635	0.07229	0.01378	0.12316	0.23739	0.04117	0.08804	0.13699	0.01569	0.01161	0.01336	0.03138	0.00561	0.00512	0.00143	0.04858	0.02481	0.00305	0.00650
22	0.01153	0.22452	0.35248	0.01455	0.14184	0.02705	0.05159	0.01555	0.04066	0.04954	0.00937	0.02437	0.00740	0.00468	0.00430	0.00138	0.00610	0.00380	0.00243	0.00687
23	0.00600	0.00428	0.00568	0.00668	0.00702	0.00402	0.00454	0.00693	0.00935	0.01250	0.06056	0.72433	0.03147	0.04623	0.00681	0.00204	0.00290	0.05035	0.00441	0.00390
24	0.01151	0.01125	0.01986	0.10249	0.64790	0.01136	0.09603	0.01451	0.01080	0.01526	0.00902	0.01203	0.00742	0.00428	0.00483	0.00146	0.00599	0.00440	0.00235	0.00724
25	0.04147	0.01408	0.10114	0.01065	0.01386	0.15851	0.03846	0.18611	0.19066	0.04920	0.06235	0.03816	0.02096	0.03621	0.00561	0.00160	0.01551	0.00495	0.00387	0.00663
26	0.01271	0.42171	0.29269	0.01052	0.01561	0.01461	0.03533	0.03187	0.01060	0.10107	0.00886	0.00970	0.00681	0.00448	0.00388	0.00127	0.00576	0.00327	0.00253	0.00673
27	0.00585	0.00484	0.00504	0.00500	0.00646	0.00412	0.00369	0.00711	0.01097	0.01343	0.13338	0.04397	0.66840	0.05851	0.00671	0.00177	0.00253	0.00974	0.00445	0.00403
28	0.00959	0.02472	0.80726	0.01362	0.02069	0.01110	0.01766	0.01514	0.01009	0.01514	0.00858	0.01009	0.00605	0.00454	0.00454	0.00151	0.00706	0.00353	0.00202	0.00706

[dist]
# distance from previous block
# <min> <max>
0	9

[block]
# block no. 8 follows, 53 sequences, length 6
# corresponding to MSA columns:
# 566-571
name=unknown_I
#
# <colnr> <probs for GDERKNQSTAVLIFYWHMCP>
#	G	D	E	R	K	N	Q	S	T	A	V	L	I	F	Y	W	H	M	C	P
0	0.00893	0.00737	0.01099	0.21199	0.15190	0.00782	0.00908	0.04077	0.03477	0.03190	0.05180	0.20915	0.08658	0.00909	0.00543	0.00171	0.00448	0.10731	0.00360	0.00535
1	0.01159	0.00768	0.00941	0.00787	0.00981	0.00781	0.03178	0.15348	0.04224	0.12169	0.01531	0.02162	0.04288	0.31268	0.07384	0.00307	0.02595	0.00561	0.02679	0.06888
2	0.13330	0.01156	0.01084	0.00962	0.01221	0.10844	0.00754	0.02129	0.48837	0.01833	0.01463	0.01433	0.01122	0.00599	0.00526	0.00154	0.06522	0.00450	0.00399	0.05181
3	0.04731	0.01273	0.01282	0.01028	0.01361	0.13641	0.02737	0.37188	0.01678	0.16532	0.01237	0.03938	0.00930	0.00734	0.04756	0.00173	0.00581	0.00445	0.00427	0.05332
4	0.00960	0.00892	0.01414	0.65902	0.07544	0.01084	0.01255	0.01422	0.12064	0.01351	0.01008	0.01341	0.00761	0.00499	0.00479	0.00159	0.00596	0.00441	0.00253	0.00576
5	0.01311	0.01101	0.01446	0.01402	0.12474	0.09812	0.05736	0.01474	0.01012	0.16189	0.01136	0.09325	0.01008	0.00734	0.00928	0.00174	0.33293	0.00522	0.00314	0.00608

[dist]
# distance from previous block
# <min> <max>
1	3

[block]
# block no. 9 follows, 53 sequences, length 47
# corresponding to MSA columns:
# 575-621
name=unknown_J
#
# <colnr> <probs for GDERKNQSTAVLIFYWHMCP>
#	G	D	E	R	K	N	Q	S	T	A	V	L	I	F	Y	W	H	M	C	P
0	0.01028	0.01025	0.01850	0.34515	0.16200	0.01076	0.22350	0.01345	0.01024	0.01403	0.00884	0.01223	0.00690	0.00444	0.00516	0.00148	0.02907	0.00446	0.00233	0.10694
1	0.01313	0.00947	0.01096	0.00814	0.01213	0.00837	0.00659	0.18194	0.03039	0.11807	0.02847	0.01180	0.00892	0.00452	0.00404	0.00100	0.00396	0.00359	0.00374	0.53076
2	0.00584	0.00419	0.00555	0.00660	0.00693	0.00390	0.00442	0.00672	0.00930	0.01239	0.04558	0.79058	0.05074	0.01478	0.00608	0.00192	0.00275	0.01338	0.00446	0.00390
3	0.01131	0.01083	0.01846	0.17578	0.65982	0.01122	0.01441	0.01421	0.01064	0.01499	0.00890	0.01200	0.00735	0.00435	0.00474	0.00145	0.00581	0.00426	0.00232	0.00715
4	0.00756	0.00547	0.00688	0.00640	0.00774	0.00525	0.00484	0.01085	0.08703	0.03720	0.69195	0.03379	0.05774	0.00942	0.00555	0.00152	0.00244	0.00828	0.00522	0.00487
5	0.00920	0.00701	0.03058	0.00821	0.00970	0.00666	0.03266	0.13343	0.03152	0.05998	0.04889	0.52741	0.04081	0.01179	0.00583	0.00178	0.01452	0.01049	0.00445	0.00511
6	0.00667	0.00488	0.00625	0.00591	0.00708	0.00447	0.00443	0.00883	0.01330	0.01861	0.73327	0.03661	0.11186	0.00998	0.00564	0.00151	0.00227	0.00877	0.00519	0.00447
7	0.00736	0.00607	0.02672	0.00736	0.01808	0.02171	0.00560	0.02288	0.04426	0.01591	0.32939	0.25743	0.06387	0.03707	0.00638	0.00182	0.00319	0.11572	0.00461	0.00456
