[name]
unknown

[dist]
# distance from previous block
# <min> <max>
5	15

[block]
# block no. 0 follows, 55 sequences, length 50
# corresponding to MSA columns:
# 19-36,38-65,68-71
name=unknown_A
#
# <colnr> <probs for GDERKNQSTAVLIFYWHMCP>
#	G	D	E	R	K	N	Q	S	T	A	V	L	I	F	Y	W	H	M	C	P
0	0.16697	0.01158	0.01327	0.04959	0.09783	0.08745	0.07077	0.23432	0.06122	0.08189	0.02731	0.01241	0.00874	0.03615	0.00527	0.00155	0.01946	0.00416	0.00356	0.00650
1	0.06852	0.01753	0.01331	0.01280	0.09203	0.47246	0.00911	0.18268	0.04170	0.01643	0.00867	0.00976	0.00688	0.00556	0.02151	0.00142	0.00704	0.00346	0.00298	0.00615
2	0.00640	0.00471	0.00546	0.00563	0.00684	0.00414	0.00415	0.00767	0.01057	0.04407	0.13954	0.23739	0.43201	0.02599	0.00593	0.00171	0.00261	0.04666	0.00445	0.00410
3	0.07854	0.01087	0.04485	0.00951	0.02915	0.04859	0.00769	0.16285	0.26694	0.15413	0.06325	0.01485	0.01230	0.00572	0.00448	0.00141	0.00428	0.00456	0.00435	0.07170
4	0.01144	0.01097	0.01874	0.05107	0.78557	0.01103	0.01424	0.01421	0.01056	0.01511	0.00874	0.01154	0.00734	0.00416	0.00461	0.00139	0.00555	0.00414	0.00230	0.00731
5	0.00785	0.00563	0.00766	0.00853	0.00968	0.00567	0.00736	0.04549	0.01111	0.01450	0.02408	0.09990	0.02616	0.01263	0.00631	0.00209	0.00422	0.69241	0.00430	0.00442
6	0.00574	0.00413	0.00544	0.00636	0.00675	0.00383	0.00430	0.00667	0.00932	0.01245	0.08973	0.73918	0.06075	0.01406	0.00588	0.00184	0.00265	0.01271	0.00438	0.00383
7	0.01244	0.83930	0.02438	0.00796	0.01194	0.01841	0.00796	0.01393	0.00945	0.01095	0.00647	0.00746	0.00597	0.00398	0.00299	0.00100	0.00498	0.00249	0.00199	0.00597
8	0.00674	0.00455	0.00518	0.00521	0.00531	0.00454	0.00303	0.00687	0.00702	0.00931	0.01595	0.03129	0.04266	0.77055	0.03840	0.00441	0.00459	0.02857	0.00290	0.00292
9	0.00665	0.00498	0.00748	0.00748	0.00831	0.00582	0.00582	0.00831	0.00748	0.01080	0.01246	0.01828	0.01163	0.03489	0.81807	0.00748	0.01246	0.00498	0.00249	0.00415
10	0.01781	0.01283	0.01384	0.01061	0.01433	0.01413	0.00876	0.76208	0.02154	0.05968	0.01145	0.01135	0.00805	0.00559	0.00465	0.00140	0.00507	0.00421	0.00470	0.00791
11	0.05550	0.01236	0.02638	0.01891	0.02352	0.01170	0.74985	0.01484	0.01082	0.01521	0.00926	0.01229	0.00695	0.00394	0.00535	0.00156	0.00762	0.00534	0.00238	0.00621
12	0.00677	0.00451	0.00507	0.00507	0.00507	0.00451	0.00282	0.00677	0.00677	0.00902	0.01466	0.03044	0.01691	0.83650	0.02368	0.00451	0.00451	0.00677	0.00282	0.00282
13	0.01701	0.02140	0.01302	0.01183	0.01424	0.76691	0.00889	0.01896	0.06282	0.01190	0.00793	0.00896	0.00651	0.00489	0.00423	0.00122	0.00809	0.00314	0.00254	0.00552
14	0.00965	0.00827	0.00965	0.00689	0.01102	0.00620	0.00551	0.01171	0.00965	0.01516	0.00827	0.00965	0.00689	0.00345	0.00345	0.00069	0.00345	0.00276	0.00276	0.86494
15	0.01712	0.01275	0.01364	0.01059	0.01421	0.01416	0.00870	0.72064	0.09413	0.02840	0.01189	0.01174	0.00850	0.00565	0.00466	0.00141	0.00499	0.00429	0.00466	0.00786
16	0.01026	0.00846	0.00986	0.00709	0.01119	0.00657	0.00569	0.04501	0.01025	0.03482	0.00863	0.00986	0.00704	0.00359	0.00353	0.00074	0.00353	0.00286	0.00291	0.80812
17	0.00572	0.00409	0.00546	0.00654	0.00683	0.00383	0.00441	0.00657	0.00896	0.01194	0.02561	0.81018	0.03065	0.01452	0.00595	0.00190	0.00275	0.03597	0.00432	0.00379
18	0.01768	0.01303	0.01396	0.01070	0.01443	0.01443	0.00884	0.79197	0.02187	0.02932	0.01117	0.01117	0.00791	0.00558	0.00465	0.00140	0.00512	0.00419	0.00465	0.00791
19	0.00550	0.00471	0.00471	0.00471	0.00628	0.00393	0.00353	0.00668	0.01060	0.01257	0.04713	0.04477	0.80560	0.01178	0.00550	0.00157	0.00236	0.00982	0.00432	0.00393
20	0.01151	0.01105	0.01888	0.02855	0.80748	0.01105	0.01428	0.01428	0.01059	0.01520	0.00875	0.01151	0.00737	0.00415	0.00461	0.00138	0.00553	0.00415	0.00230	0.00737
21	0.01095	0.01198	0.02424	0.02001	0.14806	0.01200	0.55752	0.01429	0.01038	0.01443	0.00885	0.01205	0.00698	0.00455	0.00671	0.00160	0.12175	0.00508	0.00230	0.00628
22	0.00677	0.00451	0.00507	0.00507	0.00507	0.00451	0.00282	0.00677	0.00677	0.00902	0.01466	0.03044	0.01691	0.83650	0.02368	0.00451	0.00451	0.00677	0.00282	0.00282
23	0.00585	0.00472	0.00522	0.00542	0.00673	0.00412	0.00411	0.00715	0.01055	0.01303	0.09942	0.12485	0.56349	0.03038	0.00605	0.00172	0.00264	0.09623	0.00434	0.00396
24	0.01224	0.78781	0.07415	0.00829	0.01246	0.01793	0.00854	0.01398	0.00948	0.01118	0.00659	0.00761	0.00597	0.00401	0.00308	0.00103	0.00510	0.00255	0.00199	0.00603
25	0.00677	0.00451	0.00507	0.00507	0.00507	0.00451	0.00282	0.00677	0.00677	0.00902	0.01466	0.03044	0.01691	0.83650	0.02368	0.00451	0.00451	0.00677	0.00282	0.00282
26	0.86937	0.00900	0.00684	0.00612	0.00900	0.01044	0.00504	0.01368	0.00792	0.02087	0.00648	0.00756	0.00504	0.00432	0.00288	0.00144	0.00360	0.00252	0.00288	0.00504
27	0.00647	0.00523	0.00831	0.00825	0.00916	0.00491	0.10334	0.00778	0.00934	0.01243	0.02400	0.65325	0.04474	0.01304	0.00591	0.00186	0.00346	0.07031	0.00407	0.00413
28	0.01714	0.01669	0.01361	0.04356	0.04851	0.38697	0.00917	0.32076	0.01633	0.06906	0.00956	0.01023	0.00716	0.00513	0.00444	0.00131	0.00662	0.00366	0.00347	0.00661
29	0.02087	0.00792	0.01080	0.00828	0.01188	0.00684	0.00684	0.02267	0.01332	0.81071	0.01835	0.01583	0.01152	0.00576	0.00468	0.00144	0.00396	0.00468	0.00576	0.00792
30	0.01035	0.00636	0.00611	0.00559	0.00711	0.04025	0.00431	0.12494	0.01167	0.01884	0.01425	0.01607	0.01109	0.00542	0.00350	0.00113	0.00286	0.00426	0.70100	0.00490
31	0.00940	0.02313	0.75817	0.01325	0.01995	0.01067	0.04249	0.01463	0.00985	0.01475	0.00838	0.00991	0.00597	0.00437	0.00442	0.00145	0.00679	0.00348	0.00201	0.03693
32	0.01055	0.01082	0.05607	0.33690	0.25590	0.01126	0.10967	0.05869	0.02539	0.01449	0.00879	0.01191	0.00688	0.00471	0.00540	0.00152	0.05816	0.00429	0.00237	0.00623
33	0.01149	0.01112	0.01928	0.02814	0.77140	0.01109	0.05005	0.01431	0.01061	0.01518	0.00878	0.01156	0.00735	0.00413	0.00465	0.00139	0.00563	0.00421	0.00231	0.00732
34	0.01768	0.01303	0.01396	0.01070	0.01443	0.01443	0.00884	0.79197	0.02187	0.02932	0.01117	0.01117	0.00791	0.00558	0.00465	0.00140	0.00512	0.00419	0.00465	0.00791
35	0.00673	0.00467	0.00587	0.00587	0.00615	0.00494	0.00382	0.00728	0.00700	0.00961	0.01393	0.02639	0.01515	0.56969	0.28809	0.00550	0.00716	0.00617	0.00271	0.00326
36	0.00623	0.00515	0.00636	0.00626	0.00761	0.00467	0.03745	0.00812	0.04808	0.01340	0.10568	0.24995	0.43632	0.01176	0.00561	0.00166	0.00279	0.03438	0.00433	0.00420
37	0.00677	0.00451	0.00507	0.00507	0.00507	0.00451	0.00282	0.00677	0.00677	0.00902	0.01466	0.03044	0.01691	0.83650	0.02368	0.00451	0.00451	0.00677	0.00282	0.00282
38	0.00567	0.00405	0.00540	0.00648	0.00675	0.00378	0.00432	0.00648	0.00891	0.01188	0.02564	0.83347	0.03077	0.01457	0.00594	0.00189	0.00270	0.01323	0.00432	0.00378
39	0.00899	0.00848	0.01433	0.76432	0.09141	0.01039	0.01302	0.01207	0.00940	0.01214	0.00831	0.01234	0.00629	0.00461	0.00465	0.00154	0.00615	0.00414	0.00209	0.00534
40	0.01180	0.01195	0.01972	0.02628	0.64917	0.06119	0.12212	0.01463	0.01081	0.01492	0.00875	0.01146	0.00724	0.00415	0.00470	0.00140	0.00603	0.00426	0.00232	0.00709
41	0.00933	0.02406	0.81240	0.01326	0.02014	0.01080	0.01719	0.01473	0.00982	0.01473	0.00835	0.00982	0.00589	0.00442	0.00442	0.00147	0.00688	0.00344	0.00196	0.00688
42	0.00566	0.00407	0.00537	0.00641	0.00673	0.00378	0.00429	0.00649	0.00897	0.01190	0.02644	0.80404	0.05968	0.01447	0.00592	0.00188	0.00269	0.01310	0.00432	0.00378
43	0.00965	0.00827	0.00965	0.00689	0.01102	0.00620	0.00551	0.01171	0.00965	0.01516	0.00827	0.00965	0.00689	0.00345	0.00345	0.00069	0.00345	0.00276	0.00276	0.86494
44	0.00653	0.00475	0.00615	0.00580	0.00692	0.00437	0.00435	0.00868	0.01305	0.01838	0.77011	0.03521	0.07899	0.00962	0.00549	0.00147	0.00220	0.00848	0.00508	0.00437
45	0.00879	0.00827	0.01395	0.82532	0.03204	0.01034	0.01292	0.01189	0.00930	0.01189	0.00827	0.01240	0.00620	0.00465	0.00465	0.00155	0.00620	0.00413	0.00207	0.00517
46	0.00567	0.00405	0.00540	0.00648	0.00675	0.00378	0.00432	0.00648	0.00891	0.01188	0.02564	0.83347	0.03077	0.01457	0.00594	0.00189	0.00270	0.01323	0.00432	0.00378
47	0.02067	0.00824	0.01100	0.00843	0.01204	0.00732	0.00696	0.07126	0.01386	0.76136	0.01790	0.01554	0.01129	0.00575	0.00468	0.00144	0.00403	0.00465	0.00569	0.00792
48	0.01738	0.02217	0.01318	0.01199	0.01438	0.81783	0.00899	0.01858	0.01318	0.01139	0.00719	0.00839	0.00599	0.00479	0.00419	0.00120	0.00839	0.00300	0.00240	0.00539
49	0.00550	0.00471	0.00471	0.00471	0.00628	0.00393	0.00353	0.00668	0.01060	0.01257	0.04713	0.04477	0.80560	0.01178	0.00550	0.00157	0.00236	0.00982	0.00432	0.00393

[dist]
# distance from previous block
# <min> <max>
0	1

[block]
# block no. 1 follows, 55 sequences, length 41
# corresponding to MSA columns:
# 73-113
name=unknown_B
#
# <colnr> <probs for GDERKNQSTAVLIFYWHMCP>
#	G	D	E	R	K	N	Q	S	T	A	V	L	I	F	Y	W	H	M	C	P
0	0.00750	0.00535	0.00750	0.00857	0.00964	0.00535	0.00750	0.00964	0.01071	0.01392	0.02463	0.05248	0.02677	0.01285	0.00643	0.00214	0.00428	0.77617	0.00428	0.00428
1	0.01144	0.01141	0.03688	0.02781	0.75417	0.01108	0.04987	0.01432	0.01059	0.01517	0.00877	0.01152	0.00732	0.00414	0.00464	0.00139	0.00566	0.00419	0.00230	0.00731
2	0.00933	0.02406	0.81240	0.01326	0.02014	0.01080	0.01719	0.01473	0.00982	0.01473	0.00835	0.00982	0.00589	0.00442	0.00442	0.00147	0.00688	0.00344	0.00196	0.00688
3	0.00550	0.00471	0.00471	0.00471	0.00628	0.00393	0.00353	0.00668	0.01060	0.01257	0.04713	0.04477	0.80560	0.01178	0.00550	0.00157	0.00236	0.00982	0.00432	0.00393
4	0.01517	0.00934	0.01261	0.02759	0.01261	0.01093	0.00863	0.06174	0.04437	0.35105	0.01218	0.01298	0.00885	0.00683	0.00950	0.00172	0.37911	0.00439	0.00388	0.00655
5	0.00567	0.00405	0.00540	0.00648	0.00675	0.00378	0.00432	0.00648	0.00891	0.01188	0.02564	0.83347	0.03077	0.01457	0.00594	0.00189	0.00270	0.01323	0.00432	0.00378
6	0.00567	0.00405	0.00540	0.00648	0.00675	0.00378	0.00432	0.00648	0.00891	0.01188	0.02564	0.83347	0.03077	0.01457	0.00594	0.00189	0.00270	0.01323	0.00432	0.00378
7	0.00965	0.00827	0.00965	0.00689	0.01102	0.00620	0.00551	0.01171	0.00965	0.01516	0.00827	0.00965	0.00689	0.00345	0.00345	0.00069	0.00345	0.00276	0.00276	0.86494
8	0.01101	0.35982	0.41783	0.01134	0.01680	0.01391	0.06112	0.01461	0.00983	0.03326	0.00789	0.00917	0.00614	0.00424	0.00390	0.00128	0.00608	0.00320	0.00209	0.00649
9	0.03557	0.01882	0.01406	0.01263	0.03750	0.57409	0.04499	0.06472	0.01255	0.01295	0.00741	0.00908	0.00619	0.00525	0.00585	0.00136	0.12552	0.00336	0.00249	0.00559
10	0.00567	0.00405	0.00540	0.00648	0.00675	0.00378	0.00432	0.00648	0.00891	0.01188	0.02564	0.83347	0.03077	0.01457	0.00594	0.00189	0.00270	0.01323	0.00432	0.00378
11	0.00566	0.00407	0.00538	0.00643	0.00673	0.00378	0.00430	0.00648	0.00896	0.01190	0.02626	0.81089	0.05295	0.01449	0.00593	0.00188	0.00269	0.01313	0.00432	0.00378
12	0.01039	0.01045	0.01581	0.46034	0.23438	0.07661	0.04725	0.01315	0.00990	0.01281	0.00822	0.01170	0.00653	0.00472	0.00532	0.00151	0.05882	0.00410	0.00217	0.00581
13	0.00902	0.00651	0.00832	0.00876	0.01029	0.00681	0.00744	0.01361	0.18701	0.05163	0.02307	0.04295	0.02327	0.01107	0.00597	0.00198	0.00413	0.56858	0.00445	0.00514
14	0.00957	0.00827	0.01035	0.08904	0.01329	0.00669	0.02347	0.01178	0.00964	0.01488	0.00845	0.01017	0.00694	0.00362	0.00361	0.00080	0.00379	0.00299	0.02269	0.73994
15	0.01768	0.01303	0.01396	0.01070	0.01443	0.01443	0.00884	0.79197	0.02187	0.02932	0.01117	0.01117	0.00791	0.00558	0.00465	0.00140	0.00512	0.00419	0.00465	0.00791
16	0.00659	0.00475	0.00623	0.00592	0.00700	0.00440	0.00446	0.00875	0.01303	0.01842	0.77297	0.05064	0.04327	0.00968	0.00552	0.00149	0.00225	0.02516	0.00509	0.00438
17	0.45220	0.00951	0.00851	0.00731	0.01003	0.05555	0.00589	0.12721	0.03154	0.08490	0.13954	0.01408	0.02537	0.00566	0.00387	0.00143	0.00387	0.00411	0.00378	0.00564
18	0.00887	0.00704	0.05986	0.00816	0.01013	0.00577	0.06985	0.01064	0.01044	0.13172	0.03844	0.28045	0.21418	0.01066	0.00575	0.00172	0.02031	0.09689	0.00418	0.00493
19	0.00656	0.00475	0.00618	0.00582	0.00693	0.00438	0.00437	0.00872	0.01310	0.01849	0.78488	0.03502	0.06415	0.00957	0.00549	0.00147	0.00220	0.00845	0.00510	0.00438
20	0.01746	0.01968	0.01340	0.01164	0.01439	0.59885	0.00895	0.22938	0.01555	0.01627	0.00828	0.00915	0.00652	0.00501	0.00432	0.00125	0.00750	0.00332	0.00301	0.00608
21	0.01478	0.16910	0.09900	0.01230	0.01607	0.30288	0.13986	0.12934	0.01306	0.04888	0.00860	0.00978	0.00667	0.00462	0.00430	0.00129	0.00685	0.00361	0.00274	0.00627
22	0.00745	0.00409	0.00592	0.00622	0.00632	0.00403	0.00419	0.00629	0.00691	0.00921	0.01300	0.21579	0.01436	0.03085	0.01493	0.61140	0.00373	0.03011	0.00267	0.00253
23	0.00665	0.00498	0.00748	0.00748	0.00831	0.00582	0.00582	0.00831	0.00748	0.01080	0.01246	0.01828	0.01163	0.03489	0.81807	0.00748	0.01246	0.00498	0.00249	0.00415
24	0.03239	0.00849	0.09109	0.00864	0.03394	0.00680	0.00740	0.01491	0.01202	0.31403	0.23100	0.02491	0.07411	0.00769	0.00552	0.00155	0.04145	0.07336	0.00464	0.00606
25	0.01043	0.00958	0.01513	0.21341	0.20383	0.01036	0.11507	0.01606	0.22144	0.02906	0.01372	0.04807	0.02536	0.00580	0.00492	0.00156	0.00525	0.04141	0.00317	0.00635
26	0.01768	0.01303	0.01396	0.01070	0.01443	0.01443	0.00884	0.79197	0.02187	0.02932	0.01117	0.01117	0.00791	0.00558	0.00465	0.00140	0.00512	0.00419	0.00465	0.00791
27	0.00677	0.00451	0.00507	0.00507	0.00507	0.00451	0.00282	0.00677	0.00677	0.00902	0.01466	0.03044	0.01691	0.83650	0.02368	0.00451	0.00451	0.00677	0.00282	0.00282
28	0.01077	0.04766	0.53940	0.01393	0.01974	0.09130	0.15254	0.01545	0.02524	0.02850	0.00874	0.01033	0.00637	0.00441	0.00455	0.00145	0.00702	0.00378	0.00220	0.00662
29	0.00991	0.17653	0.66502	0.01227	0.01860	0.01223	0.01546	0.01458	0.00975	0.01402	0.00800	0.00938	0.00591	0.00434	0.00415	0.00138	0.00652	0.00326	0.00197	0.00671
30	0.00582	0.00475	0.00515	0.00511	0.00655	0.00408	0.00387	0.00726	0.01119	0.01400	0.21822	0.04277	0.60511	0.01130	0.00553	0.00157	0.00239	0.03679	0.00450	0.00404
31	0.00584	0.00458	0.00532	0.00582	0.00682	0.00412	0.00421	0.00717	0.02538	0.01260	0.04823	0.37715	0.40000	0.01289	0.00573	0.00174	0.00265	0.06144	0.00434	0.00396
32	0.01052	0.04324	0.44734	0.04402	0.01839	0.04836	0.08966	0.01435	0.00979	0.04771	0.02643	0.01094	0.00717	0.00523	0.00649	0.00156	0.15631	0.00390	0.00227	0.00632
33	0.00674	0.00459	0.00548	0.00548	0.00563	0.00473	0.00333	0.00703	0.00689	0.00932	0.01428	0.02837	0.01601	0.69973	0.15922	0.00502	0.00587	0.00646	0.00276	0.00305
34	0.00933	0.02406	0.81240	0.01326	0.02014	0.01080	0.01719	0.01473	0.00982	0.01473	0.00835	0.00982	0.00589	0.00442	0.00442	0.00147	0.00688	0.00344	0.00196	0.00688
35	0.01124	0.01088	0.01897	0.04540	0.70141	0.01085	0.07309	0.01407	0.01068	0.01522	0.03715	0.01244	0.00862	0.00433	0.00471	0.00140	0.00560	0.00440	0.00240	0.00713
36	0.01366	0.03748	0.01132	0.03887	0.05509	0.00803	0.04070	0.07335	0.07781	0.29991	0.14007	0.04312	0.05394	0.00726	0.00501	0.00152	0.00404	0.07772	0.00465	0.00643
37	0.01067	0.37474	0.47343	0.01098	0.01661	0.01407	0.01322	0.01439	0.00966	0.01310	0.00754	0.00881	0.00593	0.00423	0.00380	0.00127	0.00606	0.00303	0.00198	0.00649
38	0.07150	0.00702	0.00805	0.00651	0.00933	0.00606	0.00512	0.02515	0.02663	0.05610	0.17850	0.02084	0.13609	0.00758	0.03922	0.00140	0.00348	0.00524	0.00370	0.38248
39	0.01440	0.09039	0.04578	0.01042	0.01332	0.32250	0.00847	0.10983	0.27435	0.01646	0.01182	0.01198	0.00914	0.00532	0.00429	0.00134	0.00585	0.00391	0.03401	0.00642
40	0.04317	0.14183	0.21911	0.01057	0.01462	0.02682	0.04272	0.12416	0.05173	0.01622	0.00906	0.02799	0.00736	0.00510	0.00538	0.00134	0.10164	0.00371	0.00274	0.14473

[dist]
# distance from previous block
# <min> <max>
3	182

[block]
# block no. 2 follows, 55 sequences, length 33
# corresponding to MSA columns:
# 303-335
name=unknown_C
#
# <colnr> <probs for GDERKNQSTAVLIFYWHMCP>
#	G	D	E	R	K	N	Q	S	T	A	V	L	I	F	Y	W	H	M	C	P
0	0.01204	0.34747	0.16663	0.01227	0.07450	0.08278	0.08501	0.05531	0.03672	0.01362	0.00818	0.00977	0.00674	0.00553	0.03263	0.00149	0.03726	0.00344	0.00233	0.00627
1	0.01060	0.01093	0.06216	0.25327	0.38212	0.01122	0.04354	0.04050	0.02074	0.01431	0.00864	0.01175	0.00699	0.00523	0.01794	0.00160	0.08557	0.00418	0.00231	0.00642
2	0.00677	0.00451	0.00507	0.00507	0.00507	0.00451	0.00282	0.00677	0.00677	0.00902	0.01466	0.03044	0.01691	0.83650	0.02368	0.00451	0.00451	0.00677	0.00282	0.00282
3	0.00840	0.00439	0.00458	0.00454	0.00562	0.00434	0.00340	0.01057	0.01021	0.01752	0.11947	0.01964	0.01615	0.00596	0.00355	0.00113	0.00217	0.00487	0.74914	0.00434
4	0.05053	0.08630	0.13671	0.03502	0.10798	0.06677	0.24823	0.13021	0.01214	0.03744	0.00899	0.01087	0.00685	0.00457	0.00502	0.00144	0.03749	0.00417	0.00270	0.00656
5	0.02810	0.08858	0.06272	0.08802	0.01467	0.01091	0.00864	0.14220	0.16199	0.28064	0.01440	0.01398	0.02175	0.00564	0.00489	0.00145	0.03570	0.00440	0.00424	0.00709
6	0.00567	0.00405	0.00540	0.00648	0.00675	0.00378	0.00432	0.00648	0.00891	0.01188	0.02564	0.83347	0.03077	0.01457	0.00594	0.00189	0.00270	0.01323	0.00432	0.00378
7	0.00749	0.07943	0.04502	0.00735	0.04357	0.00650	0.00571	0.01018	0.05340	0.01651	0.47580	0.03121	0.18267	0.00883	0.00514	0.00145	0.00291	0.00758	0.00440	0.00484
8	0.04853	0.01010	0.01650	0.04495	0.46311	0.01093	0.06263	0.01283	0.00962	0.01422	0.00988	0.09437	0.00934	0.00598	0.00679	0.00158	0.16477	0.00507	0.00248	0.00632
9	0.00550	0.00471	0.00471	0.00471	0.00628	0.00393	0.00353	0.00668	0.01060	0.01257	0.04713	0.04477	0.80560	0.01178	0.00550	0.00157	0.00236	0.00982	0.00432	0.00393
10	0.00885	0.00834	0.01408	0.80559	0.05124	0.01035	0.01295	0.01195	0.00933	0.01197	0.00828	0.01238	0.00623	0.00464	0.00465	0.00155	0.00618	0.00413	0.00207	0.00522
11	0.01669	0.13670	0.01475	0.01142	0.01404	0.70579	0.00884	0.01793	0.01266	0.01132	0.00709	0.00826	0.00599	0.00468	0.00403	0.00117	0.00791	0.00292	0.00234	0.00547
12	0.00879	0.00827	0.01395	0.82532	0.03204	0.01034	0.01292	0.01189	0.00930	0.01189	0.00827	0.01240	0.00620	0.00465	0.00465	0.00155	0.00620	0.00413	0.00207	0.00517
13	0.01018	0.01018	0.01425	0.01221	0.01221	0.01425	0.01018	0.01120	0.00712	0.01120	0.00611	0.01018	0.00611	0.00814	0.01527	0.00204	0.82799	0.00407	0.00204	0.00509
14	0.01605	0.01177	0.01258	0.01144	0.08013	0.10131	0.00846	0.27393	0.18303	0.19389	0.01398	0.01404	0.01016	0.00653	0.02851	0.00161	0.00516	0.01571	0.00439	0.00731
15	0.01257	0.81738	0.02408	0.00807	0.01201	0.03985	0.00799	0.01405	0.00955	0.01096	0.00649	0.00749	0.00597	0.00400	0.00302	0.00100	0.00507	0.00250	0.00200	0.00595
16	0.00690	0.00520	0.00644	0.00605	0.00733	0.00496	0.00456	0.00994	0.08018	0.01813	0.66336	0.03425	0.11612	0.00946	0.00542	0.00148	0.00234	0.00828	0.00501	0.00460
17	0.00655	0.00475	0.00617	0.00582	0.00693	0.00438	0.00436	0.00871	0.01309	0.01847	0.78149	0.03506	0.06756	0.00958	0.00549	0.00147	0.00220	0.00846	0.00510	0.00438
18	0.01064	0.01477	0.20931	0.01694	0.02203	0.01100	0.53603	0.01473	0.01072	0.03051	0.02323	0.01220	0.00751	0.00415	0.00511	0.00149	0.00719	0.00489	0.00240	0.05515
19	0.01134	0.00975	0.01032	0.00930	0.01186	0.01124	0.00722	0.02397	0.76228	0.01942	0.05574	0.01817	0.01559	0.00646	0.00477	0.00157	0.00361	0.00541	0.00475	0.00722
20	0.00743	0.00533	0.00740	0.00841	0.00950	0.00530	0.00733	0.00955	0.01077	0.01401	0.04518	0.05185	0.04429	0.01274	0.00638	0.00211	0.00419	0.73965	0.00431	0.00428
21	0.02078	0.00806	0.01089	0.00835	0.01195	0.00705	0.00690	0.04471	0.01356	0.78833	0.01815	0.01570	0.01141	0.00575	0.00468	0.00144	0.00399	0.00466	0.00573	0.00792
22	0.01109	0.03133	0.02521	0.01867	0.05928	0.01144	0.66053	0.01464	0.01082	0.03904	0.01023	0.04878	0.00821	0.00455	0.00559	0.00157	0.02461	0.00564	0.00253	0.00623
23	0.86937	0.00900	0.00684	0.00612	0.00900	0.01044	0.00504	0.01368	0.00792	0.02087	0.00648	0.00756	0.00504	0.00432	0.00288	0.00144	0.00360	0.00252	0.00288	0.00504
24	0.00637	0.00475	0.00592	0.00562	0.00682	0.00430	0.00422	0.00836	0.01265	0.01743	0.65297	0.03676	0.19672	0.00997	0.00549	0.00148	0.00223	0.00870	0.00496	0.00430
25	0.00573	0.00425	0.00530	0.00611	0.00667	0.00388	0.00419	0.00662	0.00924	0.01198	0.02982	0.61080	0.19676	0.04499	0.00653	0.00193	0.00274	0.03443	0.00426	0.00379
26	0.00933	0.02406	0.81240	0.01326	0.02014	0.01080	0.01719	0.01473	0.00982	0.01473	0.00835	0.00982	0.00589	0.00442	0.00442	0.00147	0.00688	0.00344	0.00196	0.00688
27	0.00611	0.00437	0.00591	0.00699	0.00745	0.00416	0.00509	0.00725	0.00934	0.01237	0.02540	0.64375	0.02980	0.01416	0.00606	0.00195	0.00308	0.19856	0.00431	0.00390
28	0.01151	0.01105	0.01888	0.02855	0.80748	0.01105	0.01428	0.01428	0.01059	0.01520	0.00875	0.01151	0.00737	0.00415	0.00461	0.00138	0.00553	0.00415	0.00230	0.00737
29	0.00982	0.13873	0.68270	0.01242	0.01879	0.01189	0.01566	0.01485	0.02803	0.01431	0.00833	0.00966	0.00610	0.00440	0.00422	0.00141	0.00653	0.00335	0.00203	0.00676
30	0.01671	0.01332	0.01312	0.01050	0.01371	0.11951	0.00850	0.55377	0.05458	0.06022	0.01165	0.03552	0.00880	0.00587	0.00497	0.00141	0.03381	0.00437	0.02239	0.00726
31	0.00996	0.01166	0.10265	0.04686	0.01510	0.01306	0.09895	0.01190	0.00796	0.01201	0.00709	0.01085	0.00644	0.00828	0.04762	0.00214	0.57579	0.00420	0.00208	0.00538
32	0.12277	0.43938	0.12160	0.04602	0.04920	0.09219	0.00941	0.04822	0.01024	0.01378	0.00717	0.00843	0.00600	0.00427	0.00349	0.00119	0.00546	0.00288	0.00227	0.00602

[dist]
# distance from previous block
# <min> <max>
0	2

[block]
# block no. 3 follows, 55 sequences, length 31
# corresponding to MSA columns:
# 338-368
name=unknown_D
#
# <colnr> <probs for GDERKNQSTAVLIFYWHMCP>
#	G	D	E	R	K	N	Q	S	T	A	V	L	I	F	Y	W	H	M	C	P
0	0.00642	0.00477	0.00598	0.00573	0.00691	0.00434	0.00433	0.00842	0.01263	0.01741	0.64392	0.03711	0.18138	0.01002	0.00552	0.00150	0.00229	0.03208	0.00495	0.00430
1	0.01204	0.73499	0.12521	0.00864	0.01299	0.01744	0.00914	0.01403	0.00950	0.01143	0.00671	0.00776	0.00596	0.00404	0.00317	0.00106	0.00522	0.00261	0.00199	0.00609
2	0.03165	0.00868	0.01029	0.00847	0.01091	0.05544	0.03061	0.06752	0.02440	0.17517	0.10951	0.05735	0.03952	0.00715	0.01998	0.00149	0.10392	0.01812	0.05221	0.16761
3	0.18715	0.01136	0.01891	0.01411	0.01770	0.01184	0.39071	0.11277	0.01118	0.01751	0.00856	0.01090	0.00663	0.00472	0.00596	0.00153	0.10885	0.00439	0.00274	0.05250
4	0.01048	0.00882	0.00965	0.00904	0.01131	0.00997	0.00718	0.02088	0.60522	0.01816	0.03905	0.02531	0.04586	0.00780	0.00509	0.00168	0.00371	0.14953	0.00464	0.00660
5	0.03593	0.02360	0.78749	0.01304	0.01979	0.01079	0.01681	0.01470	0.00976	0.01492	0.00829	0.00975	0.00587	0.00442	0.00437	0.00147	0.00677	0.00341	0.00199	0.00682
6	0.01441	0.01610	0.01253	0.01117	0.01310	0.42485	0.00864	0.09153	0.10831	0.01410	0.01023	0.07404	0.00912	0.00646	0.00656	0.00148	0.16431	0.00439	0.00298	0.00569
7	0.01765	0.01392	0.01389	0.01083	0.01442	0.09254	0.00886	0.71677	0.02103	0.02758	0.01078	0.01090	0.00772	0.00551	0.00461	0.00138	0.00544	0.00407	0.00443	0.00767
8	0.00557	0.00474	0.00482	0.00486	0.00641	0.00398	0.00368	0.00679	0.01061	0.01262	0.04628	0.04506	0.77618	0.01182	0.00553	0.00159	0.00243	0.03876	0.00432	0.00394
9	0.01098	0.01255	0.02745	0.01961	0.02431	0.01176	0.79059	0.01490	0.01098	0.01490	0.00941	0.01255	0.00706	0.00392	0.00549	0.00157	0.00784	0.00549	0.00235	0.00627
10	0.00665	0.00498	0.00748	0.00748	0.00831	0.00582	0.00582	0.00831	0.00748	0.01080	0.01246	0.01828	0.01163	0.03489	0.81807	0.00748	0.01246	0.00498	0.00249	0.00415
11	0.00677	0.00451	0.00507	0.00507	0.00507	0.00451	0.00282	0.00677	0.00677	0.00902	0.01466	0.03044	0.01691	0.83650	0.02368	0.00451	0.00451	0.00677	0.00282	0.00282
12	0.00567	0.00405	0.00540	0.00648	0.00675	0.00378	0.00432	0.00648	0.00891	0.01188	0.02564	0.83347	0.03077	0.01457	0.00594	0.00189	0.00270	0.01323	0.00432	0.00378
13	0.01244	0.83930	0.02438	0.00796	0.01194	0.01841	0.00796	0.01393	0.00945	0.01095	0.00647	0.00746	0.00597	0.00398	0.00299	0.00100	0.00498	0.00249	0.00199	0.00597
14	0.00879	0.00827	0.01395	0.82532	0.03204	0.01034	0.01292	0.01189	0.00930	0.01189	0.00827	0.01240	0.00620	0.00465	0.00465	0.00155	0.00620	0.00413	0.00207	0.00517
15	0.00653	0.00441	0.00514	0.00538	0.00543	0.00435	0.00314	0.00670	0.00723	0.00964	0.01703	0.20358	0.01990	0.65929	0.01985	0.00395	0.00412	0.00816	0.00314	0.00303
16	0.00653	0.00478	0.00681	0.00696	0.00759	0.00533	0.00514	0.00782	0.00756	0.01067	0.01461	0.13143	0.01507	0.15824	0.58226	0.00625	0.00988	0.00639	0.00279	0.00389
17	0.00750	0.00535	0.00750	0.00857	0.00964	0.00535	0.00750	0.00964	0.01071	0.01392	0.02463	0.05248	0.02677	0.01285	0.00643	0.00214	0.00428	0.77617	0.00428	0.00428
18	0.01768	0.01303	0.01396	0.01070	0.01443	0.01443	0.00884	0.79197	0.02187	0.02932	0.01117	0.01117	0.00791	0.00558	0.00465	0.00140	0.00512	0.00419	0.00465	0.00791
19	0.00879	0.00827	0.01395	0.82532	0.03204	0.01034	0.01292	0.01189	0.00930	0.01189	0.00827	0.01240	0.00620	0.00465	0.00465	0.00155	0.00620	0.00413	0.00207	0.00517
20	0.00557	0.00472	0.00481	0.00479	0.00633	0.00396	0.00359	0.00682	0.01078	0.01297	0.09782	0.04410	0.75465	0.01163	0.00550	0.00156	0.00235	0.00972	0.00437	0.00396
21	0.04542	0.01290	0.01373	0.01055	0.01425	0.01430	0.00872	0.76662	0.02142	0.02904	0.01102	0.01105	0.00782	0.00554	0.00460	0.00140	0.00507	0.00413	0.00460	0.00782
22	0.00550	0.00471	0.00471	0.00471	0.00628	0.00393	0.00353	0.00668	0.01060	0.01257	0.04713	0.04477	0.80560	0.01178	0.00550	0.00157	0.00236	0.00982	0.00432	0.00393
23	0.00879	0.00827	0.01395	0.82532	0.03204	0.01034	0.01292	0.01189	0.00930	0.01189	0.00827	0.01240	0.00620	0.00465	0.00465	0.00155	0.00620	0.00413	0.00207	0.00517
24	0.00750	0.00535	0.00750	0.00857	0.00964	0.00535	0.00750	0.00964	0.01071	0.01392	0.02463	0.05248	0.02677	0.01285	0.00643	0.00214	0.00428	0.77617	0.00428	0.00428
25	0.00567	0.00405	0.00540	0.00648	0.00675	0.00378	0.00432	0.00648	0.00891	0.01188	0.02564	0.83347	0.03077	0.01457	0.00594	0.00189	0.00270	0.01323	0.00432	0.00378
26	0.00550	0.00471	0.00471	0.00471	0.00628	0.00393	0.00353	0.00668	0.01060	0.01257	0.04713	0.04477	0.80560	0.01178	0.00550	0.00157	0.00236	0.00982	0.00432	0.00393
27	0.01738	0.02217	0.01318	0.01199	0.01438	0.81783	0.00899	0.01858	0.01318	0.01139	0.00719	0.00839	0.00599	0.00479	0.00419	0.00120	0.00839	0.00300	0.00240	0.00539
28	0.01098	0.01255	0.02745	0.01961	0.02431	0.01176	0.79059	0.01490	0.01098	0.01490	0.00941	0.01255	0.00706	0.00392	0.00549	0.00157	0.00784	0.00549	0.00235	0.00627
29	0.01018	0.01018	0.01425	0.01221	0.01221	0.01425	0.01018	0.01120	0.00712	0.01120	0.00611	0.01018	0.00611	0.00814	0.01527	0.00204	0.82799	0.00407	0.00204	0.00509
30	0.01120	0.00967	0.01016	0.00918	0.01174	0.01110	0.00713	0.02362	0.75085	0.01904	0.02066	0.01903	0.06261	0.00665	0.00478	0.00158	0.00360	0.00554	0.00471	0.00715

[dist]
# distance from previous block
# <min> <max>
0	5

[block]
# block no. 4 follows, 55 sequences, length 6
# corresponding to MSA columns:
# 379-384
name=unknown_E
#
# <colnr> <probs for GDERKNQSTAVLIFYWHMCP>
#	G	D	E	R	K	N	Q	S	T	A	V	L	I	F	Y	W	H	M	C	P
0	0.00563	0.00420	0.00524	0.00607	0.00664	0.00381	0.00414	0.00652	0.00930	0.01204	0.03066	0.64927	0.21173	0.01392	0.00584	0.00181	0.00262	0.01243	0.00432	0.00381
1	0.00565	0.00411	0.00534	0.00632	0.00671	0.00379	0.00425	0.00650	0.00906	0.01194	0.02760	0.76149	0.10148	0.01432	0.00590	0.00186	0.00267	0.01291	0.00432	0.00379
2	0.00677	0.00451	0.00507	0.00507	0.00507	0.00451	0.00282	0.00677	0.00677	0.00902	0.01466	0.03044	0.01691	0.83650	0.02368	0.00451	0.00451	0.00677	0.00282	0.00282
3	0.77402	0.10138	0.00879	0.00632	0.00932	0.01132	0.00536	0.01370	0.00809	0.01977	0.00648	0.00755	0.00514	0.00428	0.00289	0.00139	0.00375	0.00252	0.00278	0.00514
4	0.32578	0.06434	0.14766	0.01201	0.10219	0.05636	0.08022	0.06704	0.04315	0.04866	0.00864	0.00984	0.00656	0.00451	0.00391	0.00141	0.00522	0.00346	0.00284	0.00620
5	0.01097	0.01349	0.13637	0.01231	0.01558	0.14715	0.22346	0.03282	0.01100	0.03884	0.06855	0.05031	0.07484	0.06234	0.00688	0.00170	0.05801	0.00549	0.00292	0.02699

[dist]
# distance from previous block
# <min> <max>
3	15

[block]
# block no. 5 follows, 55 sequences, length 45
# corresponding to MSA columns:
# 400-444
name=unknown_F
#
# <colnr> <probs for GDERKNQSTAVLIFYWHMCP>
#	G	D	E	R	K	N	Q	S	T	A	V	L	I	F	Y	W	H	M	C	P
0	0.27180	0.01200	0.02376	0.00980	0.01291	0.07628	0.05448	0.34001	0.04431	0.02233	0.01013	0.05165	0.00814	0.00560	0.00461	0.00146	0.03655	0.00415	0.00365	0.00640
1	0.01013	0.00889	0.01444	0.47184	0.19189	0.01011	0.03038	0.02632	0.05935	0.04682	0.01088	0.01596	0.00892	0.00537	0.00481	0.00156	0.00567	0.06810	0.00267	0.00588
2	0.00967	0.00946	0.01356	0.02548	0.01225	0.01295	0.02554	0.01088	0.00729	0.01123	0.00710	0.01140	0.00690	0.01175	0.12761	0.00278	0.68281	0.00423	0.00211	0.00498
3	0.00585	0.00473	0.00520	0.00508	0.00650	0.00408	0.00381	0.00735	0.01143	0.01453	0.29090	0.04155	0.56060	0.01105	0.00549	0.00154	0.00230	0.00937	0.00458	0.00408
4	0.86937	0.00900	0.00684	0.00612	0.00900	0.01044	0.00504	0.01368	0.00792	0.02087	0.00648	0.00756	0.00504	0.00432	0.00288	0.00144	0.00360	0.00252	0.00288	0.00504
5	0.01069	0.00629	0.00650	0.00576	0.00744	0.00660	0.00451	0.18606	0.01247	0.02003	0.01428	0.01596	0.01102	0.00546	0.00357	0.00115	0.00283	0.00430	0.66994	0.00514
6	0.00555	0.00463	0.00480	0.00493	0.00631	0.00393	0.00361	0.00666	0.01030	0.01239	0.04372	0.13792	0.69282	0.03396	0.00603	0.00169	0.00245	0.01014	0.00428	0.00388
7	0.01220	0.77646	0.08512	0.00837	0.01257	0.01782	0.00867	0.01399	0.00948	0.01124	0.00661	0.00764	0.00596	0.00401	0.00310	0.00103	0.00512	0.00256	0.00199	0.00604
8	0.00955	0.00812	0.00945	0.00700	0.01079	0.00646	0.00556	0.01245	0.06802	0.01575	0.07047	0.01215	0.01028	0.00412	0.00370	0.00081	0.00337	0.00338	0.00308	0.73549
9	0.01466	0.07479	0.04515	0.01101	0.01430	0.05165	0.13594	0.18214	0.01343	0.22303	0.02287	0.05158	0.01080	0.00728	0.03534	0.01440	0.03992	0.04122	0.00389	0.00659
10	0.00867	0.00434	0.00434	0.00434	0.00542	0.00434	0.00325	0.01084	0.00976	0.01734	0.01518	0.01734	0.01192	0.00542	0.00325	0.00108	0.00217	0.00434	0.86233	0.00434
11	0.01328	0.63626	0.04187	0.00922	0.01308	0.12565	0.04710	0.01496	0.01019	0.04151	0.00721	0.00821	0.00623	0.00417	0.00337	0.00108	0.00559	0.00281	0.00220	0.00600
12	0.00657	0.00513	0.00616	0.00580	0.00732	0.00442	0.00430	0.00823	0.01122	0.01531	0.34736	0.17128	0.24587	0.01013	0.00527	0.00145	0.00251	0.00881	0.00442	0.12844
13	0.00912	0.00675	0.00823	0.09294	0.01105	0.00689	0.00606	0.10309	0.05158	0.07169	0.23490	0.03038	0.29465	0.00891	0.00553	0.00153	0.02917	0.01801	0.00438	0.00514
14	0.17961	0.06869	0.03361	0.00921	0.01271	0.04566	0.00784	0.35937	0.01562	0.18042	0.01156	0.01230	0.00841	0.00543	0.00424	0.00140	0.00475	0.02802	0.00417	0.00698
15	0.00658	0.00476	0.00622	0.00585	0.00695	0.00439	0.00439	0.00878	0.01317	0.01866	0.80503	0.03475	0.04390	0.00951	0.00549	0.00146	0.00219	0.00841	0.00512	0.00439
16	0.00632	0.00474	0.00585	0.00557	0.00679	0.00428	0.00418	0.00827	0.01254	0.01717	0.62029	0.03719	0.22956	0.01006	0.00549	0.00149	0.00223	0.00876	0.00493	0.00428
17	0.01063	0.01065	0.03716	0.25621	0.43862	0.04098	0.03774	0.02906	0.01039	0.01411	0.00941	0.04600	0.00802	0.00553	0.02461	0.00160	0.00598	0.00452	0.00237	0.00639
18	0.01244	0.83930	0.02438	0.00796	0.01194	0.01841	0.00796	0.01393	0.00945	0.01095	0.00647	0.00746	0.00597	0.00398	0.00299	0.00100	0.00498	0.00249	0.00199	0.00597
19	0.02087	0.00792	0.01080	0.00828	0.01188	0.00684	0.00684	0.02267	0.01332	0.81071	0.01835	0.01583	0.01152	0.00576	0.00468	0.00144	0.00396	0.00468	0.00576	0.00792
20	0.00665	0.00498	0.00748	0.00748	0.00831	0.00582	0.00582	0.00831	0.00748	0.01080	0.01246	0.01828	0.01163	0.03489	0.81807	0.00748	0.01246	0.00498	0.00249	0.00415
21	0.00952	0.07490	0.76326	0.01293	0.01962	0.01128	0.01661	0.01468	0.00980	0.01450	0.00823	0.00967	0.00590	0.00439	0.00433	0.00144	0.00676	0.00338	0.00197	0.00682
22	0.01661	0.02068	0.01363	0.01347	0.08950	0.71236	0.00943	0.01839	0.04118	0.01204	0.00776	0.00901	0.00642	0.00479	0.00425	0.00123	0.00795	0.00319	0.00247	0.00565
23	0.02087	0.00792	0.01080	0.00828	0.01188	0.00684	0.00684	0.02267	0.01332	0.81071	0.01835	0.01583	0.01152	0.00576	0.00468	0.00144	0.00396	0.00468	0.00576	0.00792
24	0.00945	0.00872	0.01434	0.73839	0.05091	0.01064	0.02769	0.06059	0.01015	0.01312	0.00848	0.01231	0.00635	0.00468	0.00467	0.00154	0.00615	0.00416	0.00224	0.00542
25	0.00676	0.00443	0.00518	0.00528	0.00531	0.00440	0.00306	0.00668	0.00691	0.00922	0.01519	0.10533	0.01755	0.69534	0.02157	0.07057	0.00430	0.00717	0.00290	0.00285
26	0.00567	0.00405	0.00540	0.00648	0.00675	0.00378	0.00432	0.00648	0.00891	0.01188	0.02564	0.83347	0.03077	0.01457	0.00594	0.00189	0.00270	0.01323	0.00432	0.00378
27	0.00867	0.00434	0.00434	0.00434	0.00542	0.00434	0.00325	0.01084	0.00976	0.01734	0.01518	0.01734	0.01192	0.00542	0.00325	0.00108	0.00217	0.00434	0.86233	0.00434
28	0.01222	0.78236	0.07942	0.00833	0.01251	0.01788	0.00860	0.01399	0.00948	0.01121	0.00660	0.00763	0.00596	0.00401	0.00309	0.00103	0.00511	0.00255	0.00199	0.00603
29	0.01068	0.01195	0.02558	0.13153	0.02539	0.01157	0.68256	0.01448	0.01075	0.01448	0.00925	0.01253	0.00694	0.00402	0.00537	0.00157	0.00762	0.00530	0.00231	0.00612
30	0.00665	0.00498	0.00748	0.00748	0.00831	0.00582	0.00582	0.00831	0.00748	0.01080	0.01246	0.01828	0.01163	0.03489	0.81807	0.00748	0.01246	0.00498	0.00249	0.00415
31	0.00665	0.00498	0.00748	0.00748	0.00831	0.00582	0.00582	0.00831	0.00748	0.01080	0.01246	0.01828	0.01163	0.03489	0.81807	0.00748	0.01246	0.00498	0.00249	0.00415
32	0.00587	0.00418	0.00557	0.00661	0.00694	0.00394	0.00455	0.00677	0.00899	0.01195	0.02516	0.73546	0.02992	0.04396	0.00662	0.00201	0.00290	0.08055	0.00426	0.00379
33	0.11475	0.00839	0.01003	0.00801	0.01126	0.02332	0.00654	0.04659	0.07266	0.55707	0.03146	0.01639	0.04788	0.00595	0.00450	0.00145	0.00389	0.00473	0.01794	0.00720
34	0.01792	0.01215	0.01332	0.01024	0.01389	0.01318	0.00845	0.67112	0.02045	0.13443	0.01223	0.01193	0.00849	0.00560	0.00463	0.00140	0.00490	0.00426	0.02358	0.00783
35	0.00965	0.00827	0.00965	0.00689	0.01102	0.00620	0.00551	0.01171	0.00965	0.01516	0.00827	0.00965	0.00689	0.00345	0.00345	0.00069	0.00345	0.00276	0.00276	0.86494
36	0.01153	0.18618	0.50400	0.01252	0.06649	0.01187	0.01385	0.01553	0.01023	0.11286	0.00924	0.01020	0.00670	0.00448	0.00417	0.00137	0.00604	0.00344	0.00246	0.00685
37	0.00574	0.00414	0.00545	0.00647	0.00684	0.00385	0.00441	0.00662	0.00907	0.01200	0.02672	0.75991	0.07094	0.01436	0.00594	0.00188	0.00275	0.04479	0.00432	0.00381
38	0.00801	0.01281	0.29084	0.04066	0.07067	0.02321	0.04913	0.01108	0.01057	0.01417	0.10016	0.03900	0.29561	0.00769	0.00501	0.00151	0.00469	0.00654	0.00321	0.00544
39	0.00600	0.00469	0.00544	0.00540	0.00666	0.00413	0.00403	0.00758	0.01152	0.01502	0.35294	0.10134	0.41968	0.01110	0.00555	0.00156	0.00236	0.02625	0.00464	0.00411
40	0.01049	0.04594	0.08187	0.03617	0.19217	0.09170	0.10898	0.04110	0.06613	0.01466	0.03163	0.09603	0.09431	0.00731	0.02595	0.00163	0.00549	0.01928	0.02325	0.00591
41	0.01009	0.01704	0.35774	0.01658	0.04024	0.01102	0.41315	0.01451	0.01048	0.01485	0.02530	0.02943	0.00782	0.00448	0.00503	0.00153	0.00716	0.00482	0.00229	0.00646
42	0.02521	0.03549	0.01426	0.01161	0.01256	0.03944	0.03886	0.09423	0.02184	0.03090	0.00773	0.01137	0.00708	0.04143	0.02463	0.00204	0.56917	0.00419	0.00251	0.00546
43	0.11317	0.05465	0.01392	0.02521	0.01442	0.51558	0.08058	0.04350	0.01219	0.01346	0.00941	0.01066	0.04603	0.00507	0.00444	0.00130	0.02477	0.00357	0.00259	0.00546
44	0.06621	0.09296	0.31360	0.01100	0.01508	0.01135	0.05465	0.07396	0.03109	0.01601	0.08852	0.01260	0.01030	0.00549	0.00583	0.00146	0.12089	0.00408	0.01932	0.04558

[dist]
# distance from previous block
# <min> <max>
0	22

[block]
# block no. 6 follows, 55 sequences, length 33
# corresponding to MSA columns:
# 467-499
name=unknown_G
#
# <colnr> <probs for GDERKNQSTAVLIFYWHMCP>
#	G	D	E	R	K	N	Q	S	T	A	V	L	I	F	Y	W	H	M	C	P
0	0.27164	0.05974	0.14890	0.00928	0.02756	0.07851	0.03301	0.09166	0.05788	0.01802	0.01035	0.02568	0.02456	0.00501	0.00383	0.00136	0.00478	0.00371	0.08912	0.03541
1	0.08001	0.02545	0.11432	0.10694	0.03952	0.10254	0.06524	0.16635	0.04567	0.05794	0.03065	0.08497	0.01059	0.00610	0.00491	0.00150	0.02651	0.02133	0.00331	0.00616
2	0.05147	0.03907	0.17247	0.05213	0.03758	0.03404	0.05583	0.01285	0.00984	0.01495	0.02576	0.01065	0.00749	0.00452	0.01683	0.00116	0.00491	0.00334	0.01595	0.42916
3	0.00580	0.00477	0.00514	0.00526	0.00671	0.00411	0.00405	0.00715	0.01076	0.01314	0.09974	0.06500	0.64554	0.01180	0.00561	0.00163	0.00256	0.09285	0.00437	0.00400
4	0.01050	0.01044	0.01461	0.39632	0.18908	0.08887	0.03217	0.01345	0.03279	0.01325	0.00853	0.01153	0.00677	0.00454	0.00482	0.00138	0.03388	0.00391	0.00232	0.12086
5	0.00651	0.00548	0.00571	0.00557	0.00721	0.00509	0.00422	0.00944	0.12223	0.01384	0.08527	0.04016	0.60636	0.03274	0.00590	0.00166	0.00265	0.03116	0.00438	0.00442
6	0.00639	0.00475	0.00595	0.00565	0.00683	0.00431	0.00424	0.00840	0.01271	0.01757	0.66964	0.03654	0.17997	0.00992	0.00549	0.00148	0.00222	0.00866	0.00498	0.00431
7	0.00665	0.00498	0.00748	0.00748	0.00831	0.00582	0.00582	0.00831	0.00748	0.01080	0.01246	0.01828	0.01163	0.03489	0.81807	0.00748	0.01246	0.00498	0.00249	0.00415
8	0.00658	0.00476	0.00622	0.00585	0.00695	0.00439	0.00439	0.00878	0.01317	0.01866	0.80503	0.03475	0.04390	0.00951	0.00549	0.00146	0.00219	0.00841	0.00512	0.00439
9	0.00965	0.00827	0.00965	0.00689	0.01102	0.00620	0.00551	0.01171	0.00965	0.01516	0.00827	0.00965	0.00689	0.00345	0.00345	0.00069	0.00345	0.00276	0.00276	0.86494
10	0.01768	0.01303	0.01396	0.01070	0.01443	0.01443	0.00884	0.79197	0.02187	0.02932	0.01117	0.01117	0.00791	0.00558	0.00465	0.00140	0.00512	0.00419	0.00465	0.00791
11	0.01018	0.01018	0.01425	0.01221	0.01221	0.01425	0.01018	0.01120	0.00712	0.01120	0.00611	0.01018	0.00611	0.00814	0.01527	0.00204	0.82799	0.00407	0.00204	0.00509
12	0.00573	0.00409	0.00546	0.00654	0.00684	0.00383	0.00442	0.00658	0.00896	0.01194	0.02561	0.80909	0.03064	0.01452	0.00595	0.00190	0.00275	0.03704	0.00432	0.00379
13	0.00666	0.00494	0.00724	0.00724	0.00798	0.00568	0.00551	0.00815	0.00741	0.01062	0.01268	0.01950	0.01216	0.11527	0.73841	0.00718	0.01166	0.00516	0.00252	0.00402
14	0.01003	0.00996	0.01396	0.01201	0.01205	0.01389	0.00999	0.01107	0.00714	0.01118	0.00638	0.01052	0.00634	0.00928	0.04938	0.00227	0.79334	0.00411	0.00206	0.00505
15	0.00732	0.00530	0.00726	0.00823	0.00935	0.00523	0.00715	0.00938	0.01070	0.01380	0.02658	0.05181	0.09431	0.01276	0.00635	0.00209	0.00412	0.70972	0.00429	0.00425
16	0.00567	0.00405	0.00540	0.00648	0.00675	0.00378	0.00432	0.00648	0.00891	0.01188	0.02564	0.83347	0.03077	0.01457	0.00594	0.00189	0.00270	0.01323	0.00432	0.00378
17	0.00677	0.00451	0.00507	0.00507	0.00507	0.00451	0.00282	0.00677	0.00677	0.00902	0.01466	0.03044	0.01691	0.83650	0.02368	0.00451	0.00451	0.00677	0.00282	0.00282
18	0.00933	0.02406	0.81240	0.01326	0.02014	0.01080	0.01719	0.01473	0.00982	0.01473	0.00835	0.00982	0.00589	0.00442	0.00442	0.00147	0.00688	0.00344	0.00196	0.00688
19	0.00566	0.00407	0.00537	0.00642	0.00673	0.00378	0.00429	0.00648	0.00896	0.01190	0.02637	0.80659	0.05717	0.01448	0.00592	0.00188	0.00269	0.01311	0.00432	0.00378
20	0.00677	0.00451	0.00507	0.00507	0.00507	0.00451	0.00282	0.00677	0.00677	0.00902	0.01466	0.03044	0.01691	0.83650	0.02368	0.00451	0.00451	0.00677	0.00282	0.00282
21	0.01151	0.01105	0.01888	0.02855	0.80748	0.01105	0.01428	0.01428	0.01059	0.01520	0.00875	0.01151	0.00737	0.00415	0.00461	0.00138	0.00553	0.00415	0.00230	0.00737
22	0.01738	0.02217	0.01318	0.01199	0.01438	0.81783	0.00899	0.01858	0.01318	0.01139	0.00719	0.00839	0.00599	0.00479	0.00419	0.00120	0.00839	0.00300	0.00240	0.00539
23	0.03828	0.01197	0.01320	0.01014	0.01382	0.01291	0.00838	0.62904	0.01994	0.17606	0.01241	0.01196	0.00852	0.00559	0.00462	0.00141	0.00487	0.00424	0.00482	0.00785
24	0.00750	0.00535	0.00750	0.00857	0.00964	0.00535	0.00750	0.00964	0.01071	0.01392	0.02463	0.05248	0.02677	0.01285	0.00643	0.00214	0.00428	0.77617	0.00428	0.00428
25	0.00879	0.00827	0.01395	0.82532	0.03204	0.01034	0.01292	0.01189	0.00930	0.01189	0.00827	0.01240	0.00620	0.00465	0.00465	0.00155	0.00620	0.00413	0.00207	0.00517
26	0.02087	0.00792	0.01080	0.00828	0.01188	0.00684	0.00684	0.02267	0.01332	0.81071	0.01835	0.01583	0.01152	0.00576	0.00468	0.00144	0.00396	0.00468	0.00576	0.00792
27	0.00704	0.00530	0.00658	0.00616	0.00745	0.00511	0.00465	0.01032	0.09504	0.01837	0.67715	0.03354	0.08686	0.00931	0.00541	0.00148	0.00236	0.00817	0.00503	0.00467
