[name]
unknown

[dist]
# distance from previous block
# <min> <max>
0	20

[block]
# block no. 0 follows, 60 sequences, length 29
# corresponding to MSA columns:
# 20-48
name=unknown_A
#
# <colnr> <probs for GDERKNQSTAVLIFYWHMCP>
#	G	D	E	R	K	N	Q	S	T	A	V	L	I	F	Y	W	H	M	C	P
0	0.24516	0.00723	0.00743	0.00658	0.00856	0.02325	0.00523	0.12974	0.02846	0.02838	0.35856	0.03264	0.03325	0.00700	0.00433	0.00138	0.00312	0.04525	0.00401	0.02044
1	0.00960	0.00763	0.00912	0.00680	0.01025	0.00620	0.00544	0.01173	0.03142	0.06655	0.01968	0.02829	0.00797	0.00477	0.02783	0.00098	0.03572	0.00316	0.00285	0.70404
2	0.01264	0.00778	0.00924	0.00695	0.01037	0.03069	0.00557	0.01442	0.01038	0.28934	0.04689	0.01259	0.00972	0.02875	0.00428	0.00104	0.00351	0.00355	0.00363	0.48866
3	0.00675	0.00493	0.00600	0.00562	0.00692	0.00463	0.00425	0.00942	0.07526	0.04068	0.57946	0.03258	0.18900	0.00899	0.00507	0.00140	0.00225	0.00780	0.00464	0.00435
4	0.00638	0.00425	0.00485	0.00485	0.00491	0.00428	0.00279	0.00651	0.00644	0.00873	0.01365	0.02768	0.01550	0.78648	0.06081	0.00428	0.00453	0.00621	0.02411	0.00274
5	0.00629	0.00498	0.00565	0.00580	0.00722	0.00457	0.00469	0.04581	0.01054	0.01306	0.05421	0.04239	0.52291	0.01102	0.00538	0.00162	0.00287	0.24295	0.00407	0.00397
6	0.01093	0.64118	0.22460	0.00871	0.01313	0.01546	0.00964	0.01325	0.00895	0.01116	0.00651	0.00755	0.00558	0.00384	0.00314	0.00105	0.00511	0.00256	0.00186	0.00581
7	0.03075	0.00452	0.00556	0.00598	0.00681	0.00426	0.00424	0.03209	0.00942	0.05304	0.07474	0.56284	0.13418	0.01184	0.00525	0.00164	0.00262	0.02068	0.02559	0.00396
8	0.01342	0.01161	0.05186	0.00920	0.01251	0.07008	0.00768	0.34678	0.20565	0.04380	0.01148	0.01153	0.00853	0.00512	0.00436	0.01645	0.00446	0.00383	0.00378	0.15788
9	0.00657	0.00507	0.00650	0.07196	0.00903	0.00482	0.00500	0.00836	0.05101	0.02379	0.03778	0.46454	0.11533	0.03071	0.00548	0.00162	0.00299	0.03827	0.00373	0.10746
10	0.00954	0.24659	0.60701	0.01108	0.01679	0.01206	0.01377	0.01361	0.00911	0.01285	0.00735	0.00861	0.00554	0.00403	0.00378	0.00126	0.00596	0.00298	0.00185	0.00622
11	0.01074	0.58938	0.27480	0.00902	0.01361	0.01502	0.01018	0.01330	0.00897	0.01138	0.00662	0.00769	0.00557	0.00386	0.00322	0.00107	0.00522	0.00261	0.00186	0.00586
12	0.01029	0.01176	0.02574	0.01838	0.02279	0.01103	0.80368	0.01397	0.01029	0.01397	0.00882	0.01176	0.00662	0.00368	0.00515	0.00147	0.00735	0.00515	0.00221	0.00588
13	0.01757	0.00716	0.00960	0.00754	0.01059	0.00634	0.00616	0.01979	0.04907	0.68979	0.11254	0.01702	0.01453	0.00584	0.00448	0.00136	0.00350	0.00483	0.00528	0.00700
14	0.00869	0.00919	0.01879	0.01405	0.01723	0.00857	0.53380	0.01154	0.01016	0.01371	0.09631	0.15355	0.07068	0.00638	0.00522	0.00151	0.00565	0.00691	0.00290	0.00516
15	0.00875	0.02256	0.82413	0.01243	0.01888	0.01013	0.01611	0.01381	0.00921	0.01381	0.00783	0.00921	0.00552	0.00414	0.00414	0.00138	0.00645	0.00322	0.00184	0.00645
16	0.00538	0.00386	0.00504	0.00593	0.00624	0.00360	0.00396	0.00615	0.00842	0.01120	0.04628	0.75263	0.05734	0.05377	0.00635	0.00187	0.00259	0.01186	0.00400	0.00352
17	0.00807	0.00753	0.01262	0.78893	0.02869	0.00934	0.01165	0.01085	0.00870	0.01114	0.00868	0.05905	0.00713	0.00489	0.00443	0.00147	0.00563	0.00436	0.00206	0.00477
18	0.07623	0.00789	0.01075	0.02975	0.19941	0.00789	0.02358	0.12424	0.01226	0.13588	0.23531	0.01976	0.08604	0.00631	0.00453	0.00135	0.00372	0.00543	0.00387	0.00578
19	0.00631	0.00473	0.00692	0.00688	0.00757	0.00550	0.00526	0.00770	0.00694	0.00997	0.01176	0.01809	0.01128	0.11169	0.73343	0.00663	0.02837	0.00482	0.00236	0.00379
20	0.00597	0.00407	0.00487	0.00523	0.00532	0.00398	0.00315	0.00625	0.00706	0.00941	0.01742	0.32007	0.02050	0.54885	0.01625	0.00335	0.00362	0.00851	0.00315	0.00296
21	0.01059	0.01016	0.01734	0.09096	0.75691	0.01031	0.01328	0.01321	0.00983	0.01400	0.00817	0.01086	0.00682	0.00392	0.00432	0.00131	0.00523	0.00389	0.00214	0.00674
22	0.07361	0.01246	0.01288	0.03412	0.07899	0.09182	0.00855	0.57285	0.03421	0.02361	0.00971	0.01017	0.00710	0.00496	0.00421	0.00130	0.00503	0.00373	0.00380	0.00688
23	0.00549	0.00414	0.00574	0.00635	0.00687	0.00383	0.03163	0.00641	0.00864	0.01144	0.04416	0.73204	0.09093	0.01300	0.00551	0.00173	0.00266	0.01179	0.00400	0.00365
24	0.87753	0.00843	0.00641	0.00574	0.00843	0.00978	0.00472	0.01282	0.00742	0.01957	0.00607	0.00709	0.00472	0.00405	0.00270	0.00135	0.00337	0.00236	0.00270	0.00472
25	0.01957	0.00742	0.01012	0.00776	0.01113	0.00641	0.00641	0.02126	0.01248	0.82254	0.01721	0.01484	0.01080	0.00540	0.00439	0.00135	0.00371	0.00439	0.00540	0.00742
26	0.00994	0.06904	0.70377	0.01238	0.01836	0.01104	0.01513	0.01508	0.07336	0.01476	0.00937	0.01082	0.00697	0.00483	0.00446	0.00152	0.00637	0.00359	0.00235	0.00686
27	0.00613	0.00502	0.00521	0.00523	0.00665	0.00423	0.00382	0.00703	0.01049	0.01288	0.08702	0.10578	0.70107	0.01161	0.00554	0.00165	0.00254	0.00959	0.00436	0.00416
28	0.01638	0.01226	0.01425	0.01095	0.01454	0.01302	0.07144	0.64672	0.03551	0.05077	0.01137	0.01191	0.00832	0.00557	0.00473	0.00145	0.00513	0.00426	0.00439	0.05704

[dist]
# distance from previous block
# <min> <max>
1	6

[block]
# block no. 1 follows, 60 sequences, length 19
# corresponding to MSA columns:
# 55-73
name=unknown_B
#
# <colnr> <probs for GDERKNQSTAVLIFYWHMCP>
#	G	D	E	R	K	N	Q	S	T	A	V	L	I	F	Y	W	H	M	C	P
0	0.72177	0.01092	0.00780	0.00704	0.00968	0.15252	0.00559	0.01395	0.00861	0.01843	0.00669	0.00791	0.00535	0.00445	0.00313	0.00140	0.00433	0.00261	0.00278	0.00504
1	0.00606	0.00521	0.00515	0.00509	0.00655	0.02592	0.00377	0.00711	0.01049	0.01272	0.11349	0.06190	0.69872	0.01102	0.00533	0.00155	0.00253	0.00912	0.00423	0.00402
2	0.00924	0.02279	0.81835	0.01273	0.01917	0.01039	0.01625	0.01414	0.00952	0.01426	0.00832	0.00988	0.00599	0.00447	0.00435	0.00147	0.00659	0.00339	0.00201	0.00669
3	0.01162	0.69963	0.16241	0.00866	0.01288	0.01622	0.00917	0.01352	0.00924	0.01136	0.00687	0.00807	0.00605	0.00413	0.00325	0.00110	0.00514	0.00266	0.00203	0.00599
4	0.01166	0.84935	0.02285	0.00746	0.01119	0.01726	0.00746	0.01306	0.00886	0.01026	0.00606	0.00700	0.00560	0.00373	0.00280	0.00093	0.00466	0.00233	0.00187	0.00560
5	0.00561	0.00401	0.00540	0.00641	0.00680	0.00380	0.00457	0.00659	0.00864	0.01147	0.02387	0.70571	0.02819	0.01338	0.00565	0.00181	0.00279	0.14763	0.00404	0.00362
6	0.01010	0.01027	0.01390	0.01399	0.15199	0.06393	0.01004	0.01137	0.00761	0.01115	0.00636	0.00984	0.00605	0.00739	0.03144	0.00187	0.62178	0.00379	0.00198	0.00514
7	0.01041	0.01257	0.15842	0.02375	0.63023	0.01036	0.06354	0.01350	0.00983	0.01416	0.00818	0.01058	0.00665	0.00392	0.00434	0.00132	0.00554	0.00385	0.00211	0.00676
8	0.00515	0.00442	0.00442	0.00442	0.00589	0.00368	0.00331	0.00626	0.00994	0.01178	0.04418	0.04197	0.81775	0.01105	0.00515	0.00147	0.00221	0.00920	0.00405	0.00368
9	0.00541	0.00440	0.00452	0.00449	0.00590	0.00374	0.00337	0.00664	0.01010	0.01252	0.10817	0.03974	0.70687	0.01053	0.00504	0.00144	0.00219	0.00881	0.05239	0.00374
10	0.67370	0.00987	0.00795	0.00683	0.00964	0.06194	0.00558	0.15084	0.01001	0.02039	0.00688	0.00772	0.00525	0.00428	0.00307	0.00133	0.00390	0.00266	0.00296	0.00521
11	0.00698	0.00548	0.00789	0.00919	0.14787	0.00520	0.00573	0.00913	0.01193	0.01693	0.67655	0.02879	0.03520	0.00804	0.00500	0.00136	0.00260	0.00719	0.00434	0.00460
12	0.00813	0.00407	0.00407	0.00407	0.00508	0.00407	0.00305	0.01016	0.00915	0.01626	0.01423	0.01626	0.01118	0.00508	0.00305	0.00102	0.00203	0.00407	0.87093	0.00407
13	0.01103	0.66923	0.19741	0.00855	0.01287	0.01570	0.00935	0.01322	0.00894	0.01103	0.00645	0.00748	0.00558	0.00382	0.00309	0.00103	0.00505	0.00253	0.00186	0.00578
14	0.01388	0.00687	0.00873	0.00722	0.00972	0.00648	0.00577	0.03281	0.13459	0.42764	0.24734	0.02092	0.04527	0.00666	0.00463	0.00138	0.00317	0.00562	0.00502	0.00628
15	0.00813	0.00407	0.00407	0.00407	0.00508	0.00407	0.00305	0.01016	0.00915	0.01626	0.01423	0.01626	0.01118	0.00508	0.00305	0.00102	0.00203	0.00407	0.87093	0.00407
16	0.00609	0.00412	0.00483	0.00508	0.00515	0.00406	0.00299	0.00628	0.00684	0.00912	0.01630	0.23074	0.01908	0.64013	0.01807	0.00362	0.00381	0.00784	0.00299	0.00287
17	0.01078	0.01051	0.01715	0.09124	0.72848	0.03838	0.01311	0.01334	0.00992	0.01388	0.00812	0.01076	0.00678	0.00394	0.00431	0.00130	0.00532	0.00385	0.00214	0.00668
18	0.02653	0.16604	0.38793	0.01119	0.05980	0.03933	0.01158	0.01597	0.14904	0.07730	0.00992	0.01049	0.00737	0.00447	0.00395	0.00130	0.00532	0.00346	0.00262	0.00640

[dist]
# distance from previous block
# <min> <max>
0	4

[block]
# block no. 2 follows, 60 sequences, length 17
# corresponding to MSA columns:
# 78-94
name=unknown_C
#
# <colnr> <probs for GDERKNQSTAVLIFYWHMCP>
#	G	D	E	R	K	N	Q	S	T	A	V	L	I	F	Y	W	H	M	C	P
0	0.01343	0.06752	0.10095	0.01148	0.03258	0.34665	0.08978	0.11313	0.09688	0.01451	0.00875	0.00971	0.00683	0.00447	0.00408	0.00121	0.00624	0.00343	0.00269	0.06569
1	0.00881	0.10259	0.53906	0.01038	0.01560	0.00959	0.01240	0.01266	0.00924	0.01353	0.04247	0.05238	0.00836	0.00464	0.00398	0.00124	0.00538	0.00369	0.00220	0.14181
2	0.02639	0.03014	0.11175	0.00935	0.01270	0.07920	0.06579	0.13016	0.07990	0.18508	0.07520	0.01547	0.04937	0.00598	0.01841	0.00140	0.00473	0.02107	0.00369	0.07421
3	0.00957	0.19073	0.54496	0.01227	0.01786	0.01172	0.12746	0.01368	0.00929	0.01311	0.00761	0.00912	0.00570	0.00399	0.00401	0.00130	0.00621	0.00332	0.00190	0.00619
4	0.00535	0.00443	0.00469	0.00462	0.00601	0.00376	0.00347	0.00663	0.01040	0.01286	0.19038	0.04020	0.67088	0.01064	0.00515	0.00145	0.00218	0.00896	0.00419	0.00376
5	0.00960	0.26383	0.59030	0.01098	0.01663	0.01221	0.01359	0.01359	0.00911	0.01278	0.00731	0.00856	0.00555	0.00402	0.00375	0.00125	0.00593	0.00296	0.00185	0.00620
6	0.10655	0.00929	0.01006	0.00871	0.03354	0.03932	0.00682	0.22705	0.15624	0.21516	0.01388	0.03090	0.01046	0.00568	0.00419	0.00137	0.00398	0.04094	0.06944	0.00645
7	0.00607	0.00468	0.00549	0.00525	0.00644	0.00432	0.00389	0.00820	0.05146	0.01504	0.46566	0.03468	0.30090	0.06135	0.00617	0.00159	0.00231	0.00809	0.00440	0.00402
8	0.00531	0.00380	0.00506	0.00607	0.00633	0.00354	0.00405	0.00607	0.00835	0.01113	0.02404	0.84388	0.02885	0.01366	0.00557	0.00177	0.00253	0.01240	0.00405	0.00354
9	0.01564	0.01922	0.01179	0.01070	0.01290	0.73479	0.00805	0.03675	0.03484	0.01165	0.00761	0.00869	0.00622	0.00459	0.00390	0.00113	0.00730	0.00297	0.05614	0.00511
10	0.06866	0.28928	0.01572	0.00877	0.01228	0.01408	0.00767	0.44299	0.01532	0.07214	0.00917	0.00939	0.00686	0.00467	0.00374	0.00119	0.00460	0.00333	0.00350	0.00665
11	0.00525	0.00442	0.00455	0.00452	0.00595	0.00372	0.00339	0.00644	0.01016	0.01231	0.11597	0.04110	0.74563	0.01085	0.00515	0.00146	0.00220	0.00908	0.00412	0.00372
12	0.00617	0.00446	0.00583	0.00549	0.00652	0.00412	0.00412	0.00823	0.01235	0.01749	0.81722	0.03258	0.04115	0.00892	0.00514	0.00137	0.00206	0.00789	0.00480	0.00412
13	0.01658	0.01222	0.01309	0.01003	0.01353	0.01353	0.00829	0.80497	0.02051	0.02749	0.01047	0.01047	0.00742	0.00524	0.00436	0.00131	0.00480	0.00393	0.00436	0.00742
14	0.00548	0.00449	0.00488	0.00503	0.00638	0.00389	0.00390	0.00676	0.01006	0.01229	0.08861	0.06271	0.64004	0.01112	0.00528	0.00155	0.00246	0.11722	0.00409	0.00375
15	0.00626	0.00456	0.00603	0.00680	0.00764	0.00438	0.00546	0.00776	0.00959	0.01247	0.06629	0.25778	0.13325	0.03595	0.00620	0.00190	0.00329	0.41654	0.00403	0.00381
16	0.00574	0.00444	0.00523	0.00503	0.00625	0.00393	0.00377	0.00739	0.01132	0.01506	0.48834	0.03658	0.37154	0.00982	0.00515	0.00141	0.00212	0.00845	0.00448	0.00393

[dist]
# distance from previous block
# <min> <max>
0	2

[block]
# block no. 3 follows, 60 sequences, length 32
# corresponding to MSA columns:
# 97-128
name=unknown_D
#
# <colnr> <probs for GDERKNQSTAVLIFYWHMCP>
#	G	D	E	R	K	N	Q	S	T	A	V	L	I	F	Y	W	H	M	C	P
0	0.00936	0.00756	0.00975	0.00838	0.01029	0.00792	0.07947	0.19269	0.12140	0.01704	0.13519	0.21979	0.10649	0.02245	0.00553	0.00155	0.02848	0.00741	0.00403	0.00522
1	0.10014	0.00484	0.00472	0.00465	0.00621	0.00436	0.00352	0.00707	0.00975	0.01290	0.07852	0.05593	0.67222	0.01024	0.00490	0.00146	0.00234	0.00847	0.00394	0.00381
2	0.00975	0.03078	0.00974	0.00699	0.01066	0.00718	0.00562	0.05607	0.11081	0.01534	0.00912	0.00998	0.00735	0.00369	0.00343	0.00080	0.00338	0.00295	0.00290	0.69347
3	0.00677	0.00505	0.00620	0.00647	0.00752	0.00497	0.00484	0.00957	0.11997	0.02824	0.14305	0.35482	0.12124	0.02486	0.00558	0.00168	0.00283	0.12307	0.00419	0.01909
4	0.01063	0.30281	0.45834	0.01052	0.01565	0.04992	0.01228	0.06895	0.01002	0.01342	0.00736	0.00848	0.00569	0.00410	0.00369	0.00121	0.00579	0.00295	0.00204	0.00616
5	0.00801	0.00739	0.01229	0.74584	0.02748	0.00908	0.01124	0.01083	0.00912	0.01183	0.09584	0.01391	0.00966	0.00486	0.00445	0.00144	0.00541	0.00431	0.00225	0.00477
6	0.30716	0.00994	0.09773	0.00784	0.01131	0.00879	0.00710	0.09526	0.03454	0.36155	0.01178	0.01122	0.00791	0.00481	0.00379	0.00135	0.00400	0.00355	0.00397	0.00639
7	0.02561	0.02117	0.72080	0.01205	0.01810	0.01049	0.01505	0.09989	0.01040	0.01541	0.00808	0.00931	0.00572	0.00426	0.00414	0.00137	0.00621	0.00328	0.00213	0.00652
8	0.01602	0.02038	0.01297	0.01156	0.01391	0.79212	0.04448	0.01726	0.01227	0.01082	0.00684	0.00804	0.00566	0.00446	0.00399	0.00114	0.00784	0.00291	0.00225	0.00509
9	0.00527	0.00395	0.00490	0.00565	0.00622	0.00358	0.00386	0.00612	0.00876	0.01130	0.02917	0.63960	0.22981	0.01300	0.00546	0.00170	0.00245	0.01159	0.00405	0.00358
10	0.00544	0.00442	0.00478	0.00470	0.00602	0.00381	0.00350	0.00676	0.01045	0.01312	0.23710	0.03926	0.60160	0.03294	0.00561	0.00152	0.00223	0.00880	0.00420	0.00376
11	0.00597	0.00444	0.00563	0.00634	0.00688	0.00437	0.00436	0.00806	0.09599	0.01228	0.06961	0.70650	0.02787	0.01254	0.00542	0.00172	0.00260	0.01132	0.00413	0.00394
12	0.01888	0.00862	0.01039	0.00811	0.01137	0.06428	0.00663	0.07324	0.01301	0.69679	0.03173	0.01441	0.01080	0.00539	0.00437	0.00133	0.00404	0.00431	0.00510	0.00719
13	0.00633	0.00428	0.00502	0.00502	0.00511	0.00437	0.00297	0.00651	0.00642	0.00865	0.01350	0.02719	0.01527	0.75063	0.11749	0.00456	0.00511	0.00615	0.00261	0.00279
14	0.01095	0.00679	0.00708	0.00606	0.00790	0.00723	0.00480	0.27566	0.01294	0.02001	0.01297	0.01433	0.00992	0.00513	0.00349	0.00111	0.00296	0.00402	0.58146	0.00518
15	0.00958	0.12254	0.49281	0.01391	0.05517	0.01125	0.20705	0.01374	0.00946	0.01343	0.00787	0.00963	0.00586	0.00397	0.00423	0.00134	0.00639	0.00361	0.00195	0.00622
16	0.01046	0.01016	0.01772	0.12081	0.67162	0.01033	0.06840	0.01316	0.00981	0.01387	0.00819	0.01096	0.00676	0.00393	0.00438	0.00133	0.00541	0.00397	0.00214	0.00660
17	0.00566	0.00404	0.00544	0.00636	0.00679	0.00383	0.00455	0.00672	0.00891	0.01190	0.07925	0.65540	0.02908	0.01306	0.00561	0.00178	0.00274	0.14113	0.00410	0.00366
18	0.05548	0.00943	0.01056	0.01040	0.09163	0.01060	0.00740	0.12256	0.53074	0.01883	0.04142	0.03066	0.02926	0.00587	0.00439	0.00143	0.00371	0.00488	0.00411	0.00664
19	0.01079	0.01036	0.01770	0.02677	0.81952	0.01036	0.01339	0.01339	0.00993	0.01425	0.00820	0.01079	0.00691	0.00389	0.00432	0.00130	0.00518	0.00389	0.00216	0.00691
20	0.01776	0.00796	0.01056	0.00832	0.01127	0.00774	0.00685	0.04893	0.06793	0.64890	0.01575	0.01421	0.01030	0.00567	0.00547	0.00142	0.09460	0.00435	0.00491	0.00710
21	0.01000	0.01032	0.09995	0.02347	0.09006	0.00803	0.05155	0.08216	0.05512	0.01550	0.00866	0.00995	0.00687	0.00376	0.00372	0.00095	0.00419	0.00319	0.00269	0.50986
22	0.53263	0.03437	0.12969	0.00786	0.01115	0.10711	0.00728	0.08263	0.02482	0.01808	0.00702	0.00796	0.00537	0.00425	0.00324	0.00132	0.00452	0.00273	0.00267	0.00532
23	0.02845	0.00953	0.10084	0.01020	0.01304	0.02345	0.19968	0.02052	0.05193	0.02511	0.09138	0.05626	0.01271	0.07581	0.12345	0.00236	0.02501	0.00507	0.00281	0.12238
24	0.01085	0.01093	0.04443	0.11911	0.47093	0.07850	0.01148	0.03035	0.01012	0.02886	0.02205	0.01081	0.00722	0.00414	0.00435	0.00124	0.02035	0.00369	0.00233	0.10827
25	0.00547	0.00387	0.00505	0.00589	0.00614	0.00365	0.00388	0.00618	0.00825	0.01104	0.05186	0.71559	0.02773	0.11419	0.00756	0.00205	0.00272	0.01150	0.00391	0.00345
26	0.59102	0.00885	0.00808	0.00706	0.02426	0.00987	0.00564	0.12357	0.04672	0.11054	0.00919	0.00954	0.02092	0.00457	0.00327	0.00135	0.00362	0.00307	0.00333	0.00552
27	0.00890	0.00901	0.04795	0.04129	0.15007	0.11399	0.03014	0.01054	0.00942	0.03042	0.02382	0.30242	0.03630	0.02658	0.00598	0.00163	0.06268	0.08097	0.00311	0.00478
28	0.00652	0.00499	0.00605	0.00569	0.00694	0.00478	0.00429	0.00955	0.09895	0.01668	0.60952	0.03227	0.15937	0.00892	0.00507	0.00140	0.00223	0.00777	0.00464	0.00435
29	0.07101	0.00567	0.00612	0.00548	0.00728	0.00564	0.00429	0.03202	0.07595	0.16660	0.03508	0.01837	0.09916	0.00587	0.00369	0.00120	0.00264	0.00472	0.44420	0.00501
30	0.00531	0.00380	0.00506	0.00607	0.00633	0.00354	0.00405	0.00607	0.00835	0.01113	0.02404	0.84388	0.02885	0.01366	0.00557	0.00177	0.00253	0.01240	0.00405	0.00354
31	0.00987	0.01047	0.04522	0.24566	0.33429	0.01037	0.25381	0.01296	0.00969	0.01330	0.00826	0.01127	0.00647	0.00396	0.00458	0.00139	0.00606	0.00425	0.00210	0.00602

[dist]
# distance from previous block
# <min> <max>
0	111

[block]
# block no. 4 follows, 60 sequences, length 69
# corresponding to MSA columns:
# 240-308
name=unknown_E
#
# <colnr> <probs for GDERKNQSTAVLIFYWHMCP>
#	G	D	E	R	K	N	Q	S	T	A	V	L	I	F	Y	W	H	M	C	P
0	0.03839	0.00847	0.00996	0.00804	0.01084	0.00865	0.00650	0.23910	0.12288	0.30684	0.17515	0.01714	0.01609	0.00609	0.00449	0.00136	0.00364	0.00498	0.00478	0.00661
1	0.03475	0.00399	0.00516	0.00611	0.00647	0.00379	0.00415	0.00638	0.00836	0.01147	0.02341	0.79410	0.02793	0.01330	0.00548	0.00176	0.00260	0.03319	0.00400	0.00360
2	0.00747	0.00379	0.00565	0.00570	0.00571	0.00378	0.00380	0.00570	0.00581	0.00775	0.00837	0.05327	0.00860	0.01508	0.01649	0.83113	0.00373	0.00420	0.00200	0.00197
3	0.00619	0.00498	0.00746	0.25466	0.01343	0.00538	0.00646	0.00759	0.00846	0.01114	0.01916	0.59466	0.02195	0.01088	0.00521	0.00168	0.00351	0.00985	0.00342	0.00393
4	0.00537	0.00384	0.00513	0.00614	0.00642	0.00359	0.00415	0.00617	0.00841	0.01120	0.02401	0.81710	0.02872	0.01361	0.00558	0.00178	0.00258	0.03860	0.00405	0.00356
5	0.00670	0.00492	0.00610	0.00587	0.00599	0.00548	0.00387	0.00704	0.00648	0.00894	0.01250	0.02463	0.01394	0.62803	0.14070	0.00437	0.10307	0.00580	0.00251	0.00308
6	0.11367	0.01374	0.01950	0.01471	0.01833	0.22398	0.47196	0.04567	0.01089	0.01430	0.00802	0.01015	0.00617	0.00399	0.00451	0.00136	0.00692	0.00416	0.00236	0.00559
7	0.01571	0.01426	0.01251	0.01026	0.01322	0.24384	0.00819	0.47746	0.11063	0.02137	0.01019	0.01040	0.00757	0.00515	0.00442	0.00129	0.01944	0.00373	0.00373	0.00665
8	0.00543	0.00388	0.00516	0.00599	0.00635	0.00362	0.00406	0.00636	0.00888	0.01198	0.12980	0.73570	0.03049	0.01303	0.00551	0.00172	0.00247	0.01180	0.00415	0.00362
9	0.01134	0.52281	0.20483	0.00865	0.01299	0.01412	0.00927	0.04824	0.00962	0.04654	0.00726	0.00815	0.00595	0.00392	0.00328	0.00105	0.00493	0.00271	0.00217	0.07217
10	0.01043	0.11449	0.36196	0.01006	0.02928	0.00969	0.02302	0.01466	0.08725	0.09560	0.02003	0.02169	0.00781	0.00439	0.00391	0.00120	0.00493	0.00350	0.00268	0.17342
11	0.01221	0.13314	0.02869	0.15414	0.14475	0.10602	0.03080	0.08890	0.11495	0.07866	0.01717	0.01119	0.00779	0.00476	0.00463	0.00132	0.04820	0.00377	0.00285	0.00607
12	0.01399	0.01029	0.01087	0.00880	0.01151	0.03213	0.00707	0.57781	0.01724	0.02343	0.01271	0.12653	0.01079	0.00637	0.00436	0.00133	0.00423	0.00509	0.10905	0.00641
13	0.01046	0.02245	0.01015	0.00724	0.01103	0.00700	0.02629	0.08265	0.03134	0.06327	0.00881	0.00974	0.00697	0.00363	0.00347	0.00079	0.00353	0.00293	0.00294	0.68529
14	0.00797	0.00501	0.00679	0.00727	0.00835	0.00485	0.00592	0.00950	0.00975	0.10715	0.02346	0.25351	0.07218	0.02549	0.00608	0.00187	0.01906	0.41741	0.00413	0.00426
15	0.00824	0.00775	0.01308	0.83624	0.03004	0.00969	0.01211	0.01114	0.00872	0.01114	0.00775	0.01163	0.00581	0.00436	0.00436	0.00145	0.00581	0.00388	0.00194	0.00484
16	0.00625	0.00461	0.00668	0.00668	0.00735	0.00527	0.00505	0.00758	0.00691	0.00988	0.01198	0.01878	0.01162	0.15036	0.71277	0.00661	0.01060	0.00491	0.00238	0.00371
17	0.00954	0.00960	0.01442	0.01187	0.01264	0.01247	0.10220	0.01089	0.00726	0.01113	0.00632	0.00991	0.00597	0.00734	0.02713	0.00187	0.67412	0.00391	0.00199	0.05941
18	0.00607	0.00438	0.00574	0.00556	0.00649	0.00405	0.00411	0.00798	0.01188	0.01675	0.72432	0.12760	0.03971	0.00947	0.00519	0.00142	0.00211	0.00842	0.00471	0.00405
19	0.00623	0.00467	0.00701	0.00701	0.00779	0.00545	0.00545	0.00779	0.00701	0.01012	0.01168	0.01713	0.01090	0.03271	0.82944	0.00701	0.01168	0.00467	0.00234	0.00389
20	0.00750	0.00552	0.00752	0.00716	0.00822	0.00629	0.00557	0.10114	0.00861	0.01224	0.01172	0.01694	0.01077	0.07219	0.66706	0.00603	0.01021	0.00466	0.02640	0.00424
21	0.00981	0.10795	0.01429	0.01086	0.01136	0.02668	0.00917	0.01084	0.00703	0.01046	0.00594	0.00942	0.00584	0.00778	0.03417	0.00192	0.70606	0.00365	0.00192	0.00485
22	0.00543	0.00399	0.00510	0.00576	0.00630	0.00365	0.00396	0.00645	0.00921	0.01225	0.15473	0.60530	0.13675	0.01255	0.00544	0.00167	0.00241	0.01124	0.00417	0.00365
23	0.00583	0.00442	0.00537	0.00518	0.00632	0.00396	0.00387	0.00756	0.01148	0.01553	0.55443	0.06174	0.27893	0.00972	0.00516	0.00142	0.00212	0.00844	0.00455	0.00396
24	0.00997	0.11061	0.11633	0.01561	0.01992	0.01118	0.56789	0.01338	0.00995	0.01345	0.02385	0.04973	0.00803	0.00429	0.00478	0.00141	0.00661	0.00498	0.00226	0.00577
25	0.00563	0.00436	0.00513	0.00509	0.00622	0.00386	0.00376	0.00712	0.01084	0.01427	0.38921	0.13041	0.37764	0.01039	0.00520	0.00146	0.00218	0.00898	0.00439	0.00386
26	0.04251	0.00751	0.01006	0.00774	0.01109	0.00660	0.00639	0.03161	0.01246	0.79030	0.01682	0.01458	0.01059	0.00536	0.00434	0.00135	0.00372	0.00433	0.00531	0.00735
27	0.01102	0.00957	0.03097	0.24632	0.42952	0.00991	0.02526	0.04465	0.01015	0.09019	0.00906	0.01144	0.00700	0.00433	0.00459	0.00136	0.02706	0.00394	0.01737	0.00628
28	0.01106	0.03416	0.01791	0.21684	0.05128	0.17494	0.31988	0.03529	0.02514	0.01292	0.00920	0.01159	0.02858	0.00429	0.00453	0.00135	0.00654	0.00425	0.00230	0.02797
29	0.00886	0.00746	0.00732	0.00673	0.00827	0.10224	0.00512	0.02951	0.16414	0.02725	0.42338	0.02411	0.04700	0.00729	0.00458	0.00132	0.00308	0.00616	0.11133	0.00485
30	0.10497	0.51997	0.10779	0.01028	0.10655	0.04613	0.00886	0.03001	0.00925	0.01250	0.00663	0.00780	0.00569	0.00389	0.00319	0.00108	0.00491	0.00267	0.00205	0.00577
31	0.01048	0.01136	0.03777	0.01686	0.03409	0.01065	0.66020	0.05042	0.01053	0.02740	0.00926	0.01230	0.00712	0.02732	0.02064	0.00163	0.02049	0.00500	0.02067	0.00583
32	0.00596	0.00439	0.00559	0.00548	0.00648	0.00402	0.00408	0.00774	0.01150	0.01587	0.60030	0.12929	0.14219	0.00984	0.00522	0.00145	0.00219	0.02984	0.00459	0.00399
33	0.02590	0.00830	0.01358	0.21608	0.37950	0.00889	0.02762	0.01147	0.02609	0.01294	0.01155	0.17024	0.01130	0.00622	0.00491	0.00147	0.03145	0.02436	0.00256	0.00557
34	0.01323	0.02517	0.24037	0.00902	0.01269	0.00801	0.00896	0.11305	0.01164	0.32023	0.01442	0.14319	0.01165	0.00703	0.02687	0.00156	0.00464	0.00523	0.01668	0.00636
35	0.00606	0.00445	0.00568	0.00537	0.00645	0.00407	0.00403	0.00802	0.01209	0.01688	0.73443	0.03359	0.12432	0.00914	0.00515	0.00138	0.00207	0.00803	0.00472	0.00407
36	0.00630	0.00439	0.00557	0.00557	0.00585	0.00467	0.00365	0.00686	0.00658	0.00906	0.01300	0.02443	0.01407	0.55346	0.31302	0.00523	0.00691	0.00574	0.00253	0.00309
37	0.21005	0.01039	0.01302	0.06205	0.16809	0.03623	0.08618	0.16853	0.17032	0.01850	0.01004	0.01102	0.00764	0.00461	0.00405	0.00137	0.00468	0.00384	0.00315	0.00623
38	0.62140	0.22581	0.01091	0.00634	0.00934	0.01186	0.00557	0.04275	0.00829	0.01746	0.00624	0.00719	0.00505	0.00401	0.00279	0.00124	0.00376	0.00241	0.00255	0.00505
39	0.00577	0.00442	0.00528	0.00511	0.00628	0.00394	0.00382	0.00743	0.01133	0.01518	0.50647	0.06139	0.32806	0.00985	0.00516	0.00142	0.00213	0.00852	0.00450	0.00394
40	0.01033	0.49023	0.33428	0.00950	0.01424	0.01401	0.02436	0.01318	0.00905	0.01175	0.00783	0.00889	0.02765	0.00409	0.00343	0.00113	0.00534	0.00291	0.00192	0.00588
41	0.01107	0.01206	0.06547	0.01498	0.04377	0.04177	0.39120	0.12064	0.03234	0.01500	0.00871	0.02441	0.00698	0.00502	0.00687	0.00152	0.18523	0.00457	0.00250	0.00588
42	0.00537	0.00384	0.00512	0.00610	0.00639	0.00359	0.00411	0.00619	0.00848	0.01133	0.04303	0.80744	0.02906	0.01352	0.00557	0.00177	0.00255	0.02892	0.00407	0.00357
43	0.01111	0.01125	0.01649	0.12763	0.62497	0.10618	0.01264	0.01357	0.01006	0.01344	0.00798	0.01056	0.00662	0.00402	0.00428	0.00130	0.00558	0.00376	0.00214	0.00643
44	0.01182	0.01154	0.04370	0.03361	0.18998	0.02191	0.38766	0.12900	0.04405	0.05936	0.00963	0.01156	0.00722	0.00421	0.00482	0.00140	0.01483	0.00453	0.00275	0.00642
45	0.01085	0.01306	0.11650	0.01672	0.02126	0.01122	0.61952	0.10659	0.01136	0.01554	0.00890	0.01132	0.00659	0.00391	0.00494	0.00144	0.00695	0.00478	0.00242	0.00613
46	0.00622	0.00418	0.00479	0.00491	0.00494	0.00415	0.00281	0.00631	0.00658	0.00877	0.01495	0.12403	0.01738	0.74916	0.02025	0.00394	0.00403	0.00705	0.00281	0.00275
47	0.01586	0.00763	0.01006	0.00893	0.06061	0.00718	0.00667	0.10492	0.05060	0.50718	0.04590	0.12729	0.01385	0.00656	0.00457	0.00141	0.00369	0.00554	0.00483	0.00672
48	0.04334	0.01093	0.01260	0.00999	0.01307	0.11130	0.10617	0.25124	0.07103	0.18820	0.01259	0.08131	0.00988	0.00559	0.00440	0.00133	0.00485	0.00469	0.00388	0.05360
49	0.00795	0.00459	0.00477	0.00462	0.00567	0.00461	0.00340	0.04862	0.00945	0.01524	0.01767	0.04364	0.10639	0.09589	0.00561	0.00146	0.01271	0.00514	0.59853	0.00403
50	0.00991	0.00830	0.00978	0.00709	0.01088	0.00679	0.02042	0.10399	0.01046	0.01581	0.02072	0.00963	0.00712	0.00356	0.00343	0.00075	0.00347	0.00287	0.00282	0.74221
51	0.00893	0.00778	0.00936	0.00703	0.01028	0.00659	0.00563	0.01069	0.00873	0.01363	0.00828	0.04847	0.00743	0.00424	0.00464	0.00085	0.10105	0.00319	0.00257	0.73064
52	0.01564	0.01178	0.01249	0.00984	0.01302	0.03688	0.00804	0.63649	0.10502	0.04976	0.01148	0.02647	0.00845	0.00551	0.00465	0.00135	0.02753	0.00417	0.00427	0.00715
53	0.01512	0.01643	0.01302	0.03445	0.13325	0.48737	0.00906	0.12582	0.06155	0.05043	0.00864	0.00958	0.00676	0.00463	0.00411	0.00121	0.00654	0.00335	0.00279	0.00587
54	0.00916	0.06884	0.68344	0.01382	0.11220	0.01057	0.01530	0.01372	0.00927	0.01366	0.00777	0.00927	0.00569	0.00409	0.00409	0.00135	0.00619	0.00325	0.00188	0.00645
55	0.01024	0.01211	0.05160	0.01819	0.02267	0.01100	0.77816	0.01397	0.01026	0.01397	0.00879	0.01168	0.00658	0.00369	0.00511	0.00147	0.00732	0.00508	0.00219	0.00590
56	0.00724	0.00548	0.00801	0.00996	0.10359	0.00544	0.00737	0.00914	0.00980	0.01293	0.02148	0.15327	0.02348	0.01131	0.00576	0.00189	0.00395	0.59181	0.00380	0.00429
57	0.01029	0.01176	0.02574	0.01838	0.02279	0.01103	0.80368	0.01397	0.01029	0.01397	0.00882	0.01176	0.00662	0.00368	0.00515	0.00147	0.00735	0.00515	0.00221	0.00588
58	0.01136	0.01046	0.01690	0.02438	0.70933	0.01060	0.01259	0.10596	0.01117	0.01575	0.00917	0.01136	0.02270	0.00418	0.00434	0.00130	0.00508	0.00399	0.00245	0.00691
59	0.00531	0.00380	0.00506	0.00607	0.00633	0.00354	0.00405	0.00607	0.00835	0.01113	0.02404	0.84388	0.02885	0.01366	0.00557	0.00177	0.00253	0.01240	0.00405	0.00354
60	0.00573	0.00419	0.00594	0.00649	0.00698	0.00440	0.00468	0.00684	0.00775	0.01068	0.01848	0.47220	0.02078	0.02223	0.37595	0.00413	0.00664	0.00893	0.00328	0.00370
61	0.00817	0.00766	0.01289	0.81634	0.02947	0.00954	0.01192	0.01102	0.00871	0.01114	0.00814	0.03157	0.00637	0.00458	0.00439	0.00146	0.00574	0.00408	0.00199	0.00481
62	0.00627	0.00482	0.00761	0.00756	0.00838	0.00449	0.09776	0.00740	0.00869	0.03274	0.02208	0.72468	0.02577	0.01228	0.00549	0.00172	0.00313	0.01134	0.00387	0.00392
63	0.00531	0.00380	0.00506	0.00607	0.00633	0.00354	0.00405	0.00607	0.00835	0.01113	0.02404	0.84388	0.02885	0.01366	0.00557	0.00177	0.00253	0.01240	0.00405	0.00354
64	0.00954	0.00954	0.01336	0.01145	0.01145	0.01336	0.00954	0.01050	0.00668	0.01050	0.00573	0.00954	0.00573	0.00763	0.01431	0.00191	0.83874	0.00382	0.00191	0.00477
65	0.01084	0.19291	0.39892	0.01197	0.01705	0.01231	0.14026	0.13844	0.01109	0.01525	0.00803	0.00936	0.00601	0.00415	0.00406	0.00129	0.00596	0.00346	0.00230	0.00633
66	0.00843	0.00497	0.00651	0.00583	0.00728	0.00449	0.00448	0.01038	0.01227	0.15548	0.64757	0.02993	0.06837	0.00840	0.00501	0.00137	0.00235	0.00734	0.00487	0.00466
67	0.00585	0.00434	0.00553	0.00634	0.00681	0.00425	0.00433	0.00773	0.08616	0.01182	0.02343	0.76371	0.02734	0.01291	0.00546	0.00174	0.00262	0.01168	0.00409	0.00387
68	0.00700	0.00592	0.00881	0.01196	0.24978	0.00566	0.00673	0.00847	0.00942	0.01271	0.08950	0.39701	0.15014	0.00991	0.00509	0.00155	0.00323	0.00896	0.00355	0.00462

[dist]
# distance from previous block
# <min> <max>
0	1

[block]
# block no. 5 follows, 60 sequences, length 89
# corresponding to MSA columns:
# 310-333,477-541
name=unknown_F
#
# <colnr> <probs for GDERKNQSTAVLIFYWHMCP>
#	G	D	E	R	K	N	Q	S	T	A	V	L	I	F	Y	W	H	M	C	P
0	0.01221	0.25138	0.01271	0.00735	0.00993	0.09313	0.00625	0.22287	0.01240	0.01695	0.01013	0.01121	0.00801	0.00467	0.00341	0.00108	0.00411	0.00340	0.30328	0.00550
1	0.13878	0.01159	0.01436	0.01709	0.35130	0.13409	0.07038	0.02537	0.14508	0.01521	0.00929	0.01077	0.00743	0.00444	0.00436	0.00134	0.02652	0.00377	0.00266	0.00618
2	0.01169	0.01494	0.09399	0.01508	0.01857	0.23323	0.42179	0.01448	0.01033	0.01265	0.00780	0.01021	0.00614	0.00441	0.00581	0.00142	0.10556	0.00418	0.00215	0.00558
3	0.21087	0.01022	0.01045	0.00846	0.01135	0.01134	0.00687	0.51654	0.01591	0.02363	0.01101	0.09722	0.00917	0.00584	0.00407	0.00136	0.00415	0.00446	0.03079	0.00629
4	0.02583	0.08926	0.74336	0.01190	0.01805	0.01070	0.01519	0.01373	0.00915	0.01364	0.00765	0.00899	0.00552	0.00411	0.00401	0.00134	0.00624	0.00313	0.00186	0.00634
5	0.00774	0.00727	0.01378	0.02360	0.01349	0.00692	0.32525	0.00979	0.00935	0.02758	0.05202	0.42937	0.01931	0.00903	0.00552	0.00162	0.02160	0.00884	0.00329	0.00462
6	0.01925	0.00792	0.01043	0.00800	0.01138	0.00716	0.00661	0.10338	0.01332	0.73922	0.01650	0.01439	0.01044	0.00538	0.00438	0.00135	0.00383	0.00434	0.00529	0.00742
7	0.01895	0.00841	0.01073	0.00823	0.01163	0.00788	0.00680	0.18322	0.01414	0.65823	0.01581	0.01394	0.01010	0.00536	0.00438	0.00134	0.00394	0.00429	0.00518	0.00742
8	0.01264	0.01067	0.09634	0.03516	0.50573	0.00920	0.01170	0.01522	0.01045	0.21715	0.01073	0.02782	0.00815	0.00449	0.00434	0.00133	0.00490	0.00411	0.00297	0.00689
9	0.00617	0.00446	0.00583	0.00549	0.00652	0.00412	0.00412	0.00823	0.01235	0.01749	0.81722	0.03258	0.04115	0.00892	0.00514	0.00137	0.00206	0.00789	0.00480	0.00412
10	0.00698	0.00499	0.00697	0.00798	0.00896	0.00498	0.00695	0.00895	0.00999	0.01300	0.02312	0.07134	0.02520	0.01209	0.00601	0.00200	0.00397	0.76849	0.00402	0.00400
11	0.00560	0.00446	0.00504	0.00495	0.00624	0.00389	0.00375	0.00710	0.01084	0.01395	0.33015	0.03876	0.49980	0.01029	0.00518	0.00146	0.00222	0.03813	0.00433	0.00386
12	0.00901	0.02220	0.80454	0.01232	0.01869	0.01004	0.01588	0.01399	0.00929	0.03327	0.00805	0.00934	0.00565	0.00417	0.00415	0.00138	0.00638	0.00325	0.00193	0.00647
13	0.00531	0.00380	0.00506	0.00607	0.00633	0.00354	0.00405	0.00607	0.00835	0.01113	0.02404	0.84388	0.02885	0.01366	0.00557	0.00177	0.00253	0.01240	0.00405	0.00354
14	0.00531	0.00380	0.00506	0.00607	0.00633	0.00354	0.00405	0.00607	0.00835	0.01113	0.02404	0.84388	0.02885	0.01366	0.00557	0.00177	0.00253	0.01240	0.00405	0.00354
15	0.71804	0.00868	0.00764	0.08939	0.01103	0.01009	0.00576	0.07918	0.00865	0.01939	0.00661	0.00783	0.00506	0.00418	0.00301	0.00136	0.00374	0.00264	0.00276	0.00496
16	0.01139	0.01051	0.01011	0.00911	0.01156	0.09292	0.00706	0.02260	0.73148	0.01749	0.01665	0.01543	0.01254	0.00577	0.00439	0.00144	0.00389	0.00472	0.00422	0.00672
17	0.00623	0.00467	0.00701	0.00701	0.00779	0.00545	0.00545	0.00779	0.00701	0.01012	0.01168	0.01713	0.01090	0.03271	0.82944	0.00701	0.01168	0.00467	0.00234	0.00389
18	0.01085	0.00937	0.00986	0.00888	0.01134	0.01085	0.00690	0.02318	0.81164	0.01824	0.01775	0.01627	0.01331	0.00592	0.00444	0.00148	0.00345	0.00493	0.00444	0.00690
19	0.01562	0.19794	0.01337	0.00818	0.01144	0.01018	0.02055	0.10730	0.11143	0.40181	0.03625	0.02547	0.01060	0.00526	0.00408	0.00128	0.00402	0.00417	0.00427	0.00677
20	0.00961	0.21666	0.56455	0.01251	0.08698	0.01183	0.01383	0.01360	0.00919	0.01301	0.00744	0.00882	0.00566	0.00402	0.00384	0.00127	0.00591	0.00307	0.00188	0.00629
21	0.01547	0.10292	0.01326	0.01067	0.01311	0.67377	0.00823	0.03631	0.06533	0.01154	0.00750	0.00840	0.00617	0.00453	0.00386	0.00113	0.00718	0.00293	0.00241	0.00529
22	0.10561	0.00752	0.00975	0.00756	0.01086	0.00675	0.00624	0.02041	0.01198	0.74201	0.01609	0.01407	0.01019	0.00526	0.00422	0.00135	0.00368	0.00418	0.00513	0.00715
23	0.01517	0.01108	0.01255	0.01104	0.09342	0.01207	0.00821	0.62628	0.01809	0.04123	0.01078	0.01120	0.00783	0.00509	0.00422	0.00128	0.00453	0.00395	0.09497	0.00701
24	0.01099	0.00912	0.04347	0.01170	0.01433	0.00898	0.26800	0.03427	0.01012	0.16689	0.10414	0.01503	0.01186	0.00941	0.12267	0.00228	0.14311	0.00494	0.00313	0.00557
25	0.01931	0.00743	0.01010	0.00773	0.01111	0.00640	0.00638	0.02101	0.01240	0.80309	0.01698	0.01471	0.01069	0.00535	0.00436	0.00133	0.00370	0.00434	0.00533	0.02825
26	0.00849	0.00801	0.01354	0.75506	0.10921	0.00976	0.01224	0.01137	0.00884	0.01145	0.00780	0.01154	0.00592	0.00431	0.00436	0.00144	0.00575	0.00388	0.00196	0.00505
27	0.00913	0.13109	0.71895	0.01178	0.01787	0.01106	0.01498	0.01371	0.00916	0.01335	0.00760	0.00892	0.00553	0.00409	0.00397	0.00132	0.00621	0.00311	0.00184	0.00633
28	0.01166	0.84935	0.02285	0.00746	0.01119	0.01726	0.00746	0.01306	0.00886	0.01026	0.00606	0.00700	0.00560	0.00373	0.00280	0.00093	0.00466	0.00233	0.00187	0.00560
29	0.01957	0.00742	0.01012	0.00776	0.01113	0.00641	0.00641	0.02126	0.01248	0.82254	0.01721	0.01484	0.01080	0.00540	0.00439	0.00135	0.00371	0.00439	0.00540	0.00742
30	0.00849	0.00854	0.01612	0.03685	0.09640	0.00810	0.36617	0.01113	0.01008	0.01325	0.01946	0.02580	0.19178	0.00702	0.00522	0.00156	0.00528	0.16069	0.00296	0.00510
31	0.00898	0.00850	0.01428	0.53663	0.27015	0.00985	0.01219	0.01166	0.00901	0.01207	0.00827	0.03449	0.00679	0.00459	0.00473	0.00143	0.03475	0.00411	0.00206	0.00544
32	0.00813	0.00407	0.00407	0.00407	0.00508	0.00407	0.00305	0.01016	0.00915	0.01626	0.01423	0.01626	0.01118	0.00508	0.00305	0.00102	0.00203	0.00407	0.87093	0.00407
33	0.00515	0.00442	0.00442	0.00442	0.00589	0.00368	0.00331	0.00626	0.00994	0.01178	0.04418	0.04197	0.81775	0.01105	0.00515	0.00147	0.00221	0.00920	0.00405	0.00368
34	0.00743	0.00510	0.00688	0.00652	0.00772	0.00482	0.03253	0.02129	0.04805	0.07572	0.39246	0.26645	0.05784	0.02235	0.00544	0.00155	0.00269	0.02632	0.00444	0.00440
35	0.01570	0.00902	0.01055	0.00859	0.01164	0.00937	0.00693	0.16129	0.31972	0.37344	0.01622	0.01461	0.01116	0.00557	0.00440	0.00139	0.00381	0.00451	0.00485	0.00722
36	0.01957	0.00742	0.01012	0.00776	0.01113	0.00641	0.00641	0.02126	0.01248	0.82254	0.01721	0.01484	0.01080	0.00540	0.00439	0.00135	0.00371	0.00439	0.00540	0.00742
37	0.00529	0.00388	0.00498	0.00586	0.00627	0.00356	0.00395	0.00610	0.00856	0.01122	0.02666	0.73961	0.13142	0.01332	0.00551	0.00173	0.00249	0.01198	0.00405	0.00356
38	0.05649	0.00775	0.02502	0.00776	0.01116	0.00662	0.00652	0.02075	0.01220	0.77284	0.01655	0.01440	0.01044	0.00532	0.00431	0.00135	0.00375	0.00428	0.00522	0.00729
39	0.01166	0.84935	0.02285	0.00746	0.01119	0.01726	0.00746	0.01306	0.00886	0.01026	0.00606	0.00700	0.00560	0.00373	0.00280	0.00093	0.00466	0.00233	0.00187	0.00560
40	0.00904	0.00775	0.00904	0.00646	0.01034	0.00581	0.00517	0.01098	0.00904	0.01421	0.00775	0.00904	0.00646	0.00323	0.00323	0.00065	0.00323	0.00258	0.00258	0.87339
41	0.03010	0.01862	0.05282	0.01393	0.15744	0.61639	0.00960	0.01653	0.02361	0.01174	0.00721	0.00857	0.00594	0.00438	0.00400	0.00118	0.00717	0.00305	0.00225	0.00548
42	0.01095	0.00942	0.00992	0.00890	0.01138	0.01089	0.00693	0.03660	0.79805	0.01840	0.01763	0.01617	0.01321	0.00591	0.00444	0.00148	0.00347	0.00491	0.00444	0.00691
43	0.00634	0.00424	0.00480	0.00480	0.00481	0.00425	0.00269	0.00637	0.00635	0.00849	0.01371	0.02835	0.01577	0.83286	0.03595	0.00428	0.00436	0.00631	0.00264	0.00266
44	0.00531	0.00380	0.00506	0.00607	0.00633	0.00354	0.00405	0.00607	0.00835	0.01113	0.02404	0.84388	0.02885	0.01366	0.00557	0.00177	0.00253	0.01240	0.00405	0.00354
45	0.00542	0.00384	0.00503	0.00594	0.00617	0.00361	0.00391	0.00610	0.00815	0.01087	0.02301	0.76211	0.02754	0.09721	0.00723	0.00202	0.00270	0.01179	0.00391	0.00345
46	0.01124	0.72946	0.13904	0.00818	0.01231	0.01622	0.00872	0.01317	0.00891	0.01078	0.00632	0.00732	0.00559	0.00379	0.00299	0.00100	0.00492	0.00246	0.00186	0.00572
47	0.00904	0.00775	0.00904	0.00646	0.01034	0.00581	0.00517	0.01098	0.00904	0.01421	0.00775	0.00904	0.00646	0.00323	0.00323	0.00065	0.00323	0.00258	0.00258	0.87339
48	0.00531	0.00380	0.00506	0.00607	0.00633	0.00354	0.00405	0.00607	0.00835	0.01113	0.02404	0.84388	0.02885	0.01366	0.00557	0.00177	0.00253	0.01240	0.00405	0.00354
49	0.00535	0.00382	0.00511	0.00612	0.00639	0.00358	0.00412	0.00614	0.00839	0.01118	0.02402	0.82594	0.02876	0.01363	0.00558	0.00178	0.00256	0.02995	0.00405	0.00355
50	0.01781	0.03473	0.01189	0.00883	0.01226	0.01013	0.00733	0.38783	0.02777	0.41458	0.01373	0.01259	0.00910	0.00528	0.00433	0.00132	0.00425	0.00412	0.00479	0.00736
51	0.00531	0.00380	0.00506	0.00607	0.00633	0.00354	0.00405	0.00607	0.00835	0.01113	0.02404	0.84388	0.02885	0.01366	0.00557	0.00177	0.00253	0.01240	0.00405	0.00354
52	0.01080	0.01026	0.01692	0.02498	0.73847	0.01041	0.01274	0.01437	0.09033	0.01465	0.00916	0.01134	0.00755	0.00409	0.00433	0.00131	0.00501	0.00399	0.00239	0.00691
53	0.00904	0.00775	0.00904	0.00646	0.01034	0.00581	0.00517	0.01098	0.00904	0.01421	0.00775	0.00904	0.00646	0.00323	0.00323	0.00065	0.00323	0.00258	0.00258	0.87339
54	0.00617	0.00446	0.00583	0.00549	0.00652	0.00412	0.00412	0.00823	0.01235	0.01749	0.81722	0.03258	0.04115	0.00892	0.00514	0.00137	0.00206	0.00789	0.00480	0.00412
55	0.00843	0.00779	0.01254	0.58679	0.11655	0.00922	0.01100	0.03291	0.00927	0.01203	0.01196	0.02644	0.08806	0.00536	0.00478	0.00146	0.03004	0.01807	0.00231	0.00500
56	0.00738	0.00503	0.00557	0.00526	0.00568	0.00514	0.00324	0.08652	0.00794	0.01065	0.01433	0.02684	0.03875	0.71782	0.01946	0.00378	0.00417	0.00613	0.02314	0.00319
57	0.00531	0.00380	0.00506	0.00607	0.00633	0.00354	0.00405	0.00607	0.00835	0.01113	0.02404	0.84388	0.02885	0.01366	0.00557	0.00177	0.00253	0.01240	0.00405	0.00354
58	0.00906	0.02050	0.67642	0.01395	0.05957	0.01026	0.12177	0.01381	0.00939	0.01386	0.00798	0.00963	0.00574	0.00407	0.00429	0.00139	0.00650	0.00351	0.00191	0.00639
59	0.79116	0.00967	0.00701	0.00629	0.00894	0.09196	0.00509	0.01328	0.00792	0.01868	0.00614	0.00716	0.00481	0.00409	0.00282	0.00133	0.00382	0.00241	0.00265	0.00476
60	0.01004	0.13817	0.58315	0.01183	0.01748	0.01153	0.05947	0.09306	0.01035	0.01469	0.00790	0.00917	0.00579	0.00417	0.00403	0.00132	0.00608	0.00328	0.00212	0.00639
61	0.00569	0.00419	0.00546	0.00611	0.00673	0.00377	0.00416	0.00657	0.00842	0.01144	0.02241	0.76015	0.02660	0.01262	0.00533	0.00166	0.00260	0.01141	0.00390	0.09078
62	0.00519	0.00436	0.00451	0.00460	0.00595	0.00368	0.00340	0.00628	0.00982	0.01182	0.05584	0.12223	0.72489	0.01127	0.00520	0.00150	0.00224	0.00950	0.00406	0.00368
63	0.00948	0.00946	0.01325	0.01137	0.01139	0.01322	0.00947	0.01045	0.00669	0.01049	0.00583	0.00967	0.00582	0.00807	0.02848	0.00200	0.82436	0.00383	0.00192	0.00476
64	0.01133	0.74508	0.10329	0.00824	0.01226	0.01638	0.02863	0.01316	0.00893	0.01071	0.00631	0.00734	0.00562	0.00377	0.00299	0.00099	0.00491	0.00249	0.00187	0.00569
65	0.00531	0.00380	0.00506	0.00607	0.00633	0.00354	0.00405	0.00607	0.00835	0.01113	0.02404	0.84388	0.02885	0.01366	0.00557	0.00177	0.00253	0.01240	0.00405	0.00354
66	0.00531	0.00380	0.00506	0.00607	0.00633	0.00354	0.00405	0.00607	0.00835	0.01113	0.02404	0.84388	0.02885	0.01366	0.00557	0.00177	0.00253	0.01240	0.00405	0.00354
67	0.01130	0.00943	0.00953	0.00843	0.01050	0.08440	0.00651	0.26121	0.20896	0.01856	0.09599	0.20769	0.01712	0.00818	0.02022	0.00155	0.00408	0.00645	0.00412	0.00578
68	0.00550	0.00443	0.00490	0.00478	0.00610	0.00383	0.00359	0.00693	0.01076	0.01372	0.30699	0.03878	0.55373	0.01032	0.00515	0.00144	0.00216	0.00876	0.00431	0.00383
69	0.00634	0.00423	0.00476	0.00476	0.00476	0.00423	0.00264	0.00634	0.00634	0.00846	0.01374	0.02854	0.01586	0.84672	0.02220	0.00423	0.00423	0.00634	0.00264	0.00264
