[name]
unknown

[dist]
# distance from previous block
# <min> <max>
15	767

[block]
# block no. 0 follows, 53 sequences, length 21
# corresponding to MSA columns:
# 1008-1028
name=unknown_A
#
# <colnr> <probs for GDERKNQSTAVLIFYWHMCP>
#	G	D	E	R	K	N	Q	S	T	A	V	L	I	F	Y	W	H	M	C	P
0	0.06855	0.06404	0.09403	0.03458	0.06888	0.09874	0.05272	0.06750	0.05928	0.04651	0.04752	0.01510	0.01076	0.08814	0.08942	0.00239	0.05014	0.00454	0.02149	0.01565
1	0.01233	0.13483	0.06165	0.06782	0.10449	0.06466	0.12819	0.08389	0.15593	0.03122	0.02833	0.01354	0.02546	0.00514	0.00457	0.00140	0.00555	0.00448	0.02385	0.04269
2	0.00634	0.00452	0.00555	0.00614	0.00692	0.00407	0.00425	0.00733	0.00987	0.03773	0.05919	0.53332	0.24602	0.03718	0.00644	0.00190	0.00275	0.01197	0.00447	0.00405
3	0.01398	0.53299	0.03921	0.01019	0.04004	0.22464	0.00890	0.03436	0.01111	0.01215	0.00761	0.00952	0.00684	0.00462	0.00362	0.00115	0.00607	0.02464	0.00230	0.00605
4	0.00601	0.00424	0.00549	0.00642	0.00665	0.00401	0.00418	0.00670	0.00879	0.01171	0.02447	0.69651	0.02925	0.15060	0.00913	0.00239	0.00308	0.01249	0.00418	0.00372
5	0.03374	0.05383	0.10205	0.03091	0.02909	0.08592	0.02809	0.32062	0.22692	0.02191	0.01244	0.01258	0.00923	0.00554	0.00463	0.00146	0.00542	0.00431	0.00395	0.00734
6	0.01236	0.07802	0.11380	0.05066	0.15997	0.05618	0.05037	0.12574	0.21226	0.01795	0.02711	0.01495	0.03283	0.00561	0.00472	0.00148	0.00540	0.02018	0.00342	0.00698
7	0.00870	0.00576	0.00723	0.00691	0.00813	0.00543	0.00500	0.06152	0.00964	0.04516	0.01779	0.23987	0.04324	0.14378	0.01109	0.17404	0.00382	0.07924	0.00358	0.12007
8	0.01080	0.01251	0.07641	0.13087	0.13495	0.01162	0.44728	0.01471	0.02971	0.01497	0.02958	0.01314	0.00820	0.00458	0.00570	0.00159	0.03939	0.00512	0.00246	0.00642
9	0.00908	0.00857	0.01402	0.68490	0.02928	0.01085	0.01256	0.01190	0.00926	0.01212	0.00894	0.04571	0.00739	0.00565	0.00622	0.00167	0.10983	0.00462	0.00221	0.00524
10	0.00871	0.00450	0.00469	0.00469	0.00575	0.00456	0.00350	0.01083	0.00977	0.01710	0.01539	0.01832	0.01240	0.03444	0.05733	0.00166	0.00300	0.00458	0.77438	0.00439
11	0.01041	0.01402	0.22643	0.04359	0.27324	0.02658	0.05704	0.02786	0.10655	0.01580	0.03786	0.03054	0.09741	0.00586	0.00489	0.00152	0.00552	0.00519	0.00297	0.00672
12	0.00618	0.00486	0.00558	0.00540	0.00678	0.00426	0.00405	0.00789	0.01215	0.01590	0.40684	0.04109	0.43999	0.01099	0.00564	0.00156	0.00234	0.00940	0.00483	0.00426
13	0.00777	0.02435	0.04513	0.00866	0.05809	0.00650	0.03104	0.03750	0.07504	0.01514	0.12933	0.19758	0.28557	0.01051	0.00553	0.00166	0.00344	0.04792	0.00424	0.00499
14	0.03121	0.20310	0.17692	0.03076	0.05290	0.13345	0.04203	0.14842	0.08075	0.04252	0.00976	0.01064	0.00748	0.00488	0.00428	0.00135	0.00605	0.00369	0.00299	0.00680
15	0.00806	0.00563	0.00702	0.00722	0.04011	0.00523	0.00517	0.01032	0.05019	0.07990	0.28138	0.11311	0.26465	0.03980	0.00628	0.00174	0.00295	0.06173	0.00470	0.00481
16	0.01128	0.04254	0.25404	0.03054	0.18082	0.09582	0.07011	0.06513	0.03942	0.01604	0.08017	0.02851	0.05338	0.00565	0.00480	0.00147	0.00597	0.00485	0.00290	0.00655
17	0.03103	0.00933	0.02542	0.24275	0.11444	0.04436	0.07183	0.03416	0.01034	0.03305	0.05027	0.05610	0.04324	0.00828	0.04387	0.04709	0.06314	0.02964	0.00285	0.03881
18	0.01144	0.13197	0.17639	0.01119	0.03299	0.15195	0.04590	0.05173	0.05027	0.01397	0.02391	0.10738	0.02785	0.04445	0.03755	0.00187	0.06533	0.00520	0.00285	0.00583
19	0.05549	0.02872	0.07375	0.09168	0.11087	0.07454	0.06806	0.04186	0.03520	0.06875	0.02331	0.06339	0.01038	0.02346	0.02978	0.00168	0.03885	0.01894	0.03563	0.10566
20	0.07773	0.02816	0.06377	0.06018	0.19411	0.17367	0.03634	0.06380	0.08698	0.01608	0.02933	0.01442	0.00977	0.03449	0.00543	0.00156	0.01980	0.03572	0.02730	0.02135

[dist]
# distance from previous block
# <min> <max>
10	29

[block]
# block no. 1 follows, 53 sequences, length 13
# corresponding to MSA columns:
# 1060-1072
name=unknown_B
#
# <colnr> <probs for GDERKNQSTAVLIFYWHMCP>
#	G	D	E	R	K	N	Q	S	T	A	V	L	I	F	Y	W	H	M	C	P
0	0.03071	0.02809	0.15407	0.01281	0.12056	0.06450	0.05071	0.07592	0.03950	0.13071	0.06524	0.07999	0.05913	0.00672	0.00519	0.00153	0.02770	0.01850	0.02197	0.00645
1	0.01062	0.03762	0.05347	0.12821	0.08748	0.00998	0.07715	0.06433	0.19949	0.03533	0.05666	0.05963	0.07364	0.02218	0.00530	0.00159	0.00476	0.01731	0.02517	0.03006
2	0.24649	0.07539	0.03745	0.00823	0.01162	0.00986	0.00708	0.05595	0.09215	0.33803	0.03590	0.01478	0.01093	0.00572	0.00425	0.00148	0.00414	0.02923	0.00445	0.00686
3	0.01061	0.02783	0.04900	0.01166	0.12522	0.02907	0.02930	0.04735	0.22623	0.05556	0.08932	0.06239	0.12787	0.03984	0.00588	0.00170	0.00424	0.04664	0.00408	0.00619
4	0.00798	0.00459	0.00520	0.00513	0.00620	0.00444	0.00382	0.01015	0.01123	0.01800	0.29559	0.06692	0.02498	0.00756	0.00430	0.00130	0.00227	0.00643	0.50946	0.00444
5	0.00960	0.00822	0.02785	0.10552	0.09037	0.02819	0.04114	0.02678	0.10998	0.05096	0.05256	0.07814	0.07840	0.09427	0.13787	0.00287	0.02383	0.00620	0.02185	0.00542
6	0.00691	0.00441	0.00528	0.00575	0.00651	0.00416	0.00405	0.00841	0.01019	0.01502	0.13830	0.40360	0.08400	0.01109	0.00514	0.00160	0.00250	0.00977	0.26916	0.00416
7	0.01147	0.03577	0.17314	0.10623	0.06490	0.01099	0.13312	0.19993	0.01282	0.01747	0.01166	0.08358	0.01034	0.09885	0.00713	0.00189	0.00593	0.00540	0.00309	0.00629
8	0.49348	0.08515	0.06182	0.00849	0.01199	0.01145	0.06181	0.03822	0.04614	0.01897	0.00791	0.00916	0.00623	0.00456	0.00388	0.00140	0.03127	0.00312	0.00288	0.09206
9	0.00995	0.00781	0.00907	0.00755	0.00974	0.04148	0.04450	0.07703	0.02915	0.05871	0.01844	0.04049	0.13679	0.25364	0.04596	0.00255	0.00471	0.00598	0.00348	0.19298
10	0.00830	0.00415	0.00623	0.00623	0.00623	0.00415	0.00415	0.00623	0.00623	0.00830	0.00830	0.01453	0.00830	0.01660	0.01868	0.86094	0.00415	0.00415	0.00208	0.00208
11	0.01222	0.01045	0.01272	0.08495	0.19031	0.10605	0.02816	0.10884	0.03987	0.07880	0.03067	0.08928	0.08036	0.02550	0.02446	0.00174	0.00532	0.03988	0.02429	0.00613
12	0.06057	0.27656	0.04077	0.00985	0.01247	0.08428	0.04647	0.05552	0.02347	0.01389	0.02708	0.01239	0.00875	0.00960	0.11242	0.00224	0.14255	0.01967	0.03578	0.00567

[dist]
# distance from previous block
# <min> <max>
1	5

[block]
# block no. 2 follows, 53 sequences, length 12
# corresponding to MSA columns:
# 1078-1089
name=unknown_C
#
# <colnr> <probs for GDERKNQSTAVLIFYWHMCP>
#	G	D	E	R	K	N	Q	S	T	A	V	L	I	F	Y	W	H	M	C	P
0	0.01001	0.01044	0.13934	0.04756	0.04173	0.00810	0.02444	0.05235	0.08014	0.07291	0.15685	0.03833	0.14510	0.00722	0.00527	0.00145	0.03044	0.00604	0.00384	0.11842
1	0.44874	0.13084	0.04056	0.03207	0.04516	0.09146	0.00718	0.04091	0.00991	0.04222	0.00978	0.01104	0.04636	0.02171	0.00398	0.00146	0.00470	0.00338	0.00292	0.00562
2	0.03652	0.46207	0.15007	0.01010	0.01436	0.10317	0.05220	0.01538	0.01049	0.06643	0.00867	0.03540	0.00736	0.00473	0.00380	0.00123	0.00579	0.00345	0.00247	0.00628
3	0.00857	0.00745	0.04128	0.00689	0.00910	0.00672	0.00560	0.07694	0.13848	0.03294	0.12847	0.06604	0.38715	0.00961	0.00528	0.00155	0.00314	0.00806	0.02248	0.03425
4	0.00720	0.00501	0.00616	0.00586	0.00721	0.00448	0.00439	0.00905	0.01252	0.06013	0.49663	0.08547	0.25706	0.01054	0.00562	0.00156	0.00243	0.00914	0.00501	0.00454
5	0.01461	0.01115	0.01211	0.03504	0.01330	0.04846	0.00815	0.43767	0.05119	0.05593	0.04606	0.01802	0.05686	0.04074	0.05183	0.00200	0.04353	0.04228	0.00430	0.00678
6	0.00600	0.00467	0.00546	0.00566	0.00677	0.00412	0.00409	0.00740	0.01115	0.01444	0.24924	0.25562	0.38379	0.01224	0.00577	0.00167	0.00247	0.01064	0.00466	0.00412
7	0.01034	0.00984	0.03885	0.05780	0.25374	0.00940	0.15438	0.06473	0.03578	0.02950	0.01745	0.13071	0.09557	0.00739	0.00533	0.00162	0.00525	0.06284	0.00331	0.00617
8	0.16604	0.00815	0.01008	0.00793	0.01138	0.00754	0.00653	0.02113	0.01255	0.63372	0.01661	0.01488	0.01071	0.00565	0.00442	0.00146	0.00392	0.00441	0.04544	0.00745
9	0.03170	0.00993	0.09144	0.08528	0.12997	0.00884	0.05263	0.08549	0.07371	0.02986	0.13352	0.08140	0.09129	0.00737	0.00506	0.00156	0.00453	0.03081	0.03967	0.00596
10	0.01042	0.00930	0.01418	0.07444	0.40189	0.05282	0.02834	0.01189	0.00953	0.01291	0.01011	0.05499	0.00949	0.05265	0.04620	0.18226	0.00575	0.00486	0.00244	0.00554
11	0.03198	0.24903	0.12176	0.04021	0.11318	0.07988	0.05121	0.04209	0.03366	0.02784	0.06769	0.06318	0.01145	0.00618	0.02023	0.00148	0.00558	0.00457	0.02261	0.00617

[dist]
# distance from previous block
# <min> <max>
0	5

[block]
# block no. 3 follows, 53 sequences, length 8
# corresponding to MSA columns:
# 1095-1102
name=unknown_D
#
# <colnr> <probs for GDERKNQSTAVLIFYWHMCP>
#	G	D	E	R	K	N	Q	S	T	A	V	L	I	F	Y	W	H	M	C	P
0	0.01262	0.08082	0.06547	0.06902	0.01420	0.05117	0.02625	0.15382	0.14302	0.08672	0.01413	0.11950	0.01231	0.02926	0.03887	0.00187	0.04995	0.00557	0.00375	0.02166
1	0.21727	0.10392	0.04702	0.05951	0.03811	0.14698	0.14608	0.04261	0.01104	0.03622	0.03927	0.01191	0.00845	0.00488	0.00421	0.00139	0.00580	0.01841	0.02079	0.03615
2	0.08186	0.03587	0.05813	0.06960	0.02556	0.03043	0.14760	0.08336	0.01126	0.06806	0.04405	0.01610	0.03300	0.02666	0.03692	0.00185	0.09460	0.02607	0.10322	0.00580
3	0.00798	0.00519	0.00727	0.00703	0.00719	0.00584	0.00496	0.00745	0.00679	0.00942	0.01040	0.01854	0.01075	0.19866	0.17047	0.40922	0.10249	0.00495	0.00235	0.00304
4	0.00824	0.00619	0.00798	0.06898	0.04015	0.00634	0.00594	0.03396	0.05907	0.04528	0.23626	0.05203	0.19597	0.05599	0.10373	0.00245	0.02016	0.00736	0.03901	0.00489
5	0.00648	0.00482	0.00602	0.00583	0.00699	0.00437	0.00433	0.00842	0.01269	0.01743	0.59601	0.09546	0.19227	0.01061	0.00567	0.00156	0.00233	0.00929	0.00504	0.00437
6	0.04195	0.29175	0.04756	0.01022	0.01365	0.26086	0.00881	0.12557	0.12749	0.01579	0.00950	0.01008	0.00763	0.00496	0.00401	0.00127	0.00605	0.00342	0.00300	0.00645
7	0.01558	0.09814	0.01478	0.01279	0.08416	0.44032	0.03024	0.07192	0.04241	0.04494	0.00958	0.01216	0.00808	0.00595	0.00525	0.04984	0.00695	0.03812	0.00287	0.00592

[dist]
# distance from previous block
# <min> <max>
0	1

[block]
# block no. 4 follows, 53 sequences, length 18
# corresponding to MSA columns:
# 1121-1138
name=unknown_E
#
# <colnr> <probs for GDERKNQSTAVLIFYWHMCP>
#	G	D	E	R	K	N	Q	S	T	A	V	L	I	F	Y	W	H	M	C	P
0	0.03958	0.07049	0.08637	0.02615	0.01452	0.11936	0.05809	0.20880	0.04282	0.05421	0.01005	0.01220	0.00805	0.04245	0.02437	0.01895	0.13416	0.00416	0.01889	0.00633
1	0.86579	0.00924	0.00702	0.00629	0.00924	0.01072	0.00518	0.01405	0.00813	0.02144	0.00666	0.00776	0.00518	0.00444	0.00296	0.00148	0.00370	0.00259	0.00296	0.00518
2	0.00657	0.00455	0.00576	0.00622	0.00658	0.00448	0.00417	0.00713	0.00828	0.01099	0.02136	0.31791	0.07518	0.30669	0.09446	0.05392	0.00459	0.05410	0.00356	0.00351
3	0.00648	0.00449	0.00537	0.00584	0.00664	0.00415	0.00412	0.00777	0.01013	0.01398	0.12191	0.38880	0.19039	0.04873	0.00635	0.00182	0.00267	0.02869	0.13763	0.00405
4	0.00673	0.00507	0.00625	0.00596	0.00722	0.00470	0.00446	0.00920	0.04421	0.01782	0.60386	0.05914	0.18712	0.01023	0.00562	0.00154	0.00236	0.00893	0.00507	0.00452
5	0.00894	0.00763	0.02128	0.04026	0.01015	0.04777	0.00610	0.03531	0.18520	0.02840	0.17308	0.16205	0.08658	0.07818	0.08497	0.00245	0.00459	0.00768	0.00419	0.00518
6	0.01231	0.05869	0.14512	0.13202	0.03611	0.18762	0.17644	0.04704	0.01113	0.01388	0.00834	0.01092	0.00663	0.00562	0.02040	0.00164	0.11357	0.00409	0.00236	0.00606
7	0.01108	0.00886	0.01031	0.00745	0.01164	0.00706	0.00599	0.07280	0.01106	0.05291	0.00920	0.01032	0.00738	0.00382	0.00369	0.00080	0.00370	0.00304	0.00312	0.75576
8	0.01308	0.78605	0.02435	0.00843	0.01242	0.06667	0.00824	0.01460	0.00994	0.01127	0.00669	0.00772	0.00614	0.00414	0.00314	0.00103	0.00532	0.00259	0.00207	0.00610
9	0.00896	0.02744	0.00934	0.03381	0.03529	0.00813	0.00647	0.02382	0.17313	0.02868	0.10013	0.13851	0.07937	0.11598	0.05824	0.00241	0.09049	0.01855	0.00383	0.03744
10	0.00582	0.00416	0.00555	0.00666	0.00693	0.00388	0.00444	0.00666	0.00915	0.01220	0.02634	0.82891	0.03161	0.01497	0.00610	0.00194	0.00277	0.01359	0.00444	0.00388
11	0.00605	0.00486	0.00541	0.00538	0.00680	0.00422	0.00406	0.00759	0.01161	0.01474	0.26236	0.06534	0.53300	0.01156	0.00569	0.00161	0.00246	0.03841	0.00467	0.00418
12	0.01777	0.01315	0.01413	0.01081	0.01465	0.01441	0.00892	0.74846	0.02186	0.02941	0.01133	0.01140	0.00808	0.00563	0.00472	0.00140	0.00518	0.00423	0.00469	0.04979
13	0.48207	0.01014	0.00942	0.00792	0.01105	0.01141	0.00647	0.19769	0.10692	0.07798	0.01042	0.01071	0.00766	0.00512	0.00376	0.00148	0.00406	0.00354	0.02585	0.00635
14	0.01189	0.01027	0.01081	0.00973	0.01243	0.01189	0.00757	0.02540	0.79357	0.01999	0.01945	0.01783	0.01459	0.00648	0.00486	0.00162	0.00378	0.00540	0.00486	0.00757
15	0.01468	0.01145	0.01270	0.01048	0.01371	0.01281	0.03159	0.31636	0.44181	0.05684	0.01608	0.01518	0.01178	0.00610	0.00485	0.00154	0.00449	0.00496	0.00480	0.00777
16	0.00638	0.00481	0.00589	0.00574	0.00693	0.00433	0.00426	0.00823	0.01244	0.01686	0.52783	0.10296	0.25417	0.01084	0.00568	0.00157	0.00234	0.00945	0.00497	0.00433
17	0.00790	0.00574	0.00714	0.00670	0.00808	0.00560	0.00510	0.03997	0.08414	0.03434	0.59162	0.08039	0.05734	0.00973	0.00558	0.00156	0.00266	0.03635	0.00512	0.00494

[dist]
# distance from previous block
# <min> <max>
0	1

[block]
# block no. 5 follows, 53 sequences, length 19
# corresponding to MSA columns:
# 1140-1158
name=unknown_F
#
# <colnr> <probs for GDERKNQSTAVLIFYWHMCP>
#	G	D	E	R	K	N	Q	S	T	A	V	L	I	F	Y	W	H	M	C	P
0	0.21427	0.01115	0.01227	0.00961	0.01320	0.01197	0.03262	0.39003	0.04138	0.19895	0.01219	0.01193	0.00844	0.00545	0.00440	0.00147	0.00468	0.00410	0.00454	0.00738
1	0.00658	0.00487	0.00628	0.00685	0.00750	0.00473	0.00488	0.03253	0.01041	0.01398	0.14464	0.56393	0.08628	0.01340	0.00626	0.00185	0.02660	0.04974	0.00450	0.00419
2	0.00709	0.00465	0.00568	0.00568	0.00581	0.00477	0.00348	0.00709	0.00697	0.00941	0.01394	0.02753	0.01554	0.62275	0.13612	0.10563	0.00574	0.00636	0.00275	0.00300
3	0.00891	0.00445	0.00445	0.00445	0.00557	0.00445	0.00334	0.01114	0.01002	0.01782	0.01559	0.01782	0.01225	0.00557	0.00334	0.00111	0.00223	0.00445	0.85856	0.00445
4	0.03739	0.01258	0.05520	0.13258	0.19096	0.13125	0.03687	0.08843	0.07564	0.05115	0.01179	0.04776	0.01006	0.00604	0.00532	0.00155	0.04141	0.05447	0.00314	0.00642
5	0.00903	0.00850	0.01434	0.82054	0.03292	0.01062	0.01327	0.01221	0.00956	0.01221	0.00850	0.01274	0.00637	0.00478	0.00478	0.00159	0.00637	0.00425	0.00212	0.00531
6	0.01041	0.01004	0.01748	0.41925	0.37178	0.01104	0.06425	0.01350	0.01025	0.01392	0.00879	0.01235	0.00696	0.00450	0.00481	0.00152	0.00618	0.00434	0.00225	0.00638
7	0.19210	0.00993	0.01099	0.00876	0.01219	0.01032	0.00718	0.23505	0.08157	0.34179	0.01427	0.01336	0.00968	0.00560	0.00439	0.00147	0.00426	0.00425	0.02546	0.00739
8	0.00712	0.00507	0.00636	0.00601	0.00730	0.00466	0.00451	0.00941	0.03016	0.04218	0.61655	0.06073	0.16175	0.01011	0.00561	0.00154	0.00239	0.00883	0.00512	0.00459
9	0.00594	0.00424	0.00548	0.00642	0.00672	0.00397	0.00423	0.00670	0.00897	0.01190	0.02597	0.70741	0.06117	0.10680	0.00813	0.00223	0.00297	0.01270	0.00426	0.00378
10	0.01489	0.01288	0.06431	0.03661	0.07144	0.04344	0.27039	0.20117	0.05983	0.15785	0.01205	0.01303	0.00858	0.00501	0.00504	0.00151	0.00620	0.00481	0.00371	0.00725
11	0.04201	0.16024	0.47712	0.01221	0.01769	0.05531	0.04356	0.01586	0.05569	0.03551	0.00898	0.01025	0.00674	0.00475	0.00468	0.00144	0.03532	0.00355	0.00237	0.00672
12	0.00956	0.00853	0.01378	0.33786	0.24227	0.00939	0.02542	0.03791	0.01030	0.01392	0.01333	0.06634	0.06249	0.00811	0.05226	0.02681	0.00582	0.02034	0.02989	0.00569
13	0.00705	0.00461	0.00537	0.00537	0.00539	0.00464	0.00309	0.00695	0.00692	0.00925	0.01448	0.02963	0.01653	0.74595	0.04884	0.06869	0.00486	0.00668	0.00282	0.00288
14	0.03908	0.01075	0.02765	0.37409	0.21410	0.07056	0.03260	0.01420	0.01033	0.06683	0.00906	0.01201	0.00701	0.00489	0.00535	0.00151	0.05833	0.00412	0.00252	0.03499
15	0.50907	0.01046	0.06667	0.03686	0.12086	0.01063	0.00804	0.03879	0.03576	0.01914	0.00927	0.05371	0.00802	0.00544	0.00415	0.00154	0.02953	0.02332	0.00299	0.00574
16	0.00695	0.00536	0.00602	0.00606	0.00722	0.00511	0.00440	0.02845	0.06263	0.01365	0.10027	0.13242	0.34209	0.18212	0.00959	0.00232	0.00324	0.07369	0.00422	0.00419
17	0.07279	0.34591	0.33273	0.01085	0.01588	0.07761	0.02936	0.01537	0.03468	0.01392	0.00794	0.00915	0.00633	0.00443	0.00386	0.00130	0.00609	0.00315	0.00223	0.00644
18	0.06924	0.05283	0.01168	0.00884	0.02826	0.01027	0.00704	0.28123	0.03802	0.11320	0.01157	0.01225	0.00865	0.00561	0.00484	0.04333	0.00424	0.00388	0.09067	0.19436

[dist]
# distance from previous block
# <min> <max>
2	12

[block]
# block no. 6 follows, 53 sequences, length 19
# corresponding to MSA columns:
# 1201-1216,1229-1231
name=unknown_G
#
# <colnr> <probs for GDERKNQSTAVLIFYWHMCP>
#	G	D	E	R	K	N	Q	S	T	A	V	L	I	F	Y	W	H	M	C	P
0	0.01258	0.07049	0.03455	0.06402	0.17975	0.02929	0.05815	0.08635	0.16769	0.09054	0.03806	0.05044	0.01226	0.00625	0.00534	0.00155	0.03968	0.04259	0.00364	0.00680
1	0.01069	0.00691	0.00904	0.00772	0.00972	0.00672	0.03268	0.03155	0.03553	0.16841	0.16891	0.06656	0.13692	0.07131	0.02567	0.00190	0.07232	0.02508	0.02880	0.08355
2	0.00743	0.00535	0.00736	0.00841	0.00946	0.00528	0.00720	0.00945	0.01083	0.01404	0.02656	0.12431	0.06671	0.01331	0.00651	0.00215	0.00415	0.66276	0.00441	0.00434
3	0.00838	0.00643	0.00760	0.00721	0.00872	0.00662	0.00547	0.03157	0.18894	0.03664	0.32015	0.15833	0.13754	0.01002	0.00578	0.00164	0.02476	0.02415	0.00483	0.00523
4	0.00668	0.00524	0.00583	0.00575	0.00720	0.00484	0.00434	0.00919	0.07264	0.01535	0.23683	0.08296	0.43277	0.01092	0.00552	0.00160	0.00256	0.03636	0.04895	0.00446
5	0.86579	0.00924	0.00702	0.00629	0.00924	0.01072	0.00518	0.01405	0.00813	0.02144	0.00666	0.00776	0.00518	0.00444	0.00296	0.00148	0.00370	0.00259	0.00296	0.00518
6	0.01376	0.01065	0.01181	0.01059	0.05944	0.01168	0.00799	0.36988	0.23444	0.02340	0.03519	0.01858	0.08741	0.00674	0.00486	0.00150	0.00433	0.02478	0.05582	0.00715
7	0.00645	0.00487	0.00609	0.00691	0.02384	0.00454	0.00479	0.02953	0.01023	0.01328	0.05737	0.49797	0.21601	0.03192	0.00636	0.00190	0.00296	0.06641	0.00440	0.00415
8	0.00840	0.00563	0.00701	0.00644	0.00798	0.00531	0.00490	0.01145	0.08097	0.08955	0.56226	0.04899	0.12350	0.00950	0.00551	0.00153	0.00258	0.00827	0.00518	0.00504
9	0.01046	0.01046	0.01464	0.01255	0.01255	0.01464	0.01046	0.01150	0.00732	0.01150	0.00627	0.01046	0.00627	0.00837	0.01569	0.00209	0.82328	0.00418	0.00209	0.00523
10	0.01064	0.03753	0.49781	0.01344	0.01909	0.01123	0.12501	0.06075	0.07652	0.03280	0.01064	0.03506	0.00812	0.00610	0.03279	0.00175	0.00680	0.00438	0.00265	0.00689
11	0.00607	0.00431	0.00565	0.00656	0.00701	0.00401	0.00452	0.00689	0.00937	0.01235	0.04843	0.64957	0.10169	0.01456	0.00676	0.04892	0.00289	0.05226	0.00433	0.00384
12	0.00608	0.00435	0.00553	0.00625	0.00666	0.00407	0.00416	0.00695	0.00937	0.01250	0.10366	0.57582	0.08119	0.13940	0.00882	0.00229	0.00298	0.01185	0.00428	0.00380
13	0.01119	0.01353	0.06991	0.01980	0.02475	0.01203	0.74378	0.01530	0.01122	0.01530	0.00961	0.01274	0.00719	0.00406	0.00558	0.00161	0.00800	0.00553	0.00240	0.00648
14	0.01065	0.02802	0.05847	0.09519	0.28469	0.02814	0.02720	0.03224	0.17931	0.01598	0.05893	0.04584	0.06509	0.03090	0.00564	0.00162	0.01681	0.00548	0.00330	0.00652
15	0.01296	0.00667	0.00846	0.00715	0.00942	0.00622	0.00565	0.05663	0.04329	0.30063	0.36258	0.02563	0.05002	0.00778	0.00508	0.00147	0.00313	0.00662	0.07450	0.00610
16	0.00608	0.00439	0.00580	0.00672	0.00722	0.00411	0.00473	0.00719	0.00980	0.01305	0.09367	0.64264	0.07259	0.01420	0.00609	0.00191	0.00287	0.08844	0.00450	0.00400
17	0.02592	0.06080	0.05592	0.23086	0.14843	0.01109	0.08229	0.07560	0.08677	0.03337	0.03727	0.06599	0.01116	0.00598	0.00512	0.00156	0.02327	0.02926	0.00307	0.00628
18	0.03416	0.10195	0.12937	0.06242	0.21162	0.15555	0.10471	0.07485	0.02661	0.01548	0.00915	0.02362	0.00741	0.00475	0.00453	0.00140	0.00645	0.00406	0.01530	0.00660

[dist]
# distance from previous block
# <min> <max>
1	2

[block]
# block no. 7 follows, 53 sequences, length 16
# corresponding to MSA columns:
# 1234-1249
name=unknown_H
#
# <colnr> <probs for GDERKNQSTAVLIFYWHMCP>
#	G	D	E	R	K	N	Q	S	T	A	V	L	I	F	Y	W	H	M	C	P
0	0.00698	0.02605	0.00652	0.00605	0.00737	0.00476	0.02485	0.00827	0.01053	0.03673	0.11384	0.24365	0.35941	0.01160	0.00593	0.03173	0.00281	0.00969	0.07896	0.00425
1	0.01077	0.02696	0.03567	0.08583	0.05479	0.05662	0.03143	0.10789	0.12820	0.01577	0.01393	0.01850	0.03499	0.07542	0.15004	0.00289	0.06106	0.04286	0.04066	0.00573
2	0.01389	0.16738	0.09937	0.01124	0.06120	0.11782	0.00940	0.14948	0.16162	0.06961	0.01259	0.04521	0.01019	0.00579	0.00444	0.00141	0.00534	0.02183	0.02538	0.00682
3	0.00890	0.00749	0.04706	0.11726	0.05312	0.00701	0.03651	0.03427	0.02756	0.07090	0.09855	0.27044	0.09807	0.00997	0.00580	0.00173	0.02453	0.07171	0.00398	0.00517
4	0.03396	0.12599	0.14821	0.03736	0.15491	0.01250	0.02950	0.18614	0.06137	0.03315	0.02473	0.01275	0.03600	0.00525	0.00478	0.00140	0.02999	0.00418	0.00317	0.05466
5	0.06754	0.25310	0.15989	0.05011	0.09812	0.01375	0.13647	0.03092	0.02640	0.04198	0.00856	0.01042	0.00682	0.00472	0.00514	0.00142	0.07192	0.00379	0.00245	0.00647
6	0.00586	0.00475	0.00519	0.00528	0.00663	0.00409	0.00389	0.00718	0.01108	0.01384	0.16826	0.15237	0.57066	0.01212	0.00571	0.00164	0.00244	0.01033	0.00457	0.00409
7	0.01046	0.01455	0.25243	0.16966	0.08317	0.04538	0.08200	0.06394	0.07318	0.01587	0.05432	0.01679	0.05422	0.00582	0.00494	0.00155	0.00598	0.03647	0.00293	0.00634
8	0.01293	0.06223	0.08457	0.05761	0.22568	0.01096	0.04482	0.09473	0.12573	0.12309	0.02633	0.03293	0.01079	0.02588	0.02619	0.00172	0.00539	0.01787	0.00354	0.00702
9	0.00873	0.00753	0.09529	0.00726	0.00932	0.00563	0.00624	0.01116	0.04658	0.11410	0.13285	0.25468	0.20968	0.01052	0.00546	0.00166	0.00333	0.03047	0.03441	0.00509
10	0.04704	0.00664	0.00820	0.00746	0.00948	0.00642	0.00577	0.04097	0.07906	0.26150	0.08911	0.23133	0.06136	0.01005	0.02877	0.00181	0.00365	0.03873	0.05679	0.00585
11	0.01233	0.26410	0.12449	0.04817	0.12817	0.12256	0.09033	0.03744	0.02508	0.01379	0.00896	0.03884	0.00769	0.00497	0.00468	0.00135	0.03697	0.00398	0.01980	0.00632
12	0.01269	0.13884	0.21121	0.04549	0.12962	0.15181	0.01139	0.03843	0.04732	0.06817	0.01126	0.03327	0.03047	0.00603	0.02499	0.00154	0.00621	0.00414	0.02062	0.00650
13	0.00693	0.00581	0.02910	0.00749	0.03129	0.00515	0.00571	0.02479	0.02523	0.01392	0.06174	0.27613	0.27199	0.01282	0.02359	0.00194	0.00347	0.16857	0.01991	0.00444
14	0.00618	0.00467	0.00571	0.00634	0.00712	0.00435	0.00446	0.00771	0.03957	0.01317	0.08478	0.50526	0.21671	0.03254	0.00636	0.00189	0.00280	0.04182	0.00447	0.00410
15	0.01311	0.03752	0.03512	0.12578	0.26498	0.10007	0.16679	0.06966	0.03474	0.07333	0.00995	0.01209	0.00764	0.00473	0.00507	0.00148	0.02390	0.00441	0.00283	0.00680

[dist]
# distance from previous block
# <min> <max>
0	2

[block]
# block no. 8 follows, 53 sequences, length 36
# corresponding to MSA columns:
# 1252-1287
name=unknown_I
#
# <colnr> <probs for GDERKNQSTAVLIFYWHMCP>
#	G	D	E	R	K	N	Q	S	T	A	V	L	I	F	Y	W	H	M	C	P
0	0.11592	0.25235	0.17024	0.02543	0.05230	0.07098	0.03697	0.09885	0.01126	0.03609	0.00829	0.00978	0.00663	0.00560	0.02494	0.00153	0.06041	0.00342	0.00262	0.00638
1	0.01129	0.00839	0.00931	0.00838	0.01049	0.00910	0.00643	0.12751	0.32928	0.06437	0.05783	0.10071	0.06349	0.10907	0.00749	0.00200	0.00387	0.04437	0.02044	0.00619
2	0.01040	0.00622	0.00728	0.00655	0.00863	0.00572	0.00506	0.02418	0.08767	0.20392	0.12496	0.09398	0.36348	0.00983	0.00536	0.00158	0.00299	0.00830	0.01841	0.00547
3	0.01156	0.06598	0.04182	0.06389	0.06358	0.04960	0.17353	0.14400	0.01188	0.01592	0.03686	0.03459	0.01026	0.08274	0.07419	0.00234	0.10336	0.00505	0.00292	0.00591
4	0.00956	0.00839	0.04705	0.07004	0.03992	0.00819	0.05429	0.10224	0.08001	0.01627	0.03732	0.10710	0.01953	0.03150	0.04444	0.00220	0.00517	0.30739	0.00392	0.00544
5	0.00609	0.00437	0.00583	0.00687	0.00731	0.00411	0.00484	0.00714	0.00955	0.01267	0.04691	0.68813	0.05060	0.01454	0.00614	0.00196	0.00296	0.11155	0.00445	0.00397
6	0.00690	0.00518	0.00756	0.00754	0.00828	0.00600	0.00575	0.00840	0.00765	0.01097	0.01327	0.04466	0.01292	0.10930	0.69397	0.00708	0.03226	0.00553	0.00264	0.00415
7	0.07229	0.17019	0.09383	0.02791	0.01351	0.03024	0.00866	0.17392	0.01354	0.24575	0.02284	0.05863	0.01073	0.00604	0.00445	0.00143	0.00486	0.03023	0.00404	0.00691
8	0.06916	0.01114	0.03787	0.00908	0.01231	0.06652	0.00757	0.30435	0.03381	0.22434	0.03788	0.01408	0.01060	0.00572	0.00444	0.00139	0.00457	0.00440	0.13371	0.00705
9	0.32812	0.10015	0.11798	0.03656	0.04483	0.09058	0.06504	0.05182	0.01032	0.01739	0.00896	0.04705	0.00750	0.00504	0.00389	0.00142	0.00522	0.00379	0.04853	0.00580
10	0.00684	0.00556	0.02911	0.00731	0.00846	0.00492	0.00593	0.02082	0.01068	0.01389	0.07449	0.30272	0.18614	0.01299	0.00610	0.00192	0.00343	0.28999	0.00441	0.00430
11	0.01405	0.03973	0.03755	0.01177	0.08088	0.03900	0.00890	0.25705	0.36376	0.04227	0.01543	0.01497	0.02888	0.00594	0.00474	0.00149	0.00468	0.00479	0.00435	0.01977
12	0.00897	0.00965	0.11284	0.10753	0.07875	0.00836	0.04113	0.04322	0.10885	0.01474	0.04639	0.15193	0.04873	0.08341	0.06946	0.00240	0.00543	0.04929	0.00341	0.00550
13	0.05874	0.10630	0.36065	0.01314	0.10372	0.04481	0.02626	0.03042	0.01112	0.13712	0.03728	0.01257	0.02728	0.00505	0.00443	0.00143	0.00583	0.00401	0.00295	0.00687
14	0.01125	0.23706	0.36388	0.01211	0.05530	0.03558	0.02539	0.01566	0.07761	0.04133	0.00990	0.03114	0.00795	0.00603	0.03219	0.00161	0.02296	0.00385	0.00252	0.00665
15	0.01103	0.00614	0.00734	0.00681	0.00866	0.00590	0.00531	0.01417	0.10381	0.19623	0.08081	0.10894	0.13189	0.02699	0.00540	0.00162	0.00317	0.07603	0.19426	0.00551
16	0.01028	0.01129	0.14010	0.23232	0.18920	0.00973	0.03634	0.02920	0.03583	0.05583	0.07236	0.03332	0.03207	0.05202	0.00625	0.00173	0.02366	0.01943	0.00294	0.00611
17	0.01192	0.06107	0.15424	0.04056	0.21443	0.07239	0.04846	0.10083	0.05951	0.02930	0.04205	0.04568	0.01119	0.02669	0.00528	0.00156	0.00569	0.04217	0.00308	0.02391
18	0.01007	0.06736	0.35752	0.09212	0.03787	0.06370	0.08663	0.02882	0.01051	0.01427	0.02583	0.12541	0.01103	0.00635	0.00511	0.00157	0.02484	0.02226	0.00261	0.00612
19	0.00655	0.00484	0.00616	0.00676	0.00768	0.00453	0.00519	0.00805	0.01065	0.01393	0.15113	0.27510	0.18997	0.05054	0.00692	0.00201	0.00319	0.23820	0.00448	0.00412
20	0.05398	0.06432	0.14411	0.05568	0.02985	0.03966	0.08836	0.06624	0.01077	0.02845	0.01426	0.16420	0.01419	0.02320	0.03493	0.00195	0.05372	0.10335	0.00318	0.00560
21	0.02695	0.03974	0.13246	0.03348	0.14174	0.07205	0.06406	0.06568	0.02944	0.01614	0.04814	0.04250	0.03814	0.00543	0.00452	0.00131	0.00523	0.01784	0.01988	0.19530
22	0.00767	0.00516	0.00671	0.00654	0.00713	0.00553	0.00453	0.02492	0.00785	0.03987	0.01413	0.02482	0.01459	0.43473	0.36910	0.00579	0.00821	0.00601	0.00290	0.00380
23	0.00739	0.00521	0.00639	0.00612	0.00747	0.00481	0.00459	0.03268	0.01225	0.05373	0.39515	0.13542	0.24771	0.01205	0.04552	0.00189	0.00306	0.00917	0.00481	0.00457
24	0.05832	0.04944	0.06235	0.02131	0.05070	0.00860	0.02277	0.05938	0.03832	0.05035	0.01017	0.01139	0.02133	0.00507	0.02497	0.00119	0.00444	0.00344	0.00305	0.49342
25	0.01169	0.01173	0.04068	0.13561	0.24245	0.07165	0.10336	0.07746	0.02743	0.01592	0.00968	0.01274	0.00789	0.00521	0.01963	0.00146	0.00594	0.02403	0.00273	0.17271
26	0.00578	0.00475	0.00509	0.00521	0.00659	0.00406	0.00383	0.00704	0.01091	0.01343	0.11934	0.15549	0.61736	0.01228	0.00571	0.00165	0.00245	0.01044	0.00452	0.00406
27	0.03436	0.02317	0.04797	0.02216	0.02712	0.04560	0.03240	0.06449	0.01044	0.05460	0.08777	0.07726	0.06372	0.11041	0.08119	0.00254	0.16135	0.00600	0.04231	0.00514
28	0.01279	0.12066	0.24057	0.04830	0.09279	0.12657	0.08929	0.07268	0.06665	0.04559	0.00961	0.01102	0.00733	0.00486	0.00485	0.00143	0.03162	0.00391	0.00271	0.00674
29	0.00695	0.00463	0.00521	0.00521	0.00521	0.00463	0.00290	0.00695	0.00695	0.00927	0.01506	0.03128	0.01738	0.83203	0.02433	0.00463	0.00463	0.00695	0.00290	0.00290
30	0.00679	0.00521	0.00634	0.00654	0.00784	0.00487	0.00518	0.00904	0.04205	0.01541	0.26685	0.08396	0.29541	0.01162	0.00589	0.00175	0.00297	0.21318	0.00469	0.00441
31	0.01185	0.08070	0.14097	0.06167	0.09205	0.06643	0.29675	0.04727	0.05779	0.03325	0.01072	0.02569	0.02213	0.00493	0.00520	0.00151	0.02708	0.00478	0.00269	0.00655
32	0.01097	0.01116	0.03244	0.18093	0.08323	0.05865	0.16300	0.03096	0.16379	0.01510	0.02958	0.02855	0.01023	0.00664	0.02537	0.00179	0.11443	0.02404	0.00298	0.00616
33	0.00728	0.00578	0.00855	0.00829	0.00903	0.00705	0.00653	0.00890	0.00764	0.01115	0.01199	0.01774	0.01124	0.03243	0.71397	0.00699	0.11354	0.00500	0.00250	0.00439
34	0.00651	0.00495	0.00590	0.00590	0.00705	0.00454	0.00437	0.00836	0.02980	0.01535	0.34504	0.11178	0.29149	0.07659	0.00722	0.00188	0.00273	0.06164	0.00466	0.00423
35	0.02648	0.02457	0.05709	0.03893	0.23316	0.05949	0.03132	0.01412	0.07140	0.07616	0.08189	0.06577	0.05673	0.08384	0.00713	0.00180	0.03748	0.00571	0.00335	0.02358

[dist]
# distance from previous block
# <min> <max>
0	24

[block]
# block no. 9 follows, 53 sequences, length 32
# corresponding to MSA columns:
# 1312-1343
name=unknown_J
#
# <colnr> <probs for GDERKNQSTAVLIFYWHMCP>
#	G	D	E	R	K	N	Q	S	T	A	V	L	I	F	Y	W	H	M	C	P
0	0.01262	0.09518	0.01987	0.08886	0.18720	0.12958	0.22686	0.05281	0.06802	0.01513	0.00946	0.01165	0.00751	0.00463	0.00500	0.00143	0.02620	0.00434	0.00264	0.03100
1	0.77620	0.02872	0.00732	0.00625	0.00911	0.01039	0.00515	0.01354	0.00846	0.02068	0.02980	0.01056	0.04921	0.00498	0.00318	0.00148	0.00362	0.00315	0.00308	0.00512
2	0.02608	0.01200	0.06822	0.16655	0.20154	0.04636	0.10418	0.05442	0.11970	0.03775	0.01051	0.01291	0.00825	0.01841	0.00627	0.00163	0.09128	0.00451	0.00287	0.00658
3	0.00569	0.00484	0.00489	0.00488	0.00648	0.00405	0.00366	0.00693	0.01098	0.01312	0.07331	0.04566	0.77525	0.01203	0.00565	0.00161	0.00242	0.01004	0.00447	0.00405
4	0.01240	0.10996	0.10886	0.03161	0.02499	0.08357	0.03677	0.09666	0.14967	0.05807	0.06442	0.01495	0.01185	0.02724	0.00537	0.00149	0.03751	0.00453	0.11375	0.00632
5	0.01319	0.08269	0.16180	0.03143	0.14032	0.07706	0.08549	0.14711	0.03325	0.06659	0.03335	0.01231	0.00879	0.00561	0.01694	0.00154	0.04392	0.00424	0.02754	0.00683
6	0.00609	0.00486	0.00546	0.00531	0.00673	0.00422	0.00398	0.00772	0.01194	0.01539	0.34647	0.04191	0.50067	0.01118	0.00564	0.00157	0.00236	0.00951	0.00476	0.00422
7	0.00977	0.02558	0.18943	0.12454	0.06798	0.03228	0.13481	0.01283	0.01011	0.02601	0.02968	0.10796	0.04133	0.00658	0.00603	0.00160	0.08960	0.00567	0.07245	0.00578
8	0.01245	0.78700	0.04156	0.00818	0.01224	0.01820	0.00822	0.01406	0.00976	0.01139	0.00820	0.00911	0.03487	0.00439	0.00319	0.00105	0.00506	0.00285	0.00213	0.00608
9	0.00591	0.00504	0.00510	0.00505	0.00669	0.00433	0.00380	0.00759	0.03929	0.01335	0.06885	0.04468	0.75024	0.01183	0.00562	0.00161	0.00247	0.00988	0.00448	0.00418
10	0.00959	0.02472	0.80726	0.01362	0.02069	0.01110	0.01766	0.01514	0.01009	0.01514	0.00858	0.01009	0.00605	0.00454	0.00454	0.00151	0.00706	0.00353	0.00202	0.00706
11	0.00975	0.05707	0.75813	0.01355	0.02044	0.01144	0.03464	0.01511	0.01010	0.01498	0.00852	0.01006	0.00608	0.00451	0.00451	0.00150	0.00701	0.00354	0.00203	0.00701
12	0.01771	0.02175	0.01352	0.01215	0.01471	0.73303	0.00918	0.07390	0.03656	0.01325	0.00803	0.00909	0.00654	0.00503	0.00436	0.00126	0.00824	0.00323	0.00270	0.00578
13	0.00602	0.00468	0.00543	0.00559	0.00672	0.00414	0.00404	0.00738	0.01106	0.01429	0.23970	0.23047	0.39681	0.03399	0.00625	0.00174	0.00252	0.01046	0.00461	0.00409
14	0.00830	0.00426	0.00606	0.00606	0.00628	0.00432	0.00415	0.00710	0.00688	0.00989	0.00968	0.01529	0.00913	0.01623	0.06856	0.67769	0.00443	0.00426	0.12886	0.00257
15	0.00890	0.00556	0.00673	0.00635	0.00776	0.00536	0.01980	0.06534	0.01180	0.06190	0.18379	0.18704	0.10374	0.00915	0.00490	0.00149	0.00284	0.02347	0.27924	0.00482
16	0.01002	0.00875	0.01044	0.00773	0.01148	0.00739	0.00622	0.01230	0.02842	0.01525	0.00852	0.01016	0.00717	0.00413	0.00487	0.00088	0.09123	0.00304	0.00280	0.74921
17	0.01211	0.03104	0.10393	0.03477	0.17134	0.04443	0.31070	0.06119	0.04900	0.04790	0.03686	0.01304	0.00892	0.00489	0.00561	0.00154	0.04828	0.00486	0.00283	0.00675
18	0.00599	0.00426	0.00564	0.00668	0.00699	0.00401	0.00452	0.00685	0.00912	0.01214	0.02561	0.73959	0.03054	0.06377	0.00722	0.00212	0.00297	0.05377	0.00434	0.00385
19	0.86579	0.00924	0.00702	0.00629	0.00924	0.01072	0.00518	0.01405	0.00813	0.02144	0.00666	0.00776	0.00518	0.00444	0.00296	0.00148	0.00370	0.00259	0.00296	0.00518
20	0.00607	0.00458	0.00564	0.00613	0.00701	0.00415	0.00441	0.00738	0.01064	0.01393	0.18858	0.39789	0.25596	0.01299	0.00591	0.00177	0.00266	0.05561	0.00460	0.00408
21	0.01183	0.01136	0.01940	0.02934	0.80221	0.01136	0.01467	0.01467	0.01088	0.01562	0.00899	0.01183	0.00757	0.00426	0.00473	0.00142	0.00568	0.00426	0.00237	0.00757
22	0.86579	0.00924	0.00702	0.00629	0.00924	0.01072	0.00518	0.01405	0.00813	0.02144	0.00666	0.00776	0.00518	0.00444	0.00296	0.00148	0.00370	0.00259	0.00296	0.00518
23	0.01148	0.01099	0.01876	0.12934	0.70497	0.01126	0.01449	0.01436	0.01072	0.01518	0.00893	0.01195	0.00742	0.00432	0.00474	0.00144	0.00577	0.00426	0.00234	0.00729
24	0.00614	0.00486	0.00553	0.00536	0.00676	0.00424	0.00402	0.00781	0.01206	0.01568	0.38052	0.04145	0.46644	0.01107	0.00564	0.00157	0.00235	0.00945	0.00480	0.00424
25	0.01278	0.83490	0.02505	0.00818	0.01227	0.01891	0.00818	0.01431	0.00971	0.01125	0.00664	0.00767	0.00613	0.00409	0.00307	0.00102	0.00511	0.00256	0.00204	0.00613
26	0.00985	0.00554	0.00723	0.00648	0.00811	0.00500	0.00493	0.01179	0.01293	0.18864	0.51759	0.06944	0.08092	0.04242	0.00623	0.00165	0.00278	0.00806	0.00522	0.00517
27	0.01359	0.01111	0.01177	0.01007	0.01308	0.01268	0.00798	0.23196	0.58423	0.02274	0.01729	0.01611	0.01284	0.00628	0.00484	0.00157	0.00418	0.00511	0.00484	0.00772
28	0.00934	0.00550	0.00714	0.00655	0.00810	0.00502	0.00497	0.01153	0.02909	0.15983	0.50810	0.12557	0.08086	0.00975	0.00553	0.00156	0.00268	0.00855	0.00523	0.00513
29	0.01087	0.03766	0.32728	0.14138	0.17438	0.01128	0.05705	0.06410	0.03142	0.03379	0.01003	0.04434	0.00799	0.00514	0.00496	0.00153	0.02305	0.00442	0.00257	0.00677
30	0.00907	0.00624	0.00748	0.00676	0.00840	0.02006	0.00518	0.04285	0.07232	0.09180	0.55305	0.04720	0.09234	0.00919	0.00545	0.00152	0.00279	0.00797	0.00515	0.00519
31	0.06364	0.05133	0.03175	0.13870	0.14610	0.16357	0.03963	0.09607	0.14373	0.03181	0.01063	0.01213	0.00827	0.00581	0.02332	0.00160	0.01816	0.00412	0.00310	0.00653

[dist]
# distance from previous block
# <min> <max>
2	17

[block]
# block no. 10 follows, 53 sequences, length 12
# corresponding to MSA columns:
# 1362-1373
name=unknown_K
#
# <colnr> <probs for GDERKNQSTAVLIFYWHMCP>
#	G	D	E	R	K	N	Q	S	T	A	V	L	I	F	Y	W	H	M	C	P
0	0.00752	0.00623	0.02715	0.00653	0.00830	0.00552	0.00517	0.02778	0.07994	0.03390	0.19278	0.11925	0.34494	0.01118	0.02305	0.00174	0.00315	0.05221	0.00452	0.03913
1	0.00706	0.00514	0.00687	0.00757	0.00863	0.00495	0.00624	0.00899	0.01124	0.01481	0.17481	0.14622	0.11712	0.01265	0.00625	0.00197	0.00357	0.44702	0.00457	0.00432
2	0.00991	0.00850	0.00991	0.00708	0.01133	0.00637	0.00566	0.01203	0.00991	0.01557	0.00850	0.00991	0.00708	0.00354	0.00354	0.00071	0.00354	0.00283	0.00283	0.86124
3	0.00592	0.00428	0.00555	0.00652	0.00693	0.00398	0.00442	0.00680	0.00928	0.01222	0.02774	0.70574	0.09562	0.04565	0.00677	0.00202	0.00287	0.03943	0.00438	0.00388
4	0.00959	0.02472	0.80726	0.01362	0.02069	0.01110	0.01766	0.01514	0.01009	0.01514	0.00858	0.01009	0.00605	0.00454	0.00454	0.00151	0.00706	0.00353	0.00202	0.00706
5	0.00589	0.00441	0.00547	0.00614	0.00684	0.00399	0.00425	0.00699	0.01010	0.01320	0.12355	0.54359	0.22088	0.01366	0.00594	0.00181	0.00263	0.01215	0.00454	0.00399
6	0.01183	0.01136	0.01940	0.02934	0.80221	0.01136	0.01467	0.01467	0.01088	0.01562	0.00899	0.01183	0.00757	0.00426	0.00473	0.00142	0.00568	0.00426	0.00237	0.00757
7	0.01282	0.01073	0.01133	0.00991	0.01278	0.01232	0.00779	0.13769	0.67977	0.02149	0.01828	0.01689	0.01364	0.00637	0.00485	0.00159	0.00400	0.00524	0.00485	0.00765
8	0.86579	0.00924	0.00702	0.00629	0.00924	0.01072	0.00518	0.01405	0.00813	0.02144	0.00666	0.00776	0.00518	0.00444	0.00296	0.00148	0.00370	0.00259	0.00296	0.00518
9	0.00969	0.00917	0.01553	0.63399	0.21430	0.01079	0.01360	0.01279	0.00987	0.01301	0.00861	0.01253	0.00665	0.00466	0.00477	0.00155	0.00621	0.00425	0.00218	0.00584
10	0.01806	0.00878	0.01106	0.00855	0.01215	0.00803	0.00698	0.10889	0.06589	0.51158	0.05272	0.01579	0.01243	0.00576	0.00466	0.00137	0.00402	0.00468	0.00523	0.13338
11	0.01623	0.01263	0.01317	0.01054	0.01395	0.04043	0.00855	0.55226	0.20009	0.02671	0.04604	0.01386	0.01110	0.00605	0.00482	0.00147	0.00491	0.00470	0.00474	0.00776

[dist]
# distance from previous block
# <min> <max>
0	6

[block]
# block no. 11 follows, 53 sequences, length 21
# corresponding to MSA columns:
# 1380,1382-1401
name=unknown_L
#
# <colnr> <probs for GDERKNQSTAVLIFYWHMCP>
#	G	D	E	R	K	N	Q	S	T	A	V	L	I	F	Y	W	H	M	C	P
0	0.04154	0.00563	0.00662	0.00643	0.00710	0.02241	0.00449	0.00885	0.00890	0.03368	0.15840	0.02935	0.02114	0.41859	0.13120	0.00399	0.02872	0.05569	0.00343	0.00384
1	0.01817	0.01339	0.01434	0.01100	0.01482	0.01482	0.00908	0.78627	0.02247	0.03012	0.01148	0.01148	0.00813	0.00574	0.00478	0.00143	0.00526	0.00430	0.00478	0.00813
2	0.01152	0.00788	0.03986	0.02309	0.01035	0.05580	0.00649	0.04538	0.01130	0.20713	0.03494	0.29736	0.03901	0.07535	0.00695	0.00194	0.00412	0.09169	0.00440	0.02545
3	0.00966	0.02422	0.77381	0.01390	0.02087	0.01114	0.05060	0.01514	0.01014	0.01514	0.00862	0.01021	0.00611	0.00452	0.00459	0.00152	0.00711	0.00362	0.00204	0.00704
4	0.01046	0.01046	0.01464	0.01255	0.01255	0.01464	0.01046	0.01150	0.00732	0.01150	0.00627	0.01046	0.00627	0.00837	0.01569	0.00209	0.82328	0.00418	0.00209	0.00523
5	0.01036	0.00987	0.01662	0.38442	0.33941	0.01088	0.05398	0.01406	0.06103	0.01425	0.00998	0.03622	0.00816	0.00493	0.00485	0.00154	0.00591	0.00467	0.00248	0.00638
6	0.82274	0.00919	0.00723	0.00640	0.00939	0.01053	0.00527	0.01452	0.00842	0.06142	0.00728	0.00820	0.00552	0.00451	0.00305	0.00148	0.00372	0.00270	0.00311	0.00533
7	0.01128	0.01289	0.02820	0.02015	0.02498	0.01209	0.78485	0.01531	0.01128	0.01531	0.00967	0.01289	0.00725	0.00403	0.00564	0.00161	0.00806	0.00564	0.00242	0.00645
8	0.00620	0.00455	0.00582	0.00616	0.00696	0.00417	0.00437	0.00768	0.01122	0.01524	0.35626	0.39615	0.13272	0.01242	0.00585	0.00172	0.00251	0.01106	0.00479	0.00417
9	0.00696	0.00529	0.00616	0.00615	0.00760	0.00491	0.00473	0.00919	0.05574	0.03731	0.18172	0.09908	0.40786	0.01290	0.05376	0.00203	0.00336	0.08622	0.00455	0.00448
10	0.00590	0.00427	0.00559	0.00662	0.00703	0.00397	0.00453	0.00682	0.00936	0.01235	0.02792	0.73565	0.08811	0.01468	0.00609	0.00193	0.00282	0.04800	0.00444	0.00392
11	0.00683	0.00512	0.00768	0.00768	0.00853	0.00597	0.00597	0.00853	0.00768	0.01110	0.01280	0.01878	0.01195	0.03585	0.81308	0.00768	0.01280	0.00512	0.00256	0.00427
12	0.10966	0.00943	0.03684	0.01033	0.01313	0.03037	0.19039	0.01470	0.16576	0.03738	0.03638	0.08801	0.14446	0.03196	0.00554	0.00167	0.00461	0.00652	0.05720	0.00567
13	0.00752	0.00540	0.00748	0.00853	0.00961	0.00536	0.00737	0.00961	0.01090	0.01414	0.02627	0.09450	0.05820	0.01325	0.00654	0.00216	0.00424	0.70014	0.00440	0.00436
14	0.00754	0.00539	0.00752	0.00862	0.00965	0.00536	0.00743	0.00963	0.01085	0.01413	0.02539	0.11964	0.02786	0.01335	0.00656	0.00218	0.00426	0.70588	0.00440	0.00436
15	0.00732	0.00549	0.00783	0.00857	0.00944	0.00558	0.02486	0.00908	0.01025	0.01353	0.02436	0.29579	0.02732	0.01332	0.00686	0.00210	0.04321	0.47652	0.00426	0.00432
16	0.08074	0.03157	0.01444	0.04733	0.10236	0.15585	0.04967	0.27785	0.08651	0.07317	0.01130	0.02837	0.00864	0.00543	0.00459	0.00144	0.00571	0.00430	0.00374	0.00699
17	0.01060	0.06880	0.09646	0.01112	0.09384	0.00830	0.05319	0.03807	0.04457	0.11852	0.07390	0.22233	0.03171	0.05247	0.02417	0.00191	0.00464	0.03580	0.00383	0.00579
18	0.00819	0.00709	0.01049	0.07662	0.01265	0.00736	0.10668	0.01204	0.14443	0.01463	0.08765	0.27903	0.09061	0.03519	0.00648	0.00185	0.02527	0.06465	0.00402	0.00507
19	0.60201	0.07386	0.05900	0.09032	0.01292	0.04886	0.00723	0.01439	0.00890	0.03603	0.00726	0.00864	0.00562	0.00451	0.00335	0.00145	0.00453	0.00288	0.00279	0.00546
