[name]
unknown

[dist]
# distance from previous block
# <min> <max>
0	73

[block]
# block no. 0 follows, 59 sequences, length 17
# corresponding to MSA columns:
# 81-97
name=unknown_A
#
# <colnr> <probs for GDERKNQSTAVLIFYWHMCP>
#	G	D	E	R	K	N	Q	S	T	A	V	L	I	F	Y	W	H	M	C	P
0	0.01411	0.01490	0.06111	0.04013	0.18231	0.30456	0.00990	0.19415	0.02798	0.04324	0.02272	0.01207	0.00817	0.00504	0.00433	0.00130	0.00605	0.03876	0.00298	0.00618
1	0.01156	0.00704	0.00797	0.00708	0.00904	0.05513	0.00549	0.04001	0.08886	0.25293	0.15917	0.10896	0.13408	0.00858	0.00560	0.05278	0.00340	0.03253	0.00445	0.00534
2	0.01240	0.00821	0.00954	0.00802	0.01029	0.03923	0.02618	0.20958	0.06493	0.18019	0.15285	0.10118	0.03741	0.07152	0.00613	0.00164	0.00387	0.03123	0.00436	0.02126
3	0.01148	0.01092	0.01491	0.21764	0.40563	0.11810	0.01156	0.03456	0.03794	0.05364	0.03524	0.01185	0.00812	0.00448	0.00437	0.00134	0.00551	0.00398	0.00253	0.00619
4	0.01315	0.00844	0.00959	0.02574	0.01092	0.04024	0.00644	0.14833	0.17596	0.23445	0.12714	0.07434	0.01610	0.02529	0.02167	0.00156	0.00392	0.00544	0.01538	0.03590
5	0.01018	0.00872	0.00981	0.00752	0.01070	0.03354	0.00603	0.09322	0.05234	0.01573	0.03636	0.01082	0.00831	0.00435	0.00456	0.00094	0.07981	0.00325	0.03904	0.56477
6	0.05777	0.00545	0.00611	0.00638	0.00709	0.03913	0.00460	0.00778	0.00898	0.01233	0.11306	0.38365	0.11013	0.11043	0.00785	0.00198	0.05156	0.05820	0.00373	0.00380
7	0.00585	0.00411	0.00525	0.00587	0.00630	0.00387	0.00403	0.00656	0.00854	0.01129	0.07592	0.47468	0.10521	0.14055	0.00887	0.05344	0.00295	0.06947	0.00380	0.00344
8	0.00862	0.00816	0.01320	0.60947	0.09339	0.02883	0.04895	0.01135	0.00918	0.01193	0.01065	0.02776	0.05440	0.00494	0.00445	0.00144	0.00553	0.00443	0.03833	0.00501
9	0.05783	0.01141	0.01129	0.00949	0.01176	0.18406	0.02245	0.13197	0.05953	0.19868	0.03891	0.03443	0.04949	0.00618	0.00613	0.00144	0.15095	0.00444	0.00363	0.00594
10	0.00786	0.00593	0.00752	0.00659	0.00828	0.00553	0.05133	0.07038	0.03199	0.05156	0.17489	0.11877	0.26565	0.11003	0.00711	0.00177	0.00317	0.00765	0.00396	0.06002
11	0.03103	0.00818	0.01063	0.00884	0.01155	0.00822	0.07293	0.05633	0.26223	0.22886	0.04311	0.10410	0.01443	0.00663	0.00463	0.00144	0.00383	0.04557	0.00432	0.07314
12	0.01071	0.00816	0.01158	0.02801	0.24984	0.00820	0.02642	0.09287	0.09694	0.10421	0.21438	0.02055	0.09620	0.00644	0.00471	0.00138	0.00384	0.00567	0.00386	0.00602
13	0.00849	0.00790	0.01326	0.76334	0.07545	0.00969	0.01208	0.01139	0.00891	0.01162	0.00807	0.01186	0.00611	0.00441	0.00437	0.00145	0.00574	0.00393	0.02694	0.00501
14	0.39107	0.01018	0.01009	0.00865	0.01062	0.07792	0.02522	0.09074	0.03951	0.01699	0.00741	0.00912	0.00606	0.00537	0.00641	0.00149	0.23553	0.00323	0.03921	0.00518
15	0.00685	0.00492	0.00686	0.00677	0.00736	0.00556	0.00500	0.00796	0.00721	0.03419	0.01323	0.09179	0.01349	0.21824	0.49589	0.00551	0.05699	0.00575	0.00266	0.00378
16	0.04608	0.00797	0.00997	0.00783	0.01089	0.00756	0.00636	0.13553	0.03866	0.56039	0.03963	0.01554	0.01153	0.05432	0.00542	0.00153	0.00384	0.00454	0.02546	0.00695

[dist]
# distance from previous block
# <min> <max>
3	21

[block]
# block no. 1 follows, 59 sequences, length 7
# corresponding to MSA columns:
# 119-125
name=unknown_B
#
# <colnr> <probs for GDERKNQSTAVLIFYWHMCP>
#	G	D	E	R	K	N	Q	S	T	A	V	L	I	F	Y	W	H	M	C	P
0	0.00872	0.00592	0.00711	0.00620	0.00804	0.00542	0.00473	0.08636	0.01188	0.09303	0.33125	0.09493	0.15026	0.04768	0.00566	0.00147	0.00283	0.00708	0.00430	0.11713
1	0.01085	0.07146	0.21567	0.05071	0.25565	0.06936	0.15714	0.04618	0.01026	0.01395	0.00802	0.01020	0.00633	0.00428	0.00491	0.00137	0.05140	0.00382	0.00217	0.00629
2	0.01095	0.00886	0.00878	0.00778	0.00991	0.07958	0.00604	0.13837	0.27431	0.05244	0.11920	0.06502	0.10354	0.00704	0.00453	0.00139	0.00360	0.00581	0.08710	0.00576
3	0.01270	0.01186	0.06342	0.01397	0.16231	0.05165	0.10623	0.23489	0.19608	0.04335	0.04940	0.01315	0.01019	0.00509	0.00453	0.00138	0.00503	0.00446	0.00355	0.00677
4	0.00833	0.00663	0.00836	0.00792	0.04283	0.03393	0.04077	0.01220	0.15029	0.05157	0.50005	0.04701	0.05632	0.00794	0.00499	0.00141	0.00299	0.00700	0.00446	0.00500
5	0.00592	0.00439	0.00560	0.00642	0.00690	0.00430	0.00438	0.00783	0.08609	0.01197	0.02373	0.76188	0.02769	0.01308	0.00553	0.00177	0.00265	0.01182	0.00414	0.00392
6	0.07225	0.04833	0.07127	0.04150	0.01336	0.04912	0.04311	0.20053	0.04458	0.05369	0.00915	0.01001	0.00696	0.00424	0.00382	0.00109	0.00451	0.00332	0.00311	0.31605

[dist]
# distance from previous block
# <min> <max>
0	1

[block]
# block no. 2 follows, 59 sequences, length 11
# corresponding to MSA columns:
# 127-137
name=unknown_C
#
# <colnr> <probs for GDERKNQSTAVLIFYWHMCP>
#	G	D	E	R	K	N	Q	S	T	A	V	L	I	F	Y	W	H	M	C	P
0	0.01605	0.02011	0.01231	0.01118	0.01348	0.76083	0.00841	0.01811	0.07717	0.01143	0.00773	0.00866	0.00632	0.00467	0.00402	0.00117	0.00760	0.00302	0.00246	0.00527
1	0.04853	0.01156	0.01696	0.02342	0.63123	0.08689	0.04126	0.06062	0.01083	0.01510	0.00824	0.01051	0.00680	0.00407	0.00430	0.00131	0.00548	0.00382	0.00235	0.00672
2	0.00694	0.00489	0.00594	0.00601	0.00714	0.00461	0.00441	0.00922	0.08023	0.06134	0.22268	0.32289	0.20863	0.01083	0.00528	0.00158	0.00255	0.02612	0.00440	0.00430
3	0.00790	0.00619	0.00776	0.00766	0.04259	0.00631	0.02285	0.02669	0.19865	0.02949	0.33935	0.13697	0.07874	0.06137	0.00613	0.00166	0.00296	0.00752	0.00431	0.00491
4	0.00659	0.00457	0.00581	0.00549	0.00662	0.00417	0.00412	0.00852	0.01204	0.04042	0.66682	0.05641	0.11571	0.00915	0.00513	0.00140	0.00216	0.00802	0.03263	0.00420
5	0.01720	0.00729	0.00961	0.00759	0.01060	0.00659	0.00619	0.04354	0.05494	0.62906	0.12059	0.01734	0.01496	0.00594	0.00451	0.00137	0.00352	0.00491	0.02730	0.00697
6	0.05111	0.00971	0.01086	0.00867	0.01172	0.01032	0.00706	0.37057	0.14135	0.22033	0.06104	0.01408	0.01138	0.00561	0.00435	0.00135	0.00402	0.00443	0.04507	0.00696
7	0.02291	0.00633	0.00789	0.00692	0.00888	0.00603	0.01652	0.07640	0.05781	0.20035	0.15280	0.19640	0.08659	0.02306	0.02645	0.00162	0.00335	0.00707	0.03608	0.05656
8	0.06224	0.36693	0.33424	0.00951	0.01425	0.03058	0.01071	0.01423	0.00940	0.07819	0.00782	0.00869	0.00604	0.00410	0.00353	0.00118	0.00531	0.00290	0.00225	0.02791
9	0.01464	0.01465	0.01188	0.01003	0.01264	0.37997	0.02755	0.14872	0.05750	0.07253	0.00939	0.01022	0.00726	0.00489	0.00464	0.00120	0.05507	0.00344	0.05408	0.09972
10	0.14440	0.11046	0.05539	0.00920	0.01214	0.28580	0.04251	0.04693	0.03719	0.03605	0.00833	0.00950	0.00665	0.00499	0.02041	0.00128	0.01643	0.00313	0.06462	0.08458

[dist]
# distance from previous block
# <min> <max>
0	1

[block]
# block no. 3 follows, 59 sequences, length 64
# corresponding to MSA columns:
# 139-202
name=unknown_D
#
# <colnr> <probs for GDERKNQSTAVLIFYWHMCP>
#	G	D	E	R	K	N	Q	S	T	A	V	L	I	F	Y	W	H	M	C	P
0	0.01412	0.01043	0.01175	0.01081	0.08864	0.04295	0.00787	0.42898	0.08069	0.09198	0.02370	0.13072	0.01177	0.00648	0.00457	0.00140	0.00441	0.00533	0.01673	0.00667
1	0.03942	0.00824	0.00973	0.00759	0.03973	0.00674	0.00582	0.06369	0.01015	0.07372	0.00868	0.00968	0.00688	0.00361	0.00345	0.00080	0.00349	0.00288	0.00293	0.69279
2	0.00587	0.00441	0.00520	0.00523	0.00634	0.00391	0.00382	0.00725	0.01059	0.02676	0.31142	0.18944	0.36584	0.02683	0.00561	0.00156	0.00231	0.00933	0.00436	0.00390
3	0.04563	0.00877	0.00999	0.00815	0.01095	0.00918	0.00657	0.24030	0.18372	0.25244	0.09771	0.01578	0.01350	0.00583	0.00436	0.00136	0.00370	0.00470	0.07067	0.00670
4	0.00953	0.01020	0.04307	0.48476	0.08679	0.04941	0.20154	0.01292	0.03453	0.01250	0.00842	0.01163	0.00639	0.00426	0.00458	0.00145	0.00626	0.00419	0.00214	0.00545
5	0.00615	0.00449	0.00577	0.00549	0.00654	0.00412	0.00410	0.00812	0.01220	0.01709	0.73409	0.05651	0.10013	0.00933	0.00522	0.00141	0.00211	0.00822	0.00478	0.00412
6	0.01666	0.01100	0.01221	0.00954	0.01291	0.01186	0.00782	0.54119	0.12084	0.18978	0.01296	0.01227	0.00899	0.00542	0.00443	0.00136	0.00446	0.00420	0.00464	0.00744
7	0.00564	0.00445	0.00509	0.00501	0.00625	0.00390	0.00373	0.00713	0.01094	0.01421	0.35250	0.08859	0.45588	0.01049	0.00524	0.00147	0.00220	0.00899	0.00441	0.00390
8	0.04600	0.00590	0.00736	0.00654	0.00832	0.00562	0.02892	0.03720	0.06675	0.13775	0.32481	0.10506	0.18496	0.00867	0.00495	0.00145	0.00282	0.00749	0.00452	0.00492
9	0.00629	0.00431	0.00512	0.00517	0.00538	0.00432	0.00317	0.00668	0.00722	0.00973	0.07806	0.08726	0.04284	0.62137	0.09155	0.00404	0.00460	0.00692	0.00297	0.00300
10	0.09466	0.00875	0.01372	0.46427	0.26936	0.01977	0.01159	0.01204	0.00911	0.01309	0.00840	0.04091	0.00696	0.00458	0.00428	0.00142	0.00535	0.00407	0.00219	0.00549
11	0.01964	0.00756	0.01024	0.00788	0.01128	0.00658	0.00650	0.02156	0.02860	0.80423	0.01744	0.01506	0.01098	0.00548	0.00444	0.00137	0.00375	0.00445	0.00545	0.00751
12	0.87598	0.00854	0.00649	0.00581	0.00854	0.00991	0.00478	0.01298	0.00752	0.01982	0.00615	0.00717	0.00478	0.00410	0.00273	0.00137	0.00342	0.00239	0.00273	0.00478
13	0.01683	0.01149	0.01264	0.00967	0.01321	0.01233	0.00798	0.65695	0.01909	0.13543	0.01140	0.01114	0.00793	0.00522	0.00437	0.00130	0.00463	0.00397	0.00447	0.04997
14	0.00834	0.00785	0.01325	0.83417	0.03042	0.00981	0.01227	0.01128	0.00883	0.01128	0.00785	0.01178	0.00589	0.00442	0.00442	0.00147	0.00589	0.00393	0.00196	0.00491
15	0.01169	0.01331	0.00983	0.00923	0.01075	0.43840	0.00695	0.01294	0.00992	0.01045	0.00931	0.01305	0.00850	0.06370	0.34815	0.00380	0.00937	0.00383	0.00234	0.00449
16	0.00895	0.04945	0.79613	0.01243	0.01886	0.01049	0.01604	0.01396	0.00931	0.01387	0.00787	0.00925	0.00560	0.00418	0.00415	0.00138	0.00647	0.00323	0.00187	0.00650
17	0.03470	0.01082	0.04036	0.00937	0.01240	0.05010	0.03226	0.16201	0.38960	0.03901	0.01326	0.01303	0.00997	0.00526	0.00457	0.00133	0.03149	0.00418	0.00383	0.13243
18	0.05015	0.00753	0.02180	0.00881	0.01114	0.00749	0.09596	0.06075	0.03530	0.11253	0.01167	0.01534	0.00981	0.03254	0.32123	0.00358	0.03277	0.03042	0.00302	0.12816
19	0.02682	0.47571	0.26236	0.00926	0.01369	0.01433	0.01013	0.03016	0.06929	0.02868	0.00787	0.00873	0.00636	0.00419	0.00359	0.00116	0.01645	0.00293	0.00221	0.00607
20	0.01336	0.01552	0.10277	0.01020	0.01311	0.33179	0.00860	0.10059	0.26490	0.02589	0.03771	0.01258	0.02084	0.00530	0.00426	0.00132	0.00566	0.00398	0.01555	0.00609
21	0.00857	0.00731	0.01344	0.01081	0.01309	0.00682	0.30027	0.01067	0.00957	0.06973	0.02805	0.33452	0.04117	0.00965	0.04838	0.00185	0.00493	0.00800	0.04037	0.03281
22	0.87598	0.00854	0.00649	0.00581	0.00854	0.00991	0.00478	0.01298	0.00752	0.01982	0.00615	0.00717	0.00478	0.00410	0.00273	0.00137	0.00342	0.00239	0.00273	0.00478
23	0.01087	0.00615	0.00748	0.00674	0.00861	0.01870	0.00519	0.02903	0.07911	0.26172	0.18008	0.18961	0.14595	0.00889	0.00498	0.00150	0.00302	0.02236	0.00468	0.00533
24	0.01589	0.01035	0.01134	0.00910	0.01224	0.03738	0.00737	0.35161	0.19707	0.24594	0.02985	0.01411	0.02569	0.00566	0.00446	0.00137	0.00424	0.00448	0.00466	0.00718
25	0.00963	0.00967	0.01405	0.05132	0.01299	0.01325	0.04363	0.01081	0.00702	0.01081	0.00603	0.00986	0.00584	0.00740	0.01361	0.00189	0.76143	0.00393	0.00195	0.00488
26	0.00750	0.00536	0.00710	0.00693	0.00785	0.00559	0.00533	0.00924	0.02909	0.06872	0.28492	0.24377	0.07646	0.01096	0.03018	0.00180	0.10605	0.08468	0.00413	0.00435
27	0.00541	0.00389	0.00513	0.00606	0.00640	0.00361	0.00407	0.00624	0.00867	0.01153	0.05364	0.78045	0.06145	0.01356	0.00560	0.00177	0.00253	0.01226	0.00413	0.00361
28	0.00834	0.00785	0.01325	0.83417	0.03042	0.00981	0.01227	0.01128	0.00883	0.01128	0.00785	0.01178	0.00589	0.00442	0.00442	0.00147	0.00589	0.00393	0.00196	0.00491
29	0.01022	0.00707	0.00765	0.00669	0.00875	0.02601	0.00526	0.19318	0.02208	0.11139	0.09127	0.08527	0.33289	0.00872	0.00487	0.00144	0.00322	0.02751	0.04135	0.00517
30	0.05873	0.00809	0.00995	0.00784	0.01094	0.00776	0.00641	0.15626	0.03426	0.53357	0.02644	0.02992	0.01090	0.00557	0.00428	0.00134	0.00375	0.00445	0.07255	0.00699
31	0.09318	0.00743	0.00941	0.00749	0.01052	0.00685	0.00608	0.03014	0.04838	0.62451	0.01639	0.04245	0.01125	0.03317	0.00488	0.00147	0.00366	0.00461	0.03127	0.00686
32	0.80360	0.00876	0.00705	0.04568	0.00977	0.02054	0.00527	0.03107	0.00795	0.01947	0.00634	0.00748	0.00491	0.00415	0.00287	0.00137	0.00363	0.00251	0.00273	0.00486
33	0.00571	0.00437	0.00648	0.00696	0.00749	0.00408	0.05588	0.00667	0.00858	0.01146	0.02334	0.78799	0.02775	0.01318	0.00561	0.00177	0.00288	0.01208	0.00398	0.00374
34	0.08173	0.01079	0.01135	0.00929	0.01235	0.01210	0.00750	0.41071	0.32767	0.04954	0.01336	0.01278	0.00974	0.00548	0.00432	0.00140	0.00418	0.00427	0.00435	0.00709
35	0.01177	0.01052	0.01039	0.00924	0.01179	0.07032	0.00720	0.07462	0.69929	0.01854	0.01668	0.01547	0.01252	0.00584	0.00445	0.00146	0.00391	0.00477	0.00433	0.00689
36	0.06069	0.01131	0.08684	0.05999	0.38678	0.03006	0.06070	0.12090	0.01134	0.04332	0.00926	0.01116	0.00720	0.00433	0.00421	0.00132	0.00512	0.00388	0.07512	0.00646
37	0.07216	0.07937	0.03917	0.13500	0.05350	0.29738	0.00876	0.10557	0.04340	0.01453	0.02539	0.01038	0.00737	0.00476	0.00423	0.00126	0.02904	0.00344	0.05978	0.00550
38	0.01658	0.00943	0.01120	0.00894	0.02295	0.00965	0.00720	0.36826	0.04008	0.34140	0.05063	0.01441	0.02671	0.00648	0.02134	0.02418	0.00432	0.00449	0.00471	0.00705
39	0.01410	0.01135	0.01172	0.00966	0.01267	0.04111	0.00775	0.41549	0.38420	0.02292	0.01387	0.01322	0.01020	0.00559	0.00444	0.00140	0.00434	0.00441	0.00438	0.00719
40	0.11923	0.05083	0.01253	0.00961	0.01266	0.09961	0.09130	0.13169	0.18042	0.19030	0.02031	0.01251	0.00926	0.00573	0.02422	0.00149	0.00488	0.00409	0.01293	0.00640
41	0.00642	0.00429	0.00488	0.00488	0.00490	0.00432	0.00276	0.00646	0.00644	0.00861	0.01386	0.02858	0.01592	0.82191	0.04516	0.00436	0.00449	0.00638	0.00267	0.00271
42	0.26831	0.00811	0.00908	0.04697	0.01116	0.00839	0.00632	0.12995	0.01166	0.31425	0.01439	0.04165	0.04924	0.00637	0.01987	0.00152	0.00397	0.03862	0.00411	0.00605
43	0.00530	0.00441	0.00462	0.00470	0.00605	0.00374	0.00348	0.00643	0.01005	0.01220	0.08703	0.12214	0.69204	0.01133	0.00526	0.00152	0.00226	0.00957	0.00414	0.00374
44	0.01032	0.00801	0.01014	0.10286	0.01307	0.00862	0.05648	0.02931	0.36477	0.10039	0.04282	0.02163	0.15659	0.00681	0.00470	0.00148	0.00379	0.03160	0.02068	0.00594
45	0.00908	0.00876	0.01355	0.72066	0.08639	0.04910	0.01211	0.02666	0.00932	0.01180	0.00789	0.01151	0.00599	0.00440	0.00439	0.00144	0.00592	0.00387	0.00204	0.00512
46	0.01447	0.01728	0.01339	0.03401	0.06756	0.55450	0.04569	0.04687	0.02675	0.01203	0.00783	0.03422	0.00677	0.00515	0.00527	0.00129	0.09563	0.00354	0.00240	0.00533
47	0.00533	0.00424	0.00478	0.00514	0.00616	0.00370	0.00367	0.00636	0.00958	0.01195	0.07204	0.33787	0.48950	0.01207	0.00537	0.00160	0.00235	0.01046	0.00414	0.00370
48	0.08693	0.01112	0.02192	0.05539	0.02083	0.01081	0.59765	0.04262	0.03310	0.06118	0.00944	0.01175	0.00696	0.00401	0.00486	0.00147	0.00660	0.00481	0.00259	0.00598
49	0.01079	0.01207	0.06087	0.01786	0.04843	0.01097	0.67253	0.01435	0.01034	0.05266	0.00916	0.01183	0.00683	0.00398	0.00544	0.00149	0.03702	0.00500	0.00236	0.00605
50	0.00726	0.00539	0.00680	0.04028	0.03738	0.00525	0.00515	0.02981	0.05950	0.05306	0.16963	0.26991	0.23872	0.01029	0.00531	0.00157	0.01209	0.03402	0.00416	0.00444
51	0.87598	0.00854	0.00649	0.00581	0.00854	0.00991	0.00478	0.01298	0.00752	0.01982	0.00615	0.00717	0.00478	0.00410	0.00273	0.00137	0.00342	0.00239	0.00273	0.00478
52	0.39415	0.00791	0.00833	0.00689	0.00983	0.00808	0.00563	0.02643	0.03898	0.38570	0.01327	0.03934	0.02733	0.00529	0.00375	0.00139	0.00354	0.00393	0.00414	0.00608
53	0.01563	0.03854	0.02383	0.01037	0.01314	0.41439	0.00820	0.21928	0.11651	0.06556	0.00997	0.01034	0.00758	0.00553	0.02050	0.00136	0.00631	0.00354	0.00329	0.00613
54	0.00557	0.00403	0.00523	0.00601	0.00643	0.00379	0.00411	0.00645	0.00866	0.01151	0.06497	0.63402	0.08736	0.06563	0.03624	0.00210	0.00300	0.03728	0.00399	0.00360
55	0.01165	0.00950	0.01044	0.00894	0.01137	0.03781	0.03238	0.20320	0.38234	0.03385	0.01632	0.03212	0.05820	0.03475	0.06872	0.02839	0.00469	0.00506	0.00402	0.00625
56	0.01471	0.00692	0.00874	0.00720	0.00979	0.00653	0.00577	0.01823	0.13963	0.46098	0.14768	0.01873	0.02754	0.00618	0.00444	0.00136	0.00323	0.00514	0.10074	0.00646
57	0.01117	0.07327	0.01079	0.00841	0.01081	0.02342	0.01928	0.14248	0.40848	0.02906	0.07622	0.01734	0.04888	0.04252	0.00597	0.05295	0.00384	0.00500	0.00400	0.00609
58	0.18534	0.00975	0.00975	0.00817	0.01092	0.05250	0.00655	0.22957	0.18241	0.13817	0.04622	0.03847	0.01092	0.00561	0.00409	0.00137	0.00396	0.00432	0.04560	0.00631
59	0.04091	0.73974	0.02127	0.00754	0.01109	0.03268	0.00730	0.03848	0.00927	0.01120	0.00663	0.00815	0.00614	0.03981	0.00374	0.00112	0.00473	0.00260	0.00204	0.00556
60	0.00826	0.00770	0.01289	0.79871	0.02932	0.00958	0.01186	0.01108	0.00873	0.01117	0.00811	0.01251	0.00632	0.04034	0.00519	0.00159	0.00582	0.00403	0.00199	0.00481
61	0.00917	0.10975	0.73771	0.01206	0.01830	0.01102	0.01539	0.01391	0.00929	0.01361	0.00774	0.00909	0.00560	0.00415	0.00405	0.00135	0.00634	0.00317	0.00187	0.00644
62	0.01086	0.00839	0.00923	0.00806	0.00999	0.02526	0.00621	0.20378	0.24035	0.04468	0.14117	0.09519	0.02928	0.10190	0.00717	0.00179	0.04080	0.00603	0.00416	0.00571
63	0.00579	0.00459	0.00509	0.00502	0.00622	0.00411	0.00366	0.00740	0.03459	0.01335	0.24851	0.08064	0.46711	0.08617	0.00678	0.00173	0.00244	0.00874	0.00419	0.00384

[dist]
# distance from previous block
# <min> <max>
0	4

[block]
# block no. 4 follows, 59 sequences, length 18
# corresponding to MSA columns:
# 207-224
name=unknown_E
#
# <colnr> <probs for GDERKNQSTAVLIFYWHMCP>
#	G	D	E	R	K	N	Q	S	T	A	V	L	I	F	Y	W	H	M	C	P
0	0.01059	0.03257	0.44720	0.02710	0.06135	0.03340	0.17460	0.06460	0.03164	0.04996	0.00891	0.01042	0.00647	0.00432	0.00457	0.00140	0.01826	0.00383	0.00236	0.00645
1	0.15014	0.00705	0.00765	0.00664	0.00890	0.00717	0.00525	0.08255	0.11508	0.17963	0.13262	0.04795	0.16813	0.00714	0.00439	0.00140	0.00310	0.00581	0.05390	0.00549
2	0.01152	0.06336	0.01127	0.00918	0.01161	0.06093	0.00730	0.08062	0.57033	0.01742	0.01507	0.01461	0.01155	0.00709	0.04409	0.00172	0.04727	0.00455	0.00396	0.00658
3	0.01086	0.06184	0.01478	0.31173	0.16021	0.00974	0.09337	0.05008	0.02340	0.10956	0.04844	0.03409	0.00941	0.00488	0.00442	0.00138	0.00512	0.00445	0.02690	0.01535
4	0.01232	0.44857	0.06167	0.01036	0.05418	0.17453	0.06999	0.02757	0.01036	0.02830	0.05832	0.00981	0.00824	0.00435	0.00361	0.00111	0.00551	0.00323	0.00231	0.00567
5	0.01436	0.01373	0.02565	0.01297	0.11547	0.31202	0.08829	0.03642	0.02631	0.15813	0.00983	0.01097	0.00746	0.00495	0.00526	0.00132	0.08930	0.00377	0.05790	0.00590
6	0.00668	0.00471	0.00589	0.00612	0.00699	0.00446	0.00437	0.05763	0.01050	0.03533	0.21562	0.48426	0.11745	0.01162	0.00538	0.00162	0.00259	0.01034	0.00434	0.00410
7	0.03733	0.15785	0.34554	0.01167	0.05236	0.09264	0.06010	0.08774	0.01100	0.04759	0.04975	0.01055	0.00798	0.00452	0.00405	0.00129	0.00577	0.00355	0.00251	0.00619
8	0.01083	0.11900	0.17357	0.01133	0.08376	0.02707	0.06192	0.05671	0.22559	0.03788	0.05306	0.01287	0.01027	0.00488	0.00415	0.00129	0.00471	0.00408	0.02525	0.07177
9	0.33689	0.00798	0.00837	0.00695	0.00974	0.00830	0.00566	0.08246	0.05611	0.30183	0.05208	0.02656	0.01035	0.00527	0.00377	0.00136	0.00349	0.00396	0.06289	0.00600
10	0.00584	0.00418	0.00545	0.00626	0.00666	0.00398	0.00426	0.03153	0.00899	0.01202	0.05551	0.74294	0.02857	0.03702	0.00607	0.00184	0.00270	0.02836	0.00410	0.00372
11	0.01037	0.09725	0.08394	0.10660	0.26010	0.04523	0.08365	0.02390	0.03203	0.01370	0.03347	0.01098	0.00770	0.00427	0.00450	0.00124	0.03596	0.00374	0.00235	0.13901
12	0.00618	0.00444	0.00572	0.00578	0.00629	0.00463	0.00399	0.00705	0.00754	0.01027	0.06577	0.09020	0.08981	0.35336	0.31472	0.00469	0.00660	0.00664	0.00294	0.00340
13	0.00556	0.00396	0.00529	0.00620	0.00650	0.00379	0.00421	0.00637	0.00833	0.01114	0.02304	0.71989	0.02734	0.06418	0.04899	0.00222	0.00320	0.04230	0.00392	0.00357
14	0.02971	0.02371	0.23294	0.06459	0.06993	0.08971	0.11683	0.01439	0.08228	0.06423	0.02691	0.03689	0.05015	0.00622	0.03135	0.00161	0.04545	0.00451	0.00272	0.00586
15	0.01241	0.29987	0.17047	0.01145	0.07179	0.05744	0.08286	0.11973	0.01126	0.07209	0.00859	0.00965	0.00665	0.00433	0.00398	0.00121	0.01670	0.00337	0.02991	0.00624
16	0.01043	0.00586	0.00744	0.00653	0.00833	0.00547	0.00506	0.06683	0.02800	0.22523	0.40256	0.11223	0.08099	0.00844	0.00499	0.00143	0.00280	0.00730	0.00485	0.00523
17	0.01292	0.00636	0.00812	0.00682	0.00913	0.00579	0.00540	0.04028	0.05029	0.38875	0.24146	0.06388	0.12655	0.00763	0.00482	0.00142	0.00306	0.00647	0.00497	0.00587

[dist]
# distance from previous block
# <min> <max>
0	1

[block]
# block no. 5 follows, 59 sequences, length 39
# corresponding to MSA columns:
# 226-230,232-265
name=unknown_F
#
# <colnr> <probs for GDERKNQSTAVLIFYWHMCP>
#	G	D	E	R	K	N	Q	S	T	A	V	L	I	F	Y	W	H	M	C	P
0	0.12297	0.01187	0.05936	0.08960	0.20412	0.07884	0.29374	0.01382	0.00986	0.02850	0.00839	0.02235	0.00668	0.00425	0.00470	0.00141	0.02713	0.00420	0.00232	0.00588
1	0.01023	0.01128	0.02342	0.01673	0.02111	0.01034	0.67689	0.01367	0.01023	0.01419	0.00877	0.01148	0.00668	0.00365	0.00491	0.00136	0.00679	0.00481	0.00229	0.14117
2	0.00961	0.00864	0.15480	0.00790	0.03039	0.00596	0.00708	0.01220	0.02511	0.18318	0.35681	0.09261	0.07196	0.00776	0.00487	0.00143	0.00339	0.00670	0.00426	0.00534
3	0.00642	0.00428	0.00482	0.00482	0.00482	0.00428	0.00268	0.00642	0.00642	0.00856	0.01392	0.02890	0.01606	0.84478	0.02248	0.00428	0.00428	0.00642	0.00268	0.00268
4	0.01050	0.01022	0.01695	0.18514	0.60271	0.02913	0.03155	0.01313	0.00979	0.01361	0.00813	0.01102	0.00671	0.00414	0.00467	0.00136	0.02870	0.00394	0.00214	0.00646
5	0.00916	0.00785	0.00916	0.00654	0.01047	0.00589	0.00523	0.01112	0.00916	0.01439	0.00785	0.00916	0.00654	0.00327	0.00327	0.00065	0.00327	0.00262	0.00262	0.87178
6	0.00767	0.00384	0.00575	0.00575	0.00575	0.00384	0.00384	0.00575	0.00575	0.00767	0.00767	0.01343	0.00767	0.01534	0.01726	0.87150	0.00384	0.00384	0.00192	0.00192
7	0.00886	0.02285	0.82190	0.01259	0.01912	0.01026	0.01632	0.01399	0.00932	0.01399	0.00793	0.00932	0.00559	0.00420	0.00420	0.00140	0.00653	0.00326	0.00186	0.00653
8	0.00551	0.00411	0.00513	0.00567	0.00635	0.00373	0.00395	0.00660	0.00957	0.01262	0.17673	0.51525	0.20396	0.01236	0.00547	0.00165	0.00240	0.01099	0.00424	0.00373
9	0.01535	0.02920	0.02886	0.01134	0.08450	0.06596	0.03169	0.43448	0.04822	0.13285	0.05194	0.01236	0.00967	0.00524	0.00440	0.00132	0.00484	0.00417	0.00405	0.01958
10	0.01153	0.67306	0.15495	0.00857	0.01273	0.05332	0.00905	0.01355	0.00919	0.01101	0.00647	0.00750	0.00566	0.00388	0.00311	0.00103	0.00517	0.00253	0.00190	0.00579
11	0.01253	0.01444	0.06284	0.01151	0.01429	0.33146	0.16857	0.07690	0.03893	0.03663	0.03943	0.12017	0.04045	0.00610	0.00461	0.00137	0.00614	0.00523	0.00297	0.00541
12	0.00983	0.00730	0.03791	0.00717	0.00914	0.02526	0.00571	0.06219	0.15915	0.13749	0.13680	0.18344	0.15614	0.02001	0.02038	0.00164	0.00340	0.00739	0.00433	0.00530
13	0.02683	0.09068	0.01179	0.00930	0.09670	0.03191	0.00672	0.05461	0.04564	0.03928	0.00856	0.00965	0.00694	0.00374	0.00351	0.00087	0.00387	0.00297	0.00276	0.54368
14	0.00836	0.00770	0.01268	0.62361	0.03993	0.00920	0.04696	0.01161	0.06143	0.01181	0.01036	0.06593	0.02203	0.01950	0.00521	0.02627	0.00543	0.00474	0.00233	0.00490
15	0.00562	0.00426	0.00553	0.00602	0.00672	0.00389	0.01895	0.00669	0.00926	0.01212	0.10680	0.52614	0.19450	0.03228	0.00592	0.00175	0.00264	0.04307	0.00411	0.00372
16	0.00973	0.00979	0.02813	0.31137	0.34400	0.04723	0.06151	0.01234	0.00962	0.01289	0.02767	0.04392	0.02266	0.00489	0.00487	0.00142	0.03548	0.00447	0.00227	0.00576
17	0.00866	0.06252	0.02587	0.00771	0.00911	0.08439	0.00610	0.02020	0.07059	0.04523	0.03073	0.15672	0.01398	0.04189	0.37149	0.00404	0.02742	0.00580	0.00298	0.00458
18	0.00994	0.25468	0.47139	0.01210	0.01753	0.01244	0.13641	0.01380	0.00940	0.01299	0.00758	0.00909	0.00579	0.00400	0.00397	0.00128	0.00616	0.00331	0.00193	0.00619
19	0.00549	0.00402	0.00516	0.00585	0.00638	0.00369	0.00402	0.00650	0.00927	0.01233	0.14639	0.61909	0.12999	0.01278	0.00552	0.00169	0.00245	0.01146	0.00422	0.00369
20	0.05687	0.02815	0.01091	0.00864	0.02426	0.02721	0.01705	0.21530	0.01384	0.43123	0.01551	0.09548	0.02297	0.00617	0.00445	0.00139	0.00407	0.00502	0.00467	0.00682
21	0.05368	0.00939	0.01040	0.10379	0.01336	0.05325	0.00742	0.20865	0.18038	0.14170	0.04808	0.05058	0.05486	0.00637	0.00453	0.00144	0.00424	0.03758	0.00409	0.00620
22	0.00622	0.00492	0.00674	0.15057	0.01061	0.00493	0.00542	0.00795	0.01041	0.01394	0.33818	0.23473	0.16919	0.00981	0.00518	0.00152	0.00290	0.00866	0.00403	0.00407
23	0.01066	0.00878	0.00994	0.00746	0.01111	0.00783	0.00599	0.15100	0.10241	0.01715	0.00955	0.01037	0.00757	0.00439	0.01619	0.00097	0.00371	0.00316	0.00314	0.60862
24	0.02794	0.09694	0.12888	0.02716	0.01222	0.04568	0.01901	0.01280	0.06242	0.04080	0.02385	0.07773	0.00935	0.00525	0.01693	0.00115	0.00432	0.00391	0.00277	0.38089
25	0.01056	0.01295	0.15675	0.01364	0.01762	0.03795	0.34374	0.01640	0.21199	0.03642	0.01117	0.01257	0.00840	0.00541	0.02932	0.00161	0.02717	0.00457	0.00284	0.03892
26	0.01020	0.04548	0.03986	0.00756	0.00973	0.00687	0.03996	0.02825	0.13049	0.17346	0.30435	0.12300	0.04672	0.00781	0.00484	0.00144	0.00326	0.00682	0.00444	0.00546
27	0.00837	0.00816	0.03240	0.65042	0.06962	0.00934	0.04804	0.01115	0.00895	0.01164	0.00932	0.06308	0.00792	0.00528	0.00475	0.01443	0.00566	0.02433	0.00217	0.00496
28	0.01369	0.00608	0.00809	0.00683	0.00911	0.00536	0.00538	0.01532	0.01177	0.46508	0.18973	0.14099	0.06754	0.00777	0.00479	0.00143	0.00310	0.00666	0.02532	0.00593
29	0.00578	0.00442	0.00534	0.00551	0.00655	0.00397	0.00412	0.00726	0.01063	0.01399	0.31521	0.19672	0.31557	0.01102	0.00537	0.00156	0.00240	0.07632	0.00437	0.00389
30	0.01027	0.41609	0.44098	0.01019	0.01541	0.01370	0.01214	0.01362	0.00916	0.01227	0.00707	0.00826	0.00563	0.00400	0.00355	0.00118	0.00567	0.00283	0.00188	0.00612
31	0.00682	0.00447	0.00585	0.00648	0.00710	0.00424	0.00452	0.04073	0.00929	0.06307	0.02330	0.73262	0.02704	0.01290	0.00552	0.00175	0.00278	0.03331	0.00420	0.00401
32	0.00650	0.00423	0.00557	0.00610	0.00675	0.00388	0.00424	0.00755	0.00943	0.06770	0.14571	0.62556	0.06526	0.01241	0.00547	0.00169	0.00256	0.01116	0.00431	0.00395
33	0.00957	0.00956	0.01312	0.01132	0.01140	0.02679	0.00939	0.01058	0.00688	0.01061	0.00618	0.01010	0.00611	0.00922	0.06368	0.00223	0.77260	0.00390	0.00196	0.00478
34	0.03503	0.01063	0.01719	0.09809	0.64059	0.04043	0.04891	0.01372	0.02698	0.01424	0.00839	0.01096	0.00691	0.00404	0.00436	0.00133	0.00542	0.00393	0.00224	0.00663
35	0.01931	0.00756	0.01020	0.00785	0.01120	0.00662	0.00647	0.04331	0.01287	0.77293	0.04191	0.01546	0.01179	0.00557	0.00446	0.00137	0.00374	0.00454	0.00542	0.00741
36	0.01982	0.00752	0.01025	0.00786	0.01127	0.00649	0.00649	0.02152	0.01264	0.82029	0.01742	0.01503	0.01093	0.00547	0.00444	0.00137	0.00376	0.00444	0.00547	0.00752
37	0.00637	0.00451	0.00598	0.00598	0.00638	0.00491	0.00412	0.00717	0.00677	0.00942	0.01286	0.02303	0.01351	0.43230	0.43147	0.00571	0.00812	0.00556	0.00252	0.00332
38	0.00881	0.00862	0.01358	0.71832	0.02821	0.04734	0.04038	0.01159	0.00894	0.01132	0.00782	0.01161	0.00599	0.00503	0.01887	0.00157	0.04112	0.00393	0.00199	0.00493

[dist]
# distance from previous block
# <min> <max>
0	1

[block]
# block no. 6 follows, 59 sequences, length 57
# corresponding to MSA columns:
# 267-286,294-330
name=unknown_G
#
# <colnr> <probs for GDERKNQSTAVLIFYWHMCP>
#	G	D	E	R	K	N	Q	S	T	A	V	L	I	F	Y	W	H	M	C	P
0	0.07044	0.04603	0.04944	0.14861	0.07450	0.06813	0.00897	0.15541	0.25146	0.01719	0.01147	0.02392	0.00890	0.00595	0.02753	0.00156	0.01687	0.00412	0.00328	0.00621
1	0.78872	0.00896	0.02133	0.00622	0.00907	0.01003	0.00522	0.04855	0.02347	0.03615	0.00683	0.00770	0.00521	0.00422	0.00290	0.00137	0.00354	0.00257	0.00288	0.00503
2	0.00538	0.00384	0.00512	0.00615	0.00641	0.00359	0.00410	0.00615	0.00846	0.01127	0.02434	0.84190	0.02921	0.01384	0.00564	0.00179	0.00256	0.01256	0.00410	0.00359
3	0.87598	0.00854	0.00649	0.00581	0.00854	0.00991	0.00478	0.01298	0.00752	0.01982	0.00615	0.00717	0.00478	0.00410	0.00273	0.00137	0.00342	0.00239	0.00273	0.00478
4	0.01428	0.01749	0.01134	0.01045	0.01240	0.64804	0.00788	0.01551	0.01134	0.01069	0.00792	0.01001	0.00686	0.01078	0.18338	0.00244	0.00881	0.00326	0.00230	0.00486
5	0.01592	0.01192	0.01277	0.00994	0.01336	0.01319	0.00815	0.69140	0.11433	0.02641	0.01142	0.01127	0.00820	0.00534	0.00440	0.00133	0.00466	0.00407	0.00439	0.02754
6	0.00549	0.00406	0.00514	0.00582	0.00640	0.00371	0.00403	0.00650	0.00926	0.01221	0.12523	0.59048	0.16635	0.01276	0.00552	0.00170	0.00247	0.02496	0.00419	0.00369
7	0.00637	0.00448	0.00581	0.00581	0.00616	0.00482	0.00392	0.00706	0.00672	0.00930	0.01300	0.02385	0.01386	0.48992	0.37435	0.00551	0.00758	0.00568	0.00254	0.00323
8	0.01008	0.00647	0.00710	0.00613	0.00810	0.00639	0.00483	0.18816	0.01284	0.09555	0.12258	0.02534	0.27023	0.00762	0.00446	0.00132	0.00291	0.00625	0.20855	0.00509
9	0.06843	0.03214	0.01081	0.02528	0.05612	0.00768	0.02541	0.08223	0.01045	0.08621	0.00882	0.00983	0.00689	0.00378	0.00356	0.00090	0.00377	0.00304	0.00297	0.55171
10	0.02638	0.07886	0.10196	0.05144	0.44742	0.04601	0.01151	0.01323	0.00975	0.01387	0.00789	0.00998	0.00652	0.00389	0.00400	0.00118	0.00511	0.00343	0.00221	0.15537
11	0.00905	0.00818	0.01128	0.15576	0.10467	0.04208	0.01934	0.05428	0.02685	0.01233	0.04480	0.01536	0.01016	0.11837	0.17328	0.00301	0.17932	0.00457	0.00249	0.00483
12	0.01102	0.01179	0.01822	0.13433	0.10962	0.14688	0.33807	0.01367	0.01027	0.03553	0.00979	0.06530	0.00842	0.00507	0.00524	0.00146	0.04358	0.02373	0.00244	0.00558
13	0.00576	0.00444	0.00503	0.00507	0.00629	0.00386	0.00373	0.00707	0.01045	0.02796	0.22773	0.16740	0.48756	0.01098	0.00527	0.00151	0.00228	0.00943	0.00431	0.00388
14	0.69005	0.03134	0.00871	0.00863	0.10041	0.03641	0.00613	0.04818	0.00859	0.01903	0.00661	0.00777	0.00521	0.00414	0.00304	0.00134	0.00387	0.00265	0.00271	0.00519
15	0.01177	0.03812	0.01703	0.04936	0.58519	0.07805	0.02666	0.07938	0.02167	0.01496	0.00836	0.01062	0.00690	0.00424	0.00460	0.00132	0.02886	0.00383	0.00239	0.00669
16	0.00594	0.00509	0.00619	0.00601	0.00708	0.00501	0.02268	0.00701	0.00930	0.01172	0.05076	0.21150	0.49433	0.03461	0.00685	0.00168	0.09740	0.00920	0.00379	0.00385
17	0.20040	0.03591	0.01149	0.00904	0.01212	0.13495	0.00734	0.41798	0.05034	0.02201	0.00930	0.00974	0.00693	0.00486	0.00389	0.00128	0.00484	0.00343	0.02507	0.02908
18	0.01521	0.01134	0.01216	0.00957	0.01290	0.02377	0.00781	0.55216	0.15350	0.05951	0.01204	0.01213	0.00880	0.00534	0.00436	0.00131	0.00449	0.01369	0.00430	0.07562
19	0.02666	0.02210	0.77002	0.01235	0.01867	0.01040	0.01574	0.04855	0.00979	0.01471	0.00801	0.00934	0.00566	0.00424	0.00418	0.00139	0.00639	0.00328	0.00199	0.00654
20	0.02340	0.01044	0.01157	0.00978	0.01248	0.03395	0.04228	0.20367	0.48856	0.03443	0.01498	0.01503	0.01137	0.00589	0.00495	0.00148	0.04126	0.02347	0.00419	0.00683
21	0.00554	0.00396	0.00531	0.00634	0.00666	0.00373	0.00438	0.00643	0.00862	0.01146	0.02425	0.76777	0.02886	0.01368	0.00568	0.00182	0.00270	0.08508	0.00410	0.00363
22	0.00977	0.01043	0.02137	0.02895	0.05876	0.01001	0.57803	0.03705	0.01030	0.01399	0.01138	0.14700	0.01038	0.00553	0.00542	0.00154	0.02561	0.00626	0.00259	0.00563
23	0.00984	0.01003	0.01290	0.01121	0.01140	0.06810	0.00922	0.01084	0.00722	0.01065	0.00673	0.03644	0.00677	0.00884	0.04972	0.00210	0.71705	0.00411	0.00204	0.00477
24	0.00646	0.00468	0.00625	0.00619	0.00659	0.00520	0.00434	0.00730	0.00678	0.00949	0.01261	0.02243	0.01319	0.40585	0.43207	0.00564	0.03359	0.00548	0.00250	0.00339
25	0.00865	0.00511	0.00663	0.00595	0.00734	0.00472	0.00449	0.01072	0.02916	0.15200	0.59482	0.02926	0.03370	0.08007	0.00655	0.00164	0.00258	0.00719	0.00477	0.00466
26	0.02932	0.01375	0.07791	0.04147	0.06205	0.25380	0.05852	0.12545	0.01274	0.21460	0.01076	0.01124	0.00770	0.00479	0.00422	0.00128	0.00568	0.00375	0.05473	0.00625
27	0.02376	0.01290	0.01424	0.01264	0.08525	0.18481	0.11729	0.19894	0.20334	0.06738	0.01140	0.01186	0.00853	0.00501	0.00464	0.00136	0.02248	0.00415	0.00348	0.00653
28	0.01208	0.01304	0.01001	0.02970	0.01113	0.39121	0.00697	0.01385	0.10070	0.01102	0.01011	0.09013	0.00954	0.03369	0.00814	0.17745	0.05977	0.00441	0.00261	0.00444
29	0.00643	0.00424	0.00494	0.00508	0.00533	0.00424	0.00314	0.00690	0.00717	0.01001	0.01622	0.13805	0.04248	0.55620	0.07523	0.00370	0.00428	0.00698	0.09628	0.00308
30	0.01075	0.00923	0.00985	0.02646	0.01138	0.05751	0.02635	0.07061	0.48344	0.03840	0.09894	0.08006	0.04404	0.00684	0.00466	0.00147	0.00375	0.00579	0.00427	0.00620
31	0.21010	0.01051	0.06015	0.00821	0.01153	0.06212	0.00701	0.11334	0.13291	0.22347	0.01172	0.01143	0.00832	0.00482	0.00388	0.00129	0.00416	0.00361	0.00381	0.10760
32	0.14991	0.04989	0.01239	0.00945	0.01267	0.17713	0.04267	0.30883	0.02932	0.05535	0.00899	0.00958	0.00675	0.00461	0.00390	0.00121	0.00512	0.00337	0.00335	0.10550
33	0.02214	0.00904	0.01359	0.67083	0.11015	0.06457	0.01200	0.01196	0.00915	0.01170	0.00777	0.01133	0.00597	0.00442	0.00451	0.00144	0.01844	0.00383	0.00202	0.00513
34	0.04844	0.00628	0.00721	0.00625	0.00836	0.00622	0.00497	0.02695	0.11909	0.27887	0.01570	0.01636	0.01151	0.00550	0.00380	0.00125	0.00295	0.02370	0.40089	0.00569
35	0.01789	0.00761	0.00994	0.00780	0.01098	0.00690	0.00638	0.05384	0.06919	0.66300	0.04892	0.01686	0.04799	0.00589	0.00451	0.00138	0.00365	0.00481	0.00527	0.00718
36	0.00610	0.00451	0.00569	0.00539	0.00650	0.00410	0.00405	0.00804	0.01214	0.01685	0.69993	0.03441	0.15718	0.00935	0.00521	0.00140	0.00211	0.00819	0.00475	0.00410
37	0.01039	0.00623	0.00771	0.00666	0.00857	0.00601	0.00521	0.07821	0.08008	0.19123	0.46475	0.02643	0.07463	0.00782	0.00492	0.00139	0.00280	0.00672	0.00488	0.00538
38	0.54114	0.00808	0.00758	0.00646	0.00920	0.00872	0.00527	0.06143	0.00984	0.19263	0.06290	0.02621	0.03430	0.00517	0.00349	0.00138	0.00344	0.00368	0.00363	0.00544
39	0.00796	0.00609	0.00747	0.00680	0.00836	0.00618	0.02921	0.03259	0.19835	0.03298	0.38450	0.09393	0.09856	0.02299	0.00525	0.00149	0.00277	0.00732	0.04227	0.00492
40	0.85531	0.00884	0.00664	0.00594	0.00866	0.02956	0.00487	0.01309	0.00764	0.01960	0.00617	0.00719	0.00480	0.00411	0.00276	0.00136	0.00353	0.00240	0.00272	0.00479
41	0.02010	0.06016	0.00683	0.00559	0.00700	0.01818	0.00429	0.02154	0.01117	0.02954	0.39884	0.08659	0.27609	0.02816	0.00539	0.00148	0.00258	0.00800	0.00426	0.00420
42	0.03036	0.38107	0.04630	0.00843	0.01208	0.07578	0.00766	0.20497	0.01218	0.02721	0.00789	0.00867	0.00639	0.00420	0.00345	0.00104	0.00477	0.00292	0.01628	0.13836
43	0.00913	0.00983	0.04994	0.01160	0.01324	0.06104	0.18970	0.02235	0.00886	0.01209	0.01244	0.20033	0.02445	0.02332	0.00874	0.00176	0.29255	0.04109	0.00269	0.00485
44	0.07894	0.16638	0.10878	0.01007	0.01364	0.19048	0.04465	0.20640	0.04990	0.07715	0.00910	0.00965	0.00685	0.00462	0.00392	0.00125	0.00557	0.00337	0.00305	0.00624
45	0.01139	0.12752	0.15180	0.05062	0.05381	0.02378	0.04671	0.07417	0.22102	0.08825	0.01332	0.05892	0.02747	0.00563	0.00444	0.00139	0.01428	0.01584	0.00332	0.00631
46	0.00763	0.00449	0.00593	0.00626	0.00713	0.00409	0.00442	0.00868	0.00954	0.13430	0.09413	0.59953	0.07277	0.01199	0.00539	0.00168	0.00268	0.01074	0.00437	0.00424
47	0.01080	0.00914	0.07430	0.00961	0.07407	0.03293	0.01863	0.12980	0.10576	0.09601	0.18465	0.08592	0.03209	0.00696	0.00486	0.00141	0.02317	0.02460	0.06957	0.00574
48	0.20651	0.00947	0.04411	0.01054	0.08978	0.03707	0.08115	0.08980	0.02015	0.08691	0.01203	0.09283	0.02844	0.00595	0.00478	0.00142	0.05592	0.02957	0.05630	0.03729
49	0.00615	0.00433	0.00517	0.00528	0.00568	0.00426	0.00342	0.00675	0.00779	0.01037	0.09246	0.12404	0.11235	0.48240	0.08894	0.00360	0.00432	0.02628	0.00321	0.00319
50	0.08396	0.00771	0.00996	0.00773	0.01103	0.00700	0.00637	0.05526	0.01261	0.69887	0.04171	0.01481	0.01130	0.00547	0.00434	0.00137	0.00373	0.00438	0.00519	0.00720
51	0.01198	0.04526	0.13859	0.02642	0.06257	0.07631	0.31814	0.14645	0.03450	0.03807	0.00927	0.02007	0.00708	0.00454	0.00503	0.00141	0.04103	0.00433	0.00269	0.00627
52	0.08832	0.05936	0.03707	0.02894	0.03096	0.18805	0.01891	0.25147	0.08022	0.10127	0.02258	0.01104	0.00814	0.00501	0.00424	0.00129	0.01902	0.00370	0.03414	0.00628
53	0.00542	0.00388	0.00510	0.00606	0.00633	0.00362	0.00402	0.00617	0.00840	0.01117	0.02430	0.79011	0.04450	0.05023	0.00637	0.00190	0.00263	0.01222	0.00404	0.00355
54	0.06960	0.03292	0.14146	0.02515	0.11495	0.12636	0.14302	0.08200	0.03924	0.04744	0.00907	0.01050	0.00692	0.00428	0.00413	0.00126	0.00559	0.00369	0.04127	0.09115
55	0.00558	0.00412	0.00509	0.00560	0.00621	0.00377	0.00383	0.00656	0.00924	0.01218	0.15180	0.47981	0.19106	0.08538	0.00696	0.00189	0.00257	0.01064	0.00410	0.00363
56	0.12489	0.03990	0.19677	0.02891	0.04042	0.05246	0.04812	0.16133	0.07283	0.08531	0.00970	0.01038	0.00711	0.00451	0.00400	0.00128	0.00500	0.00353	0.00309	0.10045

[dist]
# distance from previous block
# <min> <max>
11	14

[block]
# block no. 7 follows, 59 sequences, length 8
# corresponding to MSA columns:
# 346-353
name=unknown_H
#
# <colnr> <probs for GDERKNQSTAVLIFYWHMCP>
#	G	D	E	R	K	N	Q	S	T	A	V	L	I	F	Y	W	H	M	C	P
0	0.54039	0.00958	0.00926	0.00762	0.01064	0.01071	0.03495	0.20666	0.04895	0.07165	0.00860	0.00911	0.00631	0.00455	0.00342	0.00137	0.00394	0.00313	0.00338	0.00577
1	0.61838	0.07309	0.00875	0.00655	0.00949	0.01025	0.00549	0.05428	0.03697	0.12956	0.00834	0.00875	0.00614	0.00439	0.00312	0.00134	0.00364	0.00284	0.00319	0.00544
2	0.00927	0.15095	0.59693	0.01177	0.01740	0.01109	0.06439	0.01354	0.00953	0.01365	0.05545	0.01054	0.00781	0.00439	0.00411	0.00133	0.00604	0.00353	0.00207	0.00622
3	0.00772	0.00680	0.09967	0.00666	0.00848	0.00493	0.00574	0.00960	0.01061	0.10680	0.26916	0.24120	0.16644	0.00978	0.00514	0.00153	0.00299	0.02793	0.00424	0.00459
4	0.00877	0.00834	0.01381	0.65679	0.11882	0.01027	0.01215	0.01148	0.00876	0.01158	0.00769	0.01146	0.00601	0.00470	0.00545	0.00150	0.09138	0.00392	0.00199	0.00514
5	0.00945	0.00893	0.03051	0.06629	0.31150	0.00918	0.07332	0.06944	0.01010	0.01401	0.03556	0.07523	0.07958	0.00924	0.10004	0.00211	0.08182	0.00531	0.00271	0.00566
6	0.01037	0.27591	0.35629	0.03973	0.01518	0.08570	0.01129	0.03465	0.00954	0.01243	0.00779	0.00955	0.00631	0.00746	0.09827	0.00189	0.00664	0.00316	0.00204	0.00581
7	0.05199	0.00924	0.03049	0.16063	0.13185	0.00974	0.05958	0.05065	0.25843	0.09804	0.01350	0.01511	0.02260	0.00532	0.00443	0.00144	0.00453	0.03163	0.03456	0.00625

[dist]
# distance from previous block
# <min> <max>
0	1

[block]
# block no. 8 follows, 59 sequences, length 16
# corresponding to MSA columns:
# 355-370
name=unknown_I
#
# <colnr> <probs for GDERKNQSTAVLIFYWHMCP>
#	G	D	E	R	K	N	Q	S	T	A	V	L	I	F	Y	W	H	M	C	P
0	0.42199	0.00937	0.02117	0.00791	0.03282	0.01022	0.00626	0.23384	0.06023	0.03569	0.01171	0.07103	0.04980	0.00564	0.00375	0.00140	0.00381	0.00418	0.00350	0.00568
1	0.06825	0.20166	0.07758	0.00963	0.01309	0.20134	0.05708	0.11237	0.01133	0.01460	0.02401	0.00915	0.00679	0.00433	0.00399	0.00112	0.02857	0.00312	0.00255	0.14943
2	0.00731	0.00617	0.00716	0.07938	0.00963	0.05531	0.00557	0.03663	0.03707	0.01241	0.06857	0.36943	0.12208	0.04767	0.02097	0.02090	0.03420	0.05180	0.00365	0.00411
3	0.01581	0.00809	0.01069	0.00856	0.01156	0.00782	0.04741	0.06471	0.18017	0.47850	0.07372	0.04622	0.01391	0.00604	0.00459	0.00142	0.00379	0.00512	0.00494	0.00694
4	0.01029	0.00853	0.01038	0.00925	0.02301	0.04183	0.00723	0.10914	0.09560	0.05087	0.06050	0.01546	0.01131	0.08973	0.15820	0.00285	0.26765	0.00464	0.01837	0.00515
5	0.00754	0.00513	0.00641	0.00594	0.00725	0.00488	0.00447	0.01032	0.08199	0.07397	0.58061	0.05945	0.08936	0.03611	0.00567	0.00151	0.00243	0.00768	0.00472	0.00455
6	0.01803	0.00722	0.00968	0.00757	0.01072	0.00631	0.00620	0.01998	0.03092	0.71110	0.06752	0.01758	0.05433	0.00599	0.00453	0.00138	0.00357	0.00492	0.00534	0.00710
7	0.00583	0.00442	0.00539	0.00545	0.00651	0.00398	0.00406	0.00739	0.01094	0.01458	0.39729	0.16883	0.28469	0.01067	0.00533	0.00152	0.00232	0.05241	0.00445	0.00393
8	0.13057	0.00733	0.00930	0.00735	0.01042	0.00669	0.00602	0.01901	0.01195	0.63032	0.10049	0.01591	0.01339	0.00567	0.00430	0.00137	0.00354	0.00455	0.00504	0.00680
9	0.25989	0.00747	0.00823	0.00784	0.05377	0.00789	0.00577	0.05882	0.11516	0.12130	0.26654	0.03809	0.01927	0.00638	0.00422	0.00140	0.00321	0.00519	0.00409	0.00547
