[name]
unknown

[dist]
# distance from previous block
# <min> <max>
0	85

[block]
# block no. 0 follows, 61 sequences, length 64
# corresponding to MSA columns:
# 521-584
name=unknown_A
#
# <colnr> <probs for GDERKNQSTAVLIFYWHMCP>
#	G	D	E	R	K	N	Q	S	T	A	V	L	I	F	Y	W	H	M	C	P
0	0.00892	0.00760	0.00887	0.00660	0.01019	0.00598	0.00530	0.01142	0.05435	0.01420	0.00906	0.01155	0.00779	0.00383	0.00341	0.00076	0.00325	0.04692	0.00273	0.77727
1	0.00823	0.00775	0.01309	0.80810	0.05909	0.00959	0.01201	0.01109	0.00866	0.01112	0.00767	0.01145	0.00578	0.00429	0.00431	0.00143	0.00572	0.00383	0.00192	0.00486
2	0.00539	0.00471	0.00561	0.00530	0.00680	0.00403	0.04829	0.00659	0.00968	0.01169	0.03964	0.12225	0.69331	0.01077	0.00513	0.00148	0.00250	0.00919	0.00390	0.00374
3	0.00548	0.00409	0.00546	0.05237	0.00754	0.00391	0.00438	0.00651	0.00883	0.01170	0.10637	0.63681	0.10608	0.01225	0.00535	0.00166	0.00260	0.01101	0.00396	0.00364
4	0.00555	0.00411	0.00570	0.00714	0.05190	0.00388	0.00451	0.00640	0.00833	0.01117	0.02287	0.79905	0.02728	0.01295	0.00543	0.00172	0.00265	0.01178	0.00389	0.00368
5	0.00698	0.00494	0.00695	0.03148	0.00918	0.00499	0.00675	0.00870	0.00950	0.01237	0.02117	0.04478	0.02294	0.04294	0.00711	0.05090	0.00401	0.69675	0.00374	0.00382
6	0.83029	0.00829	0.00670	0.05227	0.00952	0.00966	0.00507	0.01257	0.00740	0.01886	0.00609	0.00725	0.00473	0.00402	0.00276	0.00134	0.00347	0.00242	0.00262	0.00467
7	0.00553	0.00485	0.05108	0.00645	0.00708	0.00394	0.00482	0.00658	0.00838	0.01124	0.02280	0.75754	0.02701	0.01289	0.00544	0.00174	0.00279	0.05230	0.00387	0.00368
8	0.00821	0.00776	0.01294	0.79197	0.02864	0.00977	0.01182	0.01097	0.00850	0.01097	0.00754	0.01137	0.00574	0.00449	0.00486	0.00146	0.05248	0.00382	0.00191	0.00478
9	0.09742	0.00773	0.01224	0.75290	0.02748	0.00958	0.01121	0.01118	0.00848	0.01186	0.00749	0.01102	0.00563	0.00428	0.00414	0.00143	0.00550	0.00367	0.00199	0.00477
10	0.01637	0.01207	0.01293	0.00991	0.01336	0.01336	0.00819	0.80738	0.02025	0.02715	0.01034	0.01034	0.00733	0.00517	0.00431	0.00129	0.00474	0.00388	0.00431	0.00733
11	0.87904	0.00833	0.00633	0.00566	0.00833	0.00966	0.00467	0.01266	0.00733	0.01933	0.00600	0.00700	0.00467	0.00400	0.00267	0.00133	0.00333	0.00233	0.00267	0.00467
12	0.01066	0.01023	0.01748	0.02644	0.82174	0.01023	0.01322	0.01322	0.00981	0.01407	0.00810	0.01066	0.00682	0.00384	0.00426	0.00128	0.00512	0.00384	0.00213	0.00682
13	0.01548	0.01162	0.01242	0.00973	0.01302	0.01294	0.00797	0.68274	0.14636	0.02570	0.01148	0.01125	0.00825	0.00528	0.00432	0.00132	0.00453	0.00404	0.00432	0.00724
14	0.01637	0.01207	0.01293	0.00991	0.01336	0.01336	0.00819	0.80738	0.02025	0.02715	0.01034	0.01034	0.00733	0.00517	0.00431	0.00129	0.00474	0.00388	0.00431	0.00733
15	0.00509	0.00436	0.00436	0.00436	0.00582	0.00364	0.00327	0.00618	0.00982	0.01164	0.04364	0.04146	0.82000	0.01091	0.00509	0.00145	0.00218	0.00909	0.00400	0.00364
16	0.00997	0.01210	0.07405	0.01753	0.02193	0.01068	0.74040	0.01362	0.01006	0.01373	0.00898	0.02944	0.00694	0.00387	0.00503	0.00145	0.00710	0.00512	0.00220	0.00579
17	0.01066	0.01023	0.01748	0.02644	0.82174	0.01023	0.01322	0.01322	0.00981	0.01407	0.00810	0.01066	0.00682	0.00384	0.00426	0.00128	0.00512	0.00384	0.00213	0.00682
18	0.00610	0.00440	0.00576	0.00542	0.00644	0.00406	0.00406	0.00813	0.01219	0.01727	0.81947	0.03218	0.04064	0.00881	0.00508	0.00135	0.00203	0.00779	0.00474	0.00406
19	0.00610	0.00440	0.00576	0.00542	0.00644	0.00406	0.00406	0.00813	0.01219	0.01727	0.81947	0.03218	0.04064	0.00881	0.00508	0.00135	0.00203	0.00779	0.00474	0.00406
20	0.00626	0.00418	0.00470	0.00470	0.00470	0.00418	0.00261	0.00626	0.00626	0.00835	0.01357	0.02819	0.01566	0.84862	0.02192	0.00418	0.00418	0.00626	0.00261	0.00261
21	0.00955	0.00990	0.01626	0.01301	0.01416	0.01243	0.21755	0.01121	0.00754	0.01126	0.00657	0.01015	0.00599	0.00702	0.02845	0.00187	0.60599	0.00413	0.00197	0.00498
22	0.01066	0.01023	0.01748	0.02644	0.82174	0.01023	0.01322	0.01322	0.00981	0.01407	0.00810	0.01066	0.00682	0.00384	0.00426	0.00128	0.00512	0.00384	0.00213	0.00682
23	0.00694	0.00496	0.00694	0.00793	0.00892	0.00496	0.00694	0.00892	0.00992	0.01289	0.02281	0.04859	0.02479	0.01190	0.00595	0.00198	0.00397	0.79275	0.00397	0.00397
24	0.01631	0.01192	0.01281	0.00985	0.01327	0.01317	0.00812	0.77617	0.03729	0.04138	0.01062	0.01054	0.00751	0.00519	0.00431	0.00130	0.00469	0.00391	0.00433	0.00731
25	0.00893	0.00766	0.00893	0.00638	0.01021	0.00574	0.00510	0.01085	0.00893	0.01404	0.00766	0.00893	0.00638	0.00319	0.00319	0.00064	0.00319	0.00255	0.00255	0.87495
26	0.01609	0.02053	0.01221	0.01110	0.01332	0.83132	0.00832	0.01720	0.01221	0.01054	0.00666	0.00777	0.00555	0.00444	0.00388	0.00111	0.00777	0.00277	0.00222	0.00499
27	0.00864	0.02228	0.82630	0.01228	0.01864	0.01000	0.01592	0.01364	0.00909	0.01364	0.00773	0.00909	0.00546	0.00409	0.00409	0.00136	0.00637	0.00318	0.00182	0.00637
28	0.01071	0.00925	0.00974	0.00877	0.01120	0.01071	0.00682	0.02289	0.81396	0.01802	0.01753	0.01607	0.01315	0.00584	0.00438	0.00146	0.00341	0.00487	0.00438	0.00682
29	0.00534	0.00378	0.00505	0.00600	0.00628	0.00354	0.00404	0.00605	0.00823	0.01094	0.02353	0.79450	0.03869	0.01347	0.00583	0.02677	0.00256	0.02800	0.00394	0.00346
30	0.00626	0.00418	0.00470	0.00470	0.00470	0.00418	0.00261	0.00626	0.00626	0.00835	0.01357	0.02819	0.01566	0.84862	0.02192	0.00418	0.00418	0.00626	0.00261	0.00261
31	0.00523	0.00381	0.00493	0.00583	0.00620	0.00351	0.00392	0.00602	0.00841	0.01106	0.02578	0.76334	0.10964	0.01323	0.00546	0.00172	0.00247	0.01192	0.00400	0.00351
32	0.09788	0.02085	0.74223	0.01160	0.01759	0.00997	0.01476	0.01354	0.00891	0.01422	0.00755	0.00888	0.00538	0.00408	0.00395	0.00136	0.00606	0.00310	0.00191	0.00619
33	0.08953	0.01149	0.01208	0.00936	0.01266	0.01274	0.00772	0.71382	0.01879	0.02612	0.01009	0.01024	0.00722	0.00507	0.00413	0.00129	0.00453	0.00375	0.03239	0.00699
34	0.01147	0.01051	0.01011	0.00905	0.01150	0.09494	0.00702	0.05117	0.70256	0.01759	0.01615	0.01501	0.01216	0.00568	0.00433	0.00142	0.00390	0.00462	0.00416	0.00665
35	0.01612	0.01969	0.01228	0.01098	0.01332	0.74996	0.00831	0.09580	0.01301	0.01219	0.00702	0.00802	0.00573	0.00451	0.00393	0.00113	0.00747	0.00288	0.00243	0.00523
36	0.01119	0.01045	0.01734	0.03643	0.68774	0.01058	0.05170	0.09464	0.01088	0.01535	0.00836	0.01069	0.00684	0.00397	0.00431	0.00129	0.00519	0.00390	0.00235	0.00679
37	0.00578	0.00470	0.00511	0.00521	0.00663	0.00417	0.00411	0.02977	0.01017	0.01240	0.04943	0.04177	0.63678	0.01090	0.00523	0.00155	0.00259	0.15589	0.00401	0.00381
38	0.00588	0.00459	0.00536	0.00526	0.00645	0.00422	0.00391	0.00799	0.05605	0.01448	0.39154	0.11829	0.34037	0.00994	0.00509	0.00144	0.00222	0.00859	0.00436	0.00400
39	0.01066	0.01023	0.01748	0.02644	0.82174	0.01023	0.01322	0.01322	0.00981	0.01407	0.00810	0.01066	0.00682	0.00384	0.00426	0.00128	0.00512	0.00384	0.00213	0.00682
40	0.01101	0.66085	0.19050	0.00847	0.01269	0.03219	0.00918	0.01314	0.00889	0.01088	0.00637	0.00738	0.00551	0.00379	0.00306	0.00102	0.00504	0.00250	0.00185	0.00569
41	0.01094	0.68573	0.06974	0.00760	0.01112	0.04260	0.00759	0.01260	0.00924	0.01110	0.08952	0.00966	0.00912	0.00426	0.00312	0.00100	0.00456	0.00294	0.00215	0.00541
42	0.00526	0.00437	0.00460	0.00454	0.00592	0.00371	0.00341	0.00651	0.01022	0.01258	0.17404	0.03990	0.68900	0.01056	0.00509	0.00144	0.00216	0.00887	0.00412	0.00371
43	0.01620	0.01549	0.01197	0.01007	0.01281	0.41464	0.00789	0.31602	0.01514	0.09286	0.00929	0.00969	0.00690	0.00482	0.00405	0.00120	0.00603	0.00338	0.03549	0.00606
44	0.01609	0.02053	0.01221	0.01110	0.01332	0.83132	0.00832	0.01720	0.01221	0.01054	0.00666	0.00777	0.00555	0.00444	0.00388	0.00111	0.00777	0.00277	0.00222	0.00499
45	0.01637	0.01221	0.01291	0.00993	0.01336	0.02772	0.00819	0.79351	0.02011	0.02686	0.01028	0.01030	0.00729	0.00516	0.00430	0.00129	0.00479	0.00386	0.00427	0.00728
46	0.01668	0.01158	0.01263	0.00968	0.01312	0.01264	0.00800	0.72676	0.01944	0.10892	0.01102	0.01078	0.00767	0.00519	0.00431	0.00130	0.00463	0.00392	0.00441	0.00733
47	0.00624	0.00416	0.00471	0.00474	0.00474	0.00416	0.00265	0.00626	0.00632	0.00843	0.01386	0.05162	0.01603	0.82468	0.02145	0.00411	0.00413	0.00644	0.00265	0.00264
48	0.00608	0.00439	0.00576	0.00554	0.00652	0.00407	0.00417	0.00804	0.01189	0.01676	0.74532	0.07863	0.03938	0.00918	0.00514	0.00140	0.00213	0.03692	0.00467	0.00403
49	0.01073	0.01245	0.02379	0.03518	0.02172	0.09498	0.70712	0.01409	0.01034	0.01340	0.00848	0.01122	0.00642	0.00373	0.00494	0.00142	0.00728	0.00482	0.00218	0.00570
50	0.00624	0.00419	0.00483	0.00485	0.00489	0.00423	0.00279	0.00634	0.00634	0.00849	0.01364	0.04235	0.01562	0.78750	0.06725	0.00429	0.00456	0.00628	0.00262	0.00270
51	0.01021	0.01170	0.05155	0.04754	0.02196	0.01076	0.70523	0.04151	0.01040	0.01421	0.00881	0.01157	0.00659	0.00375	0.00495	0.00143	0.00698	0.00491	0.02012	0.00581
52	0.00510	0.00433	0.00440	0.00446	0.00584	0.00363	0.00331	0.00617	0.00973	0.01160	0.04252	0.08678	0.77539	0.01106	0.00511	0.00147	0.00220	0.00927	0.00400	0.00363
53	0.00754	0.00377	0.00545	0.00545	0.00555	0.00377	0.00367	0.00607	0.00596	0.00836	0.00816	0.01340	0.00785	0.01394	0.01542	0.78510	0.00356	0.00377	0.09114	0.00209
54	0.01152	0.85121	0.02257	0.00737	0.01106	0.01704	0.00737	0.01290	0.00875	0.01013	0.00599	0.00691	0.00553	0.00369	0.00276	0.00092	0.00461	0.00230	0.00184	0.00553
55	0.00629	0.00416	0.00466	0.00469	0.00481	0.00413	0.00270	0.00647	0.00662	0.00899	0.01504	0.05457	0.04541	0.74312	0.01971	0.00382	0.00393	0.00644	0.05173	0.00276
56	0.00893	0.00766	0.00893	0.00638	0.01021	0.00574	0.00510	0.01085	0.00893	0.01404	0.00766	0.00893	0.00638	0.00319	0.00319	0.00064	0.00319	0.00255	0.00255	0.87495
57	0.87904	0.00833	0.00633	0.00566	0.00833	0.00966	0.00467	0.01266	0.00733	0.01933	0.00600	0.00700	0.00467	0.00400	0.00267	0.00133	0.00333	0.00233	0.00267	0.00467
58	0.01009	0.01139	0.02416	0.01745	0.02136	0.01113	0.72442	0.01345	0.00980	0.01345	0.00840	0.01139	0.00645	0.00403	0.00601	0.00150	0.09271	0.00495	0.00215	0.00570
59	0.00538	0.00440	0.00463	0.00472	0.00598	0.00381	0.00353	0.00643	0.00946	0.01141	0.03870	0.04073	0.66688	0.09688	0.00689	0.00178	0.00254	0.07843	0.00385	0.00356
60	0.01155	0.81539	0.03972	0.00756	0.01127	0.03444	0.00758	0.01301	0.00883	0.01022	0.00604	0.00698	0.00553	0.00371	0.00282	0.00093	0.00471	0.00233	0.00185	0.00553
61	0.00620	0.00415	0.00472	0.00478	0.00479	0.00413	0.00270	0.00625	0.00639	0.00851	0.01420	0.07828	0.01645	0.79745	0.02092	0.00403	0.00407	0.00663	0.00270	0.00266
62	0.00724	0.00536	0.00675	0.00619	0.00699	0.00533	0.04878	0.08882	0.00872	0.01154	0.03689	0.15905	0.09299	0.47999	0.01451	0.00301	0.00390	0.00722	0.00317	0.00355
63	0.01134	0.79894	0.07325	0.00768	0.01153	0.01660	0.00791	0.01295	0.00877	0.01036	0.00610	0.00705	0.00552	0.00371	0.00285	0.00095	0.00472	0.00236	0.00184	0.00558

[dist]
# distance from previous block
# <min> <max>
0	2

[block]
# block no. 1 follows, 61 sequences, length 20
# corresponding to MSA columns:
# 587-606
name=unknown_B
#
# <colnr> <probs for GDERKNQSTAVLIFYWHMCP>
#	G	D	E	R	K	N	Q	S	T	A	V	L	I	F	Y	W	H	M	C	P
0	0.00650	0.00446	0.00525	0.00528	0.00552	0.00454	0.00327	0.03759	0.00715	0.00960	0.01472	0.14299	0.01674	0.62614	0.08894	0.00396	0.00460	0.00688	0.00285	0.00303
1	0.01152	0.85121	0.02257	0.00737	0.01106	0.01704	0.00737	0.01290	0.00875	0.01013	0.00599	0.00691	0.00553	0.00369	0.00276	0.00092	0.00461	0.00230	0.00184	0.00553
2	0.01310	0.00891	0.01002	0.00810	0.01066	0.00941	0.00648	0.44368	0.01542	0.09665	0.08239	0.08428	0.01302	0.04896	0.03700	0.00165	0.00422	0.00506	0.05485	0.04613
3	0.01054	0.52015	0.23535	0.00979	0.01407	0.01447	0.07883	0.01306	0.00887	0.01139	0.00667	0.00801	0.00560	0.00397	0.00384	0.00113	0.04382	0.00284	0.00187	0.00574
4	0.00881	0.00678	0.00777	0.00791	0.00932	0.05684	0.00652	0.07963	0.07360	0.04605	0.06717	0.12837	0.03986	0.01011	0.00537	0.00173	0.00389	0.43164	0.00402	0.00462
5	0.00520	0.00440	0.00452	0.00458	0.00601	0.00372	0.00350	0.00635	0.00982	0.01171	0.04235	0.04189	0.77102	0.01097	0.00514	0.00149	0.00229	0.05736	0.00400	0.00366
6	0.00616	0.00413	0.00473	0.00484	0.00486	0.00410	0.00276	0.00624	0.00648	0.00863	0.01466	0.11552	0.01703	0.75941	0.02017	0.00392	0.00400	0.00690	0.00276	0.00271
7	0.67534	0.00867	0.00884	0.00769	0.03555	0.00957	0.07451	0.03272	0.00843	0.09416	0.00743	0.00831	0.00552	0.00411	0.00312	0.00134	0.00379	0.00284	0.00290	0.00515
8	0.64595	0.03635	0.05574	0.08426	0.01135	0.04770	0.00632	0.01311	0.00802	0.04893	0.00671	0.00787	0.00511	0.00410	0.00303	0.00132	0.00399	0.00262	0.00260	0.00492
9	0.00813	0.00420	0.00422	0.00419	0.00524	0.00426	0.00315	0.01050	0.03791	0.01613	0.01418	0.01606	0.01112	0.00505	0.00306	0.00102	0.00206	0.00405	0.84138	0.00412
10	0.78301	0.00895	0.02763	0.00690	0.00980	0.00978	0.07427	0.01278	0.00762	0.01871	0.00627	0.00745	0.00485	0.00397	0.00291	0.00134	0.00374	0.00259	0.00260	0.00480
11	0.01812	0.00778	0.01012	0.00782	0.01103	0.00712	0.00644	0.12453	0.01337	0.66918	0.06554	0.01517	0.01207	0.00552	0.00437	0.00133	0.00371	0.00448	0.00516	0.00713
12	0.00525	0.00375	0.00500	0.00600	0.00625	0.00350	0.00400	0.00600	0.00825	0.01100	0.02374	0.84580	0.02849	0.01350	0.00550	0.00175	0.00250	0.01225	0.00400	0.00350
13	0.00586	0.00439	0.00543	0.00517	0.00629	0.00396	0.00388	0.00767	0.01164	0.01595	0.63795	0.03435	0.22299	0.00930	0.00508	0.00138	0.00207	0.00809	0.00457	0.00396
14	0.00626	0.00419	0.00477	0.00477	0.00479	0.00421	0.00270	0.00631	0.00629	0.00841	0.01351	0.02783	0.01550	0.82236	0.04796	0.00426	0.00441	0.00621	0.00260	0.00265
15	0.00610	0.00440	0.00576	0.00542	0.00644	0.00406	0.00406	0.00813	0.01219	0.01727	0.81947	0.03218	0.04064	0.00881	0.00508	0.00135	0.00203	0.00779	0.00474	0.00406
16	0.00515	0.00437	0.00445	0.00443	0.00585	0.00366	0.00332	0.00630	0.00996	0.01197	0.08892	0.04091	0.77451	0.01079	0.00509	0.00145	0.00217	0.00902	0.00404	0.00366
17	0.09261	0.77242	0.02105	0.00721	0.01080	0.01635	0.00712	0.01288	0.00862	0.01099	0.00599	0.00692	0.00545	0.00371	0.00275	0.00096	0.00449	0.00231	0.00192	0.00545
18	0.01772	0.00859	0.08611	0.00799	0.01150	0.00657	0.00712	0.01971	0.01202	0.71171	0.05310	0.01495	0.01156	0.00538	0.00434	0.00134	0.00384	0.00438	0.00498	0.00709
19	0.00985	0.01075	0.02258	0.04379	0.09391	0.01024	0.63451	0.01320	0.01006	0.01365	0.00994	0.01498	0.00824	0.00444	0.00507	0.00149	0.00671	0.07856	0.00233	0.00570

[dist]
# distance from previous block
# <min> <max>
0	9

[block]
# block no. 2 follows, 61 sequences, length 6
# corresponding to MSA columns:
# 616-621
name=unknown_C
#
# <colnr> <probs for GDERKNQSTAVLIFYWHMCP>
#	G	D	E	R	K	N	Q	S	T	A	V	L	I	F	Y	W	H	M	C	P
0	0.01050	0.59736	0.01967	0.25741	0.01666	0.01480	0.00875	0.01233	0.00871	0.01040	0.00649	0.00829	0.00559	0.00387	0.00323	0.00108	0.00495	0.00276	0.00186	0.00530
1	0.01222	0.41801	0.07154	0.00817	0.01161	0.01309	0.00763	0.01714	0.25161	0.13192	0.01119	0.01095	0.00857	0.00460	0.00357	0.00117	0.00423	0.00343	0.00312	0.00624
2	0.00730	0.00622	0.00962	0.01237	0.25231	0.00648	0.00736	0.00904	0.00829	0.01152	0.01588	0.06456	0.12895	0.01957	0.41591	0.00414	0.00774	0.00546	0.00260	0.00469
3	0.01274	0.00945	0.01084	0.00912	0.01165	0.07471	0.05998	0.26547	0.07123	0.13637	0.03984	0.06021	0.06557	0.00715	0.00476	0.00146	0.00441	0.14508	0.00407	0.00589
4	0.01088	0.15615	0.32653	0.01005	0.01436	0.01189	0.01061	0.13242	0.25288	0.01635	0.01077	0.01101	0.00806	0.00471	0.00399	0.00131	0.00494	0.00364	0.00296	0.00650
5	0.01593	0.00633	0.00820	0.00657	0.00920	0.00563	0.00533	0.01770	0.01134	0.58138	0.01611	0.01508	0.01078	0.00524	0.00393	0.00123	0.00317	0.00424	0.26629	0.00633

[dist]
# distance from previous block
# <min> <max>
0	30

[block]
# block no. 3 follows, 61 sequences, length 13
# corresponding to MSA columns:
# 652-664
name=unknown_D
#
# <colnr> <probs for GDERKNQSTAVLIFYWHMCP>
#	G	D	E	R	K	N	Q	S	T	A	V	L	I	F	Y	W	H	M	C	P
0	0.00555	0.00397	0.00535	0.00634	0.00673	0.00376	0.00453	0.00652	0.00855	0.01134	0.02357	0.70316	0.02783	0.01321	0.00558	0.00179	0.00276	0.15190	0.00399	0.00358
1	0.01367	0.07197	0.02773	0.01014	0.01247	0.49055	0.02061	0.01731	0.18590	0.02619	0.01015	0.05700	0.00860	0.00527	0.00427	0.00124	0.02490	0.00383	0.00280	0.00541
2	0.01044	0.01011	0.01757	0.08956	0.71465	0.01022	0.05781	0.01308	0.00973	0.01382	0.00810	0.01078	0.00672	0.00386	0.00431	0.00130	0.00529	0.00391	0.00212	0.00661
3	0.00539	0.00381	0.00496	0.00582	0.00603	0.00359	0.00380	0.00604	0.00797	0.01063	0.02232	0.73164	0.02670	0.13010	0.00779	0.00209	0.00273	0.01141	0.00380	0.00337
4	0.01128	0.01207	0.01379	0.01332	0.12577	0.19892	0.08332	0.01477	0.15329	0.01277	0.02556	0.01161	0.02178	0.00573	0.00749	0.00149	0.27492	0.00404	0.00256	0.00552
5	0.00926	0.00810	0.00891	0.03497	0.04628	0.12135	0.04576	0.08232	0.03047	0.04013	0.04010	0.25954	0.04034	0.15891	0.00792	0.00198	0.00432	0.05152	0.00336	0.00446
6	0.00944	0.00794	0.00859	0.00803	0.00994	0.00899	0.00609	0.01883	0.61663	0.01643	0.04603	0.16547	0.01692	0.03409	0.00516	0.00160	0.00322	0.00633	0.00427	0.00600
7	0.00692	0.00527	0.00647	0.00602	0.00729	0.00525	0.00456	0.01077	0.15565	0.01741	0.67598	0.02930	0.03572	0.00828	0.00496	0.00137	0.00228	0.00727	0.00468	0.00456
8	0.00883	0.00750	0.00792	0.00733	0.00934	0.00820	0.00562	0.03750	0.50056	0.01589	0.02526	0.08880	0.24368	0.00787	0.00467	0.00148	0.00302	0.00663	0.00424	0.00566
9	0.00965	0.00920	0.01597	0.02203	0.60349	0.00909	0.08334	0.01198	0.00956	0.01350	0.01096	0.16018	0.01067	0.00555	0.00456	0.00138	0.00484	0.00546	0.00247	0.00614
10	0.01933	0.00733	0.01000	0.00766	0.01100	0.00633	0.00633	0.02099	0.01233	0.82473	0.01699	0.01466	0.01066	0.00533	0.00433	0.00133	0.00367	0.00433	0.00533	0.00733
11	0.00862	0.00691	0.00870	0.00795	0.00916	0.03534	0.00629	0.15131	0.00944	0.01308	0.01067	0.01500	0.00962	0.04186	0.56375	0.00520	0.08552	0.00438	0.00263	0.00456
12	0.00938	0.00939	0.05125	0.09184	0.57170	0.00896	0.01158	0.01176	0.00939	0.01324	0.01085	0.16009	0.01055	0.00562	0.00448	0.00138	0.00476	0.00531	0.00243	0.00603

[dist]
# distance from previous block
# <min> <max>
0	19

[block]
# block no. 4 follows, 61 sequences, length 8
# corresponding to MSA columns:
# 684-691
name=unknown_E
#
# <colnr> <probs for GDERKNQSTAVLIFYWHMCP>
#	G	D	E	R	K	N	Q	S	T	A	V	L	I	F	Y	W	H	M	C	P
0	0.00716	0.00567	0.00659	0.00614	0.00759	0.00575	0.00467	0.01171	0.22286	0.01660	0.48864	0.02937	0.15370	0.00835	0.00490	0.00140	0.00242	0.00722	0.00453	0.00472
1	0.01482	0.01787	0.01162	0.01055	0.01282	0.63762	0.00797	0.01854	0.20145	0.01231	0.00923	0.00973	0.00734	0.00477	0.00400	0.00119	0.00674	0.00327	0.00273	0.00542
2	0.01026	0.00976	0.03037	0.01065	0.05091	0.02540	0.17398	0.09272	0.04666	0.01526	0.00851	0.01004	0.00677	0.00385	0.00428	0.00102	0.03854	0.00345	0.00267	0.45490
3	0.03325	0.21199	0.01484	0.07508	0.04773	0.30769	0.02582	0.07659	0.02949	0.11176	0.00844	0.00930	0.00655	0.00445	0.00395	0.00117	0.02035	0.00317	0.00270	0.00569
4	0.00649	0.00552	0.00573	0.00548	0.00713	0.00534	0.00417	0.01026	0.19980	0.01354	0.09268	0.03480	0.57409	0.00956	0.00492	0.00145	0.00246	0.00800	0.00414	0.00442
5	0.01144	0.01001	0.01507	0.07570	0.50643	0.01041	0.01125	0.20004	0.01220	0.01680	0.01076	0.01365	0.04182	0.00484	0.00439	0.00133	0.00490	0.03965	0.00279	0.00654
6	0.00644	0.00451	0.00490	0.00479	0.00530	0.00439	0.00299	0.03675	0.00774	0.01014	0.02057	0.03016	0.20502	0.58551	0.01653	0.00330	0.00364	0.00675	0.03746	0.00309
7	0.00811	0.01756	0.59528	0.01093	0.01594	0.00864	0.04996	0.01235	0.00988	0.01451	0.19938	0.01466	0.01381	0.00518	0.00437	0.00137	0.00538	0.00436	0.00253	0.00580

[dist]
# distance from previous block
# <min> <max>
0	3

[block]
# block no. 5 follows, 61 sequences, length 13
# corresponding to MSA columns:
# 695-707
name=unknown_F
#
# <colnr> <probs for GDERKNQSTAVLIFYWHMCP>
#	G	D	E	R	K	N	Q	S	T	A	V	L	I	F	Y	W	H	M	C	P
0	0.00670	0.00444	0.00587	0.00561	0.00641	0.00428	0.00408	0.00805	0.04936	0.01426	0.51756	0.02609	0.05424	0.01053	0.00849	0.25753	0.00261	0.00650	0.00386	0.00354
1	0.00755	0.00595	0.00845	0.01108	0.24436	0.00595	0.00572	0.00830	0.00730	0.01003	0.01197	0.02305	0.01307	0.60082	0.01674	0.00333	0.00445	0.00555	0.00247	0.00385
2	0.00539	0.00438	0.00477	0.00467	0.00600	0.00376	0.00350	0.00675	0.01051	0.01329	0.27121	0.03873	0.59139	0.01029	0.00509	0.00143	0.00214	0.00871	0.00422	0.00376
3	0.00870	0.00811	0.01136	0.01032	0.01061	0.01078	0.00870	0.00994	0.00757	0.01111	0.01069	0.02091	0.01127	0.00882	0.01173	0.00191	0.59529	0.23520	0.00250	0.00449
4	0.01066	0.01023	0.01748	0.02644	0.82174	0.01023	0.01322	0.01322	0.00981	0.01407	0.00810	0.01066	0.00682	0.00384	0.00426	0.00128	0.00512	0.00384	0.00213	0.00682
5	0.00585	0.00421	0.00554	0.00559	0.00638	0.00390	0.00405	0.00750	0.01104	0.01543	0.58606	0.27083	0.03708	0.01018	0.00520	0.00147	0.00217	0.00910	0.00452	0.00390
6	0.01152	0.85121	0.02257	0.00737	0.01106	0.01704	0.00737	0.01290	0.00875	0.01013	0.00599	0.00691	0.00553	0.00369	0.00276	0.00092	0.00461	0.00230	0.00184	0.00553
7	0.62592	0.01191	0.00805	0.00726	0.00979	0.25068	0.00574	0.01399	0.00876	0.01675	0.00619	0.00722	0.00492	0.00413	0.00302	0.00127	0.00463	0.00246	0.00253	0.00476
8	0.00531	0.00387	0.00497	0.00574	0.00617	0.00357	0.00388	0.00616	0.00861	0.01138	0.07511	0.68312	0.11532	0.03765	0.00591	0.00176	0.00249	0.01145	0.00400	0.00352
9	0.09363	0.01140	0.01308	0.01424	0.24962	0.07955	0.00911	0.32865	0.10595	0.01996	0.02688	0.01103	0.00815	0.00476	0.00413	0.00130	0.00476	0.00383	0.00336	0.00661
10	0.01097	0.51369	0.10661	0.00832	0.01193	0.01442	0.00814	0.01591	0.24498	0.01283	0.00956	0.00984	0.00776	0.00436	0.00338	0.00113	0.00445	0.00315	0.00259	0.00600
11	0.00968	0.60263	0.01742	0.00697	0.00965	0.01307	0.00638	0.01087	0.00860	0.01039	0.01120	0.25298	0.01226	0.00656	0.00357	0.00116	0.00399	0.00522	0.00248	0.00493
12	0.01003	0.00849	0.00857	0.00778	0.00942	0.08568	0.00596	0.09052	0.28593	0.01513	0.01355	0.03184	0.01143	0.09789	0.14117	0.00255	0.04232	0.00466	0.12185	0.00523

[dist]
# distance from previous block
# <min> <max>
0	18

[block]
# block no. 6 follows, 61 sequences, length 10
# corresponding to MSA columns:
# 726-735
name=unknown_G
#
# <colnr> <probs for GDERKNQSTAVLIFYWHMCP>
#	G	D	E	R	K	N	Q	S	T	A	V	L	I	F	Y	W	H	M	C	P
0	0.01068	0.00998	0.01544	0.02178	0.60787	0.01036	0.01153	0.01577	0.22200	0.01511	0.01059	0.01209	0.00849	0.00437	0.00430	0.00133	0.00467	0.00411	0.00273	0.00682
1	0.00732	0.00951	0.22304	0.00894	0.01136	0.00624	0.00916	0.01006	0.00970	0.01304	0.01966	0.03788	0.05157	0.00980	0.00543	0.00180	0.00453	0.55299	0.00340	0.00459
2	0.00939	0.12090	0.51662	0.01323	0.01874	0.01110	0.22338	0.01359	0.00934	0.01325	0.00778	0.00949	0.00575	0.00392	0.00419	0.00133	0.00639	0.00358	0.00192	0.00612
3	0.01120	0.00821	0.00917	0.00804	0.01015	0.00890	0.00624	0.27720	0.22975	0.05773	0.06799	0.23408	0.01686	0.00779	0.00466	0.00146	0.00350	0.00663	0.02457	0.00589
4	0.01017	0.01162	0.02542	0.01816	0.02251	0.01089	0.80610	0.01380	0.01017	0.01380	0.00871	0.01162	0.00654	0.00363	0.00508	0.00145	0.00726	0.00508	0.00218	0.00581
5	0.05845	0.00684	0.01065	0.56988	0.02229	0.00812	0.00945	0.01034	0.00948	0.01315	0.22177	0.01668	0.01489	0.00548	0.00442	0.00141	0.00462	0.00479	0.00270	0.00459
6	0.01158	0.78480	0.05426	0.00772	0.01145	0.04941	0.00775	0.01310	0.00890	0.01029	0.00608	0.00703	0.00553	0.00373	0.00286	0.00095	0.00480	0.00236	0.00186	0.00554
7	0.00885	0.00515	0.00585	0.00523	0.00718	0.00435	0.00408	0.01009	0.01048	0.22619	0.03661	0.03439	0.60644	0.00944	0.00489	0.00142	0.00257	0.00784	0.00435	0.00461
8	0.23965	0.00997	0.01131	0.00974	0.01075	0.06461	0.00804	0.04958	0.00780	0.01355	0.00603	0.00872	0.00547	0.00629	0.00998	0.00166	0.52644	0.00333	0.00223	0.00484
9	0.00981	0.00902	0.01558	0.01194	0.01459	0.00940	0.35517	0.04024	0.13080	0.01508	0.01115	0.01316	0.00864	0.00483	0.00545	0.00138	0.10154	0.00458	0.23221	0.00541

[dist]
# distance from previous block
# <min> <max>
0	4

[block]
# block no. 7 follows, 61 sequences, length 12
# corresponding to MSA columns:
# 740-751
name=unknown_H
#
# <colnr> <probs for GDERKNQSTAVLIFYWHMCP>
#	G	D	E	R	K	N	Q	S	T	A	V	L	I	F	Y	W	H	M	C	P
0	0.00776	0.00704	0.01127	0.63477	0.02424	0.00852	0.01019	0.01081	0.05758	0.01143	0.01121	0.16514	0.01037	0.00609	0.00453	0.00149	0.00500	0.00544	0.00245	0.00467
1	0.01714	0.00822	0.01023	0.00813	0.01127	0.00799	0.00662	0.09852	0.18976	0.56875	0.01646	0.01455	0.01088	0.00543	0.00434	0.00136	0.00371	0.00441	0.00502	0.00722
2	0.01505	0.01642	0.01165	0.01030	0.01275	0.51575	0.00792	0.12976	0.16092	0.04406	0.00993	0.01084	0.00782	0.00500	0.00410	0.00123	0.00630	0.02139	0.00307	0.00572
3	0.01099	0.59094	0.12409	0.01150	0.16105	0.01490	0.00954	0.01305	0.00899	0.01131	0.00660	0.00788	0.00576	0.00377	0.00321	0.00104	0.00492	0.00270	0.00189	0.00587
4	0.01099	0.62167	0.04083	0.00734	0.01040	0.01418	0.00699	0.05995	0.00888	0.01078	0.00658	0.00832	0.00599	0.00586	0.00548	0.16158	0.00450	0.00269	0.00200	0.00499
5	0.00625	0.00476	0.00587	0.00651	0.00716	0.00483	0.00452	0.00910	0.15636	0.01229	0.02260	0.69327	0.02567	0.01209	0.00529	0.00170	0.00267	0.01089	0.00407	0.00411
6	0.03686	0.00838	0.00938	0.00773	0.01015	0.09360	0.05415	0.09855	0.02472	0.27637	0.07221	0.04328	0.07489	0.00597	0.00419	0.00128	0.00385	0.00493	0.16385	0.00566
7	0.01020	0.53090	0.17897	0.00802	0.01156	0.01320	0.00840	0.01171	0.00824	0.01034	0.00661	0.00848	0.00587	0.00584	0.00561	0.16163	0.00480	0.00274	0.00184	0.00502
8	0.03279	0.00934	0.01211	0.01175	0.16061	0.00936	0.00810	0.26855	0.02965	0.36946	0.03519	0.01292	0.00966	0.00509	0.00430	0.00131	0.00422	0.00416	0.00433	0.00708
9	0.80115	0.00872	0.00682	0.02784	0.00915	0.03885	0.00503	0.01301	0.00768	0.04146	0.00637	0.00736	0.00489	0.00406	0.00280	0.00133	0.00356	0.00244	0.00271	0.00475
10	0.00639	0.02205	0.00646	0.00627	0.00706	0.00490	0.02096	0.00775	0.00779	0.01134	0.01603	0.24862	0.03501	0.05322	0.37716	0.00402	0.00668	0.00678	0.14772	0.00380
11	0.01129	0.64039	0.10069	0.00832	0.01194	0.05355	0.00835	0.01356	0.05105	0.01093	0.00678	0.00778	0.00593	0.00408	0.00365	0.00105	0.05043	0.00263	0.00199	0.00561

[dist]
# distance from previous block
# <min> <max>
0	2

[block]
# block no. 8 follows, 61 sequences, length 42
# corresponding to MSA columns:
# 754-795
name=unknown_I
#
# <colnr> <probs for GDERKNQSTAVLIFYWHMCP>
#	G	D	E	R	K	N	Q	S	T	A	V	L	I	F	Y	W	H	M	C	P
0	0.00523	0.00437	0.00456	0.00451	0.00591	0.00370	0.00338	0.00646	0.01015	0.01244	0.15360	0.04014	0.70953	0.01061	0.00509	0.00144	0.00216	0.00891	0.00411	0.00370
1	0.00953	0.00959	0.01244	0.01081	0.01108	0.05807	0.00890	0.01090	0.03262	0.01059	0.00664	0.01024	0.00637	0.00963	0.08969	0.00230	0.69005	0.00383	0.00202	0.00471
2	0.00523	0.00381	0.00494	0.00585	0.00621	0.00351	0.00393	0.00602	0.00839	0.01106	0.02560	0.77059	0.10250	0.01325	0.00546	0.00172	0.00247	0.01195	0.00400	0.00351
3	0.01592	0.01215	0.01290	0.05474	0.01424	0.04388	0.00840	0.73464	0.01932	0.02565	0.01006	0.01031	0.00717	0.00510	0.00429	0.00129	0.00491	0.00383	0.00410	0.00710
4	0.00634	0.00417	0.00473	0.00475	0.00483	0.00419	0.00274	0.00651	0.00647	0.00887	0.01373	0.04245	0.01550	0.76292	0.04489	0.00404	0.00425	0.00620	0.04966	0.00274
5	0.00935	0.00931	0.01305	0.01121	0.01122	0.01301	0.00933	0.01030	0.00660	0.01036	0.00579	0.00960	0.00577	0.00812	0.03315	0.00200	0.82144	0.00379	0.00189	0.00469
6	0.00536	0.00393	0.00546	0.00627	0.00662	0.00367	0.02215	0.00617	0.00829	0.01106	0.02340	0.82693	0.02799	0.01327	0.00549	0.00174	0.00261	0.01208	0.00396	0.00355
7	0.01071	0.00925	0.00974	0.00877	0.01120	0.01071	0.00682	0.02289	0.81396	0.01802	0.01753	0.01607	0.01315	0.00584	0.00438	0.00146	0.00341	0.00487	0.00438	0.00682
8	0.01637	0.01207	0.01293	0.00991	0.01336	0.01336	0.00819	0.80738	0.02025	0.02715	0.01034	0.01034	0.00733	0.00517	0.00431	0.00129	0.00474	0.00388	0.00431	0.00733
9	0.00509	0.00436	0.00436	0.00436	0.00582	0.00364	0.00327	0.00618	0.00982	0.01164	0.04364	0.04146	0.82000	0.01091	0.00509	0.00145	0.00218	0.00909	0.00400	0.00364
10	0.00615	0.00462	0.00692	0.00692	0.00769	0.00538	0.00538	0.00769	0.00692	0.01000	0.01154	0.01692	0.01077	0.03231	0.83154	0.00692	0.01154	0.00462	0.00231	0.00385
11	0.01152	0.85121	0.02257	0.00737	0.01106	0.01704	0.00737	0.01290	0.00875	0.01013	0.00599	0.00691	0.00553	0.00369	0.00276	0.00092	0.00461	0.00230	0.00184	0.00553
12	0.00942	0.00942	0.01319	0.01131	0.01131	0.01319	0.00942	0.01037	0.00660	0.01037	0.00565	0.00942	0.00565	0.00754	0.01414	0.00188	0.84073	0.00377	0.00188	0.00471
13	0.01637	0.01207	0.01293	0.00991	0.01336	0.01336	0.00819	0.80738	0.02025	0.02715	0.01034	0.01034	0.00733	0.00517	0.00431	0.00129	0.00474	0.00388	0.00431	0.00733
14	0.00509	0.00436	0.00436	0.00436	0.00582	0.00364	0.00327	0.00618	0.00982	0.01164	0.04364	0.04146	0.82000	0.01091	0.00509	0.00145	0.00218	0.00909	0.00400	0.00364
15	0.00626	0.00418	0.00470	0.00470	0.00470	0.00418	0.00261	0.00626	0.00626	0.00835	0.01357	0.02819	0.01566	0.84862	0.02192	0.00418	0.00418	0.00626	0.00261	0.00261
16	0.00864	0.02228	0.82630	0.01228	0.01864	0.01000	0.01592	0.01364	0.00909	0.01364	0.00773	0.00909	0.00546	0.00409	0.00409	0.00136	0.00637	0.00318	0.00182	0.00637
17	0.01933	0.00733	0.01000	0.00766	0.01100	0.00633	0.00633	0.02099	0.01233	0.82473	0.01699	0.01466	0.01066	0.00533	0.00433	0.00133	0.00367	0.00433	0.00533	0.00733
18	0.00626	0.00418	0.00470	0.00470	0.00470	0.00418	0.00261	0.00626	0.00626	0.00835	0.01357	0.02819	0.01566	0.84862	0.02192	0.00418	0.00418	0.00626	0.00261	0.00261
19	0.01637	0.01207	0.01293	0.00991	0.01336	0.01336	0.00819	0.80738	0.02025	0.02715	0.01034	0.01034	0.00733	0.00517	0.00431	0.00129	0.00474	0.00388	0.00431	0.00733
20	0.01042	0.00999	0.01706	0.10235	0.74768	0.01017	0.01310	0.01301	0.00970	0.01379	0.00806	0.01074	0.00672	0.00388	0.00427	0.00129	0.00518	0.00384	0.00211	0.00663
21	0.00610	0.00440	0.00576	0.00542	0.00644	0.00406	0.00406	0.00813	0.01219	0.01727	0.81947	0.03218	0.04064	0.00881	0.00508	0.00135	0.00203	0.00779	0.00474	0.00406
22	0.00606	0.00440	0.00571	0.00539	0.00642	0.00405	0.00404	0.00807	0.01212	0.01709	0.79480	0.03247	0.06543	0.00887	0.00508	0.00136	0.00204	0.00783	0.00472	0.00405
23	0.01017	0.01162	0.02542	0.01816	0.02251	0.01089	0.80610	0.01380	0.01017	0.01380	0.00871	0.01162	0.00654	0.00363	0.00508	0.00145	0.00726	0.00508	0.00218	0.00581
24	0.01052	0.01010	0.01724	0.07033	0.77892	0.01020	0.01315	0.01310	0.00974	0.01391	0.00808	0.01071	0.00676	0.00386	0.00427	0.00129	0.00515	0.00384	0.00212	0.00671
25	0.00541	0.00386	0.00518	0.00618	0.00650	0.00364	0.00427	0.00627	0.00840	0.01117	0.02365	0.77126	0.02814	0.01335	0.00554	0.00177	0.00264	0.08523	0.00400	0.00354
26	0.00515	0.00437	0.00444	0.00442	0.00585	0.00366	0.00332	0.00629	0.00995	0.01194	0.08559	0.04095	0.77786	0.01080	0.00509	0.00145	0.00217	0.00902	0.00404	0.00366
27	0.00955	0.00792	0.00918	0.00664	0.01041	0.00626	0.00532	0.05431	0.02462	0.02863	0.00814	0.00924	0.00663	0.00338	0.00329	0.00070	0.00329	0.00270	0.00273	0.79706
28	0.01010	0.01141	0.02427	0.01752	0.02147	0.01111	0.73160	0.01348	0.00983	0.01348	0.00843	0.01141	0.00645	0.00400	0.00593	0.00149	0.08520	0.00496	0.00215	0.00571
29	0.00538	0.00383	0.00519	0.00608	0.00637	0.00368	0.00412	0.00615	0.00807	0.01083	0.02228	0.75179	0.02642	0.01528	0.08296	0.01953	0.00337	0.01136	0.00380	0.00350
30	0.01029	0.00761	0.00907	0.00655	0.01031	0.00582	0.00526	0.01218	0.00938	0.12030	0.00888	0.00968	0.00694	0.00347	0.00334	0.00073	0.00325	0.00279	0.00292	0.76123
31	0.01264	0.00884	0.00995	0.00886	0.02672	0.00972	0.00683	0.02228	0.61918	0.19842	0.01723	0.01565	0.01247	0.00569	0.00437	0.00143	0.00350	0.00473	0.00455	0.00693
32	0.00525	0.00375	0.00500	0.00600	0.00625	0.00350	0.00400	0.00600	0.00825	0.01100	0.02374	0.84580	0.02849	0.01350	0.00550	0.00175	0.00250	0.01225	0.00400	0.00350
33	0.00864	0.02228	0.82630	0.01228	0.01864	0.01000	0.01592	0.01364	0.00909	0.01364	0.00773	0.00909	0.00546	0.00409	0.00409	0.00136	0.00637	0.00318	0.00182	0.00637
34	0.01902	0.02220	0.01433	0.01314	0.01556	0.79172	0.00962	0.01922	0.01415	0.01375	0.01000	0.01236	0.00869	0.00660	0.00531	0.00172	0.00870	0.00389	0.00335	0.00669
35	0.00534	0.00379	0.00497	0.00588	0.00610	0.00356	0.00387	0.00602	0.00806	0.01075	0.02279	0.76935	0.02729	0.09159	0.00703	0.00198	0.00266	0.01169	0.00387	0.00342
36	0.04931	0.00399	0.00504	0.00592	0.00632	0.00382	0.00400	0.00645	0.00822	0.01157	0.02256	0.77868	0.02677	0.01276	0.00528	0.00171	0.00253	0.01150	0.03000	0.00357
37	0.01601	0.03722	0.01246	0.01096	0.01327	0.77337	0.00830	0.05688	0.01254	0.01137	0.00683	0.00788	0.00564	0.00446	0.00388	0.00112	0.00755	0.00282	0.00232	0.00512
38	0.00538	0.00464	0.00505	0.00554	0.04690	0.00396	0.00380	0.00653	0.00976	0.01174	0.04110	0.07012	0.74933	0.01065	0.00506	0.00146	0.00234	0.00895	0.00391	0.00379
39	0.00580	0.00426	0.00552	0.00657	0.04690	0.00405	0.00408	0.00649	0.00799	0.01056	0.02217	0.50418	0.09803	0.22872	0.00965	0.00233	0.00306	0.02263	0.00355	0.00346
40	0.00700	0.00627	0.00550	0.00526	0.00689	0.09359	0.00397	0.00812	0.01020	0.05244	0.03828	0.03645	0.69088	0.00993	0.00492	0.00141	0.00286	0.00817	0.00387	0.00397
41	0.01499	0.01143	0.01254	0.00987	0.01302	0.03833	0.03180	0.54622	0.14226	0.06398	0.01139	0.01134	0.00823	0.00525	0.00467	0.00133	0.03601	0.00402	0.00411	0.02921

[dist]
# distance from previous block
# <min> <max>
0	6

[block]
# block no. 9 follows, 61 sequences, length 40
# corresponding to MSA columns:
# 802-839,845,846
name=unknown_J
#
# <colnr> <probs for GDERKNQSTAVLIFYWHMCP>
#	G	D	E	R	K	N	Q	S	T	A	V	L	I	F	Y	W	H	M	C	P
0	0.01898	0.00789	0.01035	0.00793	0.01128	0.00717	0.00655	0.11454	0.01327	0.72985	0.01620	0.01415	0.01027	0.00531	0.00433	0.00133	0.00379	0.00428	0.00521	0.00733
1	0.00626	0.00418	0.00470	0.00470	0.00470	0.00418	0.00261	0.00626	0.00626	0.00835	0.01357	0.02819	0.01566	0.84862	0.02192	0.00418	0.00418	0.00626	0.00261	0.00261
2	0.00525	0.00375	0.00500	0.00600	0.00625	0.00350	0.00400	0.00600	0.00825	0.01100	0.02374	0.84580	0.02849	0.01350	0.00550	0.00175	0.00250	0.01225	0.00400	0.00350
3	0.00619	0.00421	0.00500	0.00506	0.00517	0.00429	0.00305	0.00643	0.00646	0.00872	0.01390	0.07417	0.01577	0.69499	0.12529	0.00439	0.00503	0.00640	0.00265	0.00282
4	0.01152	0.85121	0.02257	0.00737	0.01106	0.01704	0.00737	0.01290	0.00875	0.01013	0.00599	0.00691	0.00553	0.00369	0.00276	0.00092	0.00461	0.00230	0.00184	0.00553
5	0.00610	0.00440	0.00576	0.00542	0.00644	0.00406	0.00406	0.00813	0.01219	0.01727	0.81947	0.03218	0.04064	0.00881	0.00508	0.00135	0.00203	0.00779	0.00474	0.00406
6	0.00635	0.00471	0.00637	0.00654	0.05069	0.00440	0.00453	0.00836	0.01192	0.01689	0.75644	0.03091	0.03822	0.02828	0.00543	0.00142	0.00225	0.00754	0.00455	0.00418
7	0.01607	0.01191	0.01275	0.00985	0.01324	0.01321	0.00811	0.76476	0.06337	0.02665	0.01073	0.01065	0.00764	0.00521	0.00431	0.00130	0.00467	0.00393	0.00431	0.00730
8	0.01051	0.01009	0.01722	0.07353	0.77580	0.01020	0.01315	0.01309	0.00974	0.01389	0.00808	0.01071	0.00676	0.00387	0.00427	0.00129	0.00515	0.00384	0.00212	0.00670
9	0.00509	0.00436	0.00436	0.00436	0.00582	0.00364	0.00327	0.00618	0.00982	0.01164	0.04364	0.04146	0.82000	0.01091	0.00509	0.00145	0.00218	0.00909	0.00400	0.00364
10	0.00615	0.00462	0.00692	0.00692	0.00769	0.00538	0.00538	0.00769	0.00692	0.01000	0.01154	0.01692	0.01077	0.03231	0.83154	0.00692	0.01154	0.00462	0.00231	0.00385
11	0.00521	0.00437	0.00453	0.00449	0.00589	0.00369	0.00336	0.00641	0.01009	0.01229	0.13385	0.04038	0.72938	0.01066	0.00509	0.00144	0.00216	0.00894	0.00409	0.00369
12	0.01933	0.00733	0.01000	0.00766	0.01100	0.00633	0.00633	0.02099	0.01233	0.82473	0.01699	0.01466	0.01066	0.00533	0.00433	0.00133	0.00367	0.00433	0.00533	0.00733
13	0.01071	0.00925	0.00974	0.00877	0.01120	0.01071	0.00682	0.02289	0.81396	0.01802	0.01753	0.01607	0.01315	0.00584	0.00438	0.00146	0.00341	0.00487	0.00438	0.00682
14	0.01152	0.85121	0.02257	0.00737	0.01106	0.01704	0.00737	0.01290	0.00875	0.01013	0.00599	0.00691	0.00553	0.00369	0.00276	0.00092	0.00461	0.00230	0.00184	0.00553
15	0.01511	0.01065	0.01144	0.00892	0.01196	0.01167	0.00731	0.65754	0.01819	0.04913	0.01112	0.01159	0.00809	0.01995	0.00444	0.00130	0.00431	0.00395	0.12654	0.00678
16	0.01573	0.01150	0.01238	0.00967	0.01297	0.01272	0.00793	0.67052	0.12653	0.05787	0.01157	0.01128	0.00824	0.00527	0.00432	0.00132	0.00452	0.00403	0.00436	0.00726
17	0.00893	0.00766	0.00893	0.00638	0.01021	0.00574	0.00510	0.01085	0.00893	0.01404	0.00766	0.00893	0.00638	0.00319	0.00319	0.00064	0.00319	0.00255	0.00255	0.87495
18	0.00610	0.00440	0.00576	0.00542	0.00644	0.00406	0.00406	0.00813	0.01219	0.01727	0.81947	0.03218	0.04064	0.00881	0.00508	0.00135	0.00203	0.00779	0.00474	0.00406
19	0.01152	0.85121	0.02257	0.00737	0.01106	0.01704	0.00737	0.01290	0.00875	0.01013	0.00599	0.00691	0.00553	0.00369	0.00276	0.00092	0.00461	0.00230	0.00184	0.00553
20	0.00684	0.00493	0.00680	0.00774	0.00876	0.00489	0.00674	0.00878	0.00991	0.01282	0.02394	0.04820	0.06799	0.01185	0.00590	0.00195	0.00387	0.75018	0.00397	0.00395
21	0.01017	0.01162	0.02542	0.01816	0.02251	0.01089	0.80610	0.01380	0.01017	0.01380	0.00871	0.01162	0.00654	0.00363	0.00508	0.00145	0.00726	0.00508	0.00218	0.00581
22	0.03372	0.01179	0.01257	0.00974	0.01311	0.01310	0.00802	0.73692	0.07474	0.02636	0.01075	0.01067	0.00767	0.00519	0.00428	0.00131	0.00462	0.00391	0.00428	0.00724
23	0.00615	0.00462	0.00692	0.00692	0.00769	0.00538	0.00538	0.00769	0.00692	0.01000	0.01154	0.01692	0.01077	0.03231	0.83154	0.00692	0.01154	0.00462	0.00231	0.00385
24	0.00868	0.02202	0.80696	0.01242	0.01874	0.01003	0.03499	0.01365	0.00912	0.01365	0.00775	0.00916	0.00548	0.00408	0.00412	0.00137	0.00639	0.00323	0.00183	0.00635
25	0.00525	0.00375	0.00500	0.00600	0.00625	0.00350	0.00400	0.00600	0.00825	0.01100	0.02374	0.84580	0.02849	0.01350	0.00550	0.00175	0.00250	0.01225	0.00400	0.00350
26	0.05856	0.00427	0.00415	0.00411	0.00521	0.00434	0.00311	0.01019	0.00893	0.01625	0.01358	0.01553	0.01067	0.00496	0.00299	0.00102	0.00208	0.00392	0.82207	0.00405
27	0.00803	0.00401	0.00401	0.00401	0.00502	0.00401	0.00301	0.01004	0.00903	0.01606	0.01405	0.01606	0.01104	0.00502	0.00301	0.00100	0.00201	0.00401	0.87253	0.00401
28	0.01152	0.85121	0.02257	0.00737	0.01106	0.01704	0.00737	0.01290	0.00875	0.01013	0.00599	0.00691	0.00553	0.00369	0.00276	0.00092	0.00461	0.00230	0.00184	0.00553
29	0.00694	0.00496	0.00694	0.00793	0.00892	0.00496	0.00694	0.00892	0.00992	0.01289	0.02281	0.04859	0.02479	0.01190	0.00595	0.00198	0.00397	0.79275	0.00397	0.00397
30	0.00523	0.00440	0.00455	0.00460	0.00602	0.00373	0.00351	0.00640	0.00989	0.01187	0.06433	0.04161	0.75187	0.01091	0.00514	0.00148	0.00228	0.05451	0.00402	0.00367
31	0.01152	0.85121	0.02257	0.00737	0.01106	0.01704	0.00737	0.01290	0.00875	0.01013	0.00599	0.00691	0.00553	0.00369	0.00276	0.00092	0.00461	0.00230	0.00184	0.00553
32	0.00609	0.00440	0.00576	0.00549	0.00648	0.00407	0.00413	0.00809	0.01203	0.01700	0.77953	0.05551	0.03995	0.00901	0.00511	0.00138	0.00209	0.02513	0.00470	0.00405
33	0.00603	0.00435	0.00570	0.00546	0.00642	0.00402	0.00406	0.00797	0.01190	0.01681	0.76017	0.09281	0.03974	0.00916	0.00511	0.00138	0.00207	0.00812	0.00469	0.00402
34	0.00622	0.00512	0.00534	0.00516	0.00674	0.00466	0.00398	0.06659	0.03648	0.01306	0.03870	0.05522	0.67108	0.01043	0.00507	0.00148	0.00252	0.05409	0.00403	0.00403
35	0.01136	0.78847	0.02187	0.00766	0.01107	0.01676	0.00752	0.01271	0.00859	0.01015	0.00596	0.00710	0.00554	0.00397	0.00361	0.00099	0.06692	0.00241	0.00185	0.00547
36	0.00604	0.00455	0.00563	0.00571	0.00665	0.00433	0.00415	0.00831	0.07040	0.01463	0.40947	0.28654	0.13673	0.01033	0.00516	0.00150	0.00230	0.00914	0.00439	0.00404
37	0.01561	0.01151	0.01248	0.00969	0.01294	0.01276	0.00798	0.74778	0.01926	0.02587	0.01043	0.01083	0.00758	0.00719	0.06596	0.00171	0.00525	0.00393	0.00416	0.00707
38	0.11969	0.03563	0.06811	0.00636	0.00842	0.05193	0.00547	0.12846	0.01037	0.01673	0.01085	0.01261	0.00854	0.00592	0.01795	0.06254	0.00358	0.00359	0.41854	0.00471
39	0.00523	0.00439	0.00457	0.00467	0.00606	0.00373	0.00356	0.00638	0.00979	0.01172	0.04163	0.06044	0.74257	0.01104	0.00516	0.00150	0.00232	0.06757	0.00400	0.00366

[dist]
# distance from previous block
# <min> <max>
4	16

[block]
# block no. 10 follows, 61 sequences, length 43
# corresponding to MSA columns:
# 902-912,920-951
name=unknown_K
#
# <colnr> <probs for GDERKNQSTAVLIFYWHMCP>
#	G	D	E	R	K	N	Q	S	T	A	V	L	I	F	Y	W	H	M	C	P
