[name]
unknown

[dist]
# distance from previous block
# <min> <max>
7	952

[block]
# block no. 0 follows, 52 sequences, length 6
# corresponding to MSA columns:
# 1157-1162
name=unknown_A
#
# <colnr> <probs for GDERKNQSTAVLIFYWHMCP>
#	G	D	E	R	K	N	Q	S	T	A	V	L	I	F	Y	W	H	M	C	P
0	0.01006	0.01149	0.22036	0.00878	0.01208	0.00765	0.00867	0.04493	0.08107	0.10642	0.22446	0.04949	0.13864	0.04694	0.00613	0.00171	0.00421	0.00676	0.00421	0.00594
1	0.01367	0.01160	0.01442	0.12948	0.01759	0.05471	0.10218	0.23991	0.24649	0.04228	0.01404	0.04373	0.01081	0.00599	0.00496	0.00156	0.00536	0.00515	0.02904	0.00704
2	0.17635	0.00701	0.00807	0.00708	0.00915	0.00720	0.04634	0.04817	0.03918	0.12434	0.01543	0.11349	0.01322	0.04562	0.00511	0.00158	0.00349	0.00553	0.31825	0.00541
3	0.00638	0.00470	0.00597	0.00627	0.00701	0.00451	0.00441	0.00763	0.01003	0.01348	0.19593	0.30581	0.15268	0.12360	0.12601	0.00303	0.00437	0.00997	0.00420	0.00403
4	0.01164	0.01128	0.01934	0.02532	0.59090	0.01086	0.10605	0.01456	0.01094	0.01579	0.00912	0.01184	0.00756	0.00418	0.00473	0.00136	0.00573	0.00428	0.00247	0.13203
5	0.00797	0.00614	0.00796	0.12561	0.01190	0.00643	0.00639	0.01123	0.12048	0.03606	0.08429	0.28673	0.13050	0.06521	0.00694	0.00198	0.00370	0.07140	0.00422	0.00484

[dist]
# distance from previous block
# <min> <max>
1	2

[block]
# block no. 1 follows, 52 sequences, length 102
# corresponding to MSA columns:
# 1165-1169,1194-1290
name=unknown_B
#
# <colnr> <probs for GDERKNQSTAVLIFYWHMCP>
#	G	D	E	R	K	N	Q	S	T	A	V	L	I	F	Y	W	H	M	C	P
0	0.00674	0.03448	0.00640	0.00649	0.00701	0.00472	0.00438	0.00753	0.00919	0.02901	0.05021	0.57953	0.05481	0.16464	0.00943	0.00240	0.00324	0.01165	0.00418	0.00395
1	0.03791	0.00557	0.00608	0.00614	0.00762	0.00522	0.00466	0.03898	0.03799	0.01460	0.07850	0.15545	0.45164	0.04078	0.00640	0.00184	0.00299	0.08876	0.00446	0.00442
2	0.01112	0.00966	0.01104	0.00926	0.07160	0.05326	0.00670	0.01326	0.01048	0.04615	0.00899	0.01037	0.00735	0.00382	0.00378	0.00083	0.00407	0.00307	0.00294	0.71225
3	0.01476	0.00917	0.01083	0.00966	0.03881	0.00957	0.00733	0.15813	0.24946	0.23500	0.03514	0.12551	0.01546	0.00738	0.00500	0.00158	0.00400	0.00621	0.04979	0.00720
4	0.03845	0.00593	0.00810	0.00791	0.00894	0.02206	0.00618	0.00930	0.00800	0.01190	0.01239	0.01794	0.01146	0.03229	0.70440	0.00695	0.03993	0.00496	0.02093	0.02198
5	0.00995	0.00930	0.01385	0.26761	0.06342	0.01199	0.01090	0.03952	0.00897	0.01272	0.00879	0.03252	0.00802	0.03369	0.08543	0.00250	0.36840	0.00467	0.00237	0.00538
6	0.01812	0.01339	0.01438	0.01101	0.01490	0.01472	0.00909	0.75535	0.02232	0.03001	0.01153	0.01158	0.00820	0.00574	0.00480	0.00143	0.00527	0.00431	0.00478	0.03910
7	0.01182	0.01021	0.01074	0.00968	0.01238	0.01176	0.00753	0.02507	0.76244	0.02001	0.02079	0.01912	0.04317	0.00678	0.00496	0.00164	0.00379	0.00565	0.00492	0.00754
8	0.01296	0.83261	0.02539	0.00829	0.01244	0.01917	0.00829	0.01451	0.00985	0.01140	0.00674	0.00777	0.00622	0.00415	0.00311	0.00104	0.00518	0.00259	0.00207	0.00622
9	0.00705	0.00470	0.00529	0.00529	0.00529	0.00470	0.00294	0.00705	0.00705	0.00940	0.01527	0.03171	0.01762	0.82969	0.02467	0.00470	0.00470	0.00705	0.00294	0.00294
10	0.00972	0.02507	0.80458	0.01381	0.02097	0.01125	0.01790	0.01535	0.01023	0.01535	0.00870	0.01023	0.00614	0.00460	0.00460	0.00153	0.00716	0.00358	0.00205	0.00716
11	0.00686	0.00495	0.00648	0.00610	0.00724	0.00457	0.00457	0.00914	0.01372	0.01943	0.79691	0.03620	0.04572	0.00991	0.00572	0.00152	0.00229	0.00876	0.00533	0.00457
12	0.01060	0.01060	0.01484	0.01272	0.01272	0.01484	0.01060	0.01166	0.00742	0.01166	0.00636	0.01060	0.00636	0.00848	0.01590	0.00212	0.82082	0.00424	0.00212	0.00530
13	0.00915	0.00861	0.01453	0.81804	0.03338	0.01077	0.01346	0.01238	0.00969	0.01238	0.00861	0.01292	0.00646	0.00484	0.00484	0.00161	0.00646	0.00431	0.00215	0.00538
14	0.01779	0.02258	0.01378	0.01249	0.01489	0.77716	0.00941	0.01903	0.01347	0.01185	0.00744	0.00882	0.00625	0.00514	0.00485	0.00128	0.04251	0.00317	0.00248	0.00560
15	0.00842	0.00421	0.00631	0.00631	0.00631	0.00421	0.00421	0.00631	0.00631	0.00842	0.00842	0.01473	0.00842	0.01684	0.01894	0.85901	0.00421	0.00421	0.00210	0.00210
16	0.00594	0.00424	0.00566	0.00679	0.00709	0.00397	0.00456	0.00681	0.00931	0.01241	0.02669	0.81185	0.03197	0.01515	0.00619	0.00197	0.00284	0.02810	0.00450	0.00395
17	0.02174	0.00825	0.01125	0.00862	0.01237	0.00712	0.00712	0.02362	0.01387	0.80282	0.01912	0.01649	0.01200	0.00600	0.00487	0.00150	0.00412	0.00487	0.00600	0.00825
18	0.00602	0.00502	0.00527	0.00529	0.00682	0.00435	0.00393	0.00767	0.03386	0.01378	0.10928	0.10313	0.65451	0.01213	0.00574	0.00165	0.00251	0.01023	0.00458	0.00422
19	0.01205	0.01041	0.01096	0.00986	0.01260	0.01205	0.00767	0.02575	0.79071	0.02027	0.01972	0.01808	0.01479	0.00657	0.00493	0.00164	0.00384	0.00548	0.00493	0.00767
20	0.01049	0.01037	0.02594	0.01132	0.01188	0.05837	0.00930	0.04343	0.00850	0.01229	0.00841	0.01344	0.00818	0.07217	0.14501	0.00315	0.53569	0.00453	0.00239	0.00514
21	0.01815	0.01569	0.01435	0.02899	0.01542	0.20091	0.00934	0.58789	0.02038	0.02578	0.01060	0.01099	0.00774	0.00560	0.00474	0.00141	0.00615	0.00407	0.00424	0.00757
22	0.00658	0.00522	0.00660	0.07046	0.00935	0.03142	0.00535	0.00767	0.00959	0.01252	0.04180	0.70141	0.04611	0.01385	0.00600	0.00190	0.00328	0.01249	0.00427	0.00412
23	0.01141	0.00968	0.01094	0.00837	0.02806	0.02427	0.00653	0.11199	0.04539	0.01780	0.00947	0.01061	0.00763	0.00405	0.00385	0.00088	0.00397	0.00321	0.00320	0.67870
24	0.00635	0.00492	0.00573	0.00600	0.00714	0.00448	0.00439	0.00793	0.03751	0.01370	0.12390	0.25500	0.39626	0.01329	0.02176	0.03751	0.00294	0.04255	0.00447	0.00416
25	0.03209	0.09432	0.04870	0.01846	0.31731	0.15549	0.03512	0.14827	0.02508	0.05337	0.00956	0.01109	0.00754	0.00486	0.00472	0.00140	0.01850	0.00396	0.00300	0.00715
26	0.01061	0.01651	0.33103	0.11384	0.24851	0.01121	0.11695	0.03017	0.01068	0.01522	0.00929	0.01236	0.00730	0.03882	0.00568	0.00166	0.00666	0.00432	0.00231	0.00686
27	0.00842	0.00421	0.00631	0.00631	0.00631	0.00421	0.00421	0.00631	0.00631	0.00842	0.00842	0.01473	0.00842	0.01684	0.01894	0.85901	0.00421	0.00421	0.00210	0.00210
28	0.00692	0.00519	0.00779	0.00779	0.00865	0.00606	0.00606	0.00865	0.00779	0.01125	0.01298	0.01904	0.01211	0.03634	0.81049	0.00779	0.01298	0.00519	0.00260	0.00433
29	0.00838	0.00669	0.00828	0.00781	0.00911	0.01835	0.01696	0.03430	0.14832	0.01493	0.15811	0.06724	0.06117	0.12149	0.26143	0.00397	0.02629	0.01837	0.00382	0.00494
30	0.01326	0.22971	0.34326	0.01169	0.01659	0.16433	0.01253	0.05632	0.01154	0.05626	0.00859	0.00974	0.00661	0.00484	0.00461	0.00137	0.03620	0.00337	0.00250	0.00668
31	0.01597	0.11602	0.12868	0.01122	0.04329	0.15076	0.00980	0.13718	0.09706	0.20128	0.02329	0.01308	0.01997	0.00550	0.00455	0.00141	0.00567	0.00419	0.00388	0.00719
32	0.01214	0.01134	0.03110	0.02900	0.16934	0.02433	0.04281	0.04715	0.49315	0.01870	0.01560	0.01564	0.01193	0.00600	0.00550	0.00161	0.04814	0.00506	0.00402	0.00743
33	0.01820	0.01341	0.01441	0.01109	0.01491	0.01486	0.00915	0.76852	0.02250	0.03017	0.01166	0.01178	0.00832	0.00640	0.02022	0.00158	0.00548	0.00438	0.00480	0.00817
34	0.01032	0.01931	0.45683	0.01548	0.03597	0.02743	0.25433	0.01497	0.01073	0.01527	0.01066	0.01308	0.03339	0.00480	0.00498	0.00154	0.00712	0.01732	0.00235	0.04414
35	0.00842	0.00421	0.00631	0.00631	0.00631	0.00421	0.00421	0.00631	0.00631	0.00842	0.00842	0.01473	0.00842	0.01684	0.01894	0.85901	0.00421	0.00421	0.00210	0.00210
36	0.01205	0.01041	0.01096	0.00986	0.01260	0.01205	0.00767	0.02575	0.79071	0.02027	0.01972	0.01808	0.01479	0.00657	0.00493	0.00164	0.00384	0.00548	0.00493	0.00767
37	0.00589	0.00426	0.00558	0.00663	0.00700	0.00395	0.00445	0.00676	0.00939	0.01242	0.02811	0.77775	0.07993	0.01500	0.00616	0.00195	0.00279	0.01355	0.00450	0.00395
38	0.01296	0.83261	0.02539	0.00829	0.01244	0.01917	0.00829	0.01451	0.00985	0.01140	0.00674	0.00777	0.00622	0.00415	0.00311	0.00104	0.00518	0.00259	0.00207	0.00622
39	0.00692	0.00519	0.00779	0.00779	0.00865	0.00606	0.00606	0.00865	0.00779	0.01125	0.01298	0.01904	0.01211	0.03634	0.81049	0.00779	0.01298	0.00519	0.00260	0.00433
40	0.01005	0.00861	0.01005	0.00718	0.01148	0.00646	0.00574	0.01220	0.01005	0.01579	0.00861	0.01005	0.00718	0.00359	0.00359	0.00072	0.00359	0.00287	0.00287	0.85932
41	0.01005	0.00861	0.01005	0.00718	0.01148	0.00646	0.00574	0.01220	0.01005	0.01579	0.00861	0.01005	0.00718	0.00359	0.00359	0.00072	0.00359	0.00287	0.00287	0.85932
42	0.00653	0.00449	0.00549	0.00604	0.00619	0.00436	0.00376	0.00697	0.00817	0.01088	0.02079	0.40104	0.02453	0.43507	0.01572	0.00338	0.00382	0.02564	0.00369	0.00343
43	0.00705	0.00470	0.00529	0.00529	0.00529	0.00470	0.00294	0.00705	0.00705	0.00940	0.01527	0.03171	0.01762	0.82969	0.02467	0.00470	0.00470	0.00705	0.00294	0.00294
44	0.02174	0.00825	0.01125	0.00862	0.01237	0.00712	0.00712	0.02362	0.01387	0.80282	0.01912	0.01649	0.01200	0.00600	0.00487	0.00150	0.00412	0.00487	0.00600	0.00825
45	0.00805	0.00445	0.00668	0.00668	0.00690	0.00467	0.00467	0.00690	0.00668	0.00912	0.00955	0.01580	0.00934	0.02170	0.21618	0.64690	0.00639	0.00445	0.00223	0.00266
46	0.00692	0.00467	0.00541	0.00555	0.00565	0.00462	0.00327	0.00714	0.00763	0.01021	0.04516	0.12724	0.02055	0.68806	0.02145	0.00421	0.00438	0.02150	0.00324	0.00314
47	0.00972	0.02507	0.80458	0.01381	0.02097	0.01125	0.01790	0.01535	0.01023	0.01535	0.00870	0.01023	0.00614	0.00460	0.00460	0.00153	0.00716	0.00358	0.00205	0.00716
48	0.00740	0.00504	0.00748	0.03512	0.00872	0.00568	0.00566	0.00818	0.00750	0.01063	0.01191	0.01845	0.01133	0.07197	0.53894	0.21049	0.01005	0.00501	0.01667	0.00376
49	0.08180	0.00570	0.00656	0.00641	0.00775	0.00554	0.00464	0.01114	0.03428	0.12846	0.03988	0.23839	0.11626	0.16802	0.00891	0.00225	0.00342	0.03439	0.09147	0.00471
50	0.00595	0.00425	0.00567	0.00680	0.00709	0.00397	0.00457	0.00682	0.00932	0.01242	0.02669	0.80972	0.03196	0.01514	0.00620	0.00197	0.00285	0.03018	0.00450	0.00395
51	0.03381	0.01304	0.01413	0.01085	0.01470	0.01428	0.00896	0.70436	0.02176	0.09667	0.01219	0.01198	0.00851	0.00581	0.00482	0.00146	0.00520	0.00438	0.00491	0.00819
52	0.01014	0.01030	0.01845	0.01527	0.06972	0.03973	0.35589	0.01265	0.01007	0.01380	0.01265	0.10148	0.02809	0.05249	0.07729	0.02100	0.10549	0.00625	0.03367	0.00555
53	0.02867	0.00531	0.00637	0.00597	0.00735	0.00485	0.00439	0.00976	0.01189	0.09239	0.38426	0.06268	0.22562	0.11959	0.00812	0.00199	0.00288	0.00855	0.00478	0.00458
54	0.04003	0.00827	0.01116	0.00857	0.01231	0.00720	0.00708	0.02341	0.01375	0.78586	0.01885	0.01631	0.01185	0.00597	0.00483	0.00150	0.00412	0.00482	0.00593	0.00818
55	0.01251	0.00966	0.01573	0.08698	0.28056	0.00970	0.10392	0.07701	0.01234	0.13512	0.10374	0.03418	0.01367	0.02138	0.06002	0.00199	0.00583	0.00540	0.00354	0.00672
56	0.00741	0.00527	0.00679	0.01883	0.00753	0.00566	0.00470	0.03309	0.00843	0.01167	0.04798	0.12514	0.01795	0.36989	0.25276	0.02010	0.02648	0.00711	0.01938	0.00382
57	0.00690	0.00478	0.00564	0.00555	0.00599	0.00461	0.00351	0.00769	0.00937	0.01276	0.25923	0.05078	0.06679	0.51648	0.01743	0.00350	0.00380	0.00789	0.00379	0.00352
58	0.01308	0.81354	0.02512	0.00839	0.01250	0.03781	0.00832	0.01462	0.00994	0.01141	0.00675	0.00780	0.00622	0.00417	0.00314	0.00104	0.00527	0.00260	0.00208	0.00620
59	0.01065	0.02103	0.05847	0.02495	0.06650	0.00800	0.00757	0.05004	0.01073	0.02750	0.01002	0.01147	0.03025	0.00430	0.00433	0.00096	0.03349	0.00340	0.00293	0.61338
60	0.01235	0.08073	0.27333	0.07179	0.22125	0.10565	0.09144	0.01591	0.01111	0.05833	0.00920	0.01113	0.00702	0.00458	0.00465	0.00145	0.00672	0.00398	0.00246	0.00692
61	0.00781	0.00558	0.00781	0.00892	0.01004	0.00558	0.00781	0.01004	0.01116	0.01450	0.02566	0.05466	0.02789	0.01339	0.00669	0.00223	0.00446	0.76685	0.00446	0.00446
62	0.00597	0.00429	0.00567	0.00666	0.00703	0.00399	0.00449	0.00692	0.00964	0.01289	0.08264	0.75276	0.04960	0.01474	0.00614	0.00193	0.00277	0.01334	0.00456	0.00399
63	0.04000	0.03787	0.11331	0.11744	0.22913	0.13297	0.03989	0.03652	0.01145	0.01514	0.08031	0.01523	0.05211	0.00631	0.02270	0.00162	0.03423	0.00471	0.00279	0.00624
64	0.00650	0.02161	0.00628	0.00595	0.00712	0.00462	0.00440	0.00820	0.01206	0.01621	0.43205	0.19329	0.24114	0.01145	0.00576	0.00163	0.00249	0.01001	0.00488	0.00435
65	0.01257	0.20322	0.17467	0.03946	0.05138	0.08000	0.06849	0.07846	0.16222	0.01602	0.01046	0.01158	0.00819	0.00521	0.00514	0.00145	0.05774	0.00400	0.00293	0.00680
66	0.01753	0.02169	0.01388	0.01294	0.04180	0.71707	0.00951	0.05060	0.01377	0.01276	0.00780	0.00921	0.00649	0.00568	0.02003	0.00141	0.02622	0.00328	0.00258	0.00577
67	0.00692	0.00490	0.00680	0.03068	0.00846	0.00462	0.03065	0.00794	0.00952	0.04518	0.02610	0.62283	0.08587	0.07613	0.00745	0.00211	0.00327	0.01208	0.00430	0.00418
68	0.03289	0.04939	0.01385	0.01201	0.01465	0.73583	0.00910	0.01880	0.01335	0.01219	0.00750	0.00875	0.00626	0.00490	0.00427	0.00122	0.00832	0.00308	0.00251	0.04114
69	0.00700	0.00530	0.00793	0.00789	0.00874	0.00624	0.00615	0.00872	0.00778	0.01126	0.01284	0.01886	0.01200	0.03577	0.79401	0.00767	0.02974	0.00517	0.00259	0.00435
70	0.01747	0.05325	0.06867	0.01143	0.08154	0.03741	0.02105	0.13118	0.05968	0.39997	0.04362	0.02867	0.01183	0.00590	0.00481	0.00148	0.00482	0.00482	0.00475	0.00766
71	0.01820	0.01346	0.01442	0.01111	0.01494	0.01493	0.00916	0.75724	0.04920	0.03019	0.01191	0.01186	0.00847	0.00584	0.00485	0.00146	0.00528	0.00440	0.00485	0.00822
72	0.05067	0.13920	0.08880	0.01010	0.03804	0.05876	0.03923	0.10368	0.09990	0.01656	0.02710	0.04483	0.03788	0.06028	0.03456	0.00180	0.00531	0.02103	0.00327	0.11901
73	0.09082	0.02763	0.12020	0.04417	0.04147	0.17826	0.03266	0.05888	0.02507	0.20296	0.01296	0.01642	0.01024	0.00704	0.03165	0.00173	0.00616	0.08149	0.00366	0.00653
74	0.01259	0.01014	0.01083	0.00967	0.01243	0.01158	0.00754	0.02530	0.72517	0.06872	0.01960	0.01798	0.01457	0.00652	0.00489	0.00162	0.00382	0.00542	0.02398	0.00764
75	0.00699	0.00571	0.00745	0.00862	0.10572	0.00521	0.00550	0.00885	0.01206	0.01605	0.35653	0.08546	0.33695	0.01047	0.00563	0.00158	0.00282	0.00909	0.00459	0.00473
76	0.00676	0.00482	0.00657	0.00695	0.00766	0.00492	0.00506	0.00808	0.00927	0.02499	0.09844	0.31752	0.06764	0.08504	0.28769	0.00415	0.00652	0.03995	0.00382	0.00416
77	0.00704	0.00471	0.00535	0.00535	0.00537	0.00473	0.00301	0.00709	0.00707	0.00944	0.01521	0.03141	0.01749	0.81057	0.04360	0.00477	0.00490	0.00700	0.00293	0.00297
78	0.01121	0.01270	0.02764	0.01986	0.02457	0.01191	0.74953	0.01516	0.01135	0.01539	0.01051	0.04690	0.00838	0.00455	0.00574	0.00165	0.00795	0.00605	0.00254	0.00643
79	0.00925	0.00872	0.01472	0.78954	0.06108	0.01079	0.01351	0.01247	0.00974	0.01251	0.00863	0.01289	0.00650	0.00483	0.00484	0.00161	0.00643	0.00431	0.00216	0.00547
80	0.12679	0.00584	0.00664	0.00673	0.00801	0.00584	0.00487	0.02461	0.03550	0.09458	0.02215	0.40038	0.06591	0.08067	0.00690	0.00199	0.00329	0.02717	0.06740	0.00473
81	0.01637	0.01255	0.01339	0.01073	0.01424	0.01407	0.00871	0.53878	0.27066	0.02723	0.01425	0.01372	0.01036	0.00606	0.00487	0.00152	0.00485	0.00472	0.00487	0.00806
82	0.00686	0.00495	0.00648	0.00610	0.00724	0.00457	0.00457	0.00914	0.01372	0.01943	0.79691	0.03620	0.04572	0.00991	0.00572	0.00152	0.00229	0.00876	0.00533	0.00457
83	0.00609	0.00508	0.00536	0.00543	0.00702	0.00441	0.00419	0.00769	0.02623	0.01359	0.07264	0.04649	0.68145	0.01219	0.00580	0.00169	0.00267	0.08322	0.00453	0.00421
84	0.00826	0.00516	0.00631	0.00605	0.00717	0.00472	0.00428	0.00953	0.01097	0.10363	0.27029	0.14131	0.17208	0.21643	0.01044	0.00240	0.00320	0.00884	0.00454	0.00440
85	0.01246	0.00814	0.00960	0.00878	0.01102	0.00855	0.00694	0.10793	0.24932	0.15756	0.03675	0.18264	0.01945	0.00914	0.00539	0.00173	0.00387	0.12085	0.03341	0.00645
86	0.01296	0.83261	0.02539	0.00829	0.01244	0.01917	0.00829	0.01451	0.00985	0.01140	0.00674	0.00777	0.00622	0.00415	0.00311	0.00104	0.00518	0.00259	0.00207	0.00622
87	0.02251	0.00456	0.00548	0.00605	0.00655	0.00433	0.00401	0.00737	0.00922	0.01265	0.06873	0.45469	0.10759	0.20315	0.01019	0.00249	0.00317	0.01082	0.05263	0.00381
88	0.00701	0.00502	0.00630	0.00615	0.00735	0.00459	0.00465	0.00892	0.01253	0.03411	0.50975	0.07814	0.18143	0.04489	0.00659	0.00175	0.00265	0.06874	0.00498	0.00445
89	0.00677	0.00482	0.00644	0.00666	0.00709	0.00514	0.00460	0.00769	0.00780	0.01078	0.01648	0.17966	0.01801	0.32735	0.36290	0.00552	0.00794	0.00754	0.00309	0.00373
90	0.01483	0.00667	0.00881	0.00746	0.00988	0.00595	0.00587	0.01651	0.01240	0.44001	0.13380	0.08205	0.08158	0.07460	0.03025	0.00200	0.00391	0.03285	0.02424	0.00633
91	0.00674	0.00496	0.00681	0.00691	0.00766	0.00533	0.00509	0.00801	0.00842	0.01160	0.05306	0.10912	0.10023	0.14270	0.47545	0.02478	0.00895	0.00703	0.00316	0.00402
92	0.74661	0.00969	0.00793	0.00689	0.00996	0.01110	0.00567	0.09156	0.00992	0.03748	0.02254	0.00895	0.00645	0.00476	0.00327	0.00150	0.00389	0.00296	0.00329	0.00559
93	0.00907	0.00620	0.00754	0.00684	0.00851	0.00609	0.00524	0.03508	0.12239	0.07972	0.53094	0.03150	0.08525	0.00903	0.00544	0.00153	0.00274	0.00783	0.03370	0.00536
94	0.01007	0.00934	0.01549	0.27247	0.37129	0.01033	0.01247	0.01267	0.00988	0.01369	0.01030	0.02729	0.02150	0.00961	0.11644	0.01577	0.04814	0.00468	0.00240	0.00617
95	0.01052	0.01644	0.35859	0.20451	0.10100	0.01102	0.05570	0.08350	0.01155	0.01629	0.04235	0.01353	0.00888	0.00515	0.00483	0.00155	0.00638	0.02083	0.02075	0.00664
96	0.00822	0.00516	0.00570	0.00574	0.00696	0.00507	0.00431	0.03975	0.03809	0.01684	0.08881	0.16440	0.13685	0.00904	0.00468	0.00147	0.00266	0.04369	0.40794	0.00461
97	0.26334	0.00871	0.00883	0.00773	0.01021	0.00944	0.00619	0.22927	0.01339	0.05849	0.03885	0.12703	0.03119	0.00739	0.00445	0.00155	0.00386	0.04823	0.11599	0.00587
98	0.04163	0.04000	0.05557	0.16160	0.16335	0.07639	0.09809	0.16219	0.04808	0.01767	0.02124	0.01318	0.00856	0.00647	0.03849	0.00177	0.01901	0.01706	0.00302	0.00664
99	0.02886	0.00733	0.00940	0.00873	0.03897	0.00742	0.01790	0.08811	0.08658	0.16475	0.19060	0.09875	0.04639	0.05772	0.12352	0.00265	0.00506	0.00687	0.00454	0.00587
100	0.00695	0.00502	0.00611	0.00645	0.00712	0.00487	0.00443	0.04611	0.00997	0.01320	0.08112	0.38213	0.12561	0.21043	0.04013	0.00275	0.00374	0.03571	0.00413	0.00401
101	0.10946	0.01025	0.01139	0.01035	0.06553	0.07279	0.05341	0.15183	0.08788	0.08106	0.01273	0.01403	0.00974	0.01981	0.01789	0.00154	0.01944	0.00433	0.20970	0.03684

[dist]
# distance from previous block
# <min> <max>
2	20

[block]
# block no. 2 follows, 52 sequences, length 42
# corresponding to MSA columns:
# 1312-1353
name=unknown_C
#
# <colnr> <probs for GDERKNQSTAVLIFYWHMCP>
#	G	D	E	R	K	N	Q	S	T	A	V	L	I	F	Y	W	H	M	C	P
0	0.01134	0.06625	0.03703	0.06178	0.11745	0.05867	0.02384	0.07796	0.02653	0.07085	0.06280	0.03311	0.01300	0.14570	0.12695	0.00295	0.04969	0.00524	0.00320	0.00569
1	0.03335	0.00624	0.00782	0.00724	0.00886	0.00602	0.01990	0.03039	0.07291	0.15733	0.16323	0.22509	0.09244	0.10984	0.00782	0.00204	0.00344	0.02419	0.01663	0.00522
2	0.00906	0.00582	0.00723	0.00712	0.02321	0.00543	0.00521	0.02638	0.05288	0.12088	0.21617	0.19868	0.21400	0.03115	0.00641	0.02001	0.00307	0.03748	0.00480	0.00501
3	0.08244	0.00545	0.00642	0.00645	0.00733	0.00546	0.00448	0.00933	0.02436	0.05947	0.14497	0.29732	0.05827	0.23369	0.01097	0.00255	0.02355	0.00911	0.00411	0.00424
4	0.04485	0.01092	0.09704	0.00959	0.01263	0.04049	0.07616	0.12938	0.07823	0.04743	0.08856	0.02122	0.08486	0.12806	0.02101	0.00204	0.00501	0.01918	0.00373	0.07961
5	0.02192	0.00554	0.00653	0.00644	0.00777	0.00523	0.00476	0.02455	0.04661	0.07795	0.15304	0.20130	0.24018	0.10081	0.00774	0.00203	0.00314	0.05768	0.02213	0.00464
6	0.00598	0.00429	0.00560	0.00658	0.00692	0.00400	0.00438	0.00683	0.00935	0.01242	0.04681	0.73179	0.06316	0.05830	0.00714	0.00209	0.00288	0.01314	0.00444	0.00391
7	0.00944	0.00693	0.00822	0.00800	0.00938	0.00718	0.00591	0.20350	0.04823	0.01783	0.07494	0.51370	0.02611	0.01204	0.00577	0.00180	0.00349	0.02762	0.00466	0.00524
8	0.00659	0.00459	0.00585	0.00652	0.00726	0.00419	0.00457	0.00770	0.01018	0.04180	0.09185	0.56991	0.16701	0.01385	0.00604	0.00187	0.00281	0.03862	0.00462	0.00419
9	0.12328	0.00741	0.00785	0.00691	0.00893	0.00777	0.00530	0.12286	0.07826	0.11154	0.03539	0.06254	0.03130	0.11958	0.00704	0.00187	0.00361	0.00546	0.24751	0.00559
10	0.01779	0.02245	0.01341	0.01221	0.01466	0.78221	0.00916	0.01907	0.01361	0.01208	0.00778	0.00906	0.00646	0.00502	0.00434	0.00124	0.00851	0.00317	0.03220	0.00558
11	0.00890	0.00583	0.00703	0.00632	0.00825	0.00508	0.00490	0.01074	0.01177	0.10274	0.25793	0.03303	0.21919	0.04935	0.00618	0.00162	0.00301	0.07037	0.06323	0.12452
12	0.82785	0.00942	0.00728	0.00652	0.00951	0.01092	0.00535	0.01473	0.04138	0.02168	0.00730	0.00830	0.00565	0.00459	0.00308	0.00151	0.00375	0.00274	0.00308	0.00535
13	0.00590	0.00422	0.00562	0.00675	0.00703	0.00394	0.00450	0.00675	0.00928	0.01237	0.02671	0.82653	0.03205	0.01518	0.00619	0.00197	0.00281	0.01378	0.00450	0.00394
14	0.00593	0.00437	0.00548	0.00634	0.00685	0.00400	0.00427	0.00680	0.00948	0.01235	0.03016	0.64591	0.16920	0.05579	0.00704	0.00205	0.00284	0.01280	0.00442	0.00391
15	0.00679	0.00500	0.00623	0.00668	0.00760	0.00475	0.00510	0.00819	0.01034	0.01343	0.11535	0.14643	0.21202	0.16111	0.03138	0.00257	0.00380	0.24494	0.00425	0.00404
16	0.00668	0.00495	0.00623	0.00591	0.00713	0.00450	0.00443	0.00880	0.01329	0.01842	0.67804	0.03786	0.16522	0.01028	0.00572	0.00154	0.00231	0.00900	0.00520	0.00450
17	0.01296	0.83261	0.02539	0.00829	0.01244	0.01917	0.00829	0.01451	0.00985	0.01140	0.00674	0.00777	0.00622	0.00415	0.00311	0.00104	0.00518	0.00259	0.00207	0.00622
18	0.01064	0.01071	0.01543	0.01305	0.01326	0.01473	0.04327	0.01183	0.00759	0.01183	0.00651	0.01071	0.00640	0.00830	0.01547	0.00210	0.78641	0.00430	0.00213	0.00535
19	0.00591	0.00494	0.00517	0.00519	0.00676	0.00420	0.00394	0.00727	0.01127	0.01369	0.11084	0.04611	0.70054	0.01212	0.00577	0.00165	0.00253	0.04337	0.00457	0.00415
20	0.01060	0.01060	0.01484	0.01272	0.01272	0.01484	0.01060	0.01166	0.00742	0.01166	0.00636	0.01060	0.00636	0.00848	0.01590	0.00212	0.82082	0.00424	0.00212	0.00530
21	0.00705	0.00470	0.00529	0.00529	0.00529	0.00470	0.00294	0.00705	0.00705	0.00940	0.01527	0.03171	0.01762	0.82969	0.02467	0.00470	0.00470	0.00705	0.00294	0.00294
22	0.01144	0.01307	0.02859	0.02042	0.02533	0.01225	0.78186	0.01552	0.01144	0.01552	0.00980	0.01307	0.00735	0.00408	0.00572	0.00163	0.00817	0.00572	0.00245	0.00654
23	0.00692	0.00519	0.00779	0.00779	0.00865	0.00606	0.00606	0.00865	0.00779	0.01125	0.01298	0.01904	0.01211	0.03634	0.81049	0.00779	0.01298	0.00519	0.00260	0.00433
24	0.01810	0.02310	0.01373	0.01248	0.01498	0.81024	0.00936	0.01935	0.01373	0.01186	0.00749	0.00874	0.00624	0.00499	0.00437	0.00125	0.00874	0.00312	0.00250	0.00562
25	0.86392	0.00937	0.00712	0.00637	0.00937	0.01087	0.00525	0.01425	0.00825	0.02174	0.00675	0.00787	0.00525	0.00450	0.00300	0.00150	0.00375	0.00262	0.00300	0.00525
26	0.00683	0.00473	0.00537	0.00543	0.00573	0.00459	0.00329	0.00719	0.00808	0.01062	0.06081	0.07714	0.11450	0.62840	0.02004	0.00397	0.00419	0.02248	0.00336	0.00324
27	0.00612	0.00437	0.00587	0.00699	0.00737	0.00412	0.00487	0.00712	0.00949	0.01261	0.02659	0.73968	0.03158	0.01498	0.00624	0.00200	0.00300	0.09851	0.00449	0.00400
28	0.00658	0.00463	0.00601	0.00643	0.00675	0.00473	0.00427	0.00731	0.00807	0.01097	0.01909	0.33145	0.02181	0.33187	0.20344	0.00439	0.00594	0.00917	0.00345	0.00365
29	0.83339	0.00933	0.00727	0.00645	0.00948	0.01074	0.00532	0.01458	0.00845	0.05006	0.00720	0.00818	0.00549	0.00455	0.00307	0.00150	0.00376	0.00271	0.00311	0.00536
30	0.00603	0.00487	0.00520	0.00519	0.00654	0.00421	0.00377	0.00727	0.01096	0.01361	0.15211	0.07265	0.58345	0.09359	0.00763	0.00194	0.00267	0.00983	0.00446	0.00404
31	0.00606	0.00442	0.00609	0.00698	0.00734	0.00414	0.02057	0.00694	0.00924	0.01233	0.02594	0.78076	0.03101	0.04456	0.00685	0.00206	0.00299	0.01336	0.00440	0.00395
32	0.00596	0.00426	0.00569	0.00681	0.00712	0.00398	0.00460	0.00684	0.00933	0.01243	0.02668	0.80380	0.03193	0.01513	0.00620	0.00198	0.00286	0.03595	0.00450	0.00395
33	0.00616	0.00459	0.00569	0.00627	0.00701	0.00424	0.00441	0.00729	0.01004	0.01314	0.11228	0.43923	0.21315	0.07183	0.03532	0.00225	0.00323	0.04545	0.00441	0.00401
34	0.01881	0.01295	0.01416	0.01085	0.01472	0.01410	0.00897	0.69395	0.02174	0.12138	0.01251	0.01221	0.00868	0.00584	0.00485	0.00146	0.00519	0.00442	0.00498	0.00824
35	0.00601	0.00485	0.00524	0.00539	0.00679	0.00419	0.00403	0.00734	0.01102	0.01367	0.10036	0.13810	0.59556	0.01233	0.00577	0.00168	0.00257	0.04542	0.02554	0.00414
36	0.08431	0.01081	0.01224	0.00958	0.01314	0.01129	0.00783	0.37798	0.05890	0.31029	0.01455	0.01419	0.01007	0.03570	0.00544	0.00160	0.00467	0.00457	0.00506	0.00779
37	0.01247	0.01182	0.01368	0.07322	0.21008	0.16139	0.01003	0.08210	0.01141	0.04282	0.01041	0.02830	0.00909	0.04776	0.14162	0.00271	0.10072	0.00455	0.01980	0.00602
38	0.00725	0.00525	0.00663	0.00680	0.00805	0.00491	0.00536	0.02335	0.01213	0.03050	0.31343	0.13133	0.20194	0.01179	0.00600	0.00178	0.00305	0.21111	0.00483	0.00450
39	0.00919	0.00672	0.00766	0.00732	0.00886	0.00676	0.00547	0.17282	0.03568	0.02933	0.04189	0.32174	0.20396	0.06159	0.00682	0.00192	0.00348	0.04166	0.02208	0.00505
40	0.01098	0.01392	0.16863	0.20634	0.21688	0.02734	0.19548	0.03394	0.03562	0.01527	0.00974	0.01301	0.00759	0.00472	0.00502	0.00156	0.00672	0.01809	0.00247	0.00669
41	0.27588	0.06469	0.11172	0.00960	0.02515	0.06961	0.08084	0.04200	0.04310	0.01751	0.04940	0.01711	0.13511	0.00614	0.00431	0.00148	0.00483	0.00483	0.03097	0.00571

[dist]
# distance from previous block
# <min> <max>
1	8

[block]
# block no. 3 follows, 52 sequences, length 35
# corresponding to MSA columns:
# 1362-1396
name=unknown_D
#
# <colnr> <probs for GDERKNQSTAVLIFYWHMCP>
#	G	D	E	R	K	N	Q	S	T	A	V	L	I	F	Y	W	H	M	C	P
0	0.00812	0.00650	0.00790	0.00740	0.00844	0.02733	0.00562	0.01009	0.04528	0.02634	0.13599	0.02635	0.14631	0.13452	0.21979	0.00368	0.11096	0.00659	0.04477	0.01804
1	0.00650	0.00476	0.00628	0.00707	0.02016	0.00455	0.00487	0.00773	0.01002	0.01372	0.13135	0.56140	0.06977	0.01391	0.02680	0.00199	0.02073	0.03090	0.03762	0.01985
2	0.01055	0.01001	0.05940	0.03381	0.05474	0.02610	0.24654	0.03855	0.02337	0.04983	0.04916	0.08186	0.02682	0.03652	0.00825	0.12144	0.03061	0.03913	0.02865	0.02464
3	0.43037	0.01044	0.01015	0.00825	0.01161	0.01146	0.00680	0.26644	0.01395	0.15129	0.01057	0.01075	0.00750	0.00520	0.00392	0.00148	0.00429	0.00360	0.02525	0.00669
4	0.04101	0.00856	0.01118	0.00872	0.01237	0.00779	0.00716	0.03792	0.08170	0.70124	0.01873	0.01633	0.01201	0.00601	0.00483	0.00151	0.00411	0.00486	0.00581	0.00812
5	0.02523	0.00514	0.00597	0.00599	0.00657	0.00504	0.00389	0.00875	0.02841	0.05641	0.03358	0.14519	0.07681	0.51540	0.01738	0.00359	0.00414	0.04519	0.00362	0.00374
6	0.00893	0.00480	0.00666	0.00652	0.00699	0.00480	0.00450	0.00843	0.04301	0.05004	0.03176	0.04869	0.03797	0.05232	0.04513	0.60182	0.00432	0.00515	0.02509	0.00305
7	0.00704	0.00472	0.00538	0.00538	0.00541	0.00475	0.00305	0.00711	0.00707	0.00946	0.01519	0.03125	0.01742	0.80067	0.05341	0.00481	0.00500	0.00698	0.00292	0.00299
8	0.01895	0.00903	0.01122	0.00888	0.01235	0.00869	0.00725	0.12191	0.12845	0.53710	0.01932	0.01731	0.04251	0.00629	0.00487	0.00151	0.00413	0.00509	0.02724	0.00791
9	0.00686	0.00492	0.00576	0.00573	0.00693	0.00442	0.00420	0.00836	0.01136	0.03601	0.27478	0.13069	0.32265	0.08530	0.00739	0.00191	0.00274	0.03296	0.04277	0.00426
10	0.00590	0.00422	0.00562	0.00675	0.00703	0.00394	0.00450	0.00675	0.00928	0.01237	0.02671	0.82653	0.03205	0.01518	0.00619	0.00197	0.00281	0.01378	0.00450	0.00394
11	0.00589	0.00428	0.00556	0.00658	0.00699	0.00395	0.00443	0.00677	0.00944	0.01244	0.02871	0.75689	0.10040	0.01492	0.00614	0.00194	0.00278	0.01346	0.00450	0.00395
12	0.01754	0.02214	0.01362	0.01240	0.01476	0.75779	0.00937	0.01880	0.01342	0.01192	0.00793	0.01004	0.00682	0.00535	0.00488	0.00131	0.04024	0.02355	0.00253	0.00557
13	0.00664	0.00466	0.00608	0.00695	0.00737	0.00452	0.00496	0.00763	0.00923	0.01221	0.02383	0.45411	0.02772	0.20159	0.01055	0.00266	0.00365	0.19769	0.00413	0.00384
14	0.01199	0.01151	0.01967	0.02974	0.79946	0.01151	0.01487	0.01487	0.01103	0.01583	0.00912	0.01199	0.00768	0.00432	0.00480	0.00144	0.00576	0.00432	0.00240	0.00768
15	0.01060	0.01060	0.01484	0.01272	0.01272	0.01484	0.01060	0.01166	0.00742	0.01166	0.00636	0.01060	0.00636	0.00848	0.01590	0.00212	0.82082	0.00424	0.00212	0.00530
16	0.00575	0.00482	0.00500	0.00515	0.00661	0.00407	0.00379	0.00693	0.01082	0.01300	0.04621	0.14707	0.69893	0.01265	0.00579	0.00168	0.00250	0.01068	0.00450	0.00407
17	0.00697	0.00500	0.00680	0.00680	0.00732	0.00552	0.00482	0.00802	0.00749	0.01052	0.01389	0.02405	0.01429	0.35026	0.49955	0.00657	0.00970	0.00593	0.00273	0.00378
18	0.00683	0.00479	0.00605	0.00652	0.00746	0.00437	0.00476	0.00819	0.01081	0.04440	0.16827	0.41064	0.19851	0.01309	0.00600	0.00183	0.00285	0.08564	0.00470	0.00430
19	0.00693	0.00518	0.00772	0.00772	0.00856	0.00602	0.00597	0.00861	0.00777	0.01120	0.01304	0.01939	0.01227	0.05812	0.78892	0.00770	0.01275	0.00524	0.00261	0.00429
20	0.00690	0.00520	0.00649	0.00665	0.00784	0.00491	0.00513	0.00927	0.04738	0.01623	0.35292	0.15495	0.19294	0.01165	0.00593	0.00175	0.00287	0.15163	0.00486	0.00450
21	0.07802	0.00853	0.01106	0.00857	0.01225	0.00772	0.00707	0.04578	0.03123	0.70962	0.01808	0.01581	0.01149	0.00590	0.00475	0.00150	0.00413	0.00472	0.00574	0.00803
22	0.01005	0.00861	0.01005	0.00718	0.01148	0.00646	0.00574	0.01220	0.01005	0.01579	0.00861	0.01005	0.00718	0.00359	0.00359	0.00072	0.00359	0.00287	0.00287	0.85932
23	0.01617	0.00739	0.00968	0.00780	0.01078	0.00655	0.00628	0.01871	0.05111	0.48924	0.21584	0.02253	0.05538	0.00716	0.00506	0.00148	0.00354	0.00601	0.00554	0.05375
24	0.00697	0.00501	0.00686	0.00686	0.00741	0.00555	0.00490	0.00806	0.00751	0.01056	0.01383	0.02373	0.01415	0.32995	0.51967	0.00664	0.00992	0.00588	0.00272	0.00381
25	0.13470	0.00607	0.00659	0.00616	0.00756	0.00605	0.00439	0.01102	0.04664	0.09719	0.13999	0.07315	0.14004	0.28672	0.01163	0.00264	0.00364	0.00722	0.00405	0.00454
26	0.00683	0.00500	0.00607	0.00577	0.00707	0.00449	0.00430	0.00871	0.01270	0.03253	0.53484	0.03870	0.26346	0.04051	0.00640	0.00167	0.00246	0.00905	0.00502	0.00444
27	0.00746	0.00497	0.00732	0.00728	0.00781	0.00559	0.00539	0.00790	0.00729	0.01028	0.01162	0.01838	0.01124	0.08059	0.50552	0.26437	0.02594	0.00499	0.00246	0.00359
28	0.00600	0.00426	0.00559	0.00662	0.00688	0.00400	0.00437	0.00677	0.00909	0.01212	0.02573	0.75868	0.03082	0.08471	0.00776	0.00220	0.00297	0.01320	0.00437	0.00385
29	0.00595	0.00425	0.00559	0.00665	0.00694	0.00397	0.00441	0.00676	0.00922	0.01226	0.02668	0.77657	0.04718	0.04988	0.00696	0.00208	0.00288	0.01342	0.00443	0.00390
30	0.01025	0.00975	0.01645	0.50065	0.31766	0.01117	0.01390	0.01329	0.01012	0.01364	0.00873	0.01251	0.00691	0.00476	0.00516	0.00156	0.03070	0.00431	0.00224	0.00623
31	0.01392	0.01204	0.01138	0.00986	0.01174	0.19517	0.00764	0.18110	0.01300	0.08536	0.02536	0.04051	0.03486	0.10294	0.04096	0.06669	0.12314	0.01522	0.00348	0.00562
32	0.00752	0.00584	0.00845	0.00817	0.00892	0.00706	0.00641	0.00915	0.00786	0.01164	0.01235	0.01823	0.01154	0.05143	0.64297	0.00661	0.11583	0.00508	0.05054	0.00443
33	0.00892	0.00454	0.00462	0.00462	0.00571	0.00456	0.00344	0.01110	0.01001	0.01764	0.01573	0.01851	0.01257	0.03163	0.02309	0.00140	0.00259	0.00461	0.81027	0.00446
34	0.00693	0.03012	0.00642	0.00637	0.00692	0.00505	0.00435	0.00792	0.02879	0.01181	0.04532	0.33148	0.08078	0.30250	0.01298	0.02854	0.00372	0.07240	0.00383	0.00377

[dist]
# distance from previous block
# <min> <max>
2	17

[block]
# block no. 4 follows, 52 sequences, length 24
# corresponding to MSA columns:
# 1414-1437
name=unknown_E
#
# <colnr> <probs for GDERKNQSTAVLIFYWHMCP>
#	G	D	E	R	K	N	Q	S	T	A	V	L	I	F	Y	W	H	M	C	P
0	0.01294	0.01009	0.05601	0.01015	0.05912	0.02563	0.03353	0.20523	0.05883	0.11149	0.01393	0.03883	0.01225	0.24768	0.01060	0.00239	0.00496	0.00541	0.02750	0.05341
1	0.00731	0.00493	0.00604	0.00611	0.00698	0.00458	0.00427	0.00816	0.00968	0.04440	0.12144	0.19462	0.18528	0.22013	0.03161	0.06442	0.00366	0.05015	0.00401	0.02220
2	0.05371	0.00831	0.01161	0.15703	0.19102	0.00879	0.00895	0.04598	0.09173	0.03260	0.07108	0.06728	0.13372	0.02469	0.02245	0.03311	0.00464	0.00616	0.00349	0.02365
3	0.01327	0.01294	0.01418	0.30849	0.13455	0.23684	0.02607	0.03293	0.01171	0.07175	0.00988	0.01230	0.00758	0.00498	0.00459	0.00143	0.00646	0.00406	0.07998	0.00600
4	0.00777	0.00508	0.00622	0.00642	0.00725	0.00481	0.00439	0.00925	0.04559	0.07534	0.08778	0.37846	0.11841	0.20819	0.01035	0.00249	0.00333	0.01025	0.00433	0.00428
5	0.05779	0.00631	0.00710	0.00674	0.00826	0.00630	0.00498	0.03679	0.09604	0.09781	0.04089	0.12058	0.18074	0.20538	0.02155	0.00248	0.00380	0.05758	0.03401	0.00488
6	0.01088	0.01013	0.02894	0.03937	0.41830	0.00995	0.09216	0.03483	0.04271	0.02640	0.05791	0.01973	0.04424	0.02412	0.03710	0.00187	0.00570	0.07282	0.01623	0.00663
7	0.00594	0.00424	0.00565	0.00673	0.00704	0.00396	0.00450	0.00683	0.00943	0.01261	0.05317	0.79938	0.03252	0.01500	0.00617	0.00195	0.00279	0.01360	0.00453	0.00396
8	0.40860	0.00850	0.00864	0.00744	0.01030	0.00893	0.00597	0.05990	0.03003	0.25294	0.03018	0.12455	0.01220	0.00666	0.00420	0.00157	0.00379	0.00513	0.00430	0.00617
9	0.07054	0.00774	0.00885	0.00779	0.00988	0.00795	0.00599	0.14571	0.08972	0.14921	0.11738	0.09872	0.06588	0.14182	0.00834	0.00212	0.00394	0.04803	0.00460	0.00581
10	0.00782	0.00569	0.00644	0.00609	0.00775	0.00528	0.00459	0.01065	0.09417	0.06802	0.24800	0.06887	0.40378	0.03359	0.00613	0.00170	0.00274	0.00902	0.00483	0.00484
11	0.16430	0.00600	0.00684	0.00630	0.00792	0.00597	0.00484	0.01092	0.02910	0.04849	0.59292	0.03011	0.05095	0.00875	0.00517	0.00152	0.00266	0.00746	0.00491	0.00489
12	0.03098	0.00545	0.00640	0.00657	0.00784	0.00513	0.00478	0.03702	0.03876	0.06620	0.06532	0.40219	0.26737	0.01247	0.00576	0.00178	0.00295	0.02378	0.00462	0.00463
13	0.16142	0.00832	0.00887	0.00786	0.01026	0.00886	0.00611	0.08286	0.21330	0.13605	0.03487	0.07841	0.10398	0.07937	0.02377	0.00201	0.00401	0.01914	0.00444	0.00611
14	0.00780	0.00608	0.00738	0.00655	0.00841	0.00557	0.00500	0.01110	0.08845	0.01845	0.53666	0.03092	0.09215	0.00872	0.00529	0.00141	0.00266	0.00759	0.00483	0.14496
15	0.00792	0.00569	0.00641	0.00643	0.00715	0.00590	0.00426	0.02389	0.13945	0.01302	0.01958	0.21701	0.04017	0.40312	0.01459	0.00314	0.00388	0.00823	0.06595	0.00420
16	0.05444	0.00672	0.00799	0.00730	0.00919	0.00662	0.00558	0.06382	0.07658	0.17497	0.13933	0.17318	0.11506	0.06829	0.02324	0.00199	0.00365	0.03743	0.01908	0.00554
17	0.00753	0.00499	0.00631	0.00641	0.00755	0.00452	0.00472	0.00906	0.01148	0.07608	0.27904	0.29658	0.18651	0.02710	0.00621	0.00179	0.00280	0.05197	0.00485	0.00452
18	0.01793	0.01272	0.01381	0.01077	0.01450	0.01397	0.00884	0.62351	0.11679	0.09665	0.01329	0.01285	0.00938	0.00593	0.00486	0.00148	0.00504	0.00455	0.00496	0.00817
19	0.00712	0.00469	0.00536	0.00540	0.00551	0.00472	0.00315	0.00735	0.00733	0.01007	0.01557	0.05615	0.01755	0.72141	0.05770	0.00454	0.00487	0.00704	0.05135	0.00312
20	0.66655	0.00847	0.00714	0.00653	0.00912	0.00951	0.00519	0.01365	0.00871	0.07229	0.01041	0.11196	0.00954	0.03826	0.00437	0.00168	0.00369	0.00435	0.00338	0.00519
21	0.01005	0.00861	0.01005	0.00718	0.01148	0.00646	0.00574	0.01220	0.01005	0.01579	0.00861	0.01005	0.00718	0.00359	0.00359	0.00072	0.00359	0.00287	0.00287	0.85932
22	0.00704	0.00473	0.00543	0.00543	0.00548	0.00478	0.00311	0.00714	0.00709	0.00950	0.01514	0.03099	0.01731	0.78473	0.06920	0.00487	0.00517	0.00694	0.00292	0.00302
23	0.00843	0.00584	0.00763	0.02957	0.03966	0.00575	0.00567	0.00972	0.01037	0.08949	0.09446	0.05485	0.33275	0.01500	0.13109	0.07876	0.04265	0.02972	0.00395	0.00463

[dist]
# distance from previous block
# <min> <max>
4	22

[block]
# block no. 5 follows, 52 sequences, length 38
# corresponding to MSA columns:
# 1460-1469,1471-1480,1485-1502
name=unknown_F
#
# <colnr> <probs for GDERKNQSTAVLIFYWHMCP>
#	G	D	E	R	K	N	Q	S	T	A	V	L	I	F	Y	W	H	M	C	P
0	0.01161	0.01356	0.04313	0.02028	0.04200	0.03479	0.72820	0.01561	0.01147	0.01542	0.00970	0.01287	0.00730	0.00413	0.00564	0.00162	0.00811	0.00557	0.00244	0.00655
1	0.00657	0.00486	0.00614	0.00599	0.00711	0.00442	0.00443	0.00853	0.01279	0.01764	0.59272	0.12903	0.16005	0.01088	0.00577	0.00159	0.00237	0.00957	0.00511	0.00442
2	0.00616	0.00457	0.00551	0.00615	0.00681	0.00421	0.00424	0.00706	0.00953	0.01223	0.03096	0.43447	0.24003	0.14523	0.00906	0.00233	0.00312	0.06024	0.00425	0.00385
3	0.01725	0.01259	0.01408	0.03651	0.06646	0.03589	0.00927	0.57052	0.03404	0.09220	0.02840	0.03789	0.01002	0.00607	0.00489	0.00148	0.00522	0.00477	0.00464	0.00783
4	0.00926	0.00883	0.01523	0.77882	0.03298	0.01084	0.05125	0.01254	0.00978	0.01254	0.00867	0.01293	0.00650	0.00481	0.00489	0.00162	0.00654	0.00438	0.00217	0.00544
5	0.00590	0.00422	0.00562	0.00675	0.00703	0.00394	0.00450	0.00675	0.00928	0.01237	0.02671	0.82653	0.03205	0.01518	0.00619	0.00197	0.00281	0.01378	0.00450	0.00394
6	0.00705	0.00470	0.00529	0.00529	0.00529	0.00470	0.00294	0.00705	0.00705	0.00940	0.01527	0.03171	0.01762	0.82969	0.02467	0.00470	0.00470	0.00705	0.00294	0.00294
7	0.01005	0.00861	0.01005	0.00718	0.01148	0.00646	0.00574	0.01220	0.01005	0.01579	0.00861	0.01005	0.00718	0.00359	0.00359	0.00072	0.00359	0.00287	0.00287	0.85932
8	0.00701	0.00468	0.00530	0.00533	0.00534	0.00468	0.00298	0.00704	0.00711	0.00948	0.01560	0.05440	0.01803	0.80644	0.02414	0.00462	0.00464	0.00724	0.00298	0.00296
9	0.01204	0.01175	0.01966	0.05151	0.73585	0.03006	0.03807	0.01493	0.01107	0.01563	0.00908	0.01198	0.00760	0.00434	0.00482	0.00145	0.00592	0.00433	0.00240	0.00753
10	0.00915	0.00861	0.01453	0.81804	0.03338	0.01077	0.01346	0.01238	0.00969	0.01238	0.00861	0.01292	0.00646	0.00484	0.00484	0.00161	0.00646	0.00431	0.00215	0.00538
11	0.86392	0.00937	0.00712	0.00637	0.00937	0.01087	0.00525	0.01425	0.00825	0.02174	0.00675	0.00787	0.00525	0.00450	0.00300	0.00150	0.00375	0.00262	0.00300	0.00525
12	0.00590	0.00422	0.00562	0.00675	0.00703	0.00394	0.00450	0.00675	0.00928	0.01237	0.02671	0.82653	0.03205	0.01518	0.00619	0.00197	0.00281	0.01378	0.00450	0.00394
13	0.01008	0.00695	0.00768	0.00692	0.00871	0.00734	0.00535	0.10776	0.17002	0.02048	0.27188	0.02322	0.02329	0.00725	0.00464	0.00140	0.00296	0.00608	0.30235	0.00562
14	0.01060	0.01060	0.01484	0.01272	0.01272	0.01484	0.01060	0.01166	0.00742	0.01166	0.00636	0.01060	0.00636	0.00848	0.01590	0.00212	0.82082	0.00424	0.00212	0.00530
15	0.02123	0.00907	0.01176	0.00901	0.01278	0.00834	0.00745	0.14097	0.01525	0.68352	0.01796	0.01574	0.01142	0.00597	0.00487	0.00149	0.00431	0.00479	0.00582	0.00825
16	0.00692	0.00519	0.00779	0.00779	0.00865	0.00606	0.00606	0.00865	0.00779	0.01125	0.01298	0.01904	0.01211	0.03634	0.81049	0.00779	0.01298	0.00519	0.00260	0.00433
17	0.00842	0.00421	0.00631	0.00631	0.00631	0.00421	0.00421	0.00631	0.00631	0.00842	0.00842	0.01473	0.00842	0.01684	0.01894	0.85901	0.00421	0.00421	0.00210	0.00210
18	0.02174	0.00825	0.01125	0.00862	0.01237	0.00712	0.00712	0.02362	0.01387	0.80282	0.01912	0.01649	0.01200	0.00600	0.00487	0.00150	0.00412	0.00487	0.00600	0.00825
19	0.01338	0.00865	0.01049	0.00767	0.01182	0.00687	0.00620	0.03628	0.01141	0.22500	0.01148	0.01180	0.00849	0.00429	0.00396	0.00095	0.00378	0.00344	0.00375	0.61029
20	0.01810	0.02310	0.01373	0.01248	0.01498	0.81024	0.00936	0.01935	0.01373	0.01186	0.00749	0.00874	0.00624	0.00499	0.00437	0.00125	0.00874	0.00312	0.00250	0.00562
21	0.06043	0.00590	0.00681	0.00617	0.00746	0.00566	0.00425	0.02468	0.00959	0.18172	0.03819	0.04867	0.10496	0.43934	0.01527	0.00320	0.00412	0.00680	0.02225	0.00453
22	0.00842	0.00421	0.00631	0.00631	0.00631	0.00421	0.00421	0.00631	0.00631	0.00842	0.00842	0.01473	0.00842	0.01684	0.01894	0.85901	0.00421	0.00421	0.00210	0.00210
23	0.02174	0.00825	0.01125	0.00862	0.01237	0.00712	0.00712	0.02362	0.01387	0.80282	0.01912	0.01649	0.01200	0.00600	0.00487	0.00150	0.00412	0.00487	0.00600	0.00825
24	0.00606	0.00441	0.00569	0.00654	0.00704	0.00405	0.00442	0.00700	0.00959	0.01277	0.06779	0.68719	0.08827	0.03970	0.00665	0.00198	0.00283	0.01283	0.00446	0.02074
25	0.00692	0.00519	0.00779	0.00779	0.00865	0.00606	0.00606	0.00865	0.00779	0.01125	0.01298	0.01904	0.01211	0.03634	0.81049	0.00779	0.01298	0.00519	0.00260	0.00433
