[name]
unknown

[dist]
# distance from previous block
# <min> <max>
0	566

[block]
# block no. 0 follows, 54 sequences, length 7
# corresponding to MSA columns:
# 638-644
name=unknown_A
#
# <colnr> <probs for GDERKNQSTAVLIFYWHMCP>
#	G	D	E	R	K	N	Q	S	T	A	V	L	I	F	Y	W	H	M	C	P
0	0.03155	0.05031	0.00942	0.00802	0.03125	0.04040	0.00597	0.08273	0.07496	0.03902	0.10224	0.16946	0.06597	0.07509	0.02455	0.00180	0.00400	0.02860	0.00385	0.15080
1	0.05602	0.08313	0.12975	0.03984	0.01123	0.00805	0.00749	0.04879	0.00969	0.06016	0.01650	0.13519	0.08005	0.10857	0.14185	0.02782	0.00586	0.02181	0.00319	0.00500
2	0.08411	0.04133	0.09816	0.01233	0.14074	0.00898	0.05778	0.05937	0.06908	0.01526	0.05837	0.08368	0.01277	0.01011	0.06375	0.14156	0.00531	0.02883	0.00304	0.00543
3	0.05204	0.10548	0.03598	0.00891	0.04307	0.04385	0.00704	0.09494	0.08383	0.12436	0.12751	0.03862	0.04594	0.02594	0.00614	0.07130	0.00421	0.02705	0.00388	0.04991
4	0.00956	0.15618	0.10798	0.00927	0.05932	0.00937	0.00784	0.04963	0.06816	0.01509	0.08118	0.10898	0.12256	0.00722	0.00457	0.00135	0.00410	0.02653	0.00340	0.14770
5	0.01280	0.55874	0.12524	0.01086	0.07550	0.07475	0.00992	0.06029	0.01074	0.01306	0.00732	0.00849	0.00627	0.00426	0.00353	0.00114	0.00560	0.00292	0.00223	0.00635
6	0.06361	0.23999	0.09189	0.00855	0.01215	0.04390	0.00789	0.05840	0.04137	0.06384	0.01107	0.07281	0.00989	0.00681	0.03901	0.00150	0.00498	0.03333	0.00303	0.18598

[dist]
# distance from previous block
# <min> <max>
0	1

[block]
# block no. 1 follows, 54 sequences, length 7
# corresponding to MSA columns:
# 646-652
name=unknown_B
#
# <colnr> <probs for GDERKNQSTAVLIFYWHMCP>
#	G	D	E	R	K	N	Q	S	T	A	V	L	I	F	Y	W	H	M	C	P
0	0.00714	0.00532	0.00642	0.00629	0.00749	0.00504	0.00463	0.07465	0.01231	0.01656	0.35306	0.26457	0.19625	0.01126	0.00562	0.00162	0.00266	0.00986	0.00475	0.00448
1	0.03317	0.01101	0.08402	0.05310	0.16746	0.08289	0.15753	0.01237	0.00994	0.03223	0.01232	0.17712	0.01201	0.00812	0.00690	0.11994	0.00559	0.00610	0.00278	0.00539
2	0.01323	0.11019	0.27251	0.01268	0.04679	0.01152	0.12265	0.12312	0.03037	0.15115	0.01132	0.01309	0.00844	0.02943	0.00518	0.00154	0.00589	0.02073	0.00323	0.00695
3	0.01006	0.17905	0.66046	0.01242	0.01883	0.01242	0.01564	0.01478	0.00988	0.01420	0.00810	0.00950	0.00599	0.00439	0.00420	0.00140	0.00660	0.00330	0.00200	0.00679
4	0.00763	0.18297	0.10273	0.00768	0.00953	0.00780	0.00667	0.00913	0.00925	0.01217	0.01984	0.56156	0.02294	0.01130	0.00521	0.00167	0.00371	0.00995	0.00360	0.00466
5	0.01330	0.25666	0.16326	0.01091	0.03969	0.16373	0.03064	0.10455	0.01251	0.05626	0.09564	0.01235	0.01085	0.00517	0.00421	0.00129	0.00580	0.00390	0.00297	0.00632
6	0.05379	0.10686	0.14049	0.01007	0.05397	0.00948	0.00894	0.04306	0.03061	0.41316	0.03701	0.01387	0.01037	0.00582	0.00501	0.03726	0.00465	0.00424	0.00423	0.00710

[dist]
# distance from previous block
# <min> <max>
37	336

[block]
# block no. 2 follows, 54 sequences, length 8
# corresponding to MSA columns:
# 1010-1017
name=unknown_C
#
# <colnr> <probs for GDERKNQSTAVLIFYWHMCP>
#	G	D	E	R	K	N	Q	S	T	A	V	L	I	F	Y	W	H	M	C	P
0	0.01042	0.07991	0.48831	0.01148	0.01679	0.01100	0.01328	0.08767	0.06271	0.01607	0.01062	0.01408	0.00863	0.04286	0.00537	0.00159	0.00596	0.05234	0.00267	0.05826
1	0.00903	0.00749	0.00911	0.01056	0.11985	0.05531	0.00671	0.10956	0.01129	0.01491	0.05158	0.44426	0.02252	0.05443	0.03025	0.00203	0.00420	0.02801	0.00392	0.00498
2	0.00920	0.02828	0.29626	0.01197	0.04475	0.02284	0.11044	0.01230	0.00985	0.01387	0.01390	0.09266	0.06363	0.02234	0.00629	0.03707	0.04441	0.05577	0.00271	0.10145
3	0.02902	0.01394	0.02951	0.01368	0.13989	0.24380	0.06417	0.14224	0.03907	0.12464	0.02919	0.01507	0.08329	0.00575	0.00470	0.00140	0.00589	0.00466	0.00356	0.00654
4	0.00875	0.05944	0.00974	0.02340	0.01032	0.00755	0.04595	0.07699	0.10590	0.01550	0.06592	0.20574	0.21859	0.00934	0.00513	0.00153	0.00355	0.02682	0.00404	0.09581
5	0.00955	0.04436	0.00903	0.08968	0.05436	0.00679	0.00627	0.04834	0.01076	0.11415	0.06065	0.11232	0.20849	0.14845	0.00839	0.00209	0.00393	0.05354	0.00391	0.00494
6	0.01189	0.01149	0.06735	0.21674	0.15340	0.03714	0.06914	0.20663	0.01293	0.01748	0.01032	0.04528	0.00844	0.00719	0.05397	0.00187	0.03321	0.00465	0.02451	0.00637
7	0.01159	0.01125	0.01666	0.15422	0.10519	0.08302	0.20118	0.13081	0.02753	0.01588	0.01125	0.08250	0.00987	0.00777	0.05674	0.00194	0.04418	0.01945	0.00293	0.00604

[dist]
# distance from previous block
# <min> <max>
0	1

[block]
# block no. 3 follows, 54 sequences, length 26
# corresponding to MSA columns:
# 1019-1044
name=unknown_D
#
# <colnr> <probs for GDERKNQSTAVLIFYWHMCP>
#	G	D	E	R	K	N	Q	S	T	A	V	L	I	F	Y	W	H	M	C	P
0	0.01046	0.00888	0.04962	0.00979	0.04793	0.00742	0.09487	0.03028	0.06679	0.09707	0.18648	0.02019	0.07188	0.00620	0.00472	0.00128	0.00402	0.01850	0.00384	0.25979
1	0.09977	0.01049	0.05286	0.00946	0.01301	0.05402	0.04497	0.12396	0.01372	0.44045	0.04189	0.01603	0.01154	0.00591	0.00467	0.00148	0.00468	0.03915	0.00476	0.00718
2	0.01910	0.03377	0.01045	0.01059	0.10014	0.04042	0.02098	0.04390	0.07873	0.01455	0.12109	0.18359	0.04451	0.07861	0.06153	0.00229	0.09675	0.03029	0.00359	0.00513
3	0.01386	0.09360	0.01319	0.00989	0.01302	0.03324	0.00802	0.25759	0.46185	0.02172	0.01523	0.01445	0.01141	0.00590	0.00458	0.00147	0.00443	0.00466	0.00444	0.00744
4	0.01273	0.03956	0.01005	0.00811	0.01062	0.02332	0.00639	0.16726	0.06710	0.18426	0.04587	0.21897	0.08101	0.00841	0.00510	0.00150	0.01450	0.00708	0.00451	0.08364
5	0.01049	0.17307	0.50357	0.01558	0.17767	0.01244	0.01508	0.01469	0.01004	0.01431	0.00819	0.00986	0.00629	0.00434	0.00425	0.00138	0.00633	0.00345	0.00207	0.00690
6	0.03653	0.33203	0.41234	0.01148	0.05157	0.01358	0.01266	0.01418	0.00964	0.01340	0.00800	0.01005	0.00658	0.04397	0.00482	0.00145	0.00596	0.00328	0.00209	0.00639
7	0.01124	0.01090	0.01898	0.14157	0.64475	0.01115	0.06383	0.01417	0.01057	0.01491	0.00884	0.01187	0.00728	0.00426	0.00473	0.00144	0.00585	0.00429	0.00230	0.00708
8	0.00690	0.00462	0.00634	0.00652	0.00697	0.00493	0.00459	0.00753	0.00754	0.01059	0.01480	0.15495	0.01569	0.20791	0.35362	0.13061	0.00750	0.00667	0.03818	0.00353
9	0.01095	0.09769	0.05265	0.37040	0.22022	0.02540	0.03672	0.06443	0.04972	0.01453	0.00906	0.01180	0.00708	0.00463	0.00454	0.00145	0.00591	0.00407	0.00246	0.00629
10	0.00691	0.00537	0.00627	0.00625	0.00757	0.00515	0.00470	0.00994	0.10588	0.01574	0.29112	0.15548	0.27088	0.01083	0.00554	0.00163	0.00267	0.05750	0.02600	0.00457
11	0.00574	0.00410	0.00547	0.00657	0.00684	0.00383	0.00438	0.00657	0.00903	0.01204	0.02599	0.83122	0.03119	0.01477	0.00602	0.00191	0.00274	0.01340	0.00438	0.00383
12	0.01185	0.42848	0.33874	0.01064	0.01569	0.09614	0.01193	0.01492	0.01011	0.01268	0.00739	0.00862	0.00602	0.00430	0.00373	0.00122	0.00617	0.00296	0.00205	0.00636
13	0.01764	0.01217	0.20870	0.00969	0.01406	0.00815	0.00953	0.05292	0.01285	0.55391	0.01601	0.03983	0.01072	0.00577	0.00472	0.00148	0.00475	0.00468	0.00479	0.00763
14	0.00902	0.00850	0.01435	0.79025	0.06430	0.01051	0.01315	0.01215	0.00948	0.01219	0.00840	0.01253	0.00633	0.00469	0.00471	0.00156	0.00626	0.00419	0.00210	0.00533
15	0.01261	0.83713	0.02471	0.00807	0.01210	0.01866	0.00807	0.01412	0.00958	0.01109	0.00656	0.00756	0.00605	0.00403	0.00303	0.00101	0.00504	0.00252	0.00202	0.00605
16	0.01045	0.01007	0.01743	0.37048	0.43191	0.01093	0.05379	0.01346	0.01019	0.01394	0.00869	0.01211	0.00694	0.00441	0.00473	0.00148	0.00602	0.00427	0.00223	0.00645
17	0.00621	0.00464	0.00640	0.00675	0.00746	0.00441	0.03109	0.00712	0.00908	0.01196	0.04081	0.49047	0.16030	0.03550	0.09806	0.05709	0.00408	0.01077	0.00393	0.00386
18	0.00625	0.00468	0.00579	0.00639	0.00724	0.00439	0.00476	0.00743	0.00967	0.01237	0.03068	0.31009	0.26193	0.09371	0.04426	0.00239	0.00360	0.17632	0.00414	0.00391
19	0.00904	0.00852	0.01439	0.78364	0.07073	0.01051	0.01316	0.01217	0.00949	0.01221	0.00840	0.01253	0.00634	0.00469	0.00471	0.00156	0.00625	0.00419	0.00211	0.00535
20	0.00950	0.04422	0.00998	0.01068	0.12735	0.00731	0.00696	0.07568	0.02418	0.07442	0.05329	0.39134	0.04917	0.02451	0.00604	0.00175	0.02850	0.04580	0.00405	0.00528
21	0.01123	0.01070	0.05160	0.06400	0.31486	0.06670	0.01039	0.05406	0.10235	0.02963	0.01213	0.08440	0.02169	0.00741	0.00684	0.11837	0.01952	0.00510	0.00295	0.00607
22	0.13884	0.00931	0.01350	0.15426	0.03149	0.02479	0.16804	0.02906	0.15322	0.01600	0.01414	0.14188	0.02512	0.00667	0.00484	0.00159	0.00502	0.02398	0.00330	0.03496
23	0.21941	0.03554	0.08671	0.04839	0.12202	0.05388	0.03183	0.01380	0.02428	0.07794	0.15231	0.01699	0.06349	0.00591	0.00437	0.00143	0.00449	0.00481	0.00339	0.02900
24	0.01315	0.01028	0.03006	0.15055	0.34847	0.02665	0.08742	0.01582	0.01122	0.19885	0.01268	0.02736	0.03570	0.00510	0.00482	0.00147	0.00550	0.00477	0.00321	0.00690
25	0.12852	0.05050	0.01480	0.01172	0.04874	0.03767	0.15481	0.17092	0.14114	0.01900	0.01341	0.03106	0.05914	0.00564	0.00489	0.00145	0.03125	0.00477	0.00349	0.06708

[dist]
# distance from previous block
# <min> <max>
7	62

[block]
# block no. 4 follows, 54 sequences, length 30
# corresponding to MSA columns:
# 1121-1150
name=unknown_E
#
# <colnr> <probs for GDERKNQSTAVLIFYWHMCP>
#	G	D	E	R	K	N	Q	S	T	A	V	L	I	F	Y	W	H	M	C	P
0	0.01813	0.01288	0.01395	0.01069	0.01446	0.01413	0.00883	0.74049	0.02162	0.07917	0.01178	0.01162	0.00825	0.00567	0.00472	0.00142	0.00511	0.00428	0.00479	0.00802
1	0.01753	0.01301	0.01393	0.01077	0.01447	0.01444	0.00887	0.74062	0.07135	0.02908	0.01182	0.01172	0.00842	0.00571	0.00472	0.00143	0.00510	0.00431	0.00472	0.00798
2	0.02016	0.00782	0.01055	0.00816	0.01168	0.00674	0.00672	0.02195	0.01332	0.75762	0.02045	0.01791	0.06194	0.00622	0.00479	0.00147	0.00391	0.00507	0.00574	0.00777
3	0.01280	0.80528	0.02426	0.00823	0.01220	0.04981	0.00811	0.01430	0.00973	0.01111	0.00658	0.00760	0.00605	0.00407	0.00307	0.00102	0.00518	0.00254	0.00203	0.00603
4	0.01113	0.01272	0.02782	0.01987	0.02464	0.01192	0.78776	0.01510	0.01113	0.01510	0.00954	0.01272	0.00715	0.00397	0.00556	0.00159	0.00795	0.00556	0.00238	0.00636
5	0.03174	0.05526	0.73948	0.01292	0.01959	0.01114	0.01649	0.01507	0.00998	0.03414	0.00858	0.00995	0.00609	0.00449	0.00439	0.00147	0.00674	0.00345	0.00211	0.00691
6	0.01026	0.01338	0.30468	0.01015	0.03378	0.00823	0.02323	0.04767	0.05590	0.11374	0.09133	0.06321	0.15430	0.01945	0.00528	0.00159	0.00475	0.02926	0.00368	0.00612
7	0.00978	0.00838	0.00978	0.00698	0.01117	0.00629	0.00559	0.01187	0.00978	0.01536	0.00838	0.00978	0.00698	0.00349	0.00349	0.00070	0.00349	0.00279	0.00279	0.86312
8	0.00646	0.00462	0.00630	0.00739	0.00798	0.00445	0.00563	0.00781	0.00974	0.01284	0.02559	0.52892	0.02961	0.01409	0.00621	0.00201	0.00336	0.30860	0.00436	0.00403
9	0.01308	0.00759	0.00912	0.00696	0.01034	0.00632	0.00560	0.03766	0.01123	0.24426	0.01286	0.01325	0.00942	0.00465	0.00385	0.00102	0.00342	0.00373	0.18182	0.41382
10	0.00937	0.00904	0.01320	0.01136	0.01185	0.01196	0.05049	0.01069	0.00763	0.01148	0.00945	0.01385	0.03823	0.02814	0.18086	0.00321	0.56730	0.00467	0.00228	0.00494
11	0.00989	0.13528	0.70273	0.01271	0.01927	0.01200	0.01614	0.01482	0.00990	0.01441	0.00820	0.00963	0.00598	0.00442	0.00428	0.00143	0.00671	0.00335	0.00199	0.00684
12	0.00574	0.00410	0.00547	0.00657	0.00684	0.00383	0.00438	0.00657	0.00903	0.01204	0.02599	0.83122	0.03119	0.01477	0.00602	0.00191	0.00274	0.01340	0.00438	0.00383
13	0.00890	0.00838	0.01414	0.82296	0.03247	0.01048	0.01309	0.01205	0.00943	0.01205	0.00838	0.01257	0.00629	0.00471	0.00471	0.00157	0.00629	0.00419	0.00210	0.00524
14	0.02817	0.00968	0.01063	0.00784	0.01187	0.03348	0.00631	0.14942	0.01212	0.03445	0.00904	0.01010	0.00720	0.00398	0.00375	0.00087	0.00396	0.00309	0.00319	0.65084
15	0.03117	0.01227	0.25783	0.00954	0.01341	0.00760	0.04885	0.01412	0.01174	0.17035	0.27203	0.03301	0.02029	0.00651	0.00486	0.00143	0.00447	0.00558	0.00393	0.07100
16	0.01246	0.03566	0.02448	0.04794	0.14547	0.02395	0.07865	0.19250	0.08727	0.02801	0.02081	0.01276	0.02767	0.00512	0.00516	0.00133	0.05490	0.00426	0.00330	0.18829
17	0.06692	0.00725	0.00861	0.00730	0.00944	0.00724	0.00576	0.16580	0.01477	0.14198	0.47430	0.02577	0.02970	0.00793	0.00510	0.00146	0.00318	0.00671	0.00505	0.00575
18	0.00574	0.00410	0.00547	0.00657	0.00684	0.00383	0.00438	0.00657	0.00903	0.01204	0.02599	0.83122	0.03119	0.01477	0.00602	0.00191	0.00274	0.01340	0.00438	0.00383
19	0.07730	0.01060	0.04611	0.07606	0.20772	0.01071	0.13241	0.07625	0.08787	0.03102	0.01253	0.01869	0.01095	0.00622	0.00559	0.00163	0.05193	0.12687	0.00315	0.00635
20	0.00773	0.00606	0.00909	0.20235	0.03126	0.00652	0.00859	0.00996	0.01025	0.01335	0.02083	0.15256	0.02234	0.01111	0.00598	0.00198	0.00460	0.46710	0.00377	0.00455
21	0.01234	0.00999	0.01068	0.00952	0.01225	0.01142	0.00743	0.02492	0.74562	0.07083	0.01915	0.01749	0.01422	0.00636	0.00479	0.00159	0.00375	0.00529	0.00486	0.00750
22	0.00822	0.00532	0.00713	0.00791	0.00908	0.00529	0.00681	0.01038	0.01076	0.03873	0.02307	0.04575	0.02400	0.01147	0.00589	0.00196	0.00395	0.61353	0.15628	0.00446
23	0.06744	0.03551	0.01217	0.00962	0.01256	0.08618	0.00778	0.34475	0.06973	0.14322	0.02689	0.06856	0.01087	0.00636	0.00513	0.00146	0.04648	0.00483	0.03355	0.00689
24	0.00674	0.00503	0.00745	0.00745	0.00825	0.00583	0.00574	0.00834	0.00754	0.01085	0.01274	0.01915	0.01206	0.07595	0.77539	0.00742	0.01222	0.00514	0.00254	0.00414
25	0.00574	0.00413	0.00544	0.00650	0.00682	0.00384	0.00435	0.00657	0.00909	0.01206	0.02684	0.80061	0.06124	0.01466	0.00600	0.00190	0.00272	0.01327	0.00438	0.00384
26	0.00619	0.00452	0.00591	0.00679	0.00745	0.00424	0.00501	0.00744	0.00988	0.01296	0.07091	0.51718	0.12483	0.01375	0.00605	0.00191	0.00303	0.18353	0.00441	0.00400
27	0.01144	0.01138	0.01320	0.01153	0.01229	0.11675	0.00936	0.01392	0.09739	0.03546	0.00915	0.04344	0.00842	0.00868	0.03841	0.00206	0.54451	0.00453	0.00263	0.00546
28	0.01015	0.01759	0.41859	0.14692	0.10920	0.06360	0.01420	0.01428	0.02291	0.01429	0.00899	0.01126	0.00684	0.00532	0.01855	0.00158	0.04813	0.00380	0.05745	0.00635
29	0.00564	0.00473	0.00490	0.00497	0.00644	0.00399	0.00369	0.00685	0.01074	0.01298	0.08207	0.10609	0.70669	0.01205	0.00561	0.00161	0.00241	0.01015	0.00442	0.00399

[dist]
# distance from previous block
# <min> <max>
5	12

[block]
# block no. 5 follows, 54 sequences, length 29
# corresponding to MSA columns:
# 1228-1256
name=unknown_F
#
# <colnr> <probs for GDERKNQSTAVLIFYWHMCP>
#	G	D	E	R	K	N	Q	S	T	A	V	L	I	F	Y	W	H	M	C	P
0	0.04099	0.01161	0.19361	0.00903	0.01228	0.00893	0.00863	0.04727	0.25963	0.04498	0.23412	0.02190	0.07307	0.00710	0.00491	0.00152	0.00404	0.00593	0.00419	0.00624
1	0.01642	0.01836	0.01299	0.01131	0.01398	0.52446	0.00870	0.17250	0.06156	0.01608	0.03770	0.01068	0.00839	0.00532	0.00469	0.00129	0.02853	0.00363	0.00313	0.04028
2	0.00662	0.00522	0.00762	0.00852	0.05899	0.00489	0.04347	0.00804	0.01015	0.01362	0.14427	0.50707	0.09673	0.01244	0.00583	0.00179	0.00315	0.05300	0.00427	0.00432
3	0.23426	0.00947	0.01115	0.00882	0.01228	0.00964	0.04195	0.13821	0.07447	0.39157	0.01407	0.01316	0.00945	0.00540	0.00432	0.00147	0.00426	0.00419	0.00469	0.00716
4	0.01129	0.36227	0.35567	0.01052	0.01549	0.08928	0.01185	0.01444	0.01017	0.01287	0.01007	0.01109	0.05707	0.00481	0.00392	0.00127	0.00601	0.00345	0.00220	0.00625
5	0.00819	0.00410	0.00614	0.00614	0.00614	0.00410	0.00410	0.00614	0.00614	0.00819	0.00819	0.01433	0.00819	0.01638	0.01843	0.86282	0.00410	0.00410	0.00205	0.00205
6	0.00679	0.00485	0.00657	0.00657	0.00706	0.00535	0.00463	0.00777	0.00728	0.01020	0.01355	0.02364	0.01401	0.36682	0.48719	0.00633	0.00929	0.00580	0.00266	0.00365
7	0.01136	0.13575	0.01594	0.01162	0.01254	0.03850	0.00985	0.06181	0.00871	0.01249	0.00661	0.00991	0.00628	0.00735	0.01258	0.00184	0.62527	0.00386	0.00224	0.00548
8	0.00685	0.00460	0.00529	0.00529	0.00534	0.00465	0.00304	0.00695	0.00690	0.00925	0.01472	0.03011	0.01682	0.78574	0.07211	0.00475	0.00506	0.00675	0.00284	0.00294
9	0.00681	0.00451	0.00568	0.00624	0.00700	0.00430	0.00460	0.00839	0.01034	0.01479	0.16854	0.37292	0.05708	0.01153	0.00542	0.00169	0.00275	0.12065	0.18261	0.00414
10	0.00819	0.00410	0.00614	0.00614	0.00614	0.00410	0.00410	0.00614	0.00614	0.00819	0.00819	0.01433	0.00819	0.01638	0.01843	0.86282	0.00410	0.00410	0.00205	0.00205
11	0.09323	0.70717	0.02231	0.00815	0.01198	0.06894	0.00786	0.01440	0.00968	0.01207	0.00660	0.00763	0.00596	0.00412	0.00309	0.00106	0.00513	0.00256	0.00213	0.00592
12	0.00890	0.00838	0.01414	0.82296	0.03247	0.01048	0.01309	0.01205	0.00943	0.01205	0.00838	0.01257	0.00629	0.00471	0.00471	0.00157	0.00629	0.00419	0.00210	0.00524
13	0.00910	0.00736	0.00829	0.00816	0.00971	0.00810	0.00610	0.01637	0.41269	0.01587	0.02125	0.25945	0.02074	0.09572	0.00731	0.00205	0.00358	0.07807	0.00443	0.00564
14	0.00890	0.00838	0.01414	0.82296	0.03247	0.01048	0.01309	0.01205	0.00943	0.01205	0.00838	0.01257	0.00629	0.00471	0.00471	0.00157	0.00629	0.00419	0.00210	0.00524
15	0.46853	0.01055	0.01002	0.00815	0.01146	0.01176	0.00673	0.30631	0.01386	0.09829	0.00948	0.00982	0.00682	0.00500	0.00377	0.00144	0.00426	0.00340	0.00387	0.00648
16	0.00561	0.00478	0.00483	0.00482	0.00639	0.00400	0.00361	0.00684	0.01084	0.01296	0.07450	0.04502	0.77610	0.01186	0.00557	0.00159	0.00238	0.00990	0.00441	0.00400
17	0.00890	0.00838	0.01414	0.82296	0.03247	0.01048	0.01309	0.01205	0.00943	0.01205	0.00838	0.01257	0.00629	0.00471	0.00471	0.00157	0.00629	0.00419	0.00210	0.00524
18	0.01167	0.01120	0.01914	0.02894	0.80488	0.01120	0.01447	0.01447	0.01074	0.01540	0.00887	0.01167	0.00747	0.00420	0.00467	0.00140	0.00560	0.00420	0.00233	0.00747
19	0.01234	0.76857	0.09094	0.00852	0.01280	0.01801	0.00886	0.01419	0.00961	0.01142	0.00672	0.00777	0.00604	0.00407	0.00315	0.00105	0.00520	0.00260	0.00201	0.00613
20	0.00557	0.00478	0.00478	0.00478	0.00637	0.00398	0.00358	0.00677	0.01075	0.01274	0.04776	0.04538	0.80297	0.01194	0.00557	0.00159	0.00239	0.00995	0.00438	0.00398
21	0.01039	0.00893	0.00940	0.00856	0.01097	0.01001	0.00663	0.02104	0.62085	0.01839	0.05298	0.02343	0.16312	0.00755	0.00497	0.00159	0.00343	0.00631	0.00473	0.00670
22	0.01066	0.01197	0.02588	0.01872	0.02310	0.01122	0.71984	0.01436	0.01095	0.01484	0.01097	0.08369	0.00924	0.00491	0.00560	0.00162	0.00750	0.00624	0.00256	0.00614
23	0.01113	0.01272	0.02782	0.01987	0.02464	0.01192	0.78776	0.01510	0.01113	0.01510	0.00954	0.01272	0.00715	0.00397	0.00556	0.00159	0.00795	0.00556	0.00238	0.00636
24	0.01184	0.10410	0.45504	0.01342	0.01916	0.01135	0.16847	0.01606	0.01067	0.13109	0.00997	0.01115	0.00705	0.00453	0.00458	0.00146	0.00653	0.00398	0.00264	0.00691
25	0.00580	0.00414	0.00553	0.00663	0.00693	0.00388	0.00447	0.00666	0.00908	0.01210	0.02596	0.80799	0.03106	0.01472	0.00603	0.00192	0.00278	0.03608	0.00438	0.00385
26	0.00879	0.00439	0.00439	0.00439	0.00549	0.00439	0.00330	0.01099	0.00989	0.01758	0.01538	0.01758	0.01209	0.00549	0.00330	0.00110	0.00220	0.00439	0.86047	0.00439
27	0.01234	0.16697	0.01128	0.00717	0.00959	0.04948	0.00598	0.21568	0.01321	0.01922	0.01223	0.01358	0.00957	0.00523	0.00366	0.00117	0.00383	0.00393	0.43016	0.00571
28	0.00970	0.00784	0.05765	0.00945	0.04142	0.00668	0.07861	0.02352	0.06315	0.11985	0.15880	0.21786	0.08814	0.00924	0.00539	0.00162	0.00386	0.05708	0.00428	0.03584

[dist]
# distance from previous block
# <min> <max>
0	9

[block]
# block no. 6 follows, 54 sequences, length 52
# corresponding to MSA columns:
# 1266-1317
name=unknown_G
#
# <colnr> <probs for GDERKNQSTAVLIFYWHMCP>
#	G	D	E	R	K	N	Q	S	T	A	V	L	I	F	Y	W	H	M	C	P
0	0.16073	0.24997	0.21600	0.02223	0.02673	0.13296	0.01029	0.07850	0.03609	0.01574	0.00800	0.00908	0.00632	0.00455	0.00380	0.00131	0.00580	0.00313	0.00254	0.00625
1	0.01511	0.01029	0.01138	0.00926	0.01239	0.01102	0.00747	0.34348	0.22299	0.15919	0.04393	0.01835	0.10026	0.00671	0.00486	0.00149	0.00419	0.00539	0.00491	0.00731
2	0.00719	0.00497	0.00628	0.00586	0.00718	0.00449	0.00443	0.00923	0.01293	0.05606	0.64170	0.03595	0.16633	0.00983	0.00552	0.00150	0.00234	0.00858	0.00509	0.00455
3	0.01113	0.01554	0.32628	0.12946	0.11506	0.03734	0.03341	0.06865	0.04429	0.06496	0.01114	0.05947	0.00886	0.00537	0.00463	0.00149	0.00585	0.00454	0.04594	0.00656
4	0.00580	0.00438	0.00539	0.00615	0.00687	0.00397	0.00433	0.00681	0.00965	0.01237	0.03247	0.54916	0.26294	0.01382	0.00591	0.00183	0.00273	0.05713	0.00438	0.00391
5	0.00634	0.00474	0.00589	0.00574	0.00688	0.00428	0.00425	0.00820	0.01235	0.01688	0.56040	0.11726	0.20812	0.01065	0.00561	0.00155	0.00231	0.00933	0.00493	0.00428
6	0.00946	0.02439	0.80987	0.01344	0.02041	0.01095	0.01742	0.01493	0.00995	0.01493	0.00846	0.00995	0.00597	0.00448	0.00448	0.00149	0.00697	0.00348	0.00199	0.00697
7	0.01035	0.01134	0.02354	0.01732	0.02125	0.01090	0.61531	0.01379	0.01085	0.01462	0.01360	0.01857	0.06975	0.00561	0.00622	0.00167	0.05474	0.07196	0.00269	0.00593
8	0.00879	0.00439	0.00439	0.00439	0.00549	0.00439	0.00330	0.01099	0.00989	0.01758	0.01538	0.01758	0.01209	0.00549	0.00330	0.00110	0.00220	0.00439	0.86047	0.00439
9	0.02085	0.00809	0.01093	0.00843	0.01204	0.00708	0.00695	0.02304	0.03845	0.78302	0.01862	0.01610	0.01176	0.00585	0.00474	0.00146	0.00400	0.00476	0.00580	0.00801
10	0.00896	0.00844	0.01425	0.80657	0.04842	0.01049	0.01312	0.01210	0.00946	0.01212	0.00839	0.01255	0.00631	0.00470	0.00471	0.00157	0.00627	0.00419	0.00210	0.00528
11	0.00686	0.00457	0.00514	0.00514	0.00514	0.00457	0.00286	0.00686	0.00686	0.00914	0.01486	0.03086	0.01714	0.83430	0.02400	0.00457	0.00457	0.00686	0.00286	0.00286
12	0.01032	0.01032	0.01444	0.01238	0.01238	0.01444	0.01032	0.01135	0.00722	0.01135	0.00619	0.01032	0.00619	0.00825	0.01547	0.00206	0.82567	0.00413	0.00206	0.00516
13	0.00811	0.00530	0.00578	0.00536	0.00729	0.00446	0.00413	0.00940	0.01119	0.14217	0.04302	0.04060	0.67420	0.01095	0.00544	0.00157	0.00265	0.00910	0.00462	0.00464
14	0.01124	0.00782	0.01063	0.00923	0.01027	0.00933	0.00744	0.01264	0.00987	0.17507	0.14260	0.09115	0.03510	0.02970	0.01021	0.00184	0.36896	0.00603	0.04548	0.00538
15	0.00962	0.00520	0.00529	0.00498	0.00633	0.00533	0.00381	0.08214	0.01101	0.01869	0.01501	0.01701	0.01171	0.00551	0.00343	0.00113	0.00247	0.00438	0.78222	0.00473
16	0.01565	0.00899	0.01098	0.00892	0.01173	0.00935	0.00721	0.29654	0.01483	0.28597	0.01427	0.01567	0.01064	0.05328	0.21020	0.00314	0.00664	0.00474	0.00445	0.00681
17	0.02902	0.26154	0.22367	0.00958	0.01420	0.01156	0.00998	0.01807	0.01131	0.34885	0.01214	0.01177	0.00839	0.00492	0.00413	0.00133	0.00509	0.00371	0.00364	0.00711
18	0.00903	0.00854	0.01427	0.76617	0.04830	0.01068	0.01299	0.01207	0.00935	0.01209	0.00828	0.01244	0.00631	0.00488	0.00524	0.00159	0.04622	0.00419	0.00210	0.00528
19	0.00595	0.00424	0.00567	0.00674	0.00709	0.00400	0.00466	0.00688	0.00916	0.01218	0.02566	0.73940	0.03051	0.03126	0.00643	0.00199	0.00293	0.08705	0.00434	0.00386
20	0.01012	0.00515	0.00663	0.00611	0.00745	0.00492	0.00464	0.01143	0.01056	0.15441	0.20941	0.02224	0.03040	0.01088	0.06343	0.15921	0.00364	0.02117	0.25361	0.00460
21	0.30182	0.15444	0.02950	0.00779	0.01134	0.01054	0.00681	0.04262	0.01118	0.36350	0.01202	0.01148	0.00825	0.00500	0.00383	0.00138	0.00417	0.00358	0.00407	0.00668
22	0.00918	0.01567	0.42854	0.01103	0.01536	0.00850	0.04938	0.01323	0.04324	0.06326	0.04143	0.25009	0.01535	0.00778	0.00504	0.00162	0.00531	0.00679	0.00317	0.00603
23	0.02406	0.35402	0.34607	0.01079	0.01599	0.01452	0.02258	0.11847	0.01149	0.03016	0.00824	0.00928	0.00639	0.00447	0.00392	0.00129	0.00586	0.00323	0.00246	0.00672
24	0.01077	0.00810	0.01078	0.01023	0.09027	0.00789	0.00737	0.01321	0.04498	0.11182	0.11553	0.04594	0.01504	0.00708	0.02018	0.00147	0.12337	0.05817	0.00357	0.29424
25	0.01638	0.03985	0.01395	0.01157	0.06879	0.01337	0.00887	0.52000	0.14620	0.08152	0.02346	0.01290	0.00970	0.00569	0.00468	0.00143	0.00485	0.00445	0.00456	0.00778
26	0.04936	0.00650	0.00998	0.00841	0.01016	0.00630	0.13211	0.00991	0.01196	0.01708	0.48257	0.07641	0.10779	0.00892	0.00588	0.00156	0.03799	0.00799	0.00437	0.00474
27	0.00686	0.00457	0.00514	0.00514	0.00514	0.00457	0.00286	0.00686	0.00686	0.00914	0.01486	0.03086	0.01714	0.83430	0.02400	0.00457	0.00457	0.00686	0.00286	0.00286
28	0.01261	0.83713	0.02471	0.00807	0.01210	0.01866	0.00807	0.01412	0.00958	0.01109	0.00656	0.00756	0.00605	0.00403	0.00303	0.00101	0.00504	0.00252	0.00202	0.00605
29	0.01187	0.14830	0.06096	0.01897	0.23732	0.02738	0.31884	0.05692	0.01130	0.01526	0.00882	0.01117	0.00702	0.00416	0.00469	0.00138	0.00645	0.00435	0.00244	0.04241
30	0.01155	0.01108	0.01892	0.06362	0.77114	0.01117	0.01441	0.01436	0.01068	0.01526	0.00885	0.01171	0.00742	0.00422	0.00467	0.00141	0.00563	0.00420	0.00232	0.00737
31	0.00561	0.00463	0.00493	0.00517	0.00647	0.00395	0.00376	0.00672	0.01037	0.01258	0.04296	0.21893	0.63252	0.01257	0.00567	0.00166	0.00246	0.01071	0.00438	0.00395
32	0.01761	0.02247	0.01336	0.01215	0.01458	0.81537	0.00911	0.01883	0.01336	0.01154	0.00729	0.00850	0.00607	0.00486	0.00425	0.00121	0.00850	0.00304	0.00243	0.00547
33	0.01361	0.01038	0.01159	0.06624	0.01409	0.01172	0.00809	0.16823	0.51974	0.09736	0.01690	0.01591	0.01236	0.00609	0.00477	0.00155	0.00421	0.00499	0.00470	0.00747
34	0.01027	0.21152	0.59041	0.01251	0.01870	0.01278	0.05282	0.01475	0.00993	0.01405	0.00807	0.00954	0.00605	0.00435	0.00420	0.00139	0.00657	0.00336	0.00202	0.00673
35	0.01702	0.02123	0.01309	0.01189	0.01434	0.73477	0.00895	0.01945	0.09189	0.01236	0.00848	0.00941	0.00691	0.00501	0.00431	0.00125	0.00802	0.00327	0.00267	0.00567
36	0.00585	0.00423	0.00555	0.00657	0.00699	0.00394	0.00452	0.00678	0.00926	0.01221	0.02744	0.72847	0.08457	0.01447	0.00602	0.00191	0.00281	0.06017	0.00437	0.00387
37	0.01135	0.01043	0.01009	0.00931	0.01164	0.09590	0.00723	0.02113	0.56055	0.01783	0.05297	0.04861	0.05467	0.00738	0.00497	0.00160	0.00412	0.05908	0.00450	0.00661
38	0.01321	0.05431	0.01796	0.02369	0.56720	0.21409	0.01281	0.01555	0.01134	0.01422	0.00836	0.01067	0.00705	0.00436	0.00448	0.00133	0.00630	0.00383	0.00234	0.00690
39	0.00879	0.00439	0.00439	0.00439	0.00549	0.00439	0.00330	0.01099	0.00989	0.01758	0.01538	0.01758	0.01209	0.00549	0.00330	0.00110	0.00220	0.00439	0.86047	0.00439
40	0.00574	0.00410	0.00547	0.00657	0.00684	0.00383	0.00438	0.00657	0.00903	0.01204	0.02599	0.83122	0.03119	0.01477	0.00602	0.00191	0.00274	0.01340	0.00438	0.00383
41	0.01164	0.01260	0.02587	0.01865	0.02323	0.01210	0.68828	0.06948	0.05753	0.01639	0.01022	0.01290	0.00763	0.00423	0.00546	0.00158	0.00751	0.00546	0.00269	0.00654
42	0.01430	0.01141	0.01211	0.01012	0.01324	0.01293	0.00808	0.34210	0.47513	0.02387	0.01593	0.01499	0.01175	0.00609	0.00476	0.00152	0.00434	0.00488	0.00476	0.00769
43	0.00574	0.00410	0.00547	0.00657	0.00684	0.00383	0.00438	0.00657	0.00903	0.01204	0.02599	0.83122	0.03119	0.01477	0.00602	0.00191	0.00274	0.01340	0.00438	0.00383
44	0.01109	0.01090	0.01647	0.05103	0.60526	0.06599	0.01247	0.01354	0.01079	0.01459	0.01347	0.05449	0.08826	0.00555	0.00480	0.00144	0.00537	0.00514	0.00264	0.00673
45	0.00857	0.00774	0.01178	0.01120	0.05697	0.00967	0.04584	0.01018	0.00780	0.01156	0.00987	0.01479	0.00923	0.02195	0.43161	0.00488	0.31449	0.00468	0.00234	0.00486
46	0.00754	0.00528	0.00726	0.00829	0.00932	0.00526	0.00712	0.00962	0.01067	0.01417	0.02448	0.10519	0.02654	0.01271	0.00629	0.00209	0.00411	0.67566	0.05410	0.00431
47	0.00674	0.00505	0.00758	0.00758	0.00842	0.00589	0.00589	0.00842	0.00758	0.01095	0.01263	0.01852	0.01179	0.03536	0.81561	0.00758	0.01263	0.00505	0.00253	0.00421
48	0.01227	0.11797	0.08799	0.01276	0.08606	0.01274	0.03570	0.02836	0.04880	0.12506	0.00955	0.01166	0.00775	0.00750	0.04265	0.00191	0.33814	0.00410	0.00282	0.00622
49	0.01298	0.77987	0.02397	0.00826	0.01228	0.01838	0.00813	0.06798	0.01046	0.01239	0.00689	0.00782	0.00619	0.00415	0.00314	0.00104	0.00505	0.00264	0.00220	0.00619
50	0.00590	0.00424	0.00561	0.00647	0.00691	0.00395	0.00443	0.00695	0.00970	0.01305	0.13467	0.68771	0.05100	0.01396	0.00595	0.00185	0.00269	0.02653	0.00449	0.00393
51	0.13799	0.03208	0.02936	0.33324	0.02052	0.02181	0.02704	0.14095	0.02560	0.06453	0.00939	0.02270	0.00723	0.00556	0.00573	0.01465	0.08868	0.00409	0.00296	0.00589

[dist]
# distance from previous block
# <min> <max>
2	5

[block]
# block no. 7 follows, 54 sequences, length 18
# corresponding to MSA columns:
# 1325-1342
name=unknown_H
#
# <colnr> <probs for GDERKNQSTAVLIFYWHMCP>
#	G	D	E	R	K	N	Q	S	T	A	V	L	I	F	Y	W	H	M	C	P
0	0.01186	0.02399	0.05109	0.07041	0.06021	0.03582	0.12972	0.08116	0.17912	0.07786	0.02786	0.03089	0.04108	0.03882	0.00643	0.00168	0.06454	0.02769	0.01431	0.02547
1	0.00919	0.00534	0.00644	0.00780	0.11654	0.00534	0.00485	0.01147	0.01001	0.01728	0.01448	0.01676	0.01144	0.00531	0.00349	0.00114	0.00267	0.00437	0.74126	0.00482
2	0.02556	0.01115	0.11561	0.01129	0.12119	0.00827	0.02240	0.02765	0.06521	0.01598	0.00926	0.01065	0.00743	0.00398	0.00392	0.00100	0.00436	0.00332	0.00280	0.52897
3	0.01555	0.01820	0.01346	0.12584	0.03433	0.56929	0.02657	0.01719	0.01230	0.04010	0.00826	0.00999	0.00664	0.00500	0.00477	0.00131	0.03995	0.00345	0.04227	0.00553
4	0.00946	0.02439	0.80987	0.01344	0.02041	0.01095	0.01742	0.01493	0.00995	0.01493	0.00846	0.00995	0.00597	0.00448	0.00448	0.00149	0.00697	0.00348	0.00199	0.00697
5	0.01763	0.00833	0.01072	0.00807	0.01188	0.00704	0.00661	0.04959	0.01272	0.54101	0.01527	0.01399	0.01013	0.00513	0.00437	0.00123	0.00390	0.00414	0.00488	0.26337
6	0.00946	0.02439	0.80987	0.01344	0.02041	0.01095	0.01742	0.01493	0.00995	0.01493	0.00846	0.00995	0.00597	0.00448	0.00448	0.00149	0.00697	0.00348	0.00199	0.00697
7	0.00686	0.00457	0.00514	0.00514	0.00514	0.00457	0.00286	0.00686	0.00686	0.00914	0.01486	0.03086	0.01714	0.83430	0.02400	0.00457	0.00457	0.00686	0.00286	0.00286
8	0.00979	0.00973	0.01373	0.62838	0.07027	0.09445	0.01209	0.01262	0.01004	0.01248	0.04740	0.01340	0.00838	0.00594	0.03116	0.00172	0.00649	0.00431	0.00231	0.00531
9	0.24602	0.00934	0.01040	0.00830	0.01171	0.00953	0.00683	0.15148	0.06515	0.41309	0.01418	0.01310	0.00947	0.00545	0.00425	0.00146	0.00410	0.00411	0.00480	0.00721
10	0.00674	0.00505	0.00758	0.00758	0.00842	0.00589	0.00589	0.00842	0.00758	0.01095	0.01263	0.01852	0.01179	0.03536	0.81561	0.00758	0.01263	0.00505	0.00253	0.00421
11	0.00643	0.00600	0.04118	0.00661	0.00826	0.00488	0.04695	0.00809	0.01080	0.01385	0.17017	0.13166	0.42138	0.05154	0.00653	0.00179	0.00311	0.05225	0.00423	0.00427
12	0.00811	0.00521	0.00617	0.00574	0.00740	0.00454	0.00437	0.00971	0.01190	0.12522	0.28977	0.07654	0.40678	0.01048	0.00548	0.00155	0.00258	0.00893	0.00485	0.00469
13	0.00582	0.00416	0.00556	0.00665	0.00696	0.00390	0.00451	0.00670	0.00910	0.01212	0.02595	0.79916	0.03102	0.01470	0.00604	0.00193	0.00280	0.04471	0.00438	0.00385
14	0.00640	0.00430	0.00567	0.00656	0.00704	0.00397	0.00445	0.00728	0.00930	0.04632	0.02667	0.75989	0.06596	0.01426	0.00594	0.00188	0.00277	0.01287	0.00444	0.00402
15	0.01631	0.02024	0.01450	0.01402	0.09119	0.66585	0.05156	0.01784	0.01278	0.01208	0.00775	0.00939	0.00647	0.00582	0.03293	0.00148	0.00834	0.00336	0.00242	0.00566
16	0.00580	0.00420	0.00550	0.00651	0.00691	0.00390	0.00444	0.00670	0.00923	0.01217	0.02759	0.74248	0.08930	0.01449	0.00600	0.00190	0.00277	0.04187	0.00438	0.00386
17	0.18516	0.07264	0.01289	0.01138	0.07509	0.39924	0.00830	0.05891	0.01222	0.08546	0.00868	0.00961	0.00677	0.00480	0.00398	0.00129	0.00631	0.00325	0.02810	0.00593

[dist]
# distance from previous block
# <min> <max>
0	2

[block]
# block no. 8 follows, 54 sequences, length 8
# corresponding to MSA columns:
# 1345-1352
name=unknown_I
#
# <colnr> <probs for GDERKNQSTAVLIFYWHMCP>
#	G	D	E	R	K	N	Q	S	T	A	V	L	I	F	Y	W	H	M	C	P
0	0.57201	0.00959	0.00876	0.00738	0.01051	0.01066	0.00606	0.12522	0.05529	0.14082	0.00976	0.01000	0.00703	0.00489	0.00355	0.00146	0.00392	0.00328	0.00372	0.00609
1	0.01502	0.15077	0.01415	0.01041	0.01302	0.43063	0.00817	0.10211	0.08936	0.01417	0.01024	0.05799	0.00911	0.04864	0.00528	0.00146	0.00657	0.00410	0.00298	0.00581
2	0.00654	0.00457	0.00524	0.00532	0.00567	0.00440	0.00327	0.00700	0.00823	0.01086	0.09406	0.12084	0.12846	0.55543	0.01780	0.00359	0.00385	0.00815	0.00345	0.00327
3	0.00724	0.00511	0.00667	0.00729	0.00822	0.00497	0.00575	0.03794	0.01024	0.01326	0.02635	0.25861	0.14566	0.01343	0.00751	0.09958	0.00360	0.33043	0.00411	0.00403
4	0.01035	0.00653	0.00829	0.00752	0.00858	0.00702	0.00553	0.17598	0.05866	0.01382	0.01000	0.01432	0.00891	0.01540	0.09633	0.53655	0.00518	0.00430	0.00284	0.00389
5	0.01064	0.32900	0.51559	0.01143	0.01729	0.01384	0.01392	0.01463	0.00981	0.01349	0.00775	0.00906	0.00600	0.00431	0.00393	0.00131	0.00625	0.00312	0.00200	0.00662
6	0.00624	0.00461	0.00602	0.00646	0.00719	0.00451	0.00469	0.00751	0.00952	0.01274	0.12542	0.33840	0.14369	0.07456	0.17133	0.00316	0.00486	0.06111	0.00400	0.00398
7	0.05832	0.01253	0.07498	0.11206	0.18314	0.01164	0.39805	0.06252	0.01129	0.01604	0.00914	0.01194	0.00698	0.00427	0.00501	0.00152	0.00681	0.00474	0.00249	0.00653

[dist]
# distance from previous block
# <min> <max>
0	7

[block]
# block no. 9 follows, 54 sequences, length 28
# corresponding to MSA columns:
# 1360-1373,1375-1388
name=unknown_J
#
# <colnr> <probs for GDERKNQSTAVLIFYWHMCP>
#	G	D	E	R	K	N	Q	S	T	A	V	L	I	F	Y	W	H	M	C	P
0	0.01247	0.01179	0.01711	0.08284	0.35005	0.09991	0.10940	0.04368	0.02917	0.06390	0.01017	0.01376	0.00847	0.03473	0.00631	0.00161	0.06765	0.02767	0.00275	0.00655
1	0.01725	0.05034	0.01369	0.01007	0.01365	0.01349	0.00836	0.63970	0.02005	0.08554	0.01194	0.01195	0.00849	0.00559	0.00454	0.00138	0.00488	0.00421	0.06725	0.00766
2	0.01258	0.02621	0.20256	0.02271	0.06495	0.06126	0.03372	0.11518	0.02620	0.09222	0.00985	0.01091	0.00739	0.00461	0.00462	0.00123	0.03220	0.00362	0.00307	0.26490
3	0.01072	0.01897	0.51947	0.01227	0.01794	0.01028	0.05831	0.05559	0.01090	0.06663	0.03830	0.01149	0.00805	0.00481	0.00489	0.00142	0.03542	0.00385	0.00262	0.10809
4	0.00619	0.00477	0.00565	0.00555	0.00681	0.00424	0.00415	0.00790	0.01197	0.01587	0.43101	0.08908	0.35266	0.01096	0.00561	0.00157	0.00237	0.02462	0.00479	0.00422
5	0.04041	0.01045	0.01709	0.18941	0.33225	0.03730	0.13821	0.01397	0.04812	0.01480	0.03920	0.03872	0.03358	0.00523	0.00505	0.00151	0.02077	0.00499	0.00265	0.00630
6	0.00842	0.00797	0.06407	0.05833	0.01034	0.04178	0.06258	0.04521	0.00899	0.01189	0.06221	0.04318	0.01606	0.52036	0.01680	0.00341	0.00511	0.00632	0.00296	0.00402
7	0.02030	0.00819	0.01091	0.00844	0.01198	0.00729	0.00694	0.05600	0.03141	0.72902	0.04556	0.01654	0.01271	0.00597	0.00477	0.00146	0.00400	0.00486	0.00574	0.00789
8	0.00646	0.00483	0.00555	0.00571	0.00696	0.00428	0.00419	0.00795	0.02486	0.04119	0.13905	0.25340	0.43715	0.01211	0.00567	0.00167	0.00258	0.02763	0.00454	0.00421
9	0.01284	0.09965	0.14650	0.01893	0.29964	0.03826	0.15897	0.05317	0.01150	0.10116	0.00981	0.01152	0.00746	0.00445	0.00463	0.00141	0.00611	0.00419	0.00275	0.00705
10	0.00811	0.00533	0.00643	0.00602	0.00735	0.00495	0.00444	0.01013	0.04487	0.09274	0.34968	0.03479	0.21009	0.15741	0.00878	0.00209	0.00300	0.03465	0.00460	0.00453
11	0.00772	0.00587	0.00814	0.00778	0.00858	0.00693	0.00600	0.04498	0.00823	0.01193	0.01231	0.01882	0.01171	0.12681	0.56594	0.00609	0.09261	0.00511	0.04010	0.00433
12	0.01284	0.01057	0.01012	0.00900	0.01104	0.13645	0.00684	0.27160	0.04516	0.05503	0.01624	0.24022	0.01619	0.10051	0.00721	0.00191	0.00483	0.03441	0.00410	0.00574
13	0.01851	0.00864	0.01089	0.00863	0.01192	0.00823	0.00702	0.14884	0.06578	0.54626	0.03176	0.06629	0.01305	0.00646	0.00480	0.00148	0.00404	0.00529	0.02453	0.00758
14	0.00600	0.00439	0.00556	0.00620	0.00670	0.00420	0.00421	0.00685	0.00880	0.01159	0.02614	0.49901	0.14516	0.13726	0.10228	0.00291	0.00410	0.01095	0.00394	0.00375
15	0.01316	0.23823	0.12989	0.01377	0.06906	0.05108	0.19351	0.14005	0.01237	0.05200	0.00901	0.01051	0.00697	0.00463	0.00479	0.00137	0.03621	0.00394	0.00275	0.00669
16	0.01577	0.07592	0.02701	0.01259	0.08976	0.30057	0.00936	0.24641	0.06837	0.04453	0.01083	0.01310	0.00878	0.00559	0.00453	0.00137	0.00625	0.04918	0.00345	0.00664
17	0.01513	0.09218	0.01481	0.11558	0.04291	0.50661	0.02542	0.03170	0.06966	0.01269	0.00838	0.00988	0.00681	0.00493	0.00454	0.00131	0.02571	0.00344	0.00255	0.00576
18	0.01559	0.01851	0.01229	0.01134	0.01353	0.60318	0.00870	0.06466	0.01325	0.01303	0.01078	0.05286	0.01021	0.00654	0.00488	0.00141	0.02305	0.10790	0.00291	0.00539
19	0.00678	0.00490	0.00690	0.00690	0.00755	0.00548	0.00508	0.00795	0.00745	0.01050	0.01395	0.02191	0.03471	0.21467	0.58781	0.03519	0.01024	0.00556	0.00264	0.00383
20	0.01077	0.00719	0.00856	0.00742	0.00935	0.02150	0.00582	0.15972	0.02565	0.10859	0.42387	0.02573	0.04006	0.01085	0.08754	0.00207	0.00418	0.00669	0.02888	0.00556
21	0.02540	0.00989	0.01638	0.38120	0.31808	0.01096	0.06094	0.01447	0.08844	0.01442	0.00968	0.01266	0.00757	0.00464	0.00473	0.00151	0.00583	0.00436	0.00249	0.00636
22	0.00684	0.00462	0.00540	0.00540	0.00549	0.00471	0.00318	0.00702	0.00693	0.00933	0.01462	0.02956	0.01658	0.75029	0.10723	0.00489	0.00542	0.00667	0.00282	0.00300
23	0.00686	0.00457	0.00514	0.00514	0.00514	0.00457	0.00286	0.00686	0.00686	0.00914	0.01486	0.03086	0.01714	0.83430	0.02400	0.00457	0.00457	0.00686	0.00286	0.00286
24	0.01252	0.06275	0.01800	0.18711	0.36362	0.06368	0.08139	0.09055	0.01184	0.05020	0.00925	0.01165	0.00726	0.00453	0.00464	0.00142	0.00599	0.00417	0.00266	0.00677
25	0.00594	0.00424	0.00570	0.00679	0.00715	0.00400	0.00472	0.00690	0.00922	0.01226	0.02588	0.74882	0.03076	0.01459	0.00607	0.00194	0.00291	0.09386	0.00437	0.00388
26	0.00626	0.00474	0.00578	0.00564	0.00683	0.00426	0.00418	0.00806	0.01220	0.01647	0.50989	0.10778	0.26915	0.01077	0.00560	0.00155	0.00232	0.00938	0.00488	0.00426
27	0.01116	0.01077	0.06521	0.35244	0.27714	0.02686	0.04657	0.03910	0.01066	0.06883	0.00953	0.01246	0.00731	0.00576	0.03505	0.00172	0.00627	0.00426	0.00254	0.00636

[dist]
# distance from previous block
# <min> <max>
1	3

[block]
# block no. 10 follows, 54 sequences, length 31
# corresponding to MSA columns:
# 1393-1423
name=unknown_K
#
# <colnr> <probs for GDERKNQSTAVLIFYWHMCP>
#	G	D	E	R	K	N	Q	S	T	A	V	L	I	F	Y	W	H	M	C	P
0	0.01334	0.00955	0.01052	0.00921	0.01203	0.01055	0.00723	0.02406	0.62026	0.17106	0.02001	0.01820	0.03957	0.00647	0.00481	0.00157	0.00374	0.00537	0.00498	0.00746
1	0.01418	0.01162	0.01203	0.01013	0.01320	0.03580	0.00806	0.30713	0.48797	0.02318	0.01594	0.01501	0.01180	0.00608	0.00475	0.00152	0.00441	0.00486	0.00470	0.00761
2	0.00674	0.00503	0.00748	0.00748	0.00829	0.00584	0.00578	0.00836	0.00755	0.01088	0.01272	0.01900	0.01199	0.06615	0.78511	0.00746	0.01232	0.00512	0.00254	0.00416
3	0.00590	0.00421	0.00564	0.00674	0.00708	0.00396	0.00464	0.00683	0.00918	0.01221	0.02590	0.76778	0.03085	0.01463	0.00606	0.00194	0.00287	0.07535	0.00437	0.00387
4	0.01649	0.01922	0.03137	0.01299	0.02776	0.52997	0.09696	0.15322	0.04011	0.01552	0.00868	0.00984	0.00683	0.00493	0.00451	0.00131	0.00763	0.00363	0.00289	0.00614
5	0.04233	0.00852	0.01109	0.00856	0.01217	0.00775	0.00706	0.08354	0.03337	0.70683	0.01773	0.01550	0.01128	0.00580	0.00469	0.00146	0.00409	0.00466	0.00565	0.00794
6	0.00906	0.00466	0.00469	0.00459	0.00577	0.00470	0.00347	0.03427	0.01026	0.01794	0.01526	0.01739	0.01196	0.00550	0.00334	0.00111	0.00229	0.00439	0.83487	0.00450
7	0.00564	0.00461	0.00499	0.00524	0.00650	0.00396	0.00380	0.00678	0.01040	0.01274	0.06338	0.23642	0.59404	0.01257	0.00568	0.00167	0.00247	0.01075	0.00440	0.00396
8	0.00662	0.00437	0.00580	0.00670	0.00721	0.00410	0.00468	0.00765	0.00938	0.04289	0.02513	0.70034	0.02922	0.01386	0.00588	0.00188	0.00289	0.07270	0.04465	0.00406
9	0.00701	0.00591	0.00968	0.00894	0.01027	0.00553	0.14323	0.00867	0.01005	0.01338	0.08999	0.44591	0.08656	0.03410	0.00641	0.00190	0.00383	0.10022	0.00405	0.00437
10	0.10444	0.00900	0.01310	0.65630	0.02806	0.03507	0.01173	0.01328	0.05925	0.01353	0.00883	0.01222	0.00666	0.00479	0.00451	0.00155	0.00590	0.00405	0.00237	0.00537
11	0.00674	0.00502	0.00742	0.00742	0.00821	0.00581	0.00570	0.00832	0.00753	0.01083	0.01277	0.01933	0.01214	0.08731	0.76414	0.00738	0.01211	0.00517	0.00255	0.00412
12	0.00686	0.00457	0.00514	0.00514	0.00514	0.00457	0.00286	0.00686	0.00686	0.00914	0.01486	0.03086	0.01714	0.83430	0.02400	0.00457	0.00457	0.00686	0.00286	0.00286
13	0.03960	0.04043	0.01195	0.01007	0.01242	0.30460	0.04658	0.05693	0.10817	0.03349	0.06914	0.04104	0.05848	0.02430	0.05060	0.00181	0.02815	0.02559	0.00335	0.03330
14	0.01100	0.10477	0.04837	0.10197	0.09244	0.01226	0.41113	0.01453	0.03492	0.02670	0.01045	0.01304	0.03287	0.00474	0.00568	0.00153	0.06000	0.00491	0.00247	0.00623
