[name]
unknown

[dist]
# distance from previous block
# <min> <max>
0	1780

[block]
# block no. 0 follows, 48 sequences, length 12
# corresponding to MSA columns:
# 1807-1811,1825-1831
name=unknown_A
#
# <colnr> <probs for GDERKNQSTAVLIFYWHMCP>
#	G	D	E	R	K	N	Q	S	T	A	V	L	I	F	Y	W	H	M	C	P
0	0.01014	0.02476	0.04031	0.05457	0.12218	0.00883	0.00866	0.06003	0.05453	0.01626	0.05420	0.09300	0.04669	0.03640	0.13673	0.00271	0.02835	0.02907	0.00348	0.16911
1	0.01182	0.01242	0.09581	0.06234	0.14882	0.05360	0.13567	0.08239	0.01231	0.04193	0.03005	0.13619	0.03420	0.00847	0.02178	0.03292	0.04681	0.02268	0.00334	0.00644
2	0.01514	0.01356	0.01711	0.04960	0.32931	0.09013	0.01223	0.22182	0.05851	0.03825	0.01083	0.01260	0.00850	0.00559	0.00594	0.00156	0.06875	0.00449	0.00348	0.03261
3	0.00799	0.00701	0.08264	0.00655	0.00753	0.00550	0.00497	0.00851	0.00828	0.01140	0.01757	0.02897	0.08317	0.48874	0.01975	0.13352	0.00476	0.00675	0.06275	0.00364
4	0.01111	0.00982	0.03231	0.09020	0.09318	0.03008	0.06923	0.11163	0.10953	0.01727	0.06786	0.07933	0.07671	0.06059	0.03435	0.08509	0.00544	0.00655	0.00375	0.00598
5	0.00803	0.00582	0.00724	0.00735	0.00820	0.00597	0.00518	0.08232	0.01064	0.01431	0.04148	0.34304	0.07333	0.18791	0.17106	0.00385	0.00580	0.00990	0.00407	0.00450
6	0.09344	0.06110	0.05074	0.00794	0.01251	0.00840	0.00685	0.01345	0.01045	0.01702	0.00881	0.01027	0.00728	0.00399	0.00376	0.00091	0.00411	0.00303	0.00296	0.67299
7	0.01196	0.20857	0.15170	0.00918	0.01237	0.08739	0.00875	0.01417	0.01069	0.06341	0.01323	0.06571	0.02493	0.08900	0.03330	0.02106	0.02452	0.00499	0.13923	0.00582
8	0.01016	0.11980	0.03938	0.00819	0.01046	0.08015	0.00671	0.05155	0.09213	0.01590	0.10026	0.15763	0.20442	0.03490	0.00604	0.00175	0.00425	0.02675	0.02406	0.00553
9	0.02584	0.08013	0.05613	0.00991	0.01361	0.08825	0.04842	0.09401	0.05969	0.06511	0.04203	0.09278	0.04187	0.00648	0.00475	0.00135	0.00502	0.00535	0.00374	0.25552
10	0.09973	0.11308	0.19437	0.01360	0.07368	0.04811	0.12323	0.07381	0.03231	0.01719	0.01086	0.05312	0.00939	0.05925	0.00614	0.00174	0.00621	0.00479	0.00294	0.05645
11	0.03234	0.10466	0.10915	0.03254	0.05334	0.12509	0.03066	0.11743	0.03783	0.01680	0.01454	0.13326	0.01422	0.05811	0.00647	0.00184	0.00588	0.07889	0.00350	0.02346

[dist]
# distance from previous block
# <min> <max>
2	10

[block]
# block no. 1 follows, 48 sequences, length 20
# corresponding to MSA columns:
# 1842-1855,1860-1865
name=unknown_B
#
# <colnr> <probs for GDERKNQSTAVLIFYWHMCP>
#	G	D	E	R	K	N	Q	S	T	A	V	L	I	F	Y	W	H	M	C	P
0	0.02957	0.11740	0.02949	0.01945	0.04025	0.12070	0.02662	0.05482	0.11084	0.04974	0.03093	0.25668	0.04218	0.00915	0.00575	0.00169	0.03709	0.00762	0.00395	0.00608
1	0.09802	0.29589	0.10360	0.01040	0.01442	0.14125	0.00964	0.12104	0.09893	0.01777	0.01008	0.01086	0.00802	0.00521	0.00415	0.00138	0.00592	0.00362	0.03290	0.00689
2	0.06491	0.15060	0.09395	0.16096	0.24414	0.09925	0.06034	0.04002	0.01169	0.01567	0.00888	0.01136	0.00715	0.00480	0.00466	0.00149	0.00663	0.00403	0.00254	0.00693
3	0.04917	0.03915	0.04289	0.02327	0.44016	0.07193	0.08962	0.09798	0.01318	0.04604	0.01005	0.01225	0.00799	0.00483	0.00498	0.00150	0.00635	0.00445	0.00299	0.03122
4	0.00722	0.00538	0.00683	0.00698	0.00806	0.00515	0.00516	0.00975	0.05506	0.01726	0.38737	0.26310	0.10998	0.01323	0.03105	0.00202	0.00318	0.05331	0.00514	0.00477
5	0.00744	0.00531	0.00665	0.00630	0.00767	0.00480	0.00473	0.00959	0.01384	0.04079	0.59901	0.06153	0.19116	0.01102	0.00604	0.00165	0.00253	0.00961	0.00547	0.00483
6	0.00666	0.00522	0.00602	0.00582	0.00730	0.00459	0.00437	0.00852	0.01310	0.01720	0.41654	0.04388	0.41894	0.01175	0.00606	0.00167	0.00251	0.01006	0.00520	0.00459
7	0.00707	0.00524	0.00659	0.00626	0.00755	0.00476	0.00469	0.00931	0.01407	0.01951	0.66826	0.04009	0.16579	0.01089	0.00605	0.00163	0.00245	0.00953	0.00551	0.00476
8	0.30509	0.01262	0.01257	0.00997	0.01375	0.01406	0.00823	0.48177	0.01848	0.06068	0.01088	0.01117	0.00781	0.00569	0.00447	0.00156	0.00502	0.00401	0.00452	0.00764
9	0.00684	0.00519	0.00609	0.00589	0.00714	0.00467	0.00428	0.00855	0.01261	0.01679	0.41996	0.04182	0.31669	0.11099	0.00853	0.00207	0.00280	0.00963	0.00501	0.00444
10	0.00670	0.00510	0.00557	0.00568	0.00666	0.00462	0.00388	0.00760	0.01022	0.01280	0.06985	0.09678	0.40644	0.29440	0.01312	0.00290	0.00352	0.03600	0.00423	0.00393
11	0.80960	0.01083	0.05057	0.00718	0.01060	0.01153	0.00629	0.01515	0.00885	0.02265	0.00726	0.00847	0.00561	0.00477	0.00327	0.00159	0.00417	0.00283	0.00312	0.00567
12	0.01237	0.01186	0.02024	0.11534	0.70636	0.01211	0.01559	0.01546	0.01153	0.01637	0.00959	0.01281	0.00799	0.00463	0.00509	0.00154	0.00618	0.00457	0.00251	0.00787
13	0.01869	0.01397	0.01494	0.01164	0.01560	0.01553	0.00956	0.68089	0.11511	0.03103	0.01335	0.01314	0.00956	0.00626	0.00514	0.00156	0.00545	0.00476	0.00514	0.00865
14	0.01570	0.04812	0.01646	0.07445	0.01734	0.06930	0.14746	0.15534	0.01423	0.19351	0.01332	0.04324	0.01041	0.05574	0.00679	0.00175	0.03186	0.00522	0.00401	0.07575
15	0.00874	0.03182	0.03709	0.00831	0.00973	0.03335	0.03325	0.02702	0.04722	0.01403	0.01877	0.20070	0.04947	0.12437	0.22639	0.00394	0.01938	0.00773	0.09382	0.00488
16	0.04035	0.07364	0.04253	0.16400	0.06044	0.14720	0.03390	0.10512	0.01316	0.06784	0.03310	0.04771	0.01081	0.01893	0.00539	0.00157	0.01825	0.02815	0.02263	0.06528
17	0.01627	0.10813	0.03880	0.03953	0.01521	0.08532	0.04331	0.14416	0.07766	0.20719	0.02884	0.03953	0.01170	0.00678	0.00622	0.00163	0.08650	0.03169	0.00425	0.00728
18	0.03963	0.04347	0.04083	0.04931	0.21914	0.04193	0.00955	0.03918	0.01207	0.14701	0.01543	0.11530	0.01345	0.00700	0.00492	0.00156	0.00481	0.03211	0.15663	0.00667
19	0.37555	0.01487	0.01088	0.00967	0.01258	0.28006	0.00757	0.07966	0.03648	0.05336	0.00980	0.03616	0.00802	0.00695	0.03700	0.00179	0.00630	0.00380	0.00339	0.00609

[dist]
# distance from previous block
# <min> <max>
0	1

[block]
# block no. 2 follows, 48 sequences, length 7
# corresponding to MSA columns:
# 1867-1873
name=unknown_C
#
# <colnr> <probs for GDERKNQSTAVLIFYWHMCP>
#	G	D	E	R	K	N	Q	S	T	A	V	L	I	F	Y	W	H	M	C	P
0	0.01219	0.01136	0.01814	0.02600	0.59911	0.01158	0.01358	0.01688	0.12549	0.01782	0.08476	0.01608	0.01306	0.00549	0.00519	0.00156	0.00545	0.00520	0.00323	0.00782
1	0.01202	0.00942	0.00957	0.00910	0.01114	0.11204	0.00722	0.03711	0.12453	0.11403	0.13992	0.09818	0.09152	0.01023	0.00590	0.00182	0.00453	0.19089	0.00488	0.00593
2	0.06433	0.07042	0.11253	0.09752	0.09416	0.04814	0.02662	0.10604	0.03336	0.04265	0.08912	0.04540	0.01346	0.06117	0.00734	0.00185	0.07070	0.00529	0.00341	0.00648
3	0.14605	0.00852	0.03699	0.00812	0.01019	0.03738	0.00658	0.07042	0.01170	0.10830	0.01971	0.15058	0.05098	0.11713	0.00808	0.00222	0.00442	0.13551	0.06165	0.00547
4	0.00784	0.00571	0.00672	0.00672	0.00760	0.00566	0.00462	0.06936	0.01065	0.01404	0.06538	0.23414	0.16690	0.28057	0.08785	0.00348	0.00477	0.00960	0.00410	0.00429
5	0.17954	0.20657	0.05178	0.03687	0.12900	0.13908	0.01005	0.10703	0.06419	0.01825	0.00933	0.01057	0.00749	0.00506	0.00422	0.00143	0.00593	0.00364	0.00306	0.00689
6	0.03633	0.05159	0.03562	0.07105	0.03136	0.03278	0.00793	0.12346	0.11635	0.01779	0.05832	0.12723	0.07641	0.09677	0.00775	0.00211	0.00473	0.09236	0.00417	0.00590

[dist]
# distance from previous block
# <min> <max>
5	19

[block]
# block no. 3 follows, 48 sequences, length 11
# corresponding to MSA columns:
# 1906-1916
name=unknown_D
#
# <colnr> <probs for GDERKNQSTAVLIFYWHMCP>
#	G	D	E	R	K	N	Q	S	T	A	V	L	I	F	Y	W	H	M	C	P
0	0.05489	0.11442	0.08633	0.05361	0.08230	0.06418	0.02995	0.07189	0.08530	0.03129	0.01238	0.01351	0.04183	0.00524	0.00445	0.00132	0.00531	0.00417	0.02463	0.21300
1	0.04489	0.03067	0.01335	0.04646	0.13105	0.06339	0.03715	0.18326	0.07027	0.05363	0.08262	0.05813	0.09350	0.00726	0.00515	0.00157	0.00495	0.00609	0.05981	0.00678
2	0.02400	0.19258	0.26808	0.01167	0.04271	0.04568	0.03819	0.02445	0.01088	0.01481	0.04113	0.07133	0.01210	0.03954	0.01584	0.04201	0.00605	0.04372	0.00282	0.05241
3	0.27130	0.00907	0.03947	0.00724	0.00965	0.03245	0.00598	0.09141	0.04032	0.02094	0.02925	0.05847	0.01184	0.00721	0.02770	0.00166	0.00406	0.00475	0.32156	0.00566
4	0.01186	0.05823	0.15467	0.16866	0.06428	0.01191	0.20189	0.06511	0.06041	0.04425	0.01289	0.04449	0.02956	0.00569	0.00523	0.00163	0.00652	0.00535	0.04053	0.00684
5	0.00629	0.00518	0.00549	0.00558	0.00710	0.00444	0.00415	0.00764	0.01162	0.01418	0.09779	0.09417	0.63238	0.04403	0.00690	0.00189	0.00278	0.03931	0.00476	0.00432
6	0.01122	0.08698	0.36535	0.05193	0.16164	0.01252	0.13083	0.01611	0.04788	0.01600	0.01067	0.04673	0.00864	0.00529	0.00506	0.00161	0.00690	0.00479	0.00257	0.00729
7	0.45923	0.00758	0.00650	0.00608	0.00796	0.00842	0.00449	0.01222	0.00866	0.01835	0.01146	0.01787	0.01082	0.25788	0.01036	0.00258	0.00403	0.00455	0.13629	0.00468
8	0.00866	0.00620	0.00839	0.00806	0.00916	0.00699	0.00616	0.08012	0.00973	0.01390	0.01386	0.02061	0.01293	0.11457	0.57329	0.03678	0.01112	0.00554	0.04920	0.00474
9	0.00882	0.00656	0.00912	0.00858	0.00925	0.00780	0.00652	0.01008	0.00829	0.04887	0.01339	0.02173	0.01316	0.22489	0.42832	0.00603	0.15530	0.00579	0.00292	0.00460
10	0.01437	0.41565	0.10377	0.04381	0.08854	0.17333	0.01090	0.01718	0.04468	0.03227	0.00874	0.01004	0.00728	0.00483	0.00410	0.00130	0.00648	0.00340	0.00255	0.00679

[dist]
# distance from previous block
# <min> <max>
0	1

[block]
# block no. 4 follows, 48 sequences, length 24
# corresponding to MSA columns:
# 1918-1941
name=unknown_E
#
# <colnr> <probs for GDERKNQSTAVLIFYWHMCP>
#	G	D	E	R	K	N	Q	S	T	A	V	L	I	F	Y	W	H	M	C	P
0	0.01317	0.01423	0.18480	0.04193	0.10427	0.02699	0.01124	0.11373	0.08924	0.08809	0.05647	0.01439	0.01117	0.00598	0.01498	0.00153	0.02342	0.00453	0.00366	0.17616
1	0.10871	0.08862	0.19273	0.02780	0.22475	0.12047	0.05245	0.01626	0.01144	0.03513	0.00978	0.02876	0.00810	0.00517	0.00467	0.00150	0.00650	0.01738	0.00271	0.03706
2	0.15145	0.08339	0.23516	0.01332	0.06992	0.09020	0.05223	0.07095	0.09066	0.01812	0.01064	0.03896	0.00860	0.00567	0.00513	0.00159	0.03968	0.00433	0.00305	0.00695
3	0.04343	0.01284	0.01917	0.21137	0.21575	0.06725	0.16100	0.13859	0.04714	0.01848	0.01038	0.01299	0.00798	0.00508	0.00520	0.00161	0.00676	0.00477	0.00306	0.00716
4	0.00926	0.00763	0.00832	0.00772	0.00982	0.00793	0.00596	0.04950	0.27319	0.01840	0.16423	0.03445	0.31261	0.01129	0.03908	0.00199	0.00372	0.02397	0.00500	0.00593
5	0.00646	0.00489	0.00596	0.00637	0.00734	0.00439	0.00452	0.00788	0.01163	0.01529	0.23324	0.37738	0.26872	0.01367	0.00627	0.00185	0.00272	0.01205	0.00499	0.00439
6	0.00740	0.00523	0.00713	0.00719	0.00775	0.00573	0.00512	0.00848	0.00808	0.01139	0.01529	0.06787	0.01583	0.29684	0.46298	0.02728	0.00977	0.00661	0.02000	0.00401
7	0.00634	0.00458	0.00601	0.00699	0.00744	0.00424	0.00473	0.00741	0.01037	0.01387	0.10426	0.70433	0.06967	0.01538	0.00648	0.00202	0.00290	0.01389	0.00485	0.00424
8	0.01178	0.01218	0.01555	0.01330	0.01372	0.08674	0.03667	0.01297	0.00859	0.01238	0.00749	0.01236	0.00741	0.05286	0.01586	0.00229	0.66536	0.00460	0.00234	0.00555
9	0.00737	0.00487	0.00607	0.00654	0.00690	0.00465	0.00419	0.00804	0.00934	0.03816	0.07433	0.41947	0.02801	0.34150	0.01441	0.00321	0.00380	0.01102	0.00420	0.00394
10	0.01028	0.04662	0.25089	0.22588	0.05021	0.01123	0.06077	0.01494	0.07083	0.01557	0.05386	0.01589	0.02380	0.03335	0.02031	0.00187	0.03965	0.00493	0.04268	0.00644
11	0.38797	0.01093	0.01036	0.00895	0.01219	0.01246	0.00720	0.12923	0.29783	0.05424	0.01353	0.01330	0.01006	0.00585	0.00430	0.00164	0.00426	0.00426	0.00435	0.00710
12	0.01218	0.00826	0.00971	0.00865	0.01097	0.00829	0.00659	0.11403	0.16512	0.12091	0.06102	0.24123	0.02088	0.06421	0.00692	0.00191	0.00397	0.02941	0.00485	0.10089
13	0.00710	0.00488	0.00616	0.00667	0.00693	0.00485	0.00437	0.00767	0.00864	0.01158	0.02086	0.32043	0.02413	0.38269	0.08565	0.02901	0.00498	0.05594	0.00376	0.00370
14	0.01425	0.74495	0.02568	0.00921	0.01343	0.09621	0.00889	0.01586	0.01083	0.01212	0.00721	0.00833	0.00659	0.00448	0.00342	0.00112	0.00585	0.00280	0.00224	0.00652
15	0.01452	0.03486	0.07131	0.01062	0.01408	0.09296	0.04164	0.05925	0.26017	0.15241	0.05132	0.01913	0.03449	0.00671	0.00510	0.00158	0.00508	0.03664	0.03459	0.05353
16	0.01233	0.14373	0.03653	0.05573	0.08196	0.03837	0.02670	0.01415	0.01017	0.09306	0.03366	0.01571	0.01064	0.09459	0.05507	0.00239	0.21772	0.00479	0.04668	0.00602
17	0.01060	0.00809	0.00930	0.03018	0.05291	0.02693	0.00671	0.06060	0.14454	0.05782	0.10631	0.04143	0.21761	0.00978	0.03302	0.00185	0.03844	0.00715	0.13078	0.00594
18	0.00800	0.00538	0.00695	0.00763	0.00850	0.00517	0.00561	0.00981	0.04277	0.05773	0.03866	0.45599	0.07252	0.08338	0.00817	0.00232	0.00361	0.16841	0.00474	0.00464
19	0.05684	0.00904	0.04633	0.03299	0.01267	0.04068	0.08264	0.03563	0.03950	0.11285	0.08209	0.18458	0.16845	0.01002	0.00576	0.00179	0.00449	0.06342	0.00447	0.00576
20	0.03042	0.09041	0.11198	0.01817	0.21507	0.13013	0.11510	0.07288	0.04556	0.07391	0.01050	0.01216	0.00812	0.00519	0.00540	0.00154	0.03862	0.00439	0.00307	0.00737
21	0.01027	0.01259	0.17704	0.01137	0.03486	0.05589	0.03895	0.05600	0.04449	0.02776	0.03974	0.22655	0.05847	0.00992	0.00665	0.00186	0.06907	0.09447	0.01813	0.00593
22	0.00740	0.00521	0.00700	0.00728	0.00820	0.00531	0.00533	0.00875	0.00953	0.04340	0.02507	0.28604	0.14489	0.06852	0.33795	0.00473	0.00757	0.00943	0.00390	0.00449
23	0.01276	0.30727	0.18053	0.01329	0.10007	0.03177	0.03746	0.04700	0.04419	0.04879	0.01128	0.08564	0.01007	0.00609	0.00510	0.00149	0.04257	0.00478	0.00292	0.00694

[dist]
# distance from previous block
# <min> <max>
2	25

[block]
# block no. 5 follows, 48 sequences, length 69
# corresponding to MSA columns:
# 1969-2037
name=unknown_F
#
# <colnr> <probs for GDERKNQSTAVLIFYWHMCP>
#	G	D	E	R	K	N	Q	S	T	A	V	L	I	F	Y	W	H	M	C	P
0	0.02644	0.15045	0.17974	0.07279	0.16548	0.05202	0.01233	0.06594	0.09737	0.03813	0.01240	0.01483	0.02464	0.00567	0.00476	0.00153	0.00594	0.03227	0.03010	0.00718
1	0.01104	0.01176	0.15994	0.06467	0.08729	0.00908	0.04100	0.07421	0.03558	0.03536	0.01289	0.01715	0.01079	0.12268	0.03492	0.00216	0.00552	0.00490	0.18078	0.07829
2	0.04209	0.11699	0.09671	0.01865	0.31539	0.14232	0.01194	0.03941	0.02951	0.01543	0.01036	0.03110	0.00930	0.09151	0.00696	0.00183	0.00637	0.00455	0.00275	0.00683
3	0.20253	0.40842	0.03764	0.00961	0.01320	0.06388	0.03925	0.03574	0.01052	0.01546	0.00886	0.01039	0.02789	0.00605	0.02466	0.00156	0.07207	0.00343	0.00263	0.00622
4	0.00737	0.00501	0.00580	0.00581	0.00598	0.00502	0.00344	0.00762	0.00792	0.01059	0.03867	0.05263	0.04729	0.69847	0.07390	0.00490	0.00533	0.00768	0.00326	0.00332
5	0.00725	0.09152	0.00844	0.00733	0.00815	0.00626	0.00528	0.00829	0.01005	0.01324	0.05951	0.61873	0.06170	0.03847	0.00703	0.00204	0.02538	0.01245	0.00441	0.00447
6	0.01557	0.03584	0.05616	0.03691	0.01563	0.10347	0.04168	0.26814	0.11767	0.08343	0.03234	0.04166	0.01136	0.00787	0.04241	0.00187	0.03036	0.00505	0.00422	0.04836
7	0.02292	0.00574	0.00666	0.00633	0.00751	0.00551	0.00446	0.01066	0.05137	0.06890	0.22501	0.05340	0.16027	0.28382	0.01259	0.00278	0.00361	0.02004	0.04382	0.00460
8	0.01106	0.00951	0.00948	0.00892	0.00970	0.16349	0.00653	0.03058	0.00913	0.01115	0.00996	0.01595	0.00963	0.07678	0.14855	0.37774	0.08075	0.00463	0.00254	0.00391
9	0.01775	0.12298	0.09943	0.01187	0.01622	0.09910	0.08101	0.16444	0.05634	0.25976	0.01356	0.01339	0.00949	0.00562	0.00490	0.00151	0.00602	0.00450	0.00430	0.00781
10	0.04286	0.05764	0.13262	0.08049	0.10603	0.06568	0.05776	0.04010	0.08178	0.03271	0.01075	0.03469	0.00895	0.00744	0.03497	0.00195	0.17561	0.00472	0.01657	0.00667
11	0.00733	0.00557	0.00682	0.00723	0.00848	0.00528	0.00567	0.00960	0.04436	0.01552	0.16356	0.14733	0.25891	0.05064	0.00734	0.00210	0.00345	0.24134	0.00485	0.00462
12	0.01100	0.01096	0.04114	0.45131	0.35703	0.01175	0.01503	0.01433	0.01089	0.01477	0.00935	0.01317	0.00738	0.00488	0.00510	0.00163	0.00654	0.00454	0.00239	0.00680
13	0.01444	0.11908	0.05184	0.01048	0.01347	0.13977	0.00887	0.20563	0.11024	0.01956	0.03028	0.01417	0.01057	0.01694	0.06558	0.00203	0.05911	0.00449	0.09668	0.00677
14	0.01314	0.02833	0.01652	0.32948	0.20574	0.03797	0.01276	0.19233	0.03636	0.01891	0.03457	0.01375	0.00913	0.00553	0.00535	0.00161	0.02357	0.00468	0.00321	0.00705
15	0.00741	0.00520	0.00673	0.00673	0.00712	0.00559	0.00452	0.00819	0.00780	0.01079	0.01513	0.02785	0.01617	0.48607	0.35632	0.00637	0.00872	0.00662	0.00296	0.00374
16	0.05556	0.00829	0.01063	0.00848	0.01185	0.00755	0.00690	0.04285	0.03737	0.55908	0.10487	0.02071	0.04917	0.00702	0.00514	0.00158	0.00399	0.00574	0.04545	0.00778
17	0.01040	0.00986	0.01723	0.56368	0.14964	0.01134	0.09251	0.01381	0.01070	0.01433	0.00973	0.01383	0.00746	0.00500	0.00514	0.00166	0.00668	0.00473	0.04609	0.00616
18	0.06638	0.00803	0.01014	0.00902	0.01154	0.00806	0.00747	0.05605	0.05949	0.29280	0.06638	0.02984	0.06372	0.01094	0.05452	0.00223	0.03908	0.19260	0.00509	0.00663
19	0.00679	0.00477	0.00630	0.00734	0.00782	0.00454	0.00521	0.00796	0.01016	0.01367	0.04594	0.59848	0.03199	0.06306	0.00769	0.00226	0.00335	0.13680	0.03162	0.00423
20	0.00676	0.00499	0.00651	0.00746	0.00787	0.00494	0.00511	0.00824	0.04239	0.01336	0.02686	0.71327	0.03170	0.04547	0.00753	0.00219	0.02655	0.02979	0.00465	0.00435
21	0.00721	0.00511	0.00617	0.00640	0.00689	0.00498	0.00416	0.00855	0.03852	0.01356	0.17442	0.26728	0.05418	0.36251	0.01486	0.00322	0.00376	0.00999	0.00424	0.00400
22	0.01242	0.00608	0.00823	0.00798	0.00965	0.00548	0.00595	0.01378	0.01168	0.29448	0.02532	0.48836	0.02603	0.01246	0.00607	0.00192	0.00357	0.04936	0.00533	0.00585
23	0.00821	0.00600	0.00675	0.00672	0.00741	0.00617	0.00437	0.03036	0.11830	0.01304	0.02138	0.18189	0.07071	0.47630	0.01754	0.00366	0.00433	0.00873	0.00389	0.00425
24	0.01323	0.01228	0.01821	0.01443	0.01674	0.03909	0.18781	0.16687	0.01254	0.03414	0.00974	0.01301	0.00811	0.01005	0.08823	0.00253	0.33845	0.00496	0.00306	0.00653
25	0.00683	0.00518	0.00620	0.00608	0.00735	0.00465	0.00448	0.00865	0.01288	0.01724	0.44149	0.08867	0.29358	0.05356	0.00714	0.00187	0.00268	0.02179	0.00515	0.00454
26	0.01591	0.01091	0.01156	0.00927	0.01232	0.01189	0.00752	0.49635	0.01929	0.02756	0.01392	0.01478	0.01033	0.00609	0.00457	0.00142	0.00447	0.00468	0.30986	0.00730
27	0.01123	0.01123	0.01572	0.01347	0.01347	0.01572	0.01123	0.01235	0.00786	0.01235	0.00674	0.01123	0.00674	0.00898	0.01684	0.00225	0.81028	0.00449	0.00225	0.00561
28	0.00641	0.00518	0.00572	0.00577	0.00726	0.00448	0.00433	0.00795	0.01215	0.01526	0.20248	0.10590	0.54572	0.01275	0.00614	0.00176	0.00267	0.03867	0.00495	0.00444
29	0.00657	0.00509	0.00600	0.00619	0.00743	0.00452	0.00457	0.00817	0.01216	0.01581	0.26930	0.20981	0.36672	0.01294	0.00621	0.00180	0.00272	0.04449	0.00503	0.00447
30	0.00675	0.00517	0.00618	0.00604	0.00738	0.00460	0.00449	0.00864	0.01314	0.01756	0.45969	0.09961	0.31852	0.01182	0.00609	0.00169	0.00253	0.01024	0.00526	0.00460
31	0.00671	0.00486	0.00621	0.00677	0.00735	0.00467	0.00466	0.00779	0.01000	0.01337	0.10856	0.41580	0.11006	0.15445	0.09388	0.00315	0.00440	0.02879	0.00436	0.00413
32	0.01229	0.00911	0.01021	0.00871	0.01117	0.00971	0.00688	0.24914	0.15255	0.03159	0.29558	0.02553	0.06489	0.00891	0.02259	0.00173	0.00398	0.00687	0.06192	0.00663
33	0.01160	0.01745	0.29720	0.01410	0.01733	0.03932	0.04222	0.05337	0.01015	0.01495	0.00809	0.01117	0.00679	0.00706	0.01112	0.00194	0.42294	0.00426	0.00239	0.00655
34	0.01105	0.00926	0.01062	0.00819	0.01210	0.00793	0.00645	0.06080	0.11309	0.01797	0.01267	0.08739	0.01121	0.00551	0.00433	0.00106	0.00387	0.00459	0.00362	0.60829
35	0.20191	0.01184	0.01244	0.04784	0.03864	0.05308	0.02841	0.20636	0.21569	0.05604	0.06612	0.01518	0.01249	0.00617	0.00478	0.00161	0.00492	0.00483	0.00440	0.00725
36	0.03196	0.01129	0.05040	0.01168	0.01420	0.03300	0.08947	0.12068	0.05190	0.04101	0.08410	0.01645	0.02935	0.01052	0.08895	0.02321	0.20586	0.00522	0.00349	0.07726
37	0.01275	0.01087	0.02925	0.00970	0.01249	0.04945	0.00775	0.11153	0.40213	0.05397	0.13422	0.02299	0.08420	0.00853	0.02523	0.00183	0.00448	0.00639	0.00502	0.00721
38	0.00753	0.00515	0.00588	0.00582	0.00608	0.00501	0.00339	0.00772	0.00780	0.01054	0.01672	0.09155	0.01924	0.71677	0.02348	0.00454	0.00476	0.00777	0.00323	0.04702
39	0.01372	0.82276	0.02689	0.00878	0.01317	0.02030	0.00878	0.01536	0.01043	0.01207	0.00713	0.00823	0.00658	0.00439	0.00329	0.00110	0.00549	0.00274	0.00219	0.00658
40	0.01155	0.00844	0.00977	0.00893	0.01106	0.03362	0.00700	0.05758	0.19140	0.10783	0.06354	0.09964	0.09123	0.01477	0.15569	0.00297	0.02862	0.05494	0.00454	0.03686
41	0.01871	0.01645	0.01519	0.01289	0.04854	0.20059	0.00994	0.51468	0.06860	0.02632	0.01171	0.01204	0.00864	0.00594	0.00502	0.00150	0.00642	0.00438	0.00444	0.00801
42	0.00709	0.00523	0.00747	0.00769	0.00849	0.00570	0.00576	0.00859	0.00898	0.01253	0.05448	0.18178	0.05869	0.04901	0.52592	0.02697	0.01006	0.00779	0.00339	0.00441
43	0.00650	0.00500	0.00595	0.00621	0.00734	0.00445	0.00449	0.00801	0.01195	0.01559	0.25699	0.27910	0.33438	0.01322	0.00622	0.00181	0.00269	0.02066	0.00502	0.00443
44	0.08574	0.01279	0.01874	0.01461	0.01770	0.04535	0.24514	0.13639	0.09398	0.01885	0.01076	0.01352	0.00864	0.00632	0.00824	0.00179	0.21228	0.01796	0.00329	0.02793
45	0.00673	0.00495	0.00624	0.00675	0.00756	0.00477	0.00482	0.00799	0.01016	0.01352	0.07150	0.35349	0.19644	0.08105	0.13934	0.00321	0.00486	0.04105	0.03128	0.00427
46	0.00730	0.00491	0.00564	0.00580	0.00584	0.00487	0.00332	0.00742	0.00777	0.01036	0.01774	0.13507	0.02064	0.71548	0.02358	0.00460	0.00472	0.00839	0.00332	0.00325
47	0.01161	0.01132	0.01997	0.29554	0.44992	0.01200	0.09513	0.01492	0.01124	0.01548	0.00955	0.01316	0.00765	0.00474	0.00520	0.00161	0.00662	0.00473	0.00246	0.00717
48	0.03976	0.00835	0.01082	0.00875	0.01196	0.00765	0.00704	0.08483	0.01481	0.52545	0.11826	0.10420	0.01902	0.00786	0.00537	0.00164	0.00407	0.00658	0.00591	0.00767
49	0.00729	0.00498	0.00661	0.00744	0.00819	0.00466	0.00542	0.00865	0.01090	0.04249	0.10385	0.54039	0.07349	0.01468	0.00652	0.00205	0.00325	0.13972	0.00490	0.00450
50	0.01354	0.36243	0.10815	0.01793	0.29439	0.01601	0.01252	0.08981	0.01227	0.01622	0.00878	0.01054	0.00734	0.00468	0.00429	0.00135	0.00595	0.00370	0.00261	0.00746
51	0.00934	0.00699	0.00892	0.04511	0.02319	0.00684	0.03822	0.08037	0.03164	0.05617	0.15084	0.07131	0.30116	0.06314	0.04809	0.00223	0.00425	0.01530	0.03157	0.00531
52	0.00837	0.00580	0.00707	0.00689	0.00838	0.00539	0.00521	0.03448	0.03401	0.06655	0.31823	0.18225	0.23017	0.01188	0.00610	0.00177	0.00298	0.05420	0.00522	0.00504
53	0.01087	0.04008	0.01582	0.69382	0.03247	0.01221	0.01357	0.09287	0.01172	0.01509	0.00938	0.01333	0.00703	0.00521	0.00506	0.00167	0.00666	0.00450	0.00258	0.00605
54	0.01154	0.09189	0.22963	0.01608	0.04540	0.01223	0.31104	0.03955	0.01189	0.01659	0.03388	0.01514	0.00971	0.00519	0.00525	0.00156	0.00702	0.04371	0.00277	0.08993
55	0.01299	0.01235	0.02108	0.07503	0.60208	0.01252	0.09509	0.07451	0.01261	0.01773	0.00991	0.01285	0.00806	0.00470	0.00519	0.00156	0.00638	0.00473	0.00273	0.00790
56	0.00902	0.00746	0.01019	0.00982	0.02963	0.02131	0.03941	0.01190	0.07880	0.03133	0.07556	0.11367	0.08789	0.04468	0.24143	0.00388	0.10613	0.06889	0.00376	0.00524
57	0.01005	0.00796	0.01124	0.01004	0.03472	0.00795	0.09749	0.15068	0.01384	0.01892	0.20244	0.21132	0.07148	0.06937	0.03035	0.00215	0.00453	0.00884	0.03102	0.00559
58	0.07596	0.02678	0.06448	0.00935	0.01217	0.07792	0.00788	0.10476	0.02516	0.08012	0.01764	0.22335	0.01763	0.00917	0.00533	0.00167	0.00477	0.10776	0.00416	0.12395
59	0.03203	0.03184	0.04604	0.03770	0.27233	0.04149	0.25673	0.06315	0.02936	0.08218	0.01295	0.01492	0.04458	0.00523	0.00535	0.00160	0.00666	0.00527	0.00319	0.00741
60	0.00676	0.00492	0.00570	0.00598	0.00662	0.00458	0.00391	0.00755	0.00982	0.01275	0.09682	0.24706	0.22571	0.32281	0.01388	0.00306	0.00359	0.01040	0.00421	0.00386
61	0.02693	0.01018	0.01154	0.01036	0.03707	0.01095	0.00779	0.35597	0.09874	0.05617	0.01841	0.25512	0.01746	0.02449	0.00588	0.00178	0.00449	0.00779	0.03186	0.00699
62	0.01270	0.23178	0.14874	0.01101	0.05474	0.04936	0.01001	0.07969	0.02496	0.01662	0.00905	0.01036	0.00735	0.00450	0.00409	0.00115	0.00543	0.00336	0.00284	0.31225
63	0.01055	0.00903	0.03547	0.01458	0.20940	0.00838	0.06847	0.05122	0.03686	0.05472	0.18925	0.08522	0.12196	0.03114	0.00613	0.00172	0.00444	0.00744	0.04776	0.00624
64	0.00645	0.00462	0.00603	0.00707	0.00747	0.00434	0.00480	0.00738	0.00985	0.01303	0.02841	0.67786	0.06754	0.07608	0.00803	0.00230	0.00321	0.05677	0.00464	0.00413
65	0.08644	0.01851	0.01228	0.10015	0.13862	0.01817	0.00905	0.19480	0.02679	0.01965	0.04332	0.24520	0.03367	0.00894	0.00542	0.00173	0.00475	0.02208	0.00407	0.00634
66	0.02733	0.06804	0.04571	0.06461	0.24089	0.11359	0.03512	0.13137	0.06939	0.05151	0.01144	0.01306	0.00889	0.00537	0.00498	0.00150	0.01871	0.00441	0.07679	0.00729
67	0.01036	0.01183	0.09152	0.00858	0.01096	0.17870	0.00727	0.02719	0.01266	0.02925	0.14750	0.09923	0.25833	0.01045	0.02851	0.00180	0.00499	0.00784	0.04774	0.00529
68	0.03994	0.08497	0.09088	0.01069	0.01430	0.08490	0.00939	0.20426	0.11371	0.06573	0.01299	0.06048	0.01064	0.00786	0.04188	0.00182	0.04676	0.00485	0.00389	0.09007

[dist]
# distance from previous block
# <min> <max>
0	14

[block]
# block no. 6 follows, 48 sequences, length 21
# corresponding to MSA columns:
# 2052-2072
name=unknown_G
#
# <colnr> <probs for GDERKNQSTAVLIFYWHMCP>
#	G	D	E	R	K	N	Q	S	T	A	V	L	I	F	Y	W	H	M	C	P
0	0.00850	0.00618	0.00755	0.00746	0.00890	0.00595	0.00541	0.01176	0.11876	0.05119	0.16007	0.37330	0.08203	0.03418	0.02453	0.00202	0.00343	0.01040	0.00483	0.07355
1	0.28452	0.01064	0.01121	0.00889	0.01253	0.04508	0.04684	0.11500	0.01206	0.05157	0.01014	0.04323	0.00838	0.00563	0.00469	0.03210	0.00461	0.00394	0.00350	0.28547
2	0.01329	0.03475	0.07097	0.01698	0.23888	0.04106	0.05651	0.09726	0.07943	0.06664	0.04316	0.01548	0.01120	0.05753	0.00695	0.00174	0.04814	0.00491	0.02306	0.07204
3	0.04561	0.26569	0.13880	0.04187	0.01397	0.06142	0.00943	0.06294	0.01146	0.01502	0.04143	0.07262	0.04620	0.06451	0.05408	0.00214	0.00608	0.03766	0.00307	0.00600
4	0.00815	0.00485	0.00695	0.03930	0.00840	0.00484	0.00526	0.00751	0.00831	0.01091	0.01735	0.18352	0.05984	0.03537	0.01471	0.48750	0.00419	0.08670	0.00317	0.00316
5	0.26153	0.00715	0.00722	0.00677	0.00889	0.00734	0.00532	0.04214	0.01168	0.05705	0.15575	0.08051	0.22998	0.01058	0.03468	0.00194	0.00372	0.04224	0.02030	0.00521
6	0.01286	0.02897	0.12842	0.01589	0.22433	0.02743	0.01118	0.15134	0.05270	0.06847	0.07949	0.06256	0.09978	0.00719	0.00529	0.00160	0.00522	0.00612	0.00394	0.00721
7	0.01573	0.01963	0.14528	0.04598	0.06527	0.37360	0.01156	0.06909	0.04284	0.04948	0.00992	0.01148	0.00777	0.00640	0.02668	0.00166	0.05023	0.00393	0.01961	0.02384
8	0.34373	0.00901	0.00859	0.00751	0.01022	0.04070	0.00595	0.01715	0.07820	0.18074	0.10099	0.01687	0.01425	0.03565	0.00503	0.00167	0.00394	0.00471	0.10890	0.00619
9	0.00969	0.00912	0.01539	0.80734	0.03534	0.01140	0.01425	0.01311	0.01026	0.01311	0.00912	0.01368	0.00684	0.00513	0.00513	0.00171	0.00684	0.00456	0.00228	0.00570
10	0.00797	0.00628	0.00767	0.00718	0.00912	0.00525	0.00520	0.00938	0.01014	0.01434	0.02179	0.41466	0.06302	0.05802	0.00667	0.00176	0.00342	0.03003	0.00404	0.31406
11	0.01016	0.00496	0.00509	0.00497	0.00629	0.00490	0.00376	0.01253	0.01093	0.05300	0.01689	0.01906	0.01313	0.00599	0.00366	0.00121	0.00248	0.00480	0.81123	0.00496
12	0.01639	0.01243	0.01332	0.01072	0.01424	0.01374	0.00867	0.47605	0.22432	0.02774	0.04587	0.01550	0.01238	0.00646	0.00507	0.00155	0.00486	0.00508	0.04966	0.03595
13	0.01064	0.00912	0.01064	0.00760	0.01216	0.00684	0.00608	0.01292	0.01064	0.01672	0.00912	0.01064	0.00760	0.00380	0.00380	0.00076	0.00380	0.00304	0.00304	0.85104
14	0.00969	0.00912	0.01539	0.80734	0.03534	0.01140	0.01425	0.01311	0.01026	0.01311	0.00912	0.01368	0.00684	0.00513	0.00513	0.00171	0.00684	0.00456	0.00228	0.00570
15	0.00686	0.00501	0.00622	0.00644	0.00731	0.00463	0.00455	0.00833	0.01168	0.01575	0.32235	0.25519	0.15813	0.12559	0.00903	0.00226	0.00305	0.03843	0.00487	0.00433
16	0.00620	0.00466	0.00575	0.00663	0.00731	0.00421	0.00453	0.00720	0.01032	0.01330	0.03453	0.61399	0.23224	0.01526	0.00642	0.00199	0.00288	0.01360	0.00476	0.00421
17	0.00746	0.00497	0.00560	0.00560	0.00560	0.00497	0.00311	0.00746	0.00746	0.00995	0.01617	0.03358	0.01865	0.81967	0.02612	0.00497	0.00497	0.00746	0.00311	0.00311
18	0.00725	0.00541	0.00770	0.00842	0.03724	0.00574	0.00590	0.00873	0.00923	0.01281	0.05972	0.23462	0.03937	0.10768	0.39856	0.00536	0.00860	0.02963	0.00357	0.00447
19	0.00746	0.00500	0.00572	0.00572	0.00576	0.00504	0.00326	0.00754	0.00750	0.01004	0.01605	0.03295	0.01838	0.78318	0.06224	0.00513	0.00538	0.00737	0.00309	0.00318
20	0.01105	0.08781	0.67444	0.01429	0.02132	0.05158	0.03808	0.01640	0.01102	0.01575	0.00902	0.01063	0.00655	0.00484	0.00477	0.00157	0.00753	0.00375	0.00220	0.00741

[dist]
# distance from previous block
# <min> <max>
6	34

[block]
# block no. 7 follows, 48 sequences, length 26
# corresponding to MSA columns:
# 2117-2142
name=unknown_H
#
# <colnr> <probs for GDERKNQSTAVLIFYWHMCP>
#	G	D	E	R	K	N	Q	S	T	A	V	L	I	F	Y	W	H	M	C	P
0	0.05772	0.07844	0.22083	0.02462	0.06998	0.02696	0.02650	0.01751	0.06697	0.17746	0.02365	0.04321	0.02688	0.02804	0.02295	0.00176	0.00569	0.00486	0.00365	0.07234
1	0.05436	0.08422	0.06121	0.08607	0.08418	0.26494	0.01010	0.06385	0.05254	0.07506	0.01101	0.01244	0.00853	0.00609	0.02172	0.00158	0.00666	0.00403	0.08482	0.00660
2	0.00652	0.00523	0.00586	0.00606	0.00740	0.00467	0.00441	0.00836	0.03967	0.01488	0.14734	0.24264	0.46226	0.01321	0.00616	0.00181	0.00272	0.01139	0.00490	0.00450
3	0.01388	0.09032	0.04741	0.08821	0.40530	0.03618	0.03875	0.15551	0.04187	0.01891	0.01023	0.01239	0.00815	0.00500	0.00494	0.00151	0.00617	0.00444	0.00305	0.00777
4	0.04372	0.01095	0.01775	0.07211	0.47556	0.01095	0.04194	0.01729	0.03547	0.15583	0.01285	0.01641	0.01028	0.00557	0.00519	0.00161	0.00571	0.04960	0.00345	0.00775
5	0.00749	0.00510	0.00672	0.00732	0.00798	0.00503	0.00517	0.02610	0.01025	0.03371	0.06325	0.50491	0.02849	0.07769	0.11837	0.00309	0.00475	0.04361	0.03653	0.00445
6	0.01029	0.02654	0.79309	0.01462	0.02221	0.01192	0.01896	0.01625	0.01083	0.01625	0.00921	0.01083	0.00650	0.00487	0.00487	0.00162	0.00758	0.00379	0.00217	0.00758
7	0.00984	0.00871	0.01132	0.01004	0.01044	0.01116	0.00788	0.01159	0.05449	0.01291	0.01437	0.02095	0.07514	0.20966	0.01661	0.00277	0.43840	0.00585	0.06288	0.00498
8	0.01698	0.07434	0.14764	0.01392	0.06359	0.13299	0.08070	0.24039	0.01608	0.14642	0.01171	0.01231	0.00840	0.00545	0.00497	0.00151	0.00660	0.00436	0.00386	0.00776
9	0.00764	0.00585	0.00771	0.00879	0.05062	0.00572	0.00611	0.01034	0.07377	0.01603	0.19769	0.37188	0.08280	0.01298	0.00630	0.00194	0.00334	0.12067	0.00487	0.00495
10	0.01029	0.02654	0.79309	0.01462	0.02221	0.01192	0.01896	0.01625	0.01083	0.01625	0.00921	0.01083	0.00650	0.00487	0.00487	0.00162	0.00758	0.00379	0.00217	0.00758
11	0.01347	0.76626	0.08126	0.00919	0.01381	0.01971	0.00950	0.01543	0.01045	0.01237	0.00728	0.00842	0.00658	0.00442	0.00340	0.00113	0.00564	0.00282	0.00219	0.00666
12	0.01272	0.06675	0.09020	0.09979	0.07361	0.06382	0.28862	0.10422	0.01292	0.01733	0.01056	0.01335	0.00820	0.00691	0.05282	0.00197	0.00758	0.00492	0.05694	0.00678
13	0.00607	0.00516	0.00524	0.00530	0.00696	0.00432	0.00395	0.00735	0.01159	0.01382	0.05070	0.09087	0.74492	0.01316	0.00609	0.00175	0.00262	0.01103	0.00476	0.00432
14	0.00804	0.00663	0.00862	0.00854	0.00956	0.05395	0.00662	0.00984	0.00862	0.01195	0.01340	0.01950	0.01245	0.03649	0.75168	0.00783	0.01347	0.00537	0.00274	0.00466
15	0.01147	0.04348	0.07255	0.03646	0.23863	0.02620	0.15746	0.01421	0.01045	0.01488	0.01036	0.06319	0.00938	0.00753	0.03357	0.00198	0.21205	0.00536	0.02415	0.00662
16	0.00812	0.00607	0.00729	0.00752	0.00901	0.00589	0.00595	0.01124	0.09541	0.03615	0.11660	0.11769	0.26845	0.04322	0.00707	0.00207	0.00357	0.23884	0.00488	0.00498
17	0.00625	0.00447	0.00595	0.00714	0.00744	0.00417	0.00476	0.00714	0.00982	0.01310	0.02828	0.81633	0.03394	0.01608	0.00655	0.00208	0.00298	0.01459	0.00476	0.00417
18	0.01020	0.00964	0.01631	0.67643	0.16229	0.01153	0.01450	0.01355	0.01050	0.01373	0.00921	0.01351	0.00706	0.00504	0.00512	0.00168	0.00671	0.00456	0.00232	0.00611
19	0.01446	0.01526	0.04686	0.07418	0.35132	0.20990	0.01295	0.01771	0.06153	0.05724	0.01020	0.01237	0.00820	0.00545	0.00605	0.00157	0.08033	0.00433	0.00289	0.00720
20	0.01443	0.04289	0.21500	0.03290	0.01699	0.24109	0.01197	0.10292	0.12997	0.01726	0.01088	0.01210	0.00842	0.00590	0.00603	0.00158	0.08957	0.00414	0.02900	0.00695
21	0.00977	0.00913	0.01235	0.38401	0.02169	0.07545	0.03849	0.01177	0.00966	0.01214	0.01193	0.04648	0.01160	0.26179	0.03026	0.00288	0.03727	0.00578	0.00267	0.00487
22	0.00625	0.00514	0.00551	0.00556	0.00708	0.00439	0.00412	0.00768	0.01193	0.01476	0.15522	0.11954	0.60921	0.01292	0.00611	0.00175	0.00261	0.01096	0.00489	0.00439
23	0.00662	0.00522	0.00597	0.00578	0.00727	0.00457	0.00434	0.00845	0.01302	0.01699	0.39399	0.04422	0.44162	0.01183	0.00606	0.00168	0.00252	0.01011	0.00518	0.00457
24	0.03050	0.01117	0.01239	0.01172	0.06189	0.02830	0.00869	0.13803	0.45725	0.02182	0.06755	0.01938	0.01584	0.00809	0.03000	0.00191	0.03556	0.02753	0.00477	0.00760
25	0.01838	0.02299	0.01415	0.01288	0.01549	0.72353	0.00969	0.02056	0.06316	0.01311	0.00894	0.01023	0.00739	0.00645	0.03002	0.00157	0.00906	0.00353	0.00281	0.00604

[dist]
# distance from previous block
# <min> <max>
1	7

[block]
# block no. 8 follows, 48 sequences, length 17
# corresponding to MSA columns:
# 2150-2166
name=unknown_I
#
# <colnr> <probs for GDERKNQSTAVLIFYWHMCP>
#	G	D	E	R	K	N	Q	S	T	A	V	L	I	F	Y	W	H	M	C	P
0	0.01409	0.01402	0.01241	0.09688	0.01550	0.28044	0.00931	0.10593	0.02658	0.03075	0.01364	0.04892	0.01262	0.00883	0.02953	0.01780	0.06947	0.12920	0.05820	0.00587
1	0.01928	0.01333	0.01454	0.01125	0.01520	0.01454	0.00926	0.63383	0.05753	0.11325	0.01370	0.01339	0.00960	0.00621	0.00509	0.00154	0.00534	0.00474	0.02979	0.00858
2	0.00637	0.00458	0.00586	0.00683	0.00720	0.00427	0.00452	0.00720	0.00972	0.01282	0.02882	0.67214	0.09091	0.10245	0.00862	0.00237	0.00316	0.01353	0.00458	0.00407
3	0.00737	0.00495	0.00568	0.00574	0.00582	0.00491	0.00330	0.00754	0.00795	0.01065	0.05195	0.08778	0.02106	0.72747	0.02385	0.00462	0.00472	0.00804	0.00334	0.00326
4	0.02135	0.01142	0.01357	0.01040	0.01444	0.01153	0.00859	0.38010	0.01918	0.42977	0.01647	0.01501	0.01081	0.00626	0.00515	0.00156	0.00498	0.00490	0.00577	0.00873
5	0.00609	0.00508	0.00532	0.00551	0.00701	0.00431	0.00404	0.00733	0.01139	0.01374	0.04817	0.17270	0.66472	0.01349	0.00614	0.00179	0.00266	0.01143	0.00476	0.00431
6	0.01197	0.00908	0.01078	0.00776	0.01226	0.00692	0.00624	0.01422	0.01108	0.10020	0.01032	0.01138	0.00815	0.00407	0.00395	0.00085	0.00386	0.00327	0.00340	0.76025
7	0.01500	0.01037	0.01239	0.09453	0.10261	0.09859	0.00883	0.04093	0.01297	0.25344	0.05922	0.12404	0.01533	0.00728	0.00520	0.00155	0.00506	0.02034	0.00435	0.10799
8	0.01868	0.02302	0.01430	0.01296	0.01562	0.71751	0.00983	0.06292	0.01496	0.01382	0.00907	0.01168	0.00779	0.00575	0.00477	0.00138	0.00884	0.03815	0.00288	0.00605
9	0.01207	0.11663	0.11533	0.02217	0.30050	0.01313	0.27900	0.01565	0.01150	0.01584	0.01030	0.04543	0.00868	0.00497	0.00523	0.00158	0.00696	0.00518	0.00256	0.00728
10	0.01080	0.02033	0.46802	0.12621	0.12001	0.01205	0.13852	0.01579	0.01107	0.01591	0.00944	0.01194	0.00696	0.00478	0.00513	0.00164	0.00747	0.00436	0.00230	0.00729
11	0.00745	0.00502	0.00580	0.00580	0.00587	0.00509	0.00337	0.00759	0.00752	0.01010	0.01598	0.03253	0.01820	0.75875	0.08642	0.00523	0.00566	0.00731	0.00308	0.00322
12	0.00719	0.00519	0.00680	0.00650	0.00765	0.00480	0.00484	0.00951	0.01421	0.02007	0.73406	0.09066	0.04744	0.01087	0.00609	0.00165	0.00246	0.00964	0.00559	0.00480
13	0.00748	0.00516	0.00654	0.00654	0.00692	0.00550	0.00434	0.00824	0.00786	0.01098	0.01530	0.02816	0.01633	0.50532	0.30937	0.00605	0.00811	0.00665	0.03145	0.00371
14	0.00724	0.00531	0.00691	0.00699	0.00802	0.00521	0.00530	0.00904	0.01151	0.01567	0.30503	0.07461	0.13102	0.11532	0.15644	0.00341	0.00523	0.11875	0.00451	0.00447
15	0.01654	0.08088	0.03110	0.02566	0.05937	0.34395	0.06690	0.12132	0.01403	0.05174	0.00917	0.01091	0.00737	0.00584	0.00667	0.00154	0.13327	0.00401	0.00304	0.00667
16	0.01463	0.07741	0.12835	0.01097	0.01479	0.07049	0.00985	0.12065	0.31771	0.10833	0.01637	0.06164	0.01275	0.00669	0.00503	0.00162	0.00525	0.00537	0.00444	0.00768

[dist]
# distance from previous block
# <min> <max>
4	7

[block]
# block no. 9 follows, 48 sequences, length 8
# corresponding to MSA columns:
# 2177-2184
name=unknown_J
#
# <colnr> <probs for GDERKNQSTAVLIFYWHMCP>
#	G	D	E	R	K	N	Q	S	T	A	V	L	I	F	Y	W	H	M	C	P
0	0.01448	0.62433	0.02397	0.06043	0.01508	0.09789	0.00932	0.07743	0.01195	0.01384	0.00776	0.00902	0.00678	0.00467	0.00369	0.00120	0.00597	0.00307	0.00249	0.00664
1	0.03912	0.00824	0.01175	0.13503	0.07130	0.00809	0.05647	0.01235	0.05247	0.01490	0.01713	0.02230	0.10950	0.03840	0.03450	0.09334	0.00515	0.06585	0.00324	0.20088
2	0.00914	0.05793	0.00861	0.00768	0.00899	0.00652	0.00571	0.04379	0.03737	0.07853	0.10685	0.45409	0.05524	0.03042	0.03551	0.00218	0.00383	0.03775	0.00475	0.00512
3	0.24827	0.07723	0.06074	0.00877	0.01178	0.06067	0.00755	0.08554	0.03813	0.08957	0.04168	0.10476	0.05732	0.00928	0.05011	0.00200	0.00520	0.03131	0.00392	0.00614
4	0.07730	0.11263	0.06069	0.10672	0.12084	0.02601	0.04337	0.03892	0.01016	0.01468	0.01032	0.01480	0.00916	0.06534	0.19995	0.00342	0.07248	0.00460	0.00265	0.00596
5	0.01429	0.05550	0.01178	0.00969	0.01240	0.00981	0.00815	0.22017	0.04297	0.16301	0.02165	0.08187	0.05242	0.00980	0.00584	0.00186	0.00472	0.26234	0.00501	0.00673
6	0.00914	0.00636	0.00766	0.00746	0.00901	0.00624	0.00567	0.01281	0.13067	0.07687	0.23333	0.13900	0.15519	0.07731	0.00769	0.00208	0.00342	0.09972	0.00506	0.00532
7	0.04480	0.06909	0.11541	0.19426	0.13741	0.25321	0.03068	0.04149	0.01223	0.01488	0.00870	0.01115	0.00694	0.00515	0.00517	0.00152	0.03487	0.00393	0.00254	0.00656

[dist]
# distance from previous block
# <min> <max>
22	256

[block]
# block no. 10 follows, 48 sequences, length 25
# corresponding to MSA columns:
# 2441-2453,2457-2460,2462-2469
name=unknown_K
#
# <colnr> <probs for GDERKNQSTAVLIFYWHMCP>
#	G	D	E	R	K	N	Q	S	T	A	V	L	I	F	Y	W	H	M	C	P
0	0.02820	0.09655	0.11526	0.03338	0.17315	0.11758	0.03341	0.03848	0.09174	0.04540	0.06116	0.03131	0.03896	0.00693	0.02451	0.00171	0.03680	0.00499	0.00329	0.01717
1	0.03814	0.05594	0.18962	0.05247	0.21302	0.06491	0.03007	0.07635	0.08508	0.03583	0.01137	0.04296	0.00924	0.00559	0.00515	0.00155	0.02377	0.00464	0.00311	0.05119
2	0.06420	0.10567	0.20247	0.02791	0.10554	0.07466	0.01168	0.09850	0.10835	0.05961	0.01201	0.04702	0.00961	0.00573	0.00471	0.00151	0.00588	0.00453	0.00339	0.04701
3	0.01093	0.01082	0.01583	0.36773	0.09062	0.04599	0.01282	0.01326	0.00954	0.01307	0.00822	0.01252	0.00701	0.00726	0.02416	0.00201	0.33550	0.00450	0.00231	0.00587
4	0.01599	0.04505	0.01476	0.07317	0.06369	0.14209	0.00990	0.31305	0.16050	0.02256	0.01290	0.01408	0.00990	0.00612	0.00524	0.00155	0.02528	0.01689	0.03977	0.00750
5	0.00783	0.00516	0.00592	0.00582	0.00635	0.00494	0.00362	0.00834	0.00907	0.04357	0.08732	0.06827	0.13377	0.56616	0.01981	0.00396	0.00430	0.00831	0.00377	0.00371
6	0.03976	0.03244	0.02901	0.12292	0.18798	0.00900	0.04303	0.03447	0.02381	0.01464	0.01534	0.15748	0.03184	0.04181	0.03838	0.10896	0.00553	0.05484	0.00320	0.00555
7	0.01454	0.14141	0.03568	0.06419	0.14824	0.12732	0.04217	0.13063	0.05085	0.06529	0.02541	0.07546	0.01094	0.00633	0.00540	0.00154	0.03902	0.00511	0.00345	0.00701
8	0.00711	0.00483	0.00570	0.00605	0.00614	0.00474	0.00359	0.00737	0.00815	0.01087	0.01972	0.26288	0.02313	0.58426	0.02038	0.00413	0.00439	0.00955	0.00359	0.00342
9	0.00627	0.00457	0.00591	0.00691	0.00740	0.00421	0.00468	0.00727	0.01020	0.01347	0.05983	0.70618	0.11315	0.01554	0.00648	0.00203	0.00292	0.01399	0.00480	0.00421
10	0.03605	0.01320	0.09093	0.06797	0.13118	0.02808	0.36392	0.01518	0.02941	0.01593	0.01219	0.07241	0.01075	0.02423	0.00650	0.00182	0.03299	0.03779	0.00285	0.00663
11	0.01144	0.13211	0.13158	0.11611	0.11041	0.01223	0.23048	0.01499	0.01184	0.03871	0.12646	0.01623	0.01361	0.00553	0.00522	0.00157	0.00645	0.00535	0.00300	0.00669
12	0.01123	0.01123	0.01572	0.01347	0.01347	0.01572	0.01123	0.01235	0.00786	0.01235	0.00674	0.01123	0.00674	0.00898	0.01684	0.00225	0.81028	0.00449	0.00225	0.00561
