[name]
unknown

[dist]
# distance from previous block
# <min> <max>
9	196

[block]
# block no. 0 follows, 54 sequences, length 26
# corresponding to MSA columns:
# 273-294,296-299
name=unknown_A
#
# <colnr> <probs for GDERKNQSTAVLIFYWHMCP>
#	G	D	E	R	K	N	Q	S	T	A	V	L	I	F	Y	W	H	M	C	P
0	0.10502	0.01093	0.01677	0.03133	0.21373	0.03911	0.21199	0.02884	0.07283	0.03325	0.01066	0.01244	0.02710	0.00449	0.00452	0.00135	0.00546	0.00432	0.00286	0.16301
1	0.01119	0.00979	0.01361	0.23676	0.22825	0.03943	0.01054	0.07062	0.12583	0.04495	0.06603	0.03626	0.03148	0.00565	0.00475	0.00146	0.00504	0.00495	0.00325	0.05015
2	0.01448	0.00937	0.01131	0.00999	0.06586	0.00922	0.00742	0.11321	0.23012	0.24267	0.03506	0.01552	0.03090	0.00563	0.00454	0.00134	0.00400	0.00463	0.00451	0.18022
3	0.06379	0.00896	0.01000	0.00892	0.02710	0.02524	0.00693	0.26612	0.07942	0.09146	0.13135	0.13299	0.05192	0.00828	0.00508	0.00158	0.00400	0.06608	0.00460	0.00619
4	0.01167	0.01120	0.01914	0.02894	0.80488	0.01120	0.01447	0.01447	0.01074	0.01540	0.00887	0.01167	0.00747	0.00420	0.00467	0.00140	0.00560	0.00420	0.00233	0.00747
5	0.00890	0.00838	0.01414	0.82296	0.03247	0.01048	0.01309	0.01205	0.00943	0.01205	0.00838	0.01257	0.00629	0.00471	0.00471	0.00157	0.00629	0.00419	0.00210	0.00524
6	0.01679	0.01226	0.01333	0.01020	0.01398	0.01311	0.00839	0.63018	0.04591	0.05989	0.01150	0.01152	0.00825	0.00541	0.00456	0.00133	0.00487	0.00411	0.00451	0.11991
7	0.00686	0.00457	0.00514	0.00514	0.00514	0.00457	0.00286	0.00686	0.00686	0.00914	0.01486	0.03086	0.01714	0.83430	0.02400	0.00457	0.00457	0.00686	0.00286	0.00286
8	0.01261	0.83713	0.02471	0.00807	0.01210	0.01866	0.00807	0.01412	0.00958	0.01109	0.00656	0.00756	0.00605	0.00403	0.00303	0.00101	0.00504	0.00252	0.00202	0.00605
9	0.00667	0.00482	0.00630	0.00593	0.00704	0.00445	0.00445	0.00890	0.01335	0.01891	0.80239	0.03522	0.04449	0.00964	0.00556	0.00148	0.00222	0.00853	0.00519	0.00445
10	0.02115	0.00802	0.01094	0.00839	0.01204	0.00693	0.00693	0.02298	0.01350	0.80815	0.01860	0.01605	0.01167	0.00584	0.00474	0.00146	0.00401	0.00474	0.00584	0.00802
11	0.00686	0.00457	0.00514	0.00514	0.00514	0.00457	0.00286	0.00686	0.00686	0.00914	0.01486	0.03086	0.01714	0.83430	0.02400	0.00457	0.00457	0.00686	0.00286	0.00286
12	0.00574	0.00410	0.00547	0.00657	0.00684	0.00383	0.00438	0.00657	0.00903	0.01204	0.02599	0.83122	0.03119	0.01477	0.00602	0.00191	0.00274	0.01340	0.00438	0.00383
13	0.00733	0.00525	0.00723	0.00789	0.00899	0.00515	0.00670	0.00952	0.01157	0.01549	0.24783	0.04804	0.03211	0.01205	0.00624	0.00197	0.00373	0.55396	0.00458	0.00437
14	0.01292	0.00648	0.00906	0.00911	0.05126	0.00596	0.00692	0.01466	0.01150	0.33868	0.02177	0.21998	0.02074	0.01004	0.00557	0.00178	0.00389	0.23892	0.00486	0.00589
15	0.00978	0.00838	0.00978	0.00698	0.01117	0.00629	0.00559	0.01187	0.00978	0.01536	0.00838	0.00978	0.00698	0.00349	0.00349	0.00070	0.00349	0.00279	0.00279	0.86312
16	0.01261	0.83713	0.02471	0.00807	0.01210	0.01866	0.00807	0.01412	0.00958	0.01109	0.00656	0.00756	0.00605	0.00403	0.00303	0.00101	0.00504	0.00252	0.00202	0.00605
17	0.01022	0.22262	0.61836	0.01213	0.01838	0.01283	0.01514	0.01473	0.00986	0.01400	0.00800	0.00937	0.00599	0.00437	0.00412	0.00137	0.00650	0.00325	0.00200	0.00674
18	0.01232	0.01284	0.01552	0.15204	0.38754	0.19880	0.01185	0.03708	0.03059	0.01420	0.01011	0.07680	0.00903	0.00538	0.00469	0.00143	0.00611	0.00469	0.00261	0.00636
19	0.00760	0.00559	0.00675	0.00697	0.00793	0.00555	0.00495	0.10983	0.03329	0.01504	0.08301	0.55192	0.08917	0.04101	0.00636	0.00187	0.00308	0.01111	0.00444	0.00451
20	0.01334	0.00961	0.01500	0.12280	0.40231	0.00969	0.01127	0.01668	0.07341	0.21183	0.01419	0.01520	0.05286	0.00527	0.00475	0.00146	0.00497	0.00474	0.00348	0.00713
21	0.01119	0.01109	0.01907	0.26724	0.16668	0.04383	0.25808	0.03265	0.03920	0.03572	0.00943	0.01238	0.00726	0.00464	0.00541	0.00153	0.04297	0.00461	0.00252	0.02453
22	0.01086	0.01054	0.01604	0.35814	0.37924	0.06178	0.01301	0.03432	0.01077	0.01428	0.04007	0.01277	0.00837	0.00471	0.00470	0.00146	0.00593	0.00430	0.00242	0.00630
23	0.01094	0.01238	0.06432	0.07724	0.02307	0.01140	0.57863	0.01458	0.01065	0.03561	0.00950	0.01256	0.00721	0.00513	0.02681	0.00173	0.05127	0.00514	0.00244	0.03940
24	0.01344	0.01237	0.01428	0.01343	0.12829	0.15127	0.08524	0.18050	0.03970	0.05085	0.07507	0.04683	0.01159	0.00571	0.00514	0.00136	0.04034	0.00475	0.00346	0.11638
25	0.01066	0.05638	0.40362	0.01430	0.12120	0.03151	0.06699	0.05304	0.01071	0.03550	0.02965	0.02887	0.00877	0.06061	0.00611	0.00166	0.02435	0.00428	0.00252	0.02926

[dist]
# distance from previous block
# <min> <max>
35	176

[block]
# block no. 1 follows, 54 sequences, length 14
# corresponding to MSA columns:
# 524-537
name=unknown_B
#
# <colnr> <probs for GDERKNQSTAVLIFYWHMCP>
#	G	D	E	R	K	N	Q	S	T	A	V	L	I	F	Y	W	H	M	C	P
0	0.07217	0.11692	0.07864	0.04680	0.03206	0.04329	0.00862	0.11743	0.01121	0.04697	0.01111	0.05085	0.02900	0.00610	0.00599	0.00143	0.13900	0.02296	0.05830	0.10117
1	0.14266	0.08144	0.04831	0.00906	0.01210	0.02948	0.05331	0.13833	0.05028	0.06714	0.10258	0.05224	0.02986	0.00648	0.00483	0.00144	0.03019	0.05002	0.00371	0.08655
2	0.00988	0.06224	0.22333	0.00909	0.01262	0.00890	0.00895	0.11200	0.02918	0.01576	0.04736	0.08714	0.01321	0.12180	0.03091	0.00199	0.00507	0.04186	0.00314	0.15557
3	0.01212	0.00997	0.03207	0.00997	0.01342	0.00935	0.10578	0.19951	0.09591	0.06556	0.01502	0.09009	0.04925	0.00630	0.00471	0.00134	0.00451	0.03093	0.00385	0.24033
4	0.01007	0.00957	0.01626	0.48717	0.35913	0.01078	0.01368	0.01307	0.00998	0.01347	0.00859	0.01219	0.00679	0.00450	0.00469	0.00150	0.00600	0.00419	0.00220	0.00618
5	0.01792	0.01321	0.01415	0.01085	0.01462	0.01462	0.00896	0.78916	0.02217	0.02972	0.01132	0.01132	0.00802	0.00566	0.00472	0.00142	0.00519	0.00425	0.00472	0.00802
6	0.02115	0.00802	0.01094	0.00839	0.01204	0.00693	0.00693	0.02298	0.01350	0.80815	0.01860	0.01605	0.01167	0.00584	0.00474	0.00146	0.00401	0.00474	0.00584	0.00802
7	0.00686	0.00457	0.00514	0.00514	0.00514	0.00457	0.00286	0.00686	0.00686	0.00914	0.01486	0.03086	0.01714	0.83430	0.02400	0.00457	0.00457	0.00686	0.00286	0.00286
8	0.01254	0.01066	0.01189	0.01022	0.01313	0.01213	0.04217	0.12781	0.65708	0.02087	0.01770	0.01653	0.01321	0.00619	0.00482	0.00157	0.00411	0.00519	0.00468	0.00749
9	0.01167	0.01120	0.01914	0.02894	0.80488	0.01120	0.01447	0.01447	0.01074	0.01540	0.00887	0.01167	0.00747	0.00420	0.00467	0.00140	0.00560	0.00420	0.00233	0.00747
10	0.00669	0.00480	0.00621	0.00587	0.00689	0.00446	0.00432	0.00873	0.01281	0.01810	0.73738	0.03486	0.04223	0.07772	0.00708	0.00174	0.00242	0.00839	0.00500	0.00432
11	0.01559	0.08118	0.01333	0.01036	0.03662	0.18156	0.00811	0.22095	0.11478	0.12378	0.01177	0.01196	0.00877	0.00528	0.00454	0.00130	0.02167	0.00392	0.03966	0.08488
12	0.05174	0.01084	0.01112	0.01004	0.03226	0.13693	0.04578	0.22688	0.03394	0.01771	0.01558	0.24841	0.03275	0.04259	0.00622	0.00170	0.03970	0.00694	0.02324	0.00565
13	0.05578	0.03009	0.01017	0.04862	0.01176	0.02285	0.00678	0.17002	0.08024	0.18439	0.04156	0.05099	0.10038	0.06844	0.03825	0.00196	0.00452	0.03773	0.00430	0.03117

[dist]
# distance from previous block
# <min> <max>
5	26

[block]
# block no. 2 follows, 54 sequences, length 6
# corresponding to MSA columns:
# 572-577
name=unknown_C
#
# <colnr> <probs for GDERKNQSTAVLIFYWHMCP>
#	G	D	E	R	K	N	Q	S	T	A	V	L	I	F	Y	W	H	M	C	P
0	0.13587	0.00993	0.05168	0.00814	0.01161	0.00893	0.00682	0.21089	0.01260	0.01937	0.01146	0.13045	0.01048	0.00588	0.00415	0.00121	0.00402	0.00472	0.00350	0.34829
1	0.10732	0.01237	0.04853	0.00968	0.01349	0.04831	0.00821	0.43017	0.01687	0.12429	0.01102	0.01113	0.00785	0.00515	0.00433	0.00132	0.00487	0.00384	0.00417	0.12709
2	0.00697	0.00485	0.00592	0.00599	0.00720	0.00434	0.00445	0.00848	0.01128	0.06138	0.26840	0.23474	0.29509	0.01164	0.00568	0.00166	0.00262	0.05026	0.00471	0.00434
3	0.01792	0.01321	0.01415	0.01085	0.01462	0.01462	0.00896	0.78916	0.02217	0.02972	0.01132	0.01132	0.00802	0.00566	0.00472	0.00142	0.00519	0.00425	0.00472	0.00802
4	0.00978	0.00838	0.00978	0.00698	0.01117	0.00629	0.00559	0.01187	0.00978	0.01536	0.00838	0.00978	0.00698	0.00349	0.00349	0.00070	0.00349	0.00279	0.00279	0.86312
5	0.01164	0.66178	0.13305	0.00858	0.01284	0.01649	0.00904	0.01369	0.00972	0.01175	0.00987	0.01070	0.06508	0.00468	0.00342	0.00112	0.00512	0.00321	0.00219	0.00603

[dist]
# distance from previous block
# <min> <max>
5	9

[block]
# block no. 3 follows, 54 sequences, length 11
# corresponding to MSA columns:
# 587-597
name=unknown_D
#
# <colnr> <probs for GDERKNQSTAVLIFYWHMCP>
#	G	D	E	R	K	N	Q	S	T	A	V	L	I	F	Y	W	H	M	C	P
0	0.00724	0.00508	0.00647	0.00674	0.00779	0.00484	0.00506	0.00947	0.05596	0.04722	0.25962	0.31842	0.11474	0.01184	0.00578	0.00175	0.00289	0.11991	0.00470	0.00448
1	0.01792	0.01321	0.01415	0.01085	0.01462	0.01462	0.00896	0.78916	0.02217	0.02972	0.01132	0.01132	0.00802	0.00566	0.00472	0.00142	0.00519	0.00425	0.00472	0.00802
2	0.00978	0.00838	0.00978	0.00698	0.01117	0.00629	0.00559	0.01187	0.00978	0.01536	0.00838	0.00978	0.00698	0.00349	0.00349	0.00070	0.00349	0.00279	0.00279	0.86312
3	0.01101	0.00980	0.04458	0.00785	0.01209	0.00776	0.00661	0.13074	0.01168	0.01754	0.00883	0.01002	0.00710	0.00387	0.00372	0.00084	0.00390	0.00304	0.00305	0.69596
4	0.03748	0.00665	0.04393	0.03395	0.00946	0.00562	0.00571	0.00986	0.04488	0.01539	0.22934	0.18809	0.15305	0.00958	0.00519	0.00152	0.00315	0.05730	0.00413	0.13571
5	0.07419	0.00872	0.01020	0.10077	0.01323	0.02634	0.00713	0.18295	0.01314	0.06427	0.15068	0.05249	0.01574	0.00783	0.04611	0.00165	0.00457	0.02788	0.00384	0.18827
6	0.08731	0.00903	0.03646	0.00769	0.01052	0.04733	0.00625	0.06726	0.11769	0.07969	0.04613	0.07887	0.15101	0.00821	0.03746	0.00160	0.00414	0.00573	0.00387	0.19374
7	0.04106	0.00990	0.01046	0.03768	0.05233	0.09847	0.00722	0.13182	0.06469	0.07171	0.01699	0.16729	0.08725	0.00756	0.00524	0.00144	0.04214	0.00617	0.00376	0.13681
8	0.05372	0.04823	0.01214	0.04101	0.01337	0.17213	0.00758	0.18807	0.05323	0.09154	0.01153	0.01201	0.03562	0.00502	0.00417	0.00119	0.00508	0.00376	0.00353	0.23706
9	0.09127	0.00975	0.01156	0.12102	0.06115	0.05371	0.02921	0.08077	0.05914	0.06701	0.01059	0.03919	0.00869	0.03313	0.00482	0.00132	0.00462	0.00403	0.00319	0.30581
10	0.03387	0.01077	0.01359	0.12453	0.01664	0.05734	0.08756	0.19861	0.08823	0.15140	0.01199	0.01285	0.00873	0.00624	0.03631	0.00161	0.00550	0.00428	0.00378	0.12618

[dist]
# distance from previous block
# <min> <max>
59	176

[block]
# block no. 4 follows, 54 sequences, length 11
# corresponding to MSA columns:
# 840-850
name=unknown_E
#
# <colnr> <probs for GDERKNQSTAVLIFYWHMCP>
#	G	D	E	R	K	N	Q	S	T	A	V	L	I	F	Y	W	H	M	C	P
0	0.01807	0.00854	0.01051	0.00837	0.01152	0.03574	0.00673	0.08793	0.03150	0.55589	0.04884	0.06322	0.01375	0.04392	0.00566	0.00159	0.00413	0.00533	0.00526	0.03349
1	0.20332	0.00670	0.00642	0.00599	0.00794	0.03706	0.00462	0.01060	0.01080	0.08537	0.15639	0.07438	0.35530	0.00919	0.00487	0.00154	0.00304	0.00751	0.00423	0.00472
2	0.03830	0.00582	0.00718	0.00703	0.00836	0.00572	0.00517	0.04224	0.08138	0.10679	0.22948	0.39288	0.02917	0.01092	0.00548	0.00168	0.00296	0.00966	0.00476	0.00501
3	0.01818	0.01012	0.01191	0.00943	0.01291	0.01038	0.00769	0.26878	0.17773	0.39626	0.01639	0.01485	0.01106	0.00590	0.00475	0.00147	0.00433	0.00470	0.00526	0.00791
4	0.23162	0.01046	0.01066	0.00894	0.01206	0.01170	0.00720	0.22184	0.31268	0.10432	0.01387	0.01327	0.01009	0.00563	0.00429	0.00150	0.00412	0.00428	0.00441	0.00707
5	0.00574	0.00410	0.00547	0.00657	0.00684	0.00383	0.00438	0.00657	0.00903	0.01204	0.02599	0.83122	0.03119	0.01477	0.00602	0.00191	0.00274	0.01340	0.00438	0.00383
6	0.00571	0.00423	0.00534	0.00624	0.00675	0.00386	0.00423	0.00660	0.00934	0.01217	0.02999	0.68688	0.17294	0.01425	0.00594	0.00186	0.00267	0.01277	0.00438	0.00386
7	0.00978	0.00838	0.00978	0.00698	0.01117	0.00629	0.00559	0.01187	0.00978	0.01536	0.00838	0.00978	0.00698	0.00349	0.00349	0.00070	0.00349	0.00279	0.00279	0.86312
8	0.01202	0.00979	0.01096	0.00829	0.01216	0.00907	0.00667	0.20099	0.12483	0.01944	0.01063	0.01126	0.00829	0.00443	0.00397	0.00100	0.00393	0.00350	0.00354	0.53523
9	0.01652	0.01187	0.01289	0.01027	0.01373	0.01310	0.00836	0.50690	0.23444	0.10006	0.01417	0.01349	0.01012	0.00588	0.00474	0.00147	0.00468	0.00459	0.00484	0.00787
10	0.00625	0.00443	0.00551	0.00616	0.00654	0.00423	0.00413	0.00698	0.00867	0.01139	0.02433	0.43811	0.09463	0.27093	0.01165	0.00274	0.00343	0.08239	0.00390	0.00359

[dist]
# distance from previous block
# <min> <max>
1	3

[block]
# block no. 5 follows, 54 sequences, length 38
# corresponding to MSA columns:
# 854-890,900
name=unknown_F
#
# <colnr> <probs for GDERKNQSTAVLIFYWHMCP>
#	G	D	E	R	K	N	Q	S	T	A	V	L	I	F	Y	W	H	M	C	P
0	0.00614	0.00427	0.00535	0.00606	0.00623	0.00409	0.00384	0.00667	0.00825	0.01101	0.02202	0.54625	0.02619	0.30656	0.01242	0.00286	0.00339	0.01107	0.00384	0.00348
1	0.01539	0.01133	0.01227	0.01005	0.01331	0.01260	0.00809	0.37044	0.37444	0.09654	0.01558	0.01461	0.01126	0.00601	0.00476	0.00150	0.00442	0.00479	0.00486	0.00777
2	0.00574	0.00410	0.00547	0.00657	0.00684	0.00383	0.00438	0.00657	0.00903	0.01204	0.02599	0.83122	0.03119	0.01477	0.00602	0.00191	0.00274	0.01340	0.00438	0.00383
3	0.01058	0.00893	0.01019	0.00759	0.01155	0.00757	0.00606	0.06519	0.11566	0.01690	0.01002	0.01092	0.00804	0.00402	0.00375	0.00087	0.00364	0.00323	0.00319	0.69212
4	0.05408	0.00821	0.01088	0.00837	0.01200	0.00729	0.00692	0.04424	0.01353	0.75549	0.01793	0.01559	0.01131	0.00577	0.00467	0.00146	0.00403	0.00464	0.00569	0.00791
5	0.01113	0.01272	0.02782	0.01987	0.02464	0.01192	0.78776	0.01510	0.01113	0.01510	0.00954	0.01272	0.00715	0.00397	0.00556	0.00159	0.00795	0.00556	0.00238	0.00636
6	0.01761	0.02247	0.01336	0.01215	0.01458	0.81537	0.00911	0.01883	0.01336	0.01154	0.00729	0.00850	0.00607	0.00486	0.00425	0.00121	0.00850	0.00304	0.00243	0.00547
7	0.00688	0.00507	0.00647	0.00607	0.00727	0.00477	0.00457	0.00959	0.04964	0.01879	0.74657	0.03466	0.06265	0.00955	0.00553	0.00149	0.00230	0.00842	0.00515	0.00458
8	0.00879	0.00439	0.00439	0.00439	0.00549	0.00439	0.00330	0.01099	0.00989	0.01758	0.01538	0.01758	0.01209	0.00549	0.00330	0.00110	0.00220	0.00439	0.86047	0.00439
9	0.02115	0.00802	0.01094	0.00839	0.01204	0.00693	0.00693	0.02298	0.01350	0.80815	0.01860	0.01605	0.01167	0.00584	0.00474	0.00146	0.00401	0.00474	0.00584	0.00802
10	0.01167	0.01120	0.01914	0.02894	0.80488	0.01120	0.01447	0.01447	0.01074	0.01540	0.00887	0.01167	0.00747	0.00420	0.00467	0.00140	0.00560	0.00420	0.00233	0.00747
11	0.00879	0.00439	0.00439	0.00439	0.00549	0.00439	0.00330	0.01099	0.00989	0.01758	0.01538	0.01758	0.01209	0.00549	0.00330	0.00110	0.00220	0.00439	0.86047	0.00439
12	0.01749	0.02107	0.01361	0.01244	0.03549	0.69906	0.00923	0.11014	0.01434	0.01380	0.00781	0.00892	0.00634	0.00494	0.00432	0.00124	0.00803	0.00321	0.00270	0.00582
13	0.00570	0.00457	0.00510	0.00542	0.00656	0.00396	0.00389	0.00685	0.01038	0.01294	0.09236	0.29201	0.50835	0.01268	0.00571	0.00169	0.00249	0.01094	0.00443	0.00396
14	0.01768	0.01309	0.01401	0.01080	0.01453	0.01451	0.00890	0.75936	0.05237	0.02933	0.01163	0.01156	0.00827	0.00569	0.00472	0.00142	0.00513	0.00429	0.00472	0.00800
15	0.00686	0.00457	0.00514	0.00514	0.00514	0.00457	0.00286	0.00686	0.00686	0.00914	0.01486	0.03086	0.01714	0.83430	0.02400	0.00457	0.00457	0.00686	0.00286	0.00286
16	0.00890	0.00838	0.01414	0.82296	0.03247	0.01048	0.01309	0.01205	0.00943	0.01205	0.00838	0.01257	0.00629	0.00471	0.00471	0.00157	0.00629	0.00419	0.00210	0.00524
17	0.00760	0.00543	0.00760	0.00868	0.00977	0.00543	0.00760	0.00977	0.01085	0.01411	0.02496	0.05319	0.02714	0.01303	0.00651	0.00217	0.00434	0.77315	0.00434	0.00434
18	0.01173	0.01013	0.01066	0.00960	0.01226	0.01173	0.00746	0.02505	0.79636	0.01972	0.01919	0.01759	0.01439	0.00640	0.00480	0.00160	0.00373	0.00533	0.00480	0.00746
19	0.01792	0.01321	0.01415	0.01085	0.01462	0.01462	0.00896	0.78916	0.02217	0.02972	0.01132	0.01132	0.00802	0.00566	0.00472	0.00142	0.00519	0.00425	0.00472	0.00802
20	0.01261	0.83713	0.02471	0.00807	0.01210	0.01866	0.00807	0.01412	0.00958	0.01109	0.00656	0.00756	0.00605	0.00403	0.00303	0.00101	0.00504	0.00252	0.00202	0.00605
21	0.00574	0.00410	0.00547	0.00657	0.00684	0.00383	0.00438	0.00657	0.00903	0.01204	0.02599	0.83122	0.03119	0.01477	0.00602	0.00191	0.00274	0.01340	0.00438	0.00383
22	0.00667	0.00482	0.00630	0.00593	0.00704	0.00445	0.00445	0.00890	0.01335	0.01891	0.80239	0.03522	0.04449	0.00964	0.00556	0.00148	0.00222	0.00853	0.00519	0.00445
23	0.00674	0.00505	0.00758	0.00758	0.00842	0.00589	0.00589	0.00842	0.00758	0.01095	0.01263	0.01852	0.01179	0.03536	0.81561	0.00758	0.01263	0.00505	0.00253	0.00421
24	0.01032	0.01032	0.01444	0.01238	0.01238	0.01444	0.01032	0.01135	0.00722	0.01135	0.00619	0.01032	0.00619	0.00825	0.01547	0.00206	0.82567	0.00413	0.00206	0.00516
25	0.00760	0.00543	0.00760	0.00868	0.00977	0.00543	0.00760	0.00977	0.01085	0.01411	0.02496	0.05319	0.02714	0.01303	0.00651	0.00217	0.00434	0.77315	0.00434	0.00434
26	0.00890	0.00838	0.01414	0.82296	0.03247	0.01048	0.01309	0.01205	0.00943	0.01205	0.00838	0.01257	0.00629	0.00471	0.00471	0.00157	0.00629	0.00419	0.00210	0.00524
27	0.01708	0.01279	0.01368	0.01068	0.01430	0.01423	0.00876	0.68561	0.12709	0.02836	0.01239	0.01217	0.00888	0.00576	0.00473	0.00144	0.00499	0.00439	0.00473	0.00794
28	0.01036	0.01044	0.01511	0.01276	0.01299	0.01432	0.04936	0.01154	0.00742	0.01154	0.00636	0.01044	0.00624	0.00804	0.01498	0.00204	0.78460	0.00420	0.00208	0.00522
29	0.01032	0.01032	0.01444	0.01238	0.01238	0.01444	0.01032	0.01135	0.00722	0.01135	0.00619	0.01032	0.00619	0.00825	0.01547	0.00206	0.82567	0.00413	0.00206	0.00516
30	0.01167	0.01120	0.01914	0.02894	0.80488	0.01120	0.01447	0.01447	0.01074	0.01540	0.00887	0.01167	0.00747	0.00420	0.00467	0.00140	0.00560	0.00420	0.00233	0.00747
31	0.07709	0.01653	0.01317	0.01099	0.01405	0.35127	0.00869	0.35986	0.01678	0.05729	0.00953	0.01008	0.00713	0.00529	0.00461	0.00135	0.02235	0.00364	0.00363	0.00668
32	0.01015	0.20428	0.63608	0.01225	0.01857	0.01266	0.01535	0.01475	0.00987	0.01408	0.00804	0.00943	0.00599	0.00438	0.00416	0.00139	0.00654	0.00327	0.00200	0.00677
33	0.04292	0.01279	0.01228	0.01038	0.01266	0.18116	0.00830	0.23720	0.08705	0.06256	0.09939	0.01410	0.01214	0.00709	0.02388	0.00165	0.15986	0.00454	0.00375	0.00631
34	0.03143	0.00965	0.01160	0.00945	0.01227	0.05706	0.07077	0.13812	0.13164	0.21798	0.12339	0.03413	0.09583	0.00700	0.00525	0.00151	0.02591	0.00584	0.00460	0.00655
35	0.25350	0.13391	0.01251	0.00841	0.01143	0.02900	0.05620	0.07304	0.03876	0.16533	0.05846	0.01359	0.03248	0.00548	0.00437	0.00140	0.03324	0.00412	0.05870	0.00607
36	0.02876	0.31844	0.26755	0.01031	0.01469	0.03087	0.04686	0.01410	0.01024	0.05338	0.04813	0.01487	0.01031	0.00659	0.03587	0.00161	0.00588	0.07279	0.00263	0.00612
37	0.01444	0.10923	0.01331	0.00894	0.01252	0.06773	0.04323	0.05093	0.04469	0.24417	0.01173	0.01223	0.00871	0.02237	0.00494	0.00124	0.03521	0.00378	0.00368	0.28692

[dist]
# distance from previous block
# <min> <max>
0	3

[block]
# block no. 6 follows, 54 sequences, length 41
# corresponding to MSA columns:
# 904-944
name=unknown_G
#
# <colnr> <probs for GDERKNQSTAVLIFYWHMCP>
#	G	D	E	R	K	N	Q	S	T	A	V	L	I	F	Y	W	H	M	C	P
0	0.00930	0.00878	0.01485	0.71014	0.14222	0.01058	0.01329	0.01239	0.00961	0.01252	0.00845	0.01244	0.00645	0.00464	0.00471	0.00155	0.00619	0.00419	0.00213	0.00555
1	0.00898	0.00846	0.01428	0.80135	0.05350	0.01050	0.01313	0.01211	0.00946	0.01214	0.00839	0.01255	0.00632	0.00470	0.00471	0.00157	0.00627	0.00419	0.00210	0.00530
2	0.01026	0.00976	0.01659	0.43400	0.41084	0.01083	0.01377	0.01323	0.01007	0.01369	0.00862	0.01213	0.00686	0.00446	0.00469	0.00149	0.00595	0.00420	0.00221	0.00633
3	0.00926	0.08029	0.06723	0.70020	0.02994	0.01121	0.01295	0.01241	0.00948	0.01215	0.00823	0.01197	0.00624	0.00464	0.00455	0.00152	0.00622	0.00400	0.00208	0.00542
4	0.00971	0.02263	0.69171	0.01441	0.02105	0.01110	0.13380	0.01496	0.01013	0.01496	0.00862	0.01037	0.00615	0.00440	0.00464	0.00151	0.00712	0.00380	0.00205	0.00688
5	0.01011	0.19343	0.64656	0.01232	0.01868	0.01255	0.01548	0.01476	0.00988	0.01413	0.00806	0.00946	0.00599	0.00439	0.00418	0.00139	0.00657	0.00328	0.00200	0.00678
6	0.01167	0.01120	0.01914	0.02894	0.80488	0.01120	0.01447	0.01447	0.01074	0.01540	0.00887	0.01167	0.00747	0.00420	0.00467	0.00140	0.00560	0.00420	0.00233	0.00747
7	0.00574	0.00410	0.00547	0.00657	0.00684	0.00383	0.00438	0.00657	0.00903	0.01204	0.02599	0.83122	0.03119	0.01477	0.00602	0.00191	0.00274	0.01340	0.00438	0.00383
8	0.01042	0.00992	0.01687	0.38906	0.45456	0.01087	0.01385	0.01337	0.01014	0.01388	0.00865	0.01208	0.00693	0.00443	0.00469	0.00148	0.00591	0.00420	0.00223	0.00646
9	0.00879	0.00439	0.00439	0.00439	0.00549	0.00439	0.00330	0.01099	0.00989	0.01758	0.01538	0.01758	0.01209	0.00549	0.00330	0.00110	0.00220	0.00439	0.86047	0.00439
10	0.00978	0.00838	0.00978	0.00698	0.01117	0.00629	0.00559	0.01187	0.00978	0.01536	0.00838	0.00978	0.00698	0.00349	0.00349	0.00070	0.00349	0.00279	0.00279	0.86312
11	0.00667	0.00482	0.00630	0.00593	0.00704	0.00445	0.00445	0.00890	0.01335	0.01891	0.80239	0.03522	0.04449	0.00964	0.00556	0.00148	0.00222	0.00853	0.00519	0.00445
12	0.00879	0.00439	0.00439	0.00439	0.00549	0.00439	0.00330	0.01099	0.00989	0.01758	0.01538	0.01758	0.01209	0.00549	0.00330	0.00110	0.00220	0.00439	0.86047	0.00439
13	0.01517	0.26314	0.01896	0.01165	0.01521	0.25845	0.13755	0.10265	0.03894	0.08207	0.00925	0.01018	0.00721	0.00469	0.00421	0.00127	0.00646	0.00366	0.00292	0.00636
14	0.00985	0.02384	0.78324	0.01327	0.02013	0.01082	0.01707	0.01520	0.01007	0.04137	0.00880	0.01016	0.00616	0.00452	0.00449	0.00149	0.00687	0.00353	0.00212	0.00700
15	0.01725	0.01287	0.01377	0.01071	0.01437	0.01431	0.00880	0.70644	0.10598	0.02863	0.01217	0.01200	0.00871	0.00574	0.00473	0.00143	0.00503	0.00436	0.00473	0.00796
16	0.00686	0.00457	0.00514	0.00514	0.00514	0.00457	0.00286	0.00686	0.00686	0.00914	0.01486	0.03086	0.01714	0.83430	0.02400	0.00457	0.00457	0.00686	0.00286	0.00286
17	0.00890	0.00838	0.01414	0.82296	0.03247	0.01048	0.01309	0.01205	0.00943	0.01205	0.00838	0.01257	0.00629	0.00471	0.00471	0.00157	0.00629	0.00419	0.00210	0.00524
18	0.00946	0.02439	0.80987	0.01344	0.02041	0.01095	0.01742	0.01493	0.00995	0.01493	0.00846	0.00995	0.00597	0.00448	0.00448	0.00149	0.00697	0.00348	0.00199	0.00697
19	0.00890	0.00838	0.01414	0.82296	0.03247	0.01048	0.01309	0.01205	0.00943	0.01205	0.00838	0.01257	0.00629	0.00471	0.00471	0.00157	0.00629	0.00419	0.00210	0.00524
20	0.01032	0.01032	0.01444	0.01238	0.01238	0.01444	0.01032	0.01135	0.00722	0.01135	0.00619	0.01032	0.00619	0.00825	0.01547	0.00206	0.82567	0.00413	0.00206	0.00516
21	0.01032	0.01032	0.01444	0.01238	0.01238	0.01444	0.01032	0.01135	0.00722	0.01135	0.00619	0.01032	0.00619	0.00825	0.01547	0.00206	0.82567	0.00413	0.00206	0.00516
22	0.00574	0.00410	0.00547	0.00657	0.00684	0.00383	0.00438	0.00657	0.00903	0.01204	0.02599	0.83122	0.03119	0.01477	0.00602	0.00191	0.00274	0.01340	0.00438	0.00383
23	0.01173	0.01013	0.01066	0.00960	0.01226	0.01173	0.00746	0.02505	0.79636	0.01972	0.01919	0.01759	0.01439	0.00640	0.00480	0.00160	0.00373	0.00533	0.00480	0.00746
24	0.00890	0.00838	0.01414	0.82296	0.03247	0.01048	0.01309	0.01205	0.00943	0.01205	0.00838	0.01257	0.00629	0.00471	0.00471	0.00157	0.00629	0.00419	0.00210	0.00524
25	0.01032	0.01032	0.01444	0.01238	0.01238	0.01444	0.01032	0.01135	0.00722	0.01135	0.00619	0.01032	0.00619	0.00825	0.01547	0.00206	0.82567	0.00413	0.00206	0.00516
26	0.00760	0.00543	0.00760	0.00868	0.00977	0.00543	0.00760	0.00977	0.01085	0.01411	0.02496	0.05319	0.02714	0.01303	0.00651	0.00217	0.00434	0.77315	0.00434	0.00434
27	0.01173	0.01013	0.01066	0.00960	0.01226	0.01173	0.00746	0.02505	0.79636	0.01972	0.01919	0.01759	0.01439	0.00640	0.00480	0.00160	0.00373	0.00533	0.00480	0.00746
28	0.02115	0.00802	0.01094	0.00839	0.01204	0.00693	0.00693	0.02298	0.01350	0.80815	0.01860	0.01605	0.01167	0.00584	0.00474	0.00146	0.00401	0.00474	0.00584	0.00802
29	0.01032	0.01032	0.01444	0.01238	0.01238	0.01444	0.01032	0.01135	0.00722	0.01135	0.00619	0.01032	0.00619	0.00825	0.01547	0.00206	0.82567	0.00413	0.00206	0.00516
30	0.01113	0.01272	0.02782	0.01987	0.02464	0.01192	0.78776	0.01510	0.01113	0.01510	0.00954	0.01272	0.00715	0.00397	0.00556	0.00159	0.00795	0.00556	0.00238	0.00636
31	0.01261	0.83713	0.02471	0.00807	0.01210	0.01866	0.00807	0.01412	0.00958	0.01109	0.00656	0.00756	0.00605	0.00403	0.00303	0.00101	0.00504	0.00252	0.00202	0.00605
32	0.01167	0.01120	0.01914	0.02894	0.80488	0.01120	0.01447	0.01447	0.01074	0.01540	0.00887	0.01167	0.00747	0.00420	0.00467	0.00140	0.00560	0.00420	0.00233	0.00747
33	0.01183	0.21840	0.51024	0.01145	0.01725	0.01226	0.01372	0.01584	0.01035	0.12324	0.00940	0.01022	0.00678	0.00456	0.00416	0.00137	0.00610	0.00342	0.00253	0.00689
34	0.32320	0.04726	0.08505	0.00935	0.01306	0.04919	0.00832	0.37168	0.01503	0.02368	0.00896	0.00959	0.00661	0.00499	0.00396	0.00141	0.00494	0.00344	0.00360	0.00668
35	0.01249	0.80832	0.05255	0.00826	0.01240	0.01838	0.00840	0.01415	0.00959	0.01123	0.00662	0.00765	0.00605	0.00405	0.00308	0.00103	0.00511	0.00256	0.00202	0.00608
36	0.11296	0.13763	0.02918	0.01033	0.04762	0.02883	0.08202	0.04510	0.01095	0.18049	0.01445	0.13545	0.01325	0.00725	0.00518	0.00156	0.04209	0.08599	0.00368	0.00598
37	0.03948	0.19069	0.03203	0.00896	0.05934	0.02798	0.04214	0.01205	0.08637	0.01440	0.12287	0.09522	0.22016	0.00818	0.00478	0.00146	0.00390	0.02104	0.00363	0.00530
38	0.01034	0.24861	0.17648	0.00867	0.01219	0.02596	0.00864	0.04209	0.04238	0.04134	0.24492	0.04920	0.01904	0.00641	0.00442	0.00133	0.00443	0.00519	0.00342	0.04493
39	0.02809	0.27642	0.08801	0.00926	0.02888	0.01177	0.04352	0.05669	0.04515	0.04343	0.12767	0.01508	0.04492	0.00555	0.00450	0.00124	0.03212	0.00436	0.00314	0.13020
40	0.03264	0.03238	0.12897	0.01481	0.10362	0.04249	0.23142	0.09015	0.07245	0.03325	0.04244	0.05004	0.01020	0.00525	0.00499	0.00145	0.01912	0.00494	0.00305	0.07634

[dist]
# distance from previous block
# <min> <max>
0	110

# created by:
# /st0/software/busco_prod/Augustus/scripts/msa2prfl.pl ./align_prep/60720.fa
