[name]
unknown

[dist]
# distance from previous block
# <min> <max>
0	117

[block]
# block no. 0 follows, 55 sequences, length 46
# corresponding to MSA columns:
# 201-246
name=unknown_A
#
# <colnr> <probs for GDERKNQSTAVLIFYWHMCP>
#	G	D	E	R	K	N	Q	S	T	A	V	L	I	F	Y	W	H	M	C	P
0	0.00603	0.00442	0.00507	0.00542	0.00598	0.00410	0.00352	0.00665	0.00862	0.01102	0.02803	0.29584	0.25948	0.32035	0.01242	0.00277	0.00327	0.00979	0.00376	0.00347
1	0.00567	0.00405	0.00540	0.00648	0.00675	0.00378	0.00432	0.00648	0.00891	0.01188	0.02564	0.83347	0.03077	0.01457	0.00594	0.00189	0.00270	0.01323	0.00432	0.00378
2	0.01098	0.01255	0.02745	0.01961	0.02431	0.01176	0.79059	0.01490	0.01098	0.01490	0.00941	0.01255	0.00706	0.00392	0.00549	0.00157	0.00784	0.00549	0.00235	0.00627
3	0.01738	0.02217	0.01318	0.01199	0.01438	0.81783	0.00899	0.01858	0.01318	0.01139	0.00719	0.00839	0.00599	0.00479	0.00419	0.00120	0.00839	0.00300	0.00240	0.00539
4	0.00572	0.00407	0.00538	0.00642	0.00667	0.00381	0.00425	0.00649	0.00881	0.01175	0.02516	0.79805	0.03016	0.05082	0.00672	0.00200	0.00278	0.01294	0.00425	0.00374
5	0.86937	0.00900	0.00684	0.00612	0.00900	0.01044	0.00504	0.01368	0.00792	0.02087	0.00648	0.00756	0.00504	0.00432	0.00288	0.00144	0.00360	0.00252	0.00288	0.00504
6	0.01151	0.01105	0.01888	0.02855	0.80748	0.01105	0.01428	0.01428	0.01059	0.01520	0.00875	0.01151	0.00737	0.00415	0.00461	0.00138	0.00553	0.00415	0.00230	0.00737
7	0.00658	0.00476	0.00622	0.00585	0.00695	0.00439	0.00439	0.00878	0.01317	0.01866	0.80503	0.03475	0.04390	0.00951	0.00549	0.00146	0.00219	0.00841	0.00512	0.00439
8	0.01244	0.83930	0.02438	0.00796	0.01194	0.01841	0.00796	0.01393	0.00945	0.01095	0.00647	0.00746	0.00597	0.00398	0.00299	0.00100	0.00498	0.00249	0.00199	0.00597
9	0.00905	0.00854	0.01444	0.74689	0.10838	0.01041	0.01305	0.01212	0.00943	0.01221	0.00832	0.01232	0.00632	0.00460	0.00465	0.00153	0.00614	0.00414	0.00209	0.00538
10	0.01157	0.00999	0.01052	0.00947	0.01210	0.01157	0.00736	0.02472	0.79908	0.01946	0.01893	0.01736	0.01420	0.00631	0.00473	0.00158	0.00368	0.00526	0.00473	0.00736
11	0.03359	0.00877	0.07306	0.00842	0.01172	0.00700	0.00728	0.04867	0.01254	0.57082	0.01827	0.15028	0.01400	0.00708	0.00483	0.00151	0.00402	0.00593	0.00512	0.00710
12	0.01244	0.83930	0.02438	0.00796	0.01194	0.01841	0.00796	0.01393	0.00945	0.01095	0.00647	0.00746	0.00597	0.00398	0.00299	0.00100	0.00498	0.00249	0.00199	0.00597
13	0.01139	0.56480	0.28971	0.00974	0.01470	0.01585	0.01107	0.01420	0.00958	0.01222	0.00710	0.00826	0.00594	0.00413	0.00347	0.00116	0.00561	0.00281	0.00198	0.00627
14	0.00550	0.00471	0.00471	0.00471	0.00628	0.00393	0.00353	0.00668	0.01060	0.01257	0.04713	0.04477	0.80560	0.01178	0.00550	0.00157	0.00236	0.00982	0.00432	0.00393
15	0.00674	0.00450	0.00508	0.00511	0.00512	0.00449	0.00286	0.00676	0.00682	0.00910	0.01495	0.05173	0.01728	0.81472	0.02321	0.00444	0.00446	0.00694	0.00286	0.00284
16	0.01218	0.70702	0.12789	0.00878	0.01309	0.04172	0.00921	0.01418	0.00961	0.01146	0.00674	0.00780	0.00596	0.00406	0.00321	0.00106	0.00533	0.00263	0.00200	0.00607
17	0.00973	0.12995	0.71005	0.01257	0.01907	0.01179	0.01599	0.01463	0.00977	0.01424	0.00810	0.00952	0.00590	0.00436	0.00423	0.00141	0.00663	0.00331	0.00197	0.00676
18	0.01053	0.01076	0.01420	0.01220	0.01232	0.05307	0.01012	0.01155	0.00742	0.01121	0.00616	0.01009	0.00610	0.00798	0.01473	0.00200	0.78839	0.00402	0.00205	0.00510
19	0.00567	0.00405	0.00540	0.00648	0.00675	0.00378	0.00432	0.00648	0.00891	0.01188	0.02564	0.83347	0.03077	0.01457	0.00594	0.00189	0.00270	0.01323	0.00432	0.00378
20	0.01164	0.01498	0.11841	0.01674	0.02113	0.12843	0.51124	0.01595	0.06805	0.01464	0.00998	0.02873	0.00776	0.00450	0.00513	0.00151	0.00740	0.00502	0.00252	0.00625
21	0.01738	0.02217	0.01318	0.01199	0.01438	0.81783	0.00899	0.01858	0.01318	0.01139	0.00719	0.00839	0.00599	0.00479	0.00419	0.00120	0.00839	0.00300	0.00240	0.00539
22	0.00676	0.00452	0.00514	0.00514	0.00517	0.00455	0.00291	0.00681	0.00679	0.00907	0.01459	0.03009	0.01676	0.81307	0.04690	0.00460	0.00474	0.00671	0.00281	0.00286
23	0.01397	0.01514	0.01192	0.01077	0.01324	0.36849	0.02520	0.04383	0.34280	0.01561	0.01377	0.01608	0.01129	0.00612	0.00465	0.00145	0.00595	0.06989	0.00361	0.00622
24	0.00911	0.00855	0.01442	0.66383	0.15689	0.01019	0.01280	0.01206	0.00950	0.01242	0.00903	0.04453	0.00736	0.00496	0.00469	0.00154	0.00595	0.00449	0.00219	0.00547
25	0.01098	0.01255	0.02745	0.01961	0.02431	0.01176	0.79059	0.01490	0.01098	0.01490	0.00941	0.01255	0.00706	0.00392	0.00549	0.00157	0.00784	0.00549	0.00235	0.00627
26	0.01086	0.01219	0.02544	0.01848	0.02247	0.01214	0.67163	0.01434	0.01039	0.01434	0.00891	0.01219	0.00691	0.00456	0.00698	0.00164	0.13286	0.00527	0.00230	0.00609
27	0.01489	0.01593	0.01411	0.01193	0.01463	0.43776	0.13558	0.01741	0.06771	0.10272	0.01218	0.08149	0.02737	0.00634	0.01783	0.00148	0.00692	0.00480	0.00314	0.00577
28	0.01723	0.01098	0.01407	0.01080	0.01432	0.07937	0.12950	0.22265	0.01511	0.35651	0.05205	0.01440	0.01097	0.00552	0.00476	0.00142	0.00513	0.00470	0.02332	0.00719
29	0.02079	0.00806	0.01088	0.00834	0.01195	0.00705	0.00689	0.04374	0.01355	0.78931	0.01816	0.01571	0.01142	0.00575	0.00468	0.00144	0.00399	0.00466	0.00573	0.00792
30	0.01600	0.01793	0.01233	0.01105	0.01357	0.54619	0.00844	0.05706	0.17176	0.05268	0.02556	0.01205	0.00913	0.00543	0.00442	0.00132	0.00687	0.01900	0.00323	0.00599
31	0.00903	0.00852	0.01440	0.75278	0.10264	0.01040	0.01304	0.01210	0.00942	0.01219	0.00831	0.01232	0.00631	0.00461	0.00465	0.00154	0.00614	0.00414	0.00209	0.00537
32	0.00566	0.00407	0.00537	0.00641	0.00673	0.00378	0.00429	0.00649	0.00897	0.01190	0.02645	0.80376	0.05995	0.01447	0.00592	0.00188	0.00269	0.01310	0.00432	0.00378
33	0.01098	0.01255	0.02745	0.01961	0.02431	0.01176	0.79059	0.01490	0.01098	0.01490	0.00941	0.01255	0.00706	0.00392	0.00549	0.00157	0.00784	0.00549	0.00235	0.00627
34	0.01151	0.01105	0.01888	0.02855	0.80748	0.01105	0.01428	0.01428	0.01059	0.01520	0.00875	0.01151	0.00737	0.00415	0.00461	0.00138	0.00553	0.00415	0.00230	0.00737
35	0.00933	0.02406	0.81240	0.01326	0.02014	0.01080	0.01719	0.01473	0.00982	0.01473	0.00835	0.00982	0.00589	0.00442	0.00442	0.00147	0.00688	0.00344	0.00196	0.00688
36	0.00677	0.00451	0.00507	0.00507	0.00507	0.00451	0.00282	0.00677	0.00677	0.00902	0.01466	0.03044	0.01691	0.83650	0.02368	0.00451	0.00451	0.00677	0.00282	0.00282
37	0.01713	0.02051	0.01315	0.01171	0.01428	0.68446	0.00889	0.10976	0.05218	0.01388	0.00823	0.00915	0.00661	0.00496	0.00427	0.00124	0.00778	0.00325	0.00278	0.00578
38	0.01738	0.02217	0.01318	0.01199	0.01438	0.81783	0.00899	0.01858	0.01318	0.01139	0.00719	0.00839	0.00599	0.00479	0.00419	0.00120	0.00839	0.00300	0.00240	0.00539
39	0.00665	0.00498	0.00748	0.00748	0.00831	0.00582	0.00582	0.00831	0.00748	0.01080	0.01246	0.01828	0.01163	0.03489	0.81807	0.00748	0.01246	0.00498	0.00249	0.00415
40	0.00551	0.00468	0.00475	0.00480	0.00631	0.00392	0.00357	0.00667	0.01052	0.01253	0.04605	0.08430	0.76676	0.01192	0.00552	0.00159	0.00237	0.00999	0.00432	0.00392
41	0.00879	0.00827	0.01395	0.82532	0.03204	0.01034	0.01292	0.01189	0.00930	0.01189	0.00827	0.01240	0.00620	0.00465	0.00465	0.00155	0.00620	0.00413	0.00207	0.00517
42	0.00928	0.00452	0.00466	0.00453	0.00574	0.00446	0.00343	0.01143	0.00993	0.05711	0.01534	0.01727	0.01190	0.00544	0.00332	0.00110	0.00226	0.00435	0.81940	0.00452
43	0.00605	0.00473	0.00548	0.00529	0.00662	0.00416	0.00397	0.00774	0.01190	0.01565	0.43093	0.03970	0.41987	0.01063	0.00549	0.00152	0.00227	0.00911	0.00473	0.00416
44	0.00879	0.00827	0.01395	0.82532	0.03204	0.01034	0.01292	0.01189	0.00930	0.01189	0.00827	0.01240	0.00620	0.00465	0.00465	0.00155	0.00620	0.00413	0.00207	0.00517
45	0.05013	0.00867	0.01078	0.00839	0.01190	0.04761	0.00688	0.02215	0.01312	0.74324	0.01738	0.01517	0.01101	0.00566	0.00459	0.00143	0.00417	0.00452	0.00549	0.00769

[dist]
# distance from previous block
# <min> <max>
1	32

[block]
# block no. 1 follows, 55 sequences, length 88
# corresponding to MSA columns:
# 279-340,348-373
name=unknown_B
#
# <colnr> <probs for GDERKNQSTAVLIFYWHMCP>
#	G	D	E	R	K	N	Q	S	T	A	V	L	I	F	Y	W	H	M	C	P
0	0.01098	0.01255	0.02745	0.01961	0.02431	0.01176	0.79059	0.01490	0.01098	0.01490	0.00941	0.01255	0.00706	0.00392	0.00549	0.00157	0.00784	0.00549	0.00235	0.00627
1	0.06275	0.00840	0.00944	0.00802	0.01063	0.04983	0.00634	0.03455	0.17768	0.33518	0.16751	0.06005	0.03528	0.00702	0.00480	0.00148	0.00370	0.00582	0.00496	0.00655
2	0.02064	0.00786	0.01072	0.00824	0.01179	0.00680	0.00680	0.02244	0.01331	0.79756	0.03141	0.01615	0.01205	0.00582	0.00469	0.00144	0.00393	0.00474	0.00575	0.00786
3	0.01768	0.01303	0.01396	0.01070	0.01443	0.01443	0.00884	0.79197	0.02187	0.02932	0.01117	0.01117	0.00791	0.00558	0.00465	0.00140	0.00512	0.00419	0.00465	0.00791
4	0.01151	0.01105	0.01888	0.02855	0.80748	0.01105	0.01428	0.01428	0.01059	0.01520	0.00875	0.01151	0.00737	0.00415	0.00461	0.00138	0.00553	0.00415	0.00230	0.00737
5	0.01472	0.01166	0.01292	0.01048	0.01375	0.01306	0.03673	0.42162	0.36789	0.02440	0.01457	0.01398	0.01068	0.00585	0.00472	0.00148	0.00458	0.00471	0.00461	0.00761
6	0.00571	0.00407	0.00539	0.00643	0.00669	0.00381	0.00426	0.00649	0.00883	0.01177	0.02524	0.80415	0.03026	0.04459	0.00659	0.00199	0.00277	0.01299	0.00426	0.00374
7	0.00718	0.00509	0.00717	0.00807	0.00897	0.00516	0.00676	0.00894	0.00991	0.01307	0.02267	0.14781	0.02475	0.01593	0.10765	0.03298	0.00509	0.55469	0.00399	0.00412
8	0.01120	0.51500	0.33785	0.01007	0.01520	0.01538	0.01163	0.01425	0.00960	0.01245	0.00722	0.00840	0.00594	0.00416	0.00356	0.00119	0.00573	0.00287	0.00198	0.00633
9	0.01782	0.00917	0.01095	0.00860	0.01187	0.00914	0.00704	0.25779	0.06215	0.42495	0.01578	0.01468	0.01062	0.00570	0.00450	0.00139	0.00408	0.00452	0.11182	0.00744
10	0.00569	0.00446	0.00515	0.00552	0.00654	0.00392	0.00393	0.00684	0.01024	0.01299	0.12414	0.34816	0.42070	0.01260	0.00567	0.00168	0.00247	0.01098	0.00441	0.00392
11	0.11435	0.01613	0.01211	0.01076	0.01343	0.38944	0.00818	0.08081	0.14916	0.08719	0.01212	0.01321	0.00955	0.02358	0.00511	0.00162	0.00640	0.00411	0.03611	0.00664
12	0.00975	0.13486	0.70531	0.01254	0.01902	0.01184	0.01593	0.01462	0.00977	0.01422	0.00809	0.00950	0.00590	0.00436	0.00422	0.00141	0.00662	0.00331	0.00197	0.00675
13	0.00650	0.00508	0.00595	0.00575	0.00713	0.00469	0.00438	0.00896	0.05964	0.01608	0.42219	0.03848	0.34122	0.01037	0.00549	0.00154	0.00245	0.04498	0.00474	0.00438
14	0.00665	0.00498	0.00748	0.00748	0.00831	0.00582	0.00582	0.00831	0.00748	0.01080	0.01246	0.01828	0.01163	0.03489	0.81807	0.00748	0.01246	0.00498	0.00249	0.00415
15	0.00933	0.02406	0.81240	0.01326	0.02014	0.01080	0.01719	0.01473	0.00982	0.01473	0.00835	0.00982	0.00589	0.00442	0.00442	0.00147	0.00688	0.00344	0.00196	0.00688
16	0.05977	0.01150	0.01225	0.00957	0.01308	0.01241	0.00782	0.52708	0.11131	0.02537	0.01161	0.01174	0.00852	0.00531	0.00436	0.00131	0.00454	0.00404	0.03613	0.12227
17	0.22284	0.01196	0.02040	0.01506	0.01906	0.03548	0.48371	0.08855	0.01125	0.01756	0.00872	0.01102	0.00659	0.00429	0.00494	0.00152	0.02374	0.00453	0.00270	0.00608
18	0.00808	0.00404	0.00606	0.00606	0.00606	0.00404	0.00404	0.00606	0.00606	0.00808	0.00808	0.01414	0.00808	0.01616	0.01818	0.86465	0.00404	0.00404	0.00202	0.00202
19	0.01205	0.00980	0.01110	0.00942	0.01209	0.01088	0.03458	0.20382	0.43552	0.02149	0.16787	0.01906	0.01816	0.00667	0.00489	0.00151	0.00388	0.00562	0.00471	0.00688
20	0.86937	0.00900	0.00684	0.00612	0.00900	0.01044	0.00504	0.01368	0.00792	0.02087	0.00648	0.00756	0.00504	0.00432	0.00288	0.00144	0.00360	0.00252	0.00288	0.00504
21	0.01101	0.01017	0.01505	0.04083	0.01421	0.01280	0.10654	0.10447	0.00959	0.03108	0.00814	0.01185	0.00722	0.02659	0.07527	0.00235	0.50040	0.00440	0.00252	0.00552
22	0.01203	0.73316	0.12697	0.00865	0.01301	0.01742	0.00916	0.01403	0.00950	0.01144	0.00671	0.00777	0.00596	0.00404	0.00317	0.00106	0.00522	0.00261	0.00199	0.00609
23	0.01009	0.00647	0.00818	0.00785	0.00916	0.04392	0.02343	0.01142	0.01046	0.18478	0.07770	0.42032	0.03930	0.01103	0.00615	0.00174	0.05503	0.06360	0.00441	0.00497
24	0.00581	0.00418	0.00552	0.00647	0.00688	0.00390	0.00444	0.00678	0.00933	0.01243	0.07591	0.71664	0.06016	0.01407	0.00592	0.00186	0.00273	0.04877	0.00437	0.00385
25	0.00760	0.00605	0.00897	0.00825	0.00949	0.02386	0.06695	0.02582	0.00854	0.01226	0.04009	0.01822	0.01233	0.04431	0.61402	0.00600	0.01056	0.00507	0.06718	0.00442
26	0.08638	0.00682	0.00798	0.00696	0.00898	0.01993	0.00544	0.06221	0.05013	0.18545	0.42329	0.05550	0.04611	0.00803	0.00500	0.00147	0.00307	0.00682	0.00492	0.00553
27	0.01128	0.05186	0.02609	0.01835	0.02282	0.05357	0.69552	0.01491	0.01107	0.01462	0.02713	0.01260	0.00778	0.00410	0.00531	0.00152	0.00761	0.00529	0.00240	0.00617
28	0.01615	0.00913	0.01077	0.00886	0.01197	0.00938	0.00712	0.11890	0.30512	0.37284	0.03510	0.02943	0.03098	0.00629	0.00475	0.00150	0.00391	0.00516	0.00517	0.00748
29	0.04734	0.01301	0.02421	0.01837	0.06316	0.07564	0.61241	0.04211	0.01143	0.03188	0.00933	0.01198	0.00703	0.00411	0.00519	0.00152	0.00742	0.00504	0.00253	0.00630
30	0.01686	0.01708	0.01351	0.01141	0.01437	0.42548	0.03724	0.24182	0.09504	0.06702	0.01030	0.01071	0.00776	0.00520	0.00446	0.00132	0.00668	0.00376	0.00349	0.00651
31	0.00754	0.00516	0.00634	0.00646	0.00763	0.00484	0.00480	0.05308	0.01115	0.06018	0.15810	0.35091	0.20409	0.01179	0.00561	0.00170	0.00287	0.07414	0.01917	0.00444
32	0.01100	0.46231	0.38879	0.01041	0.01573	0.01489	0.01223	0.01430	0.00962	0.01270	0.00734	0.00855	0.00593	0.00418	0.00365	0.00122	0.00585	0.00293	0.00198	0.00639
33	0.00909	0.00688	0.00839	0.00848	0.01004	0.02190	0.00714	0.10958	0.07075	0.01692	0.14030	0.04101	0.04148	0.01077	0.00588	0.00187	0.00407	0.47599	0.00446	0.00500
34	0.00595	0.00449	0.00655	0.00716	0.00766	0.00420	0.04535	0.00692	0.00902	0.01203	0.02479	0.79063	0.02953	0.01402	0.00591	0.00187	0.00297	0.01282	0.00422	0.00391
35	0.00787	0.00414	0.00614	0.00616	0.00624	0.00421	0.00416	0.00629	0.00626	0.00842	0.00900	0.02968	0.00909	0.04422	0.08909	0.74549	0.00478	0.00438	0.00213	0.00227
36	0.01187	0.01261	0.02577	0.01853	0.02308	0.03145	0.70168	0.05196	0.01165	0.04887	0.00982	0.01252	0.00726	0.00410	0.00538	0.00155	0.00757	0.00533	0.00261	0.00640
37	0.01236	0.79616	0.02454	0.00857	0.01259	0.01806	0.04880	0.01398	0.00953	0.01115	0.00662	0.00773	0.00603	0.00398	0.00312	0.00102	0.00512	0.00264	0.00201	0.00599
38	0.00662	0.00449	0.00531	0.00545	0.00555	0.00453	0.00325	0.00686	0.00709	0.00952	0.01584	0.12925	0.01820	0.66847	0.08676	0.00443	0.00494	0.00742	0.00298	0.00305
39	0.01580	0.01129	0.01217	0.00981	0.01304	0.02617	0.00795	0.44181	0.22369	0.11271	0.01412	0.01368	0.01018	0.00657	0.02662	0.00160	0.00476	0.00453	0.03602	0.00749
40	0.01013	0.01013	0.01388	0.01196	0.01205	0.02876	0.00993	0.01118	0.00726	0.01118	0.00646	0.01057	0.00639	0.00948	0.05696	0.00230	0.77019	0.00410	0.00207	0.00505
41	0.01151	0.01105	0.01888	0.02855	0.80748	0.01105	0.01428	0.01428	0.01059	0.01520	0.00875	0.01151	0.00737	0.00415	0.00461	0.00138	0.00553	0.00415	0.00230	0.00737
42	0.00567	0.00405	0.00540	0.00648	0.00675	0.00378	0.00432	0.00648	0.00891	0.01188	0.02564	0.83347	0.03077	0.01457	0.00594	0.00189	0.00270	0.01323	0.00432	0.00378
43	0.29096	0.00839	0.00957	0.00765	0.01100	0.00822	0.00631	0.03051	0.03297	0.52680	0.01449	0.01317	0.00947	0.00531	0.00411	0.00144	0.00385	0.00400	0.00480	0.00698
44	0.01232	0.80954	0.05315	0.00815	0.01224	0.01813	0.00830	0.01396	0.00947	0.01108	0.00654	0.00755	0.00597	0.00400	0.00304	0.00101	0.00504	0.00252	0.00199	0.00600
45	0.02842	0.01248	0.02703	0.01933	0.02400	0.01174	0.77463	0.01488	0.01092	0.01502	0.00935	0.01245	0.00702	0.00393	0.00544	0.00157	0.00776	0.00543	0.00236	0.00625
46	0.00658	0.00476	0.00622	0.00585	0.00695	0.00439	0.00439	0.00878	0.01317	0.01866	0.80503	0.03475	0.04390	0.00951	0.00549	0.00146	0.00219	0.00841	0.00512	0.00439
47	0.00575	0.00406	0.00537	0.00642	0.00671	0.00379	0.00429	0.00660	0.00893	0.01202	0.02536	0.81139	0.03026	0.01433	0.00587	0.00187	0.00268	0.01298	0.02753	0.00379
48	0.00610	0.00491	0.00595	0.00659	0.04835	0.00438	0.00446	0.00752	0.01085	0.01398	0.21733	0.20563	0.42433	0.01144	0.00554	0.00160	0.00256	0.00991	0.00440	0.00418
49	0.00972	0.00849	0.01058	0.00755	0.01172	0.00649	0.04648	0.01188	0.00972	0.01515	0.00833	0.00980	0.00690	0.00347	0.00355	0.00073	0.00367	0.00290	0.00274	0.82013
50	0.00566	0.00406	0.00538	0.00644	0.00674	0.00378	0.00430	0.00648	0.00894	0.01189	0.02606	0.81819	0.04578	0.01452	0.00593	0.00188	0.00269	0.01316	0.00432	0.00378
51	0.01712	0.06481	0.01377	0.01177	0.01425	0.77611	0.00894	0.01833	0.01299	0.01136	0.00715	0.00834	0.00599	0.00475	0.00413	0.00119	0.00821	0.00297	0.00238	0.00542
52	0.01174	0.01008	0.01062	0.00950	0.01216	0.01165	0.00740	0.04615	0.77738	0.01974	0.01872	0.01718	0.01403	0.00629	0.00473	0.00157	0.00372	0.00523	0.00473	0.00738
53	0.00665	0.00498	0.00748	0.00748	0.00831	0.00582	0.00582	0.00831	0.00748	0.01080	0.01246	0.01828	0.01163	0.03489	0.81807	0.00748	0.01246	0.00498	0.00249	0.00415
54	0.01164	0.01097	0.01961	0.01475	0.01847	0.01100	0.43809	0.04856	0.22675	0.05815	0.01291	0.01443	0.00967	0.00626	0.04352	0.00182	0.00640	0.00527	0.03518	0.00655
55	0.14267	0.01155	0.01137	0.00921	0.01240	0.10917	0.00744	0.31837	0.01555	0.24191	0.01280	0.05459	0.00950	0.00582	0.00439	0.00141	0.00481	0.00441	0.01572	0.00692
56	0.01098	0.01255	0.02745	0.01961	0.02431	0.01176	0.79059	0.01490	0.01098	0.01490	0.00941	0.01255	0.00706	0.00392	0.00549	0.00157	0.00784	0.00549	0.00235	0.00627
57	0.00677	0.00451	0.00507	0.00507	0.00507	0.00451	0.00282	0.00677	0.00677	0.00902	0.01466	0.03044	0.01691	0.83650	0.02368	0.00451	0.00451	0.00677	0.00282	0.00282
58	0.01037	0.00859	0.00979	0.00708	0.01115	0.02614	0.00566	0.01240	0.00991	0.05258	0.00872	0.00991	0.00709	0.00359	0.00352	0.00074	0.00359	0.00285	0.00289	0.80345
59	0.00933	0.02406	0.81240	0.01326	0.02014	0.01080	0.01719	0.01473	0.00982	0.01473	0.00835	0.00982	0.00589	0.00442	0.00442	0.00147	0.00688	0.00344	0.00196	0.00688
60	0.00812	0.00609	0.00791	0.00852	0.00986	0.00633	0.00725	0.01212	0.14405	0.01520	0.08044	0.04526	0.02590	0.01150	0.00607	0.00200	0.00403	0.59011	0.00442	0.00481
61	0.00983	0.00934	0.01584	0.51979	0.32939	0.01061	0.01344	0.01280	0.00980	0.01316	0.00845	0.01206	0.00665	0.00446	0.00463	0.00149	0.00594	0.00414	0.00216	0.00601
62	0.01151	0.01105	0.01888	0.02855	0.80748	0.01105	0.01428	0.01428	0.01059	0.01520	0.00875	0.01151	0.00737	0.00415	0.00461	0.00138	0.00553	0.00415	0.00230	0.00737
63	0.01151	0.01105	0.01888	0.02855	0.80748	0.01105	0.01428	0.01428	0.01059	0.01520	0.00875	0.01151	0.00737	0.00415	0.00461	0.00138	0.00553	0.00415	0.00230	0.00737
64	0.00570	0.00472	0.00499	0.00492	0.00640	0.00401	0.00369	0.00706	0.01107	0.01367	0.18456	0.04295	0.66748	0.01137	0.00550	0.00155	0.00233	0.00956	0.00447	0.00401
65	0.01165	0.63195	0.22481	0.00931	0.01402	0.01647	0.01031	0.01413	0.00955	0.01191	0.00695	0.00806	0.00595	0.00409	0.00335	0.00112	0.00546	0.00273	0.00198	0.00620
66	0.01151	0.01105	0.01888	0.02855	0.80748	0.01105	0.01428	0.01428	0.01059	0.01520	0.00875	0.01151	0.00737	0.00415	0.00461	0.00138	0.00553	0.00415	0.00230	0.00737
67	0.00879	0.00827	0.01395	0.82532	0.03204	0.01034	0.01292	0.01189	0.00930	0.01189	0.00827	0.01240	0.00620	0.00465	0.00465	0.00155	0.00620	0.00413	0.00207	0.00517
68	0.58793	0.01225	0.02709	0.00792	0.01091	0.15892	0.00651	0.11133	0.01066	0.02004	0.00723	0.00821	0.00559	0.00457	0.00338	0.00139	0.00474	0.00283	0.00299	0.00550
69	0.00879	0.00827	0.01395	0.82532	0.03204	0.01034	0.01292	0.01189	0.00930	0.01189	0.00827	0.01240	0.00620	0.00465	0.00465	0.00155	0.00620	0.00413	0.00207	0.00517
70	0.01151	0.01105	0.01888	0.02855	0.80748	0.01105	0.01428	0.01428	0.01059	0.01520	0.00875	0.01151	0.00737	0.00415	0.00461	0.00138	0.00553	0.00415	0.00230	0.00737
71	0.00574	0.00410	0.00548	0.00656	0.00685	0.00384	0.00444	0.00659	0.00897	0.01195	0.02560	0.80450	0.03062	0.01451	0.00596	0.00190	0.00276	0.04153	0.00432	0.00380
72	0.00645	0.00475	0.00604	0.00571	0.00687	0.00433	0.00429	0.00852	0.01286	0.01792	0.71335	0.03596	0.13604	0.00979	0.00549	0.00148	0.00221	0.00858	0.00502	0.00433
73	0.01244	0.83930	0.02438	0.00796	0.01194	0.01841	0.00796	0.01393	0.00945	0.01095	0.00647	0.00746	0.00597	0.00398	0.00299	0.00100	0.00498	0.00249	0.00199	0.00597
74	0.00666	0.00493	0.00720	0.00720	0.00793	0.00566	0.00547	0.00813	0.00739	0.01059	0.01272	0.01968	0.01224	0.12758	0.72621	0.00713	0.01154	0.00519	0.00253	0.00400
75	0.01244	0.83930	0.02438	0.00796	0.01194	0.01841	0.00796	0.01393	0.00945	0.01095	0.00647	0.00746	0.00597	0.00398	0.00299	0.00100	0.00498	0.00249	0.00199	0.00597
76	0.25006	0.01188	0.01214	0.00989	0.03239	0.01325	0.00794	0.56041	0.01779	0.02667	0.00983	0.01019	0.00711	0.00520	0.00417	0.00141	0.00471	0.00373	0.00411	0.00711
77	0.01095	0.01246	0.02696	0.01933	0.02386	0.01186	0.76164	0.01476	0.01084	0.01476	0.00929	0.01246	0.00702	0.00408	0.00585	0.00159	0.03827	0.00544	0.00234	0.00623
78	0.00879	0.00827	0.01395	0.82532	0.03204	0.01034	0.01292	0.01189	0.00930	0.01189	0.00827	0.01240	0.00620	0.00465	0.00465	0.00155	0.00620	0.00413	0.00207	0.00517
79	0.01018	0.01018	0.01425	0.01221	0.01221	0.01425	0.01018	0.01120	0.00712	0.01120	0.00611	0.01018	0.00611	0.00814	0.01527	0.00204	0.82799	0.00407	0.00204	0.00509
80	0.01757	0.01632	0.01368	0.01117	0.01441	0.30386	0.00890	0.51334	0.01874	0.02286	0.00974	0.01017	0.00722	0.00530	0.00449	0.00132	0.00630	0.00376	0.00384	0.00700
81	0.00752	0.00564	0.00612	0.00617	0.00656	0.04323	0.00406	0.02696	0.00805	0.01046	0.01588	0.08824	0.01781	0.57650	0.07557	0.00406	0.00512	0.08561	0.00308	0.00338
82	0.01098	0.01255	0.02745	0.01961	0.02431	0.01176	0.79059	0.01490	0.01098	0.01490	0.00941	0.01255	0.00706	0.00392	0.00549	0.00157	0.00784	0.00549	0.00235	0.00627
83	0.04714	0.01308	0.01259	0.01015	0.01341	0.14206	0.00817	0.46267	0.04650	0.13906	0.01238	0.05028	0.00934	0.00589	0.00458	0.00140	0.00526	0.00447	0.00438	0.00719
84	0.00639	0.00423	0.00565	0.00656	0.00699	0.00392	0.00444	0.00724	0.00911	0.04955	0.02530	0.79491	0.02986	0.01416	0.00588	0.00187	0.00276	0.01282	0.00439	0.00397
85	0.01107	0.01452	0.13564	0.01801	0.02283	0.04964	0.61845	0.01540	0.03853	0.01487	0.00949	0.01214	0.00710	0.00412	0.00525	0.00154	0.00759	0.00508	0.00238	0.00635
86	0.20444	0.00906	0.00917	0.00773	0.01045	0.07459	0.01937	0.05616	0.07836	0.27958	0.01395	0.03563	0.01020	0.00554	0.00402	0.00138	0.00397	0.00427	0.16592	0.00621
87	0.15127	0.01855	0.01202	0.01071	0.01329	0.58256	0.00819	0.08634	0.01313	0.02854	0.02991	0.00937	0.00717	0.00494	0.00407	0.00127	0.00709	0.00321	0.00281	0.00558

[dist]
# distance from previous block
# <min> <max>
0	6

[block]
# block no. 2 follows, 55 sequences, length 97
# corresponding to MSA columns:
# 380-457,461-479
name=unknown_C
#
# <colnr> <probs for GDERKNQSTAVLIFYWHMCP>
#	G	D	E	R	K	N	Q	S	T	A	V	L	I	F	Y	W	H	M	C	P
0	0.22427	0.00965	0.01012	0.00831	0.01150	0.08542	0.03952	0.01576	0.04083	0.19705	0.01216	0.01525	0.00974	0.00541	0.00410	0.00131	0.00435	0.08305	0.00365	0.21854
1	0.01141	0.01132	0.05189	0.08955	0.69635	0.01089	0.01413	0.01429	0.01052	0.03232	0.00891	0.01161	0.00731	0.00423	0.00460	0.00140	0.00560	0.00413	0.00235	0.00719
2	0.01063	0.01022	0.01760	0.28112	0.53594	0.01085	0.03908	0.01354	0.01020	0.01414	0.00862	0.01183	0.00699	0.00430	0.00465	0.00144	0.00582	0.00419	0.00223	0.00663
3	0.00942	0.00887	0.01498	0.56694	0.24872	0.01026	0.01294	0.01233	0.00965	0.01282	0.00914	0.04689	0.00757	0.00493	0.00469	0.00152	0.00586	0.00452	0.00223	0.00573
4	0.01257	0.76039	0.05711	0.00840	0.01242	0.06155	0.00841	0.01422	0.00967	0.01113	0.00659	0.00761	0.00597	0.00404	0.00311	0.00103	0.00524	0.00256	0.00201	0.00598
5	0.01032	0.32216	0.48930	0.01103	0.01656	0.01330	0.01326	0.01409	0.00965	0.01322	0.00839	0.04380	0.00697	0.00469	0.00396	0.00132	0.00600	0.00350	0.00207	0.00641
6	0.01016	0.00662	0.00820	0.00814	0.04269	0.02225	0.00587	0.01366	0.13631	0.15967	0.25618	0.21547	0.05200	0.00938	0.00530	0.00159	0.00320	0.03308	0.00476	0.00548
7	0.01112	0.01065	0.01804	0.06739	0.73481	0.01072	0.01376	0.01384	0.01053	0.01492	0.01035	0.01297	0.04108	0.00449	0.00465	0.00140	0.00543	0.00438	0.00238	0.00711
8	0.00627	0.00469	0.00587	0.00599	0.00706	0.00428	0.00452	0.00799	0.01157	0.01554	0.40726	0.17411	0.21978	0.01128	0.00567	0.00164	0.00255	0.09505	0.00470	0.00417
9	0.04359	0.00954	0.01069	0.00910	0.01193	0.01029	0.00733	0.22205	0.29535	0.16793	0.03231	0.04999	0.03128	0.00699	0.00486	0.00156	0.00406	0.06938	0.00478	0.00701
10	0.01072	0.01024	0.01745	0.26024	0.58200	0.01084	0.01388	0.01358	0.01022	0.01424	0.00861	0.01177	0.00703	0.00429	0.00462	0.00143	0.00572	0.00414	0.00223	0.00673
11	0.54839	0.00859	0.00834	0.00693	0.01009	0.00907	0.00572	0.01708	0.00996	0.31966	0.01097	0.01069	0.00749	0.00486	0.00356	0.00144	0.00373	0.00334	0.00397	0.00613
12	0.01006	0.00957	0.01626	0.45177	0.39560	0.01067	0.01356	0.01301	0.00991	0.01344	0.00849	0.01199	0.00675	0.00441	0.00463	0.00147	0.00589	0.00414	0.00218	0.00620
13	0.00948	0.06443	0.77338	0.01300	0.01973	0.01118	0.01673	0.01469	0.00980	0.01455	0.00826	0.00971	0.00590	0.00440	0.00435	0.00145	0.00678	0.00339	0.00197	0.00683
14	0.01055	0.01112	0.02114	0.01584	0.01946	0.03661	0.53102	0.05363	0.05305	0.01520	0.01307	0.16268	0.01200	0.00621	0.00546	0.00161	0.00652	0.01593	0.00298	0.00591
15	0.00575	0.00408	0.00538	0.00638	0.00663	0.00383	0.00421	0.00650	0.00876	0.01167	0.02486	0.77653	0.02979	0.07286	0.00720	0.00208	0.00283	0.01277	0.00421	0.00371
16	0.00951	0.11111	0.59148	0.01217	0.01788	0.01110	0.04404	0.01435	0.04314	0.01427	0.01014	0.08176	0.00847	0.00532	0.00445	0.00146	0.00620	0.00434	0.00230	0.00650
17	0.00935	0.04539	0.65648	0.01330	0.01943	0.01066	0.09447	0.01418	0.00987	0.01445	0.00954	0.06446	0.00766	0.00503	0.00459	0.00150	0.00664	0.00426	0.00216	0.00658
18	0.01966	0.00802	0.01067	0.00826	0.01169	0.00714	0.00679	0.07043	0.01385	0.70503	0.07368	0.01688	0.01358	0.00601	0.00473	0.00144	0.00391	0.00491	0.00564	0.00767
19	0.01118	0.01071	0.01828	0.12656	0.71210	0.01097	0.01411	0.01398	0.01043	0.01479	0.00869	0.01162	0.00723	0.00421	0.00461	0.00140	0.00561	0.00414	0.00227	0.00710
20	0.00911	0.00853	0.01427	0.76088	0.08087	0.01045	0.01294	0.02540	0.00960	0.01239	0.00835	0.01233	0.00630	0.00464	0.00465	0.00154	0.00614	0.00414	0.00213	0.00535
21	0.01157	0.01007	0.01111	0.01082	0.06850	0.01153	0.00785	0.02398	0.74317	0.01916	0.01821	0.01694	0.01372	0.00616	0.00472	0.00156	0.00381	0.00518	0.00456	0.00736
22	0.00665	0.00495	0.00731	0.00731	0.00808	0.00572	0.00560	0.00820	0.00743	0.01067	0.01262	0.01914	0.01200	0.09173	0.76174	0.00727	0.01190	0.00511	0.00252	0.00406
23	0.01002	0.20523	0.63728	0.01208	0.01831	0.01249	0.01514	0.01455	0.00974	0.01389	0.00793	0.00930	0.00591	0.00432	0.00410	0.00137	0.00645	0.00323	0.00197	0.00667
24	0.00826	0.00686	0.01089	0.00936	0.01134	0.00654	0.17100	0.01123	0.07940	0.04821	0.11939	0.22736	0.16239	0.00979	0.00555	0.00168	0.00395	0.08285	0.01898	0.00495
25	0.00569	0.00412	0.00539	0.00639	0.00677	0.00382	0.00432	0.00655	0.00906	0.01196	0.02715	0.76284	0.08564	0.01434	0.00592	0.00187	0.00270	0.02735	0.00432	0.00380
26	0.01738	0.02217	0.01318	0.01199	0.01438	0.81783	0.00899	0.01858	0.01318	0.01139	0.00719	0.00839	0.00599	0.00479	0.00419	0.00120	0.00839	0.00300	0.00240	0.00539
27	0.01616	0.01217	0.01303	0.01035	0.01379	0.01357	0.00843	0.58242	0.22175	0.03908	0.01328	0.01284	0.00959	0.00577	0.00467	0.00144	0.00473	0.00447	0.00469	0.00777
28	0.00933	0.02406	0.81240	0.01326	0.02014	0.01080	0.01719	0.01473	0.00982	0.01473	0.00835	0.00982	0.00589	0.00442	0.00442	0.00147	0.00688	0.00344	0.00196	0.00688
29	0.00567	0.00405	0.00540	0.00648	0.00675	0.00378	0.00432	0.00648	0.00891	0.01188	0.02564	0.83347	0.03077	0.01457	0.00594	0.00189	0.00270	0.01323	0.00432	0.00378
30	0.01018	0.01018	0.01425	0.01221	0.01221	0.01425	0.01018	0.01120	0.00712	0.01120	0.00611	0.01018	0.00611	0.00814	0.01527	0.00204	0.82799	0.00407	0.00204	0.00509
31	0.01224	0.78765	0.07431	0.00830	0.01246	0.01793	0.00854	0.01398	0.00948	0.01119	0.00659	0.00761	0.00597	0.00401	0.00308	0.00103	0.00510	0.00255	0.00199	0.00603
32	0.00958	0.08955	0.74910	0.01283	0.01948	0.01141	0.01645	0.01467	0.00979	0.01443	0.00820	0.00963	0.00590	0.00438	0.00430	0.00143	0.00672	0.00336	0.00197	0.00680
33	0.00566	0.00406	0.00538	0.00644	0.00674	0.00378	0.00430	0.00648	0.00894	0.01189	0.02607	0.81774	0.04622	0.01452	0.00593	0.00188	0.00269	0.01316	0.00432	0.00378
34	0.00965	0.00827	0.00965	0.00689	0.01102	0.00620	0.00551	0.01171	0.00965	0.01516	0.00827	0.00965	0.00689	0.00345	0.00345	0.00069	0.00345	0.00276	0.00276	0.86494
35	0.02087	0.00792	0.01080	0.00828	0.01188	0.00684	0.00684	0.02267	0.01332	0.81071	0.01835	0.01583	0.01152	0.00576	0.00468	0.00144	0.00396	0.00468	0.00576	0.00792
36	0.00567	0.00405	0.00540	0.00648	0.00675	0.00378	0.00432	0.00648	0.00891	0.01188	0.02564	0.83347	0.03077	0.01457	0.00594	0.00189	0.00270	0.01323	0.00432	0.00378
37	0.00722	0.00577	0.00833	0.00800	0.00862	0.00703	0.00622	0.00862	0.00735	0.01069	0.01166	0.01815	0.01126	0.10722	0.61436	0.00633	0.14154	0.00501	0.00245	0.00418
38	0.01237	0.61894	0.04566	0.00958	0.01316	0.07402	0.05812	0.01406	0.00958	0.01136	0.00672	0.00820	0.00605	0.00448	0.00455	0.00117	0.09113	0.00291	0.00205	0.00588
39	0.01768	0.01303	0.01396	0.01070	0.01443	0.01443	0.00884	0.79197	0.02187	0.02932	0.01117	0.01117	0.00791	0.00558	0.00465	0.00140	0.00512	0.00419	0.00465	0.00791
40	0.00879	0.00827	0.01395	0.82532	0.03204	0.01034	0.01292	0.01189	0.00930	0.01189	0.00827	0.01240	0.00620	0.00465	0.00465	0.00155	0.00620	0.00413	0.00207	0.00517
41	0.00640	0.00480	0.00566	0.00541	0.00676	0.00424	0.00407	0.00815	0.01206	0.03172	0.46166	0.03871	0.37267	0.01042	0.00548	0.00151	0.00230	0.00895	0.00479	0.00426
42	0.00663	0.00429	0.00574	0.00659	0.00707	0.00397	0.00448	0.00750	0.00919	0.06249	0.02518	0.78166	0.02955	0.01402	0.00586	0.00186	0.00278	0.01268	0.00441	0.00404
43	0.00677	0.00451	0.00507	0.00507	0.00507	0.00451	0.00282	0.00677	0.00677	0.00902	0.01466	0.03044	0.01691	0.83650	0.02368	0.00451	0.00451	0.00677	0.00282	0.00282
44	0.00604	0.00449	0.00639	0.00696	0.00743	0.00435	0.03143	0.00701	0.00866	0.01166	0.02273	0.65179	0.02668	0.07103	0.10711	0.00274	0.00420	0.01152	0.00393	0.00385
45	0.00651	0.00475	0.00611	0.00577	0.00690	0.00436	0.00433	0.00863	0.01299	0.01822	0.75129	0.03546	0.09791	0.00967	0.00549	0.00147	0.00221	0.00851	0.00506	0.00436
46	0.01295	0.01232	0.01127	0.01004	0.01265	0.15299	0.00779	0.07200	0.59737	0.01852	0.01615	0.01526	0.01221	0.00603	0.00483	0.00151	0.02005	0.00477	0.00427	0.00701
47	0.01714	0.02178	0.01322	0.01199	0.01431	0.79171	0.00903	0.01834	0.01299	0.01138	0.00716	0.00845	0.00600	0.00490	0.00455	0.00123	0.03503	0.00303	0.00239	0.00538
48	0.00567	0.00405	0.00540	0.00648	0.00675	0.00378	0.00432	0.00648	0.00891	0.01188	0.02564	0.83347	0.03077	0.01457	0.00594	0.00189	0.00270	0.01323	0.00432	0.00378
49	0.01098	0.01255	0.02745	0.01961	0.02431	0.01176	0.79059	0.01490	0.01098	0.01490	0.00941	0.01255	0.00706	0.00392	0.00549	0.00157	0.00784	0.00549	0.00235	0.00627
50	0.01185	0.01008	0.01069	0.00937	0.01218	0.01139	0.00733	0.07647	0.68974	0.01983	0.01765	0.01639	0.01325	0.00606	0.00464	0.00150	0.00376	0.00501	0.00459	0.06821
51	0.00576	0.00412	0.00554	0.00652	0.00683	0.00394	0.00440	0.00661	0.00877	0.01175	0.02450	0.76075	0.02915	0.03128	0.06386	0.00233	0.00342	0.01252	0.00416	0.00379
52	0.00677	0.00451	0.00507	0.00507	0.00507	0.00451	0.00282	0.00677	0.00677	0.00902	0.01466	0.03044	0.01691	0.83650	0.02368	0.00451	0.00451	0.00677	0.00282	0.00282
53	0.01961	0.01121	0.01189	0.00939	0.01284	0.12834	0.00762	0.20150	0.01529	0.51044	0.01503	0.01365	0.00986	0.00558	0.00460	0.00139	0.00488	0.00432	0.00500	0.00754
54	0.01918	0.00875	0.01106	0.00866	0.01212	0.00831	0.00709	0.12092	0.10522	0.60585	0.01745	0.01544	0.01137	0.00579	0.00466	0.00144	0.00404	0.00468	0.02017	0.00779
55	0.00933	0.02406	0.81240	0.01326	0.02014	0.01080	0.01719	0.01473	0.00982	0.01473	0.00835	0.00982	0.00589	0.00442	0.00442	0.00147	0.00688	0.00344	0.00196	0.00688
56	0.01137	0.01304	0.02502	0.01827	0.02239	0.07805	0.66055	0.01481	0.01087	0.01431	0.00927	0.02545	0.00729	0.00445	0.00605	0.00158	0.06347	0.00532	0.00237	0.00608
57	0.00701	0.00559	0.00730	0.00703	0.00815	0.02496	0.04005	0.00936	0.05149	0.01603	0.43831	0.28147	0.05061	0.01066	0.00557	0.00161	0.00287	0.02284	0.00463	0.00445
58	0.00677	0.00451	0.00507	0.00507	0.00507	0.00451	0.00282	0.00677	0.00677	0.00902	0.01466	0.03044	0.01691	0.83650	0.02368	0.00451	0.00451	0.00677	0.00282	0.00282
59	0.01018	0.01018	0.01425	0.01221	0.01221	0.01425	0.01018	0.01120	0.00712	0.01120	0.00611	0.01018	0.00611	0.00814	0.01527	0.00204	0.82799	0.00407	0.00204	0.00509
60	0.04684	0.01161	0.01168	0.00984	0.01260	0.10429	0.00787	0.21906	0.27069	0.13465	0.02384	0.01481	0.01101	0.01831	0.00565	0.00155	0.06309	0.02137	0.00430	0.00694
61	0.00939	0.02367	0.78542	0.01348	0.02028	0.01084	0.04377	0.01474	0.00986	0.01474	0.00839	0.00992	0.00593	0.00440	0.00446	0.00148	0.00691	0.00351	0.00198	0.00685
62	0.01438	0.01092	0.01169	0.00968	0.01275	0.01222	0.00776	0.35472	0.38957	0.05584	0.01592	0.01510	0.02503	0.00604	0.00466	0.00148	0.00424	0.00482	0.03573	0.00745
63	0.01868	0.01077	0.01281	0.00984	0.01344	0.01114	0.02103	0.42866	0.02963	0.35791	0.01419	0.01323	0.00948	0.00569	0.00488	0.00143	0.01989	0.00443	0.00503	0.00783
64	0.01151	0.01105	0.01888	0.02855	0.80748	0.01105	0.01428	0.01428	0.01059	0.01520	0.00875	0.01151	0.00737	0.00415	0.00461	0.00138	0.00553	0.00415	0.00230	0.00737
65	0.00641	0.00475	0.00598	0.00567	0.00685	0.00432	0.00426	0.00845	0.01277	0.01770	0.68606	0.03632	0.16346	0.00987	0.00549	0.00148	0.00222	0.00863	0.00500	0.00432
66	0.00669	0.00479	0.00651	0.00651	0.00701	0.00529	0.00462	0.00769	0.00719	0.01009	0.01334	0.02315	0.01375	0.35585	0.50000	0.00629	0.00928	0.00570	0.00262	0.00362
67	0.11397	0.01097	0.02564	0.00932	0.01284	0.01140	0.00777	0.41998	0.05810	0.23360	0.01413	0.01345	0.03625	0.00572	0.00449	0.00143	0.00450	0.00437	0.00469	0.00740
68	0.00939	0.02372	0.79263	0.01317	0.01994	0.01082	0.01695	0.01498	0.02929	0.01485	0.00861	0.01001	0.00610	0.00447	0.00443	0.00148	0.00680	0.00348	0.00203	0.00689
69	0.00591	0.00422	0.00568	0.00676	0.00714	0.00399	0.00475	0.00690	0.00915	0.01215	0.02551	0.72860	0.03023	0.01434	0.00600	0.00192	0.00291	0.11567	0.00431	0.00385
70	0.00973	0.02351	0.78485	0.01309	0.01985	0.01067	0.01683	0.01501	0.00994	0.04209	0.00869	0.01003	0.00609	0.00447	0.00443	0.00147	0.00678	0.00348	0.00209	0.00691
71	0.01954	0.03732	0.01151	0.00857	0.01205	0.02804	0.00707	0.11369	0.01411	0.63916	0.03153	0.03176	0.01175	0.00590	0.00465	0.00142	0.00418	0.00475	0.00537	0.00764
72	0.00557	0.00471	0.00483	0.00482	0.00634	0.00396	0.00360	0.00682	0.01075	0.01297	0.09837	0.05549	0.74259	0.01167	0.00550	0.00157	0.00235	0.00977	0.00437	0.00396
73	0.00754	0.00542	0.00674	0.00625	0.00763	0.00521	0.00474	0.01083	0.09708	0.04559	0.64707	0.03286	0.08668	0.00918	0.00538	0.00148	0.00242	0.00803	0.00505	0.00480
74	0.01244	0.83930	0.02438	0.00796	0.01194	0.01841	0.00796	0.01393	0.00945	0.01095	0.00647	0.00746	0.00597	0.00398	0.00299	0.00100	0.00498	0.00249	0.00199	0.00597
75	0.01134	0.01088	0.01857	0.07904	0.75835	0.01101	0.01419	0.01413	0.01051	0.01499	0.00872	0.01157	0.00730	0.00418	0.00461	0.00139	0.00557	0.00414	0.00229	0.00723
76	0.00567	0.00405	0.00540	0.00648	0.00675	0.00378	0.00432	0.00648	0.00891	0.01188	0.02564	0.83347	0.03077	0.01457	0.00594	0.00189	0.00270	0.01323	0.00432	0.00378
77	0.02014	0.00894	0.06159	0.00859	0.01240	0.00709	0.00749	0.02217	0.01309	0.76027	0.01772	0.01545	0.01116	0.00567	0.00466	0.00144	0.00414	0.00460	0.00552	0.00785
78	0.02976	0.01276	0.01097	0.00998	0.01249	0.20845	0.00772	0.02237	0.55829	0.01728	0.01606	0.01644	0.01254	0.00617	0.00464	0.00151	0.00486	0.03690	0.00411	0.00671
79	0.02701	0.49349	0.34350	0.01007	0.01521	0.01518	0.01165	0.01425	0.00957	0.01266	0.00723	0.00842	0.00592	0.00416	0.00356	0.00120	0.00572	0.00287	0.00200	0.00632
80	0.01476	0.01046	0.01128	0.00903	0.01194	0.01151	0.00735	0.54480	0.03664	0.02511	0.01233	0.01319	0.00922	0.00764	0.06202	0.00176	0.00495	0.00430	0.19485	0.00684
81	0.01093	0.01240	0.02661	0.01914	0.02355	0.01192	0.74114	0.01467	0.01074	0.01467	0.00920	0.01240	0.00700	0.00419	0.00611	0.00160	0.05981	0.00540	0.00233	0.00620
82	0.00929	0.00882	0.01471	0.64834	0.14676	0.01072	0.01293	0.01220	0.00934	0.01233	0.00819	0.01211	0.00637	0.00482	0.00540	0.00156	0.06437	0.00413	0.00210	0.00549
83	0.61217	0.01015	0.01212	0.00959	0.01293	0.02467	0.19249	0.03342	0.00919	0.03525	0.00754	0.00902	0.00574	0.00429	0.00360	0.00147	0.00474	0.00332	0.00285	0.00547
84	0.01753	0.01272	0.01372	0.01053	0.01424	0.01398	0.00869	0.73912	0.03498	0.05428	0.01149	0.01140	0.00812	0.00556	0.00463	0.00139	0.00503	0.00420	0.00466	0.02373
85	0.00771	0.00667	0.00853	0.00913	0.06530	0.06602	0.00651	0.00939	0.00832	0.01127	0.01401	0.01875	0.06122	0.02902	0.64881	0.00621	0.01103	0.00508	0.00259	0.00446
86	0.01267	0.01087	0.01141	0.01071	0.05721	0.06246	0.00797	0.17607	0.45912	0.01985	0.01628	0.01826	0.01304	0.04153	0.00560	0.00167	0.00445	0.05957	0.00432	0.00694
87	0.00705	0.00553	0.00752	0.00875	0.09297	0.00505	0.00553	0.00837	0.00958	0.01324	0.09661	0.45428	0.05133	0.06338	0.00654	0.00179	0.00321	0.03358	0.00387	0.12182
88	0.01112	0.01096	0.01672	0.21845	0.51907	0.06780	0.01312	0.01382	0.01043	0.01410	0.00882	0.01225	0.00736	0.00446	0.00458	0.00140	0.00579	0.01926	0.00231	0.03819
89	0.01176	0.01038	0.01709	0.06360	0.62825	0.01057	0.01290	0.04411	0.02444	0.05630	0.00975	0.01235	0.00797	0.00653	0.06230	0.00183	0.00592	0.00425	0.00261	0.00708
90	0.01150	0.01057	0.01021	0.00894	0.01109	0.17272	0.04151	0.06619	0.17265	0.05620	0.16043	0.04814	0.08117	0.06605	0.00635	0.00167	0.01436	0.02278	0.00398	0.03350
91	0.01358	0.01320	0.01177	0.01098	0.05273	0.24372	0.02502	0.11865	0.29535	0.03114	0.01405	0.07141	0.01150	0.00614	0.00457	0.00142	0.00525	0.00491	0.05820	0.00640
92	0.19987	0.02917	0.19601	0.00944	0.01316	0.09268	0.00908	0.13998	0.03935	0.06568	0.04876	0.03825	0.02532	0.00659	0.03511	0.00163	0.00535	0.00414	0.00329	0.03714
93	0.01448	0.01247	0.01264	0.01060	0.04106	0.15049	0.03128	0.26246	0.08670	0.07561	0.01172	0.02711	0.02346	0.00535	0.00477	0.00127	0.03426	0.00412	0.00370	0.18645
94	0.02730	0.01142	0.01490	0.02626	0.07126	0.08389	0.15869	0.18389	0.01321	0.06289	0.03623	0.01210	0.00871	0.01831	0.00474	0.00127	0.00531	0.00410	0.00327	0.25226
95	0.02828	0.01087	0.01287	0.01341	0.17852	0.07872	0.03405	0.22470	0.09171	0.04744	0.04212	0.08805	0.05961	0.00653	0.00477	0.00144	0.00478	0.01818	0.00378	0.05016
96	0.01158	0.00996	0.02399	0.00987	0.08564	0.07769	0.00710	0.11607	0.01188	0.06479	0.01342	0.09307	0.06090	0.00569	0.00425	0.00112	0.00423	0.00470	0.00336	0.39069

[dist]
# distance from previous block
# <min> <max>
14	356

[block]
# block no. 3 follows, 55 sequences, length 6
# corresponding to MSA columns:
# 932-937
name=unknown_D
#
# <colnr> <probs for GDERKNQSTAVLIFYWHMCP>
#	G	D	E	R	K	N	Q	S	T	A	V	L	I	F	Y	W	H	M	C	P
0	0.01124	0.05559	0.04704	0.00927	0.01131	0.15198	0.00757	0.13958	0.07251	0.01559	0.05770	0.16207	0.06141	0.01033	0.07233	0.00203	0.08043	0.02303	0.00352	0.00547
1	0.00953	0.00906	0.01071	0.01260	0.19309	0.12399	0.00785	0.01132	0.00960	0.01273	0.01344	0.10022	0.04720	0.01626	0.28573	0.00344	0.00759	0.00533	0.02891	0.09140
2	0.01020	0.28543	0.08651	0.01090	0.12221	0.01141	0.00850	0.01350	0.08942	0.01443	0.13319	0.08057	0.01494	0.00593	0.00419	0.00126	0.00432	0.00489	0.00306	0.09513
3	0.00994	0.00839	0.01070	0.00990	0.07537	0.00830	0.06651	0.15400	0.11922	0.01748	0.06351	0.06792	0.26490	0.00786	0.00498	0.00144	0.00384	0.00676	0.00400	0.09497
4	0.08140	0.00936	0.01109	0.01060	0.12547	0.00889	0.00727	0.15349	0.06922	0.01824	0.01339	0.01410	0.08766	0.00505	0.00408	0.00113	0.00397	0.00408	0.00334	0.36817
5	0.16264	0.00893	0.00943	0.09257	0.01238	0.07577	0.01940	0.09426	0.02832	0.05255	0.10878	0.13312	0.04519	0.02055	0.00479	0.00146	0.00417	0.00573	0.00362	0.11635

[dist]
# distance from previous block
# <min> <max>
1	31

[block]
# block no. 4 follows, 55 sequences, length 47
# corresponding to MSA columns:
# 969-1015
name=unknown_E
#
# <colnr> <probs for GDERKNQSTAVLIFYWHMCP>
#	G	D	E	R	K	N	Q	S	T	A	V	L	I	F	Y	W	H	M	C	P
