[name]
unknown

[dist]
# distance from previous block
# <min> <max>
4	328

[block]
# block no. 0 follows, 60 sequences, length 7
# corresponding to MSA columns:
# 341-347
name=unknown_A
#
# <colnr> <probs for GDERKNQSTAVLIFYWHMCP>
#	G	D	E	R	K	N	Q	S	T	A	V	L	I	F	Y	W	H	M	C	P
0	0.02698	0.00678	0.00738	0.00732	0.03485	0.04767	0.00517	0.08848	0.09611	0.05713	0.10298	0.24652	0.11927	0.10411	0.00681	0.00180	0.00338	0.00762	0.02495	0.00469
1	0.00810	0.02877	0.00750	0.04828	0.00876	0.00627	0.00515	0.08095	0.05435	0.04685	0.17088	0.15251	0.11524	0.13167	0.05478	0.00219	0.02564	0.01924	0.02846	0.00442
2	0.05060	0.00640	0.02525	0.00775	0.03085	0.00617	0.05927	0.04866	0.08497	0.04726	0.08397	0.28770	0.09045	0.08455	0.03074	0.00193	0.00363	0.00781	0.03745	0.00458
3	0.03575	0.02365	0.00941	0.03687	0.01024	0.00664	0.10316	0.03261	0.07871	0.05607	0.09581	0.12597	0.05314	0.10262	0.03375	0.00188	0.00396	0.02810	0.11007	0.05159
4	0.13143	0.00783	0.00882	0.02246	0.07298	0.02806	0.00627	0.15147	0.06903	0.04933	0.05314	0.16167	0.09189	0.03412	0.03595	0.00174	0.03335	0.00605	0.02920	0.00520
5	0.00833	0.04947	0.03294	0.00748	0.00862	0.00792	0.00597	0.05886	0.03149	0.02750	0.13823	0.10184	0.05974	0.17544	0.03443	0.00222	0.19552	0.00604	0.01885	0.02909
6	0.09817	0.00702	0.00716	0.00650	0.00812	0.06646	0.00498	0.04699	0.05505	0.06065	0.26426	0.06916	0.12220	0.03312	0.02389	0.02109	0.02675	0.00618	0.04228	0.02995

[dist]
# distance from previous block
# <min> <max>
0	2

[block]
# block no. 1 follows, 60 sequences, length 21
# corresponding to MSA columns:
# 350-370
name=unknown_B
#
# <colnr> <probs for GDERKNQSTAVLIFYWHMCP>
#	G	D	E	R	K	N	Q	S	T	A	V	L	I	F	Y	W	H	M	C	P
0	0.04735	0.00868	0.01997	0.00922	0.05009	0.04021	0.03756	0.13787	0.08150	0.27542	0.07907	0.09574	0.03828	0.00649	0.00479	0.00140	0.02887	0.00539	0.02594	0.00617
1	0.24382	0.03977	0.01073	0.04789	0.13158	0.00901	0.04198	0.08914	0.03427	0.08299	0.06864	0.06310	0.01105	0.03350	0.00500	0.02231	0.01587	0.00444	0.03950	0.00541
2	0.06855	0.00940	0.01041	0.00834	0.01135	0.00982	0.00674	0.34931	0.11697	0.16484	0.03160	0.06212	0.04097	0.00589	0.00429	0.00132	0.00391	0.00470	0.00427	0.08521
3	0.12180	0.13522	0.24758	0.01217	0.10561	0.02061	0.09657	0.04905	0.00986	0.04149	0.05586	0.04206	0.00894	0.00483	0.00433	0.00133	0.03034	0.00397	0.00253	0.00586
4	0.00754	0.04439	0.00927	0.00841	0.07171	0.01682	0.06921	0.03300	0.01123	0.01549	0.40632	0.10066	0.11159	0.00802	0.00483	0.00136	0.00310	0.00714	0.03267	0.03723
5	0.00853	0.00712	0.00809	0.01839	0.00936	0.03337	0.00531	0.06090	0.07652	0.01480	0.13739	0.20749	0.01782	0.02893	0.00499	0.00128	0.01986	0.00610	0.00350	0.33024
6	0.00878	0.00907	0.06113	0.38208	0.08884	0.00934	0.10935	0.04744	0.03350	0.01286	0.01203	0.08420	0.06000	0.00613	0.01837	0.00157	0.04251	0.00510	0.00249	0.00522
7	0.00775	0.00686	0.00727	0.00611	0.00854	0.05305	0.00466	0.00928	0.00963	0.01325	0.08732	0.13902	0.20900	0.00718	0.00424	0.00110	0.00305	0.00606	0.00332	0.41332
8	0.00852	0.00744	0.01216	0.67089	0.05606	0.00887	0.01091	0.01117	0.00913	0.04837	0.03552	0.02668	0.06614	0.00515	0.00446	0.00145	0.00527	0.00453	0.00237	0.00491
9	0.87753	0.00843	0.00641	0.00574	0.00843	0.00978	0.00472	0.01282	0.00742	0.01957	0.00607	0.00709	0.00472	0.00405	0.00270	0.00135	0.00337	0.00236	0.00270	0.00472
10	0.00578	0.00444	0.00529	0.00508	0.00628	0.00395	0.00381	0.00747	0.01142	0.01530	0.52090	0.03618	0.33883	0.00973	0.00515	0.00141	0.00212	0.00839	0.00451	0.00395
11	0.01253	0.05914	0.01214	0.00853	0.01218	0.03459	0.04283	0.27956	0.03283	0.05515	0.00926	0.00993	0.00708	0.00416	0.00378	0.00099	0.00420	0.00328	0.00329	0.40454
12	0.00710	0.00556	0.00637	0.00612	0.00760	0.01715	0.00446	0.00945	0.09319	0.03408	0.09715	0.32717	0.18527	0.03496	0.00540	0.00152	0.00279	0.00846	0.00389	0.14234
13	0.01481	0.01126	0.03738	0.01020	0.01341	0.04828	0.07875	0.41684	0.06323	0.14570	0.01251	0.01311	0.02991	0.01651	0.02993	0.00157	0.03272	0.01316	0.00399	0.00672
14	0.00981	0.00935	0.01602	0.24424	0.50151	0.00991	0.04769	0.01246	0.00957	0.01325	0.00906	0.01360	0.00779	0.00462	0.00466	0.00140	0.02040	0.05638	0.00222	0.00607
15	0.01587	0.00932	0.02302	0.03322	0.01191	0.09779	0.02393	0.09664	0.04809	0.45125	0.04643	0.09742	0.01267	0.00618	0.00450	0.00138	0.00427	0.00511	0.00452	0.00650
16	0.04814	0.01085	0.01279	0.00980	0.01327	0.03061	0.07825	0.42355	0.08343	0.11153	0.01106	0.01118	0.00794	0.00484	0.00421	0.00125	0.00460	0.00390	0.00394	0.12487
17	0.00542	0.00385	0.00509	0.00605	0.00630	0.00362	0.00404	0.00617	0.00828	0.01103	0.02341	0.77538	0.02799	0.06254	0.00656	0.00192	0.00267	0.03222	0.00397	0.00350
18	0.00623	0.00466	0.00693	0.00693	0.00768	0.00541	0.00535	0.00774	0.00699	0.01007	0.01176	0.01754	0.01108	0.06154	0.80085	0.00691	0.01142	0.00473	0.00235	0.00385
19	0.01262	0.17121	0.03297	0.05219	0.02276	0.04598	0.08619	0.15525	0.01203	0.14947	0.04854	0.02525	0.05116	0.01974	0.00440	0.00126	0.00461	0.00422	0.00332	0.09682
20	0.01080	0.02840	0.01003	0.00733	0.01089	0.05540	0.00588	0.11774	0.03006	0.04157	0.00905	0.03470	0.00750	0.00403	0.00355	0.00085	0.00374	0.00318	0.00296	0.61236

[dist]
# distance from previous block
# <min> <max>
3	6

[block]
# block no. 2 follows, 60 sequences, length 72
# corresponding to MSA columns:
# 381-414,416-453
name=unknown_C
#
# <colnr> <probs for GDERKNQSTAVLIFYWHMCP>
#	G	D	E	R	K	N	Q	S	T	A	V	L	I	F	Y	W	H	M	C	P
0	0.00653	0.00416	0.00490	0.00490	0.00490	0.00416	0.00282	0.00624	0.00624	0.00832	0.01278	0.02617	0.01457	0.71747	0.02140	0.13928	0.00416	0.00595	0.00253	0.00253
1	0.00957	0.01155	0.18433	0.01070	0.04242	0.00943	0.09380	0.04151	0.34115	0.01636	0.11666	0.04998	0.01491	0.02182	0.00494	0.00150	0.00442	0.01531	0.00355	0.00610
2	0.00813	0.00407	0.00407	0.00407	0.00508	0.00407	0.00305	0.01016	0.00915	0.01626	0.01423	0.01626	0.01118	0.00508	0.00305	0.00102	0.00203	0.00407	0.87093	0.00407
3	0.00570	0.00396	0.00495	0.00557	0.00573	0.00380	0.00352	0.00618	0.00759	0.01012	0.02014	0.53481	0.02392	0.32945	0.01187	0.00270	0.00317	0.01010	0.00352	0.00320
4	0.01145	0.81648	0.02224	0.00745	0.01106	0.01680	0.00738	0.01285	0.00879	0.01026	0.00628	0.00739	0.00580	0.00486	0.03497	0.00117	0.00494	0.00242	0.00188	0.00553
5	0.76308	0.00984	0.02395	0.00645	0.00922	0.07616	0.00537	0.03797	0.00827	0.01898	0.00630	0.00730	0.00490	0.00412	0.00288	0.00133	0.00384	0.00246	0.00270	0.00487
6	0.01447	0.01150	0.01258	0.01134	0.09135	0.04406	0.00836	0.51686	0.16970	0.02314	0.01202	0.04397	0.00926	0.00553	0.00440	0.00135	0.00461	0.00440	0.00407	0.00703
7	0.00828	0.03974	0.01125	0.14448	0.23686	0.00761	0.01855	0.02745	0.02928	0.02298	0.05594	0.25219	0.05915	0.02424	0.02811	0.00169	0.00429	0.01978	0.00307	0.00505
8	0.00971	0.00805	0.00907	0.04107	0.03419	0.00893	0.00649	0.09537	0.43985	0.01686	0.04453	0.14560	0.08762	0.02612	0.00508	0.00156	0.00345	0.00641	0.00414	0.00589
9	0.00524	0.00438	0.00457	0.00461	0.00597	0.00370	0.00342	0.00639	0.01001	0.01216	0.09943	0.09678	0.70625	0.01107	0.00518	0.00149	0.00222	0.00933	0.00410	0.00370
10	0.00946	0.04091	0.01097	0.06649	0.10280	0.00743	0.00684	0.03196	0.02281	0.01414	0.00821	0.02323	0.00693	0.00375	0.00371	0.00086	0.01921	0.00307	0.00255	0.61469
11	0.00646	0.00450	0.00548	0.02071	0.00586	0.00475	0.00343	0.00672	0.00651	0.00882	0.01325	0.04306	0.01489	0.67453	0.12091	0.01732	0.03122	0.00610	0.00259	0.00291
12	0.01291	0.03680	0.03868	0.00990	0.04336	0.06521	0.00783	0.29784	0.22540	0.05574	0.05454	0.06416	0.01216	0.00615	0.00479	0.00140	0.03372	0.01901	0.00395	0.00646
13	0.00917	0.00872	0.01489	0.10230	0.04016	0.03762	0.25850	0.02243	0.00887	0.03194	0.01003	0.02752	0.00888	0.03965	0.19539	0.03043	0.11099	0.03524	0.00238	0.00490
14	0.00592	0.00441	0.00551	0.00531	0.00638	0.00400	0.00395	0.00772	0.01165	0.01601	0.62062	0.07979	0.19341	0.00960	0.00517	0.00141	0.00211	0.00840	0.00461	0.00400
15	0.01629	0.02079	0.01236	0.01124	0.01348	0.82921	0.00843	0.01742	0.01236	0.01067	0.00674	0.00787	0.00562	0.00449	0.00393	0.00112	0.00787	0.00281	0.00225	0.00506
16	0.01166	0.84935	0.02285	0.00746	0.01119	0.01726	0.00746	0.01306	0.00886	0.01026	0.00606	0.00700	0.00560	0.00373	0.00280	0.00093	0.00466	0.00233	0.00187	0.00560
17	0.01194	0.76904	0.04029	0.00786	0.01154	0.07738	0.00773	0.01340	0.00913	0.01037	0.00615	0.00711	0.00560	0.00380	0.00291	0.00096	0.00494	0.00239	0.00189	0.00558
18	0.00625	0.00460	0.00664	0.00664	0.00729	0.00525	0.00499	0.00755	0.00690	0.00985	0.01202	0.01901	0.01172	0.16665	0.69661	0.00655	0.01046	0.00495	0.00239	0.00369
19	0.00813	0.00407	0.00407	0.00407	0.00508	0.00407	0.00305	0.01016	0.00915	0.01626	0.01423	0.01626	0.01118	0.00508	0.00305	0.00102	0.00203	0.00407	0.87093	0.00407
20	0.01166	0.84935	0.02285	0.00746	0.01119	0.01726	0.00746	0.01306	0.00886	0.01026	0.00606	0.00700	0.00560	0.00373	0.00280	0.00093	0.00466	0.00233	0.00187	0.00560
21	0.00813	0.00407	0.00407	0.00407	0.00508	0.00407	0.00305	0.01016	0.00915	0.01626	0.01423	0.01626	0.01118	0.00508	0.00305	0.00102	0.00203	0.00407	0.87093	0.00407
22	0.12587	0.03953	0.07899	0.00854	0.01176	0.01939	0.09294	0.03628	0.01002	0.24913	0.01186	0.05520	0.00954	0.09373	0.00593	0.00156	0.00434	0.00434	0.00341	0.13765
23	0.01166	0.84935	0.02285	0.00746	0.01119	0.01726	0.00746	0.01306	0.00886	0.01026	0.00606	0.00700	0.00560	0.00373	0.00280	0.00093	0.00466	0.00233	0.00187	0.00560
24	0.73960	0.00852	0.00716	0.00618	0.00899	0.00962	0.00509	0.05526	0.00866	0.10683	0.00751	0.00810	0.00552	0.00426	0.00297	0.00135	0.00349	0.00266	0.00308	0.00516
25	0.01658	0.01222	0.01309	0.01003	0.01353	0.01353	0.00829	0.80497	0.02051	0.02749	0.01047	0.01047	0.00742	0.00524	0.00436	0.00131	0.00480	0.00393	0.00436	0.00742
26	0.01166	0.84935	0.02285	0.00746	0.01119	0.01726	0.00746	0.01306	0.00886	0.01026	0.00606	0.00700	0.00560	0.00373	0.00280	0.00093	0.00466	0.00233	0.00187	0.00560
27	0.00875	0.02256	0.82413	0.01243	0.01888	0.01013	0.01611	0.01381	0.00921	0.01381	0.00783	0.00921	0.00552	0.00414	0.00414	0.00138	0.00645	0.00322	0.00184	0.00645
28	0.00904	0.00775	0.00904	0.00646	0.01034	0.00581	0.00517	0.01098	0.00904	0.01421	0.00775	0.00904	0.00646	0.00323	0.00323	0.00065	0.00323	0.00258	0.00258	0.87339
29	0.85850	0.00841	0.00649	0.00578	0.00849	0.00971	0.00476	0.01301	0.00753	0.03738	0.00632	0.00726	0.00486	0.00408	0.00274	0.00135	0.00338	0.00241	0.00276	0.00478
30	0.01085	0.00937	0.00986	0.00888	0.01134	0.01085	0.00690	0.02318	0.81164	0.01824	0.01775	0.01627	0.01331	0.00592	0.00444	0.00148	0.00345	0.00493	0.00444	0.00690
31	0.01632	0.01051	0.01186	0.00906	0.01255	0.01090	0.00746	0.51336	0.03089	0.21502	0.01189	0.01145	0.00821	0.00505	0.00424	0.00124	0.00434	0.00390	0.00441	0.10735
32	0.01957	0.00742	0.01012	0.00776	0.01113	0.00641	0.00641	0.02126	0.01248	0.82254	0.01721	0.01484	0.01080	0.00540	0.00439	0.00135	0.00371	0.00439	0.00540	0.00742
33	0.00813	0.00407	0.00407	0.00407	0.00508	0.00407	0.00305	0.01016	0.00915	0.01626	0.01423	0.01626	0.01118	0.00508	0.00305	0.00102	0.00203	0.00407	0.87093	0.00407
34	0.03748	0.00765	0.00912	0.00723	0.01022	0.00688	0.02051	0.08755	0.08076	0.12695	0.05831	0.10241	0.03775	0.00567	0.00404	0.00110	0.00337	0.00476	0.00362	0.38462
35	0.01521	0.03517	0.01361	0.01184	0.03108	0.61827	0.05552	0.07751	0.01229	0.01223	0.00709	0.00848	0.00585	0.00473	0.00486	0.00122	0.07424	0.00313	0.00237	0.00532
36	0.82946	0.00850	0.00669	0.00590	0.00864	0.00977	0.00486	0.03265	0.00790	0.04486	0.00653	0.00741	0.00498	0.00412	0.00279	0.00135	0.00342	0.00246	0.00282	0.00487
37	0.00936	0.00764	0.01018	0.03784	0.04020	0.00806	0.07481	0.16020	0.12574	0.01670	0.17545	0.04804	0.10481	0.04383	0.06314	0.01695	0.01810	0.02996	0.00376	0.00524
38	0.00634	0.00423	0.00476	0.00476	0.00476	0.00423	0.00264	0.00634	0.00634	0.00846	0.01374	0.02854	0.01586	0.84672	0.02220	0.00423	0.00423	0.00634	0.00264	0.00264
39	0.00827	0.00771	0.01003	0.00911	0.00957	0.05376	0.00729	0.00945	0.00711	0.01022	0.00885	0.01388	0.00857	0.06724	0.37088	0.00423	0.38310	0.00428	0.00216	0.00428
40	0.00813	0.00407	0.00407	0.00407	0.00508	0.00407	0.00305	0.01016	0.00915	0.01626	0.01423	0.01626	0.01118	0.00508	0.00305	0.00102	0.00203	0.00407	0.87093	0.00407
41	0.01194	0.03786	0.19148	0.07430	0.03135	0.01071	0.07616	0.01733	0.26233	0.05817	0.04916	0.01877	0.05640	0.01968	0.00582	0.00184	0.02385	0.02039	0.00393	0.02852
42	0.01597	0.02025	0.01211	0.01103	0.01320	0.80260	0.00824	0.01706	0.01217	0.01060	0.00697	0.00853	0.00595	0.03167	0.00452	0.00122	0.00775	0.00292	0.00226	0.00498
43	0.01466	0.02892	0.01087	0.03952	0.07738	0.03943	0.02336	0.07644	0.03439	0.40630	0.09607	0.04304	0.03209	0.03218	0.00500	0.00143	0.00401	0.00496	0.00434	0.02562
44	0.84976	0.00856	0.00663	0.00587	0.00860	0.00990	0.00484	0.03838	0.00784	0.01982	0.00621	0.00719	0.00481	0.00409	0.00275	0.00135	0.00342	0.00241	0.00275	0.00481
45	0.00854	0.00795	0.01100	0.00965	0.00991	0.01056	0.00779	0.00950	0.00677	0.01028	0.00786	0.01332	0.00797	0.12190	0.15467	0.00305	0.56056	0.00426	0.00210	0.03236
46	0.00948	0.00961	0.04561	0.25598	0.33372	0.00965	0.09648	0.01287	0.06226	0.01328	0.01024	0.01297	0.03711	0.01813	0.02507	0.00155	0.00550	0.00427	0.00233	0.03388
47	0.06401	0.00876	0.01082	0.00798	0.01169	0.00777	0.05933	0.14507	0.01138	0.11998	0.00938	0.01009	0.00708	0.00392	0.00366	0.00094	0.00384	0.00320	0.00322	0.50788
48	0.00908	0.00873	0.06779	0.10705	0.03138	0.00805	0.19816	0.06036	0.02569	0.05926	0.08378	0.18414	0.04371	0.00821	0.03736	0.00174	0.03383	0.02331	0.00320	0.00516
49	0.01038	0.14817	0.01106	0.00814	0.00994	0.25525	0.00643	0.01235	0.06043	0.01105	0.03594	0.02587	0.05373	0.06463	0.26446	0.00319	0.00749	0.00429	0.00257	0.00463
50	0.00529	0.00435	0.00466	0.00474	0.00602	0.00371	0.00349	0.00646	0.01001	0.01234	0.12820	0.14081	0.63255	0.01113	0.00520	0.00150	0.00223	0.00946	0.00413	0.00371
51	0.00993	0.00801	0.00986	0.02625	0.01133	0.00636	0.03046	0.03818	0.00966	0.06210	0.00843	0.00958	0.00674	0.00346	0.00342	0.00075	0.00350	0.00284	0.00278	0.74634
52	0.01656	0.01206	0.01297	0.00997	0.01344	0.01332	0.00823	0.77492	0.03271	0.04541	0.01074	0.01066	0.00759	0.00525	0.00436	0.00131	0.00475	0.00395	0.00439	0.00741
53	0.04926	0.01158	0.01225	0.00963	0.01289	0.02377	0.00789	0.64370	0.10124	0.04243	0.01118	0.01118	0.00807	0.00602	0.02725	0.00149	0.00481	0.00399	0.00424	0.00713
54	0.00793	0.00648	0.01077	0.53466	0.02157	0.00768	0.02553	0.00935	0.00785	0.01017	0.00860	0.05690	0.00758	0.00797	0.00811	0.25345	0.00508	0.00434	0.00204	0.00394
55	0.00615	0.00446	0.00580	0.00547	0.00650	0.00411	0.00410	0.00819	0.01230	0.01738	0.80193	0.03276	0.05651	0.00896	0.00514	0.00137	0.00206	0.00791	0.00479	0.00411
56	0.01592	0.02022	0.01320	0.01169	0.01407	0.77778	0.05842	0.01720	0.01223	0.01088	0.00687	0.00811	0.00568	0.00444	0.00401	0.00115	0.00783	0.00296	0.00224	0.00511
57	0.01166	0.84935	0.02285	0.00746	0.01119	0.01726	0.00746	0.01306	0.00886	0.01026	0.00606	0.00700	0.00560	0.00373	0.00280	0.00093	0.00466	0.00233	0.00187	0.00560
58	0.81444	0.00885	0.01941	0.00602	0.00880	0.02503	0.00504	0.01325	0.00774	0.05056	0.00655	0.00743	0.00499	0.00411	0.00281	0.00135	0.00352	0.00246	0.00278	0.00486
59	0.00565	0.00443	0.00507	0.00493	0.00614	0.00392	0.00366	0.00711	0.01075	0.01400	0.36515	0.03704	0.44614	0.04404	0.02136	0.00165	0.00241	0.00845	0.00428	0.00383
60	0.00813	0.00407	0.00407	0.00407	0.00508	0.00407	0.00305	0.01016	0.00915	0.01626	0.01423	0.01626	0.01118	0.00508	0.00305	0.00102	0.00203	0.00407	0.87093	0.00407
61	0.01166	0.84935	0.02285	0.00746	0.01119	0.01726	0.00746	0.01306	0.00886	0.01026	0.00606	0.00700	0.00560	0.00373	0.00280	0.00093	0.00466	0.00233	0.00187	0.00560
62	0.00813	0.00407	0.00407	0.00407	0.00508	0.00407	0.00305	0.01016	0.00915	0.01626	0.01423	0.01626	0.01118	0.00508	0.00305	0.00102	0.00203	0.00407	0.87093	0.00407
63	0.00813	0.00407	0.00407	0.00407	0.00508	0.00407	0.00305	0.01016	0.00915	0.01626	0.01423	0.01626	0.01118	0.00508	0.00305	0.00102	0.00203	0.00407	0.87093	0.00407
64	0.01166	0.84935	0.02285	0.00746	0.01119	0.01726	0.00746	0.01306	0.00886	0.01026	0.00606	0.00700	0.00560	0.00373	0.00280	0.00093	0.00466	0.00233	0.00187	0.00560
65	0.50869	0.00820	0.00798	0.00672	0.00961	0.00879	0.00550	0.01663	0.09059	0.28243	0.01090	0.01056	0.00758	0.00468	0.00343	0.00136	0.00349	0.00329	0.00376	0.00583
66	0.01537	0.01176	0.01240	0.00981	0.01306	0.02627	0.00800	0.62742	0.18705	0.02527	0.01194	0.01165	0.00863	0.00537	0.00437	0.00134	0.00457	0.00412	0.00434	0.00727
67	0.01166	0.84935	0.02285	0.00746	0.01119	0.01726	0.00746	0.01306	0.00886	0.01026	0.00606	0.00700	0.00560	0.00373	0.00280	0.00093	0.00466	0.00233	0.00187	0.00560
68	0.00875	0.02256	0.82413	0.01243	0.01888	0.01013	0.01611	0.01381	0.00921	0.01381	0.00783	0.00921	0.00552	0.00414	0.00414	0.00138	0.00645	0.00322	0.00184	0.00645
69	0.00674	0.00490	0.00708	0.00697	0.00778	0.00560	0.00536	0.04063	0.00749	0.01065	0.01166	0.03453	0.01102	0.04727	0.70411	0.06664	0.01050	0.00478	0.00243	0.00387
70	0.05511	0.06789	0.04470	0.00946	0.07376	0.03474	0.02356	0.06641	0.02632	0.32408	0.05139	0.07832	0.01323	0.04657	0.00528	0.00153	0.00415	0.06344	0.00400	0.00604
71	0.04623	0.05717	0.02487	0.00993	0.03934	0.07169	0.01734	0.43241	0.10779	0.07133	0.04051	0.01216	0.00936	0.02089	0.01811	0.00145	0.00481	0.00405	0.00390	0.00667

[dist]
# distance from previous block
# <min> <max>
1	5

[block]
# block no. 3 follows, 60 sequences, length 91
# corresponding to MSA columns:
# 464-543,545-555
name=unknown_D
#
# <colnr> <probs for GDERKNQSTAVLIFYWHMCP>
#	G	D	E	R	K	N	Q	S	T	A	V	L	I	F	Y	W	H	M	C	P
0	0.06549	0.02326	0.07699	0.02788	0.17740	0.14394	0.05454	0.07606	0.16246	0.03602	0.01168	0.01307	0.04144	0.00513	0.00464	0.00136	0.03802	0.01963	0.00297	0.01802
1	0.00813	0.00407	0.00407	0.00407	0.00508	0.00407	0.00305	0.01016	0.00915	0.01626	0.01423	0.01626	0.01118	0.00508	0.00305	0.00102	0.00203	0.00407	0.87093	0.00407
2	0.01032	0.03846	0.03737	0.05120	0.02060	0.00773	0.04232	0.11350	0.09032	0.10639	0.20586	0.05560	0.05975	0.03774	0.00516	0.00141	0.00368	0.00558	0.00387	0.10313
3	0.01514	0.22776	0.01498	0.01029	0.01291	0.62639	0.00819	0.01633	0.01149	0.01057	0.00657	0.00765	0.00561	0.00430	0.00365	0.00108	0.00707	0.00269	0.00215	0.00519
4	0.01304	0.03302	0.01082	0.00950	0.01177	0.42009	0.00727	0.04170	0.26138	0.01390	0.04409	0.01480	0.08871	0.00575	0.00424	0.00128	0.00556	0.00431	0.00326	0.00555
5	0.00813	0.00407	0.00407	0.00407	0.00508	0.00407	0.00305	0.01016	0.00915	0.01626	0.01423	0.01626	0.01118	0.00508	0.00305	0.00102	0.00203	0.00407	0.87093	0.00407
6	0.02301	0.07835	0.15366	0.01073	0.05600	0.12269	0.03965	0.07787	0.01015	0.02732	0.01284	0.11829	0.07807	0.00724	0.02376	0.00157	0.14570	0.00508	0.00270	0.00532
7	0.00946	0.06177	0.61576	0.03021	0.04728	0.00986	0.02821	0.01371	0.00949	0.06447	0.02521	0.03177	0.02444	0.00467	0.00420	0.00137	0.00586	0.00377	0.00225	0.00626
8	0.00562	0.00450	0.02337	0.00667	0.00722	0.00398	0.02850	0.00662	0.00851	0.01137	0.02319	0.76273	0.02750	0.01308	0.00555	0.00177	0.00283	0.04937	0.00394	0.00370
9	0.81541	0.00843	0.00672	0.00591	0.00866	0.00964	0.00487	0.02391	0.00790	0.06705	0.00679	0.00759	0.00512	0.00414	0.00282	0.00135	0.00341	0.00250	0.00288	0.00492
10	0.01054	0.04040	0.01447	0.36464	0.27253	0.00971	0.03078	0.04372	0.00993	0.09536	0.00962	0.04258	0.00771	0.00530	0.02320	0.00151	0.00537	0.00424	0.00255	0.00584
11	0.01207	0.01548	0.41701	0.01043	0.01512	0.00920	0.02937	0.11997	0.01161	0.20473	0.04271	0.01346	0.05364	0.00520	0.00453	0.00138	0.02016	0.00415	0.00325	0.00652
12	0.01748	0.08155	0.11733	0.00834	0.01215	0.00782	0.00777	0.01958	0.01175	0.64750	0.01503	0.01344	0.00966	0.00509	0.00422	0.00132	0.00415	0.00406	0.00463	0.00714
13	0.00892	0.00814	0.04156	0.57087	0.09982	0.00893	0.02687	0.01150	0.00899	0.05528	0.00969	0.06294	0.00812	0.00547	0.00491	0.03130	0.00538	0.02391	0.00232	0.00505
14	0.00962	0.01074	0.24733	0.06124	0.06331	0.00689	0.00912	0.01217	0.00983	0.16720	0.05343	0.23062	0.07262	0.00768	0.00473	0.00149	0.00425	0.01883	0.00344	0.00547
15	0.01026	0.01676	0.47332	0.08354	0.06963	0.02748	0.08632	0.01420	0.00989	0.10854	0.03764	0.01177	0.02191	0.00454	0.00434	0.00138	0.00588	0.00389	0.00247	0.00624
16	0.01550	0.00950	0.08256	0.08680	0.04389	0.00797	0.11935	0.01830	0.04159	0.49662	0.01399	0.01357	0.00926	0.00525	0.01430	0.00145	0.00479	0.00435	0.00414	0.00681
17	0.03368	0.01276	0.20943	0.12488	0.11921	0.00978	0.29903	0.01324	0.00967	0.05140	0.00975	0.06934	0.00799	0.00469	0.00463	0.00144	0.00605	0.00476	0.00237	0.00588
18	0.01037	0.01041	0.03365	0.30895	0.29452	0.03882	0.14228	0.07130	0.01037	0.01390	0.00822	0.01107	0.00642	0.00420	0.00459	0.00139	0.01732	0.00404	0.00224	0.00595
19	0.01062	0.02416	0.03217	0.08718	0.06211	0.03808	0.12289	0.01260	0.01016	0.18996	0.07499	0.17666	0.03161	0.00841	0.03581	0.02089	0.00470	0.04816	0.00354	0.00528
20	0.01690	0.01011	0.13238	0.00903	0.01287	0.00758	0.04610	0.06039	0.02644	0.59043	0.01563	0.01422	0.02653	0.00525	0.00440	0.00136	0.00431	0.00434	0.00462	0.00712
21	0.00917	0.09284	0.57287	0.01318	0.06908	0.01054	0.09339	0.01343	0.00943	0.01359	0.02620	0.01140	0.00725	0.00445	0.00423	0.00137	0.00611	0.03322	0.00205	0.00620
22	0.00564	0.00445	0.01779	0.00644	0.00710	0.00398	0.02142	0.00670	0.00878	0.01152	0.02578	0.63136	0.12199	0.01282	0.00554	0.00175	0.00281	0.09644	0.00397	0.00370
23	0.01008	0.00636	0.00868	0.00764	0.00906	0.00665	0.03627	0.02405	0.03818	0.20096	0.07906	0.16359	0.09166	0.10281	0.05863	0.00220	0.12860	0.01685	0.00379	0.00489
24	0.01067	0.01086	0.05289	0.17709	0.48732	0.04685	0.04236	0.06241	0.01045	0.01425	0.00874	0.01216	0.00726	0.00439	0.00440	0.00135	0.00549	0.03242	0.00231	0.00630
25	0.01250	0.02970	0.19938	0.08985	0.05781	0.02363	0.11342	0.03211	0.02309	0.25859	0.02145	0.04296	0.00939	0.00529	0.00485	0.00142	0.03622	0.02880	0.00328	0.00626
26	0.87753	0.00843	0.00641	0.00574	0.00843	0.00978	0.00472	0.01282	0.00742	0.01957	0.00607	0.00709	0.00472	0.00405	0.00270	0.00135	0.00337	0.00236	0.00270	0.00472
27	0.05574	0.01470	0.01290	0.01252	0.12236	0.35218	0.02277	0.20185	0.02885	0.07488	0.00889	0.01003	0.00691	0.02048	0.00481	0.00132	0.03629	0.00350	0.00302	0.00601
28	0.01077	0.01338	0.20021	0.01677	0.22112	0.04074	0.21444	0.04078	0.02738	0.05957	0.00948	0.03423	0.00760	0.00507	0.01654	0.00150	0.05988	0.01187	0.00246	0.00622
29	0.00638	0.00503	0.00668	0.02220	0.09699	0.00468	0.00532	0.00769	0.00946	0.02721	0.04598	0.32276	0.31692	0.01103	0.00527	0.00161	0.00293	0.09388	0.00384	0.00412
30	0.00834	0.00782	0.01318	0.77600	0.06986	0.00962	0.01206	0.01121	0.00881	0.01135	0.00813	0.01244	0.00631	0.00451	0.00440	0.00146	0.00574	0.02184	0.00200	0.00493
31	0.01022	0.03868	0.02745	0.02765	0.04229	0.00670	0.07151	0.07531	0.01081	0.17864	0.06766	0.32536	0.05976	0.00883	0.00495	0.00152	0.00369	0.02977	0.00399	0.00520
32	0.00947	0.07636	0.51506	0.01309	0.01844	0.01076	0.19213	0.04186	0.00976	0.01394	0.00859	0.04074	0.00672	0.00446	0.00451	0.00139	0.02050	0.00397	0.00210	0.00616
33	0.00631	0.00452	0.00606	0.00685	0.00748	0.00447	0.00526	0.02226	0.00903	0.01194	0.02224	0.40533	0.03649	0.06861	0.06020	0.00235	0.00384	0.30917	0.00384	0.00376
34	0.00863	0.00610	0.00677	0.00598	0.00783	0.00587	0.00468	0.16113	0.01258	0.06828	0.19398	0.04272	0.39719	0.00894	0.00488	0.00141	0.00279	0.01680	0.03871	0.00475
35	0.03288	0.03124	0.17038	0.03577	0.04455	0.01935	0.17720	0.07743	0.07557	0.25463	0.01251	0.01280	0.02557	0.00478	0.00444	0.00138	0.00521	0.00429	0.00346	0.00656
36	0.01064	0.00996	0.05839	0.23038	0.41708	0.00981	0.03987	0.01362	0.03182	0.08217	0.00943	0.01238	0.00748	0.00449	0.00463	0.00139	0.02433	0.02345	0.00247	0.00624
37	0.83998	0.00847	0.00662	0.00586	0.00859	0.00975	0.00483	0.02586	0.00777	0.04181	0.00645	0.00735	0.00493	0.00410	0.00277	0.00135	0.00341	0.00244	0.00280	0.00484
38	0.01077	0.01076	0.01545	0.07596	0.52309	0.10186	0.04344	0.03722	0.01039	0.01372	0.01897	0.02826	0.06412	0.02158	0.00476	0.00137	0.00530	0.00443	0.00243	0.00614
39	0.01082	0.01136	0.04871	0.11622	0.21477	0.04148	0.35051	0.04939	0.05205	0.03492	0.02095	0.01183	0.00751	0.00416	0.00468	0.00140	0.00614	0.00449	0.00248	0.00613
40	0.00650	0.00525	0.00737	0.00901	0.11620	0.00500	0.01811	0.00815	0.03143	0.01251	0.07296	0.41298	0.16699	0.01104	0.00531	0.00164	0.00307	0.09841	0.00382	0.00424
41	0.00994	0.00938	0.01585	0.22427	0.57915	0.00984	0.01252	0.01258	0.00971	0.01365	0.03832	0.01192	0.00800	0.00421	0.00433	0.00133	0.00516	0.00404	0.01956	0.00624
42	0.02192	0.02534	0.11430	0.01120	0.03243	0.14328	0.15741	0.04010	0.08179	0.16139	0.04344	0.09777	0.02817	0.00586	0.00467	0.00139	0.01521	0.00514	0.00333	0.00588
43	0.00919	0.15249	0.62845	0.01167	0.01739	0.01108	0.05198	0.01349	0.00932	0.01339	0.03767	0.00985	0.00691	0.00423	0.00402	0.00131	0.00604	0.00335	0.00197	0.00620
44	0.00977	0.00891	0.01412	0.13428	0.32160	0.03703	0.07724	0.01226	0.02317	0.04345	0.01184	0.01763	0.03430	0.01718	0.07082	0.00195	0.05156	0.10469	0.00260	0.00561
45	0.01120	0.01227	0.14959	0.10146	0.17281	0.01012	0.32085	0.03021	0.01032	0.11443	0.00947	0.01149	0.00694	0.00415	0.00474	0.00141	0.01539	0.00433	0.00255	0.00627
46	0.01162	0.04915	0.33628	0.01058	0.03050	0.03963	0.02820	0.12778	0.09580	0.11959	0.02984	0.03785	0.03903	0.00541	0.00433	0.00138	0.00511	0.01832	0.00321	0.00639
47	0.00912	0.00913	0.02557	0.47029	0.17494	0.02046	0.14259	0.01202	0.00930	0.01231	0.00879	0.01341	0.00718	0.00463	0.00473	0.00146	0.02006	0.04649	0.00214	0.00538
48	0.00579	0.00446	0.00607	0.09746	0.00899	0.00448	0.00497	0.00686	0.00862	0.01132	0.04565	0.57983	0.11438	0.04103	0.00612	0.00178	0.01767	0.02705	0.00375	0.00372
49	0.05782	0.01029	0.05508	0.02522	0.05591	0.08385	0.04264	0.13084	0.09893	0.19945	0.13261	0.02991	0.01398	0.00586	0.00466	0.00138	0.02345	0.01808	0.00393	0.00613
50	0.01031	0.05796	0.25011	0.01689	0.25835	0.01022	0.17775	0.01403	0.03980	0.05667	0.03861	0.01231	0.02814	0.00442	0.00442	0.00135	0.00564	0.00422	0.00246	0.00634
51	0.00539	0.00385	0.00506	0.00597	0.00626	0.00359	0.00398	0.00616	0.00841	0.01123	0.04987	0.76937	0.03989	0.05076	0.00629	0.00186	0.00259	0.01193	0.00401	0.00352
52	0.00956	0.05930	0.39118	0.16357	0.08367	0.01005	0.09077	0.01341	0.02744	0.05040	0.00872	0.01110	0.00663	0.03499	0.00512	0.01631	0.00590	0.00375	0.00218	0.00593
53	0.03795	0.01077	0.04361	0.07284	0.29513	0.08597	0.06645	0.04396	0.06453	0.17764	0.03242	0.01291	0.02656	0.00475	0.00435	0.00134	0.00505	0.00420	0.00315	0.00642
54	0.02787	0.35363	0.13868	0.11522	0.01550	0.13036	0.04724	0.04192	0.01011	0.04018	0.03678	0.00960	0.00718	0.00429	0.00367	0.00117	0.00552	0.00320	0.00228	0.00562
55	0.00852	0.00819	0.03067	0.19624	0.29711	0.00835	0.07109	0.01082	0.00894	0.01223	0.01232	0.04774	0.06912	0.05740	0.13998	0.00247	0.00620	0.00496	0.00238	0.00526
56	0.07694	0.02450	0.27209	0.04106	0.04279	0.02338	0.12398	0.04883	0.04723	0.04673	0.06369	0.07545	0.07330	0.00611	0.01374	0.00148	0.00512	0.00506	0.00288	0.00565
57	0.00900	0.07799	0.73885	0.01233	0.01851	0.01065	0.04626	0.01377	0.00923	0.01358	0.00775	0.00916	0.00557	0.00410	0.00409	0.00135	0.00636	0.00324	0.00186	0.00637
58	0.01815	0.00793	0.01204	0.00908	0.01255	0.00696	0.10829	0.02010	0.01220	0.70545	0.02977	0.01475	0.01078	0.00524	0.00450	0.00137	0.00415	0.00454	0.00498	0.00717
59	0.00924	0.04629	0.57485	0.01197	0.02903	0.02444	0.07696	0.01384	0.04342	0.03696	0.03537	0.02178	0.04703	0.00480	0.00429	0.00138	0.00587	0.00400	0.00232	0.00616
60	0.01063	0.00783	0.01249	0.10774	0.25908	0.00785	0.06004	0.05120	0.01030	0.14793	0.01428	0.22230	0.01356	0.00759	0.02360	0.00160	0.00458	0.02837	0.00331	0.00572
61	0.00669	0.00491	0.00576	0.00575	0.00697	0.00459	0.00426	0.03550	0.05426	0.04320	0.20023	0.25976	0.31238	0.01066	0.00519	0.00154	0.00252	0.02736	0.00429	0.00418
62	0.01027	0.00979	0.01667	0.16156	0.66751	0.01012	0.01301	0.01290	0.00973	0.01370	0.00850	0.01189	0.00718	0.00417	0.00437	0.00134	0.00526	0.02337	0.00217	0.00649
63	0.01297	0.11257	0.13637	0.04321	0.25004	0.05339	0.08080	0.04454	0.01079	0.19868	0.01000	0.01098	0.00732	0.00433	0.00418	0.00129	0.00531	0.00377	0.00290	0.00656
64	0.00909	0.04123	0.77647	0.01227	0.01851	0.04005	0.01564	0.01393	0.00931	0.01362	0.00775	0.00911	0.00553	0.00415	0.00411	0.00136	0.00646	0.00319	0.00186	0.00638
65	0.01081	0.00966	0.01589	0.07251	0.63389	0.00982	0.01213	0.01393	0.06115	0.05288	0.01011	0.03024	0.00858	0.00463	0.00442	0.00136	0.00494	0.03387	0.00256	0.00663
66	0.00951	0.03736	0.63472	0.01214	0.01779	0.00991	0.07605	0.03371	0.00966	0.05606	0.00909	0.04018	0.00690	0.00514	0.02170	0.00151	0.00626	0.00380	0.00221	0.00630
67	0.01033	0.02879	0.07565	0.03851	0.07515	0.03066	0.17636	0.05812	0.10515	0.09197	0.07586	0.08740	0.07400	0.00724	0.03469	0.00163	0.00499	0.01443	0.00337	0.00570
68	0.00628	0.00427	0.00534	0.00582	0.00665	0.00387	0.00414	0.00728	0.00916	0.06332	0.04529	0.51220	0.23920	0.01265	0.02185	0.00177	0.00275	0.04017	0.00412	0.00386
69	0.01069	0.01024	0.01747	0.02638	0.80427	0.01023	0.01321	0.01325	0.00990	0.01419	0.00850	0.02641	0.00732	0.00407	0.00434	0.00130	0.00513	0.00405	0.00219	0.00685
70	0.01193	0.07981	0.04302	0.04876	0.16321	0.13005	0.05293	0.08603	0.12499	0.07658	0.07105	0.05251	0.02916	0.00549	0.00434	0.00132	0.00492	0.00465	0.00322	0.00602
71	0.01099	0.09524	0.14631	0.04141	0.01699	0.11249	0.29164	0.01444	0.06542	0.05683	0.01050	0.02774	0.02802	0.00536	0.01414	0.03437	0.00614	0.01378	0.00253	0.00566
72	0.01523	0.00644	0.00858	0.00699	0.00962	0.00561	0.00561	0.01684	0.01187	0.57134	0.12364	0.08726	0.09720	0.00709	0.00466	0.00140	0.00325	0.00597	0.00508	0.00630
73	0.00871	0.02227	0.81086	0.01232	0.01868	0.01003	0.01592	0.01372	0.00926	0.01387	0.02095	0.00959	0.00610	0.00422	0.00416	0.00138	0.00637	0.00330	0.00189	0.00641
74	0.01249	0.04417	0.36268	0.00986	0.01423	0.06036	0.01062	0.04843	0.03318	0.24542	0.07822	0.01397	0.02765	0.00523	0.00429	0.00135	0.00506	0.01303	0.00337	0.00638
75	0.00947	0.00749	0.02235	0.21748	0.09921	0.03810	0.04698	0.02933	0.00978	0.11767	0.01618	0.29085	0.04423	0.00794	0.00484	0.00153	0.00435	0.02387	0.00331	0.00504
76	0.00875	0.02256	0.82413	0.01243	0.01888	0.01013	0.01611	0.01381	0.00921	0.01381	0.00783	0.00921	0.00552	0.00414	0.00414	0.00138	0.00645	0.00322	0.00184	0.00645
77	0.01469	0.01482	0.01290	0.04919	0.12245	0.38036	0.02369	0.15992	0.05923	0.07438	0.00937	0.01074	0.00735	0.03602	0.00485	0.00135	0.00615	0.00362	0.00298	0.00593
78	0.02472	0.10745	0.18661	0.00961	0.05837	0.00890	0.00878	0.07565	0.01154	0.32247	0.07616	0.03874	0.04081	0.00554	0.00425	0.00132	0.00435	0.00449	0.00379	0.00643
79	0.01905	0.00740	0.01002	0.00772	0.01101	0.00646	0.00636	0.03488	0.01262	0.78006	0.04510	0.01539	0.01180	0.00552	0.00441	0.00135	0.00367	0.00450	0.00536	0.00731
80	0.00533	0.00387	0.00504	0.00593	0.00630	0.00357	0.00400	0.00617	0.00862	0.01142	0.05506	0.75368	0.08833	0.01329	0.00552	0.00173	0.00249	0.01199	0.00408	0.00357
81	0.01014	0.06659	0.48412	0.01503	0.17623	0.02683	0.06409	0.04334	0.00999	0.03705	0.00846	0.01041	0.00643	0.00426	0.00421	0.00135	0.00600	0.01686	0.00217	0.00645
82	0.00913	0.00784	0.01234	0.03118	0.36287	0.00781	0.04005	0.04080	0.02624	0.03534	0.21984	0.03430	0.06690	0.02457	0.06002	0.00179	0.00457	0.00558	0.00322	0.00560
83	0.00633	0.00473	0.00684	0.00679	0.00743	0.00547	0.00514	0.00764	0.00690	0.00989	0.01184	0.01862	0.01150	0.15209	0.68990	0.00647	0.03141	0.00490	0.00237	0.00373
84	0.00968	0.01005	0.04542	0.45434	0.32401	0.05757	0.01253	0.01245	0.00940	0.01238	0.00787	0.01101	0.00620	0.00418	0.00431	0.00137	0.00572	0.00379	0.00203	0.00569
85	0.00943	0.07130	0.27734	0.01222	0.11423	0.00899	0.09641	0.01273	0.02659	0.04377	0.03543	0.05244	0.05321	0.00493	0.00418	0.00124	0.00496	0.00432	0.00256	0.16370
86	0.01090	0.02173	0.02828	0.08037	0.04276	0.00694	0.10794	0.02706	0.02617	0.22720	0.10040	0.09092	0.13839	0.00708	0.00476	0.00142	0.00399	0.03462	0.00387	0.03520
87	0.00977	0.03602	0.52676	0.01315	0.06654	0.03981	0.10022	0.01407	0.02653	0.03717	0.00832	0.00980	0.00612	0.00415	0.00436	0.00132	0.02150	0.00347	0.00213	0.06879
88	0.00946	0.04670	0.45821	0.08541	0.04818	0.00967	0.03731	0.03894	0.02037	0.04150	0.00985	0.02071	0.03705	0.00457	0.00434	0.00131	0.02296	0.00370	0.00230	0.09745
89	0.00971	0.03270	0.54723	0.02307	0.09148	0.00974	0.04129	0.01373	0.00940	0.07144	0.00911	0.04374	0.00706	0.00468	0.00460	0.00138	0.03731	0.00380	0.00226	0.03628
90	0.00977	0.03019	0.33222	0.03873	0.07394	0.04424	0.12634	0.02554	0.02481	0.05949	0.04864	0.04445	0.07090	0.00539	0.00480	0.00140	0.03314	0.00466	0.00262	0.01874

[dist]
# distance from previous block
# <min> <max>
5	17

[block]
# block no. 4 follows, 60 sequences, length 30
# corresponding to MSA columns:
# 574-597,611-616
name=unknown_E
#
# <colnr> <probs for GDERKNQSTAVLIFYWHMCP>
#	G	D	E	R	K	N	Q	S	T	A	V	L	I	F	Y	W	H	M	C	P
0	0.03032	0.06629	0.15082	0.07732	0.20966	0.03045	0.03553	0.09935	0.01103	0.12563	0.01032	0.03572	0.00826	0.00492	0.00437	0.00133	0.01653	0.03287	0.00290	0.04637
1	0.01043	0.05428	0.33237	0.01262	0.07535	0.05690	0.13093	0.04258	0.02293	0.07857	0.02614	0.08319	0.03174	0.00543	0.00446	0.00139	0.00559	0.01641	0.00270	0.00599
2	0.01086	0.02269	0.03261	0.07616	0.17482	0.04266	0.14502	0.06617	0.08062	0.10095	0.01437	0.15407	0.04683	0.00631	0.00469	0.00144	0.00482	0.00584	0.00324	0.00585
3	0.02149	0.03890	0.08793	0.07100	0.03305	0.20480	0.08254	0.07083	0.06082	0.06532	0.01285	0.09944	0.04016	0.00629	0.00488	0.00142	0.03720	0.05261	0.00301	0.00546
4	0.00862	0.07591	0.27058	0.20573	0.06721	0.00930	0.04407	0.02109	0.03252	0.01299	0.05130	0.06697	0.04290	0.00583	0.00471	0.02368	0.00518	0.02882	0.00246	0.02013
5	0.02140	0.02771	0.12807	0.03239	0.18836	0.08659	0.14996	0.08486	0.02357	0.05712	0.03188	0.01208	0.02133	0.01536	0.03466	0.00156	0.02951	0.00411	0.00266	0.04682
6	0.00901	0.04608	0.74001	0.01217	0.01823	0.03346	0.03007	0.01374	0.00939	0.01372	0.03009	0.00980	0.00653	0.00426	0.00414	0.00136	0.00633	0.00335	0.00194	0.00631
7	0.03403	0.00719	0.00936	0.00738	0.01040	0.00638	0.00601	0.05431	0.01230	0.62231	0.05341	0.04765	0.07226	0.00618	0.00445	0.00135	0.00351	0.00508	0.00504	0.03140
8	0.00945	0.03140	0.31147	0.01225	0.12893	0.02100	0.02913	0.04951	0.11973	0.02785	0.01231	0.08001	0.02126	0.09794	0.00637	0.00173	0.00506	0.02596	0.00278	0.00584
9	0.01015	0.22216	0.39794	0.01130	0.06927	0.03487	0.01173	0.03529	0.02728	0.03581	0.03820	0.04849	0.00839	0.00484	0.00420	0.00129	0.02671	0.00374	0.00232	0.00603
10	0.00905	0.03131	0.01008	0.00891	0.03184	0.02904	0.06018	0.03940	0.11488	0.05419	0.01488	0.06672	0.05898	0.06300	0.22604	0.00314	0.09599	0.04240	0.03506	0.00489
11	0.00634	0.00423	0.00476	0.00476	0.00476	0.00423	0.00264	0.00634	0.00634	0.00846	0.01374	0.02854	0.01586	0.84672	0.02220	0.00423	0.00423	0.00634	0.00264	0.00264
12	0.01108	0.07469	0.04915	0.10841	0.22274	0.16222	0.03655	0.05341	0.02943	0.03071	0.07081	0.02536	0.04248	0.00552	0.00439	0.00134	0.00529	0.05801	0.00277	0.00564
13	0.00853	0.03436	0.05221	0.18640	0.16433	0.02642	0.03429	0.01124	0.05188	0.01260	0.03167	0.10453	0.06781	0.03113	0.00584	0.00161	0.05469	0.11254	0.00284	0.00507
14	0.00583	0.00420	0.00550	0.00596	0.00640	0.00423	0.00413	0.00670	0.00781	0.01051	0.03307	0.37089	0.07083	0.20468	0.20647	0.00356	0.00513	0.03733	0.00333	0.00346
15	0.01166	0.84935	0.02285	0.00746	0.01119	0.01726	0.00746	0.01306	0.00886	0.01026	0.00606	0.00700	0.00560	0.00373	0.00280	0.00093	0.00466	0.00233	0.00187	0.00560
16	0.01444	0.04174	0.01275	0.01008	0.03578	0.01205	0.03231	0.51853	0.13815	0.05575	0.01301	0.05709	0.02656	0.00578	0.00442	0.00136	0.00446	0.00464	0.00417	0.00692
17	0.01431	0.37537	0.01685	0.00962	0.01250	0.48174	0.00801	0.01555	0.01086	0.01050	0.00645	0.00749	0.00561	0.00417	0.00345	0.00104	0.00650	0.00260	0.00208	0.00529
18	0.18559	0.04141	0.05696	0.03996	0.19543	0.06779	0.09694	0.12759	0.01089	0.05372	0.00816	0.00980	0.00635	0.00454	0.00486	0.00137	0.07638	0.00358	0.00269	0.00601
19	0.01360	0.51188	0.01876	0.00874	0.01213	0.17268	0.00782	0.18234	0.01201	0.01400	0.00713	0.00790	0.00599	0.00420	0.00335	0.00105	0.00531	0.00276	0.00247	0.00588
20	0.60001	0.01046	0.05059	0.02581	0.04807	0.09436	0.03268	0.01349	0.00848	0.04683	0.00738	0.03190	0.00596	0.00441	0.00324	0.00134	0.00425	0.00301	0.00269	0.00505
21	0.00837	0.00758	0.04398	0.02824	0.13419	0.00737	0.00688	0.04483	0.18529	0.01437	0.10132	0.12511	0.10449	0.12502	0.00736	0.00187	0.01483	0.03026	0.00357	0.00509
22	0.00558	0.00421	0.00517	0.00545	0.00632	0.00380	0.00392	0.00689	0.01014	0.01344	0.29100	0.33763	0.25331	0.01134	0.00532	0.00156	0.00231	0.02452	0.00430	0.00378
23	0.01062	0.07712	0.21803	0.03834	0.01474	0.01108	0.07059	0.09920	0.33802	0.01687	0.05147	0.01347	0.01073	0.00515	0.00432	0.00139	0.00475	0.00432	0.00334	0.00646
24	0.00665	0.00547	0.03159	0.02208	0.02828	0.00457	0.00473	0.00832	0.02204	0.05438	0.17137	0.13925	0.42193	0.00989	0.00505	0.00146	0.00267	0.02463	0.00405	0.03159
25	0.01264	0.16728	0.09539	0.00842	0.01150	0.03608	0.00765	0.14003	0.08312	0.18050	0.04995	0.02734	0.07388	0.02996	0.00508	0.00141	0.03502	0.02507	0.00363	0.00604
26	0.00885	0.05053	0.79702	0.01226	0.01862	0.01037	0.01582	0.01379	0.00920	0.01369	0.00777	0.00913	0.00553	0.00413	0.00410	0.00137	0.00639	0.00319	0.00184	0.00642
27	0.00547	0.00411	0.00508	0.00565	0.00638	0.00373	0.00402	0.00654	0.00936	0.01217	0.12393	0.48273	0.24757	0.01229	0.00543	0.00165	0.00247	0.05360	0.00414	0.00368
28	0.00977	0.03719	0.05003	0.08328	0.13609	0.02592	0.45129	0.01288	0.00997	0.01338	0.01083	0.04509	0.02550	0.00493	0.00491	0.00147	0.00628	0.06313	0.00239	0.00567
29	0.01133	0.00888	0.06263	0.02112	0.03654	0.00853	0.00716	0.05276	0.32612	0.15898	0.19656	0.01841	0.01773	0.00625	0.00479	0.00140	0.02487	0.00522	0.00430	0.02644

[dist]
# distance from previous block
# <min> <max>
3	7

[block]
# block no. 5 follows, 60 sequences, length 6
# corresponding to MSA columns:
# 624-629
name=unknown_F
#
# <colnr> <probs for GDERKNQSTAVLIFYWHMCP>
#	G	D	E	R	K	N	Q	S	T	A	V	L	I	F	Y	W	H	M	C	P
0	0.15234	0.60124	0.01889	0.00753	0.01106	0.01555	0.00713	0.11909	0.01019	0.01407	0.00666	0.00748	0.00570	0.00398	0.00299	0.00105	0.00447	0.00255	0.00233	0.00570
1	0.00884	0.00832	0.01437	0.13343	0.33574	0.00847	0.12337	0.01149	0.03713	0.01324	0.03961	0.22014	0.01356	0.00660	0.00479	0.00147	0.00475	0.00636	0.00277	0.00554
2	0.01383	0.35390	0.01639	0.00925	0.01221	0.31698	0.00783	0.14240	0.01193	0.01319	0.00738	0.00851	0.00623	0.00607	0.05520	0.00144	0.00631	0.00291	0.00244	0.00558
3	0.04347	0.00948	0.01375	0.28290	0.32833	0.07115	0.01124	0.01223	0.00950	0.01286	0.00975	0.01579	0.00876	0.00535	0.00491	0.00146	0.04213	0.10906	0.00235	0.00554
4	0.01233	0.33092	0.01569	0.00912	0.01180	0.20713	0.00771	0.01686	0.24684	0.01274	0.00965	0.01017	0.00789	0.00490	0.00457	0.00123	0.07860	0.00334	0.00272	0.00578
5	0.43357	0.14618	0.11921	0.00740	0.01065	0.01067	0.00701	0.08136	0.00932	0.05102	0.00874	0.08175	0.00759	0.00502	0.00338	0.00132	0.00406	0.00358	0.00283	0.00534

[dist]
# distance from previous block
# <min> <max>
3	5

[block]
# block no. 6 follows, 60 sequences, length 9
# corresponding to MSA columns:
# 635-643
name=unknown_G
#
# <colnr> <probs for GDERKNQSTAVLIFYWHMCP>
#	G	D	E	R	K	N	Q	S	T	A	V	L	I	F	Y	W	H	M	C	P
0	0.01034	0.17126	0.40084	0.01424	0.14032	0.01183	0.10601	0.07021	0.01019	0.01422	0.00787	0.00943	0.00601	0.00405	0.00406	0.00129	0.00591	0.00344	0.00212	0.00636
1	0.00933	0.11798	0.60761	0.01276	0.01858	0.01110	0.13588	0.01375	0.00933	0.01342	0.00777	0.00934	0.00570	0.00402	0.00414	0.00134	0.00638	0.00341	0.00190	0.00626
2	0.01437	0.00709	0.00923	0.00815	0.04739	0.00660	0.00612	0.10831	0.01246	0.43405	0.09742	0.11495	0.07858	0.02825	0.00510	0.00148	0.00350	0.00601	0.00474	0.00621
3	0.01111	0.04775	0.01489	0.05456	0.38068	0.00895	0.08231	0.01359	0.02971	0.13750	0.01297	0.10618	0.02551	0.00582	0.00459	0.00141	0.00471	0.04857	0.00304	0.00615
4	0.00720	0.00619	0.01006	0.00883	0.00990	0.00684	0.12778	0.00868	0.00756	0.01064	0.01233	0.09175	0.01250	0.16539	0.36950	0.00447	0.10579	0.02802	0.00252	0.00406
5	0.00677	0.00517	0.00671	0.00818	0.13000	0.00504	0.00449	0.00739	0.00759	0.01005	0.01831	0.08620	0.13861	0.52950	0.01565	0.00318	0.00394	0.00684	0.00289	0.00352
6	0.00616	0.00688	0.13075	0.00689	0.00817	0.00480	0.00586	0.00756	0.00834	0.01125	0.02059	0.46480	0.06053	0.16197	0.00836	0.00216	0.00354	0.07405	0.00345	0.00387
