[name]
unknown

[dist]
# distance from previous block
# <min> <max>
0	242

[block]
# block no. 0 follows, 63 sequences, length 22
# corresponding to MSA columns:
# 242-263
name=unknown_A
#
# <colnr> <probs for GDERKNQSTAVLIFYWHMCP>
#	G	D	E	R	K	N	Q	S	T	A	V	L	I	F	Y	W	H	M	C	P
0	0.01146	0.50242	0.07921	0.00969	0.08330	0.01296	0.04928	0.01335	0.00931	0.11467	0.02760	0.01106	0.02157	0.00437	0.00344	0.00110	0.00456	0.03253	0.00245	0.00568
1	0.01041	0.18375	0.06310	0.01619	0.35827	0.04241	0.08026	0.01268	0.00960	0.04306	0.06516	0.01173	0.02055	0.01581	0.00416	0.00121	0.00483	0.00380	0.00236	0.05067
2	0.01016	0.21628	0.26572	0.01290	0.16707	0.01150	0.05190	0.07266	0.08110	0.01412	0.05127	0.01065	0.00825	0.00430	0.00386	0.00122	0.00502	0.00355	0.00241	0.00606
3	0.04157	0.22711	0.39907	0.01025	0.05054	0.04949	0.02209	0.01245	0.00925	0.01284	0.09280	0.01164	0.03487	0.00458	0.00376	0.00121	0.00513	0.00354	0.00221	0.00558
4	0.00989	0.05622	0.18559	0.01001	0.01337	0.05705	0.13759	0.07378	0.09612	0.04649	0.18896	0.01511	0.01427	0.00534	0.00453	0.01079	0.01379	0.00457	0.00310	0.05344
5	0.00852	0.04672	0.80624	0.01184	0.01797	0.00997	0.01528	0.01329	0.00887	0.01321	0.00749	0.00881	0.00533	0.00398	0.00395	0.00132	0.00616	0.00308	0.00178	0.00619
6	0.01027	0.00967	0.01507	0.03798	0.50071	0.05259	0.06921	0.01246	0.00943	0.04459	0.00939	0.08406	0.00846	0.00480	0.00473	0.00128	0.04797	0.00442	0.00238	0.07053
7	0.01046	0.00903	0.00951	0.00855	0.01093	0.01046	0.00665	0.02234	0.81845	0.01759	0.01711	0.01568	0.01283	0.00570	0.00428	0.00143	0.00333	0.00475	0.00428	0.00665
8	0.00571	0.00486	0.00499	0.00485	0.00637	0.00444	0.00367	0.00817	0.11105	0.01242	0.08000	0.03688	0.68187	0.00992	0.00488	0.00142	0.00227	0.00829	0.00399	0.00396
9	0.01688	0.00933	0.10606	0.00884	0.01251	0.00718	0.06685	0.04911	0.01180	0.64375	0.01469	0.01330	0.00940	0.00493	0.00425	0.00131	0.00418	0.00414	0.00454	0.00694
10	0.00964	0.36703	0.47258	0.01016	0.01523	0.01264	0.03430	0.01302	0.00877	0.01190	0.00687	0.00806	0.00538	0.00382	0.00348	0.00115	0.00552	0.00280	0.00179	0.00586
11	0.01086	0.50778	0.20005	0.00855	0.01260	0.09928	0.00895	0.01301	0.00898	0.01103	0.00643	0.00748	0.00545	0.00372	0.00314	0.00099	0.00508	0.00251	0.00189	0.08222
12	0.00743	0.00584	0.00770	0.00736	0.00867	0.00594	0.06372	0.01138	0.22388	0.04446	0.02158	0.45956	0.08287	0.02234	0.00521	0.00161	0.00306	0.00890	0.00390	0.00458
13	0.00595	0.00430	0.00562	0.00529	0.00628	0.00397	0.00397	0.00793	0.01190	0.01686	0.82382	0.03140	0.03966	0.00859	0.00496	0.00132	0.00198	0.00760	0.00463	0.00397
14	0.00583	0.00427	0.00547	0.00522	0.00622	0.00391	0.00390	0.00768	0.01154	0.01612	0.72187	0.06621	0.10814	0.00896	0.00498	0.00135	0.00202	0.00789	0.00453	0.00391
15	0.00993	0.01081	0.12496	0.01061	0.07200	0.01007	0.05056	0.01929	0.57260	0.01625	0.01564	0.01508	0.04243	0.00540	0.00429	0.00140	0.00400	0.00462	0.00364	0.00642
16	0.01040	0.00999	0.01706	0.02580	0.82604	0.00999	0.01290	0.01290	0.00957	0.01373	0.00791	0.01040	0.00666	0.00375	0.00416	0.00125	0.00499	0.00375	0.00208	0.00666
17	0.00601	0.00450	0.00676	0.00676	0.00751	0.00525	0.00525	0.00751	0.00676	0.00976	0.01126	0.01651	0.01051	0.03153	0.83560	0.00676	0.01126	0.00450	0.00225	0.00375
18	0.01001	0.00958	0.01634	0.15794	0.69702	0.00988	0.01270	0.01255	0.00938	0.01325	0.00784	0.01053	0.00649	0.00382	0.00417	0.00127	0.00509	0.00374	0.00205	0.00634
19	0.00709	0.00660	0.06696	0.00739	0.00892	0.00587	0.00633	0.01092	0.17200	0.01338	0.06433	0.20269	0.09242	0.00994	0.00516	0.00166	0.00338	0.30661	0.00385	0.00448
20	0.01782	0.00708	0.00953	0.00738	0.01047	0.00622	0.00607	0.04316	0.01225	0.74495	0.07610	0.01545	0.01247	0.00545	0.00428	0.00130	0.00349	0.00446	0.00513	0.00692
21	0.85354	0.00825	0.00639	0.00566	0.00829	0.00955	0.00467	0.03860	0.00757	0.01911	0.00599	0.00694	0.00464	0.00394	0.00265	0.00130	0.00330	0.00233	0.00265	0.00464

[dist]
# distance from previous block
# <min> <max>
0	5

[block]
# block no. 1 follows, 63 sequences, length 42
# corresponding to MSA columns:
# 269-310
name=unknown_B
#
# <colnr> <probs for GDERKNQSTAVLIFYWHMCP>
#	G	D	E	R	K	N	Q	S	T	A	V	L	I	F	Y	W	H	M	C	P
0	0.00817	0.00554	0.00675	0.00611	0.00765	0.00547	0.00469	0.01203	0.17236	0.10405	0.52490	0.02703	0.08280	0.00779	0.00474	0.00135	0.00243	0.00676	0.00457	0.00482
1	0.00512	0.00366	0.00488	0.00585	0.00610	0.00341	0.00390	0.00585	0.00805	0.01073	0.02317	0.84952	0.02780	0.01317	0.00537	0.00171	0.00244	0.01195	0.00390	0.00341
2	0.01004	0.01211	0.14747	0.03112	0.55813	0.04016	0.08028	0.01294	0.00965	0.01360	0.03880	0.01094	0.00762	0.00398	0.00422	0.00127	0.00535	0.00385	0.00213	0.00631
3	0.01156	0.01015	0.04416	0.02536	0.06514	0.00942	0.42183	0.07075	0.06210	0.15728	0.01153	0.07111	0.00903	0.00479	0.00468	0.00139	0.00556	0.00508	0.00306	0.00600
4	0.00570	0.00418	0.00535	0.00529	0.00619	0.00382	0.00388	0.00737	0.01097	0.01520	0.60085	0.17945	0.11686	0.00962	0.00503	0.00140	0.00208	0.00851	0.00442	0.00382
5	0.00516	0.00405	0.00467	0.00496	0.00591	0.00356	0.00355	0.00624	0.00937	0.01191	0.14556	0.32337	0.43427	0.01124	0.00511	0.00151	0.00222	0.00977	0.00400	0.00356
6	0.03321	0.32533	0.22217	0.01165	0.11766	0.03680	0.06727	0.02261	0.00944	0.10546	0.00802	0.00900	0.00618	0.00394	0.00359	0.00115	0.00513	0.00311	0.00230	0.00596
7	0.07238	0.00927	0.05423	0.02731	0.49228	0.00880	0.01031	0.04144	0.00958	0.06390	0.01077	0.14583	0.01007	0.00550	0.00441	0.00135	0.01899	0.00496	0.00266	0.00595
8	0.00805	0.00433	0.00442	0.00427	0.00538	0.00435	0.00324	0.04904	0.00950	0.01607	0.04440	0.01697	0.04442	0.00527	0.00316	0.00102	0.00210	0.00425	0.76569	0.00406
9	0.00683	0.00673	0.07401	0.00924	0.13994	0.00547	0.01936	0.00906	0.01101	0.01545	0.53274	0.02680	0.11166	0.00757	0.00475	0.00132	0.00291	0.00670	0.00387	0.00457
10	0.01065	0.04536	0.04695	0.00668	0.00950	0.00623	0.00565	0.03254	0.03295	0.21583	0.25211	0.01758	0.03351	0.00558	0.00405	0.00110	0.00312	0.00467	0.00385	0.26209
11	0.69880	0.11870	0.03885	0.00622	0.00906	0.04692	0.00546	0.01262	0.00761	0.01712	0.00594	0.00693	0.00473	0.00389	0.00272	0.00124	0.00371	0.00232	0.00245	0.00474
12	0.04664	0.00717	0.00952	0.00738	0.01052	0.00636	0.00608	0.03030	0.02394	0.74981	0.04575	0.01465	0.01128	0.00529	0.00420	0.00130	0.00352	0.00429	0.00507	0.00694
13	0.01597	0.01200	0.01260	0.00970	0.01304	0.03580	0.00799	0.79001	0.01955	0.02604	0.00999	0.01002	0.00710	0.00503	0.00419	0.00126	0.00471	0.00375	0.00415	0.00709
14	0.00804	0.00476	0.00629	0.00564	0.00700	0.00432	0.00432	0.00996	0.01192	0.14805	0.69341	0.02864	0.03494	0.00805	0.00484	0.00132	0.00224	0.00706	0.00472	0.00448
15	0.00860	0.00810	0.01360	0.58066	0.24970	0.00939	0.01174	0.01141	0.02215	0.01169	0.00814	0.03182	0.00657	0.00432	0.00422	0.00137	0.00532	0.00396	0.00202	0.00522
16	0.01139	0.13551	0.42170	0.01075	0.03595	0.02213	0.05626	0.01491	0.02330	0.19596	0.02699	0.01054	0.00743	0.00431	0.00394	0.00126	0.00528	0.00347	0.00268	0.00623
17	0.00539	0.00443	0.00477	0.00479	0.00606	0.00393	0.00355	0.00707	0.04890	0.01235	0.14778	0.12870	0.58666	0.01040	0.00498	0.00144	0.00220	0.00884	0.00402	0.00374
18	0.00801	0.00409	0.00410	0.00404	0.00507	0.00411	0.00305	0.02695	0.00905	0.01590	0.01364	0.01555	0.01070	0.00490	0.00297	0.00099	0.00202	0.00392	0.85697	0.00399
19	0.00883	0.04313	0.57529	0.01181	0.01702	0.00986	0.11025	0.02510	0.08610	0.01381	0.02527	0.02336	0.02239	0.00445	0.00416	0.00134	0.00576	0.00380	0.00222	0.00604
20	0.00797	0.00649	0.00944	0.01158	0.23644	0.00667	0.02653	0.04678	0.03575	0.01137	0.01194	0.04585	0.01985	0.37512	0.12745	0.00327	0.00534	0.00525	0.00256	0.00434
21	0.81475	0.00834	0.00663	0.00581	0.00847	0.00960	0.00479	0.06152	0.00801	0.03258	0.00629	0.00715	0.00481	0.00399	0.00273	0.00130	0.00334	0.00240	0.00274	0.00475
22	0.01124	0.85479	0.02203	0.00719	0.01079	0.01663	0.00719	0.01259	0.00854	0.00989	0.00584	0.00674	0.00539	0.00360	0.00270	0.00090	0.00450	0.00225	0.00180	0.00539
23	0.01175	0.02911	0.06122	0.09739	0.23857	0.19271	0.13088	0.07220	0.03159	0.04022	0.00823	0.01013	0.00647	0.00462	0.01663	0.00136	0.03503	0.00369	0.00237	0.00581
24	0.00599	0.00492	0.01993	0.00769	0.05718	0.00453	0.04471	0.00720	0.02022	0.01104	0.02093	0.56962	0.05796	0.09946	0.00692	0.00190	0.00313	0.04938	0.00353	0.00376
25	0.00520	0.00390	0.00485	0.00554	0.00616	0.00355	0.00390	0.00612	0.00862	0.01111	0.03994	0.56967	0.24062	0.01233	0.00528	0.00164	0.00244	0.06175	0.00391	0.00349
26	0.00815	0.00740	0.06644	0.00838	0.05887	0.00684	0.00636	0.02472	0.24722	0.04665	0.05831	0.26242	0.08970	0.03221	0.00533	0.00158	0.01381	0.04679	0.00378	0.00502
27	0.00933	0.12961	0.55224	0.01156	0.01669	0.01105	0.07983	0.04284	0.04180	0.01337	0.00778	0.00913	0.00580	0.00418	0.00441	0.00131	0.04778	0.00327	0.00200	0.00603
28	0.00875	0.06312	0.77613	0.01167	0.01770	0.01005	0.01496	0.01340	0.00891	0.02701	0.00761	0.00886	0.00542	0.00399	0.00393	0.00131	0.00608	0.00308	0.00183	0.00619
29	0.01013	0.00870	0.00922	0.00839	0.01064	0.01003	0.00649	0.02133	0.76895	0.01717	0.01748	0.06661	0.01375	0.00616	0.00434	0.00144	0.00327	0.00519	0.00425	0.00646
30	0.25589	0.01177	0.04040	0.00852	0.01159	0.11959	0.00713	0.38515	0.01411	0.08342	0.00926	0.00952	0.01661	0.00468	0.00371	0.00126	0.00458	0.00330	0.00348	0.00605
31	0.01054	0.01031	0.01623	0.03488	0.72394	0.05182	0.01216	0.01293	0.00962	0.01352	0.00780	0.01017	0.00655	0.00374	0.00408	0.00120	0.00502	0.00362	0.00211	0.05975
32	0.00703	0.00544	0.00775	0.00925	0.16878	0.00522	0.00566	0.00920	0.02019	0.01600	0.56140	0.02588	0.04967	0.00732	0.00461	0.00128	0.00260	0.00651	0.08168	0.00452
33	0.00617	0.00434	0.00552	0.00555	0.00584	0.00463	0.00375	0.00677	0.00653	0.00895	0.01306	0.02504	0.01420	0.53397	0.27155	0.00474	0.01993	0.05392	0.00253	0.00303
34	0.01034	0.00989	0.01673	0.02501	0.79317	0.00981	0.01258	0.01281	0.00954	0.01373	0.00789	0.01034	0.00664	0.00372	0.00412	0.00122	0.00492	0.00370	0.00210	0.04175
35	0.01077	0.04184	0.01610	0.08839	0.60047	0.10252	0.01187	0.01301	0.00955	0.01279	0.00752	0.00996	0.00633	0.00402	0.00455	0.00126	0.04727	0.00357	0.00205	0.00615
36	0.00904	0.23145	0.60336	0.01056	0.01598	0.01132	0.01308	0.01293	0.00881	0.01239	0.00810	0.00922	0.02828	0.00408	0.00369	0.00122	0.00567	0.00305	0.00184	0.00593
37	0.01019	0.01040	0.05711	0.02371	0.72738	0.00966	0.01247	0.01276	0.00948	0.01371	0.00786	0.01021	0.00656	0.00371	0.00408	0.00121	0.00492	0.00362	0.00209	0.06887
38	0.00965	0.34991	0.44616	0.01042	0.01536	0.01259	0.06068	0.01297	0.00876	0.01191	0.00689	0.00819	0.00542	0.00387	0.00373	0.00118	0.02178	0.00289	0.00181	0.00583
39	0.00669	0.00486	0.00619	0.00671	0.00756	0.00481	0.00514	0.08677	0.00980	0.01290	0.02278	0.47279	0.07330	0.01174	0.00536	0.00171	0.00307	0.24998	0.00392	0.00393
40	0.01023	0.00981	0.01675	0.08372	0.76949	0.00994	0.01281	0.01275	0.00949	0.01352	0.00788	0.01046	0.00658	0.00378	0.00416	0.00126	0.00504	0.00374	0.00207	0.00652
41	0.01040	0.00999	0.01706	0.02580	0.82604	0.00999	0.01290	0.01290	0.00957	0.01373	0.00791	0.01040	0.00666	0.00375	0.00416	0.00125	0.00499	0.00375	0.00208	0.00666

[dist]
# distance from previous block
# <min> <max>
0	2

[block]
# block no. 2 follows, 63 sequences, length 58
# corresponding to MSA columns:
# 313-370
name=unknown_C
#
# <colnr> <probs for GDERKNQSTAVLIFYWHMCP>
#	G	D	E	R	K	N	Q	S	T	A	V	L	I	F	Y	W	H	M	C	P
0	0.88196	0.00813	0.00618	0.00553	0.00813	0.00943	0.00455	0.01236	0.00715	0.01886	0.00585	0.00683	0.00455	0.00390	0.00260	0.00130	0.00325	0.00228	0.00260	0.00455
1	0.00502	0.00426	0.00433	0.00432	0.00571	0.00357	0.00324	0.00614	0.00971	0.01166	0.08607	0.03995	0.78066	0.01053	0.00497	0.00141	0.00212	0.00880	0.00394	0.00357
2	0.01886	0.00715	0.00976	0.00748	0.01073	0.00618	0.00618	0.02049	0.01203	0.82895	0.01658	0.01431	0.01041	0.00520	0.00423	0.00130	0.00358	0.00423	0.00520	0.00715
3	0.00611	0.00408	0.00458	0.00458	0.00458	0.00408	0.00255	0.00611	0.00611	0.00815	0.01325	0.02751	0.01528	0.85226	0.02140	0.00408	0.00408	0.00611	0.00255	0.00255
4	0.00959	0.00799	0.00919	0.00664	0.01033	0.00650	0.00534	0.10730	0.01005	0.01524	0.00779	0.00888	0.00634	0.00335	0.00325	0.00070	0.00330	0.00265	0.00270	0.77287
5	0.01011	0.00867	0.00921	0.00830	0.01057	0.00996	0.00645	0.02123	0.75662	0.01753	0.07895	0.01689	0.01489	0.00592	0.00433	0.00142	0.00322	0.00497	0.00430	0.00645
6	0.00845	0.00451	0.00457	0.00435	0.00551	0.00460	0.00332	0.07004	0.00964	0.01649	0.01344	0.01525	0.01050	0.00491	0.00303	0.00100	0.00216	0.00391	0.81016	0.00416
7	0.00530	0.00413	0.00481	0.00494	0.00596	0.00364	0.00359	0.00656	0.00991	0.01285	0.27044	0.22910	0.40249	0.01063	0.00506	0.00146	0.00216	0.00922	0.00412	0.00364
8	0.01598	0.01177	0.01262	0.00967	0.01304	0.01304	0.00799	0.81202	0.01976	0.02649	0.01009	0.01009	0.00715	0.00505	0.00421	0.00126	0.00463	0.00378	0.00421	0.00715
9	0.00709	0.00456	0.00592	0.00543	0.00666	0.00415	0.00413	0.00899	0.01178	0.09185	0.70357	0.03034	0.08254	0.00840	0.00489	0.00133	0.00214	0.00736	0.00464	0.00424
10	0.01570	0.02004	0.01191	0.01083	0.01300	0.83539	0.00812	0.01679	0.01191	0.01029	0.00650	0.00758	0.00541	0.00433	0.00379	0.00108	0.00758	0.00271	0.00217	0.00487
11	0.08211	0.01912	0.01147	0.01042	0.01262	0.77207	0.00785	0.01645	0.01155	0.01095	0.00645	0.00752	0.00535	0.00430	0.00370	0.00110	0.00725	0.00267	0.00220	0.00485
12	0.00784	0.00392	0.00392	0.00392	0.00490	0.00392	0.00294	0.00980	0.00882	0.01567	0.01371	0.01567	0.01077	0.00490	0.00294	0.00098	0.00196	0.00392	0.87560	0.00392
13	0.00512	0.00426	0.00447	0.00442	0.00577	0.00361	0.00331	0.00632	0.00994	0.01220	0.16255	0.03907	0.70384	0.01033	0.00497	0.00140	0.00211	0.00868	0.00401	0.00361
14	0.00784	0.00392	0.00392	0.00392	0.00490	0.00392	0.00294	0.00980	0.00882	0.01567	0.01371	0.01567	0.01077	0.00490	0.00294	0.00098	0.00196	0.00392	0.87560	0.00392
15	0.00920	0.00920	0.01288	0.01104	0.01104	0.01288	0.00920	0.01012	0.00644	0.01012	0.00552	0.00920	0.00552	0.00736	0.01380	0.00184	0.84457	0.00368	0.00184	0.00460
16	0.00611	0.00410	0.00472	0.00472	0.00477	0.00415	0.00272	0.00620	0.00615	0.00825	0.01312	0.02682	0.01499	0.80102	0.07223	0.00424	0.00452	0.00601	0.00253	0.00262
17	0.01598	0.01177	0.01262	0.00967	0.01304	0.01304	0.00799	0.81202	0.01976	0.02649	0.01009	0.01009	0.00715	0.00505	0.00421	0.00126	0.00463	0.00378	0.00421	0.00715
18	0.00872	0.00747	0.00872	0.00623	0.00996	0.00560	0.00498	0.01058	0.00872	0.01370	0.00747	0.00872	0.00623	0.00311	0.00311	0.00062	0.00311	0.00249	0.00249	0.87796
19	0.00775	0.00550	0.00615	0.00567	0.00729	0.00519	0.00433	0.10423	0.04204	0.07987	0.12944	0.13912	0.42857	0.00943	0.00484	0.00142	0.00261	0.00798	0.00415	0.00442
20	0.02734	0.00873	0.02308	0.05939	0.17575	0.00833	0.02277	0.08505	0.09763	0.19117	0.02118	0.01159	0.00835	0.00439	0.00411	0.00115	0.01950	0.00368	0.00330	0.22352
21	0.01551	0.01340	0.01240	0.04178	0.01360	0.19571	0.00814	0.59067	0.03160	0.02213	0.00932	0.00967	0.00680	0.00487	0.00411	0.00123	0.00530	0.00356	0.00366	0.00654
22	0.00930	0.26723	0.57134	0.01072	0.01611	0.01181	0.03345	0.01310	0.00880	0.01231	0.00707	0.00831	0.00537	0.00387	0.00364	0.00121	0.00573	0.00290	0.00179	0.00596
23	0.01084	0.00793	0.00913	0.00687	0.01031	0.02068	0.00550	0.05038	0.08407	0.13967	0.01007	0.02160	0.00779	0.00392	0.00348	0.00085	0.00334	0.00316	0.00316	0.59725
24	0.01124	0.85479	0.02203	0.00719	0.01079	0.01663	0.00719	0.01259	0.00854	0.00989	0.00584	0.00674	0.00539	0.00360	0.00270	0.00090	0.00450	0.00225	0.00180	0.00539
25	0.00643	0.00511	0.00684	0.02026	0.00777	0.02186	0.00523	0.02365	0.00798	0.01109	0.07325	0.31219	0.01804	0.01925	0.34731	0.00373	0.08361	0.00722	0.01533	0.00383
26	0.00649	0.00530	0.00615	0.00605	0.02354	0.00511	0.01675	0.00936	0.13299	0.02807	0.14442	0.11321	0.44008	0.02182	0.00527	0.00148	0.01772	0.00799	0.00397	0.00423
27	0.00511	0.00372	0.00481	0.00569	0.00605	0.00343	0.00383	0.00587	0.00821	0.01080	0.02516	0.76677	0.10927	0.01291	0.00532	0.00168	0.00241	0.01164	0.00390	0.00343
28	0.01104	0.00980	0.01668	0.02422	0.74550	0.00971	0.03029	0.01350	0.00977	0.07622	0.00859	0.01072	0.00694	0.00385	0.00418	0.00126	0.00493	0.00381	0.00232	0.00667
29	0.01240	0.35997	0.12593	0.02262	0.08757	0.08838	0.06449	0.04194	0.01001	0.13753	0.00832	0.00910	0.00641	0.00403	0.00357	0.00112	0.00511	0.00311	0.00249	0.00591
30	0.36593	0.20556	0.26915	0.00842	0.01243	0.02577	0.03487	0.01282	0.00818	0.01475	0.00648	0.00761	0.00506	0.00386	0.00316	0.00122	0.00467	0.00263	0.00214	0.00531
31	0.01124	0.85479	0.02203	0.00719	0.01079	0.01663	0.00719	0.01259	0.00854	0.00989	0.00584	0.00674	0.00539	0.00360	0.00270	0.00090	0.00450	0.00225	0.00180	0.00539
32	0.00589	0.00426	0.00564	0.00594	0.00676	0.00401	0.00455	0.00751	0.01035	0.01415	0.41382	0.24124	0.06190	0.01050	0.00525	0.00156	0.00253	0.18610	0.00425	0.00379
33	0.00805	0.00471	0.00622	0.00567	0.00698	0.00429	0.00431	0.00988	0.01158	0.15056	0.61694	0.09106	0.03349	0.00833	0.00484	0.00134	0.00228	0.00732	0.01769	0.00445
34	0.01040	0.00999	0.01706	0.02580	0.82604	0.00999	0.01290	0.01290	0.00957	0.01373	0.00791	0.01040	0.00666	0.00375	0.00416	0.00125	0.00499	0.00375	0.00208	0.00666
35	0.00546	0.00428	0.00494	0.00477	0.00598	0.00376	0.00358	0.00698	0.01074	0.01410	0.43270	0.03593	0.43250	0.00962	0.00496	0.00137	0.00206	0.00824	0.00427	0.00376
36	0.01124	0.85479	0.02203	0.00719	0.01079	0.01663	0.00719	0.01259	0.00854	0.00989	0.00584	0.00674	0.00539	0.00360	0.00270	0.00090	0.00450	0.00225	0.00180	0.00539
37	0.00523	0.00373	0.00497	0.00593	0.00621	0.00350	0.00403	0.00601	0.00810	0.01078	0.02293	0.79172	0.02738	0.02896	0.00569	0.00176	0.00255	0.05323	0.00387	0.00342
38	0.88196	0.00813	0.00618	0.00553	0.00813	0.00943	0.00455	0.01236	0.00715	0.01886	0.00585	0.00683	0.00455	0.00390	0.00260	0.00130	0.00325	0.00228	0.00260	0.00455
39	0.01768	0.00689	0.00938	0.00728	0.01032	0.00598	0.00598	0.01934	0.01202	0.75472	0.09037	0.01587	0.01308	0.00551	0.00429	0.00130	0.00343	0.00454	0.00515	0.00686
40	0.00920	0.00920	0.01288	0.01104	0.01104	0.01288	0.00920	0.01012	0.00644	0.01012	0.00552	0.00920	0.00552	0.00736	0.01380	0.00184	0.84457	0.00368	0.00184	0.00460
41	0.00531	0.00422	0.00478	0.00476	0.00592	0.00368	0.00352	0.00666	0.01022	0.01316	0.30500	0.11348	0.48403	0.01019	0.00500	0.00141	0.00211	0.00873	0.00415	0.00368
42	0.01124	0.85479	0.02203	0.00719	0.01079	0.01663	0.00719	0.01259	0.00854	0.00989	0.00584	0.00674	0.00539	0.00360	0.00270	0.00090	0.00450	0.00225	0.00180	0.00539
43	0.88196	0.00813	0.00618	0.00553	0.00813	0.00943	0.00455	0.01236	0.00715	0.01886	0.00585	0.00683	0.00455	0.00390	0.00260	0.00130	0.00325	0.00228	0.00260	0.00455
44	0.00611	0.00409	0.00464	0.00464	0.00465	0.00410	0.00261	0.00615	0.00613	0.00819	0.01320	0.02725	0.01517	0.83323	0.04028	0.00414	0.00424	0.00608	0.00254	0.00258
45	0.00497	0.00426	0.00426	0.00426	0.00568	0.00355	0.00319	0.00603	0.00958	0.01136	0.04259	0.04046	0.82433	0.01065	0.00497	0.00142	0.00213	0.00887	0.00390	0.00355
46	0.01864	0.00751	0.00997	0.00765	0.01091	0.00670	0.00632	0.08116	0.01262	0.76744	0.01609	0.01399	0.01016	0.00519	0.00423	0.00130	0.00366	0.00419	0.00513	0.00715
47	0.00601	0.00434	0.00571	0.00548	0.00647	0.00403	0.00418	0.00799	0.01173	0.01653	0.76238	0.03263	0.03848	0.00883	0.00502	0.00137	0.00213	0.06817	0.00457	0.00396
48	0.00816	0.00480	0.00625	0.00560	0.00702	0.00433	0.00430	0.01001	0.01175	0.15996	0.62127	0.02907	0.09464	0.00815	0.00483	0.00133	0.00228	0.00710	0.00467	0.00450
49	0.01886	0.00715	0.00976	0.00748	0.01073	0.00618	0.00618	0.02049	0.01203	0.82895	0.01658	0.01431	0.01041	0.00520	0.00423	0.00130	0.00358	0.00423	0.00520	0.00715
50	0.00896	0.00883	0.01232	0.01062	0.01065	0.01225	0.00879	0.00986	0.00644	0.01002	0.00603	0.01021	0.00609	0.04341	0.04181	0.00210	0.78143	0.00381	0.00188	0.00448
51	0.01069	0.00915	0.00964	0.00860	0.01102	0.01057	0.00671	0.05595	0.78445	0.01796	0.01681	0.01545	0.01259	0.00568	0.00427	0.00142	0.00338	0.00471	0.00427	0.00667
52	0.00614	0.00467	0.00556	0.00583	0.04234	0.00417	0.00406	0.00770	0.02512	0.04429	0.25124	0.10053	0.45277	0.02039	0.00513	0.00144	0.00234	0.00826	0.00406	0.00397
53	0.00612	0.00452	0.00553	0.00522	0.00640	0.00416	0.00393	0.00827	0.04225	0.02950	0.60273	0.03255	0.21535	0.00889	0.00492	0.00135	0.00209	0.00772	0.00446	0.00403
54	0.00552	0.00421	0.00508	0.00502	0.00606	0.00376	0.00370	0.00705	0.01066	0.01429	0.46789	0.13451	0.29730	0.00983	0.00501	0.00140	0.00209	0.00855	0.00430	0.00376
55	0.82724	0.02353	0.00680	0.00602	0.02043	0.03472	0.00483	0.01250	0.00736	0.01836	0.00590	0.00690	0.00462	0.00391	0.00266	0.00129	0.00343	0.00231	0.00257	0.00461
56	0.11887	0.00829	0.02184	0.00800	0.02443	0.00797	0.00651	0.18548	0.01281	0.48103	0.02538	0.04519	0.01021	0.00544	0.00411	0.00132	0.00376	0.01829	0.00450	0.00658
57	0.10148	0.01102	0.01074	0.00906	0.02413	0.09967	0.00712	0.41625	0.14479	0.04362	0.02538	0.06739	0.00965	0.00555	0.00410	0.00130	0.00438	0.00430	0.00382	0.00625

[dist]
# distance from previous block
# <min> <max>
0	3

[block]
# block no. 3 follows, 63 sequences, length 32
# corresponding to MSA columns:
# 374-405
name=unknown_D
#
# <colnr> <probs for GDERKNQSTAVLIFYWHMCP>
#	G	D	E	R	K	N	Q	S	T	A	V	L	I	F	Y	W	H	M	C	P
0	0.01003	0.01175	0.14551	0.02287	0.66710	0.00979	0.01302	0.01288	0.00943	0.01367	0.00783	0.01010	0.00643	0.00376	0.00410	0.00124	0.00512	0.00360	0.00205	0.03975
1	0.00742	0.00462	0.00579	0.00530	0.00664	0.00415	0.00404	0.00919	0.01135	0.11340	0.54717	0.03021	0.17570	0.00838	0.00477	0.00132	0.00220	0.00725	0.04684	0.00427
2	0.01086	0.00967	0.03796	0.01077	0.10308	0.01037	0.02101	0.12516	0.51660	0.01775	0.01490	0.01527	0.02061	0.00556	0.00443	0.00139	0.01611	0.03026	0.02178	0.00648
3	0.83138	0.05731	0.00710	0.00562	0.00828	0.00985	0.00471	0.01237	0.00723	0.01834	0.00585	0.00682	0.00460	0.00388	0.00261	0.00128	0.00332	0.00227	0.00255	0.00460
4	0.00840	0.00794	0.01344	0.68895	0.17855	0.00946	0.01190	0.01115	0.00862	0.01130	0.00755	0.01106	0.00580	0.00412	0.00420	0.00137	0.00549	0.00374	0.00191	0.00504
5	0.01198	0.00928	0.01564	0.07711	0.50206	0.00928	0.07450	0.01433	0.00994	0.18936	0.00971	0.01133	0.00733	0.00420	0.00459	0.00130	0.03489	0.00394	0.00274	0.00648
6	0.01886	0.00715	0.00976	0.00748	0.01073	0.00618	0.00618	0.02049	0.01203	0.82895	0.01658	0.01431	0.01041	0.00520	0.00423	0.00130	0.00358	0.00423	0.00520	0.00715
7	0.01154	0.77052	0.02115	0.00797	0.03308	0.07661	0.00742	0.01290	0.00882	0.01002	0.00595	0.00690	0.00543	0.00365	0.00282	0.00092	0.00474	0.00232	0.00183	0.00539
8	0.00871	0.00486	0.00637	0.00566	0.00712	0.00442	0.00436	0.01062	0.01175	0.18379	0.61128	0.02698	0.03199	0.00768	0.00469	0.00130	0.00231	0.00670	0.05478	0.00462
9	0.00590	0.00438	0.00522	0.00527	0.00636	0.00397	0.00396	0.00742	0.02254	0.03057	0.27845	0.14290	0.33593	0.04472	0.00574	0.00158	0.00242	0.08479	0.00410	0.00378
10	0.00515	0.00368	0.00490	0.00583	0.00610	0.00343	0.00390	0.00592	0.00818	0.01093	0.04965	0.82246	0.02820	0.01302	0.00535	0.00169	0.00242	0.01181	0.00393	0.00343
11	0.01886	0.00715	0.00976	0.00748	0.01073	0.00618	0.00618	0.02049	0.01203	0.82895	0.01658	0.01431	0.01041	0.00520	0.00423	0.00130	0.00358	0.00423	0.00520	0.00715
12	0.01886	0.00715	0.00976	0.00748	0.01073	0.00618	0.00618	0.02049	0.01203	0.82895	0.01658	0.01431	0.01041	0.00520	0.00423	0.00130	0.00358	0.00423	0.00520	0.00715
13	0.00810	0.00756	0.01068	0.00947	0.00971	0.01019	0.00773	0.00916	0.00652	0.00993	0.00758	0.01214	0.00742	0.04589	0.26849	0.00344	0.55571	0.00402	0.00199	0.00426
14	0.00744	0.00630	0.00775	0.00737	0.00809	0.08300	0.02552	0.00825	0.00710	0.00947	0.01029	0.04987	0.01006	0.07779	0.45231	0.14369	0.07534	0.00456	0.00223	0.00357
15	0.01876	0.00732	0.00986	0.00756	0.01081	0.00642	0.00624	0.04876	0.01231	0.80029	0.01635	0.01416	0.01029	0.00520	0.00423	0.00130	0.00361	0.00421	0.00517	0.00715
16	0.01497	0.01020	0.01132	0.00881	0.01184	0.01098	0.00723	0.60757	0.01777	0.12199	0.12115	0.01349	0.01195	0.00555	0.00431	0.00127	0.00414	0.00436	0.00438	0.00672
17	0.00946	0.01455	0.27313	0.01595	0.02081	0.01036	0.56566	0.01342	0.00960	0.01342	0.00821	0.01058	0.00605	0.00368	0.00466	0.00139	0.00682	0.00439	0.00202	0.00584
18	0.01745	0.00691	0.00935	0.00729	0.01030	0.00604	0.00597	0.01930	0.02630	0.73549	0.09521	0.01600	0.01330	0.00554	0.00430	0.00131	0.00342	0.00457	0.00513	0.00683
19	0.01826	0.00729	0.00974	0.00756	0.01075	0.00649	0.00621	0.02062	0.06987	0.77076	0.01662	0.01441	0.01058	0.00524	0.00423	0.00131	0.00356	0.00427	0.00514	0.00712
20	0.00512	0.00366	0.00488	0.00585	0.00610	0.00341	0.00390	0.00585	0.00805	0.01073	0.02317	0.84952	0.02780	0.01317	0.00537	0.00171	0.00244	0.01195	0.00390	0.00341
21	0.00802	0.00756	0.01276	0.81406	0.05639	0.00936	0.01172	0.01082	0.00845	0.01084	0.00749	0.01118	0.00564	0.00419	0.00420	0.00140	0.00558	0.00374	0.00188	0.00474
22	0.00526	0.00387	0.00544	0.00619	0.00654	0.00362	0.02662	0.00607	0.00810	0.01081	0.02276	0.82592	0.02720	0.01290	0.00535	0.00170	0.00257	0.01175	0.00385	0.00348
23	0.00530	0.00379	0.00507	0.00595	0.00630	0.00356	0.00412	0.00621	0.00844	0.01131	0.08053	0.73191	0.02839	0.01273	0.00537	0.00170	0.00251	0.06938	0.00395	0.00349
24	0.00986	0.00948	0.01630	0.20128	0.63435	0.00986	0.03263	0.01245	0.00933	0.01308	0.00783	0.01060	0.00642	0.00384	0.00419	0.00129	0.00518	0.00377	0.00204	0.00621
25	0.01045	0.07302	0.01025	0.00688	0.01042	0.03784	0.00563	0.09616	0.01025	0.06137	0.02718	0.00952	0.00725	0.00365	0.00333	0.00078	0.00354	0.00284	0.00281	0.61682
26	0.75303	0.08004	0.01927	0.00595	0.00870	0.02497	0.00507	0.02536	0.00766	0.03092	0.00613	0.00704	0.00478	0.00392	0.00270	0.00126	0.00350	0.00235	0.00258	0.00474
27	0.01399	0.01546	0.01134	0.01095	0.07044	0.50890	0.00784	0.01761	0.19051	0.06660	0.01089	0.01118	0.03629	0.00487	0.00400	0.00120	0.00599	0.00355	0.00289	0.00550
28	0.10712	0.08808	0.47839	0.01091	0.01577	0.08864	0.05989	0.07944	0.00991	0.01446	0.00738	0.00860	0.00547	0.00404	0.00379	0.00127	0.00579	0.00307	0.00213	0.00588
29	0.01276	0.01336	0.01038	0.00935	0.01162	0.35107	0.00716	0.01950	0.43059	0.04247	0.03943	0.01281	0.01057	0.00522	0.00410	0.00128	0.00505	0.00398	0.00345	0.00585
30	0.00625	0.00482	0.00727	0.00708	0.00796	0.00555	0.02437	0.00814	0.03372	0.01011	0.01139	0.01636	0.01049	0.03001	0.78840	0.00645	0.01090	0.00452	0.00232	0.00389
31	0.04372	0.00875	0.04086	0.00940	0.05256	0.00845	0.04888	0.10329	0.22024	0.30003	0.05235	0.04244	0.01227	0.00569	0.00433	0.00137	0.00386	0.03088	0.00421	0.00642

[dist]
# distance from previous block
# <min> <max>
0	7

[block]
# block no. 4 follows, 63 sequences, length 71
# corresponding to MSA columns:
# 413-483
name=unknown_E
#
# <colnr> <probs for GDERKNQSTAVLIFYWHMCP>
#	G	D	E	R	K	N	Q	S	T	A	V	L	I	F	Y	W	H	M	C	P
0	0.00520	0.00426	0.00459	0.00453	0.00583	0.00365	0.00339	0.00648	0.01011	0.01265	0.22777	0.05231	0.62421	0.01020	0.00497	0.00140	0.00210	0.00862	0.00408	0.00365
1	0.01046	0.00903	0.00951	0.00855	0.01093	0.01046	0.00665	0.02234	0.81845	0.01759	0.01711	0.01568	0.01283	0.00570	0.00428	0.00143	0.00333	0.00475	0.00428	0.00665
2	0.11819	0.41561	0.24649	0.01882	0.01281	0.04624	0.00924	0.04636	0.00908	0.01282	0.00674	0.00780	0.00548	0.00388	0.00318	0.00110	0.00491	0.00263	0.02309	0.00553
3	0.02675	0.00755	0.00924	0.00767	0.01036	0.00748	0.00622	0.06474	0.22676	0.43618	0.06993	0.01798	0.03054	0.00603	0.00437	0.00137	0.00345	0.05218	0.00472	0.00650
4	0.00585	0.00429	0.00548	0.00519	0.00622	0.00392	0.00389	0.00774	0.01167	0.01631	0.74558	0.03231	0.11825	0.00880	0.00496	0.00133	0.00200	0.00773	0.00456	0.00392
5	0.04491	0.01245	0.16863	0.01510	0.01933	0.00982	0.55062	0.01306	0.00960	0.02899	0.00955	0.03315	0.00777	0.00439	0.00474	0.00143	0.00640	0.05218	0.00229	0.00559
6	0.01024	0.01023	0.03305	0.03518	0.66031	0.00995	0.11696	0.02685	0.00973	0.01380	0.00838	0.03075	0.00710	0.00398	0.00429	0.00129	0.00523	0.00409	0.00216	0.00642
7	0.00559	0.00433	0.00485	0.00469	0.00599	0.00375	0.00353	0.00699	0.01045	0.02936	0.31778	0.03675	0.53142	0.00982	0.00495	0.00138	0.00211	0.00833	0.00418	0.00377
8	0.01271	0.00695	0.00780	0.00643	0.00862	0.00710	0.00516	0.23732	0.02538	0.20702	0.01342	0.01379	0.00971	0.00502	0.00361	0.00114	0.00310	0.00397	0.41612	0.00562
9	0.03297	0.16626	0.41441	0.01128	0.08353	0.01064	0.01158	0.06532	0.01003	0.14290	0.00882	0.00951	0.00635	0.00416	0.00379	0.00124	0.00521	0.00321	0.00252	0.00627
10	0.01348	0.08893	0.20449	0.00877	0.01254	0.00947	0.00864	0.21067	0.02442	0.26534	0.05971	0.01318	0.03563	0.00511	0.00407	0.00126	0.00437	0.00402	0.01951	0.00640
11	0.00604	0.00437	0.00610	0.00610	0.00662	0.00490	0.00443	0.00708	0.00656	0.00927	0.01186	0.01985	0.01196	0.28052	0.58859	0.00594	0.00908	0.00499	0.00234	0.00339
12	0.16864	0.06075	0.03536	0.02014	0.58001	0.02669	0.01096	0.01283	0.00905	0.01430	0.00734	0.00942	0.00613	0.00384	0.00393	0.00124	0.01775	0.00335	0.00215	0.00612
13	0.00784	0.00392	0.00392	0.00392	0.00490	0.00392	0.00294	0.00980	0.00882	0.01567	0.01371	0.01567	0.01077	0.00490	0.00294	0.00098	0.00196	0.00392	0.87560	0.00392
14	0.01034	0.00993	0.01695	0.04574	0.80657	0.00997	0.01287	0.01285	0.00954	0.01366	0.00790	0.01042	0.00663	0.00376	0.00416	0.00125	0.00501	0.00375	0.00208	0.00661
15	0.00872	0.00747	0.00872	0.00623	0.00996	0.00560	0.00498	0.01058	0.00872	0.01370	0.00747	0.00872	0.00623	0.00311	0.00311	0.00062	0.00311	0.00249	0.00249	0.87796
16	0.00534	0.00427	0.00479	0.00472	0.00595	0.00371	0.00355	0.00673	0.01035	0.01326	0.31121	0.05750	0.51877	0.01002	0.00499	0.00140	0.00212	0.02346	0.00415	0.00370
17	0.00843	0.02174	0.83048	0.01198	0.01819	0.00976	0.01553	0.01331	0.00888	0.01331	0.00754	0.00888	0.00533	0.00399	0.00399	0.00133	0.00621	0.00311	0.00178	0.00621
18	0.88196	0.00813	0.00618	0.00553	0.00813	0.00943	0.00455	0.01236	0.00715	0.01886	0.00585	0.00683	0.00455	0.00390	0.00260	0.00130	0.00325	0.00228	0.00260	0.00455
19	0.00677	0.00484	0.00677	0.00774	0.00871	0.00484	0.00677	0.00871	0.00968	0.01258	0.02226	0.04742	0.02419	0.01161	0.00581	0.00194	0.00387	0.79775	0.00387	0.00387
20	0.00512	0.00366	0.00488	0.00585	0.00610	0.00341	0.00390	0.00585	0.00805	0.01073	0.02317	0.84952	0.02780	0.01317	0.00537	0.00171	0.00244	0.01195	0.00390	0.00341
21	0.01598	0.01177	0.01262	0.00967	0.01304	0.01304	0.00799	0.81202	0.01976	0.02649	0.01009	0.01009	0.00715	0.00505	0.00421	0.00126	0.00463	0.00378	0.00421	0.00715
22	0.00920	0.00920	0.01288	0.01104	0.01104	0.01288	0.00920	0.01012	0.00644	0.01012	0.00552	0.00920	0.00552	0.00736	0.01380	0.00184	0.84457	0.00368	0.00184	0.00460
23	0.00975	0.01253	0.11713	0.01706	0.02154	0.01053	0.71965	0.01345	0.00980	0.01345	0.00839	0.01106	0.00626	0.00360	0.00485	0.00141	0.00699	0.00475	0.00209	0.00573
24	0.00512	0.00366	0.00488	0.00585	0.00610	0.00341	0.00390	0.00585	0.00805	0.01073	0.02317	0.84952	0.02780	0.01317	0.00537	0.00171	0.00244	0.01195	0.00390	0.00341
25	0.01038	0.01007	0.01753	0.02532	0.77786	0.01003	0.06071	0.01294	0.00959	0.01372	0.00794	0.01046	0.00664	0.00373	0.00421	0.00126	0.00512	0.00382	0.00208	0.00660
26	0.00992	0.01134	0.02481	0.01772	0.02197	0.01063	0.81077	0.01347	0.00992	0.01347	0.00850	0.01134	0.00638	0.00354	0.00496	0.00142	0.00709	0.00496	0.00213	0.00567
27	0.09629	0.00501	0.00503	0.00493	0.00528	0.03113	0.00299	0.00713	0.00642	0.00935	0.01223	0.02450	0.01376	0.71959	0.03737	0.00376	0.00427	0.00557	0.00253	0.00285
28	0.00989	0.00949	0.01622	0.19195	0.62941	0.00988	0.03230	0.01264	0.02324	0.01318	0.00799	0.01068	0.00654	0.00387	0.00419	0.00129	0.00514	0.00379	0.00208	0.00623
29	0.00498	0.00422	0.00430	0.00435	0.00570	0.00354	0.00324	0.00602	0.00949	0.01132	0.04142	0.08894	0.77660	0.01080	0.00499	0.00144	0.00215	0.00906	0.00390	0.00354
30	0.01124	0.85479	0.02203	0.00719	0.01079	0.01663	0.00719	0.01259	0.00854	0.00989	0.00584	0.00674	0.00539	0.00360	0.00270	0.00090	0.00450	0.00225	0.00180	0.00539
31	0.85094	0.00798	0.00610	0.00547	0.00801	0.00923	0.00450	0.01227	0.00721	0.01875	0.00613	0.00714	0.00477	0.00394	0.00261	0.00129	0.00321	0.00233	0.03358	0.00453
32	0.00852	0.04123	0.76150	0.01152	0.01752	0.00968	0.01470	0.01313	0.00886	0.01325	0.00750	0.00881	0.00538	0.00393	0.00391	0.00128	0.00599	0.00305	0.00182	0.05843
33	0.01040	0.00999	0.01706	0.02580	0.82604	0.00999	0.01290	0.01290	0.00957	0.01373	0.00791	0.01040	0.00666	0.00375	0.00416	0.00125	0.00499	0.00375	0.00208	0.00666
34	0.01128	0.00944	0.00997	0.00872	0.01125	0.01084	0.00685	0.14047	0.69896	0.01892	0.01606	0.01485	0.01198	0.00561	0.00427	0.00140	0.00352	0.00461	0.00427	0.00673
35	0.00499	0.00426	0.00429	0.00428	0.00569	0.00356	0.00321	0.00608	0.00963	0.01148	0.06030	0.04025	0.80654	0.01060	0.00497	0.00142	0.00213	0.00884	0.00392	0.00356
36	0.00497	0.00426	0.00426	0.00426	0.00568	0.00355	0.00319	0.00603	0.00958	0.01136	0.04259	0.04046	0.82433	0.01065	0.00497	0.00142	0.00213	0.00887	0.00390	0.00355
37	0.00992	0.01134	0.02481	0.01772	0.02197	0.01063	0.81077	0.01347	0.00992	0.01347	0.00850	0.01134	0.00638	0.00354	0.00496	0.00142	0.00709	0.00496	0.00213	0.00567
38	0.01570	0.02004	0.01191	0.01083	0.01300	0.83539	0.00812	0.01679	0.01191	0.01029	0.00650	0.00758	0.00541	0.00433	0.00379	0.00108	0.00758	0.00271	0.00217	0.00487
39	0.00872	0.00747	0.00872	0.00623	0.00996	0.00560	0.00498	0.01058	0.00872	0.01370	0.00747	0.00872	0.00623	0.00311	0.00311	0.00062	0.00311	0.00249	0.00249	0.87796
40	0.01489	0.01545	0.01173	0.01006	0.01266	0.42565	0.00783	0.27722	0.15273	0.01683	0.00949	0.00979	0.00725	0.00480	0.00401	0.00120	0.00589	0.00341	0.00319	0.00592
41	0.01004	0.42206	0.35179	0.00917	0.01362	0.01280	0.01047	0.01282	0.00878	0.04012	0.00841	0.00934	0.03900	0.00422	0.00373	0.00114	0.03183	0.00299	0.00200	0.00569
42	0.01735	0.00752	0.00980	0.00766	0.01074	0.00687	0.00630	0.11770	0.01276	0.65303	0.03215	0.03524	0.01137	0.00561	0.00430	0.00131	0.00365	0.02967	0.00495	0.02203
43	0.00988	0.01121	0.02409	0.01732	0.02132	0.01077	0.76274	0.01326	0.00971	0.01326	0.00833	0.01121	0.00633	0.00377	0.00549	0.00144	0.05727	0.00488	0.00211	0.00561
44	0.00954	0.00910	0.01550	0.31238	0.54623	0.00976	0.01247	0.01214	0.00916	0.01268	0.00775	0.01069	0.00629	0.00391	0.00418	0.00130	0.00521	0.00374	0.00201	0.00596
45	0.01021	0.00979	0.01672	0.08935	0.76399	0.00994	0.01281	0.01273	0.00948	0.01350	0.00787	0.01047	0.00658	0.00378	0.00416	0.00126	0.00504	0.00374	0.00206	0.00650
46	0.00852	0.04828	0.80473	0.01183	0.01796	0.00998	0.01527	0.01329	0.00886	0.01320	0.00749	0.00881	0.00533	0.00398	0.00395	0.00132	0.00616	0.00308	0.00178	0.00619
47	0.00920	0.00920	0.01288	0.01104	0.01104	0.01288	0.00920	0.01012	0.00644	0.01012	0.00552	0.00920	0.00552	0.00736	0.01380	0.00184	0.84457	0.00368	0.00184	0.00460
48	0.00843	0.02174	0.83048	0.01198	0.01819	0.00976	0.01553	0.01331	0.00888	0.01331	0.00754	0.00888	0.00533	0.00399	0.00399	0.00133	0.00621	0.00311	0.00178	0.00621
49	0.01040	0.00999	0.01706	0.02580	0.82604	0.00999	0.01290	0.01290	0.00957	0.01373	0.00791	0.01040	0.00666	0.00375	0.00416	0.00125	0.00499	0.00375	0.00208	0.00666
50	0.00902	0.00502	0.00636	0.00582	0.00685	0.00514	0.00425	0.01029	0.02218	0.16802	0.04178	0.01990	0.01303	0.29815	0.18328	0.00335	0.03739	0.00498	0.15107	0.00412
51	0.01023	0.09226	0.19930	0.00958	0.02740	0.02329	0.00890	0.03131	0.51688	0.01583	0.01341	0.01297	0.01009	0.00505	0.00405	0.00134	0.00421	0.00407	0.00340	0.00641
52	0.00555	0.00390	0.00474	0.00522	0.00547	0.00373	0.00332	0.00602	0.00738	0.00973	0.02053	0.42672	0.08601	0.36543	0.01208	0.00268	0.00312	0.02196	0.00333	0.00307
53	0.02640	0.11289	0.68669	0.01129	0.01702	0.01042	0.02778	0.01343	0.00892	0.03719	0.00761	0.00880	0.00549	0.00398	0.00385	0.00128	0.00590	0.00306	0.00190	0.00611
54	0.01072	0.00901	0.02501	0.01047	0.11525	0.03803	0.00740	0.01834	0.46681	0.08345	0.05902	0.01703	0.01330	0.00574	0.00431	0.00136	0.00371	0.05584	0.00385	0.05133
55	0.00888	0.00887	0.01087	0.00968	0.01014	0.09647	0.00786	0.01000	0.00711	0.01002	0.00741	0.01131	0.00706	0.01457	0.26862	0.00329	0.49763	0.00383	0.00200	0.00436
56	0.00849	0.03845	0.81427	0.01189	0.01805	0.00990	0.01536	0.01330	0.00887	0.01324	0.00751	0.00883	0.00533	0.00399	0.00397	0.00132	0.00618	0.00309	0.00178	0.00620
57	0.00595	0.00430	0.00562	0.00529	0.00628	0.00397	0.00397	0.00793	0.01190	0.01686	0.82382	0.03140	0.03966	0.00859	0.00496	0.00132	0.00198	0.00760	0.00463	0.00397
58	0.00601	0.00450	0.00676	0.00676	0.00751	0.00525	0.00525	0.00751	0.00676	0.00976	0.01126	0.01651	0.01051	0.03153	0.83560	0.00676	0.01126	0.00450	0.00225	0.00375
59	0.03584	0.00717	0.00969	0.00744	0.01068	0.00624	0.00615	0.02033	0.01194	0.81302	0.01637	0.01416	0.01029	0.00518	0.00420	0.00130	0.00357	0.00419	0.00515	0.00710
60	0.00647	0.00470	0.00637	0.00723	0.00821	0.00461	0.00619	0.00823	0.00957	0.01233	0.02464	0.09469	0.11610	0.01160	0.00568	0.00186	0.00359	0.66026	0.00388	0.00381
61	0.01124	0.85479	0.02203	0.00719	0.01079	0.01663	0.00719	0.01259	0.00854	0.00989	0.00584	0.00674	0.00539	0.00360	0.00270	0.00090	0.00450	0.00225	0.00180	0.00539
62	0.00595	0.00430	0.00562	0.00529	0.00628	0.00397	0.00397	0.00793	0.01190	0.01686	0.82382	0.03140	0.03966	0.00859	0.00496	0.00132	0.00198	0.00760	0.00463	0.00397
63	0.00511	0.00376	0.00480	0.00560	0.00604	0.00344	0.00380	0.00591	0.00834	0.01092	0.03864	0.71501	0.14780	0.01272	0.00530	0.00166	0.00239	0.01142	0.00391	0.00344
64	0.00570	0.00429	0.00527	0.00503	0.00613	0.00386	0.00377	0.00745	0.01131	0.01546	0.62486	0.03371	0.23950	0.00912	0.00496	0.00135	0.00202	0.00793	0.00444	0.00386
65	0.01598	0.01177	0.01262	0.00967	0.01304	0.01304	0.00799	0.81202	0.01976	0.02649	0.01009	0.01009	0.00715	0.00505	0.00421	0.00126	0.00463	0.00378	0.00421	0.00715
66	0.01131	0.00946	0.00999	0.00873	0.01126	0.01086	0.00686	0.14479	0.69459	0.01897	0.01602	0.01482	0.01195	0.00560	0.00427	0.00140	0.00353	0.00460	0.00427	0.00673
67	0.88196	0.00813	0.00618	0.00553	0.00813	0.00943	0.00455	0.01236	0.00715	0.01886	0.00585	0.00683	0.00455	0.00390	0.00260	0.00130	0.00325	0.00228	0.00260	0.00455
68	0.00908	0.08057	0.72381	0.01150	0.01736	0.01045	0.01449	0.06112	0.00950	0.01386	0.00758	0.00880	0.00544	0.00403	0.00391	0.00130	0.00600	0.00309	0.00192	0.00621
69	0.84873	0.00809	0.00632	0.00560	0.00823	0.00931	0.00462	0.01267	0.00734	0.05004	0.00627	0.00712	0.00478	0.00395	0.00266	0.00130	0.00326	0.00235	0.00270	0.00465
70	0.00678	0.00465	0.00580	0.00540	0.00664	0.00428	0.00408	0.02257	0.02574	0.06453	0.58338	0.06467	0.16787	0.00881	0.00491	0.00135	0.00219	0.00767	0.00450	0.00417

[dist]
# distance from previous block
# <min> <max>
0	38

[block]
# block no. 5 follows, 63 sequences, length 30
# corresponding to MSA columns:
# 522-551
name=unknown_F
#
# <colnr> <probs for GDERKNQSTAVLIFYWHMCP>
#	G	D	E	R	K	N	Q	S	T	A	V	L	I	F	Y	W	H	M	C	P
0	0.79486	0.00821	0.00665	0.00581	0.00848	0.00937	0.00479	0.04398	0.00795	0.06928	0.00668	0.00742	0.00502	0.00403	0.00276	0.00130	0.00333	0.00246	0.00282	0.00481
1	0.00862	0.00817	0.01384	0.61701	0.24879	0.00952	0.01201	0.01134	0.00873	0.01157	0.00759	0.01099	0.00589	0.00408	0.00419	0.00136	0.00544	0.00374	0.00193	0.00522
2	0.00843	0.02174	0.83048	0.01198	0.01819	0.00976	0.01553	0.01331	0.00888	0.01331	0.00754	0.00888	0.00533	0.00399	0.00399	0.00133	0.00621	0.00311	0.00178	0.00621
3	0.03902	0.00828	0.01399	0.01320	0.13161	0.00832	0.24110	0.02379	0.10736	0.04999	0.01429	0.10000	0.01350	0.00683	0.00507	0.00154	0.02359	0.19007	0.00313	0.00532
4	0.01176	0.66954	0.03524	0.00788	0.01125	0.13093	0.00745	0.01379	0.05913	0.01049	0.00667	0.00745	0.00586	0.00384	0.00297	0.00097	0.00489	0.00248	0.00200	0.00542
5	0.01159	0.00928	0.00979	0.00859	0.01110	0.02567	0.00674	0.07796	0.68459	0.08080	0.01638	0.01503	0.01210	0.00559	0.00426	0.00140	0.00352	0.00461	0.00430	0.00669
6	0.00876	0.00831	0.01409	0.56990	0.29478	0.00956	0.01208	0.01146	0.00879	0.01174	0.00762	0.01094	0.00596	0.00405	0.00419	0.00135	0.00540	0.00374	0.00194	0.00533
7	0.00633	0.00444	0.00558	0.00527	0.00631	0.00421	0.00396	0.00870	0.04295	0.01676	0.70405	0.02907	0.03547	0.00808	0.00471	0.00129	0.00203	0.00709	0.09963	0.00407
8	0.01408	0.01044	0.01126	0.00911	0.01209	0.01162	0.00737	0.46288	0.32122	0.07441	0.01316	0.01248	0.00951	0.00530	0.00423	0.00133	0.00407	0.00418	0.00430	0.00696
9	0.00513	0.00426	0.00448	0.00442	0.00577	0.00362	0.00332	0.00634	0.00995	0.01224	0.16816	0.03900	0.69821	0.01032	0.00497	0.00140	0.00211	0.00867	0.00402	0.00362
10	0.00602	0.00443	0.00640	0.00640	0.00703	0.00506	0.00481	0.00728	0.00665	0.00950	0.01159	0.01832	0.01129	0.16601	0.70219	0.00632	0.01008	0.00477	0.00230	0.00356
