[name]
unknown

[dist]
# distance from previous block
# <min> <max>
0	77

[block]
# block no. 0 follows, 59 sequences, length 14
# corresponding to MSA columns:
# 77-90
name=unknown_A
#
# <colnr> <probs for GDERKNQSTAVLIFYWHMCP>
#	G	D	E	R	K	N	Q	S	T	A	V	L	I	F	Y	W	H	M	C	P
0	0.24075	0.00568	0.00607	0.00593	0.00732	0.00579	0.00434	0.01020	0.00881	0.11267	0.06878	0.30526	0.04502	0.11366	0.00669	0.00187	0.00309	0.00735	0.03639	0.00434
1	0.00652	0.00429	0.00542	0.00574	0.00641	0.00396	0.00394	0.00739	0.00916	0.05692	0.14694	0.42724	0.13081	0.12521	0.00813	0.03151	0.00279	0.00984	0.00403	0.00373
2	0.03215	0.00568	0.00706	0.00655	0.00809	0.00539	0.00490	0.05523	0.02507	0.22269	0.08443	0.27767	0.07953	0.08686	0.00684	0.02012	0.00319	0.03254	0.03113	0.00488
3	0.10869	0.00559	0.00623	0.00622	0.00746	0.00565	0.00450	0.03610	0.08712	0.05901	0.06174	0.35902	0.13726	0.08704	0.00655	0.00184	0.00298	0.00863	0.00397	0.00437
4	0.02445	0.00490	0.00601	0.00608	0.00706	0.00466	0.00431	0.04475	0.00968	0.10572	0.07207	0.43841	0.08171	0.10519	0.00707	0.00190	0.00293	0.00928	0.05961	0.00422
5	0.05657	0.00532	0.00636	0.00595	0.00737	0.00500	0.00441	0.01019	0.03930	0.12382	0.24834	0.15690	0.13439	0.11854	0.00722	0.00183	0.00291	0.02577	0.00420	0.03561
6	0.09055	0.00955	0.02778	0.00942	0.05343	0.04167	0.02620	0.15677	0.16269	0.11874	0.08090	0.04431	0.02953	0.00632	0.02026	0.00145	0.02170	0.00469	0.00385	0.09018
7	0.30118	0.00995	0.03618	0.02781	0.01197	0.04412	0.07292	0.16856	0.02779	0.08857	0.01048	0.02611	0.02710	0.04635	0.02393	0.00160	0.00460	0.00386	0.00327	0.06364
8	0.06564	0.00809	0.01000	0.00801	0.01086	0.00804	0.03281	0.14678	0.09956	0.36662	0.11128	0.01618	0.01388	0.00576	0.00435	0.00135	0.00367	0.00473	0.07580	0.00656
9	0.03970	0.00847	0.02280	0.00875	0.01042	0.08764	0.07755	0.07980	0.01040	0.09331	0.10382	0.16937	0.01589	0.05481	0.05107	0.07437	0.07752	0.00616	0.00338	0.00477
10	0.10883	0.00734	0.00892	0.00711	0.01002	0.00692	0.00581	0.07325	0.01204	0.53020	0.01518	0.01415	0.01011	0.00525	0.00401	0.00130	0.00348	0.00413	0.16537	0.00659
11	0.00582	0.00414	0.00533	0.00612	0.00651	0.00394	0.00426	0.00665	0.00842	0.01111	0.02332	0.54019	0.06437	0.16227	0.00870	0.00226	0.00308	0.12616	0.00384	0.00350
12	0.00631	0.00471	0.00699	0.00699	0.00775	0.00546	0.00539	0.00782	0.00707	0.01017	0.01193	0.01788	0.01127	0.07053	0.79019	0.00697	0.01148	0.00481	0.00238	0.00388
13	0.01356	0.10379	0.03785	0.00863	0.01239	0.02721	0.00738	0.36728	0.01460	0.06091	0.00937	0.00986	0.00706	0.00440	0.00384	0.00106	0.00436	0.00332	0.00346	0.29970

[dist]
# distance from previous block
# <min> <max>
1	2

[block]
# block no. 1 follows, 59 sequences, length 13
# corresponding to MSA columns:
# 93-105
name=unknown_B
#
# <colnr> <probs for GDERKNQSTAVLIFYWHMCP>
#	G	D	E	R	K	N	Q	S	T	A	V	L	I	F	Y	W	H	M	C	P
0	0.05930	0.24049	0.03800	0.00929	0.01294	0.01444	0.00820	0.52463	0.01655	0.02228	0.00908	0.00943	0.00681	0.00479	0.00389	0.00123	0.00479	0.00343	0.00357	0.00684
1	0.07730	0.52825	0.04602	0.00826	0.01174	0.11265	0.00773	0.03704	0.00996	0.09408	0.00755	0.00824	0.00619	0.00422	0.00350	0.00109	0.02521	0.00275	0.00243	0.00579
2	0.00618	0.00451	0.00581	0.00549	0.00656	0.00414	0.00411	0.00821	0.01234	0.01734	0.76491	0.03361	0.09190	0.00917	0.00521	0.00140	0.00209	0.00807	0.00481	0.00414
3	0.00625	0.00494	0.00569	0.00542	0.00677	0.00459	0.00409	0.00886	0.08193	0.01544	0.43257	0.03538	0.35254	0.00963	0.00515	0.00144	0.00227	0.00826	0.00452	0.00424
4	0.01061	0.29870	0.40950	0.01186	0.05826	0.01275	0.06674	0.03553	0.00973	0.03704	0.00777	0.00904	0.00598	0.00408	0.00383	0.00124	0.00579	0.00318	0.00209	0.00628
5	0.00538	0.00384	0.00512	0.00615	0.00641	0.00359	0.00410	0.00615	0.00846	0.01127	0.02434	0.84190	0.02921	0.01384	0.00564	0.00179	0.00256	0.01256	0.00410	0.00359
6	0.01144	0.03897	0.01146	0.06817	0.06531	0.10236	0.00798	0.02098	0.58529	0.01658	0.01499	0.01452	0.01139	0.00551	0.00437	0.00143	0.00432	0.00452	0.00383	0.00659
7	0.01077	0.07542	0.07833	0.00765	0.01165	0.00816	0.00679	0.08650	0.04771	0.06366	0.00902	0.00984	0.00707	0.00383	0.00355	0.00088	0.00384	0.00300	0.00292	0.55939
8	0.04034	0.08750	0.01327	0.03777	0.03329	0.20228	0.00819	0.33061	0.09996	0.08847	0.01042	0.01063	0.00771	0.00498	0.00414	0.00128	0.00533	0.00367	0.00361	0.00656
9	0.01650	0.02105	0.01252	0.01138	0.01365	0.82705	0.00853	0.01764	0.01252	0.01081	0.00683	0.00796	0.00569	0.00455	0.00398	0.00114	0.00796	0.00284	0.00228	0.00512
10	0.00642	0.00428	0.00482	0.00482	0.00482	0.00428	0.00268	0.00642	0.00642	0.00856	0.01392	0.02890	0.01606	0.84478	0.02248	0.00428	0.00428	0.00642	0.00268	0.00268
11	0.01183	0.72115	0.09512	0.00825	0.01219	0.06709	0.00841	0.01357	0.00923	0.01074	0.00635	0.00734	0.00566	0.00386	0.00303	0.00100	0.00509	0.00247	0.00191	0.00571
12	0.01156	0.01161	0.04202	0.33462	0.19239	0.11193	0.06051	0.15431	0.01180	0.01512	0.00838	0.01084	0.00643	0.00444	0.00440	0.00137	0.00594	0.00386	0.00250	0.00596

[dist]
# distance from previous block
# <min> <max>
0	1

[block]
# block no. 2 follows, 59 sequences, length 69
# corresponding to MSA columns:
# 107-175
name=unknown_C
#
# <colnr> <probs for GDERKNQSTAVLIFYWHMCP>
#	G	D	E	R	K	N	Q	S	T	A	V	L	I	F	Y	W	H	M	C	P
0	0.00622	0.00451	0.00586	0.00552	0.00658	0.00415	0.00414	0.00827	0.01242	0.01753	0.79030	0.03330	0.06639	0.00910	0.00521	0.00139	0.00209	0.00803	0.00484	0.00415
1	0.00784	0.02426	0.00724	0.00668	0.00821	0.00650	0.00503	0.03739	0.23793	0.02815	0.16971	0.23311	0.19151	0.00954	0.00503	0.00153	0.00281	0.00826	0.00434	0.00492
2	0.01245	0.10695	0.08397	0.05599	0.20266	0.23811	0.15651	0.05392	0.01105	0.01335	0.00779	0.00974	0.00627	0.00422	0.00440	0.00128	0.01945	0.00364	0.00226	0.00599
3	0.14733	0.10530	0.01307	0.03530	0.01297	0.01293	0.00767	0.51801	0.01630	0.02328	0.00916	0.00963	0.00677	0.00479	0.00391	0.00125	0.00456	0.00347	0.00368	0.06061
4	0.01160	0.67804	0.08858	0.00921	0.06208	0.02729	0.00857	0.01342	0.00928	0.02718	0.02612	0.00830	0.00672	0.00399	0.00315	0.00103	0.00487	0.00272	0.00205	0.00582
5	0.01251	0.06097	0.40306	0.01105	0.01553	0.13661	0.01192	0.05938	0.01078	0.15024	0.00933	0.01018	0.00672	0.00521	0.01776	0.00145	0.06482	0.00346	0.00269	0.00633
6	0.00567	0.00443	0.00514	0.00509	0.00628	0.00390	0.00377	0.00717	0.01095	0.01432	0.36992	0.11342	0.41309	0.01052	0.00525	0.00148	0.00220	0.00906	0.00442	0.00390
7	0.00767	0.00384	0.00575	0.00575	0.00575	0.00384	0.00384	0.00575	0.00575	0.00767	0.00767	0.01343	0.00767	0.01534	0.01726	0.87150	0.00384	0.00384	0.00192	0.00192
8	0.00572	0.00446	0.00519	0.00508	0.00629	0.00393	0.00378	0.00729	0.01115	0.01467	0.41277	0.07995	0.40330	0.01029	0.00524	0.00146	0.00218	0.00885	0.00447	0.00393
9	0.00619	0.00451	0.00582	0.00550	0.00656	0.00414	0.00412	0.00822	0.01236	0.01738	0.77130	0.03353	0.08548	0.00915	0.00521	0.00139	0.00209	0.00806	0.00482	0.00414
10	0.00896	0.02216	0.77235	0.01296	0.01936	0.01031	0.06518	0.01400	0.00939	0.01400	0.00799	0.00949	0.00566	0.00417	0.00426	0.00140	0.00658	0.00338	0.00189	0.00649
11	0.00642	0.00428	0.00482	0.00482	0.00482	0.00428	0.00268	0.00642	0.00642	0.00856	0.01392	0.02890	0.01606	0.84478	0.02248	0.00428	0.00428	0.00642	0.00268	0.00268
12	0.00635	0.00458	0.00635	0.00635	0.00688	0.00512	0.00459	0.00741	0.00688	0.00970	0.01251	0.02113	0.01268	0.29865	0.56400	0.00618	0.00936	0.00529	0.00247	0.00353
13	0.01982	0.00752	0.01025	0.00786	0.01127	0.00649	0.00649	0.02152	0.01264	0.82029	0.01742	0.01503	0.01093	0.00547	0.00444	0.00137	0.00376	0.00444	0.00547	0.00752
14	0.00937	0.00838	0.02270	0.00686	0.01072	0.01779	0.00557	0.01203	0.05902	0.01459	0.00847	0.00960	0.00695	0.00347	0.00337	0.00073	0.00340	0.00278	0.00272	0.79149
15	0.00761	0.00386	0.00571	0.00571	0.00571	0.00386	0.00378	0.00579	0.00579	0.00772	0.00798	0.01419	0.00809	0.05654	0.01752	0.82842	0.00386	0.00396	0.00196	0.00196
16	0.00823	0.00412	0.00412	0.00412	0.00515	0.00412	0.00309	0.01029	0.00926	0.01647	0.01441	0.01647	0.01132	0.00515	0.00309	0.00103	0.00206	0.00412	0.86930	0.00412
17	0.87598	0.00854	0.00649	0.00581	0.00854	0.00991	0.00478	0.01298	0.00752	0.01982	0.00615	0.00717	0.00478	0.00410	0.00273	0.00137	0.00342	0.00239	0.00273	0.00478
18	0.00966	0.00966	0.01353	0.01160	0.01160	0.01353	0.00966	0.01063	0.00676	0.01063	0.00580	0.00966	0.00580	0.00773	0.01449	0.00193	0.83670	0.00387	0.00193	0.00483
19	0.00877	0.00463	0.00469	0.00449	0.00568	0.00471	0.00342	0.05961	0.00998	0.01717	0.01417	0.01610	0.01108	0.00516	0.00317	0.00105	0.00223	0.00411	0.81545	0.00433
20	0.01049	0.01104	0.02178	0.07964	0.35352	0.01079	0.41835	0.01370	0.01016	0.01406	0.00860	0.01150	0.00677	0.00386	0.00481	0.00141	0.00642	0.00459	0.00219	0.00631
21	0.01395	0.01380	0.01800	0.03381	0.03262	0.20976	0.31945	0.20343	0.01342	0.06717	0.00925	0.01077	0.00688	0.00451	0.00483	0.00136	0.02363	0.00421	0.00295	0.00619
22	0.00556	0.00392	0.00507	0.00593	0.00614	0.00370	0.00386	0.00620	0.00812	0.01082	0.02260	0.70576	0.02701	0.15298	0.00846	0.00221	0.00285	0.01153	0.00386	0.00343
23	0.00898	0.00594	0.00800	0.00821	0.08064	0.00572	0.00569	0.01204	0.08678	0.12621	0.53408	0.02757	0.03122	0.00791	0.00499	0.00141	0.00279	0.03206	0.00464	0.00514
24	0.01015	0.00803	0.00940	0.00678	0.01066	0.00627	0.00545	0.04621	0.00988	0.06515	0.00857	0.00959	0.00686	0.00350	0.00339	0.00073	0.00337	0.00279	0.00287	0.78036
25	0.00894	0.03807	0.79129	0.01261	0.01905	0.01041	0.03160	0.01398	0.00934	0.01392	0.00791	0.00933	0.00562	0.00418	0.00419	0.00139	0.00651	0.00329	0.00187	0.00650
26	0.00631	0.00471	0.00699	0.00699	0.00774	0.00546	0.00539	0.00782	0.00707	0.01017	0.01193	0.01790	0.01128	0.07153	0.78920	0.00696	0.01147	0.00481	0.00238	0.00388
27	0.02062	0.09496	0.12339	0.01640	0.27441	0.03124	0.11565	0.10860	0.07964	0.03141	0.02492	0.01177	0.01889	0.00475	0.00460	0.02013	0.00535	0.00407	0.00273	0.00646
28	0.01093	0.01049	0.01793	0.02711	0.81723	0.01049	0.01355	0.01355	0.01006	0.01443	0.00831	0.01093	0.00700	0.00394	0.00437	0.00131	0.00525	0.00394	0.00219	0.00700
29	0.01707	0.00709	0.00946	0.00766	0.01055	0.00634	0.00616	0.01933	0.06166	0.64680	0.03025	0.12951	0.01407	0.00671	0.00462	0.00143	0.00355	0.00565	0.00521	0.00689
30	0.01982	0.00752	0.01025	0.00786	0.01127	0.00649	0.00649	0.02152	0.01264	0.82029	0.01742	0.01503	0.01093	0.00547	0.00444	0.00137	0.00376	0.00444	0.00547	0.00752
31	0.02087	0.01061	0.01384	0.13263	0.22366	0.07160	0.05904	0.05935	0.30187	0.04247	0.01209	0.01299	0.00922	0.00491	0.00443	0.00140	0.00495	0.00432	0.00324	0.00651
32	0.01816	0.00729	0.01010	0.00794	0.01110	0.00636	0.02008	0.01994	0.01244	0.71461	0.05895	0.01807	0.01335	0.00604	0.00460	0.00141	0.00375	0.05339	0.00529	0.00710
33	0.00540	0.00386	0.00514	0.00614	0.00641	0.00360	0.00410	0.00619	0.00853	0.01139	0.03835	0.82757	0.02943	0.01375	0.00563	0.00179	0.00255	0.01247	0.00411	0.00360
34	0.01085	0.01053	0.01834	0.04339	0.75140	0.01052	0.06257	0.01354	0.01005	0.01435	0.00834	0.01101	0.00695	0.00393	0.00443	0.00133	0.00540	0.00401	0.00218	0.00689
35	0.87598	0.00854	0.00649	0.00581	0.00854	0.00991	0.00478	0.01298	0.00752	0.01982	0.00615	0.00717	0.00478	0.00410	0.00273	0.00137	0.00342	0.00239	0.00273	0.00478
36	0.00600	0.00455	0.00528	0.00510	0.00638	0.00401	0.00383	0.00757	0.01117	0.02826	0.39987	0.03749	0.41518	0.02651	0.00556	0.00151	0.00226	0.02107	0.00445	0.00398
37	0.00696	0.00471	0.00589	0.00548	0.00678	0.00423	0.00415	0.00881	0.01197	0.07212	0.58812	0.03386	0.21178	0.00926	0.00516	0.00141	0.00223	0.00804	0.00473	0.00430
38	0.01093	0.01049	0.01793	0.02711	0.81723	0.01049	0.01355	0.01355	0.01006	0.01443	0.00831	0.01093	0.00700	0.00394	0.00437	0.00131	0.00525	0.00394	0.00219	0.00700
39	0.00623	0.00449	0.00585	0.00556	0.00655	0.00415	0.00413	0.00822	0.01222	0.01728	0.76984	0.05891	0.04064	0.02967	0.00565	0.00147	0.00215	0.00810	0.00478	0.00411
40	0.83840	0.00850	0.00666	0.00590	0.00866	0.00976	0.00486	0.01336	0.00774	0.05495	0.00664	0.00752	0.00505	0.00416	0.00281	0.00137	0.00343	0.00248	0.00285	0.00490
41	0.14575	0.00824	0.01005	0.00783	0.01115	0.00784	0.00646	0.11161	0.01284	0.60953	0.01496	0.01336	0.00963	0.00525	0.00419	0.00136	0.00384	0.00408	0.00494	0.00711
42	0.00648	0.00457	0.00583	0.00551	0.00665	0.00416	0.00413	0.00839	0.01208	0.03926	0.67457	0.06101	0.13207	0.00935	0.00520	0.00141	0.00216	0.00820	0.00476	0.00419
43	0.01517	0.25434	0.01552	0.01030	0.01300	0.59850	0.00826	0.01639	0.01152	0.01069	0.00663	0.00772	0.00568	0.00433	0.00366	0.00108	0.00705	0.00271	0.00217	0.00527
44	0.01682	0.00687	0.00909	0.00720	0.01006	0.00609	0.00586	0.03476	0.01239	0.61653	0.10879	0.01718	0.01445	0.00584	0.00437	0.00133	0.00339	0.00480	0.10745	0.00673
45	0.01166	0.80648	0.06282	0.00781	0.01172	0.01712	0.00799	0.01326	0.00899	0.01057	0.00623	0.00720	0.00566	0.00380	0.00290	0.00097	0.00481	0.00241	0.00189	0.00571
46	0.01069	0.06541	0.52210	0.01335	0.06281	0.08800	0.09396	0.02858	0.01012	0.05255	0.00835	0.00972	0.00609	0.00422	0.00423	0.00135	0.00642	0.00348	0.00218	0.00638
47	0.00940	0.03699	0.14706	0.01157	0.01296	0.01249	0.03687	0.01119	0.00740	0.01127	0.00667	0.01012	0.00614	0.00860	0.06683	0.00215	0.59139	0.00382	0.00196	0.00511
48	0.03779	0.01039	0.01695	0.08928	0.56746	0.03347	0.08018	0.02530	0.01006	0.01434	0.00862	0.03116	0.00731	0.00421	0.00437	0.00132	0.00535	0.00412	0.00229	0.04603
49	0.07108	0.05401	0.11078	0.01015	0.01394	0.04590	0.02211	0.53268	0.04119	0.04072	0.00997	0.01025	0.00718	0.00498	0.00420	0.00132	0.00506	0.00372	0.00378	0.00699
50	0.00555	0.00398	0.00514	0.00590	0.00625	0.00374	0.00393	0.00634	0.00851	0.01134	0.06725	0.65330	0.06777	0.10514	0.02204	0.00212	0.00287	0.01133	0.00395	0.00353
51	0.45241	0.00856	0.00854	0.00732	0.02725	0.00916	0.00583	0.12496	0.01090	0.23595	0.01037	0.01044	0.00728	0.00470	0.00349	0.00134	0.00366	0.00331	0.05865	0.00590
52	0.47502	0.00981	0.02716	0.00892	0.03729	0.01034	0.08011	0.16582	0.01111	0.12364	0.00882	0.00945	0.00636	0.00447	0.00359	0.00137	0.00423	0.00329	0.00333	0.00587
53	0.00999	0.03717	0.03198	0.32523	0.24561	0.03620	0.22403	0.01299	0.00973	0.01293	0.00818	0.01127	0.00640	0.00408	0.00455	0.00140	0.00617	0.00418	0.00210	0.00583
54	0.00651	0.00485	0.00679	0.00669	0.00722	0.00558	0.00494	0.00762	0.00689	0.00980	0.01211	0.02017	0.01217	0.25680	0.56387	0.00606	0.05071	0.00516	0.00243	0.00364
55	0.73888	0.03781	0.00786	0.00649	0.00928	0.05989	0.00534	0.06468	0.00873	0.01948	0.00648	0.00744	0.00505	0.00419	0.00292	0.00134	0.00383	0.00252	0.00279	0.00501
56	0.00602	0.00451	0.00559	0.00532	0.00646	0.00407	0.00399	0.00790	0.01197	0.01644	0.64552	0.03508	0.21185	0.00950	0.00521	0.00141	0.00212	0.00828	0.00469	0.00407
57	0.01003	0.00987	0.04153	0.40834	0.17471	0.01059	0.11117	0.07830	0.07176	0.01423	0.00905	0.01179	0.00691	0.00448	0.00466	0.00144	0.01869	0.00415	0.00243	0.00586
58	0.84908	0.00866	0.00670	0.00594	0.00870	0.01003	0.00490	0.03770	0.00793	0.02007	0.00629	0.00728	0.00487	0.00414	0.00279	0.00137	0.00346	0.00244	0.00279	0.00487
59	0.00639	0.00432	0.00497	0.00497	0.00506	0.00436	0.00289	0.00652	0.00656	0.00877	0.01452	0.02842	0.03530	0.76712	0.07880	0.00441	0.00476	0.00637	0.00269	0.00279
60	0.00916	0.00785	0.00916	0.00654	0.01047	0.00589	0.00523	0.01112	0.00916	0.01439	0.00785	0.00916	0.00654	0.00327	0.00327	0.00065	0.00327	0.00262	0.00262	0.87178
61	0.01119	0.00959	0.01010	0.00903	0.01156	0.01108	0.00704	0.05127	0.78111	0.01881	0.01771	0.01627	0.01327	0.00597	0.00449	0.00149	0.00354	0.00496	0.00449	0.00701
62	0.00543	0.00446	0.00478	0.00475	0.00611	0.00381	0.00354	0.00673	0.01049	0.01305	0.19666	0.07054	0.63261	0.01086	0.00523	0.00148	0.00222	0.00918	0.00425	0.00381
63	0.01093	0.01049	0.01793	0.02711	0.81723	0.01049	0.01355	0.01355	0.01006	0.01443	0.00831	0.01093	0.00700	0.00394	0.00437	0.00131	0.00525	0.00394	0.00219	0.00700
64	0.00529	0.00448	0.00458	0.00455	0.00601	0.00376	0.00341	0.00648	0.01024	0.01234	0.09960	0.04183	0.76032	0.01103	0.00522	0.00148	0.00223	0.00923	0.00416	0.00376
65	0.00639	0.00429	0.00481	0.00481	0.00485	0.00427	0.00269	0.00642	0.00651	0.00865	0.01468	0.02924	0.03587	0.82413	0.02205	0.00421	0.00423	0.00649	0.00271	0.00270
66	0.58125	0.02444	0.00739	0.00635	0.00888	0.00934	0.00515	0.02597	0.11300	0.04396	0.07933	0.01232	0.03603	0.00578	0.02377	0.00152	0.00354	0.00359	0.00328	0.00511
67	0.19154	0.02818	0.01009	0.00833	0.04145	0.00796	0.02595	0.04073	0.06003	0.40091	0.02541	0.05608	0.01969	0.00549	0.00408	0.00134	0.00374	0.00441	0.00425	0.06034
68	0.06820	0.19848	0.01514	0.03791	0.09468	0.37799	0.00869	0.12408	0.01220	0.01401	0.00734	0.00851	0.00602	0.00439	0.00377	0.00116	0.00620	0.00301	0.00250	0.00573

[dist]
# distance from previous block
# <min> <max>
1	5

[block]
# block no. 3 follows, 59 sequences, length 29
# corresponding to MSA columns:
# 181-208,213
name=unknown_D
#
# <colnr> <probs for GDERKNQSTAVLIFYWHMCP>
#	G	D	E	R	K	N	Q	S	T	A	V	L	I	F	Y	W	H	M	C	P
0	0.00977	0.00834	0.00975	0.00733	0.01063	0.02603	0.00589	0.01176	0.02545	0.04293	0.00823	0.00989	0.00689	0.01810	0.00504	0.00092	0.10431	0.00295	0.00267	0.68311
1	0.00980	0.05602	0.37008	0.01034	0.01464	0.00980	0.04776	0.06148	0.16874	0.04155	0.10586	0.01564	0.05796	0.00557	0.00443	0.00140	0.00494	0.00462	0.00314	0.00621
2	0.01177	0.61398	0.04556	0.00780	0.01160	0.01505	0.00754	0.05076	0.05422	0.03112	0.00754	0.00828	0.00642	0.00396	0.00313	0.00098	0.00452	0.00269	0.00232	0.11075
3	0.00637	0.00464	0.00662	0.00662	0.00727	0.00527	0.00495	0.00767	0.00702	0.01007	0.01226	0.01944	0.01196	0.18081	0.66367	0.00646	0.01025	0.00503	0.01989	0.00372
4	0.01503	0.03286	0.01455	0.01227	0.02758	0.54437	0.12607	0.05469	0.08385	0.03473	0.00861	0.00966	0.00679	0.00459	0.00423	0.00124	0.00712	0.00349	0.00265	0.00563
5	0.80424	0.00907	0.00775	0.00667	0.00949	0.03235	0.04924	0.01318	0.00782	0.01925	0.00632	0.00746	0.00491	0.00409	0.00291	0.00137	0.00377	0.00256	0.00269	0.00486
6	0.04779	0.04933	0.05214	0.01116	0.01511	0.03481	0.25441	0.01584	0.01069	0.26701	0.01101	0.01165	0.00779	0.00424	0.00427	0.00123	0.00510	0.00401	0.00332	0.18909
7	0.00834	0.00785	0.01325	0.83417	0.03042	0.00981	0.01227	0.01128	0.00883	0.01128	0.00785	0.01178	0.00589	0.00442	0.00442	0.00147	0.00589	0.00393	0.00196	0.00491
8	0.01165	0.01010	0.01065	0.00932	0.01190	0.05139	0.02994	0.06975	0.65448	0.03743	0.04212	0.01606	0.01338	0.00590	0.00451	0.00146	0.00388	0.00491	0.00435	0.00682
9	0.01915	0.00746	0.01009	0.00780	0.01112	0.00651	0.00642	0.02112	0.03072	0.77464	0.04471	0.01568	0.01204	0.00560	0.00447	0.00137	0.00369	0.00458	0.00542	0.00739
10	0.01189	0.11618	0.14823	0.03886	0.18462	0.03865	0.18098	0.04146	0.01906	0.12327	0.04712	0.01196	0.00870	0.00446	0.00437	0.00133	0.00559	0.00414	0.00277	0.00636
11	0.43009	0.13879	0.02963	0.00699	0.01020	0.01011	0.00611	0.02898	0.02038	0.26648	0.00992	0.00983	0.00701	0.00452	0.00336	0.00130	0.00382	0.00310	0.00348	0.00588
12	0.00545	0.00428	0.00478	0.00511	0.00605	0.00378	0.00360	0.00636	0.00917	0.01138	0.03455	0.28099	0.46782	0.10745	0.00734	0.00192	0.00262	0.02984	0.00394	0.00357
13	0.01041	0.00564	0.00724	0.00629	0.00816	0.00513	0.00491	0.01277	0.04949	0.25652	0.45963	0.02785	0.11178	0.00805	0.00495	0.00140	0.00266	0.00693	0.00495	0.00525
14	0.01105	0.47682	0.28924	0.01005	0.03978	0.01446	0.01071	0.05772	0.03043	0.01290	0.00736	0.00839	0.00599	0.00407	0.00347	0.00114	0.00532	0.00287	0.00210	0.00613
15	0.05288	0.00982	0.11461	0.00873	0.01252	0.00753	0.03061	0.05585	0.01227	0.60827	0.01572	0.01422	0.02551	0.00530	0.00438	0.00137	0.00423	0.00430	0.00472	0.00716
16	0.14960	0.00733	0.00909	0.00725	0.01021	0.00683	0.00592	0.03598	0.01202	0.55862	0.13512	0.01641	0.01452	0.00579	0.00429	0.00137	0.00348	0.00465	0.00493	0.00659
17	0.00596	0.00438	0.00550	0.00615	0.00668	0.00424	0.00422	0.00759	0.06207	0.01204	0.07816	0.58896	0.06855	0.09002	0.00709	0.00197	0.00278	0.03580	0.00405	0.00379
18	0.01475	0.04618	0.05569	0.03586	0.23212	0.22924	0.01866	0.08057	0.01206	0.20306	0.01038	0.02425	0.00781	0.00475	0.00425	0.00128	0.00564	0.00382	0.00316	0.00646
19	0.01565	0.00980	0.14096	0.00868	0.01226	0.00711	0.02809	0.01844	0.05124	0.53173	0.04882	0.06159	0.03310	0.00600	0.00454	0.00141	0.00411	0.00502	0.00462	0.00684
20	0.01355	0.00611	0.00794	0.00663	0.00901	0.00533	0.00527	0.01516	0.01177	0.45945	0.15861	0.08090	0.16228	0.00768	0.00476	0.00141	0.00307	0.00648	0.02867	0.00590
21	0.03055	0.01031	0.01604	0.12389	0.54591	0.01080	0.01213	0.12921	0.03308	0.03234	0.00898	0.01114	0.00714	0.00429	0.00435	0.00134	0.00515	0.00394	0.00263	0.00677
22	0.01305	0.06842	0.06735	0.01752	0.30158	0.10522	0.13988	0.13925	0.01218	0.07963	0.00916	0.01067	0.00702	0.00431	0.00436	0.00131	0.00578	0.00392	0.00278	0.00662
23	0.01099	0.00993	0.01673	0.05334	0.70684	0.00993	0.01266	0.01356	0.01027	0.05212	0.05364	0.01238	0.00907	0.00431	0.00442	0.00132	0.00502	0.00418	0.00248	0.00679
24	0.01095	0.00584	0.00740	0.00632	0.00833	0.00528	0.00497	0.04829	0.01249	0.27757	0.38418	0.02782	0.16625	0.00808	0.00493	0.00140	0.00278	0.00689	0.00490	0.00533
25	0.01071	0.07318	0.04263	0.12096	0.20948	0.08649	0.08412	0.09757	0.01054	0.01385	0.00893	0.01180	0.00744	0.01033	0.17617	0.00253	0.02116	0.00398	0.00241	0.00572
26	0.03705	0.11072	0.12448	0.05778	0.06159	0.04591	0.02741	0.07741	0.05816	0.32588	0.02299	0.01227	0.00886	0.00489	0.00418	0.00132	0.00477	0.00391	0.00372	0.00669
27	0.03654	0.01048	0.01339	0.08613	0.10357	0.12920	0.12412	0.05450	0.05746	0.20564	0.07628	0.02597	0.04590	0.00544	0.00454	0.00137	0.00509	0.00477	0.00354	0.00606
28	0.02215	0.00416	0.00535	0.00616	0.00654	0.00402	0.00423	0.00655	0.00843	0.01136	0.02382	0.66869	0.06501	0.07602	0.00701	0.00197	0.01713	0.05387	0.00393	0.00360

[dist]
# distance from previous block
# <min> <max>
5	18

[block]
# block no. 4 follows, 59 sequences, length 89
# corresponding to MSA columns:
# 232-273,281-313,316-329
name=unknown_E
#
# <colnr> <probs for GDERKNQSTAVLIFYWHMCP>
#	G	D	E	R	K	N	Q	S	T	A	V	L	I	F	Y	W	H	M	C	P
0	0.24883	0.02643	0.01262	0.01280	0.19544	0.01197	0.00858	0.36848	0.02545	0.02184	0.00881	0.00975	0.00667	0.00469	0.00409	0.00134	0.01877	0.00352	0.00336	0.00656
1	0.13378	0.39203	0.03257	0.00894	0.03366	0.07982	0.00777	0.20919	0.03767	0.01649	0.00777	0.00849	0.00629	0.00435	0.00343	0.00115	0.00484	0.00295	0.00275	0.00605
2	0.08692	0.08762	0.02732	0.01169	0.12245	0.02333	0.02069	0.42389	0.03916	0.03124	0.01893	0.01039	0.00753	0.00475	0.00406	0.00125	0.00469	0.00367	0.00353	0.06690
3	0.07997	0.20144	0.05494	0.01746	0.39840	0.03850	0.01073	0.10509	0.01095	0.03161	0.00803	0.00964	0.00655	0.00413	0.00388	0.00123	0.00506	0.00341	0.00247	0.00651
4	0.02814	0.77782	0.04802	0.00770	0.01153	0.01674	0.00775	0.01352	0.00908	0.03719	0.00657	0.00742	0.00582	0.00385	0.00293	0.00098	0.00473	0.00246	0.00202	0.00574
5	0.00625	0.00451	0.00590	0.00556	0.00660	0.00417	0.00417	0.00833	0.01250	0.01771	0.81490	0.03299	0.04167	0.00903	0.00521	0.00139	0.00208	0.00799	0.00486	0.00417
6	0.00555	0.00449	0.00493	0.00482	0.00617	0.00387	0.00361	0.00698	0.01084	0.01378	0.29059	0.03947	0.56844	0.01050	0.00522	0.00146	0.00219	0.00890	0.00434	0.00387
7	0.00915	0.02039	0.66465	0.01273	0.01864	0.01032	0.08867	0.01475	0.07939	0.01445	0.02069	0.01054	0.00691	0.00438	0.00433	0.00142	0.00628	0.00367	0.00217	0.00648
8	0.00538	0.00384	0.00512	0.00615	0.00641	0.00359	0.00410	0.00615	0.00846	0.01127	0.02434	0.84190	0.02921	0.01384	0.00564	0.00179	0.00256	0.01256	0.00410	0.00359
9	0.01099	0.00949	0.00999	0.00899	0.01148	0.01099	0.00699	0.02347	0.80925	0.01848	0.01798	0.01648	0.01348	0.00599	0.00449	0.00150	0.00350	0.00499	0.00449	0.00699
10	0.01166	0.80742	0.06191	0.00780	0.01171	0.01713	0.00798	0.01326	0.00899	0.01057	0.00623	0.00719	0.00566	0.00380	0.00290	0.00097	0.00481	0.00241	0.00189	0.00571
11	0.03071	0.24671	0.16823	0.00954	0.01361	0.01332	0.00934	0.34570	0.01418	0.07698	0.00932	0.01000	0.00700	0.02146	0.00426	0.00130	0.00502	0.00344	0.00324	0.00666
12	0.01651	0.02063	0.01255	0.01132	0.01366	0.78771	0.00853	0.05560	0.01292	0.01163	0.00701	0.00809	0.00578	0.00459	0.00400	0.00115	0.00781	0.00290	0.00238	0.00524
13	0.00642	0.00428	0.00482	0.00482	0.00482	0.00428	0.00268	0.00642	0.00642	0.00856	0.01392	0.02890	0.01606	0.84478	0.02248	0.00428	0.00428	0.00642	0.00268	0.00268
14	0.01227	0.56881	0.07638	0.01099	0.13160	0.04882	0.00902	0.01413	0.00958	0.07179	0.00746	0.00844	0.00625	0.00399	0.00332	0.00107	0.00499	0.00283	0.00222	0.00604
15	0.01132	0.02748	0.09531	0.04932	0.60993	0.01094	0.01309	0.10149	0.01112	0.01570	0.00847	0.01069	0.00686	0.00413	0.00433	0.00132	0.00534	0.00384	0.00239	0.00692
16	0.00680	0.00591	0.00729	0.00751	0.00832	0.06595	0.05684	0.00825	0.03664	0.01176	0.02206	0.65391	0.03653	0.01211	0.00546	0.00172	0.00337	0.04173	0.00385	0.00400
17	0.00623	0.00451	0.00587	0.00553	0.00658	0.00416	0.00415	0.00829	0.01245	0.01758	0.79748	0.03321	0.05918	0.00908	0.00521	0.00139	0.00209	0.00802	0.00484	0.00416
18	0.00564	0.00401	0.00531	0.00624	0.00656	0.00379	0.00429	0.00650	0.00853	0.01135	0.03397	0.69217	0.02802	0.07572	0.00694	0.00200	0.00283	0.08856	0.00400	0.00357
19	0.03506	0.16621	0.07806	0.01279	0.03093	0.36324	0.21116	0.01537	0.01084	0.01211	0.00732	0.00898	0.00594	0.00421	0.00426	0.00123	0.02116	0.00342	0.00217	0.00556
20	0.01679	0.01237	0.01325	0.01016	0.01370	0.01370	0.00839	0.80251	0.02077	0.02783	0.01060	0.01060	0.00751	0.00530	0.00442	0.00133	0.00486	0.00398	0.00442	0.00751
21	0.01022	0.35971	0.43460	0.01161	0.07558	0.01323	0.01252	0.01364	0.00924	0.01255	0.00722	0.00853	0.00573	0.00401	0.00365	0.00121	0.00569	0.00294	0.00190	0.00621
22	0.01174	0.82858	0.04141	0.00767	0.01151	0.01731	0.00776	0.01324	0.00898	0.01047	0.00618	0.00714	0.00567	0.00379	0.00287	0.00096	0.00476	0.00238	0.00189	0.00569
23	0.00675	0.04203	0.00710	0.00685	0.00806	0.00526	0.00563	0.00860	0.02267	0.01312	0.12553	0.13177	0.15537	0.01271	0.06693	0.00213	0.00392	0.34773	0.00393	0.02392
24	0.00767	0.00384	0.00575	0.00575	0.00575	0.00384	0.00384	0.00575	0.00575	0.00767	0.00767	0.01343	0.00767	0.01534	0.01726	0.87150	0.00384	0.00384	0.00192	0.00192
25	0.00541	0.00387	0.00516	0.00618	0.00645	0.00361	0.00415	0.00620	0.00849	0.01131	0.02433	0.82794	0.02914	0.01381	0.00565	0.00180	0.00259	0.02622	0.00410	0.00360
26	0.00625	0.00451	0.00590	0.00556	0.00660	0.00417	0.00417	0.00833	0.01250	0.01771	0.81490	0.03299	0.04167	0.00903	0.00521	0.00139	0.00208	0.00799	0.00486	0.00417
27	0.00939	0.02210	0.78264	0.01236	0.01874	0.01007	0.01584	0.01435	0.00949	0.05299	0.00839	0.00960	0.00585	0.00426	0.00421	0.00140	0.00639	0.00332	0.00204	0.00658
28	0.00640	0.00427	0.00482	0.00484	0.00485	0.00427	0.00270	0.00642	0.00646	0.00862	0.01412	0.04518	0.01632	0.82815	0.02214	0.00423	0.00425	0.00655	0.00270	0.00269
29	0.00636	0.00452	0.00604	0.00603	0.00648	0.00491	0.00421	0.00727	0.00706	0.00987	0.05159	0.02316	0.01472	0.38717	0.43531	0.00559	0.00806	0.00563	0.00262	0.00340
30	0.01959	0.00788	0.01047	0.00803	0.01146	0.00703	0.00663	0.07990	0.01325	0.76106	0.01691	0.01470	0.01068	0.00545	0.00444	0.00136	0.00384	0.00441	0.00539	0.00752
31	0.00916	0.00785	0.00916	0.00654	0.01047	0.00589	0.00523	0.01112	0.00916	0.01439	0.00785	0.00916	0.00654	0.00327	0.00327	0.00065	0.00327	0.00262	0.00262	0.87178
32	0.07257	0.00419	0.00581	0.00576	0.00596	0.00429	0.00391	0.00629	0.00589	0.00858	0.00756	0.01296	0.00746	0.01450	0.01618	0.80646	0.00380	0.00373	0.00198	0.00213
33	0.00823	0.00412	0.00412	0.00412	0.00515	0.00412	0.00309	0.01029	0.00926	0.01647	0.01441	0.01647	0.01132	0.00515	0.00309	0.00103	0.00206	0.00412	0.86930	0.00412
34	0.81089	0.00824	0.00634	0.00571	0.00835	0.00945	0.00468	0.01249	0.00771	0.01923	0.00903	0.00982	0.06538	0.00463	0.00292	0.00138	0.00333	0.00291	0.00284	0.00470
35	0.00966	0.00966	0.01353	0.01160	0.01160	0.01353	0.00966	0.01063	0.00676	0.01063	0.00580	0.00966	0.00580	0.00773	0.01449	0.00193	0.83670	0.00387	0.00193	0.00483
36	0.00823	0.00412	0.00412	0.00412	0.00515	0.00412	0.00309	0.01029	0.00926	0.01647	0.01441	0.01647	0.01132	0.00515	0.00309	0.00103	0.00206	0.00412	0.86930	0.00412
37	0.01088	0.01063	0.01869	0.02631	0.74298	0.01056	0.08720	0.01361	0.01009	0.01440	0.00837	0.01102	0.00697	0.00392	0.00445	0.00133	0.00545	0.00405	0.00219	0.00690
38	0.01578	0.01987	0.01267	0.07317	0.02997	0.75066	0.00891	0.01708	0.01219	0.01091	0.00693	0.00831	0.00573	0.00453	0.00402	0.00117	0.00776	0.00295	0.00225	0.00514
39	0.00538	0.00384	0.00512	0.00615	0.00641	0.00359	0.00410	0.00615	0.00846	0.01127	0.02434	0.84190	0.02921	0.01384	0.00564	0.00179	0.00256	0.01256	0.00410	0.00359
40	0.01767	0.00993	0.13284	0.00875	0.01247	0.00740	0.00813	0.01986	0.01186	0.65950	0.01543	0.01391	0.00988	0.00538	0.00489	0.00140	0.04447	0.00424	0.00475	0.00724
41	0.00916	0.00785	0.00916	0.00654	0.01047	0.00589	0.00523	0.01112	0.00916	0.01439	0.00785	0.00916	0.00654	0.00327	0.00327	0.00065	0.00327	0.00262	0.00262	0.87178
42	0.00906	0.01413	0.30227	0.01169	0.01452	0.02257	0.06674	0.01175	0.00842	0.01233	0.02624	0.01305	0.07820	0.00647	0.00901	0.00165	0.38001	0.00429	0.00218	0.00541
43	0.00767	0.00384	0.00575	0.00575	0.00575	0.00384	0.00384	0.00575	0.00575	0.00767	0.00767	0.01343	0.00767	0.01534	0.01726	0.87150	0.00384	0.00384	0.00192	0.00192
44	0.01937	0.04824	0.01093	0.00789	0.01133	0.00717	0.00658	0.03656	0.01262	0.76545	0.01674	0.01456	0.01061	0.00538	0.00436	0.00135	0.00383	0.00433	0.00527	0.00743
45	0.01213	0.03990	0.11518	0.04954	0.40545	0.01110	0.02883	0.15102	0.04009	0.06649	0.00942	0.01102	0.00726	0.00449	0.00462	0.00135	0.02857	0.00390	0.00279	0.00685
46	0.01982	0.00752	0.01025	0.00786	0.01127	0.00649	0.00649	0.02152	0.01264	0.82029	0.01742	0.01503	0.01093	0.00547	0.00444	0.00137	0.00376	0.00444	0.00547	0.00752
47	0.01982	0.00752	0.01025	0.00786	0.01127	0.00649	0.00649	0.02152	0.01264	0.82029	0.01742	0.01503	0.01093	0.00547	0.00444	0.00137	0.00376	0.00444	0.00547	0.00752
48	0.01187	0.01033	0.01137	0.01126	0.10301	0.03743	0.00796	0.11850	0.59575	0.01893	0.01561	0.01485	0.01176	0.00563	0.00445	0.00144	0.00401	0.00468	0.00415	0.00700
49	0.00920	0.02047	0.65013	0.01402	0.03264	0.01044	0.17302	0.01401	0.00956	0.01403	0.00813	0.00987	0.00584	0.00410	0.00440	0.00142	0.00669	0.00366	0.00194	0.00642
50	0.00538	0.00384	0.00512	0.00615	0.00641	0.00359	0.00410	0.00615	0.00846	0.01127	0.02434	0.84190	0.02921	0.01384	0.00564	0.00179	0.00256	0.01256	0.00410	0.00359
51	0.01085	0.01041	0.01778	0.05299	0.79200	0.01047	0.01351	0.01348	0.01002	0.01433	0.00829	0.01096	0.00696	0.00395	0.00437	0.00132	0.00527	0.00393	0.00218	0.00693
52	0.87598	0.00854	0.00649	0.00581	0.00854	0.00991	0.00478	0.01298	0.00752	0.01982	0.00615	0.00717	0.00478	0.00410	0.00273	0.00137	0.00342	0.00239	0.00273	0.00478
53	0.01088	0.01044	0.01783	0.04438	0.80039	0.01048	0.01353	0.01351	0.01003	0.01436	0.00830	0.01095	0.00697	0.00395	0.00437	0.00132	0.00526	0.00393	0.00218	0.00695
54	0.00723	0.00474	0.00618	0.00569	0.00693	0.00433	0.00431	0.00925	0.01243	0.07751	0.72985	0.03196	0.06493	0.00883	0.00515	0.00139	0.00221	0.00777	0.00488	0.00440
55	0.01093	0.01049	0.01793	0.02711	0.81723	0.01049	0.01355	0.01355	0.01006	0.01443	0.00831	0.01093	0.00700	0.00394	0.00437	0.00131	0.00525	0.00394	0.00219	0.00700
56	0.00551	0.00394	0.00524	0.00607	0.00643	0.00367	0.00411	0.00646	0.00903	0.01219	0.13705	0.72658	0.03099	0.01315	0.00558	0.00174	0.00249	0.01190	0.00421	0.00367
57	0.87598	0.00854	0.00649	0.00581	0.00854	0.00991	0.00478	0.01298	0.00752	0.01982	0.00615	0.00717	0.00478	0.00410	0.00273	0.00137	0.00342	0.00239	0.00273	0.00478
58	0.01926	0.00753	0.01039	0.04783	0.01220	0.00665	0.00677	0.02103	0.01246	0.78116	0.01696	0.01488	0.01069	0.00542	0.00444	0.00137	0.00386	0.00442	0.00530	0.00739
59	0.00559	0.00404	0.00531	0.00614	0.00660	0.00377	0.00429	0.00660	0.00908	0.01210	0.10477	0.65470	0.07625	0.01308	0.00560	0.00175	0.00261	0.06983	0.00417	0.00369
60	0.01181	0.84744	0.02314	0.00756	0.01134	0.01748	0.00756	0.01323	0.00897	0.01039	0.00614	0.00708	0.00567	0.00378	0.00283	0.00094	0.00472	0.00236	0.00189	0.00567
61	0.01939	0.00749	0.01010	0.00778	0.01112	0.00653	0.00641	0.03397	0.01267	0.78153	0.01722	0.01501	0.01089	0.00545	0.00440	0.00136	0.00372	0.00442	0.03315	0.00741
62	0.01099	0.00949	0.00999	0.00899	0.01148	0.01099	0.00699	0.02347	0.80925	0.01848	0.01798	0.01648	0.01348	0.00599	0.00449	0.00150	0.00350	0.00499	0.00449	0.00699
63	0.00930	0.00699	0.06262	0.00682	0.00883	0.00591	0.00573	0.07054	0.04843	0.13080	0.52591	0.02678	0.05765	0.00786	0.00494	0.00139	0.00290	0.00678	0.00467	0.00516
64	0.01083	0.01159	0.01389	0.01179	0.01262	0.15720	0.06836	0.02291	0.00827	0.01114	0.00665	0.01001	0.00619	0.00838	0.06136	0.00207	0.56588	0.00384	0.00208	0.00495
65	0.01198	0.01080	0.01666	0.03538	0.04311	0.02318	0.29609	0.12513	0.30197	0.05646	0.01276	0.01341	0.00945	0.00488	0.00471	0.00144	0.00531	0.00478	0.00351	0.01898
66	0.02674	0.00895	0.03649	0.02512	0.01134	0.03404	0.04888	0.26490	0.02498	0.09068	0.19661	0.10364	0.08309	0.00742	0.00480	0.00143	0.00395	0.01704	0.00420	0.00571
67	0.00946	0.00879	0.01446	0.02086	0.56809	0.00866	0.02449	0.01174	0.00997	0.01378	0.01547	0.07209	0.11263	0.00631	0.00475	0.00144	0.00461	0.08360	0.00274	0.00605
68	0.01862	0.00765	0.01020	0.00785	0.01125	0.00666	0.00648	0.04736	0.01260	0.71430	0.01661	0.01524	0.01082	0.00545	0.00439	0.00133	0.00377	0.02220	0.00519	0.07204
69	0.03032	0.01194	0.01436	0.02408	0.01477	0.05572	0.11449	0.51093	0.03287	0.12894	0.01110	0.01130	0.00780	0.00505	0.00448	0.00135	0.00519	0.00414	0.00408	0.00708
70	0.00959	0.01485	0.30861	0.15542	0.17302	0.01053	0.22085	0.01343	0.00962	0.01359	0.00821	0.01073	0.00620	0.00413	0.00474	0.00143	0.02283	0.00403	0.00204	0.00616
71	0.00633	0.00466	0.00675	0.00675	0.00741	0.00533	0.00508	0.00766	0.00699	0.00999	0.01215	0.01914	0.01182	0.15856	0.70291	0.00666	0.01066	0.00499	0.00241	0.00375
72	0.35538	0.12693	0.16353	0.02561	0.03209	0.09596	0.11618	0.01382	0.00905	0.01547	0.00701	0.00846	0.00548	0.00407	0.00355	0.00131	0.00528	0.00304	0.00232	0.00547
73	0.00578	0.00450	0.00525	0.00506	0.00631	0.00397	0.00380	0.00743	0.01140	0.01509	0.46515	0.03731	0.39307	0.01001	0.00521	0.00144	0.00215	0.00859	0.00452	0.00397
74	0.00991	0.01051	0.03470	0.22126	0.16203	0.01053	0.37611	0.01390	0.06970	0.01389	0.02745	0.01248	0.00783	0.00423	0.00480	0.00145	0.00624	0.00468	0.00238	0.00592
75	0.87598	0.00854	0.00649	0.00581	0.00854	0.00991	0.00478	0.01298	0.00752	0.01982	0.00615	0.00717	0.00478	0.00410	0.00273	0.00137	0.00342	0.00239	0.00273	0.00478
76	0.00631	0.00466	0.00680	0.00681	0.00750	0.00534	0.00516	0.00769	0.00704	0.01007	0.01229	0.03299	0.01194	0.12789	0.71875	0.00668	0.01079	0.00507	0.00243	0.00379
77	0.00916	0.00785	0.00916	0.00654	0.01047	0.00589	0.00523	0.01112	0.00916	0.01439	0.00785	0.00916	0.00654	0.00327	0.00327	0.00065	0.00327	0.00262	0.00262	0.87178
78	0.01110	0.00955	0.01005	0.00901	0.01153	0.01104	0.00702	0.03918	0.79335	0.01866	0.01783	0.01636	0.01336	0.00598	0.00449	0.00149	0.00352	0.00497	0.00449	0.00700
79	0.00522	0.00447	0.00447	0.00447	0.00597	0.00373	0.00336	0.00634	0.01007	0.01193	0.04474	0.04250	0.81544	0.01119	0.00522	0.00149	0.00224	0.00932	0.00410	0.00373
80	0.01059	0.01006	0.01712	0.02561	0.75674	0.01012	0.01295	0.01313	0.00984	0.01412	0.00857	0.01141	0.00730	0.00612	0.06588	0.00174	0.00574	0.00399	0.00220	0.00677
81	0.00643	0.00444	0.00591	0.00595	0.00638	0.00469	0.00414	0.00715	0.00735	0.01017	0.08355	0.05918	0.01664	0.34864	0.31861	0.06973	0.00678	0.02817	0.00280	0.00330
82	0.00642	0.00428	0.00482	0.00482	0.00482	0.00428	0.00268	0.00642	0.00642	0.00856	0.01392	0.02890	0.01606	0.84478	0.02248	0.00428	0.00428	0.00642	0.00268	0.00268
83	0.04004	0.02511	0.07107	0.02071	0.05079	0.01942	0.00716	0.03564	0.04478	0.24772	0.01105	0.01122	0.00799	0.00425	0.00382	0.00105	0.00394	0.00340	0.00347	0.38737
84	0.17787	0.00829	0.00934	0.02029	0.01088	0.00766	0.00589	0.09931	0.01095	0.21929	0.01060	0.02930	0.00792	0.00446	0.00366	0.00108	0.00362	0.00342	0.00357	0.36259
85	0.85943	0.00878	0.00661	0.00592	0.00864	0.02565	0.00486	0.01307	0.00761	0.01964	0.00616	0.00719	0.00480	0.00411	0.00276	0.00136	0.00350	0.00240	0.00272	0.00479
86	0.01227	0.00991	0.01568	0.03295	0.57561	0.00984	0.01154	0.05630	0.04445	0.12545	0.01058	0.01210	0.01935	0.00439	0.00436	0.00131	0.00484	0.00407	0.00289	0.04211
87	0.01104	0.01053	0.01784	0.02679	0.80189	0.01055	0.01346	0.02861	0.01026	0.01468	0.00835	0.01092	0.00701	0.00396	0.00437	0.00131	0.00524	0.00394	0.00223	0.00701
88	0.03249	0.43100	0.01772	0.06040	0.02559	0.04502	0.00802	0.22532	0.07356	0.01600	0.00853	0.00948	0.00694	0.01785	0.00386	0.00120	0.00483	0.00320	0.00282	0.00615

[dist]
# distance from previous block
# <min> <max>
0	2

[block]
# block no. 5 follows, 59 sequences, length 39
# corresponding to MSA columns:
# 332-366,491-494
name=unknown_F
#
# <colnr> <probs for GDERKNQSTAVLIFYWHMCP>
#	G	D	E	R	K	N	Q	S	T	A	V	L	I	F	Y	W	H	M	C	P
0	0.04049	0.16552	0.01455	0.00941	0.01284	0.02845	0.00798	0.56659	0.02815	0.04062	0.00987	0.01021	0.00733	0.00590	0.03119	0.00145	0.00504	0.00366	0.00382	0.00693
1	0.01338	0.00622	0.00831	0.00688	0.00926	0.00546	0.00551	0.01524	0.01229	0.43036	0.33011	0.03508	0.02356	0.00712	0.00477	0.00137	0.00307	0.03272	0.00504	0.04425
2	0.01094	0.01463	0.28333	0.02652	0.05800	0.01039	0.27929	0.10051	0.04356	0.06521	0.04463	0.02375	0.00878	0.00464	0.00467	0.00143	0.00604	0.00452	0.00277	0.00638
3	0.01077	0.42648	0.34185	0.00975	0.01455	0.06207	0.01101	0.01369	0.00933	0.01205	0.00698	0.00814	0.00568	0.00397	0.00347	0.00112	0.00557	0.00276	0.00194	0.04881
4	0.00631	0.00472	0.00702	0.00702	0.00779	0.00548	0.00543	0.00784	0.00708	0.01020	0.01190	0.01773	0.01121	0.05988	0.80075	0.00701	0.01158	0.00479	0.00238	0.00390
5	0.01261	0.47077	0.09103	0.00962	0.01324	0.20447	0.05044	0.03046	0.05823	0.01183	0.00741	0.00838	0.00623	0.00416	0.00348	0.00110	0.00571	0.00289	0.00220	0.00575
6	0.87598	0.00854	0.00649	0.00581	0.00854	0.00991	0.00478	0.01298	0.00752	0.01982	0.00615	0.00717	0.00478	0.00410	0.00273	0.00137	0.00342	0.00239	0.00273	0.00478
7	0.87598	0.00854	0.00649	0.00581	0.00854	0.00991	0.00478	0.01298	0.00752	0.01982	0.00615	0.00717	0.00478	0.00410	0.00273	0.00137	0.00342	0.00239	0.00273	0.00478
8	0.00834	0.00785	0.01325	0.83417	0.03042	0.00981	0.01227	0.01128	0.00883	0.01128	0.00785	0.01178	0.00589	0.00442	0.00442	0.00147	0.00589	0.00393	0.00196	0.00491
9	0.01102	0.00933	0.00988	0.00878	0.01126	0.01066	0.00686	0.07933	0.69201	0.01892	0.05210	0.01759	0.04003	0.00624	0.00454	0.00148	0.00349	0.00519	0.00449	0.00680
10	0.09156	0.01021	0.01152	0.00892	0.01233	0.01067	0.00736	0.43480	0.02889	0.31905	0.01285	0.01203	0.00863	0.00527	0.00428	0.00135	0.00431	0.00403	0.00466	0.00727
11	0.11972	0.01170	0.01242	0.01010	0.03789	0.01300	0.00805	0.64315	0.05917	0.02598	0.01037	0.01050	0.00747	0.00515	0.00422	0.00134	0.00463	0.00384	0.00415	0.00714
12	0.01193	0.76006	0.06320	0.00795	0.01186	0.01690	0.00805	0.05625	0.00963	0.01152	0.00647	0.00739	0.00576	0.00388	0.00299	0.00099	0.00482	0.00250	0.00203	0.00581
13	0.00522	0.00447	0.00447	0.00447	0.00597	0.00373	0.00336	0.00634	0.01007	0.01193	0.04474	0.04250	0.81544	0.01119	0.00522	0.00149	0.00224	0.00932	0.00410	0.00373
14	0.00623	0.00451	0.00587	0.00553	0.00658	0.00416	0.00415	0.00828	0.01244	0.01757	0.79555	0.03323	0.06111	0.00908	0.00521	0.00139	0.00209	0.00802	0.00484	0.00416
15	0.01539	0.01560	0.06981	0.01067	0.01380	0.32996	0.03279	0.22817	0.12823	0.09629	0.01061	0.01080	0.00783	0.00500	0.00427	0.00129	0.00597	0.00371	0.00345	0.00639
16	0.00747	0.00393	0.00573	0.00573	0.00577	0.00397	0.00381	0.00594	0.00589	0.00790	0.00853	0.01521	0.00871	0.10068	0.06177	0.73636	0.00432	0.00415	0.00202	0.00211
17	0.01887	0.00741	0.01002	0.00775	0.01101	0.00647	0.00637	0.03460	0.01278	0.75337	0.06973	0.01613	0.01289	0.00570	0.00449	0.00137	0.00367	0.00467	0.00541	0.00730
18	0.00694	0.00527	0.00678	0.00713	0.00796	0.02583	0.02926	0.05112	0.00982	0.02455	0.06182	0.57607	0.03765	0.01220	0.00553	0.00174	0.00317	0.11903	0.00407	0.00407
19	0.01050	0.44509	0.35667	0.01004	0.01494	0.01402	0.03427	0.01398	0.04096	0.01232	0.00744	0.00853	0.00598	0.00404	0.00354	0.00117	0.00551	0.00293	0.00199	0.00609
20	0.01099	0.01075	0.01715	0.02550	0.74528	0.05060	0.01293	0.01346	0.01011	0.01412	0.00887	0.04380	0.00781	0.00436	0.00440	0.00132	0.00527	0.00422	0.00227	0.00677
21	0.00656	0.00528	0.00714	0.00720	0.00753	0.00603	0.00530	0.00743	0.00793	0.01099	0.04929	0.40344	0.05975	0.08596	0.11501	0.01900	0.18038	0.00868	0.00328	0.00382
