[name]
unknown

[dist]
# distance from previous block
# <min> <max>
5	406

[block]
# block no. 0 follows, 58 sequences, length 41
# corresponding to MSA columns:
# 407-447
name=unknown_A
#
# <colnr> <probs for GDERKNQSTAVLIFYWHMCP>
#	G	D	E	R	K	N	Q	S	T	A	V	L	I	F	Y	W	H	M	C	P
0	0.03907	0.06386	0.03344	0.02612	0.03379	0.20928	0.00759	0.06594	0.05507	0.07614	0.04924	0.07035	0.09774	0.00717	0.00544	0.00146	0.07656	0.07305	0.00334	0.00534
1	0.00769	0.00858	0.14294	0.02864	0.01029	0.00666	0.00712	0.01031	0.05586	0.03574	0.13310	0.21334	0.08800	0.05353	0.04281	0.00193	0.07644	0.00717	0.02385	0.04599
2	0.00704	0.00697	0.07687	0.00668	0.00818	0.04265	0.00548	0.02324	0.00993	0.03063	0.10091	0.29112	0.24142	0.06193	0.02318	0.00189	0.00351	0.05034	0.00385	0.00420
3	0.00906	0.08715	0.64475	0.01202	0.01782	0.01049	0.05400	0.01361	0.00975	0.01421	0.07811	0.01148	0.00892	0.00462	0.00428	0.00138	0.00612	0.00375	0.00217	0.00630
4	0.08559	0.32505	0.40124	0.01043	0.01547	0.01299	0.04960	0.01369	0.00927	0.01341	0.02204	0.00898	0.00635	0.00415	0.00368	0.00125	0.00562	0.00307	0.00205	0.00606
5	0.01356	0.57214	0.01995	0.00883	0.01226	0.21391	0.00797	0.08309	0.01100	0.01217	0.00678	0.00770	0.00591	0.00415	0.00329	0.00104	0.00560	0.00265	0.00223	0.00577
6	0.00637	0.00469	0.00671	0.00671	0.00740	0.00524	0.00504	0.00777	0.00761	0.01084	0.08246	0.04341	0.01510	0.14222	0.62041	0.00614	0.00981	0.00554	0.00271	0.00383
7	0.00732	0.00547	0.00773	0.00746	0.00850	0.00631	0.00585	0.07707	0.00840	0.01194	0.01187	0.01698	0.01087	0.03109	0.75349	0.00668	0.01137	0.00473	0.00258	0.00431
8	0.01378	0.00979	0.01237	0.01007	0.01315	0.01046	0.09438	0.11615	0.44609	0.19850	0.01617	0.01513	0.01159	0.00561	0.00461	0.00147	0.00421	0.00483	0.00451	0.00715
9	0.00683	0.00462	0.00541	0.00541	0.00575	0.00461	0.00336	0.00778	0.04318	0.02663	0.10079	0.12725	0.02035	0.58615	0.03049	0.00358	0.00396	0.00730	0.00326	0.00330
10	0.08127	0.00432	0.00530	0.00617	0.00664	0.00421	0.00418	0.00684	0.00844	0.01212	0.02283	0.75048	0.02715	0.03030	0.00581	0.00183	0.00271	0.01169	0.00400	0.00372
11	0.01571	0.01986	0.01197	0.01091	0.01315	0.75321	0.00819	0.01686	0.01246	0.01105	0.01026	0.01112	0.07618	0.00520	0.00414	0.00118	0.00756	0.00345	0.00247	0.00506
12	0.00576	0.00432	0.00534	0.00557	0.00646	0.00390	0.00399	0.00716	0.01061	0.01419	0.34473	0.32087	0.22793	0.01141	0.00543	0.00158	0.00232	0.01006	0.00446	0.00390
13	0.01118	0.00891	0.02429	0.00739	0.01132	0.00732	0.00608	0.13510	0.01134	0.06919	0.00902	0.00990	0.00705	0.00380	0.00359	0.00083	0.00365	0.00300	0.00311	0.66393
14	0.00919	0.00861	0.01445	0.47454	0.30684	0.00968	0.01217	0.01198	0.00971	0.01313	0.07830	0.01350	0.00952	0.00471	0.00453	0.00143	0.00540	0.00434	0.00232	0.00565
15	0.01381	0.29160	0.09692	0.00992	0.01338	0.26707	0.00892	0.13438	0.09738	0.01456	0.00858	0.00923	0.00687	0.00459	0.00379	0.00118	0.00588	0.00317	0.00270	0.00608
16	0.02007	0.00761	0.01038	0.00796	0.01142	0.00657	0.00657	0.02180	0.01280	0.81799	0.01765	0.01523	0.01107	0.00554	0.00450	0.00138	0.00381	0.00450	0.00554	0.00761
17	0.01289	0.01040	0.01122	0.00984	0.03119	0.01178	0.00762	0.23591	0.55871	0.03557	0.01592	0.01490	0.01180	0.00582	0.00453	0.00146	0.00397	0.00474	0.00449	0.00723
18	0.03225	0.00879	0.02609	0.02624	0.10904	0.03574	0.08384	0.01348	0.05328	0.12746	0.02985	0.07880	0.08040	0.00565	0.00432	0.00121	0.00416	0.00497	0.00332	0.27109
19	0.00932	0.11765	0.72811	0.01216	0.01846	0.01123	0.01551	0.01408	0.00940	0.01375	0.00782	0.00918	0.00568	0.00420	0.00409	0.00136	0.00640	0.00320	0.00189	0.00651
20	0.00948	0.07687	0.61095	0.01359	0.01961	0.01107	0.16832	0.01415	0.00964	0.01395	0.00810	0.00980	0.00589	0.00413	0.00436	0.00140	0.00667	0.00363	0.00196	0.00644
21	0.00531	0.00453	0.00457	0.00456	0.00606	0.00379	0.00342	0.00647	0.01026	0.01223	0.06418	0.04281	0.79412	0.01128	0.00529	0.00151	0.00226	0.00941	0.00417	0.00379
22	0.01570	0.01778	0.01330	0.01145	0.01400	0.53330	0.04502	0.16280	0.07633	0.01490	0.00856	0.00951	0.00678	0.00498	0.00473	0.00127	0.04747	0.00343	0.00286	0.00581
23	0.01468	0.01501	0.01311	0.01147	0.03712	0.36427	0.06931	0.14104	0.16866	0.06045	0.01079	0.01145	0.00829	0.00647	0.04646	0.00161	0.00653	0.00389	0.00326	0.00613
24	0.01986	0.00795	0.01059	0.00812	0.01159	0.00708	0.00671	0.07566	0.01337	0.76332	0.01717	0.01491	0.01083	0.00552	0.00450	0.00138	0.00388	0.00447	0.00546	0.00761
25	0.00639	0.00478	0.00712	0.00712	0.00789	0.00555	0.00550	0.00794	0.00717	0.01033	0.01205	0.01794	0.01134	0.05879	0.80004	0.00710	0.01174	0.00485	0.00241	0.00395
26	0.00864	0.00814	0.01376	0.77454	0.08685	0.00999	0.01252	0.01159	0.00903	0.01166	0.00798	0.01186	0.00604	0.00444	0.00447	0.00148	0.00592	0.00398	0.00200	0.00512
27	0.01025	0.01056	0.01414	0.52430	0.13096	0.13382	0.03187	0.01326	0.04140	0.01213	0.00823	0.01136	0.00641	0.00457	0.00471	0.00143	0.02916	0.00389	0.00217	0.00539
28	0.00741	0.00674	0.01042	0.00922	0.01046	0.04213	0.17821	0.00877	0.00882	0.01160	0.01810	0.44545	0.02052	0.14850	0.00866	0.00215	0.03020	0.02520	0.00335	0.00412
29	0.01700	0.01253	0.01342	0.01029	0.01387	0.01387	0.00850	0.79997	0.02103	0.02819	0.01074	0.01074	0.00761	0.00537	0.00447	0.00134	0.00492	0.00403	0.00447	0.00761
30	0.00871	0.00819	0.01377	0.68331	0.14368	0.00980	0.01228	0.01157	0.00914	0.01190	0.00904	0.02921	0.02138	0.00472	0.00451	0.00147	0.00573	0.00425	0.00210	0.00523
31	0.00632	0.00467	0.00599	0.00633	0.00736	0.00428	0.02485	0.00761	0.00959	0.02882	0.03015	0.32818	0.28630	0.02856	0.00587	0.00177	0.00296	0.16832	0.03815	0.00393
32	0.00641	0.00471	0.00678	0.00678	0.00743	0.00537	0.00508	0.00772	0.00707	0.01008	0.01236	0.01967	0.01209	0.17825	0.68161	0.00668	0.01061	0.00510	0.00245	0.00376
33	0.00979	0.00979	0.01370	0.01174	0.01174	0.01370	0.00979	0.01077	0.00685	0.01077	0.00587	0.00979	0.00587	0.00783	0.01468	0.00196	0.83461	0.00391	0.00196	0.00489
34	0.00928	0.00795	0.00928	0.00663	0.01060	0.00596	0.00530	0.01126	0.00928	0.01458	0.00795	0.00928	0.00663	0.00331	0.00331	0.00066	0.00331	0.00265	0.00265	0.87014
35	0.01196	0.84548	0.02344	0.00765	0.01148	0.01770	0.00765	0.01339	0.00909	0.01052	0.00622	0.00718	0.00574	0.00383	0.00287	0.00096	0.00478	0.00239	0.00191	0.00574
36	0.01107	0.01063	0.01816	0.02746	0.81489	0.01063	0.01373	0.01373	0.01019	0.01461	0.00841	0.01107	0.00709	0.00399	0.00443	0.00133	0.00531	0.00399	0.00221	0.00709
37	0.00979	0.00979	0.01370	0.01174	0.01174	0.01370	0.00979	0.01077	0.00685	0.01077	0.00587	0.00979	0.00587	0.00783	0.01468	0.00196	0.83461	0.00391	0.00196	0.00489
38	0.03410	0.00685	0.00767	0.00703	0.00882	0.00717	0.00541	0.09943	0.21678	0.03183	0.24257	0.11484	0.15730	0.00903	0.01696	0.00158	0.00311	0.01979	0.00446	0.00527
39	0.01167	0.60627	0.12967	0.00867	0.01267	0.05063	0.00884	0.01483	0.09721	0.01194	0.00782	0.00857	0.00660	0.00417	0.00329	0.00109	0.00504	0.00283	0.00222	0.00598
40	0.04967	0.10026	0.02628	0.00692	0.01049	0.00754	0.00582	0.02839	0.01002	0.09913	0.06312	0.03039	0.02612	0.00449	0.00363	0.00092	0.00351	0.00357	0.00311	0.51661

[dist]
# distance from previous block
# <min> <max>
0	1

[block]
# block no. 1 follows, 58 sequences, length 18
# corresponding to MSA columns:
# 449,451-467
name=unknown_B
#
# <colnr> <probs for GDERKNQSTAVLIFYWHMCP>
#	G	D	E	R	K	N	Q	S	T	A	V	L	I	F	Y	W	H	M	C	P
0	0.02658	0.05268	0.16898	0.02518	0.06912	0.13002	0.00896	0.03501	0.08444	0.13507	0.13990	0.04161	0.05137	0.00606	0.00447	0.00137	0.00480	0.00493	0.00350	0.00595
1	0.01050	0.00954	0.01298	0.02902	0.27810	0.08388	0.05925	0.09354	0.01097	0.03729	0.01404	0.28222	0.01442	0.00764	0.00524	0.00151	0.03417	0.00684	0.00318	0.00567
2	0.01083	0.01056	0.01860	0.02585	0.70445	0.01047	0.09653	0.01354	0.01017	0.01448	0.00902	0.03847	0.00780	0.00429	0.00456	0.00136	0.00546	0.00441	0.00228	0.00686
3	0.03186	0.01189	0.10496	0.05587	0.53960	0.01077	0.06655	0.03935	0.02204	0.02829	0.00862	0.01099	0.00694	0.00428	0.00484	0.00139	0.03868	0.00398	0.00234	0.00676
4	0.01021	0.20701	0.21230	0.01550	0.27124	0.01119	0.04551	0.01259	0.00916	0.01257	0.00807	0.01099	0.00690	0.00578	0.00591	0.12186	0.00538	0.01991	0.00207	0.00584
5	0.02007	0.00761	0.01038	0.00796	0.01142	0.00657	0.00657	0.02180	0.01280	0.81799	0.01765	0.01523	0.01107	0.00554	0.00450	0.00138	0.00381	0.00450	0.00554	0.00761
6	0.00916	0.07570	0.76873	0.01242	0.01886	0.01086	0.01596	0.01412	0.00942	0.01393	0.00791	0.00930	0.00567	0.00422	0.00416	0.00139	0.00649	0.00325	0.00189	0.00656
7	0.00692	0.00647	0.02863	0.00801	0.00991	0.00576	0.13276	0.00946	0.05974	0.01383	0.15280	0.14713	0.32414	0.00972	0.00534	0.00158	0.00346	0.06593	0.00394	0.00449
8	0.00571	0.00427	0.00537	0.00615	0.00685	0.00393	0.00449	0.00680	0.00927	0.01192	0.02962	0.50665	0.22334	0.01306	0.00569	0.00178	0.00278	0.14442	0.00415	0.00375
9	0.00651	0.00434	0.00488	0.00488	0.00488	0.00434	0.00271	0.00651	0.00651	0.00867	0.01409	0.02927	0.01626	0.84279	0.02277	0.00434	0.00434	0.00651	0.00271	0.00271
10	0.01636	0.02035	0.01308	0.01165	0.01408	0.74416	0.03469	0.04712	0.03587	0.01193	0.00745	0.00855	0.00609	0.00465	0.00411	0.00118	0.00780	0.00307	0.00245	0.00536
11	0.00982	0.00935	0.01590	0.41132	0.44080	0.01030	0.01311	0.01263	0.00959	0.01309	0.00819	0.01148	0.00655	0.00422	0.00445	0.00141	0.00562	0.00398	0.00211	0.00608
12	0.00951	0.00809	0.00863	0.00788	0.01004	0.00897	0.00609	0.01882	0.56717	0.01753	0.13324	0.02329	0.14711	0.00735	0.00477	0.00150	0.00313	0.00619	0.00454	0.00615
13	0.01161	0.01150	0.01787	0.02566	0.71608	0.07084	0.03439	0.03204	0.01063	0.01465	0.00837	0.01087	0.00699	0.00406	0.00442	0.00132	0.00557	0.00394	0.00227	0.00693
14	0.01056	0.01178	0.12659	0.12352	0.41079	0.05215	0.01217	0.01379	0.04301	0.04548	0.02653	0.01373	0.03917	0.00576	0.03159	0.00158	0.00561	0.01731	0.00254	0.00634
15	0.02007	0.00761	0.01038	0.00796	0.01142	0.00657	0.00657	0.02180	0.01280	0.81799	0.01765	0.01523	0.01107	0.00554	0.00450	0.00138	0.00381	0.00450	0.00554	0.00761
16	0.00675	0.00532	0.00787	0.00767	0.00838	0.00644	0.00603	0.00828	0.00715	0.01042	0.01134	0.01676	0.01063	0.03085	0.73996	0.00664	0.09838	0.00470	0.00235	0.00409
17	0.00993	0.02088	0.67589	0.01371	0.07909	0.01040	0.03408	0.04461	0.01011	0.04794	0.00858	0.00992	0.00610	0.00431	0.00431	0.00141	0.00635	0.00348	0.00217	0.00671

[dist]
# distance from previous block
# <min> <max>
0	14

[block]
# block no. 2 follows, 58 sequences, length 21
# corresponding to MSA columns:
# 482-502
name=unknown_C
#
# <colnr> <probs for GDERKNQSTAVLIFYWHMCP>
#	G	D	E	R	K	N	Q	S	T	A	V	L	I	F	Y	W	H	M	C	P
0	0.00626	0.00457	0.00588	0.00556	0.00664	0.00419	0.00417	0.00831	0.01250	0.01755	0.76170	0.03405	0.09328	0.00929	0.00528	0.00141	0.00212	0.00818	0.00487	0.00419
1	0.00545	0.00389	0.00519	0.00623	0.00649	0.00363	0.00415	0.00623	0.00856	0.01142	0.02465	0.83987	0.02959	0.01401	0.00571	0.00182	0.00260	0.01272	0.00415	0.00363
2	0.01538	0.01207	0.01292	0.02872	0.06725	0.05570	0.00850	0.61943	0.01865	0.02460	0.01334	0.01347	0.07784	0.00574	0.00452	0.00135	0.00491	0.00444	0.00413	0.00705
3	0.01287	0.68995	0.02146	0.00831	0.01193	0.11967	0.00783	0.06229	0.01028	0.01166	0.00658	0.00751	0.00586	0.00402	0.00312	0.00101	0.00521	0.00255	0.00212	0.00578
4	0.01022	0.00999	0.10626	0.00790	0.01197	0.00716	0.02279	0.07554	0.01063	0.05328	0.05655	0.01118	0.00892	0.00405	0.00373	0.00090	0.00387	0.00330	0.00297	0.58879
5	0.00940	0.01100	0.11080	0.01150	0.01250	0.01242	0.02862	0.01106	0.00776	0.01189	0.07671	0.01186	0.00904	0.00742	0.01238	0.00183	0.64229	0.00424	0.00222	0.00507
6	0.01064	0.06236	0.02184	0.08627	0.31333	0.01140	0.37996	0.01373	0.01011	0.01388	0.00848	0.01133	0.00674	0.00401	0.00498	0.00142	0.02653	0.00449	0.00219	0.00629
7	0.00854	0.00804	0.01358	0.80510	0.05707	0.00996	0.01247	0.01151	0.00899	0.01154	0.00797	0.01190	0.00600	0.00446	0.00447	0.00149	0.00594	0.00398	0.00200	0.00504
8	0.01930	0.00818	0.01155	0.00877	0.01230	0.00730	0.05535	0.06766	0.01316	0.72160	0.01671	0.01476	0.01060	0.00542	0.00454	0.00139	0.00410	0.00452	0.00527	0.00752
9	0.00529	0.00453	0.00453	0.00453	0.00604	0.00378	0.00340	0.00642	0.01020	0.01208	0.04532	0.04305	0.81307	0.01133	0.00529	0.00151	0.00227	0.00944	0.00415	0.00378
10	0.00639	0.00478	0.00711	0.00711	0.00788	0.00555	0.00549	0.00794	0.00717	0.01033	0.01205	0.01797	0.01135	0.06084	0.79801	0.00709	0.01172	0.00485	0.00241	0.00395
11	0.01196	0.84548	0.02344	0.00765	0.01148	0.01770	0.00765	0.01339	0.00909	0.01052	0.00622	0.00718	0.00574	0.00383	0.00287	0.00096	0.00478	0.00239	0.00191	0.00574
12	0.01411	0.01162	0.01136	0.00949	0.01222	0.10464	0.00752	0.43382	0.17238	0.02192	0.01359	0.11210	0.01138	0.00646	0.00454	0.00140	0.00463	0.00515	0.03504	0.00662
13	0.00582	0.00421	0.00562	0.00607	0.00667	0.00401	0.00428	0.00713	0.00986	0.01354	0.28891	0.47832	0.05046	0.01402	0.07717	0.00214	0.00324	0.01039	0.00426	0.00387
14	0.87439	0.00865	0.00657	0.00588	0.00865	0.01003	0.00484	0.01315	0.00761	0.02007	0.00623	0.00727	0.00484	0.00415	0.00277	0.00138	0.00346	0.00242	0.00277	0.00484
15	0.00807	0.00793	0.05656	0.00943	0.09041	0.02782	0.03108	0.01228	0.17525	0.01514	0.19665	0.09838	0.20491	0.00848	0.00503	0.00150	0.00347	0.03847	0.00397	0.00516
16	0.01027	0.00981	0.01671	0.27372	0.57490	0.01042	0.01333	0.01302	0.00981	0.01364	0.00827	0.01133	0.00674	0.00413	0.00444	0.00138	0.00551	0.00398	0.00214	0.00644
17	0.79945	0.00899	0.00717	0.00627	0.00911	0.01037	0.00516	0.08192	0.00879	0.02078	0.00662	0.00757	0.00509	0.00426	0.00292	0.00138	0.00359	0.00256	0.00292	0.00509
18	0.00545	0.00389	0.00519	0.00623	0.00649	0.00363	0.00415	0.00623	0.00856	0.01142	0.02465	0.83987	0.02959	0.01401	0.00571	0.00182	0.00260	0.01272	0.00415	0.00363
19	0.00936	0.03402	0.50986	0.13715	0.12306	0.01058	0.08624	0.01370	0.00956	0.01376	0.00812	0.01022	0.00600	0.00420	0.00437	0.00142	0.00640	0.00365	0.00198	0.00636
20	0.01099	0.01017	0.08046	0.00900	0.01180	0.01010	0.00759	0.02127	0.60996	0.06581	0.09721	0.01765	0.01568	0.00619	0.00459	0.00149	0.00368	0.00518	0.00442	0.00678

[dist]
# distance from previous block
# <min> <max>
0	4

[block]
# block no. 3 follows, 58 sequences, length 56
# corresponding to MSA columns:
# 507-562
name=unknown_D
#
# <colnr> <probs for GDERKNQSTAVLIFYWHMCP>
#	G	D	E	R	K	N	Q	S	T	A	V	L	I	F	Y	W	H	M	C	P
0	0.04152	0.27513	0.49188	0.01124	0.03686	0.01251	0.02567	0.01375	0.00938	0.01336	0.02631	0.00931	0.00657	0.00422	0.00382	0.00127	0.00581	0.00315	0.00201	0.00622
1	0.82320	0.00885	0.00775	0.00665	0.00952	0.01011	0.05189	0.01322	0.00779	0.01973	0.00640	0.00755	0.00496	0.00413	0.00292	0.00139	0.00370	0.00259	0.00274	0.00491
2	0.00754	0.00389	0.00576	0.00587	0.00589	0.00386	0.00391	0.00587	0.00610	0.00814	0.00947	0.09692	0.00997	0.01539	0.01630	0.78232	0.00375	0.00478	0.00217	0.00211
3	0.00974	0.03679	0.72894	0.01259	0.01889	0.01033	0.04361	0.01461	0.00968	0.06174	0.00860	0.00984	0.00603	0.00430	0.00428	0.00141	0.00644	0.00343	0.00212	0.00663
4	0.00555	0.00440	0.00499	0.00514	0.00628	0.00384	0.00374	0.00681	0.01036	0.01318	0.20403	0.21839	0.47456	0.01146	0.00538	0.00156	0.00231	0.00988	0.00432	0.00384
5	0.00641	0.00465	0.00578	0.00557	0.00677	0.00421	0.00424	0.00826	0.01188	0.03349	0.55509	0.04856	0.22574	0.00984	0.00532	0.00147	0.00230	0.05155	0.00470	0.00417
6	0.00953	0.01089	0.07264	0.01423	0.01716	0.01045	0.41117	0.01219	0.00921	0.01299	0.03299	0.04665	0.00932	0.08190	0.00889	0.00184	0.19424	0.00524	0.00238	0.03612
7	0.00855	0.00806	0.01360	0.80052	0.06153	0.00997	0.01247	0.01152	0.00899	0.01155	0.00797	0.01189	0.00601	0.00445	0.00447	0.00148	0.00594	0.00398	0.00200	0.00505
8	0.01125	0.00972	0.01115	0.03479	0.06588	0.01107	0.02358	0.03881	0.68961	0.02666	0.01691	0.01594	0.01270	0.00582	0.00455	0.00150	0.00384	0.00493	0.00428	0.00701
9	0.01071	0.00970	0.01622	0.21043	0.51255	0.01015	0.03291	0.04118	0.01038	0.03910	0.00960	0.01374	0.00807	0.00469	0.00457	0.00142	0.00539	0.05031	0.00246	0.00643
10	0.01152	0.00980	0.01033	0.00918	0.01178	0.01131	0.00717	0.07538	0.75456	0.01934	0.01771	0.01629	0.01325	0.00602	0.00455	0.00151	0.00363	0.00499	0.00455	0.00712
11	0.00928	0.00795	0.00928	0.00663	0.01060	0.00596	0.00530	0.01126	0.00928	0.01458	0.00795	0.00928	0.00663	0.00331	0.00331	0.00066	0.00331	0.00265	0.00265	0.87014
12	0.04691	0.02360	0.02541	0.07364	0.03250	0.04743	0.33336	0.09398	0.02384	0.23664	0.01137	0.01238	0.00795	0.00456	0.00470	0.00142	0.00586	0.00454	0.00341	0.00650
13	0.00897	0.02314	0.81962	0.01275	0.01936	0.01039	0.01653	0.01417	0.00944	0.01417	0.00803	0.00944	0.00567	0.00425	0.00425	0.00142	0.00661	0.00331	0.00189	0.00661
14	0.00530	0.00449	0.00458	0.00465	0.00607	0.00377	0.00345	0.00641	0.01008	0.01204	0.04388	0.09846	0.75859	0.01152	0.00532	0.00153	0.00229	0.00967	0.00415	0.00377
15	0.00835	0.00771	0.01282	0.77742	0.02914	0.00955	0.01182	0.01124	0.00900	0.01164	0.00929	0.01302	0.02995	0.00470	0.00445	0.00147	0.00571	0.00414	0.03367	0.00490
16	0.01062	0.05089	0.67849	0.01190	0.01797	0.01013	0.01483	0.01520	0.00990	0.12545	0.00930	0.01016	0.00642	0.00441	0.00423	0.00140	0.00616	0.00344	0.00240	0.00672
17	0.00909	0.05536	0.78842	0.01255	0.01905	0.01068	0.01618	0.01414	0.00943	0.01402	0.00796	0.00936	0.00567	0.00423	0.00420	0.00140	0.00654	0.00327	0.00189	0.00658
18	0.00639	0.00478	0.00710	0.00710	0.00787	0.00555	0.00549	0.00793	0.00716	0.01032	0.01206	0.01800	0.01137	0.06310	0.79576	0.00708	0.01170	0.00486	0.00241	0.00395
19	0.00906	0.03727	0.78885	0.01279	0.01931	0.01054	0.03299	0.01416	0.00946	0.01411	0.00802	0.00946	0.00569	0.00423	0.00425	0.00141	0.00660	0.00333	0.00190	0.00658
20	0.00929	0.00825	0.01430	0.63591	0.03989	0.00974	0.08985	0.01217	0.00922	0.05811	0.00879	0.01236	0.00662	0.00597	0.04591	0.00178	0.02021	0.00418	0.00224	0.00521
21	0.00543	0.00396	0.00512	0.00606	0.00644	0.00365	0.00408	0.00625	0.00873	0.01149	0.02675	0.75916	0.10895	0.01374	0.00567	0.00179	0.00256	0.01238	0.00415	0.00365
22	0.01876	0.00830	0.02577	0.01016	0.08530	0.00716	0.03187	0.02070	0.01244	0.70571	0.01637	0.01465	0.01048	0.00532	0.00451	0.00138	0.00411	0.00445	0.00507	0.00750
23	0.00899	0.01108	0.14535	0.52489	0.09218	0.01017	0.10798	0.01238	0.00934	0.01251	0.00834	0.01198	0.00637	0.00442	0.00455	0.00148	0.00618	0.01426	0.00205	0.00553
24	0.01032	0.06769	0.62474	0.02924	0.01821	0.01030	0.04447	0.01475	0.00980	0.10036	0.00930	0.02520	0.00674	0.00453	0.00427	0.00140	0.00615	0.00364	0.00234	0.00656
25	0.01102	0.00936	0.06998	0.51449	0.07796	0.00945	0.05826	0.01394	0.00990	0.16751	0.00992	0.01234	0.00705	0.00459	0.00451	0.00146	0.00564	0.00411	0.00270	0.00580
26	0.01121	0.05149	0.60006	0.01198	0.01778	0.02030	0.05039	0.01553	0.01011	0.15526	0.00968	0.01048	0.00667	0.00444	0.00429	0.00139	0.00611	0.00357	0.00255	0.00671
27	0.00947	0.06042	0.69857	0.01293	0.01917	0.01073	0.08247	0.01430	0.00959	0.03013	0.00822	0.00968	0.00587	0.00422	0.00428	0.00140	0.00655	0.00345	0.00199	0.00654
28	0.00861	0.00812	0.01371	0.78187	0.07970	0.00998	0.01250	0.01157	0.00902	0.01163	0.00798	0.01187	0.00603	0.00444	0.00447	0.00148	0.00592	0.00398	0.00200	0.00510
29	0.00916	0.00870	0.01505	0.46904	0.24695	0.00973	0.07107	0.01197	0.00948	0.01265	0.00968	0.04415	0.00834	0.00509	0.00466	0.00149	0.00567	0.04931	0.00227	0.00554
30	0.00637	0.00493	0.00717	0.00937	0.12089	0.00473	0.00572	0.00751	0.00892	0.01201	0.02229	0.66632	0.02613	0.01248	0.00556	0.00177	0.00309	0.06671	0.00388	0.00416
31	0.00937	0.01034	0.03987	0.07498	0.04155	0.04120	0.46506	0.01227	0.00989	0.01318	0.01207	0.17442	0.01140	0.00765	0.05379	0.00188	0.00665	0.00643	0.00261	0.00538
32	0.00983	0.01073	0.03578	0.03018	0.02009	0.00999	0.59742	0.03881	0.01055	0.01427	0.01194	0.13459	0.01087	0.00569	0.00532	0.00157	0.00655	0.03751	0.00267	0.00565
33	0.01021	0.00902	0.01347	0.39451	0.05190	0.04096	0.08134	0.09589	0.02486	0.04903	0.01103	0.12224	0.00976	0.00606	0.00536	0.00153	0.05940	0.00526	0.00279	0.00541
34	0.01194	0.00943	0.01014	0.00900	0.01161	0.01071	0.00703	0.02359	0.73430	0.09170	0.01816	0.01656	0.01342	0.00602	0.00455	0.00151	0.00356	0.00501	0.00464	0.00713
35	0.01622	0.02053	0.01272	0.06015	0.01484	0.77654	0.00887	0.01748	0.01246	0.01098	0.00698	0.00830	0.00577	0.00460	0.00406	0.00117	0.00794	0.00295	0.00229	0.00517
36	0.00990	0.00793	0.00934	0.00670	0.01065	0.00600	0.00537	0.01187	0.00948	0.06080	0.00851	0.00962	0.00688	0.00344	0.00338	0.00070	0.00334	0.00276	0.00282	0.82052
37	0.01027	0.00967	0.01496	0.31178	0.34592	0.02093	0.01196	0.03494	0.10610	0.01400	0.00929	0.01192	0.00738	0.00474	0.00521	0.00145	0.06676	0.00409	0.00246	0.00615
38	0.81655	0.00872	0.00681	0.00610	0.00885	0.01011	0.00499	0.01386	0.06116	0.01998	0.00703	0.00790	0.00543	0.00428	0.00289	0.00139	0.00347	0.00260	0.00289	0.00499
39	0.01399	0.01426	0.01110	0.00978	0.01206	0.36160	0.00748	0.17136	0.14101	0.03462	0.07429	0.06227	0.01220	0.03880	0.00526	0.00145	0.01457	0.00464	0.00349	0.00576
40	0.00584	0.00453	0.00519	0.00504	0.00623	0.00401	0.00370	0.00731	0.01098	0.01437	0.37726	0.03777	0.41454	0.07565	0.00665	0.00169	0.00236	0.00862	0.00438	0.00389
41	0.01076	0.00927	0.01024	0.00987	0.05882	0.01052	0.00722	0.03334	0.67874	0.01837	0.06414	0.01801	0.03824	0.00627	0.00461	0.00150	0.00355	0.00528	0.00442	0.00683
42	0.00683	0.00467	0.00589	0.00581	0.00697	0.00423	0.00438	0.00850	0.01136	0.06142	0.43136	0.16276	0.19633	0.01037	0.00536	0.00154	0.00245	0.06093	0.00462	0.00422
43	0.01456	0.01530	0.01277	0.13684	0.01591	0.41497	0.01770	0.11970	0.01239	0.06753	0.00842	0.01023	0.00668	0.01917	0.02003	0.00149	0.09449	0.00354	0.00273	0.00555
44	0.00568	0.00455	0.00507	0.00494	0.00628	0.00394	0.00371	0.00718	0.01112	0.01427	0.33198	0.03945	0.52505	0.01051	0.00528	0.00147	0.00221	0.00894	0.00444	0.00394
45	0.01644	0.06873	0.01330	0.01130	0.01369	0.77840	0.00859	0.01761	0.01247	0.01092	0.00687	0.00802	0.00576	0.00456	0.00397	0.00114	0.00788	0.00285	0.00228	0.00522
46	0.01929	0.00738	0.00997	0.00771	0.01101	0.00641	0.00635	0.02104	0.01258	0.76471	0.01744	0.01532	0.01110	0.00551	0.00441	0.00136	0.00369	0.00448	0.06285	0.00738
47	0.01102	0.00949	0.01004	0.00908	0.01157	0.01097	0.00708	0.02339	0.78604	0.01857	0.01835	0.01757	0.01397	0.00623	0.00459	0.00153	0.00356	0.02538	0.00454	0.00700
48	0.01134	0.67541	0.18810	0.00871	0.01311	0.01619	0.00949	0.01355	0.00916	0.01128	0.00659	0.00764	0.00573	0.00391	0.00316	0.00105	0.00516	0.00258	0.00191	0.00592
49	0.00557	0.00423	0.00510	0.00571	0.00647	0.00383	0.00405	0.00656	0.00927	0.01183	0.04819	0.45968	0.30388	0.04313	0.00621	0.00181	0.00264	0.06405	0.00411	0.00370
50	0.00651	0.00434	0.00488	0.00488	0.00488	0.00434	0.00271	0.00651	0.00651	0.00867	0.01409	0.02927	0.01626	0.84279	0.02277	0.00434	0.00434	0.00651	0.00271	0.00271
51	0.01511	0.11142	0.05996	0.01025	0.01336	0.30486	0.00865	0.24914	0.05700	0.06192	0.01026	0.01229	0.00824	0.00533	0.00423	0.00129	0.00595	0.05121	0.00329	0.00622
52	0.01112	0.01002	0.01382	0.19715	0.21143	0.04155	0.03987	0.14026	0.01151	0.01594	0.00852	0.01060	0.00672	0.00414	0.00413	0.00117	0.00500	0.00360	0.00266	0.26078
53	0.00698	0.00574	0.00750	0.00744	0.00832	0.05272	0.00577	0.00856	0.00750	0.01042	0.01169	0.01703	0.01087	0.03188	0.77783	0.00684	0.01176	0.00468	0.00239	0.00406
54	0.03618	0.38391	0.14824	0.01015	0.05459	0.04265	0.05444	0.02770	0.02676	0.01270	0.02020	0.01022	0.01673	0.00687	0.07859	0.00169	0.00582	0.00330	0.00225	0.05701
55	0.02358	0.41172	0.15560	0.00933	0.03880	0.05681	0.00895	0.01364	0.05845	0.02478	0.03327	0.01072	0.00822	0.00843	0.11822	0.00199	0.00610	0.00334	0.00233	0.00571

[dist]
# distance from previous block
# <min> <max>
1	18

[block]
# block no. 4 follows, 58 sequences, length 36
# corresponding to MSA columns:
# 582-617
name=unknown_E
#
# <colnr> <probs for GDERKNQSTAVLIFYWHMCP>
#	G	D	E	R	K	N	Q	S	T	A	V	L	I	F	Y	W	H	M	C	P
0	0.05113	0.01817	0.08985	0.02196	0.05071	0.00679	0.03244	0.05670	0.03963	0.01464	0.12635	0.19936	0.15450	0.01876	0.04704	0.00187	0.01242	0.04923	0.00364	0.00481
1	0.00613	0.00434	0.00519	0.00550	0.00599	0.00412	0.00370	0.00676	0.00833	0.01087	0.07109	0.22478	0.16460	0.34637	0.01292	0.03321	0.00338	0.07588	0.00354	0.00331
2	0.05929	0.00909	0.01026	0.03655	0.01189	0.00852	0.00638	0.22544	0.03348	0.01826	0.00888	0.01005	0.00701	0.00460	0.00433	0.04131	0.00388	0.00318	0.00315	0.49446
3	0.06095	0.01190	0.01083	0.09582	0.01362	0.20488	0.00769	0.17280	0.14315	0.04141	0.01125	0.01274	0.00875	0.00526	0.00433	0.00131	0.02198	0.02359	0.10168	0.04604
4	0.00556	0.00452	0.00493	0.00488	0.00622	0.00389	0.00364	0.00693	0.01077	0.01356	0.24172	0.07096	0.58507	0.01087	0.00530	0.00150	0.00224	0.00922	0.00435	0.00389
5	0.00897	0.02314	0.81962	0.01275	0.01936	0.01039	0.01653	0.01417	0.00944	0.01417	0.00803	0.00944	0.00567	0.00425	0.00425	0.00142	0.00661	0.00331	0.00189	0.00661
6	0.00614	0.00457	0.00572	0.00543	0.00657	0.00414	0.00407	0.00808	0.01222	0.01688	0.67371	0.03516	0.18169	0.00954	0.00528	0.00143	0.00214	0.00833	0.00478	0.00414
7	0.06487	0.01193	0.01303	0.01071	0.05061	0.01311	0.00841	0.66196	0.04473	0.05955	0.01090	0.01094	0.00777	0.00527	0.00438	0.00135	0.00477	0.00399	0.00432	0.00741
8	0.60381	0.04856	0.00920	0.00715	0.01019	0.01142	0.00596	0.22471	0.01129	0.02181	0.00744	0.00820	0.00563	0.00446	0.00323	0.00135	0.00391	0.00285	0.00319	0.00563
9	0.00710	0.00507	0.00708	0.00811	0.00909	0.00505	0.00702	0.00908	0.01019	0.01326	0.02375	0.10002	0.02599	0.01246	0.00615	0.00204	0.00402	0.73631	0.00412	0.00409
10	0.01505	0.01180	0.01376	0.01075	0.01416	0.01300	0.07660	0.54742	0.20690	0.02474	0.01237	0.01227	0.00897	0.00540	0.00456	0.00140	0.00482	0.00438	0.00430	0.00735
11	0.00619	0.00453	0.00527	0.00549	0.00622	0.00426	0.00389	0.00708	0.00881	0.01129	0.07661	0.08183	0.26349	0.34319	0.01244	0.00275	0.00343	0.14617	0.00362	0.00343
12	0.01390	0.01120	0.03872	0.01029	0.01336	0.06271	0.09310	0.27443	0.19787	0.12103	0.01312	0.01425	0.00995	0.06917	0.03470	0.00183	0.00520	0.00458	0.00396	0.00663
13	0.01039	0.01171	0.02542	0.01831	0.02266	0.01100	0.75835	0.01407	0.01054	0.01428	0.00979	0.01402	0.00775	0.00421	0.00532	0.00154	0.00737	0.04496	0.00236	0.00594
14	0.03436	0.01208	0.01300	0.01005	0.01351	0.01335	0.00829	0.74024	0.02010	0.04338	0.01083	0.01100	0.00775	0.00634	0.03322	0.00155	0.00512	0.00403	0.00439	0.00742
15	0.00573	0.00480	0.00501	0.00491	0.00641	0.00421	0.00370	0.00758	0.05109	0.01322	0.14871	0.04039	0.66710	0.01076	0.00525	0.00150	0.00231	0.00903	0.00428	0.00401
16	0.00957	0.18729	0.66069	0.01173	0.01779	0.01185	0.01476	0.01401	0.00937	0.01344	0.00767	0.00899	0.00568	0.00417	0.00397	0.00132	0.00625	0.00312	0.00189	0.00644
17	0.01705	0.00697	0.00930	0.00738	0.01017	0.00616	0.00588	0.01874	0.02378	0.63546	0.07686	0.01853	0.01416	0.12016	0.00705	0.00179	0.00375	0.00505	0.00509	0.00668
18	0.00928	0.00795	0.00928	0.00663	0.01060	0.00596	0.00530	0.01126	0.00928	0.01458	0.00795	0.00928	0.00663	0.00331	0.00331	0.00066	0.00331	0.00265	0.00265	0.87014
19	0.00556	0.00411	0.00521	0.00596	0.00654	0.00377	0.00415	0.00655	0.00923	0.01210	0.08634	0.60493	0.17078	0.01311	0.00562	0.00174	0.00256	0.04381	0.00421	0.00372
20	0.01223	0.01023	0.01056	0.00927	0.01193	0.03771	0.00726	0.10530	0.67151	0.04634	0.01703	0.01573	0.01267	0.00593	0.00452	0.00148	0.00384	0.00486	0.00450	0.00709
21	0.00854	0.00706	0.01069	0.18046	0.01474	0.00745	0.10156	0.09761	0.05125	0.02949	0.01785	0.39702	0.03922	0.00920	0.00517	0.00163	0.00421	0.00840	0.00356	0.00490
22	0.01025	0.01021	0.01556	0.39905	0.30709	0.07151	0.05349	0.01352	0.05103	0.01305	0.00863	0.01159	0.00679	0.00436	0.00447	0.00141	0.00585	0.00402	0.00224	0.00590
23	0.01297	0.63814	0.04026	0.00866	0.01221	0.20110	0.00809	0.01443	0.00991	0.01071	0.00642	0.00743	0.00574	0.00402	0.00317	0.00101	0.00557	0.00253	0.00200	0.00564
24	0.01044	0.00862	0.00950	0.00902	0.03660	0.00962	0.00681	0.02023	0.59895	0.04448	0.05377	0.02163	0.09329	0.00698	0.00474	0.00153	0.00346	0.04939	0.00446	0.00649
25	0.00983	0.00533	0.00669	0.00627	0.00785	0.00489	0.00483	0.03122	0.01112	0.20441	0.17358	0.19878	0.13615	0.00927	0.00496	0.00150	0.00284	0.06259	0.11299	0.00491
26	0.01020	0.00858	0.00917	0.00826	0.01053	0.00962	0.00641	0.05971	0.58280	0.01831	0.10960	0.03524	0.09814	0.00705	0.00472	0.00150	0.00330	0.00592	0.00454	0.00639
27	0.00588	0.00425	0.00566	0.00663	0.00716	0.00402	0.00487	0.00701	0.00910	0.01196	0.02572	0.59050	0.07837	0.01343	0.00580	0.00186	0.00296	0.20691	0.00414	0.00376
28	0.10500	0.01051	0.01141	0.00921	0.01207	0.03199	0.00753	0.44723	0.03077	0.11015	0.01102	0.01185	0.00820	0.00942	0.12262	0.00222	0.04425	0.00401	0.00394	0.00660
29	0.87439	0.00865	0.00657	0.00588	0.00865	0.01003	0.00484	0.01315	0.00761	0.02007	0.00623	0.00727	0.00484	0.00415	0.00277	0.00138	0.00346	0.00242	0.00277	0.00484
30	0.01332	0.03864	0.07213	0.01347	0.01661	0.36325	0.24173	0.05598	0.02511	0.01324	0.00845	0.01110	0.00694	0.00488	0.00531	0.00138	0.07144	0.02895	0.00243	0.00565
31	0.00545	0.00399	0.00512	0.00599	0.00643	0.00367	0.00405	0.00631	0.00887	0.01166	0.04568	0.71647	0.13278	0.01355	0.00564	0.00177	0.00254	0.01218	0.00417	0.00367
32	0.12455	0.08264	0.01367	0.01004	0.01292	0.07547	0.07973	0.33084	0.01395	0.02889	0.02369	0.01188	0.00817	0.00779	0.07772	0.00190	0.06342	0.02331	0.00332	0.00610
33	0.01150	0.00895	0.00979	0.00861	0.01103	0.00991	0.00680	0.17399	0.43760	0.05111	0.07832	0.06236	0.05568	0.00714	0.00477	0.00151	0.00364	0.04625	0.00454	0.00649
34	0.01150	0.01096	0.01965	0.08904	0.08113	0.01129	0.39673	0.15208	0.02600	0.03668	0.01006	0.05018	0.00810	0.00501	0.00571	0.00151	0.07033	0.00506	0.00281	0.00616
35	0.01672	0.02087	0.01271	0.01146	0.01383	0.78355	0.00864	0.05768	0.01310	0.01183	0.00711	0.00820	0.00586	0.00465	0.00406	0.00116	0.00791	0.00294	0.00242	0.00531

[dist]
# distance from previous block
# <min> <max>
0	4

[block]
# block no. 5 follows, 58 sequences, length 11
# corresponding to MSA columns:
# 622-632
name=unknown_F
#
# <colnr> <probs for GDERKNQSTAVLIFYWHMCP>
#	G	D	E	R	K	N	Q	S	T	A	V	L	I	F	Y	W	H	M	C	P
0	0.87439	0.00865	0.00657	0.00588	0.00865	0.01003	0.00484	0.01315	0.00761	0.02007	0.00623	0.00727	0.00484	0.00415	0.00277	0.00138	0.00346	0.00242	0.00277	0.00484
1	0.16830	0.04623	0.01158	0.06320	0.01315	0.10153	0.00758	0.34117	0.08034	0.04706	0.04860	0.01228	0.02947	0.00534	0.00412	0.00135	0.00472	0.00397	0.00371	0.00629
2	0.00599	0.00443	0.00519	0.00518	0.00599	0.00407	0.00357	0.00712	0.00988	0.01311	0.29817	0.11911	0.25187	0.23502	0.01004	0.00227	0.00281	0.00853	0.00403	0.00363
3	0.01356	0.03019	0.01130	0.00984	0.01211	0.37233	0.00760	0.12811	0.17338	0.01557	0.07028	0.04934	0.03866	0.00619	0.00467	0.00135	0.02467	0.02171	0.00342	0.00571
4	0.00638	0.00463	0.00585	0.00600	0.00684	0.00438	0.00435	0.03400	0.01081	0.01472	0.35705	0.29803	0.10006	0.06932	0.00667	0.00179	0.00266	0.05808	0.00439	0.00399
5	0.04729	0.01042	0.01133	0.00893	0.01206	0.01126	0.00730	0.51104	0.06482	0.13754	0.01250	0.01238	0.00886	0.00537	0.00424	0.00132	0.00426	0.00412	0.11792	0.00702
6	0.17319	0.00975	0.00881	0.00771	0.00994	0.17410	0.00602	0.03415	0.02353	0.22583	0.07012	0.01513	0.03987	0.00782	0.03322	0.10504	0.00470	0.01954	0.02624	0.00526
7	0.00913	0.00865	0.01466	0.62155	0.23593	0.01012	0.01276	0.01203	0.00927	0.01226	0.00807	0.01170	0.00626	0.00434	0.00446	0.00145	0.00579	0.00398	0.00205	0.00552
8	0.00913	0.00892	0.01364	0.58378	0.05517	0.03782	0.01173	0.01157	0.00863	0.01138	0.00745	0.01127	0.00598	0.00524	0.00683	0.00158	0.19892	0.00393	0.00200	0.00504
9	0.00645	0.00484	0.00673	0.00687	0.00779	0.00452	0.05109	0.00800	0.04114	0.03820	0.04885	0.58810	0.14573	0.01227	0.00552	0.00171	0.00290	0.01108	0.00412	0.00408
10	0.00723	0.00530	0.00650	0.00652	0.00752	0.00529	0.00479	0.10263	0.01070	0.01431	0.14366	0.33966	0.11744	0.08052	0.07956	0.00236	0.00382	0.05395	0.00404	0.00420

[dist]
# distance from previous block
# <min> <max>
0	1

[block]
# block no. 6 follows, 58 sequences, length 10
# corresponding to MSA columns:
# 634-643
name=unknown_G
#
# <colnr> <probs for GDERKNQSTAVLIFYWHMCP>
#	G	D	E	R	K	N	Q	S	T	A	V	L	I	F	Y	W	H	M	C	P
0	0.01391	0.06273	0.13436	0.01103	0.01414	0.23264	0.02968	0.19074	0.01267	0.06498	0.00847	0.00971	0.00656	0.00523	0.00599	0.00137	0.15050	0.00350	0.00286	0.03893
1	0.01130	0.01088	0.01619	0.18723	0.51709	0.06459	0.01251	0.06546	0.04430	0.01479	0.00879	0.01126	0.00708	0.00430	0.00442	0.00136	0.00553	0.00396	0.00242	0.00657
2	0.52653	0.01047	0.00906	0.00761	0.01058	0.06099	0.00621	0.22363	0.04688	0.04868	0.00839	0.00893	0.00624	0.00464	0.00344	0.00136	0.00415	0.00306	0.00337	0.00579
3	0.00809	0.00465	0.00692	0.08556	0.00866	0.00494	0.00498	0.03569	0.00677	0.00903	0.00816	0.01358	0.00780	0.01521	0.06531	0.70145	0.00462	0.00395	0.00207	0.00257
4	0.04255	0.00554	0.00638	0.00610	0.00748	0.00540	0.00452	0.02952	0.09346	0.07523	0.18642	0.15844	0.22301	0.08497	0.00708	0.03011	0.00292	0.02221	0.00421	0.00447
5	0.01033	0.01975	0.61205	0.01385	0.07161	0.01013	0.09100	0.01489	0.00992	0.09154	0.00908	0.01036	0.00639	0.00431	0.00439	0.00142	0.00635	0.00366	0.00230	0.00668
6	0.06294	0.00466	0.00569	0.00584	0.00666	0.00455	0.00420	0.00775	0.00977	0.01398	0.30140	0.25246	0.08239	0.12288	0.06183	0.00232	0.00337	0.03943	0.00403	0.00385
7	0.10510	0.31822	0.27386	0.00941	0.01371	0.01267	0.03984	0.01444	0.08586	0.01411	0.00866	0.00969	0.00683	0.00431	0.00357	0.00123	0.00502	0.00318	0.06434	0.00595
8	0.03572	0.00486	0.00614	0.00597	0.00715	0.00461	0.00453	0.00934	0.01106	0.07635	0.41276	0.14104	0.07432	0.02466	0.04152	0.00179	0.00297	0.06373	0.06713	0.00435
9	0.50970	0.08946	0.00954	0.00702	0.00991	0.01088	0.00585	0.09935	0.10851	0.06143	0.04424	0.01036	0.00829	0.00478	0.00338	0.00136	0.00371	0.00328	0.00333	0.00562

[dist]
# distance from previous block
# <min> <max>
0	1

[block]
# block no. 7 follows, 58 sequences, length 34
# corresponding to MSA columns:
# 645-678
name=unknown_H
#
# <colnr> <probs for GDERKNQSTAVLIFYWHMCP>
#	G	D	E	R	K	N	Q	S	T	A	V	L	I	F	Y	W	H	M	C	P
0	0.04740	0.00679	0.00878	0.00705	0.00988	0.00599	0.00572	0.01762	0.01215	0.56750	0.11192	0.02058	0.11549	0.00662	0.00458	0.00139	0.00334	0.00545	0.03522	0.00652
1	0.87439	0.00865	0.00657	0.00588	0.00865	0.01003	0.00484	0.01315	0.00761	0.02007	0.00623	0.00727	0.00484	0.00415	0.00277	0.00138	0.00346	0.00242	0.00277	0.00484
2	0.01660	0.01958	0.01272	0.01126	0.01377	0.67176	0.00858	0.14290	0.03704	0.01393	0.00785	0.00874	0.00629	0.00477	0.00412	0.00119	0.00743	0.00313	0.00272	0.00563
3	0.87439	0.00865	0.00657	0.00588	0.00865	0.01003	0.00484	0.01315	0.00761	0.02007	0.00623	0.00727	0.00484	0.00415	0.00277	0.00138	0.00346	0.00242	0.00277	0.00484
4	0.00854	0.00713	0.00842	0.00646	0.00967	0.00552	0.00500	0.01028	0.00917	0.01400	0.03656	0.12356	0.01131	0.04137	0.00455	0.00100	0.00322	0.00436	0.00293	0.68694
5	0.01835	0.00714	0.00823	0.00762	0.00930	0.02754	0.00590	0.04910	0.20628	0.11172	0.16924	0.18283	0.07314	0.00885	0.00551	0.00157	0.04359	0.05430	0.00441	0.00539
6	0.00616	0.00460	0.00560	0.00584	0.00663	0.00442	0.00415	0.00780	0.04659	0.01276	0.17954	0.27311	0.18230	0.14831	0.04992	0.00236	0.00332	0.04877	0.00400	0.00383
7	0.36940	0.01054	0.00989	0.00816	0.01117	0.04391	0.00665	0.31124	0.08968	0.05795	0.03463	0.01067	0.00820	0.00503	0.00379	0.00137	0.00418	0.00357	0.00375	0.00622
8	0.05700	0.00474	0.00567	0.00574	0.00647	0.00457	0.00387	0.00831	0.00871	0.07939	0.11677	0.30777	0.05489	0.30276	0.01135	0.00258	0.00328	0.00856	0.00378	0.00379
9	0.01115	0.01050	0.01752	0.09378	0.70872	0.01074	0.01335	0.05347	0.01063	0.01504	0.00849	0.01113	0.00702	0.00410	0.00443	0.00134	0.00535	0.00399	0.00231	0.00694
10	0.60631	0.00790	0.00693	0.00614	0.00868	0.00873	0.00495	0.01359	0.04066	0.10828	0.05809	0.03003	0.05311	0.02565	0.00387	0.00148	0.00336	0.00379	0.00338	0.00507
11	0.12353	0.00560	0.00614	0.00587	0.00666	0.00602	0.00397	0.05543	0.02768	0.01199	0.01293	0.04924	0.01374	0.49868	0.15079	0.00408	0.00544	0.00569	0.00286	0.00364
12	0.00900	0.00829	0.01348	0.69738	0.06666	0.01018	0.01199	0.05147	0.00949	0.01238	0.00816	0.01191	0.00625	0.00546	0.02864	0.00166	0.03629	0.00400	0.00214	0.00517
13	0.01265	0.01060	0.01043	0.00929	0.01179	0.10559	0.00734	0.11436	0.45957	0.07944	0.01665	0.03653	0.01339	0.00659	0.00467	0.00151	0.00429	0.08444	0.00430	0.00658
14	0.00556	0.00401	0.00515	0.00601	0.00637	0.00374	0.00403	0.00633	0.00857	0.01129	0.02557	0.68579	0.09714	0.08270	0.00710	0.00200	0.00274	0.02826	0.00403	0.00358
15	0.09815	0.01046	0.01077	0.00894	0.01197	0.03671	0.00715	0.24802	0.35410	0.08107	0.01368	0.01309	0.01005	0.00538	0.00424	0.00137	0.00408	0.00421	0.00421	0.07235
16	0.01110	0.04099	0.01567	0.15708	0.40484	0.05920	0.02275	0.07702	0.01066	0.01450	0.00837	0.01094	0.00688	0.00543	0.03614	0.00153	0.03667	0.00381	0.00239	0.07402
17	0.00887	0.00806	0.01213	0.45201	0.12274	0.03052	0.01029	0.03905	0.04854	0.01324	0.07724	0.09135	0.01202	0.00728	0.04632	0.00177	0.00545	0.00520	0.00270	0.00520
18	0.00656	0.00483	0.00589	0.00612	0.00705	0.00471	0.00446	0.00855	0.06884	0.02763	0.11599	0.27139	0.19451	0.11405	0.06965	0.00241	0.00362	0.07574	0.00399	0.00402
19	0.00725	0.00513	0.00580	0.00569	0.00612	0.00534	0.00361	0.02603	0.09673	0.01054	0.01521	0.05450	0.01656	0.65702	0.02972	0.00381	0.00430	0.04017	0.00306	0.00342
20	0.11522	0.00541	0.00600	0.00580	0.00700	0.00556	0.00424	0.02743	0.05829	0.05759	0.11844	0.17033	0.01814	0.08947	0.00721	0.07893	0.00297	0.00631	0.21140	0.00426
21	0.01464	0.12909	0.01431	0.01082	0.01354	0.47691	0.04742	0.04964	0.17475	0.01334	0.00939	0.01002	0.00750	0.00479	0.00406	0.00123	0.00655	0.00343	0.00280	0.00579
22	0.55008	0.00744	0.00674	0.00603	0.00837	0.00820	0.00486	0.01297	0.00870	0.10787	0.06605	0.01303	0.00992	0.03564	0.04571	0.00177	0.00376	0.02038	0.07755	0.00492
23	0.41151	0.06796	0.07494	0.00809	0.01143	0.00949	0.06872	0.01522	0.00955	0.22118	0.03762	0.01088	0.00807	0.00487	0.00393	0.01976	0.00417	0.00347	0.00336	0.00576
24	0.05266	0.00797	0.00876	0.00789	0.01015	0.00859	0.00610	0.03534	0.43329	0.10389	0.06634	0.13066	0.06455	0.00739	0.00466	0.00150	0.00330	0.00625	0.00445	0.03627
25	0.08330	0.04233	0.00932	0.00771	0.00974	0.09047	0.02358	0.12175	0.09478	0.02565	0.12115	0.02376	0.18669	0.06735	0.00627	0.00165	0.03291	0.04276	0.00374	0.00510
26	0.00593	0.00424	0.00547	0.00624	0.00666	0.00406	0.00432	0.00701	0.02285	0.01166	0.05485	0.56593	0.05181	0.13047	0.00812	0.00217	0.00300	0.09758	0.00398	0.00365
27	0.01177	0.01451	0.07975	0.03017	0.03424	0.21475	0.34940	0.02711	0.01049	0.01300	0.00842	0.03615	0.00701	0.00502	0.00634	0.00149	0.13800	0.00447	0.00229	0.00564
28	0.00663	0.04514	0.00584	0.00516	0.00544	0.00490	0.00315	0.00687	0.00709	0.00938	0.03864	0.10861	0.03504	0.67807	0.01923	0.00378	0.00408	0.00703	0.00291	0.00302
29	0.05397	0.05230	0.01196	0.21652	0.05709	0.06781	0.00870	0.05652	0.33469	0.03348	0.01307	0.05329	0.01041	0.00559	0.00437	0.00144	0.00464	0.00462	0.00341	0.00611
30	0.02020	0.06269	0.07176	0.00949	0.02913	0.12477	0.05394	0.11152	0.01150	0.06051	0.00865	0.00969	0.00675	0.00403	0.00380	0.00100	0.00484	0.00317	0.00286	0.39971
31	0.03662	0.06795	0.13481	0.11769	0.01683	0.25091	0.09204	0.05218	0.01057	0.01296	0.02471	0.01068	0.00707	0.03211	0.00617	0.00149	0.11370	0.00371	0.00231	0.00546
32	0.61328	0.03269	0.10761	0.03180	0.05738	0.01019	0.00722	0.02590	0.00854	0.06035	0.00729	0.00835	0.00550	0.00425	0.00321	0.00138	0.00410	0.00280	0.00275	0.00540
33	0.00665	0.00496	0.00564	0.00541	0.00693	0.00437	0.00417	0.02534	0.01094	0.04320	0.20826	0.03802	0.49066	0.01047	0.00557	0.02450	0.00256	0.06888	0.00428	0.02920

[dist]
# distance from previous block
# <min> <max>
0	2

[block]
# block no. 8 follows, 58 sequences, length 23
# corresponding to MSA columns:
# 681-684,687,711-728
name=unknown_I
#
# <colnr> <probs for GDERKNQSTAVLIFYWHMCP>
#	G	D	E	R	K	N	Q	S	T	A	V	L	I	F	Y	W	H	M	C	P
0	0.01130	0.00793	0.00939	0.00724	0.01063	0.00675	0.00574	0.05835	0.08113	0.14741	0.01215	0.08752	0.01015	0.00502	0.00390	0.00100	0.00344	0.00417	0.00353	0.52324
1	0.46808	0.01078	0.00882	0.00758	0.01031	0.13763	0.00608	0.12932	0.01124	0.09025	0.07379	0.01074	0.00899	0.00493	0.00357	0.00134	0.00432	0.00337	0.00337	0.00550
2	0.07808	0.00493	0.00593	0.00611	0.00711	0.00477	0.00437	0.00869	0.00902	0.09599	0.04604	0.41930	0.13004	0.10017	0.03355	0.00213	0.01166	0.02402	0.00397	0.00412
3	0.00882	0.12902	0.05419	0.07451	0.01095	0.00833	0.00677	0.06109	0.01077	0.04261	0.22144	0.02509	0.12098	0.08368	0.00700	0.00171	0.05797	0.06674	0.00352	0.00481
