[name]
unknown

[dist]
# distance from previous block
# <min> <max>
43	165

[block]
# block no. 0 follows, 52 sequences, length 6
# corresponding to MSA columns:
# 227-230,232,233
name=unknown_A
#
# <colnr> <probs for GDERKNQSTAVLIFYWHMCP>
#	G	D	E	R	K	N	Q	S	T	A	V	L	I	F	Y	W	H	M	C	P
0	0.00609	0.00446	0.00572	0.00639	0.00702	0.00409	0.00442	0.00729	0.01045	0.01399	0.19681	0.56255	0.12547	0.01369	0.00603	0.00183	0.00266	0.01227	0.00468	0.00409
1	0.01005	0.00861	0.01005	0.00718	0.01148	0.00646	0.00574	0.01220	0.01005	0.01579	0.00861	0.01005	0.00718	0.00359	0.00359	0.00072	0.00359	0.00287	0.00287	0.85932
2	0.00708	0.05771	0.00745	0.00606	0.00747	0.00543	0.00468	0.00916	0.01307	0.01797	0.63473	0.03595	0.15559	0.00989	0.00555	0.00151	0.00250	0.00859	0.00500	0.00461
3	0.68719	0.01002	0.00809	0.00711	0.01015	0.05128	0.00579	0.01611	0.05616	0.09757	0.00878	0.00937	0.00653	0.00480	0.00337	0.00150	0.00404	0.00304	0.00338	0.00571
4	0.01693	0.01318	0.01583	0.01211	0.01599	0.01439	0.10035	0.61296	0.10216	0.02769	0.01227	0.01248	0.00882	0.00569	0.00496	0.00150	0.00551	0.00464	0.00457	0.00798
5	0.00709	0.00483	0.00611	0.00673	0.00768	0.00441	0.00495	0.00829	0.01027	0.05982	0.03161	0.47100	0.21871	0.01365	0.00607	0.00190	0.00305	0.12495	0.00458	0.00431

[dist]
# distance from previous block
# <min> <max>
2	9

[block]
# block no. 1 follows, 52 sequences, length 12
# corresponding to MSA columns:
# 243-254
name=unknown_B
#
# <colnr> <probs for GDERKNQSTAVLIFYWHMCP>
#	G	D	E	R	K	N	Q	S	T	A	V	L	I	F	Y	W	H	M	C	P
0	0.08280	0.01065	0.01152	0.00965	0.01285	0.01174	0.00773	0.19562	0.41396	0.16495	0.01676	0.01553	0.01205	0.00613	0.00475	0.00156	0.00422	0.00489	0.00495	0.00771
1	0.01416	0.01035	0.01132	0.00978	0.01278	0.01154	0.00772	0.09279	0.59930	0.14519	0.01891	0.01726	0.01377	0.00642	0.00491	0.00160	0.00401	0.00528	0.00509	0.00781
2	0.00699	0.00471	0.00546	0.00550	0.00557	0.00475	0.00320	0.00714	0.00718	0.00963	0.01559	0.06322	0.01786	0.74684	0.07319	0.00478	0.00514	0.00720	0.00298	0.00306
3	0.01810	0.02310	0.01373	0.01248	0.01498	0.81024	0.00936	0.01935	0.01373	0.01186	0.00749	0.00874	0.00624	0.00499	0.00437	0.00125	0.00874	0.00312	0.00250	0.00562
4	0.00686	0.00495	0.00648	0.00610	0.00724	0.00457	0.00457	0.00914	0.01372	0.01943	0.79691	0.03620	0.04572	0.00991	0.00572	0.00152	0.00229	0.00876	0.00533	0.00457
5	0.00574	0.00485	0.00497	0.00505	0.00658	0.00408	0.00375	0.00694	0.01091	0.01303	0.04733	0.10790	0.73737	0.01250	0.00576	0.00166	0.00248	0.01051	0.00450	0.00408
6	0.01251	0.01064	0.01121	0.00995	0.01278	0.01227	0.00778	0.07999	0.73573	0.02101	0.01914	0.01762	0.01432	0.00652	0.00493	0.00163	0.00394	0.00540	0.00493	0.00771
7	0.01410	0.01133	0.01571	0.01174	0.01573	0.01121	0.17011	0.26411	0.07598	0.08006	0.01143	0.01233	0.00849	0.00499	0.00505	0.00133	0.03227	0.00435	0.00379	0.24585
8	0.01192	0.57532	0.27365	0.01005	0.01516	0.01665	0.01135	0.01478	0.00997	0.01266	0.00736	0.00856	0.00619	0.00429	0.00359	0.00120	0.00581	0.00291	0.00206	0.00652
9	0.03420	0.01265	0.02594	0.04797	0.02385	0.01247	0.64542	0.04520	0.01143	0.01587	0.00949	0.01269	0.00723	0.00452	0.00634	0.00166	0.06871	0.00542	0.00252	0.00643
10	0.00588	0.00433	0.00551	0.00646	0.00695	0.00396	0.00437	0.00678	0.00956	0.01249	0.03027	0.70264	0.15365	0.01472	0.00611	0.00192	0.00275	0.01321	0.00450	0.00396
11	0.01058	0.01090	0.02028	0.01474	0.01896	0.00985	0.43811	0.01369	0.01067	0.01527	0.01033	0.06296	0.00880	0.00478	0.00540	0.00136	0.03696	0.00519	0.00271	0.29846

[dist]
# distance from previous block
# <min> <max>
18	115

[block]
# block no. 2 follows, 52 sequences, length 8
# corresponding to MSA columns:
# 417-424
name=unknown_C
#
# <colnr> <probs for GDERKNQSTAVLIFYWHMCP>
#	G	D	E	R	K	N	Q	S	T	A	V	L	I	F	Y	W	H	M	C	P
0	0.05442	0.06028	0.03154	0.00963	0.01264	0.04535	0.05805	0.17816	0.09804	0.05677	0.09039	0.07997	0.04316	0.00680	0.00521	0.00145	0.03916	0.00555	0.02054	0.10290
1	0.10446	0.01125	0.07516	0.01008	0.01340	0.06254	0.09558	0.04909	0.13364	0.10451	0.03434	0.03167	0.01141	0.00581	0.00475	0.00144	0.02126	0.03132	0.09278	0.10549
2	0.06056	0.01147	0.01198	0.01019	0.03148	0.12233	0.05682	0.18977	0.09703	0.05073	0.07149	0.06541	0.06440	0.00659	0.00476	0.00141	0.00486	0.00542	0.02682	0.10648
3	0.09104	0.01191	0.01115	0.00952	0.01216	0.19605	0.05754	0.09554	0.09618	0.06566	0.08967	0.05873	0.09989	0.00694	0.00477	0.00145	0.00501	0.00562	0.03830	0.04286
4	0.12089	0.01000	0.01086	0.07997	0.01343	0.06239	0.02648	0.20068	0.08353	0.07518	0.07190	0.01540	0.01213	0.00880	0.08264	0.00207	0.00544	0.00466	0.10731	0.00624
5	0.06394	0.01361	0.04887	0.01132	0.01510	0.06843	0.05961	0.43851	0.12545	0.08727	0.01254	0.01254	0.00899	0.00564	0.00477	0.00149	0.00544	0.00443	0.00441	0.00766
6	0.00807	0.00431	0.00641	0.00650	0.00661	0.00437	0.00442	0.00658	0.00670	0.00902	0.01034	0.07990	0.01068	0.01867	0.09779	0.70478	0.00498	0.00507	0.00234	0.00247
7	0.01622	0.01024	0.01132	0.00934	0.01239	0.04868	0.00746	0.22287	0.17488	0.27322	0.06797	0.07394	0.03520	0.00708	0.00502	0.00154	0.00436	0.00579	0.00512	0.00735

[dist]
# distance from previous block
# <min> <max>
2	6

[block]
# block no. 3 follows, 52 sequences, length 9
# corresponding to MSA columns:
# 431-433,435-440
name=unknown_D
#
# <colnr> <probs for GDERKNQSTAVLIFYWHMCP>
#	G	D	E	R	K	N	Q	S	T	A	V	L	I	F	Y	W	H	M	C	P
0	0.03288	0.01570	0.01386	0.02891	0.03066	0.33454	0.03049	0.17282	0.01362	0.04017	0.00937	0.02777	0.00783	0.00814	0.06192	0.00195	0.15610	0.00411	0.00306	0.00611
1	0.06763	0.00744	0.01059	0.00986	0.01165	0.03574	0.11890	0.02794	0.01103	0.04039	0.04375	0.22403	0.02273	0.01083	0.00587	0.00190	0.00459	0.31198	0.02820	0.00494
2	0.01267	0.01344	0.23469	0.00953	0.01452	0.00838	0.00962	0.05461	0.01150	0.17059	0.01085	0.01144	0.00788	0.00446	0.00419	0.00114	0.00479	0.00354	0.00335	0.40880
3	0.00668	0.00495	0.00622	0.00590	0.00713	0.00449	0.00443	0.00879	0.01329	0.01841	0.67600	0.03789	0.16727	0.01029	0.00572	0.00154	0.00231	0.00900	0.00520	0.00449
4	0.00606	0.00445	0.00541	0.00610	0.00663	0.00410	0.00406	0.00684	0.00927	0.01201	0.02953	0.52366	0.19301	0.15429	0.00926	0.00237	0.00306	0.01186	0.00423	0.00380
5	0.01066	0.00951	0.01300	0.01039	0.06722	0.00780	0.09521	0.04243	0.01077	0.01633	0.00890	0.01059	0.00727	0.00378	0.00396	0.00090	0.00433	0.00335	0.00287	0.67073
6	0.00635	0.00493	0.00578	0.00557	0.00693	0.00436	0.00418	0.00817	0.01253	0.01660	0.46343	0.04085	0.38097	0.01096	0.00572	0.00157	0.00236	0.00942	0.00496	0.00436
7	0.00915	0.00861	0.01453	0.81804	0.03338	0.01077	0.01346	0.01238	0.00969	0.01238	0.00861	0.01292	0.00646	0.00484	0.00484	0.00161	0.00646	0.00431	0.00215	0.00538
8	0.00888	0.00457	0.00476	0.00476	0.00587	0.00463	0.00359	0.01110	0.00999	0.01756	0.01560	0.01814	0.01240	0.00792	0.06324	0.00162	0.00305	0.00457	0.79326	0.00450

[dist]
# distance from previous block
# <min> <max>
0	22

[block]
# block no. 4 follows, 52 sequences, length 51
# corresponding to MSA columns:
# 463-485,497-524
name=unknown_E
#
# <colnr> <probs for GDERKNQSTAVLIFYWHMCP>
#	G	D	E	R	K	N	Q	S	T	A	V	L	I	F	Y	W	H	M	C	P
0	0.01227	0.01142	0.01943	0.02915	0.77744	0.01139	0.01466	0.01512	0.01111	0.03785	0.00940	0.01212	0.00780	0.00436	0.00480	0.00144	0.00571	0.00433	0.00250	0.00769
1	0.01606	0.01829	0.01283	0.01152	0.01418	0.49737	0.00878	0.06166	0.27810	0.01570	0.01186	0.01206	0.00925	0.00557	0.00459	0.00139	0.00689	0.00399	0.00345	0.00645
2	0.01205	0.01041	0.01096	0.00986	0.01260	0.01205	0.00767	0.02575	0.79071	0.02027	0.01972	0.01808	0.01479	0.00657	0.00493	0.00164	0.00384	0.00548	0.00493	0.00767
3	0.01712	0.01645	0.01323	0.01106	0.01414	0.33030	0.00871	0.36802	0.06041	0.02137	0.01067	0.01126	0.00808	0.00548	0.00453	0.00135	0.00635	0.00391	0.06427	0.02327
4	0.06415	0.00830	0.01104	0.00851	0.01222	0.00731	0.00703	0.02314	0.01359	0.76349	0.01850	0.01606	0.01166	0.00592	0.00478	0.00150	0.00410	0.00476	0.00585	0.00810
5	0.00995	0.08190	0.74975	0.01342	0.02037	0.01181	0.01723	0.01529	0.01020	0.01507	0.00856	0.01006	0.00614	0.00457	0.00450	0.00150	0.00702	0.00351	0.00205	0.00710
6	0.00590	0.00422	0.00562	0.00675	0.00703	0.00394	0.00450	0.00675	0.00928	0.01237	0.02671	0.82653	0.03205	0.01518	0.00619	0.00197	0.00281	0.01378	0.00450	0.00394
7	0.00954	0.00904	0.01281	0.01130	0.01155	0.01231	0.00929	0.01079	0.00753	0.01154	0.00827	0.01303	0.00802	0.01651	0.24499	0.00375	0.58792	0.00452	0.00226	0.00502
8	0.01145	0.01096	0.01868	0.18166	0.65183	0.01137	0.01460	0.01439	0.01078	0.01517	0.00902	0.01217	0.00744	0.00442	0.00481	0.00147	0.00589	0.00432	0.00235	0.00723
9	0.01729	0.01473	0.02839	0.01235	0.05113	0.15354	0.03635	0.50022	0.01892	0.05807	0.01124	0.02634	0.00842	0.00575	0.00500	0.00144	0.02132	0.00437	0.01764	0.00748
10	0.01010	0.00958	0.01625	0.55419	0.28980	0.01102	0.01393	0.01322	0.01014	0.01354	0.00878	0.01261	0.00687	0.00467	0.00483	0.00156	0.00622	0.00431	0.00224	0.00615
11	0.00675	0.00457	0.00537	0.00567	0.00574	0.00450	0.00335	0.00697	0.00764	0.01018	0.01828	0.24117	0.02142	0.61505	0.01980	0.00398	0.00420	0.00882	0.00335	0.00320
12	0.86392	0.00937	0.00712	0.00637	0.00937	0.01087	0.00525	0.01425	0.00825	0.02174	0.00675	0.00787	0.00525	0.00450	0.00300	0.00150	0.00375	0.00262	0.00300	0.00525
13	0.01842	0.01357	0.01454	0.01115	0.01503	0.01503	0.00921	0.78330	0.02278	0.03054	0.01163	0.01163	0.00824	0.00582	0.00485	0.00145	0.00533	0.00436	0.00485	0.00824
14	0.86392	0.00937	0.00712	0.00637	0.00937	0.01087	0.00525	0.01425	0.00825	0.02174	0.00675	0.00787	0.00525	0.00450	0.00300	0.00150	0.00375	0.00262	0.00300	0.00525
15	0.82589	0.00923	0.00714	0.00637	0.00934	0.01064	0.00524	0.01436	0.00841	0.03735	0.00722	0.00830	0.00556	0.00456	0.00305	0.00149	0.00372	0.00272	0.02413	0.00529
16	0.00915	0.00861	0.01453	0.81804	0.03338	0.01077	0.01346	0.01238	0.00969	0.01238	0.00861	0.01292	0.00646	0.00484	0.00484	0.00161	0.00646	0.00431	0.00215	0.00538
17	0.86392	0.00937	0.00712	0.00637	0.00937	0.01087	0.00525	0.01425	0.00825	0.02174	0.00675	0.00787	0.00525	0.00450	0.00300	0.00150	0.00375	0.00262	0.00300	0.00525
18	0.00946	0.00893	0.01509	0.73320	0.11583	0.01085	0.01361	0.01265	0.00983	0.01275	0.00867	0.01282	0.00659	0.00479	0.00484	0.00160	0.00638	0.00431	0.00218	0.00563
19	0.00903	0.00452	0.00452	0.00452	0.00565	0.00452	0.00339	0.01129	0.01016	0.01807	0.01581	0.01807	0.01242	0.00565	0.00339	0.00113	0.00226	0.00452	0.85659	0.00452
20	0.00596	0.00492	0.00524	0.00516	0.00669	0.00419	0.00387	0.00741	0.01160	0.01442	0.20530	0.04446	0.64046	0.01178	0.00572	0.00161	0.00242	0.00992	0.00467	0.00419
21	0.01185	0.01131	0.01924	0.02902	0.77585	0.01131	0.01452	0.01464	0.01092	0.01564	0.00930	0.01258	0.00797	0.02885	0.00539	0.00154	0.00573	0.00440	0.00241	0.00754
22	0.00664	0.00483	0.00661	0.00703	0.00756	0.00508	0.00503	0.00786	0.00894	0.01248	0.08073	0.39320	0.02421	0.08734	0.26349	0.00398	0.03171	0.00953	0.02968	0.00409
23	0.50202	0.05313	0.02999	0.01289	0.20599	0.03175	0.00842	0.02701	0.00953	0.03199	0.00800	0.02279	0.00658	0.00478	0.00400	0.00148	0.02740	0.00337	0.00285	0.00603
24	0.03842	0.25567	0.03748	0.01112	0.01452	0.28793	0.07816	0.08048	0.03893	0.02737	0.02421	0.01241	0.02091	0.00528	0.00428	0.00131	0.00648	0.03272	0.00287	0.01945
25	0.04009	0.14611	0.10247	0.01593	0.18197	0.11539	0.10927	0.08327	0.08943	0.04152	0.01004	0.01141	0.00785	0.00486	0.00473	0.00142	0.02032	0.00407	0.00292	0.00693
26	0.00842	0.00421	0.00631	0.00631	0.00631	0.00421	0.00421	0.00631	0.00631	0.00842	0.00842	0.01473	0.00842	0.01684	0.01894	0.85901	0.00421	0.00421	0.00210	0.00210
27	0.00718	0.00559	0.00814	0.00811	0.00881	0.00659	0.00629	0.00872	0.00803	0.01149	0.01445	0.11355	0.01458	0.04945	0.59564	0.00631	0.08701	0.03288	0.00285	0.00434
28	0.01221	0.01049	0.01105	0.00989	0.01266	0.01213	0.00771	0.04457	0.77163	0.02053	0.01952	0.01792	0.01463	0.00656	0.00493	0.00164	0.00387	0.00545	0.00493	0.00768
29	0.01005	0.00861	0.01005	0.00718	0.01148	0.00646	0.00574	0.01220	0.01005	0.01579	0.00861	0.01005	0.00718	0.00359	0.00359	0.00072	0.00359	0.00287	0.00287	0.85932
30	0.01841	0.01399	0.01451	0.01121	0.01503	0.05013	0.00922	0.74959	0.02239	0.02972	0.01145	0.01151	0.00815	0.00578	0.00483	0.00145	0.00548	0.00431	0.00474	0.00813
31	0.00972	0.02507	0.80458	0.01381	0.02097	0.01125	0.01790	0.01535	0.01023	0.01535	0.00870	0.01023	0.00614	0.00460	0.00460	0.00153	0.00716	0.00358	0.00205	0.00716
32	0.00705	0.00470	0.00529	0.00529	0.00529	0.00470	0.00294	0.00705	0.00705	0.00940	0.01527	0.03171	0.01762	0.82969	0.02467	0.00470	0.00470	0.00705	0.00294	0.00294
33	0.00972	0.02507	0.80458	0.01381	0.02097	0.01125	0.01790	0.01535	0.01023	0.01535	0.00870	0.01023	0.00614	0.00460	0.00460	0.00153	0.00716	0.00358	0.00205	0.00716
34	0.03418	0.01039	0.01318	0.01036	0.01371	0.08995	0.08360	0.02095	0.04024	0.52373	0.01680	0.01575	0.03388	0.00606	0.00568	0.00154	0.06283	0.00487	0.00488	0.00740
35	0.00726	0.00570	0.02583	0.02563	0.00855	0.00539	0.00540	0.00910	0.04423	0.03689	0.13074	0.41468	0.08953	0.07975	0.04330	0.00232	0.03233	0.02466	0.00427	0.00443
36	0.00936	0.00483	0.00487	0.00475	0.00598	0.00489	0.00359	0.03839	0.01061	0.01850	0.01566	0.01784	0.01227	0.00565	0.00344	0.00114	0.00237	0.00451	0.82670	0.00465
37	0.86392	0.00937	0.00712	0.00637	0.00937	0.01087	0.00525	0.01425	0.00825	0.02174	0.00675	0.00787	0.00525	0.00450	0.00300	0.00150	0.00375	0.00262	0.00300	0.00525
38	0.00915	0.00861	0.01453	0.81804	0.03338	0.01077	0.01346	0.01238	0.00969	0.01238	0.00861	0.01292	0.00646	0.00484	0.00484	0.00161	0.00646	0.00431	0.00215	0.00538
39	0.27483	0.00859	0.01001	0.00795	0.01147	0.00825	0.00656	0.02080	0.01218	0.56809	0.01540	0.01390	0.00997	0.00555	0.00431	0.00150	0.00401	0.00420	0.00510	0.00735
40	0.01842	0.01357	0.01454	0.01115	0.01503	0.01503	0.00921	0.78330	0.02278	0.03054	0.01163	0.01163	0.00824	0.00582	0.00485	0.00145	0.00533	0.00436	0.00485	0.00824
41	0.01842	0.01357	0.01454	0.01115	0.01503	0.01503	0.00921	0.78330	0.02278	0.03054	0.01163	0.01163	0.00824	0.00582	0.00485	0.00145	0.00533	0.00436	0.00485	0.00824
42	0.01199	0.01151	0.01967	0.02974	0.79946	0.01151	0.01487	0.01487	0.01103	0.01583	0.00912	0.01199	0.00768	0.00432	0.00480	0.00144	0.00576	0.00432	0.00240	0.00768
43	0.01296	0.83261	0.02539	0.00829	0.01244	0.01917	0.00829	0.01451	0.00985	0.01140	0.00674	0.00777	0.00622	0.00415	0.00311	0.00104	0.00518	0.00259	0.00207	0.00622
44	0.00842	0.00421	0.00631	0.00631	0.00631	0.00421	0.00421	0.00631	0.00631	0.00842	0.00842	0.01473	0.00842	0.01684	0.01894	0.85901	0.00421	0.00421	0.00210	0.00210
45	0.01199	0.01151	0.01967	0.02974	0.79946	0.01151	0.01487	0.01487	0.01103	0.01583	0.00912	0.01199	0.00768	0.00432	0.00480	0.00144	0.00576	0.00432	0.00240	0.00768
46	0.00915	0.00861	0.01453	0.81804	0.03338	0.01077	0.01346	0.01238	0.00969	0.01238	0.00861	0.01292	0.00646	0.00484	0.00484	0.00161	0.00646	0.00431	0.00215	0.00538
47	0.01842	0.01357	0.01454	0.01115	0.01503	0.01503	0.00921	0.78330	0.02278	0.03054	0.01163	0.01163	0.00824	0.00582	0.00485	0.00145	0.00533	0.00436	0.00485	0.00824
48	0.00573	0.00489	0.00493	0.00496	0.00656	0.00409	0.00370	0.00695	0.01100	0.01307	0.04852	0.06642	0.77808	0.01235	0.00574	0.00164	0.00246	0.01032	0.00450	0.00409
49	0.00970	0.00917	0.01552	0.66613	0.18101	0.01091	0.01373	0.01286	0.00995	0.01305	0.00871	0.01274	0.00669	0.00474	0.00484	0.00158	0.00632	0.00431	0.00220	0.00583
50	0.00737	0.00506	0.00605	0.00595	0.00623	0.00528	0.00373	0.03098	0.00767	0.01040	0.01472	0.02865	0.01627	0.65108	0.17615	0.00520	0.00632	0.00661	0.00293	0.00337

[dist]
# distance from previous block
# <min> <max>
0	2

[block]
# block no. 5 follows, 52 sequences, length 30
# corresponding to MSA columns:
# 527-556
name=unknown_F
#
# <colnr> <probs for GDERKNQSTAVLIFYWHMCP>
#	G	D	E	R	K	N	Q	S	T	A	V	L	I	F	Y	W	H	M	C	P
0	0.83031	0.00954	0.00742	0.00656	0.00960	0.01104	0.00541	0.04481	0.00882	0.02209	0.00694	0.00802	0.00537	0.00455	0.00307	0.00150	0.00381	0.00269	0.00307	0.00537
1	0.86392	0.00937	0.00712	0.00637	0.00937	0.01087	0.00525	0.01425	0.00825	0.02174	0.00675	0.00787	0.00525	0.00450	0.00300	0.00150	0.00375	0.00262	0.00300	0.00525
2	0.00972	0.00919	0.01556	0.65996	0.18700	0.01092	0.01374	0.01288	0.00996	0.01307	0.00871	0.01273	0.00670	0.00474	0.00484	0.00158	0.00632	0.00431	0.00220	0.00584
3	0.01842	0.01357	0.01454	0.01115	0.01503	0.01503	0.00921	0.78330	0.02278	0.03054	0.01163	0.01163	0.00824	0.00582	0.00485	0.00145	0.00533	0.00436	0.00485	0.00824
4	0.00589	0.00428	0.00556	0.00657	0.00698	0.00395	0.00442	0.00677	0.00945	0.01244	0.02883	0.75249	0.10471	0.01491	0.00614	0.00194	0.00278	0.01344	0.00450	0.00395
5	0.01159	0.01319	0.02756	0.01982	0.02452	0.03880	0.73719	0.01543	0.01139	0.01523	0.00969	0.01297	0.00734	0.00442	0.00599	0.02234	0.00809	0.00560	0.00244	0.00640
6	0.01542	0.01051	0.01172	0.00975	0.01291	0.01143	0.00780	0.22458	0.38821	0.18180	0.05938	0.01703	0.01416	0.00644	0.00494	0.00156	0.00421	0.00524	0.00515	0.00777
7	0.00590	0.00422	0.00562	0.00675	0.00703	0.00394	0.00450	0.00675	0.00928	0.01237	0.02671	0.82653	0.03205	0.01518	0.00619	0.00197	0.00281	0.01378	0.00450	0.00394
8	0.00576	0.00491	0.00495	0.00494	0.00657	0.00410	0.00371	0.00702	0.01112	0.01327	0.07067	0.04634	0.77581	0.01220	0.00573	0.00163	0.00245	0.01019	0.00452	0.00410
9	0.01251	0.74642	0.07850	0.00865	0.01289	0.01815	0.00887	0.01435	0.00980	0.01167	0.00710	0.00836	0.00643	0.00536	0.03295	0.00132	0.00561	0.00276	0.00209	0.00621
10	0.08679	0.08607	0.59212	0.01238	0.01852	0.04978	0.01504	0.01582	0.01039	0.05791	0.00887	0.01010	0.00639	0.00465	0.00435	0.00148	0.00662	0.00347	0.00237	0.00690
11	0.66055	0.01070	0.01124	0.00918	0.01242	0.05058	0.13710	0.01466	0.00904	0.02000	0.00729	0.00885	0.00568	0.00453	0.00379	0.00152	0.02130	0.00321	0.00286	0.00549
12	0.00709	0.00569	0.00627	0.00606	0.00758	0.00541	0.00455	0.00957	0.08562	0.03275	0.12554	0.09685	0.50605	0.03877	0.00670	0.00177	0.03524	0.00940	0.00452	0.00458
13	0.00588	0.00430	0.00553	0.00652	0.00697	0.00396	0.00440	0.00677	0.00950	0.01246	0.02952	0.72857	0.12820	0.01482	0.00613	0.00193	0.00277	0.01333	0.00450	0.00396
14	0.01037	0.00883	0.01198	0.05151	0.16310	0.00947	0.03803	0.01721	0.33124	0.03460	0.05558	0.21246	0.01833	0.00819	0.00527	0.00167	0.00418	0.00736	0.00416	0.00648
15	0.01005	0.00861	0.01005	0.00718	0.01148	0.00646	0.00574	0.01220	0.01005	0.01579	0.00861	0.01005	0.00718	0.00359	0.00359	0.00072	0.00359	0.00287	0.00287	0.85932
16	0.01060	0.01060	0.01484	0.01272	0.01272	0.01484	0.01060	0.01166	0.00742	0.01166	0.00636	0.01060	0.00636	0.00848	0.01590	0.00212	0.82082	0.00424	0.00212	0.00530
17	0.02174	0.00825	0.01125	0.00862	0.01237	0.00712	0.00712	0.02362	0.01387	0.80282	0.01912	0.01649	0.01200	0.00600	0.00487	0.00150	0.00412	0.00487	0.00600	0.00825
18	0.01160	0.00997	0.01055	0.00959	0.01222	0.01143	0.00749	0.02427	0.72476	0.01972	0.02135	0.02079	0.05266	0.00710	0.00503	0.00166	0.00379	0.03375	0.00489	0.00738
19	0.01852	0.01523	0.01422	0.01130	0.01489	0.17412	0.00914	0.59382	0.02054	0.06368	0.01116	0.01129	0.00802	0.00566	0.00475	0.00142	0.00596	0.00414	0.00443	0.00772
20	0.00903	0.00452	0.00452	0.00452	0.00565	0.00452	0.00339	0.01129	0.01016	0.01807	0.01581	0.01807	0.01242	0.00565	0.00339	0.00113	0.00226	0.00452	0.85659	0.00452
21	0.01299	0.01075	0.01135	0.00985	0.01276	0.01222	0.00776	0.17665	0.59466	0.02194	0.01969	0.01833	0.05569	0.00673	0.00496	0.00161	0.00406	0.00551	0.00489	0.00759
22	0.00903	0.00452	0.00452	0.00452	0.00565	0.00452	0.00339	0.01129	0.01016	0.01807	0.01581	0.01807	0.01242	0.00565	0.00339	0.00113	0.00226	0.00452	0.85659	0.00452
23	0.09883	0.00985	0.01142	0.00912	0.01264	0.01001	0.00744	0.17285	0.17079	0.40190	0.01636	0.01489	0.01107	0.00588	0.00467	0.00150	0.00426	0.00464	0.00520	0.02668
24	0.01876	0.00759	0.01029	0.00812	0.01134	0.00661	0.00661	0.02071	0.01384	0.64572	0.17509	0.02045	0.01876	0.00678	0.00504	0.00150	0.00376	0.00565	0.00586	0.00751
25	0.00903	0.00452	0.00452	0.00452	0.00565	0.00452	0.00339	0.01129	0.01016	0.01807	0.01581	0.01807	0.01242	0.00565	0.00339	0.00113	0.00226	0.00452	0.85659	0.00452
26	0.00903	0.00452	0.00452	0.00452	0.00565	0.00452	0.00339	0.01129	0.01016	0.01807	0.01581	0.01807	0.01242	0.00565	0.00339	0.00113	0.00226	0.00452	0.85659	0.00452
27	0.05885	0.78821	0.02441	0.00819	0.01227	0.01873	0.00813	0.01450	0.00976	0.01196	0.00674	0.00778	0.00617	0.00416	0.00310	0.00106	0.00511	0.00259	0.00212	0.00617
28	0.04374	0.80282	0.02473	0.00822	0.01233	0.01887	0.00818	0.01450	0.00979	0.01178	0.00674	0.00778	0.00618	0.00416	0.00311	0.00105	0.00513	0.00259	0.00211	0.00618
29	0.01099	0.32370	0.42118	0.01216	0.01785	0.01412	0.08650	0.01484	0.01022	0.01384	0.00908	0.01050	0.02608	0.00458	0.00418	0.00136	0.00640	0.00358	0.00216	0.00667

[dist]
# distance from previous block
# <min> <max>
1	11

[block]
# block no. 6 follows, 52 sequences, length 21
# corresponding to MSA columns:
# 586-606
name=unknown_G
#
# <colnr> <probs for GDERKNQSTAVLIFYWHMCP>
#	G	D	E	R	K	N	Q	S	T	A	V	L	I	F	Y	W	H	M	C	P
0	0.02174	0.00825	0.01125	0.00862	0.01237	0.00712	0.00712	0.02362	0.01387	0.80282	0.01912	0.01649	0.01200	0.00600	0.00487	0.00150	0.00412	0.00487	0.00600	0.00825
1	0.01299	0.00937	0.01058	0.00936	0.01201	0.01021	0.00752	0.13262	0.39508	0.11429	0.07710	0.02431	0.03800	0.00777	0.00525	0.00167	0.00403	0.11582	0.00500	0.00704
2	0.86392	0.00937	0.00712	0.00637	0.00937	0.01087	0.00525	0.01425	0.00825	0.02174	0.00675	0.00787	0.00525	0.00450	0.00300	0.00150	0.00375	0.00262	0.00300	0.00525
3	0.01005	0.00861	0.01005	0.00718	0.01148	0.00646	0.00574	0.01220	0.01005	0.01579	0.00861	0.01005	0.00718	0.00359	0.00359	0.00072	0.00359	0.00287	0.00287	0.85932
4	0.00674	0.00495	0.00631	0.00597	0.00717	0.00452	0.00448	0.00892	0.01344	0.01877	0.71849	0.03729	0.12456	0.01016	0.00572	0.00154	0.00230	0.00892	0.00525	0.00452
5	0.00915	0.00861	0.01453	0.81804	0.03338	0.01077	0.01346	0.01238	0.00969	0.01238	0.00861	0.01292	0.00646	0.00484	0.00484	0.00161	0.00646	0.00431	0.00215	0.00538
6	0.00597	0.00424	0.00560	0.00667	0.00693	0.00398	0.00441	0.00676	0.00916	0.01221	0.02609	0.78335	0.03127	0.05943	0.00719	0.00212	0.00291	0.01341	0.00441	0.00388
7	0.00705	0.00470	0.00529	0.00529	0.00529	0.00470	0.00294	0.00705	0.00705	0.00940	0.01527	0.03171	0.01762	0.82969	0.02467	0.00470	0.00470	0.00705	0.00294	0.00294
8	0.01252	0.01064	0.01122	0.00996	0.01278	0.01227	0.00778	0.08132	0.73438	0.02103	0.01913	0.01761	0.01431	0.00652	0.00492	0.00163	0.00395	0.00540	0.00492	0.00771
9	0.01005	0.00861	0.01005	0.00718	0.01148	0.00646	0.00574	0.01220	0.01005	0.01579	0.00861	0.01005	0.00718	0.00359	0.00359	0.00072	0.00359	0.00287	0.00287	0.85932
10	0.00692	0.00519	0.00779	0.00779	0.00865	0.00606	0.00606	0.00865	0.00779	0.01125	0.01298	0.01904	0.01211	0.03634	0.81049	0.00779	0.01298	0.00519	0.00260	0.00433
11	0.01179	0.01130	0.01929	0.08757	0.74327	0.01146	0.01477	0.01469	0.01094	0.01558	0.00908	0.01206	0.00759	0.00436	0.00480	0.00145	0.00581	0.00432	0.00238	0.00751
12	0.00915	0.00861	0.01453	0.81804	0.03338	0.01077	0.01346	0.01238	0.00969	0.01238	0.00861	0.01292	0.00646	0.00484	0.00484	0.00161	0.00646	0.00431	0.00215	0.00538
13	0.01011	0.00959	0.01611	0.46830	0.33499	0.01075	0.01356	0.01311	0.01028	0.01378	0.01071	0.01413	0.04399	0.00498	0.00487	0.00155	0.00599	0.00459	0.00236	0.00623
14	0.01039	0.00934	0.01571	0.58370	0.22793	0.01081	0.01356	0.01348	0.01020	0.04574	0.00917	0.01283	0.00700	0.00476	0.00483	0.00157	0.00618	0.00433	0.00237	0.00609
15	0.01000	0.00942	0.01565	0.58373	0.22333	0.01101	0.01354	0.01363	0.04660	0.01361	0.00926	0.01293	0.00715	0.00479	0.00484	0.00157	0.00616	0.00436	0.00234	0.00606
16	0.01406	0.01331	0.03467	0.13462	0.23141	0.19168	0.01111	0.03688	0.08452	0.11212	0.01132	0.01353	0.00885	0.00533	0.00499	0.00146	0.02471	0.02516	0.00319	0.03707
17	0.01090	0.08597	0.25444	0.21203	0.11995	0.05138	0.16843	0.01473	0.01058	0.01421	0.00872	0.01139	0.00666	0.00450	0.00477	0.00151	0.00693	0.00417	0.00222	0.00651
18	0.10358	0.21889	0.09349	0.03091	0.01447	0.04786	0.08322	0.05103	0.12718	0.03667	0.02818	0.04788	0.03297	0.00588	0.00507	0.00148	0.05727	0.00457	0.00313	0.00630
19	0.03255	0.30660	0.10049	0.00971	0.01341	0.09320	0.00903	0.11021	0.09376	0.04859	0.01140	0.02669	0.03137	0.00668	0.03752	0.00158	0.02649	0.00395	0.00310	0.03367
20	0.13583	0.13512	0.04661	0.00881	0.01188	0.02546	0.00755	0.24210	0.03125	0.05191	0.03007	0.09202	0.05440	0.04351	0.00569	0.00160	0.03061	0.00521	0.00376	0.03661

[dist]
# distance from previous block
# <min> <max>
34	151

[block]
# block no. 7 follows, 52 sequences, length 34
# corresponding to MSA columns:
# 824-857
name=unknown_H
#
# <colnr> <probs for GDERKNQSTAVLIFYWHMCP>
#	G	D	E	R	K	N	Q	S	T	A	V	L	I	F	Y	W	H	M	C	P
0	0.02651	0.03632	0.05897	0.00946	0.01200	0.21239	0.02689	0.07326	0.05209	0.03167	0.09622	0.13080	0.09079	0.00899	0.03972	0.00173	0.01556	0.00627	0.00363	0.06671
1	0.14402	0.06232	0.02163	0.00993	0.05953	0.01038	0.02328	0.14844	0.12437	0.08990	0.06181	0.10425	0.01369	0.00654	0.00454	0.00145	0.00420	0.00536	0.00404	0.10031
2	0.03755	0.30834	0.08961	0.01086	0.01469	0.05539	0.09947	0.15005	0.01255	0.01654	0.05647	0.01181	0.00940	0.00667	0.04549	0.00166	0.03902	0.00397	0.00290	0.02754
3	0.07436	0.01086	0.06831	0.05821	0.02878	0.08577	0.00791	0.10094	0.04725	0.05851	0.06745	0.06872	0.08733	0.00772	0.02493	0.00159	0.00485	0.04272	0.00370	0.15008
4	0.02929	0.08877	0.10068	0.01205	0.06223	0.16149	0.03726	0.19869	0.11619	0.03358	0.03128	0.02703	0.02932	0.00563	0.00459	0.00140	0.00576	0.00440	0.00352	0.04684
5	0.04104	0.20013	0.11643	0.01062	0.02748	0.06008	0.09467	0.07615	0.03837	0.07957	0.05109	0.05821	0.05539	0.04778	0.00557	0.00159	0.00533	0.00513	0.01919	0.00619
6	0.01156	0.00885	0.01107	0.04274	0.06004	0.04853	0.04800	0.06193	0.10314	0.11678	0.10726	0.07452	0.08754	0.02800	0.02441	0.00173	0.00454	0.04808	0.00415	0.10716
7	0.00688	0.00503	0.00653	0.00752	0.04694	0.00489	0.00486	0.00782	0.00907	0.01206	0.05410	0.30082	0.08586	0.29371	0.04495	0.00310	0.00415	0.09400	0.00381	0.00390
8	0.01198	0.01294	0.08802	0.04158	0.52278	0.07148	0.02883	0.01514	0.03359	0.03467	0.01043	0.05329	0.00901	0.00580	0.02153	0.00162	0.02283	0.00473	0.00264	0.00711
9	0.01094	0.01073	0.01604	0.35631	0.35145	0.06917	0.01308	0.01416	0.04043	0.01409	0.01008	0.05363	0.00857	0.00522	0.00486	0.00153	0.00605	0.00475	0.00251	0.00638
10	0.00610	0.00438	0.00571	0.00666	0.00706	0.00410	0.00453	0.00702	0.00945	0.01253	0.04936	0.67345	0.06904	0.06714	0.00736	0.00213	0.00299	0.05266	0.00442	0.00393
11	0.01086	0.30720	0.41945	0.01284	0.08691	0.01370	0.01353	0.01458	0.01021	0.01389	0.01009	0.01137	0.04638	0.00481	0.00415	0.00136	0.00610	0.00363	0.00221	0.00672
12	0.01205	0.16656	0.31126	0.05107	0.05992	0.13835	0.05187	0.01642	0.08051	0.01424	0.00910	0.01064	0.00711	0.00492	0.00496	0.00144	0.04681	0.00371	0.00243	0.00662
13	0.00748	0.05569	0.00772	0.00695	0.00842	0.00612	0.00558	0.01001	0.06985	0.01458	0.13921	0.09747	0.27090	0.05457	0.00681	0.00194	0.00341	0.22431	0.00441	0.00459
14	0.05980	0.00906	0.01052	0.00869	0.01150	0.00946	0.00699	0.26303	0.05628	0.22915	0.05202	0.06507	0.01343	0.00998	0.09444	0.00219	0.00513	0.00535	0.08104	0.00685
15	0.03474	0.01210	0.04336	0.04983	0.08072	0.13339	0.06516	0.12774	0.08007	0.08210	0.06986	0.03519	0.02556	0.00611	0.00517	0.00148	0.03739	0.00499	0.09866	0.00639
16	0.02747	0.01253	0.06612	0.10598	0.30943	0.03931	0.14940	0.06244	0.12044	0.04231	0.01101	0.01296	0.00847	0.00484	0.00493	0.00152	0.00607	0.00463	0.00299	0.00713
17	0.00682	0.00497	0.00660	0.00747	0.00835	0.00474	0.00590	0.00845	0.01068	0.01399	0.09259	0.32852	0.11557	0.01362	0.00632	0.00201	0.00347	0.35114	0.00455	0.00424
18	0.02082	0.00736	0.00829	0.00772	0.00948	0.03555	0.02162	0.07230	0.13853	0.04629	0.19780	0.19200	0.15436	0.01003	0.00548	0.00165	0.00343	0.03635	0.02557	0.00537
19	0.01162	0.01139	0.01821	0.21111	0.58566	0.04877	0.01429	0.01451	0.01085	0.01485	0.00892	0.01206	0.00733	0.00447	0.00479	0.00147	0.00606	0.00426	0.00235	0.00705
20	0.00859	0.00553	0.00702	0.00735	0.00851	0.00533	0.00552	0.01086	0.07262	0.10145	0.04141	0.38394	0.10448	0.05815	0.00701	0.00205	0.00342	0.15735	0.00462	0.00479
21	0.01573	0.00860	0.01047	0.00867	0.01156	0.00855	0.00695	0.15309	0.13090	0.34328	0.14339	0.06969	0.03366	0.00753	0.00515	0.00157	0.00390	0.02479	0.00537	0.00714
22	0.06218	0.01238	0.04869	0.01033	0.01272	0.18274	0.04865	0.09383	0.10340	0.04488	0.02643	0.07634	0.01212	0.03607	0.15687	0.00281	0.04092	0.01939	0.00341	0.00582
23	0.01117	0.19918	0.32373	0.06255	0.01991	0.01349	0.18219	0.03751	0.04410	0.01483	0.00896	0.01086	0.00688	0.00468	0.00502	0.00148	0.04040	0.00401	0.00236	0.00668
24	0.00685	0.00460	0.00556	0.00596	0.00622	0.00453	0.00382	0.00746	0.00832	0.01140	0.03813	0.27777	0.02286	0.44650	0.03463	0.00350	0.00409	0.04896	0.05535	0.00349
25	0.01008	0.00950	0.01592	0.46191	0.30988	0.01076	0.01336	0.01307	0.01037	0.01405	0.05658	0.01394	0.00928	0.00505	0.00516	0.00156	0.02635	0.00458	0.00243	0.00617
26	0.01143	0.01170	0.01783	0.33239	0.32956	0.09292	0.08792	0.01435	0.01075	0.01396	0.00876	0.01209	0.00700	0.00466	0.00511	0.00152	0.02499	0.00433	0.00231	0.00641
27	0.12947	0.10904	0.03318	0.00769	0.01022	0.00968	0.00650	0.06880	0.15545	0.04468	0.05231	0.04744	0.09421	0.00829	0.03418	0.00173	0.00412	0.05518	0.12204	0.00581
28	0.00635	0.00470	0.00595	0.00626	0.00716	0.00430	0.00453	0.00792	0.01151	0.01554	0.35317	0.33292	0.16564	0.01241	0.00593	0.00174	0.00260	0.04227	0.00485	0.00425
29	0.01110	0.14780	0.44177	0.04537	0.01788	0.08116	0.01365	0.01566	0.05894	0.02327	0.05045	0.01177	0.00887	0.00519	0.00501	0.00147	0.04767	0.00385	0.00249	0.00662
30	0.01040	0.24416	0.52111	0.01175	0.01756	0.01288	0.01425	0.01461	0.01031	0.01440	0.04160	0.01272	0.00882	0.00511	0.00434	0.00143	0.00629	0.03929	0.00230	0.00667
31	0.01111	0.00626	0.00813	0.00759	0.00933	0.00600	0.00583	0.03578	0.06786	0.21491	0.21731	0.25754	0.02743	0.01138	0.03815	0.00195	0.00368	0.05907	0.00505	0.00563
32	0.01142	0.01112	0.01953	0.17371	0.58946	0.01144	0.08326	0.01447	0.01082	0.01517	0.00908	0.01226	0.00742	0.00439	0.00489	0.00149	0.00610	0.00444	0.00236	0.00715
33	0.03402	0.05621	0.30725	0.02392	0.01611	0.04882	0.06392	0.03835	0.01170	0.19466	0.05750	0.01558	0.05295	0.00736	0.04877	0.00184	0.00616	0.00470	0.00345	0.00673

[dist]
# distance from previous block
# <min> <max>
0	1

[block]
# block no. 8 follows, 52 sequences, length 6
# corresponding to MSA columns:
# 859-864
name=unknown_I
#
# <colnr> <probs for GDERKNQSTAVLIFYWHMCP>
#	G	D	E	R	K	N	Q	S	T	A	V	L	I	F	Y	W	H	M	C	P
0	0.00897	0.03839	0.06440	0.00759	0.00900	0.02417	0.00620	0.05625	0.02424	0.01327	0.05046	0.09467	0.07131	0.05165	0.08731	0.25176	0.03485	0.02730	0.07399	0.00423
1	0.01383	0.10197	0.06567	0.08257	0.14470	0.11908	0.04676	0.13155	0.04373	0.08295	0.01226	0.01459	0.03823	0.00575	0.00526	0.00149	0.04553	0.03410	0.00325	0.00672
2	0.01073	0.00954	0.01464	0.52738	0.09198	0.03298	0.04212	0.05849	0.04999	0.04545	0.03393	0.04177	0.00938	0.00547	0.00494	0.00159	0.00599	0.00487	0.00282	0.00595
3	0.01027	0.01707	0.34502	0.07453	0.07044	0.01120	0.31960	0.01467	0.01066	0.01506	0.01022	0.05989	0.00827	0.00502	0.00517	0.00160	0.00717	0.00513	0.00238	0.00663
4	0.01032	0.01058	0.07058	0.06179	0.19338	0.04281	0.11657	0.05250	0.02820	0.03459	0.09138	0.08145	0.14202	0.00748	0.00531	0.00159	0.00513	0.03479	0.00348	0.00604
5	0.01094	0.10684	0.46720	0.13400	0.04367	0.05110	0.05343	0.05101	0.01095	0.01505	0.00862	0.01056	0.00640	0.00463	0.00454	0.00148	0.00685	0.00373	0.00225	0.00675

[dist]
# distance from previous block
# <min> <max>
17	75

[block]
# block no. 9 follows, 52 sequences, length 42
# corresponding to MSA columns:
# 947-959,973-980,995-1015
name=unknown_J
#
# <colnr> <probs for GDERKNQSTAVLIFYWHMCP>
#	G	D	E	R	K	N	Q	S	T	A	V	L	I	F	Y	W	H	M	C	P
0	0.01142	0.01094	0.01876	0.12188	0.66205	0.01117	0.03237	0.01430	0.01082	0.01529	0.00971	0.04158	0.00841	0.00477	0.00487	0.00148	0.00579	0.00469	0.00245	0.00724
1	0.00903	0.00452	0.00452	0.00452	0.00565	0.00452	0.00339	0.01129	0.01016	0.01807	0.01581	0.01807	0.01242	0.00565	0.00339	0.00113	0.00226	0.00452	0.85659	0.00452
2	0.02078	0.00966	0.01139	0.00896	0.01250	0.08239	0.00729	0.04244	0.01408	0.68040	0.04596	0.01635	0.01258	0.00604	0.00486	0.00148	0.00452	0.00484	0.00562	0.00787
3	0.01753	0.02201	0.01429	0.01410	0.08839	0.73550	0.00988	0.01893	0.01348	0.01223	0.00764	0.00904	0.00638	0.00493	0.00441	0.00127	0.00846	0.00323	0.00249	0.00581
4	0.00903	0.00452	0.00452	0.00452	0.00565	0.00452	0.00339	0.01129	0.01016	0.01807	0.01581	0.01807	0.01242	0.00565	0.00339	0.00113	0.00226	0.00452	0.85659	0.00452
5	0.09694	0.07142	0.01383	0.01166	0.01430	0.68696	0.00891	0.01858	0.01298	0.01276	0.00737	0.00860	0.00615	0.00490	0.00416	0.00126	0.00805	0.00304	0.00252	0.00562
6	0.00915	0.00861	0.01453	0.81804	0.03338	0.01077	0.01346	0.01238	0.00969	0.01238	0.00861	0.01292	0.00646	0.00484	0.00484	0.00161	0.00646	0.00431	0.00215	0.00538
7	0.01042	0.19603	0.60971	0.01239	0.01881	0.01276	0.01541	0.01505	0.01014	0.01452	0.00828	0.00970	0.00619	0.00447	0.00425	0.00140	0.00661	0.00334	0.00208	0.03841
8	0.02174	0.00825	0.01125	0.00862	0.01237	0.00712	0.00712	0.02362	0.01387	0.80282	0.01912	0.01649	0.01200	0.00600	0.00487	0.00150	0.00412	0.00487	0.00600	0.00825
9	0.00785	0.00561	0.00705	0.00706	0.00781	0.00588	0.00500	0.08443	0.00975	0.01326	0.04004	0.24933	0.02051	0.26870	0.21319	0.00421	0.00623	0.03629	0.00360	0.00419
10	0.02174	0.00825	0.01125	0.00862	0.01237	0.00712	0.00712	0.02362	0.01387	0.80282	0.01912	0.01649	0.01200	0.00600	0.00487	0.00150	0.00412	0.00487	0.00600	0.00825
11	0.00972	0.02507	0.80458	0.01381	0.02097	0.01125	0.01790	0.01535	0.01023	0.01535	0.00870	0.01023	0.00614	0.00460	0.00460	0.00153	0.00716	0.00358	0.00205	0.00716
12	0.00903	0.00452	0.00452	0.00452	0.00565	0.00452	0.00339	0.01129	0.01016	0.01807	0.01581	0.01807	0.01242	0.00565	0.00339	0.00113	0.00226	0.00452	0.85659	0.00452
13	0.01842	0.01357	0.01454	0.01115	0.01503	0.01503	0.00921	0.78330	0.02278	0.03054	0.01163	0.01163	0.00824	0.00582	0.00485	0.00145	0.00533	0.00436	0.00485	0.00824
14	0.00709	0.00604	0.00641	0.00727	0.00783	0.07944	0.00501	0.00802	0.00981	0.01240	0.02571	0.70115	0.05778	0.01407	0.00601	0.00190	0.00340	0.03222	0.00431	0.00411
15	0.00903	0.00452	0.00452	0.00452	0.00565	0.00452	0.00339	0.01129	0.01016	0.01807	0.01581	0.01807	0.01242	0.00565	0.00339	0.00113	0.00226	0.00452	0.85659	0.00452
16	0.00915	0.00861	0.01453	0.81804	0.03338	0.01077	0.01346	0.01238	0.00969	0.01238	0.00861	0.01292	0.00646	0.00484	0.00484	0.00161	0.00646	0.00431	0.00215	0.00538
17	0.00951	0.00898	0.01518	0.71928	0.12936	0.01086	0.01364	0.01269	0.00986	0.01281	0.00868	0.01280	0.00661	0.00478	0.00484	0.00159	0.00637	0.00431	0.00218	0.00567
18	0.01190	0.01027	0.01081	0.00974	0.01245	0.01186	0.00757	0.02529	0.77151	0.02009	0.02045	0.01878	0.03406	0.00671	0.00495	0.00164	0.00380	0.00560	0.00492	0.00758
19	0.01028	0.00875	0.01017	0.00729	0.01158	0.00670	0.00584	0.03349	0.01040	0.01620	0.00870	0.01009	0.00721	0.00365	0.00362	0.00074	0.00364	0.00291	0.00293	0.83582
20	0.00692	0.00519	0.00779	0.00779	0.00865	0.00606	0.00606	0.00865	0.00779	0.01125	0.01298	0.01904	0.01211	0.03634	0.81049	0.00779	0.01298	0.00519	0.00260	0.00433
21	0.00903	0.00452	0.00452	0.00452	0.00565	0.00452	0.00339	0.01129	0.01016	0.01807	0.01581	0.01807	0.01242	0.00565	0.00339	0.00113	0.00226	0.00452	0.85659	0.00452
22	0.01824	0.01348	0.01444	0.01111	0.01496	0.01494	0.00917	0.76185	0.04453	0.03025	0.01186	0.01182	0.00843	0.00584	0.00485	0.00146	0.00529	0.00439	0.00485	0.00823
23	0.01188	0.01179	0.11003	0.00999	0.01327	0.01121	0.00868	0.02318	0.60414	0.06053	0.02011	0.01876	0.06152	0.00665	0.00494	0.00162	0.00418	0.00550	0.00460	0.00742
24	0.00759	0.08222	0.00742	0.00581	0.00629	0.00619	0.00375	0.00790	0.00738	0.00977	0.01424	0.02822	0.01601	0.67385	0.10049	0.00466	0.00556	0.00645	0.00282	0.00338
25	0.00903	0.00452	0.00452	0.00452	0.00565	0.00452	0.00339	0.01129	0.01016	0.01807	0.01581	0.01807	0.01242	0.00565	0.00339	0.00113	0.00226	0.00452	0.85659	0.00452
26	0.01144	0.01307	0.02859	0.02042	0.02533	0.01225	0.78186	0.01552	0.01144	0.01552	0.00980	0.01307	0.00735	0.00408	0.00572	0.00163	0.00817	0.00572	0.00245	0.00654
27	0.00973	0.00906	0.01504	0.71395	0.10868	0.01098	0.01346	0.03747	0.01025	0.01331	0.00876	0.01279	0.00664	0.00482	0.00484	0.00159	0.00635	0.00431	0.00226	0.00570
28	0.01178	0.01278	0.09312	0.02825	0.72661	0.01149	0.01516	0.01492	0.01096	0.01579	0.00908	0.01183	0.00753	0.00434	0.00478	0.00145	0.00589	0.00425	0.00237	0.00763
29	0.01296	0.83261	0.02539	0.00829	0.01244	0.01917	0.00829	0.01451	0.00985	0.01140	0.00674	0.00777	0.00622	0.00415	0.00311	0.00104	0.00518	0.00259	0.00207	0.00622
30	0.00842	0.00421	0.00631	0.00631	0.00631	0.00421	0.00421	0.00631	0.00631	0.00842	0.00842	0.01473	0.00842	0.01684	0.01894	0.85901	0.00421	0.00421	0.00210	0.00210
31	0.12724	0.01249	0.01130	0.00947	0.01262	0.20068	0.00752	0.08086	0.10849	0.32443	0.02754	0.01441	0.03004	0.00584	0.00455	0.00146	0.00517	0.00440	0.00451	0.00700
32	0.16050	0.08827	0.01366	0.00968	0.01324	0.03814	0.03573	0.32723	0.03553	0.17010	0.05257	0.01295	0.01027	0.00561	0.00444	0.00144	0.00484	0.00426	0.00436	0.00720
33	0.01060	0.01060	0.01484	0.01272	0.01272	0.01484	0.01060	0.01166	0.00742	0.01166	0.00636	0.01060	0.00636	0.00848	0.01590	0.00212	0.82082	0.00424	0.00212	0.00530
34	0.01144	0.01307	0.02859	0.02042	0.02533	0.01225	0.78186	0.01552	0.01144	0.01552	0.00980	0.01307	0.00735	0.00408	0.00572	0.00163	0.00817	0.00572	0.00245	0.00654
35	0.00804	0.00712	0.00713	0.00675	0.00813	0.10012	0.00510	0.01003	0.01320	0.01735	0.55754	0.03522	0.16258	0.00982	0.00559	0.00153	0.00315	0.03216	0.00483	0.00461
36	0.00935	0.02318	0.72975	0.01298	0.01962	0.01058	0.01657	0.01456	0.01031	0.01514	0.01248	0.01364	0.08019	0.00532	0.00471	0.00154	0.00672	0.00420	0.00228	0.00687
37	0.00903	0.00452	0.00452	0.00452	0.00565	0.00452	0.00339	0.01129	0.01016	0.01807	0.01581	0.01807	0.01242	0.00565	0.00339	0.00113	0.00226	0.00452	0.85659	0.00452
38	0.00827	0.03447	0.08255	0.00765	0.00968	0.00700	0.00652	0.02608	0.13843	0.01842	0.48197	0.10778	0.03373	0.00914	0.00543	0.00157	0.00319	0.00797	0.00477	0.00537
39	0.01048	0.01079	0.01477	0.68356	0.03056	0.12478	0.03180	0.01345	0.01031	0.01238	0.00848	0.01233	0.00645	0.00485	0.00480	0.00156	0.00683	0.00417	0.00221	0.00545
40	0.29868	0.06315	0.03995	0.00905	0.01216	0.13251	0.00751	0.18371	0.06459	0.03224	0.01096	0.08637	0.00943	0.00598	0.00414	0.00146	0.00498	0.00439	0.00355	0.02516
41	0.01570	0.02828	0.01141	0.00861	0.01192	0.00760	0.04404	0.06265	0.03308	0.39884	0.18452	0.01921	0.01808	0.00636	0.00487	0.00139	0.00394	0.00540	0.00505	0.12904

[dist]
# distance from previous block
# <min> <max>
1	16

[block]
# block no. 10 follows, 52 sequences, length 10
# corresponding to MSA columns:
# 1036-1045
name=unknown_K
#
# <colnr> <probs for GDERKNQSTAVLIFYWHMCP>
#	G	D	E	R	K	N	Q	S	T	A	V	L	I	F	Y	W	H	M	C	P
0	0.01570	0.01104	0.01561	0.01198	0.01570	0.01125	0.18033	0.23778	0.16068	0.21202	0.01688	0.01651	0.05918	0.00602	0.00512	0.00155	0.00521	0.00536	0.00459	0.00750
1	0.00657	0.00475	0.00564	0.00560	0.00671	0.00424	0.00407	0.00742	0.01077	0.01388	0.24452	0.07648	0.40126	0.01265	0.00830	0.16742	0.00277	0.00884	0.00426	0.00383
2	0.17336	0.00631	0.00768	0.00843	0.00991	0.00660	0.00731	0.01085	0.01059	0.01590	0.02200	0.04561	0.02351	0.01167	0.00598	0.00209	0.00432	0.61906	0.00418	0.00461
3	0.00653	0.00507	0.00735	0.16364	0.01212	0.00526	0.00623	0.00784	0.00936	0.01237	0.02321	0.66919	0.02710	0.01318	0.00593	0.00190	0.00352	0.01195	0.00404	0.00422
4	0.00580	0.00463	0.00520	0.00565	0.00674	0.00403	0.00401	0.00687	0.01033	0.01280	0.04009	0.36041	0.48953	0.01344	0.00591	0.00177	0.00260	0.01166	0.00450	0.00403
5	0.00768	0.00515	0.00664	0.00615	0.00750	0.00469	0.00465	0.00985	0.01350	0.06752	0.68377	0.03588	0.10882	0.00987	0.00566	0.00153	0.00241	0.00865	0.00530	0.00476
6	0.01047	0.21752	0.43066	0.16826	0.02148	0.01312	0.04612	0.01458	0.01008	0.01382	0.00825	0.01027	0.00627	0.00452	0.00433	0.00143	0.00659	0.00357	0.00209	0.00656
7	0.01716	0.10173	0.09887	0.01060	0.01472	0.03659	0.00955	0.40478	0.06382	0.17506	0.01260	0.01231	0.00886	0.00556	0.00463	0.00143	0.00529	0.00422	0.00441	0.00780
8	0.06964	0.01123	0.01631	0.01234	0.01627	0.01134	0.21059	0.21564	0.11461	0.22896	0.01379	0.01385	0.00963	0.00537	0.00494	0.00152	0.00542	0.00485	0.00437	0.02933
