[name]
unknown

[dist]
# distance from previous block
# <min> <max>
0	73

[block]
# block no. 0 follows, 58 sequences, length 76
# corresponding to MSA columns:
# 74-149
name=unknown_A
#
# <colnr> <probs for GDERKNQSTAVLIFYWHMCP>
#	G	D	E	R	K	N	Q	S	T	A	V	L	I	F	Y	W	H	M	C	P
0	0.04497	0.00706	0.03524	0.00855	0.06906	0.05199	0.02132	0.01009	0.02159	0.06080	0.11397	0.21572	0.05063	0.08552	0.07445	0.04672	0.00444	0.03113	0.02220	0.02456
1	0.05017	0.05358	0.02804	0.13538	0.23933	0.03292	0.10959	0.06487	0.07504	0.01492	0.03728	0.07269	0.01013	0.00617	0.02853	0.00159	0.02621	0.00484	0.00276	0.00595
2	0.00747	0.01995	0.00658	0.00606	0.00733	0.00516	0.00452	0.01026	0.09312	0.05792	0.42601	0.15490	0.11100	0.03520	0.00566	0.00156	0.00255	0.00816	0.03204	0.00454
3	0.01886	0.00461	0.00564	0.00581	0.00631	0.00450	0.00383	0.03307	0.00875	0.03799	0.11612	0.34845	0.02393	0.32931	0.01230	0.02097	0.00336	0.00890	0.00369	0.00359
4	0.07261	0.00642	0.00740	0.00697	0.00837	0.00668	0.00520	0.13974	0.03673	0.05843	0.03560	0.31786	0.05299	0.08855	0.02481	0.01753	0.02442	0.02766	0.04208	0.01996
5	0.02118	0.00455	0.00559	0.02043	0.00696	0.00434	0.00419	0.00738	0.00912	0.03221	0.10509	0.29386	0.22521	0.13628	0.07663	0.00250	0.00366	0.03320	0.00384	0.00378
6	0.00680	0.00476	0.00567	0.00594	0.00671	0.00458	0.00416	0.03224	0.03451	0.03237	0.04301	0.34150	0.16314	0.20143	0.00936	0.00229	0.00314	0.06309	0.03145	0.00385
7	0.00668	0.00477	0.00583	0.00611	0.00706	0.00449	0.00440	0.03449	0.03478	0.04019	0.14119	0.42785	0.19300	0.03208	0.00587	0.00172	0.00270	0.03835	0.00430	0.00412
8	0.02070	0.00605	0.00721	0.00659	0.00812	0.00598	0.00488	0.06976	0.09237	0.14896	0.17431	0.17672	0.08326	0.14575	0.00789	0.00197	0.00323	0.00743	0.02388	0.00494
9	0.00634	0.00431	0.00550	0.00548	0.00626	0.00398	0.00391	0.00706	0.00984	0.01321	0.33741	0.12858	0.19944	0.03822	0.00873	0.20375	0.00269	0.00792	0.00390	0.00347
10	0.00852	0.00802	0.01354	0.81134	0.05099	0.00996	0.01246	0.01149	0.00898	0.01151	0.00796	0.01190	0.00599	0.00446	0.00447	0.00149	0.00595	0.00398	0.00199	0.00502
11	0.00572	0.00417	0.00510	0.00572	0.00638	0.00382	0.00396	0.00680	0.01906	0.01220	0.07301	0.53571	0.21788	0.01262	0.00570	0.02051	0.00250	0.01098	0.04442	0.00373
12	0.00958	0.00583	0.00708	0.00668	0.00815	0.00565	0.00496	0.07639	0.06181	0.15550	0.08717	0.30767	0.11546	0.08483	0.00673	0.00183	0.00316	0.02482	0.02181	0.00489
13	0.04460	0.11599	0.01398	0.00965	0.01297	0.03372	0.00813	0.54383	0.01741	0.07975	0.01077	0.01197	0.00814	0.00549	0.00461	0.00134	0.03186	0.03476	0.00402	0.00699
14	0.00674	0.00459	0.00591	0.00575	0.00682	0.00419	0.00425	0.00850	0.01169	0.05503	0.55853	0.18075	0.11024	0.01006	0.00532	0.00149	0.00230	0.00889	0.00474	0.00424
15	0.00695	0.00457	0.00561	0.00553	0.00603	0.00457	0.00363	0.00759	0.00773	0.04739	0.07435	0.07367	0.07333	0.49755	0.15879	0.00415	0.00525	0.00678	0.00313	0.00340
16	0.00593	0.00421	0.00532	0.00574	0.00634	0.00390	0.00399	0.00678	0.00928	0.01230	0.17511	0.38608	0.16264	0.08799	0.00804	0.07002	0.00276	0.03601	0.00399	0.00357
17	0.00620	0.00457	0.00579	0.00549	0.00660	0.00416	0.00412	0.00818	0.01235	0.01719	0.71441	0.03465	0.14079	0.00942	0.00528	0.00142	0.00213	0.00826	0.00483	0.00416
18	0.01040	0.01128	0.02214	0.15240	0.13437	0.02871	0.50477	0.01391	0.02445	0.01379	0.00880	0.01183	0.00677	0.00410	0.00528	0.00149	0.03251	0.00479	0.00224	0.00597
19	0.03966	0.01011	0.01060	0.00922	0.01194	0.01159	0.00727	0.16456	0.63852	0.02048	0.01647	0.01531	0.01228	0.00588	0.00448	0.00148	0.00379	0.00479	0.00448	0.00711
20	0.01111	0.00646	0.00803	0.00702	0.00842	0.00665	0.00521	0.16975	0.02417	0.13228	0.02507	0.01731	0.02984	0.15335	0.07885	0.29930	0.00475	0.00474	0.00330	0.00439
21	0.00725	0.03828	0.00830	0.00734	0.00788	0.00714	0.00557	0.00826	0.00700	0.00995	0.01129	0.01924	0.01152	0.26723	0.41085	0.00517	0.15645	0.00505	0.00239	0.00384
22	0.00729	0.00512	0.00653	0.00596	0.00723	0.00486	0.00453	0.05654	0.01317	0.03714	0.74566	0.03162	0.03940	0.00883	0.00521	0.00140	0.00232	0.00776	0.00491	0.00450
23	0.00980	0.00793	0.00933	0.00669	0.01064	0.00599	0.00536	0.01178	0.00945	0.05391	0.00843	0.00957	0.00684	0.00342	0.00337	0.00070	0.00334	0.00274	0.00279	0.82791
24	0.01196	0.84548	0.02344	0.00765	0.01148	0.01770	0.00765	0.01339	0.00909	0.01052	0.00622	0.00718	0.00574	0.00383	0.00287	0.00096	0.00478	0.00239	0.00191	0.00574
25	0.00897	0.02314	0.81962	0.01275	0.01936	0.01039	0.01653	0.01417	0.00944	0.01417	0.00803	0.00944	0.00567	0.00425	0.00425	0.00142	0.00661	0.00331	0.00189	0.00661
26	0.00639	0.00478	0.00714	0.00714	0.00792	0.00557	0.00553	0.00796	0.00717	0.01035	0.01203	0.01781	0.01129	0.05022	0.80854	0.00713	0.01182	0.00483	0.00240	0.00397
27	0.00767	0.00395	0.00592	0.00592	0.00598	0.00401	0.00401	0.00598	0.00592	0.00796	0.00807	0.01388	0.00801	0.01682	0.07494	0.80847	0.00446	0.00395	0.00197	0.00209
28	0.01056	0.01207	0.02640	0.01885	0.02338	0.01131	0.79864	0.01433	0.01056	0.01433	0.00905	0.01207	0.00679	0.00377	0.00528	0.00151	0.00754	0.00528	0.00226	0.00603
29	0.01618	0.01212	0.01296	0.01013	0.01356	0.01349	0.00830	0.69174	0.13060	0.02687	0.01178	0.01157	0.00845	0.00547	0.00449	0.00137	0.00473	0.00417	0.00449	0.00753
30	0.00552	0.00395	0.00525	0.00618	0.00650	0.00368	0.00416	0.00641	0.00889	0.01194	0.08808	0.77496	0.03060	0.01362	0.00567	0.00178	0.00256	0.01234	0.00421	0.00368
31	0.00897	0.02314	0.81962	0.01275	0.01936	0.01039	0.01653	0.01417	0.00944	0.01417	0.00803	0.00944	0.00567	0.00425	0.00425	0.00142	0.00661	0.00331	0.00189	0.00661
32	0.00621	0.00457	0.00581	0.00550	0.00661	0.00417	0.00413	0.00821	0.01238	0.01727	0.72519	0.03451	0.12996	0.00939	0.00528	0.00142	0.00213	0.00824	0.00484	0.00417
33	0.01988	0.00791	0.01057	0.00810	0.01157	0.00702	0.00669	0.06896	0.01330	0.77012	0.01723	0.01495	0.01086	0.00553	0.00450	0.00138	0.00387	0.00447	0.00547	0.00761
34	0.00979	0.00979	0.01370	0.01174	0.01174	0.01370	0.00979	0.01077	0.00685	0.01077	0.00587	0.00979	0.00587	0.00783	0.01468	0.00196	0.83461	0.00391	0.00196	0.00489
35	0.02401	0.00983	0.01555	0.25084	0.46755	0.04016	0.01235	0.01274	0.00956	0.01324	0.00832	0.01150	0.00690	0.00620	0.05740	0.00177	0.03986	0.00397	0.00216	0.00610
36	0.00700	0.00609	0.00961	0.00989	0.08585	0.00582	0.11706	0.00871	0.02350	0.01236	0.02380	0.36884	0.17274	0.04982	0.01768	0.00187	0.01404	0.05732	0.00359	0.00440
37	0.01389	0.00720	0.00903	0.00748	0.01000	0.00693	0.00597	0.06783	0.13190	0.37792	0.27186	0.02145	0.03498	0.00686	0.00477	0.00141	0.00327	0.00578	0.00510	0.00638
38	0.00649	0.00438	0.00511	0.00510	0.00520	0.00445	0.00300	0.00668	0.00669	0.00902	0.03023	0.02830	0.01633	0.75256	0.09497	0.00453	0.00498	0.00638	0.00273	0.00286
39	0.75604	0.06859	0.00817	0.00639	0.00920	0.06515	0.00530	0.01348	0.00806	0.01878	0.00627	0.00731	0.00497	0.00416	0.00286	0.00134	0.00386	0.00245	0.00268	0.00493
40	0.00692	0.00560	0.00732	0.00726	0.00808	0.04704	0.00556	0.00839	0.00742	0.01030	0.01186	0.01784	0.01124	0.08420	0.73178	0.00670	0.01129	0.00481	0.00241	0.00397
41	0.87439	0.00865	0.00657	0.00588	0.00865	0.01003	0.00484	0.01315	0.00761	0.02007	0.00623	0.00727	0.00484	0.00415	0.00277	0.00138	0.00346	0.00242	0.00277	0.00484
42	0.00855	0.00718	0.03775	0.00844	0.00945	0.02720	0.00690	0.01005	0.00779	0.07170	0.02299	0.01602	0.01040	0.07214	0.46602	0.00493	0.20077	0.00462	0.00257	0.00452
43	0.00594	0.00523	0.04728	0.03353	0.00811	0.00446	0.00514	0.00746	0.03564	0.01201	0.04667	0.70563	0.04046	0.01275	0.00554	0.00176	0.00292	0.01150	0.00400	0.00396
44	0.01113	0.00961	0.01011	0.00910	0.01163	0.01113	0.00708	0.02377	0.80681	0.01871	0.01821	0.01669	0.01365	0.00607	0.00455	0.00152	0.00354	0.00506	0.00455	0.00708
45	0.00777	0.00389	0.00583	0.00583	0.00583	0.00389	0.00389	0.00583	0.00583	0.00777	0.00777	0.01360	0.00777	0.01554	0.01748	0.86985	0.00389	0.00389	0.00194	0.00194
46	0.00897	0.02314	0.81962	0.01275	0.01936	0.01039	0.01653	0.01417	0.00944	0.01417	0.00803	0.00944	0.00567	0.00425	0.00425	0.00142	0.00661	0.00331	0.00189	0.00661
47	0.00777	0.00389	0.00583	0.00583	0.00583	0.00389	0.00389	0.00583	0.00583	0.00777	0.00777	0.01360	0.00777	0.01554	0.01748	0.86985	0.00389	0.00389	0.00194	0.00194
48	0.02966	0.05732	0.03869	0.09389	0.04377	0.03008	0.12923	0.03995	0.18077	0.05832	0.13146	0.04889	0.08608	0.00636	0.00470	0.00144	0.00445	0.00567	0.00357	0.00572
49	0.01018	0.01077	0.11318	0.04547	0.16077	0.04720	0.11039	0.01316	0.04791	0.07541	0.03854	0.09096	0.02430	0.00859	0.07272	0.00199	0.08091	0.03891	0.00291	0.00572
50	0.69782	0.00892	0.00785	0.01986	0.06977	0.03075	0.00595	0.02536	0.00836	0.01894	0.00779	0.01087	0.00663	0.00478	0.00323	0.00142	0.00383	0.06003	0.00283	0.00501
51	0.00538	0.00454	0.00466	0.00468	0.00614	0.00382	0.00352	0.00657	0.01030	0.01239	0.08300	0.05469	0.74859	0.01128	0.00531	0.00152	0.00230	0.02333	0.00419	0.00380
52	0.00845	0.00795	0.01342	0.83204	0.03081	0.00994	0.01242	0.01143	0.00894	0.01143	0.00795	0.01193	0.00596	0.00447	0.00447	0.00149	0.00596	0.00398	0.00199	0.00497
53	0.01698	0.01319	0.01337	0.01039	0.01387	0.07501	0.00851	0.74101	0.02040	0.02689	0.01045	0.01054	0.00747	0.00531	0.00444	0.00133	0.00516	0.00394	0.00431	0.00742
54	0.00639	0.00478	0.00711	0.00711	0.00788	0.00555	0.00549	0.00794	0.00717	0.01033	0.01205	0.01797	0.01135	0.06079	0.79806	0.00709	0.01172	0.00485	0.00241	0.00395
55	0.00670	0.00465	0.00547	0.00556	0.00663	0.00422	0.00400	0.00800	0.02399	0.06284	0.12850	0.24057	0.32961	0.11428	0.00752	0.00194	0.00277	0.03463	0.00416	0.00397
56	0.00715	0.00562	0.00806	0.00771	0.00856	0.00669	0.00606	0.03412	0.00763	0.01105	0.01127	0.01662	0.01053	0.04593	0.68195	0.00627	0.09736	0.00467	0.00243	0.02033
57	0.00883	0.00744	0.00878	0.00648	0.01001	0.00570	0.00514	0.01084	0.00979	0.01508	0.12933	0.01292	0.01199	0.00419	0.00361	0.00077	0.00313	0.00347	0.00299	0.73951
58	0.05035	0.00679	0.00781	0.00702	0.00858	0.00697	0.00519	0.18723	0.02595	0.11372	0.04892	0.22158	0.03403	0.22732	0.00958	0.00227	0.00379	0.02400	0.00399	0.00492
59	0.00618	0.00443	0.00541	0.00576	0.00659	0.00408	0.00412	0.00730	0.02371	0.02627	0.11859	0.33125	0.25986	0.06081	0.00730	0.05934	0.00276	0.05845	0.00404	0.00374
60	0.00567	0.00447	0.00483	0.00490	0.00598	0.00394	0.00348	0.00666	0.00960	0.01193	0.10471	0.09758	0.51948	0.16922	0.00866	0.00207	0.00271	0.02655	0.00395	0.00361
61	0.02763	0.00965	0.01185	0.00919	0.01246	0.00986	0.02760	0.33215	0.02966	0.38805	0.03995	0.01376	0.01040	0.00624	0.02340	0.00152	0.03019	0.00442	0.00478	0.00725
62	0.22864	0.00682	0.00674	0.00617	0.00804	0.02766	0.00472	0.04340	0.05322	0.09557	0.09331	0.09168	0.18445	0.06274	0.00594	0.02851	0.00324	0.00612	0.03829	0.00472
63	0.00612	0.00429	0.00519	0.00565	0.00639	0.00390	0.00391	0.00704	0.00913	0.03883	0.05772	0.45136	0.24319	0.09954	0.00729	0.00196	0.00272	0.02223	0.01981	0.00375
64	0.00635	0.00475	0.00707	0.00711	0.00787	0.00549	0.00548	0.00789	0.00723	0.01040	0.01252	0.05042	0.01200	0.04688	0.77856	0.00693	0.01148	0.00514	0.00247	0.00396
65	0.01102	0.01053	0.06111	0.15844	0.40022	0.01031	0.04776	0.10767	0.02034	0.03597	0.00928	0.01207	0.00747	0.02253	0.05200	0.01436	0.00583	0.00413	0.00256	0.00639
66	0.00682	0.00470	0.00558	0.00549	0.00667	0.00423	0.00399	0.00830	0.02308	0.06891	0.25360	0.18136	0.31861	0.08011	0.00675	0.00176	0.00258	0.00900	0.00435	0.00410
67	0.00548	0.00393	0.00517	0.00613	0.00644	0.00366	0.00410	0.00628	0.00864	0.01148	0.03751	0.78279	0.05587	0.03182	0.00606	0.00185	0.00261	0.01240	0.00413	0.00363
68	0.06155	0.02597	0.07863	0.05223	0.27539	0.03990	0.06030	0.04639	0.01132	0.27407	0.02361	0.01232	0.00855	0.00468	0.00437	0.00136	0.00503	0.00409	0.00341	0.00681
69	0.00667	0.00509	0.00591	0.00622	0.01905	0.03054	0.00424	0.01945	0.00913	0.02113	0.10917	0.27776	0.18478	0.16157	0.07771	0.04160	0.00390	0.00870	0.00366	0.00373
70	0.00720	0.00513	0.00603	0.00613	0.00696	0.00515	0.00422	0.00980	0.13210	0.03820	0.09358	0.31325	0.08744	0.23673	0.01000	0.00236	0.00317	0.00874	0.01967	0.00412
71	0.32016	0.02609	0.01267	0.01095	0.07155	0.06211	0.09589	0.18292	0.02519	0.03624	0.00827	0.00964	0.00640	0.00486	0.00497	0.00142	0.09390	0.00351	0.01738	0.00587
72	0.00567	0.00403	0.00524	0.00607	0.00647	0.00376	0.00413	0.00651	0.00883	0.01178	0.06834	0.66251	0.08111	0.04096	0.00646	0.02067	0.00267	0.03590	0.01525	0.00363
73	0.01196	0.84548	0.02344	0.00765	0.01148	0.01770	0.00765	0.01339	0.00909	0.01052	0.00622	0.00718	0.00574	0.00383	0.00287	0.00096	0.00478	0.00239	0.00191	0.00574
74	0.01217	0.04878	0.01116	0.00883	0.01107	0.03940	0.01734	0.29911	0.15800	0.01872	0.01218	0.01475	0.01006	0.10250	0.09623	0.00234	0.06224	0.00448	0.06469	0.00595
75	0.01049	0.00677	0.00886	0.04968	0.01069	0.00606	0.02286	0.01316	0.06056	0.18471	0.26551	0.04709	0.03458	0.00649	0.00452	0.00124	0.00325	0.01750	0.00415	0.24184

[dist]
# distance from previous block
# <min> <max>
0	2

[block]
# block no. 1 follows, 58 sequences, length 25
# corresponding to MSA columns:
# 152-176
name=unknown_B
#
# <colnr> <probs for GDERKNQSTAVLIFYWHMCP>
#	G	D	E	R	K	N	Q	S	T	A	V	L	I	F	Y	W	H	M	C	P
0	0.00572	0.00418	0.00542	0.00591	0.00655	0.00388	0.00414	0.00695	0.00988	0.01335	0.25549	0.49849	0.11153	0.01296	0.03205	0.00184	0.00272	0.01078	0.00432	0.00383
1	0.00685	0.00565	0.00615	0.00583	0.00744	0.00551	0.00443	0.01077	0.18491	0.01516	0.25212	0.03462	0.42469	0.00957	0.00512	0.00148	0.00250	0.00811	0.00445	0.00462
2	0.00755	0.00640	0.00709	0.00714	0.00818	0.06201	0.00534	0.01016	0.11732	0.01220	0.03538	0.22242	0.12994	0.04387	0.19558	0.04330	0.02404	0.05431	0.00349	0.00427
3	0.13871	0.00614	0.00701	0.00682	0.00835	0.00624	0.00513	0.06598	0.05959	0.11146	0.07348	0.38296	0.05743	0.00991	0.00494	0.00162	0.00311	0.04208	0.00421	0.00485
4	0.00928	0.00795	0.00928	0.00663	0.01060	0.00596	0.00530	0.01126	0.00928	0.01458	0.00795	0.00928	0.00663	0.00331	0.00331	0.00066	0.00331	0.00265	0.00265	0.87014
5	0.00852	0.00803	0.01356	0.80854	0.05371	0.00996	0.01246	0.01150	0.00898	0.01152	0.00796	0.01190	0.00600	0.00446	0.00447	0.00149	0.00594	0.00398	0.00199	0.00503
6	0.00573	0.00449	0.00516	0.00522	0.00635	0.00402	0.00384	0.00703	0.01024	0.01314	0.21833	0.12321	0.44251	0.06227	0.04409	0.00197	0.00289	0.03153	0.00416	0.00382
7	0.00613	0.00416	0.00532	0.00600	0.00632	0.00397	0.00400	0.00685	0.00832	0.02494	0.03613	0.54928	0.02566	0.21957	0.00991	0.00243	0.00312	0.05643	0.01795	0.00352
8	0.01053	0.01197	0.02587	0.01856	0.02290	0.01141	0.76624	0.01418	0.01041	0.01418	0.00892	0.01197	0.00675	0.00394	0.00567	0.00153	0.04152	0.00522	0.00225	0.00599
9	0.09050	0.00779	0.01005	0.00784	0.01120	0.00707	0.00645	0.02117	0.04922	0.71473	0.01673	0.01463	0.01068	0.00545	0.00436	0.00139	0.00377	0.00435	0.00526	0.00736
10	0.00614	0.00470	0.00557	0.00585	0.00681	0.00444	0.00421	0.00824	0.07233	0.01350	0.17862	0.34411	0.25021	0.03046	0.00577	0.00168	0.00255	0.03010	0.02066	0.00406
11	0.00566	0.00416	0.00514	0.00581	0.00635	0.00384	0.00399	0.00651	0.00881	0.01144	0.04164	0.51957	0.18765	0.11580	0.00775	0.00207	0.00282	0.05340	0.00399	0.00359
12	0.01608	0.01180	0.01273	0.00991	0.01328	0.01302	0.00813	0.68644	0.07691	0.04307	0.05382	0.01246	0.00994	0.00562	0.00452	0.00136	0.00465	0.00433	0.00453	0.00739
13	0.08217	0.00849	0.01026	0.00815	0.01133	0.00832	0.00663	0.12491	0.11697	0.51828	0.01581	0.01474	0.01067	0.03628	0.00504	0.00150	0.00391	0.00443	0.00495	0.00715
14	0.00694	0.00496	0.00685	0.00678	0.00776	0.00539	0.00517	0.00877	0.03736	0.04428	0.03509	0.08730	0.10036	0.06442	0.55095	0.00543	0.00895	0.00608	0.00301	0.00415
15	0.17198	0.00948	0.01069	0.00839	0.01174	0.00974	0.00691	0.27604	0.04026	0.38949	0.01335	0.01237	0.00890	0.00525	0.00418	0.00137	0.00410	0.00399	0.00466	0.00710
16	0.01170	0.77365	0.09299	0.00810	0.01217	0.01706	0.00843	0.01346	0.00912	0.01084	0.00638	0.00737	0.00573	0.00386	0.00299	0.00100	0.00494	0.00247	0.00191	0.00582
17	0.00711	0.00510	0.00714	0.00703	0.00799	0.00562	0.00538	0.02484	0.04516	0.03355	0.11141	0.10878	0.01694	0.02545	0.54121	0.02510	0.00882	0.00603	0.00311	0.00425
18	0.00966	0.00722	0.01049	0.31743	0.07669	0.00814	0.01914	0.09130	0.01028	0.04426	0.01100	0.01422	0.00872	0.03214	0.09252	0.00203	0.00533	0.00423	0.23007	0.00513
19	0.00640	0.00433	0.00494	0.00499	0.00510	0.00427	0.00289	0.00657	0.00702	0.00937	0.05233	0.08094	0.04058	0.72898	0.02040	0.00396	0.00407	0.00705	0.00294	0.00287
20	0.00708	0.00479	0.00667	0.00656	0.00732	0.00513	0.00487	0.00817	0.00806	0.04804	0.09897	0.08098	0.05284	0.12690	0.42343	0.07388	0.02342	0.00604	0.00301	0.00384
21	0.00975	0.00954	0.06789	0.15461	0.19518	0.03146	0.04834	0.08443	0.02327	0.03735	0.08689	0.09320	0.10236	0.00667	0.00493	0.00146	0.01735	0.01654	0.00315	0.00563
22	0.00777	0.00389	0.00583	0.00583	0.00583	0.00389	0.00389	0.00583	0.00583	0.00777	0.00777	0.01360	0.00777	0.01554	0.01748	0.86985	0.00389	0.00389	0.00194	0.00194
23	0.01020	0.00791	0.00874	0.00770	0.00970	0.00873	0.00601	0.16768	0.28076	0.01818	0.10402	0.02069	0.10195	0.04768	0.07794	0.00207	0.02368	0.00559	0.08506	0.00572
24	0.33129	0.01001	0.01184	0.19822	0.14013	0.08609	0.04542	0.01322	0.00899	0.03306	0.00763	0.00992	0.00607	0.00562	0.03802	0.00165	0.04164	0.00340	0.00245	0.00534

[dist]
# distance from previous block
# <min> <max>
0	10

[block]
# block no. 2 follows, 58 sequences, length 41
# corresponding to MSA columns:
# 187-227
name=unknown_C
#
# <colnr> <probs for GDERKNQSTAVLIFYWHMCP>
#	G	D	E	R	K	N	Q	S	T	A	V	L	I	F	Y	W	H	M	C	P
0	0.12079	0.01064	0.01141	0.12080	0.13605	0.12180	0.00838	0.17936	0.04549	0.01683	0.01250	0.01437	0.07701	0.03938	0.04236	0.00174	0.00531	0.00430	0.02578	0.00570
1	0.03155	0.04182	0.01567	0.01931	0.45722	0.02218	0.04166	0.09027	0.02436	0.07387	0.01003	0.03611	0.00840	0.02430	0.03888	0.00164	0.01990	0.00428	0.00280	0.03576
2	0.00805	0.00405	0.00593	0.00589	0.00604	0.00399	0.00395	0.00649	0.00628	0.03884	0.00937	0.06130	0.00949	0.04937	0.01654	0.75157	0.00383	0.00452	0.00224	0.00229
3	0.07765	0.00825	0.01002	0.00806	0.01109	0.00804	0.00659	0.14355	0.06723	0.45908	0.03768	0.01717	0.01214	0.03877	0.00519	0.00153	0.00392	0.05335	0.00482	0.02586
4	0.04099	0.00525	0.00652	0.00719	0.03458	0.00521	0.00495	0.05312	0.03918	0.02282	0.08534	0.48449	0.06850	0.06379	0.00647	0.00186	0.00305	0.05842	0.00405	0.00422
5	0.00617	0.00431	0.00519	0.00540	0.00569	0.00428	0.00341	0.00665	0.00746	0.00995	0.04033	0.19916	0.08037	0.49639	0.10265	0.00381	0.00456	0.00789	0.00315	0.00316
6	0.01118	0.00790	0.00880	0.00782	0.00978	0.03085	0.00611	0.26101	0.05527	0.07531	0.09442	0.21148	0.04835	0.00945	0.03608	0.00171	0.00397	0.04969	0.06528	0.00554
7	0.00637	0.00434	0.00553	0.00584	0.00664	0.00403	0.00420	0.00713	0.00912	0.03614	0.10046	0.32905	0.23817	0.01396	0.05916	0.12117	0.00333	0.03784	0.00385	0.00366
8	0.04232	0.00536	0.00641	0.00619	0.00754	0.00523	0.00466	0.04871	0.02359	0.11792	0.08781	0.23775	0.10776	0.04212	0.03970	0.01716	0.00331	0.04609	0.14582	0.00457
9	0.01057	0.00870	0.00927	0.00837	0.01052	0.02898	0.00653	0.14531	0.40018	0.01839	0.08612	0.09711	0.07200	0.01991	0.00512	0.00157	0.00363	0.05725	0.00440	0.00608
10	0.01535	0.01388	0.01195	0.00979	0.01276	0.24745	0.00777	0.41456	0.04754	0.02080	0.01006	0.01062	0.00758	0.00501	0.00414	0.00122	0.00541	0.00365	0.08095	0.06950
11	0.00805	0.00480	0.00664	0.00626	0.00687	0.00477	0.00440	0.02063	0.02492	0.00944	0.00888	0.03641	0.00873	0.03522	0.05827	0.62859	0.02317	0.00414	0.00223	0.09758
12	0.00652	0.00441	0.00528	0.00528	0.00544	0.00456	0.00323	0.00685	0.00669	0.00914	0.01373	0.02693	0.01526	0.68143	0.16560	0.00478	0.00566	0.00615	0.02010	0.00297
13	0.00724	0.00399	0.00567	0.00574	0.00597	0.00388	0.00389	0.00611	0.00695	0.00921	0.07134	0.09451	0.07965	0.01458	0.01447	0.65285	0.00350	0.00548	0.00255	0.00242
14	0.00872	0.00601	0.00704	0.00656	0.00754	0.02458	0.00469	0.09901	0.00919	0.06310	0.01495	0.04350	0.04430	0.38958	0.22481	0.00424	0.00630	0.02867	0.00313	0.00407
15	0.00640	0.00476	0.00704	0.00704	0.00779	0.00551	0.00541	0.00789	0.00715	0.01028	0.01212	0.01832	0.01151	0.08487	0.77418	0.00701	0.01150	0.00490	0.00242	0.00391
16	0.00949	0.00643	0.00668	0.00626	0.00790	0.01615	0.00482	0.01535	0.29694	0.03220	0.05942	0.01841	0.02390	0.00594	0.00387	0.00127	0.00275	0.01920	0.45773	0.00529
17	0.25719	0.00918	0.00987	0.00786	0.01103	0.00958	0.00647	0.25112	0.01362	0.31366	0.01222	0.01174	0.00832	0.00508	0.00393	0.00135	0.00395	0.00376	0.05343	0.00664
18	0.09851	0.01106	0.01152	0.00942	0.01253	0.01247	0.00761	0.43313	0.31332	0.02386	0.01309	0.01262	0.00960	0.00551	0.00434	0.00141	0.00426	0.00426	0.00434	0.00714
19	0.00845	0.00795	0.01342	0.83204	0.03081	0.00994	0.01242	0.01143	0.00894	0.01143	0.00795	0.01193	0.00596	0.00447	0.00447	0.00149	0.00596	0.00398	0.00199	0.00497
20	0.01113	0.00961	0.01011	0.00910	0.01163	0.01113	0.00708	0.02377	0.80681	0.01871	0.01821	0.01669	0.01365	0.00607	0.00455	0.00152	0.00354	0.00506	0.00455	0.00708
21	0.00544	0.00392	0.00516	0.00616	0.00647	0.00364	0.00412	0.00624	0.00863	0.01145	0.02553	0.80602	0.06287	0.01390	0.00569	0.00180	0.00258	0.01258	0.00415	0.00364
22	0.00836	0.00623	0.00683	0.00621	0.00805	0.00606	0.00479	0.13985	0.05564	0.05329	0.08116	0.10783	0.45017	0.01065	0.03277	0.00169	0.00320	0.00814	0.00428	0.00479
23	0.01606	0.02034	0.01413	0.01230	0.01484	0.73847	0.09251	0.01749	0.01245	0.01131	0.00714	0.00849	0.00587	0.00452	0.00417	0.00119	0.00801	0.00314	0.00230	0.00528
24	0.01204	0.00998	0.01058	0.00921	0.01188	0.01140	0.00725	0.16310	0.64044	0.02040	0.04170	0.01614	0.01346	0.00604	0.00456	0.00148	0.00374	0.00497	0.00455	0.00709
25	0.00617	0.00443	0.00546	0.00578	0.00633	0.00426	0.00395	0.00743	0.03093	0.01234	0.18590	0.31757	0.08479	0.24909	0.01045	0.00243	0.00308	0.05207	0.00391	0.00362
26	0.00897	0.02314	0.81962	0.01275	0.01936	0.01039	0.01653	0.01417	0.00944	0.01417	0.00803	0.00944	0.00567	0.00425	0.00425	0.00142	0.00661	0.00331	0.00189	0.00661
27	0.01190	0.00799	0.00915	0.00828	0.01059	0.00859	0.00655	0.01967	0.45350	0.18010	0.01948	0.07737	0.03025	0.00726	0.00475	0.00155	0.00351	0.09106	0.04201	0.00644
28	0.01554	0.03944	0.01082	0.00861	0.01132	0.19245	0.00687	0.18410	0.05148	0.24352	0.04724	0.01347	0.01049	0.00537	0.00416	0.00126	0.00468	0.00409	0.13879	0.00629
29	0.00589	0.00398	0.00508	0.00588	0.00625	0.00376	0.00395	0.00683	0.00870	0.01214	0.05548	0.65982	0.02716	0.06332	0.00643	0.00186	0.00262	0.01114	0.10604	0.00366
30	0.01047	0.00907	0.00940	0.00849	0.01079	0.03373	0.00660	0.04394	0.60475	0.01812	0.10404	0.02049	0.07479	0.00681	0.00469	0.00150	0.00348	0.01790	0.00449	0.00645
31	0.04001	0.00774	0.00867	0.00784	0.01008	0.00823	0.00622	0.06229	0.34871	0.12387	0.07414	0.05021	0.13142	0.00780	0.00485	0.00155	0.00341	0.09241	0.00452	0.00601
32	0.00550	0.00463	0.00478	0.00475	0.00619	0.00400	0.00354	0.00686	0.02444	0.01226	0.07037	0.04103	0.72257	0.03626	0.03142	0.00177	0.00265	0.00908	0.00409	0.00383
33	0.05893	0.00786	0.01027	0.00796	0.01136	0.00708	0.00656	0.04029	0.04297	0.73180	0.01698	0.01481	0.01080	0.00549	0.00442	0.00139	0.00381	0.00441	0.00535	0.00747
34	0.00544	0.00392	0.00516	0.00616	0.00647	0.00364	0.00412	0.00624	0.00863	0.01145	0.02547	0.80862	0.06032	0.01391	0.00569	0.00180	0.00258	0.01259	0.00415	0.00364
35	0.01407	0.01036	0.01133	0.00926	0.01199	0.03493	0.00746	0.48709	0.06895	0.06318	0.01236	0.04735	0.00991	0.03010	0.15785	0.00253	0.00607	0.00465	0.00403	0.00655
36	0.00687	0.00608	0.03191	0.00859	0.05999	0.00584	0.04653	0.00874	0.02226	0.01222	0.08324	0.11572	0.15916	0.06441	0.27919	0.00361	0.02185	0.05624	0.00323	0.00432
37	0.00655	0.00464	0.00595	0.00590	0.00620	0.00504	0.00395	0.00716	0.00677	0.00936	0.01311	0.02447	0.01413	0.52359	0.31800	0.00533	0.02824	0.00581	0.00258	0.00324
38	0.00946	0.00806	0.00938	0.00672	0.01068	0.00616	0.00538	0.03051	0.00956	0.01491	0.00802	0.00931	0.00665	0.00336	0.00334	0.00068	0.00335	0.00268	0.00269	0.84909
39	0.00746	0.00406	0.00575	0.01772	0.00606	0.00406	0.00380	0.00611	0.00627	0.00834	0.02992	0.01751	0.03052	0.15741	0.01759	0.66451	0.00391	0.00458	0.00221	0.00222
40	0.04870	0.05457	0.01352	0.09555	0.19307	0.09365	0.02376	0.11285	0.06675	0.04577	0.01013	0.05324	0.00853	0.00615	0.03377	0.00153	0.04519	0.00419	0.00292	0.08616

[dist]
# distance from previous block
# <min> <max>
1	19

[block]
# block no. 3 follows, 58 sequences, length 35
# corresponding to MSA columns:
# 247-281
name=unknown_D
#
# <colnr> <probs for GDERKNQSTAVLIFYWHMCP>
#	G	D	E	R	K	N	Q	S	T	A	V	L	I	F	Y	W	H	M	C	P
0	0.07953	0.07706	0.30118	0.03598	0.14290	0.06067	0.04349	0.05824	0.04267	0.02716	0.00918	0.03269	0.00732	0.00508	0.01744	0.00144	0.00566	0.00377	0.02605	0.02249
1	0.08651	0.06476	0.01252	0.00950	0.01247	0.17179	0.00770	0.42722	0.02803	0.02114	0.00956	0.01054	0.00736	0.02787	0.00479	0.00135	0.02384	0.00363	0.04578	0.02365
2	0.01081	0.02414	0.00941	0.02570	0.01050	0.07822	0.00620	0.18105	0.15799	0.03040	0.09954	0.09028	0.09219	0.07986	0.01852	0.00172	0.00413	0.00591	0.00389	0.06955
3	0.06174	0.00927	0.01282	0.13372	0.26969	0.04491	0.02230	0.05145	0.07138	0.08106	0.06743	0.04801	0.02608	0.00571	0.00497	0.02507	0.01911	0.00469	0.00309	0.03751
4	0.00669	0.00441	0.00579	0.00579	0.00604	0.00466	0.00384	0.00687	0.00661	0.00907	0.01232	0.02280	0.01316	0.43957	0.28045	0.15424	0.00672	0.00550	0.00248	0.00299
5	0.00579	0.00432	0.00536	0.00589	0.00658	0.00401	0.00412	0.00716	0.02974	0.01271	0.15371	0.48938	0.17572	0.04503	0.00622	0.00179	0.00259	0.03182	0.00423	0.00382
6	0.03468	0.00456	0.00614	0.00598	0.00637	0.00463	0.00409	0.02720	0.02498	0.02563	0.05709	0.04166	0.01154	0.10244	0.03025	0.59891	0.00394	0.00470	0.00250	0.00271
7	0.00607	0.00464	0.00542	0.00546	0.00655	0.00408	0.00383	0.00694	0.00897	0.01168	0.05549	0.28071	0.31045	0.11683	0.02326	0.04136	0.00299	0.00899	0.00371	0.09257
8	0.04935	0.00586	0.00727	0.00638	0.00821	0.00550	0.00496	0.04507	0.02562	0.20684	0.44255	0.06245	0.09544	0.00825	0.00495	0.00143	0.00275	0.00708	0.00485	0.00518
9	0.30057	0.00811	0.00850	0.00711	0.00986	0.00851	0.00579	0.10751	0.07054	0.26040	0.04994	0.01390	0.01059	0.00537	0.00385	0.00137	0.00354	0.01996	0.09854	0.00605
10	0.00591	0.00432	0.00511	0.00547	0.00604	0.00405	0.00364	0.00684	0.02455	0.01133	0.07879	0.34582	0.20847	0.24284	0.01048	0.01642	0.00301	0.00963	0.00378	0.00349
11	0.00959	0.00595	0.00720	0.00687	0.00831	0.00589	0.00513	0.12318	0.04078	0.12117	0.08094	0.39983	0.05558	0.01006	0.00505	0.00157	0.00305	0.02138	0.08351	0.00496
12	0.00879	0.00492	0.00533	0.00502	0.00623	0.00494	0.00376	0.04430	0.03979	0.04511	0.13519	0.01980	0.01635	0.06550	0.00501	0.00137	0.00248	0.00497	0.57668	0.00445
13	0.00770	0.00489	0.00617	0.00616	0.00700	0.00478	0.00447	0.00893	0.02217	0.08300	0.10601	0.09875	0.07872	0.32471	0.08241	0.00315	0.00436	0.13907	0.00367	0.00388
14	0.00740	0.00501	0.00590	0.00574	0.00717	0.00451	0.00434	0.02586	0.02394	0.09308	0.17932	0.18523	0.38154	0.01068	0.00529	0.00156	0.00261	0.04202	0.00445	0.00436
15	0.00845	0.00795	0.01342	0.83204	0.03081	0.00994	0.01242	0.01143	0.00894	0.01143	0.00795	0.01193	0.00596	0.00447	0.00447	0.00149	0.00596	0.00398	0.00199	0.00497
16	0.00928	0.00795	0.00928	0.00663	0.01060	0.00596	0.00530	0.01126	0.00928	0.01458	0.00795	0.00928	0.00663	0.00331	0.00331	0.00066	0.00331	0.00265	0.00265	0.87014
17	0.01113	0.00961	0.01011	0.00910	0.01163	0.01113	0.00708	0.02377	0.80681	0.01871	0.01821	0.01669	0.01365	0.00607	0.00455	0.00152	0.00354	0.00506	0.00455	0.00708
18	0.03375	0.00944	0.01129	0.00877	0.01215	0.00946	0.00723	0.31617	0.03720	0.45371	0.01489	0.01406	0.00998	0.00558	0.00446	0.00138	0.00419	0.01788	0.02100	0.00742
19	0.03862	0.00670	0.00867	0.00711	0.00982	0.00594	0.00577	0.01695	0.02405	0.52165	0.12261	0.02324	0.13962	0.00717	0.00475	0.00144	0.00335	0.04111	0.00509	0.00635
20	0.00604	0.00491	0.00553	0.00523	0.00682	0.00414	0.00391	0.00745	0.01040	0.01355	0.19736	0.12996	0.45633	0.01015	0.00508	0.00141	0.00241	0.00866	0.00412	0.11656
21	0.00679	0.00534	0.00662	0.00631	0.00782	0.00490	0.03074	0.00909	0.06916	0.03158	0.17062	0.18672	0.32545	0.01032	0.00525	0.00154	0.00279	0.06404	0.00420	0.05071
22	0.00766	0.00389	0.00580	0.00585	0.00586	0.00387	0.00390	0.00585	0.00595	0.00794	0.00854	0.05107	0.00876	0.01547	0.01695	0.83048	0.00383	0.00429	0.00204	0.00202
23	0.00763	0.00508	0.00610	0.00617	0.00731	0.00483	0.00445	0.03096	0.06700	0.08416	0.08459	0.39774	0.19296	0.04501	0.00598	0.00173	0.00278	0.00965	0.03150	0.00439
24	0.00880	0.00740	0.00874	0.00646	0.00997	0.00568	0.00513	0.01081	0.00982	0.01512	0.13796	0.01318	0.01238	0.00426	0.00363	0.00078	0.00312	0.00353	0.00302	0.73022
25	0.00563	0.00411	0.00537	0.00623	0.00671	0.00378	0.00427	0.00653	0.00876	0.01164	0.02530	0.73374	0.07471	0.01345	0.00563	0.00177	0.00266	0.04466	0.00410	0.03095
26	0.06511	0.00502	0.00539	0.00508	0.00640	0.00507	0.00386	0.02712	0.02369	0.06288	0.12304	0.01936	0.03426	0.04504	0.03902	0.00157	0.00288	0.00488	0.51588	0.00446
27	0.03426	0.00471	0.00578	0.00584	0.00690	0.00437	0.00425	0.00845	0.00993	0.08017	0.19003	0.29458	0.19002	0.05392	0.02860	0.02138	0.00295	0.02877	0.02098	0.00410
28	0.00657	0.00506	0.00704	0.00696	0.00775	0.00577	0.00531	0.00829	0.03391	0.01070	0.01548	0.04646	0.08289	0.10426	0.59178	0.00585	0.04365	0.00558	0.00269	0.00398
29	0.01153	0.05037	0.01448	0.01183	0.01274	0.20198	0.04520	0.01269	0.00847	0.01096	0.00627	0.00937	0.00588	0.00672	0.01125	0.00170	0.56777	0.00367	0.00205	0.00505
30	0.00612	0.00460	0.00546	0.00579	0.00667	0.00428	0.00412	0.04000	0.00988	0.01277	0.09786	0.38672	0.27687	0.07601	0.00682	0.00187	0.00275	0.04345	0.00412	0.00385
31	0.00902	0.00661	0.00884	0.11782	0.08070	0.02869	0.00677	0.03310	0.03928	0.08114	0.06413	0.17320	0.01654	0.11529	0.09846	0.00251	0.01649	0.04059	0.05608	0.00476
32	0.01092	0.00937	0.02606	0.03623	0.14530	0.05266	0.00797	0.06600	0.29150	0.05270	0.04719	0.05989	0.03617	0.00764	0.03961	0.02902	0.01994	0.00515	0.05059	0.00608
33	0.01323	0.02689	0.01117	0.00917	0.01178	0.07649	0.00733	0.37778	0.17859	0.02105	0.04488	0.08206	0.04607	0.00672	0.00483	0.00143	0.02397	0.02243	0.02771	0.00642
34	0.02691	0.01170	0.06475	0.11738	0.21275	0.12898	0.02610	0.10668	0.06632	0.01495	0.01128	0.08537	0.02124	0.04058	0.02173	0.00163	0.01419	0.00480	0.00285	0.01982

[dist]
# distance from previous block
# <min> <max>
2	10

[block]
# block no. 4 follows, 58 sequences, length 53
# corresponding to MSA columns:
# 292-344
name=unknown_E
#
# <colnr> <probs for GDERKNQSTAVLIFYWHMCP>
#	G	D	E	R	K	N	Q	S	T	A	V	L	I	F	Y	W	H	M	C	P
0	0.00893	0.00744	0.02368	0.03983	0.01057	0.05023	0.05641	0.07997	0.08169	0.05481	0.08387	0.36110	0.05426	0.01105	0.05281	0.00192	0.00425	0.00838	0.00390	0.00491
1	0.00648	0.00501	0.00561	0.00581	0.00673	0.03136	0.00411	0.00783	0.02601	0.03029	0.19001	0.33361	0.23902	0.07891	0.00679	0.00182	0.00278	0.00973	0.00417	0.00392
2	0.00624	0.00440	0.00533	0.00575	0.00643	0.00412	0.00394	0.00740	0.03155	0.03100	0.06479	0.42938	0.19223	0.13770	0.00824	0.01453	0.00285	0.02140	0.01900	0.00374
3	0.07129	0.00869	0.01233	0.06441	0.28317	0.02559	0.04073	0.04976	0.08926	0.05540	0.01407	0.13284	0.03216	0.02161	0.00492	0.00152	0.00442	0.04139	0.04058	0.00585
4	0.01055	0.04411	0.01463	0.32132	0.12582	0.04462	0.06762	0.08211	0.06758	0.02505	0.03209	0.03039	0.00847	0.00517	0.00542	0.00145	0.08221	0.00433	0.00264	0.02444
5	0.00686	0.00504	0.00717	0.00705	0.00791	0.00578	0.00542	0.03840	0.00773	0.01112	0.01216	0.01815	0.01143	0.09171	0.71118	0.00658	0.01087	0.00487	0.02651	0.00404
6	0.03056	0.00475	0.00554	0.00564	0.00666	0.00442	0.00402	0.03165	0.01009	0.03524	0.17205	0.30652	0.26825	0.08552	0.00687	0.00184	0.00269	0.00954	0.00417	0.00396
7	0.00770	0.00574	0.00703	0.02567	0.00862	0.00488	0.00479	0.00916	0.00956	0.04225	0.10121	0.20923	0.11892	0.03771	0.00556	0.02382	0.00302	0.04348	0.03231	0.29935
8	0.00549	0.00461	0.00495	0.02609	0.00678	0.00400	0.00376	0.00676	0.01032	0.01258	0.11624	0.05994	0.68916	0.01132	0.01674	0.00159	0.00249	0.00918	0.00415	0.00385
9	0.60289	0.00774	0.00661	0.00588	0.00830	0.00863	0.00472	0.03407	0.00864	0.07974	0.01986	0.02274	0.00769	0.04361	0.00400	0.00148	0.00335	0.00328	0.12187	0.00491
10	0.03588	0.00519	0.00619	0.00642	0.00726	0.00516	0.00452	0.09291	0.00994	0.02701	0.04151	0.50907	0.06557	0.11762	0.00756	0.00203	0.00311	0.02834	0.02062	0.00410
11	0.00805	0.00606	0.00702	0.00696	0.03075	0.00607	0.00499	0.03154	0.17204	0.04457	0.11614	0.12851	0.21725	0.10158	0.02195	0.00192	0.00324	0.03076	0.03349	0.02711
12	0.00879	0.00571	0.00684	0.00630	0.00781	0.00574	0.00485	0.04849	0.10862	0.07881	0.35213	0.05660	0.05628	0.00922	0.04791	0.00169	0.00313	0.02374	0.16240	0.00492
13	0.18093	0.00636	0.00694	0.00640	0.00807	0.00648	0.00477	0.07158	0.02430	0.15435	0.01723	0.23698	0.05164	0.14293	0.00738	0.00196	0.00341	0.00678	0.05669	0.00482
14	0.08356	0.00661	0.00762	0.00682	0.00880	0.00656	0.00528	0.06187	0.11058	0.19596	0.11343	0.13015	0.14757	0.03409	0.00565	0.02370	0.00321	0.02527	0.01794	0.00534
15	0.05636	0.00604	0.00705	0.00646	0.00823	0.00580	0.00491	0.06861	0.04074	0.18574	0.05222	0.20898	0.22099	0.05855	0.02372	0.00182	0.00332	0.01762	0.01785	0.00499
16	0.08527	0.00968	0.01005	0.00840	0.01097	0.03843	0.00669	0.37789	0.08915	0.06499	0.04439	0.12453	0.01274	0.00661	0.00439	0.00139	0.00402	0.00532	0.08883	0.00624
17	0.00735	0.00558	0.00647	0.00611	0.00760	0.00550	0.00467	0.01103	0.15633	0.03804	0.34581	0.03219	0.25618	0.02315	0.03692	0.00174	0.00293	0.02983	0.01789	0.00467
18	0.12724	0.00717	0.00827	0.00742	0.00953	0.00728	0.00575	0.12009	0.07533	0.22595	0.01852	0.29397	0.03889	0.00856	0.00474	0.00156	0.00345	0.02622	0.00440	0.00566
19	0.00552	0.00425	0.00502	0.00544	0.00630	0.00378	0.00382	0.00660	0.00970	0.01247	0.13553	0.39564	0.34523	0.03203	0.00589	0.00170	0.00244	0.01065	0.00422	0.00375
20	0.01196	0.84548	0.02344	0.00765	0.01148	0.01770	0.00765	0.01339	0.00909	0.01052	0.00622	0.00718	0.00574	0.00383	0.00287	0.00096	0.00478	0.00239	0.00191	0.00574
21	0.01486	0.01125	0.01208	0.00972	0.01286	0.01256	0.00791	0.54873	0.22034	0.02482	0.01309	0.01351	0.00976	0.00614	0.01693	0.00149	0.00458	0.02372	0.02841	0.00724
22	0.00668	0.00482	0.00678	0.00676	0.00745	0.00534	0.00506	0.00782	0.00765	0.02529	0.04206	0.10655	0.06203	0.10846	0.49619	0.04867	0.03964	0.00610	0.00282	0.00382
23	0.04248	0.00509	0.00610	0.00591	0.00692	0.00512	0.00436	0.02036	0.00887	0.10512	0.02652	0.07659	0.01531	0.22899	0.05559	0.04376	0.01597	0.09353	0.22930	0.00411
24	0.00863	0.00732	0.01032	0.00929	0.00993	0.00944	0.00754	0.04002	0.00773	0.03292	0.00945	0.01389	0.00875	0.02062	0.42184	0.00455	0.36640	0.00438	0.00237	0.00462
25	0.71583	0.04190	0.02522	0.00801	0.07078	0.04989	0.00606	0.01345	0.00815	0.01872	0.00647	0.00764	0.00511	0.00415	0.00299	0.00135	0.00394	0.00258	0.00265	0.00510
26	0.01245	0.01128	0.06124	0.12016	0.16537	0.02627	0.04266	0.25341	0.11894	0.04057	0.01084	0.01263	0.00835	0.00624	0.03616	0.00165	0.04566	0.01623	0.00328	0.00661
27	0.00637	0.00450	0.00545	0.00579	0.00626	0.00432	0.00380	0.03698	0.00853	0.01132	0.03912	0.42371	0.08886	0.28263	0.01146	0.02739	0.00326	0.00958	0.00363	0.01704
28	0.00665	0.00522	0.00610	0.00589	0.00720	0.00504	0.00440	0.00988	0.12584	0.01581	0.41183	0.11492	0.24479	0.00978	0.00522	0.00149	0.00241	0.00848	0.00458	0.00445
29	0.00613	0.00449	0.00513	0.00507	0.00605	0.00405	0.00356	0.00715	0.00981	0.02524	0.22521	0.08343	0.36458	0.19480	0.00951	0.02696	0.00278	0.00842	0.00398	0.00365
30	0.01253	0.01031	0.01091	0.00939	0.01217	0.01178	0.00742	0.20947	0.61881	0.02098	0.01642	0.01527	0.01221	0.00590	0.00453	0.00148	0.00387	0.00481	0.00453	0.00721
31	0.01182	0.00969	0.01182	0.00901	0.01273	0.02584	0.06428	0.05877	0.01110	0.04816	0.01048	0.03318	0.00891	0.00531	0.00490	0.02531	0.01729	0.00384	0.00336	0.62419
32	0.00682	0.00415	0.00586	0.00605	0.00633	0.00423	0.00417	0.00650	0.00699	0.00948	0.03638	0.17553	0.03352	0.09866	0.17831	0.40000	0.00523	0.00627	0.00267	0.00286
33	0.01107	0.02012	0.46576	0.08563	0.07523	0.21860	0.01379	0.01476	0.01022	0.01305	0.00771	0.00943	0.00582	0.00443	0.00448	0.00136	0.02710	0.00332	0.00203	0.00609
34	0.00651	0.00434	0.00488	0.00488	0.00488	0.00434	0.00271	0.00651	0.00651	0.00867	0.01409	0.02927	0.01626	0.84279	0.02277	0.00434	0.00434	0.00651	0.00271	0.00271
35	0.00648	0.00428	0.00519	0.00550	0.00570	0.00418	0.00339	0.00684	0.00741	0.03060	0.01787	0.31569	0.02072	0.50703	0.03669	0.00344	0.00390	0.00861	0.00329	0.00320
36	0.01004	0.00964	0.01679	0.18538	0.45312	0.01002	0.10946	0.01312	0.04046	0.01383	0.02390	0.03575	0.00850	0.00566	0.03205	0.01345	0.00572	0.00453	0.00237	0.00621
37	0.00848	0.00524	0.00667	0.00630	0.00750	0.00518	0.00465	0.01033	0.05293	0.13033	0.14721	0.09305	0.11130	0.19057	0.18257	0.00331	0.00509	0.02106	0.00382	0.00441
38	0.01671	0.02132	0.01268	0.01152	0.01383	0.82483	0.00864	0.01786	0.01268	0.01095	0.00691	0.00807	0.00576	0.00461	0.00403	0.00115	0.00807	0.00288	0.00230	0.00519
39	0.00759	0.00567	0.00658	0.00638	0.00759	0.00502	0.00459	0.00876	0.01225	0.01663	0.47564	0.08130	0.27298	0.05847	0.00694	0.00191	0.00288	0.00906	0.00499	0.00479
40	0.00602	0.00437	0.00548	0.00610	0.00663	0.00418	0.00420	0.02903	0.00888	0.01168	0.02485	0.54514	0.12020	0.12289	0.03659	0.00230	0.00326	0.05062	0.00391	0.00368
41	0.05478	0.05121	0.06672	0.06855	0.11265	0.16340	0.08852	0.03465	0.02395	0.01439	0.00993	0.03492	0.00875	0.00870	0.07506	0.00222	0.16795	0.00452	0.00286	0.00628
42	0.08501	0.17380	0.02839	0.03159	0.10949	0.40943	0.00896	0.07929	0.01182	0.01352	0.00726	0.00852	0.00599	0.00440	0.00381	0.00118	0.00641	0.00301	0.00242	0.00571
43	0.00578	0.00457	0.00522	0.00510	0.00641	0.00400	0.00386	0.00736	0.01124	0.01460	0.36939	0.03918	0.46432	0.01043	0.00531	0.00148	0.00225	0.03105	0.00448	0.00397
44	0.49365	0.01001	0.00904	0.00750	0.01053	0.05725	0.00614	0.17942	0.01163	0.16323	0.00924	0.00946	0.00658	0.00468	0.00351	0.00136	0.00409	0.00315	0.00359	0.00593
45	0.03228	0.15088	0.04576	0.00882	0.01202	0.03451	0.00763	0.37957	0.05015	0.06386	0.09322	0.03287	0.05741	0.00597	0.00431	0.00131	0.00442	0.00464	0.00392	0.00646
46	0.00944	0.00703	0.00862	0.00800	0.00869	0.00740	0.02508	0.03109	0.04445	0.03290	0.03163	0.08941	0.04162	0.44357	0.02987	0.01928	0.12530	0.02851	0.00353	0.00459
47	0.00639	0.00479	0.00719	0.00719	0.00799	0.00559	0.00559	0.00799	0.00719	0.01038	0.01198	0.01757	0.01118	0.03355	0.82507	0.00719	0.01198	0.00479	0.00240	0.00399
48	0.84590	0.00878	0.00680	0.00603	0.00882	0.01016	0.00497	0.03930	0.00806	0.02034	0.00638	0.00738	0.00494	0.00419	0.00282	0.00138	0.00351	0.00248	0.00282	0.00494
49	0.01173	0.01135	0.10755	0.04965	0.11627	0.01054	0.04567	0.20665	0.21946	0.04183	0.09721	0.01569	0.03485	0.00569	0.00461	0.00142	0.00458	0.00485	0.00376	0.00663
50	0.02425	0.01189	0.13202	0.01337	0.03714	0.01213	0.16407	0.01191	0.00818	0.01230	0.00783	0.03348	0.00717	0.00663	0.01041	0.00176	0.47423	0.02373	0.00214	0.00537
51	0.01107	0.02996	0.01129	0.02084	0.01179	0.08525	0.00701	0.08784	0.02323	0.02816	0.00800	0.00961	0.00665	0.00462	0.00576	0.00107	0.16629	0.00313	0.00271	0.47571
52	0.04166	0.00544	0.00674	0.00635	0.00722	0.00558	0.00454	0.05370	0.05603	0.02516	0.02889	0.06894	0.06581	0.11457	0.01292	0.39458	0.02436	0.02094	0.01383	0.04274

[dist]
# distance from previous block
# <min> <max>
0	94

[block]
# block no. 5 follows, 58 sequences, length 28
# corresponding to MSA columns:
# 439-466
name=unknown_F
#
# <colnr> <probs for GDERKNQSTAVLIFYWHMCP>
#	G	D	E	R	K	N	Q	S	T	A	V	L	I	F	Y	W	H	M	C	P
0	0.00697	0.00571	0.00793	0.00774	0.00811	0.00685	0.00586	0.00802	0.00761	0.01085	0.04073	0.25747	0.01680	0.10654	0.27319	0.00383	0.21172	0.00718	0.00292	0.00398
1	0.00777	0.00389	0.00583	0.00583	0.00583	0.00389	0.00389	0.00583	0.00583	0.00777	0.00777	0.01360	0.00777	0.01554	0.01748	0.86985	0.00389	0.00389	0.00194	0.00194
2	0.00639	0.00479	0.00719	0.00719	0.00799	0.00559	0.00559	0.00799	0.00719	0.01038	0.01198	0.01757	0.01118	0.03355	0.82507	0.00719	0.01198	0.00479	0.00240	0.00399
3	0.00613	0.00427	0.00517	0.00552	0.00608	0.00397	0.00370	0.00675	0.00856	0.02376	0.06715	0.33225	0.20090	0.22675	0.01065	0.05207	0.00307	0.02609	0.00372	0.00343
4	0.01028	0.00839	0.00911	0.00821	0.01016	0.03189	0.00633	0.13971	0.34451	0.01734	0.08131	0.06943	0.03225	0.07282	0.11977	0.00249	0.00493	0.02126	0.00403	0.00579
5	0.02963	0.02775	0.01175	0.00936	0.01187	0.09774	0.10763	0.14063	0.09026	0.09381	0.12470	0.01862	0.08877	0.00636	0.00495	0.00139	0.03591	0.01595	0.07719	0.00573
