[name]
unknown

[dist]
# distance from previous block
# <min> <max>
0	797

[block]
# block no. 0 follows, 65 sequences, length 7
# corresponding to MSA columns:
# 835-841
name=unknown_A
#
# <colnr> <probs for GDERKNQSTAVLIFYWHMCP>
#	G	D	E	R	K	N	Q	S	T	A	V	L	I	F	Y	W	H	M	C	P
0	0.00843	0.05177	0.08774	0.22963	0.07893	0.04149	0.02211	0.01092	0.03640	0.04125	0.07669	0.04171	0.07357	0.00642	0.00512	0.01338	0.05873	0.10823	0.00271	0.00475
1	0.00959	0.06151	0.11821	0.16435	0.07316	0.13220	0.00901	0.04757	0.10359	0.01280	0.05740	0.03591	0.05175	0.00564	0.00462	0.00133	0.04798	0.05559	0.00266	0.00512
2	0.03213	0.06133	0.00908	0.03870	0.04285	0.03132	0.05170	0.05440	0.07335	0.04650	0.30588	0.08753	0.13435	0.00728	0.00446	0.00131	0.00319	0.00632	0.00369	0.00463
3	0.11426	0.09937	0.27473	0.01056	0.07580	0.00995	0.06135	0.10612	0.00994	0.05420	0.03379	0.00985	0.00706	0.00423	0.00400	0.00121	0.03416	0.00331	0.03962	0.04651
4	0.06138	0.04206	0.00876	0.05457	0.04856	0.08388	0.00600	0.01429	0.19216	0.09614	0.04100	0.03500	0.01106	0.00522	0.00371	0.00119	0.00355	0.03665	0.19322	0.06159
5	0.18907	0.00725	0.03647	0.00666	0.00897	0.00705	0.00553	0.06534	0.10712	0.20870	0.17306	0.01818	0.07421	0.00733	0.04699	0.00158	0.00354	0.02378	0.00389	0.00527
6	0.43450	0.06800	0.10696	0.05174	0.07349	0.11142	0.04514	0.01308	0.03761	0.01510	0.00673	0.00798	0.00527	0.00390	0.00321	0.00123	0.00453	0.00276	0.00230	0.00501

[dist]
# distance from previous block
# <min> <max>
20	57

[block]
# block no. 1 follows, 65 sequences, length 66
# corresponding to MSA columns:
# 902-967
name=unknown_B
#
# <colnr> <probs for GDERKNQSTAVLIFYWHMCP>
#	G	D	E	R	K	N	Q	S	T	A	V	L	I	F	Y	W	H	M	C	P
0	0.00997	0.29671	0.13201	0.01129	0.17646	0.03643	0.00875	0.06387	0.00982	0.02621	0.09952	0.04536	0.02190	0.00473	0.00365	0.00112	0.00437	0.00382	0.00247	0.04153
1	0.02006	0.02505	0.18582	0.00839	0.05501	0.02068	0.00729	0.02738	0.06546	0.08712	0.04380	0.20776	0.08417	0.06701	0.03148	0.00169	0.00402	0.00609	0.00314	0.04858
2	0.00979	0.05416	0.23453	0.00842	0.01156	0.04900	0.00821	0.18810	0.04045	0.02882	0.04895	0.11760	0.03832	0.07188	0.00538	0.00146	0.00438	0.00486	0.01561	0.05854
3	0.04950	0.10546	0.21366	0.00957	0.01285	0.14070	0.09526	0.02788	0.06743	0.02269	0.05251	0.03231	0.00903	0.05704	0.00506	0.00137	0.02267	0.00381	0.02469	0.04651
4	0.00776	0.11312	0.09817	0.00725	0.03404	0.03268	0.00615	0.02959	0.03903	0.02694	0.24167	0.04083	0.06676	0.06165	0.14366	0.00228	0.00473	0.00525	0.03398	0.00446
5	0.04850	0.06829	0.15638	0.01925	0.07530	0.07919	0.13852	0.01195	0.05542	0.02722	0.12616	0.06524	0.08336	0.00563	0.00420	0.00128	0.00458	0.00497	0.00278	0.02179
6	0.00708	0.14218	0.07572	0.00585	0.00724	0.00675	0.00478	0.00856	0.04820	0.00999	0.06748	0.02185	0.06755	0.43386	0.07402	0.00298	0.00444	0.00522	0.00259	0.00367
7	0.00918	0.10365	0.58327	0.01038	0.01547	0.02009	0.02783	0.02783	0.00911	0.05981	0.02963	0.01043	0.02679	0.01848	0.00411	0.00128	0.00542	0.00333	0.00214	0.03177
8	0.00953	0.41588	0.08459	0.00719	0.00993	0.07755	0.00676	0.03767	0.00974	0.01219	0.20637	0.05646	0.02546	0.01985	0.00388	0.00114	0.00405	0.00425	0.00267	0.00485
9	0.01097	0.85821	0.02151	0.00702	0.01054	0.01624	0.00702	0.01229	0.00834	0.00966	0.00571	0.00658	0.00527	0.00351	0.00263	0.00088	0.00439	0.00219	0.00176	0.00527
10	0.00620	0.08703	0.00683	0.00555	0.00666	0.00516	0.00421	0.00782	0.03631	0.01268	0.29030	0.24965	0.14037	0.06077	0.00570	0.00155	0.00259	0.04835	0.00375	0.01851
11	0.03194	0.16564	0.26632	0.01119	0.12326	0.07042	0.00991	0.07299	0.06112	0.04731	0.02551	0.04196	0.04581	0.00476	0.00380	0.00121	0.00483	0.00377	0.00252	0.00572
12	0.00588	0.00433	0.00625	0.00625	0.00687	0.00494	0.00470	0.00711	0.00650	0.00927	0.01131	0.01787	0.01102	0.16469	0.70661	0.00617	0.00986	0.00465	0.00225	0.00347
13	0.00500	0.00357	0.00476	0.00572	0.00595	0.00333	0.00381	0.00572	0.00786	0.01048	0.02262	0.85306	0.02715	0.01286	0.00524	0.00167	0.00238	0.01167	0.00381	0.00333
14	0.00850	0.00800	0.01351	0.48264	0.33202	0.00901	0.01140	0.01100	0.00862	0.01160	0.00839	0.06174	0.00718	0.00447	0.00416	0.00133	0.00506	0.00414	0.00202	0.00522
15	0.01548	0.01132	0.01216	0.00937	0.01262	0.01251	0.00772	0.77440	0.04574	0.04155	0.01021	0.01012	0.00723	0.00495	0.00411	0.00124	0.00445	0.00374	0.00413	0.00696
16	0.00500	0.00357	0.00476	0.00572	0.00595	0.00333	0.00381	0.00572	0.00786	0.01048	0.02262	0.85306	0.02715	0.01286	0.00524	0.00167	0.00238	0.01167	0.00381	0.00333
17	0.01097	0.85821	0.02151	0.00702	0.01054	0.01624	0.00702	0.01229	0.00834	0.00966	0.00571	0.00658	0.00527	0.00351	0.00263	0.00088	0.00439	0.00219	0.00176	0.00527
18	0.00851	0.00730	0.00851	0.00608	0.00973	0.00547	0.00486	0.01034	0.00851	0.01338	0.00730	0.00851	0.00608	0.00304	0.00304	0.00061	0.00304	0.00243	0.00243	0.88083
19	0.01019	0.00953	0.01580	0.07973	0.70490	0.00973	0.01200	0.06105	0.00984	0.01389	0.00820	0.03161	0.00699	0.00400	0.00410	0.00124	0.00483	0.00386	0.00219	0.00632
20	0.00903	0.24216	0.52863	0.01044	0.03569	0.03469	0.01211	0.01250	0.00864	0.01190	0.00775	0.05461	0.00646	0.00429	0.00364	0.00120	0.00543	0.00329	0.00187	0.00568
21	0.00701	0.00357	0.00527	0.00533	0.00537	0.00356	0.00356	0.00547	0.00558	0.00753	0.00822	0.06354	0.00843	0.01394	0.01506	0.80566	0.00345	0.00406	0.02342	0.00193
22	0.01016	0.00975	0.01666	0.02520	0.83013	0.00975	0.01260	0.01260	0.00935	0.01341	0.00772	0.01016	0.00650	0.00366	0.00406	0.00122	0.00488	0.00366	0.00203	0.00650
23	0.01182	0.30879	0.12133	0.01164	0.14010	0.23538	0.00926	0.06126	0.01006	0.01180	0.00697	0.00867	0.00593	0.00409	0.00366	0.00109	0.02167	0.01892	0.00207	0.00548
24	0.00963	0.01091	0.02332	0.01679	0.02062	0.01055	0.75267	0.01290	0.00942	0.01290	0.00808	0.01091	0.00616	0.00375	0.00551	0.00142	0.07220	0.00475	0.00205	0.00546
25	0.01097	0.85821	0.02151	0.00702	0.01054	0.01624	0.00702	0.01229	0.00834	0.00966	0.00571	0.00658	0.00527	0.00351	0.00263	0.00088	0.00439	0.00219	0.00176	0.00527
26	0.00898	0.00898	0.01257	0.01078	0.01078	0.01257	0.00898	0.00988	0.00629	0.00988	0.00539	0.00898	0.00539	0.00718	0.01347	0.00180	0.84823	0.00359	0.00180	0.00449
27	0.00586	0.00440	0.00660	0.00660	0.00733	0.00513	0.00513	0.00733	0.00660	0.00953	0.01100	0.01613	0.01026	0.03079	0.83947	0.00660	0.01100	0.00440	0.00220	0.00367
28	0.01550	0.00809	0.02539	0.04594	0.15241	0.00756	0.03453	0.04084	0.01099	0.54861	0.01318	0.01261	0.00877	0.00483	0.00465	0.00130	0.05015	0.00399	0.00406	0.00660
29	0.00572	0.00419	0.00537	0.00507	0.00608	0.00384	0.00380	0.00758	0.01141	0.01597	0.75623	0.03147	0.11077	0.00857	0.00484	0.00130	0.00195	0.00754	0.00445	0.00384
30	0.00500	0.00359	0.00475	0.00567	0.00594	0.00334	0.00379	0.00572	0.00790	0.01050	0.02315	0.83052	0.04935	0.01279	0.00523	0.00166	0.00237	0.01159	0.00381	0.00334
31	0.88473	0.00794	0.00603	0.00540	0.00794	0.00921	0.00445	0.01207	0.00699	0.01842	0.00572	0.00667	0.00445	0.00381	0.00254	0.00127	0.00318	0.00222	0.00254	0.00445
32	0.00519	0.00381	0.00482	0.00554	0.00610	0.00351	0.00392	0.00613	0.00842	0.01102	0.04993	0.58439	0.17974	0.01198	0.00515	0.00161	0.00243	0.08412	0.01874	0.00342
33	0.15757	0.02480	0.08814	0.02573	0.41870	0.02293	0.07803	0.03915	0.00922	0.02450	0.00748	0.00933	0.00599	0.00371	0.00376	0.00120	0.00475	0.00334	0.00222	0.06943
34	0.01124	0.13884	0.08477	0.02789	0.36651	0.15959	0.01030	0.06114	0.03778	0.01287	0.00753	0.00919	0.00620	0.00416	0.00413	0.01949	0.01538	0.00322	0.00217	0.01761
35	0.00615	0.00427	0.00600	0.00729	0.06555	0.00407	0.00470	0.00710	0.00815	0.05086	0.02061	0.66867	0.02385	0.02801	0.03485	0.00184	0.00301	0.04759	0.00366	0.00376
36	0.00775	0.00730	0.01231	0.84587	0.02827	0.00912	0.01140	0.01049	0.00821	0.01049	0.00730	0.01094	0.00547	0.00410	0.00410	0.00137	0.00547	0.00365	0.00182	0.00456
37	0.00685	0.00562	0.00721	0.00674	0.00707	0.02238	0.00500	0.00746	0.00652	0.00906	0.01205	0.01930	0.06563	0.30795	0.23635	0.04987	0.21433	0.00495	0.00228	0.00337
38	0.00990	0.02358	0.13262	0.14819	0.36800	0.12498	0.03362	0.01262	0.02242	0.01227	0.01960	0.02680	0.00706	0.00511	0.03473	0.00144	0.00565	0.00369	0.00208	0.00564
39	0.01837	0.00707	0.00958	0.00734	0.01052	0.00615	0.00607	0.03440	0.01189	0.81839	0.01608	0.01390	0.01010	0.00508	0.00413	0.00127	0.00351	0.00412	0.00506	0.00699
40	0.01155	0.00958	0.01004	0.00857	0.01118	0.02280	0.00678	0.21713	0.58415	0.01908	0.01454	0.01361	0.01083	0.00530	0.00411	0.00132	0.00361	0.00430	0.00407	0.03744
41	0.00948	0.34344	0.45400	0.00987	0.03012	0.01202	0.01139	0.02793	0.00875	0.01198	0.00678	0.00791	0.00532	0.00373	0.00338	0.00110	0.00524	0.00271	0.00182	0.04303
42	0.01276	0.50401	0.09495	0.00791	0.01147	0.07781	0.00770	0.04946	0.00980	0.17723	0.00822	0.00848	0.00633	0.00398	0.00320	0.00103	0.00461	0.00277	0.00256	0.00573
43	0.00891	0.51000	0.01538	0.00664	0.00926	0.02557	0.03254	0.01023	0.00882	0.01059	0.06654	0.08855	0.17069	0.00609	0.00356	0.00110	0.00374	0.01460	0.00255	0.00464
44	0.00489	0.00415	0.00422	0.00422	0.00557	0.00348	0.00316	0.00595	0.00941	0.01127	0.06868	0.05434	0.78598	0.01037	0.00486	0.00139	0.00208	0.00868	0.00384	0.00348
45	0.00964	0.00923	0.01573	0.20123	0.65813	0.00962	0.01234	0.01215	0.00910	0.01278	0.00763	0.01033	0.00628	0.00375	0.00407	0.00125	0.00500	0.00366	0.00199	0.00609
46	0.00888	0.00784	0.01212	0.46182	0.14136	0.00906	0.02491	0.06166	0.10595	0.02672	0.00975	0.05364	0.00796	0.00597	0.04372	0.00160	0.00516	0.00424	0.00245	0.00518
47	0.01815	0.00691	0.00939	0.00722	0.01034	0.00598	0.00595	0.01975	0.01167	0.81276	0.01613	0.01400	0.01017	0.00507	0.00410	0.00126	0.00345	0.00412	0.02668	0.00691
48	0.00586	0.00440	0.00660	0.00660	0.00733	0.00513	0.00513	0.00733	0.00660	0.00953	0.01100	0.01613	0.01026	0.03079	0.83947	0.00660	0.01100	0.00440	0.00220	0.00367
49	0.00838	0.00795	0.01341	0.62231	0.22933	0.00935	0.01165	0.01101	0.00845	0.01121	0.00736	0.01071	0.00573	0.00406	0.00429	0.00134	0.02290	0.00365	0.00188	0.00505
50	0.00983	0.00963	0.01782	0.13989	0.26095	0.00980	0.32371	0.06099	0.00978	0.03046	0.00883	0.05150	0.00731	0.00433	0.00478	0.00135	0.03660	0.00452	0.00229	0.00565
51	0.00840	0.00762	0.01227	0.09527	0.45751	0.00769	0.00981	0.01054	0.00926	0.01256	0.01563	0.02231	0.12952	0.00634	0.00453	0.00140	0.00429	0.17711	0.00265	0.00529
52	0.00554	0.00419	0.00512	0.00489	0.00597	0.00376	0.00366	0.00723	0.01099	0.01498	0.61047	0.03311	0.25715	0.00895	0.00484	0.00132	0.00198	0.00777	0.00432	0.00376
53	0.00500	0.00357	0.00476	0.00572	0.00595	0.00333	0.00381	0.00572	0.00786	0.01048	0.02262	0.85306	0.02715	0.01286	0.00524	0.00167	0.00238	0.01167	0.00381	0.00333
54	0.01001	0.00997	0.01640	0.08262	0.60483	0.05241	0.09794	0.01247	0.00940	0.01291	0.00834	0.02461	0.00718	0.00408	0.00420	0.00127	0.00520	0.02802	0.00211	0.00603
55	0.00879	0.00870	0.01221	0.01052	0.01057	0.01212	0.00875	0.00972	0.00631	0.00986	0.00573	0.00941	0.00568	0.00862	0.06358	0.00209	0.79743	0.00364	0.00182	0.00444
56	0.00898	0.00898	0.01257	0.01078	0.01078	0.01257	0.00898	0.00988	0.00629	0.00988	0.00539	0.00898	0.00539	0.00718	0.01347	0.00180	0.84823	0.00359	0.00180	0.00449
57	0.00851	0.00730	0.00851	0.00608	0.00973	0.00547	0.00486	0.01034	0.00851	0.01338	0.00730	0.00851	0.00608	0.00304	0.00304	0.00061	0.00304	0.00243	0.00243	0.88083
58	0.01097	0.85821	0.02151	0.00702	0.01054	0.01624	0.00702	0.01229	0.00834	0.00966	0.00571	0.00658	0.00527	0.00351	0.00263	0.00088	0.00439	0.00219	0.00176	0.00527
59	0.01016	0.00975	0.01666	0.02520	0.83013	0.00975	0.01260	0.01260	0.00935	0.01341	0.00772	0.01016	0.00650	0.00366	0.00406	0.00122	0.00488	0.00366	0.00203	0.00650
60	0.00821	0.00804	0.01227	0.79520	0.02733	0.05948	0.01119	0.01085	0.00842	0.01046	0.00724	0.01073	0.00546	0.00411	0.00408	0.00135	0.00559	0.00359	0.00184	0.00457
61	0.00978	0.00922	0.01560	0.08555	0.71987	0.00935	0.01194	0.01221	0.00929	0.01334	0.02873	0.01092	0.00739	0.00385	0.00404	0.00122	0.00474	0.00376	0.03301	0.00620
62	0.06146	0.00715	0.00951	0.00789	0.03743	0.00647	0.00627	0.04676	0.01155	0.68609	0.01549	0.01529	0.01045	0.00534	0.00414	0.00130	0.00358	0.05244	0.00474	0.00665
63	0.00860	0.00750	0.01311	0.03378	0.18631	0.00727	0.21206	0.01108	0.03800	0.06226	0.01609	0.16887	0.07325	0.00715	0.00480	0.00147	0.00444	0.13591	0.00303	0.00501
64	0.83153	0.00790	0.00641	0.05639	0.00917	0.00920	0.00487	0.01197	0.00706	0.01794	0.00581	0.00693	0.00451	0.00383	0.00264	0.00128	0.00331	0.00231	0.00250	0.00445
65	0.00833	0.02066	0.79206	0.01227	0.04649	0.00956	0.02846	0.01299	0.00871	0.01302	0.00739	0.00876	0.00526	0.00388	0.00392	0.00130	0.00604	0.00309	0.00175	0.00607

[dist]
# distance from previous block
# <min> <max>
0	1

[block]
# block no. 2 follows, 65 sequences, length 42
# corresponding to MSA columns:
# 969-1010
name=unknown_C
#
# <colnr> <probs for GDERKNQSTAVLIFYWHMCP>
#	G	D	E	R	K	N	Q	S	T	A	V	L	I	F	Y	W	H	M	C	P
0	0.00548	0.00431	0.00521	0.04104	0.00684	0.00392	0.00387	0.00707	0.01050	0.01389	0.45457	0.03361	0.37669	0.00907	0.00481	0.00134	0.00215	0.00779	0.00410	0.00373
1	0.00991	0.10145	0.01373	0.37659	0.16588	0.15940	0.02604	0.02646	0.00932	0.01120	0.00880	0.02474	0.04076	0.00439	0.00393	0.00124	0.00541	0.00368	0.00207	0.00502
2	0.02810	0.00907	0.03150	0.12288	0.01455	0.03594	0.13105	0.12219	0.09458	0.09168	0.02421	0.01293	0.06153	0.00460	0.00400	0.00116	0.00437	0.00403	0.00305	0.19858
3	0.01132	0.76983	0.03485	0.00739	0.01085	0.07001	0.00724	0.03040	0.00881	0.01010	0.00587	0.00675	0.00531	0.00360	0.00276	0.00090	0.00462	0.00227	0.00183	0.00529
4	0.01103	0.63549	0.13170	0.00813	0.01176	0.10379	0.00828	0.01278	0.00870	0.01016	0.00600	0.00701	0.00526	0.00372	0.00315	0.00097	0.02259	0.00239	0.00179	0.00531
5	0.01097	0.85821	0.02151	0.00702	0.01054	0.01624	0.00702	0.01229	0.00834	0.00966	0.00571	0.00658	0.00527	0.00351	0.00263	0.00088	0.00439	0.00219	0.00176	0.00527
6	0.00586	0.00440	0.00660	0.00660	0.00733	0.00513	0.00513	0.00733	0.00660	0.00953	0.01100	0.01613	0.01026	0.03079	0.83947	0.00660	0.01100	0.00440	0.00220	0.00367
7	0.00597	0.00399	0.00453	0.00453	0.00455	0.00401	0.00255	0.00600	0.00598	0.00800	0.01289	0.02660	0.01481	0.83557	0.04091	0.00404	0.00415	0.00593	0.00248	0.00252
8	0.00983	0.00849	0.00915	0.00826	0.01037	0.00987	0.00643	0.02027	0.73104	0.01663	0.04847	0.03915	0.01366	0.00596	0.00465	0.00141	0.04116	0.00490	0.00407	0.00621
9	0.00794	0.00442	0.00412	0.00408	0.00508	0.03539	0.00306	0.00982	0.00872	0.01511	0.01312	0.01501	0.01032	0.00476	0.00290	0.00096	0.00212	0.00378	0.84541	0.00386
10	0.00485	0.00416	0.00416	0.00416	0.00554	0.00347	0.00312	0.00589	0.00936	0.01109	0.04158	0.03950	0.82847	0.01040	0.00485	0.00139	0.00208	0.00866	0.00381	0.00347
11	0.01031	0.00878	0.00925	0.00824	0.01058	0.01007	0.00643	0.07019	0.73798	0.01745	0.01736	0.01602	0.04743	0.00574	0.00420	0.00138	0.00328	0.00476	0.00416	0.00640
12	0.00886	0.00817	0.01366	0.25036	0.46082	0.00868	0.01120	0.01128	0.00905	0.01240	0.01010	0.01681	0.00926	0.00515	0.00436	0.00138	0.00485	0.14585	0.00229	0.00548
13	0.01842	0.00699	0.00953	0.00730	0.01048	0.00603	0.00603	0.02000	0.01175	0.83298	0.01619	0.01397	0.01016	0.00508	0.00413	0.00127	0.00349	0.00413	0.00508	0.00699
14	0.00635	0.00408	0.00611	0.00611	0.00656	0.00453	0.00453	0.00656	0.00611	0.00860	0.00950	0.01472	0.00905	0.02439	0.52101	0.34461	0.00812	0.00408	0.00204	0.00294
15	0.00834	0.05436	0.80230	0.01151	0.01748	0.00980	0.01484	0.01297	0.00865	0.01287	0.00730	0.00858	0.00520	0.00388	0.00385	0.00128	0.00600	0.00300	0.00173	0.00603
16	0.00754	0.00640	0.00678	0.00639	0.00816	0.00676	0.00494	0.01365	0.39555	0.01411	0.04454	0.02805	0.36207	0.02153	0.00484	0.00146	0.00277	0.05556	0.00398	0.00492
17	0.00500	0.00359	0.00475	0.00568	0.00594	0.00334	0.00379	0.00572	0.00790	0.01049	0.02312	0.83195	0.04794	0.01280	0.00523	0.00166	0.00237	0.01159	0.00381	0.00334
18	0.84720	0.00809	0.00630	0.00557	0.00815	0.00936	0.00459	0.04681	0.00752	0.01874	0.00589	0.00681	0.00456	0.00386	0.00261	0.00127	0.00323	0.00229	0.00261	0.00456
19	0.01208	0.09321	0.03353	0.00898	0.01138	0.33419	0.00719	0.04326	0.32370	0.01370	0.05438	0.01229	0.02464	0.00502	0.00388	0.00120	0.00501	0.00377	0.00309	0.00551
20	0.00928	0.00804	0.01085	0.01051	0.16279	0.00714	0.04940	0.09679	0.02058	0.01463	0.03374	0.05235	0.03659	0.00430	0.00368	0.00094	0.00365	0.00376	0.00272	0.46826
21	0.00959	0.02687	0.02949	0.02788	0.17242	0.03165	0.07018	0.08573	0.07987	0.07951	0.14295	0.11902	0.06525	0.01663	0.00465	0.00137	0.00388	0.02437	0.00340	0.00529
22	0.01079	0.00999	0.01487	0.06174	0.59779	0.06312	0.01112	0.03403	0.05846	0.05137	0.00897	0.01079	0.01642	0.00399	0.00403	0.00121	0.00482	0.00370	0.00238	0.03039
23	0.00775	0.00730	0.01231	0.84587	0.02827	0.00912	0.01140	0.01049	0.00821	0.01049	0.00730	0.01094	0.00547	0.00410	0.00410	0.00137	0.00547	0.00365	0.00182	0.00456
24	0.00790	0.00744	0.01257	0.79704	0.07599	0.00916	0.01147	0.01061	0.00828	0.01066	0.00732	0.01090	0.00553	0.00408	0.00410	0.00136	0.00544	0.00365	0.00184	0.00468
25	0.01641	0.01020	0.01152	0.00883	0.01208	0.01081	0.00729	0.58770	0.01713	0.25768	0.01168	0.01104	0.00789	0.00497	0.00411	0.00124	0.00422	0.00382	0.00439	0.00698
26	0.00588	0.00433	0.00624	0.00624	0.00685	0.00494	0.00468	0.00710	0.00649	0.00926	0.01132	0.01794	0.01105	0.16997	0.70137	0.00616	0.00981	0.00466	0.00225	0.00347
27	0.01097	0.85821	0.02151	0.00702	0.01054	0.01624	0.00702	0.01229	0.00834	0.00966	0.00571	0.00658	0.00527	0.00351	0.00263	0.00088	0.00439	0.00219	0.00176	0.00527
28	0.01560	0.01150	0.01232	0.00944	0.01273	0.01273	0.00780	0.81645	0.01930	0.02587	0.00986	0.00986	0.00698	0.00493	0.00411	0.00123	0.00452	0.00370	0.00411	0.00698
29	0.00598	0.00432	0.00546	0.00513	0.00621	0.00397	0.00386	0.00797	0.02512	0.02982	0.70341	0.03120	0.13507	0.00853	0.00482	0.00130	0.00200	0.00747	0.00444	0.00392
30	0.01097	0.85821	0.02151	0.00702	0.01054	0.01624	0.00702	0.01229	0.00834	0.00966	0.00571	0.00658	0.00527	0.00351	0.00263	0.00088	0.00439	0.00219	0.00176	0.00527
31	0.00857	0.00744	0.00890	0.00672	0.02597	0.00595	0.00525	0.01035	0.00840	0.01318	0.00720	0.00857	0.00605	0.00328	0.00364	0.00069	0.05032	0.00252	0.00239	0.81460
32	0.01985	0.02738	0.36346	0.01025	0.05117	0.00826	0.05180	0.01178	0.08691	0.01227	0.01015	0.05575	0.00884	0.07187	0.15514	0.00248	0.02969	0.00422	0.01356	0.00516
33	0.00589	0.00401	0.00455	0.00452	0.00469	0.00394	0.00265	0.00613	0.00668	0.00892	0.08958	0.02792	0.06295	0.73011	0.01851	0.00359	0.00368	0.00626	0.00275	0.00267
34	0.01190	0.68279	0.01948	0.00771	0.01099	0.14702	0.00721	0.05281	0.00941	0.01052	0.00601	0.00688	0.00536	0.00370	0.00288	0.00092	0.00488	0.00234	0.00193	0.00527
35	0.01178	0.70414	0.01970	0.00768	0.01093	0.16744	0.00719	0.01304	0.00895	0.00973	0.00582	0.00673	0.00527	0.00364	0.00283	0.00091	0.00494	0.00228	0.00182	0.00517
36	0.04849	0.13825	0.03666	0.00925	0.03482	0.13750	0.00759	0.34748	0.08723	0.08584	0.01003	0.01013	0.01950	0.00465	0.00378	0.00118	0.00470	0.00343	0.00335	0.00615
37	0.00521	0.00400	0.00472	0.00504	0.00584	0.00362	0.00355	0.00640	0.02352	0.01165	0.15639	0.36506	0.32592	0.05257	0.00578	0.00161	0.00229	0.00947	0.00386	0.00348
38	0.00851	0.00730	0.00851	0.00608	0.00973	0.00547	0.00486	0.01034	0.00851	0.01338	0.00730	0.00851	0.00608	0.00304	0.00304	0.00061	0.00304	0.00243	0.00243	0.88083
39	0.01170	0.13694	0.06908	0.00867	0.01164	0.02418	0.00753	0.26178	0.34841	0.01800	0.01218	0.02275	0.00941	0.00566	0.02262	0.00138	0.00423	0.01402	0.00354	0.00627
40	0.03901	0.05630	0.19400	0.01148	0.03130	0.11181	0.19269	0.14371	0.04531	0.06226	0.02924	0.01072	0.02035	0.00431	0.00406	0.00124	0.00546	0.00376	0.00269	0.03032
41	0.01395	0.01305	0.06462	0.01304	0.19104	0.21237	0.00912	0.26639	0.03757	0.11233	0.00926	0.00988	0.00687	0.00449	0.00413	0.00121	0.01790	0.00347	0.00310	0.00623

[dist]
# distance from previous block
# <min> <max>
4	6

[block]
# block no. 3 follows, 65 sequences, length 9
# corresponding to MSA columns:
# 1017-1025
name=unknown_D
#
# <colnr> <probs for GDERKNQSTAVLIFYWHMCP>
#	G	D	E	R	K	N	Q	S	T	A	V	L	I	F	Y	W	H	M	C	P
0	0.10531	0.34159	0.06259	0.00888	0.02902	0.30610	0.00765	0.03389	0.00971	0.01158	0.02588	0.00780	0.00606	0.00406	0.00346	0.00106	0.02557	0.00263	0.00210	0.00506
1	0.00589	0.00402	0.00461	0.00461	0.00474	0.00403	0.00271	0.00606	0.00622	0.00826	0.01453	0.02687	0.06395	0.74606	0.07786	0.00401	0.00436	0.00602	0.00255	0.00263
2	0.00590	0.00424	0.00581	0.00581	0.00627	0.00470	0.00415	0.00682	0.00636	0.00895	0.01172	0.02012	0.01199	0.33737	0.53525	0.00562	0.00839	0.00498	0.00231	0.00323
3	0.09314	0.04247	0.21989	0.01519	0.30593	0.03271	0.05245	0.04323	0.02292	0.05752	0.04565	0.01047	0.00766	0.00409	0.00387	0.00123	0.00487	0.00353	0.00240	0.03079
4	0.00870	0.00577	0.00684	0.00608	0.00764	0.00577	0.00468	0.11132	0.09430	0.09337	0.39884	0.06554	0.07671	0.02743	0.00487	0.00136	0.00262	0.00637	0.06707	0.00473
5	0.00624	0.00411	0.00501	0.00524	0.00555	0.00402	0.00346	0.00676	0.00719	0.03354	0.04880	0.17925	0.01917	0.52653	0.01480	0.00308	0.00357	0.11761	0.00306	0.00301
6	0.29571	0.03971	0.01062	0.03008	0.09720	0.18242	0.02092	0.11264	0.05645	0.08728	0.00822	0.00892	0.00622	0.00420	0.00346	0.00120	0.00459	0.00303	0.00285	0.02428
7	0.00986	0.05514	0.04534	0.03113	0.46374	0.04185	0.03291	0.01223	0.02324	0.03719	0.00834	0.01078	0.00701	0.02335	0.08459	0.00172	0.00537	0.00357	0.00220	0.10045
8	0.00870	0.00504	0.00669	0.00620	0.00743	0.00523	0.00483	0.01049	0.03180	0.16530	0.11677	0.03710	0.03402	0.06409	0.28072	0.00320	0.03882	0.03738	0.13181	0.00437

[dist]
# distance from previous block
# <min> <max>
0	1

[block]
# block no. 4 follows, 65 sequences, length 9
# corresponding to MSA columns:
# 1027-1035
name=unknown_E
#
# <colnr> <probs for GDERKNQSTAVLIFYWHMCP>
#	G	D	E	R	K	N	Q	S	T	A	V	L	I	F	Y	W	H	M	C	P
0	0.02804	0.13670	0.25319	0.03091	0.20704	0.09462	0.04410	0.03281	0.03571	0.02732	0.05307	0.01025	0.00779	0.00420	0.00396	0.00121	0.01768	0.00343	0.00223	0.00574
1	0.00758	0.11029	0.10976	0.24029	0.01460	0.00777	0.00800	0.03107	0.02140	0.02542	0.03927	0.26891	0.03154	0.00794	0.02479	0.00153	0.00426	0.03828	0.00278	0.00449
2	0.01533	0.01956	0.01163	0.01058	0.01269	0.83926	0.00793	0.01639	0.01163	0.01005	0.00635	0.00740	0.00529	0.00423	0.00370	0.00106	0.00740	0.00264	0.00212	0.00476
3	0.06542	0.00889	0.01048	0.00808	0.01126	0.00896	0.00667	0.34673	0.01459	0.45614	0.01301	0.01187	0.00854	0.00495	0.00403	0.00125	0.00390	0.00384	0.00454	0.00684
4	0.00771	0.00725	0.01214	0.69870	0.02526	0.00887	0.03999	0.01028	0.00828	0.01068	0.00932	0.01388	0.03712	0.00486	0.00469	0.00142	0.04489	0.04814	0.00201	0.00451
5	0.00704	0.00360	0.00528	0.00528	0.00528	0.00360	0.00348	0.00539	0.00539	0.00719	0.00757	0.01356	0.00771	0.07738	0.01641	0.81482	0.00360	0.00375	0.00184	0.00184
6	0.01511	0.01145	0.01188	0.00926	0.01238	0.04513	0.00759	0.72619	0.05014	0.02454	0.01010	0.01016	0.00725	0.00492	0.00405	0.00122	0.00449	0.00370	0.03366	0.00677
7	0.00885	0.06565	0.56172	0.01045	0.01519	0.07138	0.02795	0.01285	0.03364	0.02727	0.07345	0.02648	0.02413	0.00473	0.00399	0.00128	0.00545	0.01767	0.00223	0.00563
8	0.01037	0.01003	0.01562	0.07920	0.59046	0.05334	0.05597	0.06851	0.01010	0.01378	0.00939	0.01148	0.04499	0.00411	0.00413	0.00124	0.00501	0.00391	0.00225	0.00611

[dist]
# distance from previous block
# <min> <max>
0	1

[block]
# block no. 5 follows, 65 sequences, length 121
# corresponding to MSA columns:
# 1037-1157
name=unknown_F
#
# <colnr> <probs for GDERKNQSTAVLIFYWHMCP>
#	G	D	E	R	K	N	Q	S	T	A	V	L	I	F	Y	W	H	M	C	P
0	0.00973	0.00895	0.01400	0.11114	0.37235	0.00916	0.07843	0.06243	0.11946	0.01418	0.00991	0.04692	0.00835	0.00449	0.00412	0.00124	0.00456	0.01918	0.00258	0.09882
1	0.02150	0.01094	0.01054	0.03024	0.08280	0.22869	0.02009	0.04722	0.02723	0.02511	0.00833	0.01969	0.00716	0.00423	0.00386	0.00098	0.02674	0.04132	0.00250	0.38083
2	0.00616	0.00429	0.00555	0.00521	0.00628	0.00393	0.00395	0.00802	0.01142	0.04163	0.73073	0.03109	0.09234	0.00849	0.00484	0.00131	0.00203	0.02432	0.00447	0.00394
3	0.00851	0.00730	0.00851	0.00608	0.00973	0.00547	0.00486	0.01034	0.00851	0.01338	0.00730	0.00851	0.00608	0.00304	0.00304	0.00061	0.00304	0.00243	0.00243	0.88083
4	0.00879	0.00841	0.04233	0.06208	0.25872	0.00807	0.13119	0.09063	0.01917	0.01379	0.05676	0.22559	0.01356	0.01654	0.00482	0.00141	0.01366	0.00608	0.00284	0.01556
5	0.00514	0.00367	0.00468	0.00543	0.00571	0.00344	0.00357	0.00577	0.00767	0.01014	0.02242	0.67549	0.07811	0.13917	0.00756	0.00200	0.00260	0.01062	0.00361	0.00322
6	0.88473	0.00794	0.00603	0.00540	0.00794	0.00921	0.00445	0.01207	0.00699	0.01842	0.00572	0.00667	0.00445	0.00381	0.00254	0.00127	0.00318	0.00222	0.00254	0.00445
7	0.26755	0.37017	0.03691	0.00760	0.01058	0.19126	0.01726	0.01338	0.01816	0.02646	0.00623	0.00713	0.00521	0.00381	0.00294	0.00106	0.00474	0.00242	0.00215	0.00499
8	0.00954	0.11658	0.21786	0.00786	0.01161	0.02177	0.00792	0.05570	0.00958	0.07618	0.03510	0.03577	0.05974	0.00475	0.00367	0.00105	0.00407	0.02961	0.00269	0.28895
9	0.02256	0.33288	0.03131	0.00895	0.02224	0.35989	0.00746	0.04482	0.03247	0.02546	0.00703	0.00844	0.00606	0.03188	0.02363	0.00126	0.02364	0.00278	0.00217	0.00506
10	0.01394	0.04757	0.03691	0.00858	0.01159	0.01047	0.00719	0.35392	0.23425	0.18401	0.01313	0.02994	0.00961	0.00528	0.00410	0.00129	0.00396	0.01350	0.00413	0.00663
11	0.01178	0.02561	0.05175	0.00963	0.07546	0.02499	0.01629	0.31186	0.12251	0.03308	0.02981	0.01068	0.00812	0.00438	0.00380	0.00108	0.00404	0.00350	0.00330	0.24834
12	0.00775	0.00729	0.01222	0.79849	0.05184	0.00899	0.01121	0.01043	0.00827	0.01059	0.00823	0.01169	0.02764	0.00426	0.00412	0.00136	0.00536	0.00378	0.00188	0.00459
13	0.00995	0.21755	0.44450	0.01042	0.01517	0.03811	0.06862	0.06159	0.02458	0.04000	0.00847	0.00943	0.02603	0.00408	0.00371	0.00120	0.00544	0.00319	0.00213	0.00583
14	0.01012	0.06289	0.18120	0.02656	0.22392	0.06043	0.13322	0.01307	0.04013	0.05072	0.00809	0.01025	0.00650	0.02259	0.01436	0.00144	0.12300	0.00367	0.00217	0.00569
15	0.00581	0.00420	0.00549	0.00516	0.00613	0.00387	0.00387	0.00775	0.01162	0.01646	0.82797	0.03066	0.03873	0.00839	0.00484	0.00129	0.00194	0.00742	0.00452	0.00387
16	0.00902	0.19177	0.64247	0.01071	0.01613	0.03743	0.01328	0.01296	0.00869	0.01222	0.00700	0.00820	0.00522	0.00383	0.00364	0.00121	0.00577	0.00285	0.00175	0.00586
17	0.00963	0.01043	0.06487	0.31795	0.29810	0.09491	0.02863	0.02755	0.00910	0.01199	0.00746	0.01018	0.00598	0.00450	0.01552	0.00137	0.05533	0.00355	0.01758	0.00538
18	0.00597	0.00398	0.00448	0.00448	0.00448	0.00398	0.00249	0.00597	0.00597	0.00796	0.01293	0.02686	0.01492	0.85574	0.02089	0.00398	0.00398	0.00597	0.00249	0.00249
19	0.00586	0.00440	0.00660	0.00660	0.00733	0.00513	0.00513	0.00733	0.00660	0.00953	0.01100	0.01613	0.01026	0.03079	0.83947	0.00660	0.01100	0.00440	0.00220	0.00367
20	0.01430	0.11455	0.01260	0.02690	0.02599	0.16264	0.00748	0.37829	0.05528	0.10711	0.01023	0.03825	0.00793	0.00498	0.00392	0.00119	0.00480	0.01395	0.00347	0.00612
21	0.00631	0.00422	0.00474	0.00465	0.00479	0.00427	0.00271	0.03147	0.00645	0.00870	0.01281	0.02591	0.01450	0.79733	0.03351	0.00387	0.00407	0.00583	0.02117	0.00268
22	0.00713	0.00357	0.00535	0.00535	0.00535	0.00357	0.00357	0.00535	0.00535	0.00713	0.00713	0.01248	0.00713	0.01426	0.01604	0.88057	0.00357	0.00357	0.00178	0.00178
23	0.00587	0.00437	0.00646	0.00646	0.00714	0.00506	0.00496	0.00724	0.00656	0.00943	0.01112	0.01683	0.01057	0.08517	0.78551	0.00642	0.01053	0.00450	0.00222	0.00359
24	0.05154	0.41496	0.13854	0.00875	0.01222	0.22901	0.00841	0.07219	0.00999	0.01184	0.00642	0.00735	0.00535	0.00387	0.00320	0.00103	0.00538	0.00255	0.00205	0.00534
25	0.00597	0.00398	0.00448	0.00448	0.00448	0.00398	0.00249	0.00597	0.00597	0.00796	0.01293	0.02686	0.01492	0.85574	0.02089	0.00398	0.00398	0.00597	0.00249	0.00249
26	0.00987	0.22080	0.26556	0.01397	0.19865	0.03722	0.11482	0.03625	0.00939	0.01271	0.03870	0.00964	0.00698	0.00391	0.00379	0.00118	0.00534	0.00338	0.00204	0.00580
27	0.01560	0.01150	0.01232	0.00944	0.01273	0.01273	0.00780	0.81645	0.01930	0.02587	0.00986	0.00986	0.00698	0.00493	0.00411	0.00123	0.00452	0.00370	0.00411	0.00698
28	0.00713	0.00357	0.00535	0.00535	0.00535	0.00357	0.00357	0.00535	0.00535	0.00713	0.00713	0.01248	0.00713	0.01426	0.01604	0.88057	0.00357	0.00357	0.00178	0.00178
29	0.00775	0.00730	0.01231	0.84587	0.02827	0.00912	0.01140	0.01049	0.00821	0.01049	0.00730	0.01094	0.00547	0.00410	0.00410	0.00137	0.00547	0.00365	0.00182	0.00456
30	0.00831	0.04375	0.81260	0.01157	0.01757	0.00971	0.01495	0.01298	0.00866	0.01291	0.00732	0.00861	0.00520	0.00389	0.00387	0.00129	0.00602	0.00301	0.00173	0.00605
31	0.00591	0.00422	0.00570	0.00570	0.00612	0.00464	0.00401	0.00675	0.00633	0.00886	0.01182	0.02069	0.01224	0.38132	0.49165	0.00548	0.00801	0.00507	0.00232	0.00316
32	0.01560	0.01150	0.01232	0.00944	0.01273	0.01273	0.00780	0.81645	0.01930	0.02587	0.00986	0.00986	0.00698	0.00493	0.00411	0.00123	0.00452	0.00370	0.00411	0.00698
33	0.00586	0.00440	0.00660	0.00660	0.00733	0.00513	0.00513	0.00733	0.00660	0.00953	0.01100	0.01613	0.01026	0.03079	0.83947	0.00660	0.01100	0.00440	0.00220	0.00367
34	0.00643	0.02220	0.17703	0.00753	0.00925	0.03721	0.02817	0.00807	0.00819	0.01099	0.01759	0.52227	0.02871	0.01073	0.02816	0.02819	0.00381	0.03833	0.00313	0.00402
35	0.01097	0.85821	0.02151	0.00702	0.01054	0.01624	0.00702	0.01229	0.00834	0.00966	0.00571	0.00658	0.00527	0.00351	0.00263	0.00088	0.00439	0.00219	0.00176	0.00527
36	0.00856	0.05306	0.77848	0.01145	0.01734	0.00989	0.01463	0.03720	0.00897	0.01326	0.00738	0.00862	0.00526	0.00392	0.00386	0.00128	0.00596	0.00302	0.00181	0.00606
37	0.00829	0.03864	0.81756	0.01160	0.01762	0.00967	0.01500	0.01298	0.00866	0.01293	0.00733	0.00862	0.00520	0.00389	0.00387	0.00129	0.00603	0.00302	0.00173	0.00605
38	0.01090	0.53449	0.25545	0.00840	0.01262	0.01332	0.00928	0.01324	0.00876	0.08963	0.00719	0.00790	0.00572	0.00377	0.00314	0.00104	0.00479	0.00262	0.00207	0.00566
39	0.01040	0.00957	0.01625	0.05023	0.77354	0.00959	0.01231	0.01282	0.00940	0.04477	0.00803	0.01033	0.00661	0.00373	0.00407	0.00123	0.00484	0.00368	0.00214	0.00646
40	0.00894	0.21337	0.61603	0.01114	0.04728	0.01109	0.01319	0.01282	0.00862	0.01225	0.00700	0.00824	0.00527	0.00380	0.00361	0.00120	0.00564	0.00286	0.00175	0.00590
41	0.01178	0.01029	0.01493	0.08503	0.41689	0.02231	0.05096	0.27354	0.04375	0.01730	0.00873	0.01033	0.00677	0.00418	0.00412	0.00125	0.00488	0.00375	0.00277	0.00643
42	0.75145	0.00741	0.00588	0.00527	0.00764	0.00846	0.00430	0.01201	0.00733	0.04357	0.00697	0.00794	0.00536	0.00397	0.00263	0.00123	0.00303	0.00248	0.10862	0.00445
43	0.01041	0.01058	0.02161	0.01584	0.03085	0.01015	0.65819	0.05558	0.02378	0.06040	0.00925	0.01212	0.00705	0.00398	0.00500	0.00139	0.02959	0.02614	0.00243	0.00565
44	0.02738	0.82692	0.02095	0.00699	0.01043	0.01591	0.00694	0.01220	0.00828	0.00982	0.00580	0.00676	0.00534	0.00400	0.01757	0.00099	0.00448	0.00223	0.00178	0.00522
45	0.00775	0.00730	0.01231	0.84587	0.02827	0.00912	0.01140	0.01049	0.00821	0.01049	0.00730	0.01094	0.00547	0.00410	0.00410	0.00137	0.00547	0.00365	0.00182	0.00456
46	0.00967	0.48097	0.37031	0.00900	0.01355	0.01309	0.01045	0.01246	0.00847	0.01111	0.00677	0.02508	0.00569	0.00387	0.00323	0.00108	0.00507	0.00275	0.00179	0.00557
47	0.00826	0.01722	0.60287	0.01089	0.01575	0.00894	0.03450	0.01333	0.09842	0.01336	0.01048	0.01487	0.00868	0.00514	0.00421	0.00140	0.00545	0.11815	0.00231	0.00577
48	0.00775	0.00730	0.01231	0.84587	0.02827	0.00912	0.01140	0.01049	0.00821	0.01049	0.00730	0.01094	0.00547	0.00410	0.00410	0.00137	0.00547	0.00365	0.00182	0.00456
49	0.00854	0.00810	0.01374	0.57616	0.29180	0.00933	0.01179	0.01118	0.00858	0.01145	0.00744	0.01069	0.00581	0.00396	0.00409	0.00132	0.00528	0.00365	0.00189	0.00520
50	0.00692	0.00372	0.00557	0.00560	0.00573	0.00384	0.00388	0.00573	0.00564	0.00763	0.00809	0.01388	0.00803	0.01676	0.14404	0.72274	0.00473	0.02343	0.00190	0.00213
51	0.00505	0.00416	0.00433	0.00429	0.00560	0.00353	0.00321	0.00623	0.00964	0.01192	0.14680	0.03772	0.70190	0.00999	0.00480	0.00136	0.00206	0.00838	0.02551	0.00353
52	0.00896	0.24451	0.61760	0.01045	0.01584	0.01132	0.01299	0.01281	0.00858	0.01211	0.00692	0.00811	0.00522	0.00380	0.00356	0.00119	0.00562	0.00281	0.00174	0.00585
53	0.01010	0.00969	0.01655	0.04712	0.80871	0.00974	0.01257	0.01254	0.00932	0.01333	0.00771	0.01018	0.00647	0.00367	0.00406	0.00122	0.00489	0.00366	0.00203	0.00645
54	0.00884	0.01066	0.10379	0.02792	0.18156	0.00903	0.42937	0.01181	0.00931	0.01277	0.01181	0.08287	0.07076	0.00487	0.00461	0.00137	0.00565	0.00526	0.00230	0.00543
55	0.01533	0.01956	0.01163	0.01058	0.01269	0.83926	0.00793	0.01639	0.01163	0.01005	0.00635	0.00740	0.00529	0.00423	0.00370	0.00106	0.00740	0.00264	0.00212	0.00476
56	0.00993	0.00952	0.01625	0.10297	0.75414	0.00969	0.01248	0.01240	0.00924	0.01313	0.00768	0.01023	0.00640	0.00370	0.00407	0.00123	0.00493	0.00366	0.00201	0.00632
57	0.01646	0.04002	0.01006	0.00746	0.01046	0.00683	0.02168	0.04822	0.05741	0.64873	0.07594	0.01480	0.01204	0.00526	0.00414	0.00126	0.00350	0.00433	0.00477	0.00663
58	0.01114	0.03453	0.10839	0.00760	0.01017	0.06491	0.00680	0.01444	0.11885	0.24977	0.16336	0.03871	0.06694	0.00658	0.00437	0.00134	0.00371	0.07905	0.00392	0.00544
59	0.00775	0.00730	0.01231	0.84587	0.02827	0.00912	0.01140	0.01049	0.00821	0.01049	0.00730	0.01094	0.00547	0.00410	0.00410	0.00137	0.00547	0.00365	0.00182	0.00456
60	0.02688	0.00626	0.00839	0.00750	0.04076	0.00574	0.02542	0.02843	0.05219	0.41460	0.06673	0.16968	0.11501	0.00724	0.00445	0.00136	0.00317	0.00623	0.00437	0.00559
61	0.00985	0.00949	0.01636	0.12427	0.70936	0.00969	0.03602	0.01236	0.00922	0.01305	0.00769	0.01028	0.00637	0.00371	0.00409	0.00124	0.00501	0.00369	0.00201	0.00624
62	0.00756	0.00686	0.01129	0.44617	0.19459	0.00777	0.00967	0.00972	0.00832	0.01109	0.01114	0.21172	0.01099	0.00683	0.02737	0.00155	0.00476	0.00558	0.00235	0.00466
63	0.01016	0.00975	0.01666	0.02520	0.83013	0.00975	0.01260	0.01260	0.00935	0.01341	0.00772	0.01016	0.00650	0.00366	0.00406	0.00122	0.00488	0.00366	0.00203	0.00650
64	0.01016	0.00975	0.01666	0.02520	0.83013	0.00975	0.01260	0.01260	0.00935	0.01341	0.00772	0.01016	0.00650	0.00366	0.00406	0.00122	0.00488	0.00366	0.00203	0.00650
65	0.00832	0.04647	0.80996	0.01156	0.01755	0.00974	0.01492	0.01298	0.00866	0.01290	0.00732	0.00860	0.00520	0.00389	0.00386	0.00129	0.00602	0.00301	0.00173	0.00604
66	0.00823	0.02123	0.83447	0.01170	0.01777	0.00953	0.01517	0.01300	0.00867	0.01300	0.00737	0.00867	0.00520	0.00390	0.00390	0.00130	0.00607	0.00303	0.00173	0.00607
67	0.02443	0.00553	0.00709	0.00768	0.00884	0.01933	0.00664	0.06972	0.01015	0.01336	0.02028	0.05626	0.02175	0.01062	0.00545	0.00181	0.00386	0.69941	0.00375	0.00404
68	0.01383	0.00812	0.01004	0.00814	0.01083	0.00826	0.03508	0.23401	0.13181	0.31095	0.07270	0.02679	0.02409	0.00592	0.00432	0.00133	0.00371	0.06462	0.01918	0.00625
69	0.00775	0.00730	0.01231	0.84587	0.02827	0.00912	0.01140	0.01049	0.00821	0.01049	0.00730	0.01094	0.00547	0.00410	0.00410	0.00137	0.00547	0.00365	0.00182	0.00456
70	0.00488	0.00415	0.00420	0.00420	0.00556	0.00347	0.00315	0.00593	0.00939	0.01121	0.06078	0.05025	0.79813	0.01038	0.00486	0.00139	0.00208	0.00867	0.00383	0.00347
71	0.00775	0.00730	0.01231	0.84587	0.02827	0.00912	0.01140	0.01049	0.00821	0.01049	0.00730	0.01094	0.00547	0.00410	0.00410	0.00137	0.00547	0.00365	0.00182	0.00456
72	0.02486	0.02439	0.01268	0.06714	0.01392	0.08581	0.10830	0.29836	0.16110	0.11987	0.01148	0.01168	0.01699	0.00478	0.00412	0.00127	0.00470	0.00398	0.01837	0.00619
73	0.00500	0.00357	0.00476	0.00572	0.00595	0.00333	0.00381	0.00572	0.00786	0.01048	0.02262	0.85306	0.02715	0.01286	0.00524	0.00167	0.00238	0.01167	0.00381	0.00333
74	0.00581	0.00420	0.00549	0.00516	0.00613	0.00387	0.00387	0.00775	0.01162	0.01646	0.82797	0.03066	0.03873	0.00839	0.00484	0.00129	0.00194	0.00742	0.00452	0.00387
75	0.01086	0.78936	0.07494	0.00739	0.01105	0.02922	0.00758	0.01241	0.00842	0.00988	0.00583	0.00674	0.00526	0.00355	0.00273	0.00091	0.00455	0.00226	0.00176	0.00531
76	0.00592	0.00448	0.00560	0.00623	0.00694	0.00445	0.00455	0.00826	0.11282	0.01174	0.03251	0.55045	0.08129	0.01146	0.00514	0.00164	0.00269	0.13613	0.00386	0.00383
77	0.01811	0.00692	0.00943	0.00725	0.01037	0.00598	0.00598	0.01970	0.01175	0.81281	0.03625	0.01438	0.01087	0.00516	0.00415	0.00127	0.00345	0.00421	0.00507	0.00691
78	0.00586	0.00440	0.00660	0.00660	0.00733	0.00513	0.00513	0.00733	0.00660	0.00953	0.01100	0.01613	0.01026	0.03079	0.83947	0.00660	0.01100	0.00440	0.00220	0.00367
79	0.04113	0.01658	0.06025	0.01073	0.05243	0.54151	0.00827	0.10553	0.02301	0.09136	0.00793	0.00860	0.00607	0.00435	0.00379	0.00113	0.00632	0.00299	0.00264	0.00540
80	0.01111	0.01142	0.00886	0.00823	0.00987	0.36672	0.01777	0.03205	0.01036	0.06873	0.01596	0.12763	0.12787	0.00791	0.03350	0.00149	0.03019	0.06928	0.03660	0.00445
81	0.01097	0.85821	0.02151	0.00702	0.01054	0.01624	0.00702	0.01229	0.00834	0.00966	0.00571	0.00658	0.00527	0.00351	0.00263	0.00088	0.00439	0.00219	0.00176	0.00527
82	0.00868	0.00755	0.00936	0.00807	0.09519	0.00592	0.00567	0.01057	0.00860	0.01338	0.00734	0.00868	0.00612	0.00310	0.00315	0.00067	0.00323	0.00256	0.00239	0.78975
83	0.00775	0.00730	0.01231	0.84587	0.02827	0.00912	0.01140	0.01049	0.00821	0.01049	0.00730	0.01094	0.00547	0.00410	0.00410	0.00137	0.00547	0.00365	0.00182	0.00456
84	0.00497	0.00414	0.00434	0.00435	0.00563	0.00351	0.00324	0.00611	0.00956	0.01171	0.13540	0.07359	0.69881	0.01026	0.00487	0.00139	0.00208	0.00864	0.00390	0.00351
85	0.00980	0.00750	0.01283	0.05065	0.15115	0.00717	0.19685	0.02892	0.01027	0.15063	0.17120	0.05990	0.06062	0.02698	0.00499	0.00141	0.00423	0.03631	0.00333	0.00524
86	0.00987	0.00899	0.01537	0.24916	0.54795	0.00943	0.03616	0.01238	0.00916	0.05053	0.00801	0.01058	0.00638	0.00384	0.00410	0.00127	0.00504	0.00371	0.00212	0.00596
87	0.00594	0.00399	0.00447	0.00447	0.00451	0.00396	0.00251	0.00597	0.00607	0.00806	0.01381	0.02725	0.03992	0.82977	0.02040	0.00390	0.00392	0.00605	0.00253	0.00252
88	0.00982	0.00979	0.01785	0.10587	0.57545	0.00982	0.18537	0.01250	0.00931	0.01306	0.00780	0.01043	0.00634	0.00366	0.00424	0.00127	0.00538	0.00391	0.00202	0.00610
89	0.00994	0.01150	0.03791	0.03785	0.09990	0.09215	0.57109	0.01293	0.00977	0.01268	0.00993	0.01220	0.05356	0.00398	0.00461	0.00133	0.00643	0.00466	0.00216	0.00542
90	0.00898	0.14973	0.62266	0.01137	0.01682	0.01058	0.08275	0.01304	0.00876	0.02838	0.00736	0.00865	0.00540	0.00382	0.00379	0.00124	0.00583	0.00308	0.00183	0.00591
91	0.00992	0.53493	0.33551	0.00883	0.01333	0.01365	0.01017	0.01257	0.00847	0.01095	0.00635	0.00739	0.00524	0.00366	0.00312	0.00104	0.00504	0.00252	0.00175	0.00558
92	0.00980	0.00942	0.01620	0.09500	0.71365	0.00955	0.03742	0.01225	0.00922	0.01307	0.00810	0.03293	0.00696	0.00394	0.00412	0.00125	0.00492	0.00391	0.00206	0.00622
93	0.01027	0.52788	0.27244	0.00874	0.01295	0.03599	0.02420	0.01269	0.00862	0.02821	0.00680	0.02232	0.00575	0.00385	0.00317	0.00104	0.00498	0.00272	0.00187	0.00551
94	0.00984	0.00914	0.03208	0.29776	0.48203	0.00951	0.01181	0.04304	0.00943	0.04458	0.00798	0.01053	0.00629	0.00392	0.00408	0.00127	0.00503	0.00366	0.00215	0.00588
95	0.01012	0.00971	0.01658	0.03980	0.81586	0.00974	0.01258	0.01256	0.00933	0.01336	0.00771	0.01017	0.00648	0.00367	0.00406	0.00122	0.00489	0.00366	0.00203	0.00647
96	0.00811	0.00717	0.06219	0.00768	0.00929	0.05159	0.06418	0.01071	0.10172	0.09306	0.02974	0.43874	0.05041	0.00930	0.00480	0.00151	0.00347	0.03819	0.00363	0.00450
97	0.01821	0.00727	0.02593	0.00739	0.01062	0.00610	0.00621	0.01987	0.01169	0.81668	0.01602	0.01387	0.01006	0.00506	0.00412	0.00127	0.00354	0.00411	0.00501	0.00697
98	0.01436	0.00639	0.00882	0.00705	0.00961	0.00565	0.03278	0.03263	0.01148	0.55441	0.16330	0.06249	0.05972	0.00631	0.00438	0.00130	0.00322	0.00538	0.00472	0.00600
99	0.01012	0.00971	0.01658	0.03976	0.81590	0.00974	0.01258	0.01256	0.00933	0.01336	0.00771	0.01017	0.00648	0.00367	0.00406	0.00122	0.00489	0.00366	0.00203	0.00647
100	0.00858	0.00829	0.01460	0.48126	0.26039	0.00922	0.09972	0.01124	0.00871	0.01166	0.00815	0.03440	0.00670	0.00424	0.00423	0.00134	0.00535	0.01476	0.00199	0.00519
101	0.01842	0.00699	0.00953	0.00730	0.01048	0.00603	0.00603	0.02000	0.01175	0.83298	0.01619	0.01397	0.01016	0.00508	0.00413	0.00127	0.00349	0.00413	0.00508	0.00699
102	0.01055	0.00986	0.01631	0.18712	0.66186	0.01010	0.01265	0.01279	0.00968	0.01365	0.00852	0.01151	0.00713	0.00433	0.00445	0.00141	0.00528	0.00394	0.00230	0.00655
