[name]
unknown

[dist]
# distance from previous block
# <min> <max>
2	186

[block]
# block no. 0 follows, 54 sequences, length 22
# corresponding to MSA columns:
# 203-224
name=unknown_A
#
# <colnr> <probs for GDERKNQSTAVLIFYWHMCP>
#	G	D	E	R	K	N	Q	S	T	A	V	L	I	F	Y	W	H	M	C	P
0	0.04578	0.00559	0.00660	0.00645	0.00759	0.00545	0.00456	0.03228	0.05579	0.06916	0.12132	0.28746	0.07223	0.17282	0.00929	0.02418	0.00331	0.00862	0.02819	0.03333
1	0.03601	0.00515	0.00611	0.00619	0.00712	0.00509	0.00441	0.03745	0.01008	0.03641	0.11697	0.31881	0.12264	0.11710	0.03306	0.00220	0.02111	0.00913	0.10075	0.00422
2	0.02663	0.00632	0.02413	0.00661	0.00810	0.03045	0.00505	0.02786	0.02710	0.10460	0.04689	0.23862	0.20230	0.07154	0.03321	0.01153	0.00363	0.03611	0.08463	0.00467
3	0.03499	0.00477	0.00557	0.00591	0.00669	0.00456	0.00406	0.00794	0.03352	0.01336	0.13576	0.35951	0.16885	0.15260	0.00871	0.00220	0.00296	0.01005	0.03404	0.00395
4	0.00869	0.00592	0.00768	0.00711	0.00847	0.00573	0.03664	0.08111	0.01115	0.06088	0.14389	0.25450	0.08327	0.10599	0.03444	0.02145	0.00372	0.02416	0.07131	0.02390
5	0.05247	0.00779	0.00915	0.00806	0.00998	0.02484	0.04132	0.18428	0.04490	0.04988	0.07727	0.19105	0.08758	0.05821	0.03608	0.02904	0.00422	0.02112	0.05745	0.00530
6	0.04197	0.00767	0.03758	0.06391	0.01280	0.00720	0.14640	0.03287	0.02745	0.04488	0.05494	0.26654	0.05016	0.03400	0.00586	0.00168	0.01953	0.00774	0.11252	0.02431
7	0.00728	0.00576	0.00653	0.00635	0.00746	0.04103	0.01980	0.00838	0.00980	0.01308	0.12843	0.23902	0.16524	0.15038	0.00899	0.03709	0.00338	0.01863	0.05295	0.07041
8	0.04141	0.16433	0.04030	0.03335	0.03495	0.07156	0.09165	0.09559	0.05428	0.01544	0.04737	0.04657	0.01053	0.00719	0.03328	0.04129	0.05930	0.01544	0.02783	0.06833
9	0.02487	0.05609	0.04015	0.02501	0.02552	0.03265	0.04850	0.06418	0.08847	0.02783	0.07882	0.06022	0.08918	0.02744	0.13047	0.00248	0.02265	0.04853	0.06518	0.04176
10	0.08760	0.00878	0.00996	0.00848	0.02759	0.03032	0.00663	0.19478	0.03778	0.24146	0.19839	0.01957	0.04533	0.00730	0.02096	0.00156	0.00403	0.00545	0.03753	0.00649
11	0.02585	0.06049	0.17073	0.05727	0.06234	0.12854	0.10361	0.09816	0.02655	0.06264	0.01198	0.03589	0.04990	0.00595	0.01377	0.00154	0.05860	0.00456	0.01533	0.00629
12	0.06995	0.00910	0.01029	0.00824	0.01128	0.00936	0.00671	0.27013	0.05405	0.29285	0.01480	0.01439	0.01029	0.00564	0.00431	0.00137	0.00396	0.00440	0.19187	0.00702
13	0.01167	0.00942	0.02783	0.00893	0.01153	0.01008	0.00710	0.05954	0.53514	0.08086	0.06286	0.06678	0.07288	0.00733	0.00495	0.00159	0.00366	0.00616	0.00478	0.00690
14	0.01015	0.01006	0.01397	0.03070	0.01262	0.01389	0.01005	0.01162	0.03198	0.01167	0.00816	0.01187	0.03544	0.00825	0.01453	0.00202	0.75122	0.00438	0.00223	0.00519
15	0.00576	0.00452	0.00521	0.00560	0.00662	0.00397	0.00398	0.00692	0.01035	0.01312	0.11972	0.35015	0.42174	0.01280	0.00574	0.00171	0.00251	0.01114	0.00446	0.00397
16	0.01269	0.06690	0.01583	0.06949	0.17978	0.01256	0.08105	0.16324	0.31038	0.01917	0.01311	0.01373	0.00999	0.00531	0.00470	0.00148	0.00504	0.00465	0.00368	0.00722
17	0.86760	0.00912	0.00693	0.00620	0.00912	0.01058	0.00511	0.01386	0.00802	0.02115	0.00657	0.00766	0.00511	0.00438	0.00292	0.00146	0.00365	0.00255	0.00292	0.00511
18	0.01261	0.08201	0.06087	0.01137	0.05131	0.01233	0.06378	0.13053	0.43610	0.04089	0.03790	0.01524	0.01224	0.00578	0.00468	0.00150	0.00459	0.00487	0.00414	0.00724
19	0.00709	0.00449	0.00532	0.00532	0.00532	0.00449	0.00307	0.00673	0.00673	0.00898	0.01369	0.02796	0.01557	0.69084	0.02302	0.15510	0.00449	0.00637	0.00272	0.00272
20	0.01420	0.12229	0.05240	0.05611	0.09521	0.27467	0.04084	0.11674	0.03595	0.03403	0.03754	0.01109	0.00830	0.00526	0.00531	0.00138	0.07576	0.00383	0.00285	0.00623
21	0.01229	0.01050	0.01088	0.00954	0.01228	0.03529	0.00747	0.11265	0.61821	0.02049	0.06235	0.01740	0.01493	0.00638	0.00478	0.00154	0.00395	0.00525	0.00469	0.02913

[dist]
# distance from previous block
# <min> <max>
1	2

[block]
# block no. 1 follows, 54 sequences, length 19
# corresponding to MSA columns:
# 227-245
name=unknown_B
#
# <colnr> <probs for GDERKNQSTAVLIFYWHMCP>
#	G	D	E	R	K	N	Q	S	T	A	V	L	I	F	Y	W	H	M	C	P
0	0.03298	0.47904	0.33201	0.01022	0.01534	0.03347	0.01169	0.01454	0.00977	0.01286	0.00732	0.00853	0.00600	0.00424	0.00362	0.00121	0.00584	0.00291	0.00204	0.00637
1	0.00686	0.00457	0.00514	0.00514	0.00514	0.00457	0.00286	0.00686	0.00686	0.00914	0.01486	0.03086	0.01714	0.83430	0.02400	0.00457	0.00457	0.00686	0.00286	0.00286
2	0.00684	0.00462	0.00538	0.00538	0.00547	0.00470	0.00316	0.00701	0.00693	0.00932	0.01464	0.02963	0.01661	0.75505	0.10251	0.00487	0.00537	0.00668	0.00282	0.00299
3	0.01048	0.01008	0.01773	0.17566	0.41062	0.01044	0.13324	0.02481	0.01048	0.01456	0.01075	0.08529	0.00968	0.00548	0.00518	0.00153	0.02340	0.01853	0.01565	0.00641
4	0.00681	0.00457	0.00524	0.00525	0.00534	0.00454	0.00303	0.00700	0.00742	0.00998	0.07517	0.05756	0.01969	0.74452	0.02200	0.00425	0.00433	0.00720	0.00308	0.00301
5	0.00578	0.00423	0.00543	0.00630	0.00679	0.00388	0.00428	0.00673	0.00949	0.01252	0.07351	0.68588	0.12962	0.01412	0.00594	0.00185	0.00266	0.01269	0.00442	0.00388
6	0.00972	0.00744	0.00792	0.00715	0.00914	0.04028	0.00562	0.11849	0.07276	0.07163	0.15669	0.05011	0.34034	0.00963	0.00552	0.00158	0.01746	0.05867	0.00457	0.00526
7	0.01167	0.01120	0.01914	0.02894	0.80488	0.01120	0.01447	0.01447	0.01074	0.01540	0.00887	0.01167	0.00747	0.00420	0.00467	0.00140	0.00560	0.00420	0.00233	0.00747
8	0.00686	0.00457	0.00514	0.00514	0.00514	0.00457	0.00286	0.00686	0.00686	0.00914	0.01486	0.03086	0.01714	0.83430	0.02400	0.00457	0.00457	0.00686	0.00286	0.00286
9	0.83626	0.00927	0.00720	0.00637	0.00932	0.01073	0.00525	0.04246	0.00855	0.02147	0.00674	0.00779	0.00521	0.00442	0.00298	0.00146	0.00370	0.00262	0.00298	0.00521
10	0.00683	0.00460	0.00528	0.00524	0.00537	0.00456	0.00305	0.00710	0.00764	0.01032	0.10981	0.03138	0.02044	0.73487	0.02178	0.00420	0.00429	0.00706	0.00314	0.00305
11	0.01093	0.01239	0.02453	0.01825	0.04584	0.05249	0.64656	0.01445	0.01119	0.01469	0.01319	0.01571	0.08604	0.00482	0.00547	0.00157	0.00736	0.00583	0.00258	0.00611
12	0.01154	0.01115	0.01929	0.05895	0.74442	0.01120	0.04505	0.01440	0.01070	0.01526	0.00888	0.01175	0.00741	0.00421	0.00471	0.00141	0.00572	0.00425	0.00233	0.00734
13	0.01370	0.00969	0.01072	0.00934	0.01221	0.01072	0.00735	0.02462	0.63238	0.18488	0.01907	0.01727	0.01382	0.00628	0.00479	0.00157	0.00379	0.00521	0.00502	0.00758
14	0.01190	0.54597	0.27671	0.00981	0.01477	0.01576	0.01103	0.01470	0.00984	0.04097	0.00760	0.00864	0.00623	0.00424	0.00355	0.00118	0.00562	0.00291	0.00215	0.00642
15	0.04038	0.00813	0.01234	0.30070	0.08507	0.00871	0.05835	0.05572	0.01092	0.04422	0.09443	0.10145	0.07340	0.00676	0.00507	0.00151	0.01743	0.00597	0.00322	0.06621
16	0.01058	0.01015	0.01386	0.01176	0.01254	0.01330	0.03180	0.04319	0.08950	0.01326	0.00869	0.04255	0.00813	0.00786	0.01273	0.00190	0.61420	0.00459	0.00258	0.04685
17	0.01128	0.01056	0.02600	0.21425	0.03526	0.06545	0.09734	0.15610	0.06173	0.01625	0.01312	0.01564	0.06868	0.03477	0.06882	0.00205	0.03947	0.00485	0.00308	0.05532
18	0.02936	0.01191	0.11730	0.08500	0.03068	0.00962	0.29358	0.03737	0.01080	0.06522	0.01053	0.05891	0.00855	0.00479	0.00475	0.00137	0.00588	0.00481	0.00282	0.20677

[dist]
# distance from previous block
# <min> <max>
1	7

[block]
# block no. 2 follows, 54 sequences, length 11
# corresponding to MSA columns:
# 253-263
name=unknown_C
#
# <colnr> <probs for GDERKNQSTAVLIFYWHMCP>
#	G	D	E	R	K	N	Q	S	T	A	V	L	I	F	Y	W	H	M	C	P
0	0.00855	0.04898	0.00987	0.00887	0.04309	0.00796	0.02251	0.07328	0.00911	0.01266	0.02927	0.06251	0.01326	0.19467	0.35571	0.00478	0.08183	0.00565	0.00285	0.00458
1	0.86760	0.00912	0.00693	0.00620	0.00912	0.01058	0.00511	0.01386	0.00802	0.02115	0.00657	0.00766	0.00511	0.00438	0.00292	0.00146	0.00365	0.00255	0.00292	0.00511
2	0.00675	0.00498	0.00723	0.00723	0.00795	0.00570	0.00546	0.00819	0.00747	0.01069	0.01295	0.02030	0.01256	0.15073	0.70130	0.00714	0.01147	0.00531	0.00257	0.00401
3	0.00568	0.00478	0.00492	0.00488	0.00643	0.00402	0.00366	0.00697	0.01099	0.01331	0.11834	0.04443	0.73204	0.01173	0.00557	0.00158	0.00237	0.00982	0.00445	0.00402
4	0.00680	0.00478	0.00620	0.00620	0.00656	0.00514	0.00417	0.00753	0.00717	0.00992	0.01389	0.02551	0.01482	0.48798	0.36714	0.00587	0.00806	0.00607	0.00271	0.00344
5	0.86760	0.00912	0.00693	0.00620	0.00912	0.01058	0.00511	0.01386	0.00802	0.02115	0.00657	0.00766	0.00511	0.00438	0.00292	0.00146	0.00365	0.00255	0.00292	0.00511
6	0.01761	0.02247	0.01336	0.01215	0.01458	0.81537	0.00911	0.01883	0.01336	0.01154	0.00729	0.00850	0.00607	0.00486	0.00425	0.00121	0.00850	0.00304	0.00243	0.00547
7	0.00609	0.00475	0.00537	0.00528	0.00651	0.00420	0.00385	0.00752	0.01126	0.01457	0.31146	0.06720	0.43641	0.08603	0.00726	0.00184	0.00254	0.00928	0.00453	0.00404
8	0.01294	0.01073	0.01134	0.00984	0.01272	0.01229	0.00776	0.17415	0.64530	0.02167	0.01766	0.01637	0.01315	0.00625	0.00478	0.00156	0.00402	0.00512	0.00478	0.00757
9	0.09489	0.01134	0.01230	0.00966	0.01317	0.01223	0.00793	0.48952	0.07999	0.17092	0.01414	0.01356	0.03706	0.00586	0.00459	0.00145	0.00462	0.00447	0.00475	0.00757
10	0.01230	0.11227	0.03557	0.17496	0.22135	0.09187	0.02827	0.10304	0.09672	0.01580	0.00980	0.01171	0.00777	0.00544	0.02289	0.00151	0.00588	0.00399	0.00281	0.03605

[dist]
# distance from previous block
# <min> <max>
1	4

[block]
# block no. 3 follows, 54 sequences, length 18
# corresponding to MSA columns:
# 268-285
name=unknown_D
#
# <colnr> <probs for GDERKNQSTAVLIFYWHMCP>
#	G	D	E	R	K	N	Q	S	T	A	V	L	I	F	Y	W	H	M	C	P
0	0.01391	0.05827	0.06940	0.02290	0.06348	0.33599	0.02281	0.06816	0.07553	0.02860	0.02317	0.01207	0.03497	0.00622	0.02154	0.00153	0.10635	0.00396	0.00285	0.02829
1	0.00827	0.00588	0.00683	0.00674	0.02748	0.00613	0.00423	0.08743	0.04375	0.01209	0.01484	0.05852	0.01607	0.61140	0.06761	0.00411	0.00504	0.00660	0.00316	0.00383
2	0.01307	0.08300	0.01314	0.01056	0.07629	0.01136	0.00790	0.28177	0.10409	0.03921	0.09220	0.01476	0.01246	0.03823	0.00564	0.00144	0.03709	0.00452	0.00387	0.14939
3	0.02642	0.02822	0.01339	0.04916	0.02990	0.02996	0.16992	0.01231	0.01117	0.08265	0.28784	0.02102	0.02097	0.01050	0.10725	0.00230	0.08197	0.00604	0.00364	0.00537
4	0.01013	0.00904	0.01008	0.00837	0.03096	0.05777	0.00641	0.03129	0.05783	0.01505	0.01080	0.05598	0.00972	0.00732	0.06595	0.00150	0.03187	0.03003	0.00302	0.54688
5	0.04459	0.00501	0.00547	0.00537	0.00684	0.00446	0.00402	0.00802	0.01122	0.03455	0.23692	0.10264	0.49208	0.01109	0.00547	0.00158	0.00247	0.00940	0.00456	0.00424
6	0.01220	0.01036	0.01093	0.00969	0.01244	0.01195	0.00758	0.08366	0.73698	0.02049	0.01859	0.01711	0.01390	0.00634	0.00479	0.00159	0.00384	0.00525	0.00479	0.00751
7	0.00606	0.00423	0.00538	0.00617	0.00636	0.00404	0.00395	0.00665	0.00842	0.01123	0.02287	0.60726	0.02726	0.24409	0.01105	0.00266	0.00325	0.01157	0.00395	0.00356
8	0.01792	0.00750	0.01004	0.00794	0.01104	0.00664	0.00646	0.04470	0.01374	0.61247	0.18770	0.02004	0.01864	0.00665	0.00492	0.00146	0.00366	0.00554	0.00566	0.00725
9	0.00658	0.00479	0.00618	0.00588	0.00700	0.00440	0.00439	0.00869	0.01305	0.01831	0.73128	0.06075	0.09114	0.00994	0.00558	0.00150	0.00225	0.00877	0.00511	0.00440
10	0.00574	0.00410	0.00547	0.00657	0.00684	0.00383	0.00438	0.00657	0.00903	0.01204	0.02599	0.83122	0.03119	0.01477	0.00602	0.00191	0.00274	0.01340	0.00438	0.00383
11	0.01252	0.71269	0.04835	0.04077	0.01352	0.05332	0.02363	0.01424	0.00974	0.01135	0.00677	0.00802	0.00608	0.00418	0.00346	0.00108	0.01949	0.00273	0.00205	0.00601
12	0.00962	0.00911	0.01543	0.61803	0.23183	0.01066	0.01345	0.01267	0.00977	0.01291	0.00851	0.01234	0.00659	0.00458	0.00470	0.00153	0.00611	0.00419	0.00216	0.00581
13	0.19120	0.04770	0.03688	0.10868	0.04499	0.06599	0.00854	0.18346	0.04900	0.01850	0.03985	0.03181	0.00932	0.00805	0.07200	0.00198	0.05657	0.00417	0.00321	0.01811
14	0.01077	0.00919	0.01146	0.01014	0.01119	0.05091	0.00816	0.02722	0.11695	0.07379	0.01125	0.02659	0.00988	0.04041	0.21188	0.00335	0.35373	0.00474	0.00297	0.00543
15	0.00686	0.00457	0.00514	0.00514	0.00514	0.00457	0.00286	0.00686	0.00686	0.00914	0.01486	0.03086	0.01714	0.83430	0.02400	0.00457	0.00457	0.00686	0.00286	0.00286
16	0.00587	0.00428	0.00553	0.00629	0.00682	0.00394	0.00431	0.00694	0.00986	0.01316	0.14757	0.63258	0.10802	0.01371	0.00590	0.00182	0.00262	0.01232	0.00450	0.00394
17	0.03955	0.22903	0.49174	0.01153	0.01695	0.01303	0.01365	0.01430	0.00957	0.01389	0.00773	0.00929	0.00601	0.00464	0.00491	0.00139	0.07259	0.00324	0.00206	0.03492

[dist]
# distance from previous block
# <min> <max>
0	1

[block]
# block no. 4 follows, 54 sequences, length 6
# corresponding to MSA columns:
# 287-292
name=unknown_E
#
# <colnr> <probs for GDERKNQSTAVLIFYWHMCP>
#	G	D	E	R	K	N	Q	S	T	A	V	L	I	F	Y	W	H	M	C	P
0	0.00678	0.00489	0.00674	0.00674	0.00729	0.00544	0.00484	0.00788	0.00733	0.01032	0.01340	0.02278	0.01364	0.31146	0.54204	0.00654	0.00984	0.00568	0.00264	0.00374
1	0.00674	0.00505	0.00758	0.00758	0.00842	0.00589	0.00589	0.00842	0.00758	0.01095	0.01263	0.01852	0.01179	0.03536	0.81561	0.00758	0.01263	0.00505	0.00253	0.00421
2	0.33892	0.01136	0.03989	0.01508	0.25403	0.03938	0.04509	0.10500	0.01113	0.05748	0.00862	0.01015	0.00668	0.00468	0.00441	0.00146	0.03363	0.00360	0.00299	0.00644
3	0.01765	0.02133	0.01346	0.01199	0.01458	0.71637	0.00909	0.11406	0.01445	0.01379	0.00779	0.00885	0.00631	0.00496	0.00431	0.00124	0.00809	0.00319	0.00271	0.00578
4	0.01009	0.00901	0.01414	0.71649	0.03013	0.01102	0.01255	0.11393	0.01110	0.01436	0.00877	0.01241	0.00651	0.00484	0.00471	0.00155	0.00614	0.00420	0.00244	0.00560
5	0.03592	0.08381	0.01213	0.00933	0.01176	0.06369	0.00750	0.21876	0.21959	0.01936	0.08799	0.07154	0.01499	0.03702	0.00619	0.00164	0.06335	0.02504	0.00406	0.00635

[dist]
# distance from previous block
# <min> <max>
0	3

[block]
# block no. 5 follows, 54 sequences, length 22
# corresponding to MSA columns:
# 296-317
name=unknown_F
#
# <colnr> <probs for GDERKNQSTAVLIFYWHMCP>
#	G	D	E	R	K	N	Q	S	T	A	V	L	I	F	Y	W	H	M	C	P
0	0.00684	0.04066	0.00743	0.02158	0.00824	0.02705	0.02246	0.00828	0.01070	0.01369	0.19003	0.21081	0.34263	0.01166	0.02458	0.00176	0.03374	0.00939	0.00418	0.00430
1	0.01041	0.02757	0.05978	0.14293	0.02311	0.03291	0.02512	0.02695	0.03355	0.13455	0.04585	0.03268	0.09435	0.11112	0.14738	0.00291	0.00615	0.01515	0.00340	0.02413
2	0.03374	0.47556	0.04179	0.00955	0.01317	0.23733	0.00859	0.08276	0.01180	0.03655	0.00758	0.00847	0.00637	0.00448	0.00360	0.00114	0.00600	0.00291	0.00250	0.00612
3	0.01064	0.01014	0.01701	0.29359	0.49308	0.01093	0.01359	0.01347	0.01014	0.01413	0.00859	0.01186	0.00701	0.00450	0.00505	0.00146	0.03625	0.00415	0.00226	0.03215
4	0.01226	0.17131	0.37805	0.03794	0.04289	0.12254	0.01303	0.10900	0.01173	0.01534	0.00822	0.00963	0.00632	0.00474	0.00465	0.00138	0.03855	0.00341	0.00240	0.00661
5	0.01082	0.00999	0.11181	0.01188	0.09348	0.00828	0.08557	0.03149	0.10776	0.13071	0.07170	0.20571	0.03728	0.00817	0.00547	0.00164	0.02345	0.03476	0.00395	0.00609
6	0.02058	0.00807	0.01084	0.00835	0.01194	0.00706	0.00689	0.04484	0.01366	0.76067	0.01930	0.01682	0.03619	0.00602	0.00477	0.00146	0.00400	0.00489	0.00576	0.00790
7	0.00879	0.00439	0.00439	0.00439	0.00549	0.00439	0.00330	0.01099	0.00989	0.01758	0.01538	0.01758	0.01209	0.00549	0.00330	0.00110	0.00220	0.00439	0.86047	0.00439
8	0.01329	0.01142	0.01845	0.06474	0.17825	0.03948	0.25811	0.08805	0.12475	0.12097	0.01228	0.01410	0.00921	0.00501	0.00501	0.00152	0.00596	0.01904	0.00341	0.00698
9	0.02802	0.00779	0.01160	0.27377	0.04662	0.02729	0.04495	0.02610	0.00977	0.01330	0.06189	0.17353	0.01571	0.01034	0.06762	0.00217	0.09678	0.07475	0.00305	0.00495
10	0.00760	0.00543	0.00760	0.00868	0.00977	0.00543	0.00760	0.00977	0.01085	0.01411	0.02496	0.05319	0.02714	0.01303	0.00651	0.00217	0.00434	0.77315	0.00434	0.00434
11	0.00686	0.00457	0.00514	0.00514	0.00514	0.00457	0.00286	0.00686	0.00686	0.00914	0.01486	0.03086	0.01714	0.83430	0.02400	0.00457	0.00457	0.00686	0.00286	0.00286
12	0.05128	0.08886	0.06415	0.05680	0.06529	0.15841	0.10811	0.15130	0.01300	0.10725	0.00967	0.01092	0.00727	0.00499	0.00510	0.00140	0.05554	0.00392	0.00314	0.03358
13	0.01181	0.01142	0.01484	0.16889	0.23792	0.09347	0.03549	0.01745	0.24002	0.02961	0.01159	0.01324	0.00908	0.00539	0.00566	0.00154	0.07845	0.00446	0.00306	0.00661
14	0.00576	0.00427	0.00538	0.00619	0.00676	0.00389	0.00423	0.00673	0.00959	0.01254	0.07157	0.63850	0.17945	0.01396	0.00591	0.00183	0.00264	0.01248	0.00442	0.00389
15	0.03159	0.09163	0.01810	0.01548	0.12927	0.34681	0.17299	0.08256	0.04047	0.01482	0.00867	0.01030	0.00694	0.00462	0.00451	0.00134	0.00711	0.00386	0.00266	0.00627
16	0.02780	0.01023	0.04400	0.05048	0.13166	0.01006	0.16580	0.07357	0.12599	0.03102	0.07941	0.03970	0.01276	0.04345	0.03931	0.00188	0.04068	0.00529	0.00329	0.06365
17	0.01084	0.00867	0.01014	0.04130	0.05169	0.00943	0.00715	0.21133	0.18720	0.01892	0.07869	0.14932	0.12573	0.03155	0.00604	0.00168	0.03290	0.00710	0.00430	0.00603
18	0.01845	0.00904	0.01114	0.00870	0.01211	0.00870	0.00713	0.21572	0.03466	0.50482	0.05177	0.01766	0.06520	0.00637	0.00483	0.00146	0.00412	0.00514	0.00540	0.00759
19	0.00676	0.00495	0.00706	0.00706	0.00772	0.00561	0.00525	0.00809	0.00742	0.01056	0.01311	0.02116	0.01293	0.20599	0.64655	0.00694	0.01091	0.00544	0.00260	0.00392
20	0.01278	0.66677	0.05061	0.00892	0.01265	0.05695	0.00867	0.04683	0.01012	0.01206	0.00683	0.00808	0.00614	0.00450	0.00422	0.00114	0.07174	0.00278	0.00215	0.00607
21	0.01166	0.00985	0.07313	0.04331	0.03175	0.00848	0.00776	0.17204	0.04432	0.08067	0.13414	0.04587	0.01525	0.00631	0.00480	0.01372	0.00415	0.03645	0.00388	0.25247

[dist]
# distance from previous block
# <min> <max>
6	9

[block]
# block no. 6 follows, 54 sequences, length 9
# corresponding to MSA columns:
# 327-335
name=unknown_G
#
# <colnr> <probs for GDERKNQSTAVLIFYWHMCP>
#	G	D	E	R	K	N	Q	S	T	A	V	L	I	F	Y	W	H	M	C	P
0	0.01261	0.83713	0.02471	0.00807	0.01210	0.01866	0.00807	0.01412	0.00958	0.01109	0.00656	0.00756	0.00605	0.00403	0.00303	0.00101	0.00504	0.00252	0.00202	0.00605
1	0.00664	0.00468	0.00612	0.00629	0.00665	0.00496	0.00425	0.00741	0.00747	0.01028	0.01572	0.14945	0.01726	0.40318	0.32330	0.00531	0.00736	0.00718	0.00296	0.00352
2	0.00595	0.00427	0.00541	0.00616	0.00655	0.00399	0.00408	0.00675	0.00907	0.01202	0.06748	0.59914	0.09562	0.13981	0.00871	0.00227	0.00296	0.01185	0.00419	0.00373
3	0.00890	0.00838	0.01414	0.82296	0.03247	0.01048	0.01309	0.01205	0.00943	0.01205	0.00838	0.01257	0.00629	0.00471	0.00471	0.00157	0.00629	0.00419	0.00210	0.00524
4	0.00958	0.00922	0.01560	0.57875	0.15003	0.01106	0.04967	0.01250	0.00949	0.01264	0.00829	0.01221	0.00650	0.00496	0.00585	0.00160	0.09003	0.00425	0.00214	0.00563
5	0.00623	0.00480	0.00568	0.00546	0.00677	0.00426	0.00410	0.00803	0.01229	0.01640	0.49558	0.03935	0.35287	0.01058	0.00557	0.00153	0.00229	0.00911	0.00486	0.00426
6	0.00978	0.00838	0.00978	0.00698	0.01117	0.00629	0.00559	0.01187	0.00978	0.01536	0.00838	0.00978	0.00698	0.00349	0.00349	0.00070	0.00349	0.00279	0.00279	0.86312
7	0.00879	0.00439	0.00439	0.00439	0.00549	0.00439	0.00330	0.01099	0.00989	0.01758	0.01538	0.01758	0.01209	0.00549	0.00330	0.00110	0.00220	0.00439	0.86047	0.00439
8	0.01029	0.04296	0.03277	0.06295	0.04421	0.00779	0.03736	0.01308	0.04494	0.04256	0.01054	0.01183	0.03425	0.00416	0.00388	0.00095	0.00408	0.00348	0.00291	0.58502

[dist]
# distance from previous block
# <min> <max>
0	1

[block]
# block no. 7 follows, 54 sequences, length 7
# corresponding to MSA columns:
# 337-343
name=unknown_H
#
# <colnr> <probs for GDERKNQSTAVLIFYWHMCP>
#	G	D	E	R	K	N	Q	S	T	A	V	L	I	F	Y	W	H	M	C	P
0	0.55930	0.08134	0.01026	0.00793	0.01089	0.18376	0.00646	0.06516	0.01021	0.01881	0.00703	0.00807	0.00558	0.00453	0.00333	0.00137	0.00490	0.00276	0.00285	0.00545
1	0.06681	0.01587	0.29510	0.04695	0.27458	0.01141	0.13115	0.05001	0.01072	0.01599	0.00869	0.01094	0.00669	0.00448	0.00495	0.00149	0.03091	0.00405	0.00235	0.00685
2	0.00598	0.00429	0.00568	0.00640	0.00689	0.00399	0.00440	0.00716	0.01013	0.01379	0.22407	0.62814	0.03458	0.01346	0.00590	0.00180	0.00261	0.01216	0.00458	0.00399
3	0.00879	0.00439	0.00439	0.00439	0.00549	0.00439	0.00330	0.01099	0.00989	0.01758	0.01538	0.01758	0.01209	0.00549	0.00330	0.00110	0.00220	0.00439	0.86047	0.00439
4	0.01019	0.01056	0.12966	0.01206	0.14994	0.00788	0.03336	0.05114	0.01132	0.06035	0.12559	0.04070	0.08246	0.00624	0.00494	0.02156	0.00435	0.00517	0.00335	0.22917
5	0.01240	0.66177	0.14769	0.00915	0.01355	0.06377	0.00960	0.01452	0.00986	0.01172	0.00690	0.00799	0.00604	0.00415	0.00333	0.00110	0.00555	0.00270	0.00204	0.00616
6	0.00995	0.15238	0.68622	0.01259	0.01910	0.01216	0.01595	0.01480	0.00990	0.01433	0.00816	0.00958	0.00599	0.00441	0.00425	0.00142	0.00667	0.00333	0.00200	0.00682

[dist]
# distance from previous block
# <min> <max>
0	1

[block]
# block no. 8 follows, 54 sequences, length 35
# corresponding to MSA columns:
# 346-380
name=unknown_I
#
# <colnr> <probs for GDERKNQSTAVLIFYWHMCP>
#	G	D	E	R	K	N	Q	S	T	A	V	L	I	F	Y	W	H	M	C	P
0	0.01396	0.05968	0.02840	0.01132	0.09193	0.05259	0.00835	0.20630	0.19384	0.11826	0.02619	0.07019	0.01231	0.02378	0.00510	0.00152	0.00463	0.02250	0.00416	0.04500
1	0.01013	0.03865	0.01112	0.00831	0.02672	0.00738	0.05429	0.05949	0.02392	0.03888	0.06133	0.06080	0.06959	0.00544	0.00418	0.00104	0.00379	0.00464	0.00332	0.50698
2	0.08918	0.00829	0.03906	0.00803	0.00970	0.03325	0.02256	0.17642	0.02990	0.03482	0.00938	0.01313	0.00811	0.02667	0.01226	0.46337	0.00462	0.00406	0.00289	0.00429
3	0.01641	0.02017	0.01289	0.01170	0.01393	0.68608	0.00884	0.04773	0.01304	0.01223	0.00832	0.03926	0.00733	0.00674	0.04080	0.00156	0.04133	0.00360	0.00258	0.00544
4	0.00654	0.00481	0.00611	0.00579	0.00696	0.00439	0.00434	0.00863	0.01302	0.01814	0.70789	0.03649	0.13948	0.00993	0.00556	0.00150	0.00224	0.00871	0.00509	0.00439
5	0.00642	0.00484	0.00595	0.00575	0.00699	0.00437	0.00436	0.00837	0.01253	0.01702	0.56295	0.03880	0.24763	0.01042	0.00561	0.00154	0.00237	0.04483	0.00493	0.00432
6	0.01254	0.01142	0.01586	0.02079	0.48185	0.07420	0.01145	0.05506	0.05351	0.05556	0.02688	0.01215	0.00869	0.00454	0.00449	0.00129	0.00524	0.00408	0.00290	0.13751
7	0.48257	0.06454	0.02846	0.01001	0.04567	0.12397	0.07302	0.02858	0.00948	0.01764	0.00711	0.00870	0.00573	0.00472	0.00451	0.00145	0.07255	0.00312	0.00267	0.00552
8	0.01328	0.01323	0.01344	0.03663	0.01361	0.20316	0.00939	0.17999	0.01199	0.01532	0.00826	0.01098	0.00711	0.00946	0.08930	0.00225	0.35009	0.00399	0.00277	0.00575
9	0.01113	0.01272	0.02782	0.01987	0.02464	0.01192	0.78776	0.01510	0.01113	0.01510	0.00954	0.01272	0.00715	0.00397	0.00556	0.00159	0.00795	0.00556	0.00238	0.00636
10	0.00676	0.00453	0.00517	0.00526	0.00528	0.00451	0.00298	0.00683	0.00704	0.00938	0.01579	0.09767	0.01831	0.76588	0.02250	0.00435	0.00442	0.00740	0.00298	0.00294
11	0.01173	0.01013	0.01066	0.00960	0.01226	0.01173	0.00746	0.02505	0.79636	0.01972	0.01919	0.01759	0.01439	0.00640	0.00480	0.00160	0.00373	0.00533	0.00480	0.00746
12	0.00676	0.00495	0.00705	0.00705	0.00772	0.00561	0.00524	0.00808	0.00742	0.01056	0.01311	0.02117	0.01294	0.20709	0.64546	0.00693	0.01090	0.00544	0.00260	0.00392
13	0.00809	0.00708	0.03925	0.02804	0.04448	0.02631	0.00616	0.01147	0.09140	0.03154	0.53214	0.04791	0.07259	0.00877	0.00555	0.00151	0.02040	0.00760	0.00464	0.00507
14	0.00573	0.00477	0.00494	0.00490	0.00638	0.00405	0.00364	0.00698	0.01084	0.01319	0.11981	0.04380	0.69750	0.04491	0.00632	0.00170	0.00246	0.00969	0.00440	0.00398
15	0.01308	0.01334	0.06055	0.07978	0.09902	0.06538	0.30590	0.21843	0.04463	0.01864	0.01037	0.01292	0.00795	0.00488	0.00503	0.00151	0.00660	0.02212	0.00309	0.00679
16	0.01222	0.55538	0.11132	0.04524	0.01390	0.11131	0.00924	0.01418	0.01003	0.01169	0.00823	0.06264	0.00772	0.00492	0.00361	0.00117	0.00558	0.00349	0.00222	0.00590
17	0.00764	0.02103	0.06109	0.00763	0.00921	0.00619	0.05606	0.02220	0.06241	0.01342	0.10933	0.22711	0.08123	0.23596	0.01049	0.00243	0.00397	0.02026	0.00370	0.03865
18	0.09864	0.02669	0.01285	0.03270	0.14171	0.11346	0.05533	0.12785	0.03617	0.08102	0.01113	0.04561	0.00951	0.03150	0.01899	0.11759	0.00540	0.02481	0.00322	0.00581
19	0.01046	0.01556	0.24396	0.01725	0.02231	0.01145	0.51389	0.01467	0.01075	0.01507	0.04075	0.01276	0.00828	0.00450	0.00562	0.00158	0.03731	0.00505	0.00238	0.00641
20	0.01021	0.00837	0.00982	0.00704	0.01121	0.00631	0.00564	0.01229	0.00992	0.04546	0.00877	0.01002	0.00716	0.00358	0.00354	0.00073	0.00351	0.00287	0.00291	0.83065
21	0.01063	0.00902	0.01401	0.67940	0.02922	0.01090	0.01228	0.11839	0.01133	0.04659	0.00919	0.01254	0.00674	0.00489	0.00472	0.00155	0.00604	0.00422	0.00260	0.00573
22	0.00726	0.00489	0.00547	0.00535	0.00549	0.00494	0.00308	0.03551	0.00742	0.00990	0.01473	0.03014	0.01681	0.80394	0.02329	0.00446	0.00459	0.00676	0.00293	0.00305
23	0.00819	0.00410	0.00614	0.00614	0.00614	0.00410	0.00410	0.00614	0.00614	0.00819	0.00819	0.01433	0.00819	0.01638	0.01843	0.86282	0.00410	0.00410	0.00205	0.00205
24	0.00674	0.00505	0.00758	0.00758	0.00842	0.00589	0.00589	0.00842	0.00758	0.01095	0.01263	0.01852	0.01179	0.03536	0.81561	0.00758	0.01263	0.00505	0.00253	0.00421
25	0.00659	0.00487	0.00623	0.00636	0.00747	0.00451	0.00494	0.00849	0.01198	0.01621	0.43929	0.11647	0.17007	0.01122	0.00580	0.00168	0.00274	0.16601	0.00480	0.00429
26	0.01844	0.01237	0.01363	0.01045	0.01421	0.01339	0.00864	0.66597	0.02077	0.15487	0.01249	0.01208	0.00861	0.00569	0.00472	0.00142	0.00500	0.00432	0.00490	0.00802
27	0.00639	0.00460	0.00610	0.00707	0.00767	0.00439	0.00530	0.00763	0.00961	0.01260	0.02641	0.49061	0.07600	0.05569	0.00707	0.00211	0.00333	0.25917	0.00429	0.00396
28	0.00702	0.00519	0.00660	0.00618	0.00740	0.00495	0.00466	0.01001	0.06733	0.01896	0.74840	0.03400	0.04241	0.00942	0.00551	0.00149	0.00233	0.00831	0.00516	0.00466
29	0.02052	0.00904	0.01157	0.00887	0.01254	0.00843	0.00733	0.17275	0.01519	0.65598	0.01718	0.01512	0.01096	0.00580	0.00474	0.00145	0.00424	0.00464	0.00562	0.00802
30	0.00879	0.00439	0.00439	0.00439	0.00549	0.00439	0.00330	0.01099	0.00989	0.01758	0.01538	0.01758	0.01209	0.00549	0.00330	0.00110	0.00220	0.00439	0.86047	0.00439
31	0.00684	0.00519	0.00772	0.00766	0.00846	0.00611	0.00595	0.00847	0.00755	0.01092	0.01249	0.01857	0.01175	0.05295	0.77430	0.00735	0.03593	0.00507	0.00252	0.00421
32	0.00874	0.00825	0.01394	0.49004	0.02439	0.00982	0.09317	0.01125	0.00919	0.01216	0.01117	0.13487	0.01055	0.04335	0.00705	0.00181	0.09692	0.00582	0.00250	0.00503
33	0.01706	0.11314	0.01465	0.01166	0.01430	0.70651	0.00899	0.03750	0.01316	0.01194	0.00731	0.00847	0.00612	0.00479	0.00413	0.00120	0.00803	0.00301	0.00244	0.00559
34	0.01167	0.03658	0.14643	0.15705	0.06201	0.06980	0.04680	0.05532	0.16372	0.07186	0.03030	0.02829	0.02417	0.00587	0.00477	0.00151	0.00547	0.04752	0.00333	0.02755

[dist]
# distance from previous block
# <min> <max>
0	1

[block]
# block no. 9 follows, 54 sequences, length 10
# corresponding to MSA columns:
# 382-391
name=unknown_J
#
# <colnr> <probs for GDERKNQSTAVLIFYWHMCP>
#	G	D	E	R	K	N	Q	S	T	A	V	L	I	F	Y	W	H	M	C	P
0	0.01237	0.03882	0.01203	0.01108	0.06845	0.04295	0.00819	0.09297	0.57939	0.01948	0.01710	0.01744	0.01326	0.00632	0.00477	0.00156	0.00425	0.03791	0.00441	0.00726
1	0.00879	0.00439	0.00439	0.00439	0.00549	0.00439	0.00330	0.01099	0.00989	0.01758	0.01538	0.01758	0.01209	0.00549	0.00330	0.00110	0.00220	0.00439	0.86047	0.00439
2	0.01119	0.04349	0.22958	0.04839	0.18417	0.01181	0.24068	0.05629	0.09710	0.01614	0.01012	0.01205	0.00767	0.00454	0.00484	0.00150	0.00643	0.00448	0.00263	0.00691
3	0.00819	0.00410	0.00614	0.00614	0.00614	0.00410	0.00410	0.00614	0.00614	0.00819	0.00819	0.01433	0.00819	0.01638	0.01843	0.86282	0.00410	0.00410	0.00205	0.00205
4	0.01023	0.01403	0.21904	0.06728	0.05015	0.01273	0.08377	0.01376	0.06432	0.01342	0.00825	0.01116	0.00686	0.00636	0.00983	0.00178	0.39455	0.00419	0.00228	0.00600
5	0.01108	0.00932	0.04817	0.01039	0.01159	0.01086	0.00877	0.06679	0.00913	0.10262	0.00968	0.01317	0.00836	0.01445	0.20137	0.05112	0.40058	0.00439	0.00278	0.00537
6	0.00786	0.00664	0.00794	0.00782	0.00870	0.06338	0.00594	0.00970	0.04014	0.01137	0.01463	0.05566	0.03429	0.13730	0.48308	0.00554	0.04825	0.04462	0.00285	0.00428
7	0.01266	0.34263	0.16966	0.01206	0.09734	0.07435	0.02781	0.06920	0.05257	0.03789	0.00874	0.00980	0.00701	0.00446	0.00391	0.00122	0.00561	0.00334	0.00258	0.05715
8	0.19312	0.03826	0.11469	0.03378	0.11298	0.01103	0.04725	0.09931	0.05050	0.04797	0.00955	0.01141	0.00754	0.00785	0.08194	0.00204	0.07253	0.00386	0.00294	0.05146
9	0.01216	0.08090	0.06259	0.05095	0.01387	0.11146	0.04412	0.07257	0.01073	0.08848	0.01125	0.11645	0.01035	0.00832	0.04425	0.00186	0.20903	0.00513	0.00302	0.04253

[dist]
# distance from previous block
# <min> <max>
0	27

[block]
# block no. 10 follows, 54 sequences, length 16
# corresponding to MSA columns:
# 419-434
name=unknown_K
#
# <colnr> <probs for GDERKNQSTAVLIFYWHMCP>
#	G	D	E	R	K	N	Q	S	T	A	V	L	I	F	Y	W	H	M	C	P
0	0.01071	0.16935	0.01497	0.06910	0.02869	0.03583	0.09504	0.04631	0.02878	0.04641	0.01272	0.05759	0.03326	0.04198	0.08417	0.00215	0.06435	0.06410	0.00295	0.09155
1	0.01087	0.04128	0.39538	0.07246	0.08393	0.03932	0.06237	0.03099	0.09194	0.04792	0.02791	0.01241	0.01865	0.00489	0.00458	0.00145	0.00607	0.00411	0.00270	0.04077
2	0.00579	0.00439	0.00530	0.00591	0.00666	0.00394	0.00409	0.00681	0.00986	0.01271	0.09159	0.49885	0.28004	0.03325	0.00627	0.00184	0.00263	0.01177	0.00440	0.00390
3	0.01314	0.12893	0.19299	0.01276	0.03728	0.23235	0.07346	0.03697	0.03619	0.03954	0.00835	0.01005	0.00670	0.00525	0.00621	0.00145	0.14611	0.00365	0.00246	0.00617
4	0.00674	0.00503	0.00746	0.00746	0.00826	0.00583	0.00574	0.00834	0.00754	0.01086	0.01274	0.01913	0.01205	0.07486	0.77647	0.00743	0.01223	0.00514	0.00254	0.00414
5	0.01229	0.72415	0.02330	0.00866	0.01214	0.01808	0.00837	0.01374	0.00926	0.01113	0.00651	0.00794	0.00607	0.00461	0.00473	0.00115	0.11718	0.00274	0.00202	0.00593
6	0.00591	0.00474	0.00517	0.00536	0.00661	0.00415	0.00396	0.00708	0.01034	0.01270	0.07067	0.12747	0.55909	0.08450	0.00731	0.00193	0.00277	0.07203	0.00427	0.00391
7	0.00896	0.00781	0.06858	0.03160	0.01122	0.00752	0.09543	0.00933	0.02599	0.01048	0.00859	0.01350	0.00791	0.01344	0.06175	0.47745	0.13025	0.00431	0.00218	0.00371
8	0.00590	0.00421	0.00556	0.00643	0.00679	0.00393	0.00432	0.00685	0.00945	0.01273	0.11745	0.70383	0.03218	0.04810	0.00671	0.00197	0.00275	0.01256	0.00441	0.00386
9	0.00663	0.00482	0.00624	0.00589	0.00702	0.00443	0.00442	0.00882	0.01325	0.01867	0.77326	0.03561	0.07377	0.00973	0.00556	0.00149	0.00223	0.00858	0.00516	0.00443
10	0.01761	0.02247	0.01336	0.01215	0.01458	0.81537	0.00911	0.01883	0.01336	0.01154	0.00729	0.00850	0.00607	0.00486	0.00425	0.00121	0.00850	0.00304	0.00243	0.00547
11	0.75067	0.00882	0.00708	0.00640	0.00914	0.01015	0.00519	0.01406	0.05472	0.02068	0.04444	0.03534	0.00828	0.00506	0.00325	0.00148	0.00356	0.00333	0.00318	0.00517
12	0.01570	0.01795	0.01376	0.01203	0.01399	0.49182	0.00941	0.12144	0.01291	0.01396	0.00754	0.00937	0.00637	0.00588	0.00732	0.00147	0.22720	0.00349	0.00264	0.00573
13	0.00978	0.00838	0.00978	0.00698	0.01117	0.00629	0.00559	0.01187	0.00978	0.01536	0.00838	0.00978	0.00698	0.00349	0.00349	0.00070	0.00349	0.00279	0.00279	0.86312
14	0.01711	0.02025	0.01268	0.01152	0.01390	0.70469	0.00865	0.01834	0.01309	0.06936	0.00931	0.06180	0.00809	0.00557	0.00440	0.00128	0.00781	0.00383	0.00280	0.00555
15	0.01266	0.01262	0.01197	0.07066	0.07109	0.26023	0.04129	0.05944	0.11873	0.04622	0.07333	0.05833	0.07390	0.00721	0.00569	0.05667	0.00557	0.00531	0.00342	0.00566

[dist]
# distance from previous block
# <min> <max>
4	9

[block]
# block no. 11 follows, 54 sequences, length 88
# corresponding to MSA columns:
# 445-532
name=unknown_L
#
# <colnr> <probs for GDERKNQSTAVLIFYWHMCP>
#	G	D	E	R	K	N	Q	S	T	A	V	L	I	F	Y	W	H	M	C	P
0	0.01041	0.00932	0.04814	0.00876	0.01116	0.00955	0.00708	0.08550	0.44221	0.01911	0.15248	0.11132	0.04891	0.00792	0.00507	0.00159	0.00360	0.00676	0.00466	0.00645
1	0.00672	0.00494	0.00710	0.00714	0.00782	0.00560	0.00533	0.00810	0.00750	0.01068	0.01345	0.04749	0.01333	0.16872	0.65601	0.00689	0.01095	0.00563	0.00264	0.00397
2	0.01087	0.01291	0.06938	0.01804	0.02200	0.01236	0.59165	0.01436	0.01030	0.01436	0.00882	0.01209	0.00690	0.00484	0.00745	0.00168	0.16838	0.00516	0.00230	0.00616
3	0.00685	0.00460	0.00528	0.00528	0.00533	0.00465	0.00303	0.00695	0.00690	0.00925	0.01473	0.03015	0.01684	0.78870	0.06918	0.00474	0.00503	0.00675	0.00284	0.00293
4	0.01792	0.01321	0.01415	0.01085	0.01462	0.01462	0.00896	0.78916	0.02217	0.02972	0.01132	0.01132	0.00802	0.00566	0.00472	0.00142	0.00519	0.00425	0.00472	0.00802
5	0.00680	0.00476	0.00610	0.00608	0.00645	0.00505	0.00406	0.00754	0.00745	0.01031	0.05411	0.02651	0.01655	0.49672	0.31596	0.00553	0.00743	0.00627	0.00285	0.00344
6	0.01249	0.80651	0.05429	0.00827	0.01241	0.01837	0.00842	0.01415	0.00959	0.01124	0.00663	0.00765	0.00605	0.00405	0.00308	0.00103	0.00511	0.00256	0.00202	0.00609
7	0.00966	0.00968	0.01765	0.53871	0.06466	0.01113	0.19743	0.01284	0.00974	0.01288	0.00853	0.01241	0.00654	0.00476	0.00567	0.00160	0.06384	0.00451	0.00217	0.00560
8	0.01113	0.01272	0.02782	0.01987	0.02464	0.01192	0.78776	0.01510	0.01113	0.01510	0.00954	0.01272	0.00715	0.00397	0.00556	0.00159	0.00795	0.00556	0.00238	0.00636
9	0.01735	0.06648	0.01401	0.01187	0.01444	0.73855	0.00905	0.05070	0.01352	0.01227	0.00742	0.00857	0.00615	0.00485	0.00420	0.00121	0.00818	0.00306	0.00250	0.00560
10	0.01009	0.00858	0.00917	0.00856	0.01074	0.00961	0.00653	0.02008	0.58361	0.01773	0.02366	0.14281	0.11210	0.00832	0.00507	0.00165	0.00342	0.00710	0.00468	0.00650
11	0.00586	0.00439	0.00545	0.00606	0.00679	0.00398	0.00423	0.00699	0.01010	0.01322	0.14262	0.51027	0.22578	0.01331	0.00585	0.00178	0.00260	0.02227	0.00449	0.00396
12	0.00932	0.02357	0.77708	0.01315	0.01986	0.01067	0.01689	0.01463	0.00999	0.01492	0.02161	0.03070	0.00721	0.00482	0.00454	0.00150	0.00679	0.00381	0.00210	0.00685
13	0.00672	0.00519	0.00769	0.00807	0.00902	0.00494	0.06009	0.00824	0.00990	0.01299	0.02602	0.46090	0.08203	0.01324	0.00612	0.00195	0.00361	0.26486	0.00423	0.00419
14	0.00797	0.00629	0.00797	0.00775	0.00883	0.04740	0.00602	0.04694	0.00874	0.01235	0.01249	0.01760	0.01133	0.03029	0.67833	0.00650	0.01133	0.00486	0.06253	0.00447
15	0.00580	0.00420	0.00550	0.00652	0.00691	0.00390	0.00444	0.00670	0.00921	0.01216	0.02745	0.74877	0.08435	0.01451	0.00601	0.00190	0.00277	0.04067	0.00438	0.00386
16	0.00639	0.00483	0.00584	0.00611	0.00712	0.00444	0.00443	0.03321	0.01108	0.01457	0.21986	0.35097	0.26046	0.01233	0.00575	0.00171	0.00265	0.03948	0.00458	0.00418
17	0.00686	0.00457	0.00514	0.00514	0.00514	0.00457	0.00286	0.00686	0.00686	0.00914	0.01486	0.03086	0.01714	0.83430	0.02400	0.00457	0.00457	0.00686	0.00286	0.00286
18	0.00687	0.00437	0.00542	0.00567	0.00573	0.00431	0.00345	0.00665	0.00721	0.00962	0.01609	0.21124	0.01858	0.48360	0.01876	0.17461	0.00406	0.00781	0.00304	0.00292
19	0.00662	0.00500	0.00660	0.00687	0.00778	0.00479	0.02151	0.00874	0.05518	0.01460	0.23751	0.40650	0.09384	0.02554	0.00611	0.00181	0.00291	0.07921	0.00455	0.00430
20	0.00752	0.00459	0.00510	0.00501	0.00614	0.00434	0.00372	0.00951	0.01105	0.01699	0.27240	0.04555	0.14194	0.02367	0.00481	0.00138	0.00229	0.00680	0.42288	0.00431
21	0.00674	0.00505	0.00758	0.00758	0.00842	0.00589	0.00589	0.00842	0.00758	0.01095	0.01263	0.01852	0.01179	0.03536	0.81561	0.00758	0.01263	0.00505	0.00253	0.00421
22	0.00663	0.00513	0.00594	0.00624	0.00743	0.00477	0.00472	0.03707	0.02310	0.01345	0.04627	0.22806	0.38131	0.06208	0.00691	0.00194	0.00308	0.14740	0.00431	0.00416
23	0.04786	0.00496	0.00556	0.00546	0.00674	0.00453	0.00403	0.00794	0.01122	0.01518	0.32463	0.08572	0.36932	0.06831	0.00676	0.00178	0.00259	0.01877	0.00451	0.00413
24	0.00582	0.00416	0.00556	0.00666	0.00696	0.00390	0.00451	0.00670	0.00910	0.01212	0.02594	0.79819	0.03101	0.01470	0.00604	0.00193	0.00280	0.04566	0.00438	0.00385
25	0.00712	0.00478	0.00630	0.00623	0.00723	0.00440	0.00455	0.00894	0.01216	0.05523	0.54995	0.25419	0.03922	0.01087	0.00565	0.00160	0.00245	0.00969	0.00500	0.00445
26	0.00978	0.00838	0.00978	0.00698	0.01117	0.00629	0.00559	0.01187	0.00978	0.01536	0.00838	0.00978	0.00698	0.00349	0.00349	0.00070	0.00349	0.00279	0.00279	0.86312
27	0.00627	0.00454	0.00599	0.00684	0.00748	0.00428	0.00505	0.00756	0.00998	0.01323	0.10757	0.50210	0.08530	0.02615	0.00633	0.00195	0.00306	0.18787	0.00443	0.00401
28	0.01113	0.01272	0.02782	0.01987	0.02464	0.01192	0.78776	0.01510	0.01113	0.01510	0.00954	0.01272	0.00715	0.00397	0.00556	0.00159	0.00795	0.00556	0.00238	0.00636
29	0.00607	0.00450	0.00518	0.00561	0.00654	0.00405	0.00398	0.00722	0.00997	0.01305	0.07530	0.34455	0.34456	0.05224	0.00648	0.00183	0.00265	0.02951	0.07278	0.00394
30	0.00738	0.00594	0.00855	0.00816	0.00879	0.00725	0.00637	0.00882	0.00765	0.01114	0.03912	0.01871	0.01239	0.09899	0.57615	0.00612	0.15646	0.00516	0.00256	0.00427
31	0.08026	0.00810	0.01066	0.00824	0.01183	0.00718	0.00680	0.02234	0.01311	0.75320	0.01776	0.01546	0.01121	0.00573	0.00461	0.00146	0.00399	0.00459	0.00563	0.00782
32	0.00950	0.00616	0.00774	0.00685	0.00854	0.00594	0.00534	0.10262	0.01432	0.10013	0.60356	0.03104	0.03627	0.00889	0.00541	0.00150	0.00283	0.03294	0.00517	0.00523
33	0.00943	0.00852	0.01373	0.54100	0.08863	0.00994	0.03876	0.05806	0.03007	0.01411	0.05838	0.07078	0.01116	0.00590	0.00492	0.00158	0.00563	0.02115	0.00274	0.00551
34	0.00801	0.00668	0.00960	0.23829	0.04328	0.00723	0.02338	0.01123	0.10025	0.02664	0.02215	0.27981	0.12798	0.00971	0.00541	0.00172	0.00415	0.06584	0.00369	0.00495
35	0.01113	0.01272	0.02782	0.01987	0.02464	0.01192	0.78776	0.01510	0.01113	0.01510	0.00954	0.01272	0.00715	0.00397	0.00556	0.00159	0.00795	0.00556	0.00238	0.00636
36	0.01171	0.01133	0.01832	0.16244	0.48228	0.03815	0.08482	0.06820	0.01127	0.01548	0.00884	0.01173	0.00717	0.00458	0.00524	0.00147	0.04336	0.00429	0.00245	0.00685
37	0.01032	0.01032	0.01444	0.01238	0.01238	0.01444	0.01032	0.01135	0.00722	0.01135	0.00619	0.01032	0.00619	0.00825	0.01547	0.00206	0.82567	0.00413	0.00206	0.00516
38	0.00978	0.00838	0.00978	0.00698	0.01117	0.00629	0.00559	0.01187	0.00978	0.01536	0.00838	0.00978	0.00698	0.00349	0.00349	0.00070	0.00349	0.00279	0.00279	0.86312
39	0.00667	0.00482	0.00630	0.00593	0.00704	0.00445	0.00445	0.00890	0.01335	0.01891	0.80239	0.03522	0.04449	0.00964	0.00556	0.00148	0.00222	0.00853	0.00519	0.00445
40	0.01173	0.01013	0.01066	0.00960	0.01226	0.01173	0.00746	0.02505	0.79636	0.01972	0.01919	0.01759	0.01439	0.00640	0.00480	0.00160	0.00373	0.00533	0.00480	0.00746
41	0.00997	0.00947	0.01607	0.51710	0.33001	0.01076	0.01362	0.01298	0.00993	0.01334	0.00857	0.01222	0.00674	0.00452	0.00470	0.00151	0.00602	0.00419	0.00219	0.00610
42	0.00580	0.00413	0.00545	0.00649	0.00675	0.00387	0.00430	0.00658	0.00892	0.01189	0.02542	0.79049	0.03047	0.05648	0.00693	0.00205	0.00283	0.01307	0.00430	0.00378
43	0.00686	0.00457	0.00514	0.00514	0.00514	0.00457	0.00286	0.00686	0.00686	0.00914	0.01486	0.03086	0.01714	0.83430	0.02400	0.00457	0.00457	0.00686	0.00286	0.00286
44	0.01218	0.01003	0.01068	0.00954	0.01225	0.01150	0.00744	0.02495	0.75845	0.05791	0.01916	0.01752	0.01426	0.00637	0.00479	0.00159	0.00375	0.00530	0.00485	0.00749
45	0.01378	0.00643	0.00840	0.00717	0.00943	0.00575	0.00558	0.03185	0.01241	0.40034	0.18506	0.14127	0.07819	0.04893	0.00607	0.00168	0.00336	0.00725	0.02099	0.00606
46	0.01792	0.01321	0.01415	0.01085	0.01462	0.01462	0.00896	0.78916	0.02217	0.02972	0.01132	0.01132	0.00802	0.00566	0.00472	0.00142	0.00519	0.00425	0.00472	0.00802
47	0.00573	0.00415	0.00542	0.00644	0.00681	0.00384	0.00432	0.00658	0.00915	0.01209	0.02751	0.77635	0.08507	0.01457	0.00599	0.00189	0.00271	0.01316	0.00438	0.00384
48	0.00718	0.00467	0.00591	0.00627	0.00717	0.00423	0.00441	0.00831	0.01021	0.08036	0.13224	0.48996	0.16813	0.03995	0.00637	0.00185	0.00277	0.01119	0.00456	0.00426
49	0.00776	0.00560	0.00696	0.00737	0.00824	0.00561	0.00533	0.12408	0.01112	0.01481	0.02346	0.61929	0.02704	0.03088	0.00626	0.00192	0.00329	0.08210	0.00439	0.00448
50	0.00987	0.13131	0.70657	0.01273	0.01931	0.01196	0.01619	0.01483	0.00991	0.01443	0.00821	0.00964	0.00598	0.00442	0.00429	0.00143	0.00671	0.00336	0.00199	0.00685
51	0.00678	0.00455	0.00521	0.00526	0.00532	0.00452	0.00301	0.00691	0.00724	0.00970	0.04525	0.08260	0.01908	0.75041	0.02215	0.00428	0.00436	0.00734	0.00304	0.00298
