[name]
unknown

[dist]
# distance from previous block
# <min> <max>
0	361

[block]
# block no. 0 follows, 55 sequences, length 83
# corresponding to MSA columns:
# 371-453
name=unknown_A
#
# <colnr> <probs for GDERKNQSTAVLIFYWHMCP>
#	G	D	E	R	K	N	Q	S	T	A	V	L	I	F	Y	W	H	M	C	P
0	0.05267	0.04785	0.08199	0.02282	0.04299	0.06241	0.09611	0.04284	0.04513	0.08651	0.03849	0.13162	0.04180	0.04176	0.01872	0.01955	0.02696	0.06803	0.00342	0.02833
1	0.00791	0.02282	0.03210	0.02452	0.03474	0.00594	0.00571	0.03372	0.06024	0.04574	0.11040	0.22887	0.22188	0.01158	0.04460	0.02478	0.00365	0.03171	0.01683	0.03228
2	0.05883	0.00564	0.00680	0.00701	0.03207	0.00550	0.00492	0.03983	0.03826	0.06434	0.17218	0.28330	0.15482	0.04920	0.02182	0.01935	0.00318	0.00888	0.01949	0.00458
3	0.00859	0.00577	0.00713	0.00712	0.03209	0.00531	0.00492	0.02447	0.04651	0.09507	0.04935	0.32148	0.12129	0.12210	0.00767	0.00195	0.00327	0.00865	0.02131	0.10595
4	0.23722	0.00695	0.00701	0.00637	0.00854	0.00707	0.00497	0.06514	0.04935	0.10344	0.06477	0.11660	0.28823	0.00866	0.00467	0.00154	0.00314	0.00703	0.00418	0.00510
5	0.00827	0.00571	0.00669	0.00642	0.00789	0.00547	0.00483	0.04520	0.07873	0.07880	0.18154	0.16665	0.25564	0.06417	0.00660	0.00180	0.00299	0.05117	0.01667	0.00474
6	0.05442	0.00603	0.00702	0.00693	0.00818	0.00611	0.00510	0.11349	0.02694	0.06074	0.03246	0.38906	0.04779	0.08849	0.00696	0.00195	0.00336	0.05501	0.07524	0.00470
7	0.05637	0.00550	0.00642	0.00621	0.00730	0.00541	0.00442	0.04859	0.01023	0.07310	0.14941	0.23308	0.12544	0.20480	0.00977	0.00230	0.01825	0.00845	0.02067	0.00429
8	0.19678	0.00891	0.01032	0.00818	0.01153	0.00885	0.00672	0.14805	0.02996	0.47236	0.02671	0.02922	0.01048	0.00566	0.00434	0.00144	0.00402	0.00438	0.00492	0.00717
9	0.00627	0.00465	0.00561	0.00599	0.00696	0.00424	0.00429	0.00781	0.03269	0.02942	0.14807	0.40108	0.28160	0.01247	0.00568	0.00171	0.00261	0.03027	0.00448	0.00412
10	0.00831	0.00527	0.00657	0.00664	0.00752	0.00516	0.00463	0.05153	0.03650	0.08795	0.07623	0.42926	0.02443	0.17745	0.03227	0.00245	0.00358	0.00963	0.02024	0.00438
11	0.00586	0.00424	0.00550	0.00620	0.00670	0.00393	0.00423	0.00693	0.00976	0.01311	0.17392	0.60651	0.08345	0.03859	0.00637	0.00187	0.00264	0.01190	0.00442	0.00387
12	0.00900	0.00849	0.01434	0.76213	0.09354	0.01039	0.01303	0.01208	0.00940	0.01215	0.00831	0.01233	0.00629	0.00461	0.00465	0.00154	0.00615	0.00414	0.00209	0.00534
13	0.02713	0.00619	0.00735	0.00669	0.00789	0.02952	0.00493	0.09023	0.02153	0.10315	0.04340	0.04044	0.01128	0.01087	0.01068	0.40085	0.00379	0.00460	0.16537	0.00411
14	0.03445	0.00583	0.00629	0.00578	0.00744	0.00580	0.00442	0.06733	0.05516	0.10016	0.03673	0.06930	0.13623	0.03252	0.00475	0.00142	0.00282	0.00589	0.41265	0.00501
15	0.00779	0.00604	0.00695	0.00647	0.00810	0.00601	0.00493	0.01230	0.19694	0.03392	0.41869	0.03273	0.22263	0.00924	0.00530	0.00152	0.00262	0.00794	0.00485	0.00505
16	0.07648	0.01122	0.01214	0.00969	0.01306	0.01225	0.00793	0.46560	0.16016	0.13334	0.01403	0.01400	0.02139	0.00589	0.00460	0.00146	0.00454	0.02007	0.00468	0.00748
17	0.01999	0.00491	0.00655	0.00685	0.00758	0.00492	0.00488	0.00880	0.00891	0.09443	0.02083	0.50222	0.02313	0.08120	0.13786	0.00293	0.03069	0.00991	0.01917	0.00426
18	0.02536	0.00852	0.01221	0.01064	0.01108	0.01123	0.03820	0.01032	0.00734	0.01125	0.00849	0.01384	0.00835	0.08168	0.21160	0.00354	0.51485	0.00454	0.00224	0.00472
19	0.06653	0.07797	0.01228	0.00840	0.01225	0.02525	0.00695	0.28767	0.01398	0.03608	0.00922	0.00998	0.00714	0.00437	0.00384	0.00103	0.00427	0.00327	0.00342	0.40609
20	0.00724	0.00585	0.00856	0.00821	0.00888	0.00720	0.00647	0.00875	0.00740	0.01082	0.01145	0.01722	0.01083	0.05062	0.66288	0.00649	0.14955	0.00488	0.00242	0.00428
21	0.01768	0.01303	0.01396	0.01070	0.01443	0.01443	0.00884	0.79197	0.02187	0.02932	0.01117	0.01117	0.00791	0.00558	0.00465	0.00140	0.00512	0.00419	0.00465	0.00791
22	0.86937	0.00900	0.00684	0.00612	0.00900	0.01044	0.00504	0.01368	0.00792	0.02087	0.00648	0.00756	0.00504	0.00432	0.00288	0.00144	0.00360	0.00252	0.00288	0.00504
23	0.01040	0.01283	0.22830	0.01371	0.08067	0.00925	0.19740	0.01353	0.00984	0.09457	0.01151	0.03093	0.00973	0.08074	0.11767	0.00261	0.03813	0.02946	0.00274	0.00595
24	0.40269	0.11757	0.01242	0.02369	0.10841	0.09780	0.00767	0.09359	0.01071	0.06039	0.00796	0.00905	0.00622	0.00459	0.00378	0.00136	0.02014	0.00310	0.00295	0.00593
25	0.01218	0.01115	0.01726	0.03740	0.51059	0.02328	0.06304	0.12821	0.07289	0.01750	0.03044	0.01370	0.00938	0.00491	0.00475	0.00144	0.00541	0.02636	0.00296	0.00714
26	0.00988	0.00849	0.01007	0.03680	0.01193	0.00695	0.00605	0.03077	0.03401	0.01540	0.00860	0.01003	0.00709	0.00377	0.00390	0.00080	0.02771	0.00296	0.00282	0.76197
27	0.00965	0.00827	0.00965	0.00689	0.01102	0.00620	0.00551	0.01171	0.00965	0.01516	0.00827	0.00965	0.00689	0.00345	0.00345	0.00069	0.00345	0.00276	0.00276	0.86494
28	0.00759	0.00559	0.00797	0.00951	0.05394	0.00557	0.00764	0.00968	0.01061	0.01386	0.02418	0.09125	0.03919	0.01244	0.00628	0.00208	0.00424	0.67979	0.00418	0.00442
29	0.00682	0.00497	0.00672	0.00665	0.00711	0.00557	0.00473	0.00777	0.00717	0.01008	0.01315	0.02301	0.01362	0.36377	0.46384	0.00607	0.03704	0.00569	0.00261	0.00364
30	0.86937	0.00900	0.00684	0.00612	0.00900	0.01044	0.00504	0.01368	0.00792	0.02087	0.00648	0.00756	0.00504	0.00432	0.00288	0.00144	0.00360	0.00252	0.00288	0.00504
31	0.01244	0.83930	0.02438	0.00796	0.01194	0.01841	0.00796	0.01393	0.00945	0.01095	0.00647	0.00746	0.00597	0.00398	0.00299	0.00100	0.00498	0.00249	0.00199	0.00597
32	0.00667	0.00490	0.00703	0.00703	0.00771	0.00558	0.00526	0.00802	0.00735	0.01047	0.01287	0.02051	0.01260	0.18231	0.67198	0.00693	0.01100	0.00531	0.00255	0.00391
33	0.00933	0.02406	0.81240	0.01326	0.02014	0.01080	0.01719	0.01473	0.00982	0.01473	0.00835	0.00982	0.00589	0.00442	0.00442	0.00147	0.00688	0.00344	0.00196	0.00688
34	0.02087	0.00792	0.01080	0.00828	0.01188	0.00684	0.00684	0.02267	0.01332	0.81071	0.01835	0.01583	0.01152	0.00576	0.00468	0.00144	0.00396	0.00468	0.00576	0.00792
35	0.01094	0.01243	0.02677	0.01923	0.02369	0.01189	0.75023	0.01471	0.01078	0.01471	0.00924	0.01243	0.00701	0.00414	0.00600	0.00159	0.05026	0.00542	0.00234	0.00621
36	0.00879	0.00827	0.01395	0.82532	0.03204	0.01034	0.01292	0.01189	0.00930	0.01189	0.00827	0.01240	0.00620	0.00465	0.00465	0.00155	0.00620	0.00413	0.00207	0.00517
37	0.01018	0.01018	0.01425	0.01221	0.01221	0.01425	0.01018	0.01120	0.00712	0.01120	0.00611	0.01018	0.00611	0.00814	0.01527	0.00204	0.82799	0.00407	0.00204	0.00509
38	0.00808	0.00404	0.00606	0.00606	0.00606	0.00404	0.00404	0.00606	0.00606	0.00808	0.00808	0.01414	0.00808	0.01616	0.01818	0.86465	0.00404	0.00404	0.00202	0.00202
39	0.00959	0.00967	0.01948	0.01520	0.01845	0.00920	0.47769	0.01280	0.01087	0.01451	0.01549	0.02850	0.01494	0.00749	0.00586	0.00180	0.00642	0.31343	0.00312	0.00548
40	0.00933	0.02406	0.81240	0.01326	0.02014	0.01080	0.01719	0.01473	0.00982	0.01473	0.00835	0.00982	0.00589	0.00442	0.00442	0.00147	0.00688	0.00344	0.00196	0.00688
41	0.00571	0.00472	0.00501	0.00494	0.00641	0.00402	0.00370	0.00709	0.01111	0.01376	0.19612	0.04280	0.65586	0.01134	0.00550	0.00155	0.00232	0.00954	0.00448	0.00402
42	0.01175	0.00995	0.01052	0.00944	0.01209	0.01148	0.00735	0.02468	0.78390	0.03474	0.01892	0.01733	0.01415	0.00630	0.00473	0.00158	0.00369	0.00525	0.00475	0.00737
43	0.00715	0.00554	0.00689	0.03176	0.00843	0.00567	0.00510	0.02257	0.10770	0.01504	0.26649	0.26434	0.10539	0.05440	0.05437	0.00213	0.01916	0.00900	0.00433	0.00453
44	0.01577	0.01926	0.01359	0.01205	0.01410	0.61906	0.02728	0.04066	0.01228	0.01200	0.00780	0.00946	0.01876	0.00550	0.00622	0.00137	0.15357	0.00339	0.00243	0.00541
45	0.00638	0.00481	0.00598	0.00670	0.00735	0.00472	0.00463	0.00870	0.10224	0.01299	0.04688	0.66489	0.07952	0.01329	0.00576	0.00182	0.00278	0.01194	0.00439	0.00423
46	0.01030	0.02234	0.04198	0.00784	0.03003	0.02719	0.00635	0.01247	0.00989	0.04213	0.00857	0.00984	0.00698	0.00362	0.00356	0.00078	0.00380	0.00288	0.00280	0.74664
47	0.00803	0.00596	0.00706	0.00655	0.00820	0.00570	0.00496	0.03443	0.09490	0.05454	0.24767	0.16676	0.21952	0.01033	0.02244	0.00165	0.01760	0.00835	0.00447	0.07088
48	0.09378	0.04402	0.07394	0.05548	0.17566	0.10777	0.04917	0.17550	0.08094	0.03166	0.01148	0.03714	0.03266	0.00533	0.00446	0.00142	0.00546	0.00437	0.00320	0.00656
49	0.01098	0.20415	0.22103	0.01463	0.10108	0.03491	0.20740	0.02565	0.03373	0.01387	0.00899	0.01175	0.00737	0.01800	0.01791	0.01457	0.02551	0.01989	0.00231	0.00628
50	0.00808	0.00404	0.00606	0.00606	0.00606	0.00404	0.00404	0.00606	0.00606	0.00808	0.00808	0.01414	0.00808	0.01616	0.01818	0.86465	0.00404	0.00404	0.00202	0.00202
51	0.00665	0.00498	0.00748	0.00748	0.00831	0.00582	0.00582	0.00831	0.00748	0.01080	0.01246	0.01828	0.01163	0.03489	0.81807	0.00748	0.01246	0.00498	0.00249	0.00415
52	0.00918	0.00855	0.03790	0.16624	0.05055	0.00912	0.05732	0.05301	0.12314	0.01398	0.04218	0.02045	0.09679	0.15718	0.04752	0.00240	0.09054	0.00562	0.00311	0.00521
53	0.01676	0.04616	0.01415	0.01219	0.01466	0.73706	0.04170	0.01807	0.01281	0.01151	0.00723	0.00859	0.00604	0.00483	0.00453	0.00123	0.03157	0.00312	0.00237	0.00544
54	0.06419	0.01079	0.01127	0.00962	0.01257	0.01231	0.00764	0.24039	0.53300	0.02232	0.01601	0.01503	0.01188	0.00599	0.00460	0.00152	0.00408	0.00480	0.00460	0.00738
55	0.01310	0.01091	0.02944	0.01015	0.02818	0.01201	0.00802	0.18713	0.57728	0.04531	0.01683	0.01571	0.01247	0.00606	0.00471	0.00153	0.00410	0.00495	0.00464	0.00749
56	0.01234	0.44920	0.08179	0.04931	0.01526	0.13671	0.10120	0.01444	0.01015	0.01199	0.02359	0.00934	0.00690	0.00453	0.00445	0.00123	0.05626	0.00329	0.00216	0.00586
57	0.01738	0.02217	0.01318	0.01199	0.01438	0.81783	0.00899	0.01858	0.01318	0.01139	0.00719	0.00839	0.00599	0.00479	0.00419	0.00120	0.00839	0.00300	0.00240	0.00539
58	0.01288	0.74254	0.02308	0.00844	0.01218	0.09654	0.00811	0.01433	0.00977	0.01099	0.00653	0.00761	0.00598	0.00414	0.00335	0.00104	0.02199	0.00257	0.00203	0.00590
59	0.00577	0.00416	0.00551	0.00649	0.00686	0.00384	0.00435	0.00662	0.00893	0.01196	0.02518	0.81160	0.03014	0.01428	0.00587	0.00186	0.00272	0.01295	0.00428	0.02663
60	0.00906	0.02682	0.06953	0.01214	0.01475	0.06372	0.27220	0.01181	0.03411	0.01352	0.01698	0.30756	0.01785	0.00893	0.00552	0.00171	0.00538	0.09995	0.00332	0.00516
61	0.00665	0.00498	0.00748	0.00748	0.00831	0.00582	0.00582	0.00831	0.00748	0.01080	0.01246	0.01828	0.01163	0.03489	0.81807	0.00748	0.01246	0.00498	0.00249	0.00415
62	0.00808	0.00404	0.00606	0.00606	0.00606	0.00404	0.00404	0.00606	0.00606	0.00808	0.00808	0.01414	0.00808	0.01616	0.01818	0.86465	0.00404	0.00404	0.00202	0.00202
63	0.86937	0.00900	0.00684	0.00612	0.00900	0.01044	0.00504	0.01368	0.00792	0.02087	0.00648	0.00756	0.00504	0.00432	0.00288	0.00144	0.00360	0.00252	0.00288	0.00504
64	0.00566	0.00406	0.00538	0.00644	0.00674	0.00378	0.00430	0.00648	0.00895	0.01189	0.02614	0.81513	0.04878	0.01451	0.00593	0.00188	0.00269	0.01315	0.00432	0.00378
65	0.01244	0.83930	0.02438	0.00796	0.01194	0.01841	0.00796	0.01393	0.00945	0.01095	0.00647	0.00746	0.00597	0.00398	0.00299	0.00100	0.00498	0.00249	0.00199	0.00597
66	0.00665	0.00498	0.00748	0.00748	0.00831	0.00582	0.00582	0.00831	0.00748	0.01080	0.01246	0.01828	0.01163	0.03489	0.81807	0.00748	0.01246	0.00498	0.00249	0.00415
67	0.00965	0.00827	0.00965	0.00689	0.01102	0.00620	0.00551	0.01171	0.00965	0.01516	0.00827	0.00965	0.00689	0.00345	0.00345	0.00069	0.00345	0.00276	0.00276	0.86494
68	0.00965	0.00827	0.00965	0.00689	0.01102	0.00620	0.00551	0.01171	0.00965	0.01516	0.00827	0.00965	0.00689	0.00345	0.00345	0.00069	0.00345	0.00276	0.00276	0.86494
69	0.00566	0.00407	0.00537	0.00642	0.00673	0.00378	0.00429	0.00648	0.00897	0.01190	0.02638	0.80628	0.05748	0.01448	0.00592	0.00188	0.00269	0.01311	0.00432	0.00378
70	0.01172	0.01015	0.01111	0.00980	0.01252	0.01165	0.03031	0.04480	0.75540	0.01959	0.01845	0.01705	0.01383	0.00622	0.00475	0.00157	0.00384	0.00524	0.00466	0.00735
71	0.07067	0.00798	0.01056	0.00815	0.01171	0.00705	0.00673	0.02214	0.01300	0.76435	0.01766	0.01535	0.01114	0.00567	0.00457	0.00144	0.00394	0.00455	0.00559	0.00775
72	0.00673	0.00511	0.00764	0.00759	0.00840	0.00602	0.00592	0.00838	0.00747	0.01081	0.01231	0.01808	0.01150	0.03425	0.79886	0.00735	0.03198	0.00496	0.00248	0.00418
73	0.01018	0.01018	0.01425	0.01221	0.01221	0.01425	0.01018	0.01120	0.00712	0.01120	0.00611	0.01018	0.00611	0.00814	0.01527	0.00204	0.82799	0.00407	0.00204	0.00509
74	0.01653	0.01216	0.01323	0.01046	0.01389	0.01340	0.00869	0.70343	0.02061	0.02758	0.01269	0.01584	0.01005	0.00641	0.00485	0.00148	0.00502	0.09156	0.00461	0.00750
75	0.00660	0.00457	0.00638	0.00699	0.02220	0.00472	0.00478	0.00724	0.00784	0.01072	0.01725	0.32153	0.01924	0.14245	0.26257	0.11842	0.00626	0.02345	0.00319	0.00360
76	0.00605	0.00431	0.00546	0.00619	0.00681	0.00394	0.00427	0.00702	0.00948	0.02848	0.06520	0.61203	0.16385	0.03045	0.00619	0.00186	0.00271	0.02744	0.00435	0.00391
77	0.00740	0.00506	0.00584	0.00634	0.00719	0.02927	0.00479	0.00904	0.01010	0.01455	0.10099	0.29419	0.04061	0.02329	0.00542	0.00168	0.00302	0.17178	0.25530	0.00415
78	0.82277	0.00894	0.00706	0.00624	0.00915	0.01024	0.00514	0.01417	0.00821	0.06425	0.00713	0.00801	0.00539	0.00440	0.00298	0.00144	0.00362	0.00264	0.00304	0.00520
79	0.00907	0.00707	0.01075	0.07450	0.14419	0.00759	0.03072	0.02223	0.00957	0.07022	0.05387	0.18320	0.04018	0.05426	0.15645	0.00288	0.08332	0.03155	0.00327	0.00511
80	0.00679	0.00481	0.00578	0.00553	0.00683	0.00427	0.00413	0.00830	0.01167	0.04691	0.41497	0.05257	0.33881	0.01074	0.00621	0.05174	0.00245	0.00866	0.00464	0.00420
81	0.05245	0.00794	0.01054	0.00819	0.01166	0.00702	0.00673	0.03643	0.01314	0.74155	0.01799	0.04046	0.01179	0.00597	0.00465	0.00145	0.00393	0.00485	0.00558	0.00768
82	0.06060	0.13096	0.07755	0.07811	0.10886	0.22127	0.08399	0.07151	0.02490	0.02958	0.00849	0.01061	0.00692	0.02901	0.00523	0.00144	0.03866	0.00370	0.00256	0.00604

[dist]
# distance from previous block
# <min> <max>
1	2

[block]
# block no. 1 follows, 55 sequences, length 47
# corresponding to MSA columns:
# 456-481,493-513
name=unknown_B
#
# <colnr> <probs for GDERKNQSTAVLIFYWHMCP>
#	G	D	E	R	K	N	Q	S	T	A	V	L	I	F	Y	W	H	M	C	P
0	0.00708	0.00553	0.00677	0.00693	0.03214	0.00537	0.01757	0.02322	0.05959	0.02640	0.09255	0.19580	0.30912	0.13100	0.04199	0.00229	0.01940	0.00892	0.00401	0.00431
1	0.01390	0.38577	0.02935	0.00991	0.01300	0.35509	0.02924	0.01541	0.01118	0.01164	0.04177	0.03071	0.00839	0.00546	0.02006	0.00128	0.00650	0.00338	0.00238	0.00559
2	0.02742	0.01074	0.10721	0.00933	0.05243	0.00790	0.02214	0.08006	0.01079	0.03129	0.00882	0.01021	0.00704	0.00452	0.02112	0.00107	0.00439	0.00316	0.00285	0.57753
3	0.04815	0.18241	0.18217	0.06359	0.10110	0.08434	0.02663	0.19252	0.01294	0.05127	0.00892	0.01009	0.00679	0.00466	0.00417	0.00133	0.00580	0.00355	0.00287	0.00670
4	0.03417	0.00705	0.00817	0.00728	0.00859	0.00770	0.00532	0.21804	0.01105	0.01529	0.01288	0.02127	0.01271	0.36912	0.23682	0.00440	0.00684	0.00546	0.00322	0.00462
5	0.00685	0.00513	0.00640	0.00601	0.00727	0.00487	0.00453	0.00976	0.07038	0.01817	0.67946	0.03438	0.11018	0.00948	0.00543	0.00148	0.00232	0.00831	0.00502	0.00457
6	0.01199	0.01361	0.22063	0.12711	0.22895	0.01039	0.08368	0.04668	0.05107	0.12666	0.02723	0.01267	0.00851	0.00477	0.00468	0.00147	0.00578	0.00431	0.00295	0.00688
7	0.00567	0.00405	0.00540	0.00648	0.00675	0.00378	0.00432	0.00648	0.00891	0.01188	0.02564	0.83347	0.03077	0.01457	0.00594	0.00189	0.00270	0.01323	0.00432	0.00378
8	0.06555	0.01000	0.02294	0.05003	0.03053	0.08202	0.06900	0.01198	0.04217	0.01221	0.00931	0.01492	0.00893	0.16666	0.07040	0.00268	0.31872	0.00461	0.00245	0.00488
9	0.01249	0.07514	0.20188	0.02798	0.22311	0.02846	0.05124	0.06948	0.12850	0.10342	0.02596	0.01257	0.00904	0.00490	0.00453	0.00142	0.00545	0.00421	0.00315	0.00706
10	0.01768	0.01303	0.01396	0.01070	0.01443	0.01443	0.00884	0.79197	0.02187	0.02932	0.01117	0.01117	0.00791	0.00558	0.00465	0.00140	0.00512	0.00419	0.00465	0.00791
11	0.00893	0.00847	0.01398	0.74118	0.02999	0.01074	0.01264	0.01181	0.00908	0.01181	0.00805	0.01217	0.00619	0.00501	0.00575	0.00160	0.09124	0.00413	0.00206	0.00516
12	0.86937	0.00900	0.00684	0.00612	0.00900	0.01044	0.00504	0.01368	0.00792	0.02087	0.00648	0.00756	0.00504	0.00432	0.00288	0.00144	0.00360	0.00252	0.00288	0.00504
13	0.00669	0.00513	0.00671	0.00660	0.00726	0.00561	0.00482	0.00776	0.00797	0.01086	0.03698	0.05083	0.15066	0.24700	0.36322	0.00497	0.06357	0.00657	0.00298	0.00381
14	0.01035	0.02167	0.65627	0.01290	0.01910	0.01124	0.03536	0.09137	0.06827	0.01650	0.00942	0.01057	0.00672	0.00466	0.00449	0.00148	0.00650	0.00370	0.00244	0.00700
15	0.01661	0.06304	0.03462	0.01140	0.04720	0.08194	0.00917	0.59484	0.05401	0.02533	0.01073	0.01097	0.00784	0.00537	0.00451	0.00137	0.00538	0.00401	0.00414	0.00751
16	0.01079	0.15609	0.26673	0.03164	0.04419	0.05784	0.02359	0.02959	0.03137	0.05640	0.04289	0.01308	0.00939	0.00904	0.11510	0.00217	0.02379	0.01902	0.00264	0.05462
17	0.12048	0.06364	0.18819	0.03515	0.01436	0.05020	0.04653	0.10645	0.09761	0.08790	0.03534	0.03345	0.00985	0.04404	0.00519	0.00155	0.00511	0.00428	0.00331	0.04736
18	0.01018	0.01018	0.01425	0.01221	0.01221	0.01425	0.01018	0.01120	0.00712	0.01120	0.00611	0.01018	0.00611	0.00814	0.01527	0.00204	0.82799	0.00407	0.00204	0.00509
19	0.01152	0.01102	0.01862	0.02796	0.78288	0.01107	0.01406	0.01460	0.03498	0.01533	0.00907	0.01169	0.00758	0.00421	0.00461	0.00139	0.00547	0.00418	0.00238	0.00737
20	0.00864	0.00805	0.04554	0.03772	0.01079	0.04307	0.02201	0.05657	0.10112	0.01390	0.04175	0.23954	0.03359	0.04936	0.15913	0.00292	0.06853	0.04933	0.00352	0.00492
21	0.00671	0.00449	0.00509	0.00514	0.00516	0.00447	0.00289	0.00675	0.00687	0.00916	0.01519	0.06937	0.01758	0.79666	0.02282	0.00438	0.00442	0.00708	0.00289	0.00287
22	0.00750	0.00535	0.00750	0.00857	0.00964	0.00535	0.00750	0.00964	0.01071	0.01392	0.02463	0.05248	0.02677	0.01285	0.00643	0.00214	0.00428	0.77617	0.00428	0.00428
23	0.00879	0.00827	0.01395	0.82532	0.03204	0.01034	0.01292	0.01189	0.00930	0.01189	0.00827	0.01240	0.00620	0.00465	0.00465	0.00155	0.00620	0.00413	0.00207	0.00517
24	0.00920	0.00733	0.00781	0.00770	0.00876	0.09191	0.00563	0.05881	0.05807	0.04383	0.02918	0.32450	0.03325	0.04382	0.11055	0.11021	0.01971	0.02168	0.00362	0.00442
25	0.01275	0.01046	0.01105	0.00958	0.01239	0.01195	0.00755	0.18246	0.61647	0.02143	0.01723	0.01608	0.01284	0.00614	0.00468	0.00153	0.00394	0.00501	0.02909	0.00739
26	0.00679	0.00497	0.00640	0.00600	0.00716	0.00469	0.00451	0.00944	0.04576	0.01869	0.77243	0.03403	0.04266	0.00938	0.00546	0.00147	0.00226	0.00828	0.00511	0.00451
27	0.00592	0.00422	0.00537	0.00616	0.00650	0.00397	0.00409	0.00666	0.00876	0.01159	0.03992	0.60949	0.07449	0.15978	0.00906	0.00233	0.00303	0.03095	0.00407	0.00364
28	0.00778	0.00512	0.00613	0.00594	0.00720	0.00474	0.00434	0.02414	0.03082	0.08156	0.19858	0.17971	0.26531	0.07246	0.02143	0.03774	0.00301	0.00876	0.03089	0.00436
29	0.05532	0.00928	0.01086	0.00865	0.01179	0.00939	0.00704	0.29110	0.04215	0.34344	0.07160	0.05686	0.02927	0.00647	0.00470	0.00145	0.00408	0.00522	0.02417	0.00715
30	0.01230	0.80392	0.05858	0.00819	0.01230	0.01808	0.00836	0.01397	0.00947	0.01111	0.00655	0.00757	0.00597	0.00400	0.00305	0.00102	0.00506	0.00253	0.00199	0.00601
31	0.00661	0.00475	0.00574	0.00599	0.00699	0.00433	0.00430	0.02618	0.01058	0.03845	0.16719	0.36660	0.26801	0.03838	0.00623	0.00178	0.00269	0.02660	0.00446	0.00414
32	0.00644	0.00462	0.00597	0.00651	0.00719	0.00445	0.00457	0.00771	0.02658	0.02538	0.03880	0.50908	0.08887	0.08396	0.10142	0.00268	0.00407	0.04064	0.00399	0.02705
33	0.00674	0.00543	0.00597	0.00597	0.00728	0.00523	0.00433	0.00978	0.13764	0.01388	0.11495	0.18984	0.38021	0.08295	0.00704	0.00188	0.00281	0.00932	0.00434	0.00441
34	0.00666	0.00484	0.00679	0.00682	0.00741	0.00542	0.00499	0.00786	0.00732	0.01035	0.01334	0.03993	0.01346	0.24704	0.58902	0.00656	0.01013	0.00564	0.00262	0.00379
35	0.00605	0.00473	0.00542	0.00560	0.00671	0.00427	0.00407	0.00761	0.03162	0.01354	0.17682	0.21678	0.39641	0.06256	0.00672	0.00182	0.00264	0.03821	0.00438	0.00402
36	0.01011	0.00831	0.00966	0.00717	0.01097	0.00673	0.00571	0.04825	0.05128	0.03217	0.04267	0.03339	0.00959	0.00429	0.00374	0.00085	0.00347	0.00351	0.00315	0.70498
37	0.09108	0.00855	0.01065	0.00827	0.01177	0.00797	0.00681	0.10250	0.03114	0.59502	0.03201	0.01480	0.01111	0.00561	0.00449	0.00141	0.00399	0.00445	0.00524	0.04313
38	0.00746	0.00496	0.00612	0.00610	0.00742	0.00446	0.00466	0.00907	0.01133	0.08296	0.26724	0.17034	0.27431	0.01105	0.00557	0.00164	0.00272	0.09825	0.01993	0.00443
39	0.02182	0.00490	0.00589	0.00610	0.00707	0.00467	0.00439	0.04004	0.01019	0.02487	0.11524	0.34719	0.21324	0.03906	0.05033	0.03409	0.00332	0.02032	0.04316	0.00409
40	0.04723	0.00493	0.00607	0.00616	0.00701	0.00502	0.00443	0.02239	0.02032	0.02512	0.06125	0.21586	0.09390	0.07992	0.15761	0.11717	0.00481	0.00740	0.10950	0.00390
41	0.04751	0.00520	0.00648	0.00633	0.00719	0.00540	0.00453	0.00879	0.00828	0.06620	0.03828	0.08614	0.09933	0.30576	0.25098	0.00436	0.02152	0.02049	0.00327	0.00396
42	0.00949	0.00611	0.00706	0.00661	0.02097	0.00624	0.00477	0.10919	0.03760	0.05834	0.11827	0.02444	0.07504	0.20982	0.06268	0.00252	0.00404	0.01879	0.21329	0.00473
43	0.00943	0.00747	0.00957	0.03096	0.09654	0.03240	0.01899	0.10239	0.01107	0.04360	0.04183	0.09530	0.16999	0.04132	0.14321	0.02419	0.03974	0.04747	0.02947	0.00506
44	0.03225	0.09005	0.02413	0.03416	0.11318	0.06410	0.02788	0.07036	0.12591	0.09739	0.10193	0.04562	0.03428	0.05718	0.02302	0.00172	0.00465	0.00523	0.04094	0.00602
45	0.01176	0.00914	0.00917	0.02343	0.02206	0.10845	0.00640	0.11744	0.10591	0.12036	0.09552	0.11394	0.15775	0.02968	0.00550	0.00159	0.00410	0.03102	0.02114	0.00566
46	0.01011	0.10186	0.09922	0.11579	0.08801	0.05736	0.05639	0.06507	0.01047	0.01393	0.03915	0.12208	0.02963	0.04951	0.02336	0.01503	0.04961	0.00550	0.02711	0.02082

[dist]
# distance from previous block
# <min> <max>
4	29

[block]
# block no. 2 follows, 55 sequences, length 39
# corresponding to MSA columns:
# 543-581
name=unknown_C
#
# <colnr> <probs for GDERKNQSTAVLIFYWHMCP>
#	G	D	E	R	K	N	Q	S	T	A	V	L	I	F	Y	W	H	M	C	P
0	0.01025	0.18316	0.02890	0.02859	0.03670	0.02121	0.04731	0.06459	0.09515	0.02796	0.04164	0.17166	0.01446	0.04881	0.03352	0.02161	0.09553	0.02031	0.00323	0.00543
1	0.00772	0.00535	0.00670	0.00721	0.04908	0.00505	0.00480	0.03808	0.01026	0.06213	0.11551	0.26032	0.19628	0.15809	0.02148	0.00224	0.00338	0.02315	0.01884	0.00433
2	0.06555	0.02565	0.02449	0.00816	0.01034	0.03814	0.02074	0.16493	0.03763	0.11709	0.09196	0.11253	0.07646	0.04000	0.05315	0.03730	0.02952	0.01904	0.02176	0.00555
3	0.00737	0.00572	0.00709	0.00706	0.00822	0.00576	0.02258	0.01047	0.13594	0.02896	0.09750	0.31331	0.17459	0.06885	0.02383	0.00204	0.02244	0.04948	0.00425	0.00457
4	0.00937	0.00608	0.00735	0.00692	0.00852	0.00601	0.00521	0.03531	0.12439	0.13099	0.14106	0.18829	0.16397	0.06017	0.06776	0.00222	0.00383	0.02292	0.00449	0.00512
5	0.00770	0.00579	0.00682	0.00680	0.00809	0.00572	0.00498	0.04610	0.13012	0.03352	0.14068	0.35746	0.15940	0.02542	0.00579	0.00172	0.00293	0.02379	0.00449	0.02269
6	0.02647	0.00695	0.00856	0.00742	0.00968	0.00664	0.00580	0.05637	0.09504	0.31983	0.11111	0.10805	0.10145	0.07318	0.00653	0.00179	0.00354	0.04069	0.00488	0.00601
7	0.00669	0.00444	0.00577	0.00647	0.00715	0.00407	0.00453	0.00769	0.00955	0.06120	0.04542	0.63821	0.11830	0.01352	0.00582	0.00183	0.00280	0.04802	0.00442	0.00409
8	0.00807	0.00552	0.00645	0.00638	0.00763	0.00527	0.00461	0.06849	0.03493	0.07509	0.02878	0.31461	0.26277	0.11165	0.02259	0.00213	0.00333	0.02297	0.00425	0.00447
9	0.00680	0.00515	0.00749	0.00741	0.00811	0.00602	0.00567	0.00826	0.00738	0.01062	0.01244	0.01928	0.01198	0.12147	0.69832	0.00693	0.04497	0.00514	0.00251	0.00405
10	0.00965	0.00827	0.00965	0.00689	0.01102	0.00620	0.00551	0.01171	0.00965	0.01516	0.00827	0.00965	0.00689	0.00345	0.00345	0.00069	0.00345	0.00276	0.00276	0.86494
11	0.83940	0.00903	0.00697	0.00623	0.00911	0.01048	0.00512	0.01406	0.03555	0.02082	0.00691	0.00790	0.00536	0.00439	0.00294	0.00144	0.00360	0.00261	0.00294	0.00512
12	0.00685	0.00607	0.01030	0.00920	0.01066	0.00561	0.18232	0.00841	0.00962	0.01266	0.02502	0.53548	0.13545	0.01176	0.00577	0.00177	0.00382	0.01099	0.00387	0.00437
13	0.00568	0.00479	0.00494	0.00497	0.00647	0.00411	0.00370	0.00714	0.02819	0.01290	0.07334	0.09250	0.71178	0.01175	0.00551	0.00159	0.00240	0.00987	0.00436	0.00401
14	0.00573	0.00412	0.00546	0.00650	0.00684	0.00384	0.00442	0.00660	0.00903	0.01198	0.02627	0.77921	0.05456	0.01442	0.00594	0.00189	0.00275	0.04231	0.00432	0.00380
15	0.00558	0.00472	0.00482	0.00480	0.00633	0.00396	0.00360	0.00683	0.01079	0.01302	0.10323	0.04403	0.74922	0.01161	0.00550	0.00156	0.00234	0.00971	0.00438	0.00396
16	0.01244	0.83930	0.02438	0.00796	0.01194	0.01841	0.00796	0.01393	0.00945	0.01095	0.00647	0.00746	0.00597	0.00398	0.00299	0.00100	0.00498	0.00249	0.00199	0.00597
17	0.01139	0.01234	0.01262	0.01121	0.01202	0.22632	0.00900	0.01259	0.00881	0.01117	0.00766	0.01131	0.00717	0.01256	0.17153	0.00289	0.44825	0.00397	0.00222	0.00498
18	0.86937	0.00900	0.00684	0.00612	0.00900	0.01044	0.00504	0.01368	0.00792	0.02087	0.00648	0.00756	0.00504	0.00432	0.00288	0.00144	0.00360	0.00252	0.00288	0.00504
19	0.01018	0.01018	0.01425	0.01221	0.01221	0.01425	0.01018	0.01120	0.00712	0.01120	0.00611	0.01018	0.00611	0.00814	0.01527	0.00204	0.82799	0.00407	0.00204	0.00509
20	0.00677	0.00451	0.00507	0.00507	0.00507	0.00451	0.00282	0.00677	0.00677	0.00902	0.01466	0.03044	0.01691	0.83650	0.02368	0.00451	0.00451	0.00677	0.00282	0.00282
21	0.01098	0.01255	0.02745	0.01961	0.02431	0.01176	0.79059	0.01490	0.01098	0.01490	0.00941	0.01255	0.00706	0.00392	0.00549	0.00157	0.00784	0.00549	0.00235	0.00627
22	0.00665	0.00496	0.00735	0.00735	0.00814	0.00575	0.00566	0.00823	0.00744	0.01071	0.01258	0.01891	0.01191	0.07660	0.77673	0.00732	0.01205	0.00508	0.00251	0.00408
23	0.01738	0.02217	0.01318	0.01199	0.01438	0.81783	0.00899	0.01858	0.01318	0.01139	0.00719	0.00839	0.00599	0.00479	0.00419	0.00120	0.00839	0.00300	0.00240	0.00539
24	0.07372	0.00948	0.00718	0.00666	0.00834	0.20356	0.00507	0.05398	0.01109	0.01678	0.01239	0.01413	0.00977	0.00520	0.00353	0.00115	0.00394	0.00387	0.54532	0.00483
25	0.00728	0.00493	0.00593	0.00558	0.00698	0.00439	0.00420	0.00904	0.01200	0.07209	0.43687	0.05161	0.29718	0.02448	0.00568	0.00155	0.00242	0.00855	0.03478	0.00444
26	0.01768	0.01303	0.01396	0.01070	0.01443	0.01443	0.00884	0.79197	0.02187	0.02932	0.01117	0.01117	0.00791	0.00558	0.00465	0.00140	0.00512	0.00419	0.00465	0.00791
27	0.00566	0.00408	0.00537	0.00641	0.00673	0.00378	0.00429	0.00649	0.00898	0.01190	0.02652	0.80118	0.06249	0.01446	0.00592	0.00188	0.00269	0.01309	0.00432	0.00378
28	0.83742	0.00896	0.00699	0.00620	0.00911	0.01030	0.00511	0.01401	0.00812	0.05061	0.00692	0.00787	0.00528	0.00437	0.00295	0.00144	0.00361	0.00260	0.00299	0.00515
29	0.00598	0.00419	0.00538	0.00621	0.00644	0.00400	0.00406	0.00664	0.00845	0.01126	0.02302	0.62151	0.02738	0.20856	0.01014	0.00252	0.00317	0.03357	0.00396	0.00357
30	0.01002	0.00579	0.00697	0.00653	0.00769	0.00572	0.00461	0.01221	0.09786	0.16476	0.03522	0.10682	0.01798	0.39381	0.01372	0.00296	0.00396	0.05729	0.04148	0.00460
31	0.00816	0.00525	0.00629	0.00605	0.00756	0.00476	0.00455	0.01016	0.04674	0.11810	0.21236	0.18702	0.31304	0.01064	0.00541	0.00159	0.00268	0.02253	0.02243	0.00469
32	0.02712	0.00589	0.00762	0.00691	0.00844	0.00561	0.00514	0.04087	0.02111	0.24525	0.07018	0.15480	0.05305	0.11588	0.05545	0.14643	0.00416	0.01712	0.00411	0.00487
33	0.02014	0.00909	0.01152	0.00883	0.01246	0.00858	0.00730	0.19895	0.01528	0.63165	0.01671	0.01477	0.01069	0.00572	0.00467	0.00143	0.00422	0.00457	0.00550	0.00792
34	0.00797	0.00606	0.00691	0.00644	0.00809	0.00603	0.00491	0.02258	0.18192	0.04036	0.32932	0.04554	0.25451	0.00980	0.02202	0.00164	0.00287	0.00786	0.03013	0.00503
35	0.02847	0.00794	0.02591	0.00795	0.01046	0.00766	0.00643	0.07206	0.12640	0.32122	0.11202	0.02169	0.07301	0.08170	0.03525	0.00198	0.02848	0.02032	0.00471	0.00632
36	0.02841	0.00704	0.00880	0.00726	0.00952	0.00674	0.00563	0.07542	0.01181	0.40032	0.05548	0.03256	0.01411	0.18494	0.00895	0.00208	0.02824	0.00532	0.10131	0.00604
37	0.00634	0.00470	0.00557	0.00588	0.00697	0.00422	0.00429	0.00780	0.02483	0.03612	0.12783	0.33021	0.35480	0.01231	0.00567	0.00170	0.00263	0.04954	0.00446	0.00412
38	0.04215	0.00519	0.00620	0.00648	0.00732	0.00524	0.00468	0.03532	0.02473	0.01330	0.05706	0.35886	0.13815	0.12043	0.03942	0.00233	0.02791	0.06583	0.03529	0.00408

[dist]
# distance from previous block
# <min> <max>
0	1

[block]
# block no. 3 follows, 55 sequences, length 22
# corresponding to MSA columns:
# 583-604
name=unknown_D
#
# <colnr> <probs for GDERKNQSTAVLIFYWHMCP>
#	G	D	E	R	K	N	Q	S	T	A	V	L	I	F	Y	W	H	M	C	P
0	0.01035	0.00944	0.03906	0.09941	0.15943	0.00919	0.18894	0.03930	0.01072	0.07315	0.01673	0.08240	0.12051	0.00673	0.00575	0.00157	0.06029	0.02449	0.03671	0.00583
1	0.19217	0.18940	0.19490	0.07688	0.06540	0.13587	0.01051	0.01447	0.00971	0.01431	0.00727	0.00897	0.00588	0.00458	0.00441	0.00136	0.05270	0.00311	0.00226	0.00586
2	0.01216	0.01095	0.01361	0.23498	0.20284	0.11786	0.01043	0.14259	0.01205	0.04291	0.01021	0.03090	0.00864	0.05668	0.03403	0.02823	0.00602	0.01608	0.00286	0.00595
3	0.00998	0.22581	0.03274	0.01925	0.01094	0.06378	0.02510	0.01223	0.06763	0.01208	0.02282	0.06587	0.04254	0.12684	0.06755	0.00229	0.11106	0.02616	0.00277	0.05259
4	0.00801	0.00618	0.00708	0.02424	0.02436	0.03847	0.00518	0.02298	0.05667	0.05639	0.18990	0.14328	0.23840	0.06396	0.07576	0.00226	0.00400	0.02410	0.00418	0.00459
5	0.01917	0.00496	0.00596	0.00628	0.00716	0.00477	0.00440	0.02201	0.05754	0.03729	0.09085	0.44381	0.15158	0.07541	0.00719	0.01906	0.00291	0.01034	0.02513	0.00419
6	0.23590	0.00884	0.00987	0.00796	0.01120	0.00898	0.00652	0.11053	0.08510	0.41258	0.01440	0.01337	0.00970	0.00541	0.00416	0.00143	0.00391	0.00411	0.03903	0.00699
7	0.01658	0.01046	0.01169	0.00928	0.01253	0.01115	0.00756	0.41437	0.13348	0.21132	0.01444	0.01384	0.01012	0.00572	0.00452	0.00140	0.00432	0.00448	0.09529	0.00746
8	0.00642	0.00493	0.00547	0.00543	0.00652	0.00459	0.00383	0.00824	0.05723	0.01341	0.17961	0.10417	0.36257	0.18902	0.00936	0.00220	0.00289	0.00880	0.02133	0.00398
9	0.00717	0.00478	0.00571	0.00595	0.00638	0.00469	0.00386	0.03924	0.00861	0.02985	0.01970	0.33253	0.03917	0.40868	0.01429	0.00309	0.00371	0.02603	0.03293	0.00361
10	0.00675	0.00458	0.00544	0.00544	0.00557	0.00471	0.00328	0.00700	0.00687	0.00929	0.01432	0.02859	0.01611	0.71444	0.14464	0.00496	0.00572	0.00649	0.00277	0.00302
11	0.00937	0.00611	0.00692	0.00636	0.00798	0.00625	0.00493	0.06328	0.13324	0.05200	0.27572	0.02483	0.05321	0.00742	0.00456	0.00137	0.00276	0.03257	0.29594	0.00518
12	0.00719	0.00465	0.00612	0.00680	0.00743	0.00439	0.00476	0.02807	0.00959	0.06818	0.02431	0.67758	0.02810	0.04245	0.00647	0.00195	0.00301	0.06041	0.00437	0.00417
13	0.04606	0.00888	0.01125	0.00865	0.01225	0.00832	0.00715	0.16162	0.01470	0.64531	0.01669	0.01474	0.01067	0.00568	0.00462	0.00143	0.00416	0.00452	0.00547	0.00783
14	0.00578	0.00417	0.00541	0.00625	0.00667	0.00387	0.00421	0.00671	0.00932	0.01242	0.09652	0.67804	0.08291	0.04607	0.00656	0.00193	0.00270	0.01231	0.00433	0.00381
15	0.01744	0.02027	0.01335	0.01172	0.01439	0.65094	0.00896	0.17924	0.01499	0.01511	0.00802	0.00897	0.00639	0.00496	0.00429	0.00124	0.00771	0.00324	0.00287	0.00592
16	0.00661	0.00492	0.00728	0.00733	0.00810	0.00567	0.00562	0.00816	0.00750	0.01076	0.01310	0.05207	0.01265	0.07070	0.74864	0.00711	0.01170	0.00540	0.00258	0.00408
17	0.01151	0.01105	0.01888	0.02855	0.80748	0.01105	0.01428	0.01428	0.01059	0.01520	0.00875	0.01151	0.00737	0.00415	0.00461	0.00138	0.00553	0.00415	0.00230	0.00737
18	0.01098	0.01255	0.02745	0.01961	0.02431	0.01176	0.79059	0.01490	0.01098	0.01490	0.00941	0.01255	0.00706	0.00392	0.00549	0.00157	0.00784	0.00549	0.00235	0.00627
19	0.00750	0.00535	0.00750	0.00857	0.00964	0.00535	0.00750	0.00964	0.01071	0.01392	0.02463	0.05248	0.02677	0.01285	0.00643	0.00214	0.00428	0.77617	0.00428	0.00428
20	0.01080	0.02183	0.65860	0.01304	0.01907	0.01103	0.01558	0.07707	0.01148	0.01670	0.01198	0.06626	0.03224	0.00615	0.00506	0.00170	0.00667	0.00470	0.00280	0.00723
21	0.00688	0.00493	0.00626	0.00728	0.00765	0.00450	0.00484	0.00738	0.00965	0.01298	0.02648	0.82049	0.03143	0.01515	0.00640	0.00209	0.00311	0.01343	0.00468	0.00440

[dist]
# distance from previous block
# <min> <max>
0	8

[block]
# block no. 4 follows, 55 sequences, length 19
# corresponding to MSA columns:
# 613-631
name=unknown_E
#
# <colnr> <probs for GDERKNQSTAVLIFYWHMCP>
#	G	D	E	R	K	N	Q	S	T	A	V	L	I	F	Y	W	H	M	C	P
0	0.00731	0.00546	0.00794	0.00791	0.00879	0.00619	0.00609	0.00879	0.00790	0.01142	0.01305	0.01906	0.01218	0.03501	0.81038	0.00753	0.01260	0.00518	0.00271	0.00449
1	0.01029	0.00980	0.01349	0.01175	0.01188	0.01321	0.00958	0.01112	0.00756	0.01164	0.00784	0.01300	0.00786	0.06197	0.08551	0.00277	0.69867	0.00452	0.00234	0.00520
2	0.02035	0.01005	0.01226	0.00950	0.01316	0.00970	0.00776	0.27583	0.01649	0.54672	0.01653	0.01511	0.01088	0.00611	0.00494	0.00154	0.00456	0.00472	0.00558	0.00822
3	0.00583	0.00416	0.00545	0.00639	0.00672	0.00391	0.00430	0.00667	0.00896	0.01192	0.04335	0.70916	0.05004	0.07338	0.00721	0.00207	0.00286	0.03965	0.00423	0.00375
4	0.00994	0.00844	0.00980	0.00703	0.01115	0.00650	0.00563	0.04006	0.01009	0.01567	0.00837	0.00970	0.00693	0.00352	0.00349	0.00071	0.00351	0.00281	0.00283	0.83381
5	0.00667	0.00454	0.00515	0.00517	0.00544	0.00450	0.00311	0.00700	0.00738	0.00989	0.01824	0.04796	0.10060	0.65314	0.06565	0.00418	0.00460	0.00703	0.03666	0.00309
6	0.00677	0.00451	0.00507	0.00507	0.00507	0.00451	0.00282	0.00677	0.00677	0.00902	0.01466	0.03044	0.01691	0.83650	0.02368	0.00451	0.00451	0.00677	0.00282	0.00282
7	0.00714	0.00476	0.00552	0.00541	0.00595	0.00463	0.00347	0.00813	0.02694	0.03220	0.17091	0.06488	0.08141	0.50373	0.01624	0.00330	0.00369	0.00739	0.04077	0.00355
8	0.00668	0.00497	0.00733	0.00737	0.00816	0.00572	0.00569	0.00826	0.00753	0.01079	0.01296	0.02004	0.01240	0.08191	0.74616	0.00714	0.01174	0.02851	0.00257	0.00408
9	0.00621	0.00480	0.00601	0.00644	0.00719	0.00477	0.00464	0.00759	0.03176	0.01202	0.02788	0.39780	0.22376	0.06428	0.11093	0.00268	0.03276	0.04057	0.00393	0.00398
10	0.00569	0.00408	0.00536	0.00638	0.00669	0.00380	0.00425	0.00649	0.00891	0.01182	0.02611	0.78351	0.05803	0.03682	0.00640	0.00195	0.00274	0.01293	0.00428	0.00376
11	0.50089	0.00964	0.01011	0.16834	0.01494	0.01108	0.02463	0.15637	0.01097	0.04305	0.00809	0.00952	0.00602	0.00465	0.00366	0.00146	0.00449	0.00327	0.00312	0.00570
12	0.01088	0.02363	0.05144	0.04964	0.19869	0.08824	0.03550	0.09629	0.07308	0.01562	0.06141	0.04729	0.11759	0.03640	0.00624	0.02058	0.04200	0.00553	0.01407	0.00587
13	0.01013	0.00734	0.00722	0.00658	0.00798	0.07333	0.00508	0.10502	0.01119	0.01686	0.03387	0.01805	0.06129	0.03947	0.05783	0.00178	0.06168	0.00476	0.46574	0.00481
14	0.00756	0.00600	0.00795	0.01924	0.05436	0.00619	0.02649	0.02497	0.06835	0.01317	0.11477	0.13921	0.11882	0.22686	0.08585	0.00294	0.03320	0.03612	0.00361	0.00436
15	0.03547	0.05667	0.05672	0.08474	0.04784	0.06395	0.05618	0.05063	0.02298	0.04775	0.02834	0.01539	0.09374	0.00535	0.00452	0.00122	0.02413	0.01842	0.00301	0.28294
16	0.19865	0.04202	0.04355	0.03584	0.12397	0.09376	0.08154	0.09839	0.06653	0.05512	0.01165	0.04007	0.03178	0.00597	0.01968	0.00155	0.00528	0.01959	0.01895	0.00611
17	0.08039	0.01024	0.02365	0.05879	0.21223	0.05278	0.02825	0.13353	0.04254	0.03859	0.05215	0.01438	0.02470	0.03096	0.04615	0.01980	0.00525	0.01316	0.00317	0.10931
18	0.10994	0.06005	0.06908	0.06745	0.14902	0.05412	0.03689	0.07676	0.12012	0.01646	0.03836	0.01333	0.02499	0.02950	0.00541	0.02629	0.01884	0.00417	0.00302	0.07618

[dist]
# distance from previous block
# <min> <max>
1	13

[block]
# block no. 5 follows, 55 sequences, length 23
# corresponding to MSA columns:
# 645-667
name=unknown_F
#
# <colnr> <probs for GDERKNQSTAVLIFYWHMCP>
#	G	D	E	R	K	N	Q	S	T	A	V	L	I	F	Y	W	H	M	C	P
0	0.06029	0.00784	0.01048	0.14219	0.14043	0.03010	0.00801	0.04466	0.03694	0.03617	0.13275	0.07091	0.06245	0.04509	0.03467	0.04311	0.03016	0.01970	0.01969	0.02436
1	0.01136	0.01147	0.03555	0.12079	0.25857	0.11889	0.04728	0.05211	0.11980	0.01512	0.01244	0.07276	0.01105	0.00660	0.02067	0.00162	0.00568	0.05680	0.01524	0.00621
2	0.00603	0.00425	0.00530	0.00593	0.00622	0.00403	0.00383	0.00667	0.00852	0.01132	0.05512	0.51592	0.06796	0.26345	0.01128	0.00265	0.00321	0.01089	0.00390	0.00352
3	0.04146	0.00826	0.00790	0.00745	0.00908	0.11000	0.00564	0.07542	0.06249	0.05522	0.08759	0.11804	0.17437	0.11340	0.02824	0.00210	0.00430	0.08023	0.00398	0.00483
4	0.02550	0.00841	0.01228	0.06171	0.33837	0.00876	0.00927	0.04468	0.08070	0.01583	0.04054	0.07869	0.06615	0.01994	0.01914	0.00159	0.02056	0.00551	0.13637	0.00598
5	0.00612	0.00473	0.00558	0.00589	0.00687	0.00437	0.00419	0.00794	0.05150	0.01370	0.17792	0.35732	0.29089	0.03339	0.00610	0.00175	0.00259	0.01060	0.00445	0.00411
6	0.23720	0.00959	0.01049	0.00837	0.01169	0.00997	0.00687	0.22895	0.05120	0.33506	0.03650	0.01307	0.00995	0.00548	0.00424	0.00143	0.00412	0.00413	0.00465	0.00705
7	0.00882	0.00609	0.00732	0.00713	0.00850	0.00609	0.00532	0.08854	0.09065	0.07106	0.13921	0.32593	0.10052	0.05384	0.00645	0.00184	0.00322	0.06001	0.00453	0.00493
8	0.03061	0.00771	0.00886	0.00781	0.01007	0.00798	0.00618	0.09741	0.23521	0.12413	0.22991	0.03956	0.09403	0.00797	0.00505	0.00153	0.00337	0.05538	0.00481	0.02242
9	0.00677	0.00495	0.00638	0.00599	0.00715	0.00466	0.00450	0.00938	0.04295	0.01869	0.77524	0.03409	0.04277	0.00939	0.00546	0.00147	0.00225	0.00829	0.00511	0.00450
10	0.00624	0.00479	0.00568	0.00591	0.00695	0.00441	0.00425	0.02288	0.03396	0.01428	0.21763	0.34116	0.29078	0.01202	0.00562	0.00166	0.00254	0.01054	0.00453	0.00416
11	0.05669	0.00686	0.00806	0.00718	0.00921	0.00674	0.00560	0.13041	0.02417	0.18533	0.12181	0.16743	0.12885	0.03541	0.00566	0.00166	0.00341	0.04937	0.04063	0.00552
12	0.01208	0.00964	0.01032	0.00914	0.01172	0.01092	0.00717	0.10974	0.59578	0.04435	0.03171	0.03883	0.01448	0.00656	0.00472	0.00154	0.00373	0.02036	0.05011	0.00708
13	0.00670	0.00452	0.00505	0.00505	0.00514	0.00448	0.00286	0.00676	0.00698	0.00922	0.01645	0.03124	0.06046	0.79097	0.02267	0.00435	0.00439	0.00693	0.00290	0.00288
14	0.11638	0.00621	0.00708	0.00639	0.00819	0.00606	0.00484	0.04101	0.02434	0.17408	0.12618	0.10056	0.17499	0.12107	0.04617	0.00221	0.00374	0.00700	0.01852	0.00499
15	0.00643	0.00472	0.00564	0.00580	0.00699	0.00421	0.00433	0.00786	0.01092	0.03839	0.22061	0.22169	0.36075	0.01178	0.00564	0.00166	0.00260	0.07127	0.00455	0.00415
16	0.00624	0.00483	0.00549	0.00562	0.00681	0.00442	0.00410	0.00823	0.05331	0.01426	0.19645	0.23355	0.37758	0.01141	0.00546	0.00160	0.00247	0.00986	0.04412	0.00419
17	0.00802	0.00408	0.00612	0.00612	0.00615	0.00411	0.00411	0.00615	0.00612	0.00819	0.00826	0.01431	0.00823	0.01695	0.05172	0.82871	0.00439	0.00408	0.00204	0.00211
18	0.00860	0.00582	0.00729	0.00713	0.00816	0.00597	0.00525	0.10357	0.01053	0.05844	0.06617	0.28818	0.04157	0.16355	0.10945	0.01551	0.01855	0.06789	0.00392	0.00446
19	0.00965	0.00827	0.00965	0.00689	0.01102	0.00620	0.00551	0.01171	0.00965	0.01516	0.00827	0.00965	0.00689	0.00345	0.00345	0.00069	0.00345	0.00276	0.00276	0.86494
20	0.00704	0.00438	0.00539	0.00542	0.00548	0.00435	0.00327	0.00666	0.00696	0.00933	0.04770	0.06310	0.01647	0.55456	0.02068	0.22306	0.00421	0.00644	0.00278	0.00273
21	0.00701	0.00516	0.00630	0.00665	0.00751	0.00503	0.00473	0.07618	0.02630	0.01420	0.09731	0.51878	0.11968	0.04967	0.00652	0.00189	0.00298	0.03550	0.00436	0.00426
22	0.12575	0.02282	0.01376	0.10898	0.16989	0.02204	0.07871	0.15257	0.08280	0.01739	0.01053	0.02632	0.00881	0.06943	0.03251	0.02830	0.01581	0.00448	0.00306	0.00605

[dist]
# distance from previous block
# <min> <max>
0	1

[block]
# block no. 6 follows, 55 sequences, length 37
# corresponding to MSA columns:
# 669-705
name=unknown_G
#
# <colnr> <probs for GDERKNQSTAVLIFYWHMCP>
#	G	D	E	R	K	N	Q	S	T	A	V	L	I	F	Y	W	H	M	C	P
0	0.00827	0.00600	0.00847	0.09428	0.08889	0.00609	0.00640	0.02254	0.04585	0.04144	0.13097	0.23685	0.04739	0.04862	0.02269	0.12626	0.00385	0.00754	0.02469	0.02292
