[name]
unknown

[dist]
# distance from previous block
# <min> <max>
7	87

[block]
# block no. 0 follows, 52 sequences, length 40
# corresponding to MSA columns:
# 97-136
name=unknown_A
#
# <colnr> <probs for GDERKNQSTAVLIFYWHMCP>
#	G	D	E	R	K	N	Q	S	T	A	V	L	I	F	Y	W	H	M	C	P
0	0.00614	0.00459	0.00601	0.00683	0.00725	0.00446	0.00470	0.00710	0.00955	0.01274	0.06442	0.68843	0.09476	0.01439	0.00655	0.00193	0.03884	0.01282	0.00443	0.00404
1	0.01535	0.01435	0.01445	0.04745	0.01582	0.25407	0.11134	0.14188	0.14798	0.10243	0.01355	0.03982	0.02575	0.00587	0.00486	0.00147	0.00619	0.00484	0.02588	0.00667
2	0.76562	0.00913	0.00750	0.04219	0.01042	0.01048	0.00561	0.01418	0.00860	0.04621	0.00888	0.00988	0.03636	0.00486	0.00325	0.00151	0.00383	0.00307	0.00312	0.00531
3	0.00695	0.00505	0.00648	0.00707	0.00749	0.00511	0.00491	0.03749	0.00945	0.01266	0.02305	0.55686	0.02705	0.16346	0.00998	0.00247	0.03946	0.06688	0.00412	0.00402
4	0.01161	0.01295	0.04482	0.01229	0.01308	0.15277	0.01028	0.01295	0.00892	0.01217	0.04170	0.01163	0.00823	0.00856	0.03507	0.00208	0.58894	0.00425	0.00234	0.00537
5	0.01109	0.01060	0.01804	0.27937	0.55688	0.01128	0.01442	0.01408	0.01061	0.01474	0.00896	0.01229	0.00729	0.00448	0.00481	0.00149	0.00598	0.00431	0.00232	0.00695
6	0.00640	0.00497	0.00593	0.00642	0.00764	0.00450	0.00502	0.00790	0.01092	0.01374	0.08427	0.19091	0.39964	0.01297	0.00608	0.00185	0.00306	0.21905	0.00454	0.00419
7	0.00599	0.00455	0.00552	0.00606	0.00691	0.00408	0.00425	0.00717	0.01050	0.01365	0.14823	0.45926	0.27939	0.01347	0.00597	0.00180	0.00262	0.01189	0.00462	0.00408
8	0.00964	0.00911	0.01542	0.68227	0.16533	0.01090	0.01370	0.01281	0.00992	0.01298	0.00870	0.01276	0.00667	0.00475	0.00484	0.00158	0.00634	0.00431	0.00220	0.00578
9	0.01296	0.83261	0.02539	0.00829	0.01244	0.01917	0.00829	0.01451	0.00985	0.01140	0.00674	0.00777	0.00622	0.00415	0.00311	0.00104	0.00518	0.00259	0.00207	0.00622
10	0.01159	0.49116	0.35485	0.01063	0.01605	0.01583	0.01236	0.01486	0.01001	0.01307	0.00757	0.00881	0.00619	0.00434	0.00374	0.00125	0.00602	0.00301	0.00206	0.00662
11	0.00906	0.00852	0.01429	0.79714	0.03269	0.01059	0.01321	0.01224	0.00972	0.01240	0.00965	0.01379	0.02680	0.00504	0.00487	0.00162	0.00636	0.00446	0.00221	0.00535
12	0.00705	0.00470	0.00529	0.00529	0.00529	0.00470	0.00294	0.00705	0.00705	0.00940	0.01527	0.03171	0.01762	0.82969	0.02467	0.00470	0.00470	0.00705	0.00294	0.00294
13	0.01026	0.01046	0.02008	0.01520	0.01811	0.01081	0.43145	0.03277	0.01003	0.01391	0.01053	0.01600	0.00928	0.11836	0.12741	0.00301	0.12864	0.00556	0.00255	0.00560
14	0.01317	0.00995	0.01138	0.11650	0.01465	0.01076	0.00791	0.36933	0.06797	0.04688	0.02054	0.02143	0.18537	0.05844	0.00626	0.00172	0.00463	0.00589	0.00430	0.02292
15	0.51107	0.01035	0.00877	0.00725	0.01064	0.07148	0.00585	0.04026	0.00971	0.01948	0.00754	0.00873	0.00601	0.00431	0.00335	0.00124	0.00414	0.00280	0.00298	0.26405
16	0.00776	0.00556	0.00686	0.00691	0.00799	0.00573	0.00503	0.02538	0.08464	0.03876	0.02374	0.24905	0.14336	0.10923	0.21598	0.00363	0.00576	0.00856	0.04152	0.00456
17	0.00972	0.02507	0.80458	0.01381	0.02097	0.01125	0.01790	0.01535	0.01023	0.01535	0.00870	0.01023	0.00614	0.00460	0.00460	0.00153	0.00716	0.00358	0.00205	0.00716
18	0.01005	0.00861	0.01005	0.00718	0.01148	0.00646	0.00574	0.01220	0.01005	0.01579	0.00861	0.01005	0.00718	0.00359	0.00359	0.00072	0.00359	0.00287	0.00287	0.85932
19	0.00972	0.02507	0.80458	0.01381	0.02097	0.01125	0.01790	0.01535	0.01023	0.01535	0.00870	0.01023	0.00614	0.00460	0.00460	0.00153	0.00716	0.00358	0.00205	0.00716
20	0.01296	0.83261	0.02539	0.00829	0.01244	0.01917	0.00829	0.01451	0.00985	0.01140	0.00674	0.00777	0.00622	0.00415	0.00311	0.00104	0.00518	0.00259	0.00207	0.00622
21	0.01296	0.83261	0.02539	0.00829	0.01244	0.01917	0.00829	0.01451	0.00985	0.01140	0.00674	0.00777	0.00622	0.00415	0.00311	0.00104	0.00518	0.00259	0.00207	0.00622
22	0.01841	0.01402	0.01451	0.01121	0.01503	0.05257	0.00922	0.74723	0.02236	0.02966	0.01144	0.01150	0.00815	0.00578	0.00483	0.00144	0.00549	0.00430	0.00474	0.00812
23	0.00632	0.00468	0.00655	0.00702	0.00761	0.00437	0.03096	0.00751	0.01007	0.01365	0.16822	0.61489	0.03306	0.05228	0.00695	0.00200	0.00299	0.01226	0.00451	0.00410
24	0.00842	0.00421	0.00631	0.00631	0.00631	0.00421	0.00421	0.00631	0.00631	0.00842	0.00842	0.01473	0.00842	0.01684	0.01894	0.85901	0.00421	0.00421	0.00210	0.00210
25	0.00618	0.00442	0.00594	0.00707	0.00747	0.00418	0.00499	0.00723	0.00955	0.01268	0.02655	0.71292	0.03144	0.01492	0.00626	0.00201	0.00305	0.12462	0.00449	0.00401
26	0.01005	0.00861	0.01005	0.00718	0.01148	0.00646	0.00574	0.01220	0.01005	0.01579	0.00861	0.01005	0.00718	0.00359	0.00359	0.00072	0.00359	0.00287	0.00287	0.85932
27	0.02067	0.00997	0.01231	0.00944	0.01323	0.00967	0.00780	0.26863	0.01675	0.55374	0.01670	0.01493	0.01078	0.00594	0.00487	0.00148	0.00451	0.00471	0.00563	0.00825
28	0.01144	0.01307	0.02859	0.02042	0.02533	0.01225	0.78186	0.01552	0.01144	0.01552	0.00980	0.01307	0.00735	0.00408	0.00572	0.00163	0.00817	0.00572	0.00245	0.00654
29	0.00644	0.00463	0.00621	0.00728	0.00786	0.00441	0.00540	0.00769	0.00989	0.01301	0.02742	0.57240	0.06541	0.01454	0.00631	0.00203	0.00326	0.22722	0.00449	0.00409
30	0.00590	0.00422	0.00562	0.00675	0.00703	0.00394	0.00450	0.00675	0.00928	0.01237	0.02671	0.82653	0.03205	0.01518	0.00619	0.00197	0.00281	0.01378	0.00450	0.00394
31	0.00988	0.00901	0.01239	0.25586	0.01760	0.03492	0.00982	0.01221	0.03557	0.01321	0.01034	0.06689	0.00931	0.00722	0.00926	0.00176	0.34130	0.00495	0.13329	0.00521
32	0.01992	0.00898	0.01143	0.00900	0.01260	0.00849	0.00736	0.07756	0.14166	0.62024	0.01869	0.01641	0.01219	0.00608	0.00488	0.00152	0.00416	0.00494	0.00574	0.00815
33	0.01017	0.00837	0.00948	0.00923	0.01133	0.00928	0.00748	0.01906	0.46773	0.01780	0.02359	0.03275	0.06641	0.00933	0.00560	0.00185	0.00397	0.27550	0.00474	0.00632
34	0.18432	0.01309	0.01221	0.00993	0.01330	0.11528	0.00803	0.39266	0.08146	0.08933	0.01151	0.01159	0.00833	0.00553	0.00440	0.00145	0.00517	0.00400	0.02120	0.00719
35	0.22108	0.01247	0.01266	0.00997	0.01360	0.01394	0.00821	0.57620	0.04220	0.02812	0.01070	0.01092	0.00772	0.00552	0.00441	0.00147	0.00491	0.00398	0.00441	0.00751
36	0.00624	0.00498	0.00565	0.00583	0.00723	0.00439	0.00451	0.00777	0.01139	0.01428	0.16311	0.09015	0.51513	0.01223	0.00590	0.00173	0.00276	0.12788	0.00463	0.00422
37	0.00779	0.00584	0.00735	0.00769	0.00858	0.00602	0.00570	0.07419	0.04777	0.01494	0.07218	0.49117	0.05281	0.02890	0.00683	0.00197	0.03937	0.11181	0.00446	0.00463
38	0.01398	0.01034	0.01151	0.00932	0.01242	0.01099	0.00747	0.35925	0.14335	0.05101	0.01362	0.03544	0.01078	0.03195	0.09001	0.00213	0.00537	0.00476	0.04453	0.13178
39	0.01131	0.01172	0.02184	0.01631	0.01997	0.01198	0.47746	0.04810	0.12982	0.01661	0.06088	0.01568	0.02847	0.00559	0.00674	0.00168	0.10054	0.00575	0.00311	0.00646

[dist]
# distance from previous block
# <min> <max>
0	4

[block]
# block no. 1 follows, 52 sequences, length 42
# corresponding to MSA columns:
# 141-150,153-184
name=unknown_B
#
# <colnr> <probs for GDERKNQSTAVLIFYWHMCP>
#	G	D	E	R	K	N	Q	S	T	A	V	L	I	F	Y	W	H	M	C	P
0	0.05428	0.01176	0.01136	0.00958	0.01220	0.13590	0.03028	0.33564	0.01577	0.02134	0.01363	0.13818	0.01213	0.00765	0.02306	0.00159	0.00517	0.00559	0.13157	0.02332
1	0.01103	0.33355	0.35749	0.01046	0.01593	0.01343	0.01195	0.01444	0.01005	0.01391	0.00793	0.00925	0.00636	0.00424	0.00384	0.00119	0.00574	0.00307	0.00221	0.16394
2	0.01257	0.73532	0.11926	0.00896	0.01347	0.01822	0.00945	0.01461	0.00989	0.01188	0.00697	0.00807	0.00621	0.00420	0.00329	0.00110	0.00542	0.00271	0.00207	0.00633
3	0.01215	0.01008	0.01076	0.00964	0.01234	0.01153	0.00750	0.02489	0.72670	0.04780	0.05636	0.01888	0.01615	0.00671	0.00497	0.00163	0.00377	0.00561	0.00499	0.00754
4	0.01016	0.01095	0.02279	0.01672	0.02063	0.01023	0.58171	0.01367	0.01170	0.01592	0.14353	0.05676	0.04934	0.00594	0.00574	0.00163	0.00669	0.00680	0.00312	0.00598
5	0.00816	0.00640	0.00757	0.00702	0.00862	0.00652	0.00534	0.01341	0.21946	0.01926	0.54430	0.03205	0.08442	0.00917	0.00551	0.00156	0.00271	0.00798	0.00518	0.00536
6	0.01361	0.33142	0.02145	0.01254	0.01578	0.22076	0.16791	0.01553	0.01081	0.01241	0.00750	0.00954	0.00648	0.00501	0.00591	0.00138	0.13009	0.00362	0.00227	0.00599
7	0.00674	0.00514	0.00632	0.00663	0.00794	0.00473	0.00535	0.00857	0.01172	0.01515	0.22644	0.05917	0.33061	0.01212	0.00607	0.00182	0.00312	0.27333	0.00469	0.00434
8	0.00617	0.00433	0.00554	0.00641	0.00663	0.00411	0.00414	0.00682	0.00876	0.01168	0.02406	0.64247	0.02871	0.20380	0.01046	0.00260	0.00325	0.01222	0.00414	0.00370
9	0.01025	0.00973	0.01652	0.51395	0.32890	0.01105	0.01400	0.01334	0.01021	0.01371	0.00881	0.01256	0.00693	0.00464	0.00483	0.00155	0.00619	0.00431	0.00225	0.00627
10	0.00674	0.00488	0.00644	0.00674	0.00767	0.00457	0.00511	0.00860	0.01199	0.01644	0.42481	0.24351	0.07068	0.01201	0.00602	0.00177	0.00283	0.14991	0.00492	0.00437
11	0.00654	0.00466	0.00598	0.00634	0.00680	0.00464	0.00428	0.00747	0.00890	0.01208	0.10740	0.31423	0.05876	0.26591	0.16005	0.00381	0.00519	0.00944	0.00377	0.00378
12	0.00590	0.00422	0.00562	0.00675	0.00703	0.00394	0.00450	0.00675	0.00928	0.01237	0.02671	0.82653	0.03205	0.01518	0.00619	0.00197	0.00281	0.01378	0.00450	0.00394
13	0.01700	0.01460	0.01688	0.04717	0.01760	0.20626	0.18117	0.25626	0.01589	0.16175	0.01145	0.01218	0.00816	0.00522	0.00493	0.00146	0.00662	0.00445	0.00384	0.00710
14	0.00698	0.00502	0.00676	0.00734	0.00828	0.00481	0.00581	0.00888	0.01160	0.01568	0.29395	0.23160	0.05184	0.01258	0.00621	0.00191	0.00327	0.30833	0.00477	0.00437
15	0.02159	0.00850	0.01140	0.00874	0.01250	0.00750	0.00722	0.05945	0.01429	0.76639	0.01877	0.01627	0.01182	0.00599	0.00487	0.00150	0.00418	0.00485	0.00594	0.00825
16	0.00846	0.00446	0.00472	0.00493	0.00590	0.00441	0.00359	0.01045	0.01000	0.01702	0.01782	0.16715	0.01604	0.00740	0.00390	0.00128	0.00236	0.00622	0.69947	0.00441
17	0.04979	0.01234	0.01317	0.01029	0.01384	0.01359	0.00845	0.64133	0.04118	0.05088	0.01244	0.02619	0.00913	0.00594	0.00469	0.00145	0.00493	0.00451	0.06810	0.00776
18	0.01435	0.01043	0.01219	0.00922	0.01318	0.03055	0.03647	0.19904	0.07772	0.14587	0.01194	0.01220	0.00881	0.00481	0.00431	0.00114	0.00442	0.00388	0.00399	0.39549
19	0.01230	0.00907	0.01134	0.15835	0.01552	0.04437	0.00847	0.18250	0.05418	0.10591	0.01270	0.01550	0.01010	0.01744	0.31562	0.00393	0.00842	0.00474	0.00351	0.00606
20	0.00879	0.00537	0.00764	0.15575	0.01146	0.00578	0.00590	0.02931	0.00863	0.01243	0.04517	0.04702	0.01144	0.01157	0.01158	0.42445	0.00410	0.00486	0.18518	0.00357
21	0.01350	0.00989	0.01119	0.01029	0.04561	0.01082	0.00772	0.02407	0.58245	0.15468	0.01965	0.01809	0.03452	0.00645	0.00490	0.00159	0.00392	0.00538	0.00494	0.03034
22	0.00655	0.00471	0.00634	0.00742	0.00804	0.00451	0.00560	0.00789	0.01000	0.01313	0.02729	0.52844	0.06296	0.01444	0.00634	0.00204	0.00336	0.27231	0.00449	0.00412
23	0.01810	0.02310	0.01373	0.01248	0.01498	0.81024	0.00936	0.01935	0.01373	0.01186	0.00749	0.00874	0.00624	0.00499	0.00437	0.00125	0.00874	0.00312	0.00250	0.00562
24	0.86392	0.00937	0.00712	0.00637	0.00937	0.01087	0.00525	0.01425	0.00825	0.02174	0.00675	0.00787	0.00525	0.00450	0.00300	0.00150	0.00375	0.00262	0.00300	0.00525
25	0.00915	0.00861	0.01453	0.81804	0.03338	0.01077	0.01346	0.01238	0.00969	0.01238	0.00861	0.01292	0.00646	0.00484	0.00484	0.00161	0.00646	0.00431	0.00215	0.00538
26	0.00589	0.00429	0.00555	0.00656	0.00698	0.00395	0.00441	0.00677	0.00946	0.01245	0.02903	0.74567	0.11141	0.01488	0.00614	0.00193	0.00277	0.01341	0.00450	0.00395
27	0.00658	0.00467	0.00529	0.00551	0.00662	0.00421	0.00399	0.00808	0.01089	0.01492	0.16611	0.24035	0.32607	0.01139	0.00541	0.00161	0.00248	0.00984	0.16177	0.00421
28	0.00622	0.00501	0.00559	0.00567	0.00714	0.00438	0.00440	0.00777	0.01155	0.01445	0.18385	0.04579	0.55564	0.01199	0.00585	0.00170	0.00269	0.11144	0.00465	0.00423
29	0.01154	0.01158	0.21544	0.01048	0.01387	0.00759	0.10231	0.01371	0.01034	0.18890	0.01591	0.15506	0.04591	0.00925	0.00776	0.15974	0.00511	0.00628	0.00351	0.00571
30	0.00925	0.00575	0.00679	0.00643	0.00824	0.00517	0.00492	0.01136	0.05331	0.15971	0.11418	0.15547	0.38588	0.01105	0.00564	0.00168	0.00296	0.04223	0.00488	0.00509
31	0.00649	0.00437	0.00536	0.00611	0.00673	0.00408	0.00421	0.00768	0.00976	0.01370	0.04931	0.56829	0.11368	0.01295	0.00561	0.00176	0.00265	0.01153	0.16165	0.00408
32	0.17175	0.01189	0.01170	0.00980	0.01300	0.04349	0.00786	0.30677	0.32942	0.02406	0.01384	0.01343	0.01025	0.00585	0.00452	0.00153	0.00457	0.00444	0.00445	0.00736
33	0.00981	0.00885	0.01303	0.42664	0.10172	0.01036	0.01098	0.01549	0.21675	0.01482	0.01379	0.11244	0.01188	0.00650	0.00502	0.00165	0.00525	0.00576	0.00320	0.00605
34	0.00923	0.00478	0.00484	0.00474	0.00590	0.00483	0.00354	0.03337	0.01041	0.01809	0.01567	0.01840	0.01250	0.03718	0.00424	0.00128	0.00244	0.00461	0.79939	0.00456
35	0.47602	0.00849	0.00759	0.00660	0.00925	0.00940	0.00535	0.10476	0.01087	0.07673	0.01062	0.01165	0.00800	0.00507	0.00345	0.00139	0.00356	0.00349	0.23210	0.00562
36	0.00986	0.05945	0.77141	0.01358	0.02061	0.01159	0.01750	0.01531	0.01021	0.01518	0.00861	0.01013	0.00614	0.00458	0.00454	0.00151	0.00708	0.00354	0.00205	0.00712
37	0.01760	0.00749	0.00965	0.00777	0.01074	0.00688	0.00630	0.05205	0.02959	0.52876	0.04025	0.01734	0.01296	0.00736	0.03968	0.00170	0.00410	0.00491	0.18769	0.00716
38	0.01027	0.00566	0.00776	0.00716	0.00806	0.00588	0.00519	0.01054	0.00831	0.15602	0.01319	0.02037	0.01229	0.23449	0.20773	0.22465	0.04976	0.00532	0.00316	0.00416
39	0.10067	0.08046	0.60153	0.01222	0.01846	0.01146	0.01502	0.01583	0.01028	0.07820	0.00918	0.01030	0.00652	0.00467	0.00435	0.00149	0.00642	0.00351	0.00246	0.00698
40	0.01561	0.01448	0.01191	0.01053	0.01283	0.33077	0.00814	0.10506	0.06826	0.13811	0.01354	0.09530	0.01192	0.04290	0.00656	0.00167	0.06670	0.03584	0.00375	0.00612
41	0.70819	0.00933	0.00794	0.00682	0.00997	0.01038	0.00561	0.03713	0.00943	0.12128	0.00851	0.00914	0.00625	0.00470	0.00331	0.00148	0.00384	0.00297	0.00343	0.03030

[dist]
# distance from previous block
# <min> <max>
0	1

[block]
# block no. 2 follows, 52 sequences, length 33
# corresponding to MSA columns:
# 186-218
name=unknown_C
#
# <colnr> <probs for GDERKNQSTAVLIFYWHMCP>
#	G	D	E	R	K	N	Q	S	T	A	V	L	I	F	Y	W	H	M	C	P
0	0.01107	0.01136	0.02073	0.24903	0.02480	0.03979	0.38904	0.01442	0.01079	0.03457	0.00937	0.01250	0.00712	0.00443	0.00537	0.00150	0.02779	0.00478	0.00250	0.11901
1	0.09343	0.00912	0.01196	0.00937	0.01256	0.00909	0.02910	0.05318	0.01234	0.48198	0.01448	0.01391	0.00978	0.00597	0.00633	0.00153	0.13126	0.00439	0.00469	0.08554
2	0.00715	0.00554	0.00658	0.00622	0.00766	0.00527	0.00469	0.01042	0.09808	0.01796	0.52741	0.03679	0.22778	0.01013	0.00563	0.00156	0.00250	0.00877	0.00508	0.00479
3	0.01225	0.00935	0.01535	0.45179	0.24111	0.01030	0.01269	0.01513	0.01083	0.15838	0.01068	0.01332	0.00781	0.00491	0.00484	0.00155	0.00584	0.00441	0.00293	0.00654
4	0.01825	0.00943	0.01144	0.00926	0.01268	0.00945	0.00749	0.09190	0.27089	0.47601	0.01865	0.01659	0.01258	0.00617	0.00489	0.00154	0.00414	0.00503	0.00554	0.00806
5	0.02160	0.00848	0.01139	0.00873	0.01249	0.00747	0.00721	0.05714	0.01426	0.76874	0.01879	0.01628	0.01183	0.00599	0.00487	0.00150	0.00418	0.00485	0.00595	0.00825
6	0.02078	0.00979	0.01220	0.00935	0.01314	0.00941	0.00773	0.24377	0.01645	0.57902	0.01695	0.01509	0.01091	0.00595	0.00487	0.00149	0.00447	0.00473	0.00566	0.00825
7	0.00941	0.00969	0.01936	0.16283	0.02150	0.00957	0.41558	0.01240	0.01049	0.01403	0.01448	0.24878	0.01435	0.00744	0.00569	0.00173	0.00630	0.00779	0.00299	0.00557
8	0.02174	0.00825	0.01125	0.00862	0.01237	0.00712	0.00712	0.02362	0.01387	0.80282	0.01912	0.01649	0.01200	0.00600	0.00487	0.00150	0.00412	0.00487	0.00600	0.00825
9	0.02174	0.00825	0.01125	0.00862	0.01237	0.00712	0.00712	0.02362	0.01387	0.80282	0.01912	0.01649	0.01200	0.00600	0.00487	0.00150	0.00412	0.00487	0.00600	0.00825
10	0.11312	0.00871	0.01027	0.00850	0.01164	0.00876	0.00684	0.02189	0.23949	0.41660	0.08709	0.01773	0.01505	0.00634	0.00475	0.00154	0.00383	0.00514	0.00529	0.00741
11	0.01903	0.01260	0.01394	0.01069	0.01454	0.01358	0.00883	0.64390	0.02115	0.17226	0.01301	0.01253	0.00893	0.00585	0.00485	0.00146	0.00511	0.00446	0.00506	0.00824
12	0.01144	0.01307	0.02859	0.02042	0.02533	0.01225	0.78186	0.01552	0.01144	0.01552	0.00980	0.01307	0.00735	0.00408	0.00572	0.00163	0.00817	0.00572	0.00245	0.00654
13	0.01224	0.00817	0.00897	0.00810	0.01042	0.00889	0.00636	0.02047	0.42182	0.12267	0.01881	0.01975	0.01441	0.00658	0.00457	0.00151	0.00345	0.04429	0.25185	0.00667
14	0.00590	0.00422	0.00562	0.00675	0.00703	0.00394	0.00450	0.00675	0.00928	0.01237	0.02671	0.82653	0.03205	0.01518	0.00619	0.00197	0.00281	0.01378	0.00450	0.00394
15	0.00946	0.00881	0.01415	0.73083	0.03113	0.01091	0.01283	0.01382	0.09397	0.01323	0.00981	0.01348	0.00736	0.00503	0.00485	0.00162	0.00618	0.00443	0.00245	0.00563
16	0.01691	0.01027	0.01195	0.00969	0.01297	0.01086	0.00785	0.27338	0.20990	0.28263	0.01625	0.01551	0.01147	0.00878	0.07655	0.00208	0.00524	0.00488	0.00505	0.00775
17	0.00702	0.00479	0.00574	0.00574	0.00590	0.00495	0.00351	0.00734	0.00718	0.00974	0.01485	0.02939	0.01661	0.68411	0.16887	0.00527	0.00622	0.00671	0.00287	0.00319
18	0.00903	0.00452	0.00452	0.00452	0.00565	0.00452	0.00339	0.01129	0.01016	0.01807	0.01581	0.01807	0.01242	0.00565	0.00339	0.00113	0.00226	0.00452	0.85659	0.00452
19	0.01512	0.01115	0.01045	0.00937	0.01177	0.19525	0.00723	0.04480	0.12071	0.26265	0.01828	0.20200	0.01628	0.00830	0.00515	0.00160	0.00492	0.04402	0.00457	0.00638
20	0.00783	0.00627	0.00962	0.00815	0.00913	0.00609	0.14603	0.00868	0.00811	0.01079	0.01576	0.02943	0.04415	0.62721	0.02003	0.00396	0.00525	0.02691	0.00294	0.00368
21	0.00590	0.00422	0.00562	0.00675	0.00703	0.00394	0.00450	0.00675	0.00928	0.01237	0.02671	0.82653	0.03205	0.01518	0.00619	0.00197	0.00281	0.01378	0.00450	0.00394
22	0.10421	0.47307	0.04969	0.01095	0.12215	0.01469	0.00872	0.01355	0.01004	0.01360	0.01261	0.01458	0.09605	0.00548	0.00382	0.00127	0.00485	0.03205	0.00258	0.00605
23	0.01038	0.13721	0.62539	0.01445	0.08903	0.01239	0.01629	0.01519	0.01025	0.01484	0.00846	0.01004	0.00629	0.00451	0.00441	0.00146	0.00676	0.00351	0.00208	0.00708
24	0.00936	0.02327	0.73344	0.01302	0.01969	0.01062	0.01664	0.01460	0.01030	0.01515	0.01229	0.01347	0.07654	0.00529	0.00470	0.00154	0.00674	0.00417	0.00226	0.00689
25	0.01367	0.07985	0.00897	0.00647	0.00881	0.00726	0.00528	0.06522	0.01203	0.24570	0.01569	0.01628	0.01147	0.00563	0.00389	0.00125	0.00326	0.00444	0.47883	0.00599
26	0.01074	0.05283	0.28665	0.03913	0.02270	0.01196	0.42975	0.01537	0.03148	0.01524	0.00997	0.03354	0.00772	0.00464	0.00520	0.00158	0.00740	0.00503	0.00241	0.00666
27	0.00995	0.08177	0.74987	0.01342	0.02037	0.01181	0.01723	0.01529	0.01020	0.01507	0.00856	0.01006	0.00614	0.00457	0.00450	0.00150	0.00702	0.00351	0.00205	0.00710
28	0.00723	0.00516	0.00639	0.00675	0.00784	0.00492	0.00520	0.03645	0.01149	0.01558	0.18502	0.25016	0.16690	0.01200	0.00583	0.00179	0.00306	0.18333	0.08048	0.00442
29	0.00963	0.23038	0.13464	0.01272	0.16406	0.01065	0.00964	0.01186	0.01009	0.01349	0.03735	0.28284	0.01678	0.00833	0.00485	0.00155	0.00470	0.02755	0.00310	0.00579
30	0.02922	0.01557	0.25233	0.14531	0.15263	0.01200	0.10492	0.17446	0.01309	0.04000	0.00974	0.01171	0.00717	0.00482	0.00483	0.00152	0.00640	0.00425	0.00288	0.00711
31	0.01217	0.01503	0.15821	0.01156	0.01498	0.16298	0.08056	0.08748	0.19474	0.01664	0.01623	0.06858	0.08073	0.00752	0.02651	0.00173	0.02892	0.00552	0.00350	0.00642
32	0.20762	0.03425	0.01306	0.01053	0.04165	0.08071	0.09081	0.05403	0.01235	0.35530	0.01354	0.04410	0.00975	0.00560	0.00450	0.00149	0.00498	0.00454	0.00428	0.00691

[dist]
# distance from previous block
# <min> <max>
4	17

[block]
# block no. 3 follows, 52 sequences, length 25
# corresponding to MSA columns:
# 236-260
name=unknown_D
#
# <colnr> <probs for GDERKNQSTAVLIFYWHMCP>
#	G	D	E	R	K	N	Q	S	T	A	V	L	I	F	Y	W	H	M	C	P
0	0.07140	0.00971	0.01406	0.21525	0.01895	0.01054	0.11323	0.19402	0.01385	0.07808	0.12643	0.01865	0.01447	0.00641	0.00532	0.00160	0.02288	0.05512	0.00379	0.00623
1	0.35214	0.00932	0.03011	0.00799	0.01143	0.00916	0.00671	0.01991	0.08335	0.40259	0.01403	0.01308	0.00945	0.00542	0.00413	0.00151	0.00403	0.00401	0.00462	0.00698
2	0.01030	0.00658	0.00806	0.00706	0.00898	0.00635	0.00549	0.08962	0.05786	0.13010	0.49675	0.03091	0.10443	0.00898	0.00547	0.00153	0.00295	0.00773	0.00528	0.00559
3	0.14130	0.03477	0.01144	0.00892	0.01218	0.01037	0.00727	0.24002	0.07324	0.30358	0.01558	0.09482	0.01197	0.00663	0.00467	0.00153	0.00430	0.00526	0.00488	0.00727
4	0.00830	0.00464	0.00498	0.00490	0.00607	0.00450	0.00367	0.01049	0.01102	0.01800	0.19164	0.02423	0.07862	0.00709	0.00408	0.00125	0.00228	0.00589	0.60385	0.00450
5	0.00699	0.00492	0.00639	0.00639	0.00678	0.00530	0.00432	0.00776	0.00738	0.01022	0.01426	0.02610	0.01518	0.47824	0.37278	0.00607	0.00837	0.00623	0.00279	0.00355
6	0.01815	0.02170	0.01385	0.01229	0.01499	0.69401	0.00934	0.13101	0.01506	0.01459	0.00810	0.00916	0.00653	0.00511	0.00444	0.00128	0.00824	0.00330	0.00284	0.00600
7	0.00982	0.02433	0.75702	0.01422	0.02124	0.01132	0.06473	0.01536	0.01031	0.01536	0.00876	0.01041	0.00621	0.00457	0.00467	0.00154	0.00722	0.00371	0.00207	0.00712
8	0.01318	0.00636	0.00843	0.00711	0.00940	0.00564	0.00561	0.01522	0.01362	0.35541	0.41711	0.02838	0.07732	0.00837	0.00535	0.00152	0.00309	0.00718	0.00557	0.00612
9	0.00577	0.00473	0.00509	0.00539	0.00667	0.00405	0.00389	0.00690	0.01059	0.01290	0.04330	0.24861	0.59927	0.01303	0.00585	0.00172	0.00255	0.01115	0.00450	0.00405
10	0.01005	0.00861	0.01005	0.00718	0.01148	0.00646	0.00574	0.01220	0.01005	0.01579	0.00861	0.01005	0.00718	0.00359	0.00359	0.00072	0.00359	0.00287	0.00287	0.85932
11	0.00638	0.00493	0.00582	0.00560	0.00695	0.00437	0.00420	0.00823	0.01260	0.01677	0.48312	0.04058	0.36117	0.01090	0.00572	0.00157	0.00236	0.00938	0.00498	0.00437
12	0.00671	0.00491	0.00647	0.00742	0.00827	0.00467	0.00582	0.00821	0.01035	0.01340	0.02952	0.37737	0.14212	0.01398	0.00634	0.00203	0.00348	0.34027	0.00448	0.00419
13	0.01144	0.01307	0.02859	0.02042	0.02533	0.01225	0.78186	0.01552	0.01144	0.01552	0.00980	0.01307	0.00735	0.00408	0.00572	0.00163	0.00817	0.00572	0.00245	0.00654
14	0.00739	0.00482	0.00693	0.00693	0.00740	0.00528	0.00499	0.00769	0.00723	0.01010	0.01201	0.01987	0.01193	0.16265	0.44469	0.25994	0.00900	0.00521	0.00251	0.00344
15	0.00584	0.00458	0.00529	0.00581	0.00679	0.00403	0.00409	0.00691	0.01028	0.01291	0.05772	0.41586	0.41552	0.01359	0.00594	0.00179	0.00262	0.01187	0.00452	0.00403
16	0.00920	0.00478	0.00486	0.00476	0.00596	0.00480	0.00359	0.03205	0.01064	0.01846	0.04606	0.01860	0.01360	0.00582	0.00352	0.00115	0.00234	0.00468	0.80051	0.00462
17	0.04386	0.01292	0.01374	0.01062	0.01432	0.01430	0.00875	0.71533	0.02161	0.02955	0.01172	0.01189	0.00839	0.00577	0.00471	0.00144	0.00511	0.00432	0.05372	0.00794
18	0.01055	0.01005	0.01707	0.42891	0.41155	0.01114	0.01416	0.01361	0.01035	0.01408	0.00886	0.01246	0.00706	0.00458	0.00482	0.00153	0.00611	0.00431	0.00227	0.00652
19	0.00601	0.00438	0.00570	0.00671	0.00718	0.00406	0.00464	0.00699	0.00958	0.01258	0.02888	0.69721	0.10845	0.01477	0.00617	0.00195	0.00289	0.06338	0.00450	0.00399
20	0.01128	0.30654	0.17268	0.00889	0.01277	0.01228	0.00903	0.09491	0.01224	0.04725	0.14096	0.01888	0.12064	0.00652	0.00444	0.00136	0.00471	0.00510	0.00337	0.00615
21	0.00996	0.08556	0.74621	0.01340	0.02033	0.01185	0.01718	0.01528	0.01020	0.01505	0.00855	0.01005	0.00614	0.00457	0.00449	0.00150	0.00701	0.00351	0.00205	0.00709
22	0.01522	0.00957	0.01100	0.00889	0.01234	0.02361	0.00714	0.07804	0.25924	0.27970	0.01687	0.01631	0.02603	0.00586	0.00464	0.00138	0.00406	0.01857	0.00476	0.19674
23	0.07668	0.01361	0.02200	0.01874	0.14190	0.11519	0.42684	0.03456	0.05417	0.03391	0.00996	0.01227	0.00763	0.00449	0.00512	0.00154	0.00714	0.00487	0.00276	0.00664
24	0.01226	0.01077	0.01143	0.03215	0.10163	0.14364	0.02404	0.10072	0.09985	0.07315	0.13287	0.10584	0.08719	0.00798	0.00520	0.00156	0.00479	0.03472	0.00414	0.00607

[dist]
# distance from previous block
# <min> <max>
0	8

[block]
# block no. 4 follows, 52 sequences, length 50
# corresponding to MSA columns:
# 269-318
name=unknown_E
#
# <colnr> <probs for GDERKNQSTAVLIFYWHMCP>
#	G	D	E	R	K	N	Q	S	T	A	V	L	I	F	Y	W	H	M	C	P
0	0.04335	0.00949	0.01486	0.30923	0.31819	0.01036	0.01198	0.04627	0.03070	0.03059	0.06824	0.01523	0.02973	0.00532	0.00479	0.00151	0.00538	0.00477	0.03365	0.00636
1	0.01403	0.07244	0.13622	0.01383	0.08094	0.20756	0.11512	0.15504	0.04338	0.01744	0.00996	0.01140	0.00769	0.00493	0.00455	0.00138	0.00652	0.00402	0.07013	0.02342
2	0.29468	0.01534	0.04120	0.01054	0.01374	0.29739	0.07167	0.06552	0.05071	0.03492	0.02477	0.01030	0.00752	0.00494	0.00411	0.00140	0.00610	0.00353	0.00306	0.03856
3	0.01434	0.12661	0.01552	0.01101	0.01401	0.22014	0.05691	0.10144	0.06524	0.05453	0.00952	0.01081	0.00764	0.00537	0.00594	0.00135	0.12446	0.00374	0.01430	0.13713
4	0.09414	0.00920	0.00988	0.00864	0.01118	0.00999	0.00680	0.21740	0.22174	0.08014	0.01874	0.14500	0.05369	0.00786	0.00489	0.00160	0.00391	0.02368	0.06496	0.00657
5	0.01228	0.00832	0.00964	0.00822	0.01064	0.00863	0.00648	0.17077	0.18450	0.12771	0.32467	0.02518	0.06635	0.00795	0.00526	0.00154	0.00350	0.00671	0.00519	0.00646
6	0.00631	0.00460	0.00595	0.00631	0.00708	0.00423	0.00447	0.00783	0.01139	0.01557	0.37103	0.41342	0.09859	0.01261	0.00594	0.00174	0.00255	0.01127	0.00487	0.00423
7	0.00702	0.00483	0.00593	0.00593	0.00616	0.00505	0.00374	0.00746	0.00724	0.00987	0.01468	0.02844	0.01620	0.62483	0.22758	0.00550	0.00684	0.00657	0.00285	0.00330
8	0.00618	0.00440	0.00584	0.00668	0.00699	0.00430	0.00448	0.00702	0.00879	0.01183	0.02349	0.62083	0.02768	0.12815	0.10626	0.00304	0.00430	0.01182	0.00406	0.00385
9	0.00710	0.00545	0.00667	0.00732	0.00820	0.00548	0.00526	0.01029	0.14277	0.01396	0.02727	0.55665	0.09189	0.01332	0.00598	0.00191	0.00310	0.07818	0.00457	0.00463
10	0.01016	0.13453	0.69897	0.01306	0.01982	0.01233	0.01660	0.01523	0.01018	0.01481	0.00843	0.00990	0.00615	0.00454	0.00440	0.00147	0.00689	0.00345	0.00205	0.00703
11	0.00981	0.00526	0.00534	0.00506	0.00642	0.00538	0.00387	0.07497	0.01120	0.01910	0.01546	0.01754	0.01208	0.00566	0.00351	0.00116	0.00251	0.00450	0.78633	0.00482
12	0.00589	0.00449	0.00543	0.00617	0.00694	0.00403	0.00430	0.00690	0.00992	0.01267	0.03431	0.54243	0.29275	0.01415	0.00604	0.00186	0.00273	0.03051	0.00450	0.00400
13	0.00772	0.00669	0.00919	0.00906	0.00923	0.00815	0.00686	0.00865	0.00856	0.01210	0.01884	0.51115	0.02212	0.01259	0.00994	0.00203	0.31899	0.01009	0.00358	0.00446
14	0.01205	0.01041	0.01096	0.00986	0.01260	0.01205	0.00767	0.02575	0.79071	0.02027	0.01972	0.01808	0.01479	0.00657	0.00493	0.00164	0.00384	0.00548	0.00493	0.00767
15	0.00595	0.00423	0.00561	0.00669	0.00697	0.00396	0.00444	0.00676	0.00920	0.01226	0.02629	0.79754	0.03152	0.04489	0.00686	0.00207	0.00288	0.01353	0.00444	0.00390
16	0.00835	0.00658	0.00758	0.00720	0.00893	0.00664	0.00565	0.05369	0.16786	0.01790	0.30303	0.03646	0.22848	0.01010	0.00565	0.00167	0.00310	0.11100	0.00490	0.00525
17	0.01765	0.01401	0.01367	0.01090	0.01439	0.12307	0.00882	0.54928	0.07771	0.07086	0.04211	0.01293	0.01010	0.00593	0.00482	0.00145	0.00550	0.00447	0.00462	0.00770
18	0.01742	0.01184	0.01297	0.01021	0.01374	0.01287	0.00835	0.52568	0.12613	0.13570	0.01404	0.01360	0.00992	0.00594	0.00477	0.00147	0.00477	0.00460	0.05807	0.00793
19	0.00590	0.00422	0.00562	0.00675	0.00703	0.00394	0.00450	0.00675	0.00928	0.01237	0.02671	0.82653	0.03205	0.01518	0.00619	0.00197	0.00281	0.01378	0.00450	0.00394
20	0.01187	0.00969	0.01103	0.00804	0.01226	0.00833	0.00650	0.18033	0.01283	0.01901	0.00927	0.01039	0.00741	0.00407	0.00386	0.00088	0.00397	0.00320	0.00330	0.67375
21	0.01166	0.01345	0.12711	0.15273	0.02271	0.01210	0.32577	0.10721	0.01191	0.02846	0.00941	0.01214	0.00711	0.00494	0.00622	0.00160	0.08928	0.00472	0.00268	0.04880
22	0.01299	0.17294	0.01833	0.12633	0.26803	0.12958	0.04207	0.05449	0.10084	0.01515	0.00971	0.01154	0.00785	0.00478	0.00447	0.00139	0.00603	0.00400	0.00273	0.00676
23	0.00647	0.00494	0.00593	0.00568	0.00700	0.00441	0.00426	0.00838	0.01279	0.01723	0.53689	0.03983	0.30712	0.01073	0.00572	0.00156	0.00234	0.00927	0.00504	0.00441
24	0.01133	0.01055	0.01447	0.01223	0.01296	0.01396	0.02902	0.11606	0.00964	0.01428	0.00779	0.01161	0.00719	0.01068	0.09015	0.00256	0.61295	0.00438	0.00254	0.00564
25	0.09997	0.07348	0.01329	0.00988	0.01331	0.04379	0.03600	0.18986	0.23965	0.20868	0.01468	0.01394	0.01047	0.00573	0.00458	0.00149	0.00468	0.00450	0.00457	0.00746
26	0.01813	0.02231	0.01380	0.01237	0.01499	0.74464	0.00935	0.08237	0.01448	0.01340	0.00783	0.00898	0.00641	0.00506	0.00441	0.00127	0.00846	0.00322	0.00269	0.00583
27	0.02311	0.00908	0.01127	0.06245	0.04896	0.00868	0.01704	0.11835	0.08153	0.13188	0.03271	0.04644	0.05851	0.00587	0.00472	0.00128	0.01902	0.00483	0.01698	0.29728
28	0.01050	0.01046	0.01465	0.01259	0.01261	0.01461	0.01048	0.01158	0.00743	0.01165	0.00654	0.01083	0.00652	0.00923	0.03721	0.00227	0.79916	0.00427	0.00213	0.00527
29	0.00705	0.00470	0.00529	0.00529	0.00529	0.00470	0.00294	0.00705	0.00705	0.00940	0.01527	0.03171	0.01762	0.82969	0.02467	0.00470	0.00470	0.00705	0.00294	0.00294
30	0.01167	0.01002	0.01054	0.00948	0.01215	0.01146	0.00737	0.04060	0.70977	0.01990	0.02197	0.02030	0.07922	0.00703	0.00499	0.00164	0.00375	0.00585	0.00489	0.00739
31	0.01401	0.00987	0.01104	0.00949	0.01237	0.01079	0.00755	0.13382	0.45402	0.15284	0.08278	0.01979	0.01643	0.00691	0.00504	0.00160	0.00400	0.03505	0.00511	0.00747
32	0.00705	0.00470	0.00529	0.00529	0.00529	0.00470	0.00294	0.00705	0.00705	0.00940	0.01527	0.03171	0.01762	0.82969	0.02467	0.00470	0.00470	0.00705	0.00294	0.00294
33	0.00590	0.00422	0.00562	0.00675	0.00703	0.00394	0.00450	0.00675	0.00928	0.01237	0.02671	0.82653	0.03205	0.01518	0.00619	0.00197	0.00281	0.01378	0.00450	0.00394
34	0.00842	0.00421	0.00631	0.00631	0.00631	0.00421	0.00421	0.00631	0.00631	0.00842	0.00842	0.01473	0.00842	0.01684	0.01894	0.85901	0.00421	0.00421	0.00210	0.00210
35	0.01148	0.01294	0.02786	0.02119	0.08919	0.01219	0.71859	0.01547	0.01140	0.01555	0.00975	0.01298	0.00738	0.00410	0.00564	0.00162	0.00797	0.00560	0.00245	0.00663
36	0.01150	0.01091	0.01805	0.16688	0.59969	0.01143	0.01403	0.01533	0.07511	0.01559	0.00990	0.01266	0.00805	0.00460	0.00482	0.00149	0.00572	0.00441	0.00256	0.00727
37	0.00694	0.00466	0.00532	0.00542	0.00544	0.00463	0.00308	0.00702	0.00725	0.00966	0.01629	0.10281	0.01891	0.75683	0.02301	0.00445	0.00453	0.00765	0.00308	0.00303
38	0.00903	0.00452	0.00452	0.00452	0.00565	0.00452	0.00339	0.01129	0.01016	0.01807	0.01581	0.01807	0.01242	0.00565	0.00339	0.00113	0.00226	0.00452	0.85659	0.00452
39	0.01005	0.00861	0.01005	0.00718	0.01148	0.00646	0.00574	0.01220	0.01005	0.01579	0.00861	0.01005	0.00718	0.00359	0.00359	0.00072	0.00359	0.00287	0.00287	0.85932
40	0.01739	0.00982	0.01288	0.01017	0.01368	0.00981	0.07137	0.12741	0.21549	0.40106	0.04585	0.01667	0.01305	0.00611	0.00499	0.00154	0.00448	0.00517	0.00525	0.00782
41	0.00590	0.00424	0.00560	0.00668	0.00701	0.00394	0.00447	0.00676	0.00935	0.01240	0.02758	0.79625	0.06177	0.01507	0.00617	0.00196	0.00280	0.01364	0.00450	0.00394
42	0.01121	0.00595	0.00717	0.00643	0.00860	0.00510	0.00497	0.01260	0.01177	0.28206	0.03581	0.14338	0.42484	0.01053	0.00550	0.00164	0.00307	0.00889	0.00501	0.00549
43	0.02102	0.00941	0.01197	0.00917	0.01295	0.00885	0.00758	0.18940	0.01582	0.63429	0.01749	0.01543	0.01118	0.00596	0.00487	0.00149	0.00439	0.00476	0.00575	0.00825
44	0.01077	0.00647	0.00761	0.00694	0.00818	0.00650	0.00480	0.07551	0.07861	0.14773	0.01759	0.13533	0.01762	0.43732	0.01539	0.00324	0.00432	0.00724	0.00401	0.00483
45	0.00598	0.00427	0.00571	0.00683	0.00714	0.00400	0.00462	0.00687	0.00935	0.01245	0.02667	0.79703	0.03189	0.01511	0.00620	0.00198	0.00287	0.04256	0.00450	0.00396
46	0.86392	0.00937	0.00712	0.00637	0.00937	0.01087	0.00525	0.01425	0.00825	0.02174	0.00675	0.00787	0.00525	0.00450	0.00300	0.00150	0.00375	0.00262	0.00300	0.00525
47	0.01612	0.01175	0.01274	0.01037	0.01377	0.01303	0.00837	0.39709	0.33859	0.10135	0.01570	0.01476	0.01131	0.00615	0.00488	0.00154	0.00460	0.00487	0.00499	0.00801
48	0.01005	0.00861	0.01005	0.00718	0.01148	0.00646	0.00574	0.01220	0.01005	0.01579	0.00861	0.01005	0.00718	0.00359	0.00359	0.00072	0.00359	0.00287	0.00287	0.85932
49	0.39986	0.00914	0.01128	0.40988	0.04179	0.01092	0.00965	0.02961	0.00934	0.01713	0.00784	0.01056	0.00598	0.00469	0.00400	0.00155	0.00518	0.00354	0.00260	0.00544

[dist]
# distance from previous block
# <min> <max>
2	48

[block]
# block no. 5 follows, 52 sequences, length 12
# corresponding to MSA columns:
# 367-378
name=unknown_F
#
# <colnr> <probs for GDERKNQSTAVLIFYWHMCP>
#	G	D	E	R	K	N	Q	S	T	A	V	L	I	F	Y	W	H	M	C	P
0	0.00968	0.00856	0.01217	0.03861	0.01340	0.00759	0.11219	0.04505	0.01050	0.01535	0.01279	0.19014	0.01266	0.00656	0.00508	0.00124	0.03925	0.00583	0.00320	0.45015
1	0.33098	0.01172	0.01161	0.00924	0.01279	0.01304	0.00763	0.45549	0.01690	0.07170	0.01026	0.01052	0.00735	0.00534	0.00417	0.00147	0.00468	0.00375	0.00423	0.00714
2	0.00641	0.00443	0.00547	0.00610	0.00626	0.00427	0.00381	0.00688	0.00829	0.01105	0.02164	0.47448	0.02566	0.37595	0.01437	0.00318	0.00365	0.01080	0.00381	0.00349
3	0.01357	0.42916	0.05279	0.00974	0.01334	0.16911	0.00875	0.01839	0.21307	0.01396	0.01033	0.01074	0.00844	0.00496	0.00389	0.00126	0.00560	0.00348	0.00289	0.00652
4	0.24060	0.01241	0.01165	0.00964	0.01293	0.07928	0.00778	0.33137	0.17967	0.05039	0.01195	0.01192	0.00879	0.00557	0.00434	0.00149	0.00484	0.00405	0.00422	0.00711
5	0.01300	0.01211	0.01483	0.01349	0.10973	0.10957	0.07080	0.11176	0.01186	0.04859	0.00902	0.01114	0.00738	0.00607	0.02348	0.00154	0.19347	0.00394	0.00294	0.22529
6	0.01119	0.01394	0.09645	0.05459	0.02529	0.01210	0.68098	0.01537	0.01126	0.01537	0.00965	0.01281	0.00721	0.00416	0.00558	0.00162	0.00801	0.00547	0.00240	0.00654
7	0.02108	0.00931	0.01190	0.00913	0.01290	0.00870	0.00754	0.17525	0.01565	0.64867	0.01762	0.01552	0.01125	0.00596	0.00487	0.00149	0.00436	0.00477	0.00577	0.00825
8	0.01127	0.01077	0.01836	0.23073	0.60414	0.01132	0.01451	0.01424	0.01069	0.01495	0.00899	0.01223	0.00737	0.00445	0.00481	0.00148	0.00594	0.00431	0.00234	0.00709
9	0.01054	0.00683	0.00735	0.00671	0.00878	0.00694	0.00519	0.01584	0.24192	0.11291	0.02684	0.02600	0.23631	0.00785	0.00469	0.00147	0.00301	0.00647	0.25856	0.00578
10	0.00653	0.00494	0.00602	0.00575	0.00704	0.00443	0.00431	0.00851	0.01294	0.01759	0.57914	0.03924	0.26464	0.01060	0.00572	0.00156	0.00234	0.00919	0.00509	0.00443
11	0.00692	0.00519	0.00779	0.00779	0.00865	0.00606	0.00606	0.00865	0.00779	0.01125	0.01298	0.01904	0.01211	0.03634	0.81049	0.00779	0.01298	0.00519	0.00260	0.00433

[dist]
# distance from previous block
# <min> <max>
0	3

[block]
# block no. 6 follows, 52 sequences, length 49
# corresponding to MSA columns:
# 382-404,410-435
name=unknown_G
#
# <colnr> <probs for GDERKNQSTAVLIFYWHMCP>
#	G	D	E	R	K	N	Q	S	T	A	V	L	I	F	Y	W	H	M	C	P
0	0.01448	0.01058	0.01166	0.00969	0.01244	0.01149	0.00768	0.53478	0.01848	0.02484	0.01623	0.25553	0.01545	0.00862	0.00522	0.00160	0.00451	0.00718	0.02265	0.00688
1	0.00762	0.00655	0.00672	0.00639	0.00836	0.00647	0.00487	0.01258	0.24427	0.01524	0.04031	0.03809	0.56336	0.01057	0.00549	0.00164	0.00287	0.00881	0.00463	0.00516
2	0.51075	0.00944	0.00918	0.00757	0.01090	0.01010	0.00625	0.09517	0.01151	0.27070	0.01117	0.01099	0.00769	0.00511	0.00378	0.00149	0.00403	0.00351	0.00414	0.00650
3	0.01068	0.01037	0.00899	0.00821	0.01047	0.14921	0.00630	0.05966	0.26126	0.01634	0.05045	0.02856	0.34269	0.00874	0.00518	0.00156	0.00416	0.00708	0.00433	0.00575
4	0.01088	0.01697	0.28060	0.01828	0.02391	0.01193	0.53376	0.01547	0.01105	0.01547	0.00944	0.01215	0.00696	0.00425	0.00536	0.00160	0.00784	0.00502	0.00232	0.00674
5	0.00607	0.00434	0.00578	0.00670	0.00712	0.00405	0.00457	0.00713	0.00991	0.01336	0.12964	0.70591	0.03380	0.01444	0.00613	0.00191	0.00277	0.02772	0.00461	0.00403
6	0.00657	0.00473	0.00622	0.00629	0.00718	0.00438	0.00455	0.00843	0.01239	0.01732	0.56651	0.27261	0.04163	0.01149	0.00586	0.00166	0.00244	0.01026	0.00508	0.00438
7	0.00915	0.00861	0.01453	0.81804	0.03338	0.01077	0.01346	0.01238	0.00969	0.01238	0.00861	0.01292	0.00646	0.00484	0.00484	0.00161	0.00646	0.00431	0.00215	0.00538
8	0.00585	0.00444	0.00539	0.00616	0.00687	0.00399	0.00424	0.00681	0.00984	0.01260	0.03388	0.57684	0.27712	0.01425	0.00604	0.00186	0.00270	0.01264	0.00450	0.00399
9	0.01131	0.00594	0.00790	0.00685	0.00877	0.00534	0.00534	0.01347	0.01376	0.25377	0.56424	0.03030	0.03564	0.00874	0.00546	0.00152	0.00284	0.00760	0.00553	0.00567
10	0.86392	0.00937	0.00712	0.00637	0.00937	0.01087	0.00525	0.01425	0.00825	0.02174	0.00675	0.00787	0.00525	0.00450	0.00300	0.00150	0.00375	0.00262	0.00300	0.00525
11	0.04970	0.00780	0.00945	0.11555	0.01288	0.00811	0.00679	0.14751	0.01316	0.22483	0.01462	0.01544	0.01049	0.00561	0.00421	0.00136	0.00390	0.00448	0.33785	0.00628
12	0.00883	0.01003	0.11768	0.01038	0.01286	0.00861	0.11473	0.01284	0.09995	0.01666	0.30966	0.05709	0.05076	0.00927	0.04095	0.00191	0.10146	0.00685	0.00389	0.00557
13	0.55103	0.01033	0.00964	0.11586	0.01376	0.03491	0.00713	0.13962	0.01105	0.02139	0.00789	0.00928	0.00601	0.00474	0.00361	0.00147	0.00451	0.00316	0.00317	0.04144
14	0.05149	0.01273	0.01254	0.00989	0.01350	0.11864	0.00797	0.33291	0.05559	0.09770	0.01116	0.01148	0.00824	0.00522	0.00464	0.00128	0.02249	0.00386	0.00403	0.21462
15	0.00595	0.00425	0.00567	0.00680	0.00710	0.00398	0.00458	0.00683	0.00932	0.01242	0.02668	0.80823	0.03195	0.01514	0.00620	0.00197	0.00285	0.03163	0.00450	0.00395
16	0.00915	0.00861	0.01453	0.81804	0.03338	0.01077	0.01346	0.01238	0.00969	0.01238	0.00861	0.01292	0.00646	0.00484	0.00484	0.00161	0.00646	0.00431	0.00215	0.00538
17	0.01005	0.00861	0.01005	0.00718	0.01148	0.00646	0.00574	0.01220	0.01005	0.01579	0.00861	0.01005	0.00718	0.00359	0.00359	0.00072	0.00359	0.00287	0.00287	0.85932
18	0.00711	0.00512	0.00683	0.00685	0.00799	0.00484	0.00544	0.00938	0.01303	0.01811	0.59020	0.04115	0.04094	0.01084	0.00598	0.00171	0.00287	0.21194	0.00510	0.00454
19	0.00590	0.00422	0.00562	0.00675	0.00703	0.00394	0.00450	0.00675	0.00928	0.01237	0.02671	0.82653	0.03205	0.01518	0.00619	0.00197	0.00281	0.01378	0.00450	0.00394
20	0.00972	0.02507	0.80458	0.01381	0.02097	0.01125	0.01790	0.01535	0.01023	0.01535	0.00870	0.01023	0.00614	0.00460	0.00460	0.00153	0.00716	0.00358	0.00205	0.00716
21	0.02044	0.01033	0.01254	0.00961	0.01341	0.01021	0.00794	0.32075	0.01736	0.50076	0.01619	0.01459	0.01053	0.00593	0.00486	0.00148	0.00460	0.00467	0.00555	0.00824
22	0.00627	0.00452	0.00594	0.00645	0.00710	0.00419	0.00451	0.00769	0.01105	0.01515	0.32847	0.49950	0.05498	0.01305	0.00599	0.00179	0.00260	0.01173	0.00483	0.00419
23	0.00702	0.00479	0.00576	0.00576	0.00593	0.00496	0.00353	0.00735	0.00719	0.00975	0.01483	0.02930	0.01657	0.67851	0.17441	0.00529	0.00628	0.00669	0.00287	0.00320
24	0.01060	0.01060	0.01484	0.01272	0.01272	0.01484	0.01060	0.01166	0.00742	0.01166	0.00636	0.01060	0.00636	0.00848	0.01590	0.00212	0.82082	0.00424	0.00212	0.00530
25	0.00915	0.00861	0.01453	0.81804	0.03338	0.01077	0.01346	0.01238	0.00969	0.01238	0.00861	0.01292	0.00646	0.00484	0.00484	0.00161	0.00646	0.00431	0.00215	0.00538
26	0.00781	0.00558	0.00781	0.00892	0.01004	0.00558	0.00781	0.01004	0.01116	0.01450	0.02566	0.05466	0.02789	0.01339	0.00669	0.00223	0.00446	0.76685	0.00446	0.00446
27	0.00590	0.00422	0.00562	0.00675	0.00703	0.00394	0.00450	0.00675	0.00928	0.01237	0.02671	0.82653	0.03205	0.01518	0.00619	0.00197	0.00281	0.01378	0.00450	0.00394
28	0.00590	0.00424	0.00560	0.00670	0.00702	0.00394	0.00448	0.00675	0.00933	0.01239	0.02734	0.80446	0.05371	0.01510	0.00617	0.00196	0.00280	0.01368	0.00450	0.00394
29	0.00648	0.00477	0.00685	0.00734	0.00795	0.00514	0.00538	0.00783	0.00843	0.01173	0.01892	0.36852	0.02074	0.02719	0.46238	0.00527	0.00858	0.00891	0.00342	0.00416
30	0.01005	0.00861	0.01005	0.00718	0.01148	0.00646	0.00574	0.01220	0.01005	0.01579	0.00861	0.01005	0.00718	0.00359	0.00359	0.00072	0.00359	0.00287	0.00287	0.85932
31	0.01267	0.00915	0.01039	0.00795	0.01165	0.02453	0.00637	0.10360	0.06859	0.12917	0.05480	0.01421	0.02943	0.00504	0.00419	0.00107	0.00385	0.00406	0.03042	0.46885
