[name]
unknown

[dist]
# distance from previous block
# <min> <max>
0	10

[block]
# block no. 0 follows, 52 sequences, length 31
# corresponding to MSA columns:
# 29-59
name=unknown_A
#
# <colnr> <probs for GDERKNQSTAVLIFYWHMCP>
#	G	D	E	R	K	N	Q	S	T	A	V	L	I	F	Y	W	H	M	C	P
0	0.00951	0.00811	0.01033	0.11171	0.10925	0.05516	0.00805	0.01224	0.05837	0.03317	0.13272	0.06761	0.08763	0.04198	0.02809	0.00193	0.06661	0.08121	0.07103	0.00528
1	0.01925	0.00541	0.00617	0.00610	0.00721	0.00529	0.00437	0.02153	0.06082	0.01375	0.13321	0.09933	0.28553	0.21000	0.08003	0.00293	0.00412	0.02666	0.00408	0.00421
2	0.00590	0.00433	0.00551	0.00644	0.00692	0.00398	0.00434	0.00678	0.00949	0.01241	0.02977	0.69427	0.14470	0.03235	0.00652	0.00198	0.00280	0.01311	0.00446	0.00394
3	0.01848	0.00810	0.01057	0.00821	0.01169	0.00709	0.00671	0.05847	0.01381	0.58979	0.07873	0.01897	0.06036	0.00645	0.00488	0.00144	0.00390	0.00529	0.00553	0.08154
4	0.02235	0.00498	0.00602	0.00624	0.00720	0.00462	0.00439	0.02244	0.01067	0.04674	0.17170	0.37288	0.19335	0.09420	0.00771	0.00205	0.00294	0.01069	0.00454	0.00427
5	0.01968	0.00512	0.00631	0.00680	0.00776	0.00493	0.00499	0.00903	0.06425	0.01475	0.17513	0.39906	0.15188	0.01277	0.00595	0.00183	0.00293	0.09774	0.00466	0.00442
6	0.00768	0.00596	0.00918	0.00899	0.01014	0.00591	0.08851	0.00941	0.00979	0.01298	0.02094	0.15783	0.02289	0.17908	0.07985	0.00311	0.00540	0.35430	0.00378	0.00429
7	0.00664	0.00483	0.00625	0.00614	0.00717	0.00444	0.00451	0.00862	0.01283	0.01791	0.62733	0.16899	0.08437	0.01092	0.00579	0.00160	0.00238	0.00968	0.00515	0.00444
8	0.00759	0.00535	0.00626	0.00607	0.00747	0.00495	0.00449	0.00995	0.06252	0.05950	0.27976	0.14516	0.29860	0.04108	0.00630	0.00173	0.00271	0.00931	0.03652	0.00466
9	0.01317	0.01089	0.01154	0.01002	0.01294	0.01244	0.00789	0.17404	0.61967	0.02227	0.03843	0.01729	0.01431	0.00651	0.00494	0.00160	0.00409	0.00535	0.00493	0.00770
10	0.81397	0.00962	0.00756	0.00666	0.00971	0.01112	0.00548	0.05968	0.00911	0.02226	0.00704	0.00809	0.00543	0.00458	0.00311	0.00150	0.00384	0.00273	0.00311	0.00543
11	0.01741	0.01273	0.01372	0.01079	0.01445	0.01409	0.00882	0.60629	0.16364	0.06690	0.01349	0.01306	0.00963	0.00597	0.00486	0.00149	0.00500	0.00459	0.00492	0.00814
12	0.00710	0.00487	0.00536	0.00535	0.00640	0.00443	0.00369	0.00812	0.00989	0.04260	0.07001	0.11238	0.35945	0.24391	0.01089	0.00248	0.00316	0.00883	0.08708	0.00397
13	0.01810	0.02310	0.01373	0.01248	0.01498	0.81024	0.00936	0.01935	0.01373	0.01186	0.00749	0.00874	0.00624	0.00499	0.00437	0.00125	0.00874	0.00312	0.00250	0.00562
14	0.01165	0.00971	0.01046	0.00931	0.01186	0.01098	0.00725	0.08247	0.59474	0.02093	0.15466	0.02073	0.01967	0.00710	0.00506	0.00161	0.00368	0.00596	0.00499	0.00717
15	0.00589	0.00427	0.00557	0.00662	0.00699	0.00395	0.00444	0.00676	0.00940	0.01242	0.02829	0.77145	0.08611	0.01498	0.00615	0.00194	0.00279	0.01353	0.00450	0.00395
16	0.01377	0.01025	0.01125	0.00938	0.01208	0.01113	0.00743	0.44590	0.10089	0.02421	0.09430	0.15650	0.03759	0.02037	0.00547	0.00162	0.00430	0.00674	0.02001	0.00682
17	0.00888	0.00725	0.00814	0.00763	0.00946	0.00770	0.00579	0.01585	0.35033	0.01833	0.29164	0.09829	0.13267	0.00924	0.00542	0.00163	0.00303	0.00797	0.00497	0.00580
18	0.01239	0.01148	0.01934	0.02877	0.76110	0.01148	0.01454	0.03294	0.01138	0.03631	0.00943	0.01210	0.00780	0.00440	0.00480	0.00144	0.00571	0.00433	0.00255	0.00770
19	0.00800	0.00447	0.00667	0.00667	0.00689	0.00469	0.00465	0.00693	0.00671	0.00917	0.00974	0.01622	0.00957	0.04042	0.22175	0.62151	0.00647	0.00453	0.00225	0.00269
20	0.02029	0.00903	0.01154	0.00902	0.01266	0.00848	0.00739	0.09940	0.10482	0.63530	0.01844	0.01619	0.01195	0.00605	0.00488	0.00151	0.00421	0.00489	0.00576	0.00818
21	0.01406	0.65849	0.02289	0.00919	0.01298	0.18933	0.00852	0.01555	0.01068	0.01150	0.00690	0.00798	0.00622	0.00433	0.00338	0.00108	0.00595	0.00271	0.00216	0.00609
22	0.02728	0.01161	0.03469	0.12874	0.12530	0.07841	0.13343	0.04383	0.22132	0.01633	0.01460	0.07377	0.04000	0.00625	0.00527	0.00160	0.02207	0.00561	0.00337	0.00650
23	0.00810	0.00764	0.01395	0.01162	0.01384	0.00713	0.27996	0.01033	0.01056	0.01388	0.02387	0.31900	0.13503	0.01058	0.00602	0.00184	0.00488	0.11305	0.00377	0.00495
24	0.01026	0.04819	0.20251	0.01555	0.20357	0.02184	0.08984	0.04398	0.05167	0.01639	0.12962	0.01921	0.09960	0.00677	0.01865	0.00161	0.00549	0.00557	0.00320	0.00646
25	0.17083	0.00901	0.00993	0.00815	0.01095	0.00940	0.00658	0.25056	0.01552	0.16414	0.27033	0.01989	0.02069	0.00695	0.00480	0.00149	0.00382	0.00558	0.00487	0.00648
26	0.01061	0.01307	0.24391	0.01410	0.19134	0.00861	0.01117	0.01400	0.02574	0.09324	0.12038	0.07020	0.06401	0.00650	0.00490	0.00146	0.00488	0.00562	0.00341	0.09285
27	0.62297	0.03089	0.00729	0.00617	0.00882	0.00983	0.00505	0.03916	0.00920	0.02094	0.00892	0.01026	0.00697	0.00479	0.00315	0.00140	0.00351	0.00310	0.19239	0.00521
28	0.01416	0.04529	0.15385	0.07996	0.05816	0.07327	0.03414	0.33621	0.03142	0.03173	0.01140	0.02620	0.02120	0.00735	0.05237	0.00185	0.00642	0.00443	0.00352	0.00707
29	0.01320	0.79415	0.02484	0.00849	0.01256	0.05675	0.00834	0.01474	0.01003	0.01142	0.00677	0.00782	0.00622	0.00419	0.00317	0.00105	0.00535	0.00262	0.00209	0.00619
30	0.78974	0.02479	0.02284	0.00702	0.01014	0.03509	0.02190	0.01445	0.00854	0.02101	0.00687	0.00805	0.00536	0.00450	0.00313	0.00149	0.00408	0.00272	0.00294	0.00534

[dist]
# distance from previous block
# <min> <max>
1	2

[block]
# block no. 1 follows, 52 sequences, length 23
# corresponding to MSA columns:
# 62-84
name=unknown_B
#
# <colnr> <probs for GDERKNQSTAVLIFYWHMCP>
#	G	D	E	R	K	N	Q	S	T	A	V	L	I	F	Y	W	H	M	C	P
0	0.00817	0.00732	0.06092	0.00776	0.03016	0.00583	0.00603	0.02633	0.03770	0.01485	0.16548	0.19901	0.09538	0.01030	0.00715	0.12523	0.00350	0.00748	0.00378	0.17761
1	0.00960	0.00912	0.01511	0.65522	0.11228	0.01125	0.01333	0.01257	0.00961	0.01268	0.00844	0.01259	0.00658	0.00515	0.00593	0.00165	0.08682	0.00430	0.00218	0.00562
2	0.06418	0.01117	0.06399	0.08212	0.06482	0.07817	0.02599	0.02763	0.06144	0.02765	0.03547	0.01345	0.00942	0.01123	0.14614	0.00266	0.18829	0.00433	0.00278	0.07907
3	0.00705	0.00470	0.00529	0.00529	0.00529	0.00470	0.00294	0.00705	0.00705	0.00940	0.01527	0.03171	0.01762	0.82969	0.02467	0.00470	0.00470	0.00705	0.00294	0.00294
4	0.02991	0.15027	0.09991	0.01375	0.01772	0.28723	0.22067	0.06798	0.02588	0.01485	0.02261	0.01074	0.00749	0.00473	0.00460	0.00138	0.00733	0.00401	0.00263	0.00631
5	0.01060	0.01060	0.01484	0.01272	0.01272	0.01484	0.01060	0.01166	0.00742	0.01166	0.00636	0.01060	0.00636	0.00848	0.01590	0.00212	0.82082	0.00424	0.00212	0.00530
6	0.01005	0.00861	0.01005	0.00718	0.01148	0.00646	0.00574	0.01220	0.01005	0.01579	0.00861	0.01005	0.00718	0.00359	0.00359	0.00072	0.00359	0.00287	0.00287	0.85932
7	0.00697	0.00474	0.00556	0.00551	0.00577	0.00465	0.00335	0.00750	0.00860	0.01172	0.18929	0.05654	0.02430	0.62311	0.01990	0.00391	0.00411	0.00763	0.00352	0.00333
8	0.00759	0.00509	0.00663	0.00682	0.00774	0.00484	0.00514	0.00919	0.01116	0.04916	0.30205	0.16238	0.04808	0.15858	0.00939	0.00233	0.00341	0.19155	0.00458	0.00430
9	0.01050	0.01148	0.02438	0.01784	0.02188	0.01078	0.63979	0.01394	0.01090	0.01476	0.01218	0.11190	0.01096	0.05709	0.00696	0.00187	0.00731	0.00677	0.00273	0.00600
10	0.04483	0.01041	0.01195	0.00963	0.01308	0.01092	0.00781	0.23577	0.24810	0.32892	0.01682	0.01534	0.01157	0.00607	0.00482	0.00153	0.00436	0.00484	0.00526	0.00798
11	0.01350	0.00813	0.00939	0.00811	0.01035	0.00837	0.00639	0.26229	0.01459	0.15371	0.01744	0.14598	0.01564	0.06947	0.00640	0.00178	0.00401	0.06462	0.17369	0.00614
12	0.02612	0.00668	0.00770	0.00704	0.00856	0.00674	0.00508	0.09009	0.08621	0.13320	0.03614	0.16637	0.06443	0.26462	0.01121	0.00257	0.00390	0.00747	0.06074	0.00515
13	0.00781	0.00558	0.00781	0.00892	0.01004	0.00558	0.00781	0.01004	0.01116	0.01450	0.02566	0.05466	0.02789	0.01339	0.00669	0.00223	0.00446	0.76685	0.00446	0.00446
14	0.00705	0.00470	0.00529	0.00529	0.00529	0.00470	0.00294	0.00705	0.00705	0.00940	0.01527	0.03171	0.01762	0.82969	0.02467	0.00470	0.00470	0.00705	0.00294	0.00294
15	0.00766	0.00484	0.00609	0.00647	0.00729	0.00443	0.00447	0.00861	0.00984	0.08986	0.05074	0.47482	0.14369	0.13223	0.00867	0.00226	0.00318	0.02612	0.00444	0.00427
16	0.86392	0.00937	0.00712	0.00637	0.00937	0.01087	0.00525	0.01425	0.00825	0.02174	0.00675	0.00787	0.00525	0.00450	0.00300	0.00150	0.00375	0.00262	0.00300	0.00525
17	0.00979	0.02459	0.77388	0.01407	0.02115	0.01129	0.04813	0.01535	0.01028	0.01535	0.00874	0.01034	0.00619	0.00458	0.00465	0.00154	0.00720	0.00367	0.00206	0.00714
18	0.00820	0.00516	0.00657	0.00694	0.00771	0.00502	0.00516	0.00934	0.00948	0.06688	0.02160	0.16318	0.03908	0.31446	0.01297	0.00299	0.00413	0.26612	0.04093	0.00407
19	0.00743	0.00508	0.00654	0.00718	0.00798	0.00488	0.00526	0.04257	0.01058	0.03919	0.06091	0.52453	0.06261	0.03521	0.00656	0.00199	0.00324	0.14031	0.02358	0.00438
20	0.00903	0.00452	0.00452	0.00452	0.00565	0.00452	0.00339	0.01129	0.01016	0.01807	0.01581	0.01807	0.01242	0.00565	0.00339	0.00113	0.00226	0.00452	0.85659	0.00452
21	0.00633	0.00445	0.00575	0.00650	0.00677	0.00434	0.00429	0.00705	0.00863	0.01156	0.02266	0.53940	0.02667	0.22846	0.07271	0.00313	0.00412	0.02951	0.00395	0.00372
22	0.00698	0.00474	0.00610	0.00651	0.00738	0.00434	0.00467	0.00827	0.01082	0.05077	0.21311	0.43836	0.14175	0.01304	0.00623	0.01955	0.00280	0.04556	0.00472	0.00430

[dist]
# distance from previous block
# <min> <max>
0	3

[block]
# block no. 2 follows, 52 sequences, length 8
# corresponding to MSA columns:
# 88-94,97
name=unknown_C
#
# <colnr> <probs for GDERKNQSTAVLIFYWHMCP>
#	G	D	E	R	K	N	Q	S	T	A	V	L	I	F	Y	W	H	M	C	P
0	0.00957	0.00632	0.00754	0.00701	0.00874	0.00620	0.00535	0.01351	0.15574	0.11728	0.27971	0.08947	0.15422	0.05260	0.00648	0.00178	0.00310	0.04277	0.02719	0.00540
1	0.00702	0.00480	0.00579	0.00579	0.00596	0.00497	0.00357	0.00737	0.00720	0.00977	0.01481	0.02916	0.01651	0.66972	0.18312	0.00532	0.00637	0.00667	0.00287	0.00322
2	0.01243	0.01359	0.07383	0.02695	0.66868	0.08938	0.01455	0.01534	0.01124	0.01541	0.00893	0.01155	0.00743	0.00440	0.00474	0.00143	0.00615	0.00415	0.00238	0.00744
3	0.05047	0.00594	0.00666	0.00627	0.00801	0.00563	0.00473	0.01159	0.08466	0.10684	0.16226	0.11928	0.31507	0.03793	0.00598	0.00171	0.00292	0.00851	0.05053	0.00501
4	0.04265	0.00568	0.00646	0.00621	0.00783	0.00524	0.00460	0.01062	0.05286	0.11842	0.10274	0.18702	0.35652	0.06278	0.00675	0.00186	0.00300	0.00931	0.00464	0.00482
5	0.00783	0.00584	0.00805	0.05719	0.00986	0.00655	0.00602	0.06254	0.00917	0.01277	0.04986	0.06300	0.01507	0.17310	0.48438	0.00582	0.00953	0.00602	0.00301	0.00440
6	0.00930	0.00620	0.00836	0.03804	0.07173	0.00658	0.00611	0.04790	0.00979	0.05109	0.03720	0.07735	0.03515	0.10012	0.17963	0.08092	0.03577	0.00581	0.18825	0.00471
7	0.00830	0.00683	0.00877	0.00924	0.07522	0.03928	0.02183	0.00984	0.02386	0.02900	0.10481	0.06771	0.16726	0.11734	0.19701	0.04852	0.05021	0.00697	0.00344	0.00457

[dist]
# distance from previous block
# <min> <max>
3	10

[block]
# block no. 3 follows, 52 sequences, length 92
# corresponding to MSA columns:
# 108-113,115-200
name=unknown_D
#
# <colnr> <probs for GDERKNQSTAVLIFYWHMCP>
#	G	D	E	R	K	N	Q	S	T	A	V	L	I	F	Y	W	H	M	C	P
0	0.09340	0.44204	0.05993	0.00832	0.01179	0.03723	0.00785	0.02877	0.05512	0.03456	0.01371	0.04726	0.08320	0.00664	0.01898	0.00144	0.00492	0.03599	0.00293	0.00593
1	0.10019	0.10734	0.19303	0.05297	0.01517	0.14519	0.02641	0.05921	0.08510	0.01683	0.13913	0.01476	0.01357	0.00574	0.00449	0.00144	0.00562	0.00445	0.00321	0.00617
2	0.01583	0.01711	0.01398	0.01225	0.02888	0.39556	0.00948	0.17132	0.04265	0.01614	0.00861	0.01019	0.00706	0.00590	0.00698	0.00147	0.18517	0.00371	0.00299	0.04471
3	0.04169	0.09906	0.05519	0.01820	0.02419	0.03605	0.02359	0.08680	0.03930	0.05984	0.10802	0.05739	0.11714	0.05579	0.00587	0.00157	0.00426	0.02015	0.00375	0.14215
4	0.00598	0.00431	0.00554	0.00649	0.00686	0.00401	0.00431	0.00679	0.00926	0.01221	0.02769	0.70219	0.09413	0.07640	0.00754	0.00215	0.00292	0.01298	0.00438	0.00387
5	0.01106	0.00928	0.01001	0.00903	0.01145	0.01044	0.00700	0.05201	0.58402	0.02007	0.14733	0.04304	0.04913	0.00753	0.00512	0.00162	0.00356	0.00636	0.00497	0.00696
6	0.01290	0.01274	0.01926	0.13285	0.39486	0.09783	0.14526	0.08074	0.01226	0.03085	0.00939	0.01201	0.00743	0.00458	0.00492	0.00148	0.00652	0.00444	0.00266	0.00700
7	0.79479	0.04272	0.00813	0.00670	0.00973	0.04452	0.00554	0.01447	0.00854	0.02092	0.00678	0.00790	0.00533	0.00451	0.00306	0.00147	0.00401	0.00264	0.00294	0.00530
8	0.04232	0.13507	0.04258	0.04915	0.01526	0.30774	0.00935	0.25046	0.05601	0.01837	0.00970	0.02494	0.00774	0.00535	0.00438	0.00135	0.00651	0.00379	0.00330	0.00661
9	0.04586	0.01010	0.01788	0.44813	0.03700	0.01130	0.23037	0.04420	0.02923	0.01450	0.00944	0.01341	0.00733	0.03333	0.00598	0.00173	0.02716	0.00476	0.00248	0.00582
10	0.01246	0.14294	0.23049	0.01154	0.01554	0.19578	0.05707	0.04423	0.06204	0.02465	0.04336	0.01404	0.06212	0.00641	0.02380	0.00158	0.03852	0.00434	0.00283	0.00626
11	0.00700	0.00469	0.00536	0.00540	0.00543	0.00471	0.00307	0.00708	0.00714	0.00955	0.01561	0.05890	0.01797	0.78069	0.04463	0.00468	0.00485	0.00723	0.00298	0.00301
12	0.01631	0.01851	0.01426	0.12913	0.04897	0.50331	0.01020	0.13938	0.01422	0.01506	0.00833	0.01001	0.00665	0.00522	0.00501	0.00138	0.04159	0.00358	0.00280	0.00607
13	0.01045	0.00868	0.01060	0.03709	0.01258	0.00675	0.02073	0.01267	0.01020	0.04337	0.00901	0.01044	0.00732	0.00373	0.00372	0.00080	0.00380	0.00305	0.00295	0.78207
14	0.00773	0.00541	0.00637	0.00643	0.00697	0.00545	0.00424	0.06738	0.02388	0.01280	0.05978	0.24987	0.02276	0.44696	0.01588	0.00336	0.00407	0.04304	0.00375	0.00386
15	0.00881	0.00723	0.00853	0.03627	0.05645	0.03839	0.02972	0.07267	0.01244	0.05110	0.13534	0.08788	0.41648	0.01007	0.00551	0.00159	0.00353	0.00857	0.00436	0.00506
16	0.00645	0.00457	0.00608	0.00709	0.00753	0.00438	0.00509	0.00752	0.00948	0.01255	0.02532	0.57192	0.02965	0.09699	0.00817	0.00230	0.00337	0.18323	0.00433	0.00395
17	0.00684	0.00471	0.00603	0.00665	0.00719	0.00451	0.00467	0.00777	0.00933	0.02681	0.05236	0.39449	0.08171	0.19886	0.03335	0.01892	0.00378	0.12405	0.00410	0.00388
18	0.00757	0.00598	0.00714	0.00643	0.00851	0.00501	0.00482	0.00916	0.01046	0.02645	0.11408	0.22172	0.21853	0.01132	0.05283	0.00178	0.00353	0.00824	0.00399	0.27245
19	0.01214	0.00855	0.01026	0.00744	0.01164	0.00658	0.00599	0.01424	0.01073	0.15645	0.01049	0.01120	0.00804	0.00402	0.00382	0.00086	0.00368	0.00323	0.00343	0.70721
20	0.02095	0.00842	0.01122	0.00872	0.01239	0.00752	0.00717	0.02379	0.07718	0.73904	0.01917	0.01662	0.01222	0.00604	0.00488	0.00151	0.00410	0.00492	0.00591	0.00820
21	0.00849	0.00527	0.00699	0.00746	0.00847	0.00503	0.00577	0.00990	0.01033	0.09726	0.04323	0.28370	0.05820	0.13092	0.00888	0.00239	0.00382	0.29500	0.00444	0.00447
22	0.00764	0.00444	0.00502	0.00540	0.00606	0.00435	0.00369	0.00905	0.00936	0.01472	0.01945	0.29678	0.01997	0.14173	0.00777	0.00199	0.00284	0.00809	0.42756	0.00406
23	0.01305	0.74738	0.02424	0.00874	0.01257	0.05462	0.00848	0.01456	0.00988	0.01144	0.00675	0.00798	0.00623	0.00444	0.00392	0.00111	0.05367	0.00271	0.00209	0.00614
24	0.06030	0.00639	0.00806	0.00826	0.00985	0.00646	0.00674	0.01309	0.10093	0.11135	0.07376	0.18266	0.02504	0.01128	0.00589	0.00194	0.00386	0.35420	0.00468	0.00525
25	0.00744	0.00539	0.00594	0.00584	0.00731	0.00500	0.00435	0.00975	0.07026	0.04583	0.10733	0.09593	0.42066	0.07409	0.00696	0.00186	0.00288	0.04057	0.07809	0.00453
26	0.19992	0.00880	0.01049	0.00830	0.01185	0.00846	0.00683	0.05215	0.04809	0.57080	0.01622	0.01454	0.01054	0.00570	0.00448	0.00150	0.00408	0.00440	0.00527	0.00758
27	0.01348	0.01112	0.01176	0.01015	0.01315	0.01272	0.00802	0.19548	0.61865	0.02257	0.01791	0.01664	0.01332	0.00640	0.00491	0.00160	0.00417	0.00523	0.00491	0.00780
28	0.01476	0.01100	0.01188	0.00947	0.01261	0.01185	0.00769	0.54337	0.03390	0.02612	0.12384	0.02054	0.13669	0.00739	0.00510	0.00150	0.00444	0.00589	0.00486	0.00709
29	0.00635	0.00499	0.00581	0.00617	0.00734	0.00455	0.00457	0.00817	0.04206	0.01395	0.11562	0.28113	0.38386	0.01279	0.00593	0.00178	0.00279	0.08328	0.00460	0.00427
30	0.00742	0.00546	0.00719	0.00820	0.00910	0.01784	0.00672	0.00917	0.01056	0.01369	0.02572	0.24686	0.04471	0.04638	0.00723	0.00224	0.00408	0.51877	0.00438	0.00428
31	0.00679	0.00498	0.00711	0.00728	0.00793	0.00555	0.00538	0.00814	0.00791	0.01116	0.01537	0.14249	0.01589	0.14481	0.57870	0.00648	0.01028	0.00675	0.00293	0.00407
32	0.00785	0.00652	0.00706	0.00664	0.00848	0.00653	0.00506	0.01297	0.23891	0.01674	0.22443	0.03575	0.38453	0.01003	0.00549	0.00161	0.00282	0.00848	0.00483	0.00525
33	0.84886	0.00945	0.00725	0.00646	0.00947	0.01095	0.00532	0.02795	0.00851	0.02190	0.00683	0.00794	0.00530	0.00452	0.00303	0.00150	0.00378	0.00266	0.00303	0.00530
34	0.00590	0.00422	0.00562	0.00675	0.00703	0.00394	0.00450	0.00675	0.00928	0.01237	0.02671	0.82653	0.03205	0.01518	0.00619	0.00197	0.00281	0.01378	0.00450	0.00394
35	0.01376	0.01540	0.01152	0.01062	0.01271	0.41557	0.00809	0.03360	0.15181	0.01359	0.01138	0.01348	0.00953	0.01443	0.23940	0.00323	0.00902	0.00417	0.00301	0.00567
36	0.00630	0.00449	0.00603	0.00712	0.00756	0.00427	0.00509	0.00738	0.00958	0.01270	0.02621	0.65890	0.03088	0.03627	0.00677	0.00209	0.00317	0.15674	0.00445	0.00401
37	0.01205	0.01041	0.01096	0.00986	0.01260	0.01205	0.00767	0.02575	0.79071	0.02027	0.01972	0.01808	0.01479	0.00657	0.00493	0.00164	0.00384	0.00548	0.00493	0.00767
38	0.00746	0.00601	0.00792	0.00786	0.00875	0.04397	0.00603	0.00906	0.00802	0.01117	0.01286	0.01931	0.01217	0.08211	0.72561	0.00730	0.01229	0.00520	0.00261	0.00430
39	0.01793	0.00764	0.01021	0.00800	0.01130	0.00657	0.00651	0.01989	0.01349	0.58960	0.15334	0.01995	0.03214	0.00660	0.00493	0.00144	0.00373	0.00549	0.00560	0.07564
40	0.01780	0.01326	0.01419	0.01102	0.01479	0.01474	0.00906	0.70932	0.09778	0.02954	0.01242	0.01226	0.00888	0.00589	0.00486	0.00147	0.00519	0.00447	0.00486	0.00819
41	0.01842	0.01357	0.01454	0.01115	0.01503	0.01503	0.00921	0.78330	0.02278	0.03054	0.01163	0.01163	0.00824	0.00582	0.00485	0.00145	0.00533	0.00436	0.00485	0.00824
42	0.00705	0.00470	0.00529	0.00529	0.00529	0.00470	0.00294	0.00705	0.00705	0.00940	0.01527	0.03171	0.01762	0.82969	0.02467	0.00470	0.00470	0.00705	0.00294	0.00294
43	0.01144	0.01307	0.02859	0.02042	0.02533	0.01225	0.78186	0.01552	0.01144	0.01552	0.00980	0.01307	0.00735	0.00408	0.00572	0.00163	0.00817	0.00572	0.00245	0.00654
44	0.00841	0.00568	0.00793	0.00888	0.01010	0.00562	0.00772	0.01060	0.01125	0.05004	0.02538	0.06559	0.02724	0.01308	0.00660	0.00219	0.00442	0.72012	0.00453	0.00462
45	0.00618	0.00449	0.00537	0.00597	0.00651	0.00415	0.00395	0.00695	0.00920	0.01198	0.02902	0.45872	0.20141	0.19505	0.01013	0.00248	0.00314	0.01131	0.02026	0.00376
46	0.00915	0.00861	0.01453	0.81804	0.03338	0.01077	0.01346	0.01238	0.00969	0.01238	0.00861	0.01292	0.00646	0.00484	0.00484	0.00161	0.00646	0.00431	0.00215	0.00538
47	0.68525	0.00928	0.00770	0.00675	0.00963	0.01058	0.00551	0.09015	0.01014	0.02230	0.05939	0.01056	0.00852	0.00504	0.00338	0.00148	0.00374	0.00328	0.04186	0.00547
48	0.01977	0.01141	0.01320	0.01012	0.01395	0.01181	0.00836	0.47445	0.01916	0.34452	0.01468	0.01361	0.00977	0.00589	0.00486	0.00147	0.00484	0.00457	0.00532	0.00824
49	0.01004	0.00594	0.00735	0.00655	0.00838	0.00550	0.00506	0.02635	0.04834	0.16511	0.43734	0.03183	0.15456	0.00907	0.00537	0.00152	0.00278	0.00779	0.05573	0.00539
50	0.00575	0.00481	0.00501	0.00518	0.00662	0.00407	0.00380	0.00692	0.01079	0.01299	0.04580	0.16128	0.68498	0.01270	0.00579	0.00169	0.00251	0.01075	0.00450	0.00407
51	0.00619	0.00492	0.00556	0.00542	0.00684	0.00428	0.00406	0.00784	0.01210	0.01565	0.35227	0.05599	0.47899	0.01136	0.00573	0.00160	0.00239	0.00970	0.00484	0.00428
52	0.00705	0.00470	0.00529	0.00529	0.00529	0.00470	0.00294	0.00705	0.00705	0.00940	0.01527	0.03171	0.01762	0.82969	0.02467	0.00470	0.00470	0.00705	0.00294	0.00294
53	0.00921	0.00675	0.00800	0.00730	0.00908	0.00690	0.00559	0.01477	0.24143	0.06581	0.48920	0.03019	0.06858	0.00881	0.00544	0.00156	0.00286	0.00764	0.00522	0.00568
54	0.47032	0.00885	0.00905	0.00742	0.01077	0.00912	0.00612	0.01863	0.01088	0.38679	0.01253	0.01190	0.00840	0.00520	0.00387	0.00150	0.00392	0.00368	0.00440	0.00665
55	0.00614	0.00473	0.00548	0.00582	0.00684	0.00423	0.00417	0.00732	0.01051	0.01338	0.12591	0.26920	0.38065	0.08394	0.00755	0.00202	0.00284	0.05076	0.00446	0.00402
56	0.00735	0.00469	0.00592	0.00639	0.00681	0.00448	0.00419	0.00799	0.00878	0.05816	0.02188	0.44633	0.02523	0.32332	0.01313	0.00299	0.00367	0.04086	0.00399	0.00383
57	0.11655	0.01309	0.01368	0.01060	0.01437	0.01455	0.00875	0.69405	0.02110	0.02952	0.01107	0.01120	0.00789	0.00566	0.00463	0.00146	0.00515	0.00416	0.00463	0.00789
58	0.06089	0.00756	0.00926	0.03030	0.04335	0.00788	0.00719	0.07939	0.13514	0.06984	0.19245	0.03257	0.07052	0.00923	0.00552	0.00174	0.00388	0.22291	0.00463	0.00574
59	0.19466	0.00722	0.00746	0.00691	0.00919	0.00734	0.00551	0.02739	0.11626	0.10981	0.04076	0.04540	0.30900	0.00909	0.00502	0.00165	0.00338	0.08408	0.00443	0.00543
60	0.00765	0.00585	0.00790	0.00722	0.00759	0.00632	0.05020	0.00817	0.00746	0.01022	0.01405	0.04435	0.01565	0.60774	0.09043	0.00445	0.09172	0.00666	0.00283	0.00354
61	0.00637	0.00450	0.00585	0.00677	0.00717	0.00428	0.00460	0.02158	0.00958	0.01289	0.04090	0.69856	0.03040	0.06286	0.00720	0.00210	0.00301	0.04305	0.02432	0.00400
62	0.05572	0.17453	0.07216	0.04175	0.01555	0.44440	0.03604	0.03129	0.01203	0.01297	0.00753	0.00909	0.00627	0.00498	0.00487	0.00133	0.05795	0.00325	0.00241	0.00588
63	0.01053	0.01051	0.01719	0.46561	0.14473	0.04466	0.12882	0.01428	0.05651	0.01379	0.00939	0.01284	0.00726	0.00490	0.00540	0.00160	0.03898	0.00454	0.00241	0.00604
64	0.01177	0.01119	0.02977	0.09512	0.26590	0.06562	0.07489	0.01726	0.20620	0.04797	0.07415	0.01711	0.04983	0.00584	0.00500	0.00153	0.00529	0.00527	0.00348	0.00682
65	0.00596	0.00442	0.00554	0.00635	0.00696	0.00403	0.00436	0.00696	0.00985	0.01284	0.06688	0.60456	0.19126	0.02585	0.00634	0.00192	0.00277	0.02464	0.00451	0.00399
66	0.17445	0.02253	0.02099	0.02328	0.10618	0.00965	0.02192	0.08893	0.17044	0.03254	0.07533	0.03656	0.16990	0.00720	0.00473	0.00155	0.00396	0.00591	0.01783	0.00613
67	0.15023	0.00882	0.01047	0.10245	0.07241	0.03163	0.00770	0.09798	0.07572	0.12034	0.12519	0.10031	0.02910	0.00787	0.01965	0.01970	0.00443	0.00589	0.00407	0.00604
68	0.00930	0.00876	0.01484	0.74842	0.05244	0.01081	0.02944	0.01240	0.00965	0.01246	0.00859	0.01287	0.00654	0.00509	0.00535	0.01516	0.02596	0.00433	0.00216	0.00541
69	0.01003	0.01904	0.47822	0.03078	0.01862	0.01227	0.05726	0.01401	0.00944	0.01412	0.00847	0.01173	0.00685	0.00602	0.00824	0.00174	0.26056	0.02400	0.00216	0.00644
70	0.00850	0.00435	0.00642	0.00640	0.00646	0.00439	0.00429	0.00677	0.02462	0.00869	0.00868	0.01481	0.00857	0.01660	0.01861	0.83899	0.00420	0.00424	0.00217	0.00223
71	0.01021	0.00710	0.00816	0.00761	0.00942	0.00724	0.00588	0.13688	0.10557	0.07000	0.07757	0.17996	0.15823	0.05369	0.00649	0.00185	0.00358	0.08992	0.05516	0.00547
72	0.60471	0.00911	0.00845	0.00711	0.01034	0.00985	0.00586	0.02951	0.01012	0.24951	0.01043	0.01045	0.00726	0.00496	0.00358	0.00150	0.00388	0.00331	0.00390	0.00617
73	0.00599	0.00499	0.00527	0.00541	0.00698	0.00428	0.00420	0.00734	0.01106	0.01327	0.04617	0.04764	0.70149	0.01241	0.00585	0.00171	0.00271	0.10461	0.00450	0.00414
74	0.14695	0.00616	0.00664	0.00634	0.00774	0.00619	0.00458	0.05231	0.01039	0.06315	0.10736	0.16484	0.15022	0.21842	0.01010	0.00243	0.00358	0.02404	0.00406	0.00450
75	0.04490	0.00711	0.00795	0.00756	0.00899	0.03002	0.02199	0.01353	0.18298	0.06112	0.01985	0.12929	0.05334	0.24967	0.01091	0.00258	0.00411	0.08312	0.05599	0.00498
76	0.00656	0.00509	0.00600	0.00585	0.00721	0.00460	0.00443	0.00868	0.03288	0.01654	0.42580	0.05768	0.34745	0.01103	0.00575	0.00161	0.00250	0.04097	0.00493	0.00444
77	0.00986	0.00666	0.00745	0.00673	0.00879	0.00628	0.00522	0.12366	0.02706	0.11512	0.06228	0.11010	0.43505	0.02300	0.00583	0.00168	0.00323	0.03197	0.00475	0.00528
78	0.00851	0.00555	0.00622	0.00615	0.00751	0.01728	0.00460	0.03044	0.02802	0.06777	0.11370	0.19260	0.21775	0.03241	0.00572	0.00166	0.00293	0.04403	0.20247	0.00468
79	0.78029	0.00926	0.00753	0.00660	0.00967	0.01050	0.00543	0.01518	0.00881	0.09930	0.00798	0.00873	0.00592	0.00465	0.00319	0.00150	0.00379	0.00285	0.00330	0.00555
80	0.00593	0.00436	0.00557	0.00644	0.00697	0.00400	0.00438	0.00692	0.00980	0.01290	0.07564	0.66488	0.14556	0.01444	0.00609	0.00189	0.00273	0.01296	0.00455	0.00400
81	0.03793	0.00634	0.00791	0.00737	0.00919	0.00605	0.00565	0.02536	0.07436	0.21493	0.17987	0.23260	0.08326	0.02931	0.00597	0.00177	0.00331	0.05826	0.00500	0.00558
82	0.00722	0.07244	0.00735	0.00604	0.00743	0.00582	0.00456	0.00924	0.04533	0.01491	0.21928	0.18916	0.26876	0.04700	0.00622	0.00172	0.00285	0.00914	0.07103	0.00449
83	0.00650	0.00494	0.00599	0.00573	0.00702	0.00442	0.00429	0.00846	0.01288	0.01745	0.56292	0.03946	0.28095	0.01065	0.00572	0.00156	0.00234	0.00922	0.00507	0.00442
84	0.57879	0.00812	0.00678	0.00623	0.00877	0.00894	0.00498	0.03242	0.00941	0.03135	0.01794	0.07048	0.18617	0.00701	0.00390	0.00156	0.00344	0.00515	0.00353	0.00503
85	0.01088	0.00719	0.00857	0.00771	0.00964	0.00716	0.00598	0.18969	0.01423	0.10623	0.20044	0.20686	0.12959	0.01082	0.02486	0.00180	0.00370	0.04414	0.00489	0.00561
86	0.01522	0.01161	0.01195	0.00988	0.01292	0.05917	0.00788	0.40522	0.17433	0.07082	0.01726	0.08193	0.06341	0.00711	0.00497	0.00153	0.00469	0.00570	0.02715	0.00725
87	0.01296	0.83261	0.02539	0.00829	0.01244	0.01917	0.00829	0.01451	0.00985	0.01140	0.00674	0.00777	0.00622	0.00415	0.00311	0.00104	0.00518	0.00259	0.00207	0.00622
88	0.00877	0.00534	0.00676	0.00661	0.00786	0.00496	0.00492	0.01018	0.01091	0.12524	0.18653	0.15136	0.15852	0.15522	0.04529	0.00252	0.00380	0.09607	0.00452	0.00461
89	0.03067	0.00745	0.01219	0.01030	0.01237	0.00720	0.20062	0.02297	0.02093	0.02489	0.07634	0.23773	0.19446	0.01030	0.00623	0.00178	0.03686	0.07780	0.00393	0.00498
90	0.06062	0.00836	0.01103	0.24474	0.03000	0.00954	0.00878	0.10888	0.12200	0.04370	0.03338	0.06317	0.03648	0.02724	0.13736	0.00270	0.00623	0.03648	0.00353	0.00579
91	0.07588	0.04206	0.03574	0.01155	0.08744	0.06540	0.10821	0.02539	0.06975	0.01648	0.16399	0.03506	0.11859	0.00763	0.00514	0.00156	0.00467	0.08327	0.00374	0.03845

[dist]
# distance from previous block
# <min> <max>
2	8

[block]
# block no. 4 follows, 52 sequences, length 12
# corresponding to MSA columns:
# 215-226
name=unknown_E
#
# <colnr> <probs for GDERKNQSTAVLIFYWHMCP>
#	G	D	E	R	K	N	Q	S	T	A	V	L	I	F	Y	W	H	M	C	P
0	0.04319	0.17758	0.04476	0.01152	0.04119	0.12747	0.03921	0.21108	0.05505	0.03985	0.01063	0.01180	0.02871	0.00644	0.02496	0.00160	0.11104	0.00403	0.00324	0.00663
1	0.06169	0.00889	0.01167	0.02416	0.10506	0.02444	0.03572	0.05886	0.08274	0.05252	0.09446	0.02058	0.08197	0.02063	0.04055	0.04923	0.12865	0.04508	0.00355	0.04956
2	0.22242	0.25944	0.01557	0.00918	0.01265	0.11375	0.00785	0.20235	0.08273	0.01941	0.00918	0.00977	0.00724	0.00496	0.00382	0.00133	0.00519	0.00335	0.00328	0.00653
3	0.07800	0.00933	0.01205	0.17930	0.04752	0.01036	0.03478	0.10081	0.19639	0.07404	0.02556	0.04722	0.02647	0.04744	0.02520	0.00188	0.02681	0.01718	0.00376	0.03589
4	0.01589	0.01949	0.04353	0.01494	0.11615	0.53613	0.06319	0.04219	0.04923	0.01374	0.00922	0.03672	0.00780	0.00526	0.00463	0.00136	0.00773	0.00397	0.00272	0.00612
5	0.05764	0.18862	0.04283	0.01107	0.04852	0.14171	0.00909	0.29205	0.01567	0.13241	0.01056	0.01083	0.00779	0.00519	0.00431	0.00134	0.00568	0.00375	0.00375	0.00719
6	0.00639	0.00494	0.00585	0.00580	0.00711	0.00440	0.00439	0.00815	0.01220	0.01608	0.39276	0.08265	0.36212	0.01140	0.00581	0.00164	0.00252	0.05659	0.00488	0.00433
7	0.00588	0.00463	0.00530	0.00573	0.00679	0.00406	0.00407	0.00702	0.01052	0.01324	0.09148	0.35866	0.43892	0.01328	0.00591	0.00176	0.00259	0.01155	0.00456	0.00406
8	0.01158	0.00921	0.00999	0.00904	0.01150	0.01021	0.00703	0.08779	0.50067	0.05296	0.02306	0.10418	0.10077	0.00820	0.00519	0.00167	0.00375	0.03148	0.00486	0.00687
9	0.86392	0.00937	0.00712	0.00637	0.00937	0.01087	0.00525	0.01425	0.00825	0.02174	0.00675	0.00787	0.00525	0.00450	0.00300	0.00150	0.00375	0.00262	0.00300	0.00525
10	0.01308	0.74826	0.06304	0.00879	0.01300	0.06244	0.00882	0.01482	0.01008	0.01162	0.00688	0.00795	0.00622	0.00422	0.00325	0.00107	0.00548	0.00267	0.00210	0.00623
11	0.00792	0.00550	0.00693	0.00744	0.00839	0.00541	0.00542	0.04992	0.06416	0.05075	0.02595	0.56995	0.06189	0.01335	0.00601	0.00191	0.00324	0.09655	0.00461	0.00468

[dist]
# distance from previous block
# <min> <max>
0	3

[block]
# block no. 5 follows, 52 sequences, length 55
# corresponding to MSA columns:
# 230-284
name=unknown_F
#
# <colnr> <probs for GDERKNQSTAVLIFYWHMCP>
#	G	D	E	R	K	N	Q	S	T	A	V	L	I	F	Y	W	H	M	C	P
0	0.00609	0.00439	0.00581	0.00688	0.00732	0.00411	0.00480	0.00710	0.00956	0.01263	0.02769	0.70860	0.06886	0.01485	0.00622	0.00198	0.00297	0.09164	0.00449	0.00400
1	0.00583	0.00491	0.00506	0.00502	0.00661	0.00414	0.00377	0.00716	0.01130	0.01369	0.11949	0.04565	0.72672	0.01205	0.00573	0.00163	0.00244	0.01009	0.00458	0.00414
2	0.00596	0.00482	0.00526	0.00535	0.00669	0.00416	0.00392	0.00728	0.01114	0.01392	0.16456	0.14974	0.55710	0.03050	0.00621	0.00173	0.00253	0.01040	0.00460	0.00412
3	0.07470	0.00550	0.00582	0.00577	0.00702	0.00553	0.00425	0.03974	0.02887	0.01618	0.06616	0.12877	0.14326	0.11387	0.00718	0.00190	0.00304	0.04012	0.29789	0.00445
4	0.06000	0.00830	0.01106	0.00852	0.01223	0.00729	0.00704	0.02319	0.01361	0.76734	0.01856	0.01610	0.01169	0.00593	0.00479	0.00150	0.00411	0.00477	0.00586	0.00811
5	0.06150	0.01397	0.09912	0.01794	0.02280	0.01231	0.57992	0.08150	0.03047	0.01727	0.00991	0.01250	0.00737	0.00437	0.00536	0.00160	0.00747	0.00521	0.00271	0.00669
6	0.00702	0.00512	0.00578	0.00550	0.00711	0.00442	0.00417	0.00862	0.01206	0.06108	0.28626	0.04155	0.51161	0.01115	0.00567	0.00159	0.00250	0.00945	0.00485	0.00449
7	0.00632	0.00493	0.00531	0.00534	0.00646	0.00442	0.00372	0.01878	0.01028	0.01282	0.08742	0.11564	0.47823	0.20690	0.01027	0.00239	0.00305	0.00962	0.00419	0.00390
8	0.01224	0.01166	0.06043	0.01199	0.01483	0.01235	0.11483	0.10101	0.34802	0.04147	0.03213	0.02587	0.02264	0.00664	0.00712	0.00170	0.15891	0.00528	0.00391	0.00695
9	0.15016	0.00882	0.01087	0.00847	0.01211	0.00829	0.00699	0.07980	0.01369	0.62491	0.01666	0.01481	0.01068	0.00576	0.00458	0.00150	0.00416	0.00449	0.00545	0.00779
10	0.09033	0.00635	0.00752	0.05372	0.00980	0.00630	0.00548	0.02446	0.05235	0.12927	0.24354	0.10238	0.13982	0.00870	0.00503	0.00154	0.00313	0.00736	0.09766	0.00529
11	0.01128	0.01240	0.02594	0.10433	0.13024	0.01200	0.59912	0.01511	0.01120	0.01524	0.00959	0.01291	0.00730	0.00420	0.00550	0.00161	0.00767	0.00538	0.00241	0.00657
12	0.01069	0.00770	0.00992	0.01070	0.01201	0.00741	0.00875	0.01199	0.01247	0.01674	0.02598	0.05156	0.02744	0.01822	0.12313	0.00353	0.00667	0.62399	0.00511	0.00600
13	0.00681	0.00495	0.00641	0.00605	0.00721	0.00455	0.00454	0.00906	0.01361	0.01918	0.76676	0.03662	0.07603	0.01000	0.00572	0.00153	0.00229	0.00882	0.00530	0.00455
14	0.00692	0.00505	0.00705	0.00698	0.00793	0.00540	0.00533	0.00876	0.00976	0.01399	0.24160	0.04885	0.05335	0.03815	0.47569	0.00523	0.00859	0.00667	0.04033	0.00436
15	0.00987	0.06165	0.76928	0.01356	0.02059	0.01161	0.01747	0.01531	0.01021	0.01517	0.00861	0.01012	0.00614	0.00458	0.00454	0.00151	0.00707	0.00354	0.00205	0.00712
16	0.00972	0.02507	0.80458	0.01381	0.02097	0.01125	0.01790	0.01535	0.01023	0.01535	0.00870	0.01023	0.00614	0.00460	0.00460	0.00153	0.00716	0.00358	0.00205	0.00716
17	0.01156	0.01105	0.01883	0.11699	0.69636	0.01131	0.01452	0.01445	0.01081	0.01534	0.00915	0.01226	0.00764	0.00510	0.02297	0.00160	0.00600	0.00434	0.00238	0.00735
18	0.00749	0.00568	0.00848	0.00772	0.00859	0.00595	0.07793	0.00869	0.00794	0.01116	0.01401	0.03562	0.01438	0.38007	0.34106	0.00546	0.00826	0.00615	0.04145	0.00393
19	0.00649	0.00477	0.00608	0.00615	0.00714	0.00436	0.00449	0.00827	0.01221	0.01675	0.49277	0.23732	0.14004	0.01160	0.00585	0.00166	0.00248	0.02223	0.00500	0.00435
20	0.07532	0.01070	0.01415	0.02889	0.27459	0.02860	0.01004	0.12834	0.11779	0.19700	0.04492	0.01439	0.01099	0.00554	0.00489	0.00150	0.01616	0.00464	0.00406	0.00747
21	0.48795	0.00980	0.02830	0.00799	0.01114	0.01037	0.03702	0.07583	0.08979	0.10592	0.04365	0.01352	0.04969	0.00558	0.00394	0.00152	0.00405	0.00407	0.00379	0.00606
22	0.01003	0.00908	0.02612	0.01253	0.08189	0.02228	0.18196	0.08554	0.08509	0.01648	0.01899	0.25302	0.06235	0.00865	0.00541	0.00167	0.00477	0.03147	0.07691	0.00576
23	0.01557	0.38617	0.03982	0.01064	0.01400	0.43441	0.00911	0.01707	0.01190	0.01175	0.00718	0.00835	0.00623	0.00460	0.00381	0.00116	0.00710	0.00290	0.00229	0.00593
24	0.00670	0.00509	0.00544	0.00525	0.00693	0.00431	0.00397	0.00809	0.01154	0.05457	0.14390	0.04374	0.66020	0.01165	0.00568	0.00161	0.00252	0.00976	0.00468	0.00437
25	0.01142	0.00857	0.01019	0.00735	0.01159	0.00654	0.00590	0.01355	0.01050	0.10839	0.00985	0.01081	0.00774	0.00387	0.00374	0.00081	0.00365	0.00311	0.00324	0.75918
26	0.01404	0.00836	0.01009	0.00792	0.01140	0.00733	0.00633	0.05920	0.08558	0.28244	0.01790	0.06372	0.07879	0.00623	0.00455	0.00126	0.00375	0.00514	0.00446	0.32151
27	0.00617	0.00441	0.00593	0.00705	0.00745	0.00416	0.00496	0.00721	0.00954	0.01267	0.02656	0.71903	0.03147	0.01493	0.00626	0.00200	0.00304	0.11865	0.00449	0.00401
28	0.01092	0.01224	0.02643	0.01914	0.02360	0.01147	0.70868	0.01470	0.01123	0.01523	0.01140	0.08965	0.00968	0.00513	0.00576	0.00167	0.00767	0.00648	0.00264	0.00629
29	0.02102	0.00809	0.01101	0.00850	0.01212	0.00700	0.00700	0.02291	0.01386	0.76456	0.05710	0.01746	0.01364	0.00619	0.00491	0.00150	0.00403	0.00506	0.00597	0.00807
30	0.00852	0.00574	0.00704	0.00650	0.00810	0.00541	0.00494	0.01159	0.08622	0.09220	0.48608	0.06634	0.17282	0.00986	0.00558	0.00157	0.00266	0.00855	0.00518	0.00510
31	0.86392	0.00937	0.00712	0.00637	0.00937	0.01087	0.00525	0.01425	0.00825	0.02174	0.00675	0.00787	0.00525	0.00450	0.00300	0.00150	0.00375	0.00262	0.00300	0.00525
32	0.00836	0.00424	0.00632	0.00632	0.00634	0.00426	0.00422	0.00638	0.00636	0.00850	0.00867	0.01521	0.00870	0.03597	0.03477	0.82242	0.00439	0.00429	0.00213	0.00217
33	0.01016	0.02082	0.54562	0.06243	0.02289	0.01150	0.22733	0.01522	0.01053	0.01522	0.00900	0.01117	0.00649	0.00448	0.00492	0.00157	0.00740	0.00421	0.00216	0.00689
34	0.86392	0.00937	0.00712	0.00637	0.00937	0.01087	0.00525	0.01425	0.00825	0.02174	0.00675	0.00787	0.00525	0.00450	0.00300	0.00150	0.00375	0.00262	0.00300	0.00525
35	0.00640	0.00494	0.00570	0.00573	0.00687	0.00448	0.00411	0.00809	0.03174	0.01472	0.26788	0.16689	0.34882	0.09260	0.00765	0.00196	0.00272	0.00992	0.00461	0.00419
36	0.00705	0.00470	0.00529	0.00529	0.00529	0.00470	0.00294	0.00705	0.00705	0.00940	0.01527	0.03171	0.01762	0.82969	0.02467	0.00470	0.00470	0.00705	0.00294	0.00294
37	0.86392	0.00937	0.00712	0.00637	0.00937	0.01087	0.00525	0.01425	0.00825	0.02174	0.00675	0.00787	0.00525	0.00450	0.00300	0.00150	0.00375	0.00262	0.00300	0.00525
38	0.00681	0.00462	0.00554	0.00589	0.00609	0.00453	0.00369	0.00729	0.00820	0.01105	0.05043	0.24881	0.02310	0.51640	0.01752	0.00363	0.00403	0.04801	0.02099	0.00338
39	0.04644	0.00677	0.00765	0.00698	0.00875	0.00670	0.00527	0.15216	0.01310	0.06941	0.16120	0.19600	0.22254	0.06652	0.00678	0.00185	0.00335	0.00873	0.00464	0.00515
40	0.15704	0.00659	0.00678	0.00641	0.00832	0.00666	0.00501	0.03225	0.09827	0.01750	0.21802	0.03366	0.32264	0.00959	0.00519	0.00162	0.00299	0.05200	0.00450	0.00494
41	0.00809	0.00654	0.00746	0.00763	0.00907	0.00682	0.00570	0.01342	0.26975	0.01534	0.02868	0.33228	0.17628	0.01158	0.00573	0.00182	0.00324	0.08068	0.00464	0.00526
42	0.23534	0.00868	0.00890	0.00750	0.01016	0.00922	0.00601	0.21347	0.01356	0.13067	0.05032	0.05272	0.05025	0.02142	0.00461	0.00151	0.00378	0.00497	0.16079	0.00612
43	0.03456	0.00536	0.00629	0.00653	0.00763	0.00511	0.00470	0.03757	0.02972	0.04751	0.06746	0.38075	0.21413	0.07614	0.00723	0.00202	0.00311	0.04318	0.01656	0.00444
44	0.00744	0.00477	0.00623	0.00670	0.00747	0.00443	0.00468	0.00864	0.02440	0.07155	0.12627	0.54492	0.08720	0.01355	0.00671	0.05172	0.00291	0.01150	0.00459	0.00431
45	0.21271	0.00727	0.00992	0.00893	0.01101	0.00728	0.11026	0.01185	0.01015	0.09017	0.02002	0.27957	0.06167	0.00983	0.00530	0.00179	0.00413	0.12904	0.00400	0.00510
46	0.00621	0.00492	0.00561	0.00549	0.00688	0.00432	0.00411	0.00785	0.01198	0.01553	0.34293	0.05946	0.46498	0.01197	0.02469	0.00174	0.00264	0.00961	0.00478	0.00428
47	0.00937	0.00720	0.00813	0.00644	0.00942	0.00602	0.00500	0.01207	0.05559	0.01626	0.04799	0.01688	0.06298	0.04261	0.00481	0.00114	0.00322	0.00433	0.19874	0.48179
48	0.00702	0.00485	0.00618	0.00685	0.00731	0.00477	0.00496	0.00802	0.00906	0.01205	0.02179	0.25710	0.02481	0.32439	0.01333	0.00308	0.00405	0.25534	0.02132	0.00374
49	0.01296	0.01484	0.01126	0.01050	0.01217	0.42714	0.00802	0.01440	0.01088	0.01159	0.00977	0.01322	0.00875	0.01851	0.34794	0.00408	0.05235	0.00406	0.00252	0.00505
50	0.00730	0.00497	0.00641	0.00636	0.00673	0.00530	0.00426	0.01961	0.00749	0.01031	0.01381	0.02541	0.01472	0.46320	0.30561	0.07854	0.00764	0.00610	0.00277	0.00345
51	0.00636	0.00536	0.00675	0.00653	0.00799	0.00478	0.04936	0.00807	0.03340	0.01360	0.08178	0.25732	0.47648	0.01230	0.00583	0.00172	0.00292	0.01072	0.00444	0.00432
52	0.01058	0.00942	0.01197	0.03992	0.06054	0.02289	0.01789	0.05235	0.05040	0.01555	0.03011	0.01233	0.00890	0.00780	0.07418	0.00177	0.15363	0.00386	0.00292	0.41300
53	0.01627	0.00827	0.01036	0.00838	0.01134	0.00797	0.00676	0.12871	0.08171	0.40573	0.23576	0.02145	0.02114	0.00712	0.00511	0.00151	0.00376	0.00594	0.00556	0.00717
54	0.10356	0.02344	0.00954	0.00731	0.01069	0.02606	0.01587	0.04115	0.01084	0.01671	0.07668	0.02678	0.09120	0.00610	0.01419	0.00118	0.00380	0.03147	0.00337	0.48007

[dist]
# distance from previous block
# <min> <max>
0	6

[block]
# block no. 6 follows, 52 sequences, length 78
# corresponding to MSA columns:
# 292-319,336-340,345-355,366-399
name=unknown_G
#
# <colnr> <probs for GDERKNQSTAVLIFYWHMCP>
#	G	D	E	R	K	N	Q	S	T	A	V	L	I	F	Y	W	H	M	C	P
0	0.03258	0.02032	0.01375	0.02413	0.01512	0.59575	0.00929	0.18527	0.03097	0.01627	0.00864	0.00960	0.00683	0.00519	0.00447	0.00131	0.00778	0.00345	0.00306	0.00622
1	0.01763	0.01180	0.01319	0.01009	0.01390	0.01233	0.00830	0.53814	0.01948	0.16044	0.03945	0.01312	0.01004	0.00573	0.00474	0.00138	0.00482	0.00443	0.00483	0.10617
2	0.06896	0.00938	0.01472	0.57453	0.03757	0.01150	0.04974	0.04398	0.02850	0.01407	0.00869	0.01239	0.00669	0.00525	0.00595	0.00165	0.09412	0.00428	0.00240	0.00562
3	0.54016	0.05160	0.05470	0.00807	0.01123	0.05407	0.00706	0.04778	0.00992	0.09812	0.00869	0.01016	0.00672	0.00513	0.00428	0.00152	0.05344	0.01827	0.00323	0.00584
4	0.00996	0.00775	0.00915	0.04780	0.01111	0.00826	0.00648	0.06654	0.28357	0.03897	0.40225	0.02615	0.02901	0.00801	0.00528	0.00155	0.00330	0.00690	0.00497	0.02299
5	0.00641	0.00456	0.00555	0.00604	0.00647	0.00432	0.00396	0.00715	0.00908	0.01199	0.08162	0.37834	0.11604	0.29907	0.01257	0.00286	0.00344	0.03287	0.00401	0.00367
6	0.01085	0.30729	0.53227	0.01188	0.01799	0.01402	0.01455	0.01505	0.01010	0.01397	0.00801	0.00937	0.00617	0.00444	0.00408	0.00136	0.00647	0.00324	0.00206	0.00683
7	0.01470	0.64296	0.02226	0.00853	0.01249	0.03558	0.00814	0.01630	0.01066	0.16100	0.00909	0.00950	0.00731	0.00459	0.00370	0.00115	0.01960	0.00306	0.00283	0.00657
8	0.01070	0.00653	0.00799	0.00742	0.00894	0.00649	0.00540	0.05045	0.12865	0.14710	0.06729	0.24227	0.03066	0.13869	0.00977	0.08793	0.00373	0.00791	0.00436	0.02771
9	0.11316	0.00772	0.01907	0.00896	0.05444	0.00717	0.05004	0.04841	0.01951	0.02626	0.11053	0.06425	0.18950	0.01902	0.00529	0.00156	0.00381	0.09957	0.00389	0.14782
10	0.01261	0.74661	0.10838	0.00888	0.01335	0.01833	0.00932	0.01460	0.00989	0.01182	0.00695	0.00804	0.00621	0.00419	0.00327	0.00109	0.00539	0.00270	0.00207	0.00632
11	0.09513	0.00712	0.00887	0.00741	0.01017	0.00644	0.00591	0.01710	0.01243	0.45421	0.09742	0.10326	0.13770	0.00812	0.00504	0.00157	0.00352	0.00675	0.00527	0.00654
12	0.00734	0.00508	0.00606	0.00627	0.00673	0.00502	0.00409	0.05491	0.00910	0.01204	0.02096	0.31737	0.06619	0.38351	0.01508	0.04471	0.00390	0.02428	0.00370	0.00368
