[name]
unknown

[dist]
# distance from previous block
# <min> <max>
9	195

[block]
# block no. 0 follows, 65 sequences, length 45
# corresponding to MSA columns:
# 222-266
name=unknown_A
#
# <colnr> <probs for GDERKNQSTAVLIFYWHMCP>
#	G	D	E	R	K	N	Q	S	T	A	V	L	I	F	Y	W	H	M	C	P
0	0.33004	0.01167	0.00962	0.00812	0.01080	0.18645	0.00649	0.28240	0.08693	0.01902	0.00824	0.00868	0.00621	0.00443	0.00346	0.00122	0.00453	0.00303	0.00312	0.00555
1	0.00591	0.00397	0.00448	0.00451	0.00455	0.00395	0.00255	0.00596	0.00610	0.00811	0.01385	0.05618	0.03183	0.80897	0.02002	0.00385	0.00388	0.00622	0.00256	0.00254
2	0.00568	0.00391	0.00452	0.00469	0.00492	0.00378	0.00285	0.00589	0.00674	0.00881	0.01832	0.17923	0.12535	0.55920	0.01572	0.03404	0.00342	0.00729	0.00288	0.00275
3	0.06825	0.01100	0.01166	0.00908	0.01224	0.01220	0.00747	0.69304	0.07888	0.03950	0.01023	0.01015	0.00730	0.00491	0.00402	0.00125	0.00432	0.00368	0.00403	0.00679
4	0.01007	0.01010	0.01902	0.20213	0.13224	0.01031	0.42402	0.11439	0.01053	0.01420	0.00820	0.01076	0.00619	0.00382	0.00448	0.00134	0.00601	0.00427	0.00227	0.00563
5	0.00563	0.00393	0.00459	0.00476	0.00505	0.00378	0.00295	0.00605	0.00721	0.00953	0.08459	0.20587	0.10831	0.51346	0.01447	0.00298	0.00326	0.00761	0.00308	0.00289
6	0.00532	0.00413	0.00492	0.00501	0.00598	0.00381	0.00370	0.00652	0.00909	0.01179	0.19517	0.14309	0.38277	0.06150	0.10838	0.00221	0.00335	0.03605	0.00368	0.00351
7	0.00981	0.41522	0.41923	0.00941	0.01416	0.01282	0.01104	0.04412	0.00893	0.01193	0.00668	0.00773	0.00530	0.00376	0.00331	0.00110	0.00522	0.00266	0.00184	0.00573
8	0.01523	0.03960	0.01187	0.01049	0.01264	0.81960	0.00791	0.01629	0.01155	0.01004	0.00633	0.00738	0.00529	0.00421	0.00368	0.00105	0.00733	0.00263	0.00211	0.00477
9	0.00518	0.00413	0.00451	0.00453	0.00563	0.00361	0.00330	0.00627	0.00930	0.01166	0.16986	0.08204	0.54403	0.10018	0.00660	0.00167	0.00232	0.02796	0.00379	0.00343
10	0.00955	0.00913	0.01556	0.23253	0.62756	0.00959	0.01230	0.01206	0.00906	0.01267	0.00761	0.01036	0.00624	0.00377	0.00407	0.00126	0.00503	0.00366	0.00198	0.00601
11	0.01055	0.12609	0.15014	0.01361	0.01765	0.06087	0.42959	0.06521	0.02061	0.03353	0.00802	0.00987	0.00609	0.00384	0.00447	0.00128	0.02676	0.00395	0.00221	0.00565
12	0.00872	0.17105	0.68895	0.01086	0.01647	0.01073	0.01371	0.01287	0.00861	0.01240	0.00707	0.00829	0.00521	0.00383	0.00367	0.00122	0.00577	0.00288	0.00174	0.00592
13	0.00611	0.00448	0.00592	0.00665	0.00756	0.00435	0.00554	0.00765	0.00909	0.01168	0.02473	0.12389	0.16301	0.04473	0.02082	0.00195	0.00348	0.54103	0.00371	0.00363
14	0.01329	0.15754	0.08624	0.03818	0.01459	0.00965	0.21487	0.03661	0.03896	0.33221	0.01115	0.01133	0.00772	0.00427	0.00403	0.00124	0.00483	0.00387	0.00328	0.00614
15	0.01008	0.00967	0.01651	0.05342	0.80256	0.00973	0.01256	0.01253	0.00931	0.01331	0.00771	0.01019	0.00647	0.00367	0.00407	0.00122	0.00490	0.00366	0.00202	0.00644
16	0.01536	0.01890	0.01169	0.01048	0.01269	0.77110	0.00792	0.08236	0.01226	0.01135	0.00663	0.00760	0.00543	0.00429	0.00373	0.00107	0.00716	0.00273	0.00228	0.00494
17	0.01016	0.00975	0.01666	0.02520	0.83013	0.00975	0.01260	0.01260	0.00935	0.01341	0.00772	0.01016	0.00650	0.00366	0.00406	0.00122	0.00488	0.00366	0.00203	0.00650
18	0.00834	0.05400	0.80264	0.01152	0.01748	0.00980	0.01485	0.01297	0.00865	0.01287	0.00730	0.00858	0.00520	0.00388	0.00385	0.00128	0.00600	0.00300	0.00173	0.00604
19	0.00644	0.00463	0.00639	0.00729	0.00822	0.00458	0.00629	0.00822	0.00935	0.01212	0.02268	0.09539	0.05999	0.01139	0.00561	0.00185	0.00362	0.71844	0.00378	0.00374
20	0.01014	0.00980	0.01691	0.02493	0.80324	0.00977	0.03929	0.01262	0.00936	0.01340	0.00774	0.01019	0.00649	0.00365	0.00409	0.00122	0.00494	0.00370	0.00203	0.00647
21	0.00872	0.15880	0.67814	0.01108	0.01668	0.01066	0.03598	0.01289	0.00864	0.01245	0.00712	0.00839	0.00524	0.00382	0.00372	0.00123	0.00581	0.00295	0.00175	0.00592
22	0.01550	0.01465	0.01205	0.00989	0.01271	0.33524	0.00785	0.50426	0.01631	0.01970	0.00849	0.00890	0.00632	0.00466	0.00395	0.00116	0.00564	0.00329	0.00333	0.00611
23	0.00498	0.00374	0.00462	0.00530	0.00585	0.00338	0.00363	0.00580	0.00832	0.01076	0.04347	0.62595	0.23504	0.01213	0.00513	0.00159	0.00229	0.01081	0.00382	0.00338
24	0.00992	0.00988	0.03898	0.08732	0.74657	0.00970	0.01258	0.01245	0.00924	0.01318	0.00768	0.01018	0.00639	0.00370	0.00406	0.00123	0.00495	0.00364	0.00201	0.00634
25	0.01010	0.00969	0.01655	0.04694	0.80889	0.00974	0.01257	0.01254	0.00932	0.01333	0.00771	0.01018	0.00647	0.00367	0.00406	0.00122	0.00489	0.00366	0.00203	0.00645
26	0.00597	0.00398	0.00448	0.00448	0.00448	0.00398	0.00249	0.00597	0.00597	0.00796	0.01293	0.02686	0.01492	0.85574	0.02089	0.00398	0.00398	0.00597	0.00249	0.00249
27	0.00781	0.00735	0.01241	0.82664	0.04707	0.00913	0.01143	0.01054	0.00823	0.01056	0.00731	0.01093	0.00550	0.00409	0.00410	0.00136	0.00546	0.00365	0.00183	0.00461
28	0.00866	0.06276	0.75691	0.01146	0.01728	0.00980	0.02971	0.01315	0.00875	0.03400	0.00753	0.00874	0.00535	0.00390	0.00386	0.00128	0.00593	0.00305	0.00183	0.00604
29	0.00823	0.02123	0.83447	0.01170	0.01777	0.00953	0.01517	0.01300	0.00867	0.01300	0.00737	0.00867	0.00520	0.00390	0.00390	0.00130	0.00607	0.00303	0.00173	0.00607
30	0.01749	0.00707	0.00969	0.05905	0.01158	0.00636	0.00638	0.01948	0.03850	0.75512	0.01566	0.01383	0.00995	0.00504	0.00413	0.00128	0.00361	0.00412	0.00485	0.00682
31	0.00926	0.06449	0.38247	0.01406	0.01901	0.01027	0.40093	0.01315	0.00919	0.02648	0.00787	0.00980	0.00578	0.00368	0.00429	0.00132	0.00634	0.00388	0.00196	0.00578
32	0.01010	0.00970	0.01656	0.04455	0.81122	0.00974	0.01257	0.01255	0.00932	0.01334	0.00771	0.01018	0.00648	0.00367	0.00406	0.00122	0.00489	0.00366	0.00203	0.00646
33	0.00500	0.00357	0.00476	0.00572	0.00595	0.00333	0.00381	0.00572	0.00786	0.01048	0.02262	0.85306	0.02715	0.01286	0.00524	0.00167	0.00238	0.01167	0.00381	0.00333
34	0.00823	0.02123	0.83447	0.01170	0.01777	0.00953	0.01517	0.01300	0.00867	0.01300	0.00737	0.00867	0.00520	0.00390	0.00390	0.00130	0.00607	0.00303	0.00173	0.00607
35	0.01008	0.01301	0.11821	0.01547	0.03168	0.10095	0.55171	0.01320	0.00949	0.01252	0.00772	0.01020	0.00594	0.00391	0.00532	0.00137	0.07749	0.00426	0.00202	0.00544
36	0.01560	0.01150	0.01232	0.00944	0.01273	0.01273	0.00780	0.81645	0.01930	0.02587	0.00986	0.00986	0.00698	0.00493	0.00411	0.00123	0.00452	0.00370	0.00411	0.00698
37	0.00949	0.40535	0.46137	0.00955	0.01445	0.01261	0.01143	0.01267	0.00852	0.01147	0.00660	0.00771	0.00523	0.00372	0.00332	0.00111	0.00530	0.00265	0.00174	0.00570
38	0.01842	0.00699	0.00953	0.00730	0.01048	0.00603	0.00603	0.02000	0.01175	0.83298	0.01619	0.01397	0.01016	0.00508	0.00413	0.00127	0.00349	0.00413	0.00508	0.00699
39	0.00500	0.00357	0.00476	0.00572	0.00595	0.00333	0.00381	0.00572	0.00786	0.01048	0.02262	0.85306	0.02715	0.01286	0.00524	0.00167	0.00238	0.01167	0.00381	0.00333
40	0.00937	0.00954	0.01805	0.20141	0.36171	0.00970	0.28641	0.01218	0.00918	0.01262	0.00813	0.02792	0.00661	0.00388	0.00436	0.00132	0.00565	0.00423	0.00204	0.00568
41	0.01443	0.00941	0.01224	0.01288	0.22976	0.02408	0.00842	0.26715	0.06555	0.27197	0.01196	0.01253	0.00863	0.00484	0.00414	0.00127	0.00424	0.02598	0.00382	0.00670
42	0.01842	0.00699	0.00953	0.00730	0.01048	0.00603	0.00603	0.02000	0.01175	0.83298	0.01619	0.01397	0.01016	0.00508	0.00413	0.00127	0.00349	0.00413	0.00508	0.00699
43	0.00775	0.00730	0.01231	0.84587	0.02827	0.00912	0.01140	0.01049	0.00821	0.01049	0.00730	0.01094	0.00547	0.00410	0.00410	0.00137	0.00547	0.00365	0.00182	0.00456
44	0.00992	0.01105	0.06407	0.03432	0.13286	0.01000	0.57820	0.02718	0.02049	0.03682	0.00884	0.01178	0.00682	0.00381	0.00465	0.00136	0.00630	0.02357	0.00224	0.00572

[dist]
# distance from previous block
# <min> <max>
0	6

[block]
# block no. 1 follows, 65 sequences, length 10
# corresponding to MSA columns:
# 273-282
name=unknown_B
#
# <colnr> <probs for GDERKNQSTAVLIFYWHMCP>
#	G	D	E	R	K	N	Q	S	T	A	V	L	I	F	Y	W	H	M	C	P
0	0.01101	0.01003	0.01598	0.02273	0.70235	0.01022	0.01185	0.13826	0.01090	0.01536	0.00805	0.01011	0.00658	0.00386	0.00407	0.00122	0.00482	0.00366	0.00236	0.00658
1	0.00595	0.00405	0.00484	0.00484	0.00497	0.00418	0.00294	0.00620	0.00608	0.00823	0.01260	0.02501	0.01412	0.71305	0.16248	0.00443	0.00519	0.00570	0.00244	0.00269
2	0.01015	0.14489	0.10209	0.01137	0.01415	0.16634	0.22029	0.01231	0.00894	0.01114	0.00805	0.02734	0.00711	0.00706	0.07799	0.00177	0.12707	0.03490	0.00207	0.00498
3	0.14923	0.07100	0.01001	0.00749	0.01019	0.02680	0.02086	0.17169	0.16801	0.19404	0.01512	0.03139	0.09591	0.00551	0.00388	0.00128	0.00363	0.00432	0.00380	0.00584
4	0.00571	0.00419	0.00535	0.00506	0.00607	0.00383	0.00379	0.00755	0.01138	0.01589	0.74480	0.03160	0.12225	0.00860	0.00484	0.00130	0.00195	0.00755	0.00444	0.00383
5	0.00798	0.01865	0.70505	0.01105	0.01632	0.00878	0.01383	0.01230	0.00879	0.01289	0.00961	0.01455	0.00808	0.00506	0.00418	0.00139	0.00571	0.12801	0.00205	0.00571
6	0.18459	0.01035	0.01173	0.01126	0.15066	0.01131	0.00790	0.49520	0.01494	0.05010	0.00890	0.00943	0.00651	0.00450	0.00379	0.00124	0.00428	0.00342	0.00348	0.00640
7	0.00823	0.02123	0.83447	0.01170	0.01777	0.00953	0.01517	0.01300	0.00867	0.01300	0.00737	0.00867	0.00520	0.00390	0.00390	0.00130	0.00607	0.00303	0.00173	0.00607
8	0.01631	0.00746	0.00946	0.00757	0.01053	0.00711	0.00615	0.02047	0.21991	0.62358	0.01633	0.01432	0.01077	0.00521	0.00414	0.00130	0.00343	0.00426	0.00485	0.00686
9	0.01443	0.01149	0.01317	0.01019	0.01334	0.05647	0.08968	0.58552	0.08530	0.04181	0.01013	0.01038	0.00732	0.00486	0.00440	0.00127	0.02602	0.00384	0.00376	0.00661

[dist]
# distance from previous block
# <min> <max>
0	4

[block]
# block no. 2 follows, 65 sequences, length 28
# corresponding to MSA columns:
# 287-314
name=unknown_C
#
# <colnr> <probs for GDERKNQSTAVLIFYWHMCP>
#	G	D	E	R	K	N	Q	S	T	A	V	L	I	F	Y	W	H	M	C	P
0	0.00737	0.00465	0.00601	0.00581	0.02339	0.00421	0.00432	0.00903	0.01086	0.12216	0.48068	0.08047	0.17332	0.00862	0.00479	0.00135	0.00233	0.04203	0.00434	0.00423
1	0.00523	0.00374	0.00462	0.00522	0.00553	0.00351	0.00339	0.00580	0.00756	0.00991	0.02242	0.54828	0.11877	0.22541	0.00915	0.00222	0.00275	0.00987	0.00348	0.00314
2	0.01007	0.00966	0.01650	0.05628	0.79976	0.00973	0.01255	0.01252	0.00930	0.01330	0.00771	0.01019	0.00646	0.00367	0.00407	0.00122	0.00490	0.00366	0.00202	0.00643
3	0.11611	0.14509	0.58385	0.01008	0.01524	0.01039	0.01233	0.01301	0.00851	0.04002	0.00720	0.00828	0.00528	0.00387	0.00355	0.00123	0.00538	0.00284	0.00194	0.00578
4	0.01038	0.01030	0.01600	0.11542	0.44361	0.06625	0.13105	0.04480	0.09530	0.01368	0.00869	0.01073	0.00691	0.00397	0.00417	0.00127	0.00524	0.00387	0.00233	0.00603
5	0.00519	0.00376	0.00470	0.00537	0.00577	0.00350	0.00362	0.00588	0.00784	0.01025	0.02379	0.58054	0.13858	0.14187	0.00760	0.00199	0.00264	0.04026	0.00361	0.00324
6	0.23901	0.28138	0.26734	0.00830	0.01230	0.01189	0.00893	0.08891	0.02428	0.01466	0.00682	0.00772	0.00533	0.00388	0.00317	0.00115	0.00458	0.00265	0.00222	0.00548
7	0.16857	0.01033	0.06192	0.01004	0.09366	0.02944	0.00769	0.24178	0.19721	0.08733	0.01959	0.01098	0.00816	0.00479	0.00411	0.00130	0.02985	0.00365	0.00346	0.00615
8	0.00513	0.00402	0.00448	0.00468	0.00560	0.00355	0.00331	0.00606	0.00882	0.01106	0.10102	0.21504	0.47522	0.11230	0.00687	0.00176	0.00239	0.02160	0.00371	0.00336
9	0.01016	0.00951	0.01578	0.14014	0.66586	0.00985	0.01213	0.06245	0.00981	0.01378	0.00779	0.01025	0.00639	0.00380	0.00407	0.00124	0.00494	0.00366	0.00213	0.00626
10	0.36458	0.15989	0.29006	0.00911	0.06307	0.01059	0.00907	0.01265	0.02407	0.01473	0.00662	0.00772	0.00513	0.00381	0.00314	0.00121	0.00447	0.00263	0.00213	0.00531
11	0.00970	0.00925	0.01558	0.18275	0.64881	0.00965	0.01217	0.01249	0.03577	0.01297	0.00793	0.01048	0.00650	0.00381	0.00408	0.00125	0.00494	0.00369	0.00206	0.00613
12	0.00589	0.00421	0.00549	0.00539	0.00623	0.00396	0.00404	0.00758	0.01069	0.01495	0.62904	0.06200	0.03430	0.09127	0.00651	0.00163	0.00236	0.09653	0.00421	0.00371
13	0.08690	0.01205	0.13489	0.01267	0.05219	0.01084	0.27114	0.23838	0.05188	0.02909	0.00872	0.01010	0.00647	0.00431	0.00470	0.00133	0.05173	0.00389	0.00277	0.00598
14	0.14688	0.21887	0.40403	0.00944	0.01371	0.04607	0.01067	0.02885	0.00851	0.01298	0.00659	0.00785	0.00515	0.00404	0.00401	0.00122	0.06098	0.00274	0.00193	0.00548
15	0.00765	0.00460	0.00607	0.00548	0.00677	0.00419	0.00419	0.00953	0.01164	0.13533	0.70979	0.02823	0.03457	0.00791	0.00474	0.00129	0.00216	0.00694	0.00460	0.00433
16	0.00509	0.00390	0.00459	0.00504	0.00578	0.00349	0.00353	0.00599	0.00859	0.01095	0.07373	0.41154	0.34719	0.06248	0.00602	0.00168	0.00237	0.03090	0.00377	0.00338
17	0.04331	0.31632	0.42724	0.01064	0.04005	0.01197	0.07284	0.01271	0.00858	0.01205	0.00680	0.00808	0.00531	0.00372	0.00348	0.00115	0.00539	0.00286	0.00181	0.00569
18	0.00864	0.14395	0.71528	0.01101	0.01671	0.01052	0.01397	0.01290	0.00862	0.01251	0.00712	0.00836	0.00521	0.00384	0.00371	0.00124	0.00582	0.00291	0.00174	0.00595
19	0.01667	0.00683	0.00912	0.00716	0.01007	0.00608	0.00585	0.01892	0.06233	0.70221	0.09563	0.01569	0.01310	0.00543	0.00420	0.00128	0.00333	0.00448	0.00497	0.00665
20	0.24836	0.00985	0.01044	0.00864	0.03488	0.01085	0.02070	0.44393	0.06164	0.07770	0.02837	0.01011	0.00755	0.00469	0.00372	0.00126	0.00401	0.00349	0.00367	0.00616
21	0.00995	0.01001	0.04175	0.06955	0.73777	0.00973	0.03589	0.01251	0.00927	0.01323	0.00770	0.01018	0.00640	0.00368	0.00408	0.00123	0.00501	0.00367	0.00201	0.00635
22	0.01295	0.00984	0.01057	0.00875	0.01153	0.01102	0.00702	0.35509	0.43841	0.06834	0.01380	0.01295	0.01006	0.00527	0.00414	0.00132	0.00379	0.00421	0.00420	0.00673
23	0.00937	0.28480	0.52942	0.01016	0.01514	0.04112	0.01220	0.01282	0.00861	0.01177	0.00676	0.00797	0.00523	0.00387	0.00372	0.00117	0.02562	0.00277	0.00176	0.00573
24	0.00522	0.00396	0.00457	0.00495	0.00567	0.00359	0.00345	0.00601	0.00823	0.01038	0.02869	0.31218	0.35845	0.16649	0.00798	0.00199	0.00264	0.05871	0.00357	0.00326
25	0.30465	0.00729	0.00820	0.00661	0.00943	0.00720	0.00543	0.04666	0.01045	0.47808	0.06654	0.01251	0.01005	0.00487	0.00365	0.00127	0.00332	0.00370	0.00416	0.00594
26	0.00998	0.00964	0.01665	0.07952	0.74721	0.00973	0.04187	0.01248	0.00928	0.01321	0.00771	0.01025	0.00642	0.00368	0.00410	0.00124	0.00499	0.00370	0.00202	0.00634
27	0.00990	0.00955	0.01649	0.10689	0.72139	0.00971	0.04091	0.01241	0.00925	0.01311	0.00770	0.01027	0.00639	0.00370	0.00410	0.00124	0.00501	0.00370	0.00201	0.00627

[dist]
# distance from previous block
# <min> <max>
1	5

[block]
# block no. 3 follows, 65 sequences, length 6
# corresponding to MSA columns:
# 320-325
name=unknown_D
#
# <colnr> <probs for GDERKNQSTAVLIFYWHMCP>
#	G	D	E	R	K	N	Q	S	T	A	V	L	I	F	Y	W	H	M	C	P
0	0.11194	0.05777	0.61276	0.01037	0.01560	0.00971	0.01264	0.04504	0.00908	0.06763	0.00777	0.00873	0.00551	0.00399	0.00370	0.00127	0.00542	0.00300	0.00214	0.00594
1	0.15461	0.20300	0.51799	0.00962	0.01454	0.01095	0.01159	0.01269	0.00832	0.01317	0.00673	0.00788	0.00509	0.00380	0.00340	0.00120	0.00522	0.00271	0.00187	0.00562
2	0.00513	0.00396	0.00448	0.00474	0.00555	0.00353	0.00328	0.00598	0.00856	0.01082	0.08769	0.28031	0.40940	0.13883	0.00739	0.00186	0.00245	0.00907	0.00366	0.00331
3	0.31097	0.01066	0.06616	0.00810	0.01122	0.01103	0.00702	0.40001	0.10236	0.02149	0.00902	0.00928	0.00660	0.00455	0.00357	0.00127	0.00403	0.00325	0.00342	0.00600
4	0.01059	0.01021	0.01584	0.07969	0.68433	0.05419	0.01199	0.05912	0.00997	0.01375	0.00774	0.01005	0.00639	0.00379	0.00405	0.00122	0.00503	0.00360	0.00214	0.00630
5	0.01332	0.01006	0.01209	0.01102	0.10259	0.04051	0.05461	0.28208	0.27392	0.13686	0.01251	0.01222	0.00906	0.00490	0.00416	0.00129	0.00425	0.00409	0.00385	0.00661

[dist]
# distance from previous block
# <min> <max>
0	7

[block]
# block no. 4 follows, 65 sequences, length 30
# corresponding to MSA columns:
# 333-338,341-364
name=unknown_E
#
# <colnr> <probs for GDERKNQSTAVLIFYWHMCP>
#	G	D	E	R	K	N	Q	S	T	A	V	L	I	F	Y	W	H	M	C	P
0	0.00495	0.00407	0.00431	0.00443	0.00559	0.00348	0.00322	0.00594	0.00911	0.01110	0.06948	0.15363	0.65307	0.04225	0.00551	0.00152	0.00219	0.00894	0.00379	0.00343
1	0.03532	0.01036	0.01134	0.00887	0.01200	0.01128	0.00728	0.56835	0.12561	0.14918	0.01166	0.01115	0.00816	0.00501	0.00408	0.00126	0.00416	0.00386	0.00423	0.00686
2	0.02685	0.14603	0.64642	0.01083	0.01629	0.01042	0.03098	0.01314	0.00872	0.04361	0.00744	0.00857	0.00540	0.00387	0.00371	0.00124	0.00568	0.00297	0.00189	0.00594
3	0.01002	0.00952	0.01557	0.09923	0.51870	0.00990	0.08525	0.03224	0.15063	0.01404	0.00934	0.01121	0.00744	0.00404	0.00416	0.00128	0.00483	0.00394	0.00244	0.00624
4	0.39634	0.00922	0.00912	0.01927	0.01051	0.01020	0.00612	0.32843	0.03351	0.12731	0.00901	0.00915	0.00641	0.00446	0.00343	0.00126	0.00378	0.00313	0.00352	0.00582
5	0.06432	0.01174	0.10456	0.01549	0.05112	0.01026	0.57035	0.05569	0.00989	0.03524	0.00825	0.01048	0.00615	0.00373	0.00470	0.00136	0.02443	0.00434	0.00225	0.00565
6	0.03168	0.01034	0.11712	0.04007	0.35950	0.00870	0.09051	0.01447	0.03765	0.20222	0.04000	0.01181	0.00846	0.00425	0.00413	0.00127	0.00472	0.00394	0.00287	0.00626
7	0.00499	0.00382	0.00451	0.00504	0.00572	0.00342	0.00347	0.00580	0.00835	0.01059	0.02957	0.49078	0.34126	0.05548	0.00590	0.00168	0.00235	0.01019	0.00374	0.00334
8	0.85410	0.00806	0.00625	0.00554	0.00811	0.00933	0.00456	0.04042	0.00742	0.01868	0.00586	0.00678	0.00453	0.00385	0.00260	0.00127	0.00322	0.00227	0.00260	0.00453
9	0.00997	0.04259	0.03715	0.02116	0.46818	0.01024	0.32379	0.01281	0.00943	0.01316	0.00786	0.01035	0.00632	0.00358	0.00431	0.00127	0.00568	0.00405	0.00203	0.00607
10	0.01181	0.00961	0.01018	0.00868	0.01128	0.01096	0.00688	0.25737	0.58456	0.01975	0.01468	0.01370	0.01089	0.00538	0.00416	0.00134	0.00362	0.00436	0.00416	0.00664
11	0.41350	0.04211	0.00995	0.00815	0.03462	0.06166	0.02714	0.26435	0.07190	0.01952	0.00799	0.00856	0.00603	0.00429	0.00333	0.00124	0.00405	0.00300	0.00307	0.00553
12	0.04364	0.00709	0.00941	0.00729	0.01041	0.00629	0.00600	0.01984	0.04356	0.77682	0.01591	0.01381	0.01009	0.00506	0.00408	0.00127	0.00347	0.00409	0.00497	0.00689
13	0.00597	0.00398	0.00448	0.00448	0.00448	0.00398	0.00249	0.00597	0.00597	0.00796	0.01293	0.02686	0.01492	0.85574	0.02089	0.00398	0.00398	0.00597	0.00249	0.00249
14	0.00955	0.01046	0.02173	0.10809	0.15055	0.01014	0.60096	0.01277	0.00947	0.01290	0.00810	0.01091	0.00619	0.00356	0.00464	0.00136	0.00644	0.00453	0.00204	0.00558
15	0.05625	0.00900	0.00984	0.00852	0.02422	0.00996	0.00666	0.16913	0.49008	0.14830	0.01465	0.01357	0.01062	0.00525	0.00407	0.00133	0.00355	0.00425	0.00419	0.00656
16	0.00491	0.00411	0.00428	0.00435	0.00561	0.00347	0.00322	0.00597	0.00934	0.01131	0.07987	0.11051	0.71796	0.01051	0.00488	0.00141	0.00210	0.00886	0.00385	0.00347
17	0.01514	0.01127	0.01206	0.00935	0.01255	0.01252	0.00769	0.74874	0.08776	0.02513	0.01044	0.01032	0.00745	0.00498	0.00411	0.00125	0.00441	0.00378	0.00411	0.00694
18	0.00957	0.09419	0.21890	0.01437	0.04802	0.02875	0.41570	0.01315	0.03622	0.01264	0.00785	0.00995	0.00603	0.00392	0.00491	0.00133	0.06291	0.00397	0.00201	0.00562
19	0.01336	0.00789	0.00923	0.00780	0.01041	0.00826	0.00620	0.02051	0.46165	0.34754	0.04914	0.01539	0.01263	0.00548	0.00418	0.00134	0.00329	0.00455	0.00456	0.00659
20	0.01406	0.00819	0.00957	0.00797	0.01071	0.00856	0.00638	0.06853	0.42581	0.36866	0.01608	0.01441	0.01118	0.00532	0.00415	0.00133	0.00343	0.00436	0.00456	0.00674
21	0.01093	0.01389	0.33950	0.03259	0.23073	0.00921	0.05889	0.04681	0.05142	0.15186	0.00958	0.01053	0.00689	0.00414	0.00406	0.00128	0.00515	0.00361	0.00262	0.00633
22	0.01243	0.00587	0.00766	0.00647	0.00867	0.00529	0.00520	0.01454	0.05136	0.43444	0.21782	0.03878	0.10918	0.00705	0.00450	0.00134	0.00294	0.05627	0.00465	0.00554
23	0.00565	0.00417	0.00528	0.00504	0.00604	0.00380	0.00376	0.00743	0.01119	0.01553	0.69349	0.05486	0.15090	0.00880	0.00485	0.00132	0.00197	0.00772	0.00440	0.00380
24	0.00939	0.00905	0.01567	0.27832	0.54526	0.00959	0.04915	0.01197	0.00901	0.01250	0.00762	0.01044	0.00617	0.00379	0.00411	0.00127	0.00515	0.00371	0.00197	0.00586
25	0.01066	0.07018	0.11181	0.01816	0.36063	0.13751	0.19251	0.01328	0.00958	0.01248	0.00743	0.00951	0.00600	0.00378	0.00422	0.00123	0.01958	0.00360	0.00200	0.00585
26	0.00823	0.02123	0.83447	0.01170	0.01777	0.00953	0.01517	0.01300	0.00867	0.01300	0.00737	0.00867	0.00520	0.00390	0.00390	0.00130	0.00607	0.00303	0.00173	0.00607
27	0.00538	0.00407	0.00504	0.00567	0.00646	0.00375	0.00429	0.00650	0.00873	0.01111	0.02839	0.36819	0.28583	0.02434	0.00546	0.00167	0.00267	0.21519	0.00378	0.00348
28	0.04007	0.64994	0.07607	0.00762	0.01119	0.04806	0.00756	0.06864	0.00933	0.04009	0.00650	0.00725	0.00553	0.00373	0.00292	0.00097	0.00457	0.00244	0.00207	0.00546
29	0.01126	0.03444	0.02811	0.01092	0.01385	0.09957	0.21757	0.11957	0.18784	0.05034	0.01042	0.02925	0.00815	0.00502	0.01481	0.00134	0.06329	0.00411	0.00297	0.08717

[dist]
# distance from previous block
# <min> <max>
0	3

[block]
# block no. 5 follows, 65 sequences, length 17
# corresponding to MSA columns:
# 369,377-386,391-396
name=unknown_F
#
# <colnr> <probs for GDERKNQSTAVLIFYWHMCP>
#	G	D	E	R	K	N	Q	S	T	A	V	L	I	F	Y	W	H	M	C	P
0	0.00982	0.05726	0.16064	0.08069	0.05451	0.10914	0.17152	0.03303	0.00901	0.02795	0.00842	0.07229	0.00740	0.00558	0.01921	0.00147	0.16052	0.00419	0.00217	0.00517
1	0.47298	0.04090	0.00834	0.00659	0.00930	0.06415	0.00541	0.07326	0.00966	0.22941	0.03863	0.00971	0.00745	0.00440	0.00323	0.00124	0.00364	0.00304	0.00333	0.00532
2	0.00856	0.00835	0.01324	0.51679	0.09860	0.02694	0.05007	0.01120	0.03590	0.01099	0.00731	0.01056	0.00583	0.00470	0.00599	0.00143	0.17305	0.00371	0.00194	0.00485
3	0.00588	0.00424	0.00558	0.00536	0.00633	0.00394	0.00410	0.00781	0.01144	0.01612	0.76234	0.03194	0.03750	0.00863	0.00491	0.00134	0.00209	0.07214	0.00446	0.00387
4	0.00586	0.00440	0.00660	0.00660	0.00733	0.00513	0.00513	0.00733	0.00660	0.00953	0.01100	0.01613	0.01026	0.03079	0.83947	0.00660	0.01100	0.00440	0.00220	0.00367
5	0.00831	0.00788	0.04336	0.23664	0.08276	0.00781	0.14201	0.04927	0.04651	0.02771	0.22439	0.01801	0.04614	0.00559	0.00445	0.00133	0.00436	0.02102	0.01752	0.00493
6	0.01351	0.00856	0.01001	0.00749	0.01090	0.00795	0.00613	0.27108	0.01286	0.24285	0.01056	0.01044	0.00749	0.00421	0.00368	0.00099	0.00364	0.00330	0.00370	0.36067
7	0.00816	0.00692	0.00814	0.00604	0.00935	0.00526	0.00476	0.00988	0.00845	0.01309	0.00882	0.09265	0.00818	0.00402	0.00326	0.00071	0.00297	0.00335	0.00257	0.79341
8	0.04302	0.02022	0.09327	0.07981	0.26442	0.02489	0.02987	0.03291	0.06387	0.13817	0.06366	0.01466	0.05106	0.00497	0.00412	0.00127	0.00433	0.02956	0.00297	0.03296
9	0.01042	0.00960	0.02933	0.07845	0.54453	0.02559	0.07033	0.02896	0.03954	0.06433	0.05174	0.01170	0.00852	0.00412	0.00416	0.00125	0.00483	0.00398	0.00246	0.00615
10	0.00500	0.00357	0.00476	0.00572	0.00595	0.00333	0.00381	0.00572	0.00786	0.01048	0.02262	0.85306	0.02715	0.01286	0.00524	0.00167	0.00238	0.01167	0.00381	0.00333
11	0.00775	0.00730	0.01231	0.84587	0.02827	0.00912	0.01140	0.01049	0.00821	0.01049	0.00730	0.01094	0.00547	0.00410	0.00410	0.00137	0.00547	0.00365	0.00182	0.00456
12	0.00973	0.00925	0.01572	0.11457	0.70437	0.00945	0.01219	0.01218	0.00923	0.01304	0.00832	0.01190	0.00717	0.00406	0.00414	0.00127	0.00489	0.04027	0.00209	0.00616
13	0.00775	0.00730	0.01231	0.84587	0.02827	0.00912	0.01140	0.01049	0.00821	0.01049	0.00730	0.01094	0.00547	0.00410	0.00410	0.00137	0.00547	0.00365	0.00182	0.00456
14	0.00818	0.00739	0.01010	0.03354	0.29795	0.05055	0.00751	0.02362	0.06000	0.01421	0.28732	0.08306	0.08638	0.00667	0.00447	0.00130	0.00352	0.00594	0.00331	0.00500
15	0.00861	0.09376	0.68823	0.01181	0.01747	0.01020	0.08839	0.01295	0.00873	0.01272	0.00731	0.00871	0.00530	0.00383	0.00388	0.00127	0.00600	0.00313	0.00177	0.00595
16	0.02905	0.00586	0.02647	0.00604	0.00757	0.00564	0.00474	0.02672	0.17347	0.04672	0.43126	0.04344	0.11846	0.03392	0.02120	0.00151	0.00270	0.00656	0.00415	0.00454

[dist]
# distance from previous block
# <min> <max>
2	6

[block]
# block no. 6 follows, 65 sequences, length 165
# corresponding to MSA columns:
# 405-408,411-433,443-580
name=unknown_G
#
# <colnr> <probs for GDERKNQSTAVLIFYWHMCP>
#	G	D	E	R	K	N	Q	S	T	A	V	L	I	F	Y	W	H	M	C	P
0	0.02331	0.35733	0.21755	0.00860	0.01230	0.05809	0.00885	0.04718	0.10703	0.04308	0.01847	0.00950	0.01654	0.00427	0.00366	0.00112	0.02739	0.00306	0.01591	0.01674
1	0.02608	0.19977	0.22376	0.00896	0.01277	0.05712	0.03922	0.09381	0.09771	0.05345	0.02117	0.01035	0.01914	0.01885	0.00391	0.00117	0.00468	0.00330	0.00261	0.10217
2	0.00908	0.00840	0.01422	0.45489	0.39180	0.00934	0.01182	0.01166	0.00880	0.02998	0.00769	0.01065	0.00604	0.00392	0.00409	0.00130	0.00516	0.00366	0.00199	0.00549
3	0.00880	0.03291	0.07627	0.00778	0.00997	0.08235	0.05620	0.02465	0.14933	0.04285	0.28015	0.01859	0.01867	0.04045	0.06452	0.00172	0.00425	0.00505	0.02147	0.05403
4	0.00560	0.00416	0.00513	0.00508	0.00587	0.00401	0.00365	0.00678	0.00881	0.01185	0.28010	0.06504	0.21369	0.19567	0.15353	0.00284	0.00403	0.01729	0.00347	0.00342
5	0.01064	0.01420	0.37181	0.01273	0.13081	0.00905	0.07456	0.07438	0.05423	0.13463	0.01075	0.01272	0.02021	0.00466	0.00417	0.00132	0.00514	0.04512	0.00274	0.00616
6	0.01095	0.00700	0.00850	0.00628	0.00965	0.00549	0.00507	0.01266	0.00945	0.23535	0.01198	0.01204	0.06162	0.00408	0.00345	0.00084	0.00310	0.00330	0.00324	0.58594
7	0.01363	0.34723	0.01549	0.00919	0.01185	0.51770	0.00758	0.01479	0.01035	0.00989	0.00610	0.00708	0.00528	0.00395	0.00328	0.00099	0.00623	0.00247	0.00197	0.00496
8	0.00994	0.03568	0.15627	0.00938	0.02254	0.00898	0.07210	0.02718	0.36534	0.08204	0.02602	0.04925	0.01160	0.03054	0.00472	0.00143	0.00412	0.04609	0.00342	0.03336
9	0.00918	0.15793	0.46583	0.06760	0.10885	0.03847	0.03565	0.01297	0.03215	0.01239	0.01844	0.00915	0.00607	0.00393	0.00376	0.00122	0.00555	0.00315	0.00191	0.00581
10	0.01512	0.03101	0.00979	0.00768	0.01054	0.00791	0.00624	0.04801	0.28381	0.49317	0.03131	0.01439	0.01125	0.00526	0.00412	0.00130	0.00344	0.00429	0.00464	0.00672
11	0.00834	0.00688	0.00780	0.00770	0.01845	0.00762	0.00584	0.01563	0.48474	0.01485	0.04458	0.22396	0.01828	0.00815	0.00465	0.00152	0.00308	0.10861	0.00402	0.00529
12	0.78967	0.04522	0.00707	0.00581	0.00836	0.06445	0.00479	0.01236	0.00735	0.01749	0.00576	0.00671	0.00454	0.00383	0.00262	0.00124	0.00351	0.00225	0.00248	0.00450
13	0.02141	0.00430	0.00538	0.00530	0.00634	0.00398	0.00408	0.00753	0.01077	0.01488	0.55698	0.06293	0.16898	0.00915	0.00491	0.00139	0.00222	0.10144	0.00425	0.00378
14	0.00828	0.03686	0.81930	0.01161	0.01763	0.00966	0.01501	0.01299	0.00866	0.01294	0.00734	0.00863	0.00520	0.00389	0.00388	0.00129	0.00604	0.00302	0.00173	0.00605
15	0.00508	0.00364	0.00483	0.00569	0.00600	0.00340	0.00385	0.00590	0.00815	0.01090	0.07395	0.77210	0.04167	0.01251	0.00522	0.00164	0.00237	0.02586	0.00385	0.00338
16	0.00898	0.00898	0.01257	0.01078	0.01078	0.01257	0.00898	0.00988	0.00629	0.00988	0.00539	0.00898	0.00539	0.00718	0.01347	0.00180	0.84823	0.00359	0.00180	0.00449
17	0.01003	0.00962	0.01643	0.06888	0.78745	0.00972	0.01253	0.01249	0.00929	0.01325	0.00770	0.01020	0.00645	0.00368	0.00407	0.00123	0.00491	0.00366	0.00202	0.00640
18	0.01079	0.80281	0.07532	0.00733	0.01101	0.01580	0.00756	0.01234	0.00836	0.00988	0.00582	0.00672	0.00526	0.00354	0.00272	0.00091	0.00450	0.00225	0.00175	0.00532
19	0.01477	0.01087	0.01172	0.00909	0.01212	0.01202	0.00744	0.74670	0.01817	0.02438	0.01005	0.01094	0.00750	0.04911	0.03442	0.00156	0.00472	0.00384	0.00396	0.00664
20	0.00955	0.00901	0.01525	0.12319	0.66207	0.00923	0.01190	0.01198	0.00925	0.01302	0.02115	0.01313	0.00808	0.00433	0.00419	0.00129	0.00483	0.06035	0.00217	0.00603
21	0.00591	0.00395	0.00450	0.00456	0.00457	0.00394	0.00257	0.00595	0.00609	0.00813	0.01358	0.08155	0.01573	0.79995	0.01986	0.00383	0.00387	0.00635	0.00257	0.00254
22	0.00759	0.00540	0.00725	0.00678	0.00781	0.00610	0.00522	0.10888	0.00828	0.03986	0.01118	0.01653	0.01036	0.13296	0.58540	0.00532	0.02397	0.00449	0.00257	0.00406
23	0.01005	0.01265	0.09039	0.01626	0.02039	0.08169	0.67930	0.01342	0.00977	0.01287	0.00806	0.01056	0.00606	0.00356	0.00467	0.00135	0.00689	0.00450	0.00205	0.00551
24	0.01515	0.01116	0.01346	0.01019	0.01356	0.02210	0.10205	0.64404	0.01743	0.09369	0.01018	0.01032	0.00715	0.00476	0.00419	0.00125	0.00475	0.00385	0.00393	0.00678
25	0.00713	0.00357	0.00535	0.00535	0.00535	0.00357	0.00357	0.00535	0.00535	0.00713	0.00713	0.01248	0.00713	0.01426	0.01604	0.88057	0.00357	0.00357	0.00178	0.00178
26	0.00926	0.01406	0.26252	0.01565	0.02037	0.01013	0.57992	0.01310	0.00939	0.01310	0.00803	0.01036	0.00593	0.00359	0.00457	0.00136	0.00667	0.00431	0.00198	0.00569
27	0.01348	0.09208	0.05896	0.01275	0.12570	0.52810	0.06268	0.03783	0.01095	0.01129	0.00676	0.00809	0.00556	0.00404	0.00375	0.00110	0.00660	0.00294	0.00210	0.00523
28	0.00595	0.00397	0.00448	0.00451	0.00451	0.00396	0.00252	0.00596	0.00602	0.00802	0.01317	0.04713	0.01522	0.83506	0.02051	0.00392	0.00394	0.00611	0.00252	0.00251
29	0.01011	0.00970	0.01657	0.04201	0.81371	0.00974	0.01257	0.01255	0.00932	0.01335	0.00771	0.01018	0.00648	0.00367	0.00406	0.00122	0.00489	0.00366	0.00203	0.00646
30	0.01206	0.50315	0.08119	0.00886	0.01216	0.27015	0.03760	0.01365	0.00943	0.01016	0.00613	0.00716	0.00530	0.00376	0.00314	0.00098	0.00554	0.00250	0.00188	0.00518
31	0.01413	0.01724	0.01222	0.01253	0.12960	0.64957	0.00853	0.01608	0.06488	0.01100	0.00721	0.00835	0.00594	0.00429	0.00397	0.00112	0.02305	0.00294	0.00223	0.00512
32	0.01533	0.01956	0.01163	0.01058	0.01269	0.83926	0.00793	0.01639	0.01163	0.01005	0.00635	0.00740	0.00529	0.00423	0.00370	0.00106	0.00740	0.00264	0.00212	0.00476
33	0.01015	0.00817	0.01219	0.00885	0.01249	0.00685	0.18600	0.01274	0.04530	0.12117	0.00911	0.01010	0.00694	0.00351	0.00364	0.00090	0.00398	0.00329	0.00278	0.53186
34	0.00586	0.00440	0.00660	0.00660	0.00733	0.00513	0.00513	0.00733	0.00660	0.00953	0.01100	0.01613	0.01026	0.03079	0.83947	0.00660	0.01100	0.00440	0.00220	0.00367
35	0.00565	0.00419	0.00526	0.00504	0.00605	0.00382	0.00378	0.00739	0.01105	0.01525	0.65524	0.04432	0.17093	0.02204	0.00512	0.00137	0.00204	0.02335	0.00434	0.00377
36	0.01453	0.01822	0.01175	0.01060	0.01245	0.73439	0.00806	0.01557	0.01095	0.01003	0.00622	0.00760	0.00530	0.00460	0.00494	0.00115	0.11407	0.00276	0.00207	0.00472
37	0.01007	0.00966	0.01650	0.05532	0.80070	0.00973	0.01255	0.01252	0.00930	0.01330	0.00771	0.01019	0.00646	0.00367	0.00407	0.00122	0.00490	0.00366	0.00202	0.00643
38	0.00567	0.00416	0.00531	0.00508	0.00606	0.00380	0.00379	0.00745	0.01120	0.01560	0.70508	0.06949	0.12438	0.00882	0.00486	0.00132	0.00197	0.00775	0.00441	0.00380
39	0.00543	0.00387	0.00511	0.00591	0.00635	0.00368	0.00425	0.00633	0.00816	0.01076	0.03669	0.56909	0.06455	0.06816	0.00650	0.01476	0.00276	0.17058	0.00370	0.00336
40	0.01086	0.72566	0.09689	0.00760	0.01130	0.02736	0.00780	0.03071	0.03076	0.01054	0.00626	0.00710	0.00550	0.00365	0.00284	0.00094	0.00456	0.00238	0.00188	0.00541
41	0.00708	0.00357	0.00533	0.00536	0.00536	0.00356	0.00357	0.00536	0.00540	0.00720	0.00747	0.03105	0.00757	0.01423	0.01580	0.86115	0.00354	0.00374	0.00183	0.00182
42	0.01016	0.00975	0.01666	0.02520	0.83013	0.00975	0.01260	0.01260	0.00935	0.01341	0.00772	0.01016	0.00650	0.00366	0.00406	0.00122	0.00488	0.00366	0.00203	0.00650
43	0.00556	0.00432	0.00517	0.00559	0.00659	0.00401	0.00432	0.00715	0.03842	0.01169	0.06655	0.24609	0.36071	0.01099	0.00513	0.00158	0.00261	0.20603	0.00385	0.00364
44	0.00985	0.00951	0.01642	0.12349	0.70400	0.00970	0.04203	0.01236	0.00922	0.01305	0.00769	0.01029	0.00637	0.00370	0.00410	0.00124	0.00502	0.00370	0.00201	0.00623
45	0.00587	0.00436	0.00643	0.00643	0.00710	0.00504	0.00492	0.00722	0.00655	0.00940	0.01115	0.01698	0.01063	0.09662	0.77415	0.00639	0.01044	0.00452	0.00222	0.00357
46	0.01001	0.56399	0.30729	0.00867	0.01308	0.01388	0.00989	0.01254	0.00846	0.01083	0.00629	0.00732	0.00524	0.00365	0.00308	0.00103	0.00498	0.00249	0.00175	0.00555
47	0.00823	0.02123	0.83447	0.01170	0.01777	0.00953	0.01517	0.01300	0.00867	0.01300	0.00737	0.00867	0.00520	0.00390	0.00390	0.00130	0.00607	0.00303	0.00173	0.00607
48	0.01560	0.01150	0.01232	0.00944	0.01273	0.01273	0.00780	0.81645	0.01930	0.02587	0.00986	0.00986	0.00698	0.00493	0.00411	0.00123	0.00452	0.00370	0.00411	0.00698
49	0.01051	0.43589	0.32500	0.00924	0.01353	0.12025	0.01019	0.01309	0.00889	0.01096	0.00641	0.00747	0.00524	0.00375	0.00325	0.00106	0.00541	0.00257	0.00179	0.00550
50	0.01518	0.01930	0.01166	0.01058	0.01264	0.81898	0.00796	0.01623	0.01150	0.01004	0.00632	0.00744	0.00529	0.00430	0.00394	0.00108	0.02803	0.00267	0.00211	0.00475
51	0.00952	0.00726	0.00861	0.00620	0.00980	0.00553	0.00498	0.01132	0.00884	0.09643	0.00820	0.00907	0.00649	0.00325	0.00315	0.00068	0.00309	0.00260	0.00270	0.79228
52	0.00581	0.00425	0.00551	0.00553	0.00649	0.00395	0.00429	0.00757	0.01077	0.01478	0.55085	0.08214	0.11929	0.00940	0.00502	0.00143	0.00231	0.15257	0.00427	0.00378
53	0.00531	0.00415	0.00452	0.00453	0.00570	0.00359	0.00331	0.00640	0.00940	0.02631	0.15189	0.11507	0.57725	0.05713	0.00576	0.00154	0.00222	0.00854	0.00386	0.00352
54	0.00792	0.00747	0.01261	0.78928	0.08356	0.00916	0.01148	0.01063	0.00829	0.01069	0.00733	0.01089	0.00554	0.00407	0.00410	0.00136	0.00543	0.00365	0.00184	0.00469
55	0.01803	0.00689	0.00939	0.00726	0.01035	0.00596	0.00597	0.01960	0.01164	0.80942	0.01638	0.03801	0.01065	0.00530	0.00416	0.00128	0.00346	0.00434	0.00504	0.00688
56	0.01560	0.01150	0.01232	0.00944	0.01273	0.01273	0.00780	0.81645	0.01930	0.02587	0.00986	0.00986	0.00698	0.00493	0.00411	0.00123	0.00452	0.00370	0.00411	0.00698
57	0.00784	0.00739	0.01247	0.81607	0.05739	0.00914	0.01144	0.01056	0.00825	0.01059	0.00731	0.01092	0.00551	0.00409	0.00410	0.00136	0.00545	0.00365	0.00183	0.00463
58	0.00603	0.00392	0.00510	0.00558	0.00608	0.00366	0.00381	0.00686	0.00832	0.05929	0.11196	0.57724	0.04124	0.12053	0.00715	0.00190	0.00262	0.02142	0.00379	0.00351
59	0.00521	0.00372	0.00475	0.00539	0.00571	0.00349	0.00357	0.00594	0.00796	0.01062	0.09041	0.60924	0.06980	0.14481	0.00764	0.00198	0.00258	0.01025	0.00366	0.00325
60	0.01021	0.00882	0.00928	0.00835	0.01067	0.01021	0.00650	0.02181	0.82272	0.01717	0.01671	0.01532	0.01253	0.00557	0.00418	0.00139	0.00325	0.00464	0.00418	0.00650
61	0.01004	0.57199	0.29951	0.00862	0.01301	0.01395	0.00981	0.01253	0.00845	0.01080	0.00627	0.00730	0.00524	0.00364	0.00307	0.00102	0.00496	0.00248	0.00175	0.00554
62	0.00992	0.00977	0.03186	0.09335	0.74783	0.00970	0.01255	0.01243	0.00924	0.01316	0.00768	0.01020	0.00639	0.00370	0.00406	0.00123	0.00495	0.00364	0.00201	0.00633
63	0.00581	0.00420	0.00547	0.00517	0.00614	0.00388	0.00388	0.00771	0.01149	0.01623	0.79577	0.03096	0.04992	0.01831	0.00504	0.00133	0.00199	0.01837	0.00447	0.00385
64	0.09532	0.01032	0.01078	0.00872	0.01164	0.01161	0.00708	0.49152	0.27049	0.02244	0.01162	0.01127	0.00849	0.00502	0.00398	0.00129	0.00399	0.00385	0.00398	0.00659
65	0.01187	0.64278	0.01900	0.00758	0.01094	0.02976	0.00715	0.17951	0.01063	0.01303	0.00673	0.00755	0.00577	0.00460	0.02693	0.00112	0.00466	0.00258	0.00226	0.00557
66	0.00546	0.00412	0.00477	0.00490	0.00598	0.00362	0.00362	0.00665	0.00953	0.03173	0.19018	0.21760	0.44691	0.01046	0.00495	0.00145	0.00221	0.03826	0.00398	0.00361
67	0.00650	0.00477	0.00614	0.00658	0.00753	0.00476	0.00538	0.00873	0.06316	0.01259	0.14408	0.03885	0.09120	0.11738	0.00731	0.00199	0.00335	0.46216	0.00376	0.00378
68	0.82721	0.00817	0.00645	0.00567	0.00826	0.00944	0.00467	0.06531	0.00780	0.01891	0.00599	0.00688	0.00461	0.00388	0.00264	0.00127	0.00326	0.00232	0.00264	0.00461
69	0.67451	0.01075	0.00739	0.00665	0.00909	0.20992	0.00529	0.01311	0.00811	0.01639	0.00587	0.00685	0.00465	0.00391	0.00282	0.00122	0.00420	0.00232	0.00244	0.00452
70	0.00523	0.00372	0.00485	0.00562	0.00602	0.00346	0.00389	0.00591	0.00801	0.01051	0.03356	0.64315	0.11939	0.01252	0.00593	0.05981	0.00250	0.05896	0.00368	0.00328
71	0.00597	0.00398	0.00448	0.00448	0.00448	0.00398	0.00249	0.00597	0.00597	0.00796	0.01293	0.02686	0.01492	0.85574	0.02089	0.00398	0.00398	0.00597	0.00249	0.00249
72	0.01049	0.01294	0.17012	0.03114	0.01928	0.01064	0.50198	0.16320	0.01127	0.01545	0.00840	0.01040	0.00617	0.00383	0.00452	0.00134	0.00629	0.00427	0.00239	0.00588
73	0.01041	0.01023	0.01642	0.02449	0.79060	0.04987	0.01237	0.01278	0.00946	0.01325	0.00765	0.01003	0.00644	0.00369	0.00405	0.00121	0.00500	0.00361	0.00204	0.00642
74	0.01055	0.00953	0.00944	0.00850	0.01081	0.06508	0.00659	0.02145	0.76903	0.01670	0.01602	0.01479	0.01205	0.00548	0.00415	0.00137	0.00352	0.00451	0.00404	0.00638
75	0.00844	0.08333	0.77415	0.01135	0.01723	0.01003	0.01456	0.01295	0.00864	0.01275	0.00724	0.00851	0.00520	0.00387	0.00381	0.00127	0.00594	0.00297	0.00173	0.00601
76	0.00502	0.00358	0.00476	0.00569	0.00593	0.00335	0.00379	0.00572	0.00782	0.01043	0.02244	0.83734	0.02692	0.02890	0.00554	0.00171	0.00241	0.01156	0.00379	0.00332
77	0.01560	0.01150	0.01232	0.00944	0.01273	0.01273	0.00780	0.81645	0.01930	0.02587	0.00986	0.00986	0.00698	0.00493	0.00411	0.00123	0.00452	0.00370	0.00411	0.00698
78	0.00907	0.01942	0.66079	0.01290	0.09299	0.06450	0.02835	0.01323	0.00894	0.02450	0.00743	0.00885	0.00542	0.00398	0.00412	0.00129	0.02327	0.00312	0.00184	0.00599
79	0.01013	0.00874	0.00921	0.00830	0.01059	0.01010	0.00645	0.02156	0.80843	0.01716	0.03100	0.01559	0.01299	0.00562	0.00419	0.00139	0.00323	0.00469	0.00418	0.00645
80	0.00520	0.00371	0.00499	0.00594	0.00627	0.00351	0.00416	0.00606	0.00806	0.01070	0.02251	0.75345	0.02671	0.01267	0.00529	0.00169	0.00255	0.10932	0.00381	0.00339
81	0.01021	0.00882	0.00928	0.00835	0.01067	0.01021	0.00650	0.02181	0.82272	0.01717	0.01671	0.01532	0.01253	0.00557	0.00418	0.00139	0.00325	0.00464	0.00418	0.00650
82	0.00838	0.02102	0.82235	0.01164	0.01766	0.00948	0.01503	0.01310	0.00871	0.02505	0.00750	0.00874	0.00527	0.00392	0.00390	0.00130	0.00603	0.00305	0.00178	0.00608
83	0.00488	0.00406	0.00426	0.00443	0.00562	0.00344	0.00324	0.00586	0.00909	0.01098	0.03825	0.18266	0.68746	0.01083	0.00492	0.00144	0.00213	0.00919	0.00381	0.00344
84	0.00752	0.00385	0.00395	0.00392	0.00488	0.00383	0.00294	0.00943	0.00883	0.01539	0.07242	0.01642	0.01257	0.00504	0.00301	0.00098	0.00191	0.00409	0.81519	0.00383
85	0.01021	0.00968	0.01607	0.09423	0.73150	0.02541	0.01229	0.01263	0.00934	0.02814	0.00781	0.01024	0.00646	0.00373	0.00406	0.00123	0.00495	0.00365	0.00207	0.00631
86	0.00578	0.00423	0.00484	0.00498	0.00607	0.00373	0.00361	0.02089	0.00929	0.04980	0.08243	0.30763	0.46043	0.01075	0.00493	0.00147	0.00228	0.00929	0.00392	0.00367
87	0.01097	0.85821	0.02151	0.00702	0.01054	0.01624	0.00702	0.01229	0.00834	0.00966	0.00571	0.00658	0.00527	0.00351	0.00263	0.00088	0.00439	0.00219	0.00176	0.00527
88	0.00912	0.00823	0.00880	0.00648	0.00999	0.06367	0.00514	0.02267	0.02104	0.01338	0.00741	0.00856	0.00613	0.00319	0.00312	0.00066	0.00337	0.00250	0.00246	0.79410
89	0.03956	0.01484	0.01230	0.01025	0.01294	0.39957	0.06106	0.28328	0.08428	0.02984	0.00869	0.00924	0.00660	0.00453	0.00393	0.00118	0.00586	0.00333	0.00302	0.00573
90	0.00597	0.00398	0.00448	0.00448	0.00448	0.00398	0.00249	0.00597	0.00597	0.00796	0.01293	0.02686	0.01492	0.85574	0.02089	0.00398	0.00398	0.00597	0.00249	0.00249
91	0.01075	0.52872	0.08133	0.00832	0.01178	0.02572	0.06098	0.05519	0.12762	0.01228	0.00810	0.00879	0.00665	0.00397	0.00320	0.00104	0.00448	0.00293	0.03258	0.00556
92	0.01045	0.00981	0.03822	0.14890	0.32524	0.00973	0.20290	0.05367	0.07752	0.06885	0.00921	0.01113	0.00701	0.00400	0.00427	0.00130	0.00524	0.00404	0.00249	0.00601
93	0.03103	0.00834	0.01187	0.06836	0.24282	0.06650	0.08902	0.01198	0.04163	0.08788	0.14370	0.03219	0.12170	0.00578	0.00449	0.00130	0.01797	0.00515	0.00306	0.00524
94	0.00944	0.02448	0.11709	0.10537	0.25770	0.01014	0.35575	0.01255	0.00915	0.01274	0.00776	0.01035	0.00606	0.00379	0.00474	0.00133	0.03978	0.00406	0.00198	0.00573
95	0.00597	0.00398	0.00448	0.00448	0.00448	0.00398	0.00249	0.00597	0.00597	0.00796	0.01293	0.02686	0.01492	0.85574	0.02089	0.00398	0.00398	0.00597	0.00249	0.00249
96	0.00502	0.00361	0.00476	0.00564	0.00594	0.00335	0.00378	0.00577	0.00801	0.01065	0.04312	0.80104	0.05880	0.01265	0.00521	0.00165	0.00236	0.01145	0.00383	0.00335
97	0.00854	0.00959	0.10929	0.24928	0.34810	0.00897	0.01120	0.01103	0.00859	0.01201	0.02091	0.10308	0.00872	0.00515	0.00489	0.00136	0.06723	0.00451	0.00215	0.00537
