[name]
unknown

[dist]
# distance from previous block
# <min> <max>
0	296

[block]
# block no. 0 follows, 55 sequences, length 8
# corresponding to MSA columns:
# 322-329
name=unknown_A
#
# <colnr> <probs for GDERKNQSTAVLIFYWHMCP>
#	G	D	E	R	K	N	Q	S	T	A	V	L	I	F	Y	W	H	M	C	P
0	0.02566	0.08510	0.07653	0.03394	0.01362	0.09476	0.09851	0.09604	0.06741	0.04538	0.04984	0.04179	0.04761	0.02257	0.07241	0.00200	0.04775	0.02284	0.05050	0.00574
1	0.06693	0.06551	0.14888	0.03970	0.01407	0.12060	0.04730	0.10444	0.09697	0.06677	0.04547	0.09722	0.02499	0.00625	0.00452	0.00144	0.00519	0.00509	0.03257	0.00609
2	0.03278	0.05075	0.13273	0.03394	0.04418	0.13687	0.05238	0.17180	0.03505	0.03067	0.09907	0.02635	0.01188	0.03131	0.01776	0.00156	0.02955	0.00450	0.00325	0.05364
3	0.17929	0.12360	0.15246	0.00986	0.03311	0.07527	0.05438	0.01440	0.06992	0.04475	0.03841	0.01272	0.03374	0.00766	0.06680	0.03324	0.00566	0.00391	0.00282	0.03800
4	0.01036	0.00878	0.01097	0.00959	0.02910	0.06972	0.09238	0.11741	0.07429	0.03515	0.10545	0.04295	0.01568	0.19806	0.13918	0.00312	0.02343	0.00579	0.00344	0.00515
5	0.06416	0.00517	0.00509	0.00484	0.00621	0.00535	0.00371	0.05935	0.01039	0.01831	0.01437	0.01634	0.01124	0.00536	0.00331	0.00113	0.00244	0.00421	0.75442	0.00460
6	0.07187	0.16347	0.12014	0.02450	0.03936	0.03036	0.00829	0.08765	0.02962	0.04689	0.06409	0.08819	0.01198	0.02610	0.03774	0.00163	0.02134	0.00469	0.00311	0.11900
7	0.09668	0.01006	0.03138	0.01265	0.19165	0.09770	0.02190	0.05933	0.03679	0.07060	0.06611	0.08526	0.09857	0.00698	0.00507	0.03175	0.00451	0.00554	0.03044	0.03702

[dist]
# distance from previous block
# <min> <max>
6	36

[block]
# block no. 1 follows, 55 sequences, length 16
# corresponding to MSA columns:
# 375-390
name=unknown_B
#
# <colnr> <probs for GDERKNQSTAVLIFYWHMCP>
#	G	D	E	R	K	N	Q	S	T	A	V	L	I	F	Y	W	H	M	C	P
0	0.04505	0.05031	0.01546	0.05126	0.03648	0.07198	0.17894	0.19825	0.06251	0.04906	0.04206	0.04268	0.02376	0.03090	0.01983	0.00165	0.01839	0.02204	0.00344	0.03598
1	0.08382	0.12029	0.02917	0.05154	0.21783	0.15546	0.07800	0.03828	0.03251	0.01486	0.04192	0.02542	0.00918	0.00493	0.00429	0.00132	0.00565	0.02302	0.00268	0.05984
2	0.01364	0.03599	0.07033	0.05669	0.11684	0.06231	0.00874	0.05994	0.10507	0.23143	0.07410	0.01627	0.02697	0.04663	0.01703	0.00163	0.00482	0.00476	0.00391	0.04289
3	0.00821	0.00730	0.01132	0.36246	0.13663	0.00811	0.00958	0.01101	0.04777	0.01325	0.06874	0.19721	0.08414	0.00778	0.00506	0.00160	0.00461	0.00696	0.00312	0.00514
4	0.00730	0.00896	0.17195	0.00857	0.01050	0.00689	0.00796	0.00947	0.00795	0.01150	0.01221	0.06275	0.01164	0.08217	0.50727	0.02248	0.03817	0.00520	0.00248	0.00459
5	0.00807	0.00810	0.00677	0.00680	0.00813	0.17031	0.00495	0.00924	0.01087	0.01267	0.09988	0.26140	0.35376	0.01095	0.00536	0.00158	0.00367	0.00927	0.00400	0.00423
6	0.00900	0.00498	0.00652	0.00667	0.00767	0.00458	0.00473	0.00997	0.00965	0.17490	0.02341	0.49345	0.05399	0.12531	0.00812	0.00216	0.00326	0.04270	0.00441	0.00452
7	0.00641	0.00491	0.00684	0.00684	0.00780	0.00539	0.00526	0.00793	0.00809	0.01111	0.01961	0.02405	0.17410	0.05402	0.62832	0.00618	0.01016	0.00603	0.00288	0.00407
8	0.01227	0.59101	0.05896	0.01075	0.01496	0.03715	0.16841	0.03553	0.01022	0.01243	0.00730	0.00873	0.00624	0.00405	0.00364	0.00115	0.00574	0.00320	0.00215	0.00611
9	0.00756	0.00604	0.00876	0.01046	0.17058	0.00574	0.00639	0.00984	0.01257	0.01777	0.62012	0.03029	0.05867	0.00848	0.00531	0.00145	0.00288	0.00758	0.00452	0.00499
10	0.01518	0.01866	0.01202	0.01106	0.01314	0.65183	0.00834	0.01648	0.01202	0.01127	0.00827	0.01041	0.00715	0.01095	0.17057	0.00248	0.00922	0.00340	0.00242	0.00514
11	0.00991	0.00807	0.00958	0.03946	0.01158	0.00649	0.00583	0.03970	0.01022	0.04335	0.01164	0.02713	0.05966	0.00490	0.01683	0.00096	0.00369	0.00361	0.00303	0.68436
12	0.03402	0.00924	0.01184	0.01193	0.17401	0.00846	0.00782	0.13723	0.01200	0.04098	0.04111	0.04347	0.01005	0.00490	0.00414	0.00110	0.00410	0.02237	0.00325	0.41798
13	0.00922	0.02083	0.64917	0.17927	0.02257	0.01071	0.01632	0.01415	0.00972	0.01415	0.00833	0.01035	0.00596	0.00447	0.00447	0.00149	0.00674	0.00358	0.00199	0.00653
14	0.86937	0.00900	0.00684	0.00612	0.00900	0.01044	0.00504	0.01368	0.00792	0.02087	0.00648	0.00756	0.00504	0.00432	0.00288	0.00144	0.00360	0.00252	0.00288	0.00504
15	0.00893	0.00812	0.00673	0.00649	0.00698	0.17078	0.00408	0.00918	0.00808	0.00950	0.01313	0.02594	0.01468	0.66648	0.01970	0.00383	0.00530	0.00599	0.00273	0.00335

[dist]
# distance from previous block
# <min> <max>
0	13

[block]
# block no. 2 follows, 55 sequences, length 15
# corresponding to MSA columns:
# 404-418
name=unknown_C
#
# <colnr> <probs for GDERKNQSTAVLIFYWHMCP>
#	G	D	E	R	K	N	Q	S	T	A	V	L	I	F	Y	W	H	M	C	P
0	0.01599	0.01955	0.01453	0.01590	0.20154	0.62744	0.01024	0.01756	0.01257	0.01229	0.00756	0.00913	0.00632	0.00464	0.00429	0.00124	0.00771	0.00327	0.00237	0.00586
1	0.00706	0.00545	0.00661	0.00718	0.00801	0.00562	0.00504	0.01078	0.19538	0.01367	0.02406	0.64088	0.02686	0.01262	0.00565	0.00182	0.00293	0.01135	0.00442	0.00462
2	0.00894	0.00843	0.01424	0.77951	0.07663	0.01038	0.01300	0.01202	0.00938	0.01208	0.00830	0.01235	0.00627	0.00462	0.00465	0.00154	0.00616	0.00413	0.00208	0.00529
3	0.00891	0.01200	0.20237	0.63369	0.02923	0.01045	0.01393	0.01256	0.00942	0.01256	0.00829	0.01179	0.00613	0.00460	0.00460	0.00153	0.00636	0.00397	0.00204	0.00557
4	0.01170	0.64692	0.21034	0.00921	0.01387	0.01661	0.01014	0.01412	0.00954	0.01184	0.00691	0.00802	0.00595	0.00408	0.00332	0.00111	0.00542	0.00271	0.00198	0.00618
5	0.00708	0.00466	0.00577	0.00549	0.00659	0.00438	0.00412	0.00927	0.01236	0.01835	0.61864	0.03064	0.03635	0.00855	0.00496	0.00137	0.00219	0.00745	0.20741	0.00438
6	0.00767	0.00675	0.01209	0.01024	0.01195	0.00717	0.19089	0.00980	0.00827	0.01169	0.01183	0.01742	0.01077	0.06047	0.59372	0.00596	0.01105	0.00518	0.00247	0.00460
7	0.00630	0.00470	0.00599	0.00672	0.00763	0.00439	0.00521	0.00773	0.01017	0.01311	0.07265	0.32735	0.22254	0.01302	0.00597	0.00187	0.00313	0.27313	0.00435	0.00402
8	0.00879	0.00827	0.01395	0.82532	0.03204	0.01034	0.01292	0.01189	0.00930	0.01189	0.00827	0.01240	0.00620	0.00465	0.00465	0.00155	0.00620	0.00413	0.00207	0.00517
9	0.00727	0.00515	0.00677	0.00696	0.00781	0.00534	0.00524	0.00922	0.05058	0.03244	0.08701	0.13486	0.05032	0.18100	0.24214	0.00398	0.00618	0.14997	0.00362	0.00414
10	0.04378	0.00884	0.01268	0.01307	0.19962	0.00816	0.00860	0.04298	0.01276	0.57659	0.01552	0.01443	0.01024	0.00533	0.00461	0.00142	0.00435	0.00447	0.00482	0.00770
11	0.00646	0.00498	0.00626	0.00615	0.00737	0.00484	0.00473	0.00853	0.03297	0.01472	0.32263	0.03441	0.26404	0.01629	0.19728	0.00296	0.00483	0.05208	0.00420	0.00427
12	0.00652	0.00442	0.00547	0.00594	0.00614	0.00433	0.00384	0.00692	0.00786	0.01044	0.01911	0.30464	0.02224	0.44178	0.01571	0.03871	0.00385	0.08538	0.00344	0.00326
13	0.00798	0.00502	0.00644	0.00625	0.00753	0.00456	0.00471	0.00967	0.01170	0.10777	0.38609	0.18273	0.14793	0.03020	0.00597	0.00167	0.00271	0.06168	0.00482	0.00457
14	0.01102	0.01343	0.20386	0.17451	0.15519	0.02622	0.07565	0.05350	0.01036	0.06326	0.00909	0.01167	0.00703	0.00638	0.04151	0.00181	0.12262	0.00412	0.00249	0.00630

[dist]
# distance from previous block
# <min> <max>
3	10

[block]
# block no. 3 follows, 55 sequences, length 20
# corresponding to MSA columns:
# 429-448
name=unknown_D
#
# <colnr> <probs for GDERKNQSTAVLIFYWHMCP>
#	G	D	E	R	K	N	Q	S	T	A	V	L	I	F	Y	W	H	M	C	P
0	0.00935	0.03853	0.22996	0.04422	0.17644	0.00940	0.03941	0.04430	0.00965	0.01364	0.01136	0.07372	0.02184	0.07778	0.12240	0.02441	0.04031	0.00502	0.00252	0.00572
1	0.04401	0.06700	0.12983	0.08527	0.09374	0.21073	0.04368	0.01360	0.01046	0.02340	0.04932	0.04102	0.03486	0.06253	0.05891	0.00199	0.01699	0.00456	0.00261	0.00548
2	0.01340	0.28670	0.04450	0.03956	0.11597	0.28328	0.08849	0.01538	0.01091	0.01218	0.00758	0.00939	0.00644	0.00527	0.02793	0.00141	0.02012	0.00335	0.00222	0.00592
3	0.01055	0.00640	0.00796	0.00710	0.00837	0.00657	0.00522	0.15472	0.04404	0.07490	0.11038	0.04178	0.03672	0.07933	0.01226	0.37669	0.00395	0.00535	0.00348	0.00425
4	0.02709	0.01056	0.02672	0.18581	0.31007	0.03737	0.08942	0.01298	0.00971	0.01364	0.03052	0.01267	0.02215	0.00584	0.02016	0.00167	0.17082	0.00442	0.00233	0.00604
5	0.00657	0.00552	0.00915	0.00867	0.00973	0.00515	0.13851	0.00792	0.00930	0.01241	0.02341	0.67361	0.04610	0.01269	0.00585	0.00183	0.00357	0.01182	0.00398	0.00421
6	0.00725	0.00608	0.00973	0.00812	0.00986	0.00561	0.13853	0.00967	0.01260	0.01756	0.61227	0.03171	0.09484	0.00873	0.00549	0.00149	0.00317	0.00802	0.00459	0.00468
7	0.00629	0.00747	0.14315	0.00764	0.00903	0.00498	0.00652	0.00789	0.00906	0.01236	0.02269	0.69287	0.02652	0.01284	0.00568	0.00182	0.00341	0.01155	0.00392	0.00431
8	0.01002	0.00826	0.00969	0.00694	0.01105	0.00622	0.00556	0.01208	0.00977	0.04166	0.00860	0.00985	0.00704	0.00352	0.00349	0.00071	0.00346	0.00282	0.00286	0.83640
9	0.00970	0.01097	0.14668	0.00804	0.01253	0.00714	0.00756	0.03266	0.01012	0.01558	0.03476	0.01055	0.00797	0.00387	0.00371	0.00087	0.00403	0.00310	0.00275	0.66740
10	0.00853	0.00528	0.00815	0.00980	0.14276	0.00528	0.00567	0.00753	0.00691	0.00939	0.00886	0.01533	0.00885	0.09650	0.01642	0.63091	0.00434	0.00433	0.00215	0.00301
11	0.13070	0.06052	0.15675	0.06147	0.02355	0.04206	0.00934	0.15780	0.05989	0.01745	0.00991	0.03353	0.00808	0.00830	0.09037	0.00203	0.04169	0.00394	0.00298	0.07966
12	0.01236	0.04311	0.03704	0.22250	0.06353	0.22543	0.15173	0.05100	0.01101	0.01324	0.00800	0.01072	0.00642	0.00502	0.00607	0.00149	0.11929	0.00400	0.00233	0.00574
13	0.00657	0.00782	0.14402	0.00819	0.00979	0.00533	0.03421	0.00833	0.00922	0.01257	0.02207	0.62712	0.02550	0.01239	0.00569	0.00182	0.00367	0.04742	0.00385	0.00442
14	0.00728	0.00834	0.14467	0.00820	0.00999	0.00664	0.00743	0.00948	0.02162	0.01181	0.04838	0.04103	0.03162	0.09179	0.47375	0.03544	0.03005	0.00531	0.00265	0.00451
15	0.01003	0.01255	0.15049	0.01239	0.01357	0.01366	0.01137	0.01180	0.00759	0.01180	0.00649	0.01012	0.00607	0.00751	0.01342	0.00194	0.68783	0.00396	0.00202	0.00539
16	0.00783	0.00416	0.00609	0.00603	0.00621	0.00410	0.00410	0.00652	0.00727	0.00989	0.14412	0.01766	0.01419	0.01503	0.01601	0.71730	0.00373	0.00479	0.00255	0.00242
17	0.03067	0.01305	0.16437	0.25161	0.22695	0.04355	0.09612	0.01405	0.03764	0.01406	0.00902	0.01223	0.00715	0.00475	0.00512	0.00151	0.04163	0.01799	0.00230	0.00624
18	0.01471	0.01126	0.01224	0.03660	0.01366	0.02649	0.00819	0.45031	0.22472	0.04475	0.01372	0.03498	0.01046	0.00818	0.06611	0.00192	0.00529	0.00476	0.00441	0.00724
19	0.05801	0.07580	0.05415	0.08425	0.24267	0.07075	0.06559	0.10168	0.04386	0.01596	0.00997	0.01216	0.02818	0.00504	0.00522	0.00142	0.06712	0.01235	0.00272	0.04310

[dist]
# distance from previous block
# <min> <max>
1	9

[block]
# block no. 4 follows, 55 sequences, length 32
# corresponding to MSA columns:
# 458-475,482-495
name=unknown_E
#
# <colnr> <probs for GDERKNQSTAVLIFYWHMCP>
#	G	D	E	R	K	N	Q	S	T	A	V	L	I	F	Y	W	H	M	C	P
0	0.02872	0.09876	0.02204	0.04321	0.03743	0.06848	0.43979	0.04637	0.01091	0.01463	0.00858	0.01112	0.00676	0.00435	0.00550	0.00142	0.06373	0.00448	0.00243	0.08129
1	0.01138	0.06438	0.16791	0.06169	0.13268	0.06164	0.12572	0.10564	0.04813	0.02434	0.06139	0.02326	0.02410	0.00630	0.03055	0.00164	0.02106	0.01894	0.00292	0.00636
2	0.02388	0.02527	0.08667	0.04769	0.06132	0.07988	0.13716	0.06554	0.01051	0.01453	0.01003	0.04072	0.02586	0.03495	0.02731	0.00165	0.12358	0.00442	0.00263	0.17643
3	0.00638	0.00638	0.07859	0.00726	0.02005	0.00493	0.00580	0.00812	0.02568	0.01270	0.04204	0.44015	0.19640	0.02489	0.03489	0.00202	0.00355	0.07189	0.00401	0.00427
4	0.00963	0.00786	0.00966	0.00739	0.01066	0.00658	0.03339	0.05310	0.03122	0.02841	0.08209	0.04947	0.01245	0.07071	0.01992	0.00134	0.00380	0.00434	0.00322	0.55474
5	0.00819	0.00585	0.07878	0.00671	0.00733	0.00465	0.00523	0.00684	0.00640	0.00868	0.00810	0.01375	0.00788	0.01510	0.01694	0.78680	0.00430	0.00399	0.00202	0.00246
6	0.23193	0.02788	0.04040	0.06871	0.01345	0.10968	0.00782	0.27521	0.01419	0.04663	0.08219	0.01336	0.03851	0.00560	0.00421	0.00140	0.00487	0.00415	0.00365	0.00614
7	0.01017	0.05433	0.01240	0.02294	0.07491	0.07947	0.04234	0.02672	0.12394	0.01370	0.01318	0.16461	0.01286	0.00971	0.07052	0.00203	0.16095	0.01914	0.00310	0.08299
8	0.00713	0.00528	0.00731	0.00660	0.00710	0.00528	0.07413	0.00764	0.00721	0.00971	0.01399	0.02774	0.01555	0.68937	0.09343	0.00451	0.00553	0.00649	0.00275	0.00325
9	0.00715	0.00524	0.00709	0.00638	0.00681	0.00516	0.07387	0.00750	0.00715	0.00955	0.01419	0.02883	0.01602	0.76142	0.02204	0.00424	0.00481	0.00665	0.00278	0.00313
10	0.01271	0.67000	0.02307	0.01054	0.08430	0.08285	0.03495	0.01437	0.00991	0.01150	0.00683	0.00807	0.00613	0.00406	0.00331	0.00107	0.00540	0.00278	0.00206	0.00606
11	0.00716	0.00484	0.00576	0.00574	0.00705	0.00425	0.00422	0.00852	0.01095	0.08567	0.20057	0.24770	0.36745	0.01149	0.00554	0.00162	0.00256	0.00995	0.00462	0.00435
12	0.02808	0.15253	0.25964	0.01168	0.06953	0.06025	0.03563	0.05315	0.06659	0.08867	0.02092	0.01098	0.00789	0.00460	0.00414	0.00128	0.00546	0.00361	0.00286	0.11251
13	0.01738	0.01238	0.01338	0.01033	0.01393	0.01361	0.00851	0.70123	0.04577	0.07078	0.01193	0.01181	0.00843	0.00561	0.00461	0.00139	0.00492	0.00425	0.03196	0.00778
14	0.00600	0.00429	0.00578	0.00686	0.00728	0.00407	0.00490	0.00706	0.00924	0.01225	0.02546	0.69076	0.03004	0.01426	0.00603	0.00194	0.00299	0.15264	0.00431	0.00387
15	0.01110	0.01119	0.01965	0.19913	0.36172	0.03674	0.22598	0.03876	0.01086	0.01470	0.00908	0.01246	0.00728	0.00438	0.00487	0.00148	0.00637	0.01538	0.00237	0.00650
16	0.01129	0.01031	0.03112	0.21739	0.22268	0.01078	0.10841	0.12815	0.08895	0.03131	0.01174	0.08572	0.00992	0.00563	0.00486	0.00152	0.00549	0.00523	0.00307	0.00645
17	0.00670	0.00476	0.00636	0.00636	0.00680	0.00521	0.00442	0.00759	0.00715	0.00997	0.01348	0.02395	0.01409	0.40843	0.44790	0.00609	0.00876	0.00581	0.00264	0.00353
18	0.01490	0.00780	0.00951	0.00785	0.01066	0.00752	0.00629	0.07533	0.15567	0.39292	0.12531	0.02236	0.12881	0.00719	0.00491	0.00148	0.00353	0.00597	0.00520	0.00679
19	0.01119	0.03944	0.03225	0.00862	0.04148	0.08063	0.00677	0.05945	0.01080	0.03008	0.00849	0.00974	0.00691	0.00381	0.00366	0.00085	0.00422	0.00296	0.00283	0.63584
20	0.00658	0.00476	0.00622	0.00585	0.00695	0.00439	0.00439	0.00878	0.01317	0.01866	0.80503	0.03475	0.04390	0.00951	0.00549	0.00146	0.00219	0.00841	0.00512	0.00439
21	0.00582	0.00460	0.00522	0.00549	0.00664	0.00405	0.00404	0.00706	0.01043	0.01311	0.12787	0.21980	0.47589	0.03324	0.00612	0.00174	0.00259	0.05797	0.00437	0.00394
22	0.01032	0.28315	0.56196	0.01158	0.01753	0.01322	0.01426	0.01448	0.00970	0.01353	0.00775	0.00907	0.00592	0.00428	0.00396	0.00132	0.00627	0.00314	0.00197	0.00659
23	0.00751	0.00526	0.00698	0.00763	0.00855	0.00530	0.00610	0.00961	0.04814	0.03393	0.02261	0.19436	0.03683	0.11543	0.06915	0.00273	0.00455	0.40706	0.00404	0.00424
24	0.01032	0.08233	0.05888	0.00964	0.02508	0.09163	0.02375	0.05382	0.03302	0.01251	0.00925	0.01272	0.00822	0.01421	0.20246	0.13813	0.14144	0.00400	0.01642	0.05215
25	0.00998	0.07956	0.56907	0.01468	0.06010	0.01154	0.14782	0.01484	0.02291	0.01459	0.00859	0.01033	0.00631	0.00432	0.00451	0.00145	0.00678	0.00378	0.00209	0.00674
26	0.00683	0.00476	0.00546	0.00542	0.00576	0.00477	0.00336	0.00763	0.03426	0.01046	0.07124	0.03126	0.07513	0.64157	0.05406	0.00407	0.00450	0.02303	0.00316	0.00325
27	0.00644	0.00448	0.00549	0.00585	0.00616	0.00438	0.00382	0.00706	0.00823	0.01099	0.06863	0.26612	0.05075	0.42963	0.04383	0.00339	0.00403	0.06380	0.00354	0.00339
28	0.02722	0.13462	0.21347	0.04936	0.07732	0.05883	0.11707	0.09586	0.04147	0.08023	0.03875	0.01241	0.02310	0.00491	0.00446	0.00139	0.00584	0.00416	0.00294	0.00657
29	0.03751	0.10703	0.32887	0.01276	0.09946	0.07054	0.06267	0.01398	0.03553	0.02581	0.04128	0.01575	0.11820	0.00561	0.00449	0.00141	0.00567	0.00461	0.00267	0.00616
30	0.00817	0.00682	0.02392	0.03344	0.00960	0.03213	0.01776	0.05014	0.07251	0.02643	0.08355	0.06785	0.16141	0.06715	0.26388	0.03438	0.00656	0.02619	0.00350	0.00462
31	0.07942	0.04166	0.09504	0.06672	0.19321	0.03308	0.02100	0.11395	0.05351	0.03924	0.01064	0.03740	0.02441	0.00615	0.02609	0.00159	0.07949	0.00426	0.00294	0.07020

[dist]
# distance from previous block
# <min> <max>
1	15

[block]
# block no. 5 follows, 55 sequences, length 15
# corresponding to MSA columns:
# 511-525
name=unknown_F
#
# <colnr> <probs for GDERKNQSTAVLIFYWHMCP>
#	G	D	E	R	K	N	Q	S	T	A	V	L	I	F	Y	W	H	M	C	P
0	0.01103	0.01156	0.11811	0.01210	0.07334	0.05474	0.10444	0.06537	0.05707	0.06605	0.08026	0.05510	0.04350	0.00660	0.00614	0.00152	0.10826	0.03365	0.04362	0.04753
1	0.00579	0.00453	0.00524	0.00547	0.00656	0.00399	0.00395	0.00709	0.01069	0.01372	0.20886	0.26736	0.41604	0.01208	0.00562	0.00164	0.00242	0.01048	0.00450	0.00399
2	0.05572	0.59045	0.02182	0.00977	0.03666	0.04585	0.05415	0.05655	0.01015	0.01284	0.00697	0.00832	0.00615	0.00441	0.00418	0.00117	0.06368	0.00294	0.00223	0.00601
3	0.01053	0.01320	0.21904	0.12585	0.11289	0.03635	0.07454	0.02861	0.03866	0.06106	0.09449	0.01469	0.02303	0.00561	0.00574	0.00151	0.08703	0.00464	0.03640	0.00612
4	0.00687	0.00485	0.00612	0.00596	0.00708	0.00450	0.00440	0.00882	0.02602	0.04317	0.48632	0.15254	0.15278	0.03242	0.03542	0.00184	0.00281	0.00898	0.00474	0.00436
5	0.00659	0.00477	0.00665	0.00674	0.00730	0.00528	0.00488	0.00773	0.00741	0.01042	0.01423	0.09442	0.01476	0.24807	0.53241	0.00618	0.00946	0.00620	0.00274	0.00376
6	0.00784	0.00701	0.01042	0.13245	0.07821	0.01962	0.08332	0.02071	0.02086	0.01435	0.18672	0.05238	0.24186	0.02201	0.05208	0.00193	0.00454	0.03518	0.00364	0.00485
7	0.00567	0.00405	0.00540	0.00648	0.00675	0.00378	0.00432	0.00648	0.00891	0.01188	0.02564	0.83347	0.03077	0.01457	0.00594	0.00189	0.00270	0.01323	0.00432	0.00378
8	0.03250	0.01163	0.03611	0.08905	0.05931	0.04010	0.50470	0.01437	0.03919	0.01456	0.01085	0.01614	0.00906	0.03202	0.00588	0.00168	0.00693	0.06738	0.00259	0.00594
9	0.03507	0.01383	0.01359	0.01188	0.01279	0.26118	0.00957	0.01403	0.03820	0.01181	0.00692	0.00982	0.00634	0.00694	0.01115	0.00175	0.52383	0.00374	0.00227	0.00527
10	0.00810	0.18880	0.01003	0.00631	0.00753	0.00793	0.00471	0.00887	0.00762	0.01007	0.01212	0.02191	0.01296	0.44495	0.19275	0.00424	0.00632	0.00528	0.00256	0.03694
11	0.01065	0.18606	0.31779	0.01574	0.21730	0.01200	0.05868	0.01414	0.00999	0.01413	0.00812	0.00991	0.00646	0.00413	0.00413	0.00127	0.00583	0.00347	0.00216	0.09804
12	0.01187	0.38641	0.15301	0.02446	0.07671	0.08728	0.02411	0.05000	0.01081	0.02520	0.05665	0.01173	0.03178	0.00561	0.02508	0.00138	0.00567	0.00365	0.00250	0.00609
13	0.00854	0.00581	0.00777	0.00811	0.00962	0.00552	0.00685	0.01070	0.02572	0.06689	0.02205	0.09720	0.02330	0.04219	0.00657	0.00200	0.00406	0.54657	0.00418	0.09636
14	0.00696	0.03480	0.00596	0.00546	0.00566	0.00497	0.00334	0.00701	0.00703	0.00934	0.01479	0.09928	0.01693	0.64563	0.05069	0.06473	0.00463	0.00692	0.00285	0.00301

[dist]
# distance from previous block
# <min> <max>
3	10

[block]
# block no. 6 follows, 55 sequences, length 9
# corresponding to MSA columns:
# 538-546
name=unknown_G
#
# <colnr> <probs for GDERKNQSTAVLIFYWHMCP>
#	G	D	E	R	K	N	Q	S	T	A	V	L	I	F	Y	W	H	M	C	P
0	0.01074	0.17809	0.06473	0.01182	0.14931	0.15388	0.00847	0.01313	0.03686	0.01415	0.18594	0.04988	0.09151	0.00661	0.00453	0.00134	0.00482	0.00541	0.00320	0.00559
1	0.00700	0.00446	0.00543	0.00543	0.00549	0.00452	0.00326	0.00674	0.00668	0.00897	0.01327	0.02652	0.01488	0.62532	0.07934	0.16616	0.00499	0.00613	0.00265	0.00276
2	0.01071	0.07632	0.28825	0.08166	0.13308	0.05305	0.03610	0.05596	0.02586	0.03389	0.07603	0.01414	0.04635	0.00543	0.00504	0.00145	0.04327	0.00440	0.00272	0.00631
3	0.01192	0.62190	0.15658	0.00894	0.01336	0.04537	0.00941	0.01410	0.00966	0.01185	0.00692	0.00803	0.00601	0.00405	0.00330	0.00107	0.00533	0.00268	0.00205	0.05746
4	0.01081	0.01034	0.01762	0.23291	0.60860	0.01087	0.01393	0.01366	0.01026	0.01435	0.00863	0.01174	0.00707	0.00427	0.00462	0.00142	0.00570	0.00414	0.00224	0.00680
5	0.00959	0.00776	0.00762	0.00745	0.00816	0.14447	0.00536	0.03464	0.00862	0.01043	0.01168	0.02139	0.01203	0.17112	0.05866	0.36461	0.00540	0.10501	0.00264	0.00336
6	0.01059	0.01764	0.41694	0.01468	0.12319	0.03534	0.07541	0.08477	0.04912	0.01594	0.01169	0.03262	0.05146	0.00533	0.00504	0.00149	0.03502	0.00445	0.00262	0.00667
7	0.00703	0.00688	0.05930	0.04948	0.05716	0.00579	0.02871	0.00923	0.04233	0.01370	0.15897	0.11371	0.30861	0.10954	0.00754	0.00192	0.00351	0.00821	0.00385	0.00452
8	0.03535	0.05279	0.20547	0.01018	0.04087	0.04290	0.02646	0.03000	0.16739	0.06766	0.15414	0.01920	0.08811	0.00656	0.00505	0.00148	0.03125	0.00535	0.00365	0.00614

[dist]
# distance from previous block
# <min> <max>
16	39

[block]
# block no. 7 follows, 55 sequences, length 18
# corresponding to MSA columns:
# 589-606
name=unknown_H
#
# <colnr> <probs for GDERKNQSTAVLIFYWHMCP>
#	G	D	E	R	K	N	Q	S	T	A	V	L	I	F	Y	W	H	M	C	P
0	0.00692	0.00533	0.00662	0.02285	0.00781	0.00530	0.00480	0.02499	0.03848	0.01564	0.40147	0.07997	0.19082	0.07456	0.04715	0.00208	0.03369	0.02276	0.00439	0.00434
1	0.01018	0.01089	0.08079	0.04808	0.26522	0.02894	0.09060	0.04034	0.05920	0.01524	0.10424	0.03335	0.05297	0.00727	0.03865	0.00177	0.09793	0.00527	0.00295	0.00612
2	0.00867	0.00434	0.00434	0.00434	0.00542	0.00434	0.00325	0.01084	0.00976	0.01734	0.01518	0.01734	0.01192	0.00542	0.00325	0.00108	0.00217	0.00434	0.86233	0.00434
3	0.00651	0.00459	0.00578	0.00596	0.00691	0.00415	0.00428	0.00798	0.01110	0.04089	0.34577	0.33615	0.17923	0.01171	0.00563	0.00164	0.00247	0.01036	0.00469	0.00419
4	0.01290	0.01227	0.04634	0.12261	0.20059	0.09052	0.02685	0.24311	0.04121	0.01831	0.02995	0.04086	0.02702	0.00571	0.00540	0.00147	0.06046	0.00462	0.00321	0.00658
5	0.00674	0.00460	0.00552	0.00552	0.00568	0.00475	0.00338	0.00705	0.00690	0.00935	0.01425	0.02817	0.01593	0.68692	0.17192	0.00506	0.00599	0.00643	0.00276	0.00307
6	0.01064	0.01154	0.02185	0.01647	0.01918	0.01282	0.45927	0.01333	0.00934	0.01333	0.00801	0.01154	0.00665	0.00571	0.00964	0.00177	0.35603	0.00489	0.00222	0.00577
7	0.80845	0.00892	0.00712	0.00627	0.00920	0.01018	0.00517	0.01432	0.00830	0.07757	0.00733	0.00815	0.00550	0.00442	0.00301	0.00144	0.00362	0.00267	0.00309	0.00524
8	0.03845	0.01064	0.04019	0.03736	0.09052	0.01097	0.03408	0.24908	0.17837	0.04727	0.02973	0.01648	0.01131	0.05043	0.00605	0.00164	0.03163	0.05118	0.00386	0.06077
9	0.01418	0.00711	0.00893	0.00748	0.01010	0.00662	0.00601	0.03977	0.10074	0.39777	0.16530	0.02533	0.14582	0.00773	0.00503	0.00151	0.00340	0.03554	0.00521	0.00644
10	0.08365	0.05581	0.01300	0.02480	0.02582	0.04789	0.02216	0.42361	0.11870	0.04603	0.01226	0.02772	0.00968	0.03822	0.00525	0.00155	0.00490	0.02793	0.00410	0.00693
11	0.09136	0.07698	0.01230	0.04465	0.14066	0.06119	0.07323	0.01133	0.00964	0.03014	0.01505	0.28732	0.01594	0.02717	0.05146	0.00198	0.00506	0.03623	0.00317	0.00514
12	0.00569	0.00410	0.00540	0.00639	0.00674	0.00381	0.00429	0.00657	0.00911	0.01214	0.05366	0.77822	0.05805	0.01430	0.00591	0.00186	0.00267	0.01294	0.00435	0.00381
13	0.06211	0.01038	0.11495	0.06378	0.15212	0.00921	0.02164	0.07436	0.07920	0.05592	0.05225	0.01480	0.01056	0.00933	0.07336	0.11835	0.03150	0.02177	0.00302	0.02139
14	0.03967	0.12237	0.22362	0.09725	0.09294	0.07355	0.14216	0.09593	0.01152	0.01554	0.02446	0.01139	0.01994	0.00464	0.00445	0.00140	0.00626	0.00401	0.00252	0.00637
15	0.00931	0.00955	0.00786	0.00797	0.00916	0.23921	0.00584	0.01057	0.01106	0.01295	0.13704	0.34674	0.09633	0.01062	0.00536	0.00162	0.00436	0.06620	0.00388	0.00439
16	0.00590	0.00427	0.00534	0.00598	0.00646	0.00397	0.00400	0.00677	0.00923	0.01221	0.10373	0.53239	0.13111	0.13586	0.00847	0.00220	0.00287	0.01135	0.00418	0.00372
17	0.01182	0.07138	0.11867	0.09721	0.14198	0.08304	0.07644	0.04985	0.01106	0.09988	0.02643	0.07057	0.02482	0.00686	0.02469	0.01973	0.02079	0.03570	0.00300	0.00607

[dist]
# distance from previous block
# <min> <max>
0	12

[block]
# block no. 8 follows, 55 sequences, length 54
# corresponding to MSA columns:
# 630-683
name=unknown_I
#
# <colnr> <probs for GDERKNQSTAVLIFYWHMCP>
#	G	D	E	R	K	N	Q	S	T	A	V	L	I	F	Y	W	H	M	C	P
0	0.01097	0.09317	0.01311	0.02679	0.05619	0.09647	0.03726	0.04023	0.03696	0.02797	0.09667	0.02629	0.01192	0.05068	0.00722	0.00148	0.15191	0.00436	0.00293	0.20740
1	0.04684	0.08210	0.03444	0.04318	0.05932	0.10924	0.00817	0.14747	0.13149	0.03229	0.01148	0.03170	0.02421	0.00602	0.02604	0.00143	0.02424	0.00405	0.00330	0.17302
2	0.05283	0.11055	0.04423	0.06328	0.16206	0.08859	0.03736	0.09197	0.07184	0.04218	0.06166	0.07370	0.05097	0.00614	0.00475	0.00142	0.02204	0.00509	0.00323	0.00612
3	0.01198	0.16084	0.01275	0.00874	0.02651	0.00964	0.01917	0.07883	0.02706	0.15692	0.04020	0.03424	0.02972	0.01135	0.14675	0.00243	0.04602	0.07081	0.00353	0.10251
4	0.01056	0.00979	0.01607	0.40365	0.31327	0.01090	0.04336	0.07017	0.03327	0.01469	0.00909	0.01225	0.00712	0.00513	0.02016	0.00159	0.00599	0.00424	0.00244	0.00626
5	0.01116	0.00857	0.00982	0.02798	0.04630	0.02226	0.00678	0.19822	0.18022	0.04628	0.14590	0.02182	0.09612	0.06313	0.07338	0.00216	0.00462	0.00590	0.02342	0.00597
6	0.00697	0.00519	0.00608	0.00576	0.00717	0.00485	0.00435	0.04188	0.01141	0.03599	0.27501	0.03563	0.38165	0.05345	0.10155	0.00236	0.00376	0.00829	0.00433	0.00432
7	0.00984	0.00566	0.00773	0.00787	0.00924	0.00545	0.00643	0.01156	0.01084	0.17496	0.07717	0.18249	0.02476	0.04634	0.00683	0.00201	0.02050	0.38089	0.00454	0.00489
8	0.00630	0.00456	0.00509	0.00514	0.00571	0.00428	0.00327	0.00689	0.00857	0.01107	0.09143	0.09401	0.24873	0.46746	0.01557	0.00321	0.00356	0.00826	0.00356	0.00334
9	0.03103	0.37972	0.01628	0.00830	0.01122	0.02645	0.04065	0.04305	0.04567	0.12023	0.01416	0.20439	0.02698	0.00703	0.00422	0.00135	0.00436	0.00576	0.00335	0.00580
10	0.01220	0.01295	0.01393	0.12734	0.01569	0.20481	0.01019	0.06532	0.00986	0.01255	0.00701	0.01013	0.00621	0.00668	0.01042	0.00172	0.46147	0.00383	0.00230	0.00536
11	0.19560	0.00783	0.00941	0.00799	0.01091	0.00761	0.00669	0.05130	0.01201	0.44471	0.01687	0.02157	0.01320	0.00693	0.00467	0.00158	0.00400	0.16577	0.00480	0.00655
12	0.00933	0.02406	0.81240	0.01326	0.02014	0.01080	0.01719	0.01473	0.00982	0.01473	0.00835	0.00982	0.00589	0.00442	0.00442	0.00147	0.00688	0.00344	0.00196	0.00688
13	0.00664	0.00546	0.00593	0.00568	0.00727	0.00512	0.00430	0.00976	0.12149	0.01516	0.24560	0.03826	0.49155	0.01041	0.00539	0.00154	0.00250	0.00881	0.00459	0.00453
14	0.01294	0.00694	0.00895	0.00718	0.01005	0.00586	0.00577	0.01494	0.01218	0.32215	0.25561	0.02153	0.02080	0.00659	0.00467	0.00128	0.00330	0.03863	0.00470	0.23594
15	0.00587	0.00425	0.00558	0.00655	0.00694	0.00401	0.00446	0.00703	0.02675	0.01227	0.04405	0.75915	0.04627	0.01417	0.00591	0.00187	0.00275	0.03390	0.00435	0.00389
16	0.01018	0.01018	0.01425	0.01221	0.01221	0.01425	0.01018	0.01120	0.00712	0.01120	0.00611	0.01018	0.00611	0.00814	0.01527	0.00204	0.82799	0.00407	0.00204	0.00509
17	0.01233	0.66432	0.06565	0.00895	0.02436	0.04824	0.00864	0.02798	0.03948	0.01195	0.00758	0.00920	0.00680	0.00446	0.00363	0.00112	0.02700	0.02005	0.00221	0.00604
18	0.03205	0.01242	0.08930	0.06889	0.01441	0.11676	0.03540	0.16477	0.05508	0.03145	0.01102	0.03977	0.00974	0.06652	0.03730	0.01301	0.15113	0.04211	0.00309	0.00576
19	0.00704	0.00461	0.00644	0.00644	0.00683	0.00500	0.00452	0.00731	0.00692	0.00962	0.01199	0.02068	0.01224	0.25698	0.39327	0.22103	0.00811	0.00525	0.00247	0.00324
20	0.81177	0.00892	0.00711	0.00626	0.00919	0.01019	0.00516	0.01429	0.00828	0.07449	0.00728	0.00812	0.00548	0.00442	0.00300	0.00144	0.00362	0.00267	0.00307	0.00523
21	0.05256	0.40790	0.01803	0.00918	0.01267	0.11744	0.00806	0.18067	0.12275	0.01652	0.00930	0.00975	0.00749	0.00476	0.00373	0.00121	0.00520	0.00330	0.00303	0.00646
22	0.04568	0.01068	0.08315	0.18968	0.36228	0.01003	0.04201	0.01320	0.01033	0.03263	0.08613	0.01411	0.02068	0.00504	0.00497	0.00145	0.03168	0.00453	0.00263	0.02909
23	0.01024	0.11495	0.24419	0.01083	0.02985	0.05446	0.03146	0.03092	0.14954	0.01490	0.07637	0.10658	0.01341	0.00665	0.00563	0.00152	0.08408	0.00528	0.00308	0.00606
24	0.00668	0.00486	0.00684	0.00684	0.00745	0.00547	0.00502	0.00790	0.00729	0.01033	0.01304	0.02151	0.01303	0.24771	0.60716	0.00669	0.01035	0.00546	0.00258	0.00380
25	0.00808	0.00404	0.00606	0.00606	0.00606	0.00404	0.00404	0.00606	0.00606	0.00808	0.00808	0.01414	0.00808	0.01616	0.01818	0.86465	0.00404	0.00404	0.00202	0.00202
26	0.01125	0.16527	0.12153	0.18337	0.16961	0.01233	0.14098	0.07083	0.01096	0.03013	0.00918	0.01231	0.00739	0.00464	0.00450	0.00142	0.00602	0.02945	0.00247	0.00636
27	0.03911	0.00647	0.00805	0.00662	0.00915	0.00589	0.00533	0.01742	0.01179	0.45802	0.04203	0.01679	0.01253	0.00571	0.00411	0.00130	0.00320	0.00461	0.33551	0.00635
28	0.00879	0.00827	0.01395	0.82532	0.03204	0.01034	0.01292	0.01189	0.00930	0.01189	0.00827	0.01240	0.00620	0.00465	0.00465	0.00155	0.00620	0.00413	0.00207	0.00517
29	0.00933	0.00869	0.01460	0.60176	0.20085	0.01018	0.01283	0.01230	0.00965	0.01279	0.00919	0.01402	0.00744	0.00491	0.00470	0.00153	0.00590	0.03749	0.01624	0.00560
30	0.01768	0.01303	0.01396	0.01070	0.01443	0.01443	0.00884	0.79197	0.02187	0.02932	0.01117	0.01117	0.00791	0.00558	0.00465	0.00140	0.00512	0.00419	0.00465	0.00791
31	0.00750	0.00535	0.00750	0.00857	0.00964	0.00535	0.00750	0.00964	0.01071	0.01392	0.02463	0.05248	0.02677	0.01285	0.00643	0.00214	0.00428	0.77617	0.00428	0.00428
32	0.00938	0.00890	0.01520	0.60409	0.20088	0.01036	0.03555	0.01241	0.00974	0.01289	0.03116	0.01285	0.00756	0.00466	0.00469	0.00151	0.00599	0.00430	0.00221	0.00566
33	0.00674	0.00461	0.00560	0.00560	0.00578	0.00479	0.00347	0.00710	0.00692	0.00941	0.01418	0.02779	0.01576	0.66159	0.19702	0.00516	0.00625	0.00638	0.00275	0.00311
34	0.01840	0.01659	0.01267	0.01073	0.01370	0.44902	0.00837	0.15987	0.01479	0.23463	0.01098	0.01094	0.00786	0.00520	0.00441	0.00130	0.00658	0.00368	0.00373	0.00654
35	0.01211	0.06262	0.07318	0.09523	0.29741	0.03614	0.02831	0.16913	0.04216	0.01716	0.01018	0.02854	0.00845	0.00590	0.02678	0.00157	0.01860	0.02547	0.00291	0.03816
36	0.02801	0.12438	0.18028	0.04294	0.07434	0.14176	0.03101	0.01433	0.02755	0.02896	0.00844	0.01032	0.00687	0.00639	0.05349	0.00163	0.06422	0.00344	0.00240	0.14926
37	0.00567	0.00405	0.00540	0.00648	0.00675	0.00378	0.00432	0.00648	0.00891	0.01188	0.02564	0.83347	0.03077	0.01457	0.00594	0.00189	0.00270	0.01323	0.00432	0.00378
38	0.00815	0.00743	0.04920	0.01841	0.03874	0.02836	0.04522	0.03039	0.04991	0.03272	0.29637	0.04152	0.12565	0.01402	0.17547	0.00276	0.00545	0.02139	0.00391	0.00494
39	0.01181	0.15769	0.21320	0.05260	0.14350	0.10150	0.09690	0.04448	0.01092	0.04108	0.03201	0.02612	0.00829	0.01756	0.00490	0.00142	0.02315	0.00405	0.00250	0.00634
40	0.00732	0.00690	0.07087	0.03003	0.00900	0.00545	0.00554	0.00997	0.07031	0.05480	0.15917	0.07856	0.45462	0.01005	0.00531	0.00156	0.00300	0.00850	0.00430	0.00473
41	0.05080	0.00802	0.01062	0.00820	0.01171	0.00712	0.00676	0.04430	0.01337	0.73824	0.03905	0.01592	0.01206	0.00580	0.00464	0.00144	0.00393	0.00469	0.00561	0.00772
42	0.03134	0.10687	0.11282	0.01346	0.15169	0.23588	0.01007	0.02645	0.11338	0.10832	0.01081	0.02329	0.00851	0.02169	0.00468	0.00140	0.00590	0.00391	0.00305	0.00648
43	0.02591	0.21690	0.22143	0.03973	0.06636	0.10126	0.06236	0.03237	0.02960	0.09256	0.01011	0.02761	0.01777	0.00577	0.02975	0.00152	0.00611	0.00386	0.00268	0.00635
44	0.00672	0.00467	0.00590	0.00590	0.00618	0.00496	0.00385	0.00729	0.00701	0.00963	0.01390	0.02627	0.01510	0.56140	0.29630	0.00553	0.00724	0.00615	0.00271	0.00328
45	0.00822	0.00738	0.01159	0.57351	0.02462	0.00871	0.01055	0.02589	0.00989	0.01254	0.01674	0.04243	0.13951	0.00690	0.00500	0.00162	0.00527	0.08197	0.00276	0.00490
46	0.01182	0.01127	0.11434	0.13787	0.22087	0.04474	0.05317	0.03324	0.02929	0.14152	0.01312	0.11995	0.01141	0.00624	0.00486	0.00152	0.00534	0.02983	0.00322	0.00637
47	0.01105	0.10908	0.08503	0.07466	0.12921	0.08361	0.08510	0.06326	0.06691	0.02516	0.01380	0.05068	0.08136	0.04180	0.02641	0.00173	0.03729	0.00504	0.00289	0.00592
48	0.01031	0.01041	0.05941	0.00933	0.03717	0.15568	0.02135	0.02249	0.03196	0.04792	0.04346	0.01973	0.03541	0.26713	0.12263	0.00324	0.08959	0.00522	0.00288	0.00469
49	0.00591	0.00415	0.00533	0.00617	0.00638	0.00394	0.00399	0.00654	0.00843	0.01124	0.02321	0.65537	0.02770	0.19687	0.00987	0.00247	0.00310	0.01179	0.00399	0.00357
50	0.10166	0.08402	0.01446	0.01239	0.06852	0.50441	0.04260	0.06383	0.01252	0.03127	0.00773	0.00898	0.00627	0.00472	0.00426	0.00126	0.01948	0.00322	0.00261	0.00578
51	0.01465	0.01038	0.01111	0.00898	0.01188	0.01139	0.00733	0.51716	0.07049	0.02509	0.01324	0.01487	0.01012	0.00591	0.00440	0.00136	0.00427	0.03765	0.21287	0.00685
52	0.01230	0.09244	0.01283	0.02881	0.07569	0.13092	0.00818	0.08458	0.34389	0.01669	0.02875	0.01566	0.02749	0.03013	0.04382	0.00181	0.01950	0.01643	0.00365	0.00645
53	0.01287	0.50783	0.04566	0.01099	0.09867	0.13542	0.00895	0.01507	0.04248	0.03120	0.00898	0.01072	0.02257	0.00467	0.00365	0.00116	0.00546	0.02517	0.00240	0.00608

[dist]
# distance from previous block
# <min> <max>
0	21

[block]
# block no. 9 follows, 55 sequences, length 39
# corresponding to MSA columns:
# 717-728,736-762
name=unknown_J
#
# <colnr> <probs for GDERKNQSTAVLIFYWHMCP>
#	G	D	E	R	K	N	Q	S	T	A	V	L	I	F	Y	W	H	M	C	P
0	0.01703	0.02828	0.08977	0.02815	0.06236	0.00791	0.00829	0.04253	0.02940	0.53261	0.06950	0.01666	0.03417	0.00588	0.00469	0.00144	0.00428	0.00485	0.00487	0.00732
1	0.02745	0.00731	0.01022	0.09341	0.22189	0.02901	0.00792	0.01007	0.01019	0.01373	0.11041	0.16305	0.16944	0.06002	0.00647	0.00176	0.01727	0.03195	0.00344	0.00502
2	0.62854	0.00779	0.00631	0.00573	0.00817	0.00880	0.00464	0.01320	0.00853	0.04146	0.00900	0.01026	0.00696	0.00464	0.00302	0.00135	0.00325	0.00304	0.22040	0.00494
3	0.65312	0.04884	0.00908	0.00802	0.05531	0.02627	0.00610	0.03941	0.04947	0.05686	0.00796	0.00880	0.00610	0.00451	0.00324	0.00142	0.00393	0.00291	0.00308	0.00557
4	0.01221	0.08493	0.06422	0.00895	0.01288	0.12629	0.01840	0.12347	0.04321	0.01638	0.00881	0.00985	0.00705	0.00417	0.00383	0.00099	0.00482	0.00315	0.00293	0.44347
5	0.00666	0.00494	0.00727	0.00727	0.00804	0.00571	0.00556	0.00818	0.00742	0.01065	0.01265	0.01930	0.01208	0.10237	0.75120	0.00723	0.01179	0.00513	0.00252	0.00404
6	0.00590	0.00428	0.00555	0.00636	0.00688	0.00398	0.00443	0.00694	0.00954	0.01264	0.10082	0.60836	0.10394	0.03595	0.00637	0.00191	0.00278	0.06517	0.00435	0.00386
7	0.07194	0.00845	0.00959	0.00770	0.01056	0.00858	0.00627	0.24502	0.01444	0.29802	0.01454	0.01436	0.01015	0.00551	0.00414	0.00132	0.00376	0.00429	0.25468	0.00668
8	0.00905	0.00531	0.00697	0.00624	0.00779	0.00480	0.00479	0.01115	0.01311	0.15728	0.64301	0.03175	0.06249	0.00893	0.00535	0.00146	0.00251	0.00780	0.00521	0.00499
9	0.01018	0.01018	0.01425	0.01221	0.01221	0.01425	0.01018	0.01120	0.00712	0.01120	0.00611	0.01018	0.00611	0.00814	0.01527	0.00204	0.82799	0.00407	0.00204	0.00509
10	0.00648	0.00417	0.00570	0.00643	0.00669	0.00399	0.00439	0.00660	0.00822	0.01090	0.02083	0.51524	0.03785	0.04501	0.00991	0.23406	0.00323	0.06335	0.00364	0.00331
11	0.00879	0.00827	0.01395	0.82532	0.03204	0.01034	0.01292	0.01189	0.00930	0.01189	0.00827	0.01240	0.00620	0.00465	0.00465	0.00155	0.00620	0.00413	0.00207	0.00517
12	0.00879	0.00827	0.01395	0.82532	0.03204	0.01034	0.01292	0.01189	0.00930	0.01189	0.00827	0.01240	0.00620	0.00465	0.00465	0.00155	0.00620	0.00413	0.00207	0.00517
13	0.15825	0.00952	0.01555	0.33850	0.11266	0.01038	0.16039	0.01421	0.00994	0.10151	0.00931	0.01184	0.00688	0.00457	0.00466	0.00151	0.01755	0.00418	0.00269	0.00591
14	0.01244	0.83930	0.02438	0.00796	0.01194	0.01841	0.00796	0.01393	0.00945	0.01095	0.00647	0.00746	0.00597	0.00398	0.00299	0.00100	0.00498	0.00249	0.00199	0.00597
15	0.00677	0.00451	0.00507	0.00507	0.00507	0.00451	0.00282	0.00677	0.00677	0.00902	0.01466	0.03044	0.01691	0.83650	0.02368	0.00451	0.00451	0.00677	0.00282	0.00282
16	0.00937	0.00544	0.00693	0.00672	0.00814	0.00504	0.00496	0.01147	0.05995	0.18064	0.18069	0.36708	0.11322	0.01091	0.00546	0.00166	0.00289	0.00962	0.00480	0.00500
17	0.00801	0.00693	0.01080	0.30945	0.04925	0.00792	0.03337	0.01029	0.02383	0.01258	0.09009	0.02108	0.09837	0.02735	0.15163	0.04815	0.04638	0.03699	0.00284	0.00469
18	0.48904	0.01032	0.00921	0.00778	0.01071	0.05300	0.00632	0.21479	0.01210	0.07002	0.00915	0.03115	0.00714	0.00610	0.02562	0.02024	0.00449	0.00349	0.00350	0.00585
19	0.00889	0.00841	0.01398	0.76417	0.03055	0.01063	0.01271	0.01183	0.00914	0.01183	0.00811	0.01224	0.00619	0.00491	0.00545	0.00159	0.06801	0.00413	0.00206	0.00516
20	0.08623	0.04956	0.12472	0.06414	0.11217	0.01121	0.04094	0.20576	0.02284	0.07325	0.00963	0.01083	0.00721	0.00472	0.00457	0.00133	0.03021	0.00374	0.00318	0.13377
21	0.02688	0.04962	0.03003	0.04563	0.31758	0.16622	0.01074	0.07904	0.03581	0.14446	0.01028	0.01146	0.00783	0.00480	0.00465	0.00135	0.02307	0.00391	0.00313	0.02350
22	0.01179	0.20743	0.13832	0.01136	0.02670	0.01306	0.11567	0.11550	0.21689	0.01667	0.01178	0.03457	0.00947	0.02003	0.01787	0.00156	0.01709	0.00443	0.00318	0.00662
23	0.00806	0.00605	0.00721	0.00670	0.00824	0.00608	0.00509	0.01267	0.19682	0.04213	0.50265	0.06249	0.09938	0.00904	0.00530	0.00152	0.00263	0.00787	0.00495	0.00513
24	0.00965	0.00827	0.00965	0.00689	0.01102	0.00620	0.00551	0.01171	0.00965	0.01516	0.00827	0.00965	0.00689	0.00345	0.00345	0.00069	0.00345	0.00276	0.00276	0.86494
25	0.01435	0.03055	0.01244	0.01014	0.01310	0.07003	0.00812	0.33989	0.36352	0.02235	0.01437	0.03157	0.01095	0.00609	0.00497	0.00148	0.02966	0.00473	0.00438	0.00727
26	0.00600	0.00464	0.00548	0.00584	0.00681	0.00419	0.00412	0.00743	0.03097	0.01309	0.12039	0.40086	0.30434	0.03475	0.00612	0.00176	0.00261	0.01083	0.00434	0.02543
27	0.03878	0.03815	0.13709	0.05866	0.26103	0.04573	0.11507	0.04622	0.03598	0.05556	0.02389	0.01302	0.00848	0.00503	0.00532	0.00148	0.05822	0.02822	0.00271	0.02136
28	0.23821	0.06986	0.02409	0.00953	0.02488	0.11132	0.02702	0.26912	0.01347	0.03290	0.01017	0.01172	0.03143	0.04201	0.02747	0.00169	0.04185	0.00381	0.00334	0.00608
29	0.01622	0.00843	0.01025	0.00841	0.01147	0.00833	0.00676	0.05699	0.25378	0.44428	0.05854	0.01882	0.06328	0.00648	0.00478	0.00149	0.00374	0.00534	0.00527	0.00733
30	0.03425	0.00788	0.01027	0.00808	0.01135	0.00714	0.00661	0.05378	0.04727	0.63754	0.08520	0.01803	0.03832	0.00625	0.00474	0.00145	0.00379	0.00512	0.00552	0.00742
31	0.01174	0.03655	0.06566	0.04327	0.21387	0.05250	0.09213	0.12463	0.05347	0.04841	0.05759	0.09252	0.01259	0.02864	0.00568	0.00158	0.03027	0.01929	0.00327	0.00634
32	0.01099	0.01252	0.02727	0.01980	0.04103	0.01175	0.77401	0.01489	0.01097	0.01491	0.00940	0.01253	0.00707	0.00393	0.00547	0.00156	0.00779	0.00546	0.00235	0.00630
33	0.00559	0.00453	0.00497	0.00525	0.00644	0.00391	0.00379	0.00672	0.01025	0.01265	0.07537	0.26212	0.55728	0.01245	0.00562	0.00165	0.00244	0.01070	0.00436	0.00391
34	0.02320	0.10510	0.03476	0.11964	0.24826	0.07852	0.11003	0.02529	0.03976	0.03434	0.02876	0.02782	0.06495	0.00539	0.00485	0.00143	0.02410	0.01495	0.00272	0.00615
35	0.03463	0.08168	0.15541	0.06115	0.20595	0.15687	0.06262	0.03925	0.01093	0.03904	0.00986	0.01226	0.02732	0.00611	0.03733	0.00164	0.03158	0.01761	0.00251	0.00625
36	0.00961	0.00772	0.01167	0.05276	0.23247	0.00785	0.04269	0.01234	0.07315	0.07713	0.01901	0.16742	0.11913	0.05796	0.06192	0.00215	0.02904	0.00694	0.00343	0.00560
37	0.00665	0.00477	0.00665	0.00722	0.00800	0.00452	0.02636	0.00801	0.00989	0.02849	0.09168	0.48327	0.06473	0.02982	0.00632	0.00194	0.00323	0.20005	0.00432	0.00409
38	0.01088	0.09928	0.09457	0.12302	0.25529	0.04620	0.08237	0.01397	0.04135	0.04197	0.02445	0.06426	0.02049	0.00614	0.02526	0.00160	0.03525	0.00478	0.00263	0.00623

[dist]
# distance from previous block
# <min> <max>
1	4

[block]
# block no. 10 follows, 55 sequences, length 15
# corresponding to MSA columns:
# 767-781
name=unknown_K
#
# <colnr> <probs for GDERKNQSTAVLIFYWHMCP>
#	G	D	E	R	K	N	Q	S	T	A	V	L	I	F	Y	W	H	M	C	P
0	0.00710	0.00552	0.00725	0.02581	0.00869	0.00533	0.02047	0.02946	0.02782	0.01282	0.02090	0.51447	0.04036	0.07206	0.02523	0.00202	0.02861	0.02758	0.00383	0.11467
1	0.25247	0.15352	0.03072	0.01152	0.07596	0.24571	0.07882	0.03418	0.01058	0.01509	0.00779	0.03115	0.00665	0.00475	0.00408	0.00133	0.02404	0.00343	0.00254	0.00567
