[name]
unknown

[dist]
# distance from previous block
# <min> <max>
2	9

[block]
# block no. 0 follows, 52 sequences, length 10
# corresponding to MSA columns:
# 49-58
name=unknown_A
#
# <colnr> <probs for GDERKNQSTAVLIFYWHMCP>
#	G	D	E	R	K	N	Q	S	T	A	V	L	I	F	Y	W	H	M	C	P
0	0.20723	0.13195	0.09290	0.00816	0.01071	0.07100	0.00728	0.01192	0.01001	0.01520	0.04880	0.22581	0.05288	0.00866	0.00469	0.00161	0.00441	0.07821	0.00341	0.00513
1	0.41585	0.12119	0.21851	0.00904	0.01324	0.03415	0.00930	0.06458	0.01030	0.01893	0.04040	0.00992	0.00751	0.00480	0.00370	0.00144	0.00501	0.00325	0.00283	0.00605
2	0.00686	0.07586	0.00734	0.00673	0.00740	0.00543	0.00477	0.00781	0.00924	0.01237	0.02333	0.60707	0.02732	0.09106	0.00756	0.00212	0.00324	0.04528	0.04512	0.00409
3	0.01365	0.01123	0.01160	0.00985	0.01269	0.05444	0.00782	0.29543	0.32704	0.02233	0.05353	0.01770	0.05454	0.00924	0.07450	0.00208	0.00528	0.00533	0.00457	0.00714
4	0.16878	0.01416	0.08128	0.01084	0.01432	0.16290	0.06312	0.15698	0.04366	0.12194	0.01085	0.03118	0.00827	0.00552	0.00503	0.00147	0.04827	0.00411	0.00357	0.04376
5	0.08485	0.36778	0.40374	0.01082	0.01634	0.01460	0.01272	0.01490	0.00990	0.01422	0.00769	0.00898	0.00610	0.00440	0.00383	0.00132	0.00602	0.00308	0.00214	0.00659
6	0.01122	0.01462	0.12902	0.01957	0.02476	0.01213	0.68299	0.01550	0.01128	0.01550	0.00966	0.01270	0.00720	0.00415	0.00557	0.00162	0.00804	0.00544	0.00240	0.00662
7	0.01094	0.00936	0.00995	0.00916	0.01157	0.01062	0.00704	0.02238	0.65146	0.01892	0.02270	0.10188	0.07715	0.00788	0.00512	0.00168	0.00362	0.00668	0.00485	0.00702
8	0.01035	0.18233	0.65284	0.01274	0.01931	0.01280	0.01603	0.01518	0.01016	0.01458	0.00831	0.00975	0.00615	0.00451	0.00431	0.00144	0.00678	0.00339	0.00205	0.00698
9	0.01199	0.01151	0.01967	0.02974	0.79946	0.01151	0.01487	0.01487	0.01103	0.01583	0.00912	0.01199	0.00768	0.00432	0.00480	0.00144	0.00576	0.00432	0.00240	0.00768

[dist]
# distance from previous block
# <min> <max>
0	5

[block]
# block no. 1 follows, 52 sequences, length 43
# corresponding to MSA columns:
# 64-106
name=unknown_B
#
# <colnr> <probs for GDERKNQSTAVLIFYWHMCP>
#	G	D	E	R	K	N	Q	S	T	A	V	L	I	F	Y	W	H	M	C	P
0	0.01253	0.66846	0.16209	0.00938	0.01401	0.03943	0.01001	0.01479	0.01002	0.01211	0.00710	0.00823	0.00621	0.00425	0.00341	0.00113	0.00563	0.00278	0.00208	0.00637
1	0.00588	0.00429	0.00555	0.00655	0.00698	0.00395	0.00441	0.00677	0.00947	0.01245	0.02914	0.74170	0.11531	0.01487	0.00614	0.00193	0.00277	0.01339	0.00450	0.00395
2	0.01178	0.01017	0.01069	0.00965	0.01234	0.01171	0.00750	0.02493	0.75677	0.01996	0.02100	0.01932	0.04886	0.00682	0.00497	0.00164	0.00378	0.00569	0.00491	0.00751
3	0.76389	0.00950	0.00776	0.03331	0.01046	0.02401	0.00572	0.01491	0.00877	0.07483	0.00767	0.00864	0.00577	0.00462	0.00321	0.00150	0.00395	0.00284	0.00317	0.00546
4	0.00608	0.00534	0.00522	0.00529	0.00682	0.02593	0.00391	0.00727	0.01095	0.01299	0.04584	0.11972	0.70331	0.01235	0.00573	0.00166	0.00266	0.01037	0.00445	0.00412
5	0.01035	0.18213	0.65303	0.01274	0.01931	0.01279	0.01603	0.01518	0.01016	0.01458	0.00832	0.00975	0.00615	0.00451	0.00431	0.00144	0.00678	0.00339	0.00205	0.00698
6	0.01331	0.77639	0.02458	0.00858	0.01261	0.07411	0.00837	0.01485	0.01012	0.01143	0.00679	0.00784	0.00622	0.00420	0.00320	0.00105	0.00543	0.00263	0.00210	0.00618
7	0.00674	0.00503	0.00643	0.00716	0.00815	0.00476	0.00561	0.00850	0.02350	0.01393	0.08234	0.29777	0.20232	0.01337	0.00622	0.00196	0.00333	0.29407	0.00455	0.00427
8	0.01727	0.01491	0.01315	0.01088	0.01409	0.23537	0.00864	0.35871	0.12524	0.09749	0.04649	0.01325	0.01058	0.00589	0.00477	0.00143	0.00583	0.00441	0.00433	0.00727
9	0.00672	0.00531	0.00635	0.03528	0.00815	0.00493	0.00468	0.00912	0.04633	0.01671	0.43969	0.03868	0.33927	0.01051	0.00565	0.00158	0.00257	0.00904	0.00487	0.00455
10	0.00903	0.00452	0.00452	0.00452	0.00565	0.00452	0.00339	0.01129	0.01016	0.01807	0.01581	0.01807	0.01242	0.00565	0.00339	0.00113	0.00226	0.00452	0.85659	0.00452
11	0.00921	0.00873	0.01489	0.79790	0.03317	0.01080	0.03287	0.01246	0.00973	0.01246	0.00864	0.01292	0.00648	0.00483	0.00487	0.00162	0.00650	0.00434	0.00216	0.00541
12	0.01296	0.83261	0.02539	0.00829	0.01244	0.01917	0.00829	0.01451	0.00985	0.01140	0.00674	0.00777	0.00622	0.00415	0.00311	0.00104	0.00518	0.00259	0.00207	0.00622
13	0.00741	0.00512	0.00637	0.00596	0.00736	0.00460	0.00450	0.00943	0.01310	0.06097	0.57983	0.03755	0.21916	0.01024	0.00567	0.00155	0.00243	0.00889	0.00518	0.00466
14	0.00590	0.00422	0.00562	0.00675	0.00703	0.00394	0.00450	0.00675	0.00928	0.01237	0.02671	0.82653	0.03205	0.01518	0.00619	0.00197	0.00281	0.01378	0.00450	0.00394
15	0.00942	0.00932	0.01692	0.01293	0.01603	0.00893	0.36305	0.01261	0.04853	0.03634	0.05834	0.04767	0.27725	0.00782	0.00624	0.00166	0.05034	0.00748	0.00352	0.00559
16	0.00915	0.00861	0.01453	0.81804	0.03338	0.01077	0.01346	0.01238	0.00969	0.01238	0.00861	0.01292	0.00646	0.00484	0.00484	0.00161	0.00646	0.00431	0.00215	0.00538
17	0.01060	0.01060	0.01484	0.01272	0.01272	0.01484	0.01060	0.01166	0.00742	0.01166	0.00636	0.01060	0.00636	0.00848	0.01590	0.00212	0.82082	0.00424	0.00212	0.00530
18	0.06158	0.03957	0.01943	0.01482	0.01834	0.29412	0.30272	0.09446	0.01302	0.03674	0.00897	0.01091	0.00697	0.00490	0.00548	0.00148	0.05310	0.00430	0.00281	0.00628
19	0.00842	0.00421	0.00631	0.00631	0.00631	0.00421	0.00421	0.00631	0.00631	0.00842	0.00842	0.01473	0.00842	0.01684	0.01894	0.85901	0.00421	0.00421	0.00210	0.00210
20	0.01550	0.43245	0.01963	0.01036	0.01370	0.41021	0.00882	0.01690	0.01177	0.01163	0.00711	0.00825	0.00623	0.00457	0.00373	0.00114	0.00694	0.00285	0.00228	0.00592
21	0.00590	0.00424	0.00560	0.00668	0.00701	0.00394	0.00447	0.00676	0.00934	0.01240	0.02752	0.79820	0.05985	0.01508	0.00617	0.00196	0.00280	0.01365	0.00450	0.00394
22	0.00972	0.02507	0.80458	0.01381	0.02097	0.01125	0.01790	0.01535	0.01023	0.01535	0.00870	0.01023	0.00614	0.00460	0.00460	0.00153	0.00716	0.00358	0.00205	0.00716
23	0.04772	0.00516	0.00622	0.00589	0.00721	0.00478	0.00444	0.00898	0.01296	0.01836	0.61934	0.03679	0.18423	0.01009	0.00559	0.00154	0.00239	0.00874	0.00507	0.00451
24	0.02159	0.00849	0.01140	0.00874	0.01249	0.00748	0.00722	0.05832	0.01428	0.76754	0.01878	0.01627	0.01182	0.00599	0.00487	0.00150	0.00418	0.00485	0.00595	0.00825
25	0.00677	0.00490	0.00606	0.00584	0.00675	0.00463	0.00414	0.00833	0.01142	0.01573	0.46827	0.03545	0.13103	0.21224	0.05536	0.00267	0.00350	0.00833	0.00449	0.00410
26	0.01188	0.01232	0.02630	0.01896	0.02356	0.01150	0.69148	0.01566	0.01150	0.06936	0.01125	0.05229	0.00885	0.00475	0.00568	0.00164	0.00764	0.00605	0.00279	0.00653
27	0.01020	0.14455	0.68930	0.01300	0.01971	0.01243	0.01648	0.01522	0.01017	0.01476	0.00841	0.00987	0.00615	0.00454	0.00438	0.00146	0.00687	0.00343	0.00205	0.00702
28	0.01103	0.01219	0.02522	0.13183	0.02518	0.01231	0.59553	0.01469	0.01078	0.01469	0.00929	0.01280	0.00713	0.00464	0.00663	0.00168	0.09038	0.00537	0.00238	0.00625
29	0.00653	0.00692	0.10528	0.00780	0.00901	0.00498	0.00644	0.00809	0.00955	0.01291	0.02438	0.66227	0.02849	0.01372	0.00603	0.00194	0.00349	0.07361	0.00419	0.00438
30	0.01718	0.02149	0.01418	0.05872	0.06981	0.71075	0.00997	0.01865	0.01332	0.01216	0.00766	0.00920	0.00635	0.00494	0.00443	0.00128	0.00841	0.00327	0.00247	0.00575
31	0.00603	0.00473	0.00547	0.00598	0.00705	0.00420	0.00438	0.00720	0.01035	0.01291	0.03806	0.32608	0.43057	0.02912	0.00635	0.00187	0.00283	0.08832	0.00447	0.00405
32	0.01021	0.00912	0.01264	0.45878	0.02345	0.05472	0.01066	0.10694	0.01101	0.01425	0.01014	0.01449	0.00831	0.03482	0.19680	0.00313	0.00795	0.00453	0.00263	0.00543
33	0.01047	0.06297	0.71307	0.01337	0.02016	0.01189	0.01685	0.06797	0.01107	0.01620	0.00880	0.01021	0.00629	0.00467	0.00455	0.00151	0.00694	0.00359	0.00224	0.00719
34	0.86392	0.00937	0.00712	0.00637	0.00937	0.01087	0.00525	0.01425	0.00825	0.02174	0.00675	0.00787	0.00525	0.00450	0.00300	0.00150	0.00375	0.00262	0.00300	0.00525
35	0.00871	0.00809	0.01302	0.64280	0.02791	0.00987	0.01173	0.01156	0.00996	0.01282	0.05713	0.01789	0.09742	0.00614	0.00552	0.00164	0.04480	0.00522	0.00259	0.00519
36	0.01005	0.00861	0.01005	0.00718	0.01148	0.00646	0.00574	0.01220	0.01005	0.01579	0.00861	0.01005	0.00718	0.00359	0.00359	0.00072	0.00359	0.00287	0.00287	0.85932
37	0.01784	0.01329	0.01422	0.01103	0.01481	0.01476	0.00907	0.71426	0.09277	0.02961	0.01237	0.01222	0.00884	0.00589	0.00486	0.00147	0.00520	0.00446	0.00486	0.00819
38	0.00862	0.00581	0.00756	0.00771	0.00903	0.00568	0.00615	0.03966	0.04618	0.06772	0.25204	0.19241	0.04377	0.01163	0.00603	0.00186	0.00345	0.27490	0.00486	0.00492
39	0.00799	0.00521	0.00707	0.00689	0.00762	0.00561	0.00494	0.00907	0.00792	0.06483	0.01428	0.02371	0.01421	0.33765	0.45473	0.00618	0.00921	0.00588	0.00296	0.00406
40	0.02042	0.00863	0.01131	0.00874	0.01234	0.00785	0.00719	0.10785	0.01486	0.66599	0.06818	0.01721	0.01374	0.00623	0.00492	0.00150	0.00414	0.00507	0.00583	0.00801
41	0.04673	0.01166	0.01649	0.01268	0.01642	0.01222	0.21286	0.25449	0.21188	0.10901	0.03532	0.01471	0.01099	0.00563	0.00506	0.00156	0.00543	0.00512	0.00431	0.00743
42	0.01367	0.27199	0.25997	0.01112	0.01591	0.08421	0.01152	0.20024	0.05708	0.01774	0.00930	0.01011	0.00716	0.00490	0.00420	0.00134	0.00606	0.00353	0.00293	0.00702

[dist]
# distance from previous block
# <min> <max>
2	4

[block]
# block no. 2 follows, 52 sequences, length 7
# corresponding to MSA columns:
# 112-118
name=unknown_C
#
# <colnr> <probs for GDERKNQSTAVLIFYWHMCP>
#	G	D	E	R	K	N	Q	S	T	A	V	L	I	F	Y	W	H	M	C	P
0	0.01360	0.00871	0.04246	0.00777	0.01163	0.00663	0.00654	0.01578	0.01171	0.28491	0.08016	0.01584	0.04181	0.00531	0.00433	0.00112	0.00377	0.00436	0.00417	0.42939
1	0.01005	0.00861	0.01005	0.00718	0.01148	0.00646	0.00574	0.01220	0.01005	0.01579	0.00861	0.01005	0.00718	0.00359	0.00359	0.00072	0.00359	0.00287	0.00287	0.85932
2	0.01603	0.00949	0.01429	0.01081	0.01462	0.00870	0.15877	0.04457	0.09970	0.37902	0.05667	0.01594	0.01235	0.00553	0.00490	0.00143	0.00475	0.00500	0.00465	0.13276
3	0.00672	0.00485	0.00636	0.00619	0.00721	0.00448	0.00456	0.00880	0.01309	0.01843	0.68757	0.14839	0.04378	0.01066	0.00578	0.00159	0.00236	0.00948	0.00522	0.00448
4	0.00672	0.00497	0.00633	0.00635	0.00750	0.00458	0.00488	0.00871	0.01254	0.01708	0.49789	0.10667	0.16782	0.01124	0.00590	0.00168	0.00267	0.11704	0.00500	0.00442
5	0.01513	0.23986	0.01668	0.01089	0.01373	0.34394	0.00894	0.07525	0.12303	0.01431	0.00922	0.01020	0.00761	0.00539	0.00527	0.00135	0.08657	0.00351	0.00287	0.00624
6	0.01307	0.68463	0.10137	0.00919	0.01350	0.08505	0.00933	0.01500	0.01021	0.01183	0.00699	0.00810	0.00621	0.00426	0.00336	0.00110	0.00568	0.00273	0.00211	0.00626

[dist]
# distance from previous block
# <min> <max>
14	35

[block]
# block no. 3 follows, 52 sequences, length 21
# corresponding to MSA columns:
# 165-185
name=unknown_D
#
# <colnr> <probs for GDERKNQSTAVLIFYWHMCP>
#	G	D	E	R	K	N	Q	S	T	A	V	L	I	F	Y	W	H	M	C	P
0	0.15173	0.03372	0.00963	0.00814	0.01021	0.03948	0.00641	0.13216	0.03632	0.08567	0.01235	0.01644	0.01066	0.10725	0.31416	0.00422	0.00789	0.00467	0.00340	0.00549
1	0.00703	0.00539	0.00633	0.00647	0.00742	0.02848	0.00476	0.00833	0.01070	0.01406	0.23970	0.14865	0.18872	0.11185	0.06040	0.04591	0.00390	0.09360	0.00423	0.00406
2	0.00705	0.00506	0.00602	0.00607	0.00680	0.00486	0.00414	0.03762	0.01035	0.01383	0.20444	0.19701	0.13420	0.30156	0.01252	0.00277	0.00346	0.03412	0.00415	0.00394
3	0.08941	0.01534	0.01265	0.04150	0.01436	0.29095	0.00855	0.28013	0.09675	0.01985	0.01024	0.01120	0.00790	0.00613	0.00541	0.05639	0.00617	0.00386	0.00357	0.01966
4	0.00747	0.00550	0.00736	0.04816	0.00909	0.00594	0.00554	0.04613	0.00897	0.01220	0.01745	0.15839	0.04305	0.23197	0.32319	0.00489	0.00764	0.04963	0.00325	0.00415
5	0.00663	0.00499	0.00603	0.00619	0.00726	0.00463	0.00459	0.00840	0.02834	0.01493	0.27479	0.16515	0.25307	0.09491	0.00781	0.00203	0.00295	0.09849	0.00461	0.00422
6	0.00699	0.00475	0.00593	0.00598	0.00642	0.00473	0.00397	0.00753	0.00858	0.01160	0.13322	0.08531	0.07675	0.39368	0.11768	0.09053	0.00505	0.02443	0.00342	0.00345
7	0.01616	0.01581	0.01721	0.01346	0.01714	0.24677	0.19049	0.30058	0.05008	0.03661	0.01038	0.01144	0.00777	0.00512	0.00487	0.00142	0.00684	0.00432	0.00355	0.04000
8	0.00686	0.00482	0.00624	0.00671	0.00730	0.00475	0.00485	0.00786	0.00928	0.01234	0.08290	0.22796	0.08408	0.22340	0.09131	0.04527	0.00463	0.16179	0.00385	0.00380
9	0.05256	0.00489	0.00510	0.00496	0.00615	0.00490	0.00368	0.01112	0.00974	0.04486	0.01576	0.01863	0.03519	0.04260	0.00582	0.07865	0.00269	0.00469	0.64363	0.00439
10	0.00711	0.00513	0.00749	0.00749	0.00838	0.00592	0.00582	0.00889	0.00800	0.01186	0.01324	0.01895	0.01214	0.03358	0.73774	0.00719	0.01201	0.00513	0.07957	0.00434
11	0.01673	0.03367	0.06495	0.01227	0.03835	0.33265	0.00988	0.30996	0.08250	0.02001	0.01019	0.01085	0.00777	0.00545	0.00485	0.00140	0.02416	0.00387	0.00355	0.00696
12	0.01067	0.00851	0.00982	0.08453	0.01294	0.00944	0.00723	0.04777	0.41990	0.05448	0.04845	0.16147	0.08728	0.00848	0.00523	0.00168	0.00380	0.00728	0.00462	0.00643
13	0.00638	0.00477	0.00578	0.00594	0.00691	0.00435	0.00427	0.00781	0.01119	0.01486	0.30515	0.21740	0.24870	0.09566	0.00780	0.00201	0.00278	0.03948	0.00463	0.00412
14	0.01390	0.00952	0.01061	0.00890	0.01165	0.01009	0.00706	0.28025	0.18262	0.13160	0.04857	0.04844	0.11750	0.06436	0.00649	0.00179	0.00420	0.03081	0.00484	0.00681
15	0.03515	0.01262	0.01345	0.03814	0.01486	0.03960	0.00876	0.52823	0.12190	0.07588	0.01268	0.01258	0.00910	0.00573	0.00474	0.00144	0.00509	0.00439	0.00462	0.05104
16	0.00639	0.00490	0.00539	0.00539	0.00669	0.00428	0.00390	0.00763	0.01094	0.03022	0.15898	0.11849	0.50972	0.09616	0.00770	0.00196	0.00273	0.00990	0.00450	0.00412
17	0.04337	0.00466	0.00569	0.00629	0.00688	0.00443	0.00426	0.00743	0.00964	0.01333	0.12368	0.51553	0.09660	0.12479	0.00847	0.00223	0.00301	0.01144	0.00433	0.00395
18	0.02731	0.01340	0.02168	0.01668	0.04709	0.09283	0.44375	0.12884	0.06908	0.01763	0.01241	0.01432	0.04790	0.00511	0.00548	0.00157	0.01984	0.00534	0.00309	0.00665
19	0.00886	0.00589	0.00707	0.00709	0.00826	0.00581	0.00503	0.04693	0.09909	0.09057	0.02542	0.42289	0.11053	0.12308	0.00831	0.00220	0.00339	0.01022	0.00450	0.00486
20	0.07964	0.00633	0.00741	0.00698	0.00863	0.00619	0.00517	0.03727	0.06852	0.15465	0.12168	0.26237	0.11467	0.08939	0.00723	0.00198	0.00335	0.00868	0.00464	0.00522

[dist]
# distance from previous block
# <min> <max>
4	8

[block]
# block no. 4 follows, 52 sequences, length 24
# corresponding to MSA columns:
# 197-220
name=unknown_E
#
# <colnr> <probs for GDERKNQSTAVLIFYWHMCP>
#	G	D	E	R	K	N	Q	S	T	A	V	L	I	F	Y	W	H	M	C	P
0	0.01068	0.16597	0.20325	0.09267	0.01586	0.02779	0.03242	0.01403	0.03529	0.05978	0.16403	0.01631	0.02641	0.00580	0.00477	0.00138	0.02200	0.00471	0.00316	0.09369
1	0.02480	0.05258	0.12923	0.49282	0.02573	0.01045	0.02471	0.01272	0.00964	0.02594	0.00924	0.01337	0.00738	0.05082	0.04173	0.00196	0.00647	0.00422	0.00232	0.05386
2	0.00972	0.00975	0.06098	0.50500	0.02559	0.00964	0.01131	0.03480	0.01021	0.01410	0.00871	0.01187	0.00671	0.00449	0.00446	0.00134	0.00562	0.00384	0.00244	0.25945
3	0.00751	0.00580	0.00765	0.03712	0.00940	0.00524	0.03011	0.00929	0.01112	0.03945	0.23192	0.17835	0.21926	0.01203	0.06229	0.00198	0.00375	0.00866	0.00427	0.11482
4	0.01059	0.00780	0.00956	0.08771	0.01218	0.00790	0.00669	0.19534	0.01500	0.05005	0.38258	0.02592	0.08382	0.00794	0.00522	0.00146	0.00362	0.00675	0.00467	0.07522
5	0.01343	0.01045	0.01127	0.00973	0.01261	0.01172	0.00767	0.17737	0.52528	0.06832	0.03943	0.04180	0.03523	0.00688	0.00499	0.00160	0.00405	0.00567	0.00496	0.00753
6	0.01381	0.69873	0.02347	0.00899	0.01286	0.15000	0.00847	0.01531	0.01049	0.01148	0.00686	0.00793	0.00622	0.00429	0.00332	0.00107	0.00577	0.00268	0.00214	0.00612
7	0.01032	0.00888	0.01069	0.00766	0.01197	0.00686	0.02745	0.03404	0.01045	0.01620	0.00873	0.01018	0.00721	0.00367	0.00368	0.00076	0.00377	0.00299	0.00292	0.81158
8	0.00648	0.00476	0.00609	0.00647	0.00727	0.00447	0.00458	0.00834	0.03687	0.01549	0.33451	0.43514	0.08618	0.01261	0.00593	0.00176	0.00261	0.01128	0.00485	0.00432
9	0.35208	0.04536	0.23505	0.01151	0.01613	0.01152	0.15732	0.03572	0.02687	0.05410	0.00884	0.01023	0.00652	0.00458	0.00415	0.00152	0.00566	0.00369	0.00282	0.00633
10	0.01264	0.75273	0.10246	0.00884	0.01328	0.01839	0.00924	0.01459	0.00988	0.01179	0.00693	0.00802	0.00621	0.00419	0.00326	0.00109	0.00538	0.00269	0.00207	0.00631
11	0.00686	0.00495	0.00648	0.00610	0.00724	0.00457	0.00457	0.00914	0.01372	0.01943	0.79691	0.03620	0.04572	0.00991	0.00572	0.00152	0.00229	0.00876	0.00533	0.00457
12	0.00731	0.00538	0.00707	0.00774	0.00880	0.00528	0.00625	0.00977	0.05080	0.01512	0.16318	0.21287	0.08360	0.01273	0.00626	0.00198	0.00356	0.38316	0.00465	0.00451
13	0.12135	0.04280	0.04857	0.07027	0.14768	0.27745	0.02818	0.13962	0.04956	0.01740	0.00906	0.01050	0.00711	0.00495	0.00441	0.00140	0.00648	0.00371	0.00297	0.00652
14	0.00705	0.00470	0.00529	0.00529	0.00529	0.00470	0.00294	0.00705	0.00705	0.00940	0.01527	0.03171	0.01762	0.82969	0.02467	0.00470	0.00470	0.00705	0.00294	0.00294
15	0.00578	0.00491	0.00499	0.00497	0.00658	0.00412	0.00373	0.00707	0.01118	0.01341	0.08708	0.04611	0.75931	0.01215	0.00573	0.00163	0.00245	0.01015	0.00454	0.00412
16	0.01186	0.06447	0.03665	0.34249	0.02420	0.11226	0.15954	0.06971	0.04570	0.01452	0.00913	0.01200	0.00707	0.00507	0.00563	0.00156	0.06520	0.00435	0.00256	0.00603
17	0.01460	0.02963	0.09793	0.01084	0.01412	0.09759	0.00941	0.33842	0.12530	0.04225	0.03506	0.08566	0.01184	0.00680	0.00559	0.00155	0.05701	0.00524	0.00409	0.00705
18	0.00694	0.00513	0.00747	0.00747	0.00823	0.00589	0.00566	0.00845	0.00769	0.01102	0.01327	0.02063	0.01281	0.13626	0.71152	0.00740	0.01194	0.00543	0.00264	0.00415
19	0.01252	0.04536	0.37343	0.01292	0.01769	0.23728	0.06087	0.02863	0.09289	0.01478	0.00978	0.01121	0.00749	0.00653	0.04629	0.00178	0.00754	0.00385	0.00257	0.00658
20	0.01161	0.07761	0.56235	0.01290	0.01904	0.01234	0.03323	0.12947	0.05017	0.03240	0.00976	0.01084	0.00702	0.00486	0.00458	0.00150	0.00656	0.00380	0.00269	0.00729
21	0.01124	0.01047	0.01707	0.35972	0.32446	0.02788	0.05624	0.02597	0.03585	0.03894	0.00949	0.01266	0.00744	0.00485	0.00529	0.00156	0.03740	0.00442	0.00252	0.00654
22	0.00700	0.00508	0.00724	0.00724	0.00795	0.00577	0.00541	0.00842	0.00771	0.01108	0.01348	0.02136	0.01314	0.18277	0.64392	0.00704	0.01117	0.00552	0.02461	0.00407
23	0.38477	0.01138	0.01000	0.00818	0.01160	0.09159	0.00659	0.15627	0.03550	0.02084	0.00858	0.00950	0.00667	0.00463	0.00368	0.00128	0.00451	0.00314	0.00332	0.21797

[dist]
# distance from previous block
# <min> <max>
0	1

[block]
# block no. 5 follows, 52 sequences, length 33
# corresponding to MSA columns:
# 222-254
name=unknown_F
#
# <colnr> <probs for GDERKNQSTAVLIFYWHMCP>
#	G	D	E	R	K	N	Q	S	T	A	V	L	I	F	Y	W	H	M	C	P
0	0.01302	0.04951	0.16377	0.01055	0.01441	0.08610	0.04361	0.20810	0.08326	0.04523	0.07517	0.01580	0.05331	0.00646	0.01826	0.00152	0.00544	0.00478	0.03836	0.06334
1	0.01060	0.01060	0.01484	0.01272	0.01272	0.01484	0.01060	0.01166	0.00742	0.01166	0.00636	0.01060	0.00636	0.00848	0.01590	0.00212	0.82082	0.00424	0.00212	0.00530
2	0.01005	0.00861	0.01005	0.00718	0.01148	0.00646	0.00574	0.01220	0.01005	0.01579	0.00861	0.01005	0.00718	0.00359	0.00359	0.00072	0.00359	0.00287	0.00287	0.85932
3	0.00686	0.00495	0.00648	0.00610	0.00724	0.00457	0.00457	0.00914	0.01372	0.01943	0.79691	0.03620	0.04572	0.00991	0.00572	0.00152	0.00229	0.00876	0.00533	0.00457
4	0.00705	0.00470	0.00529	0.00529	0.00529	0.00470	0.00294	0.00705	0.00705	0.00940	0.01527	0.03171	0.01762	0.82969	0.02467	0.00470	0.00470	0.00705	0.00294	0.00294
5	0.00692	0.00519	0.00779	0.00779	0.00865	0.00606	0.00606	0.00865	0.00779	0.01125	0.01298	0.01904	0.01211	0.03634	0.81049	0.00779	0.01298	0.00519	0.00260	0.00433
6	0.01137	0.01293	0.02815	0.04551	0.02558	0.01221	0.75770	0.01542	0.01138	0.01542	0.00977	0.01307	0.00732	0.00411	0.00569	0.00163	0.00812	0.00567	0.00244	0.00650
7	0.86392	0.00937	0.00712	0.00637	0.00937	0.01087	0.00525	0.01425	0.00825	0.02174	0.00675	0.00787	0.00525	0.00450	0.00300	0.00150	0.00375	0.00262	0.00300	0.00525
8	0.01451	0.01163	0.01234	0.01036	0.01354	0.01320	0.00827	0.31823	0.49423	0.02424	0.01660	0.01559	0.01226	0.00628	0.00490	0.00157	0.00441	0.00505	0.00490	0.00789
9	0.00694	0.00512	0.00742	0.00742	0.00816	0.00586	0.00560	0.00842	0.00768	0.01098	0.01331	0.02088	0.01292	0.15194	0.69599	0.00734	0.01177	0.00546	0.00265	0.00412
10	0.01920	0.01150	0.01312	0.01020	0.01384	0.02755	0.00839	0.42246	0.04992	0.32637	0.01461	0.01368	0.00986	0.00598	0.00518	0.00149	0.02884	0.00458	0.00517	0.00808
11	0.01140	0.01297	0.02804	0.02011	0.02481	0.01236	0.75053	0.01537	0.01127	0.01537	0.00966	0.01297	0.00731	0.00426	0.00613	0.00165	0.04118	0.00566	0.00244	0.00649
12	0.01953	0.00776	0.01054	0.00825	0.01161	0.00674	0.00674	0.02147	0.01385	0.68643	0.13468	0.01942	0.01701	0.00658	0.00500	0.00150	0.00385	0.00545	0.00590	0.00770
13	0.00596	0.00428	0.00567	0.00677	0.00711	0.00399	0.00458	0.00686	0.00938	0.01246	0.02722	0.78333	0.05043	0.01506	0.00619	0.00197	0.00285	0.03743	0.00450	0.00396
14	0.01820	0.02014	0.01398	0.01207	0.01500	0.56318	0.00932	0.25670	0.01655	0.01766	0.00878	0.00964	0.00686	0.00525	0.00452	0.00131	0.00768	0.00351	0.00323	0.00643
15	0.01296	0.83261	0.02539	0.00829	0.01244	0.01917	0.00829	0.01451	0.00985	0.01140	0.00674	0.00777	0.00622	0.00415	0.00311	0.00104	0.00518	0.00259	0.00207	0.00622
16	0.02174	0.00825	0.01125	0.00862	0.01237	0.00712	0.00712	0.02362	0.01387	0.80282	0.01912	0.01649	0.01200	0.00600	0.00487	0.00150	0.00412	0.00487	0.00600	0.00825
17	0.01199	0.01151	0.01967	0.02974	0.79946	0.01151	0.01487	0.01487	0.01103	0.01583	0.00912	0.01199	0.00768	0.00432	0.00480	0.00144	0.00576	0.00432	0.00240	0.00768
18	0.01157	0.01291	0.02184	0.26922	0.02613	0.11605	0.41743	0.01492	0.01107	0.01395	0.00903	0.01239	0.00690	0.00457	0.00557	0.00159	0.03159	0.00489	0.00235	0.00602
19	0.00972	0.02507	0.80458	0.01381	0.02097	0.01125	0.01790	0.01535	0.01023	0.01535	0.00870	0.01023	0.00614	0.00460	0.00460	0.00153	0.00716	0.00358	0.00205	0.00716
20	0.00590	0.00422	0.00562	0.00675	0.00703	0.00394	0.00450	0.00675	0.00928	0.01237	0.02671	0.82653	0.03205	0.01518	0.00619	0.00197	0.00281	0.01378	0.00450	0.00394
21	0.00979	0.00918	0.01553	0.61708	0.20951	0.01078	0.01357	0.01281	0.00992	0.01308	0.00872	0.01275	0.00679	0.00501	0.00517	0.02172	0.00624	0.00431	0.00221	0.00584
22	0.00705	0.00470	0.00529	0.00529	0.00529	0.00470	0.00294	0.00705	0.00705	0.00940	0.01527	0.03171	0.01762	0.82969	0.02467	0.00470	0.00470	0.00705	0.00294	0.00294
23	0.00590	0.00422	0.00562	0.00675	0.00703	0.00394	0.00450	0.00675	0.00928	0.01237	0.02671	0.82653	0.03205	0.01518	0.00619	0.00197	0.00281	0.01378	0.00450	0.00394
24	0.00692	0.00462	0.00590	0.00653	0.00730	0.00419	0.00453	0.00796	0.01006	0.06296	0.06286	0.61027	0.16005	0.01389	0.00601	0.00186	0.00281	0.01240	0.00463	0.00426
25	0.00671	0.00493	0.00628	0.00598	0.00716	0.00450	0.00447	0.00884	0.01330	0.01854	0.69307	0.05722	0.13032	0.01031	0.00573	0.00155	0.00232	0.00906	0.00522	0.00450
26	0.00692	0.00519	0.00779	0.00779	0.00865	0.00606	0.00606	0.00865	0.00779	0.01125	0.01298	0.01904	0.01211	0.03634	0.81049	0.00779	0.01298	0.00519	0.00260	0.00433
27	0.00593	0.00426	0.00562	0.00667	0.00702	0.00396	0.00447	0.00682	0.00947	0.01260	0.04985	0.77765	0.05787	0.01493	0.00616	0.00194	0.00278	0.01351	0.00452	0.00396
28	0.01063	0.01067	0.01524	0.01295	0.01309	0.01477	0.03292	0.01177	0.00754	0.01177	0.00646	0.01067	0.00639	0.00835	0.01561	0.00211	0.79731	0.00428	0.00213	0.00534
29	0.01416	0.07792	0.01793	0.01986	0.38438	0.05834	0.04708	0.24330	0.01456	0.01972	0.00994	0.01171	0.00786	0.00484	0.00463	0.00139	0.00569	0.00420	0.04507	0.00740
30	0.01243	0.49588	0.26544	0.01006	0.01512	0.01566	0.01117	0.03678	0.01052	0.05022	0.00812	0.00912	0.00655	0.00440	0.00372	0.00121	0.00570	0.00306	0.00235	0.03248
31	0.01294	0.20383	0.29724	0.01130	0.02993	0.05712	0.01171	0.14387	0.04465	0.04300	0.00947	0.01037	0.00720	0.00474	0.00421	0.00131	0.00586	0.00352	0.00288	0.09485
32	0.01745	0.01067	0.01257	0.01057	0.03590	0.04747	0.00833	0.17517	0.14080	0.35212	0.02961	0.01494	0.01125	0.00633	0.00618	0.00157	0.10185	0.00477	0.00485	0.00760

[dist]
# distance from previous block
# <min> <max>
0	11

[block]
# block no. 6 follows, 52 sequences, length 44
# corresponding to MSA columns:
# 266-287,289-310
name=unknown_G
#
# <colnr> <probs for GDERKNQSTAVLIFYWHMCP>
#	G	D	E	R	K	N	Q	S	T	A	V	L	I	F	Y	W	H	M	C	P
0	0.01170	0.01218	0.06689	0.01341	0.01737	0.04525	0.30009	0.09233	0.11362	0.02910	0.09523	0.01627	0.03554	0.00547	0.00510	0.00145	0.00581	0.00535	0.00346	0.12438
1	0.01238	0.52519	0.26053	0.01026	0.01522	0.06020	0.01128	0.03219	0.01047	0.01305	0.00748	0.00866	0.00624	0.00437	0.00367	0.00121	0.00598	0.00296	0.00215	0.00652
2	0.01137	0.00816	0.00890	0.00792	0.01016	0.03035	0.00615	0.04422	0.30456	0.11379	0.22328	0.02507	0.10322	0.00782	0.00507	0.00154	0.00339	0.00657	0.07220	0.00628
3	0.01127	0.33333	0.11842	0.00963	0.01342	0.03043	0.08657	0.01400	0.03408	0.06498	0.10013	0.01859	0.13374	0.00629	0.00445	0.00136	0.00498	0.00513	0.00318	0.00603
4	0.01403	0.03734	0.02862	0.02557	0.06543	0.24095	0.18362	0.11235	0.06560	0.04386	0.01206	0.08631	0.01046	0.00603	0.00499	0.00149	0.00658	0.02237	0.00327	0.02907
5	0.00733	0.00456	0.00554	0.00559	0.00560	0.00455	0.00330	0.00686	0.00696	0.00927	0.01406	0.05796	0.01596	0.60365	0.02259	0.20950	0.00451	0.00662	0.00280	0.00277
6	0.00903	0.00452	0.00452	0.00452	0.00565	0.00452	0.00339	0.01129	0.01016	0.01807	0.01581	0.01807	0.01242	0.00565	0.00339	0.00113	0.00226	0.00452	0.85659	0.00452
7	0.00952	0.00881	0.01454	0.78630	0.03265	0.01093	0.01329	0.04271	0.01021	0.01310	0.00873	0.01287	0.00653	0.00488	0.00485	0.00161	0.00642	0.00431	0.00226	0.00550
8	0.05583	0.10842	0.14226	0.04225	0.01570	0.20430	0.06165	0.05406	0.18080	0.01602	0.01265	0.01333	0.04386	0.00547	0.00449	0.00143	0.00607	0.00425	0.02073	0.00645
9	0.01228	0.00988	0.01057	0.00938	0.01205	0.01119	0.00733	0.07366	0.62134	0.04818	0.06796	0.01912	0.02675	0.00675	0.00492	0.00160	0.00376	0.00561	0.04032	0.00736
10	0.00590	0.00422	0.00562	0.00675	0.00703	0.00394	0.00450	0.00675	0.00928	0.01237	0.02671	0.82653	0.03205	0.01518	0.00619	0.00197	0.00281	0.01378	0.00450	0.00394
11	0.11567	0.01110	0.01196	0.00993	0.03465	0.04169	0.00782	0.30534	0.09269	0.22700	0.01363	0.01320	0.00956	0.00561	0.00451	0.00144	0.00462	0.00430	0.04094	0.04434
12	0.01545	0.34365	0.01822	0.01052	0.01356	0.38151	0.00883	0.04407	0.01203	0.02832	0.00769	0.00894	0.00657	0.00494	0.00461	0.00123	0.05906	0.00309	0.02175	0.00596
13	0.01180	0.01024	0.04609	0.10452	0.01526	0.04147	0.03730	0.07462	0.02908	0.08454	0.03803	0.03654	0.00977	0.00487	0.00429	0.00113	0.00459	0.00407	0.00333	0.43847
14	0.01269	0.16789	0.31975	0.01261	0.01768	0.05918	0.10143	0.17297	0.02985	0.01757	0.00987	0.03914	0.00783	0.00515	0.00456	0.00144	0.00641	0.00418	0.00285	0.00695
15	0.00684	0.00500	0.00644	0.00621	0.00731	0.00466	0.00460	0.00919	0.03028	0.01852	0.67665	0.11609	0.06904	0.01045	0.00575	0.00158	0.00238	0.00925	0.00521	0.00456
16	0.00601	0.00490	0.00531	0.00526	0.00673	0.00420	0.00392	0.00747	0.01163	0.01459	0.22798	0.07121	0.59030	0.01181	0.00574	0.00162	0.00243	0.01000	0.00470	0.00420
17	0.01112	0.14647	0.15437	0.24786	0.02212	0.10980	0.14522	0.01428	0.01081	0.01349	0.03756	0.01344	0.04278	0.00508	0.00469	0.00146	0.00663	0.00442	0.00243	0.00597
18	0.00695	0.00508	0.00724	0.00724	0.00791	0.00576	0.00537	0.00830	0.00762	0.01084	0.01348	0.02183	0.01333	0.21124	0.63725	0.00711	0.01115	0.00560	0.00267	0.00402
19	0.00605	0.00498	0.00534	0.00529	0.00680	0.00431	0.00395	0.00767	0.02468	0.01437	0.18783	0.07656	0.61157	0.01185	0.00573	0.00163	0.00246	0.01002	0.00466	0.00424
20	0.01810	0.02310	0.01373	0.01248	0.01498	0.81024	0.00936	0.01935	0.01373	0.01186	0.00749	0.00874	0.00624	0.00499	0.00437	0.00125	0.00874	0.00312	0.00250	0.00562
21	0.01246	0.01107	0.01399	0.13831	0.01750	0.05218	0.10806	0.12223	0.34777	0.03797	0.02814	0.01723	0.05881	0.00618	0.00504	0.00159	0.00516	0.00538	0.00405	0.00689
22	0.01332	0.01515	0.01423	0.17769	0.01785	0.32958	0.01061	0.01527	0.03336	0.01214	0.00766	0.01056	0.00658	0.00630	0.00874	0.00166	0.30759	0.00385	0.00236	0.00551
23	0.01062	0.00738	0.00860	0.00819	0.00994	0.00786	0.00634	0.01666	0.30405	0.09569	0.04922	0.05725	0.01956	0.16523	0.00908	0.00232	0.00401	0.17208	0.04018	0.00575
24	0.00599	0.00429	0.00556	0.00654	0.00686	0.00401	0.00433	0.00678	0.00916	0.01215	0.02670	0.72426	0.06412	0.08508	0.00775	0.00219	0.00296	0.01304	0.00436	0.00386
25	0.00701	0.00470	0.00540	0.00550	0.00556	0.00469	0.00321	0.00714	0.00732	0.00975	0.01629	0.07684	0.01881	0.75384	0.02296	0.00445	0.00458	0.03580	0.00308	0.00305
26	0.00842	0.00421	0.00631	0.00631	0.00631	0.00421	0.00421	0.00631	0.00631	0.00842	0.00842	0.01473	0.00842	0.01684	0.01894	0.85901	0.00421	0.00421	0.00210	0.00210
27	0.44561	0.00868	0.00890	0.00733	0.01062	0.00889	0.00603	0.01820	0.01092	0.37632	0.01413	0.01340	0.04119	0.00550	0.00396	0.00151	0.00387	0.00396	0.00442	0.00656
28	0.00894	0.00454	0.00460	0.00459	0.00572	0.00452	0.00344	0.01120	0.01032	0.01813	0.05029	0.01887	0.01389	0.00583	0.00349	0.00115	0.00226	0.00470	0.81902	0.00452
29	0.05403	0.20256	0.02827	0.01074	0.01417	0.28903	0.00895	0.27228	0.04459	0.01877	0.00914	0.00982	0.00718	0.00511	0.00421	0.00130	0.00637	0.00349	0.00329	0.00671
30	0.00882	0.00613	0.00813	0.00726	0.00901	0.00581	0.03892	0.01204	0.08549	0.09267	0.47504	0.04598	0.13989	0.00950	0.00561	0.00158	0.00297	0.03485	0.00508	0.00522
31	0.01479	0.06707	0.04520	0.01525	0.16216	0.11573	0.08962	0.21714	0.06898	0.07317	0.04347	0.01294	0.00978	0.00544	0.00522	0.00146	0.03741	0.00448	0.00356	0.00715
32	0.01776	0.01346	0.01415	0.01105	0.01478	0.03286	0.00905	0.68753	0.10200	0.02905	0.01238	0.01224	0.00887	0.00588	0.00485	0.00147	0.00526	0.00445	0.00480	0.00812
33	0.41718	0.04922	0.05462	0.00810	0.01151	0.01098	0.00707	0.08001	0.03182	0.03740	0.00827	0.00947	0.00651	0.00482	0.00449	0.00137	0.06836	0.00313	0.00309	0.18259
34	0.00986	0.05884	0.77199	0.01358	0.02062	0.01159	0.01750	0.01531	0.01022	0.01518	0.00861	0.01013	0.00614	0.00458	0.00454	0.00151	0.00708	0.00354	0.00205	0.00712
35	0.86392	0.00937	0.00712	0.00637	0.00937	0.01087	0.00525	0.01425	0.00825	0.02174	0.00675	0.00787	0.00525	0.00450	0.00300	0.00150	0.00375	0.00262	0.00300	0.00525
36	0.00777	0.00672	0.04224	0.10632	0.06068	0.00699	0.00779	0.00952	0.00817	0.01155	0.01158	0.01707	0.01054	0.02730	0.55076	0.09249	0.01062	0.00487	0.00246	0.00455
37	0.01069	0.00969	0.01634	0.49125	0.32079	0.01091	0.01375	0.01374	0.01035	0.04320	0.00919	0.01271	0.00712	0.00469	0.00483	0.00154	0.00611	0.00433	0.00239	0.00635
38	0.00817	0.00571	0.00721	0.00666	0.00807	0.00551	0.00504	0.03153	0.07306	0.05359	0.65067	0.06636	0.04033	0.00959	0.00562	0.00155	0.00259	0.00844	0.00528	0.00504
39	0.01660	0.00993	0.01240	0.01004	0.01327	0.01012	0.04159	0.30523	0.05089	0.27805	0.04832	0.03938	0.01468	0.00733	0.00524	0.00161	0.00469	0.11822	0.00508	0.00734
40	0.01148	0.01614	0.20923	0.01576	0.01976	0.08479	0.30964	0.01560	0.05854	0.01458	0.00918	0.01176	0.00720	0.00542	0.00754	0.00168	0.18822	0.00463	0.00244	0.00640
41	0.01694	0.00961	0.01152	0.00946	0.01255	0.00990	0.00766	0.21946	0.14867	0.34333	0.01786	0.08664	0.01376	0.00723	0.00537	0.00160	0.02695	0.03875	0.00521	0.00753
42	0.00634	0.00476	0.00589	0.00630	0.00713	0.00447	0.00444	0.00795	0.03334	0.01406	0.19176	0.40249	0.19549	0.04821	0.04223	0.00217	0.00318	0.01107	0.00454	0.00419
43	0.08665	0.01246	0.01553	0.23746	0.32125	0.14348	0.01214	0.04246	0.05471	0.01552	0.00918	0.01167	0.00731	0.00477	0.00459	0.00147	0.00614	0.00404	0.00263	0.00652

[dist]
# distance from previous block
# <min> <max>
2	4

[block]
# block no. 7 follows, 52 sequences, length 130
# corresponding to MSA columns:
# 315-444
name=unknown_H
#
# <colnr> <probs for GDERKNQSTAVLIFYWHMCP>
#	G	D	E	R	K	N	Q	S	T	A	V	L	I	F	Y	W	H	M	C	P
0	0.07314	0.01092	0.01206	0.14842	0.01613	0.06613	0.00881	0.19565	0.21418	0.05204	0.04560	0.01481	0.01122	0.00832	0.06700	0.00204	0.03828	0.00470	0.00390	0.00664
1	0.00754	0.00562	0.00817	0.02722	0.00918	0.00658	0.00617	0.00907	0.00786	0.02833	0.01286	0.01981	0.01227	0.12715	0.63066	0.00678	0.06239	0.00532	0.00267	0.00433
2	0.01005	0.00861	0.01005	0.00718	0.01148	0.00646	0.00574	0.01220	0.01005	0.01579	0.00861	0.01005	0.00718	0.00359	0.00359	0.00072	0.00359	0.00287	0.00287	0.85932
3	0.00765	0.00520	0.00611	0.00612	0.00669	0.00520	0.00395	0.00915	0.06735	0.03972	0.06354	0.17897	0.06198	0.47497	0.03970	0.00360	0.00425	0.00832	0.00369	0.00386
4	0.00629	0.00452	0.00604	0.00713	0.00763	0.00428	0.00515	0.00743	0.00972	0.01283	0.02729	0.64123	0.05835	0.01471	0.00627	0.00201	0.00314	0.16744	0.00449	0.00405
5	0.05422	0.00710	0.00893	0.00744	0.01004	0.00659	0.00596	0.05336	0.01318	0.40529	0.17303	0.06141	0.01957	0.00724	0.00483	0.00148	0.00346	0.01929	0.13105	0.00654
6	0.00678	0.00508	0.00636	0.00652	0.00760	0.00479	0.00487	0.00908	0.04834	0.01627	0.38054	0.23314	0.15642	0.01175	0.00589	0.00172	0.00272	0.08275	0.00490	0.00448
7	0.00605	0.00483	0.00542	0.00547	0.00680	0.00420	0.00403	0.00751	0.01152	0.01468	0.24460	0.14954	0.49419	0.01204	0.00579	0.00165	0.00246	0.01032	0.00472	0.00420
8	0.05962	0.00638	0.00772	0.00674	0.00869	0.00615	0.00526	0.05619	0.02706	0.17816	0.42226	0.02625	0.02907	0.00790	0.00499	0.00146	0.00293	0.00670	0.13088	0.00560
9	0.00624	0.00460	0.00631	0.00699	0.00758	0.00432	0.01982	0.00743	0.00999	0.01343	0.12543	0.62435	0.05973	0.01470	0.02879	0.00207	0.00320	0.04641	0.00451	0.00411
10	0.01046	0.00996	0.01684	0.44520	0.37634	0.01120	0.01402	0.01348	0.01024	0.01391	0.00878	0.01245	0.00700	0.00470	0.00509	0.00155	0.02579	0.00431	0.00226	0.00641
11	0.01317	0.37531	0.32071	0.01060	0.01578	0.04371	0.01184	0.01632	0.01072	0.12687	0.00930	0.01000	0.00702	0.00462	0.00398	0.00130	0.00592	0.00332	0.00264	0.00685
12	0.09073	0.01699	0.01347	0.01174	0.01382	0.40904	0.00925	0.10924	0.01267	0.03780	0.00796	0.00973	0.00659	0.00601	0.00739	0.00153	0.22375	0.00358	0.00283	0.00589
13	0.00998	0.00937	0.01561	0.61698	0.19206	0.01111	0.01359	0.02968	0.01020	0.01348	0.00873	0.01264	0.00675	0.00484	0.00510	0.00159	0.02579	0.00431	0.00226	0.00592
14	0.00781	0.00558	0.00781	0.00892	0.01004	0.00558	0.00781	0.01004	0.01116	0.01450	0.02566	0.05466	0.02789	0.01339	0.00669	0.00223	0.00446	0.76685	0.00446	0.00446
15	0.01087	0.00921	0.00994	0.00907	0.01147	0.01039	0.00705	0.02196	0.61604	0.01965	0.13616	0.02323	0.05180	0.00754	0.00514	0.00165	0.00357	0.03335	0.00496	0.00695
16	0.00621	0.00494	0.00559	0.00554	0.00695	0.00432	0.00419	0.00782	0.01189	0.01525	0.29723	0.06582	0.48884	0.01162	0.00578	0.00164	0.00250	0.04483	0.00478	0.00426
17	0.00695	0.00503	0.00661	0.00643	0.00758	0.00469	0.00497	0.00920	0.01331	0.01861	0.67578	0.03889	0.06460	0.01043	0.00584	0.00162	0.00257	0.10715	0.00520	0.00454
18	0.67224	0.00927	0.00816	0.00696	0.01013	0.01025	0.00574	0.03876	0.00979	0.17667	0.00934	0.00969	0.00667	0.00483	0.00342	0.00150	0.00387	0.00312	0.00365	0.00593
19	0.00935	0.00882	0.01489	0.76295	0.08692	0.01082	0.01356	0.01256	0.00978	0.01262	0.00865	0.01286	0.00654	0.00481	0.00484	0.00160	0.00641	0.00431	0.00217	0.00554
20	0.00880	0.00649	0.00792	0.00828	0.00943	0.02187	0.00658	0.10810	0.01171	0.01533	0.02247	0.23852	0.02471	0.11473	0.00853	0.00236	0.00427	0.37095	0.00429	0.00465
21	0.00950	0.02354	0.74414	0.01323	0.01993	0.01075	0.01690	0.01488	0.01050	0.01566	0.06839	0.01220	0.00914	0.00501	0.00469	0.00153	0.00679	0.00397	0.00230	0.00697
22	0.86392	0.00937	0.00712	0.00637	0.00937	0.01087	0.00525	0.01425	0.00825	0.02174	0.00675	0.00787	0.00525	0.00450	0.00300	0.00150	0.00375	0.00262	0.00300	0.00525
23	0.01274	0.16371	0.01307	0.00856	0.01134	0.03888	0.00704	0.05789	0.10941	0.14137	0.01449	0.05349	0.04173	0.06510	0.05941	0.00201	0.06238	0.00490	0.00365	0.12884
24	0.01015	0.00656	0.00724	0.00622	0.00843	0.00619	0.00486	0.06354	0.05571	0.03745	0.08219	0.01817	0.01430	0.00579	0.00393	0.00115	0.00296	0.02249	0.43860	0.20406
25	0.03404	0.12887	0.08977	0.01082	0.01457	0.09145	0.04535	0.25493	0.15580	0.03711	0.01211	0.02456	0.00954	0.02049	0.00491	0.00148	0.00549	0.01767	0.00373	0.03731
26	0.01414	0.00899	0.01072	0.00803	0.01185	0.00778	0.00645	0.12922	0.01284	0.22313	0.02445	0.01350	0.00974	0.04770	0.00524	0.00125	0.00402	0.00392	0.00402	0.45299
27	0.06531	0.10643	0.23462	0.02562	0.01606	0.03163	0.06009	0.15422	0.10487	0.06607	0.02832	0.02816	0.00944	0.00620	0.02340	0.00164	0.02330	0.00435	0.00336	0.00693
28	0.02749	0.12751	0.35701	0.01202	0.01681	0.01125	0.10896	0.01514	0.08786	0.03419	0.03600	0.10409	0.02856	0.00621	0.00478	0.00154	0.00581	0.00535	0.00293	0.00649
29	0.00612	0.00435	0.00575	0.00672	0.00707	0.00410	0.00456	0.00706	0.00948	0.01268	0.07006	0.69392	0.03171	0.06724	0.00737	0.00213	0.00298	0.04831	0.00444	0.00393
30	0.00663	0.00525	0.00682	0.00727	0.02121	0.00488	0.02742	0.00844	0.03646	0.01381	0.09007	0.35526	0.27533	0.01284	0.00599	0.00183	0.00311	0.10853	0.00448	0.00436
31	0.03009	0.01202	0.01818	0.20033	0.02182	0.06080	0.25131	0.18512	0.04332	0.04470	0.01075	0.03547	0.00833	0.00535	0.00552	0.00158	0.03907	0.00496	0.00319	0.01807
32	0.00918	0.00865	0.01454	0.80350	0.03300	0.01084	0.01341	0.01237	0.00965	0.01237	0.00857	0.01288	0.00646	0.00491	0.00504	0.00162	0.02117	0.00431	0.00215	0.00538
33	0.00630	0.00450	0.00608	0.00720	0.00766	0.00428	0.00519	0.00744	0.00967	0.01282	0.02649	0.66454	0.03118	0.01481	0.00629	0.00202	0.00316	0.17182	0.00449	0.00405
34	0.03572	0.04404	0.03423	0.23429	0.03651	0.05170	0.36542	0.05102	0.02634	0.01525	0.01024	0.01461	0.00820	0.00498	0.00520	0.00160	0.00702	0.04486	0.00263	0.00615
35	0.05133	0.01087	0.04960	0.12725	0.03914	0.01121	0.02601	0.11691	0.32515	0.16745	0.01539	0.01513	0.01105	0.00582	0.00481	0.00157	0.00476	0.00481	0.00437	0.00737
36	0.00642	0.00490	0.00585	0.00569	0.00694	0.00438	0.00422	0.00821	0.01241	0.01662	0.47799	0.07679	0.31061	0.02996	0.00618	0.00166	0.00243	0.00948	0.00494	0.00433
37	0.00693	0.00541	0.00635	0.00608	0.00752	0.00505	0.00462	0.00980	0.07686	0.01721	0.45750	0.03876	0.29792	0.01053	0.00568	0.00159	0.00253	0.03000	0.00499	0.00466
38	0.01518	0.12287	0.11388	0.05131	0.03375	0.17833	0.03847	0.21214	0.10412	0.06755	0.01090	0.01153	0.00816	0.00523	0.00453	0.00141	0.00617	0.00398	0.00346	0.00702
39	0.01346	0.24965	0.25486	0.05483	0.01669	0.05669	0.02139	0.08722	0.01170	0.11343	0.00948	0.01057	0.00714	0.00508	0.00511	0.00142	0.06800	0.00362	0.00285	0.00680
40	0.01569	0.01916	0.01221	0.01123	0.01329	0.63547	0.00835	0.01688	0.01237	0.01155	0.00890	0.01216	0.00803	0.08602	0.10592	0.00238	0.00889	0.00374	0.00255	0.00521
41	0.01000	0.09308	0.68728	0.01368	0.04747	0.01175	0.01659	0.01508	0.01033	0.01514	0.03108	0.01083	0.00733	0.00471	0.00451	0.00149	0.00680	0.00367	0.00216	0.00703
42	0.02755	0.00704	0.00794	0.05980	0.01035	0.02525	0.00569	0.08990	0.01283	0.04860	0.21982	0.04612	0.31470	0.00927	0.00529	0.00151	0.00336	0.02243	0.00443	0.07812
43	0.04146	0.01265	0.01090	0.00975	0.01124	0.27796	0.00742	0.07573	0.01092	0.04604	0.00912	0.01246	0.00796	0.03282	0.03342	0.22306	0.12645	0.00396	0.04186	0.00481
44	0.00590	0.00422	0.00562	0.00675	0.00703	0.00394	0.00450	0.00675	0.00928	0.01237	0.02671	0.82653	0.03205	0.01518	0.00619	0.00197	0.00281	0.01378	0.00450	0.00394
45	0.01271	0.05616	0.01052	0.03195	0.01134	0.08677	0.00667	0.16247	0.04203	0.13467	0.16486	0.02559	0.21829	0.00807	0.00509	0.00149	0.00416	0.00656	0.00455	0.00603
46	0.01489	0.01134	0.02053	0.02508	0.01956	0.01087	0.41239	0.08713	0.07184	0.23903	0.01363	0.02898	0.00974	0.00518	0.00534	0.00159	0.00633	0.00547	0.00389	0.00720
47	0.02014	0.00964	0.07643	0.00904	0.01299	0.00758	0.00798	0.02273	0.03959	0.69662	0.03336	0.01641	0.01226	0.00598	0.00487	0.00151	0.00433	0.00486	0.00562	0.00807
48	0.00915	0.00861	0.01453	0.81804	0.03338	0.01077	0.01346	0.01238	0.00969	0.01238	0.00861	0.01292	0.00646	0.00484	0.00484	0.00161	0.00646	0.00431	0.00215	0.00538
49	0.01664	0.01064	0.01704	0.05652	0.01749	0.02908	0.22810	0.07730	0.01296	0.37660	0.01373	0.01416	0.00937	0.00561	0.00625	0.00160	0.09055	0.00494	0.00421	0.00724
50	0.01194	0.51283	0.31642	0.01036	0.01563	0.01595	0.01186	0.01502	0.01008	0.03001	0.00774	0.00888	0.00631	0.00436	0.00371	0.00123	0.00590	0.00301	0.00215	0.00662
