[name]
unknown

[dist]
# distance from previous block
# <min> <max>
0	86

[block]
# block no. 0 follows, 52 sequences, length 36
# corresponding to MSA columns:
# 87-122
name=unknown_A
#
# <colnr> <probs for GDERKNQSTAVLIFYWHMCP>
#	G	D	E	R	K	N	Q	S	T	A	V	L	I	F	Y	W	H	M	C	P
0	0.04254	0.06755	0.20011	0.02769	0.29992	0.01098	0.04343	0.02889	0.01087	0.03710	0.02559	0.01601	0.02182	0.00559	0.00511	0.00151	0.03138	0.07291	0.00275	0.04826
1	0.22059	0.07097	0.03670	0.05244	0.08006	0.30033	0.00912	0.05399	0.01174	0.06867	0.00841	0.00975	0.00662	0.00502	0.00466	0.00141	0.04720	0.00337	0.00288	0.00606
2	0.03915	0.16463	0.01597	0.03698	0.04753	0.51751	0.00940	0.08836	0.01349	0.01394	0.00782	0.00908	0.00646	0.00487	0.00419	0.00126	0.00747	0.00321	0.00264	0.00603
3	0.02743	0.02800	0.00688	0.00622	0.00758	0.00576	0.00469	0.01082	0.08523	0.01735	0.36789	0.09623	0.11587	0.02883	0.03036	0.00177	0.00299	0.00788	0.14344	0.00477
4	0.00593	0.00429	0.00555	0.00654	0.00693	0.00398	0.00437	0.00678	0.00936	0.01233	0.02828	0.73125	0.09865	0.04253	0.00677	0.00203	0.00284	0.01324	0.00445	0.00392
5	0.00899	0.00950	0.09223	0.00996	0.06316	0.02306	0.04517	0.04128	0.14116	0.01653	0.14485	0.05402	0.24802	0.00885	0.00550	0.00162	0.01395	0.04687	0.01963	0.00565
6	0.00705	0.00505	0.00710	0.00710	0.00779	0.00569	0.00526	0.00844	0.00775	0.01119	0.01361	0.02169	0.01330	0.20381	0.60389	0.00681	0.01070	0.00555	0.04419	0.00404
7	0.01075	0.03730	0.25419	0.15487	0.37149	0.01147	0.01496	0.01440	0.01039	0.01490	0.00890	0.01160	0.00704	0.00466	0.00505	0.00150	0.03382	0.00405	0.02172	0.00695
8	0.86392	0.00937	0.00712	0.00637	0.00937	0.01087	0.00525	0.01425	0.00825	0.02174	0.00675	0.00787	0.00525	0.00450	0.00300	0.00150	0.00375	0.00262	0.00300	0.00525
9	0.01585	0.01140	0.01238	0.00981	0.01283	0.01272	0.00803	0.56304	0.01900	0.02655	0.01219	0.01297	0.00903	0.00596	0.00527	0.00143	0.05940	0.00439	0.19053	0.00723
10	0.01741	0.02079	0.01427	0.06665	0.01650	0.66426	0.03801	0.04880	0.01374	0.04408	0.00827	0.00960	0.00660	0.00502	0.00449	0.00131	0.00825	0.00341	0.00270	0.00584
11	0.03305	0.00569	0.00712	0.00688	0.00757	0.00623	0.00485	0.06004	0.00850	0.01202	0.01400	0.05157	0.01461	0.38288	0.32827	0.02254	0.02111	0.00614	0.00296	0.00396
12	0.00651	0.00453	0.00573	0.00645	0.00672	0.00438	0.00429	0.00720	0.00868	0.01153	0.02251	0.46197	0.02646	0.30585	0.01284	0.00297	0.00366	0.09014	0.00394	0.00363
13	0.01011	0.00959	0.01626	0.55272	0.29122	0.01102	0.01393	0.01322	0.01014	0.01354	0.00878	0.01261	0.00687	0.00467	0.00483	0.00156	0.00622	0.00431	0.00224	0.00615
14	0.00994	0.01049	0.02143	0.01607	0.01959	0.01024	0.51249	0.01318	0.01042	0.01424	0.01285	0.01730	0.04750	0.01266	0.20003	0.00315	0.03183	0.02819	0.00264	0.00579
15	0.00915	0.00861	0.01453	0.81804	0.03338	0.01077	0.01346	0.01238	0.00969	0.01238	0.00861	0.01292	0.00646	0.00484	0.00484	0.00161	0.00646	0.00431	0.00215	0.00538
16	0.00589	0.00426	0.00558	0.00662	0.00700	0.00395	0.00444	0.00676	0.00940	0.01242	0.02821	0.77418	0.08343	0.01499	0.00615	0.00195	0.00279	0.01354	0.00450	0.00395
17	0.00603	0.00464	0.00551	0.00589	0.00688	0.00413	0.00419	0.00732	0.01088	0.01410	0.19255	0.35655	0.33802	0.01295	0.00591	0.00175	0.00256	0.01135	0.00467	0.00413
18	0.00590	0.00422	0.00562	0.00675	0.00703	0.00394	0.00450	0.00675	0.00928	0.01237	0.02671	0.82653	0.03205	0.01518	0.00619	0.00197	0.00281	0.01378	0.00450	0.00394
19	0.01916	0.01239	0.01381	0.01059	0.01444	0.01327	0.00875	0.61439	0.02080	0.20226	0.01330	0.01272	0.00908	0.00586	0.00485	0.00146	0.00506	0.00448	0.00510	0.00824
20	0.00970	0.00785	0.00861	0.00799	0.00999	0.00857	0.00611	0.01803	0.43634	0.01889	0.21617	0.07629	0.07985	0.00830	0.00516	0.00160	0.00317	0.00710	0.06410	0.00618
21	0.00594	0.00424	0.00565	0.00672	0.00704	0.00396	0.00450	0.00684	0.00944	0.01263	0.05509	0.79741	0.03256	0.01499	0.00617	0.00195	0.00279	0.01359	0.00453	0.00396
22	0.01799	0.01336	0.01430	0.01106	0.01487	0.01483	0.00911	0.73245	0.07433	0.02985	0.01218	0.01207	0.00868	0.00587	0.00485	0.00147	0.00523	0.00444	0.00485	0.00820
23	0.81224	0.00936	0.00733	0.00649	0.00949	0.01077	0.00534	0.03176	0.00872	0.03769	0.00727	0.00832	0.00558	0.00458	0.00309	0.00149	0.00377	0.00274	0.01860	0.00536
24	0.01153	0.01104	0.01882	0.15954	0.67333	0.01139	0.01464	0.01446	0.01081	0.01526	0.00903	0.01215	0.00748	0.00440	0.00481	0.00147	0.00587	0.00432	0.00236	0.00730
25	0.01299	0.00931	0.01085	0.00810	0.01214	0.00807	0.00653	0.10876	0.07825	0.13578	0.01149	0.01189	0.00867	0.00447	0.00405	0.00100	0.00390	0.00357	0.00375	0.55640
26	0.00657	0.00491	0.00610	0.00595	0.00715	0.00445	0.00446	0.00852	0.01275	0.01739	0.55488	0.09003	0.21593	0.01088	0.00578	0.00160	0.00242	0.03077	0.00507	0.00442
27	0.01088	0.01135	0.06211	0.28703	0.36824	0.02504	0.03570	0.01473	0.06611	0.01468	0.00965	0.01269	0.00769	0.00539	0.01971	0.00166	0.03380	0.00439	0.00248	0.00668
28	0.00578	0.00491	0.00498	0.00497	0.00658	0.00411	0.00372	0.00706	0.01117	0.01339	0.08425	0.04615	0.76215	0.01216	0.00573	0.00163	0.00245	0.01016	0.00454	0.00411
29	0.01145	0.03155	0.14331	0.07246	0.03695	0.03446	0.03073	0.12977	0.25820	0.01876	0.07596	0.03213	0.08986	0.00672	0.00497	0.00156	0.00489	0.00560	0.00394	0.00673
30	0.04955	0.35989	0.17761	0.05092	0.01701	0.11698	0.10986	0.01522	0.01047	0.01328	0.00770	0.00942	0.00633	0.00453	0.00441	0.00132	0.03365	0.00340	0.00222	0.00626
31	0.00573	0.00491	0.00491	0.00491	0.00655	0.00409	0.00368	0.00695	0.01105	0.01309	0.04909	0.04664	0.79750	0.01227	0.00573	0.00164	0.00245	0.01023	0.00450	0.00409
32	0.00919	0.00867	0.01454	0.79491	0.03278	0.01088	0.01338	0.01236	0.00962	0.01236	0.00855	0.01285	0.00646	0.00495	0.00516	0.00163	0.02985	0.00430	0.00215	0.00538
33	0.01423	0.00999	0.01149	0.02325	0.02791	0.01049	0.00760	0.30718	0.09634	0.12296	0.04087	0.04290	0.10498	0.00696	0.00541	0.00148	0.04394	0.00552	0.02965	0.08687
34	0.06173	0.10783	0.10354	0.04655	0.14977	0.06255	0.04463	0.04805	0.10991	0.02571	0.01279	0.06686	0.02428	0.01929	0.02129	0.00172	0.04273	0.04132	0.00310	0.00636
35	0.01300	0.40961	0.10120	0.01049	0.02765	0.10488	0.00973	0.05329	0.01060	0.02760	0.00785	0.00976	0.00684	0.02136	0.00620	0.00141	0.14717	0.00333	0.02185	0.00615

[dist]
# distance from previous block
# <min> <max>
1	3

[block]
# block no. 1 follows, 52 sequences, length 55
# corresponding to MSA columns:
# 126-180
name=unknown_B
#
# <colnr> <probs for GDERKNQSTAVLIFYWHMCP>
#	G	D	E	R	K	N	Q	S	T	A	V	L	I	F	Y	W	H	M	C	P
0	0.04140	0.33779	0.19951	0.01038	0.01478	0.12607	0.02762	0.03760	0.01114	0.09244	0.00905	0.01030	0.00718	0.02294	0.01598	0.00144	0.00613	0.00338	0.00268	0.02220
1	0.00997	0.00850	0.00992	0.00713	0.01131	0.00641	0.00566	0.01206	0.00997	0.01561	0.00880	0.01065	0.00747	0.02649	0.00417	0.00083	0.00362	0.00299	0.00287	0.83558
2	0.86392	0.00937	0.00712	0.00637	0.00937	0.01087	0.00525	0.01425	0.00825	0.02174	0.00675	0.00787	0.00525	0.00450	0.00300	0.00150	0.00375	0.00262	0.00300	0.00525
3	0.00599	0.00433	0.00567	0.00665	0.00708	0.00402	0.00453	0.00696	0.00966	0.01284	0.06882	0.71955	0.07963	0.01468	0.00614	0.00193	0.00280	0.03019	0.00454	0.00399
4	0.01073	0.00987	0.01650	0.48356	0.14598	0.01142	0.08753	0.04503	0.03554	0.03634	0.00942	0.01285	0.00722	0.00507	0.00569	0.00162	0.06251	0.00450	0.00252	0.00611
5	0.04395	0.02400	0.75218	0.01338	0.02029	0.01113	0.01712	0.01552	0.01025	0.03619	0.00889	0.01030	0.00626	0.00464	0.00455	0.00153	0.00695	0.00358	0.00219	0.00711
6	0.00781	0.00549	0.00761	0.00738	0.00808	0.00623	0.00548	0.00905	0.00785	0.04299	0.01351	0.02185	0.01327	0.24779	0.50475	0.00625	0.05786	0.00561	0.01697	0.00417
7	0.00972	0.02507	0.80458	0.01381	0.02097	0.01125	0.01790	0.01535	0.01023	0.01535	0.00870	0.01023	0.00614	0.00460	0.00460	0.00153	0.00716	0.00358	0.00205	0.00716
8	0.00761	0.02819	0.00703	0.00619	0.00782	0.00560	0.00474	0.01059	0.08728	0.04216	0.41702	0.03666	0.30076	0.01012	0.00555	0.00156	0.00263	0.00866	0.00494	0.00487
9	0.07898	0.06745	0.01442	0.01178	0.03588	0.39507	0.00910	0.29473	0.01630	0.01941	0.00893	0.00975	0.00693	0.00519	0.00438	0.00133	0.00685	0.00353	0.00335	0.00663
10	0.00621	0.00436	0.00558	0.00638	0.00663	0.00414	0.00413	0.00692	0.00893	0.01195	0.05524	0.60652	0.02919	0.20758	0.01054	0.00260	0.00324	0.01198	0.00416	0.00373
11	0.00597	0.00480	0.00533	0.00545	0.00676	0.00416	0.00399	0.00734	0.01125	0.01418	0.18772	0.17805	0.52335	0.01232	0.00580	0.00167	0.00248	0.01056	0.00466	0.00416
12	0.00943	0.00898	0.01535	0.72943	0.07924	0.01093	0.04066	0.01263	0.00980	0.01269	0.00865	0.01283	0.00656	0.00484	0.00505	0.00161	0.01922	0.00436	0.00218	0.00556
13	0.00599	0.00426	0.00565	0.00672	0.00701	0.00400	0.00449	0.00682	0.00922	0.01228	0.02620	0.77804	0.03135	0.05022	0.00699	0.00209	0.00292	0.02740	0.00443	0.00390
14	0.00612	0.00440	0.00570	0.00660	0.00701	0.00412	0.00449	0.00705	0.00948	0.01258	0.06019	0.64364	0.07595	0.08168	0.00768	0.00217	0.00300	0.04983	0.00440	0.00392
15	0.01296	0.83261	0.02539	0.00829	0.01244	0.01917	0.00829	0.01451	0.00985	0.01140	0.00674	0.00777	0.00622	0.00415	0.00311	0.00104	0.00518	0.00259	0.00207	0.00622
16	0.01188	0.01139	0.01946	0.06230	0.76782	0.01148	0.01481	0.01477	0.01098	0.01569	0.00909	0.01203	0.00763	0.00434	0.00480	0.00145	0.00579	0.00432	0.00239	0.00758
17	0.00610	0.00478	0.00554	0.00578	0.00696	0.00422	0.00425	0.00749	0.01117	0.01430	0.19849	0.23610	0.41988	0.01254	0.00588	0.00172	0.00259	0.04337	0.00467	0.00417
18	0.01231	0.01054	0.01110	0.00991	0.01270	0.01217	0.00773	0.05583	0.76022	0.02068	0.01940	0.01782	0.01453	0.00654	0.00493	0.00164	0.00389	0.00543	0.00493	0.00769
19	0.01810	0.02310	0.01373	0.01248	0.01498	0.81024	0.00936	0.01935	0.01373	0.01186	0.00749	0.00874	0.00624	0.00499	0.00437	0.00125	0.00874	0.00312	0.00250	0.00562
20	0.86392	0.00937	0.00712	0.00637	0.00937	0.01087	0.00525	0.01425	0.00825	0.02174	0.00675	0.00787	0.00525	0.00450	0.00300	0.00150	0.00375	0.00262	0.00300	0.00525
21	0.01452	0.01133	0.01212	0.01022	0.01337	0.01280	0.00814	0.26888	0.51071	0.05727	0.01710	0.01594	0.01257	0.00631	0.00490	0.00158	0.00433	0.00509	0.00495	0.00788
22	0.00942	0.00920	0.04501	0.37004	0.19000	0.00978	0.01158	0.01255	0.04063	0.01408	0.08805	0.01735	0.06066	0.00732	0.03267	0.02922	0.03876	0.00515	0.00278	0.00573
23	0.00633	0.00511	0.00566	0.00559	0.00707	0.00454	0.00421	0.00831	0.03929	0.01513	0.25484	0.06789	0.51448	0.01154	0.00574	0.00163	0.00252	0.03100	0.00475	0.00436
24	0.01041	0.06444	0.51950	0.04316	0.09280	0.04340	0.03698	0.01480	0.01040	0.01487	0.04239	0.01152	0.00806	0.00506	0.00539	0.00153	0.06233	0.00393	0.00226	0.00678
25	0.00629	0.00466	0.00593	0.00640	0.00722	0.00421	0.00448	0.00757	0.01055	0.01426	0.20936	0.51715	0.12115	0.01311	0.00591	0.00177	0.00268	0.01173	0.00462	0.04094
26	0.04378	0.14836	0.01550	0.01140	0.01441	0.52087	0.00904	0.15285	0.01454	0.01538	0.00808	0.00907	0.00656	0.00499	0.00421	0.00126	0.00742	0.00324	0.00286	0.00616
27	0.01088	0.01913	0.50460	0.09035	0.05095	0.01056	0.01468	0.05785	0.01104	0.05924	0.00953	0.01115	0.00691	0.00534	0.02201	0.00158	0.00650	0.00375	0.00255	0.10141
28	0.01389	0.03964	0.01195	0.00984	0.01287	0.01216	0.00783	0.11956	0.58617	0.10305	0.01819	0.01675	0.01338	0.00633	0.00485	0.00158	0.00410	0.00517	0.00493	0.00775
29	0.86392	0.00937	0.00712	0.00637	0.00937	0.01087	0.00525	0.01425	0.00825	0.02174	0.00675	0.00787	0.00525	0.00450	0.00300	0.00150	0.00375	0.00262	0.00300	0.00525
30	0.01176	0.00984	0.01034	0.00935	0.01193	0.01133	0.00726	0.02436	0.71577	0.02006	0.01935	0.01808	0.01457	0.00649	0.00478	0.00159	0.00368	0.00539	0.08669	0.00737
31	0.03345	0.03635	0.04589	0.01067	0.01445	0.07592	0.00901	0.49947	0.05395	0.13913	0.01304	0.01275	0.02181	0.00580	0.00474	0.00145	0.00535	0.00437	0.00460	0.00779
32	0.00662	0.00468	0.00588	0.00619	0.00695	0.00433	0.00432	0.00788	0.01068	0.02759	0.26142	0.35545	0.13449	0.11726	0.00834	0.00214	0.00290	0.02421	0.00458	0.00410
33	0.00838	0.00652	0.00909	0.00859	0.00973	0.00729	0.03166	0.06882	0.03149	0.01388	0.05740	0.08602	0.01702	0.09576	0.37653	0.00484	0.06404	0.09487	0.00334	0.00473
34	0.00699	0.00494	0.00653	0.00653	0.00696	0.00538	0.00449	0.00785	0.00742	0.01032	0.01413	0.02540	0.01488	0.43444	0.41617	0.00624	0.00882	0.00612	0.00277	0.00363
35	0.02263	0.01242	0.03409	0.04813	0.05039	0.07244	0.36713	0.11080	0.06873	0.01739	0.05218	0.01759	0.07047	0.00577	0.00535	0.00158	0.00649	0.02673	0.00327	0.00641
36	0.01005	0.00861	0.01005	0.00718	0.01148	0.00646	0.00574	0.01220	0.01005	0.01579	0.00861	0.01005	0.00718	0.00359	0.00359	0.00072	0.00359	0.00287	0.00287	0.85932
37	0.86392	0.00937	0.00712	0.00637	0.00937	0.01087	0.00525	0.01425	0.00825	0.02174	0.00675	0.00787	0.00525	0.00450	0.00300	0.00150	0.00375	0.00262	0.00300	0.00525
38	0.00644	0.00454	0.00572	0.00649	0.00720	0.00413	0.00452	0.00744	0.00987	0.03788	0.03124	0.60741	0.19570	0.01420	0.00606	0.00189	0.00283	0.03778	0.00455	0.00412
39	0.00590	0.00424	0.00560	0.00669	0.00701	0.00394	0.00447	0.00675	0.00934	0.01239	0.02745	0.80058	0.05752	0.01509	0.00617	0.00196	0.00280	0.01366	0.00450	0.00394
40	0.00954	0.00899	0.01061	0.00938	0.01060	0.09705	0.04541	0.02370	0.01030	0.02410	0.14998	0.02297	0.13292	0.05662	0.14574	0.01592	0.21185	0.00618	0.00330	0.00484
41	0.86392	0.00937	0.00712	0.00637	0.00937	0.01087	0.00525	0.01425	0.00825	0.02174	0.00675	0.00787	0.00525	0.00450	0.00300	0.00150	0.00375	0.00262	0.00300	0.00525
42	0.84034	0.03219	0.00763	0.00643	0.00946	0.01110	0.00533	0.01425	0.00829	0.02146	0.00675	0.00787	0.00528	0.00449	0.00300	0.00149	0.00379	0.00262	0.00297	0.00528
43	0.01138	0.08910	0.13045	0.01237	0.04717	0.01056	0.17396	0.04994	0.12336	0.07770	0.12675	0.03242	0.04881	0.02455	0.01859	0.00170	0.00540	0.00569	0.00364	0.00647
44	0.00632	0.00471	0.00579	0.00604	0.00696	0.00429	0.00432	0.00775	0.01118	0.01489	0.30014	0.29063	0.22260	0.06199	0.00704	0.00191	0.00270	0.03189	0.00469	0.00415
45	0.01158	0.10560	0.27019	0.01388	0.07176	0.06831	0.06985	0.04940	0.07241	0.01499	0.00968	0.02593	0.00803	0.00584	0.00685	0.00160	0.16674	0.01820	0.00259	0.00656
46	0.01060	0.01060	0.01484	0.01272	0.01272	0.01484	0.01060	0.01166	0.00742	0.01166	0.00636	0.01060	0.00636	0.00848	0.01590	0.00212	0.82082	0.00424	0.00212	0.00530
47	0.01223	0.47185	0.26366	0.01022	0.01510	0.03885	0.01120	0.06616	0.01110	0.01424	0.03974	0.00997	0.00793	0.00466	0.00383	0.00124	0.00579	0.00328	0.00240	0.00656
48	0.00903	0.00452	0.00452	0.00452	0.00565	0.00452	0.00339	0.01129	0.01016	0.01807	0.01581	0.01807	0.01242	0.00565	0.00339	0.00113	0.00226	0.00452	0.85659	0.00452
49	0.03773	0.01056	0.01024	0.00846	0.01110	0.07308	0.00677	0.39183	0.01660	0.02382	0.01285	0.01389	0.00968	0.00565	0.00417	0.00131	0.00432	0.00428	0.34719	0.00646
50	0.00908	0.00779	0.00918	0.01017	0.09353	0.03988	0.00670	0.01389	0.22461	0.01564	0.07007	0.34881	0.04872	0.01000	0.00538	0.00167	0.00364	0.00885	0.01798	0.05441
51	0.01054	0.07747	0.21151	0.01621	0.02105	0.01162	0.43997	0.01461	0.02426	0.01490	0.01135	0.10241	0.00985	0.00549	0.00529	0.00160	0.00703	0.00586	0.00260	0.00639
52	0.00932	0.00878	0.01483	0.77229	0.07784	0.01081	0.01354	0.01253	0.00977	0.01258	0.00864	0.01287	0.00653	0.00481	0.00484	0.00160	0.00642	0.00431	0.00217	0.00552
53	0.69387	0.01000	0.00848	0.00723	0.01040	0.01139	0.00596	0.13834	0.01081	0.05473	0.00803	0.00883	0.00600	0.00477	0.00337	0.00149	0.00402	0.00299	0.00342	0.00585
54	0.00583	0.00492	0.00506	0.00511	0.00669	0.00415	0.00386	0.00712	0.01110	0.01332	0.07084	0.05970	0.73634	0.01229	0.00577	0.00166	0.00252	0.03508	0.00452	0.00412

[dist]
# distance from previous block
# <min> <max>
0	4

[block]
# block no. 2 follows, 52 sequences, length 167
# corresponding to MSA columns:
# 185-246,293-371,375-381,396-414
name=unknown_C
#
# <colnr> <probs for GDERKNQSTAVLIFYWHMCP>
#	G	D	E	R	K	N	Q	S	T	A	V	L	I	F	Y	W	H	M	C	P
0	0.01044	0.20523	0.63074	0.01258	0.01907	0.01302	0.01576	0.01516	0.01015	0.01447	0.00826	0.00968	0.00616	0.00450	0.00427	0.00142	0.00672	0.00336	0.00205	0.00695
1	0.12682	0.00683	0.00843	0.00712	0.00953	0.00641	0.00566	0.01548	0.01305	0.32616	0.38745	0.02472	0.02714	0.00766	0.00502	0.00151	0.00320	0.00642	0.00528	0.00610
2	0.00669	0.00456	0.00590	0.00649	0.00718	0.00420	0.00451	0.00791	0.01048	0.04084	0.18073	0.56235	0.09499	0.01339	0.00595	0.00182	0.00271	0.01200	0.02308	0.00423
3	0.00670	0.00494	0.00633	0.00698	0.00797	0.00467	0.00545	0.00831	0.01073	0.01408	0.11429	0.26952	0.19759	0.01395	0.03560	0.00213	0.00358	0.25969	0.02325	0.00424
4	0.01562	0.00759	0.03625	0.00806	0.01095	0.00635	0.00685	0.01758	0.01258	0.46809	0.02420	0.04470	0.12836	0.00830	0.00525	0.00164	0.00392	0.13636	0.05067	0.00667
5	0.00592	0.00423	0.00564	0.00674	0.00703	0.00395	0.00450	0.00679	0.00935	0.01249	0.03976	0.81314	0.03228	0.01509	0.00618	0.00196	0.00280	0.01369	0.00451	0.00395
6	0.50667	0.00904	0.00896	0.00740	0.01072	0.00950	0.00610	0.03919	0.01088	0.33167	0.01179	0.01139	0.00801	0.00513	0.00379	0.00150	0.00394	0.00356	0.00424	0.00652
7	0.00945	0.00795	0.00934	0.00705	0.01071	0.00610	0.00548	0.01136	0.00983	0.01513	0.01094	0.10273	0.01043	0.04087	0.00480	0.00103	0.00355	0.00428	0.00306	0.72591
8	0.00705	0.00470	0.00529	0.00529	0.00529	0.00470	0.00294	0.00705	0.00705	0.00940	0.01527	0.03171	0.01762	0.82969	0.02467	0.00470	0.00470	0.00705	0.00294	0.00294
9	0.00903	0.00452	0.00452	0.00452	0.00565	0.00452	0.00339	0.01129	0.01016	0.01807	0.01581	0.01807	0.01242	0.00565	0.00339	0.00113	0.00226	0.00452	0.85659	0.00452
10	0.01199	0.01151	0.01967	0.02974	0.79946	0.01151	0.01487	0.01487	0.01103	0.01583	0.00912	0.01199	0.00768	0.00432	0.00480	0.00144	0.00576	0.00432	0.00240	0.00768
11	0.01162	0.01362	0.11913	0.01680	0.22963	0.10326	0.10081	0.03853	0.12917	0.01630	0.07834	0.03185	0.04628	0.01751	0.00554	0.00157	0.02493	0.00527	0.00320	0.00665
12	0.01112	0.00872	0.01025	0.00749	0.01165	0.00687	0.00603	0.03968	0.02272	0.07022	0.01000	0.01169	0.00814	0.00410	0.00381	0.00085	0.00371	0.02063	0.00322	0.73911
13	0.00604	0.00446	0.00566	0.00639	0.00703	0.00408	0.00443	0.00718	0.01023	0.01352	0.13890	0.57234	0.16074	0.01393	0.00605	0.00186	0.00271	0.02576	0.00462	0.00406
14	0.01425	0.20764	0.06006	0.03057	0.04946	0.35350	0.03335	0.02853	0.01175	0.01296	0.03668	0.01088	0.01774	0.00536	0.00538	0.00135	0.08909	0.00364	0.02193	0.00589
15	0.01050	0.00570	0.00702	0.00635	0.00824	0.00503	0.00488	0.01220	0.01221	0.22302	0.22617	0.11643	0.26003	0.00983	0.00537	0.00157	0.00287	0.00839	0.06884	0.00532
16	0.01097	0.00971	0.01247	0.01469	0.23432	0.02352	0.00904	0.01883	0.38239	0.01869	0.19109	0.02027	0.01958	0.00666	0.00506	0.00155	0.00411	0.00585	0.00426	0.00694
17	0.00590	0.00423	0.00561	0.00671	0.00702	0.00394	0.00448	0.00675	0.00932	0.01239	0.02722	0.80864	0.04961	0.01512	0.00617	0.00196	0.00280	0.01369	0.00450	0.00394
18	0.03966	0.01009	0.01686	0.40491	0.19601	0.01125	0.11518	0.04671	0.05816	0.01509	0.00975	0.01301	0.00755	0.00569	0.02855	0.00175	0.00643	0.00454	0.00257	0.00626
19	0.86392	0.00937	0.00712	0.00637	0.00937	0.01087	0.00525	0.01425	0.00825	0.02174	0.00675	0.00787	0.00525	0.00450	0.00300	0.00150	0.00375	0.00262	0.00300	0.00525
20	0.00740	0.00512	0.00638	0.00597	0.00736	0.00460	0.00451	0.00943	0.01313	0.05977	0.58974	0.03746	0.21053	0.01022	0.00567	0.00155	0.00242	0.00888	0.00518	0.00466
21	0.01205	0.01041	0.01096	0.00986	0.01260	0.01205	0.00767	0.02575	0.79071	0.02027	0.01972	0.01808	0.01479	0.00657	0.00493	0.00164	0.00384	0.00548	0.00493	0.00767
22	0.01668	0.01954	0.03386	0.01203	0.01453	0.54636	0.00946	0.12584	0.03180	0.01496	0.00854	0.00991	0.00694	0.00554	0.00567	0.00138	0.09586	0.00353	0.03157	0.00600
23	0.01734	0.01804	0.01376	0.01177	0.01445	0.44511	0.00921	0.25209	0.01580	0.04094	0.00922	0.01028	0.00720	0.00563	0.00561	0.00140	0.08557	0.00370	0.02644	0.00644
24	0.01328	0.06684	0.07723	0.01620	0.21466	0.09605	0.08646	0.05004	0.18139	0.08011	0.02930	0.02717	0.01042	0.00535	0.00477	0.00146	0.00564	0.00468	0.00342	0.02551
25	0.00901	0.12987	0.09366	0.00892	0.03722	0.04654	0.01997	0.02520	0.08723	0.01399	0.02495	0.23508	0.21886	0.00965	0.00517	0.00161	0.00416	0.01982	0.00374	0.00534
26	0.01386	0.62596	0.04561	0.00894	0.01305	0.01777	0.00864	0.16790	0.01245	0.01549	0.00799	0.00886	0.00677	0.00453	0.00351	0.00114	0.00520	0.00302	0.02272	0.00661
27	0.00949	0.00801	0.00942	0.00697	0.01077	0.00614	0.00553	0.01164	0.01058	0.01622	0.11825	0.01464	0.03391	0.00469	0.00394	0.00085	0.00338	0.00388	0.00325	0.71844
28	0.01823	0.01339	0.01434	0.01101	0.01484	0.01481	0.00909	0.76747	0.02253	0.03029	0.01172	0.01177	0.00833	0.00581	0.00482	0.00145	0.00527	0.00437	0.02231	0.00816
29	0.00675	0.00495	0.00633	0.00598	0.00717	0.00453	0.00449	0.00893	0.01346	0.01882	0.72437	0.03721	0.11865	0.01014	0.00572	0.00154	0.00230	0.00891	0.00525	0.00453
30	0.01278	0.78958	0.06691	0.00859	0.01289	0.01875	0.00880	0.01456	0.00987	0.01161	0.00684	0.00790	0.00621	0.00417	0.00319	0.00106	0.00529	0.00264	0.00207	0.00627
31	0.01121	0.00942	0.01390	0.26497	0.10388	0.01138	0.01085	0.07459	0.01069	0.07180	0.04784	0.05906	0.02460	0.00701	0.00835	0.00174	0.25464	0.00517	0.00299	0.00590
32	0.00616	0.00490	0.00542	0.00560	0.00688	0.00432	0.00417	0.00744	0.01080	0.01340	0.10693	0.11338	0.52402	0.08165	0.00746	0.00197	0.00286	0.08416	0.00444	0.00406
33	0.01133	0.01082	0.01773	0.09692	0.57670	0.02431	0.03633	0.03080	0.01109	0.01545	0.02477	0.05648	0.03264	0.00542	0.00524	0.00151	0.02772	0.00509	0.00265	0.00699
34	0.11685	0.03819	0.01154	0.00913	0.01222	0.03253	0.00741	0.16913	0.20221	0.23436	0.02784	0.02891	0.02839	0.00626	0.00498	0.00153	0.03176	0.00482	0.02474	0.00720
35	0.09360	0.01035	0.01179	0.00928	0.01279	0.01071	0.00761	0.31673	0.07038	0.33284	0.03614	0.01454	0.01106	0.00593	0.00467	0.00148	0.00443	0.00461	0.03334	0.00772
36	0.19590	0.00834	0.00986	0.00815	0.01127	0.00811	0.00669	0.07597	0.01286	0.44810	0.03412	0.05986	0.02650	0.00691	0.00472	0.00158	0.00403	0.06504	0.00504	0.00695
37	0.00616	0.00477	0.00577	0.02803	0.00767	0.00436	0.00456	0.00739	0.01038	0.01325	0.09982	0.35424	0.33206	0.04644	0.00671	0.00192	0.00290	0.05505	0.00444	0.00408
38	0.03007	0.00986	0.01178	0.00866	0.01283	0.02378	0.05184	0.11470	0.03192	0.03303	0.00951	0.01069	0.00756	0.00408	0.00394	0.00093	0.00421	0.00334	0.00322	0.62405
39	0.00788	0.00609	0.00676	0.00643	0.00801	0.02429	0.00484	0.01098	0.10379	0.04914	0.33197	0.09856	0.30201	0.01048	0.00560	0.00161	0.00280	0.00899	0.00489	0.00490
40	0.00599	0.00434	0.00566	0.00662	0.00707	0.00402	0.00451	0.00697	0.00970	0.01286	0.07078	0.70661	0.09106	0.01463	0.00614	0.00192	0.00279	0.02980	0.00454	0.00399
41	0.01103	0.01022	0.01737	0.11895	0.55908	0.01037	0.04253	0.01371	0.01076	0.03078	0.01213	0.10129	0.02882	0.00577	0.00501	0.00153	0.00550	0.00554	0.00272	0.00688
42	0.01047	0.01001	0.01715	0.44813	0.37489	0.01113	0.03172	0.01356	0.01033	0.01399	0.00886	0.01251	0.00702	0.00459	0.00484	0.00154	0.00619	0.00434	0.00227	0.00643
43	0.00704	0.00471	0.00535	0.00535	0.00538	0.00474	0.00302	0.00709	0.00707	0.00945	0.01521	0.03136	0.01747	0.80780	0.04635	0.00478	0.00493	0.00700	0.00293	0.00297
44	0.00623	0.00459	0.00576	0.00641	0.00711	0.00424	0.00454	0.00739	0.01016	0.01334	0.12238	0.45902	0.17782	0.07089	0.00738	0.00207	0.00296	0.07921	0.00449	0.00402
45	0.03299	0.00705	0.00777	0.00743	0.00899	0.04885	0.00552	0.06501	0.05867	0.10322	0.19286	0.32227	0.09868	0.01075	0.00555	0.00168	0.00339	0.00935	0.00475	0.00521
46	0.27600	0.13536	0.02793	0.00685	0.00921	0.02650	0.00573	0.01219	0.03195	0.01793	0.30496	0.02139	0.04817	0.05077	0.00540	0.00161	0.00362	0.00552	0.00380	0.00510
47	0.03124	0.79915	0.04015	0.00836	0.01254	0.01884	0.00841	0.01452	0.00982	0.01170	0.00678	0.00782	0.00620	0.00416	0.00314	0.00106	0.00519	0.00261	0.00209	0.00622
48	0.01260	0.23088	0.30767	0.01149	0.01616	0.20935	0.02687	0.01592	0.02693	0.01351	0.00843	0.00990	0.00675	0.00568	0.03155	0.00152	0.00697	0.00334	0.01944	0.03506
49	0.49935	0.19839	0.14334	0.00839	0.01238	0.01291	0.02285	0.02808	0.00925	0.01838	0.00721	0.00840	0.00571	0.00445	0.00337	0.00140	0.00475	0.00286	0.00265	0.00586
50	0.00604	0.00448	0.00564	0.00628	0.00697	0.00408	0.00436	0.00721	0.01040	0.01375	0.16635	0.53833	0.18099	0.01370	0.00602	0.00183	0.00265	0.01222	0.00465	0.00408
51	0.01067	0.12958	0.42980	0.01199	0.03832	0.04315	0.02901	0.06617	0.03508	0.01573	0.04087	0.02752	0.09020	0.00582	0.00463	0.00147	0.00599	0.00463	0.00277	0.00660
52	0.00611	0.00433	0.00556	0.00645	0.00672	0.00408	0.00421	0.00684	0.00901	0.01199	0.03815	0.65962	0.04664	0.15491	0.00934	0.00242	0.00312	0.01246	0.00424	0.00378
53	0.01234	0.01173	0.01595	0.03381	0.47205	0.08042	0.01184	0.01751	0.19331	0.02929	0.01327	0.01467	0.03869	0.00527	0.00479	0.00147	0.00533	0.00472	0.02629	0.00725
54	0.00610	0.00492	0.00543	0.00530	0.00678	0.00425	0.00398	0.00768	0.01193	0.01519	0.29631	0.04319	0.54897	0.01149	0.00572	0.00160	0.00240	0.00974	0.00478	0.00425
55	0.01101	0.00989	0.01127	0.08176	0.12294	0.09898	0.00823	0.10025	0.09839	0.01791	0.22873	0.07828	0.04079	0.00746	0.00523	0.00151	0.01590	0.00634	0.03172	0.02342
56	0.01150	0.01106	0.01901	0.16365	0.65091	0.01140	0.03267	0.01446	0.01082	0.01524	0.00905	0.01218	0.00746	0.00440	0.00483	0.00147	0.00593	0.00435	0.00236	0.00726
57	0.00915	0.00861	0.01453	0.81804	0.03338	0.01077	0.01346	0.01238	0.00969	0.01238	0.00861	0.01292	0.00646	0.00484	0.00484	0.00161	0.00646	0.00431	0.00215	0.00538
58	0.81905	0.00931	0.00734	0.00649	0.00953	0.01067	0.00535	0.01474	0.00855	0.06336	0.00741	0.00833	0.00561	0.00458	0.00310	0.00150	0.00377	0.00274	0.00316	0.00541
59	0.01157	0.00603	0.00807	0.00755	0.00942	0.00549	0.00605	0.01345	0.01241	0.26398	0.22402	0.14436	0.07519	0.01034	0.00574	0.00175	0.00344	0.18039	0.00518	0.00559
60	0.01545	0.00933	0.03800	0.04273	0.01343	0.04992	0.04215	0.01762	0.01226	0.38495	0.03793	0.06316	0.01376	0.00666	0.00492	0.00146	0.00456	0.07827	0.00455	0.15888
61	0.01005	0.00861	0.01005	0.00718	0.01148	0.00646	0.00574	0.01220	0.01005	0.01579	0.00861	0.01005	0.00718	0.00359	0.00359	0.00072	0.00359	0.00287	0.00287	0.85932
62	0.06507	0.00879	0.07458	0.00812	0.00953	0.10575	0.00641	0.00997	0.00998	0.03026	0.02128	0.56990	0.02435	0.01208	0.00559	0.00180	0.00404	0.02393	0.00397	0.00461
63	0.81905	0.00931	0.00734	0.00649	0.00953	0.01067	0.00535	0.01474	0.00855	0.06336	0.00741	0.00833	0.00561	0.00458	0.00310	0.00150	0.00377	0.00274	0.00316	0.00541
64	0.81858	0.05324	0.00810	0.00648	0.00954	0.01131	0.00541	0.01426	0.00833	0.02119	0.00675	0.00787	0.00530	0.00448	0.00300	0.00147	0.00383	0.00262	0.00295	0.00530
65	0.86392	0.00937	0.00712	0.00637	0.00937	0.01087	0.00525	0.01425	0.00825	0.02174	0.00675	0.00787	0.00525	0.00450	0.00300	0.00150	0.00375	0.00262	0.00300	0.00525
66	0.00967	0.02418	0.76133	0.01383	0.02074	0.01110	0.03999	0.01513	0.01024	0.01528	0.00919	0.03123	0.00684	0.00486	0.00468	0.00155	0.00708	0.00390	0.00212	0.00706
67	0.00651	0.00494	0.00599	0.00573	0.00702	0.00442	0.00429	0.00846	0.01288	0.01746	0.56383	0.03945	0.28003	0.01064	0.00572	0.00156	0.00234	0.00922	0.00507	0.00442
68	0.00802	0.00749	0.04499	0.03440	0.05037	0.00725	0.04174	0.01045	0.04329	0.01528	0.26809	0.08089	0.15236	0.03854	0.04309	0.02170	0.10212	0.00754	0.01743	0.00493
69	0.00698	0.00467	0.00530	0.00537	0.00538	0.00466	0.00302	0.00703	0.00717	0.00956	0.01591	0.07655	0.01843	0.78375	0.02362	0.00454	0.00459	0.00743	0.00302	0.00299
70	0.01121	0.01115	0.03938	0.17900	0.56105	0.02442	0.01392	0.01436	0.02651	0.01524	0.03601	0.02737	0.00923	0.00486	0.00485	0.00149	0.00577	0.00461	0.00253	0.00702
71	0.00903	0.00452	0.00452	0.00452	0.00565	0.00452	0.00339	0.01129	0.01016	0.01807	0.01581	0.01807	0.01242	0.00565	0.00339	0.00113	0.00226	0.00452	0.85659	0.00452
72	0.01033	0.00878	0.01020	0.00731	0.01160	0.00675	0.00586	0.03844	0.01048	0.01629	0.00872	0.01010	0.00721	0.00366	0.00363	0.00074	0.00365	0.00292	0.00294	0.83036
73	0.00877	0.00603	0.00727	0.00658	0.00831	0.00570	0.00504	0.05071	0.06272	0.08133	0.45801	0.05422	0.19409	0.00970	0.00554	0.00155	0.00276	0.00836	0.00510	0.01821
74	0.01201	0.01092	0.01441	0.45745	0.06124	0.07649	0.02813	0.19077	0.01332	0.01702	0.03745	0.01417	0.03488	0.00546	0.00488	0.00154	0.00611	0.00460	0.00301	0.00612
75	0.01104	0.01065	0.01739	0.32707	0.44292	0.02847	0.02882	0.01451	0.04454	0.01463	0.00937	0.01256	0.00749	0.00463	0.00483	0.00151	0.00605	0.00437	0.00242	0.00674
76	0.01395	0.01386	0.01659	0.01470	0.09180	0.17967	0.16021	0.14028	0.12002	0.03341	0.01096	0.01318	0.00881	0.04220	0.01789	0.00178	0.10622	0.00464	0.00324	0.00658
77	0.00613	0.00450	0.00578	0.00672	0.00720	0.00425	0.00456	0.00750	0.03767	0.01285	0.04344	0.72600	0.08625	0.01456	0.00610	0.00192	0.00281	0.01312	0.00453	0.00409
78	0.01074	0.01036	0.01701	0.40605	0.40369	0.02841	0.01401	0.01373	0.01039	0.01403	0.00880	0.01234	0.00704	0.00465	0.00499	0.00153	0.01916	0.00429	0.00228	0.00650
79	0.01341	0.00993	0.01128	0.00863	0.01252	0.00930	0.00695	0.17878	0.14755	0.10331	0.01228	0.01245	0.00923	0.00483	0.00422	0.00112	0.00406	0.00385	0.00398	0.44233
80	0.00627	0.00484	0.00545	0.00557	0.00688	0.00420	0.00407	0.00761	0.01119	0.02936	0.17237	0.20726	0.49304	0.01235	0.00580	0.00168	0.00253	0.01061	0.00467	0.00422
81	0.01138	0.01289	0.02758	0.01986	0.02440	0.01245	0.72496	0.01524	0.01114	0.01524	0.00955	0.01289	0.00728	0.00441	0.00647	0.00167	0.06813	0.00561	0.00243	0.00644
82	0.00730	0.00481	0.00600	0.00613	0.00672	0.00465	0.01940	0.02078	0.00903	0.01266	0.04368	0.28367	0.07938	0.24627	0.01218	0.08456	0.00351	0.00876	0.13682	0.00372
83	0.00975	0.01013	0.07449	0.02391	0.06809	0.00920	0.19930	0.02456	0.17926	0.01607	0.04237	0.20971	0.01762	0.00826	0.00551	0.00172	0.00506	0.06515	0.02380	0.00603
84	0.01389	0.34904	0.04518	0.01533	0.20002	0.18092	0.06043	0.05664	0.01174	0.01395	0.00797	0.00959	0.00675	0.00446	0.00408	0.00125	0.00632	0.00344	0.00241	0.00660
85	0.03021	0.01102	0.02915	0.01223	0.01555	0.02723	0.23467	0.25790	0.01402	0.04223	0.01151	0.01397	0.02627	0.02484	0.00769	0.14215	0.00572	0.00480	0.03952	0.04933
86	0.81212	0.00943	0.00736	0.00658	0.00957	0.01094	0.00540	0.01494	0.05583	0.02165	0.00754	0.00849	0.00583	0.00462	0.00312	0.00151	0.00375	0.00280	0.00312	0.00540
87	0.00840	0.00659	0.00990	0.01281	0.16771	0.00655	0.00879	0.01058	0.01089	0.01449	0.02248	0.14623	0.02438	0.01180	0.00625	0.00204	0.00451	0.51651	0.00405	0.00504
88	0.00672	0.00495	0.00629	0.00596	0.00716	0.00452	0.00447	0.00889	0.01340	0.01868	0.70817	0.03744	0.13493	0.01019	0.00572	0.00154	0.00231	0.00894	0.00524	0.00452
89	0.01213	0.01156	0.01956	0.02936	0.78317	0.01159	0.01475	0.03084	0.01128	0.01614	0.00917	0.01199	0.00769	0.00435	0.00480	0.00144	0.00575	0.00432	0.00245	0.00769
90	0.00925	0.00871	0.01471	0.79152	0.05915	0.01079	0.01351	0.01247	0.00974	0.01250	0.00863	0.01289	0.00650	0.00483	0.00484	0.00161	0.00644	0.00431	0.00216	0.00546
91	0.00591	0.00492	0.00517	0.00510	0.00666	0.00417	0.00383	0.00732	0.01149	0.01413	0.17214	0.04492	0.67380	0.01188	0.00573	0.00162	0.00243	0.00999	0.00464	0.00417
92	0.00915	0.00861	0.01453	0.81804	0.03338	0.01077	0.01346	0.01238	0.00969	0.01238	0.00861	0.01292	0.00646	0.00484	0.00484	0.00161	0.00646	0.00431	0.00215	0.00538
93	0.86392	0.00937	0.00712	0.00637	0.00937	0.01087	0.00525	0.01425	0.00825	0.02174	0.00675	0.00787	0.00525	0.00450	0.00300	0.00150	0.00375	0.00262	0.00300	0.00525
94	0.00954	0.00798	0.00870	0.00807	0.01017	0.00865	0.00623	0.01792	0.44371	0.01841	0.18606	0.04409	0.16787	0.00872	0.00532	0.00164	0.00326	0.03255	0.00491	0.00618
95	0.01668	0.00749	0.00991	0.00803	0.01093	0.00677	0.00651	0.06275	0.01425	0.49986	0.24908	0.02333	0.02230	0.00739	0.00518	0.00153	0.00366	0.03163	0.00568	0.00703
96	0.00752	0.00497	0.00669	0.00669	0.00757	0.00553	0.00509	0.00927	0.00840	0.01301	0.01394	0.01969	0.01260	0.08585	0.52828	0.00571	0.00939	0.00514	0.24038	0.00428
97	0.04757	0.00962	0.01147	0.00903	0.01249	0.00961	0.00739	0.23385	0.07560	0.43334	0.03639	0.01557	0.01183	0.00602	0.00474	0.00148	0.00426	0.00478	0.05720	0.00778
98	0.00745	0.00522	0.00610	0.00626	0.00735	0.00506	0.00453	0.04025	0.05271	0.01595	0.16525	0.33274	0.15530	0.01118	0.00539	0.00164	0.00271	0.00978	0.16056	0.00455
99	0.00989	0.00937	0.01587	0.61274	0.23289	0.01096	0.01383	0.01303	0.01004	0.01328	0.00874	0.01268	0.00678	0.00471	0.00483	0.00157	0.00628	0.00431	0.00222	0.00598
100	0.00684	0.00497	0.00645	0.00612	0.00728	0.00458	0.00461	0.00909	0.01357	0.01911	0.75527	0.03695	0.07048	0.01006	0.00574	0.00154	0.00234	0.02515	0.00529	0.00455
101	0.01842	0.01357	0.01454	0.01115	0.01503	0.01503	0.00921	0.78330	0.02278	0.03054	0.01163	0.01163	0.00824	0.00582	0.00485	0.00145	0.00533	0.00436	0.00485	0.00824
102	0.01005	0.00861	0.01005	0.00718	0.01148	0.00646	0.00574	0.01220	0.01005	0.01579	0.00861	0.01005	0.00718	0.00359	0.00359	0.00072	0.00359	0.00287	0.00287	0.85932
103	0.04854	0.00889	0.01119	0.00887	0.01242	0.00845	0.00724	0.05530	0.15171	0.60542	0.01849	0.01628	0.01211	0.00604	0.00482	0.00152	0.00411	0.00488	0.00566	0.00804
104	0.00657	0.00507	0.00606	0.00656	0.00779	0.00464	0.00522	0.00808	0.01077	0.01345	0.04880	0.12566	0.39896	0.05076	0.00699	0.00202	0.00331	0.28070	0.00443	0.00416
105	0.10720	0.00902	0.01118	0.00865	0.01236	0.00844	0.00714	0.11449	0.01425	0.60229	0.01659	0.01480	0.01068	0.00574	0.00463	0.00147	0.00421	0.00451	0.00544	0.03689
106	0.01745	0.02201	0.01383	0.01251	0.01478	0.74079	0.00947	0.01868	0.01318	0.01184	0.00739	0.00890	0.00625	0.00530	0.00538	0.00132	0.07964	0.00322	0.00246	0.00559
107	0.00915	0.00861	0.01453	0.81804	0.03338	0.01077	0.01346	0.01238	0.00969	0.01238	0.00861	0.01292	0.00646	0.00484	0.00484	0.00161	0.00646	0.00431	0.00215	0.00538
108	0.00915	0.00608	0.00766	0.00777	0.00935	0.00593	0.00629	0.01231	0.09969	0.10188	0.11178	0.13685	0.15288	0.01146	0.00597	0.00188	0.00359	0.29958	0.00479	0.00513
109	0.00674	0.00495	0.00632	0.00598	0.00717	0.00452	0.00448	0.00892	0.01344	0.01879	0.72051	0.03727	0.12253	0.01015	0.00572	0.00154	0.00230	0.00891	0.00525	0.00452
110	0.00987	0.09794	0.69063	0.01285	0.01936	0.01163	0.01623	0.01483	0.01003	0.01467	0.00887	0.01115	0.00676	0.04853	0.00554	0.00166	0.00685	0.00367	0.00210	0.00685
111	0.01707	0.01245	0.05606	0.03589	0.07856	0.01255	0.00972	0.41819	0.09184	0.18093	0.01335	0.01319	0.00937	0.00576	0.00506	0.00150	0.02144	0.00452	0.00460	0.00794
112	0.02150	0.00839	0.01131	0.00869	0.01243	0.00737	0.00717	0.03883	0.02787	0.77347	0.01898	0.01643	0.01197	0.00600	0.00487	0.00150	0.00414	0.00487	0.00596	0.00824
113	0.01199	0.01151	0.01967	0.02974	0.79946	0.01151	0.01487	0.01487	0.01103	0.01583	0.00912	0.01199	0.00768	0.00432	0.00480	0.00144	0.00576	0.00432	0.00240	0.00768
114	0.77851	0.00953	0.00787	0.04985	0.01092	0.01106	0.00587	0.05040	0.00901	0.02166	0.00708	0.00832	0.00545	0.00458	0.00318	0.00150	0.00397	0.00280	0.00304	0.00540
115	0.00749	0.00545	0.00686	0.00674	0.02608	0.00518	0.00488	0.03582	0.03002	0.01877	0.58135	0.07610	0.09930	0.00974	0.00551	0.00153	0.00254	0.00853	0.06334	0.00476
116	0.00656	0.00470	0.00628	0.00728	0.00786	0.00450	0.00542	0.00783	0.00988	0.01304	0.04240	0.51026	0.05106	0.05649	0.00727	0.00217	0.00340	0.24511	0.00442	0.00406
117	0.00601	0.00429	0.00574	0.00686	0.00719	0.00402	0.00467	0.00692	0.00938	0.01248	0.02665	0.78540	0.03183	0.01509	0.00621	0.00198	0.00290	0.05390	0.00450	0.00396
118	0.01449	0.01641	0.01786	0.02104	0.37139	0.33938	0.08416	0.02721	0.01223	0.01425	0.00847	0.01071	0.00703	0.00472	0.00503	0.00140	0.03113	0.00396	0.00247	0.00666
119	0.00715	0.00471	0.00537	0.00537	0.00548	0.00476	0.00312	0.00736	0.00725	0.00995	0.01518	0.03032	0.01705	0.74443	0.06449	0.00467	0.00500	0.00682	0.04840	0.00309
120	0.00585	0.00442	0.00541	0.00620	0.00688	0.00398	0.00426	0.00681	0.00980	0.01259	0.03337	0.59437	0.25991	0.01432	0.00605	0.00187	0.00271	0.01272	0.00450	0.00398
121	0.01005	0.00861	0.01005	0.00718	0.01148	0.00646	0.00574	0.01220	0.01005	0.01579	0.00861	0.01005	0.00718	0.00359	0.00359	0.00072	0.00359	0.00287	0.00287	0.85932
122	0.01296	0.83261	0.02539	0.00829	0.01244	0.01917	0.00829	0.01451	0.00985	0.01140	0.00674	0.00777	0.00622	0.00415	0.00311	0.00104	0.00518	0.00259	0.00207	0.00622
123	0.00659	0.00494	0.00611	0.00582	0.00708	0.00446	0.00436	0.00863	0.01309	0.01794	0.62113	0.03865	0.22243	0.01046	0.00572	0.00155	0.00233	0.00911	0.00514	0.00446
124	0.00704	0.00528	0.00769	0.00763	0.00837	0.00614	0.00581	0.00855	0.00769	0.01104	0.01307	0.02031	0.01261	0.12976	0.69527	0.00726	0.03429	0.00539	0.00262	0.00419
125	0.00580	0.00490	0.00496	0.00495	0.00652	0.00412	0.00368	0.00700	0.01097	0.01310	0.06406	0.04591	0.75506	0.03973	0.00636	0.00174	0.00253	0.01009	0.00447	0.00406
126	0.01288	0.01395	0.01218	0.01099	0.01255	0.31304	0.00860	0.04840	0.06945	0.01309	0.00984	0.01283	0.00862	0.01457	0.22899	0.00329	0.19438	0.00418	0.00272	0.00546
127	0.01205	0.00960	0.01038	0.00928	0.01191	0.01080	0.00723	0.02352	0.64370	0.07328	0.08824	0.02052	0.04392	0.00702	0.00502	0.00162	0.00367	0.00588	0.00502	0.00732
128	0.01296	0.83261	0.02539	0.00829	0.01244	0.01917	0.00829	0.01451	0.00985	0.01140	0.00674	0.00777	0.00622	0.00415	0.00311	0.00104	0.00518	0.00259	0.00207	0.00622
129	0.01170	0.01205	0.04818	0.01624	0.01922	0.01268	0.39642	0.01451	0.01006	0.06882	0.00949	0.01324	0.00773	0.00609	0.00945	0.00182	0.31116	0.02236	0.00261	0.00617
130	0.01244	0.01022	0.01008	0.04437	0.03808	0.12624	0.00714	0.16931	0.03448	0.01850	0.01299	0.05761	0.01078	0.00631	0.00533	0.00140	0.08286	0.00476	0.34138	0.00571
131	0.01070	0.01016	0.01709	0.38836	0.42909	0.01119	0.01403	0.01403	0.03156	0.01438	0.00917	0.01258	0.00731	0.00462	0.00482	0.00152	0.00603	0.00434	0.00236	0.00663
132	0.83058	0.00940	0.00752	0.02226	0.02569	0.01088	0.00560	0.01422	0.00833	0.02145	0.00683	0.00805	0.00532	0.00450	0.00307	0.00150	0.00384	0.00269	0.00297	0.00530
133	0.04901	0.03484	0.01567	0.01753	0.32488	0.02765	0.03637	0.10471	0.01299	0.23598	0.01226	0.02631	0.00913	0.00509	0.00466	0.00141	0.00510	0.00444	0.00376	0.06821
134	0.01459	0.01246	0.01561	0.06320	0.10266	0.13231	0.12909	0.17386	0.05691	0.11439	0.01360	0.01854	0.01121	0.00633	0.00517	0.00158	0.00605	0.11186	0.00378	0.00678
135	0.09305	0.01224	0.01330	0.01027	0.01405	0.01323	0.00848	0.57812	0.01989	0.16990	0.01256	0.01219	0.00866	0.00573	0.00469	0.00147	0.00497	0.00430	0.00489	0.00798
136	0.86392	0.00937	0.00712	0.00637	0.00937	0.01087	0.00525	0.01425	0.00825	0.02174	0.00675	0.00787	0.00525	0.00450	0.00300	0.00150	0.00375	0.00262	0.00300	0.00525
137	0.01352	0.01435	0.01772	0.02437	0.56143	0.21121	0.01311	0.01657	0.05325	0.01508	0.00927	0.01150	0.00770	0.00461	0.00470	0.00140	0.00640	0.00408	0.00256	0.00716
138	0.01851	0.01344	0.01446	0.01109	0.01496	0.01483	0.00916	0.76384	0.02256	0.05033	0.01183	0.01176	0.00834	0.00582	0.00485	0.00146	0.00530	0.00438	0.00488	0.00824
139	0.01005	0.00861	0.01005	0.00718	0.01148	0.00646	0.00574	0.01220	0.01005	0.01579	0.00861	0.01005	0.00718	0.00359	0.00359	0.00072	0.00359	0.00287	0.00287	0.85932
140	0.86392	0.00937	0.00712	0.00637	0.00937	0.01087	0.00525	0.01425	0.00825	0.02174	0.00675	0.00787	0.00525	0.00450	0.00300	0.00150	0.00375	0.00262	0.00300	0.00525
141	0.00704	0.00473	0.00544	0.00544	0.00549	0.00478	0.00313	0.00714	0.00709	0.00951	0.01513	0.03094	0.01728	0.78145	0.07245	0.00489	0.00520	0.00693	0.00292	0.00302
142	0.86392	0.00937	0.00712	0.00637	0.00937	0.01087	0.00525	0.01425	0.00825	0.02174	0.00675	0.00787	0.00525	0.00450	0.00300	0.00150	0.00375	0.00262	0.00300	0.00525
143	0.03492	0.00501	0.00547	0.00544	0.00687	0.00443	0.00405	0.00777	0.01151	0.01503	0.24706	0.11235	0.49984	0.01163	0.00567	0.00163	0.00248	0.00990	0.00467	0.00425
144	0.01407	0.01130	0.01197	0.01011	0.01243	0.07321	0.00810	0.26667	0.16936	0.05604	0.01364	0.05694	0.01101	0.00686	0.00668	0.00158	0.14944	0.00501	0.10885	0.00672
145	0.00593	0.00427	0.00563	0.00666	0.00702	0.00397	0.00447	0.00684	0.00951	0.01266	0.05634	0.76901	0.05999	0.01488	0.00615	0.00194	0.00278	0.01346	0.00453	0.00397
146	0.01008	0.00791	0.00942	0.00847	0.01028	0.00878	0.00664	0.09528	0.23391	0.03435	0.25692	0.05013	0.05376	0.01187	0.10365	0.00238	0.06638	0.01936	0.00453	0.00589
147	0.02143	0.00844	0.01133	0.00872	0.01245	0.00745	0.00719	0.04463	0.03180	0.76369	0.01893	0.01640	0.01196	0.00601	0.00487	0.00150	0.00415	0.00487	0.00594	0.00823
148	0.00997	0.02472	0.78832	0.01371	0.02080	0.01117	0.01768	0.01552	0.01031	0.03149	0.00891	0.01036	0.00626	0.00463	0.00461	0.00153	0.00710	0.00361	0.00213	0.00718
