[name]
unknown

[dist]
# distance from previous block
# <min> <max>
0	63

[block]
# block no. 0 follows, 63 sequences, length 28
# corresponding to MSA columns:
# 223-250
name=unknown_A
#
# <colnr> <probs for GDERKNQSTAVLIFYWHMCP>
#	G	D	E	R	K	N	Q	S	T	A	V	L	I	F	Y	W	H	M	C	P
0	0.07018	0.13938	0.18529	0.01101	0.09695	0.00991	0.08576	0.07661	0.04073	0.04564	0.07240	0.03242	0.02117	0.00492	0.00397	0.00124	0.00461	0.03192	0.00274	0.06313
1	0.06531	0.00609	0.00753	0.00786	0.04703	0.02964	0.03056	0.07962	0.02310	0.05323	0.02994	0.45082	0.04573	0.00993	0.00489	0.00157	0.00329	0.08479	0.01470	0.00438
2	0.01140	0.12526	0.05010	0.00978	0.06787	0.05359	0.03393	0.17056	0.21632	0.04258	0.02645	0.04818	0.04258	0.00527	0.00401	0.00123	0.00421	0.00429	0.00333	0.07907
3	0.07087	0.26880	0.19869	0.03328	0.01305	0.06703	0.01968	0.07119	0.02454	0.11796	0.00930	0.03535	0.00752	0.00465	0.00365	0.00120	0.00485	0.02833	0.00267	0.01740
4	0.03414	0.06119	0.06562	0.00755	0.02290	0.00667	0.04256	0.04166	0.05518	0.07887	0.13905	0.19071	0.09259	0.01699	0.00471	0.00140	0.00340	0.05544	0.00359	0.07578
5	0.03697	0.06519	0.28328	0.04088	0.01856	0.02466	0.36698	0.01345	0.03867	0.01343	0.00828	0.01023	0.00621	0.00384	0.00426	0.00131	0.00611	0.00393	0.02239	0.03137
6	0.03090	0.03009	0.01637	0.09082	0.51870	0.06461	0.08597	0.04994	0.01013	0.03945	0.00830	0.01079	0.00675	0.00401	0.00417	0.00127	0.00528	0.01395	0.00230	0.00620
7	0.01069	0.10903	0.20575	0.01342	0.14322	0.02348	0.15105	0.05281	0.12061	0.07401	0.01037	0.04906	0.00824	0.00463	0.00417	0.00130	0.00516	0.00417	0.00270	0.00612
8	0.00513	0.00422	0.00452	0.00455	0.00581	0.00360	0.00337	0.00631	0.00982	0.01216	0.16257	0.10452	0.63778	0.01053	0.00500	0.00143	0.00213	0.00892	0.00402	0.00360
9	0.00602	0.00409	0.00471	0.00481	0.00493	0.00406	0.00286	0.00620	0.00651	0.00863	0.01528	0.08748	0.04624	0.71688	0.03656	0.00380	0.00403	0.03148	0.00273	0.00271
10	0.01063	0.23673	0.29815	0.01209	0.12465	0.04902	0.03442	0.03558	0.10512	0.04275	0.00865	0.00957	0.00668	0.00413	0.00374	0.00121	0.00520	0.00326	0.00233	0.00609
11	0.01246	0.00801	0.01213	0.11448	0.29512	0.00805	0.00892	0.04576	0.02171	0.27887	0.01258	0.04447	0.02768	0.04913	0.00534	0.00146	0.02307	0.00446	0.02020	0.00610
12	0.00500	0.00422	0.00433	0.00439	0.00572	0.00355	0.00326	0.00607	0.00954	0.01145	0.06008	0.09305	0.75350	0.01076	0.00499	0.00144	0.00215	0.00904	0.00392	0.00355
13	0.03460	0.02743	0.09042	0.00876	0.01202	0.06929	0.00766	0.27251	0.08222	0.27019	0.01211	0.01217	0.00859	0.03617	0.02116	0.00148	0.00461	0.00387	0.00393	0.02080
14	0.01180	0.03875	0.04346	0.01665	0.30839	0.18292	0.14334	0.05594	0.01998	0.05985	0.03854	0.04350	0.00860	0.00456	0.00425	0.00126	0.00558	0.00416	0.00256	0.00589
15	0.14065	0.03451	0.03891	0.00998	0.01243	0.63448	0.00783	0.05214	0.01141	0.01236	0.00659	0.00761	0.00537	0.00428	0.00362	0.00113	0.00671	0.00270	0.00230	0.00499
16	0.01117	0.54001	0.17405	0.00959	0.04730	0.09353	0.03555	0.01329	0.00907	0.02331	0.00657	0.00765	0.00555	0.00377	0.00321	0.00104	0.00521	0.00264	0.00190	0.00559
17	0.00821	0.00596	0.00683	0.00684	0.04039	0.04612	0.00481	0.01061	0.08904	0.10315	0.27950	0.15841	0.13792	0.07574	0.00610	0.00161	0.00295	0.00732	0.00405	0.00447
18	0.05406	0.17295	0.05176	0.02016	0.01094	0.08080	0.00681	0.13100	0.08456	0.11826	0.09180	0.01308	0.02655	0.01273	0.01773	0.00127	0.00424	0.00385	0.02615	0.07130
19	0.27393	0.06897	0.38992	0.02513	0.01345	0.03559	0.01008	0.03064	0.00859	0.01469	0.00842	0.08741	0.00726	0.00484	0.00362	0.00132	0.00484	0.00365	0.00230	0.00534
20	0.00544	0.00382	0.00483	0.00544	0.00568	0.00363	0.00352	0.00605	0.00775	0.01037	0.06638	0.55985	0.03798	0.24745	0.00982	0.00234	0.00287	0.01002	0.00356	0.00321
21	0.01025	0.00974	0.01711	0.12136	0.58672	0.00987	0.11480	0.02457	0.00966	0.02943	0.00823	0.01078	0.00664	0.00384	0.00425	0.00129	0.00525	0.00391	0.01603	0.00627
22	0.01271	0.01118	0.01265	0.02352	0.06815	0.18108	0.12308	0.09906	0.18023	0.13491	0.04710	0.04469	0.03173	0.00534	0.00434	0.00131	0.00495	0.00459	0.00346	0.00592
23	0.00596	0.00450	0.00589	0.00666	0.04084	0.00437	0.00448	0.00692	0.00861	0.03210	0.06962	0.52206	0.18629	0.02572	0.00594	0.00165	0.05092	0.00997	0.00376	0.00376
24	0.00522	0.00381	0.00495	0.00577	0.00619	0.00356	0.00397	0.00605	0.00822	0.01081	0.02476	0.68427	0.11690	0.02451	0.03567	0.00190	0.00280	0.04337	0.00382	0.00345
25	0.09123	0.00916	0.05204	0.00798	0.01095	0.03544	0.00673	0.16204	0.09941	0.38095	0.02267	0.06103	0.01056	0.02487	0.00453	0.00139	0.00391	0.00445	0.00427	0.00639
26	0.03052	0.05107	0.12895	0.01263	0.04517	0.00968	0.30622	0.07569	0.03249	0.12776	0.03779	0.05338	0.02569	0.00496	0.00483	0.00137	0.03831	0.00473	0.00291	0.00584
27	0.03594	0.01085	0.01081	0.01946	0.07030	0.23850	0.03302	0.04034	0.00944	0.01188	0.06106	0.12862	0.01155	0.04730	0.03715	0.00173	0.19989	0.00494	0.00259	0.02463

[dist]
# distance from previous block
# <min> <max>
1	3

[block]
# block no. 1 follows, 63 sequences, length 88
# corresponding to MSA columns:
# 254-341
name=unknown_B
#
# <colnr> <probs for GDERKNQSTAVLIFYWHMCP>
#	G	D	E	R	K	N	Q	S	T	A	V	L	I	F	Y	W	H	M	C	P
0	0.08436	0.14732	0.01510	0.04556	0.34494	0.08227	0.00959	0.15470	0.03156	0.01544	0.00865	0.01004	0.02435	0.00423	0.00379	0.00120	0.00484	0.00344	0.00255	0.00607
1	0.00708	0.00500	0.00626	0.00578	0.00725	0.00456	0.00451	0.00934	0.04540	0.06056	0.48917	0.03063	0.12634	0.00838	0.00482	0.00134	0.00246	0.09485	0.00428	0.08200
2	0.01266	0.51650	0.03835	0.00860	0.01173	0.29486	0.00770	0.01442	0.04161	0.01041	0.00655	0.00743	0.00569	0.00394	0.00316	0.00099	0.00554	0.00252	0.00202	0.00529
3	0.00614	0.00428	0.00476	0.00471	0.00512	0.00417	0.00292	0.02400	0.00741	0.00979	0.05265	0.05217	0.16025	0.59200	0.02626	0.00331	0.00364	0.00670	0.02678	0.00296
4	0.00608	0.00453	0.00570	0.00559	0.00641	0.00448	0.00405	0.00799	0.05126	0.01385	0.42983	0.15963	0.08930	0.11889	0.05166	0.00205	0.02311	0.00779	0.00398	0.00381
5	0.01151	0.80389	0.02141	0.00741	0.01092	0.06656	0.00725	0.01284	0.00875	0.00991	0.00588	0.00679	0.00540	0.00364	0.00276	0.00091	0.00468	0.00228	0.00182	0.00536
6	0.00887	0.11706	0.67544	0.01187	0.01763	0.01062	0.07554	0.01324	0.00892	0.01293	0.00742	0.00882	0.00541	0.00391	0.00392	0.00129	0.00608	0.00315	0.00180	0.00608
7	0.01385	0.09768	0.01283	0.01029	0.01223	0.56128	0.00805	0.03043	0.04125	0.01077	0.00687	0.00848	0.00593	0.02048	0.00566	0.00126	0.14254	0.00298	0.00220	0.00495
8	0.70699	0.00868	0.03363	0.00761	0.07646	0.00935	0.00573	0.03941	0.00797	0.03535	0.00699	0.03373	0.00569	0.00425	0.00295	0.00131	0.00352	0.00282	0.00268	0.00489
9	0.00666	0.00476	0.00664	0.00759	0.00852	0.00474	0.00656	0.00853	0.00962	0.01255	0.03636	0.09328	0.02467	0.01165	0.00577	0.00191	0.00376	0.73869	0.00389	0.00385
10	0.01235	0.00997	0.01057	0.00894	0.01165	0.01134	0.00711	0.29276	0.54494	0.02064	0.01471	0.01377	0.01089	0.00548	0.00425	0.00137	0.00377	0.00442	0.00425	0.00682
11	0.00941	0.00718	0.00852	0.00626	0.00973	0.00551	0.00499	0.01122	0.00904	0.08548	0.02221	0.04148	0.00804	0.00380	0.00332	0.00074	0.00309	0.00311	0.01945	0.73741
12	0.00512	0.00366	0.00488	0.00585	0.00610	0.00341	0.00390	0.00585	0.00805	0.01073	0.02317	0.84952	0.02780	0.01317	0.00537	0.00171	0.00244	0.01195	0.00390	0.00341
13	0.01084	0.01107	0.02275	0.01637	0.02046	0.01053	0.69152	0.06603	0.03212	0.06076	0.00930	0.01154	0.00683	0.00379	0.00485	0.00140	0.00663	0.00484	0.00249	0.00588
14	0.00919	0.00926	0.01351	0.01138	0.01165	0.01263	0.05802	0.01028	0.00666	0.01032	0.00579	0.00944	0.00564	0.00748	0.02545	0.00189	0.78113	0.00377	0.00186	0.00465
15	0.01840	0.00725	0.00975	0.00750	0.01070	0.00637	0.00619	0.04962	0.01232	0.77690	0.03838	0.01462	0.01108	0.00529	0.00425	0.00130	0.00357	0.00430	0.00515	0.00707
16	0.01376	0.00639	0.00764	0.00625	0.00854	0.00613	0.00503	0.12206	0.01169	0.37327	0.01449	0.01433	0.01013	0.00505	0.00367	0.00116	0.00303	0.00404	0.37759	0.00577
17	0.00617	0.00442	0.00634	0.00634	0.00705	0.00505	0.00484	0.00758	0.00687	0.01011	0.01163	0.01736	0.01093	0.09773	0.69879	0.00605	0.00989	0.00459	0.07460	0.00367
18	0.01018	0.00975	0.01665	0.10163	0.75200	0.00993	0.01279	0.01270	0.00946	0.01346	0.00787	0.01048	0.00656	0.00379	0.00417	0.00126	0.00505	0.00374	0.00206	0.00647
19	0.82865	0.00787	0.00604	0.00543	0.00793	0.00909	0.00445	0.01220	0.00726	0.01867	0.00633	0.00737	0.00493	0.00396	0.00262	0.00128	0.00317	0.00238	0.05584	0.00451
20	0.01535	0.01870	0.01177	0.01057	0.01278	0.73023	0.00800	0.08648	0.01240	0.01170	0.00700	0.00815	0.00577	0.00547	0.03660	0.00132	0.00747	0.00287	0.00235	0.00503
21	0.01065	0.00952	0.03820	0.06403	0.58185	0.00929	0.01135	0.02601	0.04869	0.07921	0.04961	0.01217	0.00891	0.00498	0.02626	0.00142	0.00488	0.00403	0.00258	0.00638
22	0.00922	0.22288	0.57786	0.01123	0.01667	0.01149	0.06949	0.01315	0.00887	0.01249	0.00720	0.00853	0.00542	0.00387	0.00375	0.00123	0.00586	0.00303	0.00181	0.00598
23	0.00770	0.00487	0.00573	0.00553	0.00702	0.00435	0.00433	0.00909	0.02202	0.14072	0.05050	0.04882	0.43779	0.08417	0.00645	0.00173	0.00286	0.14818	0.00401	0.00414
24	0.00747	0.00470	0.00599	0.00546	0.00670	0.00439	0.00416	0.03047	0.01183	0.08468	0.65945	0.02795	0.03367	0.00787	0.00469	0.00129	0.00218	0.00688	0.08586	0.00431
25	0.00974	0.01099	0.02371	0.09154	0.02260	0.01052	0.73922	0.01322	0.00979	0.01322	0.00841	0.01133	0.00631	0.00360	0.00489	0.00142	0.00695	0.00485	0.00210	0.00558
26	0.00611	0.00459	0.00589	0.00654	0.00733	0.01874	0.00516	0.00741	0.00888	0.01150	0.04122	0.28266	0.13290	0.01366	0.08178	0.02722	0.00390	0.32722	0.00367	0.00364
27	0.00515	0.00367	0.00487	0.00582	0.00606	0.00343	0.00387	0.00586	0.00800	0.01066	0.02290	0.82708	0.02746	0.03608	0.00580	0.00177	0.00248	0.01179	0.00387	0.00339
28	0.00510	0.00374	0.00479	0.00563	0.00604	0.00343	0.00380	0.00588	0.00827	0.01082	0.02594	0.73423	0.14131	0.01281	0.00531	0.00167	0.00239	0.01151	0.00390	0.00343
29	0.01129	0.77952	0.02191	0.00794	0.01153	0.03965	0.05622	0.01276	0.00872	0.01012	0.00603	0.00705	0.00546	0.00361	0.00287	0.00094	0.00474	0.00243	0.00183	0.00540
30	0.00879	0.00910	0.01805	0.20875	0.02059	0.00933	0.43979	0.01171	0.00927	0.01241	0.01046	0.03646	0.00925	0.00581	0.02282	0.00162	0.04292	0.11548	0.00234	0.00504
31	0.88196	0.00813	0.00618	0.00553	0.00813	0.00943	0.00455	0.01236	0.00715	0.01886	0.00585	0.00683	0.00455	0.00390	0.00260	0.00130	0.00325	0.00228	0.00260	0.00455
32	0.01871	0.00719	0.00975	0.00750	0.01073	0.00625	0.00619	0.02052	0.02616	0.81473	0.01659	0.01433	0.01045	0.00521	0.00423	0.00130	0.00357	0.00424	0.00519	0.00715
33	0.01134	0.80291	0.02130	0.00729	0.01080	0.03732	0.00717	0.02662	0.00889	0.01032	0.02105	0.00728	0.00606	0.00373	0.00279	0.00092	0.00453	0.00239	0.00190	0.00539
34	0.00613	0.00462	0.00579	0.00527	0.00659	0.00409	0.00399	0.00800	0.01133	0.01595	0.65687	0.03006	0.12038	0.00826	0.00477	0.00126	0.00211	0.00722	0.00433	0.09299
35	0.01522	0.04628	0.01241	0.01102	0.03073	0.73932	0.00823	0.03804	0.01177	0.01079	0.00657	0.00774	0.00549	0.00442	0.00413	0.00111	0.03678	0.00278	0.00220	0.00498
36	0.01242	0.05699	0.01061	0.00909	0.07123	0.00870	0.01623	0.26541	0.03411	0.17638	0.01421	0.13266	0.02467	0.06473	0.03241	0.00170	0.00417	0.03056	0.02795	0.00578
37	0.27781	0.00860	0.00715	0.00630	0.00836	0.11746	0.00498	0.12735	0.01042	0.04953	0.00994	0.01104	0.00762	0.00455	0.00318	0.00114	0.00355	0.00325	0.33293	0.00483
38	0.00963	0.01300	0.20757	0.04264	0.31417	0.02709	0.23686	0.01284	0.00935	0.01316	0.00834	0.03700	0.00684	0.00422	0.00476	0.00135	0.03894	0.00418	0.00207	0.00600
39	0.00912	0.00908	0.01273	0.01093	0.01095	0.01269	0.00910	0.01005	0.00645	0.01011	0.00566	0.00937	0.00564	0.00794	0.03351	0.00196	0.82458	0.00370	0.00185	0.00458
40	0.13086	0.01768	0.55764	0.01242	0.05516	0.00978	0.11865	0.01330	0.00886	0.02723	0.00760	0.00907	0.00550	0.00393	0.00394	0.00133	0.00581	0.00328	0.00201	0.00595
41	0.01039	0.00827	0.01104	0.00945	0.01039	0.04292	0.02679	0.03327	0.00803	0.13798	0.00897	0.01228	0.00777	0.04932	0.17580	0.00278	0.43310	0.00403	0.00256	0.00484
42	0.15859	0.10251	0.06228	0.03176	0.03670	0.27717	0.04031	0.04941	0.01054	0.15282	0.00853	0.00943	0.00644	0.00443	0.00391	0.00121	0.02553	0.01015	0.00278	0.00551
43	0.00601	0.00450	0.00676	0.00676	0.00751	0.00525	0.00525	0.00751	0.00676	0.00976	0.01126	0.01651	0.01051	0.03153	0.83560	0.00676	0.01126	0.00450	0.00225	0.00375
44	0.01121	0.00942	0.01003	0.00894	0.02244	0.01080	0.00692	0.12945	0.69884	0.01874	0.01603	0.01485	0.01198	0.00559	0.00427	0.00140	0.00353	0.00461	0.00424	0.00672
45	0.01690	0.00708	0.00939	0.00718	0.01042	0.00599	0.00589	0.01853	0.01147	0.68290	0.01634	0.01456	0.04189	0.00513	0.00410	0.00121	0.00346	0.00417	0.00477	0.12861
46	0.00512	0.00366	0.00488	0.00585	0.00610	0.00341	0.00390	0.00585	0.00805	0.01073	0.02317	0.84952	0.02780	0.01317	0.00537	0.00171	0.00244	0.01195	0.00390	0.00341
47	0.00920	0.00920	0.01288	0.01104	0.01104	0.01288	0.00920	0.01012	0.00644	0.01012	0.00552	0.00920	0.00552	0.00736	0.01380	0.00184	0.84457	0.00368	0.00184	0.00460
48	0.00608	0.00406	0.00460	0.00463	0.00464	0.00405	0.00259	0.00610	0.00618	0.00824	0.01360	0.05649	0.01572	0.82268	0.02083	0.00399	0.00402	0.00632	0.00259	0.00258
49	0.18712	0.00733	0.00897	0.00705	0.01013	0.00684	0.00581	0.02760	0.01110	0.64490	0.01436	0.01283	0.00923	0.00494	0.00388	0.00129	0.00349	0.00384	0.02270	0.00658
50	0.13968	0.00723	0.00917	0.00716	0.01027	0.00659	0.00590	0.01909	0.01134	0.69849	0.03179	0.01361	0.01019	0.00509	0.00401	0.00130	0.00350	0.00402	0.00483	0.00672
51	0.00512	0.00366	0.00488	0.00585	0.00610	0.00341	0.00390	0.00585	0.00805	0.01073	0.02317	0.84952	0.02780	0.01317	0.00537	0.00171	0.00244	0.01195	0.00390	0.00341
52	0.01603	0.01170	0.01257	0.00964	0.01300	0.01293	0.00796	0.79920	0.01964	0.03950	0.01020	0.01016	0.00720	0.00505	0.00421	0.00126	0.00461	0.00379	0.00422	0.00715
53	0.88196	0.00813	0.00618	0.00553	0.00813	0.00943	0.00455	0.01236	0.00715	0.01886	0.00585	0.00683	0.00455	0.00390	0.00260	0.00130	0.00325	0.00228	0.00260	0.00455
54	0.01532	0.03800	0.01259	0.01145	0.06251	0.62214	0.00837	0.15503	0.01306	0.01331	0.00719	0.00817	0.00579	0.00440	0.00386	0.00112	0.00683	0.00295	0.00251	0.00539
55	0.01380	0.02282	0.00954	0.00755	0.01020	0.00782	0.00611	0.15028	0.13300	0.35119	0.13058	0.01740	0.06367	0.00603	0.00455	0.00131	0.02357	0.00489	0.00452	0.03118
56	0.00950	0.32950	0.43874	0.01033	0.03612	0.01233	0.01168	0.01270	0.00872	0.01197	0.03012	0.00879	0.00638	0.00416	0.00410	0.00120	0.05306	0.00297	0.00188	0.00576
57	0.00552	0.00400	0.00521	0.00550	0.00617	0.00369	0.00390	0.00687	0.00999	0.01373	0.41226	0.41435	0.07150	0.01083	0.00515	0.00151	0.00220	0.00970	0.00425	0.00369
58	0.00772	0.00394	0.00402	0.00400	0.00498	0.00392	0.00300	0.00968	0.00900	0.01574	0.06312	0.01663	0.01254	0.00512	0.00306	0.00100	0.00196	0.00414	0.82249	0.00392
59	0.00974	0.00880	0.01330	0.10172	0.12028	0.03769	0.11387	0.04620	0.02315	0.05951	0.01898	0.11761	0.00991	0.01705	0.02206	0.00166	0.25486	0.01592	0.00260	0.00511
60	0.00671	0.00460	0.00661	0.02059	0.03917	0.00434	0.03057	0.00790	0.00886	0.06928	0.07045	0.57355	0.04397	0.01119	0.00516	0.00162	0.00288	0.06914	0.01943	0.00398
61	0.00512	0.00368	0.00486	0.00580	0.00608	0.00342	0.00388	0.00586	0.00810	0.01075	0.02385	0.82107	0.05582	0.01308	0.00535	0.00170	0.00243	0.01184	0.00390	0.00342
62	0.00552	0.00394	0.00533	0.00630	0.00672	0.00375	0.00459	0.00654	0.00844	0.01117	0.02295	0.65806	0.02694	0.01280	0.00547	0.00176	0.00278	0.19952	0.00389	0.00352
63	0.01252	0.22207	0.08036	0.00810	0.01115	0.01891	0.00733	0.22386	0.02340	0.16280	0.02979	0.12354	0.02326	0.00606	0.00404	0.00127	0.00414	0.02799	0.00351	0.00589
64	0.01577	0.00868	0.01042	0.00846	0.01087	0.07948	0.00690	0.06240	0.01109	0.50798	0.01302	0.01277	0.00895	0.00750	0.06930	0.00179	0.15030	0.00400	0.00408	0.00625
65	0.85432	0.00851	0.00636	0.00570	0.00828	0.03578	0.00467	0.01250	0.00731	0.01859	0.00587	0.00685	0.00458	0.00392	0.00264	0.00129	0.00339	0.00229	0.00259	0.00456
66	0.01613	0.00658	0.00874	0.00690	0.00975	0.00568	0.00563	0.01770	0.01168	0.66526	0.06944	0.01900	0.12584	0.00617	0.00438	0.00132	0.00328	0.00508	0.00499	0.00646
67	0.01115	0.02371	0.01504	0.13619	0.49405	0.19484	0.01132	0.01329	0.00981	0.01233	0.00759	0.01018	0.00638	0.02188	0.00453	0.00129	0.01494	0.00354	0.00207	0.00585
68	0.01033	0.00756	0.00870	0.00709	0.00970	0.00717	0.00560	0.21722	0.04692	0.07255	0.07530	0.13850	0.06563	0.00645	0.00418	0.00116	0.00332	0.02431	0.00369	0.28464
69	0.04494	0.05244	0.05276	0.01014	0.02387	0.22727	0.04462	0.09047	0.25771	0.01464	0.01021	0.01095	0.00803	0.00587	0.02997	0.00149	0.10228	0.00370	0.00294	0.00570
70	0.02572	0.00791	0.03728	0.00769	0.01057	0.00719	0.00644	0.11528	0.08238	0.49228	0.06657	0.03979	0.02584	0.00611	0.00466	0.02458	0.00362	0.02499	0.00463	0.00646
71	0.00847	0.00717	0.00839	0.00811	0.03626	0.00780	0.02637	0.01567	0.45579	0.01551	0.11870	0.15531	0.09535	0.00768	0.00463	0.00146	0.00306	0.01473	0.00409	0.00545
72	0.01570	0.02004	0.01191	0.01083	0.01300	0.83539	0.00812	0.01679	0.01191	0.01029	0.00650	0.00758	0.00541	0.00433	0.00379	0.00108	0.00758	0.00271	0.00217	0.00487
73	0.01536	0.03843	0.01255	0.00946	0.01271	0.02473	0.00780	0.68240	0.09584	0.04180	0.01072	0.01058	0.00768	0.00506	0.00416	0.00126	0.00452	0.00382	0.00413	0.00701
74	0.00585	0.00429	0.00548	0.00519	0.00622	0.00393	0.00389	0.00775	0.01167	0.01631	0.74672	0.03230	0.11711	0.00880	0.00496	0.00133	0.00200	0.00773	0.00456	0.00393
75	0.66562	0.01038	0.00767	0.00675	0.00935	0.14323	0.00543	0.08357	0.00903	0.01815	0.00633	0.00724	0.00492	0.00407	0.00294	0.00126	0.00407	0.00248	0.00267	0.00483
76	0.00794	0.00747	0.01261	0.84216	0.02895	0.00934	0.01167	0.01074	0.00841	0.01074	0.00747	0.01121	0.00560	0.00420	0.00420	0.00140	0.00560	0.00374	0.00187	0.00467
77	0.01070	0.00915	0.00964	0.00860	0.01102	0.01057	0.00671	0.05668	0.78371	0.01797	0.01680	0.01544	0.01259	0.00567	0.00427	0.00142	0.00338	0.00471	0.00427	0.00668
78	0.01639	0.00729	0.00954	0.00721	0.01057	0.00613	0.00591	0.02791	0.01133	0.62309	0.01431	0.01291	0.00936	0.00470	0.00396	0.00114	0.00348	0.00380	0.00454	0.21643
79	0.04097	0.00909	0.01081	0.00830	0.01159	0.00908	0.00685	0.34644	0.01500	0.45427	0.01337	0.01222	0.00879	0.00505	0.00414	0.00127	0.00399	0.00395	0.00465	0.03017
80	0.00986	0.01175	0.05655	0.01749	0.02182	0.01060	0.77944	0.01346	0.00988	0.01346	0.00847	0.01124	0.00634	0.00356	0.00492	0.00141	0.00705	0.00489	0.00211	0.00569
81	0.00687	0.00497	0.00682	0.00771	0.00871	0.00501	0.00668	0.00916	0.04149	0.01272	0.02208	0.07176	0.02386	0.01143	0.00573	0.00191	0.00380	0.74143	0.00389	0.00397
82	0.10998	0.00726	0.00938	0.00727	0.01046	0.00652	0.00601	0.01963	0.01152	0.74343	0.01545	0.01352	0.00979	0.00507	0.00406	0.00130	0.00354	0.00402	0.00493	0.00688
83	0.06224	0.00720	0.00958	0.00738	0.01060	0.00634	0.00610	0.02008	0.01179	0.78824	0.01605	0.01393	0.01011	0.00514	0.00415	0.00130	0.00356	0.00413	0.00507	0.00702
84	0.00611	0.00408	0.00458	0.00458	0.00458	0.00408	0.00255	0.00611	0.00611	0.00815	0.01325	0.02751	0.01528	0.85226	0.02140	0.00408	0.00408	0.00611	0.00255	0.00255
85	0.00595	0.00430	0.00562	0.00529	0.00628	0.00397	0.00397	0.00793	0.01190	0.01686	0.82382	0.03140	0.03966	0.00859	0.00496	0.00132	0.00198	0.00760	0.00463	0.00397
86	0.81639	0.00817	0.00652	0.00573	0.00838	0.00935	0.00472	0.03195	0.00771	0.06110	0.00651	0.00730	0.00492	0.00400	0.00272	0.00130	0.00330	0.00241	0.00278	0.00475
87	0.01451	0.01809	0.01169	0.01060	0.01248	0.70865	0.00805	0.01560	0.01109	0.01024	0.00670	0.00828	0.00574	0.00627	0.05544	0.00150	0.08526	0.00291	0.00214	0.00478

[dist]
# distance from previous block
# <min> <max>
0	11

[block]
# block no. 2 follows, 63 sequences, length 20
# corresponding to MSA columns:
# 398-417
name=unknown_C
#
# <colnr> <probs for GDERKNQSTAVLIFYWHMCP>
#	G	D	E	R	K	N	Q	S	T	A	V	L	I	F	Y	W	H	M	C	P
0	0.00932	0.00908	0.01259	0.01079	0.01095	0.01253	0.00897	0.04173	0.00698	0.01075	0.00596	0.00957	0.00581	0.00837	0.05099	0.00204	0.77323	0.00372	0.00195	0.00466
1	0.01335	0.05306	0.03556	0.03801	0.05098	0.23921	0.10027	0.10881	0.03138	0.12697	0.00874	0.00997	0.00669	0.00494	0.00578	0.00133	0.15290	0.00359	0.00278	0.00568
2	0.00864	0.00485	0.00522	0.00490	0.00624	0.00490	0.00375	0.01181	0.11338	0.07270	0.08958	0.01817	0.05176	0.00563	0.00348	0.00111	0.00226	0.00462	0.58252	0.00448
3	0.00649	0.00442	0.00579	0.00538	0.00647	0.00406	0.00406	0.00846	0.01190	0.05066	0.79022	0.03069	0.03845	0.00845	0.00493	0.00132	0.00205	0.00746	0.00465	0.00410
4	0.03944	0.00943	0.11121	0.00816	0.01170	0.00746	0.00742	0.10503	0.02676	0.58150	0.02599	0.01364	0.02213	0.00514	0.00418	0.00130	0.00396	0.00412	0.00456	0.00686
5	0.00962	0.00733	0.00817	0.00734	0.00932	0.00798	0.00568	0.04230	0.46067	0.07083	0.22297	0.04751	0.04703	0.00677	0.00447	0.00138	0.00294	0.00576	0.02620	0.00574
6	0.00502	0.00428	0.00434	0.00437	0.00577	0.00359	0.00331	0.00612	0.00958	0.01139	0.04195	0.04067	0.79948	0.01068	0.00499	0.00144	0.00218	0.03337	0.00390	0.00356
7	0.01572	0.01963	0.01195	0.01077	0.01300	0.79531	0.00812	0.05554	0.01230	0.01108	0.00667	0.00770	0.00550	0.00437	0.00381	0.00109	0.00744	0.00276	0.00227	0.00498
8	0.04207	0.01943	0.01176	0.01064	0.01285	0.78646	0.00801	0.03966	0.01200	0.01102	0.00658	0.00763	0.00544	0.00434	0.00377	0.00109	0.00736	0.00273	0.00224	0.00493
9	0.00617	0.00443	0.00579	0.00573	0.00605	0.00487	0.00393	0.00684	0.00640	0.00890	0.01214	0.02219	0.01292	0.47275	0.36988	0.00515	0.03499	0.00534	0.00240	0.00313
10	0.00555	0.00426	0.00509	0.00501	0.00613	0.00380	0.00377	0.00710	0.01068	0.01418	0.44059	0.08472	0.34478	0.00978	0.00502	0.00141	0.00214	0.03797	0.00427	0.00377
11	0.00972	0.00784	0.00907	0.00664	0.01026	0.00640	0.00533	0.06826	0.05087	0.04706	0.00851	0.00939	0.00679	0.00346	0.00329	0.00074	0.00325	0.00277	0.00281	0.73754
12	0.00943	0.00939	0.05431	0.16895	0.47473	0.00910	0.03759	0.02337	0.02698	0.02644	0.02822	0.04466	0.05879	0.00480	0.00430	0.00132	0.00483	0.00449	0.00239	0.00589
13	0.04288	0.01093	0.07261	0.01122	0.10960	0.02781	0.03606	0.36895	0.02705	0.18945	0.02464	0.02714	0.00856	0.00496	0.00417	0.00128	0.00452	0.00402	0.01747	0.00666
14	0.02609	0.35906	0.35621	0.00963	0.01414	0.04690	0.02794	0.04835	0.02138	0.02239	0.00755	0.02920	0.00618	0.00415	0.00350	0.00115	0.00530	0.00305	0.00206	0.00577
15	0.00537	0.00417	0.00488	0.00492	0.00598	0.00369	0.00361	0.00673	0.01021	0.01335	0.33762	0.17063	0.39322	0.01028	0.00503	0.00143	0.00212	0.00890	0.00418	0.00369
16	0.01093	0.39630	0.29940	0.00943	0.01386	0.01293	0.03632	0.06422	0.04908	0.05981	0.00795	0.00871	0.00616	0.00402	0.00348	0.00114	0.00507	0.00297	0.00227	0.00596
17	0.00637	0.00468	0.00681	0.00667	0.00746	0.00537	0.01541	0.00792	0.00720	0.01069	0.03807	0.01732	0.01158	0.04367	0.65165	0.00560	0.03812	0.01713	0.09447	0.00381
18	0.00599	0.00442	0.00642	0.00646	0.00710	0.00504	0.00487	0.00727	0.00673	0.00960	0.01195	0.04908	0.01174	0.13148	0.70465	0.00624	0.01005	0.00498	0.00235	0.00359
19	0.01012	0.00822	0.00874	0.00772	0.00999	0.00908	0.00604	0.12710	0.49783	0.03479	0.04917	0.03330	0.16627	0.00675	0.00444	0.00140	0.00322	0.00560	0.00422	0.00600

[dist]
# distance from previous block
# <min> <max>
3	5

[block]
# block no. 3 follows, 63 sequences, length 33
# corresponding to MSA columns:
# 423-432,434-456
name=unknown_D
#
# <colnr> <probs for GDERKNQSTAVLIFYWHMCP>
#	G	D	E	R	K	N	Q	S	T	A	V	L	I	F	Y	W	H	M	C	P
0	0.02734	0.04330	0.20532	0.03136	0.01937	0.04060	0.48316	0.01332	0.00951	0.02871	0.00840	0.02735	0.00650	0.00405	0.00483	0.00138	0.03334	0.00437	0.00213	0.00566
1	0.02879	0.00977	0.01232	0.01332	0.21569	0.03924	0.04683	0.09470	0.39051	0.04980	0.01354	0.01427	0.01988	0.00516	0.00427	0.00136	0.00421	0.02634	0.00353	0.00646
2	0.04169	0.03488	0.63004	0.01166	0.03724	0.00980	0.03569	0.05052	0.02216	0.07557	0.00843	0.00944	0.00594	0.00413	0.00398	0.00132	0.00575	0.00327	0.00223	0.00625
3	0.00947	0.00768	0.00896	0.00645	0.01015	0.00600	0.00518	0.05179	0.00941	0.04537	0.00795	0.00900	0.00643	0.00329	0.00321	0.00068	0.00321	0.00262	0.00268	0.80047
4	0.00773	0.00630	0.00934	0.03406	0.12755	0.00694	0.02210	0.02892	0.00852	0.02804	0.01490	0.16011	0.02916	0.05630	0.15101	0.00267	0.12187	0.17715	0.00293	0.00441
5	0.00513	0.00373	0.00480	0.00565	0.00602	0.00344	0.00379	0.00588	0.00816	0.01073	0.02500	0.74297	0.11260	0.03343	0.00572	0.00173	0.00245	0.01148	0.00387	0.00341
6	0.00948	0.06849	0.03416	0.00794	0.01149	0.00775	0.07865	0.07520	0.00960	0.01419	0.00811	0.03706	0.00693	0.00386	0.00383	0.00087	0.03495	0.00318	0.00255	0.58173
7	0.00890	0.00724	0.00858	0.00640	0.00963	0.00587	0.00510	0.02674	0.00912	0.04463	0.04839	0.02328	0.04200	0.01369	0.00403	0.00083	0.03850	0.00331	0.00278	0.69097
8	0.03937	0.00852	0.09393	0.00778	0.00931	0.02454	0.00664	0.06170	0.06467	0.03961	0.07132	0.03541	0.10152	0.19714	0.01036	0.00209	0.19399	0.02462	0.00297	0.00450
9	0.00570	0.00411	0.00564	0.00623	0.00668	0.00396	0.01785	0.00661	0.00839	0.02870	0.06398	0.71089	0.04586	0.01232	0.00558	0.00168	0.02869	0.02966	0.00387	0.00361
10	0.01298	0.00606	0.00796	0.00685	0.00895	0.00555	0.00537	0.06590	0.01134	0.42677	0.11364	0.23548	0.01855	0.00782	0.00462	0.00141	0.00312	0.02534	0.02664	0.00564
11	0.01117	0.38538	0.22787	0.00981	0.04037	0.02780	0.03785	0.06690	0.05442	0.06332	0.01558	0.00906	0.00661	0.00416	0.00373	0.00115	0.02349	0.00307	0.00235	0.00591
12	0.06172	0.02789	0.01096	0.00834	0.01147	0.05497	0.03733	0.30560	0.04270	0.08869	0.01004	0.03011	0.00776	0.00565	0.03744	0.00132	0.00445	0.00361	0.01569	0.23426
13	0.00584	0.00401	0.00485	0.00507	0.00525	0.00395	0.00314	0.00627	0.00712	0.00961	0.08308	0.23619	0.02026	0.52974	0.05478	0.00337	0.00383	0.00764	0.00305	0.00294
14	0.00894	0.00882	0.01239	0.01069	0.01075	0.01227	0.00888	0.00991	0.00646	0.01009	0.00598	0.00978	0.00592	0.00929	0.07956	0.00223	0.77789	0.00374	0.00187	0.00453
15	0.01081	0.01064	0.02734	0.03209	0.60780	0.07079	0.04405	0.03499	0.04874	0.02676	0.00902	0.04163	0.00768	0.00429	0.00422	0.00127	0.00509	0.00407	0.00236	0.00636
16	0.00599	0.00403	0.00462	0.00474	0.00477	0.00400	0.00271	0.00608	0.00634	0.00846	0.01443	0.12570	0.01678	0.75203	0.01948	0.00379	0.00388	0.00681	0.00271	0.00265
17	0.00594	0.00469	0.00523	0.00494	0.00631	0.00423	0.00375	0.05128	0.01101	0.01424	0.33097	0.03541	0.48771	0.00957	0.00492	0.00137	0.00221	0.00812	0.00419	0.00390
18	0.00680	0.00511	0.00648	0.00700	0.00811	0.00512	0.00575	0.02935	0.08238	0.01307	0.05108	0.16245	0.13908	0.01091	0.00541	0.00174	0.00331	0.44880	0.00395	0.00409
19	0.09186	0.01198	0.16313	0.01387	0.01771	0.00977	0.45581	0.01275	0.02956	0.01368	0.00952	0.05817	0.00802	0.00510	0.01730	0.00152	0.03987	0.03264	0.00231	0.00543
20	0.01513	0.00499	0.00599	0.00557	0.00690	0.00479	0.00423	0.02289	0.08105	0.01555	0.50771	0.02956	0.18484	0.00971	0.05071	0.00162	0.00274	0.00713	0.00422	0.03468
21	0.01570	0.02004	0.01191	0.01083	0.01300	0.83539	0.00812	0.01679	0.01191	0.01029	0.00650	0.00758	0.00541	0.00433	0.00379	0.00108	0.00758	0.00271	0.00217	0.00487
22	0.00541	0.00414	0.00497	0.00512	0.00608	0.00370	0.00375	0.00674	0.01003	0.01319	0.31517	0.23886	0.32406	0.01057	0.00509	0.00147	0.00220	0.03161	0.00416	0.00367
23	0.01006	0.01038	0.01277	0.01098	0.01129	0.09742	0.00905	0.03360	0.00738	0.01060	0.00575	0.00906	0.00555	0.00698	0.01249	0.00175	0.73466	0.00358	0.00194	0.00470
24	0.00872	0.00747	0.00872	0.00623	0.00996	0.00560	0.00498	0.01058	0.00872	0.01370	0.00747	0.00872	0.00623	0.00311	0.00311	0.00062	0.00311	0.00249	0.00249	0.87796
25	0.00612	0.00436	0.00553	0.00520	0.00630	0.00396	0.00391	0.00796	0.01158	0.03537	0.69427	0.03227	0.14983	0.00880	0.00494	0.00134	0.00204	0.00770	0.00454	0.00398
26	0.00877	0.00857	0.01329	0.66369	0.15747	0.05510	0.01168	0.01143	0.00879	0.01120	0.00749	0.01088	0.00576	0.00414	0.00417	0.00136	0.00561	0.00368	0.00192	0.00500
27	0.00545	0.00419	0.00499	0.00498	0.00602	0.00372	0.00366	0.00689	0.01044	0.01383	0.40480	0.15567	0.34006	0.01006	0.00502	0.00142	0.00211	0.00873	0.00424	0.00372
28	0.01443	0.00643	0.00834	0.00680	0.00930	0.00583	0.00546	0.03965	0.04727	0.51708	0.14358	0.05516	0.05434	0.00634	0.00435	0.00131	0.00313	0.00531	0.05980	0.00609
29	0.00554	0.00400	0.00533	0.00622	0.00673	0.00379	0.00458	0.00661	0.00862	0.01135	0.04002	0.58848	0.07199	0.01255	0.00544	0.00174	0.00277	0.20679	0.00391	0.00355
30	0.01481	0.01833	0.04049	0.01052	0.01288	0.67038	0.00819	0.06792	0.07095	0.01195	0.00767	0.00863	0.00620	0.00522	0.02685	0.00128	0.00713	0.00299	0.00244	0.00517
31	0.00574	0.00393	0.00500	0.00556	0.00615	0.00360	0.00384	0.00671	0.00877	0.03809	0.10773	0.59752	0.12710	0.02090	0.00532	0.00162	0.00239	0.01051	0.03589	0.00362
32	0.00969	0.01074	0.02177	0.01620	0.03953	0.02393	0.63512	0.01275	0.00946	0.01296	0.00864	0.03565	0.00701	0.00479	0.02399	0.00154	0.08294	0.00488	0.00217	0.03622

[dist]
# distance from previous block
# <min> <max>
3	6

[block]
# block no. 4 follows, 63 sequences, length 19
# corresponding to MSA columns:
# 463-481
name=unknown_E
#
# <colnr> <probs for GDERKNQSTAVLIFYWHMCP>
#	G	D	E	R	K	N	Q	S	T	A	V	L	I	F	Y	W	H	M	C	P
0	0.01002	0.28121	0.30126	0.05523	0.13062	0.01192	0.03080	0.06777	0.00976	0.01324	0.04563	0.00974	0.00732	0.00412	0.00370	0.00118	0.00518	0.00326	0.00214	0.00588
1	0.01214	0.09586	0.03149	0.00990	0.01160	0.39961	0.00803	0.02698	0.00987	0.01082	0.03663	0.01080	0.04981	0.00627	0.02720	0.00145	0.24098	0.00350	0.00224	0.00479
2	0.00905	0.00520	0.00675	0.00661	0.00786	0.00498	0.00494	0.07439	0.01002	0.18350	0.04843	0.46534	0.03963	0.01156	0.05147	0.00186	0.00341	0.05629	0.00413	0.00457
3	0.02524	0.22282	0.04971	0.01000	0.10568	0.04836	0.03081	0.07582	0.02438	0.09849	0.04622	0.01217	0.00901	0.00485	0.01420	0.00116	0.00440	0.04064	0.00282	0.17323
4	0.07671	0.01143	0.07983	0.07150	0.33534	0.09167	0.03933	0.09587	0.07287	0.01521	0.03511	0.01214	0.00837	0.00457	0.00412	0.00130	0.00503	0.03099	0.00262	0.00599
5	0.00683	0.00458	0.00559	0.00539	0.00662	0.00416	0.00402	0.00861	0.03637	0.08741	0.35780	0.17739	0.26018	0.00960	0.00495	0.00142	0.00229	0.00835	0.00433	0.00412
6	0.00980	0.00926	0.01601	0.26929	0.28960	0.00982	0.17039	0.08714	0.01014	0.01385	0.00888	0.01159	0.01946	0.00499	0.03094	0.00150	0.00565	0.00410	0.02189	0.00570
7	0.01062	0.00991	0.01515	0.03546	0.61857	0.06191	0.02149	0.03335	0.00976	0.03783	0.00902	0.05045	0.00799	0.03402	0.00509	0.02178	0.00496	0.00418	0.00233	0.00612
8	0.00772	0.00517	0.00646	0.00585	0.00725	0.00497	0.00448	0.03023	0.08707	0.08908	0.62341	0.02828	0.06737	0.00802	0.00481	0.00133	0.00232	0.00700	0.00460	0.00456
9	0.00519	0.00370	0.00490	0.00579	0.00605	0.00346	0.00386	0.00594	0.00813	0.01088	0.05400	0.78893	0.02783	0.04231	0.00591	0.00177	0.00248	0.01158	0.00388	0.00341
10	0.00962	0.10824	0.53923	0.01121	0.01622	0.03681	0.06464	0.04435	0.00961	0.04140	0.04719	0.01010	0.00732	0.00435	0.00429	0.00129	0.03260	0.00342	0.00216	0.00596
11	0.00805	0.00715	0.08674	0.00796	0.03349	0.00606	0.00646	0.09834	0.05067	0.05195	0.03219	0.39733	0.02005	0.01045	0.02901	0.00174	0.00368	0.12816	0.01589	0.00463
12	0.00637	0.00455	0.00631	0.00728	0.00807	0.00449	0.00607	0.00801	0.00928	0.01213	0.02248	0.24484	0.02508	0.01200	0.00570	0.00188	0.00352	0.60434	0.00388	0.00376
13	0.01030	0.00752	0.00921	0.20000	0.01360	0.00851	0.00704	0.23858	0.07408	0.01735	0.01171	0.01453	0.00927	0.00588	0.02451	0.00140	0.02008	0.04336	0.27784	0.00523
14	0.00921	0.06701	0.44886	0.01363	0.12825	0.02333	0.07469	0.02803	0.00892	0.01286	0.00756	0.00956	0.00590	0.00563	0.04545	0.00161	0.09826	0.00342	0.00193	0.00588
15	0.00932	0.00888	0.01510	0.38509	0.47524	0.00970	0.01236	0.01195	0.00906	0.01242	0.00772	0.01076	0.00619	0.00395	0.00418	0.00132	0.00526	0.00374	0.00199	0.00578
16	0.00850	0.05915	0.68841	0.01180	0.01742	0.00980	0.07053	0.01291	0.00897	0.01315	0.02650	0.03864	0.00696	0.00437	0.00407	0.00133	0.00597	0.00361	0.00194	0.00599
17	0.00711	0.00489	0.00675	0.00755	0.00862	0.00482	0.00656	0.00899	0.00976	0.04157	0.02313	0.04587	0.06614	0.01133	0.00571	0.00189	0.00377	0.72766	0.00392	0.00397
18	0.01086	0.05041	0.01492	0.07504	0.30101	0.09254	0.08844	0.03637	0.22853	0.01422	0.01016	0.01148	0.00801	0.00450	0.00451	0.00131	0.03490	0.00396	0.00271	0.00612

[dist]
# distance from previous block
# <min> <max>
1	2

[block]
# block no. 5 follows, 63 sequences, length 28
# corresponding to MSA columns:
# 487-514
name=unknown_F
#
# <colnr> <probs for GDERKNQSTAVLIFYWHMCP>
#	G	D	E	R	K	N	Q	S	T	A	V	L	I	F	Y	W	H	M	C	P
0	0.05406	0.00933	0.01191	0.05175	0.05745	0.04866	0.08113	0.19479	0.05361	0.22237	0.02761	0.03585	0.03146	0.00536	0.00473	0.00133	0.04859	0.01297	0.01633	0.03071
1	0.08813	0.23723	0.54564	0.01015	0.01536	0.01152	0.01237	0.01304	0.00863	0.01292	0.00695	0.00814	0.00527	0.00388	0.00353	0.00122	0.00550	0.00281	0.00186	0.00585
2	0.01107	0.00888	0.00927	0.00803	0.01031	0.04748	0.00632	0.20142	0.35773	0.04863	0.14139	0.03448	0.06886	0.00649	0.00444	0.00137	0.00354	0.02010	0.00421	0.00597
3	0.01571	0.01974	0.01194	0.01079	0.01300	0.80553	0.00812	0.04565	0.01220	0.01088	0.00663	0.00767	0.00548	0.00436	0.00381	0.00109	0.00747	0.00275	0.00224	0.00496
4	0.00843	0.02174	0.83048	0.01198	0.01819	0.00976	0.01553	0.01331	0.00888	0.01331	0.00754	0.00888	0.00533	0.00399	0.00399	0.00133	0.00621	0.00311	0.00178	0.00621
5	0.00574	0.00429	0.00534	0.00523	0.00623	0.00393	0.00386	0.00756	0.02580	0.01501	0.55474	0.14406	0.18353	0.00954	0.00500	0.00139	0.00210	0.00838	0.00439	0.00386
6	0.00697	0.00483	0.00657	0.00735	0.00829	0.00480	0.00611	0.00903	0.04239	0.03998	0.02206	0.22224	0.02406	0.01150	0.00559	0.00184	0.00352	0.56494	0.00394	0.00399
7	0.01793	0.00825	0.01039	0.00801	0.01125	0.00786	0.00660	0.19771	0.04103	0.62191	0.01515	0.01341	0.00976	0.00518	0.00422	0.00130	0.00380	0.00415	0.00495	0.00714
8	0.00615	0.00411	0.00469	0.00474	0.00479	0.00411	0.00276	0.00624	0.00629	0.00837	0.01370	0.02851	0.01573	0.81019	0.02062	0.00397	0.00407	0.04573	0.00261	0.00261
9	0.01040	0.00999	0.01706	0.02580	0.82604	0.00999	0.01290	0.01290	0.00957	0.01373	0.00791	0.01040	0.00666	0.00375	0.00416	0.00125	0.00499	0.00375	0.00208	0.00666
10	0.00587	0.00419	0.00553	0.00570	0.00608	0.00444	0.00392	0.00665	0.00679	0.00933	0.01475	0.16497	0.03262	0.34825	0.35702	0.00473	0.00674	0.00651	0.00269	0.00322
11	0.00893	0.00878	0.01228	0.01060	0.01064	0.01218	0.00877	0.00985	0.00644	0.01003	0.00608	0.01019	0.00610	0.03685	0.05693	0.00217	0.77300	0.00380	0.00188	0.00449
12	0.00605	0.00447	0.00671	0.00671	0.00743	0.00520	0.00520	0.00743	0.00671	0.00967	0.01111	0.01638	0.01039	0.03091	0.80548	0.03878	0.01098	0.00447	0.00224	0.00368
13	0.00541	0.00411	0.00588	0.00634	0.00685	0.00383	0.04626	0.00627	0.00815	0.01080	0.02300	0.73013	0.06728	0.04676	0.00598	0.00177	0.00273	0.01119	0.00375	0.00350
14	0.19106	0.00983	0.01052	0.04173	0.01198	0.02134	0.00697	0.42118	0.01466	0.17654	0.01035	0.01039	0.00724	0.00483	0.00400	0.00128	0.01755	0.00355	0.02863	0.00636
15	0.00734	0.00472	0.00597	0.00574	0.00638	0.00516	0.00418	0.05049	0.00760	0.01138	0.01135	0.01738	0.01068	0.19136	0.25609	0.14142	0.03993	0.00449	0.21488	0.00345
16	0.00539	0.00428	0.00484	0.00486	0.00605	0.00375	0.00367	0.00673	0.01009	0.01287	0.25480	0.07590	0.50320	0.02475	0.00532	0.00149	0.00225	0.06202	0.00408	0.00366
17	0.00612	0.00448	0.00557	0.00556	0.00658	0.00419	0.00415	0.00818	0.04994	0.02917	0.44081	0.19145	0.16566	0.00979	0.00504	0.00145	0.00229	0.05127	0.00432	0.00397
18	0.26897	0.07527	0.01048	0.06209	0.05636	0.05598	0.00672	0.10349	0.03929	0.23220	0.02178	0.01125	0.02979	0.00470	0.00363	0.00126	0.00404	0.00350	0.00343	0.00578
19	0.00887	0.02085	0.76375	0.01176	0.01771	0.00995	0.01488	0.05357	0.03486	0.01411	0.00797	0.00915	0.00565	0.00410	0.00401	0.00133	0.00604	0.00319	0.00198	0.00627
20	0.00535	0.00411	0.00490	0.00506	0.00600	0.00366	0.00366	0.00664	0.00996	0.01308	0.30676	0.26110	0.33330	0.01064	0.00507	0.00147	0.00216	0.00929	0.00415	0.00366
21	0.03105	0.00801	0.04884	0.00762	0.00975	0.04489	0.04078	0.12965	0.01118	0.11900	0.04586	0.07544	0.22821	0.01719	0.00531	0.00146	0.05022	0.08740	0.03318	0.00495
22	0.01058	0.01044	0.01586	0.15259	0.51308	0.08746	0.06811	0.01328	0.03230	0.03045	0.00842	0.02336	0.00693	0.00409	0.00421	0.00128	0.00537	0.00390	0.00221	0.00607
23	0.00791	0.00604	0.00591	0.00560	0.00676	0.06939	0.00423	0.05680	0.00954	0.01356	0.03952	0.07320	0.20887	0.05375	0.04977	0.00168	0.04850	0.00574	0.32920	0.00402
24	0.00898	0.01127	0.14459	0.27739	0.16662	0.03205	0.20087	0.01204	0.00917	0.01234	0.00991	0.01239	0.05650	0.00440	0.00458	0.00137	0.02377	0.00422	0.00209	0.00544
25	0.00979	0.17998	0.16291	0.02566	0.22531	0.04301	0.13181	0.02670	0.00957	0.01281	0.05041	0.03807	0.04173	0.00467	0.00423	0.00125	0.02000	0.00414	0.00227	0.00569
26	0.02458	0.00872	0.01357	0.28702	0.17279	0.05014	0.10638	0.01201	0.00898	0.06879	0.00902	0.01280	0.00743	0.04068	0.05669	0.00179	0.04421	0.02555	0.00233	0.04652
27	0.04126	0.07210	0.03764	0.08158	0.04660	0.00940	0.33217	0.01157	0.00868	0.02655	0.00911	0.02248	0.00789	0.11753	0.00724	0.00170	0.06798	0.00444	0.06172	0.03237

[dist]
# distance from previous block
# <min> <max>
0	68

[block]
# block no. 6 follows, 63 sequences, length 16
# corresponding to MSA columns:
# 583-598
name=unknown_G
#
# <colnr> <probs for GDERKNQSTAVLIFYWHMCP>
#	G	D	E	R	K	N	Q	S	T	A	V	L	I	F	Y	W	H	M	C	P
0	0.02813	0.01098	0.03362	0.05505	0.40955	0.06521	0.09297	0.14881	0.03820	0.05134	0.02017	0.01083	0.00734	0.00421	0.00421	0.00128	0.00518	0.00387	0.00269	0.00637
1	0.01049	0.01156	0.10074	0.05326	0.41312	0.04596	0.10188	0.06021	0.07778	0.01445	0.00873	0.01057	0.00691	0.00399	0.00416	0.00125	0.00521	0.00377	0.00238	0.06358
2	0.01138	0.04840	0.01180	0.01126	0.13107	0.08237	0.00793	0.21539	0.08545	0.02429	0.01943	0.04658	0.02581	0.02436	0.01506	0.02172	0.13252	0.04126	0.03835	0.00557
3	0.04385	0.60598	0.06972	0.00781	0.01131	0.07126	0.00759	0.01407	0.07528	0.04847	0.00741	0.00802	0.00620	0.00393	0.00305	0.00102	0.00463	0.00263	0.00221	0.00556
4	0.00817	0.00605	0.00743	0.00700	0.04609	0.00562	0.00493	0.01086	0.11017	0.06979	0.13292	0.10178	0.07468	0.12947	0.05086	0.00189	0.00353	0.00571	0.00343	0.21963
5	0.00704	0.00507	0.00623	0.00602	0.02148	0.00483	0.00445	0.04632	0.05508	0.05029	0.45689	0.10056	0.18691	0.00889	0.00489	0.00139	0.00240	0.02259	0.00435	0.00431
6	0.00880	0.05564	0.67563	0.01211	0.01782	0.01018	0.08808	0.01380	0.05429	0.01342	0.00810	0.00939	0.00585	0.00403	0.00404	0.00133	0.00606	0.00333	0.00195	0.00615
7	0.03991	0.00565	0.00674	0.00654	0.00791	0.00563	0.00492	0.07597	0.09153	0.11388	0.06933	0.35710	0.10083	0.03042	0.00528	0.00160	0.00296	0.06510	0.00409	0.00460
8	0.00608	0.00399	0.00458	0.00476	0.00488	0.00394	0.00282	0.00637	0.00668	0.00923	0.01507	0.17474	0.01717	0.63153	0.01699	0.00339	0.00361	0.00699	0.07434	0.00282
9	0.00939	0.00584	0.00684	0.00606	0.00786	0.00559	0.00470	0.09282	0.06873	0.16381	0.21141	0.09390	0.25014	0.00820	0.00464	0.00136	0.00272	0.00694	0.04415	0.00490
10	0.00961	0.00918	0.01563	0.28919	0.56887	0.00978	0.01251	0.01220	0.00920	0.01277	0.00777	0.01066	0.00632	0.00389	0.00417	0.00130	0.00519	0.00374	0.00201	0.00602
11	0.00981	0.00899	0.01485	0.33025	0.42526	0.00976	0.02885	0.03127	0.05473	0.03314	0.00854	0.01111	0.00671	0.00409	0.00420	0.00132	0.00513	0.00384	0.00225	0.00591
12	0.00569	0.00404	0.00487	0.00519	0.00585	0.00376	0.00364	0.00674	0.00884	0.01196	0.16092	0.30743	0.18435	0.14817	0.00767	0.00193	0.00261	0.05272	0.07016	0.00346
13	0.00535	0.00393	0.00526	0.00602	0.00631	0.00384	0.00412	0.00620	0.00830	0.01121	0.08808	0.74850	0.02787	0.01256	0.00567	0.00168	0.03645	0.01126	0.00388	0.00351
14	0.01024	0.01016	0.01632	0.16949	0.60397	0.05612	0.04724	0.01276	0.00951	0.01300	0.00778	0.01043	0.00639	0.00385	0.00418	0.00127	0.00534	0.00374	0.00205	0.00616
15	0.00901	0.00856	0.08037	0.00700	0.01001	0.03691	0.03061	0.04719	0.04465	0.01451	0.00988	0.02598	0.00806	0.00525	0.03892	0.00115	0.00382	0.00337	0.20262	0.41213

[dist]
# distance from previous block
# <min> <max>
2	11

[block]
# block no. 7 follows, 63 sequences, length 29
# corresponding to MSA columns:
# 610-638
name=unknown_H
#
# <colnr> <probs for GDERKNQSTAVLIFYWHMCP>
#	G	D	E	R	K	N	Q	S	T	A	V	L	I	F	Y	W	H	M	C	P
0	0.00752	0.00678	0.01211	0.01001	0.01202	0.00644	0.26534	0.02720	0.01040	0.01412	0.24295	0.12561	0.04327	0.00818	0.00519	0.00154	0.00418	0.18912	0.00353	0.00449
