[name]
unknown

[dist]
# distance from previous block
# <min> <max>
0	353

[block]
# block no. 0 follows, 52 sequences, length 20
# corresponding to MSA columns:
# 560-579
name=unknown_A
#
# <colnr> <probs for GDERKNQSTAVLIFYWHMCP>
#	G	D	E	R	K	N	Q	S	T	A	V	L	I	F	Y	W	H	M	C	P
0	0.02950	0.00921	0.01253	0.15395	0.05408	0.05429	0.09294	0.02533	0.07461	0.06541	0.08960	0.05377	0.11702	0.00705	0.00525	0.00152	0.01868	0.03281	0.00360	0.09886
1	0.03530	0.02891	0.06244	0.01119	0.01383	0.14714	0.06713	0.09019	0.05825	0.06970	0.05159	0.04239	0.03592	0.00687	0.00708	0.00159	0.16997	0.03531	0.00338	0.06183
2	0.05078	0.03531	0.18636	0.02747	0.01463	0.08274	0.05226	0.10224	0.04908	0.01671	0.04837	0.07726	0.02314	0.02509	0.04248	0.00181	0.02607	0.01854	0.00319	0.11646
3	0.01289	0.01149	0.04090	0.03693	0.06877	0.06199	0.03554	0.17113	0.16205	0.04667	0.06002	0.03433	0.01189	0.00560	0.00462	0.00132	0.00477	0.00466	0.00384	0.22058
4	0.18308	0.00923	0.01006	0.06281	0.02698	0.03521	0.00683	0.02440	0.10850	0.06403	0.09399	0.01400	0.01205	0.00527	0.00445	0.00126	0.02773	0.00408	0.00353	0.30249
5	0.01255	0.00975	0.01353	0.19213	0.05380	0.01092	0.03517	0.08658	0.10796	0.12404	0.01252	0.02807	0.02579	0.00614	0.00689	0.00158	0.15999	0.00470	0.00346	0.10444
6	0.01115	0.01308	0.13900	0.16587	0.54555	0.01134	0.01509	0.01451	0.01068	0.01515	0.00896	0.01189	0.00723	0.00445	0.00478	0.00148	0.00610	0.00420	0.00230	0.00719
7	0.00990	0.13492	0.01629	0.53625	0.12707	0.01172	0.01226	0.01268	0.00983	0.01265	0.00936	0.05147	0.00794	0.00583	0.02153	0.00165	0.00613	0.00452	0.00230	0.00571
8	0.01626	0.01218	0.01248	0.01033	0.01361	0.07449	0.00826	0.29254	0.33994	0.14311	0.01582	0.01483	0.01138	0.00610	0.00485	0.00152	0.00479	0.00481	0.00488	0.00780
9	0.01255	0.02570	0.01193	0.00899	0.01226	0.00899	0.02769	0.04038	0.05605	0.15460	0.01216	0.01306	0.03474	0.00543	0.00621	0.00124	0.14721	0.00398	0.00350	0.41330
10	0.01285	0.05286	0.04738	0.06471	0.32760	0.12336	0.16477	0.04315	0.03056	0.03060	0.00960	0.01245	0.00780	0.00483	0.00525	0.00149	0.03382	0.01747	0.00263	0.00685
11	0.01430	0.70633	0.02323	0.00834	0.01243	0.01733	0.00811	0.01591	0.01046	0.13263	0.00863	0.00911	0.00710	0.00443	0.00338	0.00111	0.00502	0.00294	0.00267	0.00653
12	0.00747	0.00545	0.00676	0.00632	0.00724	0.00537	0.00430	0.00832	0.00773	0.01093	0.01357	0.02462	0.01438	0.46662	0.25572	0.00501	0.00700	0.00585	0.00282	0.13453
13	0.00871	0.00591	0.00750	0.04587	0.00961	0.00535	0.03239	0.01033	0.01130	0.13430	0.07772	0.03639	0.50689	0.01250	0.07133	0.00211	0.00396	0.00847	0.00443	0.00492
14	0.00772	0.00598	0.00886	0.00760	0.00836	0.00586	0.12225	0.00835	0.00772	0.01033	0.01443	0.02886	0.01605	0.70323	0.02176	0.00423	0.00523	0.00684	0.00286	0.00349
15	0.86392	0.00937	0.00712	0.00637	0.00937	0.01087	0.00525	0.01425	0.00825	0.02174	0.00675	0.00787	0.00525	0.00450	0.00300	0.00150	0.00375	0.00262	0.00300	0.00525
16	0.01150	0.01110	0.01837	0.09630	0.59405	0.01203	0.01400	0.01409	0.01028	0.01480	0.00859	0.01183	0.00734	0.00509	0.00675	0.00157	0.14862	0.00430	0.00233	0.00706
17	0.00797	0.00593	0.00819	0.13110	0.01196	0.00615	0.00646	0.01081	0.05665	0.04530	0.38991	0.11082	0.05620	0.01203	0.08011	0.00221	0.00424	0.04462	0.00444	0.00490
18	0.00595	0.00485	0.00526	0.00531	0.00672	0.00416	0.00392	0.00732	0.01134	0.01414	0.17962	0.12465	0.58559	0.01215	0.00577	0.00165	0.00246	0.01033	0.00465	0.00416
19	0.86392	0.00937	0.00712	0.00637	0.00937	0.01087	0.00525	0.01425	0.00825	0.02174	0.00675	0.00787	0.00525	0.00450	0.00300	0.00150	0.00375	0.00262	0.00300	0.00525

[dist]
# distance from previous block
# <min> <max>
0	5

[block]
# block no. 1 follows, 52 sequences, length 14
# corresponding to MSA columns:
# 585-598
name=unknown_B
#
# <colnr> <probs for GDERKNQSTAVLIFYWHMCP>
#	G	D	E	R	K	N	Q	S	T	A	V	L	I	F	Y	W	H	M	C	P
0	0.01141	0.01018	0.01099	0.00990	0.01187	0.04972	0.00784	0.02031	0.48344	0.01769	0.03888	0.01889	0.03166	0.00729	0.00695	0.00170	0.15591	0.03657	0.06218	0.00662
1	0.00756	0.00600	0.00803	0.00733	0.00826	0.00648	0.00569	0.00961	0.01255	0.01799	0.64983	0.03144	0.03840	0.00964	0.00761	0.00164	0.15457	0.00792	0.00474	0.00471
2	0.00789	0.00654	0.01133	0.00981	0.01129	0.00695	0.14998	0.00961	0.00829	0.01167	0.01223	0.01867	0.01141	0.09646	0.53210	0.07269	0.01070	0.00537	0.00256	0.00445
3	0.00619	0.00454	0.00600	0.02729	0.00772	0.00427	0.00469	0.00745	0.01041	0.01402	0.20236	0.57706	0.08292	0.01354	0.00602	0.00184	0.00276	0.01217	0.00463	0.00413
4	0.01796	0.00816	0.01064	0.00821	0.01182	0.00703	0.00669	0.02046	0.04906	0.55919	0.07779	0.01690	0.01386	0.00588	0.00470	0.00136	0.00387	0.00483	0.00532	0.16627
5	0.01105	0.01078	0.01933	0.08656	0.49988	0.01075	0.15621	0.01411	0.01133	0.01594	0.10454	0.01520	0.01213	0.00499	0.00508	0.00150	0.00584	0.00512	0.00274	0.00691
6	0.01259	0.74163	0.11318	0.00891	0.01340	0.01828	0.00937	0.01460	0.00989	0.01185	0.00696	0.00805	0.00621	0.00420	0.00328	0.00109	0.00541	0.00270	0.00207	0.00633
7	0.00662	0.00561	0.00705	0.15646	0.01169	0.00544	0.00570	0.00845	0.01139	0.01438	0.20883	0.03803	0.48217	0.01036	0.00556	0.00161	0.00316	0.00880	0.00425	0.00444
8	0.01100	0.01203	0.05048	0.06777	0.01507	0.06772	0.03663	0.01252	0.00826	0.01202	0.00681	0.01070	0.00638	0.00768	0.01353	0.00199	0.64762	0.00419	0.00216	0.00545
9	0.01319	0.01163	0.01244	0.01075	0.01316	0.05283	0.00857	0.15465	0.47265	0.02004	0.01522	0.01510	0.01166	0.00672	0.00693	0.00168	0.15634	0.00494	0.00427	0.00723
10	0.35578	0.01179	0.01207	0.08690	0.12801	0.09667	0.00881	0.14182	0.02346	0.04656	0.00874	0.01021	0.00673	0.00502	0.00450	0.00149	0.03841	0.00355	0.00318	0.00629
11	0.01135	0.01126	0.02036	0.17661	0.51102	0.01151	0.15730	0.01452	0.01086	0.01512	0.00915	0.01237	0.00739	0.00437	0.00498	0.00151	0.00634	0.00458	0.00236	0.00703
12	0.01020	0.08657	0.65887	0.01474	0.07342	0.01193	0.04810	0.01526	0.01031	0.01508	0.00862	0.01028	0.00630	0.00453	0.00455	0.00149	0.00695	0.00364	0.00209	0.00710
13	0.00758	0.00893	0.15581	0.00866	0.01062	0.00698	0.00798	0.00992	0.00851	0.01245	0.03869	0.04285	0.01294	0.07813	0.51111	0.00567	0.02965	0.00534	0.03338	0.00479

[dist]
# distance from previous block
# <min> <max>
0	1

[block]
# block no. 2 follows, 52 sequences, length 29
# corresponding to MSA columns:
# 607-635
name=unknown_C
#
# <colnr> <probs for GDERKNQSTAVLIFYWHMCP>
#	G	D	E	R	K	N	Q	S	T	A	V	L	I	F	Y	W	H	M	C	P
0	0.00576	0.00488	0.00498	0.00503	0.00659	0.00409	0.00374	0.00700	0.01102	0.01320	0.06564	0.08604	0.74080	0.01236	0.00575	0.00165	0.00247	0.01037	0.00452	0.00409
1	0.01199	0.01151	0.01967	0.02974	0.79946	0.01151	0.01487	0.01487	0.01103	0.01583	0.00912	0.01199	0.00768	0.00432	0.00480	0.00144	0.00576	0.00432	0.00240	0.00768
2	0.00709	0.00537	0.00760	0.00683	0.00816	0.00496	0.04409	0.00947	0.01360	0.01923	0.75689	0.03502	0.04377	0.00961	0.00572	0.00153	0.00259	0.00861	0.00519	0.00467
3	0.00854	0.00447	0.00469	0.00487	0.00586	0.00443	0.00356	0.01058	0.01002	0.01718	0.01751	0.14438	0.01549	0.00714	0.00382	0.00126	0.00234	0.00596	0.72346	0.00443
4	0.01086	0.31071	0.52897	0.01186	0.01795	0.01406	0.01450	0.01505	0.01010	0.01395	0.00800	0.00936	0.00617	0.00444	0.00408	0.00136	0.00646	0.00323	0.00206	0.00683
5	0.01199	0.01151	0.01967	0.02974	0.79946	0.01151	0.01487	0.01487	0.01103	0.01583	0.00912	0.01199	0.00768	0.00432	0.00480	0.00144	0.00576	0.00432	0.00240	0.00768
6	0.03215	0.02682	0.01452	0.44658	0.05016	0.02847	0.06082	0.06771	0.01116	0.09742	0.01144	0.08458	0.00948	0.00598	0.00528	0.00161	0.03170	0.00519	0.00301	0.00592
7	0.00996	0.00979	0.01414	0.01221	0.01248	0.01315	0.04471	0.01114	0.00785	0.01192	0.00928	0.11693	0.00985	0.00966	0.02866	0.00218	0.66290	0.00556	0.00245	0.00516
8	0.00576	0.00491	0.00495	0.00494	0.00656	0.00410	0.00371	0.00701	0.01112	0.01326	0.06907	0.04636	0.77742	0.01221	0.00573	0.00163	0.00245	0.01019	0.00452	0.00410
9	0.00635	0.00520	0.00605	0.00665	0.03968	0.00465	0.00459	0.00803	0.03144	0.01398	0.12637	0.20640	0.48653	0.01215	0.00578	0.00169	0.00272	0.02285	0.00452	0.00436
10	0.01023	0.00971	0.01648	0.51987	0.32315	0.01105	0.01399	0.01332	0.01020	0.01369	0.00880	0.01257	0.00692	0.00465	0.00483	0.00155	0.00619	0.00431	0.00225	0.00625
11	0.00991	0.02290	0.68313	0.03270	0.05509	0.01150	0.03839	0.01504	0.01012	0.01508	0.00860	0.01047	0.00626	0.00482	0.00533	0.00157	0.05627	0.00373	0.00208	0.00701
12	0.01168	0.03960	0.01852	0.19957	0.48595	0.06008	0.04641	0.01446	0.01070	0.01447	0.00872	0.01183	0.00720	0.00466	0.00531	0.00149	0.04595	0.00424	0.00233	0.00683
13	0.01199	0.01151	0.01967	0.02974	0.79946	0.01151	0.01487	0.01487	0.01103	0.01583	0.00912	0.01199	0.00768	0.00432	0.00480	0.00144	0.00576	0.00432	0.00240	0.00768
14	0.03544	0.01050	0.03431	0.10020	0.01690	0.01107	0.14992	0.07559	0.35113	0.01851	0.04913	0.05200	0.01436	0.00667	0.00519	0.00166	0.00504	0.05168	0.00401	0.00669
15	0.01073	0.12186	0.62188	0.01339	0.01989	0.01212	0.07050	0.01560	0.01042	0.04740	0.00897	0.01039	0.00648	0.00457	0.00451	0.00148	0.00687	0.00367	0.00224	0.00705
16	0.00792	0.00613	0.00900	0.00850	0.00964	0.00710	0.02610	0.06055	0.00887	0.01266	0.01259	0.01812	0.01155	0.03257	0.71021	0.00702	0.03895	0.00512	0.00273	0.00468
17	0.00642	0.00496	0.00588	0.00570	0.00705	0.00441	0.00431	0.00827	0.01253	0.01666	0.46400	0.04110	0.35428	0.01099	0.00575	0.00159	0.00243	0.03433	0.00496	0.00437
18	0.01116	0.01051	0.01760	0.11561	0.52544	0.01082	0.05441	0.01482	0.06472	0.01557	0.01173	0.01748	0.01033	0.00556	0.00508	0.00157	0.00568	0.09212	0.00279	0.00698
19	0.00906	0.00849	0.01428	0.79529	0.03264	0.01058	0.01321	0.01222	0.00968	0.01238	0.00912	0.03574	0.00718	0.00513	0.00488	0.00162	0.00636	0.00457	0.00222	0.00534
20	0.00972	0.02507	0.80458	0.01381	0.02097	0.01125	0.01790	0.01535	0.01023	0.01535	0.00870	0.01023	0.00614	0.00460	0.00460	0.00153	0.00716	0.00358	0.00205	0.00716
21	0.01136	0.01087	0.01853	0.20525	0.62890	0.01135	0.01456	0.01432	0.01074	0.01506	0.00900	0.01220	0.00741	0.00444	0.00481	0.00148	0.00591	0.00432	0.00234	0.00717
22	0.01112	0.22248	0.50899	0.01315	0.04129	0.03852	0.05384	0.03157	0.01060	0.01461	0.00831	0.00980	0.00631	0.00449	0.00430	0.00140	0.00670	0.00347	0.00216	0.00689
23	0.01150	0.00616	0.00806	0.00695	0.00894	0.00560	0.00543	0.03520	0.01395	0.24791	0.53024	0.03001	0.05271	0.00871	0.00545	0.00152	0.00291	0.00754	0.00549	0.00574
24	0.00608	0.00434	0.00583	0.00695	0.00731	0.00409	0.00481	0.00706	0.00945	0.01257	0.02661	0.75425	0.03166	0.01501	0.00623	0.00199	0.00297	0.08429	0.00450	0.00399
25	0.01527	0.01853	0.01455	0.05669	0.01585	0.53261	0.05631	0.01674	0.01198	0.01209	0.00827	0.04336	0.00741	0.00602	0.00676	0.00149	0.16406	0.00400	0.00249	0.00553
26	0.00770	0.00615	0.00846	0.07890	0.02566	0.00619	0.02660	0.01038	0.05372	0.01431	0.04348	0.09434	0.20564	0.01166	0.00610	0.00195	0.00410	0.38574	0.00423	0.00471
27	0.00616	0.00443	0.00588	0.00692	0.00739	0.00416	0.00487	0.00722	0.00970	0.01284	0.04710	0.67843	0.06395	0.01470	0.00622	0.00198	0.00299	0.10651	0.00452	0.00402
28	0.09727	0.01007	0.01116	0.00905	0.01209	0.01068	0.00720	0.29617	0.12565	0.22354	0.01495	0.02970	0.01144	0.11050	0.00723	0.00192	0.00454	0.00499	0.00473	0.00713

[dist]
# distance from previous block
# <min> <max>
1	6

[block]
# block no. 3 follows, 52 sequences, length 34
# corresponding to MSA columns:
# 646-661,670-687
name=unknown_D
#
# <colnr> <probs for GDERKNQSTAVLIFYWHMCP>
#	G	D	E	R	K	N	Q	S	T	A	V	L	I	F	Y	W	H	M	C	P
0	0.01224	0.00916	0.02435	0.05868	0.15961	0.02637	0.00834	0.11349	0.02883	0.12020	0.17533	0.01943	0.05401	0.00636	0.00480	0.00138	0.00422	0.00542	0.06247	0.10530
1	0.01122	0.01084	0.03137	0.01097	0.02495	0.03593	0.06913	0.06241	0.03803	0.01543	0.00856	0.01084	0.00723	0.00550	0.00785	0.00136	0.26327	0.00376	0.00276	0.37860
2	0.33764	0.00850	0.00846	0.00747	0.00951	0.00959	0.00576	0.16623	0.01086	0.01878	0.01116	0.04713	0.01054	0.19650	0.10439	0.00300	0.03119	0.00477	0.00334	0.00517
3	0.00704	0.00471	0.00522	0.00522	0.00541	0.00464	0.00302	0.00725	0.00753	0.01012	0.01805	0.03226	0.08093	0.72287	0.02208	0.00427	0.00440	0.00718	0.04471	0.00311
4	0.00688	0.00505	0.00647	0.00622	0.00736	0.00472	0.00462	0.00934	0.03737	0.01851	0.66664	0.10978	0.07794	0.01040	0.00574	0.00157	0.00239	0.00920	0.00521	0.00459
5	0.05094	0.01249	0.01604	0.25954	0.31782	0.15197	0.01261	0.01457	0.01062	0.01395	0.00830	0.01137	0.00682	0.00502	0.00577	0.00153	0.08800	0.00402	0.00234	0.00628
6	0.00590	0.00422	0.00562	0.00675	0.00703	0.00394	0.00450	0.00675	0.00928	0.01237	0.02671	0.82653	0.03205	0.01518	0.00619	0.00197	0.00281	0.01378	0.00450	0.00394
7	0.00911	0.00652	0.00893	0.00812	0.00932	0.00719	0.03124	0.09103	0.00957	0.04925	0.01338	0.02087	0.01275	0.22986	0.43881	0.00567	0.03508	0.00554	0.00306	0.00467
8	0.00957	0.00495	0.00525	0.00506	0.00631	0.00502	0.00384	0.03885	0.01047	0.03726	0.01537	0.01773	0.01212	0.00743	0.04098	0.02960	0.00297	0.00454	0.73803	0.00465
9	0.01205	0.01041	0.01096	0.00986	0.01260	0.01205	0.00767	0.02575	0.79071	0.02027	0.01972	0.01808	0.01479	0.00657	0.00493	0.00164	0.00384	0.00548	0.00493	0.00767
10	0.00705	0.00470	0.00529	0.00529	0.00529	0.00470	0.00294	0.00705	0.00705	0.00940	0.01527	0.03171	0.01762	0.82969	0.02467	0.00470	0.00470	0.00705	0.00294	0.00294
11	0.01144	0.01307	0.02859	0.02042	0.02533	0.01225	0.78186	0.01552	0.01144	0.01552	0.00980	0.01307	0.00735	0.00408	0.00572	0.00163	0.00817	0.00572	0.00245	0.00654
12	0.01296	0.83261	0.02539	0.00829	0.01244	0.01917	0.00829	0.01451	0.00985	0.01140	0.00674	0.00777	0.00622	0.00415	0.00311	0.00104	0.00518	0.00259	0.00207	0.00622
13	0.04212	0.02073	0.07290	0.10755	0.01540	0.04411	0.07319	0.05113	0.05659	0.13176	0.15514	0.05836	0.02689	0.00664	0.00494	0.00148	0.00476	0.02345	0.00391	0.09894
14	0.01123	0.16425	0.38260	0.13647	0.03848	0.01303	0.06581	0.08523	0.03060	0.01572	0.00896	0.01076	0.00672	0.00468	0.00448	0.00146	0.00649	0.00379	0.00243	0.00680
15	0.01142	0.01048	0.01522	0.54365	0.13708	0.04958	0.01280	0.13298	0.01211	0.01567	0.00910	0.01239	0.00690	0.00493	0.00482	0.00155	0.00629	0.00426	0.00262	0.00616
16	0.00590	0.00422	0.00562	0.00675	0.00703	0.00394	0.00450	0.00675	0.00928	0.01237	0.02671	0.82653	0.03205	0.01518	0.00619	0.00197	0.00281	0.01378	0.00450	0.00394
17	0.00693	0.00517	0.00767	0.00767	0.00849	0.00599	0.00591	0.00858	0.00775	0.01116	0.01309	0.01966	0.01238	0.07505	0.77215	0.00764	0.01258	0.00528	0.00261	0.00426
18	0.00705	0.00470	0.00529	0.00529	0.00529	0.00470	0.00294	0.00705	0.00705	0.00940	0.01527	0.03171	0.01762	0.82969	0.02467	0.00470	0.00470	0.00705	0.00294	0.00294
19	0.00686	0.00495	0.00648	0.00610	0.00724	0.00457	0.00457	0.00914	0.01372	0.01943	0.79691	0.03620	0.04572	0.00991	0.00572	0.00152	0.00229	0.00876	0.00533	0.00457
20	0.00639	0.00461	0.00616	0.00723	0.00779	0.00437	0.00532	0.00762	0.00985	0.01296	0.02753	0.58694	0.06830	0.01457	0.00630	0.00202	0.00323	0.21024	0.00449	0.00408
21	0.01494	0.01184	0.01258	0.01045	0.01370	0.01340	0.00837	0.36895	0.44281	0.02492	0.01606	0.01516	0.01182	0.00623	0.00489	0.00156	0.00451	0.00497	0.00489	0.00793
22	0.00693	0.00517	0.00768	0.00768	0.00850	0.00600	0.00592	0.00858	0.00775	0.01117	0.01308	0.01961	0.01236	0.07206	0.77511	0.00765	0.01261	0.00528	0.00261	0.00426
23	0.02174	0.00825	0.01125	0.00862	0.01237	0.00712	0.00712	0.02362	0.01387	0.80282	0.01912	0.01649	0.01200	0.00600	0.00487	0.00150	0.00412	0.00487	0.00600	0.00825
24	0.01191	0.01075	0.01760	0.11234	0.59788	0.01091	0.01340	0.04192	0.01129	0.03386	0.00966	0.01237	0.00785	0.00449	0.00469	0.00141	0.00552	0.00427	0.04153	0.04635
25	0.01671	0.02064	0.01430	0.03430	0.10068	0.65678	0.01000	0.01816	0.01296	0.01225	0.00779	0.00968	0.00661	0.01948	0.00525	0.00137	0.04138	0.00340	0.00247	0.00578
26	0.83619	0.00951	0.00737	0.00653	0.00956	0.01101	0.00538	0.03947	0.00872	0.02203	0.00691	0.00800	0.00535	0.00454	0.00306	0.00150	0.00380	0.00268	0.00306	0.00535
27	0.01063	0.19716	0.56323	0.01226	0.01836	0.01303	0.01489	0.01614	0.08290	0.01496	0.00930	0.01043	0.00696	0.00469	0.00431	0.00144	0.00643	0.00355	0.00232	0.00701
28	0.00600	0.00427	0.00567	0.00675	0.00705	0.00401	0.00453	0.00685	0.00925	0.01232	0.02627	0.77753	0.03143	0.04409	0.00686	0.00207	0.00292	0.03377	0.00444	0.00391
29	0.00590	0.00422	0.00562	0.00675	0.00703	0.00394	0.00450	0.00675	0.00928	0.01237	0.02671	0.82653	0.03205	0.01518	0.00619	0.00197	0.00281	0.01378	0.00450	0.00394
30	0.01131	0.00976	0.01246	0.01196	0.13974	0.00907	0.02338	0.04131	0.17316	0.03086	0.01126	0.01228	0.00895	0.00458	0.00449	0.00112	0.02551	0.00383	0.00332	0.46167
31	0.00806	0.00686	0.01031	0.01017	0.04864	0.00824	0.03266	0.00960	0.00809	0.01172	0.01259	0.09251	0.01258	0.06532	0.45148	0.00530	0.19267	0.00585	0.00267	0.00468
32	0.00575	0.00482	0.00500	0.00515	0.00661	0.00407	0.00379	0.00693	0.01082	0.01300	0.04621	0.14706	0.69893	0.01265	0.00579	0.00168	0.00250	0.01068	0.00450	0.00407
33	0.01684	0.04771	0.05210	0.01342	0.07045	0.60011	0.01003	0.06908	0.05045	0.01391	0.00849	0.00964	0.00687	0.00503	0.00443	0.00130	0.00788	0.00340	0.00272	0.00613

[dist]
# distance from previous block
# <min> <max>
0	3

[block]
# block no. 4 follows, 52 sequences, length 61
# corresponding to MSA columns:
# 691-751
name=unknown_E
#
# <colnr> <probs for GDERKNQSTAVLIFYWHMCP>
#	G	D	E	R	K	N	Q	S	T	A	V	L	I	F	Y	W	H	M	C	P
0	0.01712	0.01289	0.01474	0.03370	0.04448	0.02898	0.03809	0.59272	0.04787	0.05800	0.01186	0.01224	0.00854	0.00576	0.00515	0.00148	0.02823	0.00445	0.02587	0.00783
1	0.00691	0.00464	0.00532	0.00545	0.00549	0.00461	0.00312	0.00701	0.00731	0.00974	0.01660	0.12384	0.01929	0.73528	0.02252	0.00438	0.00448	0.00783	0.00312	0.00305
2	0.01335	0.50865	0.10461	0.00994	0.02853	0.06609	0.00951	0.11487	0.03996	0.01497	0.02504	0.01072	0.00813	0.00489	0.00381	0.00122	0.00552	0.02094	0.00269	0.00655
3	0.00660	0.00513	0.00589	0.00602	0.00725	0.00469	0.00443	0.03107	0.02442	0.01461	0.17151	0.22660	0.38335	0.04277	0.00654	0.00183	0.00280	0.04558	0.00460	0.00430
4	0.01379	0.21192	0.35894	0.01134	0.01648	0.12129	0.01239	0.01734	0.02534	0.15288	0.01011	0.01069	0.00736	0.00483	0.00427	0.00137	0.00631	0.00355	0.00286	0.00693
5	0.00905	0.00497	0.00531	0.00516	0.00640	0.00498	0.00395	0.04137	0.01119	0.01862	0.12532	0.02171	0.01749	0.00654	0.00389	0.00124	0.00247	0.03335	0.67233	0.00467
6	0.01431	0.00925	0.01061	0.00909	0.01195	0.00986	0.00719	0.05212	0.44897	0.23635	0.11734	0.01968	0.01767	0.00681	0.00501	0.00158	0.00378	0.00568	0.00527	0.00746
7	0.01018	0.00967	0.01640	0.53177	0.31158	0.01104	0.01397	0.01329	0.01018	0.01363	0.00880	0.01258	0.00690	0.00465	0.00483	0.00155	0.00620	0.00431	0.00224	0.00622
8	0.00772	0.00590	0.00746	0.00705	0.00717	0.00683	0.00483	0.00815	0.00722	0.01008	0.01325	0.02596	0.01472	0.56612	0.12720	0.00461	0.16316	0.00626	0.00273	0.00358
9	0.00692	0.00519	0.00779	0.00779	0.00865	0.00606	0.00606	0.00865	0.00779	0.01125	0.01298	0.01904	0.01211	0.03634	0.81049	0.00779	0.01298	0.00519	0.00260	0.00433
10	0.01948	0.00994	0.01209	0.00940	0.01302	0.00984	0.00772	0.26501	0.06513	0.47659	0.04815	0.01584	0.01234	0.00613	0.00490	0.00150	0.00442	0.00491	0.00554	0.00806
11	0.10160	0.00835	0.01086	0.00841	0.01209	0.00748	0.00694	0.02273	0.01334	0.72876	0.01795	0.01568	0.01136	0.00586	0.00470	0.00150	0.00409	0.00466	0.00571	0.00796
12	0.00972	0.02507	0.80458	0.01381	0.02097	0.01125	0.01790	0.01535	0.01023	0.01535	0.00870	0.01023	0.00614	0.00460	0.00460	0.00153	0.00716	0.00358	0.00205	0.00716
13	0.00580	0.00461	0.00522	0.00571	0.00676	0.00402	0.00404	0.00686	0.01027	0.01278	0.03933	0.38668	0.46375	0.01354	0.00593	0.00178	0.00261	0.01177	0.00450	0.00402
14	0.00612	0.00443	0.00578	0.00648	0.00705	0.00410	0.00446	0.00732	0.01043	0.01407	0.20823	0.59083	0.08524	0.01376	0.00605	0.00184	0.00267	0.01237	0.00469	0.00410
15	0.00742	0.00610	0.00929	0.24669	0.01557	0.00665	0.02525	0.00927	0.01009	0.01344	0.12572	0.34999	0.04425	0.01082	0.00632	0.02280	0.02747	0.05457	0.00374	0.00454
16	0.20443	0.00849	0.01035	0.00813	0.01172	0.00794	0.00672	0.02158	0.01265	0.63338	0.01643	0.01462	0.01053	0.00567	0.00447	0.00150	0.00404	0.00439	0.00535	0.00760
17	0.00624	0.00430	0.00545	0.00636	0.00684	0.00401	0.00431	0.00727	0.00951	0.01306	0.02714	0.67901	0.08622	0.01391	0.00584	0.00185	0.00272	0.01248	0.09946	0.00401
18	0.03480	0.02461	0.78117	0.01359	0.02063	0.01124	0.01753	0.01531	0.01017	0.01553	0.00864	0.01016	0.00611	0.00460	0.00456	0.00153	0.00706	0.00355	0.00207	0.00711
19	0.00957	0.01012	0.07535	0.04957	0.11065	0.01072	0.05847	0.01249	0.05504	0.01341	0.03920	0.01484	0.01020	0.01524	0.24174	0.00353	0.25681	0.00481	0.00259	0.00565
20	0.00667	0.00477	0.00649	0.00757	0.00820	0.00459	0.00578	0.00809	0.01014	0.01340	0.04891	0.50459	0.03084	0.01433	0.00637	0.00206	0.00344	0.30509	0.00451	0.00416
21	0.01130	0.01175	0.01526	0.03534	0.04792	0.08474	0.02837	0.01259	0.00829	0.01197	0.00672	0.01062	0.00643	0.00779	0.01387	0.00199	0.67324	0.00418	0.00217	0.00546
22	0.22996	0.06383	0.01238	0.17154	0.06609	0.01122	0.00864	0.13944	0.05812	0.10371	0.01223	0.04312	0.03084	0.00633	0.02162	0.00165	0.00494	0.00444	0.00356	0.00634
23	0.00852	0.00785	0.02444	0.12444	0.19631	0.03600	0.02771	0.01045	0.01024	0.01367	0.05262	0.39942	0.02134	0.01012	0.00557	0.00174	0.00445	0.03632	0.00356	0.00523
24	0.46072	0.01392	0.03045	0.03003	0.06585	0.23893	0.00781	0.04473	0.01083	0.04648	0.00784	0.00903	0.00610	0.00474	0.00373	0.00143	0.00553	0.00309	0.00295	0.00579
25	0.00599	0.00492	0.00527	0.00518	0.00670	0.00420	0.00389	0.00746	0.01166	0.01454	0.22010	0.04425	0.62558	0.01173	0.00572	0.00161	0.00242	0.00989	0.00469	0.00420
26	0.00604	0.00491	0.00536	0.00535	0.00682	0.00423	0.00403	0.00752	0.01157	0.01449	0.21006	0.07259	0.58359	0.01190	0.00577	0.00164	0.00249	0.03276	0.00468	0.00420
27	0.01060	0.01060	0.01484	0.01272	0.01272	0.01484	0.01060	0.01166	0.00742	0.01166	0.00636	0.01060	0.00636	0.00848	0.01590	0.00212	0.82082	0.00424	0.00212	0.00530
28	0.00915	0.00861	0.01453	0.81804	0.03338	0.01077	0.01346	0.01238	0.00969	0.01238	0.00861	0.01292	0.00646	0.00484	0.00484	0.00161	0.00646	0.00431	0.00215	0.00538
29	0.01296	0.83261	0.02539	0.00829	0.01244	0.01917	0.00829	0.01451	0.00985	0.01140	0.00674	0.00777	0.00622	0.00415	0.00311	0.00104	0.00518	0.00259	0.00207	0.00622
30	0.00590	0.00424	0.00560	0.00668	0.00701	0.00394	0.00447	0.00676	0.00934	0.01240	0.02751	0.79855	0.05951	0.01508	0.00617	0.00196	0.00280	0.01365	0.00450	0.00394
31	0.01199	0.01151	0.01967	0.02974	0.79946	0.01151	0.01487	0.01487	0.01103	0.01583	0.00912	0.01199	0.00768	0.00432	0.00480	0.00144	0.00576	0.00432	0.00240	0.00768
32	0.01005	0.00861	0.01005	0.00718	0.01148	0.00646	0.00574	0.01220	0.01005	0.01579	0.00861	0.01005	0.00718	0.00359	0.00359	0.00072	0.00359	0.00287	0.00287	0.85932
33	0.00972	0.02507	0.80458	0.01381	0.02097	0.01125	0.01790	0.01535	0.01023	0.01535	0.00870	0.01023	0.00614	0.00460	0.00460	0.00153	0.00716	0.00358	0.00205	0.00716
34	0.01810	0.02310	0.01373	0.01248	0.01498	0.81024	0.00936	0.01935	0.01373	0.01186	0.00749	0.00874	0.00624	0.00499	0.00437	0.00125	0.00874	0.00312	0.00250	0.00562
35	0.00579	0.00489	0.00501	0.00504	0.00660	0.00411	0.00376	0.00705	0.01111	0.01337	0.08426	0.07555	0.73242	0.01227	0.00574	0.00164	0.00246	0.01029	0.00454	0.00411
36	0.00590	0.00422	0.00562	0.00675	0.00703	0.00394	0.00450	0.00675	0.00928	0.01237	0.02671	0.82653	0.03205	0.01518	0.00619	0.00197	0.00281	0.01378	0.00450	0.00394
37	0.00606	0.00429	0.00564	0.00665	0.00692	0.00405	0.00441	0.00685	0.00910	0.01212	0.02555	0.73145	0.03053	0.09610	0.00803	0.00224	0.00303	0.02880	0.00434	0.00385
38	0.01323	0.79006	0.02478	0.00851	0.01257	0.06075	0.00835	0.01477	0.01005	0.01143	0.00678	0.00782	0.00622	0.00419	0.00318	0.00105	0.00537	0.00262	0.00210	0.00619
39	0.00991	0.06199	0.68446	0.04381	0.02048	0.01186	0.01679	0.01495	0.01000	0.01480	0.00844	0.01024	0.00617	0.00485	0.00530	0.00155	0.06181	0.00361	0.00206	0.00692
40	0.01500	0.13959	0.01717	0.07458	0.23326	0.41346	0.01102	0.01689	0.01211	0.01293	0.00791	0.00980	0.00665	0.00467	0.00433	0.00130	0.00722	0.00346	0.00238	0.00626
41	0.00795	0.00557	0.00780	0.00863	0.00954	0.00572	0.00732	0.00956	0.01032	0.01352	0.02262	0.04770	0.02453	0.04403	0.00908	0.09942	0.03375	0.62471	0.00405	0.00417
42	0.01088	0.01107	0.01480	0.01271	0.01281	0.04432	0.01056	0.01195	0.00766	0.01167	0.00640	0.01053	0.00636	0.00835	0.01548	0.00209	0.79073	0.00420	0.00213	0.00531
43	0.00742	0.00569	0.00657	0.00641	0.00785	0.00544	0.00476	0.03028	0.09879	0.02926	0.27626	0.18692	0.29381	0.01117	0.00568	0.00166	0.00273	0.00967	0.00485	0.00479
44	0.00680	0.00537	0.00826	0.03580	0.03319	0.00514	0.06863	0.00819	0.00987	0.01340	0.08117	0.62960	0.02897	0.01297	0.00596	0.00186	0.00341	0.01192	0.02513	0.00437
45	0.00585	0.00487	0.00510	0.00514	0.00664	0.00413	0.00382	0.00715	0.01118	0.01364	0.11796	0.09694	0.67645	0.01224	0.00576	0.00165	0.00246	0.01032	0.00458	0.00413
46	0.01647	0.00942	0.01109	0.00930	0.01250	0.00981	0.00742	0.02478	0.43696	0.37662	0.01945	0.01736	0.01352	0.00631	0.00490	0.00158	0.00397	0.00520	0.00542	0.00793
47	0.01296	0.83261	0.02539	0.00829	0.01244	0.01917	0.00829	0.01451	0.00985	0.01140	0.00674	0.00777	0.00622	0.00415	0.00311	0.00104	0.00518	0.00259	0.00207	0.00622
48	0.00705	0.00470	0.00529	0.00529	0.00529	0.00470	0.00294	0.00705	0.00705	0.00940	0.01527	0.03171	0.01762	0.82969	0.02467	0.00470	0.00470	0.00705	0.00294	0.00294
49	0.86392	0.00937	0.00712	0.00637	0.00937	0.01087	0.00525	0.01425	0.00825	0.02174	0.00675	0.00787	0.00525	0.00450	0.00300	0.00150	0.00375	0.00262	0.00300	0.00525
50	0.01662	0.01225	0.01307	0.01033	0.01378	0.01359	0.00843	0.60256	0.12903	0.02790	0.01317	0.01316	0.00956	0.00591	0.00472	0.00145	0.00483	0.00453	0.08731	0.00780
51	0.03920	0.00903	0.01140	0.00886	0.01242	0.00851	0.00728	0.15757	0.02737	0.58107	0.07152	0.01683	0.01356	0.00621	0.00489	0.00150	0.00420	0.00501	0.00566	0.00791
52	0.01189	0.01141	0.01949	0.05805	0.77196	0.01149	0.01482	0.01478	0.01099	0.01571	0.00910	0.01203	0.00763	0.00434	0.00480	0.00145	0.00578	0.00432	0.00239	0.00759
53	0.00592	0.00487	0.00523	0.00540	0.00683	0.00418	0.00405	0.00722	0.01099	0.01342	0.08414	0.13525	0.62861	0.01254	0.00583	0.00170	0.00260	0.05255	0.00454	0.00412
54	0.00753	0.06452	0.00772	0.00707	0.00797	0.02406	0.00521	0.00878	0.01027	0.03406	0.14216	0.46893	0.02973	0.06968	0.00716	0.00202	0.00338	0.09109	0.00433	0.00434
55	0.02603	0.10759	0.06391	0.08611	0.24848	0.10968	0.01094	0.03000	0.08198	0.01484	0.01059	0.01258	0.02625	0.00681	0.05227	0.00175	0.02814	0.00407	0.00271	0.07527
56	0.01259	0.14002	0.17408	0.04657	0.10216	0.06619	0.03384	0.06893	0.04269	0.07304	0.03807	0.01191	0.00890	0.00480	0.00433	0.00129	0.00552	0.00386	0.00300	0.15823
57	0.01077	0.19149	0.27790	0.04907	0.04765	0.01199	0.04485	0.03669	0.02536	0.01511	0.05558	0.01174	0.00907	0.00484	0.00467	0.00131	0.03634	0.00379	0.00257	0.15920
58	0.01139	0.10953	0.28194	0.01217	0.05146	0.04576	0.07072	0.05651	0.05957	0.04117	0.02482	0.02973	0.03092	0.00634	0.03491	0.00161	0.00606	0.00430	0.00288	0.11821
59	0.03099	0.12927	0.17073	0.06899	0.08169	0.02553	0.05171	0.05585	0.09634	0.05154	0.03887	0.01752	0.11970	0.00609	0.00465	0.00146	0.00517	0.00504	0.02155	0.01730
60	0.06614	0.01176	0.14815	0.12413	0.02597	0.03025	0.08063	0.03424	0.08839	0.10353	0.08995	0.02619	0.02974	0.00708	0.03519	0.00175	0.00548	0.01460	0.03414	0.04267

[dist]
# distance from previous block
# <min> <max>
0	96

[block]
# block no. 5 follows, 52 sequences, length 29
# corresponding to MSA columns:
# 863-891
name=unknown_F
#
# <colnr> <probs for GDERKNQSTAVLIFYWHMCP>
#	G	D	E	R	K	N	Q	S	T	A	V	L	I	F	Y	W	H	M	C	P
0	0.03467	0.13677	0.14940	0.10262	0.05289	0.10345	0.12641	0.06881	0.01152	0.04061	0.00960	0.04517	0.00792	0.00518	0.00497	0.00143	0.03650	0.00430	0.00269	0.05508
1	0.05585	0.09434	0.10238	0.03289	0.02981	0.07715	0.16073	0.10992	0.03374	0.03318	0.02522	0.04098	0.04166	0.00582	0.00508	0.00146	0.03223	0.02999	0.01691	0.07065
2	0.03961	0.10325	0.14235	0.10788	0.06866	0.01162	0.13804	0.05510	0.09376	0.04472	0.01152	0.01479	0.00924	0.00536	0.00487	0.00150	0.01793	0.04892	0.03308	0.04779
3	0.07689	0.04152	0.12171	0.07013	0.09407	0.09098	0.12466	0.06018	0.08074	0.03040	0.01197	0.02593	0.03002	0.02685	0.02627	0.00173	0.00614	0.02555	0.00301	0.05127
4	0.05496	0.02833	0.05292	0.13086	0.04821	0.12020	0.00926	0.11423	0.04133	0.03721	0.01111	0.01397	0.02283	0.03201	0.15798	0.00276	0.06774	0.00435	0.01490	0.03484
5	0.04471	0.04621	0.10688	0.19474	0.02735	0.08071	0.00985	0.10003	0.02416	0.04134	0.04732	0.01508	0.01030	0.06998	0.04773	0.00203	0.03517	0.01467	0.01804	0.06367
6	0.00985	0.00877	0.01393	0.51424	0.06195	0.01009	0.05014	0.06085	0.03584	0.01426	0.01070	0.06537	0.00902	0.02026	0.00560	0.02450	0.00578	0.00500	0.02458	0.04927
7	0.03417	0.02881	0.16583	0.22268	0.09831	0.04031	0.07154	0.13306	0.01235	0.04125	0.03540	0.01322	0.00873	0.02785	0.00553	0.00161	0.02279	0.00441	0.02567	0.00647
8	0.00935	0.00881	0.01489	0.76388	0.08602	0.01082	0.01356	0.01255	0.00978	0.01262	0.00865	0.01286	0.00654	0.00481	0.00484	0.00160	0.00641	0.00431	0.00217	0.00554
9	0.01068	0.01012	0.01590	0.53701	0.23988	0.03708	0.01349	0.05235	0.01085	0.01422	0.00887	0.01247	0.00687	0.00476	0.00482	0.00155	0.00629	0.00427	0.00237	0.00616
10	0.23902	0.01501	0.01034	0.03867	0.01255	0.39153	0.00740	0.01552	0.01169	0.03120	0.03949	0.01636	0.11577	0.00630	0.00434	0.00143	0.00604	0.02895	0.00312	0.00529
11	0.01842	0.01357	0.01454	0.01115	0.01503	0.01503	0.00921	0.78330	0.02278	0.03054	0.01163	0.01163	0.00824	0.00582	0.00485	0.00145	0.00533	0.00436	0.00485	0.00824
12	0.00705	0.00470	0.00529	0.00529	0.00529	0.00470	0.00294	0.00705	0.00705	0.00940	0.01527	0.03171	0.01762	0.82969	0.02467	0.00470	0.00470	0.00705	0.00294	0.00294
13	0.00686	0.00495	0.00648	0.00610	0.00724	0.00457	0.00457	0.00914	0.01372	0.01943	0.79691	0.03620	0.04572	0.00991	0.00572	0.00152	0.00229	0.00876	0.00533	0.00457
14	0.86392	0.00937	0.00712	0.00637	0.00937	0.01087	0.00525	0.01425	0.00825	0.02174	0.00675	0.00787	0.00525	0.00450	0.00300	0.00150	0.00375	0.00262	0.00300	0.00525
15	0.01205	0.01041	0.01096	0.00986	0.01260	0.01205	0.00767	0.02575	0.79071	0.02027	0.01972	0.01808	0.01479	0.00657	0.00493	0.00164	0.00384	0.00548	0.00493	0.00767
16	0.02087	0.00827	0.01116	0.00851	0.01230	0.00707	0.00702	0.02277	0.01359	0.74440	0.01834	0.01602	0.01164	0.00582	0.00478	0.00144	0.00408	0.00472	0.00577	0.07142
17	0.01144	0.01307	0.02859	0.02042	0.02533	0.01225	0.78186	0.01552	0.01144	0.01552	0.00980	0.01307	0.00735	0.00408	0.00572	0.00163	0.00817	0.00572	0.00245	0.00654
18	0.00693	0.00516	0.00764	0.00764	0.00846	0.00598	0.00587	0.00856	0.00774	0.01114	0.01312	0.01978	0.01244	0.08306	0.76422	0.00761	0.01249	0.00530	0.00262	0.00424
19	0.00678	0.00493	0.00639	0.00606	0.00720	0.00453	0.00453	0.00898	0.01348	0.01896	0.74307	0.05794	0.07863	0.01015	0.00573	0.00154	0.00231	0.00896	0.00528	0.00453
20	0.01820	0.01346	0.01442	0.01110	0.01494	0.01492	0.00916	0.75660	0.04986	0.03018	0.01192	0.01186	0.00847	0.00584	0.00485	0.00146	0.00528	0.00440	0.00485	0.00822
21	0.01005	0.00861	0.01005	0.00718	0.01148	0.00646	0.00574	0.01220	0.01005	0.01579	0.00861	0.01005	0.00718	0.00359	0.00359	0.00072	0.00359	0.00287	0.00287	0.85932
22	0.00992	0.07502	0.75638	0.01347	0.02045	0.01174	0.01731	0.01530	0.01021	0.01510	0.00858	0.01008	0.00614	0.00458	0.00451	0.00150	0.00704	0.00352	0.00205	0.00710
23	0.00620	0.00454	0.00585	0.00650	0.00719	0.00419	0.00461	0.00749	0.01057	0.01412	0.19636	0.51173	0.13104	0.01357	0.00606	0.00185	0.00275	0.05659	0.00468	0.00412
24	0.00590	0.00422	0.00562	0.00675	0.00703	0.00394	0.00450	0.00675	0.00928	0.01237	0.02671	0.82653	0.03205	0.01518	0.00619	0.00197	0.00281	0.01378	0.00450	0.00394
25	0.01187	0.01117	0.01521	0.06047	0.06329	0.03793	0.15050	0.05306	0.40559	0.01788	0.01557	0.03612	0.02555	0.00626	0.00590	0.00165	0.06571	0.00546	0.00385	0.00695
26	0.12379	0.38071	0.09244	0.00986	0.01357	0.21874	0.00916	0.03638	0.01101	0.02806	0.00746	0.00862	0.00626	0.00467	0.00405	0.00125	0.03249	0.00297	0.00244	0.00609
27	0.15678	0.03708	0.01484	0.14111	0.32266	0.03822	0.03206	0.01519	0.07275	0.03272	0.01009	0.01238	0.00805	0.00579	0.03109	0.00167	0.00552	0.00411	0.05138	0.00648
28	0.01155	0.01072	0.05092	0.06556	0.05297	0.07380	0.00809	0.09533	0.18335	0.04351	0.13406	0.03900	0.05061	0.02806	0.00535	0.00150	0.00450	0.00549	0.00397	0.13166

[dist]
# distance from previous block
# <min> <max>
0	1

[block]
# block no. 6 follows, 52 sequences, length 25
# corresponding to MSA columns:
# 894-918
name=unknown_G
#
# <colnr> <probs for GDERKNQSTAVLIFYWHMCP>
#	G	D	E	R	K	N	Q	S	T	A	V	L	I	F	Y	W	H	M	C	P
0	0.01594	0.01221	0.01332	0.01069	0.01386	0.01387	0.00872	0.51799	0.18688	0.02614	0.01314	0.01325	0.00970	0.00620	0.00573	0.00154	0.07342	0.00460	0.04513	0.00769
1	0.00937	0.00806	0.01200	0.30302	0.08812	0.00885	0.00946	0.01152	0.00933	0.03176	0.01112	0.07924	0.01039	0.09253	0.06352	0.00225	0.08117	0.00515	0.00269	0.16044
2	0.02020	0.00917	0.01155	0.00895	0.01256	0.00868	0.00736	0.17388	0.03421	0.59072	0.01748	0.01565	0.01134	0.00596	0.00479	0.00148	0.00426	0.00477	0.04895	0.00804
3	0.01827	0.01275	0.01392	0.01074	0.01451	0.01392	0.00885	0.66670	0.04626	0.10535	0.03109	0.01289	0.00970	0.00596	0.00487	0.00147	0.00509	0.00455	0.00497	0.00814
4	0.01296	0.83261	0.02539	0.00829	0.01244	0.01917	0.00829	0.01451	0.00985	0.01140	0.00674	0.00777	0.00622	0.00415	0.00311	0.00104	0.00518	0.00259	0.00207	0.00622
5	0.00590	0.00422	0.00562	0.00675	0.00703	0.00394	0.00450	0.00675	0.00928	0.01237	0.02671	0.82653	0.03205	0.01518	0.00619	0.00197	0.00281	0.01378	0.00450	0.00394
6	0.00842	0.00421	0.00631	0.00631	0.00631	0.00421	0.00421	0.00631	0.00631	0.00842	0.00842	0.01473	0.00842	0.01684	0.01894	0.85901	0.00421	0.00421	0.00210	0.00210
7	0.02138	0.00882	0.01160	0.00889	0.01266	0.00797	0.00735	0.10538	0.01483	0.71970	0.01831	0.01597	0.01159	0.00598	0.00487	0.00149	0.00425	0.00482	0.00587	0.00825
8	0.00617	0.00439	0.00581	0.00666	0.00696	0.00427	0.00445	0.00699	0.00881	0.01184	0.02364	0.62884	0.02789	0.13099	0.09533	0.00297	0.00417	0.01191	0.00408	0.00384
9	0.86392	0.00937	0.00712	0.00637	0.00937	0.01087	0.00525	0.01425	0.00825	0.02174	0.00675	0.00787	0.00525	0.00450	0.00300	0.00150	0.00375	0.00262	0.00300	0.00525
10	0.00903	0.00452	0.00452	0.00452	0.00565	0.00452	0.00339	0.01129	0.01016	0.01807	0.01581	0.01807	0.01242	0.00565	0.00339	0.00113	0.00226	0.00452	0.85659	0.00452
11	0.00615	0.00520	0.00536	0.00532	0.00694	0.00456	0.00399	0.00813	0.05544	0.01382	0.08733	0.07119	0.68588	0.01192	0.00570	0.00164	0.00254	0.01000	0.00457	0.00432
12	0.00611	0.00483	0.00550	0.00552	0.00683	0.00422	0.00407	0.00762	0.01166	0.01500	0.28258	0.14448	0.46059	0.01190	0.00578	0.00164	0.00245	0.01023	0.00476	0.00422
13	0.00692	0.00519	0.00779	0.00779	0.00865	0.00606	0.00606	0.00865	0.00779	0.01125	0.01298	0.01904	0.01211	0.03634	0.81049	0.00779	0.01298	0.00519	0.00260	0.00433
14	0.01144	0.01307	0.02859	0.02042	0.02533	0.01225	0.78186	0.01552	0.01144	0.01552	0.00980	0.01307	0.00735	0.00408	0.00572	0.00163	0.00817	0.00572	0.00245	0.00654
15	0.00781	0.00558	0.00781	0.00892	0.01004	0.00558	0.00781	0.01004	0.01116	0.01450	0.02566	0.05466	0.02789	0.01339	0.00669	0.00223	0.00446	0.76685	0.00446	0.00446
16	0.00731	0.00506	0.00621	0.00603	0.00737	0.00452	0.00452	0.00906	0.01229	0.06362	0.40682	0.13845	0.27141	0.01114	0.00575	0.00163	0.00256	0.02668	0.00499	0.00456
17	0.01689	0.01001	0.01144	0.00911	0.01231	0.01046	0.00742	0.35080	0.07822	0.24917	0.03496	0.01531	0.01151	0.00674	0.02393	0.00159	0.00451	0.00475	0.13342	0.00745
18	0.86392	0.00937	0.00712	0.00637	0.00937	0.01087	0.00525	0.01425	0.00825	0.02174	0.00675	0.00787	0.00525	0.00450	0.00300	0.00150	0.00375	0.00262	0.00300	0.00525
19	0.00732	0.00689	0.04498	0.00778	0.00880	0.05339	0.02721	0.00903	0.03620	0.01331	0.09182	0.57802	0.02848	0.05437	0.00684	0.00198	0.00361	0.01136	0.00421	0.00439
20	0.01130	0.00863	0.01022	0.00766	0.01164	0.00693	0.00621	0.05678	0.01117	0.08040	0.01098	0.01418	0.00926	0.00468	0.00401	0.00094	0.00380	0.06336	0.00336	0.67446
21	0.00980	0.00835	0.00978	0.00715	0.01122	0.00631	0.00567	0.01187	0.01000	0.01559	0.00970	0.05917	0.00867	0.00429	0.00375	0.00079	0.00354	0.00353	0.00297	0.80786
22	0.00705	0.00470	0.00529	0.00529	0.00529	0.00470	0.00294	0.00705	0.00705	0.00940	0.01527	0.03171	0.01762	0.82969	0.02467	0.00470	0.00470	0.00705	0.00294	0.00294
23	0.00922	0.00860	0.01476	0.64065	0.06638	0.01022	0.05988	0.01223	0.00996	0.01301	0.05621	0.01446	0.00910	0.00606	0.02038	0.03012	0.00633	0.00468	0.00238	0.00539
24	0.22750	0.01033	0.01135	0.00893	0.01253	0.01072	0.00737	0.27847	0.01551	0.34953	0.01355	0.01273	0.00907	0.00557	0.00440	0.00148	0.00444	0.00415	0.00487	0.00751

[dist]
# distance from previous block
# <min> <max>
0	6

[block]
# block no. 7 follows, 52 sequences, length 46
# corresponding to MSA columns:
# 925-970
name=unknown_H
#
# <colnr> <probs for GDERKNQSTAVLIFYWHMCP>
#	G	D	E	R	K	N	Q	S	T	A	V	L	I	F	Y	W	H	M	C	P
0	0.17795	0.00940	0.01205	0.30393	0.03244	0.01041	0.00941	0.13953	0.01231	0.14681	0.01106	0.01337	0.00817	0.00529	0.00445	0.00150	0.00507	0.02486	0.01784	0.05416
1	0.01749	0.01507	0.01392	0.01129	0.01465	0.18216	0.00907	0.50591	0.10767	0.03639	0.01166	0.01180	0.00857	0.00580	0.00503	0.00145	0.02598	0.00423	0.00431	0.00755
2	0.01057	0.23825	0.59889	0.01235	0.01872	0.01335	0.01537	0.01513	0.01013	0.01431	0.00818	0.00958	0.00616	0.00448	0.00421	0.00140	0.00664	0.00332	0.00205	0.00691
3	0.00704	0.00527	0.00761	0.00755	0.00826	0.00609	0.00572	0.00850	0.00767	0.01098	0.01314	0.02070	0.01278	0.15392	0.67155	0.00717	0.03383	0.00544	0.00263	0.00415
4	0.00767	0.00542	0.00737	0.00763	0.00864	0.00519	0.02921	0.03745	0.02542	0.04681	0.11598	0.49590	0.05644	0.01299	0.00605	0.00189	0.00330	0.11746	0.00461	0.00457
5	0.00661	0.00560	0.00580	0.00572	0.00743	0.00514	0.00434	0.00944	0.10907	0.01413	0.05778	0.06378	0.64275	0.01162	0.00567	0.00166	0.00269	0.03163	0.00457	0.00456
6	0.00705	0.00470	0.00529	0.00529	0.00529	0.00470	0.00294	0.00705	0.00705	0.00940	0.01527	0.03171	0.01762	0.82969	0.02467	0.00470	0.00470	0.00705	0.00294	0.00294
7	0.01140	0.01251	0.02610	0.07143	0.16654	0.01203	0.59494	0.01521	0.01126	0.01538	0.00961	0.01287	0.00736	0.00417	0.00550	0.00160	0.00763	0.00538	0.00242	0.00667
8	0.01153	0.04317	0.11319	0.02572	0.61269	0.01150	0.04069	0.01470	0.01091	0.01554	0.00981	0.01375	0.00842	0.00478	0.00484	0.00148	0.00592	0.04154	0.00245	0.00736
9	0.00577	0.00491	0.00496	0.00495	0.00657	0.00411	0.00371	0.00703	0.01113	0.01330	0.07402	0.04629	0.77243	0.01219	0.00573	0.00163	0.00245	0.01018	0.00453	0.00411
10	0.00675	0.00528	0.00760	0.00834	0.03692	0.00504	0.04486	0.00847	0.03865	0.01356	0.08309	0.61604	0.05823	0.01335	0.00603	0.00188	0.00323	0.03388	0.00439	0.00441
11	0.01330	0.06174	0.01891	0.06926	0.50646	0.08906	0.05379	0.06309	0.01203	0.05264	0.00945	0.01172	0.00760	0.00456	0.00471	0.00142	0.00608	0.00420	0.00270	0.00726
12	0.02812	0.00475	0.00622	0.00686	0.00757	0.00456	0.02141	0.00822	0.00978	0.01398	0.04805	0.55584	0.03713	0.01285	0.00570	0.00183	0.00301	0.08565	0.13429	0.00419
13	0.01222	0.30259	0.37013	0.01214	0.03445	0.07390	0.04222	0.03034	0.01076	0.04383	0.00839	0.00969	0.00652	0.00459	0.00432	0.00135	0.02011	0.00338	0.00232	0.00674
14	0.00677	0.00503	0.00721	0.00729	0.00811	0.00556	0.00551	0.00836	0.00859	0.01212	0.09043	0.10601	0.04662	0.06998	0.58202	0.00621	0.01011	0.00670	0.00314	0.00423
15	0.01145	0.16887	0.46884	0.01253	0.04586	0.01287	0.01395	0.11734	0.02886	0.01699	0.05145	0.01160	0.00881	0.00500	0.00444	0.00143	0.00617	0.00385	0.00268	0.00702
16	0.00677	0.00479	0.00547	0.00545	0.00589	0.00468	0.00341	0.00726	0.00819	0.01073	0.05773	0.03380	0.17014	0.56890	0.08349	0.00421	0.00482	0.00760	0.00332	0.00335
17	0.01087	0.00884	0.01029	0.00748	0.01169	0.00700	0.00599	0.04102	0.03937	0.04641	0.00953	0.01065	0.00768	0.00387	0.00373	0.00081	0.00368	0.00310	0.00314	0.76485
18	0.01229	0.41796	0.21195	0.01167	0.01656	0.01539	0.12849	0.04399	0.05525	0.03177	0.00887	0.01010	0.00706	0.00449	0.00407	0.00131	0.00602	0.00359	0.00248	0.00670
19	0.63610	0.13541	0.03023	0.00731	0.01064	0.02621	0.00639	0.07159	0.00971	0.02050	0.00717	0.00821	0.00566	0.00455	0.00322	0.00142	0.00425	0.00278	0.00296	0.00567
20	0.00697	0.00471	0.00526	0.00526	0.00536	0.00466	0.00298	0.00704	0.00728	0.00961	0.01720	0.03256	0.06206	0.78311	0.02359	0.00452	0.00457	0.00723	0.00303	0.00300
