[name]
unknown

[dist]
# distance from previous block
# <min> <max>
0	73

[block]
# block no. 0 follows, 51 sequences, length 48
# corresponding to MSA columns:
# 73-103,121-137
name=unknown_A
#
# <colnr> <probs for GDERKNQSTAVLIFYWHMCP>
#	G	D	E	R	K	N	Q	S	T	A	V	L	I	F	Y	W	H	M	C	P
0	0.00865	0.00643	0.00701	0.00682	0.00781	0.04226	0.00477	0.02868	0.06394	0.04512	0.10737	0.12643	0.09357	0.32344	0.06269	0.00325	0.00465	0.03729	0.01546	0.00437
1	0.05561	0.00594	0.00736	0.00695	0.00824	0.00572	0.01880	0.04221	0.01048	0.12802	0.08065	0.26360	0.08453	0.19653	0.01057	0.04149	0.00372	0.00870	0.01621	0.00468
2	0.01151	0.01138	0.03491	0.17869	0.46582	0.02370	0.08821	0.04407	0.01139	0.01569	0.01037	0.04371	0.00892	0.00518	0.00506	0.00155	0.00613	0.02411	0.00261	0.00698
3	0.07442	0.00918	0.00949	0.00895	0.03048	0.04583	0.00660	0.03213	0.38659	0.02954	0.11471	0.02205	0.07255	0.07344	0.00748	0.05612	0.00399	0.00597	0.00437	0.00613
4	0.00648	0.00512	0.00586	0.00585	0.00719	0.00462	0.00432	0.00855	0.04372	0.01562	0.29455	0.15164	0.40512	0.01182	0.00584	0.00167	0.00254	0.01018	0.00486	0.00444
5	0.04037	0.00910	0.01507	0.69505	0.12160	0.01101	0.01351	0.01292	0.00993	0.01330	0.00873	0.01281	0.00665	0.00484	0.00484	0.00161	0.00637	0.00431	0.00224	0.00572
6	0.01668	0.02038	0.01376	0.03097	0.06467	0.63673	0.00970	0.01897	0.06370	0.01296	0.00947	0.01210	0.00810	0.00609	0.01920	0.00148	0.00818	0.03820	0.00277	0.00588
7	0.01573	0.01904	0.01432	0.01274	0.01440	0.53379	0.00993	0.01693	0.01172	0.01196	0.00720	0.00951	0.00637	0.00629	0.00847	0.00157	0.28848	0.00356	0.00240	0.00559
8	0.00864	0.00455	0.00664	0.00646	0.00673	0.00441	0.00437	0.00678	0.00664	0.00901	0.00855	0.01464	0.00846	0.01622	0.01822	0.80271	0.00423	0.00418	0.00218	0.05638
9	0.01216	0.01168	0.01995	0.03016	0.79664	0.01168	0.01508	0.01508	0.01119	0.01605	0.00924	0.01216	0.00778	0.00438	0.00487	0.00146	0.00584	0.00438	0.00243	0.00778
10	0.01216	0.01164	0.01970	0.02960	0.77457	0.01169	0.01488	0.01539	0.03305	0.01618	0.00955	0.01234	0.00799	0.00444	0.00487	0.00147	0.00578	0.00441	0.00250	0.00778
11	0.01609	0.01171	0.01266	0.01010	0.01334	0.01285	0.00819	0.58992	0.04959	0.02752	0.04943	0.07866	0.01263	0.00686	0.00494	0.00150	0.00474	0.00545	0.07631	0.00750
12	0.01105	0.00721	0.00855	0.00772	0.00978	0.00723	0.00593	0.04697	0.20360	0.15197	0.25000	0.13484	0.11612	0.00937	0.00548	0.00164	0.00324	0.00807	0.00519	0.00605
13	0.00685	0.00475	0.00564	0.00574	0.00612	0.00458	0.00361	0.00753	0.00912	0.01231	0.17860	0.15995	0.07065	0.48410	0.01700	0.00349	0.00383	0.00877	0.00382	0.00355
14	0.41145	0.00835	0.00842	0.00718	0.00996	0.00875	0.00571	0.02628	0.03253	0.25229	0.07508	0.02709	0.01258	0.08764	0.00614	0.00186	0.00390	0.00455	0.00423	0.00603
15	0.05948	0.00889	0.01053	0.00863	0.01163	0.00894	0.00689	0.13495	0.14525	0.35237	0.10404	0.03144	0.01615	0.04716	0.00592	0.00170	0.00404	0.00553	0.02920	0.00725
16	0.07996	0.00748	0.00899	0.00761	0.01017	0.00716	0.00602	0.07578	0.04602	0.31361	0.19352	0.07738	0.09863	0.01896	0.00539	0.00161	0.00353	0.00679	0.02498	0.00640
17	0.01342	0.00678	0.00871	0.00723	0.00986	0.00584	0.00570	0.01536	0.01283	0.33557	0.23283	0.07686	0.09231	0.00802	0.00512	0.00146	0.00329	0.00683	0.03880	0.11318
18	0.03149	0.00580	0.00684	0.00683	0.00799	0.00567	0.00491	0.07354	0.02773	0.04377	0.12780	0.34651	0.14389	0.11664	0.00828	0.00217	0.00332	0.02768	0.00452	0.00462
19	0.11681	0.00894	0.01011	0.00862	0.01125	0.00957	0.00686	0.18285	0.13613	0.16404	0.09696	0.05077	0.01552	0.02781	0.11381	0.00248	0.00530	0.00552	0.02003	0.00661
20	0.00702	0.00527	0.00790	0.00790	0.00878	0.00614	0.00614	0.00878	0.00790	0.01141	0.01316	0.01931	0.01229	0.03686	0.80782	0.00790	0.01316	0.00527	0.00263	0.00439
21	0.72002	0.00924	0.00783	0.00680	0.00991	0.01033	0.00559	0.01576	0.00932	0.13774	0.02439	0.00986	0.00716	0.00490	0.00338	0.00152	0.00383	0.00312	0.00354	0.00576
22	0.10115	0.00644	0.00738	0.00679	0.00858	0.00630	0.00515	0.05186	0.03940	0.11619	0.27037	0.14727	0.14565	0.04486	0.00618	0.00176	0.00314	0.00821	0.01809	0.00524
23	0.01669	0.07000	0.01513	0.01155	0.01487	0.25076	0.05824	0.29722	0.07791	0.06867	0.02828	0.01301	0.02592	0.00639	0.02206	0.00156	0.00646	0.00438	0.00389	0.00702
24	0.00964	0.00666	0.00929	0.00921	0.04354	0.00738	0.00682	0.05960	0.04867	0.08255	0.02814	0.03900	0.01301	0.04422	0.52579	0.02562	0.02691	0.00544	0.00327	0.00523
25	0.24112	0.00770	0.00830	0.00740	0.00974	0.00785	0.00572	0.07867	0.02807	0.20721	0.03347	0.20144	0.07951	0.05498	0.00596	0.00182	0.00373	0.00699	0.00449	0.00582
26	0.01149	0.01141	0.01544	0.07551	0.43397	0.11488	0.01168	0.01368	0.01118	0.01462	0.05284	0.06150	0.06458	0.00673	0.00599	0.03481	0.03493	0.01552	0.00285	0.00638
27	0.03025	0.10952	0.24886	0.02606	0.05652	0.14008	0.08457	0.05284	0.15460	0.01622	0.01063	0.01175	0.00815	0.00513	0.00487	0.00149	0.02457	0.00408	0.00290	0.00691
28	0.01310	0.01173	0.07806	0.04208	0.25632	0.01135	0.02711	0.16083	0.03787	0.08843	0.07444	0.01492	0.01163	0.00795	0.05905	0.00199	0.08768	0.00486	0.00350	0.00709
29	0.00725	0.00574	0.00774	0.00769	0.00855	0.02297	0.00587	0.00877	0.00848	0.01175	0.03552	0.07074	0.08005	0.07942	0.57741	0.00631	0.04210	0.00634	0.00298	0.00433
30	0.01082	0.12704	0.39542	0.04513	0.07595	0.03550	0.16640	0.01500	0.01066	0.01473	0.00973	0.05373	0.00799	0.00507	0.00479	0.00152	0.00688	0.00454	0.00233	0.00676
31	0.00905	0.00744	0.00777	0.00778	0.04113	0.03976	0.00563	0.01328	0.18504	0.05830	0.05176	0.05151	0.45129	0.01005	0.00546	0.00163	0.00333	0.02086	0.02350	0.00543
32	0.04624	0.04458	0.12740	0.04017	0.06285	0.23600	0.05055	0.19066	0.06161	0.04657	0.01041	0.02467	0.00806	0.00544	0.00493	0.00147	0.02408	0.00414	0.00330	0.00688
33	0.01128	0.03104	0.07514	0.04803	0.05441	0.04395	0.33580	0.07354	0.01212	0.03247	0.02444	0.11026	0.04909	0.00658	0.00541	0.00163	0.00630	0.03002	0.04232	0.00619
34	0.00765	0.00612	0.00821	0.00842	0.00889	0.00692	0.00631	0.03613	0.00959	0.01314	0.02164	0.49912	0.03489	0.03190	0.04530	0.00236	0.17021	0.07476	0.00396	0.00448
35	0.00783	0.00559	0.00782	0.00895	0.01004	0.00558	0.00776	0.01003	0.01123	0.01461	0.02607	0.09076	0.02848	0.01366	0.00676	0.00225	0.00445	0.72911	0.00453	0.00450
36	0.01012	0.00957	0.01599	0.60965	0.10699	0.01131	0.06409	0.03032	0.05708	0.01398	0.00958	0.01328	0.00728	0.00498	0.00511	0.00163	0.01608	0.00454	0.00246	0.00597
37	0.01365	0.05454	0.15236	0.02614	0.07975	0.05919	0.14248	0.06028	0.04769	0.17229	0.04754	0.01520	0.01095	0.04366	0.05059	0.00201	0.00643	0.00488	0.00352	0.00686
38	0.00911	0.00585	0.00788	0.00740	0.00872	0.00619	0.00570	0.03505	0.00999	0.10094	0.09530	0.02385	0.08379	0.09231	0.43081	0.00517	0.02145	0.00612	0.03950	0.00487
39	0.01010	0.00513	0.00529	0.00504	0.00641	0.00514	0.00384	0.04427	0.01100	0.05171	0.01599	0.01798	0.01240	0.00575	0.00356	0.00117	0.00250	0.00459	0.78322	0.00490
40	0.01199	0.01730	0.33328	0.07383	0.11343	0.07985	0.04568	0.05941	0.05581	0.06401	0.01198	0.05759	0.00985	0.00590	0.00496	0.00158	0.00638	0.03727	0.00299	0.00690
41	0.01250	0.10858	0.38434	0.01416	0.09000	0.12934	0.03003	0.05406	0.06676	0.03315	0.01004	0.02771	0.00782	0.00509	0.00459	0.00146	0.00668	0.00399	0.00267	0.00701
42	0.01703	0.00740	0.00982	0.00804	0.01096	0.00658	0.00643	0.01938	0.04477	0.53555	0.15657	0.08688	0.05278	0.00782	0.00524	0.00158	0.00367	0.00661	0.00573	0.00716
43	0.01359	0.00885	0.01231	0.01243	0.14681	0.00860	0.04033	0.13212	0.03031	0.20544	0.17237	0.07722	0.03515	0.04168	0.00604	0.00166	0.00432	0.00637	0.00457	0.03983
44	0.01305	0.01367	0.14127	0.08843	0.26970	0.04730	0.12190	0.06487	0.01226	0.11203	0.02318	0.02437	0.01975	0.00529	0.00505	0.00154	0.00622	0.01986	0.00311	0.00714
45	0.00882	0.00707	0.00872	0.00830	0.00951	0.04088	0.00639	0.04607	0.07228	0.02755	0.03235	0.03783	0.04553	0.08509	0.49847	0.00570	0.04563	0.00573	0.00317	0.00490
46	0.68437	0.00961	0.00802	0.00699	0.00994	0.01100	0.00570	0.11018	0.01021	0.02244	0.00792	0.00919	0.00614	0.00530	0.00397	0.03745	0.00396	0.00303	0.03901	0.00554
47	0.05147	0.39384	0.10074	0.03129	0.10740	0.06956	0.02784	0.06684	0.01140	0.01461	0.01140	0.01251	0.07208	0.00516	0.00404	0.00130	0.00560	0.00386	0.00262	0.00644

[dist]
# distance from previous block
# <min> <max>
1	8

[block]
# block no. 1 follows, 51 sequences, length 53
# corresponding to MSA columns:
# 146,148-160,170-208
name=unknown_B
#
# <colnr> <probs for GDERKNQSTAVLIFYWHMCP>
#	G	D	E	R	K	N	Q	S	T	A	V	L	I	F	Y	W	H	M	C	P
0	0.01056	0.00878	0.00989	0.00750	0.01123	0.03173	0.00590	0.03354	0.01068	0.03752	0.02765	0.03761	0.01026	0.05509	0.00526	0.00113	0.00391	0.02546	0.00320	0.66310
1	0.04150	0.00998	0.01619	0.40735	0.19080	0.01117	0.08359	0.01510	0.10732	0.01508	0.01060	0.01405	0.00831	0.00505	0.00493	0.00159	0.00601	0.01807	0.00271	0.03060
2	0.01131	0.01121	0.01505	0.09629	0.21569	0.07910	0.01129	0.02648	0.03487	0.01396	0.03413	0.06438	0.01043	0.00732	0.00946	0.00179	0.32755	0.02097	0.00270	0.00603
3	0.00743	0.00522	0.00633	0.00601	0.00749	0.00465	0.00458	0.00935	0.01287	0.06105	0.46034	0.04000	0.30750	0.01080	0.00579	0.00161	0.00256	0.03665	0.00512	0.00467
4	0.01038	0.00870	0.00951	0.00901	0.01111	0.00975	0.00685	0.02034	0.54744	0.01845	0.05444	0.19831	0.03810	0.00903	0.00538	0.00175	0.00358	0.02632	0.00490	0.00665
5	0.00679	0.00502	0.00634	0.00601	0.00724	0.00457	0.00451	0.00896	0.01352	0.01878	0.68731	0.03823	0.15368	0.01039	0.00580	0.00156	0.00234	0.00910	0.00529	0.00457
6	0.00611	0.00495	0.00542	0.00538	0.00684	0.00426	0.00400	0.00760	0.01179	0.01486	0.23602	0.08431	0.56730	0.01199	0.00583	0.00165	0.00246	0.01018	0.00478	0.00426
7	0.00606	0.00437	0.00575	0.00678	0.00718	0.00406	0.00460	0.00701	0.00969	0.01286	0.05195	0.74038	0.07265	0.01503	0.00625	0.00197	0.00286	0.03194	0.00459	0.00403
8	0.01836	0.02342	0.01393	0.01266	0.01519	0.80756	0.00950	0.01962	0.01393	0.01203	0.00760	0.00886	0.00633	0.00506	0.00443	0.00127	0.00886	0.00317	0.00253	0.00570
9	0.01019	0.00873	0.01019	0.00728	0.01165	0.00655	0.00582	0.01237	0.01019	0.01601	0.00873	0.01019	0.00728	0.00364	0.00364	0.00073	0.00364	0.00291	0.00291	0.85734
10	0.01559	0.00903	0.00984	0.00829	0.01091	0.10413	0.00653	0.03017	0.02599	0.38256	0.25779	0.05230	0.04994	0.00775	0.00522	0.00152	0.00409	0.00646	0.00530	0.00657
11	0.02196	0.00851	0.01150	0.00881	0.01262	0.00744	0.00728	0.04465	0.01431	0.77899	0.01918	0.01659	0.01206	0.00608	0.00494	0.00152	0.00422	0.00493	0.00605	0.00836
12	0.01653	0.07203	0.01589	0.03510	0.16424	0.55112	0.01060	0.04168	0.01325	0.01336	0.00800	0.00965	0.00668	0.00495	0.00462	0.00132	0.01879	0.00345	0.00255	0.00621
13	0.02229	0.03523	0.03108	0.10995	0.60279	0.08391	0.01418	0.01522	0.01122	0.01526	0.00894	0.01177	0.00743	0.00450	0.00476	0.00145	0.00617	0.00419	0.00241	0.00727
14	0.06431	0.00932	0.01521	0.62062	0.17134	0.01106	0.01338	0.01314	0.00998	0.01380	0.00871	0.01260	0.00670	0.00479	0.00478	0.00160	0.00625	0.00426	0.00228	0.00587
15	0.01349	0.01304	0.01783	0.11248	0.45710	0.10657	0.03392	0.12502	0.04154	0.01747	0.00977	0.01208	0.00781	0.00481	0.00486	0.00147	0.00621	0.00432	0.00287	0.00733
16	0.02057	0.00938	0.01179	0.00910	0.01278	0.00890	0.00750	0.19551	0.01592	0.58168	0.01747	0.01569	0.01132	0.00602	0.00485	0.00149	0.00436	0.00480	0.05271	0.00815
17	0.01149	0.01501	0.24762	0.03462	0.41894	0.01103	0.01454	0.03776	0.01128	0.04464	0.03461	0.05232	0.00985	0.00542	0.00523	0.00154	0.02931	0.00479	0.00272	0.00728
18	0.01166	0.09361	0.11858	0.04886	0.50654	0.01210	0.05048	0.02759	0.01117	0.01567	0.02907	0.03426	0.00903	0.00487	0.00478	0.00146	0.00592	0.00455	0.00252	0.00727
19	0.01036	0.16453	0.09061	0.03282	0.01284	0.08402	0.04588	0.01338	0.07936	0.03140	0.01712	0.27065	0.01783	0.02911	0.00566	0.00173	0.00499	0.07863	0.00353	0.00554
20	0.00712	0.00479	0.00553	0.00555	0.00561	0.00484	0.00321	0.00725	0.00723	0.00970	0.01550	0.04315	0.01772	0.76306	0.07633	0.00493	0.00529	0.00712	0.00298	0.00309
21	0.01115	0.01958	0.46035	0.06113	0.14362	0.03500	0.09049	0.01599	0.03518	0.04398	0.00962	0.01154	0.00711	0.00482	0.00516	0.00157	0.03003	0.00411	0.00243	0.00714
22	0.01288	0.07238	0.06547	0.02432	0.55390	0.11617	0.01365	0.03214	0.01162	0.01541	0.00937	0.03337	0.00808	0.00481	0.00471	0.00143	0.00619	0.00431	0.00251	0.00728
23	0.00713	0.00539	0.00796	0.00790	0.00870	0.00632	0.00610	0.00877	0.00784	0.01131	0.01310	0.01978	0.01243	0.08048	0.74104	0.00756	0.03585	0.00534	0.00264	0.00434
24	0.00916	0.00458	0.00458	0.00458	0.00573	0.00458	0.00344	0.01145	0.01031	0.01832	0.01603	0.01832	0.01260	0.00573	0.00344	0.00115	0.00229	0.00458	0.85457	0.00458
25	0.01409	0.01909	0.50697	0.01204	0.01797	0.00994	0.01407	0.03135	0.01190	0.28189	0.02570	0.01300	0.00895	0.00526	0.00478	0.00154	0.00610	0.00418	0.00354	0.00761
26	0.01019	0.00873	0.01019	0.00728	0.01165	0.00655	0.00582	0.01237	0.01019	0.01601	0.00873	0.01019	0.00728	0.00364	0.00364	0.00073	0.00364	0.00291	0.00291	0.85734
27	0.00597	0.00458	0.00547	0.00610	0.00695	0.00408	0.00425	0.00705	0.01032	0.01319	0.07561	0.48970	0.32106	0.01400	0.00607	0.00185	0.00269	0.01235	0.00461	0.00408
28	0.00602	0.00429	0.00569	0.00681	0.00709	0.00401	0.00452	0.00685	0.00935	0.01247	0.02680	0.80493	0.03215	0.03504	0.00673	0.00206	0.00290	0.01381	0.00452	0.00397
29	0.01123	0.01140	0.01366	0.01197	0.01251	0.10686	0.00975	0.03486	0.00885	0.01238	0.00828	0.03691	0.00808	0.01211	0.12044	0.00279	0.56557	0.00460	0.00242	0.00533
30	0.00607	0.00434	0.00579	0.00688	0.00722	0.00406	0.00466	0.00700	0.00959	0.01281	0.04912	0.78019	0.03278	0.01519	0.00627	0.00199	0.00288	0.03455	0.00459	0.00402
31	0.06584	0.00935	0.01176	0.00906	0.01284	0.00879	0.00748	0.15272	0.01531	0.62750	0.01743	0.01542	0.01115	0.00597	0.00484	0.00151	0.00437	0.00473	0.00572	0.00820
32	0.86201	0.00950	0.00722	0.00646	0.00950	0.01102	0.00532	0.01445	0.00836	0.02205	0.00684	0.00798	0.00532	0.00456	0.00304	0.00152	0.00380	0.00266	0.00304	0.00532
33	0.00750	0.00511	0.00623	0.00625	0.00735	0.00482	0.00450	0.00866	0.00999	0.06696	0.07557	0.17645	0.28139	0.16249	0.13767	0.00327	0.00481	0.02257	0.00412	0.00428
34	0.01560	0.01107	0.03657	0.01119	0.01462	0.02636	0.11858	0.26795	0.06092	0.19522	0.01473	0.03435	0.01122	0.02633	0.05666	0.00202	0.00579	0.02750	0.05614	0.00718
35	0.00697	0.00515	0.00653	0.00619	0.00742	0.00478	0.00464	0.00947	0.03431	0.01900	0.68982	0.05371	0.11297	0.01029	0.00579	0.00157	0.00239	0.00904	0.00530	0.00466
36	0.01292	0.35580	0.13609	0.01013	0.01424	0.04828	0.00977	0.06758	0.26564	0.01636	0.01179	0.01197	0.00927	0.00522	0.00415	0.00136	0.00527	0.00387	0.00324	0.00704
37	0.00630	0.00496	0.00569	0.00558	0.00696	0.00435	0.00416	0.00798	0.01226	0.01596	0.36345	0.08084	0.44086	0.01158	0.00583	0.00163	0.00243	0.00992	0.00492	0.00435
38	0.00674	0.00549	0.00725	0.03238	0.04257	0.00504	0.02717	0.00841	0.01147	0.01496	0.23022	0.21401	0.33600	0.01170	0.00586	0.00171	0.00301	0.02694	0.00455	0.00452
39	0.01145	0.08482	0.07289	0.07489	0.26611	0.01232	0.32274	0.01509	0.02417	0.01530	0.02558	0.01296	0.00836	0.00529	0.02512	0.00169	0.00699	0.00488	0.00249	0.00685
40	0.01249	0.01050	0.01112	0.00997	0.01277	0.01209	0.00776	0.02606	0.76702	0.04145	0.01999	0.01829	0.01493	0.00665	0.00500	0.00166	0.00390	0.00554	0.00503	0.00779
41	0.01229	0.10358	0.28695	0.01526	0.09556	0.06325	0.15770	0.03083	0.09871	0.05576	0.02669	0.01252	0.00877	0.00495	0.00480	0.00150	0.00654	0.00438	0.00287	0.00707
42	0.03900	0.01283	0.03710	0.06026	0.06830	0.01392	0.04787	0.48398	0.01796	0.04677	0.01083	0.01205	0.00803	0.00664	0.02609	0.00173	0.09065	0.00444	0.00403	0.00754
43	0.08486	0.04296	0.53996	0.01178	0.01749	0.01044	0.02803	0.01463	0.02340	0.03563	0.05248	0.01560	0.09072	0.00578	0.00469	0.00155	0.00604	0.00459	0.00274	0.00663
44	0.58311	0.01092	0.00947	0.00811	0.01120	0.07132	0.02837	0.11360	0.01124	0.05028	0.03298	0.01130	0.00805	0.00525	0.00373	0.00152	0.00451	0.02575	0.00346	0.00584
45	0.04924	0.02763	0.04138	0.01356	0.01498	0.08873	0.11601	0.01355	0.00895	0.02416	0.00732	0.01082	0.00660	0.00724	0.01228	0.00192	0.54333	0.00429	0.00232	0.00569
46	0.09150	0.00828	0.01073	0.00840	0.01195	0.00746	0.00690	0.02222	0.02635	0.67052	0.06923	0.01733	0.01388	0.00622	0.00484	0.00152	0.00402	0.00502	0.00576	0.00785
47	0.01020	0.00957	0.01597	0.44478	0.32850	0.01068	0.01340	0.01319	0.01045	0.01409	0.01148	0.01484	0.05293	0.00516	0.00491	0.00156	0.00594	0.00473	0.02135	0.00627
48	0.02745	0.08662	0.12646	0.12934	0.08018	0.13670	0.02973	0.12599	0.13371	0.03657	0.01140	0.03458	0.00898	0.00550	0.00469	0.00149	0.00610	0.00440	0.00325	0.00684
49	0.00690	0.00492	0.00624	0.00662	0.00758	0.00468	0.00481	0.00820	0.01954	0.03847	0.06171	0.35237	0.23963	0.01752	0.13967	0.03610	0.00460	0.03195	0.00424	0.00426
50	0.00697	0.00513	0.00625	0.00618	0.00754	0.00465	0.00475	0.00880	0.01229	0.03575	0.36769	0.07211	0.31774	0.01223	0.03069	0.00187	0.00301	0.08693	0.00491	0.00451
51	0.03699	0.07039	0.51310	0.01348	0.05199	0.04241	0.03885	0.01596	0.06431	0.02481	0.01133	0.01438	0.02170	0.00548	0.00474	0.00157	0.00654	0.05246	0.00260	0.00691
52	0.02872	0.09356	0.19676	0.01430	0.12035	0.22926	0.01183	0.11884	0.10881	0.01706	0.01010	0.01110	0.00782	0.00510	0.00454	0.00142	0.00660	0.00384	0.00300	0.00699

[dist]
# distance from previous block
# <min> <max>
2	4

[block]
# block no. 2 follows, 51 sequences, length 26
# corresponding to MSA columns:
# 213-238
name=unknown_C
#
# <colnr> <probs for GDERKNQSTAVLIFYWHMCP>
#	G	D	E	R	K	N	Q	S	T	A	V	L	I	F	Y	W	H	M	C	P
0	0.14116	0.06749	0.03676	0.07287	0.04507	0.07026	0.01991	0.03780	0.02391	0.03830	0.03703	0.16660	0.01337	0.02509	0.02122	0.00170	0.05786	0.00578	0.00327	0.11457
1	0.01176	0.01031	0.01220	0.01001	0.01342	0.01070	0.06131	0.04053	0.49239	0.01919	0.01588	0.01549	0.01210	0.00561	0.00467	0.00139	0.00416	0.00479	0.00423	0.24985
2	0.01284	0.64018	0.12226	0.00975	0.01420	0.01789	0.03197	0.04876	0.01058	0.01306	0.00738	0.00863	0.00643	0.00449	0.00396	0.00119	0.03472	0.00298	0.00224	0.00649
3	0.04844	0.00821	0.01100	0.00853	0.01216	0.00720	0.00702	0.02282	0.01387	0.73116	0.06232	0.01756	0.01386	0.00625	0.00493	0.00152	0.00407	0.00509	0.00595	0.00806
4	0.00601	0.00483	0.00537	0.00557	0.00685	0.00418	0.00405	0.00732	0.01119	0.01403	0.15126	0.21893	0.51765	0.01276	0.00591	0.00172	0.00255	0.01096	0.00468	0.00418
5	0.00643	0.00494	0.00587	0.00577	0.00705	0.00439	0.00428	0.00820	0.01248	0.01660	0.43941	0.10606	0.33791	0.01143	0.00584	0.00163	0.00243	0.00989	0.00501	0.00439
6	0.00709	0.00507	0.00627	0.00593	0.00724	0.00458	0.00446	0.00917	0.01322	0.03385	0.59652	0.03791	0.20133	0.01032	0.00570	0.00156	0.00239	0.00897	0.03381	0.00461
7	0.06604	0.00842	0.01119	0.00862	0.01239	0.00742	0.00712	0.02345	0.01377	0.75930	0.01873	0.01627	0.01181	0.00600	0.00484	0.00152	0.00416	0.00482	0.00592	0.00820
8	0.86201	0.00950	0.00722	0.00646	0.00950	0.01102	0.00532	0.01445	0.00836	0.02205	0.00684	0.00798	0.00532	0.00456	0.00304	0.00152	0.00380	0.00266	0.00304	0.00532
9	0.86201	0.00950	0.00722	0.00646	0.00950	0.01102	0.00532	0.01445	0.00836	0.02205	0.00684	0.00798	0.00532	0.00456	0.00304	0.00152	0.00380	0.00266	0.00304	0.00532
10	0.01314	0.83025	0.02575	0.00841	0.01261	0.01945	0.00841	0.01472	0.00999	0.01156	0.00683	0.00788	0.00631	0.00420	0.00315	0.00105	0.00526	0.00263	0.00210	0.00631
11	0.86201	0.00950	0.00722	0.00646	0.00950	0.01102	0.00532	0.01445	0.00836	0.02205	0.00684	0.00798	0.00532	0.00456	0.00304	0.00152	0.00380	0.00266	0.00304	0.00532
12	0.01253	0.01071	0.01128	0.01006	0.01289	0.01237	0.00785	0.06167	0.75171	0.02105	0.01961	0.01803	0.01469	0.00663	0.00500	0.00166	0.00396	0.00550	0.00500	0.00781
13	0.00777	0.00537	0.00671	0.00715	0.00801	0.00518	0.00502	0.07833	0.01105	0.04266	0.05162	0.63192	0.07798	0.02831	0.00639	0.00194	0.00313	0.01226	0.00465	0.00456
14	0.01761	0.01250	0.01377	0.01081	0.01430	0.01374	0.00884	0.63879	0.02084	0.08275	0.01344	0.07973	0.01057	0.00679	0.00538	0.00154	0.03056	0.00525	0.00488	0.00790
15	0.01095	0.29328	0.54353	0.01214	0.01839	0.01409	0.01491	0.01528	0.01025	0.01423	0.00816	0.00955	0.00625	0.00451	0.00416	0.00139	0.00659	0.00330	0.00208	0.00694
16	0.00928	0.00606	0.00746	0.00677	0.00848	0.00581	0.00519	0.01285	0.10763	0.10928	0.51028	0.03274	0.11575	0.00930	0.00553	0.00156	0.00274	0.00806	0.02983	0.00540
17	0.00672	0.00507	0.00623	0.00604	0.00728	0.00463	0.00449	0.00892	0.02866	0.01769	0.54761	0.10218	0.21443	0.01095	0.00582	0.00161	0.00243	0.00957	0.00514	0.00454
18	0.01270	0.01079	0.01138	0.01010	0.01296	0.01244	0.00789	0.08131	0.73180	0.02132	0.01940	0.01786	0.01451	0.00661	0.00499	0.00165	0.00400	0.00547	0.00499	0.00782
19	0.80312	0.00942	0.00752	0.00662	0.00972	0.01076	0.00546	0.01511	0.00876	0.07659	0.00772	0.00860	0.00580	0.00467	0.00317	0.00152	0.00383	0.00282	0.00325	0.00554
20	0.00630	0.00452	0.00591	0.00684	0.00730	0.00425	0.00476	0.00733	0.00974	0.01292	0.06268	0.61457	0.06964	0.07173	0.00759	0.00218	0.00311	0.09010	0.00449	0.00401
21	0.00718	0.00527	0.00734	0.00881	0.04958	0.00512	0.00634	0.00873	0.01038	0.01382	0.06904	0.39462	0.02958	0.05674	0.00736	0.00219	0.00373	0.30535	0.00440	0.00438
22	0.00928	0.00873	0.01474	0.81548	0.03385	0.01092	0.01365	0.01256	0.00983	0.01256	0.00873	0.01310	0.00655	0.00491	0.00491	0.00164	0.00655	0.00437	0.00218	0.00546
23	0.01066	0.01119	0.07114	0.47777	0.23576	0.03122	0.01390	0.04491	0.01083	0.01442	0.00907	0.01264	0.00705	0.00550	0.02265	0.00171	0.00657	0.00431	0.00237	0.00631
24	0.05072	0.01197	0.03727	0.04185	0.09047	0.16632	0.05985	0.05055	0.08605	0.03059	0.02677	0.04337	0.01101	0.02593	0.15822	0.00277	0.03071	0.00491	0.06476	0.00590
25	0.08832	0.24769	0.20674	0.06821	0.04961	0.14089	0.03894	0.03448	0.01100	0.01459	0.02420	0.01046	0.00739	0.00580	0.03117	0.00158	0.00662	0.00353	0.00244	0.00632

[dist]
# distance from previous block
# <min> <max>
1	7

[block]
# block no. 3 follows, 51 sequences, length 21
# corresponding to MSA columns:
# 246-266
name=unknown_D
#
# <colnr> <probs for GDERKNQSTAVLIFYWHMCP>
#	G	D	E	R	K	N	Q	S	T	A	V	L	I	F	Y	W	H	M	C	P
0	0.03726	0.01004	0.01693	0.06988	0.15061	0.02433	0.22999	0.03510	0.01130	0.03152	0.09273	0.11339	0.01495	0.02244	0.00632	0.00167	0.05164	0.01794	0.00321	0.05874
1	0.00820	0.00500	0.00545	0.00525	0.00653	0.00474	0.00384	0.01001	0.01017	0.01607	0.07362	0.05323	0.11944	0.10196	0.04219	0.00195	0.00320	0.00618	0.45761	0.06537
2	0.01034	0.00887	0.01026	0.00748	0.01173	0.00696	0.00596	0.01337	0.06629	0.01634	0.00955	0.01078	0.00784	0.00386	0.00374	0.00080	0.00366	0.00310	0.00306	0.79604
3	0.00600	0.00485	0.00528	0.00545	0.00676	0.00419	0.00395	0.00725	0.01104	0.01369	0.12144	0.18487	0.55755	0.03730	0.00647	0.00180	0.00260	0.01077	0.00460	0.00414
4	0.68588	0.00890	0.00734	0.00671	0.00941	0.01018	0.00539	0.01436	0.06161	0.02114	0.06563	0.06525	0.01074	0.00582	0.00359	0.00156	0.00364	0.00406	0.00345	0.00535
5	0.00640	0.00492	0.00583	0.00592	0.00711	0.00440	0.00438	0.00799	0.01180	0.01546	0.31441	0.16096	0.34449	0.03714	0.00651	0.00180	0.00266	0.04874	0.00482	0.00429
6	0.00603	0.00434	0.00571	0.00673	0.00712	0.00403	0.00453	0.00697	0.00971	0.01293	0.06581	0.75160	0.06629	0.01500	0.00623	0.00196	0.00281	0.01356	0.00460	0.00403
7	0.01019	0.00873	0.01019	0.00728	0.01165	0.00655	0.00582	0.01237	0.01019	0.01601	0.00873	0.01019	0.00728	0.00364	0.00364	0.00073	0.00364	0.00291	0.00291	0.85734
8	0.00634	0.00461	0.00601	0.00693	0.00739	0.00440	0.00471	0.00787	0.04362	0.01346	0.08750	0.72670	0.03284	0.01459	0.00618	0.00195	0.00285	0.01320	0.00465	0.00421
9	0.86201	0.00950	0.00722	0.00646	0.00950	0.01102	0.00532	0.01445	0.00836	0.02205	0.00684	0.00798	0.00532	0.00456	0.00304	0.00152	0.00380	0.00266	0.00304	0.00532
10	0.02408	0.01292	0.13123	0.36849	0.12021	0.03316	0.14775	0.05889	0.01127	0.01520	0.00994	0.01302	0.02221	0.00488	0.00500	0.00159	0.00675	0.00457	0.00248	0.00635
11	0.01219	0.01037	0.01222	0.05359	0.10286	0.02584	0.00894	0.08051	0.46047	0.03225	0.03743	0.04471	0.01510	0.00709	0.00537	0.00167	0.02073	0.05701	0.00444	0.00721
12	0.01790	0.02167	0.01369	0.01225	0.01486	0.69449	0.00927	0.09455	0.01484	0.01424	0.04186	0.01035	0.00825	0.00536	0.00454	0.00130	0.00824	0.00354	0.00289	0.00592
13	0.01374	0.01236	0.04323	0.10129	0.05459	0.06586	0.10529	0.16663	0.26224	0.05981	0.01394	0.01456	0.01034	0.00565	0.00494	0.00155	0.00551	0.00487	0.04641	0.00720
14	0.00892	0.00679	0.00779	0.00721	0.00879	0.00694	0.00540	0.10259	0.12932	0.01825	0.29637	0.10886	0.13883	0.10730	0.00793	0.00201	0.00333	0.02335	0.00478	0.00522
15	0.18558	0.00900	0.01054	0.00836	0.01184	0.00875	0.00687	0.11638	0.01395	0.48664	0.04522	0.01647	0.04644	0.00619	0.00463	0.00152	0.00412	0.00481	0.00524	0.00744
16	0.06944	0.06726	0.07365	0.03110	0.19456	0.11495	0.01051	0.17552	0.02756	0.01827	0.03063	0.09666	0.01117	0.00645	0.00526	0.00153	0.04075	0.01477	0.00331	0.00667
17	0.01463	0.02349	0.01412	0.04448	0.12358	0.04092	0.04785	0.25800	0.09724	0.11629	0.08887	0.01878	0.03707	0.00659	0.00513	0.00155	0.00505	0.04477	0.00438	0.00721
18	0.00670	0.00588	0.04702	0.04186	0.00906	0.00513	0.00570	0.00804	0.00938	0.01255	0.04728	0.42236	0.09257	0.12439	0.10054	0.00297	0.00470	0.04573	0.00392	0.00419
19	0.00780	0.00527	0.00616	0.00622	0.00678	0.01972	0.00408	0.00846	0.00866	0.05140	0.03566	0.19168	0.07753	0.42805	0.10337	0.00396	0.00508	0.00837	0.01795	0.00381
20	0.07567	0.05026	0.03580	0.05343	0.04026	0.15247	0.04402	0.07507	0.02710	0.07944	0.01009	0.02555	0.00830	0.03193	0.02657	0.00166	0.09514	0.00407	0.00311	0.16004

[dist]
# distance from previous block
# <min> <max>
1	8

[block]
# block no. 4 follows, 51 sequences, length 32
# corresponding to MSA columns:
# 275-293,295-307
name=unknown_E
#
# <colnr> <probs for GDERKNQSTAVLIFYWHMCP>
#	G	D	E	R	K	N	Q	S	T	A	V	L	I	F	Y	W	H	M	C	P
0	0.00853	0.05029	0.03924	0.02596	0.02103	0.02370	0.02668	0.05485	0.01134	0.02713	0.18726	0.38525	0.02754	0.04300	0.00692	0.00187	0.04056	0.00970	0.00422	0.00491
1	0.04579	0.15555	0.22951	0.03646	0.04038	0.09059	0.02543	0.08212	0.05893	0.05173	0.01100	0.06775	0.00920	0.00558	0.00445	0.00141	0.00581	0.00438	0.00303	0.07091
2	0.01142	0.16225	0.10759	0.08344	0.15345	0.03875	0.02550	0.06566	0.04169	0.01487	0.02313	0.02831	0.02958	0.00885	0.08482	0.00215	0.10497	0.00449	0.00271	0.00636
3	0.00743	0.00610	0.03690	0.00710	0.03247	0.00513	0.00541	0.00965	0.01297	0.04062	0.54306	0.03603	0.19454	0.01081	0.02860	0.00175	0.00301	0.00863	0.00496	0.00484
4	0.01170	0.01142	0.04981	0.21167	0.42634	0.01188	0.02986	0.03624	0.01083	0.03950	0.00917	0.01229	0.00741	0.00512	0.00626	0.00160	0.10507	0.00438	0.00251	0.00693
5	0.04848	0.01156	0.08276	0.02810	0.05139	0.01098	0.17747	0.14755	0.03307	0.07117	0.04092	0.01494	0.01033	0.04334	0.03867	0.02453	0.09050	0.00496	0.06287	0.00639
6	0.00664	0.00480	0.00641	0.00739	0.00808	0.00457	0.00558	0.00805	0.01038	0.01367	0.06982	0.48549	0.08197	0.01433	0.00638	0.00203	0.00333	0.25227	0.00460	0.00421
7	0.01356	0.00774	0.00907	0.00769	0.01035	0.00746	0.00610	0.09567	0.11972	0.27485	0.09111	0.04638	0.24408	0.00854	0.00525	0.00158	0.00353	0.00709	0.03373	0.00651
8	0.01333	0.22917	0.29753	0.01277	0.04410	0.08119	0.07305	0.07270	0.04072	0.07694	0.00976	0.01079	0.00735	0.00481	0.00440	0.00140	0.00641	0.00376	0.00280	0.00704
9	0.02060	0.00845	0.01108	0.00863	0.01221	0.00762	0.00708	0.05967	0.04492	0.67788	0.01881	0.01666	0.01212	0.00607	0.00484	0.00150	0.00410	0.00492	0.06475	0.00808
10	0.01291	0.00908	0.01018	0.00899	0.01148	0.00983	0.00699	0.13113	0.36341	0.11867	0.07323	0.14377	0.01844	0.00802	0.00515	0.00164	0.00379	0.00680	0.04951	0.00696
11	0.00781	0.00651	0.03563	0.00905	0.01050	0.00596	0.03798	0.01031	0.03207	0.01463	0.05145	0.15795	0.06779	0.01340	0.02762	0.00225	0.00456	0.49546	0.00436	0.00470
12	0.01906	0.00968	0.01164	0.00899	0.01274	0.03848	0.00733	0.13584	0.01468	0.50749	0.01638	0.03978	0.01124	0.00593	0.00476	0.00140	0.00442	0.00476	0.00523	0.14017
13	0.00688	0.00504	0.00602	0.00606	0.00738	0.00449	0.00456	0.00850	0.01191	0.04047	0.28887	0.16524	0.35152	0.01199	0.00592	0.00171	0.00268	0.06144	0.00489	0.00444
14	0.00615	0.00489	0.00552	0.00558	0.00690	0.00426	0.00410	0.00763	0.01168	0.01492	0.24923	0.15794	0.47940	0.01222	0.00587	0.00168	0.00250	0.01049	0.00479	0.00426
15	0.01187	0.03261	0.16792	0.16691	0.26189	0.09674	0.09481	0.01520	0.01106	0.03534	0.00964	0.03006	0.00776	0.00496	0.00505	0.00152	0.01988	0.00445	0.01564	0.00672
16	0.36015	0.10416	0.26653	0.00971	0.01413	0.09372	0.01019	0.01542	0.00994	0.03174	0.00814	0.00940	0.00623	0.00468	0.00377	0.00144	0.00554	0.00314	0.03583	0.00612
17	0.02932	0.02615	0.08959	0.10324	0.20126	0.24780	0.01141	0.04400	0.02693	0.04528	0.06561	0.01422	0.01067	0.00559	0.00500	0.00147	0.02339	0.02427	0.01838	0.00642
18	0.01096	0.00937	0.01045	0.00997	0.04442	0.03375	0.02325	0.06908	0.41331	0.01819	0.05604	0.10216	0.06856	0.08014	0.02617	0.00208	0.00434	0.00681	0.00447	0.00647
19	0.01187	0.02402	0.05344	0.09994	0.39163	0.01138	0.11541	0.03891	0.09261	0.03952	0.05442	0.01487	0.01079	0.00516	0.00505	0.00154	0.00582	0.01341	0.00303	0.00718
20	0.01007	0.00806	0.02099	0.05151	0.05525	0.02911	0.02129	0.06686	0.04964	0.03820	0.01466	0.10852	0.01425	0.06245	0.11792	0.09256	0.00579	0.08399	0.00339	0.14547
21	0.00880	0.00836	0.04930	0.05970	0.11997	0.00783	0.07139	0.01146	0.03171	0.02570	0.15702	0.09012	0.16849	0.00897	0.00627	0.00169	0.06039	0.06983	0.03755	0.00543
22	0.01393	0.58936	0.02213	0.00914	0.01307	0.08215	0.00850	0.10358	0.01177	0.01416	0.00759	0.00866	0.00662	0.00456	0.00387	0.00113	0.02914	0.00295	0.00252	0.06517
23	0.00973	0.00591	0.00750	0.00677	0.00851	0.00544	0.00524	0.03204	0.02818	0.14831	0.49714	0.05312	0.12986	0.00975	0.00566	0.00159	0.00284	0.03173	0.00535	0.00533
24	0.00688	0.00519	0.00639	0.00683	0.00802	0.00482	0.00545	0.00856	0.01126	0.01446	0.14708	0.09355	0.29551	0.06922	0.00754	0.00211	0.00341	0.29488	0.00456	0.00427
25	0.01132	0.01472	0.21715	0.16364	0.43612	0.01161	0.01539	0.04368	0.01119	0.01588	0.00914	0.01186	0.00719	0.00460	0.00483	0.00152	0.00631	0.00419	0.00239	0.00726
26	0.00630	0.00502	0.00575	0.00567	0.00702	0.00457	0.00422	0.00777	0.01107	0.01415	0.19954	0.04022	0.48130	0.06171	0.12114	0.00270	0.00410	0.00915	0.00438	0.00422
27	0.01080	0.17271	0.48889	0.01492	0.08352	0.01294	0.10170	0.01524	0.01046	0.01479	0.00870	0.01057	0.00663	0.00518	0.02141	0.00160	0.00701	0.00378	0.00217	0.00699
28	0.00801	0.00660	0.00788	0.00700	0.00896	0.02923	0.01952	0.00977	0.01123	0.01573	0.26191	0.21568	0.07797	0.04857	0.00617	0.00157	0.00326	0.00817	0.00418	0.24858
29	0.00684	0.00536	0.00619	0.00651	0.00770	0.00507	0.00476	0.02225	0.07286	0.01432	0.08270	0.32612	0.33171	0.02815	0.00632	0.00187	0.00295	0.05920	0.00462	0.00449
30	0.01287	0.15425	0.25761	0.01267	0.06377	0.18072	0.03362	0.04183	0.04896	0.02544	0.02761	0.01147	0.01962	0.00494	0.00438	0.00133	0.00642	0.00376	0.00269	0.08603
31	0.07863	0.17341	0.13281	0.01304	0.09004	0.12630	0.04569	0.11186	0.09103	0.01716	0.02666	0.01137	0.00843	0.00525	0.00497	0.00144	0.04824	0.00391	0.00300	0.00676

[dist]
# distance from previous block
# <min> <max>
1	11

[block]
# block no. 5 follows, 51 sequences, length 45
# corresponding to MSA columns:
# 370-406,409-416
name=unknown_F
#
# <colnr> <probs for GDERKNQSTAVLIFYWHMCP>
#	G	D	E	R	K	N	Q	S	T	A	V	L	I	F	Y	W	H	M	C	P
0	0.01278	0.03048	0.22994	0.01381	0.08146	0.20944	0.07465	0.06582	0.07920	0.01635	0.07140	0.01443	0.03826	0.00559	0.00483	0.00145	0.00651	0.00457	0.00306	0.03597
1	0.03220	0.01248	0.09997	0.01062	0.02602	0.09148	0.08533	0.06683	0.01179	0.06490	0.03696	0.02732	0.04249	0.02572	0.02188	0.00147	0.02981	0.00443	0.00322	0.30507
2	0.08620	0.01105	0.07497	0.05360	0.09728	0.06758	0.00878	0.09913	0.04077	0.03750	0.07450	0.08942	0.10789	0.00753	0.00543	0.00156	0.03955	0.02724	0.00366	0.06636
3	0.01211	0.01129	0.03300	0.13256	0.58755	0.01115	0.03484	0.01508	0.01110	0.05329	0.00965	0.01242	0.00777	0.00450	0.00484	0.00146	0.00585	0.00436	0.00259	0.04458
4	0.01107	0.00889	0.01029	0.00755	0.01169	0.00718	0.00605	0.04830	0.04834	0.04580	0.01006	0.01118	0.00806	0.00405	0.00380	0.00085	0.00371	0.00324	0.03259	0.71731
5	0.00645	0.00499	0.00578	0.00559	0.00690	0.00443	0.00412	0.00814	0.01225	0.01616	0.40936	0.04116	0.38006	0.06458	0.00706	0.00181	0.00255	0.00944	0.00487	0.00431
6	0.00704	0.00519	0.00752	0.00752	0.00826	0.00594	0.00567	0.00853	0.00779	0.01113	0.01351	0.02123	0.01312	0.15531	0.69051	0.00743	0.01190	0.00555	0.00268	0.00418
7	0.31647	0.00876	0.00994	0.00794	0.01148	0.00856	0.00656	0.02062	0.01207	0.52734	0.01499	0.01366	0.00977	0.00555	0.00428	0.00152	0.00405	0.00414	0.00502	0.00730
8	0.00712	0.00492	0.00650	0.00691	0.00782	0.00459	0.00515	0.00878	0.01159	0.03913	0.31114	0.35306	0.07240	0.01272	0.00611	0.00184	0.00294	0.12792	0.00491	0.00445
9	0.42566	0.02261	0.01021	0.00854	0.01147	0.11715	0.03945	0.10452	0.04031	0.04937	0.02591	0.01336	0.05478	0.03182	0.00464	0.00159	0.00478	0.00402	0.02398	0.00583
10	0.16647	0.05079	0.01316	0.01077	0.05334	0.02868	0.03079	0.30109	0.11753	0.09964	0.02539	0.01410	0.02221	0.00584	0.00455	0.00150	0.00479	0.01692	0.02521	0.00723
11	0.00638	0.00478	0.00556	0.00582	0.00667	0.00436	0.00401	0.00744	0.01025	0.01326	0.14873	0.23678	0.29527	0.19712	0.01029	0.00244	0.00312	0.02945	0.00433	0.00393
12	0.01166	0.03058	0.50324	0.01464	0.07378	0.01220	0.05579	0.15277	0.01270	0.01813	0.01051	0.01195	0.02940	0.00520	0.00522	0.00156	0.03652	0.00415	0.00271	0.00729
13	0.00846	0.00432	0.00645	0.00650	0.00655	0.00433	0.00440	0.00655	0.00661	0.00881	0.00938	0.02933	0.00952	0.01724	0.03009	0.80760	0.00438	0.02499	0.00225	0.00226
14	0.83103	0.00966	0.00750	0.00664	0.00971	0.01118	0.00547	0.04258	0.00890	0.02238	0.00702	0.00812	0.00543	0.00461	0.00311	0.00152	0.00386	0.00273	0.00311	0.00543
15	0.01592	0.00737	0.00958	0.00817	0.01076	0.00678	0.00637	0.06206	0.04146	0.45142	0.03545	0.24388	0.03966	0.02975	0.00586	0.00174	0.00381	0.00773	0.00542	0.00680
16	0.00743	0.00479	0.00653	0.05994	0.00819	0.00492	0.00464	0.00730	0.00768	0.01025	0.01553	0.21347	0.01742	0.28491	0.06300	0.26541	0.00476	0.00760	0.00302	0.00321
17	0.01088	0.01063	0.03725	0.49326	0.15969	0.03417	0.04952	0.07596	0.02191	0.01494	0.00941	0.01295	0.00726	0.00606	0.03443	0.00181	0.00671	0.00444	0.00252	0.00619
18	0.01286	0.64084	0.13143	0.00960	0.01395	0.06004	0.00991	0.01497	0.01014	0.01215	0.00713	0.00840	0.00630	0.00451	0.00400	0.00118	0.04125	0.00287	0.00212	0.00636
19	0.01348	0.00702	0.00861	0.00743	0.00996	0.00646	0.00583	0.01662	0.10918	0.34258	0.08634	0.10140	0.24611	0.00917	0.00539	0.00162	0.00339	0.00773	0.00531	0.00638
20	0.01025	0.09367	0.16519	0.04318	0.12089	0.05332	0.02268	0.01286	0.02360	0.02192	0.01380	0.12552	0.04101	0.06070	0.03178	0.00205	0.11450	0.03438	0.00286	0.00583
21	0.02746	0.00975	0.01223	0.11623	0.04953	0.03857	0.00853	0.15602	0.02751	0.38695	0.06072	0.01695	0.03730	0.00620	0.00493	0.00152	0.00475	0.00506	0.02241	0.00738
22	0.01144	0.01055	0.01574	0.23905	0.25732	0.05930	0.07379	0.02622	0.06129	0.05463	0.01452	0.06089	0.07252	0.00611	0.00522	0.00158	0.01482	0.00553	0.00305	0.00643
23	0.01254	0.01039	0.01652	0.19804	0.31141	0.02262	0.07826	0.04974	0.04927	0.11131	0.03066	0.01606	0.06014	0.00552	0.00505	0.00155	0.00565	0.00509	0.00326	0.00692
24	0.01308	0.56591	0.14230	0.01080	0.05167	0.07024	0.01038	0.04226	0.01077	0.01311	0.00747	0.00874	0.00644	0.00451	0.00393	0.00120	0.02541	0.00300	0.00224	0.00653
25	0.01327	0.01204	0.01880	0.07750	0.57859	0.04160	0.04019	0.09216	0.01254	0.05141	0.00987	0.01230	0.00789	0.00466	0.00489	0.00147	0.00597	0.00441	0.00283	0.00760
26	0.00704	0.00520	0.00754	0.00754	0.00830	0.00595	0.00570	0.00855	0.00779	0.01114	0.01349	0.02111	0.01307	0.14757	0.69817	0.00746	0.01199	0.00553	0.00268	0.00419
27	0.00854	0.00427	0.00640	0.00640	0.00640	0.00427	0.00427	0.00640	0.00640	0.00854	0.00854	0.01494	0.00854	0.01707	0.01921	0.85702	0.00427	0.00427	0.00213	0.00213
28	0.00686	0.00516	0.00738	0.00743	0.00832	0.00575	0.00567	0.00847	0.00842	0.01180	0.03966	0.06628	0.08424	0.06473	0.63847	0.00671	0.01101	0.00637	0.00300	0.00430
29	0.03337	0.00540	0.00667	0.00670	0.00727	0.00569	0.00454	0.00941	0.08984	0.01174	0.02804	0.14949	0.01715	0.29076	0.12372	0.19083	0.00533	0.00706	0.00325	0.00375
30	0.78946	0.00950	0.00784	0.00730	0.03323	0.01083	0.00572	0.01500	0.00877	0.06551	0.00762	0.00860	0.00578	0.00464	0.00320	0.00152	0.00388	0.00284	0.00319	0.00557
31	0.03962	0.01009	0.01137	0.00958	0.04816	0.03318	0.00722	0.21596	0.03671	0.07497	0.03876	0.01497	0.01076	0.06853	0.03200	0.00168	0.00478	0.01756	0.00381	0.32029
32	0.00615	0.00438	0.00562	0.00653	0.00684	0.00412	0.00428	0.00690	0.00916	0.01213	0.02644	0.66776	0.06697	0.13720	0.00906	0.00240	0.00312	0.01277	0.00432	0.00385
33	0.07877	0.00912	0.01471	0.66255	0.11668	0.01101	0.01313	0.01299	0.00986	0.01371	0.00864	0.01258	0.00659	0.00483	0.00476	0.00161	0.00625	0.00423	0.00228	0.00571
34	0.04988	0.10558	0.07333	0.08462	0.22625	0.13336	0.07760	0.05730	0.01138	0.01512	0.00838	0.01085	0.00691	0.00516	0.00609	0.00152	0.11362	0.00399	0.00250	0.00658
35	0.00731	0.00564	0.00825	0.00809	0.00884	0.00671	0.00626	0.00889	0.00782	0.01130	0.01283	0.01959	0.01225	0.09157	0.69230	0.00724	0.07280	0.00533	0.00262	0.00436
36	0.01787	0.00791	0.01037	0.00840	0.01155	0.00718	0.00686	0.04831	0.05126	0.54820	0.12883	0.02288	0.05072	0.00735	0.00520	0.00158	0.00390	0.04849	0.00574	0.00742
37	0.01700	0.01055	0.01207	0.00979	0.01326	0.01106	0.00790	0.21222	0.30678	0.28184	0.01727	0.01582	0.01207	0.00615	0.00490	0.00153	0.00435	0.00496	0.00525	0.04524
38	0.00870	0.00562	0.00759	0.00738	0.00852	0.00596	0.00554	0.01077	0.04652	0.09109	0.04236	0.11065	0.04514	0.12110	0.42300	0.00526	0.00855	0.00671	0.03481	0.00474
39	0.00669	0.00484	0.00585	0.00604	0.00709	0.00435	0.00431	0.00806	0.01125	0.03590	0.24593	0.29591	0.28068	0.05178	0.00686	0.00188	0.00272	0.01083	0.00476	0.00429
40	0.00812	0.00538	0.00616	0.00597	0.00636	0.00542	0.00370	0.05177	0.00864	0.02905	0.04190	0.05699	0.01895	0.68284	0.02159	0.00423	0.00464	0.03142	0.00334	0.00354
41	0.04537	0.01783	0.01361	0.01261	0.05890	0.44460	0.00926	0.10737	0.10287	0.01606	0.00959	0.01066	0.00769	0.00540	0.00519	0.00137	0.05664	0.00369	0.00311	0.06819
42	0.56865	0.01030	0.00928	0.00830	0.03393	0.03837	0.00649	0.11444	0.01128	0.11937	0.00975	0.03421	0.00749	0.00526	0.00372	0.00152	0.00426	0.00358	0.00367	0.00614
43	0.00830	0.00667	0.00823	0.00780	0.00879	0.04132	0.03192	0.03856	0.05005	0.01259	0.03867	0.10348	0.02605	0.27485	0.31538	0.00500	0.00793	0.00680	0.00324	0.00437
44	0.06915	0.05118	0.05097	0.03792	0.35913	0.01173	0.01134	0.15953	0.03040	0.07401	0.01081	0.01340	0.00874	0.06346	0.00608	0.00168	0.00539	0.00439	0.00327	0.02742

[dist]
# distance from previous block
# <min> <max>
6	19

[block]
# block no. 6 follows, 51 sequences, length 14
# corresponding to MSA columns:
# 438-451
name=unknown_G
#
# <colnr> <probs for GDERKNQSTAVLIFYWHMCP>
#	G	D	E	R	K	N	Q	S	T	A	V	L	I	F	Y	W	H	M	C	P
0	0.01178	0.01161	0.04179	0.16737	0.23819	0.10774	0.01089	0.06380	0.07012	0.03124	0.12793	0.01776	0.05013	0.00611	0.00498	0.00151	0.00545	0.00525	0.01993	0.00642
1	0.00725	0.00533	0.00754	0.00753	0.00837	0.00607	0.00570	0.00919	0.03333	0.01177	0.01416	0.04472	0.01362	0.12329	0.64149	0.00693	0.01123	0.00572	0.03245	0.00433
2	0.01362	0.01112	0.01176	0.01008	0.01311	0.01260	0.00798	0.22915	0.53870	0.02298	0.01940	0.01814	0.05551	0.00677	0.00502	0.00161	0.00422	0.00551	0.00495	0.00774
3	0.01109	0.06160	0.14224	0.01050	0.06045	0.08935	0.00899	0.01396	0.02975	0.03544	0.03452	0.05311	0.01046	0.00696	0.04790	0.00154	0.00547	0.02039	0.00297	0.35330
4	0.01019	0.00873	0.01019	0.00728	0.01165	0.00655	0.00582	0.01237	0.01019	0.01601	0.00873	0.01019	0.00728	0.00364	0.00364	0.00073	0.00364	0.00291	0.00291	0.85734
5	0.00916	0.00458	0.00458	0.00458	0.00573	0.00458	0.00344	0.01145	0.01031	0.01832	0.01603	0.01832	0.01260	0.00573	0.00344	0.00115	0.00229	0.00458	0.85457	0.00458
6	0.06088	0.07872	0.10346	0.01422	0.14725	0.03371	0.04109	0.13220	0.03250	0.10704	0.05299	0.01451	0.01110	0.00586	0.00500	0.00156	0.00556	0.00456	0.00389	0.14390
7	0.86201	0.00950	0.00722	0.00646	0.00950	0.01102	0.00532	0.01445	0.00836	0.02205	0.00684	0.00798	0.00532	0.00456	0.00304	0.00152	0.00380	0.00266	0.00304	0.00532
8	0.00916	0.00458	0.00458	0.00458	0.00573	0.00458	0.00344	0.01145	0.01031	0.01832	0.01603	0.01832	0.01260	0.00573	0.00344	0.00115	0.00229	0.00458	0.85457	0.00458
