[name]
unknown

[dist]
# distance from previous block
# <min> <max>
12	124

[block]
# block no. 0 follows, 41 sequences, length 46
# corresponding to MSA columns:
# 480-503,505-526
name=unknown_A
#
# <colnr> <probs for GDERKNQSTAVLIFYWHMCP>
#	G	D	E	R	K	N	Q	S	T	A	V	L	I	F	Y	W	H	M	C	P
0	0.03338	0.01131	0.01286	0.08771	0.03303	0.06894	0.02247	0.11035	0.13107	0.07598	0.09822	0.09222	0.05964	0.05577	0.00786	0.00208	0.03656	0.01997	0.00479	0.03579
1	0.05164	0.01108	0.01455	0.12253	0.09983	0.02622	0.03918	0.16781	0.01592	0.08294	0.09747	0.04900	0.08720	0.00945	0.04093	0.00208	0.00600	0.00665	0.00452	0.06500
2	0.01339	0.01038	0.01306	0.09368	0.07886	0.05170	0.02765	0.07854	0.07312	0.09963	0.14432	0.14299	0.05349	0.00936	0.00635	0.00183	0.02182	0.00807	0.02390	0.04785
3	0.06127	0.01162	0.03994	0.05968	0.03958	0.05938	0.14870	0.05019	0.01249	0.06371	0.01697	0.10436	0.04858	0.11544	0.02443	0.03560	0.03913	0.00714	0.02505	0.03674
4	0.01223	0.01154	0.01723	0.25171	0.26813	0.05592	0.03469	0.02912	0.03388	0.01710	0.04811	0.08210	0.01383	0.01008	0.07175	0.00245	0.00743	0.00637	0.01922	0.00713
5	0.01102	0.01046	0.01787	0.73262	0.06930	0.01279	0.03634	0.01484	0.01156	0.01489	0.01023	0.01521	0.00771	0.00567	0.00575	0.00190	0.00765	0.00513	0.00256	0.00651
6	0.01424	0.01226	0.01280	0.01179	0.03557	0.06545	0.00883	0.14267	0.33986	0.02258	0.02045	0.15450	0.01801	0.01065	0.04348	0.00221	0.00558	0.00750	0.00512	0.06645
7	0.00825	0.00557	0.00639	0.00641	0.00652	0.00560	0.00371	0.00841	0.00851	0.01136	0.01900	0.05162	0.03662	0.72811	0.06682	0.00559	0.00595	0.00844	0.00352	0.00360
8	0.00722	0.00515	0.00692	0.00825	0.00869	0.00486	0.00574	0.00839	0.01119	0.01488	0.03139	0.71507	0.03729	0.01769	0.00737	0.00236	0.00353	0.09400	0.00530	0.00471
9	0.02074	0.01552	0.01660	0.01296	0.01736	0.01727	0.01063	0.64930	0.12345	0.03444	0.01500	0.01474	0.01076	0.00699	0.00574	0.00175	0.00606	0.00532	0.00574	0.00964
10	0.01390	0.14448	0.40049	0.01673	0.05351	0.08169	0.12318	0.03889	0.01311	0.03160	0.01032	0.01223	0.00778	0.00533	0.00533	0.00168	0.00815	0.00444	0.00275	0.02439
11	0.05157	0.05917	0.06406	0.01087	0.01554	0.01104	0.00957	0.11396	0.03852	0.53618	0.01932	0.01737	0.01258	0.00677	0.00553	0.00174	0.00533	0.00535	0.00617	0.00936
12	0.00819	0.00606	0.00887	0.00887	0.00978	0.00697	0.00675	0.01001	0.00910	0.01304	0.01562	0.02411	0.01501	0.12585	0.69433	0.00879	0.01425	0.00637	0.00311	0.00493
13	0.01362	0.01181	0.01907	0.21299	0.21557	0.01261	0.09376	0.08685	0.01347	0.05607	0.01193	0.01554	0.00948	0.01010	0.09687	0.00264	0.04362	0.00531	0.00331	0.06537
14	0.01117	0.00582	0.00587	0.00569	0.00717	0.00590	0.00431	0.04664	0.01267	0.02200	0.01843	0.02098	0.01444	0.00667	0.00408	0.00135	0.00283	0.00532	0.79313	0.00553
15	0.01461	0.05271	0.15778	0.07965	0.05588	0.13784	0.15388	0.02117	0.17280	0.04420	0.01527	0.01658	0.03926	0.00628	0.00574	0.00179	0.00755	0.00552	0.00363	0.00785
16	0.01247	0.23087	0.57677	0.01461	0.02213	0.01572	0.01818	0.01786	0.01196	0.01690	0.00966	0.01132	0.00727	0.00529	0.00497	0.00166	0.00784	0.00392	0.00242	0.00816
17	0.01884	0.01027	0.04099	0.00979	0.01334	0.03176	0.00818	0.05678	0.03106	0.42311	0.17806	0.02675	0.09266	0.00871	0.00628	0.00180	0.02006	0.00716	0.00626	0.00814
18	0.00994	0.00497	0.00745	0.00745	0.00745	0.00497	0.00497	0.00745	0.00745	0.00994	0.00994	0.01739	0.00994	0.01987	0.02235	0.83358	0.00497	0.00497	0.00248	0.00248
19	0.01766	0.14500	0.12133	0.03851	0.06038	0.34932	0.08460	0.08580	0.01533	0.01716	0.00975	0.01154	0.00779	0.00561	0.00521	0.00157	0.00871	0.00421	0.00303	0.00750
20	0.01631	0.01569	0.06853	0.15801	0.23121	0.10703	0.09879	0.09621	0.01491	0.10586	0.01211	0.01443	0.00907	0.00580	0.00597	0.00177	0.02140	0.00514	0.00357	0.00819
21	0.01135	0.01021	0.01709	0.68876	0.03663	0.01241	0.03640	0.01539	0.02936	0.03797	0.01174	0.01758	0.00914	0.00620	0.00584	0.00193	0.00743	0.03518	0.00288	0.00652
22	0.00860	0.00691	0.00758	0.00835	0.00901	0.05572	0.00571	0.02980	0.01153	0.01480	0.02841	0.56454	0.05450	0.12564	0.01017	0.00270	0.00424	0.04210	0.00491	0.00478
23	0.01618	0.04793	0.20965	0.01758	0.07213	0.12706	0.15280	0.16275	0.04539	0.04029	0.01165	0.01340	0.00875	0.00597	0.00629	0.00177	0.04364	0.00499	0.00353	0.00826
24	0.01923	0.03324	0.01580	0.01238	0.01614	0.07203	0.01004	0.49288	0.08545	0.04323	0.02795	0.04055	0.01226	0.02533	0.00668	0.00183	0.03636	0.00564	0.03425	0.00872
25	0.01264	0.01168	0.03157	0.03616	0.01509	0.04343	0.00783	0.04078	0.02533	0.01898	0.01046	0.01214	0.00856	0.00455	0.00444	0.00099	0.00481	0.00360	0.00344	0.70354
26	0.00744	0.00657	0.03698	0.00754	0.00892	0.00545	0.00567	0.00941	0.03596	0.01592	0.09815	0.39559	0.29234	0.03733	0.00756	0.00220	0.00343	0.01329	0.00524	0.00503
27	0.00712	0.00508	0.00656	0.00767	0.00803	0.00476	0.00505	0.00802	0.01072	0.01421	0.03095	0.67478	0.06450	0.11165	0.00990	0.00269	0.00357	0.01514	0.00509	0.00451
28	0.01534	0.01643	0.04455	0.09385	0.19443	0.10902	0.31136	0.10776	0.01515	0.01971	0.01115	0.01419	0.00860	0.00537	0.00605	0.00179	0.00845	0.00558	0.00319	0.00803
29	0.01496	0.01538	0.04114	0.05289	0.59205	0.08685	0.04726	0.04696	0.01383	0.01878	0.01070	0.01380	0.00882	0.00526	0.00566	0.00170	0.00730	0.00501	0.00294	0.00870
30	0.00810	0.00634	0.00765	0.00721	0.00892	0.00580	0.01824	0.03800	0.01465	0.01934	0.35316	0.08745	0.34643	0.02672	0.02455	0.00211	0.00341	0.01100	0.00562	0.00529
31	0.01743	0.10258	0.07216	0.03911	0.21705	0.34245	0.01354	0.05926	0.01468	0.01669	0.00959	0.01177	0.00795	0.00580	0.00589	0.00161	0.04765	0.00422	0.00295	0.00762
32	0.03309	0.00798	0.00994	0.00888	0.01123	0.00740	0.02183	0.03949	0.03452	0.01859	0.13960	0.28509	0.05779	0.01124	0.00661	0.00177	0.03686	0.02650	0.00474	0.23685
33	0.04257	0.17697	0.15949	0.03474	0.01784	0.08195	0.02841	0.14852	0.04920	0.07791	0.03965	0.01672	0.03029	0.00685	0.00584	0.00171	0.03923	0.03029	0.00394	0.00787
34	0.03037	0.38093	0.11945	0.01244	0.05072	0.12636	0.01124	0.03298	0.05347	0.03499	0.05454	0.04585	0.01215	0.00632	0.00474	0.00151	0.00659	0.00467	0.00326	0.00742
35	0.00792	0.00559	0.00706	0.00783	0.00837	0.00543	0.00550	0.00898	0.01062	0.01398	0.02794	0.32189	0.07361	0.28239	0.03010	0.00359	0.00471	0.16547	0.00463	0.00440
36	0.00838	0.00611	0.00820	0.00814	0.00866	0.00682	0.00575	0.00949	0.00885	0.01240	0.01656	0.04768	0.01738	0.36294	0.40882	0.00720	0.04164	0.00727	0.00327	0.00444
37	0.01167	0.01165	0.01126	0.02859	0.01272	0.18524	0.03697	0.01344	0.01254	0.02595	0.06421	0.12830	0.16016	0.03898	0.15355	0.00336	0.05487	0.00823	0.03271	0.00559
38	0.01169	0.10575	0.41208	0.02746	0.06992	0.01308	0.08906	0.01678	0.02499	0.01802	0.08668	0.03791	0.03081	0.00674	0.00567	0.00179	0.00723	0.02349	0.00315	0.00772
39	0.00699	0.00507	0.00660	0.00777	0.00826	0.00468	0.00524	0.00807	0.01128	0.01494	0.05704	0.71326	0.09479	0.01745	0.00724	0.00228	0.00327	0.01574	0.00534	0.00468
40	0.01454	0.50164	0.24172	0.01285	0.04672	0.01929	0.01342	0.06167	0.01274	0.01637	0.00908	0.01048	0.00752	0.00518	0.00438	0.00144	0.00683	0.00360	0.00265	0.00787
41	0.01348	0.01416	0.02221	0.07405	0.04384	0.10052	0.32018	0.04248	0.07289	0.01755	0.01465	0.12669	0.01332	0.00795	0.00773	0.02065	0.06978	0.00733	0.00351	0.00703
42	0.02986	0.04477	0.02154	0.11195	0.40340	0.06743	0.07518	0.05715	0.07958	0.01907	0.01167	0.01442	0.00938	0.00564	0.00592	0.00175	0.02463	0.00514	0.00322	0.00833
43	0.00835	0.00627	0.00872	0.00846	0.00915	0.00667	0.03343	0.00948	0.00935	0.01285	0.01957	0.13887	0.04131	0.34355	0.28860	0.00604	0.03262	0.00862	0.00359	0.00450
44	0.06066	0.04765	0.06370	0.01497	0.01941	0.14744	0.16973	0.21627	0.08138	0.06345	0.03190	0.01524	0.01094	0.02416	0.00620	0.00182	0.00741	0.00535	0.00423	0.00809
45	0.01603	0.03116	0.03536	0.03687	0.12678	0.07186	0.09203	0.19389	0.15535	0.04188	0.05249	0.01751	0.02982	0.00703	0.00680	0.00183	0.06481	0.00581	0.00439	0.00830

[dist]
# distance from previous block
# <min> <max>
0	1

[block]
# block no. 1 follows, 41 sequences, length 18
# corresponding to MSA columns:
# 528-544,547
name=unknown_B
#
# <colnr> <probs for GDERKNQSTAVLIFYWHMCP>
#	G	D	E	R	K	N	Q	S	T	A	V	L	I	F	Y	W	H	M	C	P
0	0.01321	0.06429	0.05675	0.03631	0.13183	0.06543	0.04623	0.05243	0.13227	0.03532	0.11867	0.02298	0.05492	0.08658	0.00892	0.00217	0.05384	0.00652	0.00414	0.00721
1	0.48271	0.01201	0.01219	0.08146	0.11186	0.04973	0.00911	0.03819	0.03172	0.08533	0.01173	0.01306	0.02845	0.00586	0.00448	0.00177	0.00536	0.00418	0.00380	0.00704
2	0.01318	0.01275	0.02083	0.12614	0.42271	0.03119	0.09467	0.02962	0.02543	0.01845	0.04870	0.01749	0.04473	0.00592	0.00578	0.00171	0.00671	0.00571	0.00322	0.06507
3	0.01120	0.00655	0.00799	0.00726	0.00939	0.00576	0.00557	0.01328	0.01471	0.16975	0.30019	0.07553	0.29671	0.01186	0.00647	0.00185	0.00323	0.01012	0.03655	0.00603
4	0.01924	0.01586	0.01617	0.01287	0.01666	0.09469	0.01047	0.47840	0.05019	0.02892	0.01273	0.01359	0.00956	0.00693	0.00697	0.00171	0.09466	0.00489	0.02753	0.07796
5	0.08256	0.00968	0.01238	0.00955	0.01384	0.00844	0.00782	0.02403	0.01518	0.55593	0.06138	0.01887	0.01496	0.00678	0.00541	0.00163	0.00462	0.00545	0.00621	0.13527
6	0.00779	0.00597	0.00716	0.00693	0.00846	0.00544	0.00517	0.01040	0.03669	0.02015	0.47707	0.08858	0.27359	0.01281	0.00675	0.00187	0.00285	0.01111	0.00592	0.00528
7	0.01497	0.73764	0.09195	0.01033	0.01553	0.02185	0.01074	0.01721	0.01166	0.01385	0.00815	0.00942	0.00733	0.00494	0.00382	0.00127	0.00631	0.00316	0.00244	0.00743
8	0.00853	0.00605	0.00735	0.00712	0.00880	0.00541	0.00546	0.01070	0.01467	0.05629	0.39318	0.07241	0.30259	0.01298	0.00681	0.00193	0.00309	0.06539	0.00587	0.00537
9	0.01529	0.80242	0.02997	0.00979	0.01468	0.02263	0.00979	0.01713	0.01162	0.01346	0.00795	0.00918	0.00734	0.00489	0.00367	0.00122	0.00612	0.00306	0.00245	0.00734
10	0.00711	0.00585	0.00630	0.00647	0.00823	0.00504	0.00496	0.00874	0.01315	0.01604	0.09602	0.08660	0.61158	0.01460	0.00690	0.00201	0.00315	0.08699	0.00537	0.00490
11	0.00810	0.00545	0.00630	0.00652	0.00658	0.00540	0.00377	0.00826	0.00875	0.01167	0.02024	0.16174	0.02359	0.67086	0.02554	0.00502	0.00518	0.00962	0.00377	0.00366
12	0.02003	0.00941	0.01202	0.00971	0.01332	0.00877	0.00784	0.06114	0.09468	0.47412	0.16210	0.02548	0.05861	0.00837	0.00599	0.00180	0.00440	0.00697	0.00664	0.00861
13	0.02090	0.02590	0.01633	0.01467	0.01754	0.69736	0.01112	0.05753	0.01632	0.01506	0.00901	0.01060	0.00749	0.00617	0.00593	0.00154	0.05287	0.00383	0.00306	0.00676
14	0.03359	0.01104	0.01285	0.01044	0.01405	0.01118	0.00840	0.26637	0.06664	0.27609	0.06567	0.08742	0.09275	0.00894	0.00600	0.00183	0.00487	0.00733	0.00610	0.00845
15	0.00884	0.00697	0.00745	0.00723	0.00885	0.04332	0.00537	0.01070	0.01406	0.04549	0.30528	0.09711	0.32496	0.05748	0.00798	0.00211	0.00351	0.03255	0.00551	0.00523
16	0.01501	0.01368	0.03314	0.19012	0.16984	0.09683	0.02976	0.05998	0.16706	0.08314	0.02885	0.01871	0.05517	0.00679	0.00576	0.00180	0.00652	0.00579	0.00411	0.00793
17	0.05612	0.48086	0.10184	0.01233	0.05303	0.05919	0.01133	0.10558	0.04115	0.01793	0.00964	0.01078	0.00802	0.00538	0.00435	0.00143	0.00649	0.00369	0.00306	0.00780

[dist]
# distance from previous block
# <min> <max>
0	1

[block]
# block no. 2 follows, 41 sequences, length 39
# corresponding to MSA columns:
# 549-570,576-584,591-598
name=unknown_C
#
# <colnr> <probs for GDERKNQSTAVLIFYWHMCP>
#	G	D	E	R	K	N	Q	S	T	A	V	L	I	F	Y	W	H	M	C	P
0	0.03757	0.13188	0.13016	0.05197	0.17121	0.12059	0.05126	0.07308	0.01364	0.01805	0.01052	0.01306	0.00859	0.00852	0.07050	0.00221	0.00804	0.00446	0.00302	0.07167
1	0.08256	0.08049	0.14931	0.01277	0.03995	0.07864	0.01144	0.18056	0.09799	0.02250	0.07102	0.02911	0.02867	0.00931	0.05332	0.00221	0.03282	0.00544	0.00413	0.00775
2	0.01145	0.01268	0.11336	0.04682	0.03812	0.01191	0.12293	0.03838	0.01116	0.03085	0.01315	0.03512	0.01203	0.07498	0.20516	0.00415	0.17931	0.02883	0.00312	0.00647
3	0.02361	0.00805	0.00963	0.01073	0.07383	0.04250	0.00732	0.03940	0.02949	0.04634	0.16240	0.26202	0.12225	0.02794	0.00710	0.00210	0.00424	0.09327	0.02194	0.00583
4	0.01363	0.33362	0.25087	0.01297	0.03444	0.07155	0.04733	0.01697	0.01195	0.01542	0.00996	0.01313	0.00863	0.07242	0.00670	0.00180	0.00714	0.00415	0.00265	0.06466
5	0.01167	0.07016	0.73053	0.01596	0.02423	0.01377	0.02054	0.01806	0.01205	0.01787	0.01014	0.01192	0.00725	0.00541	0.00534	0.00178	0.00833	0.00417	0.00242	0.00839
6	0.00737	0.00538	0.00696	0.00765	0.00849	0.00497	0.00543	0.00897	0.01273	0.01713	0.23600	0.47274	0.11752	0.01573	0.00712	0.00215	0.00320	0.04997	0.00558	0.00490
7	0.01096	0.01517	0.26177	0.03962	0.06280	0.00970	0.03702	0.05083	0.01322	0.04621	0.05823	0.19421	0.08052	0.01039	0.00637	0.00201	0.00593	0.08398	0.00416	0.00690
8	0.01484	0.52968	0.10152	0.02605	0.06556	0.04520	0.01155	0.04817	0.02932	0.01555	0.01016	0.01165	0.02314	0.00613	0.01764	0.00155	0.02814	0.00382	0.00277	0.00755
9	0.00792	0.00618	0.00729	0.00780	0.00899	0.00595	0.00554	0.01107	0.10467	0.01670	0.09936	0.44285	0.22387	0.01523	0.00693	0.00213	0.00331	0.01345	0.00546	0.00531
10	0.00783	0.00548	0.00720	0.00782	0.00869	0.00508	0.00559	0.00950	0.01294	0.03262	0.26098	0.46252	0.07810	0.01545	0.00711	0.00215	0.00325	0.05700	0.00565	0.00503
11	0.01194	0.01162	0.01736	0.05663	0.07961	0.01522	0.04189	0.01377	0.00952	0.01434	0.00929	0.01444	0.00874	0.01421	0.13287	0.00341	0.53087	0.00526	0.00263	0.00638
12	0.01497	0.01521	0.02117	0.13557	0.53162	0.12680	0.01617	0.03791	0.01366	0.01790	0.01047	0.01373	0.00863	0.00535	0.00560	0.00169	0.00742	0.00489	0.00289	0.00834
13	0.00728	0.00512	0.00659	0.00759	0.00789	0.00485	0.00494	0.00813	0.01060	0.01418	0.05344	0.61843	0.03497	0.17376	0.01164	0.00295	0.00374	0.01447	0.00497	0.00444
14	0.01080	0.01017	0.01716	0.78523	0.03940	0.01271	0.01589	0.01461	0.01144	0.01461	0.01017	0.01525	0.00762	0.00572	0.00572	0.00191	0.00762	0.00508	0.00254	0.00635
15	0.00991	0.00912	0.07512	0.06177	0.02960	0.00775	0.05373	0.01269	0.03382	0.05558	0.02558	0.37918	0.04182	0.01331	0.00707	0.00220	0.01904	0.13383	0.02298	0.00591
16	0.01763	0.01354	0.01437	0.01185	0.01559	0.01520	0.00952	0.38056	0.33250	0.02968	0.01819	0.01759	0.01341	0.00723	0.00562	0.00178	0.00524	0.00572	0.07571	0.00907
17	0.01768	0.01125	0.03069	0.03844	0.04359	0.01012	0.00906	0.12043	0.06572	0.26574	0.05351	0.01812	0.01387	0.00650	0.00538	0.00152	0.00500	0.02051	0.00519	0.25768
18	0.01271	0.13677	0.52591	0.03954	0.02396	0.05352	0.09493	0.01813	0.01235	0.01716	0.01000	0.01203	0.00743	0.00533	0.00532	0.00173	0.00832	0.00433	0.00250	0.00806
19	0.01588	0.01140	0.01245	0.01092	0.01421	0.01266	0.00857	0.04673	0.55795	0.13877	0.02254	0.02086	0.01652	0.00754	0.00565	0.00186	0.00447	0.00623	0.07596	0.00886
20	0.12764	0.01153	0.01227	0.01065	0.02773	0.01265	0.00832	0.26556	0.17250	0.04209	0.10313	0.02110	0.04193	0.00812	0.00597	0.02584	0.00477	0.01738	0.07300	0.00779
21	0.01731	0.10439	0.03815	0.01305	0.03701	0.37734	0.01002	0.11214	0.03311	0.01706	0.01305	0.10150	0.01240	0.06487	0.00740	0.01732	0.00782	0.00570	0.00360	0.00676
22	0.01159	0.00923	0.01034	0.00994	0.01229	0.00997	0.00775	0.02070	0.38896	0.04404	0.05540	0.13337	0.13377	0.01138	0.00649	0.00208	0.00419	0.11565	0.00565	0.00719
23	0.00745	0.00545	0.00706	0.00792	0.00863	0.00495	0.00534	0.00853	0.01089	0.01476	0.02901	0.68905	0.03445	0.05776	0.00819	0.00237	0.00351	0.01475	0.00505	0.07490
24	0.01353	0.28858	0.27617	0.01235	0.03127	0.04609	0.01306	0.01715	0.01214	0.03514	0.01034	0.03424	0.00864	0.00543	0.00464	0.00141	0.00660	0.00404	0.00286	0.17633
25	0.02082	0.01553	0.01717	0.07862	0.01957	0.01731	0.01130	0.68237	0.02558	0.03423	0.01343	0.01386	0.00955	0.00677	0.00572	0.00173	0.00641	0.00514	0.00545	0.00944
26	0.01529	0.01269	0.01350	0.01185	0.01524	0.01452	0.00936	0.14835	0.60451	0.02569	0.02196	0.02170	0.01676	0.00791	0.00588	0.00193	0.00485	0.03322	0.00578	0.00902
27	0.01518	0.01332	0.01788	0.01454	0.01666	0.01633	0.06623	0.18220	0.07671	0.04207	0.01113	0.01393	0.00918	0.00836	0.01274	0.00213	0.42620	0.00524	0.00372	0.04623
28	0.01242	0.01242	0.01777	0.01512	0.01532	0.01714	0.03387	0.01380	0.00891	0.01389	0.00785	0.01288	0.00773	0.01077	0.03946	0.00267	0.74410	0.00509	0.00253	0.00627
29	0.05286	0.00978	0.01311	0.01009	0.01448	0.00855	0.00833	0.02751	0.01615	0.74247	0.02208	0.01913	0.01389	0.00702	0.00568	0.00177	0.00485	0.00566	0.00696	0.00962
30	0.00903	0.00666	0.00801	0.00755	0.00910	0.00647	0.00557	0.01290	0.10610	0.03558	0.46820	0.06129	0.13349	0.09414	0.00897	0.00224	0.00331	0.00994	0.00581	0.00564
31	0.00729	0.00575	0.00657	0.00651	0.00809	0.00503	0.00483	0.00917	0.01406	0.01823	0.32268	0.11312	0.43092	0.01372	0.00680	0.00191	0.00286	0.01177	0.00569	0.00503
32	0.01107	0.01044	0.01765	0.72446	0.09804	0.01278	0.01602	0.01485	0.01157	0.01494	0.01021	0.01516	0.00774	0.00567	0.00571	0.00189	0.00756	0.00508	0.00257	0.00657
33	0.01232	0.00961	0.01071	0.00987	0.01163	0.08177	0.00760	0.05619	0.05791	0.08322	0.05233	0.04220	0.05532	0.08717	0.33409	0.00524	0.04927	0.00668	0.02079	0.00609
34	0.00818	0.00592	0.00778	0.00823	0.00874	0.00621	0.00576	0.02279	0.01018	0.01385	0.02302	0.33621	0.02612	0.23621	0.18701	0.00476	0.03174	0.04843	0.00422	0.00461
35	0.00732	0.00549	0.00691	0.00768	0.00840	0.00521	0.00536	0.00844	0.01145	0.01497	0.06774	0.51453	0.18959	0.04926	0.00870	0.01671	0.02729	0.03511	0.00514	0.00470
36	0.02938	0.25310	0.16812	0.05139	0.08160	0.09667	0.11129	0.09282	0.01420	0.03602	0.01025	0.01209	0.00805	0.00541	0.00509	0.00160	0.00756	0.00438	0.00305	0.00791
37	0.01390	0.01215	0.02737	0.01150	0.01328	0.10407	0.00925	0.09278	0.02574	0.07756	0.07513	0.04011	0.04442	0.09526	0.09073	0.00314	0.21018	0.04289	0.00409	0.00643
38	0.36270	0.23996	0.03054	0.01082	0.04688	0.11914	0.00889	0.04115	0.01216	0.04282	0.00895	0.01020	0.00726	0.00533	0.00408	0.00154	0.00595	0.00343	0.00327	0.03493

[dist]
# distance from previous block
# <min> <max>
1	4

[block]
# block no. 3 follows, 41 sequences, length 70
# corresponding to MSA columns:
# 604-655,657-674
name=unknown_D
#
# <colnr> <probs for GDERKNQSTAVLIFYWHMCP>
#	G	D	E	R	K	N	Q	S	T	A	V	L	I	F	Y	W	H	M	C	P
0	0.03101	0.26350	0.24043	0.01538	0.09260	0.10411	0.03815	0.03967	0.03596	0.02694	0.01150	0.01301	0.03120	0.00580	0.00532	0.00161	0.02878	0.00433	0.00292	0.00779
1	0.04182	0.19257	0.35714	0.01401	0.02017	0.03862	0.06430	0.06635	0.04573	0.05988	0.01200	0.04169	0.00947	0.00604	0.00519	0.00170	0.00724	0.00478	0.00324	0.00807
2	0.00706	0.00506	0.00664	0.00780	0.00822	0.00472	0.00522	0.00812	0.01118	0.01490	0.06606	0.71037	0.06160	0.04380	0.00799	0.00239	0.00335	0.01558	0.00529	0.00465
3	0.00775	0.00601	0.00754	0.00803	0.00898	0.00591	0.00596	0.00920	0.01200	0.01568	0.10245	0.34281	0.22717	0.05620	0.00907	0.00239	0.05496	0.10787	0.00511	0.00489
4	0.01445	0.06145	0.22768	0.13458	0.04659	0.18115	0.08658	0.03849	0.05879	0.01695	0.01080	0.01329	0.00840	0.00673	0.02283	0.00193	0.05416	0.00470	0.00293	0.00749
5	0.00915	0.00622	0.00765	0.00747	0.00922	0.00559	0.00584	0.01131	0.01449	0.07792	0.32536	0.07297	0.29263	0.01312	0.00686	0.00198	0.00334	0.11755	0.00583	0.00550
6	0.00699	0.00502	0.00663	0.00788	0.00828	0.00467	0.00528	0.00803	0.01112	0.01480	0.04746	0.75664	0.06063	0.01768	0.00727	0.00230	0.00329	0.01601	0.00533	0.00467
7	0.01686	0.24968	0.02121	0.01633	0.14023	0.27918	0.01168	0.05328	0.01377	0.01561	0.00936	0.01164	0.00814	0.00788	0.04745	0.00196	0.08153	0.00406	0.00288	0.00728
8	0.01550	0.73792	0.05179	0.01025	0.01515	0.06214	0.01020	0.01746	0.01188	0.01363	0.00807	0.00932	0.00734	0.00496	0.00380	0.00125	0.00641	0.00313	0.00247	0.00734
9	0.01098	0.01017	0.01624	0.65136	0.03494	0.01183	0.01432	0.01458	0.01151	0.01531	0.01017	0.01467	0.00777	0.00546	0.00546	0.00172	0.00704	0.00479	0.00269	0.14899
10	0.00700	0.00505	0.00663	0.00783	0.00828	0.00468	0.00526	0.00807	0.01123	0.01492	0.05724	0.73187	0.07572	0.01753	0.00725	0.00229	0.00328	0.01585	0.00534	0.00468
11	0.02047	0.02573	0.04075	0.01496	0.03314	0.66147	0.01139	0.04888	0.06163	0.01563	0.00999	0.01125	0.00810	0.00601	0.00524	0.00153	0.00968	0.00395	0.00320	0.00700
12	0.00819	0.00607	0.00890	0.00890	0.00982	0.00699	0.00679	0.01003	0.00911	0.01306	0.01559	0.02394	0.01494	0.11715	0.70293	0.00883	0.01436	0.00634	0.00310	0.00495
13	0.83938	0.01106	0.00841	0.00752	0.01106	0.01283	0.00619	0.01681	0.00973	0.02566	0.00796	0.00929	0.00619	0.00531	0.00354	0.00177	0.00442	0.00310	0.00354	0.00619
14	0.00707	0.00569	0.00629	0.00638	0.00797	0.00492	0.00470	0.00871	0.01341	0.01689	0.20011	0.15358	0.51548	0.01438	0.00683	0.00196	0.00291	0.01229	0.00552	0.00492
15	0.00831	0.00556	0.00633	0.00633	0.00636	0.00559	0.00358	0.00838	0.00835	0.01116	0.01794	0.03697	0.02059	0.77561	0.05221	0.00566	0.00585	0.00825	0.00345	0.00352
16	0.01006	0.00796	0.00955	0.00814	0.01124	0.00643	0.00617	0.01211	0.01162	0.01746	0.01857	0.27259	0.01950	0.00935	0.00536	0.00143	0.00385	0.03369	0.06720	0.46774
17	0.01538	0.75332	0.05153	0.01015	0.01508	0.04770	0.01017	0.01735	0.01179	0.01361	0.00805	0.00930	0.00734	0.00494	0.00377	0.00125	0.00633	0.00311	0.00246	0.00735
18	0.01315	0.22866	0.01786	0.01193	0.03539	0.11686	0.00961	0.01524	0.03368	0.01387	0.01112	0.01587	0.01045	0.06870	0.21028	0.00392	0.16938	0.00486	0.00287	0.00629
19	0.00836	0.00604	0.00831	0.00825	0.00899	0.00673	0.00603	0.00986	0.00944	0.01350	0.05539	0.04296	0.01849	0.24467	0.47494	0.00727	0.02794	0.00710	0.03103	0.00470
20	0.01403	0.08342	0.03268	0.00957	0.01249	0.01157	0.00784	0.10101	0.25788	0.06771	0.02004	0.10240	0.01662	0.00809	0.00526	0.00171	0.00436	0.00665	0.22917	0.00751
21	0.01529	0.00887	0.01049	0.00934	0.01176	0.04940	0.00729	0.04597	0.05046	0.24967	0.02083	0.09009	0.04047	0.03421	0.22797	0.00397	0.00776	0.00690	0.10233	0.00695
22	0.04247	0.02453	0.01489	0.01359	0.01644	0.67300	0.01021	0.02112	0.01569	0.01448	0.01403	0.01504	0.08735	0.00679	0.00528	0.00153	0.00936	0.00456	0.00321	0.00643
23	0.00735	0.00551	0.00672	0.00743	0.00839	0.00504	0.00533	0.00870	0.01197	0.01544	0.08935	0.38236	0.24923	0.07806	0.00890	0.00246	0.00355	0.09425	0.00523	0.00473
24	0.00723	0.00512	0.00674	0.00792	0.00842	0.00480	0.00544	0.00843	0.01133	0.01524	0.05638	0.68716	0.05895	0.01715	0.00719	0.00228	0.00336	0.05136	0.03077	0.00473
25	0.00841	0.00606	0.00825	0.00949	0.01055	0.00591	0.00777	0.01049	0.01251	0.01628	0.03238	0.27754	0.08004	0.01634	0.00765	0.00250	0.00455	0.47295	0.00528	0.00506
26	0.01619	0.68730	0.02793	0.01052	0.01513	0.13452	0.00997	0.01798	0.01230	0.01354	0.00808	0.00934	0.00734	0.00504	0.00389	0.00126	0.00674	0.00315	0.00252	0.00724
27	0.03214	0.02927	0.06225	0.07592	0.20287	0.01352	0.01252	0.06601	0.19433	0.03507	0.01563	0.01766	0.03466	0.01056	0.08352	0.00261	0.09407	0.00562	0.00386	0.00794
28	0.00807	0.00551	0.00678	0.00714	0.00743	0.00556	0.00458	0.00873	0.00933	0.01271	0.02136	0.22025	0.02430	0.46463	0.11787	0.00501	0.00616	0.03195	0.02855	0.00407
29	0.00738	0.00545	0.00649	0.00685	0.00798	0.00489	0.00486	0.00828	0.01183	0.01499	0.09699	0.26731	0.37446	0.01668	0.02739	0.11301	0.00358	0.01209	0.00496	0.00451
30	0.01447	0.01392	0.03595	0.03030	0.60758	0.02728	0.01604	0.05980	0.07370	0.02014	0.03682	0.01555	0.01120	0.00565	0.00570	0.00172	0.00654	0.00534	0.00335	0.00892
31	0.01483	0.07485	0.13384	0.10984	0.20685	0.03848	0.07082	0.10235	0.03477	0.07620	0.01357	0.07370	0.01129	0.00662	0.00570	0.00178	0.00690	0.00584	0.00364	0.00813
32	0.12603	0.01690	0.10533	0.05302	0.35259	0.11251	0.07476	0.03802	0.01313	0.01911	0.01011	0.01286	0.00814	0.00545	0.00574	0.00174	0.02890	0.00468	0.00296	0.00802
33	0.01585	0.47182	0.07610	0.03090	0.07716	0.18261	0.01145	0.01807	0.01273	0.01439	0.00943	0.03832	0.00858	0.00565	0.00445	0.00141	0.00717	0.00396	0.00269	0.00728
34	0.00836	0.00614	0.00845	0.00835	0.00901	0.00691	0.00606	0.00972	0.00906	0.01281	0.03448	0.02760	0.01721	0.29117	0.48539	0.00758	0.03689	0.00692	0.00326	0.00461
35	0.03273	0.05677	0.05217	0.04883	0.05924	0.01066	0.03204	0.02182	0.15136	0.27772	0.08565	0.08704	0.01869	0.00804	0.00578	0.00182	0.00505	0.00686	0.02962	0.00812
36	0.04142	0.08507	0.04421	0.01265	0.01669	0.07095	0.05453	0.34403	0.01933	0.11676	0.01553	0.10781	0.01297	0.00782	0.00596	0.00177	0.02297	0.00627	0.00492	0.00833
37	0.15338	0.01017	0.01265	0.00987	0.01416	0.00944	0.00815	0.05187	0.01571	0.62447	0.01995	0.01766	0.01275	0.00679	0.00540	0.00177	0.00485	0.00531	0.00647	0.00918
38	0.02318	0.00969	0.01277	0.00999	0.01404	0.00874	0.00818	0.06422	0.03968	0.62067	0.08526	0.02127	0.01745	0.00747	0.00579	0.00176	0.00469	0.00612	0.02981	0.00922
39	0.01330	0.06078	0.02047	0.23675	0.42082	0.04954	0.01541	0.01693	0.03524	0.01718	0.02993	0.03663	0.01065	0.00589	0.00561	0.00174	0.00688	0.00538	0.00298	0.00788
40	0.00880	0.00641	0.00778	0.00728	0.00900	0.00598	0.00551	0.01213	0.06605	0.04619	0.52670	0.04326	0.20954	0.01190	0.00665	0.00184	0.00294	0.01031	0.00607	0.00566
41	0.07441	0.01017	0.01320	0.01019	0.01457	0.00920	0.00841	0.06788	0.01657	0.68112	0.02119	0.01853	0.01343	0.00696	0.00562	0.00177	0.00492	0.00556	0.00679	0.00952
42	0.03382	0.01243	0.01381	0.01121	0.01485	0.01339	0.00904	0.35943	0.16538	0.11796	0.16477	0.02158	0.02049	0.00800	0.00591	0.00178	0.00503	0.00647	0.00597	0.00867
43	0.00933	0.00848	0.01168	0.01086	0.01224	0.06731	0.12143	0.01087	0.01141	0.01468	0.02455	0.49950	0.02818	0.10869	0.03040	0.00276	0.00545	0.01255	0.00446	0.00516
44	0.01017	0.00904	0.01493	0.01239	0.01513	0.00846	0.19639	0.04388	0.02563	0.01865	0.14724	0.22106	0.09517	0.01132	0.00676	0.00199	0.00523	0.08461	0.00473	0.06723
45	0.00981	0.00670	0.00936	0.01052	0.01195	0.00665	0.00919	0.01242	0.01328	0.04399	0.03001	0.06291	0.03225	0.01549	0.00782	0.00260	0.00525	0.69904	0.00533	0.00543
46	0.00710	0.00503	0.00660	0.00780	0.00810	0.00473	0.00514	0.00800	0.01070	0.01427	0.03026	0.72414	0.03623	0.09121	0.00935	0.00263	0.00353	0.01552	0.00514	0.00454
47	0.01350	0.01543	0.03375	0.02411	0.02989	0.01446	0.74253	0.01832	0.01350	0.01832	0.01157	0.01543	0.00868	0.00482	0.00675	0.00193	0.00964	0.00675	0.00289	0.00771
48	0.01147	0.02959	0.76934	0.01630	0.02476	0.01328	0.02113	0.01811	0.01208	0.01811	0.01026	0.01208	0.00725	0.00543	0.00543	0.00181	0.00845	0.00423	0.00242	0.00845
49	0.01443	0.44038	0.28736	0.01244	0.01846	0.03579	0.01383	0.06010	0.03932	0.01678	0.00967	0.01092	0.00781	0.00532	0.00452	0.00149	0.00698	0.00372	0.00276	0.00791
50	0.01101	0.03693	0.01026	0.00876	0.01013	0.00823	0.03023	0.06315	0.06235	0.05216	0.03351	0.06882	0.01861	0.34166	0.13144	0.07212	0.00687	0.02459	0.00397	0.00519
51	0.13305	0.09199	0.27348	0.01401	0.05362	0.08387	0.01364	0.15064	0.02675	0.04892	0.01108	0.01283	0.00848	0.02913	0.00606	0.00182	0.02479	0.00435	0.00351	0.00799
52	0.01687	0.04200	0.01718	0.01453	0.01627	0.33218	0.01162	0.06199	0.03614	0.01551	0.00894	0.01185	0.00789	0.00789	0.01150	0.00197	0.37148	0.00445	0.00298	0.00674
53	0.01211	0.10511	0.07741	0.00995	0.03134	0.01004	0.00857	0.01523	0.03224	0.01794	0.01132	0.04975	0.00992	0.00519	0.00449	0.00109	0.00483	0.00417	0.00334	0.58595
54	0.00696	0.00555	0.00625	0.00673	0.00809	0.00485	0.00487	0.00833	0.01243	0.01544	0.06764	0.30289	0.47303	0.01561	0.00698	0.00208	0.00312	0.03903	0.00534	0.00480
55	0.01551	0.01240	0.01275	0.01104	0.01411	0.05118	0.00861	0.19382	0.36465	0.04809	0.07668	0.04713	0.01854	0.04811	0.00697	0.00201	0.00502	0.00665	0.04850	0.00821
56	0.01689	0.04218	0.01604	0.04059	0.17304	0.32698	0.01111	0.07340	0.05239	0.01857	0.03285	0.01474	0.01090	0.00614	0.00517	0.00155	0.00731	0.00471	0.13818	0.00726
57	0.01980	0.01183	0.01367	0.03500	0.01528	0.05822	0.00912	0.17030	0.07578	0.32953	0.03222	0.01879	0.01359	0.03864	0.07152	0.00254	0.04576	0.00570	0.02430	0.00841
58	0.00731	0.00519	0.00685	0.00805	0.00844	0.00492	0.00551	0.00837	0.01092	0.01451	0.03013	0.65279	0.03574	0.09179	0.00943	0.00266	0.00372	0.08395	0.00513	0.00459
59	0.11240	0.01026	0.01137	0.00923	0.01262	0.01054	0.00749	0.22125	0.01730	0.24341	0.04199	0.01802	0.01349	0.00686	0.00503	0.00163	0.00452	0.00532	0.23934	0.00794
60	0.00802	0.00679	0.01043	0.00961	0.01125	0.00620	0.10944	0.00993	0.01262	0.01662	0.14740	0.38959	0.21137	0.01427	0.00701	0.00209	0.00402	0.01299	0.00512	0.00524
61	0.00803	0.00591	0.00852	0.00869	0.00951	0.00663	0.00649	0.00970	0.00933	0.01321	0.01779	0.12712	0.01817	0.12526	0.58918	0.00786	0.01261	0.00773	0.00341	0.00486
62	0.02169	0.01324	0.01584	0.01239	0.01620	0.01439	0.01025	0.37484	0.02030	0.29244	0.01589	0.01558	0.01095	0.00744	0.00778	0.00186	0.12870	0.00534	0.00570	0.00918
63	0.01103	0.00569	0.00572	0.00559	0.00703	0.00574	0.00423	0.03764	0.01249	0.02181	0.01850	0.02107	0.01450	0.00667	0.00406	0.00135	0.00279	0.00533	0.80330	0.00548
64	0.03695	0.00894	0.01262	0.01152	0.01216	0.01141	0.02169	0.01171	0.00923	0.01397	0.01351	0.09330	0.01377	0.06794	0.30812	0.00519	0.33268	0.00668	0.00308	0.00553
65	0.01401	0.01384	0.01941	0.04106	0.50524	0.10828	0.01503	0.01702	0.01343	0.01771	0.01443	0.02382	0.01362	0.00736	0.00605	0.00186	0.00695	0.14961	0.00333	0.00794
66	0.00832	0.00626	0.00902	0.00897	0.00978	0.00725	0.00678	0.01001	0.00911	0.01303	0.01592	0.04929	0.01571	0.14750	0.61598	0.00819	0.04406	0.00672	0.00317	0.00491
67	0.00804	0.00563	0.00710	0.00792	0.00875	0.00526	0.00547	0.03505	0.01197	0.03844	0.03420	0.64292	0.13439	0.01673	0.00712	0.00223	0.00342	0.01497	0.00538	0.00501
68	0.01149	0.03452	0.28917	0.01722	0.16574	0.05212	0.02755	0.01583	0.04739	0.01705	0.01681	0.22391	0.01672	0.03064	0.00662	0.00201	0.00655	0.00784	0.00350	0.00731
69	0.06594	0.12316	0.09797	0.01491	0.06713	0.33016	0.01211	0.12894	0.03257	0.01888	0.00995	0.01143	0.00799	0.00604	0.00577	0.00161	0.05051	0.00408	0.00331	0.00755

[dist]
# distance from previous block
# <min> <max>
12	35

[block]
# block no. 4 follows, 41 sequences, length 38
# corresponding to MSA columns:
# 714-751
name=unknown_E
#
# <colnr> <probs for GDERKNQSTAVLIFYWHMCP>
#	G	D	E	R	K	N	Q	S	T	A	V	L	I	F	Y	W	H	M	C	P
0	0.01474	0.14724	0.06942	0.01588	0.17297	0.01405	0.01140	0.13835	0.07865	0.02109	0.01165	0.01303	0.00931	0.00535	0.00491	0.00139	0.00574	0.00431	0.00364	0.25687
1	0.04731	0.07130	0.28859	0.01881	0.22189	0.01300	0.01516	0.03566	0.07519	0.01992	0.12267	0.01770	0.01556	0.00646	0.00553	0.00175	0.00644	0.00546	0.00352	0.00808
2	0.01156	0.07870	0.68449	0.01544	0.02332	0.01351	0.01964	0.01770	0.01225	0.01804	0.04633	0.01337	0.00951	0.00570	0.00538	0.00177	0.00802	0.00445	0.00260	0.00823
3	0.01108	0.09205	0.55528	0.01389	0.02066	0.01252	0.01701	0.01648	0.01271	0.01833	0.12700	0.01839	0.04716	0.00674	0.00554	0.00176	0.00713	0.00540	0.00314	0.00773
4	0.00809	0.00662	0.00846	0.04625	0.06692	0.00612	0.00636	0.01034	0.01432	0.01889	0.35537	0.04470	0.36224	0.01214	0.00662	0.00186	0.00334	0.01046	0.00542	0.00547
5	0.01345	0.01272	0.02166	0.16097	0.61559	0.01315	0.01685	0.01672	0.01257	0.01770	0.01063	0.01445	0.00885	0.00570	0.00623	0.02964	0.00687	0.00509	0.00277	0.00838
6	0.00740	0.00578	0.00671	0.00655	0.00814	0.00509	0.00489	0.00942	0.01444	0.01896	0.38947	0.08137	0.39467	0.01331	0.00678	0.00189	0.00282	0.01144	0.00578	0.00509
7	0.03473	0.01032	0.01714	0.73395	0.06652	0.01275	0.01567	0.01479	0.01145	0.01509	0.01013	0.01504	0.00764	0.00568	0.00565	0.00189	0.00750	0.00503	0.00258	0.00645
8	0.00804	0.00584	0.00757	0.00714	0.00851	0.00538	0.00536	0.01069	0.01607	0.02265	0.73309	0.04320	0.08134	0.01180	0.00675	0.00180	0.00271	0.01041	0.00626	0.00538
9	0.08063	0.06396	0.04135	0.11253	0.35474	0.07622	0.03505	0.01734	0.01257	0.03063	0.01020	0.01304	0.00834	0.00529	0.00548	0.00161	0.02369	0.00453	0.00296	0.09984
10	0.00821	0.00596	0.00832	0.00832	0.00904	0.00668	0.00606	0.00965	0.00893	0.01263	0.01612	0.02689	0.01622	0.26605	0.55578	0.00812	0.01244	0.00677	0.00318	0.00462
11	0.00696	0.00528	0.00642	0.00723	0.00813	0.00474	0.00501	0.00818	0.01187	0.01528	0.07548	0.52214	0.26961	0.01652	0.00710	0.00217	0.00315	0.01463	0.00536	0.00474
12	0.01032	0.00964	0.01580	0.69188	0.03560	0.01176	0.01450	0.01385	0.01163	0.01471	0.01589	0.02002	0.09785	0.00677	0.00584	0.00191	0.00706	0.00592	0.00287	0.00617
13	0.02111	0.02677	0.01646	0.01547	0.04473	0.74836	0.01129	0.02265	0.01609	0.01417	0.00891	0.01045	0.00743	0.00587	0.00518	0.00148	0.01019	0.00374	0.00294	0.00672
14	0.01199	0.01066	0.03033	0.00888	0.01382	0.00814	0.00730	0.03265	0.02933	0.01894	0.01079	0.01259	0.00894	0.00609	0.03789	0.00128	0.00488	0.00364	0.00346	0.73840
15	0.00821	0.00598	0.00845	0.00845	0.00921	0.00675	0.00622	0.00974	0.00897	0.01273	0.01600	0.02624	0.01593	0.23323	0.58822	0.00827	0.01286	0.00668	0.00317	0.00469
16	0.00930	0.07815	0.00881	0.00695	0.00753	0.02862	0.00444	0.00962	0.00888	0.01150	0.01672	0.03334	0.01887	0.66574	0.06513	0.00523	0.00624	0.00760	0.00334	0.00399
17	0.01529	0.80242	0.02997	0.00979	0.01468	0.02263	0.00979	0.01713	0.01162	0.01346	0.00795	0.00918	0.00734	0.00489	0.00367	0.00122	0.00612	0.00306	0.00245	0.00734
18	0.01544	0.66172	0.10020	0.01084	0.01591	0.08595	0.01099	0.01771	0.01206	0.01395	0.00825	0.00955	0.00733	0.00503	0.00397	0.00130	0.00670	0.00322	0.00249	0.00739
19	0.01251	0.01251	0.01752	0.01502	0.01502	0.01752	0.01251	0.01377	0.00876	0.01377	0.00751	0.01251	0.00751	0.01001	0.01877	0.00250	0.78851	0.00501	0.00250	0.00626
20	0.00832	0.00555	0.00624	0.00624	0.00624	0.00555	0.00347	0.00832	0.00832	0.01109	0.01802	0.03743	0.02080	0.79898	0.02911	0.00555	0.00555	0.00832	0.00347	0.00347
21	0.01529	0.80242	0.02997	0.00979	0.01468	0.02263	0.00979	0.01713	0.01162	0.01346	0.00795	0.00918	0.00734	0.00489	0.00367	0.00122	0.00612	0.00306	0.00245	0.00734
22	0.00693	0.00515	0.00646	0.00751	0.00818	0.00468	0.00511	0.00802	0.01139	0.01478	0.03706	0.64021	0.18929	0.01720	0.00719	0.00224	0.00323	0.01538	0.00531	0.00468
23	0.01369	0.01215	0.01653	0.23513	0.18994	0.05918	0.02849	0.01999	0.20623	0.05425	0.03009	0.01803	0.02816	0.00731	0.00674	0.05062	0.00635	0.00568	0.00385	0.00760
24	0.01465	0.54029	0.11431	0.01306	0.06442	0.06201	0.05176	0.01727	0.01219	0.01472	0.01082	0.01223	0.04026	0.00544	0.00439	0.00141	0.00672	0.00396	0.00264	0.00745
25	0.06887	0.01068	0.01225	0.04098	0.01476	0.00935	0.00760	0.07626	0.05608	0.04570	0.01208	0.03455	0.00992	0.00527	0.00460	0.00116	0.00457	0.00420	0.00388	0.57725
26	0.04615	0.05122	0.01628	0.10065	0.11834	0.11389	0.04451	0.12017	0.01437	0.03495	0.01595	0.09519	0.04517	0.02743	0.05551	0.00239	0.05459	0.03247	0.00378	0.00700
27	0.01347	0.25342	0.02034	0.03582	0.12971	0.01550	0.02787	0.05706	0.01245	0.03830	0.05974	0.09125	0.01430	0.00965	0.04505	0.00215	0.15742	0.00599	0.00341	0.00709
28	0.00756	0.00537	0.00693	0.02377	0.00903	0.00497	0.00546	0.00877	0.01160	0.03558	0.05620	0.61664	0.15368	0.01664	0.00712	0.00222	0.00336	0.01489	0.00533	0.00487
29	0.00991	0.00675	0.00818	0.00749	0.00938	0.00632	0.00572	0.03501	0.05307	0.07722	0.48099	0.04115	0.19595	0.01148	0.00654	0.00182	0.00310	0.00990	0.02408	0.00592
30	0.83938	0.01106	0.00841	0.00752	0.01106	0.01283	0.00619	0.01681	0.00973	0.02566	0.00796	0.00929	0.00619	0.00531	0.00354	0.00177	0.00442	0.00310	0.00354	0.00619
31	0.01416	0.01359	0.02322	0.03511	0.76330	0.01359	0.01755	0.01755	0.01302	0.01869	0.01076	0.01416	0.00906	0.00510	0.00566	0.00170	0.00680	0.00510	0.00283	0.00906
32	0.01464	0.01249	0.01317	0.01172	0.01503	0.01442	0.00915	0.06981	0.71287	0.02460	0.02275	0.02092	0.01703	0.00771	0.00581	0.00193	0.00462	0.00639	0.00581	0.00909
33	0.00737	0.00520	0.00676	0.00786	0.00820	0.00495	0.00528	0.00832	0.01066	0.01418	0.02909	0.60919	0.03451	0.15325	0.01113	0.00291	0.00385	0.06783	0.00499	0.00449
34	0.01610	0.02473	0.01157	0.01008	0.03019	0.02746	0.00766	0.11887	0.01554	0.25594	0.10804	0.15154	0.06717	0.01181	0.02430	0.07383	0.00489	0.02757	0.00557	0.00711
35	0.04653	0.00741	0.02891	0.00838	0.00974	0.00695	0.00632	0.04019	0.02433	0.08954	0.02113	0.11289	0.04118	0.27592	0.01637	0.12245	0.00509	0.12733	0.00433	0.00500
36	0.00973	0.00749	0.01090	0.00945	0.01148	0.00705	0.10234	0.01151	0.01216	0.07264	0.05911	0.10174	0.31209	0.14235	0.05956	0.00303	0.02781	0.02949	0.00464	0.00544
37	0.50992	0.01260	0.01142	0.00960	0.01340	0.01438	0.00785	0.22302	0.10421	0.02837	0.01143	0.01199	0.00855	0.00604	0.00443	0.00178	0.00496	0.00408	0.00443	0.00753

[dist]
# distance from previous block
# <min> <max>
4	9

[block]
# block no. 5 follows, 41 sequences, length 17
# corresponding to MSA columns:
# 762-778
name=unknown_F
#
# <colnr> <probs for GDERKNQSTAVLIFYWHMCP>
#	G	D	E	R	K	N	Q	S	T	A	V	L	I	F	Y	W	H	M	C	P
0	0.37793	0.04554	0.09051	0.03145	0.01515	0.09692	0.00967	0.10571	0.01315	0.05469	0.01018	0.01176	0.00785	0.00713	0.02915	0.00198	0.05314	0.00396	0.02705	0.00705
1	0.01430	0.01626	0.05623	0.24001	0.16083	0.22255	0.04058	0.01778	0.04502	0.01610	0.04096	0.01625	0.03216	0.00750	0.02558	0.02461	0.00799	0.00521	0.00309	0.00699
2	0.01952	0.01681	0.01579	0.01298	0.01690	0.14266	0.01038	0.41889	0.23418	0.02890	0.01567	0.01536	0.01156	0.00696	0.00566	0.00174	0.00645	0.00529	0.00529	0.00902
3	0.00925	0.00609	0.00764	0.00782	0.00874	0.00636	0.00566	0.03173	0.01113	0.03299	0.02315	0.29288	0.04605	0.10116	0.16024	0.00375	0.03614	0.00980	0.19433	0.00510
4	0.01214	0.01345	0.06002	0.07708	0.11685	0.04889	0.29410	0.01559	0.01232	0.01661	0.03337	0.04555	0.04044	0.04480	0.09810	0.00292	0.05106	0.00666	0.00312	0.00693
5	0.00833	0.00580	0.00715	0.00771	0.00882	0.00537	0.00543	0.01029	0.04505	0.05649	0.08624	0.50078	0.19979	0.01568	0.00699	0.00215	0.00332	0.01391	0.00550	0.00521
6	0.00800	0.00656	0.00908	0.18701	0.01544	0.00676	0.00758	0.01004	0.01228	0.01593	0.13319	0.28144	0.22828	0.01426	0.03599	0.00231	0.00457	0.01134	0.00472	0.00521
7	0.83938	0.01106	0.00841	0.00752	0.01106	0.01283	0.00619	0.01681	0.00973	0.02566	0.00796	0.00929	0.00619	0.00531	0.00354	0.00177	0.00442	0.00310	0.00354	0.00619
8	0.00876	0.00545	0.00743	0.00808	0.00877	0.00521	0.00565	0.00940	0.01068	0.05967	0.02713	0.49371	0.06485	0.01965	0.07991	0.14294	0.00481	0.02851	0.00474	0.00466
9	0.05743	0.00897	0.01027	0.00905	0.01177	0.00897	0.00710	0.12922	0.08974	0.16326	0.12145	0.13666	0.18001	0.01091	0.00625	0.00192	0.00414	0.03002	0.00579	0.00707
10	0.00801	0.00562	0.00765	0.00888	0.02671	0.00540	0.00613	0.00934	0.01122	0.03607	0.02997	0.56634	0.06463	0.03700	0.08060	0.00303	0.00479	0.07859	0.00504	0.00498
11	0.00886	0.00666	0.01025	0.07884	0.01267	0.00743	0.03859	0.01031	0.00923	0.01285	0.01455	0.02354	0.01409	0.16698	0.45776	0.10181	0.01150	0.00631	0.00301	0.00475
12	0.16264	0.09796	0.08585	0.05082	0.27766	0.13061	0.08114	0.01819	0.01268	0.01844	0.00969	0.01217	0.00786	0.00526	0.00508	0.00167	0.00728	0.00439	0.00289	0.00772
13	0.01418	0.01392	0.02172	0.06500	0.61532	0.05295	0.01634	0.01734	0.01283	0.01799	0.01043	0.01381	0.00880	0.00539	0.00628	0.00170	0.04917	0.00493	0.00283	0.04907
14	0.01010	0.00883	0.06466	0.01120	0.06913	0.00796	0.00828	0.04881	0.01049	0.01484	0.01436	0.06758	0.01392	0.09173	0.31311	0.16448	0.00939	0.00626	0.00322	0.06164
15	0.01551	0.29398	0.21753	0.01421	0.04462	0.14260	0.07132	0.01886	0.01304	0.06400	0.01124	0.01258	0.02546	0.00555	0.00491	0.00153	0.00752	0.00422	0.00296	0.02835
16	0.01404	0.16581	0.10413	0.06695	0.19693	0.05070	0.05325	0.01770	0.04145	0.07092	0.04145	0.05867	0.01334	0.00679	0.00543	0.00170	0.00640	0.03035	0.04633	0.00765

[dist]
# distance from previous block
# <min> <max>
8	16

[block]
# block no. 6 follows, 41 sequences, length 19
# corresponding to MSA columns:
# 800-818
name=unknown_G
#
# <colnr> <probs for GDERKNQSTAVLIFYWHMCP>
#	G	D	E	R	K	N	Q	S	T	A	V	L	I	F	Y	W	H	M	C	P
0	0.02928	0.01083	0.01569	0.05858	0.21488	0.01092	0.05366	0.08316	0.04415	0.04903	0.12251	0.02486	0.13596	0.00802	0.00648	0.00175	0.03986	0.00693	0.00429	0.07915
1	0.00846	0.00580	0.00728	0.00730	0.00864	0.00523	0.00532	0.01038	0.01402	0.06012	0.36181	0.26456	0.19205	0.01384	0.00686	0.00198	0.00304	0.01218	0.00585	0.00530
2	0.00956	0.00790	0.01009	0.00962	0.01037	0.03669	0.00735	0.01109	0.00960	0.01370	0.01624	0.05754	0.03705	0.15110	0.37911	0.00604	0.15779	0.00675	0.05730	0.00511
3	0.04549	0.05860	0.11928	0.15450	0.18828	0.11062	0.01390	0.06491	0.01347	0.04251	0.01202	0.07012	0.01037	0.00666	0.00605	0.00176	0.04159	0.00540	0.00326	0.03120
4	0.07205	0.12930	0.46507	0.01485	0.02155	0.05658	0.07192	0.01844	0.04202	0.01820	0.03260	0.01293	0.00910	0.00561	0.00520	0.00172	0.00772	0.00442	0.00282	0.00792
5	0.09415	0.00739	0.00842	0.00758	0.00986	0.00719	0.00588	0.01543	0.07200	0.13567	0.31258	0.03354	0.14862	0.00988	0.00587	0.00177	0.00337	0.00829	0.10618	0.00633
