[name]
unknown

[dist]
# distance from previous block
# <min> <max>
14	65

[block]
# block no. 0 follows, 50 sequences, length 15
# corresponding to MSA columns:
# 133-147
name=unknown_A
#
# <colnr> <probs for GDERKNQSTAVLIFYWHMCP>
#	G	D	E	R	K	N	Q	S	T	A	V	L	I	F	Y	W	H	M	C	P
0	0.01494	0.01364	0.10424	0.01148	0.04250	0.04710	0.00967	0.28333	0.26957	0.06607	0.02904	0.01497	0.01149	0.00608	0.00490	0.00154	0.00506	0.00483	0.05183	0.00773
1	0.00712	0.00534	0.00801	0.00801	0.00890	0.00623	0.00623	0.00890	0.00801	0.01157	0.01335	0.01958	0.01246	0.03738	0.80507	0.00801	0.01335	0.00534	0.00267	0.00445
2	0.01418	0.61861	0.10887	0.00933	0.01383	0.04260	0.00951	0.01627	0.01078	0.10361	0.00866	0.00935	0.00708	0.00457	0.00362	0.00118	0.00554	0.00307	0.00261	0.00673
3	0.01210	0.40646	0.27896	0.01291	0.10634	0.01505	0.01237	0.01522	0.01051	0.03949	0.00917	0.04416	0.00787	0.00498	0.00410	0.00134	0.00593	0.00377	0.00240	0.00686
4	0.00867	0.00642	0.00780	0.00804	0.00933	0.00664	0.00599	0.01340	0.21558	0.04413	0.10861	0.40535	0.02857	0.01213	0.00598	0.00190	0.00336	0.09785	0.00489	0.00536
5	0.00725	0.00483	0.00544	0.00544	0.00544	0.00483	0.00302	0.00725	0.00725	0.00966	0.01571	0.03262	0.01812	0.82483	0.02537	0.00483	0.00483	0.00725	0.00302	0.00302
6	0.01034	0.00886	0.01034	0.00738	0.01181	0.00664	0.00591	0.01255	0.01034	0.01624	0.00886	0.01034	0.00738	0.00369	0.00369	0.00074	0.00369	0.00295	0.00295	0.85530
7	0.01844	0.00865	0.05178	0.00862	0.01206	0.00697	0.00735	0.02062	0.01391	0.59109	0.16174	0.04258	0.01900	0.00710	0.00520	0.00156	0.00402	0.00593	0.00579	0.00760
8	0.00630	0.00450	0.00605	0.00720	0.00759	0.00425	0.00502	0.00733	0.00977	0.01298	0.02735	0.73250	0.03247	0.01540	0.00642	0.00206	0.00309	0.10100	0.00462	0.00411
9	0.01047	0.00906	0.01099	0.00892	0.06348	0.00699	0.00653	0.01273	0.01040	0.01624	0.00889	0.01047	0.00742	0.00374	0.00377	0.00079	0.00384	0.00305	0.00292	0.79931
10	0.12757	0.05107	0.33534	0.01157	0.01631	0.01151	0.03784	0.01776	0.11200	0.12908	0.03154	0.01288	0.00933	0.00561	0.00551	0.00161	0.06889	0.00422	0.00332	0.00705
11	0.01714	0.01395	0.01363	0.01089	0.01442	0.11298	0.00874	0.49331	0.10909	0.04333	0.01253	0.01327	0.00944	0.04159	0.00574	0.00159	0.00557	0.00449	0.00450	0.06378
12	0.07233	0.03309	0.02948	0.01447	0.13868	0.08769	0.11959	0.06275	0.13710	0.15273	0.04105	0.01453	0.01097	0.00547	0.00484	0.00150	0.00551	0.00477	0.02767	0.03579
13	0.01640	0.01308	0.01281	0.01045	0.01376	0.16090	0.02768	0.22899	0.13165	0.15385	0.04000	0.02859	0.01166	0.03295	0.00552	0.00154	0.00542	0.00479	0.00442	0.09555
14	0.01409	0.01160	0.01450	0.01305	0.10486	0.05649	0.06184	0.20483	0.03900	0.07988	0.02719	0.04691	0.01011	0.00587	0.00585	0.00141	0.08143	0.00470	0.00372	0.21267

[dist]
# distance from previous block
# <min> <max>
6	23

[block]
# block no. 1 follows, 50 sequences, length 22
# corresponding to MSA columns:
# 182-203
name=unknown_B
#
# <colnr> <probs for GDERKNQSTAVLIFYWHMCP>
#	G	D	E	R	K	N	Q	S	T	A	V	L	I	F	Y	W	H	M	C	P
0	0.13807	0.03768	0.01412	0.02731	0.01506	0.39794	0.06166	0.07150	0.04912	0.01608	0.00872	0.01010	0.00701	0.00511	0.00482	0.00137	0.03891	0.00356	0.00293	0.08895
1	0.01221	0.01141	0.01295	0.03537	0.23500	0.14915	0.00941	0.08611	0.01220	0.01588	0.03897	0.07195	0.07112	0.00781	0.00685	0.07661	0.05116	0.00552	0.08439	0.00592
2	0.01026	0.00746	0.00870	0.00925	0.03202	0.07593	0.00719	0.01216	0.01198	0.10698	0.12112	0.19655	0.02741	0.01177	0.00617	0.00195	0.00435	0.33894	0.00466	0.00515
3	0.01002	0.00978	0.01736	0.62092	0.09959	0.01144	0.11606	0.01338	0.01028	0.01347	0.00902	0.01318	0.00688	0.00491	0.00534	0.00166	0.02393	0.00462	0.00228	0.00590
4	0.00669	0.00497	0.00623	0.00615	0.00728	0.00451	0.00452	0.00861	0.01289	0.01766	0.53581	0.16098	0.18234	0.01148	0.00596	0.00166	0.00247	0.01009	0.00519	0.00451
5	0.49771	0.01084	0.04124	0.07948	0.01405	0.01173	0.04477	0.05903	0.16222	0.02115	0.01024	0.01119	0.00775	0.00514	0.00395	0.00159	0.00457	0.00372	0.00344	0.00621
6	0.01533	0.01230	0.01364	0.13530	0.01740	0.04362	0.00941	0.41620	0.13967	0.02429	0.01243	0.01310	0.00917	0.00569	0.00482	0.00146	0.00530	0.00446	0.02440	0.09201
7	0.01599	0.01208	0.01322	0.05573	0.01503	0.01328	0.00876	0.56594	0.07002	0.02704	0.03522	0.01781	0.11339	0.00695	0.00513	0.00154	0.00499	0.00546	0.00480	0.00762
8	0.01040	0.01084	0.05834	0.03802	0.01516	0.05034	0.17055	0.01653	0.23533	0.01750	0.18411	0.06016	0.07512	0.00758	0.00577	0.00166	0.02536	0.00686	0.00410	0.00624
9	0.00816	0.00738	0.00898	0.01043	0.13883	0.04503	0.00660	0.01002	0.01213	0.01573	0.25815	0.03522	0.36603	0.00999	0.00615	0.00162	0.04172	0.00842	0.00431	0.00510
10	0.01419	0.01220	0.01202	0.01051	0.01349	0.08232	0.00823	0.12411	0.58751	0.05144	0.01807	0.01682	0.01345	0.00649	0.00501	0.00162	0.00460	0.00525	0.00488	0.00780
11	0.01236	0.01396	0.02581	0.02023	0.08705	0.08245	0.56901	0.01615	0.02724	0.01544	0.00974	0.01286	0.00756	0.00472	0.00650	0.00167	0.07263	0.00540	0.00255	0.00666
12	0.00746	0.00563	0.00699	0.00678	0.00815	0.00540	0.00524	0.01063	0.07691	0.01860	0.53908	0.03937	0.14004	0.01065	0.00593	0.00168	0.00277	0.09857	0.00523	0.00489
13	0.00694	0.00472	0.00558	0.00586	0.00599	0.00463	0.00351	0.00727	0.00815	0.01093	0.05505	0.23383	0.02326	0.58049	0.01961	0.00396	0.00422	0.00909	0.00355	0.00336
14	0.00982	0.00909	0.01284	0.23632	0.03078	0.01143	0.01008	0.01352	0.11539	0.01438	0.09281	0.01816	0.06336	0.00903	0.04509	0.00212	0.29155	0.00548	0.00311	0.00565
15	0.00679	0.00500	0.00635	0.00618	0.00733	0.00456	0.00457	0.00882	0.01322	0.01829	0.60528	0.12754	0.14528	0.01113	0.00594	0.00163	0.00244	0.00980	0.00527	0.00456
16	0.01280	0.00974	0.01123	0.00827	0.01253	0.00835	0.00668	0.14117	0.03825	0.08155	0.01062	0.01141	0.00822	0.00437	0.00406	0.00096	0.00404	0.00346	0.00362	0.61866
17	0.27277	0.00809	0.00840	0.00747	0.00954	0.00894	0.00589	0.11973	0.01168	0.04918	0.11010	0.03531	0.02808	0.08031	0.07522	0.00240	0.04204	0.02416	0.09527	0.00543
18	0.04506	0.06340	0.51539	0.01453	0.05629	0.01241	0.08257	0.09302	0.02502	0.03284	0.00959	0.01105	0.00695	0.00483	0.00474	0.00155	0.00684	0.00396	0.00262	0.00735
19	0.01058	0.16565	0.66422	0.01322	0.02004	0.01300	0.01669	0.01564	0.01045	0.01508	0.00859	0.01008	0.00633	0.00465	0.00447	0.00149	0.00701	0.00351	0.00211	0.00720
20	0.00985	0.00909	0.01495	0.77591	0.03346	0.01128	0.01364	0.04797	0.01059	0.01360	0.00900	0.01323	0.00673	0.00503	0.00498	0.00165	0.00659	0.00443	0.00234	0.00567
21	0.01206	0.01156	0.01974	0.10395	0.72252	0.01177	0.01516	0.01506	0.01122	0.01595	0.00933	0.01243	0.00778	0.00449	0.00494	0.00150	0.00599	0.00444	0.00244	0.00767

[dist]
# distance from previous block
# <min> <max>
3	4

[block]
# block no. 2 follows, 50 sequences, length 6
# corresponding to MSA columns:
# 215-219,221
name=unknown_C
#
# <colnr> <probs for GDERKNQSTAVLIFYWHMCP>
#	G	D	E	R	K	N	Q	S	T	A	V	L	I	F	Y	W	H	M	C	P
0	0.04383	0.42136	0.17006	0.01128	0.01576	0.12176	0.06603	0.04310	0.01118	0.01397	0.00781	0.00925	0.00651	0.00470	0.00439	0.00131	0.03550	0.00329	0.00235	0.00653
1	0.01280	0.01174	0.01839	0.07038	0.58620	0.01221	0.01380	0.08817	0.10312	0.01804	0.01087	0.01309	0.00874	0.00489	0.00496	0.00152	0.00569	0.00458	0.00300	0.00782
2	0.00725	0.00483	0.00544	0.00544	0.00544	0.00483	0.00302	0.00725	0.00725	0.00966	0.01571	0.03262	0.01812	0.82483	0.02537	0.00483	0.00483	0.00725	0.00302	0.00302
3	0.86003	0.00964	0.00733	0.00655	0.00964	0.01118	0.00540	0.01465	0.00848	0.02236	0.00694	0.00810	0.00540	0.00463	0.00308	0.00154	0.00386	0.00270	0.00308	0.00540
4	0.01000	0.02578	0.79900	0.01421	0.02157	0.01158	0.01842	0.01579	0.01052	0.01579	0.00895	0.01052	0.00631	0.00474	0.00474	0.00158	0.00737	0.00368	0.00210	0.00737
5	0.57760	0.00995	0.01036	0.15650	0.08828	0.01146	0.00810	0.05709	0.00986	0.02054	0.00780	0.00966	0.00603	0.00475	0.00371	0.00156	0.00465	0.00328	0.00297	0.00583

[dist]
# distance from previous block
# <min> <max>
0	2

[block]
# block no. 3 follows, 50 sequences, length 139
# corresponding to MSA columns:
# 224-274,283-370
name=unknown_D
#
# <colnr> <probs for GDERKNQSTAVLIFYWHMCP>
#	G	D	E	R	K	N	Q	S	T	A	V	L	I	F	Y	W	H	M	C	P
0	0.00898	0.00961	0.07847	0.01312	0.16860	0.05642	0.03929	0.01121	0.01128	0.01482	0.09734	0.20494	0.14613	0.02418	0.00607	0.00180	0.00460	0.09387	0.00381	0.00546
1	0.00967	0.00925	0.01558	0.67433	0.03128	0.01140	0.05713	0.01304	0.02344	0.01314	0.02399	0.01366	0.00762	0.00537	0.00596	0.00170	0.07087	0.00462	0.00234	0.00562
2	0.01097	0.00970	0.01051	0.01063	0.07842	0.03492	0.00752	0.04732	0.44090	0.01845	0.02699	0.02623	0.22563	0.00821	0.00530	0.00166	0.00396	0.02126	0.00464	0.00678
3	0.00938	0.00501	0.00513	0.00488	0.00632	0.00482	0.00369	0.01169	0.01044	0.01838	0.01562	0.01787	0.01231	0.00563	0.00350	0.00113	0.00244	0.00450	0.77956	0.07768
4	0.09120	0.01244	0.01938	0.01744	0.15104	0.07951	0.29752	0.07763	0.01228	0.05608	0.01182	0.09826	0.01030	0.00599	0.00566	0.00163	0.03626	0.00578	0.00316	0.00662
5	0.01495	0.08294	0.01891	0.01366	0.01726	0.11019	0.24571	0.06475	0.12038	0.15572	0.02765	0.01467	0.01033	0.00572	0.00589	0.00159	0.06146	0.01751	0.00371	0.00700
6	0.00589	0.00505	0.00505	0.00505	0.00673	0.00421	0.00379	0.00715	0.01136	0.01347	0.05049	0.04797	0.79171	0.01262	0.00589	0.00168	0.00252	0.01052	0.00463	0.00421
7	0.01121	0.00782	0.00968	0.00957	0.01158	0.00824	0.00807	0.08254	0.18848	0.08487	0.02316	0.04042	0.02245	0.01084	0.00615	0.00202	0.00449	0.45752	0.00487	0.00602
8	0.01206	0.01164	0.02011	0.09795	0.69978	0.01180	0.04313	0.01510	0.01125	0.01597	0.00936	0.01246	0.00777	0.00448	0.00497	0.00150	0.00608	0.00449	0.00245	0.00765
9	0.01127	0.22290	0.57949	0.01261	0.01908	0.01343	0.01557	0.01589	0.01056	0.04351	0.00884	0.01014	0.00656	0.00467	0.00437	0.00145	0.00675	0.00348	0.00226	0.00717
10	0.01252	0.01077	0.01134	0.01017	0.01301	0.01246	0.00792	0.04083	0.77018	0.02105	0.02013	0.01847	0.01509	0.00675	0.00507	0.00169	0.00397	0.00561	0.00507	0.00790
11	0.53662	0.02233	0.01066	0.01039	0.07858	0.18386	0.00752	0.04794	0.01058	0.01962	0.00752	0.00889	0.00601	0.00489	0.00399	0.00149	0.02723	0.00308	0.00296	0.00584
12	0.01962	0.00910	0.01149	0.00922	0.01279	0.00872	0.00748	0.02490	0.22655	0.58328	0.01984	0.01741	0.01313	0.00633	0.00503	0.00158	0.00416	0.00518	0.00587	0.00832
13	0.01023	0.01102	0.05596	0.04876	0.08267	0.02012	0.15624	0.01293	0.03839	0.01414	0.03923	0.06206	0.10459	0.00792	0.00962	0.00186	0.30942	0.00609	0.00291	0.00585
14	0.00589	0.00505	0.00505	0.00505	0.00673	0.00421	0.00379	0.00715	0.01136	0.01347	0.05049	0.04797	0.79171	0.01262	0.00589	0.00168	0.00252	0.01052	0.00463	0.00421
15	0.01000	0.02578	0.79900	0.01421	0.02157	0.01158	0.01842	0.01579	0.01052	0.01579	0.00895	0.01052	0.00631	0.00474	0.00474	0.00158	0.00737	0.00368	0.00210	0.00737
16	0.00613	0.00513	0.00539	0.00552	0.00714	0.00438	0.00427	0.00751	0.01137	0.01363	0.04777	0.04890	0.70553	0.01275	0.00600	0.00175	0.00276	0.09519	0.00462	0.00425
17	0.01850	0.01211	0.01354	0.01054	0.01426	0.01297	0.00865	0.53313	0.06599	0.18384	0.06318	0.01496	0.01208	0.00633	0.00505	0.00152	0.00495	0.00495	0.00526	0.00821
18	0.03204	0.01143	0.01256	0.01024	0.01326	0.01281	0.00831	0.39957	0.17569	0.05725	0.04124	0.01742	0.07835	0.00706	0.00604	0.00161	0.07596	0.00536	0.02635	0.00745
19	0.26637	0.01321	0.01244	0.00999	0.01358	0.08249	0.00816	0.44125	0.01767	0.07362	0.01059	0.01087	0.00763	0.00552	0.00439	0.00149	0.00524	0.00388	0.00429	0.00734
20	0.01228	0.01179	0.02013	0.04564	0.77913	0.01183	0.01527	0.01525	0.01132	0.01622	0.00937	0.01235	0.00787	0.00445	0.00494	0.00148	0.00594	0.00444	0.00246	0.00785
21	0.01468	0.62318	0.02309	0.00959	0.01346	0.19923	0.00880	0.03544	0.01138	0.01234	0.00723	0.00832	0.00645	0.00451	0.00354	0.00113	0.00617	0.00284	0.00230	0.00631
22	0.07069	0.01219	0.02454	0.01813	0.02222	0.01204	0.58116	0.01494	0.01113	0.01594	0.01116	0.02679	0.00944	0.00558	0.00668	0.00177	0.07700	0.06957	0.00273	0.00631
23	0.01844	0.01414	0.01460	0.01136	0.01517	0.05514	0.00931	0.69881	0.04206	0.02986	0.03307	0.01267	0.00959	0.00607	0.00499	0.00149	0.00554	0.00457	0.00488	0.00822
24	0.00607	0.00437	0.00575	0.00686	0.00721	0.00405	0.00459	0.00695	0.00962	0.01275	0.02839	0.79068	0.06327	0.01550	0.00634	0.00201	0.00288	0.01402	0.00463	0.00405
25	0.01286	0.01094	0.01153	0.01024	0.01314	0.01261	0.00800	0.07907	0.73140	0.02159	0.01970	0.01813	0.01474	0.00671	0.00507	0.00168	0.00405	0.00555	0.00507	0.00793
26	0.00725	0.00483	0.00544	0.00544	0.00544	0.00483	0.00302	0.00725	0.00725	0.00966	0.01571	0.03262	0.01812	0.82483	0.02537	0.00483	0.00483	0.00725	0.00302	0.00302
27	0.00672	0.00483	0.00627	0.00703	0.00759	0.00459	0.00483	0.03804	0.01073	0.01448	0.13252	0.68071	0.03394	0.01448	0.00624	0.00194	0.00292	0.01307	0.00476	0.00432
28	0.00637	0.00502	0.00575	0.00567	0.00705	0.00439	0.00421	0.00804	0.01233	0.01602	0.34472	0.09903	0.43993	0.01187	0.00592	0.00166	0.00248	0.01018	0.00497	0.00439
29	0.01318	0.01116	0.01401	0.08649	0.13348	0.01247	0.03378	0.11989	0.45667	0.03954	0.01620	0.01612	0.01216	0.00606	0.00506	0.00163	0.00483	0.00519	0.00436	0.00773
30	0.86003	0.00964	0.00733	0.00655	0.00964	0.01118	0.00540	0.01465	0.00848	0.02236	0.00694	0.00810	0.00540	0.00463	0.00308	0.00154	0.00386	0.00270	0.00308	0.00540
31	0.01223	0.01163	0.01925	0.06008	0.69638	0.01186	0.01460	0.01616	0.07769	0.01653	0.01029	0.01291	0.00847	0.00466	0.00495	0.00151	0.00578	0.00454	0.00268	0.00780
32	0.01146	0.01226	0.06107	0.01628	0.04110	0.01118	0.41435	0.01512	0.03505	0.04285	0.02369	0.04286	0.00936	0.00530	0.00651	0.00157	0.09300	0.00540	0.00287	0.14872
33	0.05154	0.08417	0.01468	0.01133	0.01455	0.39454	0.02159	0.19266	0.02753	0.08482	0.01010	0.01074	0.00770	0.00532	0.00448	0.00134	0.00689	0.00371	0.02512	0.02720
34	0.01353	0.07093	0.36407	0.01374	0.01914	0.03712	0.12833	0.12600	0.01295	0.10967	0.01052	0.01174	0.00754	0.00519	0.00546	0.00157	0.04781	0.00424	0.00308	0.00735
35	0.00690	0.00501	0.00650	0.00629	0.00739	0.00461	0.00465	0.00904	0.01350	0.01893	0.67688	0.12051	0.07935	0.01087	0.00593	0.00162	0.00242	0.00963	0.00536	0.00461
36	0.00845	0.00690	0.00757	0.00807	0.00893	0.07396	0.00586	0.01024	0.04967	0.04226	0.03942	0.54487	0.04753	0.01330	0.00651	0.00194	0.03611	0.07929	0.00444	0.00468
37	0.01125	0.31260	0.50103	0.01262	0.03946	0.01450	0.01479	0.01546	0.01040	0.01435	0.00824	0.00967	0.00639	0.00456	0.00419	0.00139	0.00660	0.00334	0.00212	0.00703
38	0.02236	0.00848	0.01157	0.00887	0.01272	0.00733	0.00733	0.02429	0.01427	0.79719	0.01966	0.01697	0.01234	0.00617	0.00501	0.00154	0.00424	0.00501	0.00617	0.00848
39	0.00982	0.00921	0.01527	0.49668	0.23935	0.01050	0.01307	0.01281	0.01039	0.01373	0.01275	0.01626	0.07462	0.00678	0.03700	0.00187	0.00636	0.00499	0.00251	0.00603
40	0.00935	0.00875	0.01469	0.79085	0.03354	0.01090	0.01355	0.01259	0.00989	0.01265	0.00905	0.01382	0.00696	0.02732	0.00554	0.00175	0.00660	0.00451	0.00224	0.00547
41	0.01072	0.01020	0.01745	0.38656	0.39237	0.01118	0.03475	0.01379	0.01065	0.01450	0.00994	0.04756	0.00839	0.00516	0.00504	0.00159	0.00619	0.00489	0.00245	0.00662
42	0.00589	0.00505	0.00505	0.00505	0.00673	0.00421	0.00379	0.00715	0.01136	0.01347	0.05049	0.04797	0.79171	0.01262	0.00589	0.00168	0.00252	0.01052	0.00463	0.00421
43	0.00660	0.00477	0.00611	0.00700	0.00750	0.00452	0.00475	0.03771	0.01015	0.01346	0.02784	0.73767	0.07025	0.02772	0.00658	0.00203	0.00301	0.01349	0.00462	0.00422
44	0.01247	0.00954	0.01253	0.01204	0.08005	0.01005	0.06401	0.07666	0.30418	0.09951	0.05344	0.02652	0.05765	0.00805	0.00553	0.00175	0.00457	0.14983	0.00467	0.00695
45	0.03342	0.01147	0.01483	0.01227	0.01434	0.04366	0.09882	0.11499	0.20212	0.01789	0.03598	0.01440	0.01064	0.00775	0.02835	0.00195	0.29093	0.00496	0.03471	0.00653
46	0.00723	0.00490	0.00576	0.00576	0.00587	0.00501	0.00342	0.00746	0.00734	0.00990	0.01541	0.03098	0.01741	0.72578	0.12345	0.00523	0.00590	0.00701	0.00298	0.00320
47	0.01292	0.01332	0.02608	0.02077	0.12102	0.01294	0.56434	0.13078	0.01347	0.01834	0.01028	0.01308	0.00774	0.00450	0.00563	0.00163	0.00765	0.00549	0.00289	0.00713
48	0.01259	0.01085	0.01255	0.01087	0.01387	0.01229	0.06162	0.02570	0.71201	0.03926	0.01956	0.01820	0.01461	0.00657	0.00513	0.00169	0.00426	0.00564	0.00492	0.00782
49	0.01176	0.01345	0.02941	0.02101	0.02605	0.01261	0.77563	0.01597	0.01176	0.01597	0.01008	0.01345	0.00756	0.00420	0.00588	0.00168	0.00840	0.00588	0.00252	0.00672
50	0.05136	0.00884	0.01201	0.01063	0.07951	0.00804	0.00789	0.03640	0.03484	0.63558	0.04900	0.01700	0.01309	0.00614	0.00497	0.00154	0.00431	0.00505	0.00566	0.00815
51	0.01609	0.04283	0.01382	0.01083	0.01410	0.06043	0.00887	0.47210	0.14061	0.02566	0.05969	0.01692	0.01283	0.00680	0.00539	0.00157	0.02727	0.05192	0.00468	0.00760
52	0.01185	0.01113	0.01843	0.11849	0.55867	0.01154	0.03753	0.05306	0.01176	0.01644	0.02756	0.01498	0.03771	0.00529	0.00542	0.00155	0.03120	0.01738	0.00274	0.00728
53	0.01371	0.01296	0.02259	0.04236	0.06060	0.04292	0.43711	0.16698	0.02700	0.05841	0.01189	0.03084	0.00934	0.00535	0.00556	0.00164	0.00713	0.03323	0.00334	0.00703
54	0.00611	0.00498	0.00541	0.00546	0.00691	0.00428	0.00403	0.00752	0.01164	0.01451	0.17615	0.12810	0.58250	0.01252	0.00594	0.00170	0.00253	0.01065	0.00478	0.00428
55	0.01699	0.01453	0.01395	0.01126	0.01470	0.15944	0.02188	0.41392	0.11373	0.05059	0.01254	0.01277	0.01770	0.00591	0.00519	0.00146	0.03114	0.00440	0.01402	0.06390
56	0.00613	0.00506	0.00538	0.00530	0.00688	0.00431	0.00398	0.00762	0.01193	0.01481	0.20316	0.04576	0.63821	0.01212	0.00589	0.00166	0.00249	0.01021	0.00481	0.00431
57	0.01034	0.00886	0.01034	0.00738	0.01181	0.00664	0.00591	0.01255	0.01034	0.01624	0.00886	0.01034	0.00738	0.00369	0.00369	0.00074	0.00369	0.00295	0.00295	0.85530
58	0.01191	0.01147	0.01978	0.14015	0.66305	0.01176	0.03891	0.01496	0.01117	0.01578	0.00933	0.01251	0.00771	0.00451	0.00497	0.00151	0.00610	0.00448	0.00243	0.00753
59	0.01067	0.18680	0.64384	0.01307	0.01981	0.01321	0.01643	0.01561	0.01044	0.01497	0.00854	0.01002	0.00633	0.00464	0.00443	0.00148	0.00696	0.00348	0.00211	0.00717
60	0.01160	0.01117	0.01524	0.01295	0.01329	0.01528	0.01078	0.07768	0.00899	0.01366	0.00701	0.01100	0.00671	0.00849	0.01538	0.00212	0.74614	0.00437	0.00242	0.00571
61	0.01029	0.00999	0.01402	0.01220	0.01232	0.01376	0.01007	0.01145	0.00768	0.01188	0.00771	0.01264	0.00765	0.03285	0.12535	0.00305	0.68502	0.00457	0.00227	0.00525
62	0.08048	0.00884	0.01363	0.60096	0.06244	0.01041	0.01200	0.01294	0.00996	0.01429	0.00910	0.01283	0.00697	0.00486	0.00464	0.00154	0.00591	0.00417	0.04550	0.07854
63	0.00834	0.00532	0.00792	0.00759	0.00831	0.00525	0.04401	0.02676	0.00929	0.01265	0.13143	0.12718	0.01982	0.04569	0.04246	0.40231	0.00442	0.07144	0.01625	0.00354
64	0.00597	0.00503	0.00518	0.00520	0.00680	0.00423	0.00388	0.00729	0.01147	0.01384	0.09585	0.07574	0.71736	0.01258	0.00591	0.00169	0.00253	0.01056	0.00468	0.00423
65	0.00634	0.00453	0.00609	0.00725	0.00765	0.00428	0.00509	0.00740	0.00981	0.01302	0.02732	0.71704	0.03238	0.01536	0.00643	0.00206	0.00312	0.11607	0.00462	0.00412
66	0.86003	0.00964	0.00733	0.00655	0.00964	0.01118	0.00540	0.01465	0.00848	0.02236	0.00694	0.00810	0.00540	0.00463	0.00308	0.00154	0.00386	0.00270	0.00308	0.00540
67	0.01214	0.01165	0.01989	0.08186	0.74397	0.01179	0.01520	0.01513	0.01126	0.01605	0.00934	0.01240	0.00781	0.00448	0.00494	0.00149	0.00597	0.00444	0.00245	0.00774
68	0.11000	0.01291	0.01971	0.08663	0.19055	0.09640	0.27121	0.05261	0.01211	0.07440	0.01023	0.02260	0.00791	0.00484	0.00503	0.00156	0.00674	0.00477	0.00297	0.00681
69	0.79753	0.00949	0.00767	0.04886	0.01086	0.01104	0.00580	0.01449	0.00860	0.02178	0.00724	0.00859	0.00562	0.00467	0.00319	0.00154	0.00397	0.00283	0.02084	0.00539
70	0.02976	0.15730	0.12468	0.01639	0.05336	0.01316	0.38957	0.01633	0.06330	0.03980	0.01094	0.04333	0.00880	0.00497	0.00510	0.00156	0.00689	0.00518	0.00277	0.00680
71	0.01006	0.00952	0.01612	0.63991	0.20221	0.01124	0.01416	0.01330	0.01027	0.01352	0.00897	0.01308	0.00692	0.00486	0.00497	0.00162	0.00648	0.00443	0.00227	0.00606
72	0.00627	0.00459	0.00627	0.04781	0.00861	0.00442	0.00510	0.00729	0.00968	0.01290	0.04512	0.76146	0.03197	0.01494	0.00628	0.00199	0.00307	0.01355	0.00453	0.00414
73	0.01185	0.01163	0.01843	0.24848	0.54043	0.05327	0.01459	0.01482	0.01111	0.01508	0.00914	0.01243	0.00747	0.00463	0.00493	0.00152	0.00628	0.00437	0.00240	0.00712
74	0.01147	0.38097	0.45673	0.01169	0.01768	0.01518	0.01404	0.01540	0.01035	0.01399	0.00805	0.00940	0.00635	0.00453	0.00405	0.00135	0.00646	0.00323	0.00212	0.00694
75	0.00604	0.00445	0.00566	0.00663	0.00715	0.00407	0.00449	0.00698	0.00984	0.01285	0.03126	0.69415	0.15794	0.01512	0.00628	0.00197	0.00283	0.01357	0.00463	0.00407
76	0.01000	0.02578	0.79900	0.01421	0.02157	0.01158	0.01842	0.01579	0.01052	0.01579	0.00895	0.01052	0.00631	0.00474	0.00474	0.00158	0.00737	0.00368	0.00210	0.00737
77	0.01204	0.01161	0.02070	0.13621	0.56132	0.01176	0.12712	0.01522	0.01128	0.03061	0.00961	0.01272	0.00776	0.00451	0.00508	0.00154	0.00636	0.00466	0.00251	0.00741
78	0.01145	0.01154	0.08001	0.06151	0.04813	0.09222	0.08345	0.03062	0.15476	0.06779	0.15200	0.09088	0.05389	0.00776	0.00539	0.00164	0.00509	0.03155	0.00409	0.00625
79	0.01266	0.01084	0.01142	0.01020	0.01306	0.01252	0.00795	0.05646	0.75433	0.02127	0.01996	0.01833	0.01495	0.00673	0.00507	0.00168	0.00401	0.00559	0.00507	0.00791
80	0.17478	0.01083	0.09092	0.00917	0.01325	0.00903	0.00825	0.07394	0.01346	0.52235	0.01570	0.01434	0.01018	0.00573	0.00463	0.00154	0.00457	0.00442	0.00511	0.00780
81	0.01279	0.01037	0.01104	0.00988	0.01269	0.01186	0.00770	0.02583	0.71717	0.06015	0.02011	0.01851	0.01498	0.00670	0.00501	0.00166	0.00390	0.00557	0.03628	0.00780
82	0.01158	0.01107	0.01887	0.23282	0.59742	0.01164	0.01492	0.01464	0.01099	0.01537	0.00924	0.01258	0.00757	0.00458	0.00495	0.00153	0.00611	0.00444	0.00240	0.00729
83	0.00589	0.00505	0.00505	0.00505	0.00673	0.00421	0.00379	0.00715	0.01136	0.01347	0.05049	0.04797	0.79171	0.01262	0.00589	0.00168	0.00252	0.01052	0.00463	0.00421
84	0.01631	0.01704	0.01495	0.01255	0.01559	0.34517	0.07739	0.20301	0.16226	0.01893	0.02234	0.02509	0.00966	0.00591	0.00526	0.00149	0.03199	0.00450	0.00368	0.00686
85	0.00672	0.00511	0.00620	0.00602	0.00736	0.00459	0.00457	0.00872	0.01308	0.01760	0.50995	0.04171	0.28979	0.01117	0.00593	0.00164	0.00252	0.04762	0.00516	0.00454
86	0.01034	0.00886	0.01034	0.00738	0.01181	0.00664	0.00591	0.01255	0.01034	0.01624	0.00886	0.01034	0.00738	0.00369	0.00369	0.00074	0.00369	0.00295	0.00295	0.85530
87	0.17919	0.01308	0.01248	0.06930	0.01497	0.12265	0.00847	0.34883	0.01634	0.05620	0.01105	0.05022	0.00874	0.00585	0.00453	0.00147	0.00545	0.00435	0.00398	0.06285
88	0.00864	0.00731	0.01148	0.00981	0.01177	0.00718	0.14614	0.01082	0.01170	0.04414	0.18911	0.05505	0.23139	0.02572	0.00731	0.00187	0.07384	0.13739	0.00423	0.00507
89	0.03271	0.05916	0.01748	0.01337	0.01684	0.31617	0.18168	0.10287	0.04909	0.10443	0.01189	0.01284	0.03234	0.00546	0.00512	0.00147	0.02256	0.00448	0.00339	0.00666
90	0.01249	0.66218	0.14308	0.00928	0.01385	0.01769	0.00984	0.01477	0.01040	0.01278	0.04842	0.00992	0.00852	0.00465	0.00357	0.00117	0.00548	0.00315	0.00230	0.00646
91	0.01212	0.05156	0.24134	0.01563	0.08580	0.09244	0.20061	0.04230	0.06308	0.01624	0.01023	0.01258	0.00799	0.00483	0.00489	0.00146	0.00679	0.01882	0.00273	0.10854
92	0.01882	0.01392	0.01506	0.01183	0.03037	0.01539	0.00959	0.76252	0.02320	0.03112	0.01192	0.01197	0.00847	0.00595	0.00499	0.00150	0.00549	0.00449	0.00494	0.00847
93	0.01268	0.67288	0.17543	0.00963	0.01449	0.01815	0.01044	0.01509	0.01020	0.01251	0.00732	0.00848	0.00638	0.00436	0.00350	0.00117	0.00572	0.00286	0.00213	0.00658
94	0.00928	0.00826	0.03432	0.02593	0.03767	0.03685	0.07217	0.01273	0.10360	0.05760	0.18877	0.05093	0.27068	0.06073	0.00684	0.00183	0.00400	0.00800	0.00438	0.00542
95	0.00593	0.00502	0.00512	0.00517	0.00677	0.00421	0.00385	0.00720	0.01135	0.01360	0.06830	0.08365	0.73747	0.01270	0.00591	0.00170	0.00254	0.01065	0.00465	0.00421
96	0.01219	0.01099	0.01122	0.01075	0.04122	0.07073	0.00798	0.03317	0.58739	0.01930	0.03317	0.08784	0.01665	0.00756	0.00520	0.00169	0.00431	0.02663	0.00474	0.00726
97	0.00609	0.00506	0.00532	0.00525	0.00685	0.00429	0.00394	0.00753	0.01182	0.01456	0.17465	0.04617	0.66688	0.01222	0.00589	0.00166	0.00250	0.01027	0.00477	0.00429
98	0.01284	0.00979	0.01119	0.00966	0.01239	0.02279	0.03395	0.08624	0.42858	0.10278	0.14268	0.04203	0.04798	0.00750	0.00527	0.00164	0.00401	0.00638	0.00509	0.00719
99	0.86003	0.00964	0.00733	0.00655	0.00964	0.01118	0.00540	0.01465	0.00848	0.02236	0.00694	0.00810	0.00540	0.00463	0.00308	0.00154	0.00386	0.00270	0.00308	0.00540
100	0.01348	0.01056	0.01144	0.00988	0.01300	0.01166	0.00777	0.07099	0.60642	0.08776	0.01876	0.01735	0.01389	0.00640	0.00494	0.00159	0.00404	0.00528	0.00498	0.07980
101	0.01305	0.01140	0.01922	0.06842	0.68815	0.01142	0.01454	0.01594	0.01153	0.08315	0.01023	0.01278	0.00821	0.00462	0.00494	0.00149	0.00581	0.00449	0.00277	0.00783
102	0.01022	0.08042	0.74635	0.01382	0.02098	0.01213	0.01774	0.01573	0.01050	0.01551	0.00881	0.01035	0.00632	0.00470	0.00463	0.00154	0.00723	0.00361	0.00211	0.00730
103	0.69512	0.04575	0.00904	0.00740	0.01052	0.09293	0.00606	0.01569	0.00943	0.06018	0.00766	0.00863	0.00590	0.00474	0.00333	0.00150	0.00447	0.00287	0.00315	0.00564
104	0.00603	0.00505	0.00525	0.00520	0.00682	0.00427	0.00390	0.00743	0.01170	0.01426	0.14064	0.04666	0.70107	0.01233	0.00589	0.00167	0.00250	0.01034	0.00473	0.00427
105	0.01060	0.09582	0.71164	0.01358	0.02058	0.01219	0.01727	0.01592	0.01058	0.03474	0.00903	0.01046	0.00647	0.00473	0.00461	0.00153	0.00711	0.00363	0.00221	0.00731
106	0.01171	0.01117	0.01909	0.04738	0.68874	0.01117	0.03314	0.01453	0.01117	0.01588	0.01093	0.08186	0.01001	0.00541	0.00508	0.00154	0.00574	0.00531	0.00265	0.00748
107	0.02236	0.00848	0.01157	0.00887	0.01272	0.00733	0.00733	0.02429	0.01427	0.79719	0.01966	0.01697	0.01234	0.00617	0.00501	0.00154	0.00424	0.00501	0.00617	0.00848
108	0.00935	0.02009	0.58222	0.01186	0.01755	0.00968	0.01454	0.01416	0.01110	0.01661	0.13320	0.01656	0.03762	0.00593	0.00484	0.00154	0.00600	0.00481	0.07572	0.00662
109	0.01232	0.01109	0.01737	0.01403	0.01535	0.01392	0.14627	0.01405	0.00910	0.09908	0.00862	0.01202	0.00736	0.00764	0.01325	0.00202	0.58312	0.00470	0.00268	0.00601
110	0.01000	0.02578	0.79900	0.01421	0.02157	0.01158	0.01842	0.01579	0.01052	0.01579	0.00895	0.01052	0.00631	0.00474	0.00474	0.00158	0.00737	0.00368	0.00210	0.00737
111	0.00595	0.00507	0.00513	0.00516	0.00683	0.00425	0.00390	0.00724	0.01136	0.01350	0.04984	0.04819	0.77103	0.01265	0.00592	0.00170	0.00258	0.03083	0.00463	0.00422
112	0.01004	0.00933	0.01560	0.54770	0.17315	0.01080	0.03684	0.03676	0.01067	0.01408	0.01069	0.08247	0.00922	0.00580	0.00512	0.00165	0.00621	0.00531	0.00257	0.00598
113	0.00896	0.00787	0.01185	0.01118	0.07858	0.02089	0.12252	0.01280	0.09417	0.01841	0.43299	0.03061	0.07307	0.00866	0.00574	0.00163	0.00397	0.04589	0.00460	0.00560
114	0.00808	0.00652	0.00703	0.00695	0.00867	0.00657	0.00527	0.01297	0.22547	0.01584	0.03488	0.15501	0.36420	0.01104	0.00562	0.00173	0.00308	0.05169	0.06411	0.00526
115	0.01895	0.01396	0.01496	0.01147	0.01546	0.01546	0.00947	0.77711	0.02344	0.03141	0.01197	0.01197	0.00848	0.00598	0.00499	0.00150	0.00548	0.00449	0.00499	0.00848
116	0.01375	0.57905	0.14422	0.00937	0.01400	0.01650	0.00980	0.01604	0.01074	0.11095	0.00995	0.01053	0.02714	0.00479	0.00373	0.00122	0.00544	0.00332	0.00270	0.00675
117	0.01015	0.04393	0.71221	0.01442	0.02144	0.01173	0.07177	0.01567	0.01066	0.01577	0.02222	0.01112	0.00709	0.00478	0.00480	0.00157	0.00731	0.00391	0.00219	0.00725
118	0.01146	0.01286	0.02755	0.02028	0.04338	0.01224	0.69405	0.01537	0.01151	0.01569	0.01084	0.05434	0.00883	0.00493	0.00621	0.00171	0.03335	0.00622	0.00262	0.00658
119	0.01746	0.01219	0.01362	0.01072	0.01423	0.01337	0.00880	0.59652	0.02032	0.09416	0.01284	0.01355	0.00941	0.01074	0.12576	0.00248	0.00657	0.00466	0.00474	0.00787
120	0.01115	0.01063	0.01809	0.34803	0.48557	0.01153	0.01471	0.01426	0.01079	0.01484	0.00917	0.01272	0.00739	0.00466	0.00495	0.00155	0.00621	0.00444	0.00236	0.00694
121	0.01228	0.01201	0.02120	0.02958	0.71260	0.01192	0.09565	0.01537	0.01139	0.01625	0.00945	0.01245	0.00786	0.00442	0.00503	0.00150	0.00618	0.00459	0.00247	0.00777
122	0.03735	0.00891	0.01153	0.00891	0.01264	0.00814	0.00734	0.10300	0.01495	0.66627	0.01846	0.01634	0.01182	0.00610	0.00490	0.00152	0.00428	0.00490	0.04440	0.00825
123	0.01112	0.00838	0.00941	0.00818	0.00968	0.03331	0.02655	0.23708	0.01262	0.01674	0.01484	0.07947	0.01522	0.41793	0.07477	0.00368	0.00575	0.00661	0.00366	0.00501
124	0.01025	0.14507	0.61431	0.01267	0.01904	0.01222	0.01575	0.01511	0.01077	0.01553	0.07579	0.01244	0.00982	0.00513	0.00460	0.00150	0.00663	0.00399	0.00240	0.00699
125	0.00958	0.00899	0.01509	0.68924	0.11676	0.01084	0.01356	0.01275	0.01013	0.01314	0.01022	0.03586	0.02251	0.00536	0.00503	0.00165	0.00638	0.00481	0.00235	0.00573
126	0.00653	0.00523	0.00580	0.00572	0.00716	0.00468	0.00423	0.00852	0.04221	0.01537	0.25077	0.09209	0.48052	0.04088	0.00658	0.00179	0.00264	0.01003	0.00483	0.00444
127	0.01464	0.11149	0.09399	0.01119	0.02524	0.14072	0.00967	0.25231	0.14416	0.02003	0.01445	0.03389	0.06134	0.00641	0.00523	0.00150	0.03806	0.00481	0.00380	0.00707
128	0.00659	0.00508	0.00602	0.00578	0.00716	0.00450	0.00434	0.00850	0.01301	0.01737	0.49437	0.04153	0.34539	0.01117	0.00588	0.00161	0.00242	0.00962	0.00514	0.00450
129	0.01059	0.07917	0.01169	0.00748	0.01190	0.00777	0.00613	0.01275	0.01032	0.01585	0.00869	0.01014	0.00730	0.00374	0.00365	0.00077	0.00383	0.00293	0.00288	0.78242
130	0.01209	0.01157	0.01961	0.09736	0.71361	0.01179	0.01503	0.01529	0.02601	0.01607	0.00954	0.01254	0.00793	0.00453	0.00494	0.00150	0.00595	0.00446	0.00250	0.00769
131	0.00683	0.00585	0.00699	0.00783	0.07476	0.00533	0.00531	0.00840	0.01153	0.01440	0.11925	0.04313	0.58439	0.01162	0.00618	0.00170	0.02772	0.04969	0.00445	0.00463
132	0.00813	0.00684	0.00813	0.00802	0.00891	0.07457	0.00602	0.00959	0.00842	0.01132	0.01324	0.02072	0.01283	0.15855	0.61363	0.00693	0.01164	0.00546	0.00272	0.00434
133	0.01091	0.01091	0.01527	0.01309	0.01309	0.01527	0.01091	0.01200	0.00763	0.01200	0.00654	0.01091	0.00654	0.00872	0.01636	0.00218	0.81570	0.00436	0.00218	0.00545
134	0.01034	0.00886	0.01034	0.00738	0.01181	0.00664	0.00591	0.01255	0.01034	0.01624	0.00886	0.01034	0.00738	0.00369	0.00369	0.00074	0.00369	0.00295	0.00295	0.85530
135	0.00715	0.00479	0.00547	0.00557	0.00559	0.00477	0.00316	0.00722	0.00745	0.00993	0.01672	0.10035	0.01940	0.75535	0.02374	0.00459	0.00467	0.00784	0.00316	0.00311
136	0.00595	0.00497	0.00519	0.00531	0.00682	0.00421	0.00392	0.00721	0.01124	0.01360	0.07312	0.13804	0.67755	0.01289	0.00595	0.00172	0.00256	0.01089	0.00466	0.00421
137	0.00930	0.00760	0.01030	0.05113	0.01167	0.02329	0.06042	0.03610	0.08638	0.01694	0.22533	0.08326	0.02239	0.01179	0.09998	0.00239	0.09347	0.01709	0.12584	0.00533
138	0.83874	0.00961	0.00743	0.00661	0.00972	0.01108	0.00545	0.01490	0.00863	0.04206	0.00726	0.00832	0.00557	0.00467	0.00313	0.00154	0.00387	0.00276	0.00316	0.00548

[dist]
# distance from previous block
# <min> <max>
0	1

[block]
# block no. 4 follows, 50 sequences, length 27
# corresponding to MSA columns:
# 372-398
name=unknown_E
#
# <colnr> <probs for GDERKNQSTAVLIFYWHMCP>
#	G	D	E	R	K	N	Q	S	T	A	V	L	I	F	Y	W	H	M	C	P
0	0.01073	0.07910	0.01207	0.02252	0.01118	0.15263	0.00771	0.01190	0.00907	0.01144	0.01046	0.01699	0.01040	0.17733	0.22615	0.00401	0.21409	0.00485	0.00254	0.00484
1	0.17190	0.03488	0.01347	0.01255	0.06205	0.54010	0.00913	0.05594	0.01331	0.03229	0.00812	0.00933	0.00655	0.00505	0.00427	0.00136	0.00752	0.00328	0.00285	0.00604
2	0.01076	0.08750	0.64959	0.04477	0.04722	0.01218	0.01694	0.02877	0.01081	0.03393	0.00910	0.01067	0.00656	0.00475	0.00464	0.00154	0.00702	0.00370	0.00227	0.00728
3	0.01516	0.01766	0.01353	0.06897	0.09961	0.48114	0.00964	0.01788	0.08443	0.01324	0.01011	0.01308	0.00871	0.07575	0.04836	0.00202	0.00790	0.00410	0.00281	0.00589
4	0.00874	0.00547	0.00691	0.00708	0.00828	0.00510	0.00509	0.01079	0.05857	0.11921	0.12323	0.47180	0.12483	0.01277	0.00598	0.00184	0.00302	0.01133	0.00497	0.00498
5	0.01554	0.01837	0.10397	0.01256	0.01606	0.38031	0.08855	0.06712	0.09327	0.06997	0.01398	0.01453	0.07191	0.00590	0.00491	0.00146	0.00714	0.00459	0.00334	0.00651
6	0.01769	0.01017	0.01531	0.01541	0.20367	0.00970	0.07560	0.11340	0.01421	0.40215	0.01582	0.05943	0.01151	0.00608	0.00514	0.00156	0.00509	0.00539	0.00472	0.00794
7	0.00666	0.00478	0.00644	0.00757	0.00815	0.00456	0.00563	0.00797	0.01018	0.01341	0.02775	0.56964	0.05176	0.01498	0.00651	0.00210	0.00340	0.23968	0.00462	0.00422
8	0.01061	0.00908	0.01212	0.01065	0.01308	0.05692	0.12913	0.08841	0.05160	0.04371	0.02593	0.03711	0.18684	0.01009	0.00602	0.00187	0.00506	0.29192	0.00426	0.00560
9	0.01597	0.04322	0.23161	0.01187	0.03622	0.05892	0.04165	0.09200	0.01355	0.30355	0.02484	0.01720	0.01125	0.00619	0.00504	0.00158	0.00577	0.06791	0.00418	0.00747
10	0.01126	0.04696	0.59014	0.01579	0.09988	0.06074	0.04598	0.04383	0.01134	0.01608	0.00901	0.01071	0.00661	0.00474	0.00475	0.00154	0.00723	0.00382	0.00229	0.00731
11	0.01259	0.01022	0.01147	0.07745	0.01464	0.01172	0.00836	0.02458	0.64268	0.06762	0.01952	0.01949	0.01484	0.00685	0.00513	0.00170	0.00421	0.03443	0.00488	0.00760
12	0.67498	0.01098	0.00897	0.00769	0.01092	0.04358	0.00630	0.15222	0.01140	0.02359	0.00788	0.00883	0.00599	0.00489	0.00348	0.00152	0.00435	0.00304	0.00341	0.00597
13	0.01665	0.00731	0.00971	0.00799	0.01081	0.00655	0.00638	0.01908	0.04200	0.49576	0.21637	0.07165	0.02255	0.00778	0.00526	0.00157	0.00360	0.00660	0.03526	0.00709
14	0.01034	0.00980	0.01662	0.56545	0.27450	0.01132	0.01430	0.01355	0.01040	0.01386	0.00902	0.01299	0.00704	0.00481	0.00497	0.00160	0.00642	0.00443	0.00229	0.00628
15	0.00600	0.00505	0.00519	0.00516	0.00680	0.00425	0.00387	0.00736	0.01161	0.01405	0.11709	0.04700	0.72474	0.01240	0.00589	0.00167	0.00251	0.01038	0.00471	0.00425
16	0.01725	0.02061	0.01440	0.01277	0.01499	0.59602	0.00985	0.08208	0.01374	0.01378	0.00785	0.00958	0.00662	0.00586	0.00668	0.00146	0.15429	0.00353	0.00270	0.00595
17	0.00643	0.00507	0.00579	0.00561	0.00706	0.00444	0.00421	0.00819	0.01262	0.01646	0.39096	0.04303	0.44937	0.01150	0.00589	0.00163	0.00245	0.00983	0.00502	0.00444
18	0.01034	0.00886	0.01034	0.00738	0.01181	0.00664	0.00591	0.01255	0.01034	0.01624	0.00886	0.01034	0.00738	0.00369	0.00369	0.00074	0.00369	0.00295	0.00295	0.85530
19	0.01034	0.00886	0.01034	0.00738	0.01181	0.00664	0.00591	0.01255	0.01034	0.01624	0.00886	0.01034	0.00738	0.00369	0.00369	0.00074	0.00369	0.00295	0.00295	0.85530
20	0.01466	0.00975	0.01479	0.01110	0.01513	0.00870	0.17318	0.01850	0.09794	0.27354	0.03004	0.03386	0.01132	0.00537	0.00486	0.00136	0.00487	0.00495	0.00424	0.26183
21	0.01856	0.01393	0.01573	0.01198	0.01602	0.01531	0.05036	0.73649	0.02281	0.03059	0.01187	0.01205	0.00843	0.00589	0.00503	0.00151	0.00564	0.00456	0.00485	0.00838
22	0.00865	0.00634	0.00846	0.00886	0.07427	0.00617	0.00607	0.01209	0.09002	0.04783	0.58582	0.03243	0.03801	0.00947	0.00603	0.02195	0.00297	0.02406	0.00512	0.00536
23	0.01077	0.01141	0.02142	0.01675	0.04323	0.04383	0.46888	0.01408	0.01166	0.01533	0.01657	0.02467	0.07765	0.00696	0.00612	0.00177	0.02063	0.15882	0.00312	0.02630
24	0.01331	0.01451	0.07758	0.04360	0.42517	0.11616	0.09576	0.09123	0.01296	0.01722	0.03806	0.01278	0.00900	0.00491	0.00501	0.00149	0.00655	0.00455	0.00281	0.00733
25	0.01445	0.70287	0.02406	0.00886	0.01297	0.07349	0.00850	0.01606	0.01075	0.07774	0.00805	0.00882	0.00690	0.00449	0.00344	0.00112	0.00549	0.00290	0.00250	0.00653
26	0.01026	0.08820	0.73886	0.01376	0.02089	0.01221	0.01765	0.01572	0.01049	0.01547	0.00879	0.01033	0.00632	0.00470	0.00462	0.00154	0.00721	0.00360	0.00211	0.00729

[dist]
# distance from previous block
# <min> <max>
0	9

[block]
# block no. 5 follows, 50 sequences, length 129
# corresponding to MSA columns:
# 408-477,480-497,518-558
name=unknown_F
#
# <colnr> <probs for GDERKNQSTAVLIFYWHMCP>
#	G	D	E	R	K	N	Q	S	T	A	V	L	I	F	Y	W	H	M	C	P
0	0.00624	0.00496	0.00523	0.00523	0.00670	0.00422	0.00385	0.00707	0.01076	0.01287	0.04529	0.04389	0.69430	0.01321	0.00758	0.10783	0.00275	0.00975	0.00432	0.00395
1	0.00954	0.00772	0.00855	0.00783	0.00978	0.00822	0.00595	0.04270	0.33479	0.01908	0.28154	0.02980	0.13724	0.06666	0.00689	0.00186	0.00333	0.00754	0.00500	0.00597
2	0.00591	0.00505	0.00508	0.00507	0.00675	0.00422	0.00380	0.00720	0.01141	0.01359	0.06498	0.04776	0.77715	0.01258	0.00589	0.00168	0.00252	0.01049	0.00465	0.00422
3	0.01818	0.00918	0.01232	0.01168	0.10962	0.00874	0.00834	0.06924	0.10357	0.48200	0.05023	0.01929	0.03535	0.00661	0.00513	0.00158	0.00438	0.03124	0.00538	0.00794
4	0.86003	0.00964	0.00733	0.00655	0.00964	0.01118	0.00540	0.01465	0.00848	0.02236	0.00694	0.00810	0.00540	0.00463	0.00308	0.00154	0.00386	0.00270	0.00308	0.00540
5	0.01044	0.10276	0.62555	0.01351	0.01965	0.01284	0.01651	0.01523	0.01013	0.01492	0.00845	0.01032	0.00635	0.00519	0.00603	0.00160	0.10772	0.00367	0.00212	0.00703
6	0.01198	0.01142	0.01920	0.12704	0.66642	0.01177	0.01480	0.01545	0.04371	0.01603	0.00977	0.01272	0.00805	0.00461	0.00495	0.00151	0.00593	0.00449	0.00255	0.00760
7	0.01142	0.19337	0.54960	0.01315	0.01941	0.07458	0.04195	0.01593	0.01076	0.01466	0.00847	0.00998	0.00638	0.00465	0.00443	0.00145	0.00710	0.00351	0.00216	0.00702
8	0.64519	0.11138	0.01029	0.00716	0.01049	0.01191	0.00608	0.03147	0.00963	0.10649	0.00844	0.00914	0.00635	0.00478	0.00335	0.00148	0.00412	0.00299	0.00334	0.00593
9	0.00691	0.00509	0.00646	0.00612	0.00736	0.00464	0.00459	0.00913	0.01377	0.01918	0.69898	0.03857	0.13967	0.01049	0.00588	0.00158	0.00237	0.00920	0.00538	0.00464
10	0.01148	0.00860	0.01446	0.01185	0.01444	0.02125	0.23351	0.03485	0.03036	0.15364	0.03570	0.32848	0.02032	0.00970	0.00590	0.00181	0.00504	0.04842	0.00428	0.00591
11	0.01803	0.00945	0.01183	0.03157	0.01330	0.05088	0.03520	0.09033	0.03727	0.47202	0.09384	0.04574	0.03758	0.00705	0.00521	0.00157	0.00455	0.02172	0.00540	0.00746
12	0.02046	0.00806	0.01096	0.00855	0.01207	0.00700	0.00700	0.02244	0.01425	0.70051	0.11563	0.01949	0.01665	0.00667	0.00512	0.00155	0.00401	0.00551	0.00608	0.00801
13	0.01177	0.01151	0.02010	0.02720	0.62887	0.01136	0.10891	0.01488	0.01998	0.01608	0.01276	0.01529	0.06839	0.00507	0.00513	0.00152	0.00595	0.00510	0.00267	0.00747
14	0.01608	0.04688	0.15119	0.02864	0.13025	0.01048	0.14450	0.03543	0.02887	0.33614	0.01381	0.01408	0.00947	0.00524	0.00503	0.00155	0.00585	0.00475	0.00402	0.00775
15	0.01149	0.01346	0.13785	0.17505	0.42925	0.01172	0.07385	0.03626	0.01971	0.01596	0.00974	0.01312	0.00784	0.00480	0.00502	0.00156	0.00641	0.01717	0.00250	0.00724
16	0.00608	0.00495	0.00539	0.00551	0.00691	0.00425	0.00404	0.00744	0.01147	0.01426	0.15058	0.16431	0.57197	0.01274	0.00596	0.00172	0.00256	0.01087	0.00475	0.00425
17	0.00921	0.02753	0.51816	0.01352	0.07726	0.00971	0.01446	0.01345	0.01037	0.01501	0.01390	0.20959	0.01348	0.00758	0.00518	0.00169	0.00607	0.02451	0.00281	0.00652
18	0.01868	0.01179	0.06020	0.01216	0.02797	0.04203	0.14197	0.13264	0.01481	0.44178	0.01584	0.01517	0.01983	0.00576	0.00526	0.00156	0.01480	0.00499	0.00486	0.00791
19	0.00648	0.00555	0.00649	0.10574	0.01032	0.00514	0.00523	0.00811	0.01140	0.01392	0.10176	0.04306	0.61530	0.01152	0.00580	0.00169	0.00308	0.03059	0.00439	0.00442
20	0.00834	0.00695	0.01122	0.00993	0.01137	0.00780	0.10219	0.03767	0.00899	0.01278	0.01261	0.01858	0.01160	0.06128	0.60315	0.00654	0.05601	0.00540	0.00272	0.00488
21	0.01122	0.01503	0.22608	0.15329	0.37368	0.01172	0.04434	0.01589	0.07057	0.01591	0.01004	0.01254	0.00782	0.00478	0.00494	0.00156	0.00637	0.00438	0.00253	0.00732
22	0.01179	0.29508	0.37257	0.01397	0.09414	0.03021	0.04940	0.03665	0.01094	0.01478	0.00875	0.02463	0.00710	0.00476	0.00432	0.00140	0.00648	0.00372	0.00230	0.00700
23	0.00773	0.00554	0.00766	0.00876	0.00981	0.00548	0.00745	0.00982	0.01129	0.01472	0.04278	0.15087	0.04497	0.01390	0.00678	0.00223	0.00429	0.63679	0.00461	0.00452
24	0.01211	0.02233	0.54721	0.01445	0.06289	0.10972	0.03696	0.01672	0.01147	0.07648	0.03704	0.01195	0.00834	0.00506	0.00481	0.00154	0.00710	0.00402	0.00263	0.00717
25	0.01270	0.03562	0.05843	0.03658	0.65699	0.02444	0.02428	0.06104	0.01203	0.01693	0.00942	0.01208	0.00777	0.00456	0.00488	0.00148	0.00604	0.00436	0.00259	0.00779
