[name]
unknown

[dist]
# distance from previous block
# <min> <max>
0	41

[block]
# block no. 0 follows, 60 sequences, length 57
# corresponding to MSA columns:
# 42-98
name=unknown_A
#
# <colnr> <probs for GDERKNQSTAVLIFYWHMCP>
#	G	D	E	R	K	N	Q	S	T	A	V	L	I	F	Y	W	H	M	C	P
0	0.00852	0.00806	0.01368	0.71203	0.07625	0.00971	0.04581	0.01167	0.03018	0.01168	0.00843	0.01255	0.00655	0.00452	0.00443	0.00146	0.00574	0.02160	0.00208	0.00505
1	0.01012	0.00976	0.01690	0.23339	0.58006	0.01022	0.05031	0.01284	0.00964	0.01344	0.00812	0.01105	0.00661	0.00400	0.00437	0.00134	0.00545	0.00394	0.00210	0.00633
2	0.01641	0.01332	0.01310	0.01057	0.03160	0.12214	0.00842	0.68227	0.01918	0.02495	0.00992	0.01013	0.00717	0.00511	0.00430	0.00128	0.00522	0.00378	0.00403	0.00709
3	0.00528	0.00441	0.00461	0.00465	0.00603	0.00374	0.00349	0.00646	0.01004	0.01218	0.09622	0.07590	0.71050	0.01104	0.00519	0.00149	0.00226	0.02870	0.00410	0.00371
4	0.00532	0.00483	0.02295	0.00482	0.00633	0.00388	0.00379	0.00654	0.00987	0.01186	0.04167	0.07291	0.73468	0.01104	0.00519	0.00151	0.00239	0.04269	0.00400	0.00375
5	0.87753	0.00843	0.00641	0.00574	0.00843	0.00978	0.00472	0.01282	0.00742	0.01957	0.00607	0.00709	0.00472	0.00405	0.00270	0.00135	0.00337	0.00236	0.00270	0.00472
6	0.00806	0.00496	0.00601	0.00582	0.00652	0.00488	0.00403	0.04001	0.00861	0.08685	0.08187	0.05692	0.01886	0.50699	0.01530	0.00317	0.00391	0.12050	0.01309	0.00365
7	0.00646	0.00471	0.00605	0.00564	0.00675	0.00443	0.00425	0.02305	0.02970	0.01769	0.78532	0.03183	0.03994	0.00878	0.00511	0.00137	0.00214	0.00775	0.00479	0.00424
8	0.00875	0.02256	0.82413	0.01243	0.01888	0.01013	0.01611	0.01381	0.00921	0.01381	0.00783	0.00921	0.00552	0.00414	0.00414	0.00138	0.00645	0.00322	0.00184	0.00645
9	0.00539	0.00385	0.00514	0.00616	0.00644	0.00361	0.00418	0.00620	0.00842	0.01122	0.02400	0.80987	0.02869	0.01359	0.00559	0.00178	0.00259	0.04568	0.00405	0.00356
10	0.01060	0.00912	0.00965	0.00875	0.01112	0.01053	0.00678	0.02242	0.77629	0.01793	0.01803	0.05269	0.01400	0.00626	0.00449	0.00149	0.00341	0.00526	0.00442	0.00676
11	0.00526	0.00441	0.00457	0.00455	0.00596	0.00372	0.00340	0.00645	0.01015	0.01233	0.11923	0.05321	0.73010	0.01088	0.00516	0.00147	0.00220	0.00912	0.00412	0.00372
12	0.00599	0.00445	0.00558	0.00530	0.00640	0.00404	0.00397	0.00788	0.01191	0.01647	0.67871	0.03426	0.18030	0.00930	0.00515	0.00139	0.00208	0.00812	0.00467	0.00404
13	0.00904	0.00775	0.00904	0.00646	0.01034	0.00581	0.00517	0.01098	0.00904	0.01421	0.00775	0.00904	0.00646	0.00323	0.00323	0.00065	0.00323	0.00258	0.00258	0.87339
14	0.00861	0.00782	0.00797	0.00778	0.00901	0.11413	0.02214	0.05951	0.14289	0.01363	0.05950	0.45005	0.03849	0.01001	0.00527	0.00158	0.02442	0.00873	0.00384	0.00465
15	0.01092	0.01027	0.01497	0.29894	0.37730	0.05960	0.01181	0.10450	0.04270	0.01466	0.00860	0.01108	0.00677	0.00432	0.00432	0.00135	0.00545	0.00386	0.00243	0.00615
16	0.01140	0.54949	0.22805	0.00914	0.01341	0.10066	0.00979	0.01371	0.00932	0.01122	0.00659	0.00766	0.00558	0.00392	0.00326	0.00107	0.00546	0.00261	0.00190	0.00576
17	0.01329	0.01426	0.01190	0.05886	0.07578	0.36482	0.00841	0.07620	0.23911	0.01424	0.01032	0.01118	0.00814	0.00546	0.00505	0.03966	0.03089	0.00371	0.00298	0.00574
18	0.00534	0.00383	0.00507	0.00602	0.00632	0.00357	0.00404	0.00615	0.00852	0.01137	0.05188	0.79912	0.04571	0.01345	0.00554	0.00175	0.00251	0.01218	0.00407	0.00357
19	0.00878	0.00833	0.01413	0.59966	0.17800	0.00959	0.04286	0.01158	0.00902	0.01198	0.00817	0.02617	0.00649	0.00436	0.00435	0.00139	0.00558	0.00402	0.00206	0.04347
20	0.00653	0.00535	0.00666	0.00691	0.02162	0.02657	0.00492	0.00783	0.02399	0.01186	0.13063	0.32910	0.11779	0.08107	0.11206	0.00253	0.08863	0.00852	0.00353	0.00390
21	0.00531	0.00439	0.00465	0.00466	0.00600	0.00374	0.00347	0.00653	0.01019	0.01255	0.15210	0.08657	0.66300	0.01090	0.00518	0.00148	0.00221	0.00920	0.00416	0.00374
22	0.00952	0.00929	0.02548	0.38316	0.38462	0.01034	0.01250	0.01213	0.00908	0.01252	0.00777	0.01103	0.00630	0.00445	0.00527	0.00142	0.08345	0.00387	0.00203	0.00579
23	0.00531	0.00380	0.00506	0.00607	0.00633	0.00354	0.00405	0.00607	0.00835	0.01113	0.02404	0.84388	0.02885	0.01366	0.00557	0.00177	0.00253	0.01240	0.00405	0.00354
24	0.01629	0.02079	0.01236	0.01124	0.01348	0.82921	0.00843	0.01742	0.01236	0.01067	0.00674	0.00787	0.00562	0.00449	0.00393	0.00112	0.00787	0.00281	0.00225	0.00506
25	0.03079	0.00735	0.00972	0.00754	0.01073	0.00653	0.00620	0.04741	0.01244	0.72410	0.01660	0.01469	0.01062	0.00535	0.00426	0.00132	0.00362	0.00432	0.06927	0.00714
26	0.01053	0.01009	0.01723	0.11004	0.73830	0.01029	0.01325	0.01315	0.00981	0.01393	0.00816	0.01088	0.00680	0.00393	0.00432	0.00131	0.00525	0.00388	0.00214	0.00670
27	0.01029	0.01176	0.02574	0.01838	0.02279	0.01103	0.80368	0.01397	0.01029	0.01397	0.00882	0.01176	0.00662	0.00368	0.00515	0.00147	0.00735	0.00515	0.00221	0.00588
28	0.00832	0.00446	0.00466	0.00462	0.00570	0.00451	0.00351	0.04628	0.00966	0.01636	0.01496	0.06189	0.01255	0.00585	0.00337	0.00111	0.00227	0.03822	0.74748	0.00419
29	0.00857	0.00793	0.01308	0.80345	0.02938	0.00984	0.01196	0.04265	0.00919	0.01179	0.00786	0.01158	0.00588	0.00440	0.00436	0.00145	0.00577	0.00388	0.00203	0.00495
30	0.00531	0.00442	0.00463	0.00458	0.00599	0.00375	0.00343	0.00656	0.01030	0.01264	0.16073	0.04056	0.70066	0.01072	0.00515	0.00146	0.00219	0.00901	0.00416	0.00375
31	0.00623	0.00467	0.00701	0.00701	0.00779	0.00545	0.00545	0.00779	0.00701	0.01012	0.01168	0.01713	0.01090	0.03271	0.82944	0.00701	0.01168	0.00467	0.00234	0.00389
32	0.00941	0.00856	0.01375	0.63950	0.14245	0.01016	0.01193	0.08818	0.01003	0.01317	0.00808	0.01140	0.00613	0.00438	0.00435	0.00142	0.00562	0.00388	0.00220	0.00539
33	0.00612	0.00446	0.00576	0.00543	0.00649	0.00409	0.00408	0.00813	0.01223	0.01721	0.77940	0.03304	0.07914	0.00902	0.00514	0.00138	0.00207	0.00795	0.00476	0.00409
34	0.00801	0.00538	0.00591	0.00558	0.00694	0.00540	0.00422	0.09757	0.05910	0.01640	0.16056	0.12734	0.16105	0.00795	0.00433	0.00131	0.00252	0.00673	0.30919	0.00448
35	0.00540	0.00387	0.00505	0.00592	0.00623	0.00361	0.00395	0.00618	0.00844	0.01125	0.05511	0.73976	0.05389	0.06108	0.00649	0.00189	0.00260	0.01177	0.00400	0.00352
36	0.01609	0.05724	0.01282	0.01107	0.01338	0.79349	0.00838	0.01722	0.01221	0.01066	0.00671	0.00783	0.00562	0.00446	0.00388	0.00112	0.00772	0.00279	0.00223	0.00508
37	0.01136	0.76400	0.10557	0.00798	0.01199	0.01652	0.00836	0.01314	0.00890	0.01063	0.00625	0.00722	0.00559	0.00377	0.00294	0.00098	0.00485	0.00242	0.00186	0.00568
38	0.01088	0.01979	0.01140	0.00962	0.03032	0.04154	0.08776	0.13509	0.31119	0.04180	0.17999	0.01874	0.05397	0.00633	0.00482	0.00141	0.01982	0.00543	0.00407	0.00604
39	0.00647	0.00445	0.00598	0.00604	0.00682	0.00486	0.00454	0.00792	0.00764	0.01133	0.01528	0.06965	0.06721	0.08934	0.50253	0.00496	0.00806	0.00547	0.16767	0.00379
40	0.00890	0.02152	0.74697	0.01301	0.01926	0.01022	0.09222	0.01383	0.00931	0.01383	0.00792	0.00946	0.00563	0.00410	0.00424	0.00139	0.00653	0.00341	0.00188	0.00639
41	0.01779	0.00703	0.00955	0.00746	0.01052	0.00611	0.00611	0.01953	0.01246	0.71575	0.12332	0.01720	0.01482	0.00586	0.00449	0.00135	0.00349	0.00485	0.00532	0.00698
42	0.02656	0.05630	0.12425	0.00980	0.04497	0.07503	0.06910	0.01323	0.06773	0.01389	0.00831	0.00965	0.00668	0.00393	0.00409	0.00101	0.03734	0.00314	0.00248	0.42250
43	0.00637	0.00428	0.00495	0.00500	0.00507	0.00432	0.00296	0.00652	0.00653	0.00873	0.01407	0.02896	0.01605	0.77516	0.05603	0.00425	0.00454	0.04076	0.00269	0.00276
44	0.00962	0.01082	0.05469	0.01495	0.01823	0.01040	0.51353	0.01311	0.05268	0.01356	0.05724	0.01388	0.00946	0.05344	0.02075	0.00177	0.11883	0.00510	0.00245	0.00549
45	0.00623	0.00467	0.00701	0.00701	0.00779	0.00545	0.00545	0.00779	0.00701	0.01012	0.01168	0.01713	0.01090	0.03271	0.82944	0.00701	0.01168	0.00467	0.00234	0.00389
46	0.00640	0.00423	0.00479	0.00479	0.00484	0.00425	0.00273	0.00651	0.00646	0.00878	0.01371	0.02782	0.01557	0.79657	0.04163	0.00418	0.00434	0.00622	0.03346	0.00272
47	0.01166	0.84935	0.02285	0.00746	0.01119	0.01726	0.00746	0.01306	0.00886	0.01026	0.00606	0.00700	0.00560	0.00373	0.00280	0.00093	0.00466	0.00233	0.00187	0.00560
48	0.00904	0.00775	0.00904	0.00646	0.01034	0.00581	0.00517	0.01098	0.00904	0.01421	0.00775	0.00904	0.00646	0.00323	0.00323	0.00065	0.00323	0.00258	0.00258	0.87339
49	0.00634	0.00424	0.00483	0.00483	0.00486	0.00427	0.00274	0.00639	0.00637	0.00851	0.01367	0.02815	0.01569	0.81858	0.05010	0.00432	0.00449	0.00628	0.00263	0.00269
50	0.00607	0.00482	0.00734	0.00742	0.00823	0.00456	0.08247	0.00750	0.02530	0.01196	0.05381	0.63971	0.04355	0.01217	0.00551	0.00173	0.00310	0.06697	0.00390	0.00390
51	0.01195	0.73600	0.02146	0.04336	0.01222	0.09263	0.00775	0.01338	0.00918	0.01034	0.00620	0.00728	0.00561	0.00383	0.00297	0.00097	0.00501	0.00244	0.00190	0.00551
52	0.00529	0.00442	0.00460	0.00456	0.00597	0.00374	0.00342	0.00651	0.01025	0.01252	0.14353	0.04077	0.71794	0.01077	0.00515	0.00146	0.00219	0.00904	0.00415	0.00374
53	0.00902	0.00504	0.00521	0.00493	0.00625	0.00521	0.00376	0.05109	0.08451	0.03552	0.01461	0.03052	0.01149	0.00533	0.00332	0.00109	0.00235	0.00429	0.71188	0.00456
54	0.00996	0.01113	0.02368	0.01713	0.02106	0.01070	0.70382	0.01336	0.01009	0.01382	0.04341	0.01269	0.00817	0.00494	0.02904	0.00165	0.05217	0.00518	0.00230	0.00569
55	0.50133	0.04447	0.07338	0.00852	0.05410	0.09290	0.00699	0.07485	0.00969	0.08740	0.00769	0.00846	0.00576	0.00429	0.00330	0.00131	0.00436	0.00285	0.00288	0.00548
56	0.01175	0.57948	0.13089	0.00931	0.04408	0.09174	0.00893	0.01411	0.04119	0.02341	0.00708	0.00802	0.00602	0.00398	0.00324	0.00105	0.00517	0.00269	0.00206	0.00579

[dist]
# distance from previous block
# <min> <max>
0	1

[block]
# block no. 1 follows, 60 sequences, length 36
# corresponding to MSA columns:
# 100-119,145-160
name=unknown_B
#
# <colnr> <probs for GDERKNQSTAVLIFYWHMCP>
#	G	D	E	R	K	N	Q	S	T	A	V	L	I	F	Y	W	H	M	C	P
0	0.05180	0.03443	0.15665	0.02027	0.49120	0.12774	0.01250	0.02986	0.01022	0.01408	0.00782	0.00983	0.00636	0.00405	0.00412	0.00128	0.00568	0.00351	0.00218	0.00644
1	0.01075	0.05180	0.13806	0.01213	0.01579	0.05611	0.23667	0.04270	0.32932	0.01583	0.03720	0.01334	0.01011	0.00490	0.00451	0.00141	0.00532	0.00456	0.00317	0.00631
2	0.00843	0.00786	0.01303	0.67441	0.10421	0.00935	0.01155	0.01119	0.00878	0.01156	0.00798	0.01166	0.00619	0.00558	0.04279	0.00165	0.00589	0.00384	0.00201	0.05203
3	0.01609	0.01151	0.01280	0.01055	0.05288	0.01258	0.00826	0.65581	0.06209	0.08403	0.01129	0.01120	0.00801	0.00522	0.00435	0.00132	0.00463	0.00401	0.01605	0.00732
4	0.00531	0.00380	0.00506	0.00607	0.00633	0.00354	0.00405	0.00607	0.00835	0.01113	0.02404	0.84388	0.02885	0.01366	0.00557	0.00177	0.00253	0.01240	0.00405	0.00354
5	0.00942	0.17914	0.62759	0.01129	0.01701	0.01152	0.01397	0.01418	0.05259	0.01338	0.00803	0.00917	0.00596	0.00416	0.00390	0.00130	0.00594	0.00315	0.00199	0.00631
6	0.00950	0.04844	0.00963	0.00765	0.00929	0.03240	0.07798	0.06288	0.08068	0.08917	0.14681	0.05724	0.01739	0.26784	0.06186	0.00261	0.00460	0.00588	0.00348	0.00466
7	0.00623	0.00427	0.00510	0.00516	0.00532	0.00435	0.00316	0.00653	0.00664	0.00894	0.01474	0.08044	0.03242	0.65666	0.13826	0.00442	0.00516	0.00655	0.00272	0.00290
8	0.03285	0.01173	0.01259	0.03201	0.01360	0.02773	0.00822	0.69860	0.01911	0.04414	0.01099	0.01230	0.00819	0.00550	0.00440	0.00134	0.00479	0.04057	0.00423	0.00709
9	0.01234	0.02065	0.01395	0.02530	0.26459	0.20084	0.05868	0.03416	0.14439	0.05814	0.03168	0.01168	0.00873	0.00454	0.00420	0.00124	0.00529	0.00388	0.00290	0.09282
10	0.01089	0.00855	0.03170	0.00941	0.04809	0.07355	0.03113	0.11160	0.01076	0.12075	0.01413	0.10500	0.01326	0.05055	0.11859	0.00240	0.07445	0.11623	0.04377	0.00517
11	0.00954	0.00954	0.01336	0.01145	0.01145	0.01336	0.00954	0.01050	0.00668	0.01050	0.00573	0.00954	0.00573	0.00763	0.01431	0.00191	0.83874	0.00382	0.00191	0.00477
12	0.00547	0.00402	0.00563	0.00640	0.00678	0.00381	0.02265	0.00634	0.00833	0.01115	0.02309	0.78463	0.02746	0.01435	0.04538	0.00202	0.00308	0.01186	0.00392	0.00361
13	0.01532	0.03820	0.12723	0.00968	0.02898	0.14067	0.00850	0.12506	0.09263	0.31995	0.02621	0.01294	0.02435	0.00519	0.00426	0.00131	0.00489	0.00403	0.00394	0.00666
14	0.05056	0.00735	0.00978	0.00764	0.01085	0.00652	0.00630	0.02031	0.02668	0.73597	0.04133	0.01587	0.01185	0.00561	0.00438	0.00137	0.00365	0.02160	0.00523	0.00714
15	0.01942	0.00766	0.01027	0.00787	0.01125	0.00676	0.00650	0.05992	0.01288	0.78331	0.01687	0.01463	0.01063	0.00539	0.00438	0.00135	0.00376	0.00436	0.00535	0.00742
16	0.00892	0.00986	0.05820	0.03972	0.05501	0.00885	0.45799	0.02298	0.00987	0.01340	0.02703	0.17455	0.02378	0.02580	0.00554	0.00160	0.00580	0.04309	0.00273	0.00527
17	0.01011	0.00989	0.01765	0.09464	0.41511	0.00990	0.21182	0.05160	0.01034	0.01423	0.01138	0.03572	0.06294	0.00520	0.01901	0.00148	0.00561	0.00481	0.00244	0.00612
18	0.00801	0.00654	0.00734	0.00677	0.00847	0.00691	0.00518	0.01429	0.35125	0.01699	0.36677	0.02701	0.14098	0.00795	0.00485	0.00143	0.00267	0.00682	0.00454	0.00524
19	0.01163	0.79060	0.06603	0.00774	0.01161	0.01669	0.00791	0.01324	0.00894	0.02394	0.00634	0.00725	0.00568	0.00378	0.00290	0.00096	0.00474	0.00241	0.00192	0.00567
20	0.00990	0.00776	0.00915	0.00661	0.01042	0.00597	0.00530	0.01204	0.02619	0.07745	0.00870	0.00965	0.00694	0.00346	0.00335	0.00072	0.00327	0.00277	0.00284	0.78750
21	0.01166	0.84935	0.02285	0.00746	0.01119	0.01726	0.00746	0.01306	0.00886	0.01026	0.00606	0.00700	0.00560	0.00373	0.00280	0.00093	0.00466	0.00233	0.00187	0.00560
22	0.01252	0.01470	0.03604	0.05085	0.01283	0.44193	0.02360	0.02824	0.01112	0.02218	0.11267	0.06261	0.01191	0.00646	0.01881	0.00142	0.10809	0.00437	0.01475	0.00490
23	0.01560	0.01880	0.01204	0.01087	0.01317	0.68558	0.00828	0.07983	0.05018	0.01248	0.00836	0.01050	0.00708	0.00499	0.00409	0.00120	0.00723	0.04184	0.00260	0.00528
24	0.08072	0.00977	0.01032	0.00878	0.03577	0.10699	0.00686	0.16237	0.02764	0.38785	0.03044	0.01405	0.01013	0.00538	0.00418	0.00132	0.00430	0.02828	0.05832	0.00653
25	0.87753	0.00843	0.00641	0.00574	0.00843	0.00978	0.00472	0.01282	0.00742	0.01957	0.00607	0.00709	0.00472	0.00405	0.00270	0.00135	0.00337	0.00236	0.00270	0.00472
26	0.00875	0.02256	0.82413	0.01243	0.01888	0.01013	0.01611	0.01381	0.00921	0.01381	0.00783	0.00921	0.00552	0.00414	0.00414	0.00138	0.00645	0.00322	0.00184	0.00645
27	0.00534	0.00381	0.00508	0.00606	0.00633	0.00356	0.00405	0.00613	0.00846	0.01131	0.04565	0.82178	0.02918	0.01353	0.00556	0.00176	0.00252	0.01228	0.00407	0.00356
28	0.00642	0.00477	0.00608	0.00589	0.00681	0.00468	0.00439	0.00793	0.01063	0.03444	0.43556	0.18373	0.17232	0.02717	0.00624	0.00156	0.06451	0.00854	0.00428	0.00403
29	0.00547	0.00441	0.00487	0.00479	0.00609	0.00381	0.00358	0.00685	0.01062	0.01349	0.27804	0.06390	0.55781	0.01048	0.00516	0.00145	0.00217	0.00890	0.00428	0.00381
30	0.01031	0.00990	0.03716	0.01198	0.01511	0.00973	0.30150	0.12001	0.20113	0.01713	0.12382	0.03298	0.02532	0.00584	0.00487	0.00145	0.00495	0.04414	0.00352	0.01915
31	0.00557	0.00440	0.00503	0.00501	0.00622	0.00386	0.00375	0.00700	0.01065	0.01374	0.30960	0.10073	0.46722	0.01054	0.00521	0.00147	0.00223	0.02964	0.00431	0.00383
32	0.00909	0.00779	0.00907	0.00652	0.01036	0.00595	0.00521	0.01130	0.03008	0.01432	0.00801	0.00923	0.00664	0.00330	0.00326	0.00067	0.00324	0.00265	0.00263	0.85067
33	0.01042	0.07479	0.06695	0.00747	0.01127	0.02047	0.02231	0.03738	0.00986	0.08976	0.02761	0.03280	0.00816	0.00404	0.00356	0.00088	0.00377	0.00326	0.00287	0.56236
34	0.03262	0.26010	0.53431	0.01110	0.01657	0.01222	0.04996	0.01358	0.00911	0.01295	0.00732	0.00863	0.00558	0.00400	0.00376	0.00126	0.00589	0.00303	0.00189	0.00613
35	0.13940	0.00739	0.00915	0.00726	0.01031	0.00682	0.00593	0.03934	0.01164	0.61046	0.01704	0.03704	0.05409	0.01854	0.00449	0.00141	0.00359	0.00459	0.00484	0.00666

[dist]
# distance from previous block
# <min> <max>
0	2

[block]
# block no. 2 follows, 60 sequences, length 33
# corresponding to MSA columns:
# 163-195
name=unknown_C
#
# <colnr> <probs for GDERKNQSTAVLIFYWHMCP>
#	G	D	E	R	K	N	Q	S	T	A	V	L	I	F	Y	W	H	M	C	P
0	0.01508	0.00934	0.03805	0.00914	0.02652	0.05095	0.03688	0.15509	0.07215	0.37073	0.01384	0.01413	0.00987	0.03082	0.12460	0.00224	0.00552	0.00434	0.00417	0.00653
1	0.03632	0.01089	0.04704	0.01142	0.03302	0.05616	0.01924	0.10053	0.04818	0.01332	0.00722	0.01002	0.00639	0.00724	0.02806	0.00183	0.55164	0.00380	0.00236	0.00531
2	0.00628	0.00466	0.00626	0.00674	0.00746	0.00448	0.02536	0.04589	0.00941	0.01244	0.04332	0.57607	0.07606	0.02880	0.00586	0.00180	0.00299	0.12827	0.00400	0.00387
3	0.00572	0.00444	0.00521	0.00502	0.00624	0.00392	0.00376	0.00736	0.01129	0.01498	0.47679	0.03672	0.38315	0.00985	0.00515	0.00142	0.00212	0.00847	0.00447	0.00392
4	0.21922	0.01039	0.07894	0.04117	0.01457	0.00950	0.18157	0.11725	0.01143	0.23647	0.03104	0.01164	0.00816	0.00463	0.00415	0.00138	0.00483	0.00399	0.00349	0.00618
5	0.00886	0.08913	0.73164	0.01176	0.01782	0.01049	0.01498	0.01350	0.00920	0.01346	0.00890	0.01012	0.03265	0.00434	0.00407	0.00135	0.00616	0.00335	0.00192	0.00628
6	0.83210	0.00909	0.00672	0.00603	0.00870	0.05301	0.00492	0.01306	0.00768	0.01910	0.00611	0.00713	0.00477	0.00407	0.00276	0.00134	0.00361	0.00239	0.00268	0.00474
7	0.00899	0.00847	0.01382	0.48745	0.10223	0.00973	0.09004	0.01343	0.14060	0.01329	0.06041	0.01364	0.00945	0.00479	0.00450	0.00144	0.00528	0.00443	0.00258	0.00544
8	0.40411	0.01003	0.00945	0.00864	0.06348	0.08698	0.00645	0.11320	0.02169	0.11958	0.00857	0.00918	0.00638	0.00439	0.00360	0.00125	0.01647	0.00304	0.00317	0.10035
9	0.00542	0.00391	0.00510	0.00596	0.00634	0.00364	0.00405	0.00628	0.00864	0.01147	0.06431	0.71384	0.07663	0.03436	0.00595	0.00180	0.00257	0.03212	0.00405	0.00357
10	0.00851	0.00800	0.01332	0.74890	0.08853	0.00978	0.01204	0.01170	0.03476	0.01161	0.00811	0.01172	0.00614	0.00438	0.00436	0.00144	0.00569	0.00391	0.00204	0.00507
11	0.00550	0.00440	0.00492	0.00486	0.00612	0.00382	0.00362	0.00690	0.01064	0.01362	0.29702	0.08396	0.51826	0.01049	0.00517	0.00146	0.00218	0.00895	0.00430	0.00382
12	0.56578	0.00915	0.00849	0.05055	0.01085	0.01037	0.00601	0.20068	0.01089	0.06270	0.00795	0.00871	0.00586	0.00444	0.00328	0.00134	0.00383	0.00295	0.02068	0.00549
13	0.00533	0.00440	0.00468	0.00466	0.00601	0.00375	0.00348	0.00657	0.01027	0.01269	0.16991	0.07407	0.65751	0.01081	0.00517	0.00147	0.00220	0.00912	0.00417	0.00375
14	0.00875	0.02256	0.82413	0.01243	0.01888	0.01013	0.01611	0.01381	0.00921	0.01381	0.00783	0.00921	0.00552	0.00414	0.00414	0.00138	0.00645	0.00322	0.00184	0.00645
15	0.00634	0.00425	0.00487	0.00487	0.00491	0.00429	0.00278	0.00641	0.00638	0.00854	0.01364	0.02798	0.01561	0.80689	0.06170	0.00436	0.00459	0.00626	0.00263	0.00270
16	0.01658	0.01222	0.01309	0.01003	0.01353	0.01353	0.00829	0.80497	0.02051	0.02749	0.01047	0.01047	0.00742	0.00524	0.00436	0.00131	0.00480	0.00393	0.00436	0.00742
17	0.00558	0.00402	0.00526	0.00617	0.00654	0.00379	0.00421	0.02156	0.00868	0.01153	0.02427	0.78026	0.04889	0.01338	0.00555	0.00176	0.00262	0.03823	0.00405	0.00364
18	0.00875	0.02256	0.82413	0.01243	0.01888	0.01013	0.01611	0.01381	0.00921	0.01381	0.00783	0.00921	0.00552	0.00414	0.00414	0.00138	0.00645	0.00322	0.00184	0.00645
19	0.01232	0.12697	0.04685	0.01439	0.01822	0.19091	0.42430	0.08724	0.01146	0.01399	0.00812	0.01007	0.00630	0.00402	0.00446	0.00130	0.00684	0.00408	0.00236	0.00582
20	0.00904	0.00775	0.00904	0.00646	0.01034	0.00581	0.00517	0.01098	0.00904	0.01421	0.00775	0.00904	0.00646	0.00323	0.00323	0.00065	0.00323	0.00258	0.00258	0.87339
21	0.01118	0.01125	0.03730	0.03154	0.06406	0.01058	0.55196	0.10234	0.01140	0.05590	0.01040	0.03170	0.02361	0.00434	0.00492	0.00143	0.00643	0.00505	0.00268	0.02195
22	0.80983	0.00849	0.00667	0.00590	0.00859	0.00980	0.00485	0.05164	0.00812	0.01986	0.00653	0.00752	0.00504	0.00414	0.00279	0.00134	0.00340	0.00249	0.02817	0.00484
23	0.87753	0.00843	0.00641	0.00574	0.00843	0.00978	0.00472	0.01282	0.00742	0.01957	0.00607	0.00709	0.00472	0.00405	0.00270	0.00135	0.00337	0.00236	0.00270	0.00472
24	0.00584	0.00442	0.00541	0.00541	0.00649	0.00399	0.00408	0.00747	0.01104	0.01478	0.44378	0.12032	0.27399	0.01028	0.00525	0.00149	0.00229	0.06532	0.00444	0.00392
25	0.00957	0.00963	0.01382	0.01171	0.01187	0.01327	0.03921	0.01063	0.00681	0.01063	0.00584	0.00963	0.00576	0.00749	0.01397	0.00189	0.80768	0.00387	0.00192	0.00481
26	0.00634	0.00423	0.00476	0.00476	0.00476	0.00423	0.00264	0.00634	0.00634	0.00846	0.01374	0.02854	0.01586	0.84672	0.02220	0.00423	0.00423	0.00634	0.00264	0.00264
27	0.00684	0.00461	0.00605	0.00560	0.00675	0.00423	0.00423	0.00888	0.01235	0.05788	0.77708	0.03169	0.03963	0.00874	0.00511	0.00137	0.00214	0.00771	0.00483	0.00428
28	0.00560	0.00441	0.00506	0.00495	0.00618	0.00386	0.00369	0.00710	0.01091	0.01422	0.37773	0.07253	0.44773	0.01024	0.00517	0.00144	0.00216	0.00877	0.00437	0.00386
29	0.00893	0.00765	0.00900	0.00652	0.01020	0.00590	0.00521	0.01086	0.00913	0.01427	0.04166	0.01004	0.00790	0.00356	0.00354	0.00070	0.02055	0.00283	0.00266	0.81887
30	0.01147	0.22773	0.21678	0.03071	0.01391	0.20463	0.00947	0.01410	0.02669	0.02381	0.01953	0.00894	0.00651	0.00408	0.00361	0.00107	0.00555	0.00292	0.00223	0.16624
31	0.24982	0.05097	0.00749	0.00644	0.02932	0.04207	0.00490	0.01340	0.10917	0.06071	0.01278	0.01403	0.03929	0.03222	0.00395	0.00131	0.00321	0.00384	0.31015	0.00492
32	0.02749	0.13334	0.52009	0.01142	0.04205	0.02288	0.01295	0.09081	0.02644	0.01485	0.00800	0.00915	0.00596	0.00417	0.00391	0.00127	0.00572	0.00317	0.00222	0.05411

[dist]
# distance from previous block
# <min> <max>
1	5

[block]
# block no. 3 follows, 60 sequences, length 14
# corresponding to MSA columns:
# 201-214
name=unknown_D
#
# <colnr> <probs for GDERKNQSTAVLIFYWHMCP>
#	G	D	E	R	K	N	Q	S	T	A	V	L	I	F	Y	W	H	M	C	P
0	0.01175	0.06306	0.16305	0.00955	0.01307	0.03799	0.00881	0.13232	0.40844	0.04799	0.01333	0.01291	0.00990	0.00517	0.00420	0.00135	0.00442	0.00412	0.00367	0.04490
1	0.00750	0.00621	0.00794	0.00844	0.05177	0.02813	0.02466	0.01056	0.13214	0.01278	0.01857	0.34935	0.01980	0.02519	0.10003	0.00227	0.00441	0.12250	0.00359	0.06416
2	0.01303	0.00842	0.04123	0.01006	0.02718	0.00761	0.16080	0.02797	0.09941	0.33197	0.11465	0.06053	0.01470	0.00752	0.05271	0.00174	0.00472	0.00542	0.00415	0.00620
3	0.00872	0.04910	0.55749	0.01102	0.01635	0.00920	0.04460	0.01275	0.00920	0.01358	0.00919	0.05502	0.00765	0.00474	0.00413	0.00129	0.00560	0.03121	0.00217	0.14698
4	0.04868	0.01113	0.01276	0.39229	0.15764	0.21154	0.01045	0.01274	0.00974	0.01193	0.00880	0.07643	0.00773	0.00504	0.00427	0.00137	0.00584	0.00422	0.00225	0.00514
5	0.43307	0.00874	0.00856	0.04473	0.01064	0.00971	0.00598	0.20882	0.01142	0.10847	0.00933	0.01003	0.00683	0.00517	0.01994	0.00143	0.00391	0.00324	0.08435	0.00561
6	0.01755	0.00792	0.01015	0.00790	0.01103	0.00738	0.00648	0.15483	0.01385	0.59508	0.10595	0.01608	0.01363	0.00577	0.00447	0.00135	0.00371	0.00470	0.00515	0.00705
7	0.00954	0.00954	0.01336	0.01145	0.01145	0.01336	0.00954	0.01050	0.00668	0.01050	0.00573	0.00954	0.00573	0.00763	0.01431	0.00191	0.83874	0.00382	0.00191	0.00477
8	0.00690	0.00499	0.00703	0.03559	0.00947	0.00503	0.00690	0.00881	0.00983	0.01279	0.02267	0.12803	0.02483	0.01195	0.00592	0.00197	0.00393	0.68542	0.00395	0.00400
9	0.00630	0.00438	0.00551	0.00551	0.00577	0.00464	0.00359	0.00683	0.00657	0.00902	0.01305	0.02471	0.01419	0.57338	0.29326	0.00516	0.00673	0.00578	0.00254	0.00306
10	0.01121	0.00955	0.01007	0.00895	0.01148	0.01102	0.00699	0.07314	0.76108	0.01884	0.01729	0.01590	0.01294	0.00587	0.00443	0.00147	0.00354	0.00487	0.00443	0.00694
11	0.00782	0.00689	0.00772	0.00759	0.00857	0.11128	0.00594	0.00936	0.00806	0.01083	0.01192	0.01817	0.01119	0.02485	0.57835	0.00530	0.03742	0.06646	0.05818	0.00409
12	0.35713	0.00807	0.00749	0.00639	0.00880	0.02603	0.00516	0.17094	0.01108	0.08844	0.01033	0.01115	0.00771	0.00472	0.00330	0.00124	0.00339	0.00336	0.25996	0.00530
13	0.00810	0.00744	0.01003	0.00911	0.00954	0.03631	0.00732	0.00930	0.00700	0.01024	0.00885	0.01383	0.00855	0.05724	0.38734	0.00432	0.39476	0.00429	0.00215	0.00428

[dist]
# distance from previous block
# <min> <max>
1	3

[block]
# block no. 4 follows, 60 sequences, length 129
# corresponding to MSA columns:
# 218-231,234-241,246-352
name=unknown_E
#
# <colnr> <probs for GDERKNQSTAVLIFYWHMCP>
#	G	D	E	R	K	N	Q	S	T	A	V	L	I	F	Y	W	H	M	C	P
0	0.01636	0.01173	0.01248	0.00974	0.01309	0.03615	0.00798	0.63356	0.08968	0.10658	0.01169	0.01135	0.00823	0.00529	0.00436	0.00132	0.00466	0.00403	0.00441	0.00730
1	0.00824	0.00775	0.01308	0.83624	0.03004	0.00969	0.01211	0.01114	0.00872	0.01114	0.00775	0.01163	0.00581	0.00436	0.00436	0.00145	0.00581	0.00388	0.00194	0.00484
2	0.00537	0.00384	0.00513	0.00614	0.00642	0.00359	0.00415	0.00618	0.00841	0.01120	0.02401	0.81630	0.02872	0.01361	0.00558	0.00178	0.00258	0.03939	0.00405	0.00356
3	0.00758	0.00379	0.00568	0.00568	0.00568	0.00379	0.00379	0.00568	0.00568	0.00758	0.00758	0.01326	0.00758	0.01515	0.01705	0.87311	0.00379	0.00379	0.00189	0.00189
4	0.00634	0.00423	0.00476	0.00476	0.00476	0.00423	0.00264	0.00634	0.00634	0.00846	0.01374	0.02854	0.01586	0.84672	0.02220	0.00423	0.00423	0.00634	0.00264	0.00264
5	0.00904	0.00775	0.00904	0.00646	0.01034	0.00581	0.00517	0.01098	0.00904	0.01421	0.00775	0.00904	0.00646	0.00323	0.00323	0.00065	0.00323	0.00258	0.00258	0.87339
6	0.00813	0.00407	0.00407	0.00407	0.00508	0.00407	0.00305	0.01016	0.00915	0.01626	0.01423	0.01626	0.01118	0.00508	0.00305	0.00102	0.00203	0.00407	0.87093	0.00407
7	0.00600	0.00445	0.00559	0.00531	0.00641	0.00404	0.00398	0.00790	0.01194	0.01653	0.68720	0.03416	0.17177	0.00927	0.00515	0.00139	0.00208	0.00811	0.00467	0.00404
8	0.01166	0.84935	0.02285	0.00746	0.01119	0.01726	0.00746	0.01306	0.00886	0.01026	0.00606	0.00700	0.00560	0.00373	0.00280	0.00093	0.00466	0.00233	0.00187	0.00560
9	0.01658	0.01222	0.01309	0.01003	0.01353	0.01353	0.00829	0.80497	0.02051	0.02749	0.01047	0.01047	0.00742	0.00524	0.00436	0.00131	0.00480	0.00393	0.00436	0.00742
10	0.00631	0.00437	0.00546	0.00546	0.00570	0.00461	0.00351	0.00679	0.00655	0.00897	0.01310	0.02500	0.01432	0.59398	0.27284	0.00509	0.00654	0.00582	0.00255	0.00303
11	0.01957	0.00742	0.01012	0.00776	0.01113	0.00641	0.00641	0.02126	0.01248	0.82254	0.01721	0.01484	0.01080	0.00540	0.00439	0.00135	0.00371	0.00439	0.00540	0.00742
12	0.00911	0.12498	0.72487	0.01182	0.01792	0.01101	0.01504	0.01372	0.00917	0.01337	0.00761	0.00893	0.00553	0.00409	0.00398	0.00133	0.00622	0.00311	0.00184	0.00634
13	0.00914	0.00784	0.00909	0.00659	0.01039	0.00608	0.00526	0.01162	0.05078	0.01442	0.00827	0.00942	0.00682	0.00337	0.00329	0.00069	0.00324	0.00271	0.00268	0.82833
14	0.00813	0.00407	0.00407	0.00407	0.00508	0.00407	0.00305	0.01016	0.00915	0.01626	0.01423	0.01626	0.01118	0.00508	0.00305	0.00102	0.00203	0.00407	0.87093	0.00407
15	0.01085	0.00937	0.00986	0.00888	0.01134	0.01085	0.00690	0.02318	0.81164	0.01824	0.01775	0.01627	0.01331	0.00592	0.00444	0.00148	0.00345	0.00493	0.00444	0.00690
16	0.00758	0.00379	0.00568	0.00568	0.00568	0.00379	0.00379	0.00568	0.00568	0.00758	0.00758	0.01326	0.00758	0.01515	0.01705	0.87311	0.00379	0.00379	0.00189	0.00189
17	0.01047	0.05547	0.01730	0.14469	0.65966	0.01064	0.01288	0.01304	0.00970	0.01358	0.00802	0.01071	0.00668	0.00395	0.00424	0.00130	0.00525	0.00380	0.00211	0.00653
18	0.00531	0.00380	0.00506	0.00607	0.00633	0.00354	0.00405	0.00607	0.00835	0.01113	0.02404	0.84388	0.02885	0.01366	0.00557	0.00177	0.00253	0.01240	0.00405	0.00354
19	0.00875	0.02256	0.82413	0.01243	0.01888	0.01013	0.01611	0.01381	0.00921	0.01381	0.00783	0.00921	0.00552	0.00414	0.00414	0.00138	0.00645	0.00322	0.00184	0.00645
20	0.00629	0.00422	0.00482	0.00487	0.00490	0.00422	0.00277	0.00636	0.00646	0.00863	0.01421	0.06908	0.01640	0.78801	0.03827	0.00416	0.00430	0.00661	0.00271	0.00271
21	0.01085	0.00937	0.00986	0.00888	0.01134	0.01085	0.00690	0.02318	0.81164	0.01824	0.01775	0.01627	0.01331	0.00592	0.00444	0.00148	0.00345	0.00493	0.00444	0.00690
22	0.00616	0.00446	0.00581	0.00547	0.00651	0.00411	0.00410	0.00820	0.01231	0.01740	0.80493	0.03273	0.05349	0.00895	0.00514	0.00137	0.00206	0.00791	0.00479	0.00411
23	0.01166	0.84935	0.02285	0.00746	0.01119	0.01726	0.00746	0.01306	0.00886	0.01026	0.00606	0.00700	0.00560	0.00373	0.00280	0.00093	0.00466	0.00233	0.00187	0.00560
24	0.00987	0.23456	0.47348	0.01369	0.15895	0.01202	0.01339	0.01354	0.00925	0.01297	0.00744	0.00892	0.00579	0.00399	0.00383	0.00125	0.00576	0.00311	0.00190	0.00631
25	0.01419	0.01398	0.05414	0.01064	0.04552	0.25785	0.00839	0.28417	0.06747	0.04338	0.00979	0.01110	0.00766	0.03796	0.00560	0.00141	0.06818	0.00373	0.04882	0.00604
26	0.00655	0.00467	0.00645	0.00743	0.00821	0.00460	0.00613	0.00818	0.00950	0.01244	0.02314	0.26267	0.02591	0.03078	0.00626	0.00199	0.00362	0.56361	0.00399	0.00386
27	0.01075	0.00927	0.00978	0.00881	0.01124	0.01071	0.00685	0.02287	0.79539	0.01823	0.03400	0.01660	0.01388	0.00598	0.00445	0.00148	0.00342	0.00499	0.00445	0.00685
28	0.01925	0.00735	0.01002	0.00771	0.01102	0.00636	0.00636	0.02095	0.01248	0.80345	0.03617	0.01527	0.01152	0.00548	0.00440	0.00135	0.00367	0.00447	0.00538	0.00734
29	0.00601	0.00445	0.00561	0.00532	0.00642	0.00405	0.00399	0.00792	0.01197	0.01660	0.69658	0.03404	0.16234	0.00925	0.00515	0.00139	0.00208	0.00809	0.00468	0.00405
30	0.01667	0.01208	0.01300	0.00997	0.01346	0.01332	0.00824	0.78231	0.02027	0.05047	0.01067	0.01060	0.00751	0.00524	0.00436	0.00131	0.00477	0.00394	0.00439	0.00742
31	0.00924	0.00633	0.00519	0.00504	0.00622	0.11599	0.00378	0.01115	0.00958	0.01550	0.01321	0.01512	0.01042	0.00500	0.00317	0.00103	0.00282	0.00389	0.75311	0.00420
32	0.87753	0.00843	0.00641	0.00574	0.00843	0.00978	0.00472	0.01282	0.00742	0.01957	0.00607	0.00709	0.00472	0.00405	0.00270	0.00135	0.00337	0.00236	0.00270	0.00472
33	0.01062	0.55455	0.30855	0.00923	0.01393	0.01472	0.01055	0.01333	0.00899	0.01153	0.00669	0.00778	0.00557	0.00388	0.00328	0.00109	0.00530	0.00265	0.00186	0.00590
34	0.00531	0.00380	0.00506	0.00607	0.00633	0.00354	0.00405	0.00607	0.00835	0.01113	0.02404	0.84388	0.02885	0.01366	0.00557	0.00177	0.00253	0.01240	0.00405	0.00354
35	0.00625	0.00488	0.00604	0.00586	0.00707	0.00458	0.01860	0.00861	0.06829	0.01475	0.38085	0.13391	0.24890	0.02342	0.00547	0.00154	0.00249	0.05000	0.00435	0.00413
36	0.00906	0.11246	0.73700	0.01189	0.01804	0.01090	0.01517	0.01373	0.00917	0.01343	0.00764	0.00897	0.00553	0.00410	0.00400	0.00133	0.00625	0.00313	0.00184	0.00635
37	0.00622	0.00455	0.00584	0.00550	0.00658	0.00423	0.00413	0.00843	0.02784	0.01725	0.76672	0.03268	0.07566	0.00895	0.00513	0.00138	0.00209	0.00789	0.00476	0.00415
38	0.02323	0.00453	0.00571	0.00539	0.00649	0.00419	0.00405	0.00813	0.01202	0.01699	0.72805	0.03297	0.11397	0.00902	0.00510	0.00138	0.00210	0.00790	0.00469	0.00409
39	0.00760	0.00517	0.00714	0.00712	0.00811	0.00558	0.00563	0.04243	0.00850	0.05538	0.01489	0.02577	0.01474	0.13217	0.44978	0.00492	0.00817	0.18977	0.00302	0.00410
40	0.01132	0.00926	0.00988	0.00882	0.01133	0.01061	0.00688	0.02307	0.76830	0.06186	0.01772	0.01619	0.01318	0.00589	0.00444	0.00147	0.00347	0.00490	0.00449	0.00693
41	0.00926	0.00775	0.00907	0.00649	0.01035	0.00583	0.00519	0.01120	0.00912	0.03114	0.00795	0.00917	0.00655	0.00328	0.00325	0.00066	0.00324	0.00262	0.00264	0.85525
42	0.01166	0.84935	0.02285	0.00746	0.01119	0.01726	0.00746	0.01306	0.00886	0.01026	0.00606	0.00700	0.00560	0.00373	0.00280	0.00093	0.00466	0.00233	0.00187	0.00560
43	0.00689	0.00535	0.00761	0.00808	0.00880	0.00574	0.02340	0.00842	0.00911	0.01217	0.02091	0.28656	0.02343	0.01181	0.00690	0.00191	0.10783	0.43735	0.00372	0.00401
44	0.00828	0.00783	0.01333	0.81995	0.02989	0.00972	0.02787	0.01120	0.00875	0.01120	0.00777	0.01163	0.00583	0.00435	0.00438	0.00145	0.00584	0.00390	0.00194	0.00487
45	0.00849	0.00805	0.01370	0.75217	0.09821	0.00977	0.02582	0.01139	0.00885	0.01146	0.00781	0.01156	0.00592	0.00431	0.00437	0.00144	0.00579	0.00390	0.00196	0.00504
46	0.01079	0.01036	0.01770	0.02677	0.81952	0.01036	0.01339	0.01339	0.00993	0.01425	0.00820	0.01079	0.00691	0.00389	0.00432	0.00130	0.00518	0.00389	0.00216	0.00691
47	0.01085	0.00937	0.00986	0.00888	0.01134	0.01085	0.00690	0.02318	0.81164	0.01824	0.01775	0.01627	0.01331	0.00592	0.00444	0.00148	0.00345	0.00493	0.00444	0.00690
48	0.00632	0.00432	0.00523	0.00523	0.00539	0.00448	0.00323	0.00664	0.00648	0.00880	0.01331	0.02616	0.01482	0.67707	0.19044	0.00481	0.00578	0.00599	0.00258	0.00290
49	0.00916	0.00899	0.01263	0.01094	0.01103	0.01246	0.00908	0.01019	0.00672	0.01045	0.00641	0.01041	0.00632	0.01050	0.10736	0.00249	0.74434	0.00391	0.00196	0.00467
50	0.00623	0.00467	0.00701	0.00701	0.00779	0.00545	0.00545	0.00779	0.00701	0.01012	0.01168	0.01713	0.01090	0.03271	0.82944	0.00701	0.01168	0.00467	0.00234	0.00389
51	0.02450	0.00790	0.00851	0.00740	0.00930	0.05200	0.00575	0.22686	0.07013	0.04727	0.36653	0.10476	0.03547	0.00777	0.00479	0.00139	0.00335	0.00659	0.00442	0.00532
52	0.00556	0.00399	0.00528	0.00590	0.00638	0.00371	0.00407	0.00669	0.00950	0.01296	0.25162	0.61110	0.03238	0.01230	0.00545	0.00166	0.00239	0.01110	0.00426	0.00371
53	0.01530	0.04068	0.01232	0.01039	0.01299	0.47634	0.00806	0.17847	0.15809	0.03123	0.00967	0.01002	0.00747	0.00490	0.00409	0.00122	0.00627	0.00344	0.00312	0.00593
54	0.00916	0.00743	0.00818	0.00752	0.00949	0.00809	0.00585	0.02690	0.46450	0.03423	0.19730	0.02477	0.12089	0.00753	0.00477	0.00148	0.00304	0.04867	0.00447	0.00575
55	0.00904	0.00775	0.00904	0.00646	0.01034	0.00581	0.00517	0.01098	0.00904	0.01421	0.00775	0.00904	0.00646	0.00323	0.00323	0.00065	0.00323	0.00258	0.00258	0.87339
56	0.01383	0.00716	0.00889	0.00742	0.00998	0.00695	0.00592	0.01833	0.21966	0.40698	0.19118	0.02015	0.05094	0.00652	0.00459	0.00139	0.00323	0.00548	0.00497	0.00642
57	0.00957	0.00499	0.00523	0.00482	0.00620	0.00505	0.00372	0.08175	0.01036	0.06557	0.01407	0.01566	0.01082	0.00511	0.00325	0.00106	0.00238	0.00407	0.74175	0.00457
58	0.01939	0.00771	0.01030	0.00790	0.01128	0.00683	0.00652	0.06798	0.01296	0.77514	0.01680	0.01458	0.01059	0.00539	0.00438	0.00135	0.00378	0.00436	0.00534	0.00742
59	0.00904	0.00775	0.00904	0.00646	0.01034	0.00581	0.00517	0.01098	0.00904	0.01421	0.00775	0.00904	0.00646	0.00323	0.00323	0.00065	0.00323	0.00258	0.00258	0.87339
60	0.01629	0.02079	0.01236	0.01124	0.01348	0.82921	0.00843	0.01742	0.01236	0.01067	0.00674	0.00787	0.00562	0.00449	0.00393	0.00112	0.00787	0.00281	0.00225	0.00506
61	0.00515	0.00442	0.00442	0.00442	0.00589	0.00368	0.00331	0.00626	0.00994	0.01178	0.04418	0.04197	0.81775	0.01105	0.00515	0.00147	0.00221	0.00920	0.00405	0.00368
62	0.03935	0.00795	0.01027	0.00791	0.01124	0.00728	0.00653	0.11299	0.01325	0.69546	0.01610	0.01417	0.01026	0.00534	0.00432	0.00134	0.00380	0.00428	0.02085	0.00730
63	0.00531	0.00380	0.00506	0.00607	0.00633	0.00354	0.00405	0.00607	0.00835	0.01113	0.02404	0.84388	0.02885	0.01366	0.00557	0.00177	0.00253	0.01240	0.00405	0.00354
64	0.01957	0.00742	0.01012	0.00776	0.01113	0.00641	0.00641	0.02126	0.01248	0.82254	0.01721	0.01484	0.01080	0.00540	0.00439	0.00135	0.00371	0.00439	0.00540	0.00742
65	0.00602	0.00445	0.00561	0.00532	0.00642	0.00405	0.00399	0.00793	0.01198	0.01661	0.69837	0.03402	0.16055	0.00924	0.00515	0.00139	0.00208	0.00809	0.00469	0.00405
66	0.87753	0.00843	0.00641	0.00574	0.00843	0.00978	0.00472	0.01282	0.00742	0.01957	0.00607	0.00709	0.00472	0.00405	0.00270	0.00135	0.00337	0.00236	0.00270	0.00472
67	0.00907	0.00782	0.00935	0.00668	0.01056	0.00591	0.01967	0.01104	0.00907	0.01421	0.00777	0.00909	0.00646	0.00324	0.00326	0.00066	0.00330	0.00263	0.00258	0.85763
68	0.00634	0.00423	0.00476	0.00476	0.00476	0.00423	0.00264	0.00634	0.00634	0.00846	0.01374	0.02854	0.01586	0.84672	0.02220	0.00423	0.00423	0.00634	0.00264	0.00264
69	0.00881	0.04068	0.80656	0.01232	0.01871	0.01029	0.01592	0.01380	0.00920	0.01373	0.00779	0.00916	0.00553	0.00413	0.00411	0.00137	0.00641	0.00320	0.00184	0.00643
70	0.00599	0.00514	0.00521	0.00507	0.00669	0.00473	0.00384	0.00873	0.12709	0.01273	0.04032	0.03822	0.70020	0.01030	0.00505	0.00147	0.00239	0.00858	0.00411	0.00415
71	0.00629	0.00445	0.00590	0.00590	0.00629	0.00485	0.00407	0.00707	0.00668	0.00930	0.01270	0.02276	0.01335	0.43444	0.43105	0.00564	0.00800	0.00550	0.00249	0.00328
72	0.00617	0.00446	0.00583	0.00549	0.00652	0.00412	0.00412	0.00823	0.01235	0.01749	0.81722	0.03258	0.04115	0.00892	0.00514	0.00137	0.00206	0.00789	0.00480	0.00412
73	0.01166	0.84935	0.02285	0.00746	0.01119	0.01726	0.00746	0.01306	0.00886	0.01026	0.00606	0.00700	0.00560	0.00373	0.00280	0.00093	0.00466	0.00233	0.00187	0.00560
74	0.00904	0.00775	0.00904	0.00646	0.01034	0.00581	0.00517	0.01098	0.00904	0.01421	0.00775	0.00904	0.00646	0.00323	0.00323	0.00065	0.00323	0.00258	0.00258	0.87339
75	0.00780	0.00682	0.00884	0.00820	0.00878	0.03591	0.00640	0.00952	0.05063	0.01044	0.01043	0.01627	0.01010	0.14389	0.40155	0.00462	0.24864	0.00462	0.00237	0.00416
76	0.00703	0.00502	0.00703	0.00803	0.00904	0.00502	0.00703	0.00904	0.01004	0.01305	0.02309	0.04920	0.02510	0.01205	0.00602	0.00201	0.00402	0.79016	0.00402	0.00402
77	0.01038	0.01095	0.01323	0.01142	0.01170	0.11520	0.00940	0.01136	0.00739	0.01052	0.00585	0.00933	0.00571	0.00724	0.01302	0.00181	0.73502	0.00369	0.00195	0.00481
78	0.00855	0.02158	0.77968	0.01200	0.01817	0.00978	0.01542	0.01340	0.00925	0.01370	0.00980	0.01098	0.04957	0.00452	0.00420	0.00139	0.00622	0.00355	0.00196	0.00630
79	0.00612	0.00446	0.00575	0.00543	0.00648	0.00409	0.00407	0.00812	0.01222	0.01718	0.77530	0.03309	0.08326	0.00903	0.00514	0.00138	0.00207	0.00796	0.00476	0.00409
80	0.01085	0.00937	0.00986	0.00888	0.01134	0.01085	0.00690	0.02318	0.81164	0.01824	0.01775	0.01627	0.01331	0.00592	0.00444	0.00148	0.00345	0.00493	0.00444	0.00690
81	0.00946	0.00943	0.01320	0.01134	0.01135	0.01317	0.00943	0.01041	0.00671	0.01051	0.00609	0.02597	0.00618	0.00775	0.01414	0.00191	0.82228	0.00399	0.00195	0.00475
82	0.00633	0.00429	0.00509	0.00509	0.00520	0.00441	0.00305	0.00655	0.00644	0.00870	0.01344	0.02687	0.01513	0.72777	0.14016	0.00463	0.00532	0.00610	0.00260	0.00283
83	0.00813	0.00407	0.00407	0.00407	0.00508	0.00407	0.00305	0.01016	0.00915	0.01626	0.01423	0.01626	0.01118	0.00508	0.00305	0.00102	0.00203	0.00407	0.87093	0.00407
84	0.00531	0.00380	0.00506	0.00607	0.00633	0.00354	0.00405	0.00607	0.00835	0.01113	0.02404	0.84388	0.02885	0.01366	0.00557	0.00177	0.00253	0.01240	0.00405	0.00354
85	0.00904	0.00775	0.00904	0.00646	0.01034	0.00581	0.00517	0.01098	0.00904	0.01421	0.00775	0.00904	0.00646	0.00323	0.00323	0.00065	0.00323	0.00258	0.00258	0.87339
86	0.16994	0.01201	0.01905	0.01432	0.01767	0.10978	0.46337	0.02667	0.00980	0.01445	0.00776	0.01018	0.00607	0.00429	0.00552	0.00145	0.09569	0.00419	0.00230	0.00548
87	0.00543	0.00388	0.00519	0.00621	0.00651	0.00364	0.00425	0.00627	0.00847	0.01126	0.02397	0.78982	0.02859	0.01355	0.00560	0.00179	0.00263	0.06530	0.00405	0.00357
88	0.00639	0.00459	0.00603	0.00682	0.00746	0.00449	0.00509	0.05021	0.00947	0.01255	0.02304	0.58100	0.02666	0.01276	0.00563	0.00181	0.00306	0.22499	0.00406	0.00388
89	0.00951	0.01002	0.10425	0.00875	0.01294	0.00716	0.10619	0.02215	0.02394	0.03081	0.00830	0.00967	0.00660	0.00351	0.00363	0.00087	0.00415	0.00307	0.00257	0.62192
90	0.00915	0.00749	0.00770	0.00734	0.00877	0.07249	0.00544	0.21106	0.02650	0.01548	0.02159	0.44918	0.11972	0.01031	0.00506	0.00156	0.00351	0.00893	0.00399	0.00473
91	0.00531	0.00380	0.00506	0.00607	0.00633	0.00354	0.00405	0.00607	0.00835	0.01113	0.02404	0.84388	0.02885	0.01366	0.00557	0.00177	0.00253	0.01240	0.00405	0.00354
92	0.01069	0.01025	0.01740	0.02549	0.75882	0.01013	0.02962	0.01327	0.00989	0.01424	0.00819	0.01072	0.00688	0.00385	0.00428	0.00126	0.00512	0.00384	0.00218	0.05387
93	0.01130	0.01161	0.00902	0.00821	0.00997	0.33693	0.00621	0.01389	0.08435	0.05265	0.38139	0.02033	0.02292	0.00670	0.00456	0.00128	0.00460	0.00541	0.00377	0.00490
94	0.01383	0.01051	0.01129	0.00932	0.01229	0.01178	0.00748	0.36561	0.42168	0.06591	0.01453	0.01365	0.01059	0.00559	0.00440	0.00140	0.00406	0.00446	0.00446	0.00716
95	0.01252	0.00632	0.00816	0.00687	0.00908	0.00590	0.00544	0.01563	0.10638	0.36611	0.37688	0.02298	0.02474	0.00704	0.00473	0.00137	0.00294	0.00602	0.00502	0.00587
96	0.00925	0.00879	0.01489	0.51458	0.31785	0.00997	0.02353	0.01222	0.02345	0.01244	0.00811	0.01141	0.00636	0.00421	0.00436	0.00140	0.00556	0.00392	0.00207	0.00565
