[name]
unknown

[dist]
# distance from previous block
# <min> <max>
0	43

[block]
# block no. 0 follows, 58 sequences, length 13
# corresponding to MSA columns:
# 48-60
name=unknown_A
#
# <colnr> <probs for GDERKNQSTAVLIFYWHMCP>
#	G	D	E	R	K	N	Q	S	T	A	V	L	I	F	Y	W	H	M	C	P
0	0.00721	0.00515	0.00721	0.00824	0.00927	0.00515	0.00721	0.00927	0.01030	0.01339	0.02368	0.05046	0.02574	0.01236	0.00618	0.00206	0.00412	0.78478	0.00412	0.00412
1	0.00912	0.06387	0.78018	0.01250	0.01897	0.01075	0.01609	0.01413	0.00943	0.01399	0.00794	0.00933	0.00567	0.00423	0.00418	0.00139	0.00652	0.00326	0.00189	0.00657
2	0.00915	0.00521	0.00692	0.00621	0.00775	0.00474	0.00483	0.01118	0.01259	0.17971	0.61759	0.03047	0.03519	0.00855	0.00516	0.00143	0.00254	0.04086	0.00501	0.00490
3	0.01292	0.67863	0.02126	0.00844	0.01196	0.18111	0.00785	0.01430	0.00982	0.01061	0.00636	0.00736	0.00574	0.00399	0.00311	0.00100	0.00545	0.00249	0.00199	0.00563
4	0.00638	0.00475	0.00694	0.00687	0.00772	0.00531	0.00531	0.00808	0.00830	0.01191	0.17405	0.02078	0.01746	0.02861	0.65910	0.00602	0.00998	0.00546	0.00291	0.00404
5	0.05431	0.01111	0.06774	0.00920	0.01271	0.01075	0.00796	0.40560	0.07482	0.21986	0.01501	0.01428	0.06460	0.00574	0.00445	0.00138	0.00441	0.00447	0.00446	0.00711
6	0.01459	0.07845	0.01420	0.01287	0.17510	0.04155	0.00886	0.33593	0.05308	0.11010	0.01059	0.01105	0.00785	0.00476	0.00420	0.00124	0.00474	0.00379	0.00365	0.10342
7	0.01262	0.01389	0.17425	0.00982	0.01324	0.14707	0.00899	0.08381	0.28610	0.10731	0.01594	0.01543	0.08017	0.00580	0.00446	0.00141	0.00496	0.00457	0.00370	0.00648
8	0.00876	0.00549	0.00705	0.00893	0.16911	0.00549	0.00524	0.01082	0.00934	0.01570	0.01331	0.01642	0.01091	0.06314	0.00475	0.00133	0.00289	0.00429	0.63234	0.00466
9	0.01084	0.58082	0.05461	0.00786	0.01099	0.07083	0.00741	0.01229	0.00925	0.01090	0.01008	0.17592	0.01057	0.00596	0.00359	0.00117	0.00465	0.00456	0.00239	0.00531
10	0.00922	0.05399	0.53569	0.01095	0.01600	0.00985	0.01291	0.01474	0.12253	0.02922	0.06674	0.01510	0.03948	0.00545	0.00443	0.00144	0.00547	0.03778	0.00272	0.00628
11	0.01065	0.01313	0.18015	0.02388	0.62777	0.01060	0.01408	0.01414	0.03588	0.01466	0.00865	0.01092	0.00701	0.00411	0.00440	0.00135	0.00552	0.00388	0.00222	0.00699
12	0.00530	0.00447	0.00459	0.00469	0.00608	0.00376	0.00347	0.00640	0.01004	0.01202	0.04333	0.11951	0.73789	0.01159	0.00533	0.00154	0.00230	0.00976	0.00415	0.00376

[dist]
# distance from previous block
# <min> <max>
0	2

[block]
# block no. 1 follows, 58 sequences, length 8
# corresponding to MSA columns:
# 63-70
name=unknown_B
#
# <colnr> <probs for GDERKNQSTAVLIFYWHMCP>
#	G	D	E	R	K	N	Q	S	T	A	V	L	I	F	Y	W	H	M	C	P
0	0.01006	0.01081	0.16358	0.00789	0.01233	0.00685	0.00754	0.01263	0.00958	0.07682	0.00872	0.00977	0.00679	0.00366	0.00358	0.00086	0.00398	0.00292	0.00273	0.63890
1	0.00932	0.02562	0.31389	0.02392	0.02575	0.00780	0.02485	0.04496	0.02533	0.08819	0.05496	0.13759	0.03885	0.11948	0.00716	0.00189	0.00483	0.03702	0.00315	0.00544
2	0.01109	0.00538	0.00628	0.00556	0.00726	0.00508	0.00430	0.04522	0.01045	0.21054	0.01862	0.01931	0.11871	0.00716	0.00525	0.08876	0.00283	0.00492	0.41840	0.00487
3	0.01048	0.01149	0.07383	0.05777	0.50343	0.01050	0.20611	0.01354	0.01017	0.01428	0.00989	0.01242	0.03663	0.00424	0.00466	0.00139	0.00586	0.00446	0.00227	0.00658
4	0.01127	0.05351	0.11050	0.01879	0.43062	0.03118	0.01156	0.13220	0.01208	0.01677	0.11678	0.01357	0.01162	0.00493	0.00444	0.00133	0.00502	0.00436	0.00287	0.00661
5	0.00639	0.00462	0.00593	0.00660	0.00734	0.00447	0.00494	0.00796	0.05350	0.01210	0.02574	0.40046	0.14644	0.01288	0.00674	0.07867	0.00309	0.20434	0.00397	0.00382
6	0.01819	0.00787	0.01121	0.01047	0.11931	0.00701	0.00742	0.02007	0.01244	0.67106	0.05497	0.01555	0.01205	0.00550	0.00453	0.00138	0.00393	0.00460	0.00506	0.00738
7	0.01486	0.00980	0.04792	0.07003	0.22992	0.00919	0.03733	0.08834	0.05278	0.34299	0.01348	0.01360	0.02354	0.00509	0.00469	0.00140	0.01973	0.00437	0.00389	0.00705

[dist]
# distance from previous block
# <min> <max>
1	3

[block]
# block no. 2 follows, 58 sequences, length 19
# corresponding to MSA columns:
# 74-92
name=unknown_C
#
# <colnr> <probs for GDERKNQSTAVLIFYWHMCP>
#	G	D	E	R	K	N	Q	S	T	A	V	L	I	F	Y	W	H	M	C	P
0	0.57859	0.12136	0.04232	0.00646	0.00930	0.03644	0.00566	0.01246	0.00834	0.01716	0.01091	0.03798	0.08830	0.00518	0.00324	0.00135	0.00377	0.00352	0.00279	0.00490
1	0.01304	0.01076	0.01564	0.04702	0.46636	0.05059	0.02787	0.14192	0.01234	0.10921	0.01061	0.01354	0.00854	0.00489	0.00454	0.00138	0.00522	0.04658	0.00307	0.00688
2	0.00605	0.00428	0.00525	0.00573	0.00614	0.00409	0.00385	0.00676	0.00832	0.01096	0.05870	0.34159	0.10254	0.32220	0.01205	0.00273	0.00334	0.08838	0.00365	0.00338
3	0.01107	0.01200	0.01415	0.01192	0.01298	0.18029	0.09504	0.01265	0.02858	0.01127	0.00734	0.01110	0.00684	0.05281	0.03128	0.00199	0.48749	0.00404	0.00218	0.00499
4	0.09907	0.39830	0.32792	0.00965	0.01436	0.05809	0.01084	0.01391	0.00927	0.01292	0.00695	0.00811	0.00562	0.00407	0.00345	0.00119	0.00553	0.00277	0.00201	0.00595
5	0.02007	0.00761	0.01038	0.00796	0.01142	0.00657	0.00657	0.02180	0.01280	0.81799	0.01765	0.01523	0.01107	0.00554	0.00450	0.00138	0.00381	0.00450	0.00554	0.00761
6	0.00539	0.00413	0.00494	0.00559	0.00632	0.00369	0.00387	0.00630	0.00917	0.01167	0.03238	0.54196	0.32251	0.01301	0.00555	0.00170	0.00247	0.01149	0.00415	0.00369
7	0.05804	0.54561	0.26869	0.00913	0.01376	0.01502	0.01024	0.01362	0.00912	0.01217	0.00678	0.00788	0.00567	0.00398	0.00329	0.00112	0.00528	0.00268	0.00195	0.00596
8	0.00992	0.01038	0.09734	0.01206	0.01531	0.02092	0.29492	0.06096	0.05620	0.05190	0.06317	0.05532	0.07851	0.00670	0.00508	0.00154	0.00526	0.11026	0.03865	0.00558
9	0.00558	0.00399	0.00534	0.00638	0.00669	0.00375	0.00438	0.00645	0.00869	0.01157	0.02458	0.78129	0.02930	0.01389	0.00574	0.00183	0.00271	0.07001	0.00415	0.00367
10	0.00554	0.00400	0.00538	0.00628	0.00663	0.00384	0.00428	0.00641	0.00847	0.01133	0.02394	0.73355	0.04975	0.01593	0.08930	0.00236	0.00354	0.01182	0.00397	0.00367
11	0.01546	0.00979	0.01488	0.01122	0.01473	0.02909	0.21965	0.14291	0.05172	0.35631	0.07505	0.01495	0.01175	0.00532	0.00476	0.00141	0.00495	0.00490	0.00431	0.00684
12	0.00549	0.00391	0.00518	0.00617	0.00642	0.00366	0.00409	0.00624	0.00848	0.01131	0.02422	0.80674	0.02904	0.04789	0.00641	0.00192	0.00267	0.01246	0.00409	0.00360
13	0.00897	0.02314	0.81962	0.01275	0.01936	0.01039	0.01653	0.01417	0.00944	0.01417	0.00803	0.00944	0.00567	0.00425	0.00425	0.00142	0.00661	0.00331	0.00189	0.00661
14	0.01107	0.01063	0.01816	0.02746	0.81489	0.01063	0.01373	0.01373	0.01019	0.01461	0.00841	0.01107	0.00709	0.00399	0.00443	0.00133	0.00531	0.00399	0.00221	0.00709
15	0.00966	0.01040	0.02162	0.01739	0.10100	0.00982	0.57099	0.01276	0.01015	0.01382	0.01188	0.16572	0.01105	0.00570	0.00527	0.00155	0.00640	0.00653	0.00261	0.00569
16	0.01122	0.00899	0.00983	0.00883	0.01125	0.01027	0.00690	0.02203	0.67406	0.06936	0.01754	0.01669	0.01324	0.00884	0.08827	0.00209	0.00442	0.00499	0.00440	0.00680
17	0.00845	0.00795	0.01342	0.83204	0.03081	0.00994	0.01242	0.01143	0.00894	0.01143	0.00795	0.01193	0.00596	0.00447	0.00447	0.00149	0.00596	0.00398	0.00199	0.00497
18	0.01061	0.00798	0.00889	0.00816	0.01027	0.00876	0.00625	0.01914	0.51926	0.09873	0.06105	0.16265	0.04337	0.00774	0.00481	0.00155	0.00329	0.00664	0.00459	0.00628

[dist]
# distance from previous block
# <min> <max>
1	15

[block]
# block no. 3 follows, 58 sequences, length 32
# corresponding to MSA columns:
# 108-139
name=unknown_D
#
# <colnr> <probs for GDERKNQSTAVLIFYWHMCP>
#	G	D	E	R	K	N	Q	S	T	A	V	L	I	F	Y	W	H	M	C	P
0	0.01243	0.79705	0.02269	0.00767	0.01148	0.01706	0.00759	0.01388	0.00930	0.05720	0.00688	0.00764	0.00605	0.00393	0.00296	0.00098	0.00473	0.00251	0.00212	0.00585
1	0.00835	0.00546	0.00748	0.00792	0.00932	0.00523	0.00680	0.01035	0.01055	0.08311	0.06859	0.06200	0.02443	0.01109	0.00580	0.00188	0.00389	0.60907	0.00420	0.05448
2	0.04294	0.00601	0.00798	0.00692	0.00880	0.00562	0.05069	0.02227	0.04481	0.14838	0.31617	0.04599	0.17760	0.00870	0.00557	0.04044	0.00307	0.03465	0.00440	0.01900
3	0.01633	0.01204	0.01287	0.00998	0.01341	0.01334	0.00821	0.72434	0.06600	0.02720	0.01132	0.01131	0.00811	0.00540	0.00443	0.00134	0.00473	0.00409	0.03811	0.00744
4	0.01047	0.00851	0.00898	0.00797	0.01036	0.00942	0.00621	0.06323	0.54165	0.01816	0.01905	0.01820	0.08160	0.00621	0.00435	0.00139	0.00330	0.00512	0.11947	0.05633
5	0.30848	0.01064	0.01074	0.00852	0.01181	0.01172	0.00703	0.44176	0.01551	0.11785	0.01002	0.01009	0.00707	0.00498	0.00390	0.00136	0.00430	0.00354	0.00402	0.00667
6	0.00859	0.00817	0.01403	0.78203	0.04838	0.01001	0.04309	0.01159	0.00904	0.01161	0.00800	0.01191	0.00602	0.00443	0.00450	0.00149	0.00601	0.00403	0.00200	0.00506
7	0.00593	0.00449	0.00547	0.00536	0.00647	0.00403	0.00397	0.00762	0.01152	0.01555	0.50587	0.11620	0.27063	0.01028	0.00532	0.00148	0.00220	0.00895	0.00462	0.00403
8	0.00545	0.00389	0.00519	0.00623	0.00649	0.00363	0.00415	0.00623	0.00856	0.01142	0.02465	0.83987	0.02959	0.01401	0.00571	0.00182	0.00260	0.01272	0.00415	0.00363
9	0.00626	0.00457	0.00587	0.00555	0.00664	0.00419	0.00416	0.00830	0.01248	0.01751	0.75701	0.03411	0.09799	0.00930	0.00528	0.00141	0.00212	0.00819	0.00487	0.00419
10	0.06861	0.00796	0.01021	0.00799	0.01133	0.00734	0.00656	0.03957	0.08149	0.68424	0.01688	0.01479	0.01086	0.00550	0.00440	0.00139	0.00379	0.00442	0.00527	0.00741
11	0.00547	0.00454	0.00479	0.00473	0.00616	0.00386	0.00354	0.00678	0.01063	0.01312	0.18159	0.04134	0.67615	0.01094	0.00528	0.00149	0.00224	0.00920	0.00429	0.00386
12	0.00666	0.00451	0.00569	0.00539	0.00644	0.00421	0.00404	0.00876	0.01213	0.01773	0.68289	0.03069	0.03721	0.00851	0.00493	0.00135	0.00211	0.00745	0.14509	0.00421
13	0.01025	0.01432	0.19288	0.01804	0.06599	0.01108	0.59094	0.01426	0.01030	0.01431	0.00880	0.01146	0.00657	0.00388	0.00502	0.00148	0.00722	0.00479	0.00218	0.00621
14	0.00532	0.00441	0.00466	0.00487	0.00613	0.00375	0.00355	0.00638	0.00987	0.01195	0.04124	0.20030	0.65845	0.01186	0.00537	0.00157	0.00233	0.01009	0.00415	0.00375
15	0.00802	0.00424	0.00453	0.00453	0.00554	0.00430	0.00341	0.00994	0.00912	0.01569	0.01529	0.01765	0.03989	0.00857	0.08895	0.01798	0.00315	0.00442	0.73069	0.00410
16	0.00683	0.00511	0.00698	0.06838	0.07282	0.00529	0.00509	0.00767	0.00761	0.01026	0.01538	0.18406	0.01717	0.43030	0.10444	0.00362	0.00503	0.03746	0.00292	0.00361
17	0.00948	0.09693	0.60733	0.01192	0.01751	0.02931	0.04190	0.03531	0.00965	0.01382	0.00829	0.01003	0.00624	0.00676	0.07499	0.00187	0.00692	0.00343	0.00203	0.00628
18	0.01939	0.00823	0.01070	0.00826	0.01169	0.00755	0.00680	0.10675	0.04414	0.70120	0.01692	0.01479	0.01079	0.00554	0.00450	0.00138	0.00392	0.00447	0.00538	0.00759
19	0.04219	0.01092	0.01553	0.07529	0.48636	0.08947	0.03756	0.06256	0.01088	0.03810	0.00999	0.08235	0.00888	0.00507	0.00448	0.00137	0.00533	0.00464	0.00263	0.00639
20	0.01527	0.03844	0.03273	0.10545	0.04435	0.66479	0.00942	0.01679	0.01200	0.01120	0.00710	0.00863	0.00583	0.00455	0.00408	0.00120	0.00762	0.00304	0.00225	0.00528
21	0.00757	0.00389	0.00577	0.00586	0.00588	0.00386	0.00391	0.00586	0.00606	0.00808	0.00923	0.08490	0.00965	0.01541	0.01647	0.79495	0.00377	0.00465	0.00213	0.00209
22	0.01428	0.06554	0.04325	0.00936	0.01217	0.22772	0.00769	0.20776	0.06060	0.12301	0.09243	0.06285	0.01284	0.00608	0.00442	0.00132	0.00513	0.01922	0.00377	0.02055
23	0.01639	0.00845	0.07947	0.00816	0.01136	0.00667	0.00714	0.03633	0.01197	0.57871	0.04109	0.08776	0.01327	0.00800	0.05283	0.00177	0.00440	0.01454	0.00486	0.00682
24	0.00552	0.00394	0.00527	0.00631	0.00659	0.00369	0.00427	0.00635	0.00863	0.01149	0.02462	0.80961	0.02944	0.01395	0.00573	0.00183	0.00265	0.04232	0.00415	0.00365
25	0.01586	0.01994	0.01214	0.01108	0.01323	0.75721	0.00828	0.01699	0.01220	0.01084	0.00741	0.00929	0.00640	0.03742	0.04160	0.00154	0.00810	0.00310	0.00232	0.00504
26	0.00951	0.17251	0.67499	0.01182	0.01793	0.01172	0.01492	0.01403	0.00938	0.01350	0.00770	0.00903	0.00568	0.00417	0.00400	0.00133	0.00628	0.00314	0.00189	0.00645
27	0.00996	0.00944	0.01236	0.01069	0.01136	0.04824	0.02216	0.07861	0.00848	0.01225	0.00779	0.01161	0.00724	0.01327	0.19815	0.00305	0.52397	0.00410	0.00230	0.00495
28	0.00546	0.00454	0.00477	0.00471	0.00615	0.00385	0.00353	0.00675	0.01060	0.01304	0.17110	0.04147	0.68669	0.01097	0.00529	0.00149	0.00224	0.00922	0.00428	0.00385
29	0.00813	0.00617	0.00726	0.00652	0.00827	0.00608	0.01802	0.07583	0.12573	0.04404	0.34944	0.03137	0.26489	0.00889	0.00510	0.00146	0.00277	0.02055	0.00457	0.00492
30	0.00696	0.00450	0.00583	0.00636	0.00717	0.00416	0.00456	0.00820	0.02193	0.08165	0.06183	0.57062	0.11490	0.01251	0.00556	0.00174	0.00277	0.07033	0.00431	0.00411
31	0.00562	0.00399	0.00525	0.00620	0.00647	0.00376	0.00417	0.00639	0.00846	0.01127	0.02370	0.73448	0.02826	0.08546	0.00720	0.00205	0.00281	0.04684	0.00403	0.00358

[dist]
# distance from previous block
# <min> <max>
0	1

[block]
# block no. 4 follows, 58 sequences, length 127
# corresponding to MSA columns:
# 141-267
name=unknown_E
#
# <colnr> <probs for GDERKNQSTAVLIFYWHMCP>
#	G	D	E	R	K	N	Q	S	T	A	V	L	I	F	Y	W	H	M	C	P
0	0.01336	0.00913	0.01033	0.00859	0.01115	0.00972	0.00682	0.38421	0.10459	0.11569	0.12169	0.15299	0.01697	0.00741	0.00480	0.00145	0.00387	0.00619	0.00461	0.00644
1	0.01074	0.01029	0.01755	0.13050	0.71447	0.01054	0.01356	0.01343	0.01003	0.01421	0.00835	0.01118	0.00694	0.00405	0.00443	0.00135	0.00540	0.00398	0.00219	0.00681
2	0.00895	0.00846	0.01432	0.67928	0.17967	0.01007	0.01267	0.01187	0.00918	0.01203	0.00804	0.01176	0.00618	0.00438	0.00446	0.00146	0.00584	0.00398	0.00203	0.00537
3	0.00867	0.00826	0.01346	0.69548	0.02764	0.01056	0.01198	0.01132	0.00860	0.01132	0.00760	0.01157	0.00595	0.00503	0.00617	0.00157	0.14392	0.00397	0.00198	0.00496
4	0.01513	0.01101	0.01200	0.00958	0.01260	0.01204	0.00774	0.65444	0.01881	0.03898	0.01318	0.14885	0.01133	0.00681	0.00468	0.00142	0.00452	0.00548	0.00444	0.00695
5	0.01056	0.01207	0.02640	0.01885	0.02338	0.01131	0.79864	0.01433	0.01056	0.01433	0.00905	0.01207	0.00679	0.00377	0.00528	0.00151	0.00754	0.00528	0.00226	0.00603
6	0.00798	0.00580	0.00698	0.00709	0.00810	0.00588	0.00509	0.18029	0.01133	0.01511	0.02197	0.64390	0.03869	0.01207	0.00543	0.00171	0.00310	0.01075	0.00422	0.00451
7	0.01072	0.01271	0.15159	0.02501	0.68245	0.01059	0.01419	0.01380	0.01006	0.01454	0.00835	0.01080	0.00685	0.00403	0.00440	0.00134	0.00553	0.00387	0.00216	0.00701
8	0.01029	0.01185	0.03928	0.02904	0.02256	0.01102	0.73047	0.01391	0.01038	0.01412	0.00958	0.04438	0.00763	0.00425	0.00542	0.00153	0.02056	0.00550	0.00232	0.00592
9	0.01993	0.00784	0.01052	0.00806	0.01153	0.00691	0.00666	0.05706	0.01318	0.78220	0.01733	0.01502	0.01092	0.00553	0.00450	0.00138	0.00386	0.00448	0.00549	0.00761
10	0.00611	0.00456	0.00568	0.00540	0.00655	0.00413	0.00405	0.00802	0.01215	0.01673	0.65367	0.03541	0.20182	0.00960	0.00528	0.00143	0.00214	0.00837	0.00476	0.00413
11	0.15643	0.00824	0.00904	0.00774	0.01032	0.00879	0.00615	0.07047	0.28898	0.20578	0.16287	0.01748	0.01648	0.00615	0.00437	0.00143	0.00342	0.00498	0.00455	0.00634
12	0.01105	0.01279	0.15114	0.02388	0.63259	0.02416	0.01379	0.01427	0.02570	0.03530	0.00875	0.01097	0.00706	0.00412	0.00440	0.00135	0.00550	0.00389	0.00229	0.00699
13	0.00721	0.00515	0.00721	0.00824	0.00927	0.00515	0.00721	0.00927	0.01030	0.01339	0.02368	0.05046	0.02574	0.01236	0.00618	0.00206	0.00412	0.78478	0.00412	0.00412
14	0.00602	0.00456	0.00554	0.00530	0.00649	0.00409	0.00397	0.00783	0.01192	0.01617	0.58058	0.03633	0.27526	0.00981	0.00528	0.00144	0.00216	0.00850	0.00469	0.00409
15	0.01015	0.01127	0.02390	0.17523	0.02481	0.01105	0.64745	0.01377	0.01025	0.01377	0.00884	0.01204	0.00663	0.00391	0.00512	0.00150	0.00724	0.00503	0.00221	0.00583
16	0.00903	0.02276	0.79259	0.01296	0.01950	0.01042	0.04318	0.01417	0.00948	0.01417	0.00806	0.00953	0.00570	0.00423	0.00428	0.00142	0.00664	0.00337	0.00190	0.00659
17	0.00834	0.00417	0.00417	0.00417	0.00521	0.00417	0.00313	0.01042	0.00938	0.01668	0.01459	0.01668	0.01147	0.00521	0.00313	0.00104	0.00208	0.00417	0.86763	0.00417
18	0.00804	0.00424	0.00451	0.00447	0.00550	0.00425	0.00337	0.01010	0.00958	0.01646	0.09160	0.01834	0.01442	0.00712	0.04762	0.00141	0.00262	0.00458	0.73760	0.00416
19	0.01122	0.02483	0.06206	0.01264	0.16008	0.02273	0.00888	0.06496	0.51221	0.01780	0.02467	0.01541	0.03122	0.00564	0.00450	0.00145	0.00418	0.00476	0.00387	0.00692
20	0.00641	0.00471	0.00674	0.00674	0.00739	0.00535	0.00504	0.00770	0.00706	0.01006	0.01239	0.01982	0.01216	0.18917	0.67078	0.00664	0.01051	0.00512	0.00246	0.00375
21	0.00602	0.00456	0.00555	0.00530	0.00649	0.00409	0.00397	0.00784	0.01192	0.01618	0.58263	0.03630	0.27320	0.00980	0.00528	0.00144	0.00216	0.00849	0.00469	0.00409
22	0.01191	0.79586	0.04574	0.00792	0.01174	0.02906	0.00796	0.01344	0.00911	0.01064	0.00627	0.00730	0.00574	0.00392	0.00313	0.00099	0.01916	0.00245	0.00192	0.00574
23	0.01005	0.01042	0.06801	0.02024	0.42938	0.00941	0.16852	0.01290	0.02290	0.03366	0.01180	0.15946	0.01116	0.00582	0.00482	0.00146	0.00529	0.00579	0.00267	0.00624
24	0.00968	0.00779	0.00891	0.00868	0.01061	0.00866	0.00702	0.01795	0.48167	0.02933	0.02038	0.05540	0.01848	0.00858	0.00517	0.00172	0.00372	0.28593	0.00440	0.00591
25	0.01056	0.00871	0.00997	0.00724	0.01115	0.00728	0.00583	0.14257	0.01123	0.01684	0.00842	0.00952	0.00679	0.00366	0.00351	0.00078	0.00358	0.00288	0.00295	0.72654
26	0.01299	0.58274	0.01987	0.00856	0.01203	0.12982	0.00782	0.08367	0.08178	0.01286	0.00778	0.00846	0.00661	0.00427	0.00332	0.00107	0.00514	0.00284	0.00243	0.00595
27	0.01046	0.01247	0.15124	0.10288	0.59522	0.01053	0.02520	0.01359	0.00995	0.01423	0.00831	0.01090	0.00674	0.00407	0.00442	0.00136	0.00562	0.00389	0.00214	0.00679
28	0.00963	0.11875	0.70393	0.01202	0.01822	0.01114	0.01521	0.01429	0.00950	0.03629	0.00809	0.00934	0.00583	0.00424	0.00410	0.00136	0.00632	0.00323	0.00199	0.00654
29	0.01085	0.00962	0.01238	0.01032	0.01305	0.02160	0.13853	0.05639	0.51117	0.03221	0.03884	0.05096	0.06100	0.00634	0.00477	0.00151	0.00419	0.00566	0.00412	0.00650
30	0.00996	0.00920	0.01565	0.03648	0.53548	0.00919	0.06099	0.01253	0.01022	0.01421	0.01253	0.02169	0.01204	0.00622	0.00495	0.00154	0.00515	0.21307	0.00272	0.00619
31	0.00588	0.00453	0.00539	0.00555	0.00657	0.00413	0.00402	0.00761	0.03717	0.01405	0.29292	0.27498	0.29843	0.01122	0.00538	0.00157	0.00235	0.00982	0.00442	0.00399
32	0.01099	0.01082	0.03190	0.03953	0.77633	0.01062	0.02648	0.01371	0.01016	0.01455	0.00841	0.01107	0.00704	0.00399	0.00444	0.00134	0.00538	0.00399	0.00221	0.00703
33	0.00545	0.00389	0.00519	0.00623	0.00649	0.00363	0.00415	0.00623	0.00856	0.01142	0.02465	0.83987	0.02959	0.01401	0.00571	0.00182	0.00260	0.01272	0.00415	0.00363
34	0.00535	0.00443	0.00470	0.00488	0.00617	0.00378	0.00359	0.00645	0.00996	0.01207	0.05226	0.17567	0.66117	0.01176	0.00537	0.00157	0.00234	0.02054	0.00416	0.00376
35	0.02338	0.47188	0.37294	0.00987	0.01490	0.01438	0.01151	0.01373	0.00922	0.01227	0.00701	0.00817	0.00569	0.00402	0.00347	0.00117	0.00557	0.00279	0.00192	0.00611
36	0.01119	0.00960	0.01013	0.00907	0.01160	0.01107	0.00707	0.04354	0.77243	0.01894	0.03210	0.01683	0.01401	0.00611	0.00456	0.00151	0.00355	0.00508	0.00456	0.00704
37	0.00545	0.00389	0.00519	0.00623	0.00649	0.00363	0.00415	0.00623	0.00856	0.01142	0.02465	0.83987	0.02959	0.01401	0.00571	0.00182	0.00260	0.01272	0.00415	0.00363
38	0.00888	0.00840	0.01421	0.69809	0.16134	0.01005	0.01264	0.01181	0.00915	0.01196	0.00803	0.01178	0.00615	0.00439	0.00446	0.00146	0.00586	0.00398	0.00203	0.00532
39	0.01328	0.01081	0.01200	0.00996	0.01259	0.08297	0.06364	0.31569	0.16857	0.06503	0.01447	0.16034	0.01264	0.00695	0.00502	0.00148	0.02832	0.00579	0.00407	0.00639
40	0.00625	0.00457	0.00586	0.00554	0.00663	0.00419	0.00416	0.00828	0.01247	0.01748	0.75184	0.03418	0.10318	0.00932	0.00528	0.00142	0.00212	0.00820	0.00486	0.00419
41	0.01113	0.00961	0.01011	0.00910	0.01163	0.01113	0.00708	0.02377	0.80681	0.01871	0.01821	0.01669	0.01365	0.00607	0.00455	0.00152	0.00354	0.00506	0.00455	0.00708
42	0.01031	0.02255	0.66686	0.01288	0.03672	0.14598	0.01515	0.01477	0.01000	0.01364	0.00785	0.00925	0.00572	0.00430	0.00422	0.00137	0.00682	0.00325	0.00197	0.00638
43	0.87439	0.00865	0.00657	0.00588	0.00865	0.01003	0.00484	0.01315	0.00761	0.02007	0.00623	0.00727	0.00484	0.00415	0.00277	0.00138	0.00346	0.00242	0.00277	0.00484
44	0.01107	0.01063	0.01816	0.02746	0.81489	0.01063	0.01373	0.01373	0.01019	0.01461	0.00841	0.01107	0.00709	0.00399	0.00443	0.00133	0.00531	0.00399	0.00221	0.00709
45	0.00534	0.00443	0.00468	0.00487	0.00616	0.00377	0.00358	0.00643	0.00993	0.01199	0.04156	0.17581	0.67113	0.01179	0.00537	0.00157	0.00235	0.02132	0.00415	0.00376
46	0.00639	0.00479	0.00719	0.00719	0.00799	0.00559	0.00559	0.00799	0.00719	0.01038	0.01198	0.01757	0.01118	0.03355	0.82507	0.00719	0.01198	0.00479	0.00240	0.00399
47	0.00811	0.00590	0.00722	0.00640	0.00788	0.00583	0.00493	0.14022	0.01406	0.01965	0.67905	0.02964	0.03645	0.00852	0.00514	0.00140	0.00258	0.00741	0.00485	0.00478
48	0.00897	0.02314	0.81962	0.01275	0.01936	0.01039	0.01653	0.01417	0.00944	0.01417	0.00803	0.00944	0.00567	0.00425	0.00425	0.00142	0.00661	0.00331	0.00189	0.00661
49	0.00629	0.00451	0.00554	0.00531	0.00625	0.00418	0.00382	0.00792	0.01119	0.01558	0.54961	0.03340	0.13858	0.14808	0.00811	0.00190	0.00250	0.00786	0.03546	0.00391
50	0.00897	0.02314	0.81962	0.01275	0.01936	0.01039	0.01653	0.01417	0.00944	0.01417	0.00803	0.00944	0.00567	0.00425	0.00425	0.00142	0.00661	0.00331	0.00189	0.00661
51	0.00845	0.00795	0.01342	0.83204	0.03081	0.00994	0.01242	0.01143	0.00894	0.01143	0.00795	0.01193	0.00596	0.00447	0.00447	0.00149	0.00596	0.00398	0.00199	0.00497
52	0.02007	0.00761	0.01038	0.00796	0.01142	0.00657	0.00657	0.02180	0.01280	0.81799	0.01765	0.01523	0.01107	0.00554	0.00450	0.00138	0.00381	0.00450	0.00554	0.00761
53	0.00888	0.00840	0.01421	0.69809	0.16134	0.01005	0.01264	0.01181	0.00915	0.01196	0.00803	0.01178	0.00615	0.00439	0.00446	0.00146	0.00586	0.00398	0.00203	0.00532
54	0.00560	0.00401	0.00532	0.00613	0.00652	0.00373	0.00416	0.00660	0.00925	0.01250	0.15582	0.70561	0.03169	0.01320	0.00564	0.00175	0.00251	0.01195	0.00428	0.00373
55	0.01066	0.00870	0.00912	0.00828	0.01056	0.00997	0.00642	0.02155	0.67405	0.01837	0.01760	0.01669	0.01329	0.00593	0.00431	0.00144	0.00330	0.00491	0.14824	0.00660
56	0.01040	0.01043	0.01529	0.01696	0.27543	0.04290	0.03131	0.01203	0.00827	0.01212	0.00698	0.01039	0.00642	0.00697	0.03048	0.00184	0.49012	0.00396	0.00207	0.00563
57	0.00847	0.01034	0.14667	0.23980	0.21923	0.00859	0.02537	0.01143	0.02220	0.01307	0.01781	0.02008	0.20324	0.00622	0.00469	0.00146	0.00494	0.02821	0.00266	0.00551
58	0.00545	0.00389	0.00519	0.00623	0.00649	0.00363	0.00415	0.00623	0.00856	0.01142	0.02465	0.83987	0.02959	0.01401	0.00571	0.00182	0.00260	0.01272	0.00415	0.00363
59	0.02007	0.00761	0.01038	0.00796	0.01142	0.00657	0.00657	0.02180	0.01280	0.81799	0.01765	0.01523	0.01107	0.00554	0.00450	0.00138	0.00381	0.00450	0.00554	0.00761
60	0.01259	0.14513	0.02773	0.03285	0.45679	0.02093	0.05340	0.01496	0.01047	0.14755	0.00997	0.01211	0.00792	0.00443	0.00427	0.00131	0.00513	0.02294	0.00276	0.00676
61	0.00566	0.00455	0.00511	0.00544	0.00669	0.00400	0.00420	0.00691	0.00998	0.01223	0.03846	0.15771	0.55907	0.01190	0.00551	0.00165	0.00265	0.15031	0.00415	0.00382
62	0.01036	0.00998	0.01651	0.17882	0.53113	0.01101	0.01282	0.01280	0.00939	0.01336	0.00790	0.01102	0.00667	0.00472	0.00614	0.00146	0.14350	0.00397	0.00213	0.00632
63	0.00932	0.02106	0.68619	0.01520	0.15180	0.01043	0.01606	0.01409	0.00957	0.01424	0.00809	0.00972	0.00590	0.00421	0.00428	0.00140	0.00640	0.00342	0.00194	0.00669
64	0.02393	0.09127	0.35132	0.14700	0.01764	0.00963	0.01165	0.01500	0.01007	0.21018	0.01122	0.06291	0.00853	0.00517	0.00429	0.00140	0.00535	0.00420	0.00295	0.00629
65	0.01151	0.36680	0.35225	0.01041	0.01514	0.14904	0.01150	0.01446	0.00983	0.01211	0.00709	0.00827	0.00571	0.00413	0.00364	0.00118	0.00609	0.00285	0.00197	0.00601
66	0.85975	0.00887	0.00668	0.00598	0.00874	0.02395	0.00491	0.01323	0.00770	0.01991	0.00624	0.00728	0.00486	0.00416	0.00279	0.00138	0.00354	0.00243	0.00276	0.00485
67	0.01384	0.51861	0.01917	0.00919	0.01241	0.33782	0.00805	0.01517	0.01051	0.01069	0.00649	0.00753	0.00575	0.00414	0.00333	0.00103	0.00609	0.00259	0.00207	0.00552
68	0.00620	0.00474	0.00527	0.00506	0.00652	0.00414	0.00382	0.00786	0.02559	0.04046	0.27946	0.03870	0.53547	0.01037	0.00524	0.00147	0.00229	0.00878	0.00444	0.00410
69	0.01332	0.02162	0.15483	0.00994	0.01344	0.06282	0.05167	0.08681	0.21780	0.21780	0.02476	0.06959	0.02331	0.00596	0.00456	0.00144	0.00470	0.00497	0.00399	0.00666
70	0.39836	0.01370	0.26004	0.01216	0.15959	0.02317	0.01024	0.02361	0.00906	0.04219	0.00761	0.00894	0.00575	0.00422	0.00362	0.00138	0.00487	0.00307	0.00250	0.00593
71	0.02007	0.00761	0.01038	0.00796	0.01142	0.00657	0.00657	0.02180	0.01280	0.81799	0.01765	0.01523	0.01107	0.00554	0.00450	0.00138	0.00381	0.00450	0.00554	0.00761
72	0.01702	0.00750	0.00935	0.00746	0.01048	0.03090	0.00606	0.01896	0.03527	0.62071	0.02189	0.01971	0.14451	0.00648	0.00459	0.00140	0.00364	0.00528	0.02198	0.00682
73	0.01622	0.02707	0.01305	0.01151	0.07663	0.23269	0.02380	0.25714	0.10120	0.17837	0.01160	0.01155	0.00837	0.00511	0.00435	0.00131	0.00549	0.00392	0.00384	0.00679
74	0.00591	0.00460	0.00516	0.00499	0.00636	0.00398	0.00375	0.00741	0.01114	0.02713	0.32579	0.03908	0.51798	0.01044	0.00527	0.00147	0.00223	0.00887	0.00446	0.00400
75	0.00627	0.00473	0.00597	0.00665	0.00771	0.00443	0.00541	0.00780	0.00997	0.01262	0.03117	0.17937	0.29291	0.01228	0.00580	0.00183	0.00324	0.39378	0.00414	0.00392
76	0.00871	0.01357	0.28102	0.01356	0.01766	0.00901	0.33517	0.01217	0.00967	0.01352	0.01278	0.22685	0.01236	0.00660	0.00505	0.00156	0.00595	0.00657	0.00263	0.00560
77	0.00973	0.15968	0.66815	0.01179	0.01786	0.01152	0.01482	0.01422	0.00946	0.03235	0.00795	0.00920	0.00581	0.00421	0.00403	0.00134	0.00624	0.00318	0.00198	0.00649
78	0.00545	0.00389	0.00519	0.00623	0.00649	0.00363	0.00415	0.00623	0.00856	0.01142	0.02465	0.83987	0.02959	0.01401	0.00571	0.00182	0.00260	0.01272	0.00415	0.00363
79	0.01064	0.01183	0.02502	0.02029	0.15515	0.01120	0.66797	0.01423	0.01050	0.01438	0.00894	0.01190	0.00684	0.00381	0.00514	0.00148	0.00717	0.00506	0.00225	0.00621
80	0.00612	0.00456	0.00569	0.00548	0.00661	0.00414	0.00412	0.00799	0.01200	0.01647	0.61726	0.05435	0.20015	0.00978	0.00531	0.00145	0.00220	0.02746	0.00473	0.00411
81	0.00947	0.16004	0.68707	0.01190	0.01805	0.01161	0.01505	0.01404	0.00939	0.01356	0.00773	0.00907	0.00568	0.00418	0.00402	0.00134	0.00631	0.00315	0.00189	0.00647
82	0.01113	0.00961	0.01011	0.00910	0.01163	0.01113	0.00708	0.02377	0.80681	0.01871	0.01821	0.01669	0.01365	0.00607	0.00455	0.00152	0.00354	0.00506	0.00455	0.00708
83	0.00623	0.00464	0.00686	0.00703	0.00774	0.00527	0.00535	0.00769	0.00742	0.01056	0.01409	0.15447	0.01425	0.03030	0.68866	0.00629	0.01042	0.00611	0.00269	0.00393
84	0.73067	0.00881	0.00716	0.00642	0.00915	0.01022	0.00522	0.01492	0.14066	0.01984	0.00822	0.00884	0.00631	0.00447	0.00307	0.00141	0.00347	0.00286	0.00307	0.00522
85	0.01662	0.01234	0.01321	0.01021	0.01372	0.01369	0.00841	0.74885	0.07278	0.02757	0.01123	0.01113	0.00801	0.00542	0.00448	0.00135	0.00483	0.00410	0.00448	0.00757
86	0.00692	0.00494	0.00687	0.00790	0.00881	0.00490	0.00670	0.00876	0.01001	0.01306	0.02385	0.18188	0.02638	0.01263	0.00610	0.00202	0.00387	0.65625	0.00412	0.00404
87	0.01221	0.23595	0.32017	0.01093	0.03584	0.04950	0.01135	0.18900	0.05399	0.02810	0.00879	0.00958	0.00666	0.00451	0.00395	0.00127	0.00559	0.00333	0.00269	0.00659
88	0.01051	0.01004	0.01696	0.19820	0.62963	0.01049	0.01330	0.01347	0.02823	0.01403	0.00854	0.01138	0.00700	0.00414	0.00444	0.00137	0.00541	0.00401	0.00222	0.00664
89	0.00910	0.00840	0.01315	0.49725	0.12592	0.00981	0.03131	0.01365	0.15360	0.01323	0.01114	0.07439	0.00928	0.00539	0.00459	0.00150	0.00523	0.00486	0.00265	0.00555
90	0.00897	0.02314	0.81962	0.01275	0.01936	0.01039	0.01653	0.01417	0.00944	0.01417	0.00803	0.00944	0.00567	0.00425	0.00425	0.00142	0.00661	0.00331	0.00189	0.00661
91	0.01055	0.01006	0.01712	0.16096	0.66584	0.01039	0.01336	0.01324	0.00998	0.01406	0.00869	0.01212	0.00733	0.00426	0.00448	0.00137	0.00539	0.02193	0.00222	0.00667
92	0.00953	0.00531	0.00682	0.00602	0.00774	0.00472	0.00466	0.01139	0.01229	0.21345	0.48959	0.03055	0.16290	0.00862	0.00509	0.00142	0.00255	0.00743	0.00495	0.00498
93	0.01123	0.02000	0.58991	0.01200	0.01773	0.01123	0.01419	0.21489	0.02342	0.03061	0.00901	0.00997	0.00636	0.00458	0.00432	0.00140	0.00609	0.00353	0.00264	0.00689
94	0.00546	0.00402	0.00507	0.00589	0.00635	0.00368	0.00397	0.00627	0.00876	0.01143	0.02769	0.67636	0.15951	0.04512	0.00629	0.00186	0.00261	0.01193	0.00410	0.00362
95	0.00529	0.00453	0.00453	0.00453	0.00604	0.00378	0.00340	0.00642	0.01020	0.01208	0.04532	0.04305	0.81307	0.01133	0.00529	0.00151	0.00227	0.00944	0.00415	0.00378
96	0.00545	0.00389	0.00519	0.00623	0.00649	0.00363	0.00415	0.00623	0.00856	0.01142	0.02465	0.83987	0.02959	0.01401	0.00571	0.00182	0.00260	0.01272	0.00415	0.00363
97	0.00924	0.02130	0.68756	0.01377	0.02003	0.01054	0.14674	0.01419	0.00963	0.01419	0.00820	0.00988	0.00585	0.00417	0.00442	0.00143	0.00677	0.00363	0.00195	0.00651
98	0.00971	0.01071	0.02286	0.01675	0.02057	0.01003	0.66637	0.01298	0.01023	0.01384	0.01165	0.14988	0.01058	0.00548	0.00535	0.00156	0.00672	0.00652	0.00258	0.00563
99	0.00718	0.00513	0.00718	0.00821	0.00922	0.00513	0.00716	0.00922	0.01027	0.01336	0.02370	0.06279	0.02580	0.01238	0.00617	0.00206	0.00410	0.77272	0.00412	0.00411
100	0.00853	0.01048	0.14763	0.69564	0.02890	0.01001	0.01311	0.01188	0.00903	0.01188	0.00796	0.01151	0.00591	0.00444	0.00444	0.00148	0.00607	0.00386	0.00197	0.00524
101	0.00545	0.00389	0.00519	0.00623	0.00649	0.00363	0.00415	0.00623	0.00856	0.01142	0.02465	0.83987	0.02959	0.01401	0.00571	0.00182	0.00260	0.01272	0.00415	0.00363
102	0.00786	0.00412	0.00434	0.00451	0.00542	0.00408	0.00330	0.00972	0.00924	0.01580	0.01627	0.15372	0.01448	0.00668	0.00356	0.00117	0.00217	0.00559	0.72387	0.00408
103	0.00542	0.00401	0.00507	0.00592	0.00641	0.00366	0.00402	0.00626	0.00886	0.01154	0.02839	0.69565	0.17140	0.01353	0.00563	0.00176	0.00254	0.01212	0.00415	0.00366
104	0.01559	0.00975	0.14423	0.00849	0.01193	0.01762	0.00786	0.01775	0.01154	0.52935	0.01754	0.13359	0.02862	0.00675	0.00467	0.00146	0.00413	0.01778	0.00464	0.00671
105	0.01141	0.01027	0.01585	0.02205	0.59144	0.01041	0.01171	0.14381	0.01199	0.01659	0.01291	0.01458	0.09695	0.00503	0.00453	0.00135	0.00491	0.00460	0.00281	0.00680
106	0.02636	0.01248	0.11719	0.03656	0.42751	0.01086	0.25552	0.01385	0.01006	0.01443	0.00846	0.01110	0.00673	0.00405	0.00488	0.00141	0.02552	0.00427	0.00219	0.00657
107	0.01146	0.70858	0.15599	0.00850	0.01279	0.01648	0.00913	0.01352	0.00915	0.01113	0.00652	0.00755	0.00573	0.00390	0.00310	0.00103	0.00509	0.00254	0.00191	0.00589
108	0.00658	0.00478	0.00600	0.00602	0.00641	0.01769	0.00409	0.00731	0.00697	0.00954	0.01346	0.05337	0.01441	0.45378	0.36470	0.00541	0.00760	0.00594	0.00262	0.00333
109	0.00603	0.00465	0.00556	0.00559	0.00684	0.00418	0.00436	0.00770	0.01120	0.01464	0.34850	0.04043	0.37329	0.01063	0.00543	0.00156	0.00251	0.13843	0.00446	0.00401
110	0.00981	0.00889	0.01421	0.60879	0.15950	0.01048	0.01221	0.09751	0.01046	0.01378	0.00833	0.01165	0.00633	0.00449	0.00447	0.00145	0.00574	0.00398	0.00230	0.00561
111	0.01066	0.00870	0.00912	0.00828	0.01056	0.00997	0.00642	0.02155	0.67405	0.01837	0.01760	0.01669	0.01329	0.00593	0.00431	0.00144	0.00330	0.00491	0.14824	0.00660
112	0.00970	0.01067	0.02268	0.01665	0.02040	0.01007	0.65509	0.01293	0.01017	0.01379	0.01160	0.14985	0.01057	0.00553	0.00549	0.00157	0.01855	0.00650	0.00257	0.00562
113	0.00529	0.00453	0.00453	0.00453	0.00604	0.00378	0.00340	0.00642	0.01020	0.01208	0.04532	0.04305	0.81307	0.01133	0.00529	0.00151	0.00227	0.00944	0.00415	0.00378
114	0.00529	0.00453	0.00453	0.00453	0.00604	0.00378	0.00340	0.00642	0.01020	0.01208	0.04532	0.04305	0.81307	0.01133	0.00529	0.00151	0.00227	0.00944	0.00415	0.00378
115	0.01896	0.00939	0.01148	0.00880	0.01231	0.00922	0.00727	0.30342	0.01578	0.53216	0.01515	0.01360	0.00982	0.00548	0.00449	0.00137	0.00421	0.00433	0.00515	0.00761
116	0.01107	0.01063	0.01816	0.02746	0.81489	0.01063	0.01373	0.01373	0.01019	0.01461	0.00841	0.01107	0.00709	0.00399	0.00443	0.00133	0.00531	0.00399	0.00221	0.00709
117	0.01107	0.01063	0.01816	0.02746	0.81489	0.01063	0.01373	0.01373	0.01019	0.01461	0.00841	0.01107	0.00709	0.00399	0.00443	0.00133	0.00531	0.00399	0.00221	0.00709
118	0.00531	0.00453	0.00457	0.00456	0.00606	0.00379	0.00342	0.00647	0.01026	0.01223	0.06406	0.04281	0.79423	0.01128	0.00529	0.00151	0.00226	0.00941	0.00417	0.00379
119	0.01675	0.02008	0.01278	0.01135	0.01383	0.71079	0.00862	0.12785	0.01385	0.01337	0.00745	0.00844	0.00602	0.00472	0.00410	0.00118	0.00762	0.00304	0.00261	0.00553
120	0.00887	0.00745	0.00925	0.01016	0.14300	0.00747	0.00660	0.01401	0.25376	0.03534	0.14738	0.02484	0.23132	0.00739	0.00474	0.00140	0.00326	0.00633	0.00399	0.07346
121	0.01202	0.01090	0.01729	0.03745	0.66901	0.01116	0.01284	0.14459	0.01197	0.01682	0.00879	0.01103	0.00715	0.00422	0.00444	0.00133	0.00526	0.00399	0.00259	0.00714
122	0.00705	0.00524	0.00635	0.00602	0.00602	0.00590	0.00389	0.00721	0.00656	0.00902	0.01273	0.02603	0.01453	0.70379	0.02142	0.00394	0.14256	0.00607	0.00259	0.00307
123	0.00633	0.00426	0.00493	0.00510	0.00515	0.00422	0.00295	0.00646	0.00685	0.00913	0.01585	0.16422	0.01848	0.70482	0.01993	0.00392	0.00405	0.00754	0.00295	0.00286
124	0.01223	0.22309	0.33112	0.01141	0.04067	0.20378	0.01160	0.07277	0.02967	0.01367	0.00777	0.00888	0.00608	0.00435	0.00389	0.00124	0.00627	0.00310	0.00226	0.00616
125	0.01154	0.55558	0.13833	0.01035	0.01465	0.03395	0.14062	0.01390	0.00953	0.02478	0.00715	0.00847	0.00599	0.00392	0.00352	0.00113	0.00557	0.00305	0.00204	0.00593
126	0.01042	0.12796	0.34485	0.01011	0.01475	0.02505	0.02335	0.02850	0.14249	0.04415	0.01069	0.01135	0.02597	0.00462	0.00416	0.00125	0.01670	0.00360	0.00270	0.14733

[dist]
# distance from previous block
# <min> <max>
0	4

[block]
# block no. 5 follows, 58 sequences, length 18
# corresponding to MSA columns:
# 272-289
name=unknown_F
#
# <colnr> <probs for GDERKNQSTAVLIFYWHMCP>
#	G	D	E	R	K	N	Q	S	T	A	V	L	I	F	Y	W	H	M	C	P
0	0.07290	0.14741	0.31191	0.01087	0.04429	0.10239	0.01095	0.06422	0.05718	0.12317	0.00956	0.01012	0.00700	0.00456	0.00398	0.00131	0.00556	0.00338	0.00282	0.00643
1	0.01096	0.00915	0.01251	0.01027	0.01305	0.00973	0.15605	0.01941	0.47252	0.08171	0.09869	0.01870	0.05442	0.00616	0.00479	0.00149	0.00411	0.00558	0.00422	0.00647
2	0.01069	0.01256	0.08328	0.01677	0.02068	0.01177	0.56892	0.05884	0.01049	0.01455	0.00856	0.01143	0.00660	0.00454	0.00665	0.00156	0.13896	0.00484	0.00231	0.00599
3	0.01272	0.34715	0.21310	0.00942	0.01370	0.01248	0.03634	0.02940	0.06410	0.17978	0.03463	0.01106	0.00854	0.00462	0.00384	0.00123	0.00496	0.00353	0.00298	0.00643
4	0.00583	0.00451	0.00678	0.00718	0.00776	0.00421	0.06389	0.00684	0.00871	0.01164	0.02348	0.77763	0.02787	0.01324	0.00568	0.00179	0.00297	0.01216	0.00401	0.00381
5	0.01096	0.01052	0.01796	0.06060	0.78259	0.01060	0.01367	0.01363	0.01013	0.01448	0.00840	0.01111	0.00704	0.00401	0.00443	0.00134	0.00534	0.00399	0.00220	0.00700
6	0.00603	0.03715	0.08386	0.00691	0.00791	0.00481	0.00547	0.00726	0.00867	0.01165	0.02237	0.72927	0.02641	0.01270	0.00546	0.00175	0.00306	0.01143	0.00385	0.00400
7	0.01107	0.01063	0.01816	0.02746	0.81489	0.01063	0.01373	0.01373	0.01019	0.01461	0.00841	0.01107	0.00709	0.00399	0.00443	0.00133	0.00531	0.00399	0.00221	0.00709
8	0.00643	0.00463	0.00635	0.00635	0.00685	0.00513	0.00454	0.00745	0.00694	0.00976	0.01275	0.02184	0.01303	0.32850	0.53265	0.00615	0.00920	0.00542	0.00251	0.00353
9	0.00639	0.00479	0.00719	0.00719	0.00799	0.00559	0.00559	0.00799	0.00719	0.01038	0.01198	0.01757	0.01118	0.03355	0.82507	0.00719	0.01198	0.00479	0.00240	0.00399
10	0.01033	0.21798	0.13084	0.31729	0.10043	0.08946	0.01128	0.01296	0.00948	0.01185	0.00791	0.02683	0.00656	0.00511	0.02305	0.00144	0.00597	0.00358	0.00206	0.00558
11	0.00543	0.00397	0.00511	0.00603	0.00644	0.00365	0.00406	0.00625	0.00876	0.01150	0.02710	0.74538	0.12249	0.01370	0.00566	0.00178	0.00256	0.01233	0.00415	0.00365
12	0.00721	0.00515	0.00721	0.00824	0.00927	0.00515	0.00721	0.00927	0.01030	0.01339	0.02368	0.05046	0.02574	0.01236	0.00618	0.00206	0.00412	0.78478	0.00412	0.00412
13	0.00603	0.00477	0.00556	0.00596	0.00729	0.00431	0.00487	0.00752	0.01024	0.01259	0.03697	0.04591	0.50920	0.01173	0.00563	0.00172	0.00298	0.30869	0.00414	0.00391
14	0.01085	0.02932	0.40410	0.07671	0.03222	0.00950	0.12098	0.02954	0.01053	0.13911	0.07046	0.02659	0.00989	0.00494	0.00453	0.00143	0.00576	0.00434	0.00284	0.00634
15	0.00563	0.00409	0.00533	0.00605	0.00656	0.00378	0.00419	0.00669	0.00942	0.01261	0.15752	0.62496	0.09050	0.01296	0.00562	0.00173	0.00253	0.03181	0.00428	0.00375
16	0.04348	0.52240	0.04706	0.00812	0.01183	0.06106	0.00768	0.03046	0.01038	0.20632	0.00917	0.00932	0.00703	0.00434	0.00341	0.00111	0.00476	0.00299	0.00289	0.00620
17	0.02946	0.01134	0.09537	0.33978	0.06127	0.01062	0.36038	0.01311	0.00973	0.01331	0.00843	0.01161	0.00632	0.00411	0.00477	0.00148	0.00664	0.00445	0.00213	0.00569

[dist]
# distance from previous block
# <min> <max>
0	1

[block]
# block no. 6 follows, 58 sequences, length 17
# corresponding to MSA columns:
# 291-307
name=unknown_G
#
# <colnr> <probs for GDERKNQSTAVLIFYWHMCP>
#	G	D	E	R	K	N	Q	S	T	A	V	L	I	F	Y	W	H	M	C	P
0	0.01221	0.31081	0.31221	0.01062	0.01503	0.24347	0.01119	0.01494	0.01023	0.01198	0.00708	0.00826	0.00572	0.00420	0.00371	0.00118	0.00638	0.00287	0.00202	0.00590
1	0.51653	0.00978	0.01012	0.00825	0.01134	0.01088	0.07354	0.17503	0.08051	0.05288	0.00889	0.00952	0.00659	0.00459	0.00355	0.00140	0.00413	0.00331	0.00334	0.00581
2	0.01405	0.01113	0.01346	0.01064	0.01344	0.09769	0.13187	0.36035	0.01465	0.07746	0.01063	0.04672	0.00850	0.00723	0.00693	0.15605	0.00531	0.00448	0.00351	0.00592
3	0.00690	0.00543	0.00770	0.00741	0.00795	0.00653	0.00566	0.00811	0.00701	0.01012	0.01149	0.01865	0.01137	0.18220	0.55660	0.00589	0.12970	0.00499	0.00239	0.00388
4	0.00666	0.00492	0.00597	0.00640	0.00721	0.00475	0.00450	0.09138	0.01015	0.01332	0.02636	0.62760	0.14852	0.01267	0.00551	0.00172	0.00279	0.01128	0.00419	0.00408
5	0.01454	0.05020	0.12989	0.01468	0.20941	0.15086	0.02389	0.18610	0.01325	0.14927	0.01004	0.01078	0.00736	0.00468	0.00430	0.00131	0.00565	0.00375	0.00321	0.00682
6	0.00887	0.00735	0.00813	0.00767	0.00946	0.00806	0.00581	0.01675	0.46882	0.01687	0.16946	0.16799	0.06936	0.00837	0.00494	0.00155	0.00303	0.00725	0.00453	0.00574
7	0.01203	0.00706	0.00758	0.00640	0.00843	0.00739	0.00509	0.25699	0.01330	0.08859	0.01365	0.01471	0.01023	0.00529	0.00366	0.00116	0.00311	0.00415	0.52562	0.00553
8	0.00986	0.00894	0.01431	0.59278	0.17627	0.01049	0.01225	0.09643	0.01047	0.01383	0.00834	0.01164	0.00635	0.00448	0.00446	0.00144	0.00573	0.00398	0.00230	0.00565
9	0.00950	0.00936	0.01315	0.01136	0.01142	0.01301	0.00943	0.01053	0.00688	0.01073	0.00639	0.01045	0.00632	0.01002	0.08378	0.00240	0.76446	0.00399	0.00199	0.00482
10	0.00825	0.00765	0.00772	0.00752	0.00843	0.15126	0.00558	0.00946	0.00804	0.01016	0.01148	0.01812	0.01119	0.18358	0.52499	0.00557	0.00982	0.00478	0.00244	0.00396
11	0.00849	0.00832	0.01528	0.50779	0.02525	0.00929	0.20104	0.01132	0.00928	0.01213	0.01080	0.14013	0.00982	0.00578	0.00486	0.00155	0.00582	0.00564	0.00239	0.00502
12	0.01910	0.00794	0.01121	0.01005	0.09759	0.00701	0.00734	0.02093	0.01252	0.73183	0.01666	0.01478	0.01065	0.00537	0.00449	0.00138	0.00397	0.00444	0.00518	0.00756
13	0.00588	0.00450	0.00544	0.00561	0.00669	0.00405	0.00422	0.00739	0.01077	0.01413	0.30472	0.18059	0.32428	0.01116	0.00545	0.00159	0.00247	0.09270	0.00442	0.00394
14	0.16170	0.00595	0.00754	0.00705	0.00869	0.00578	0.03908	0.01137	0.00970	0.19061	0.07399	0.42066	0.02107	0.00964	0.00488	0.00160	0.00319	0.00846	0.00419	0.00486
15	0.01255	0.16849	0.28559	0.01078	0.01502	0.18441	0.03485	0.09167	0.04919	0.05676	0.04344	0.01063	0.00816	0.00471	0.00408	0.00128	0.00597	0.00353	0.00269	0.00620
16	0.01218	0.00955	0.01088	0.00908	0.01199	0.01023	0.03318	0.15886	0.43837	0.07161	0.01551	0.05883	0.01210	0.00589	0.00445	0.00138	0.00385	0.00494	0.00425	0.12288

[dist]
# distance from previous block
# <min> <max>
0	56

[block]
