[name]
unknown

[dist]
# distance from previous block
# <min> <max>
2	422

[block]
# block no. 0 follows, 55 sequences, length 28
# corresponding to MSA columns:
# 453,454,458-483
name=unknown_A
#
# <colnr> <probs for GDERKNQSTAVLIFYWHMCP>
#	G	D	E	R	K	N	Q	S	T	A	V	L	I	F	Y	W	H	M	C	P
0	0.02031	0.18330	0.04501	0.02924	0.11503	0.04908	0.07590	0.07228	0.03740	0.06373	0.03750	0.01646	0.04954	0.11548	0.00688	0.00173	0.00507	0.01798	0.00303	0.05505
1	0.02999	0.00967	0.05360	0.01269	0.17153	0.00913	0.03093	0.13321	0.08956	0.05990	0.07257	0.02537	0.05489	0.02406	0.11284	0.00223	0.00553	0.00499	0.00350	0.09380
2	0.01273	0.01048	0.01231	0.02948	0.10025	0.08788	0.04185	0.19164	0.08628	0.07928	0.05083	0.02864	0.04434	0.00973	0.11272	0.00219	0.02023	0.00486	0.01541	0.05886
3	0.02215	0.01062	0.07243	0.15039	0.07979	0.05602	0.05381	0.04593	0.05324	0.14412	0.06315	0.02870	0.02307	0.00528	0.00462	0.00134	0.01351	0.00450	0.00337	0.16396
4	0.01191	0.13680	0.01559	0.05284	0.33474	0.04669	0.02271	0.04378	0.02486	0.06257	0.02604	0.02190	0.00912	0.00476	0.00415	0.00127	0.00480	0.00409	0.13873	0.03265
5	0.09116	0.03574	0.01367	0.02255	0.15724	0.16653	0.00919	0.24072	0.06989	0.06232	0.01011	0.01106	0.00775	0.00572	0.02249	0.00150	0.03060	0.00383	0.00341	0.03454
6	0.01178	0.24868	0.08316	0.05215	0.05593	0.09601	0.11918	0.07892	0.02708	0.01398	0.00883	0.01098	0.00732	0.00844	0.11219	0.00209	0.01679	0.00377	0.00248	0.04024
7	0.00997	0.00910	0.01439	0.07935	0.48365	0.00914	0.01093	0.04564	0.01133	0.01561	0.12050	0.01991	0.13842	0.00616	0.00487	0.00144	0.00462	0.00561	0.00308	0.00629
8	0.01213	0.00787	0.00895	0.00754	0.00997	0.02194	0.00596	0.18929	0.04955	0.17420	0.17919	0.06286	0.19260	0.00865	0.01938	0.00157	0.00366	0.00678	0.00474	0.03318
9	0.00706	0.00548	0.00772	0.00893	0.11308	0.00516	0.00566	0.00908	0.01208	0.01694	0.55352	0.15831	0.05970	0.00967	0.00544	0.00152	0.00272	0.00865	0.00460	0.00467
10	0.61989	0.00959	0.01034	0.01264	0.24121	0.01062	0.00773	0.01385	0.00870	0.01922	0.00714	0.00871	0.00572	0.00427	0.00338	0.00142	0.00416	0.00299	0.00271	0.00572
11	0.00939	0.00769	0.01116	0.05261	0.23170	0.00823	0.00826	0.08182	0.05007	0.01406	0.01296	0.02773	0.03607	0.13428	0.25504	0.02351	0.00716	0.00513	0.01778	0.00535
12	0.00795	0.00475	0.00733	0.11495	0.00986	0.00516	0.00550	0.00719	0.00671	0.00902	0.00880	0.01456	0.00839	0.01760	0.14292	0.61458	0.00566	0.00420	0.00210	0.00278
13	0.12059	0.00497	0.00600	0.00657	0.00729	0.00514	0.00468	0.00793	0.00844	0.01273	0.01987	0.47141	0.02273	0.09812	0.13579	0.00299	0.00463	0.05250	0.00369	0.00394
14	0.01024	0.00714	0.00840	0.00792	0.00949	0.00738	0.00595	0.23648	0.03800	0.05747	0.02082	0.44572	0.03637	0.03930	0.00609	0.00181	0.00363	0.04802	0.00445	0.00530
15	0.29715	0.00974	0.01043	0.01063	0.11636	0.01080	0.00738	0.13942	0.22227	0.03095	0.03521	0.01405	0.04592	0.00556	0.00411	0.00146	0.00399	0.00430	0.02389	0.00638
16	0.00812	0.00431	0.00457	0.00473	0.00569	0.00425	0.00346	0.01007	0.00975	0.01653	0.04601	0.14709	0.01609	0.00702	0.00376	0.00123	0.00225	0.00589	0.69493	0.00425
17	0.21332	0.01067	0.01095	0.00897	0.01195	0.01182	0.00724	0.48720	0.01659	0.02460	0.01237	0.14041	0.01086	0.00671	0.00445	0.00148	0.00438	0.00523	0.00419	0.00659
18	0.60143	0.00978	0.01074	0.00880	0.01195	0.01088	0.12969	0.03213	0.11364	0.01992	0.00870	0.00972	0.00664	0.00455	0.00358	0.00148	0.00431	0.00339	0.00308	0.00560
19	0.00802	0.00621	0.00930	0.01158	0.13567	0.00632	0.00835	0.01020	0.01026	0.01371	0.02051	0.04146	0.02170	0.01440	0.11379	0.00273	0.00557	0.55176	0.00373	0.00475
20	0.00800	0.00706	0.00711	0.00664	0.00792	0.11227	0.00498	0.01004	0.01312	0.01757	0.68458	0.03145	0.05357	0.00893	0.00532	0.00143	0.00302	0.00772	0.00474	0.00451
21	0.00792	0.00694	0.00639	0.00625	0.00695	0.11243	0.00416	0.00850	0.00841	0.01022	0.01923	0.04259	0.15206	0.46919	0.11605	0.00388	0.00560	0.00669	0.00301	0.00354
22	0.11011	0.00838	0.00755	0.00707	0.00874	0.13423	0.00535	0.01198	0.06536	0.03819	0.34932	0.09410	0.11134	0.00844	0.00491	0.00147	0.00355	0.00704	0.01807	0.00482
23	0.01990	0.01062	0.01161	0.00915	0.01261	0.11560	0.00744	0.14382	0.01465	0.58108	0.01574	0.01411	0.01021	0.00560	0.00461	0.00140	0.00473	0.00438	0.00514	0.00758
24	0.00647	0.00471	0.00584	0.00558	0.00656	0.00435	0.00403	0.00818	0.01182	0.01632	0.57948	0.03540	0.14065	0.14063	0.00837	0.00196	0.00258	0.00834	0.00465	0.00408
25	0.05301	0.00738	0.00856	0.00722	0.00952	0.00732	0.00573	0.17618	0.03162	0.16227	0.32473	0.02625	0.14503	0.00804	0.00503	0.00146	0.00325	0.00672	0.00490	0.00579
26	0.00756	0.00550	0.00672	0.00707	0.00794	0.00547	0.00500	0.13074	0.01103	0.01467	0.02431	0.66824	0.06168	0.01303	0.00572	0.00180	0.00307	0.01164	0.00437	0.00444
27	0.71384	0.00887	0.00812	0.15417	0.01316	0.01042	0.00646	0.01335	0.00817	0.01925	0.00680	0.00843	0.00525	0.00438	0.00320	0.00146	0.00407	0.00281	0.00273	0.00506

[dist]
# distance from previous block
# <min> <max>
0	11

[block]
# block no. 1 follows, 55 sequences, length 73
# corresponding to MSA columns:
# 495-567
name=unknown_B
#
# <colnr> <probs for GDERKNQSTAVLIFYWHMCP>
#	G	D	E	R	K	N	Q	S	T	A	V	L	I	F	Y	W	H	M	C	P
0	0.86937	0.00900	0.00684	0.00612	0.00900	0.01044	0.00504	0.01368	0.00792	0.02087	0.00648	0.00756	0.00504	0.00432	0.00288	0.00144	0.00360	0.00252	0.00288	0.00504
1	0.00631	0.00474	0.00591	0.00572	0.00689	0.00434	0.00430	0.00818	0.01209	0.01649	0.54419	0.06478	0.22524	0.01152	0.04495	0.00181	0.00278	0.02075	0.00476	0.00424
2	0.01157	0.00999	0.01052	0.00947	0.01210	0.01157	0.00736	0.02472	0.79908	0.01946	0.01893	0.01736	0.01420	0.00631	0.00473	0.00158	0.00368	0.00526	0.00473	0.00736
3	0.00879	0.00827	0.01395	0.82532	0.03204	0.01034	0.01292	0.01189	0.00930	0.01189	0.00827	0.01240	0.00620	0.00465	0.00465	0.00155	0.00620	0.00413	0.00207	0.00517
4	0.00567	0.00405	0.00540	0.00648	0.00675	0.00378	0.00432	0.00648	0.00891	0.01188	0.02564	0.83347	0.03077	0.01457	0.00594	0.00189	0.00270	0.01323	0.00432	0.00378
5	0.01172	0.01007	0.01060	0.00950	0.01215	0.01164	0.00740	0.04333	0.78023	0.01970	0.01875	0.01721	0.01405	0.00629	0.00473	0.00157	0.00372	0.00523	0.00473	0.00738
6	0.00933	0.02406	0.81240	0.01326	0.02014	0.01080	0.01719	0.01473	0.00982	0.01473	0.00835	0.00982	0.00589	0.00442	0.00442	0.00147	0.00688	0.00344	0.00196	0.00688
7	0.01768	0.01303	0.01396	0.01070	0.01443	0.01443	0.00884	0.79197	0.02187	0.02932	0.01117	0.01117	0.00791	0.00558	0.00465	0.00140	0.00512	0.00419	0.00465	0.00791
8	0.86937	0.00900	0.00684	0.00612	0.00900	0.01044	0.00504	0.01368	0.00792	0.02087	0.00648	0.00756	0.00504	0.00432	0.00288	0.00144	0.00360	0.00252	0.00288	0.00504
9	0.00567	0.00405	0.00540	0.00648	0.00675	0.00378	0.00432	0.00648	0.00891	0.01188	0.02564	0.83347	0.03077	0.01457	0.00594	0.00189	0.00270	0.01323	0.00432	0.00378
10	0.01768	0.01303	0.01396	0.01070	0.01443	0.01443	0.00884	0.79197	0.02187	0.02932	0.01117	0.01117	0.00791	0.00558	0.00465	0.00140	0.00512	0.00419	0.00465	0.00791
11	0.00743	0.00533	0.00740	0.00843	0.00952	0.00530	0.00736	0.00953	0.01071	0.01387	0.02542	0.05221	0.05421	0.01281	0.00639	0.00212	0.00422	0.74918	0.00429	0.00427
12	0.00687	0.00497	0.00642	0.00598	0.00714	0.00465	0.00451	0.02914	0.01339	0.01893	0.78439	0.03414	0.04296	0.00941	0.00547	0.00146	0.00227	0.00830	0.00511	0.00448
13	0.01268	0.01139	0.01137	0.01026	0.02796	0.08131	0.00787	0.10488	0.61329	0.01951	0.01657	0.01563	0.01249	0.00611	0.00495	0.00153	0.02570	0.00490	0.00441	0.00719
14	0.00808	0.00404	0.00606	0.00606	0.00606	0.00404	0.00404	0.00606	0.00606	0.00808	0.00808	0.01414	0.00808	0.01616	0.01818	0.86465	0.00404	0.00404	0.00202	0.00202
15	0.01112	0.01111	0.03844	0.15609	0.63111	0.02465	0.01389	0.01420	0.02751	0.01468	0.00886	0.01169	0.00727	0.00429	0.00460	0.00141	0.00568	0.00413	0.00231	0.00697
16	0.00579	0.00410	0.00536	0.00632	0.00656	0.00386	0.00415	0.00651	0.00866	0.01155	0.02439	0.74208	0.02919	0.10811	0.00796	0.00219	0.00291	0.01249	0.00415	0.00367
17	0.00705	0.00482	0.00609	0.00670	0.00731	0.00471	0.00457	0.00895	0.08058	0.05104	0.02358	0.63929	0.02694	0.09577	0.00755	0.00210	0.00303	0.01144	0.00428	0.00421
18	0.82750	0.00880	0.00687	0.00618	0.00896	0.01021	0.00508	0.01341	0.00790	0.02038	0.00677	0.00808	0.00536	0.00580	0.04243	0.00173	0.00403	0.00264	0.00286	0.00500
19	0.00933	0.02406	0.81240	0.01326	0.02014	0.01080	0.01719	0.01473	0.00982	0.01473	0.00835	0.00982	0.00589	0.00442	0.00442	0.00147	0.00688	0.00344	0.00196	0.00688
20	0.01124	0.01079	0.01851	0.13168	0.66024	0.01105	0.04615	0.02751	0.01064	0.01500	0.00876	0.01167	0.00721	0.00423	0.00465	0.00141	0.00570	0.00420	0.00232	0.00705
21	0.00741	0.00564	0.00782	0.03496	0.04618	0.00549	0.00681	0.00928	0.01012	0.01354	0.05227	0.16926	0.06098	0.03095	0.04565	0.00219	0.00431	0.40935	0.00392	0.07385
22	0.00965	0.00827	0.00965	0.00689	0.01102	0.00620	0.00551	0.01171	0.00965	0.01516	0.00827	0.00965	0.00689	0.00345	0.00345	0.00069	0.00345	0.00276	0.00276	0.86494
23	0.01031	0.00861	0.01128	0.22441	0.04380	0.00971	0.02527	0.12321	0.23663	0.01694	0.06790	0.09988	0.03893	0.03481	0.00586	0.02237	0.00450	0.00596	0.00373	0.00589
24	0.01385	0.03121	0.01237	0.01031	0.01322	0.13726	0.02418	0.19583	0.46858	0.02014	0.01489	0.01426	0.01118	0.00581	0.00461	0.00147	0.00485	0.00461	0.00424	0.00713
25	0.01101	0.13964	0.43389	0.01339	0.01888	0.05834	0.17981	0.01505	0.01037	0.04729	0.00942	0.01092	0.02229	0.00447	0.00446	0.00141	0.00668	0.00389	0.00228	0.00651
26	0.02525	0.09039	0.32653	0.02370	0.04973	0.01119	0.07952	0.09459	0.06569	0.11489	0.02620	0.01300	0.03635	0.00515	0.00466	0.00144	0.01757	0.00423	0.00310	0.00680
27	0.01067	0.13190	0.49310	0.01362	0.01944	0.01229	0.16867	0.06964	0.01085	0.01528	0.00850	0.01014	0.00628	0.00434	0.00445	0.00142	0.00668	0.00377	0.00224	0.00671
28	0.00808	0.00404	0.00606	0.00606	0.00606	0.00404	0.00404	0.00606	0.00606	0.00808	0.00808	0.01414	0.00808	0.01616	0.01818	0.86465	0.00404	0.00404	0.00202	0.00202
29	0.00898	0.01207	0.20969	0.02524	0.11911	0.02780	0.11397	0.01186	0.01043	0.02878	0.11460	0.09062	0.12606	0.03733	0.00617	0.00165	0.04060	0.00634	0.00310	0.00560
30	0.01233	0.06006	0.26323	0.04401	0.04421	0.06349	0.06980	0.07734	0.09876	0.12054	0.06847	0.01439	0.03187	0.00541	0.00461	0.00144	0.00555	0.00451	0.00334	0.00665
31	0.00933	0.02406	0.81240	0.01326	0.02014	0.01080	0.01719	0.01473	0.00982	0.01473	0.00835	0.00982	0.00589	0.00442	0.00442	0.00147	0.00688	0.00344	0.00196	0.00688
32	0.00677	0.00451	0.00507	0.00507	0.00507	0.00451	0.00282	0.00677	0.00677	0.00902	0.01466	0.03044	0.01691	0.83650	0.02368	0.00451	0.00451	0.00677	0.00282	0.00282
33	0.01192	0.06968	0.36239	0.08357	0.13850	0.06186	0.04093	0.06531	0.02712	0.08154	0.00948	0.01089	0.00696	0.00460	0.00444	0.00142	0.00620	0.00378	0.00261	0.00680
34	0.01031	0.00991	0.01549	0.23373	0.45552	0.04350	0.01230	0.01306	0.02548	0.01386	0.01143	0.09402	0.03021	0.00558	0.00476	0.00148	0.00542	0.00516	0.00254	0.00626
35	0.00665	0.00498	0.00748	0.00748	0.00831	0.00582	0.00582	0.00831	0.00748	0.01080	0.01246	0.01828	0.01163	0.03489	0.81807	0.00748	0.01246	0.00498	0.00249	0.00415
36	0.01121	0.01190	0.02372	0.02350	0.36534	0.01146	0.45255	0.01463	0.01081	0.01503	0.00912	0.01210	0.00719	0.00402	0.00511	0.00149	0.00683	0.00490	0.00233	0.00675
37	0.01068	0.01425	0.15268	0.03837	0.04419	0.01156	0.62761	0.01479	0.01074	0.01481	0.00920	0.01208	0.00686	0.00402	0.00528	0.00155	0.00759	0.00509	0.00228	0.00637
38	0.00671	0.00473	0.00619	0.00619	0.00658	0.00512	0.00421	0.00748	0.00710	0.00985	0.01363	0.02478	0.01445	0.46312	0.39370	0.00589	0.00821	0.00594	0.00267	0.00344
39	0.00965	0.00827	0.00965	0.00689	0.01102	0.00620	0.00551	0.01171	0.00965	0.01516	0.00827	0.00965	0.00689	0.00345	0.00345	0.00069	0.00345	0.00276	0.00276	0.86494
40	0.00933	0.02406	0.81240	0.01326	0.02014	0.01080	0.01719	0.01473	0.00982	0.01473	0.00835	0.00982	0.00589	0.00442	0.00442	0.00147	0.00688	0.00344	0.00196	0.00688
41	0.00671	0.00472	0.00612	0.00612	0.00648	0.00508	0.00412	0.00744	0.00708	0.00980	0.01370	0.02515	0.01461	0.48749	0.36954	0.00580	0.00797	0.00599	0.00268	0.00340
42	0.01120	0.01081	0.01870	0.02677	0.71446	0.01074	0.06225	0.01397	0.01062	0.01507	0.01037	0.01360	0.03271	0.00458	0.00473	0.00142	0.00554	0.02293	0.00242	0.00712
43	0.00628	0.00504	0.00674	0.00676	0.00795	0.00471	0.04273	0.00770	0.00987	0.01265	0.06266	0.23605	0.33018	0.03458	0.09931	0.00247	0.00417	0.11209	0.00401	0.00407
44	0.01089	0.01018	0.01580	0.02166	0.52083	0.03221	0.03903	0.04397	0.06960	0.01543	0.01298	0.12041	0.02371	0.00618	0.00489	0.00150	0.00507	0.03604	0.00295	0.00666
45	0.01689	0.02124	0.01366	0.01337	0.08080	0.75026	0.00943	0.01822	0.01297	0.01171	0.00732	0.00865	0.00611	0.00474	0.00423	0.00121	0.00815	0.00309	0.00239	0.00556
46	0.01170	0.01092	0.01922	0.10822	0.23592	0.01124	0.26938	0.10127	0.01172	0.04522	0.02456	0.02562	0.00864	0.00503	0.00569	0.00152	0.06237	0.01890	0.00279	0.02008
47	0.01422	0.27125	0.10391	0.02734	0.02890	0.27288	0.00971	0.12747	0.04125	0.01456	0.00810	0.00920	0.00658	0.00480	0.00443	0.00125	0.04211	0.00323	0.00261	0.00618
48	0.00676	0.00509	0.00648	0.00719	0.00840	0.00481	0.00604	0.00852	0.01060	0.01339	0.03223	0.07980	0.28854	0.01256	0.00610	0.00194	0.00358	0.48953	0.00430	0.00414
49	0.01208	0.01025	0.01081	0.00957	0.01229	0.01181	0.00749	0.08886	0.73410	0.02029	0.01829	0.01684	0.01368	0.00625	0.00473	0.00156	0.00380	0.00517	0.00473	0.00741
50	0.00579	0.00418	0.00546	0.00633	0.00676	0.00388	0.00431	0.00675	0.00937	0.01249	0.09294	0.68673	0.08038	0.02798	0.00618	0.00188	0.00270	0.02767	0.00436	0.00383
51	0.04878	0.08781	0.43757	0.02366	0.01738	0.03719	0.02858	0.20541	0.01290	0.04504	0.00913	0.01011	0.00658	0.00471	0.00432	0.00141	0.00610	0.00358	0.00282	0.00693
52	0.00967	0.08868	0.70519	0.01319	0.01971	0.01147	0.05992	0.01468	0.00986	0.01444	0.00826	0.00979	0.00596	0.00436	0.00437	0.00144	0.00678	0.00348	0.00199	0.00677
53	0.00677	0.00451	0.00507	0.00507	0.00507	0.00451	0.00282	0.00677	0.00677	0.00902	0.01466	0.03044	0.01691	0.83650	0.02368	0.00451	0.00451	0.00677	0.00282	0.00282
54	0.01145	0.01099	0.01877	0.04631	0.79020	0.01104	0.01425	0.01422	0.01056	0.01512	0.00874	0.01153	0.00734	0.00416	0.00461	0.00139	0.00554	0.00414	0.00230	0.00732
55	0.00849	0.00692	0.00946	0.28431	0.04555	0.04627	0.00760	0.00966	0.02122	0.01062	0.01116	0.03540	0.01102	0.22768	0.04027	0.17871	0.00543	0.03383	0.00247	0.00394
56	0.00550	0.00471	0.00471	0.00471	0.00628	0.00393	0.00353	0.00668	0.01060	0.01257	0.04713	0.04477	0.80560	0.01178	0.00550	0.00157	0.00236	0.00982	0.00432	0.00393
57	0.00781	0.00417	0.00602	0.00602	0.00607	0.00422	0.00399	0.00631	0.00625	0.00839	0.00927	0.01664	0.00952	0.12950	0.07178	0.69048	0.00466	0.00448	0.00216	0.00227
58	0.00798	0.00506	0.00725	0.00718	0.00755	0.00555	0.00530	0.02816	0.00746	0.01021	0.01170	0.08803	0.01207	0.01833	0.16516	0.46728	0.07127	0.06873	0.00256	0.00316
59	0.00763	0.00553	0.00757	0.00854	0.00966	0.00560	0.00738	0.01026	0.04890	0.01412	0.02439	0.07828	0.02630	0.01259	0.00633	0.00211	0.00420	0.71189	0.00431	0.00442
60	0.00933	0.02406	0.81240	0.01326	0.02014	0.01080	0.01719	0.01473	0.00982	0.01473	0.00835	0.00982	0.00589	0.00442	0.00442	0.00147	0.00688	0.00344	0.00196	0.00688
61	0.00667	0.00490	0.00702	0.00702	0.00770	0.00557	0.00525	0.00802	0.00734	0.01046	0.01288	0.02057	0.01263	0.18592	0.66840	0.00692	0.01096	0.00532	0.00255	0.00390
62	0.20642	0.00675	0.00735	0.00664	0.00874	0.00673	0.00514	0.02740	0.04984	0.20121	0.07356	0.14483	0.15273	0.06108	0.00590	0.00175	0.00334	0.02097	0.00431	0.00530
63	0.01018	0.01018	0.01425	0.01221	0.01221	0.01425	0.01018	0.01120	0.00712	0.01120	0.00611	0.01018	0.00611	0.00814	0.01527	0.00204	0.82799	0.00407	0.00204	0.00509
64	0.00879	0.00827	0.01395	0.82532	0.03204	0.01034	0.01292	0.01189	0.00930	0.01189	0.00827	0.01240	0.00620	0.00465	0.00465	0.00155	0.00620	0.00413	0.00207	0.00517
65	0.00972	0.00819	0.01059	0.01005	0.01199	0.04711	0.07945	0.06581	0.15573	0.01593	0.02044	0.03748	0.02039	0.00996	0.00580	0.00189	0.00476	0.47524	0.00412	0.00533
66	0.00808	0.00404	0.00606	0.00606	0.00606	0.00404	0.00404	0.00606	0.00606	0.00808	0.00808	0.01414	0.00808	0.01616	0.01818	0.86465	0.00404	0.00404	0.00202	0.00202
67	0.86937	0.00900	0.00684	0.00612	0.00900	0.01044	0.00504	0.01368	0.00792	0.02087	0.00648	0.00756	0.00504	0.00432	0.00288	0.00144	0.00360	0.00252	0.00288	0.00504
68	0.00879	0.00827	0.01395	0.82532	0.03204	0.01034	0.01292	0.01189	0.00930	0.01189	0.00827	0.01240	0.00620	0.00465	0.00465	0.00155	0.00620	0.00413	0.00207	0.00517
69	0.05150	0.00605	0.00771	0.00717	0.00896	0.00566	0.00543	0.01394	0.04007	0.31194	0.02066	0.34097	0.01993	0.04983	0.00603	0.00179	0.00338	0.04472	0.04874	0.00553
70	0.00558	0.00463	0.00480	0.00491	0.00627	0.00394	0.00358	0.00666	0.01025	0.01233	0.04336	0.12606	0.68773	0.05112	0.00640	0.00174	0.00249	0.01003	0.00425	0.00386
71	0.86937	0.00900	0.00684	0.00612	0.00900	0.01044	0.00504	0.01368	0.00792	0.02087	0.00648	0.00756	0.00504	0.00432	0.00288	0.00144	0.00360	0.00252	0.00288	0.00504
72	0.08943	0.00755	0.00975	0.00788	0.01096	0.00687	0.00641	0.01974	0.03133	0.60571	0.06102	0.07394	0.01455	0.00666	0.00471	0.00149	0.00375	0.02586	0.00532	0.00709

[dist]
# distance from previous block
# <min> <max>
0	3

[block]
# block no. 2 follows, 55 sequences, length 42
# corresponding to MSA columns:
# 571-578,580-608,612-616
name=unknown_C
#
# <colnr> <probs for GDERKNQSTAVLIFYWHMCP>
#	G	D	E	R	K	N	Q	S	T	A	V	L	I	F	Y	W	H	M	C	P
0	0.00711	0.00544	0.00622	0.00638	0.00756	0.00478	0.00460	0.00815	0.01145	0.01494	0.22706	0.22609	0.37558	0.03279	0.00654	0.00192	0.00294	0.04102	0.00483	0.00460
1	0.01077	0.00906	0.01042	0.00767	0.01184	0.00687	0.00601	0.01251	0.01036	0.01619	0.00939	0.01120	0.00795	0.00421	0.00394	0.00091	0.00384	0.00314	0.00314	0.85059
2	0.02088	0.00854	0.01133	0.00905	0.01252	0.00739	0.00736	0.02238	0.01379	0.74297	0.01974	0.01980	0.01355	0.00697	0.00528	0.00169	0.00437	0.05823	0.00598	0.00820
3	0.03228	0.00912	0.01049	0.00901	0.01175	0.00920	0.00704	0.09456	0.26733	0.26091	0.12252	0.04561	0.07067	0.00786	0.00536	0.00172	0.00400	0.01792	0.00535	0.00732
4	0.06626	0.00516	0.00679	0.00673	0.00770	0.00565	0.00508	0.00844	0.00797	0.02458	0.03049	0.05472	0.09778	0.11158	0.50531	0.03401	0.00895	0.00587	0.00291	0.00403
5	0.00677	0.00451	0.00507	0.00507	0.00507	0.00451	0.00282	0.00677	0.00677	0.00902	0.01466	0.03044	0.01691	0.83650	0.02368	0.00451	0.00451	0.00677	0.00282	0.00282
6	0.00808	0.00404	0.00606	0.00606	0.00606	0.00404	0.00404	0.00606	0.00606	0.00808	0.00808	0.01414	0.00808	0.01616	0.01818	0.86465	0.00404	0.00404	0.00202	0.00202
7	0.01289	0.00814	0.01029	0.05752	0.06653	0.02228	0.00731	0.14171	0.06387	0.21486	0.03087	0.11396	0.03978	0.07572	0.06393	0.00221	0.00489	0.05296	0.00422	0.00608
8	0.01122	0.01093	0.01634	0.24789	0.42894	0.06236	0.02713	0.02748	0.09376	0.01470	0.00964	0.01219	0.00768	0.00458	0.00462	0.00144	0.00574	0.00421	0.00254	0.00662
9	0.70670	0.01014	0.00830	0.06392	0.04021	0.07867	0.00625	0.01399	0.00856	0.01924	0.00674	0.00811	0.00528	0.00438	0.00318	0.00142	0.00425	0.00273	0.00276	0.00516
10	0.00801	0.00591	0.00902	0.10482	0.07828	0.00641	0.00755	0.00960	0.00883	0.02996	0.01499	0.04263	0.01494	0.03693	0.28558	0.10235	0.00735	0.21946	0.00299	0.00438
11	0.00620	0.00427	0.00524	0.00579	0.00593	0.00414	0.00359	0.00662	0.00786	0.01048	0.02029	0.44218	0.02402	0.41507	0.01458	0.00317	0.00358	0.01008	0.00359	0.00331
12	0.01360	0.10633	0.05188	0.05093	0.12321	0.21122	0.02165	0.12890	0.13342	0.02863	0.01075	0.02657	0.00858	0.00513	0.00430	0.00133	0.00569	0.00400	0.04464	0.01924
13	0.03298	0.01011	0.01319	0.10568	0.19337	0.02248	0.00917	0.16449	0.01221	0.03105	0.00899	0.01073	0.00712	0.00437	0.00442	0.00116	0.02730	0.00357	0.00297	0.33465
14	0.22861	0.02501	0.03368	0.05012	0.06331	0.03915	0.00742	0.06055	0.13856	0.10945	0.05140	0.05154	0.01127	0.02262	0.00479	0.00149	0.02218	0.00447	0.00363	0.07075
15	0.00860	0.00650	0.00804	0.00841	0.00990	0.00685	0.00693	0.01355	0.22506	0.03173	0.02411	0.12310	0.05986	0.01105	0.00583	0.00192	0.00386	0.43514	0.00444	0.00513
16	0.01139	0.01092	0.01865	0.06580	0.77124	0.01102	0.01421	0.01417	0.01053	0.01504	0.00873	0.01156	0.00731	0.00417	0.00461	0.00139	0.00556	0.00414	0.00229	0.00727
17	0.03915	0.00839	0.01203	0.10724	0.31797	0.02423	0.00921	0.01182	0.04126	0.02505	0.03458	0.07406	0.20796	0.02741	0.00530	0.00154	0.00436	0.00620	0.00315	0.03909
18	0.00918	0.00854	0.01389	0.61901	0.05060	0.01040	0.03756	0.03589	0.02339	0.01260	0.00953	0.01367	0.02282	0.03518	0.02118	0.00179	0.06280	0.00442	0.00229	0.00526
19	0.00728	0.00547	0.00658	0.00607	0.00748	0.00519	0.00462	0.06283	0.03541	0.01824	0.58213	0.03457	0.18733	0.00959	0.00541	0.00148	0.00247	0.00830	0.00492	0.00463
20	0.06617	0.00599	0.00720	0.00703	0.00853	0.00579	0.00526	0.06907	0.02360	0.11782	0.05676	0.40557	0.08178	0.02526	0.00565	0.00174	0.00324	0.06224	0.00439	0.03691
21	0.01016	0.00560	0.00703	0.00640	0.00818	0.00502	0.00493	0.02280	0.01191	0.22139	0.24974	0.12975	0.21571	0.02393	0.00562	0.00160	0.00291	0.03623	0.02597	0.00514
22	0.00652	0.00444	0.00560	0.00608	0.00643	0.00443	0.00410	0.00732	0.00815	0.01124	0.01934	0.33469	0.02195	0.31572	0.10473	0.00344	0.00455	0.06499	0.06273	0.00355
23	0.68870	0.00842	0.00693	0.00616	0.00888	0.00953	0.00502	0.01428	0.03078	0.07489	0.00864	0.00952	0.00653	0.00460	0.00310	0.00140	0.00346	0.00295	0.10099	0.00522
24	0.09770	0.00992	0.01081	0.00894	0.01198	0.01073	0.00719	0.25203	0.26196	0.19001	0.01536	0.04278	0.01135	0.00604	0.00450	0.00147	0.00406	0.00479	0.04121	0.00717
25	0.00567	0.00405	0.00540	0.00648	0.00675	0.00378	0.00432	0.00648	0.00891	0.01188	0.02564	0.83347	0.03077	0.01457	0.00594	0.00189	0.00270	0.01323	0.00432	0.00378
26	0.00563	0.00467	0.00493	0.00496	0.00639	0.00397	0.00369	0.00690	0.01078	0.01321	0.13194	0.09802	0.66544	0.01172	0.00553	0.00158	0.00236	0.00989	0.00441	0.00397
27	0.54427	0.00840	0.00810	0.00686	0.00986	0.00892	0.00561	0.01636	0.00977	0.28549	0.01136	0.04894	0.00841	0.00528	0.00363	0.00146	0.00368	0.00374	0.00391	0.00595
28	0.07173	0.00608	0.00761	0.00690	0.00890	0.00562	0.00535	0.01417	0.01103	0.33028	0.05257	0.24703	0.05656	0.00885	0.00489	0.00156	0.00323	0.04371	0.10830	0.00563
29	0.01098	0.01255	0.02745	0.01961	0.02431	0.01176	0.79059	0.01490	0.01098	0.01490	0.00941	0.01255	0.00706	0.00392	0.00549	0.00157	0.00784	0.00549	0.00235	0.00627
30	0.86937	0.00900	0.00684	0.00612	0.00900	0.01044	0.00504	0.01368	0.00792	0.02087	0.00648	0.00756	0.00504	0.00432	0.00288	0.00144	0.00360	0.00252	0.00288	0.00504
31	0.00570	0.00406	0.00539	0.00643	0.00669	0.00380	0.00427	0.00649	0.00884	0.01178	0.02528	0.80694	0.03031	0.04173	0.00652	0.00198	0.00276	0.01301	0.00427	0.00375
32	0.00732	0.00523	0.00729	0.00836	0.00935	0.00520	0.00718	0.00933	0.01053	0.01372	0.02473	0.12969	0.02717	0.01302	0.00638	0.00212	0.00413	0.70074	0.00429	0.00423
33	0.86937	0.00900	0.00684	0.00612	0.00900	0.01044	0.00504	0.01368	0.00792	0.02087	0.00648	0.00756	0.00504	0.00432	0.00288	0.00144	0.00360	0.00252	0.00288	0.00504
34	0.00808	0.00404	0.00606	0.00606	0.00606	0.00404	0.00404	0.00606	0.00606	0.00808	0.00808	0.01414	0.00808	0.01616	0.01818	0.86465	0.00404	0.00404	0.00202	0.00202
35	0.00677	0.00517	0.00772	0.00765	0.00845	0.00612	0.00597	0.00841	0.00746	0.01081	0.01223	0.01798	0.01143	0.03391	0.78874	0.00728	0.04225	0.00495	0.00248	0.00419
36	0.00750	0.00535	0.00750	0.00857	0.00964	0.00535	0.00750	0.00964	0.01071	0.01392	0.02463	0.05248	0.02677	0.01285	0.00643	0.00214	0.00428	0.77617	0.00428	0.00428
37	0.00658	0.00476	0.00622	0.00585	0.00695	0.00439	0.00439	0.00878	0.01317	0.01866	0.80503	0.03475	0.04390	0.00951	0.00549	0.00146	0.00219	0.00841	0.00512	0.00439
38	0.01149	0.01113	0.01931	0.02811	0.76817	0.01109	0.05324	0.01431	0.01061	0.01518	0.00878	0.01157	0.00735	0.00413	0.00465	0.00139	0.00564	0.00421	0.00231	0.00731
39	0.01768	0.01303	0.01396	0.01070	0.01443	0.01443	0.00884	0.79197	0.02187	0.02932	0.01117	0.01117	0.00791	0.00558	0.00465	0.00140	0.00512	0.00419	0.00465	0.00791
40	0.86937	0.00900	0.00684	0.00612	0.00900	0.01044	0.00504	0.01368	0.00792	0.02087	0.00648	0.00756	0.00504	0.00432	0.00288	0.00144	0.00360	0.00252	0.00288	0.00504
41	0.00567	0.00405	0.00540	0.00648	0.00675	0.00378	0.00432	0.00648	0.00891	0.01188	0.02564	0.83347	0.03077	0.01457	0.00594	0.00189	0.00270	0.01323	0.00432	0.00378

[dist]
# distance from previous block
# <min> <max>
3	4

[block]
# block no. 3 follows, 55 sequences, length 45
# corresponding to MSA columns:
# 621,623-666
name=unknown_D
#
# <colnr> <probs for GDERKNQSTAVLIFYWHMCP>
#	G	D	E	R	K	N	Q	S	T	A	V	L	I	F	Y	W	H	M	C	P
0	0.00672	0.00449	0.00509	0.00513	0.00514	0.00448	0.00287	0.00675	0.00684	0.00913	0.01506	0.06007	0.01742	0.80618	0.02302	0.00441	0.00444	0.00700	0.00287	0.00285
1	0.01116	0.18358	0.08135	0.01282	0.04156	0.03372	0.18204	0.04218	0.02588	0.02499	0.04234	0.01230	0.02933	0.00571	0.00737	0.00152	0.22862	0.00432	0.00252	0.02669
2	0.42963	0.18510	0.14025	0.00952	0.06531	0.01243	0.00851	0.02940	0.02811	0.01725	0.00731	0.00856	0.00584	0.00445	0.00375	0.00137	0.03192	0.00292	0.00256	0.00580
3	0.00966	0.03463	0.15493	0.00926	0.01352	0.00771	0.08690	0.01248	0.01025	0.03392	0.09361	0.02927	0.01122	0.00461	0.00411	0.00105	0.00441	0.00400	0.00291	0.47154
4	0.03213	0.01562	0.02468	0.01088	0.01409	0.27242	0.00874	0.41989	0.09762	0.04234	0.01074	0.01094	0.00795	0.00537	0.00448	0.00135	0.00599	0.00389	0.00389	0.00698
5	0.01225	0.78914	0.07287	0.00829	0.01244	0.01794	0.00853	0.01398	0.00948	0.01118	0.00658	0.00761	0.00597	0.00401	0.00307	0.00102	0.00509	0.00255	0.00199	0.00603
6	0.00640	0.00475	0.00596	0.00566	0.00684	0.00431	0.00424	0.00842	0.01273	0.01762	0.67642	0.03645	0.17315	0.00990	0.00549	0.00148	0.00222	0.00865	0.00499	0.00431
7	0.00942	0.00800	0.00939	0.00681	0.01072	0.00607	0.00543	0.01149	0.00991	0.01542	0.06824	0.01154	0.00968	0.00390	0.00360	0.00075	0.00335	0.00318	0.00293	0.80017
8	0.00886	0.00835	0.01409	0.80278	0.05398	0.01036	0.01296	0.01195	0.00934	0.01198	0.00828	0.01238	0.00623	0.00464	0.00465	0.00155	0.00618	0.00413	0.00207	0.00523
9	0.00658	0.00476	0.00622	0.00585	0.00695	0.00439	0.00439	0.00878	0.01317	0.01866	0.80503	0.03475	0.04390	0.00951	0.00549	0.00146	0.00219	0.00841	0.00512	0.00439
10	0.01768	0.01303	0.01396	0.01070	0.01443	0.01443	0.00884	0.79197	0.02187	0.02932	0.01117	0.01117	0.00791	0.00558	0.00465	0.00140	0.00512	0.00419	0.00465	0.00791
11	0.01094	0.01243	0.02677	0.01923	0.02369	0.01189	0.75018	0.01471	0.01078	0.01471	0.00924	0.01243	0.00701	0.00414	0.00600	0.00159	0.05031	0.00542	0.00234	0.00621
12	0.00687	0.00531	0.00790	0.00777	0.00855	0.00635	0.00609	0.00849	0.00745	0.01082	0.01206	0.01777	0.01128	0.03321	0.76756	0.00713	0.06377	0.00493	0.00246	0.00421
13	0.00879	0.00827	0.01395	0.82532	0.03204	0.01034	0.01292	0.01189	0.00930	0.01189	0.00827	0.01240	0.00620	0.00465	0.00465	0.00155	0.00620	0.00413	0.00207	0.00517
14	0.00567	0.00405	0.00540	0.00648	0.00675	0.00378	0.00432	0.00648	0.00891	0.01188	0.02564	0.83347	0.03077	0.01457	0.00594	0.00189	0.00270	0.01323	0.00432	0.00378
15	0.02087	0.00792	0.01080	0.00828	0.01188	0.00684	0.00684	0.02267	0.01332	0.81071	0.01835	0.01583	0.01152	0.00576	0.00468	0.00144	0.00396	0.00468	0.00576	0.00792
16	0.01860	0.00983	0.01180	0.00924	0.01274	0.00988	0.00760	0.29292	0.08520	0.44662	0.01604	0.01525	0.01087	0.00592	0.00472	0.00145	0.00435	0.02394	0.00524	0.00778
17	0.01018	0.01018	0.01425	0.01221	0.01221	0.01425	0.01018	0.01120	0.00712	0.01120	0.00611	0.01018	0.00611	0.00814	0.01527	0.00204	0.82799	0.00407	0.00204	0.00509
18	0.00567	0.00405	0.00540	0.00648	0.00675	0.00378	0.00432	0.00648	0.00891	0.01188	0.02564	0.83347	0.03077	0.01457	0.00594	0.00189	0.00270	0.01323	0.00432	0.00378
19	0.44618	0.01029	0.00983	0.00807	0.01129	0.01148	0.00663	0.27264	0.06606	0.10188	0.01004	0.01023	0.00724	0.00501	0.00377	0.00143	0.00414	0.00347	0.00388	0.00643
20	0.00770	0.00470	0.00617	0.00661	0.00738	0.00436	0.00468	0.00873	0.00962	0.10275	0.07215	0.52792	0.04637	0.09963	0.00766	0.00210	0.00311	0.06975	0.00437	0.00423
21	0.02087	0.00792	0.01080	0.00828	0.01188	0.00684	0.00684	0.02267	0.01332	0.81071	0.01835	0.01583	0.01152	0.00576	0.00468	0.00144	0.00396	0.00468	0.00576	0.00792
22	0.00652	0.00443	0.00513	0.00533	0.00543	0.00435	0.00313	0.00671	0.00728	0.00967	0.01769	0.18366	0.04248	0.65613	0.01977	0.00393	0.00410	0.00808	0.00315	0.00303
23	0.04238	0.00535	0.00622	0.00597	0.00739	0.00504	0.00445	0.00988	0.06212	0.06332	0.33535	0.13358	0.25670	0.03420	0.00587	0.00164	0.00263	0.00871	0.00464	0.00456
24	0.00563	0.00418	0.00526	0.00612	0.00665	0.00381	0.00416	0.00652	0.00925	0.01201	0.02996	0.67509	0.18637	0.01401	0.00585	0.00183	0.00263	0.01254	0.00432	0.00381
25	0.00665	0.00498	0.00748	0.00748	0.00831	0.00582	0.00582	0.00831	0.00748	0.01080	0.01246	0.01828	0.01163	0.03489	0.81807	0.00748	0.01246	0.00498	0.00249	0.00415
26	0.01414	0.01042	0.01135	0.00948	0.01246	0.01153	0.00757	0.28581	0.39744	0.09880	0.04598	0.02960	0.03132	0.00639	0.00477	0.00150	0.00410	0.00519	0.00480	0.00736
27	0.43964	0.00657	0.00613	0.00622	0.00781	0.00717	0.00461	0.01016	0.00841	0.01642	0.03326	0.36346	0.01750	0.04707	0.00521	0.00177	0.00322	0.00744	0.00354	0.00438
28	0.00708	0.00486	0.00564	0.00574	0.00601	0.00487	0.00353	0.04972	0.00814	0.01086	0.01727	0.23446	0.01996	0.58107	0.01811	0.00367	0.00408	0.00827	0.00330	0.00334
29	0.00600	0.00416	0.00550	0.00643	0.00680	0.00387	0.00432	0.00684	0.00905	0.02761	0.03818	0.76890	0.04664	0.03378	0.00632	0.00193	0.00275	0.01276	0.00432	0.00385
30	0.02459	0.00697	0.00893	0.00797	0.00931	0.00767	0.00614	0.17451	0.02971	0.06347	0.01094	0.01526	0.00954	0.01686	0.20528	0.32524	0.04797	0.02207	0.00305	0.00453
31	0.09614	0.01432	0.01406	0.01172	0.03643	0.20048	0.07892	0.35665	0.10902	0.02150	0.01049	0.01105	0.00785	0.00518	0.00446	0.00139	0.00582	0.00400	0.00370	0.00683
32	0.16288	0.00864	0.01039	0.00818	0.01162	0.00833	0.00673	0.08716	0.05232	0.57144	0.01577	0.01412	0.01025	0.00553	0.00438	0.00144	0.00398	0.00430	0.00513	0.00740
33	0.00585	0.00416	0.00549	0.00648	0.00678	0.00392	0.00438	0.00667	0.00884	0.01177	0.02474	0.72919	0.02949	0.07740	0.00732	0.00210	0.00292	0.05454	0.00420	0.00373
34	0.01210	0.53023	0.05508	0.12513	0.06538	0.02834	0.00950	0.06343	0.04808	0.01308	0.00785	0.00924	0.00660	0.00433	0.00359	0.00117	0.00527	0.00311	0.00233	0.00616
35	0.00911	0.00863	0.01291	0.03371	0.14287	0.02868	0.06499	0.01088	0.00914	0.01291	0.07988	0.08978	0.05174	0.01170	0.12153	0.00254	0.27898	0.02206	0.00280	0.00518
36	0.00566	0.00408	0.00536	0.00639	0.00672	0.00379	0.00428	0.00649	0.00899	0.01191	0.02673	0.79367	0.06987	0.01443	0.00592	0.00187	0.00268	0.01305	0.00432	0.00379
37	0.00692	0.00501	0.00669	0.10258	0.00999	0.00490	0.00540	0.00827	0.00980	0.05163	0.07631	0.40127	0.19957	0.03474	0.02362	0.00193	0.00339	0.03969	0.00409	0.00422
38	0.00985	0.00839	0.00976	0.00699	0.01111	0.00641	0.00560	0.03184	0.00996	0.01552	0.00834	0.00969	0.00692	0.00350	0.00348	0.00071	0.00349	0.00279	0.00281	0.84284
39	0.01632	0.00781	0.00989	0.00794	0.01082	0.00734	0.00634	0.09024	0.07551	0.47557	0.13581	0.01943	0.01662	0.07341	0.00631	0.00168	0.00381	0.00537	0.00518	0.02458
40	0.04436	0.01326	0.16364	0.03979	0.14875	0.03264	0.25808	0.01437	0.04765	0.01530	0.05225	0.01348	0.00945	0.00476	0.00501	0.00144	0.02557	0.02054	0.00262	0.08702
41	0.03177	0.01057	0.04772	0.04079	0.23728	0.02242	0.06972	0.09921	0.16363	0.03965	0.05722	0.04510	0.05776	0.00586	0.00474	0.00144	0.00476	0.00521	0.00348	0.05167
42	0.02130	0.00735	0.00806	0.00762	0.02560	0.07761	0.03352	0.02901	0.02962	0.06944	0.08243	0.16415	0.17690	0.16655	0.00868	0.00209	0.00396	0.03192	0.00383	0.05035
43	0.04663	0.03184	0.01128	0.00926	0.02824	0.09527	0.04050	0.07525	0.11594	0.21907	0.10206	0.05309	0.04945	0.00640	0.00478	0.00139	0.01652	0.00525	0.00423	0.08355
44	0.04050	0.00945	0.05719	0.00866	0.02291	0.06553	0.02967	0.07716	0.15237	0.06925	0.10156	0.11050	0.13393	0.02430	0.00531	0.00158	0.00403	0.03501	0.02503	0.02605

[dist]
# distance from previous block
# <min> <max>
0	14

[block]
# block no. 4 follows, 55 sequences, length 90
# corresponding to MSA columns:
# 681-720,723-738,742-767,769-776
name=unknown_E
#
# <colnr> <probs for GDERKNQSTAVLIFYWHMCP>
#	G	D	E	R	K	N	Q	S	T	A	V	L	I	F	Y	W	H	M	C	P
0	0.07656	0.02762	0.07315	0.04232	0.19626	0.04333	0.04659	0.11251	0.05530	0.18764	0.02820	0.03018	0.00960	0.00601	0.02436	0.00159	0.02390	0.00444	0.00358	0.00684
1	0.01174	0.00673	0.00812	0.00749	0.00928	0.02561	0.00564	0.05843	0.06159	0.25679	0.02309	0.36204	0.09104	0.02964	0.00588	0.00172	0.01617	0.00874	0.00469	0.00556
2	0.02596	0.00883	0.01321	0.24712	0.24159	0.04038	0.03778	0.01263	0.05081	0.02862	0.06563	0.10196	0.02244	0.05432	0.00597	0.00170	0.00510	0.02736	0.00295	0.00563
3	0.02618	0.01030	0.01441	0.32636	0.23488	0.06068	0.01146	0.07564	0.05959	0.02965	0.00989	0.04021	0.00808	0.00515	0.00500	0.00147	0.03745	0.00438	0.00270	0.03652
4	0.00662	0.00453	0.00528	0.00542	0.00582	0.00432	0.00340	0.00713	0.00829	0.02519	0.08044	0.18939	0.12514	0.49049	0.01612	0.00333	0.00369	0.00852	0.00353	0.00336
5	0.01000	0.00936	0.01514	0.43902	0.30054	0.01060	0.01260	0.01409	0.09763	0.01403	0.02607	0.01310	0.00828	0.00476	0.00466	0.00149	0.00560	0.00435	0.00251	0.00617
6	0.14713	0.00696	0.00930	0.15075	0.08027	0.00740	0.00759	0.01162	0.00956	0.09398	0.01671	0.02507	0.08556	0.05757	0.03573	0.06751	0.00469	0.17437	0.00334	0.00489
7	0.00647	0.00436	0.00569	0.00639	0.00686	0.00410	0.00437	0.00739	0.00922	0.03923	0.08126	0.59869	0.04166	0.11419	0.00805	0.00217	0.00300	0.04879	0.00424	0.00387
8	0.01636	0.00754	0.00960	0.00775	0.01069	0.00696	0.00626	0.05331	0.08513	0.50912	0.12024	0.02066	0.08274	0.00677	0.00481	0.00145	0.00356	0.00561	0.03447	0.00696
9	0.00991	0.00950	0.01295	0.01120	0.01161	0.03053	0.02803	0.03725	0.00794	0.01175	0.00812	0.01353	0.00805	0.07364	0.10393	0.00278	0.59172	0.02033	0.00230	0.00493
10	0.04466	0.01003	0.01115	0.00920	0.01215	0.01079	0.00739	0.35656	0.17558	0.15058	0.03843	0.09553	0.02818	0.00696	0.00481	0.00151	0.00420	0.02048	0.00475	0.00705
11	0.01231	0.00855	0.00931	0.00802	0.01044	0.00926	0.00633	0.17391	0.30664	0.08823	0.08960	0.01850	0.04179	0.00641	0.00449	0.00141	0.00349	0.00524	0.18959	0.00648
12	0.01183	0.01095	0.01861	0.02787	0.78049	0.01091	0.01403	0.01456	0.01069	0.04219	0.00908	0.01166	0.00751	0.00420	0.00461	0.00138	0.00547	0.00416	0.00242	0.00739
13	0.65373	0.00872	0.00784	0.00667	0.00973	0.00952	0.00550	0.01596	0.00929	0.22160	0.00950	0.00966	0.00668	0.00468	0.00334	0.00144	0.00369	0.00307	0.00361	0.00577
14	0.00667	0.00462	0.00620	0.00711	0.00769	0.00446	0.00534	0.00788	0.00940	0.02447	0.02403	0.45890	0.02762	0.09880	0.00793	0.00224	0.00347	0.28509	0.00417	0.00392
15	0.00762	0.00525	0.00639	0.00592	0.00741	0.00482	0.00450	0.01008	0.05278	0.07608	0.50862	0.03506	0.23852	0.00966	0.00539	0.00150	0.00244	0.00834	0.00494	0.00468
16	0.00674	0.00450	0.00508	0.00511	0.00511	0.00449	0.00285	0.00676	0.00682	0.00909	0.01491	0.04908	0.01723	0.81743	0.02327	0.00445	0.00447	0.00692	0.00285	0.00284
17	0.00581	0.00417	0.00529	0.00612	0.00647	0.00390	0.00403	0.00654	0.00876	0.01153	0.02603	0.64789	0.09907	0.13106	0.00842	0.00223	0.00293	0.01200	0.00411	0.00366
18	0.01157	0.00999	0.01052	0.00947	0.01210	0.01157	0.00736	0.02472	0.79908	0.01946	0.01893	0.01736	0.01420	0.00631	0.00473	0.00158	0.00368	0.00526	0.00473	0.00736
19	0.02087	0.00792	0.01080	0.00828	0.01188	0.00684	0.00684	0.02267	0.01332	0.81071	0.01835	0.01583	0.01152	0.00576	0.00468	0.00144	0.00396	0.00468	0.00576	0.00792
20	0.00605	0.00451	0.00552	0.00582	0.00668	0.00411	0.00415	0.00735	0.01052	0.01393	0.26130	0.30474	0.23310	0.07220	0.00700	0.00188	0.00265	0.04008	0.00445	0.00395
21	0.01768	0.01303	0.01396	0.01070	0.01443	0.01443	0.00884	0.79197	0.02187	0.02932	0.01117	0.01117	0.00791	0.00558	0.00465	0.00140	0.00512	0.00419	0.00465	0.00791
22	0.86937	0.00900	0.00684	0.00612	0.00900	0.01044	0.00504	0.01368	0.00792	0.02087	0.00648	0.00756	0.00504	0.00432	0.00288	0.00144	0.00360	0.00252	0.00288	0.00504
23	0.02054	0.00784	0.01069	0.00822	0.01176	0.00678	0.00678	0.02234	0.01331	0.79203	0.03691	0.01628	0.01228	0.00585	0.00470	0.00144	0.00392	0.00477	0.00574	0.00783
24	0.00669	0.00450	0.00508	0.00512	0.00517	0.00446	0.00290	0.00675	0.00696	0.00923	0.01597	0.06371	0.03851	0.78086	0.02247	0.00432	0.00438	0.00711	0.00292	0.00289
25	0.00658	0.00476	0.00622	0.00585	0.00695	0.00439	0.00439	0.00878	0.01317	0.01866	0.80503	0.03475	0.04390	0.00951	0.00549	0.00146	0.00219	0.00841	0.00512	0.00439
26	0.02087	0.00792	0.01080	0.00828	0.01188	0.00684	0.00684	0.02267	0.01332	0.81071	0.01835	0.01583	0.01152	0.00576	0.00468	0.00144	0.00396	0.00468	0.00576	0.00792
27	0.86937	0.00900	0.00684	0.00612	0.00900	0.01044	0.00504	0.01368	0.00792	0.02087	0.00648	0.00756	0.00504	0.00432	0.00288	0.00144	0.00360	0.00252	0.00288	0.00504
28	0.00597	0.00428	0.00573	0.00679	0.00722	0.00404	0.00483	0.00700	0.00924	0.01223	0.02587	0.69019	0.04421	0.01424	0.00601	0.00193	0.00295	0.13911	0.00431	0.00386
29	0.01244	0.83930	0.02438	0.00796	0.01194	0.01841	0.00796	0.01393	0.00945	0.01095	0.00647	0.00746	0.00597	0.00398	0.00299	0.00100	0.00498	0.00249	0.00199	0.00597
30	0.02087	0.00792	0.01080	0.00828	0.01188	0.00684	0.00684	0.02267	0.01332	0.81071	0.01835	0.01583	0.01152	0.00576	0.00468	0.00144	0.00396	0.00468	0.00576	0.00792
31	0.86937	0.00900	0.00684	0.00612	0.00900	0.01044	0.00504	0.01368	0.00792	0.02087	0.00648	0.00756	0.00504	0.00432	0.00288	0.00144	0.00360	0.00252	0.00288	0.00504
32	0.00567	0.00405	0.00540	0.00648	0.00675	0.00378	0.00432	0.00648	0.00891	0.01188	0.02564	0.83347	0.03077	0.01457	0.00594	0.00189	0.00270	0.01323	0.00432	0.00378
33	0.00620	0.00474	0.00568	0.00545	0.00671	0.00423	0.00409	0.00803	0.01226	0.01649	0.53576	0.03831	0.31451	0.01032	0.00549	0.00150	0.00225	0.00891	0.00484	0.00423
34	0.00665	0.00498	0.00748	0.00748	0.00831	0.00582	0.00582	0.00831	0.00748	0.01080	0.01246	0.01828	0.01163	0.03489	0.81807	0.00748	0.01246	0.00498	0.00249	0.00415
35	0.01738	0.02200	0.01320	0.01196	0.01438	0.80271	0.00899	0.03313	0.01335	0.01172	0.00727	0.00844	0.00603	0.00481	0.00420	0.00120	0.00833	0.00302	0.00244	0.00544
36	0.01563	0.01254	0.04073	0.01044	0.01395	0.01348	0.00871	0.54352	0.24576	0.02597	0.01331	0.01291	0.00966	0.00575	0.00467	0.00145	0.00477	0.00447	0.00458	0.00772
37	0.00676	0.00453	0.00516	0.00516	0.00519	0.00456	0.00292	0.00682	0.00679	0.00908	0.01458	0.03002	0.01673	0.80888	0.05105	0.00461	0.00478	0.00670	0.00281	0.00286
38	0.00965	0.00827	0.00965	0.00689	0.01102	0.00620	0.00551	0.01171	0.00965	0.01516	0.00827	0.00965	0.00689	0.00345	0.00345	0.00069	0.00345	0.00276	0.00276	0.86494
39	0.01108	0.01054	0.01790	0.07634	0.71541	0.01066	0.01375	0.01381	0.01048	0.01488	0.00963	0.03037	0.00846	0.00470	0.00470	0.00143	0.00547	0.03094	0.00240	0.00705
40	0.00748	0.00534	0.00745	0.00850	0.00955	0.00534	0.00741	0.00958	0.01064	0.01383	0.02445	0.05206	0.02659	0.02824	0.00675	0.00219	0.00429	0.76180	0.00426	0.00426
41	0.43331	0.00824	0.00849	0.00700	0.01010	0.00844	0.00575	0.01761	0.01048	0.38010	0.01239	0.01189	0.00839	0.00504	0.00372	0.00142	0.00368	0.00361	0.05404	0.00631
42	0.04307	0.61035	0.07753	0.03724	0.01345	0.12796	0.00882	0.01455	0.00994	0.01166	0.00676	0.00793	0.00594	0.00416	0.00331	0.00109	0.00558	0.00268	0.00208	0.00589
43	0.03012	0.01187	0.01690	0.16549	0.52920	0.10300	0.01300	0.04835	0.01110	0.01492	0.00855	0.01122	0.00698	0.00437	0.00453	0.00139	0.00591	0.00398	0.00239	0.00673
44	0.00798	0.00406	0.00601	0.00604	0.00604	0.00405	0.00400	0.00609	0.00615	0.00819	0.00868	0.03205	0.00887	0.04465	0.01811	0.81649	0.00403	0.00433	0.00210	0.00209
45	0.00561	0.00468	0.00489	0.00491	0.00637	0.00396	0.00365	0.00686	0.01075	0.01308	0.11486	0.08487	0.69612	0.01172	0.00552	0.00158	0.00236	0.00987	0.00439	0.00396
46	0.00965	0.00827	0.00965	0.00689	0.01102	0.00620	0.00551	0.01171	0.00965	0.01516	0.00827	0.00965	0.00689	0.00345	0.00345	0.00069	0.00345	0.00276	0.00276	0.86494
47	0.01297	0.58871	0.05212	0.00985	0.05901	0.03011	0.02241	0.10730	0.01119	0.02782	0.00781	0.00883	0.00660	0.00429	0.00344	0.00111	0.00509	0.00299	0.03205	0.00629
48	0.04194	0.73344	0.09819	0.00840	0.01261	0.01741	0.00873	0.01400	0.00943	0.01165	0.00665	0.00769	0.00593	0.00403	0.00312	0.00106	0.00511	0.00258	0.00202	0.00602
