[name]
unknown

[dist]
# distance from previous block
# <min> <max>
14	393

[block]
# block no. 0 follows, 49 sequences, length 11
# corresponding to MSA columns:
# 473-483
name=unknown_A
#
# <colnr> <probs for GDERKNQSTAVLIFYWHMCP>
#	G	D	E	R	K	N	Q	S	T	A	V	L	I	F	Y	W	H	M	C	P
0	0.01202	0.03212	0.01058	0.02648	0.01187	0.00945	0.00684	0.16553	0.17816	0.06053	0.02320	0.07810	0.18292	0.00847	0.00575	0.03750	0.00402	0.00656	0.00446	0.13545
1	0.01224	0.28614	0.47137	0.01216	0.01828	0.01447	0.01447	0.05532	0.01138	0.04787	0.00902	0.01019	0.00680	0.00477	0.00432	0.00143	0.00657	0.00350	0.00247	0.00726
2	0.01300	0.70361	0.14371	0.00953	0.01434	0.01875	0.01018	0.01527	0.01034	0.01252	0.00734	0.00850	0.00648	0.00440	0.00348	0.00116	0.00572	0.00286	0.00216	0.00664
3	0.01029	0.00899	0.01144	0.17185	0.01666	0.00766	0.00764	0.01277	0.01041	0.01575	0.00899	0.01110	0.00734	0.00401	0.00401	0.00094	0.00436	0.00330	0.00284	0.67963
4	0.00943	0.00471	0.00471	0.00471	0.00589	0.00471	0.00353	0.01178	0.01060	0.01885	0.01650	0.01885	0.01296	0.00589	0.00353	0.00118	0.00236	0.00471	0.85036	0.00471
5	0.00663	0.00475	0.00632	0.00697	0.00763	0.00445	0.00496	0.00811	0.01135	0.01550	0.27897	0.50785	0.03786	0.01389	0.00633	0.00192	0.00287	0.06430	0.00498	0.00436
6	0.01283	0.01127	0.01466	0.01657	0.25161	0.04471	0.03593	0.14750	0.19946	0.02085	0.17201	0.01904	0.01795	0.00656	0.00526	0.00157	0.00492	0.00575	0.00421	0.00732
7	0.00943	0.00471	0.00471	0.00471	0.00589	0.00471	0.00353	0.01178	0.01060	0.01885	0.01650	0.01885	0.01296	0.00589	0.00353	0.00118	0.00236	0.00471	0.85036	0.00471
8	0.01127	0.01097	0.01886	0.34807	0.08539	0.01207	0.20983	0.05300	0.07426	0.01580	0.01031	0.01351	0.00792	0.00518	0.00596	0.00166	0.05796	0.00490	0.00276	0.05032
9	0.00943	0.00471	0.00471	0.00471	0.00589	0.00471	0.00353	0.01178	0.01060	0.01885	0.01650	0.01885	0.01296	0.00589	0.00353	0.00118	0.00236	0.00471	0.85036	0.00471
10	0.06971	0.03285	0.02720	0.04508	0.04847	0.23052	0.00901	0.18352	0.03501	0.08013	0.07723	0.03745	0.03931	0.00684	0.00521	0.00154	0.02204	0.03835	0.00395	0.00659

[dist]
# distance from previous block
# <min> <max>
1	3

[block]
# block no. 1 follows, 49 sequences, length 20
# corresponding to MSA columns:
# 489-508
name=unknown_B
#
# <colnr> <probs for GDERKNQSTAVLIFYWHMCP>
#	G	D	E	R	K	N	Q	S	T	A	V	L	I	F	Y	W	H	M	C	P
0	0.58982	0.01189	0.01020	0.02741	0.08173	0.10412	0.00743	0.04962	0.02788	0.02086	0.00792	0.00930	0.00625	0.00495	0.00394	0.00155	0.02289	0.00318	0.00310	0.00595
1	0.06163	0.01059	0.03178	0.32751	0.18868	0.01134	0.08932	0.04413	0.01141	0.08707	0.01093	0.01505	0.00862	0.00554	0.00561	0.00167	0.04151	0.03803	0.00296	0.00662
2	0.00659	0.00471	0.00636	0.00753	0.00802	0.00448	0.00544	0.00779	0.01011	0.01339	0.02763	0.65395	0.03250	0.01544	0.00657	0.00211	0.00331	0.17517	0.00469	0.00423
3	0.01339	0.01123	0.01169	0.01060	0.03083	0.04756	0.00816	0.13303	0.50349	0.04207	0.02118	0.02129	0.07506	0.00738	0.00525	0.00169	0.00443	0.03917	0.00493	0.00757
4	0.00943	0.00471	0.00471	0.00471	0.00589	0.00471	0.00353	0.01178	0.01060	0.01885	0.01650	0.01885	0.01296	0.00589	0.00353	0.00118	0.00236	0.00471	0.85036	0.00471
5	0.01862	0.00975	0.01185	0.00956	0.01304	0.00969	0.00781	0.17111	0.14800	0.42739	0.05075	0.01982	0.03099	0.00698	0.00523	0.00162	0.00440	0.03961	0.00570	0.00807
6	0.01252	0.01201	0.02053	0.03104	0.79074	0.01201	0.01552	0.01552	0.01151	0.01652	0.00951	0.01252	0.00801	0.00451	0.00501	0.00150	0.00601	0.00451	0.00250	0.00801
7	0.01115	0.01100	0.01958	0.15331	0.40516	0.01131	0.15848	0.01418	0.01113	0.01535	0.01284	0.05641	0.05465	0.00578	0.00577	0.00164	0.03704	0.00565	0.00270	0.00688
8	0.02055	0.00920	0.01178	0.00927	0.01296	0.00863	0.00758	0.07772	0.11955	0.60938	0.04472	0.01775	0.01379	0.00646	0.00512	0.00158	0.00429	0.00527	0.00600	0.00840
9	0.00943	0.00471	0.00471	0.00471	0.00589	0.00471	0.00353	0.01178	0.01060	0.01885	0.01650	0.01885	0.01296	0.00589	0.00353	0.00118	0.00236	0.00471	0.85036	0.00471
10	0.01057	0.00926	0.01162	0.00830	0.01283	0.00709	0.05081	0.01294	0.01057	0.01646	0.00906	0.01067	0.00750	0.00378	0.00387	0.00080	0.00402	0.00317	0.00297	0.80370
11	0.00780	0.00560	0.00703	0.00656	0.00797	0.00527	0.00495	0.01079	0.06027	0.04074	0.65324	0.03708	0.11295	0.01024	0.00589	0.00161	0.00255	0.00897	0.00548	0.00502
12	0.00635	0.00466	0.00650	0.00738	0.00779	0.00436	0.02527	0.00730	0.00967	0.01290	0.02703	0.77351	0.03230	0.03999	0.00703	0.00213	0.00314	0.01394	0.00459	0.00415
13	0.01298	0.05024	0.02040	0.01508	0.01853	0.14900	0.29995	0.03550	0.01147	0.01497	0.00877	0.01151	0.00720	0.00535	0.00743	0.00155	0.17540	0.00450	0.00262	0.14756
14	0.00943	0.00471	0.00471	0.00471	0.00589	0.00471	0.00353	0.01178	0.01060	0.01885	0.01650	0.01885	0.01296	0.00589	0.00353	0.00118	0.00236	0.00471	0.85036	0.00471
15	0.01107	0.00864	0.01034	0.00829	0.02754	0.00725	0.00636	0.04365	0.04356	0.06604	0.05567	0.08315	0.03384	0.00588	0.00461	0.00110	0.01848	0.00488	0.00368	0.55597
16	0.02237	0.02991	0.06267	0.10934	0.08687	0.00875	0.02929	0.05462	0.04564	0.08256	0.08666	0.11096	0.08106	0.00753	0.00515	0.00153	0.00460	0.02353	0.00386	0.14311
17	0.01743	0.08079	0.05268	0.01139	0.01536	0.01464	0.02745	0.47382	0.10967	0.09907	0.01308	0.01301	0.00941	0.00603	0.00531	0.00154	0.03194	0.00458	0.00465	0.00816
18	0.01140	0.01138	0.03704	0.25326	0.31898	0.02676	0.09888	0.04191	0.03199	0.01561	0.01093	0.06779	0.00943	0.00571	0.00566	0.00165	0.03678	0.00533	0.00273	0.00678
19	0.00928	0.00971	0.01840	0.01397	0.01734	0.00903	0.40569	0.01212	0.01156	0.01495	0.02707	0.06386	0.30947	0.00840	0.00629	0.00175	0.02629	0.02566	0.00351	0.00564

[dist]
# distance from previous block
# <min> <max>
0	2

[block]
# block no. 2 follows, 49 sequences, length 13
# corresponding to MSA columns:
# 512-524
name=unknown_C
#
# <colnr> <probs for GDERKNQSTAVLIFYWHMCP>
#	G	D	E	R	K	N	Q	S	T	A	V	L	I	F	Y	W	H	M	C	P
0	0.01045	0.11683	0.09600	0.05956	0.01407	0.04886	0.02592	0.02515	0.03892	0.01552	0.09407	0.09333	0.05871	0.00683	0.00521	0.00137	0.03969	0.00556	0.00332	0.24061
1	0.01114	0.04262	0.07421	0.00883	0.03092	0.00818	0.00748	0.05532	0.01133	0.03197	0.01071	0.03090	0.02552	0.00454	0.00405	0.00096	0.00423	0.00365	0.00314	0.63031
2	0.68296	0.06267	0.00988	0.00841	0.04131	0.09548	0.00652	0.01547	0.00943	0.02068	0.00722	0.00847	0.00575	0.00472	0.00336	0.00150	0.00464	0.00286	0.00299	0.00568
3	0.04867	0.05933	0.63146	0.04631	0.03819	0.03895	0.03711	0.01594	0.01072	0.01590	0.00889	0.01063	0.00645	0.00478	0.00470	0.00157	0.00724	0.00374	0.00222	0.00721
4	0.00943	0.00471	0.00471	0.00471	0.00589	0.00471	0.00353	0.01178	0.01060	0.01885	0.01650	0.01885	0.01296	0.00589	0.00353	0.00118	0.00236	0.00471	0.85036	0.00471
5	0.00943	0.00471	0.00471	0.00471	0.00589	0.00471	0.00353	0.01178	0.01060	0.01885	0.01650	0.01885	0.01296	0.00589	0.00353	0.00118	0.00236	0.00471	0.85036	0.00471
6	0.01117	0.00922	0.01135	0.00946	0.07514	0.00720	0.00683	0.01346	0.01074	0.04946	0.00949	0.01094	0.00775	0.00391	0.00390	0.00084	0.00395	0.00321	0.00309	0.74889
7	0.01006	0.00956	0.01586	0.47544	0.18242	0.01116	0.03887	0.01303	0.01050	0.01404	0.04430	0.01607	0.05255	0.00592	0.00620	0.00169	0.07862	0.00508	0.00258	0.00602
8	0.00943	0.00471	0.00471	0.00471	0.00589	0.00471	0.00353	0.01178	0.01060	0.01885	0.01650	0.01885	0.01296	0.00589	0.00353	0.00118	0.00236	0.00471	0.85036	0.00471
9	0.04565	0.01030	0.01330	0.20291	0.14478	0.03925	0.01033	0.07943	0.18376	0.01783	0.03359	0.07353	0.01324	0.00678	0.00512	0.00163	0.00520	0.04979	0.00366	0.05991
10	0.41789	0.04326	0.18092	0.01212	0.07727	0.01241	0.05817	0.01492	0.00945	0.01864	0.00783	0.00979	0.00620	0.00518	0.00551	0.00164	0.10639	0.00351	0.00268	0.00624
11	0.04772	0.03140	0.01481	0.08490	0.07944	0.11669	0.06603	0.16563	0.11978	0.01915	0.03028	0.01429	0.02630	0.02439	0.00566	0.00155	0.03103	0.00462	0.00356	0.11277
12	0.13280	0.01033	0.01259	0.34918	0.03969	0.07540	0.01034	0.01546	0.09026	0.06331	0.01411	0.01666	0.07162	0.00630	0.00559	0.00168	0.05641	0.01910	0.00320	0.00597

[dist]
# distance from previous block
# <min> <max>
4	11

[block]
# block no. 3 follows, 49 sequences, length 16
# corresponding to MSA columns:
# 559-574
name=unknown_D
#
# <colnr> <probs for GDERKNQSTAVLIFYWHMCP>
#	G	D	E	R	K	N	Q	S	T	A	V	L	I	F	Y	W	H	M	C	P
0	0.04027	0.00727	0.00852	0.00717	0.00978	0.00633	0.00547	0.05332	0.01193	0.06109	0.16696	0.14749	0.09227	0.04905	0.00603	0.00153	0.00344	0.00709	0.00422	0.31078
1	0.04198	0.01146	0.04388	0.05250	0.24526	0.02415	0.04962	0.11439	0.06089	0.04213	0.01169	0.01406	0.02196	0.00618	0.01827	0.03613	0.00548	0.01774	0.00329	0.17895
2	0.40750	0.01204	0.01249	0.01408	0.20411	0.09497	0.00901	0.04313	0.01055	0.01920	0.00803	0.00989	0.00655	0.00499	0.00485	0.00151	0.06464	0.00344	0.00291	0.06611
3	0.07631	0.01013	0.01370	0.04345	0.16249	0.01004	0.03519	0.09580	0.06521	0.19789	0.01349	0.01581	0.01043	0.03789	0.00590	0.00161	0.02403	0.03159	0.00403	0.14502
4	0.00943	0.00471	0.00471	0.00471	0.00589	0.00471	0.00353	0.01178	0.01060	0.01885	0.01650	0.01885	0.01296	0.00589	0.00353	0.00118	0.00236	0.00471	0.85036	0.00471
5	0.00752	0.00598	0.00718	0.03907	0.00956	0.00588	0.00584	0.01064	0.10138	0.01526	0.10823	0.15995	0.30427	0.03101	0.00658	0.00195	0.00343	0.16673	0.00469	0.00484
6	0.00734	0.00504	0.00623	0.00664	0.00756	0.00464	0.00475	0.00852	0.01064	0.04978	0.10340	0.34735	0.20561	0.12464	0.00893	0.00232	0.00330	0.08437	0.00462	0.00433
7	0.43453	0.03228	0.01243	0.01005	0.01322	0.12503	0.11045	0.03243	0.05407	0.04979	0.01006	0.01296	0.00827	0.04312	0.00514	0.00172	0.00545	0.02981	0.00328	0.00593
8	0.06754	0.01328	0.01540	0.07148	0.26970	0.15164	0.02725	0.03422	0.18940	0.05530	0.01252	0.01449	0.00993	0.00565	0.00514	0.00157	0.02176	0.02311	0.00344	0.00719
9	0.05925	0.06969	0.17271	0.08500	0.16631	0.02378	0.01203	0.11723	0.05024	0.10310	0.02709	0.01423	0.00967	0.03598	0.00581	0.00168	0.02156	0.01402	0.00340	0.00722
10	0.00700	0.00507	0.00645	0.00661	0.00735	0.00500	0.00470	0.00830	0.01016	0.01376	0.19574	0.15220	0.11451	0.23305	0.15411	0.00378	0.00531	0.05870	0.00410	0.00411
11	0.00834	0.00704	0.00967	0.03377	0.03100	0.00848	0.00702	0.00953	0.00839	0.01180	0.01624	0.05284	0.08943	0.20772	0.25494	0.00454	0.22538	0.00640	0.00291	0.00454
12	0.01360	0.06715	0.01355	0.08883	0.11546	0.13902	0.00900	0.03835	0.02653	0.12710	0.01229	0.05356	0.01054	0.05763	0.07209	0.03608	0.02426	0.00486	0.00333	0.08677
13	0.01371	0.15047	0.22698	0.01232	0.01666	0.03652	0.03832	0.22087	0.04389	0.01914	0.00963	0.01108	0.00749	0.00574	0.00650	0.00156	0.13426	0.00401	0.00312	0.03770
14	0.44688	0.04824	0.04241	0.01144	0.13309	0.01121	0.00811	0.07526	0.01096	0.04735	0.03295	0.07306	0.01036	0.00605	0.00415	0.00159	0.00450	0.02276	0.00344	0.00621
15	0.01387	0.06175	0.05114	0.04893	0.16214	0.03601	0.01044	0.15753	0.11859	0.09058	0.01623	0.01762	0.08195	0.00675	0.00618	0.00163	0.08408	0.02349	0.00387	0.00722

[dist]
# distance from previous block
# <min> <max>
2	4

[block]
# block no. 4 follows, 49 sequences, length 29
# corresponding to MSA columns:
# 579-607
name=unknown_E
#
# <colnr> <probs for GDERKNQSTAVLIFYWHMCP>
#	G	D	E	R	K	N	Q	S	T	A	V	L	I	F	Y	W	H	M	C	P
0	0.01175	0.01235	0.03184	0.09750	0.11633	0.17019	0.06394	0.02982	0.04374	0.01436	0.04298	0.01758	0.01169	0.03140	0.17039	0.00305	0.07576	0.04651	0.00293	0.00589
1	0.03048	0.00659	0.00810	0.00722	0.00939	0.00589	0.00548	0.01228	0.04684	0.11503	0.23115	0.19903	0.08402	0.01047	0.03140	0.00174	0.00351	0.00820	0.00470	0.17844
2	0.01352	0.82533	0.02650	0.00865	0.01298	0.02001	0.00865	0.01514	0.01027	0.01190	0.00703	0.00811	0.00649	0.00433	0.00324	0.00108	0.00541	0.00270	0.00216	0.00649
3	0.01069	0.01254	0.11663	0.18261	0.12327	0.01142	0.15041	0.01391	0.01060	0.01514	0.05239	0.01359	0.00940	0.00555	0.00694	0.00161	0.13779	0.00472	0.00260	0.11818
4	0.00943	0.00471	0.00471	0.00471	0.00589	0.00471	0.00353	0.01178	0.01060	0.01885	0.01650	0.01885	0.01296	0.00589	0.00353	0.00118	0.00236	0.00471	0.85036	0.00471
5	0.01378	0.01116	0.01189	0.01039	0.01344	0.01273	0.00817	0.11445	0.66058	0.05475	0.01956	0.01801	0.01451	0.00674	0.00513	0.00169	0.00420	0.00555	0.00518	0.00810
6	0.01311	0.10254	0.04028	0.19513	0.08638	0.18690	0.01080	0.04757	0.06817	0.02810	0.01061	0.05740	0.00916	0.00642	0.00616	0.02768	0.07076	0.00462	0.00289	0.02533
7	0.00943	0.00471	0.00471	0.00471	0.00589	0.00471	0.00353	0.01178	0.01060	0.01885	0.01650	0.01885	0.01296	0.00589	0.00353	0.00118	0.00236	0.00471	0.85036	0.00471
8	0.01469	0.01260	0.04515	0.01094	0.02789	0.06166	0.00882	0.22563	0.37020	0.06521	0.04323	0.01843	0.04556	0.00687	0.00516	0.00163	0.00484	0.01893	0.00484	0.00772
9	0.00943	0.00471	0.00471	0.00471	0.00589	0.00471	0.00353	0.01178	0.01060	0.01885	0.01650	0.01885	0.01296	0.00589	0.00353	0.00118	0.00236	0.00471	0.85036	0.00471
10	0.01129	0.00925	0.01171	0.08820	0.05453	0.03880	0.04043	0.11005	0.13388	0.04462	0.09280	0.10828	0.06198	0.03228	0.00654	0.00187	0.02506	0.11800	0.00431	0.00613
11	0.01872	0.07035	0.01494	0.01262	0.01538	0.72672	0.00962	0.02006	0.01410	0.04145	0.00822	0.00936	0.00674	0.00520	0.00450	0.00130	0.00872	0.00329	0.00272	0.00600
12	0.42137	0.03157	0.12723	0.00981	0.01395	0.01276	0.03308	0.23299	0.01358	0.04752	0.00930	0.01015	0.00682	0.00513	0.00408	0.00155	0.00510	0.00358	0.00359	0.00683
13	0.01382	0.00971	0.01097	0.00968	0.01251	0.01065	0.00763	0.02416	0.53363	0.16776	0.06989	0.02098	0.01728	0.00834	0.03491	0.00194	0.00433	0.02886	0.00528	0.00768
14	0.01421	0.00952	0.01075	0.00891	0.01179	0.00983	0.00715	0.30413	0.07592	0.13612	0.14573	0.04995	0.16116	0.00855	0.00547	0.00162	0.00410	0.02294	0.00523	0.00692
15	0.01058	0.00807	0.00911	0.00798	0.01004	0.00837	0.00622	0.22596	0.04672	0.02067	0.23165	0.07893	0.22062	0.04394	0.00688	0.00181	0.02841	0.02338	0.00490	0.00577
16	0.00943	0.00471	0.00471	0.00471	0.00589	0.00471	0.00353	0.01178	0.01060	0.01885	0.01650	0.01885	0.01296	0.00589	0.00353	0.00118	0.00236	0.00471	0.85036	0.00471
17	0.01206	0.01185	0.11051	0.10418	0.02897	0.04863	0.07983	0.06737	0.13117	0.09926	0.11510	0.06280	0.06433	0.00823	0.03138	0.00186	0.00555	0.00627	0.00406	0.00658
18	0.01049	0.00995	0.01687	0.56186	0.27571	0.01148	0.01451	0.01375	0.01056	0.01407	0.00915	0.01317	0.00715	0.00488	0.00504	0.00163	0.00651	0.00450	0.00233	0.00638
19	0.01265	0.04846	0.28856	0.03637	0.06824	0.08558	0.05638	0.05197	0.06577	0.05198	0.01008	0.01179	0.00773	0.00555	0.00644	0.00159	0.11960	0.00414	0.00284	0.06431
20	0.01401	0.01126	0.01200	0.01043	0.01352	0.01282	0.00822	0.13784	0.63558	0.05635	0.01930	0.01779	0.01429	0.00672	0.00513	0.00168	0.00425	0.00552	0.00518	0.00812
21	0.00943	0.00471	0.00471	0.00471	0.00589	0.00471	0.00353	0.01178	0.01060	0.01885	0.01650	0.01885	0.01296	0.00589	0.00353	0.00118	0.00236	0.00471	0.85036	0.00471
22	0.01049	0.00899	0.01049	0.00749	0.01198	0.00674	0.00599	0.01273	0.01049	0.01648	0.00899	0.01049	0.00749	0.00374	0.00374	0.00075	0.00374	0.00300	0.00300	0.85320
23	0.00737	0.00527	0.00653	0.00615	0.00755	0.00474	0.00464	0.00948	0.01366	0.04318	0.59028	0.03969	0.22109	0.01079	0.00594	0.00162	0.00249	0.00938	0.00538	0.00477
24	0.00657	0.00496	0.00668	0.00757	0.00784	0.00507	0.00523	0.00747	0.00952	0.01285	0.02608	0.75075	0.03118	0.01525	0.00731	0.00207	0.07135	0.01354	0.00448	0.00423
25	0.01183	0.23338	0.44054	0.01260	0.01840	0.05754	0.03901	0.01721	0.09514	0.01530	0.00977	0.01091	0.00746	0.00491	0.00446	0.00146	0.00668	0.00373	0.00251	0.00716
26	0.00943	0.00471	0.00471	0.00471	0.00589	0.00471	0.00353	0.01178	0.01060	0.01885	0.01650	0.01885	0.01296	0.00589	0.00353	0.00118	0.00236	0.00471	0.85036	0.00471
27	0.14905	0.01085	0.01109	0.00883	0.01253	0.06364	0.00709	0.11404	0.10513	0.15852	0.03462	0.01322	0.01024	0.00530	0.00434	0.00130	0.00446	0.00404	0.00416	0.27754
28	0.01463	0.01018	0.01209	0.05050	0.04772	0.02650	0.00788	0.18912	0.03097	0.16703	0.01488	0.06024	0.04299	0.00602	0.00472	0.00131	0.00454	0.00492	0.00423	0.29954

[dist]
# distance from previous block
# <min> <max>
3	6

[block]
# block no. 5 follows, 49 sequences, length 12
# corresponding to MSA columns:
# 614-625
name=unknown_F
#
# <colnr> <probs for GDERKNQSTAVLIFYWHMCP>
#	G	D	E	R	K	N	Q	S	T	A	V	L	I	F	Y	W	H	M	C	P
0	0.03658	0.01138	0.15999	0.06969	0.01518	0.00848	0.05346	0.03781	0.06066	0.10513	0.05988	0.13809	0.08397	0.00818	0.00534	0.00165	0.00485	0.05105	0.00396	0.08467
1	0.04090	0.04970	0.01226	0.01029	0.07872	0.00834	0.03188	0.01361	0.05615	0.01643	0.01221	0.05802	0.01123	0.00564	0.00440	0.00116	0.00424	0.07258	0.00327	0.50899
2	0.47386	0.21000	0.01358	0.05557	0.01294	0.13494	0.00741	0.01564	0.00998	0.01791	0.00727	0.00864	0.00596	0.00471	0.00349	0.00141	0.00524	0.00291	0.00276	0.00579
3	0.17687	0.07581	0.08577	0.17416	0.09115	0.01339	0.06148	0.18168	0.01300	0.01969	0.00915	0.01128	0.00703	0.00525	0.00526	0.00159	0.05357	0.00405	0.00306	0.00678
4	0.00943	0.00471	0.00471	0.00471	0.00589	0.00471	0.00353	0.01178	0.01060	0.01885	0.01650	0.01885	0.01296	0.00589	0.00353	0.00118	0.00236	0.00471	0.85036	0.00471
5	0.00943	0.00471	0.00471	0.00471	0.00589	0.00471	0.00353	0.01178	0.01060	0.01885	0.01650	0.01885	0.01296	0.00589	0.00353	0.00118	0.00236	0.00471	0.85036	0.00471
6	0.01111	0.00959	0.01229	0.01166	0.14210	0.00805	0.00778	0.05109	0.01121	0.01704	0.00944	0.01133	0.00787	0.00554	0.04033	0.00125	0.00466	0.00344	0.00300	0.63121
7	0.01173	0.01424	0.18071	0.14218	0.10522	0.01175	0.19281	0.07016	0.06325	0.04104	0.03874	0.01516	0.01004	0.00640	0.02724	0.00184	0.03519	0.02236	0.00303	0.00693
8	0.00943	0.00471	0.00471	0.00471	0.00589	0.00471	0.00353	0.01178	0.01060	0.01885	0.01650	0.01885	0.01296	0.00589	0.00353	0.00118	0.00236	0.00471	0.85036	0.00471
9	0.01014	0.00801	0.00999	0.03514	0.01198	0.00675	0.03319	0.01284	0.04968	0.06709	0.04211	0.05657	0.16563	0.00709	0.00479	0.00126	0.00380	0.03987	0.00383	0.43023
10	0.01011	0.06419	0.04562	0.01015	0.03217	0.05888	0.07098	0.02927	0.09834	0.01596	0.10998	0.12170	0.10498	0.02933	0.01993	0.00180	0.02706	0.05387	0.00389	0.09177
11	0.01087	0.00864	0.05709	0.00815	0.01108	0.00704	0.02877	0.08161	0.01323	0.10888	0.22544	0.07305	0.12740	0.03444	0.00592	0.00156	0.00381	0.00702	0.00452	0.18148

[dist]
# distance from previous block
# <min> <max>
0	7

[block]
# block no. 6 follows, 49 sequences, length 11
# corresponding to MSA columns:
# 633-639,641-644
name=unknown_G
#
# <colnr> <probs for GDERKNQSTAVLIFYWHMCP>
#	G	D	E	R	K	N	Q	S	T	A	V	L	I	F	Y	W	H	M	C	P
0	0.01017	0.04797	0.65243	0.01420	0.03998	0.01170	0.03244	0.01527	0.01039	0.01538	0.00938	0.01191	0.00717	0.03856	0.03237	0.00195	0.03541	0.00399	0.00221	0.00710
1	0.01208	0.00763	0.00938	0.04152	0.01098	0.00769	0.00639	0.15892	0.03641	0.13885	0.27179	0.09186	0.05738	0.07682	0.00793	0.04222	0.00388	0.00747	0.00495	0.00589
2	0.01104	0.01031	0.01635	0.45255	0.16334	0.01207	0.04758	0.04549	0.10518	0.01542	0.01052	0.01376	0.00814	0.00544	0.00589	0.00169	0.06125	0.00471	0.00277	0.00650
3	0.01693	0.01163	0.02938	0.01080	0.01437	0.02908	0.04315	0.32212	0.11154	0.20431	0.01644	0.07056	0.01289	0.00706	0.00524	0.00161	0.00504	0.04367	0.00500	0.03918
4	0.01501	0.01444	0.16049	0.01380	0.05412	0.01212	0.13417	0.20580	0.14513	0.14025	0.04286	0.01501	0.01124	0.00579	0.00521	0.00161	0.00584	0.00508	0.00421	0.00783
5	0.00943	0.00471	0.00471	0.00471	0.00589	0.00471	0.00353	0.01178	0.01060	0.01885	0.01650	0.01885	0.01296	0.00589	0.00353	0.00118	0.00236	0.00471	0.85036	0.00471
6	0.01111	0.00865	0.01018	0.08568	0.01319	0.00940	0.00742	0.13456	0.23127	0.04210	0.16369	0.04894	0.12302	0.02576	0.03840	0.00201	0.00443	0.02913	0.00474	0.00634
7	0.00877	0.00716	0.00903	0.00848	0.00948	0.03113	0.00656	0.02483	0.02357	0.03534	0.04272	0.06240	0.13811	0.09661	0.32697	0.00464	0.14934	0.00672	0.00334	0.00481
8	0.26489	0.05037	0.04515	0.03080	0.08767	0.18600	0.02209	0.04086	0.01180	0.13247	0.01051	0.02464	0.00832	0.00564	0.00486	0.00154	0.03964	0.02289	0.00339	0.00648
9	0.73258	0.05185	0.04101	0.05245	0.01185	0.01179	0.00666	0.01482	0.00886	0.02132	0.00723	0.00861	0.00564	0.00470	0.00331	0.00155	0.00429	0.00288	0.00299	0.00562
10	0.01085	0.01052	0.01564	0.10476	0.26636	0.04808	0.07372	0.01422	0.06579	0.01595	0.12676	0.02002	0.09029	0.00694	0.00676	0.00167	0.10606	0.00592	0.00329	0.00640

[dist]
# distance from previous block
# <min> <max>
2	20

[block]
# block no. 7 follows, 49 sequences, length 24
# corresponding to MSA columns:
# 686,688-710
name=unknown_H
#
# <colnr> <probs for GDERKNQSTAVLIFYWHMCP>
#	G	D	E	R	K	N	Q	S	T	A	V	L	I	F	Y	W	H	M	C	P
0	0.01382	0.06189	0.06793	0.09206	0.30826	0.18878	0.12519	0.05339	0.01255	0.01568	0.00915	0.01163	0.00736	0.00476	0.00494	0.00149	0.00717	0.00429	0.00259	0.00705
1	0.00630	0.00458	0.00597	0.00698	0.00749	0.00425	0.00483	0.00734	0.01011	0.01334	0.05309	0.67941	0.10186	0.01529	0.00643	0.00202	0.00299	0.05886	0.00472	0.00418
2	0.18105	0.49374	0.02019	0.00913	0.01292	0.15193	0.00826	0.04758	0.01120	0.01494	0.00738	0.00847	0.00638	0.00462	0.00352	0.00123	0.00575	0.00288	0.00255	0.00627
3	0.01636	0.07037	0.03651	0.00905	0.01320	0.00970	0.00770	0.14238	0.03765	0.29008	0.03433	0.01392	0.01063	0.00535	0.00452	0.00126	0.00444	0.00423	0.00452	0.28380
4	0.00943	0.00471	0.00471	0.00471	0.00589	0.00471	0.00353	0.01178	0.01060	0.01885	0.01650	0.01885	0.01296	0.00589	0.00353	0.00118	0.00236	0.00471	0.85036	0.00471
5	0.01254	0.01101	0.01724	0.20247	0.35822	0.01179	0.04691	0.08055	0.10608	0.04515	0.01221	0.01586	0.00985	0.00556	0.00518	0.00162	0.00588	0.04135	0.00322	0.00732
6	0.01819	0.01285	0.05174	0.01093	0.01478	0.01299	0.00931	0.50162	0.05916	0.16621	0.01433	0.01537	0.01043	0.00686	0.00570	0.03429	0.00527	0.03684	0.00501	0.00810
7	0.00943	0.00471	0.00471	0.00471	0.00589	0.00471	0.00353	0.01178	0.01060	0.01885	0.01650	0.01885	0.01296	0.00589	0.00353	0.00118	0.00236	0.00471	0.85036	0.00471
8	0.01244	0.01245	0.16449	0.21075	0.18705	0.01003	0.01280	0.01613	0.03660	0.15454	0.03520	0.01866	0.04311	0.00623	0.00520	0.00165	0.00577	0.05648	0.00345	0.00696
9	0.00943	0.00471	0.00471	0.00471	0.00589	0.00471	0.00353	0.01178	0.01060	0.01885	0.01650	0.01885	0.01296	0.00589	0.00353	0.00118	0.00236	0.00471	0.85036	0.00471
10	0.01224	0.01147	0.01462	0.07375	0.11143	0.07630	0.05191	0.11321	0.08276	0.01707	0.04004	0.02061	0.05991	0.00781	0.00811	0.00181	0.19751	0.08959	0.00348	0.00637
11	0.23566	0.05230	0.03604	0.08669	0.01898	0.07799	0.25330	0.04344	0.01151	0.09456	0.00980	0.01170	0.00730	0.00497	0.00512	0.00160	0.03513	0.00436	0.00310	0.00647
12	0.85801	0.00978	0.00743	0.00665	0.00978	0.01134	0.00548	0.01486	0.00861	0.02269	0.00704	0.00821	0.00548	0.00469	0.00313	0.00156	0.00391	0.00274	0.00313	0.00548
13	0.04641	0.03859	0.18283	0.03205	0.23836	0.06118	0.02736	0.01545	0.08535	0.01631	0.04346	0.09126	0.01398	0.00702	0.00520	0.00166	0.00574	0.07782	0.00322	0.00673
14	0.00924	0.00660	0.00826	0.00694	0.00942	0.00556	0.03012	0.01123	0.01248	0.09829	0.26270	0.03281	0.29008	0.00917	0.00541	0.00145	0.00314	0.00784	0.00470	0.18457
15	0.01137	0.01008	0.01514	0.54739	0.02850	0.01197	0.04409	0.12600	0.10602	0.01683	0.01128	0.02971	0.00863	0.00560	0.00513	0.00167	0.00624	0.00491	0.00307	0.00636
16	0.00943	0.00471	0.00471	0.00471	0.00589	0.00471	0.00353	0.01178	0.01060	0.01885	0.01650	0.01885	0.01296	0.00589	0.00353	0.00118	0.00236	0.00471	0.85036	0.00471
17	0.01963	0.04464	0.01270	0.00944	0.01312	0.00991	0.00779	0.18325	0.07304	0.48226	0.07584	0.01742	0.01430	0.00649	0.00507	0.00155	0.00445	0.00522	0.00569	0.00818
18	0.00953	0.01136	0.14238	0.13188	0.05582	0.03018	0.10608	0.01280	0.01145	0.01521	0.04809	0.03294	0.05088	0.00903	0.00597	0.00191	0.00592	0.30935	0.00350	0.00572
19	0.01081	0.01184	0.14176	0.01004	0.01351	0.00966	0.00929	0.07363	0.22177	0.01818	0.01908	0.04526	0.06877	0.00793	0.00557	0.00165	0.02623	0.14512	0.00404	0.15583
20	0.00977	0.00889	0.01531	0.31551	0.13108	0.00962	0.10953	0.01284	0.01108	0.01463	0.01553	0.02882	0.01497	0.00804	0.00585	0.00189	0.00613	0.27156	0.00318	0.00577
21	0.00943	0.00471	0.00471	0.00471	0.00589	0.00471	0.00353	0.01178	0.01060	0.01885	0.01650	0.01885	0.01296	0.00589	0.00353	0.00118	0.00236	0.00471	0.85036	0.00471
22	0.01252	0.01238	0.01179	0.00908	0.01314	0.17176	0.02158	0.03287	0.03549	0.01613	0.00920	0.01056	0.00756	0.00421	0.00403	0.00093	0.00500	0.00323	0.00302	0.61550
23	0.01219	0.05130	0.09002	0.01130	0.06951	0.02860	0.04529	0.05635	0.12798	0.06982	0.05438	0.03383	0.03724	0.00567	0.00466	0.00131	0.00475	0.00478	0.00369	0.28734

[dist]
# distance from previous block
# <min> <max>
0	3

[block]
# block no. 8 follows, 49 sequences, length 58
# corresponding to MSA columns:
# 714-719,721-729,735-777
name=unknown_I
#
# <colnr> <probs for GDERKNQSTAVLIFYWHMCP>
#	G	D	E	R	K	N	Q	S	T	A	V	L	I	F	Y	W	H	M	C	P
0	0.01372	0.01203	0.04126	0.02880	0.22636	0.05312	0.02766	0.10183	0.07882	0.08609	0.01140	0.01258	0.00878	0.00485	0.00463	0.00129	0.00521	0.00413	0.00349	0.27395
1	0.00943	0.00471	0.00471	0.00471	0.00589	0.00471	0.00353	0.01178	0.01060	0.01885	0.01650	0.01885	0.01296	0.00589	0.00353	0.00118	0.00236	0.00471	0.85036	0.00471
2	0.03075	0.00970	0.01220	0.19447	0.03454	0.02495	0.00852	0.04790	0.03448	0.04291	0.00974	0.01172	0.00770	0.00452	0.00454	0.00114	0.02434	0.00363	0.00306	0.48919
3	0.03054	0.03194	0.01138	0.00827	0.01221	0.00866	0.00666	0.14574	0.01278	0.06665	0.01101	0.03262	0.00915	0.03373	0.03703	0.00143	0.00456	0.00391	0.00357	0.52817
4	0.29606	0.11200	0.01348	0.01041	0.01333	0.43131	0.00825	0.01766	0.01181	0.01573	0.00744	0.00875	0.00617	0.00502	0.00421	0.00138	0.02542	0.00305	0.00272	0.00580
5	0.01439	0.01642	0.21737	0.01354	0.01837	0.01349	0.12973	0.32178	0.14138	0.02314	0.01246	0.01328	0.00910	0.00637	0.02448	0.00176	0.00645	0.00477	0.00388	0.00784
6	0.01113	0.01254	0.11392	0.20841	0.22821	0.03845	0.01257	0.01636	0.15653	0.01576	0.02816	0.01596	0.02369	0.05652	0.00680	0.00184	0.03842	0.00497	0.00302	0.00675
7	0.00709	0.00602	0.03152	0.02849	0.06417	0.00534	0.00626	0.00847	0.00983	0.01338	0.02414	0.61531	0.04099	0.01509	0.05358	0.00228	0.00405	0.01193	0.00420	0.04784
8	0.00953	0.01291	0.21246	0.08852	0.15459	0.00922	0.08977	0.01313	0.01210	0.01712	0.26721	0.03980	0.03813	0.00697	0.00543	0.00161	0.00537	0.00635	0.00350	0.00629
9	0.01076	0.01035	0.01620	0.07250	0.05684	0.01202	0.15582	0.05240	0.06511	0.01548	0.05614	0.06144	0.08588	0.00802	0.00957	0.00188	0.29415	0.00622	0.00320	0.00601
10	0.00999	0.00933	0.07634	0.00852	0.01182	0.00714	0.02553	0.03581	0.05740	0.04814	0.10137	0.17511	0.04022	0.00773	0.00496	0.00136	0.00394	0.01870	0.00393	0.35268
11	0.01268	0.06579	0.16131	0.01451	0.18523	0.03028	0.01103	0.05569	0.01185	0.07698	0.00998	0.01139	0.00776	0.00450	0.00438	0.00121	0.00532	0.00370	0.00303	0.32339
12	0.72201	0.07026	0.05181	0.00804	0.03710	0.01202	0.00676	0.01497	0.00894	0.02133	0.00723	0.00849	0.00569	0.00467	0.00329	0.00153	0.00428	0.00285	0.00298	0.00574
13	0.01109	0.05250	0.40950	0.01719	0.02332	0.01262	0.34968	0.01597	0.01114	0.01584	0.00944	0.01189	0.00697	0.00464	0.00553	0.00164	0.02691	0.00469	0.00232	0.00710
14	0.00943	0.00471	0.00471	0.00471	0.00589	0.00471	0.00353	0.01178	0.01060	0.01885	0.01650	0.01885	0.01296	0.00589	0.00353	0.00118	0.00236	0.00471	0.85036	0.00471
15	0.00943	0.00471	0.00471	0.00471	0.00589	0.00471	0.00353	0.01178	0.01060	0.01885	0.01650	0.01885	0.01296	0.00589	0.00353	0.00118	0.00236	0.00471	0.85036	0.00471
16	0.06274	0.01047	0.03888	0.00916	0.01352	0.00875	0.05236	0.09484	0.01204	0.06249	0.00985	0.01112	0.00773	0.00438	0.00440	0.00105	0.02402	0.00350	0.00333	0.56537
17	0.01125	0.01078	0.01851	0.35831	0.45369	0.01171	0.03399	0.01444	0.01093	0.01500	0.00931	0.01295	0.00747	0.00473	0.00505	0.00158	0.00638	0.00454	0.00240	0.00697
18	0.00943	0.00471	0.00471	0.00471	0.00589	0.00471	0.00353	0.01178	0.01060	0.01885	0.01650	0.01885	0.01296	0.00589	0.00353	0.00118	0.00236	0.00471	0.85036	0.00471
19	0.00731	0.00683	0.05793	0.00728	0.00910	0.00544	0.03644	0.00977	0.01340	0.01852	0.56114	0.05361	0.17340	0.01029	0.00590	0.00163	0.00300	0.00905	0.00505	0.00492
20	0.01067	0.14992	0.67691	0.01352	0.02051	0.01302	0.01713	0.01588	0.01061	0.01538	0.00876	0.01028	0.00642	0.00473	0.00456	0.00152	0.00715	0.00358	0.00214	0.00732
21	0.02617	0.03637	0.01333	0.04518	0.09370	0.05914	0.00904	0.25023	0.19806	0.04041	0.08755	0.01957	0.06215	0.00699	0.00516	0.00159	0.00494	0.02866	0.00448	0.00726
22	0.01436	0.36146	0.18714	0.01005	0.01498	0.01430	0.01038	0.07683	0.01213	0.14037	0.01018	0.01072	0.00772	0.00481	0.00408	0.00127	0.00549	0.00349	0.00314	0.10709
23	0.73307	0.00961	0.00800	0.00698	0.01015	0.01084	0.00573	0.03024	0.00965	0.10100	0.03066	0.01004	0.00745	0.00504	0.00345	0.00156	0.00394	0.00319	0.00355	0.00583
24	0.00924	0.00678	0.00798	0.00731	0.00915	0.00680	0.00560	0.01441	0.20542	0.06427	0.44483	0.03345	0.14553	0.00959	0.00571	0.00164	0.00293	0.00828	0.00537	0.00573
25	0.00943	0.00471	0.00471	0.00471	0.00589	0.00471	0.00353	0.01178	0.01060	0.01885	0.01650	0.01885	0.01296	0.00589	0.00353	0.00118	0.00236	0.00471	0.85036	0.00471
26	0.01170	0.00956	0.01099	0.06653	0.01402	0.01082	0.00838	0.04317	0.50603	0.03738	0.04674	0.02662	0.01842	0.00825	0.00554	0.00182	0.00432	0.15774	0.00488	0.00708
27	0.00871	0.00551	0.00726	0.00663	0.00809	0.00504	0.00504	0.01105	0.01433	0.09763	0.71131	0.03572	0.04420	0.00993	0.00588	0.00159	0.00258	0.00874	0.00564	0.00515
28	0.00735	0.00490	0.00552	0.00552	0.00552	0.00490	0.00306	0.00735	0.00735	0.00980	0.01593	0.03309	0.01838	0.82229	0.02574	0.00490	0.00490	0.00735	0.00306	0.00306
29	0.85801	0.00978	0.00743	0.00665	0.00978	0.01134	0.00548	0.01486	0.00861	0.02269	0.00704	0.00821	0.00548	0.00469	0.00313	0.00156	0.00391	0.00274	0.00313	0.00548
30	0.01384	0.77755	0.02577	0.00891	0.01314	0.06664	0.00872	0.01544	0.01052	0.01193	0.00708	0.00817	0.00649	0.00438	0.00332	0.00109	0.00563	0.00274	0.00219	0.00645
31	0.01079	0.00906	0.01053	0.00771	0.01197	0.00714	0.00614	0.05783	0.01124	0.01721	0.01014	0.05181	0.00888	0.00450	0.00396	0.00086	0.00381	0.00367	0.00321	0.75954
32	0.01106	0.01106	0.01549	0.01328	0.01328	0.01549	0.01106	0.01217	0.00774	0.01217	0.00664	0.01106	0.00664	0.00885	0.01659	0.00221	0.81303	0.00443	0.00221	0.00553
33	0.00725	0.00533	0.00767	0.00767	0.00841	0.00607	0.00575	0.00874	0.00799	0.01140	0.01396	0.02219	0.01365	0.17556	0.66599	0.00756	0.01203	0.00576	0.00277	0.00426
34	0.01151	0.01099	0.01872	0.29408	0.53553	0.01175	0.01502	0.01464	0.01104	0.01530	0.00933	0.01284	0.00758	0.00469	0.00502	0.00156	0.00625	0.00450	0.00242	0.00720
35	0.01305	0.01110	0.01170	0.01039	0.01333	0.01280	0.00812	0.07961	0.72811	0.02191	0.01999	0.01839	0.01495	0.00680	0.00514	0.00170	0.00411	0.00563	0.00514	0.00805
36	0.00735	0.00490	0.00552	0.00552	0.00552	0.00490	0.00306	0.00735	0.00735	0.00980	0.01593	0.03309	0.01838	0.82229	0.02574	0.00490	0.00490	0.00735	0.00306	0.00306
37	0.01352	0.82533	0.02650	0.00865	0.01298	0.02001	0.00865	0.01514	0.01027	0.01190	0.00703	0.00811	0.00649	0.00433	0.00324	0.00108	0.00541	0.00270	0.00216	0.00649
38	0.85801	0.00978	0.00743	0.00665	0.00978	0.01134	0.00548	0.01486	0.00861	0.02269	0.00704	0.00821	0.00548	0.00469	0.00313	0.00156	0.00391	0.00274	0.00313	0.00548
39	0.01212	0.01173	0.01953	0.05001	0.66937	0.02956	0.04021	0.01500	0.01139	0.01603	0.01051	0.05378	0.00933	0.00584	0.02249	0.00168	0.00619	0.00505	0.00262	0.00758
40	0.00711	0.00499	0.00564	0.00571	0.00612	0.00485	0.00357	0.00753	0.00842	0.01091	0.02338	0.04903	0.16676	0.59649	0.03754	0.00418	0.00460	0.04626	0.00348	0.00342
41	0.00727	0.00524	0.00723	0.00723	0.00782	0.00583	0.00520	0.00845	0.00786	0.01107	0.01437	0.02442	0.01462	0.30777	0.53511	0.00702	0.01057	0.00608	0.00283	0.00402
42	0.01788	0.01410	0.01438	0.01145	0.01517	0.06195	0.00930	0.58026	0.17404	0.02857	0.01356	0.01330	0.00984	0.00618	0.00505	0.00154	0.00547	0.00471	0.00493	0.00832
43	0.00796	0.00537	0.00601	0.00583	0.00603	0.00545	0.00340	0.04644	0.00819	0.01093	0.01574	0.03202	0.01789	0.78067	0.02468	0.00473	0.00494	0.00721	0.00317	0.00335
44	0.06227	0.01227	0.02356	0.12704	0.27406	0.01225	0.38208	0.01547	0.01136	0.01626	0.00964	0.01293	0.00753	0.00447	0.00537	0.00163	0.00720	0.00511	0.00253	0.00697
45	0.83261	0.00974	0.00756	0.00672	0.00987	0.01122	0.00554	0.01516	0.00878	0.04615	0.00743	0.00849	0.00569	0.00474	0.00319	0.00156	0.00392	0.00281	0.00322	0.00557
46	0.01583	0.01093	0.01200	0.00967	0.01290	0.03755	0.00775	0.37635	0.02963	0.13915	0.10033	0.09742	0.04241	0.00756	0.00521	0.00152	0.00461	0.00617	0.00499	0.07803
47	0.26995	0.00627	0.00555	0.00531	0.00708	0.00675	0.00413	0.01273	0.00999	0.02003	0.01359	0.01559	0.01066	0.00552	0.00341	0.00130	0.00283	0.00411	0.59025	0.00495
48	0.01244	0.01194	0.02039	0.05040	0.77196	0.01200	0.01548	0.01545	0.01148	0.01643	0.00950	0.01254	0.00798	0.00452	0.00501	0.00151	0.00603	0.00451	0.00250	0.00795
49	0.00722	0.00542	0.00813	0.00813	0.00903	0.00632	0.00632	0.00903	0.00813	0.01174	0.01354	0.01987	0.01264	0.03792	0.80225	0.00813	0.01354	0.00542	0.00271	0.00451
50	0.01097	0.01210	0.02585	0.01894	0.02325	0.01134	0.64460	0.01467	0.01156	0.01565	0.01317	0.14769	0.01196	0.00619	0.00605	0.00176	0.00759	0.00737	0.00291	0.00637
51	0.00633	0.00450	0.00596	0.00707	0.00739	0.00424	0.00477	0.00723	0.00964	0.01284	0.02710	0.73327	0.03233	0.06384	0.00763	0.00224	0.00314	0.05181	0.00459	0.00407
52	0.01357	0.00801	0.00974	0.00840	0.01095	0.00805	0.00660	0.01960	0.25717	0.25486	0.31267	0.02557	0.02684	0.00800	0.00544	0.00162	0.00348	0.00683	0.00564	0.00696
53	0.03853	0.01152	0.01334	0.01033	0.01423	0.01190	0.00851	0.39735	0.06118	0.35564	0.01582	0.01458	0.01058	0.00616	0.00503	0.00155	0.00491	0.00480	0.00553	0.00850
54	0.01352	0.82533	0.02650	0.00865	0.01298	0.02001	0.00865	0.01514	0.01027	0.01190	0.00703	0.00811	0.00649	0.00433	0.00324	0.00108	0.00541	0.00270	0.00216	0.00649
55	0.00953	0.00492	0.00494	0.00490	0.00614	0.00498	0.00369	0.01230	0.03685	0.01893	0.01663	0.01885	0.01305	0.00592	0.00359	0.00120	0.00241	0.00475	0.82159	0.00483
56	0.01145	0.02889	0.03623	0.09382	0.13272	0.00980	0.07428	0.09220	0.04603	0.06853	0.19144	0.06730	0.01985	0.04155	0.01976	0.00189	0.03488	0.01906	0.00397	0.00634
57	0.17267	0.21807	0.01602	0.01108	0.05294	0.26311	0.00864	0.08555	0.05095	0.04312	0.00920	0.01050	0.00752	0.02536	0.00461	0.00144	0.00623	0.00349	0.00307	0.00643

[dist]
# distance from previous block
# <min> <max>
1	1

[block]
# block no. 9 follows, 49 sequences, length 12
# corresponding to MSA columns:
# 790-801
name=unknown_J
#
# <colnr> <probs for GDERKNQSTAVLIFYWHMCP>
#	G	D	E	R	K	N	Q	S	T	A	V	L	I	F	Y	W	H	M	C	P
0	0.01373	0.01162	0.01216	0.01090	0.03397	0.03513	0.00835	0.17555	0.54458	0.02252	0.01992	0.01871	0.05622	0.00692	0.00515	0.00166	0.00444	0.00565	0.00496	0.00786
1	0.00735	0.00490	0.00552	0.00552	0.00552	0.00490	0.00306	0.00735	0.00735	0.00980	0.01593	0.03309	0.01838	0.82229	0.02574	0.00490	0.00490	0.00735	0.00306	0.00306
2	0.01785	0.01336	0.01472	0.01151	0.01506	0.01503	0.00949	0.66944	0.02161	0.02914	0.01186	0.01259	0.00874	0.00842	0.05989	0.00201	0.06187	0.00460	0.00470	0.00811
3	0.00632	0.00514	0.00559	0.00548	0.00704	0.00441	0.00411	0.00792	0.01233	0.01557	0.26376	0.04552	0.57497	0.01209	0.00597	0.00167	0.00251	0.01023	0.00495	0.00441
4	0.00979	0.00923	0.01559	0.74806	0.09506	0.01130	0.01416	0.01313	0.01022	0.01321	0.00903	0.01340	0.00684	0.00501	0.00505	0.00167	0.00668	0.00449	0.00227	0.00581
5	0.00725	0.00515	0.00644	0.00630	0.00754	0.00465	0.00465	0.00916	0.01301	0.04249	0.49219	0.16411	0.19506	0.01159	0.00602	0.00169	0.00257	0.01016	0.00527	0.00469
6	0.01590	0.01038	0.01170	0.00990	0.01314	0.01118	0.00787	0.10274	0.46217	0.23994	0.02052	0.01867	0.03895	0.00680	0.00515	0.00165	0.00420	0.00558	0.00544	0.00811
7	0.01889	0.02410	0.01433	0.01303	0.01563	0.80199	0.00977	0.02019	0.01433	0.01238	0.00782	0.00912	0.00651	0.00521	0.00456	0.00130	0.00912	0.00326	0.00261	0.00586
8	0.01419	0.53805	0.05329	0.00861	0.01261	0.01540	0.00831	0.01610	0.01145	0.15585	0.07676	0.01415	0.04543	0.00558	0.00399	0.00126	0.00491	0.00407	0.00331	0.00668
9	0.21381	0.01001	0.01094	0.01017	0.06423	0.07221	0.00745	0.03454	0.01173	0.31517	0.01416	0.05029	0.01106	0.07160	0.03507	0.00209	0.04962	0.00490	0.00429	0.00667
10	0.03396	0.01154	0.01707	0.49076	0.12511	0.09006	0.09159	0.03228	0.01111	0.01434	0.00903	0.01271	0.00698	0.00504	0.00535	0.00163	0.02840	0.00448	0.00244	0.00613
11	0.12712	0.01202	0.01316	0.03105	0.07346	0.13608	0.06873	0.11804	0.07264	0.08359	0.07432	0.03688	0.01318	0.00920	0.07169	0.01720	0.00628	0.02507	0.00383	0.00647

[dist]
# distance from previous block
# <min> <max>
0	4

[block]
# block no. 10 follows, 49 sequences, length 32
# corresponding to MSA columns:
# 806-818,821-839
name=unknown_K
#
# <colnr> <probs for GDERKNQSTAVLIFYWHMCP>
#	G	D	E	R	K	N	Q	S	T	A	V	L	I	F	Y	W	H	M	C	P
0	0.01393	0.01144	0.01347	0.17106	0.01747	0.07146	0.00978	0.23879	0.03479	0.06875	0.01209	0.06087	0.01036	0.06670	0.02381	0.00208	0.15777	0.00527	0.00365	0.00647
1	0.01957	0.01360	0.01483	0.01137	0.01540	0.01484	0.00939	0.69781	0.02283	0.10928	0.01293	0.01266	0.00900	0.00609	0.00506	0.00152	0.00544	0.00461	0.00518	0.00860
2	0.01779	0.01085	0.01242	0.00985	0.01336	0.01125	0.00802	0.36050	0.09594	0.26100	0.07117	0.01885	0.07163	0.00700	0.00521	0.00157	0.00458	0.00560	0.00544	0.00796
3	0.00997	0.00702	0.00815	0.03621	0.00935	0.06022	0.00570	0.06811	0.04338	0.01234	0.01465	0.09557	0.06979	0.01487	0.03248	0.49478	0.00481	0.00586	0.00302	0.00371
4	0.01354	0.01044	0.01130	0.00997	0.01295	0.01169	0.00780	0.02590	0.66199	0.10935	0.02102	0.01923	0.03313	0.00688	0.00513	0.00168	0.00400	0.00571	0.00522	0.02305
5	0.01191	0.01140	0.01944	0.18892	0.63756	0.01186	0.01522	0.01499	0.01123	0.01579	0.00941	0.01271	0.00775	0.00462	0.00502	0.00154	0.00616	0.00450	0.00245	0.00752
6	0.01167	0.01005	0.01293	0.32810	0.02176	0.01189	0.01039	0.02126	0.45260	0.04049	0.01596	0.01668	0.01190	0.00613	0.00511	0.00170	0.00510	0.00521	0.00403	0.00707
7	0.00891	0.00562	0.00697	0.00637	0.00807	0.00499	0.00487	0.01093	0.01355	0.12252	0.47667	0.03808	0.25222	0.01049	0.00585	0.00162	0.00269	0.00903	0.00541	0.00515
8	0.01656	0.01032	0.01218	0.06248	0.01476	0.01106	0.00838	0.10505	0.38690	0.28688	0.01870	0.01723	0.01313	0.00645	0.00511	0.00164	0.00445	0.00530	0.00533	0.00812
9	0.00618	0.00481	0.00560	0.00614	0.00713	0.00426	0.00434	0.00733	0.01074	0.01358	0.07440	0.39804	0.38175	0.02965	0.00659	0.00193	0.00281	0.02582	0.00470	0.00420
10	0.01195	0.01139	0.01940	0.22118	0.55778	0.01195	0.04180	0.03505	0.01151	0.01603	0.00948	0.01278	0.00770	0.00467	0.00505	0.00155	0.00626	0.00456	0.00251	0.00740
11	0.00840	0.00597	0.00748	0.00736	0.00879	0.00591	0.00573	0.06137	0.01186	0.04818	0.13940	0.11819	0.21589	0.04629	0.17213	0.00325	0.00553	0.11894	0.00444	0.00487
12	0.45659	0.01211	0.08362	0.09576	0.02595	0.06490	0.00846	0.04886	0.02531	0.06425	0.00990	0.05481	0.00810	0.00564	0.00423	0.00160	0.01659	0.00402	0.00327	0.00603
13	0.18500	0.27803	0.03478	0.01093	0.06429	0.13845	0.00883	0.10588	0.03599	0.06563	0.00921	0.01005	0.00730	0.00495	0.00397	0.00135	0.00565	0.00340	0.00315	0.02316
14	0.00855	0.00699	0.00756	0.00756	0.00897	0.03170	0.00554	0.04380	0.15950	0.01580	0.08097	0.29095	0.19427	0.07270	0.00741	0.00206	0.00355	0.04232	0.00467	0.00513
15	0.01088	0.01035	0.01757	0.46063	0.37393	0.01158	0.01471	0.01409	0.01074	0.01453	0.00922	0.01305	0.00731	0.00481	0.00503	0.00160	0.00641	0.00450	0.00236	0.00669
16	0.00653	0.00512	0.00577	0.00562	0.00701	0.00451	0.00414	0.00813	0.01227	0.01588	0.32750	0.04337	0.45046	0.07256	0.00745	0.00190	0.00267	0.00985	0.00490	0.00437
17	0.01870	0.02370	0.01424	0.01295	0.01556	0.77840	0.00972	0.02039	0.03725	0.01264	0.00820	0.00941	0.00678	0.00526	0.00458	0.00132	0.00897	0.00333	0.00268	0.00593
18	0.00643	0.00459	0.00617	0.00735	0.00776	0.00434	0.00516	0.00750	0.00994	0.01321	0.02772	0.71649	0.03286	0.01559	0.00653	0.00209	0.00317	0.11423	0.00469	0.00418
19	0.65074	0.01039	0.01171	0.00942	0.01295	0.01133	0.14190	0.01577	0.00960	0.07410	0.00849	0.00979	0.00635	0.00472	0.00377	0.00159	0.00476	0.00347	0.00324	0.00593
20	0.01187	0.01315	0.02748	0.04893	0.11393	0.01279	0.61790	0.01579	0.01160	0.01590	0.00991	0.01336	0.00762	0.00457	0.00641	0.00171	0.05204	0.00566	0.00252	0.00685
21	0.01236	0.01223	0.01903	0.18540	0.58697	0.06568	0.01483	0.01532	0.01143	0.01552	0.00929	0.01248	0.00765	0.00466	0.00499	0.00152	0.00637	0.00442	0.00246	0.00739
