[name]
unknown

[dist]
# distance from previous block
# <min> <max>
0	30

[block]
# block no. 0 follows, 60 sequences, length 15
# corresponding to MSA columns:
# 134-148
name=unknown_A
#
# <colnr> <probs for GDERKNQSTAVLIFYWHMCP>
#	G	D	E	R	K	N	Q	S	T	A	V	L	I	F	Y	W	H	M	C	P
0	0.00622	0.02693	0.00572	0.00572	0.00628	0.00429	0.00393	0.00707	0.00865	0.02871	0.12555	0.40931	0.07684	0.21950	0.00954	0.00229	0.00302	0.04310	0.00377	0.00356
1	0.01296	0.00964	0.03628	0.04817	0.04376	0.13796	0.02397	0.03826	0.07312	0.26378	0.04968	0.15395	0.01481	0.00714	0.00468	0.00145	0.00446	0.06621	0.00396	0.00575
2	0.00922	0.00812	0.02703	0.16686	0.24784	0.00822	0.00929	0.01143	0.01853	0.05109	0.04458	0.08444	0.03307	0.03653	0.00589	0.00149	0.07232	0.04385	0.00275	0.11744
3	0.01055	0.05548	0.19865	0.12344	0.24457	0.04954	0.05367	0.07834	0.04754	0.01426	0.00859	0.01098	0.00687	0.03063	0.00531	0.00145	0.04788	0.00380	0.00234	0.00613
4	0.00983	0.00997	0.06416	0.08280	0.41228	0.00919	0.14793	0.01249	0.00980	0.04090	0.02994	0.11807	0.01069	0.00543	0.00466	0.00142	0.00520	0.01665	0.00257	0.00603
5	0.00954	0.00954	0.01336	0.01145	0.01145	0.01336	0.00954	0.01050	0.00668	0.01050	0.00573	0.00954	0.00573	0.00763	0.01431	0.00191	0.83874	0.00382	0.00191	0.00477
6	0.01284	0.00791	0.05496	0.00964	0.11219	0.00673	0.00704	0.03999	0.04840	0.35026	0.15878	0.02115	0.13777	0.00663	0.00461	0.00137	0.00356	0.00561	0.00441	0.00614
7	0.01059	0.01046	0.01707	0.16361	0.60874	0.04776	0.05195	0.01322	0.00985	0.01354	0.00809	0.01085	0.00665	0.00398	0.00435	0.00132	0.00552	0.00390	0.00213	0.00642
8	0.00667	0.00527	0.00685	0.00680	0.00751	0.03955	0.00510	0.00794	0.00712	0.00986	0.01183	0.01868	0.01152	0.16942	0.65833	0.00629	0.01026	0.00488	0.00238	0.00373
9	0.00650	0.00477	0.00513	0.00539	0.00559	0.03764	0.00331	0.00684	0.00728	0.00961	0.01655	0.27085	0.01916	0.53464	0.01583	0.00326	0.00379	0.00793	0.03285	0.00306
10	0.00841	0.00816	0.03615	0.08129	0.14141	0.02488	0.14000	0.02944	0.03043	0.01331	0.06700	0.18343	0.05501	0.03208	0.00583	0.00164	0.03077	0.10266	0.00312	0.00498
11	0.02257	0.00792	0.01161	0.53909	0.02267	0.05426	0.04049	0.02276	0.00897	0.01143	0.01118	0.04775	0.04555	0.08274	0.02731	0.00186	0.00559	0.02934	0.00233	0.00458
12	0.00633	0.00460	0.00530	0.00524	0.00577	0.00456	0.00346	0.02365	0.00817	0.01082	0.08575	0.11257	0.18769	0.44045	0.02909	0.00301	0.03192	0.00747	0.02084	0.00330
13	0.00536	0.00387	0.00500	0.00588	0.00621	0.00359	0.00392	0.00610	0.00835	0.01103	0.02494	0.73960	0.08595	0.05995	0.00646	0.00189	0.00260	0.01183	0.00397	0.00350
14	0.01189	0.11405	0.04624	0.06836	0.08895	0.25042	0.17869	0.01465	0.05913	0.01227	0.00889	0.01071	0.02742	0.00471	0.00518	0.00133	0.08544	0.00382	0.00230	0.00555

[dist]
# distance from previous block
# <min> <max>
6	9

[block]
# block no. 1 follows, 60 sequences, length 23
# corresponding to MSA columns:
# 159-181
name=unknown_B
#
# <colnr> <probs for GDERKNQSTAVLIFYWHMCP>
#	G	D	E	R	K	N	Q	S	T	A	V	L	I	F	Y	W	H	M	C	P
0	0.00814	0.00691	0.00993	0.00874	0.00965	0.00806	0.05254	0.00947	0.00804	0.03062	0.07480	0.05712	0.01388	0.13423	0.13002	0.00282	0.28426	0.08043	0.00275	0.06759
1	0.01143	0.78428	0.08592	0.00785	0.01180	0.01670	0.00814	0.01312	0.00889	0.01054	0.00620	0.00717	0.00559	0.00376	0.00290	0.00097	0.00480	0.00240	0.00186	0.00566
2	0.01344	0.02264	0.01076	0.01975	0.01165	0.05116	0.00692	0.33130	0.15243	0.09184	0.01214	0.01262	0.00910	0.01992	0.04612	0.00157	0.00457	0.00400	0.07349	0.10458
3	0.01169	0.01003	0.00991	0.00870	0.01106	0.08964	0.00686	0.17226	0.37719	0.04103	0.01872	0.03532	0.11657	0.00678	0.00483	0.00145	0.02654	0.04118	0.00409	0.00616
4	0.00844	0.00796	0.01345	0.77246	0.09225	0.00974	0.01221	0.01132	0.00882	0.01139	0.00779	0.01156	0.00590	0.00432	0.00436	0.00144	0.00576	0.00388	0.00196	0.00501
5	0.06133	0.00557	0.00660	0.00635	0.00773	0.00548	0.00484	0.09047	0.01100	0.05325	0.21278	0.27323	0.05841	0.00937	0.00485	0.00149	0.00286	0.07623	0.07249	0.03566
6	0.01050	0.00785	0.00887	0.00805	0.01018	0.00857	0.00636	0.06694	0.43484	0.08937	0.09692	0.04998	0.05670	0.00827	0.03610	0.00172	0.00370	0.08465	0.00440	0.00603
7	0.00546	0.00431	0.00476	0.00491	0.00595	0.00379	0.00351	0.00650	0.00953	0.01194	0.12247	0.16991	0.49653	0.10897	0.00723	0.00184	0.00251	0.02232	0.00397	0.00359
8	0.06782	0.00696	0.00900	0.00736	0.01011	0.00635	0.00595	0.03073	0.03331	0.57642	0.05949	0.10212	0.01434	0.00656	0.00447	0.00141	0.00347	0.02832	0.01928	0.00652
9	0.00630	0.00440	0.00562	0.00562	0.00592	0.00470	0.00372	0.00690	0.00660	0.00910	0.01295	0.02416	0.01395	0.53398	0.33234	0.00530	0.00709	0.00570	0.00253	0.00312
10	0.00630	0.00421	0.00477	0.00481	0.00482	0.00420	0.00270	0.00633	0.00642	0.00856	0.01413	0.05954	0.01635	0.81505	0.02157	0.00413	0.00416	0.00657	0.00270	0.00268
11	0.05706	0.00838	0.01020	0.00801	0.01119	0.00817	0.00657	0.17163	0.07660	0.52885	0.01529	0.01383	0.01008	0.00533	0.00424	0.00134	0.00380	0.00423	0.04811	0.00709
12	0.00561	0.00427	0.00510	0.00524	0.00619	0.00382	0.00377	0.00693	0.01027	0.01355	0.31688	0.24248	0.30668	0.04194	0.00589	0.00161	0.00231	0.00944	0.00427	0.00376
13	0.01562	0.01074	0.01164	0.00906	0.01222	0.01166	0.00744	0.63303	0.01834	0.09246	0.01232	0.01229	0.02940	0.00539	0.00424	0.00129	0.00434	0.00412	0.09746	0.00696
14	0.77037	0.00869	0.00711	0.00617	0.00896	0.00992	0.00508	0.07562	0.00869	0.05700	0.00693	0.00771	0.00521	0.00420	0.00291	0.00135	0.00350	0.00258	0.00295	0.00506
15	0.00531	0.00382	0.00504	0.00602	0.00631	0.00355	0.00402	0.00608	0.00840	0.01115	0.02469	0.81785	0.05445	0.01358	0.00555	0.00176	0.00252	0.01230	0.00405	0.00355
16	0.01151	0.80707	0.06383	0.00772	0.01159	0.01689	0.00791	0.01310	0.00888	0.01044	0.00615	0.00711	0.00559	0.00375	0.00287	0.00096	0.00476	0.00238	0.00186	0.00564
17	0.00600	0.00448	0.00561	0.00571	0.00666	0.00418	0.00421	0.00793	0.03827	0.01478	0.42720	0.24034	0.15804	0.01051	0.00527	0.00152	0.00235	0.04849	0.00444	0.00399
18	0.00531	0.00380	0.00506	0.00607	0.00633	0.00354	0.00405	0.00607	0.00835	0.01113	0.02404	0.84388	0.02885	0.01366	0.00557	0.00177	0.00253	0.01240	0.00405	0.00354
19	0.17740	0.25818	0.01468	0.00955	0.02679	0.40562	0.02558	0.01513	0.01032	0.01237	0.00649	0.00761	0.00549	0.00416	0.00341	0.00112	0.00603	0.00266	0.00222	0.00520
20	0.03707	0.04705	0.03341	0.00950	0.05328	0.00952	0.03070	0.25983	0.06079	0.23325	0.01354	0.01543	0.01021	0.00560	0.00426	0.00134	0.00416	0.06598	0.09857	0.00651
21	0.00553	0.00410	0.00521	0.00603	0.00657	0.00383	0.00423	0.00668	0.02480	0.01153	0.02696	0.64056	0.15036	0.01298	0.00552	0.00174	0.00262	0.07304	0.00405	0.00367
22	0.01231	0.50510	0.07173	0.00886	0.01223	0.12884	0.00833	0.08124	0.03962	0.01238	0.00708	0.00811	0.00605	0.00435	0.00407	0.00111	0.06536	0.00280	0.00224	0.01820

[dist]
# distance from previous block
# <min> <max>
4	8

[block]
# block no. 2 follows, 60 sequences, length 17
# corresponding to MSA columns:
# 191-207
name=unknown_C
#
# <colnr> <probs for GDERKNQSTAVLIFYWHMCP>
#	G	D	E	R	K	N	Q	S	T	A	V	L	I	F	Y	W	H	M	C	P
0	0.00996	0.00971	0.01712	0.27335	0.49542	0.01023	0.09509	0.01276	0.00960	0.01327	0.00813	0.01115	0.00654	0.00401	0.00442	0.00136	0.00560	0.00401	0.00210	0.00617
1	0.01061	0.01202	0.14303	0.04649	0.26276	0.04627	0.10970	0.10372	0.05484	0.02982	0.01163	0.11578	0.02247	0.00558	0.00456	0.00140	0.00525	0.00511	0.00281	0.00614
2	0.03380	0.21150	0.17693	0.11405	0.03810	0.06797	0.04824	0.05436	0.00956	0.03655	0.00783	0.02110	0.00645	0.00579	0.03479	0.00154	0.12012	0.00348	0.00223	0.00561
3	0.00896	0.00531	0.00621	0.00561	0.00750	0.00467	0.00438	0.01065	0.03433	0.20805	0.10040	0.03330	0.49141	0.01003	0.02968	0.00161	0.00292	0.02584	0.00440	0.00473
4	0.00569	0.00453	0.00487	0.04119	0.00692	0.00402	0.00374	0.00704	0.00999	0.01267	0.09912	0.03717	0.63603	0.00995	0.00489	0.00142	0.00234	0.00832	0.09630	0.00381
5	0.01234	0.35495	0.24990	0.00995	0.01406	0.22821	0.01020	0.03328	0.01024	0.03043	0.00711	0.00812	0.00574	0.00412	0.00356	0.00113	0.00600	0.00280	0.00210	0.00578
6	0.00801	0.00419	0.00604	0.00589	0.00606	0.00426	0.00400	0.04416	0.00640	0.00853	0.00772	0.01312	0.00757	0.01467	0.01643	0.83114	0.00384	0.00379	0.00201	0.00216
7	0.00565	0.00458	0.00501	0.00507	0.00631	0.00411	0.00371	0.00740	0.05197	0.01275	0.14766	0.16372	0.52713	0.02824	0.00553	0.00156	0.00234	0.00923	0.00415	0.00387
8	0.00623	0.00467	0.00701	0.00701	0.00779	0.00545	0.00545	0.00779	0.00701	0.01012	0.01168	0.01713	0.01090	0.03271	0.82944	0.00701	0.01168	0.00467	0.00234	0.00389
9	0.18270	0.00919	0.01157	0.35198	0.04083	0.02287	0.00923	0.20485	0.01142	0.03275	0.00878	0.02539	0.00691	0.00499	0.00452	0.00142	0.04174	0.02051	0.00284	0.00551
10	0.08018	0.00522	0.00632	0.00661	0.00738	0.02218	0.02736	0.04474	0.00880	0.01246	0.01999	0.60950	0.02324	0.07749	0.02557	0.00200	0.00330	0.01009	0.00371	0.00386
11	0.00931	0.01020	0.02167	0.01596	0.01955	0.00956	0.64628	0.01242	0.00991	0.01341	0.01182	0.17556	0.01099	0.00564	0.00523	0.00153	0.00640	0.00657	0.00257	0.00542
12	0.00596	0.00442	0.00555	0.00533	0.00640	0.00401	0.00398	0.00779	0.01175	0.01622	0.64835	0.07213	0.17295	0.00950	0.00517	0.00141	0.00211	0.00832	0.00464	0.00401
13	0.00839	0.00896	0.11692	0.03647	0.04079	0.00755	0.07152	0.03806	0.11483	0.03413	0.18126	0.12502	0.09722	0.03231	0.00586	0.00156	0.05036	0.00652	0.00354	0.01875
14	0.18324	0.11727	0.01121	0.00740	0.01083	0.08902	0.01865	0.06751	0.00999	0.05103	0.00773	0.00868	0.00618	0.00382	0.00330	0.00096	0.00409	0.00274	0.00272	0.39363
15	0.03056	0.17792	0.06841	0.07479	0.11111	0.08943	0.03199	0.06267	0.01068	0.17578	0.01083	0.03115	0.03099	0.00536	0.01603	0.00136	0.04543	0.00388	0.00296	0.01866
16	0.24456	0.05247	0.19289	0.05044	0.10367	0.03451	0.00930	0.07070	0.03241	0.01608	0.02514	0.03962	0.00784	0.00481	0.00398	0.00132	0.02139	0.01892	0.00262	0.06733

[dist]
# distance from previous block
# <min> <max>
0	8

[block]
# block no. 3 follows, 60 sequences, length 11
# corresponding to MSA columns:
# 216-226
name=unknown_D
#
# <colnr> <probs for GDERKNQSTAVLIFYWHMCP>
#	G	D	E	R	K	N	Q	S	T	A	V	L	I	F	Y	W	H	M	C	P
0	0.00838	0.00609	0.00894	0.29116	0.06636	0.00669	0.00749	0.01081	0.02170	0.05287	0.12560	0.04834	0.02671	0.00714	0.03715	0.00157	0.00413	0.04026	0.22392	0.00469
1	0.22481	0.00853	0.00846	0.00702	0.00944	0.00940	0.00567	0.34215	0.01335	0.02147	0.01044	0.01150	0.00791	0.00522	0.00397	0.02973	0.00357	0.00358	0.26823	0.00555
2	0.87753	0.00843	0.00641	0.00574	0.00843	0.00978	0.00472	0.01282	0.00742	0.01957	0.00607	0.00709	0.00472	0.00405	0.00270	0.00135	0.00337	0.00236	0.00270	0.00472
3	0.00624	0.00424	0.00473	0.00473	0.00485	0.00418	0.00270	0.00634	0.00665	0.00874	0.01637	0.02970	0.08501	0.77465	0.02073	0.00399	0.00405	0.00659	0.00276	0.00273
4	0.00992	0.01098	0.04636	0.04348	0.07195	0.01016	0.57778	0.03664	0.01039	0.01410	0.01063	0.04760	0.00911	0.00491	0.00511	0.00151	0.00658	0.07460	0.00248	0.00572
5	0.55637	0.00961	0.00803	0.00681	0.00967	0.08290	0.00552	0.07788	0.00961	0.09866	0.00853	0.00909	0.02274	0.00440	0.00321	0.00127	0.00389	0.00289	0.00308	0.07584
6	0.05234	0.06467	0.01235	0.00899	0.01222	0.01215	0.00747	0.55614	0.05361	0.09551	0.01121	0.01119	0.00803	0.00512	0.00410	0.00128	0.00437	0.00385	0.06849	0.00691
7	0.05114	0.06542	0.01284	0.15792	0.01563	0.02758	0.05914	0.24312	0.18710	0.01806	0.01187	0.01273	0.03428	0.00587	0.02928	0.00150	0.00488	0.00413	0.00335	0.05416
8	0.01074	0.00791	0.00870	0.00789	0.01002	0.00869	0.00623	0.07846	0.43921	0.07706	0.01844	0.02134	0.05053	0.04254	0.00526	0.00159	0.00347	0.09861	0.09732	0.00600
9	0.00583	0.00442	0.00534	0.00557	0.00632	0.00420	0.00399	0.00687	0.00919	0.01199	0.15238	0.25382	0.26311	0.15366	0.00851	0.00206	0.02818	0.06712	0.00386	0.00359
10	0.01115	0.04599	0.06259	0.00895	0.02944	0.27368	0.00723	0.05119	0.02449	0.01345	0.07237	0.03022	0.09207	0.00575	0.00430	0.00116	0.02055	0.03767	0.01447	0.19329

[dist]
# distance from previous block
# <min> <max>
1	13

[block]
# block no. 4 follows, 60 sequences, length 52
# corresponding to MSA columns:
# 240-275,278-293
name=unknown_E
#
# <colnr> <probs for GDERKNQSTAVLIFYWHMCP>
#	G	D	E	R	K	N	Q	S	T	A	V	L	I	F	Y	W	H	M	C	P
0	0.03517	0.07372	0.06213	0.05615	0.09707	0.05760	0.04133	0.16258	0.03897	0.08399	0.00980	0.01131	0.00759	0.00458	0.00421	0.00119	0.02573	0.01789	0.04516	0.16383
1	0.03213	0.03183	0.11373	0.01295	0.19110	0.04072	0.05563	0.04150	0.00984	0.06819	0.01256	0.06871	0.06632	0.00633	0.02604	0.00148	0.07804	0.00465	0.05883	0.07944
2	0.00680	0.00490	0.00734	0.00708	0.00795	0.00549	0.02543	0.00825	0.00721	0.03786	0.01202	0.01817	0.01133	0.12022	0.69184	0.00637	0.01048	0.00486	0.00247	0.00393
3	0.01078	0.01027	0.06427	0.16664	0.16760	0.00978	0.26880	0.01381	0.02141	0.10870	0.02167	0.02462	0.00797	0.00460	0.00517	0.00143	0.05420	0.00452	0.02781	0.00593
4	0.00841	0.00568	0.02955	0.00611	0.02713	0.03425	0.00450	0.02122	0.04768	0.01341	0.01222	0.04529	0.01045	0.00942	0.04885	0.23135	0.00353	0.00430	0.43283	0.00383
5	0.75571	0.00855	0.00710	0.00615	0.00895	0.00969	0.00506	0.05629	0.00857	0.09055	0.00729	0.00795	0.00540	0.00423	0.00294	0.00135	0.00348	0.00262	0.00303	0.00511
6	0.01011	0.01050	0.01312	0.01133	0.01156	0.09101	0.00934	0.01109	0.00723	0.01050	0.00596	0.00956	0.00583	0.00791	0.03213	0.00195	0.74039	0.00374	0.00195	0.00478
7	0.00537	0.00400	0.00500	0.00565	0.00625	0.00363	0.00390	0.00634	0.00912	0.01194	0.11149	0.58428	0.20194	0.01260	0.00543	0.00166	0.00241	0.01123	0.00413	0.00363
8	0.01888	0.00753	0.01009	0.00775	0.01108	0.00659	0.00639	0.04855	0.01269	0.75529	0.03696	0.01500	0.01134	0.00543	0.00438	0.00133	0.00370	0.00442	0.00528	0.02732
9	0.03781	0.00651	0.00765	0.00812	0.00941	0.04639	0.00686	0.03107	0.08243	0.01384	0.02125	0.07005	0.04627	0.01062	0.00574	0.00185	0.02041	0.56540	0.00389	0.00443
10	0.01101	0.03422	0.01032	0.00886	0.01139	0.01110	0.00695	0.04182	0.76878	0.01823	0.01723	0.01586	0.01294	0.00584	0.00439	0.00146	0.00352	0.00483	0.00436	0.00688
11	0.00623	0.00466	0.00693	0.00693	0.00768	0.00541	0.00535	0.00774	0.00699	0.01006	0.01176	0.01755	0.01108	0.06222	0.80017	0.00691	0.01141	0.00473	0.00235	0.00385
12	0.01127	0.00892	0.00956	0.00843	0.01082	0.01002	0.00663	0.15956	0.51266	0.03444	0.01775	0.05674	0.04542	0.00649	0.00447	0.00145	0.00353	0.02802	0.05739	0.00646
13	0.40507	0.00831	0.00835	0.00686	0.00973	0.00881	0.00563	0.13650	0.01113	0.26541	0.01088	0.01080	0.00757	0.00474	0.00350	0.00131	0.00357	0.00337	0.08254	0.00590
14	0.00532	0.00387	0.00501	0.00589	0.00629	0.00357	0.00398	0.00614	0.00859	0.01133	0.04216	0.74624	0.10897	0.01330	0.00552	0.00173	0.00249	0.01198	0.00406	0.00357
15	0.09618	0.00737	0.00810	0.00678	0.00915	0.05427	0.00540	0.05956	0.01160	0.35803	0.11756	0.04158	0.01427	0.00585	0.00405	0.00128	0.00338	0.00471	0.18509	0.00578
16	0.02821	0.00810	0.00832	0.00737	0.00952	0.03629	0.00576	0.14551	0.28742	0.02946	0.11684	0.03361	0.21930	0.00751	0.00463	0.00142	0.00331	0.01559	0.02625	0.00559
17	0.00531	0.00380	0.00506	0.00607	0.00633	0.00354	0.00405	0.00607	0.00835	0.01113	0.02404	0.84388	0.02885	0.01366	0.00557	0.00177	0.00253	0.01240	0.00405	0.00354
18	0.00614	0.00423	0.00528	0.00563	0.00644	0.00383	0.00397	0.00727	0.00963	0.04858	0.18411	0.44835	0.19915	0.02802	0.00564	0.00165	0.00245	0.01024	0.01554	0.00385
19	0.00813	0.00568	0.00622	0.00576	0.00760	0.00534	0.00442	0.01134	0.15372	0.12105	0.06159	0.06252	0.51122	0.00940	0.00494	0.00146	0.00264	0.00787	0.00432	0.00477
20	0.00535	0.00382	0.00510	0.00611	0.00638	0.00357	0.00411	0.00613	0.00838	0.01117	0.02402	0.82814	0.02877	0.01363	0.00558	0.00178	0.00256	0.02780	0.00405	0.00355
21	0.78140	0.02123	0.06775	0.00673	0.02743	0.00993	0.00580	0.01291	0.00763	0.01889	0.00625	0.00732	0.00484	0.00405	0.00284	0.00134	0.00366	0.00246	0.00261	0.00491
22	0.01166	0.84935	0.02285	0.00746	0.01119	0.01726	0.00746	0.01306	0.00886	0.01026	0.00606	0.00700	0.00560	0.00373	0.00280	0.00093	0.00466	0.00233	0.00187	0.00560
23	0.01176	0.81451	0.02251	0.00790	0.02556	0.03671	0.00759	0.01317	0.00897	0.01034	0.00612	0.00708	0.00562	0.00375	0.00285	0.00094	0.00475	0.00237	0.00188	0.00561
24	0.00542	0.00384	0.00503	0.00594	0.00616	0.00361	0.00390	0.00610	0.00814	0.01086	0.02298	0.75999	0.02751	0.09938	0.00728	0.00202	0.00271	0.01178	0.00390	0.00345
25	0.03690	0.02653	0.03148	0.02229	0.11398	0.01255	0.00884	0.60973	0.01773	0.02420	0.01030	0.03065	0.00778	0.00518	0.00429	0.00131	0.00475	0.00405	0.02042	0.00704
26	0.02532	0.02587	0.01388	0.71221	0.08050	0.00999	0.03801	0.02167	0.00898	0.01179	0.00778	0.01138	0.00591	0.00430	0.00432	0.00143	0.00574	0.00386	0.00201	0.00506
27	0.00598	0.00434	0.00564	0.00555	0.00646	0.00400	0.00407	0.00777	0.01155	0.01615	0.64729	0.17687	0.06831	0.00984	0.00522	0.00145	0.00215	0.00874	0.00464	0.00400
28	0.01362	0.37630	0.01688	0.00957	0.01226	0.40377	0.00806	0.01486	0.01033	0.01047	0.00644	0.00776	0.00569	0.00482	0.01625	0.00119	0.07171	0.00271	0.00206	0.00525
29	0.00919	0.00869	0.01456	0.53524	0.29816	0.00995	0.01239	0.01228	0.03388	0.01242	0.00821	0.01149	0.00642	0.00425	0.00435	0.00140	0.00553	0.00391	0.00209	0.00561
30	0.01095	0.03882	0.07364	0.06907	0.47136	0.04006	0.03719	0.05672	0.06854	0.02662	0.03668	0.01167	0.00835	0.00434	0.00428	0.00130	0.00514	0.00398	0.00255	0.02874
31	0.01736	0.01002	0.03642	0.00887	0.01232	0.00975	0.00749	0.38555	0.01608	0.39900	0.03062	0.01339	0.02139	0.00544	0.00439	0.00133	0.00425	0.00428	0.00477	0.00727
32	0.00544	0.00438	0.00485	0.00491	0.00615	0.00379	0.00365	0.00673	0.01030	0.01297	0.20757	0.12299	0.55028	0.01088	0.00522	0.00149	0.00225	0.02817	0.00421	0.00377
33	0.00579	0.00436	0.00510	0.00531	0.00635	0.00389	0.00383	0.00715	0.02277	0.02942	0.18251	0.30634	0.37879	0.01132	0.00526	0.00155	0.00234	0.00985	0.00423	0.00385
34	0.04091	0.11565	0.28552	0.03525	0.15469	0.07430	0.09197	0.01425	0.00969	0.07824	0.00827	0.00983	0.00630	0.00433	0.00465	0.00133	0.05286	0.00351	0.00229	0.00614
35	0.68703	0.00908	0.00777	0.00660	0.00947	0.01033	0.00544	0.15675	0.01000	0.05324	0.00732	0.00801	0.00546	0.00432	0.00307	0.00134	0.00365	0.00273	0.00311	0.00532
36	0.00599	0.00437	0.00568	0.00582	0.00670	0.00405	0.00436	0.00768	0.01100	0.01513	0.49140	0.21990	0.09564	0.01050	0.00534	0.00154	0.00239	0.09411	0.00449	0.00394
37	0.04255	0.00882	0.03082	0.38044	0.23702	0.00929	0.03143	0.02396	0.00985	0.15116	0.00963	0.01182	0.00707	0.00440	0.00428	0.00138	0.00516	0.00393	0.02108	0.00591
38	0.01797	0.00843	0.01106	0.00850	0.01183	0.00796	0.03400	0.17105	0.03384	0.59251	0.04512	0.01459	0.01119	0.00545	0.00444	0.00135	0.00398	0.00447	0.00504	0.00723
39	0.00649	0.00416	0.00510	0.00556	0.00622	0.00400	0.00395	0.02284	0.00942	0.01384	0.13328	0.45742	0.02511	0.01037	0.00479	0.00150	0.00241	0.03221	0.24746	0.00386
40	0.01029	0.01176	0.02574	0.01838	0.02279	0.01103	0.80368	0.01397	0.01029	0.01397	0.00882	0.01176	0.00662	0.00368	0.00515	0.00147	0.00735	0.00515	0.00221	0.00588
41	0.01078	0.01232	0.04441	0.10443	0.08504	0.22471	0.19537	0.01389	0.08095	0.01267	0.01161	0.16149	0.01086	0.00601	0.00465	0.00141	0.00588	0.00551	0.00270	0.00533
42	0.01085	0.12512	0.18284	0.00968	0.05250	0.02849	0.02888	0.10677	0.01076	0.04819	0.01832	0.01014	0.01985	0.00408	0.00372	0.00103	0.00458	0.00322	0.00267	0.32831
43	0.01229	0.58168	0.11346	0.00878	0.01256	0.15457	0.00866	0.04307	0.00993	0.01138	0.00655	0.00753	0.00566	0.00396	0.00321	0.00103	0.00542	0.00258	0.00202	0.00567
44	0.87753	0.00843	0.00641	0.00574	0.00843	0.00978	0.00472	0.01282	0.00742	0.01957	0.00607	0.00709	0.00472	0.00405	0.00270	0.00135	0.00337	0.00236	0.00270	0.00472
45	0.01513	0.01178	0.01164	0.00926	0.01224	0.09169	0.00751	0.59482	0.03074	0.02402	0.03136	0.01161	0.00867	0.00525	0.00418	0.00126	0.00466	0.00395	0.11356	0.00667
46	0.00634	0.00425	0.00487	0.00487	0.00491	0.00429	0.00278	0.00641	0.00638	0.00854	0.01364	0.02798	0.01561	0.80677	0.06182	0.00436	0.00459	0.00626	0.00263	0.00270
47	0.01217	0.00883	0.01114	0.04869	0.15911	0.00938	0.00801	0.23093	0.13721	0.09287	0.01480	0.01720	0.05023	0.00587	0.00438	0.00137	0.00407	0.06631	0.11115	0.00626
48	0.16534	0.00800	0.00959	0.00753	0.01071	0.00768	0.00620	0.10525	0.01237	0.56861	0.01446	0.01309	0.00940	0.00514	0.00405	0.00133	0.00371	0.00398	0.03672	0.00684
49	0.01142	0.00787	0.00869	0.00773	0.00989	0.03177	0.00614	0.08654	0.29917	0.14498	0.09954	0.02197	0.04819	0.02839	0.00502	0.00151	0.00351	0.09295	0.07882	0.00589
50	0.00726	0.00605	0.00822	0.01992	0.11448	0.02630	0.03286	0.00878	0.00987	0.03676	0.15287	0.22989	0.23551	0.01027	0.02938	0.00168	0.03372	0.02806	0.00370	0.00443
51	0.01177	0.14931	0.08974	0.00922	0.03915	0.02658	0.01665	0.10361	0.12531	0.13835	0.04816	0.03871	0.02887	0.03678	0.00527	0.00150	0.02541	0.09613	0.00357	0.00592

[dist]
# distance from previous block
# <min> <max>
0	5

[block]
# block no. 5 follows, 60 sequences, length 22
# corresponding to MSA columns:
# 299-320
name=unknown_F
#
# <colnr> <probs for GDERKNQSTAVLIFYWHMCP>
#	G	D	E	R	K	N	Q	S	T	A	V	L	I	F	Y	W	H	M	C	P
0	0.15321	0.00984	0.04435	0.00775	0.01033	0.06023	0.00648	0.28960	0.04879	0.04183	0.03279	0.01237	0.00911	0.00659	0.04997	0.00157	0.00442	0.00381	0.20125	0.00572
1	0.00888	0.05961	0.78822	0.01221	0.01853	0.01045	0.01573	0.01378	0.00919	0.01365	0.00775	0.00911	0.00553	0.00413	0.00408	0.00136	0.00637	0.00318	0.00184	0.00641
2	0.01442	0.06398	0.01273	0.00981	0.02797	0.11153	0.02027	0.44268	0.01554	0.04346	0.00992	0.01098	0.00758	0.02209	0.00530	0.00135	0.07615	0.00378	0.09417	0.00631
3	0.01166	0.84935	0.02285	0.00746	0.01119	0.01726	0.00746	0.01306	0.00886	0.01026	0.00606	0.00700	0.00560	0.00373	0.00280	0.00093	0.00466	0.00233	0.00187	0.00560
4	0.00689	0.00492	0.00686	0.00787	0.00881	0.00490	0.00678	0.00879	0.00990	0.01289	0.02317	0.11544	0.02541	0.01218	0.00599	0.00199	0.00389	0.72533	0.00402	0.00398
5	0.00824	0.00775	0.01308	0.83624	0.03004	0.00969	0.01211	0.01114	0.00872	0.01114	0.00775	0.01163	0.00581	0.00436	0.00436	0.00145	0.00581	0.00388	0.00194	0.00484
6	0.00634	0.00423	0.00476	0.00476	0.00476	0.00423	0.00264	0.00634	0.00634	0.00846	0.01374	0.02854	0.01586	0.84672	0.02220	0.00423	0.00423	0.00634	0.00264	0.00264
7	0.00594	0.00431	0.00561	0.00558	0.00645	0.00397	0.00407	0.00768	0.01136	0.01586	0.61153	0.21717	0.06400	0.01007	0.00524	0.00147	0.00217	0.00896	0.00461	0.00397
8	0.00625	0.00458	0.00652	0.00652	0.00713	0.00519	0.00484	0.00747	0.00686	0.00976	0.01213	0.01961	0.01198	0.20964	0.65398	0.00640	0.01006	0.00504	0.00240	0.00362
9	0.00844	0.00436	0.00439	0.00428	0.00539	0.00441	0.00324	0.03893	0.00956	0.01667	0.01409	0.01605	0.01104	0.00509	0.00310	0.00103	0.00213	0.00406	0.83957	0.00419
10	0.01932	0.00782	0.01037	0.00795	0.01133	0.00700	0.00657	0.08658	0.01315	0.75626	0.01665	0.01448	0.01051	0.00538	0.00438	0.00135	0.00380	0.00435	0.00531	0.00742
11	0.01444	0.00646	0.00806	0.00667	0.00904	0.00602	0.00533	0.08207	0.01182	0.43154	0.03509	0.08442	0.01284	0.00606	0.00411	0.00128	0.00317	0.00500	0.26054	0.00603
12	0.01242	0.00573	0.00675	0.00579	0.00772	0.00550	0.00457	0.04981	0.03881	0.28646	0.01497	0.01543	0.01084	0.00554	0.00404	0.02852	0.00282	0.00419	0.48472	0.00537
13	0.00540	0.00443	0.00476	0.00468	0.00604	0.00379	0.00351	0.00673	0.01052	0.01315	0.22993	0.03972	0.63114	0.01053	0.00515	0.00145	0.00217	0.00889	0.00423	0.00379
14	0.01198	0.00777	0.00817	0.00678	0.00892	0.00837	0.00543	0.37188	0.01432	0.02137	0.01252	0.01363	0.00947	0.00515	0.00365	0.00115	0.00329	0.00400	0.47655	0.00559
15	0.01065	0.00759	0.02121	0.00821	0.02100	0.07531	0.00645	0.02458	0.02040	0.19122	0.01278	0.01595	0.02930	0.05761	0.39606	0.00419	0.08492	0.00452	0.00308	0.00497
16	0.00571	0.00456	0.00513	0.00537	0.00665	0.00405	0.00424	0.00702	0.00989	0.01213	0.06185	0.04290	0.56073	0.04751	0.00611	0.00172	0.00274	0.20396	0.00400	0.00373
17	0.00531	0.00380	0.00506	0.00607	0.00633	0.00354	0.00405	0.00607	0.00835	0.01113	0.02404	0.84388	0.02885	0.01366	0.00557	0.00177	0.00253	0.01240	0.00405	0.00354
18	0.01362	0.35601	0.01815	0.01098	0.04259	0.38849	0.08733	0.01516	0.01065	0.01096	0.00673	0.00801	0.00576	0.00408	0.00361	0.00109	0.00642	0.00289	0.00208	0.00542
19	0.01111	0.71268	0.04196	0.00765	0.01109	0.03772	0.00750	0.01262	0.00876	0.01035	0.00674	0.00819	0.00618	0.00694	0.09337	0.00162	0.00557	0.00262	0.00193	0.00542
20	0.00825	0.00452	0.00624	0.00599	0.00628	0.00463	0.00409	0.07235	0.00696	0.00929	0.00821	0.01400	0.00809	0.06744	0.01632	0.74494	0.00390	0.00396	0.00215	0.00240
21	0.18412	0.01132	0.01189	0.00989	0.04746	0.01258	0.00778	0.59388	0.03996	0.02510	0.00972	0.00999	0.00704	0.00496	0.00404	0.00132	0.00450	0.00365	0.00394	0.00685

[dist]
# distance from previous block
# <min> <max>
0	1

[block]
# block no. 6 follows, 60 sequences, length 48
# corresponding to MSA columns:
# 322-369
name=unknown_G
#
# <colnr> <probs for GDERKNQSTAVLIFYWHMCP>
#	G	D	E	R	K	N	Q	S	T	A	V	L	I	F	Y	W	H	M	C	P
0	0.00613	0.00452	0.00564	0.00580	0.00674	0.00422	0.00444	0.00764	0.01031	0.01374	0.32071	0.08412	0.19628	0.11678	0.00754	0.00193	0.00285	0.19268	0.00414	0.00378
1	0.01310	0.59183	0.01959	0.00864	0.01191	0.26961	0.00776	0.01441	0.00995	0.01039	0.00627	0.00727	0.00560	0.00397	0.00315	0.00099	0.00566	0.00248	0.00198	0.00543
2	0.00753	0.00671	0.00996	0.07520	0.28925	0.00652	0.00764	0.00945	0.01023	0.01362	0.17199	0.06133	0.29787	0.00778	0.00482	0.00140	0.00349	0.00685	0.00338	0.00496
3	0.02891	0.10525	0.34308	0.05206	0.08244	0.05616	0.02014	0.03407	0.05145	0.05801	0.01039	0.01167	0.04132	0.00460	0.00402	0.00127	0.00533	0.01250	0.00249	0.07483
4	0.01009	0.00944	0.01492	0.20958	0.48990	0.03212	0.01172	0.02334	0.04650	0.02397	0.00996	0.08064	0.00880	0.00496	0.00443	0.00138	0.00508	0.00462	0.00244	0.00612
5	0.01308	0.00679	0.00868	0.00780	0.01009	0.00659	0.00642	0.01680	0.16118	0.36517	0.01999	0.06107	0.03923	0.00790	0.00491	0.00158	0.00362	0.22951	0.02360	0.00601
6	0.02847	0.00584	0.00686	0.04159	0.00867	0.00597	0.00501	0.01156	0.17330	0.06664	0.18019	0.08004	0.22591	0.06771	0.05891	0.00201	0.00351	0.01910	0.00403	0.00468
7	0.01203	0.40006	0.07791	0.02847	0.12602	0.12567	0.09994	0.05962	0.01035	0.01256	0.00718	0.00864	0.00600	0.00398	0.00365	0.00113	0.00564	0.00312	0.00214	0.00589
8	0.00626	0.00454	0.00632	0.00632	0.00686	0.00508	0.00459	0.00734	0.00680	0.00961	0.01232	0.02064	0.01243	0.28301	0.58122	0.00615	0.00939	0.00519	0.00243	0.00351
9	0.00520	0.00442	0.00448	0.00447	0.00592	0.00370	0.00335	0.00635	0.01005	0.01204	0.07911	0.04155	0.78266	0.01095	0.00515	0.00147	0.00220	0.00915	0.00408	0.00370
10	0.00708	0.00573	0.00779	0.03156	0.03762	0.00575	0.04648	0.03142	0.10825	0.01349	0.09433	0.35549	0.12191	0.02861	0.00561	0.00169	0.00324	0.08559	0.00392	0.00443
11	0.01177	0.05670	0.03061	0.14598	0.34543	0.11895	0.10286	0.10872	0.01131	0.01463	0.00816	0.01038	0.00650	0.00417	0.00429	0.00130	0.00583	0.00380	0.00239	0.00621
12	0.01574	0.01140	0.01219	0.00944	0.01268	0.01258	0.00777	0.72584	0.01938	0.02637	0.01085	0.01105	0.00779	0.00522	0.00423	0.00128	0.00452	0.00394	0.09064	0.00708
13	0.00552	0.00439	0.00494	0.00523	0.00636	0.00387	0.00393	0.00667	0.00961	0.01188	0.06065	0.17837	0.51892	0.04718	0.00607	0.00171	0.00259	0.11445	0.00401	0.00367
14	0.08556	0.01155	0.01238	0.19266	0.01669	0.08071	0.00881	0.47514	0.03909	0.02154	0.00940	0.01040	0.00686	0.00490	0.00419	0.00133	0.00512	0.00372	0.00351	0.00641
15	0.00623	0.00466	0.00695	0.00695	0.00770	0.00542	0.00537	0.00775	0.00699	0.01008	0.01174	0.01746	0.01104	0.05585	0.80650	0.00693	0.01147	0.00472	0.00235	0.00386
16	0.01144	0.78613	0.08412	0.00784	0.01178	0.01671	0.00812	0.01312	0.00889	0.01053	0.00620	0.00717	0.00559	0.00376	0.00290	0.00097	0.00480	0.00240	0.00186	0.00566
17	0.42456	0.00797	0.00718	0.00668	0.00855	0.07450	0.00527	0.03411	0.00806	0.01529	0.00870	0.01176	0.00760	0.04377	0.29414	0.00341	0.00670	0.00344	0.02387	0.00445
18	0.65617	0.00817	0.00737	0.00626	0.00913	0.00891	0.00516	0.01500	0.00873	0.22674	0.00895	0.00909	0.00629	0.00440	0.00313	0.00135	0.00346	0.00288	0.00340	0.00542
19	0.00573	0.00441	0.00483	0.00489	0.00583	0.00401	0.00346	0.00660	0.00883	0.01099	0.05913	0.03746	0.45876	0.27705	0.02662	0.00249	0.00317	0.06874	0.00359	0.00340
20	0.49739	0.00905	0.00871	0.00713	0.01016	0.00987	0.00589	0.19006	0.01144	0.19870	0.00951	0.00955	0.00666	0.00461	0.00344	0.00134	0.00376	0.00316	0.00366	0.00592
21	0.01029	0.01176	0.02574	0.01838	0.02279	0.01103	0.80368	0.01397	0.01029	0.01397	0.00882	0.01176	0.00662	0.00368	0.00515	0.00147	0.00735	0.00515	0.00221	0.00588
22	0.55502	0.02450	0.03588	0.00679	0.00908	0.05020	0.00575	0.01249	0.00792	0.02940	0.00739	0.00895	0.00594	0.00567	0.03542	0.00157	0.09438	0.00287	0.09602	0.00476
23	0.00844	0.00707	0.00838	0.00644	0.00959	0.00562	0.00502	0.01039	0.02636	0.01351	0.00999	0.08804	0.00937	0.04134	0.05789	0.00133	0.00376	0.00384	0.00275	0.68087
24	0.31558	0.11410	0.34193	0.00942	0.02738	0.01064	0.02473	0.01297	0.00842	0.01526	0.00726	0.00874	0.00563	0.00527	0.03584	0.00154	0.02566	0.00295	0.02113	0.00554
25	0.11884	0.00554	0.00693	0.00706	0.00808	0.02470	0.05038	0.00861	0.03065	0.03071	0.02007	0.59033	0.02291	0.01116	0.00510	0.00168	0.00316	0.04625	0.00377	0.00407
26	0.00875	0.02256	0.82413	0.01243	0.01888	0.01013	0.01611	0.01381	0.00921	0.01381	0.00783	0.00921	0.00552	0.00414	0.00414	0.00138	0.00645	0.00322	0.00184	0.00645
27	0.06898	0.01122	0.01221	0.00941	0.01283	0.01216	0.00777	0.63135	0.01843	0.15468	0.01129	0.01097	0.00780	0.00519	0.00427	0.00132	0.00454	0.00391	0.00443	0.00726
28	0.00954	0.00954	0.01336	0.01145	0.01145	0.01336	0.00954	0.01050	0.00668	0.01050	0.00573	0.00954	0.00573	0.00763	0.01431	0.00191	0.83874	0.00382	0.00191	0.00477
29	0.80579	0.00838	0.00655	0.00582	0.00847	0.00966	0.00478	0.04227	0.00799	0.01971	0.00661	0.00763	0.00512	0.00414	0.00278	0.00133	0.00337	0.00250	0.04230	0.00479
30	0.87753	0.00843	0.00641	0.00574	0.00843	0.00978	0.00472	0.01282	0.00742	0.01957	0.00607	0.00709	0.00472	0.00405	0.00270	0.00135	0.00337	0.00236	0.00270	0.00472
31	0.01343	0.01046	0.01129	0.00929	0.01210	0.01176	0.00746	0.43224	0.31527	0.02269	0.05450	0.03770	0.01192	0.00597	0.00468	0.00140	0.02186	0.00474	0.00435	0.00689
32	0.01111	0.00944	0.00999	0.00893	0.01142	0.01087	0.00699	0.07172	0.74251	0.01870	0.01743	0.01672	0.01323	0.00602	0.00447	0.00148	0.00355	0.02412	0.00442	0.00686
33	0.00631	0.00434	0.00534	0.00534	0.00554	0.00454	0.00337	0.00671	0.00651	0.00889	0.01321	0.02560	0.01458	0.63716	0.23002	0.00494	0.00615	0.00591	0.00256	0.00296
34	0.00813	0.00407	0.00407	0.00407	0.00508	0.00407	0.00305	0.01016	0.00915	0.01626	0.01423	0.01626	0.01118	0.00508	0.00305	0.00102	0.00203	0.00407	0.87093	0.00407
35	0.01957	0.00742	0.01012	0.00776	0.01113	0.00641	0.00641	0.02126	0.01248	0.82254	0.01721	0.01484	0.01080	0.00540	0.00439	0.00135	0.00371	0.00439	0.00540	0.00742
36	0.00572	0.00426	0.00533	0.00544	0.00634	0.00387	0.00394	0.00722	0.01073	0.01454	0.43669	0.26640	0.19209	0.01070	0.00527	0.00151	0.00222	0.00944	0.00444	0.00387
37	0.01957	0.00742	0.01012	0.00776	0.01113	0.00641	0.00641	0.02126	0.01248	0.82254	0.01721	0.01484	0.01080	0.00540	0.00439	0.00135	0.00371	0.00439	0.00540	0.00742
38	0.01605	0.00956	0.01102	0.00873	0.01186	0.00999	0.00712	0.34736	0.15209	0.30464	0.04903	0.01406	0.01114	0.00557	0.00439	0.00135	0.00402	0.00443	0.02048	0.00713
39	0.00579	0.00415	0.00540	0.00624	0.00663	0.00397	0.00423	0.04012	0.00887	0.01183	0.02346	0.80836	0.02793	0.01330	0.00552	0.00175	0.00263	0.01204	0.00406	0.00371
40	0.01155	0.00953	0.09719	0.00939	0.02680	0.00859	0.06799	0.13866	0.06730	0.16334	0.02747	0.04234	0.03397	0.15032	0.04680	0.00218	0.07284	0.00502	0.01308	0.00564
41	0.00531	0.00380	0.00506	0.00607	0.00633	0.00354	0.00405	0.00607	0.00835	0.01113	0.02404	0.84388	0.02885	0.01366	0.00557	0.00177	0.00253	0.01240	0.00405	0.00354
42	0.01019	0.00753	0.00886	0.00839	0.01024	0.00809	0.00695	0.23823	0.12331	0.01787	0.01845	0.09958	0.01815	0.00910	0.00517	0.00167	0.00395	0.35782	0.04113	0.00535
43	0.33506	0.14129	0.01225	0.04100	0.08380	0.29666	0.00748	0.01445	0.00964	0.01426	0.00656	0.00785	0.00540	0.00415	0.00335	0.00121	0.00539	0.00271	0.00234	0.00517
44	0.01017	0.01423	0.21296	0.05017	0.15610	0.07102	0.33843	0.01383	0.02705	0.01359	0.00912	0.04625	0.00739	0.00439	0.00465	0.00141	0.00645	0.00455	0.00223	0.00601
45	0.00564	0.00416	0.00556	0.00636	0.00665	0.00413	0.00440	0.00647	0.00839	0.01128	0.04549	0.72588	0.02753	0.03684	0.00648	0.00185	0.04447	0.04088	0.00392	0.00361
46	0.01092	0.20011	0.01477	0.03373	0.01208	0.14338	0.02603	0.03518	0.02252	0.01134	0.01862	0.03430	0.03758	0.00671	0.02224	0.00158	0.35773	0.00389	0.00226	0.00504
47	0.02308	0.01248	0.09253	0.20907	0.08089	0.20838	0.02071	0.05206	0.09262	0.01328	0.01316	0.06810	0.08382	0.00575	0.00438	0.00137	0.00547	0.00471	0.00274	0.00537

[dist]
# distance from previous block
# <min> <max>
0	4

[block]
# block no. 7 follows, 60 sequences, length 18
# corresponding to MSA columns:
# 374-391
name=unknown_H
#
# <colnr> <probs for GDERKNQSTAVLIFYWHMCP>
#	G	D	E	R	K	N	Q	S	T	A	V	L	I	F	Y	W	H	M	C	P
0	0.00540	0.00388	0.00499	0.00583	0.00614	0.00362	0.00386	0.00611	0.00827	0.01092	0.02446	0.70803	0.08338	0.09433	0.00715	0.00199	0.00267	0.01159	0.00391	0.00347
1	0.01380	0.12557	0.01322	0.02925	0.01277	0.05729	0.00775	0.38564	0.25226	0.02084	0.01184	0.01173	0.00886	0.00517	0.00412	0.00129	0.00451	0.00395	0.02338	0.00675
2	0.01163	0.06054	0.18952	0.02985	0.09553	0.11424	0.04937	0.06767	0.02404	0.09426	0.04076	0.02124	0.01682	0.00499	0.00465	0.02788	0.01813	0.00378	0.00278	0.12231
3	0.01178	0.15572	0.14606	0.03666	0.21179	0.07232	0.02532	0.01491	0.06157	0.12356	0.03332	0.01170	0.01806	0.00516	0.02290	0.00137	0.00520	0.00374	0.00276	0.03609
4	0.01030	0.02599	0.04740	0.05976	0.05317	0.01065	0.53154	0.01468	0.09906	0.03511	0.04177	0.01290	0.00873	0.00432	0.00510	0.00145	0.02456	0.00495	0.00260	0.00594
5	0.00676	0.00527	0.00698	0.05631	0.07998	0.00521	0.00535	0.04054	0.02188	0.01266	0.07453	0.36332	0.16127	0.08862	0.00671	0.00182	0.00316	0.02681	0.02868	0.00413
6	0.01218	0.17504	0.27810	0.07822	0.03950	0.13211	0.02772	0.08713	0.01088	0.08715	0.00840	0.00952	0.00630	0.00442	0.00419	0.00127	0.02601	0.00329	0.00249	0.00609
7	0.22221	0.03115	0.01165	0.22308	0.11472	0.08727	0.03233	0.05039	0.00987	0.08165	0.01029	0.01275	0.04033	0.00550	0.02290	0.00150	0.00506	0.02923	0.00275	0.00538
8	0.00535	0.00394	0.00503	0.00587	0.00634	0.00362	0.00402	0.00623	0.00872	0.01141	0.04351	0.68593	0.14664	0.01313	0.00551	0.00172	0.00251	0.03288	0.00406	0.00359
9	0.00897	0.00897	0.04704	0.34653	0.33195	0.00920	0.01144	0.01196	0.03561	0.01313	0.06158	0.01496	0.07018	0.00501	0.00445	0.00139	0.00501	0.00454	0.00244	0.00564
10	0.00820	0.00765	0.01278	0.71914	0.06733	0.00940	0.01158	0.01092	0.00867	0.01125	0.00853	0.04521	0.00697	0.00575	0.03310	0.00166	0.02072	0.00425	0.00205	0.00486
11	0.00758	0.00379	0.00568	0.00568	0.00568	0.00379	0.00379	0.00568	0.00568	0.00758	0.00758	0.01326	0.00758	0.01515	0.01705	0.87311	0.00379	0.00379	0.00189	0.00189
12	0.03384	0.00446	0.00534	0.00552	0.00649	0.00425	0.00398	0.00948	0.00922	0.10327	0.05004	0.40420	0.02038	0.00926	0.00445	0.00143	0.00249	0.00810	0.30960	0.00421
13	0.00548	0.00413	0.00510	0.00565	0.00639	0.00374	0.00403	0.00658	0.00941	0.01224	0.13088	0.46722	0.25209	0.01222	0.00542	0.00165	0.00247	0.05747	0.00414	0.00368
14	0.00874	0.00724	0.00719	0.00725	0.00820	0.12006	0.00549	0.04226	0.00939	0.03556	0.01656	0.07001	0.01780	0.31522	0.02515	0.00272	0.00471	0.28927	0.00330	0.00388
15	0.00832	0.00784	0.01324	0.80862	0.05698	0.00971	0.01216	0.01122	0.00876	0.01125	0.00777	0.01160	0.00585	0.00434	0.00436	0.00145	0.00579	0.00388	0.00195	0.00492
16	0.00972	0.01077	0.02307	0.01673	0.02060	0.01011	0.70132	0.01298	0.00993	0.01345	0.01017	0.07038	0.00870	0.05380	0.00618	0.00165	0.00684	0.00572	0.00236	0.00553
17	0.00920	0.23774	0.12936	0.02880	0.03038	0.04291	0.05186	0.03056	0.05098	0.01355	0.15957	0.03885	0.11268	0.00640	0.00427	0.00130	0.00433	0.03901	0.00303	0.00522

[dist]
# distance from previous block
# <min> <max>
0	1

[block]
# block no. 8 follows, 60 sequences, length 35
# corresponding to MSA columns:
# 393-427
name=unknown_I
#
# <colnr> <probs for GDERKNQSTAVLIFYWHMCP>
#	G	D	E	R	K	N	Q	S	T	A	V	L	I	F	Y	W	H	M	C	P
0	0.22960	0.21636	0.03657	0.02502	0.01151	0.07993	0.00711	0.23048	0.02397	0.01769	0.00880	0.00992	0.02261	0.02431	0.02262	0.00141	0.00475	0.00323	0.01843	0.00569
1	0.87753	0.00843	0.00641	0.00574	0.00843	0.00978	0.00472	0.01282	0.00742	0.01957	0.00607	0.00709	0.00472	0.00405	0.00270	0.00135	0.00337	0.00236	0.00270	0.00472
2	0.00634	0.00423	0.00476	0.00476	0.00476	0.00423	0.00264	0.00634	0.00634	0.00846	0.01374	0.02854	0.01586	0.84672	0.02220	0.00423	0.00423	0.00634	0.00264	0.00264
3	0.01118	0.01282	0.02079	0.01566	0.01884	0.14968	0.50246	0.01412	0.02893	0.01287	0.00811	0.01080	0.00644	0.00461	0.00663	0.00149	0.16231	0.00450	0.00221	0.00556
4	0.87753	0.00843	0.00641	0.00574	0.00843	0.00978	0.00472	0.01282	0.00742	0.01957	0.00607	0.00709	0.00472	0.00405	0.00270	0.00135	0.00337	0.00236	0.00270	0.00472
5	0.00824	0.00775	0.01308	0.83624	0.03004	0.00969	0.01211	0.01114	0.00872	0.01114	0.00775	0.01163	0.00581	0.00436	0.00436	0.00145	0.00581	0.00388	0.00194	0.00484
6	0.01004	0.00772	0.00915	0.00658	0.01041	0.00587	0.00529	0.01196	0.00937	0.09095	0.00865	0.00959	0.00687	0.00344	0.00334	0.00071	0.00328	0.00276	0.00285	0.79117
7	0.24852	0.03833	0.01102	0.00966	0.01206	0.58769	0.00740	0.01607	0.01094	0.01306	0.00654	0.00763	0.00538	0.00435	0.00357	0.00118	0.00657	0.00268	0.00236	0.00498
8	0.01079	0.01036	0.01770	0.02677	0.81952	0.01036	0.01339	0.01339	0.00993	0.01425	0.00820	0.01079	0.00691	0.00389	0.00432	0.00130	0.00518	0.00389	0.00216	0.00691
9	0.00926	0.03569	0.04730	0.02640	0.01181	0.00680	0.05080	0.02284	0.00935	0.02578	0.00893	0.02900	0.00773	0.00399	0.00359	0.00085	0.00376	0.03605	0.00265	0.65741
10	0.01001	0.03599	0.06237	0.00774	0.01008	0.00803	0.02273	0.19522	0.06528	0.04911	0.33553	0.02141	0.05633	0.02226	0.00554	0.02669	0.02246	0.00575	0.00406	0.03341
11	0.01166	0.84935	0.02285	0.00746	0.01119	0.01726	0.00746	0.01306	0.00886	0.01026	0.00606	0.00700	0.00560	0.00373	0.00280	0.00093	0.00466	0.00233	0.00187	0.00560
12	0.01172	0.00961	0.01021	0.00896	0.01156	0.01099	0.00703	0.10463	0.70430	0.04421	0.01698	0.01562	0.01262	0.00583	0.00443	0.00146	0.00360	0.00481	0.00446	0.00697
13	0.00813	0.00407	0.00407	0.00407	0.00508	0.00407	0.00305	0.01016	0.00915	0.01626	0.01423	0.01626	0.01118	0.00508	0.00305	0.00102	0.00203	0.00407	0.87093	0.00407
14	0.00623	0.00467	0.00701	0.00701	0.00779	0.00545	0.00545	0.00779	0.00701	0.01012	0.01168	0.01713	0.01090	0.03271	0.82944	0.00701	0.01168	0.00467	0.00234	0.00389
15	0.01626	0.01206	0.01291	0.00997	0.01341	0.01338	0.00821	0.76202	0.06397	0.02698	0.01087	0.01079	0.00774	0.00527	0.00437	0.00132	0.00473	0.00398	0.00437	0.00739
16	0.00634	0.00423	0.00476	0.00476	0.00476	0.00423	0.00264	0.00634	0.00634	0.00846	0.01374	0.02854	0.01586	0.84672	0.02220	0.00423	0.00423	0.00634	0.00264	0.00264
17	0.00758	0.00379	0.00568	0.00568	0.00568	0.00379	0.00379	0.00568	0.00568	0.00758	0.00758	0.01326	0.00758	0.01515	0.01705	0.87311	0.00379	0.00379	0.00189	0.00189
18	0.00621	0.00490	0.00566	0.00551	0.00678	0.00461	0.00411	0.00888	0.09629	0.01482	0.36581	0.11678	0.32376	0.00987	0.00512	0.00146	0.00231	0.00852	0.00441	0.00419
19	0.85271	0.00841	0.00652	0.00579	0.00851	0.00969	0.00477	0.01306	0.00757	0.04280	0.00639	0.00731	0.00490	0.00409	0.00275	0.00135	0.00338	0.00242	0.00278	0.00480
20	0.12949	0.00770	0.00974	0.00757	0.01086	0.00706	0.00625	0.04454	0.01208	0.69486	0.01557	0.01371	0.00991	0.00522	0.00417	0.00135	0.00370	0.00411	0.00502	0.00708
21	0.01356	0.00951	0.01050	0.00885	0.01166	0.01045	0.00705	0.18439	0.48481	0.16914	0.03114	0.01511	0.01215	0.00574	0.00443	0.00142	0.00375	0.00468	0.00461	0.00705
22	0.00531	0.00382	0.00504	0.00602	0.00631	0.00355	0.00402	0.00608	0.00840	0.01115	0.02470	0.81755	0.05475	0.01358	0.00555	0.00176	0.00252	0.01229	0.00405	0.00355
23	0.01103	0.01193	0.06866	0.05326	0.40297	0.06464	0.19309	0.05962	0.01056	0.01449	0.00842	0.01085	0.00673	0.00416	0.00480	0.00135	0.03606	0.00407	0.02701	0.00631
24	0.00560	0.00440	0.00513	0.00559	0.00667	0.00394	0.00429	0.00681	0.00958	0.01190	0.03483	0.23478	0.45876	0.01189	0.00544	0.00166	0.00268	0.17829	0.00404	0.00372
