[name]
unknown

[dist]
# distance from previous block
# <min> <max>
0	37

[block]
# block no. 0 follows, 48 sequences, length 18
# corresponding to MSA columns:
# 268-279,284-289
name=unknown_A
#
# <colnr> <probs for GDERKNQSTAVLIFYWHMCP>
#	G	D	E	R	K	N	Q	S	T	A	V	L	I	F	Y	W	H	M	C	P
0	0.00837	0.00676	0.00760	0.00767	0.00915	0.03435	0.00584	0.04747	0.05963	0.01628	0.13869	0.27158	0.18958	0.01240	0.00613	0.00186	0.00355	0.12991	0.00479	0.03838
1	0.00915	0.00836	0.01387	0.66462	0.03048	0.01027	0.01267	0.01219	0.01007	0.01302	0.01152	0.10116	0.01020	0.00865	0.06090	0.00221	0.00690	0.00571	0.00258	0.00546
2	0.85592	0.00992	0.00754	0.00675	0.00992	0.01151	0.00556	0.01508	0.00873	0.02302	0.00714	0.00834	0.00556	0.00476	0.00318	0.00159	0.00397	0.00278	0.00318	0.00556
3	0.01185	0.01124	0.01915	0.07512	0.63760	0.01132	0.03327	0.01479	0.01165	0.01652	0.05097	0.06086	0.01163	0.00558	0.00524	0.00158	0.00583	0.00544	0.00282	0.00755
4	0.01233	0.00960	0.01130	0.05828	0.01392	0.02757	0.00710	0.05132	0.01181	0.09188	0.01103	0.01340	0.00894	0.00469	0.00423	0.00102	0.00431	0.03306	0.00347	0.62073
5	0.01048	0.00894	0.01046	0.00755	0.01195	0.00674	0.00602	0.01277	0.01082	0.01690	0.04608	0.01196	0.00954	0.00412	0.00391	0.00080	0.00373	0.00334	0.00316	0.81073
6	0.39278	0.00974	0.00967	0.00863	0.01101	0.01145	0.00701	0.04476	0.15114	0.02017	0.04367	0.01772	0.08226	0.00722	0.00631	0.00176	0.13172	0.03319	0.00378	0.00599
7	0.00715	0.00607	0.03688	0.00733	0.02628	0.00518	0.00545	0.00906	0.01213	0.01662	0.38238	0.18226	0.15322	0.07010	0.05453	0.00235	0.00369	0.00984	0.00479	0.00468
8	0.02167	0.00834	0.01119	0.00869	0.01238	0.00726	0.00714	0.02370	0.01429	0.71370	0.01989	0.01763	0.01275	0.00631	0.00500	0.00155	0.00417	0.00512	0.09087	0.00834
9	0.01100	0.01022	0.01672	0.50057	0.24393	0.01186	0.01412	0.05080	0.01123	0.01505	0.00975	0.03101	0.00789	0.00542	0.00563	0.00168	0.03930	0.00479	0.00255	0.00649
10	0.01654	0.01512	0.01358	0.01153	0.01480	0.18404	0.00909	0.28907	0.34593	0.02339	0.01505	0.01459	0.01125	0.00632	0.00506	0.00158	0.00575	0.00484	0.00463	0.00787
11	0.00631	0.00458	0.00584	0.00681	0.00725	0.00424	0.00455	0.00719	0.00987	0.01296	0.03013	0.67406	0.11857	0.07200	0.00786	0.00225	0.00307	0.01366	0.00465	0.00411
12	0.01254	0.05469	0.28182	0.03333	0.26002	0.01220	0.14913	0.03221	0.01192	0.07118	0.02598	0.01293	0.00857	0.00491	0.00513	0.00158	0.00683	0.00462	0.00279	0.00761
13	0.01190	0.03939	0.15722	0.01929	0.02470	0.01300	0.56736	0.01713	0.06551	0.01663	0.01082	0.01354	0.00809	0.00460	0.00572	0.00169	0.00806	0.00556	0.00270	0.00711
14	0.01000	0.00939	0.01581	0.67663	0.13407	0.01128	0.01412	0.01334	0.01060	0.01385	0.03623	0.01441	0.00846	0.00524	0.00516	0.00168	0.00659	0.00473	0.00243	0.00599
15	0.00629	0.00459	0.00594	0.00701	0.00749	0.00424	0.00478	0.00728	0.01009	0.01325	0.03081	0.70943	0.11521	0.01568	0.00651	0.00205	0.00299	0.03739	0.00476	0.00420
16	0.01475	0.15360	0.30691	0.03901	0.04829	0.03075	0.08658	0.01845	0.01203	0.22364	0.01192	0.01259	0.00838	0.00514	0.00481	0.00153	0.00643	0.00425	0.00337	0.00758
17	0.02752	0.03431	0.57154	0.01312	0.03209	0.01084	0.01554	0.03212	0.01129	0.03597	0.04944	0.04176	0.02475	0.00695	0.02995	0.00183	0.00685	0.02021	0.00277	0.03116

[dist]
# distance from previous block
# <min> <max>
1	4

[block]
# block no. 1 follows, 48 sequences, length 21
# corresponding to MSA columns:
# 294-296,300-317
name=unknown_B
#
# <colnr> <probs for GDERKNQSTAVLIFYWHMCP>
#	G	D	E	R	K	N	Q	S	T	A	V	L	I	F	Y	W	H	M	C	P
0	0.01094	0.00844	0.01137	0.05426	0.09678	0.05522	0.03550	0.01333	0.03473	0.09086	0.09726	0.01954	0.01516	0.04560	0.28254	0.03946	0.00812	0.00550	0.02605	0.04935
1	0.01208	0.01401	0.13192	0.06957	0.39397	0.03623	0.07902	0.04630	0.04724	0.01711	0.03985	0.03402	0.01035	0.00602	0.02162	0.00171	0.00646	0.00502	0.00289	0.02462
2	0.01351	0.77531	0.07255	0.00913	0.01371	0.01980	0.00939	0.01542	0.01045	0.01232	0.00726	0.00839	0.00658	0.00442	0.00339	0.00113	0.00561	0.00281	0.00219	0.00664
3	0.01075	0.01303	0.19557	0.00929	0.01436	0.00795	0.00911	0.01383	0.01078	0.04045	0.01031	0.04565	0.00863	0.00466	0.00421	0.00105	0.00468	0.00378	0.00301	0.58889
4	0.01191	0.01541	0.28315	0.02925	0.08398	0.02477	0.02610	0.08618	0.08223	0.07906	0.01588	0.12082	0.03368	0.00922	0.05265	0.00209	0.00628	0.02670	0.00362	0.00701
5	0.00733	0.00557	0.00692	0.00717	0.00811	0.00551	0.00515	0.03160	0.04372	0.01542	0.17735	0.39296	0.15298	0.03997	0.05129	0.00234	0.02594	0.01127	0.00473	0.00466
6	0.01296	0.05155	0.01364	0.01193	0.05887	0.06367	0.00906	0.12031	0.16184	0.04543	0.06113	0.05316	0.03735	0.00932	0.04737	0.00208	0.20864	0.00563	0.01942	0.00664
7	0.01140	0.00841	0.00976	0.06763	0.04496	0.05504	0.00681	0.03222	0.13134	0.10247	0.01591	0.03883	0.01475	0.31535	0.11964	0.00377	0.00635	0.00616	0.00373	0.00547
8	0.01124	0.01082	0.01865	0.29733	0.39212	0.01160	0.07418	0.01435	0.01101	0.01519	0.01023	0.04770	0.00872	0.00534	0.00553	0.00163	0.02860	0.00508	0.00255	0.02812
9	0.00715	0.00543	0.00681	0.00643	0.00771	0.00509	0.00486	0.00930	0.01374	0.01895	0.61134	0.03968	0.19623	0.01095	0.00640	0.00166	0.02872	0.00944	0.00536	0.00476
10	0.01665	0.39297	0.02024	0.01117	0.01462	0.43958	0.00939	0.01812	0.01264	0.01233	0.00756	0.00878	0.00660	0.00487	0.00401	0.00122	0.00751	0.00305	0.00244	0.00624
11	0.00606	0.00520	0.00520	0.00520	0.00693	0.00433	0.00390	0.00736	0.01170	0.01386	0.05198	0.04938	0.78558	0.01299	0.00606	0.00173	0.00260	0.01083	0.00476	0.00433
12	0.82659	0.01008	0.00782	0.00693	0.01013	0.01167	0.00570	0.04158	0.00927	0.02335	0.00733	0.00848	0.00567	0.00481	0.00324	0.00159	0.00403	0.00284	0.00324	0.00567
13	0.00709	0.00487	0.00595	0.00630	0.00647	0.00487	0.00390	0.00752	0.00824	0.01107	0.01955	0.26524	0.02267	0.50906	0.09108	0.00441	0.00518	0.00940	0.00357	0.00356
14	0.01323	0.00984	0.01157	0.00911	0.03079	0.00866	0.00708	0.15204	0.03398	0.09257	0.01239	0.06681	0.01031	0.00541	0.00443	0.00111	0.00419	0.00442	0.00390	0.51815
15	0.01102	0.00873	0.01281	0.03536	0.11521	0.00866	0.07300	0.03704	0.04130	0.07714	0.16398	0.07242	0.03129	0.09716	0.00854	0.00195	0.06753	0.00654	0.00391	0.12640
16	0.01128	0.03156	0.08195	0.05429	0.05854	0.02302	0.02162	0.02844	0.07411	0.08078	0.03244	0.14539	0.04622	0.00735	0.00501	0.00145	0.00458	0.02616	0.00379	0.26203
17	0.01230	0.01162	0.03188	0.12507	0.36547	0.02595	0.07450	0.06670	0.10134	0.02856	0.03690	0.05110	0.03367	0.00599	0.00530	0.00162	0.00585	0.00558	0.00330	0.00732
18	0.02329	0.01012	0.03493	0.08569	0.14964	0.04430	0.04548	0.06779	0.02947	0.04120	0.13233	0.03525	0.09286	0.03526	0.04857	0.00200	0.01710	0.00608	0.00369	0.09494
19	0.03125	0.04031	0.01364	0.01125	0.05470	0.03596	0.00862	0.37635	0.08885	0.07609	0.04863	0.04742	0.04907	0.00672	0.00504	0.00150	0.00494	0.00536	0.00466	0.08963
20	0.03312	0.01026	0.03747	0.50184	0.14570	0.02685	0.01311	0.03876	0.03171	0.01508	0.02605	0.03802	0.03257	0.00595	0.00518	0.00169	0.00624	0.02144	0.00278	0.00617

[dist]
# distance from previous block
# <min> <max>
8	11

[block]
# block no. 2 follows, 48 sequences, length 16
# corresponding to MSA columns:
# 330-345
name=unknown_C
#
# <colnr> <probs for GDERKNQSTAVLIFYWHMCP>
#	G	D	E	R	K	N	Q	S	T	A	V	L	I	F	Y	W	H	M	C	P
0	0.01254	0.01233	0.04254	0.08452	0.56977	0.04515	0.01417	0.03914	0.01216	0.03028	0.03295	0.03020	0.04058	0.00545	0.00515	0.00156	0.00599	0.00507	0.00288	0.00755
1	0.01591	0.03311	0.11485	0.03636	0.13276	0.02808	0.03014	0.06071	0.01365	0.31997	0.06972	0.01968	0.07290	0.00667	0.00524	0.00160	0.00519	0.02137	0.00454	0.00755
2	0.01169	0.01276	0.01777	0.16407	0.06368	0.16089	0.23124	0.01436	0.01161	0.01417	0.01540	0.07921	0.09191	0.00819	0.04004	0.00197	0.04596	0.00624	0.00293	0.00592
3	0.01064	0.01098	0.05401	0.50565	0.22666	0.01191	0.03497	0.01398	0.01057	0.01425	0.00916	0.01316	0.00717	0.00516	0.00577	0.00169	0.05090	0.00456	0.00235	0.00644
4	0.01554	0.03990	0.05091	0.05070	0.19985	0.11833	0.09635	0.20285	0.01525	0.08207	0.01174	0.01415	0.00911	0.00556	0.00508	0.00154	0.00643	0.02781	0.03934	0.00747
5	0.01679	0.37379	0.01998	0.01123	0.01468	0.43256	0.00941	0.04258	0.01305	0.01299	0.00772	0.00890	0.00667	0.00492	0.00406	0.00123	0.00749	0.00310	0.00253	0.00632
6	0.02531	0.01146	0.07118	0.03223	0.10703	0.00983	0.04729	0.10819	0.06959	0.12690	0.05534	0.01481	0.01144	0.01890	0.00512	0.00140	0.00494	0.00457	0.00390	0.27057
7	0.01299	0.11579	0.40009	0.01396	0.03551	0.11989	0.06106	0.08152	0.01244	0.02870	0.00973	0.03272	0.00769	0.00545	0.00532	0.00156	0.04159	0.00418	0.00267	0.00715
8	0.00729	0.00501	0.00640	0.00705	0.00765	0.00479	0.00484	0.00861	0.02862	0.03755	0.07178	0.51562	0.06467	0.13937	0.03019	0.00264	0.00366	0.04536	0.00457	0.00433
9	0.01027	0.02441	0.69523	0.01499	0.04708	0.01157	0.04593	0.01587	0.01111	0.01651	0.05246	0.01254	0.00894	0.00516	0.00499	0.00162	0.00729	0.00421	0.00239	0.00742
10	0.01146	0.01170	0.04446	0.21016	0.40364	0.02620	0.07970	0.01461	0.01130	0.01553	0.01180	0.01552	0.04341	0.00536	0.00540	0.00159	0.01984	0.02252	0.00264	0.04315
11	0.00999	0.00816	0.01358	0.01400	0.13901	0.00780	0.14683	0.04326	0.01154	0.06495	0.02186	0.41881	0.05660	0.01087	0.00605	0.00186	0.00471	0.01020	0.00412	0.00581
12	0.02031	0.01028	0.01256	0.00987	0.01357	0.01012	0.00805	0.26252	0.03952	0.46616	0.01834	0.07707	0.01314	0.00705	0.00526	0.00161	0.00466	0.00573	0.00581	0.00836
13	0.01095	0.01060	0.01500	0.64056	0.05951	0.09059	0.01331	0.01404	0.01092	0.03162	0.01075	0.01523	0.02623	0.00557	0.00515	0.00168	0.00684	0.02307	0.00254	0.00583
14	0.01512	0.08653	0.02755	0.12317	0.12466	0.18438	0.01098	0.13645	0.07335	0.06307	0.01126	0.03769	0.00912	0.00604	0.00580	0.00157	0.06833	0.00457	0.00338	0.00699
15	0.08168	0.01482	0.01643	0.14569	0.23374	0.24699	0.05567	0.01605	0.01172	0.01490	0.00961	0.05161	0.00843	0.00577	0.00579	0.00159	0.06578	0.00463	0.00267	0.00643

[dist]
# distance from previous block
# <min> <max>
0	1

[block]
# block no. 3 follows, 48 sequences, length 33
# corresponding to MSA columns:
# 347,369-383,388-404
name=unknown_D
#
# <colnr> <probs for GDERKNQSTAVLIFYWHMCP>
#	G	D	E	R	K	N	Q	S	T	A	V	L	I	F	Y	W	H	M	C	P
0	0.01310	0.03445	0.17936	0.02003	0.25942	0.05520	0.15394	0.07204	0.08371	0.04010	0.01156	0.03351	0.00915	0.00531	0.00521	0.00160	0.00668	0.00497	0.00307	0.00760
1	0.00695	0.00502	0.00658	0.00736	0.00787	0.00486	0.00505	0.02536	0.01001	0.01341	0.02648	0.69019	0.05231	0.01536	0.00747	0.04814	0.02625	0.01314	0.00452	0.02367
2	0.00997	0.01024	0.08492	0.02770	0.02317	0.06769	0.01796	0.10623	0.03541	0.01658	0.06489	0.28526	0.13436	0.05664	0.00689	0.00193	0.00453	0.00906	0.00419	0.03238
3	0.00644	0.00518	0.00574	0.00567	0.00718	0.00448	0.00423	0.00806	0.01246	0.01586	0.27302	0.08235	0.52655	0.01238	0.00608	0.00171	0.00256	0.01054	0.00503	0.00448
4	0.01436	0.53956	0.02253	0.01060	0.05564	0.10534	0.00906	0.07141	0.01199	0.01439	0.00796	0.00916	0.00694	0.00457	0.00373	0.00114	0.00577	0.00308	0.00257	0.10020
5	0.00656	0.00473	0.00629	0.00736	0.00786	0.00440	0.00510	0.00762	0.01002	0.01340	0.02762	0.72729	0.03278	0.01555	0.00651	0.00207	0.00315	0.07762	0.00471	0.02939
6	0.01318	0.35814	0.28300	0.02880	0.07680	0.07467	0.02787	0.03364	0.01144	0.03676	0.00868	0.01010	0.00693	0.00474	0.00425	0.00137	0.00658	0.00349	0.00244	0.00709
7	0.01195	0.10903	0.36671	0.01610	0.13614	0.02316	0.08827	0.01657	0.04448	0.06297	0.02971	0.03717	0.02417	0.00552	0.00497	0.00157	0.00655	0.00476	0.00287	0.00733
8	0.01071	0.00706	0.02787	0.00756	0.00961	0.00637	0.00606	0.05009	0.05071	0.14489	0.53075	0.03285	0.06122	0.00946	0.00582	0.00163	0.00315	0.02275	0.00558	0.00586
9	0.01263	0.03279	0.08092	0.20922	0.34674	0.05138	0.09714	0.07725	0.01246	0.01678	0.00964	0.01260	0.00760	0.00486	0.00512	0.00158	0.00677	0.00457	0.00266	0.00728
10	0.01266	0.03447	0.22345	0.09584	0.26354	0.05265	0.10590	0.08285	0.01272	0.02886	0.03203	0.01293	0.00870	0.00504	0.00512	0.00158	0.00684	0.00459	0.00280	0.00743
11	0.01151	0.32500	0.25295	0.01007	0.01468	0.01345	0.01086	0.01525	0.05480	0.04748	0.08924	0.01722	0.08749	0.00692	0.02133	0.00158	0.00559	0.00482	0.00313	0.00663
12	0.05470	0.00490	0.00696	0.00692	0.00722	0.00512	0.00480	0.00750	0.00702	0.01012	0.00952	0.01587	0.00930	0.02012	0.13255	0.68197	0.00578	0.00452	0.00236	0.00275
13	0.03071	0.00802	0.02619	0.04888	0.01221	0.02578	0.04645	0.06398	0.05204	0.09645	0.05539	0.32119	0.02218	0.02880	0.03234	0.03788	0.02363	0.05797	0.00438	0.00553
14	0.01315	0.03603	0.13877	0.09214	0.24197	0.11917	0.12543	0.01637	0.01190	0.06875	0.01131	0.05383	0.00947	0.00569	0.00539	0.00161	0.01960	0.01949	0.00288	0.00704
15	0.05851	0.01189	0.04461	0.01032	0.01338	0.04300	0.00838	0.04144	0.61103	0.02079	0.02034	0.01964	0.04609	0.00705	0.00514	0.00172	0.00440	0.01976	0.00485	0.00767
16	0.03285	0.10296	0.01357	0.01016	0.01315	0.18535	0.00815	0.16924	0.12067	0.10067	0.07302	0.06987	0.04977	0.00731	0.00503	0.00154	0.00547	0.02000	0.00435	0.00686
17	0.51332	0.00977	0.00969	0.06219	0.01282	0.01066	0.00692	0.06996	0.01143	0.21586	0.01136	0.02779	0.00824	0.00552	0.00401	0.00160	0.00436	0.00387	0.00408	0.00656
18	0.05073	0.00967	0.01305	0.00947	0.01394	0.00785	0.10667	0.01392	0.01091	0.05207	0.01007	0.02688	0.00827	0.00427	0.00418	0.00099	0.00446	0.00375	0.00317	0.64568
19	0.01056	0.02904	0.06610	0.01022	0.01224	0.04826	0.06952	0.10796	0.02612	0.01537	0.03084	0.09932	0.03435	0.18732	0.15280	0.00360	0.08100	0.00659	0.00337	0.00543
20	0.01173	0.16725	0.02017	0.01383	0.01561	0.01580	0.14380	0.01354	0.00911	0.01300	0.00769	0.01141	0.00710	0.00828	0.03873	0.00214	0.48806	0.00446	0.00231	0.00599
21	0.00787	0.00586	0.00704	0.00769	0.04971	0.00540	0.00528	0.01008	0.05180	0.04826	0.10953	0.21601	0.37464	0.01209	0.00594	0.00177	0.00305	0.02765	0.04536	0.00496
22	0.01134	0.01099	0.01860	0.27419	0.36601	0.01233	0.06214	0.01427	0.01061	0.01480	0.00923	0.01309	0.00763	0.00635	0.02979	0.00189	0.12283	0.00468	0.00242	0.00681
23	0.01229	0.01172	0.07498	0.20184	0.16171	0.05169	0.07124	0.03157	0.07185	0.09804	0.05497	0.05772	0.06478	0.00660	0.00534	0.00165	0.00582	0.00589	0.00355	0.00676
24	0.00694	0.00544	0.00582	0.00573	0.00741	0.00471	0.00428	0.02517	0.01215	0.03562	0.11399	0.11097	0.61835	0.01270	0.00606	0.00174	0.00273	0.01071	0.00489	0.00458
25	0.05102	0.00891	0.01184	0.00911	0.01306	0.00788	0.00753	0.04247	0.01471	0.74720	0.01961	0.01703	0.01237	0.00629	0.00509	0.00159	0.00438	0.00507	0.00621	0.00863
26	0.01234	0.34473	0.29027	0.01324	0.08150	0.04047	0.02754	0.01678	0.07840	0.01484	0.00953	0.01092	0.00767	0.00570	0.02463	0.00158	0.00653	0.00368	0.00252	0.00713
27	0.01106	0.01099	0.01547	0.03537	0.01394	0.01530	0.01116	0.01227	0.00794	0.01236	0.00702	0.01158	0.00693	0.00981	0.04140	0.00242	0.76262	0.00452	0.00226	0.00558
28	0.00734	0.00545	0.00801	0.00801	0.00884	0.00629	0.00612	0.00901	0.00818	0.01174	0.01396	0.02136	0.01335	0.10836	0.73017	0.00795	0.01296	0.00567	0.00278	0.00445
29	0.70374	0.03342	0.02846	0.00754	0.01094	0.02844	0.00641	0.05681	0.01011	0.06394	0.00819	0.00912	0.00619	0.00493	0.00346	0.00157	0.00433	0.00304	0.00339	0.00599
30	0.00642	0.00521	0.00569	0.00557	0.00715	0.00448	0.00418	0.00806	0.01254	0.01587	0.27121	0.04607	0.56510	0.01225	0.00606	0.00170	0.00255	0.01037	0.00503	0.00448
31	0.00741	0.00517	0.00656	0.00656	0.00690	0.00550	0.00431	0.00808	0.00775	0.01066	0.01528	0.02868	0.01653	0.53479	0.30809	0.00617	0.00817	0.00675	0.00298	0.00365
32	0.05172	0.19944	0.34908	0.01544	0.09803	0.07796	0.10817	0.01632	0.01119	0.01541	0.00874	0.01057	0.00681	0.00470	0.00459	0.00148	0.00707	0.00383	0.00235	0.00711

[dist]
# distance from previous block
# <min> <max>
5	6

[block]
# block no. 4 follows, 48 sequences, length 15
# corresponding to MSA columns:
# 411-415,435-444
name=unknown_E
#
# <colnr> <probs for GDERKNQSTAVLIFYWHMCP>
#	G	D	E	R	K	N	Q	S	T	A	V	L	I	F	Y	W	H	M	C	P
0	0.16220	0.00893	0.01118	0.00873	0.01257	0.00820	0.00721	0.02335	0.01369	0.66286	0.01805	0.01594	0.01151	0.00609	0.00483	0.00159	0.00430	0.00476	0.00582	0.00820
1	0.00734	0.00545	0.00798	0.00796	0.00882	0.00623	0.00609	0.00906	0.00846	0.01214	0.04800	0.02199	0.01485	0.09703	0.70513	0.00770	0.01257	0.00581	0.00290	0.00448
2	0.00746	0.00497	0.00560	0.00560	0.00560	0.00497	0.00311	0.00746	0.00746	0.00995	0.01617	0.03358	0.01865	0.81967	0.02612	0.00497	0.00497	0.00746	0.00311	0.00311
3	0.00802	0.00635	0.00783	0.00801	0.02167	0.02389	0.00585	0.01057	0.06783	0.01506	0.17127	0.17743	0.09820	0.08223	0.17645	0.00344	0.03636	0.04561	0.02913	0.00482
4	0.01107	0.00989	0.01084	0.00788	0.01235	0.04653	0.00627	0.01330	0.01084	0.01651	0.00906	0.01057	0.00755	0.00387	0.00384	0.00079	0.00407	0.00305	0.00302	0.80870
5	0.00949	0.00827	0.01240	0.26608	0.05239	0.00936	0.03962	0.03623	0.06684	0.01696	0.26802	0.02347	0.04617	0.00953	0.05385	0.00210	0.06317	0.00652	0.00382	0.00572
6	0.00722	0.00532	0.00677	0.00654	0.00775	0.00496	0.00485	0.00974	0.03550	0.01932	0.62918	0.11940	0.10183	0.01116	0.00608	0.00168	0.00254	0.00985	0.00548	0.00483
7	0.01360	0.01274	0.01335	0.01038	0.01425	0.16486	0.06460	0.05291	0.01236	0.06441	0.01028	0.01260	0.00843	0.00496	0.00495	0.00115	0.04049	0.02683	0.00325	0.46362
8	0.00646	0.00465	0.00617	0.00730	0.00776	0.00436	0.00510	0.00753	0.01012	0.01337	0.02925	0.70014	0.06798	0.01573	0.00658	0.00210	0.00315	0.09326	0.00476	0.00423
9	0.03355	0.19297	0.14498	0.04934	0.08321	0.21563	0.06515	0.07756	0.04651	0.01591	0.00921	0.01080	0.00735	0.00510	0.00482	0.00145	0.02298	0.00385	0.00276	0.00690
10	0.00650	0.00518	0.00582	0.00574	0.00722	0.00450	0.00428	0.00817	0.01261	0.01620	0.31055	0.08350	0.48708	0.01226	0.00608	0.00171	0.00255	0.01047	0.00508	0.00450
11	0.02658	0.15329	0.01653	0.03503	0.05076	0.12101	0.08557	0.11027	0.05102	0.04120	0.01279	0.10120	0.01182	0.05492	0.06403	0.00224	0.04646	0.00560	0.00336	0.00633
12	0.00736	0.00538	0.00765	0.00765	0.00836	0.00609	0.00567	0.00878	0.00807	0.01147	0.01429	0.02317	0.01413	0.21363	0.62598	0.00751	0.01178	0.00594	0.00283	0.00425
13	0.01347	0.23769	0.16032	0.04621	0.07709	0.12168	0.05905	0.05992	0.04430	0.02819	0.01064	0.01203	0.03045	0.00517	0.00469	0.00140	0.01854	0.00400	0.00280	0.06237
14	0.01072	0.00874	0.01118	0.01160	0.10308	0.04974	0.04713	0.07857	0.03940	0.05380	0.08643	0.21821	0.09618	0.06901	0.02802	0.00214	0.03933	0.00838	0.03263	0.00573

[dist]
# distance from previous block
# <min> <max>
2	4

[block]
# block no. 5 follows, 48 sequences, length 26
# corresponding to MSA columns:
# 454-479
name=unknown_F
#
# <colnr> <probs for GDERKNQSTAVLIFYWHMCP>
#	G	D	E	R	K	N	Q	S	T	A	V	L	I	F	Y	W	H	M	C	P
0	0.10148	0.04520	0.05164	0.01148	0.08030	0.06999	0.02116	0.12957	0.11643	0.05278	0.08319	0.15436	0.04513	0.00808	0.00518	0.00165	0.00481	0.00675	0.00423	0.00659
1	0.00907	0.02546	0.01157	0.02410	0.07390	0.02013	0.09326	0.02828	0.01084	0.03163	0.08094	0.27907	0.05228	0.08382	0.09767	0.00282	0.02618	0.02476	0.01902	0.00519
2	0.01213	0.00748	0.00939	0.00830	0.01016	0.00766	0.00644	0.07642	0.03658	0.19231	0.14470	0.14559	0.13996	0.05909	0.03219	0.00216	0.09047	0.00815	0.00488	0.00594
3	0.01089	0.00940	0.01222	0.12828	0.09481	0.00851	0.00830	0.03460	0.05390	0.01659	0.01041	0.01313	0.00868	0.04561	0.00537	0.00128	0.00459	0.00387	0.01731	0.51226
4	0.00803	0.00560	0.00719	0.00664	0.00803	0.00521	0.00503	0.03069	0.01470	0.04415	0.71652	0.03735	0.07061	0.01033	0.00600	0.00161	0.00257	0.00908	0.00563	0.00505
5	0.00821	0.00640	0.00915	0.00910	0.02996	0.00766	0.00682	0.00982	0.00838	0.01241	0.01308	0.02000	0.01245	0.11327	0.52627	0.00635	0.12788	0.00548	0.06263	0.00469
6	0.01183	0.01152	0.01212	0.22252	0.01825	0.16635	0.00942	0.04466	0.15274	0.01472	0.01259	0.01627	0.01052	0.05176	0.19344	0.02918	0.00823	0.00490	0.00315	0.00582
7	0.85592	0.00992	0.00754	0.00675	0.00992	0.01151	0.00556	0.01508	0.00873	0.02302	0.00714	0.00834	0.00556	0.00476	0.00318	0.00159	0.00397	0.00278	0.00318	0.00556
8	0.01917	0.02445	0.01454	0.01322	0.01586	0.79907	0.00991	0.02049	0.01454	0.01256	0.00793	0.00925	0.00661	0.00529	0.00463	0.00132	0.00925	0.00330	0.00264	0.00595
9	0.00778	0.04177	0.00818	0.05431	0.00979	0.02630	0.00565	0.01007	0.02957	0.01709	0.41018	0.10076	0.19605	0.01211	0.04598	0.00199	0.00369	0.00907	0.00480	0.00489
10	0.00627	0.00503	0.00560	0.00584	0.00715	0.00436	0.00424	0.00762	0.01161	0.01457	0.14370	0.23517	0.50400	0.01341	0.00618	0.00180	0.00267	0.01154	0.00488	0.00436
11	0.01262	0.01263	0.04846	0.02935	0.70355	0.01222	0.01531	0.01660	0.06717	0.01708	0.01045	0.01310	0.00861	0.00476	0.00508	0.00154	0.00600	0.00463	0.00272	0.00811
12	0.01128	0.00950	0.01099	0.00791	0.01243	0.00750	0.00635	0.06799	0.01162	0.01786	0.00935	0.01076	0.00768	0.00397	0.00390	0.00082	0.00393	0.00315	0.00319	0.78982
13	0.01588	0.03171	0.05082	0.01236	0.07250	0.08733	0.03769	0.30732	0.03192	0.11059	0.03571	0.04457	0.06488	0.02548	0.02325	0.00178	0.00574	0.00553	0.02762	0.00735
14	0.01056	0.09354	0.62113	0.01461	0.04250	0.01232	0.06030	0.01571	0.01084	0.01575	0.01007	0.05156	0.00801	0.00536	0.00490	0.00161	0.00719	0.00440	0.00234	0.00730
15	0.02030	0.00866	0.01137	0.00908	0.01263	0.00790	0.00737	0.02377	0.10727	0.62790	0.05089	0.05889	0.01554	0.00708	0.00527	0.00163	0.00418	0.00588	0.00611	0.00827
16	0.04134	0.02506	0.01512	0.05413	0.18697	0.01170	0.05339	0.20358	0.09471	0.06984	0.06708	0.05465	0.03362	0.00688	0.00550	0.00164	0.02124	0.02677	0.01948	0.00731
17	0.01452	0.04967	0.13465	0.03971	0.16263	0.21839	0.11674	0.08526	0.03510	0.03748	0.03564	0.01278	0.00914	0.00582	0.01888	0.00163	0.00736	0.00448	0.00301	0.00708
18	0.01529	0.01032	0.04402	0.01361	0.14283	0.00923	0.06402	0.09000	0.03103	0.26921	0.11592	0.01912	0.04570	0.00716	0.02349	0.00168	0.00505	0.00561	0.00461	0.08210
19	0.01064	0.00912	0.01064	0.00760	0.01216	0.00684	0.00608	0.01292	0.01064	0.01672	0.00912	0.01064	0.00760	0.00380	0.00380	0.00076	0.00380	0.00304	0.00304	0.85104
20	0.01215	0.06478	0.20525	0.01272	0.04172	0.06422	0.10913	0.12763	0.06111	0.01824	0.04818	0.05909	0.06871	0.03872	0.00598	0.00172	0.00598	0.00577	0.04219	0.00671
21	0.00711	0.00524	0.00665	0.00630	0.00757	0.00478	0.00472	0.00939	0.01417	0.01973	0.69213	0.03973	0.14177	0.01081	0.00605	0.00163	0.00244	0.00948	0.00554	0.00478
22	0.01537	0.02985	0.01594	0.03660	0.13779	0.13969	0.06386	0.21218	0.14656	0.04907	0.01426	0.01503	0.04304	0.00610	0.00547	0.00157	0.03167	0.00495	0.02355	0.00745
23	0.00738	0.00529	0.00722	0.00722	0.00778	0.00586	0.00513	0.00850	0.00794	0.01115	0.01468	0.02536	0.01509	0.34143	0.49948	0.00698	0.01034	0.00626	0.00289	0.00401
24	0.01261	0.27349	0.30140	0.01449	0.09281	0.07203	0.07250	0.03160	0.04171	0.01522	0.00982	0.01130	0.01990	0.00492	0.00451	0.00144	0.00673	0.00389	0.00250	0.00714
25	0.14504	0.01064	0.01223	0.00969	0.01324	0.01109	0.00797	0.22929	0.04957	0.34910	0.01498	0.01426	0.01020	0.00618	0.00548	0.00159	0.05249	0.00459	0.02592	0.02644

[dist]
# distance from previous block
# <min> <max>
0	12

[block]
# block no. 6 follows, 48 sequences, length 18
# corresponding to MSA columns:
# 493-510
name=unknown_G
#
# <colnr> <probs for GDERKNQSTAVLIFYWHMCP>
#	G	D	E	R	K	N	Q	S	T	A	V	L	I	F	Y	W	H	M	C	P
0	0.06930	0.22341	0.24086	0.01475	0.14247	0.12168	0.01270	0.03948	0.03821	0.01590	0.00894	0.01042	0.00716	0.00483	0.00435	0.00141	0.00651	0.00359	0.00259	0.03146
1	0.08982	0.16306	0.09496	0.01366	0.11931	0.03619	0.06309	0.13750	0.04734	0.04829	0.01017	0.01137	0.00791	0.00490	0.00444	0.00137	0.00564	0.00392	0.00326	0.13380
2	0.12937	0.39703	0.06289	0.01266	0.08007	0.12418	0.08539	0.02910	0.01129	0.01503	0.00798	0.00953	0.00673	0.00463	0.00400	0.00133	0.00628	0.00340	0.00251	0.00661
3	0.01599	0.05999	0.01396	0.01070	0.01413	0.03871	0.00869	0.38848	0.27957	0.02581	0.03808	0.01543	0.01231	0.00642	0.00499	0.00156	0.00495	0.00502	0.04722	0.00799
4	0.00661	0.00464	0.00625	0.00713	0.00747	0.00453	0.00482	0.00741	0.00928	0.01249	0.02451	0.61212	0.02880	0.08657	0.10921	0.04293	0.00458	0.01236	0.00425	0.00404
5	0.00882	0.00450	0.00669	0.00669	0.00672	0.00453	0.00447	0.00678	0.00675	0.00903	0.00929	0.01632	0.00935	0.04502	0.04247	0.79863	0.00474	0.00459	0.00227	0.00232
6	0.01304	0.01075	0.01139	0.01007	0.01292	0.01226	0.00788	0.10422	0.61858	0.02244	0.05442	0.01929	0.01627	0.00698	0.00515	0.00168	0.00406	0.00577	0.05500	0.00784
7	0.00630	0.00450	0.00600	0.00711	0.00745	0.00420	0.00477	0.00726	0.01004	0.01345	0.06338	0.78024	0.03461	0.01582	0.00653	0.00206	0.00295	0.01434	0.00480	0.00420
8	0.00815	0.00558	0.00691	0.00698	0.00827	0.00522	0.00513	0.01054	0.05979	0.07082	0.25177	0.31478	0.18002	0.01255	0.00615	0.00183	0.00296	0.03243	0.00516	0.00498
9	0.00972	0.00557	0.00753	0.00798	0.00912	0.00520	0.00602	0.01112	0.01106	0.15003	0.02617	0.46788	0.02861	0.04320	0.00715	0.00217	0.00371	0.18773	0.00497	0.00506
10	0.01284	0.01064	0.01120	0.00995	0.01279	0.01213	0.00778	0.09024	0.62762	0.02192	0.02128	0.01992	0.04985	0.00710	0.00514	0.00169	0.00402	0.00586	0.06024	0.00778
11	0.01628	0.01788	0.01279	0.01152	0.01419	0.43485	0.00878	0.06134	0.26174	0.01705	0.01311	0.01347	0.01022	0.00593	0.00476	0.00146	0.00679	0.00431	0.07684	0.00670
12	0.01000	0.00844	0.00996	0.00753	0.01147	0.00645	0.00589	0.01208	0.01052	0.01619	0.01191	0.12801	0.01144	0.00559	0.00420	0.00095	0.00368	0.00472	0.00329	0.72767
13	0.01372	0.82276	0.02689	0.00878	0.01317	0.02030	0.00878	0.01536	0.01043	0.01207	0.00713	0.00823	0.00658	0.00439	0.00329	0.00110	0.00549	0.00274	0.00219	0.00658
14	0.67440	0.04490	0.00934	0.00741	0.01078	0.01169	0.00617	0.06085	0.01040	0.11166	0.00896	0.00962	0.00661	0.00501	0.00352	0.00156	0.00418	0.00316	0.00361	0.00615
15	0.01367	0.01535	0.01467	0.01290	0.01390	0.28661	0.01033	0.01494	0.01044	0.01270	0.03581	0.01191	0.00847	0.00902	0.04576	0.00216	0.46888	0.00430	0.00253	0.00566
16	0.00712	0.00506	0.00633	0.00672	0.00722	0.00486	0.00442	0.00786	0.00889	0.01206	0.02131	0.38260	0.02472	0.32924	0.07414	0.00360	0.00467	0.03151	0.00386	0.05381
17	0.01404	0.01253	0.04797	0.01216	0.03059	0.03775	0.06647	0.11542	0.44980	0.06672	0.03242	0.01693	0.01335	0.00662	0.00592	0.00171	0.05167	0.00544	0.00465	0.00784

[dist]
# distance from previous block
# <min> <max>
1	2

[block]
# block no. 7 follows, 48 sequences, length 59
# corresponding to MSA columns:
# 515-573
name=unknown_H
#
# <colnr> <probs for GDERKNQSTAVLIFYWHMCP>
#	G	D	E	R	K	N	Q	S	T	A	V	L	I	F	Y	W	H	M	C	P
0	0.03852	0.23596	0.11034	0.01183	0.01586	0.28539	0.04089	0.11143	0.03308	0.04440	0.00941	0.01041	0.00743	0.00514	0.00440	0.00137	0.00701	0.00363	0.01671	0.00682
1	0.01508	0.01312	0.01564	0.01867	0.30954	0.13646	0.01122	0.17503	0.01472	0.08462	0.01339	0.09702	0.01183	0.00769	0.02996	0.00179	0.00623	0.02694	0.00373	0.00734
2	0.01029	0.02654	0.79309	0.01462	0.02221	0.01192	0.01896	0.01625	0.01083	0.01625	0.00921	0.01083	0.00650	0.00487	0.00487	0.00162	0.00758	0.00379	0.00217	0.00758
3	0.00751	0.00543	0.00786	0.00786	0.00882	0.00622	0.00610	0.00938	0.00855	0.01262	0.01483	0.02068	0.02926	0.03494	0.70913	0.00746	0.01246	0.00554	0.08074	0.00459
4	0.00783	0.00502	0.00569	0.00560	0.00687	0.00468	0.00417	0.00993	0.01229	0.01828	0.30786	0.07273	0.18543	0.00959	0.00515	0.00150	0.00247	0.00818	0.32202	0.00468
5	0.01123	0.01123	0.01572	0.01347	0.01347	0.01572	0.01123	0.01235	0.00786	0.01235	0.00674	0.01123	0.00674	0.00898	0.01684	0.00225	0.81028	0.00449	0.00225	0.00561
6	0.00891	0.00446	0.00668	0.00668	0.00668	0.00446	0.00446	0.00668	0.00668	0.00891	0.00891	0.01560	0.00891	0.01783	0.02005	0.85071	0.00446	0.00446	0.00223	0.00223
7	0.00738	0.00495	0.00582	0.00609	0.00625	0.00491	0.00374	0.00775	0.00823	0.01107	0.01888	0.15990	0.02170	0.61381	0.02107	0.00423	0.00457	0.06021	0.02600	0.00343
8	0.00727	0.00529	0.00636	0.00612	0.00756	0.00470	0.00458	0.00917	0.01321	0.04228	0.44715	0.08776	0.31655	0.01161	0.00606	0.00168	0.00258	0.01003	0.00529	0.00474
9	0.60728	0.00987	0.00899	0.00761	0.01100	0.01082	0.00626	0.05089	0.02866	0.20072	0.01071	0.01087	0.00758	0.00524	0.00377	0.00159	0.00414	0.00348	0.00404	0.00649
10	0.01917	0.02445	0.01454	0.01322	0.01586	0.79907	0.00991	0.02049	0.01454	0.01256	0.00793	0.00925	0.00661	0.00529	0.00463	0.00132	0.00925	0.00330	0.00264	0.00595
11	0.00606	0.00520	0.00520	0.00520	0.00693	0.00433	0.00390	0.00736	0.01170	0.01386	0.05198	0.04938	0.78558	0.01299	0.00606	0.00173	0.00260	0.01083	0.00476	0.00433
12	0.01059	0.00915	0.01154	0.06781	0.01424	0.00734	0.03555	0.01303	0.01067	0.01652	0.00943	0.01128	0.00774	0.00399	0.00398	0.00088	0.00416	0.00333	0.03179	0.72698
13	0.50284	0.09508	0.05783	0.00942	0.03040	0.16655	0.00790	0.03419	0.01071	0.03434	0.00785	0.00902	0.00619	0.00489	0.00370	0.00149	0.00546	0.00307	0.00301	0.00605
14	0.28575	0.04475	0.01275	0.01093	0.01389	0.47923	0.00848	0.06066	0.01309	0.01699	0.00790	0.00910	0.00639	0.00514	0.00415	0.00141	0.00725	0.00319	0.00294	0.00600
15	0.01418	0.34668	0.04823	0.10186	0.11603	0.10071	0.03505	0.06996	0.01215	0.04767	0.00905	0.01082	0.00740	0.00503	0.00477	0.00138	0.03849	0.00373	0.01997	0.00683
16	0.00665	0.00513	0.00607	0.00603	0.00734	0.00455	0.00445	0.00842	0.01278	0.01689	0.39054	0.14184	0.34639	0.01222	0.00612	0.00172	0.00256	0.01059	0.00518	0.00455
17	0.04627	0.04386	0.27125	0.01499	0.10906	0.09281	0.05073	0.15664	0.05364	0.05656	0.01164	0.04902	0.00919	0.00577	0.00497	0.00158	0.00652	0.00470	0.00335	0.00748
18	0.01266	0.02990	0.15414	0.04440	0.48042	0.05419	0.04520	0.04383	0.03398	0.01684	0.00998	0.01254	0.00805	0.00564	0.02496	0.00171	0.00675	0.00445	0.00265	0.00771
19	0.82706	0.00975	0.00745	0.00668	0.00979	0.01128	0.00549	0.01498	0.00880	0.02289	0.00747	0.00870	0.00582	0.00480	0.00319	0.00157	0.00392	0.00285	0.03199	0.00553
20	0.01133	0.18999	0.57581	0.01374	0.02041	0.03467	0.05455	0.01619	0.01091	0.01530	0.00881	0.01041	0.00659	0.00476	0.00460	0.00151	0.00725	0.00368	0.00221	0.00730
21	0.00989	0.01115	0.12181	0.02848	0.01490	0.00930	0.13471	0.01613	0.20743	0.01895	0.29626	0.06702	0.02581	0.00797	0.00568	0.00169	0.00472	0.00728	0.00443	0.00639
22	0.00636	0.00486	0.00585	0.00634	0.00730	0.00434	0.00447	0.00767	0.01130	0.01468	0.16951	0.41186	0.29891	0.01402	0.00629	0.00188	0.00275	0.01234	0.00492	0.00434
23	0.00846	0.00570	0.00723	0.00689	0.00814	0.00546	0.00521	0.01013	0.01231	0.07148	0.36826	0.05238	0.17050	0.10152	0.02250	0.03060	0.03422	0.06941	0.00487	0.00475
24	0.01311	0.34589	0.23749	0.01106	0.01617	0.10335	0.02303	0.04471	0.01158	0.01483	0.00835	0.00967	0.00681	0.00461	0.00407	0.00125	0.00630	0.00327	0.00248	0.13197
25	0.00734	0.00545	0.00802	0.00802	0.00886	0.00629	0.00614	0.00902	0.00818	0.01175	0.01395	0.02129	0.01332	0.10412	0.73437	0.00797	0.01301	0.00566	0.00278	0.00446
26	0.00646	0.00466	0.00616	0.00728	0.00775	0.00436	0.00509	0.00753	0.01014	0.01338	0.02951	0.69193	0.07628	0.01570	0.00658	0.00209	0.00314	0.09296	0.00476	0.00424
27	0.01153	0.01182	0.02310	0.18737	0.08371	0.01155	0.42585	0.01522	0.01155	0.02862	0.01061	0.01481	0.00836	0.00480	0.00554	0.00162	0.00731	0.02912	0.00271	0.10479
28	0.01111	0.00911	0.01069	0.00766	0.01220	0.00687	0.00614	0.01338	0.01079	0.04633	0.00955	0.01090	0.00779	0.00390	0.00385	0.00079	0.00382	0.00312	0.00317	0.81884
29	0.00677	0.00504	0.00545	0.00553	0.00630	0.00464	0.00356	0.00740	0.00946	0.01186	0.03250	0.09278	0.35219	0.41619	0.01611	0.00338	0.00381	0.00940	0.00394	0.00371
30	0.01151	0.00914	0.01075	0.00777	0.01225	0.00703	0.00623	0.01407	0.03008	0.06787	0.01015	0.01130	0.00814	0.00405	0.00393	0.00084	0.00384	0.00325	0.00331	0.77449
31	0.01283	0.00831	0.01011	0.00805	0.01149	0.00698	0.00635	0.05948	0.01212	0.17489	0.01556	0.13822	0.01397	0.02574	0.00522	0.00135	0.00393	0.03394	0.02537	0.42612
32	0.01173	0.01129	0.01883	0.21755	0.44799	0.02921	0.07058	0.02861	0.01135	0.01559	0.00998	0.01382	0.00827	0.02108	0.06059	0.00211	0.00704	0.00477	0.00255	0.00707
33	0.85592	0.00992	0.00754	0.00675	0.00992	0.01151	0.00556	0.01508	0.00873	0.02302	0.00714	0.00834	0.00556	0.00476	0.00318	0.00159	0.00397	0.00278	0.00318	0.00556
34	0.00927	0.00760	0.00841	0.00795	0.00989	0.00800	0.00602	0.02906	0.31977	0.01858	0.19451	0.13909	0.20069	0.01033	0.00577	0.00175	0.00325	0.00888	0.00515	0.00602
35	0.85592	0.00992	0.00754	0.00675	0.00992	0.01151	0.00556	0.01508	0.00873	0.02302	0.00714	0.00834	0.00556	0.00476	0.00318	0.00159	0.00397	0.00278	0.00318	0.00556
36	0.00735	0.00542	0.00785	0.00785	0.00863	0.00620	0.00592	0.00891	0.00813	0.01162	0.01410	0.02216	0.01369	0.15476	0.68425	0.00776	0.01244	0.00579	0.00280	0.00436
37	0.01026	0.00945	0.01589	0.01286	0.01464	0.01072	0.22036	0.01252	0.00982	0.01476	0.01266	0.09905	0.01184	0.03027	0.06797	0.00239	0.27002	0.00619	0.16281	0.00553
38	0.00969	0.00912	0.01539	0.80734	0.03534	0.01140	0.01425	0.01311	0.01026	0.01311	0.00912	0.01368	0.00684	0.00513	0.00513	0.00171	0.00684	0.00456	0.00228	0.00570
39	0.00780	0.00603	0.00866	0.00864	0.00939	0.00705	0.00677	0.00942	0.00867	0.01228	0.01566	0.06348	0.01586	0.09866	0.51559	0.00632	0.09097	0.10112	0.00308	0.00456
40	0.00771	0.00547	0.00624	0.00590	0.00763	0.00474	0.00448	0.00943	0.01285	0.07346	0.29266	0.04336	0.48414	0.01167	0.00599	0.00168	0.00267	0.00990	0.00517	0.00483
41	0.00745	0.00501	0.00575	0.00575	0.00581	0.00506	0.00330	0.00756	0.00751	0.01006	0.01602	0.03279	0.01831	0.77384	0.07148	0.00517	0.00549	0.00735	0.00309	0.00320
42	0.00713	0.00542	0.00660	0.00637	0.00774	0.00498	0.00480	0.00962	0.03961	0.01849	0.52563	0.07070	0.23266	0.01131	0.00607	0.00168	0.00260	0.02842	0.00535	0.00480
43	0.00634	0.00453	0.00606	0.00725	0.00759	0.00425	0.00492	0.00731	0.00992	0.01320	0.02823	0.78137	0.03373	0.01599	0.00657	0.00210	0.00306	0.04863	0.00476	0.00419
44	0.00734	0.00548	0.00815	0.00815	0.00903	0.00636	0.00629	0.00910	0.00822	0.01184	0.01384	0.02067	0.01305	0.06811	0.77001	0.00812	0.01341	0.00557	0.00276	0.00453
45	0.01270	0.01219	0.02083	0.03149	0.78767	0.01219	0.01575	0.01575	0.01168	0.01676	0.00965	0.01270	0.00813	0.00457	0.00508	0.00152	0.00610	0.00457	0.00254	0.00813
46	0.01207	0.01372	0.02961	0.02125	0.02620	0.01310	0.73410	0.01625	0.01191	0.01625	0.01021	0.01372	0.00774	0.00454	0.00655	0.00175	0.04560	0.00598	0.00258	0.00686
47	0.01401	0.29932	0.23046	0.01248	0.01730	0.19432	0.06724	0.03654	0.05627	0.01468	0.00904	0.01031	0.00723	0.00491	0.00438	0.00139	0.00706	0.00362	0.00257	0.00688
48	0.09189	0.03316	0.05842	0.03607	0.40551	0.01177	0.07623	0.04770	0.03121	0.06867	0.01093	0.01309	0.00856	0.00501	0.00503	0.00154	0.01943	0.00453	0.06379	0.00745
49	0.01128	0.01221	0.08299	0.18792	0.33742	0.03251	0.02750	0.02699	0.01116	0.01546	0.03091	0.04394	0.03186	0.00658	0.02037	0.00177	0.08326	0.00514	0.00271	0.02800
50	0.00644	0.00495	0.00595	0.00662	0.00762	0.00445	0.00483	0.00770	0.01092	0.01386	0.05726	0.40172	0.33358	0.01448	0.00641	0.00196	0.00302	0.09914	0.00478	0.00432
51	0.01439	0.65038	0.02398	0.00944	0.01346	0.11111	0.00883	0.04924	0.03203	0.01330	0.00837	0.02982	0.00764	0.00495	0.00367	0.00119	0.00583	0.00328	0.00252	0.00658
52	0.00732	0.00515	0.00671	0.00680	0.00719	0.00551	0.00458	0.00814	0.00796	0.01098	0.01606	0.08518	0.01738	0.44091	0.34156	0.00610	0.00842	0.00718	0.00308	0.00379
53	0.07808	0.09026	0.07753	0.01169	0.02842	0.09082	0.01004	0.42854	0.07395	0.04451	0.01157	0.01187	0.00851	0.00574	0.00476	0.00150	0.00587	0.00422	0.00424	0.00789
54	0.06262	0.05716	0.24173	0.01405	0.09632	0.06989	0.06213	0.12045	0.01332	0.05004	0.04861	0.06448	0.03210	0.00659	0.00510	0.00162	0.00613	0.03729	0.00341	0.00697
55	0.00777	0.00685	0.04432	0.00902	0.04816	0.00643	0.00663	0.00979	0.02966	0.01294	0.01871	0.16953	0.06571	0.12027	0.37560	0.00514	0.00861	0.00752	0.00333	0.04400
56	0.01296	0.01251	0.02132	0.04454	0.66252	0.03064	0.09043	0.01608	0.01183	0.03331	0.00990	0.01285	0.00813	0.00461	0.00517	0.00154	0.00640	0.00470	0.00263	0.00792
57	0.01030	0.00926	0.01313	0.06948	0.29767	0.03877	0.00995	0.03227	0.06372	0.01695	0.16439	0.16911	0.06656	0.00859	0.00559	0.00168	0.00463	0.00773	0.00391	0.00631
58	0.03307	0.07945	0.08186	0.01217	0.10073	0.02520	0.00943	0.05987	0.17772	0.20396	0.09422	0.01701	0.01463	0.00618	0.00493	0.00152	0.00478	0.00508	0.00447	0.06371

[dist]
# distance from previous block
# <min> <max>
0	7

[block]
# block no. 8 follows, 48 sequences, length 44
# corresponding to MSA columns:
# 582-610,612-626
name=unknown_I
#
# <colnr> <probs for GDERKNQSTAVLIFYWHMCP>
#	G	D	E	R	K	N	Q	S	T	A	V	L	I	F	Y	W	H	M	C	P
0	0.01333	0.12271	0.06712	0.01061	0.05790	0.07394	0.00861	0.11658	0.01285	0.04775	0.01025	0.02662	0.00854	0.03163	0.00496	0.00125	0.00515	0.00382	0.00325	0.37314
1	0.02389	0.02322	0.03580	0.03150	0.09426	0.05271	0.00747	0.11127	0.04286	0.04039	0.01418	0.01629	0.01113	0.00842	0.06940	0.00192	0.00501	0.00466	0.39953	0.00610
2	0.05271	0.00927	0.00936	0.00930	0.03584	0.09604	0.00662	0.12295	0.04542	0.05737	0.03592	0.36057	0.07957	0.04665	0.00660	0.00193	0.00439	0.00940	0.00447	0.00562
3	0.01499	0.20212	0.03218	0.02339	0.03488	0.25767	0.05297	0.07813	0.04904	0.03534	0.04167	0.01399	0.01033	0.00565	0.00460	0.00136	0.00650	0.03929	0.00319	0.09271
4	0.00652	0.00493	0.00708	0.00776	0.00834	0.00459	0.04083	0.00759	0.00999	0.01328	0.02822	0.75316	0.05746	0.01542	0.00651	0.00206	0.00323	0.01406	0.00466	0.00430
5	0.01324	0.07119	0.32710	0.01322	0.05041	0.03588	0.05770	0.11135	0.04462	0.09317	0.05351	0.03479	0.01096	0.00574	0.00496	0.00153	0.00618	0.00473	0.00343	0.05628
6	0.01193	0.16729	0.38625	0.01788	0.21000	0.01336	0.05612	0.01612	0.01116	0.03669	0.00960	0.01194	0.00754	0.00488	0.00474	0.00152	0.00675	0.01633	0.00244	0.00748
7	0.00969	0.00912	0.01539	0.80734	0.03534	0.01140	0.01425	0.01311	0.01026	0.01311	0.00912	0.01368	0.00684	0.00513	0.00513	0.00171	0.00684	0.00456	0.00228	0.00570
8	0.01391	0.10224	0.01355	0.01050	0.01343	0.16157	0.00831	0.06619	0.44186	0.01872	0.01817	0.04619	0.04958	0.00693	0.00498	0.00159	0.00518	0.00548	0.00436	0.00725
9	0.00787	0.00483	0.00591	0.00591	0.00591	0.00483	0.00349	0.00724	0.00724	0.00965	0.01410	0.02846	0.01588	0.59146	0.02439	0.24568	0.00483	0.00661	0.00286	0.00286
10	0.01532	0.01407	0.01665	0.10746	0.13322	0.13331	0.07584	0.29355	0.02760	0.02159	0.07008	0.01425	0.01109	0.00597	0.00564	0.00158	0.03684	0.00490	0.00375	0.00728
11	0.01276	0.01102	0.01160	0.01044	0.01334	0.01276	0.00812	0.02727	0.77840	0.02146	0.02088	0.01914	0.01566	0.00696	0.00522	0.00174	0.00406	0.00580	0.00522	0.00812
12	0.00753	0.00644	0.02765	0.13071	0.01332	0.00663	0.03340	0.00941	0.00947	0.01297	0.03878	0.31067	0.02041	0.04346	0.29990	0.00435	0.00789	0.00881	0.00348	0.00472
13	0.01348	0.53489	0.20138	0.01117	0.03511	0.10064	0.01141	0.01612	0.01099	0.01320	0.00776	0.00905	0.00661	0.00460	0.00384	0.00125	0.00638	0.00309	0.00224	0.00679
14	0.00761	0.00492	0.00571	0.00571	0.00571	0.00492	0.00325	0.00738	0.00738	0.00984	0.01543	0.03174	0.01766	0.73790	0.02550	0.09122	0.00492	0.00716	0.00302	0.00302
15	0.00735	0.00551	0.00817	0.00823	0.00918	0.00633	0.00645	0.00920	0.00853	0.01215	0.01545	0.02295	0.03350	0.03652	0.73620	0.00776	0.01297	0.04607	0.00291	0.00458
16	0.01142	0.01054	0.01805	0.47900	0.23866	0.01181	0.07850	0.04205	0.01143	0.03533	0.00978	0.01347	0.00749	0.00498	0.00520	0.00165	0.00668	0.00471	0.00259	0.00666
17	0.03840	0.04377	0.18262	0.08513	0.33760	0.05278	0.12175	0.03637	0.01184	0.02782	0.00959	0.01214	0.00751	0.00475	0.00504	0.00157	0.00687	0.00444	0.00259	0.00743
18	0.00970	0.00910	0.01320	0.12331	0.01526	0.02607	0.03505	0.01141	0.00868	0.01246	0.01075	0.06554	0.01049	0.03841	0.22925	0.00385	0.36413	0.00552	0.00259	0.00523
19	0.01200	0.01461	0.07643	0.02120	0.02654	0.01291	0.72365	0.01642	0.01203	0.01642	0.01031	0.01366	0.00771	0.00436	0.00598	0.00172	0.00859	0.00592	0.00257	0.00696
20	0.01374	0.68016	0.07109	0.01027	0.05029	0.01872	0.00965	0.01619	0.03866	0.03908	0.00832	0.00931	0.00719	0.00459	0.00360	0.00119	0.00555	0.00309	0.00246	0.00685
21	0.02849	0.16969	0.11922	0.01152	0.01502	0.09851	0.09691	0.08756	0.01210	0.02809	0.03829	0.03400	0.03147	0.03819	0.13997	0.00275	0.03398	0.00494	0.00303	0.00625
22	0.00645	0.00492	0.00597	0.00669	0.00763	0.00445	0.00486	0.00770	0.01087	0.01385	0.05854	0.42839	0.30632	0.01458	0.00642	0.00198	0.00303	0.09829	0.00478	0.00431
23	0.01276	0.01102	0.01160	0.01044	0.01334	0.01276	0.00812	0.02727	0.77840	0.02146	0.02088	0.01914	0.01566	0.00696	0.00522	0.00174	0.00406	0.00580	0.00522	0.00812
24	0.01064	0.00912	0.01064	0.00760	0.01216	0.00684	0.00608	0.01292	0.01064	0.01672	0.00912	0.01064	0.00760	0.00380	0.00380	0.00076	0.00380	0.00304	0.00304	0.85104
