[name]
unknown

[dist]
# distance from previous block
# <min> <max>
0	41

[block]
# block no. 0 follows, 51 sequences, length 7
# corresponding to MSA columns:
# 227-233
name=unknown_A
#
# <colnr> <probs for GDERKNQSTAVLIFYWHMCP>
#	G	D	E	R	K	N	Q	S	T	A	V	L	I	F	Y	W	H	M	C	P
0	0.10591	0.01134	0.06085	0.12110	0.09108	0.07154	0.02901	0.11488	0.08211	0.01771	0.03858	0.09185	0.04731	0.02950	0.00540	0.00164	0.00515	0.02027	0.00348	0.05129
1	0.02644	0.01100	0.03804	0.05755	0.24619	0.03279	0.15593	0.03482	0.11741	0.01592	0.01399	0.09340	0.03669	0.00835	0.05795	0.00204	0.03590	0.00590	0.00313	0.00655
2	0.01341	0.08474	0.04039	0.07767	0.32102	0.05762	0.05976	0.14471	0.02955	0.04642	0.03253	0.01343	0.02849	0.00514	0.00478	0.00144	0.00580	0.00452	0.00314	0.02543
3	0.00889	0.00498	0.00771	0.00870	0.08266	0.00498	0.00531	0.00724	0.00686	0.00926	0.00860	0.01467	0.00846	0.01585	0.01782	0.77446	0.00442	0.00428	0.00216	0.00268
4	0.03487	0.05229	0.15121	0.09230	0.17021	0.07892	0.01166	0.10314	0.13567	0.06895	0.01314	0.01405	0.04112	0.00551	0.00474	0.00151	0.00573	0.00450	0.00337	0.00711
5	0.01273	0.12612	0.21992	0.06962	0.23896	0.06884	0.03452	0.08334	0.05288	0.03349	0.00969	0.01138	0.00752	0.00480	0.00460	0.00145	0.00628	0.00398	0.00272	0.00718
6	0.00657	0.00503	0.00653	0.05937	0.00907	0.00490	0.00519	0.00838	0.04383	0.01390	0.12572	0.52955	0.13710	0.01325	0.00600	0.00185	0.00302	0.01184	0.00453	0.00435

[dist]
# distance from previous block
# <min> <max>
7	30

[block]
# block no. 1 follows, 51 sequences, length 14
# corresponding to MSA columns:
# 265-278
name=unknown_B
#
# <colnr> <probs for GDERKNQSTAVLIFYWHMCP>
#	G	D	E	R	K	N	Q	S	T	A	V	L	I	F	Y	W	H	M	C	P
0	0.03872	0.05819	0.12619	0.04029	0.09404	0.01023	0.04824	0.11786	0.04035	0.01815	0.05886	0.03625	0.01378	0.00683	0.00527	0.00157	0.03621	0.10247	0.14030	0.00620
1	0.00795	0.00615	0.00884	0.00835	0.00911	0.00658	0.06899	0.00927	0.00917	0.01322	0.01886	0.33008	0.02072	0.15456	0.01050	0.00235	0.11963	0.05085	0.14045	0.00435
2	0.22626	0.01144	0.01237	0.04076	0.17635	0.13255	0.03283	0.01396	0.01037	0.01623	0.01052	0.11485	0.00995	0.00596	0.00468	0.00143	0.02898	0.00480	0.00294	0.14277
3	0.00696	0.00469	0.00541	0.00560	0.00564	0.00464	0.00323	0.00710	0.00751	0.01001	0.01735	0.15950	0.02022	0.69674	0.02200	0.00432	0.00446	0.00824	0.00323	0.00314
4	0.01083	0.05992	0.10034	0.03436	0.23009	0.03542	0.03010	0.05122	0.05634	0.01552	0.01330	0.16484	0.01292	0.02028	0.00580	0.00159	0.04387	0.01873	0.00312	0.09141
5	0.01197	0.02449	0.01388	0.04066	0.22526	0.02412	0.02375	0.07365	0.28282	0.02980	0.03081	0.04889	0.02483	0.02291	0.02407	0.00179	0.04738	0.00543	0.03651	0.00699
6	0.00983	0.00779	0.01169	0.01509	0.23808	0.00774	0.00982	0.01276	0.04623	0.04012	0.02008	0.05440	0.02057	0.01004	0.00597	0.00192	0.00480	0.44247	0.00393	0.03668
7	0.01300	0.00931	0.01010	0.00897	0.01161	0.01035	0.00701	0.02348	0.56313	0.12056	0.01928	0.01813	0.01425	0.00644	0.00474	0.00156	0.00367	0.00532	0.14175	0.00734
8	0.00935	0.00760	0.00863	0.00656	0.01008	0.00591	0.00518	0.01140	0.01037	0.01587	0.01627	0.01720	0.13457	0.00532	0.00396	0.00093	0.00328	0.00433	0.11283	0.61035
9	0.00942	0.00603	0.00803	0.11052	0.01143	0.00575	0.00601	0.01155	0.01279	0.14279	0.39817	0.03288	0.20685	0.00930	0.00555	0.00158	0.00320	0.00801	0.00491	0.00523
10	0.01102	0.01463	0.15143	0.12197	0.02602	0.01207	0.55796	0.01530	0.01117	0.01530	0.00961	0.01277	0.00714	0.00433	0.00550	0.00164	0.00790	0.00527	0.00238	0.00658
11	0.03504	0.01111	0.11324	0.03505	0.01431	0.00900	0.00892	0.07984	0.09653	0.48663	0.04672	0.01618	0.01241	0.00603	0.00490	0.00154	0.00464	0.00489	0.00515	0.00786
12	0.04512	0.00920	0.04164	0.00896	0.01265	0.00794	0.00759	0.04337	0.03945	0.66141	0.01808	0.01653	0.01181	0.03193	0.00570	0.00164	0.01849	0.00489	0.00560	0.00799
13	0.01117	0.00711	0.00770	0.00690	0.00883	0.00752	0.00536	0.09958	0.17795	0.05794	0.12773	0.02016	0.01745	0.00658	0.00434	0.00137	0.00307	0.00540	0.41797	0.00587

[dist]
# distance from previous block
# <min> <max>
3	8

[block]
# block no. 2 follows, 51 sequences, length 32
# corresponding to MSA columns:
# 288-319
name=unknown_C
#
# <colnr> <probs for GDERKNQSTAVLIFYWHMCP>
#	G	D	E	R	K	N	Q	S	T	A	V	L	I	F	Y	W	H	M	C	P
0	0.00622	0.00526	0.03814	0.00699	0.00771	0.00438	0.00510	0.00736	0.00970	0.01288	0.04348	0.67177	0.09823	0.02982	0.00652	0.00200	0.00307	0.03278	0.00445	0.00415
1	0.00648	0.00537	0.02536	0.04044	0.00932	0.00483	0.03405	0.00775	0.00970	0.01286	0.02649	0.67019	0.07177	0.01407	0.00616	0.00195	0.00335	0.04127	0.00433	0.00425
2	0.03672	0.01441	0.04149	0.01537	0.16460	0.16453	0.06353	0.23228	0.08272	0.08443	0.01207	0.01402	0.00935	0.00565	0.00491	0.00150	0.00610	0.03526	0.00376	0.00730
3	0.20561	0.01196	0.01108	0.08754	0.10938	0.20749	0.00838	0.01451	0.01061	0.01596	0.01016	0.01354	0.00856	0.00745	0.05613	0.00186	0.03616	0.03214	0.14597	0.00552
4	0.01206	0.01158	0.01970	0.04937	0.75860	0.01174	0.01494	0.01494	0.01107	0.01587	0.00916	0.01215	0.00772	0.00449	0.00514	0.00148	0.02553	0.00438	0.00242	0.00767
5	0.01314	0.83025	0.02575	0.00841	0.01261	0.01945	0.00841	0.01472	0.00999	0.01156	0.00683	0.00788	0.00631	0.00420	0.00315	0.00105	0.00526	0.00263	0.00210	0.00631
6	0.00689	0.00502	0.00648	0.00611	0.00730	0.00461	0.00458	0.00915	0.01375	0.01934	0.75125	0.03732	0.08939	0.01018	0.00580	0.00155	0.00233	0.00897	0.00536	0.00461
7	0.01926	0.00833	0.01093	0.00857	0.01195	0.00756	0.00700	0.09307	0.01490	0.59936	0.14568	0.01954	0.01741	0.00672	0.00508	0.00152	0.00399	0.00554	0.00586	0.00775
8	0.05341	0.00778	0.01032	0.00817	0.01144	0.00689	0.00666	0.02078	0.01380	0.62059	0.16556	0.02015	0.01836	0.00677	0.00503	0.00153	0.00381	0.00560	0.00583	0.00753
9	0.00992	0.02496	0.77295	0.01426	0.02143	0.01145	0.04658	0.01557	0.01042	0.01557	0.00886	0.01048	0.00627	0.00465	0.00471	0.00156	0.00730	0.00371	0.00209	0.00724
10	0.02205	0.00836	0.01140	0.00874	0.01254	0.00722	0.00722	0.02395	0.01407	0.80004	0.01939	0.01673	0.01216	0.00608	0.00494	0.00152	0.00418	0.00494	0.00608	0.00836
11	0.00696	0.00502	0.00657	0.00618	0.00734	0.00464	0.00464	0.00927	0.01391	0.01971	0.79405	0.03671	0.04637	0.01005	0.00580	0.00155	0.00232	0.00889	0.00541	0.00464
12	0.01222	0.01056	0.01111	0.01000	0.01278	0.01222	0.00778	0.02611	0.78776	0.02056	0.02000	0.01833	0.01500	0.00667	0.00500	0.00167	0.00389	0.00556	0.00500	0.00778
13	0.86201	0.00950	0.00722	0.00646	0.00950	0.01102	0.00532	0.01445	0.00836	0.02205	0.00684	0.00798	0.00532	0.00456	0.00304	0.00152	0.00380	0.00266	0.00304	0.00532
14	0.01868	0.01376	0.01475	0.01131	0.01524	0.01524	0.00934	0.78025	0.02311	0.03097	0.01180	0.01180	0.00836	0.00590	0.00492	0.00147	0.00541	0.00442	0.00492	0.00836
15	0.86201	0.00950	0.00722	0.00646	0.00950	0.01102	0.00532	0.01445	0.00836	0.02205	0.00684	0.00798	0.00532	0.00456	0.00304	0.00152	0.00380	0.00266	0.00304	0.00532
16	0.01216	0.01168	0.01995	0.03016	0.79664	0.01168	0.01508	0.01508	0.01119	0.01605	0.00924	0.01216	0.00778	0.00438	0.00487	0.00146	0.00584	0.00438	0.00243	0.00778
17	0.01222	0.01056	0.01111	0.01000	0.01278	0.01222	0.00778	0.02611	0.78776	0.02056	0.02000	0.01833	0.01500	0.00667	0.00500	0.00167	0.00389	0.00556	0.00500	0.00778
18	0.00610	0.00433	0.00561	0.00664	0.00704	0.00402	0.00447	0.00703	0.00956	0.01281	0.02813	0.74356	0.08094	0.01484	0.00614	0.00194	0.00281	0.01338	0.03662	0.00402
19	0.02195	0.00852	0.01150	0.00882	0.01262	0.00746	0.00728	0.04611	0.01433	0.77751	0.01917	0.01658	0.01205	0.00608	0.00494	0.00152	0.00422	0.00493	0.00605	0.00836
20	0.00715	0.00476	0.00536	0.00536	0.00536	0.00476	0.00298	0.00715	0.00715	0.00953	0.01548	0.03216	0.01787	0.82729	0.02501	0.00476	0.00476	0.00715	0.00298	0.00298
21	0.00618	0.00449	0.00584	0.00656	0.00714	0.00414	0.00452	0.00738	0.01051	0.01414	0.19383	0.59792	0.09111	0.01403	0.00614	0.00187	0.00271	0.01261	0.00474	0.00414
22	0.00645	0.00515	0.00580	0.00561	0.00709	0.00457	0.00422	0.00848	0.03327	0.01612	0.35589	0.04215	0.46504	0.01130	0.00578	0.00161	0.00246	0.00963	0.00492	0.00445
23	0.01019	0.00873	0.01019	0.00728	0.01165	0.00655	0.00582	0.01237	0.01019	0.01601	0.00873	0.01019	0.00728	0.00364	0.00364	0.00073	0.00364	0.00291	0.00291	0.85734
24	0.00719	0.00493	0.00657	0.00747	0.00827	0.00466	0.00567	0.00857	0.01034	0.04252	0.02831	0.48321	0.09250	0.01422	0.00635	0.00204	0.00341	0.25482	0.00461	0.00434
25	0.00601	0.00438	0.00566	0.00662	0.00708	0.00403	0.00448	0.00696	0.00977	0.01290	0.05886	0.71087	0.11455	0.01488	0.00620	0.00194	0.00279	0.01339	0.00459	0.00403
26	0.01051	0.07229	0.64590	0.01437	0.02110	0.01194	0.10891	0.01570	0.01057	0.03118	0.00905	0.01070	0.00650	0.00461	0.00472	0.00154	0.00720	0.00386	0.00221	0.00715
27	0.00665	0.00520	0.00664	0.06239	0.00958	0.00496	0.00576	0.00818	0.01058	0.01337	0.03376	0.28701	0.30555	0.01313	0.00614	0.00192	0.00341	0.20707	0.00439	0.00429
28	0.00635	0.00458	0.00608	0.00715	0.00768	0.00432	0.00516	0.00750	0.00988	0.01300	0.02826	0.62910	0.07804	0.01487	0.00634	0.00203	0.00315	0.15784	0.00455	0.00410
29	0.00936	0.00880	0.01572	0.02788	0.15234	0.00860	0.23814	0.02457	0.01073	0.01469	0.01845	0.23841	0.07573	0.02537	0.02594	0.00194	0.02556	0.03413	0.03802	0.00562
30	0.01264	0.01132	0.01830	0.26297	0.45619	0.01192	0.02922	0.04344	0.01186	0.03704	0.01083	0.01497	0.00897	0.00563	0.00562	0.00174	0.02361	0.02333	0.00294	0.00746
31	0.00973	0.00919	0.01555	0.69279	0.15302	0.01104	0.01387	0.01295	0.01004	0.01310	0.00881	0.01296	0.00674	0.00483	0.00491	0.00161	0.00644	0.00437	0.00222	0.00582

[dist]
# distance from previous block
# <min> <max>
0	3

[block]
# block no. 3 follows, 51 sequences, length 16
# corresponding to MSA columns:
# 323-338
name=unknown_D
#
# <colnr> <probs for GDERKNQSTAVLIFYWHMCP>
#	G	D	E	R	K	N	Q	S	T	A	V	L	I	F	Y	W	H	M	C	P
0	0.07998	0.15866	0.30427	0.01268	0.04508	0.02964	0.07136	0.11744	0.10327	0.01796	0.01010	0.01113	0.00763	0.00493	0.00444	0.00147	0.00606	0.00390	0.00293	0.00709
1	0.03401	0.01041	0.04949	0.03865	0.20002	0.03321	0.00900	0.03070	0.01138	0.07652	0.07102	0.01404	0.02765	0.00489	0.00437	0.00117	0.00455	0.00415	0.00324	0.37153
2	0.00781	0.00430	0.00617	0.00646	0.00653	0.00422	0.00428	0.00655	0.00721	0.00962	0.01367	0.22379	0.01519	0.05960	0.01619	0.59210	0.00393	0.00691	0.00280	0.00266
3	0.03061	0.01057	0.01762	0.24419	0.48592	0.01125	0.03551	0.01462	0.04555	0.01531	0.01012	0.03869	0.00850	0.00498	0.00491	0.00154	0.00587	0.00474	0.00256	0.00693
4	0.01213	0.01105	0.03010	0.04583	0.46302	0.02788	0.02368	0.05917	0.02426	0.04676	0.03102	0.01473	0.05246	0.00511	0.00476	0.00138	0.00525	0.00465	0.01679	0.11997
5	0.01141	0.14674	0.01482	0.01310	0.15008	0.05360	0.00902	0.02583	0.08869	0.03808	0.01377	0.07471	0.04387	0.08935	0.00914	0.00195	0.17447	0.03232	0.00310	0.00594
6	0.00954	0.02100	0.60638	0.01318	0.01908	0.01043	0.07741	0.01422	0.00996	0.01463	0.00995	0.01386	0.00810	0.11803	0.03173	0.00219	0.00718	0.00434	0.00225	0.00654
7	0.00653	0.00501	0.00598	0.00574	0.00708	0.00446	0.00430	0.00845	0.01291	0.01733	0.51924	0.04062	0.32265	0.01093	0.00580	0.00159	0.00238	0.00944	0.00510	0.00446
8	0.64337	0.00836	0.00718	0.00666	0.00908	0.00963	0.00531	0.01284	0.00826	0.01927	0.00908	0.04043	0.00812	0.05396	0.13855	0.00277	0.00538	0.00374	0.00302	0.00499
9	0.22513	0.00903	0.01054	0.00834	0.01189	0.00881	0.00687	0.09188	0.01352	0.51345	0.04127	0.01480	0.01128	0.00583	0.00451	0.00152	0.00414	0.00447	0.00521	0.00750
10	0.00665	0.00489	0.00579	0.00595	0.00714	0.00432	0.00431	0.00807	0.01143	0.03909	0.22632	0.27411	0.35910	0.01253	0.00592	0.00173	0.00261	0.01090	0.00482	0.00435
11	0.00622	0.00499	0.00555	0.00541	0.00689	0.00432	0.00406	0.00785	0.01218	0.01560	0.31832	0.04347	0.52466	0.01158	0.00580	0.00162	0.00243	0.00984	0.00487	0.00432
12	0.00591	0.00495	0.00515	0.00518	0.00672	0.00418	0.00385	0.00722	0.01133	0.01377	0.11002	0.08741	0.69266	0.01240	0.00583	0.00167	0.00249	0.01044	0.00463	0.00418
13	0.01832	0.01359	0.01455	0.01123	0.01510	0.01507	0.00925	0.73860	0.06533	0.03040	0.01225	0.01216	0.00872	0.00594	0.00492	0.00149	0.00532	0.00449	0.00492	0.00833
14	0.01019	0.00873	0.01019	0.00728	0.01165	0.00655	0.00582	0.01237	0.01019	0.01601	0.00873	0.01019	0.00728	0.00364	0.00364	0.00073	0.00364	0.00291	0.00291	0.85734
15	0.01193	0.01030	0.01084	0.00977	0.01250	0.01186	0.00760	0.02525	0.75272	0.02023	0.02135	0.01964	0.05018	0.00693	0.00504	0.00167	0.00383	0.00577	0.00498	0.00761

[dist]
# distance from previous block
# <min> <max>
0	1

[block]
# block no. 4 follows, 51 sequences, length 18
# corresponding to MSA columns:
# 340-357
name=unknown_E
#
# <colnr> <probs for GDERKNQSTAVLIFYWHMCP>
#	G	D	E	R	K	N	Q	S	T	A	V	L	I	F	Y	W	H	M	C	P
0	0.00928	0.00873	0.01474	0.81548	0.03385	0.01092	0.01365	0.01256	0.00983	0.01256	0.00873	0.01310	0.00655	0.00491	0.00491	0.00164	0.00655	0.00437	0.00218	0.00546
1	0.00986	0.02542	0.80183	0.01401	0.02127	0.01141	0.01816	0.01556	0.01038	0.01556	0.00882	0.01038	0.00623	0.00467	0.00467	0.00156	0.00726	0.00363	0.00208	0.00726
2	0.00597	0.00433	0.00565	0.00670	0.00709	0.00400	0.00450	0.00686	0.00954	0.01260	0.02879	0.76586	0.08963	0.01517	0.00624	0.00197	0.00282	0.01370	0.00456	0.00400
3	0.02180	0.00877	0.01166	0.00894	0.01275	0.00782	0.00738	0.08064	0.01474	0.74240	0.01882	0.01636	0.01188	0.00607	0.00494	0.00152	0.00427	0.00490	0.00599	0.00836
4	0.01063	0.00853	0.01029	0.02298	0.03082	0.00945	0.02201	0.03756	0.34963	0.05578	0.09070	0.14372	0.07329	0.03048	0.00672	0.00182	0.06480	0.01994	0.00456	0.00629
5	0.01160	0.01326	0.02900	0.02071	0.02568	0.01243	0.77879	0.01574	0.01160	0.01574	0.00994	0.01326	0.00746	0.00414	0.00580	0.00166	0.00829	0.00580	0.00249	0.00663
6	0.00830	0.00712	0.00738	0.00698	0.00903	0.00727	0.00533	0.01443	0.31191	0.01607	0.03753	0.06081	0.46842	0.01030	0.00551	0.00167	0.00304	0.00862	0.00473	0.00555
7	0.03203	0.01373	0.01371	0.01279	0.09895	0.15831	0.00918	0.39982	0.01709	0.02214	0.02774	0.01367	0.00958	0.06353	0.06580	0.00215	0.02452	0.00449	0.00382	0.00695
8	0.04503	0.09553	0.35869	0.04137	0.09036	0.03099	0.10165	0.01575	0.03854	0.05355	0.01001	0.01260	0.00782	0.02551	0.00562	0.00162	0.03761	0.01837	0.00258	0.00681
9	0.00685	0.00502	0.00642	0.00607	0.00728	0.00459	0.00455	0.00907	0.01366	0.01912	0.72581	0.03768	0.11498	0.01027	0.00580	0.00156	0.00233	0.00902	0.00533	0.00459
10	0.00603	0.00440	0.00569	0.00661	0.00709	0.00405	0.00448	0.00703	0.00989	0.01310	0.08046	0.69150	0.11211	0.01474	0.00619	0.00193	0.00278	0.01326	0.00462	0.00405
11	0.06076	0.15006	0.22294	0.01356	0.05564	0.05220	0.15155	0.05921	0.04613	0.11090	0.01080	0.01241	0.00813	0.00499	0.00463	0.00148	0.00626	0.01830	0.00306	0.00699
12	0.01123	0.05082	0.05731	0.04032	0.19902	0.03574	0.19991	0.03280	0.01123	0.03493	0.06961	0.07669	0.01241	0.00705	0.03157	0.00177	0.07099	0.00561	0.00296	0.04801
13	0.00699	0.00470	0.00541	0.00556	0.00560	0.00466	0.00320	0.00710	0.00746	0.00994	0.01708	0.14116	0.01988	0.71555	0.02243	0.00438	0.00450	0.00809	0.00320	0.00312
14	0.00689	0.00452	0.00591	0.00677	0.00732	0.00418	0.00461	0.00787	0.00974	0.05132	0.02716	0.72151	0.06081	0.01444	0.00607	0.00193	0.00288	0.01301	0.03883	0.00424
15	0.03693	0.08486	0.15548	0.01601	0.17210	0.07291	0.12232	0.04156	0.08846	0.09504	0.01181	0.01303	0.02190	0.00514	0.00499	0.00150	0.02369	0.00444	0.02076	0.00707
16	0.01332	0.03795	0.13161	0.06334	0.08187	0.18101	0.04204	0.06207	0.01125	0.05267	0.00865	0.01109	0.00705	0.00664	0.02306	0.00177	0.25162	0.00404	0.00263	0.00631
17	0.00930	0.06045	0.12566	0.00923	0.03800	0.00780	0.00801	0.02806	0.02298	0.01591	0.08911	0.11794	0.20401	0.00960	0.00554	0.00169	0.00426	0.09627	0.01886	0.12733

[dist]
# distance from previous block
# <min> <max>
0	3

[block]
# block no. 5 follows, 51 sequences, length 21
# corresponding to MSA columns:
# 365-376,382-390
name=unknown_F
#
# <colnr> <probs for GDERKNQSTAVLIFYWHMCP>
#	G	D	E	R	K	N	Q	S	T	A	V	L	I	F	Y	W	H	M	C	P
0	0.07917	0.03420	0.04398	0.01100	0.03768	0.10579	0.04465	0.06227	0.04774	0.01563	0.03889	0.05432	0.01070	0.03298	0.06012	0.00206	0.18602	0.00476	0.02500	0.10302
1	0.00675	0.00502	0.00648	0.06910	0.00888	0.00502	0.00490	0.00802	0.02634	0.01248	0.07726	0.39513	0.09610	0.22340	0.03016	0.00275	0.00383	0.01040	0.00399	0.00400
2	0.01180	0.01042	0.01401	0.10042	0.27072	0.02549	0.01046	0.10237	0.23369	0.01830	0.04266	0.07924	0.04560	0.00665	0.00509	0.00159	0.00487	0.00584	0.00377	0.00701
3	0.03925	0.01131	0.03347	0.01606	0.01980	0.01076	0.48624	0.06222	0.01166	0.01617	0.01400	0.14925	0.03169	0.00671	0.00605	0.00171	0.03463	0.02393	0.00309	0.02200
4	0.01088	0.00742	0.01042	0.02314	0.12588	0.00713	0.03231	0.04685	0.04632	0.14388	0.16611	0.13824	0.14556	0.00924	0.00553	0.00165	0.00383	0.05350	0.01619	0.00591
5	0.07252	0.00475	0.00585	0.00677	0.00731	0.00462	0.00463	0.00754	0.00932	0.01323	0.02545	0.69278	0.04470	0.04808	0.00680	0.00207	0.00304	0.03210	0.00438	0.00407
6	0.07343	0.00523	0.00626	0.00668	0.00766	0.00504	0.00475	0.00904	0.03071	0.04700	0.11839	0.48174	0.11722	0.03892	0.00643	0.00193	0.00300	0.02753	0.00457	0.00445
7	0.00709	0.00540	0.00657	0.00630	0.00762	0.00509	0.00471	0.01002	0.07318	0.01813	0.54794	0.08853	0.17982	0.01057	0.00577	0.00161	0.00251	0.00923	0.00517	0.00475
8	0.79587	0.01074	0.06889	0.00705	0.01042	0.01105	0.00632	0.01453	0.00852	0.02155	0.00700	0.00817	0.00539	0.00457	0.00317	0.00152	0.00407	0.00274	0.00297	0.00547
9	0.86201	0.00950	0.00722	0.00646	0.00950	0.01102	0.00532	0.01445	0.00836	0.02205	0.00684	0.00798	0.00532	0.00456	0.00304	0.00152	0.00380	0.00266	0.00304	0.00532
10	0.09463	0.04200	0.01283	0.11992	0.01616	0.27958	0.00896	0.08119	0.22285	0.03001	0.03666	0.01314	0.01015	0.00564	0.00457	0.00147	0.00604	0.00422	0.00353	0.00644
11	0.01572	0.05780	0.01354	0.02707	0.03285	0.07755	0.00840	0.26952	0.18379	0.11607	0.01328	0.01314	0.00976	0.00553	0.00460	0.00137	0.00497	0.00430	0.00430	0.13642
12	0.00645	0.00496	0.00590	0.00577	0.00706	0.00441	0.00429	0.00826	0.01258	0.01678	0.45904	0.09347	0.33061	0.01132	0.00583	0.00162	0.00242	0.00979	0.00503	0.00441
13	0.01209	0.10408	0.40219	0.01367	0.07937	0.04549	0.03910	0.06898	0.05509	0.06567	0.02712	0.04548	0.00933	0.00544	0.00470	0.00150	0.00625	0.00442	0.00292	0.00710
14	0.01174	0.14507	0.35867	0.01309	0.04980	0.03856	0.08558	0.03178	0.04824	0.06798	0.04059	0.01498	0.02583	0.00554	0.00474	0.00151	0.00623	0.04030	0.00290	0.00685
15	0.01291	0.77474	0.07928	0.00879	0.01321	0.01889	0.00908	0.01477	0.01001	0.01184	0.00697	0.00806	0.00630	0.00424	0.00326	0.00109	0.00539	0.00270	0.00210	0.00637
16	0.00871	0.00555	0.00677	0.00622	0.00791	0.00496	0.00475	0.01080	0.02749	0.12381	0.40971	0.05453	0.28938	0.01036	0.00568	0.00159	0.00267	0.00889	0.00519	0.00503
17	0.01146	0.10886	0.28761	0.01376	0.13226	0.04632	0.01223	0.05466	0.02751	0.05525	0.02562	0.04530	0.08643	0.00647	0.00523	0.00154	0.03479	0.03500	0.00304	0.00665
18	0.03294	0.01197	0.01403	0.09523	0.18024	0.13443	0.02140	0.13358	0.02935	0.16124	0.01282	0.01614	0.01016	0.00703	0.02795	0.02027	0.00598	0.06042	0.01797	0.00684
19	0.00629	0.00460	0.00566	0.00632	0.00689	0.00431	0.00430	0.00715	0.00938	0.01218	0.02897	0.45741	0.18272	0.16833	0.03654	0.00266	0.00356	0.04468	0.00420	0.00387
20	0.01185	0.01150	0.02901	0.10585	0.41096	0.04562	0.09893	0.07852	0.01209	0.01645	0.02764	0.05872	0.01064	0.00638	0.02318	0.00170	0.00618	0.03500	0.00289	0.00688

[dist]
# distance from previous block
# <min> <max>
0	1

[block]
# block no. 6 follows, 51 sequences, length 19
# corresponding to MSA columns:
# 393-411
name=unknown_G
#
# <colnr> <probs for GDERKNQSTAVLIFYWHMCP>
#	G	D	E	R	K	N	Q	S	T	A	V	L	I	F	Y	W	H	M	C	P
0	0.01384	0.14224	0.13636	0.01828	0.27721	0.12880	0.06731	0.05346	0.01201	0.07252	0.00942	0.01111	0.00740	0.00477	0.00484	0.00142	0.02520	0.00396	0.00273	0.00710
1	0.74786	0.01022	0.00813	0.00709	0.01021	0.03495	0.00581	0.07522	0.00984	0.04336	0.00759	0.00855	0.00578	0.00472	0.00328	0.00151	0.00409	0.00288	0.00326	0.00565
2	0.14863	0.00851	0.01006	0.00799	0.01137	0.00804	0.00651	0.06296	0.03967	0.42268	0.06542	0.01581	0.01267	0.00582	0.00446	0.00141	0.00388	0.00459	0.05857	0.10094
3	0.01498	0.03757	0.01491	0.01251	0.01473	0.44787	0.08564	0.01717	0.04721	0.01334	0.00897	0.01096	0.00746	0.00575	0.00665	0.00147	0.15908	0.00387	0.08413	0.00573
4	0.00592	0.00496	0.00515	0.00515	0.00672	0.00419	0.00384	0.00725	0.01139	0.01384	0.11688	0.07100	0.70225	0.01232	0.00582	0.00166	0.00249	0.01035	0.00464	0.00419
5	0.00706	0.00514	0.00598	0.00614	0.00743	0.00463	0.00446	0.00885	0.04262	0.05186	0.13597	0.30414	0.37256	0.01259	0.00589	0.00175	0.00273	0.01093	0.00476	0.00451
6	0.00653	0.00501	0.00598	0.00574	0.00708	0.00446	0.00431	0.00846	0.01292	0.01735	0.52080	0.04059	0.32109	0.01093	0.00580	0.00159	0.00238	0.00943	0.00510	0.00446
7	0.01614	0.00694	0.00853	0.00702	0.00964	0.00644	0.00564	0.05566	0.01284	0.41395	0.01752	0.01719	0.01217	0.00591	0.00427	0.00135	0.00340	0.00476	0.38395	0.00668
8	0.01222	0.01056	0.01111	0.01000	0.01278	0.01222	0.00778	0.02611	0.78776	0.02056	0.02000	0.01833	0.01500	0.00667	0.00500	0.00167	0.00389	0.00556	0.00500	0.00778
9	0.01003	0.00855	0.01001	0.00723	0.01144	0.00646	0.00577	0.01222	0.01037	0.01619	0.04680	0.01148	0.00917	0.00395	0.00374	0.00077	0.00358	0.00320	0.00303	0.81601
10	0.86201	0.00950	0.00722	0.00646	0.00950	0.01102	0.00532	0.01445	0.00836	0.02205	0.00684	0.00798	0.00532	0.00456	0.00304	0.00152	0.00380	0.00266	0.00304	0.00532
11	0.00928	0.00873	0.01474	0.81548	0.03385	0.01092	0.01365	0.01256	0.00983	0.01256	0.00873	0.01310	0.00655	0.00491	0.00491	0.00164	0.00655	0.00437	0.00218	0.00546
12	0.00618	0.00436	0.00565	0.00660	0.00684	0.00412	0.00430	0.00689	0.00904	0.01205	0.02519	0.69489	0.03011	0.14785	0.00933	0.00245	0.00316	0.01286	0.00430	0.00383
13	0.04773	0.04100	0.55101	0.01364	0.05548	0.01066	0.06122	0.01427	0.01017	0.01526	0.01093	0.09729	0.00952	0.03407	0.00551	0.00170	0.00650	0.00494	0.00245	0.00664
14	0.01300	0.79637	0.05842	0.00864	0.01298	0.01911	0.00882	0.01475	0.01000	0.01173	0.00692	0.00799	0.00630	0.00422	0.00322	0.00107	0.00534	0.00267	0.00210	0.00635
15	0.00606	0.00451	0.00567	0.00650	0.00714	0.00411	0.00451	0.00712	0.01007	0.01312	0.06866	0.59541	0.19372	0.01445	0.00617	0.00191	0.00281	0.03938	0.00460	0.00407
16	0.00635	0.00443	0.00560	0.00638	0.00658	0.00423	0.00407	0.00694	0.00871	0.01161	0.02349	0.57892	0.02797	0.26675	0.01207	0.00285	0.00344	0.01186	0.00407	0.00368
17	0.01394	0.03904	0.18986	0.01203	0.01639	0.02755	0.08589	0.22671	0.21025	0.07252	0.02890	0.01469	0.02794	0.00582	0.00495	0.00155	0.00558	0.00484	0.00402	0.00752
18	0.01163	0.01467	0.14272	0.44966	0.02620	0.17043	0.01318	0.04113	0.02635	0.01370	0.00876	0.01178	0.00668	0.00512	0.00522	0.00157	0.03887	0.00403	0.00238	0.00594

[dist]
# distance from previous block
# <min> <max>
1	5

[block]
# block no. 7 follows, 51 sequences, length 24
# corresponding to MSA columns:
# 417-440
name=unknown_H
#
# <colnr> <probs for GDERKNQSTAVLIFYWHMCP>
#	G	D	E	R	K	N	Q	S	T	A	V	L	I	F	Y	W	H	M	C	P
0	0.01394	0.35354	0.06404	0.01106	0.01481	0.12830	0.08739	0.12935	0.03603	0.01575	0.00903	0.01042	0.00740	0.00555	0.02001	0.00144	0.04042	0.00365	0.04139	0.00650
1	0.00653	0.00489	0.00587	0.00617	0.00721	0.00443	0.00441	0.00779	0.01034	0.01370	0.10710	0.33779	0.25905	0.06638	0.03302	0.00214	0.00323	0.04006	0.03710	0.04280
2	0.01639	0.02005	0.01385	0.03047	0.07656	0.61913	0.00962	0.01786	0.01300	0.01261	0.00867	0.04633	0.00770	0.00550	0.00486	0.00132	0.03242	0.00380	0.00262	0.05725
3	0.00605	0.00438	0.00574	0.00680	0.00722	0.00407	0.00464	0.00699	0.00961	0.01269	0.02866	0.73735	0.08673	0.01511	0.00626	0.00198	0.00289	0.04424	0.00456	0.00402
4	0.02890	0.00984	0.01220	0.00980	0.01270	0.02540	0.02871	0.11169	0.09296	0.27771	0.02710	0.03299	0.01109	0.00639	0.00662	0.00153	0.14133	0.00478	0.04034	0.11791
5	0.27088	0.00996	0.01159	0.01115	0.09351	0.03795	0.05337	0.11260	0.03550	0.14798	0.01471	0.11227	0.03770	0.00680	0.00462	0.00159	0.00459	0.02283	0.00399	0.00641
6	0.03454	0.00968	0.01299	0.30373	0.05023	0.04104	0.01001	0.11117	0.01294	0.26661	0.01288	0.01414	0.00901	0.00613	0.02071	0.00166	0.02107	0.00450	0.05018	0.00677
7	0.00711	0.00488	0.00628	0.00645	0.00743	0.00451	0.00473	0.00886	0.01198	0.03786	0.39998	0.29259	0.09301	0.01184	0.00588	0.00172	0.00266	0.04683	0.04093	0.00449
8	0.01202	0.01153	0.01968	0.07000	0.75795	0.01164	0.01501	0.01495	0.01112	0.01588	0.00922	0.01221	0.00772	0.00441	0.00487	0.00147	0.00587	0.00438	0.00242	0.00767
9	0.01707	0.05302	0.09422	0.01179	0.03205	0.05196	0.01018	0.55879	0.06484	0.04006	0.01162	0.01181	0.00839	0.00567	0.00479	0.00147	0.00565	0.00428	0.00436	0.00798
10	0.00612	0.00440	0.00582	0.00684	0.00726	0.00411	0.00468	0.00713	0.00980	0.01306	0.07044	0.72089	0.05852	0.01492	0.00625	0.00197	0.00288	0.04624	0.00461	0.00406
11	0.01000	0.06050	0.76801	0.01376	0.02089	0.01176	0.01773	0.01553	0.01036	0.01539	0.00873	0.01027	0.00623	0.00465	0.00460	0.00153	0.00718	0.00359	0.00208	0.00722
12	0.00641	0.00478	0.00580	0.00637	0.00719	0.00441	0.00459	0.00755	0.01016	0.01306	0.07408	0.33868	0.25664	0.12013	0.00863	0.00227	0.00320	0.11762	0.00440	0.00402
13	0.00599	0.00428	0.00570	0.00684	0.00713	0.00399	0.00456	0.00684	0.00941	0.01254	0.02709	0.82409	0.03250	0.01540	0.00627	0.00200	0.00285	0.01397	0.00456	0.00399
14	0.00663	0.00501	0.00612	0.00584	0.00714	0.00450	0.00438	0.00864	0.01314	0.01787	0.58169	0.03973	0.25987	0.01073	0.00580	0.00158	0.00237	0.00931	0.00517	0.00450
15	0.00603	0.00429	0.00569	0.00679	0.00707	0.00402	0.00451	0.00685	0.00933	0.01244	0.02668	0.79636	0.03199	0.04382	0.00693	0.00209	0.00292	0.01373	0.00451	0.00396
16	0.01314	0.83025	0.02575	0.00841	0.01261	0.01945	0.00841	0.01472	0.00999	0.01156	0.00683	0.00788	0.00631	0.00420	0.00315	0.00105	0.00526	0.00263	0.00210	0.00631
17	0.00986	0.02542	0.80183	0.01401	0.02127	0.01141	0.01816	0.01556	0.01038	0.01556	0.00882	0.01038	0.00623	0.00467	0.00467	0.00156	0.00726	0.00363	0.00208	0.00726
18	0.02205	0.00836	0.01140	0.00874	0.01254	0.00722	0.00722	0.02395	0.01407	0.80004	0.01939	0.01673	0.01216	0.00608	0.00494	0.00152	0.00418	0.00494	0.00608	0.00836
19	0.01314	0.83025	0.02575	0.00841	0.01261	0.01945	0.00841	0.01472	0.00999	0.01156	0.00683	0.00788	0.00631	0.00420	0.00315	0.00105	0.00526	0.00263	0.00210	0.00631
20	0.00990	0.00917	0.01513	0.72212	0.09074	0.01116	0.01357	0.04518	0.01049	0.01360	0.00890	0.01298	0.00672	0.00491	0.00491	0.00162	0.00645	0.00437	0.00232	0.00576
21	0.00599	0.00428	0.00570	0.00684	0.00713	0.00399	0.00456	0.00684	0.00941	0.01254	0.02709	0.82409	0.03250	0.01540	0.00627	0.00200	0.00285	0.01397	0.00456	0.00399
22	0.00599	0.00428	0.00570	0.00684	0.00713	0.00399	0.00456	0.00684	0.00941	0.01254	0.02709	0.82409	0.03250	0.01540	0.00627	0.00200	0.00285	0.01397	0.00456	0.00399
23	0.01264	0.67690	0.11923	0.00993	0.01456	0.01799	0.06299	0.01489	0.01014	0.01233	0.00729	0.00856	0.00638	0.00426	0.00352	0.00115	0.00571	0.00297	0.00213	0.00644

[dist]
# distance from previous block
# <min> <max>
0	2

[block]
# block no. 8 follows, 51 sequences, length 49
# corresponding to MSA columns:
# 443-480,482-492
name=unknown_I
#
# <colnr> <probs for GDERKNQSTAVLIFYWHMCP>
#	G	D	E	R	K	N	Q	S	T	A	V	L	I	F	Y	W	H	M	C	P
0	0.00714	0.00479	0.00548	0.00548	0.00552	0.00483	0.00313	0.00722	0.00718	0.00962	0.01538	0.03156	0.01760	0.79025	0.06170	0.00491	0.00516	0.00706	0.00296	0.00304
1	0.01305	0.01762	0.32224	0.03205	0.10401	0.02418	0.06537	0.23833	0.08223	0.02034	0.01085	0.01209	0.00799	0.00578	0.02068	0.00166	0.00647	0.00430	0.00324	0.00752
2	0.02707	0.04119	0.01530	0.03704	0.28787	0.02411	0.03355	0.06487	0.08122	0.24474	0.08065	0.01590	0.01289	0.00567	0.00491	0.00150	0.00495	0.00497	0.00412	0.00750
3	0.01417	0.01179	0.01269	0.01062	0.01385	0.04967	0.03715	0.19341	0.47758	0.05006	0.01652	0.01570	0.01227	0.00613	0.00490	0.00154	0.00462	0.00502	0.00469	0.05761
4	0.00590	0.00461	0.00536	0.00596	0.00690	0.00407	0.00417	0.00694	0.01026	0.01289	0.03781	0.45721	0.39246	0.01400	0.00605	0.00184	0.00268	0.01227	0.00456	0.00407
5	0.01660	0.18406	0.01602	0.01142	0.01439	0.51482	0.00907	0.05778	0.10496	0.01390	0.00912	0.00993	0.00745	0.00512	0.00427	0.00128	0.00737	0.00340	0.00286	0.00620
6	0.01387	0.01247	0.01155	0.01021	0.01298	0.14413	0.00793	0.08610	0.50439	0.05770	0.05832	0.01759	0.02766	0.00658	0.00495	0.00157	0.00475	0.00529	0.00465	0.00728
7	0.00587	0.00498	0.00507	0.00505	0.00668	0.00418	0.00379	0.00718	0.01136	0.01365	0.09318	0.04668	0.75101	0.01231	0.00581	0.00165	0.00248	0.01028	0.00461	0.00418
8	0.00608	0.00434	0.00565	0.00665	0.00696	0.00406	0.00440	0.00688	0.00929	0.01232	0.02698	0.72936	0.06003	0.08236	0.00780	0.00221	0.00300	0.01327	0.00443	0.00391
9	0.12253	0.01236	0.03671	0.05978	0.05445	0.02534	0.20034	0.28614	0.01531	0.09712	0.01146	0.03626	0.00862	0.00542	0.00492	0.00155	0.00591	0.00483	0.00379	0.00715
10	0.00766	0.00546	0.00814	0.00791	0.00888	0.00611	0.02113	0.00927	0.00818	0.04109	0.01397	0.04419	0.01332	0.10956	0.66346	0.00706	0.01162	0.00570	0.00285	0.00444
11	0.00599	0.00428	0.00570	0.00684	0.00713	0.00399	0.00456	0.00684	0.00941	0.01254	0.02709	0.82409	0.03250	0.01540	0.00627	0.00200	0.00285	0.01397	0.00456	0.00399
12	0.01019	0.00873	0.01019	0.00728	0.01165	0.00655	0.00582	0.01237	0.01019	0.01601	0.00873	0.01019	0.00728	0.00364	0.00364	0.00073	0.00364	0.00291	0.00291	0.85734
13	0.01004	0.00906	0.01465	0.57099	0.15315	0.01061	0.01274	0.01374	0.05627	0.03127	0.01177	0.01504	0.04442	0.00532	0.00493	0.00160	0.00596	0.00474	0.01775	0.00596
14	0.01001	0.01072	0.02241	0.01679	0.02043	0.01004	0.55980	0.01322	0.01098	0.01484	0.01479	0.24260	0.01454	0.00733	0.00593	0.00175	0.00675	0.00811	0.00307	0.00588
15	0.00928	0.00873	0.01474	0.81548	0.03385	0.01092	0.01365	0.01256	0.00983	0.01256	0.00873	0.01310	0.00655	0.00491	0.00491	0.00164	0.00655	0.00437	0.00218	0.00546
16	0.00928	0.00873	0.01474	0.81548	0.03385	0.01092	0.01365	0.01256	0.00983	0.01256	0.00873	0.01310	0.00655	0.00491	0.00491	0.00164	0.00655	0.00437	0.00218	0.00546
17	0.01222	0.01056	0.01111	0.01000	0.01278	0.01222	0.00778	0.02611	0.78776	0.02056	0.02000	0.01833	0.01500	0.00667	0.00500	0.00167	0.00389	0.00556	0.00500	0.00778
18	0.73317	0.00973	0.00811	0.00700	0.01017	0.01104	0.00577	0.07269	0.00992	0.08339	0.00819	0.00895	0.00608	0.00478	0.00333	0.00152	0.00395	0.00297	0.00342	0.00579
19	0.00599	0.00428	0.00570	0.00684	0.00713	0.00399	0.00456	0.00684	0.00941	0.01254	0.02709	0.82409	0.03250	0.01540	0.00627	0.00200	0.00285	0.01397	0.00456	0.00399
20	0.00715	0.00476	0.00536	0.00536	0.00536	0.00476	0.00298	0.00715	0.00715	0.00953	0.01548	0.03216	0.01787	0.82729	0.02501	0.00476	0.00476	0.00715	0.00298	0.00298
21	0.01868	0.01376	0.01475	0.01131	0.01524	0.01524	0.00934	0.78025	0.02311	0.03097	0.01180	0.01180	0.00836	0.00590	0.00492	0.00147	0.00541	0.00442	0.00492	0.00836
22	0.02205	0.00836	0.01140	0.00874	0.01254	0.00722	0.00722	0.02395	0.01407	0.80004	0.01939	0.01673	0.01216	0.00608	0.00494	0.00152	0.00418	0.00494	0.00608	0.00836
23	0.01222	0.01056	0.01111	0.01000	0.01278	0.01222	0.00778	0.02611	0.78776	0.02056	0.02000	0.01833	0.01500	0.00667	0.00500	0.00167	0.00389	0.00556	0.00500	0.00778
24	0.01160	0.01326	0.02900	0.02071	0.02568	0.01243	0.77879	0.01574	0.01160	0.01574	0.00994	0.01326	0.00746	0.00414	0.00580	0.00166	0.00829	0.00580	0.00249	0.00663
25	0.01247	0.01055	0.01153	0.01091	0.04951	0.01207	0.00811	0.02554	0.73183	0.04002	0.01948	0.01800	0.01459	0.00655	0.00499	0.00165	0.00399	0.00549	0.00491	0.00779
26	0.01179	0.01119	0.01845	0.13140	0.62403	0.01163	0.01422	0.01577	0.08279	0.01601	0.01017	0.01286	0.00829	0.00466	0.00488	0.00150	0.00575	0.00449	0.00264	0.00748
27	0.01041	0.02233	0.61776	0.03408	0.02226	0.01152	0.16602	0.01569	0.01067	0.03040	0.00924	0.01112	0.00659	0.00460	0.00490	0.00158	0.00739	0.00410	0.00223	0.00712
28	0.00641	0.00462	0.00607	0.00651	0.00721	0.00428	0.00458	0.00792	0.01144	0.01573	0.36662	0.45977	0.05455	0.01297	0.00605	0.00179	0.00261	0.01165	0.00494	0.00428
29	0.01210	0.01607	0.26073	0.03012	0.06688	0.01171	0.29161	0.06374	0.09873	0.06580	0.01168	0.02822	0.00874	0.00505	0.00519	0.00160	0.00677	0.00502	0.00304	0.00716
30	0.01148	0.35699	0.02210	0.01275	0.03894	0.04126	0.23751	0.01378	0.01059	0.01328	0.01183	0.12815	0.01168	0.00642	0.00490	0.00147	0.01907	0.04909	0.00273	0.00598
31	0.00603	0.00429	0.00569	0.00679	0.00706	0.00402	0.00450	0.00685	0.00933	0.01244	0.02667	0.79562	0.03198	0.04458	0.00695	0.00210	0.00292	0.01373	0.00450	0.00396
32	0.00681	0.00513	0.00584	0.00573	0.00721	0.00451	0.00436	0.00841	0.01193	0.03844	0.26130	0.04333	0.47499	0.04093	0.00654	0.00177	0.00271	0.06086	0.00479	0.00440
33	0.00940	0.00885	0.01495	0.78417	0.06426	0.01095	0.01370	0.01266	0.00988	0.01270	0.00875	0.01306	0.00660	0.00489	0.00491	0.00163	0.00652	0.00437	0.00219	0.00555
34	0.02187	0.00864	0.01158	0.00888	0.01268	0.00764	0.00733	0.06294	0.01453	0.76039	0.01900	0.01647	0.01197	0.00607	0.00494	0.00152	0.00424	0.00492	0.00602	0.00836
35	0.86201	0.00950	0.00722	0.00646	0.00950	0.01102	0.00532	0.01445	0.00836	0.02205	0.00684	0.00798	0.00532	0.00456	0.00304	0.00152	0.00380	0.00266	0.00304	0.00532
36	0.00605	0.00432	0.00577	0.00691	0.00722	0.00404	0.00467	0.00695	0.00947	0.01261	0.02705	0.80017	0.03237	0.01534	0.00629	0.00200	0.00290	0.03730	0.00456	0.00401
37	0.00928	0.00873	0.01474	0.81548	0.03385	0.01092	0.01365	0.01256	0.00983	0.01256	0.00873	0.01310	0.00655	0.00491	0.00491	0.00164	0.00655	0.00437	0.00218	0.00546
38	0.01836	0.02342	0.01393	0.01266	0.01519	0.80756	0.00950	0.01962	0.01393	0.01203	0.00760	0.00886	0.00633	0.00506	0.00443	0.00127	0.00886	0.00317	0.00253	0.00570
39	0.01019	0.00873	0.01019	0.00728	0.01165	0.00655	0.00582	0.01237	0.01019	0.01601	0.00873	0.01019	0.00728	0.00364	0.00364	0.00073	0.00364	0.00291	0.00291	0.85734
40	0.00927	0.00648	0.02912	0.00693	0.00875	0.00576	0.00552	0.04061	0.04288	0.10651	0.57152	0.03294	0.09559	0.00936	0.00561	0.00155	0.00285	0.00812	0.00530	0.00534
41	0.00750	0.00526	0.00663	0.03678	0.00860	0.00503	0.00513	0.03613	0.01091	0.04297	0.11358	0.40145	0.15953	0.05844	0.00700	0.00199	0.00320	0.05771	0.02769	0.00445
42	0.00679	0.00502	0.00634	0.00601	0.00724	0.00457	0.00451	0.00896	0.01352	0.01878	0.68736	0.03823	0.15363	0.01039	0.00580	0.00156	0.00234	0.00910	0.00529	0.00457
43	0.01570	0.01210	0.01273	0.04799	0.01448	0.05489	0.00851	0.42534	0.17581	0.05999	0.05306	0.01607	0.04301	0.00643	0.00494	0.00151	0.00492	0.00507	0.02995	0.00750
44	0.00679	0.00502	0.00634	0.00601	0.00724	0.00457	0.00451	0.00895	0.01352	0.01878	0.68632	0.03824	0.15467	0.01039	0.00580	0.00156	0.00234	0.00910	0.00529	0.00457
45	0.01245	0.01161	0.01896	0.09338	0.59038	0.01206	0.04132	0.08326	0.03688	0.01711	0.00973	0.01241	0.00792	0.00473	0.00520	0.00151	0.02639	0.00447	0.00271	0.00754
46	0.01086	0.04289	0.64021	0.01397	0.02057	0.01128	0.08747	0.01599	0.01080	0.06865	0.02633	0.01157	0.00760	0.00482	0.00478	0.00155	0.00699	0.00401	0.00246	0.00720
47	0.01316	0.01284	0.01881	0.02676	0.65217	0.08284	0.01399	0.06818	0.03340	0.01684	0.00956	0.01201	0.00789	0.00461	0.00483	0.00145	0.00603	0.00431	0.00268	0.00764
48	0.06018	0.09097	0.06498	0.00994	0.01372	0.04359	0.00871	0.24910	0.02881	0.27817	0.03625	0.01340	0.01017	0.00579	0.00506	0.00146	0.03741	0.00433	0.00450	0.03346

[dist]
# distance from previous block
# <min> <max>
0	13

[block]
# block no. 9 follows, 51 sequences, length 32
# corresponding to MSA columns:
# 512-543
name=unknown_J
#
# <colnr> <probs for GDERKNQSTAVLIFYWHMCP>
#	G	D	E	R	K	N	Q	S	T	A	V	L	I	F	Y	W	H	M	C	P
0	0.01551	0.08316	0.05074	0.01258	0.07411	0.14492	0.02935	0.26817	0.18311	0.04878	0.03272	0.01322	0.01025	0.00568	0.00474	0.00146	0.00571	0.00444	0.00398	0.00739
1	0.00814	0.00737	0.02545	0.00844	0.01053	0.00688	0.10210	0.04374	0.07417	0.01641	0.22138	0.08155	0.31513	0.02576	0.00637	0.00172	0.02668	0.00864	0.00441	0.00512
2	0.01864	0.01500	0.01464	0.01148	0.01523	0.11650	0.00936	0.68304	0.02193	0.02855	0.01126	0.01142	0.00810	0.00579	0.00485	0.00145	0.00585	0.00426	0.00461	0.00802
3	0.01204	0.01035	0.01097	0.00996	0.01267	0.01194	0.00778	0.02543	0.75439	0.02031	0.02026	0.01993	0.01557	0.00696	0.00508	0.00169	0.00392	0.03813	0.00498	0.00764
4	0.01019	0.00873	0.01019	0.00728	0.01165	0.00655	0.00582	0.01237	0.01019	0.01601	0.00873	0.01019	0.00728	0.00364	0.00364	0.00073	0.00364	0.00291	0.00291	0.85734
5	0.01133	0.04348	0.05039	0.01243	0.15488	0.00923	0.00853	0.17516	0.02667	0.05608	0.12022	0.18935	0.08599	0.00878	0.00534	0.00162	0.00428	0.02576	0.00421	0.00625
6	0.01242	0.01264	0.08727	0.08661	0.07806	0.12591	0.00978	0.12801	0.11275	0.04616	0.01547	0.17620	0.01450	0.00792	0.00542	0.00165	0.02096	0.04817	0.00375	0.00634
7	0.00599	0.00428	0.00570	0.00684	0.00713	0.00399	0.00456	0.00684	0.00941	0.01254	0.02709	0.82409	0.03250	0.01540	0.00627	0.00200	0.00285	0.01397	0.00456	0.00399
8	0.01282	0.03290	0.14323	0.01575	0.13478	0.13108	0.15579	0.10226	0.06417	0.02883	0.01437	0.01560	0.09097	0.00580	0.00535	0.00153	0.02986	0.00503	0.00312	0.00676
9	0.01820	0.02309	0.01385	0.01259	0.01513	0.78726	0.00945	0.01979	0.03369	0.01225	0.00791	0.00910	0.00655	0.00511	0.00445	0.00128	0.00874	0.00323	0.00260	0.00575
10	0.00869	0.00727	0.00814	0.00787	0.00883	0.08216	0.00581	0.04906	0.00912	0.01205	0.01357	0.04645	0.01351	0.22362	0.47486	0.00599	0.00999	0.00575	0.00289	0.00436
11	0.00710	0.00521	0.00765	0.00765	0.00848	0.00601	0.00588	0.00878	0.00794	0.01154	0.01339	0.01998	0.01260	0.07943	0.73736	0.00750	0.01233	0.00535	0.03152	0.00432
12	0.01078	0.00813	0.01067	0.03113	0.14461	0.00828	0.00783	0.08502	0.12763	0.07614	0.17786	0.06567	0.12214	0.03223	0.00601	0.00173	0.00398	0.06956	0.00447	0.00613
13	0.00620	0.00512	0.00546	0.00542	0.00696	0.00446	0.00404	0.00798	0.03401	0.01457	0.17720	0.07922	0.60820	0.01199	0.00580	0.00165	0.00252	0.01013	0.00472	0.00433
14	0.00912	0.00606	0.00745	0.02467	0.00884	0.00595	0.00528	0.03200	0.09042	0.07654	0.48244	0.04885	0.06805	0.00893	0.00535	0.00153	0.00280	0.00774	0.10268	0.00529
15	0.01147	0.10713	0.34892	0.04779	0.10358	0.09608	0.07021	0.01561	0.03717	0.01482	0.00945	0.03191	0.00758	0.00487	0.00457	0.00142	0.00659	0.00402	0.00243	0.07436
16	0.05584	0.01132	0.01119	0.00873	0.01254	0.13203	0.00695	0.05900	0.04273	0.19275	0.01147	0.01175	0.00850	0.00470	0.00415	0.00111	0.00469	0.00358	0.00376	0.41322
17	0.03923	0.22113	0.29563	0.01307	0.04260	0.13658	0.10113	0.03310	0.01137	0.01479	0.04203	0.01100	0.00820	0.00480	0.00440	0.00139	0.00672	0.00380	0.00245	0.00658
18	0.13069	0.13155	0.17999	0.01269	0.06654	0.13916	0.08146	0.01540	0.04402	0.01502	0.00963	0.04430	0.00827	0.01921	0.04334	0.00184	0.04390	0.00420	0.00262	0.00618
19	0.01216	0.01168	0.01995	0.03016	0.79664	0.01168	0.01508	0.01508	0.01119	0.01605	0.00924	0.01216	0.00778	0.00438	0.00487	0.00146	0.00584	0.00438	0.00243	0.00778
20	0.00630	0.00449	0.00570	0.00653	0.00689	0.00424	0.00436	0.00708	0.00917	0.01210	0.02619	0.57823	0.07880	0.17685	0.01000	0.00254	0.00329	0.04917	0.00424	0.00383
21	0.05505	0.03218	0.01018	0.00816	0.01099	0.03860	0.00649	0.08933	0.04084	0.31997	0.08133	0.13358	0.07020	0.00785	0.00499	0.00152	0.00396	0.00652	0.02208	0.05617
22	0.02595	0.00855	0.02768	0.00867	0.01088	0.00873	0.02024	0.11876	0.16704	0.11532	0.06080	0.03977	0.07326	0.14244	0.08478	0.00275	0.02479	0.04925	0.00432	0.00601
23	0.00692	0.00520	0.00655	0.00737	0.00818	0.00510	0.00540	0.00932	0.08470	0.01377	0.02837	0.53396	0.10255	0.01395	0.00620	0.00198	0.00322	0.14821	0.00460	0.00447
24	0.00621	0.00475	0.00572	0.00616	0.00712	0.00431	0.00443	0.00748	0.01065	0.01376	0.13861	0.34571	0.31382	0.03723	0.03375	0.00210	0.00313	0.04634	0.00457	0.00415
25	0.07281	0.12217	0.08303	0.01244	0.06504	0.22708	0.02581	0.12759	0.07422	0.03914	0.00969	0.01087	0.00765	0.00543	0.00541	0.00145	0.07927	0.00379	0.02052	0.00661
26	0.00711	0.00475	0.00537	0.00541	0.00542	0.00474	0.00303	0.00714	0.00722	0.00963	0.01586	0.05749	0.01833	0.80133	0.02441	0.00468	0.00470	0.00736	0.00303	0.00301
27	0.00591	0.00470	0.00526	0.00570	0.00679	0.00411	0.00403	0.00698	0.01041	0.01289	0.04019	0.34311	0.48286	0.03575	0.00651	0.00187	0.00269	0.01166	0.00452	0.00406
28	0.01182	0.01367	0.11652	0.16146	0.34195	0.06024	0.11277	0.04544	0.01140	0.01560	0.00926	0.01213	0.00734	0.00476	0.00530	0.00153	0.03450	0.00440	0.02302	0.00690
29	0.01413	0.03091	0.08147	0.05085	0.10005	0.11567	0.07224	0.23179	0.08390	0.03551	0.01331	0.01435	0.05588	0.00592	0.00554	0.00153	0.05275	0.00473	0.02249	0.00698
