[name]
unknown

[dist]
# distance from previous block
# <min> <max>
0	45

[block]
# block no. 0 follows, 49 sequences, length 26
# corresponding to MSA columns:
# 67-91,94
name=unknown_A
#
# <colnr> <probs for GDERKNQSTAVLIFYWHMCP>
#	G	D	E	R	K	N	Q	S	T	A	V	L	I	F	Y	W	H	M	C	P
0	0.02740	0.00691	0.00822	0.02266	0.00981	0.00680	0.00575	0.04025	0.10954	0.14130	0.14073	0.11978	0.14241	0.07011	0.03484	0.00210	0.00386	0.01891	0.05600	0.03261
1	0.02466	0.00617	0.00693	0.00686	0.00797	0.02067	0.00475	0.03374	0.05134	0.01397	0.03663	0.29631	0.08682	0.23294	0.04363	0.00284	0.00418	0.00917	0.03792	0.07251
2	0.07583	0.00676	0.00775	0.02247	0.00933	0.00705	0.00562	0.08935	0.05849	0.04683	0.03549	0.24178	0.09065	0.10242	0.07243	0.00261	0.00451	0.03211	0.08336	0.00514
3	0.14474	0.00800	0.00959	0.00822	0.01074	0.00805	0.03925	0.04411	0.10505	0.20871	0.12328	0.09512	0.06726	0.05168	0.00615	0.00180	0.00387	0.00667	0.05147	0.00625
4	0.08629	0.00690	0.00802	0.03369	0.00970	0.00693	0.00561	0.05954	0.01149	0.10257	0.09568	0.12865	0.20876	0.12363	0.02763	0.00229	0.03826	0.00797	0.00432	0.03206
5	0.03619	0.00599	0.00731	0.00704	0.00819	0.00596	0.00500	0.03366	0.05569	0.09266	0.12467	0.20653	0.05777	0.20976	0.06228	0.05948	0.00440	0.00846	0.00427	0.00471
6	0.05780	0.01115	0.03982	0.11071	0.01596	0.06385	0.02492	0.11039	0.12591	0.18606	0.04786	0.02902	0.01294	0.03611	0.00630	0.00174	0.04031	0.03685	0.00429	0.03803
7	0.05431	0.03840	0.02921	0.04952	0.01412	0.15375	0.03240	0.10127	0.04088	0.07254	0.04935	0.04230	0.01152	0.06420	0.00789	0.00177	0.12085	0.00487	0.01801	0.09285
8	0.07143	0.00870	0.00996	0.04271	0.01200	0.03010	0.00688	0.05950	0.16736	0.20330	0.23242	0.03652	0.04519	0.00760	0.00518	0.00158	0.00387	0.00634	0.01845	0.03091
9	0.01516	0.10721	0.09599	0.01015	0.01368	0.06200	0.00905	0.17005	0.10084	0.17395	0.03090	0.06606	0.04314	0.00773	0.02706	0.00173	0.03094	0.00538	0.02181	0.00718
10	0.14248	0.01154	0.01250	0.00986	0.01362	0.03923	0.00809	0.30936	0.05027	0.32986	0.01469	0.01375	0.00991	0.00595	0.00477	0.00154	0.00488	0.00450	0.00517	0.00803
11	0.01952	0.01369	0.01488	0.01141	0.01545	0.01498	0.00943	0.71003	0.02298	0.09684	0.01281	0.01257	0.00893	0.00609	0.00506	0.00152	0.00546	0.00460	0.00516	0.00860
12	0.04629	0.00940	0.01550	0.67935	0.12723	0.01134	0.01386	0.01332	0.01022	0.01378	0.00897	0.01314	0.00684	0.00497	0.00497	0.00166	0.00653	0.00442	0.00232	0.00591
13	0.00716	0.00517	0.00676	0.00636	0.00755	0.00477	0.00477	0.00954	0.01431	0.02028	0.78808	0.03777	0.04771	0.01034	0.00596	0.00159	0.00239	0.00914	0.00557	0.00477
14	0.00633	0.00452	0.00578	0.00668	0.00712	0.00419	0.00447	0.00707	0.00962	0.01261	0.02912	0.63658	0.12446	0.06942	0.00826	0.03920	0.00308	0.01302	0.00448	0.00397
15	0.01029	0.06008	0.76342	0.01417	0.02151	0.01209	0.01826	0.01598	0.01066	0.01584	0.00899	0.01057	0.00641	0.00478	0.00474	0.00158	0.00739	0.00369	0.00214	0.00743
16	0.00616	0.00440	0.00587	0.00704	0.00733	0.00411	0.00469	0.00704	0.00968	0.01291	0.02787	0.81899	0.03344	0.01584	0.00645	0.00205	0.00293	0.01438	0.00469	0.00411
17	0.01816	0.04871	0.01528	0.02535	0.01565	0.02931	0.00949	0.64231	0.09634	0.02930	0.01261	0.01259	0.00910	0.00604	0.00498	0.00152	0.00549	0.00456	0.00485	0.00835
18	0.01374	0.74656	0.05241	0.00913	0.01346	0.06955	0.00907	0.01549	0.01055	0.01207	0.00715	0.00826	0.00649	0.00440	0.00338	0.00111	0.00572	0.00277	0.00219	0.00648
19	0.06477	0.01022	0.01676	0.45556	0.32758	0.01155	0.01407	0.01406	0.01056	0.01494	0.00907	0.01277	0.00715	0.00482	0.00491	0.00161	0.00627	0.00439	0.00240	0.00654
20	0.00728	0.00490	0.00551	0.00554	0.00560	0.00486	0.00313	0.00734	0.00753	0.00999	0.01724	0.05314	0.04082	0.77899	0.02469	0.00474	0.00479	0.00762	0.00315	0.00312
21	0.00777	0.00600	0.00799	0.00778	0.00915	0.00561	0.05382	0.06189	0.01149	0.03108	0.03233	0.45639	0.25167	0.01330	0.00616	0.00189	0.00342	0.02291	0.00462	0.00475
22	0.01255	0.55936	0.23233	0.01162	0.06493	0.01728	0.01178	0.01540	0.01046	0.01329	0.00774	0.00908	0.00656	0.00447	0.00377	0.00125	0.00600	0.00310	0.00218	0.00685
23	0.00748	0.00552	0.00639	0.00617	0.00770	0.00502	0.00465	0.00971	0.04541	0.04614	0.30382	0.05723	0.38262	0.04882	0.00687	0.00184	0.00283	0.04207	0.00500	0.00473
24	0.01112	0.00994	0.01462	0.35578	0.05619	0.01239	0.01181	0.11386	0.01121	0.01535	0.00975	0.01449	0.00823	0.00955	0.08333	0.00242	0.22464	0.02662	0.00274	0.00596
25	0.04517	0.01304	0.03246	0.06730	0.42776	0.10358	0.01330	0.01504	0.01084	0.01511	0.00909	0.01298	0.00797	0.00582	0.00737	0.00167	0.17577	0.02631	0.00252	0.00690

[dist]
# distance from previous block
# <min> <max>
1	3

[block]
# block no. 1 follows, 49 sequences, length 150
# corresponding to MSA columns:
# 98-127,129-162,164-215,218-242,244-252
name=unknown_B
#
# <colnr> <probs for GDERKNQSTAVLIFYWHMCP>
#	G	D	E	R	K	N	Q	S	T	A	V	L	I	F	Y	W	H	M	C	P
0	0.01056	0.01080	0.02066	0.05234	0.01996	0.01095	0.40317	0.01369	0.01090	0.01514	0.04520	0.01956	0.01205	0.02390	0.07101	0.00234	0.11145	0.08458	0.00290	0.05883
1	0.03304	0.00455	0.00661	0.00659	0.00668	0.00459	0.00442	0.00682	0.00665	0.00918	0.00873	0.01517	0.00869	0.01720	0.01929	0.82856	0.00438	0.00434	0.00222	0.00229
2	0.00648	0.00455	0.00586	0.00672	0.00696	0.00437	0.00436	0.00718	0.00908	0.01213	0.02455	0.60540	0.02916	0.20745	0.03850	0.00294	0.00377	0.01240	0.00424	0.00387
3	0.00695	0.00511	0.00650	0.00626	0.00745	0.00466	0.00466	0.00909	0.01365	0.01896	0.64614	0.09471	0.13499	0.01102	0.00600	0.00164	0.00245	0.00970	0.00540	0.00466
4	0.00980	0.00795	0.01214	0.01603	0.24933	0.00800	0.01045	0.03382	0.01195	0.01604	0.02107	0.04214	0.02206	0.01085	0.00632	0.00205	0.00510	0.50511	0.00401	0.00579
5	0.00757	0.00518	0.00631	0.00666	0.00703	0.00517	0.00461	0.00830	0.00871	0.01147	0.01970	0.04055	0.03231	0.56670	0.01979	0.00408	0.00480	0.23393	0.00357	0.00356
6	0.00756	0.00593	0.00821	0.00818	0.00910	0.02900	0.00631	0.00929	0.00828	0.01169	0.01346	0.02002	0.01266	0.06408	0.75265	0.00782	0.01312	0.00542	0.00272	0.00450
7	0.02269	0.00861	0.01174	0.00900	0.01291	0.00743	0.00743	0.02464	0.01447	0.79425	0.01995	0.01721	0.01252	0.00626	0.00509	0.00156	0.00430	0.00509	0.00626	0.00861
8	0.01049	0.00899	0.01049	0.00749	0.01198	0.00674	0.00599	0.01273	0.01049	0.01648	0.00899	0.01049	0.00749	0.00374	0.00374	0.00075	0.00374	0.00300	0.00300	0.85320
9	0.00878	0.00439	0.00659	0.00659	0.00659	0.00439	0.00439	0.00659	0.00659	0.00878	0.00878	0.01537	0.00878	0.01757	0.01976	0.85288	0.00439	0.00439	0.00220	0.00220
10	0.00943	0.00471	0.00471	0.00471	0.00589	0.00471	0.00353	0.01178	0.01060	0.01885	0.01650	0.01885	0.01296	0.00589	0.00353	0.00118	0.00236	0.00471	0.85036	0.00471
11	0.35282	0.00928	0.01010	0.00818	0.01174	0.00935	0.00673	0.03842	0.03925	0.44394	0.01468	0.01359	0.00974	0.00566	0.00431	0.00157	0.00417	0.00417	0.00495	0.00735
12	0.01053	0.01028	0.01447	0.01256	0.01269	0.01422	0.01041	0.01174	0.00780	0.01211	0.00759	0.01228	0.00747	0.01287	0.12530	0.00303	0.70241	0.00456	0.00228	0.00539
13	0.00943	0.00471	0.00471	0.00471	0.00589	0.00471	0.00353	0.01178	0.01060	0.01885	0.01650	0.01885	0.01296	0.00589	0.00353	0.00118	0.00236	0.00471	0.85036	0.00471
14	0.01189	0.01145	0.01975	0.19026	0.60915	0.01188	0.04174	0.01501	0.01124	0.01577	0.00943	0.01275	0.00774	0.00461	0.00505	0.00155	0.00625	0.00455	0.00245	0.00748
15	0.00992	0.00936	0.01583	0.71374	0.12836	0.01133	0.01423	0.01324	0.01028	0.01337	0.00905	0.01336	0.00690	0.00499	0.00505	0.00166	0.00665	0.00450	0.00228	0.00591
16	0.00736	0.00542	0.00668	0.00733	0.00824	0.00529	0.00521	0.00998	0.10072	0.03068	0.04140	0.56021	0.12539	0.01402	0.00623	0.00197	0.00312	0.05123	0.00479	0.00472
17	0.01021	0.04197	0.78086	0.01430	0.02171	0.01191	0.01848	0.01600	0.01067	0.01593	0.00903	0.01063	0.00641	0.00479	0.00477	0.00159	0.00743	0.00372	0.00214	0.00745
18	0.01049	0.00899	0.01049	0.00749	0.01198	0.00674	0.00599	0.01273	0.01049	0.01648	0.00899	0.01049	0.00749	0.00374	0.00374	0.00075	0.00374	0.00300	0.00300	0.85320
19	0.00658	0.00527	0.00589	0.00571	0.00725	0.00465	0.00429	0.00858	0.03063	0.01633	0.32779	0.04387	0.49173	0.01174	0.00595	0.00166	0.00253	0.00998	0.00503	0.00455
20	0.00852	0.00451	0.00650	0.00650	0.00654	0.00454	0.00429	0.00680	0.00676	0.00905	0.00997	0.01801	0.01027	0.12977	0.05332	0.70021	0.00485	0.00484	0.00234	0.00241
21	0.15434	0.00912	0.01094	0.00868	0.01226	0.00873	0.00711	0.10559	0.01428	0.52409	0.01871	0.04316	0.04723	0.00660	0.00486	0.00158	0.00426	0.00521	0.00550	0.00776
22	0.01099	0.01111	0.01539	0.01382	0.04912	0.05190	0.05536	0.01235	0.00871	0.01270	0.00952	0.10560	0.00989	0.00902	0.01367	0.00209	0.59501	0.00563	0.00256	0.00557
23	0.00716	0.00517	0.00676	0.00636	0.00755	0.00477	0.00477	0.00954	0.01431	0.02028	0.78808	0.03777	0.04771	0.01034	0.00596	0.00159	0.00239	0.00914	0.00557	0.00477
24	0.02269	0.00861	0.01174	0.00900	0.01291	0.00743	0.00743	0.02464	0.01447	0.79425	0.01995	0.01721	0.01252	0.00626	0.00509	0.00156	0.00430	0.00509	0.00626	0.00861
25	0.01194	0.01364	0.02984	0.02131	0.02643	0.01279	0.77238	0.01620	0.01194	0.01620	0.01023	0.01364	0.00767	0.00426	0.00597	0.00171	0.00853	0.00597	0.00256	0.00682
26	0.01749	0.01155	0.04489	0.02666	0.01424	0.04985	0.00922	0.15935	0.05443	0.33392	0.01435	0.01456	0.01014	0.00826	0.04831	0.00202	0.16391	0.00475	0.00458	0.00752
27	0.00616	0.00440	0.00587	0.00704	0.00733	0.00411	0.00469	0.00704	0.00968	0.01291	0.02787	0.81899	0.03344	0.01584	0.00645	0.00205	0.00293	0.01438	0.00469	0.00411
28	0.00974	0.03705	0.01226	0.03202	0.01187	0.01116	0.00862	0.04606	0.02551	0.01333	0.03726	0.01619	0.01101	0.03645	0.33537	0.00456	0.33850	0.00503	0.00274	0.00527
29	0.05266	0.01479	0.02622	0.07284	0.09521	0.24823	0.00988	0.13382	0.01491	0.26335	0.01255	0.01279	0.00885	0.00556	0.00483	0.00148	0.00633	0.00424	0.00411	0.00735
30	0.01319	0.01103	0.01170	0.01034	0.01325	0.01264	0.00808	0.12418	0.65078	0.02223	0.01977	0.05041	0.01527	0.00712	0.00519	0.00170	0.00416	0.00592	0.00512	0.00792
31	0.01731	0.01754	0.03146	0.01145	0.01505	0.34542	0.00916	0.28025	0.01680	0.03621	0.00982	0.01063	0.00754	0.00525	0.00460	0.00129	0.00674	0.00371	0.00360	0.16621
32	0.00626	0.00513	0.00552	0.00542	0.00701	0.00439	0.00407	0.00781	0.01220	0.01527	0.23004	0.04602	0.60887	0.01221	0.00597	0.00168	0.00252	0.01030	0.00491	0.00439
33	0.02456	0.01017	0.01592	0.55548	0.20758	0.04424	0.01374	0.01365	0.01057	0.01389	0.00968	0.04081	0.00793	0.00530	0.00504	0.00164	0.00649	0.00476	0.00242	0.00613
34	0.00716	0.00517	0.00676	0.00636	0.00755	0.00477	0.00477	0.00954	0.01431	0.02028	0.78808	0.03777	0.04771	0.01034	0.00596	0.00159	0.00239	0.00914	0.00557	0.00477
35	0.69170	0.00955	0.00829	0.00712	0.01040	0.01057	0.00587	0.01681	0.00977	0.17630	0.00961	0.01001	0.00688	0.00501	0.00352	0.00156	0.00399	0.00321	0.00375	0.00610
36	0.01072	0.01018	0.01729	0.50202	0.33377	0.01154	0.01463	0.01395	0.01067	0.01434	0.00919	0.01310	0.00724	0.00484	0.00504	0.00161	0.00645	0.00450	0.00235	0.00656
37	0.00679	0.00503	0.00634	0.00627	0.00740	0.00458	0.00460	0.00875	0.01308	0.01795	0.53915	0.16922	0.16881	0.01166	0.00605	0.00169	0.00251	0.01027	0.00528	0.00458
38	0.01349	0.79840	0.02600	0.00871	0.01298	0.01976	0.00863	0.01553	0.03578	0.01220	0.00748	0.00847	0.00679	0.00441	0.00331	0.00110	0.00536	0.00280	0.00226	0.00654
39	0.00976	0.00486	0.00504	0.00493	0.00620	0.00481	0.00372	0.01211	0.01090	0.04456	0.05199	0.01967	0.01454	0.00611	0.00370	0.00121	0.00242	0.00493	0.78372	0.00484
40	0.01311	0.01090	0.01171	0.01039	0.01323	0.01260	0.00814	0.05211	0.70296	0.04832	0.01981	0.01832	0.01481	0.00688	0.00552	0.00172	0.03082	0.00561	0.00508	0.00796
41	0.01032	0.00959	0.01592	0.68521	0.10778	0.01154	0.02561	0.04811	0.01090	0.01419	0.00920	0.01333	0.00696	0.00504	0.00506	0.00166	0.00664	0.00452	0.00241	0.00601
42	0.00733	0.00499	0.00596	0.00596	0.00612	0.00514	0.00362	0.00764	0.00749	0.01013	0.01553	0.03083	0.01740	0.68838	0.15830	0.00545	0.00638	0.00702	0.00300	0.00331
43	0.01331	0.01058	0.01190	0.02228	0.02878	0.01088	0.00786	0.13381	0.35685	0.05934	0.01555	0.01585	0.01189	0.00585	0.00474	0.00140	0.00427	0.02009	0.00444	0.26033
44	0.07253	0.01359	0.01386	0.01137	0.02745	0.14643	0.03509	0.26910	0.07228	0.24929	0.01375	0.01338	0.00960	0.00592	0.00514	0.00153	0.02272	0.00450	0.00469	0.00776
45	0.00898	0.00563	0.00729	0.00684	0.00831	0.00517	0.00518	0.02318	0.01362	0.10888	0.51628	0.13661	0.09151	0.01078	0.00594	0.00167	0.00281	0.03074	0.00544	0.00516
46	0.07903	0.00899	0.01155	0.00899	0.01280	0.00825	0.00740	0.05034	0.05321	0.67579	0.01883	0.01650	0.01205	0.00618	0.00495	0.00157	0.00431	0.00494	0.00595	0.00836
47	0.01302	0.01224	0.01610	0.12744	0.04447	0.06337	0.11861	0.12140	0.25330	0.01865	0.02824	0.01481	0.01067	0.00631	0.00693	0.00172	0.12696	0.00510	0.00367	0.00700
48	0.01308	0.01694	0.31493	0.01304	0.01725	0.02793	0.04924	0.06236	0.07324	0.12632	0.01124	0.01275	0.00838	0.00693	0.02472	0.00189	0.20500	0.00444	0.00320	0.00714
49	0.00735	0.00497	0.00584	0.00591	0.00604	0.00504	0.00357	0.00761	0.00764	0.01024	0.01641	0.04857	0.01864	0.70895	0.08851	0.00501	0.00556	0.03771	0.00313	0.00327
50	0.03804	0.02829	0.07788	0.03936	0.47190	0.06501	0.04347	0.06217	0.01241	0.07918	0.01019	0.01233	0.00801	0.00492	0.00520	0.00152	0.02513	0.00438	0.00294	0.00766
51	0.00750	0.00531	0.00648	0.00610	0.00758	0.00474	0.00461	0.00953	0.01346	0.05371	0.52464	0.04020	0.27559	0.01092	0.00593	0.00163	0.00253	0.00943	0.00533	0.00479
52	0.01285	0.01207	0.01574	0.37496	0.20040	0.11514	0.01261	0.10470	0.01259	0.03689	0.00994	0.01353	0.00791	0.04257	0.00593	0.00172	0.00660	0.00449	0.00283	0.00651
53	0.42132	0.00996	0.01012	0.00823	0.01174	0.01052	0.00678	0.13409	0.01308	0.29532	0.02607	0.01250	0.00917	0.00555	0.00416	0.00156	0.00427	0.00395	0.00457	0.00704
54	0.00754	0.00541	0.00695	0.00690	0.00743	0.00589	0.00474	0.00900	0.04320	0.01119	0.01508	0.02654	0.01569	0.43496	0.37123	0.00619	0.00872	0.00641	0.00300	0.00394
55	0.01049	0.00899	0.01049	0.00749	0.01198	0.00674	0.00599	0.01273	0.01049	0.01648	0.00899	0.01049	0.00749	0.00374	0.00374	0.00075	0.00374	0.00300	0.00300	0.85320
56	0.01242	0.01070	0.01130	0.01018	0.01299	0.01235	0.00791	0.02638	0.75968	0.02113	0.04251	0.01941	0.01636	0.00696	0.00517	0.00171	0.00396	0.00582	0.00516	0.00791
57	0.00598	0.00510	0.00514	0.00517	0.00684	0.00426	0.00386	0.00725	0.01148	0.01364	0.05059	0.06949	0.76828	0.01289	0.00599	0.00172	0.00257	0.01077	0.00470	0.00426
58	0.00821	0.00665	0.00980	0.01292	0.18288	0.00645	0.00815	0.01009	0.01095	0.01453	0.02612	0.29887	0.11360	0.01235	0.00625	0.00198	0.00414	0.25669	0.00419	0.00518
59	0.00735	0.00492	0.00562	0.00562	0.00566	0.00496	0.00320	0.00742	0.00739	0.00989	0.01583	0.03254	0.01814	0.78948	0.05821	0.00504	0.00526	0.00727	0.00305	0.00312
60	0.00616	0.00487	0.00549	0.00586	0.00700	0.00427	0.00416	0.00733	0.01092	0.01368	0.08846	0.30649	0.45904	0.04409	0.00688	0.00194	0.00276	0.01170	0.00469	0.00420
61	0.01258	0.01218	0.01971	0.06216	0.70133	0.03458	0.01495	0.01606	0.04684	0.01646	0.00995	0.01275	0.00825	0.00466	0.00500	0.00151	0.00604	0.00452	0.00262	0.00785
62	0.71174	0.05654	0.00888	0.00686	0.01022	0.01131	0.00572	0.01463	0.00892	0.02135	0.00726	0.00847	0.00577	0.00456	0.00321	0.00144	0.00398	0.00277	0.00306	0.10330
63	0.02944	0.30540	0.19518	0.01091	0.01556	0.13355	0.01088	0.09775	0.06099	0.01619	0.00917	0.01014	0.00732	0.00487	0.00415	0.00130	0.00620	0.00343	0.00281	0.07476
64	0.01183	0.05444	0.11096	0.01355	0.05389	0.04968	0.19635	0.04905	0.01144	0.07711	0.01364	0.03711	0.01238	0.12439	0.07382	0.00267	0.01944	0.07894	0.00322	0.00611
65	0.01091	0.10631	0.37744	0.05437	0.07598	0.01256	0.12697	0.01530	0.03749	0.01504	0.00971	0.02970	0.00777	0.00578	0.00625	0.03823	0.05654	0.00443	0.00240	0.00681
66	0.00896	0.00755	0.01052	0.00940	0.01007	0.00909	0.03877	0.03647	0.00860	0.01222	0.01333	0.02181	0.03798	0.26874	0.24521	0.00469	0.24330	0.00589	0.00282	0.00459
67	0.00990	0.01138	0.14835	0.00956	0.01269	0.00928	0.02572	0.03053	0.30669	0.01896	0.21409	0.04026	0.12497	0.00825	0.00544	0.00167	0.00413	0.00702	0.00459	0.00652
68	0.00724	0.00534	0.00775	0.00775	0.00852	0.00611	0.00585	0.00879	0.00801	0.01146	0.01389	0.02179	0.01348	0.15202	0.68930	0.00766	0.01229	0.00570	0.00276	0.00430
69	0.01471	0.01580	0.03898	0.01338	0.06937	0.26197	0.01012	0.11021	0.17423	0.01698	0.01221	0.02908	0.02537	0.00673	0.00739	0.00165	0.17704	0.00465	0.00341	0.00671
70	0.85801	0.00978	0.00743	0.00665	0.00978	0.01134	0.00548	0.01486	0.00861	0.02269	0.00704	0.00821	0.00548	0.00469	0.00313	0.00156	0.00391	0.00274	0.00313	0.00548
71	0.01293	0.68513	0.16151	0.00966	0.01454	0.01856	0.01041	0.01529	0.01035	0.01262	0.00739	0.00856	0.00647	0.00441	0.00352	0.00117	0.00577	0.00289	0.00216	0.00666
72	0.00973	0.00925	0.01585	0.75713	0.05953	0.01131	0.04028	0.01312	0.01022	0.01315	0.00905	0.01346	0.00681	0.00501	0.00509	0.00168	0.00678	0.00455	0.00227	0.00574
73	0.02642	0.01087	0.04360	0.01044	0.03381	0.01143	0.00823	0.11168	0.47946	0.03816	0.13189	0.03816	0.01899	0.00728	0.00523	0.00166	0.00413	0.00610	0.00498	0.00746
74	0.01102	0.01088	0.03974	0.28247	0.43788	0.01134	0.01428	0.01404	0.01082	0.01498	0.01054	0.05091	0.00924	0.00562	0.00554	0.00164	0.03439	0.02526	0.00256	0.00686
75	0.01185	0.42138	0.40008	0.01170	0.01757	0.01585	0.02865	0.01559	0.01050	0.01398	0.00809	0.00947	0.00647	0.00456	0.00406	0.00135	0.00647	0.00327	0.00216	0.00697
76	0.01193	0.31344	0.48270	0.01209	0.01826	0.01453	0.01455	0.01610	0.01071	0.05021	0.00884	0.01005	0.00672	0.00470	0.00425	0.00141	0.00658	0.00343	0.00233	0.00717
77	0.00654	0.00511	0.00602	0.00659	0.00782	0.00460	0.00507	0.00797	0.01110	0.01382	0.03966	0.24073	0.42215	0.01383	0.00633	0.00194	0.00315	0.18856	0.00469	0.00432
78	0.00701	0.00515	0.00657	0.00631	0.00753	0.00471	0.00474	0.00921	0.01377	0.01915	0.66116	0.06976	0.12833	0.01090	0.00601	0.00164	0.00247	0.02546	0.00542	0.00469
79	0.01549	0.12862	0.01817	0.03257	0.27922	0.28547	0.01164	0.06582	0.01295	0.04197	0.00893	0.01080	0.00737	0.00516	0.00531	0.00142	0.05554	0.00384	0.00276	0.00693
80	0.00730	0.00510	0.00652	0.00652	0.00686	0.00545	0.00431	0.00800	0.00765	0.01055	0.01502	0.02802	0.01618	0.52163	0.32339	0.00614	0.00822	0.00661	0.00293	0.00362
81	0.06038	0.00853	0.01134	0.00879	0.01256	0.00751	0.00724	0.02361	0.01420	0.72862	0.04938	0.01760	0.01357	0.00635	0.00503	0.00157	0.00421	0.00514	0.00609	0.00831
82	0.00766	0.00630	0.00801	0.00931	0.05920	0.03654	0.01803	0.00945	0.03801	0.01369	0.02619	0.51259	0.08073	0.02648	0.03403	0.00223	0.00407	0.09844	0.00436	0.00468
83	0.00955	0.00899	0.01517	0.81013	0.03483	0.01123	0.01404	0.01292	0.01011	0.01292	0.00899	0.01348	0.00674	0.00506	0.00506	0.00169	0.00674	0.00449	0.00225	0.00562
84	0.00754	0.00539	0.00742	0.00840	0.00935	0.00527	0.00689	0.00952	0.01148	0.01521	0.11917	0.24144	0.03242	0.01399	0.00673	0.00217	0.00396	0.48432	0.00478	0.00454
85	0.01993	0.01333	0.01419	0.01104	0.01494	0.06237	0.00905	0.52536	0.03591	0.22064	0.01399	0.01335	0.00958	0.00608	0.00504	0.00152	0.00544	0.00463	0.00521	0.00842
86	0.62187	0.01065	0.01236	0.00985	0.01344	0.01160	0.15840	0.04217	0.01007	0.05709	0.00845	0.00984	0.00635	0.00473	0.00385	0.00159	0.00491	0.00355	0.00323	0.00600
87	0.01049	0.00899	0.01049	0.00749	0.01198	0.00674	0.00599	0.01273	0.01049	0.01648	0.00899	0.01049	0.00749	0.00374	0.00374	0.00075	0.00374	0.00300	0.00300	0.85320
88	0.01319	0.00890	0.01075	0.00785	0.01215	0.00698	0.00633	0.02580	0.01161	0.18560	0.02677	0.01251	0.00939	0.00445	0.00410	0.00095	0.00386	0.00359	0.00378	0.64143
89	0.00706	0.00517	0.00662	0.00626	0.00749	0.00473	0.00469	0.00935	0.01408	0.01973	0.72748	0.03867	0.10865	0.01054	0.00597	0.00160	0.00240	0.00927	0.00549	0.00473
90	0.01213	0.01394	0.02939	0.02108	0.02612	0.03534	0.75059	0.01631	0.01200	0.01609	0.01016	0.01351	0.00764	0.00429	0.00593	0.00169	0.00854	0.00589	0.00256	0.00679
91	0.01014	0.06634	0.38971	0.10075	0.07443	0.01106	0.07742	0.03029	0.01099	0.01546	0.02803	0.12420	0.01173	0.00658	0.00515	0.00166	0.00643	0.02023	0.00274	0.00665
92	0.00661	0.00505	0.00606	0.00601	0.00727	0.00451	0.00443	0.00840	0.01271	0.01696	0.42624	0.14408	0.30947	0.01194	0.00603	0.00169	0.00252	0.01037	0.00514	0.00451
93	0.01361	0.01147	0.01305	0.04831	0.04740	0.01305	0.02519	0.15876	0.56245	0.02239	0.01786	0.01704	0.01334	0.00648	0.00514	0.00167	0.00459	0.00541	0.00483	0.00798
94	0.01097	0.01081	0.01890	0.36888	0.26558	0.01217	0.11921	0.01409	0.01053	0.01441	0.00906	0.01293	0.00725	0.00521	0.00648	0.00169	0.09826	0.00469	0.00237	0.00652
95	0.05393	0.01046	0.02667	0.02544	0.01347	0.01061	0.00799	0.14296	0.27773	0.19619	0.05218	0.01796	0.01399	0.00650	0.00497	0.00155	0.00436	0.03100	0.00495	0.09709
96	0.01165	0.24544	0.36915	0.01374	0.01941	0.03273	0.15427	0.01608	0.03775	0.01490	0.00975	0.01139	0.01994	0.00485	0.00479	0.00148	0.01928	0.00404	0.00238	0.00698
97	0.01892	0.01464	0.01535	0.01253	0.04810	0.06067	0.00987	0.69890	0.02272	0.03011	0.01178	0.01198	0.00846	0.00596	0.00503	0.00150	0.00579	0.00448	0.00481	0.00842
98	0.00684	0.00488	0.00585	0.00617	0.00672	0.00462	0.00410	0.00771	0.00978	0.01295	0.13569	0.25216	0.13741	0.33205	0.01393	0.00307	0.00366	0.04438	0.00418	0.00384
99	0.14537	0.38017	0.09998	0.01001	0.01418	0.07644	0.04111	0.01718	0.05419	0.09251	0.00948	0.01026	0.00748	0.00490	0.00410	0.00135	0.01824	0.00343	0.00294	0.00668
100	0.01206	0.01016	0.01065	0.01036	0.03908	0.10364	0.00792	0.06301	0.22413	0.06637	0.02005	0.02597	0.07247	0.01435	0.16414	0.00302	0.00670	0.13543	0.00421	0.00627
101	0.00612	0.00464	0.00565	0.00643	0.00718	0.00417	0.00443	0.00715	0.01033	0.01325	0.04647	0.56575	0.27058	0.01481	0.00630	0.00194	0.00281	0.01314	0.00471	0.00417
102	0.01224	0.01173	0.01988	0.02995	0.75796	0.01169	0.01503	0.01517	0.01151	0.01640	0.01126	0.01403	0.04066	0.00485	0.00505	0.00151	0.00586	0.00476	0.00259	0.00785
103	0.18758	0.03133	0.15396	0.08842	0.18405	0.09519	0.02587	0.03100	0.05240	0.05514	0.01053	0.01338	0.00840	0.00535	0.00462	0.00157	0.00601	0.03541	0.00301	0.00679
104	0.01531	0.11082	0.11340	0.01183	0.01592	0.04376	0.08705	0.24088	0.08526	0.11837	0.01369	0.01662	0.01078	0.03473	0.00575	0.00169	0.00583	0.05686	0.00406	0.00740
105	0.01279	0.01413	0.01532	0.18357	0.01885	0.23364	0.04095	0.01455	0.01032	0.01257	0.00835	0.03945	0.00761	0.00709	0.01000	0.00182	0.35641	0.00452	0.00243	0.00564
106	0.03923	0.25188	0.07891	0.03493	0.01691	0.06484	0.14377	0.08631	0.11873	0.01685	0.01035	0.01161	0.00819	0.00499	0.00471	0.00140	0.02202	0.00409	0.00304	0.07725
107	0.00644	0.00486	0.00610	0.00661	0.00740	0.00453	0.00466	0.00773	0.01102	0.01462	0.19384	0.46844	0.20013	0.01386	0.00646	0.00188	0.02002	0.01225	0.00483	0.00431
108	0.00731	0.00507	0.00634	0.00634	0.00663	0.00535	0.00409	0.00788	0.00760	0.01042	0.01518	0.02891	0.01657	0.57429	0.27125	0.00592	0.00763	0.00674	0.00295	0.00352
109	0.00735	0.00490	0.00552	0.00552	0.00552	0.00490	0.00306	0.00735	0.00735	0.00980	0.01593	0.03309	0.01838	0.82229	0.02574	0.00490	0.00490	0.00735	0.00306	0.00306
110	0.17707	0.00653	0.00738	0.00778	0.00921	0.00680	0.00609	0.03696	0.04098	0.01686	0.06140	0.31578	0.05413	0.01202	0.00580	0.00197	0.00371	0.22022	0.00445	0.00488
111	0.00725	0.00532	0.00763	0.00763	0.00836	0.00605	0.00570	0.00871	0.00798	0.01137	0.01400	0.02239	0.01374	0.18740	0.65427	0.00751	0.01190	0.00579	0.00278	0.00424
112	0.00691	0.00516	0.00641	0.00610	0.00740	0.00467	0.00458	0.00906	0.01373	0.01888	0.63285	0.04007	0.20381	0.01086	0.00597	0.00162	0.00242	0.00947	0.00538	0.00467
113	0.85801	0.00978	0.00743	0.00665	0.00978	0.01134	0.00548	0.01486	0.00861	0.02269	0.00704	0.00821	0.00548	0.00469	0.00313	0.00156	0.00391	0.00274	0.00313	0.00548
114	0.02219	0.10845	0.29675	0.01702	0.20212	0.02417	0.06790	0.05473	0.02687	0.01656	0.02643	0.02479	0.00874	0.00608	0.03112	0.00170	0.00661	0.00432	0.00266	0.05078
115	0.01139	0.01197	0.02336	0.23105	0.14520	0.01233	0.40243	0.01554	0.04251	0.01547	0.01011	0.01356	0.00776	0.00475	0.00585	0.00168	0.03047	0.00530	0.00256	0.00670
116	0.01350	0.04988	0.32584	0.01357	0.01877	0.04010	0.11494	0.20708	0.04458	0.04651	0.03493	0.01312	0.00922	0.02161	0.00568	0.00164	0.02371	0.00456	0.00333	0.00742
117	0.85801	0.00978	0.00743	0.00665	0.00978	0.01134	0.00548	0.01486	0.00861	0.02269	0.00704	0.00821	0.00548	0.00469	0.00313	0.00156	0.00391	0.00274	0.00313	0.00548
118	0.01090	0.03725	0.01030	0.00808	0.01098	0.02943	0.00639	0.11690	0.03757	0.03575	0.14629	0.11614	0.07950	0.00783	0.00517	0.00136	0.01827	0.02122	0.00417	0.29650
119	0.00634	0.00455	0.00603	0.00703	0.00747	0.00424	0.00482	0.00743	0.01025	0.01373	0.10266	0.69648	0.04956	0.01517	0.00642	0.00201	0.00294	0.04388	0.00478	0.00420
120	0.00878	0.00439	0.00659	0.00659	0.00659	0.00439	0.00439	0.00659	0.00659	0.00878	0.00878	0.01537	0.00878	0.01757	0.01976	0.85288	0.00439	0.00439	0.00220	0.00220
121	0.01246	0.36712	0.38922	0.01181	0.01746	0.09445	0.01351	0.01606	0.01087	0.01389	0.00808	0.00943	0.00645	0.00464	0.00411	0.00135	0.00676	0.00325	0.00219	0.00689
122	0.01168	0.00828	0.00935	0.00869	0.01071	0.03540	0.00677	0.08944	0.17668	0.11098	0.10596	0.15076	0.06751	0.05571	0.01911	0.00207	0.00423	0.11567	0.00491	0.00608
123	0.00727	0.00524	0.00722	0.00722	0.00781	0.00583	0.00519	0.00845	0.00786	0.01107	0.01438	0.02447	0.01464	0.31075	0.53215	0.00701	0.01054	0.00609	0.00283	0.00401
124	0.01132	0.00893	0.01181	0.02275	0.01215	0.03613	0.03476	0.06909	0.05996	0.08422	0.01263	0.01701	0.01097	0.06393	0.33066	0.00455	0.19501	0.00515	0.00325	0.00570
125	0.02999	0.05835	0.05274	0.05443	0.18023	0.07080	0.00987	0.08128	0.02869	0.17355	0.03039	0.03479	0.10088	0.00878	0.06113	0.00200	0.00586	0.00544	0.00387	0.00692
126	0.04800	0.00875	0.01038	0.00901	0.01109	0.02549	0.00718	0.01713	0.17861	0.18152	0.19030	0.02395	0.10527	0.00839	0.00735	0.00173	0.14815	0.00648	0.00476	0.00641
127	0.02269	0.00861	0.01174	0.00900	0.01291	0.00743	0.00743	0.02464	0.01447	0.79425	0.01995	0.01721	0.01252	0.00626	0.00509	0.00156	0.00430	0.00509	0.00626	0.00861
128	0.01260	0.14753	0.39137	0.01209	0.01739	0.08300	0.01331	0.10262	0.08677	0.01741	0.01078	0.02600	0.00833	0.00535	0.00457	0.00148	0.00643	0.00405	0.04174	0.00717
129	0.05413	0.01098	0.01467	0.05485	0.26937	0.08022	0.04008	0.04376	0.02592	0.03234	0.15253	0.03505	0.05168	0.00701	0.00644	0.00164	0.09202	0.01746	0.00345	0.00642
130	0.00716	0.00506	0.00664	0.00684	0.00726	0.00535	0.00469	0.00804	0.00812	0.01115	0.01710	0.14123	0.01873	0.38495	0.31476	0.00562	0.00787	0.03241	0.00322	0.00381
131	0.01194	0.01364	0.02984	0.02131	0.02643	0.01279	0.77238	0.01620	0.01194	0.01620	0.01023	0.01364	0.00767	0.00426	0.00597	0.00171	0.00853	0.00597	0.00256	0.00682
132	0.01260	0.01121	0.10514	0.00930	0.01408	0.00777	0.04799	0.01534	0.01126	0.14915	0.01093	0.01182	0.00823	0.00433	0.00422	0.00104	0.00453	0.00360	0.00343	0.56404
133	0.01048	0.01018	0.01427	0.01239	0.01250	0.01403	0.01022	0.01163	0.00778	0.01204	0.00778	0.01288	0.00776	0.04080	0.10995	0.00301	0.69004	0.00465	0.00230	0.00532
134	0.27869	0.01004	0.01093	0.00880	0.01241	0.01037	0.00722	0.14110	0.07683	0.37196	0.01478	0.01377	0.00996	0.00580	0.00448	0.00157	0.00436	0.00433	0.00501	0.00759
135	0.00763	0.00484	0.00592	0.00592	0.00599	0.00491	0.00357	0.00732	0.00726	0.00974	0.01433	0.02859	0.01605	0.60432	0.08172	0.17397	0.00544	0.00662	0.00287	0.00300
136	0.00735	0.00490	0.00552	0.00552	0.00552	0.00490	0.00306	0.00735	0.00735	0.00980	0.01593	0.03309	0.01838	0.82229	0.02574	0.00490	0.00490	0.00735	0.00306	0.00306
137	0.00723	0.00541	0.00808	0.00808	0.00897	0.00630	0.00627	0.00900	0.00811	0.01171	0.01358	0.02009	0.01274	0.05108	0.78923	0.00807	0.01340	0.00545	0.00271	0.00449
138	0.01695	0.01123	0.03239	0.02868	0.01724	0.01075	0.20803	0.15289	0.06703	0.31438	0.06242	0.01646	0.01259	0.00598	0.00554	0.00162	0.01787	0.00546	0.00474	0.00773
139	0.01547	0.01009	0.01167	0.00996	0.01296	0.01072	0.00810	0.23253	0.23068	0.18691	0.05842	0.04609	0.01708	0.00800	0.00546	0.00172	0.00449	0.11683	0.00529	0.00753
140	0.01531	0.01339	0.01438	0.01183	0.01435	0.09026	0.00963	0.33312	0.10811	0.02171	0.01097	0.01239	0.00865	0.00737	0.02263	0.00181	0.24665	0.00447	0.00384	0.04914
141	0.01077	0.01131	0.08961	0.03877	0.06517	0.03572	0.00922	0.01390	0.05411	0.02900	0.08812	0.01457	0.01203	0.00735	0.04323	0.00169	0.14922	0.00440	0.00312	0.31868
142	0.08572	0.25098	0.25486	0.01131	0.03095	0.10908	0.01148	0.06126	0.01197	0.04344	0.06419	0.01183	0.00969	0.00528	0.00448	0.00141	0.01869	0.00380	0.00286	0.00672
143	0.00655	0.00507	0.00597	0.00591	0.00723	0.00449	0.00437	0.00831	0.01263	0.01668	0.39433	0.12818	0.35812	0.01198	0.00602	0.00169	0.00252	0.01036	0.00510	0.00449
144	0.05404	0.00722	0.00925	0.00770	0.01042	0.00652	0.00614	0.01755	0.02903	0.41274	0.26899	0.04258	0.08966	0.00826	0.00538	0.00160	0.00349	0.00696	0.00571	0.00676
145	0.05965	0.05907	0.05609	0.07850	0.33727	0.10380	0.01220	0.08831	0.01298	0.10969	0.01141	0.01296	0.02562	0.00519	0.00479	0.00149	0.00603	0.00434	0.00323	0.00738
146	0.03149	0.01381	0.06834	0.06091	0.24508	0.07762	0.24540	0.06385	0.02707	0.01672	0.01089	0.04714	0.00920	0.00553	0.00577	0.00164	0.03850	0.02124	0.00285	0.00696
147	0.01173	0.06303	0.08264	0.01267	0.01387	0.03716	0.01117	0.01335	0.00867	0.04833	0.00780	0.01144	0.00713	0.00922	0.04674	0.00228	0.60020	0.00430	0.00242	0.00587
148	0.01209	0.00639	0.00807	0.00718	0.00893	0.00592	0.00529	0.04498	0.01232	0.24623	0.19506	0.13852	0.07621	0.19763	0.01031	0.00242	0.00376	0.00816	0.00499	0.00555
149	0.02958	0.20811	0.07349	0.01307	0.15129	0.04522	0.00973	0.01565	0.05012	0.05105	0.00954	0.01094	0.00779	0.00463	0.00452	0.00120	0.03304	0.00354	0.00286	0.27463

[dist]
# distance from previous block
# <min> <max>
0	1

[block]
# block no. 2 follows, 49 sequences, length 21
# corresponding to MSA columns:
# 254-274
name=unknown_C
#
# <colnr> <probs for GDERKNQSTAVLIFYWHMCP>
#	G	D	E	R	K	N	Q	S	T	A	V	L	I	F	Y	W	H	M	C	P
0	0.00941	0.00733	0.00784	0.00703	0.00894	0.05787	0.00524	0.02395	0.01205	0.06282	0.24411	0.07865	0.16137	0.12104	0.00822	0.00196	0.00370	0.03039	0.00441	0.14367
1	0.07650	0.10874	0.30082	0.01165	0.03315	0.04763	0.02803	0.06118	0.03956	0.01714	0.02941	0.01129	0.00817	0.00495	0.00472	0.00137	0.03038	0.00372	0.00281	0.17877
2	0.01533	0.01879	0.11952	0.01610	0.12025	0.31478	0.08373	0.11488	0.05122	0.01667	0.00951	0.01122	0.00752	0.00546	0.00586	0.00153	0.07369	0.00412	0.00293	0.00688
3	0.00908	0.08031	0.12518	0.06137	0.01267	0.00842	0.00813	0.01292	0.10733	0.03235	0.16473	0.23958	0.05003	0.03919	0.00618	0.00180	0.00420	0.00825	0.00410	0.02417
4	0.01097	0.00943	0.01071	0.00814	0.01226	0.00810	0.00646	0.01603	0.19046	0.01757	0.01169	0.01244	0.00934	0.00447	0.00407	0.00097	0.00380	0.00363	0.00350	0.65594
5	0.02005	0.00930	0.01172	0.00921	0.01275	0.00885	0.00746	0.13528	0.07595	0.55225	0.03389	0.01804	0.01325	0.06011	0.00646	0.00179	0.00447	0.00529	0.00577	0.00812
6	0.00751	0.00514	0.00657	0.00649	0.00767	0.00467	0.00476	0.00936	0.01282	0.05523	0.46768	0.22979	0.13965	0.01181	0.00604	0.00172	0.00264	0.01043	0.00527	0.00473
7	0.00769	0.00539	0.00617	0.00619	0.00668	0.00533	0.00392	0.05359	0.00941	0.01243	0.04339	0.19572	0.09225	0.50924	0.01813	0.00372	0.00425	0.00899	0.00374	0.00377
8	0.00716	0.00517	0.00676	0.00636	0.00755	0.00477	0.00477	0.00954	0.01431	0.02028	0.78808	0.03777	0.04771	0.01034	0.00596	0.00159	0.00239	0.00914	0.00557	0.00477
9	0.00784	0.00631	0.00922	0.00886	0.00959	0.00774	0.00697	0.00948	0.00804	0.01174	0.01252	0.01891	0.01188	0.06036	0.64937	0.00707	0.14151	0.00533	0.00264	0.00463
10	0.01252	0.01201	0.02053	0.03104	0.79074	0.01201	0.01552	0.01552	0.01151	0.01652	0.00951	0.01252	0.00801	0.00451	0.00501	0.00150	0.00601	0.00451	0.00250	0.00801
11	0.01083	0.18951	0.63878	0.01324	0.02007	0.01343	0.01663	0.01584	0.01059	0.01517	0.00866	0.01015	0.00642	0.00471	0.00449	0.00150	0.00705	0.00353	0.00214	0.00727
12	0.08924	0.08054	0.17926	0.05222	0.04615	0.29915	0.06180	0.10426	0.01338	0.01667	0.00873	0.01027	0.00678	0.00502	0.00458	0.00145	0.00736	0.00370	0.00278	0.00666
13	0.03733	0.05439	0.18610	0.01287	0.06226	0.06491	0.10183	0.12795	0.01298	0.01773	0.04939	0.16813	0.03788	0.00799	0.01616	0.00172	0.00586	0.00659	0.02153	0.00642
14	0.01124	0.00972	0.01404	0.01190	0.01279	0.01229	0.05530	0.01271	0.00950	0.08513	0.07558	0.06943	0.05948	0.00916	0.01272	0.00203	0.52212	0.00599	0.00319	0.00566
15	0.00880	0.00637	0.00887	0.00836	0.00918	0.00743	0.00640	0.01015	0.00846	0.06304	0.01468	0.02188	0.03954	0.18002	0.45611	0.00597	0.13128	0.00580	0.00300	0.00465
16	0.03589	0.00971	0.00861	0.00819	0.00913	0.16955	0.00573	0.01184	0.05577	0.01193	0.01403	0.05973	0.01471	0.39825	0.12075	0.00403	0.04851	0.00619	0.00308	0.00438
17	0.00769	0.00570	0.00665	0.00661	0.00698	0.03140	0.00434	0.00832	0.00783	0.01051	0.01489	0.02803	0.01614	0.54173	0.27637	0.00583	0.00784	0.00659	0.00293	0.00362
18	0.01194	0.05501	0.08879	0.01052	0.03419	0.01035	0.05224	0.05607	0.22380	0.04644	0.01528	0.01555	0.05692	0.00554	0.00462	0.00132	0.00464	0.00463	0.00375	0.29841
19	0.19087	0.06882	0.06619	0.00867	0.01161	0.06165	0.00755	0.01551	0.01122	0.18480	0.07506	0.04022	0.07406	0.00893	0.05802	0.00199	0.06139	0.00515	0.02244	0.02586
20	0.04942	0.05867	0.08247	0.01133	0.03312	0.04810	0.00963	0.13071	0.16187	0.09304	0.03885	0.01408	0.01077	0.00652	0.00715	0.00164	0.17054	0.00460	0.02956	0.03793

[dist]
# distance from previous block
# <min> <max>
1	10

[block]
# block no. 3 follows, 49 sequences, length 50
# corresponding to MSA columns:
# 300-349
name=unknown_D
#
# <colnr> <probs for GDERKNQSTAVLIFYWHMCP>
#	G	D	E	R	K	N	Q	S	T	A	V	L	I	F	Y	W	H	M	C	P
0	0.03056	0.55264	0.13473	0.01026	0.02831	0.05878	0.01018	0.07374	0.01156	0.01438	0.00837	0.03079	0.00737	0.00490	0.00379	0.00125	0.00583	0.00337	0.00250	0.00670
1	0.01135	0.00841	0.01192	0.08476	0.14138	0.00792	0.03329	0.03409	0.03154	0.11933	0.06191	0.09849	0.11436	0.04866	0.00618	0.00165	0.00443	0.00653	0.00391	0.16989
2	0.02402	0.10332	0.43050	0.01335	0.05175	0.08902	0.02776	0.04973	0.01181	0.07043	0.01069	0.05564	0.00855	0.00551	0.00472	0.00151	0.00668	0.00435	0.00280	0.02785
3	0.03550	0.02727	0.08654	0.08567	0.16224	0.02505	0.03941	0.03066	0.09652	0.11610	0.01338	0.03846	0.01123	0.02730	0.02329	0.00194	0.11590	0.05328	0.00346	0.00681
4	0.00633	0.00461	0.00597	0.00679	0.00737	0.00425	0.00468	0.00750	0.01060	0.01415	0.14689	0.61456	0.10709	0.01468	0.00634	0.00195	0.00284	0.02435	0.00483	0.00423
5	0.01889	0.02410	0.01433	0.01303	0.01563	0.80199	0.00977	0.02019	0.01433	0.01238	0.00782	0.00912	0.00651	0.00521	0.00456	0.00130	0.00912	0.00326	0.00261	0.00586
6	0.01278	0.09245	0.31438	0.01182	0.03679	0.07410	0.01204	0.05537	0.08936	0.10109	0.11122	0.01605	0.02307	0.00663	0.01976	0.00165	0.00599	0.00481	0.00356	0.00706
7	0.01429	0.01171	0.01240	0.01064	0.01380	0.01338	0.00842	0.21915	0.58654	0.02391	0.01841	0.01714	0.01368	0.00666	0.00512	0.00166	0.00440	0.00542	0.00512	0.00816
8	0.00647	0.00479	0.00610	0.00692	0.00768	0.00442	0.00500	0.00774	0.01066	0.01392	0.09018	0.50565	0.18114	0.01458	0.00640	0.00199	0.00305	0.11428	0.00476	0.00426
9	0.04165	0.08976	0.01156	0.00938	0.03121	0.03803	0.00724	0.01227	0.00918	0.09346	0.01236	0.01792	0.01133	0.12760	0.34758	0.00482	0.12133	0.00503	0.00301	0.00527
10	0.01239	0.05107	0.03192	0.08060	0.40956	0.05938	0.14640	0.01585	0.04439	0.01556	0.00976	0.01269	0.00801	0.00565	0.02342	0.00172	0.05720	0.00466	0.00258	0.00719
11	0.00875	0.00441	0.00656	0.00656	0.00656	0.00441	0.00436	0.00661	0.00661	0.00881	0.00898	0.01585	0.00904	0.03915	0.01992	0.83013	0.00441	0.00447	0.00222	0.00222
12	0.00663	0.00512	0.00604	0.00587	0.00724	0.00454	0.00438	0.00849	0.01298	0.01723	0.45124	0.07063	0.35824	0.01157	0.00599	0.00166	0.00248	0.00998	0.00517	0.00454
13	0.01866	0.02362	0.01422	0.01293	0.01554	0.77315	0.00971	0.02044	0.04235	0.01270	0.00828	0.00948	0.00684	0.00527	0.00458	0.00132	0.00893	0.00335	0.00270	0.00594
14	0.01515	0.01296	0.18215	0.07242	0.01670	0.00980	0.04605	0.12342	0.03977	0.27331	0.13875	0.01800	0.01573	0.00641	0.00520	0.00159	0.00523	0.00539	0.00457	0.00741
15	0.01014	0.02616	0.79609	0.01441	0.02189	0.01174	0.01868	0.01601	0.01068	0.01601	0.00907	0.01068	0.00641	0.00480	0.00480	0.00160	0.00747	0.00374	0.00214	0.00747
16	0.00955	0.00899	0.01517	0.81013	0.03483	0.01123	0.01404	0.01292	0.01011	0.01292	0.00899	0.01348	0.00674	0.00506	0.00506	0.00169	0.00674	0.00449	0.00225	0.00562
17	0.00735	0.00490	0.00552	0.00552	0.00552	0.00490	0.00306	0.00735	0.00735	0.00980	0.01593	0.03309	0.01838	0.82229	0.02574	0.00490	0.00490	0.00735	0.00306	0.00306
18	0.25841	0.01131	0.13302	0.00838	0.01221	0.00884	0.00778	0.01435	0.05371	0.04778	0.07742	0.06820	0.02799	0.00601	0.00428	0.00139	0.00422	0.00471	0.00351	0.24648
19	0.01151	0.00912	0.01033	0.00931	0.01155	0.01008	0.02739	0.03453	0.48396	0.05435	0.02075	0.08158	0.03779	0.15229	0.00896	0.00230	0.00422	0.01858	0.00470	0.00669
20	0.00735	0.00490	0.00552	0.00552	0.00552	0.00490	0.00306	0.00735	0.00735	0.00980	0.01593	0.03309	0.01838	0.82229	0.02574	0.00490	0.00490	0.00735	0.00306	0.00306
21	0.01054	0.00916	0.01119	0.00799	0.01251	0.00696	0.03374	0.01286	0.01054	0.01647	0.00903	0.01060	0.00750	0.00376	0.00383	0.00078	0.00392	0.00310	0.00298	0.82256
22	0.01249	0.01208	0.02093	0.03062	0.75788	0.01205	0.04807	0.01555	0.01153	0.01651	0.00954	0.01256	0.00800	0.00450	0.00505	0.00151	0.00612	0.00457	0.00251	0.00796
23	0.00659	0.00509	0.00601	0.00590	0.00724	0.00451	0.00438	0.00841	0.01281	0.01698	0.42513	0.10242	0.35273	0.01178	0.00601	0.00167	0.00250	0.01018	0.00514	0.00451
24	0.01276	0.01095	0.01153	0.01033	0.01322	0.01266	0.00805	0.04693	0.76126	0.02144	0.02035	0.01869	0.01525	0.00684	0.00514	0.00171	0.00404	0.00569	0.00514	0.00802
25	0.01042	0.00957	0.01565	0.71061	0.05146	0.01163	0.03217	0.07165	0.01124	0.01455	0.00927	0.01336	0.00694	0.00510	0.00508	0.00167	0.00668	0.00453	0.00248	0.00593
26	0.42696	0.07245	0.01038	0.00773	0.01069	0.01136	0.00626	0.14883	0.01179	0.09645	0.01062	0.01377	0.00886	0.13624	0.00730	0.00205	0.00452	0.00403	0.00369	0.00602
27	0.01918	0.02291	0.01413	0.01272	0.01542	0.74081	0.00959	0.02053	0.01434	0.07258	0.00875	0.00974	0.00698	0.00529	0.00460	0.00132	0.00875	0.00340	0.00289	0.00607
28	0.00612	0.00511	0.00535	0.00540	0.00699	0.00433	0.00405	0.00749	0.01165	0.01417	0.10628	0.08581	0.67780	0.01279	0.00602	0.00173	0.00261	0.02722	0.00476	0.00431
29	0.01640	0.01985	0.01483	0.01461	0.09165	0.55545	0.01038	0.01786	0.01266	0.01272	0.00807	0.01030	0.00698	0.00734	0.04550	0.00181	0.14141	0.00368	0.00254	0.00595
30	0.01223	0.09631	0.17706	0.01735	0.02235	0.01348	0.43727	0.04363	0.01168	0.03756	0.00973	0.01234	0.00739	0.00488	0.00629	0.00165	0.07426	0.00500	0.00260	0.00692
31	0.00625	0.00460	0.00580	0.00661	0.00721	0.00421	0.00450	0.00728	0.01027	0.01350	0.08995	0.60305	0.16137	0.04150	0.00697	0.00205	0.00289	0.01312	0.00471	0.00415
32	0.00747	0.00536	0.00678	0.00733	0.00812	0.00526	0.00550	0.02718	0.01038	0.01361	0.05186	0.22286	0.10647	0.21452	0.04027	0.00300	0.00437	0.25123	0.00425	0.00419
33	0.01070	0.18613	0.04114	0.01618	0.16133	0.01171	0.22797	0.01324	0.01083	0.01439	0.01437	0.24034	0.01475	0.00762	0.00531	0.00163	0.00577	0.00731	0.00306	0.00622
34	0.01221	0.01054	0.01108	0.01000	0.01280	0.01212	0.00777	0.02578	0.73882	0.02074	0.02228	0.02052	0.05840	0.00719	0.00519	0.00171	0.00392	0.00599	0.00512	0.00780
35	0.12277	0.01807	0.13815	0.01848	0.25671	0.27444	0.05762	0.02804	0.01215	0.01606	0.00864	0.01061	0.00693	0.00482	0.00464	0.00147	0.00714	0.00383	0.00260	0.00683
36	0.01252	0.01201	0.02053	0.03104	0.79074	0.01201	0.01552	0.01552	0.01151	0.01652	0.00951	0.01252	0.00801	0.00451	0.00501	0.00150	0.00601	0.00451	0.00250	0.00801
37	0.01026	0.01019	0.00941	0.00907	0.01031	0.21212	0.00681	0.01171	0.00964	0.01166	0.01236	0.01872	0.01176	0.12630	0.49987	0.00596	0.01133	0.00510	0.00273	0.00468
38	0.00611	0.00461	0.00566	0.00650	0.00719	0.00415	0.00445	0.00710	0.01021	0.01312	0.03451	0.60014	0.24801	0.01498	0.00632	0.00196	0.00283	0.01332	0.00469	0.00415
39	0.00716	0.00517	0.00676	0.00636	0.00755	0.00477	0.00477	0.00954	0.01431	0.02028	0.78808	0.03777	0.04771	0.01034	0.00596	0.00159	0.00239	0.00914	0.00557	0.00477
40	0.00644	0.00480	0.00603	0.00675	0.00755	0.00439	0.00485	0.00774	0.01087	0.01422	0.12897	0.47532	0.20315	0.01429	0.00634	0.00194	0.00295	0.08434	0.00480	0.00428
