[name]
unknown

[dist]
# distance from previous block
# <min> <max>
0	2132

[block]
# block no. 0 follows, 54 sequences, length 6
# corresponding to MSA columns:
# 2193-2198
name=unknown_A
#
# <colnr> <probs for GDERKNQSTAVLIFYWHMCP>
#	G	D	E	R	K	N	Q	S	T	A	V	L	I	F	Y	W	H	M	C	P
0	0.00892	0.00738	0.01162	0.43742	0.10265	0.00848	0.01039	0.01167	0.00991	0.01381	0.01282	0.02097	0.01137	0.00635	0.00478	0.00158	0.00509	0.14734	0.16229	0.00514
1	0.01106	0.00661	0.00805	0.00747	0.00897	0.00654	0.00545	0.15532	0.01194	0.16301	0.02003	0.39396	0.02091	0.14754	0.00853	0.00218	0.00373	0.00900	0.00446	0.00523
2	0.01186	0.00959	0.01293	0.34930	0.05636	0.01095	0.01017	0.30050	0.01416	0.01877	0.01242	0.14805	0.01112	0.00671	0.00493	0.00156	0.00526	0.00574	0.00346	0.00614
3	0.01229	0.01179	0.01297	0.03293	0.16062	0.14307	0.02771	0.03544	0.15736	0.03531	0.01065	0.01171	0.00843	0.00454	0.00422	0.00116	0.00499	0.00375	0.00312	0.31793
4	0.00962	0.00638	0.00786	0.00698	0.00837	0.00660	0.00538	0.01075	0.01008	0.16021	0.06483	0.03050	0.34099	0.14661	0.01032	0.00214	0.15627	0.00732	0.00400	0.00479
5	0.00881	0.00794	0.01279	0.01046	0.01235	0.00851	0.15193	0.01058	0.00843	0.01229	0.01004	0.01488	0.00918	0.05928	0.29935	0.04811	0.16070	0.00464	0.00245	0.14728

[dist]
# distance from previous block
# <min> <max>
0	2

[block]
# block no. 1 follows, 54 sequences, length 55
# corresponding to MSA columns:
# 2207-2261
name=unknown_B
#
# <colnr> <probs for GDERKNQSTAVLIFYWHMCP>
#	G	D	E	R	K	N	Q	S	T	A	V	L	I	F	Y	W	H	M	C	P
0	0.01205	0.62904	0.18038	0.00928	0.01377	0.04600	0.00993	0.01434	0.00975	0.01187	0.00708	0.00829	0.00615	0.00477	0.01936	0.00124	0.00570	0.00278	0.00204	0.00618
1	0.01158	0.00788	0.00888	0.04817	0.01009	0.08614	0.00603	0.13803	0.01021	0.06608	0.00969	0.02978	0.00856	0.01216	0.01292	0.51797	0.00478	0.00425	0.00283	0.00396
2	0.00572	0.00421	0.00536	0.00627	0.00676	0.00385	0.00425	0.00660	0.00931	0.01215	0.02953	0.70323	0.15688	0.01431	0.00595	0.00186	0.00268	0.01284	0.00438	0.00385
3	0.01160	0.57676	0.27624	0.00979	0.01476	0.01619	0.01106	0.01438	0.00970	0.01232	0.00717	0.00833	0.00603	0.00418	0.00349	0.00116	0.00566	0.00283	0.00201	0.00634
4	0.03493	0.02829	0.01091	0.00957	0.01180	0.41638	0.00732	0.07604	0.02996	0.04334	0.12050	0.02970	0.10010	0.00661	0.00472	0.00134	0.01705	0.00495	0.04103	0.00542
5	0.75573	0.00963	0.00813	0.00801	0.06288	0.02932	0.00594	0.03020	0.00873	0.03661	0.00708	0.00819	0.00548	0.00443	0.00314	0.00145	0.00393	0.00275	0.00296	0.00539
6	0.01687	0.02108	0.01316	0.01196	0.01425	0.73526	0.00906	0.03003	0.01308	0.01187	0.00785	0.00993	0.00674	0.00580	0.02042	0.00140	0.04096	0.02235	0.00250	0.00544
7	0.01485	0.01799	0.01185	0.01090	0.01283	0.60245	0.00817	0.01606	0.01178	0.01127	0.00868	0.01176	0.00780	0.06589	0.14464	0.00255	0.02933	0.00367	0.00247	0.00507
8	0.01131	0.01084	0.01849	0.13148	0.70513	0.01111	0.01429	0.01416	0.01057	0.01497	0.00881	0.01179	0.00732	0.00427	0.00467	0.00142	0.00569	0.00420	0.00230	0.00718
9	0.01198	0.01152	0.01899	0.02791	0.75324	0.02787	0.02527	0.03829	0.01115	0.01576	0.00892	0.01161	0.00745	0.00426	0.00467	0.00140	0.00568	0.00420	0.00241	0.00743
10	0.02115	0.00802	0.01094	0.00839	0.01204	0.00693	0.00693	0.02298	0.01350	0.80815	0.01860	0.01605	0.01167	0.00584	0.00474	0.00146	0.00401	0.00474	0.00584	0.00802
11	0.00578	0.00418	0.00549	0.00647	0.00683	0.00391	0.00435	0.00664	0.00904	0.01199	0.02661	0.74874	0.07363	0.02911	0.03108	0.00212	0.00305	0.01284	0.00429	0.00383
12	0.01101	0.01236	0.02582	0.01875	0.02280	0.01230	0.67119	0.01454	0.01054	0.01454	0.00904	0.01236	0.00701	0.00462	0.00705	0.00166	0.13056	0.00535	0.00234	0.00618
13	0.00972	0.09188	0.74467	0.01299	0.01972	0.01159	0.01664	0.01486	0.00992	0.01461	0.00830	0.00976	0.00598	0.00444	0.00436	0.00145	0.00681	0.00340	0.00199	0.00689
14	0.01541	0.00749	0.00923	0.00767	0.01034	0.00722	0.00612	0.06815	0.11662	0.40081	0.08309	0.06033	0.01562	0.00662	0.00461	0.00143	0.00350	0.00549	0.16349	0.00676
15	0.02845	0.39524	0.41196	0.01059	0.01599	0.01427	0.01251	0.01431	0.00977	0.01324	0.00864	0.00979	0.02806	0.00448	0.00381	0.00127	0.00589	0.00320	0.00209	0.00643
16	0.01160	0.01113	0.01902	0.04841	0.78594	0.01119	0.01444	0.01441	0.01070	0.01532	0.00886	0.01169	0.00744	0.00421	0.00467	0.00140	0.00562	0.00420	0.00233	0.00741
17	0.00652	0.00468	0.00614	0.00616	0.00706	0.00436	0.00452	0.00836	0.01210	0.01690	0.57529	0.20953	0.04000	0.03615	0.00627	0.00170	0.00250	0.04259	0.00490	0.00426
18	0.00574	0.00414	0.00543	0.00647	0.00681	0.00384	0.00434	0.00658	0.00912	0.01207	0.02712	0.79024	0.07143	0.01462	0.00599	0.00190	0.00272	0.01322	0.00438	0.00384
19	0.01143	0.01096	0.01871	0.09695	0.73873	0.01114	0.01435	0.01426	0.01062	0.01512	0.00883	0.01175	0.00737	0.00425	0.00467	0.00142	0.00566	0.00420	0.00231	0.00728
20	0.01167	0.01120	0.01914	0.02894	0.80488	0.01120	0.01447	0.01447	0.01074	0.01540	0.00887	0.01167	0.00747	0.00420	0.00467	0.00140	0.00560	0.00420	0.00233	0.00747
21	0.01197	0.01175	0.01720	0.01421	0.05031	0.06100	0.23805	0.10221	0.18124	0.01653	0.01177	0.05546	0.00980	0.00626	0.00741	0.00166	0.18834	0.00524	0.00320	0.00638
22	0.01018	0.00847	0.00989	0.00709	0.01126	0.00647	0.00568	0.02786	0.01011	0.03216	0.00865	0.00994	0.00710	0.00358	0.00354	0.00073	0.00354	0.00286	0.00290	0.82799
23	0.05659	0.03269	0.02290	0.01128	0.03789	0.31956	0.00868	0.22448	0.17291	0.02932	0.01106	0.01149	0.00848	0.00609	0.02465	0.00152	0.00629	0.00390	0.00357	0.00663
24	0.00918	0.00923	0.00865	0.00855	0.00966	0.20380	0.04641	0.01028	0.01016	0.01193	0.02013	0.41636	0.05270	0.10017	0.00752	0.00202	0.00472	0.06062	0.00363	0.00430
25	0.01003	0.04020	0.01972	0.01472	0.01773	0.05194	0.44460	0.01257	0.01021	0.01348	0.01304	0.20648	0.01289	0.02150	0.00688	0.02821	0.06048	0.00706	0.00282	0.00543
26	0.00972	0.00481	0.00524	0.03406	0.00695	0.00480	0.00392	0.01193	0.01014	0.07689	0.01537	0.01728	0.01185	0.00549	0.00346	0.00114	0.00248	0.00441	0.76534	0.00470
27	0.05331	0.00804	0.01049	0.00818	0.01158	0.00724	0.00671	0.06121	0.01367	0.66232	0.07663	0.01745	0.02876	0.00617	0.00474	0.00146	0.00389	0.00501	0.00559	0.00756
28	0.00955	0.00924	0.03066	0.44615	0.29880	0.01005	0.01276	0.01238	0.00985	0.01327	0.01037	0.09657	0.00926	0.00557	0.00483	0.00155	0.00569	0.00513	0.00241	0.00590
29	0.01523	0.00701	0.00926	0.00765	0.01030	0.00637	0.00615	0.01797	0.06596	0.46510	0.28259	0.02375	0.02337	0.00738	0.00508	0.00150	0.00340	0.02976	0.00550	0.00667
30	0.00574	0.00410	0.00547	0.00657	0.00684	0.00383	0.00438	0.00657	0.00903	0.01204	0.02599	0.83122	0.03119	0.01477	0.00602	0.00191	0.00274	0.01340	0.00438	0.00383
31	0.01165	0.01124	0.01938	0.02869	0.78328	0.01122	0.03588	0.01449	0.01075	0.01540	0.00889	0.01170	0.00746	0.00419	0.00469	0.00141	0.00567	0.00424	0.00234	0.00744
32	0.16041	0.00827	0.01007	0.00793	0.01131	0.00779	0.00653	0.06073	0.01283	0.59188	0.01604	0.01450	0.01042	0.00557	0.00436	0.00144	0.00391	0.00433	0.05437	0.00733
33	0.00606	0.00419	0.00568	0.00656	0.00686	0.00402	0.00443	0.00672	0.00876	0.01177	0.04279	0.67528	0.02806	0.03014	0.06173	0.07382	0.00353	0.01184	0.00405	0.00371
34	0.01835	0.00837	0.01067	0.00847	0.01178	0.00786	0.00690	0.07504	0.11709	0.57890	0.07151	0.01789	0.03236	0.00629	0.00482	0.00148	0.00390	0.00516	0.00554	0.00762
35	0.00583	0.00418	0.00565	0.00665	0.00697	0.00400	0.00450	0.00672	0.00891	0.01195	0.02488	0.76373	0.02957	0.01648	0.07324	0.00239	0.00356	0.01271	0.00422	0.00386
36	0.00738	0.00646	0.00810	0.00803	0.00876	0.05982	0.05213	0.00847	0.00937	0.01226	0.06205	0.52166	0.04420	0.07790	0.02364	0.00215	0.06917	0.01048	0.00383	0.00416
37	0.00900	0.00851	0.01416	0.76850	0.03112	0.01074	0.01291	0.01200	0.00928	0.01200	0.00823	0.01242	0.00628	0.00495	0.00544	0.00160	0.06133	0.00419	0.00209	0.00523
38	0.00643	0.00462	0.00606	0.00697	0.00750	0.00444	0.00496	0.03508	0.00978	0.01297	0.02579	0.67980	0.04626	0.01415	0.00603	0.00192	0.00303	0.11578	0.00438	0.00405
39	0.80991	0.00907	0.00741	0.06107	0.01069	0.01057	0.00564	0.01374	0.00812	0.02054	0.00669	0.00799	0.00519	0.00440	0.00304	0.00147	0.00382	0.00266	0.00286	0.00512
40	0.01072	0.01024	0.01743	0.30105	0.54018	0.01095	0.01400	0.01364	0.01029	0.01425	0.00870	0.01198	0.00706	0.00438	0.00468	0.00146	0.00584	0.00420	0.00225	0.00670
41	0.04748	0.12672	0.39429	0.01167	0.04460	0.01138	0.02256	0.06684	0.04458	0.06113	0.00993	0.01152	0.00760	0.00863	0.10903	0.00221	0.00683	0.00378	0.00265	0.00657
42	0.06422	0.17719	0.17172	0.01111	0.01505	0.22688	0.06550	0.07705	0.04381	0.04181	0.02315	0.02137	0.02067	0.00500	0.00420	0.00132	0.00625	0.00376	0.00279	0.01716
43	0.01020	0.11445	0.65634	0.01277	0.02872	0.02278	0.01566	0.04254	0.01048	0.01507	0.02443	0.01025	0.00686	0.00458	0.00435	0.00143	0.00660	0.00351	0.00217	0.00684
44	0.07189	0.00858	0.00926	0.00757	0.01020	0.00903	0.00612	0.30272	0.01492	0.15055	0.01380	0.01433	0.01004	0.00554	0.00403	0.00130	0.00370	0.00427	0.34579	0.00638
45	0.02734	0.02703	0.10012	0.01381	0.05417	0.01037	0.25224	0.01429	0.06142	0.08039	0.03010	0.08691	0.04012	0.00682	0.00680	0.00168	0.13155	0.04566	0.00314	0.00602
46	0.08065	0.01033	0.10191	0.00908	0.01200	0.03479	0.03909	0.06670	0.13444	0.09703	0.17792	0.03101	0.05527	0.00723	0.00512	0.00153	0.02117	0.06757	0.00412	0.04306
47	0.00603	0.00472	0.00552	0.00564	0.00681	0.00419	0.01707	0.00729	0.01033	0.01325	0.10815	0.24431	0.44263	0.04051	0.01847	0.00183	0.00278	0.01018	0.04629	0.00401
48	0.00606	0.00449	0.00572	0.00652	0.00724	0.00415	0.00476	0.00724	0.00987	0.01281	0.06224	0.50466	0.19142	0.01368	0.00599	0.00187	0.00291	0.13999	0.00440	0.00397
49	0.01189	0.31497	0.22997	0.01478	0.15157	0.03090	0.11933	0.01501	0.01034	0.04786	0.00840	0.00999	0.00667	0.00427	0.00414	0.00131	0.00608	0.00359	0.00229	0.00665
50	0.02989	0.02549	0.08383	0.01429	0.16179	0.02726	0.09793	0.09256	0.08482	0.29943	0.02619	0.01388	0.00999	0.00522	0.00474	0.00146	0.00517	0.00458	0.00406	0.00739
51	0.00623	0.00455	0.00586	0.00605	0.00691	0.00418	0.00434	0.00785	0.01153	0.01583	0.44898	0.32591	0.11082	0.01172	0.00573	0.00165	0.00243	0.01044	0.00482	0.00418
52	0.01176	0.00928	0.04662	0.31388	0.06375	0.02787	0.02006	0.03938	0.10208	0.15438	0.11718	0.01666	0.01356	0.00577	0.00478	0.00150	0.00493	0.00496	0.03544	0.00615
53	0.03989	0.12351	0.18614	0.01426	0.13893	0.08554	0.07140	0.17490	0.02143	0.07241	0.00970	0.01103	0.00737	0.01758	0.00471	0.00143	0.00597	0.00388	0.00302	0.00692
54	0.00971	0.04686	0.67361	0.01404	0.07625	0.01088	0.02917	0.01467	0.01002	0.01499	0.00881	0.01045	0.00642	0.00449	0.00441	0.00145	0.00658	0.00359	0.04679	0.00683

[dist]
# distance from previous block
# <min> <max>
0	1

[block]
# block no. 2 follows, 54 sequences, length 20
# corresponding to MSA columns:
# 2263-2282
name=unknown_C
#
# <colnr> <probs for GDERKNQSTAVLIFYWHMCP>
#	G	D	E	R	K	N	Q	S	T	A	V	L	I	F	Y	W	H	M	C	P
0	0.02681	0.02932	0.01396	0.01576	0.28291	0.03559	0.09419	0.05058	0.03934	0.01661	0.15832	0.04707	0.07935	0.00643	0.00484	0.00143	0.00454	0.00586	0.08108	0.00599
1	0.01045	0.00930	0.01055	0.00785	0.01173	0.05000	0.03244	0.05585	0.01071	0.01577	0.01014	0.04144	0.02727	0.00433	0.00382	0.00086	0.00395	0.00355	0.00297	0.68702
2	0.01148	0.00788	0.00864	0.00748	0.00965	0.00839	0.00587	0.18996	0.17889	0.06022	0.13847	0.02097	0.07087	0.02332	0.01832	0.00156	0.00352	0.00565	0.22285	0.00599
3	0.01155	0.50783	0.32122	0.01021	0.01531	0.03731	0.01163	0.01455	0.00982	0.01256	0.00730	0.00849	0.00602	0.00422	0.00361	0.00120	0.00586	0.00290	0.00202	0.00638
4	0.01242	0.58765	0.20405	0.00941	0.01409	0.01627	0.01020	0.04195	0.01027	0.04520	0.00765	0.00859	0.00633	0.00427	0.00349	0.00115	0.00545	0.00289	0.00226	0.00641
5	0.01567	0.00968	0.01157	0.00922	0.01247	0.00983	0.02876	0.26121	0.13581	0.25599	0.01615	0.06084	0.02788	0.00661	0.01480	0.00150	0.00434	0.00513	0.03569	0.07685
6	0.01200	0.00982	0.01046	0.00935	0.01203	0.01118	0.00729	0.02426	0.72522	0.06156	0.02023	0.01855	0.04370	0.00657	0.00482	0.00159	0.00370	0.00547	0.00484	0.00736
7	0.00574	0.00410	0.00547	0.00657	0.00684	0.00383	0.00438	0.00657	0.00903	0.01204	0.02599	0.83122	0.03119	0.01477	0.00602	0.00191	0.00274	0.01340	0.00438	0.00383
8	0.01111	0.01225	0.02555	0.01853	0.02274	0.01192	0.67464	0.04082	0.01113	0.01521	0.00992	0.04125	0.00795	0.00474	0.00631	0.00163	0.06987	0.00569	0.00251	0.00624
9	0.05343	0.00660	0.00865	0.00729	0.00971	0.00595	0.00576	0.01618	0.01271	0.42799	0.27398	0.11131	0.02419	0.00799	0.00507	0.00152	0.00327	0.00682	0.00533	0.00627
10	0.00701	0.00507	0.00689	0.00790	0.00883	0.00494	0.00654	0.00879	0.01041	0.01352	0.02686	0.23779	0.08415	0.01336	0.00633	0.00207	0.00382	0.53720	0.00435	0.00419
11	0.01418	0.01107	0.01226	0.01021	0.01334	0.01240	0.02948	0.26762	0.48670	0.06487	0.01639	0.01538	0.01202	0.00607	0.00479	0.00153	0.00433	0.00496	0.00476	0.00764
12	0.00676	0.00485	0.00584	0.00601	0.00709	0.00447	0.00445	0.00804	0.01022	0.04096	0.13252	0.17195	0.31012	0.12022	0.05378	0.00242	0.00357	0.09842	0.00423	0.00407
13	0.00907	0.00502	0.00532	0.00511	0.00636	0.00515	0.00389	0.05133	0.02499	0.01791	0.05943	0.01831	0.01372	0.00759	0.05348	0.00154	0.00302	0.00468	0.69943	0.00463
14	0.00681	0.00499	0.00729	0.00729	0.00807	0.00574	0.00557	0.00838	0.00760	0.01103	0.01289	0.01944	0.01221	0.09568	0.72796	0.00713	0.01167	0.00517	0.03097	0.00411
15	0.01002	0.00918	0.01515	0.54582	0.23365	0.01061	0.01292	0.04797	0.01023	0.01359	0.00864	0.01234	0.00675	0.00507	0.00523	0.03458	0.00597	0.00419	0.00228	0.00583
16	0.03748	0.09223	0.71787	0.01275	0.01934	0.01159	0.01624	0.01483	0.00986	0.01481	0.00824	0.00968	0.00595	0.00444	0.00431	0.00145	0.00670	0.00337	0.00202	0.00683
17	0.00833	0.00660	0.00794	0.04831	0.02456	0.00683	0.00609	0.08072	0.14419	0.01588	0.08896	0.26592	0.18098	0.01069	0.00553	0.00172	0.00340	0.08386	0.00439	0.00509
18	0.05994	0.06385	0.12891	0.02613	0.04537	0.13051	0.24519	0.01444	0.01004	0.01370	0.00810	0.02102	0.00673	0.00536	0.00721	0.00159	0.19942	0.00425	0.00229	0.00593
19	0.01119	0.06979	0.05321	0.09034	0.22045	0.02359	0.41559	0.01458	0.01068	0.01450	0.00892	0.01187	0.00700	0.00422	0.00523	0.00150	0.02379	0.00475	0.00230	0.00651

[dist]
# distance from previous block
# <min> <max>
0	4

[block]
# block no. 3 follows, 54 sequences, length 69
# corresponding to MSA columns:
# 2287-2355
name=unknown_D
#
# <colnr> <probs for GDERKNQSTAVLIFYWHMCP>
#	G	D	E	R	K	N	Q	S	T	A	V	L	I	F	Y	W	H	M	C	P
0	0.00798	0.00632	0.00786	0.00700	0.00897	0.00555	0.00518	0.00936	0.00912	0.02441	0.01625	0.34906	0.01779	0.05865	0.04661	0.00184	0.04207	0.00759	0.00344	0.36493
1	0.01244	0.44015	0.13716	0.01022	0.01404	0.12469	0.03225	0.01513	0.04902	0.01240	0.00766	0.00901	0.00653	0.00472	0.00479	0.00125	0.08551	0.00312	0.00224	0.02766
2	0.01120	0.01057	0.01698	0.05729	0.55639	0.03287	0.04867	0.05194	0.01124	0.01558	0.03018	0.09133	0.01111	0.00570	0.00491	0.00149	0.00541	0.02758	0.00277	0.00678
3	0.00616	0.00487	0.00520	0.00507	0.00663	0.00414	0.00382	0.00755	0.01127	0.03383	0.17912	0.04286	0.65030	0.01138	0.00555	0.00157	0.00240	0.00957	0.00456	0.00416
4	0.01059	0.00660	0.00711	0.02240	0.00837	0.00690	0.00496	0.19281	0.01318	0.02033	0.10699	0.01885	0.03693	0.00618	0.00398	0.00124	0.00299	0.00499	0.51934	0.00525
5	0.01066	0.07921	0.40088	0.01529	0.14878	0.01144	0.07870	0.03480	0.08526	0.02817	0.01065	0.01253	0.01908	0.00564	0.02594	0.00163	0.00632	0.01558	0.00256	0.00687
6	0.00615	0.00453	0.00579	0.00630	0.00709	0.00418	0.00457	0.00755	0.01069	0.01428	0.24900	0.41217	0.15465	0.01272	0.00586	0.00177	0.00268	0.08132	0.00460	0.00408
7	0.00674	0.00502	0.00741	0.00741	0.00819	0.00580	0.00568	0.00831	0.00753	0.01082	0.01278	0.01937	0.01216	0.09044	0.76104	0.00737	0.01207	0.00518	0.00255	0.00412
8	0.01068	0.03540	0.60159	0.01322	0.01920	0.06948	0.06188	0.05847	0.04037	0.01558	0.00933	0.02712	0.00700	0.00482	0.00456	0.00148	0.00680	0.00388	0.00235	0.00682
9	0.01708	0.03583	0.03146	0.01011	0.03241	0.15308	0.00810	0.11722	0.05092	0.35761	0.02972	0.01463	0.03311	0.00687	0.03112	0.00164	0.05327	0.00449	0.00437	0.00697
10	0.02115	0.00802	0.01094	0.00839	0.01204	0.00693	0.00693	0.02298	0.01350	0.80815	0.01860	0.01605	0.01167	0.00584	0.00474	0.00146	0.00401	0.00474	0.00584	0.00802
11	0.01168	0.00812	0.00931	0.00870	0.04685	0.05697	0.00637	0.12231	0.05441	0.14789	0.34783	0.09729	0.04600	0.00826	0.00519	0.00150	0.00361	0.00708	0.00481	0.00583
12	0.01093	0.01129	0.05776	0.06659	0.60520	0.01065	0.07383	0.01382	0.01053	0.01493	0.01017	0.07379	0.00911	0.00502	0.00483	0.00147	0.00567	0.00497	0.00246	0.00697
13	0.01267	0.00899	0.01516	0.01545	0.22190	0.00845	0.16456	0.02667	0.01198	0.22074	0.12835	0.06486	0.06571	0.00647	0.00513	0.00151	0.00481	0.00612	0.00394	0.00654
14	0.01234	0.50268	0.14025	0.00982	0.01401	0.05078	0.05674	0.05941	0.01083	0.03313	0.03342	0.04042	0.00851	0.00485	0.00379	0.00121	0.00547	0.00363	0.00249	0.00621
15	0.00997	0.00864	0.01052	0.00875	0.07283	0.00679	0.00632	0.01237	0.02757	0.01547	0.00866	0.01010	0.00719	0.00361	0.00361	0.00077	0.00366	0.00296	0.00280	0.77741
16	0.19337	0.01343	0.01227	0.01190	0.09621	0.21803	0.02386	0.11644	0.15528	0.04464	0.03349	0.01185	0.00911	0.00535	0.00466	0.00143	0.03496	0.00394	0.00342	0.00635
17	0.01764	0.02164	0.01343	0.01203	0.01458	0.74323	0.00910	0.08823	0.01416	0.01318	0.00765	0.00876	0.00625	0.00493	0.00429	0.00123	0.00820	0.00315	0.00264	0.00570
18	0.00946	0.02439	0.80987	0.01344	0.02041	0.01095	0.01742	0.01493	0.00995	0.01493	0.00846	0.00995	0.00597	0.00448	0.00448	0.00149	0.00697	0.00348	0.00199	0.00697
19	0.00966	0.07759	0.75847	0.01309	0.01986	0.01145	0.01681	0.01488	0.00993	0.01468	0.00834	0.00980	0.00598	0.00445	0.00438	0.00146	0.00684	0.00342	0.00199	0.00691
20	0.00571	0.00425	0.00532	0.00619	0.00674	0.00386	0.00421	0.00661	0.00939	0.01218	0.03058	0.66533	0.19410	0.01417	0.00592	0.00185	0.00266	0.01268	0.00438	0.00386
21	0.00666	0.00540	0.00760	0.00782	0.00829	0.00585	0.02729	0.00769	0.00878	0.01196	0.02247	0.58262	0.06119	0.01494	0.07041	0.00235	0.12975	0.01095	0.00382	0.00414
22	0.01383	0.01050	0.01103	0.00939	0.01231	0.03790	0.00744	0.18818	0.44365	0.11296	0.01950	0.01816	0.08066	0.00660	0.00482	0.00153	0.00412	0.00535	0.00479	0.00728
23	0.01183	0.01274	0.01661	0.01361	0.01494	0.14074	0.14648	0.03581	0.00931	0.01257	0.00710	0.01048	0.00639	0.00689	0.01165	0.00183	0.52904	0.00421	0.00225	0.00550
24	0.00574	0.00410	0.00547	0.00657	0.00684	0.00383	0.00438	0.00657	0.00903	0.01204	0.02599	0.83122	0.03119	0.01477	0.00602	0.00191	0.00274	0.01340	0.00438	0.00383
25	0.00686	0.00457	0.00514	0.00514	0.00514	0.00457	0.00286	0.00686	0.00686	0.00914	0.01486	0.03086	0.01714	0.83430	0.02400	0.00457	0.00457	0.00686	0.00286	0.00286
26	0.00754	0.00555	0.00718	0.00779	0.00904	0.00544	0.00655	0.04533	0.01137	0.01469	0.06721	0.09915	0.17133	0.01243	0.00618	0.00198	0.00381	0.50863	0.00441	0.00442
27	0.01859	0.01214	0.01349	0.01034	0.01409	0.01304	0.00854	0.63121	0.02038	0.19019	0.01282	0.01229	0.00877	0.00570	0.00472	0.00142	0.00495	0.00435	0.00495	0.00802
28	0.00761	0.00640	0.00985	0.00907	0.00995	0.00777	0.04551	0.00929	0.00769	0.01123	0.01129	0.01672	0.01053	0.02881	0.62809	0.00627	0.16209	0.00491	0.00243	0.00449
29	0.00725	0.00519	0.00667	0.00633	0.00758	0.00492	0.00485	0.00999	0.05199	0.03366	0.68229	0.03539	0.05384	0.00968	0.00557	0.00154	0.00248	0.06103	0.00511	0.00465
30	0.00898	0.00846	0.01429	0.80002	0.05480	0.01050	0.01313	0.01212	0.00947	0.01214	0.00839	0.01254	0.00632	0.00470	0.00471	0.00157	0.00627	0.00419	0.00210	0.00530
31	0.00634	0.00473	0.00585	0.00604	0.00701	0.00434	0.00437	0.02251	0.01140	0.01528	0.33676	0.31303	0.20793	0.01191	0.00572	0.00167	0.00253	0.02369	0.00470	0.00420
32	0.41876	0.03859	0.10269	0.00836	0.01155	0.12303	0.00750	0.05311	0.01022	0.07552	0.00874	0.01003	0.00673	0.02072	0.00430	0.00147	0.02854	0.00322	0.06125	0.00567
33	0.01294	0.73388	0.02356	0.00942	0.05164	0.07918	0.00847	0.01450	0.00993	0.01134	0.00673	0.00784	0.00612	0.00411	0.00320	0.00104	0.00533	0.00264	0.00206	0.00608
34	0.00690	0.00489	0.00627	0.00622	0.00653	0.00531	0.00416	0.00754	0.00713	0.00986	0.01382	0.02581	0.01490	0.52010	0.31451	0.00561	0.02819	0.00613	0.00272	0.00341
35	0.01139	0.01097	0.01751	0.11816	0.62178	0.03546	0.01345	0.01479	0.06011	0.01509	0.00985	0.03267	0.00832	0.00468	0.00470	0.00144	0.00558	0.00447	0.00252	0.00706
36	0.01496	0.05300	0.03862	0.03737	0.32591	0.06879	0.03872	0.15794	0.01347	0.17502	0.01128	0.01272	0.00847	0.00498	0.00464	0.00141	0.00551	0.01642	0.00348	0.00731
37	0.01115	0.01246	0.02674	0.01920	0.02380	0.01174	0.74130	0.03649	0.01137	0.01542	0.01011	0.03846	0.00794	0.00436	0.00555	0.00160	0.00771	0.00577	0.00251	0.00633
38	0.01110	0.01250	0.02674	0.03082	0.06498	0.01195	0.71134	0.01490	0.01096	0.01495	0.00938	0.01258	0.00713	0.00414	0.00584	0.00160	0.03494	0.00543	0.00237	0.00636
39	0.01203	0.01149	0.03547	0.15329	0.05085	0.04125	0.29541	0.11940	0.08584	0.05172	0.01198	0.04198	0.00967	0.00553	0.00528	0.00158	0.01671	0.04096	0.00317	0.00640
40	0.01131	0.00823	0.00940	0.00826	0.01049	0.00891	0.00646	0.07683	0.36330	0.09585	0.27831	0.02267	0.02341	0.00738	0.00521	0.00153	0.02012	0.00620	0.02969	0.00642
41	0.02115	0.00802	0.01094	0.00839	0.01204	0.00693	0.00693	0.02298	0.01350	0.80815	0.01860	0.01605	0.01167	0.00584	0.00474	0.00146	0.00401	0.00474	0.00584	0.00802
42	0.00654	0.00467	0.00638	0.00745	0.00807	0.00451	0.00573	0.00795	0.00986	0.01301	0.03700	0.49263	0.02968	0.01396	0.00622	0.00202	0.00340	0.33250	0.00437	0.00405
43	0.01622	0.01011	0.01535	0.02512	0.01559	0.04815	0.21028	0.05823	0.04581	0.39729	0.03290	0.01686	0.03329	0.00583	0.00524	0.00153	0.02163	0.02911	0.00443	0.00703
44	0.00580	0.00416	0.00552	0.00659	0.00692	0.00388	0.00446	0.00667	0.00912	0.01212	0.02645	0.78871	0.04844	0.01465	0.00602	0.00192	0.00278	0.03755	0.00438	0.00385
45	0.00708	0.00543	0.00785	0.00774	0.00861	0.00637	0.00600	0.00923	0.04435	0.01131	0.01282	0.01862	0.01191	0.05756	0.73039	0.00705	0.03562	0.00509	0.00263	0.00435
46	0.01160	0.01113	0.01901	0.04870	0.78566	0.01118	0.01444	0.01441	0.01070	0.01532	0.00886	0.01169	0.00744	0.00421	0.00467	0.00140	0.00562	0.00420	0.00233	0.00741
47	0.00832	0.00569	0.00748	0.00723	0.00829	0.01547	0.02757	0.00997	0.03347	0.09437	0.19090	0.35862	0.06635	0.08802	0.00782	0.00199	0.04199	0.01748	0.00438	0.00457
48	0.01146	0.00989	0.01680	0.16051	0.40866	0.01011	0.09149	0.01444	0.02703	0.08889	0.06554	0.01518	0.03678	0.00515	0.00502	0.00148	0.01707	0.00490	0.00293	0.00666
49	0.01037	0.00929	0.01201	0.00877	0.01274	0.02490	0.09295	0.04846	0.01045	0.01565	0.00893	0.01963	0.00752	0.02393	0.00456	0.00098	0.02104	0.00342	0.00283	0.66156
50	0.01153	0.01122	0.01841	0.11714	0.69562	0.03451	0.01416	0.01433	0.01067	0.01492	0.00877	0.01168	0.00730	0.00428	0.00466	0.00141	0.00576	0.00417	0.00231	0.00716
51	0.05703	0.02072	0.01299	0.01167	0.01422	0.69211	0.00884	0.06613	0.04930	0.01348	0.00804	0.00905	0.00653	0.00496	0.00424	0.00126	0.00786	0.00319	0.00270	0.00570
52	0.01159	0.00888	0.01204	0.00883	0.01278	0.00738	0.09233	0.03801	0.01073	0.12129	0.01046	0.03669	0.00840	0.00439	0.00429	0.00099	0.02391	0.00377	0.00325	0.58000
53	0.00674	0.00503	0.00749	0.00749	0.00830	0.00584	0.00578	0.00836	0.00755	0.01088	0.01271	0.01898	0.01199	0.06528	0.78597	0.00747	0.01233	0.00512	0.00254	0.00416
54	0.00682	0.00515	0.00764	0.00760	0.00840	0.00603	0.00589	0.00843	0.00755	0.01089	0.01256	0.01876	0.01184	0.06139	0.77193	0.00736	0.02994	0.00509	0.00253	0.00419
55	0.00740	0.00470	0.00518	0.00515	0.00547	0.00476	0.00313	0.00826	0.02962	0.01123	0.01505	0.02750	0.01592	0.62452	0.03236	0.00381	0.00419	0.00627	0.18216	0.00333
56	0.00819	0.00410	0.00614	0.00614	0.00614	0.00410	0.00410	0.00614	0.00614	0.00819	0.00819	0.01433	0.00819	0.01638	0.01843	0.86282	0.00410	0.00410	0.00205	0.00205
57	0.01925	0.00799	0.01059	0.00836	0.01173	0.00715	0.00689	0.05537	0.03254	0.66998	0.04215	0.01908	0.03799	0.00648	0.00487	0.00150	0.00397	0.04086	0.00563	0.00761
58	0.00719	0.00496	0.00630	0.00588	0.00718	0.00450	0.00444	0.00925	0.01299	0.05487	0.65954	0.03576	0.14978	0.00979	0.00552	0.00150	0.00233	0.00855	0.00511	0.00455
59	0.00747	0.00551	0.00732	0.00817	0.00939	0.00546	0.00703	0.00992	0.04025	0.01413	0.02792	0.05077	0.13471	0.01263	0.00632	0.00207	0.00405	0.63811	0.00436	0.00441
60	0.01792	0.01321	0.01415	0.01085	0.01462	0.01462	0.00896	0.78916	0.02217	0.02972	0.01132	0.01132	0.00802	0.00566	0.00472	0.00142	0.00519	0.00425	0.00472	0.00802
61	0.00691	0.00550	0.00595	0.00582	0.00722	0.02725	0.00433	0.00897	0.04618	0.03018	0.28335	0.12255	0.38996	0.01082	0.00548	0.00157	0.00263	0.00926	0.02168	0.00439
62	0.00641	0.00468	0.00604	0.00609	0.00705	0.00431	0.00448	0.00824	0.01207	0.01669	0.53909	0.21697	0.09947	0.01111	0.00570	0.00161	0.00243	0.03837	0.00491	0.00427
63	0.00641	0.00461	0.00614	0.00711	0.00773	0.00441	0.00535	0.00768	0.00966	0.01266	0.02649	0.48342	0.07684	0.05024	0.00695	0.00210	0.00334	0.27060	0.00430	0.00397
64	0.01116	0.01264	0.02739	0.02032	0.06336	0.01189	0.74938	0.01507	0.01111	0.01512	0.00951	0.01267	0.00717	0.00399	0.00552	0.00158	0.00783	0.00550	0.00238	0.00641
65	0.11958	0.00822	0.01047	0.00817	0.01170	0.00751	0.00673	0.02198	0.03734	0.69170	0.01722	0.01512	0.01099	0.00568	0.00453	0.00146	0.00396	0.00450	0.00546	0.00767
66	0.00874	0.00751	0.00950	0.01022	0.09991	0.00793	0.02233	0.02362	0.24411	0.01539	0.05126	0.15499	0.20883	0.01052	0.04265	0.00193	0.03535	0.03558	0.00409	0.00557
67	0.02827	0.08942	0.05418	0.31812	0.04212	0.01984	0.13896	0.06931	0.04627	0.01443	0.00892	0.01182	0.00700	0.00546	0.01587	0.00163	0.10732	0.00424	0.01092	0.00591
68	0.35512	0.02687	0.02613	0.03575	0.03669	0.03465	0.00710	0.11007	0.05355	0.21484	0.04810	0.01234	0.00959	0.00526	0.00400	0.00145	0.00425	0.00386	0.00396	0.00642

[dist]
# distance from previous block
# <min> <max>
1	35

[block]
# block no. 4 follows, 54 sequences, length 23
# corresponding to MSA columns:
# 2391-2413
name=unknown_E
#
# <colnr> <probs for GDERKNQSTAVLIFYWHMCP>
#	G	D	E	R	K	N	Q	S	T	A	V	L	I	F	Y	W	H	M	C	P
0	0.01175	0.13468	0.09495	0.11162	0.17158	0.05410	0.03894	0.03916	0.03725	0.05532	0.00944	0.02320	0.00760	0.00451	0.00420	0.00124	0.00533	0.00377	0.00270	0.18866
1	0.03932	0.01121	0.13932	0.01274	0.07390	0.02861	0.18275	0.01348	0.09256	0.03499	0.04256	0.20854	0.04469	0.02405	0.00560	0.00169	0.00515	0.02971	0.00338	0.00576
2	0.01457	0.01215	0.11882	0.01968	0.41655	0.01021	0.01228	0.07597	0.01229	0.24295	0.01178	0.01267	0.00852	0.00482	0.00467	0.00143	0.00529	0.00427	0.00347	0.00760
3	0.01201	0.01167	0.01657	0.23783	0.44430	0.10071	0.01296	0.03970	0.03349	0.03254	0.00915	0.01181	0.00731	0.00456	0.00464	0.00143	0.00601	0.00411	0.00251	0.00668
4	0.13045	0.02112	0.02815	0.04287	0.19047	0.10505	0.03818	0.09554	0.07420	0.03317	0.01357	0.15521	0.02683	0.00680	0.00469	0.00152	0.00500	0.01775	0.00335	0.00608
5	0.03284	0.00531	0.00614	0.00611	0.00739	0.00509	0.00450	0.00954	0.08978	0.01577	0.31198	0.21030	0.25592	0.01095	0.00551	0.00162	0.00258	0.00951	0.00467	0.00450
6	0.00866	0.00723	0.00855	0.08919	0.01140	0.06618	0.02398	0.03754	0.06041	0.04445	0.07683	0.27044	0.12948	0.01369	0.11840	0.00248	0.00515	0.01728	0.00385	0.00481
7	0.00581	0.00416	0.00553	0.00652	0.00685	0.00388	0.00438	0.00674	0.00935	0.01255	0.08352	0.77223	0.03217	0.01439	0.00598	0.00188	0.00270	0.01304	0.00444	0.00388
8	0.03553	0.01067	0.02787	0.11244	0.09685	0.06949	0.00871	0.11970	0.07744	0.06467	0.02847	0.01283	0.00909	0.00501	0.00463	0.00126	0.02974	0.01531	0.02388	0.24640
9	0.00592	0.00420	0.00550	0.00638	0.00668	0.00395	0.00423	0.00677	0.00913	0.01226	0.08241	0.69221	0.03077	0.09633	0.00778	0.00215	0.00288	0.01239	0.00429	0.00378
10	0.01971	0.00770	0.01048	0.00814	0.01154	0.00668	0.00668	0.02157	0.01348	0.72924	0.09697	0.01797	0.01495	0.00622	0.00482	0.00146	0.00383	0.00512	0.00577	0.00767
11	0.00993	0.02107	0.58735	0.01527	0.02161	0.01123	0.23661	0.01498	0.01029	0.01498	0.00877	0.01074	0.00631	0.00434	0.00479	0.00152	0.00725	0.00408	0.00210	0.00680
12	0.00956	0.00905	0.01533	0.63429	0.21601	0.01065	0.01342	0.01262	0.00974	0.01284	0.00850	0.01236	0.00657	0.00459	0.00470	0.00153	0.00612	0.00419	0.00215	0.00577
13	0.00751	0.00537	0.00747	0.00841	0.00950	0.00533	0.00728	0.00968	0.01110	0.01459	0.10270	0.05139	0.02887	0.01269	0.00642	0.00210	0.00413	0.69670	0.00443	0.00435
14	0.00654	0.00483	0.00610	0.00611	0.00719	0.00446	0.00465	0.00838	0.01195	0.01624	0.47292	0.09824	0.17448	0.04604	0.00651	0.00176	0.00268	0.11191	0.00477	0.00424
15	0.01036	0.32124	0.17168	0.01004	0.03899	0.03146	0.03780	0.03585	0.04178	0.01363	0.05196	0.18924	0.01391	0.00690	0.00438	0.00140	0.00494	0.00572	0.00291	0.00583
16	0.01217	0.01215	0.01865	0.02753	0.73855	0.07870	0.01402	0.01484	0.01096	0.01508	0.00874	0.01140	0.00735	0.00426	0.00463	0.00138	0.00584	0.00410	0.00234	0.00730
17	0.00710	0.00545	0.00752	0.00765	0.00819	0.00582	0.02700	0.00819	0.00862	0.01165	0.01963	0.27190	0.03516	0.22447	0.08865	0.00318	0.08602	0.16635	0.00352	0.00393
18	0.00609	0.00488	0.00572	0.00603	0.02868	0.00430	0.00425	0.00759	0.01130	0.01457	0.27015	0.14650	0.45026	0.01142	0.00560	0.00160	0.00247	0.00983	0.00457	0.00420
19	0.01365	0.14022	0.03470	0.05434	0.11929	0.16962	0.06755	0.08923	0.09510	0.05953	0.02318	0.01160	0.00838	0.00528	0.00552	0.00142	0.08793	0.00402	0.00299	0.00645
20	0.03612	0.13676	0.58839	0.01417	0.10498	0.01205	0.01541	0.01473	0.00993	0.01463	0.00818	0.00974	0.00612	0.00438	0.00425	0.00141	0.00645	0.00340	0.00206	0.00684
21	0.29776	0.14785	0.08426	0.01115	0.07274	0.24645	0.03649	0.02847	0.01055	0.01568	0.00730	0.00864	0.00592	0.00446	0.00372	0.00132	0.00590	0.00303	0.00252	0.00580
22	0.01194	0.01182	0.01853	0.06334	0.71827	0.06416	0.01406	0.01465	0.01085	0.01500	0.00874	0.01150	0.00732	0.00427	0.00464	0.00140	0.00582	0.00412	0.00233	0.00724

[dist]
# distance from previous block
# <min> <max>
0	2

[block]
# block no. 5 follows, 54 sequences, length 37
# corresponding to MSA columns:
# 2416-2452
name=unknown_F
#
# <colnr> <probs for GDERKNQSTAVLIFYWHMCP>
#	G	D	E	R	K	N	Q	S	T	A	V	L	I	F	Y	W	H	M	C	P
0	0.00668	0.00480	0.00589	0.00641	0.00749	0.00436	0.00487	0.00800	0.01032	0.04289	0.05012	0.32485	0.31649	0.01290	0.00590	0.00182	0.00299	0.17460	0.00444	0.00417
1	0.01050	0.15034	0.62157	0.01285	0.03533	0.06217	0.01539	0.01504	0.01012	0.01413	0.00810	0.00953	0.00602	0.00443	0.00424	0.00140	0.00674	0.00332	0.00203	0.00674
2	0.09815	0.00955	0.01131	0.00885	0.01236	0.00951	0.00728	0.22552	0.05584	0.47121	0.03163	0.01449	0.01090	0.00576	0.00459	0.00146	0.00424	0.00451	0.00520	0.00765
3	0.02843	0.08082	0.62122	0.01211	0.01835	0.01104	0.01491	0.03253	0.01027	0.04205	0.00869	0.00996	0.00629	0.00443	0.00427	0.00139	0.00632	0.00339	0.00227	0.08126
4	0.08539	0.01209	0.02437	0.01772	0.02185	0.01196	0.62919	0.01457	0.01045	0.01526	0.00893	0.01199	0.00688	0.00443	0.00629	0.00161	0.08917	0.00511	0.00241	0.02033
5	0.00955	0.04967	0.78544	0.01327	0.02015	0.01119	0.01713	0.01491	0.00994	0.01481	0.00840	0.00988	0.00598	0.00447	0.00443	0.00148	0.00691	0.00345	0.00199	0.00694
6	0.04312	0.00584	0.00748	0.00661	0.00849	0.00531	0.00512	0.01279	0.01267	0.24446	0.43337	0.08863	0.08932	0.00890	0.00526	0.00152	0.00284	0.00768	0.00517	0.00542
7	0.00935	0.00990	0.03510	0.07690	0.01876	0.00962	0.41876	0.01206	0.00984	0.01339	0.01299	0.17805	0.01275	0.08005	0.01907	0.00203	0.06625	0.00699	0.00277	0.00535
8	0.00579	0.00418	0.00549	0.00643	0.00683	0.00388	0.00434	0.00672	0.00938	0.01250	0.07538	0.74146	0.07155	0.01431	0.00597	0.00187	0.00269	0.01292	0.00443	0.00388
9	0.00691	0.00499	0.00730	0.00730	0.00817	0.00576	0.00567	0.00864	0.00778	0.01152	0.01287	0.01844	0.01181	0.03277	0.74508	0.00702	0.01172	0.00499	0.07702	0.00423
10	0.00630	0.00477	0.00596	0.00633	0.00734	0.00425	0.00455	0.00757	0.01008	0.01348	0.13031	0.46714	0.16784	0.01251	0.00569	0.00171	0.00277	0.05847	0.00434	0.07858
11	0.00899	0.00689	0.00986	0.00930	0.01082	0.00724	0.06347	0.03482	0.01083	0.06337	0.02463	0.05359	0.16419	0.01086	0.00735	0.00193	0.11880	0.38419	0.00399	0.00487
12	0.00712	0.00507	0.00558	0.00530	0.00698	0.00432	0.00403	0.00855	0.01145	0.08290	0.17977	0.04102	0.59903	0.01100	0.00550	0.00156	0.00250	0.00924	0.00465	0.00442
13	0.00618	0.00448	0.00581	0.00654	0.00718	0.00406	0.00445	0.00716	0.00912	0.01249	0.02415	0.73584	0.02852	0.01352	0.00572	0.00179	0.00279	0.01222	0.02954	0.07846
14	0.04489	0.12964	0.49486	0.03125	0.09585	0.01209	0.09835	0.01469	0.01002	0.01467	0.00828	0.01006	0.00623	0.00434	0.00436	0.00143	0.00654	0.00363	0.00211	0.00672
15	0.00844	0.00595	0.03461	0.00851	0.04679	0.00531	0.00618	0.00983	0.00983	0.11243	0.02266	0.52639	0.02509	0.01308	0.03120	0.00203	0.02246	0.10020	0.00427	0.00474
16	0.00986	0.01069	0.02255	0.01673	0.02044	0.01001	0.60285	0.01309	0.01063	0.01438	0.01342	0.20591	0.01283	0.00652	0.00567	0.00167	0.00672	0.00741	0.00285	0.00576
17	0.39246	0.11686	0.22499	0.01015	0.05100	0.07838	0.00972	0.01453	0.00928	0.01685	0.00723	0.00861	0.00568	0.00452	0.00397	0.00141	0.03307	0.00297	0.00246	0.00586
18	0.01212	0.01222	0.01819	0.07971	0.66934	0.09704	0.01381	0.01478	0.01093	0.01477	0.00867	0.01139	0.00724	0.00431	0.00463	0.00139	0.00596	0.00408	0.00233	0.00711
19	0.00955	0.03139	0.02532	0.00854	0.00982	0.12334	0.00667	0.05257	0.03426	0.01215	0.01201	0.06711	0.01157	0.08361	0.36914	0.07077	0.05970	0.00516	0.00275	0.00457
20	0.01195	0.07049	0.38026	0.01568	0.13466	0.01132	0.14102	0.04221	0.02519	0.10769	0.01004	0.01140	0.00728	0.00456	0.00464	0.00146	0.00634	0.00407	0.00270	0.00705
21	0.02772	0.09686	0.54186	0.01475	0.10334	0.01170	0.07372	0.02672	0.01034	0.03797	0.00871	0.01028	0.00641	0.00443	0.00443	0.00144	0.00654	0.00366	0.00223	0.00690
22	0.01359	0.00691	0.00915	0.00773	0.01030	0.00623	0.02910	0.04903	0.01282	0.36792	0.12322	0.02962	0.20033	0.00857	0.00528	0.00158	0.00362	0.10377	0.00508	0.00613
23	0.00597	0.00431	0.00555	0.00631	0.00682	0.00404	0.00433	0.00682	0.00919	0.01210	0.05403	0.57658	0.13910	0.04586	0.04450	0.03634	0.00328	0.02689	0.00417	0.00379
24	0.01311	0.11758	0.29279	0.02702	0.06621	0.12945	0.03413	0.01751	0.09804	0.12897	0.02435	0.01184	0.00854	0.00495	0.00441	0.00140	0.00602	0.00389	0.00301	0.00678
25	0.00662	0.00470	0.00575	0.00560	0.00632	0.00443	0.00383	0.00794	0.01072	0.01477	0.44099	0.06655	0.08965	0.29808	0.01202	0.00259	0.00308	0.00824	0.00428	0.00383
26	0.00589	0.00429	0.00550	0.00629	0.00680	0.00396	0.00430	0.00688	0.00960	0.01274	0.10621	0.62455	0.11581	0.04308	0.00657	0.00193	0.00274	0.02458	0.00440	0.00388
27	0.01308	0.18805	0.25544	0.01155	0.01601	0.12087	0.05351	0.16190	0.07891	0.01685	0.00946	0.01042	0.00725	0.00488	0.00447	0.00136	0.02133	0.00366	0.01427	0.00672
28	0.52584	0.01065	0.00970	0.00802	0.01124	0.01209	0.00660	0.29670	0.04289	0.02422	0.00877	0.00937	0.00652	0.00492	0.00364	0.00145	0.00421	0.00327	0.00364	0.00626
29	0.03225	0.01086	0.10815	0.00899	0.01314	0.02404	0.06806	0.04248	0.01061	0.05221	0.01237	0.01340	0.07616	0.00472	0.00431	0.00106	0.02173	0.00389	0.00300	0.48857
30	0.00716	0.00628	0.05632	0.00724	0.00838	0.00532	0.00559	0.07532	0.01067	0.01437	0.09244	0.57331	0.06313	0.02926	0.00612	0.00185	0.00322	0.02530	0.00430	0.00444
31	0.31103	0.00772	0.00793	0.00688	0.00934	0.00819	0.00552	0.09330	0.01100	0.18168	0.01301	0.06384	0.01032	0.00807	0.06632	0.00188	0.00422	0.00442	0.17963	0.00571
32	0.02669	0.05760	0.15112	0.01441	0.16628	0.04547	0.03728	0.23781	0.10060	0.06148	0.01805	0.01235	0.00869	0.02159	0.00494	0.00148	0.00548	0.00420	0.00346	0.02103
33	0.01132	0.01061	0.01637	0.08931	0.41199	0.02944	0.05573	0.06258	0.07913	0.01557	0.01070	0.03067	0.00921	0.01952	0.03791	0.00182	0.07267	0.02603	0.00277	0.00665
34	0.00642	0.00484	0.00682	0.00854	0.07627	0.00459	0.00539	0.00759	0.00963	0.01302	0.09302	0.65837	0.03014	0.01333	0.00588	0.00184	0.00300	0.04283	0.00427	0.00422
35	0.01052	0.00922	0.05116	0.00925	0.01926	0.02549	0.02928	0.20196	0.05243	0.03072	0.05042	0.10058	0.11671	0.01461	0.19602	0.00300	0.06371	0.00630	0.00371	0.00564
36	0.06877	0.06106	0.01121	0.02300	0.01165	0.06929	0.02622	0.09932	0.01109	0.02584	0.01041	0.01251	0.02843	0.03972	0.04840	0.00155	0.03132	0.00367	0.05598	0.36054

[dist]
# distance from previous block
# <min> <max>
3	6

[block]
# block no. 6 follows, 54 sequences, length 42
# corresponding to MSA columns:
# 2471-2494,2496-2513
name=unknown_G
#
# <colnr> <probs for GDERKNQSTAVLIFYWHMCP>
#	G	D	E	R	K	N	Q	S	T	A	V	L	I	F	Y	W	H	M	C	P
0	0.01039	0.02940	0.01260	0.19465	0.16777	0.05323	0.03126	0.01258	0.01055	0.08833	0.04521	0.13521	0.04718	0.00835	0.02414	0.00176	0.02353	0.09497	0.00332	0.00558
1	0.01124	0.01039	0.01692	0.22074	0.52180	0.01103	0.01326	0.05513	0.04045	0.01556	0.00945	0.01226	0.00760	0.00452	0.00465	0.00144	0.00558	0.00425	0.02685	0.00686
2	0.02560	0.00574	0.00702	0.00640	0.00831	0.00505	0.00486	0.01213	0.01118	0.26685	0.06981	0.19858	0.30364	0.04516	0.00613	0.00174	0.00309	0.00868	0.00479	0.00524
3	0.01341	0.16483	0.12012	0.03262	0.11336	0.07367	0.00993	0.12081	0.07899	0.09684	0.02432	0.01217	0.00883	0.00497	0.00425	0.00129	0.00525	0.01480	0.00324	0.09630
4	0.00667	0.00452	0.00599	0.00656	0.00715	0.00443	0.00458	0.00769	0.00887	0.04164	0.02327	0.51333	0.07092	0.08006	0.16556	0.00317	0.00482	0.01051	0.02624	0.00401
5	0.00617	0.00435	0.00583	0.00670	0.00712	0.00425	0.00469	0.00721	0.00892	0.01213	0.02337	0.60809	0.02716	0.05352	0.10629	0.00272	0.00413	0.06729	0.03618	0.00389
6	0.00920	0.00695	0.01042	0.01363	0.26178	0.00664	0.00784	0.01099	0.01069	0.08404	0.11236	0.24873	0.11437	0.03595	0.00597	0.00172	0.00380	0.04558	0.00390	0.00544
7	0.01106	0.01192	0.08478	0.03388	0.53911	0.01085	0.09456	0.02493	0.01070	0.01534	0.02168	0.02757	0.02065	0.00479	0.00515	0.00145	0.03597	0.00458	0.01953	0.02151
8	0.00627	0.00472	0.00690	0.00753	0.00815	0.00446	0.04437	0.00744	0.00939	0.01248	0.02501	0.68147	0.02941	0.01398	0.00606	0.00193	0.00322	0.11889	0.00427	0.00403
9	0.12090	0.02627	0.27019	0.05679	0.19006	0.12685	0.06043	0.04379	0.01078	0.01561	0.00822	0.01016	0.00638	0.00459	0.00468	0.00145	0.03035	0.00366	0.00238	0.00648
10	0.01003	0.02401	0.03176	0.37887	0.12196	0.04417	0.09953	0.02785	0.01032	0.01383	0.01067	0.01639	0.00903	0.00554	0.00513	0.00155	0.03073	0.07805	0.07497	0.00560
11	0.00792	0.00454	0.00638	0.00630	0.00645	0.00473	0.00425	0.01692	0.00669	0.00905	0.01004	0.01795	0.01033	0.17742	0.11714	0.56423	0.02002	0.00475	0.00230	0.00260
12	0.02631	0.07482	0.08089	0.15309	0.10926	0.01064	0.07054	0.07284	0.09133	0.10502	0.02663	0.01264	0.00885	0.00480	0.00444	0.00135	0.00516	0.00414	0.00320	0.13405
13	0.03075	0.14174	0.43835	0.05729	0.10815	0.01198	0.07714	0.01500	0.01019	0.05446	0.00877	0.01041	0.00653	0.00442	0.00436	0.00142	0.00634	0.00367	0.00229	0.00676
14	0.01374	0.00665	0.00853	0.00732	0.00965	0.00608	0.00573	0.04328	0.04264	0.37948	0.15843	0.15699	0.09065	0.00852	0.00511	0.00154	0.00331	0.00729	0.03889	0.00618
15	0.01683	0.03448	0.01231	0.01058	0.01320	0.51436	0.00813	0.03216	0.05447	0.16400	0.05642	0.01326	0.03817	0.00564	0.00448	0.00131	0.00670	0.00405	0.00346	0.00600
16	0.01002	0.03506	0.10070	0.03705	0.05543	0.10365	0.00789	0.07656	0.06763	0.02942	0.14243	0.13948	0.15895	0.00838	0.00506	0.00152	0.00440	0.00705	0.00383	0.00549
17	0.01011	0.00615	0.02672	0.00720	0.00883	0.00551	0.00551	0.01233	0.06804	0.20618	0.05365	0.37304	0.10800	0.03139	0.05235	0.00211	0.00377	0.00928	0.00459	0.00523
18	0.00786	0.00496	0.00618	0.00630	0.00722	0.00505	0.00464	0.03678	0.00971	0.03723	0.05838	0.23356	0.03864	0.08083	0.17652	0.00304	0.00497	0.03893	0.23487	0.00431
19	0.01129	0.01169	0.05956	0.06897	0.64264	0.01110	0.05979	0.01460	0.03343	0.01527	0.00974	0.01236	0.01928	0.00441	0.00473	0.00143	0.00574	0.00436	0.00241	0.00721
20	0.04413	0.03825	0.31800	0.02896	0.09667	0.06001	0.13527	0.11396	0.01202	0.03746	0.02430	0.03503	0.00825	0.00498	0.00464	0.00146	0.00629	0.00434	0.01930	0.00668
21	0.00626	0.00495	0.00693	0.00713	0.00792	0.00478	0.04237	0.00746	0.00961	0.01277	0.08925	0.53058	0.15431	0.01419	0.04709	0.00210	0.03271	0.01132	0.00417	0.00409
22	0.00575	0.00432	0.00535	0.00617	0.00680	0.00392	0.00427	0.00671	0.00952	0.01228	0.03157	0.60584	0.23007	0.01399	0.00592	0.00184	0.00269	0.03473	0.00438	0.00388
23	0.01127	0.06313	0.08887	0.12283	0.09017	0.11096	0.00950	0.08948	0.06426	0.03151	0.03022	0.08626	0.05791	0.02190	0.01855	0.04349	0.02942	0.02141	0.00312	0.00573
