[name]
unknown

[dist]
# distance from previous block
# <min> <max>
0	375

[block]
# block no. 0 follows, 64 sequences, length 10
# corresponding to MSA columns:
# 498-507
name=unknown_A
#
# <colnr> <probs for GDERKNQSTAVLIFYWHMCP>
#	G	D	E	R	K	N	Q	S	T	A	V	L	I	F	Y	W	H	M	C	P
0	0.06598	0.00861	0.00956	0.00807	0.01071	0.05276	0.00661	0.16151	0.15520	0.32484	0.01501	0.01783	0.01160	0.00604	0.00430	0.00138	0.00392	0.12556	0.00429	0.00621
1	0.01151	0.00936	0.07120	0.00830	0.01088	0.00902	0.00696	0.31568	0.16634	0.08173	0.01477	0.22292	0.01335	0.00701	0.00441	0.00138	0.00378	0.00590	0.00394	0.03157
2	0.01033	0.00909	0.01109	0.06688	0.07381	0.09122	0.06937	0.05787	0.04015	0.06650	0.00997	0.05022	0.00856	0.00459	0.00386	0.00105	0.00427	0.04644	0.00280	0.37193
3	0.00906	0.00803	0.01246	0.71660	0.02621	0.00979	0.01098	0.13335	0.01002	0.01299	0.00778	0.01091	0.00577	0.00428	0.00415	0.00136	0.00539	0.00370	0.00220	0.00499
4	0.00957	0.00795	0.00913	0.00661	0.01025	0.00652	0.00532	0.11778	0.01007	0.01522	0.00773	0.00879	0.00627	0.00333	0.00322	0.00070	0.00328	0.00263	0.00269	0.76295
5	0.00961	0.00912	0.01547	0.17429	0.63922	0.00944	0.01207	0.01210	0.00937	0.01319	0.05007	0.01150	0.00808	0.00403	0.00416	0.00126	0.00489	0.00390	0.00215	0.00608
6	0.01579	0.01163	0.01247	0.00956	0.01288	0.01288	0.00789	0.81426	0.01953	0.02618	0.00997	0.00997	0.00706	0.00499	0.00416	0.00125	0.00457	0.00374	0.00416	0.00706
7	0.00861	0.00738	0.00861	0.00615	0.00984	0.00554	0.00492	0.01046	0.00861	0.01354	0.00738	0.00861	0.00615	0.00308	0.00308	0.00062	0.00308	0.00246	0.00246	0.87941
8	0.05560	0.00812	0.01289	0.41997	0.21850	0.00969	0.01070	0.01093	0.00812	0.01161	0.00732	0.01065	0.00601	0.00611	0.05499	0.00172	0.13643	0.00365	0.00195	0.00502
9	0.00987	0.00789	0.00887	0.00722	0.01003	0.00764	0.00572	0.12101	0.24142	0.03830	0.06121	0.04798	0.03318	0.00527	0.00390	0.00109	0.00325	0.02688	0.00352	0.35575

[dist]
# distance from previous block
# <min> <max>
6	11

[block]
# block no. 1 follows, 64 sequences, length 22
# corresponding to MSA columns:
# 520-541
name=unknown_B
#
# <colnr> <probs for GDERKNQSTAVLIFYWHMCP>
#	G	D	E	R	K	N	Q	S	T	A	V	L	I	F	Y	W	H	M	C	P
0	0.00889	0.17341	0.66187	0.01136	0.03931	0.01089	0.01377	0.01301	0.00873	0.01255	0.00716	0.00843	0.00531	0.00387	0.00372	0.00124	0.00580	0.00293	0.00177	0.00600
1	0.00916	0.10024	0.67072	0.01098	0.01657	0.01018	0.01364	0.03412	0.02567	0.03923	0.00783	0.00890	0.00565	0.00399	0.00382	0.00126	0.00572	0.00306	0.00199	0.02726
2	0.04286	0.01128	0.01199	0.00933	0.01254	0.01254	0.00767	0.71862	0.09010	0.02516	0.01045	0.01036	0.00748	0.00501	0.00411	0.00126	0.00441	0.00378	0.00411	0.00694
3	0.00585	0.00404	0.00450	0.00454	0.00473	0.00393	0.00266	0.00602	0.00658	0.00858	0.01738	0.06119	0.12508	0.70724	0.01833	0.00358	0.00370	0.00663	0.00275	0.00268
4	0.00722	0.00361	0.00541	0.00541	0.00541	0.00361	0.00361	0.00541	0.00541	0.00722	0.00722	0.01263	0.00722	0.01443	0.01623	0.87915	0.00361	0.00361	0.00180	0.00180
5	0.01029	0.63354	0.21071	0.00815	0.01223	0.01444	0.00893	0.01246	0.00863	0.01079	0.03295	0.00795	0.00642	0.00381	0.00304	0.00100	0.00476	0.00259	0.00186	0.00547
6	0.01028	0.00987	0.01686	0.02550	0.82811	0.00987	0.01275	0.01275	0.00946	0.01357	0.00781	0.01028	0.00658	0.00370	0.00411	0.00123	0.00493	0.00370	0.00206	0.00658
7	0.00521	0.00410	0.00436	0.00446	0.00538	0.00362	0.00307	0.00596	0.00844	0.01035	0.03265	0.12513	0.53400	0.22432	0.00906	0.00210	0.00262	0.00841	0.00352	0.00324
8	0.66374	0.00894	0.00772	0.00650	0.00926	0.01022	0.00536	0.21524	0.01022	0.02055	0.00684	0.00756	0.00515	0.00414	0.00297	0.00128	0.00356	0.00263	0.00297	0.00515
9	0.01033	0.00892	0.00939	0.00845	0.01080	0.01033	0.00657	0.02207	0.82061	0.01738	0.01691	0.01550	0.01268	0.00564	0.00423	0.00141	0.00329	0.00470	0.00423	0.00657
10	0.00503	0.00374	0.00469	0.00546	0.00594	0.00340	0.00371	0.00582	0.00826	0.01073	0.02682	0.68542	0.19083	0.01250	0.00522	0.00163	0.00235	0.01119	0.00386	0.00340
11	0.88336	0.00803	0.00611	0.00546	0.00803	0.00932	0.00450	0.01221	0.00707	0.01864	0.00578	0.00675	0.00450	0.00386	0.00257	0.00129	0.00321	0.00225	0.00257	0.00450
12	0.00784	0.00738	0.01246	0.84404	0.02861	0.00923	0.01154	0.01061	0.00831	0.01061	0.00738	0.01107	0.00554	0.00415	0.00415	0.00138	0.00554	0.00369	0.00185	0.00461
13	0.01028	0.00987	0.01686	0.02550	0.82811	0.00987	0.01275	0.01275	0.00946	0.01357	0.00781	0.01028	0.00658	0.00370	0.00411	0.00123	0.00493	0.00370	0.00206	0.00658
14	0.00991	0.00949	0.01619	0.14959	0.70691	0.00977	0.01256	0.01242	0.00928	0.01312	0.00775	0.01040	0.00642	0.00377	0.00412	0.00126	0.00503	0.00370	0.00202	0.00628
15	0.18280	0.00850	0.05724	0.56263	0.09003	0.00932	0.01044	0.01125	0.00818	0.01260	0.00710	0.01002	0.00540	0.00404	0.00382	0.00135	0.00506	0.00337	0.00200	0.00484
16	0.00614	0.00528	0.00539	0.00517	0.00679	0.00506	0.00393	0.00962	0.19384	0.01262	0.03636	0.03441	0.64146	0.00941	0.00475	0.00140	0.00237	0.00784	0.00394	0.00420
17	0.00993	0.00951	0.01623	0.14307	0.71327	0.00978	0.01257	0.01244	0.00929	0.01315	0.00775	0.01039	0.00643	0.00377	0.00412	0.00126	0.00502	0.00370	0.00203	0.00630
18	0.00891	0.02068	0.78666	0.01159	0.01757	0.00945	0.01483	0.01355	0.00894	0.05872	0.00795	0.00907	0.00554	0.00401	0.00396	0.00131	0.00599	0.00313	0.00194	0.00619
19	0.00631	0.00434	0.00569	0.00530	0.00635	0.00399	0.00399	0.00826	0.01176	0.04411	0.79863	0.03046	0.03822	0.00838	0.00487	0.00131	0.00201	0.00740	0.00459	0.00403
20	0.00979	0.01089	0.02310	0.05087	0.12087	0.01038	0.68348	0.01313	0.00970	0.01323	0.00829	0.01109	0.00631	0.00355	0.00478	0.00138	0.00669	0.00471	0.00209	0.00568
21	0.00915	0.13147	0.53775	0.01431	0.20114	0.01061	0.01364	0.01297	0.00888	0.01279	0.00731	0.00883	0.00557	0.00384	0.00381	0.00124	0.00564	0.00310	0.00183	0.00613

[dist]
# distance from previous block
# <min> <max>
0	3

[block]
# block no. 2 follows, 64 sequences, length 17
# corresponding to MSA columns:
# 545-561
name=unknown_C
#
# <colnr> <probs for GDERKNQSTAVLIFYWHMCP>
#	G	D	E	R	K	N	Q	S	T	A	V	L	I	F	Y	W	H	M	C	P
0	0.00575	0.00423	0.00533	0.00506	0.00607	0.00386	0.00377	0.00752	0.01126	0.01562	0.68911	0.03219	0.15099	0.03455	0.00540	0.00140	0.00204	0.00765	0.00441	0.00382
1	0.00957	0.01260	0.13882	0.01650	0.02085	0.01045	0.67536	0.01318	0.00955	0.01318	0.00818	0.01079	0.00613	0.00368	0.00503	0.00140	0.03242	0.00460	0.00204	0.00565
2	0.01174	0.08857	0.46955	0.01026	0.01515	0.00922	0.04258	0.01539	0.02614	0.25655	0.01020	0.01042	0.00695	0.00429	0.00395	0.00127	0.00519	0.00343	0.00283	0.00633
3	0.00833	0.02149	0.83250	0.01184	0.01798	0.00965	0.01535	0.01315	0.00877	0.01315	0.00745	0.00877	0.00526	0.00395	0.00395	0.00132	0.00614	0.00307	0.00175	0.00614
4	0.88336	0.00803	0.00611	0.00546	0.00803	0.00932	0.00450	0.01221	0.00707	0.01864	0.00578	0.00675	0.00450	0.00386	0.00257	0.00129	0.00321	0.00225	0.00257	0.00450
5	0.01011	0.01046	0.05991	0.04401	0.74127	0.00986	0.03785	0.01274	0.00941	0.01347	0.00780	0.01025	0.00648	0.00372	0.00413	0.00125	0.00508	0.00371	0.00204	0.00648
6	0.00753	0.06621	0.00897	0.00756	0.00848	0.07184	0.00603	0.00876	0.00740	0.00990	0.01232	0.05633	0.07338	0.03435	0.43590	0.00420	0.16979	0.00472	0.00232	0.00402
7	0.01844	0.00739	0.00984	0.00754	0.01076	0.00658	0.00623	0.07591	0.01242	0.77456	0.01594	0.01385	0.01006	0.00513	0.00418	0.00128	0.00361	0.00415	0.00507	0.00707
8	0.00491	0.00421	0.00421	0.00421	0.00561	0.00351	0.00316	0.00596	0.00947	0.01122	0.04208	0.03997	0.82643	0.01052	0.00491	0.00140	0.00210	0.00877	0.00386	0.00351
9	0.01062	0.71007	0.16395	0.00794	0.01194	0.01525	0.00855	0.01256	0.00850	0.01037	0.00607	0.00703	0.00532	0.00362	0.00289	0.00096	0.00474	0.00237	0.00177	0.00547
10	0.01466	0.01090	0.01176	0.00924	0.01229	0.01208	0.00756	0.70043	0.07481	0.02440	0.01097	0.04119	0.00832	0.00626	0.03404	0.00147	0.00464	0.00413	0.00408	0.00678
11	0.00861	0.00738	0.00861	0.00615	0.00984	0.00554	0.00492	0.01046	0.00861	0.01354	0.00738	0.00861	0.00615	0.00308	0.00308	0.00062	0.00308	0.00246	0.00246	0.87941
12	0.84523	0.00799	0.00626	0.00555	0.00815	0.00918	0.00457	0.01256	0.00728	0.05446	0.00625	0.00707	0.00475	0.00391	0.00264	0.00129	0.00323	0.00233	0.00268	0.00461
13	0.01218	0.01028	0.00989	0.02055	0.03605	0.17353	0.00667	0.28579	0.01257	0.06395	0.01099	0.06089	0.00974	0.11593	0.10882	0.00227	0.01709	0.01542	0.02217	0.00522
14	0.01078	0.00715	0.00869	0.00639	0.00983	0.00558	0.00514	0.01258	0.00953	0.20231	0.05253	0.01107	0.00884	0.00384	0.00343	0.00081	0.00312	0.00312	0.00319	0.63207
15	0.01212	0.00872	0.00904	0.00786	0.01005	0.09050	0.00613	0.09053	0.29638	0.19538	0.09266	0.04603	0.01421	0.05152	0.03501	0.00167	0.00405	0.01827	0.00407	0.00582
16	0.01427	0.01093	0.01168	0.00951	0.01220	0.22218	0.11024	0.09167	0.03534	0.29688	0.01395	0.08249	0.04588	0.00569	0.00431	0.00129	0.00494	0.01711	0.00367	0.00577

[dist]
# distance from previous block
# <min> <max>
0	1

[block]
# block no. 3 follows, 64 sequences, length 10
# corresponding to MSA columns:
# 563-572
name=unknown_D
#
# <colnr> <probs for GDERKNQSTAVLIFYWHMCP>
#	G	D	E	R	K	N	Q	S	T	A	V	L	I	F	Y	W	H	M	C	P
0	0.03986	0.00692	0.00812	0.00633	0.00929	0.00585	0.00499	0.01210	0.07181	0.12836	0.02625	0.05163	0.03970	0.03735	0.02935	0.00120	0.00335	0.00382	0.00313	0.51060
1	0.01039	0.48873	0.11008	0.00761	0.01089	0.06503	0.00748	0.01280	0.05869	0.04014	0.09647	0.01219	0.05475	0.00474	0.00339	0.00107	0.00433	0.00349	0.00248	0.00528
2	0.00605	0.00475	0.00555	0.00569	0.00677	0.00457	0.00437	0.04086	0.02769	0.01202	0.05353	0.17785	0.38551	0.05763	0.02234	0.00179	0.02419	0.15136	0.00374	0.00375
3	0.01042	0.00819	0.00937	0.00696	0.01040	0.00714	0.00559	0.19449	0.01119	0.04217	0.00891	0.04443	0.00739	0.00400	0.00345	0.00083	0.00340	0.00320	0.00299	0.61548
4	0.00848	0.00744	0.00960	0.00700	0.01052	0.00578	0.06718	0.01038	0.00866	0.01333	0.00845	0.06234	0.00752	0.00374	0.00336	0.00074	0.00334	0.00324	0.00252	0.75637
5	0.00851	0.07408	0.78144	0.01154	0.01752	0.01007	0.01483	0.01311	0.00875	0.01294	0.00735	0.00864	0.00527	0.00392	0.00387	0.00129	0.00603	0.00302	0.00176	0.00609
6	0.00875	0.26013	0.48921	0.00954	0.01428	0.01083	0.01142	0.01214	0.00894	0.01234	0.07201	0.01160	0.05310	0.00455	0.00370	0.00120	0.00510	0.00348	0.00209	0.00559
7	0.00593	0.00445	0.00668	0.00668	0.00742	0.00519	0.00519	0.00742	0.00668	0.00964	0.01113	0.01632	0.01038	0.03115	0.83756	0.00668	0.01113	0.00445	0.00223	0.00371
8	0.01361	0.09919	0.09672	0.00889	0.02890	0.10722	0.00765	0.11197	0.13235	0.26541	0.01281	0.07621	0.00988	0.00538	0.00403	0.00127	0.00440	0.00428	0.00367	0.00615
9	0.00515	0.00371	0.00491	0.00583	0.00616	0.00347	0.00400	0.00596	0.00811	0.01074	0.02365	0.76786	0.06118	0.01281	0.00531	0.00169	0.00248	0.05970	0.00385	0.00341

[dist]
# distance from previous block
# <min> <max>
0	6

[block]
# block no. 4 follows, 64 sequences, length 94
# corresponding to MSA columns:
# 579-672
name=unknown_E
#
# <colnr> <probs for GDERKNQSTAVLIFYWHMCP>
#	G	D	E	R	K	N	Q	S	T	A	V	L	I	F	Y	W	H	M	C	P
0	0.04075	0.30337	0.29125	0.12159	0.01530	0.04326	0.01037	0.01209	0.00846	0.01141	0.00746	0.05243	0.00647	0.00452	0.00413	0.00122	0.05536	0.00331	0.00193	0.00531
1	0.00926	0.30058	0.56153	0.01026	0.01553	0.01192	0.01259	0.01291	0.00866	0.01202	0.00689	0.00807	0.00528	0.00382	0.00352	0.00117	0.00557	0.00279	0.00176	0.00587
2	0.01438	0.01792	0.01175	0.01092	0.03241	0.70574	0.00810	0.01546	0.01104	0.01025	0.00692	0.03666	0.00615	0.00487	0.00480	0.00117	0.09140	0.00311	0.00216	0.00478
3	0.00837	0.02119	0.80911	0.01200	0.01809	0.00967	0.03844	0.01316	0.00880	0.01316	0.00748	0.00884	0.00529	0.00393	0.00397	0.00132	0.00616	0.00312	0.00176	0.00612
4	0.00895	0.01916	0.64770	0.01275	0.01841	0.00996	0.15899	0.05122	0.00947	0.01380	0.00775	0.00927	0.00554	0.00392	0.00413	0.00133	0.00622	0.00343	0.00193	0.00609
5	0.00767	0.00703	0.01168	0.73533	0.02595	0.00863	0.01083	0.01033	0.00853	0.01096	0.03109	0.01529	0.00834	0.00502	0.00434	0.00144	0.00526	0.08564	0.00212	0.00451
6	0.01495	0.00897	0.01019	0.00807	0.01091	0.00939	0.00659	0.42881	0.04560	0.24850	0.01300	0.03687	0.00943	0.00535	0.00406	0.00125	0.00383	0.01454	0.11318	0.00650
7	0.00591	0.00448	0.00561	0.00606	0.00716	0.00418	0.00500	0.00750	0.00978	0.01253	0.13734	0.06237	0.31001	0.01077	0.00532	0.00164	0.00293	0.39376	0.00394	0.00371
8	0.00515	0.00425	0.00453	0.00452	0.00581	0.00367	0.00337	0.00648	0.02203	0.01211	0.16104	0.08775	0.64427	0.01029	0.00492	0.00141	0.00212	0.00870	0.00397	0.00361
9	0.00999	0.24918	0.38057	0.01182	0.06445	0.01149	0.12659	0.02891	0.00923	0.04884	0.00803	0.00928	0.01601	0.00391	0.00377	0.00120	0.00552	0.00327	0.00205	0.00589
10	0.03262	0.00781	0.00969	0.01977	0.02412	0.00655	0.04226	0.02487	0.04394	0.01389	0.00779	0.00908	0.00639	0.00342	0.00357	0.00077	0.02948	0.00276	0.00252	0.70870
11	0.04335	0.00942	0.03906	0.29724	0.19286	0.02999	0.18319	0.01278	0.00923	0.09349	0.00873	0.02589	0.00673	0.00424	0.00448	0.00135	0.02607	0.00405	0.00234	0.00551
12	0.01542	0.01047	0.02842	0.00882	0.01200	0.01099	0.00737	0.58734	0.03901	0.16107	0.01144	0.01117	0.00797	0.00500	0.00407	0.00124	0.00422	0.00383	0.06332	0.00682
13	0.00556	0.00411	0.00561	0.03441	0.00716	0.00419	0.00448	0.00658	0.00770	0.01031	0.01989	0.43015	0.07876	0.08725	0.21741	0.00313	0.00493	0.06164	0.00326	0.00347
14	0.01102	0.14880	0.37616	0.01158	0.05504	0.16149	0.06234	0.05819	0.03031	0.03661	0.00772	0.00883	0.00585	0.00404	0.00380	0.00120	0.00588	0.00312	0.00216	0.00585
15	0.01110	0.61988	0.05807	0.00785	0.01106	0.10456	0.00755	0.02758	0.00905	0.01051	0.01651	0.02726	0.00707	0.00440	0.00339	0.00103	0.02741	0.03853	0.00203	0.00520
16	0.00983	0.00799	0.00945	0.00692	0.01048	0.00671	0.02404	0.11327	0.03365	0.03860	0.00886	0.00974	0.02057	0.00359	0.00335	0.00077	0.00336	0.00290	0.00282	0.68311
17	0.00960	0.03145	0.11039	0.16539	0.52053	0.00999	0.04534	0.01236	0.00908	0.01281	0.00761	0.01016	0.00617	0.00389	0.00435	0.00128	0.02789	0.00364	0.00197	0.00606
18	0.00560	0.00398	0.00512	0.00533	0.00588	0.00373	0.00368	0.00680	0.00947	0.01309	0.40222	0.33777	0.03116	0.13798	0.00750	0.00186	0.00244	0.00890	0.00399	0.00350
19	0.00887	0.00890	0.01592	0.17652	0.25228	0.02236	0.25113	0.01166	0.02632	0.01273	0.04270	0.04822	0.07191	0.00506	0.00454	0.00137	0.00522	0.02652	0.00243	0.00534
20	0.00963	0.15612	0.50713	0.01277	0.12527	0.06052	0.01293	0.02744	0.00912	0.01264	0.00716	0.00858	0.00549	0.00396	0.00397	0.00123	0.02518	0.00302	0.00187	0.00597
21	0.00506	0.00361	0.00482	0.00578	0.00602	0.00337	0.00386	0.00578	0.00795	0.01060	0.02289	0.85131	0.02747	0.01301	0.00530	0.00169	0.00241	0.01181	0.00386	0.00337
22	0.00620	0.00564	0.00852	0.00746	0.01972	0.00509	0.15482	0.01794	0.00944	0.01185	0.04545	0.13418	0.47280	0.02994	0.00538	0.00152	0.00327	0.05331	0.00349	0.00397
23	0.01077	0.03092	0.01469	0.10524	0.03442	0.08122	0.24857	0.09464	0.07402	0.07243	0.01003	0.01334	0.00824	0.11759	0.03165	0.00185	0.03803	0.00438	0.00271	0.00526
24	0.00576	0.00434	0.00534	0.00510	0.00619	0.00398	0.00382	0.00774	0.03091	0.01538	0.62079	0.05023	0.20713	0.00895	0.00489	0.00134	0.00203	0.00780	0.00440	0.00388
25	0.00506	0.00361	0.00482	0.00578	0.00602	0.00337	0.00386	0.00578	0.00795	0.01060	0.02289	0.85131	0.02747	0.01301	0.00530	0.00169	0.00241	0.01181	0.00386	0.00337
26	0.00539	0.00454	0.00493	0.00516	0.02827	0.00400	0.00373	0.00695	0.03850	0.01193	0.09570	0.04967	0.67720	0.01009	0.00490	0.00141	0.00228	0.03773	0.00387	0.00374
27	0.00980	0.46513	0.40177	0.00933	0.01409	0.01325	0.01097	0.01277	0.00859	0.01136	0.00656	0.00765	0.00530	0.00374	0.00327	0.00109	0.00524	0.00262	0.00177	0.00571
28	0.00722	0.00361	0.00541	0.00541	0.00541	0.00361	0.00361	0.00541	0.00541	0.00722	0.00722	0.01263	0.00722	0.01443	0.01623	0.87915	0.00361	0.00361	0.00180	0.00180
29	0.00495	0.00419	0.00428	0.00430	0.00565	0.00352	0.00321	0.00603	0.00950	0.01141	0.07197	0.06746	0.76834	0.01053	0.00492	0.00141	0.00211	0.00882	0.00389	0.00352
30	0.01552	0.01980	0.01177	0.01070	0.01284	0.83735	0.00803	0.01659	0.01177	0.01017	0.00642	0.00749	0.00535	0.00428	0.00375	0.00107	0.00749	0.00268	0.00214	0.00482
31	0.01111	0.85652	0.02177	0.00711	0.01066	0.01644	0.00711	0.01244	0.00844	0.00977	0.00577	0.00666	0.00533	0.00355	0.00267	0.00089	0.00444	0.00222	0.00178	0.00533
32	0.00824	0.02084	0.80160	0.01159	0.01754	0.00943	0.01492	0.01296	0.00888	0.01329	0.03804	0.00960	0.00653	0.00412	0.00398	0.00132	0.00598	0.00324	0.00186	0.00606
33	0.00506	0.00361	0.00482	0.00578	0.00602	0.00337	0.00386	0.00578	0.00795	0.01060	0.02289	0.85131	0.02747	0.01301	0.00530	0.00169	0.00241	0.01181	0.00386	0.00337
34	0.01744	0.00681	0.00926	0.00719	0.01019	0.00590	0.00590	0.01908	0.01188	0.75493	0.09200	0.01572	0.01298	0.00545	0.00424	0.00129	0.00339	0.00449	0.00509	0.00677
35	0.01165	0.24692	0.25543	0.00946	0.01339	0.07115	0.02346	0.15244	0.03220	0.07533	0.00873	0.01009	0.00680	0.00523	0.02964	0.00136	0.01582	0.02243	0.00259	0.00590
36	0.00967	0.03443	0.07705	0.01623	0.02014	0.01082	0.66243	0.01296	0.00937	0.01289	0.00799	0.01072	0.00613	0.00389	0.00560	0.00142	0.08609	0.00459	0.00204	0.00553
37	0.00784	0.00738	0.01246	0.84404	0.02861	0.00923	0.01154	0.01061	0.00831	0.01061	0.00738	0.01107	0.00554	0.00415	0.00415	0.00138	0.00554	0.00369	0.00185	0.00461
38	0.00491	0.00421	0.00421	0.00421	0.00561	0.00351	0.00316	0.00596	0.00947	0.01122	0.04208	0.03997	0.82643	0.01052	0.00491	0.00140	0.00210	0.00877	0.00386	0.00351
39	0.00491	0.00421	0.00421	0.00421	0.00561	0.00351	0.00316	0.00596	0.00947	0.01122	0.04208	0.03997	0.82643	0.01052	0.00491	0.00140	0.00210	0.00877	0.00386	0.00351
40	0.00585	0.00424	0.00552	0.00520	0.00619	0.00391	0.00390	0.00779	0.01170	0.01651	0.80466	0.03127	0.06055	0.00855	0.00490	0.00131	0.00196	0.00755	0.00455	0.00391
41	0.01027	0.01026	0.01863	0.02144	0.49994	0.01017	0.26218	0.03311	0.06580	0.01406	0.00868	0.01092	0.00693	0.00380	0.00437	0.00130	0.00546	0.00415	0.00227	0.00629
42	0.01183	0.60649	0.01905	0.00815	0.01129	0.12453	0.02331	0.07478	0.00963	0.01117	0.00632	0.00742	0.00559	0.00446	0.01921	0.00110	0.04573	0.00256	0.00203	0.00533
43	0.00497	0.00398	0.00444	0.00480	0.00577	0.00346	0.00342	0.00589	0.00889	0.01099	0.03482	0.34677	0.52431	0.01146	0.00506	0.00151	0.00222	0.00992	0.00386	0.00346
44	0.01078	0.08283	0.35630	0.00974	0.03380	0.00933	0.01022	0.12830	0.04039	0.12728	0.10730	0.01379	0.02223	0.00510	0.00409	0.00128	0.00468	0.02347	0.00307	0.00600
45	0.00911	0.06453	0.67770	0.01187	0.01756	0.00991	0.08479	0.01348	0.00900	0.05294	0.00788	0.00913	0.00560	0.00394	0.00397	0.00130	0.00600	0.00324	0.00195	0.00609
46	0.01111	0.85652	0.02177	0.00711	0.01066	0.01644	0.00711	0.01244	0.00844	0.00977	0.00577	0.00666	0.00533	0.00355	0.00267	0.00089	0.00444	0.00222	0.00178	0.00533
47	0.00522	0.00373	0.00501	0.00597	0.00628	0.00351	0.00414	0.00607	0.00811	0.01079	0.02280	0.77062	0.02711	0.01286	0.00535	0.00171	0.00255	0.09088	0.00385	0.00342
48	0.00593	0.00445	0.00668	0.00668	0.00742	0.00519	0.00519	0.00742	0.00668	0.00964	0.01113	0.01632	0.01038	0.03115	0.83756	0.00668	0.01113	0.00445	0.00223	0.00371
49	0.01111	0.85652	0.02177	0.00711	0.01066	0.01644	0.00711	0.01244	0.00844	0.00977	0.00577	0.00666	0.00533	0.00355	0.00267	0.00089	0.00444	0.00222	0.00178	0.00533
50	0.88336	0.00803	0.00611	0.00546	0.00803	0.00932	0.00450	0.01221	0.00707	0.01864	0.00578	0.00675	0.00450	0.00386	0.00257	0.00129	0.00321	0.00225	0.00257	0.00450
51	0.00980	0.01120	0.02451	0.01751	0.02171	0.01050	0.81303	0.01331	0.00980	0.01331	0.00840	0.01120	0.00630	0.00350	0.00490	0.00140	0.00700	0.00490	0.00210	0.00560
52	0.00581	0.00424	0.00546	0.00516	0.00617	0.00389	0.00387	0.00771	0.01160	0.01629	0.77339	0.03163	0.09195	0.00863	0.00490	0.00131	0.00197	0.00760	0.00452	0.00389
53	0.00506	0.00363	0.00481	0.00576	0.00602	0.00338	0.00384	0.00579	0.00798	0.01061	0.02322	0.83736	0.04121	0.01297	0.00529	0.00168	0.00240	0.01176	0.00386	0.00338
54	0.00966	0.01078	0.02215	0.01619	0.01955	0.01095	0.65211	0.01264	0.00911	0.01264	0.00781	0.01078	0.00613	0.00426	0.00665	0.00148	0.17502	0.00465	0.00204	0.00539
55	0.01028	0.00987	0.01686	0.02550	0.82811	0.00987	0.01275	0.01275	0.00946	0.01357	0.00781	0.01028	0.00658	0.00370	0.00411	0.00123	0.00493	0.00370	0.00206	0.00658
56	0.00506	0.00361	0.00482	0.00578	0.00602	0.00337	0.00386	0.00578	0.00795	0.01060	0.02289	0.85131	0.02747	0.01301	0.00530	0.00169	0.00241	0.01181	0.00386	0.00337
57	0.00552	0.00372	0.00489	0.00549	0.00584	0.00350	0.00371	0.00578	0.00755	0.00991	0.02166	0.53786	0.12482	0.03602	0.02671	0.17829	0.00285	0.00945	0.00337	0.00306
58	0.00833	0.02149	0.83250	0.01184	0.01798	0.00965	0.01535	0.01315	0.00877	0.01315	0.00745	0.00877	0.00526	0.00395	0.00395	0.00132	0.00614	0.00307	0.00175	0.00614
59	0.01006	0.00962	0.01630	0.03670	0.75775	0.00965	0.02323	0.01268	0.02537	0.01352	0.00905	0.01162	0.02795	0.00401	0.00417	0.00125	0.00485	0.01361	0.00216	0.00642
60	0.00506	0.00361	0.00482	0.00578	0.00602	0.00337	0.00386	0.00578	0.00795	0.01060	0.02289	0.85131	0.02747	0.01301	0.00530	0.00169	0.00241	0.01181	0.00386	0.00337
61	0.01098	0.00920	0.00961	0.00852	0.01095	0.02446	0.00666	0.06643	0.73737	0.04233	0.01632	0.01501	0.01217	0.00556	0.00421	0.00139	0.00344	0.00459	0.00421	0.00659
62	0.61263	0.01041	0.06701	0.00828	0.07016	0.09247	0.02015	0.03753	0.00826	0.01701	0.00638	0.00757	0.00500	0.00439	0.01723	0.00135	0.00422	0.00259	0.00247	0.00489
63	0.01881	0.11383	0.29342	0.04914	0.17130	0.08581	0.05052	0.01437	0.11287	0.02524	0.00882	0.01041	0.00689	0.00422	0.00392	0.00125	0.00538	0.01558	0.00228	0.00593
64	0.01012	0.00969	0.01652	0.04116	0.79527	0.00972	0.01254	0.01256	0.00940	0.01345	0.00812	0.02783	0.00699	0.00390	0.00414	0.00125	0.00489	0.00387	0.00209	0.00647
65	0.00512	0.00369	0.00487	0.00579	0.00612	0.00344	0.00394	0.00591	0.00809	0.01071	0.02374	0.77937	0.06429	0.01283	0.00530	0.00168	0.00246	0.04538	0.00385	0.00340
66	0.01152	0.73510	0.04573	0.00766	0.01114	0.10998	0.00747	0.01293	0.00883	0.00992	0.00590	0.00682	0.00533	0.00365	0.00283	0.00092	0.00484	0.00230	0.00182	0.00530
67	0.00625	0.00490	0.02604	0.00552	0.00670	0.00434	0.00432	0.03294	0.01193	0.01687	0.78058	0.02983	0.03737	0.00827	0.00485	0.00130	0.00214	0.00729	0.00449	0.00407
68	0.00817	0.00693	0.00824	0.02548	0.00982	0.00536	0.00495	0.00990	0.00853	0.01311	0.00926	0.11048	0.00871	0.00430	0.00337	0.00076	0.00305	0.00362	0.00262	0.75335
69	0.00833	0.02149	0.83250	0.01184	0.01798	0.00965	0.01535	0.01315	0.00877	0.01315	0.00745	0.00877	0.00526	0.00395	0.00395	0.00132	0.00614	0.00307	0.00175	0.00614
70	0.00588	0.00425	0.00555	0.00523	0.00621	0.00392	0.00392	0.00784	0.01176	0.01666	0.82592	0.03103	0.03919	0.00849	0.00490	0.00131	0.00196	0.00751	0.00457	0.00392
71	0.01033	0.00892	0.00939	0.00845	0.01080	0.01033	0.00657	0.02207	0.82061	0.01738	0.01691	0.01550	0.01268	0.00564	0.00423	0.00141	0.00329	0.00470	0.00423	0.00657
72	0.00980	0.01120	0.02451	0.01751	0.02171	0.01050	0.81303	0.01331	0.00980	0.01331	0.00840	0.01120	0.00630	0.00350	0.00490	0.00140	0.00700	0.00490	0.00210	0.00560
73	0.01578	0.01184	0.01245	0.00959	0.01288	0.03346	0.00790	0.79435	0.01934	0.02578	0.00988	0.00991	0.00702	0.00497	0.00415	0.00124	0.00464	0.00371	0.00410	0.00701
74	0.00882	0.02080	0.79343	0.01163	0.01763	0.00948	0.01491	0.01349	0.00892	0.05199	0.00788	0.00902	0.00550	0.00400	0.00396	0.00131	0.00602	0.00312	0.00191	0.00618
75	0.00859	0.07253	0.73608	0.01187	0.01774	0.01012	0.06054	0.01312	0.00881	0.01295	0.00740	0.00878	0.00533	0.00390	0.00392	0.00129	0.00608	0.00312	0.00178	0.00606
76	0.88336	0.00803	0.00611	0.00546	0.00803	0.00932	0.00450	0.01221	0.00707	0.01864	0.00578	0.00675	0.00450	0.00386	0.00257	0.00129	0.00321	0.00225	0.00257	0.00450
77	0.00980	0.01120	0.02451	0.01751	0.02171	0.01050	0.81303	0.01331	0.00980	0.01331	0.00840	0.01120	0.00630	0.00350	0.00490	0.00140	0.00700	0.00490	0.00210	0.00560
78	0.00917	0.00876	0.01474	0.37546	0.43865	0.00976	0.01202	0.01168	0.00879	0.01210	0.00749	0.01055	0.00607	0.00410	0.00467	0.00133	0.05340	0.00369	0.00195	0.00562
79	0.00970	0.01175	0.07056	0.01705	0.02127	0.01050	0.75071	0.01323	0.00967	0.01323	0.00829	0.01102	0.00623	0.00360	0.00503	0.00140	0.02430	0.00477	0.00208	0.00561
80	0.01028	0.00987	0.01686	0.02550	0.82811	0.00987	0.01275	0.01275	0.00946	0.01357	0.00781	0.01028	0.00658	0.00370	0.00411	0.00123	0.00493	0.00370	0.00206	0.00658
81	0.00506	0.00361	0.00482	0.00578	0.00602	0.00337	0.00386	0.00578	0.00795	0.01060	0.02289	0.85131	0.02747	0.01301	0.00530	0.00169	0.00241	0.01181	0.00386	0.00337
82	0.09571	0.03895	0.03322	0.08932	0.01288	0.11099	0.02401	0.11140	0.09340	0.27909	0.02345	0.01217	0.00871	0.00543	0.02280	0.00139	0.00459	0.01234	0.01420	0.00595
83	0.00589	0.00431	0.00523	0.00502	0.00617	0.00387	0.00380	0.00751	0.01083	0.03341	0.50824	0.03405	0.29327	0.02464	0.00521	0.00141	0.00215	0.03685	0.00429	0.00383
84	0.00588	0.00425	0.00555	0.00523	0.00621	0.00392	0.00392	0.00784	0.01176	0.01666	0.82592	0.03103	0.03919	0.00849	0.00490	0.00131	0.00196	0.00751	0.00457	0.00392
85	0.00506	0.00361	0.00482	0.00578	0.00602	0.00337	0.00386	0.00578	0.00795	0.01060	0.02289	0.85131	0.02747	0.01301	0.00530	0.00169	0.00241	0.01181	0.00386	0.00337
86	0.12842	0.05868	0.03912	0.11952	0.06086	0.18145	0.02479	0.17238	0.03354	0.12945	0.00895	0.00973	0.00657	0.00440	0.00379	0.00123	0.00506	0.00332	0.00299	0.00574
87	0.01495	0.02919	0.04072	0.00878	0.03628	0.00835	0.00717	0.04398	0.14053	0.47949	0.02515	0.01329	0.00990	0.00542	0.00540	0.00136	0.11520	0.00412	0.00421	0.00652
88	0.01009	0.00539	0.00686	0.00595	0.00754	0.00502	0.00450	0.02475	0.04772	0.25981	0.37724	0.02436	0.03593	0.15742	0.00752	0.00179	0.00290	0.00608	0.00435	0.00478
89	0.01552	0.01980	0.01177	0.01070	0.01284	0.83735	0.00803	0.01659	0.01177	0.01017	0.00642	0.00749	0.00535	0.00428	0.00375	0.00107	0.00749	0.00268	0.00214	0.00482
90	0.00887	0.00872	0.01380	0.36076	0.11453	0.02889	0.09163	0.01168	0.05690	0.01156	0.02234	0.01118	0.00685	0.00558	0.02579	0.00159	0.20829	0.00392	0.00210	0.00502
91	0.00728	0.00532	0.00636	0.00586	0.00727	0.00527	0.00447	0.01108	0.17414	0.05637	0.52631	0.02818	0.12976	0.00800	0.00473	0.00134	0.00232	0.00694	0.00444	0.00456
92	0.00506	0.00363	0.00480	0.00574	0.00601	0.00338	0.00384	0.00579	0.00799	0.01062	0.02341	0.82950	0.04895	0.01295	0.00529	0.00168	0.00240	0.01173	0.00386	0.00338
93	0.70859	0.00784	0.00678	0.00628	0.02515	0.02134	0.01769	0.02081	0.00733	0.01720	0.00673	0.00850	0.00553	0.02723	0.08793	0.00189	0.00420	0.00268	0.01185	0.00446

[dist]
# distance from previous block
# <min> <max>
2	6

[block]
# block no. 5 follows, 64 sequences, length 48
# corresponding to MSA columns:
# 679-726
name=unknown_F
#
# <colnr> <probs for GDERKNQSTAVLIFYWHMCP>
#	G	D	E	R	K	N	Q	S	T	A	V	L	I	F	Y	W	H	M	C	P
0	0.08815	0.00936	0.02509	0.00967	0.10803	0.03375	0.00698	0.17092	0.08732	0.06152	0.00913	0.00984	0.00702	0.00408	0.00376	0.00103	0.01887	0.00318	0.00304	0.33926
1	0.00913	0.00877	0.06431	0.00860	0.01137	0.02027	0.10557	0.07702	0.03461	0.04523	0.08180	0.02591	0.12064	0.00567	0.00519	0.00120	0.09959	0.01448	0.00299	0.25764
2	0.02521	0.04554	0.02109	0.01077	0.09879	0.03935	0.13802	0.05029	0.02135	0.01281	0.00893	0.02384	0.00771	0.01126	0.22936	0.00258	0.02449	0.00379	0.00236	0.22244
3	0.01021	0.00989	0.01717	0.04029	0.77155	0.00989	0.05412	0.01274	0.00945	0.01350	0.00784	0.01034	0.00655	0.00370	0.00415	0.00125	0.00505	0.00376	0.00205	0.00649
4	0.00722	0.00361	0.00541	0.00541	0.00541	0.00361	0.00361	0.00541	0.00541	0.00722	0.00722	0.01263	0.00722	0.01443	0.01623	0.87915	0.00361	0.00361	0.00180	0.00180
5	0.05538	0.01185	0.01169	0.00932	0.01237	0.08879	0.00757	0.59483	0.12763	0.02314	0.01040	0.01035	0.00755	0.00496	0.00405	0.00125	0.00460	0.00370	0.00390	0.00667
6	0.00588	0.00426	0.00556	0.00528	0.00627	0.00394	0.00399	0.00782	0.01164	0.01641	0.78362	0.03172	0.05591	0.00863	0.00493	0.00133	0.00202	0.03236	0.00453	0.00391
7	0.00934	0.20146	0.62441	0.01064	0.01610	0.01097	0.01320	0.01328	0.00882	0.04502	0.00745	0.00853	0.00548	0.00391	0.00368	0.00122	0.00567	0.00293	0.00189	0.00600
8	0.03085	0.01078	0.01199	0.00985	0.04808	0.01173	0.00774	0.64478	0.04294	0.10094	0.01095	0.03147	0.00799	0.00514	0.00416	0.00127	0.00437	0.00398	0.00412	0.00689
9	0.00531	0.00422	0.00476	0.00463	0.00586	0.00368	0.00347	0.00674	0.01042	0.01347	0.36648	0.03627	0.50062	0.00968	0.00490	0.00136	0.00204	0.00825	0.00415	0.00368
10	0.00904	0.00903	0.01271	0.03994	0.01152	0.01260	0.00917	0.01002	0.00643	0.01002	0.00552	0.00916	0.00546	0.00716	0.01330	0.00180	0.81711	0.00364	0.00182	0.00455
11	0.01521	0.01123	0.01201	0.00932	0.01251	0.01245	0.00766	0.74057	0.06896	0.02531	0.01051	0.01048	0.00752	0.00502	0.00412	0.00125	0.00441	0.00380	0.03072	0.00694
12	0.01010	0.00969	0.01653	0.08600	0.76901	0.00982	0.01266	0.01259	0.00937	0.01335	0.00778	0.01034	0.00650	0.00373	0.00412	0.00124	0.00498	0.00370	0.00204	0.00643
13	0.01544	0.03494	0.01198	0.01060	0.01280	0.79720	0.00800	0.04074	0.01195	0.01065	0.00652	0.00755	0.00540	0.00429	0.00374	0.00107	0.00735	0.00270	0.00219	0.00489
14	0.00510	0.00412	0.00454	0.00464	0.00578	0.00356	0.00340	0.00625	0.00961	0.01204	0.17218	0.17109	0.56200	0.01058	0.00497	0.00143	0.00213	0.00905	0.00398	0.00356
15	0.00582	0.00424	0.00547	0.00516	0.00617	0.00389	0.00387	0.00772	0.01162	0.01632	0.77789	0.03158	0.08743	0.00862	0.00490	0.00131	0.00197	0.00759	0.00453	0.00389
16	0.01694	0.00850	0.01043	0.00796	0.01124	0.00815	0.00656	0.26458	0.01398	0.51562	0.01367	0.01240	0.00895	0.00492	0.00408	0.00122	0.00382	0.00390	0.00462	0.07845
17	0.00519	0.00439	0.00453	0.00456	0.00596	0.00380	0.00349	0.00662	0.03416	0.01149	0.04000	0.03968	0.74929	0.01043	0.00494	0.00144	0.00225	0.06029	0.00387	0.00362
18	0.00519	0.00379	0.00493	0.00577	0.00616	0.00356	0.00394	0.00617	0.02253	0.01080	0.02398	0.74785	0.08445	0.01292	0.01707	0.00174	0.00256	0.02929	0.00384	0.00346
19	0.00887	0.00877	0.01231	0.01061	0.01066	0.01220	0.00882	0.00982	0.00638	0.00997	0.00584	0.00959	0.00579	0.00892	0.07041	0.00215	0.78886	0.00369	0.00185	0.00449
20	0.00506	0.00364	0.00480	0.00573	0.00601	0.00338	0.00383	0.00579	0.00801	0.01062	0.02356	0.82303	0.05532	0.01293	0.00529	0.00168	0.00240	0.01170	0.00386	0.00338
21	0.00506	0.00361	0.00482	0.00578	0.00602	0.00337	0.00386	0.00578	0.00795	0.01060	0.02289	0.85131	0.02747	0.01301	0.00530	0.00169	0.00241	0.01181	0.00386	0.00337
22	0.00584	0.00424	0.00549	0.00518	0.00618	0.00390	0.00389	0.00776	0.01166	0.01642	0.79156	0.03142	0.07370	0.00858	0.00490	0.00131	0.00197	0.00757	0.00454	0.00390
23	0.16722	0.01914	0.02488	0.00727	0.01040	0.00745	0.00612	0.09162	0.01159	0.57425	0.01360	0.01230	0.00883	0.00486	0.00385	0.00127	0.00360	0.00375	0.02148	0.00652
24	0.00506	0.00361	0.00482	0.00578	0.00602	0.00337	0.00386	0.00578	0.00795	0.01060	0.02289	0.85131	0.02747	0.01301	0.00530	0.00169	0.00241	0.01181	0.00386	0.00337
25	0.01600	0.00649	0.00879	0.00694	0.00969	0.00565	0.00565	0.01768	0.01186	0.66272	0.18366	0.01763	0.01626	0.00583	0.00433	0.00129	0.00321	0.00487	0.00502	0.00642
26	0.00784	0.00738	0.01246	0.84404	0.02861	0.00923	0.01154	0.01061	0.00831	0.01061	0.00738	0.01107	0.00554	0.00415	0.00415	0.00138	0.00554	0.00369	0.00185	0.00461
27	0.00866	0.00868	0.01384	0.01138	0.01225	0.01090	0.16591	0.01005	0.00717	0.01061	0.00799	0.08131	0.00801	0.04006	0.04092	0.00198	0.54894	0.00469	0.00209	0.00455
28	0.00603	0.00408	0.00478	0.00478	0.00486	0.00416	0.00283	0.00620	0.00611	0.00824	0.01286	0.02593	0.01456	0.75922	0.11520	0.00433	0.00484	0.00586	0.00248	0.00265
29	0.00784	0.00738	0.01246	0.84404	0.02861	0.00923	0.01154	0.01061	0.00831	0.01061	0.00738	0.01107	0.00554	0.00415	0.00415	0.00138	0.00554	0.00369	0.00185	0.00461
30	0.01737	0.00711	0.00951	0.00723	0.01051	0.00603	0.00596	0.01901	0.01148	0.72808	0.01525	0.01344	0.00976	0.00488	0.00404	0.00120	0.00348	0.00396	0.00480	0.11688
31	0.00861	0.00738	0.00861	0.00615	0.00984	0.00554	0.00492	0.01046	0.00861	0.01354	0.00738	0.00861	0.00615	0.00308	0.00308	0.00062	0.00308	0.00246	0.00246	0.87941
32	0.00556	0.00423	0.00511	0.00489	0.00601	0.00378	0.00367	0.00722	0.01101	0.01488	0.56961	0.03395	0.29661	0.00915	0.00490	0.00134	0.00201	0.00792	0.00434	0.00378
33	0.00784	0.00738	0.01246	0.84404	0.02861	0.00923	0.01154	0.01061	0.00831	0.01061	0.00738	0.01107	0.00554	0.00415	0.00415	0.00138	0.00554	0.00369	0.00185	0.00461
34	0.00513	0.00367	0.00490	0.00587	0.00614	0.00344	0.00398	0.00591	0.00802	0.01069	0.02285	0.81511	0.02731	0.01294	0.00532	0.00170	0.00247	0.04728	0.00385	0.00339
35	0.00874	0.00750	0.00867	0.00632	0.00992	0.00590	0.00505	0.01133	0.06929	0.01382	0.00809	0.00913	0.00664	0.00327	0.00316	0.00067	0.00309	0.00263	0.00259	0.81419
36	0.00842	0.04682	0.80790	0.01170	0.01776	0.00985	0.01510	0.01313	0.00876	0.01305	0.00740	0.00871	0.00526	0.00393	0.00391	0.00130	0.00609	0.00304	0.00175	0.00611
37	0.01206	0.01422	0.01219	0.20556	0.01625	0.45402	0.04142	0.01358	0.00995	0.01040	0.00750	0.05513	0.00666	0.00510	0.00530	0.00129	0.11893	0.00363	0.00212	0.00468
38	0.00584	0.00422	0.00552	0.00525	0.00620	0.00390	0.00392	0.00775	0.01159	0.01639	0.79072	0.06698	0.03868	0.00869	0.00492	0.00132	0.00198	0.00770	0.00454	0.00390
39	0.01313	0.00818	0.00956	0.03228	0.01065	0.00865	0.00626	0.26911	0.13693	0.22760	0.05221	0.03057	0.01183	0.13831	0.00708	0.00174	0.02123	0.00468	0.00406	0.00594
40	0.00659	0.00443	0.00564	0.00523	0.00642	0.00401	0.00396	0.00840	0.01145	0.07003	0.66395	0.03114	0.14590	0.00855	0.00485	0.00132	0.00208	0.00746	0.00451	0.00407
41	0.04386	0.02716	0.04392	0.01264	0.07297	0.15606	0.24046	0.09359	0.17681	0.02930	0.00986	0.01093	0.00753	0.00465	0.01535	0.00134	0.00556	0.00394	0.00281	0.04127
42	0.00592	0.00437	0.00556	0.00531	0.00635	0.00407	0.00402	0.00803	0.03172	0.01597	0.69779	0.04529	0.10485	0.00877	0.00492	0.00134	0.00208	0.03524	0.00447	0.00394
43	0.00593	0.00443	0.00567	0.00538	0.00636	0.00421	0.00404	0.00793	0.02796	0.01576	0.68500	0.07295	0.09989	0.00880	0.00513	0.00135	0.02321	0.00768	0.00440	0.00393
44	0.00610	0.00435	0.00545	0.00520	0.00633	0.00394	0.00396	0.00785	0.01116	0.04006	0.59325	0.03323	0.20533	0.00897	0.00492	0.00136	0.00213	0.04806	0.00440	0.00392
45	0.00846	0.00482	0.00638	0.00566	0.00709	0.00436	0.00436	0.01035	0.01178	0.18121	0.66233	0.02761	0.03335	0.00781	0.00475	0.00130	0.00228	0.00684	0.00469	0.00456
46	0.00950	0.01034	0.05143	0.17329	0.22905	0.00998	0.37185	0.01304	0.05396	0.01301	0.00848	0.01110	0.00655	0.00394	0.00462	0.01183	0.00592	0.00427	0.00214	0.00570
47	0.01010	0.00962	0.01635	0.02461	0.78726	0.00962	0.01245	0.01254	0.00946	0.01351	0.00852	0.01210	0.00744	0.00409	0.00419	0.00127	0.00488	0.04341	0.00214	0.00644

[dist]
# distance from previous block
# <min> <max>
7	14

[block]
# block no. 6 follows, 64 sequences, length 28
# corresponding to MSA columns:
# 741-768
name=unknown_G
#
# <colnr> <probs for GDERKNQSTAVLIFYWHMCP>
#	G	D	E	R	K	N	Q	S	T	A	V	L	I	F	Y	W	H	M	C	P
0	0.00873	0.00947	0.05795	0.55941	0.11023	0.04444	0.12776	0.01161	0.00881	0.01143	0.00754	0.01074	0.00573	0.00401	0.00423	0.00135	0.00580	0.00379	0.00191	0.00505
1	0.00977	0.00865	0.01068	0.06144	0.13956	0.00962	0.02641	0.03479	0.53395	0.01589	0.01689	0.01646	0.08624	0.00563	0.00428	0.00138	0.00369	0.00484	0.00366	0.00616
2	0.00613	0.00428	0.00538	0.00518	0.00599	0.00409	0.00370	0.00744	0.00950	0.03454	0.41588	0.04343	0.11966	0.21071	0.10366	0.00258	0.00356	0.00695	0.00374	0.00359
3	0.00878	0.00916	0.04025	0.17944	0.09363	0.06483	0.17621	0.02186	0.05555	0.01257	0.05823	0.04135	0.10472	0.00575	0.00504	0.01825	0.03838	0.02155	0.00261	0.04184
4	0.00842	0.04676	0.80796	0.01170	0.01776	0.00985	0.01510	0.01313	0.00876	0.01305	0.00740	0.00871	0.00526	0.00393	0.00391	0.00130	0.00609	0.00304	0.00175	0.00611
5	0.00995	0.09983	0.37903	0.01241	0.04602	0.02700	0.18070	0.05316	0.06356	0.04130	0.00898	0.01025	0.01824	0.00420	0.00433	0.00130	0.02784	0.00366	0.00228	0.00596
6	0.00500	0.00408	0.00442	0.00461	0.00574	0.00350	0.00335	0.00604	0.00928	0.01142	0.08513	0.21374	0.60741	0.01093	0.00499	0.00146	0.00216	0.00934	0.00390	0.00350
7	0.01033	0.00892	0.00939	0.00845	0.01080	0.01033	0.00657	0.02207	0.82061	0.01738	0.01691	0.01550	0.01268	0.00564	0.00423	0.00141	0.00329	0.00470	0.00423	0.00657
8	0.01356	0.01047	0.01212	0.02309	0.04260	0.01157	0.04367	0.47772	0.24353	0.04354	0.01193	0.01184	0.00872	0.00553	0.01951	0.00140	0.00444	0.00408	0.00396	0.00674
9	0.01103	0.01047	0.12777	0.02005	0.01219	0.00959	0.02668	0.09182	0.45629	0.10208	0.02983	0.01437	0.02168	0.00641	0.03937	0.00159	0.00425	0.00441	0.00380	0.00635
10	0.00593	0.00445	0.00668	0.00668	0.00742	0.00519	0.00519	0.00742	0.00668	0.00964	0.01113	0.01632	0.01038	0.03115	0.83756	0.00668	0.01113	0.00445	0.00223	0.00371
11	0.02992	0.81122	0.04756	0.00722	0.01084	0.01606	0.00732	0.01246	0.00842	0.01007	0.00583	0.00673	0.00531	0.00357	0.00270	0.00091	0.00447	0.00225	0.00179	0.00534
12	0.01111	0.85652	0.02177	0.00711	0.01066	0.01644	0.00711	0.01244	0.00844	0.00977	0.00577	0.00666	0.00533	0.00355	0.00267	0.00089	0.00444	0.00222	0.00178	0.00533
13	0.00535	0.00386	0.00507	0.00553	0.00608	0.00358	0.00386	0.00654	0.00939	0.01283	0.31563	0.52548	0.05879	0.01128	0.00514	0.00154	0.00224	0.01014	0.00412	0.00358
14	0.88336	0.00803	0.00611	0.00546	0.00803	0.00932	0.00450	0.01221	0.00707	0.01864	0.00578	0.00675	0.00450	0.00386	0.00257	0.00129	0.00321	0.00225	0.00257	0.00450
15	0.00677	0.00502	0.00734	0.00796	0.00905	0.00498	0.03859	0.00873	0.00957	0.01244	0.02193	0.04528	0.04226	0.01114	0.00568	0.00188	0.00391	0.74982	0.00376	0.00389
16	0.00838	0.00793	0.01342	0.66485	0.20363	0.00937	0.01180	0.01108	0.00856	0.01126	0.00748	0.01090	0.00577	0.00405	0.00414	0.00135	0.00541	0.00369	0.00189	0.00504
17	0.04247	0.00404	0.00396	0.00393	0.00497	0.00409	0.00297	0.00978	0.00865	0.01561	0.01324	0.01514	0.01040	0.00480	0.00289	0.00098	0.00199	0.00381	0.84240	0.00390
18	0.00849	0.05159	0.76876	0.01191	0.01787	0.00993	0.04870	0.01313	0.00880	0.01304	0.00743	0.00880	0.00531	0.00391	0.00394	0.00130	0.00611	0.00312	0.00177	0.00609
19	0.00821	0.00773	0.01294	0.69847	0.14040	0.00918	0.01147	0.01091	0.00848	0.01113	0.00744	0.01087	0.00571	0.00405	0.00411	0.00134	0.00536	0.00365	0.00190	0.03666
20	0.01111	0.85652	0.02177	0.00711	0.01066	0.01644	0.00711	0.01244	0.00844	0.00977	0.00577	0.00666	0.00533	0.00355	0.00267	0.00089	0.00444	0.00222	0.00178	0.00533
21	0.01864	0.00707	0.00964	0.00739	0.01060	0.00611	0.00611	0.02024	0.01189	0.83099	0.01639	0.01414	0.01028	0.00514	0.00418	0.00129	0.00353	0.00418	0.00514	0.00707
22	0.00604	0.00403	0.00453	0.00453	0.00453	0.00403	0.00252	0.00604	0.00604	0.00805	0.01309	0.02718	0.01510	0.85402	0.02114	0.00403	0.00403	0.00604	0.00252	0.00252
23	0.01111	0.85652	0.02177	0.00711	0.01066	0.01644	0.00711	0.01244	0.00844	0.00977	0.00577	0.00666	0.00533	0.00355	0.00267	0.00089	0.00444	0.00222	0.00178	0.00533
24	0.01247	0.04433	0.01018	0.00846	0.02453	0.00965	0.00662	0.04113	0.56116	0.20965	0.01599	0.01458	0.01156	0.00538	0.00415	0.00135	0.00345	0.00443	0.00430	0.00665
25	0.00506	0.00361	0.00482	0.00578	0.00602	0.00337	0.00386	0.00578	0.00795	0.01060	0.02289	0.85131	0.02747	0.01301	0.00530	0.00169	0.00241	0.01181	0.00386	0.00337
26	0.00596	0.00404	0.00451	0.00451	0.00460	0.00399	0.00256	0.00604	0.00627	0.00827	0.01504	0.02804	0.06960	0.79736	0.02005	0.00385	0.00390	0.00622	0.00261	0.00258
27	0.01111	0.85652	0.02177	0.00711	0.01066	0.01644	0.00711	0.01244	0.00844	0.00977	0.00577	0.00666	0.00533	0.00355	0.00267	0.00089	0.00444	0.00222	0.00178	0.00533

[dist]
# distance from previous block
# <min> <max>
0	1

[block]
# block no. 7 follows, 64 sequences, length 11
# corresponding to MSA columns:
# 770-780
name=unknown_H
#
# <colnr> <probs for GDERKNQSTAVLIFYWHMCP>
#	G	D	E	R	K	N	Q	S	T	A	V	L	I	F	Y	W	H	M	C	P
0	0.04106	0.00781	0.04911	0.00744	0.01071	0.00640	0.00639	0.01809	0.01111	0.64185	0.03273	0.01333	0.00997	0.00494	0.00423	0.00123	0.02259	0.00394	0.00452	0.10253
1	0.00890	0.00741	0.00887	0.00653	0.00984	0.00607	0.00525	0.01067	0.00864	0.04021	0.03216	0.00951	0.00723	0.00363	0.00399	0.00075	0.06854	0.00276	0.00256	0.75648
2	0.01029	0.60985	0.26126	0.00851	0.01282	0.01443	0.00954	0.01265	0.00854	0.01077	0.00627	0.00729	0.00531	0.00367	0.00304	0.00101	0.00494	0.00247	0.00177	0.00557
3	0.01039	0.12608	0.01753	0.02297	0.71591	0.01077	0.01197	0.01271	0.00932	0.01305	0.00753	0.00978	0.00641	0.00368	0.00391	0.00119	0.00487	0.00350	0.00202	0.00641
