[name]
unknown

[dist]
# distance from previous block
# <min> <max>
0	94

[block]
# block no. 0 follows, 48 sequences, length 27
# corresponding to MSA columns:
# 103-129
name=unknown_A
#
# <colnr> <probs for GDERKNQSTAVLIFYWHMCP>
#	G	D	E	R	K	N	Q	S	T	A	V	L	I	F	Y	W	H	M	C	P
0	0.00703	0.00498	0.00643	0.00699	0.00742	0.00500	0.00482	0.00795	0.00903	0.01210	0.02244	0.32103	0.04902	0.28600	0.14819	0.00411	0.00564	0.08402	0.00387	0.00395
1	0.00754	0.00551	0.00766	0.00736	0.00798	0.00583	0.03340	0.00855	0.00824	0.01140	0.03678	0.05450	0.01721	0.41838	0.34118	0.00600	0.00857	0.00690	0.00307	0.00394
2	0.01273	0.01246	0.09422	0.06103	0.16359	0.04031	0.10772	0.11093	0.06577	0.07397	0.01534	0.13252	0.02403	0.00841	0.03523	0.00194	0.00616	0.02296	0.00370	0.00698
3	0.02262	0.00899	0.01202	0.00926	0.01320	0.00797	0.00763	0.05082	0.03577	0.74408	0.01999	0.01733	0.01264	0.00636	0.00516	0.00159	0.00440	0.00516	0.00628	0.00872
4	0.00664	0.00471	0.00597	0.00665	0.00734	0.00435	0.00461	0.00796	0.01099	0.01500	0.17503	0.53298	0.11715	0.01403	0.00621	0.00190	0.00279	0.01254	0.05881	0.00435
5	0.01856	0.04453	0.01534	0.01160	0.01547	0.04647	0.00963	0.66399	0.02245	0.02971	0.01290	0.01495	0.00989	0.00657	0.00517	0.00157	0.00572	0.05231	0.00490	0.00828
6	0.00822	0.05910	0.02772	0.00853	0.00957	0.04651	0.02124	0.02606	0.01031	0.01348	0.02293	0.59358	0.02668	0.01452	0.03729	0.00220	0.05146	0.01168	0.00417	0.00475
7	0.00735	0.00508	0.00634	0.00641	0.00668	0.00531	0.00411	0.00790	0.00782	0.01068	0.01629	0.07995	0.01805	0.55701	0.23404	0.00567	0.00722	0.00739	0.00312	0.00357
8	0.03536	0.01188	0.01536	0.54196	0.06993	0.11816	0.01303	0.07605	0.01191	0.01504	0.00911	0.01268	0.00699	0.00534	0.00544	0.00165	0.03706	0.00434	0.00260	0.00610
9	0.01028	0.00978	0.01678	0.60248	0.18134	0.01142	0.04419	0.01359	0.01060	0.01396	0.00980	0.03558	0.00787	0.00529	0.00520	0.00168	0.00666	0.00490	0.00241	0.00618
10	0.10650	0.01045	0.01581	0.53255	0.08066	0.04216	0.06124	0.01396	0.01031	0.01462	0.00881	0.01269	0.00683	0.00525	0.00569	0.00170	0.05799	0.00440	0.00243	0.00593
11	0.01402	0.01427	0.01823	0.07291	0.48962	0.16777	0.01359	0.05910	0.01269	0.01649	0.00954	0.01221	0.00789	0.00506	0.00541	0.00151	0.03810	0.00433	0.02989	0.00738
12	0.00732	0.00533	0.00750	0.00754	0.00821	0.00597	0.00553	0.00866	0.00811	0.01147	0.01491	0.05416	0.01509	0.23264	0.57579	0.00719	0.01114	0.00634	0.00292	0.00420
13	0.01162	0.25866	0.54034	0.01287	0.01933	0.04399	0.01565	0.01615	0.01085	0.01489	0.00856	0.01001	0.00653	0.00475	0.00440	0.00146	0.00703	0.00347	0.00219	0.00723
14	0.01245	0.11194	0.22903	0.03676	0.32207	0.01251	0.08461	0.01609	0.01147	0.06532	0.01118	0.03062	0.02297	0.00515	0.00496	0.00154	0.00643	0.00466	0.00273	0.00752
15	0.01002	0.00522	0.00527	0.00511	0.00643	0.00529	0.00387	0.04680	0.01137	0.01974	0.01654	0.01882	0.01295	0.00599	0.00366	0.00121	0.00254	0.00477	0.80943	0.00496
16	0.02991	0.00701	0.00860	0.02411	0.01038	0.00632	0.00589	0.01587	0.04452	0.32422	0.13184	0.03179	0.30157	0.00930	0.00554	0.00164	0.00345	0.00775	0.02393	0.00636
17	0.01373	0.09999	0.28082	0.01307	0.06151	0.04528	0.02898	0.10800	0.13392	0.09494	0.02648	0.03269	0.01057	0.02116	0.00531	0.00163	0.00602	0.00473	0.00361	0.00755
18	0.00856	0.00712	0.00783	0.00796	0.03803	0.03668	0.00576	0.05842	0.03741	0.02738	0.14816	0.13391	0.38636	0.01162	0.00623	0.00176	0.02251	0.04447	0.00473	0.00511
19	0.00956	0.00478	0.00478	0.00478	0.00598	0.00478	0.00359	0.01196	0.01076	0.01913	0.01674	0.01913	0.01315	0.00598	0.00359	0.00120	0.00239	0.00478	0.84816	0.00478
20	0.01540	0.01491	0.01292	0.01135	0.01437	0.21076	0.00882	0.13844	0.47197	0.02088	0.01633	0.01562	0.01234	0.00642	0.00506	0.00160	0.00561	0.00499	0.00456	0.00767
21	0.04201	0.10258	0.30055	0.01221	0.01707	0.09384	0.07194	0.06275	0.03997	0.07363	0.05643	0.03266	0.06018	0.00615	0.00494	0.00156	0.00631	0.00498	0.00330	0.00693
22	0.00639	0.00474	0.00601	0.00696	0.00762	0.00436	0.00490	0.00750	0.01038	0.01345	0.03298	0.59315	0.18571	0.01528	0.00650	0.00204	0.00306	0.07996	0.00476	0.00425
23	0.00625	0.00447	0.00595	0.00714	0.00744	0.00417	0.00476	0.00714	0.00982	0.01310	0.02828	0.81633	0.03394	0.01608	0.00655	0.00208	0.00298	0.01459	0.00476	0.00417
24	0.01269	0.10990	0.17716	0.18275	0.11652	0.04018	0.13202	0.08469	0.01256	0.04570	0.03144	0.01292	0.00859	0.00509	0.00501	0.00157	0.00678	0.00454	0.00285	0.00705
25	0.01401	0.03499	0.01933	0.05202	0.55627	0.06349	0.02696	0.04353	0.03834	0.07353	0.01067	0.01294	0.00853	0.00496	0.00521	0.00153	0.01829	0.00455	0.00299	0.00787
26	0.10834	0.03254	0.01716	0.01424	0.03103	0.46689	0.15371	0.08694	0.01420	0.01629	0.00873	0.01035	0.00694	0.00510	0.00477	0.00145	0.00812	0.00390	0.00291	0.00639

[dist]
# distance from previous block
# <min> <max>
4	92

[block]
# block no. 1 follows, 48 sequences, length 25
# corresponding to MSA columns:
# 250-274
name=unknown_B
#
# <colnr> <probs for GDERKNQSTAVLIFYWHMCP>
#	G	D	E	R	K	N	Q	S	T	A	V	L	I	F	Y	W	H	M	C	P
0	0.25201	0.00914	0.01066	0.02828	0.01263	0.00899	0.00712	0.03723	0.03943	0.48752	0.04535	0.01559	0.01196	0.00606	0.00465	0.00160	0.00426	0.00465	0.00528	0.00761
1	0.01200	0.00690	0.00871	0.00738	0.00984	0.00614	0.00578	0.01481	0.05333	0.22478	0.38361	0.02976	0.10449	0.00870	0.00552	0.00153	0.00320	0.00746	0.00544	0.10063
2	0.00891	0.00446	0.00668	0.00668	0.00668	0.00446	0.00446	0.00668	0.00668	0.00891	0.00891	0.01560	0.00891	0.01783	0.02005	0.85071	0.00446	0.00446	0.00223	0.00223
3	0.01049	0.01050	0.11851	0.01041	0.01354	0.00845	0.12376	0.01539	0.13163	0.06599	0.17394	0.03919	0.07961	0.00875	0.03787	0.00188	0.00494	0.00663	0.13231	0.00621
4	0.00625	0.00447	0.00595	0.00714	0.00744	0.00417	0.00476	0.00714	0.00982	0.01310	0.02828	0.81633	0.03394	0.01608	0.00655	0.00208	0.00298	0.01459	0.00476	0.00417
5	0.01270	0.01219	0.02083	0.03149	0.78767	0.01219	0.01575	0.01575	0.01168	0.01676	0.00965	0.01270	0.00813	0.00457	0.00508	0.00152	0.00610	0.00457	0.00254	0.00813
6	0.00827	0.00591	0.00827	0.00945	0.01063	0.00591	0.00827	0.01063	0.01181	0.01536	0.02717	0.05788	0.02953	0.01417	0.00709	0.00236	0.00472	0.75313	0.00472	0.00472
7	0.01042	0.00996	0.01717	0.61269	0.18970	0.01163	0.04825	0.01380	0.01064	0.01401	0.00929	0.01349	0.00715	0.00498	0.00516	0.00167	0.00677	0.00463	0.00235	0.00625
8	0.02241	0.00971	0.01251	0.00959	0.01358	0.00899	0.00792	0.15369	0.01632	0.66023	0.01888	0.01658	0.01202	0.00632	0.00516	0.00158	0.00459	0.00507	0.00614	0.00873
9	0.00679	0.00486	0.00662	0.00775	0.00829	0.00469	0.00568	0.00808	0.01022	0.01358	0.02731	0.59613	0.03186	0.01670	0.04486	0.00245	0.00391	0.19123	0.00466	0.00432
10	0.01276	0.01102	0.01160	0.01044	0.01334	0.01276	0.00812	0.02727	0.77840	0.02146	0.02088	0.01914	0.01566	0.00696	0.00522	0.00174	0.00406	0.00580	0.00522	0.00812
11	0.01230	0.01156	0.06884	0.01661	0.08753	0.01007	0.34412	0.03689	0.01215	0.11851	0.01598	0.19825	0.01477	0.00756	0.00588	0.00177	0.00634	0.02052	0.00366	0.00669
12	0.01123	0.01208	0.05146	0.39947	0.03022	0.01232	0.34019	0.05115	0.01175	0.01559	0.00982	0.01358	0.00733	0.00482	0.00552	0.00171	0.00759	0.00518	0.00255	0.00644
13	0.00703	0.00516	0.00659	0.00640	0.00756	0.00471	0.00473	0.00916	0.01372	0.01906	0.62578	0.12310	0.12517	0.01136	0.00611	0.00168	0.00250	0.01001	0.00546	0.00471
14	0.00824	0.00625	0.00893	0.00879	0.00987	0.00723	0.00700	0.04944	0.00948	0.01340	0.01495	0.02379	0.01431	0.03274	0.63298	0.00696	0.04493	0.09277	0.00308	0.00486
15	0.00693	0.00519	0.00642	0.00619	0.00748	0.00469	0.00461	0.00900	0.01361	0.01860	0.57237	0.08028	0.22302	0.01137	0.00608	0.00167	0.00249	0.00992	0.00539	0.00469
16	0.01372	0.82276	0.02689	0.00878	0.01317	0.02030	0.00878	0.01536	0.01043	0.01207	0.00713	0.00823	0.00658	0.00439	0.00329	0.00110	0.00549	0.00274	0.00219	0.00658
17	0.01372	0.82276	0.02689	0.00878	0.01317	0.02030	0.00878	0.01536	0.01043	0.01207	0.00713	0.00823	0.00658	0.00439	0.00329	0.00110	0.00549	0.00274	0.00219	0.00658
18	0.00612	0.00500	0.00541	0.00574	0.00707	0.00429	0.00414	0.00730	0.01118	0.01365	0.04542	0.26165	0.57755	0.01385	0.00620	0.00183	0.00270	0.01187	0.00476	0.00429
19	0.01063	0.10562	0.71699	0.01404	0.02131	0.01275	0.01795	0.01616	0.01079	0.01583	0.00900	0.01057	0.00651	0.00483	0.00472	0.00157	0.00737	0.00369	0.00217	0.00748
20	0.20432	0.01104	0.03295	0.00927	0.01285	0.04815	0.00773	0.13679	0.07130	0.33231	0.07025	0.01569	0.01283	0.00622	0.00475	0.00158	0.00464	0.00477	0.00503	0.00754
21	0.01155	0.24550	0.55484	0.01297	0.01950	0.04200	0.01584	0.01616	0.01085	0.01497	0.00859	0.01006	0.00653	0.00476	0.00443	0.00147	0.00707	0.00349	0.00219	0.00725
22	0.01157	0.31562	0.47005	0.03698	0.01944	0.01498	0.03495	0.01584	0.01070	0.01464	0.00848	0.01005	0.00658	0.00469	0.00434	0.00144	0.00683	0.00349	0.00219	0.00714
23	0.07136	0.10381	0.39226	0.01145	0.01675	0.01107	0.02780	0.01627	0.02699	0.12368	0.03594	0.03401	0.07185	0.00637	0.00489	0.00161	0.00589	0.02768	0.00333	0.00700
24	0.48682	0.06232	0.00916	0.00726	0.01002	0.01040	0.00591	0.01488	0.06244	0.05465	0.07254	0.01694	0.03145	0.06332	0.02252	0.00196	0.00424	0.03496	0.00367	0.02454

[dist]
# distance from previous block
# <min> <max>
4	8

[block]
# block no. 2 follows, 48 sequences, length 20
# corresponding to MSA columns:
# 283-302
name=unknown_C
#
# <colnr> <probs for GDERKNQSTAVLIFYWHMCP>
#	G	D	E	R	K	N	Q	S	T	A	V	L	I	F	Y	W	H	M	C	P
0	0.01301	0.57544	0.17965	0.01015	0.01489	0.06514	0.01071	0.01547	0.01073	0.01299	0.00859	0.04665	0.00785	0.00509	0.00384	0.00126	0.00602	0.00354	0.00234	0.00663
1	0.01514	0.09928	0.09185	0.01127	0.01456	0.26458	0.00956	0.14966	0.15249	0.01771	0.01253	0.04213	0.01063	0.07855	0.00669	0.00179	0.00654	0.00474	0.00356	0.00674
2	0.01299	0.14399	0.25969	0.01230	0.01668	0.17631	0.04788	0.08120	0.01227	0.01542	0.00981	0.01214	0.00799	0.01134	0.15532	0.00273	0.00866	0.00403	0.00266	0.00659
3	0.01247	0.00876	0.01114	0.17555	0.01644	0.00951	0.00845	0.01927	0.28744	0.15582	0.14232	0.02379	0.07882	0.00763	0.00542	0.00170	0.00433	0.01947	0.00483	0.00685
4	0.00643	0.00513	0.00580	0.00604	0.00740	0.00449	0.00451	0.00790	0.01179	0.01483	0.15434	0.18386	0.48895	0.01325	0.00622	0.00182	0.00279	0.06514	0.00489	0.00441
5	0.02233	0.00946	0.01231	0.00948	0.01343	0.00867	0.00782	0.11243	0.03679	0.68113	0.01933	0.01691	0.01232	0.00635	0.00516	0.00159	0.00451	0.00511	0.00618	0.00871
6	0.01477	0.01401	0.11106	0.01226	0.01633	0.01329	0.07717	0.23069	0.36895	0.06146	0.01611	0.01567	0.01176	0.00622	0.00522	0.00166	0.00536	0.00522	0.00464	0.00815
7	0.01753	0.00906	0.01093	0.00940	0.01239	0.05555	0.00774	0.03601	0.06492	0.44454	0.07577	0.02770	0.01885	0.00841	0.00564	0.00176	0.00461	0.17626	0.00560	0.00733
8	0.01537	0.00915	0.01125	0.00829	0.01262	0.00739	0.00672	0.04220	0.01253	0.29475	0.01321	0.01314	0.00946	0.00479	0.00433	0.00108	0.00406	0.00385	0.00430	0.52150
9	0.00986	0.00929	0.01569	0.76441	0.07697	0.01144	0.01433	0.01326	0.01034	0.01331	0.00915	0.01363	0.00691	0.00510	0.00513	0.00170	0.00680	0.00456	0.00229	0.00583
10	0.01024	0.00872	0.01018	0.00743	0.01167	0.00661	0.00591	0.01249	0.01092	0.01683	0.05803	0.01396	0.04296	0.00459	0.00403	0.00085	0.00367	0.00375	0.00327	0.76387
11	0.85592	0.00992	0.00754	0.00675	0.00992	0.01151	0.00556	0.01508	0.00873	0.02302	0.00714	0.00834	0.00556	0.00476	0.00318	0.00159	0.00397	0.00278	0.00318	0.00556
12	0.01323	0.01126	0.01187	0.01054	0.01352	0.01298	0.00823	0.07893	0.72597	0.02222	0.02029	0.01867	0.01518	0.00691	0.00521	0.00173	0.00417	0.00572	0.00521	0.00816
13	0.01893	0.01409	0.01508	0.01169	0.01569	0.01565	0.00961	0.70767	0.08794	0.03142	0.01304	0.01290	0.00931	0.00623	0.00514	0.00156	0.00551	0.00472	0.00514	0.00867
14	0.00648	0.00480	0.00602	0.00690	0.00759	0.00443	0.00488	0.00758	0.01033	0.01336	0.03275	0.53105	0.19625	0.05282	0.00742	0.00217	0.00318	0.09308	0.00468	0.00421
15	0.01140	0.01086	0.01847	0.36769	0.46166	0.01185	0.01510	0.01460	0.01107	0.01518	0.00942	0.01312	0.00757	0.00481	0.00510	0.00160	0.00642	0.00457	0.00243	0.00708
16	0.01529	0.01551	0.01315	0.01164	0.01448	0.28318	0.03107	0.02389	0.42805	0.05415	0.03140	0.01576	0.01269	0.00639	0.00526	0.00160	0.02002	0.00497	0.00427	0.00726
17	0.04214	0.01004	0.01137	0.00879	0.01274	0.04527	0.00709	0.07198	0.06048	0.31262	0.01600	0.01538	0.04289	0.00562	0.00461	0.00128	0.00437	0.00446	0.00464	0.31822
18	0.23957	0.01058	0.03179	0.01082	0.06296	0.03435	0.05373	0.05933	0.12584	0.14733	0.01405	0.03376	0.01147	0.10702	0.00731	0.00204	0.00493	0.01817	0.00405	0.02092
19	0.04518	0.05943	0.01340	0.01023	0.01350	0.02528	0.07978	0.05487	0.27382	0.12499	0.06453	0.06128	0.05736	0.00704	0.00511	0.00157	0.00453	0.00602	0.00458	0.08747

[dist]
# distance from previous block
# <min> <max>
1	28

[block]
# block no. 3 follows, 48 sequences, length 11
# corresponding to MSA columns:
# 336-346
name=unknown_D
#
# <colnr> <probs for GDERKNQSTAVLIFYWHMCP>
#	G	D	E	R	K	N	Q	S	T	A	V	L	I	F	Y	W	H	M	C	P
0	0.32944	0.01088	0.01083	0.06174	0.01368	0.03782	0.00766	0.12279	0.16605	0.09696	0.01242	0.01291	0.00922	0.00650	0.02483	0.00176	0.01661	0.00414	0.01639	0.03737
1	0.01299	0.01042	0.01266	0.09674	0.01558	0.04160	0.05251	0.21079	0.15667	0.05015	0.06600	0.11682	0.02683	0.03744	0.02506	0.00200	0.00530	0.04929	0.00447	0.00670
2	0.01103	0.07617	0.01428	0.50503	0.02595	0.01042	0.01133	0.01369	0.01073	0.10673	0.01363	0.15364	0.01225	0.00712	0.00523	0.00171	0.00576	0.00623	0.00320	0.00587
3	0.08288	0.01176	0.01348	0.01010	0.01439	0.09430	0.09858	0.06447	0.01197	0.01779	0.00919	0.01079	0.00742	0.00426	0.00420	0.00106	0.00511	0.00351	0.00309	0.53164
4	0.01328	0.01125	0.01558	0.25766	0.20893	0.02675	0.01197	0.23695	0.03430	0.02004	0.03955	0.05735	0.01094	0.00643	0.00557	0.02170	0.00586	0.00530	0.00352	0.00705
5	0.07266	0.01168	0.01161	0.01024	0.01315	0.06431	0.00800	0.13310	0.46637	0.05540	0.01841	0.08320	0.01474	0.00731	0.00513	0.00169	0.00455	0.00596	0.00491	0.00758
6	0.03901	0.01433	0.08816	0.01558	0.11006	0.08718	0.15955	0.17537	0.11280	0.03211	0.03895	0.07826	0.01226	0.00641	0.00533	0.00164	0.00622	0.00575	0.00377	0.00726
7	0.10054	0.01190	0.01275	0.01032	0.01383	0.01308	0.00837	0.38854	0.19929	0.10584	0.07017	0.01593	0.01331	0.00654	0.00503	0.00160	0.00474	0.00511	0.00512	0.00799
8	0.53697	0.00997	0.00945	0.09418	0.01341	0.01138	0.00716	0.12716	0.01156	0.02232	0.01219	0.01491	0.05916	0.00607	0.00408	0.00165	0.00448	0.04441	0.00356	0.00592
9	0.00990	0.00909	0.01446	0.63079	0.03005	0.01094	0.01271	0.01299	0.01015	0.01369	0.00926	0.01340	0.00717	0.00530	0.00576	0.00162	0.06407	0.00440	0.03709	0.09713
10	0.01109	0.00897	0.01046	0.00794	0.01199	0.00732	0.00627	0.01458	0.09384	0.05070	0.01225	0.06976	0.01059	0.00514	0.00421	0.00100	0.00379	0.00426	0.00354	0.66228

[dist]
# distance from previous block
# <min> <max>
0	1

[block]
# block no. 4 follows, 48 sequences, length 10
# corresponding to MSA columns:
# 348-357
name=unknown_E
#
# <colnr> <probs for GDERKNQSTAVLIFYWHMCP>
#	G	D	E	R	K	N	Q	S	T	A	V	L	I	F	Y	W	H	M	C	P
0	0.00900	0.00643	0.00808	0.00827	0.04275	0.00619	0.00584	0.07438	0.03230	0.05564	0.29719	0.23917	0.15598	0.01152	0.00602	0.00176	0.00321	0.02583	0.00510	0.00532
1	0.01634	0.01182	0.01289	0.01071	0.01415	0.01310	0.00858	0.27073	0.42948	0.12738	0.01799	0.01668	0.01299	0.00662	0.00518	0.00165	0.00462	0.00533	0.00534	0.00840
2	0.74517	0.00976	0.00812	0.00706	0.01035	0.01098	0.00582	0.01640	0.00952	0.12517	0.00889	0.00955	0.00651	0.00497	0.00344	0.00159	0.00402	0.00310	0.00360	0.00598
3	0.00826	0.00623	0.00769	0.00753	0.00903	0.00614	0.00593	0.03662	0.08951	0.01899	0.42049	0.06399	0.12368	0.01121	0.00617	0.00181	0.00320	0.16308	0.00527	0.00519
4	0.01300	0.00740	0.00910	0.00780	0.01018	0.00707	0.00613	0.08072	0.07288	0.23323	0.33627	0.04719	0.10639	0.00896	0.00561	0.00162	0.00339	0.00763	0.02900	0.00643
5	0.00969	0.00912	0.01539	0.80734	0.03534	0.01140	0.01425	0.01311	0.01026	0.01311	0.00912	0.01368	0.00684	0.00513	0.00513	0.00171	0.00684	0.00456	0.00228	0.00570
6	0.01084	0.00930	0.01073	0.00787	0.01227	0.00741	0.00628	0.01430	0.08432	0.01718	0.01025	0.01146	0.00837	0.00410	0.00394	0.00085	0.00383	0.00330	0.00325	0.77015
7	0.42639	0.07278	0.01096	0.00845	0.01167	0.10048	0.00697	0.03794	0.01142	0.18582	0.01184	0.03299	0.00942	0.00598	0.00413	0.00157	0.00483	0.04607	0.00390	0.00637
8	0.01290	0.01166	0.01212	0.01080	0.01356	0.07177	0.03522	0.05753	0.58567	0.02029	0.01985	0.09440	0.01614	0.00758	0.00533	0.00173	0.00459	0.00641	0.00488	0.00756
9	0.01299	0.07292	0.01993	0.09065	0.02004	0.01212	0.29349	0.17253	0.01417	0.05250	0.01510	0.09600	0.03620	0.00701	0.00565	0.00171	0.00640	0.06020	0.00366	0.00673

[dist]
# distance from previous block
# <min> <max>
18	62

[block]
# block no. 5 follows, 48 sequences, length 9
# corresponding to MSA columns:
# 425-433
name=unknown_F
#
# <colnr> <probs for GDERKNQSTAVLIFYWHMCP>
#	G	D	E	R	K	N	Q	S	T	A	V	L	I	F	Y	W	H	M	C	P
0	0.00969	0.00912	0.01539	0.80734	0.03534	0.01140	0.01425	0.01311	0.01026	0.01311	0.00912	0.01368	0.00684	0.00513	0.00513	0.00171	0.00684	0.00456	0.00228	0.00570
1	0.01081	0.00617	0.00800	0.00799	0.00944	0.00581	0.00595	0.06190	0.01204	0.17730	0.02641	0.49823	0.05827	0.01309	0.00619	0.00195	0.00358	0.07626	0.00512	0.00548
2	0.62407	0.01045	0.00891	0.00786	0.01104	0.01206	0.00637	0.06778	0.17071	0.02331	0.01036	0.01086	0.00788	0.00532	0.00373	0.00162	0.00410	0.00353	0.00373	0.00630
3	0.01571	0.01249	0.01326	0.01104	0.01447	0.01414	0.00883	0.35209	0.44877	0.02622	0.01714	0.01616	0.01263	0.00661	0.00518	0.00165	0.00475	0.00528	0.00518	0.00839
4	0.02271	0.00922	0.01221	0.00936	0.01334	0.00827	0.00773	0.09008	0.01551	0.72498	0.01955	0.01702	0.01235	0.00633	0.00516	0.00158	0.00448	0.00511	0.00624	0.00873
5	0.01951	0.01185	0.01356	0.01059	0.01443	0.01245	0.00868	0.42472	0.09573	0.27797	0.04527	0.01567	0.01223	0.00647	0.00519	0.00158	0.00495	0.00509	0.00556	0.00852
6	0.01205	0.00659	0.00888	0.00881	0.01083	0.00615	0.00751	0.01417	0.01259	0.22892	0.02846	0.04565	0.12231	0.01187	0.00642	0.00207	0.00435	0.45141	0.00518	0.00578
7	0.00693	0.00487	0.00627	0.00685	0.00721	0.00483	0.00459	0.00778	0.00914	0.01234	0.05507	0.38551	0.02665	0.28678	0.11039	0.00380	0.00503	0.04803	0.00400	0.00392
8	0.01700	0.01416	0.01337	0.01123	0.01458	0.14493	0.00890	0.26983	0.33197	0.09515	0.01585	0.01509	0.01160	0.00636	0.00509	0.00159	0.00548	0.00494	0.00487	0.00801

[dist]
# distance from previous block
# <min> <max>
4	7

[block]
# block no. 6 follows, 48 sequences, length 15
# corresponding to MSA columns:
# 441-455
name=unknown_G
#
# <colnr> <probs for GDERKNQSTAVLIFYWHMCP>
#	G	D	E	R	K	N	Q	S	T	A	V	L	I	F	Y	W	H	M	C	P
0	0.00758	0.00538	0.00626	0.00651	0.00687	0.00545	0.00407	0.00919	0.07918	0.01196	0.02027	0.26917	0.02300	0.50160	0.01827	0.00380	0.00429	0.00947	0.00380	0.00389
1	0.00659	0.00518	0.00569	0.00567	0.00688	0.00472	0.00402	0.00770	0.01052	0.01314	0.08274	0.04209	0.48399	0.20617	0.08977	0.00314	0.00426	0.00941	0.00422	0.00410
2	0.01277	0.06401	0.12284	0.01814	0.02276	0.11142	0.46120	0.01645	0.01174	0.01527	0.00938	0.01231	0.00730	0.00497	0.00662	0.00168	0.08682	0.00508	0.00249	0.00674
3	0.00908	0.00564	0.00702	0.00687	0.00846	0.00504	0.00524	0.01077	0.01245	0.12910	0.22018	0.20084	0.26706	0.01215	0.00612	0.00181	0.00309	0.07876	0.00521	0.00510
4	0.01961	0.01499	0.01483	0.01168	0.01555	0.11371	0.00951	0.58063	0.04429	0.10425	0.01280	0.01264	0.00906	0.00609	0.00507	0.00152	0.00593	0.00454	0.00494	0.00836
5	0.01007	0.00951	0.01608	0.70955	0.13016	0.01150	0.01444	0.01344	0.01044	0.01357	0.00919	0.01356	0.00700	0.00506	0.00512	0.00169	0.00675	0.00456	0.00231	0.00601
6	0.00622	0.00458	0.00583	0.00684	0.00736	0.00419	0.00463	0.00718	0.01012	0.01322	0.03203	0.69496	0.15288	0.01559	0.00647	0.00203	0.00292	0.01399	0.00476	0.00419
7	0.01839	0.02316	0.01466	0.01324	0.01563	0.72245	0.01004	0.01969	0.01389	0.01254	0.00781	0.00945	0.00662	0.00565	0.00582	0.00141	0.08761	0.00342	0.00260	0.00592
8	0.00809	0.00656	0.00774	0.00691	0.00926	0.00537	0.00517	0.00970	0.01071	0.01494	0.05197	0.25175	0.18667	0.03635	0.00599	0.00157	0.00333	0.03533	0.00406	0.33854
9	0.08150	0.08964	0.01292	0.00928	0.01267	0.01153	0.00764	0.18755	0.16206	0.19716	0.11308	0.01820	0.03408	0.00671	0.00492	0.00154	0.00437	0.00533	0.00497	0.03487
10	0.01182	0.01168	0.01646	0.02321	0.51449	0.08959	0.01230	0.01438	0.01229	0.01635	0.10086	0.02032	0.12137	0.00648	0.00528	0.00154	0.00552	0.00584	0.00320	0.00701
11	0.00748	0.00558	0.00797	0.00789	0.00860	0.00643	0.00592	0.00893	0.00808	0.01154	0.01399	0.02251	0.01378	0.19173	0.62105	0.00740	0.03813	0.00585	0.00280	0.00432
12	0.12727	0.00872	0.01112	0.00870	0.01244	0.00792	0.00717	0.02304	0.01393	0.65849	0.05422	0.01729	0.01346	0.00634	0.00495	0.00159	0.00423	0.00505	0.00592	0.00815
13	0.01583	0.06850	0.11639	0.03432	0.08071	0.08892	0.01075	0.15016	0.15906	0.15979	0.01465	0.01619	0.01109	0.00623	0.00504	0.00159	0.00573	0.04312	0.00423	0.00771
14	0.01208	0.10683	0.11819	0.12360	0.27974	0.05456	0.12930	0.01588	0.04353	0.01546	0.01113	0.02977	0.02692	0.00520	0.00504	0.00156	0.00664	0.00483	0.00264	0.00709

[dist]
# distance from previous block
# <min> <max>
0	1

[block]
# block no. 7 follows, 48 sequences, length 18
# corresponding to MSA columns:
# 457-474
name=unknown_H
#
# <colnr> <probs for GDERKNQSTAVLIFYWHMCP>
#	G	D	E	R	K	N	Q	S	T	A	V	L	I	F	Y	W	H	M	C	P
0	0.09934	0.01112	0.02399	0.01026	0.02659	0.06223	0.05675	0.13790	0.15193	0.15436	0.03640	0.01702	0.04575	0.00629	0.00481	0.00153	0.00476	0.00510	0.11035	0.03352
1	0.00699	0.00530	0.00632	0.00658	0.00770	0.00488	0.00472	0.04128	0.01207	0.01581	0.19954	0.36787	0.27521	0.01345	0.00622	0.00185	0.00285	0.01180	0.00497	0.00457
2	0.05658	0.01002	0.01189	0.00935	0.01296	0.02581	0.00765	0.20194	0.01654	0.45920	0.08172	0.01885	0.05016	0.00686	0.00517	0.00158	0.00452	0.00549	0.00571	0.00801
3	0.01262	0.01214	0.02056	0.03054	0.74676	0.01238	0.01551	0.01557	0.01148	0.01653	0.00950	0.01262	0.00805	0.00480	0.00570	0.00156	0.04859	0.00457	0.00252	0.00799
4	0.01242	0.00797	0.00978	0.00769	0.01120	0.00649	0.00610	0.01439	0.01147	0.19627	0.01853	0.06981	0.10560	0.00903	0.06709	0.00175	0.00451	0.00542	0.00411	0.43037
5	0.00625	0.00447	0.00595	0.00714	0.00744	0.00417	0.00476	0.00714	0.00982	0.01310	0.02828	0.81633	0.03394	0.01608	0.00655	0.00208	0.00298	0.01459	0.00476	0.00417
6	0.00746	0.00497	0.00560	0.00560	0.00560	0.00497	0.00311	0.00746	0.00746	0.00995	0.01617	0.03358	0.01865	0.81967	0.02612	0.00497	0.00497	0.00746	0.00311	0.00311
7	0.01159	0.01976	0.38732	0.01601	0.02169	0.06272	0.25922	0.05566	0.01210	0.01665	0.01131	0.08100	0.00940	0.00575	0.00540	0.00167	0.00754	0.00546	0.00272	0.00703
8	0.00735	0.00540	0.00777	0.00776	0.00854	0.00613	0.00583	0.00891	0.00835	0.01191	0.04206	0.02296	0.01505	0.16229	0.64707	0.00748	0.01193	0.00595	0.00291	0.00436
9	0.00617	0.00480	0.00561	0.00625	0.00721	0.00424	0.00436	0.00725	0.01069	0.01345	0.03919	0.46312	0.38010	0.01466	0.00633	0.00192	0.00280	0.01286	0.00476	0.00424
10	0.00731	0.00536	0.00765	0.00770	0.00841	0.00605	0.00572	0.00876	0.00816	0.01159	0.01480	0.05510	0.01479	0.18604	0.62014	0.00737	0.01164	0.00624	0.00290	0.00428
11	0.00792	0.00642	0.00889	0.00871	0.00963	0.03088	0.00681	0.00970	0.00841	0.01196	0.01314	0.01929	0.01227	0.03569	0.72788	0.00767	0.06195	0.00537	0.00272	0.00469
12	0.01170	0.01109	0.01615	0.01354	0.01407	0.01486	0.05985	0.01310	0.00850	0.04387	0.00784	0.01190	0.00725	0.00848	0.01524	0.00215	0.69992	0.00463	0.03007	0.00579
13	0.01061	0.04999	0.68865	0.01473	0.02187	0.01228	0.06673	0.01667	0.04149	0.01634	0.00968	0.01128	0.00695	0.00491	0.00492	0.00162	0.00745	0.00399	0.00232	0.00753
14	0.32006	0.01511	0.01232	0.01068	0.01331	0.27203	0.02260	0.05238	0.01178	0.08118	0.00871	0.01014	0.00687	0.00581	0.00617	0.00161	0.13635	0.00357	0.00319	0.00613
15	0.01392	0.74011	0.05784	0.00930	0.01371	0.06843	0.00927	0.01572	0.01070	0.01228	0.00727	0.00840	0.00658	0.00447	0.00344	0.00113	0.00581	0.00282	0.00222	0.00659
16	0.00921	0.00587	0.00725	0.00652	0.00839	0.00515	0.00500	0.01125	0.01360	0.12256	0.44756	0.03735	0.24373	0.01033	0.00584	0.00161	0.00279	0.00888	0.00539	0.04172
17	0.01088	0.01007	0.01782	0.52724	0.09660	0.01137	0.14050	0.03053	0.01113	0.04139	0.01069	0.04969	0.00857	0.00550	0.00535	0.00171	0.00680	0.00528	0.00267	0.00622

[dist]
# distance from previous block
# <min> <max>
1	24

[block]
# block no. 8 follows, 48 sequences, length 10
# corresponding to MSA columns:
# 499-508
name=unknown_I
#
# <colnr> <probs for GDERKNQSTAVLIFYWHMCP>
#	G	D	E	R	K	N	Q	S	T	A	V	L	I	F	Y	W	H	M	C	P
0	0.02246	0.00963	0.01246	0.00955	0.01355	0.00887	0.00789	0.14356	0.01619	0.67055	0.01898	0.01665	0.01207	0.00632	0.00516	0.00158	0.00457	0.00507	0.00616	0.00873
1	0.00743	0.00555	0.00771	0.00852	0.00919	0.00584	0.00664	0.00898	0.01019	0.01369	0.02458	0.39288	0.02785	0.01784	0.11014	0.00299	0.05849	0.27266	0.00432	0.00451
2	0.01512	0.39532	0.13649	0.01141	0.01624	0.01630	0.07760	0.16443	0.01374	0.09374	0.01003	0.01082	0.00770	0.00500	0.00431	0.00137	0.00600	0.00380	0.00321	0.00739
3	0.00632	0.00450	0.00593	0.00705	0.00733	0.00422	0.00466	0.00716	0.00968	0.01291	0.02756	0.76992	0.03303	0.06371	0.00771	0.00226	0.00310	0.01416	0.00466	0.00410
4	0.01595	0.00671	0.00831	0.00696	0.00949	0.00612	0.00555	0.01814	0.01283	0.39149	0.05363	0.01921	0.01455	0.00636	0.00446	0.00140	0.00334	0.00517	0.40364	0.00669
5	0.01009	0.11333	0.09463	0.01221	0.09697	0.04196	0.07915	0.01338	0.04473	0.01749	0.33845	0.07426	0.02665	0.00792	0.00541	0.00157	0.00470	0.00702	0.00403	0.00603
6	0.01550	0.01419	0.19878	0.01403	0.05027	0.01032	0.17010	0.02026	0.09592	0.29829	0.01556	0.04905	0.01125	0.00599	0.00534	0.00166	0.00600	0.00547	0.00423	0.00780
7	0.01559	0.00767	0.00979	0.00804	0.01085	0.00701	0.00643	0.08266	0.01513	0.38246	0.27942	0.02748	0.10833	0.00844	0.00555	0.00161	0.00363	0.00711	0.00584	0.00695
8	0.01026	0.00768	0.00893	0.00880	0.01071	0.00811	0.00689	0.01686	0.30860	0.06656	0.02764	0.19585	0.11911	0.01112	0.00600	0.00194	0.00382	0.16995	0.00503	0.00613
9	0.01294	0.10552	0.24660	0.01926	0.20068	0.06100	0.19665	0.03778	0.01204	0.04530	0.00979	0.01191	0.00750	0.00474	0.00504	0.00155	0.00719	0.00445	0.00263	0.00742

[dist]
# distance from previous block
# <min> <max>
2	16

[block]
# block no. 9 follows, 48 sequences, length 87
# corresponding to MSA columns:
# 526,528-566,583-629
name=unknown_J
#
# <colnr> <probs for GDERKNQSTAVLIFYWHMCP>
#	G	D	E	R	K	N	Q	S	T	A	V	L	I	F	Y	W	H	M	C	P
0	0.05950	0.04375	0.17554	0.02951	0.01861	0.06840	0.19339	0.06345	0.06511	0.10540	0.01188	0.01375	0.00890	0.00550	0.00562	0.00161	0.04637	0.01688	0.03219	0.03464
1	0.03492	0.03435	0.08133	0.03456	0.01136	0.00788	0.04912	0.02851	0.03558	0.03156	0.01375	0.02252	0.01340	0.33914	0.15428	0.00407	0.00682	0.00577	0.03478	0.05630
2	0.04943	0.04199	0.06040	0.04707	0.39295	0.02200	0.02850	0.03281	0.03522	0.08831	0.08319	0.04336	0.01340	0.03242	0.00577	0.00168	0.00548	0.00536	0.00340	0.00726
3	0.11017	0.62820	0.05220	0.00893	0.01319	0.01833	0.00877	0.06477	0.01113	0.01484	0.00803	0.02695	0.00723	0.00483	0.00353	0.00122	0.00535	0.00318	0.00256	0.00659
4	0.00898	0.00463	0.00683	0.00672	0.00688	0.00454	0.00452	0.00691	0.00683	0.00920	0.00892	0.01542	0.00886	0.01731	0.01946	0.81969	0.00443	0.00440	0.00226	0.03321
5	0.00885	0.00450	0.00675	0.00675	0.00678	0.00453	0.00453	0.00678	0.00675	0.00903	0.00910	0.01577	0.00906	0.01863	0.05033	0.81798	0.00482	0.00450	0.00225	0.00232
6	0.00891	0.00446	0.00668	0.00668	0.00668	0.00446	0.00446	0.00668	0.00668	0.00891	0.00891	0.01560	0.00891	0.01783	0.02005	0.85071	0.00446	0.00446	0.00223	0.00223
7	0.01262	0.06264	0.04492	0.05154	0.44078	0.08257	0.11529	0.01551	0.01164	0.01554	0.01120	0.03736	0.03316	0.00540	0.00559	0.00157	0.03779	0.00502	0.00264	0.00724
8	0.00997	0.00798	0.01238	0.01021	0.01255	0.00778	0.15476	0.03779	0.10066	0.05450	0.40309	0.07542	0.03153	0.00883	0.00586	0.00168	0.00409	0.02354	0.03151	0.00588
9	0.01290	0.01347	0.02895	0.02072	0.02583	0.01258	0.71409	0.01705	0.01230	0.07234	0.01109	0.01410	0.00814	0.00447	0.00599	0.00172	0.00834	0.00599	0.00287	0.00705
10	0.00770	0.00619	0.00889	0.01134	0.13123	0.00609	0.00712	0.00918	0.01049	0.01403	0.02662	0.48724	0.09770	0.01347	0.00671	0.00201	0.03195	0.11279	0.00432	0.00493
11	0.71408	0.00961	0.00812	0.00707	0.01029	0.01075	0.00581	0.01628	0.00974	0.12897	0.03359	0.01055	0.00790	0.00516	0.00354	0.00159	0.00397	0.00331	0.00369	0.00597
12	0.01154	0.01101	0.01874	0.32996	0.49825	0.01189	0.01517	0.01473	0.01114	0.01536	0.00945	0.01308	0.00763	0.00479	0.00510	0.00160	0.00638	0.00457	0.00244	0.00719
13	0.00956	0.00478	0.00478	0.00478	0.00598	0.00478	0.00359	0.01196	0.01076	0.01913	0.01674	0.01913	0.01315	0.00598	0.00359	0.00120	0.00239	0.00478	0.84816	0.00478
14	0.00695	0.00513	0.00744	0.00786	0.00855	0.00562	0.00583	0.00845	0.00880	0.01233	0.01888	0.30135	0.02028	0.03057	0.51934	0.00607	0.00994	0.00871	0.00346	0.00444
15	0.00757	0.00557	0.00708	0.00710	0.00819	0.00565	0.00526	0.02720	0.01046	0.03150	0.08561	0.20208	0.21684	0.07204	0.24483	0.00395	0.02659	0.00917	0.01873	0.00458
16	0.01684	0.00938	0.01164	0.03011	0.03773	0.00935	0.00800	0.13642	0.13608	0.34594	0.03476	0.04120	0.08864	0.00784	0.00544	0.00169	0.00443	0.06144	0.00544	0.00765
17	0.00666	0.00488	0.00623	0.00715	0.00768	0.00465	0.00487	0.00825	0.04531	0.01374	0.05814	0.66951	0.07244	0.04340	0.00714	0.00214	0.00308	0.02562	0.00476	0.00436
18	0.57084	0.01261	0.01028	0.05792	0.04194	0.15076	0.00760	0.01577	0.00990	0.01965	0.00747	0.00917	0.00599	0.00514	0.00450	0.00159	0.05703	0.00316	0.00294	0.00573
19	0.00975	0.00836	0.00861	0.00871	0.00991	0.10224	0.00638	0.10841	0.01211	0.01545	0.02175	0.48048	0.02436	0.01643	0.11278	0.00276	0.00559	0.03657	0.00428	0.00505
20	0.00969	0.00724	0.00859	0.00738	0.01005	0.00636	0.00579	0.01282	0.08121	0.07010	0.16361	0.05782	0.18119	0.00963	0.03048	0.00166	0.00371	0.05558	0.00446	0.27264
21	0.00969	0.00912	0.01539	0.80734	0.03534	0.01140	0.01425	0.01311	0.01026	0.01311	0.00912	0.01368	0.00684	0.00513	0.00513	0.00171	0.00684	0.00456	0.00228	0.00570
22	0.01276	0.42057	0.16357	0.09015	0.10923	0.01615	0.01195	0.06825	0.01158	0.01495	0.00900	0.03419	0.00775	0.00505	0.00420	0.00136	0.00601	0.00381	0.00252	0.00694
23	0.07147	0.00880	0.01165	0.00899	0.01291	0.00777	0.00743	0.02443	0.01434	0.74653	0.01948	0.01693	0.01229	0.00626	0.00504	0.00159	0.00434	0.00502	0.00617	0.00855
24	0.01035	0.02611	0.76748	0.01486	0.02236	0.01195	0.04414	0.01626	0.01088	0.01626	0.00925	0.01093	0.00654	0.00486	0.00491	0.00163	0.00762	0.00387	0.00218	0.00756
25	0.01258	0.01291	0.03366	0.01766	0.06945	0.03564	0.41045	0.01754	0.11393	0.04502	0.01158	0.01385	0.00888	0.00509	0.00633	0.00162	0.06744	0.00530	0.00310	0.10797
26	0.01068	0.01105	0.04719	0.01520	0.01847	0.01055	0.40073	0.03603	0.01082	0.01519	0.01192	0.01778	0.01041	0.13551	0.11867	0.00312	0.05910	0.00589	0.05585	0.00587
27	0.00682	0.00473	0.00591	0.00658	0.00679	0.00459	0.00419	0.00739	0.00885	0.01182	0.02291	0.45932	0.02704	0.34778	0.03390	0.00343	0.00410	0.02608	0.00403	0.00375
28	0.01068	0.01052	0.01770	0.44281	0.17878	0.03759	0.11973	0.01394	0.01119	0.01473	0.05715	0.04105	0.01063	0.00560	0.00534	0.00167	0.00663	0.00534	0.00267	0.00626
29	0.01757	0.01317	0.01747	0.01324	0.01735	0.01395	0.15759	0.47773	0.06147	0.10451	0.01326	0.01381	0.00948	0.00712	0.03617	0.00185	0.00633	0.00505	0.00467	0.00818
30	0.02198	0.01040	0.01294	0.00992	0.01393	0.01002	0.00819	0.24534	0.01748	0.56695	0.01790	0.01594	0.01153	0.00629	0.00515	0.00157	0.00474	0.00500	0.00599	0.00873
31	0.00662	0.00474	0.00625	0.00734	0.00775	0.00449	0.00501	0.02382	0.01021	0.01360	0.02789	0.76944	0.03322	0.01579	0.00654	0.00208	0.00310	0.04306	0.00477	0.00429
32	0.01398	0.01272	0.01886	0.07476	0.44128	0.08168	0.08168	0.03326	0.06744	0.08733	0.02932	0.01404	0.00978	0.00515	0.00517	0.00156	0.00626	0.00484	0.00320	0.00766
33	0.01200	0.14211	0.09859	0.01459	0.04220	0.05249	0.27035	0.04054	0.01206	0.03923	0.08402	0.09791	0.01409	0.00676	0.00601	0.01552	0.03578	0.00614	0.00318	0.00643
34	0.04036	0.00781	0.01020	0.00909	0.01004	0.01961	0.05654	0.03721	0.02906	0.01456	0.05120	0.14000	0.01721	0.23897	0.01377	0.00273	0.18538	0.00716	0.10428	0.00481
35	0.01105	0.00978	0.01423	0.03253	0.15411	0.00945	0.07060	0.01436	0.06632	0.03233	0.05217	0.01492	0.01116	0.02679	0.06967	0.00196	0.07606	0.00460	0.00317	0.32473
36	0.01332	0.04028	0.01470	0.01228	0.01377	0.12264	0.00997	0.05491	0.19933	0.02567	0.01098	0.01304	0.00917	0.00761	0.01094	0.00190	0.41352	0.00461	0.01488	0.00649
37	0.00799	0.00655	0.00758	0.00649	0.00899	0.00533	0.00496	0.00989	0.01190	0.01648	0.21691	0.08411	0.27800	0.00933	0.00529	0.00138	0.00300	0.00794	0.00437	0.30349
38	0.01212	0.45233	0.38335	0.01150	0.01737	0.01640	0.01351	0.01578	0.01062	0.01402	0.00810	0.00944	0.00655	0.00462	0.00403	0.00134	0.00646	0.00323	0.00218	0.00705
39	0.03147	0.00998	0.01072	0.00946	0.01222	0.02766	0.00740	0.04577	0.48023	0.11322	0.13649	0.02257	0.05522	0.00759	0.00532	0.00168	0.00394	0.00633	0.00530	0.00744
40	0.00777	0.00535	0.00663	0.00648	0.00729	0.00532	0.00449	0.00905	0.01853	0.03787	0.18012	0.04441	0.11457	0.34950	0.16609	0.00430	0.00578	0.01837	0.00393	0.00417
41	0.00672	0.00496	0.00622	0.00701	0.00772	0.00463	0.00488	0.03019	0.01081	0.01417	0.06165	0.61085	0.15772	0.01499	0.00642	0.00200	0.00303	0.03685	0.00481	0.00438
42	0.00834	0.00717	0.01145	0.47146	0.02360	0.00837	0.01026	0.01059	0.00997	0.01296	0.01648	0.32253	0.01734	0.00979	0.00620	0.03159	0.00527	0.00841	0.00323	0.00499
43	0.00632	0.00451	0.00603	0.00722	0.00755	0.00423	0.00488	0.00726	0.00989	0.01317	0.02824	0.79086	0.03379	0.01601	0.00657	0.00209	0.00304	0.03938	0.00476	0.00419
44	0.02661	0.00908	0.01038	0.00862	0.01162	0.00911	0.00690	0.18236	0.12494	0.23899	0.07684	0.03420	0.20249	0.00836	0.00539	0.00163	0.00398	0.00684	0.02451	0.00713
45	0.03072	0.00934	0.01507	0.69984	0.05673	0.01141	0.01357	0.04929	0.01092	0.01439	0.00985	0.03894	0.00780	0.00550	0.00513	0.00170	0.00657	0.00484	0.00253	0.00587
46	0.00777	0.00526	0.00655	0.00651	0.00779	0.00472	0.00477	0.00947	0.01257	0.06984	0.34580	0.24805	0.22708	0.01233	0.00613	0.00177	0.00275	0.01081	0.00524	0.00480
47	0.00736	0.00545	0.00801	0.00801	0.00890	0.00628	0.00616	0.00910	0.00830	0.01196	0.01444	0.02122	0.02368	0.07743	0.73586	0.00787	0.01296	0.00566	0.01683	0.00451
48	0.00844	0.00744	0.01143	0.01002	0.03619	0.00700	0.15425	0.01160	0.06742	0.01664	0.18219	0.10483	0.28440	0.00990	0.00584	0.00170	0.00398	0.00895	0.06243	0.00535
49	0.01035	0.00980	0.01659	0.63599	0.20150	0.01157	0.01458	0.01369	0.01057	0.01392	0.00924	0.01346	0.00712	0.00501	0.00512	0.00167	0.00668	0.00456	0.00234	0.00624
50	0.00620	0.00466	0.00576	0.00664	0.00731	0.00421	0.00454	0.00720	0.01031	0.01330	0.03443	0.61721	0.22908	0.01528	0.00642	0.00199	0.00288	0.01361	0.00476	0.00421
51	0.03900	0.69520	0.02534	0.01106	0.08825	0.04328	0.00939	0.01555	0.01062	0.01287	0.00740	0.00870	0.00670	0.00445	0.00350	0.00116	0.00562	0.00294	0.00227	0.00668
52	0.01200	0.01461	0.07665	0.02120	0.02654	0.01291	0.72343	0.01642	0.01203	0.01642	0.01031	0.01366	0.00771	0.00436	0.00598	0.00172	0.00859	0.00592	0.00257	0.00696
53	0.01048	0.00895	0.01046	0.00758	0.01198	0.00674	0.00603	0.01270	0.01061	0.01658	0.00984	0.04088	0.00859	0.00426	0.00390	0.00081	0.00377	0.00347	0.00310	0.81925
54	0.00782	0.00945	0.16029	0.00886	0.01093	0.00649	0.00794	0.02787	0.04551	0.01506	0.06663	0.48403	0.05277	0.02372	0.00638	0.00198	0.00406	0.05072	0.00431	0.00518
55	0.01766	0.01207	0.01440	0.16390	0.03553	0.09305	0.03834	0.17106	0.09571	0.28304	0.01472	0.01480	0.01018	0.00592	0.00513	0.00159	0.00577	0.00483	0.00460	0.00772
56	0.02173	0.00869	0.01163	0.00900	0.01279	0.00764	0.00740	0.05106	0.01495	0.70775	0.05668	0.01906	0.03369	0.00671	0.00522	0.00159	0.00428	0.00548	0.00623	0.00844
57	0.00722	0.00536	0.00724	0.00827	0.03293	0.00510	0.01863	0.00897	0.04363	0.02804	0.04374	0.62375	0.09068	0.01451	0.00638	0.00201	0.00327	0.04089	0.00472	0.00464
58	0.01106	0.31429	0.40758	0.01137	0.01692	0.01399	0.01331	0.01488	0.01093	0.01483	0.06303	0.04051	0.03573	0.00573	0.00447	0.00145	0.00615	0.00438	0.00259	0.00681
59	0.00759	0.00573	0.00688	0.00692	0.00820	0.00551	0.00505	0.01074	0.10283	0.02814	0.30546	0.27463	0.18848	0.01222	0.00609	0.00180	0.00285	0.01074	0.00516	0.00498
60	0.03719	0.00503	0.00499	0.00500	0.00634	0.00490	0.00375	0.01101	0.01085	0.01804	0.02366	0.04981	0.16440	0.00763	0.00415	0.00134	0.00250	0.00621	0.62850	0.00470
61	0.14602	0.01217	0.01738	0.11337	0.35092	0.07089	0.09220	0.01650	0.04931	0.04169	0.01026	0.01266	0.00810	0.00491	0.00482	0.00156	0.00608	0.00444	0.02966	0.00706
62	0.03590	0.01312	0.06532	0.08099	0.13675	0.08807	0.06898	0.15027	0.06413	0.11704	0.01453	0.01791	0.03378	0.03786	0.00605	0.00176	0.00604	0.05044	0.00386	0.00719
63	0.46865	0.00929	0.00918	0.00767	0.01097	0.00977	0.00628	0.05157	0.01180	0.26963	0.06308	0.01471	0.03620	0.00597	0.00418	0.00159	0.00403	0.00431	0.00449	0.00663
64	0.00694	0.00498	0.00651	0.00724	0.00787	0.00474	0.00506	0.03201	0.01127	0.01525	0.17551	0.61118	0.03580	0.01460	0.00643	0.00198	0.00302	0.04019	0.00495	0.00446
65	0.01197	0.23889	0.39700	0.01494	0.06190	0.01451	0.13197	0.04355	0.01145	0.01576	0.00897	0.01075	0.00689	0.00469	0.00465	0.00149	0.00703	0.00393	0.00237	0.00728
66	0.00915	0.00772	0.01157	0.10724	0.14380	0.00821	0.03331	0.03695	0.02159	0.01506	0.07795	0.08448	0.13859	0.01525	0.17381	0.03407	0.03699	0.00696	0.03181	0.00549
67	0.00821	0.00651	0.00922	0.08537	0.01091	0.00714	0.05232	0.00909	0.00832	0.01129	0.01525	0.10314	0.01687	0.49616	0.05689	0.00407	0.08479	0.00740	0.00305	0.00401
68	0.01160	0.00975	0.01129	0.00879	0.03958	0.02460	0.00670	0.03965	0.02118	0.04081	0.00971	0.01106	0.00789	0.00406	0.00397	0.00086	0.00408	0.00325	0.00321	0.73795
69	0.08394	0.10233	0.01361	0.01109	0.03389	0.41123	0.00822	0.03710	0.01211	0.01352	0.00989	0.02871	0.00947	0.16453	0.00907	0.00209	0.03653	0.00433	0.00282	0.00552
70	0.01300	0.49411	0.28216	0.01108	0.01640	0.07835	0.01227	0.01606	0.01088	0.01351	0.00789	0.00918	0.00656	0.00462	0.00393	0.00129	0.00648	0.00314	0.00222	0.00687
71	0.00763	0.00579	0.00709	0.00667	0.00811	0.00553	0.00503	0.01105	0.08668	0.01978	0.61647	0.03795	0.14180	0.01048	0.00597	0.00164	0.00260	0.00915	0.00549	0.00509
72	0.01591	0.01209	0.01259	0.01071	0.01397	0.05516	0.00852	0.19768	0.44240	0.12549	0.01828	0.01779	0.01353	0.00679	0.00521	0.00167	0.00476	0.02412	0.00520	0.00814
73	0.00646	0.00493	0.00595	0.00641	0.00730	0.00461	0.00450	0.00756	0.01015	0.01304	0.04645	0.34359	0.30474	0.09676	0.11033	0.00303	0.00441	0.01125	0.00436	0.00419
74	0.00826	0.00662	0.00940	0.16445	0.01448	0.00708	0.02484	0.02935	0.07738	0.01465	0.02272	0.42698	0.02493	0.02693	0.00654	0.00205	0.00431	0.11973	0.00424	0.00505
75	0.01122	0.00927	0.01048	0.01053	0.06474	0.01012	0.00750	0.02072	0.48041	0.04277	0.03470	0.10122	0.14594	0.00870	0.00547	0.00174	0.00382	0.00742	0.01620	0.00704
76	0.01076	0.05203	0.62176	0.01575	0.02276	0.01241	0.16067	0.01625	0.01106	0.01614	0.00936	0.01131	0.00675	0.00475	0.00504	0.00163	0.00771	0.00418	0.00225	0.00742
77	0.00962	0.00876	0.01608	0.01317	0.01596	0.00821	0.29979	0.01237	0.01175	0.03989	0.02447	0.13426	0.13812	0.01019	0.00640	0.00196	0.00567	0.23378	0.00397	0.00557
78	0.24749	0.00905	0.01073	0.00849	0.01224	0.00861	0.00701	0.02233	0.01308	0.58419	0.01671	0.01500	0.01078	0.00592	0.00463	0.00159	0.00426	0.00452	0.00549	0.00788
79	0.00969	0.00912	0.01539	0.80734	0.03534	0.01140	0.01425	0.01311	0.01026	0.01311	0.00912	0.01368	0.00684	0.00513	0.00513	0.00171	0.00684	0.00456	0.00228	0.00570
80	0.00628	0.00503	0.00562	0.00585	0.00716	0.00437	0.00425	0.00765	0.01165	0.01465	0.15287	0.23423	0.49558	0.01338	0.00618	0.00180	0.00266	0.01152	0.00489	0.00437
81	0.02352	0.00635	0.00742	0.00743	0.00794	0.03131	0.00510	0.03533	0.00911	0.01240	0.01806	0.24972	0.02035	0.35124	0.13651	0.00418	0.05770	0.00867	0.00352	0.00413
82	0.01112	0.14664	0.59114	0.01439	0.02119	0.02462	0.09000	0.01619	0.01095	0.01558	0.00899	0.01071	0.00664	0.00475	0.00474	0.00155	0.00739	0.00384	0.00222	0.00734
83	0.35726	0.00919	0.00930	0.00809	0.01097	0.02497	0.00642	0.08956	0.01218	0.22938	0.01557	0.17826	0.01368	0.00768	0.00463	0.00168	0.00414	0.00605	0.00454	0.00644
84	0.00678	0.00508	0.00675	0.00739	0.00826	0.00472	0.01848	0.00823	0.01106	0.01456	0.12283	0.46102	0.15256	0.01440	0.00649	0.00201	0.00324	0.13689	0.00483	0.00442
