[name]
unknown

[dist]
# distance from previous block
# <min> <max>
72	836

[block]
# block no. 0 follows, 56 sequences, length 20
# corresponding to MSA columns:
# 1014-1033
name=unknown_A
#
# <colnr> <probs for GDERKNQSTAVLIFYWHMCP>
#	G	D	E	R	K	N	Q	S	T	A	V	L	I	F	Y	W	H	M	C	P
0	0.23547	0.03069	0.01386	0.03109	0.35584	0.12794	0.00996	0.03616	0.03139	0.07389	0.00878	0.01028	0.00692	0.00444	0.00402	0.00136	0.00520	0.00354	0.00279	0.00638
1	0.37696	0.01027	0.01181	0.05714	0.20382	0.05452	0.03824	0.03291	0.09891	0.04969	0.02024	0.01075	0.00758	0.00463	0.00387	0.00142	0.00460	0.00360	0.00301	0.00602
2	0.53361	0.00979	0.00986	0.00971	0.10300	0.02539	0.01848	0.11012	0.02104	0.09433	0.00856	0.00936	0.00638	0.00454	0.00351	0.00140	0.00414	0.00316	0.00326	0.02037
3	0.09840	0.02819	0.01346	0.01485	0.26958	0.00928	0.04941	0.05127	0.06361	0.19755	0.04223	0.01637	0.05736	0.00557	0.00452	0.00141	0.00447	0.03195	0.00366	0.03688
4	0.28385	0.00972	0.01190	0.01456	0.29286	0.04287	0.00866	0.04115	0.02254	0.08242	0.01066	0.03859	0.03132	0.00611	0.03635	0.00161	0.00477	0.00401	0.00301	0.05305
5	0.24610	0.01166	0.04144	0.01180	0.07691	0.12938	0.15937	0.01537	0.05128	0.08983	0.07075	0.01285	0.01946	0.00495	0.00423	0.00139	0.00522	0.00418	0.01513	0.02871
6	0.01175	0.01327	0.02321	0.01901	0.12780	0.11593	0.54352	0.01563	0.05502	0.01455	0.00944	0.01198	0.00726	0.00414	0.00509	0.00148	0.00727	0.00491	0.00245	0.00628
7	0.01143	0.01065	0.07433	0.01184	0.11532	0.01060	0.00871	0.02118	0.54911	0.06237	0.01690	0.06120	0.01326	0.00623	0.00469	0.00153	0.00408	0.00531	0.00418	0.00706
8	0.01199	0.44052	0.08186	0.01030	0.07488	0.10522	0.00881	0.05185	0.03124	0.01351	0.10585	0.01175	0.01090	0.00494	0.00395	0.00118	0.01909	0.00361	0.00261	0.00593
9	0.01043	0.07371	0.01136	0.03221	0.05638	0.00749	0.00640	0.01248	0.00975	0.05890	0.00860	0.00987	0.00699	0.00364	0.00353	0.00081	0.00374	0.00292	0.00278	0.67801
10	0.00868	0.00738	0.00856	0.00649	0.00994	0.00564	0.00510	0.01051	0.00958	0.01438	0.01446	0.07885	0.11214	0.00532	0.00385	0.00089	0.00320	0.00443	0.00304	0.68754
11	0.01546	0.01249	0.05706	0.01007	0.01345	0.07532	0.00844	0.33050	0.27137	0.13569	0.01405	0.01337	0.01006	0.00564	0.00457	0.00143	0.00478	0.00441	0.00445	0.00738
12	0.07379	0.00497	0.00521	0.00507	0.00641	0.00456	0.00371	0.00762	0.01035	0.01398	0.21541	0.03718	0.46583	0.11734	0.00754	0.00189	0.00266	0.00841	0.00414	0.00393
13	0.01083	0.00812	0.00965	0.00696	0.01098	0.00619	0.00559	0.01284	0.00995	0.10951	0.00934	0.01024	0.00734	0.00367	0.00354	0.00077	0.00346	0.00294	0.00307	0.76499
14	0.00595	0.00468	0.00538	0.00524	0.00657	0.00411	0.00395	0.00759	0.01160	0.01513	0.38780	0.03991	0.44732	0.01064	0.00544	0.00152	0.00230	0.02616	0.00462	0.00409
15	0.02799	0.00909	0.01072	0.04385	0.01228	0.00942	0.00712	0.30659	0.05843	0.24699	0.14673	0.01762	0.03565	0.00633	0.00468	0.00141	0.00401	0.00514	0.03914	0.00680
16	0.01084	0.15002	0.49330	0.01311	0.07613	0.01229	0.03401	0.09541	0.04517	0.01568	0.00874	0.00998	0.00652	0.00446	0.00422	0.00137	0.00610	0.00350	0.00237	0.00679
17	0.00626	0.00499	0.00786	0.00786	0.00863	0.00474	0.09237	0.00743	0.00889	0.01192	0.02253	0.67839	0.02637	0.03597	0.05031	0.00220	0.00380	0.01159	0.00391	0.00400
18	0.00665	0.00456	0.00557	0.00557	0.00577	0.00476	0.00349	0.00704	0.00684	0.00932	0.01395	0.02717	0.01544	0.64642	0.21389	0.00515	0.00633	0.00626	0.00270	0.00310
19	0.01055	0.00875	0.01081	0.00954	0.10010	0.00733	0.00669	0.06634	0.03163	0.03719	0.00926	0.02507	0.00766	0.00396	0.00372	0.00087	0.00375	0.00327	0.00296	0.65056

[dist]
# distance from previous block
# <min> <max>
0	1

[block]
# block no. 1 follows, 56 sequences, length 13
# corresponding to MSA columns:
# 1035-1047
name=unknown_B
#
# <colnr> <probs for GDERKNQSTAVLIFYWHMCP>
#	G	D	E	R	K	N	Q	S	T	A	V	L	I	F	Y	W	H	M	C	P
0	0.03462	0.57143	0.05336	0.00956	0.01343	0.06104	0.08774	0.07203	0.01056	0.01300	0.00769	0.03272	0.00684	0.00442	0.00352	0.00114	0.00537	0.00326	0.00231	0.00598
1	0.70600	0.01024	0.00965	0.00806	0.01108	0.06891	0.10007	0.01399	0.00855	0.01921	0.00679	0.00811	0.00528	0.00425	0.00324	0.00142	0.00440	0.00287	0.00274	0.00514
2	0.11224	0.01450	0.01182	0.01172	0.09851	0.39516	0.03756	0.01532	0.01197	0.05802	0.14596	0.01484	0.04217	0.00568	0.00437	0.00131	0.00591	0.00437	0.00312	0.00544
3	0.00664	0.00458	0.00565	0.00565	0.00587	0.00480	0.00358	0.00709	0.00687	0.00938	0.01388	0.02679	0.01528	0.62047	0.23962	0.00525	0.00658	0.00620	0.00269	0.00314
4	0.00952	0.00816	0.00952	0.00680	0.01088	0.00612	0.00544	0.01156	0.00952	0.01496	0.00816	0.00952	0.00680	0.00340	0.00340	0.00068	0.00340	0.00272	0.00272	0.86672
5	0.00771	0.01344	0.36610	0.00994	0.05212	0.00736	0.01027	0.01107	0.01077	0.01514	0.24046	0.05309	0.16905	0.00750	0.00492	0.00148	0.00443	0.00635	0.00335	0.00546
6	0.87108	0.00888	0.00675	0.00604	0.00888	0.01030	0.00497	0.01350	0.00781	0.02060	0.00639	0.00746	0.00497	0.00426	0.00284	0.00142	0.00355	0.00249	0.00284	0.00497
7	0.00956	0.01778	0.44434	0.01501	0.02046	0.01050	0.31932	0.01397	0.01007	0.01439	0.00997	0.07476	0.00817	0.00495	0.00489	0.00152	0.00684	0.00493	0.00227	0.00632
8	0.00613	0.00795	0.14555	0.00621	0.00862	0.00507	0.00589	0.00805	0.01038	0.01299	0.06939	0.06081	0.61578	0.01036	0.00525	0.00154	0.00310	0.00864	0.00389	0.00440
9	0.00755	0.00596	0.00946	0.00938	0.01077	0.00581	0.10175	0.00972	0.01053	0.01388	0.06633	0.13916	0.02548	0.01164	0.00612	0.00198	0.00435	0.55168	0.00405	0.00441
10	0.01011	0.18669	0.34062	0.01359	0.10322	0.02586	0.10646	0.01359	0.01000	0.01369	0.03447	0.01380	0.04003	0.00512	0.00466	0.00140	0.02769	0.04047	0.00233	0.00620
11	0.00801	0.00705	0.01016	0.00932	0.00980	0.00920	0.00753	0.00938	0.00723	0.01082	0.00969	0.01471	0.00921	0.02345	0.48552	0.00515	0.35246	0.00454	0.00227	0.00448
12	0.12413	0.00824	0.00920	0.00675	0.01065	0.00670	0.00543	0.01225	0.00944	0.04788	0.00833	0.00949	0.00674	0.00361	0.00337	0.00081	0.00344	0.00277	0.00286	0.71791

[dist]
# distance from previous block
# <min> <max>
1	7

[block]
# block no. 2 follows, 56 sequences, length 18
# corresponding to MSA columns:
# 1055-1072
name=unknown_C
#
# <colnr> <probs for GDERKNQSTAVLIFYWHMCP>
#	G	D	E	R	K	N	Q	S	T	A	V	L	I	F	Y	W	H	M	C	P
0	0.05713	0.41779	0.16459	0.01035	0.01477	0.01487	0.09308	0.13430	0.01144	0.03141	0.00798	0.00905	0.00635	0.00430	0.00375	0.00122	0.00548	0.00324	0.00252	0.00637
1	0.00867	0.00816	0.01332	0.63077	0.04428	0.00969	0.04876	0.01220	0.06089	0.01250	0.01299	0.01595	0.09207	0.00540	0.00472	0.00153	0.00562	0.00481	0.00247	0.00521
2	0.01073	0.00915	0.01080	0.01137	0.12075	0.01007	0.00786	0.06919	0.47538	0.01812	0.04534	0.02200	0.08973	0.00705	0.00489	0.00156	0.00385	0.07125	0.00427	0.00663
3	0.06476	0.00787	0.01045	0.00806	0.01157	0.00693	0.00666	0.02191	0.01286	0.77204	0.01750	0.01520	0.01103	0.00561	0.00452	0.00142	0.00389	0.00451	0.00553	0.00767
4	0.01107	0.01016	0.01713	0.11984	0.65125	0.01034	0.01317	0.01376	0.01048	0.04040	0.03647	0.01299	0.02341	0.00452	0.00460	0.00139	0.00531	0.00435	0.00249	0.00687
5	0.01189	0.48025	0.08756	0.00958	0.01266	0.10638	0.00911	0.01357	0.00933	0.01129	0.00726	0.02473	0.00678	0.00525	0.00576	0.00129	0.17125	0.01831	0.00210	0.00566
6	0.00867	0.00816	0.01377	0.82762	0.03162	0.01020	0.01275	0.01173	0.00918	0.01173	0.00816	0.01224	0.00612	0.00459	0.00459	0.00153	0.00612	0.00408	0.00204	0.00510
7	0.00672	0.00458	0.00546	0.00552	0.00577	0.00457	0.00351	0.00722	0.00775	0.01045	0.09973	0.03203	0.02022	0.63771	0.05416	0.00404	0.00452	0.07977	0.00315	0.00314
8	0.01300	0.01039	0.01108	0.00954	0.01239	0.01180	0.00754	0.18001	0.61288	0.05255	0.01711	0.01584	0.01266	0.00606	0.00465	0.00152	0.00393	0.00495	0.00470	0.00740
9	0.01683	0.01291	0.01379	0.01228	0.09861	0.08973	0.00907	0.53433	0.04962	0.09950	0.01137	0.01147	0.00815	0.00533	0.00455	0.00137	0.00524	0.00410	0.00424	0.00749
10	0.00921	0.02375	0.81487	0.01309	0.01987	0.01066	0.01696	0.01454	0.00969	0.01454	0.00824	0.00969	0.00582	0.00436	0.00436	0.00145	0.00678	0.00339	0.00194	0.00678
11	0.00921	0.02375	0.81487	0.01309	0.01987	0.01066	0.01696	0.01454	0.00969	0.01454	0.00824	0.00969	0.00582	0.00436	0.00436	0.00145	0.00678	0.00339	0.00194	0.00678
12	0.01338	0.00934	0.01502	0.02020	0.48987	0.00905	0.01123	0.01577	0.01120	0.23268	0.01322	0.01769	0.01084	0.00562	0.00479	0.00147	0.00487	0.10326	0.00345	0.00703
13	0.00941	0.00892	0.01511	0.60795	0.24551	0.01039	0.01312	0.01238	0.00953	0.01263	0.00829	0.01200	0.00644	0.00445	0.00458	0.00148	0.00594	0.00408	0.00210	0.00570
14	0.01905	0.09747	0.01243	0.00850	0.01204	0.03108	0.00713	0.09439	0.03657	0.60851	0.01591	0.01415	0.01037	0.00547	0.00443	0.00137	0.00423	0.00431	0.00506	0.00752
15	0.00709	0.00512	0.00713	0.00875	0.09255	0.00484	0.00558	0.00830	0.00950	0.04691	0.05068	0.50826	0.09064	0.05129	0.00649	0.00190	0.00320	0.08339	0.00406	0.00432
16	0.01118	0.64004	0.14051	0.00850	0.01251	0.01568	0.00888	0.01317	0.00933	0.01145	0.00845	0.08599	0.00819	0.00498	0.00343	0.00114	0.00498	0.00360	0.00218	0.00582
17	0.01018	0.00777	0.01259	0.59175	0.05443	0.00903	0.01102	0.01280	0.00976	0.12855	0.01145	0.10035	0.00951	0.00577	0.00473	0.00154	0.00541	0.00511	0.00282	0.00543

[dist]
# distance from previous block
# <min> <max>
0	3

[block]
# block no. 3 follows, 56 sequences, length 45
# corresponding to MSA columns:
# 1076-1120
name=unknown_D
#
# <colnr> <probs for GDERKNQSTAVLIFYWHMCP>
#	G	D	E	R	K	N	Q	S	T	A	V	L	I	F	Y	W	H	M	C	P
0	0.05153	0.02791	0.00762	0.00778	0.00902	0.00589	0.00644	0.04227	0.01057	0.04106	0.04027	0.23148	0.03788	0.01180	0.00579	0.00191	0.00379	0.44835	0.00419	0.00446
1	0.01037	0.01101	0.02983	0.01241	0.01320	0.07096	0.08313	0.01178	0.00789	0.01144	0.00689	0.01070	0.00649	0.00921	0.07018	0.00228	0.62090	0.00412	0.00209	0.00512
2	0.01450	0.01803	0.07104	0.01237	0.05255	0.50295	0.05635	0.04406	0.08764	0.01313	0.00956	0.03626	0.00817	0.04720	0.00534	0.00146	0.00708	0.00394	0.00270	0.00567
3	0.01168	0.70024	0.11147	0.00868	0.01282	0.01671	0.02634	0.01365	0.00933	0.01130	0.00688	0.00814	0.00612	0.00513	0.03412	0.00129	0.00546	0.00272	0.00199	0.00593
4	0.00583	0.00532	0.02671	0.00535	0.00700	0.00433	0.00431	0.00741	0.02443	0.01272	0.04274	0.04355	0.69332	0.01144	0.00548	0.00160	0.00266	0.08753	0.00420	0.00405
5	0.00666	0.00507	0.00757	0.00751	0.00831	0.00598	0.00586	0.00828	0.00737	0.01067	0.01211	0.01780	0.01132	0.03366	0.79704	0.00722	0.03608	0.00489	0.00245	0.00413
6	0.01522	0.01876	0.01671	0.01402	0.03122	0.56627	0.21440	0.02980	0.01249	0.01255	0.00806	0.01022	0.00660	0.00465	0.00453	0.00130	0.00796	0.01722	0.00242	0.00561
7	0.00948	0.07906	0.73006	0.01297	0.01948	0.01121	0.04678	0.01449	0.00971	0.01429	0.00815	0.00964	0.00587	0.00431	0.00431	0.00143	0.00669	0.00341	0.00196	0.00670
8	0.01275	0.00601	0.00789	0.00685	0.00900	0.00529	0.00533	0.01436	0.01197	0.38618	0.19789	0.17088	0.12850	0.00886	0.00512	0.00152	0.00309	0.00763	0.00510	0.00578
9	0.00867	0.00816	0.01377	0.82762	0.03162	0.01020	0.01275	0.01173	0.00918	0.01173	0.00816	0.01224	0.00612	0.00459	0.00459	0.00153	0.00612	0.00408	0.00204	0.00510
10	0.00916	0.00944	0.01780	0.01393	0.01622	0.00996	0.38221	0.01147	0.00935	0.01298	0.01305	0.24536	0.01338	0.00785	0.00785	0.00175	0.20297	0.00725	0.00280	0.00521
11	0.04287	0.00784	0.01055	0.00811	0.01165	0.00684	0.00670	0.02214	0.01300	0.79244	0.01781	0.01541	0.01120	0.00565	0.00457	0.00142	0.00390	0.00456	0.00561	0.00774
12	0.02060	0.00781	0.01065	0.00817	0.01172	0.00675	0.00675	0.02237	0.01314	0.81320	0.01811	0.01563	0.01136	0.00568	0.00462	0.00142	0.00391	0.00462	0.00568	0.00781
13	0.00921	0.02375	0.81487	0.01309	0.01987	0.01066	0.01696	0.01454	0.00969	0.01454	0.00824	0.00969	0.00582	0.00436	0.00436	0.00145	0.00678	0.00339	0.00194	0.00678
14	0.02025	0.00774	0.01054	0.00811	0.01160	0.00669	0.00669	0.02204	0.01314	0.79374	0.03744	0.01608	0.01215	0.00577	0.00464	0.00142	0.00386	0.00471	0.00567	0.00773
15	0.01004	0.01004	0.01406	0.01205	0.01205	0.01406	0.01004	0.01105	0.00703	0.01105	0.00603	0.01004	0.00603	0.00804	0.01507	0.00201	0.83025	0.00402	0.00201	0.00502
16	0.00867	0.00816	0.01377	0.82762	0.03162	0.01020	0.01275	0.01173	0.00918	0.01173	0.00816	0.01224	0.00612	0.00459	0.00459	0.00153	0.00612	0.00408	0.00204	0.00510
17	0.01059	0.01250	0.05807	0.08627	0.02446	0.01145	0.69685	0.01445	0.01065	0.01445	0.00915	0.01226	0.00685	0.00395	0.00531	0.00154	0.00757	0.00522	0.00228	0.00613
18	0.01103	0.00945	0.01005	0.00906	0.01154	0.01086	0.00703	0.02315	0.73930	0.01914	0.08112	0.01849	0.01633	0.00648	0.00473	0.00155	0.00352	0.00544	0.00470	0.00703
19	0.00867	0.00816	0.01377	0.82762	0.03162	0.01020	0.01275	0.01173	0.00918	0.01173	0.00816	0.01224	0.00612	0.00459	0.00459	0.00153	0.00612	0.00408	0.00204	0.00510
20	0.01098	0.01148	0.02235	0.05505	0.39309	0.01127	0.38200	0.01423	0.01052	0.01466	0.00888	0.01185	0.00706	0.00408	0.00516	0.00147	0.02224	0.00472	0.00228	0.00663
21	0.00848	0.00774	0.01106	0.00995	0.01032	0.01032	0.00811	0.00977	0.00719	0.01087	0.00884	0.01363	0.00847	0.01989	0.37666	0.00442	0.46302	0.00442	0.00221	0.00461
22	0.00610	0.00487	0.00559	0.00595	0.00733	0.00436	0.00482	0.00758	0.01050	0.01286	0.03895	0.04677	0.54200	0.01199	0.00574	0.00174	0.00297	0.27165	0.00425	0.00400
23	0.00983	0.01016	0.02045	0.07934	0.08853	0.00985	0.47269	0.01309	0.01058	0.01423	0.01287	0.03640	0.01180	0.00615	0.00550	0.00167	0.00652	0.18188	0.00277	0.00571
24	0.04631	0.05711	0.02828	0.21053	0.27389	0.16028	0.10088	0.04358	0.01091	0.01401	0.00819	0.01071	0.00655	0.00436	0.00443	0.00137	0.00629	0.00387	0.00233	0.00612
25	0.00774	0.00412	0.00607	0.00607	0.00616	0.00421	0.00411	0.00627	0.00618	0.00832	0.00884	0.01538	0.00889	0.06797	0.10591	0.72023	0.00492	0.00425	0.00209	0.00227
26	0.00592	0.00467	0.00534	0.00517	0.00650	0.00409	0.00388	0.00755	0.01163	0.01517	0.39766	0.03962	0.45528	0.01059	0.00542	0.00150	0.00225	0.00905	0.00463	0.00409
27	0.01119	0.01079	0.01858	0.07505	0.74286	0.01089	0.03511	0.01397	0.01039	0.01480	0.00863	0.01144	0.00720	0.00411	0.00457	0.00138	0.00556	0.00413	0.00226	0.00711
28	0.01025	0.00859	0.00991	0.00715	0.01119	0.00687	0.00574	0.08383	0.01063	0.01625	0.00842	0.00966	0.00689	0.00359	0.00351	0.00074	0.00355	0.00285	0.00289	0.78746
29	0.87108	0.00888	0.00675	0.00604	0.00888	0.01030	0.00497	0.01350	0.00781	0.02060	0.00639	0.00746	0.00497	0.00426	0.00284	0.00142	0.00355	0.00249	0.00284	0.00497
30	0.00731	0.00524	0.00727	0.00823	0.00930	0.00520	0.00715	0.00940	0.01069	0.01394	0.06439	0.05072	0.04585	0.01249	0.00627	0.00207	0.00408	0.72191	0.00427	0.00422
31	0.01182	0.01008	0.01076	0.00979	0.02746	0.01159	0.00749	0.07492	0.73511	0.01976	0.01799	0.01662	0.01348	0.00614	0.00466	0.00154	0.00376	0.00510	0.00462	0.00730
32	0.00806	0.00541	0.00756	0.00844	0.00962	0.00536	0.00737	0.01016	0.01070	0.05411	0.02399	0.04996	0.02566	0.01233	0.00625	0.00208	0.00421	0.74000	0.00430	0.00441
33	0.00543	0.00465	0.00465	0.00465	0.00620	0.00388	0.00349	0.00659	0.01046	0.01240	0.04651	0.04418	0.80815	0.01163	0.00543	0.00155	0.00233	0.00969	0.00426	0.00388
34	0.00986	0.06635	0.54056	0.01462	0.02062	0.01136	0.24302	0.01454	0.01001	0.01438	0.00844	0.01035	0.00616	0.00419	0.00459	0.00145	0.00696	0.00393	0.00205	0.00656
35	0.00544	0.00460	0.00470	0.00478	0.00624	0.00386	0.00355	0.00657	0.01034	0.01235	0.04493	0.10296	0.75039	0.01183	0.00546	0.00157	0.00235	0.00994	0.00426	0.00386
36	0.00848	0.00430	0.00435	0.00434	0.00541	0.00428	0.00325	0.01062	0.00976	0.01717	0.04663	0.01780	0.01303	0.00551	0.00330	0.00108	0.00214	0.00444	0.82983	0.00428
37	0.01135	0.02324	0.59899	0.01275	0.01834	0.22861	0.01478	0.01556	0.01059	0.01365	0.00793	0.00931	0.00584	0.00446	0.00430	0.00138	0.00719	0.00328	0.00205	0.00639
38	0.00921	0.02375	0.81487	0.01309	0.01987	0.01066	0.01696	0.01454	0.00969	0.01454	0.00824	0.00969	0.00582	0.00436	0.00436	0.00145	0.00678	0.00339	0.00194	0.00678
39	0.00559	0.00400	0.00533	0.00639	0.00666	0.00373	0.00426	0.00639	0.00879	0.01172	0.02530	0.83566	0.03036	0.01438	0.00586	0.00186	0.00266	0.01305	0.00426	0.00373
40	0.00921	0.02375	0.81487	0.01309	0.01987	0.01066	0.01696	0.01454	0.00969	0.01454	0.00824	0.00969	0.00582	0.00436	0.00436	0.00145	0.00678	0.00339	0.00194	0.00678
41	0.02683	0.06246	0.08838	0.05646	0.20713	0.34236	0.01080	0.06047	0.04716	0.04310	0.00871	0.01010	0.00689	0.00463	0.00426	0.00130	0.00655	0.00352	0.00262	0.00626
42	0.01054	0.00884	0.00953	0.00865	0.01094	0.01009	0.00670	0.02138	0.64705	0.01869	0.11021	0.01916	0.01724	0.00769	0.03728	0.00176	0.00375	0.00551	0.03832	0.00668
43	0.05049	0.00835	0.01083	0.00833	0.01187	0.00762	0.00688	0.09884	0.01379	0.70708	0.01699	0.01488	0.01078	0.00561	0.00455	0.00142	0.00401	0.00449	0.00547	0.00771
44	0.00867	0.00816	0.01377	0.82762	0.03162	0.01020	0.01275	0.01173	0.00918	0.01173	0.00816	0.01224	0.00612	0.00459	0.00459	0.00153	0.00612	0.00408	0.00204	0.00510

[dist]
# distance from previous block
# <min> <max>
0	4

[block]
# block no. 4 follows, 56 sequences, length 48
# corresponding to MSA columns:
# 1125-1172
name=unknown_E
#
# <colnr> <probs for GDERKNQSTAVLIFYWHMCP>
#	G	D	E	R	K	N	Q	S	T	A	V	L	I	F	Y	W	H	M	C	P
0	0.06859	0.02272	0.75919	0.01260	0.01911	0.01064	0.01614	0.01447	0.00956	0.01496	0.00811	0.00954	0.00576	0.00435	0.00426	0.00145	0.00656	0.00333	0.00200	0.00666
1	0.01421	0.40659	0.04763	0.01103	0.06318	0.36300	0.00901	0.01577	0.01100	0.01139	0.00690	0.00809	0.00598	0.00430	0.00361	0.00111	0.00646	0.00281	0.00216	0.00577
2	0.81170	0.00990	0.06243	0.00652	0.00964	0.01032	0.00580	0.01357	0.00794	0.02018	0.00652	0.00761	0.00503	0.00427	0.00295	0.00142	0.00377	0.00255	0.00278	0.00510
3	0.00562	0.00401	0.00532	0.00636	0.00662	0.00375	0.00423	0.00640	0.00874	0.01165	0.02504	0.81638	0.03004	0.03411	0.00628	0.00193	0.00271	0.01290	0.00423	0.00371
4	0.01127	0.07529	0.15193	0.02213	0.52305	0.06694	0.02695	0.01419	0.01037	0.01424	0.00886	0.03795	0.00759	0.00451	0.00443	0.00136	0.00578	0.00409	0.00227	0.00682
5	0.02026	0.00835	0.01099	0.00842	0.01199	0.00755	0.00696	0.10503	0.01404	0.72927	0.01735	0.01513	0.01098	0.00566	0.00461	0.00142	0.00403	0.00457	0.00557	0.00781
6	0.87108	0.00888	0.00675	0.00604	0.00888	0.01030	0.00497	0.01350	0.00781	0.02060	0.00639	0.00746	0.00497	0.00426	0.00284	0.00142	0.00355	0.00249	0.00284	0.00497
7	0.00572	0.00408	0.00547	0.00653	0.00686	0.00384	0.00448	0.00661	0.00891	0.01186	0.02524	0.78165	0.03009	0.01427	0.00589	0.00188	0.00277	0.06583	0.00426	0.00376
8	0.02060	0.00781	0.01065	0.00817	0.01172	0.00675	0.00675	0.02237	0.01314	0.81320	0.01811	0.01563	0.01136	0.00568	0.00462	0.00142	0.00391	0.00462	0.00568	0.00781
9	0.00668	0.00445	0.00501	0.00501	0.00501	0.00445	0.00278	0.00668	0.00668	0.00890	0.01447	0.03004	0.01669	0.83866	0.02337	0.00445	0.00445	0.00668	0.00278	0.00278
10	0.00952	0.00816	0.00952	0.00680	0.01088	0.00612	0.00544	0.01156	0.00952	0.01496	0.00816	0.00952	0.00680	0.00340	0.00340	0.00068	0.00340	0.00272	0.00272	0.86672
11	0.01142	0.00986	0.01038	0.00934	0.01194	0.01142	0.00727	0.02440	0.80172	0.01920	0.01869	0.01713	0.01401	0.00623	0.00467	0.00156	0.00363	0.00519	0.00467	0.00727
12	0.87108	0.00888	0.00675	0.00604	0.00888	0.01030	0.00497	0.01350	0.00781	0.02060	0.00639	0.00746	0.00497	0.00426	0.00284	0.00142	0.00355	0.00249	0.00284	0.00497
13	0.00850	0.00429	0.00433	0.00432	0.00539	0.00428	0.00324	0.01064	0.00972	0.01715	0.03623	0.01758	0.01261	0.00546	0.00327	0.00108	0.00214	0.00439	0.84111	0.00428
14	0.01745	0.01286	0.01378	0.01056	0.01424	0.01424	0.00873	0.79471	0.02159	0.02893	0.01102	0.01102	0.00781	0.00551	0.00459	0.00138	0.00505	0.00413	0.00459	0.00781
15	0.00819	0.00748	0.01238	0.66115	0.04622	0.00906	0.01126	0.01083	0.00914	0.01181	0.01124	0.15950	0.01048	0.00633	0.00482	0.00159	0.00549	0.00568	0.00244	0.00491
16	0.01715	0.02188	0.01301	0.01183	0.01419	0.82022	0.00887	0.01833	0.01301	0.01124	0.00710	0.00828	0.00591	0.00473	0.00414	0.00118	0.00828	0.00296	0.00237	0.00532
17	0.01067	0.01109	0.01397	0.01203	0.01224	0.08550	0.00994	0.01169	0.00756	0.01107	0.00612	0.00989	0.00602	0.00774	0.01410	0.00194	0.75742	0.00392	0.00204	0.00505
18	0.00856	0.00428	0.00428	0.00428	0.00535	0.00428	0.00321	0.01070	0.00963	0.01712	0.01498	0.01712	0.01177	0.00535	0.00321	0.00107	0.00214	0.00428	0.86414	0.00428
19	0.02060	0.00781	0.01065	0.00817	0.01172	0.00675	0.00675	0.02237	0.01314	0.81320	0.01811	0.01563	0.01136	0.00568	0.00462	0.00142	0.00391	0.00462	0.00568	0.00781
20	0.02060	0.00781	0.01065	0.00817	0.01172	0.00675	0.00675	0.02237	0.01314	0.81320	0.01811	0.01563	0.01136	0.00568	0.00462	0.00142	0.00391	0.00462	0.00568	0.00781
21	0.01004	0.01004	0.01406	0.01205	0.01205	0.01406	0.01004	0.01105	0.00703	0.01105	0.00603	0.01004	0.00603	0.00804	0.01507	0.00201	0.83025	0.00402	0.00201	0.00502
22	0.00656	0.00492	0.00738	0.00738	0.00820	0.00574	0.00574	0.00820	0.00738	0.01066	0.01230	0.01804	0.01148	0.03443	0.82046	0.00738	0.01230	0.00492	0.00246	0.00410
23	0.01142	0.00986	0.01038	0.00934	0.01194	0.01142	0.00727	0.02440	0.80172	0.01920	0.01869	0.01713	0.01401	0.00623	0.00467	0.00156	0.00363	0.00519	0.00467	0.00727
24	0.00952	0.00816	0.00952	0.00680	0.01088	0.00612	0.00544	0.01156	0.00952	0.01496	0.00816	0.00952	0.00680	0.00340	0.00340	0.00068	0.00340	0.00272	0.00272	0.86672
25	0.01715	0.02188	0.01301	0.01183	0.01419	0.82022	0.00887	0.01833	0.01301	0.01124	0.00710	0.00828	0.00591	0.00473	0.00414	0.00118	0.00828	0.00296	0.00237	0.00532
26	0.01941	0.00852	0.01075	0.00844	0.01186	0.02915	0.00690	0.03712	0.10246	0.68714	0.01775	0.01551	0.01145	0.00572	0.00461	0.00143	0.00401	0.00463	0.00546	0.00768
27	0.87108	0.00888	0.00675	0.00604	0.00888	0.01030	0.00497	0.01350	0.00781	0.02060	0.00639	0.00746	0.00497	0.00426	0.00284	0.00142	0.00355	0.00249	0.00284	0.00497
28	0.01227	0.84142	0.02406	0.00786	0.01178	0.01817	0.00786	0.01375	0.00933	0.01080	0.00638	0.00736	0.00589	0.00393	0.00295	0.00098	0.00491	0.00245	0.00196	0.00589
29	0.01081	0.02443	0.02690	0.01072	0.12028	0.04618	0.00750	0.01557	0.20004	0.02897	0.01084	0.01161	0.00860	0.00430	0.00393	0.00104	0.00406	0.00355	0.00313	0.45756
30	0.01142	0.00986	0.01038	0.00934	0.01194	0.01142	0.00727	0.02440	0.80172	0.01920	0.01869	0.01713	0.01401	0.00623	0.00467	0.00156	0.00363	0.00519	0.00467	0.00727
31	0.00650	0.00469	0.00614	0.00578	0.00686	0.00433	0.00433	0.00866	0.01300	0.01841	0.80760	0.03429	0.04332	0.00939	0.00541	0.00144	0.00217	0.00830	0.00505	0.00433
32	0.00563	0.00404	0.00529	0.00627	0.00657	0.00377	0.00417	0.00641	0.00876	0.01163	0.02565	0.77149	0.05943	0.04906	0.00658	0.00196	0.00273	0.01265	0.00420	0.00369
33	0.05559	0.01742	0.46205	0.01343	0.01859	0.00997	0.21134	0.01348	0.00979	0.01457	0.01070	0.10668	0.00931	0.00556	0.00476	0.00154	0.00632	0.02037	0.00240	0.00613
34	0.00760	0.00519	0.00762	0.00741	0.00837	0.00591	0.00576	0.00916	0.00774	0.06588	0.01268	0.01825	0.01160	0.06779	0.71358	0.00674	0.02676	0.00496	0.00269	0.00431
35	0.01246	0.81074	0.02364	0.00800	0.01187	0.04819	0.00789	0.01392	0.00947	0.01082	0.00641	0.00740	0.00589	0.00396	0.00299	0.00099	0.00504	0.00247	0.00198	0.00587
36	0.01227	0.84142	0.02406	0.00786	0.01178	0.01817	0.00786	0.01375	0.00933	0.01080	0.00638	0.00736	0.00589	0.00393	0.00295	0.00098	0.00491	0.00245	0.00196	0.00589
37	0.00645	0.00469	0.00607	0.00572	0.00683	0.00431	0.00429	0.00857	0.01288	0.01813	0.77202	0.03476	0.07907	0.00949	0.00542	0.00145	0.00217	0.00837	0.00502	0.00431
38	0.00964	0.00750	0.00815	0.00748	0.00940	0.00828	0.00575	0.01784	0.45295	0.01860	0.21390	0.02139	0.02086	0.00684	0.00457	0.00143	0.00298	0.00579	0.17065	0.00596
39	0.01136	0.01091	0.01863	0.02818	0.81002	0.01091	0.01409	0.01409	0.01045	0.01500	0.00864	0.01136	0.00727	0.00409	0.00455	0.00136	0.00545	0.00409	0.00227	0.00727
40	0.00543	0.00465	0.00465	0.00465	0.00620	0.00388	0.00349	0.00659	0.01046	0.01240	0.04651	0.04418	0.80815	0.01163	0.00543	0.00155	0.00233	0.00969	0.00426	0.00388
41	0.01227	0.84142	0.02406	0.00786	0.01178	0.01817	0.00786	0.01375	0.00933	0.01080	0.00638	0.00736	0.00589	0.00393	0.00295	0.00098	0.00491	0.00245	0.00196	0.00589
42	0.00668	0.00445	0.00501	0.00501	0.00501	0.00445	0.00278	0.00668	0.00668	0.00890	0.01447	0.03004	0.01669	0.83866	0.02337	0.00445	0.00445	0.00668	0.00278	0.00278
43	0.87108	0.00888	0.00675	0.00604	0.00888	0.01030	0.00497	0.01350	0.00781	0.02060	0.00639	0.00746	0.00497	0.00426	0.00284	0.00142	0.00355	0.00249	0.00284	0.00497
44	0.01142	0.00986	0.01038	0.00934	0.01194	0.01142	0.00727	0.02440	0.80172	0.01920	0.01869	0.01713	0.01401	0.00623	0.00467	0.00156	0.00363	0.00519	0.00467	0.00727
45	0.01004	0.01004	0.01406	0.01205	0.01205	0.01406	0.01004	0.01105	0.00703	0.01105	0.00603	0.01004	0.00603	0.00804	0.01507	0.00201	0.83025	0.00402	0.00201	0.00502
46	0.00547	0.00465	0.00471	0.00469	0.00623	0.00389	0.00352	0.00667	0.01056	0.01263	0.07552	0.04381	0.77900	0.01154	0.00543	0.00155	0.00232	0.00964	0.00429	0.00389
47	0.01583	0.01877	0.01421	0.03144	0.17521	0.58502	0.00999	0.07084	0.01301	0.01322	0.00770	0.00917	0.00632	0.00465	0.00426	0.00124	0.00744	0.00329	0.00249	0.00588

[dist]
# distance from previous block
# <min> <max>
0	4

[block]
# block no. 5 follows, 56 sequences, length 91
# corresponding to MSA columns:
# 1177-1204,1224-1286
name=unknown_F
#
# <colnr> <probs for GDERKNQSTAVLIFYWHMCP>
#	G	D	E	R	K	N	Q	S	T	A	V	L	I	F	Y	W	H	M	C	P
0	0.01227	0.84142	0.02406	0.00786	0.01178	0.01817	0.00786	0.01375	0.00933	0.01080	0.00638	0.00736	0.00589	0.00393	0.00295	0.00098	0.00491	0.00245	0.00196	0.00589
1	0.00856	0.00428	0.00428	0.00428	0.00535	0.00428	0.00321	0.01070	0.00963	0.01712	0.01498	0.01712	0.01177	0.00535	0.00321	0.00107	0.00214	0.00428	0.86414	0.00428
2	0.02060	0.00781	0.01065	0.00817	0.01172	0.00675	0.00675	0.02237	0.01314	0.81320	0.01811	0.01563	0.01136	0.00568	0.00462	0.00142	0.00391	0.00462	0.00568	0.00781
3	0.00697	0.00459	0.00524	0.00518	0.00525	0.00462	0.00297	0.02238	0.00693	0.00925	0.01400	0.02868	0.01598	0.77166	0.02266	0.05714	0.00443	0.00646	0.00277	0.00283
4	0.01142	0.00986	0.01038	0.00934	0.01194	0.01142	0.00727	0.02440	0.80172	0.01920	0.01869	0.01713	0.01401	0.00623	0.00467	0.00156	0.00363	0.00519	0.00467	0.00727
5	0.00603	0.00459	0.00618	0.00695	0.00719	0.00474	0.00483	0.00685	0.00862	0.01165	0.02341	0.75460	0.02797	0.01376	0.00676	0.00188	0.08392	0.01216	0.00404	0.00386
6	0.01381	0.00977	0.01132	0.00958	0.01212	0.01108	0.00769	0.12125	0.40972	0.18380	0.01618	0.01543	0.02405	0.00637	0.00617	0.00157	0.12373	0.00484	0.00448	0.00707
7	0.00667	0.00448	0.00515	0.00515	0.00520	0.00453	0.00296	0.00677	0.00672	0.00901	0.01433	0.02930	0.01637	0.78890	0.07268	0.00463	0.00494	0.00657	0.00276	0.00286
8	0.01707	0.03654	0.01323	0.01172	0.01415	0.78131	0.00885	0.04166	0.01320	0.01176	0.00720	0.00835	0.00597	0.00474	0.00413	0.00118	0.00812	0.00298	0.00243	0.00541
9	0.01074	0.05094	0.01094	0.00782	0.01144	0.11678	0.00627	0.01275	0.02218	0.01413	0.00799	0.00939	0.00671	0.00387	0.00406	0.00084	0.04413	0.00284	0.00263	0.65352
10	0.01087	0.01038	0.01767	0.14199	0.68133	0.01066	0.01369	0.01363	0.01033	0.01461	0.02588	0.01199	0.00789	0.00428	0.00457	0.00139	0.00548	0.00418	0.00230	0.00690
11	0.00656	0.00490	0.00730	0.00730	0.00809	0.00569	0.00564	0.00815	0.00735	0.01060	0.01237	0.01845	0.01166	0.06245	0.79269	0.00728	0.01202	0.00498	0.00247	0.00405
12	0.01221	0.80716	0.02418	0.00833	0.01229	0.01789	0.04032	0.01379	0.00939	0.01096	0.00650	0.00757	0.00594	0.00393	0.00305	0.00101	0.00503	0.00258	0.00198	0.00590
13	0.01118	0.01077	0.01663	0.04832	0.61125	0.04226	0.01229	0.01373	0.01035	0.01474	0.00847	0.01094	0.00710	0.00401	0.00433	0.00124	0.00522	0.00380	0.00235	0.16103
14	0.00559	0.00400	0.00533	0.00639	0.00666	0.00373	0.00426	0.00639	0.00879	0.01172	0.02530	0.83566	0.03036	0.01438	0.00586	0.00186	0.00266	0.01305	0.00426	0.00373
15	0.00605	0.00475	0.00584	0.00633	0.03678	0.00426	0.00436	0.00753	0.01093	0.01439	0.29959	0.22510	0.33495	0.01123	0.00549	0.00158	0.00247	0.00979	0.00446	0.00412
16	0.01019	0.05425	0.56094	0.01552	0.13424	0.02679	0.08853	0.01469	0.01003	0.03065	0.00850	0.01018	0.00625	0.00429	0.00443	0.00142	0.00657	0.00366	0.00211	0.00676
17	0.14394	0.00797	0.01009	0.00786	0.01131	0.00726	0.00649	0.02109	0.01237	0.69825	0.01641	0.01444	0.01044	0.00548	0.00436	0.00142	0.00386	0.00431	0.00527	0.00740
18	0.00650	0.00469	0.00614	0.00578	0.00686	0.00433	0.00433	0.00866	0.01300	0.01841	0.80760	0.03429	0.04332	0.00939	0.00541	0.00144	0.00217	0.00830	0.00505	0.00433
19	0.00962	0.00946	0.01702	0.51730	0.20499	0.01059	0.13956	0.01274	0.00973	0.01295	0.00845	0.01207	0.00652	0.00436	0.00471	0.00150	0.00623	0.00430	0.00214	0.00576
20	0.01097	0.49342	0.36062	0.01008	0.01522	0.01497	0.01173	0.01408	0.00948	0.01239	0.00717	0.00836	0.00586	0.00411	0.00355	0.00118	0.00571	0.00285	0.00195	0.00627
21	0.02060	0.00781	0.01065	0.00817	0.01172	0.00675	0.00675	0.02237	0.01314	0.81320	0.01811	0.01563	0.01136	0.00568	0.00462	0.00142	0.00391	0.00462	0.00568	0.00781
22	0.01142	0.00986	0.01038	0.00934	0.01194	0.01142	0.00727	0.02440	0.80172	0.01920	0.01869	0.01713	0.01401	0.00623	0.00467	0.00156	0.00363	0.00519	0.00467	0.00727
23	0.01556	0.04693	0.15877	0.01194	0.01515	0.64922	0.01031	0.01751	0.01230	0.01182	0.00728	0.00851	0.00590	0.00464	0.00414	0.00123	0.00791	0.00302	0.00228	0.00560
24	0.01275	0.00956	0.01042	0.00917	0.01191	0.01074	0.00719	0.02410	0.68736	0.13435	0.01860	0.01691	0.01363	0.00615	0.00466	0.00154	0.00367	0.00511	0.00482	0.00735
25	0.87108	0.00888	0.00675	0.00604	0.00888	0.01030	0.00497	0.01350	0.00781	0.02060	0.00639	0.00746	0.00497	0.00426	0.00284	0.00142	0.00355	0.00249	0.00284	0.00497
26	0.00543	0.00465	0.00465	0.00465	0.00620	0.00388	0.00349	0.00659	0.01046	0.01240	0.04651	0.04418	0.80815	0.01163	0.00543	0.00155	0.00233	0.00969	0.00426	0.00388
27	0.01071	0.01021	0.01738	0.20098	0.62719	0.01065	0.01368	0.01350	0.01018	0.01427	0.00881	0.01227	0.00736	0.00435	0.00459	0.00141	0.00558	0.01787	0.00226	0.00675
28	0.01679	0.01258	0.24590	0.00967	0.01412	0.00813	0.00976	0.02019	0.05300	0.53842	0.01525	0.01397	0.00988	0.00532	0.00455	0.00144	0.00473	0.00429	0.00453	0.00748
29	0.02008	0.00865	0.01117	0.00856	0.01214	0.00799	0.00707	0.15016	0.01454	0.68344	0.01694	0.01486	0.01078	0.00565	0.00461	0.00141	0.00410	0.00454	0.00550	0.00781
30	0.87108	0.00888	0.00675	0.00604	0.00888	0.01030	0.00497	0.01350	0.00781	0.02060	0.00639	0.00746	0.00497	0.00426	0.00284	0.00142	0.00355	0.00249	0.00284	0.00497
31	0.00555	0.00466	0.00482	0.00478	0.00628	0.00393	0.00359	0.00683	0.01076	0.01309	0.13411	0.04304	0.72012	0.01137	0.00542	0.00154	0.00231	0.00953	0.00435	0.00393
32	0.01227	0.84142	0.02406	0.00786	0.01178	0.01817	0.00786	0.01375	0.00933	0.01080	0.00638	0.00736	0.00589	0.00393	0.00295	0.00098	0.00491	0.00245	0.00196	0.00589
33	0.00716	0.00484	0.00635	0.00589	0.00709	0.00445	0.00445	0.00931	0.01300	0.05600	0.77025	0.03341	0.04181	0.00921	0.00538	0.00144	0.00225	0.00813	0.00508	0.00450
34	0.00997	0.01007	0.01922	0.35963	0.05709	0.01039	0.34616	0.01324	0.01003	0.02560	0.00881	0.01206	0.00667	0.00417	0.00483	0.00145	0.00650	0.00453	0.00229	0.08729
35	0.00562	0.00400	0.00532	0.00636	0.00663	0.00374	0.00423	0.00640	0.00875	0.01166	0.02508	0.81920	0.03008	0.03122	0.00622	0.00192	0.00270	0.01292	0.00423	0.00371
36	0.02960	0.00472	0.00450	0.00446	0.00560	0.01963	0.00336	0.01091	0.00965	0.01709	0.01462	0.01672	0.01149	0.00531	0.00322	0.00108	0.00229	0.00421	0.82724	0.00432
37	0.01150	0.63536	0.22334	0.00917	0.01382	0.01627	0.01015	0.01395	0.00942	0.01174	0.00685	0.00795	0.00587	0.00404	0.00330	0.00110	0.00538	0.00269	0.00196	0.00612
38	0.00602	0.00467	0.00548	0.00528	0.00657	0.00413	0.00396	0.00775	0.01188	0.01575	0.47081	0.03867	0.38176	0.01038	0.00542	0.00149	0.00224	0.00892	0.00470	0.00413
39	0.87108	0.00888	0.00675	0.00604	0.00888	0.01030	0.00497	0.01350	0.00781	0.02060	0.00639	0.00746	0.00497	0.00426	0.00284	0.00142	0.00355	0.00249	0.00284	0.00497
40	0.02002	0.00864	0.04355	0.00845	0.01214	0.00717	0.00723	0.04961	0.01330	0.75266	0.01746	0.01522	0.01101	0.00562	0.00461	0.00142	0.00406	0.00455	0.00549	0.00777
41	0.01959	0.00818	0.01184	0.00899	0.01258	0.00719	0.06452	0.03431	0.01311	0.72796	0.03090	0.01563	0.01153	0.00561	0.00469	0.00143	0.00418	0.00473	0.00541	0.00763
42	0.00560	0.00466	0.00489	0.00483	0.00631	0.00395	0.00362	0.00693	0.01087	0.01338	0.16997	0.04258	0.68409	0.01126	0.00542	0.00153	0.00230	0.00946	0.00439	0.00395
43	0.01084	0.01238	0.02709	0.01935	0.02399	0.01161	0.79334	0.01471	0.01084	0.01471	0.00929	0.01238	0.00697	0.00387	0.00542	0.00155	0.00774	0.00542	0.00232	0.00619
44	0.00921	0.02375	0.81487	0.01309	0.01987	0.01066	0.01696	0.01454	0.00969	0.01454	0.00824	0.00969	0.00582	0.00436	0.00436	0.00145	0.00678	0.00339	0.00194	0.00678
45	0.00685	0.00477	0.00625	0.00583	0.00698	0.00439	0.00439	0.00900	0.01300	0.03801	0.78813	0.03383	0.04253	0.00929	0.00540	0.00144	0.00221	0.00821	0.00507	0.00442
46	0.00740	0.00528	0.00740	0.00845	0.00951	0.00528	0.00740	0.00951	0.01057	0.01374	0.02431	0.05179	0.02642	0.01268	0.00634	0.00211	0.00423	0.77912	0.00423	0.00423
47	0.00921	0.02375	0.81487	0.01309	0.01987	0.01066	0.01696	0.01454	0.00969	0.01454	0.00824	0.00969	0.00582	0.00436	0.00436	0.00145	0.00678	0.00339	0.00194	0.00678
48	0.01745	0.01286	0.01378	0.01056	0.01424	0.01424	0.00873	0.79471	0.02159	0.02893	0.01102	0.01102	0.00781	0.00551	0.00459	0.00138	0.00505	0.00413	0.00459	0.00781
49	0.00706	0.00566	0.00835	0.00806	0.00876	0.00695	0.00636	0.00861	0.00733	0.01071	0.01139	0.01688	0.01069	0.03060	0.70366	0.00660	0.13092	0.00479	0.00239	0.00423
50	0.00921	0.02375	0.81487	0.01309	0.01987	0.01066	0.01696	0.01454	0.00969	0.01454	0.00824	0.00969	0.00582	0.00436	0.00436	0.00145	0.00678	0.00339	0.00194	0.00678
51	0.00616	0.00460	0.00572	0.00560	0.00669	0.00416	0.00414	0.00795	0.01196	0.01633	0.55139	0.12810	0.20940	0.01045	0.00547	0.00152	0.00226	0.00915	0.00479	0.00416
52	0.00927	0.04085	0.79833	0.01298	0.01970	0.01082	0.01677	0.01452	0.00969	0.01446	0.00820	0.00964	0.00582	0.00435	0.00433	0.00144	0.00675	0.00337	0.00194	0.00677
53	0.00556	0.00413	0.00518	0.00602	0.00656	0.00376	0.00410	0.00643	0.00914	0.01186	0.02978	0.66844	0.19470	0.01380	0.00577	0.00180	0.00259	0.01234	0.00426	0.00376
54	0.01239	0.82121	0.02378	0.00795	0.01184	0.03794	0.00788	0.01386	0.00942	0.01081	0.00640	0.00739	0.00589	0.00395	0.00298	0.00099	0.00499	0.00247	0.00197	0.00588
55	0.87108	0.00888	0.00675	0.00604	0.00888	0.01030	0.00497	0.01350	0.00781	0.02060	0.00639	0.00746	0.00497	0.00426	0.00284	0.00142	0.00355	0.00249	0.00284	0.00497
56	0.01119	0.01117	0.03734	0.05452	0.70360	0.01093	0.05533	0.01430	0.02955	0.01496	0.00889	0.01155	0.00735	0.00415	0.00459	0.00139	0.00559	0.00417	0.00232	0.00713
57	0.01066	0.00905	0.00974	0.00885	0.01120	0.01031	0.00689	0.02189	0.67488	0.01893	0.12135	0.02043	0.01820	0.00684	0.00482	0.00156	0.00346	0.02945	0.00471	0.00679
58	0.00656	0.00490	0.00731	0.00731	0.00810	0.00570	0.00565	0.00815	0.00736	0.01060	0.01236	0.01840	0.01163	0.05868	0.79643	0.00729	0.01206	0.00497	0.00247	0.00406
59	0.01033	0.01064	0.01976	0.01461	0.04508	0.00938	0.45126	0.01342	0.01030	0.01482	0.00881	0.01120	0.00691	0.00369	0.00458	0.00119	0.00592	0.00429	0.00248	0.35133
60	0.00623	0.00468	0.00576	0.00549	0.00669	0.00422	0.00412	0.00814	0.01236	0.01690	0.61647	0.03678	0.23538	0.00995	0.00542	0.00147	0.00221	0.00865	0.00486	0.00422
61	0.01136	0.01091	0.01863	0.02818	0.81002	0.01091	0.01409	0.01409	0.01045	0.01500	0.00864	0.01136	0.00727	0.00409	0.00455	0.00136	0.00545	0.00409	0.00227	0.00727
62	0.01658	0.01136	0.01262	0.00959	0.01332	0.01181	0.00790	0.55383	0.01837	0.13864	0.01156	0.01143	0.00815	0.00518	0.00440	0.00127	0.00461	0.00397	0.00444	0.15099
63	0.00543	0.00465	0.00465	0.00465	0.00620	0.00388	0.00349	0.00659	0.01046	0.01240	0.04651	0.04418	0.80815	0.01163	0.00543	0.00155	0.00233	0.00969	0.00426	0.00388
64	0.00867	0.00816	0.01377	0.82762	0.03162	0.01020	0.01275	0.01173	0.00918	0.01173	0.00816	0.01224	0.00612	0.00459	0.00459	0.00153	0.00612	0.00408	0.00204	0.00510
65	0.01715	0.02188	0.01301	0.01183	0.01419	0.82022	0.00887	0.01833	0.01301	0.01124	0.00710	0.00828	0.00591	0.00473	0.00414	0.00118	0.00828	0.00296	0.00237	0.00532
66	0.00559	0.00400	0.00533	0.00639	0.00666	0.00373	0.00426	0.00639	0.00879	0.01172	0.02530	0.83566	0.03036	0.01438	0.00586	0.00186	0.00266	0.01305	0.00426	0.00373
67	0.01715	0.02188	0.01301	0.01183	0.01419	0.82022	0.00887	0.01833	0.01301	0.01124	0.00710	0.00828	0.00591	0.00473	0.00414	0.00118	0.00828	0.00296	0.00237	0.00532
68	0.87108	0.00888	0.00675	0.00604	0.00888	0.01030	0.00497	0.01350	0.00781	0.02060	0.00639	0.00746	0.00497	0.00426	0.00284	0.00142	0.00355	0.00249	0.00284	0.00497
69	0.01004	0.01004	0.01406	0.01205	0.01205	0.01406	0.01004	0.01105	0.00703	0.01105	0.00603	0.01004	0.00603	0.00804	0.01507	0.00201	0.83025	0.00402	0.00201	0.00502
70	0.01745	0.01286	0.01378	0.01056	0.01424	0.01424	0.00873	0.79471	0.02159	0.02893	0.01102	0.01102	0.00781	0.00551	0.00459	0.00138	0.00505	0.00413	0.00459	0.00781
71	0.00543	0.00465	0.00465	0.00465	0.00620	0.00388	0.00349	0.00659	0.01046	0.01240	0.04651	0.04418	0.80815	0.01163	0.00543	0.00155	0.00233	0.00969	0.00426	0.00388
72	0.15020	0.04765	0.03660	0.00887	0.01247	0.01072	0.00758	0.30866	0.01519	0.33739	0.01282	0.01209	0.00863	0.00528	0.00425	0.00139	0.00441	0.00397	0.00455	0.00725
73	0.01008	0.00832	0.00970	0.00697	0.01102	0.00643	0.00559	0.04052	0.01005	0.03480	0.00851	0.00972	0.00695	0.00353	0.00347	0.00072	0.00347	0.00282	0.00286	0.81445
74	0.00656	0.00492	0.00738	0.00738	0.00820	0.00574	0.00574	0.00820	0.00738	0.01066	0.01230	0.01804	0.01148	0.03443	0.82046	0.00738	0.01230	0.00492	0.00246	0.00410
75	0.00883	0.00839	0.01439	0.77429	0.05534	0.01027	0.04051	0.01191	0.00928	0.01194	0.00821	0.01222	0.00619	0.00455	0.00462	0.00153	0.00616	0.00413	0.00206	0.00521
76	0.00543	0.00465	0.00465	0.00465	0.00620	0.00388	0.00349	0.00659	0.01046	0.01240	0.04651	0.04418	0.80815	0.01163	0.00543	0.00155	0.00233	0.00969	0.00426	0.00388
77	0.01004	0.01004	0.01406	0.01205	0.01205	0.01406	0.01004	0.01105	0.00703	0.01105	0.00603	0.01004	0.00603	0.00804	0.01507	0.00201	0.83025	0.00402	0.00201	0.00502
78	0.02015	0.00853	0.01110	0.00851	0.01208	0.00781	0.00703	0.13183	0.01434	0.70205	0.01711	0.01497	0.01086	0.00566	0.00461	0.00141	0.00407	0.00455	0.00553	0.00781
79	0.87108	0.00888	0.00675	0.00604	0.00888	0.01030	0.00497	0.01350	0.00781	0.02060	0.00639	0.00746	0.00497	0.00426	0.00284	0.00142	0.00355	0.00249	0.00284	0.00497
80	0.01136	0.01091	0.01863	0.02818	0.81002	0.01091	0.01409	0.01409	0.01045	0.01500	0.00864	0.01136	0.00727	0.00409	0.00455	0.00136	0.00545	0.00409	0.00227	0.00727
81	0.01142	0.00986	0.01038	0.00934	0.01194	0.01142	0.00727	0.02440	0.80172	0.01920	0.01869	0.01713	0.01401	0.00623	0.00467	0.00156	0.00363	0.00519	0.00467	0.00727
82	0.00650	0.00469	0.00614	0.00578	0.00686	0.00433	0.00433	0.00866	0.01300	0.01841	0.80760	0.03429	0.04332	0.00939	0.00541	0.00144	0.00217	0.00830	0.00505	0.00433
83	0.00952	0.00816	0.00952	0.00680	0.01088	0.00612	0.00544	0.01156	0.00952	0.01496	0.00816	0.00952	0.00680	0.00340	0.00340	0.00068	0.00340	0.00272	0.00272	0.86672
84	0.00543	0.00465	0.00465	0.00465	0.00620	0.00388	0.00349	0.00659	0.01046	0.01240	0.04651	0.04418	0.80815	0.01163	0.00543	0.00155	0.00233	0.00969	0.00426	0.00388
85	0.00650	0.00469	0.00614	0.00578	0.00686	0.00433	0.00433	0.00866	0.01300	0.01841	0.80760	0.03429	0.04332	0.00939	0.00541	0.00144	0.00217	0.00830	0.00505	0.00433
86	0.01097	0.01051	0.01792	0.14542	0.69586	0.01080	0.01389	0.01374	0.01027	0.01452	0.00857	0.01149	0.00710	0.00416	0.00455	0.00139	0.00555	0.00409	0.00224	0.00695
87	0.87108	0.00888	0.00675	0.00604	0.00888	0.01030	0.00497	0.01350	0.00781	0.02060	0.00639	0.00746	0.00497	0.00426	0.00284	0.00142	0.00355	0.00249	0.00284	0.00497
88	0.87108	0.00888	0.00675	0.00604	0.00888	0.01030	0.00497	0.01350	0.00781	0.02060	0.00639	0.00746	0.00497	0.00426	0.00284	0.00142	0.00355	0.00249	0.00284	0.00497
89	0.00933	0.05677	0.78293	0.01287	0.01954	0.01097	0.01659	0.01451	0.00968	0.01439	0.00816	0.00960	0.00582	0.00434	0.00430	0.00143	0.00671	0.00335	0.00194	0.00675
90	0.03457	0.00944	0.02701	0.02580	0.01285	0.00925	0.02644	0.13825	0.19614	0.43134	0.01628	0.01487	0.01099	0.00566	0.00458	0.00145	0.00417	0.00461	0.01885	0.00746

[dist]
# distance from previous block
# <min> <max>
0	1

[block]
# block no. 6 follows, 56 sequences, length 37
# corresponding to MSA columns:
# 1288-1324
name=unknown_G
