[name]
unknown

[dist]
# distance from previous block
# <min> <max>
0	52

[block]
# block no. 0 follows, 49 sequences, length 19
# corresponding to MSA columns:
# 311-329
name=unknown_A
#
# <colnr> <probs for GDERKNQSTAVLIFYWHMCP>
#	G	D	E	R	K	N	Q	S	T	A	V	L	I	F	Y	W	H	M	C	P
0	0.06508	0.10041	0.02575	0.13307	0.06480	0.07768	0.08888	0.15990	0.04033	0.01810	0.01383	0.05245	0.06106	0.00637	0.00512	0.00155	0.01957	0.02547	0.00337	0.03720
1	0.01033	0.12462	0.08426	0.01063	0.04228	0.04698	0.05588	0.02829	0.05172	0.02548	0.03263	0.02852	0.01193	0.05911	0.30721	0.00415	0.02237	0.00505	0.04287	0.00568
2	0.05237	0.00944	0.06686	0.09053	0.06248	0.02262	0.05302	0.06368	0.05447	0.02986	0.24548	0.11152	0.06760	0.00868	0.00554	0.00169	0.00446	0.03969	0.00422	0.00581
3	0.01012	0.00992	0.01462	0.62237	0.06869	0.06595	0.01293	0.01306	0.01042	0.01306	0.01117	0.05157	0.03482	0.00594	0.00552	0.00169	0.03495	0.00508	0.00248	0.00564
4	0.01378	0.04685	0.01287	0.01116	0.04916	0.08354	0.00842	0.17159	0.39494	0.02162	0.09787	0.01856	0.03370	0.00684	0.00509	0.00159	0.00472	0.00555	0.00468	0.00744
5	0.01017	0.00816	0.02715	0.01085	0.10741	0.00730	0.02480	0.04199	0.05051	0.06591	0.07534	0.15134	0.10730	0.06544	0.00678	0.00179	0.00412	0.05872	0.00407	0.17087
6	0.01222	0.26709	0.44749	0.03507	0.05040	0.01392	0.01450	0.01631	0.01087	0.07490	0.00931	0.01055	0.00698	0.00477	0.00437	0.00144	0.00652	0.00358	0.00248	0.00723
7	0.01296	0.38548	0.31427	0.01191	0.04309	0.04315	0.01270	0.01623	0.01082	0.06814	0.00880	0.00999	0.00694	0.00482	0.00449	0.00137	0.03198	0.00339	0.00247	0.00701
8	0.00776	0.00528	0.00654	0.00631	0.00770	0.00472	0.00469	0.00961	0.01292	0.07049	0.43043	0.15041	0.24125	0.01150	0.00598	0.00169	0.00264	0.01002	0.00526	0.00481
9	0.01236	0.06425	0.14705	0.21384	0.08110	0.11296	0.06038	0.06785	0.01188	0.02767	0.01010	0.02868	0.00807	0.00551	0.00552	0.00156	0.05730	0.00442	0.07306	0.00642
10	0.03112	0.07904	0.34776	0.01539	0.13314	0.02509	0.04279	0.11777	0.07152	0.04356	0.01155	0.02949	0.01863	0.00542	0.00484	0.00155	0.00631	0.00445	0.00308	0.00750
11	0.00886	0.00694	0.00778	0.00744	0.00929	0.00703	0.00568	0.02896	0.22489	0.03826	0.17480	0.12659	0.27598	0.01080	0.00581	0.00175	0.00318	0.04534	0.00503	0.00560
12	0.00624	0.00471	0.00570	0.00632	0.00711	0.00425	0.00436	0.00733	0.01053	0.01362	0.09907	0.48001	0.26552	0.05181	0.00716	0.00204	0.00286	0.01247	0.00469	0.00416
13	0.04122	0.03203	0.17821	0.09372	0.23352	0.05000	0.05078	0.08161	0.05839	0.03270	0.01152	0.05119	0.00964	0.00585	0.00534	0.00162	0.02806	0.02446	0.00303	0.00711
14	0.00808	0.00655	0.00859	0.00867	0.00927	0.00746	0.00645	0.03390	0.05564	0.01376	0.02187	0.46765	0.04147	0.03682	0.06830	0.00258	0.16333	0.03076	0.00405	0.00478
15	0.02067	0.00827	0.01110	0.00875	0.01222	0.00729	0.00708	0.04183	0.01402	0.68055	0.02010	0.07374	0.01417	0.04815	0.00622	0.00177	0.00427	0.00583	0.00596	0.00801
16	0.05789	0.03813	0.01703	0.06169	0.42711	0.08525	0.01238	0.01649	0.07810	0.04089	0.05131	0.01381	0.01041	0.00547	0.00568	0.00156	0.06201	0.00460	0.00301	0.00718
17	0.00612	0.00469	0.00562	0.00631	0.00716	0.00419	0.00438	0.00720	0.01051	0.01342	0.06036	0.51124	0.31153	0.01455	0.00626	0.00191	0.00278	0.01285	0.00472	0.00419
18	0.03120	0.29495	0.03448	0.04015	0.14206	0.06099	0.01022	0.09522	0.02715	0.01557	0.00986	0.06672	0.00905	0.00607	0.00594	0.00147	0.11290	0.00442	0.00284	0.02876

[dist]
# distance from previous block
# <min> <max>
9	26

[block]
# block no. 1 follows, 49 sequences, length 6
# corresponding to MSA columns:
# 357-362
name=unknown_B
#
# <colnr> <probs for GDERKNQSTAVLIFYWHMCP>
#	G	D	E	R	K	N	Q	S	T	A	V	L	I	F	Y	W	H	M	C	P
0	0.01099	0.00655	0.00795	0.00724	0.00921	0.00625	0.00569	0.04521	0.06937	0.15982	0.26522	0.06605	0.14531	0.00958	0.00554	0.00164	0.00322	0.06940	0.10001	0.00574
1	0.00622	0.00465	0.00579	0.00652	0.00724	0.00421	0.00450	0.00735	0.01059	0.01385	0.11267	0.55791	0.21095	0.01456	0.00629	0.00192	0.00279	0.01297	0.00479	0.00421
2	0.00864	0.04442	0.07220	0.07023	0.01325	0.00854	0.04090	0.03516	0.00948	0.01333	0.03300	0.01878	0.01225	0.02662	0.51769	0.00582	0.03712	0.02461	0.00278	0.00519
3	0.01087	0.07147	0.01038	0.00785	0.00977	0.00901	0.00591	0.18461	0.01183	0.01611	0.01318	0.02146	0.01298	0.33925	0.15803	0.00396	0.00654	0.00552	0.00338	0.09788
4	0.06684	0.01114	0.04508	0.07200	0.01472	0.04984	0.00858	0.09547	0.12510	0.10270	0.01433	0.01673	0.03678	0.00630	0.00563	0.00149	0.06653	0.04879	0.00387	0.20808
5	0.05400	0.11707	0.09406	0.05070	0.06134	0.03751	0.08741	0.14832	0.10386	0.01887	0.04460	0.03333	0.03216	0.00599	0.00532	0.00152	0.04133	0.00488	0.00346	0.05428

[dist]
# distance from previous block
# <min> <max>
1	10

[block]
# block no. 2 follows, 49 sequences, length 17
# corresponding to MSA columns:
# 373-389
name=unknown_C
#
# <colnr> <probs for GDERKNQSTAVLIFYWHMCP>
#	G	D	E	R	K	N	Q	S	T	A	V	L	I	F	Y	W	H	M	C	P
0	0.07460	0.12018	0.02640	0.07866	0.02760	0.22224	0.02370	0.11152	0.06163	0.02671	0.05977	0.01595	0.03637	0.03254	0.00559	0.00159	0.02311	0.02561	0.02001	0.00621
1	0.03733	0.23677	0.07892	0.05322	0.14606	0.12459	0.01111	0.12703	0.02920	0.02941	0.00939	0.02458	0.00780	0.00540	0.00519	0.00144	0.05878	0.00394	0.00291	0.00694
2	0.03764	0.16362	0.04875	0.05918	0.09500	0.26156	0.04213	0.06913	0.01285	0.01548	0.07476	0.01270	0.01046	0.00563	0.00529	0.00143	0.05575	0.00416	0.01813	0.00633
3	0.00677	0.00506	0.00637	0.00683	0.00763	0.00499	0.00486	0.00823	0.03381	0.01276	0.02840	0.33798	0.19885	0.09895	0.16847	0.02484	0.00529	0.03160	0.00408	0.00421
4	0.01087	0.00986	0.01615	0.10988	0.49818	0.01004	0.01272	0.01361	0.01125	0.01577	0.01511	0.05326	0.06039	0.00667	0.00527	0.00163	0.00540	0.08872	0.04839	0.00680
5	0.00627	0.00456	0.00578	0.00665	0.00714	0.00421	0.00447	0.00719	0.00994	0.01308	0.06124	0.62902	0.13132	0.07427	0.00778	0.00220	0.00301	0.01316	0.00461	0.00408
6	0.00791	0.00503	0.00673	0.00742	0.00824	0.00468	0.00538	0.00920	0.01076	0.08021	0.08569	0.56816	0.05130	0.01428	0.00636	0.00201	0.00323	0.11393	0.00489	0.00462
7	0.01038	0.02173	0.56506	0.01645	0.08708	0.01147	0.13356	0.01546	0.01088	0.01590	0.01041	0.05955	0.00835	0.00535	0.00510	0.00164	0.00724	0.00478	0.00238	0.00722
8	0.00729	0.00483	0.00641	0.00710	0.00781	0.00447	0.00500	0.00854	0.01079	0.05606	0.14437	0.59864	0.05455	0.01431	0.00632	0.00196	0.00300	0.04915	0.00491	0.00448
9	0.01396	0.66174	0.02418	0.00948	0.01332	0.06906	0.00898	0.05588	0.01104	0.01302	0.00732	0.00864	0.00662	0.00486	0.00456	0.00122	0.07431	0.00298	0.00235	0.00648
10	0.02769	0.19432	0.20063	0.01362	0.07045	0.10652	0.08329	0.05837	0.05660	0.06075	0.00995	0.01123	0.00770	0.00506	0.00499	0.00144	0.03743	0.00393	0.00289	0.04313
11	0.01307	0.08099	0.07780	0.01310	0.02746	0.14386	0.03204	0.07884	0.01093	0.01448	0.02185	0.01130	0.00766	0.00770	0.02562	0.00194	0.41846	0.00420	0.00259	0.00612
12	0.00673	0.00656	0.07320	0.00752	0.00880	0.00499	0.00608	0.00835	0.01060	0.01405	0.08581	0.49297	0.15687	0.01382	0.00625	0.00195	0.00338	0.08301	0.00454	0.00452
13	0.00651	0.00473	0.00624	0.00711	0.00757	0.00455	0.00493	0.00744	0.00995	0.01323	0.06532	0.64007	0.08926	0.01514	0.00720	0.03442	0.02557	0.04204	0.00457	0.00414
14	0.03541	0.04361	0.28277	0.01927	0.27107	0.03626	0.06638	0.08626	0.07781	0.01802	0.01040	0.01211	0.00797	0.00495	0.00490	0.00155	0.00648	0.00431	0.00285	0.00762
15	0.02777	0.01361	0.22430	0.03412	0.01615	0.00979	0.09692	0.06050	0.08235	0.13762	0.05202	0.03532	0.05364	0.00657	0.00529	0.00162	0.01950	0.02557	0.09050	0.00684
16	0.00620	0.00497	0.00553	0.00573	0.00705	0.00431	0.00417	0.00756	0.01154	0.01450	0.15769	0.21692	0.50987	0.01310	0.00608	0.00177	0.00262	0.01126	0.00483	0.00431

[dist]
# distance from previous block
# <min> <max>
1	2

[block]
# block no. 3 follows, 49 sequences, length 48
# corresponding to MSA columns:
# 392-439
name=unknown_D
#
# <colnr> <probs for GDERKNQSTAVLIFYWHMCP>
#	G	D	E	R	K	N	Q	S	T	A	V	L	I	F	Y	W	H	M	C	P
0	0.01480	0.05647	0.19859	0.01436	0.09564	0.08553	0.10865	0.04875	0.02918	0.20052	0.01341	0.04107	0.02399	0.00564	0.00499	0.00152	0.00621	0.00486	0.00360	0.04221
1	0.71110	0.01003	0.00847	0.00740	0.01037	0.01167	0.00609	0.07704	0.01003	0.02279	0.03744	0.00983	0.00742	0.00525	0.00411	0.00160	0.04710	0.00322	0.00333	0.00571
2	0.01348	0.22822	0.16979	0.01461	0.07252	0.11437	0.16263	0.05218	0.01201	0.04712	0.00990	0.04193	0.00821	0.00525	0.00500	0.00147	0.02733	0.00442	0.00272	0.00684
3	0.01340	0.02223	0.10735	0.08996	0.03685	0.04234	0.03227	0.18899	0.19107	0.04692	0.05896	0.01561	0.01226	0.00597	0.00490	0.00152	0.00522	0.00490	0.06695	0.05232
4	0.00634	0.00459	0.00593	0.00673	0.00726	0.00425	0.00458	0.00743	0.01041	0.01392	0.13985	0.61512	0.09377	0.04578	0.00709	0.00207	0.00290	0.01306	0.00476	0.00418
5	0.01152	0.00878	0.01045	0.00930	0.02582	0.00947	0.01735	0.21299	0.12484	0.02016	0.10707	0.05786	0.03974	0.05902	0.16810	0.00307	0.01441	0.00620	0.05514	0.03874
6	0.00732	0.03644	0.00631	0.00566	0.00614	0.00535	0.00352	0.00769	0.00841	0.01091	0.04358	0.06703	0.13872	0.60910	0.02045	0.00405	0.00441	0.00803	0.00342	0.00347
7	0.01192	0.01131	0.01940	0.22397	0.49245	0.01187	0.07635	0.04397	0.01165	0.01623	0.00969	0.01297	0.00779	0.00471	0.00507	0.00156	0.00630	0.00463	0.02089	0.00727
8	0.79122	0.01013	0.00805	0.00705	0.01025	0.01169	0.00581	0.07530	0.00981	0.02342	0.00745	0.00853	0.00573	0.00480	0.00328	0.00156	0.00404	0.00288	0.00328	0.00573
9	0.16484	0.14009	0.17291	0.01103	0.01514	0.16499	0.06080	0.05103	0.02848	0.05269	0.04161	0.01184	0.00898	0.00521	0.00431	0.00144	0.00612	0.00387	0.04816	0.00647
10	0.04636	0.15148	0.10008	0.02395	0.15921	0.05337	0.02640	0.03269	0.04069	0.03014	0.02615	0.17194	0.01340	0.00709	0.00504	0.00151	0.02160	0.00597	0.00319	0.07974
11	0.01453	0.22995	0.16305	0.01215	0.01570	0.31581	0.01132	0.01692	0.02253	0.01302	0.00784	0.00960	0.00663	0.00551	0.00619	0.00145	0.13568	0.00342	0.00238	0.00630
12	0.04649	0.35998	0.44147	0.01168	0.01766	0.01519	0.01394	0.01560	0.01042	0.01457	0.00814	0.00950	0.00640	0.00460	0.00408	0.00138	0.00646	0.00326	0.00219	0.00698
13	0.01449	0.11652	0.07134	0.01485	0.16577	0.18166	0.01070	0.14679	0.02554	0.01767	0.03330	0.01159	0.00870	0.00522	0.00502	0.00135	0.03943	0.00392	0.00309	0.12307
14	0.01422	0.00670	0.00893	0.00757	0.00998	0.00594	0.00596	0.01626	0.01397	0.37701	0.35333	0.07969	0.06106	0.00891	0.00559	0.00161	0.00331	0.00767	0.00579	0.00648
15	0.00721	0.00516	0.00672	0.00646	0.00763	0.00479	0.00489	0.00953	0.01390	0.01965	0.69546	0.06255	0.05811	0.01061	0.00597	0.00163	0.00252	0.04551	0.02695	0.00474
16	0.00617	0.00452	0.00575	0.00671	0.00721	0.00416	0.00452	0.00708	0.00988	0.01293	0.03096	0.68166	0.14439	0.03972	0.00697	0.00209	0.00294	0.01362	0.00465	0.00410
17	0.00943	0.00471	0.00471	0.00471	0.00589	0.00471	0.00353	0.01178	0.01060	0.01885	0.01650	0.01885	0.01296	0.00589	0.00353	0.00118	0.00236	0.00471	0.85036	0.00471
18	0.01432	0.01173	0.01241	0.01064	0.01381	0.01339	0.00843	0.22263	0.58301	0.02396	0.01837	0.01710	0.01364	0.00665	0.00512	0.00166	0.00441	0.00541	0.00512	0.00816
19	0.05826	0.20566	0.13173	0.05116	0.17566	0.11429	0.08170	0.09497	0.01256	0.01658	0.00884	0.01067	0.00708	0.00477	0.00451	0.00142	0.00658	0.00386	0.00268	0.00702
20	0.01479	0.09834	0.07704	0.03603	0.01533	0.20840	0.00983	0.14369	0.24658	0.01866	0.01321	0.01462	0.01045	0.00614	0.00509	0.00153	0.02623	0.03124	0.01573	0.00707
21	0.01084	0.01039	0.03568	0.34244	0.25212	0.01099	0.06683	0.03317	0.05224	0.01562	0.01233	0.01653	0.03252	0.00560	0.00513	0.00163	0.00605	0.03581	0.04756	0.00653
22	0.01293	0.01104	0.01163	0.01036	0.01328	0.01274	0.00809	0.06621	0.74170	0.02172	0.02014	0.01851	0.01508	0.00682	0.00514	0.00170	0.00408	0.00566	0.00514	0.00804
23	0.00724	0.00535	0.00779	0.00779	0.00857	0.00614	0.00590	0.00881	0.00803	0.01149	0.01386	0.02159	0.01339	0.14002	0.70117	0.00771	0.01242	0.00567	0.00276	0.00433
24	0.01207	0.34300	0.32140	0.01314	0.07260	0.04374	0.01331	0.01537	0.01039	0.01386	0.00798	0.00977	0.00658	0.00504	0.00544	0.00144	0.09236	0.00344	0.00220	0.00685
25	0.00675	0.00508	0.00626	0.00617	0.00740	0.00458	0.00458	0.00867	0.01300	0.01760	0.49306	0.13235	0.23847	0.01169	0.00604	0.00169	0.00254	0.02429	0.00522	0.00456
26	0.01165	0.01130	0.04153	0.07015	0.51683	0.01112	0.02729	0.03179	0.08426	0.01710	0.06596	0.06390	0.01290	0.00589	0.00519	0.00158	0.00550	0.00555	0.00313	0.00738
27	0.07325	0.05566	0.57459	0.01306	0.01935	0.03161	0.01568	0.05688	0.02188	0.05794	0.00964	0.01090	0.00691	0.00506	0.00495	0.00158	0.02733	0.00377	0.00264	0.00733
28	0.02182	0.00915	0.01197	0.00927	0.01313	0.00835	0.00763	0.07942	0.06178	0.69166	0.01942	0.01694	0.01241	0.00628	0.00509	0.00157	0.00438	0.00508	0.00610	0.00857
29	0.03131	0.02575	0.77639	0.01422	0.02158	0.01173	0.01835	0.01599	0.01062	0.01618	0.00902	0.01061	0.00638	0.00480	0.00476	0.00160	0.00738	0.00371	0.00216	0.00742
30	0.01071	0.00933	0.01065	0.00951	0.01211	0.01020	0.04523	0.02071	0.51499	0.01890	0.04560	0.02752	0.19529	0.00848	0.00547	0.00174	0.00388	0.03790	0.00490	0.00687
31	0.01922	0.01416	0.01518	0.01163	0.01568	0.01568	0.00961	0.77388	0.02378	0.03187	0.01214	0.01214	0.00860	0.00607	0.00506	0.00152	0.00556	0.00455	0.00506	0.00860
32	0.01891	0.02358	0.01437	0.01295	0.01564	0.76057	0.00976	0.05989	0.01483	0.01340	0.00804	0.00928	0.00662	0.00526	0.00459	0.00131	0.00893	0.00333	0.00273	0.00601
33	0.01853	0.01436	0.01475	0.01157	0.01542	0.05726	0.00946	0.65796	0.10014	0.02974	0.01277	0.01266	0.00918	0.00610	0.00504	0.00153	0.00560	0.00460	0.00494	0.00839
34	0.00713	0.00461	0.00596	0.00675	0.00729	0.00442	0.00475	0.00808	0.00970	0.01362	0.02450	0.50431	0.05308	0.01463	0.02443	0.08908	0.00334	0.06931	0.14096	0.00407
35	0.00650	0.00466	0.00618	0.00710	0.00754	0.00445	0.00491	0.00764	0.01024	0.01391	0.10915	0.67416	0.03389	0.01483	0.00652	0.00200	0.01652	0.04078	0.02479	0.00424
36	0.00686	0.00464	0.00618	0.00704	0.00756	0.00430	0.00480	0.00795	0.01037	0.04168	0.11216	0.70339	0.03428	0.01489	0.00635	0.00198	0.00292	0.01346	0.00485	0.00434
37	0.00769	0.00546	0.00677	0.00638	0.00777	0.00508	0.00480	0.01036	0.04527	0.04119	0.58332	0.05615	0.15377	0.01044	0.00584	0.00161	0.00255	0.00910	0.03153	0.00492
38	0.01162	0.03052	0.01276	0.04393	0.11001	0.02817	0.00793	0.06922	0.01166	0.01725	0.00921	0.01089	0.00756	0.00411	0.00406	0.00096	0.00446	0.00336	0.00302	0.60928
39	0.05614	0.28740	0.11686	0.02353	0.04409	0.24421	0.01023	0.07076	0.01245	0.01511	0.00833	0.00965	0.00685	0.00481	0.00408	0.00128	0.00657	0.00329	0.02271	0.05165
40	0.00754	0.00483	0.00634	0.00712	0.00780	0.00447	0.00496	0.00860	0.01019	0.07009	0.02800	0.65074	0.07078	0.03216	0.00672	0.00206	0.00313	0.04961	0.02041	0.00446
41	0.01230	0.05456	0.01685	0.02072	0.40149	0.08816	0.04206	0.03042	0.07473	0.02851	0.01387	0.14885	0.01325	0.00694	0.00521	0.00160	0.00563	0.02465	0.00324	0.00696
42	0.00765	0.00648	0.04850	0.00745	0.00830	0.00577	0.02583	0.00903	0.02817	0.01242	0.01961	0.26349	0.02198	0.36734	0.02759	0.00334	0.02443	0.06358	0.04494	0.00411
43	0.06856	0.00914	0.01077	0.00884	0.01171	0.02078	0.00701	0.15307	0.02845	0.33825	0.01674	0.04414	0.01347	0.14170	0.00874	0.00214	0.02484	0.04497	0.00488	0.04179
44	0.01421	0.07904	0.25538	0.01537	0.10548	0.07329	0.13350	0.01817	0.03651	0.17548	0.02436	0.01383	0.00938	0.00528	0.00500	0.00155	0.00656	0.01692	0.00332	0.00739
45	0.04588	0.13182	0.20112	0.01289	0.05181	0.03216	0.09197	0.10763	0.03803	0.21967	0.01237	0.01271	0.00873	0.00526	0.00476	0.00151	0.00598	0.00432	0.00376	0.00762
46	0.01128	0.00896	0.01013	0.01000	0.05223	0.00976	0.00726	0.02038	0.46342	0.05827	0.04759	0.09907	0.11460	0.00850	0.00536	0.00171	0.00374	0.02109	0.03976	0.00690
47	0.14072	0.06016	0.01558	0.02784	0.23278	0.07795	0.02665	0.21114	0.01446	0.06179	0.01043	0.01179	0.00802	0.00513	0.00451	0.00144	0.00552	0.00407	0.04656	0.03344

[dist]
# distance from previous block
# <min> <max>
4	38

[block]
# block no. 4 follows, 49 sequences, length 121
# corresponding to MSA columns:
# 518-549,578-591,618-628,635-645,658-710
name=unknown_E
#
# <colnr> <probs for GDERKNQSTAVLIFYWHMCP>
#	G	D	E	R	K	N	Q	S	T	A	V	L	I	F	Y	W	H	M	C	P
0	0.01215	0.01215	0.06905	0.06135	0.13223	0.07845	0.07721	0.06840	0.16158	0.05131	0.09256	0.02146	0.11353	0.00702	0.00532	0.00161	0.00534	0.01858	0.00393	0.00676
1	0.00750	0.00637	0.03799	0.00688	0.00848	0.00540	0.00543	0.03400	0.03712	0.03094	0.19467	0.23614	0.31223	0.01225	0.00602	0.00178	0.00309	0.04405	0.00483	0.00482
2	0.01099	0.01938	0.44135	0.04784	0.09860	0.01174	0.11639	0.06827	0.01191	0.01706	0.04617	0.01395	0.03414	0.00545	0.00551	0.00163	0.03509	0.00469	0.00268	0.00715
3	0.01256	0.03640	0.05581	0.16296	0.15383	0.03930	0.10403	0.09299	0.05050	0.03965	0.01019	0.01319	0.00818	0.02877	0.00745	0.00174	0.13436	0.00464	0.00293	0.04053
4	0.00996	0.00883	0.01310	0.18280	0.24416	0.02062	0.01030	0.02464	0.05786	0.01629	0.15273	0.05313	0.07851	0.00866	0.04290	0.00192	0.02334	0.00631	0.03784	0.00611
5	0.01341	0.25527	0.07569	0.01290	0.07376	0.13296	0.09552	0.03580	0.07020	0.03402	0.01096	0.01284	0.02629	0.03379	0.00564	0.00151	0.03836	0.00418	0.02345	0.04345
6	0.00749	0.00535	0.00623	0.00590	0.00751	0.00468	0.00446	0.00929	0.01292	0.06317	0.37130	0.04203	0.41859	0.01134	0.00592	0.00165	0.00259	0.00967	0.00517	0.00475
7	0.01024	0.00882	0.03065	0.04841	0.16647	0.00880	0.03856	0.10160	0.04783	0.01742	0.08842	0.22609	0.05551	0.03541	0.00654	0.00181	0.03269	0.00797	0.06078	0.00597
8	0.30565	0.02393	0.02865	0.03022	0.27202	0.09862	0.01005	0.04058	0.04160	0.03827	0.00977	0.02878	0.00806	0.00643	0.03611	0.00179	0.00575	0.00403	0.00305	0.00663
9	0.00746	0.00611	0.00661	0.00628	0.00806	0.00577	0.00477	0.02718	0.11683	0.01674	0.23233	0.04108	0.47981	0.01123	0.00584	0.00167	0.00278	0.00948	0.00498	0.00500
10	0.00734	0.00495	0.00574	0.00574	0.00582	0.00503	0.00335	0.00750	0.00742	0.00997	0.01573	0.03195	0.01789	0.75431	0.09303	0.00518	0.00565	0.00719	0.00303	0.00319
11	0.01130	0.01076	0.01343	0.01155	0.01253	0.08117	0.04808	0.07572	0.00989	0.01364	0.00988	0.01575	0.00954	0.12894	0.14868	0.00344	0.38264	0.00500	0.00271	0.00536
12	0.01307	0.22283	0.14501	0.01208	0.06824	0.08277	0.01050	0.07147	0.24372	0.01718	0.01389	0.03190	0.03459	0.00590	0.00459	0.00148	0.00555	0.00459	0.00345	0.00718
13	0.00722	0.00542	0.00813	0.00813	0.00903	0.00632	0.00632	0.00903	0.00813	0.01174	0.01354	0.01987	0.01264	0.03792	0.80225	0.00813	0.01354	0.00542	0.00271	0.00451
14	0.00693	0.00494	0.00653	0.00689	0.00738	0.00514	0.00476	0.00793	0.00854	0.01173	0.01997	0.26874	0.04778	0.25322	0.29645	0.00501	0.00727	0.00888	0.01793	0.00397
15	0.01039	0.02583	0.77497	0.01434	0.02172	0.01185	0.01844	0.03650	0.01103	0.01644	0.00916	0.01072	0.00646	0.00484	0.00481	0.00160	0.00742	0.00376	0.00221	0.00750
16	0.00886	0.00549	0.00670	0.00639	0.00783	0.00510	0.00477	0.01120	0.03342	0.07821	0.34417	0.15939	0.08330	0.00984	0.00537	0.00156	0.00272	0.00856	0.18465	0.03250
17	0.01147	0.01086	0.01659	0.30997	0.29104	0.03918	0.03682	0.05250	0.05214	0.01601	0.05218	0.01525	0.02868	0.00562	0.00561	0.00162	0.03996	0.00496	0.00288	0.00669
18	0.01057	0.01725	0.34562	0.01483	0.06778	0.02442	0.17163	0.01506	0.03035	0.01645	0.07058	0.03985	0.01124	0.00535	0.00504	0.00150	0.00642	0.00494	0.00281	0.13830
19	0.09786	0.00664	0.00664	0.00620	0.00809	0.00681	0.00478	0.05532	0.10086	0.01882	0.08374	0.02764	0.24551	0.00828	0.00467	0.00149	0.00295	0.00672	0.30172	0.00526
20	0.01204	0.01157	0.03050	0.14780	0.55631	0.01172	0.04246	0.05061	0.01189	0.01657	0.01104	0.01489	0.02548	0.00515	0.00513	0.00157	0.00609	0.02906	0.00270	0.00743
21	0.01088	0.00884	0.01035	0.00746	0.01182	0.00670	0.00597	0.01312	0.01063	0.04376	0.00961	0.01098	0.00784	0.00390	0.00379	0.00079	0.00372	0.00312	0.02972	0.79701
22	0.01214	0.03089	0.03612	0.35440	0.23320	0.11630	0.01345	0.03853	0.01126	0.01440	0.00880	0.01218	0.00709	0.00531	0.00605	0.00162	0.08512	0.00427	0.00244	0.00645
23	0.00647	0.00465	0.00611	0.00687	0.00732	0.00449	0.00467	0.00749	0.00968	0.01303	0.08390	0.56148	0.05685	0.10578	0.09344	0.00297	0.00423	0.01212	0.00437	0.00409
24	0.07824	0.03256	0.07468	0.21460	0.14311	0.05945	0.01169	0.16611	0.03751	0.05903	0.01157	0.02707	0.02574	0.00571	0.00522	0.00159	0.03129	0.00457	0.00332	0.00693
25	0.01254	0.01228	0.01929	0.13109	0.61970	0.05470	0.01482	0.02701	0.01158	0.01596	0.00932	0.01242	0.00774	0.00474	0.00527	0.00153	0.02554	0.00444	0.00251	0.00753
26	0.00617	0.00464	0.00573	0.00658	0.00729	0.00421	0.00457	0.00721	0.01025	0.01319	0.03426	0.58311	0.24107	0.01495	0.00634	0.00197	0.00289	0.03671	0.00469	0.00417
27	0.08015	0.02866	0.01439	0.19912	0.03726	0.03083	0.11284	0.10641	0.02801	0.01700	0.04849	0.10716	0.07195	0.00861	0.03731	0.00195	0.05422	0.00633	0.00340	0.00591
28	0.01278	0.23817	0.18216	0.03640	0.12654	0.02651	0.02768	0.08783	0.13488	0.01704	0.02438	0.01229	0.00908	0.00534	0.00500	0.00148	0.03803	0.00414	0.00303	0.00725
29	0.00639	0.00474	0.00594	0.00664	0.00739	0.00434	0.00468	0.00759	0.01068	0.01399	0.12211	0.49641	0.19702	0.03496	0.00682	0.00201	0.00294	0.05637	0.00475	0.00423
30	0.00615	0.00443	0.00584	0.00697	0.00732	0.00411	0.00466	0.00705	0.00975	0.01293	0.02868	0.79228	0.05963	0.01574	0.00644	0.00204	0.00292	0.01425	0.00469	0.00411
31	0.03990	0.03928	0.24623	0.07559	0.09214	0.09529	0.16165	0.08014	0.01242	0.05123	0.01008	0.02663	0.00777	0.00523	0.00542	0.00159	0.03504	0.00454	0.00282	0.00701
32	0.05316	0.01063	0.05584	0.01067	0.07435	0.05252	0.00804	0.11439	0.01233	0.02775	0.01426	0.18622	0.01399	0.00750	0.00516	0.00143	0.02662	0.03306	0.02519	0.26691
33	0.01474	0.01226	0.01296	0.01154	0.04490	0.04071	0.00879	0.25946	0.46881	0.02400	0.03547	0.01662	0.01347	0.00655	0.00511	0.00163	0.00471	0.00530	0.00493	0.00804
34	0.01323	0.01023	0.01365	0.16840	0.08788	0.01108	0.04008	0.24844	0.07331	0.06210	0.07958	0.05364	0.05537	0.00713	0.00531	0.00163	0.00512	0.03215	0.02479	0.00688
35	0.00727	0.00523	0.00716	0.00716	0.00773	0.00580	0.00511	0.00841	0.00784	0.01102	0.01443	0.02476	0.01477	0.32840	0.51468	0.00693	0.01034	0.00613	0.00284	0.00398
36	0.01523	0.01477	0.01814	0.08202	0.34072	0.18461	0.06772	0.14918	0.01431	0.05017	0.01004	0.01206	0.00785	0.00503	0.00499	0.00149	0.00678	0.00437	0.00311	0.00740
37	0.85801	0.00978	0.00743	0.00665	0.00978	0.01134	0.00548	0.01486	0.00861	0.02269	0.00704	0.00821	0.00548	0.00469	0.00313	0.00156	0.00391	0.00274	0.00313	0.00548
38	0.01013	0.00829	0.01034	0.00919	0.04969	0.00719	0.01854	0.08088	0.01190	0.01716	0.04578	0.16801	0.04091	0.00766	0.00489	0.00131	0.00393	0.06830	0.00376	0.43213
39	0.01014	0.02616	0.79609	0.01441	0.02189	0.01174	0.01868	0.01601	0.01068	0.01601	0.00907	0.01068	0.00641	0.00480	0.00480	0.00160	0.00747	0.00374	0.00214	0.00747
40	0.01029	0.01032	0.00939	0.00920	0.01035	0.21536	0.00687	0.01167	0.01010	0.01226	0.01497	0.18700	0.01546	0.05874	0.33385	0.00447	0.04380	0.00678	0.02438	0.00476
41	0.01014	0.02616	0.79609	0.01441	0.02189	0.01174	0.01868	0.01601	0.01068	0.01601	0.00907	0.01068	0.00641	0.00480	0.00480	0.00160	0.00747	0.00374	0.00214	0.00747
42	0.04170	0.01235	0.11427	0.05683	0.07866	0.03353	0.02396	0.16680	0.01235	0.02956	0.01082	0.01433	0.00905	0.04266	0.17004	0.00311	0.13845	0.00464	0.03054	0.00636
43	0.02812	0.03827	0.14576	0.01015	0.01314	0.05523	0.03915	0.04848	0.08935	0.10857	0.01674	0.18925	0.01549	0.02515	0.05702	0.00215	0.03093	0.01978	0.06104	0.00623
44	0.00680	0.00554	0.00631	0.00610	0.00756	0.00516	0.00461	0.00886	0.03890	0.01597	0.28518	0.07301	0.46185	0.01177	0.00639	0.00170	0.03489	0.00990	0.00489	0.00460
45	0.01372	0.47804	0.15020	0.01136	0.03643	0.11483	0.04105	0.05177	0.01159	0.01401	0.00796	0.00926	0.00670	0.00458	0.00392	0.00124	0.00631	0.00322	0.00240	0.03142
46	0.01185	0.01237	0.06262	0.23777	0.25660	0.03300	0.13246	0.06341	0.01185	0.01626	0.00948	0.01250	0.00744	0.00474	0.00519	0.00152	0.01868	0.00450	0.00263	0.09512
47	0.02936	0.07846	0.16312	0.01521	0.15832	0.10376	0.01195	0.20173	0.06761	0.03057	0.01110	0.01302	0.00872	0.00563	0.00517	0.00152	0.03411	0.02244	0.03081	0.00738
48	0.04509	0.09488	0.05025	0.01214	0.11316	0.03007	0.03244	0.05956	0.14393	0.03852	0.03368	0.20313	0.01646	0.03702	0.00613	0.00176	0.02670	0.00697	0.04179	0.00631
49	0.00630	0.00450	0.00603	0.00713	0.00747	0.00427	0.00484	0.00725	0.00964	0.01287	0.02700	0.74360	0.03214	0.03421	0.03863	0.00237	0.00346	0.03960	0.00458	0.00412
50	0.00719	0.00508	0.00682	0.00702	0.00755	0.00546	0.00495	0.00829	0.00824	0.01156	0.01678	0.14464	0.01791	0.29000	0.39036	0.00584	0.00862	0.01906	0.03062	0.00399
51	0.03762	0.17045	0.01554	0.05188	0.01498	0.13686	0.00893	0.15482	0.31889	0.01952	0.01353	0.01352	0.01040	0.00582	0.00461	0.00149	0.00548	0.00440	0.00396	0.00729
52	0.00834	0.00560	0.00785	0.07307	0.00977	0.00615	0.00576	0.00885	0.03860	0.01091	0.01322	0.06956	0.01360	0.18772	0.15179	0.31776	0.03556	0.02948	0.00282	0.00360
53	0.03375	0.22279	0.24390	0.09093	0.03447	0.06244	0.14987	0.03878	0.01119	0.01496	0.00861	0.01077	0.00678	0.00486	0.00517	0.00150	0.04615	0.00397	0.00238	0.00673
54	0.02718	0.13843	0.06068	0.18223	0.15879	0.01314	0.24763	0.03687	0.01159	0.06131	0.00987	0.01248	0.00757	0.00468	0.00500	0.00155	0.00677	0.00464	0.00270	0.00689
55	0.00617	0.00448	0.00583	0.00687	0.00730	0.00414	0.00463	0.00713	0.00996	0.01318	0.05098	0.73425	0.09557	0.01544	0.00640	0.00201	0.00289	0.01393	0.00472	0.00414
56	0.00947	0.00810	0.01278	0.09358	0.08585	0.02402	0.14092	0.02411	0.01094	0.04531	0.04061	0.23530	0.11586	0.09574	0.00787	0.00208	0.00494	0.00859	0.02861	0.00533
57	0.02878	0.29709	0.08045	0.01159	0.03569	0.20711	0.05345	0.08562	0.01280	0.01532	0.05946	0.03997	0.01053	0.00640	0.02368	0.00152	0.01698	0.00424	0.00291	0.00640
58	0.01123	0.02707	0.21614	0.04568	0.09831	0.04515	0.07691	0.03624	0.20489	0.01764	0.07326	0.01832	0.07137	0.00634	0.00513	0.00160	0.00561	0.00547	0.02667	0.00696
59	0.00820	0.00578	0.00681	0.00647	0.00809	0.00530	0.00490	0.03098	0.04133	0.06927	0.32493	0.11115	0.32307	0.01132	0.00592	0.00169	0.00281	0.02183	0.00516	0.00500
60	0.01194	0.01364	0.02984	0.02131	0.02643	0.01279	0.77238	0.01620	0.01194	0.01620	0.01023	0.01364	0.00767	0.00426	0.00597	0.00171	0.00853	0.00597	0.00256	0.00682
61	0.01833	0.00753	0.00969	0.00786	0.01091	0.00680	0.00638	0.02080	0.03819	0.53506	0.01917	0.01867	0.01313	0.00636	0.00470	0.00148	0.00376	0.02295	0.24080	0.00741
62	0.01922	0.01416	0.01518	0.01163	0.01568	0.01568	0.00961	0.77388	0.02378	0.03187	0.01214	0.01214	0.00860	0.00607	0.00506	0.00152	0.00556	0.00455	0.00506	0.00860
63	0.01252	0.21438	0.28048	0.16279	0.09636	0.05600	0.01370	0.03158	0.01126	0.06285	0.00927	0.01111	0.00708	0.00484	0.00450	0.00146	0.00654	0.00378	0.00254	0.00695
64	0.11666	0.13521	0.16226	0.01343	0.12296	0.03009	0.04841	0.05247	0.01159	0.13177	0.01159	0.05088	0.00934	0.00727	0.04620	0.00186	0.01860	0.00453	0.01798	0.00692
65	0.01030	0.02503	0.72737	0.01503	0.02229	0.01184	0.08628	0.01603	0.01079	0.01603	0.00918	0.01094	0.00652	0.00476	0.00491	0.00161	0.00757	0.00394	0.00217	0.00741
66	0.00649	0.00467	0.00564	0.00626	0.00670	0.00437	0.00406	0.00717	0.00929	0.01210	0.02819	0.45217	0.15589	0.25883	0.01220	0.00286	0.00347	0.01163	0.00420	0.00382
67	0.01142	0.09990	0.09272	0.12893	0.24001	0.06095	0.04158	0.01453	0.03248	0.03045	0.02591	0.08029	0.03578	0.00675	0.00534	0.00162	0.02065	0.06119	0.00299	0.00652
68	0.01196	0.06430	0.33614	0.07777	0.03704	0.06557	0.21764	0.05453	0.01208	0.02937	0.03914	0.01269	0.00860	0.00497	0.00510	0.00158	0.00732	0.00459	0.00265	0.00697
69	0.23246	0.01054	0.09035	0.00915	0.01294	0.00891	0.04053	0.01895	0.03042	0.37092	0.03783	0.01687	0.06298	0.00707	0.02691	0.00177	0.00479	0.00489	0.00463	0.00709
70	0.00618	0.00442	0.00589	0.00703	0.00734	0.00412	0.00470	0.00710	0.00979	0.01308	0.04559	0.80078	0.03378	0.01571	0.00644	0.00204	0.00292	0.01425	0.00471	0.00412
71	0.01319	0.04044	0.12763	0.05341	0.14801	0.16103	0.02501	0.09432	0.04001	0.04708	0.02732	0.10442	0.04325	0.00669	0.00503	0.00153	0.00604	0.00557	0.00336	0.04668
72	0.01389	0.24469	0.06678	0.05126	0.15365	0.04772	0.09898	0.11820	0.01290	0.06052	0.01075	0.02456	0.02368	0.00523	0.00488	0.00143	0.02486	0.00434	0.00302	0.02865
73	0.00757	0.00616	0.00723	0.00741	0.00834	0.04182	0.00554	0.00889	0.00972	0.01260	0.04024	0.14686	0.17518	0.14510	0.24327	0.00420	0.02644	0.09540	0.00372	0.00429
74	0.01031	0.09633	0.01469	0.23283	0.01900	0.08670	0.09828	0.03111	0.01095	0.01371	0.01518	0.26357	0.01575	0.02167	0.00568	0.00173	0.00566	0.02073	0.00322	0.03289
75	0.01317	0.00670	0.00835	0.00712	0.00957	0.00599	0.00564	0.03559	0.01341	0.31316	0.19214	0.03085	0.24743	0.01013	0.03334	0.00182	0.00364	0.00757	0.04820	0.00618
76	0.01016	0.00607	0.00735	0.00667	0.00862	0.00545	0.00513	0.01241	0.04289	0.17816	0.27821	0.06265	0.30446	0.02921	0.00624	0.00174	0.00302	0.02085	0.00528	0.00545
77	0.01174	0.07516	0.36428	0.01356	0.07459	0.10390	0.02797	0.03530	0.08716	0.01613	0.01260	0.02551	0.03621	0.00638	0.02126	0.00167	0.00660	0.02268	0.03664	0.02066
78	0.00641	0.00509	0.00573	0.00593	0.00724	0.00454	0.00441	0.00775	0.01111	0.01387	0.10163	0.13904	0.49247	0.07129	0.03844	0.00227	0.00335	0.07061	0.00457	0.00425
79	0.02889	0.44408	0.16216	0.01099	0.01547	0.20193	0.02476	0.03470	0.01163	0.01350	0.00777	0.00901	0.00653	0.00467	0.00393	0.00126	0.00669	0.00313	0.00236	0.00656
80	0.72109	0.06487	0.05030	0.00763	0.01109	0.03093	0.02188	0.01510	0.00903	0.02125	0.00723	0.00847	0.00566	0.00468	0.00332	0.00153	0.00441	0.00287	0.00299	0.00568
81	0.00899	0.00758	0.01183	0.09937	0.18940	0.00851	0.00911	0.01085	0.00895	0.01266	0.01182	0.01835	0.01112	0.11657	0.36812	0.03174	0.06195	0.00524	0.00261	0.00525
82	0.00714	0.00515	0.00685	0.00724	0.00808	0.00514	0.00547	0.00854	0.01019	0.01366	0.12602	0.17881	0.11660	0.10553	0.18566	0.03759	0.00578	0.15823	0.00409	0.00423
83	0.00955	0.00899	0.01517	0.81013	0.03483	0.01123	0.01404	0.01292	0.01011	0.01292	0.00899	0.01348	0.00674	0.00506	0.00506	0.00169	0.00674	0.00449	0.00225	0.00562
84	0.00698	0.00567	0.03138	0.02135	0.00876	0.00501	0.00569	0.02735	0.01100	0.01478	0.13835	0.54670	0.06524	0.01397	0.00630	0.00196	0.00326	0.07704	0.00470	0.00450
85	0.00622	0.00470	0.00566	0.00635	0.00712	0.00425	0.00438	0.00723	0.01027	0.01315	0.04937	0.49574	0.27811	0.06153	0.00742	0.00210	0.00294	0.02472	0.00462	0.00412
86	0.01443	0.26263	0.27543	0.01155	0.01678	0.01542	0.01222	0.25889	0.03419	0.03856	0.00999	0.01073	0.00751	0.00515	0.00443	0.00142	0.00608	0.00377	0.00325	0.00758
87	0.00833	0.03862	0.00791	0.00679	0.00762	0.02023	0.02909	0.03488	0.00904	0.01213	0.03814	0.04430	0.06450	0.50295	0.11094	0.00433	0.00578	0.00699	0.04349	0.00395
88	0.04085	0.20539	0.52274	0.01297	0.01930	0.01385	0.04553	0.05577	0.01125	0.01616	0.00875	0.01021	0.00656	0.00474	0.00445	0.00148	0.00682	0.00360	0.00235	0.00721
89	0.00826	0.00563	0.00790	0.00768	0.00875	0.00618	0.00585	0.02074	0.00912	0.05665	0.05458	0.02313	0.04729	0.11812	0.57636	0.00661	0.01079	0.00599	0.01571	0.00465
90	0.01042	0.02277	0.61296	0.01467	0.02072	0.01245	0.06663	0.01537	0.01026	0.01537	0.00873	0.01094	0.00653	0.00546	0.00689	0.00171	0.14486	0.00400	0.00218	0.00710
91	0.01076	0.00622	0.00790	0.00728	0.00860	0.00624	0.00528	0.01282	0.06328	0.16860	0.09481	0.02777	0.01927	0.33637	0.16923	0.00421	0.00615	0.03609	0.00409	0.00503
92	0.00977	0.00923	0.01550	0.74225	0.08075	0.01139	0.01406	0.01306	0.01014	0.01312	0.00896	0.01336	0.00682	0.00512	0.00534	0.00169	0.02693	0.00449	0.00226	0.00576
93	0.02917	0.00748	0.00909	0.00771	0.01013	0.00716	0.00609	0.12705	0.01497	0.22276	0.30683	0.04728	0.14501	0.00971	0.02491	0.00176	0.00370	0.00754	0.00540	0.00626
94	0.00638	0.00462	0.00603	0.00678	0.00736	0.00427	0.00467	0.00763	0.01085	0.01465	0.20405	0.59710	0.07806	0.01441	0.00632	0.00193	0.00279	0.01297	0.00489	0.00427
95	0.05185	0.03289	0.01367	0.01105	0.01448	0.16409	0.00882	0.33588	0.23317	0.02359	0.01321	0.01312	0.00989	0.00592	0.00480	0.00149	0.00564	0.00444	0.00437	0.04761
96	0.00684	0.00488	0.00665	0.00723	0.00775	0.00505	0.00513	0.00801	0.00894	0.01231	0.02107	0.39061	0.02368	0.13479	0.27750	0.00449	0.00684	0.04058	0.02351	0.00414
97	0.00787	0.00569	0.00779	0.00886	0.01002	0.00560	0.00762	0.01004	0.01153	0.01490	0.02877	0.09768	0.08944	0.01398	0.00688	0.00226	0.00440	0.65744	0.00466	0.00460
98	0.00648	0.00469	0.00612	0.00710	0.00756	0.00445	0.00485	0.00784	0.03103	0.01351	0.06563	0.69884	0.04579	0.03574	0.00690	0.00210	0.00304	0.03937	0.00471	0.00424
99	0.16936	0.37993	0.01973	0.01320	0.16513	0.08076	0.00952	0.05609	0.01140	0.04201	0.00829	0.00959	0.00692	0.00466	0.00383	0.00131	0.00553	0.00329	0.00273	0.00673
100	0.00646	0.00466	0.00619	0.00693	0.00744	0.00448	0.00477	0.00761	0.01007	0.01362	0.12614	0.56784	0.05605	0.05663	0.09328	0.00278	0.00409	0.01226	0.00451	0.00419
101	0.00660	0.00507	0.00571	0.00593	0.00703	0.00458	0.00427	0.00774	0.01063	0.01336	0.08983	0.12793	0.41223	0.18761	0.01039	0.00249	0.00331	0.08681	0.00440	0.00407
102	0.07263	0.22494	0.33800	0.03018	0.01729	0.06925	0.01272	0.06718	0.05623	0.05326	0.00970	0.01069	0.00733	0.00498	0.00433	0.00145	0.00632	0.00362	0.00281	0.00709
103	0.01056	0.04471	0.73800	0.03197	0.02171	0.01181	0.01802	0.01616	0.01076	0.03754	0.00933	0.01086	0.00659	0.00484	0.00478	0.00159	0.00732	0.00377	0.00225	0.00744
104	0.01797	0.02269	0.01560	0.01367	0.01646	0.71021	0.07968	0.01955	0.01396	0.01271	0.00818	0.00980	0.00677	0.00592	0.02408	0.00151	0.00917	0.00356	0.00260	0.00592
105	0.01921	0.01451	0.01515	0.01168	0.01568	0.04275	0.00962	0.74793	0.02345	0.03120	0.01199	0.01204	0.00853	0.00604	0.00504	0.00151	0.00569	0.00451	0.00497	0.00851
106	0.00878	0.00439	0.00659	0.00659	0.00659	0.00439	0.00439	0.00659	0.00659	0.00878	0.00878	0.01537	0.00878	0.01757	0.01976	0.85288	0.00439	0.00439	0.00220	0.00220
107	0.04174	0.01603	0.28234	0.02761	0.06777	0.03185	0.09583	0.04278	0.03590	0.09983	0.02563	0.03872	0.00945	0.00539	0.00512	0.00149	0.02484	0.00458	0.00317	0.13992
108	0.00654	0.00491	0.00622	0.00683	0.00754	0.00460	0.00477	0.00767	0.01036	0.01376	0.10543	0.53525	0.14941	0.04552	0.00726	0.00204	0.02165	0.03115	0.00462	0.02448
109	0.01429	0.58699	0.06054	0.00971	0.01372	0.16084	0.00918	0.03966	0.01135	0.01274	0.00774	0.00942	0.00697	0.03318	0.00440	0.00129	0.00617	0.00308	0.00236	0.00637
110	0.01147	0.03639	0.56468	0.06245	0.08506	0.03933	0.02812	0.01675	0.03528	0.05937	0.01001	0.01156	0.00721	0.00494	0.00484	0.00158	0.00706	0.00398	0.00252	0.00740
111	0.00709	0.00525	0.00621	0.00591	0.00740	0.00463	0.00445	0.00900	0.01314	0.03906	0.45528	0.04180	0.35985	0.01127	0.00594	0.00164	0.00251	0.00968	0.00522	0.00467
112	0.01373	0.51726	0.12535	0.00991	0.01442	0.06409	0.00993	0.10411	0.01229	0.01526	0.03334	0.01004	0.00810	0.00482	0.00385	0.00122	0.00576	0.00331	0.00267	0.04054
113	0.01042	0.00951	0.01575	0.18264	0.42190	0.01007	0.01240	0.01306	0.01054	0.01472	0.03830	0.04792	0.01138	0.05314	0.12404	0.00272	0.00696	0.00534	0.00271	0.00648
114	0.04523	0.16923	0.57257	0.01288	0.01932	0.04060	0.01570	0.02798	0.01092	0.02933	0.00882	0.01020	0.00653	0.00477	0.00446	0.00149	0.00693	0.00353	0.00231	0.00720
115	0.01053	0.06961	0.34395	0.01060	0.01512	0.02771	0.01156	0.05396	0.05778	0.04746	0.16050	0.02229	0.11474	0.00730	0.00516	0.00159	0.00531	0.02465	0.00366	0.00653
116	0.01344	0.01129	0.01192	0.01047	0.01348	0.01298	0.00821	0.12397	0.68310	0.02255	0.01948	0.01799	0.01455	0.00676	0.00513	0.00169	0.00421	0.00557	0.00513	0.00808
117	0.00719	0.00548	0.00718	0.00777	0.03513	0.00562	0.00543	0.00855	0.00975	0.01328	0.05864	0.23907	0.17923	0.09529	0.19654	0.00362	0.04127	0.02711	0.04944	0.00441
118	0.03075	0.17657	0.36220	0.01302	0.03647	0.10726	0.04416	0.06912	0.05082	0.05006	0.00981	0.01090	0.00737	0.00498	0.00454	0.00147	0.00676	0.00378	0.00277	0.00719
119	0.01789	0.01042	0.01202	0.00956	0.01291	0.01074	0.00774	0.34499	0.05609	0.28146	0.01758	0.03724	0.04271	0.03775	0.01730	0.00176	0.00475	0.00541	0.06395	0.00775
120	0.00633	0.00448	0.00591	0.00703	0.00741	0.00420	0.00479	0.00732	0.00983	0.01318	0.02805	0.74767	0.05013	0.01542	0.00639	0.00203	0.00298	0.04491	0.02778	0.00415

[dist]
# distance from previous block
# <min> <max>
0	1

[block]
# block no. 5 follows, 49 sequences, length 21
# corresponding to MSA columns:
# 712-732
name=unknown_F
#
# <colnr> <probs for GDERKNQSTAVLIFYWHMCP>
#	G	D	E	R	K	N	Q	S	T	A	V	L	I	F	Y	W	H	M	C	P
0	0.01309	0.09303	0.12441	0.03507	0.38395	0.11818	0.04021	0.04083	0.02784	0.01602	0.00995	0.01283	0.00825	0.00499	0.00479	0.00147	0.00646	0.02221	0.02917	0.00726
1	0.20530	0.21708	0.38568	0.01107	0.01653	0.03222	0.01268	0.01596	0.03340	0.01661	0.00843	0.00970	0.00649	0.00473	0.00404	0.00146	0.00609	0.00330	0.00247	0.00675
2	0.00620	0.00473	0.00554	0.00614	0.00696	0.00425	0.00421	0.00716	0.01018	0.01291	0.03590	0.44247	0.32823	0.09099	0.00809	0.00219	0.00297	0.01226	0.00454	0.00407
3	0.00886	0.00576	0.00682	0.00630	0.00810	0.00511	0.00480	0.02799	0.01307	0.11699	0.30201	0.07844	0.37456	0.01110	0.00586	0.00166	0.00281	0.00946	0.00521	0.00510
4	0.01050	0.00875	0.01054	0.00786	0.01177	0.00716	0.00630	0.01265	0.01035	0.03469	0.02712	0.01197	0.00884	0.00667	0.06139	0.00139	0.04857	0.00344	0.00307	0.70697
5	0.01153	0.03306	0.22733	0.04506	0.24479	0.03099	0.03115	0.03819	0.06170	0.04736	0.01287	0.08750	0.01133	0.03562	0.02017	0.01388	0.00606	0.01784	0.01666	0.00692
6	0.03908	0.11526	0.22409	0.01050	0.01547	0.02986	0.03203	0.10004	0.03582	0.05187	0.01016	0.01125	0.00777	0.00472	0.00427	0.00125	0.00540	0.00365	0.03231	0.26520
7	0.00647	0.00514	0.00581	0.00564	0.00713	0.00448	0.00423	0.00822	0.01270	0.01644	0.36061	0.04409	0.47757	0.01177	0.00597	0.00166	0.00249	0.01003	0.00506	0.00448
8	0.00853	0.00534	0.00661	0.00656	0.00744	0.00506	0.00447	0.00990	0.03027	0.08990	0.17973	0.25542	0.07125	0.28193	0.01258	0.00283	0.00362	0.00963	0.00449	0.00444
9	0.01369	0.15784	0.27922	0.03942	0.10172	0.15753	0.03045	0.08819	0.02620	0.02943	0.00939	0.01087	0.00726	0.00496	0.00456	0.00144	0.00686	0.00378	0.02010	0.00707
10	0.18736	0.00984	0.01058	0.00960	0.04863	0.06404	0.00724	0.06237	0.04055	0.26463	0.09062	0.04201	0.07450	0.00710	0.00539	0.00160	0.04471	0.00550	0.01707	0.00668
11	0.00649	0.00482	0.00612	0.00693	0.00772	0.00445	0.00504	0.00778	0.01070	0.01392	0.08602	0.48502	0.19468	0.01453	0.00640	0.00199	0.00308	0.12531	0.00475	0.00427
12	0.00743	0.00489	0.00554	0.00555	0.00569	0.00486	0.00322	0.00772	0.00796	0.01096	0.05487	0.05485	0.01995	0.70952	0.02286	0.00443	0.00457	0.00748	0.05434	0.00328
13	0.05779	0.25311	0.16230	0.06924	0.08935	0.07531	0.01144	0.03458	0.05323	0.08233	0.01014	0.01191	0.00804	0.00529	0.00490	0.00146	0.04299	0.01680	0.00291	0.00689
14	0.01066	0.00900	0.01390	0.05713	0.27003	0.00921	0.05562	0.05359	0.01144	0.04419	0.05414	0.05407	0.10165	0.12452	0.03148	0.00232	0.04365	0.04390	0.00343	0.00606
15	0.00723	0.00539	0.00797	0.00797	0.00882	0.00624	0.00612	0.00893	0.00808	0.01162	0.01369	0.02066	0.01299	0.08524	0.75541	0.00793	0.01302	0.00553	0.00273	0.00443
16	0.01333	0.00950	0.01066	0.00948	0.01218	0.01039	0.00738	0.02350	0.52721	0.15104	0.08917	0.07903	0.01913	0.00773	0.00530	0.00170	0.00383	0.00655	0.00534	0.00753
17	0.02594	0.05505	0.38050	0.01276	0.06402	0.02639	0.01302	0.06468	0.07024	0.03496	0.06792	0.02976	0.04365	0.02075	0.00566	0.00166	0.03115	0.01781	0.02718	0.00689
18	0.01050	0.01480	0.28630	0.01181	0.07884	0.00888	0.01115	0.03725	0.01153	0.03463	0.08765	0.03429	0.03765	0.00554	0.00465	0.00130	0.00512	0.00460	0.00314	0.31038
19	0.01592	0.01232	0.01293	0.01045	0.01378	0.03228	0.00841	0.48971	0.16737	0.02669	0.05881	0.01820	0.07436	0.02823	0.00572	0.00166	0.00492	0.00555	0.00496	0.00772
20	0.07355	0.09176	0.13595	0.03313	0.11729	0.01082	0.01002	0.07991	0.07840	0.07417	0.16316	0.01919	0.03684	0.00657	0.00491	0.00153	0.00483	0.02331	0.00388	0.03077

[dist]
# distance from previous block
# <min> <max>
1	11

[block]
# block no. 6 follows, 49 sequences, length 58
# corresponding to MSA columns:
# 752-772,783,786-806,808-822
name=unknown_G
#
# <colnr> <probs for GDERKNQSTAVLIFYWHMCP>
#	G	D	E	R	K	N	Q	S	T	A	V	L	I	F	Y	W	H	M	C	P
0	0.18131	0.03000	0.04950	0.03136	0.04587	0.03561	0.21827	0.07145	0.04695	0.01855	0.01119	0.03722	0.02342	0.00514	0.00465	0.00145	0.00568	0.00466	0.01994	0.15777
1	0.00779	0.00634	0.00960	0.11099	0.14080	0.00652	0.00768	0.00935	0.00978	0.01323	0.02067	0.47707	0.02342	0.06379	0.06650	0.00254	0.00483	0.01041	0.00378	0.00491
