[name]
unknown

[dist]
# distance from previous block
# <min> <max>
0	88

[block]
# block no. 0 follows, 58 sequences, length 11
# corresponding to MSA columns:
# 88-98
name=unknown_A
#
# <colnr> <probs for GDERKNQSTAVLIFYWHMCP>
#	G	D	E	R	K	N	Q	S	T	A	V	L	I	F	Y	W	H	M	C	P
0	0.00558	0.00402	0.00530	0.00623	0.00663	0.00375	0.00429	0.00650	0.00891	0.01184	0.05964	0.72440	0.06665	0.01359	0.00570	0.00180	0.00264	0.05466	0.00418	0.00369
1	0.01107	0.01063	0.01816	0.02746	0.81489	0.01063	0.01373	0.01373	0.01019	0.01461	0.00841	0.01107	0.00709	0.00399	0.00443	0.00133	0.00531	0.00399	0.00221	0.00709
2	0.04750	0.00780	0.01022	0.00789	0.01126	0.00701	0.00651	0.06378	0.01297	0.72178	0.01679	0.01477	0.01069	0.00547	0.00439	0.00137	0.00380	0.00439	0.03420	0.00741
3	0.00622	0.00457	0.00582	0.00551	0.00661	0.00417	0.00413	0.00822	0.01239	0.01729	0.72788	0.03448	0.12726	0.00939	0.00528	0.00142	0.00213	0.00824	0.00484	0.00417
4	0.00529	0.00453	0.00453	0.00453	0.00604	0.00378	0.00340	0.00642	0.01020	0.01208	0.04532	0.04305	0.81307	0.01133	0.00529	0.00151	0.00227	0.00944	0.00415	0.00378
5	0.00550	0.00393	0.00523	0.00620	0.00650	0.00367	0.00416	0.00635	0.00879	0.01178	0.06806	0.79545	0.03028	0.01375	0.00569	0.00179	0.00257	0.01246	0.00419	0.00367
6	0.00552	0.00454	0.00486	0.00478	0.00619	0.00388	0.00358	0.00688	0.01075	0.01341	0.21868	0.04087	0.63889	0.01084	0.00528	0.00149	0.00223	0.00914	0.00433	0.00388
7	0.87439	0.00865	0.00657	0.00588	0.00865	0.01003	0.00484	0.01315	0.00761	0.02007	0.00623	0.00727	0.00484	0.00415	0.00277	0.00138	0.00346	0.00242	0.00277	0.00484
8	0.82713	0.00886	0.00695	0.00613	0.00894	0.01025	0.00505	0.05652	0.00835	0.02052	0.00648	0.00746	0.00500	0.00422	0.00286	0.00138	0.00354	0.00251	0.00286	0.00500
9	0.00955	0.09327	0.01072	0.00673	0.01069	0.00716	0.00554	0.01148	0.00926	0.01416	0.00777	0.00906	0.00654	0.00337	0.00327	0.00069	0.00346	0.00262	0.00258	0.78208
10	0.01022	0.01004	0.04287	0.05379	0.01561	0.05055	0.27175	0.16216	0.01188	0.01568	0.01444	0.29087	0.01451	0.00763	0.00513	0.00156	0.00528	0.00729	0.00330	0.00545

[dist]
# distance from previous block
# <min> <max>
0	30

[block]
# block no. 1 follows, 58 sequences, length 36
# corresponding to MSA columns:
# 129-164
name=unknown_B
#
# <colnr> <probs for GDERKNQSTAVLIFYWHMCP>
#	G	D	E	R	K	N	Q	S	T	A	V	L	I	F	Y	W	H	M	C	P
0	0.01107	0.01063	0.01816	0.02746	0.81489	0.01063	0.01373	0.01373	0.01019	0.01461	0.00841	0.01107	0.00709	0.00399	0.00443	0.00133	0.00531	0.00399	0.00221	0.00709
1	0.87439	0.00865	0.00657	0.00588	0.00865	0.01003	0.00484	0.01315	0.00761	0.02007	0.00623	0.00727	0.00484	0.00415	0.00277	0.00138	0.00346	0.00242	0.00277	0.00484
2	0.01113	0.00961	0.01011	0.00910	0.01163	0.01113	0.00708	0.02377	0.80681	0.01871	0.01821	0.01669	0.01365	0.00607	0.00455	0.00152	0.00354	0.00506	0.00455	0.00708
3	0.00845	0.00795	0.01342	0.83204	0.03081	0.00994	0.01242	0.01143	0.00894	0.01143	0.00795	0.01193	0.00596	0.00447	0.00447	0.00149	0.00596	0.00398	0.00199	0.00497
4	0.00651	0.00434	0.00488	0.00488	0.00488	0.00434	0.00271	0.00651	0.00651	0.00867	0.01409	0.02927	0.01626	0.84279	0.02277	0.00434	0.00434	0.00651	0.00271	0.00271
5	0.00845	0.00795	0.01342	0.83204	0.03081	0.00994	0.01242	0.01143	0.00894	0.01143	0.00795	0.01193	0.00596	0.00447	0.00447	0.00149	0.00596	0.00398	0.00199	0.00497
6	0.00928	0.00795	0.00928	0.00663	0.01060	0.00596	0.00530	0.01126	0.00928	0.01458	0.00795	0.00928	0.00663	0.00331	0.00331	0.00066	0.00331	0.00265	0.00265	0.87014
7	0.00545	0.00389	0.00519	0.00623	0.00649	0.00363	0.00415	0.00623	0.00856	0.01142	0.02465	0.83987	0.02959	0.01401	0.00571	0.00182	0.00260	0.01272	0.00415	0.00363
8	0.01700	0.01253	0.01342	0.01029	0.01387	0.01387	0.00850	0.79997	0.02103	0.02819	0.01074	0.01074	0.00761	0.00537	0.00447	0.00134	0.00492	0.00403	0.00447	0.00761
9	0.00545	0.00389	0.00519	0.00623	0.00649	0.00363	0.00415	0.00623	0.00856	0.01142	0.02465	0.83987	0.02959	0.01401	0.00571	0.00182	0.00260	0.01272	0.00415	0.00363
10	0.01196	0.84548	0.02344	0.00765	0.01148	0.01770	0.00765	0.01339	0.00909	0.01052	0.00622	0.00718	0.00574	0.00383	0.00287	0.00096	0.00478	0.00239	0.00191	0.00574
11	0.00712	0.00588	0.00625	0.00596	0.00762	0.00578	0.00454	0.03362	0.18253	0.01431	0.09259	0.03535	0.48337	0.05185	0.00603	0.00167	0.00280	0.04392	0.00423	0.00460
12	0.00983	0.00793	0.00955	0.04834	0.01167	0.00620	0.00573	0.01186	0.00946	0.05906	0.00849	0.00974	0.00684	0.00349	0.00344	0.00074	0.00347	0.00282	0.00278	0.77857
13	0.01107	0.01063	0.01816	0.02746	0.81489	0.01063	0.01373	0.01373	0.01019	0.01461	0.00841	0.01107	0.00709	0.00399	0.00443	0.00133	0.00531	0.00399	0.00221	0.00709
14	0.00928	0.00795	0.00928	0.00663	0.01060	0.00596	0.00530	0.01126	0.00928	0.01458	0.00795	0.00928	0.00663	0.00331	0.00331	0.00066	0.00331	0.00265	0.00265	0.87014
15	0.00545	0.00389	0.00519	0.00623	0.00649	0.00363	0.00415	0.00623	0.00856	0.01142	0.02465	0.83987	0.02959	0.01401	0.00571	0.00182	0.00260	0.01272	0.00415	0.00363
16	0.00651	0.00434	0.00488	0.00488	0.00488	0.00434	0.00271	0.00651	0.00651	0.00867	0.01409	0.02927	0.01626	0.84279	0.02277	0.00434	0.00434	0.00651	0.00271	0.00271
17	0.00956	0.00812	0.00943	0.00676	0.01072	0.00625	0.00542	0.04006	0.00971	0.01507	0.00805	0.00933	0.00666	0.00339	0.00336	0.00069	0.00337	0.00270	0.00272	0.83865
18	0.00594	0.00451	0.00547	0.00532	0.00647	0.00404	0.00396	0.00766	0.01161	0.01566	0.51799	0.09028	0.28447	0.01016	0.00531	0.00147	0.00219	0.00882	0.00463	0.00404
19	0.06317	0.00767	0.01019	0.00785	0.01128	0.00675	0.00649	0.02136	0.01254	0.77773	0.01707	0.01482	0.01076	0.00547	0.00441	0.00138	0.00379	0.00439	0.00540	0.00747
20	0.87439	0.00865	0.00657	0.00588	0.00865	0.01003	0.00484	0.01315	0.00761	0.02007	0.00623	0.00727	0.00484	0.00415	0.00277	0.00138	0.00346	0.00242	0.00277	0.00484
21	0.00634	0.00475	0.00677	0.10793	0.03952	0.00476	0.00550	0.00749	0.00884	0.02512	0.04919	0.62097	0.04083	0.04237	0.00609	0.00182	0.00317	0.01074	0.00381	0.00398
22	0.00928	0.00795	0.00928	0.00663	0.01060	0.00596	0.00530	0.01126	0.00928	0.01458	0.00795	0.00928	0.00663	0.00331	0.00331	0.00066	0.00331	0.00265	0.00265	0.87014
23	0.00626	0.00469	0.00594	0.00645	0.00744	0.00442	0.00506	0.00802	0.02573	0.01351	0.16630	0.23044	0.21629	0.01182	0.00567	0.00175	0.00296	0.26897	0.00428	0.00400
24	0.00534	0.00453	0.00461	0.00459	0.00607	0.00380	0.00344	0.00652	0.01032	0.01238	0.08452	0.04256	0.77369	0.01122	0.00529	0.00151	0.00226	0.00937	0.00419	0.00380
25	0.01089	0.01260	0.08651	0.03508	0.02260	0.01096	0.67981	0.01465	0.01056	0.05662	0.00940	0.01203	0.00691	0.00392	0.00514	0.00149	0.00724	0.00506	0.00240	0.00614
26	0.00968	0.00963	0.01350	0.01160	0.01163	0.01345	0.00966	0.01068	0.00686	0.01075	0.00606	0.01003	0.00603	0.00862	0.03952	0.00212	0.80939	0.00394	0.00197	0.00487
27	0.00979	0.00979	0.01370	0.01174	0.01174	0.01370	0.00979	0.01077	0.00685	0.01077	0.00587	0.00979	0.00587	0.00783	0.01468	0.00196	0.83461	0.00391	0.00196	0.00489
28	0.00543	0.00454	0.00473	0.00468	0.00613	0.00384	0.00351	0.00669	0.01053	0.01287	0.14880	0.04175	0.70909	0.01103	0.00529	0.00150	0.00224	0.00926	0.00426	0.00384
29	0.00983	0.04395	0.65383	0.02701	0.04109	0.01051	0.05484	0.01443	0.00962	0.05924	0.00852	0.00994	0.00608	0.00438	0.00456	0.00142	0.02855	0.00349	0.00213	0.00655
30	0.01984	0.00798	0.01061	0.00814	0.01160	0.00713	0.00672	0.08058	0.01342	0.75833	0.01713	0.01489	0.01081	0.00552	0.00450	0.00138	0.00389	0.00446	0.00546	0.00761
31	0.00822	0.00418	0.00426	0.00429	0.00530	0.00419	0.00321	0.01026	0.00931	0.01641	0.01480	0.03810	0.01193	0.00605	0.02074	0.00119	0.00231	0.00440	0.82670	0.00415
32	0.01037	0.00719	0.00882	0.00838	0.05216	0.00740	0.00610	0.13649	0.14053	0.09884	0.32445	0.09667	0.02449	0.00846	0.02804	0.00160	0.00344	0.00663	0.02430	0.00564
33	0.01211	0.01124	0.06836	0.13996	0.34142	0.02327	0.11215	0.09678	0.03835	0.09764	0.00989	0.01175	0.00745	0.00443	0.00454	0.00139	0.00557	0.00418	0.00282	0.00669
34	0.00608	0.00448	0.00571	0.00590	0.00676	0.00419	0.00428	0.00792	0.03309	0.01498	0.41817	0.31888	0.10995	0.01107	0.00543	0.00158	0.00239	0.03055	0.00455	0.00405
35	0.07694	0.03488	0.11768	0.01199	0.13509	0.03850	0.07062	0.07317	0.01049	0.03019	0.00829	0.00975	0.00655	0.00390	0.00384	0.00107	0.00473	0.00327	0.00262	0.35643

[dist]
# distance from previous block
# <min> <max>
0	18

[block]
# block no. 2 follows, 58 sequences, length 28
# corresponding to MSA columns:
# 183-210
name=unknown_C
#
# <colnr> <probs for GDERKNQSTAVLIFYWHMCP>
#	G	D	E	R	K	N	Q	S	T	A	V	L	I	F	Y	W	H	M	C	P
0	0.10694	0.08632	0.22136	0.00992	0.01342	0.32540	0.00949	0.03123	0.01076	0.03038	0.00829	0.00950	0.00647	0.00451	0.00376	0.00123	0.00604	0.00311	0.10633	0.00554
1	0.00583	0.00403	0.00520	0.00592	0.00640	0.00377	0.00406	0.00692	0.00928	0.01286	0.14141	0.63025	0.04855	0.01247	0.00541	0.00168	0.00247	0.01122	0.07850	0.00377
2	0.03552	0.01211	0.04984	0.04925	0.43733	0.09175	0.04960	0.11145	0.03736	0.05852	0.01905	0.01131	0.00769	0.00445	0.00440	0.00134	0.00550	0.00398	0.00278	0.00675
3	0.00897	0.02314	0.81962	0.01275	0.01936	0.01039	0.01653	0.01417	0.00944	0.01417	0.00803	0.00944	0.00567	0.00425	0.00425	0.00142	0.00661	0.00331	0.00189	0.00661
4	0.00550	0.00454	0.00483	0.00476	0.00617	0.00387	0.00357	0.00684	0.01070	0.01329	0.20293	0.04107	0.65471	0.01088	0.00528	0.00149	0.00223	0.00916	0.00431	0.00387
5	0.00543	0.00398	0.00510	0.00598	0.00642	0.00365	0.00404	0.00626	0.00880	0.01151	0.02763	0.72506	0.14248	0.01363	0.00565	0.00177	0.00255	0.01224	0.00415	0.00365
6	0.00534	0.00440	0.00470	0.00491	0.00615	0.00376	0.00358	0.00642	0.00990	0.01207	0.05746	0.21095	0.63119	0.01185	0.00538	0.00157	0.00233	0.01010	0.00417	0.00376
7	0.00536	0.00437	0.00474	0.00500	0.00618	0.00375	0.00362	0.00643	0.00984	0.01208	0.06181	0.24931	0.58804	0.01196	0.00540	0.00159	0.00235	0.01025	0.00418	0.00375
8	0.87439	0.00865	0.00657	0.00588	0.00865	0.01003	0.00484	0.01315	0.00761	0.02007	0.00623	0.00727	0.00484	0.00415	0.00277	0.00138	0.00346	0.00242	0.00277	0.00484
9	0.01153	0.00793	0.00955	0.00816	0.01014	0.00871	0.00644	0.31436	0.01287	0.07811	0.01219	0.01620	0.01042	0.11984	0.34805	0.00414	0.00770	0.00469	0.00347	0.00550
10	0.00639	0.00478	0.00712	0.00712	0.00789	0.00555	0.00550	0.00794	0.00717	0.01033	0.01205	0.01793	0.01134	0.05799	0.80083	0.00710	0.01175	0.00484	0.00241	0.00396
11	0.05643	0.00993	0.01028	0.00814	0.01134	0.10533	0.02873	0.05749	0.07877	0.02614	0.00983	0.05844	0.00846	0.00471	0.00420	0.00102	0.03674	0.00369	0.00297	0.47735
12	0.01373	0.05273	0.01286	0.01051	0.07293	0.00866	0.09904	0.07922	0.10260	0.29609	0.08873	0.03367	0.05553	0.00587	0.00458	0.00137	0.00418	0.00513	0.00422	0.04834
13	0.01523	0.05664	0.01289	0.01021	0.02909	0.18114	0.03317	0.27758	0.12866	0.13456	0.06588	0.01307	0.01079	0.00543	0.00439	0.00132	0.00512	0.00423	0.00396	0.00664
14	0.02519	0.28117	0.28264	0.01198	0.01656	0.01273	0.19515	0.01376	0.03117	0.01314	0.02077	0.03692	0.00750	0.00454	0.00439	0.00132	0.02897	0.00390	0.00219	0.00600
15	0.00594	0.00438	0.00563	0.00645	0.00716	0.00411	0.00485	0.00714	0.00932	0.01205	0.02809	0.44497	0.17775	0.03117	0.00614	0.00188	0.00300	0.23207	0.00411	0.00378
16	0.01297	0.03087	0.13184	0.04611	0.01690	0.01043	0.23349	0.15110	0.04541	0.17452	0.03780	0.01361	0.03114	0.00513	0.00508	0.00144	0.03756	0.00465	0.00344	0.00653
17	0.04266	0.05625	0.03518	0.01376	0.03005	0.10295	0.38126	0.03649	0.05002	0.03629	0.00903	0.01088	0.00697	0.00407	0.00459	0.00128	0.01665	0.00415	0.00258	0.15488
18	0.00651	0.00434	0.00488	0.00488	0.00488	0.00434	0.00271	0.00651	0.00651	0.00867	0.01409	0.02927	0.01626	0.84279	0.02277	0.00434	0.00434	0.00651	0.00271	0.00271
19	0.00706	0.00472	0.00593	0.00565	0.00689	0.00424	0.00422	0.00880	0.01173	0.07619	0.51334	0.12114	0.19354	0.00984	0.00527	0.00147	0.00232	0.00859	0.00473	0.00432
20	0.04408	0.07744	0.06626	0.02353	0.01459	0.17073	0.15813	0.13419	0.06894	0.05911	0.02961	0.09998	0.01070	0.00583	0.00452	0.00139	0.00562	0.01626	0.00320	0.00590
21	0.01088	0.35353	0.38441	0.01047	0.01546	0.03597	0.02616	0.04811	0.05202	0.01345	0.00794	0.00898	0.00622	0.00422	0.00373	0.00123	0.00570	0.00308	0.00217	0.00628
22	0.00775	0.00518	0.00720	0.00794	0.00907	0.00509	0.00682	0.00974	0.01054	0.05615	0.08284	0.07962	0.02637	0.01182	0.00600	0.00196	0.00389	0.65345	0.00426	0.00429
23	0.02236	0.00985	0.01584	0.01272	0.04890	0.02136	0.30178	0.13250	0.10527	0.05009	0.07465	0.01968	0.12104	0.00614	0.00499	0.00148	0.00513	0.03673	0.00353	0.00596
24	0.01287	0.04595	0.01791	0.06699	0.11506	0.13389	0.25234	0.14114	0.04365	0.05458	0.00955	0.02234	0.00744	0.00476	0.00516	0.00141	0.05151	0.00434	0.00284	0.00623
25	0.00984	0.01204	0.18568	0.02969	0.13010	0.03028	0.07188	0.07574	0.16745	0.01547	0.01477	0.15618	0.03923	0.00726	0.02124	0.00162	0.00502	0.01726	0.00321	0.00604
26	0.00727	0.00620	0.00781	0.00766	0.00855	0.06743	0.00596	0.00882	0.00759	0.01044	0.01140	0.01661	0.01061	0.03055	0.73736	0.00657	0.03807	0.00462	0.00238	0.00411
27	0.20729	0.06393	0.01316	0.02491	0.16734	0.16434	0.03039	0.10309	0.01087	0.01611	0.00768	0.00932	0.00625	0.00460	0.00467	0.00130	0.07523	0.00328	0.02336	0.06290

[dist]
# distance from previous block
# <min> <max>
3	6

[block]
# block no. 3 follows, 58 sequences, length 24
# corresponding to MSA columns:
# 218-241
name=unknown_D
#
# <colnr> <probs for GDERKNQSTAVLIFYWHMCP>
#	G	D	E	R	K	N	Q	S	T	A	V	L	I	F	Y	W	H	M	C	P
0	0.00875	0.00825	0.01396	0.74062	0.11990	0.01002	0.01257	0.01169	0.00909	0.01179	0.00800	0.01183	0.00609	0.00442	0.00447	0.00147	0.00589	0.00398	0.00201	0.00521
1	0.00639	0.00479	0.00719	0.00719	0.00799	0.00559	0.00559	0.00799	0.00719	0.01038	0.01198	0.01757	0.01118	0.03355	0.82507	0.00719	0.01198	0.00479	0.00240	0.00399
2	0.00550	0.00391	0.00518	0.00617	0.00641	0.00367	0.00408	0.00624	0.00847	0.01129	0.02416	0.80180	0.02896	0.05294	0.00651	0.00194	0.00268	0.01242	0.00408	0.00359
3	0.01027	0.01156	0.02490	0.07806	0.02349	0.01102	0.72078	0.01391	0.01039	0.01404	0.00937	0.03322	0.00731	0.00408	0.00523	0.00151	0.00730	0.00537	0.00229	0.00589
4	0.00897	0.02314	0.81962	0.01275	0.01936	0.01039	0.01653	0.01417	0.00944	0.01417	0.00803	0.00944	0.00567	0.00425	0.00425	0.00142	0.00661	0.00331	0.00189	0.00661
5	0.00670	0.00462	0.00532	0.00513	0.00546	0.00452	0.00305	0.00693	0.00674	0.00919	0.01354	0.02720	0.01529	0.73943	0.06290	0.00422	0.00466	0.00613	0.00269	0.06628
6	0.01025	0.06996	0.01050	0.04707	0.01175	0.01047	0.00692	0.01992	0.58911	0.01704	0.05464	0.01951	0.08641	0.00656	0.00455	0.00148	0.00358	0.01968	0.00421	0.00640
7	0.01503	0.00932	0.04643	0.00817	0.01192	0.00792	0.00696	0.16789	0.01298	0.33806	0.01267	0.01275	0.00892	0.00482	0.00411	0.00114	0.00398	0.01894	0.00415	0.30385
8	0.00545	0.00389	0.00519	0.00623	0.00649	0.00363	0.00415	0.00623	0.00856	0.01142	0.02465	0.83987	0.02959	0.01401	0.00571	0.00182	0.00260	0.01272	0.00415	0.00363
9	0.87439	0.00865	0.00657	0.00588	0.00865	0.01003	0.00484	0.01315	0.00761	0.02007	0.00623	0.00727	0.00484	0.00415	0.00277	0.00138	0.00346	0.00242	0.00277	0.00484
10	0.01113	0.00961	0.01011	0.00910	0.01163	0.01113	0.00708	0.02377	0.80681	0.01871	0.01821	0.01669	0.01365	0.00607	0.00455	0.00152	0.00354	0.00506	0.00455	0.00708
11	0.14416	0.00776	0.00983	0.00766	0.01102	0.00708	0.00632	0.02054	0.01205	0.70209	0.01599	0.01407	0.01017	0.00534	0.00425	0.00138	0.00376	0.00420	0.00513	0.00721
12	0.87439	0.00865	0.00657	0.00588	0.00865	0.01003	0.00484	0.01315	0.00761	0.02007	0.00623	0.00727	0.00484	0.00415	0.00277	0.00138	0.00346	0.00242	0.00277	0.00484
13	0.80429	0.00875	0.00700	0.00614	0.00897	0.01003	0.00506	0.04320	0.00835	0.05566	0.00690	0.00775	0.00522	0.00426	0.00291	0.00138	0.00353	0.00257	0.00296	0.00507
14	0.00629	0.00458	0.00610	0.00702	0.00780	0.00439	0.00556	0.00774	0.00959	0.01245	0.02645	0.36607	0.11396	0.01291	0.00589	0.00190	0.00330	0.38995	0.00414	0.00389
15	0.00640	0.00475	0.00698	0.00698	0.00770	0.00548	0.00533	0.00785	0.00713	0.01023	0.01217	0.01864	0.01165	0.10751	0.75174	0.00693	0.01128	0.00495	0.00243	0.00388
16	0.00979	0.00979	0.01370	0.01174	0.01174	0.01370	0.00979	0.01077	0.00685	0.01077	0.00587	0.00979	0.00587	0.00783	0.01468	0.00196	0.83461	0.00391	0.00196	0.00489
17	0.00651	0.00434	0.00488	0.00488	0.00488	0.00434	0.00271	0.00651	0.00651	0.00867	0.01409	0.02927	0.01626	0.84279	0.02277	0.00434	0.00434	0.00651	0.00271	0.00271
18	0.00845	0.00795	0.01342	0.83204	0.03081	0.00994	0.01242	0.01143	0.00894	0.01143	0.00795	0.01193	0.00596	0.00447	0.00447	0.00149	0.00596	0.00398	0.00199	0.00497
19	0.01196	0.84548	0.02344	0.00765	0.01148	0.01770	0.00765	0.01339	0.00909	0.01052	0.00622	0.00718	0.00574	0.00383	0.00287	0.00096	0.00478	0.00239	0.00191	0.00574
20	0.01060	0.01189	0.02520	0.01814	0.02252	0.01130	0.74070	0.01502	0.06885	0.01465	0.00972	0.01240	0.00729	0.00394	0.00523	0.00151	0.00725	0.00526	0.00243	0.00611
21	0.00536	0.00453	0.00464	0.00461	0.00609	0.00381	0.00346	0.00657	0.01038	0.01251	0.10115	0.04235	0.75697	0.01117	0.00529	0.00150	0.00225	0.00934	0.00421	0.00381
22	0.00843	0.00765	0.01255	0.66949	0.05946	0.00925	0.01138	0.02553	0.00926	0.01206	0.01011	0.07438	0.00880	0.00555	0.00462	0.00152	0.00551	0.04129	0.01822	0.00495
23	0.01499	0.00841	0.01005	0.02723	0.01116	0.00856	0.00654	0.28617	0.01427	0.30084	0.03296	0.03935	0.02718	0.09055	0.04484	0.00193	0.00447	0.00493	0.05915	0.00641

[dist]
# distance from previous block
# <min> <max>
0	7

[block]
# block no. 4 follows, 58 sequences, length 29
# corresponding to MSA columns:
# 249-277
name=unknown_E
#
# <colnr> <probs for GDERKNQSTAVLIFYWHMCP>
#	G	D	E	R	K	N	Q	S	T	A	V	L	I	F	Y	W	H	M	C	P
0	0.79802	0.00950	0.04538	0.00639	0.00937	0.01021	0.00555	0.04565	0.00825	0.02013	0.00650	0.00751	0.00500	0.00421	0.00291	0.00138	0.00367	0.00253	0.00280	0.00504
1	0.13067	0.04312	0.01279	0.01056	0.01331	0.46859	0.04537	0.16630	0.01332	0.02720	0.00794	0.00891	0.00623	0.00465	0.00396	0.00123	0.00654	0.00319	0.02044	0.00567
2	0.00912	0.00869	0.05722	0.00694	0.01094	0.00614	0.00592	0.01130	0.00945	0.01471	0.04608	0.01043	0.00825	0.00364	0.00346	0.00074	0.00345	0.00295	0.00271	0.77785
3	0.02154	0.20444	0.18969	0.04193	0.08267	0.01238	0.04764	0.12324	0.12615	0.05868	0.01029	0.01142	0.00791	0.00476	0.00422	0.00132	0.01610	0.01368	0.01543	0.00651
4	0.13448	0.00742	0.00916	0.00748	0.01021	0.00727	0.00608	0.06371	0.01138	0.47098	0.01443	0.01442	0.01005	0.02246	0.11967	0.00223	0.01845	0.00423	0.05951	0.00638
5	0.00651	0.00434	0.00488	0.00488	0.00488	0.00434	0.00271	0.00651	0.00651	0.00867	0.01409	0.02927	0.01626	0.84279	0.02277	0.00434	0.00434	0.00651	0.00271	0.00271
6	0.00651	0.00434	0.00488	0.00488	0.00488	0.00434	0.00271	0.00651	0.00651	0.00867	0.01409	0.02927	0.01626	0.84279	0.02277	0.00434	0.00434	0.00651	0.00271	0.00271
7	0.00599	0.00447	0.00557	0.00549	0.00652	0.00405	0.00404	0.00771	0.01157	0.01581	0.54256	0.15079	0.19838	0.01029	0.00534	0.00149	0.00221	0.00903	0.00466	0.00405
8	0.00625	0.00451	0.00598	0.00686	0.00754	0.00433	0.00531	0.00756	0.00932	0.01215	0.02541	0.38567	0.09520	0.06227	0.00689	0.00204	0.00332	0.34154	0.00405	0.00380
9	0.01638	0.02077	0.01273	0.01153	0.01373	0.78602	0.00870	0.01752	0.01240	0.01094	0.00686	0.00815	0.00577	0.00476	0.00454	0.00119	0.04762	0.00293	0.00229	0.00517
10	0.85009	0.00862	0.00668	0.00594	0.00873	0.00994	0.00489	0.01340	0.00776	0.04276	0.00655	0.00749	0.00502	0.00419	0.00282	0.00138	0.00347	0.00248	0.00285	0.00492
11	0.01196	0.84548	0.02344	0.00765	0.01148	0.01770	0.00765	0.01339	0.00909	0.01052	0.00622	0.00718	0.00574	0.00383	0.00287	0.00096	0.00478	0.00239	0.00191	0.00574
12	0.00627	0.00457	0.00589	0.00556	0.00665	0.00419	0.00417	0.00832	0.01252	0.01759	0.76732	0.03398	0.08764	0.00927	0.00528	0.00141	0.00212	0.00817	0.00488	0.00419
13	0.00834	0.00417	0.00417	0.00417	0.00521	0.00417	0.00313	0.01042	0.00938	0.01668	0.01459	0.01668	0.01147	0.00521	0.00313	0.00104	0.00208	0.00417	0.86763	0.00417
14	0.03579	0.00785	0.01038	0.00808	0.01144	0.00705	0.00669	0.06988	0.01313	0.72354	0.01722	0.01609	0.01128	0.00575	0.00453	0.00141	0.00388	0.03324	0.00536	0.00743
15	0.01206	0.79427	0.04316	0.00793	0.01177	0.04732	0.00791	0.01358	0.00923	0.01063	0.00629	0.00727	0.00574	0.00387	0.00295	0.00098	0.00495	0.00243	0.00193	0.00574
16	0.00648	0.00432	0.00489	0.00492	0.00492	0.00432	0.00275	0.00650	0.00656	0.00875	0.01439	0.05218	0.01664	0.81937	0.02229	0.00427	0.00429	0.00668	0.00275	0.00274
17	0.01026	0.00832	0.00964	0.00702	0.01090	0.00673	0.00563	0.06763	0.03907	0.04344	0.00885	0.00985	0.00710	0.00363	0.00348	0.00077	0.00345	0.00290	0.00295	0.74838
18	0.00545	0.00389	0.00519	0.00623	0.00649	0.00363	0.00415	0.00623	0.00856	0.01142	0.02465	0.83987	0.02959	0.01401	0.00571	0.00182	0.00260	0.01272	0.00415	0.00363
19	0.03028	0.06341	0.13064	0.08946	0.07740	0.06046	0.31691	0.06048	0.01088	0.01472	0.05674	0.03575	0.00921	0.00468	0.00465	0.00140	0.00619	0.00467	0.00253	0.01954
20	0.00992	0.10351	0.60292	0.01349	0.07422	0.01106	0.06580	0.01434	0.00965	0.04291	0.00829	0.00971	0.00604	0.00420	0.00420	0.00137	0.00630	0.00343	0.00207	0.00656
21	0.00599	0.00438	0.00574	0.00664	0.00731	0.00414	0.00502	0.00722	0.00934	0.01214	0.02718	0.47900	0.13601	0.01312	0.00580	0.00185	0.00304	0.25814	0.00414	0.00381
22	0.00637	0.00439	0.00602	0.00628	0.00696	0.00440	0.00456	0.00750	0.00893	0.02706	0.17491	0.31867	0.05952	0.01843	0.24371	0.06840	0.00532	0.00843	0.01633	0.00381
23	0.01102	0.22556	0.27167	0.04872	0.07440	0.05120	0.06228	0.09167	0.03483	0.01472	0.05073	0.01159	0.00861	0.00470	0.00410	0.00130	0.00561	0.01859	0.00251	0.00619
24	0.00815	0.04284	0.00698	0.00601	0.00675	0.00596	0.00412	0.07422	0.00842	0.04079	0.01428	0.04229	0.01538	0.56763	0.08158	0.00385	0.00494	0.05915	0.00303	0.00365
25	0.00964	0.00954	0.01331	0.01144	0.01144	0.01328	0.00947	0.01057	0.00684	0.01067	0.00624	0.01066	0.00634	0.04517	0.01504	0.00206	0.79748	0.00403	0.00199	0.00480
26	0.01091	0.02463	0.10678	0.11188	0.33469	0.04763	0.06286	0.06860	0.07854	0.02628	0.01081	0.01324	0.03320	0.04436	0.00534	0.00152	0.00546	0.00431	0.00264	0.00634
27	0.03582	0.02851	0.28178	0.02244	0.07273	0.11348	0.05694	0.19355	0.04260	0.01715	0.02068	0.06458	0.00868	0.00528	0.00439	0.00138	0.00576	0.00430	0.01360	0.00634
28	0.02566	0.01059	0.01574	0.16431	0.41164	0.06618	0.05200	0.02890	0.05730	0.01410	0.00902	0.02226	0.00746	0.00471	0.00520	0.00141	0.06904	0.00413	0.02414	0.00621

[dist]
# distance from previous block
# <min> <max>
1	17

[block]
# block no. 5 follows, 58 sequences, length 25
# corresponding to MSA columns:
# 295-308,311-321
name=unknown_F
#
# <colnr> <probs for GDERKNQSTAVLIFYWHMCP>
#	G	D	E	R	K	N	Q	S	T	A	V	L	I	F	Y	W	H	M	C	P
0	0.01849	0.00831	0.01059	0.00815	0.01153	0.00769	0.00671	0.15513	0.01400	0.61091	0.03557	0.01472	0.01109	0.00551	0.00443	0.00134	0.00389	0.00443	0.02849	0.03903
1	0.00602	0.00447	0.00615	0.00663	0.00721	0.00422	0.02976	0.02797	0.00933	0.01252	0.09543	0.68933	0.04471	0.02610	0.00589	0.00179	0.00279	0.01166	0.00415	0.00386
2	0.04645	0.00461	0.00549	0.00564	0.00669	0.00427	0.00417	0.00760	0.01061	0.01459	0.32969	0.24086	0.24106	0.01090	0.00532	0.00157	0.00244	0.04969	0.00438	0.00398
3	0.01196	0.01002	0.01058	0.00927	0.01195	0.01152	0.00728	0.13387	0.69535	0.02006	0.01715	0.01585	0.01280	0.00597	0.00454	0.00149	0.00374	0.00491	0.00454	0.00716
4	0.00593	0.00462	0.00503	0.00488	0.00634	0.00396	0.00368	0.00731	0.01084	0.03522	0.22320	0.04005	0.61192	0.01066	0.00526	0.00148	0.00227	0.00899	0.00437	0.00398
5	0.00687	0.00491	0.00681	0.00778	0.00868	0.00485	0.00655	0.00871	0.01011	0.01327	0.06072	0.18339	0.02716	0.01249	0.00606	0.00199	0.00377	0.61769	0.00416	0.00404
6	0.18639	0.00879	0.01005	0.00798	0.01117	0.00887	0.00655	0.18172	0.04977	0.42258	0.05114	0.01364	0.01070	0.00542	0.00419	0.00138	0.00388	0.00419	0.00470	0.00688
7	0.01113	0.00961	0.01011	0.00910	0.01163	0.01113	0.00708	0.02377	0.80681	0.01871	0.01821	0.01669	0.01365	0.00607	0.00455	0.00152	0.00354	0.00506	0.00455	0.00708
8	0.00897	0.02314	0.81962	0.01275	0.01936	0.01039	0.01653	0.01417	0.00944	0.01417	0.00803	0.00944	0.00567	0.00425	0.00425	0.00142	0.00661	0.00331	0.00189	0.00661
9	0.01888	0.00788	0.01035	0.00811	0.01145	0.00718	0.00664	0.02206	0.11841	0.71168	0.01772	0.01542	0.01142	0.00561	0.00451	0.00140	0.00377	0.00457	0.00541	0.00754
10	0.01176	0.07119	0.01128	0.00908	0.01176	0.03568	0.00720	0.04876	0.67964	0.03730	0.01673	0.01550	0.01258	0.00583	0.00441	0.00146	0.00382	0.00475	0.00431	0.00696
11	0.00889	0.00841	0.01414	0.68519	0.14900	0.01016	0.01254	0.01176	0.00907	0.01189	0.00796	0.01173	0.00613	0.00450	0.00478	0.00148	0.03109	0.00398	0.00202	0.00529
12	0.00995	0.01221	0.09120	0.01705	0.02136	0.01049	0.65324	0.01359	0.01042	0.01427	0.04079	0.06365	0.00946	0.00465	0.00522	0.00152	0.00695	0.00568	0.00245	0.00586
13	0.01044	0.01288	0.08446	0.01841	0.02308	0.01124	0.74139	0.01432	0.01048	0.01432	0.00897	0.01187	0.00671	0.00381	0.00520	0.00150	0.00747	0.00513	0.00224	0.00608
14	0.01763	0.01153	0.01281	0.00982	0.01338	0.01239	0.00811	0.64239	0.01937	0.18813	0.01214	0.01165	0.00831	0.00540	0.00448	0.00135	0.00470	0.00412	0.00469	0.00761
15	0.00585	0.00420	0.00546	0.00601	0.00664	0.00390	0.00427	0.00713	0.00995	0.01355	0.25151	0.49877	0.08091	0.01217	0.00553	0.00168	0.00251	0.05242	0.02370	0.00385
16	0.01389	0.01669	0.01247	0.01121	0.01273	0.52891	0.00868	0.01501	0.01062	0.01088	0.00734	0.02906	0.00668	0.00741	0.05435	0.00174	0.24156	0.00352	0.00226	0.00500
17	0.00640	0.00477	0.00705	0.00705	0.00780	0.00552	0.00542	0.00790	0.00715	0.01028	0.01211	0.01828	0.01149	0.08213	0.77690	0.00702	0.01152	0.00490	0.00242	0.00392
18	0.87439	0.00865	0.00657	0.00588	0.00865	0.01003	0.00484	0.01315	0.00761	0.02007	0.00623	0.00727	0.00484	0.00415	0.00277	0.00138	0.00346	0.00242	0.00277	0.00484
19	0.00834	0.00417	0.00417	0.00417	0.00521	0.00417	0.00313	0.01042	0.00938	0.01668	0.01459	0.01668	0.01147	0.00521	0.00313	0.00104	0.00208	0.00417	0.86763	0.00417
20	0.00607	0.00456	0.00575	0.00642	0.00736	0.00424	0.00502	0.00747	0.00986	0.01262	0.06724	0.28494	0.26050	0.01240	0.00573	0.00179	0.00302	0.28695	0.00418	0.00388
21	0.00774	0.00489	0.00639	0.00584	0.00716	0.00445	0.00444	0.00978	0.01260	0.10165	0.70452	0.03182	0.06371	0.00884	0.00519	0.00141	0.00229	0.00776	0.00496	0.00456
22	0.00778	0.00675	0.02817	0.08853	0.10942	0.00665	0.02174	0.02370	0.10517	0.01326	0.03809	0.32424	0.05463	0.08800	0.00671	0.00185	0.00377	0.02540	0.02527	0.02087
23	0.13216	0.37040	0.04966	0.00947	0.03631	0.16184	0.00821	0.06736	0.01029	0.03374	0.00705	0.00823	0.00593	0.00454	0.00436	0.00121	0.07831	0.00287	0.00238	0.00569
24	0.02786	0.01068	0.06045	0.11919	0.41700	0.03168	0.03705	0.02478	0.01006	0.04120	0.00890	0.01187	0.00733	0.00437	0.00454	0.00130	0.02497	0.02484	0.00244	0.12949

[dist]
# distance from previous block
# <min> <max>
1	3

[block]
# block no. 6 follows, 58 sequences, length 43
# corresponding to MSA columns:
# 326-368
name=unknown_G
#
# <colnr> <probs for GDERKNQSTAVLIFYWHMCP>
#	G	D	E	R	K	N	Q	S	T	A	V	L	I	F	Y	W	H	M	C	P
0	0.35931	0.11069	0.04522	0.02345	0.05317	0.10284	0.02322	0.10955	0.01044	0.05239	0.00771	0.00902	0.00608	0.01566	0.00440	0.00138	0.05393	0.00310	0.00281	0.00564
1	0.02543	0.01460	0.35910	0.01127	0.04548	0.00912	0.05653	0.06550	0.01082	0.17379	0.03367	0.01370	0.04527	0.00671	0.04824	0.00172	0.03728	0.00425	0.03116	0.00635
2	0.00622	0.00462	0.00583	0.00567	0.00680	0.00422	0.00434	0.00815	0.01200	0.01645	0.60052	0.03673	0.18156	0.00984	0.00536	0.00149	0.00232	0.07906	0.00471	0.00413
3	0.01384	0.02249	0.03144	0.01006	0.04337	0.02628	0.04364	0.13707	0.34160	0.20779	0.02983	0.02925	0.03101	0.00586	0.00456	0.00144	0.00417	0.00490	0.00442	0.00698
4	0.00979	0.00979	0.01370	0.01174	0.01174	0.01370	0.00979	0.01077	0.00685	0.01077	0.00587	0.00979	0.00587	0.00783	0.01468	0.00196	0.83461	0.00391	0.00196	0.00489
5	0.00639	0.00479	0.00719	0.00719	0.00799	0.00559	0.00559	0.00799	0.00719	0.01038	0.01198	0.01757	0.01118	0.03355	0.82507	0.00719	0.01198	0.00479	0.00240	0.00399
6	0.00633	0.00457	0.00598	0.00563	0.00668	0.00422	0.00422	0.00844	0.01266	0.01794	0.81253	0.03341	0.04221	0.00914	0.00528	0.00141	0.00211	0.00809	0.00492	0.00422
7	0.00897	0.02314	0.81962	0.01275	0.01936	0.01039	0.01653	0.01417	0.00944	0.01417	0.00803	0.00944	0.00567	0.00425	0.00425	0.00142	0.00661	0.00331	0.00189	0.00661
8	0.01107	0.01063	0.01816	0.02746	0.81489	0.01063	0.01373	0.01373	0.01019	0.01461	0.00841	0.01107	0.00709	0.00399	0.00443	0.00133	0.00531	0.00399	0.00221	0.00709
9	0.00928	0.00795	0.00928	0.00663	0.01060	0.00596	0.00530	0.01126	0.00928	0.01458	0.00795	0.00928	0.00663	0.00331	0.00331	0.00066	0.00331	0.00265	0.00265	0.87014
10	0.01642	0.01354	0.03320	0.04430	0.01470	0.10049	0.00888	0.66439	0.01935	0.02531	0.01015	0.01047	0.00729	0.00522	0.00442	0.00133	0.00534	0.00388	0.00408	0.00721
11	0.01322	0.01065	0.01130	0.00953	0.01243	0.01211	0.00759	0.30070	0.52646	0.02209	0.01554	0.01457	0.01150	0.00582	0.00452	0.00145	0.00403	0.00469	0.00452	0.00727
12	0.00642	0.00454	0.00588	0.00587	0.00627	0.00486	0.00398	0.00717	0.00700	0.00966	0.02935	0.02470	0.03381	0.46194	0.36378	0.00543	0.00750	0.00588	0.00265	0.00331
13	0.00628	0.00456	0.00591	0.00560	0.00666	0.00419	0.00419	0.00832	0.01249	0.01759	0.76860	0.05151	0.06863	0.00933	0.00529	0.00142	0.00213	0.00824	0.00488	0.00419
14	0.01714	0.01231	0.01329	0.01019	0.01376	0.01355	0.00842	0.76586	0.02067	0.06281	0.01104	0.01094	0.00776	0.00538	0.00448	0.00134	0.00487	0.00405	0.00452	0.00761
15	0.01157	0.00984	0.01018	0.00897	0.01155	0.04759	0.00701	0.02183	0.63588	0.05888	0.01706	0.01596	0.02654	0.00592	0.00472	0.00144	0.02640	0.00480	0.00428	0.06959
16	0.00585	0.00423	0.00536	0.00614	0.00650	0.00407	0.00408	0.00707	0.04476	0.01140	0.02345	0.67521	0.04585	0.12402	0.00792	0.00213	0.00286	0.01146	0.00398	0.00367
17	0.00539	0.00454	0.00468	0.00464	0.00611	0.00382	0.00348	0.00663	0.01045	0.01269	0.12471	0.04205	0.73330	0.01110	0.00529	0.00150	0.00225	0.00930	0.00423	0.00382
18	0.01675	0.02012	0.01278	0.01136	0.01383	0.71446	0.00862	0.12431	0.01381	0.01329	0.00744	0.00843	0.00601	0.00471	0.00409	0.00118	0.00764	0.00304	0.00260	0.00552
19	0.00834	0.00417	0.00417	0.00417	0.00521	0.00417	0.00313	0.01042	0.00938	0.01668	0.01459	0.01668	0.01147	0.00521	0.00313	0.00104	0.00208	0.00417	0.86763	0.00417
20	0.87439	0.00865	0.00657	0.00588	0.00865	0.01003	0.00484	0.01315	0.00761	0.02007	0.00623	0.00727	0.00484	0.00415	0.00277	0.00138	0.00346	0.00242	0.00277	0.00484
21	0.00701	0.00477	0.00592	0.00551	0.00685	0.00427	0.00418	0.00885	0.01206	0.07107	0.56722	0.03457	0.23206	0.00944	0.00523	0.00143	0.00226	0.00818	0.00477	0.00434
22	0.00639	0.00478	0.00710	0.00710	0.00787	0.00554	0.00548	0.00793	0.00716	0.01032	0.01206	0.01802	0.01138	0.06440	0.79448	0.00708	0.01169	0.00486	0.00241	0.00395
23	0.00603	0.00435	0.00537	0.00548	0.00629	0.00401	0.00387	0.00742	0.01045	0.01432	0.37614	0.24157	0.15540	0.09898	0.00717	0.00183	0.00249	0.00918	0.03582	0.00384
24	0.01127	0.00538	0.00631	0.00559	0.00718	0.00514	0.00421	0.01332	0.04207	0.23516	0.04957	0.01916	0.01359	0.14972	0.00703	0.00174	0.00300	0.00486	0.41072	0.00498
25	0.05418	0.01236	0.01288	0.01005	0.01349	0.03186	0.00825	0.69497	0.07373	0.02680	0.01096	0.01093	0.00786	0.00535	0.00440	0.00135	0.00484	0.00400	0.00436	0.00740
26	0.00765	0.00644	0.00710	0.00693	0.00846	0.05171	0.00521	0.02152	0.06774	0.01353	0.07995	0.34557	0.08794	0.01000	0.00506	0.00151	0.00326	0.10159	0.00386	0.16498
27	0.01126	0.40853	0.20423	0.04836	0.03153	0.05788	0.09405	0.01437	0.04453	0.02443	0.00779	0.00913	0.00630	0.00417	0.00387	0.00121	0.01699	0.00321	0.00215	0.00601
28	0.00550	0.00446	0.00468	0.00475	0.00609	0.00381	0.00351	0.00671	0.01016	0.01260	0.09202	0.11981	0.65038	0.01118	0.00523	0.00151	0.00228	0.00944	0.04206	0.00381
29	0.00651	0.00434	0.00488	0.00488	0.00488	0.00434	0.00271	0.00651	0.00651	0.00867	0.01409	0.02927	0.01626	0.84279	0.02277	0.00434	0.00434	0.00651	0.00271	0.00271
30	0.02337	0.10437	0.04105	0.01412	0.01776	0.04410	0.40375	0.04014	0.05216	0.06390	0.00924	0.01123	0.00711	0.00455	0.00577	0.00143	0.10146	0.00439	0.00260	0.04751
31	0.01020	0.02196	0.01083	0.02621	0.09171	0.04271	0.03620	0.02991	0.39941	0.02980	0.07306	0.04072	0.11763	0.02106	0.00527	0.00153	0.02606	0.00574	0.00393	0.00608
32	0.00639	0.00474	0.00612	0.00689	0.00786	0.00450	0.00561	0.00793	0.00986	0.01260	0.02892	0.20381	0.21607	0.02743	0.00617	0.00192	0.00338	0.43178	0.00411	0.00392
33	0.13548	0.00827	0.01046	0.00883	0.05160	0.00782	0.00684	0.07291	0.02531	0.60273	0.01517	0.01365	0.00983	0.00527	0.00426	0.00138	0.00391	0.00417	0.00491	0.00720
34	0.01222	0.36064	0.23365	0.00973	0.01403	0.04964	0.04082	0.01549	0.06178	0.12475	0.00972	0.03248	0.00767	0.00464	0.00380	0.00123	0.00525	0.00352	0.00268	0.00625
35	0.00952	0.00551	0.00692	0.00621	0.00790	0.00507	0.00475	0.01189	0.05991	0.19823	0.39109	0.07931	0.15768	0.02890	0.00551	0.00152	0.00269	0.00756	0.00481	0.00502
36	0.00665	0.00459	0.00532	0.00522	0.00526	0.00476	0.00309	0.00677	0.00676	0.00912	0.04415	0.02854	0.01678	0.77291	0.02173	0.00412	0.04214	0.00645	0.00276	0.00287
37	0.01027	0.03163	0.02924	0.01212	0.07929	0.17829	0.10234	0.01219	0.02116	0.01167	0.01000	0.05034	0.01941	0.01367	0.23566	0.00309	0.16765	0.00456	0.00238	0.00504
38	0.01450	0.01177	0.10243	0.06887	0.14673	0.04876	0.00981	0.25195	0.01404	0.20867	0.02606	0.02591	0.02517	0.00540	0.00451	0.00138	0.00498	0.01840	0.00378	0.00686
39	0.06574	0.03118	0.03015	0.14749	0.45133	0.07191	0.01181	0.02618	0.01008	0.02959	0.00885	0.01244	0.00750	0.00470	0.00473	0.00140	0.03693	0.03939	0.00239	0.00623
40	0.05622	0.05353	0.05990	0.03066	0.03916	0.04482	0.50448	0.06039	0.01094	0.01516	0.04078	0.01193	0.00798	0.00424	0.00496	0.00143	0.02074	0.00469	0.00249	0.02550
41	0.01140	0.10749	0.09991	0.01466	0.09196	0.09358	0.30051	0.05482	0.03042	0.03453	0.00989	0.06928	0.00839	0.00490	0.00475	0.00137	0.02075	0.00472	0.00258	0.03409
42	0.06561	0.11650	0.21277	0.01302	0.03606	0.13740	0.20670	0.10432	0.01140	0.02721	0.00820	0.00976	0.00626	0.00434	0.00445	0.00134	0.02235	0.00369	0.00246	0.00614

[dist]
# distance from previous block
# <min> <max>
3	113

[block]
# block no. 7 follows, 58 sequences, length 18
# corresponding to MSA columns:
# 489-506
name=unknown_H
#
# <colnr> <probs for GDERKNQSTAVLIFYWHMCP>
#	G	D	E	R	K	N	Q	S	T	A	V	L	I	F	Y	W	H	M	C	P
0	0.04946	0.41783	0.23105	0.00953	0.03114	0.01367	0.00990	0.03098	0.02244	0.07479	0.00815	0.00910	0.00646	0.00436	0.00395	0.00120	0.03927	0.00302	0.02762	0.00609
1	0.01421	0.00976	0.02470	0.01000	0.04786	0.00927	0.07189	0.25521	0.03865	0.20244	0.01189	0.01263	0.00870	0.03802	0.00497	0.00133	0.00441	0.00405	0.02837	0.20165
2	0.33774	0.02885	0.11006	0.00823	0.01167	0.04197	0.00756	0.11954	0.01130	0.22054	0.01092	0.01242	0.00809	0.00514	0.00386	0.00140	0.00438	0.04657	0.00362	0.00612
3	0.00901	0.00780	0.00953	0.02931	0.01000	0.07054	0.00694	0.03322	0.00900	0.04385	0.10584	0.10446	0.01469	0.02804	0.23375	0.00322	0.25034	0.00559	0.02028	0.00459
4	0.00572	0.00464	0.00516	0.00544	0.00678	0.00408	0.00429	0.00705	0.01014	0.01234	0.03944	0.08524	0.59756	0.01169	0.00551	0.00165	0.00270	0.18258	0.00415	0.00385
5	0.01335	0.01148	0.01708	0.08152	0.04130	0.06288	0.27367	0.28053	0.01390	0.07212	0.00996	0.01177	0.00740	0.00600	0.02740	0.04961	0.00616	0.00441	0.00320	0.00628
6	0.00602	0.00401	0.00536	0.00612	0.00635	0.00384	0.00411	0.00637	0.00801	0.01066	0.02083	0.57684	0.02454	0.11205	0.00951	0.13198	0.00308	0.05338	0.00365	0.00330
7	0.00897	0.02314	0.81962	0.01275	0.01936	0.01039	0.01653	0.01417	0.00944	0.01417	0.00803	0.00944	0.00567	0.00425	0.00425	0.00142	0.00661	0.00331	0.00189	0.00661
8	0.01058	0.01208	0.04712	0.01943	0.12763	0.01123	0.63721	0.01443	0.03172	0.01442	0.00912	0.01194	0.00696	0.00395	0.00529	0.00149	0.02187	0.00502	0.00230	0.00620
9	0.01100	0.46476	0.31173	0.00990	0.01447	0.05414	0.01103	0.01376	0.00928	0.01188	0.00689	0.00817	0.00572	0.00422	0.00402	0.00118	0.04711	0.00282	0.00193	0.00599
10	0.00571	0.00452	0.00514	0.00505	0.00632	0.00395	0.00376	0.00723	0.01112	0.01441	0.35328	0.07408	0.46840	0.01057	0.00530	0.00148	0.00222	0.00904	0.00446	0.00395
11	0.00561	0.00411	0.00531	0.00621	0.00672	0.00381	0.00437	0.00657	0.00896	0.01171	0.02726	0.65348	0.13196	0.01349	0.00570	0.00180	0.00271	0.09235	0.00415	0.00370
12	0.03331	0.00813	0.01022	0.05434	0.01239	0.00855	0.04223	0.03031	0.32913	0.16555	0.01742	0.07282	0.01465	0.00706	0.00478	0.00154	0.00394	0.12675	0.00425	0.05263
13	0.00959	0.00849	0.01171	0.20020	0.13792	0.00782	0.00832	0.03479	0.00968	0.01426	0.00810	0.01020	0.00657	0.00374	0.00378	0.00097	0.00428	0.00320	0.00248	0.51388
14	0.00556	0.00397	0.00532	0.00636	0.00666	0.00373	0.00435	0.00642	0.00867	0.01154	0.02459	0.78969	0.02934	0.01391	0.00574	0.00183	0.00269	0.06180	0.00415	0.00366
15	0.01767	0.00746	0.00976	0.00764	0.01079	0.00664	0.00625	0.06953	0.01305	0.64474	0.05877	0.01871	0.09554	0.00630	0.00462	0.00140	0.00364	0.00516	0.00530	0.00705
16	0.68122	0.00986	0.02463	0.00771	0.04978	0.06119	0.00595	0.01439	0.05120	0.04885	0.00749	0.00836	0.00574	0.00433	0.00312	0.00137	0.00392	0.00277	0.00289	0.00524
17	0.01276	0.01095	0.05547	0.00931	0.01232	0.02956	0.00774	0.22214	0.44867	0.06323	0.01715	0.01616	0.06216	0.00606	0.00455	0.00145	0.00410	0.00489	0.00436	0.00697

[dist]
# distance from previous block
# <min> <max>
0	22

[block]
# block no. 8 follows, 58 sequences, length 35
# corresponding to MSA columns:
# 529-563
name=unknown_I
#
# <colnr> <probs for GDERKNQSTAVLIFYWHMCP>
#	G	D	E	R	K	N	Q	S	T	A	V	L	I	F	Y	W	H	M	C	P
0	0.66633	0.05831	0.00866	0.00703	0.00977	0.16181	0.00571	0.01404	0.00864	0.01784	0.00636	0.00741	0.00507	0.00422	0.00301	0.00132	0.00439	0.00251	0.00263	0.00496
1	0.00999	0.00952	0.01651	0.27688	0.46070	0.01007	0.07236	0.01280	0.00987	0.01376	0.03168	0.01224	0.00786	0.00431	0.00449	0.00139	0.00549	0.00420	0.02971	0.00617
2	0.02691	0.00493	0.00632	0.00653	0.00757	0.00463	0.00477	0.03059	0.01003	0.12087	0.09641	0.49411	0.07514	0.02475	0.00569	0.00174	0.00291	0.06735	0.00436	0.00439
3	0.00653	0.00446	0.00561	0.00565	0.00599	0.00471	0.00375	0.00722	0.00700	0.00984	0.01390	0.06049	0.01489	0.48951	0.28416	0.00496	0.00663	0.00608	0.05537	0.00326
4	0.01645	0.00744	0.00964	0.00774	0.01066	0.00689	0.00626	0.04247	0.10495	0.55723	0.16160	0.01856	0.01691	0.00625	0.00464	0.00140	0.00350	0.00520	0.00528	0.00694
5	0.00668	0.00463	0.00625	0.00685	0.00754	0.00462	0.00514	0.01986	0.00895	0.03503	0.02168	0.40215	0.04539	0.06821	0.15218	0.00295	0.00478	0.18937	0.00379	0.00393
6	0.01004	0.00961	0.01507	0.01149	0.02999	0.00891	0.25808	0.01476	0.17232	0.01534	0.02792	0.01224	0.00888	0.00425	0.00447	0.00116	0.02039	0.00414	0.00294	0.36799
7	0.00789	0.00616	0.00723	0.00675	0.00824	0.00637	0.00511	0.04341	0.22475	0.01761	0.45208	0.11175	0.06725	0.00878	0.00510	0.00148	0.00266	0.00766	0.00469	0.00504
8	0.01187	0.01132	0.01153	0.03427	0.06135	0.17232	0.04449	0.13934	0.17152	0.01625	0.02818	0.10015	0.01229	0.02884	0.00503	0.00144	0.00493	0.04354	0.00346	0.09788
9	0.04721	0.03699	0.01300	0.14621	0.11974	0.35184	0.00954	0.08871	0.03135	0.01391	0.00960	0.01387	0.00836	0.00537	0.00435	0.00135	0.00628	0.08405	0.00270	0.00556
10	0.00798	0.00445	0.00686	0.04896	0.04949	0.00455	0.00483	0.00653	0.00621	0.00831	0.00781	0.01338	0.00764	0.01437	0.01614	0.78020	0.00407	0.00389	0.00196	0.00237
11	0.00777	0.00389	0.00583	0.00583	0.00583	0.00389	0.00389	0.00583	0.00583	0.00777	0.00777	0.01360	0.00777	0.01554	0.01748	0.86985	0.00389	0.00389	0.00194	0.00194
12	0.01742	0.01186	0.01301	0.00997	0.01354	0.01288	0.00824	0.69367	0.01991	0.13608	0.01168	0.01135	0.00808	0.00539	0.00448	0.00135	0.00477	0.00409	0.00462	0.00761
13	0.01056	0.01207	0.02640	0.01885	0.02338	0.01131	0.79864	0.01433	0.01056	0.01433	0.00905	0.01207	0.00679	0.00377	0.00528	0.00151	0.00754	0.00528	0.00226	0.00603
14	0.00587	0.00427	0.00555	0.00591	0.00662	0.00394	0.00422	0.00729	0.01050	0.01435	0.36756	0.41476	0.08715	0.01168	0.00551	0.00163	0.00241	0.03241	0.00449	0.00391
15	0.01107	0.01063	0.01816	0.02746	0.81489	0.01063	0.01373	0.01373	0.01019	0.01461	0.00841	0.01107	0.00709	0.00399	0.00443	0.00133	0.00531	0.00399	0.00221	0.00709
16	0.01279	0.01122	0.01089	0.00951	0.01220	0.09546	0.00745	0.14210	0.58754	0.03631	0.01588	0.01486	0.01186	0.00580	0.00449	0.00145	0.00423	0.00466	0.00433	0.00698
