[name]
unknown

[dist]
# distance from previous block
# <min> <max>
0	82

[block]
# block no. 0 follows, 56 sequences, length 7
# corresponding to MSA columns:
# 94-100
name=unknown_A
#
# <colnr> <probs for GDERKNQSTAVLIFYWHMCP>
#	G	D	E	R	K	N	Q	S	T	A	V	L	I	F	Y	W	H	M	C	P
0	0.00722	0.00582	0.00719	0.03596	0.03016	0.04751	0.00628	0.00870	0.00980	0.01257	0.02334	0.37247	0.05134	0.03344	0.00632	0.00196	0.00383	0.32797	0.00398	0.00414
1	0.01666	0.02095	0.01349	0.01322	0.08185	0.75142	0.00931	0.01797	0.01279	0.01156	0.00723	0.00854	0.00603	0.00468	0.00417	0.00120	0.00804	0.00305	0.00236	0.00549
2	0.00682	0.00446	0.00545	0.00545	0.00556	0.00457	0.00333	0.00680	0.00669	0.00903	0.01338	0.02644	0.01492	0.62844	0.13251	0.10903	0.00548	0.00611	0.00264	0.00287
3	0.01085	0.01030	0.01442	0.54240	0.14211	0.07963	0.01213	0.10727	0.01119	0.01425	0.00849	0.01163	0.00648	0.00464	0.00455	0.00146	0.00608	0.00399	0.00241	0.00576
4	0.05396	0.00932	0.00932	0.00759	0.01051	0.10504	0.02359	0.01339	0.10360	0.04179	0.05717	0.01703	0.10203	0.05820	0.00530	0.00131	0.00402	0.00450	0.00331	0.36903
5	0.19522	0.01206	0.01391	0.01266	0.09189	0.17415	0.16893	0.07124	0.04607	0.03299	0.01094	0.11047	0.00987	0.02394	0.00486	0.00152	0.00559	0.00499	0.00302	0.00569
6	0.09456	0.04713	0.02464	0.00892	0.01169	0.20368	0.00711	0.11952	0.13360	0.03048	0.02905	0.07429	0.02366	0.02041	0.00457	0.00135	0.00491	0.02144	0.00343	0.13556

[dist]
# distance from previous block
# <min> <max>
1	6

[block]
# block no. 1 follows, 56 sequences, length 62
# corresponding to MSA columns:
# 107-162,164-169
name=unknown_B
#
# <colnr> <probs for GDERKNQSTAVLIFYWHMCP>
#	G	D	E	R	K	N	Q	S	T	A	V	L	I	F	Y	W	H	M	C	P
0	0.03849	0.01525	0.28872	0.01096	0.04248	0.09572	0.02370	0.10316	0.08827	0.05164	0.02602	0.04449	0.04877	0.03543	0.00552	0.02549	0.00542	0.00455	0.00308	0.04285
1	0.01101	0.33165	0.44908	0.01104	0.01647	0.03573	0.02989	0.01462	0.00979	0.04069	0.00787	0.00904	0.00606	0.00424	0.00385	0.00127	0.00604	0.00311	0.00210	0.00643
2	0.09572	0.00915	0.01243	0.22456	0.03876	0.00976	0.05850	0.13459	0.07163	0.16995	0.01154	0.01290	0.00840	0.01942	0.01845	0.00155	0.00497	0.00417	0.02286	0.07070
3	0.25954	0.00984	0.01435	0.16098	0.44277	0.01061	0.01122	0.01351	0.00947	0.01605	0.00790	0.01039	0.00641	0.00423	0.00406	0.00141	0.00502	0.00362	0.00240	0.00623
4	0.87108	0.00888	0.00675	0.00604	0.00888	0.01030	0.00497	0.01350	0.00781	0.02060	0.00639	0.00746	0.00497	0.00426	0.00284	0.00142	0.00355	0.00249	0.00284	0.00497
5	0.01131	0.00958	0.01059	0.02832	0.03440	0.01094	0.00768	0.06764	0.63779	0.01895	0.01828	0.01993	0.01451	0.00673	0.00483	0.00160	0.00388	0.08162	0.00450	0.00695
6	0.01010	0.00962	0.01635	0.40349	0.44458	0.01058	0.01346	0.01298	0.00986	0.01346	0.00841	0.01177	0.00673	0.00433	0.00457	0.00144	0.00577	0.00409	0.00216	0.00625
7	0.00968	0.00826	0.00961	0.00688	0.01095	0.00629	0.00551	0.02767	0.00977	0.01525	0.00822	0.00955	0.00682	0.00344	0.00342	0.00069	0.00343	0.00275	0.00276	0.84905
8	0.00997	0.00837	0.00890	0.00813	0.01040	0.00925	0.00625	0.01943	0.56168	0.01746	0.02211	0.08123	0.11781	0.00736	0.00472	0.00151	0.00330	0.00620	0.05030	0.04562
9	0.01568	0.00853	0.01149	0.08015	0.01384	0.00814	0.04901	0.07985	0.09186	0.40562	0.01476	0.01422	0.01007	0.00521	0.00442	0.00133	0.00419	0.00436	0.05518	0.12211
10	0.01307	0.03590	0.35660	0.01108	0.02713	0.05135	0.03909	0.01720	0.06421	0.23237	0.01156	0.01178	0.00805	0.00473	0.00435	0.00135	0.00548	0.00381	0.00327	0.09761
11	0.01075	0.00893	0.02388	0.00917	0.04036	0.00703	0.09438	0.01304	0.01004	0.08839	0.00922	0.01047	0.00724	0.00370	0.00379	0.00088	0.00405	0.00325	0.00292	0.64851
12	0.01540	0.01063	0.01174	0.00946	0.01265	0.01150	0.00762	0.37227	0.26361	0.15134	0.01460	0.01433	0.01062	0.03652	0.00527	0.00153	0.00434	0.00459	0.00466	0.03733
13	0.01669	0.01248	0.01335	0.01041	0.01395	0.01388	0.00854	0.69717	0.12037	0.02770	0.01199	0.01180	0.00859	0.00560	0.00460	0.00140	0.00487	0.00427	0.00460	0.00774
14	0.00590	0.00467	0.00530	0.00514	0.00649	0.00408	0.00386	0.00750	0.01157	0.01504	0.38020	0.03985	0.47282	0.01064	0.00542	0.00150	0.00226	0.00908	0.00461	0.00408
15	0.19867	0.00974	0.01232	0.17428	0.19925	0.04702	0.02182	0.08170	0.06312	0.04446	0.02961	0.05987	0.00943	0.00533	0.00426	0.00144	0.00481	0.00443	0.02247	0.00596
16	0.00981	0.05272	0.37753	0.01080	0.01477	0.11423	0.03292	0.05422	0.01051	0.01390	0.01312	0.24844	0.01307	0.00734	0.00475	0.00152	0.00564	0.00618	0.00282	0.00571
17	0.00615	0.00479	0.00559	0.00537	0.00669	0.00429	0.00403	0.00812	0.02962	0.01583	0.46138	0.03818	0.37277	0.01028	0.00540	0.00149	0.00227	0.00883	0.00470	0.00420
18	0.00581	0.00414	0.00536	0.00625	0.00657	0.00390	0.00420	0.00658	0.00866	0.01148	0.02462	0.66870	0.05537	0.11875	0.00809	0.00219	0.00295	0.04866	0.00407	0.00364
19	0.02704	0.00583	0.00702	0.00680	0.00820	0.00582	0.00511	0.02488	0.14401	0.06940	0.30436	0.24371	0.08246	0.01003	0.00532	0.00160	0.00282	0.03597	0.00468	0.00493
20	0.00899	0.00702	0.00824	0.00824	0.00976	0.00759	0.00645	0.06636	0.28536	0.01593	0.02126	0.22993	0.02140	0.04807	0.00630	0.00192	0.00370	0.23379	0.00435	0.00533
21	0.04002	0.00536	0.00717	0.00797	0.00914	0.00533	0.00684	0.00963	0.01058	0.02983	0.06630	0.07585	0.06202	0.01206	0.00607	0.00200	0.00394	0.63134	0.00425	0.00430
22	0.00597	0.00456	0.00537	0.00544	0.00649	0.00409	0.00394	0.00737	0.01083	0.01421	0.31176	0.16517	0.33681	0.07217	0.00683	0.00179	0.00252	0.02630	0.00444	0.00394
23	0.00668	0.00564	0.00886	0.00817	0.00955	0.00521	0.12502	0.00836	0.01021	0.01348	0.13831	0.36094	0.17644	0.01136	0.00570	0.00172	0.00347	0.09252	0.00407	0.00427
24	0.00974	0.00959	0.01347	0.01164	0.01171	0.01332	0.00966	0.01080	0.00706	0.01101	0.00658	0.01075	0.00651	0.01037	0.08643	0.00248	0.75777	0.00410	0.00205	0.00494
25	0.00694	0.00467	0.00576	0.00571	0.00685	0.00422	0.00420	0.00854	0.01128	0.05960	0.36878	0.21774	0.21085	0.01061	0.00535	0.00154	0.00241	0.00928	0.05136	0.00428
26	0.00856	0.00428	0.00428	0.00428	0.00535	0.00428	0.00321	0.01070	0.00963	0.01712	0.01498	0.01712	0.01177	0.00535	0.00321	0.00107	0.00214	0.00428	0.86414	0.00428
27	0.01071	0.01024	0.01746	0.22128	0.62200	0.01074	0.01377	0.01352	0.01015	0.01421	0.00852	0.01157	0.00699	0.00421	0.00456	0.00140	0.00561	0.00409	0.00222	0.00675
28	0.01136	0.01068	0.01779	0.12370	0.67369	0.01100	0.01364	0.05540	0.01089	0.01535	0.00871	0.01145	0.00716	0.00423	0.00455	0.00138	0.00551	0.00409	0.00237	0.00704
29	0.01188	0.00903	0.00991	0.00843	0.01083	0.00973	0.00664	0.35166	0.15330	0.02138	0.12164	0.12648	0.11010	0.00817	0.00518	0.01447	0.00378	0.00667	0.00455	0.00618
30	0.00567	0.00422	0.00528	0.00594	0.00658	0.00384	0.00410	0.00671	0.00967	0.01269	0.12621	0.56428	0.20172	0.01317	0.00571	0.00174	0.00253	0.01173	0.00436	0.00384
31	0.00636	0.00432	0.00510	0.00541	0.00548	0.00424	0.00321	0.00659	0.00729	0.00972	0.01760	0.26305	0.02065	0.60026	0.01830	0.00370	0.00393	0.00852	0.00321	0.00306
32	0.00648	0.00455	0.00533	0.00529	0.00570	0.00449	0.00335	0.00704	0.00795	0.01060	0.10563	0.03116	0.12489	0.55370	0.10157	0.00404	0.00473	0.00708	0.00320	0.00323
33	0.01299	0.66862	0.02204	0.00956	0.05470	0.14358	0.00835	0.01448	0.00997	0.01109	0.00661	0.00772	0.00597	0.00406	0.00322	0.00103	0.00547	0.00262	0.00204	0.00588
34	0.01032	0.00888	0.00945	0.00836	0.01096	0.00967	0.00650	0.02024	0.58884	0.01780	0.03656	0.02009	0.11724	0.00666	0.00463	0.00145	0.00341	0.00554	0.00439	0.10902
35	0.01259	0.05869	0.01380	0.27374	0.08885	0.29142	0.01005	0.07247	0.01128	0.01283	0.00839	0.01180	0.00712	0.07230	0.00623	0.00161	0.03519	0.00382	0.00242	0.00542
36	0.00588	0.00444	0.00585	0.00651	0.00701	0.00441	0.00458	0.00687	0.00881	0.01174	0.03798	0.58408	0.12386	0.01642	0.11552	0.00256	0.03454	0.01113	0.00395	0.00385
37	0.01077	0.01030	0.01756	0.20490	0.63794	0.01075	0.01379	0.01357	0.01017	0.01428	0.00853	0.01156	0.00702	0.00420	0.00455	0.00140	0.00560	0.00409	0.00222	0.00679
38	0.00746	0.00493	0.00618	0.00576	0.00713	0.00442	0.00435	0.00932	0.01231	0.08579	0.54608	0.06258	0.20689	0.00973	0.00536	0.00148	0.00237	0.00845	0.00491	0.00451
39	0.08488	0.00710	0.00892	0.00720	0.00998	0.00646	0.00574	0.01751	0.02646	0.49911	0.10314	0.01944	0.05104	0.08138	0.00623	0.00167	0.00361	0.00520	0.01936	0.03556
40	0.00680	0.00487	0.00570	0.00579	0.00696	0.00448	0.00422	0.00836	0.03748	0.05531	0.09713	0.22420	0.35974	0.08491	0.04424	0.00215	0.00323	0.03609	0.00421	0.00413
41	0.00656	0.00492	0.00738	0.00738	0.00820	0.00574	0.00574	0.00820	0.00738	0.01066	0.01230	0.01804	0.01148	0.03443	0.82046	0.00738	0.01230	0.00492	0.00246	0.00410
42	0.06168	0.00439	0.00520	0.00589	0.00646	0.00430	0.00402	0.00768	0.00876	0.01314	0.02150	0.58049	0.02442	0.06075	0.00620	0.00184	0.00273	0.01034	0.16635	0.00386
43	0.61462	0.00843	0.00733	0.00638	0.00917	0.00930	0.00521	0.05905	0.00953	0.10821	0.01285	0.02507	0.09837	0.00549	0.00348	0.00144	0.00352	0.00380	0.00344	0.00531
44	0.01563	0.00814	0.00993	0.00823	0.01097	0.00806	0.00664	0.15906	0.09800	0.38085	0.01721	0.04210	0.01334	0.06638	0.00607	0.00170	0.00401	0.07742	0.05953	0.00672
45	0.00563	0.00428	0.00518	0.00576	0.00653	0.00384	0.00401	0.00668	0.00975	0.01260	0.10928	0.49671	0.28720	0.01299	0.00567	0.00172	0.00250	0.01148	0.00434	0.00384
46	0.00661	0.00442	0.00503	0.00509	0.00511	0.00441	0.00287	0.00666	0.00681	0.00907	0.01513	0.07954	0.01753	0.78802	0.02229	0.00429	0.00434	0.00707	0.00287	0.00284
47	0.00641	0.00464	0.00578	0.00597	0.00681	0.00434	0.00422	0.00816	0.03876	0.02545	0.32212	0.33237	0.13203	0.07307	0.00688	0.00184	0.00262	0.00996	0.00448	0.00409
48	0.08110	0.00492	0.00564	0.00558	0.00672	0.00466	0.00407	0.00812	0.01087	0.01552	0.38701	0.15741	0.21056	0.06976	0.00655	0.00175	0.00256	0.00873	0.00440	0.00408
49	0.01745	0.01286	0.01378	0.01056	0.01424	0.01424	0.00873	0.79471	0.02159	0.02893	0.01102	0.01102	0.00781	0.00551	0.00459	0.00138	0.00505	0.00413	0.00459	0.00781
50	0.00573	0.00428	0.00534	0.00597	0.00667	0.00389	0.00419	0.00683	0.00978	0.01280	0.12916	0.52000	0.21650	0.01304	0.00572	0.00175	0.00257	0.03757	0.00436	0.00386
51	0.00571	0.00451	0.00510	0.00527	0.00639	0.00395	0.00380	0.00695	0.01045	0.01330	0.18810	0.21736	0.46074	0.03979	0.00613	0.00170	0.00244	0.01006	0.00437	0.00389
52	0.17452	0.00758	0.00929	0.00752	0.01055	0.00714	0.00617	0.01871	0.02420	0.53382	0.10889	0.01762	0.01452	0.00611	0.00445	0.00145	0.00364	0.03206	0.00502	0.00675
53	0.01227	0.84142	0.02406	0.00786	0.01178	0.01817	0.00786	0.01375	0.00933	0.01080	0.00638	0.00736	0.00589	0.00393	0.00295	0.00098	0.00491	0.00245	0.00196	0.00589
54	0.00657	0.00466	0.00567	0.00551	0.00616	0.00450	0.00372	0.00789	0.02205	0.01366	0.37421	0.04711	0.07338	0.36197	0.04124	0.00294	0.00353	0.00761	0.00394	0.00367
55	0.00762	0.00499	0.00607	0.00611	0.00729	0.00459	0.00443	0.00936	0.04663	0.09825	0.14777	0.32666	0.23816	0.05369	0.00639	0.00179	0.00278	0.01853	0.00448	0.00441
56	0.01064	0.00875	0.01035	0.00801	0.01158	0.00791	0.03329	0.03527	0.22608	0.05181	0.01290	0.01319	0.03645	0.00462	0.00397	0.00103	0.00364	0.00385	0.00347	0.51317
57	0.00774	0.00503	0.00626	0.00622	0.00722	0.00479	0.00460	0.00890	0.00944	0.07694	0.10987	0.06448	0.14427	0.28653	0.06638	0.00299	0.00422	0.16030	0.00382	0.02000
58	0.00952	0.00816	0.00952	0.00680	0.01088	0.00612	0.00544	0.01156	0.00952	0.01496	0.00816	0.00952	0.00680	0.00340	0.00340	0.00068	0.00340	0.00272	0.00272	0.86672
59	0.01069	0.01035	0.01701	0.27075	0.55332	0.03115	0.01355	0.01348	0.01013	0.01391	0.00845	0.01155	0.00689	0.00426	0.00455	0.00141	0.00573	0.00406	0.00220	0.00656
60	0.03896	0.00989	0.01047	0.00905	0.01174	0.01111	0.00716	0.21788	0.47130	0.02102	0.04578	0.03649	0.06368	0.00672	0.00472	0.00152	0.00385	0.01724	0.00457	0.00689
61	0.00714	0.00538	0.00759	0.00737	0.00846	0.00595	0.00570	0.04415	0.00844	0.01207	0.04108	0.07654	0.01354	0.02913	0.65239	0.00614	0.01044	0.00547	0.00279	0.05022

[dist]
# distance from previous block
# <min> <max>
0	4

[block]
# block no. 2 follows, 56 sequences, length 43
# corresponding to MSA columns:
# 174-216
name=unknown_C
#
# <colnr> <probs for GDERKNQSTAVLIFYWHMCP>
#	G	D	E	R	K	N	Q	S	T	A	V	L	I	F	Y	W	H	M	C	P
0	0.00740	0.00477	0.00563	0.00568	0.00602	0.00470	0.00352	0.03338	0.00798	0.04697	0.01718	0.22650	0.01951	0.57076	0.01759	0.00358	0.00401	0.00806	0.00334	0.00341
1	0.01792	0.01060	0.01223	0.00944	0.01292	0.01102	0.00777	0.47634	0.01810	0.30493	0.06011	0.01401	0.01114	0.00580	0.00465	0.00140	0.00448	0.00455	0.00500	0.00761
2	0.00981	0.00886	0.01413	0.68154	0.08703	0.01068	0.01242	0.09553	0.01060	0.01381	0.00850	0.01205	0.00638	0.00465	0.00459	0.00150	0.00596	0.00409	0.00233	0.00555
3	0.01595	0.01222	0.01410	0.03598	0.11221	0.01337	0.00934	0.61772	0.05990	0.02589	0.01097	0.01138	0.00799	0.00530	0.00456	0.00137	0.00502	0.00415	0.00419	0.02839
4	0.01274	0.73823	0.04475	0.00831	0.01219	0.07971	0.00816	0.01430	0.00970	0.02757	0.00673	0.00767	0.00600	0.00404	0.00311	0.00102	0.00520	0.00256	0.00207	0.00591
5	0.01698	0.02152	0.01293	0.01175	0.01413	0.79630	0.00882	0.01851	0.03635	0.01147	0.00744	0.00854	0.00615	0.00478	0.00416	0.00119	0.00814	0.00302	0.00243	0.00538
6	0.00864	0.00504	0.00629	0.00606	0.00724	0.00459	0.00436	0.00981	0.01027	0.15275	0.17958	0.21776	0.15573	0.18012	0.00908	0.00219	0.00313	0.02861	0.00436	0.00441
7	0.00633	0.00432	0.00509	0.00540	0.00552	0.00422	0.00323	0.00659	0.00740	0.00982	0.01855	0.26433	0.04392	0.57506	0.01776	0.00361	0.00387	0.00862	0.00325	0.00309
8	0.01715	0.02188	0.01301	0.01183	0.01419	0.82022	0.00887	0.01833	0.01301	0.01124	0.00710	0.00828	0.00591	0.00473	0.00414	0.00118	0.00828	0.00296	0.00237	0.00532
9	0.00939	0.00935	0.01766	0.13909	0.10751	0.00931	0.33854	0.01290	0.04495	0.01536	0.21234	0.03409	0.01686	0.00571	0.00517	0.00150	0.00555	0.00594	0.00311	0.00567
10	0.00652	0.00482	0.00700	0.00706	0.00776	0.00549	0.00533	0.00793	0.00738	0.01052	0.01324	0.06364	0.01308	0.12329	0.68721	0.00675	0.01090	0.00556	0.00259	0.00393
11	0.00664	0.00444	0.00502	0.00505	0.00506	0.00443	0.00283	0.00667	0.00674	0.00899	0.01481	0.05592	0.01713	0.81218	0.02280	0.00437	0.00439	0.00688	0.00283	0.00281
12	0.00641	0.00469	0.00602	0.00569	0.00681	0.00430	0.00427	0.00850	0.01280	0.01795	0.74877	0.03506	0.10243	0.00956	0.00542	0.00145	0.00218	0.00841	0.00499	0.00430
13	0.01136	0.01091	0.01863	0.02818	0.81002	0.01091	0.01409	0.01409	0.01045	0.01500	0.00864	0.01136	0.00727	0.00409	0.00455	0.00136	0.00545	0.00409	0.00227	0.00727
14	0.00672	0.00438	0.00556	0.00562	0.00623	0.00411	0.00391	0.00685	0.00877	0.01151	0.16254	0.09619	0.20466	0.12686	0.01213	0.28991	0.00324	0.03420	0.00344	0.00318
15	0.58942	0.00876	0.00819	0.00685	0.00994	0.00947	0.00565	0.05221	0.00997	0.24663	0.00994	0.00995	0.00692	0.00472	0.00343	0.00142	0.00372	0.00317	0.00373	0.00591
16	0.00797	0.00399	0.00598	0.00598	0.00598	0.00399	0.00399	0.00598	0.00598	0.00797	0.00797	0.01396	0.00797	0.01595	0.01794	0.86643	0.00399	0.00399	0.00199	0.00199
17	0.64623	0.00809	0.00683	0.00608	0.00849	0.00909	0.00477	0.02528	0.00821	0.07459	0.00871	0.01205	0.00752	0.15050	0.00659	0.00195	0.00376	0.00340	0.00306	0.00483
18	0.00797	0.00399	0.00598	0.00598	0.00598	0.00399	0.00399	0.00598	0.00598	0.00797	0.00797	0.01396	0.00797	0.01595	0.01794	0.86643	0.00399	0.00399	0.00199	0.00199
19	0.01048	0.00993	0.00919	0.00880	0.01062	0.13950	0.00657	0.01767	0.42123	0.01553	0.01893	0.27707	0.01793	0.00859	0.00497	0.00159	0.00407	0.00734	0.00417	0.00582
20	0.00564	0.00404	0.00536	0.00640	0.00672	0.00377	0.00432	0.00648	0.00888	0.01179	0.02578	0.79656	0.04865	0.01427	0.00586	0.00186	0.00270	0.03289	0.00426	0.00375
21	0.00885	0.00656	0.00760	0.00740	0.00881	0.00681	0.00552	0.11508	0.15612	0.03670	0.04887	0.34104	0.09364	0.07161	0.00671	0.00190	0.00339	0.06403	0.00433	0.00503
22	0.00670	0.00500	0.00604	0.00622	0.00706	0.00491	0.00440	0.00911	0.09379	0.01396	0.23236	0.28180	0.10838	0.15468	0.00863	0.00215	0.00298	0.04342	0.00426	0.00414
23	0.06318	0.00794	0.00881	0.00788	0.01004	0.00847	0.00610	0.13689	0.25382	0.09069	0.11902	0.17692	0.07447	0.00829	0.00492	0.00155	0.00341	0.00703	0.00458	0.00598
24	0.05185	0.00561	0.00661	0.00626	0.00765	0.00545	0.00466	0.05456	0.04372	0.06189	0.34599	0.18229	0.14997	0.04537	0.00602	0.00167	0.00278	0.00847	0.00457	0.00463
25	0.00952	0.00816	0.00952	0.00680	0.01088	0.00612	0.00544	0.01156	0.00952	0.01496	0.00816	0.00952	0.00680	0.00340	0.00340	0.00068	0.00340	0.00272	0.00272	0.86672
26	0.00707	0.00438	0.00569	0.00569	0.00582	0.00451	0.00363	0.00669	0.00656	0.00888	0.01205	0.02302	0.01309	0.44967	0.14679	0.28016	0.00553	0.00554	0.00248	0.00274
27	0.00693	0.00517	0.00610	0.00606	0.00710	0.02686	0.00443	0.02344	0.01162	0.02892	0.43101	0.25125	0.12431	0.01060	0.00540	0.00155	0.00257	0.00933	0.03308	0.00426
28	0.03920	0.00615	0.00746	0.00667	0.00849	0.00585	0.00509	0.04812	0.04539	0.22010	0.17025	0.10065	0.15412	0.10851	0.02933	0.00203	0.00353	0.02931	0.00453	0.00521
29	0.00621	0.00434	0.00557	0.00636	0.00686	0.00414	0.00453	0.00726	0.00906	0.01218	0.04023	0.49547	0.07002	0.11565	0.00794	0.00216	0.00310	0.14531	0.04986	0.00375
30	0.01185	0.01007	0.01062	0.00943	0.01210	0.01162	0.00737	0.07901	0.74641	0.01989	0.01814	0.01670	0.01357	0.00618	0.00467	0.00154	0.00373	0.00512	0.00467	0.00731
31	0.03296	0.01123	0.01248	0.00967	0.01322	0.03335	0.00795	0.47588	0.03738	0.29771	0.01346	0.01262	0.00908	0.00555	0.00456	0.00139	0.00468	0.00427	0.00488	0.00768
32	0.00776	0.00641	0.00908	0.00837	0.00908	0.00763	0.03035	0.03183	0.00815	0.01158	0.04066	0.06829	0.03110	0.15368	0.34143	0.00452	0.19519	0.02788	0.00276	0.00425
33	0.00990	0.00840	0.00900	0.00820	0.01043	0.00937	0.00634	0.01971	0.57953	0.01824	0.14620	0.02318	0.11714	0.00739	0.00488	0.00154	0.00324	0.00624	0.00468	0.00638
34	0.00644	0.00503	0.00644	0.00664	0.00757	0.00522	0.00492	0.00857	0.06795	0.01237	0.06057	0.28161	0.19079	0.01945	0.27462	0.00358	0.02169	0.00867	0.00369	0.00420
35	0.28439	0.00658	0.00566	0.00534	0.00709	0.03161	0.00416	0.01255	0.05083	0.01816	0.01219	0.01376	0.00954	0.00503	0.00320	0.00121	0.00286	0.00371	0.51745	0.00469
36	0.00842	0.00428	0.00433	0.00436	0.00537	0.00427	0.00322	0.01046	0.00952	0.01672	0.01523	0.03880	0.01240	0.03115	0.00390	0.00119	0.00222	0.00458	0.81535	0.00422
37	0.87108	0.00888	0.00675	0.00604	0.00888	0.01030	0.00497	0.01350	0.00781	0.02060	0.00639	0.00746	0.00497	0.00426	0.00284	0.00142	0.00355	0.00249	0.00284	0.00497
38	0.01125	0.21232	0.01893	0.25228	0.24225	0.08207	0.09189	0.01375	0.01007	0.01268	0.00789	0.01049	0.00646	0.00423	0.00423	0.00132	0.00599	0.00373	0.00214	0.00603
39	0.03364	0.00840	0.01274	0.47683	0.09899	0.02769	0.01090	0.01142	0.00920	0.01241	0.03594	0.02699	0.03268	0.04288	0.00675	0.00172	0.10293	0.04039	0.00241	0.00508
40	0.01202	0.05859	0.09339	0.13453	0.15358	0.03385	0.13946	0.19617	0.01287	0.01745	0.03263	0.01165	0.00795	0.00460	0.00453	0.00135	0.00575	0.00415	0.00286	0.07262
41	0.00830	0.00766	0.01129	0.23118	0.17968	0.03439	0.03191	0.01045	0.01012	0.01312	0.07660	0.09172	0.18775	0.01972	0.02940	0.00175	0.00477	0.04203	0.00312	0.00505
42	0.00599	0.00448	0.00557	0.00598	0.00685	0.00410	0.00437	0.00734	0.01039	0.01369	0.22459	0.33203	0.22978	0.03458	0.00616	0.00178	0.00267	0.09129	0.00442	0.00394

[dist]
# distance from previous block
# <min> <max>
0	1

[block]
# block no. 3 follows, 56 sequences, length 33
# corresponding to MSA columns:
# 218-250
name=unknown_D
#
# <colnr> <probs for GDERKNQSTAVLIFYWHMCP>
#	G	D	E	R	K	N	Q	S	T	A	V	L	I	F	Y	W	H	M	C	P
0	0.00824	0.00664	0.00970	0.12990	0.14268	0.00682	0.02404	0.01082	0.07272	0.03605	0.04952	0.25541	0.12127	0.02239	0.00583	0.03047	0.00386	0.02091	0.03776	0.00496
1	0.06047	0.01053	0.02962	0.17142	0.27033	0.03997	0.05277	0.02539	0.03606	0.05363	0.00873	0.01144	0.00707	0.00572	0.01990	0.00165	0.18265	0.00408	0.00249	0.00609
2	0.01043	0.01069	0.01400	0.01204	0.01217	0.05828	0.00998	0.01145	0.00736	0.01106	0.00609	0.00995	0.00602	0.00785	0.01447	0.00196	0.78517	0.00396	0.00203	0.00504
3	0.00615	0.00427	0.00551	0.00621	0.00675	0.00396	0.00427	0.00710	0.00929	0.03239	0.08444	0.60710	0.10115	0.06521	0.00687	0.00196	0.00279	0.03647	0.00426	0.00385
4	0.08597	0.00739	0.00873	0.00740	0.01000	0.00691	0.00587	0.09242	0.03165	0.18903	0.08758	0.15796	0.02851	0.00745	0.00461	0.00138	0.00350	0.06036	0.00421	0.19905
5	0.00867	0.00816	0.01377	0.82762	0.03162	0.01020	0.01275	0.01173	0.00918	0.01173	0.00816	0.01224	0.00612	0.00459	0.00459	0.00153	0.00612	0.00408	0.00204	0.00510
6	0.00622	0.00437	0.00550	0.00603	0.00672	0.00400	0.00419	0.00726	0.00965	0.03527	0.12632	0.50520	0.16524	0.06384	0.00679	0.00191	0.00273	0.03057	0.00431	0.00390
7	0.17525	0.00642	0.00752	0.00662	0.00877	0.00616	0.00518	0.01383	0.01118	0.28686	0.20095	0.14352	0.06748	0.00792	0.00466	0.00149	0.00310	0.00662	0.03095	0.00551
8	0.00619	0.00483	0.00550	0.00555	0.00666	0.00446	0.00398	0.00811	0.05757	0.01374	0.21618	0.18244	0.36149	0.09375	0.00725	0.00187	0.00264	0.00941	0.00432	0.00405
9	0.02048	0.00800	0.01077	0.00826	0.01181	0.00702	0.00682	0.05041	0.01345	0.78472	0.01785	0.01546	0.01124	0.00568	0.00462	0.00142	0.00395	0.00460	0.00564	0.00781
10	0.01164	0.00997	0.01051	0.00939	0.01202	0.01152	0.00732	0.05287	0.77289	0.01956	0.01840	0.01690	0.01378	0.00620	0.00467	0.00155	0.00369	0.00515	0.00467	0.00729
11	0.07068	0.00513	0.00585	0.00563	0.00649	0.00502	0.00378	0.00905	0.01953	0.07922	0.13614	0.11613	0.07607	0.41256	0.01390	0.00295	0.00361	0.00729	0.01714	0.00386
12	0.01161	0.00636	0.00722	0.00639	0.00779	0.03779	0.00449	0.01281	0.03579	0.26020	0.01693	0.04124	0.04481	0.42708	0.01406	0.00294	0.00417	0.00597	0.04765	0.00474
13	0.00797	0.00399	0.00598	0.00598	0.00598	0.00399	0.00399	0.00598	0.00598	0.00797	0.00797	0.01396	0.00797	0.01595	0.01794	0.86643	0.00399	0.00399	0.00199	0.00199
14	0.00647	0.00448	0.00596	0.00624	0.00669	0.00462	0.00435	0.00709	0.00768	0.01038	0.01797	0.21404	0.06609	0.24137	0.25975	0.09049	0.00624	0.03358	0.00309	0.00344
15	0.02321	0.00539	0.00637	0.00621	0.00712	0.00535	0.00431	0.02959	0.05917	0.08728	0.05573	0.16790	0.05834	0.37792	0.01329	0.00290	0.00377	0.06035	0.02168	0.00412
16	0.00834	0.00433	0.00628	0.00616	0.00630	0.00438	0.00417	0.03613	0.00658	0.00878	0.00809	0.01384	0.00797	0.01555	0.01743	0.83337	0.00403	0.00399	0.00209	0.00222
17	0.01021	0.00870	0.00930	0.00851	0.01081	0.00978	0.00662	0.02060	0.62052	0.01819	0.08700	0.02281	0.10255	0.00732	0.00488	0.00157	0.00339	0.03606	0.00464	0.00654
18	0.01250	0.01244	0.01476	0.10199	0.25956	0.15807	0.04996	0.07290	0.22538	0.01598	0.01122	0.01252	0.00876	0.00511	0.00476	0.01458	0.00561	0.00425	0.00308	0.00659
19	0.00830	0.00512	0.00638	0.00645	0.00753	0.00482	0.00460	0.01009	0.06095	0.12679	0.07805	0.41089	0.12188	0.10592	0.00753	0.00201	0.00305	0.02078	0.00438	0.00450
20	0.00667	0.00446	0.00508	0.00508	0.00510	0.00449	0.00287	0.00672	0.00670	0.00895	0.01440	0.02968	0.01653	0.81443	0.04738	0.00454	0.00469	0.00662	0.00277	0.00282
21	0.01424	0.01688	0.01222	0.05040	0.01383	0.53820	0.02659	0.04374	0.01223	0.01244	0.06156	0.04271	0.04136	0.00648	0.01643	0.01553	0.06308	0.00421	0.00272	0.00515
22	0.00664	0.00501	0.00686	0.00679	0.00760	0.00545	0.00518	0.00812	0.00870	0.01210	0.15015	0.02642	0.09278	0.12711	0.42885	0.00496	0.03843	0.05167	0.00319	0.00399
23	0.00577	0.00465	0.00507	0.00497	0.00633	0.00402	0.00369	0.00716	0.01101	0.01391	0.25391	0.04091	0.56698	0.04389	0.00614	0.00164	0.00237	0.00919	0.00442	0.00396
24	0.00921	0.02375	0.81487	0.01309	0.01987	0.01066	0.01696	0.01454	0.00969	0.01454	0.00824	0.00969	0.00582	0.00436	0.00436	0.00145	0.00678	0.00339	0.00194	0.00678
25	0.01417	0.01224	0.01165	0.04123	0.01337	0.16863	0.00806	0.15364	0.33620	0.10085	0.01409	0.01438	0.01064	0.00659	0.02558	0.00161	0.03800	0.01831	0.00404	0.00673
26	0.01383	0.01370	0.01157	0.01070	0.05388	0.29727	0.00789	0.20531	0.07519	0.03326	0.02781	0.04152	0.10277	0.02240	0.03766	0.00167	0.02931	0.00488	0.00348	0.00589
27	0.00659	0.00490	0.00706	0.00708	0.00775	0.00561	0.00533	0.00794	0.00735	0.01048	0.01317	0.06288	0.01310	0.14387	0.65259	0.00658	0.02564	0.00558	0.00259	0.00391
28	0.87108	0.00888	0.00675	0.00604	0.00888	0.01030	0.00497	0.01350	0.00781	0.02060	0.00639	0.00746	0.00497	0.00426	0.00284	0.00142	0.00355	0.00249	0.00284	0.00497
29	0.00892	0.00837	0.01404	0.66789	0.14326	0.00998	0.01248	0.01187	0.00952	0.01244	0.03564	0.01348	0.02342	0.00482	0.00463	0.00150	0.00582	0.00433	0.00222	0.00537
30	0.00856	0.00428	0.00428	0.00428	0.00535	0.00428	0.00321	0.01070	0.00963	0.01712	0.01498	0.01712	0.01177	0.00535	0.00321	0.00107	0.00214	0.00428	0.86414	0.00428
31	0.03831	0.01217	0.01027	0.00938	0.01137	0.26925	0.02357	0.11338	0.12887	0.03266	0.05242	0.24695	0.01618	0.00801	0.00482	0.00149	0.00505	0.00663	0.00374	0.00548
32	0.08422	0.01134	0.00994	0.00872	0.01094	0.22806	0.03155	0.10490	0.04673	0.08157	0.13304	0.06554	0.10053	0.04019	0.00542	0.00154	0.00484	0.02175	0.00380	0.00538

[dist]
# distance from previous block
# <min> <max>
0	3

[block]
# block no. 4 follows, 56 sequences, length 62
# corresponding to MSA columns:
# 254-257,265-322
name=unknown_E
#
# <colnr> <probs for GDERKNQSTAVLIFYWHMCP>
#	G	D	E	R	K	N	Q	S	T	A	V	L	I	F	Y	W	H	M	C	P
0	0.01039	0.02966	0.05450	0.16033	0.27070	0.04946	0.01020	0.04686	0.01987	0.04825	0.05027	0.04812	0.11817	0.00598	0.00463	0.00139	0.00486	0.00520	0.00298	0.05817
1	0.18468	0.03018	0.01496	0.08591	0.09049	0.04030	0.18769	0.12441	0.04413	0.03262	0.01184	0.04885	0.04373	0.00549	0.00465	0.00148	0.01654	0.02301	0.00308	0.00594
2	0.00629	0.00482	0.02335	0.00630	0.00679	0.00459	0.00442	0.00716	0.00794	0.01078	0.02961	0.33470	0.03423	0.29320	0.18031	0.00386	0.00537	0.02935	0.00335	0.00358
3	0.03350	0.11948	0.04667	0.01409	0.01779	0.11468	0.36936	0.07634	0.03103	0.03918	0.00963	0.03541	0.00787	0.02517	0.00557	0.00150	0.03935	0.00465	0.00268	0.00603
4	0.01378	0.03741	0.01191	0.02901	0.01293	0.07139	0.00777	0.28219	0.35047	0.04792	0.06333	0.01518	0.01264	0.01718	0.00485	0.00148	0.00448	0.00475	0.00436	0.00699
5	0.01130	0.01084	0.01851	0.04808	0.79064	0.01089	0.01406	0.01403	0.01042	0.01492	0.00862	0.01138	0.00724	0.00410	0.00455	0.00137	0.00547	0.00409	0.00227	0.00722
6	0.08751	0.00982	0.02415	0.02317	0.03537	0.01016	0.02791	0.26268	0.15559	0.11405	0.06790	0.01695	0.07467	0.02683	0.00501	0.00149	0.00417	0.00497	0.00425	0.04333
7	0.03886	0.03241	0.02566	0.02637	0.22520	0.04181	0.01975	0.16854	0.15667	0.09097	0.05768	0.01519	0.01153	0.00564	0.00480	0.00144	0.02154	0.03404	0.00371	0.01820
8	0.00856	0.00428	0.00428	0.00428	0.00535	0.00428	0.00321	0.01070	0.00963	0.01712	0.01498	0.01712	0.01177	0.00535	0.00321	0.00107	0.00214	0.00428	0.86414	0.00428
9	0.00559	0.00401	0.00531	0.00634	0.00665	0.00373	0.00424	0.00640	0.00884	0.01174	0.02589	0.81388	0.05177	0.01431	0.00585	0.00186	0.00265	0.01296	0.00426	0.00373
10	0.06072	0.01099	0.01965	0.07513	0.29224	0.01100	0.30255	0.07902	0.01139	0.04801	0.00986	0.01317	0.00784	0.00454	0.00485	0.00148	0.00610	0.03222	0.00271	0.00655
11	0.05452	0.01076	0.01243	0.04058	0.12631	0.10791	0.00848	0.14533	0.01358	0.38831	0.01324	0.01297	0.00908	0.00605	0.02820	0.00155	0.00515	0.00416	0.00427	0.00710
12	0.87108	0.00888	0.00675	0.00604	0.00888	0.01030	0.00497	0.01350	0.00781	0.02060	0.00639	0.00746	0.00497	0.00426	0.00284	0.00142	0.00355	0.00249	0.00284	0.00497
13	0.02909	0.00941	0.01332	0.09086	0.12623	0.03129	0.02886	0.04873	0.00887	0.03598	0.00860	0.01285	0.00779	0.06307	0.10827	0.00258	0.36215	0.00431	0.00242	0.00534
14	0.00690	0.00498	0.00614	0.00621	0.00651	0.00525	0.00416	0.02436	0.00789	0.01066	0.03264	0.19053	0.03526	0.46621	0.08245	0.00372	0.05588	0.04361	0.00319	0.00345
15	0.00797	0.00399	0.00598	0.00598	0.00598	0.00399	0.00399	0.00598	0.00598	0.00797	0.00797	0.01396	0.00797	0.01595	0.01794	0.86643	0.00399	0.00399	0.00199	0.00199
16	0.01525	0.01570	0.01563	0.03658	0.03034	0.31862	0.13738	0.27616	0.01491	0.01777	0.00888	0.01035	0.00688	0.00566	0.02292	0.00150	0.05222	0.00391	0.00307	0.00628
17	0.66020	0.00975	0.00836	0.00711	0.01012	0.01117	0.00585	0.17876	0.03910	0.02231	0.00781	0.00856	0.00589	0.00460	0.00328	0.00142	0.00387	0.00293	0.00328	0.00565
18	0.00632	0.00437	0.00514	0.00537	0.00561	0.00423	0.00329	0.00673	0.00784	0.01042	0.06995	0.22920	0.07153	0.53095	0.01679	0.00344	0.00373	0.00854	0.00338	0.00318
19	0.01227	0.84142	0.02406	0.00786	0.01178	0.01817	0.00786	0.01375	0.00933	0.01080	0.00638	0.00736	0.00589	0.00393	0.00295	0.00098	0.00491	0.00245	0.00196	0.00589
20	0.00564	0.00465	0.00497	0.00512	0.00644	0.00404	0.00375	0.00704	0.02746	0.01273	0.07988	0.18483	0.61369	0.01189	0.00549	0.00160	0.00241	0.01012	0.00431	0.00395
21	0.01745	0.01286	0.01378	0.01056	0.01424	0.01424	0.00873	0.79471	0.02159	0.02893	0.01102	0.01102	0.00781	0.00551	0.00459	0.00138	0.00505	0.00413	0.00459	0.00781
22	0.87108	0.00888	0.00675	0.00604	0.00888	0.01030	0.00497	0.01350	0.00781	0.02060	0.00639	0.00746	0.00497	0.00426	0.00284	0.00142	0.00355	0.00249	0.00284	0.00497
23	0.01004	0.01004	0.01406	0.01205	0.01205	0.01406	0.01004	0.01105	0.00703	0.01105	0.00603	0.01004	0.00603	0.00804	0.01507	0.00201	0.83025	0.00402	0.00201	0.00502
24	0.01355	0.00744	0.00859	0.00729	0.00970	0.00757	0.00579	0.08668	0.19584	0.26127	0.06584	0.01720	0.01378	0.00592	0.00424	0.00134	0.00328	0.00483	0.27349	0.00636
25	0.00668	0.00445	0.00501	0.00501	0.00501	0.00445	0.00278	0.00668	0.00668	0.00890	0.01447	0.03004	0.01669	0.83866	0.02337	0.00445	0.00445	0.00668	0.00278	0.00278
26	0.00543	0.00463	0.00467	0.00471	0.00622	0.00387	0.00352	0.00658	0.01041	0.01238	0.04576	0.07205	0.78077	0.01172	0.00544	0.00156	0.00234	0.00981	0.00426	0.00387
27	0.00558	0.00404	0.00528	0.00627	0.00663	0.00374	0.00421	0.00641	0.00890	0.01177	0.02676	0.78140	0.08369	0.01419	0.00583	0.00184	0.00264	0.01282	0.00426	0.00374
28	0.00553	0.00464	0.00483	0.00490	0.00635	0.00393	0.00368	0.00674	0.01048	0.01264	0.07479	0.08661	0.71353	0.01172	0.00548	0.00158	0.00239	0.03201	0.00429	0.00390
29	0.00689	0.00541	0.00802	0.00783	0.00857	0.00654	0.00615	0.00847	0.00734	0.01070	0.01169	0.01726	0.01095	0.03188	0.74271	0.00686	0.09127	0.00483	0.00242	0.00419
30	0.15448	0.01222	0.01265	0.00984	0.01338	0.01360	0.00812	0.66930	0.01937	0.02760	0.01028	0.01045	0.00735	0.00531	0.00431	0.00138	0.00481	0.00387	0.00431	0.00735
31	0.01598	0.01213	0.01278	0.01010	0.01343	0.03082	0.00823	0.62124	0.13213	0.02650	0.04059	0.01281	0.01001	0.00573	0.00459	0.00139	0.00475	0.00441	0.02490	0.00747
32	0.00559	0.00400	0.00533	0.00639	0.00666	0.00373	0.00426	0.00639	0.00879	0.01172	0.02530	0.83566	0.03036	0.01438	0.00586	0.00186	0.00266	0.01305	0.00426	0.00373
33	0.00617	0.00464	0.00554	0.00544	0.00658	0.00418	0.00403	0.00783	0.01151	0.01548	0.44046	0.07818	0.29469	0.04842	0.00624	0.00165	0.00240	0.02912	0.02335	0.00407
34	0.00579	0.00416	0.00548	0.00645	0.00685	0.00391	0.00447	0.00671	0.00896	0.01184	0.02584	0.69474	0.06695	0.04355	0.00651	0.00197	0.00286	0.08500	0.00421	0.00375
35	0.01003	0.00586	0.00677	0.00602	0.00815	0.00515	0.00476	0.04537	0.01172	0.22274	0.05647	0.03532	0.51210	0.00979	0.00522	0.00153	0.00293	0.04029	0.00467	0.00510
36	0.00921	0.02375	0.81487	0.01309	0.01987	0.01066	0.01696	0.01454	0.00969	0.01454	0.00824	0.00969	0.00582	0.00436	0.00436	0.00145	0.00678	0.00339	0.00194	0.00678
37	0.00921	0.02375	0.81487	0.01309	0.01987	0.01066	0.01696	0.01454	0.00969	0.01454	0.00824	0.00969	0.00582	0.00436	0.00436	0.00145	0.00678	0.00339	0.00194	0.00678
38	0.26564	0.00794	0.00854	0.00709	0.00993	0.00813	0.00576	0.05636	0.07946	0.33608	0.01385	0.01340	0.00962	0.00525	0.00386	0.00137	0.00353	0.00396	0.15392	0.00632
39	0.01100	0.00894	0.01329	0.49572	0.07635	0.01047	0.01105	0.15842	0.01166	0.05529	0.00963	0.01254	0.00724	0.00635	0.04505	0.00177	0.02171	0.00416	0.03355	0.00580
40	0.01385	0.00902	0.01032	0.00816	0.01119	0.00902	0.00659	0.29583	0.06097	0.15871	0.13493	0.01603	0.01442	0.00581	0.00441	0.00126	0.00380	0.00469	0.08021	0.15079
41	0.00573	0.00453	0.00514	0.00547	0.00658	0.00400	0.00402	0.00689	0.01003	0.01251	0.07664	0.24430	0.47798	0.04402	0.00630	0.00178	0.00264	0.07335	0.00424	0.00385
42	0.00845	0.00866	0.02356	0.00732	0.00896	0.16133	0.02469	0.01044	0.03929	0.01409	0.23795	0.12451	0.27408	0.00952	0.00520	0.00150	0.00378	0.02812	0.00403	0.00450
43	0.50875	0.01148	0.00921	0.02393	0.08264	0.17984	0.00669	0.03125	0.00962	0.01786	0.00759	0.00895	0.00602	0.00447	0.00337	0.00134	0.00468	0.00294	0.07413	0.00526
44	0.00797	0.00399	0.00598	0.00598	0.00598	0.00399	0.00399	0.00598	0.00598	0.00797	0.00797	0.01396	0.00797	0.01595	0.01794	0.86643	0.00399	0.00399	0.00199	0.00199
45	0.01004	0.18863	0.63405	0.01196	0.01809	0.01227	0.01491	0.03490	0.00993	0.01416	0.00794	0.00926	0.00588	0.00430	0.00408	0.00136	0.00636	0.00322	0.00201	0.00663
46	0.38931	0.01067	0.01059	0.09070	0.08606	0.07061	0.00776	0.13372	0.11475	0.03190	0.00932	0.01028	0.00708	0.00478	0.00380	0.00142	0.00457	0.00346	0.00322	0.00600
47	0.00543	0.00465	0.00465	0.00465	0.00620	0.00388	0.00349	0.00659	0.01046	0.01240	0.04651	0.04418	0.80815	0.01163	0.00543	0.00155	0.00233	0.00969	0.00426	0.00388
48	0.01215	0.01073	0.01663	0.14164	0.53475	0.03011	0.01265	0.08348	0.03931	0.05983	0.00962	0.01183	0.00758	0.00447	0.00455	0.00139	0.00543	0.00413	0.00272	0.00698
49	0.01142	0.56217	0.27436	0.00961	0.01440	0.03552	0.01077	0.01411	0.00953	0.01200	0.00699	0.00812	0.00587	0.00409	0.00342	0.00114	0.00559	0.00276	0.00197	0.00616
50	0.00757	0.00627	0.00817	0.00803	0.00850	0.02009	0.00609	0.02786	0.00852	0.01185	0.01735	0.33497	0.03931	0.07906	0.12727	0.00286	0.21139	0.04473	0.02591	0.00420
51	0.00561	0.00447	0.00503	0.00529	0.00642	0.00389	0.00382	0.00680	0.01031	0.01297	0.13739	0.26843	0.48915	0.01213	0.00555	0.00163	0.00240	0.01047	0.00436	0.00389
52	0.00839	0.00741	0.01197	0.55429	0.04749	0.00879	0.01108	0.01131	0.02345	0.01249	0.01303	0.04230	0.01223	0.00697	0.00508	0.00169	0.00548	0.20890	0.00272	0.00494
53	0.01146	0.15811	0.05741	0.15138	0.07383	0.24505	0.02302	0.01336	0.01045	0.01198	0.02472	0.13400	0.03368	0.00628	0.00466	0.00138	0.02631	0.00503	0.00258	0.00532
54	0.00921	0.02375	0.81487	0.01309	0.01987	0.01066	0.01696	0.01454	0.00969	0.01454	0.00824	0.00969	0.00582	0.00436	0.00436	0.00145	0.00678	0.00339	0.00194	0.00678
55	0.00981	0.04639	0.56568	0.04493	0.06434	0.06063	0.01442	0.03639	0.01023	0.01432	0.01053	0.05529	0.03682	0.00520	0.00445	0.00144	0.00628	0.00417	0.00228	0.00639
56	0.00898	0.00845	0.01190	0.01050	0.01071	0.01145	0.00858	0.01010	0.00710	0.01084	0.00805	0.01310	0.00796	0.05694	0.22072	0.00350	0.57989	0.00438	0.00216	0.00467
57	0.01557	0.06781	0.01252	0.00978	0.01258	0.25678	0.00779	0.20043	0.09776	0.14844	0.01334	0.01366	0.05060	0.02453	0.02507	0.00156	0.02741	0.00422	0.00376	0.00639
58	0.00866	0.00807	0.01360	0.81012	0.03107	0.01007	0.01256	0.01161	0.00911	0.01165	0.00816	0.01228	0.00616	0.00483	0.00487	0.01996	0.00607	0.00408	0.00204	0.00503
59	0.01366	0.01139	0.03512	0.03522	0.09842	0.09004	0.00858	0.26090	0.14454	0.08528	0.05522	0.01724	0.05220	0.00622	0.00469	0.00144	0.00477	0.04392	0.02448	0.00667
60	0.01060	0.00933	0.01034	0.03740	0.02218	0.07851	0.05092	0.11325	0.23876	0.02882	0.18528	0.04793	0.13232	0.00747	0.00495	0.00148	0.00403	0.00636	0.00423	0.00583
61	0.05026	0.09407	0.10312	0.05614	0.09307	0.08278	0.09714	0.15682	0.01233	0.04345	0.00925	0.01130	0.00730	0.00459	0.00423	0.00127	0.00553	0.02294	0.00289	0.14152

[dist]
# distance from previous block
# <min> <max>
2	5

[block]
# block no. 5 follows, 56 sequences, length 14
# corresponding to MSA columns:
# 330-343
name=unknown_F
#
# <colnr> <probs for GDERKNQSTAVLIFYWHMCP>
#	G	D	E	R	K	N	Q	S	T	A	V	L	I	F	Y	W	H	M	C	P
0	0.06707	0.01177	0.01233	0.06829	0.03238	0.07751	0.00837	0.39985	0.11378	0.05293	0.01197	0.01245	0.02551	0.00630	0.02764	0.00156	0.02436	0.00417	0.00393	0.03783
1	0.01283	0.01032	0.01108	0.02089	0.03714	0.04909	0.00756	0.23256	0.30999	0.05604	0.04577	0.03882	0.05058	0.01946	0.00522	0.00152	0.02202	0.02467	0.00429	0.04016
2	0.21533	0.01662	0.01160	0.03329	0.01338	0.45354	0.00799	0.13888	0.04143	0.01649	0.00800	0.00895	0.00629	0.00479	0.00394	0.00129	0.00645	0.00314	0.00290	0.00569
3	0.00926	0.00797	0.00992	0.00736	0.01098	0.00641	0.03612	0.01132	0.00960	0.01481	0.03707	0.01243	0.02641	0.00493	0.02398	0.00100	0.02962	0.01787	0.02097	0.70198
4	0.00559	0.00400	0.00533	0.00639	0.00666	0.00373	0.00426	0.00639	0.00879	0.01172	0.02530	0.83566	0.03036	0.01438	0.00586	0.00186	0.00266	0.01305	0.00426	0.00373
5	0.00953	0.00903	0.01532	0.57360	0.27895	0.01042	0.01318	0.01248	0.00958	0.01277	0.00831	0.01196	0.00649	0.00443	0.00458	0.00148	0.00591	0.00408	0.00211	0.00579
6	0.07416	0.01688	0.02929	0.01046	0.01289	0.49069	0.00812	0.06048	0.10360	0.04511	0.03193	0.01147	0.00866	0.03662	0.02028	0.00153	0.02553	0.00367	0.00299	0.00564
7	0.00558	0.00406	0.00526	0.00621	0.00661	0.00374	0.00418	0.00641	0.00896	0.01179	0.02747	0.75482	0.10981	0.01410	0.00582	0.00183	0.00263	0.01271	0.00426	0.00374
8	0.01544	0.03291	0.04110	0.01157	0.06804	0.12466	0.00898	0.42933	0.12733	0.03793	0.01119	0.01141	0.00829	0.00523	0.00444	0.00134	0.00528	0.00399	0.00392	0.04764
9	0.01226	0.24375	0.21325	0.00963	0.01368	0.10339	0.00968	0.04520	0.07524	0.08577	0.03562	0.01281	0.02218	0.01898	0.00436	0.00131	0.00532	0.02319	0.00291	0.06145
10	0.02932	0.17027	0.23438	0.05261	0.08694	0.07678	0.01089	0.09125	0.09321	0.03360	0.04474	0.01255	0.03418	0.00507	0.00421	0.00134	0.00544	0.00396	0.00286	0.00640
11	0.01056	0.33247	0.42570	0.01181	0.01727	0.01361	0.10156	0.01426	0.00968	0.01314	0.00765	0.00912	0.00597	0.00414	0.00394	0.00129	0.00618	0.00327	0.00199	0.00638
12	0.00625	0.00438	0.00549	0.00609	0.00644	0.00423	0.00413	0.00699	0.00844	0.01117	0.04091	0.38427	0.05672	0.31180	0.01223	0.00281	0.00350	0.11692	0.00374	0.00348
13	0.02433	0.11886	0.18842	0.10473	0.13070	0.07945	0.04628	0.14266	0.03296	0.05428	0.00960	0.03058	0.00752	0.00484	0.00434	0.00137	0.00580	0.00395	0.00281	0.00654

[dist]
# distance from previous block
# <min> <max>
0	1

[block]
# block no. 6 follows, 56 sequences, length 66
# corresponding to MSA columns:
# 345-410
name=unknown_G
#
# <colnr> <probs for GDERKNQSTAVLIFYWHMCP>
#	G	D	E	R	K	N	Q	S	T	A	V	L	I	F	Y	W	H	M	C	P
0	0.01048	0.00953	0.04052	0.03246	0.08996	0.09901	0.03961	0.07271	0.04380	0.06104	0.07744	0.02200	0.09829	0.24184	0.01041	0.00229	0.03452	0.00572	0.00331	0.00506
1	0.00564	0.00405	0.00535	0.00631	0.00666	0.00377	0.00424	0.00652	0.00907	0.01211	0.06878	0.76745	0.05500	0.01402	0.00582	0.00183	0.00263	0.01269	0.00431	0.00377
2	0.01173	0.01123	0.01893	0.04111	0.61669	0.03551	0.11126	0.01468	0.02454	0.04350	0.00914	0.01165	0.00742	0.00425	0.00481	0.00140	0.01845	0.00426	0.00244	0.00702
3	0.01014	0.01161	0.14190	0.03182	0.19571	0.09121	0.03024	0.03363	0.02090	0.03785	0.04766	0.03617	0.02335	0.17954	0.06508	0.00247	0.00593	0.02654	0.00279	0.00546
4	0.01505	0.00976	0.01045	0.00877	0.01135	0.08707	0.00690	0.23542	0.05069	0.26242	0.02576	0.13051	0.01331	0.04735	0.06156	0.00200	0.00504	0.00570	0.00444	0.00644
5	0.00734	0.00604	0.00876	0.00832	0.00892	0.00753	0.00657	0.00877	0.00727	0.01067	0.01099	0.01676	0.01049	0.06240	0.60793	0.00606	0.19375	0.00479	0.00237	0.00425
6	0.03428	0.10955	0.24863	0.05285	0.15112	0.04599	0.05575	0.02869	0.07444	0.01455	0.00909	0.01084	0.00717	0.00561	0.03520	0.01181	0.00589	0.00366	0.00244	0.09244
7	0.03665	0.03543	0.02362	0.13765	0.36391	0.04463	0.01096	0.01599	0.07191	0.16427	0.02190	0.01350	0.02949	0.00492	0.00449	0.00140	0.00506	0.00432	0.00316	0.00673
8	0.00619	0.00439	0.00578	0.00630	0.00665	0.00444	0.00430	0.00703	0.00803	0.01089	0.03128	0.38853	0.02249	0.24895	0.18695	0.00378	0.00530	0.04167	0.00347	0.00357
9	0.01174	0.01002	0.01056	0.00941	0.01206	0.01157	0.00734	0.06540	0.76019	0.01972	0.01828	0.01680	0.01368	0.00619	0.00467	0.00155	0.00371	0.00513	0.00467	0.00730
10	0.00944	0.00807	0.00943	0.00677	0.01077	0.00607	0.00541	0.01148	0.00961	0.01505	0.02975	0.01019	0.00779	0.00356	0.00345	0.00070	0.00337	0.00287	0.00278	0.84343
11	0.00669	0.00505	0.00698	0.00694	0.00781	0.00563	0.00525	0.00866	0.04457	0.01138	0.05084	0.03992	0.07354	0.10967	0.58859	0.00600	0.00971	0.00579	0.00288	0.00410
12	0.00570	0.00449	0.00515	0.00535	0.00646	0.00393	0.00387	0.00698	0.01056	0.01351	0.20416	0.25195	0.43782	0.01188	0.00554	0.00161	0.00238	0.01028	0.00443	0.00393
