[name]
unknown

[dist]
# distance from previous block
# <min> <max>
5	103

[block]
# block no. 0 follows, 54 sequences, length 19
# corresponding to MSA columns:
# 136-154
name=unknown_A
#
# <colnr> <probs for GDERKNQSTAVLIFYWHMCP>
#	G	D	E	R	K	N	Q	S	T	A	V	L	I	F	Y	W	H	M	C	P
0	0.04814	0.09074	0.06632	0.02690	0.03939	0.02194	0.13882	0.12991	0.03389	0.07482	0.04508	0.03644	0.01979	0.00614	0.02950	0.00152	0.02421	0.00451	0.00328	0.15865
1	0.00973	0.00906	0.05995	0.09125	0.12996	0.06510	0.04571	0.01170	0.01030	0.07809	0.05001	0.29843	0.03813	0.03867	0.01717	0.00179	0.00473	0.00777	0.00350	0.02895
2	0.00784	0.00717	0.05332	0.11942	0.04031	0.00648	0.00687	0.06166	0.01102	0.01486	0.17139	0.21336	0.13664	0.06214	0.02888	0.00193	0.00400	0.00811	0.00382	0.04077
3	0.04785	0.04854	0.21089	0.02834	0.17973	0.06096	0.08551	0.03550	0.02221	0.04534	0.02044	0.04369	0.00904	0.00925	0.11585	0.00230	0.02112	0.00450	0.00264	0.00629
4	0.03944	0.06685	0.14370	0.09060	0.27540	0.03403	0.08237	0.03665	0.01115	0.13617	0.01028	0.01191	0.00767	0.00461	0.00452	0.00142	0.00573	0.00410	0.02650	0.00688
5	0.00788	0.02638	0.02990	0.00755	0.00862	0.06465	0.00583	0.00951	0.02883	0.01295	0.14490	0.21814	0.07887	0.06479	0.16507	0.02680	0.06911	0.00775	0.01812	0.00436
6	0.01090	0.05089	0.11400	0.23403	0.20032	0.01114	0.05234	0.03479	0.02536	0.06162	0.00990	0.04134	0.00813	0.00629	0.03036	0.00173	0.09352	0.00450	0.00259	0.00625
7	0.05086	0.28694	0.14879	0.01157	0.04714	0.11392	0.08537	0.05282	0.01075	0.01411	0.00784	0.00944	0.00645	0.00499	0.01900	0.00136	0.03909	0.00333	0.00237	0.08385
8	0.01116	0.01094	0.03061	0.08277	0.57259	0.03508	0.01295	0.02717	0.03082	0.01492	0.01038	0.07978	0.00941	0.00542	0.00529	0.00149	0.04489	0.00494	0.00257	0.00683
9	0.00575	0.00452	0.00520	0.00560	0.00662	0.00397	0.00398	0.00690	0.01033	0.01308	0.11529	0.35413	0.42223	0.01282	0.00575	0.00171	0.00251	0.01117	0.00446	0.00397
10	0.00664	0.00525	0.00646	0.03096	0.03212	0.00505	0.00494	0.02064	0.06323	0.01349	0.07701	0.40628	0.26516	0.03260	0.00612	0.00180	0.00294	0.01065	0.00429	0.00435
11	0.00676	0.00489	0.00695	0.00699	0.00762	0.00549	0.00516	0.00796	0.00745	0.01054	0.01353	0.05507	0.01361	0.19872	0.59676	0.02993	0.01032	0.00575	0.00266	0.00386
12	0.01587	0.01532	0.01176	0.01005	0.01268	0.35534	0.00783	0.29551	0.01581	0.01938	0.01045	0.01143	0.00804	0.00528	0.00422	0.00126	0.00598	0.00376	0.18387	0.00616
13	0.04492	0.18280	0.06752	0.01029	0.01415	0.06186	0.00912	0.46396	0.06299	0.02300	0.01022	0.01054	0.00764	0.00520	0.00427	0.00134	0.00533	0.00378	0.00380	0.00727
14	0.00718	0.00571	0.00813	0.00851	0.05478	0.00630	0.00607	0.00883	0.00925	0.01306	0.18487	0.06913	0.07578	0.05945	0.38736	0.00456	0.07673	0.00657	0.00330	0.00443
15	0.00615	0.00457	0.00574	0.00641	0.00707	0.00431	0.00446	0.00772	0.04364	0.01321	0.11357	0.56875	0.13577	0.02967	0.00622	0.00187	0.00275	0.02963	0.00445	0.00407
16	0.01120	0.15999	0.45369	0.01242	0.01770	0.09613	0.06267	0.03320	0.04437	0.01433	0.00885	0.02426	0.00693	0.00481	0.00465	0.00141	0.03084	0.00369	0.00229	0.00655
17	0.04171	0.06162	0.07571	0.07873	0.08682	0.06904	0.06438	0.06903	0.03457	0.04082	0.05486	0.06887	0.01148	0.03094	0.07260	0.00207	0.08608	0.00499	0.00298	0.04272
18	0.03468	0.05558	0.17965	0.03960	0.13898	0.06038	0.16381	0.03545	0.05945	0.01482	0.01115	0.05663	0.02907	0.00639	0.02794	0.00170	0.07094	0.00485	0.00264	0.00628

[dist]
# distance from previous block
# <min> <max>
0	4

[block]
# block no. 1 follows, 54 sequences, length 8
# corresponding to MSA columns:
# 159-166
name=unknown_B
#
# <colnr> <probs for GDERKNQSTAVLIFYWHMCP>
#	G	D	E	R	K	N	Q	S	T	A	V	L	I	F	Y	W	H	M	C	P
0	0.43667	0.03366	0.09539	0.02983	0.06477	0.08125	0.00832	0.08956	0.03339	0.01908	0.02623	0.00976	0.00700	0.00490	0.00423	0.00146	0.04241	0.00330	0.00294	0.00586
1	0.00768	0.00611	0.00914	0.04410	0.03929	0.00684	0.03556	0.00901	0.00793	0.01117	0.01289	0.02036	0.03163	0.14396	0.40601	0.06652	0.07632	0.03387	0.00259	0.02899
2	0.04478	0.00882	0.03266	0.08105	0.14767	0.04364	0.07402	0.01247	0.04254	0.05213	0.01460	0.12616	0.02820	0.07324	0.08018	0.00237	0.03448	0.05321	0.04238	0.00541
3	0.01143	0.04306	0.07425	0.09682	0.28581	0.06810	0.17037	0.01481	0.04348	0.04420	0.02592	0.05253	0.01000	0.00533	0.00491	0.00150	0.00605	0.03222	0.00275	0.00648
4	0.03520	0.01056	0.01405	0.25935	0.12389	0.11728	0.08383	0.03002	0.04710	0.01386	0.04677	0.06551	0.01083	0.02438	0.06776	0.00205	0.03418	0.00507	0.00274	0.00558
5	0.00965	0.00838	0.01225	0.19422	0.22836	0.03143	0.00959	0.01209	0.03709	0.04762	0.03223	0.07572	0.09720	0.07599	0.06310	0.00222	0.04850	0.00586	0.00299	0.00552
6	0.01106	0.00936	0.07760	0.04985	0.11322	0.00849	0.02765	0.06726	0.08945	0.12716	0.07859	0.14310	0.07868	0.00809	0.00567	0.00162	0.04437	0.04872	0.00398	0.00607
7	0.06326	0.00841	0.04158	0.04665	0.13624	0.03482	0.04749	0.03365	0.01019	0.05000	0.06646	0.15227	0.10541	0.09843	0.04182	0.01996	0.02799	0.00686	0.00337	0.00513

[dist]
# distance from previous block
# <min> <max>
17	138

[block]
# block no. 2 follows, 54 sequences, length 23
# corresponding to MSA columns:
# 328-350
name=unknown_C
#
# <colnr> <probs for GDERKNQSTAVLIFYWHMCP>
#	G	D	E	R	K	N	Q	S	T	A	V	L	I	F	Y	W	H	M	C	P
0	0.01050	0.06239	0.07986	0.08810	0.13093	0.00967	0.07624	0.09011	0.02294	0.03732	0.01356	0.13520	0.04349	0.00776	0.04170	0.00171	0.02190	0.00565	0.00309	0.11787
1	0.03128	0.05991	0.13199	0.07301	0.14635	0.03556	0.04831	0.01403	0.09001	0.04475	0.11798	0.07594	0.01551	0.02971	0.02091	0.00170	0.00510	0.03317	0.00327	0.02151
2	0.06736	0.15010	0.19606	0.04021	0.05054	0.07485	0.02543	0.07231	0.05181	0.03178	0.03786	0.02870	0.00929	0.02128	0.06030	0.02306	0.02896	0.00407	0.00278	0.02324
3	0.02624	0.12054	0.22298	0.01061	0.03824	0.12572	0.02885	0.04272	0.05298	0.03223	0.02814	0.09591	0.01147	0.10153	0.02094	0.00188	0.00577	0.00501	0.00287	0.02538
4	0.03533	0.13626	0.02800	0.01032	0.10411	0.07322	0.00729	0.06141	0.01089	0.05459	0.04274	0.24443	0.03828	0.05221	0.00578	0.00163	0.00438	0.02826	0.00347	0.05739
5	0.01248	0.04607	0.11806	0.09497	0.10800	0.05773	0.03195	0.20951	0.04330	0.04230	0.02440	0.03679	0.03003	0.00744	0.03130	0.07073	0.02087	0.00458	0.00320	0.00630
6	0.01221	0.06044	0.07754	0.06834	0.16825	0.11034	0.03786	0.12207	0.05476	0.03437	0.01318	0.06179	0.05121	0.00596	0.00465	0.00141	0.00543	0.03250	0.00316	0.07451
7	0.06145	0.05974	0.05564	0.08355	0.03399	0.07748	0.00745	0.05492	0.03875	0.05982	0.22145	0.02197	0.10395	0.03420	0.02210	0.00168	0.03008	0.00579	0.02062	0.00538
8	0.06093	0.00812	0.00975	0.00903	0.07071	0.00756	0.00655	0.02500	0.11232	0.05117	0.04705	0.03178	0.09488	0.00697	0.02710	0.00141	0.02444	0.04831	0.00354	0.35337
9	0.06659	0.07018	0.06988	0.04951	0.15780	0.12109	0.04915	0.08226	0.05551	0.02843	0.01086	0.04612	0.03006	0.00566	0.00530	0.01759	0.05227	0.00434	0.00289	0.07452
10	0.01469	0.09810	0.06950	0.06466	0.10989	0.37610	0.03736	0.08888	0.07009	0.01462	0.00887	0.01021	0.00707	0.00482	0.00435	0.00132	0.00690	0.00359	0.00271	0.00626
11	0.00819	0.00410	0.00614	0.00614	0.00614	0.00410	0.00410	0.00614	0.00614	0.00819	0.00819	0.01433	0.00819	0.01638	0.01843	0.86282	0.00410	0.00410	0.00205	0.00205
12	0.00745	0.00532	0.00742	0.00851	0.00953	0.00530	0.00733	0.00951	0.01070	0.01394	0.02505	0.11711	0.02747	0.01317	0.00647	0.00215	0.00421	0.71072	0.00434	0.00430
13	0.01280	0.03343	0.10300	0.01091	0.03353	0.11530	0.04466	0.16809	0.21533	0.04103	0.10888	0.03073	0.01466	0.01817	0.00510	0.00153	0.00511	0.02719	0.00394	0.00660
14	0.01379	0.61121	0.04444	0.00902	0.01276	0.15105	0.00850	0.01537	0.01039	0.05651	0.00741	0.00833	0.00637	0.00438	0.00366	0.00111	0.02452	0.00280	0.00230	0.00607
15	0.00674	0.00500	0.00732	0.00731	0.00809	0.00572	0.00558	0.00831	0.00776	0.01113	0.04614	0.02025	0.01361	0.10057	0.71574	0.00707	0.01152	0.00535	0.00267	0.00411
16	0.00991	0.14053	0.69767	0.01267	0.01922	0.01205	0.01608	0.01482	0.00990	0.01438	0.00819	0.00961	0.00598	0.00442	0.00427	0.00142	0.00669	0.00335	0.00199	0.00684
17	0.01087	0.01226	0.06071	0.01247	0.05275	0.17667	0.16426	0.01314	0.02307	0.01288	0.01181	0.03589	0.03931	0.08353	0.11490	0.00259	0.10872	0.00501	0.05388	0.00527
18	0.00677	0.00493	0.00696	0.00696	0.00759	0.00556	0.00513	0.00803	0.00740	0.01049	0.01319	0.02163	0.01314	0.23687	0.61595	0.00682	0.01060	0.00551	0.00261	0.00387
19	0.01291	0.39629	0.13463	0.00939	0.01334	0.10109	0.00916	0.05216	0.08543	0.05565	0.03796	0.01090	0.00879	0.00481	0.00382	0.00121	0.00531	0.00345	0.02547	0.02822
20	0.10152	0.35152	0.23832	0.01076	0.03665	0.03904	0.05240	0.03209	0.03077	0.01423	0.00837	0.02812	0.00702	0.00536	0.02453	0.00145	0.00582	0.00344	0.00235	0.00623
21	0.01326	0.19459	0.05312	0.02498	0.01318	0.05598	0.00825	0.20434	0.19825	0.04028	0.03573	0.01439	0.03031	0.01845	0.00462	0.00139	0.00478	0.01802	0.00371	0.06238
22	0.02803	0.08170	0.18729	0.03061	0.05840	0.06649	0.06483	0.04255	0.03867	0.03010	0.03567	0.20643	0.01475	0.00816	0.02010	0.00168	0.02066	0.04272	0.00316	0.01801

[dist]
# distance from previous block
# <min> <max>
2	44

[block]
# block no. 3 follows, 54 sequences, length 33
# corresponding to MSA columns:
# 395-427
name=unknown_D
#
# <colnr> <probs for GDERKNQSTAVLIFYWHMCP>
#	G	D	E	R	K	N	Q	S	T	A	V	L	I	F	Y	W	H	M	C	P
0	0.02153	0.10853	0.10821	0.04019	0.10384	0.06568	0.03066	0.13260	0.05683	0.01598	0.03215	0.07897	0.01097	0.04389	0.05360	0.00197	0.06876	0.00495	0.01461	0.00608
1	0.03144	0.03041	0.01253	0.04731	0.13942	0.12827	0.03139	0.16702	0.01311	0.02683	0.07511	0.09940	0.06170	0.00756	0.02048	0.01952	0.00516	0.01920	0.00348	0.06067
2	0.01260	0.01417	0.02924	0.06381	0.09021	0.34734	0.04107	0.02777	0.01120	0.01279	0.01091	0.03094	0.03320	0.07732	0.08257	0.00215	0.00712	0.00434	0.04118	0.06007
3	0.00673	0.00502	0.00748	0.00758	0.00840	0.00578	0.00589	0.00839	0.00777	0.01112	0.01373	0.05684	0.01328	0.03353	0.74640	0.00710	0.01185	0.03621	0.00268	0.00420
4	0.86760	0.00912	0.00693	0.00620	0.00912	0.01058	0.00511	0.01386	0.00802	0.02115	0.00657	0.00766	0.00511	0.00438	0.00292	0.00146	0.00365	0.00255	0.00292	0.00511
5	0.01172	0.01020	0.01121	0.01086	0.06391	0.01169	0.00792	0.02436	0.74517	0.01944	0.01852	0.01721	0.01394	0.00625	0.00479	0.00159	0.00385	0.00526	0.00464	0.00746
6	0.01257	0.00838	0.01006	0.00737	0.01135	0.00668	0.00595	0.04139	0.01104	0.19241	0.01092	0.01141	0.00818	0.00414	0.00381	0.00090	0.00364	0.00331	0.02347	0.62302
7	0.01314	0.72649	0.02331	0.00904	0.03205	0.10663	0.00834	0.01465	0.01003	0.01125	0.00669	0.00777	0.00609	0.00413	0.00320	0.00104	0.00544	0.00262	0.00207	0.00602
8	0.01029	0.00864	0.00998	0.01889	0.01148	0.03357	0.02210	0.03564	0.01049	0.04706	0.01246	0.04494	0.06682	0.00479	0.00392	0.00091	0.00375	0.00394	0.00312	0.64718
9	0.03823	0.12070	0.01463	0.04776	0.08540	0.22962	0.00903	0.18268	0.15752	0.03141	0.01108	0.03210	0.00885	0.00539	0.00437	0.00136	0.00576	0.00408	0.00340	0.00662
10	0.01169	0.00929	0.05994	0.00822	0.01094	0.00866	0.00700	0.24871	0.07521	0.08629	0.06182	0.04833	0.23081	0.01950	0.01581	0.00166	0.00405	0.05322	0.03278	0.00605
11	0.08299	0.03228	0.03779	0.07381	0.10266	0.04763	0.00835	0.10431	0.03028	0.06142	0.00932	0.01065	0.00727	0.00440	0.00423	0.00114	0.02207	0.00343	0.00306	0.35292
12	0.00865	0.00606	0.00713	0.00639	0.00819	0.00569	0.00491	0.07668	0.04305	0.07596	0.37590	0.05675	0.25879	0.00952	0.00535	0.00150	0.00277	0.00813	0.00484	0.03374
13	0.01730	0.01290	0.01380	0.01072	0.01439	0.01433	0.00881	0.71260	0.09974	0.02871	0.01211	0.01195	0.00866	0.00573	0.00472	0.00143	0.00504	0.00435	0.00472	0.00796
14	0.02976	0.07046	0.01555	0.03626	0.13332	0.22061	0.05572	0.26017	0.06144	0.01885	0.01000	0.02232	0.00789	0.00511	0.00448	0.00135	0.00607	0.00403	0.01599	0.02061
15	0.00661	0.00493	0.00615	0.00582	0.00705	0.00454	0.00437	0.00891	0.03080	0.01790	0.65870	0.03651	0.17024	0.00995	0.00555	0.00150	0.00229	0.00869	0.00505	0.00444
16	0.01123	0.00885	0.01037	0.02205	0.03622	0.03050	0.00623	0.01331	0.01029	0.09714	0.00942	0.01049	0.00744	0.00382	0.00370	0.00083	0.00381	0.00307	0.00307	0.70816
17	0.00879	0.00439	0.00439	0.00439	0.00549	0.00439	0.00330	0.01099	0.00989	0.01758	0.01538	0.01758	0.01209	0.00549	0.00330	0.00110	0.00220	0.00439	0.86047	0.00439
18	0.66866	0.01097	0.00864	0.00785	0.02627	0.10184	0.00618	0.06386	0.00956	0.02014	0.00698	0.00817	0.00549	0.00465	0.00368	0.00145	0.03449	0.00281	0.00293	0.00538
19	0.86760	0.00912	0.00693	0.00620	0.00912	0.01058	0.00511	0.01386	0.00802	0.02115	0.00657	0.00766	0.00511	0.00438	0.00292	0.00146	0.00365	0.00255	0.00292	0.00511
20	0.00879	0.00439	0.00439	0.00439	0.00549	0.00439	0.00330	0.01099	0.00989	0.01758	0.01538	0.01758	0.01209	0.00549	0.00330	0.00110	0.00220	0.00439	0.86047	0.00439
21	0.86760	0.00912	0.00693	0.00620	0.00912	0.01058	0.00511	0.01386	0.00802	0.02115	0.00657	0.00766	0.00511	0.00438	0.00292	0.00146	0.00365	0.00255	0.00292	0.00511
22	0.02115	0.00802	0.01094	0.00839	0.01204	0.00693	0.00693	0.02298	0.01350	0.80815	0.01860	0.01605	0.01167	0.00584	0.00474	0.00146	0.00401	0.00474	0.00584	0.00802
23	0.00662	0.00527	0.00655	0.00716	0.00756	0.02951	0.00504	0.00753	0.00886	0.01177	0.02277	0.59569	0.04719	0.06203	0.07695	0.00254	0.06442	0.02470	0.00390	0.00397
24	0.00584	0.00416	0.00552	0.00657	0.00686	0.00390	0.00441	0.00667	0.00900	0.01199	0.02555	0.77932	0.03055	0.04478	0.00669	0.00202	0.00285	0.03518	0.00432	0.00381
25	0.01038	0.01052	0.01557	0.01301	0.01341	0.01423	0.07566	0.01166	0.00755	0.01166	0.00647	0.01052	0.00627	0.00789	0.01464	0.00202	0.75693	0.00425	0.00209	0.00526
26	0.00922	0.00481	0.00486	0.00470	0.00593	0.00488	0.00356	0.04790	0.01047	0.01815	0.01519	0.01728	0.01189	0.00550	0.00336	0.00111	0.00234	0.00439	0.81988	0.00457
27	0.01320	0.01152	0.01743	0.10230	0.28088	0.06780	0.15800	0.10060	0.03874	0.10703	0.01233	0.01394	0.04423	0.00503	0.00487	0.00146	0.00589	0.00474	0.00316	0.00685
28	0.01197	0.59994	0.09444	0.06151	0.01480	0.03379	0.04484	0.01402	0.00960	0.01171	0.00697	0.00854	0.00612	0.00442	0.00425	0.00119	0.06085	0.00297	0.00205	0.00602
29	0.02806	0.00904	0.01109	0.00887	0.01176	0.00913	0.04355	0.07628	0.16041	0.04120	0.02538	0.01593	0.08111	0.02559	0.01875	0.00147	0.10959	0.00460	0.00349	0.31468
30	0.04494	0.01077	0.01249	0.01048	0.04501	0.06152	0.03193	0.22743	0.10370	0.35399	0.01515	0.03802	0.01070	0.00588	0.00471	0.00146	0.00472	0.00476	0.00482	0.00750
31	0.00642	0.00532	0.00630	0.03934	0.04414	0.00487	0.00490	0.02880	0.01063	0.01318	0.03792	0.21515	0.51899	0.01179	0.00560	0.00167	0.00290	0.03361	0.00420	0.00428
32	0.00978	0.00838	0.00978	0.00698	0.01117	0.00629	0.00559	0.01187	0.00978	0.01536	0.00838	0.00978	0.00698	0.00349	0.00349	0.00070	0.00349	0.00279	0.00279	0.86312

[dist]
# distance from previous block
# <min> <max>
0	5

[block]
# block no. 4 follows, 54 sequences, length 7
# corresponding to MSA columns:
# 433-439
name=unknown_E
#
# <colnr> <probs for GDERKNQSTAVLIFYWHMCP>
#	G	D	E	R	K	N	Q	S	T	A	V	L	I	F	Y	W	H	M	C	P
0	0.00962	0.02323	0.73202	0.01408	0.02083	0.01105	0.09410	0.01495	0.01007	0.01495	0.00857	0.01023	0.00609	0.00443	0.00459	0.00150	0.00707	0.00369	0.00203	0.00691
1	0.00566	0.00442	0.00514	0.00571	0.00662	0.00390	0.00400	0.00666	0.00985	0.01237	0.03635	0.45739	0.39833	0.01343	0.00581	0.00176	0.00257	0.01176	0.00438	0.00390
2	0.00677	0.00466	0.00557	0.00564	0.00591	0.00470	0.00356	0.00722	0.00761	0.01020	0.04655	0.06339	0.05300	0.60708	0.11319	0.00447	0.00524	0.03892	0.00310	0.00322
3	0.02785	0.00942	0.01436	0.08741	0.38517	0.00973	0.03024	0.10227	0.03083	0.01660	0.03693	0.11045	0.05281	0.00655	0.00490	0.00151	0.00484	0.02873	0.03303	0.00638
4	0.35982	0.01284	0.05235	0.04291	0.04027	0.18410	0.03189	0.03092	0.03439	0.04018	0.00838	0.01009	0.00668	0.02175	0.00488	0.00149	0.05557	0.00336	0.03019	0.02794
5	0.02669	0.00895	0.01328	0.19031	0.17865	0.03491	0.07879	0.05872	0.03371	0.01498	0.01313	0.09959	0.03455	0.03280	0.03287	0.00180	0.02966	0.00555	0.10542	0.00564
6	0.04359	0.05871	0.02906	0.06144	0.13494	0.13066	0.00962	0.20561	0.12111	0.03566	0.02833	0.01266	0.00919	0.02939	0.00589	0.00154	0.06838	0.00421	0.00339	0.00664

[dist]
# distance from previous block
# <min> <max>
0	4

[block]
# block no. 5 follows, 54 sequences, length 40
# corresponding to MSA columns:
# 444-483
name=unknown_F
#
# <colnr> <probs for GDERKNQSTAVLIFYWHMCP>
#	G	D	E	R	K	N	Q	S	T	A	V	L	I	F	Y	W	H	M	C	P
0	0.11513	0.10944	0.15409	0.01228	0.10356	0.14697	0.04664	0.01510	0.04276	0.05196	0.05899	0.02822	0.02801	0.01508	0.00475	0.00143	0.02167	0.01352	0.00289	0.02753
1	0.01232	0.05422	0.17050	0.08179	0.11769	0.05335	0.08653	0.03852	0.05242	0.14724	0.06058	0.03106	0.04974	0.00577	0.00479	0.00148	0.00548	0.01662	0.00336	0.00654
2	0.01177	0.18689	0.30549	0.02262	0.03885	0.08542	0.10188	0.08404	0.02427	0.01531	0.03279	0.01086	0.00779	0.00503	0.01522	0.00143	0.00637	0.00376	0.00252	0.03768
3	0.00589	0.00433	0.00590	0.00677	0.00722	0.00403	0.01875	0.00682	0.00921	0.01219	0.02681	0.75243	0.07164	0.01437	0.00600	0.00190	0.00286	0.03462	0.00434	0.00390
4	0.01094	0.01088	0.04630	0.24576	0.31245	0.01100	0.12967	0.07893	0.03189	0.01554	0.01022	0.05640	0.00854	0.00507	0.00489	0.00151	0.00596	0.00491	0.00264	0.00651
5	0.09292	0.01044	0.02737	0.03274	0.02509	0.02543	0.02818	0.25847	0.17476	0.13101	0.04331	0.07166	0.03595	0.00662	0.00474	0.00152	0.00443	0.01406	0.00443	0.00686
6	0.00761	0.00599	0.00703	0.00707	0.00857	0.00598	0.00560	0.02534	0.15025	0.01571	0.17460	0.10203	0.25301	0.01092	0.00569	0.00174	0.00316	0.20025	0.00460	0.00484
7	0.00848	0.00929	0.09847	0.00964	0.07744	0.03079	0.00751	0.01269	0.15626	0.01546	0.16598	0.08102	0.24555	0.00879	0.00576	0.00158	0.04854	0.00734	0.00398	0.00544
8	0.00879	0.00439	0.00439	0.00439	0.00549	0.00439	0.00330	0.01099	0.00989	0.01758	0.01538	0.01758	0.01209	0.00549	0.00330	0.00110	0.00220	0.00439	0.86047	0.00439
9	0.01113	0.01272	0.02782	0.01987	0.02464	0.01192	0.78776	0.01510	0.01113	0.01510	0.00954	0.01272	0.00715	0.00397	0.00556	0.00159	0.00795	0.00556	0.00238	0.00636
10	0.00890	0.00838	0.01414	0.82296	0.03247	0.01048	0.01309	0.01205	0.00943	0.01205	0.00838	0.01257	0.00629	0.00471	0.00471	0.00157	0.00629	0.00419	0.00210	0.00524
11	0.00879	0.00439	0.00439	0.00439	0.00549	0.00439	0.00330	0.01099	0.00989	0.01758	0.01538	0.01758	0.01209	0.00549	0.00330	0.00110	0.00220	0.00439	0.86047	0.00439
12	0.00992	0.00973	0.01367	0.01184	0.01194	0.01349	0.00982	0.01102	0.00726	0.01130	0.00691	0.01123	0.00682	0.01129	0.10500	0.00268	0.73469	0.00423	0.00211	0.00505
13	0.00681	0.00455	0.00516	0.00520	0.00521	0.00454	0.00292	0.00684	0.00695	0.00926	0.01532	0.06407	0.01772	0.80028	0.02325	0.00446	0.00449	0.00713	0.00292	0.00290
14	0.00621	0.00452	0.00591	0.00685	0.00747	0.00426	0.00505	0.00739	0.00964	0.01257	0.02805	0.53019	0.12028	0.03098	0.00646	0.00200	0.00313	0.20076	0.00434	0.00395
15	0.01162	0.01118	0.01718	0.10108	0.52498	0.04255	0.04094	0.03738	0.10209	0.01570	0.01104	0.01321	0.02897	0.00482	0.00488	0.00145	0.01671	0.00449	0.00272	0.00703
16	0.01201	0.01562	0.16084	0.03468	0.03417	0.26681	0.03497	0.02946	0.01037	0.02506	0.00922	0.01314	0.00815	0.09578	0.11027	0.00257	0.12489	0.00412	0.00244	0.00543
17	0.00683	0.00518	0.00770	0.00764	0.00844	0.00608	0.00594	0.00846	0.00755	0.01091	0.01252	0.01860	0.01177	0.05356	0.77636	0.00737	0.03330	0.00507	0.00252	0.00420
18	0.01674	0.12194	0.01487	0.01193	0.02722	0.68629	0.00910	0.01801	0.01272	0.01154	0.00720	0.00848	0.00610	0.00482	0.00436	0.00121	0.02652	0.00302	0.00237	0.00556
19	0.01044	0.00748	0.00841	0.00772	0.00986	0.00780	0.00595	0.01709	0.35459	0.11946	0.09564	0.10970	0.19337	0.00884	0.00519	0.00161	0.00325	0.02272	0.00482	0.00606
20	0.01830	0.00774	0.01008	0.00803	0.01122	0.00702	0.00657	0.04403	0.05602	0.60904	0.04216	0.01845	0.03311	0.00630	0.00471	0.00146	0.00379	0.02612	0.07848	0.00738
21	0.00575	0.00422	0.00539	0.00628	0.00677	0.00387	0.00426	0.00666	0.00941	0.01234	0.05157	0.69078	0.14701	0.01420	0.00594	0.00185	0.00267	0.01275	0.00440	0.00387
22	0.01351	0.26392	0.12948	0.01321	0.06877	0.11775	0.13834	0.14547	0.01260	0.02913	0.00855	0.00995	0.00675	0.00457	0.00442	0.00132	0.01931	0.00369	0.00267	0.00660
23	0.00652	0.00477	0.00612	0.00587	0.00697	0.00437	0.00437	0.00857	0.01285	0.01795	0.68915	0.08591	0.10863	0.01016	0.00559	0.00152	0.00227	0.00895	0.00507	0.00437
24	0.01227	0.01280	0.07982	0.10434	0.23285	0.07459	0.07451	0.13133	0.14468	0.01734	0.01238	0.01378	0.04132	0.00530	0.00497	0.00148	0.02163	0.00460	0.00314	0.00683
25	0.00667	0.00486	0.00630	0.00604	0.00718	0.00448	0.00460	0.00884	0.01305	0.01827	0.71288	0.03689	0.08447	0.00998	0.00562	0.00153	0.00237	0.05646	0.00509	0.00442
26	0.01535	0.11173	0.03687	0.01195	0.05789	0.02984	0.05852	0.46239	0.09331	0.02340	0.01096	0.01144	0.00817	0.00527	0.00466	0.00138	0.01613	0.00414	0.00392	0.03269
27	0.02873	0.00889	0.03134	0.00832	0.03164	0.00727	0.02200	0.03886	0.06018	0.15466	0.02363	0.01416	0.06141	0.00486	0.00408	0.00105	0.00380	0.00399	0.00361	0.48755
28	0.01181	0.31729	0.35208	0.01110	0.01609	0.05781	0.02793	0.08590	0.01117	0.01473	0.02781	0.00983	0.00719	0.00466	0.00429	0.00131	0.02676	0.00336	0.00237	0.00653
29	0.01135	0.31120	0.36943	0.01114	0.03122	0.01350	0.02535	0.07710	0.01089	0.02920	0.02461	0.03106	0.00795	0.02164	0.00446	0.00139	0.00582	0.00369	0.00245	0.00653
30	0.00744	0.00555	0.00792	0.00772	0.00872	0.00640	0.00600	0.05724	0.00847	0.01207	0.01261	0.01841	0.01170	0.05550	0.74307	0.00711	0.01194	0.00505	0.00267	0.00441
31	0.00966	0.01016	0.09873	0.00768	0.01135	0.05696	0.00679	0.01199	0.01073	0.03710	0.12311	0.01731	0.09905	0.00553	0.00420	0.00105	0.00391	0.00452	0.00327	0.47691
32	0.03628	0.08283	0.16060	0.05857	0.40244	0.09004	0.03930	0.01490	0.02686	0.01460	0.00895	0.02755	0.00744	0.00458	0.00447	0.00140	0.00604	0.00403	0.00236	0.00678
33	0.00647	0.00491	0.00604	0.00652	0.00742	0.00470	0.00471	0.00868	0.07371	0.01403	0.15464	0.44510	0.17035	0.01264	0.00580	0.00178	0.00278	0.06091	0.00454	0.00428
34	0.00590	0.00439	0.00553	0.00638	0.00704	0.00403	0.00453	0.00694	0.00961	0.01241	0.03084	0.57147	0.20633	0.01395	0.00597	0.00187	0.00282	0.09170	0.00437	0.00392
35	0.01421	0.01282	0.08460	0.04836	0.15744	0.01224	0.12924	0.32004	0.06530	0.06995	0.01123	0.01240	0.00827	0.00581	0.02513	0.00162	0.00590	0.00449	0.00362	0.00733
36	0.01255	0.01123	0.03748	0.08413	0.12954	0.06672	0.07235	0.19611	0.06012	0.05121	0.15881	0.01631	0.01477	0.00599	0.00532	0.00146	0.03917	0.00508	0.00370	0.02795
37	0.00559	0.00469	0.00486	0.00499	0.00643	0.00396	0.00368	0.00674	0.01054	0.01265	0.04513	0.14052	0.70952	0.01228	0.00563	0.00163	0.00243	0.01037	0.00438	0.00396
38	0.01182	0.01110	0.01812	0.17710	0.49021	0.02948	0.07854	0.06576	0.02881	0.02979	0.00936	0.01204	0.00745	0.00447	0.00475	0.00145	0.00590	0.00433	0.00257	0.00695
39	0.03574	0.19500	0.06502	0.10168	0.06892	0.08280	0.06178	0.08928	0.08302	0.01498	0.00998	0.03665	0.00845	0.02148	0.04618	0.00176	0.04757	0.00418	0.00278	0.02277

[dist]
# distance from previous block
# <min> <max>
0	3

[block]
# block no. 6 follows, 54 sequences, length 45
# corresponding to MSA columns:
# 487-526,536-540
name=unknown_G
#
# <colnr> <probs for GDERKNQSTAVLIFYWHMCP>
#	G	D	E	R	K	N	Q	S	T	A	V	L	I	F	Y	W	H	M	C	P
0	0.02573	0.01035	0.01552	0.13547	0.44939	0.05084	0.02389	0.04312	0.03058	0.01482	0.02786	0.03043	0.00962	0.07005	0.04081	0.00195	0.00587	0.00469	0.00262	0.00638
1	0.04695	0.00852	0.01021	0.00813	0.01123	0.00836	0.00666	0.19448	0.02565	0.42454	0.01606	0.01580	0.01107	0.00584	0.00444	0.00140	0.00392	0.02123	0.16836	0.00714
2	0.00999	0.00551	0.00719	0.00721	0.00852	0.00515	0.00525	0.01192	0.06185	0.21047	0.02428	0.54052	0.04601	0.01189	0.00562	0.00178	0.00314	0.02382	0.00477	0.00512
3	0.01007	0.00560	0.00722	0.00642	0.00822	0.00499	0.00498	0.01201	0.01285	0.21225	0.46387	0.04775	0.15250	0.00922	0.00539	0.00151	0.00274	0.02196	0.00519	0.00524
4	0.00589	0.00462	0.00534	0.00558	0.00671	0.00407	0.00406	0.00721	0.01082	0.01383	0.19461	0.25341	0.42524	0.01225	0.00571	0.00167	0.00249	0.02789	0.00454	0.00404
5	0.00587	0.00429	0.00552	0.00626	0.00682	0.00394	0.00430	0.00695	0.00990	0.01319	0.15036	0.61799	0.11992	0.01365	0.00590	0.00181	0.00262	0.01225	0.00450	0.00394
6	0.00689	0.00506	0.00669	0.00752	0.00855	0.00486	0.00621	0.00865	0.01062	0.01372	0.06280	0.18851	0.16070	0.01300	0.00622	0.00200	0.00363	0.47579	0.00439	0.00419
7	0.00695	0.00492	0.00617	0.00579	0.00708	0.00444	0.00437	0.00897	0.01285	0.04448	0.63089	0.03652	0.18905	0.00995	0.00554	0.00150	0.00232	0.00867	0.00506	0.00448
8	0.01261	0.83713	0.02471	0.00807	0.01210	0.01866	0.00807	0.01412	0.00958	0.01109	0.00656	0.00756	0.00605	0.00403	0.00303	0.00101	0.00504	0.00252	0.00202	0.00605
9	0.00582	0.00418	0.00554	0.00659	0.00693	0.00390	0.00447	0.00672	0.00921	0.01225	0.04049	0.77276	0.04865	0.01456	0.00602	0.00191	0.00277	0.03899	0.00439	0.00386
10	0.00868	0.00700	0.00808	0.00818	0.00964	0.00761	0.00615	0.01535	0.36807	0.01577	0.02277	0.37282	0.02308	0.01076	0.00552	0.00180	0.00337	0.09524	0.00456	0.00554
11	0.01286	0.79597	0.02413	0.00827	0.01223	0.05891	0.00812	0.01436	0.00977	0.01112	0.00659	0.00761	0.00605	0.00408	0.00309	0.00102	0.00522	0.00255	0.00204	0.00602
12	0.00676	0.00460	0.00525	0.00531	0.00545	0.00457	0.00312	0.00694	0.00724	0.00958	0.01716	0.05892	0.05997	0.72483	0.04218	0.00435	0.00459	0.02316	0.00301	0.00302
13	0.01019	0.00837	0.00982	0.00703	0.01120	0.00631	0.00564	0.01227	0.00991	0.04384	0.00875	0.01000	0.00715	0.00358	0.00354	0.00073	0.00351	0.00286	0.00290	0.83241
14	0.05256	0.00481	0.00472	0.00462	0.00586	0.00491	0.00350	0.02683	0.01004	0.01800	0.01485	0.01695	0.01165	0.00544	0.00331	0.00112	0.00233	0.00430	0.79968	0.00450
15	0.01730	0.01358	0.05415	0.01084	0.01472	0.01422	0.00927	0.73341	0.02129	0.02871	0.01126	0.01138	0.00800	0.00560	0.00467	0.00141	0.00521	0.00421	0.02287	0.00789
16	0.00574	0.00475	0.00503	0.00502	0.00649	0.00404	0.00374	0.00706	0.01104	0.01358	0.15401	0.08011	0.65964	0.01174	0.00559	0.00159	0.00238	0.00991	0.00449	0.00404
17	0.00810	0.00413	0.00608	0.00608	0.00608	0.00413	0.00402	0.00619	0.00619	0.00825	0.00862	0.01540	0.00877	0.06907	0.01879	0.80753	0.00413	0.00427	0.00210	0.00210
18	0.00976	0.00901	0.04104	0.00724	0.01153	0.00647	0.00605	0.01199	0.00978	0.01535	0.00838	0.00978	0.00694	0.00353	0.00353	0.00073	0.00363	0.00282	0.00276	0.82967
19	0.45703	0.18079	0.08474	0.00872	0.03300	0.08237	0.02314	0.01421	0.00910	0.01690	0.00723	0.00868	0.00590	0.00591	0.04436	0.00166	0.00525	0.00290	0.00256	0.00554
20	0.00627	0.00467	0.00540	0.00577	0.00691	0.00411	0.00421	0.00742	0.01027	0.03830	0.05164	0.32846	0.44343	0.01278	0.00576	0.00173	0.00267	0.05168	0.00444	0.00408
21	0.05031	0.00926	0.01133	0.01141	0.11552	0.04098	0.02171	0.15852	0.06493	0.10137	0.10900	0.10633	0.04182	0.00762	0.00540	0.00155	0.03597	0.06308	0.00412	0.03979
22	0.01311	0.34399	0.16520	0.02489	0.03447	0.06155	0.01003	0.19062	0.04128	0.01640	0.00900	0.01065	0.00739	0.04659	0.00495	0.00142	0.00560	0.00351	0.00280	0.00655
23	0.00596	0.00470	0.00521	0.00524	0.00656	0.00409	0.00387	0.00740	0.01118	0.01432	0.22959	0.12586	0.51076	0.01148	0.00555	0.00158	0.00238	0.00980	0.03037	0.00409
24	0.00587	0.00446	0.00537	0.00595	0.00676	0.00402	0.00420	0.00695	0.00993	0.01277	0.08960	0.44576	0.29534	0.04031	0.00644	0.00187	0.00271	0.04340	0.00439	0.00392
25	0.69258	0.00966	0.00844	0.00741	0.00989	0.02525	0.00611	0.03721	0.00842	0.01971	0.00666	0.00820	0.00538	0.00503	0.00496	0.00155	0.13262	0.00286	0.00283	0.00521
26	0.01098	0.00981	0.01267	0.08032	0.07292	0.04996	0.06527	0.02931	0.14834	0.04632	0.02639	0.01397	0.03327	0.00676	0.04673	0.00162	0.06976	0.00432	0.00318	0.26810
27	0.08337	0.08198	0.04413	0.08338	0.29266	0.04712	0.07332	0.02505	0.02987	0.01436	0.01005	0.04572	0.00913	0.09221	0.02890	0.00194	0.02360	0.00464	0.00257	0.00601
28	0.01044	0.00951	0.01360	0.42432	0.07065	0.02757	0.04222	0.01689	0.27062	0.02892	0.02949	0.01466	0.01000	0.00534	0.00478	0.00156	0.00538	0.00470	0.00316	0.00619
29	0.01054	0.00876	0.01020	0.00754	0.01146	0.00728	0.00607	0.05956	0.05028	0.02946	0.00947	0.01104	0.00778	0.00408	0.00402	0.00086	0.02584	0.01475	0.00306	0.71794
30	0.00600	0.00469	0.00543	0.00546	0.00668	0.00413	0.00401	0.00751	0.01144	0.01487	0.31746	0.15666	0.41580	0.01152	0.00563	0.00160	0.00238	0.00994	0.00467	0.00413
31	0.00660	0.00469	0.00540	0.00538	0.00592	0.00450	0.00348	0.00731	0.00880	0.01163	0.15147	0.03466	0.17020	0.49647	0.03833	0.00351	0.00398	0.03069	0.00357	0.00341
32	0.00615	0.00463	0.00569	0.00578	0.00681	0.00417	0.00420	0.00776	0.01159	0.01558	0.41088	0.23372	0.24277	0.01151	0.00568	0.00162	0.00239	0.01011	0.00477	0.00417
33	0.00664	0.00482	0.00626	0.00590	0.00702	0.00443	0.00442	0.00883	0.01327	0.01872	0.77973	0.03553	0.06727	0.00971	0.00556	0.00149	0.00223	0.00857	0.00517	0.00443
34	0.79670	0.00903	0.00727	0.00638	0.00936	0.01027	0.00526	0.01462	0.00848	0.08708	0.00757	0.00836	0.00566	0.00450	0.00307	0.00146	0.00368	0.00274	0.00316	0.00535
35	0.01761	0.02247	0.01336	0.01215	0.01458	0.81537	0.00911	0.01883	0.01336	0.01154	0.00729	0.00850	0.00607	0.00486	0.00425	0.00121	0.00850	0.00304	0.00243	0.00547
36	0.01167	0.01120	0.01914	0.02894	0.80488	0.01120	0.01447	0.01447	0.01074	0.01540	0.00887	0.01167	0.00747	0.00420	0.00467	0.00140	0.00560	0.00420	0.00233	0.00747
37	0.00635	0.00479	0.00587	0.00564	0.00686	0.00430	0.00421	0.00825	0.01252	0.01704	0.57582	0.06193	0.24831	0.01041	0.00558	0.00153	0.00228	0.00906	0.00495	0.00430
38	0.01261	0.83713	0.02471	0.00807	0.01210	0.01866	0.00807	0.01412	0.00958	0.01109	0.00656	0.00756	0.00605	0.00403	0.00303	0.00101	0.00504	0.00252	0.00202	0.00605
39	0.00610	0.00421	0.00559	0.00657	0.00695	0.00391	0.00442	0.00695	0.00916	0.03069	0.02622	0.79736	0.04523	0.01451	0.00598	0.00190	0.00276	0.01314	0.00441	0.00393
40	0.00581	0.00419	0.00551	0.00655	0.00693	0.00390	0.00446	0.00670	0.00920	0.01216	0.02718	0.75619	0.07486	0.01454	0.00601	0.00191	0.00278	0.04289	0.00438	0.00386
41	0.00960	0.00791	0.00938	0.00689	0.01062	0.00604	0.00542	0.01124	0.00938	0.01458	0.00836	0.01028	0.00712	0.00491	0.00513	0.09541	0.00356	0.00294	0.00271	0.76853
42	0.21484	0.01004	0.01539	0.24172	0.10845	0.01072	0.17166	0.05334	0.02151	0.03453	0.00878	0.01121	0.00669	0.00443	0.00437	0.00146	0.00558	0.00402	0.00269	0.06857
43	0.01261	0.83713	0.02471	0.00807	0.01210	0.01866	0.00807	0.01412	0.00958	0.01109	0.00656	0.00756	0.00605	0.00403	0.00303	0.00101	0.00504	0.00252	0.00202	0.00605
44	0.07598	0.03826	0.01263	0.08537	0.01437	0.01259	0.00833	0.46408	0.02645	0.02341	0.01084	0.01239	0.00828	0.03114	0.02190	0.00165	0.05699	0.00418	0.08445	0.00672

[dist]
# distance from previous block
# <min> <max>
0	2

[block]
# block no. 7 follows, 54 sequences, length 15
# corresponding to MSA columns:
# 543-557
name=unknown_H
#
# <colnr> <probs for GDERKNQSTAVLIFYWHMCP>
#	G	D	E	R	K	N	Q	S	T	A	V	L	I	F	Y	W	H	M	C	P
0	0.03261	0.03489	0.02783	0.11217	0.13241	0.05848	0.03407	0.07355	0.04592	0.02674	0.03866	0.01456	0.06231	0.00668	0.04696	0.00157	0.00523	0.00432	0.00302	0.23802
1	0.32868	0.06667	0.02253	0.02869	0.08640	0.14145	0.02745	0.07654	0.03215	0.01766	0.05344	0.03527	0.00935	0.00625	0.02998	0.00161	0.02326	0.00389	0.00302	0.00570
2	0.00726	0.00497	0.00660	0.00649	0.00683	0.00548	0.00451	0.00771	0.00716	0.01011	0.01272	0.02260	0.01323	0.36210	0.30151	0.12374	0.05038	0.00559	0.03759	0.00341
3	0.00614	0.00505	0.03574	0.00661	0.00725	0.00430	0.00478	0.00719	0.00920	0.01230	0.06991	0.58433	0.06697	0.11536	0.00816	0.00220	0.00314	0.04331	0.00414	0.00389
4	0.01175	0.18860	0.20418	0.03011	0.14949	0.08178	0.06079	0.01595	0.09963	0.03060	0.02905	0.01146	0.00839	0.00477	0.00456	0.00136	0.02555	0.00386	0.00262	0.03552
5	0.01172	0.01259	0.01440	0.20047	0.07762	0.18829	0.01094	0.01371	0.02831	0.01206	0.00745	0.01072	0.00648	0.00634	0.00946	0.00170	0.37608	0.00394	0.00224	0.00547
6	0.00709	0.00496	0.00592	0.00566	0.00707	0.00437	0.00425	0.00877	0.01200	0.06687	0.38833	0.09102	0.35499	0.01069	0.00554	0.00156	0.00244	0.00919	0.00484	0.00445
7	0.01098	0.03727	0.04677	0.08625	0.53054	0.01092	0.02846	0.03207	0.04195	0.01513	0.01147	0.04766	0.03570	0.00532	0.00502	0.00147	0.02513	0.01842	0.00263	0.00684
8	0.01161	0.13106	0.23408	0.02938	0.15123	0.05654	0.13941	0.04270	0.06288	0.03282	0.00998	0.02472	0.00786	0.00472	0.00449	0.00141	0.00609	0.00418	0.03819	0.00665
9	0.01229	0.00896	0.01001	0.02429	0.01099	0.05538	0.04563	0.20473	0.06635	0.06106	0.04162	0.04888	0.03740	0.00632	0.00480	0.00137	0.03901	0.00508	0.30997	0.00586
10	0.00593	0.00427	0.00566	0.00665	0.00708	0.00400	0.00462	0.00693	0.00942	0.01250	0.05595	0.70299	0.06284	0.01431	0.00602	0.00191	0.00284	0.07778	0.00440	0.00390
11	0.01031	0.00804	0.03038	0.13651	0.06898	0.00816	0.00802	0.10424	0.09423	0.07630	0.11132	0.13917	0.05286	0.05173	0.00622	0.00179	0.00426	0.07782	0.00403	0.00565
12	0.01317	0.15514	0.09966	0.11014	0.17917	0.12481	0.08062	0.08657	0.03344	0.06014	0.00927	0.01093	0.00719	0.00462	0.00441	0.00136	0.00616	0.00386	0.00272	0.00662
13	0.01511	0.01277	0.13633	0.01064	0.01444	0.02898	0.04683	0.24652	0.13864	0.19972	0.01369	0.01367	0.00971	0.00687	0.04003	0.00174	0.02092	0.00449	0.03160	0.00730
14	0.00739	0.00489	0.00614	0.00620	0.00733	0.00447	0.00462	0.00896	0.01124	0.06967	0.29346	0.23026	0.17990	0.04236	0.00633	0.00177	0.00278	0.07746	0.03037	0.00438

[dist]
# distance from previous block
# <min> <max>
2	7

[block]
# block no. 8 follows, 54 sequences, length 30
# corresponding to MSA columns:
# 565-594
name=unknown_I
#
# <colnr> <probs for GDERKNQSTAVLIFYWHMCP>
#	G	D	E	R	K	N	Q	S	T	A	V	L	I	F	Y	W	H	M	C	P
0	0.02545	0.04911	0.14340	0.11364	0.20022	0.06994	0.02229	0.07187	0.09964	0.07854	0.03078	0.01334	0.00931	0.00511	0.00457	0.00143	0.00556	0.01873	0.00310	0.03397
1	0.01510	0.01179	0.11130	0.01181	0.10484	0.07399	0.02257	0.09452	0.05589	0.30217	0.01571	0.06109	0.03963	0.05091	0.00582	0.00164	0.00500	0.00517	0.00415	0.00690
2	0.01641	0.07357	0.01395	0.05855	0.02658	0.64714	0.00914	0.03051	0.01279	0.02878	0.00785	0.00948	0.00654	0.01941	0.01862	0.00140	0.00796	0.00324	0.00250	0.00555
3	0.00571	0.00478	0.00497	0.00493	0.00646	0.00404	0.00369	0.00704	0.01108	0.01353	0.14488	0.04407	0.70536	0.01165	0.00557	0.00158	0.00237	0.00977	0.00448	0.00404
4	0.01073	0.01005	0.03085	0.08260	0.47389	0.00995	0.05390	0.01420	0.06685	0.03533	0.04294	0.05036	0.04248	0.00587	0.00496	0.00152	0.00519	0.04869	0.00296	0.00667
5	0.01068	0.02728	0.07665	0.01177	0.01277	0.04485	0.01024	0.03719	0.00836	0.02730	0.00746	0.01112	0.00688	0.01029	0.09243	0.00248	0.59050	0.00411	0.00227	0.00538
6	0.00745	0.00541	0.00647	0.00600	0.00746	0.00507	0.00456	0.03985	0.04253	0.03824	0.51369	0.03532	0.23253	0.00976	0.00543	0.00150	0.00248	0.00841	0.02315	0.00468
7	0.10180	0.01197	0.13684	0.01001	0.01399	0.00995	0.05319	0.18732	0.04861	0.30846	0.01374	0.02877	0.00957	0.00552	0.00453	0.00146	0.00481	0.00444	0.03780	0.00722
8	0.00578	0.00417	0.00548	0.00644	0.00682	0.00387	0.00434	0.00669	0.00933	0.01241	0.06557	0.75083	0.07208	0.01437	0.00597	0.00188	0.00269	0.01298	0.00442	0.00387
9	0.00654	0.00501	0.00543	0.00529	0.00689	0.00433	0.00402	0.00812	0.02429	0.04736	0.15126	0.05473	0.61972	0.01134	0.00555	0.00159	0.00251	0.02720	0.00456	0.00428
10	0.01792	0.01321	0.01415	0.01085	0.01462	0.01462	0.00896	0.78916	0.02217	0.02972	0.01132	0.01132	0.00802	0.00566	0.00472	0.00142	0.00519	0.00425	0.00472	0.00802
11	0.02115	0.00802	0.01094	0.00839	0.01204	0.00693	0.00693	0.02298	0.01350	0.80815	0.01860	0.01605	0.01167	0.00584	0.00474	0.00146	0.00401	0.00474	0.00584	0.00802
12	0.01122	0.01039	0.01735	0.06947	0.61535	0.01051	0.03365	0.02685	0.03614	0.02789	0.03065	0.06873	0.01025	0.00521	0.00482	0.00146	0.00533	0.00502	0.00271	0.00701
13	0.01202	0.01027	0.01083	0.00965	0.01237	0.01186	0.00753	0.06096	0.75999	0.02019	0.01882	0.01730	0.01409	0.00636	0.00479	0.00159	0.00380	0.00528	0.00479	0.00749
14	0.81518	0.00925	0.00768	0.00759	0.05785	0.01062	0.00568	0.01390	0.00819	0.02080	0.00671	0.00791	0.00525	0.00437	0.00303	0.00146	0.00377	0.00265	0.00288	0.00525
15	0.00682	0.00488	0.00685	0.00685	0.00742	0.00546	0.00498	0.00790	0.00732	0.01034	0.01308	0.02179	0.01314	0.25625	0.56593	0.03904	0.01007	0.00552	0.00260	0.00375
16	0.86760	0.00912	0.00693	0.00620	0.00912	0.01058	0.00511	0.01386	0.00802	0.02115	0.00657	0.00766	0.00511	0.00438	0.00292	0.00146	0.00365	0.00255	0.00292	0.00511
17	0.00624	0.00481	0.00570	0.00551	0.00682	0.00428	0.00416	0.00803	0.01222	0.01625	0.47300	0.03981	0.35850	0.01067	0.00559	0.00154	0.00234	0.02546	0.00484	0.00425
18	0.00946	0.02439	0.80987	0.01344	0.02041	0.01095	0.01742	0.01493	0.00995	0.01493	0.00846	0.00995	0.00597	0.00448	0.00448	0.00149	0.00697	0.00348	0.00199	0.00697
19	0.01115	0.18375	0.37549	0.06232	0.01947	0.04532	0.14772	0.05595	0.01078	0.01458	0.00831	0.01013	0.00633	0.00448	0.00465	0.00142	0.02565	0.00373	0.00224	0.00653
20	0.00574	0.00410	0.00547	0.00657	0.00684	0.00383	0.00438	0.00657	0.00903	0.01204	0.02599	0.83122	0.03119	0.01477	0.00602	0.00191	0.00274	0.01340	0.00438	0.00383
21	0.00564	0.00478	0.00487	0.00485	0.00641	0.00401	0.00364	0.00690	0.01091	0.01312	0.09441	0.04475	0.75608	0.01180	0.00557	0.00159	0.00238	0.00986	0.00443	0.00401
22	0.01504	0.04184	0.01276	0.01067	0.01353	0.28598	0.00835	0.18061	0.34427	0.01873	0.01310	0.01288	0.00997	0.00564	0.00454	0.00141	0.00570	0.00423	0.00388	0.00685
23	0.01291	0.01094	0.01751	0.07471	0.48925	0.03513	0.07890	0.05741	0.01166	0.11400	0.01119	0.01337	0.02626	0.01994	0.00512	0.00149	0.00562	0.00453	0.00295	0.00710
24	0.00597	0.00433	0.00568	0.00668	0.00717	0.00405	0.00472	0.00699	0.00941	0.01236	0.02773	0.66412	0.09701	0.01431	0.00604	0.00192	0.00291	0.11032	0.00437	0.00391
25	0.01005	0.00984	0.01630	0.01297	0.01453	0.01152	0.23455	0.04250	0.00895	0.01281	0.00962	0.04143	0.00935	0.15045	0.02712	0.00242	0.37261	0.00534	0.00248	0.00516
26	0.04739	0.03849	0.01518	0.07565	0.21085	0.19266	0.04145	0.16382	0.01307	0.04824	0.00958	0.02485	0.00777	0.00675	0.04868	0.00174	0.04028	0.00410	0.00298	0.00647
27	0.00757	0.00648	0.02508	0.00935	0.10551	0.01746	0.00620	0.02726	0.03641	0.01505	0.22515	0.23576	0.15719	0.04566	0.00633	0.00178	0.00334	0.05945	0.00421	0.00476
28	0.00857	0.00483	0.00643	0.00638	0.00648	0.03647	0.00430	0.00665	0.00643	0.00832	0.00815	0.01410	0.00811	0.01592	0.01786	0.82843	0.00427	0.00405	0.00206	0.00218
29	0.11483	0.01040	0.06455	0.16601	0.19373	0.02370	0.07228	0.06142	0.01100	0.09930	0.01208	0.10144	0.01053	0.00604	0.00474	0.00155	0.00527	0.03178	0.00315	0.00620

[dist]
# distance from previous block
# <min> <max>
0	1

[block]
# block no. 9 follows, 54 sequences, length 12
# corresponding to MSA columns:
# 596,612-622
name=unknown_J
#
# <colnr> <probs for GDERKNQSTAVLIFYWHMCP>
#	G	D	E	R	K	N	Q	S	T	A	V	L	I	F	Y	W	H	M	C	P
0	0.01117	0.01080	0.01754	0.19833	0.53888	0.02934	0.03184	0.01460	0.05551	0.01474	0.00928	0.01213	0.00754	0.00454	0.00493	0.00146	0.02381	0.00427	0.00242	0.00686
1	0.77998	0.04439	0.00812	0.00656	0.00958	0.01116	0.00547	0.06081	0.00895	0.02125	0.00685	0.00788	0.00532	0.00444	0.00303	0.00144	0.00380	0.00265	0.00299	0.00532
2	0.01274	0.74713	0.02352	0.00853	0.01225	0.06056	0.00825	0.01421	0.00965	0.01113	0.00657	0.00777	0.00606	0.00432	0.00380	0.00108	0.05178	0.00264	0.00204	0.00597
3	0.00656	0.00482	0.00614	0.00581	0.00697	0.00440	0.00436	0.00867	0.01307	0.01826	0.72336	0.03628	0.12392	0.00988	0.00556	0.00149	0.00224	0.00868	0.00511	0.00440
4	0.00689	0.00516	0.00739	0.00732	0.00798	0.00597	0.00551	0.00825	0.00744	0.01064	0.01279	0.02042	0.01254	0.17671	0.64555	0.00684	0.04070	0.00534	0.00257	0.00400
5	0.00582	0.00425	0.00549	0.00639	0.00688	0.00392	0.00438	0.00679	0.00949	0.01250	0.06480	0.67871	0.12242	0.01415	0.00596	0.00186	0.00272	0.03516	0.00441	0.00389
6	0.00631	0.00476	0.00584	0.00575	0.00692	0.00429	0.00429	0.00811	0.01214	0.01640	0.49643	0.11482	0.25304	0.01087	0.00564	0.00157	0.00238	0.03134	0.00486	0.00426
7	0.86760	0.00912	0.00693	0.00620	0.00912	0.01058	0.00511	0.01386	0.00802	0.02115	0.00657	0.00766	0.00511	0.00438	0.00292	0.00146	0.00365	0.00255	0.00292	0.00511
8	0.00974	0.00602	0.00551	0.00529	0.00661	0.05567	0.00400	0.03582	0.04216	0.01766	0.01490	0.01682	0.01168	0.00550	0.00346	0.00114	0.00274	0.00434	0.74625	0.00470
9	0.01213	0.00964	0.01041	0.00927	0.01192	0.01091	0.00723	0.02389	0.68779	0.07975	0.06808	0.01858	0.01607	0.00656	0.00484	0.00158	0.00366	0.00549	0.00490	0.00732
