[name]
unknown

[dist]
# distance from previous block
# <min> <max>
0	5

[block]
# block no. 0 follows, 52 sequences, length 9
# corresponding to MSA columns:
# 6-14
name=unknown_A
#
# <colnr> <probs for GDERKNQSTAVLIFYWHMCP>
#	G	D	E	R	K	N	Q	S	T	A	V	L	I	F	Y	W	H	M	C	P
0	0.00781	0.00558	0.00781	0.00892	0.01004	0.00558	0.00781	0.01004	0.01116	0.01450	0.02566	0.05466	0.02789	0.01339	0.00669	0.00223	0.00446	0.76685	0.00446	0.00446
1	0.15064	0.01188	0.01215	0.00975	0.01310	0.03597	0.00794	0.46182	0.09454	0.06501	0.07826	0.01391	0.01171	0.00601	0.00462	0.00148	0.00472	0.00456	0.00459	0.00733
2	0.01272	0.00625	0.00807	0.00696	0.00921	0.00548	0.00544	0.01451	0.01291	0.34188	0.26670	0.09095	0.18050	0.00917	0.00541	0.00157	0.00312	0.00783	0.00538	0.00595
3	0.00990	0.00991	0.01279	0.01106	0.01195	0.07598	0.05342	0.01135	0.00907	0.01255	0.06780	0.01772	0.09954	0.01264	0.13137	0.00277	0.43702	0.00537	0.00274	0.00506
4	0.00633	0.00474	0.00588	0.00600	0.00702	0.00428	0.00435	0.00797	0.01187	0.01600	0.41002	0.25839	0.21554	0.01192	0.00585	0.00167	0.00247	0.01050	0.00491	0.00428
5	0.00694	0.00514	0.00667	0.00736	0.00846	0.00487	0.00599	0.00874	0.01115	0.01447	0.12710	0.17449	0.19621	0.01300	0.00628	0.00197	0.00349	0.38877	0.00459	0.00431
6	0.01208	0.00590	0.00652	0.00578	0.00760	0.00580	0.00452	0.07296	0.01181	0.16273	0.01609	0.01728	0.01202	0.00572	0.00377	0.00122	0.00284	0.00457	0.63528	0.00549
7	0.00614	0.00449	0.00578	0.00637	0.00703	0.00413	0.00443	0.00742	0.01068	0.01437	0.23865	0.52767	0.11807	0.01343	0.00601	0.00181	0.00263	0.01203	0.00473	0.00413
8	0.01435	0.01015	0.01138	0.00980	0.01270	0.01132	0.00777	0.06783	0.55500	0.18169	0.01859	0.01708	0.01350	0.00649	0.00536	0.00162	0.03737	0.00524	0.00503	0.00772

[dist]
# distance from previous block
# <min> <max>
0	2

[block]
# block no. 1 follows, 52 sequences, length 9
# corresponding to MSA columns:
# 17-25
name=unknown_B
#
# <colnr> <probs for GDERKNQSTAVLIFYWHMCP>
#	G	D	E	R	K	N	Q	S	T	A	V	L	I	F	Y	W	H	M	C	P
0	0.66620	0.01104	0.00880	0.00759	0.01069	0.06926	0.00619	0.13891	0.01099	0.02245	0.00759	0.00854	0.00580	0.00475	0.00340	0.00147	0.00436	0.00294	0.00326	0.00576
1	0.86392	0.00937	0.00712	0.00637	0.00937	0.01087	0.00525	0.01425	0.00825	0.02174	0.00675	0.00787	0.00525	0.00450	0.00300	0.00150	0.00375	0.00262	0.00300	0.00525
2	0.00683	0.00533	0.00630	0.00656	0.00774	0.00510	0.00484	0.00956	0.09583	0.01493	0.17791	0.30160	0.26324	0.01225	0.00586	0.00177	0.00283	0.06230	0.00470	0.00455
3	0.01005	0.00861	0.01005	0.00718	0.01148	0.00646	0.00574	0.01220	0.01005	0.01579	0.00861	0.01005	0.00718	0.00359	0.00359	0.00072	0.00359	0.00287	0.00287	0.85932
4	0.00592	0.00468	0.00534	0.00568	0.00679	0.00410	0.00407	0.00714	0.01076	0.01360	0.13021	0.31107	0.44754	0.01298	0.00588	0.00174	0.00256	0.01126	0.00460	0.00410
5	0.00692	0.00468	0.00550	0.00562	0.00571	0.00472	0.00333	0.00713	0.00733	0.00984	0.01628	0.11272	0.01870	0.68769	0.08025	0.00464	0.00511	0.00761	0.00307	0.00314
6	0.01509	0.01245	0.01232	0.01033	0.01338	0.09250	0.00820	0.33265	0.31433	0.04581	0.05592	0.03862	0.01329	0.00651	0.00492	0.00153	0.00484	0.00518	0.00469	0.00745
7	0.00948	0.00887	0.01491	0.59969	0.18528	0.01041	0.01308	0.01246	0.00993	0.01307	0.01005	0.07294	0.00860	0.00550	0.00493	0.00161	0.00605	0.00501	0.00238	0.00574
8	0.01165	0.01085	0.01835	0.08699	0.48485	0.01126	0.10460	0.05114	0.01123	0.01618	0.00974	0.01266	0.00793	0.00479	0.00547	0.00149	0.05658	0.00450	0.08279	0.00694

[dist]
# distance from previous block
# <min> <max>
3	8

[block]
# block no. 2 follows, 52 sequences, length 22
# corresponding to MSA columns:
# 35-56
name=unknown_C
#
# <colnr> <probs for GDERKNQSTAVLIFYWHMCP>
#	G	D	E	R	K	N	Q	S	T	A	V	L	I	F	Y	W	H	M	C	P
0	0.24390	0.00948	0.00833	0.00787	0.02460	0.10346	0.00597	0.07773	0.07162	0.01859	0.08898	0.07775	0.09973	0.00731	0.00442	0.00150	0.00400	0.02394	0.11546	0.00538
1	0.01173	0.28280	0.46555	0.01180	0.01756	0.04623	0.01385	0.07126	0.01116	0.01505	0.00823	0.00949	0.00632	0.00456	0.00413	0.00136	0.00646	0.00330	0.00228	0.00688
2	0.01399	0.01348	0.01253	0.01058	0.01347	0.23578	0.04728	0.14760	0.12003	0.04352	0.04428	0.04132	0.03102	0.00647	0.00508	0.00142	0.02549	0.05612	0.00374	0.12679
3	0.00643	0.00467	0.00608	0.00693	0.00759	0.00440	0.00509	0.00769	0.01008	0.01326	0.07875	0.47802	0.11448	0.05194	0.00708	0.00209	0.00320	0.18366	0.00447	0.00407
4	0.01209	0.01009	0.01316	0.01004	0.01394	0.00950	0.10755	0.08351	0.22306	0.05829	0.01257	0.01308	0.00960	0.00478	0.00440	0.00119	0.00443	0.00418	0.00370	0.40082
5	0.00705	0.00470	0.00529	0.00529	0.00529	0.00470	0.00294	0.00705	0.00705	0.00940	0.01527	0.03171	0.01762	0.82969	0.02467	0.00470	0.00470	0.00705	0.00294	0.00294
6	0.01795	0.01330	0.01429	0.01093	0.01483	0.01455	0.00902	0.73997	0.02207	0.02971	0.01146	0.01155	0.00818	0.00569	0.00478	0.00141	0.00523	0.00428	0.00474	0.05607
7	0.01089	0.00959	0.01229	0.01444	0.22470	0.01036	0.00894	0.01926	0.42416	0.01823	0.09470	0.04774	0.06966	0.00697	0.00507	0.00159	0.00408	0.00609	0.00424	0.00700
8	0.00626	0.00499	0.00568	0.00585	0.00725	0.00440	0.00454	0.00781	0.01143	0.01436	0.17211	0.08582	0.50700	0.01219	0.00590	0.00173	0.00276	0.13105	0.00464	0.00422
9	0.21785	0.00851	0.01029	0.00810	0.01167	0.00800	0.00669	0.02143	0.01256	0.62094	0.01624	0.01449	0.01042	0.00565	0.00444	0.00150	0.00404	0.00435	0.00530	0.00755
10	0.01842	0.01357	0.01454	0.01115	0.01503	0.01503	0.00921	0.78330	0.02278	0.03054	0.01163	0.01163	0.00824	0.00582	0.00485	0.00145	0.00533	0.00436	0.00485	0.00824
11	0.00602	0.00427	0.00559	0.00660	0.00685	0.00401	0.00434	0.00678	0.00905	0.01206	0.02553	0.74434	0.03056	0.09941	0.00810	0.00225	0.00301	0.01308	0.00434	0.00383
12	0.01680	0.01970	0.01379	0.01220	0.01449	0.58155	0.00940	0.11327	0.01385	0.01414	0.00804	0.00968	0.00670	0.00657	0.03209	0.00160	0.11404	0.00349	0.00274	0.00586
13	0.79754	0.00970	0.00771	0.00675	0.00982	0.01120	0.00556	0.07463	0.00939	0.02243	0.00713	0.00817	0.00548	0.00460	0.00314	0.00150	0.00387	0.00276	0.00314	0.00548
14	0.00715	0.00535	0.00639	0.00601	0.00732	0.00498	0.00447	0.04779	0.01295	0.01755	0.49726	0.05333	0.23246	0.06725	0.00700	0.00178	0.00266	0.00889	0.00491	0.00451
15	0.01158	0.01223	0.01470	0.01269	0.01302	0.11826	0.01044	0.01266	0.00824	0.01169	0.00651	0.01036	0.00635	0.00803	0.01440	0.00201	0.71524	0.00410	0.00217	0.00534
16	0.00753	0.00538	0.00749	0.00861	0.00960	0.00534	0.00732	0.00956	0.01088	0.01419	0.02581	0.16791	0.02850	0.01365	0.00662	0.00219	0.00422	0.65636	0.00447	0.00439
17	0.00705	0.00470	0.00529	0.00529	0.00529	0.00470	0.00294	0.00705	0.00705	0.00940	0.01527	0.03171	0.01762	0.82969	0.02467	0.00470	0.00470	0.00705	0.00294	0.00294
18	0.13260	0.00708	0.00748	0.00703	0.00863	0.00756	0.00520	0.12453	0.08031	0.03393	0.01719	0.23662	0.01703	0.12397	0.00746	0.00201	0.00359	0.00718	0.16545	0.00514
19	0.01212	0.01196	0.02021	0.02853	0.71687	0.03378	0.07494	0.01505	0.01114	0.01570	0.00912	0.01199	0.00761	0.00432	0.00486	0.00145	0.00603	0.00439	0.00241	0.00753
20	0.01637	0.01128	0.01225	0.00963	0.01302	0.01214	0.00786	0.51343	0.07230	0.08781	0.01328	0.01339	0.00959	0.00575	0.00457	0.00138	0.00457	0.00443	0.13770	0.04925
21	0.01003	0.01036	0.01891	0.01486	0.01706	0.01147	0.34295	0.01239	0.00960	0.01354	0.01211	0.16159	0.01209	0.00794	0.00946	0.00189	0.29685	0.02857	0.00276	0.00556

[dist]
# distance from previous block
# <min> <max>
0	1

[block]
# block no. 3 follows, 52 sequences, length 7
# corresponding to MSA columns:
# 58-64
name=unknown_D
#
# <colnr> <probs for GDERKNQSTAVLIFYWHMCP>
#	G	D	E	R	K	N	Q	S	T	A	V	L	I	F	Y	W	H	M	C	P
0	0.31973	0.12477	0.01304	0.03407	0.05113	0.28278	0.00797	0.06140	0.01139	0.01667	0.00808	0.03405	0.00688	0.00503	0.00383	0.00136	0.00587	0.00337	0.00281	0.00576
1	0.00734	0.00542	0.00683	0.00661	0.00804	0.00501	0.03020	0.00955	0.04274	0.03739	0.23032	0.16465	0.28272	0.01106	0.00565	0.00167	0.00290	0.07007	0.06724	0.00459
2	0.03844	0.09824	0.17305	0.01412	0.13354	0.06347	0.04382	0.16068	0.08440	0.03148	0.03250	0.03025	0.01000	0.00572	0.00509	0.00150	0.03544	0.02807	0.00325	0.00694
3	0.00618	0.00447	0.00589	0.00685	0.00737	0.00418	0.00484	0.00731	0.00990	0.01313	0.07893	0.63495	0.07952	0.01444	0.00619	0.00195	0.00295	0.10234	0.00455	0.00405
4	0.00879	0.00997	0.11722	0.06013	0.09794	0.02624	0.06550	0.04483	0.02475	0.01479	0.05241	0.23595	0.14097	0.01005	0.03039	0.00185	0.00488	0.02557	0.00357	0.02421
5	0.01549	0.05086	0.01293	0.01072	0.02888	0.27901	0.00829	0.27120	0.05064	0.04431	0.05457	0.03897	0.05527	0.00740	0.03275	0.00162	0.00618	0.00481	0.01963	0.00648
6	0.01225	0.01030	0.01096	0.00970	0.01243	0.01178	0.00758	0.09357	0.66371	0.02115	0.07602	0.01882	0.01647	0.00675	0.00498	0.00162	0.00386	0.00562	0.00495	0.00750

[dist]
# distance from previous block
# <min> <max>
4	22

[block]
# block no. 4 follows, 52 sequences, length 9
# corresponding to MSA columns:
# 88-96
name=unknown_E
#
# <colnr> <probs for GDERKNQSTAVLIFYWHMCP>
#	G	D	E	R	K	N	Q	S	T	A	V	L	I	F	Y	W	H	M	C	P
0	0.17673	0.00805	0.00911	0.04390	0.01111	0.00911	0.00670	0.05201	0.22455	0.03820	0.03591	0.01798	0.01236	0.01160	0.08998	0.15959	0.02453	0.05958	0.00361	0.00540
1	0.01133	0.00914	0.01014	0.02606	0.02795	0.02355	0.00728	0.06476	0.45584	0.04134	0.10234	0.07687	0.01880	0.00826	0.02224	0.00176	0.00403	0.04025	0.04137	0.00670
2	0.00645	0.00493	0.00611	0.00603	0.00719	0.00466	0.00449	0.00812	0.01123	0.01506	0.33388	0.08601	0.27899	0.04790	0.15415	0.00286	0.00443	0.00883	0.00442	0.00427
3	0.00855	0.00554	0.00700	0.00674	0.00815	0.00516	0.00512	0.04398	0.01263	0.09486	0.35907	0.20283	0.14463	0.01105	0.00577	0.00168	0.00290	0.06445	0.00502	0.00489
4	0.00842	0.00421	0.00631	0.00631	0.00631	0.00421	0.00421	0.00631	0.00631	0.00842	0.00842	0.01473	0.00842	0.01684	0.01894	0.85901	0.00421	0.00421	0.00210	0.00210
5	0.01131	0.01214	0.07874	0.14242	0.55777	0.01158	0.04578	0.01441	0.01061	0.01507	0.00890	0.01197	0.00730	0.00461	0.00538	0.00151	0.04671	0.00431	0.00232	0.00714
6	0.01029	0.17172	0.59245	0.01229	0.01844	0.01245	0.01512	0.01537	0.04387	0.01501	0.04343	0.01126	0.00826	0.00484	0.00439	0.00145	0.00644	0.00371	0.00232	0.00690
7	0.00715	0.00524	0.00713	0.08319	0.00941	0.00568	0.00530	0.00826	0.00817	0.01116	0.05404	0.07912	0.01756	0.37375	0.26955	0.00496	0.00724	0.03623	0.00304	0.00382
8	0.01086	0.04799	0.36332	0.01141	0.02918	0.08491	0.01196	0.01419	0.01034	0.05326	0.05977	0.01427	0.01042	0.05605	0.03905	0.00196	0.10069	0.00433	0.06996	0.00609

[dist]
# distance from previous block
# <min> <max>
1	2

[block]
# block no. 5 follows, 52 sequences, length 10
# corresponding to MSA columns:
# 107-116
name=unknown_F
#
# <colnr> <probs for GDERKNQSTAVLIFYWHMCP>
#	G	D	E	R	K	N	Q	S	T	A	V	L	I	F	Y	W	H	M	C	P
0	0.00623	0.00477	0.00558	0.00568	0.00677	0.00426	0.00407	0.00763	0.01126	0.01471	0.28311	0.19309	0.34802	0.07406	0.00725	0.00190	0.00264	0.01020	0.00465	0.00413
1	0.00888	0.00695	0.00796	0.00772	0.00945	0.00724	0.00596	0.03157	0.26725	0.03330	0.15486	0.15995	0.16830	0.01034	0.00562	0.00174	0.00328	0.09927	0.00481	0.00554
2	0.00616	0.00449	0.00569	0.00651	0.00706	0.00418	0.00452	0.00715	0.00965	0.01264	0.05502	0.55539	0.14435	0.08285	0.00769	0.00215	0.00303	0.07313	0.00439	0.00394
3	0.00598	0.00495	0.00526	0.00528	0.00683	0.00423	0.00403	0.00738	0.01135	0.01388	0.13084	0.04596	0.66792	0.01208	0.00578	0.00166	0.00256	0.05528	0.00459	0.00417
4	0.33415	0.00768	0.00816	0.00694	0.00966	0.00774	0.00559	0.01560	0.01152	0.27376	0.19560	0.01988	0.07169	0.00677	0.00442	0.00151	0.00344	0.00529	0.00461	0.00598
5	0.00772	0.00513	0.00591	0.00573	0.00726	0.00463	0.00437	0.00933	0.01121	0.07507	0.14713	0.07356	0.40599	0.01256	0.06642	0.00204	0.00340	0.03013	0.11786	0.00456
6	0.12445	0.00959	0.01137	0.00888	0.01246	0.00947	0.00731	0.21342	0.01542	0.47919	0.04777	0.01501	0.01161	0.00593	0.00467	0.00149	0.00431	0.00463	0.00531	0.00772
7	0.01324	0.01097	0.01214	0.14844	0.03820	0.08670	0.00881	0.25449	0.09793	0.04145	0.07223	0.01619	0.03574	0.00800	0.05321	0.00187	0.02548	0.00493	0.06353	0.00646
8	0.51353	0.03461	0.00819	0.00706	0.00957	0.05773	0.00561	0.04681	0.00982	0.05757	0.01146	0.14352	0.01065	0.00647	0.00380	0.00152	0.00393	0.00479	0.05801	0.00531
9	0.07664	0.00933	0.00836	0.00777	0.00972	0.13862	0.00597	0.03354	0.11414	0.06709	0.15243	0.08176	0.12609	0.00824	0.00491	0.00152	0.00401	0.03937	0.10509	0.00541

[dist]
# distance from previous block
# <min> <max>
0	1

[block]
# block no. 6 follows, 52 sequences, length 22
# corresponding to MSA columns:
# 118-139
name=unknown_G
#
# <colnr> <probs for GDERKNQSTAVLIFYWHMCP>
#	G	D	E	R	K	N	Q	S	T	A	V	L	I	F	Y	W	H	M	C	P
0	0.01293	0.07908	0.03340	0.01000	0.01308	0.01232	0.02733	0.21616	0.37974	0.02090	0.01656	0.10775	0.01378	0.00698	0.00488	0.00156	0.00440	0.00580	0.00443	0.02894
1	0.01061	0.01833	0.43565	0.03098	0.20044	0.02272	0.03225	0.05007	0.04494	0.01649	0.06432	0.01374	0.02758	0.00521	0.00480	0.00151	0.00620	0.00443	0.00268	0.00704
2	0.03062	0.10037	0.09774	0.06605	0.14145	0.04434	0.07012	0.04830	0.02595	0.06525	0.01150	0.01497	0.00950	0.04594	0.09058	0.00224	0.00628	0.02188	0.10077	0.00614
3	0.00986	0.10128	0.00966	0.00721	0.00915	0.02962	0.00572	0.03047	0.07591	0.09525	0.35235	0.11011	0.10840	0.00921	0.00528	0.00154	0.00330	0.02556	0.00471	0.00538
4	0.00665	0.00445	0.00583	0.00669	0.00719	0.00411	0.00453	0.00754	0.00951	0.04833	0.02721	0.72289	0.07178	0.04009	0.00668	0.00201	0.00291	0.01297	0.00452	0.00411
5	0.01175	0.12432	0.24779	0.09765	0.03802	0.10128	0.12662	0.04611	0.09243	0.01529	0.02599	0.01280	0.02861	0.00508	0.00467	0.00147	0.00649	0.00431	0.00272	0.00656
6	0.01161	0.04604	0.08391	0.04975	0.23711	0.06197	0.08920	0.09519	0.06909	0.01631	0.01289	0.14676	0.01197	0.00716	0.01965	0.00168	0.02411	0.00592	0.00314	0.00656
7	0.00627	0.00453	0.00567	0.00639	0.00682	0.00429	0.00423	0.00735	0.02685	0.01238	0.05940	0.57448	0.08755	0.15882	0.00938	0.00240	0.00312	0.01191	0.00427	0.00388
8	0.00859	0.00519	0.00673	0.00693	0.00814	0.00465	0.00502	0.00980	0.01042	0.13286	0.04942	0.52330	0.11092	0.01271	0.00583	0.00180	0.00307	0.04633	0.00467	0.04362
9	0.01308	0.40635	0.22632	0.01023	0.01486	0.05909	0.01074	0.07931	0.03922	0.05857	0.00949	0.03589	0.00782	0.00500	0.00398	0.00129	0.00573	0.00362	0.00272	0.00669
10	0.01312	0.00771	0.00947	0.00886	0.04885	0.00774	0.00647	0.15836	0.04836	0.20370	0.02944	0.17050	0.05169	0.04718	0.04453	0.00199	0.00426	0.00681	0.12479	0.00618
11	0.00961	0.00648	0.00774	0.00692	0.00880	0.00625	0.00539	0.08696	0.06197	0.09869	0.41056	0.03346	0.19532	0.00951	0.00553	0.00157	0.00297	0.03176	0.00513	0.00539
12	0.04444	0.00577	0.00697	0.00665	0.00687	0.00652	0.00445	0.00818	0.00723	0.01045	0.01341	0.02632	0.01490	0.59029	0.11168	0.00455	0.11873	0.00626	0.00279	0.00352
13	0.30279	0.12351	0.02919	0.03288	0.01319	0.19700	0.02527	0.10475	0.01175	0.04833	0.00841	0.00972	0.00666	0.00635	0.04151	0.00169	0.02472	0.00332	0.00300	0.00596
14	0.01922	0.00864	0.01107	0.00872	0.01215	0.00805	0.00712	0.10844	0.06305	0.58734	0.06252	0.03752	0.03011	0.00658	0.00497	0.00152	0.00407	0.00540	0.00570	0.00782
15	0.00722	0.00528	0.00692	0.00770	0.00877	0.00511	0.00638	0.00903	0.01081	0.01392	0.05786	0.10030	0.16556	0.07301	0.00777	0.00226	0.00393	0.49952	0.00439	0.00425
16	0.03231	0.00638	0.00740	0.00670	0.00846	0.00620	0.00520	0.11936	0.01400	0.04053	0.41197	0.05399	0.22484	0.00990	0.00554	0.00157	0.00294	0.03265	0.00496	0.00507
17	0.00645	0.00453	0.00584	0.00664	0.00699	0.00435	0.00453	0.00732	0.00914	0.01219	0.05389	0.50923	0.02860	0.21101	0.01068	0.00264	0.00345	0.10458	0.00415	0.00378
18	0.00845	0.00592	0.00672	0.00634	0.00740	0.00612	0.00455	0.03055	0.08641	0.03267	0.11838	0.02978	0.14253	0.28596	0.01215	0.00261	0.04376	0.02561	0.13966	0.00445
19	0.00727	0.00523	0.00642	0.00607	0.00745	0.00480	0.00457	0.00967	0.04062	0.04494	0.54976	0.06255	0.21178	0.01035	0.00568	0.00157	0.00246	0.00900	0.00513	0.00468
20	0.69673	0.01046	0.00835	0.00731	0.01035	0.04791	0.00595	0.08945	0.05286	0.02206	0.00797	0.00884	0.00611	0.00476	0.00335	0.00149	0.00413	0.00297	0.00326	0.00569
21	0.00789	0.00657	0.00920	0.09563	0.11814	0.00639	0.02582	0.00997	0.02743	0.03287	0.08581	0.11575	0.33903	0.03572	0.00618	0.00177	0.00378	0.06314	0.00397	0.00496

[dist]
# distance from previous block
# <min> <max>
0	1

[block]
# block no. 7 follows, 52 sequences, length 17
# corresponding to MSA columns:
# 141-145,148-159
name=unknown_H
#
# <colnr> <probs for GDERKNQSTAVLIFYWHMCP>
#	G	D	E	R	K	N	Q	S	T	A	V	L	I	F	Y	W	H	M	C	P
0	0.01410	0.29109	0.14166	0.03246	0.12645	0.17557	0.03396	0.04181	0.01165	0.07625	0.00881	0.01004	0.00698	0.00463	0.00415	0.00130	0.00633	0.00347	0.00262	0.00667
1	0.01097	0.08702	0.66809	0.01300	0.01961	0.01184	0.01622	0.05075	0.01095	0.05478	0.00919	0.01041	0.00653	0.00469	0.00451	0.00149	0.00677	0.00360	0.00237	0.00719
2	0.00612	0.00472	0.00564	0.00621	0.00721	0.00424	0.00457	0.00737	0.01050	0.01332	0.07793	0.35942	0.35506	0.01345	0.00603	0.00184	0.00284	0.10491	0.00454	0.00410
3	0.01205	0.01268	0.13074	0.09134	0.33557	0.01082	0.09531	0.08410	0.01221	0.06634	0.05497	0.01446	0.02780	0.00514	0.00492	0.00150	0.00579	0.00479	0.02243	0.00704
4	0.01508	0.08263	0.01635	0.01373	0.07729	0.31002	0.08088	0.12104	0.06080	0.03354	0.00979	0.01217	0.00809	0.00572	0.00603	0.00148	0.10734	0.02860	0.00301	0.00638
5	0.01025	0.00752	0.00981	0.00840	0.01064	0.00727	0.06302	0.05349	0.10801	0.10322	0.03592	0.19722	0.15277	0.06657	0.00697	0.00179	0.03023	0.00778	0.00421	0.11490
6	0.01124	0.00997	0.01540	0.22862	0.36741	0.01074	0.01211	0.04143	0.12434	0.03914	0.01332	0.05265	0.04106	0.00571	0.00493	0.00155	0.00533	0.00518	0.00307	0.00680
7	0.01559	0.01802	0.01214	0.01113	0.01333	0.54679	0.00833	0.10805	0.01388	0.01420	0.01200	0.17986	0.01187	0.00722	0.00481	0.00142	0.00709	0.00549	0.00320	0.00558
8	0.00702	0.00505	0.00591	0.00585	0.00726	0.00440	0.00431	0.00847	0.01141	0.05799	0.21504	0.21273	0.39188	0.01180	0.00572	0.00165	0.00261	0.01019	0.00473	0.02599
9	0.01076	0.28445	0.55431	0.01204	0.01823	0.01380	0.01482	0.01508	0.01011	0.01408	0.00807	0.00944	0.00616	0.00446	0.00412	0.00137	0.00653	0.00326	0.00205	0.00686
10	0.00987	0.00945	0.01667	0.56539	0.14913	0.01082	0.10871	0.01311	0.01013	0.01353	0.00912	0.01300	0.00699	0.00470	0.00489	0.00157	0.00640	0.00449	0.03617	0.00584
11	0.00636	0.00460	0.00580	0.00656	0.00704	0.00439	0.00446	0.00755	0.02965	0.01247	0.04614	0.55634	0.08965	0.14206	0.00903	0.00236	0.00318	0.05413	0.00428	0.00393
12	0.01199	0.01151	0.01967	0.02974	0.79946	0.01151	0.01487	0.01487	0.01103	0.01583	0.00912	0.01199	0.00768	0.00432	0.00480	0.00144	0.00576	0.00432	0.00240	0.00768
13	0.01030	0.00978	0.01661	0.49971	0.34275	0.01107	0.01403	0.01339	0.01023	0.01377	0.00882	0.01255	0.00695	0.00463	0.00483	0.00154	0.00618	0.00431	0.00225	0.00631
14	0.01149	0.46725	0.37793	0.01079	0.01630	0.01559	0.01264	0.01489	0.01002	0.01319	0.00762	0.00889	0.00618	0.00435	0.00379	0.00126	0.00608	0.00304	0.00206	0.00665
15	0.00916	0.00572	0.00737	0.00761	0.00875	0.00552	0.00563	0.07927	0.01137	0.10817	0.04197	0.54693	0.02734	0.01291	0.00596	0.00189	0.00338	0.10141	0.00472	0.00491
16	0.01008	0.00966	0.01668	0.55262	0.25475	0.01105	0.04974	0.01325	0.01016	0.01353	0.00881	0.01266	0.00685	0.00466	0.00487	0.00157	0.00634	0.00438	0.00224	0.00610

[dist]
# distance from previous block
# <min> <max>
0	1

[block]
# block no. 8 follows, 52 sequences, length 14
# corresponding to MSA columns:
# 161-174
name=unknown_I
#
# <colnr> <probs for GDERKNQSTAVLIFYWHMCP>
#	G	D	E	R	K	N	Q	S	T	A	V	L	I	F	Y	W	H	M	C	P
0	0.02300	0.01138	0.01290	0.01160	0.06715	0.15057	0.09252	0.11290	0.02494	0.05562	0.12587	0.10781	0.05808	0.00722	0.00539	0.00147	0.03189	0.00615	0.00376	0.08976
1	0.02690	0.00521	0.00592	0.00575	0.00693	0.00551	0.00437	0.04411	0.01000	0.01648	0.02977	0.01931	0.02684	0.05260	0.20971	0.00303	0.00527	0.00494	0.51278	0.00457
2	0.02279	0.00767	0.00872	0.00828	0.00961	0.07231	0.00638	0.11153	0.01085	0.01460	0.06790	0.08313	0.01572	0.05324	0.39060	0.05373	0.00869	0.04617	0.00331	0.00478
3	0.05990	0.00953	0.01195	0.04516	0.01376	0.02091	0.07224	0.05623	0.05004	0.03759	0.00995	0.02704	0.00809	0.00433	0.00403	0.00102	0.00431	0.00365	0.00313	0.55714
4	0.00665	0.00526	0.00609	0.00629	0.00757	0.00491	0.00471	0.00906	0.07361	0.01471	0.16814	0.22524	0.35916	0.01219	0.00585	0.00175	0.00280	0.07689	0.00467	0.00446
5	0.00607	0.00482	0.00545	0.00552	0.00681	0.00420	0.00405	0.00753	0.01151	0.01473	0.25237	0.16273	0.47294	0.01206	0.00579	0.00166	0.00246	0.01036	0.00473	0.00420
6	0.01289	0.73128	0.09101	0.00893	0.01326	0.05059	0.00915	0.01478	0.01004	0.01175	0.00693	0.00802	0.00621	0.00422	0.00329	0.00109	0.00549	0.00270	0.00209	0.00627
7	0.05082	0.01007	0.01496	0.17793	0.20807	0.03253	0.05940	0.07815	0.01153	0.11652	0.03174	0.01384	0.00927	0.00875	0.09410	0.00224	0.06592	0.00458	0.00313	0.00647
8	0.00728	0.00473	0.00603	0.00663	0.00748	0.00429	0.00467	0.00833	0.01006	0.08041	0.03022	0.58874	0.17362	0.01380	0.00600	0.00187	0.00290	0.03396	0.00463	0.00435
9	0.00642	0.00462	0.00614	0.00716	0.00773	0.00439	0.00526	0.00762	0.00980	0.01287	0.02737	0.55843	0.07433	0.03923	0.00685	0.00210	0.00327	0.20792	0.00444	0.00405
10	0.01092	0.22756	0.52458	0.01289	0.01897	0.03783	0.07373	0.01527	0.01033	0.01426	0.00825	0.00978	0.00626	0.00446	0.00431	0.00141	0.00679	0.00348	0.00210	0.00683
11	0.10515	0.00744	0.00790	0.00687	0.00899	0.00781	0.00535	0.12650	0.08839	0.11562	0.06426	0.01807	0.01373	0.07196	0.00574	0.00162	0.00345	0.00490	0.33048	0.00578
12	0.00956	0.00564	0.00700	0.00702	0.00833	0.00544	0.00514	0.02465	0.07594	0.13609	0.06450	0.42885	0.05315	0.01123	0.00546	0.00172	0.00306	0.02588	0.11623	0.00511
13	0.01181	0.49479	0.17302	0.00922	0.01346	0.03103	0.00962	0.01527	0.07721	0.01376	0.04438	0.01114	0.00914	0.00482	0.00372	0.00122	0.00519	0.00345	0.06142	0.00632

[dist]
# distance from previous block
# <min> <max>
1	31

[block]
# block no. 9 follows, 52 sequences, length 22
# corresponding to MSA columns:
# 206-227
name=unknown_J
#
# <colnr> <probs for GDERKNQSTAVLIFYWHMCP>
#	G	D	E	R	K	N	Q	S	T	A	V	L	I	F	Y	W	H	M	C	P
0	0.01207	0.42307	0.06399	0.04162	0.01538	0.07115	0.13045	0.03849	0.01078	0.01324	0.01024	0.07950	0.02484	0.00538	0.00415	0.00129	0.00574	0.00441	0.00254	0.04167
1	0.00651	0.00475	0.00571	0.00615	0.00710	0.00429	0.00441	0.00767	0.01034	0.03117	0.09654	0.35673	0.29835	0.07209	0.00733	0.00202	0.00293	0.06733	0.00449	0.00411
2	0.00680	0.00491	0.00592	0.00626	0.00712	0.00458	0.00438	0.03209	0.01044	0.02606	0.11180	0.39755	0.21714	0.11528	0.00828	0.00216	0.00304	0.02762	0.00443	0.00413
3	0.27902	0.22215	0.01471	0.06605	0.02735	0.20360	0.00810	0.06149	0.05009	0.01645	0.00803	0.00921	0.00651	0.00473	0.00372	0.00133	0.00562	0.00313	0.00278	0.00593
4	0.00683	0.00478	0.00634	0.00701	0.00754	0.00481	0.00512	0.00800	0.00903	0.01225	0.02158	0.33633	0.02434	0.18583	0.13609	0.00347	0.00514	0.17789	0.03368	0.00393
5	0.01157	0.00965	0.00997	0.00882	0.01114	0.07032	0.00691	0.10356	0.29586	0.04711	0.22354	0.02418	0.06800	0.00780	0.00540	0.00156	0.02104	0.03796	0.00472	0.03089
6	0.01137	0.11565	0.42717	0.01400	0.04391	0.06744	0.12714	0.05361	0.01118	0.01534	0.00883	0.01064	0.00671	0.00547	0.02888	0.00162	0.00710	0.00383	0.00234	0.03777
7	0.01192	0.00771	0.00837	0.00727	0.00940	0.00819	0.00571	0.18058	0.14516	0.06094	0.12128	0.01905	0.01640	0.00643	0.00435	0.00136	0.00329	0.00524	0.37131	0.00605
8	0.00628	0.00507	0.00559	0.00569	0.00707	0.00454	0.00423	0.00812	0.04359	0.01407	0.13677	0.14987	0.51668	0.03037	0.00622	0.00176	0.00268	0.04256	0.00459	0.00427
9	0.00617	0.00448	0.00581	0.00676	0.00729	0.00419	0.00477	0.00720	0.00963	0.01261	0.02868	0.61264	0.11711	0.04419	0.00687	0.00206	0.00305	0.10807	0.00444	0.00398
10	0.01144	0.00669	0.00713	0.00635	0.00818	0.00700	0.00495	0.14596	0.06560	0.06210	0.01568	0.03163	0.01219	0.00652	0.01930	0.00138	0.00321	0.00476	0.57439	0.00556
11	0.01273	0.01052	0.01223	0.00985	0.02825	0.05053	0.04361	0.16321	0.10160	0.05778	0.01159	0.03048	0.00929	0.00697	0.05323	0.00158	0.02971	0.00415	0.00359	0.35908
12	0.01019	0.06642	0.62871	0.01466	0.02127	0.01185	0.14928	0.01533	0.01042	0.01517	0.00878	0.01059	0.00635	0.00449	0.00472	0.00153	0.00723	0.00390	0.00212	0.00700
13	0.03519	0.01859	0.01347	0.01209	0.04185	0.51943	0.00904	0.12637	0.01473	0.12977	0.00983	0.01040	0.00741	0.00519	0.00448	0.00131	0.00727	0.00358	0.00335	0.02666
14	0.03232	0.01112	0.02972	0.01180	0.01407	0.08742	0.12941	0.05197	0.01113	0.09642	0.05529	0.04583	0.04352	0.00742	0.00832	0.00171	0.24443	0.05856	0.00333	0.05624
15	0.02683	0.02540	0.04687	0.01118	0.01369	0.01848	0.21317	0.01314	0.06347	0.09030	0.02828	0.31419	0.02887	0.02644	0.00615	0.00178	0.02416	0.00839	0.03365	0.00557
16	0.00609	0.00451	0.00566	0.00649	0.00713	0.00415	0.00456	0.00711	0.00972	0.01259	0.03083	0.55614	0.19260	0.05031	0.00695	0.00204	0.00297	0.08174	0.00443	0.00397
17	0.02679	0.01039	0.05161	0.03858	0.06095	0.00963	0.37590	0.01277	0.01053	0.02899	0.01484	0.22432	0.01476	0.00776	0.00621	0.00176	0.04653	0.04883	0.00312	0.00575
18	0.02959	0.01238	0.09104	0.01209	0.01549	0.06265	0.18504	0.08333	0.19595	0.04134	0.09067	0.01903	0.09220	0.00656	0.00561	0.00159	0.03940	0.00576	0.00379	0.00649
19	0.01074	0.00686	0.00922	0.06522	0.12523	0.00693	0.00687	0.05961	0.01172	0.09819	0.11423	0.05484	0.03297	0.02546	0.03061	0.00168	0.00391	0.02306	0.30707	0.00558
20	0.00594	0.00425	0.00566	0.00672	0.00704	0.00396	0.00450	0.00685	0.00947	0.01267	0.05959	0.79279	0.03264	0.01496	0.00617	0.00195	0.00279	0.01356	0.00453	0.00396
21	0.03471	0.29603	0.30210	0.01123	0.01591	0.21218	0.01183	0.01579	0.01089	0.01323	0.00820	0.03215	0.00690	0.00484	0.00405	0.00131	0.00667	0.00340	0.00226	0.00632

[dist]
# distance from previous block
# <min> <max>
29	140

[block]
# block no. 10 follows, 52 sequences, length 14
# corresponding to MSA columns:
# 378-391
name=unknown_K
#
# <colnr> <probs for GDERKNQSTAVLIFYWHMCP>
#	G	D	E	R	K	N	Q	S	T	A	V	L	I	F	Y	W	H	M	C	P
0	0.01343	0.41989	0.01945	0.08886	0.01479	0.11039	0.00915	0.05532	0.01080	0.05146	0.00806	0.00974	0.00682	0.00522	0.00564	0.00134	0.13500	0.00334	0.02521	0.00608
1	0.01160	0.00904	0.01110	0.00853	0.01211	0.00813	0.04965	0.12751	0.07212	0.07057	0.05064	0.04389	0.08619	0.00584	0.00447	0.00117	0.00396	0.00492	0.00383	0.41472
2	0.00846	0.07134	0.04800	0.18801	0.03172	0.00826	0.00798	0.04704	0.02517	0.01483	0.13547	0.07582	0.24798	0.00885	0.00549	0.00161	0.02199	0.04310	0.00372	0.00513
3	0.01019	0.21115	0.54497	0.01177	0.01764	0.01244	0.01436	0.01454	0.01048	0.01483	0.08543	0.01220	0.01003	0.00502	0.00436	0.00142	0.00622	0.00386	0.00237	0.00669
4	0.00997	0.00829	0.01270	0.51047	0.05271	0.00932	0.01082	0.02839	0.02826	0.06569	0.01398	0.06027	0.07396	0.00602	0.00487	0.00153	0.00539	0.00524	0.00293	0.08920
5	0.01119	0.01228	0.08656	0.18029	0.49838	0.01143	0.10017	0.01450	0.01075	0.01509	0.00906	0.01214	0.00727	0.00442	0.00489	0.00150	0.00628	0.00441	0.00233	0.00706
6	0.00590	0.00422	0.00562	0.00675	0.00703	0.00394	0.00450	0.00675	0.00928	0.01237	0.02671	0.82653	0.03205	0.01518	0.00619	0.00197	0.00281	0.01378	0.00450	0.00394
7	0.00670	0.08541	0.00767	0.00701	0.00772	0.00552	0.00505	0.00768	0.00943	0.01239	0.02470	0.70549	0.02930	0.01401	0.00591	0.00189	0.00313	0.05254	0.00426	0.00419
8	0.01142	0.00759	0.00956	0.00845	0.01067	0.00752	0.04232	0.12305	0.09915	0.14878	0.05759	0.20325	0.17319	0.00992	0.00554	0.00170	0.00379	0.06584	0.00478	0.00590
9	0.00789	0.00603	0.00705	0.00726	0.00821	0.02813	0.00524	0.01014	0.08584	0.04411	0.04877	0.39925	0.13138	0.08760	0.03159	0.00228	0.04005	0.04033	0.00426	0.00456
10	0.00934	0.00543	0.00703	0.00712	0.00829	0.00507	0.00511	0.03212	0.02723	0.15636	0.08511	0.53062	0.05613	0.03294	0.00629	0.00188	0.00313	0.01104	0.00481	0.00494
11	0.09437	0.00648	0.00761	0.00710	0.00907	0.00623	0.00546	0.01354	0.07720	0.20359	0.10130	0.22131	0.17339	0.01006	0.00534	0.00169	0.00326	0.04266	0.00483	0.00553
12	0.01426	0.01183	0.01190	0.01013	0.01260	0.18108	0.05449	0.10217	0.12882	0.14808	0.05072	0.01959	0.03062	0.11095	0.02776	0.00209	0.02957	0.04314	0.00402	0.00619
13	0.01424	0.00976	0.01157	0.00963	0.01246	0.02376	0.03378	0.24815	0.15965	0.15383	0.09594	0.02020	0.03095	0.00989	0.08398	0.00217	0.00529	0.05040	0.01746	0.00692

[dist]
# distance from previous block
# <min> <max>
7	9

[block]
# block no. 11 follows, 52 sequences, length 11
# corresponding to MSA columns:
# 403-413
name=unknown_L
#
# <colnr> <probs for GDERKNQSTAVLIFYWHMCP>
#	G	D	E	R	K	N	Q	S	T	A	V	L	I	F	Y	W	H	M	C	P
0	0.00795	0.01104	0.22031	0.00841	0.01145	0.00724	0.00832	0.01224	0.12124	0.01557	0.14556	0.09587	0.26483	0.02678	0.00577	0.00170	0.00400	0.02225	0.00400	0.00546
1	0.01057	0.00874	0.00998	0.00788	0.01144	0.00778	0.00619	0.01574	0.21930	0.03749	0.03402	0.05972	0.01180	0.00528	0.00419	0.00108	0.00359	0.00440	0.00366	0.53717
2	0.00649	0.00475	0.00609	0.00615	0.00711	0.00435	0.00446	0.00828	0.01226	0.01691	0.51611	0.24892	0.11696	0.01156	0.00584	0.00165	0.00244	0.01025	0.00503	0.00435
3	0.00773	0.01029	0.22008	0.00828	0.01044	0.00684	0.00783	0.00972	0.00811	0.01151	0.01286	0.02238	0.01299	0.38461	0.24125	0.00472	0.00770	0.00559	0.00260	0.00446
4	0.00701	0.00539	0.00681	0.00686	0.00822	0.00461	0.00483	0.00821	0.00948	0.01329	0.02186	0.60784	0.02539	0.01208	0.00549	0.00163	0.00302	0.01086	0.00406	0.23304
5	0.23875	0.00882	0.00927	0.00696	0.01092	0.00764	0.00561	0.01275	0.00957	0.01739	0.00811	0.00947	0.00666	0.00383	0.00343	0.00093	0.00363	0.00280	0.00291	0.63056
6	0.01062	0.00986	0.01358	0.06709	0.15654	0.04909	0.07830	0.01597	0.21914	0.01553	0.04629	0.01708	0.02499	0.04081	0.12794	0.00264	0.06261	0.00521	0.03052	0.00619
7	0.01164	0.23104	0.04065	0.04167	0.45720	0.01286	0.01234	0.01417	0.01067	0.01439	0.01036	0.01575	0.00954	0.00534	0.00456	0.00143	0.00551	0.09151	0.00253	0.00684
8	0.24450	0.06906	0.01331	0.00967	0.01333	0.01420	0.00809	0.52418	0.01800	0.02686	0.00999	0.01036	0.00730	0.00535	0.00423	0.00144	0.00490	0.00377	0.00416	0.00730
9	0.01224	0.01420	0.22408	0.01017	0.01525	0.00892	0.00982	0.03777	0.01160	0.05361	0.01070	0.01250	0.00856	0.00505	0.00462	0.00128	0.00515	0.00371	0.00336	0.54740
10	0.03922	0.01513	0.04135	0.01125	0.03674	0.30334	0.00881	0.05448	0.15764	0.23779	0.01326	0.01297	0.00955	0.00567	0.00498	0.00145	0.03122	0.00418	0.00402	0.00695

[dist]
# distance from previous block
# <min> <max>
0	3

[block]
# block no. 12 follows, 52 sequences, length 12
# corresponding to MSA columns:
# 428-439
name=unknown_M
#
# <colnr> <probs for GDERKNQSTAVLIFYWHMCP>
#	G	D	E	R	K	N	Q	S	T	A	V	L	I	F	Y	W	H	M	C	P
0	0.00756	0.00553	0.00658	0.00623	0.00772	0.00518	0.00469	0.01047	0.08263	0.04969	0.43414	0.08220	0.25826	0.01043	0.00564	0.00159	0.00258	0.00902	0.00504	0.00483
1	0.01821	0.00836	0.01130	0.08118	0.01408	0.00731	0.00741	0.02026	0.01271	0.57008	0.01602	0.01485	0.01051	0.00540	0.00461	0.00135	0.00422	0.00441	0.00501	0.18273
2	0.00694	0.00487	0.00632	0.00637	0.00674	0.00521	0.00428	0.00768	0.00746	0.01030	0.01492	0.06670	0.01612	0.46722	0.34204	0.00581	0.00796	0.00664	0.00288	0.00355
3	0.00915	0.00861	0.01453	0.81804	0.03338	0.01077	0.01346	0.01238	0.00969	0.01238	0.00861	0.01292	0.00646	0.00484	0.00484	0.00161	0.00646	0.00431	0.00215	0.00538
4	0.00776	0.00477	0.00607	0.00644	0.00698	0.00449	0.00425	0.00848	0.00916	0.08451	0.05040	0.47248	0.02615	0.27106	0.01188	0.00277	0.00351	0.01065	0.00417	0.00404
5	0.00645	0.00494	0.00591	0.00567	0.00699	0.00440	0.00425	0.00835	0.01275	0.01713	0.52582	0.03998	0.31824	0.01076	0.00572	0.00156	0.00235	0.00929	0.00503	0.00440
6	0.10659	0.01140	0.01164	0.00967	0.01275	0.04148	0.00774	0.32783	0.26058	0.05928	0.04695	0.01463	0.01175	0.00640	0.00510	0.02784	0.00454	0.00469	0.02194	0.00722
7	0.00718	0.00473	0.00528	0.00526	0.00648	0.00436	0.00390	0.00903	0.01136	0.01651	0.24739	0.09758	0.25662	0.00960	0.00497	0.00146	0.00237	0.00817	0.29340	0.00436
8	0.04758	0.00935	0.01103	0.02621	0.10005	0.00962	0.00762	0.12737	0.21987	0.01930	0.01438	0.06925	0.01204	0.00608	0.00449	0.00137	0.00403	0.02236	0.09731	0.19070
9	0.00633	0.00474	0.00601	0.00654	0.00739	0.00423	0.00453	0.00744	0.00986	0.01327	0.08390	0.61231	0.11210	0.01344	0.00587	0.00179	0.00281	0.01205	0.00441	0.08099
10	0.00896	0.00644	0.00739	0.00703	0.00883	0.00629	0.00544	0.05404	0.12829	0.07711	0.13251	0.13798	0.31125	0.01075	0.00564	0.00170	0.00315	0.07715	0.00480	0.00525
11	0.05024	0.01298	0.02847	0.02537	0.01443	0.17541	0.08876	0.14142	0.01316	0.10062	0.01126	0.01297	0.02667	0.04670	0.00584	0.00146	0.03169	0.00414	0.00340	0.20501

[dist]
# distance from previous block
# <min> <max>
1	3

[block]
# block no. 13 follows, 52 sequences, length 10
# corresponding to MSA columns:
# 450-459
name=unknown_N
#
# <colnr> <probs for GDERKNQSTAVLIFYWHMCP>
#	G	D	E	R	K	N	Q	S	T	A	V	L	I	F	Y	W	H	M	C	P
0	0.00867	0.00628	0.00743	0.00689	0.00863	0.00605	0.00546	0.11249	0.01379	0.04289	0.33907	0.03796	0.25928	0.01042	0.00571	0.00165	0.00310	0.11429	0.00492	0.00502
1	0.01190	0.01268	0.15836	0.02536	0.01497	0.04612	0.10462	0.11891	0.01174	0.07881	0.05194	0.01541	0.03657	0.02730	0.06939	0.08183	0.12011	0.00488	0.00315	0.00595
2	0.00630	0.00485	0.00577	0.00584	0.00705	0.00432	0.00434	0.00793	0.01184	0.01556	0.34069	0.16122	0.34920	0.01183	0.00584	0.00167	0.00253	0.04412	0.00483	0.00427
3	0.09483	0.00546	0.00580	0.00592	0.00711	0.00561	0.00434	0.04286	0.03110	0.01715	0.04133	0.28920	0.01916	0.00889	0.00446	0.00149	0.00277	0.00758	0.40030	0.00464
4	0.02914	0.00616	0.00754	0.00675	0.00863	0.00582	0.00520	0.04661	0.02858	0.21251	0.24899	0.13023	0.06257	0.00856	0.00501	0.00150	0.00301	0.00732	0.17026	0.00560
5	0.00596	0.00438	0.00559	0.00643	0.00698	0.00401	0.00439	0.00698	0.00990	0.01306	0.09431	0.65041	0.14115	0.01433	0.00608	0.00188	0.00272	0.01286	0.00457	0.00401
6	0.01067	0.00507	0.00558	0.00519	0.00669	0.00488	0.00398	0.01288	0.01091	0.12768	0.06606	0.01900	0.01448	0.00597	0.00374	0.00121	0.00252	0.00484	0.68363	0.00504
7	0.74588	0.01129	0.00805	0.00723	0.01015	0.12243	0.00582	0.01496	0.00901	0.02036	0.00685	0.00799	0.00539	0.00457	0.00319	0.00146	0.00445	0.00269	0.00293	0.00530
8	0.01463	0.00946	0.01429	0.01050	0.01466	0.00811	0.16411	0.01756	0.04442	0.29931	0.01310	0.01332	0.00927	0.00468	0.00454	0.00122	0.00472	0.00428	0.00400	0.34381
9	0.04123	0.01510	0.16666	0.02950	0.12717	0.11473	0.11895	0.03801	0.19510	0.05193	0.01254	0.01468	0.00978	0.00547	0.00489	0.00155	0.00610	0.03642	0.00327	0.00693

[dist]
# distance from previous block
# <min> <max>
0	1

[block]
# block no. 14 follows, 52 sequences, length 16
# corresponding to MSA columns:
# 461-476
name=unknown_O
#
# <colnr> <probs for GDERKNQSTAVLIFYWHMCP>
#	G	D	E	R	K	N	Q	S	T	A	V	L	I	F	Y	W	H	M	C	P
0	0.01173	0.00896	0.01173	0.00853	0.01266	0.00726	0.06310	0.01395	0.01057	0.12033	0.01002	0.01115	0.00780	0.00411	0.00434	0.00094	0.03198	0.00339	0.00323	0.65422
1	0.01354	0.11322	0.14010	0.01162	0.06486	0.01196	0.03541	0.23617	0.05787	0.07249	0.03810	0.01481	0.02698	0.00564	0.00460	0.00139	0.00516	0.03507	0.00367	0.10735
2	0.00635	0.00460	0.00602	0.00661	0.00711	0.00452	0.00451	0.00727	0.00876	0.01179	0.02328	0.48402	0.07150	0.15003	0.16015	0.00346	0.00502	0.01065	0.00386	0.02048
3	0.01349	0.10247	0.05303	0.23301	0.03602	0.07453	0.01025	0.22137	0.06522	0.05447	0.02158	0.02613	0.02577	0.00553	0.00462	0.00144	0.00563	0.00440	0.00341	0.03763
4	0.01134	0.12105	0.48618	0.01371	0.05096	0.01218	0.08527	0.05645	0.02980	0.05053	0.03196	0.01154	0.00803	0.00481	0.00459	0.00147	0.00650	0.00398	0.00259	0.00705
5	0.00656	0.00485	0.00575	0.00606	0.00715	0.00436	0.00434	0.00809	0.02818	0.03582	0.15282	0.36405	0.32872	0.01281	0.00587	0.00175	0.00265	0.01121	0.00468	0.00430
6	0.01062	0.07332	0.44246	0.06333	0.02008	0.06385	0.12011	0.01474	0.01032	0.01427	0.00984	0.01186	0.03443	0.00519	0.00579	0.00156	0.08536	0.00412	0.00223	0.00652
7	0.03593	0.04039	0.10072	0.18458	0.05881	0.03669	0.07898	0.05079	0.02877	0.09767	0.03492	0.01888	0.04277	0.02058	0.02044	0.00180	0.05914	0.07883	0.00323	0.00609
8	0.00926	0.00738	0.00962	0.00878	0.01038	0.00776	0.05648	0.10467	0.09113	0.02657	0.03749	0.22562	0.14018	0.07544	0.02404	0.00216	0.05977	0.09393	0.00416	0.00518
9	0.01804	0.00880	0.01089	0.00865	0.01190	0.00850	0.00704	0.16037	0.07290	0.47092	0.09830	0.01787	0.01505	0.00639	0.00486	0.00148	0.00401	0.00521	0.06125	0.00758
10	0.00911	0.00774	0.03395	0.01011	0.01229	0.00712	0.16190	0.01189	0.05239	0.07007	0.08819	0.15742	0.12594	0.05066	0.04254	0.00219	0.01891	0.12837	0.00401	0.00520
11	0.03673	0.07445	0.04100	0.03999	0.07122	0.12921	0.41192	0.04319	0.01178	0.03659	0.00976	0.02589	0.00775	0.00565	0.03168	0.00171	0.00753	0.00489	0.00265	0.00639
12	0.01015	0.00593	0.00676	0.00624	0.00762	0.00602	0.00463	0.05318	0.06066	0.09261	0.10950	0.07467	0.03158	0.13617	0.00781	0.00191	0.02085	0.00620	0.35251	0.00501
13	0.00859	0.00563	0.00663	0.00655	0.00677	0.05680	0.00434	0.00751	0.00709	0.00909	0.01046	0.01908	0.01094	0.23036	0.07340	0.52152	0.00523	0.00495	0.00238	0.00270
14	0.03531	0.01263	0.13097	0.18113	0.22361	0.03811	0.06451	0.09355	0.01192	0.03628	0.01095	0.01519	0.00893	0.00539	0.00483	0.00154	0.00593	0.05730	0.05537	0.00657
15	0.11787	0.06960	0.01269	0.00984	0.01290	0.24452	0.00783	0.18227	0.04891	0.04442	0.01056	0.06320	0.00894	0.00571	0.00455	0.00133	0.02502	0.00414	0.00344	0.12226

[dist]
# distance from previous block
# <min> <max>
0	1

[block]
# block no. 15 follows, 52 sequences, length 28
# corresponding to MSA columns:
# 478-489,492-497,502-511
name=unknown_P
#
# <colnr> <probs for GDERKNQSTAVLIFYWHMCP>
#	G	D	E	R	K	N	Q	S	T	A	V	L	I	F	Y	W	H	M	C	P
0	0.03973	0.00748	0.04504	0.00760	0.00992	0.00655	0.00631	0.04355	0.06241	0.20424	0.10188	0.11897	0.20918	0.01082	0.04211	0.00194	0.00398	0.06782	0.00473	0.00573
1	0.01349	0.38587	0.12043	0.01096	0.02960	0.08952	0.07492	0.08276	0.03166	0.05899	0.00993	0.01136	0.02270	0.03280	0.00475	0.00139	0.00588	0.00372	0.00276	0.00651
2	0.00846	0.00614	0.00731	0.00713	0.00864	0.00606	0.00533	0.01203	0.14892	0.06948	0.14857	0.28070	0.18872	0.01107	0.00584	0.00171	0.01996	0.02925	0.00471	0.02994
3	0.00588	0.00431	0.00552	0.00649	0.00696	0.00396	0.00438	0.00678	0.00953	0.01247	0.02986	0.71669	0.13985	0.01477	0.00612	0.00192	0.00276	0.01328	0.00450	0.00396
4	0.02387	0.01054	0.03029	0.24488	0.14224	0.05258	0.10190	0.03439	0.02545	0.05237	0.04718	0.01502	0.04106	0.00573	0.00609	0.00157	0.09585	0.00484	0.04163	0.02250
5	0.01667	0.01539	0.11539	0.01147	0.03572	0.18217	0.00976	0.26400	0.07553	0.16836	0.01271	0.02817	0.00943	0.02677	0.00526	0.00154	0.00590	0.00442	0.00409	0.00727
6	0.01727	0.00808	0.01038	0.00846	0.01155	0.00751	0.00694	0.10257	0.03460	0.49375	0.09996	0.02353	0.06772	0.00749	0.00518	0.00158	0.00398	0.07667	0.00554	0.00723
7	0.02185	0.01733	0.42836	0.03639	0.09781	0.01014	0.07923	0.03585	0.02695	0.01565	0.03907	0.07738	0.04365	0.00691	0.02556	0.00175	0.00631	0.02054	0.00274	0.00654
8	0.01064	0.01119	0.01943	0.14764	0.04987	0.06944	0.37073	0.03535	0.01124	0.01464	0.03392	0.14408	0.02697	0.00652	0.00573	0.00165	0.02559	0.00663	0.00291	0.00583
9	0.01140	0.00810	0.00889	0.00800	0.02395	0.04067	0.02662	0.11824	0.14048	0.05728	0.07960	0.01992	0.06737	0.00801	0.04336	0.00169	0.00404	0.00540	0.32113	0.00584
10	0.03176	0.00687	0.00842	0.03137	0.00944	0.04358	0.00619	0.00979	0.00910	0.02890	0.09873	0.02444	0.08288	0.15552	0.29633	0.00438	0.11284	0.03186	0.00317	0.00443
11	0.01077	0.00905	0.01059	0.00817	0.03161	0.00745	0.00630	0.07818	0.03878	0.01711	0.00977	0.03273	0.00823	0.00422	0.00384	0.00087	0.00378	0.00342	0.00314	0.71198
12	0.04294	0.00867	0.01404	0.56992	0.09874	0.01030	0.02819	0.01253	0.00959	0.03455	0.00947	0.01436	0.00773	0.07554	0.01919	0.00196	0.02989	0.00453	0.00239	0.00546
13	0.07325	0.08830	0.01376	0.01096	0.01374	0.51392	0.00856	0.13255	0.01414	0.01571	0.00858	0.00969	0.00691	0.00506	0.00417	0.00127	0.00714	0.00333	0.06300	0.00596
14	0.00748	0.00535	0.00628	0.00635	0.00702	0.00532	0.00424	0.07309	0.00978	0.01293	0.04367	0.29059	0.10981	0.34529	0.04827	0.00323	0.00418	0.00934	0.00384	0.00395
15	0.08283	0.00882	0.01001	0.00733	0.01140	0.00721	0.00589	0.02588	0.01005	0.01645	0.00845	0.00991	0.00701	0.00384	0.00389	0.00083	0.02538	0.00291	0.00290	0.74903
