[name]
unknown

[dist]
# distance from previous block
# <min> <max>
0	70

[block]
# block no. 0 follows, 44 sequences, length 37
# corresponding to MSA columns:
# 117-141,143-154
name=unknown_A
#
# <colnr> <probs for GDERKNQSTAVLIFYWHMCP>
#	G	D	E	R	K	N	Q	S	T	A	V	L	I	F	Y	W	H	M	C	P
0	0.04441	0.01208	0.01324	0.04013	0.07174	0.08515	0.00930	0.22722	0.03437	0.12247	0.03084	0.04220	0.05929	0.00828	0.00632	0.02894	0.02120	0.07804	0.02580	0.03898
1	0.06413	0.08093	0.18887	0.24893	0.06433	0.12487	0.01412	0.06659	0.01251	0.01669	0.00932	0.01204	0.00725	0.00565	0.00589	0.00169	0.06231	0.00420	0.00272	0.00696
2	0.00675	0.00486	0.00623	0.00727	0.00768	0.00452	0.00482	0.00764	0.01036	0.01367	0.03084	0.67348	0.09286	0.09064	0.00886	0.00247	0.00333	0.01448	0.00490	0.00434
3	0.00720	0.00527	0.00683	0.00784	0.00841	0.00509	0.00540	0.00918	0.05671	0.01504	0.07646	0.68534	0.03570	0.01605	0.00686	0.00217	0.00325	0.03731	0.00515	0.00475
4	0.10029	0.01389	0.11344	0.17194	0.20624	0.01270	0.05092	0.12238	0.01370	0.07228	0.01186	0.01402	0.02359	0.00564	0.00547	0.00169	0.02192	0.00477	0.00340	0.02985
5	0.01355	0.01014	0.04249	0.00973	0.01255	0.02889	0.03585	0.15705	0.08807	0.11950	0.19345	0.11381	0.06916	0.00917	0.00581	0.00174	0.00439	0.00784	0.06991	0.00691
6	0.00784	0.00518	0.00678	0.00760	0.00835	0.00476	0.00529	0.00903	0.01125	0.06100	0.07222	0.63252	0.09248	0.01581	0.00682	0.00214	0.00325	0.03767	0.00521	0.00480
7	0.00669	0.00511	0.00614	0.00677	0.00774	0.00457	0.00474	0.00797	0.01169	0.01507	0.11966	0.45333	0.30036	0.01527	0.00672	0.00203	0.00296	0.01346	0.00516	0.00457
8	0.03597	0.01269	0.01602	0.03827	0.23084	0.11258	0.05974	0.08542	0.04833	0.07087	0.05595	0.13666	0.03192	0.00790	0.00608	0.00175	0.03093	0.00687	0.00397	0.00721
9	0.01559	0.00792	0.01013	0.00856	0.01123	0.00742	0.00675	0.08054	0.03367	0.32126	0.30117	0.09181	0.02926	0.00923	0.00589	0.00172	0.00377	0.00790	0.03903	0.00715
10	0.02063	0.01439	0.01569	0.01214	0.01640	0.01574	0.00999	0.62891	0.07551	0.11223	0.01461	0.01417	0.01023	0.00662	0.00546	0.00166	0.00574	0.00506	0.00560	0.00923
11	0.01111	0.02715	0.72790	0.01677	0.07536	0.01268	0.01991	0.01723	0.01157	0.01730	0.00982	0.01165	0.00703	0.00516	0.00519	0.00172	0.00795	0.00409	0.00233	0.00810
12	0.01376	0.01232	0.02082	0.12853	0.63477	0.01255	0.01600	0.01698	0.01242	0.06359	0.01087	0.01393	0.00876	0.00505	0.00541	0.00165	0.00647	0.00489	0.00291	0.00835
13	0.08103	0.00958	0.01246	0.00963	0.01379	0.00862	0.00795	0.05167	0.01552	0.69988	0.02025	0.01769	0.01282	0.00662	0.00534	0.00169	0.00466	0.00529	0.00647	0.00905
14	0.13546	0.00962	0.01200	0.00945	0.01348	0.00897	0.00777	0.02530	0.06638	0.62369	0.01966	0.01736	0.01268	0.00656	0.00520	0.00170	0.00456	0.00519	0.00621	0.00877
15	0.01797	0.02201	0.01526	0.07478	0.04348	0.59945	0.01081	0.01967	0.01456	0.01411	0.06112	0.01258	0.01017	0.00620	0.00587	0.00152	0.05701	0.00417	0.00297	0.00628
16	0.00656	0.00553	0.00569	0.00565	0.00744	0.00465	0.00423	0.00805	0.01270	0.01539	0.12150	0.05138	0.70550	0.01356	0.00644	0.00183	0.00274	0.01135	0.00515	0.00465
17	0.02446	0.00928	0.01265	0.00970	0.01392	0.00801	0.00801	0.02657	0.01560	0.77817	0.02151	0.01856	0.01350	0.00675	0.00548	0.00169	0.00464	0.00548	0.00675	0.00928
18	0.01030	0.00969	0.01635	0.79530	0.03755	0.01211	0.01514	0.01393	0.01090	0.01393	0.00969	0.01453	0.00727	0.00545	0.00545	0.00182	0.00727	0.00484	0.00242	0.00606
19	0.01197	0.00762	0.00991	0.05383	0.01229	0.00735	0.03015	0.03903	0.08369	0.17361	0.19174	0.13044	0.20498	0.01060	0.00614	0.00182	0.00387	0.00917	0.00544	0.00635
20	0.00945	0.00513	0.00520	0.00526	0.00657	0.00498	0.00392	0.01175	0.01153	0.01920	0.02389	0.06099	0.12723	0.00795	0.00434	0.00140	0.00260	0.00651	0.67710	0.00498
21	0.01030	0.00969	0.01635	0.79530	0.03755	0.01211	0.01514	0.01393	0.01090	0.01393	0.00969	0.01453	0.00727	0.00545	0.00545	0.00182	0.00727	0.00484	0.00242	0.00606
22	0.01503	0.01356	0.04155	0.01828	0.06507	0.01348	0.35430	0.14483	0.01456	0.10187	0.01245	0.02585	0.00952	0.00769	0.04519	0.00217	0.09746	0.00583	0.00364	0.00766
23	0.01716	0.32202	0.07385	0.01340	0.05649	0.40295	0.01108	0.01913	0.01336	0.01366	0.00830	0.00973	0.00709	0.00519	0.00442	0.00135	0.00802	0.00339	0.00259	0.00682
24	0.01304	0.32033	0.23882	0.02733	0.07111	0.04068	0.09671	0.01661	0.01166	0.01551	0.00907	0.01093	0.00735	0.00479	0.00457	0.00141	0.00685	0.00385	0.00251	0.09688
25	0.01450	0.04012	0.03573	0.13690	0.06857	0.01369	0.06412	0.05563	0.05607	0.14696	0.01277	0.01505	0.02513	0.00730	0.00977	0.00195	0.27979	0.00517	0.00358	0.00721
26	0.00664	0.00474	0.00633	0.00759	0.00791	0.00443	0.00506	0.00759	0.01044	0.01392	0.03005	0.80485	0.03606	0.01708	0.00696	0.00221	0.00316	0.01550	0.00506	0.00443
27	0.00735	0.00509	0.00607	0.00656	0.00678	0.00492	0.00403	0.00779	0.00916	0.01210	0.02434	0.33324	0.06953	0.45738	0.01850	0.00390	0.00432	0.01105	0.00408	0.00381
28	0.03465	0.03063	0.06843	0.05300	0.19412	0.03238	0.15063	0.22906	0.01653	0.11823	0.01242	0.01388	0.00906	0.00559	0.00551	0.00168	0.00677	0.00508	0.00398	0.00836
29	0.00712	0.00524	0.00726	0.00896	0.04325	0.00499	0.00587	0.00829	0.01061	0.01421	0.02866	0.70256	0.03392	0.01703	0.02765	0.00238	0.00373	0.05871	0.00489	0.00467
30	0.00664	0.00474	0.00633	0.00759	0.00791	0.00443	0.00506	0.00759	0.01044	0.01392	0.03005	0.80485	0.03606	0.01708	0.00696	0.00221	0.00316	0.01550	0.00506	0.00443
31	0.00777	0.00592	0.00719	0.00681	0.00832	0.00551	0.00512	0.01082	0.05803	0.02035	0.57069	0.04213	0.20797	0.01151	0.00638	0.00175	0.00271	0.01001	0.00577	0.00523
32	0.01243	0.01595	0.12221	0.08384	0.02862	0.01352	0.60580	0.01716	0.01254	0.01716	0.01077	0.01430	0.00802	0.00474	0.00620	0.00182	0.00890	0.00601	0.00267	0.00734
33	0.01122	0.02632	0.67872	0.01688	0.04787	0.01279	0.09607	0.01727	0.01168	0.01730	0.00993	0.01190	0.00710	0.00511	0.00532	0.00173	0.00812	0.00430	0.00236	0.00800
34	0.01349	0.01295	0.02213	0.03346	0.77440	0.01295	0.01673	0.01673	0.01241	0.01781	0.01025	0.01349	0.00864	0.00486	0.00540	0.00162	0.00648	0.00486	0.00270	0.00864
35	0.08215	0.01301	0.03152	0.01569	0.18202	0.02659	0.01058	0.27536	0.12817	0.05462	0.01453	0.01519	0.02561	0.00616	0.00513	0.00161	0.00541	0.00497	0.05523	0.04645
36	0.25427	0.09881	0.20156	0.01099	0.03111	0.01229	0.02551	0.05984	0.02839	0.11247	0.01400	0.05572	0.04444	0.00639	0.00470	0.00166	0.00551	0.00488	0.00372	0.02373

[dist]
# distance from previous block
# <min> <max>
0	7

[block]
# block no. 1 follows, 44 sequences, length 21
# corresponding to MSA columns:
# 162-182
name=unknown_B
#
# <colnr> <probs for GDERKNQSTAVLIFYWHMCP>
#	G	D	E	R	K	N	Q	S	T	A	V	L	I	F	Y	W	H	M	C	P
0	0.00829	0.00541	0.00619	0.00612	0.00631	0.00539	0.00356	0.00844	0.00827	0.02949	0.01823	0.03522	0.03985	0.74097	0.05266	0.00522	0.00552	0.00789	0.00342	0.00354
1	0.01159	0.01130	0.11135	0.01021	0.01282	0.06729	0.08168	0.01383	0.01212	0.10420	0.18369	0.05806	0.02295	0.26041	0.01278	0.00285	0.00562	0.00738	0.00415	0.00571
2	0.01283	0.04370	0.04771	0.03388	0.09914	0.04232	0.27879	0.01625	0.04085	0.01569	0.00966	0.01326	0.00807	0.00666	0.01036	0.00198	0.30390	0.00530	0.00269	0.00697
3	0.01458	0.81168	0.02857	0.00933	0.01399	0.02157	0.00933	0.01632	0.01108	0.01283	0.00758	0.00875	0.00700	0.00466	0.00350	0.00117	0.00583	0.00292	0.00233	0.00700
4	0.00793	0.00529	0.00595	0.00595	0.00595	0.00529	0.00330	0.00793	0.00793	0.01057	0.01718	0.03568	0.01982	0.80840	0.02775	0.00529	0.00529	0.00793	0.00330	0.00330
5	0.01349	0.01295	0.02213	0.03346	0.77440	0.01295	0.01673	0.01673	0.01241	0.01781	0.01025	0.01349	0.00864	0.00486	0.00540	0.00162	0.00648	0.00486	0.00270	0.00864
6	0.01356	0.01171	0.01233	0.01109	0.01418	0.01356	0.00863	0.02897	0.76455	0.02281	0.02219	0.02034	0.01664	0.00740	0.00555	0.00185	0.00431	0.00616	0.00555	0.00863
7	0.00663	0.00480	0.00626	0.00743	0.00787	0.00444	0.00499	0.00761	0.01059	0.01398	0.03198	0.74711	0.09254	0.01683	0.00692	0.00219	0.00313	0.01519	0.00506	0.00444
8	0.02250	0.00922	0.01227	0.00962	0.01355	0.00825	0.00787	0.02566	0.07306	0.66956	0.07178	0.02018	0.01628	0.00709	0.00555	0.00170	0.00448	0.00583	0.00661	0.00895
9	0.01458	0.81168	0.02857	0.00933	0.01399	0.02157	0.00933	0.01632	0.01108	0.01283	0.00758	0.00875	0.00700	0.00466	0.00350	0.00117	0.00583	0.00292	0.00233	0.00700
10	0.00788	0.00554	0.00714	0.00674	0.00803	0.00514	0.00506	0.01045	0.01517	0.02176	0.72217	0.03939	0.04899	0.01083	0.00626	0.00169	0.00257	0.00955	0.06052	0.00514
11	0.00677	0.00481	0.00633	0.00746	0.00778	0.00451	0.00495	0.00771	0.01045	0.01397	0.05539	0.72633	0.03551	0.06986	0.00833	0.00240	0.00328	0.01479	0.00498	0.00438
12	0.00679	0.00548	0.00604	0.00601	0.00760	0.00473	0.00446	0.00845	0.01308	0.01653	0.24011	0.09979	0.53517	0.01333	0.00647	0.00183	0.00274	0.01134	0.00531	0.00473
13	0.01287	0.01471	0.03217	0.02298	0.02849	0.01379	0.75460	0.01746	0.01287	0.01746	0.01103	0.01471	0.00827	0.00460	0.00643	0.00184	0.00919	0.00643	0.00276	0.00735
14	0.01180	0.02570	0.67787	0.06726	0.02388	0.01231	0.01900	0.01766	0.01174	0.06785	0.01056	0.01218	0.00737	0.00530	0.00522	0.00173	0.00778	0.00418	0.00261	0.00800
15	0.01185	0.00876	0.01020	0.00949	0.01179	0.00937	0.00746	0.02023	0.36028	0.08160	0.23899	0.06256	0.02912	0.00982	0.00611	0.00190	0.00389	0.10388	0.00569	0.00704
16	0.00710	0.00555	0.00643	0.00621	0.00777	0.00488	0.00466	0.00910	0.01398	0.01841	0.42499	0.04640	0.40012	0.01243	0.00644	0.00178	0.00266	0.01066	0.00555	0.00488
17	0.01376	0.01205	0.02000	0.20233	0.53193	0.01257	0.01557	0.04222	0.01274	0.06832	0.01098	0.01405	0.00867	0.00518	0.00542	0.00167	0.00652	0.00490	0.00300	0.00812
18	0.01153	0.01120	0.01593	0.03480	0.06489	0.01508	0.01148	0.01286	0.00867	0.01324	0.00848	0.01428	0.00847	0.07161	0.04647	0.00278	0.63478	0.00506	0.00250	0.00590
19	0.01379	0.66662	0.09506	0.06240	0.01632	0.01976	0.01063	0.01608	0.01104	0.01330	0.00810	0.00971	0.00718	0.00570	0.02398	0.00146	0.00635	0.00322	0.00235	0.00697
20	0.00677	0.00535	0.00610	0.00631	0.00767	0.00468	0.00458	0.00831	0.01261	0.01611	0.20731	0.22986	0.43699	0.01400	0.00656	0.00190	0.00282	0.01210	0.00527	0.00468

[dist]
# distance from previous block
# <min> <max>
0	2

[block]
# block no. 2 follows, 44 sequences, length 8
# corresponding to MSA columns:
# 185-192
name=unknown_C
#
# <colnr> <probs for GDERKNQSTAVLIFYWHMCP>
#	G	D	E	R	K	N	Q	S	T	A	V	L	I	F	Y	W	H	M	C	P
0	0.42851	0.01038	0.06681	0.00766	0.01090	0.00997	0.00677	0.04585	0.01134	0.09573	0.01227	0.01348	0.00918	0.00567	0.00392	0.00157	0.00414	0.00397	0.24558	0.00629
1	0.03478	0.10525	0.06261	0.05050	0.15974	0.07879	0.06506	0.07378	0.03876	0.05190	0.04163	0.13665	0.06201	0.00786	0.00550	0.00170	0.00590	0.00681	0.00376	0.00700
2	0.01120	0.01534	0.25142	0.03673	0.16631	0.01063	0.05886	0.01635	0.09891	0.04116	0.05625	0.17970	0.01708	0.00818	0.00579	0.00183	0.00595	0.00734	0.00369	0.00727
3	0.00791	0.00535	0.00628	0.00628	0.00640	0.00547	0.00372	0.00814	0.00803	0.01082	0.01687	0.03397	0.01908	0.71636	0.11878	0.00570	0.00640	0.00768	0.00326	0.00349
4	0.01209	0.01023	0.01170	0.00867	0.01329	0.00853	0.00693	0.05647	0.09916	0.01926	0.01132	0.01245	0.00913	0.00456	0.00429	0.00097	0.00418	0.00366	0.00362	0.69949
5	0.03372	0.05570	0.30172	0.01251	0.01742	0.10060	0.03696	0.06212	0.01357	0.14544	0.05840	0.10935	0.01428	0.00730	0.00542	0.00171	0.00650	0.00598	0.00388	0.00741
6	0.00869	0.00632	0.00791	0.00831	0.00943	0.00623	0.00616	0.09498	0.01320	0.01762	0.11825	0.47440	0.07515	0.01468	0.00677	0.00211	0.00366	0.11576	0.00521	0.00517
7	0.04410	0.01363	0.03708	0.12564	0.17398	0.12521	0.05121	0.04685	0.07387	0.19728	0.04699	0.01588	0.01174	0.00604	0.00540	0.00167	0.00640	0.00513	0.00412	0.00778

[dist]
# distance from previous block
# <min> <max>
0	2

[block]
# block no. 3 follows, 44 sequences, length 8
# corresponding to MSA columns:
# 198-205
name=unknown_D
#
# <colnr> <probs for GDERKNQSTAVLIFYWHMCP>
#	G	D	E	R	K	N	Q	S	T	A	V	L	I	F	Y	W	H	M	C	P
0	0.00706	0.00555	0.00638	0.00617	0.00774	0.00486	0.00463	0.00902	0.01388	0.01818	0.40188	0.04678	0.42338	0.01252	0.00644	0.00178	0.00267	0.01071	0.00552	0.00486
1	0.01128	0.01083	0.01790	0.13251	0.18379	0.03671	0.16485	0.01441	0.03195	0.01540	0.01294	0.05985	0.01177	0.08263	0.11582	0.00307	0.05333	0.00616	0.02836	0.00643
2	0.84691	0.01054	0.00801	0.00717	0.01054	0.01223	0.00590	0.01603	0.00928	0.02446	0.00759	0.00886	0.00590	0.00506	0.00337	0.00169	0.00422	0.00295	0.00337	0.00590
3	0.01093	0.02820	0.78016	0.01554	0.02360	0.01266	0.02014	0.01727	0.01151	0.01727	0.00978	0.01151	0.00691	0.00518	0.00518	0.00173	0.00806	0.00403	0.00230	0.00806
4	0.01093	0.02820	0.78016	0.01554	0.02360	0.01266	0.02014	0.01727	0.01151	0.01727	0.00978	0.01151	0.00691	0.00518	0.00518	0.00173	0.00806	0.00403	0.00230	0.00806
5	0.01919	0.06452	0.01612	0.01272	0.01632	0.31158	0.01012	0.32645	0.12853	0.02339	0.01231	0.01265	0.00935	0.00621	0.00515	0.00155	0.00721	0.00444	0.00428	0.00792
6	0.01873	0.05930	0.01508	0.01235	0.01574	0.54089	0.00951	0.02040	0.01448	0.07662	0.00969	0.01077	0.00775	0.00537	0.00473	0.00130	0.00813	0.00359	0.00319	0.16239
7	0.03864	0.01333	0.08223	0.01342	0.11390	0.11248	0.00989	0.04222	0.18231	0.01991	0.22930	0.02357	0.05595	0.00793	0.00600	0.00171	0.02922	0.00654	0.00445	0.00697

[dist]
# distance from previous block
# <min> <max>
1	3

[block]
# block no. 4 follows, 44 sequences, length 14
# corresponding to MSA columns:
# 209-222
name=unknown_E
#
# <colnr> <probs for GDERKNQSTAVLIFYWHMCP>
#	G	D	E	R	K	N	Q	S	T	A	V	L	I	F	Y	W	H	M	C	P
0	0.01750	0.02171	0.05332	0.01424	0.06523	0.55619	0.01052	0.03827	0.01459	0.01477	0.01149	0.09605	0.01062	0.00683	0.00514	0.00152	0.00837	0.00502	0.04224	0.00638
1	0.04307	0.01132	0.01393	0.01464	0.15521	0.04948	0.02405	0.07625	0.20872	0.18102	0.04200	0.09561	0.04492	0.00781	0.00561	0.00176	0.00506	0.00668	0.00495	0.00792
2	0.01131	0.13992	0.05283	0.01116	0.05031	0.03341	0.04488	0.01396	0.05260	0.07876	0.02113	0.36326	0.02245	0.01122	0.00618	0.00190	0.01992	0.05435	0.00429	0.00614
3	0.64904	0.06883	0.05107	0.00856	0.01220	0.10284	0.00743	0.01678	0.01024	0.02198	0.00780	0.00910	0.00616	0.00510	0.00366	0.00162	0.00518	0.00307	0.00318	0.00614
4	0.05573	0.08859	0.56507	0.01676	0.09778	0.01345	0.05474	0.01708	0.01152	0.01735	0.00960	0.01150	0.00710	0.00507	0.00503	0.00167	0.00757	0.00408	0.00242	0.00788
5	0.01613	0.05484	0.08620	0.01400	0.09121	0.05256	0.01101	0.28982	0.23865	0.02492	0.01492	0.01511	0.01118	0.00635	0.00524	0.00165	0.00574	0.00503	0.04699	0.00844
6	0.00718	0.00569	0.00648	0.00635	0.00792	0.00509	0.00473	0.00944	0.03768	0.01770	0.33005	0.09603	0.42051	0.01278	0.00644	0.00182	0.00276	0.01096	0.00544	0.00493
7	0.01067	0.03490	0.00986	0.02955	0.01137	0.03150	0.00669	0.01662	0.23370	0.04177	0.15495	0.06999	0.16324	0.01112	0.04824	0.00209	0.00439	0.00781	0.06421	0.04734
8	0.00722	0.00547	0.00665	0.00652	0.00788	0.00491	0.00483	0.00926	0.01400	0.01887	0.47662	0.12178	0.27099	0.01256	0.00649	0.00180	0.00269	0.01094	0.00562	0.00491
9	0.01311	0.01868	0.33655	0.01645	0.11307	0.02479	0.08650	0.07058	0.08241	0.07254	0.09777	0.01673	0.01378	0.00617	0.00554	0.00172	0.00666	0.00537	0.00365	0.00793
10	0.00745	0.00556	0.00692	0.00658	0.00798	0.00503	0.00494	0.00978	0.01481	0.02038	0.62249	0.04317	0.20140	0.01170	0.00643	0.00174	0.00261	0.01020	0.00581	0.00503
11	0.20264	0.05396	0.01368	0.01434	0.18276	0.02701	0.04161	0.03038	0.08867	0.04560	0.01397	0.04679	0.01171	0.00695	0.01857	0.00175	0.00505	0.02658	0.16114	0.00685
12	0.05484	0.05597	0.16899	0.01183	0.03443	0.03548	0.01094	0.22042	0.07709	0.09754	0.01312	0.01364	0.00961	0.00579	0.00491	0.00152	0.00570	0.00445	0.05869	0.11505
13	0.01601	0.16286	0.01665	0.01192	0.04038	0.10076	0.00943	0.19302	0.31239	0.02230	0.01525	0.01511	0.01169	0.00636	0.00499	0.00159	0.00559	0.00488	0.04074	0.00806

[dist]
# distance from previous block
# <min> <max>
0	1

[block]
# block no. 5 follows, 44 sequences, length 8
# corresponding to MSA columns:
# 224-231
name=unknown_F
#
# <colnr> <probs for GDERKNQSTAVLIFYWHMCP>
#	G	D	E	R	K	N	Q	S	T	A	V	L	I	F	Y	W	H	M	C	P
0	0.07427	0.05579	0.26930	0.01541	0.11217	0.10532	0.04411	0.05794	0.06660	0.03733	0.03208	0.03077	0.04937	0.00640	0.00524	0.00168	0.00672	0.01869	0.00336	0.00745
1	0.01322	0.16887	0.46978	0.01518	0.05224	0.06879	0.06191	0.01790	0.01205	0.05729	0.01001	0.01155	0.00744	0.00515	0.00496	0.00160	0.00759	0.00405	0.00263	0.00779
2	0.01356	0.01171	0.01233	0.01109	0.01418	0.01356	0.00863	0.02897	0.76455	0.02281	0.02219	0.02034	0.01664	0.00740	0.00555	0.00185	0.00431	0.00616	0.00555	0.00863
3	0.01565	0.01015	0.03479	0.01100	0.05415	0.00993	0.00840	0.09604	0.19297	0.23688	0.11128	0.02245	0.03650	0.04432	0.06922	0.00244	0.00538	0.00631	0.02441	0.00773
4	0.01557	0.06315	0.20411	0.03578	0.09863	0.14746	0.11733	0.08108	0.03942	0.10173	0.01226	0.03756	0.00947	0.00585	0.00537	0.00165	0.00739	0.00498	0.00345	0.00775
5	0.00993	0.00775	0.00874	0.00887	0.01011	0.08403	0.03880	0.01158	0.01169	0.04996	0.02448	0.43971	0.02670	0.01290	0.00621	0.00197	0.00427	0.09411	0.14305	0.00514
6	0.00662	0.00482	0.00625	0.00738	0.00785	0.00445	0.00497	0.00761	0.01064	0.01400	0.03258	0.72913	0.11014	0.01675	0.00691	0.00218	0.00312	0.01510	0.00506	0.00445
7	0.03190	0.01292	0.13084	0.01281	0.07726	0.02555	0.04205	0.11107	0.06130	0.20215	0.05132	0.10326	0.03895	0.02741	0.00612	0.00182	0.00537	0.00663	0.04368	0.00760

[dist]
# distance from previous block
# <min> <max>
4	10

[block]
# block no. 6 follows, 44 sequences, length 22
# corresponding to MSA columns:
# 246-267
name=unknown_G
#
# <colnr> <probs for GDERKNQSTAVLIFYWHMCP>
#	G	D	E	R	K	N	Q	S	T	A	V	L	I	F	Y	W	H	M	C	P
0	0.03065	0.01521	0.22889	0.04919	0.09029	0.01084	0.09356	0.06327	0.06142	0.05329	0.09657	0.05463	0.07744	0.00721	0.00563	0.00172	0.00597	0.00635	0.00381	0.04406
1	0.03424	0.14320	0.24843	0.04746	0.03045	0.02552	0.02966	0.01716	0.06386	0.10175	0.12318	0.03500	0.04576	0.00697	0.00552	0.00167	0.02356	0.00562	0.00378	0.00720
2	0.02084	0.00981	0.01234	0.00982	0.01362	0.00932	0.00799	0.09570	0.11891	0.52521	0.06626	0.02105	0.04881	0.00738	0.00559	0.00171	0.00452	0.00604	0.00634	0.00874
3	0.02387	0.01022	0.01324	0.01015	0.01439	0.00942	0.00838	0.14173	0.01719	0.66078	0.02018	0.01769	0.01283	0.00672	0.00548	0.00168	0.00485	0.00539	0.00654	0.00928
4	0.03087	0.06320	0.27661	0.07153	0.09951	0.11522	0.03121	0.11140	0.02863	0.04921	0.01095	0.01265	0.00823	0.00561	0.00537	0.00163	0.02503	0.00435	0.04112	0.00766
5	0.01079	0.00827	0.04919	0.04172	0.02956	0.00743	0.00742	0.05490	0.07762	0.10436	0.09547	0.32428	0.09125	0.04560	0.00719	0.00209	0.00414	0.02768	0.00502	0.00602
6	0.00664	0.00474	0.00633	0.00759	0.00791	0.00443	0.00506	0.00759	0.01044	0.01392	0.03005	0.80485	0.03606	0.01708	0.00696	0.00221	0.00316	0.01550	0.00506	0.00443
7	0.02276	0.00952	0.01255	0.00973	0.01372	0.00858	0.00799	0.09113	0.01650	0.64952	0.08173	0.01986	0.01620	0.00709	0.00556	0.00168	0.00459	0.00579	0.00657	0.00894
8	0.03676	0.08817	0.25566	0.01451	0.08800	0.05614	0.02862	0.06336	0.09160	0.10257	0.03779	0.02668	0.02296	0.00648	0.00581	0.00171	0.04239	0.01933	0.00368	0.00776
9	0.01078	0.02202	0.56552	0.01313	0.01942	0.01064	0.01598	0.01591	0.01202	0.05115	0.07870	0.05302	0.05398	0.00682	0.00538	0.00173	0.00666	0.00556	0.04421	0.00737
10	0.00904	0.00587	0.00748	0.00697	0.00856	0.00530	0.00526	0.01131	0.01475	0.09103	0.55882	0.08007	0.15188	0.01143	0.00637	0.00176	0.00282	0.00998	0.00589	0.00541
11	0.01159	0.01143	0.01605	0.01386	0.01394	0.01589	0.01151	0.01285	0.00838	0.01308	0.00776	0.01270	0.00768	0.01209	0.08041	0.00290	0.73470	0.00486	0.00243	0.00587
12	0.01392	0.01387	0.04221	0.32206	0.26042	0.09146	0.03189	0.12529	0.01407	0.01828	0.01027	0.01343	0.00798	0.00542	0.00539	0.00168	0.00716	0.00474	0.00300	0.00745
13	0.01413	0.29033	0.29276	0.01294	0.03286	0.07271	0.02874	0.07317	0.06017	0.03776	0.02993	0.01217	0.00912	0.00546	0.00470	0.00151	0.00680	0.00407	0.00302	0.00765
14	0.00815	0.00593	0.00690	0.00661	0.00823	0.00539	0.00492	0.01057	0.04660	0.05237	0.32981	0.08327	0.35055	0.04746	0.00732	0.00196	0.00297	0.01040	0.00545	0.00514
15	0.06956	0.08106	0.25061	0.02984	0.04274	0.03299	0.07782	0.10124	0.05462	0.03189	0.03491	0.05256	0.05697	0.00688	0.00602	0.00174	0.05223	0.00554	0.00346	0.00731
16	0.00971	0.04005	0.04267	0.00820	0.00987	0.00704	0.00646	0.03594	0.05121	0.06721	0.13907	0.27691	0.07298	0.10319	0.04270	0.00260	0.00445	0.04912	0.02518	0.00545
17	0.01427	0.24041	0.19164	0.01416	0.08976	0.04706	0.02905	0.14035	0.09554	0.01915	0.01232	0.06077	0.01037	0.00621	0.00494	0.00158	0.00633	0.00491	0.00342	0.00777
18	0.03100	0.32282	0.18358	0.02403	0.03203	0.03283	0.01073	0.04422	0.01153	0.01520	0.04297	0.05142	0.03529	0.07838	0.00766	0.03655	0.02532	0.00502	0.00294	0.00649
19	0.03114	0.04836	0.09618	0.00859	0.01133	0.00822	0.00763	0.08197	0.01438	0.07206	0.29806	0.08188	0.12225	0.01126	0.04421	0.00206	0.00450	0.00811	0.04172	0.00612
20	0.01322	0.03025	0.02655	0.05188	0.04517	0.13080	0.03911	0.08756	0.04651	0.03579	0.01592	0.10643	0.04739	0.05365	0.00646	0.00169	0.00559	0.00605	0.04482	0.20517
21	0.04149	0.04845	0.02753	0.00876	0.01104	0.04033	0.00697	0.03950	0.13027	0.01849	0.19385	0.12377	0.08008	0.02885	0.00717	0.03651	0.02208	0.04394	0.00463	0.08630

[dist]
# distance from previous block
# <min> <max>
0	10

[block]
# block no. 7 follows, 44 sequences, length 28
# corresponding to MSA columns:
# 283-310
name=unknown_H
#
# <colnr> <probs for GDERKNQSTAVLIFYWHMCP>
#	G	D	E	R	K	N	Q	S	T	A	V	L	I	F	Y	W	H	M	C	P
0	0.02589	0.17654	0.06538	0.03412	0.01480	0.10430	0.00946	0.07671	0.06141	0.01720	0.03014	0.06658	0.03147	0.00685	0.00615	0.00151	0.09082	0.00503	0.02318	0.15246
1	0.00973	0.10898	0.05253	0.00861	0.02994	0.03362	0.00661	0.03099	0.01128	0.02800	0.06347	0.24319	0.10555	0.18683	0.01059	0.00254	0.00457	0.00914	0.02882	0.02499
2	0.03646	0.35634	0.13051	0.01138	0.03422	0.07017	0.02814	0.08336	0.01306	0.01711	0.05340	0.03026	0.01058	0.00558	0.00444	0.00136	0.00605	0.00416	0.00307	0.10035
3	0.00778	0.00795	0.06632	0.00805	0.00983	0.02365	0.02860	0.00959	0.01190	0.01542	0.13717	0.25421	0.29934	0.06163	0.00810	0.00214	0.02760	0.01108	0.00467	0.00497
4	0.01386	0.28368	0.08010	0.01069	0.01473	0.15333	0.02214	0.03811	0.03084	0.01537	0.01141	0.09889	0.01078	0.00634	0.00479	0.00136	0.01968	0.00481	0.00308	0.17600
5	0.00872	0.04771	0.02218	0.00750	0.00960	0.00674	0.00589	0.01111	0.05252	0.03614	0.08831	0.17502	0.28073	0.01474	0.08250	0.02146	0.00458	0.02168	0.00454	0.09833
6	0.06478	0.15489	0.24191	0.01294	0.03693	0.11796	0.01268	0.14851	0.01450	0.07920	0.01078	0.01198	0.00816	0.00713	0.03896	0.00188	0.02165	0.00409	0.00338	0.00767
7	0.03803	0.31896	0.09375	0.03135	0.08527	0.12471	0.14387	0.01812	0.01245	0.07165	0.00983	0.01148	0.00782	0.00503	0.00473	0.00148	0.00715	0.00413	0.00286	0.00733
8	0.00708	0.00508	0.00647	0.00718	0.00792	0.00471	0.00503	0.00850	0.01173	0.01586	0.18335	0.48925	0.11915	0.03609	0.00726	0.00213	0.00310	0.04106	0.03444	0.00461
9	0.69786	0.01149	0.04801	0.00802	0.01175	0.01202	0.00698	0.04280	0.01056	0.09576	0.00921	0.01006	0.00679	0.00528	0.00374	0.00169	0.00451	0.00331	0.00371	0.00645
10	0.00668	0.00556	0.00586	0.00585	0.00760	0.00473	0.00443	0.00825	0.01281	0.01568	0.14384	0.05132	0.65611	0.01352	0.00648	0.00185	0.00282	0.03677	0.00518	0.00468
11	0.00932	0.00477	0.00702	0.00702	0.00712	0.00473	0.00470	0.00714	0.00737	0.00974	0.01180	0.01840	0.04826	0.01868	0.02055	0.79868	0.00463	0.00508	0.00250	0.00248
12	0.00644	0.00552	0.00552	0.00552	0.00736	0.00460	0.00414	0.00782	0.01243	0.01473	0.05523	0.05247	0.77218	0.01381	0.00644	0.00184	0.00276	0.01151	0.00506	0.00460
13	0.01458	0.81168	0.02857	0.00933	0.01399	0.02157	0.00933	0.01632	0.01108	0.01283	0.00758	0.00875	0.00700	0.00466	0.00350	0.00117	0.00583	0.00292	0.00233	0.00700
14	0.01130	0.00969	0.01130	0.00807	0.01292	0.00727	0.00646	0.01373	0.01130	0.01776	0.00969	0.01130	0.00807	0.00404	0.00404	0.00081	0.00404	0.00323	0.00323	0.84173
15	0.00644	0.00552	0.00552	0.00552	0.00736	0.00460	0.00414	0.00782	0.01243	0.01473	0.05523	0.05247	0.77218	0.01381	0.00644	0.00184	0.00276	0.01151	0.00506	0.00460
16	0.01458	0.81168	0.02857	0.00933	0.01399	0.02157	0.00933	0.01632	0.01108	0.01283	0.00758	0.00875	0.00700	0.00466	0.00350	0.00117	0.00583	0.00292	0.00233	0.00700
17	0.11577	0.01288	0.01413	0.01098	0.01511	0.01371	0.00906	0.45961	0.02074	0.22896	0.01481	0.01424	0.01013	0.00642	0.00518	0.00165	0.00535	0.00484	0.02765	0.00878
18	0.01356	0.01171	0.01233	0.01109	0.01418	0.01356	0.00863	0.02897	0.76455	0.02281	0.02219	0.02034	0.01664	0.00740	0.00555	0.00185	0.00431	0.00616	0.00555	0.00863
19	0.10276	0.01143	0.01426	0.01103	0.01520	0.05727	0.06655	0.09524	0.01574	0.52679	0.01772	0.01625	0.01155	0.00633	0.00531	0.00168	0.00540	0.00514	0.00574	0.00862
20	0.01190	0.23673	0.58012	0.01389	0.02104	0.01503	0.01726	0.01701	0.01139	0.01608	0.00920	0.01077	0.00693	0.00504	0.00473	0.00158	0.00746	0.00373	0.00231	0.00777
21	0.00780	0.00581	0.00862	0.00862	0.00955	0.00674	0.00664	0.00965	0.00872	0.01255	0.01473	0.02212	0.01394	0.07889	0.74921	0.00859	0.01414	0.00594	0.00294	0.00479
22	0.00655	0.00553	0.00567	0.00564	0.00743	0.00465	0.00423	0.00803	0.01268	0.01533	0.11576	0.05147	0.71128	0.01358	0.00644	0.00183	0.00275	0.01137	0.00514	0.00465
23	0.08150	0.01665	0.01567	0.08786	0.05597	0.25638	0.03433	0.20270	0.03854	0.07871	0.01129	0.01271	0.00858	0.00687	0.02332	0.00180	0.05146	0.00445	0.00383	0.00739
24	0.66272	0.01047	0.00912	0.00776	0.01135	0.01155	0.00639	0.04135	0.01085	0.13958	0.00997	0.01057	0.00725	0.00533	0.00379	0.00165	0.00433	0.00341	0.00395	0.03861
25	0.26352	0.13720	0.06915	0.06664	0.07325	0.07400	0.03180	0.02728	0.04696	0.01876	0.05262	0.01694	0.07722	0.00642	0.00466	0.00163	0.00555	0.01648	0.00340	0.00653
26	0.01275	0.13102	0.27334	0.01246	0.04069	0.05122	0.01239	0.08452	0.11224	0.01874	0.05703	0.03874	0.01260	0.00779	0.03253	0.01922	0.00643	0.00502	0.04239	0.02888
27	0.05414	0.08555	0.04468	0.01532	0.18860	0.02554	0.03043	0.09155	0.07726	0.05094	0.12045	0.07424	0.06715	0.00807	0.00557	0.00172	0.00513	0.04226	0.00425	0.00715

[dist]
# distance from previous block
# <min> <max>
0	12

[block]
# block no. 8 follows, 44 sequences, length 17
# corresponding to MSA columns:
# 323-327,329-340
name=unknown_I
#
# <colnr> <probs for GDERKNQSTAVLIFYWHMCP>
#	G	D	E	R	K	N	Q	S	T	A	V	L	I	F	Y	W	H	M	C	P
0	0.01128	0.01019	0.04056	0.01190	0.03936	0.01163	0.00948	0.03909	0.10144	0.04034	0.10231	0.02336	0.03805	0.07158	0.09208	0.00301	0.29472	0.04966	0.00378	0.00617
1	0.01357	0.01024	0.01327	0.07054	0.07537	0.01071	0.03693	0.22371	0.07804	0.06706	0.06797	0.19470	0.04613	0.00942	0.00595	0.00182	0.00497	0.03105	0.00484	0.03372
2	0.01907	0.01406	0.01574	0.01349	0.06705	0.01545	0.01031	0.52087	0.16817	0.07581	0.01518	0.01486	0.01092	0.00661	0.00547	0.00168	0.00562	0.00518	0.00536	0.00910
3	0.84691	0.01054	0.00801	0.00717	0.01054	0.01223	0.00590	0.01603	0.00928	0.02446	0.00759	0.00886	0.00590	0.00506	0.00337	0.00169	0.00422	0.00295	0.00337	0.00590
4	0.00664	0.00474	0.00633	0.00759	0.00791	0.00443	0.00506	0.00759	0.01044	0.01392	0.03005	0.80485	0.03606	0.01708	0.00696	0.00221	0.00316	0.01550	0.00506	0.00443
5	0.01306	0.10843	0.04267	0.22808	0.19721	0.04069	0.02655	0.04026	0.01192	0.04021	0.00979	0.01274	0.00791	0.00550	0.00625	0.00159	0.08539	0.00438	0.00283	0.11453
6	0.01002	0.00511	0.00521	0.00519	0.00646	0.00509	0.00389	0.01256	0.01167	0.02042	0.06263	0.02154	0.01620	0.00664	0.00397	0.00130	0.00254	0.00537	0.78913	0.00509
7	0.00885	0.00578	0.00753	0.00696	0.00843	0.00532	0.00527	0.01140	0.01528	0.06878	0.69496	0.03854	0.04759	0.01068	0.00627	0.00170	0.00270	0.00940	0.03915	0.00540
8	0.01356	0.01171	0.01233	0.01109	0.01418	0.01356	0.00863	0.02897	0.76455	0.02281	0.02219	0.02034	0.01664	0.00740	0.00555	0.00185	0.00431	0.00616	0.00555	0.00863
9	0.00749	0.00556	0.00698	0.00662	0.00801	0.00505	0.00497	0.00985	0.01490	0.02060	0.64485	0.04280	0.17890	0.01162	0.00643	0.00174	0.00261	0.01015	0.00584	0.00505
10	0.00742	0.00594	0.00684	0.00795	0.00841	0.04848	0.00537	0.00839	0.01072	0.01388	0.02883	0.76007	0.03442	0.01643	0.00684	0.00217	0.00354	0.01482	0.00493	0.00453
11	0.00655	0.00553	0.00567	0.00563	0.00743	0.00465	0.00423	0.00803	0.01268	0.01532	0.11485	0.05149	0.71219	0.01359	0.00644	0.00183	0.00275	0.01137	0.00514	0.00465
12	0.84691	0.01054	0.00801	0.00717	0.01054	0.01223	0.00590	0.01603	0.00928	0.02446	0.00759	0.00886	0.00590	0.00506	0.00337	0.00169	0.00422	0.00295	0.00337	0.00590
13	0.01256	0.00661	0.00871	0.00770	0.00981	0.00591	0.00594	0.01479	0.01487	0.24722	0.44125	0.10178	0.07963	0.01050	0.00619	0.00176	0.00325	0.00914	0.00609	0.00629
14	0.00784	0.00563	0.00770	0.00770	0.00831	0.00624	0.00550	0.00906	0.00845	0.01187	0.01557	0.02677	0.01595	0.32918	0.50168	0.00746	0.01110	0.00663	0.00306	0.00428
15	0.01426	0.23172	0.13032	0.01311	0.05803	0.14292	0.03578	0.10737	0.01353	0.01678	0.01240	0.12622	0.01186	0.02220	0.00599	0.00167	0.04001	0.00564	0.00324	0.00694
16	0.02714	0.01058	0.01693	0.21086	0.31885	0.01123	0.04673	0.03841	0.04204	0.01689	0.01556	0.03833	0.05099	0.05464	0.00705	0.00201	0.00618	0.07534	0.00327	0.00696

[dist]
# distance from previous block
# <min> <max>
0	3

[block]
# block no. 9 follows, 44 sequences, length 16
# corresponding to MSA columns:
# 346-361
name=unknown_J
#
# <colnr> <probs for GDERKNQSTAVLIFYWHMCP>
#	G	D	E	R	K	N	Q	S	T	A	V	L	I	F	Y	W	H	M	C	P
0	0.01483	0.01348	0.03360	0.01275	0.05466	0.06708	0.00977	0.15275	0.46202	0.02310	0.01936	0.01979	0.03230	0.00741	0.00586	0.00180	0.02443	0.03174	0.00500	0.00828
1	0.75272	0.01085	0.00945	0.00809	0.01162	0.01232	0.03564	0.04522	0.01028	0.05137	0.00844	0.00960	0.00640	0.00516	0.00365	0.00169	0.00450	0.00326	0.00355	0.00621
2	0.01050	0.02628	0.05763	0.04060	0.07866	0.03361	0.02657	0.03786	0.08049	0.05030	0.13171	0.21379	0.14785	0.01069	0.00639	0.00186	0.02516	0.00926	0.00460	0.00618
3	0.01130	0.00969	0.01130	0.00807	0.01292	0.00727	0.00646	0.01373	0.01130	0.01776	0.00969	0.01130	0.00807	0.00404	0.00404	0.00081	0.00404	0.00323	0.00323	0.84173
4	0.00722	0.00544	0.00655	0.00648	0.00772	0.00491	0.00470	0.00906	0.01340	0.01797	0.41482	0.13415	0.26385	0.06968	0.00802	0.00207	0.00289	0.01088	0.00542	0.00477
5	0.00890	0.00599	0.00754	0.00788	0.00924	0.00559	0.00603	0.03422	0.01270	0.07151	0.10917	0.32057	0.19948	0.01423	0.00675	0.00208	0.00360	0.16405	0.00528	0.00517
6	0.84691	0.01054	0.00801	0.00717	0.01054	0.01223	0.00590	0.01603	0.00928	0.02446	0.00759	0.00886	0.00590	0.00506	0.00337	0.00169	0.00422	0.00295	0.00337	0.00590
7	0.00744	0.00556	0.00691	0.00657	0.00798	0.00503	0.00493	0.00976	0.01479	0.02033	0.61800	0.04324	0.20591	0.01172	0.00643	0.00174	0.00261	0.01021	0.00580	0.00503
8	0.00712	0.00555	0.00646	0.00624	0.00778	0.00489	0.00468	0.00914	0.01403	0.01853	0.43710	0.04621	0.38794	0.01239	0.00644	0.00177	0.00266	0.01063	0.00556	0.00489
9	0.01996	0.02344	0.01526	0.01415	0.04338	0.65295	0.01040	0.06502	0.01581	0.04728	0.00965	0.01089	0.00773	0.00572	0.00495	0.00143	0.00901	0.00378	0.03253	0.00666
10	0.01279	0.01441	0.03102	0.05690	0.06328	0.01368	0.68855	0.01728	0.01276	0.01733	0.01094	0.01464	0.00825	0.00464	0.00634	0.00183	0.00898	0.00629	0.00274	0.00736
11	0.01130	0.00969	0.01130	0.00807	0.01292	0.00727	0.00646	0.01373	0.01130	0.01776	0.00969	0.01130	0.00807	0.00404	0.00404	0.00081	0.00404	0.00323	0.00323	0.84173
12	0.00793	0.00529	0.00595	0.00595	0.00595	0.00529	0.00330	0.00793	0.00793	0.01057	0.01718	0.03568	0.01982	0.80840	0.02775	0.00529	0.00529	0.00793	0.00330	0.00330
13	0.06330	0.04525	0.01129	0.03682	0.01156	0.01011	0.00748	0.05995	0.01080	0.07412	0.04325	0.02066	0.01381	0.16608	0.18932	0.00405	0.15457	0.00570	0.06624	0.00563
14	0.01333	0.01659	0.19055	0.01379	0.07807	0.12786	0.02754	0.03784	0.20522	0.04971	0.09455	0.06067	0.04573	0.00745	0.00557	0.00173	0.00605	0.00619	0.00414	0.00743
15	0.01311	0.01673	0.15885	0.01793	0.18057	0.16767	0.10617	0.01617	0.01241	0.03062	0.03173	0.10328	0.01296	0.05294	0.02291	0.00205	0.02281	0.00615	0.01808	0.00686

[dist]
# distance from previous block
# <min> <max>
0	8

[block]
# block no. 10 follows, 44 sequences, length 19
# corresponding to MSA columns:
# 370-382,391-396
name=unknown_K
#
# <colnr> <probs for GDERKNQSTAVLIFYWHMCP>
#	G	D	E	R	K	N	Q	S	T	A	V	L	I	F	Y	W	H	M	C	P
0	0.13145	0.07417	0.07917	0.01254	0.05394	0.14086	0.02839	0.17238	0.05697	0.04101	0.01536	0.03999	0.07676	0.00697	0.00570	0.00167	0.04638	0.00521	0.00386	0.00720
1	0.08707	0.08343	0.07910	0.17252	0.07045	0.01262	0.12921	0.11011	0.01347	0.01911	0.07425	0.04986	0.03018	0.00689	0.00575	0.01844	0.00627	0.02098	0.00347	0.00681
2	0.00926	0.00690	0.05375	0.00869	0.00965	0.00615	0.04517	0.00886	0.00807	0.01110	0.01125	0.01867	0.01093	0.08251	0.18199	0.50837	0.00729	0.00526	0.00257	0.00356
3	0.06223	0.01257	0.05363	0.12222	0.19905	0.04732	0.04137	0.11027	0.08809	0.05456	0.01618	0.07375	0.04343	0.00729	0.00558	0.00178	0.00597	0.04341	0.00389	0.00741
4	0.60103	0.01136	0.00988	0.00838	0.01179	0.01294	0.00682	0.19202	0.01310	0.02601	0.00946	0.01143	0.00752	0.05225	0.00529	0.00188	0.00470	0.00371	0.00387	0.00656
5	0.01315	0.03354	0.01769	0.22899	0.24094	0.07843	0.05613	0.04745	0.03531	0.05090	0.01417	0.07201	0.03933	0.00679	0.00595	0.00175	0.03046	0.01662	0.00329	0.00710
6	0.00946	0.00592	0.00698	0.04766	0.00935	0.00599	0.00546	0.01195	0.02555	0.03754	0.09641	0.07288	0.14241	0.01016	0.02637	0.00182	0.02378	0.05486	0.40023	0.00521
7	0.00819	0.00622	0.00848	0.00808	0.00888	0.00678	0.02442	0.00953	0.00954	0.01336	0.08264	0.05266	0.07529	0.27213	0.30270	0.00550	0.06475	0.00747	0.02885	0.00451
8	0.00925	0.00488	0.00732	0.00732	0.00745	0.00501	0.00501	0.00745	0.00732	0.00989	0.01014	0.01721	0.01001	0.02181	0.12156	0.73233	0.00603	0.00488	0.00244	0.00269
9	0.77306	0.01074	0.00862	0.00754	0.01100	0.01232	0.00622	0.05512	0.01037	0.05307	0.00840	0.00944	0.00636	0.00520	0.00356	0.00168	0.00433	0.00315	0.00361	0.00621
10	0.04707	0.00599	0.00708	0.00688	0.00795	0.00593	0.00482	0.02809	0.01134	0.03909	0.19675	0.10990	0.11882	0.27314	0.09498	0.00366	0.00502	0.00890	0.01995	0.00464
11	0.04007	0.01113	0.01121	0.01057	0.05403	0.11002	0.00773	0.15855	0.02998	0.10500	0.09449	0.07168	0.03134	0.02416	0.00589	0.00169	0.01848	0.01982	0.18742	0.00674
12	0.03395	0.06655	0.08911	0.03369	0.01330	0.12967	0.00867	0.08139	0.03216	0.01636	0.03498	0.16189	0.09897	0.05412	0.07752	0.02805	0.00648	0.02343	0.00383	0.00587
13	0.23957	0.10187	0.07379	0.01150	0.02913	0.15549	0.04825	0.04994	0.02752	0.03120	0.00931	0.01087	0.00745	0.00538	0.00512	0.00150	0.05236	0.00372	0.01474	0.12126
14	0.15790	0.27921	0.12711	0.01249	0.05097	0.14999	0.03859	0.05543	0.02916	0.04034	0.00931	0.01055	0.00745	0.00519	0.00436	0.00148	0.00666	0.00365	0.00298	0.00715
15	0.01150	0.01123	0.03521	0.01204	0.07656	0.11351	0.02743	0.06425	0.06733	0.01796	0.15811	0.14134	0.08174	0.01208	0.06348	0.00231	0.05205	0.02248	0.02323	0.00615
16	0.14362	0.01283	0.01579	0.13445	0.11466	0.09026	0.08336	0.15213	0.03393	0.04275	0.04751	0.07950	0.01250	0.00676	0.00534	0.00172	0.00620	0.00575	0.00382	0.00709
17	0.03991	0.00966	0.03168	0.01465	0.18784	0.00943	0.02408	0.05137	0.05878	0.11533	0.05710	0.11569	0.08535	0.04005	0.00708	0.00192	0.04253	0.02250	0.07820	0.00686
18	0.01373	0.01102	0.01158	0.01050	0.03495	0.06674	0.00794	0.17689	0.14380	0.02125	0.01646	0.01906	0.03709	0.06926	0.02789	0.00212	0.09881	0.00552	0.21866	0.00674

[dist]
# distance from previous block
# <min> <max>
5	48

[block]
# block no. 11 follows, 44 sequences, length 12
# corresponding to MSA columns:
# 449-460
name=unknown_L
#
# <colnr> <probs for GDERKNQSTAVLIFYWHMCP>
#	G	D	E	R	K	N	Q	S	T	A	V	L	I	F	Y	W	H	M	C	P
0	0.03910	0.06882	0.04748	0.11021	0.12994	0.13254	0.04053	0.17979	0.05986	0.03900	0.01152	0.01331	0.00890	0.00592	0.00573	0.00163	0.04558	0.00461	0.04799	0.00754
1	0.03963	0.01389	0.06055	0.13446	0.33047	0.11045	0.03138	0.01615	0.02955	0.01672	0.05204	0.05283	0.01244	0.00658	0.00611	0.00174	0.04556	0.02918	0.00308	0.00719
2	0.00792	0.00599	0.00719	0.04116	0.00956	0.00560	0.00543	0.01035	0.05271	0.04159	0.21125	0.21871	0.33641	0.01301	0.00644	0.00189	0.00315	0.01127	0.00525	0.00512
3	0.09763	0.00672	0.00771	0.00700	0.00918	0.00619	0.00541	0.01292	0.01356	0.15892	0.27415	0.07485	0.28347	0.01090	0.00597	0.00177	0.00322	0.00917	0.00550	0.00577
4	0.00963	0.00579	0.00700	0.00677	0.00838	0.00521	0.00504	0.01149	0.01309	0.11422	0.23189	0.19532	0.22652	0.01184	0.00606	0.00179	0.00300	0.01023	0.12135	0.00537
5	0.00780	0.00592	0.00704	0.00733	0.00836	0.00578	0.00513	0.01072	0.10073	0.01618	0.17241	0.34831	0.15194	0.11555	0.00927	0.00241	0.00339	0.01172	0.00507	0.00495
6	0.10868	0.01477	0.01547	0.01197	0.01623	0.01641	0.00989	0.67742	0.02389	0.03330	0.01250	0.01264	0.00891	0.00639	0.00523	0.00164	0.00581	0.00470	0.00523	0.00891
7	0.14771	0.01258	0.01491	0.24658	0.02190	0.04361	0.03165	0.28516	0.01632	0.04097	0.01096	0.01294	0.00811	0.00584	0.00530	0.00167	0.02341	0.00451	0.02072	0.04517
8	0.01640	0.01188	0.01306	0.01070	0.01381	0.01298	0.00849	0.43106	0.11129	0.05318	0.05431	0.02164	0.01528	0.13999	0.02625	0.00246	0.00560	0.03878	0.00511	0.00772
9	0.01093	0.02820	0.78016	0.01554	0.02360	0.01266	0.02014	0.01727	0.01151	0.01727	0.00978	0.01151	0.00691	0.00518	0.00518	0.00173	0.00806	0.00403	0.00230	0.00806
10	0.01649	0.25491	0.04135	0.05046	0.06726	0.18031	0.07623	0.13659	0.07035	0.04083	0.01077	0.01199	0.00850	0.00549	0.00484	0.00149	0.00702	0.00423	0.00336	0.00753
11	0.04702	0.09053	0.14644	0.03853	0.04036	0.02687	0.01027	0.10062	0.02852	0.15074	0.03947	0.01788	0.08844	0.00647	0.00503	0.00151	0.00538	0.00512	0.00411	0.14669

[dist]
# distance from previous block
# <min> <max>
2	9

[block]
# block no. 12 follows, 44 sequences, length 57
# corresponding to MSA columns:
# 470-475,477-517,520-529
name=unknown_M
#
# <colnr> <probs for GDERKNQSTAVLIFYWHMCP>
#	G	D	E	R	K	N	Q	S	T	A	V	L	I	F	Y	W	H	M	C	P
0	0.10344	0.01148	0.01191	0.01057	0.03134	0.09943	0.00808	0.13385	0.03908	0.25393	0.01816	0.17281	0.01563	0.00852	0.00581	0.00176	0.02864	0.00688	0.03133	0.00735
1	0.69315	0.01139	0.01054	0.03485	0.05089	0.03387	0.04108	0.03800	0.01030	0.02345	0.00813	0.00969	0.00632	0.00510	0.00379	0.00169	0.00486	0.00334	0.00333	0.00622
2	0.00786	0.00555	0.00728	0.00728	0.00775	0.00601	0.00497	0.00879	0.00832	0.01156	0.01595	0.02891	0.01688	0.44394	0.38820	0.00694	0.00971	0.00694	0.00312	0.00405
3	0.01325	0.03572	0.13698	0.16278	0.12657	0.03913	0.03287	0.12866	0.16153	0.01990	0.01639	0.01761	0.07178	0.00651	0.00546	0.00173	0.00625	0.00547	0.00374	0.00767
4	0.00781	0.00589	0.00710	0.00741	0.00840	0.00577	0.00518	0.01074	0.09978	0.01637	0.18957	0.37071	0.12234	0.10623	0.00903	0.00238	0.00337	0.01184	0.00512	0.00496
5	0.01141	0.00656	0.00816	0.00734	0.00943	0.00590	0.00569	0.03010	0.01453	0.18572	0.33397	0.07233	0.22228	0.01098	0.00618	0.00177	0.00324	0.02857	0.02988	0.00597
6	0.01101	0.04233	0.47556	0.01289	0.01852	0.01119	0.03601	0.01646	0.07117	0.03885	0.01390	0.01778	0.03344	0.12703	0.02914	0.00243	0.00709	0.00516	0.02291	0.00712
7	0.01969	0.00978	0.01260	0.00988	0.01364	0.00912	0.02750	0.15231	0.01673	0.45250	0.08360	0.04494	0.07400	0.00775	0.00564	0.00168	0.00462	0.00643	0.00603	0.04156
8	0.02263	0.01079	0.01311	0.01026	0.01430	0.03337	0.00840	0.14061	0.06956	0.56654	0.01975	0.01760	0.01287	0.00672	0.00542	0.00167	0.00493	0.00537	0.02706	0.00904
9	0.84691	0.01054	0.00801	0.00717	0.01054	0.01223	0.00590	0.01603	0.00928	0.02446	0.00759	0.00886	0.00590	0.00506	0.00337	0.00169	0.00422	0.00295	0.00337	0.00590
10	0.02446	0.00928	0.01265	0.00970	0.01392	0.00801	0.00801	0.02657	0.01560	0.77817	0.02151	0.01856	0.01350	0.00675	0.00548	0.00169	0.00464	0.00548	0.00675	0.00928
11	0.84691	0.01054	0.00801	0.00717	0.01054	0.01223	0.00590	0.01603	0.00928	0.02446	0.00759	0.00886	0.00590	0.00506	0.00337	0.00169	0.00422	0.00295	0.00337	0.00590
12	0.00873	0.00728	0.01012	0.00972	0.01060	0.02891	0.00767	0.01056	0.00888	0.01274	0.01334	0.01970	0.01249	0.03531	0.65209	0.00762	0.13071	0.00562	0.00284	0.00507
13	0.01349	0.01295	0.02213	0.03346	0.77440	0.01295	0.01673	0.01673	0.01241	0.01781	0.01025	0.01349	0.00864	0.00486	0.00540	0.00162	0.00648	0.00486	0.00270	0.00864
14	0.01047	0.00706	0.00912	0.00836	0.01048	0.00650	0.04671	0.04524	0.03838	0.12708	0.03702	0.23568	0.33136	0.01264	0.00642	0.00194	0.00381	0.05077	0.00521	0.00576
