[name]
unknown

[dist]
# distance from previous block
# <min> <max>
0	195

[block]
# block no. 0 follows, 61 sequences, length 36
# corresponding to MSA columns:
# 250-285
name=unknown_A
#
# <colnr> <probs for GDERKNQSTAVLIFYWHMCP>
#	G	D	E	R	K	N	Q	S	T	A	V	L	I	F	Y	W	H	M	C	P
0	0.00685	0.00489	0.00683	0.00783	0.00878	0.00488	0.00678	0.00876	0.00982	0.01279	0.02286	0.09272	0.02500	0.01199	0.00592	0.00197	0.00389	0.74955	0.00397	0.00394
1	0.00748	0.00374	0.00561	0.00561	0.00561	0.00374	0.00374	0.00561	0.00561	0.00748	0.00748	0.01309	0.00748	0.01496	0.01684	0.87467	0.00374	0.00374	0.00187	0.00187
2	0.00748	0.00374	0.00561	0.00561	0.00561	0.00374	0.00374	0.00561	0.00561	0.00748	0.00748	0.01309	0.00748	0.01496	0.01684	0.87467	0.00374	0.00374	0.00187	0.00187
3	0.01071	0.00925	0.00974	0.00877	0.01120	0.01071	0.00682	0.02289	0.81396	0.01802	0.01753	0.01607	0.01315	0.00584	0.00438	0.00146	0.00341	0.00487	0.00438	0.00682
4	0.00511	0.00431	0.00442	0.00451	0.00586	0.00362	0.00334	0.00617	0.00968	0.01158	0.04185	0.11376	0.74885	0.01114	0.00513	0.00148	0.00221	0.00937	0.00400	0.00362
5	0.01071	0.00925	0.00974	0.00877	0.01120	0.01071	0.00682	0.02289	0.81396	0.01802	0.01753	0.01607	0.01315	0.00584	0.00438	0.00146	0.00341	0.00487	0.00438	0.00682
6	0.87904	0.00833	0.00633	0.00566	0.00833	0.00966	0.00467	0.01266	0.00733	0.01933	0.00600	0.00700	0.00467	0.00400	0.00267	0.00133	0.00333	0.00233	0.00267	0.00467
7	0.01458	0.01736	0.01151	0.01044	0.01272	0.60054	0.00790	0.01880	0.23769	0.01265	0.00972	0.01010	0.00769	0.00483	0.00402	0.00121	0.00654	0.00336	0.00283	0.00551
8	0.00626	0.00418	0.00470	0.00470	0.00470	0.00418	0.00261	0.00626	0.00626	0.00835	0.01357	0.02819	0.01566	0.84862	0.02192	0.00418	0.00418	0.00626	0.00261	0.00261
9	0.87904	0.00833	0.00633	0.00566	0.00833	0.00966	0.00467	0.01266	0.00733	0.01933	0.00600	0.00700	0.00467	0.00400	0.00267	0.00133	0.00333	0.00233	0.00267	0.00467
10	0.01595	0.01989	0.01217	0.01099	0.01326	0.77704	0.00828	0.04811	0.03445	0.01139	0.00710	0.00810	0.00583	0.00451	0.00391	0.00113	0.00753	0.00287	0.00236	0.00513
11	0.00510	0.00433	0.00440	0.00445	0.00584	0.00363	0.00331	0.00617	0.00973	0.01160	0.04254	0.08598	0.77618	0.01105	0.00511	0.00147	0.00220	0.00927	0.00400	0.00363
12	0.00525	0.00375	0.00500	0.00600	0.00625	0.00350	0.00400	0.00600	0.00825	0.01100	0.02374	0.84580	0.02849	0.01350	0.00550	0.00175	0.00250	0.01225	0.00400	0.00350
13	0.00893	0.00766	0.00893	0.00638	0.01021	0.00574	0.00510	0.01085	0.00893	0.01404	0.00766	0.00893	0.00638	0.00319	0.00319	0.00064	0.00319	0.00255	0.00255	0.87495
14	0.00509	0.00436	0.00436	0.00436	0.00582	0.00364	0.00327	0.00618	0.00982	0.01164	0.04364	0.04146	0.82000	0.01091	0.00509	0.00145	0.00218	0.00909	0.00400	0.00364
15	0.01177	0.80523	0.02200	0.00758	0.01118	0.06212	0.00742	0.01314	0.00894	0.01016	0.00603	0.00696	0.00553	0.00373	0.00283	0.00093	0.00478	0.00233	0.00186	0.00550
16	0.00748	0.00374	0.00561	0.00561	0.00561	0.00374	0.00374	0.00561	0.00561	0.00748	0.00748	0.01309	0.00748	0.01496	0.01684	0.87467	0.00374	0.00374	0.00187	0.00187
17	0.01558	0.01167	0.01248	0.00975	0.01305	0.01299	0.00799	0.69684	0.13209	0.02586	0.01136	0.01115	0.00815	0.00527	0.00432	0.00132	0.00455	0.00402	0.00432	0.00725
18	0.01066	0.01023	0.01748	0.02644	0.82174	0.01023	0.01322	0.01322	0.00981	0.01407	0.00810	0.01066	0.00682	0.00384	0.00426	0.00128	0.00512	0.00384	0.00213	0.00682
19	0.01608	0.01192	0.01276	0.00985	0.01325	0.01322	0.00812	0.76631	0.06181	0.02667	0.01072	0.01064	0.00763	0.00521	0.00431	0.00130	0.00467	0.00393	0.00431	0.00730
20	0.00645	0.00481	0.00720	0.00688	0.00769	0.00535	0.03974	0.00785	0.00707	0.01023	0.01189	0.01852	0.01141	0.16523	0.61440	0.00590	0.00959	0.00488	0.05117	0.00374
21	0.01759	0.00832	0.01039	0.00816	0.01137	0.00803	0.00668	0.13663	0.13479	0.58567	0.01610	0.01424	0.01055	0.00539	0.00434	0.00135	0.00378	0.00435	0.00504	0.00725
22	0.00813	0.00766	0.01292	0.83826	0.02967	0.00957	0.01196	0.01101	0.00861	0.01101	0.00766	0.01148	0.00574	0.00431	0.00431	0.00144	0.00574	0.00383	0.00191	0.00479
23	0.01057	0.01049	0.01897	0.02488	0.67171	0.01036	0.16206	0.01333	0.00988	0.01402	0.00822	0.01084	0.00677	0.00380	0.00442	0.00131	0.00552	0.00407	0.00214	0.00663
24	0.00629	0.00447	0.00609	0.00704	0.00776	0.00436	0.00567	0.00779	0.00927	0.01222	0.02343	0.34796	0.04357	0.01233	0.00570	0.00186	0.00333	0.46437	0.02272	0.00378
25	0.00949	0.00962	0.01430	0.01193	0.01233	0.01298	0.08176	0.01068	0.00692	0.01068	0.00593	0.00962	0.00573	0.00718	0.01331	0.00185	0.76505	0.00389	0.00191	0.00481
26	0.00618	0.00459	0.00592	0.00643	0.00745	0.00433	0.00524	0.00783	0.01015	0.01324	0.17944	0.12877	0.21060	0.01125	0.00554	0.00172	0.00303	0.38031	0.00413	0.00386
27	0.00965	0.04409	0.00981	0.00678	0.01050	0.04728	0.00546	0.03836	0.00947	0.01415	0.00763	0.00884	0.00634	0.00334	0.00324	0.00070	0.00353	0.00260	0.00257	0.76569
28	0.01598	0.00864	0.01031	0.00835	0.01139	0.00879	0.00675	0.12972	0.28729	0.43951	0.01626	0.01455	0.01105	0.00548	0.00435	0.00137	0.00373	0.00445	0.00487	0.00715
29	0.00525	0.00375	0.00500	0.00600	0.00625	0.00350	0.00400	0.00600	0.00825	0.01100	0.02374	0.84580	0.02849	0.01350	0.00550	0.00175	0.00250	0.01225	0.00400	0.00350
30	0.01496	0.01857	0.01296	0.01238	0.07236	0.67933	0.02533	0.01621	0.01148	0.01085	0.00671	0.00821	0.00567	0.00466	0.00488	0.00120	0.08393	0.00299	0.00218	0.00512
31	0.00528	0.00376	0.00499	0.00596	0.00620	0.00352	0.00395	0.00601	0.00818	0.01091	0.02342	0.81973	0.02808	0.04013	0.00602	0.00183	0.00255	0.01205	0.00395	0.00347
32	0.18289	0.03833	0.06441	0.01083	0.06994	0.40137	0.00833	0.11340	0.02440	0.03752	0.00760	0.00853	0.00594	0.00441	0.00373	0.00121	0.00599	0.00299	0.00264	0.00554
33	0.00993	0.15368	0.43320	0.01322	0.07300	0.01140	0.14938	0.06081	0.00996	0.01392	0.00817	0.01032	0.00633	0.00419	0.00412	0.00131	0.00599	0.02281	0.00211	0.00616
34	0.03160	0.01239	0.06831	0.06622	0.13951	0.19726	0.04380	0.09670	0.06460	0.12226	0.06513	0.01266	0.02014	0.00492	0.00422	0.00128	0.00523	0.00402	0.01677	0.02299
35	0.01095	0.01004	0.02416	0.02819	0.25750	0.05754	0.05410	0.08676	0.02240	0.04149	0.00869	0.02347	0.00711	0.00410	0.00421	0.00108	0.02913	0.00354	0.00265	0.32288

[dist]
# distance from previous block
# <min> <max>
3	44

[block]
# block no. 1 follows, 61 sequences, length 26
# corresponding to MSA columns:
# 330-355
name=unknown_B
#
# <colnr> <probs for GDERKNQSTAVLIFYWHMCP>
#	G	D	E	R	K	N	Q	S	T	A	V	L	I	F	Y	W	H	M	C	P
0	0.07017	0.23100	0.06760	0.00669	0.00882	0.00828	0.00593	0.00964	0.00884	0.03486	0.03137	0.24205	0.12989	0.04484	0.00509	0.00152	0.00357	0.07010	0.00314	0.01659
1	0.03621	0.10689	0.31844	0.00964	0.01328	0.08682	0.05271	0.02863	0.00976	0.02505	0.07668	0.16129	0.04416	0.00641	0.00431	0.00136	0.00499	0.00537	0.00272	0.00529
2	0.03241	0.48676	0.21456	0.00833	0.01224	0.04503	0.00891	0.01239	0.00899	0.01140	0.02308	0.01094	0.07372	0.00484	0.00378	0.02703	0.00485	0.00323	0.00210	0.00540
3	0.00585	0.00458	0.00647	0.00694	0.00731	0.00472	0.02843	0.00674	0.00818	0.01107	0.02147	0.71667	0.02547	0.01257	0.00636	0.00176	0.08613	0.03185	0.00373	0.00370
4	0.01599	0.01201	0.01206	0.00953	0.01269	0.09500	0.00775	0.57804	0.06323	0.10008	0.01115	0.01103	0.00793	0.00514	0.00422	0.00128	0.00477	0.00387	0.03730	0.00693
5	0.01606	0.06607	0.01355	0.00975	0.01321	0.01360	0.00813	0.75625	0.01951	0.02605	0.01006	0.01012	0.00721	0.00508	0.00421	0.00127	0.00473	0.00378	0.00415	0.00721
6	0.00864	0.02228	0.82630	0.01228	0.01864	0.01000	0.01592	0.01364	0.00909	0.01364	0.00773	0.00909	0.00546	0.00409	0.00409	0.00136	0.00637	0.00318	0.00182	0.00637
7	0.01174	0.81075	0.02207	0.00755	0.01117	0.05671	0.00742	0.01311	0.00892	0.01015	0.00602	0.00695	0.00553	0.00372	0.00282	0.00093	0.00476	0.00233	0.00186	0.00550
8	0.00864	0.02228	0.82630	0.01228	0.01864	0.01000	0.01592	0.01364	0.00909	0.01364	0.00773	0.00909	0.00546	0.00409	0.00409	0.00136	0.00637	0.00318	0.00182	0.00637
9	0.01843	0.00856	0.01120	0.00859	0.01194	0.04729	0.05205	0.07798	0.01278	0.68055	0.01553	0.01384	0.00993	0.00518	0.00435	0.00133	0.00415	0.00427	0.00493	0.00713
10	0.00634	0.00479	0.00591	0.00556	0.00674	0.00454	0.00419	0.00907	0.07592	0.01666	0.66214	0.03201	0.13218	0.00882	0.00503	0.00138	0.00216	0.00771	0.00462	0.00423
11	0.01933	0.00733	0.01000	0.00766	0.01100	0.00633	0.00633	0.02099	0.01233	0.82473	0.01699	0.01466	0.01066	0.00533	0.00433	0.00133	0.00367	0.00433	0.00533	0.00733
12	0.01489	0.01528	0.01183	0.01018	0.01282	0.38825	0.00792	0.25689	0.20649	0.01734	0.01037	0.01053	0.00790	0.00500	0.00413	0.00125	0.00581	0.00361	0.00337	0.00613
13	0.01152	0.85121	0.02257	0.00737	0.01106	0.01704	0.00737	0.01290	0.00875	0.01013	0.00599	0.00691	0.00553	0.00369	0.00276	0.00092	0.00461	0.00230	0.00184	0.00553
14	0.00525	0.00375	0.00500	0.00600	0.00625	0.00350	0.00400	0.00600	0.00825	0.01100	0.02374	0.84580	0.02849	0.01350	0.00550	0.00175	0.00250	0.01225	0.00400	0.00350
15	0.01152	0.85121	0.02257	0.00737	0.01106	0.01704	0.00737	0.01290	0.00875	0.01013	0.00599	0.00691	0.00553	0.00369	0.00276	0.00092	0.00461	0.00230	0.00184	0.00553
16	0.00684	0.00488	0.00682	0.00781	0.00876	0.00487	0.00676	0.00874	0.00981	0.01277	0.02286	0.09756	0.02502	0.01200	0.00592	0.00197	0.00388	0.74480	0.00397	0.00394
17	0.00942	0.00942	0.01319	0.01131	0.01131	0.01319	0.00942	0.01037	0.00660	0.01037	0.00565	0.00942	0.00565	0.00754	0.01414	0.00188	0.84073	0.00377	0.00188	0.00471
18	0.01767	0.00936	0.01106	0.00868	0.01190	0.07371	0.03141	0.13580	0.07704	0.55393	0.01498	0.01350	0.00984	0.00523	0.00432	0.00132	0.00424	0.00421	0.00476	0.00706
19	0.00525	0.00375	0.00500	0.00600	0.00625	0.00350	0.00400	0.00600	0.00825	0.01100	0.02374	0.84580	0.02849	0.01350	0.00550	0.00175	0.00250	0.01225	0.00400	0.00350
20	0.00509	0.00436	0.00436	0.00436	0.00582	0.00364	0.00327	0.00618	0.00982	0.01164	0.04364	0.04146	0.82000	0.01091	0.00509	0.00145	0.00218	0.00909	0.00400	0.00364
21	0.00524	0.00380	0.00495	0.00587	0.00621	0.00351	0.00394	0.00601	0.00837	0.01105	0.02533	0.78159	0.09168	0.01329	0.00547	0.00173	0.00247	0.01199	0.00400	0.00351
22	0.21817	0.01315	0.01122	0.00924	0.01211	0.20917	0.00743	0.40867	0.01490	0.02085	0.00831	0.00891	0.00623	0.00479	0.00410	0.00127	0.02881	0.00325	0.00335	0.00607
23	0.55921	0.04171	0.00914	0.00714	0.01011	0.01117	0.00594	0.27684	0.01168	0.02158	0.00744	0.00811	0.00558	0.00438	0.00322	0.00130	0.00385	0.00285	0.00318	0.00558
24	0.00789	0.00589	0.00730	0.04279	0.00902	0.00600	0.00541	0.15114	0.01042	0.01403	0.01850	0.39317	0.04450	0.06670	0.07213	0.00216	0.00403	0.07450	0.00364	0.06077
25	0.01183	0.01217	0.01308	0.04308	0.01364	0.22406	0.10623	0.02887	0.18347	0.04405	0.01058	0.01191	0.02755	0.00560	0.00671	0.00144	0.21159	0.00405	0.02114	0.01895

[dist]
# distance from previous block
# <min> <max>
1	5

[block]
# block no. 2 follows, 61 sequences, length 22
# corresponding to MSA columns:
# 362-383
name=unknown_C
#
# <colnr> <probs for GDERKNQSTAVLIFYWHMCP>
#	G	D	E	R	K	N	Q	S	T	A	V	L	I	F	Y	W	H	M	C	P
0	0.00999	0.34199	0.07599	0.00818	0.01145	0.01175	0.02453	0.01260	0.06727	0.01246	0.04301	0.01042	0.00817	0.00453	0.00458	0.00108	0.09905	0.01569	0.00238	0.23489
1	0.01096	0.13964	0.38778	0.01071	0.02737	0.11538	0.02457	0.02938	0.11988	0.05136	0.00939	0.01014	0.00703	0.00441	0.00391	0.00127	0.00558	0.00337	0.03175	0.00611
2	0.04423	0.03405	0.62365	0.01118	0.01649	0.00939	0.05331	0.01300	0.00898	0.01392	0.00846	0.01009	0.00624	0.00524	0.03602	0.00154	0.00602	0.00337	0.08889	0.00592
3	0.00924	0.00797	0.00977	0.00700	0.01084	0.00622	0.03962	0.03778	0.00937	0.01447	0.00779	0.00910	0.00642	0.00328	0.00331	0.00070	0.00342	0.00271	0.00260	0.80841
4	0.00547	0.00417	0.00504	0.00532	0.00621	0.00374	0.00383	0.00672	0.00993	0.01302	0.25463	0.32577	0.30096	0.01126	0.00525	0.00154	0.00229	0.02691	0.00421	0.00372
5	0.01064	0.01029	0.01781	0.02610	0.78904	0.01026	0.04567	0.01324	0.00982	0.01406	0.00813	0.01070	0.00681	0.00383	0.00430	0.00129	0.00521	0.00389	0.00213	0.00678
6	0.01179	0.00979	0.01034	0.00898	0.01161	0.01122	0.00708	0.17165	0.66346	0.01975	0.01617	0.01498	0.01204	0.00572	0.00437	0.00143	0.00366	0.00468	0.00437	0.00691
7	0.01692	0.00680	0.00922	0.00725	0.01016	0.00592	0.00592	0.01865	0.01230	0.67757	0.16324	0.01785	0.01613	0.00596	0.00447	0.00134	0.00337	0.00496	0.00522	0.00674
8	0.00963	0.30760	0.54965	0.01059	0.01603	0.01243	0.01297	0.01339	0.00898	0.01243	0.00713	0.00834	0.00548	0.00395	0.00364	0.00121	0.00576	0.00288	0.00183	0.00608
9	0.00864	0.02228	0.82630	0.01228	0.01864	0.01000	0.01592	0.01364	0.00909	0.01364	0.00773	0.00909	0.00546	0.00409	0.00409	0.00136	0.00637	0.00318	0.00182	0.00637
10	0.00604	0.00440	0.00568	0.00536	0.00640	0.00404	0.00402	0.00802	0.01206	0.01696	0.77582	0.03270	0.08449	0.00892	0.00508	0.00136	0.00204	0.00786	0.00470	0.00404
11	0.00514	0.00416	0.00458	0.00491	0.00596	0.00359	0.00352	0.00612	0.00929	0.01142	0.03697	0.31101	0.55475	0.01178	0.00523	0.00155	0.00229	0.01015	0.00400	0.00359
12	0.00968	0.00967	0.01776	0.30399	0.36269	0.01016	0.19768	0.01259	0.00948	0.01295	0.00809	0.01117	0.00638	0.00395	0.00447	0.00137	0.00583	0.00413	0.00207	0.00589
13	0.00864	0.02228	0.82630	0.01228	0.01864	0.01000	0.01592	0.01364	0.00909	0.01364	0.00773	0.00909	0.00546	0.00409	0.00409	0.00136	0.00637	0.00318	0.00182	0.00637
14	0.00509	0.00436	0.00436	0.00436	0.00582	0.00364	0.00327	0.00618	0.00982	0.01164	0.04364	0.04146	0.82000	0.01091	0.00509	0.00145	0.00218	0.00909	0.00400	0.00364
15	0.01107	0.74504	0.10012	0.00779	0.01165	0.01597	0.00810	0.01283	0.00889	0.01069	0.03082	0.00789	0.00659	0.00388	0.00296	0.00098	0.00470	0.00256	0.00193	0.00556
16	0.01100	0.76899	0.02105	0.00733	0.01073	0.01591	0.00718	0.01239	0.00857	0.01012	0.00653	0.00788	0.00604	0.00646	0.08325	0.00150	0.00528	0.00253	0.00189	0.00536
17	0.00568	0.00455	0.00518	0.00549	0.00680	0.00406	0.00444	0.00705	0.00985	0.01203	0.03704	0.04372	0.56801	0.01122	0.00536	0.00162	0.00275	0.25742	0.00399	0.00374
18	0.00658	0.00484	0.00644	0.00723	0.00832	0.00470	0.00622	0.00839	0.00990	0.01265	0.02688	0.04719	0.18039	0.01171	0.00578	0.00188	0.00362	0.63941	0.00397	0.00390
19	0.01047	0.31864	0.05741	0.01365	0.01774	0.01291	0.46018	0.01326	0.00956	0.01238	0.00807	0.03159	0.00670	0.00393	0.00421	0.00126	0.00613	0.00418	0.00209	0.00567
20	0.04302	0.08073	0.69844	0.01152	0.01739	0.02784	0.01446	0.01382	0.00915	0.03458	0.00776	0.00897	0.00557	0.00410	0.00394	0.00132	0.00608	0.00311	0.00195	0.00624
21	0.06241	0.11879	0.06089	0.00861	0.01177	0.04270	0.00746	0.19683	0.21843	0.16805	0.05154	0.01286	0.01049	0.00520	0.00405	0.00130	0.00419	0.00403	0.00390	0.00651

[dist]
# distance from previous block
# <min> <max>
11	31

[block]
# block no. 3 follows, 61 sequences, length 85
# corresponding to MSA columns:
# 418-427,430-504
name=unknown_D
#
# <colnr> <probs for GDERKNQSTAVLIFYWHMCP>
#	G	D	E	R	K	N	Q	S	T	A	V	L	I	F	Y	W	H	M	C	P
0	0.00637	0.01950	0.03654	0.00698	0.00801	0.00480	0.04494	0.00765	0.00856	0.02817	0.02184	0.43778	0.09388	0.07358	0.07883	0.00233	0.00401	0.10881	0.00357	0.00387
1	0.00928	0.02006	0.66295	0.08498	0.01894	0.04442	0.01468	0.05456	0.00978	0.01396	0.00810	0.01005	0.00594	0.00433	0.00415	0.00137	0.00624	0.01802	0.00201	0.00617
2	0.00991	0.00929	0.01538	0.30779	0.48368	0.00992	0.01227	0.04006	0.00972	0.01346	0.00801	0.01086	0.00645	0.00402	0.00424	0.00131	0.00524	0.00378	0.00215	0.04247
3	0.19024	0.00942	0.01126	0.00875	0.01203	0.00971	0.06791	0.25643	0.06093	0.27371	0.01173	0.01140	0.00808	0.00482	0.00400	0.00131	0.00416	0.00380	0.00406	0.04624
4	0.01005	0.00961	0.01638	0.22295	0.63001	0.01007	0.01292	0.01268	0.00952	0.01333	0.00799	0.01086	0.00656	0.00395	0.00427	0.00132	0.00527	0.00384	0.00208	0.00633
5	0.00885	0.05081	0.65757	0.07605	0.01958	0.01032	0.09084	0.01343	0.00915	0.01332	0.00775	0.00944	0.00558	0.00405	0.00415	0.00136	0.00634	0.00338	0.00186	0.00616
6	0.00637	0.00476	0.00590	0.00556	0.00668	0.00454	0.00415	0.00902	0.07331	0.01651	0.66110	0.03159	0.10492	0.03983	0.00565	0.00148	0.00223	0.00762	0.00457	0.00418
7	0.00536	0.00382	0.00503	0.00588	0.00617	0.00358	0.00392	0.00616	0.00839	0.01126	0.07601	0.74315	0.02854	0.06282	0.00645	0.00187	0.00257	0.01159	0.00397	0.00348
8	0.38245	0.00977	0.01109	0.03965	0.01227	0.04899	0.10537	0.16483	0.01045	0.02931	0.00813	0.03053	0.00658	0.00624	0.04781	0.00168	0.07315	0.00356	0.00286	0.00531
9	0.01604	0.01192	0.04563	0.00975	0.01325	0.01246	0.00827	0.66559	0.05921	0.09694	0.01119	0.01096	0.00784	0.00518	0.00431	0.00131	0.00464	0.00394	0.00430	0.00726
10	0.00878	0.00752	0.00875	0.00630	0.01003	0.00566	0.00503	0.01066	0.00897	0.01394	0.00912	0.01026	0.03952	0.00350	0.00327	0.00067	0.00315	0.00282	0.00261	0.83946
11	0.00528	0.00381	0.00494	0.00582	0.00615	0.00354	0.00389	0.00602	0.00829	0.01094	0.02485	0.75077	0.08872	0.04731	0.00614	0.00183	0.00254	0.01176	0.00394	0.00347
12	0.00686	0.00566	0.00838	0.00791	0.00856	0.00698	0.01728	0.00828	0.00689	0.01009	0.01037	0.01557	0.00979	0.04216	0.64319	0.00580	0.17549	0.00448	0.00223	0.00402
13	0.00985	0.01982	0.68188	0.01186	0.01754	0.00979	0.03101	0.01427	0.00934	0.10005	0.00864	0.00976	0.00604	0.00439	0.00464	0.00139	0.04778	0.00337	0.00220	0.00637
14	0.01030	0.35721	0.29881	0.01357	0.19394	0.01295	0.03189	0.01325	0.00914	0.01231	0.00713	0.00862	0.00582	0.00386	0.00361	0.00117	0.00539	0.00302	0.00191	0.00611
15	0.01067	0.01035	0.01715	0.06326	0.76701	0.02896	0.01305	0.01321	0.00981	0.01385	0.00805	0.01063	0.00674	0.00387	0.00426	0.00128	0.00521	0.00381	0.00212	0.00669
16	0.00524	0.00380	0.00495	0.00587	0.00621	0.00351	0.00394	0.00601	0.00837	0.01105	0.02527	0.78407	0.08924	0.01330	0.00547	0.00173	0.00247	0.01200	0.00400	0.00351
17	0.00984	0.00955	0.01665	0.28936	0.34456	0.01014	0.15122	0.04058	0.04350	0.01360	0.00920	0.01189	0.02191	0.00422	0.00444	0.00137	0.00556	0.00420	0.00227	0.00594
18	0.01026	0.08826	0.05034	0.08828	0.01719	0.04101	0.30845	0.03395	0.18150	0.02814	0.01062	0.01247	0.00824	0.00735	0.09275	0.00197	0.00637	0.00441	0.00270	0.00575
19	0.00539	0.00385	0.00517	0.00609	0.00639	0.00368	0.00415	0.00621	0.00819	0.01095	0.02276	0.74782	0.02703	0.03568	0.05220	0.00211	0.00310	0.04183	0.00387	0.00351
20	0.02922	0.01147	0.01183	0.00954	0.01262	0.04276	0.00772	0.52892	0.25832	0.02366	0.01229	0.01191	0.00897	0.00533	0.00429	0.00134	0.00443	0.00411	0.00423	0.00704
21	0.00858	0.00767	0.07021	0.00731	0.00921	0.00691	0.00606	0.18564	0.07841	0.01615	0.09220	0.29045	0.14326	0.00930	0.00491	0.00151	0.00332	0.03696	0.01698	0.00494
22	0.04805	0.01047	0.01146	0.01004	0.06745	0.04761	0.00759	0.39684	0.11653	0.14877	0.01325	0.01328	0.03873	0.00538	0.00425	0.00131	0.00433	0.01448	0.02220	0.01799
23	0.01009	0.01216	0.06582	0.01786	0.02232	0.01085	0.76623	0.01379	0.01011	0.01379	0.00866	0.01149	0.00648	0.00365	0.00503	0.00145	0.00722	0.00499	0.00216	0.00584
24	0.00525	0.00375	0.00500	0.00600	0.00625	0.00350	0.00400	0.00600	0.00825	0.01100	0.02374	0.84580	0.02849	0.01350	0.00550	0.00175	0.00250	0.01225	0.00400	0.00350
25	0.01474	0.01733	0.01153	0.01035	0.01267	0.59672	0.00786	0.07207	0.15833	0.01308	0.01020	0.01065	0.03596	0.00497	0.00405	0.00120	0.00657	0.00346	0.00282	0.00544
26	0.03984	0.10866	0.71295	0.01153	0.01748	0.01073	0.01462	0.01353	0.00900	0.01348	0.00749	0.00879	0.00544	0.00405	0.00390	0.00132	0.00607	0.00306	0.00185	0.00622
27	0.00526	0.00387	0.00494	0.00574	0.00620	0.00354	0.00390	0.00612	0.00865	0.01137	0.06289	0.69402	0.14186	0.01291	0.00542	0.00169	0.00243	0.01159	0.00403	0.00354
28	0.00592	0.00426	0.00583	0.00611	0.00655	0.00455	0.00431	0.00686	0.00714	0.00989	0.01556	0.25885	0.01707	0.22585	0.39583	0.00476	0.00714	0.00722	0.00287	0.00344
29	0.19620	0.00550	0.00627	0.00669	0.00796	0.00568	0.00537	0.02528	0.00913	0.03250	0.02034	0.26950	0.07042	0.01030	0.00498	0.00171	0.00330	0.31102	0.00373	0.00411
30	0.00876	0.05698	0.79266	0.01207	0.01833	0.01030	0.01556	0.01361	0.00908	0.01349	0.00766	0.00900	0.00546	0.00408	0.00404	0.00135	0.00629	0.00315	0.00182	0.00633
31	0.00611	0.00443	0.00595	0.00681	0.00755	0.00426	0.00540	0.00756	0.00938	0.01227	0.06112	0.35168	0.08796	0.01229	0.00567	0.00182	0.00318	0.39877	0.00402	0.00377
32	0.00884	0.07917	0.77114	0.01194	0.01812	0.01049	0.01533	0.01359	0.00907	0.01340	0.00761	0.00894	0.00546	0.00406	0.00400	0.00133	0.00625	0.00312	0.00182	0.00631
33	0.00919	0.00652	0.00774	0.00687	0.00853	0.00665	0.00533	0.20885	0.04319	0.04728	0.40529	0.14612	0.04395	0.00848	0.00492	0.00142	0.00294	0.02723	0.00450	0.00500
34	0.00525	0.00375	0.00500	0.00600	0.00625	0.00350	0.00400	0.00600	0.00825	0.01100	0.02374	0.84580	0.02849	0.01350	0.00550	0.00175	0.00250	0.01225	0.00400	0.00350
35	0.00579	0.00474	0.00509	0.00494	0.00632	0.00429	0.00369	0.00789	0.07191	0.01322	0.20890	0.03695	0.55606	0.04418	0.00572	0.00154	0.00232	0.00837	0.00413	0.00393
36	0.10223	0.00873	0.01402	0.40182	0.08356	0.00963	0.13128	0.06539	0.01001	0.10688	0.00901	0.01132	0.00657	0.00432	0.00423	0.00139	0.00532	0.00393	0.01483	0.00553
37	0.01199	0.07612	0.49921	0.01126	0.05257	0.00946	0.01245	0.01567	0.01003	0.24522	0.01027	0.01060	0.00701	0.00441	0.00407	0.00132	0.00541	0.00348	0.00284	0.00660
38	0.00584	0.00410	0.00529	0.00568	0.00594	0.00417	0.00375	0.00646	0.00718	0.00974	0.01713	0.34673	0.01965	0.34686	0.18799	0.00381	0.00509	0.00826	0.00309	0.00322
39	0.01637	0.01207	0.01293	0.00991	0.01336	0.01336	0.00819	0.80738	0.02025	0.02715	0.01034	0.01034	0.00733	0.00517	0.00431	0.00129	0.00474	0.00388	0.00431	0.00733
40	0.00864	0.02228	0.82630	0.01228	0.01864	0.01000	0.01592	0.01364	0.00909	0.01364	0.00773	0.00909	0.00546	0.00409	0.00409	0.00136	0.00637	0.00318	0.00182	0.00637
41	0.01071	0.00925	0.00974	0.00877	0.01120	0.01071	0.00682	0.02289	0.81396	0.01802	0.01753	0.01607	0.01315	0.00584	0.00438	0.00146	0.00341	0.00487	0.00438	0.00682
42	0.00525	0.00375	0.00500	0.00600	0.00625	0.00350	0.00400	0.00600	0.00825	0.01100	0.02374	0.84580	0.02849	0.01350	0.00550	0.00175	0.00250	0.01225	0.00400	0.00350
43	0.00509	0.00436	0.00436	0.00436	0.00582	0.00364	0.00327	0.00618	0.00982	0.01164	0.04364	0.04146	0.82000	0.01091	0.00509	0.00145	0.00218	0.00909	0.00400	0.00364
44	0.01769	0.01122	0.01127	0.00899	0.01213	0.16185	0.00726	0.25378	0.02926	0.42192	0.01311	0.01212	0.00877	0.00513	0.00424	0.00128	0.00474	0.00392	0.00443	0.00689
45	0.00864	0.02228	0.82630	0.01228	0.01864	0.01000	0.01592	0.01364	0.00909	0.01364	0.00773	0.00909	0.00546	0.00409	0.00409	0.00136	0.00637	0.00318	0.00182	0.00637
46	0.00525	0.00375	0.00500	0.00600	0.00625	0.00350	0.00400	0.00600	0.00825	0.01100	0.02374	0.84580	0.02849	0.01350	0.00550	0.00175	0.00250	0.01225	0.00400	0.00350
47	0.01933	0.00733	0.01000	0.00766	0.01100	0.00633	0.00633	0.02099	0.01233	0.82473	0.01699	0.01466	0.01066	0.00533	0.00433	0.00133	0.00367	0.00433	0.00533	0.00733
48	0.00582	0.00389	0.00520	0.00607	0.00644	0.00361	0.00409	0.00661	0.00841	0.04414	0.02347	0.81195	0.02776	0.01316	0.00545	0.00173	0.00255	0.01192	0.00405	0.00365
49	0.00813	0.00766	0.01292	0.83826	0.02967	0.00957	0.01196	0.01101	0.00861	0.01101	0.00766	0.01148	0.00574	0.00431	0.00431	0.00144	0.00574	0.00383	0.00191	0.00479
50	0.01152	0.85121	0.02257	0.00737	0.01106	0.01704	0.00737	0.01290	0.00875	0.01013	0.00599	0.00691	0.00553	0.00369	0.00276	0.00092	0.00461	0.00230	0.00184	0.00553
51	0.00864	0.02228	0.82630	0.01228	0.01864	0.01000	0.01592	0.01364	0.00909	0.01364	0.00773	0.00909	0.00546	0.00409	0.00409	0.00136	0.00637	0.00318	0.00182	0.00637
52	0.00525	0.00375	0.00500	0.00600	0.00625	0.00350	0.00400	0.00600	0.00825	0.01100	0.02374	0.84580	0.02849	0.01350	0.00550	0.00175	0.00250	0.01225	0.00400	0.00350
53	0.00867	0.02207	0.81225	0.01252	0.03259	0.01001	0.01587	0.01363	0.00911	0.01365	0.00774	0.00912	0.00548	0.00409	0.00410	0.00136	0.00634	0.00319	0.00182	0.00637
54	0.00621	0.00486	0.02096	0.00667	0.00742	0.00528	0.00514	0.00757	0.00686	0.00981	0.01179	0.01854	0.01144	0.15893	0.69094	0.00640	0.01030	0.00485	0.00235	0.00370
55	0.00864	0.02228	0.82630	0.01228	0.01864	0.01000	0.01592	0.01364	0.00909	0.01364	0.00773	0.00909	0.00546	0.00409	0.00409	0.00136	0.00637	0.00318	0.00182	0.00637
56	0.01066	0.01023	0.01748	0.02644	0.82174	0.01023	0.01322	0.01322	0.00981	0.01407	0.00810	0.01066	0.00682	0.00384	0.00426	0.00128	0.00512	0.00384	0.00213	0.00682
57	0.00864	0.02228	0.82630	0.01228	0.01864	0.01000	0.01592	0.01364	0.00909	0.01364	0.00773	0.00909	0.00546	0.00409	0.00409	0.00136	0.00637	0.00318	0.00182	0.00637
58	0.00531	0.00379	0.00507	0.00607	0.00634	0.00355	0.00410	0.00610	0.00831	0.01106	0.02371	0.81727	0.02836	0.01344	0.00551	0.00176	0.00255	0.04018	0.00400	0.00352
59	0.01066	0.01023	0.01748	0.02644	0.82174	0.01023	0.01322	0.01322	0.00981	0.01407	0.00810	0.01066	0.00682	0.00384	0.00426	0.00128	0.00512	0.00384	0.00213	0.00682
60	0.01609	0.02053	0.01221	0.01110	0.01332	0.83132	0.00832	0.01720	0.01221	0.01054	0.00666	0.00777	0.00555	0.00444	0.00388	0.00111	0.00777	0.00277	0.00222	0.00499
61	0.01175	0.01072	0.01612	0.01242	0.01577	0.01135	0.29690	0.19001	0.35013	0.01847	0.01277	0.01321	0.00949	0.00490	0.00462	0.00142	0.00510	0.00473	0.00357	0.00656
62	0.00626	0.00418	0.00470	0.00470	0.00470	0.00418	0.00261	0.00626	0.00626	0.00835	0.01357	0.02819	0.01566	0.84862	0.02192	0.00418	0.00418	0.00626	0.00261	0.00261
63	0.00509	0.00436	0.00436	0.00436	0.00582	0.00364	0.00327	0.00618	0.00982	0.01164	0.04364	0.04146	0.82000	0.01091	0.00509	0.00145	0.00218	0.00909	0.00400	0.00364
64	0.01615	0.05036	0.01337	0.00980	0.01325	0.01353	0.00815	0.77112	0.01973	0.02637	0.01014	0.01019	0.00724	0.00510	0.00424	0.00128	0.00473	0.00381	0.00420	0.00724
65	0.00524	0.00377	0.00498	0.00595	0.00623	0.00350	0.00398	0.00600	0.00829	0.01102	0.02435	0.82141	0.05250	0.01342	0.00549	0.00174	0.00249	0.01215	0.00400	0.00350
66	0.00525	0.00375	0.00500	0.00600	0.00625	0.00350	0.00400	0.00600	0.00825	0.01100	0.02374	0.84580	0.02849	0.01350	0.00550	0.00175	0.00250	0.01225	0.00400	0.00350
67	0.00529	0.00378	0.00503	0.00597	0.00626	0.00352	0.00400	0.00610	0.00843	0.01128	0.06006	0.80867	0.02904	0.01328	0.00548	0.00173	0.00248	0.01204	0.00403	0.00352
68	0.03665	0.00774	0.01016	0.00781	0.01114	0.00698	0.00645	0.08581	0.01288	0.74236	0.01622	0.01415	0.01026	0.00529	0.00430	0.00133	0.00375	0.00425	0.00519	0.00728
69	0.00610	0.00440	0.00576	0.00542	0.00644	0.00406	0.00406	0.00813	0.01219	0.01727	0.81947	0.03218	0.04064	0.00881	0.00508	0.00135	0.00203	0.00779	0.00474	0.00406
70	0.01017	0.01162	0.02542	0.01816	0.02251	0.01089	0.80610	0.01380	0.01017	0.01380	0.00871	0.01162	0.00654	0.00363	0.00508	0.00145	0.00726	0.00508	0.00218	0.00581
71	0.01568	0.01943	0.01264	0.01223	0.07537	0.73804	0.00869	0.04613	0.01232	0.01143	0.00691	0.00809	0.00571	0.00442	0.00393	0.00113	0.00745	0.00290	0.00229	0.00522
72	0.00917	0.00871	0.01479	0.50492	0.35490	0.00984	0.01248	0.01191	0.00910	0.01227	0.00784	0.01115	0.00619	0.00411	0.00429	0.00137	0.00549	0.00383	0.00200	0.00562
73	0.00813	0.00766	0.01292	0.83826	0.02967	0.00957	0.01196	0.01101	0.00861	0.01101	0.00766	0.01148	0.00574	0.00431	0.00431	0.00144	0.00574	0.00383	0.00191	0.00479
74	0.00813	0.00766	0.01292	0.83826	0.02967	0.00957	0.01196	0.01101	0.00861	0.01101	0.00766	0.01148	0.00574	0.00431	0.00431	0.00144	0.00574	0.00383	0.00191	0.00479
75	0.01004	0.01240	0.08670	0.01760	0.02204	0.01086	0.73330	0.01373	0.01003	0.01373	0.00859	0.01139	0.00644	0.00373	0.00515	0.00145	0.01990	0.00492	0.00215	0.00584
76	0.00756	0.00657	0.00932	0.00854	0.00894	0.00851	0.00683	0.00876	0.00679	0.01018	0.00928	0.01451	0.00897	0.07313	0.42388	0.00453	0.35432	0.00436	0.02089	0.00413
77	0.00918	0.00905	0.01267	0.01093	0.01097	0.01257	0.00906	0.01013	0.00661	0.01030	0.00615	0.01024	0.00615	0.02700	0.05891	0.00221	0.77747	0.00387	0.00192	0.00462
78	0.00690	0.00484	0.00608	0.00564	0.00689	0.00454	0.00427	0.00947	0.06192	0.05368	0.66576	0.03118	0.10502	0.00865	0.00500	0.00137	0.00221	0.00756	0.00468	0.00435
79	0.00994	0.05083	0.56152	0.01101	0.01621	0.01018	0.01295	0.01613	0.18410	0.07012	0.01043	0.01091	0.00749	0.00454	0.00412	0.00137	0.00547	0.00359	0.00262	0.00650
80	0.01017	0.00974	0.01660	0.18337	0.66863	0.01011	0.01298	0.01279	0.00958	0.01348	0.00802	0.01082	0.00661	0.00393	0.00427	0.00131	0.00524	0.00384	0.00209	0.00643
81	0.01066	0.01023	0.01748	0.02644	0.82174	0.01023	0.01322	0.01322	0.00981	0.01407	0.00810	0.01066	0.00682	0.00384	0.00426	0.00128	0.00512	0.00384	0.00213	0.00682
82	0.00879	0.00833	0.01411	0.62692	0.23587	0.00974	0.01229	0.01158	0.00892	0.01180	0.00777	0.01127	0.00602	0.00418	0.00430	0.00139	0.00558	0.00383	0.00197	0.00532
83	0.27407	0.04638	0.01101	0.10585	0.01348	0.24082	0.03677	0.10920	0.03536	0.03839	0.00802	0.00921	0.00618	0.00441	0.00360	0.00125	0.00518	0.00313	0.04242	0.00528
84	0.05624	0.01161	0.01618	0.04308	0.22229	0.12516	0.20873	0.10774	0.01131	0.05085	0.00873	0.02014	0.00687	0.00417	0.00426	0.00125	0.00563	0.00393	0.00264	0.08919

[dist]
# distance from previous block
# <min> <max>
3	38

[block]
# block no. 4 follows, 61 sequences, length 12
# corresponding to MSA columns:
# 543-554
name=unknown_E
#
# <colnr> <probs for GDERKNQSTAVLIFYWHMCP>
#	G	D	E	R	K	N	Q	S	T	A	V	L	I	F	Y	W	H	M	C	P
0	0.01040	0.08190	0.01434	0.01020	0.01323	0.00924	0.21390	0.17403	0.02768	0.03228	0.05684	0.12703	0.03809	0.00607	0.00448	0.00130	0.00454	0.03055	0.00325	0.14065
1	0.00989	0.27257	0.45761	0.08276	0.04340	0.01200	0.01257	0.01341	0.00908	0.03899	0.00751	0.00887	0.00572	0.00402	0.00372	0.00123	0.00565	0.00303	0.00196	0.00602
2	0.01269	0.00912	0.01039	0.00781	0.01133	0.00855	0.00634	0.30594	0.01346	0.10729	0.01019	0.03749	0.00792	0.00449	0.00380	0.00099	0.00379	0.00355	0.00355	0.43129
3	0.01019	0.00967	0.01640	0.02467	0.75099	0.00965	0.01242	0.01259	0.00967	0.01381	0.00946	0.08312	0.00870	0.00468	0.00437	0.00132	0.00489	0.00457	0.00229	0.00653
4	0.00615	0.00462	0.00692	0.00692	0.00769	0.00538	0.00538	0.00769	0.00692	0.01000	0.01154	0.01692	0.01077	0.03231	0.83154	0.00692	0.01154	0.00462	0.00231	0.00385
5	0.00525	0.00375	0.00500	0.00600	0.00625	0.00350	0.00400	0.00600	0.00825	0.01100	0.02374	0.84580	0.02849	0.01350	0.00550	0.00175	0.00250	0.01225	0.00400	0.00350
6	0.01071	0.00925	0.00974	0.00877	0.01120	0.01071	0.00682	0.02289	0.81396	0.01802	0.01753	0.01607	0.01315	0.00584	0.00438	0.00146	0.00341	0.00487	0.00438	0.00682
7	0.01071	0.00925	0.00974	0.00877	0.01120	0.01071	0.00682	0.02289	0.81396	0.01802	0.01753	0.01607	0.01315	0.00584	0.00438	0.00146	0.00341	0.00487	0.00438	0.00682
8	0.00604	0.00440	0.00568	0.00536	0.00640	0.00404	0.00402	0.00803	0.01207	0.01697	0.77826	0.03267	0.08205	0.00892	0.00508	0.00136	0.00204	0.00786	0.00470	0.00404
9	0.00509	0.00436	0.00436	0.00436	0.00582	0.00364	0.00327	0.00618	0.00982	0.01164	0.04364	0.04146	0.82000	0.01091	0.00509	0.00145	0.00218	0.00909	0.00400	0.00364
10	0.00893	0.00766	0.00893	0.00638	0.01021	0.00574	0.00510	0.01085	0.00893	0.01404	0.00766	0.00893	0.00638	0.00319	0.00319	0.00064	0.00319	0.00255	0.00255	0.87495
11	0.00617	0.00454	0.00655	0.00655	0.00719	0.00518	0.00492	0.00745	0.00681	0.00973	0.01188	0.01880	0.01158	0.16812	0.69685	0.00647	0.01031	0.00489	0.00236	0.00364

[dist]
# distance from previous block
# <min> <max>
4	5

[block]
# block no. 5 follows, 61 sequences, length 39
# corresponding to MSA columns:
# 560-568,572-585,595-610
name=unknown_F
#
# <colnr> <probs for GDERKNQSTAVLIFYWHMCP>
#	G	D	E	R	K	N	Q	S	T	A	V	L	I	F	Y	W	H	M	C	P
0	0.00948	0.00788	0.00899	0.00690	0.01025	0.00681	0.00547	0.04397	0.15520	0.02823	0.02557	0.03351	0.02730	0.00433	0.00361	0.00088	0.00324	0.00355	0.00311	0.61175
1	0.00869	0.00704	0.00839	0.00645	0.00969	0.00545	0.00510	0.01046	0.00900	0.03701	0.01061	0.11084	0.01007	0.00492	0.00364	0.00086	0.00316	0.04369	0.00288	0.70204
2	0.01272	0.55187	0.01866	0.00846	0.01169	0.23493	0.00756	0.02705	0.05133	0.01101	0.00687	0.00771	0.00597	0.00401	0.00318	0.00100	0.00536	0.00259	0.00213	0.02589
3	0.06039	0.01961	0.01184	0.01076	0.01300	0.76746	0.00810	0.01712	0.03301	0.01119	0.00691	0.00795	0.00570	0.00445	0.00383	0.00113	0.00743	0.00281	0.00230	0.00502
4	0.01020	0.05388	0.02432	0.01737	0.03929	0.01133	0.69753	0.01352	0.00986	0.01340	0.00837	0.01122	0.00644	0.00389	0.00552	0.00145	0.05969	0.00483	0.00214	0.00575
5	0.05023	0.00890	0.01028	0.00823	0.01131	0.03026	0.00669	0.16823	0.16680	0.44886	0.01577	0.01427	0.02914	0.00545	0.00428	0.00135	0.00388	0.00434	0.00474	0.00698
6	0.00525	0.00375	0.00500	0.00600	0.00625	0.00350	0.00400	0.00600	0.00825	0.01100	0.02374	0.84580	0.02849	0.01350	0.00550	0.00175	0.00250	0.01225	0.00400	0.00350
7	0.01017	0.01162	0.02542	0.01816	0.02251	0.01089	0.80610	0.01380	0.01017	0.01380	0.00871	0.01162	0.00654	0.00363	0.00508	0.00145	0.00726	0.00508	0.00218	0.00581
8	0.00603	0.00439	0.00559	0.00530	0.00630	0.00404	0.00393	0.00788	0.01170	0.01637	0.71619	0.03271	0.10142	0.05222	0.00595	0.00151	0.00215	0.00782	0.00457	0.00396
9	0.00525	0.00375	0.00500	0.00600	0.00625	0.00350	0.00400	0.00600	0.00825	0.01100	0.02374	0.84580	0.02849	0.01350	0.00550	0.00175	0.00250	0.01225	0.00400	0.00350
10	0.00510	0.00433	0.00440	0.00445	0.00584	0.00363	0.00331	0.00617	0.00974	0.01160	0.04263	0.08210	0.78000	0.01104	0.00511	0.00147	0.00220	0.00925	0.00400	0.00363
11	0.01060	0.01017	0.01737	0.04761	0.80109	0.01022	0.01319	0.01316	0.00978	0.01399	0.00809	0.01068	0.00679	0.00385	0.00427	0.00128	0.00513	0.00384	0.00213	0.00677
12	0.00509	0.00436	0.00436	0.00436	0.00582	0.00364	0.00327	0.00618	0.00982	0.01164	0.04364	0.04146	0.82000	0.01091	0.00509	0.00145	0.00218	0.00909	0.00400	0.00364
13	0.00530	0.00378	0.00505	0.00605	0.00632	0.00354	0.00408	0.00608	0.00829	0.01105	0.02371	0.82303	0.02838	0.01345	0.00551	0.00176	0.00254	0.03455	0.00400	0.00351
14	0.01060	0.01017	0.01738	0.04541	0.80323	0.01022	0.01319	0.01317	0.00978	0.01400	0.00809	0.01068	0.00680	0.00385	0.00427	0.00128	0.00513	0.00384	0.00213	0.00678
15	0.01933	0.00733	0.01000	0.00766	0.01100	0.00633	0.00633	0.02099	0.01233	0.82473	0.01699	0.01466	0.01066	0.00533	0.00433	0.00133	0.00367	0.00433	0.00533	0.00733
16	0.00509	0.00436	0.00436	0.00436	0.00582	0.00364	0.00327	0.00618	0.00982	0.01164	0.04364	0.04146	0.82000	0.01091	0.00509	0.00145	0.00218	0.00909	0.00400	0.00364
17	0.01591	0.01899	0.01252	0.01156	0.04593	0.68971	0.00850	0.12185	0.01318	0.01289	0.00721	0.00823	0.00584	0.00451	0.00396	0.00114	0.00726	0.00296	0.00249	0.00538
18	0.00882	0.07466	0.77551	0.01197	0.01816	0.01045	0.01538	0.01359	0.00907	0.01342	0.00762	0.00896	0.00546	0.00407	0.00401	0.00134	0.00625	0.00313	0.00182	0.00631
19	0.01152	0.85121	0.02257	0.00737	0.01106	0.01704	0.00737	0.01290	0.00875	0.01013	0.00599	0.00691	0.00553	0.00369	0.00276	0.00092	0.00461	0.00230	0.00184	0.00553
20	0.01636	0.01241	0.01290	0.00996	0.01336	0.04635	0.00819	0.77551	0.01993	0.02648	0.01019	0.01024	0.00725	0.00514	0.00429	0.00129	0.00486	0.00383	0.00422	0.00723
21	0.00893	0.00766	0.00893	0.00638	0.01021	0.00574	0.00510	0.01085	0.00893	0.01404	0.00766	0.00893	0.00638	0.00319	0.00319	0.00064	0.00319	0.00255	0.00255	0.87495
22	0.01149	0.00887	0.00965	0.00861	0.01109	0.01001	0.00677	0.02212	0.69509	0.10480	0.01769	0.01723	0.01335	0.00603	0.00444	0.00147	0.00346	0.03659	0.00447	0.00676
23	0.00610	0.00440	0.00576	0.00542	0.00644	0.00406	0.00406	0.00813	0.01219	0.01727	0.81947	0.03218	0.04064	0.00881	0.00508	0.00135	0.00203	0.00779	0.00474	0.00406
24	0.00893	0.00766	0.00893	0.00638	0.01021	0.00574	0.00510	0.01085	0.00893	0.01404	0.00766	0.00893	0.00638	0.00319	0.00319	0.00064	0.00319	0.00255	0.00255	0.87495
25	0.01229	0.00890	0.00979	0.00857	0.01116	0.00991	0.00673	0.02254	0.66770	0.16521	0.01743	0.01581	0.01270	0.00575	0.00437	0.00144	0.00346	0.00477	0.00456	0.00691
26	0.00525	0.00375	0.00500	0.00600	0.00625	0.00350	0.00400	0.00600	0.00825	0.01100	0.02374	0.84580	0.02849	0.01350	0.00550	0.00175	0.00250	0.01225	0.00400	0.00350
27	0.00525	0.00375	0.00500	0.00600	0.00625	0.00350	0.00400	0.00600	0.00825	0.01100	0.02374	0.84580	0.02849	0.01350	0.00550	0.00175	0.00250	0.01225	0.00400	0.00350
28	0.01071	0.00925	0.00974	0.00877	0.01120	0.01071	0.00682	0.02289	0.81396	0.01802	0.01753	0.01607	0.01315	0.00584	0.00438	0.00146	0.00341	0.00487	0.00438	0.00682
29	0.01152	0.85121	0.02257	0.00737	0.01106	0.01704	0.00737	0.01290	0.00875	0.01013	0.00599	0.00691	0.00553	0.00369	0.00276	0.00092	0.00461	0.00230	0.00184	0.00553
30	0.00615	0.00462	0.00692	0.00692	0.00769	0.00538	0.00538	0.00769	0.00692	0.01000	0.01154	0.01692	0.01077	0.03231	0.83154	0.00692	0.01154	0.00462	0.00231	0.00385
31	0.00509	0.00436	0.00436	0.00436	0.00582	0.00364	0.00327	0.00618	0.00982	0.01164	0.04364	0.04146	0.82000	0.01091	0.00509	0.00145	0.00218	0.00909	0.00400	0.00364
32	0.00525	0.00375	0.00500	0.00600	0.00625	0.00350	0.00400	0.00600	0.00825	0.01100	0.02374	0.84580	0.02849	0.01350	0.00550	0.00175	0.00250	0.01225	0.00400	0.00350
33	0.01066	0.01023	0.01748	0.02644	0.82174	0.01023	0.01322	0.01322	0.00981	0.01407	0.00810	0.01066	0.00682	0.00384	0.00426	0.00128	0.00512	0.00384	0.00213	0.00682
34	0.07982	0.00518	0.00588	0.00552	0.00672	0.02844	0.00417	0.00879	0.01159	0.01704	0.67401	0.02899	0.05772	0.00819	0.00476	0.00134	0.00231	0.00708	0.03831	0.00413
35	0.00595	0.00461	0.00635	0.05313	0.07598	0.00444	0.00506	0.00707	0.00867	0.01155	0.02421	0.57434	0.14582	0.01145	0.00517	0.00162	0.00283	0.01027	0.03759	0.00389
36	0.00811	0.00426	0.00467	0.03155	0.00621	0.00426	0.00359	0.01007	0.00922	0.03898	0.04606	0.06008	0.01327	0.00577	0.00338	0.00110	0.00225	0.02513	0.71791	0.00411
37	0.00916	0.03534	0.01038	0.00722	0.01087	0.00658	0.05952	0.03163	0.00917	0.01394	0.00805	0.01008	0.00687	0.04683	0.00430	0.00090	0.00360	0.00294	0.00255	0.72009
38	0.01081	0.00952	0.01044	0.03650	0.03539	0.04238	0.02793	0.04169	0.64960	0.01697	0.01558	0.01502	0.01181	0.00608	0.00502	0.04640	0.00386	0.00465	0.00396	0.00641

[dist]
# distance from previous block
# <min> <max>
0	202

# created by:
# /st0/software/busco_prod/Augustus/scripts/msa2prfl.pl ./align_prep/66718.fa
