[name]
unknown

[dist]
# distance from previous block
# <min> <max>
7	38

[block]
# block no. 0 follows, 47 sequences, length 12
# corresponding to MSA columns:
# 44-55
name=unknown_A
#
# <colnr> <probs for GDERKNQSTAVLIFYWHMCP>
#	G	D	E	R	K	N	Q	S	T	A	V	L	I	F	Y	W	H	M	C	P
0	0.14588	0.01259	0.06273	0.01428	0.13043	0.01258	0.05902	0.19682	0.12458	0.04008	0.04240	0.01546	0.01129	0.02410	0.00600	0.00172	0.04175	0.02087	0.00396	0.03345
1	0.00794	0.05625	0.00854	0.00787	0.03063	0.00624	0.00596	0.00992	0.01257	0.01682	0.33776	0.07798	0.15082	0.07416	0.00778	0.00208	0.00353	0.17346	0.00484	0.00484
2	0.39368	0.06675	0.00894	0.00771	0.00994	0.00942	0.00631	0.01281	0.03016	0.01853	0.01759	0.18870	0.03832	0.00949	0.00491	0.00185	0.00405	0.16163	0.00391	0.00528
3	0.03871	0.22945	0.11219	0.01489	0.13609	0.11333	0.04780	0.06309	0.03390	0.01613	0.02283	0.01132	0.00818	0.00532	0.00553	0.00145	0.07362	0.00393	0.00278	0.05946
4	0.01207	0.01310	0.03981	0.01344	0.01402	0.10162	0.01127	0.01342	0.00884	0.01266	0.00738	0.01158	0.00710	0.00995	0.05116	0.00244	0.65762	0.00445	0.00234	0.00575
5	0.06836	0.29879	0.10871	0.03339	0.09733	0.07043	0.06186	0.04335	0.03015	0.01535	0.00856	0.01058	0.00719	0.00542	0.00610	0.00152	0.11969	0.00381	0.00258	0.00683
6	0.01310	0.10726	0.37897	0.01682	0.16214	0.03781	0.02856	0.11096	0.04946	0.03183	0.01034	0.01178	0.00778	0.00513	0.00488	0.00156	0.00678	0.00413	0.00289	0.00782
7	0.00797	0.00584	0.00728	0.00703	0.00719	0.00651	0.00465	0.00842	0.00776	0.01071	0.01492	0.02921	0.01657	0.59305	0.15871	0.00532	0.09527	0.00689	0.00300	0.00369
8	0.00662	0.00484	0.00627	0.00726	0.00790	0.00450	0.00517	0.00782	0.01065	0.01396	0.05918	0.58869	0.13345	0.01545	0.00663	0.00209	0.00317	0.10713	0.00486	0.00435
9	0.01657	0.08800	0.03817	0.03101	0.18134	0.26516	0.05198	0.20958	0.01578	0.01901	0.00988	0.01181	0.00795	0.02479	0.00542	0.00155	0.00721	0.00421	0.00326	0.00731
10	0.01017	0.00960	0.01623	0.71909	0.11861	0.01166	0.01463	0.01360	0.01057	0.01372	0.00932	0.01377	0.00709	0.00514	0.00520	0.00171	0.00686	0.00463	0.00234	0.00606
11	0.00623	0.00528	0.00538	0.00536	0.00708	0.00443	0.00402	0.00762	0.01205	0.01449	0.09824	0.04942	0.73664	0.01303	0.00615	0.00175	0.00263	0.01089	0.00489	0.00443

[dist]
# distance from previous block
# <min> <max>
0	1

[block]
# block no. 1 follows, 47 sequences, length 9
# corresponding to MSA columns:
# 57-65
name=unknown_B
#
# <colnr> <probs for GDERKNQSTAVLIFYWHMCP>
#	G	D	E	R	K	N	Q	S	T	A	V	L	I	F	Y	W	H	M	C	P
0	0.01346	0.01374	0.02042	0.07889	0.61242	0.10650	0.04658	0.01642	0.01213	0.01625	0.00958	0.01258	0.00797	0.00475	0.00515	0.00154	0.00673	0.00455	0.00258	0.00777
1	0.01577	0.01259	0.01336	0.01117	0.01462	0.01427	0.00892	0.33212	0.46606	0.02633	0.01762	0.01658	0.01300	0.00673	0.00526	0.00168	0.00478	0.00539	0.00526	0.00850
2	0.00634	0.00453	0.00604	0.00725	0.00755	0.00423	0.00483	0.00725	0.00997	0.01329	0.02870	0.81358	0.03444	0.01632	0.00665	0.00211	0.00302	0.01480	0.00483	0.00423
3	0.00830	0.00655	0.00916	0.00890	0.01003	0.00776	0.00696	0.01167	0.10045	0.01328	0.01446	0.01988	0.01305	0.03371	0.66217	0.00727	0.05264	0.00557	0.00307	0.00513
4	0.00749	0.00539	0.00742	0.00742	0.00803	0.00600	0.00533	0.00869	0.00809	0.01139	0.01481	0.02524	0.01510	0.31221	0.52603	0.00720	0.01082	0.00628	0.00292	0.00412
5	0.49873	0.01069	0.01042	0.10394	0.01458	0.01228	0.00770	0.12247	0.10360	0.05607	0.01047	0.01139	0.00779	0.00541	0.00408	0.00164	0.00465	0.00377	0.00378	0.00656
6	0.01341	0.06450	0.05520	0.03498	0.30307	0.03999	0.07976	0.14897	0.01383	0.01886	0.04424	0.01590	0.01095	0.00739	0.03934	0.00192	0.05802	0.03906	0.00324	0.00738
7	0.09980	0.14261	0.01072	0.00797	0.00962	0.04484	0.00614	0.03493	0.01044	0.01461	0.01991	0.39728	0.04094	0.03316	0.10089	0.00265	0.00528	0.00929	0.00386	0.00505
8	0.01154	0.00939	0.01145	0.01056	0.08636	0.00852	0.00735	0.03306	0.15651	0.04644	0.04883	0.04946	0.01325	0.05511	0.00594	0.00144	0.00417	0.00494	0.00383	0.43182

[dist]
# distance from previous block
# <min> <max>
2	12

[block]
# block no. 2 follows, 47 sequences, length 34
# corresponding to MSA columns:
# 78-97,112-119,123-128
name=unknown_C
#
# <colnr> <probs for GDERKNQSTAVLIFYWHMCP>
#	G	D	E	R	K	N	Q	S	T	A	V	L	I	F	Y	W	H	M	C	P
0	0.03434	0.01076	0.14465	0.16023	0.05216	0.00875	0.00951	0.05561	0.02192	0.03741	0.01345	0.01687	0.01067	0.06130	0.00594	0.00172	0.00486	0.00477	0.33913	0.00596
1	0.00710	0.00536	0.00721	0.00873	0.06094	0.00505	0.00565	0.00836	0.01064	0.01413	0.08537	0.49924	0.11617	0.07531	0.00800	0.00224	0.00344	0.06792	0.00462	0.00454
2	0.01928	0.01455	0.01666	0.01267	0.01691	0.01595	0.06176	0.71563	0.02365	0.03171	0.01237	0.01261	0.00879	0.00612	0.00527	0.00158	0.00594	0.00479	0.00503	0.00873
3	0.00726	0.00555	0.00761	0.06497	0.06049	0.00543	0.00606	0.00855	0.01023	0.01364	0.02743	0.51434	0.11327	0.07561	0.00783	0.00221	0.00364	0.02814	0.03317	0.00457
4	0.01072	0.00895	0.01039	0.00752	0.01191	0.00680	0.00600	0.01305	0.01081	0.01714	0.00979	0.01139	0.00810	0.00401	0.00384	0.00080	0.00376	0.00321	0.06093	0.79090
5	0.00743	0.00555	0.00752	0.00840	0.06085	0.00522	0.00549	0.00926	0.01254	0.01741	0.43124	0.26372	0.06191	0.07024	0.00769	0.00202	0.00307	0.01058	0.00504	0.00480
6	0.01565	0.01040	0.01172	0.01005	0.01319	0.01119	0.00794	0.11398	0.42459	0.20860	0.02146	0.07361	0.03865	0.00764	0.00539	0.00173	0.00427	0.00635	0.00552	0.00808
7	0.01088	0.12663	0.69414	0.01410	0.02139	0.01316	0.01794	0.01638	0.01094	0.01596	0.00908	0.01066	0.00661	0.00489	0.00475	0.00158	0.00743	0.00371	0.00220	0.00757
8	0.00676	0.00501	0.00666	0.00719	0.00792	0.00500	0.00513	0.00807	0.00999	0.01343	0.07881	0.39417	0.12915	0.05683	0.23618	0.00397	0.00618	0.01094	0.00423	0.00437
9	0.02183	0.00954	0.01225	0.00949	0.01341	0.00880	0.00781	0.12440	0.03725	0.63083	0.02091	0.01851	0.04657	0.00674	0.00528	0.00162	0.00452	0.00544	0.00618	0.00865
10	0.01929	0.00944	0.01153	0.00916	0.01262	0.00919	0.00746	0.17144	0.06659	0.44278	0.05821	0.01812	0.01423	0.00662	0.00507	0.00156	0.00430	0.00534	0.11897	0.00808
11	0.01144	0.11851	0.66087	0.01393	0.02106	0.01305	0.01749	0.03397	0.01137	0.03862	0.00950	0.01092	0.00684	0.00496	0.00477	0.00158	0.00731	0.00378	0.00239	0.00764
12	0.00740	0.00529	0.00660	0.00726	0.00806	0.00506	0.00502	0.00947	0.06809	0.03660	0.06555	0.58369	0.11403	0.04298	0.00713	0.00212	0.00315	0.01293	0.00490	0.00468
13	0.00776	0.00501	0.00597	0.00597	0.00602	0.00505	0.00351	0.00756	0.00751	0.01006	0.01529	0.03091	0.01729	0.66897	0.06583	0.11864	0.00544	0.00706	0.00302	0.00311
14	0.01835	0.01406	0.01480	0.01172	0.01560	0.02977	0.00955	0.59814	0.18197	0.03013	0.01425	0.01390	0.01030	0.00641	0.00522	0.00160	0.00546	0.00492	0.00518	0.00868
15	0.01268	0.08370	0.52829	0.01334	0.01969	0.02864	0.02974	0.08068	0.01274	0.08391	0.05028	0.01296	0.00956	0.00544	0.00495	0.00159	0.00687	0.00428	0.00302	0.00763
16	0.01312	0.00874	0.01039	0.00853	0.01142	0.00848	0.00676	0.15101	0.09190	0.13756	0.32943	0.02453	0.02650	0.00778	0.00539	0.00149	0.00373	0.00657	0.00528	0.14140
17	0.01243	0.01282	0.02167	0.03599	0.32520	0.03722	0.20151	0.01521	0.01085	0.01538	0.00902	0.01263	0.00766	0.00597	0.00903	0.00182	0.25109	0.00495	0.00250	0.00706
18	0.04934	0.01131	0.01510	0.34983	0.11183	0.03775	0.01198	0.19672	0.03642	0.01946	0.03140	0.01454	0.02259	0.00592	0.00563	0.00166	0.04168	0.00480	0.02524	0.00681
19	0.79607	0.02394	0.00855	0.02646	0.03229	0.01185	0.00619	0.01528	0.00901	0.02276	0.00737	0.00871	0.00576	0.00483	0.00333	0.00160	0.00418	0.00291	0.00317	0.00573
20	0.01114	0.01029	0.01581	0.23318	0.09337	0.01280	0.04222	0.02643	0.00980	0.03010	0.00924	0.01345	0.00792	0.00975	0.07991	0.00249	0.33819	0.00472	0.02153	0.02765
21	0.01753	0.01349	0.01458	0.01205	0.03416	0.01508	0.00954	0.52235	0.25399	0.02905	0.01510	0.01463	0.01100	0.00646	0.00524	0.00162	0.00525	0.00505	0.00517	0.00865
22	0.00633	0.00458	0.00599	0.00712	0.00752	0.00424	0.00477	0.00727	0.01010	0.01335	0.03034	0.76146	0.08550	0.01610	0.00661	0.00209	0.00300	0.01454	0.00483	0.00424
23	0.01260	0.13801	0.30266	0.13596	0.07837	0.10015	0.03549	0.05137	0.01178	0.01549	0.00891	0.01120	0.00696	0.00528	0.00566	0.00159	0.06508	0.00397	0.00246	0.00700
24	0.00996	0.00940	0.01578	0.76330	0.05554	0.01170	0.01442	0.01336	0.01039	0.01339	0.00921	0.01379	0.00697	0.00529	0.00551	0.00174	0.02745	0.00463	0.00232	0.00585
25	0.00634	0.00453	0.00604	0.00725	0.00755	0.00423	0.00483	0.00725	0.00997	0.01329	0.02870	0.81358	0.03444	0.01632	0.00665	0.00211	0.00302	0.01480	0.00483	0.00423
26	0.07213	0.25777	0.01867	0.06833	0.01582	0.10774	0.02409	0.12634	0.05045	0.01679	0.00892	0.01083	0.00747	0.00608	0.00714	0.00159	0.18634	0.00388	0.00297	0.00665
27	0.00946	0.00582	0.00757	0.03468	0.02743	0.00573	0.00558	0.01164	0.02588	0.08841	0.21171	0.17975	0.04645	0.05086	0.08529	0.00248	0.00429	0.00834	0.18347	0.00518
28	0.03770	0.16427	0.29866	0.01165	0.02929	0.06727	0.03290	0.01597	0.01222	0.08702	0.16138	0.01670	0.01569	0.00675	0.01963	0.00165	0.00611	0.00492	0.00338	0.00683
29	0.01375	0.16080	0.35826	0.01188	0.01730	0.01289	0.01305	0.03807	0.13697	0.14140	0.01279	0.01318	0.00928	0.00589	0.00525	0.02778	0.00606	0.00426	0.00348	0.00766
30	0.02138	0.00879	0.01164	0.00909	0.01285	0.00782	0.00745	0.04689	0.04108	0.66803	0.05759	0.02006	0.04872	0.00696	0.00532	0.00162	0.00429	0.00569	0.00626	0.00846
31	0.17762	0.01186	0.01292	0.01013	0.01405	0.01257	0.00835	0.37505	0.03743	0.26706	0.01425	0.01355	0.00969	0.00607	0.00485	0.00159	0.00496	0.00454	0.00522	0.00824
32	0.08563	0.11331	0.06271	0.18223	0.11594	0.12069	0.05803	0.12003	0.02919	0.03599	0.00987	0.01198	0.00767	0.00576	0.01839	0.00166	0.00676	0.00419	0.00304	0.00694
33	0.00653	0.00522	0.00583	0.00599	0.00739	0.00456	0.00445	0.00800	0.01196	0.01502	0.16249	0.15257	0.50386	0.03370	0.00679	0.00191	0.00284	0.05151	0.00493	0.00445

[dist]
# distance from previous block
# <min> <max>
0	4

[block]
# block no. 3 follows, 47 sequences, length 50
# corresponding to MSA columns:
# 133-152,156-170,177-191
name=unknown_D
#
# <colnr> <probs for GDERKNQSTAVLIFYWHMCP>
#	G	D	E	R	K	N	Q	S	T	A	V	L	I	F	Y	W	H	M	C	P
0	0.01082	0.00723	0.00956	0.04098	0.01079	0.00764	0.07753	0.06466	0.01173	0.01921	0.01471	0.01731	0.01157	0.00606	0.00513	0.00138	0.06767	0.00488	0.58135	0.02977
1	0.01126	0.00661	0.00838	0.00735	0.00937	0.00614	0.00570	0.04484	0.03749	0.17959	0.50605	0.03382	0.10296	0.00971	0.00589	0.00164	0.00307	0.00839	0.00577	0.00595
2	0.01797	0.01368	0.01460	0.01161	0.01546	0.01530	0.00946	0.57028	0.22430	0.02988	0.01482	0.01435	0.01073	0.00647	0.00523	0.00162	0.00530	0.00501	0.00523	0.00869
3	0.01080	0.00926	0.01080	0.00771	0.01234	0.00694	0.00617	0.01311	0.01080	0.01697	0.00926	0.01080	0.00771	0.00386	0.00386	0.00077	0.00386	0.00309	0.00309	0.84882
4	0.01167	0.00543	0.00589	0.00549	0.00711	0.00526	0.00422	0.01404	0.01149	0.13007	0.01750	0.01917	0.01328	0.00612	0.00387	0.00127	0.00272	0.00491	0.72505	0.00543
5	0.02013	0.01317	0.01462	0.01128	0.01533	0.01416	0.00929	0.58152	0.04723	0.18428	0.01448	0.01389	0.00997	0.00631	0.00519	0.00157	0.00536	0.00484	0.01858	0.00877
6	0.00648	0.00459	0.00600	0.00708	0.00735	0.00432	0.00465	0.00729	0.00971	0.01295	0.02737	0.72908	0.03276	0.10311	0.00880	0.00243	0.00324	0.01402	0.00465	0.00411
7	0.00695	0.00531	0.00638	0.00611	0.00752	0.00473	0.00458	0.00901	0.01374	0.01852	0.52857	0.04280	0.30379	0.01153	0.00615	0.00168	0.00252	0.00996	0.00542	0.00473
8	0.00687	0.00493	0.00662	0.00777	0.00835	0.00469	0.00570	0.00818	0.01060	0.01401	0.04086	0.59124	0.05478	0.01566	0.00676	0.00217	0.00344	0.19815	0.00484	0.00439
9	0.02336	0.00886	0.01209	0.00927	0.01329	0.00765	0.00765	0.02538	0.01491	0.78810	0.02055	0.01773	0.01289	0.00645	0.00524	0.00161	0.00443	0.00524	0.00645	0.00886
10	0.00675	0.00494	0.00641	0.00734	0.00806	0.00461	0.00534	0.00807	0.01091	0.01431	0.08260	0.52382	0.13820	0.01516	0.00664	0.00208	0.00324	0.14223	0.00489	0.00440
11	0.00628	0.00480	0.00577	0.00655	0.00737	0.00429	0.00452	0.00733	0.01064	0.01357	0.03722	0.54312	0.29941	0.01521	0.00647	0.00199	0.00289	0.01345	0.00483	0.00429
12	0.00744	0.00558	0.00837	0.00837	0.00930	0.00651	0.00651	0.00930	0.00837	0.01209	0.01395	0.02046	0.01302	0.03906	0.79635	0.00837	0.01395	0.00558	0.00279	0.00465
13	0.00638	0.00459	0.00599	0.00708	0.00746	0.00427	0.00472	0.00728	0.00999	0.01322	0.02966	0.74128	0.07736	0.04482	0.00733	0.00220	0.00307	0.01432	0.00477	0.00420
14	0.01139	0.24295	0.58229	0.01323	0.02004	0.01441	0.01643	0.01625	0.01088	0.01534	0.00877	0.01028	0.00662	0.00481	0.00451	0.00150	0.00712	0.00356	0.00221	0.00742
15	0.00996	0.00951	0.01641	0.76362	0.03542	0.01165	0.05367	0.01348	0.01051	0.01348	0.00932	0.01389	0.00699	0.00516	0.00526	0.00174	0.00704	0.00471	0.00233	0.00585
16	0.00634	0.00457	0.00600	0.00715	0.00753	0.00424	0.00479	0.00726	0.01007	0.01333	0.02992	0.77505	0.07219	0.01616	0.00662	0.00210	0.00300	0.01461	0.00483	0.00424
17	0.01498	0.01649	0.01927	0.02502	0.48326	0.26935	0.04253	0.01749	0.01272	0.01548	0.00917	0.01175	0.00769	0.00499	0.00536	0.00151	0.02864	0.00427	0.00261	0.00741
18	0.01347	0.18467	0.01511	0.05437	0.07186	0.04709	0.00848	0.10218	0.08899	0.10193	0.15822	0.03555	0.08232	0.00733	0.00507	0.00153	0.00475	0.00598	0.00430	0.00680
19	0.01189	0.00763	0.00816	0.00733	0.00944	0.00809	0.00572	0.08303	0.19047	0.07117	0.02168	0.02203	0.10091	0.00721	0.00482	0.00148	0.01879	0.00580	0.40812	0.00623
20	0.01728	0.27222	0.01833	0.04171	0.01557	0.43973	0.00956	0.03871	0.01344	0.05247	0.00884	0.01002	0.00727	0.00517	0.00430	0.00130	0.00755	0.00340	0.02671	0.00641
21	0.01119	0.00946	0.01114	0.00842	0.02931	0.00746	0.00653	0.05200	0.01167	0.01793	0.03711	0.01194	0.00927	0.00424	0.00404	0.00086	0.00395	0.00343	0.00328	0.75676
22	0.12151	0.18022	0.29633	0.01143	0.01648	0.04803	0.02187	0.06921	0.03946	0.07208	0.03190	0.01402	0.00972	0.00572	0.00460	0.00155	0.00611	0.03944	0.00320	0.00711
23	0.00744	0.00556	0.00827	0.00827	0.00917	0.00646	0.00639	0.00924	0.00834	0.01202	0.01404	0.02094	0.01323	0.06683	0.76886	0.00825	0.01363	0.00565	0.00280	0.00460
24	0.03253	0.00554	0.00674	0.00715	0.00811	0.00538	0.00507	0.03344	0.04343	0.01651	0.19519	0.47587	0.09037	0.01343	0.00619	0.00191	0.00301	0.01194	0.03340	0.00477
25	0.01250	0.11955	0.07891	0.14669	0.05257	0.02154	0.20853	0.01587	0.02605	0.09546	0.01240	0.05220	0.01004	0.00754	0.04930	0.00199	0.01833	0.00534	0.05853	0.00665
26	0.01203	0.01079	0.04674	0.47506	0.09233	0.01157	0.09701	0.03173	0.01144	0.09299	0.01073	0.01408	0.00792	0.00539	0.00576	0.00171	0.04000	0.00483	0.02132	0.00655
27	0.00988	0.00673	0.00798	0.00726	0.00923	0.00649	0.00558	0.01413	0.14506	0.10751	0.39083	0.03577	0.21276	0.01015	0.00590	0.00169	0.00301	0.00870	0.00553	0.00582
28	0.01779	0.01073	0.02677	0.01011	0.01362	0.02580	0.00825	0.08847	0.27286	0.35459	0.03353	0.03213	0.01405	0.00682	0.00555	0.00165	0.02587	0.00550	0.00551	0.04039
29	0.01151	0.00968	0.01118	0.00805	0.01264	0.00767	0.00646	0.07257	0.01188	0.01822	0.00951	0.01093	0.00780	0.00405	0.00396	0.00083	0.00400	0.00321	0.00325	0.78258
30	0.01773	0.01347	0.01801	0.01367	0.01781	0.01436	0.16458	0.44438	0.08955	0.10624	0.01356	0.01396	0.00966	0.00605	0.00579	0.00165	0.03132	0.00515	0.00473	0.00833
31	0.01141	0.21207	0.54830	0.01404	0.02077	0.01418	0.07840	0.01630	0.01100	0.01551	0.00895	0.01063	0.00672	0.00479	0.00467	0.00153	0.00729	0.00379	0.00224	0.00740
32	0.00634	0.00453	0.00604	0.00725	0.00755	0.00423	0.00483	0.00725	0.00997	0.01329	0.02870	0.81358	0.03444	0.01632	0.00665	0.00211	0.00302	0.01480	0.00483	0.00423
33	0.00757	0.00507	0.00578	0.00578	0.00582	0.00510	0.00328	0.00764	0.00760	0.01017	0.01631	0.03356	0.01871	0.78729	0.05589	0.00518	0.00539	0.00750	0.00314	0.00321
34	0.00643	0.00476	0.00602	0.00682	0.00749	0.00434	0.00469	0.00760	0.01088	0.01435	0.12370	0.58521	0.16850	0.01508	0.00650	0.00199	0.00289	0.01348	0.00494	0.00434
35	0.00721	0.00529	0.00675	0.00644	0.00769	0.00484	0.00481	0.00949	0.01428	0.01991	0.67944	0.06623	0.12599	0.01111	0.00616	0.00167	0.00249	0.00977	0.00561	0.00484
36	0.01963	0.01451	0.01554	0.01195	0.01609	0.01607	0.00986	0.74950	0.04239	0.03256	0.01271	0.01267	0.00902	0.00627	0.00521	0.00157	0.00569	0.00472	0.00521	0.00884
37	0.00767	0.00509	0.00689	0.00789	0.00859	0.00481	0.00579	0.00898	0.01068	0.05293	0.02803	0.59990	0.03233	0.01537	0.00670	0.00215	0.00350	0.18320	0.00491	0.00459
38	0.00825	0.00589	0.00823	0.00943	0.01057	0.00587	0.00815	0.01055	0.01185	0.01543	0.02765	0.11036	0.03028	0.01452	0.00716	0.00238	0.00467	0.69921	0.00480	0.00476
39	0.00702	0.00531	0.00647	0.00618	0.00756	0.00476	0.00463	0.00914	0.01390	0.01889	0.56881	0.04218	0.26332	0.01139	0.00615	0.00167	0.00251	0.00988	0.00547	0.00476
40	0.08969	0.01179	0.01347	0.01041	0.01444	0.01219	0.00860	0.39139	0.01915	0.35187	0.01548	0.01438	0.01030	0.00622	0.00506	0.00159	0.00504	0.00477	0.00557	0.00860
41	0.01660	0.01400	0.01345	0.01122	0.01457	0.11027	0.00893	0.35423	0.30319	0.02543	0.01547	0.01512	0.01149	0.00644	0.00509	0.00159	0.00538	0.00498	0.05450	0.00804
42	0.01289	0.01237	0.02114	0.03196	0.78450	0.01237	0.01598	0.01598	0.01186	0.01701	0.00980	0.01289	0.00825	0.00464	0.00516	0.00155	0.00619	0.00464	0.00258	0.00825
43	0.00757	0.00507	0.00578	0.00578	0.00581	0.00510	0.00328	0.00763	0.00760	0.01017	0.01632	0.03359	0.01872	0.78911	0.05409	0.00517	0.00537	0.00750	0.00314	0.00321
44	0.00669	0.00486	0.00677	0.00760	0.00810	0.00495	0.00536	0.00789	0.00947	0.01292	0.02407	0.56463	0.02772	0.02345	0.25453	0.00408	0.00645	0.01191	0.00419	0.00436
45	0.01467	0.01273	0.01507	0.01231	0.01475	0.16858	0.13030	0.04756	0.01235	0.14780	0.03900	0.01751	0.03559	0.08359	0.04738	0.00234	0.15313	0.00540	0.03367	0.00627
46	0.27754	0.56585	0.02113	0.00826	0.01233	0.01780	0.00788	0.01550	0.01004	0.01574	0.00724	0.00839	0.00636	0.00457	0.00330	0.00127	0.00509	0.00280	0.00254	0.00636
47	0.01262	0.41872	0.08746	0.02971	0.01454	0.03820	0.01038	0.03325	0.01024	0.01322	0.00813	0.01069	0.00735	0.00887	0.07895	0.00214	0.20314	0.00367	0.00238	0.00636
48	0.59015	0.26434	0.01382	0.00750	0.01111	0.01448	0.00667	0.01540	0.00940	0.01988	0.00725	0.00843	0.00597	0.00472	0.00326	0.00146	0.00451	0.00281	0.00291	0.00597
49	0.01067	0.07727	0.74160	0.01447	0.02196	0.01263	0.01859	0.01644	0.01097	0.01622	0.00921	0.01083	0.00660	0.00492	0.00485	0.00162	0.00756	0.00378	0.00220	0.00763

[dist]
# distance from previous block
# <min> <max>
0	2

[block]
# block no. 4 follows, 47 sequences, length 73
# corresponding to MSA columns:
# 194-266
name=unknown_E
#
# <colnr> <probs for GDERKNQSTAVLIFYWHMCP>
#	G	D	E	R	K	N	Q	S	T	A	V	L	I	F	Y	W	H	M	C	P
0	0.03279	0.12635	0.58907	0.07283	0.02219	0.01317	0.04212	0.01612	0.01089	0.01590	0.00905	0.01091	0.00665	0.00488	0.00476	0.00159	0.00731	0.00382	0.00225	0.00735
1	0.00809	0.00549	0.00690	0.00645	0.00782	0.00500	0.00479	0.01017	0.01380	0.06140	0.57581	0.03902	0.15256	0.07075	0.00761	0.00191	0.00279	0.00928	0.00545	0.00492
2	0.00756	0.00543	0.00673	0.00666	0.00744	0.00546	0.00457	0.00852	0.00875	0.01202	0.02011	0.08032	0.09685	0.38037	0.23787	0.00506	0.00703	0.02199	0.02674	0.05050
3	0.01251	0.01326	0.00993	0.00971	0.01142	0.32676	0.00733	0.01436	0.02889	0.01440	0.03778	0.16945	0.07715	0.01114	0.04906	0.00203	0.00633	0.09260	0.10064	0.00524
4	0.03848	0.15571	0.09418	0.01281	0.09121	0.05137	0.01037	0.24201	0.09587	0.05866	0.07083	0.01519	0.02878	0.00614	0.00487	0.00152	0.00553	0.00480	0.00405	0.00762
5	0.01193	0.15453	0.59806	0.01362	0.02039	0.05657	0.01668	0.01688	0.01127	0.04119	0.00930	0.01070	0.00683	0.00494	0.00468	0.00154	0.00734	0.00369	0.00237	0.00748
6	0.00905	0.00452	0.00678	0.00678	0.00678	0.00452	0.00452	0.00678	0.00678	0.00905	0.00905	0.01583	0.00905	0.01809	0.02035	0.84848	0.00452	0.00452	0.00226	0.00226
7	0.02317	0.00918	0.01228	0.00942	0.01345	0.00812	0.00778	0.06630	0.01543	0.74644	0.02010	0.01744	0.01267	0.00643	0.00524	0.00161	0.00450	0.00521	0.00638	0.00886
8	0.01595	0.02891	0.15683	0.02738	0.09498	0.06747	0.09979	0.07855	0.01381	0.24771	0.04808	0.04326	0.01190	0.00613	0.00545	0.00161	0.01843	0.00527	0.00410	0.02439
9	0.01760	0.08152	0.04822	0.01149	0.01546	0.02985	0.00985	0.57865	0.02087	0.02785	0.01200	0.01288	0.00898	0.00952	0.08907	0.00225	0.00674	0.00456	0.00453	0.00813
10	0.63756	0.00997	0.00894	0.00758	0.01102	0.01095	0.00625	0.04580	0.01079	0.19397	0.01041	0.01067	0.00738	0.00525	0.00375	0.00161	0.00418	0.00343	0.00401	0.00648
11	0.32910	0.13241	0.04416	0.03753	0.03188	0.17140	0.06342	0.01623	0.01075	0.01739	0.00813	0.01000	0.00665	0.00524	0.00503	0.00154	0.06936	0.00351	0.03016	0.00609
12	0.00714	0.00529	0.00682	0.00763	0.00864	0.00497	0.00595	0.00881	0.01152	0.01496	0.10024	0.31381	0.18784	0.01447	0.00670	0.00210	0.00354	0.28016	0.00490	0.00453
13	0.01501	0.05867	0.05728	0.01152	0.03131	0.01405	0.00949	0.24589	0.41971	0.03580	0.01662	0.01590	0.01236	0.00642	0.00510	0.00163	0.00492	0.00514	0.00483	0.02832
14	0.00859	0.00941	0.13411	0.00876	0.02874	0.00654	0.00763	0.01136	0.03159	0.04215	0.18968	0.20594	0.15404	0.01145	0.03544	0.00194	0.00421	0.00887	0.01960	0.07994
15	0.01535	0.18683	0.01838	0.03521	0.23380	0.04295	0.01076	0.15890	0.04628	0.10808	0.01327	0.03303	0.03525	0.00580	0.00480	0.00146	0.00554	0.00473	0.00371	0.03589
16	0.01217	0.08384	0.14076	0.20024	0.07074	0.08721	0.24032	0.01578	0.01141	0.01483	0.00931	0.01247	0.00728	0.00551	0.01599	0.00174	0.05658	0.00470	0.00244	0.00668
17	0.00664	0.00489	0.00629	0.00726	0.00796	0.00453	0.00522	0.00787	0.01068	0.01392	0.04879	0.56089	0.15509	0.01540	0.00664	0.00209	0.00321	0.12342	0.00485	0.00436
18	0.04565	0.01557	0.01436	0.01717	0.25194	0.32903	0.01038	0.01607	0.01314	0.01550	0.09832	0.06134	0.07607	0.00694	0.00517	0.00152	0.00654	0.00565	0.00330	0.00635
19	0.01332	0.01297	0.06636	0.13941	0.28593	0.01239	0.21492	0.05396	0.01243	0.08393	0.01082	0.01357	0.00823	0.00512	0.00597	0.00168	0.04348	0.00504	0.00299	0.00749
20	0.00665	0.00474	0.00634	0.00747	0.00790	0.00448	0.00522	0.00776	0.01031	0.01374	0.05278	0.68226	0.03406	0.03326	0.00713	0.00220	0.00326	0.10133	0.00482	0.00430
21	0.01045	0.02694	0.79000	0.01484	0.02254	0.01209	0.01924	0.01649	0.01099	0.01649	0.00935	0.01099	0.00660	0.00495	0.00495	0.00165	0.00770	0.00385	0.00220	0.00770
22	0.00998	0.00900	0.01468	0.11760	0.36034	0.00912	0.02874	0.01244	0.01138	0.01561	0.06124	0.21871	0.06316	0.00884	0.00575	0.00177	0.00508	0.03669	0.00351	0.00636
23	0.01281	0.31232	0.43763	0.01233	0.01843	0.04930	0.01447	0.01685	0.01123	0.05736	0.00915	0.01034	0.00698	0.00487	0.00437	0.00144	0.00682	0.00352	0.00246	0.00732
24	0.00757	0.00505	0.00568	0.00568	0.00568	0.00505	0.00316	0.00757	0.00757	0.01010	0.01641	0.03408	0.01893	0.81698	0.02651	0.00505	0.00505	0.00757	0.00316	0.00316
25	0.00634	0.00453	0.00604	0.00725	0.00755	0.00423	0.00483	0.00725	0.00997	0.01329	0.02870	0.81358	0.03444	0.01632	0.00665	0.00211	0.00302	0.01480	0.00483	0.00423
26	0.01574	0.07845	0.04157	0.01493	0.15933	0.18607	0.02661	0.07120	0.08586	0.12046	0.03071	0.01410	0.01048	0.00584	0.00534	0.00151	0.03969	0.00454	0.08035	0.00722
27	0.02328	0.00900	0.01217	0.00933	0.01336	0.00786	0.00771	0.04293	0.01513	0.77023	0.02035	0.01760	0.01280	0.00644	0.00524	0.00161	0.00446	0.00522	0.00642	0.00886
28	0.00631	0.00528	0.00552	0.00567	0.00731	0.00449	0.00430	0.00768	0.01177	0.01412	0.04977	0.09280	0.69171	0.01344	0.00625	0.00182	0.00280	0.05969	0.00483	0.00441
29	0.04168	0.48695	0.13642	0.01140	0.02926	0.16397	0.03592	0.01673	0.01145	0.01356	0.00786	0.00921	0.00671	0.00471	0.00395	0.00128	0.00667	0.00319	0.00236	0.00672
30	0.00905	0.00452	0.00678	0.00678	0.00678	0.00452	0.00452	0.00678	0.00678	0.00905	0.00905	0.01583	0.00905	0.01809	0.02035	0.84848	0.00452	0.00452	0.00226	0.00226
31	0.01533	0.04636	0.18415	0.01534	0.12232	0.27405	0.01237	0.05027	0.16144	0.05083	0.01182	0.01263	0.00904	0.00556	0.00493	0.00153	0.00707	0.00425	0.00332	0.00739
32	0.00729	0.00539	0.00631	0.00607	0.00761	0.00474	0.00455	0.00915	0.01323	0.04285	0.38761	0.07255	0.38997	0.01191	0.00614	0.00171	0.00263	0.01022	0.00530	0.00478
33	0.00803	0.00557	0.00736	0.00726	0.00778	0.00607	0.00506	0.00895	0.00824	0.03275	0.01570	0.06183	0.01653	0.40043	0.35265	0.00614	0.03552	0.00688	0.00314	0.00408
34	0.00776	0.00545	0.00685	0.00643	0.00785	0.00492	0.00485	0.00999	0.01424	0.04850	0.62334	0.04010	0.17833	0.01094	0.00611	0.00166	0.00256	0.00954	0.00560	0.00497
35	0.03488	0.02922	0.03460	0.01296	0.03024	0.10832	0.06465	0.40849	0.03342	0.03698	0.01131	0.01245	0.00852	0.00625	0.00653	0.00162	0.10499	0.00456	0.04232	0.00766
36	0.01487	0.15103	0.20381	0.03564	0.04311	0.27577	0.02880	0.07687	0.01314	0.01556	0.02519	0.01099	0.00785	0.00555	0.00566	0.00150	0.07129	0.00385	0.00271	0.00680
37	0.01126	0.06458	0.28968	0.03208	0.06118	0.03007	0.17903	0.01517	0.01130	0.03243	0.02954	0.08237	0.01092	0.00617	0.00580	0.00164	0.04629	0.00551	0.04651	0.03846
38	0.01393	0.24158	0.16430	0.01252	0.03304	0.03122	0.09481	0.12018	0.10242	0.06364	0.01343	0.03959	0.03538	0.00591	0.00482	0.00152	0.00602	0.00484	0.00347	0.00738
39	0.00757	0.00505	0.00568	0.00568	0.00568	0.00505	0.00316	0.00757	0.00757	0.01010	0.01641	0.03408	0.01893	0.81698	0.02651	0.00505	0.00505	0.00757	0.00316	0.00316
40	0.00887	0.00699	0.08098	0.00773	0.00862	0.00563	0.02158	0.00820	0.00754	0.01028	0.01081	0.01915	0.01094	0.17344	0.06261	0.54031	0.00553	0.00515	0.00247	0.00318
41	0.01310	0.10892	0.31049	0.07130	0.20447	0.04173	0.01484	0.01753	0.04797	0.09040	0.01076	0.01235	0.00809	0.00517	0.00510	0.00157	0.02151	0.00420	0.00288	0.00762
42	0.09117	0.01115	0.01809	0.27781	0.47095	0.01205	0.01452	0.01506	0.01111	0.01642	0.00938	0.01279	0.00758	0.00484	0.00499	0.00161	0.00623	0.00446	0.00255	0.00721
43	0.00640	0.00458	0.00609	0.00721	0.00757	0.00427	0.00484	0.00739	0.01023	0.01371	0.07024	0.77085	0.03525	0.01600	0.00662	0.00209	0.00299	0.01451	0.00488	0.00427
44	0.03261	0.01364	0.05075	0.12366	0.06184	0.11119	0.23046	0.09195	0.05295	0.03171	0.03775	0.06083	0.01126	0.00682	0.02263	0.00182	0.02442	0.00569	0.02129	0.00671
45	0.03437	0.06044	0.12607	0.11307	0.10820	0.03680	0.05317	0.11626	0.02968	0.04274	0.01239	0.01611	0.02774	0.00915	0.05050	0.09943	0.00652	0.03387	0.01698	0.00649
46	0.00657	0.00487	0.00616	0.00693	0.00769	0.00446	0.00490	0.00784	0.01107	0.01454	0.12773	0.51842	0.18264	0.01487	0.00652	0.00200	0.00299	0.06048	0.00494	0.00438
47	0.01045	0.02694	0.79000	0.01484	0.02254	0.01209	0.01924	0.01649	0.01099	0.01649	0.00935	0.01099	0.00660	0.00495	0.00495	0.00165	0.00770	0.00385	0.00220	0.00770
48	0.01340	0.01192	0.06522	0.24469	0.31950	0.01173	0.03001	0.03693	0.06172	0.11881	0.01181	0.01410	0.00887	0.00535	0.00545	0.00165	0.02328	0.00478	0.00323	0.00753
49	0.01250	0.21794	0.01983	0.01312	0.04652	0.05707	0.18455	0.05708	0.13038	0.01661	0.04166	0.07711	0.07631	0.00690	0.00535	0.00158	0.01918	0.00609	0.00353	0.00670
50	0.00665	0.00493	0.00620	0.00665	0.00753	0.00449	0.00470	0.00814	0.01190	0.01594	0.28183	0.41494	0.17927	0.01386	0.00639	0.00189	0.00276	0.01231	0.00513	0.00449
51	0.04518	0.00889	0.01197	0.00920	0.01321	0.00776	0.00760	0.02511	0.01475	0.76802	0.02020	0.01748	0.01270	0.00640	0.00518	0.00161	0.00442	0.00517	0.00636	0.00878
52	0.00891	0.02563	0.06869	0.16061	0.07522	0.00816	0.00924	0.01159	0.03553	0.03230	0.01760	0.24474	0.03085	0.03199	0.21120	0.00359	0.00734	0.00791	0.00343	0.00548
53	0.01220	0.01205	0.01853	0.35753	0.37050	0.06865	0.03915	0.03129	0.01174	0.01546	0.00952	0.01309	0.00759	0.00496	0.00518	0.00162	0.00681	0.00459	0.00253	0.00702
54	0.01123	0.02148	0.46875	0.01785	0.02452	0.01255	0.33502	0.01657	0.01154	0.01657	0.00985	0.01229	0.00715	0.00471	0.00545	0.00169	0.00815	0.00482	0.00238	0.00741
55	0.52610	0.00936	0.00907	0.00769	0.01102	0.00993	0.00633	0.01817	0.01115	0.26843	0.04653	0.01419	0.01058	0.00588	0.00411	0.00163	0.00411	0.02470	0.00441	0.00662
56	0.02846	0.01044	0.01688	0.09351	0.14822	0.02732	0.17599	0.04738	0.05883	0.05505	0.01608	0.17322	0.01539	0.00820	0.00634	0.00183	0.04272	0.06398	0.00365	0.00653
57	0.01263	0.01230	0.01589	0.18483	0.30982	0.11792	0.01228	0.07538	0.03801	0.01650	0.01366	0.12499	0.02963	0.00689	0.00534	0.00165	0.00615	0.00607	0.00320	0.00683
58	0.00983	0.00926	0.01562	0.80447	0.03587	0.01157	0.01446	0.01331	0.01041	0.01331	0.00926	0.01388	0.00694	0.00521	0.00521	0.00174	0.00694	0.00463	0.00231	0.00579
59	0.83052	0.01020	0.00788	0.00699	0.01024	0.01181	0.00576	0.03626	0.00930	0.02363	0.00740	0.00857	0.00573	0.00487	0.00328	0.00161	0.00408	0.00287	0.00328	0.00573
60	0.00878	0.00482	0.00672	0.00667	0.00674	0.00494	0.00440	0.00733	0.00717	0.00980	0.01093	0.01974	0.01129	0.18270	0.03953	0.60436	0.02205	0.00519	0.03416	0.00267
61	0.00748	0.00495	0.00579	0.00602	0.00620	0.00493	0.00364	0.00790	0.00831	0.01146	0.01876	0.18448	0.02134	0.57483	0.04812	0.00432	0.00478	0.00872	0.06444	0.00354
62	0.01538	0.01239	0.01314	0.01109	0.01447	0.01409	0.00883	0.29008	0.50873	0.02570	0.01811	0.01697	0.01340	0.00678	0.00527	0.00169	0.00469	0.00546	0.00527	0.00846
63	0.00744	0.00558	0.00837	0.00837	0.00930	0.00651	0.00651	0.00930	0.00837	0.01209	0.01395	0.02046	0.01302	0.03906	0.79635	0.00837	0.01395	0.00558	0.00279	0.00465
64	0.06676	0.01162	0.01260	0.01071	0.01403	0.01305	0.02138	0.16525	0.51238	0.08603	0.01847	0.01722	0.01356	0.00668	0.00516	0.00171	0.00452	0.00543	0.00520	0.00823
65	0.01118	0.19362	0.62972	0.01360	0.02061	0.01388	0.01707	0.01630	0.01091	0.01560	0.00890	0.01044	0.00661	0.00484	0.00461	0.00154	0.00725	0.00362	0.00220	0.00748
66	0.00681	0.00467	0.00619	0.00727	0.00770	0.00433	0.00489	0.00776	0.01015	0.03481	0.02896	0.77604	0.04899	0.01598	0.00660	0.00209	0.00305	0.01446	0.00488	0.00436
67	0.01363	0.03624	0.14794	0.06141	0.01636	0.16985	0.04467	0.08027	0.05997	0.07787	0.08575	0.03868	0.05368	0.00714	0.00526	0.00162	0.00611	0.04532	0.04163	0.00662
68	0.01492	0.01208	0.01404	0.04043	0.03147	0.13697	0.11342	0.10513	0.07911	0.12548	0.01447	0.03272	0.01123	0.02621	0.02769	0.00181	0.02396	0.00519	0.17694	0.00673
69	0.00810	0.00557	0.00711	0.00778	0.00859	0.00540	0.00554	0.05194	0.02703	0.04362	0.02733	0.61363	0.04686	0.04150	0.00718	0.00217	0.00347	0.07758	0.00487	0.00477
70	0.04041	0.00591	0.00736	0.00784	0.00897	0.00582	0.00590	0.05541	0.01163	0.05108	0.04272	0.44429	0.05932	0.01398	0.01982	0.00212	0.00375	0.15294	0.05577	0.00495
71	0.05492	0.21972	0.06613	0.01083	0.03996	0.18596	0.00914	0.03704	0.04507	0.06291	0.00970	0.01068	0.00778	0.00484	0.00418	0.00122	0.00594	0.00345	0.00307	0.21747
72	0.03395	0.04518	0.01443	0.01140	0.03437	0.03128	0.03883	0.39855	0.10215	0.05539	0.06758	0.03194	0.06038	0.00774	0.02407	0.00174	0.00538	0.00563	0.00478	0.02522

[dist]
# distance from previous block
# <min> <max>
0	5

[block]
# block no. 5 follows, 47 sequences, length 11
# corresponding to MSA columns:
# 272-282
name=unknown_F
#
# <colnr> <probs for GDERKNQSTAVLIFYWHMCP>
#	G	D	E	R	K	N	Q	S	T	A	V	L	I	F	Y	W	H	M	C	P
0	0.03295	0.00818	0.00908	0.03093	0.01058	0.05272	0.00635	0.06488	0.03601	0.10094	0.02139	0.13270	0.11150	0.15649	0.08255	0.00293	0.04417	0.02540	0.03734	0.03290
1	0.01624	0.11987	0.13522	0.05822	0.03531	0.06671	0.01078	0.09071	0.11527	0.22730	0.01418	0.02963	0.01040	0.00614	0.00545	0.00159	0.04044	0.00471	0.00416	0.00769
2	0.00700	0.00492	0.00629	0.00677	0.00745	0.00460	0.00473	0.00802	0.01086	0.01451	0.19505	0.36524	0.12677	0.09468	0.00963	0.07309	0.00327	0.04834	0.00465	0.00416
3	0.01389	0.00692	0.00907	0.00801	0.01037	0.00633	0.00630	0.01621	0.04041	0.33225	0.16649	0.13199	0.11758	0.01198	0.05995	0.00221	0.00432	0.04371	0.00554	0.00647
4	0.04595	0.01262	0.02035	0.08267	0.21437	0.05809	0.21203	0.01553	0.01105	0.04653	0.00997	0.03368	0.00840	0.00611	0.00821	0.00180	0.19793	0.00516	0.00275	0.00681
5	0.07897	0.00914	0.01106	0.00942	0.01191	0.03161	0.05721	0.04682	0.18252	0.16635	0.02917	0.02017	0.01396	0.14232	0.10918	0.00304	0.00596	0.00565	0.05907	0.00648
6	0.00760	0.00521	0.00656	0.00682	0.00784	0.00478	0.00492	0.00908	0.01178	0.05050	0.24092	0.31776	0.16660	0.07878	0.00801	0.00215	0.00314	0.05795	0.00502	0.00461
7	0.03622	0.00661	0.00782	0.03876	0.00979	0.00672	0.00574	0.07465	0.06694	0.01798	0.22243	0.22808	0.13016	0.06979	0.00742	0.00203	0.00349	0.02755	0.03263	0.00517
8	0.05409	0.01464	0.01394	0.07943	0.01647	0.23448	0.03561	0.13124	0.08914	0.15091	0.01390	0.01465	0.03361	0.00770	0.03998	0.00189	0.05260	0.00471	0.00400	0.00702
9	0.01194	0.00890	0.00927	0.00843	0.01052	0.08783	0.00650	0.05986	0.08676	0.12740	0.25851	0.10233	0.12543	0.01081	0.03112	0.00192	0.00434	0.03703	0.00512	0.00600
10	0.01401	0.01000	0.01077	0.00900	0.01169	0.01073	0.00712	0.37574	0.06786	0.02437	0.03543	0.06937	0.10938	0.02870	0.00630	0.03577	0.00434	0.00637	0.15628	0.00677

[dist]
# distance from previous block
# <min> <max>
0	4

[block]
# block no. 6 follows, 47 sequences, length 23
# corresponding to MSA columns:
# 287-309
name=unknown_G
#
# <colnr> <probs for GDERKNQSTAVLIFYWHMCP>
#	G	D	E	R	K	N	Q	S	T	A	V	L	I	F	Y	W	H	M	C	P
0	0.01494	0.00922	0.01090	0.00928	0.01204	0.00944	0.00734	0.20471	0.12620	0.20594	0.14733	0.14273	0.04185	0.00904	0.00567	0.00172	0.00413	0.02480	0.00553	0.00720
1	0.00996	0.00624	0.00749	0.00677	0.00871	0.00563	0.00522	0.04174	0.01384	0.13822	0.32838	0.03889	0.30551	0.03539	0.00661	0.00180	0.00309	0.02568	0.00540	0.00545
2	0.00924	0.00518	0.00633	0.00671	0.00779	0.00492	0.00494	0.01095	0.01099	0.08388	0.02438	0.36318	0.04788	0.01145	0.00546	0.00176	0.00308	0.07648	0.31046	0.00492
3	0.04358	0.00722	0.00893	0.00807	0.01037	0.00681	0.00618	0.03091	0.08005	0.30211	0.03825	0.28535	0.10462	0.01051	0.00571	0.00180	0.00366	0.00906	0.03035	0.00649
4	0.01528	0.00745	0.00965	0.00847	0.01097	0.00693	0.00655	0.01847	0.10011	0.38293	0.10535	0.24477	0.04061	0.00990	0.00576	0.00178	0.00375	0.00858	0.00575	0.00696
5	0.07828	0.01189	0.01283	0.01058	0.01413	0.01311	0.00852	0.27626	0.34606	0.14606	0.01714	0.01602	0.01230	0.00653	0.00511	0.00166	0.00471	0.00516	0.00530	0.00836
6	0.00744	0.00558	0.00837	0.00837	0.00930	0.00651	0.00651	0.00930	0.00837	0.01209	0.01395	0.02046	0.01302	0.03906	0.79635	0.00837	0.01395	0.00558	0.00279	0.00465
7	0.01620	0.00920	0.01103	0.00943	0.01246	0.00940	0.00744	0.02357	0.33749	0.33417	0.09266	0.07853	0.01913	0.00782	0.00545	0.00172	0.00401	0.00660	0.00577	0.00789
8	0.02100	0.00916	0.01186	0.00927	0.01301	0.00840	0.00759	0.09523	0.04621	0.60934	0.06976	0.01974	0.04089	0.00695	0.00533	0.00162	0.00436	0.00567	0.00618	0.00843
9	0.47921	0.01138	0.01065	0.00875	0.01224	0.01273	0.00716	0.27665	0.01464	0.07698	0.01028	0.01139	0.00771	0.03418	0.00487	0.00172	0.00468	0.00380	0.00412	0.00688
10	0.00689	0.00501	0.00640	0.00679	0.00762	0.00464	0.00484	0.00845	0.01196	0.01622	0.32124	0.35481	0.11593	0.06135	0.00761	0.00208	0.00297	0.04565	0.00508	0.00447
11	0.00830	0.00541	0.00692	0.00712	0.00831	0.00495	0.00529	0.00991	0.01211	0.08185	0.23029	0.31122	0.15716	0.03766	0.00698	0.00201	0.00318	0.09132	0.00515	0.00486
12	0.01457	0.01082	0.01188	0.01045	0.01353	0.01208	0.00826	0.06921	0.59143	0.12781	0.02090	0.02063	0.01573	0.00727	0.00537	0.00176	0.00429	0.04037	0.00543	0.00820
13	0.00677	0.00501	0.00618	0.00682	0.00762	0.00463	0.00486	0.00800	0.01086	0.01416	0.10959	0.38820	0.20707	0.10149	0.00869	0.00233	0.00329	0.09539	0.00474	0.00429
14	0.01005	0.00569	0.00732	0.00715	0.00852	0.00515	0.00516	0.01146	0.01193	0.16983	0.18318	0.33843	0.11613	0.08540	0.00801	0.00214	0.00333	0.01070	0.00519	0.00522
15	0.59342	0.01044	0.00920	0.00799	0.01129	0.01185	0.00651	0.06553	0.13799	0.08610	0.01099	0.01130	0.00814	0.00543	0.00386	0.00163	0.00418	0.00365	0.00396	0.00654
16	0.02073	0.01309	0.01470	0.01127	0.01540	0.01393	0.00931	0.57369	0.02199	0.22980	0.01460	0.01386	0.00991	0.00630	0.00522	0.00158	0.00539	0.00483	0.00553	0.00886
17	0.01273	0.00799	0.00954	0.00853	0.01071	0.00819	0.00655	0.03561	0.23859	0.18040	0.20123	0.05283	0.02485	0.12356	0.00865	0.00221	0.00397	0.05202	0.00529	0.00654
18	0.00794	0.00554	0.00694	0.00730	0.00784	0.00561	0.00498	0.00949	0.05004	0.03695	0.05813	0.38486	0.02698	0.27187	0.02790	0.00313	0.03114	0.04470	0.00429	0.00436
19	0.00670	0.00504	0.00621	0.00645	0.00751	0.00455	0.00464	0.00834	0.01237	0.01652	0.33496	0.30446	0.23678	0.01324	0.00632	0.00183	0.00270	0.01166	0.00519	0.00455
20	0.03314	0.00759	0.00986	0.00834	0.01111	0.00695	0.00672	0.03834	0.03428	0.39967	0.22454	0.05638	0.06557	0.00887	0.00569	0.00171	0.00381	0.06455	0.00586	0.00701
21	0.05803	0.01352	0.01476	0.01154	0.01533	0.01505	0.00951	0.58343	0.06642	0.09189	0.01309	0.01308	0.00933	0.00642	0.00583	0.00162	0.05289	0.00471	0.00505	0.00848
22	0.01214	0.01224	0.02118	0.01717	0.06336	0.02777	0.33111	0.06669	0.03498	0.01624	0.01083	0.03296	0.00930	0.03739	0.05441	0.00236	0.22348	0.00567	0.01420	0.00651

[dist]
# distance from previous block
# <min> <max>
1	6

[block]
# block no. 7 follows, 47 sequences, length 13
# corresponding to MSA columns:
# 318-330
name=unknown_H
#
# <colnr> <probs for GDERKNQSTAVLIFYWHMCP>
#	G	D	E	R	K	N	Q	S	T	A	V	L	I	F	Y	W	H	M	C	P
0	0.01070	0.00955	0.01306	0.04717	0.01487	0.00774	0.09340	0.01332	0.01121	0.01702	0.05951	0.01314	0.01038	0.00442	0.00433	0.00099	0.00448	0.00392	0.00317	0.65764
1	0.45951	0.03171	0.00999	0.06699	0.01283	0.01085	0.00697	0.04785	0.05431	0.10016	0.04717	0.01296	0.00989	0.00765	0.05540	0.00201	0.00497	0.00396	0.00375	0.05108
2	0.01304	0.01111	0.01100	0.01007	0.01250	0.09136	0.00768	0.08771	0.39939	0.05424	0.04734	0.19463	0.01947	0.00897	0.00555	0.00177	0.00452	0.00759	0.00499	0.00709
3	0.01269	0.01022	0.01324	0.01073	0.01356	0.04697	0.12154	0.17944	0.03259	0.05851	0.04484	0.11244	0.10084	0.02988	0.02827	0.00189	0.02916	0.00695	0.08523	0.06100
4	0.00799	0.00600	0.00770	0.00797	0.00888	0.00613	0.00574	0.03315	0.05970	0.01425	0.02335	0.47430	0.04352	0.04135	0.09057	0.04700	0.03846	0.03008	0.00427	0.04959
5	0.03058	0.06792	0.01550	0.05081	0.01556	0.05501	0.11126	0.15470	0.04786	0.04571	0.04378	0.04759	0.03951	0.01267	0.14131	0.00285	0.07943	0.02783	0.00368	0.00645
6	0.01234	0.00862	0.01101	0.13294	0.01522	0.00848	0.00782	0.10005	0.05674	0.12144	0.06583	0.14166	0.01692	0.05082	0.00637	0.00172	0.00451	0.02682	0.00428	0.20644
7	0.09059	0.03142	0.05172	0.11182	0.14134	0.02344	0.04042	0.14149	0.09415	0.09125	0.02746	0.06806	0.01153	0.00629	0.00505	0.00161	0.00544	0.00533	0.00390	0.04768
8	0.06519	0.01165	0.03963	0.11858	0.04811	0.01172	0.16826	0.16235	0.09926	0.07347	0.03454	0.01805	0.07169	0.02876	0.00594	0.00175	0.00585	0.00568	0.00395	0.02558
9	0.05770	0.01278	0.05053	0.04052	0.06157	0.10856	0.05443	0.14875	0.07235	0.04408	0.04770	0.06625	0.07074	0.00760	0.02044	0.00167	0.00567	0.01603	0.00393	0.10871
10	0.05931	0.02822	0.05104	0.01139	0.03634	0.02865	0.06746	0.15507	0.17448	0.13329	0.09030	0.05178	0.03520	0.00762	0.01985	0.00176	0.00512	0.00593	0.00468	0.03251
11	0.01276	0.03428	0.03605	0.01199	0.05477	0.12070	0.08743	0.07820	0.07782	0.06681	0.09318	0.12141	0.03909	0.02756	0.05718	0.00211	0.00605	0.00669	0.00401	0.06191
12	0.01432	0.09815	0.03351	0.00987	0.01331	0.03910	0.02359	0.19073	0.11525	0.09176	0.04007	0.09600	0.02595	0.00703	0.00511	0.00148	0.01634	0.00570	0.04099	0.13172

[dist]
# distance from previous block
# <min> <max>
36	114

[block]
# block no. 8 follows, 47 sequences, length 6
# corresponding to MSA columns:
# 492-497
name=unknown_I
#
# <colnr> <probs for GDERKNQSTAVLIFYWHMCP>
#	G	D	E	R	K	N	Q	S	T	A	V	L	I	F	Y	W	H	M	C	P
0	0.04343	0.06944	0.05906	0.03990	0.04153	0.07098	0.08605	0.05687	0.05786	0.13928	0.07521	0.06964	0.01495	0.00911	0.05179	0.00212	0.02855	0.00588	0.00421	0.07414
1	0.01261	0.09483	0.08202	0.04273	0.20716	0.11135	0.01068	0.02915	0.06261	0.04988	0.03739	0.07725	0.06030	0.03224	0.01971	0.02678	0.00589	0.00570	0.00334	0.02839
2	0.01189	0.02546	0.03897	0.11064	0.04163	0.10453	0.02925	0.01484	0.05772	0.09624	0.07682	0.08262	0.10383	0.01053	0.05948	0.00217	0.05421	0.04585	0.00390	0.02942
3	0.26098	0.08342	0.03733	0.01054	0.05039	0.06186	0.00829	0.18489	0.03364	0.05431	0.01144	0.05413	0.00988	0.07146	0.00678	0.00188	0.04379	0.00466	0.00371	0.00661
4	0.01080	0.00705	0.00885	0.00817	0.00921	0.04008	0.02731	0.05846	0.05484	0.05354	0.01403	0.06714	0.03720	0.07668	0.05580	0.45252	0.00527	0.00577	0.00322	0.00406
5	0.04102	0.09173	0.07333	0.01480	0.11394	0.04042	0.12725	0.03969	0.04414	0.08243	0.01257	0.01470	0.03578	0.00934	0.09115	0.00231	0.08834	0.00483	0.00319	0.06902

[dist]
# distance from previous block
# <min> <max>
3	19

[block]
