[name]
unknown

[dist]
# distance from previous block
# <min> <max>
4	873

[block]
# block no. 0 follows, 61 sequences, length 17
# corresponding to MSA columns:
# 910-926
name=unknown_A
#
# <colnr> <probs for GDERKNQSTAVLIFYWHMCP>
#	G	D	E	R	K	N	Q	S	T	A	V	L	I	F	Y	W	H	M	C	P
0	0.28722	0.09133	0.05342	0.00894	0.05206	0.15307	0.03941	0.01403	0.00935	0.12612	0.00914	0.03850	0.00745	0.02893	0.02703	0.01538	0.00488	0.00349	0.02502	0.00524
1	0.05261	0.03145	0.03056	0.04051	0.46066	0.03416	0.03010	0.04418	0.06629	0.09724	0.06197	0.01248	0.00962	0.00453	0.00423	0.00130	0.00471	0.00409	0.00287	0.00644
2	0.00747	0.00605	0.00750	0.04328	0.05341	0.03713	0.02566	0.02163	0.05026	0.04510	0.32668	0.12085	0.22075	0.00875	0.00493	0.00142	0.00298	0.00762	0.00405	0.00447
3	0.00638	0.00516	0.02629	0.00644	0.04060	0.00459	0.00465	0.00851	0.03058	0.01589	0.61552	0.05342	0.08960	0.06612	0.00617	0.00157	0.00247	0.00755	0.00434	0.00416
4	0.01218	0.00973	0.04332	0.01007	0.05272	0.00859	0.10861	0.16902	0.05076	0.13184	0.01014	0.01080	0.00751	0.00413	0.00396	0.00107	0.00430	0.00358	0.00328	0.35439
5	0.00626	0.00421	0.00486	0.00486	0.00491	0.00426	0.00281	0.00637	0.00631	0.00847	0.01343	0.02738	0.01531	0.79033	0.07973	0.00437	0.00470	0.00615	0.00259	0.00270
6	0.01117	0.01166	0.01402	0.04607	0.44469	0.19737	0.01042	0.01368	0.05005	0.01315	0.03176	0.04538	0.04244	0.00502	0.00454	0.00129	0.02855	0.00430	0.01853	0.00589
7	0.00525	0.00375	0.00500	0.00600	0.00625	0.00350	0.00400	0.00600	0.00825	0.01100	0.02374	0.84580	0.02849	0.01350	0.00550	0.00175	0.00250	0.01225	0.00400	0.00350
8	0.01594	0.01088	0.01201	0.00926	0.01265	0.01162	0.00761	0.58526	0.06939	0.14448	0.01161	0.01126	0.00813	0.00510	0.00424	0.00126	0.00439	0.00392	0.00435	0.06663
9	0.01152	0.85121	0.02257	0.00737	0.01106	0.01704	0.00737	0.01290	0.00875	0.01013	0.00599	0.00691	0.00553	0.00369	0.00276	0.00092	0.00461	0.00230	0.00184	0.00553
10	0.00509	0.00436	0.00436	0.00436	0.00582	0.00364	0.00327	0.00618	0.00982	0.01164	0.04364	0.04146	0.82000	0.01091	0.00509	0.00145	0.00218	0.00909	0.00400	0.00364
11	0.87904	0.00833	0.00633	0.00566	0.00833	0.00966	0.00467	0.01266	0.00733	0.01933	0.00600	0.00700	0.00467	0.00400	0.00267	0.00133	0.00333	0.00233	0.00267	0.00467
12	0.00864	0.02228	0.82630	0.01228	0.01864	0.01000	0.01592	0.01364	0.00909	0.01364	0.00773	0.00909	0.00546	0.00409	0.00409	0.00136	0.00637	0.00318	0.00182	0.00637
13	0.87904	0.00833	0.00633	0.00566	0.00833	0.00966	0.00467	0.01266	0.00733	0.01933	0.00600	0.00700	0.00467	0.00400	0.00267	0.00133	0.00333	0.00233	0.00267	0.00467
14	0.00520	0.00440	0.00452	0.00458	0.00600	0.00372	0.00349	0.00635	0.00982	0.01171	0.04240	0.04188	0.77269	0.01097	0.00514	0.00149	0.00229	0.05571	0.00400	0.00366
15	0.00916	0.00831	0.01255	0.56141	0.08259	0.03470	0.01079	0.03285	0.04534	0.03680	0.00928	0.06107	0.00769	0.00517	0.00506	0.00146	0.06398	0.00436	0.00234	0.00510
16	0.00921	0.13358	0.63582	0.01270	0.06555	0.01101	0.04747	0.01352	0.00914	0.01320	0.00756	0.00900	0.00559	0.00400	0.00396	0.00130	0.00609	0.00318	0.00186	0.00626

[dist]
# distance from previous block
# <min> <max>
1	9

[block]
# block no. 1 follows, 61 sequences, length 71
# corresponding to MSA columns:
# 936-1006
name=unknown_B
#
# <colnr> <probs for GDERKNQSTAVLIFYWHMCP>
#	G	D	E	R	K	N	Q	S	T	A	V	L	I	F	Y	W	H	M	C	P
0	0.00602	0.00440	0.00565	0.00534	0.00639	0.00403	0.00400	0.00798	0.01201	0.01683	0.75894	0.03290	0.10146	0.00897	0.00508	0.00136	0.00204	0.00789	0.00468	0.00403
1	0.01089	0.01127	0.04202	0.03672	0.70643	0.06258	0.04035	0.01347	0.00993	0.01378	0.00801	0.01047	0.00667	0.00388	0.00426	0.00128	0.00541	0.00379	0.00213	0.00663
2	0.00895	0.02371	0.11948	0.00707	0.01003	0.00632	0.00644	0.05945	0.01117	0.07580	0.31955	0.01943	0.04802	0.00601	0.00425	0.00114	0.00330	0.00507	0.00364	0.26118
3	0.84218	0.02789	0.00682	0.00581	0.00849	0.02600	0.00480	0.01276	0.00746	0.01894	0.00601	0.00701	0.00470	0.00400	0.00269	0.00132	0.00345	0.00234	0.00264	0.00469
4	0.01164	0.79662	0.02233	0.00779	0.01148	0.01673	0.03176	0.04036	0.00919	0.01083	0.00622	0.00717	0.00562	0.00373	0.00289	0.00095	0.00469	0.00244	0.00194	0.00560
5	0.00972	0.00892	0.01226	0.15641	0.28917	0.05320	0.00942	0.01419	0.18502	0.02671	0.13101	0.01588	0.02899	0.00627	0.03299	0.00155	0.00468	0.00473	0.00307	0.00581
6	0.00594	0.00440	0.00555	0.00526	0.00634	0.00400	0.00395	0.00784	0.01184	0.01642	0.70246	0.03358	0.15818	0.00912	0.00508	0.00137	0.00205	0.00799	0.00463	0.00400
7	0.01358	0.01498	0.21148	0.04773	0.03371	0.13946	0.08213	0.26894	0.01364	0.10605	0.02114	0.01059	0.00728	0.00466	0.00427	0.00131	0.00573	0.00375	0.00315	0.00642
8	0.00984	0.01387	0.19449	0.01691	0.02170	0.01071	0.63929	0.01377	0.00994	0.01377	0.00851	0.01109	0.00631	0.00373	0.00487	0.00143	0.00707	0.00468	0.00210	0.00593
9	0.00691	0.10891	0.00694	0.00507	0.00553	0.00579	0.00324	0.00711	0.00658	0.00860	0.01260	0.02537	0.01433	0.73077	0.03283	0.00382	0.00435	0.00575	0.00251	0.00299
10	0.01137	0.76377	0.07564	0.00800	0.01185	0.03031	0.02549	0.01304	0.00887	0.01045	0.00618	0.00717	0.00555	0.00372	0.00292	0.00097	0.00484	0.00243	0.00185	0.00558
11	0.01360	0.12357	0.08325	0.01050	0.03138	0.50828	0.00856	0.01623	0.08809	0.01198	0.05860	0.01016	0.00849	0.00471	0.00389	0.00116	0.00641	0.00329	0.00250	0.00534
12	0.00525	0.00419	0.00470	0.00495	0.00601	0.00364	0.00357	0.00634	0.00962	0.01207	0.12309	0.27296	0.50559	0.01143	0.00521	0.00153	0.00226	0.00986	0.00408	0.00364
13	0.00857	0.00421	0.00445	0.00436	0.00547	0.00413	0.00328	0.01048	0.00919	0.06636	0.01483	0.06663	0.01208	0.00556	0.00325	0.00107	0.00214	0.00454	0.76523	0.00419
14	0.00879	0.06572	0.70979	0.01154	0.01730	0.01004	0.01452	0.02866	0.00928	0.01365	0.00863	0.03789	0.00676	0.00458	0.00409	0.00136	0.00599	0.01998	0.01526	0.00616
15	0.00610	0.00440	0.00576	0.00542	0.00644	0.00406	0.00406	0.00813	0.01219	0.01727	0.81947	0.03218	0.04064	0.00881	0.00508	0.00135	0.00203	0.00779	0.00474	0.00406
16	0.00983	0.01396	0.20092	0.01687	0.02166	0.01070	0.63294	0.01376	0.00993	0.01376	0.00850	0.01107	0.00630	0.00373	0.00487	0.00143	0.00707	0.00467	0.00210	0.00593
17	0.01634	0.01311	0.01284	0.01006	0.01335	0.11449	0.00820	0.70969	0.01926	0.02509	0.00989	0.01002	0.00711	0.00508	0.00426	0.00127	0.00511	0.00374	0.00405	0.00704
18	0.01152	0.85121	0.02257	0.00737	0.01106	0.01704	0.00737	0.01290	0.00875	0.01013	0.00599	0.00691	0.00553	0.00369	0.00276	0.00092	0.00461	0.00230	0.00184	0.00553
19	0.01066	0.01023	0.01748	0.02644	0.82174	0.01023	0.01322	0.01322	0.00981	0.01407	0.00810	0.01066	0.00682	0.00384	0.00426	0.00128	0.00512	0.00384	0.00213	0.00682
20	0.01896	0.00792	0.01036	0.00794	0.01129	0.00720	0.00656	0.11822	0.01331	0.72612	0.01617	0.01413	0.01025	0.00531	0.00433	0.00133	0.00380	0.00428	0.00521	0.00733
21	0.01465	0.01020	0.01127	0.00894	0.01194	0.01105	0.00728	0.51117	0.12887	0.11409	0.11213	0.01432	0.01263	0.00573	0.00442	0.00133	0.00410	0.00455	0.00449	0.00685
22	0.00667	0.00571	0.05607	0.00599	0.00743	0.00468	0.00492	0.00920	0.03706	0.03396	0.72806	0.02990	0.03701	0.00835	0.00498	0.00136	0.00237	0.00735	0.00456	0.00436
23	0.01086	0.01210	0.15798	0.00988	0.02965	0.03912	0.00870	0.04967	0.58260	0.02900	0.01491	0.01417	0.01111	0.00540	0.00431	0.00142	0.00418	0.00443	0.00381	0.00670
24	0.00509	0.00436	0.00436	0.00436	0.00582	0.00364	0.00327	0.00618	0.00982	0.01164	0.04364	0.04146	0.82000	0.01091	0.00509	0.00145	0.00218	0.00909	0.00400	0.00364
25	0.01059	0.00910	0.00969	0.00849	0.01111	0.01014	0.00663	0.03412	0.70156	0.01767	0.01619	0.01510	0.01222	0.00551	0.00423	0.00136	0.00340	0.00457	0.00416	0.11416
26	0.01637	0.01207	0.01293	0.00991	0.01336	0.01336	0.00819	0.80738	0.02025	0.02715	0.01034	0.01034	0.00733	0.00517	0.00431	0.00129	0.00474	0.00388	0.00431	0.00733
27	0.00831	0.00774	0.01257	0.71004	0.05201	0.00912	0.01115	0.01106	0.00869	0.01148	0.00767	0.01114	0.00585	0.00415	0.00417	0.00133	0.00541	0.00367	0.00200	0.11243
28	0.00616	0.00454	0.00654	0.00650	0.00722	0.00509	0.00492	0.00759	0.00750	0.01072	0.11165	0.02001	0.01499	0.11672	0.64276	0.00594	0.00958	0.00518	0.00264	0.00374
29	0.01214	0.65264	0.02024	0.00842	0.03673	0.01591	0.00764	0.12797	0.05961	0.01319	0.00739	0.00808	0.00629	0.00404	0.00313	0.00102	0.00457	0.00273	0.00236	0.00591
30	0.87904	0.00833	0.00633	0.00566	0.00833	0.00966	0.00467	0.01266	0.00733	0.01933	0.00600	0.00700	0.00467	0.00400	0.00267	0.00133	0.00333	0.00233	0.00267	0.00467
31	0.00784	0.00662	0.00885	0.02277	0.14368	0.00682	0.01602	0.01201	0.19355	0.01518	0.26850	0.12540	0.11503	0.00801	0.00499	0.00145	0.01737	0.01692	0.00392	0.00507
32	0.00547	0.00438	0.00489	0.00476	0.00605	0.00380	0.00357	0.00691	0.01071	0.01376	0.33532	0.03797	0.52699	0.01012	0.00509	0.00142	0.00213	0.00860	0.00428	0.00380
33	0.01035	0.01002	0.06438	0.05151	0.40123	0.00967	0.01045	0.07408	0.17258	0.02528	0.04899	0.05564	0.02391	0.00534	0.00442	0.00137	0.00449	0.01688	0.00303	0.00637
34	0.01150	0.01186	0.09572	0.06891	0.48236	0.08257	0.01183	0.01501	0.08443	0.07983	0.00951	0.01112	0.00741	0.00425	0.00423	0.00130	0.00524	0.00381	0.00256	0.00654
35	0.00541	0.00408	0.00517	0.02657	0.00677	0.00377	0.00405	0.00648	0.00920	0.01208	0.14707	0.52317	0.20645	0.01198	0.00531	0.00162	0.00244	0.01066	0.00406	0.00365
36	0.00777	0.00702	0.01003	0.03998	0.01012	0.00917	0.00744	0.00905	0.00723	0.01072	0.05860	0.06585	0.01101	0.01651	0.29784	0.00358	0.41659	0.00484	0.00234	0.00430
37	0.00729	0.00595	0.00836	0.00790	0.01798	0.00725	0.00615	0.02605	0.00788	0.01158	0.11011	0.01719	0.01331	0.05395	0.43933	0.00449	0.21055	0.00482	0.03572	0.00415
38	0.02836	0.17651	0.14502	0.01489	0.25600	0.06888	0.06612	0.05611	0.01019	0.04364	0.00813	0.01937	0.00659	0.00407	0.00387	0.00118	0.00525	0.00343	0.00234	0.08004
39	0.00647	0.00735	0.13529	0.00632	0.00835	0.00505	0.00581	0.00890	0.02836	0.02476	0.43645	0.04515	0.24815	0.00862	0.00491	0.00139	0.00282	0.00739	0.00406	0.00440
40	0.24403	0.54723	0.03321	0.00729	0.01064	0.07580	0.00689	0.01317	0.00864	0.01269	0.00608	0.00704	0.00530	0.00383	0.00285	0.00105	0.00454	0.00236	0.00209	0.00527
41	0.02040	0.40137	0.19036	0.00983	0.01397	0.01323	0.09954	0.02312	0.10889	0.06808	0.00889	0.00960	0.00693	0.00416	0.00363	0.00118	0.00506	0.00328	0.00246	0.00603
42	0.00743	0.00602	0.00700	0.00695	0.03622	0.00609	0.00509	0.03718	0.20526	0.01567	0.29122	0.05825	0.24826	0.00869	0.00491	0.00145	0.00271	0.04254	0.00428	0.00479
43	0.01828	0.00707	0.00957	0.00742	0.01056	0.00614	0.00610	0.01997	0.01220	0.75621	0.05477	0.01554	0.01209	0.00548	0.00432	0.00132	0.00353	0.00448	0.03791	0.00705
44	0.00721	0.00607	0.00762	0.02633	0.06366	0.05548	0.03042	0.04861	0.00953	0.01248	0.06961	0.54662	0.02362	0.03387	0.00566	0.00169	0.00341	0.04028	0.00368	0.00414
45	0.00601	0.00440	0.00564	0.00533	0.00638	0.00403	0.00400	0.00796	0.01199	0.01680	0.75366	0.03296	0.10675	0.00898	0.00508	0.00136	0.00204	0.00790	0.00468	0.00403
46	0.87904	0.00833	0.00633	0.00566	0.00833	0.00966	0.00467	0.01266	0.00733	0.01933	0.00600	0.00700	0.00467	0.00400	0.00267	0.00133	0.00333	0.00233	0.00267	0.00467
47	0.01164	0.20287	0.07728	0.01624	0.31206	0.04608	0.08448	0.07326	0.05122	0.05124	0.00878	0.01912	0.00710	0.00425	0.00413	0.00124	0.01652	0.00368	0.00249	0.00632
48	0.01113	0.00766	0.00913	0.00688	0.01031	0.00640	0.00551	0.03587	0.08124	0.17110	0.05997	0.01213	0.00992	0.00424	0.00366	0.00091	0.00327	0.00346	0.00343	0.55380
49	0.00524	0.00379	0.00496	0.00590	0.00622	0.00351	0.00395	0.00601	0.00835	0.01104	0.02499	0.79547	0.07802	0.01333	0.00547	0.00173	0.00248	0.01205	0.00400	0.00351
50	0.00599	0.00427	0.00538	0.00541	0.00633	0.00389	0.00394	0.00756	0.01079	0.02693	0.47593	0.23422	0.15125	0.01013	0.00512	0.00146	0.00219	0.00894	0.02638	0.00391
51	0.01131	0.72522	0.08265	0.00898	0.06239	0.02680	0.00839	0.01303	0.00889	0.01065	0.00626	0.00732	0.00560	0.00374	0.00297	0.00098	0.00481	0.00247	0.00186	0.00567
52	0.00529	0.00433	0.00445	0.00446	0.00567	0.00372	0.00320	0.00622	0.00930	0.01122	0.05133	0.05212	0.67414	0.13661	0.00762	0.00187	0.00248	0.00870	0.00380	0.00349
53	0.00982	0.32667	0.50644	0.01056	0.01585	0.02377	0.02595	0.01342	0.00903	0.01231	0.00709	0.00832	0.00550	0.00394	0.00362	0.00120	0.00575	0.00289	0.00184	0.00603
54	0.00811	0.00518	0.00647	0.00610	0.00747	0.00493	0.00458	0.01083	0.09740	0.12486	0.38315	0.19752	0.10801	0.00920	0.00499	0.00145	0.00251	0.00806	0.00456	0.00464
55	0.02491	0.24697	0.29333	0.00954	0.02271	0.04453	0.04452	0.01288	0.00943	0.04053	0.05714	0.01857	0.02144	0.00436	0.00370	0.00113	0.00498	0.00340	0.00234	0.13357
56	0.15080	0.37790	0.17419	0.00872	0.01264	0.06001	0.02212	0.09009	0.02578	0.03205	0.00730	0.00816	0.00583	0.00408	0.00332	0.00115	0.00494	0.00280	0.00236	0.00576
57	0.03416	0.27844	0.21792	0.00927	0.02557	0.03998	0.00929	0.05309	0.02985	0.10411	0.06024	0.01095	0.00880	0.00568	0.03292	0.00142	0.05611	0.00346	0.00266	0.01610
58	0.07587	0.16825	0.26173	0.00948	0.01336	0.11710	0.00967	0.08821	0.04930	0.08137	0.02841	0.02355	0.02977	0.00485	0.00404	0.00126	0.02157	0.00356	0.00274	0.00590
59	0.13314	0.16603	0.14218	0.02209	0.06902	0.02054	0.02136	0.08437	0.03980	0.13243	0.04760	0.01128	0.02040	0.00458	0.00374	0.00121	0.00442	0.00353	0.00302	0.06927
60	0.02158	0.24699	0.15663	0.00932	0.02640	0.06805	0.02847	0.08005	0.05893	0.11271	0.04329	0.01372	0.00977	0.00511	0.00394	0.00124	0.00481	0.06610	0.00298	0.03991
61	0.08376	0.09068	0.13174	0.00993	0.04088	0.03226	0.08891	0.10051	0.09894	0.06106	0.06170	0.01280	0.02539	0.00479	0.00400	0.00123	0.00454	0.01460	0.00306	0.12925
62	0.01178	0.04384	0.09258	0.05460	0.05407	0.03316	0.02003	0.17938	0.04359	0.13447	0.08644	0.04351	0.03045	0.05823	0.00535	0.00144	0.00431	0.00461	0.00351	0.09465
63	0.06339	0.11232	0.13411	0.01129	0.10087	0.03622	0.05540	0.19926	0.05026	0.06088	0.05427	0.02368	0.00907	0.00473	0.00401	0.00124	0.00475	0.00385	0.00308	0.06732
64	0.07675	0.06210	0.14834	0.01032	0.07685	0.06426	0.02231	0.15998	0.06906	0.08674	0.06109	0.01198	0.02051	0.00477	0.00398	0.00122	0.00460	0.00377	0.00318	0.10821
65	0.02816	0.11821	0.21858	0.02112	0.03729	0.04985	0.02660	0.15323	0.06107	0.04458	0.04793	0.04974	0.00973	0.00511	0.00404	0.00125	0.00481	0.02127	0.00296	0.09447
66	0.03062	0.03544	0.10948	0.02277	0.09436	0.06088	0.00846	0.20932	0.08016	0.12395	0.07387	0.02760	0.04647	0.01992	0.00459	0.00136	0.00448	0.01516	0.00360	0.02752
67	0.04411	0.09180	0.16056	0.01045	0.06586	0.06947	0.02124	0.17120	0.12880	0.10392	0.02729	0.01212	0.03258	0.00491	0.00405	0.00127	0.00476	0.00386	0.00329	0.03843
68	0.02378	0.12586	0.05852	0.03469	0.08676	0.03513	0.02131	0.21081	0.09487	0.05319	0.04598	0.01384	0.06829	0.01724	0.00430	0.00126	0.00435	0.00415	0.00329	0.09240
69	0.07096	0.08527	0.23392	0.01044	0.05172	0.03361	0.03453	0.16251	0.07815	0.08853	0.05620	0.01151	0.00902	0.00476	0.00413	0.00128	0.01434	0.00374	0.00310	0.04229
70	0.04466	0.07019	0.15729	0.01086	0.07470	0.01000	0.06692	0.17251	0.03312	0.09984	0.02213	0.04030	0.03114	0.00501	0.00448	0.00127	0.03714	0.00407	0.00310	0.11127

[dist]
# distance from previous block
# <min> <max>
2	64

[block]
# block no. 2 follows, 61 sequences, length 57
# corresponding to MSA columns:
# 1071-1127
name=unknown_C
#
# <colnr> <probs for GDERKNQSTAVLIFYWHMCP>
#	G	D	E	R	K	N	Q	S	T	A	V	L	I	F	Y	W	H	M	C	P
0	0.04137	0.11239	0.17821	0.02047	0.05218	0.05421	0.04482	0.07663	0.08959	0.08119	0.10411	0.02773	0.04915	0.00542	0.00430	0.00129	0.01734	0.00440	0.00313	0.03206
1	0.03363	0.06542	0.13014	0.02407	0.09178	0.07404	0.05903	0.07790	0.07973	0.06809	0.08999	0.03828	0.04860	0.00585	0.01748	0.00137	0.01306	0.00453	0.01880	0.05820
2	0.06509	0.06527	0.12646	0.00902	0.02482	0.07540	0.01908	0.12440	0.09220	0.11359	0.02591	0.09654	0.04029	0.01976	0.00482	0.00138	0.03555	0.00473	0.00335	0.05236
3	0.05791	0.06623	0.17791	0.03783	0.03498	0.03656	0.06346	0.09321	0.05287	0.08975	0.11596	0.05158	0.02373	0.00610	0.01702	0.00142	0.00468	0.02757	0.00322	0.03800
4	0.02139	0.09703	0.15806	0.02632	0.07047	0.02258	0.07081	0.04977	0.07332	0.09524	0.06432	0.03316	0.02444	0.04307	0.02977	0.00159	0.04531	0.00436	0.01456	0.05442
5	0.05664	0.13817	0.08235	0.05406	0.09727	0.10185	0.03201	0.07786	0.04836	0.03634	0.05803	0.02765	0.05457	0.01793	0.03315	0.00150	0.02715	0.01358	0.01930	0.02222
6	0.08761	0.03986	0.11649	0.00970	0.03767	0.11547	0.07797	0.07893	0.02035	0.07932	0.05180	0.07981	0.07428	0.00587	0.00440	0.00130	0.02056	0.01475	0.00308	0.08079
7	0.05910	0.04180	0.03710	0.15561	0.05170	0.03565	0.00780	0.16478	0.04451	0.06589	0.02942	0.08491	0.09779	0.00766	0.03591	0.01594	0.02156	0.03425	0.00328	0.00534
8	0.09894	0.08238	0.11506	0.02440	0.11367	0.12768	0.04539	0.04701	0.02407	0.05760	0.08753	0.01398	0.04775	0.00564	0.00482	0.03970	0.02139	0.01921	0.00280	0.02099
9	0.00951	0.00990	0.06171	0.15818	0.49475	0.00946	0.04623	0.01248	0.03687	0.01340	0.01211	0.01419	0.09285	0.00474	0.00439	0.00134	0.00502	0.00444	0.00235	0.00607
10	0.00968	0.02359	0.00773	0.00666	0.02199	0.00605	0.00509	0.06205	0.09012	0.16254	0.35341	0.02608	0.15546	0.02386	0.00505	0.00140	0.00283	0.00652	0.00447	0.02541
11	0.00566	0.00426	0.00562	0.00663	0.03656	0.00391	0.00435	0.00657	0.00846	0.01129	0.02393	0.67286	0.09713	0.02933	0.00564	0.00170	0.00266	0.02296	0.00383	0.04664
12	0.01531	0.00748	0.00915	0.00752	0.01029	0.00734	0.00605	0.02014	0.25051	0.48026	0.01677	0.01526	0.01145	0.00544	0.00418	0.00133	0.00338	0.00445	0.11696	0.00675
13	0.00970	0.00829	0.00883	0.00813	0.01033	0.00936	0.00637	0.01967	0.64885	0.01680	0.02130	0.02183	0.11816	0.00696	0.00459	0.00150	0.00329	0.06552	0.00430	0.00619
14	0.00893	0.00766	0.00893	0.00638	0.01021	0.00574	0.00510	0.01085	0.00893	0.01404	0.00766	0.00893	0.00638	0.00319	0.00319	0.00064	0.00319	0.00255	0.00255	0.87495
15	0.01840	0.00882	0.01092	0.00837	0.01174	0.00855	0.00692	0.26911	0.01483	0.57308	0.01490	0.01330	0.00961	0.00528	0.00432	0.00132	0.00400	0.00419	0.00501	0.00733
16	0.00610	0.00440	0.00576	0.00542	0.00644	0.00406	0.00406	0.00813	0.01219	0.01727	0.81947	0.03218	0.04064	0.00881	0.00508	0.00135	0.00203	0.00779	0.00474	0.00406
17	0.00813	0.00766	0.01292	0.83826	0.02967	0.00957	0.01196	0.01101	0.00861	0.01101	0.00766	0.01148	0.00574	0.00431	0.00431	0.00144	0.00574	0.00383	0.00191	0.00479
18	0.00845	0.00805	0.01383	0.73134	0.10225	0.00968	0.04330	0.01132	0.00878	0.01140	0.00774	0.01141	0.00587	0.00424	0.00433	0.00142	0.00574	0.00388	0.00194	0.00501
19	0.00536	0.00422	0.00482	0.00517	0.00613	0.00378	0.00374	0.00636	0.00904	0.01126	0.03352	0.27338	0.46173	0.06539	0.03688	0.00195	0.00285	0.05703	0.00385	0.00356
20	0.01837	0.00712	0.00963	0.00748	0.01066	0.00615	0.00614	0.01999	0.01212	0.76999	0.01832	0.03522	0.04668	0.00577	0.00439	0.00135	0.00357	0.00473	0.00524	0.00708
21	0.03925	0.00777	0.01190	0.16095	0.27427	0.00808	0.00959	0.03705	0.02096	0.11676	0.02714	0.04848	0.01287	0.00658	0.00470	0.00151	0.00453	0.19885	0.00317	0.00561
22	0.00866	0.02060	0.72208	0.01254	0.01849	0.00988	0.08272	0.01339	0.00909	0.01349	0.00798	0.00965	0.00578	0.00529	0.04057	0.00162	0.00667	0.00341	0.00187	0.00621
23	0.01240	0.01413	0.01196	0.01203	0.10674	0.41087	0.00839	0.02714	0.00995	0.01097	0.00769	0.01101	0.00705	0.07924	0.07769	0.00205	0.18001	0.00358	0.00222	0.00489
24	0.10576	0.06698	0.03083	0.02668	0.27368	0.26747	0.07901	0.06029	0.01077	0.01390	0.00742	0.00915	0.00605	0.00417	0.00413	0.00124	0.02101	0.00334	0.00231	0.00581
25	0.00556	0.00429	0.00508	0.00507	0.00616	0.00381	0.00373	0.00703	0.01066	0.01407	0.38872	0.15127	0.35836	0.01033	0.00514	0.00145	0.00216	0.00895	0.00433	0.00381
26	0.01248	0.37110	0.02775	0.03703	0.14187	0.23864	0.02201	0.04365	0.01032	0.01175	0.00717	0.02408	0.00629	0.00417	0.00353	0.00108	0.00559	0.00303	0.00215	0.02631
27	0.00539	0.00400	0.00509	0.00580	0.00636	0.00362	0.00395	0.00624	0.00849	0.01122	0.02571	0.70086	0.13392	0.01269	0.00534	0.00166	0.00249	0.01140	0.00394	0.04185
28	0.03925	0.01057	0.03251	0.02394	0.22950	0.04624	0.04187	0.23661	0.11113	0.09158	0.02402	0.02902	0.00898	0.00510	0.00446	0.01559	0.00464	0.00418	0.01998	0.02082
29	0.01245	0.19805	0.11348	0.01261	0.14819	0.06534	0.07585	0.08996	0.06938	0.12589	0.01026	0.04227	0.00813	0.00470	0.00402	0.00125	0.00505	0.00392	0.00292	0.00627
30	0.00586	0.00439	0.00543	0.00517	0.00629	0.00396	0.00388	0.00767	0.01163	0.01593	0.63465	0.03439	0.22631	0.00931	0.00508	0.00138	0.00207	0.00810	0.00457	0.00396
31	0.01040	0.00965	0.02261	0.09328	0.21758	0.05941	0.03793	0.08745	0.08047	0.02528	0.07398	0.01351	0.03990	0.00486	0.00444	0.00121	0.02782	0.00415	0.00291	0.18316
32	0.38418	0.00802	0.00837	0.00668	0.00982	0.00795	0.00548	0.04971	0.00993	0.29975	0.01032	0.01017	0.00718	0.00437	0.00341	0.00121	0.00348	0.00314	0.00365	0.16320
33	0.01199	0.00989	0.01046	0.00902	0.01169	0.01131	0.00713	0.19958	0.63519	0.02008	0.01591	0.01478	0.01184	0.00569	0.00437	0.00142	0.00371	0.00465	0.00437	0.00693
34	0.87904	0.00833	0.00633	0.00566	0.00833	0.00966	0.00467	0.01266	0.00733	0.01933	0.00600	0.00700	0.00467	0.00400	0.00267	0.00133	0.00333	0.00233	0.00267	0.00467
35	0.01025	0.00982	0.01674	0.15803	0.69336	0.01013	0.01302	0.01286	0.00961	0.01358	0.00803	0.01079	0.00665	0.00391	0.00427	0.00130	0.00522	0.00384	0.00210	0.00649
36	0.23566	0.14055	0.01242	0.00938	0.04041	0.25720	0.02339	0.05291	0.00987	0.04017	0.00746	0.02568	0.00643	0.03093	0.00511	0.00135	0.09027	0.00318	0.00249	0.00513
37	0.83587	0.00894	0.00663	0.00594	0.00858	0.05077	0.00485	0.01289	0.00757	0.01889	0.00603	0.00704	0.00471	0.00402	0.00273	0.00132	0.00355	0.00235	0.00264	0.00468
38	0.00813	0.00766	0.01292	0.83826	0.02967	0.00957	0.01196	0.01101	0.00861	0.01101	0.00766	0.01148	0.00574	0.00431	0.00431	0.00144	0.00574	0.00383	0.00191	0.00479
39	0.00595	0.00457	0.00547	0.00521	0.00642	0.00418	0.00392	0.00806	0.04109	0.01552	0.54534	0.03451	0.28522	0.00936	0.00506	0.00139	0.00213	0.00809	0.00449	0.00403
40	0.00580	0.00426	0.00551	0.00636	0.00684	0.00416	0.00444	0.00752	0.06985	0.01168	0.02319	0.71998	0.02703	0.01279	0.00545	0.00175	0.00268	0.07290	0.00403	0.00379
41	0.01066	0.01023	0.01748	0.02644	0.82174	0.01023	0.01322	0.01322	0.00981	0.01407	0.00810	0.01066	0.00682	0.00384	0.00426	0.00128	0.00512	0.00384	0.00213	0.00682
42	0.15832	0.01886	0.61814	0.01086	0.01635	0.00995	0.01327	0.04868	0.00941	0.04710	0.00791	0.00901	0.00561	0.00417	0.00387	0.00135	0.00567	0.00311	0.00221	0.00616
43	0.01152	0.85121	0.02257	0.00737	0.01106	0.01704	0.00737	0.01290	0.00875	0.01013	0.00599	0.00691	0.00553	0.00369	0.00276	0.00092	0.00461	0.00230	0.00184	0.00553
44	0.00553	0.00436	0.00500	0.00497	0.00617	0.00383	0.00373	0.00698	0.01062	0.01375	0.33300	0.08795	0.45448	0.01031	0.00514	0.00145	0.00220	0.03245	0.00428	0.00380
45	0.00562	0.03587	0.03790	0.00616	0.00688	0.00428	0.00454	0.00660	0.00849	0.01123	0.03748	0.70452	0.08954	0.01248	0.00530	0.00167	0.00270	0.01120	0.00385	0.00371
46	0.03524	0.01260	0.17656	0.05242	0.07053	0.08997	0.02585	0.13382	0.02671	0.28407	0.02701	0.02680	0.00880	0.00497	0.00424	0.00133	0.00499	0.00400	0.00359	0.00651
47	0.00720	0.00603	0.00836	0.00778	0.00811	0.00755	0.00599	0.00817	0.00670	0.00976	0.01043	0.03726	0.01071	0.21477	0.36118	0.00455	0.27443	0.00492	0.00228	0.00383
48	0.00591	0.01861	0.00567	0.00608	0.00671	0.00417	0.00436	0.00685	0.00871	0.03096	0.02603	0.59499	0.15669	0.01244	0.00560	0.00170	0.02258	0.07430	0.00394	0.00372
49	0.12866	0.06960	0.16478	0.03545	0.04097	0.24642	0.14197	0.04617	0.03972	0.03593	0.00796	0.00928	0.00611	0.00421	0.00396	0.00127	0.00609	0.00337	0.00241	0.00565
50	0.16842	0.04669	0.03602	0.05016	0.18577	0.05410	0.08994	0.09296	0.01053	0.05597	0.02097	0.04742	0.05382	0.00549	0.00429	0.00138	0.01336	0.05421	0.00291	0.00560
51	0.11955	0.02320	0.03629	0.00856	0.05915	0.09091	0.03182	0.08559	0.02076	0.04550	0.10046	0.06605	0.14734	0.00683	0.00457	0.02248	0.00393	0.03039	0.00333	0.09329
52	0.06067	0.02623	0.02914	0.01122	0.12713	0.03922	0.03733	0.24068	0.04079	0.08654	0.04516	0.01126	0.00865	0.00461	0.00422	0.00117	0.02426	0.00370	0.00333	0.19471
53	0.03895	0.08594	0.07129	0.04990	0.06737	0.00906	0.03896	0.12740	0.06099	0.12307	0.09676	0.04491	0.02263	0.01976	0.00442	0.00128	0.00413	0.00445	0.00340	0.12532
54	0.18641	0.04621	0.02833	0.04000	0.13779	0.04113	0.04258	0.07506	0.09233	0.07160	0.04640	0.01199	0.02269	0.01648	0.00407	0.00127	0.00421	0.00374	0.00305	0.12466
55	0.02686	0.02691	0.09801	0.04496	0.08449	0.02590	0.02764	0.18469	0.19239	0.13407	0.04877	0.01297	0.01012	0.00509	0.00439	0.00132	0.01730	0.00415	0.00366	0.04630
56	0.01205	0.10338	0.10574	0.01082	0.06271	0.14284	0.08941	0.11518	0.03443	0.07743	0.06567	0.01242	0.03601	0.00477	0.00407	0.00119	0.00510	0.00392	0.00296	0.10991

[dist]
# distance from previous block
# <min> <max>
3	34

[block]
# block no. 3 follows, 61 sequences, length 21
# corresponding to MSA columns:
# 1162-1182
name=unknown_D
#
# <colnr> <probs for GDERKNQSTAVLIFYWHMCP>
#	G	D	E	R	K	N	Q	S	T	A	V	L	I	F	Y	W	H	M	C	P
0	0.03119	0.06180	0.15542	0.00960	0.04685	0.03111	0.04404	0.04934	0.09909	0.17217	0.09439	0.05812	0.02416	0.00559	0.00442	0.00130	0.02076	0.00464	0.00346	0.08255
1	0.09054	0.29815	0.15990	0.02065	0.03801	0.03402	0.03978	0.03673	0.02862	0.06550	0.06583	0.02808	0.00919	0.00470	0.00388	0.00120	0.02500	0.00357	0.02187	0.02479
2	0.02136	0.07069	0.08473	0.19045	0.23441	0.01000	0.03183	0.01431	0.16792	0.03269	0.05509	0.01355	0.02780	0.00537	0.02055	0.00146	0.00488	0.00425	0.00275	0.00593
3	0.00788	0.00639	0.00836	0.13900	0.07085	0.00671	0.00640	0.01184	0.17291	0.03852	0.25158	0.03886	0.17492	0.04044	0.00540	0.00152	0.00329	0.00645	0.00381	0.00489
4	0.00787	0.01111	0.26845	0.01932	0.04139	0.00712	0.02249	0.04724	0.04748	0.01556	0.32872	0.03858	0.05418	0.03407	0.00518	0.00146	0.00399	0.01713	0.00342	0.02524
5	0.03506	0.00865	0.03969	0.05775	0.10807	0.00728	0.03980	0.04364	0.02260	0.04917	0.05794	0.01118	0.00874	0.00396	0.00370	0.00095	0.00386	0.00338	0.00278	0.49181
6	0.00601	0.00521	0.04155	0.00596	0.00726	0.00421	0.02212	0.00735	0.00952	0.03613	0.10116	0.32735	0.35115	0.01107	0.00521	0.00157	0.00271	0.04658	0.00397	0.00392
7	0.01099	0.01043	0.04132	0.01845	0.42881	0.01039	0.05292	0.09095	0.20721	0.01623	0.01087	0.01253	0.00864	0.00456	0.00432	0.00132	0.00471	0.01759	0.00293	0.04483
8	0.63327	0.03156	0.00844	0.03232	0.07491	0.00972	0.00590	0.03828	0.02734	0.05370	0.00719	0.00817	0.00552	0.00409	0.00304	0.00129	0.00364	0.00270	0.00278	0.04616
9	0.00631	0.00468	0.00611	0.00609	0.00689	0.00489	0.00452	0.00812	0.04642	0.01191	0.18293	0.05330	0.08587	0.18346	0.31299	0.00403	0.00618	0.05826	0.00327	0.00377
10	0.01168	0.00886	0.01328	0.19550	0.12009	0.00926	0.10284	0.05714	0.18119	0.16435	0.01293	0.01371	0.03428	0.00488	0.00438	0.00136	0.00466	0.00439	0.00335	0.05186
11	0.01034	0.00991	0.01691	0.12871	0.72196	0.01015	0.01306	0.01294	0.00966	0.01369	0.00805	0.01076	0.00669	0.00390	0.00427	0.00130	0.00520	0.00384	0.00210	0.00657
12	0.03988	0.00744	0.00980	0.00823	0.00998	0.00825	0.00670	0.01474	0.06860	0.31724	0.15459	0.01687	0.03657	0.00751	0.03136	0.00167	0.24604	0.00489	0.00395	0.00568
13	0.00677	0.00490	0.00671	0.00761	0.00864	0.00484	0.00661	0.00867	0.00991	0.01278	0.02470	0.04794	0.09717	0.01181	0.00587	0.00194	0.00380	0.72142	0.00397	0.00394
14	0.00818	0.00481	0.00645	0.03851	0.00763	0.00473	0.00450	0.00913	0.04415	0.10162	0.21054	0.08431	0.04459	0.12112	0.03172	0.25196	0.00350	0.01544	0.00343	0.00369
15	0.01072	0.01062	0.01634	0.13167	0.64165	0.06948	0.01256	0.01343	0.02724	0.01350	0.00814	0.01068	0.00673	0.00399	0.00425	0.00129	0.00535	0.00378	0.00216	0.00642
16	0.01371	0.00994	0.01087	0.00904	0.01191	0.01100	0.00728	0.31546	0.39757	0.11497	0.01496	0.01484	0.01107	0.00573	0.00440	0.00140	0.00395	0.03047	0.00445	0.00697
17	0.00694	0.00496	0.00694	0.00793	0.00892	0.00496	0.00694	0.00892	0.00992	0.01289	0.02281	0.04859	0.02479	0.01190	0.00595	0.00198	0.00397	0.79275	0.00397	0.00397
18	0.01082	0.00958	0.04155	0.00858	0.01110	0.02672	0.00695	0.08764	0.57927	0.03631	0.09946	0.01734	0.03335	0.00610	0.00444	0.00142	0.00356	0.00506	0.00428	0.00646
19	0.01143	0.05206	0.28180	0.07460	0.12728	0.12567	0.15220	0.01465	0.01010	0.09692	0.00868	0.01022	0.00641	0.00415	0.00424	0.00132	0.00615	0.00368	0.00235	0.00608
20	0.01710	0.01090	0.01221	0.00936	0.01278	0.01163	0.00773	0.61359	0.01830	0.22370	0.01198	0.01141	0.00815	0.00521	0.00431	0.00130	0.00448	0.00399	0.00456	0.00733

[dist]
# distance from previous block
# <min> <max>
0	1

[block]
# block no. 4 follows, 61 sequences, length 26
# corresponding to MSA columns:
# 1184-1209
name=unknown_E
#
# <colnr> <probs for GDERKNQSTAVLIFYWHMCP>
#	G	D	E	R	K	N	Q	S	T	A	V	L	I	F	Y	W	H	M	C	P
0	0.00891	0.00851	0.00807	0.02184	0.00918	0.18435	0.00601	0.05015	0.00960	0.01170	0.03090	0.38925	0.01840	0.01029	0.00669	0.06327	0.08058	0.07494	0.00326	0.00409
1	0.01214	0.04469	0.01429	0.03287	0.39124	0.01041	0.00998	0.16779	0.11612	0.08508	0.01141	0.06497	0.00938	0.00510	0.00431	0.00133	0.00452	0.00450	0.00322	0.00666
2	0.00612	0.00457	0.00481	0.00464	0.00620	0.00384	0.00352	0.00729	0.01009	0.06829	0.07410	0.03921	0.73137	0.01043	0.00504	0.00144	0.00228	0.00871	0.00412	0.00391
3	0.00893	0.00766	0.00893	0.00638	0.01021	0.00574	0.00510	0.01085	0.00893	0.01404	0.00766	0.00893	0.00638	0.00319	0.00319	0.00064	0.00319	0.00255	0.00255	0.87495
4	0.01024	0.02743	0.01357	0.01106	0.01213	0.01246	0.06770	0.09360	0.09902	0.01348	0.04151	0.01132	0.00818	0.00679	0.01075	0.00170	0.54708	0.00414	0.00255	0.00529
5	0.00618	0.00418	0.00488	0.00498	0.00511	0.00413	0.00299	0.00646	0.00699	0.00938	0.07077	0.10548	0.01891	0.68294	0.01866	0.00368	0.00386	0.03464	0.00294	0.00284
6	0.09966	0.00700	0.00804	0.00760	0.03725	0.03068	0.00571	0.04547	0.12314	0.10264	0.35722	0.04114	0.03261	0.00729	0.00498	0.00141	0.03786	0.04102	0.00418	0.00512
7	0.00598	0.00439	0.00612	0.00629	0.00687	0.00480	0.00460	0.00711	0.00715	0.00995	0.01524	0.15703	0.04829	0.16602	0.52376	0.00538	0.00841	0.00634	0.00271	0.00357
8	0.05871	0.01009	0.01093	0.00882	0.01158	0.01123	0.00722	0.51942	0.07793	0.04126	0.01154	0.01293	0.00881	0.00669	0.04151	0.00158	0.03191	0.03285	0.08853	0.00646
9	0.01124	0.77247	0.09892	0.00784	0.01178	0.01638	0.00818	0.01297	0.00879	0.01047	0.00615	0.00712	0.00552	0.00372	0.00289	0.00096	0.00477	0.00239	0.00184	0.00561
10	0.00880	0.05675	0.76935	0.01224	0.01844	0.01033	0.03847	0.01361	0.00911	0.01350	0.00769	0.00908	0.00549	0.00406	0.00407	0.00135	0.00632	0.00320	0.00183	0.00631
11	0.00605	0.00430	0.00503	0.00498	0.00607	0.00399	0.00372	0.00764	0.01011	0.01411	0.29123	0.08187	0.29595	0.01122	0.07813	0.00184	0.00295	0.00755	0.15939	0.00386
12	0.03490	0.36292	0.06306	0.02479	0.04384	0.24728	0.00812	0.03274	0.05551	0.03898	0.00786	0.00933	0.00666	0.04218	0.00429	0.00123	0.00550	0.00300	0.00233	0.00548
13	0.00678	0.00463	0.00609	0.00603	0.00714	0.00431	0.00474	0.00868	0.01141	0.05208	0.53305	0.06943	0.07979	0.00964	0.00525	0.00151	0.00255	0.17822	0.00453	0.00414
14	0.03588	0.05505	0.01159	0.00924	0.01198	0.04452	0.03645	0.19382	0.45767	0.03730	0.01448	0.01500	0.01114	0.00565	0.00431	0.00140	0.00411	0.03981	0.00402	0.00657
15	0.01085	0.01185	0.09878	0.12411	0.42464	0.06566	0.06806	0.05048	0.03861	0.02969	0.00855	0.01068	0.00675	0.00409	0.00426	0.00130	0.00550	0.00380	0.00233	0.03000
16	0.00533	0.00384	0.00506	0.00596	0.00631	0.00357	0.00405	0.00619	0.00854	0.01137	0.06176	0.75179	0.06184	0.01312	0.00547	0.00173	0.00251	0.03397	0.00403	0.00354
17	0.00765	0.00601	0.03558	0.00677	0.00823	0.00555	0.00557	0.06211	0.07187	0.03241	0.30900	0.06794	0.10409	0.00966	0.00596	0.06213	0.00310	0.18787	0.00411	0.00440
18	0.02658	0.11630	0.31454	0.05742	0.08378	0.01991	0.19408	0.05224	0.01002	0.05357	0.00866	0.02832	0.00668	0.00425	0.00421	0.00133	0.00589	0.00387	0.00230	0.00608
19	0.00684	0.00492	0.00637	0.00657	0.00719	0.00515	0.00481	0.04509	0.01999	0.02194	0.08565	0.39716	0.03203	0.08678	0.06404	0.03301	0.06167	0.07364	0.03333	0.00385
20	0.00830	0.00779	0.01310	0.70487	0.12222	0.00938	0.01175	0.01104	0.00874	0.01137	0.00843	0.04893	0.00689	0.00466	0.00436	0.00143	0.00552	0.00421	0.00203	0.00497
21	0.01338	0.10467	0.08766	0.01329	0.17841	0.20055	0.03624	0.15360	0.01221	0.09620	0.01014	0.01104	0.03542	0.00523	0.02223	0.00135	0.00569	0.00367	0.00287	0.00615
22	0.01048	0.12079	0.27239	0.06295	0.08483	0.03099	0.16889	0.06441	0.02967	0.03977	0.00902	0.01100	0.01777	0.00446	0.00466	0.00135	0.04341	0.01481	0.00233	0.00602
23	0.00634	0.00442	0.00558	0.00585	0.00665	0.00415	0.00426	0.02076	0.00972	0.03642	0.21640	0.32139	0.13578	0.09882	0.00706	0.00188	0.00277	0.10389	0.00407	0.00379
24	0.01077	0.01000	0.01723	0.07975	0.64486	0.01020	0.06768	0.01331	0.00972	0.04751	0.00838	0.01090	0.00684	0.00407	0.00474	0.00133	0.03997	0.00394	0.00224	0.00655
25	0.02028	0.22737	0.24920	0.03104	0.03886	0.02296	0.02748	0.08988	0.04631	0.05095	0.02806	0.01973	0.02942	0.00498	0.01696	0.00127	0.00500	0.00354	0.00260	0.08413

[dist]
# distance from previous block
# <min> <max>
2	8

[block]
# block no. 5 follows, 61 sequences, length 130
# corresponding to MSA columns:
# 1219-1348
name=unknown_F
#
# <colnr> <probs for GDERKNQSTAVLIFYWHMCP>
#	G	D	E	R	K	N	Q	S	T	A	V	L	I	F	Y	W	H	M	C	P
0	0.02613	0.01040	0.01523	0.03975	0.53175	0.03821	0.01120	0.12743	0.05726	0.06961	0.00952	0.01117	0.00748	0.00482	0.02017	0.00140	0.00507	0.00389	0.00279	0.00673
1	0.00530	0.00386	0.00494	0.00578	0.00617	0.00357	0.00390	0.00608	0.00837	0.01099	0.02561	0.70542	0.11974	0.04846	0.00615	0.00182	0.00256	0.02386	0.00394	0.00348
2	0.01206	0.00992	0.01050	0.00904	0.01171	0.01134	0.00714	0.20936	0.62530	0.02019	0.01582	0.01471	0.01176	0.00568	0.00437	0.00142	0.00373	0.00463	0.00437	0.00694
3	0.00602	0.00430	0.00582	0.00605	0.00647	0.00460	0.00425	0.00691	0.00705	0.00974	0.01495	0.19337	0.01629	0.28656	0.38656	0.00488	0.00717	0.02284	0.00279	0.00338
4	0.00656	0.00476	0.00643	0.00732	0.00814	0.00473	0.00596	0.00860	0.04409	0.01260	0.03738	0.29578	0.02573	0.01208	0.00573	0.00188	0.00345	0.50083	0.00401	0.00395
5	0.00893	0.00766	0.00893	0.00638	0.01021	0.00574	0.00510	0.01085	0.00893	0.01404	0.00766	0.00893	0.00638	0.00319	0.00319	0.00064	0.00319	0.00255	0.00255	0.87495
6	0.00617	0.00422	0.00489	0.00492	0.00507	0.00425	0.00293	0.00639	0.00655	0.00873	0.01512	0.04466	0.05628	0.71284	0.09617	0.00424	0.00473	0.00638	0.00268	0.00280
7	0.00622	0.00419	0.00478	0.00483	0.00521	0.00407	0.00304	0.00679	0.00765	0.01047	0.09288	0.08431	0.10642	0.53340	0.01547	0.00314	0.00346	0.02505	0.07556	0.00307
8	0.00550	0.00432	0.00499	0.00512	0.00625	0.00381	0.00383	0.00684	0.01021	0.01310	0.24302	0.15912	0.44616	0.01081	0.00520	0.00151	0.00231	0.05997	0.00419	0.00375
9	0.01066	0.01023	0.01748	0.02644	0.82174	0.01023	0.01322	0.01322	0.00981	0.01407	0.00810	0.01066	0.00682	0.00384	0.00426	0.00128	0.00512	0.00384	0.00213	0.00682
10	0.01933	0.00733	0.01000	0.00766	0.01100	0.00633	0.00633	0.02099	0.01233	0.82473	0.01699	0.01466	0.01066	0.00533	0.00433	0.00133	0.00367	0.00433	0.00533	0.00733
11	0.01253	0.00613	0.00789	0.00691	0.00899	0.00565	0.00540	0.03428	0.06217	0.38825	0.08783	0.20219	0.08514	0.02667	0.00517	0.00153	0.00318	0.03979	0.00468	0.00563
12	0.01562	0.01157	0.01244	0.00964	0.01293	0.01279	0.00793	0.73357	0.05553	0.02626	0.04970	0.01165	0.00919	0.00538	0.00435	0.00130	0.00455	0.00411	0.00433	0.00715
13	0.01001	0.00929	0.01163	0.12275	0.22967	0.12449	0.03048	0.04994	0.01043	0.04952	0.04119	0.16063	0.08498	0.00692	0.00463	0.00141	0.00469	0.03910	0.00302	0.00524
14	0.09520	0.00754	0.00929	0.00735	0.01036	0.00713	0.00602	0.07743	0.04817	0.57890	0.01525	0.01385	0.01002	0.00519	0.00405	0.00130	0.00354	0.00411	0.08854	0.00675
15	0.00527	0.00382	0.00499	0.00585	0.00622	0.00353	0.00395	0.00611	0.00854	0.01133	0.06098	0.74943	0.08790	0.01309	0.00545	0.00171	0.00245	0.01181	0.00403	0.00353
16	0.01091	0.02881	0.21189	0.02585	0.09684	0.02481	0.10461	0.15075	0.05767	0.06513	0.01139	0.10486	0.00976	0.00623	0.02081	0.00153	0.04378	0.01534	0.00298	0.00605
17	0.01003	0.04626	0.14884	0.15429	0.33979	0.02533	0.07610	0.02583	0.02171	0.03248	0.02245	0.01156	0.02236	0.00471	0.01482	0.00141	0.02978	0.00395	0.00226	0.00606
18	0.00656	0.00510	0.00668	0.00655	0.00712	0.02231	0.00484	0.00766	0.00723	0.01010	0.04738	0.04747	0.03681	0.22736	0.46583	0.00516	0.06315	0.00543	0.01365	0.00362
19	0.00928	0.02515	0.00968	0.00676	0.01058	0.00635	0.02097	0.04021	0.00937	0.01443	0.00774	0.00900	0.00640	0.00328	0.00326	0.00068	0.00336	0.00265	0.00259	0.80825
20	0.00729	0.00907	0.17521	0.05181	0.01159	0.00617	0.07909	0.00976	0.02093	0.05201	0.09738	0.02811	0.41866	0.00799	0.00480	0.00142	0.00376	0.00684	0.00341	0.00471
21	0.00529	0.00389	0.00497	0.00571	0.00620	0.00356	0.00390	0.00620	0.00880	0.01159	0.09042	0.66187	0.14633	0.01274	0.00540	0.00167	0.00241	0.01142	0.00406	0.00356
22	0.01609	0.02053	0.01221	0.01110	0.01332	0.83132	0.00832	0.01720	0.01221	0.01054	0.00666	0.00777	0.00555	0.00444	0.00388	0.00111	0.00777	0.00277	0.00222	0.00499
23	0.04391	0.00959	0.01112	0.00866	0.01192	0.00989	0.00711	0.37737	0.07289	0.36545	0.02847	0.01289	0.00969	0.00532	0.00429	0.00132	0.00409	0.00417	0.00471	0.00715
24	0.01289	0.01024	0.04998	0.02013	0.01169	0.02552	0.00742	0.45223	0.09205	0.02003	0.01077	0.03677	0.00869	0.00760	0.00711	0.18345	0.01561	0.01844	0.00357	0.00581
25	0.00615	0.00426	0.00534	0.00564	0.00635	0.00394	0.00390	0.00730	0.02094	0.04098	0.17025	0.44560	0.12240	0.11380	0.00729	0.00190	0.00265	0.00978	0.00400	0.01754
26	0.02383	0.65207	0.03967	0.00809	0.01155	0.14120	0.00766	0.04178	0.00968	0.01108	0.00639	0.00733	0.00565	0.00388	0.00302	0.00098	0.00509	0.00247	0.01306	0.00550
27	0.01019	0.08428	0.45250	0.01024	0.01494	0.00986	0.01974	0.11450	0.02383	0.06520	0.05398	0.06235	0.01862	0.00517	0.00416	0.00132	0.00518	0.00417	0.00274	0.03702
28	0.02165	0.08166	0.32717	0.01184	0.07303	0.18662	0.02518	0.06327	0.01079	0.10626	0.00857	0.00949	0.00633	0.00435	0.00416	0.00125	0.02112	0.00326	0.00252	0.03148
29	0.02566	0.03162	0.03033	0.04033	0.06773	0.13117	0.00666	0.10549	0.03959	0.12646	0.01205	0.04166	0.00960	0.03515	0.00462	0.00132	0.01800	0.00413	0.26306	0.00538
30	0.05128	0.01807	0.53629	0.01321	0.02874	0.01017	0.19472	0.01425	0.05339	0.02707	0.00856	0.01006	0.00619	0.00410	0.00427	0.00139	0.00620	0.00369	0.00214	0.00620
31	0.03328	0.01385	0.12064	0.02892	0.01311	0.21554	0.00867	0.19611	0.09810	0.08114	0.01953	0.02837	0.00843	0.03274	0.00548	0.00143	0.06862	0.00390	0.01621	0.00592
32	0.00557	0.00439	0.00510	0.00526	0.00631	0.00400	0.00383	0.00717	0.03774	0.01280	0.19704	0.25081	0.39211	0.01174	0.03455	0.00171	0.00261	0.00935	0.00411	0.00381
33	0.00793	0.02884	0.03224	0.09872	0.04601	0.00717	0.03530	0.02639	0.15174	0.03283	0.16176	0.02588	0.29138	0.00766	0.00495	0.00142	0.02469	0.00649	0.00369	0.00492
34	0.00630	0.00491	0.00670	0.02540	0.00775	0.00529	0.00499	0.00776	0.00832	0.01162	0.16202	0.03889	0.11990	0.07961	0.41504	0.00433	0.04749	0.00590	0.00300	0.03479
35	0.01009	0.00981	0.01421	0.05709	0.49064	0.07823	0.01916	0.02387	0.00956	0.01287	0.01079	0.06813	0.04086	0.05030	0.00614	0.01427	0.05883	0.01701	0.00239	0.00575
36	0.12737	0.07934	0.06393	0.05196	0.15291	0.06297	0.00868	0.12159	0.01097	0.14067	0.00910	0.01012	0.00685	0.00500	0.01984	0.00135	0.04512	0.00339	0.00297	0.07586
37	0.04375	0.01066	0.05642	0.07158	0.03871	0.10896	0.04612	0.18074	0.05443	0.12757	0.01070	0.01249	0.00828	0.02922	0.15055	0.01421	0.02270	0.00400	0.00318	0.00574
38	0.00918	0.00893	0.01255	0.01084	0.01087	0.01239	0.00897	0.01002	0.00656	0.01021	0.00601	0.00994	0.00597	0.00901	0.05100	0.04421	0.76309	0.00381	0.00190	0.00454
39	0.01598	0.04066	0.01246	0.01101	0.01326	0.81158	0.00830	0.01710	0.01212	0.01053	0.00664	0.00775	0.00555	0.00442	0.00386	0.00111	0.00769	0.00276	0.00221	0.00501
40	0.00511	0.00436	0.00437	0.00437	0.00580	0.00365	0.00326	0.00618	0.00975	0.01158	0.04307	0.04121	0.80495	0.02658	0.00541	0.00151	0.00222	0.00904	0.00397	0.00362
41	0.61919	0.00907	0.00793	0.00668	0.00948	0.01031	0.00550	0.20962	0.01067	0.03240	0.00754	0.00829	0.00566	0.00435	0.00311	0.00131	0.00363	0.00281	0.03711	0.00534
42	0.00569	0.00432	0.00511	0.00502	0.00604	0.00388	0.00364	0.00710	0.01049	0.01396	0.40828	0.09492	0.31406	0.09037	0.00673	0.00169	0.00233	0.00843	0.00422	0.00373
43	0.01933	0.00733	0.01000	0.00766	0.01100	0.00633	0.00633	0.02099	0.01233	0.82473	0.01699	0.01466	0.01066	0.00533	0.00433	0.00133	0.00367	0.00433	0.00533	0.00733
