[name]
unknown

[dist]
# distance from previous block
# <min> <max>
0	48

[block]
# block no. 0 follows, 61 sequences, length 13
# corresponding to MSA columns:
# 48-60
name=unknown_A
#
# <colnr> <probs for GDERKNQSTAVLIFYWHMCP>
#	G	D	E	R	K	N	Q	S	T	A	V	L	I	F	Y	W	H	M	C	P
0	0.03837	0.02844	0.00843	0.00712	0.00884	0.06331	0.02919	0.09578	0.02043	0.09133	0.24825	0.06410	0.03167	0.14140	0.00741	0.00182	0.00372	0.07144	0.00383	0.03513
1	0.07867	0.00863	0.01039	0.00833	0.01109	0.03782	0.05850	0.14778	0.09130	0.19396	0.13510	0.01508	0.01344	0.00682	0.04724	0.00156	0.01747	0.00447	0.00392	0.10842
2	0.03178	0.00904	0.01211	0.00962	0.01235	0.08316	0.18384	0.03599	0.09528	0.05131	0.17255	0.04579	0.04094	0.00587	0.00448	0.00127	0.00435	0.03349	0.00339	0.16338
3	0.01108	0.00877	0.03882	0.01476	0.32174	0.00815	0.02237	0.06787	0.05130	0.13827	0.16177	0.01670	0.04986	0.00545	0.00441	0.00128	0.00403	0.00484	0.00346	0.06506
4	0.05401	0.38395	0.09245	0.00877	0.01214	0.21593	0.00812	0.07423	0.03204	0.03206	0.00891	0.00957	0.04245	0.00446	0.00346	0.00111	0.00534	0.00304	0.00241	0.00556
5	0.00690	0.00485	0.00628	0.00582	0.00697	0.00461	0.00441	0.00869	0.01135	0.05802	0.59562	0.09113	0.09273	0.00889	0.00546	0.00139	0.04325	0.00768	0.00445	0.03149
6	0.01471	0.01337	0.05114	0.00953	0.01250	0.24045	0.00783	0.26229	0.13330	0.12660	0.02781	0.01239	0.03515	0.00524	0.00420	0.00126	0.00515	0.00395	0.00370	0.02942
7	0.05353	0.18416	0.02720	0.00955	0.04803	0.10682	0.03533	0.09383	0.20968	0.12216	0.05865	0.01248	0.01037	0.00499	0.00395	0.00125	0.00450	0.00391	0.00344	0.00615
8	0.00619	0.00448	0.00625	0.00625	0.00679	0.00502	0.00454	0.00726	0.00672	0.00950	0.01215	0.02034	0.01225	0.27961	0.58627	0.00609	0.00931	0.00511	0.00240	0.00347
9	0.00529	0.00380	0.00495	0.00585	0.00615	0.00354	0.00390	0.00602	0.00824	0.01091	0.02430	0.76650	0.06892	0.05179	0.00623	0.00185	0.00256	0.01181	0.00393	0.00347
10	0.01591	0.01082	0.01195	0.03170	0.02623	0.09359	0.03550	0.32414	0.09452	0.27102	0.01290	0.03161	0.00918	0.00531	0.00433	0.00132	0.00465	0.00424	0.00424	0.00682
11	0.01141	0.04997	0.15211	0.07045	0.12696	0.05713	0.16700	0.08365	0.06181	0.09559	0.01032	0.03415	0.00817	0.04590	0.00523	0.00149	0.00552	0.00430	0.00279	0.00604
12	0.01043	0.01070	0.01784	0.06482	0.44415	0.07029	0.21229	0.01311	0.01012	0.01367	0.04517	0.01344	0.00894	0.00445	0.00456	0.00135	0.00570	0.04055	0.00234	0.00607

[dist]
# distance from previous block
# <min> <max>
1	4

[block]
# block no. 1 follows, 61 sequences, length 58
# corresponding to MSA columns:
# 65-122
name=unknown_B
#
# <colnr> <probs for GDERKNQSTAVLIFYWHMCP>
#	G	D	E	R	K	N	Q	S	T	A	V	L	I	F	Y	W	H	M	C	P
0	0.01123	0.01146	0.16681	0.00890	0.01201	0.04050	0.00821	0.15789	0.24629	0.08261	0.15790	0.03304	0.01534	0.00596	0.00441	0.00137	0.00411	0.00490	0.02089	0.00618
1	0.03349	0.01014	0.01133	0.00980	0.05667	0.02558	0.00747	0.32029	0.24717	0.14894	0.01300	0.01248	0.00935	0.00513	0.00420	0.00130	0.00411	0.00408	0.00417	0.07128
2	0.01227	0.39047	0.06333	0.00857	0.01200	0.16399	0.00780	0.08547	0.02835	0.02481	0.00727	0.00820	0.00607	0.00409	0.00365	0.00102	0.03000	0.00275	0.00235	0.13752
3	0.01029	0.01031	0.05205	0.07334	0.54681	0.00958	0.04392	0.03781	0.00990	0.01425	0.00808	0.01039	0.00663	0.00381	0.00412	0.00120	0.00498	0.00365	0.00224	0.14662
4	0.01035	0.16247	0.57289	0.01095	0.01643	0.01094	0.02174	0.02886	0.02354	0.09081	0.00854	0.00942	0.00615	0.00419	0.00391	0.00129	0.00574	0.00320	0.00225	0.00633
5	0.00528	0.00386	0.00497	0.00578	0.00621	0.00355	0.00392	0.00615	0.00866	0.01145	0.07500	0.70660	0.11686	0.01292	0.00543	0.00169	0.00244	0.01162	0.00404	0.00355
6	0.04994	0.00764	0.00983	0.00770	0.01084	0.00701	0.00630	0.09245	0.02436	0.66284	0.01662	0.05140	0.02131	0.00571	0.00433	0.00135	0.00368	0.00464	0.00505	0.00701
7	0.03310	0.04413	0.06065	0.00977	0.06610	0.04009	0.00782	0.15201	0.09427	0.42616	0.01372	0.01275	0.00926	0.00506	0.00420	0.00131	0.00427	0.00403	0.00433	0.00697
8	0.00903	0.15208	0.63035	0.01141	0.01702	0.01087	0.04418	0.01327	0.00923	0.01326	0.04540	0.00992	0.00715	0.00423	0.00397	0.00130	0.00592	0.00333	0.00197	0.00610
9	0.00748	0.00374	0.00561	0.00561	0.00561	0.00374	0.00374	0.00561	0.00561	0.00748	0.00748	0.01309	0.00748	0.01496	0.01684	0.87467	0.00374	0.00374	0.00187	0.00187
10	0.06223	0.00859	0.04038	0.00792	0.01080	0.04403	0.00656	0.04688	0.13270	0.46768	0.03574	0.09218	0.01258	0.00610	0.00435	0.00138	0.00378	0.00500	0.00460	0.00653
11	0.01018	0.04861	0.11065	0.03868	0.12620	0.04081	0.25561	0.01400	0.09183	0.06472	0.07438	0.06462	0.02936	0.00526	0.00459	0.00139	0.00529	0.00511	0.00288	0.00581
12	0.00529	0.00395	0.00495	0.00572	0.00628	0.00360	0.00398	0.00618	0.00869	0.01123	0.02822	0.62398	0.20836	0.01283	0.00543	0.00169	0.00250	0.04957	0.00400	0.00355
13	0.00886	0.08622	0.76430	0.01190	0.01806	0.01055	0.01526	0.01358	0.00907	0.01337	0.00760	0.00893	0.00546	0.00406	0.00399	0.00133	0.00623	0.00312	0.00182	0.00630
14	0.00918	0.12581	0.70591	0.01164	0.01756	0.03103	0.01466	0.01364	0.00913	0.01313	0.00749	0.00879	0.00547	0.00405	0.00392	0.00130	0.00618	0.00306	0.00183	0.00623
15	0.00541	0.00386	0.00517	0.00609	0.00639	0.00369	0.00415	0.00623	0.00818	0.01094	0.02271	0.73842	0.02695	0.04362	0.04919	0.00211	0.00309	0.04644	0.00386	0.00351
16	0.00696	0.00580	0.00847	0.00801	0.00858	0.00731	0.00638	0.00835	0.00684	0.01009	0.01009	0.01507	0.00951	0.02620	0.62984	0.00568	0.21615	0.00441	0.00220	0.00406
17	0.02484	0.01834	0.01223	0.01120	0.03298	0.66416	0.02497	0.04673	0.08975	0.01215	0.00841	0.00925	0.01716	0.00465	0.00398	0.00117	0.00704	0.00317	0.00253	0.00530
18	0.01010	0.01302	0.21027	0.04952	0.60436	0.01016	0.01382	0.01325	0.00960	0.01387	0.00800	0.01031	0.00646	0.00391	0.00422	0.00130	0.00544	0.00368	0.00205	0.00665
19	0.01028	0.00984	0.01679	0.14930	0.70187	0.01013	0.01303	0.01288	0.00963	0.01361	0.00803	0.01079	0.00666	0.00391	0.00427	0.00130	0.00521	0.00384	0.00210	0.00651
20	0.00525	0.00375	0.00500	0.00600	0.00625	0.00350	0.00400	0.00600	0.00825	0.01100	0.02374	0.84580	0.02849	0.01350	0.00550	0.00175	0.00250	0.01225	0.00400	0.00350
21	0.00740	0.00380	0.00569	0.00569	0.00574	0.00384	0.00384	0.00574	0.00569	0.00764	0.00773	0.01333	0.00769	0.01604	0.06750	0.82070	0.00423	0.00380	0.00190	0.00199
22	0.01101	0.01207	0.01296	0.01126	0.01179	0.20835	0.00916	0.01200	0.00794	0.01041	0.00589	0.00903	0.00563	0.00680	0.01169	0.00170	0.64204	0.00353	0.00196	0.00478
23	0.00980	0.01416	0.21646	0.01675	0.02159	0.01068	0.61761	0.01376	0.00991	0.01376	0.00848	0.01102	0.00628	0.00374	0.00485	0.00143	0.00705	0.00463	0.00209	0.00594
24	0.00528	0.00380	0.00501	0.00592	0.00624	0.00353	0.00398	0.00609	0.00846	0.01127	0.05705	0.78619	0.05479	0.01322	0.00547	0.00172	0.00247	0.01196	0.00403	0.00353
25	0.01071	0.00925	0.00974	0.00877	0.01120	0.01071	0.00682	0.02289	0.81396	0.01802	0.01753	0.01607	0.01315	0.00584	0.00438	0.00146	0.00341	0.00487	0.00438	0.00682
26	0.00521	0.00390	0.00485	0.00560	0.00614	0.00353	0.00382	0.00604	0.00863	0.01115	0.02854	0.65195	0.21925	0.01287	0.00540	0.00168	0.00242	0.01149	0.00400	0.00353
27	0.01066	0.00962	0.01607	0.04186	0.69352	0.00963	0.01216	0.02911	0.01000	0.04501	0.00968	0.06331	0.00858	0.00466	0.00437	0.00133	0.00489	0.01656	0.00244	0.00656
28	0.00530	0.00381	0.00503	0.00591	0.00625	0.00354	0.00398	0.00616	0.00858	0.01146	0.08132	0.76353	0.05298	0.01308	0.00546	0.00171	0.00246	0.01183	0.00405	0.00354
29	0.01919	0.04982	0.24702	0.02641	0.01383	0.05535	0.10574	0.04212	0.04738	0.03948	0.04725	0.17951	0.02546	0.00695	0.00482	0.00147	0.02182	0.05810	0.00295	0.00532
30	0.02498	0.03682	0.12667	0.04832	0.03827	0.05610	0.00854	0.11752	0.31591	0.09944	0.07172	0.01413	0.01175	0.00537	0.00427	0.00136	0.00436	0.00435	0.00372	0.00640
31	0.00616	0.00416	0.00470	0.00475	0.00483	0.00412	0.00271	0.00625	0.00653	0.00864	0.01544	0.07134	0.05219	0.76779	0.02032	0.00393	0.00400	0.00670	0.00274	0.00270
32	0.00601	0.00440	0.00564	0.00533	0.00638	0.00403	0.00400	0.00796	0.01199	0.01678	0.75169	0.03299	0.10874	0.00899	0.00508	0.00136	0.00205	0.00790	0.00468	0.00403
33	0.01021	0.01064	0.05677	0.10623	0.57020	0.03598	0.04268	0.01313	0.03583	0.01355	0.00893	0.04532	0.00768	0.00444	0.00451	0.00134	0.01980	0.00420	0.00225	0.00632
34	0.01159	0.01245	0.01320	0.01341	0.14671	0.24023	0.00942	0.04956	0.00935	0.01179	0.00696	0.00972	0.00624	0.00762	0.06426	0.00188	0.37468	0.00357	0.00216	0.00521
35	0.00944	0.06330	0.07328	0.00700	0.01096	0.00693	0.00617	0.01179	0.02740	0.03903	0.00807	0.00916	0.00654	0.00342	0.00330	0.00075	0.00355	0.00269	0.00258	0.70466
36	0.01433	0.01093	0.09664	0.01006	0.05514	0.02647	0.00834	0.27175	0.10339	0.23683	0.02794	0.03347	0.01808	0.02092	0.00513	0.00142	0.04407	0.00438	0.00403	0.00669
37	0.00538	0.00392	0.00507	0.00594	0.00638	0.00364	0.00412	0.00625	0.00852	0.01117	0.02577	0.67962	0.11819	0.02702	0.00576	0.00177	0.00260	0.07138	0.00397	0.00354
38	0.01032	0.01140	0.02439	0.03684	0.04952	0.01083	0.73283	0.02223	0.01021	0.02457	0.00876	0.01159	0.00658	0.00374	0.00512	0.00145	0.01658	0.00497	0.00223	0.00584
39	0.01130	0.09786	0.04268	0.02936	0.43393	0.08659	0.08069	0.04364	0.08942	0.01407	0.00875	0.01055	0.00711	0.00419	0.00435	0.00128	0.02169	0.00377	0.00240	0.00637
40	0.49286	0.06041	0.24323	0.00871	0.03830	0.06698	0.00858	0.01329	0.00833	0.01640	0.00661	0.00777	0.00507	0.00403	0.00322	0.00130	0.00464	0.00265	0.00233	0.00529
41	0.04440	0.51638	0.15295	0.00911	0.03070	0.02483	0.03324	0.03785	0.07473	0.02899	0.00771	0.00852	0.00632	0.00403	0.00331	0.00110	0.00487	0.00287	0.00224	0.00586
42	0.01413	0.01529	0.15049	0.01089	0.03582	0.30803	0.04267	0.07478	0.03704	0.17515	0.03511	0.01146	0.02198	0.00499	0.00464	0.00129	0.04349	0.00373	0.00308	0.00594
43	0.00527	0.00376	0.00502	0.00598	0.00625	0.00351	0.00400	0.00605	0.00834	0.01114	0.04197	0.82716	0.02877	0.01339	0.00549	0.00174	0.00249	0.01214	0.00402	0.00351
44	0.00556	0.00440	0.00528	0.03701	0.00716	0.00401	0.00417	0.00689	0.00988	0.01263	0.18350	0.21862	0.40879	0.01090	0.00521	0.00154	0.00249	0.06416	0.00406	0.00375
45	0.01077	0.07918	0.11572	0.01542	0.03511	0.01123	0.51436	0.04969	0.04522	0.04746	0.00910	0.01114	0.00681	0.00402	0.00488	0.00139	0.02557	0.00449	0.00242	0.00602
46	0.00525	0.00375	0.00500	0.00600	0.00625	0.00350	0.00400	0.00600	0.00825	0.01100	0.02374	0.84580	0.02849	0.01350	0.00550	0.00175	0.00250	0.01225	0.00400	0.00350
47	0.00616	0.00460	0.00685	0.00685	0.00760	0.00535	0.00530	0.00765	0.00690	0.00995	0.01160	0.01727	0.01092	0.05730	0.80675	0.00684	0.01131	0.00467	0.00232	0.00381
48	0.01294	0.01398	0.01316	0.01127	0.02958	0.36329	0.11685	0.08704	0.05496	0.03809	0.10343	0.01329	0.01908	0.00548	0.00529	0.00132	0.08484	0.01783	0.00292	0.00536
49	0.01563	0.01954	0.01260	0.01215	0.06968	0.75136	0.00868	0.02876	0.01209	0.01104	0.00680	0.00803	0.00567	0.00445	0.00405	0.00113	0.01808	0.00288	0.00224	0.00515
50	0.00626	0.00418	0.00470	0.00470	0.00470	0.00418	0.00261	0.00626	0.00626	0.00835	0.01357	0.02819	0.01566	0.84862	0.02192	0.00418	0.00418	0.00626	0.00261	0.00261
51	0.00522	0.00414	0.00470	0.00505	0.00602	0.00361	0.00360	0.00625	0.00939	0.01178	0.08898	0.34134	0.47127	0.01173	0.00524	0.00156	0.00229	0.01018	0.00405	0.00361
52	0.01317	0.01083	0.03170	0.01192	0.01544	0.01088	0.26599	0.34150	0.06916	0.09093	0.02623	0.01327	0.03944	0.00552	0.02072	0.00147	0.00535	0.00465	0.01534	0.00647
53	0.03805	0.00849	0.00941	0.00821	0.01053	0.00944	0.02192	0.12766	0.45681	0.03445	0.09316	0.01847	0.07898	0.00795	0.05525	0.00176	0.00394	0.00524	0.00417	0.00611
54	0.00617	0.00419	0.00467	0.00467	0.00478	0.00414	0.00266	0.00626	0.00653	0.00860	0.01586	0.02920	0.07692	0.78482	0.02064	0.00397	0.00402	0.00648	0.00272	0.00269
55	0.00864	0.02228	0.82630	0.01228	0.01864	0.01000	0.01592	0.01364	0.00909	0.01364	0.00773	0.00909	0.00546	0.00409	0.00409	0.00136	0.00637	0.00318	0.00182	0.00637
56	0.01405	0.01532	0.01128	0.01010	0.01246	0.44610	0.00780	0.11984	0.23531	0.01490	0.01117	0.01300	0.00911	0.00540	0.00421	0.00129	0.00593	0.05380	0.00320	0.00573
57	0.01050	0.01007	0.01719	0.07846	0.77099	0.01019	0.01314	0.01308	0.00973	0.01388	0.00807	0.01071	0.00675	0.00387	0.00427	0.00129	0.00516	0.00384	0.00212	0.00669

[dist]
# distance from previous block
# <min> <max>
0	5

[block]
# block no. 2 follows, 61 sequences, length 34
# corresponding to MSA columns:
# 128-161
name=unknown_C
#
# <colnr> <probs for GDERKNQSTAVLIFYWHMCP>
#	G	D	E	R	K	N	Q	S	T	A	V	L	I	F	Y	W	H	M	C	P
0	0.00510	0.00433	0.00440	0.00444	0.00584	0.00363	0.00331	0.00617	0.00974	0.01160	0.04265	0.08128	0.78081	0.01104	0.00511	0.00147	0.00220	0.00925	0.00400	0.00363
1	0.01609	0.02053	0.01221	0.01110	0.01332	0.83132	0.00832	0.01720	0.01221	0.01054	0.00666	0.00777	0.00555	0.00444	0.00388	0.00111	0.00777	0.00277	0.00222	0.00499
2	0.00933	0.00764	0.00897	0.00643	0.01024	0.00576	0.00515	0.01123	0.00906	0.04493	0.00801	0.00915	0.00654	0.00327	0.00323	0.00066	0.00321	0.00262	0.00266	0.84188
3	0.00553	0.00399	0.00543	0.00611	0.00650	0.00396	0.00423	0.00648	0.00808	0.01099	0.06172	0.58971	0.02475	0.05519	0.18261	0.00294	0.00448	0.01011	0.00361	0.00356
4	0.24010	0.01033	0.01071	0.00845	0.01166	0.01128	0.00697	0.46744	0.03036	0.14632	0.01036	0.01024	0.00725	0.00490	0.00389	0.00131	0.00419	0.00357	0.00404	0.00663
5	0.00529	0.00376	0.00499	0.00595	0.00619	0.00352	0.00395	0.00601	0.00817	0.01090	0.02335	0.81464	0.02800	0.04532	0.00612	0.00184	0.00256	0.01202	0.00395	0.00346
6	0.00605	0.00444	0.00570	0.00550	0.00656	0.00409	0.00420	0.00798	0.01177	0.01635	0.67838	0.03438	0.12154	0.00926	0.00515	0.00141	0.00219	0.06644	0.00461	0.00401
7	0.00883	0.02095	0.72592	0.01301	0.01913	0.01012	0.11495	0.01366	0.00923	0.01366	0.00785	0.00941	0.00559	0.00403	0.00422	0.00138	0.00648	0.00342	0.00186	0.00630
8	0.00516	0.00439	0.00446	0.00450	0.00593	0.00369	0.00341	0.00628	0.00982	0.01168	0.04286	0.04172	0.79017	0.01095	0.00512	0.00147	0.00225	0.03849	0.00400	0.00365
9	0.00607	0.00429	0.00549	0.00587	0.00661	0.00402	0.00424	0.02396	0.00994	0.02304	0.25333	0.44205	0.09544	0.01131	0.00526	0.00159	0.00248	0.06132	0.02984	0.00384
10	0.01526	0.01057	0.15000	0.00874	0.01234	0.00827	0.00816	0.16543	0.04705	0.42189	0.06910	0.01423	0.01131	0.00619	0.02999	0.00151	0.00445	0.00432	0.00436	0.00681
11	0.00763	0.00726	0.03944	0.00803	0.00880	0.01945	0.00659	0.00912	0.00905	0.01307	0.30723	0.03019	0.06361	0.06051	0.04379	0.00197	0.33466	0.00578	0.01953	0.00429
12	0.00575	0.00439	0.00527	0.00505	0.00622	0.00392	0.00379	0.00745	0.01137	0.01531	0.54959	0.03540	0.31175	0.00954	0.00508	0.00139	0.00208	0.00824	0.00448	0.00392
13	0.00620	0.00486	0.00566	0.00543	0.00671	0.00458	0.00408	0.00890	0.09409	0.01517	0.43981	0.06825	0.30143	0.00941	0.00503	0.00142	0.00225	0.00812	0.00442	0.00418
14	0.07643	0.06525	0.25889	0.01257	0.08986	0.05243	0.14864	0.07043	0.01921	0.03300	0.03094	0.02569	0.00754	0.00432	0.00407	0.00126	0.00544	0.00376	0.00247	0.08779
15	0.01010	0.01108	0.02024	0.01576	0.05347	0.05229	0.48359	0.01271	0.00914	0.01251	0.00798	0.01141	0.00662	0.03139	0.02154	0.00172	0.22635	0.00460	0.00212	0.00539
16	0.00593	0.00433	0.00532	0.00545	0.00603	0.00435	0.00378	0.00671	0.00752	0.00990	0.02074	0.09797	0.18753	0.35221	0.22378	0.00400	0.00549	0.04266	0.00301	0.00328
17	0.02708	0.01057	0.03839	0.05461	0.17808	0.01078	0.09767	0.23425	0.18686	0.03944	0.02299	0.01211	0.00874	0.00473	0.00432	0.00132	0.00473	0.00416	0.00336	0.05581
18	0.01215	0.66332	0.03689	0.00827	0.01172	0.15864	0.02073	0.01361	0.00944	0.01044	0.01812	0.00755	0.00606	0.00390	0.00306	0.00098	0.00520	0.00253	0.00196	0.00543
19	0.01031	0.00988	0.01608	0.02120	0.57205	0.02257	0.07103	0.01273	0.00963	0.01388	0.00803	0.01038	0.00670	0.00389	0.00431	0.01554	0.00491	0.00365	0.00222	0.18102
20	0.01044	0.01133	0.09056	0.07250	0.41852	0.01033	0.18408	0.03260	0.05335	0.02795	0.00883	0.01108	0.00696	0.00407	0.00462	0.00135	0.02262	0.00409	0.00233	0.02241
21	0.06209	0.06722	0.70365	0.01148	0.01737	0.01038	0.01446	0.02829	0.00922	0.02689	0.00772	0.00896	0.00553	0.00410	0.00394	0.00134	0.00601	0.00311	0.00197	0.00625
22	0.01924	0.00747	0.01008	0.00773	0.01107	0.00654	0.00639	0.04418	0.01256	0.80121	0.01680	0.01453	0.01056	0.00533	0.00433	0.00133	0.00370	0.00432	0.00530	0.00733
23	0.00561	0.00464	0.00498	0.00497	0.00619	0.02062	0.00367	0.00693	0.01037	0.01313	0.25825	0.12135	0.50312	0.01046	0.00511	0.00145	0.00229	0.00892	0.00417	0.00377
24	0.01265	0.03270	0.18026	0.01295	0.16259	0.04850	0.05149	0.06556	0.12259	0.20502	0.05332	0.01294	0.00999	0.00487	0.00429	0.00133	0.00484	0.00415	0.00340	0.00656
25	0.00617	0.00414	0.00472	0.00481	0.00484	0.00412	0.00273	0.00624	0.00644	0.00859	0.01448	0.10104	0.01680	0.77421	0.02046	0.00396	0.00403	0.00680	0.00273	0.00269
26	0.00532	0.00384	0.00507	0.00602	0.00636	0.00358	0.00411	0.00615	0.00840	0.01112	0.02460	0.76981	0.06425	0.01330	0.00550	0.00175	0.00256	0.05075	0.00400	0.00353
27	0.04643	0.04951	0.60686	0.01286	0.05763	0.02155	0.08280	0.01401	0.04364	0.01394	0.00810	0.00950	0.00592	0.00410	0.00409	0.00135	0.00608	0.00338	0.00202	0.00624
28	0.01159	0.01085	0.05641	0.02244	0.62751	0.01039	0.01225	0.09905	0.03949	0.05474	0.00909	0.01093	0.00722	0.00414	0.00427	0.00129	0.00501	0.00387	0.00258	0.00688
29	0.00761	0.00597	0.00666	0.00651	0.00801	0.00614	0.00493	0.01231	0.27048	0.03795	0.05701	0.17144	0.26298	0.05276	0.00585	0.00168	0.00292	0.06994	0.00412	0.00474
30	0.02944	0.01853	0.58097	0.01533	0.20130	0.00995	0.03136	0.01375	0.00934	0.03903	0.00808	0.00963	0.00593	0.00406	0.00413	0.00134	0.00595	0.00339	0.00203	0.00645
31	0.04455	0.18895	0.09195	0.00797	0.01134	0.01017	0.01522	0.09181	0.14817	0.05377	0.04380	0.05315	0.02707	0.00507	0.00378	0.00114	0.00396	0.00402	0.00314	0.19097
32	0.01057	0.01014	0.01732	0.05519	0.79369	0.01021	0.01318	0.01314	0.00977	0.01396	0.00809	0.01069	0.00678	0.00385	0.00427	0.00128	0.00514	0.00384	0.00212	0.00675
33	0.00606	0.00440	0.00571	0.00538	0.00641	0.00405	0.00404	0.00806	0.01211	0.01708	0.79261	0.03250	0.06763	0.00888	0.00508	0.00136	0.00204	0.00784	0.00472	0.00405

[dist]
# distance from previous block
# <min> <max>
0	1

[block]
# block no. 3 follows, 61 sequences, length 24
# corresponding to MSA columns:
# 163-186
name=unknown_D
#
# <colnr> <probs for GDERKNQSTAVLIFYWHMCP>
#	G	D	E	R	K	N	Q	S	T	A	V	L	I	F	Y	W	H	M	C	P
0	0.02637	0.01094	0.03603	0.02446	0.70794	0.04361	0.04647	0.01357	0.02361	0.01407	0.00818	0.01057	0.00680	0.00390	0.00425	0.00129	0.00528	0.00382	0.00218	0.00666
1	0.05679	0.00970	0.02770	0.00801	0.02127	0.13443	0.00640	0.17439	0.02090	0.08712	0.05662	0.02296	0.25442	0.00740	0.00495	0.00140	0.04019	0.05644	0.00370	0.00521
2	0.01357	0.01417	0.01034	0.00968	0.04591	0.43823	0.00710	0.12661	0.01226	0.01453	0.00922	0.01054	0.00735	0.00474	0.00395	0.00113	0.02376	0.00333	0.23845	0.00513
3	0.01176	0.29987	0.07442	0.00999	0.04134	0.21223	0.06047	0.06124	0.02170	0.01233	0.00895	0.09761	0.00835	0.00504	0.00377	0.00115	0.00538	0.00392	0.00242	0.05805
4	0.00914	0.14873	0.64456	0.01162	0.01735	0.01099	0.05306	0.01345	0.00909	0.01317	0.00766	0.00904	0.00565	0.00403	0.00391	0.00129	0.00604	0.00316	0.02189	0.00616
5	0.01918	0.00756	0.01014	0.00777	0.01111	0.00667	0.00642	0.05946	0.01272	0.78571	0.01667	0.01445	0.01050	0.00532	0.00433	0.00133	0.00372	0.00431	0.00528	0.00733
6	0.00743	0.00608	0.02644	0.00886	0.09492	0.00555	0.05402	0.02267	0.02510	0.04183	0.48011	0.12671	0.05104	0.00869	0.01979	0.00150	0.00313	0.00740	0.00410	0.00464
7	0.01372	0.00815	0.00909	0.00767	0.00976	0.07776	0.00598	0.15659	0.04655	0.27977	0.01342	0.01489	0.04406	0.00850	0.00806	0.25914	0.00417	0.02374	0.00373	0.00525
8	0.00555	0.00398	0.00540	0.00620	0.00657	0.00391	0.00434	0.00646	0.00807	0.01085	0.02136	0.62792	0.02497	0.05705	0.12955	0.00266	0.00403	0.06392	0.00368	0.00354
9	0.00812	0.00459	0.00481	0.00469	0.00587	0.00460	0.00353	0.02207	0.06498	0.03228	0.04688	0.06394	0.07390	0.00613	0.00352	0.00113	0.00222	0.00505	0.63741	0.00427
10	0.01040	0.01026	0.01836	0.08432	0.64281	0.01029	0.13340	0.01315	0.00978	0.01381	0.00816	0.01087	0.00670	0.00384	0.00439	0.00132	0.00549	0.00403	0.00212	0.00652
11	0.00595	0.00440	0.00555	0.00526	0.00634	0.00400	0.00395	0.00784	0.01184	0.01643	0.70329	0.03357	0.15735	0.00912	0.00508	0.00137	0.00205	0.00798	0.00463	0.00400
12	0.00543	0.00388	0.00513	0.00607	0.00640	0.00365	0.00417	0.00626	0.00834	0.01106	0.02370	0.72783	0.04566	0.04781	0.00620	0.00186	0.00268	0.07644	0.00394	0.00350
13	0.01073	0.01154	0.11553	0.04175	0.07493	0.00967	0.43380	0.03186	0.03791	0.10416	0.01253	0.01406	0.07115	0.00459	0.00476	0.00141	0.00597	0.00493	0.00274	0.00598
14	0.78739	0.00822	0.00672	0.00588	0.00861	0.00931	0.00484	0.01355	0.00786	0.10518	0.00717	0.00781	0.00530	0.00414	0.00284	0.00133	0.00337	0.00255	0.00295	0.00495
15	0.01142	0.03637	0.02217	0.01613	0.01998	0.17671	0.59732	0.01475	0.03648	0.01318	0.00851	0.01086	0.00652	0.00387	0.00476	0.00137	0.00717	0.00453	0.00225	0.00567
16	0.00530	0.00438	0.00469	0.00487	0.00618	0.00377	0.00372	0.00646	0.00971	0.01172	0.03985	0.10555	0.67290	0.01122	0.00521	0.00153	0.00240	0.09288	0.00400	0.00366
17	0.00621	0.00498	0.00718	0.00765	0.04259	0.00533	0.02314	0.00742	0.00789	0.01080	0.01897	0.32977	0.10316	0.03407	0.31000	0.00365	0.06230	0.00790	0.00309	0.00390
18	0.00542	0.00389	0.00519	0.00616	0.00652	0.00366	0.00429	0.00632	0.00847	0.01122	0.02420	0.73817	0.05039	0.01325	0.00553	0.00177	0.00265	0.09536	0.00400	0.00355
19	0.01127	0.19865	0.33702	0.01167	0.05132	0.11807	0.06368	0.09151	0.05249	0.01405	0.00806	0.00917	0.00620	0.00420	0.00389	0.00124	0.00586	0.00325	0.00229	0.00611
20	0.01081	0.06897	0.04642	0.03590	0.41890	0.08921	0.09446	0.02637	0.00962	0.01293	0.00787	0.01073	0.00675	0.03235	0.01952	0.00152	0.09573	0.00382	0.00214	0.00599
21	0.00592	0.09409	0.00687	0.00614	0.00676	0.00494	0.00436	0.00673	0.00830	0.01090	0.02185	0.75638	0.02604	0.01245	0.00521	0.00166	0.00272	0.01119	0.00377	0.00372
22	0.02740	0.02968	0.02208	0.01149	0.04221	0.58471	0.04738	0.03644	0.01183	0.09818	0.00795	0.00892	0.00622	0.00461	0.00444	0.00120	0.04410	0.00315	0.00258	0.00541
23	0.01154	0.66809	0.04598	0.00801	0.01150	0.10356	0.02479	0.01306	0.00928	0.01058	0.02589	0.00897	0.03533	0.00415	0.00311	0.00100	0.00492	0.00281	0.00203	0.00540

[dist]
# distance from previous block
# <min> <max>
3	7

[block]
# block no. 4 follows, 61 sequences, length 48
# corresponding to MSA columns:
# 256-303
name=unknown_E
#
# <colnr> <probs for GDERKNQSTAVLIFYWHMCP>
#	G	D	E	R	K	N	Q	S	T	A	V	L	I	F	Y	W	H	M	C	P
0	0.01180	0.00835	0.00928	0.00815	0.01059	0.00919	0.00639	0.02096	0.58084	0.16222	0.08105	0.01710	0.01482	0.00596	0.00439	0.00141	0.00330	0.00498	0.03262	0.00660
1	0.00988	0.01218	0.17510	0.03236	0.58917	0.00977	0.02721	0.01283	0.00956	0.01375	0.00902	0.06294	0.00790	0.00450	0.00432	0.00133	0.00524	0.00426	0.00219	0.00648
2	0.01050	0.01015	0.01691	0.07414	0.71212	0.02352	0.02927	0.01328	0.02907	0.01387	0.00853	0.02378	0.00722	0.00407	0.00430	0.00130	0.00516	0.00400	0.00220	0.00660
3	0.00550	0.00477	0.00586	0.00547	0.00696	0.00411	0.05393	0.00680	0.00988	0.01215	0.10001	0.11438	0.63377	0.01053	0.00513	0.00147	0.00252	0.00903	0.00394	0.00379
4	0.00509	0.00436	0.00436	0.00436	0.00582	0.00364	0.00327	0.00618	0.00982	0.01164	0.04364	0.04146	0.82000	0.01091	0.00509	0.00145	0.00218	0.00909	0.00400	0.00364
5	0.02874	0.20585	0.61258	0.01091	0.01647	0.01143	0.01352	0.01330	0.00896	0.01294	0.00763	0.02553	0.00592	0.00419	0.00379	0.00127	0.00583	0.00315	0.00189	0.00608
6	0.00967	0.27470	0.49065	0.01124	0.01644	0.01232	0.07936	0.01334	0.00901	0.01249	0.00722	0.00865	0.00557	0.00402	0.00405	0.00125	0.02904	0.00309	0.00186	0.00602
7	0.00565	0.00417	0.00529	0.00552	0.00633	0.00381	0.00398	0.00707	0.01034	0.01402	0.39211	0.32841	0.15812	0.01090	0.00525	0.00153	0.00227	0.02710	0.00434	0.00379
8	0.02994	0.07080	0.55319	0.10850	0.12792	0.01042	0.01429	0.01321	0.00907	0.01331	0.00762	0.00939	0.00566	0.00405	0.00402	0.00133	0.00594	0.00327	0.00189	0.00615
9	0.10102	0.16079	0.07087	0.01213	0.19804	0.02333	0.02296	0.05348	0.04054	0.12412	0.04412	0.08685	0.03322	0.00546	0.00401	0.00129	0.00429	0.00453	0.00307	0.00588
10	0.00755	0.00652	0.02661	0.00689	0.00843	0.02441	0.00550	0.04286	0.18191	0.01429	0.10493	0.15845	0.21924	0.02152	0.00532	0.00161	0.00316	0.15213	0.00405	0.00463
11	0.00544	0.00392	0.00518	0.00600	0.00642	0.00365	0.00416	0.00641	0.00882	0.01179	0.10677	0.68108	0.05939	0.01281	0.00547	0.00171	0.00253	0.06078	0.00407	0.00359
12	0.01104	0.40881	0.33535	0.00982	0.01434	0.13024	0.01085	0.01380	0.00938	0.01156	0.00676	0.00789	0.00550	0.00395	0.00344	0.00112	0.00574	0.00271	0.00189	0.00578
13	0.04457	0.25112	0.30975	0.01051	0.03388	0.20272	0.01072	0.03836	0.02098	0.03015	0.00735	0.00839	0.00577	0.00413	0.00364	0.00118	0.00591	0.00290	0.00214	0.00582
14	0.01509	0.00774	0.05179	0.00795	0.03003	0.00645	0.00656	0.06556	0.01204	0.51980	0.06849	0.07061	0.08821	0.00661	0.00454	0.00138	0.00360	0.02241	0.00473	0.00641
15	0.22829	0.57450	0.08238	0.00733	0.01098	0.01464	0.00737	0.01290	0.00842	0.01271	0.00613	0.00711	0.00531	0.00380	0.00284	0.00106	0.00443	0.00238	0.00205	0.00538
16	0.66319	0.01138	0.00780	0.00702	0.00958	0.21519	0.00558	0.01380	0.00855	0.01713	0.00616	0.00719	0.00489	0.00411	0.00297	0.00128	0.00444	0.00244	0.00255	0.00475
17	0.00588	0.00439	0.00546	0.00519	0.00630	0.00397	0.00389	0.00771	0.01168	0.01605	0.65098	0.03419	0.20990	0.00926	0.00508	0.00138	0.00206	0.00807	0.00458	0.00397
18	0.03182	0.00929	0.00973	0.00872	0.01118	0.01075	0.00680	0.03958	0.77733	0.01825	0.01710	0.01573	0.01282	0.00578	0.00434	0.00145	0.00344	0.00479	0.00434	0.00678
19	0.01225	0.00849	0.00980	0.00763	0.01097	0.00797	0.00612	0.10669	0.21202	0.17410	0.01225	0.01199	0.00901	0.00450	0.00384	0.00105	0.00351	0.00363	0.00375	0.39044
20	0.00602	0.00440	0.00565	0.00534	0.00639	0.00403	0.00400	0.00797	0.01200	0.01683	0.75782	0.03291	0.10257	0.00897	0.00508	0.00136	0.00204	0.00789	0.00468	0.00403
21	0.00942	0.00942	0.01319	0.01131	0.01131	0.01319	0.00942	0.01037	0.00660	0.01037	0.00565	0.00942	0.00565	0.00754	0.01414	0.00188	0.84073	0.00377	0.00188	0.00471
22	0.72110	0.02277	0.00745	0.00620	0.00901	0.00979	0.00514	0.07654	0.00882	0.08982	0.00730	0.00793	0.00541	0.00420	0.00294	0.00132	0.00349	0.00263	0.00301	0.00512
23	0.00881	0.00835	0.01414	0.62080	0.24184	0.00975	0.01230	0.01160	0.00893	0.01183	0.00778	0.01126	0.00603	0.00418	0.00430	0.00139	0.00557	0.00383	0.00197	0.00533
24	0.00634	0.00454	0.00588	0.00581	0.00610	0.00498	0.00394	0.00697	0.00653	0.00906	0.01249	0.02313	0.01339	0.50179	0.33412	0.00515	0.03859	0.00553	0.00247	0.00317
25	0.00616	0.00460	0.00685	0.00685	0.00760	0.00535	0.00530	0.00765	0.00690	0.00995	0.01160	0.01727	0.01092	0.05782	0.80624	0.00684	0.01131	0.00467	0.00232	0.00381
26	0.00638	0.00494	0.00713	0.00912	0.11603	0.00483	0.00580	0.00758	0.00867	0.01165	0.02084	0.54372	0.02410	0.04335	0.00616	0.00182	0.01470	0.15550	0.00366	0.00401
27	0.00532	0.00380	0.00506	0.00595	0.00626	0.00354	0.00400	0.00617	0.00856	0.01149	0.08697	0.78115	0.02946	0.01312	0.00546	0.00172	0.00246	0.01189	0.00406	0.00354
28	0.01933	0.00733	0.01000	0.00766	0.01100	0.00633	0.00633	0.02099	0.01233	0.82473	0.01699	0.01466	0.01066	0.00533	0.00433	0.00133	0.00367	0.00433	0.00533	0.00733
29	0.01658	0.01173	0.01272	0.00975	0.01319	0.01286	0.00806	0.75175	0.01969	0.08357	0.01081	0.01065	0.00756	0.00518	0.00431	0.00130	0.00466	0.00391	0.00438	0.00733
30	0.01046	0.02728	0.12613	0.18846	0.05805	0.10322	0.28423	0.01456	0.09317	0.02761	0.00907	0.01118	0.00686	0.00425	0.00461	0.00139	0.01725	0.00414	0.00235	0.00574
31	0.00588	0.00433	0.00623	0.00651	0.00712	0.00471	0.00483	0.00718	0.00765	0.01073	0.06613	0.27069	0.01813	0.03815	0.51482	0.00495	0.00807	0.00717	0.00298	0.00373
32	0.00616	0.00460	0.00684	0.00684	0.00759	0.00534	0.00529	0.00764	0.00690	0.00994	0.01161	0.01732	0.01094	0.06088	0.80321	0.00683	0.01128	0.00467	0.00232	0.00380
33	0.00813	0.00766	0.01292	0.83826	0.02967	0.00957	0.01196	0.01101	0.00861	0.01101	0.00766	0.01148	0.00574	0.00431	0.00431	0.00144	0.00574	0.00383	0.00191	0.00479
34	0.00691	0.00614	0.01015	0.13063	0.07681	0.00609	0.12260	0.00875	0.00942	0.01257	0.12697	0.33108	0.11641	0.00901	0.00506	0.00153	0.00377	0.00833	0.00338	0.00438
35	0.00851	0.00862	0.01681	0.12444	0.06653	0.00841	0.39257	0.01134	0.01022	0.01392	0.18647	0.07790	0.04266	0.00582	0.00496	0.00144	0.00528	0.00608	0.00289	0.00511
36	0.81073	0.00825	0.00662	0.00582	0.00854	0.00940	0.00480	0.01332	0.00773	0.08333	0.00687	0.00761	0.00514	0.00410	0.00280	0.00133	0.00336	0.00249	0.00288	0.00488
37	0.01052	0.08305	0.01695	0.01958	0.47687	0.03620	0.08131	0.01280	0.00943	0.01327	0.00766	0.00999	0.00649	0.00406	0.00490	0.00122	0.07723	0.00360	0.00215	0.12271
38	0.00854	0.00799	0.01102	0.00987	0.01008	0.01064	0.00805	0.00982	0.02943	0.01073	0.00994	0.09459	0.01056	0.06216	0.03834	0.00217	0.58339	0.07583	0.00240	0.00443
39	0.04207	0.00912	0.01098	0.00844	0.01180	0.00903	0.00697	0.31280	0.01513	0.50620	0.01422	0.01284	0.00926	0.00523	0.00428	0.00132	0.00406	0.00411	0.00488	0.00725
40	0.00973	0.36250	0.24891	0.08849	0.04797	0.01246	0.07933	0.01247	0.00896	0.01176	0.00837	0.07518	0.00749	0.00464	0.00376	0.00122	0.00530	0.00379	0.00205	0.00561
41	0.00615	0.00462	0.00692	0.00692	0.00769	0.00538	0.00538	0.00769	0.00692	0.01000	0.01154	0.01692	0.01077	0.03231	0.83154	0.00692	0.01154	0.00462	0.00231	0.00385
42	0.00615	0.00462	0.00692	0.00692	0.00769	0.00538	0.00538	0.00769	0.00692	0.01000	0.01154	0.01692	0.01077	0.03231	0.83154	0.00692	0.01154	0.00462	0.00231	0.00385
43	0.00836	0.00800	0.01388	0.75601	0.05912	0.00968	0.06199	0.01127	0.00876	0.01130	0.00774	0.01146	0.00583	0.00425	0.00435	0.00143	0.00581	0.00391	0.00194	0.00493
44	0.01182	0.00804	0.00877	0.00765	0.00998	0.00881	0.00601	0.08288	0.45548	0.13534	0.01610	0.01540	0.01185	0.00553	0.00407	0.00133	0.00324	0.00452	0.19686	0.00631
45	0.20534	0.00774	0.00930	0.00733	0.01050	0.00737	0.00604	0.04554	0.02661	0.60834	0.01440	0.01288	0.00930	0.00505	0.00397	0.00133	0.00362	0.00389	0.00470	0.00674
46	0.00525	0.00375	0.00500	0.00600	0.00625	0.00350	0.00400	0.00600	0.00825	0.01100	0.02374	0.84580	0.02849	0.01350	0.00550	0.00175	0.00250	0.01225	0.00400	0.00350
47	0.00880	0.00881	0.01633	0.58203	0.07772	0.00994	0.21069	0.01184	0.00908	0.01190	0.00795	0.01147	0.00601	0.00411	0.00450	0.00143	0.00608	0.00414	0.00199	0.00517

[dist]
# distance from previous block
# <min> <max>
12	18

[block]
# block no. 5 follows, 61 sequences, length 63
# corresponding to MSA columns:
# 399-461
name=unknown_F
#
# <colnr> <probs for GDERKNQSTAVLIFYWHMCP>
#	G	D	E	R	K	N	Q	S	T	A	V	L	I	F	Y	W	H	M	C	P
0	0.00940	0.10858	0.48404	0.01178	0.01686	0.01034	0.13841	0.01373	0.04527	0.04075	0.03701	0.01197	0.04374	0.00456	0.00420	0.00134	0.00576	0.00392	0.00231	0.00604
1	0.00908	0.00859	0.01646	0.25049	0.13293	0.00888	0.29517	0.01115	0.00869	0.01168	0.00806	0.01177	0.00655	0.00630	0.00729	0.19004	0.00577	0.00426	0.00203	0.00481
2	0.01043	0.01068	0.19148	0.16116	0.01626	0.00802	0.07437	0.01324	0.00999	0.17577	0.10085	0.01575	0.03426	0.00543	0.00489	0.00136	0.04652	0.03299	0.00310	0.08343
3	0.01176	0.08583	0.02189	0.01503	0.01906	0.01071	0.56548	0.01534	0.05379	0.14155	0.01025	0.01192	0.00745	0.00402	0.00472	0.00139	0.00625	0.00471	0.00276	0.00608
4	0.00916	0.00945	0.04157	0.01162	0.01319	0.01078	0.19130	0.01188	0.07741	0.01237	0.01063	0.06436	0.04079	0.00673	0.00928	0.00165	0.41052	0.00490	0.05738	0.00504
5	0.03719	0.00735	0.00992	0.00762	0.01094	0.00640	0.00630	0.02082	0.01223	0.80800	0.01677	0.01450	0.01054	0.00530	0.00430	0.00133	0.00366	0.00429	0.00528	0.00728
6	0.00602	0.00407	0.00477	0.00502	0.00508	0.00401	0.00295	0.00620	0.00675	0.00900	0.01607	0.22871	0.01881	0.64380	0.01790	0.00358	0.00376	0.00773	0.00295	0.00283
7	0.00680	0.00515	0.00708	0.24250	0.01196	0.00570	0.00541	0.00774	0.00712	0.00949	0.01232	0.06011	0.01319	0.52935	0.03106	0.00324	0.00462	0.00574	0.02807	0.00334
8	0.00524	0.00376	0.00498	0.00596	0.00624	0.00350	0.00398	0.00600	0.00829	0.01101	0.02424	0.82586	0.04812	0.01343	0.00549	0.00174	0.00249	0.01217	0.00400	0.00350
9	0.63386	0.00805	0.00738	0.00623	0.00909	0.00871	0.00514	0.01504	0.00876	0.24902	0.00913	0.00918	0.00638	0.00438	0.00314	0.00133	0.00343	0.00290	0.00343	0.00543
10	0.00529	0.00381	0.00502	0.00591	0.00624	0.00353	0.00398	0.00612	0.00852	0.01136	0.06746	0.77180	0.05873	0.01315	0.00546	0.00172	0.00246	0.01189	0.00404	0.00353
11	0.01921	0.00752	0.01011	0.00775	0.01109	0.00661	0.00641	0.05240	0.01265	0.79287	0.01673	0.01449	0.01053	0.00533	0.00433	0.00133	0.00371	0.00431	0.00529	0.00733
12	0.10762	0.00743	0.00962	0.00746	0.01072	0.00667	0.00616	0.02014	0.01182	0.74201	0.01586	0.01387	0.01005	0.00519	0.00416	0.00133	0.00363	0.00413	0.00506	0.00706
13	0.00549	0.00394	0.00521	0.00583	0.00630	0.00366	0.00402	0.00661	0.00937	0.01279	0.25068	0.61376	0.03196	0.01216	0.00538	0.00164	0.00237	0.01098	0.00421	0.00366
14	0.00599	0.00400	0.00521	0.00593	0.00646	0.00366	0.00406	0.00683	0.00862	0.05500	0.02527	0.72429	0.10294	0.01281	0.00540	0.00170	0.00253	0.01152	0.00407	0.00372
15	0.61254	0.00802	0.00747	0.00628	0.00916	0.00863	0.00518	0.01524	0.00888	0.26899	0.00941	0.00937	0.00652	0.00441	0.00318	0.00133	0.00344	0.00295	0.00349	0.00549
16	0.00915	0.13180	0.48333	0.01023	0.01527	0.01022	0.01193	0.01271	0.00886	0.01304	0.00735	0.00878	0.00568	0.00405	0.00434	0.00117	0.05747	0.00296	0.00199	0.19967
17	0.59258	0.14084	0.00980	0.00664	0.00950	0.03755	0.00562	0.07640	0.05969	0.01814	0.00709	0.00785	0.00557	0.00417	0.00296	0.00127	0.00379	0.00262	0.00276	0.00516
18	0.00589	0.00440	0.00548	0.00521	0.00631	0.00398	0.00391	0.00774	0.01172	0.01614	0.66372	0.03404	0.19710	0.00923	0.00508	0.00137	0.00206	0.00805	0.00459	0.00398
19	0.00615	0.00462	0.00692	0.00692	0.00769	0.00538	0.00538	0.00769	0.00692	0.01000	0.01154	0.01692	0.01077	0.03231	0.83154	0.00692	0.01154	0.00462	0.00231	0.00385
20	0.01479	0.25743	0.01516	0.01003	0.01267	0.59910	0.00805	0.01597	0.01122	0.01043	0.00647	0.00752	0.00554	0.00422	0.00356	0.00106	0.00687	0.00264	0.00211	0.00515
21	0.00521	0.00391	0.00483	0.00556	0.00613	0.00354	0.00380	0.00605	0.00867	0.01117	0.02910	0.62935	0.24149	0.01280	0.00539	0.00167	0.00241	0.01140	0.00400	0.00354
22	0.82541	0.00827	0.00656	0.00579	0.00850	0.00946	0.00477	0.01318	0.00764	0.06957	0.00668	0.00748	0.00504	0.00408	0.00277	0.00133	0.00335	0.00246	0.00283	0.00483
23	0.00864	0.02228	0.82630	0.01228	0.01864	0.01000	0.01592	0.01364	0.00909	0.01364	0.00773	0.00909	0.00546	0.00409	0.00409	0.00136	0.00637	0.00318	0.00182	0.00637
24	0.00525	0.00375	0.00500	0.00600	0.00625	0.00350	0.00400	0.00600	0.00825	0.01100	0.02374	0.84580	0.02849	0.01350	0.00550	0.00175	0.00250	0.01225	0.00400	0.00350
25	0.00530	0.00379	0.00505	0.00596	0.00626	0.00353	0.00400	0.00613	0.00849	0.01139	0.07338	0.79505	0.02925	0.01320	0.00547	0.00172	0.00247	0.01197	0.00404	0.00353
26	0.01872	0.00745	0.00995	0.00769	0.01096	0.00658	0.00633	0.04091	0.03524	0.76483	0.01738	0.01514	0.02712	0.00546	0.00435	0.00134	0.00366	0.00443	0.00525	0.00724
27	0.00942	0.00942	0.01319	0.01131	0.01131	0.01319	0.00942	0.01037	0.00660	0.01037	0.00565	0.00942	0.00565	0.00754	0.01414	0.00188	0.84073	0.00377	0.00188	0.00471
28	0.00924	0.00815	0.03022	0.00679	0.01067	0.00605	0.01783	0.02207	0.00918	0.02968	0.00789	0.00911	0.00645	0.00329	0.00328	0.00069	0.00336	0.00266	0.00260	0.81078
29	0.00550	0.00438	0.00493	0.00479	0.00607	0.00381	0.00359	0.00697	0.01078	0.01391	0.35707	0.03771	0.50514	0.01006	0.00509	0.00141	0.00212	0.00857	0.00430	0.00381
30	0.00524	0.00377	0.00497	0.00593	0.00623	0.00350	0.00397	0.00601	0.00831	0.01102	0.02457	0.81245	0.06131	0.01339	0.00548	0.00174	0.00249	0.01211	0.00400	0.00350
31	0.00978	0.16388	0.48131	0.01215	0.02778	0.02156	0.12089	0.01389	0.03545	0.02913	0.00797	0.00941	0.00600	0.00418	0.00441	0.00132	0.03936	0.00339	0.00204	0.00610
32	0.01542	0.01127	0.01208	0.00944	0.01265	0.01247	0.00774	0.67314	0.09745	0.03999	0.01137	0.01129	0.00816	0.00523	0.00425	0.00129	0.00444	0.00399	0.05122	0.00710
33	0.00528	0.00377	0.00504	0.00604	0.00630	0.00353	0.00406	0.00606	0.00828	0.01104	0.02372	0.82920	0.02841	0.01346	0.00551	0.00175	0.00253	0.02851	0.00400	0.00351
34	0.01059	0.01151	0.09440	0.10316	0.44147	0.04327	0.06697	0.05683	0.07976	0.01469	0.02975	0.01154	0.00795	0.00429	0.00433	0.00133	0.00531	0.00401	0.00247	0.00638
35	0.58990	0.02981	0.02666	0.02307	0.01030	0.09547	0.02571	0.06604	0.02136	0.01780	0.00702	0.01822	0.00562	0.00487	0.02012	0.00142	0.01576	0.00283	0.00269	0.01533
36	0.01092	0.00936	0.00986	0.00881	0.01128	0.01081	0.00687	0.05159	0.78492	0.01835	0.01727	0.01586	0.01294	0.00582	0.00438	0.00145	0.00346	0.00483	0.00438	0.00684
37	0.00961	0.07010	0.23636	0.05348	0.01403	0.04506	0.01685	0.04141	0.01765	0.01386	0.00773	0.00908	0.00610	0.00369	0.00357	0.00096	0.00461	0.00289	0.00233	0.44064
38	0.01422	0.22292	0.01482	0.02458	0.05033	0.54141	0.00827	0.01573	0.02786	0.01076	0.00693	0.00816	0.00590	0.00497	0.02487	0.00123	0.00684	0.00282	0.00217	0.00521
39	0.03194	0.02538	0.30713	0.01003	0.03079	0.03592	0.01016	0.12560	0.02603	0.29731	0.03139	0.01189	0.00858	0.00504	0.00445	0.01947	0.00492	0.00380	0.00354	0.00661
40	0.00962	0.00534	0.00718	0.00709	0.00729	0.00505	0.00471	0.00727	0.00706	0.00962	0.00959	0.01585	0.00942	0.01600	0.01733	0.84702	0.00446	0.00442	0.00260	0.00305
41	0.00926	0.00478	0.00641	0.00645	0.00760	0.00431	0.00465	0.01028	0.00944	0.24308	0.02214	0.59570	0.03627	0.01112	0.00516	0.00163	0.00283	0.00994	0.00438	0.00459
42	0.00680	0.00504	0.00637	0.05103	0.03520	0.00488	0.00480	0.00920	0.05167	0.02732	0.41446	0.03029	0.20173	0.00839	0.00479	0.00137	0.00254	0.03770	0.09213	0.00428
43	0.00983	0.33150	0.40404	0.06206	0.01633	0.01259	0.05117	0.02658	0.00919	0.01236	0.00788	0.00921	0.02176	0.00408	0.00368	0.00121	0.00560	0.00312	0.00194	0.00589
44	0.00526	0.00376	0.00501	0.00599	0.00625	0.00351	0.00400	0.00604	0.00832	0.01111	0.03777	0.83146	0.02870	0.01341	0.00549	0.00174	0.00249	0.01217	0.00401	0.00351
45	0.00544	0.00390	0.00517	0.00586	0.00629	0.00363	0.00401	0.00649	0.00916	0.01245	0.20770	0.65771	0.03130	0.01241	0.00540	0.00166	0.00239	0.01122	0.00417	0.00363
46	0.00969	0.00898	0.01584	0.11423	0.25860	0.01784	0.21419	0.03669	0.00953	0.04063	0.00987	0.04419	0.00845	0.02967	0.13651	0.00233	0.01979	0.00467	0.01273	0.00557
47	0.07296	0.00739	0.00977	0.00754	0.01083	0.00654	0.00623	0.02047	0.01202	0.77448	0.01631	0.01418	0.01029	0.00525	0.00423	0.00133	0.00364	0.00421	0.00517	0.00716
48	0.00622	0.00424	0.00500	0.00490	0.00519	0.00414	0.00302	0.00680	0.00796	0.01090	0.24341	0.02933	0.02279	0.60911	0.01712	0.00337	0.00356	0.00670	0.00322	0.00302
49	0.01680	0.01712	0.01179	0.01028	0.01283	0.59656	0.00789	0.07643	0.01283	0.18377	0.00911	0.00941	0.00676	0.00468	0.00401	0.00117	0.00668	0.00318	0.00303	0.00566
50	0.01536	0.00912	0.01071	0.00871	0.02345	0.00944	0.00696	0.31497	0.13519	0.30491	0.10158	0.01509	0.01298	0.00570	0.00441	0.00134	0.00387	0.00461	0.00469	0.00689
51	0.87904	0.00833	0.00633	0.00566	0.00833	0.00966	0.00467	0.01266	0.00733	0.01933	0.00600	0.00700	0.00467	0.00400	0.00267	0.00133	0.00333	0.00233	0.00267	0.00467
52	0.01206	0.75192	0.02133	0.00782	0.01133	0.11437	0.00748	0.01341	0.00917	0.01018	0.00607	0.00701	0.00553	0.00378	0.00290	0.00094	0.00498	0.00236	0.00189	0.00546
53	0.00601	0.00449	0.00490	0.00479	0.00621	0.00383	0.00359	0.00724	0.01019	0.05630	0.14929	0.08889	0.61809	0.01048	0.00507	0.00145	0.00226	0.00885	0.00418	0.00389
54	0.09502	0.01035	0.03119	0.00971	0.05402	0.16530	0.07675	0.01554	0.03617	0.25480	0.16970	0.01533	0.01427	0.00542	0.00426	0.00129	0.00454	0.00451	0.00374	0.02808
55	0.01421	0.00878	0.01392	0.01701	0.40225	0.00833	0.03506	0.02680	0.01097	0.36207	0.01265	0.04856	0.00941	0.00491	0.00437	0.00133	0.00444	0.00445	0.00362	0.00687
56	0.00607	0.00410	0.00480	0.00499	0.00505	0.00407	0.00293	0.00624	0.00665	0.00889	0.01546	0.18282	0.01799	0.67331	0.03579	0.00377	0.00401	0.00736	0.00287	0.00280
57	0.00982	0.11381	0.64366	0.01160	0.01719	0.10531	0.01410	0.01397	0.00941	0.01290	0.00741	0.00870	0.00548	0.00409	0.00392	0.00129	0.00633	0.00304	0.00187	0.00612
58	0.01029	0.04587	0.10583	0.20769	0.24242	0.02106	0.15651	0.03478	0.00987	0.06484	0.00942	0.05510	0.00770	0.00458	0.00441	0.00137	0.00556	0.00439	0.00241	0.00591
