[name]
unknown

[dist]
# distance from previous block
# <min> <max>
0	666

[block]
# block no. 0 follows, 53 sequences, length 18
# corresponding to MSA columns:
# 841-858
name=unknown_A
#
# <colnr> <probs for GDERKNQSTAVLIFYWHMCP>
#	G	D	E	R	K	N	Q	S	T	A	V	L	I	F	Y	W	H	M	C	P
0	0.00770	0.00550	0.00770	0.00880	0.00990	0.00550	0.00770	0.00990	0.01100	0.01430	0.02531	0.05391	0.02751	0.01320	0.00660	0.00220	0.00440	0.77004	0.00440	0.00440
1	0.00683	0.00512	0.00768	0.00768	0.00853	0.00597	0.00597	0.00853	0.00768	0.01110	0.01280	0.01878	0.01195	0.03585	0.81308	0.00768	0.01280	0.00512	0.00256	0.00427
2	0.02144	0.00813	0.01109	0.00850	0.01220	0.00702	0.00702	0.02329	0.01368	0.80552	0.01886	0.01627	0.01183	0.00592	0.00481	0.00148	0.00407	0.00481	0.00592	0.00813
3	0.01067	0.01154	0.02380	0.17457	0.09457	0.01139	0.53522	0.01429	0.01082	0.01461	0.01008	0.04708	0.00813	0.00465	0.00541	0.00160	0.00730	0.00558	0.00244	0.00622
4	0.00582	0.00416	0.00555	0.00666	0.00693	0.00388	0.00444	0.00666	0.00915	0.01220	0.02634	0.82891	0.03161	0.01497	0.00610	0.00194	0.00277	0.01359	0.00444	0.00388
5	0.00891	0.00445	0.00445	0.00445	0.00557	0.00445	0.00334	0.01114	0.01002	0.01782	0.01559	0.01782	0.01225	0.00557	0.00334	0.00111	0.00223	0.00445	0.85856	0.00445
6	0.01149	0.01111	0.01926	0.11781	0.67792	0.01131	0.05200	0.01442	0.01075	0.01522	0.00897	0.01198	0.00742	0.00431	0.00478	0.00145	0.00587	0.00432	0.00234	0.00726
7	0.00931	0.00893	0.01555	0.72939	0.06469	0.01076	0.06913	0.01254	0.00974	0.01258	0.00860	0.01272	0.00649	0.00470	0.00484	0.00159	0.00646	0.00435	0.00216	0.00549
8	0.00579	0.00429	0.00541	0.00632	0.00684	0.00391	0.00429	0.00669	0.00948	0.01233	0.03048	0.68213	0.17572	0.01444	0.00602	0.00188	0.00271	0.01293	0.00444	0.00391
9	0.01543	0.01259	0.07428	0.01177	0.06498	0.01241	0.03999	0.47682	0.05647	0.06006	0.01225	0.01327	0.00909	0.03576	0.00539	0.00155	0.00511	0.00448	0.08091	0.00740
10	0.01082	0.22861	0.37124	0.01568	0.19671	0.01292	0.03788	0.01451	0.01024	0.01417	0.00974	0.01133	0.03698	0.00464	0.00428	0.00137	0.00610	0.00376	0.00221	0.00681
11	0.01016	0.04887	0.73335	0.01344	0.02023	0.01122	0.03723	0.01541	0.01024	0.04395	0.00892	0.01032	0.00630	0.00456	0.00453	0.00150	0.00692	0.00360	0.00217	0.00706
12	0.07859	0.00747	0.00975	0.00791	0.01094	0.00671	0.00637	0.01946	0.01275	0.58926	0.08657	0.11173	0.01654	0.00720	0.00490	0.00153	0.00373	0.00600	0.00548	0.00712
13	0.01332	0.01119	0.10409	0.00918	0.01361	0.00849	0.03775	0.12667	0.01252	0.16826	0.01096	0.01149	0.00802	0.00445	0.00416	0.00109	0.00447	0.00361	0.00359	0.44309
14	0.05027	0.01749	0.05235	0.01112	0.01404	0.42638	0.02384	0.12256	0.13870	0.01625	0.01308	0.01346	0.06844	0.00578	0.00455	0.00138	0.00663	0.00420	0.00331	0.00618
15	0.00835	0.10151	0.00856	0.04697	0.00839	0.00667	0.00469	0.00905	0.00827	0.04924	0.01571	0.17292	0.01735	0.45471	0.03032	0.00331	0.00451	0.00722	0.00318	0.03909
16	0.00970	0.04626	0.55942	0.01180	0.01723	0.08193	0.01401	0.01388	0.01041	0.01423	0.01434	0.07409	0.10018	0.00620	0.00472	0.00152	0.00629	0.00496	0.00252	0.00631
17	0.01273	0.10729	0.01421	0.01219	0.13873	0.12043	0.02025	0.05179	0.10130	0.05394	0.01105	0.01195	0.02647	0.00467	0.00413	0.00114	0.00494	0.00373	0.00312	0.29594

[dist]
# distance from previous block
# <min> <max>
1	43

[block]
# block no. 1 follows, 53 sequences, length 21
# corresponding to MSA columns:
# 902-922
name=unknown_B
#
# <colnr> <probs for GDERKNQSTAVLIFYWHMCP>
#	G	D	E	R	K	N	Q	S	T	A	V	L	I	F	Y	W	H	M	C	P
0	0.01215	0.06441	0.01577	0.04502	0.05289	0.06771	0.15826	0.13545	0.03969	0.01716	0.01031	0.04783	0.00859	0.00485	0.00443	0.00122	0.00532	0.00433	0.01637	0.28826
1	0.01299	0.04746	0.01014	0.00803	0.01048	0.09261	0.00641	0.24899	0.06501	0.02039	0.01289	0.01415	0.00999	0.00669	0.03708	0.00150	0.00454	0.00419	0.34065	0.04582
2	0.01175	0.00988	0.01060	0.00953	0.01208	0.01132	0.00741	0.08197	0.64746	0.01986	0.01898	0.07012	0.01508	0.00832	0.04172	0.00190	0.00424	0.00584	0.00472	0.00722
3	0.00695	0.00463	0.00521	0.00521	0.00521	0.00463	0.00290	0.00695	0.00695	0.00927	0.01506	0.03128	0.01738	0.83203	0.02433	0.00463	0.00463	0.00695	0.00290	0.00290
4	0.00907	0.01053	0.13260	0.25045	0.11846	0.00919	0.03509	0.01321	0.10734	0.01403	0.01491	0.17667	0.03465	0.04558	0.00597	0.00177	0.00522	0.00647	0.00305	0.00575
5	0.00906	0.04724	0.03476	0.16442	0.05967	0.00877	0.04534	0.06173	0.07875	0.01525	0.10974	0.17493	0.11558	0.01900	0.00581	0.00166	0.03187	0.00736	0.00365	0.00540
6	0.00604	0.00452	0.00582	0.00660	0.00713	0.00430	0.00460	0.00704	0.00961	0.01267	0.06550	0.63146	0.14206	0.01407	0.00631	0.00189	0.02701	0.03499	0.00441	0.00399
7	0.00582	0.00416	0.00555	0.00666	0.00693	0.00388	0.00444	0.00666	0.00915	0.01220	0.02634	0.82891	0.03161	0.01497	0.00610	0.00194	0.00277	0.01359	0.00444	0.00388
8	0.00738	0.00499	0.00617	0.00659	0.00754	0.00463	0.00465	0.04405	0.01043	0.06477	0.02982	0.57282	0.19144	0.01335	0.00586	0.00182	0.00290	0.01185	0.00455	0.00439
9	0.01656	0.01636	0.01288	0.08140	0.03820	0.43977	0.00901	0.08672	0.01337	0.13422	0.01001	0.01115	0.00761	0.00560	0.00522	0.02677	0.03245	0.00372	0.04297	0.00604
10	0.01039	0.00909	0.01333	0.04110	0.37478	0.03062	0.00992	0.01397	0.08904	0.04161	0.26047	0.02133	0.05084	0.00660	0.00506	0.00148	0.00434	0.00596	0.00371	0.00637
11	0.00891	0.00445	0.00445	0.00445	0.00557	0.00445	0.00334	0.01114	0.01002	0.01782	0.01559	0.01782	0.01225	0.00557	0.00334	0.00111	0.00223	0.00445	0.85856	0.00445
12	0.01048	0.01019	0.01796	0.39340	0.36830	0.01109	0.09232	0.01360	0.01031	0.01401	0.00883	0.01236	0.00699	0.00448	0.00485	0.00152	0.00624	0.00439	0.00226	0.00641
13	0.01264	0.36294	0.01731	0.00904	0.01213	0.08972	0.05772	0.05263	0.05384	0.07640	0.08324	0.04628	0.03605	0.06406	0.00560	0.00152	0.00503	0.00473	0.00322	0.00591
14	0.01029	0.02046	0.55259	0.01835	0.24353	0.01121	0.04654	0.01501	0.01036	0.01528	0.00874	0.01069	0.00653	0.00444	0.00464	0.00149	0.00671	0.00382	0.00213	0.00718
15	0.00695	0.00463	0.00521	0.00521	0.00521	0.00463	0.00290	0.00695	0.00695	0.00927	0.01506	0.03128	0.01738	0.83203	0.02433	0.00463	0.00463	0.00695	0.00290	0.00290
16	0.01068	0.07356	0.51812	0.01299	0.01860	0.11102	0.08462	0.01497	0.01078	0.01454	0.04256	0.01269	0.04392	0.00507	0.00461	0.00146	0.00682	0.00411	0.00235	0.00652
17	0.01695	0.03948	0.05102	0.05047	0.01596	0.62509	0.02457	0.06842	0.01365	0.03983	0.00817	0.00939	0.00650	0.00495	0.00439	0.00129	0.00798	0.00333	0.00268	0.00589
18	0.00903	0.00850	0.01434	0.82054	0.03292	0.01062	0.01327	0.01221	0.00956	0.01221	0.00850	0.01274	0.00637	0.00478	0.00478	0.00159	0.00637	0.00425	0.00212	0.00531
19	0.01639	0.01128	0.01285	0.01017	0.01347	0.01209	0.02512	0.53331	0.04528	0.12175	0.05192	0.09740	0.01296	0.00689	0.00498	0.00151	0.00473	0.00559	0.00486	0.00746
20	0.01255	0.06258	0.06142	0.09068	0.39443	0.06381	0.14684	0.03539	0.01136	0.06147	0.00944	0.01179	0.00742	0.00445	0.00476	0.00144	0.00627	0.00431	0.00259	0.00698

[dist]
# distance from previous block
# <min> <max>
0	49

[block]
# block no. 2 follows, 53 sequences, length 39
# corresponding to MSA columns:
# 972-1010
name=unknown_C
#
# <colnr> <probs for GDERKNQSTAVLIFYWHMCP>
#	G	D	E	R	K	N	Q	S	T	A	V	L	I	F	Y	W	H	M	C	P
0	0.00988	0.08811	0.01653	0.49618	0.12970	0.01167	0.05664	0.01265	0.00965	0.01269	0.00893	0.04207	0.00748	0.00527	0.00560	0.00157	0.07294	0.00451	0.00225	0.00569
1	0.01028	0.01093	0.01829	0.01508	0.06038	0.07730	0.34566	0.01279	0.01023	0.01352	0.01356	0.11423	0.05597	0.00993	0.09357	0.00233	0.12130	0.00631	0.00275	0.00558
2	0.00750	0.00574	0.00685	0.00658	0.00807	0.00534	0.00492	0.05340	0.03898	0.01597	0.24754	0.23109	0.18275	0.03450	0.00607	0.00169	0.00295	0.04917	0.00451	0.08640
3	0.01955	0.10135	0.01255	0.00849	0.01211	0.00862	0.00714	0.02211	0.06226	0.64981	0.03424	0.01581	0.01208	0.00583	0.00463	0.00144	0.00413	0.00467	0.00540	0.00780
4	0.01244	0.01155	0.01892	0.02758	0.72696	0.01169	0.01413	0.08841	0.01199	0.01700	0.00923	0.01180	0.00762	0.00440	0.00474	0.00142	0.00564	0.00426	0.00260	0.00762
5	0.01076	0.01048	0.01891	0.42417	0.08301	0.01143	0.25465	0.08726	0.01142	0.01514	0.00944	0.02455	0.00727	0.00475	0.00507	0.00158	0.00669	0.00483	0.00252	0.00608
6	0.01132	0.01075	0.01791	0.11883	0.63754	0.01079	0.01365	0.01413	0.01064	0.01522	0.00889	0.01175	0.00739	0.00425	0.00462	0.00137	0.00555	0.00412	0.00238	0.08890
7	0.00902	0.00676	0.00838	0.00863	0.01026	0.00697	0.00732	0.09846	0.08708	0.01645	0.02614	0.04467	0.12287	0.01158	0.00611	0.00198	0.00419	0.51355	0.00449	0.00508
8	0.00621	0.00457	0.00596	0.00670	0.00735	0.00412	0.00455	0.00717	0.00922	0.01252	0.02464	0.75063	0.02927	0.01388	0.00586	0.00182	0.00285	0.01256	0.00428	0.08582
9	0.78390	0.00917	0.00772	0.08411	0.01151	0.01071	0.00595	0.01387	0.00827	0.02056	0.00683	0.00824	0.00529	0.00447	0.00313	0.00149	0.00395	0.00275	0.00288	0.00519
10	0.01767	0.02247	0.01357	0.01232	0.01472	0.79278	0.00927	0.01890	0.01339	0.01169	0.00736	0.00867	0.00616	0.00501	0.00460	0.00125	0.02909	0.00311	0.00245	0.00553
11	0.00598	0.00485	0.00529	0.00518	0.00666	0.00417	0.00389	0.00749	0.01166	0.01474	0.26802	0.04299	0.57953	0.01142	0.00565	0.00158	0.00237	0.00967	0.00468	0.00417
12	0.01167	0.01120	0.01912	0.07372	0.75906	0.01132	0.01459	0.01453	0.01081	0.01542	0.00896	0.01188	0.00750	0.00429	0.00473	0.00143	0.00572	0.00426	0.00235	0.00744
13	0.00695	0.00463	0.00521	0.00521	0.00521	0.00463	0.00290	0.00695	0.00695	0.00927	0.01506	0.03128	0.01738	0.83203	0.02433	0.00463	0.00463	0.00695	0.00290	0.00290
14	0.00571	0.00484	0.00493	0.00491	0.00649	0.00406	0.00368	0.00698	0.01104	0.01326	0.09000	0.04543	0.75847	0.01198	0.00565	0.00161	0.00241	0.01001	0.00448	0.00406
15	0.82469	0.00919	0.00722	0.00639	0.00939	0.01054	0.00527	0.01450	0.00840	0.05961	0.00725	0.00818	0.00550	0.00451	0.00305	0.00148	0.00372	0.00270	0.00310	0.00532
16	0.00959	0.02472	0.80726	0.01362	0.02069	0.01110	0.01766	0.01514	0.01009	0.01514	0.00858	0.01009	0.00605	0.00454	0.00454	0.00151	0.00706	0.00353	0.00202	0.00706
17	0.00582	0.00416	0.00555	0.00666	0.00693	0.00388	0.00444	0.00666	0.00915	0.01220	0.02634	0.82891	0.03161	0.01497	0.00610	0.00194	0.00277	0.01359	0.00444	0.00388
18	0.49671	0.00877	0.00760	0.00692	0.00906	0.05574	0.00548	0.01302	0.00863	0.03867	0.00925	0.01216	0.00785	0.06703	0.09075	0.00234	0.05222	0.00355	0.09931	0.00494
19	0.01183	0.01130	0.01898	0.02838	0.76377	0.01138	0.01432	0.01519	0.04898	0.01583	0.00950	0.01212	0.00791	0.00437	0.00474	0.00143	0.00559	0.00431	0.00249	0.00757
20	0.00594	0.00430	0.00573	0.00675	0.00701	0.00412	0.00453	0.00676	0.00907	0.01212	0.02568	0.79482	0.03078	0.03207	0.00669	0.00200	0.02011	0.01325	0.00435	0.00389
21	0.22632	0.17892	0.45263	0.01071	0.01616	0.01253	0.01266	0.01470	0.00952	0.01597	0.00772	0.00903	0.00585	0.00443	0.00385	0.00141	0.00583	0.00310	0.00226	0.00641
22	0.00627	0.00503	0.00571	0.00601	0.00746	0.00447	0.00482	0.00781	0.01102	0.01354	0.06955	0.04787	0.55232	0.01233	0.00592	0.00178	0.00298	0.22647	0.00446	0.00416
23	0.00706	0.00467	0.00617	0.00654	0.00734	0.00430	0.00465	0.00846	0.01095	0.06007	0.28696	0.48563	0.05141	0.01261	0.00587	0.00176	0.00269	0.02370	0.00480	0.00435
24	0.06431	0.01188	0.01271	0.02905	0.01383	0.04759	0.00825	0.43281	0.05005	0.08317	0.03227	0.01218	0.00913	0.00562	0.00515	0.00139	0.05177	0.00415	0.00420	0.12050
25	0.01143	0.05986	0.43276	0.01666	0.17390	0.05846	0.08865	0.01592	0.03446	0.04988	0.00938	0.01100	0.00699	0.00456	0.00462	0.00147	0.00665	0.00391	0.00241	0.00703
26	0.12622	0.01132	0.01267	0.02252	0.08855	0.09333	0.06057	0.16812	0.07470	0.05818	0.05467	0.03444	0.01070	0.00540	0.00441	0.00135	0.00490	0.00441	0.02510	0.13845
27	0.00703	0.00591	0.00674	0.00634	0.00780	0.00590	0.00487	0.00984	0.09528	0.01531	0.25239	0.03712	0.43785	0.01053	0.00640	0.00162	0.07122	0.00869	0.00452	0.00465
28	0.00592	0.00427	0.00562	0.00667	0.00707	0.00398	0.00457	0.00685	0.00935	0.01236	0.02755	0.74114	0.07544	0.01471	0.00610	0.00194	0.00284	0.05526	0.00443	0.00392
29	0.00972	0.00929	0.01291	0.01126	0.01134	0.01268	0.00918	0.01071	0.00731	0.01121	0.00789	0.01360	0.00807	0.10379	0.09287	0.00291	0.65358	0.00458	0.00223	0.00487
30	0.01156	0.05896	0.11198	0.22391	0.15822	0.08874	0.13835	0.06851	0.02797	0.01498	0.01012	0.03624	0.01919	0.00502	0.00480	0.00149	0.00646	0.00457	0.00258	0.00635
31	0.00876	0.00459	0.00487	0.00501	0.00612	0.00459	0.00390	0.01098	0.01015	0.01737	0.01683	0.02243	0.01420	0.00654	0.00376	0.00125	0.00251	0.10231	0.74938	0.00445
32	0.00600	0.00482	0.00527	0.00553	0.00689	0.00420	0.00420	0.00731	0.01070	0.01319	0.05398	0.14614	0.58458	0.01240	0.00576	0.00171	0.00268	0.09600	0.02456	0.00407
33	0.01022	0.01256	0.13077	0.09665	0.12825	0.01052	0.36000	0.01386	0.01070	0.01476	0.01182	0.01755	0.02254	0.00651	0.03513	0.00185	0.00703	0.08633	0.01673	0.00620
34	0.01240	0.01615	0.25011	0.01648	0.06570	0.01216	0.33055	0.16354	0.03380	0.03685	0.01014	0.01196	0.00739	0.00463	0.00506	0.00154	0.00689	0.00467	0.00290	0.00708
35	0.00582	0.00416	0.00555	0.00666	0.00693	0.00388	0.00444	0.00666	0.00915	0.01220	0.02634	0.82891	0.03161	0.01497	0.00610	0.00194	0.00277	0.01359	0.00444	0.00388
36	0.00597	0.00425	0.00548	0.00640	0.00669	0.00399	0.00420	0.00670	0.00891	0.01183	0.02554	0.69666	0.05444	0.12454	0.00853	0.00229	0.00301	0.01258	0.00423	0.00375
37	0.01120	0.26372	0.13667	0.00969	0.01343	0.01239	0.05686	0.08778	0.07686	0.01575	0.08087	0.03338	0.02263	0.04576	0.00550	0.00147	0.02560	0.00451	0.01445	0.08149
38	0.01300	0.03811	0.05072	0.10916	0.41086	0.13981	0.01262	0.08427	0.02272	0.02628	0.02046	0.01164	0.00782	0.00480	0.00492	0.00142	0.02775	0.00408	0.00266	0.00688

[dist]
# distance from previous block
# <min> <max>
1	9

[block]
# block no. 3 follows, 53 sequences, length 45
# corresponding to MSA columns:
# 1020-1044,1046-1065
name=unknown_D
#
# <colnr> <probs for GDERKNQSTAVLIFYWHMCP>
#	G	D	E	R	K	N	Q	S	T	A	V	L	I	F	Y	W	H	M	C	P
0	0.16465	0.00956	0.01216	0.19818	0.07059	0.04614	0.05449	0.07355	0.05228	0.04161	0.07562	0.06820	0.04052	0.00627	0.00504	0.00154	0.03592	0.00519	0.00330	0.03517
1	0.21597	0.08801	0.21376	0.03048	0.19600	0.01176	0.10189	0.01484	0.03815	0.01641	0.00855	0.01046	0.00670	0.00468	0.00451	0.01949	0.00569	0.00372	0.00248	0.00645
2	0.01157	0.51481	0.26551	0.01102	0.05864	0.01570	0.01140	0.01442	0.00983	0.01268	0.00755	0.00897	0.00636	0.00517	0.02746	0.00139	0.00597	0.00303	0.00207	0.00645
3	0.01059	0.00829	0.00979	0.08461	0.04578	0.07529	0.00766	0.01342	0.06640	0.09849	0.07617	0.10544	0.03834	0.00878	0.00532	0.00164	0.00445	0.22367	0.00401	0.11187
4	0.01656	0.00782	0.00950	0.00763	0.01048	0.00751	0.00619	0.15111	0.01411	0.40557	0.04944	0.01671	0.01271	0.00594	0.00440	0.00136	0.00365	0.00478	0.25762	0.00689
5	0.00964	0.02440	0.78806	0.01401	0.03974	0.01111	0.01759	0.01513	0.01011	0.01515	0.00859	0.01013	0.00609	0.00453	0.00455	0.00151	0.00703	0.00355	0.00203	0.00708
6	0.01333	0.74776	0.02384	0.00858	0.01254	0.07634	0.00829	0.04121	0.01043	0.01193	0.00686	0.00787	0.00620	0.00421	0.00322	0.00105	0.00537	0.00265	0.00217	0.00616
7	0.00645	0.00485	0.00610	0.00681	0.00780	0.00450	0.00530	0.00791	0.01049	0.01342	0.06589	0.29931	0.26043	0.01330	0.00611	0.00191	0.00320	0.26763	0.00446	0.00413
8	0.00959	0.02472	0.80726	0.01362	0.02069	0.01110	0.01766	0.01514	0.01009	0.01514	0.00858	0.01009	0.00605	0.00454	0.00454	0.00151	0.00706	0.00353	0.00202	0.00706
9	0.00885	0.00447	0.00455	0.00455	0.00566	0.00450	0.00342	0.01106	0.00995	0.01762	0.01551	0.01785	0.01224	0.00646	0.02718	0.00131	0.00254	0.00447	0.83336	0.00445
10	0.00582	0.00416	0.00555	0.00666	0.00693	0.00388	0.00444	0.00666	0.00915	0.01220	0.02634	0.82891	0.03161	0.01497	0.00610	0.00194	0.00277	0.01359	0.00444	0.00388
11	0.01275	0.00630	0.00707	0.00611	0.00811	0.00622	0.00482	0.10350	0.01227	0.19356	0.01584	0.01674	0.01168	0.00566	0.00383	0.00123	0.00299	0.00452	0.57110	0.00569
12	0.01128	0.01289	0.02820	0.02015	0.02498	0.01209	0.78485	0.01531	0.01128	0.01531	0.00967	0.01289	0.00725	0.00403	0.00564	0.00161	0.00806	0.00564	0.00242	0.00645
13	0.00573	0.00470	0.00500	0.00522	0.00651	0.00402	0.00377	0.00682	0.01041	0.01264	0.04280	0.20415	0.61758	0.04088	0.00638	0.00178	0.00257	0.01069	0.00439	0.00396
14	0.00694	0.00502	0.00667	0.00759	0.00846	0.00487	0.00610	0.00854	0.01024	0.01328	0.02731	0.25570	0.10818	0.06718	0.00753	0.00223	0.00378	0.44194	0.00432	0.00413
15	0.01002	0.00937	0.01579	0.50829	0.30684	0.01066	0.01341	0.01305	0.01005	0.01363	0.00893	0.01260	0.00701	0.00462	0.00471	0.00151	0.00597	0.00426	0.03318	0.00609
16	0.01189	0.01027	0.01081	0.00973	0.01243	0.01189	0.00757	0.02540	0.79357	0.01999	0.01945	0.01783	0.01459	0.00648	0.00486	0.00162	0.00378	0.00540	0.00486	0.00757
17	0.00891	0.00445	0.00445	0.00445	0.00557	0.00445	0.00334	0.01114	0.01002	0.01782	0.01559	0.01782	0.01225	0.00557	0.00334	0.00111	0.00223	0.00445	0.85856	0.00445
18	0.86579	0.00924	0.00702	0.00629	0.00924	0.01072	0.00518	0.01405	0.00813	0.02144	0.00666	0.00776	0.00518	0.00444	0.00296	0.00148	0.00370	0.00259	0.00296	0.00518
19	0.01010	0.00973	0.01690	0.50682	0.28803	0.01096	0.06273	0.01322	0.01011	0.01354	0.00873	0.01245	0.00683	0.00456	0.00482	0.00154	0.00625	0.00434	0.00222	0.00613
20	0.00831	0.00844	0.00771	0.00717	0.00890	0.14306	0.03079	0.00994	0.02779	0.01338	0.10057	0.07783	0.49101	0.01033	0.00575	0.00157	0.03036	0.00852	0.00404	0.00452
21	0.00582	0.00416	0.00555	0.00666	0.00693	0.00388	0.00444	0.00666	0.00915	0.01220	0.02634	0.82891	0.03161	0.01497	0.00610	0.00194	0.00277	0.01359	0.00444	0.00388
22	0.01266	0.80507	0.05384	0.00838	0.01258	0.01862	0.00853	0.01434	0.00973	0.01139	0.00672	0.00776	0.00613	0.00411	0.00312	0.00104	0.00518	0.00259	0.00204	0.00617
23	0.01544	0.01230	0.01277	0.01046	0.01371	0.04368	0.00842	0.44919	0.30523	0.02501	0.01430	0.01397	0.01057	0.00707	0.03402	0.00172	0.00512	0.00469	0.00464	0.00768
24	0.04717	0.39045	0.40529	0.01083	0.01629	0.02933	0.01269	0.01479	0.00990	0.01358	0.00760	0.00887	0.00606	0.00434	0.00380	0.00128	0.00607	0.00304	0.00208	0.00654
25	0.01080	0.01110	0.04883	0.07090	0.49295	0.01055	0.14652	0.01376	0.01069	0.01499	0.01121	0.08701	0.01027	0.00555	0.00507	0.00154	0.00587	0.03300	0.00261	0.00678
26	0.63344	0.00965	0.00858	0.00723	0.01041	0.01076	0.00596	0.11947	0.01084	0.13224	0.00901	0.00945	0.00650	0.00482	0.00346	0.00147	0.00396	0.00313	0.00362	0.00599
27	0.01114	0.01126	0.04894	0.23832	0.33216	0.01113	0.19634	0.02779	0.01084	0.03399	0.00942	0.01249	0.00733	0.00445	0.00493	0.00151	0.00636	0.00457	0.02039	0.00663
28	0.19651	0.01282	0.12953	0.08769	0.07785	0.09427	0.08966	0.04260	0.03189	0.02529	0.02482	0.04749	0.00921	0.04296	0.02501	0.00177	0.00578	0.00445	0.02902	0.02138
29	0.00587	0.00418	0.00553	0.00659	0.00686	0.00391	0.00437	0.00667	0.00906	0.01208	0.02587	0.79538	0.03101	0.04932	0.00687	0.00205	0.00285	0.01331	0.00437	0.00384
30	0.00753	0.00544	0.00747	0.00844	0.00958	0.00537	0.00732	0.00967	0.01109	0.01439	0.05533	0.05273	0.07876	0.01301	0.00650	0.00214	0.00419	0.69224	0.00444	0.00438
31	0.01433	0.38757	0.10631	0.01035	0.01411	0.28981	0.00956	0.05812	0.03093	0.01321	0.02149	0.00920	0.00713	0.00467	0.00384	0.00119	0.00646	0.00311	0.00246	0.00615
32	0.01128	0.01289	0.02820	0.02015	0.02498	0.01209	0.78485	0.01531	0.01128	0.01531	0.00967	0.01289	0.00725	0.00403	0.00564	0.00161	0.00806	0.00564	0.00242	0.00645
33	0.00686	0.00513	0.00763	0.00766	0.00853	0.00590	0.00599	0.00860	0.00803	0.01152	0.04267	0.02074	0.01378	0.03401	0.75235	0.00724	0.01209	0.03425	0.00273	0.00428
34	0.00698	0.00467	0.00531	0.00535	0.00539	0.00467	0.00308	0.00706	0.00710	0.00946	0.01544	0.03212	0.01776	0.80144	0.02367	0.00454	0.00463	0.03545	0.00295	0.00295
35	0.02497	0.18396	0.21495	0.04771	0.14579	0.07441	0.05329	0.05106	0.06259	0.07025	0.00981	0.01112	0.00754	0.00516	0.01642	0.00148	0.00611	0.00382	0.00275	0.00682
36	0.00970	0.00926	0.01421	0.62782	0.10380	0.03705	0.01251	0.01353	0.07125	0.01315	0.01066	0.01400	0.03291	0.00511	0.00479	0.00157	0.00605	0.00449	0.00245	0.00567
37	0.00719	0.00520	0.00708	0.00809	0.00908	0.00509	0.00678	0.00906	0.01065	0.01381	0.02734	0.19582	0.09000	0.01344	0.00643	0.00211	0.00394	0.57020	0.00441	0.00428
38	0.03005	0.04001	0.28112	0.08329	0.14532	0.14809	0.01301	0.11505	0.01253	0.06257	0.00954	0.01135	0.00722	0.00491	0.00455	0.00144	0.00648	0.01384	0.00279	0.00684
39	0.01104	0.00946	0.01383	0.13264	0.14893	0.01028	0.07388	0.16165	0.06277	0.01785	0.12404	0.08576	0.01586	0.03761	0.00655	0.00171	0.05853	0.01789	0.00358	0.00613
40	0.00699	0.00563	0.00838	0.15028	0.06380	0.00597	0.00690	0.00850	0.00939	0.01265	0.05650	0.51855	0.02425	0.01365	0.06546	0.00225	0.02235	0.01029	0.00375	0.00446
41	0.01897	0.01001	0.01271	0.00981	0.01347	0.00989	0.04278	0.24825	0.07783	0.46309	0.03170	0.01521	0.01140	0.00590	0.00486	0.00148	0.00454	0.00482	0.00533	0.00794
42	0.01179	0.06052	0.30532	0.01710	0.21050	0.09771	0.09038	0.04220	0.04660	0.02664	0.00997	0.04185	0.00806	0.00498	0.00468	0.00146	0.00647	0.00433	0.00256	0.00687
43	0.01763	0.01645	0.01419	0.01219	0.04784	0.28918	0.00933	0.47041	0.03863	0.02291	0.01017	0.01067	0.00759	0.00542	0.00462	0.00137	0.00640	0.00391	0.00388	0.00720
44	0.03766	0.01088	0.01425	0.08960	0.03355	0.02558	0.11392	0.19194	0.22589	0.01977	0.04247	0.01481	0.01102	0.00572	0.00531	0.00150	0.04383	0.01617	0.01381	0.08230

[dist]
# distance from previous block
# <min> <max>
0	1

[block]
# block no. 4 follows, 53 sequences, length 27
# corresponding to MSA columns:
# 1067-1093
name=unknown_E
#
# <colnr> <probs for GDERKNQSTAVLIFYWHMCP>
#	G	D	E	R	K	N	Q	S	T	A	V	L	I	F	Y	W	H	M	C	P
0	0.04161	0.37767	0.20876	0.05091	0.06580	0.04769	0.06878	0.01449	0.01003	0.01325	0.00801	0.01034	0.00676	0.00465	0.00439	0.00133	0.03626	0.02079	0.00219	0.00630
1	0.00615	0.00441	0.00598	0.00675	0.00712	0.00441	0.00463	0.00709	0.00863	0.01169	0.02236	0.57909	0.02602	0.09476	0.18346	0.00344	0.00513	0.01113	0.00389	0.00388
2	0.01035	0.00885	0.01144	0.00819	0.01247	0.00686	0.06958	0.01262	0.01013	0.03773	0.00888	0.01033	0.00723	0.00365	0.00375	0.00080	0.00392	0.00312	0.00288	0.76721
3	0.00873	0.00708	0.00978	0.04329	0.02750	0.00617	0.06174	0.01078	0.02769	0.04262	0.01811	0.30922	0.05925	0.00856	0.00494	0.00139	0.00373	0.02136	0.00361	0.32442
4	0.00903	0.00850	0.01434	0.82054	0.03292	0.01062	0.01327	0.01221	0.00956	0.01221	0.00850	0.01274	0.00637	0.00478	0.00478	0.00159	0.00637	0.00425	0.00212	0.00531
5	0.00565	0.00484	0.00484	0.00484	0.00646	0.00403	0.00363	0.00686	0.01089	0.01291	0.04842	0.04600	0.80027	0.01210	0.00565	0.00161	0.00242	0.01009	0.00444	0.00403
6	0.00972	0.00920	0.01558	0.62554	0.22252	0.01080	0.01362	0.01282	0.00988	0.01305	0.00862	0.01252	0.00667	0.00465	0.00477	0.00155	0.00620	0.00425	0.00218	0.00587
7	0.00695	0.00463	0.00521	0.00521	0.00521	0.00463	0.00290	0.00695	0.00695	0.00927	0.01506	0.03128	0.01738	0.83203	0.02433	0.00463	0.00463	0.00695	0.00290	0.00290
8	0.00754	0.00539	0.00752	0.00862	0.00965	0.00536	0.00742	0.00962	0.01084	0.01412	0.02540	0.12108	0.02786	0.01336	0.00656	0.00218	0.00426	0.70448	0.00440	0.00436
9	0.00582	0.00416	0.00555	0.00666	0.00693	0.00388	0.00444	0.00666	0.00915	0.01220	0.02634	0.82891	0.03161	0.01497	0.00610	0.00194	0.00277	0.01359	0.00444	0.00388
10	0.00980	0.00936	0.01639	0.43127	0.24331	0.01035	0.09419	0.01280	0.01015	0.01358	0.01057	0.06076	0.00924	0.00554	0.00502	0.00160	0.00606	0.04161	0.00246	0.00593
11	0.01295	0.80762	0.02466	0.00832	0.01235	0.04559	0.00821	0.01447	0.00984	0.01126	0.00667	0.00770	0.00613	0.00412	0.00311	0.00103	0.00523	0.00257	0.00206	0.00611
12	0.00716	0.00546	0.00666	0.00638	0.00767	0.00528	0.00477	0.01050	0.10567	0.01791	0.54985	0.10638	0.12785	0.01012	0.00559	0.00157	0.00250	0.00887	0.00504	0.00476
13	0.00598	0.00613	0.05582	0.00556	0.00750	0.00454	0.00469	0.00751	0.01085	0.01311	0.04492	0.04405	0.71748	0.01167	0.00562	0.00163	0.00280	0.04159	0.00428	0.00424
14	0.01032	0.19206	0.61250	0.01277	0.01912	0.01276	0.04792	0.01497	0.01006	0.01434	0.00822	0.00971	0.00612	0.00443	0.00428	0.00142	0.00670	0.00342	0.00204	0.00685
15	0.00582	0.00416	0.00555	0.00666	0.00693	0.00388	0.00444	0.00666	0.00915	0.01220	0.02634	0.82891	0.03161	0.01497	0.00610	0.00194	0.00277	0.01359	0.00444	0.00388
16	0.00903	0.00850	0.01434	0.82054	0.03292	0.01062	0.01327	0.01221	0.00956	0.01221	0.00850	0.01274	0.00637	0.00478	0.00478	0.00159	0.00637	0.00425	0.00212	0.00531
17	0.01065	0.02752	0.14151	0.30672	0.20095	0.04228	0.07747	0.03083	0.01057	0.02727	0.00982	0.04065	0.00812	0.00521	0.00507	0.00155	0.02327	0.02185	0.00245	0.00626
18	0.01531	0.43209	0.01937	0.01018	0.01351	0.38437	0.00870	0.04360	0.01192	0.01212	0.00716	0.00824	0.00621	0.00453	0.00370	0.00113	0.00673	0.00286	0.00233	0.00593
19	0.32080	0.06849	0.01225	0.06737	0.05202	0.29008	0.00822	0.01601	0.01057	0.05341	0.00771	0.00917	0.00617	0.00491	0.00451	0.00140	0.05539	0.00316	0.00273	0.00564
20	0.00830	0.00415	0.00623	0.00623	0.00623	0.00415	0.00415	0.00623	0.00623	0.00830	0.00830	0.01453	0.00830	0.01660	0.01868	0.86094	0.00415	0.00415	0.00208	0.00208
21	0.00804	0.00624	0.00817	0.00917	0.11005	0.00592	0.00603	0.01085	0.06749	0.04568	0.35842	0.03452	0.25433	0.00953	0.00549	0.00157	0.00302	0.04576	0.00460	0.00511
22	0.00991	0.00850	0.00991	0.00708	0.01133	0.00637	0.00566	0.01203	0.00991	0.01557	0.00850	0.00991	0.00708	0.00354	0.00354	0.00071	0.00354	0.00283	0.00283	0.86124
23	0.00903	0.00850	0.01434	0.82054	0.03292	0.01062	0.01327	0.01221	0.00956	0.01221	0.00850	0.01274	0.00637	0.00478	0.00478	0.00159	0.00637	0.00425	0.00212	0.00531
24	0.01170	0.01205	0.05747	0.02824	0.73600	0.01137	0.04332	0.01471	0.01086	0.01558	0.00900	0.01179	0.00749	0.00426	0.00476	0.00143	0.00583	0.00427	0.00235	0.00750
25	0.01686	0.00752	0.00987	0.00793	0.01087	0.00679	0.00640	0.07045	0.01408	0.52142	0.21456	0.03886	0.03833	0.00720	0.00506	0.00149	0.00363	0.00604	0.00561	0.00704
26	0.07768	0.01175	0.04898	0.00955	0.01267	0.10381	0.00785	0.05176	0.36538	0.19957	0.03065	0.01603	0.03098	0.00609	0.00466	0.00152	0.00456	0.00482	0.00454	0.00714

[dist]
# distance from previous block
# <min> <max>
0	2

[block]
# block no. 5 follows, 53 sequences, length 15
# corresponding to MSA columns:
# 1096-1110
name=unknown_F
#
# <colnr> <probs for GDERKNQSTAVLIFYWHMCP>
#	G	D	E	R	K	N	Q	S	T	A	V	L	I	F	Y	W	H	M	C	P
0	0.01326	0.01243	0.01246	0.09104	0.09273	0.17334	0.00891	0.20220	0.14718	0.01873	0.08321	0.06471	0.04582	0.00663	0.00488	0.00148	0.00531	0.00541	0.00383	0.00644
1	0.01103	0.00945	0.00948	0.00845	0.01078	0.08811	0.00655	0.02960	0.33760	0.05404	0.23292	0.02344	0.06363	0.00744	0.00500	0.00149	0.00380	0.02434	0.00460	0.06824
2	0.00981	0.02340	0.72916	0.01518	0.09816	0.01113	0.01736	0.01509	0.01017	0.01518	0.00862	0.01026	0.00620	0.00451	0.00456	0.00150	0.00693	0.00360	0.00205	0.00711
3	0.76902	0.00925	0.00791	0.03593	0.03979	0.01059	0.00589	0.01439	0.00851	0.05313	0.00731	0.00844	0.00558	0.00450	0.00316	0.00148	0.00388	0.00280	0.00303	0.00539
4	0.00991	0.00850	0.00991	0.00708	0.01133	0.00637	0.00566	0.01203	0.00991	0.01557	0.00850	0.00991	0.00708	0.00354	0.00354	0.00071	0.00354	0.00283	0.00283	0.86124
5	0.00850	0.00546	0.00747	0.00779	0.00908	0.00524	0.00647	0.01061	0.01191	0.08415	0.26443	0.08810	0.03182	0.01161	0.00612	0.00191	0.00362	0.42617	0.00480	0.00473
6	0.00947	0.00803	0.00944	0.00703	0.01085	0.00610	0.00553	0.01146	0.00983	0.01521	0.01041	0.09798	0.00972	0.00477	0.00382	0.00084	0.00346	0.00399	0.00300	0.76905
7	0.00606	0.00497	0.00541	0.00563	0.00714	0.00433	0.00444	0.00746	0.01092	0.01319	0.04383	0.04757	0.64682	0.01232	0.00584	0.00173	0.00281	0.16099	0.00443	0.00411
8	0.01492	0.15517	0.01855	0.01429	0.08200	0.37257	0.14739	0.01685	0.01181	0.04830	0.00823	0.00997	0.00673	0.00488	0.00526	0.00136	0.06945	0.00371	0.00250	0.00607
9	0.01060	0.05460	0.12257	0.01698	0.02148	0.01140	0.55667	0.01423	0.01058	0.01442	0.01026	0.03076	0.00855	0.08640	0.00724	0.00188	0.00734	0.00551	0.00244	0.00610
10	0.00578	0.00462	0.00518	0.00551	0.00666	0.00402	0.00395	0.00694	0.01051	0.01312	0.09328	0.29826	0.49964	0.01287	0.00579	0.00171	0.00252	0.01112	0.00449	0.00402
11	0.01017	0.01078	0.09145	0.42117	0.02332	0.04152	0.02964	0.05328	0.12976	0.01507	0.01312	0.01532	0.05409	0.00553	0.00472	0.00154	0.00560	0.00470	0.06336	0.00587
12	0.01323	0.21042	0.07334	0.09035	0.01561	0.15180	0.00934	0.12600	0.07808	0.01580	0.00913	0.01036	0.00730	0.00486	0.00452	0.00125	0.03751	0.00348	0.00287	0.13474
13	0.01185	0.52715	0.16418	0.00896	0.01326	0.02754	0.00939	0.01438	0.02577	0.04278	0.03451	0.01220	0.06266	0.00502	0.00372	0.00119	0.00515	0.00359	0.00253	0.02419
14	0.02580	0.28093	0.18774	0.03069	0.01394	0.13093	0.00977	0.05118	0.01090	0.01374	0.07545	0.01347	0.01063	0.08713	0.00650	0.00164	0.03713	0.00399	0.00261	0.00581

[dist]
# distance from previous block
# <min> <max>
81	193

[block]
# block no. 6 follows, 53 sequences, length 9
# corresponding to MSA columns:
# 1371-1379
name=unknown_G
#
# <colnr> <probs for GDERKNQSTAVLIFYWHMCP>
#	G	D	E	R	K	N	Q	S	T	A	V	L	I	F	Y	W	H	M	C	P
0	0.05352	0.02744	0.18129	0.00939	0.03797	0.00687	0.03884	0.01010	0.01016	0.01452	0.11403	0.35555	0.06873	0.01025	0.00540	0.00171	0.00410	0.04139	0.00373	0.00502
1	0.12251	0.01099	0.04160	0.01110	0.01516	0.05212	0.19280	0.03812	0.01159	0.23233	0.01140	0.01207	0.00812	0.00459	0.00442	0.00131	0.00522	0.00409	0.00360	0.21685
2	0.01024	0.00783	0.00933	0.00748	0.01067	0.00658	0.00588	0.07846	0.01120	0.05616	0.03399	0.16678	0.01408	0.00667	0.00441	0.00114	0.00358	0.04637	0.00360	0.51555
3	0.00982	0.00978	0.01426	0.74804	0.03129	0.08258	0.01291	0.01283	0.00991	0.01217	0.00840	0.01237	0.00635	0.00479	0.00474	0.00156	0.00657	0.00414	0.00215	0.00533
4	0.00666	0.00460	0.00521	0.00535	0.00557	0.00447	0.00317	0.00690	0.00768	0.01006	0.02036	0.13162	0.11089	0.63491	0.01988	0.00395	0.00414	0.00814	0.00327	0.00315
5	0.01316	0.01384	0.01579	0.08985	0.39634	0.23427	0.01174	0.06254	0.01236	0.01519	0.05016	0.01354	0.04004	0.00517	0.00470	0.00139	0.00623	0.00438	0.00275	0.00655
6	0.08553	0.01129	0.01771	0.16494	0.51457	0.04794	0.06071	0.01443	0.01056	0.01532	0.00867	0.01156	0.00707	0.00438	0.00462	0.00146	0.00591	0.00414	0.00238	0.00680
7	0.01297	0.01335	0.01264	0.04542	0.15764	0.27591	0.00933	0.09937	0.03596	0.01526	0.01357	0.13034	0.01328	0.00738	0.00500	0.00152	0.00593	0.10593	0.00330	0.03588
8	0.00881	0.00784	0.01160	0.01428	0.23065	0.03178	0.05606	0.01118	0.03802	0.01421	0.04202	0.23091	0.09704	0.02644	0.00600	0.00180	0.00443	0.15786	0.00367	0.00536

[dist]
# distance from previous block
# <min> <max>
2	9

[block]
# block no. 7 follows, 53 sequences, length 8
# corresponding to MSA columns:
# 1389-1396
name=unknown_H
#
# <colnr> <probs for GDERKNQSTAVLIFYWHMCP>
#	G	D	E	R	K	N	Q	S	T	A	V	L	I	F	Y	W	H	M	C	P
0	0.20500	0.16426	0.13457	0.01259	0.09317	0.08473	0.09769	0.03379	0.06849	0.05049	0.00916	0.01035	0.00710	0.00461	0.00408	0.00140	0.00565	0.00362	0.00280	0.00642
1	0.03827	0.01667	0.11619	0.01186	0.04269	0.31383	0.00991	0.07612	0.01221	0.05952	0.03397	0.01085	0.00801	0.00548	0.00605	0.00139	0.12931	0.00368	0.00287	0.10112
2	0.00771	0.00566	0.00692	0.00647	0.00800	0.00506	0.00479	0.02808	0.01098	0.03229	0.24433	0.17795	0.10841	0.11984	0.00789	0.00193	0.00318	0.06479	0.00423	0.15150
3	0.04209	0.08925	0.51997	0.01423	0.09656	0.01185	0.04167	0.07200	0.01114	0.01634	0.03594	0.01106	0.00772	0.00472	0.00447	0.00146	0.00637	0.00379	0.00242	0.00694
4	0.01271	0.26463	0.33223	0.01203	0.01693	0.21505	0.05482	0.01589	0.01091	0.01312	0.00776	0.00915	0.00617	0.00448	0.00410	0.00130	0.00693	0.00324	0.00216	0.00637
5	0.00653	0.00470	0.00600	0.00623	0.00700	0.00440	0.00447	0.00803	0.01108	0.01514	0.37255	0.25435	0.08551	0.12149	0.00834	0.00210	0.00290	0.07049	0.00460	0.00408
6	0.01438	0.01593	0.20447	0.01396	0.01881	0.01324	0.21022	0.40694	0.01669	0.02279	0.01033	0.01151	0.00742	0.00502	0.00495	0.00150	0.00640	0.00446	0.00352	0.00745
7	0.00751	0.00540	0.00694	0.00761	0.00844	0.00536	0.00569	0.08501	0.01092	0.01449	0.02461	0.56006	0.02828	0.01363	0.00609	0.00195	0.00341	0.19570	0.00446	0.00443

[dist]
# distance from previous block
# <min> <max>
36	240

[block]
# block no. 8 follows, 53 sequences, length 7
# corresponding to MSA columns:
# 1642-1648
name=unknown_I
#
# <colnr> <probs for GDERKNQSTAVLIFYWHMCP>
#	G	D	E	R	K	N	Q	S	T	A	V	L	I	F	Y	W	H	M	C	P
0	0.08599	0.01162	0.08430	0.01224	0.08526	0.05177	0.13231	0.04727	0.03007	0.08846	0.05261	0.03587	0.01023	0.00496	0.00445	0.00128	0.00508	0.00438	0.00323	0.24862
1	0.00793	0.08065	0.01051	0.00929	0.07798	0.00687	0.07471	0.00963	0.01077	0.03396	0.08153	0.17150	0.35040	0.01023	0.00544	0.00162	0.00363	0.04454	0.00395	0.00487
2	0.00863	0.07901	0.01249	0.00897	0.01173	0.00743	0.14381	0.01075	0.01085	0.01503	0.17618	0.15574	0.10408	0.00776	0.00495	0.00136	0.00397	0.00706	0.00362	0.22657
3	0.08511	0.00678	0.00712	0.00646	0.00855	0.00665	0.00505	0.07771	0.09397	0.01716	0.16244	0.03314	0.38186	0.00944	0.00516	0.00154	0.00302	0.03204	0.00443	0.05238
4	0.01115	0.01051	0.01781	0.02640	0.69453	0.01063	0.01349	0.01384	0.01045	0.01500	0.00951	0.01277	0.00816	0.00854	0.11440	0.00227	0.00664	0.00438	0.00239	0.00712
5	0.01298	0.01316	0.02079	0.01548	0.01960	0.08396	0.42012	0.14380	0.11936	0.01808	0.01100	0.01271	0.00828	0.00469	0.00511	0.00148	0.00671	0.00494	0.00318	0.07460
6	0.42279	0.00954	0.01096	0.00886	0.01197	0.03582	0.11144	0.04674	0.01095	0.15294	0.09982	0.01433	0.03432	0.00552	0.00413	0.00149	0.00438	0.00436	0.00375	0.00587

[dist]
# distance from previous block
# <min> <max>
5	19

[block]
# block no. 9 follows, 53 sequences, length 26
# corresponding to MSA columns:
# 1668-1693
name=unknown_J
#
# <colnr> <probs for GDERKNQSTAVLIFYWHMCP>
#	G	D	E	R	K	N	Q	S	T	A	V	L	I	F	Y	W	H	M	C	P
0	0.04713	0.14324	0.06911	0.01361	0.04834	0.15496	0.21189	0.08482	0.05355	0.04353	0.01019	0.04745	0.00842	0.00526	0.00505	0.00145	0.03818	0.00453	0.00290	0.00638
1	0.01094	0.01038	0.01720	0.19825	0.55935	0.01088	0.01350	0.01432	0.04994	0.01497	0.01124	0.01391	0.04439	0.00485	0.00479	0.00148	0.00558	0.00458	0.00254	0.00692
2	0.01258	0.01178	0.01872	0.02752	0.72603	0.05145	0.01404	0.01529	0.01115	0.05201	0.00937	0.01187	0.00770	0.00437	0.00471	0.00141	0.00575	0.00422	0.00254	0.00749
3	0.01212	0.61035	0.16450	0.01120	0.09008	0.01678	0.01050	0.01449	0.00989	0.01236	0.00722	0.00850	0.00626	0.00419	0.00349	0.00115	0.00552	0.00289	0.00207	0.00644
4	0.01183	0.01136	0.01940	0.02934	0.80221	0.01136	0.01467	0.01467	0.01088	0.01562	0.00899	0.01183	0.00757	0.00426	0.00473	0.00142	0.00568	0.00426	0.00237	0.00757
5	0.68114	0.00925	0.00802	0.00690	0.00994	0.01038	0.00568	0.06428	0.00972	0.11887	0.00866	0.00939	0.00639	0.00565	0.02776	0.00166	0.00412	0.00305	0.00343	0.00570
6	0.00953	0.00766	0.00898	0.00718	0.01030	0.00643	0.00557	0.01249	0.08686	0.03550	0.04845	0.08517	0.02607	0.06850	0.00575	0.00133	0.00355	0.03570	0.00345	0.53152
7	0.04841	0.01379	0.01226	0.01033	0.01327	0.19446	0.00816	0.32295	0.20525	0.02209	0.08842	0.01456	0.01270	0.00607	0.00471	0.00144	0.00532	0.00464	0.00425	0.00694
8	0.01121	0.01065	0.01809	0.15097	0.64716	0.01098	0.01414	0.01407	0.01068	0.01503	0.00965	0.01388	0.00829	0.00474	0.00482	0.00148	0.00573	0.03893	0.00242	0.00708
9	0.01026	0.09444	0.67125	0.01264	0.01903	0.01132	0.01583	0.01510	0.01018	0.05047	0.00956	0.04197	0.00732	0.00497	0.00448	0.00149	0.00659	0.00389	0.00229	0.00691
10	0.00986	0.09449	0.73991	0.01315	0.01996	0.01177	0.01684	0.01507	0.01006	0.01480	0.00841	0.00988	0.00606	0.00450	0.00441	0.00147	0.00690	0.00345	0.00202	0.00698
11	0.00752	0.00545	0.00677	0.00641	0.00767	0.00530	0.00482	0.00983	0.04947	0.05150	0.42451	0.09305	0.19375	0.04001	0.03791	0.00194	0.03611	0.00861	0.00472	0.00464
12	0.03291	0.00521	0.00653	0.00700	0.00795	0.00506	0.00528	0.04225	0.01097	0.01494	0.16139	0.37566	0.09681	0.03112	0.00635	0.00192	0.00319	0.17662	0.00451	0.00432
13	0.01162	0.01185	0.05488	0.05925	0.73704	0.01132	0.01475	0.01459	0.01080	0.01546	0.00895	0.01179	0.00746	0.00429	0.00472	0.00143	0.00577	0.00423	0.00234	0.00746
14	0.01150	0.01102	0.01880	0.12366	0.71049	0.01127	0.01450	0.01438	0.01073	0.01521	0.00893	0.01194	0.00743	0.00432	0.00474	0.00144	0.00576	0.00426	0.00234	0.00730
15	0.04749	0.00592	0.00727	0.00665	0.00821	0.00573	0.00504	0.01214	0.07145	0.12658	0.43649	0.04618	0.06212	0.09339	0.02058	0.00196	0.00318	0.02969	0.00486	0.00507
16	0.06954	0.02873	0.03855	0.01012	0.01274	0.29590	0.02017	0.07054	0.13796	0.09180	0.04543	0.08187	0.03232	0.02016	0.00520	0.00151	0.02263	0.00508	0.00368	0.00608
17	0.01519	0.04704	0.01445	0.01075	0.01424	0.01079	0.12862	0.20332	0.15846	0.22746	0.03889	0.01756	0.07857	0.00623	0.00496	0.00151	0.00478	0.00538	0.00459	0.00723
18	0.00651	0.00470	0.00601	0.00657	0.00716	0.00462	0.00471	0.00753	0.00895	0.01178	0.02441	0.30650	0.12040	0.21266	0.11801	0.00335	0.00478	0.13372	0.00381	0.00380
19	0.00835	0.00532	0.00686	0.00712	0.00832	0.00501	0.00553	0.01009	0.02564	0.09929	0.11162	0.23271	0.14076	0.07286	0.00732	0.00207	0.00345	0.23853	0.00457	0.00458
20	0.01294	0.33928	0.18512	0.01442	0.18316	0.08589	0.01168	0.07315	0.01142	0.03020	0.00822	0.00960	0.00669	0.00445	0.00400	0.00127	0.00594	0.00335	0.00243	0.00677
21	0.01208	0.43767	0.27427	0.01100	0.05022	0.01497	0.01141	0.01583	0.06594	0.05324	0.00890	0.00979	0.00706	0.00450	0.00383	0.00126	0.00562	0.00326	0.00245	0.00670
22	0.00818	0.00666	0.00896	0.02704	0.09844	0.03529	0.00679	0.03909	0.00983	0.01341	0.09491	0.21701	0.01958	0.04810	0.26417	0.03697	0.02379	0.03372	0.00339	0.00468
23	0.04692	0.00551	0.00700	0.00703	0.01988	0.00534	0.01388	0.02171	0.01800	0.09665	0.07994	0.24935	0.06130	0.21396	0.01135	0.07913	0.00372	0.05112	0.00395	0.00426
24	0.04605	0.01021	0.03150	0.02292	0.12215	0.05475	0.02519	0.17239	0.11193	0.06640	0.05189	0.10886	0.01436	0.09565	0.04245	0.00213	0.00514	0.00592	0.00385	0.00624
25	0.14311	0.20100	0.07788	0.01996	0.01284	0.06826	0.02464	0.09926	0.01072	0.02598	0.02073	0.01114	0.00781	0.00984	0.12667	0.00236	0.11180	0.00368	0.00272	0.01960

[dist]
# distance from previous block
# <min> <max>
2	168

[block]
# block no. 10 follows, 53 sequences, length 33
# corresponding to MSA columns:
# 1862-1894
name=unknown_K
#
# <colnr> <probs for GDERKNQSTAVLIFYWHMCP>
#	G	D	E	R	K	N	Q	S	T	A	V	L	I	F	Y	W	H	M	C	P
0	0.00720	0.00590	0.04760	0.00682	0.00809	0.00486	0.00544	0.00880	0.01065	0.04488	0.18891	0.25189	0.16472	0.09648	0.00775	0.00207	0.00332	0.12593	0.00438	0.00435
1	0.03117	0.16699	0.17224	0.02840	0.06996	0.02876	0.16778	0.04691	0.07816	0.04120	0.01130	0.01518	0.00939	0.00535	0.00466	0.00147	0.00592	0.07356	0.00289	0.03870
2	0.05599	0.29724	0.21083	0.01379	0.11826	0.05282	0.10752	0.01503	0.02329	0.02456	0.03358	0.01067	0.00785	0.00452	0.00415	0.00133	0.00599	0.00369	0.00239	0.00650
3	0.03430	0.00692	0.00903	0.00757	0.01021	0.00619	0.00600	0.01765	0.03016	0.48885	0.10723	0.14416	0.06117	0.00803	0.00504	0.00155	0.00349	0.00681	0.03900	0.00664
4	0.00802	0.00528	0.00653	0.00627	0.00766	0.00483	0.00470	0.01012	0.03916	0.09471	0.36514	0.16384	0.21036	0.02671	0.00599	0.00168	0.00271	0.02664	0.00493	0.00473
5	0.01518	0.09834	0.05658	0.01338	0.10478	0.24101	0.05048	0.10681	0.13866	0.09633	0.01122	0.01181	0.00852	0.00521	0.00472	0.00139	0.02134	0.00403	0.00338	0.00684
6	0.13619	0.01125	0.06639	0.00930	0.01274	0.07208	0.02549	0.13167	0.05431	0.33393	0.01523	0.05065	0.02946	0.02371	0.00500	0.00156	0.00475	0.00481	0.00449	0.00697
7	0.00672	0.00469	0.00580	0.00594	0.00624	0.00481	0.00382	0.00726	0.00756	0.01021	0.01736	0.13482	0.04886	0.51276	0.19816	0.00484	0.00613	0.00754	0.00309	0.00338
8	0.01109	0.00905	0.01478	0.13812	0.35886	0.00926	0.04959	0.01392	0.03772	0.09198	0.01364	0.11274	0.02706	0.02412	0.03822	0.00184	0.00542	0.00576	0.03045	0.00639
9	0.01131	0.39867	0.34470	0.01241	0.05755	0.01481	0.07143	0.01474	0.01005	0.01337	0.00779	0.00927	0.00626	0.00428	0.00395	0.00129	0.00616	0.00328	0.00208	0.00661
10	0.00748	0.00642	0.00866	0.00853	0.00926	0.02583	0.04842	0.00904	0.03647	0.01258	0.02245	0.49469	0.06994	0.03868	0.00809	0.00200	0.13333	0.04985	0.00387	0.00441
11	0.01183	0.01136	0.01940	0.02934	0.80221	0.01136	0.01467	0.01467	0.01088	0.01562	0.00899	0.01183	0.00757	0.00426	0.00473	0.00142	0.00568	0.00426	0.00237	0.00757
12	0.00711	0.00515	0.00625	0.00603	0.00749	0.00456	0.00461	0.00889	0.01201	0.04701	0.37030	0.09061	0.29459	0.01076	0.00563	0.00159	0.00264	0.07017	0.00479	0.03981
