[name]
unknown

[dist]
# distance from previous block
# <min> <max>
14	76

[block]
# block no. 0 follows, 56 sequences, length 16
# corresponding to MSA columns:
# 83-98
name=unknown_A
#
# <colnr> <probs for GDERKNQSTAVLIFYWHMCP>
#	G	D	E	R	K	N	Q	S	T	A	V	L	I	F	Y	W	H	M	C	P
0	0.00953	0.00901	0.03301	0.21880	0.14091	0.04781	0.04983	0.03382	0.03833	0.03052	0.09876	0.06583	0.06309	0.05739	0.00631	0.00167	0.03272	0.02132	0.00305	0.03831
1	0.11714	0.00924	0.01194	0.17656	0.16239	0.04348	0.00910	0.06272	0.05877	0.04413	0.05458	0.02764	0.03111	0.02133	0.05265	0.00184	0.05934	0.00448	0.00298	0.04858
2	0.05098	0.02945	0.07188	0.08008	0.12060	0.00863	0.00848	0.10068	0.03065	0.12989	0.13344	0.06487	0.01457	0.00592	0.00448	0.00134	0.00423	0.00502	0.00366	0.13114
3	0.01433	0.08730	0.03128	0.01112	0.04844	0.39900	0.02712	0.11222	0.01281	0.04459	0.03753	0.05133	0.02576	0.02384	0.05198	0.00169	0.00680	0.00423	0.00295	0.00565
4	0.01314	0.00928	0.01107	0.00967	0.09000	0.04931	0.00694	0.05253	0.01124	0.20690	0.01068	0.01117	0.00794	0.00419	0.00390	0.00098	0.00406	0.00339	0.00346	0.49013
5	0.66132	0.00827	0.00715	0.04583	0.00984	0.00947	0.00537	0.01319	0.04958	0.01951	0.09002	0.04441	0.01045	0.00531	0.00341	0.00145	0.00350	0.00373	0.00318	0.00498
6	0.03516	0.00518	0.00607	0.04833	0.00824	0.00499	0.00463	0.00870	0.05603	0.02632	0.15543	0.22003	0.33187	0.04779	0.00615	0.00174	0.00284	0.02206	0.00421	0.00423
7	0.11294	0.17351	0.04573	0.18144	0.04132	0.13031	0.10232	0.01462	0.04514	0.03495	0.00817	0.01019	0.00652	0.00471	0.00491	0.00139	0.07014	0.00361	0.00242	0.00569
8	0.09156	0.01153	0.09144	0.16816	0.22735	0.04962	0.04279	0.07515	0.02635	0.03316	0.00933	0.03423	0.00767	0.00659	0.04809	0.00179	0.06230	0.00419	0.00261	0.00610
9	0.01043	0.01087	0.01704	0.35486	0.15883	0.09631	0.19094	0.01354	0.02672	0.01329	0.03552	0.03299	0.00849	0.00479	0.00478	0.00147	0.00634	0.00466	0.00239	0.00573
10	0.00800	0.00627	0.00910	0.13937	0.09194	0.00647	0.01943	0.01011	0.04102	0.05376	0.05109	0.30776	0.13073	0.02442	0.00590	0.00173	0.02430	0.06012	0.00371	0.00478
11	0.04963	0.03262	0.09416	0.12243	0.16013	0.04117	0.08065	0.06590	0.07199	0.08597	0.01272	0.13902	0.01124	0.00618	0.00470	0.00150	0.00516	0.00550	0.00318	0.00616
12	0.03180	0.00650	0.00874	0.00837	0.04163	0.00640	0.02818	0.07512	0.01125	0.17455	0.10629	0.21884	0.08492	0.02872	0.09798	0.00231	0.01600	0.04289	0.00422	0.00526
13	0.00817	0.02679	0.02264	0.00669	0.00821	0.00578	0.00508	0.05474	0.03987	0.05200	0.04842	0.26290	0.13228	0.15251	0.00831	0.00206	0.00347	0.06867	0.00388	0.08752
14	0.04539	0.06332	0.16804	0.05449	0.16347	0.07984	0.08231	0.02670	0.03939	0.07907	0.02451	0.07249	0.00976	0.00583	0.01814	0.00150	0.00558	0.00464	0.03765	0.01790
15	0.02927	0.14970	0.18866	0.02777	0.04855	0.02429	0.06194	0.03263	0.03328	0.04941	0.05978	0.08138	0.06957	0.04720	0.02251	0.00172	0.04373	0.02006	0.00296	0.00563

[dist]
# distance from previous block
# <min> <max>
6	23

[block]
# block no. 1 follows, 56 sequences, length 15
# corresponding to MSA columns:
# 126-140
name=unknown_B
#
# <colnr> <probs for GDERKNQSTAVLIFYWHMCP>
#	G	D	E	R	K	N	Q	S	T	A	V	L	I	F	Y	W	H	M	C	P
0	0.03475	0.06161	0.03497	0.00793	0.00949	0.00817	0.00643	0.11512	0.04718	0.02877	0.01685	0.19292	0.04331	0.10900	0.10556	0.00267	0.06592	0.08950	0.01497	0.00488
1	0.00961	0.07408	0.65145	0.01241	0.03919	0.02656	0.01494	0.01446	0.02537	0.01453	0.00881	0.01025	0.00646	0.00444	0.00419	0.00139	0.00625	0.00344	0.06561	0.00654
2	0.01458	0.00965	0.01177	0.03983	0.05083	0.03355	0.03326	0.26328	0.06975	0.21651	0.08637	0.09270	0.01426	0.00654	0.00477	0.00143	0.00437	0.00550	0.00447	0.03657
3	0.01275	0.60465	0.04265	0.01056	0.07180	0.10872	0.04613	0.03437	0.01023	0.01191	0.00694	0.00816	0.00609	0.00408	0.00340	0.00108	0.00552	0.00284	0.00212	0.00601
4	0.00654	0.00447	0.00538	0.00559	0.00577	0.00448	0.00350	0.00694	0.00738	0.00991	0.03322	0.15055	0.01942	0.59503	0.07827	0.00409	0.00470	0.04853	0.00310	0.00313
5	0.03069	0.00701	0.00802	0.00800	0.00932	0.05302	0.00638	0.07119	0.05801	0.04052	0.04376	0.11502	0.03774	0.06917	0.08733	0.04374	0.01543	0.28722	0.00381	0.00462
6	0.05126	0.13645	0.06274	0.03212	0.05106	0.30858	0.05752	0.06102	0.03396	0.05095	0.00882	0.01058	0.00719	0.02091	0.06492	0.00179	0.02815	0.00357	0.00264	0.00579
7	0.01065	0.00633	0.00788	0.00699	0.00884	0.00607	0.00542	0.10537	0.02947	0.18331	0.34465	0.14351	0.08650	0.00905	0.00522	0.00152	0.00303	0.02586	0.00493	0.00541
8	0.17101	0.15803	0.05605	0.03624	0.01258	0.09040	0.02176	0.04192	0.00974	0.06025	0.00999	0.01417	0.02403	0.00621	0.00649	0.00153	0.19130	0.08007	0.00276	0.00547
9	0.03824	0.08418	0.17261	0.03375	0.22769	0.00998	0.05722	0.03053	0.02181	0.04135	0.02009	0.14143	0.02550	0.00640	0.00498	0.00149	0.03366	0.02361	0.01943	0.00605
10	0.01269	0.03923	0.01114	0.00997	0.06988	0.00975	0.00738	0.27697	0.10205	0.09536	0.06184	0.07034	0.03071	0.08968	0.00673	0.00181	0.00429	0.08974	0.00422	0.00622
11	0.00854	0.00702	0.00999	0.02346	0.01016	0.00869	0.01825	0.03433	0.00819	0.03870	0.01209	0.11511	0.01208	0.04626	0.33349	0.00415	0.28384	0.01830	0.00273	0.00461
12	0.01231	0.17143	0.10124	0.13982	0.17730	0.14942	0.01093	0.04744	0.06645	0.03904	0.02435	0.01099	0.00775	0.00470	0.00435	0.00132	0.01864	0.00369	0.00258	0.00624
13	0.03135	0.17144	0.20291	0.03734	0.03380	0.01065	0.14974	0.01269	0.00978	0.03975	0.01290	0.12599	0.02824	0.00665	0.00503	0.00152	0.03332	0.07848	0.00275	0.00568
14	0.01000	0.01010	0.01207	0.01094	0.02784	0.10850	0.00861	0.01114	0.00819	0.01137	0.04630	0.04305	0.00991	0.05329	0.11075	0.00264	0.50345	0.00467	0.00238	0.00480

[dist]
# distance from previous block
# <min> <max>
0	3

[block]
# block no. 2 follows, 56 sequences, length 22
# corresponding to MSA columns:
# 144,145,147-164,167,168
name=unknown_C
#
# <colnr> <probs for GDERKNQSTAVLIFYWHMCP>
#	G	D	E	R	K	N	Q	S	T	A	V	L	I	F	Y	W	H	M	C	P
0	0.01895	0.04186	0.39919	0.01157	0.07964	0.03280	0.01157	0.01201	0.00983	0.01383	0.06224	0.12526	0.05146	0.05226	0.00578	0.00169	0.00529	0.05630	0.00279	0.00566
1	0.01135	0.01164	0.08365	0.34375	0.07905	0.08491	0.04664	0.15425	0.01206	0.03098	0.02340	0.05783	0.00871	0.00606	0.02475	0.00161	0.00606	0.00459	0.00281	0.00590
2	0.00982	0.08366	0.63005	0.01343	0.04457	0.01108	0.07846	0.01448	0.00984	0.03217	0.00878	0.02769	0.00661	0.00453	0.00438	0.00143	0.00652	0.00374	0.00212	0.00664
3	0.00946	0.00950	0.10839	0.02987	0.10856	0.00806	0.04663	0.04248	0.13600	0.04967	0.06858	0.12414	0.07007	0.00837	0.00522	0.00165	0.00438	0.15950	0.00378	0.00571
4	0.01047	0.01135	0.14103	0.06769	0.17573	0.03286	0.12003	0.03218	0.01035	0.08407	0.02235	0.09104	0.06921	0.04036	0.03144	0.01225	0.03319	0.00559	0.00294	0.00588
5	0.01060	0.00890	0.04589	0.11634	0.17322	0.00834	0.11385	0.03228	0.01076	0.12524	0.03778	0.03916	0.14184	0.04618	0.00606	0.00167	0.01962	0.05314	0.00335	0.00578
6	0.12093	0.05629	0.10761	0.04664	0.05205	0.12682	0.13483	0.06157	0.01074	0.04358	0.01119	0.01463	0.04206	0.02402	0.04577	0.00182	0.04425	0.04676	0.00277	0.00569
7	0.01097	0.01038	0.03075	0.22364	0.46596	0.03556	0.01263	0.02956	0.01035	0.03985	0.00974	0.02522	0.02110	0.00477	0.00494	0.00143	0.03522	0.00430	0.01718	0.00644
8	0.01016	0.13577	0.35005	0.01467	0.15095	0.01184	0.06904	0.02687	0.00958	0.01362	0.00832	0.01092	0.00682	0.03195	0.04477	0.00181	0.09070	0.00377	0.00213	0.00628
9	0.00895	0.01975	0.06362	0.25131	0.21842	0.00910	0.07533	0.01148	0.00961	0.01308	0.04649	0.10819	0.03417	0.06515	0.00649	0.00174	0.03050	0.01852	0.00264	0.00545
10	0.00710	0.00647	0.04002	0.00880	0.07626	0.02286	0.01837	0.00935	0.06073	0.01375	0.14106	0.42908	0.10679	0.01114	0.00547	0.00168	0.00326	0.02918	0.00407	0.00457
11	0.03753	0.05098	0.10191	0.19604	0.31663	0.01092	0.09474	0.04788	0.01045	0.03111	0.00874	0.01133	0.00688	0.00493	0.02194	0.00152	0.00593	0.00401	0.00238	0.03414
12	0.03367	0.00803	0.01279	0.07477	0.05704	0.00897	0.14506	0.03427	0.02427	0.01281	0.01331	0.12827	0.03879	0.10741	0.11288	0.00274	0.16096	0.01627	0.00279	0.00488
13	0.00970	0.00952	0.01342	0.17389	0.12068	0.09284	0.11206	0.01203	0.04353	0.01233	0.01211	0.10828	0.03036	0.06963	0.04902	0.04494	0.07237	0.00558	0.00263	0.00508
14	0.00704	0.00578	0.00700	0.00655	0.00831	0.02376	0.05413	0.00858	0.01072	0.04740	0.05159	0.04120	0.56157	0.01086	0.00551	0.00163	0.00319	0.13674	0.00417	0.00429
15	0.00707	0.00556	0.00650	0.00611	0.00756	0.00543	0.00463	0.01084	0.14686	0.01708	0.48679	0.03379	0.22553	0.00940	0.00529	0.00149	0.00246	0.00811	0.00480	0.00472
16	0.12760	0.01120	0.08180	0.11093	0.36063	0.02564	0.07481	0.01458	0.01030	0.09867	0.02410	0.01212	0.01854	0.00455	0.00440	0.00142	0.00536	0.00411	0.00273	0.00651
17	0.01147	0.02552	0.10350	0.28297	0.07241	0.09018	0.12327	0.12371	0.01146	0.01497	0.00842	0.01107	0.00649	0.00491	0.00567	0.00150	0.08998	0.00406	0.00247	0.00599
18	0.01113	0.01067	0.01821	0.09810	0.74194	0.01085	0.01397	0.01388	0.01034	0.01471	0.00859	0.01144	0.00717	0.00413	0.00455	0.00138	0.00551	0.00409	0.00225	0.00708
19	0.00697	0.00553	0.00842	0.00801	0.00886	0.00649	0.03226	0.00856	0.00743	0.01074	0.01183	0.01782	0.01117	0.06962	0.69561	0.00665	0.07246	0.00495	0.00244	0.00418
20	0.00663	0.00446	0.00500	0.00500	0.00505	0.00443	0.00281	0.00667	0.00681	0.00902	0.01556	0.03053	0.04375	0.81038	0.02275	0.00435	0.00438	0.00678	0.00283	0.00282
21	0.03720	0.02367	0.01674	0.09821	0.57029	0.07073	0.01256	0.01434	0.01047	0.05225	0.00949	0.01184	0.02248	0.00450	0.00472	0.00138	0.02585	0.00406	0.00246	0.00674

[dist]
# distance from previous block
# <min> <max>
1	3

[block]
# block no. 3 follows, 56 sequences, length 18
# corresponding to MSA columns:
# 172-189
name=unknown_D
#
# <colnr> <probs for GDERKNQSTAVLIFYWHMCP>
#	G	D	E	R	K	N	Q	S	T	A	V	L	I	F	Y	W	H	M	C	P
0	0.01104	0.03017	0.04272	0.05492	0.44217	0.07819	0.02282	0.02920	0.01096	0.02745	0.12478	0.03068	0.01271	0.00544	0.00529	0.00142	0.05619	0.00475	0.00278	0.00633
1	0.03569	0.04765	0.25461	0.01174	0.05023	0.03656	0.11527	0.01271	0.05334	0.01382	0.01328	0.15171	0.01277	0.02328	0.07251	0.00208	0.00603	0.06390	0.00283	0.01998
2	0.00917	0.00781	0.00926	0.02587	0.01103	0.00603	0.00558	0.01117	0.00953	0.01465	0.01020	0.04953	0.02429	0.00438	0.00367	0.00082	0.00343	0.02735	0.00285	0.76336
3	0.01600	0.01796	0.01336	0.11454	0.05358	0.54905	0.00949	0.11007	0.01344	0.04867	0.00825	0.00957	0.00647	0.00482	0.00429	0.00127	0.00730	0.00336	0.00273	0.00579
4	0.00638	0.00439	0.00529	0.00570	0.00591	0.00429	0.00363	0.00683	0.00774	0.01025	0.01944	0.26989	0.04493	0.50093	0.01623	0.00340	0.00384	0.07431	0.00338	0.00322
5	0.00558	0.00405	0.00527	0.00626	0.00662	0.00374	0.00420	0.00641	0.00892	0.01177	0.02694	0.77448	0.09049	0.01417	0.00583	0.00184	0.00264	0.01279	0.00426	0.00374
6	0.01095	0.00930	0.00989	0.00900	0.01135	0.01066	0.00692	0.03939	0.69725	0.01850	0.01888	0.07999	0.01522	0.03477	0.00539	0.00167	0.00362	0.00582	0.00457	0.00686
7	0.00777	0.00506	0.00685	0.00661	0.00694	0.00555	0.00466	0.02211	0.02472	0.00971	0.01188	0.01902	0.04536	0.18958	0.15310	0.39842	0.07215	0.00499	0.00245	0.00307
8	0.03460	0.03115	0.05469	0.00916	0.01220	0.04683	0.02336	0.16037	0.05221	0.32502	0.05528	0.01648	0.03494	0.03569	0.02031	0.00167	0.05427	0.02072	0.00437	0.00669
9	0.00960	0.12841	0.71364	0.01242	0.01883	0.01162	0.01580	0.01444	0.00965	0.01406	0.00800	0.00939	0.00583	0.00431	0.00418	0.00139	0.00654	0.00327	0.00194	0.00667
10	0.01084	0.01031	0.01742	0.12732	0.62430	0.01061	0.03378	0.01402	0.04181	0.01469	0.00968	0.01350	0.00822	0.00461	0.00466	0.00143	0.00547	0.03807	0.00243	0.00684
11	0.00994	0.12346	0.42195	0.01358	0.07833	0.04312	0.10946	0.01374	0.00987	0.01366	0.00966	0.04854	0.00820	0.00631	0.04016	0.00169	0.00658	0.03327	0.00224	0.00623
12	0.01053	0.01241	0.07684	0.04406	0.02131	0.03478	0.56013	0.03647	0.01082	0.01456	0.01070	0.06454	0.00911	0.00517	0.00564	0.00158	0.03385	0.03902	0.00255	0.00594
13	0.00561	0.00471	0.00491	0.00501	0.00652	0.00401	0.00386	0.00687	0.01047	0.01253	0.04439	0.04491	0.73340	0.01173	0.00551	0.00160	0.00251	0.08327	0.00426	0.00391
14	0.00966	0.00900	0.01532	0.44162	0.27122	0.01010	0.06061	0.01255	0.00967	0.01337	0.00890	0.01233	0.00700	0.00453	0.00474	0.00145	0.02380	0.00418	0.07417	0.00577
15	0.00988	0.02311	0.01174	0.01301	0.18712	0.04999	0.00842	0.05614	0.04321	0.03355	0.01391	0.13893	0.04840	0.03845	0.14991	0.00271	0.15726	0.00589	0.00298	0.00540
16	0.00559	0.00400	0.00533	0.00639	0.00666	0.00373	0.00426	0.00639	0.00879	0.01172	0.02530	0.83566	0.03036	0.01438	0.00586	0.00186	0.00266	0.01305	0.00426	0.00373
17	0.01067	0.00991	0.01292	0.01117	0.01167	0.05491	0.00920	0.02612	0.00800	0.05553	0.00768	0.01135	0.00708	0.01121	0.12136	0.00264	0.61701	0.00412	0.00234	0.00512

[dist]
# distance from previous block
# <min> <max>
0	1

[block]
# block no. 4 follows, 56 sequences, length 20
# corresponding to MSA columns:
# 191-210
name=unknown_E
#
# <colnr> <probs for GDERKNQSTAVLIFYWHMCP>
#	G	D	E	R	K	N	Q	S	T	A	V	L	I	F	Y	W	H	M	C	P
0	0.01431	0.08282	0.16646	0.02993	0.06386	0.13475	0.03377	0.29457	0.05480	0.04756	0.00980	0.01060	0.00730	0.00499	0.00461	0.00136	0.02462	0.00378	0.00326	0.00685
1	0.01217	0.04456	0.06865	0.07232	0.11897	0.02848	0.10416	0.20896	0.16947	0.01821	0.01233	0.01426	0.02725	0.06161	0.00604	0.00165	0.01633	0.00464	0.00336	0.00658
2	0.01280	0.57091	0.05312	0.02372	0.01408	0.09462	0.08782	0.07203	0.01076	0.01274	0.00719	0.00840	0.00614	0.00415	0.00352	0.00112	0.00563	0.00299	0.00223	0.00603
3	0.01040	0.03223	0.04284	0.03338	0.02489	0.00759	0.02459	0.07189	0.01054	0.02883	0.00853	0.00986	0.00688	0.00371	0.00364	0.00084	0.00393	0.00300	0.00282	0.66961
4	0.01054	0.23255	0.32437	0.01179	0.07020	0.06145	0.04240	0.04374	0.01047	0.01388	0.04709	0.06888	0.03309	0.00542	0.00423	0.00134	0.00563	0.00436	0.00249	0.00610
5	0.00989	0.01881	0.53255	0.01348	0.09456	0.04186	0.03881	0.01435	0.02842	0.04570	0.06533	0.01381	0.05198	0.00516	0.00455	0.00144	0.00601	0.00427	0.00254	0.00648
6	0.00792	0.00402	0.00603	0.00603	0.00607	0.00405	0.00405	0.00607	0.00603	0.00808	0.00814	0.01411	0.00811	0.01666	0.04896	0.83323	0.00431	0.00402	0.00201	0.00207
7	0.01261	0.01116	0.01089	0.00955	0.01226	0.08410	0.00747	0.12252	0.59698	0.01962	0.01638	0.01541	0.01230	0.00593	0.00456	0.00147	0.00419	0.00479	0.02543	0.02239
8	0.00856	0.00645	0.00760	0.00623	0.00884	0.00533	0.00485	0.01072	0.03528	0.06824	0.21057	0.04665	0.19627	0.00722	0.00453	0.00117	0.00288	0.00611	0.00393	0.35857
9	0.00977	0.11110	0.57652	0.01372	0.04998	0.01145	0.10996	0.01430	0.00985	0.01414	0.00867	0.01112	0.00665	0.00450	0.00440	0.00143	0.00657	0.02726	0.00207	0.00656
10	0.01026	0.00913	0.01471	0.29558	0.32347	0.00987	0.03307	0.04415	0.04834	0.03811	0.06577	0.01509	0.04098	0.00587	0.02497	0.00160	0.00542	0.00472	0.00277	0.00613
11	0.00557	0.00408	0.00524	0.00617	0.00660	0.00375	0.00416	0.00642	0.00900	0.01181	0.02802	0.73415	0.13012	0.01403	0.00580	0.00182	0.00262	0.01262	0.00426	0.00375
12	0.01790	0.01064	0.01224	0.00948	0.01297	0.01109	0.00780	0.45943	0.05013	0.30593	0.04449	0.01380	0.01069	0.00575	0.00464	0.00140	0.00448	0.00451	0.00500	0.00765
13	0.00968	0.12684	0.57105	0.01249	0.03817	0.01147	0.04346	0.01429	0.03668	0.01388	0.00864	0.01062	0.00666	0.03065	0.02501	0.00165	0.02663	0.00358	0.00210	0.00645
14	0.09846	0.01188	0.01267	0.00988	0.01324	0.01323	0.00815	0.63317	0.01897	0.05716	0.01079	0.01103	0.00774	0.00549	0.00479	0.00140	0.03678	0.00400	0.03387	0.00731
15	0.00666	0.00453	0.00539	0.00539	0.00553	0.00466	0.00326	0.00692	0.00679	0.00919	0.01411	0.02809	0.01584	0.70775	0.15311	0.00493	0.00573	0.00639	0.00273	0.00300
16	0.00952	0.00816	0.00952	0.00680	0.01088	0.00612	0.00544	0.01156	0.00952	0.01496	0.00816	0.00952	0.00680	0.00340	0.00340	0.00068	0.00340	0.00272	0.00272	0.86672
17	0.01835	0.00732	0.00989	0.00775	0.01093	0.00635	0.00634	0.02015	0.01302	0.68855	0.11201	0.01893	0.04619	0.00635	0.00474	0.00143	0.00364	0.00525	0.00555	0.00725
18	0.01071	0.08940	0.01071	0.00855	0.01071	0.03581	0.00666	0.11613	0.36279	0.01714	0.01813	0.26034	0.01708	0.00831	0.00483	0.00156	0.00380	0.00707	0.00420	0.00608
19	0.00993	0.00980	0.11998	0.05554	0.01277	0.00685	0.00736	0.01261	0.02272	0.07842	0.06397	0.01366	0.04354	0.00463	0.00393	0.00101	0.00390	0.00380	0.03041	0.49517

[dist]
# distance from previous block
# <min> <max>
0	31

[block]
# block no. 5 follows, 56 sequences, length 6
# corresponding to MSA columns:
# 270-275
name=unknown_F
#
# <colnr> <probs for GDERKNQSTAVLIFYWHMCP>
#	G	D	E	R	K	N	Q	S	T	A	V	L	I	F	Y	W	H	M	C	P
0	0.04917	0.01020	0.03196	0.16235	0.33698	0.03197	0.09887	0.03279	0.02323	0.04113	0.02671	0.03839	0.03750	0.00526	0.00491	0.00147	0.02483	0.01951	0.01657	0.00619
1	0.01145	0.01098	0.01694	0.05543	0.63774	0.05442	0.01284	0.04868	0.01097	0.01510	0.00993	0.04943	0.00888	0.00497	0.00465	0.00141	0.00545	0.03136	0.00253	0.00684
2	0.00572	0.00455	0.00514	0.00522	0.00644	0.00397	0.00383	0.00708	0.01082	0.01380	0.23413	0.17227	0.48778	0.01152	0.00549	0.00158	0.00234	0.00990	0.00446	0.00397
3	0.00656	0.00447	0.00563	0.00602	0.00688	0.00404	0.00425	0.00773	0.01014	0.05758	0.17114	0.48000	0.19365	0.01242	0.00562	0.00170	0.00257	0.01102	0.00448	0.00410
4	0.01084	0.03444	0.05270	0.21152	0.48164	0.01121	0.01314	0.04282	0.03561	0.01458	0.00874	0.01149	0.00708	0.00450	0.00495	0.00143	0.04028	0.00404	0.00235	0.00663
5	0.09845	0.00952	0.01076	0.00872	0.01167	0.03103	0.00707	0.22931	0.08369	0.31173	0.03282	0.01439	0.01065	0.03014	0.06525	0.00195	0.02704	0.00444	0.00451	0.00686

[dist]
# distance from previous block
# <min> <max>
6	10

[block]
# block no. 6 follows, 56 sequences, length 20
# corresponding to MSA columns:
# 286-305
name=unknown_G
#
# <colnr> <probs for GDERKNQSTAVLIFYWHMCP>
#	G	D	E	R	K	N	Q	S	T	A	V	L	I	F	Y	W	H	M	C	P
0	0.00611	0.00502	0.00622	0.00582	0.00732	0.00442	0.03683	0.00777	0.01135	0.01461	0.30331	0.03983	0.47862	0.01059	0.00546	0.00154	0.00258	0.04402	0.00445	0.00414
1	0.00981	0.00813	0.05126	0.14953	0.12714	0.00773	0.02252	0.02650	0.05540	0.11225	0.04667	0.16504	0.12771	0.00806	0.00533	0.00158	0.02761	0.03856	0.00362	0.00554
2	0.01275	0.03857	0.05400	0.17354	0.24686	0.13752	0.09179	0.05554	0.04660	0.08439	0.00968	0.01156	0.00738	0.00458	0.00454	0.00139	0.00607	0.00406	0.00275	0.00645
3	0.00894	0.00836	0.01181	0.01050	0.01076	0.01128	0.00862	0.01013	0.00726	0.01100	0.00864	0.01437	0.00857	0.03570	0.22618	0.00348	0.56088	0.03658	0.00224	0.00469
4	0.01227	0.84142	0.02406	0.00786	0.01178	0.01817	0.00786	0.01375	0.00933	0.01080	0.00638	0.00736	0.00589	0.00393	0.00295	0.00098	0.00491	0.00245	0.00196	0.00589
5	0.01226	0.03309	0.22134	0.04362	0.13573	0.07172	0.06853	0.03830	0.08884	0.14341	0.01252	0.08847	0.01018	0.00567	0.00464	0.00146	0.00550	0.00491	0.00322	0.00658
6	0.04136	0.01066	0.02552	0.03917	0.13273	0.09327	0.02424	0.14727	0.10204	0.17233	0.09857	0.05237	0.02787	0.00613	0.00467	0.00143	0.00467	0.00512	0.00403	0.00655
7	0.00811	0.00506	0.00659	0.00600	0.00740	0.00459	0.00457	0.01017	0.01289	0.11175	0.67627	0.03259	0.07806	0.00906	0.00532	0.00145	0.00238	0.00794	0.00509	0.00472
8	0.00896	0.00823	0.05573	0.04222	0.16174	0.00725	0.09590	0.02612	0.01070	0.06028	0.07505	0.09722	0.18947	0.03429	0.00582	0.00168	0.00438	0.10609	0.00355	0.00531
9	0.01106	0.07639	0.20658	0.19171	0.22143	0.07189	0.09806	0.01436	0.01025	0.04326	0.00858	0.01089	0.00659	0.00433	0.00446	0.00140	0.00627	0.00388	0.00226	0.00634
10	0.01727	0.02138	0.01293	0.01170	0.01410	0.79130	0.00880	0.01848	0.01301	0.03975	0.00749	0.00854	0.00611	0.00476	0.00416	0.00119	0.00812	0.00302	0.00248	0.00541
11	0.00797	0.00399	0.00598	0.00598	0.00598	0.00399	0.00399	0.00598	0.00598	0.00797	0.00797	0.01396	0.00797	0.01595	0.01794	0.86643	0.00399	0.00399	0.00199	0.00199
12	0.01087	0.07080	0.21319	0.09247	0.29052	0.04516	0.11364	0.03791	0.01048	0.01439	0.00876	0.01176	0.00709	0.00457	0.00484	0.00143	0.02950	0.02382	0.00227	0.00652
13	0.01081	0.04569	0.12152	0.06640	0.20610	0.07484	0.07103	0.02466	0.01051	0.08051	0.01355	0.18400	0.01302	0.00696	0.00487	0.00152	0.00528	0.04975	0.00305	0.00592
14	0.00638	0.00436	0.00537	0.00569	0.00585	0.00436	0.00355	0.00674	0.00735	0.00989	0.01727	0.26508	0.01996	0.49288	0.10156	0.02434	0.00474	0.00830	0.00316	0.00318
15	0.03009	0.01137	0.10044	0.19608	0.45524	0.01061	0.02720	0.01364	0.03523	0.01421	0.00876	0.01161	0.00708	0.00508	0.01771	0.01802	0.02482	0.00405	0.00227	0.00648
16	0.01429	0.03853	0.12982	0.03002	0.14827	0.07292	0.03729	0.14127	0.14382	0.17867	0.01236	0.01258	0.00891	0.00508	0.00451	0.00141	0.00526	0.00419	0.00367	0.00712
17	0.70214	0.07496	0.00902	0.00739	0.03529	0.08151	0.00583	0.01396	0.00847	0.01884	0.00653	0.00765	0.00520	0.00427	0.00302	0.00136	0.00413	0.00258	0.00271	0.00515
18	0.01118	0.01374	0.15687	0.10453	0.26998	0.09751	0.07530	0.04626	0.07855	0.01490	0.01013	0.05021	0.00839	0.00494	0.00458	0.00141	0.00587	0.00442	0.00261	0.03862
19	0.02601	0.00480	0.00576	0.00641	0.00689	0.02047	0.00441	0.00716	0.00874	0.01179	0.02409	0.58483	0.08988	0.09498	0.02279	0.00217	0.03019	0.02441	0.02044	0.00378

[dist]
# distance from previous block
# <min> <max>
1	4

[block]
# block no. 7 follows, 56 sequences, length 21
# corresponding to MSA columns:
# 310-330
name=unknown_H
#
# <colnr> <probs for GDERKNQSTAVLIFYWHMCP>
#	G	D	E	R	K	N	Q	S	T	A	V	L	I	F	Y	W	H	M	C	P
0	0.00646	0.00490	0.00606	0.00615	0.00712	0.00465	0.00449	0.00773	0.01020	0.03223	0.19847	0.34369	0.25556	0.01164	0.00610	0.00165	0.05220	0.01005	0.00429	0.02637
1	0.01277	0.18293	0.05074	0.00876	0.01263	0.11078	0.00761	0.18621	0.01259	0.01672	0.00830	0.00926	0.00668	0.00418	0.00371	0.00099	0.00483	0.00304	0.00290	0.35437
2	0.01091	0.06920	0.17977	0.02835	0.06638	0.00958	0.03418	0.09958	0.01095	0.03532	0.00871	0.01030	0.00689	0.01584	0.00451	0.00114	0.02820	0.00334	0.00271	0.37413
3	0.04327	0.23244	0.14035	0.10814	0.05505	0.07032	0.02321	0.03559	0.01031	0.05421	0.02670	0.03794	0.06636	0.00579	0.00462	0.00138	0.03671	0.03915	0.00271	0.00574
4	0.00596	0.00425	0.00558	0.00638	0.00678	0.00408	0.00441	0.00687	0.00880	0.01174	0.04950	0.57690	0.05198	0.11482	0.05060	0.00246	0.00349	0.07769	0.00401	0.00370
5	0.03305	0.01058	0.09835	0.16255	0.22865	0.01948	0.07622	0.03675	0.01075	0.10814	0.07280	0.06823	0.01171	0.00627	0.02336	0.00161	0.01723	0.00507	0.00303	0.00617
6	0.01142	0.01787	0.38207	0.01525	0.10420	0.09215	0.17243	0.03777	0.02833	0.05938	0.02958	0.01144	0.00772	0.00454	0.00463	0.00143	0.00659	0.00409	0.00252	0.00660
7	0.01008	0.01004	0.01430	0.03568	0.05477	0.01379	0.01033	0.01123	0.00727	0.01128	0.00622	0.01018	0.00609	0.00773	0.01422	0.00196	0.76365	0.00402	0.00202	0.00514
8	0.00584	0.00413	0.00539	0.00631	0.00658	0.00391	0.00422	0.00660	0.00859	0.01143	0.02373	0.68091	0.02823	0.13024	0.00835	0.00224	0.00300	0.05264	0.00405	0.00362
9	0.01130	0.01156	0.09208	0.03547	0.18557	0.09252	0.08000	0.06334	0.07487	0.06525	0.03947	0.10537	0.02810	0.00685	0.00496	0.00153	0.00524	0.08710	0.00334	0.00608
10	0.01155	0.01119	0.01825	0.06399	0.64174	0.03423	0.06186	0.03710	0.04698	0.01531	0.00914	0.01163	0.00748	0.00426	0.00460	0.00139	0.00561	0.00419	0.00244	0.00706
11	0.00668	0.00445	0.00501	0.00501	0.00501	0.00445	0.00278	0.00668	0.00668	0.00890	0.01447	0.03004	0.01669	0.83866	0.02337	0.00445	0.00445	0.00668	0.00278	0.00278
12	0.01331	0.00991	0.01272	0.03346	0.18231	0.03564	0.02313	0.20139	0.12611	0.13225	0.08354	0.03924	0.01332	0.00753	0.04786	0.00176	0.00499	0.02077	0.00400	0.00675
13	0.05439	0.17858	0.12372	0.03650	0.01451	0.20670	0.06315	0.06212	0.04366	0.01372	0.00850	0.01052	0.00706	0.02523	0.06514	0.00181	0.04811	0.00354	0.00248	0.03056
14	0.00867	0.00816	0.01377	0.82762	0.03162	0.01020	0.01275	0.01173	0.00918	0.01173	0.00816	0.01224	0.00612	0.00459	0.00459	0.00153	0.00612	0.00408	0.00204	0.00510
15	0.01261	0.03135	0.08536	0.12021	0.23955	0.12609	0.04554	0.08620	0.11654	0.06013	0.01107	0.01242	0.02264	0.00489	0.00452	0.00140	0.00573	0.00417	0.00297	0.00661
16	0.00756	0.00679	0.04322	0.00764	0.04167	0.00592	0.03396	0.01043	0.10745	0.03402	0.04941	0.10893	0.35712	0.09137	0.00721	0.01609	0.00341	0.03376	0.00388	0.03016
17	0.01063	0.05566	0.06970	0.01121	0.08731	0.07582	0.07998	0.06216	0.07818	0.04024	0.02908	0.08271	0.11104	0.00660	0.00482	0.00137	0.01899	0.03570	0.00329	0.13553
18	0.01016	0.10001	0.05313	0.01928	0.02788	0.00771	0.00659	0.04698	0.03114	0.11377	0.10903	0.18865	0.03598	0.04470	0.00567	0.00153	0.01779	0.03576	0.00376	0.14049
19	0.01023	0.00919	0.02065	0.00936	0.04466	0.09728	0.03968	0.08856	0.14166	0.03155	0.05906	0.25477	0.03123	0.06633	0.00623	0.00170	0.00424	0.00721	0.00380	0.07263
20	0.01202	0.20112	0.06893	0.03652	0.09887	0.14787	0.06492	0.03762	0.09422	0.04241	0.02905	0.05234	0.04144	0.00603	0.02128	0.00143	0.00557	0.00444	0.00289	0.03105

[dist]
# distance from previous block
# <min> <max>
9	20

[block]
# block no. 8 follows, 56 sequences, length 23
# corresponding to MSA columns:
# 354-376
name=unknown_I
#
# <colnr> <probs for GDERKNQSTAVLIFYWHMCP>
#	G	D	E	R	K	N	Q	S	T	A	V	L	I	F	Y	W	H	M	C	P
0	0.01065	0.03426	0.08044	0.04672	0.36542	0.02106	0.05218	0.05023	0.06423	0.02624	0.06961	0.06813	0.01181	0.00598	0.01882	0.00151	0.01788	0.00498	0.00291	0.04695
1	0.01000	0.03641	0.05982	0.06176	0.07054	0.00822	0.08135	0.04237	0.02651	0.01509	0.00916	0.03855	0.00771	0.00416	0.00394	0.00100	0.00441	0.00365	0.00270	0.51264
2	0.03632	0.04725	0.07881	0.07953	0.35060	0.02672	0.07236	0.02932	0.07559	0.01494	0.02275	0.03175	0.04287	0.00598	0.03237	0.00160	0.00552	0.00456	0.00267	0.03848
3	0.13529	0.02128	0.05107	0.01909	0.07574	0.03263	0.02912	0.26881	0.06632	0.03675	0.03616	0.02872	0.06917	0.00658	0.01726	0.00153	0.02134	0.04151	0.00369	0.03795
4	0.27995	0.02735	0.01363	0.03453	0.05894	0.12003	0.14054	0.10567	0.14446	0.01832	0.00975	0.01079	0.00746	0.00473	0.00411	0.00142	0.00528	0.00382	0.00313	0.00609
5	0.00822	0.03307	0.52002	0.01053	0.01508	0.00856	0.01234	0.01195	0.00948	0.01365	0.05516	0.13822	0.02929	0.08499	0.00648	0.00181	0.00550	0.02732	0.00264	0.00567
6	0.00688	0.00463	0.00528	0.00525	0.00536	0.00471	0.00305	0.00730	0.03381	0.00927	0.01434	0.02877	0.01618	0.76262	0.04366	0.03202	0.00462	0.00649	0.00281	0.00294
7	0.08741	0.01237	0.10382	0.11376	0.01626	0.01202	0.03369	0.41954	0.05667	0.02241	0.03254	0.04842	0.00939	0.00564	0.00452	0.00145	0.00508	0.00451	0.00375	0.00675
8	0.08357	0.07228	0.09775	0.08306	0.11550	0.11378	0.08247	0.21411	0.03310	0.03155	0.00905	0.01048	0.00689	0.00475	0.00454	0.00138	0.02248	0.00380	0.00297	0.00651
9	0.00552	0.00459	0.00484	0.00501	0.00638	0.00391	0.00373	0.00667	0.01026	0.01237	0.04303	0.14277	0.68197	0.01201	0.00551	0.00161	0.00244	0.03923	0.00426	0.00387
10	0.00603	0.00474	0.00551	0.00551	0.00672	0.00429	0.00407	0.00786	0.03545	0.01450	0.29942	0.15575	0.38763	0.01175	0.02835	0.00172	0.00264	0.00944	0.00449	0.00412
11	0.08665	0.02828	0.09915	0.07638	0.10635	0.01093	0.12726	0.09754	0.16186	0.06639	0.01259	0.03556	0.03145	0.00542	0.00493	0.00149	0.03331	0.00469	0.00328	0.00648
12	0.04437	0.08339	0.04489	0.07723	0.08708	0.11563	0.00962	0.37430	0.05903	0.02061	0.00969	0.01063	0.00734	0.00511	0.00465	0.00136	0.03102	0.00380	0.00344	0.00681
13	0.04993	0.00650	0.02283	0.00843	0.07139	0.00682	0.00607	0.07388	0.03194	0.01529	0.02589	0.03315	0.01150	0.01766	0.34610	0.00382	0.00710	0.00469	0.25213	0.00488
14	0.02492	0.05368	0.02542	0.04805	0.16068	0.04467	0.09308	0.05428	0.04130	0.14048	0.06618	0.11364	0.06156	0.00738	0.02171	0.00160	0.00486	0.02690	0.00359	0.00602
15	0.05327	0.09985	0.09121	0.06765	0.28535	0.08391	0.02712	0.04909	0.03545	0.09544	0.01016	0.03469	0.00824	0.00488	0.00432	0.00136	0.00541	0.01542	0.00284	0.02433
16	0.02081	0.01299	0.18110	0.01339	0.14643	0.10105	0.04668	0.04301	0.06764	0.02682	0.01272	0.12930	0.01187	0.00909	0.07721	0.00203	0.02687	0.04416	0.00293	0.02389
17	0.01118	0.04008	0.13728	0.02707	0.25683	0.02201	0.11365	0.04763	0.07561	0.06439	0.01226	0.06247	0.03645	0.00567	0.00527	0.01889	0.03096	0.00491	0.00291	0.02448
18	0.01235	0.08381	0.11740	0.03248	0.13581	0.13134	0.13589	0.06384	0.07024	0.05154	0.02301	0.02273	0.00834	0.00478	0.00462	0.00134	0.02132	0.00413	0.01599	0.05904
19	0.03626	0.06536	0.07457	0.05724	0.13716	0.10954	0.00951	0.15930	0.02253	0.11449	0.02419	0.01333	0.04403	0.00534	0.00475	0.00134	0.03644	0.01552	0.00330	0.06579
20	0.01188	0.10185	0.16639	0.03513	0.13644	0.10834	0.02660	0.06383	0.04413	0.05727	0.03246	0.04023	0.00934	0.00526	0.00472	0.00133	0.03672	0.02226	0.00284	0.09296
21	0.02892	0.06683	0.09629	0.03755	0.10282	0.10191	0.02583	0.05125	0.10154	0.05735	0.03843	0.03523	0.03597	0.00553	0.00473	0.00133	0.03979	0.01268	0.05309	0.10291
22	0.04535	0.10661	0.19414	0.02446	0.15581	0.12752	0.05331	0.05861	0.02960	0.04161	0.02028	0.04042	0.02419	0.00510	0.00463	0.00136	0.03159	0.00409	0.00265	0.02865

[dist]
# distance from previous block
# <min> <max>
16	239

[block]
# block no. 9 follows, 56 sequences, length 15
# corresponding to MSA columns:
# 618-623,637-645
name=unknown_J
#
# <colnr> <probs for GDERKNQSTAVLIFYWHMCP>
#	G	D	E	R	K	N	Q	S	T	A	V	L	I	F	Y	W	H	M	C	P
0	0.07493	0.04878	0.08517	0.09221	0.23915	0.08063	0.07165	0.05744	0.07120	0.03347	0.00957	0.02071	0.00773	0.01575	0.02569	0.00160	0.03767	0.00407	0.00268	0.01990
1	0.04413	0.09490	0.13809	0.17071	0.31695	0.04072	0.07123	0.03070	0.01023	0.01426	0.00821	0.01066	0.00654	0.00424	0.00433	0.00137	0.00588	0.00380	0.00223	0.02081
2	0.00972	0.05505	0.07016	0.14088	0.09682	0.07971	0.00902	0.01233	0.05242	0.02677	0.02881	0.11319	0.04262	0.03996	0.05327	0.00193	0.08242	0.01522	0.00283	0.06688
3	0.00758	0.00628	0.03262	0.00853	0.06488	0.00587	0.00621	0.04013	0.05713	0.01485	0.17664	0.21329	0.08563	0.05038	0.04172	0.00206	0.00380	0.15236	0.02539	0.00465
4	0.03790	0.01010	0.01088	0.10414	0.04495	0.06677	0.00800	0.03341	0.49629	0.01735	0.03926	0.03608	0.01314	0.00609	0.00460	0.00149	0.00427	0.02108	0.00397	0.04020
5	0.00622	0.00448	0.00559	0.00608	0.00651	0.00440	0.00405	0.00744	0.03929	0.01163	0.07106	0.44763	0.06165	0.23647	0.06334	0.00286	0.00376	0.01005	0.00381	0.00368
6	0.01253	0.28888	0.16695	0.05215	0.06936	0.09692	0.06785	0.07872	0.03840	0.04733	0.00853	0.00984	0.00673	0.00455	0.00437	0.00129	0.03331	0.00346	0.00252	0.00633
7	0.04809	0.09868	0.41714	0.03090	0.10852	0.03277	0.11407	0.03267	0.03089	0.03192	0.00867	0.01027	0.00649	0.00434	0.00433	0.00140	0.00628	0.00369	0.00229	0.00658
8	0.00713	0.00535	0.00660	0.00735	0.04187	0.03012	0.00489	0.00812	0.00879	0.02890	0.05774	0.29371	0.06439	0.23733	0.10752	0.00315	0.00471	0.07488	0.00357	0.00389
9	0.00975	0.00813	0.01334	0.06519	0.24801	0.00820	0.10254	0.01236	0.05749	0.05732	0.08029	0.11976	0.02846	0.04048	0.00696	0.06615	0.02130	0.04554	0.00320	0.00552
10	0.01127	0.06155	0.11443	0.12323	0.34785	0.05105	0.04596	0.04031	0.01067	0.04942	0.02945	0.04152	0.00875	0.00494	0.00477	0.00141	0.02654	0.00436	0.01607	0.00644
11	0.01110	0.05313	0.07878	0.14682	0.24628	0.05894	0.04149	0.06211	0.03802	0.05201	0.01143	0.09891	0.01024	0.01611	0.01678	0.00159	0.02548	0.02181	0.00284	0.00612
12	0.02113	0.00975	0.08392	0.03260	0.14466	0.05458	0.05154	0.04236	0.03144	0.04280	0.06903	0.10507	0.22385	0.00840	0.01983	0.00162	0.04188	0.00672	0.00342	0.00542
13	0.12765	0.00784	0.06012	0.07805	0.10373	0.00713	0.03273	0.02887	0.00996	0.01502	0.11564	0.27887	0.06714	0.00858	0.00487	0.00155	0.00383	0.00754	0.00349	0.03739
14	0.03395	0.06283	0.13472	0.01296	0.13406	0.11444	0.05247	0.08383	0.08689	0.02855	0.03764	0.05984	0.05066	0.00594	0.00478	0.00141	0.02527	0.02313	0.00308	0.04355

[dist]
# distance from previous block
# <min> <max>
31	338

[block]
# block no. 10 follows, 56 sequences, length 47
# corresponding to MSA columns:
# 1036-1056,1059-1069,1076-1078,1080-1091
name=unknown_K
#
# <colnr> <probs for GDERKNQSTAVLIFYWHMCP>
#	G	D	E	R	K	N	Q	S	T	A	V	L	I	F	Y	W	H	M	C	P
0	0.02705	0.15085	0.10364	0.03154	0.14567	0.11735	0.00976	0.13596	0.04771	0.03125	0.03368	0.02606	0.04469	0.00563	0.00435	0.00135	0.00530	0.04790	0.00305	0.02721
1	0.03205	0.04478	0.09010	0.01458	0.20489	0.03093	0.07410	0.16350	0.08965	0.06328	0.04847	0.04013	0.05397	0.00628	0.02160	0.00155	0.00517	0.00493	0.00342	0.00662
2	0.06168	0.08747	0.09912	0.06188	0.25761	0.09053	0.02072	0.04633	0.05053	0.01462	0.02060	0.04255	0.00876	0.02499	0.04515	0.00172	0.02357	0.00418	0.00260	0.03540
3	0.01018	0.11753	0.05143	0.07775	0.10814	0.02466	0.00819	0.07759	0.02489	0.05447	0.10168	0.03796	0.12219	0.02941	0.00538	0.00152	0.01845	0.08120	0.00343	0.04395
4	0.03313	0.21463	0.03983	0.00890	0.04095	0.03639	0.03667	0.05327	0.03383	0.04247	0.05909	0.12348	0.04677	0.06458	0.11038	0.00233	0.02292	0.00559	0.00309	0.02169
5	0.04862	0.05213	0.13963	0.01286	0.15726	0.02030	0.03375	0.06766	0.12322	0.14454	0.07375	0.05872	0.02405	0.00597	0.00459	0.00145	0.00467	0.01660	0.00364	0.00659
6	0.02271	0.08634	0.15789	0.03998	0.04515	0.02395	0.01934	0.13217	0.02935	0.02743	0.05066	0.01882	0.11386	0.00671	0.00577	0.00148	0.09870	0.06009	0.01695	0.04266
7	0.02247	0.04985	0.19492	0.00880	0.01172	0.02650	0.00837	0.10331	0.07936	0.04186	0.07041	0.18634	0.02795	0.05280	0.00579	0.00168	0.00438	0.04412	0.03906	0.02032
8	0.01204	0.17835	0.11519	0.05734	0.09472	0.14085	0.03516	0.08949	0.04677	0.02973	0.02650	0.01345	0.04365	0.00679	0.04809	0.00165	0.01731	0.02283	0.00277	0.01732
9	0.00654	0.00508	0.00672	0.00652	0.00771	0.00525	0.00499	0.00827	0.02197	0.01212	0.09670	0.02553	0.19665	0.05308	0.46939	0.00491	0.00814	0.00628	0.00318	0.05097
10	0.01095	0.00913	0.01223	0.05822	0.13101	0.03432	0.06117	0.03659	0.04249	0.08317	0.02233	0.02590	0.06585	0.00484	0.00420	0.00111	0.00431	0.00422	0.00312	0.38483
11	0.02223	0.07100	0.39410	0.04751	0.15887	0.03785	0.02581	0.02584	0.03312	0.01434	0.01040	0.04878	0.00896	0.00601	0.02180	0.00159	0.00606	0.05698	0.00243	0.00633
12	0.00960	0.00850	0.01258	0.28704	0.15113	0.02295	0.02593	0.01251	0.06341	0.03095	0.04316	0.01471	0.00977	0.08027	0.03427	0.02127	0.05815	0.00445	0.00263	0.10672
13	0.00545	0.00464	0.00470	0.00471	0.00623	0.00388	0.00352	0.00663	0.01049	0.01253	0.06369	0.05955	0.77515	0.01163	0.00543	0.00155	0.00233	0.00972	0.00428	0.00388
14	0.01090	0.01055	0.01537	0.17003	0.29643	0.07710	0.08041	0.04080	0.05480	0.02589	0.07815	0.01470	0.03528	0.00568	0.01509	0.00153	0.05364	0.00472	0.00279	0.00611
15	0.00552	0.00465	0.00478	0.00475	0.00626	0.00392	0.00356	0.00677	0.01069	0.01294	0.11409	0.04330	0.74024	0.01143	0.00542	0.00154	0.00231	0.00957	0.00433	0.00392
16	0.01033	0.00823	0.00967	0.00695	0.01100	0.00632	0.00558	0.02757	0.00997	0.06251	0.00881	0.00991	0.00709	0.00358	0.00350	0.00074	0.00346	0.00286	0.00293	0.79899
17	0.01158	0.01081	0.04789	0.20387	0.45675	0.01085	0.03527	0.07645	0.03537	0.05281	0.00947	0.01187	0.00739	0.00446	0.00458	0.00142	0.00556	0.00416	0.00263	0.00680
18	0.02820	0.08524	0.03292	0.01749	0.32039	0.19367	0.02829	0.09658	0.01198	0.06043	0.00898	0.01114	0.00735	0.00488	0.00501	0.00136	0.05833	0.01852	0.00273	0.00653
19	0.01010	0.00757	0.01071	0.01299	0.22728	0.03130	0.02291	0.02752	0.03622	0.11835	0.12759	0.27128	0.05960	0.00869	0.00513	0.00155	0.00385	0.00781	0.00394	0.00561
20	0.00825	0.00577	0.00877	0.15671	0.01227	0.00654	0.01767	0.00914	0.00782	0.05245	0.02274	0.02848	0.02716	0.06555	0.28840	0.21868	0.05229	0.00484	0.00253	0.00395
21	0.03683	0.01077	0.01776	0.14437	0.56713	0.03655	0.07336	0.01379	0.01035	0.01461	0.02575	0.01185	0.00774	0.00429	0.00457	0.00140	0.00569	0.00420	0.00232	0.00667
22	0.01053	0.01091	0.06735	0.12369	0.51133	0.01014	0.03295	0.01367	0.03388	0.01459	0.00927	0.03347	0.00780	0.00443	0.00448	0.00134	0.00533	0.00421	0.00240	0.09824
23	0.73009	0.06199	0.00886	0.03299	0.01041	0.04613	0.02581	0.01370	0.00826	0.01914	0.00655	0.00777	0.00516	0.00426	0.00303	0.00139	0.00403	0.00263	0.00273	0.00508
24	0.06562	0.00721	0.00962	0.00929	0.07053	0.00694	0.00695	0.03120	0.03680	0.36331	0.06272	0.02357	0.03579	0.02354	0.07234	0.00209	0.00461	0.14488	0.01683	0.00620
25	0.00958	0.00810	0.00873	0.00823	0.01026	0.00902	0.00628	0.01875	0.54918	0.01695	0.02346	0.16016	0.11785	0.00844	0.00501	0.00162	0.00332	0.02435	0.00454	0.00617
26	0.00657	0.00488	0.00720	0.00720	0.00796	0.00564	0.00552	0.00808	0.00733	0.01053	0.01246	0.01894	0.01187	0.09468	0.76075	0.00716	0.01171	0.00505	0.00248	0.00400
27	0.01002	0.00964	0.01670	0.41927	0.38671	0.01060	0.05512	0.01297	0.00985	0.01338	0.00844	0.01185	0.00669	0.00432	0.00461	0.00145	0.00590	0.00416	0.00216	0.00615
28	0.00634	0.00461	0.00577	0.00581	0.00686	0.00418	0.00430	0.00799	0.01145	0.02875	0.42993	0.20616	0.20683	0.01101	0.00554	0.00158	0.00242	0.04160	0.00469	0.00416
29	0.06051	0.07473	0.13681	0.03716	0.14279	0.36987	0.03084	0.05314	0.01170	0.01376	0.00780	0.00942	0.00630	0.00508	0.02004	0.00140	0.00696	0.00333	0.00238	0.00599
30	0.01261	0.78545	0.02330	0.00813	0.01195	0.07294	0.00792	0.01406	0.00958	0.01083	0.00643	0.00743	0.00589	0.00398	0.00303	0.00100	0.00514	0.00249	0.00199	0.00585
31	0.00978	0.00525	0.00575	0.04322	0.00757	0.00539	0.00425	0.05765	0.02271	0.06238	0.02479	0.01667	0.01169	0.00541	0.00348	0.00114	0.00262	0.00435	0.70112	0.00477
32	0.00660	0.00476	0.00656	0.00656	0.00710	0.00530	0.00472	0.00768	0.00714	0.01005	0.01304	0.02216	0.01327	0.31061	0.54674	0.00637	0.00960	0.00552	0.00257	0.00365
33	0.00656	0.00492	0.00738	0.00738	0.00820	0.00574	0.00574	0.00820	0.00738	0.01066	0.01230	0.01804	0.01148	0.03443	0.82046	0.00738	0.01230	0.00492	0.00246	0.00410
34	0.01275	0.73411	0.02253	0.00811	0.01196	0.01740	0.00787	0.06769	0.04350	0.02762	0.00744	0.00818	0.00647	0.00417	0.00316	0.00104	0.00485	0.00273	0.00233	0.00612
35	0.01180	0.55175	0.03884	0.00829	0.01150	0.01534	0.00785	0.08541	0.01016	0.01305	0.00789	0.00948	0.00692	0.00677	0.06397	0.00159	0.07494	0.00308	0.06559	0.00577
36	0.01256	0.63049	0.09283	0.00888	0.01276	0.13208	0.00876	0.01434	0.00984	0.01119	0.00679	0.00796	0.00602	0.00482	0.02315	0.00121	0.00574	0.00267	0.00203	0.00585
37	0.87108	0.00888	0.00675	0.00604	0.00888	0.01030	0.00497	0.01350	0.00781	0.02060	0.00639	0.00746	0.00497	0.00426	0.00284	0.00142	0.00355	0.00249	0.00284	0.00497
38	0.02262	0.10324	0.43838	0.08486	0.08219	0.01152	0.06621	0.03923	0.04319	0.01455	0.00901	0.03064	0.00705	0.00472	0.00459	0.00143	0.02393	0.00388	0.00227	0.00646
39	0.00659	0.00444	0.00501	0.00505	0.00512	0.00440	0.00287	0.00666	0.00690	0.00914	0.01606	0.06455	0.04525	0.77463	0.02199	0.00424	0.00430	0.00705	0.00290	0.00286
40	0.00559	0.00400	0.00533	0.00639	0.00666	0.00373	0.00426	0.00639	0.00879	0.01172	0.02530	0.83566	0.03036	0.01438	0.00586	0.00186	0.00266	0.01305	0.00426	0.00373
41	0.00656	0.00490	0.00729	0.00729	0.00809	0.00569	0.00563	0.00814	0.00735	0.01060	0.01237	0.01846	0.01166	0.06286	0.79228	0.00727	0.01202	0.00498	0.00247	0.00405
42	0.00885	0.00835	0.01410	0.77303	0.08478	0.01025	0.01284	0.01189	0.00927	0.01195	0.00819	0.01218	0.00620	0.00456	0.00459	0.00152	0.00607	0.00408	0.00206	0.00525
43	0.00748	0.00499	0.00644	0.00594	0.00724	0.00459	0.00450	0.00975	0.02608	0.07237	0.69912	0.03327	0.08219	0.00920	0.00535	0.00145	0.00232	0.00807	0.00505	0.00459
44	0.00892	0.00754	0.00884	0.00660	0.01017	0.00577	0.00521	0.01086	0.00977	0.01491	0.06549	0.05428	0.04961	0.00476	0.00376	0.00083	0.00323	0.00396	0.00303	0.72248
45	0.79604	0.00865	0.00676	0.00605	0.00871	0.00997	0.00489	0.02768	0.00799	0.01996	0.00703	0.00907	0.00583	0.06127	0.00428	0.00163	0.00364	0.00280	0.00287	0.00488
46	0.06561	0.00499	0.00645	0.00725	0.00814	0.00495	0.00575	0.00852	0.00994	0.01389	0.09776	0.34386	0.02805	0.01244	0.00583	0.00191	0.00339	0.36294	0.00422	0.00410

[dist]
# distance from previous block
# <min> <max>
0	18

# created by:
# /st0/software/busco_prod/Augustus/scripts/msa2prfl.pl ./align_prep/67700.fa
