[name]
unknown

[dist]
# distance from previous block
# <min> <max>
10	43

[block]
# block no. 0 follows, 57 sequences, length 46
# corresponding to MSA columns:
# 346-391
name=unknown_A
#
# <colnr> <probs for GDERKNQSTAVLIFYWHMCP>
#	G	D	E	R	K	N	Q	S	T	A	V	L	I	F	Y	W	H	M	C	P
0	0.00580	0.00404	0.00526	0.00604	0.00635	0.00379	0.00401	0.00638	0.00850	0.01128	0.04635	0.63859	0.07109	0.09307	0.00819	0.05959	0.00285	0.01137	0.00394	0.00350
1	0.00607	0.00465	0.00659	0.00702	0.00746	0.00464	0.03330	0.00702	0.00873	0.01181	0.06020	0.66929	0.02739	0.05014	0.02462	0.00205	0.04979	0.01143	0.00395	0.00384
2	0.04866	0.00501	0.00613	0.00695	0.03867	0.00496	0.00459	0.00823	0.05347	0.01231	0.04236	0.41767	0.10658	0.16746	0.02370	0.00233	0.00335	0.03980	0.00380	0.00396
3	0.02678	0.17047	0.29593	0.01350	0.11596	0.04605	0.09701	0.06850	0.02860	0.01430	0.00828	0.01013	0.00654	0.00518	0.00522	0.06965	0.00588	0.00358	0.00228	0.00614
4	0.01131	0.01108	0.01819	0.02645	0.73726	0.04046	0.03941	0.01397	0.01043	0.01463	0.00887	0.01212	0.00759	0.00426	0.00454	0.00136	0.00553	0.02325	0.00230	0.00700
5	0.00991	0.00991	0.01388	0.01190	0.01190	0.01388	0.00991	0.01091	0.00694	0.01091	0.00595	0.00991	0.00595	0.00793	0.01487	0.00198	0.83246	0.00397	0.00198	0.00496
6	0.02921	0.00624	0.00751	0.00699	0.03126	0.00585	0.00521	0.06441	0.04547	0.18486	0.20850	0.09200	0.27658	0.00894	0.00505	0.00148	0.00296	0.00758	0.00463	0.00526
7	0.01214	0.24878	0.26684	0.01352	0.13308	0.17718	0.03419	0.04050	0.01066	0.01320	0.00757	0.00901	0.00609	0.00424	0.00394	0.00124	0.00626	0.00319	0.00215	0.00625
8	0.00653	0.00464	0.00622	0.00622	0.00666	0.00508	0.00433	0.00741	0.00697	0.00973	0.01311	0.02320	0.01367	0.40175	0.45824	0.00597	0.00861	0.00565	0.00257	0.00345
9	0.00557	0.00429	0.00509	0.00554	0.00641	0.00381	0.00391	0.00667	0.00986	0.01266	0.13159	0.41694	0.34645	0.01248	0.00556	0.00166	0.00243	0.01096	0.00430	0.00381
10	0.01019	0.00886	0.09717	0.05864	0.11780	0.00725	0.06831	0.02499	0.03220	0.15407	0.06411	0.21850	0.10257	0.00801	0.00501	0.00154	0.00422	0.00718	0.00374	0.00564
11	0.01603	0.04690	0.04082	0.03336	0.09214	0.14105	0.03201	0.38607	0.02640	0.12481	0.01065	0.01103	0.00769	0.00504	0.00441	0.00133	0.00552	0.00391	0.00378	0.00703
12	0.00707	0.00561	0.00810	0.00778	0.00841	0.00685	0.00608	0.00849	0.00723	0.01060	0.01136	0.01737	0.01084	0.08625	0.62002	0.00610	0.14170	0.00482	0.02122	0.00410
13	0.74477	0.01001	0.05729	0.00678	0.00989	0.01053	0.00596	0.08183	0.00901	0.02068	0.00682	0.00780	0.00520	0.00432	0.00305	0.00140	0.00383	0.00265	0.00290	0.00526
14	0.01223	0.06370	0.04142	0.01455	0.19979	0.09728	0.08774	0.10451	0.15239	0.05467	0.04763	0.06893	0.01170	0.00573	0.00461	0.00141	0.00513	0.01679	0.00335	0.00644
15	0.01367	0.29459	0.08249	0.01208	0.08911	0.34954	0.03807	0.02940	0.01114	0.01202	0.00800	0.00924	0.02358	0.00445	0.00383	0.00116	0.00647	0.00315	0.00224	0.00578
16	0.01095	0.04864	0.15050	0.06079	0.46705	0.01100	0.11237	0.01443	0.03287	0.03509	0.00895	0.01121	0.00708	0.00417	0.00450	0.00138	0.00580	0.00406	0.00233	0.00682
17	0.01295	0.49501	0.10807	0.00956	0.01316	0.23025	0.00912	0.01473	0.01010	0.01119	0.00667	0.00789	0.00582	0.00433	0.00395	0.00112	0.04559	0.00273	0.00204	0.00572
18	0.01165	0.42469	0.25091	0.01118	0.04158	0.08829	0.07078	0.03037	0.01004	0.01256	0.00728	0.00859	0.00596	0.00411	0.00369	0.00118	0.00592	0.00304	0.00206	0.00612
19	0.00650	0.00476	0.00681	0.00681	0.00746	0.00541	0.00508	0.00779	0.00714	0.01017	0.01257	0.02018	0.01236	0.19593	0.66227	0.00670	0.01058	0.00520	0.00249	0.00378
20	0.00969	0.03981	0.60891	0.01196	0.01746	0.06525	0.01433	0.01482	0.07094	0.01422	0.01059	0.01256	0.03495	0.00507	0.00462	0.00145	0.02508	0.02960	0.00231	0.00639
21	0.00701	0.00513	0.00710	0.00695	0.00773	0.00580	0.00520	0.04560	0.00781	0.01102	0.01252	0.01992	0.01222	0.19957	0.61808	0.00640	0.01019	0.00518	0.00259	0.00395
22	0.14163	0.00636	0.00625	0.00567	0.00735	0.01711	0.00445	0.08183	0.03951	0.04088	0.03334	0.01556	0.02807	0.00546	0.00375	0.00121	0.02468	0.00417	0.52785	0.00487
23	0.00780	0.00614	0.00870	0.00884	0.01033	0.00619	0.06020	0.01112	0.09919	0.01411	0.02431	0.04400	0.09285	0.01113	0.00593	0.00194	0.00417	0.57434	0.00410	0.00461
24	0.01131	0.00960	0.01023	0.00923	0.01175	0.01103	0.00725	0.06088	0.71686	0.01909	0.01842	0.01873	0.01429	0.00651	0.00471	0.00156	0.00369	0.05327	0.00458	0.00701
25	0.00964	0.17187	0.67364	0.01198	0.01817	0.01186	0.01512	0.01421	0.00950	0.01368	0.00780	0.00915	0.00575	0.00423	0.00405	0.00135	0.00636	0.00318	0.00192	0.00654
26	0.00740	0.00609	0.00854	0.00801	0.00844	0.00756	0.00618	0.00852	0.00705	0.01026	0.01095	0.01818	0.01098	0.19396	0.44465	0.00529	0.22656	0.00498	0.00238	0.00402
27	0.00570	0.00413	0.00543	0.00640	0.00684	0.00386	0.00448	0.00666	0.00900	0.01184	0.02649	0.69020	0.09022	0.01380	0.00580	0.00184	0.00277	0.09657	0.00420	0.00375
28	0.00863	0.00813	0.01372	0.80869	0.05183	0.01009	0.01262	0.01164	0.00909	0.01166	0.00807	0.01206	0.00607	0.00452	0.00453	0.00151	0.00602	0.00403	0.00202	0.00509
29	0.00700	0.00507	0.00689	0.00772	0.00879	0.00496	0.00660	0.00896	0.01057	0.01377	0.09214	0.07500	0.09687	0.01221	0.00609	0.00197	0.00378	0.62323	0.00425	0.00413
30	0.01723	0.01269	0.01360	0.01043	0.01405	0.01405	0.00861	0.79738	0.02131	0.02856	0.01088	0.01088	0.00771	0.00544	0.00453	0.00136	0.00499	0.00408	0.00453	0.00771
31	0.87276	0.00876	0.00666	0.00596	0.00876	0.01017	0.00491	0.01332	0.00771	0.02033	0.00631	0.00736	0.00491	0.00421	0.00280	0.00140	0.00351	0.00245	0.00280	0.00491
32	0.00661	0.00496	0.00632	0.00696	0.00812	0.00470	0.00583	0.00833	0.01036	0.01315	0.05686	0.06225	0.27255	0.03098	0.00632	0.00194	0.00349	0.48206	0.00418	0.00403
33	0.00648	0.00484	0.00723	0.00723	0.00802	0.00564	0.00560	0.00806	0.00727	0.01048	0.01218	0.01806	0.01144	0.05187	0.80507	0.00722	0.01197	0.00489	0.00243	0.00402
34	0.00787	0.00394	0.00590	0.00590	0.00590	0.00394	0.00394	0.00590	0.00590	0.00787	0.00787	0.01377	0.00787	0.01574	0.01771	0.86816	0.00394	0.00394	0.00197	0.00197
35	0.66142	0.00835	0.00694	0.00616	0.00877	0.00943	0.00501	0.06391	0.02069	0.01997	0.07161	0.01296	0.07940	0.00534	0.00336	0.00141	0.00339	0.00367	0.00323	0.00498
36	0.00610	0.00433	0.00559	0.00632	0.00689	0.00407	0.00438	0.00745	0.03315	0.02817	0.09751	0.64922	0.08257	0.01311	0.00567	0.00177	0.00266	0.03279	0.00432	0.00394
37	0.01117	0.00953	0.01003	0.00904	0.01154	0.01101	0.00703	0.02358	0.77511	0.01888	0.01831	0.01691	0.01375	0.00612	0.00456	0.00152	0.00353	0.00509	0.03624	0.00706
38	0.04002	0.00802	0.01023	0.00809	0.01136	0.00748	0.00661	0.04167	0.12153	0.63680	0.01737	0.01536	0.01134	0.00563	0.00447	0.00141	0.00378	0.00456	0.03683	0.00744
39	0.00581	0.00417	0.00557	0.00655	0.00699	0.00393	0.00465	0.00683	0.00909	0.01205	0.04563	0.67690	0.05185	0.01374	0.00583	0.00186	0.00284	0.12772	0.00422	0.00377
40	0.03252	0.38668	0.23356	0.00941	0.01377	0.03552	0.00997	0.06993	0.01056	0.10509	0.00874	0.00960	0.00679	0.00577	0.04290	0.00149	0.00565	0.00316	0.00259	0.00628
41	0.00589	0.00445	0.00549	0.00619	0.00684	0.00421	0.00427	0.00755	0.06098	0.01232	0.04632	0.63103	0.16144	0.01310	0.00562	0.00176	0.00262	0.01170	0.00425	0.00395
42	0.00776	0.00559	0.00728	0.00784	0.00909	0.00564	0.00655	0.01085	0.09786	0.03608	0.08041	0.10946	0.07582	0.01147	0.00587	0.00190	0.00371	0.50795	0.00432	0.00454
43	0.38500	0.14915	0.01239	0.00951	0.05906	0.20995	0.00732	0.03662	0.00969	0.01572	0.00671	0.00806	0.00557	0.00456	0.00415	0.00131	0.06457	0.00281	0.00250	0.00536
44	0.01180	0.05114	0.04072	0.03783	0.25147	0.04117	0.24298	0.05193	0.03957	0.07291	0.03262	0.01252	0.00860	0.00508	0.01760	0.00151	0.04338	0.00450	0.02626	0.00641
45	0.07771	0.02977	0.00770	0.00727	0.00847	0.00639	0.02658	0.09865	0.04847	0.01478	0.03888	0.57165	0.02360	0.01131	0.00524	0.00169	0.00320	0.01005	0.00405	0.00455

[dist]
# distance from previous block
# <min> <max>
0	2

[block]
# block no. 1 follows, 57 sequences, length 16
# corresponding to MSA columns:
# 394-409
name=unknown_B
#
# <colnr> <probs for GDERKNQSTAVLIFYWHMCP>
#	G	D	E	R	K	N	Q	S	T	A	V	L	I	F	Y	W	H	M	C	P
0	0.00875	0.02857	0.03777	0.00822	0.01000	0.00720	0.03376	0.05124	0.13229	0.04463	0.10928	0.23496	0.05038	0.00963	0.00566	0.00166	0.03703	0.14940	0.00407	0.03551
1	0.01257	0.26112	0.07221	0.00993	0.04107	0.17472	0.02078	0.08943	0.06356	0.01425	0.00842	0.00950	0.00691	0.00508	0.02567	0.00125	0.00554	0.00314	0.00261	0.17226
2	0.01074	0.01076	0.05740	0.20550	0.38323	0.03205	0.08585	0.01390	0.03840	0.04847	0.00977	0.04504	0.00808	0.00481	0.00488	0.00145	0.02633	0.00451	0.00248	0.00634
3	0.01107	0.21532	0.30697	0.06569	0.11527	0.06590	0.07749	0.03310	0.02190	0.02400	0.00809	0.00972	0.00630	0.00423	0.00408	0.00130	0.00606	0.00344	0.00219	0.01790
4	0.01121	0.08177	0.41119	0.02853	0.07112	0.01134	0.09243	0.09611	0.04521	0.06468	0.00947	0.01077	0.00695	0.00506	0.01869	0.00151	0.02086	0.00380	0.00260	0.00668
5	0.00602	0.00462	0.00534	0.00528	0.00642	0.00415	0.00390	0.00743	0.01074	0.01399	0.31249	0.03883	0.38272	0.11787	0.00770	0.00190	0.00263	0.05979	0.00429	0.00387
6	0.00663	0.00479	0.00575	0.00596	0.00700	0.00445	0.00438	0.00833	0.04208	0.04091	0.14977	0.25133	0.27221	0.08445	0.00706	0.00190	0.00285	0.09182	0.00426	0.00407
7	0.05742	0.22687	0.38897	0.01127	0.04334	0.03509	0.01212	0.12578	0.03207	0.01581	0.00822	0.00927	0.00626	0.00440	0.00391	0.00130	0.00573	0.00323	0.00243	0.00651
8	0.00716	0.00461	0.00553	0.00541	0.00572	0.00465	0.00336	0.00754	0.00725	0.04434	0.05214	0.02773	0.01685	0.66261	0.12287	0.00449	0.00524	0.00636	0.00294	0.00320
9	0.00556	0.00457	0.00489	0.00486	0.00626	0.00391	0.00363	0.00688	0.01074	0.01334	0.18958	0.07155	0.63620	0.01116	0.00537	0.00152	0.00228	0.00943	0.00436	0.00391
10	0.06286	0.00914	0.01405	0.07932	0.36421	0.00939	0.05137	0.06472	0.05501	0.05960	0.08790	0.09766	0.01328	0.00590	0.00466	0.00144	0.00464	0.00540	0.00319	0.00625
11	0.01179	0.05149	0.05129	0.12371	0.23550	0.04197	0.22112	0.11233	0.04419	0.03539	0.00963	0.02382	0.00755	0.00452	0.00466	0.00141	0.00600	0.00443	0.00270	0.00648
12	0.00845	0.00422	0.00422	0.00422	0.00528	0.00422	0.00317	0.01056	0.00950	0.01689	0.01478	0.01689	0.01161	0.00528	0.00317	0.00106	0.00211	0.00422	0.86591	0.00422
13	0.00950	0.01069	0.04910	0.01532	0.01901	0.00969	0.55787	0.01272	0.01062	0.01444	0.11033	0.01792	0.07192	0.04511	0.00635	0.00166	0.02345	0.00597	0.00277	0.00555
14	0.01184	0.40941	0.05154	0.00850	0.01137	0.08040	0.00780	0.06788	0.04391	0.01347	0.00858	0.00997	0.00723	0.00490	0.00479	0.00120	0.10837	0.00321	0.14001	0.00563
15	0.02342	0.17324	0.13039	0.01063	0.09579	0.05066	0.00886	0.09494	0.02193	0.01539	0.02726	0.00995	0.00744	0.00414	0.00374	0.00105	0.00472	0.00319	0.00264	0.31063

[dist]
# distance from previous block
# <min> <max>
0	1

[block]
# block no. 2 follows, 57 sequences, length 77
# corresponding to MSA columns:
# 411-439,441-488
name=unknown_C
#
# <colnr> <probs for GDERKNQSTAVLIFYWHMCP>
#	G	D	E	R	K	N	Q	S	T	A	V	L	I	F	Y	W	H	M	C	P
0	0.01386	0.01049	0.03015	0.00897	0.01190	0.01126	0.00737	0.40877	0.23089	0.03887	0.01372	0.01368	0.01011	0.00558	0.00430	0.00135	0.00410	0.00438	0.16336	0.00690
1	0.87276	0.00876	0.00666	0.00596	0.00876	0.01017	0.00491	0.01332	0.00771	0.02033	0.00631	0.00736	0.00491	0.00421	0.00280	0.00140	0.00351	0.00245	0.00280	0.00491
2	0.87276	0.00876	0.00666	0.00596	0.00876	0.01017	0.00491	0.01332	0.00771	0.02033	0.00631	0.00736	0.00491	0.00421	0.00280	0.00140	0.00351	0.00245	0.00280	0.00491
3	0.00567	0.00455	0.00484	0.00484	0.00603	0.00400	0.00346	0.00669	0.00972	0.01196	0.08705	0.05586	0.58731	0.15302	0.03333	0.00219	0.00295	0.00890	0.00395	0.00367
4	0.09716	0.01112	0.01217	0.00948	0.01294	0.01196	0.00784	0.54643	0.01807	0.18889	0.01221	0.01245	0.00861	0.00553	0.00442	0.00139	0.00460	0.02279	0.00458	0.00736
5	0.09375	0.00798	0.01004	0.00768	0.01122	0.00703	0.00631	0.03726	0.01203	0.57691	0.01485	0.01347	0.00973	0.00506	0.00418	0.00126	0.00376	0.00401	0.00479	0.16869
6	0.01353	0.00867	0.00929	0.00755	0.01004	0.00929	0.00610	0.40555	0.01562	0.06884	0.01300	0.01379	0.00963	0.00538	0.00393	0.00123	0.00365	0.00417	0.38456	0.00617
7	0.00725	0.04432	0.13000	0.00705	0.00946	0.02996	0.01831	0.00951	0.02937	0.01365	0.15830	0.10573	0.32264	0.03007	0.00543	0.00153	0.00350	0.01843	0.00370	0.05179
8	0.47890	0.06040	0.02314	0.00925	0.03528	0.07622	0.09354	0.06170	0.00964	0.03558	0.00779	0.02868	0.00633	0.00462	0.00387	0.00138	0.03030	0.00332	0.00280	0.02728
9	0.00991	0.00991	0.01388	0.01190	0.01190	0.01388	0.00991	0.01091	0.00694	0.01091	0.00595	0.00991	0.00595	0.00793	0.01487	0.00198	0.83246	0.00397	0.00198	0.00496
10	0.01211	0.84348	0.02374	0.00775	0.01163	0.01793	0.00775	0.01357	0.00921	0.01066	0.00630	0.00727	0.00582	0.00388	0.00291	0.00097	0.00485	0.00242	0.00194	0.00582
11	0.00984	0.00804	0.00944	0.00677	0.01077	0.00607	0.00542	0.01184	0.00954	0.04707	0.00845	0.00964	0.00689	0.00345	0.00340	0.00070	0.00338	0.00276	0.00280	0.83374
12	0.00991	0.00991	0.01388	0.01190	0.01190	0.01388	0.00991	0.01091	0.00694	0.01091	0.00595	0.00991	0.00595	0.00793	0.01487	0.00198	0.83246	0.00397	0.00198	0.00496
13	0.00571	0.00438	0.00527	0.00586	0.00675	0.00395	0.00429	0.00684	0.00969	0.01230	0.05898	0.39771	0.34014	0.01274	0.00566	0.00173	0.00267	0.10727	0.00423	0.00382
14	0.00552	0.00394	0.00526	0.00631	0.00657	0.00368	0.00421	0.00631	0.00868	0.01157	0.02498	0.83779	0.02997	0.01420	0.00578	0.00184	0.00263	0.01288	0.00421	0.00368
15	0.00724	0.00598	0.00874	0.00830	0.00893	0.00748	0.00661	0.00871	0.00721	0.01060	0.01077	0.01605	0.01014	0.02822	0.64390	0.00611	0.19378	0.00466	0.00233	0.00425
16	0.01127	0.00973	0.01025	0.00922	0.01178	0.01127	0.00717	0.02408	0.80430	0.01896	0.01844	0.01691	0.01383	0.00615	0.00461	0.00154	0.00359	0.00512	0.00461	0.00717
17	0.00554	0.00396	0.00528	0.00629	0.00658	0.00370	0.00421	0.00637	0.00878	0.01174	0.04499	0.81730	0.03030	0.01407	0.00577	0.00183	0.00262	0.01276	0.00423	0.00370
18	0.01723	0.01269	0.01360	0.01043	0.01405	0.01405	0.00861	0.79738	0.02131	0.02856	0.01088	0.01088	0.00771	0.00544	0.00453	0.00136	0.00499	0.00408	0.00453	0.00771
19	0.07221	0.00778	0.01028	0.00793	0.01140	0.00687	0.00655	0.02155	0.01265	0.76722	0.01717	0.01493	0.01083	0.00552	0.00445	0.00140	0.00383	0.00443	0.00544	0.00754
20	0.00608	0.00462	0.00559	0.00535	0.00656	0.00413	0.00401	0.00791	0.01204	0.01630	0.56908	0.03693	0.28494	0.00996	0.00535	0.00146	0.00219	0.00863	0.00474	0.00413
21	0.01070	0.01222	0.02674	0.01910	0.02368	0.01146	0.79603	0.01451	0.01070	0.01451	0.00917	0.01222	0.00688	0.00382	0.00535	0.00153	0.00764	0.00535	0.00229	0.00611
22	0.00551	0.00460	0.00481	0.00476	0.00622	0.00389	0.00357	0.00681	0.01070	0.01313	0.16011	0.04215	0.69589	0.01115	0.00535	0.00151	0.00227	0.00936	0.00432	0.00389
23	0.00868	0.00475	0.00638	0.00668	0.00764	0.00432	0.00473	0.00968	0.00959	0.18322	0.02346	0.66223	0.02597	0.01236	0.00552	0.00175	0.00289	0.01110	0.00451	0.00454
24	0.01064	0.00554	0.00617	0.01860	0.00749	0.00557	0.00438	0.04442	0.06825	0.13338	0.04764	0.01706	0.01274	0.00555	0.00364	0.00118	0.00265	0.00449	0.59551	0.00510
25	0.00644	0.00506	0.00602	0.00645	0.00769	0.00481	0.00513	0.00864	0.06319	0.01299	0.03304	0.15678	0.36805	0.01239	0.02540	0.00190	0.00329	0.26441	0.00418	0.00415
26	0.00629	0.00469	0.00676	0.00697	0.00771	0.00520	0.00529	0.00772	0.00773	0.01082	0.01625	0.15817	0.05131	0.04980	0.60238	0.00587	0.00965	0.03057	0.00287	0.00394
27	0.03961	0.60638	0.02070	0.02512	0.05088	0.16912	0.00824	0.01439	0.00990	0.01126	0.00657	0.00772	0.00586	0.00406	0.00323	0.00105	0.00548	0.00263	0.00206	0.00573
28	0.01540	0.00918	0.03719	0.20723	0.03770	0.03309	0.04578	0.07882	0.01219	0.40505	0.01349	0.01369	0.00908	0.00512	0.00448	0.00140	0.00480	0.00431	0.05534	0.00666
29	0.00614	0.00663	0.10852	0.00705	0.00832	0.00475	0.00581	0.00785	0.02523	0.01256	0.07702	0.60689	0.08149	0.01226	0.00551	0.00173	0.00311	0.01097	0.00398	0.00418
30	0.01227	0.56303	0.05685	0.00898	0.01241	0.08439	0.02128	0.06080	0.02768	0.01223	0.00758	0.03353	0.00687	0.00474	0.00428	0.00116	0.07068	0.00316	0.00226	0.00582
31	0.01147	0.01187	0.24402	0.03223	0.03291	0.00784	0.05586	0.01514	0.06116	0.22117	0.15965	0.01895	0.07559	0.00619	0.00470	0.00144	0.00451	0.00529	0.02381	0.00621
32	0.00550	0.00444	0.00489	0.00510	0.00629	0.00383	0.00370	0.00665	0.01018	0.01265	0.11371	0.23062	0.55279	0.01191	0.00546	0.00159	0.00236	0.01022	0.00428	0.00383
33	0.01225	0.54246	0.01905	0.00812	0.01179	0.13549	0.00739	0.01378	0.00979	0.01160	0.00678	0.00786	0.00601	0.00388	0.00318	0.00094	0.00502	0.00255	0.00216	0.18989
34	0.00699	0.00528	0.00622	0.01884	0.00753	0.00515	0.00450	0.01027	0.11465	0.01655	0.43363	0.05779	0.20292	0.00908	0.00506	0.00145	0.00244	0.00784	0.07926	0.00454
35	0.01003	0.23592	0.54565	0.01240	0.04710	0.01250	0.04926	0.01414	0.00955	0.01341	0.00772	0.00915	0.00586	0.00416	0.00399	0.00131	0.00621	0.00322	0.00195	0.00646
36	0.22604	0.03237	0.02639	0.04171	0.34584	0.00995	0.00966	0.04513	0.01053	0.18145	0.01019	0.02476	0.00775	0.00464	0.00406	0.00138	0.00457	0.00385	0.00317	0.00658
37	0.00602	0.00457	0.00555	0.00540	0.00655	0.00410	0.00401	0.00776	0.01177	0.01589	0.51993	0.09063	0.28072	0.01028	0.00538	0.00149	0.00222	0.00893	0.00469	0.00410
38	0.04400	0.00491	0.00617	0.00575	0.00699	0.00459	0.00435	0.00912	0.01251	0.04436	0.71917	0.03249	0.07051	0.00901	0.00521	0.00143	0.00226	0.00788	0.00488	0.00440
39	0.01196	0.04283	0.05156	0.19825	0.38112	0.07654	0.02760	0.10918	0.01158	0.03389	0.00871	0.01102	0.00686	0.00440	0.00442	0.00136	0.00575	0.00390	0.00253	0.00654
40	0.00649	0.00477	0.00687	0.00687	0.00754	0.00544	0.00515	0.00783	0.00716	0.01022	0.01251	0.01987	0.01223	0.17486	0.68315	0.00678	0.01079	0.00516	0.00248	0.00382
41	0.00630	0.00463	0.00590	0.00558	0.00670	0.00423	0.00419	0.00833	0.01256	0.01754	0.72878	0.03489	0.12446	0.00950	0.00535	0.00144	0.00215	0.00834	0.00491	0.00423
42	0.02727	0.01001	0.01526	0.04237	0.29560	0.01012	0.09830	0.15985	0.04401	0.14519	0.08207	0.01476	0.01152	0.00522	0.00469	0.00141	0.00493	0.01701	0.00358	0.00683
43	0.12320	0.02697	0.16905	0.01244	0.11141	0.03206	0.01035	0.42048	0.01559	0.02240	0.00932	0.01010	0.00683	0.00485	0.00423	0.00137	0.00525	0.00367	0.00344	0.00700
44	0.00670	0.00557	0.00767	0.21476	0.01313	0.03075	0.00657	0.00811	0.00896	0.01162	0.02011	0.57720	0.02304	0.01140	0.00543	0.00174	0.00371	0.03585	0.00359	0.00409
45	0.01060	0.01203	0.02621	0.01881	0.02329	0.01129	0.77458	0.01438	0.01069	0.01449	0.00957	0.01328	0.00740	0.00406	0.00537	0.00154	0.00755	0.02647	0.00234	0.00606
46	0.01054	0.01158	0.02348	0.01926	0.14105	0.02955	0.59653	0.01391	0.01056	0.01428	0.01027	0.06257	0.00867	0.00467	0.00523	0.00152	0.00694	0.02089	0.00244	0.00607
47	0.02270	0.07836	0.19430	0.02056	0.01278	0.00842	0.00831	0.04452	0.00985	0.05005	0.00992	0.03857	0.02107	0.04738	0.00495	0.00122	0.01755	0.00364	0.00271	0.40313
48	0.01211	0.84348	0.02374	0.00775	0.01163	0.01793	0.00775	0.01357	0.00921	0.01066	0.00630	0.00727	0.00582	0.00388	0.00291	0.00097	0.00485	0.00242	0.00194	0.00582
49	0.87276	0.00876	0.00666	0.00596	0.00876	0.01017	0.00491	0.01332	0.00771	0.02033	0.00631	0.00736	0.00491	0.00421	0.00280	0.00140	0.00351	0.00245	0.00280	0.00491
50	0.01723	0.01269	0.01360	0.01043	0.01405	0.01405	0.00861	0.79738	0.02131	0.02856	0.01088	0.01088	0.00771	0.00544	0.00453	0.00136	0.00499	0.00408	0.00453	0.00771
51	0.00659	0.00439	0.00494	0.00494	0.00494	0.00439	0.00275	0.00659	0.00659	0.00879	0.01428	0.02965	0.01647	0.84075	0.02306	0.00439	0.00439	0.00659	0.00275	0.00275
52	0.00956	0.00724	0.02754	0.00744	0.00914	0.00737	0.01751	0.04359	0.25378	0.06806	0.07963	0.02364	0.04222	0.21374	0.06845	0.00263	0.00439	0.04907	0.05982	0.00519
53	0.87276	0.00876	0.00666	0.00596	0.00876	0.01017	0.00491	0.01332	0.00771	0.02033	0.00631	0.00736	0.00491	0.00421	0.00280	0.00140	0.00351	0.00245	0.00280	0.00491
54	0.01211	0.84348	0.02374	0.00775	0.01163	0.01793	0.00775	0.01357	0.00921	0.01066	0.00630	0.00727	0.00582	0.00388	0.00291	0.00097	0.00485	0.00242	0.00194	0.00582
55	0.00989	0.00929	0.01538	0.04745	0.53511	0.00922	0.05584	0.01259	0.02792	0.01451	0.03781	0.01816	0.13291	0.00562	0.00470	0.00141	0.00480	0.02318	0.02792	0.00629
56	0.00781	0.00397	0.00591	0.00591	0.00593	0.00399	0.00395	0.00597	0.00595	0.00795	0.00811	0.01422	0.00814	0.03431	0.03653	0.82917	0.00414	0.00402	0.00200	0.00203
57	0.87276	0.00876	0.00666	0.00596	0.00876	0.01017	0.00491	0.01332	0.00771	0.02033	0.00631	0.00736	0.00491	0.00421	0.00280	0.00140	0.00351	0.00245	0.00280	0.00491
58	0.00909	0.02344	0.81727	0.01292	0.01961	0.01052	0.01674	0.01435	0.00957	0.01435	0.00813	0.00957	0.00574	0.00431	0.00431	0.00144	0.00670	0.00335	0.00191	0.00670
59	0.00631	0.00480	0.00630	0.00585	0.00708	0.00436	0.02417	0.00829	0.01224	0.01688	0.63618	0.05095	0.18040	0.00962	0.00536	0.00145	0.00232	0.00846	0.00476	0.00423
60	0.01211	0.84348	0.02374	0.00775	0.01163	0.01793	0.00775	0.01357	0.00921	0.01066	0.00630	0.00727	0.00582	0.00388	0.00291	0.00097	0.00485	0.00242	0.00194	0.00582
61	0.01084	0.00937	0.00979	0.00886	0.01126	0.02645	0.00690	0.03398	0.67396	0.01854	0.07552	0.01959	0.04188	0.00667	0.00472	0.00153	0.00357	0.02526	0.00457	0.00675
62	0.00856	0.00805	0.01359	0.82986	0.03121	0.01007	0.01258	0.01158	0.00906	0.01158	0.00805	0.01208	0.00604	0.00453	0.00453	0.00151	0.00604	0.00403	0.00201	0.00503
63	0.00659	0.00441	0.00501	0.00501	0.00504	0.00443	0.00283	0.00664	0.00661	0.00884	0.01421	0.02929	0.01632	0.81612	0.04748	0.00448	0.00463	0.00654	0.00274	0.00279
64	0.01707	0.01262	0.01351	0.01040	0.01399	0.01398	0.00858	0.77780	0.04112	0.02831	0.01107	0.01103	0.00786	0.00546	0.00453	0.00136	0.00495	0.00411	0.00453	0.00769
65	0.00657	0.00438	0.00495	0.00497	0.00498	0.00438	0.00278	0.00658	0.00663	0.00885	0.01451	0.04704	0.01676	0.82297	0.02269	0.00434	0.00436	0.00672	0.00278	0.00277
66	0.00853	0.00439	0.00441	0.00438	0.00548	0.00444	0.00329	0.01098	0.03416	0.01696	0.01490	0.01689	0.01168	0.00531	0.00321	0.00107	0.00216	0.00425	0.83919	0.00431
67	0.02033	0.00771	0.01052	0.00806	0.01157	0.00666	0.00666	0.02208	0.01297	0.81562	0.01788	0.01542	0.01122	0.00561	0.00456	0.00140	0.00386	0.00456	0.00561	0.00771
68	0.00659	0.00467	0.00600	0.00567	0.00681	0.00427	0.00425	0.00859	0.01249	0.03413	0.70360	0.05885	0.10799	0.00953	0.00534	0.00145	0.00220	0.00838	0.00491	0.00429
69	0.01800	0.00724	0.00990	0.00806	0.01111	0.00637	0.00669	0.01978	0.01248	0.67499	0.01897	0.04173	0.01392	0.00686	0.00484	0.00152	0.00387	0.12121	0.00536	0.00708
70	0.00989	0.00702	0.00735	0.00668	0.00862	0.00752	0.00518	0.07011	0.30550	0.03938	0.02139	0.02111	0.15181	0.00670	0.00422	0.00135	0.00294	0.00549	0.31216	0.00559
71	0.00552	0.00394	0.00526	0.00631	0.00657	0.00368	0.00421	0.00631	0.00868	0.01157	0.02498	0.83779	0.02997	0.01420	0.00578	0.00184	0.00263	0.01288	0.00421	0.00368
72	0.01683	0.01151	0.01268	0.00990	0.01334	0.01253	0.00812	0.58883	0.10177	0.14057	0.01270	0.01230	0.00893	0.00611	0.02105	0.00150	0.00482	0.00427	0.00465	0.00758
73	0.00552	0.00396	0.00524	0.00627	0.00656	0.00368	0.00419	0.00631	0.00872	0.01158	0.02552	0.81728	0.05013	0.01413	0.00577	0.00183	0.00262	0.01280	0.00421	0.00368
74	0.00582	0.00428	0.00549	0.00633	0.00682	0.00406	0.00433	0.00722	0.04311	0.01222	0.05632	0.70406	0.08367	0.01345	0.00569	0.00179	0.00265	0.02455	0.00425	0.00387
75	0.30915	0.02593	0.01257	0.03591	0.14735	0.26073	0.04484	0.01468	0.00986	0.01504	0.00704	0.00885	0.00581	0.00464	0.00474	0.00138	0.08041	0.00318	0.00243	0.00547
76	0.00936	0.00906	0.01574	0.55822	0.20051	0.01047	0.07779	0.01231	0.00940	0.01250	0.00817	0.01183	0.00635	0.00449	0.00496	0.00149	0.03553	0.00414	0.00209	0.00559

[dist]
# distance from previous block
# <min> <max>
0	2

[block]
# block no. 3 follows, 57 sequences, length 18
# corresponding to MSA columns:
# 491-508
name=unknown_D
#
# <colnr> <probs for GDERKNQSTAVLIFYWHMCP>
#	G	D	E	R	K	N	Q	S	T	A	V	L	I	F	Y	W	H	M	C	P
0	0.00702	0.00669	0.08999	0.00748	0.00879	0.00528	0.00622	0.00890	0.03465	0.04431	0.02349	0.50864	0.07971	0.01197	0.00586	0.00179	0.02941	0.11148	0.00396	0.00438
1	0.06356	0.47907	0.07526	0.00913	0.01276	0.10317	0.02963	0.05915	0.06724	0.02711	0.00790	0.00878	0.00657	0.00441	0.00379	0.00116	0.02991	0.00299	0.00244	0.00598
2	0.01549	0.00960	0.09431	0.00867	0.01197	0.00803	0.00764	0.09351	0.11829	0.42831	0.07453	0.05704	0.01391	0.00706	0.02885	0.00162	0.00428	0.00515	0.00478	0.00697
3	0.00555	0.00462	0.00486	0.00485	0.00631	0.00393	0.00368	0.00684	0.01062	0.01297	0.13298	0.04276	0.69380	0.01126	0.00539	0.00154	0.00235	0.03751	0.00430	0.00389
4	0.01382	0.51213	0.01958	0.00998	0.04479	0.30915	0.00836	0.01522	0.01057	0.01098	0.00664	0.00776	0.00588	0.00417	0.00340	0.00106	0.00607	0.00267	0.00209	0.00567
5	0.00636	0.00471	0.00596	0.00583	0.00690	0.00439	0.00435	0.00854	0.03538	0.01661	0.58469	0.13370	0.12326	0.01011	0.00540	0.00151	0.00232	0.03098	0.00477	0.00424
6	0.01124	0.21410	0.30993	0.02384	0.07761	0.07489	0.04337	0.06956	0.04734	0.01450	0.03353	0.01038	0.00763	0.00456	0.00425	0.00129	0.02123	0.00352	0.00242	0.02480
7	0.01128	0.01103	0.01789	0.07460	0.73538	0.04217	0.01363	0.01393	0.01034	0.01447	0.00844	0.01115	0.00706	0.00409	0.00447	0.00135	0.00553	0.00399	0.00223	0.00698
8	0.01966	0.00786	0.01050	0.00815	0.01158	0.00700	0.00670	0.02223	0.07134	0.75686	0.01792	0.01553	0.01141	0.00565	0.00456	0.00141	0.00384	0.00460	0.00553	0.00767
9	0.00667	0.00495	0.00626	0.00592	0.00708	0.00471	0.00444	0.00945	0.06596	0.01780	0.70400	0.05858	0.06834	0.00929	0.00531	0.00145	0.00226	0.00819	0.00491	0.00444
10	0.01062	0.15368	0.40861	0.01484	0.14885	0.03304	0.08408	0.03964	0.03911	0.01437	0.00842	0.00997	0.00645	0.00426	0.00421	0.00135	0.00613	0.00357	0.00220	0.00659
11	0.00658	0.00441	0.00504	0.00504	0.00507	0.00445	0.00287	0.00665	0.00662	0.00886	0.01419	0.02915	0.01626	0.80679	0.05673	0.00451	0.00472	0.00652	0.00273	0.00280
12	0.00619	0.00462	0.00575	0.00547	0.00663	0.00418	0.00410	0.00812	0.01230	0.01693	0.65020	0.03589	0.20342	0.00973	0.00535	0.00145	0.00217	0.00848	0.00482	0.00418
13	0.00781	0.00654	0.04856	0.01014	0.10915	0.00576	0.00736	0.00985	0.02073	0.04518	0.07102	0.28247	0.03895	0.01098	0.00563	0.00180	0.00379	0.30563	0.00394	0.00470
14	0.01552	0.01213	0.01386	0.04185	0.12254	0.03333	0.00930	0.58709	0.05640	0.02477	0.01107	0.03161	0.00837	0.00545	0.00455	0.00138	0.00503	0.00431	0.00407	0.00735
15	0.00881	0.00458	0.00462	0.00448	0.00565	0.00464	0.00340	0.04353	0.01000	0.01738	0.01462	0.01664	0.01145	0.00529	0.00322	0.00107	0.00223	0.00422	0.82981	0.00437
16	0.00896	0.00639	0.00996	0.04022	0.06670	0.00631	0.10530	0.01129	0.01021	0.05461	0.01760	0.05556	0.01692	0.00821	0.00498	0.00161	0.00411	0.31909	0.24714	0.00483
17	0.01693	0.02160	0.01284	0.01167	0.01401	0.82256	0.00876	0.01809	0.01284	0.01109	0.00700	0.00817	0.00584	0.00467	0.00409	0.00117	0.00817	0.00292	0.00233	0.00525

[dist]
# distance from previous block
# <min> <max>
0	1

[block]
# block no. 4 follows, 57 sequences, length 98
# corresponding to MSA columns:
# 510-607
name=unknown_E
#
# <colnr> <probs for GDERKNQSTAVLIFYWHMCP>
#	G	D	E	R	K	N	Q	S	T	A	V	L	I	F	Y	W	H	M	C	P
0	0.00796	0.00551	0.00612	0.00579	0.00634	0.00574	0.00364	0.04910	0.10120	0.02736	0.01467	0.02691	0.01561	0.68332	0.01958	0.00384	0.00432	0.00625	0.00311	0.00362
1	0.01211	0.84348	0.02374	0.00775	0.01163	0.01793	0.00775	0.01357	0.00921	0.01066	0.00630	0.00727	0.00582	0.00388	0.00291	0.00097	0.00485	0.00242	0.00194	0.00582
2	0.87276	0.00876	0.00666	0.00596	0.00876	0.01017	0.00491	0.01332	0.00771	0.02033	0.00631	0.00736	0.00491	0.00421	0.00280	0.00140	0.00351	0.00245	0.00280	0.00491
3	0.83393	0.00872	0.00684	0.00605	0.00889	0.01001	0.00499	0.01372	0.00795	0.05656	0.00684	0.00773	0.00519	0.00427	0.00288	0.00140	0.00352	0.00255	0.00293	0.00504
4	0.00659	0.00439	0.00494	0.00494	0.00494	0.00439	0.00275	0.00659	0.00659	0.00879	0.01428	0.02965	0.01647	0.84075	0.02306	0.00439	0.00439	0.00659	0.00275	0.00275
5	0.87276	0.00876	0.00666	0.00596	0.00876	0.01017	0.00491	0.01332	0.00771	0.02033	0.00631	0.00736	0.00491	0.00421	0.00280	0.00140	0.00351	0.00245	0.00280	0.00491
6	0.01723	0.01269	0.01360	0.01043	0.01405	0.01405	0.00861	0.79738	0.02131	0.02856	0.01088	0.01088	0.00771	0.00544	0.00453	0.00136	0.00499	0.00408	0.00453	0.00771
7	0.01032	0.00995	0.01738	0.26753	0.49583	0.01049	0.07926	0.01319	0.00996	0.01385	0.00856	0.01167	0.00690	0.00419	0.00455	0.00140	0.00571	0.00415	0.01873	0.00639
8	0.00943	0.00815	0.00979	0.00699	0.01103	0.00616	0.02340	0.01148	0.00943	0.01476	0.00808	0.00946	0.00672	0.00337	0.00340	0.00069	0.00345	0.00275	0.00268	0.84879
9	0.54327	0.04229	0.02355	0.00738	0.02457	0.10408	0.00583	0.01276	0.00863	0.01706	0.02589	0.10194	0.00909	0.02175	0.02063	0.00159	0.01797	0.00400	0.00287	0.00485
10	0.03485	0.01086	0.01237	0.00950	0.01307	0.01136	0.00785	0.50808	0.01809	0.30671	0.01327	0.01242	0.00889	0.00548	0.00451	0.00138	0.00456	0.00422	0.00488	0.00765
11	0.00909	0.02344	0.81727	0.01292	0.01961	0.01052	0.01674	0.01435	0.00957	0.01435	0.00813	0.00957	0.00574	0.00431	0.00431	0.00144	0.00670	0.00335	0.00191	0.00670
12	0.01723	0.01269	0.01360	0.01043	0.01405	0.01405	0.00861	0.79738	0.02131	0.02856	0.01088	0.01088	0.00771	0.00544	0.00453	0.00136	0.00499	0.00408	0.00453	0.00771
13	0.00991	0.00991	0.01388	0.01190	0.01190	0.01388	0.00991	0.01091	0.00694	0.01091	0.00595	0.00991	0.00595	0.00793	0.01487	0.00198	0.83246	0.00397	0.00198	0.00496
14	0.04330	0.00774	0.01041	0.00801	0.01149	0.00675	0.00661	0.02185	0.01283	0.79420	0.01757	0.01521	0.01105	0.00557	0.00451	0.00140	0.00385	0.00450	0.00553	0.00764
15	0.87276	0.00876	0.00666	0.00596	0.00876	0.01017	0.00491	0.01332	0.00771	0.02033	0.00631	0.00736	0.00491	0.00421	0.00280	0.00140	0.00351	0.00245	0.00280	0.00491
16	0.00574	0.00419	0.00581	0.00669	0.00709	0.00393	0.01959	0.00668	0.00883	0.01176	0.02461	0.76858	0.02926	0.01388	0.00581	0.00185	0.00283	0.06493	0.00417	0.00376
17	0.00607	0.00517	0.00530	0.00517	0.00679	0.00469	0.00390	0.00859	0.10032	0.01327	0.07772	0.04014	0.68535	0.01077	0.00527	0.00153	0.00243	0.00900	0.00429	0.00422
18	0.00648	0.00484	0.00722	0.00722	0.00801	0.00563	0.00559	0.00805	0.00726	0.01047	0.01219	0.01811	0.01146	0.05510	0.80186	0.00721	0.01193	0.00490	0.00244	0.00401
19	0.00845	0.00422	0.00422	0.00422	0.00528	0.00422	0.00317	0.01056	0.00950	0.01689	0.01478	0.01689	0.01161	0.00528	0.00317	0.00106	0.00211	0.00422	0.86591	0.00422
20	0.00904	0.00480	0.00486	0.00464	0.00587	0.00489	0.00354	0.06396	0.01030	0.01769	0.01452	0.01649	0.01135	0.00529	0.00326	0.00108	0.00231	0.00421	0.80745	0.00446
21	0.00626	0.00459	0.00587	0.00577	0.00676	0.00425	0.00424	0.00825	0.02401	0.01662	0.60743	0.16786	0.10069	0.01021	0.00541	0.00150	0.00225	0.00903	0.00479	0.00419
22	0.83727	0.00872	0.00682	0.00605	0.00888	0.01002	0.00498	0.01368	0.00793	0.05344	0.00679	0.00770	0.00517	0.00426	0.00288	0.00140	0.00352	0.00254	0.00292	0.00502
23	0.00757	0.00557	0.00635	0.00629	0.00699	0.00583	0.00421	0.03129	0.15717	0.01226	0.04839	0.17780	0.01959	0.44860	0.01465	0.00311	0.00383	0.03295	0.00355	0.00399
24	0.00554	0.00395	0.00525	0.00629	0.00654	0.00369	0.00418	0.00631	0.00864	0.01152	0.02479	0.82358	0.02973	0.02873	0.00609	0.00189	0.00266	0.01277	0.00418	0.00366
25	0.01723	0.01269	0.01360	0.01043	0.01405	0.01405	0.00861	0.79738	0.02131	0.02856	0.01088	0.01088	0.00771	0.00544	0.00453	0.00136	0.00499	0.00408	0.00453	0.00771
26	0.00541	0.00451	0.00473	0.00486	0.00620	0.00382	0.00357	0.00655	0.01020	0.01236	0.06996	0.14873	0.68001	0.01176	0.00541	0.00157	0.00233	0.00996	0.00424	0.00382
27	0.01088	0.00873	0.00925	0.00836	0.01070	0.00990	0.00649	0.02149	0.64382	0.03995	0.03640	0.01805	0.03823	0.00626	0.00447	0.00147	0.00334	0.00520	0.11036	0.00666
28	0.44957	0.04815	0.01259	0.01165	0.12136	0.09404	0.09509	0.01380	0.00892	0.01664	0.00697	0.00875	0.00567	0.00453	0.00462	0.00142	0.08510	0.00318	0.00250	0.00543
29	0.01057	0.02596	0.08374	0.35092	0.04840	0.12653	0.03661	0.03550	0.00962	0.01238	0.00767	0.01077	0.00618	0.00529	0.00676	0.00153	0.19355	0.00382	0.01882	0.00537
30	0.00569	0.00407	0.00540	0.00639	0.00673	0.00383	0.00439	0.00657	0.00879	0.01165	0.02503	0.73231	0.04659	0.04000	0.00636	0.00193	0.00280	0.07362	0.00416	0.00369
31	0.01140	0.25120	0.04325	0.01045	0.01220	0.04820	0.00922	0.06065	0.00895	0.02910	0.00686	0.00942	0.00624	0.00690	0.02819	0.00171	0.44484	0.00350	0.00223	0.00548
32	0.02630	0.00662	0.05515	0.16871	0.01275	0.00602	0.00681	0.02360	0.00983	0.08185	0.07060	0.34685	0.11849	0.01016	0.01948	0.00171	0.00379	0.00850	0.01814	0.00464
33	0.00584	0.00447	0.00550	0.02303	0.00702	0.00407	0.00417	0.00725	0.01063	0.01405	0.30142	0.29496	0.27822	0.01144	0.00547	0.00159	0.00243	0.01004	0.00443	0.00396
34	0.03024	0.60685	0.06768	0.02471	0.09507	0.06053	0.00905	0.01377	0.00944	0.01155	0.00669	0.00803	0.00594	0.00411	0.00361	0.00110	0.03096	0.00275	0.00201	0.00592
35	0.04496	0.00742	0.01038	0.10121	0.01314	0.00696	0.04226	0.03130	0.01199	0.43873	0.12575	0.01815	0.05107	0.00602	0.00458	0.00139	0.00390	0.00509	0.03227	0.04343
36	0.01175	0.76286	0.07967	0.00807	0.01207	0.01704	0.00830	0.01349	0.00933	0.01112	0.02783	0.00814	0.00679	0.00405	0.00307	0.00101	0.00491	0.00264	0.00202	0.00584
37	0.01031	0.02564	0.09847	0.17062	0.18935	0.05662	0.09412	0.01406	0.09241	0.04357	0.02220	0.11495	0.01079	0.00590	0.00502	0.00149	0.03042	0.00530	0.00281	0.00595
38	0.00552	0.00394	0.00526	0.00631	0.00657	0.00368	0.00421	0.00631	0.00868	0.01157	0.02498	0.83779	0.02997	0.01420	0.00578	0.00184	0.00263	0.01288	0.00421	0.00368
39	0.48273	0.00866	0.00865	0.00710	0.01023	0.00912	0.00586	0.07561	0.01074	0.32483	0.01107	0.01071	0.00753	0.00483	0.00360	0.00140	0.00375	0.00338	0.00401	0.00619
40	0.00787	0.00394	0.00590	0.00590	0.00590	0.00394	0.00394	0.00590	0.00590	0.00787	0.00787	0.01377	0.00787	0.01574	0.01771	0.86816	0.00394	0.00394	0.00197	0.00197
41	0.00787	0.00394	0.00590	0.00590	0.00590	0.00394	0.00394	0.00590	0.00590	0.00787	0.00787	0.01377	0.00787	0.01574	0.01771	0.86816	0.00394	0.00394	0.00197	0.00197
42	0.00552	0.00394	0.00526	0.00631	0.00657	0.00368	0.00421	0.00631	0.00868	0.01157	0.02498	0.83779	0.02997	0.01420	0.00578	0.00184	0.00263	0.01288	0.00421	0.00368
43	0.00963	0.00478	0.00502	0.00473	0.00605	0.00475	0.00362	0.03915	0.01017	0.07630	0.01487	0.01657	0.01145	0.00531	0.00332	0.00109	0.00234	0.00424	0.77199	0.00460
44	0.00909	0.02344	0.81727	0.01292	0.01961	0.01052	0.01674	0.01435	0.00957	0.01435	0.00813	0.00957	0.00574	0.00431	0.00431	0.00144	0.00670	0.00335	0.00191	0.00670
45	0.00856	0.00805	0.01359	0.82986	0.03121	0.01007	0.01258	0.01158	0.00906	0.01158	0.00805	0.01208	0.00604	0.00453	0.00453	0.00151	0.00604	0.00403	0.00201	0.00503
46	0.01070	0.01222	0.02674	0.01910	0.02368	0.01146	0.79603	0.01451	0.01070	0.01451	0.00917	0.01222	0.00688	0.00382	0.00535	0.00153	0.00764	0.00535	0.00229	0.00611
47	0.00588	0.00450	0.00550	0.00648	0.00681	0.02944	0.00435	0.00668	0.00881	0.01155	0.02441	0.81170	0.02921	0.01390	0.00573	0.00182	0.00280	0.01257	0.00415	0.00373
48	0.00975	0.00832	0.00987	0.00772	0.04207	0.00663	0.00585	0.03953	0.03289	0.01542	0.02010	0.01009	0.00749	0.00362	0.00351	0.00076	0.00348	0.00294	0.00282	0.76711
49	0.01728	0.01260	0.01354	0.01038	0.01401	0.01392	0.00858	0.78312	0.02115	0.04303	0.01101	0.01096	0.00777	0.00544	0.00453	0.00136	0.00497	0.00409	0.00455	0.00771
50	0.87276	0.00876	0.00666	0.00596	0.00876	0.01017	0.00491	0.01332	0.00771	0.02033	0.00631	0.00736	0.00491	0.00421	0.00280	0.00140	0.00351	0.00245	0.00280	0.00491
51	0.87276	0.00876	0.00666	0.00596	0.00876	0.01017	0.00491	0.01332	0.00771	0.02033	0.00631	0.00736	0.00491	0.00421	0.00280	0.00140	0.00351	0.00245	0.00280	0.00491
52	0.00555	0.00396	0.00525	0.00627	0.00652	0.00370	0.00416	0.00632	0.00861	0.01148	0.02464	0.81237	0.02955	0.04020	0.00633	0.00192	0.00268	0.01268	0.00416	0.00365
53	0.01693	0.02160	0.01284	0.01167	0.01401	0.82256	0.00876	0.01809	0.01284	0.01109	0.00700	0.00817	0.00584	0.00467	0.00409	0.00117	0.00817	0.00292	0.00233	0.00525
54	0.87276	0.00876	0.00666	0.00596	0.00876	0.01017	0.00491	0.01332	0.00771	0.02033	0.00631	0.00736	0.00491	0.00421	0.00280	0.00140	0.00351	0.00245	0.00280	0.00491
55	0.00856	0.00805	0.01359	0.82986	0.03121	0.01007	0.01258	0.01158	0.00906	0.01158	0.00805	0.01208	0.00604	0.00453	0.00453	0.00151	0.00604	0.00403	0.00201	0.00503
56	0.00940	0.00805	0.00940	0.00671	0.01074	0.00604	0.00537	0.01141	0.00940	0.01477	0.00805	0.00940	0.00671	0.00336	0.00336	0.00067	0.00336	0.00268	0.00268	0.86845
57	0.00909	0.02344	0.81727	0.01292	0.01961	0.01052	0.01674	0.01435	0.00957	0.01435	0.00813	0.00957	0.00574	0.00431	0.00431	0.00144	0.00670	0.00335	0.00191	0.00670
58	0.01122	0.01077	0.01839	0.02781	0.81248	0.01077	0.01391	0.01391	0.01032	0.01480	0.00852	0.01122	0.00718	0.00404	0.00449	0.00135	0.00538	0.00404	0.00224	0.00718
59	0.00552	0.00394	0.00526	0.00631	0.00657	0.00368	0.00421	0.00631	0.00868	0.01157	0.02498	0.83779	0.02997	0.01420	0.00578	0.00184	0.00263	0.01288	0.00421	0.00368
60	0.00940	0.00805	0.00940	0.00671	0.01074	0.00604	0.00537	0.01141	0.00940	0.01477	0.00805	0.00940	0.00671	0.00336	0.00336	0.00067	0.00336	0.00268	0.00268	0.86845
61	0.01211	0.84348	0.02374	0.00775	0.01163	0.01793	0.00775	0.01357	0.00921	0.01066	0.00630	0.00727	0.00582	0.00388	0.00291	0.00097	0.00485	0.00242	0.00194	0.00582
62	0.00630	0.00455	0.00596	0.00578	0.00675	0.00420	0.00427	0.00828	0.01232	0.01736	0.71372	0.13253	0.04119	0.00987	0.00540	0.00148	0.00220	0.00877	0.00489	0.00420
63	0.00845	0.00422	0.00422	0.00422	0.00528	0.00422	0.00317	0.01056	0.00950	0.01689	0.01478	0.01689	0.01161	0.00528	0.00317	0.00106	0.00211	0.00422	0.86591	0.00422
64	0.00647	0.00485	0.00728	0.00728	0.00809	0.00566	0.00566	0.00809	0.00728	0.01052	0.01214	0.01780	0.01133	0.03398	0.82279	0.00728	0.01214	0.00485	0.00243	0.00405
65	0.01723	0.01269	0.01360	0.01043	0.01405	0.01405	0.00861	0.79738	0.02131	0.02856	0.01088	0.01088	0.00771	0.00544	0.00453	0.00136	0.00499	0.00408	0.00453	0.00771
66	0.00787	0.00394	0.00590	0.00590	0.00590	0.00394	0.00394	0.00590	0.00590	0.00787	0.00787	0.01377	0.00787	0.01574	0.01771	0.86816	0.00394	0.00394	0.00197	0.00197
67	0.00787	0.00394	0.00590	0.00590	0.00590	0.00394	0.00394	0.00590	0.00590	0.00787	0.00787	0.01377	0.00787	0.01574	0.01771	0.86816	0.00394	0.00394	0.00197	0.00197
68	0.00641	0.00463	0.00606	0.00570	0.00677	0.00428	0.00428	0.00855	0.01283	0.01817	0.81009	0.03385	0.04276	0.00926	0.00534	0.00143	0.00214	0.00819	0.00499	0.00428
69	0.00572	0.00410	0.00544	0.00644	0.00680	0.00386	0.00446	0.00663	0.00883	0.01171	0.02505	0.71929	0.04655	0.03624	0.00629	0.00193	0.00282	0.08996	0.00416	0.00371
70	0.01833	0.01093	0.01251	0.00959	0.01317	0.01143	0.00792	0.52234	0.01835	0.30777	0.01336	0.01249	0.00895	0.00550	0.00454	0.00137	0.00459	0.00425	0.00491	0.00771
71	0.01696	0.01184	0.01292	0.01004	0.01355	0.01295	0.00825	0.63263	0.10063	0.11437	0.01243	0.01200	0.00872	0.00553	0.00454	0.00138	0.00472	0.00424	0.00466	0.00765
72	0.00557	0.00398	0.00531	0.00636	0.00665	0.00372	0.00429	0.00639	0.00872	0.01162	0.02495	0.81684	0.02987	0.01415	0.00580	0.00185	0.00267	0.03336	0.00421	0.00369
73	0.01321	0.01058	0.01175	0.04305	0.04792	0.03351	0.00814	0.19947	0.45097	0.07247	0.01498	0.01445	0.01110	0.00583	0.00501	0.00149	0.04005	0.00465	0.00428	0.00710
74	0.00591	0.00476	0.00537	0.00564	0.00702	0.00421	0.00451	0.00734	0.01043	0.01278	0.06310	0.04534	0.57562	0.01169	0.00560	0.00168	0.00280	0.21805	0.00422	0.00393
75	0.00579	0.00416	0.00554	0.00656	0.00698	0.00392	0.00465	0.00678	0.00900	0.01189	0.02557	0.69027	0.05702	0.01385	0.00584	0.00187	0.00285	0.12950	0.00420	0.00376
76	0.75447	0.01054	0.00751	0.00675	0.00949	0.12245	0.00544	0.01398	0.00842	0.01905	0.00641	0.00747	0.00504	0.00427	0.00298	0.00137	0.00415	0.00252	0.00274	0.00496
77	0.00875	0.00813	0.01365	0.72546	0.09703	0.00990	0.01233	0.01169	0.00915	0.01198	0.00834	0.01223	0.00637	0.00500	0.01815	0.00158	0.00598	0.00405	0.02505	0.00518
78	0.02906	0.04607	0.00702	0.00666	0.00761	0.00528	0.01652	0.04605	0.00967	0.02694	0.03759	0.59779	0.10499	0.01231	0.00544	0.00172	0.00296	0.02808	0.00408	0.00416
79	0.01058	0.01037	0.01371	0.03006	0.02554	0.04389	0.02452	0.04963	0.05364	0.01249	0.00728	0.01056	0.00664	0.00731	0.01254	0.00185	0.64860	0.00403	0.02148	0.00527
