[name]
unknown

[dist]
# distance from previous block
# <min> <max>
9	127

[block]
# block no. 0 follows, 60 sequences, length 8
# corresponding to MSA columns:
# 154-161
name=unknown_A
#
# <colnr> <probs for GDERKNQSTAVLIFYWHMCP>
#	G	D	E	R	K	N	Q	S	T	A	V	L	I	F	Y	W	H	M	C	P
0	0.04640	0.00598	0.00856	0.04130	0.07052	0.00597	0.05928	0.02341	0.05094	0.05895	0.11766	0.26654	0.04466	0.10363	0.00782	0.06944	0.00360	0.00748	0.00351	0.00437
1	0.08837	0.00980	0.01435	0.12299	0.46905	0.04590	0.01103	0.04884	0.01000	0.01455	0.00887	0.01256	0.00761	0.00559	0.03719	0.00155	0.00532	0.04362	0.00240	0.04039
2	0.00842	0.00666	0.00735	0.00740	0.03611	0.06107	0.00522	0.07255	0.03772	0.05342	0.06638	0.32555	0.12391	0.05906	0.04092	0.00188	0.00374	0.02022	0.00376	0.05865
3	0.13662	0.00686	0.00759	0.00671	0.00878	0.00694	0.00519	0.10269	0.08177	0.17240	0.04274	0.18181	0.11159	0.04376	0.00517	0.00155	0.00324	0.00638	0.03682	0.03139
4	0.10961	0.00461	0.00534	0.00581	0.00669	0.00447	0.00420	0.00738	0.00913	0.01323	0.13458	0.46367	0.14776	0.01137	0.00513	0.00163	0.00260	0.05499	0.00399	0.00381
5	0.03371	0.00515	0.00652	0.00705	0.05786	0.00491	0.00486	0.00882	0.02880	0.06406	0.17596	0.18096	0.26430	0.02641	0.08541	0.00209	0.00359	0.03132	0.00393	0.00430
6	0.56440	0.00869	0.00805	0.00680	0.00959	0.00969	0.00559	0.14663	0.01024	0.12288	0.00861	0.00932	0.00637	0.00636	0.05903	0.00172	0.00422	0.00304	0.00330	0.00546
7	0.03911	0.00657	0.00814	0.00707	0.00928	0.00626	0.00563	0.06141	0.07950	0.32860	0.14500	0.11243	0.10031	0.00789	0.00478	0.00147	0.00323	0.06289	0.00470	0.00573

[dist]
# distance from previous block
# <min> <max>
0	1

[block]
# block no. 1 follows, 60 sequences, length 18
# corresponding to MSA columns:
# 163,168-184
name=unknown_B
#
# <colnr> <probs for GDERKNQSTAVLIFYWHMCP>
#	G	D	E	R	K	N	Q	S	T	A	V	L	I	F	Y	W	H	M	C	P
0	0.03254	0.00535	0.00642	0.00605	0.00753	0.00501	0.00461	0.03658	0.03777	0.07903	0.27714	0.14655	0.17705	0.04307	0.00567	0.00157	0.00277	0.06807	0.00424	0.05295
1	0.82884	0.00821	0.00638	0.00572	0.00833	0.00947	0.00469	0.01256	0.00770	0.01945	0.05140	0.00851	0.00676	0.00432	0.00284	0.00135	0.00330	0.00267	0.00282	0.00469
2	0.05189	0.00627	0.00752	0.00651	0.00861	0.00599	0.00511	0.02895	0.10985	0.26033	0.26543	0.04389	0.16636	0.00768	0.00471	0.00140	0.00288	0.00647	0.00468	0.00546
3	0.08839	0.00595	0.00714	0.00662	0.00833	0.00584	0.00502	0.01295	0.11174	0.21094	0.17206	0.27181	0.05805	0.00879	0.00478	0.00150	0.00291	0.00760	0.00445	0.00513
4	0.04883	0.00587	0.00688	0.00642	0.00801	0.00581	0.00489	0.05492	0.10891	0.10613	0.25314	0.19154	0.14883	0.00907	0.00492	0.00149	0.00278	0.02231	0.00442	0.00485
5	0.77589	0.00841	0.00684	0.00603	0.00876	0.00959	0.00495	0.01391	0.04562	0.07646	0.00741	0.00807	0.00556	0.00423	0.00290	0.00136	0.00340	0.00263	0.00297	0.00502
6	0.09973	0.00819	0.00938	0.00785	0.01057	0.00847	0.00628	0.10118	0.24770	0.32151	0.06100	0.05625	0.03034	0.00612	0.00435	0.00141	0.00353	0.00499	0.00461	0.00655
7	0.51386	0.00764	0.00716	0.00626	0.00868	0.00839	0.00507	0.06820	0.00959	0.10408	0.11371	0.01362	0.04482	0.00728	0.06371	0.00177	0.00390	0.00385	0.00340	0.00502
8	0.00631	0.00459	0.00676	0.00676	0.00744	0.00527	0.00514	0.00757	0.00689	0.00986	0.01164	0.01785	0.01113	0.09673	0.72360	0.05099	0.01068	0.00476	0.00234	0.00369
9	0.08147	0.00952	0.01071	0.00861	0.01157	0.01017	0.00699	0.35286	0.12924	0.22962	0.01287	0.01266	0.00913	0.00722	0.05087	0.03681	0.00456	0.00411	0.00430	0.00672
10	0.13730	0.00508	0.00581	0.00578	0.00692	0.00526	0.00431	0.00815	0.00830	0.02961	0.06691	0.12047	0.19882	0.12196	0.23660	0.00338	0.00538	0.02283	0.00326	0.00386
11	0.00779	0.00639	0.00899	0.04659	0.06346	0.01777	0.00676	0.04507	0.02720	0.01133	0.01111	0.01582	0.02633	0.05251	0.48185	0.04823	0.11151	0.00454	0.00242	0.00434
12	0.08136	0.04637	0.05558	0.05997	0.19269	0.09488	0.12144	0.08589	0.14280	0.03721	0.01029	0.03449	0.00819	0.00473	0.00426	0.00135	0.00526	0.00416	0.00289	0.00617
13	0.01038	0.02557	0.00993	0.04330	0.02538	0.15277	0.03097	0.07901	0.08221	0.05632	0.05123	0.06146	0.18811	0.02795	0.04788	0.00178	0.06862	0.02869	0.00339	0.00502
14	0.01062	0.01107	0.05598	0.00998	0.07870	0.21256	0.02410	0.08975	0.02494	0.01315	0.07450	0.01618	0.07736	0.05271	0.09407	0.11537	0.00582	0.00454	0.00280	0.02579
15	0.04184	0.07489	0.10747	0.08741	0.27140	0.02410	0.12469	0.08887	0.09635	0.01544	0.02047	0.01122	0.00763	0.00434	0.00427	0.00134	0.00536	0.00397	0.00260	0.00633
16	0.08961	0.14680	0.08535	0.02610	0.09326	0.04937	0.03964	0.06418	0.07920	0.07494	0.04376	0.03767	0.03829	0.00498	0.00391	0.00122	0.00444	0.00402	0.00299	0.11024
17	0.09313	0.05015	0.07298	0.25275	0.14871	0.12714	0.03821	0.06923	0.03082	0.04862	0.00834	0.01027	0.00639	0.00433	0.00406	0.00131	0.00555	0.00354	0.00248	0.02198

[dist]
# distance from previous block
# <min> <max>
7	12

[block]
# block no. 2 follows, 60 sequences, length 9
# corresponding to MSA columns:
# 198-206
name=unknown_C
#
# <colnr> <probs for GDERKNQSTAVLIFYWHMCP>
#	G	D	E	R	K	N	Q	S	T	A	V	L	I	F	Y	W	H	M	C	P
0	0.06108	0.04557	0.18484	0.01157	0.12202	0.03757	0.04265	0.03876	0.10375	0.12072	0.04772	0.04235	0.01035	0.04299	0.00498	0.00144	0.00468	0.00430	0.00311	0.06954
1	0.00803	0.00638	0.00794	0.00727	0.03241	0.00610	0.02025	0.04278	0.06637	0.03762	0.07995	0.06637	0.21277	0.02521	0.10785	0.00206	0.03384	0.03335	0.01891	0.18455
2	0.01052	0.02605	0.12913	0.02605	0.10521	0.02240	0.02726	0.01387	0.08776	0.13422	0.05447	0.01596	0.05653	0.03865	0.02907	0.00151	0.00444	0.02078	0.02211	0.17401
3	0.00704	0.00544	0.02450	0.06730	0.02782	0.00499	0.00512	0.00861	0.02366	0.05303	0.15305	0.18384	0.18124	0.14602	0.02655	0.00207	0.00342	0.03970	0.00368	0.03292
4	0.00540	0.00399	0.00506	0.00572	0.00628	0.00364	0.00393	0.00639	0.00915	0.01209	0.13380	0.60134	0.16203	0.01259	0.00544	0.00167	0.00241	0.01126	0.00415	0.00364
5	0.01178	0.20009	0.11004	0.01688	0.34934	0.07911	0.04292	0.03741	0.01025	0.05865	0.00814	0.00971	0.00655	0.00402	0.00392	0.00120	0.00535	0.00341	0.00233	0.03889
6	0.03803	0.03929	0.26680	0.04213	0.08380	0.06111	0.05284	0.09257	0.05848	0.03823	0.00940	0.01154	0.00744	0.02726	0.11150	0.00216	0.04517	0.00382	0.00254	0.00589
7	0.00870	0.00633	0.00897	0.02697	0.19167	0.00604	0.00660	0.02692	0.00942	0.09158	0.01910	0.22471	0.11197	0.13398	0.00746	0.00189	0.00371	0.05890	0.00343	0.05166
8	0.00904	0.00775	0.00904	0.00646	0.01034	0.00581	0.00517	0.01098	0.00904	0.01421	0.00775	0.00904	0.00646	0.00323	0.00323	0.00065	0.00323	0.00258	0.00258	0.87339

[dist]
# distance from previous block
# <min> <max>
0	1

[block]
# block no. 3 follows, 60 sequences, length 13
# corresponding to MSA columns:
# 208-220
name=unknown_D
#
# <colnr> <probs for GDERKNQSTAVLIFYWHMCP>
#	G	D	E	R	K	N	Q	S	T	A	V	L	I	F	Y	W	H	M	C	P
0	0.06942	0.15721	0.09862	0.01178	0.13243	0.18014	0.03727	0.02743	0.03215	0.02797	0.00810	0.02689	0.00676	0.00421	0.00371	0.00111	0.00524	0.00325	0.00241	0.16388
1	0.00586	0.00445	0.00561	0.00552	0.00655	0.00424	0.00413	0.00743	0.01021	0.01383	0.37491	0.08022	0.24527	0.03560	0.17369	0.00264	0.00414	0.00782	0.00399	0.00388
2	0.01054	0.02554	0.07294	0.06862	0.26618	0.00956	0.09499	0.01444	0.11406	0.05918	0.00973	0.01131	0.00760	0.00428	0.00459	0.00125	0.03966	0.00385	0.00267	0.17901
3	0.00922	0.00638	0.00741	0.00610	0.00865	0.00544	0.00478	0.03041	0.05495	0.13311	0.10528	0.04596	0.27394	0.00714	0.00438	0.00118	0.00288	0.00596	0.00389	0.28294
4	0.01396	0.01073	0.01321	0.01049	0.01349	0.01183	0.08873	0.41534	0.19032	0.07141	0.01261	0.01394	0.00957	0.00572	0.00519	0.00144	0.05912	0.04207	0.00405	0.00681
5	0.00844	0.00785	0.01305	0.57283	0.14856	0.00942	0.01137	0.01104	0.00861	0.01147	0.00823	0.01210	0.00662	0.00797	0.10803	0.00214	0.04125	0.00397	0.00202	0.00504
6	0.01030	0.01072	0.07176	0.18846	0.41554	0.01031	0.10553	0.05363	0.04233	0.01444	0.00881	0.01131	0.00695	0.00416	0.00439	0.00136	0.00548	0.00404	0.02421	0.00629
7	0.00617	0.00455	0.00546	0.00531	0.00651	0.00413	0.00402	0.00771	0.01068	0.03474	0.36367	0.03571	0.34222	0.05346	0.05090	0.00190	0.00290	0.05177	0.00423	0.00394
8	0.00774	0.00685	0.03071	0.08760	0.05059	0.03876	0.03745	0.02698	0.02769	0.04317	0.32058	0.06317	0.22524	0.00819	0.00491	0.00141	0.00334	0.00712	0.00389	0.00461
9	0.02890	0.01185	0.01007	0.00943	0.04294	0.28644	0.00694	0.15090	0.01180	0.01418	0.06397	0.01574	0.06704	0.07388	0.15862	0.00255	0.03235	0.00446	0.00295	0.00497
10	0.01116	0.10912	0.07477	0.00806	0.02691	0.03378	0.00697	0.08708	0.02507	0.07939	0.00873	0.00954	0.00683	0.00382	0.00351	0.00090	0.00402	0.00295	0.00285	0.49456
11	0.13838	0.01067	0.05182	0.01084	0.11814	0.09372	0.00787	0.13493	0.14802	0.08359	0.09551	0.02782	0.01232	0.00614	0.02133	0.00148	0.00452	0.02331	0.00357	0.00602
12	0.01192	0.73962	0.02155	0.00793	0.01139	0.05373	0.00764	0.03952	0.00929	0.01087	0.00622	0.00729	0.00567	0.00402	0.00351	0.00101	0.04877	0.00249	0.00197	0.00559

[dist]
# distance from previous block
# <min> <max>
0	1

[block]
# block no. 4 follows, 60 sequences, length 58
# corresponding to MSA columns:
# 222-279
name=unknown_E
#
# <colnr> <probs for GDERKNQSTAVLIFYWHMCP>
#	G	D	E	R	K	N	Q	S	T	A	V	L	I	F	Y	W	H	M	C	P
0	0.01401	0.01169	0.05671	0.00980	0.01312	0.01213	0.02102	0.49172	0.24015	0.02323	0.01253	0.02898	0.00936	0.00546	0.00438	0.00135	0.00446	0.00432	0.00415	0.03142
1	0.61670	0.05175	0.02076	0.00809	0.05425	0.16114	0.00618	0.01372	0.00857	0.01710	0.00634	0.00746	0.00506	0.00411	0.00304	0.00129	0.00441	0.00254	0.00253	0.00497
2	0.00617	0.00407	0.00542	0.00617	0.00667	0.00375	0.00420	0.00701	0.00859	0.05581	0.02334	0.78151	0.02740	0.01300	0.00545	0.00173	0.00261	0.01176	0.00409	0.02124
3	0.01105	0.18963	0.13431	0.01858	0.40369	0.06261	0.06474	0.02507	0.00986	0.01322	0.00763	0.00962	0.00632	0.00401	0.00421	0.00124	0.02228	0.00348	0.00209	0.00635
4	0.00542	0.00402	0.00491	0.00551	0.00607	0.00368	0.00373	0.00625	0.00872	0.01132	0.06634	0.52710	0.21716	0.09981	0.00718	0.00194	0.00261	0.01078	0.00394	0.00351
5	0.00852	0.00708	0.00785	0.00739	0.02216	0.00759	0.00555	0.03010	0.40207	0.01681	0.23960	0.04068	0.17117	0.00779	0.00478	0.00145	0.00288	0.00663	0.00442	0.00549
6	0.00534	0.00380	0.00505	0.00605	0.00629	0.00356	0.00402	0.00608	0.00831	0.01108	0.02383	0.82704	0.02858	0.03087	0.00591	0.00182	0.00257	0.01227	0.00402	0.00352
7	0.00633	0.00427	0.00497	0.00497	0.00505	0.00435	0.00291	0.00648	0.00641	0.00862	0.01354	0.02745	0.01538	0.76870	0.09957	0.00449	0.00494	0.00618	0.00261	0.00276
8	0.01029	0.01176	0.02574	0.01838	0.02279	0.01103	0.80368	0.01397	0.01029	0.01397	0.00882	0.01176	0.00662	0.00368	0.00515	0.00147	0.00735	0.00515	0.00221	0.00588
9	0.00625	0.00459	0.00659	0.00659	0.00723	0.00522	0.00493	0.00752	0.00689	0.00981	0.01206	0.01925	0.01182	0.18387	0.67953	0.00649	0.01030	0.00498	0.00239	0.00366
10	0.00981	0.01029	0.01973	0.10298	0.02012	0.00968	0.49453	0.01345	0.05094	0.01394	0.00892	0.01136	0.00684	0.00376	0.00459	0.00128	0.00604	0.00441	0.00238	0.20494
11	0.01105	0.00947	0.00998	0.00892	0.01142	0.01094	0.00695	0.05105	0.78343	0.01857	0.01749	0.01607	0.01310	0.00589	0.00444	0.00147	0.00350	0.00490	0.00444	0.00692
12	0.00813	0.00407	0.00407	0.00407	0.00508	0.00407	0.00305	0.01016	0.00915	0.01626	0.01423	0.01626	0.01118	0.00508	0.00305	0.00102	0.00203	0.00407	0.87093	0.00407
13	0.00904	0.00775	0.00904	0.00646	0.01034	0.00581	0.00517	0.01098	0.00904	0.01421	0.00775	0.00904	0.00646	0.00323	0.00323	0.00065	0.00323	0.00258	0.00258	0.87339
14	0.00634	0.00424	0.00482	0.00482	0.00484	0.00426	0.00272	0.00638	0.00636	0.00850	0.01369	0.02823	0.01572	0.82457	0.04417	0.00430	0.00443	0.00630	0.00263	0.00268
15	0.00813	0.00407	0.00407	0.00407	0.00508	0.00407	0.00305	0.01016	0.00915	0.01626	0.01423	0.01626	0.01118	0.00508	0.00305	0.00102	0.00203	0.00407	0.87093	0.00407
16	0.00837	0.00429	0.00432	0.00423	0.00532	0.00433	0.00320	0.03247	0.00947	0.01658	0.01412	0.01610	0.01107	0.00509	0.00309	0.00102	0.00211	0.00406	0.84662	0.00416
17	0.01079	0.01036	0.01770	0.02677	0.81952	0.01036	0.01339	0.01339	0.00993	0.01425	0.00820	0.01079	0.00691	0.00389	0.00432	0.00130	0.00518	0.00389	0.00216	0.00691
18	0.00617	0.00446	0.00583	0.00549	0.00652	0.00412	0.00412	0.00823	0.01235	0.01749	0.81722	0.03258	0.04115	0.00892	0.00514	0.00137	0.00206	0.00789	0.00480	0.00412
19	0.00824	0.00775	0.01308	0.83624	0.03004	0.00969	0.01211	0.01114	0.00872	0.01114	0.00775	0.01163	0.00581	0.00436	0.00436	0.00145	0.00581	0.00388	0.00194	0.00484
20	0.01692	0.00770	0.00987	0.00780	0.01083	0.00721	0.00636	0.09670	0.08092	0.57930	0.11316	0.01668	0.01434	0.00585	0.00448	0.00136	0.00360	0.00481	0.00514	0.00698
21	0.00627	0.00430	0.00523	0.00527	0.00545	0.00443	0.00328	0.00665	0.00671	0.00912	0.03235	0.06691	0.01614	0.63043	0.17537	0.00457	0.00552	0.00636	0.00270	0.00296
22	0.00536	0.00383	0.00511	0.00612	0.00639	0.00358	0.00412	0.00615	0.00839	0.01118	0.02401	0.82406	0.02875	0.01362	0.00558	0.00178	0.00257	0.03179	0.00405	0.00355
23	0.01166	0.84935	0.02285	0.00746	0.01119	0.01726	0.00746	0.01306	0.00886	0.01026	0.00606	0.00700	0.00560	0.00373	0.00280	0.00093	0.00466	0.00233	0.00187	0.00560
24	0.00817	0.00562	0.00771	0.00721	0.00823	0.00636	0.00556	0.07004	0.00830	0.06776	0.01183	0.01742	0.01091	0.12948	0.54703	0.02409	0.05255	0.00474	0.00271	0.00426
25	0.00827	0.00659	0.00897	0.08300	0.02315	0.02266	0.00704	0.07757	0.00927	0.02709	0.05661	0.02088	0.01334	0.03435	0.36944	0.00406	0.09644	0.12389	0.00288	0.00451
26	0.82987	0.00854	0.00703	0.00689	0.05304	0.00982	0.00520	0.01285	0.00756	0.01928	0.00619	0.00729	0.00484	0.00404	0.00279	0.00135	0.00347	0.00245	0.00267	0.00484
27	0.00546	0.00423	0.00484	0.00506	0.00600	0.00376	0.00357	0.00651	0.00952	0.01214	0.15034	0.26032	0.40969	0.09016	0.00687	0.00180	0.00247	0.00962	0.00403	0.00361
28	0.01571	0.01187	0.01261	0.00969	0.01316	0.02710	0.00796	0.69479	0.04081	0.02568	0.01035	0.01045	0.00746	0.00505	0.00425	0.00125	0.00467	0.00381	0.00416	0.08919
29	0.00623	0.00467	0.00701	0.00701	0.00779	0.00545	0.00545	0.00779	0.00701	0.01012	0.01168	0.01713	0.01090	0.03271	0.82944	0.00701	0.01168	0.00467	0.00234	0.00389
30	0.01258	0.49631	0.11375	0.00968	0.05193	0.06171	0.00895	0.15960	0.01136	0.02729	0.00741	0.00826	0.00607	0.00414	0.00341	0.00109	0.00509	0.00287	0.00242	0.00609
31	0.00580	0.00443	0.00532	0.00514	0.00630	0.00395	0.00384	0.00749	0.01141	0.01536	0.53011	0.05874	0.30671	0.00978	0.00516	0.00142	0.00212	0.00847	0.00452	0.00395
32	0.00603	0.00445	0.00563	0.00533	0.00643	0.00405	0.00400	0.00795	0.01200	0.01667	0.70659	0.03392	0.15229	0.00922	0.00515	0.00139	0.00208	0.00808	0.00469	0.00405
33	0.00875	0.02256	0.82413	0.01243	0.01888	0.01013	0.01611	0.01381	0.00921	0.01381	0.00783	0.00921	0.00552	0.00414	0.00414	0.00138	0.00645	0.00322	0.00184	0.00645
34	0.00617	0.00446	0.00583	0.00549	0.00652	0.00412	0.00412	0.00823	0.01235	0.01749	0.81722	0.03258	0.04115	0.00892	0.00514	0.00137	0.00206	0.00789	0.00480	0.00412
35	0.01263	0.67670	0.02067	0.00825	0.01167	0.18644	0.00766	0.01397	0.00959	0.01035	0.00620	0.00718	0.00560	0.00389	0.00303	0.00097	0.00533	0.00243	0.00195	0.00548
36	0.01349	0.00775	0.00959	0.00708	0.01075	0.00627	0.00576	0.03757	0.01075	0.34005	0.01164	0.01142	0.00823	0.00416	0.00373	0.00095	0.00347	0.00335	0.00377	0.50023
37	0.00622	0.00449	0.00590	0.00563	0.00665	0.00416	0.00428	0.00827	0.01222	0.01725	0.77355	0.03349	0.04027	0.00909	0.00519	0.00141	0.00217	0.05090	0.00476	0.00411
38	0.00549	0.00390	0.00515	0.00608	0.00636	0.00368	0.00411	0.00626	0.00829	0.01104	0.02319	0.73603	0.02764	0.07748	0.00687	0.00197	0.00275	0.05627	0.00394	0.00350
39	0.00838	0.00790	0.01334	0.79173	0.07345	0.00973	0.01218	0.01127	0.00879	0.01131	0.00778	0.01158	0.00587	0.00433	0.00436	0.00144	0.00578	0.00388	0.00195	0.00496
40	0.01047	0.02626	0.02310	0.04704	0.14753	0.03124	0.58738	0.01397	0.02621	0.01379	0.00871	0.01148	0.00671	0.00387	0.00508	0.00143	0.02275	0.00477	0.00222	0.00598
41	0.03842	0.18474	0.22209	0.01192	0.01641	0.01182	0.22014	0.11910	0.01125	0.10996	0.00913	0.01020	0.00667	0.00422	0.00415	0.00130	0.00569	0.00375	0.00272	0.00631
42	0.00548	0.00464	0.00477	0.00478	0.00622	0.00406	0.00357	0.00717	0.05187	0.01218	0.05514	0.09519	0.70799	0.01092	0.00515	0.00149	0.00229	0.00918	0.00408	0.00385
43	0.05175	0.01050	0.01571	0.11338	0.52987	0.02474	0.01181	0.16026	0.01169	0.01654	0.00845	0.01061	0.00676	0.00421	0.00425	0.00132	0.00514	0.00380	0.00257	0.00664
44	0.00758	0.00379	0.00568	0.00568	0.00568	0.00379	0.00379	0.00568	0.00568	0.00758	0.00758	0.01326	0.00758	0.01515	0.01705	0.87311	0.00379	0.00379	0.00189	0.00189
45	0.01585	0.01185	0.01268	0.00989	0.01325	0.01318	0.00811	0.70540	0.12127	0.02631	0.01140	0.01121	0.00817	0.00532	0.00437	0.00133	0.00463	0.00405	0.00437	0.00735
46	0.05706	0.18180	0.13278	0.02266	0.07461	0.05172	0.00895	0.17114	0.07707	0.04120	0.02566	0.01021	0.00763	0.00451	0.00396	0.00119	0.01838	0.00339	0.00290	0.10317
47	0.00720	0.00568	0.00844	0.00782	0.00903	0.00636	0.05114	0.04786	0.05233	0.01200	0.04983	0.03427	0.01241	0.02673	0.64113	0.00574	0.01001	0.00499	0.00269	0.00435
48	0.01041	0.00997	0.01701	0.14851	0.70078	0.01026	0.01319	0.01305	0.00975	0.01378	0.00814	0.01092	0.00674	0.00396	0.00432	0.00132	0.00528	0.00388	0.00213	0.00660
49	0.01079	0.01036	0.01770	0.02677	0.81952	0.01036	0.01339	0.01339	0.00993	0.01425	0.00820	0.01079	0.00691	0.00389	0.00432	0.00130	0.00518	0.00389	0.00216	0.00691
50	0.00617	0.00446	0.00583	0.00549	0.00652	0.00412	0.00412	0.00823	0.01235	0.01749	0.81722	0.03258	0.04115	0.00892	0.00514	0.00137	0.00206	0.00789	0.00480	0.00412
51	0.00904	0.00775	0.00904	0.00646	0.01034	0.00581	0.00517	0.01098	0.00904	0.01421	0.00775	0.00904	0.00646	0.00323	0.00323	0.00065	0.00323	0.00258	0.00258	0.87339
52	0.00574	0.00479	0.00509	0.00517	0.00664	0.00429	0.00403	0.00763	0.05728	0.01234	0.03976	0.04144	0.66281	0.01088	0.00523	0.00155	0.00253	0.11482	0.00407	0.00392
53	0.00561	0.00408	0.00531	0.00586	0.00646	0.00378	0.00413	0.00682	0.00967	0.01305	0.24825	0.52046	0.09404	0.01206	0.00543	0.00165	0.00243	0.04294	0.00426	0.00373
54	0.00538	0.00385	0.00512	0.00602	0.00634	0.00359	0.00405	0.00625	0.00868	0.01166	0.08938	0.77705	0.02986	0.01327	0.00553	0.00174	0.00249	0.01203	0.00411	0.00359
55	0.01267	0.00644	0.00811	0.00684	0.00916	0.00600	0.00542	0.01581	0.12103	0.37794	0.23232	0.04039	0.12444	0.00730	0.00472	0.00140	0.00302	0.00618	0.00491	0.00591
56	0.02766	0.03740	0.07521	0.14938	0.49456	0.02238	0.08514	0.01309	0.00960	0.01355	0.00798	0.01063	0.00648	0.00405	0.00453	0.00134	0.02474	0.00386	0.00210	0.00630
57	0.00850	0.00725	0.03241	0.00819	0.01025	0.00691	0.10492	0.06942	0.13722	0.03216	0.38561	0.04543	0.06950	0.00756	0.00492	0.00142	0.00337	0.03207	0.02780	0.00510

[dist]
# distance from previous block
# <min> <max>
2	5

[block]
# block no. 5 follows, 60 sequences, length 22
# corresponding to MSA columns:
# 286-307
name=unknown_F
#
# <colnr> <probs for GDERKNQSTAVLIFYWHMCP>
#	G	D	E	R	K	N	Q	S	T	A	V	L	I	F	Y	W	H	M	C	P
0	0.52770	0.04040	0.03329	0.06542	0.16002	0.01027	0.03628	0.04276	0.00874	0.01759	0.01885	0.00880	0.00596	0.00413	0.00334	0.00134	0.00418	0.00301	0.00257	0.00535
1	0.00623	0.00467	0.00701	0.00701	0.00779	0.00545	0.00545	0.00779	0.00701	0.01012	0.01168	0.01713	0.01090	0.03271	0.82944	0.00701	0.01168	0.00467	0.00234	0.00389
2	0.00882	0.00925	0.01876	0.06747	0.01828	0.00880	0.50928	0.01185	0.01053	0.01430	0.18220	0.05308	0.05522	0.00562	0.00511	0.00146	0.00567	0.00616	0.00291	0.00523
3	0.01015	0.01003	0.01862	0.01332	0.01749	0.00882	0.46160	0.01307	0.00989	0.04393	0.00871	0.01081	0.00671	0.00357	0.00437	0.00114	0.00560	0.00412	0.00247	0.34559
4	0.00565	0.00403	0.00541	0.00639	0.00677	0.00383	0.00455	0.00662	0.00860	0.01140	0.02356	0.67573	0.02778	0.03834	0.00615	0.00189	0.00285	0.15288	0.00400	0.00360
5	0.01305	0.01502	0.01063	0.01010	0.03145	0.49275	0.00750	0.03882	0.09941	0.01269	0.05708	0.06389	0.04712	0.00682	0.02172	0.00142	0.00616	0.05628	0.00299	0.00508
6	0.01151	0.80536	0.06549	0.00773	0.01160	0.01688	0.00792	0.01310	0.00888	0.01045	0.00616	0.00711	0.00559	0.00375	0.00287	0.00096	0.00476	0.00238	0.00186	0.00564
7	0.01658	0.01222	0.01309	0.01003	0.01353	0.01353	0.00829	0.80497	0.02051	0.02749	0.01047	0.01047	0.00742	0.00524	0.00436	0.00131	0.00480	0.00393	0.00436	0.00742
8	0.01484	0.01135	0.01211	0.00968	0.01286	0.01271	0.00787	0.56758	0.26074	0.02468	0.01268	0.01223	0.00921	0.00544	0.00439	0.00136	0.00439	0.00423	0.00439	0.00726
9	0.01019	0.00558	0.00771	0.00774	0.00935	0.00529	0.00660	0.01209	0.01080	0.22363	0.07719	0.05557	0.02259	0.01013	0.00553	0.00179	0.00377	0.51513	0.00443	0.00490
10	0.00519	0.00442	0.00447	0.00446	0.00591	0.00370	0.00334	0.00633	0.01003	0.01200	0.07304	0.04162	0.78876	0.01097	0.00515	0.00147	0.00220	0.00916	0.00408	0.00370
11	0.00558	0.00458	0.00495	0.00491	0.00630	0.00401	0.00374	0.00720	0.03082	0.01308	0.18674	0.03992	0.61290	0.01057	0.00518	0.00148	0.00230	0.04767	0.00420	0.00386
12	0.01658	0.01222	0.01309	0.01003	0.01353	0.01353	0.00829	0.80497	0.02051	0.02749	0.01047	0.01047	0.00742	0.00524	0.00436	0.00131	0.00480	0.00393	0.00436	0.00742
13	0.01110	0.00584	0.00741	0.00669	0.00851	0.00542	0.00513	0.05331	0.04110	0.28775	0.12815	0.26677	0.10795	0.00905	0.00492	0.00150	0.00300	0.02055	0.02057	0.00529
14	0.00535	0.00393	0.00503	0.00580	0.00628	0.00360	0.00395	0.00625	0.00886	0.01168	0.08313	0.67436	0.13986	0.01296	0.00548	0.00170	0.00245	0.01163	0.00410	0.00360
15	0.05507	0.01090	0.13522	0.02706	0.04863	0.00897	0.01996	0.15296	0.07380	0.38561	0.01356	0.01336	0.00927	0.00517	0.00431	0.00137	0.00445	0.01919	0.00420	0.00695
16	0.01452	0.01120	0.01193	0.00962	0.01274	0.01257	0.00779	0.52455	0.30428	0.02417	0.01308	0.01255	0.00953	0.00548	0.00439	0.00137	0.00432	0.00429	0.00439	0.00723
17	0.00678	0.00537	0.00753	0.00724	0.00778	0.00644	0.00555	0.00797	0.00710	0.01024	0.02547	0.05155	0.03117	0.14901	0.48934	0.00519	0.14942	0.00524	0.01776	0.00384
18	0.00555	0.00400	0.00523	0.00612	0.00648	0.00380	0.00416	0.00662	0.02680	0.01143	0.04139	0.74153	0.04138	0.03905	0.00605	0.00183	0.00264	0.03828	0.00403	0.00362
19	0.01025	0.01056	0.03282	0.16802	0.13853	0.12379	0.08749	0.03470	0.02314	0.02912	0.01080	0.05199	0.04787	0.02656	0.04829	0.00181	0.14191	0.00462	0.00246	0.00526
20	0.01168	0.76841	0.06811	0.00790	0.01173	0.04997	0.00800	0.01328	0.00902	0.01048	0.00619	0.00716	0.00559	0.00379	0.00292	0.00097	0.00490	0.00240	0.00188	0.00562
21	0.03028	0.02738	0.01561	0.16417	0.44137	0.02818	0.05052	0.04649	0.04527	0.01442	0.01913	0.01113	0.00731	0.00413	0.00422	0.00128	0.00511	0.00385	0.00239	0.07775

[dist]
# distance from previous block
# <min> <max>
0	2

[block]
# block no. 6 follows, 60 sequences, length 16
# corresponding to MSA columns:
# 310-325
name=unknown_G
#
# <colnr> <probs for GDERKNQSTAVLIFYWHMCP>
#	G	D	E	R	K	N	Q	S	T	A	V	L	I	F	Y	W	H	M	C	P
0	0.03650	0.00927	0.01362	0.03348	0.13014	0.05117	0.17637	0.06375	0.10182	0.04223	0.05986	0.04522	0.04368	0.03248	0.06277	0.00188	0.04478	0.00508	0.04035	0.00555
1	0.10690	0.18113	0.05944	0.01292	0.14158	0.11884	0.11961	0.10434	0.03808	0.02926	0.00813	0.00944	0.00645	0.00416	0.00386	0.00122	0.00539	0.00340	0.00256	0.04330
2	0.00540	0.00422	0.00491	0.00529	0.00625	0.00374	0.00383	0.00651	0.00961	0.01217	0.11224	0.33094	0.42017	0.01183	0.00534	0.00159	0.00239	0.04575	0.00412	0.00369
3	0.09506	0.04497	0.26034	0.06797	0.06741	0.07383	0.05207	0.04452	0.07209	0.04924	0.01032	0.02829	0.02493	0.03522	0.00496	0.00146	0.02177	0.01470	0.00263	0.02821
4	0.01005	0.28475	0.51238	0.01120	0.03840	0.04760	0.01296	0.01372	0.00925	0.01256	0.00723	0.00849	0.00559	0.00402	0.00371	0.00123	0.00591	0.00294	0.00188	0.00613
5	0.00555	0.00427	0.00506	0.00541	0.00628	0.00387	0.00382	0.00690	0.02832	0.01250	0.15898	0.38146	0.31832	0.03142	0.00571	0.00165	0.00240	0.01019	0.00415	0.00374
6	0.01164	0.00622	0.00787	0.00668	0.00879	0.00580	0.00530	0.06495	0.04846	0.29723	0.35929	0.02553	0.10037	0.00760	0.00482	0.00139	0.00293	0.02469	0.00487	0.00556
7	0.03342	0.06526	0.06998	0.03548	0.39038	0.10600	0.08320	0.07956	0.03288	0.01465	0.00821	0.01019	0.00665	0.00429	0.00464	0.00131	0.04145	0.00373	0.00238	0.00634
8	0.00695	0.00469	0.00597	0.00586	0.00651	0.00509	0.00419	0.03641	0.00761	0.01116	0.01276	0.02072	0.01255	0.31052	0.38592	0.00487	0.00729	0.00513	0.14218	0.00361
9	0.00624	0.00462	0.00673	0.00673	0.00741	0.00530	0.00510	0.00761	0.00693	0.00992	0.01194	0.01855	0.01152	0.13379	0.72920	0.00666	0.01076	0.00488	0.00237	0.00374
10	0.00904	0.00775	0.00904	0.00646	0.01034	0.00581	0.00517	0.01098	0.00904	0.01421	0.00775	0.00904	0.00646	0.00323	0.00323	0.00065	0.00323	0.00258	0.00258	0.87339
11	0.01258	0.01011	0.02888	0.00989	0.03717	0.04262	0.02411	0.23878	0.11103	0.05354	0.09120	0.05730	0.08793	0.05240	0.02143	0.00191	0.04621	0.03075	0.01884	0.02333
12	0.00691	0.00569	0.00652	0.00615	0.00775	0.00554	0.02238	0.04497	0.13522	0.01419	0.12649	0.09494	0.43223	0.01028	0.02257	0.00162	0.00293	0.04504	0.00413	0.00446
13	0.09140	0.03295	0.07650	0.06371	0.06389	0.02928	0.03771	0.30742	0.08413	0.12589	0.01093	0.01172	0.00800	0.03143	0.00474	0.00143	0.00477	0.00393	0.00362	0.00655
14	0.00644	0.00455	0.00602	0.00619	0.00680	0.00479	0.00460	0.00760	0.00785	0.01082	0.06434	0.02864	0.04468	0.29195	0.30679	0.00444	0.00660	0.15301	0.03037	0.00352
15	0.00897	0.00858	0.02792	0.08145	0.04430	0.05457	0.04181	0.02611	0.13541	0.01349	0.13392	0.05611	0.03209	0.06922	0.03702	0.00195	0.18535	0.03368	0.00312	0.00495

[dist]
# distance from previous block
# <min> <max>
5	6

[block]
# block no. 7 follows, 60 sequences, length 13
# corresponding to MSA columns:
# 332-344
name=unknown_H
#
# <colnr> <probs for GDERKNQSTAVLIFYWHMCP>
#	G	D	E	R	K	N	Q	S	T	A	V	L	I	F	Y	W	H	M	C	P
0	0.01073	0.00940	0.01512	0.07858	0.53470	0.00959	0.02861	0.03011	0.07809	0.05600	0.04296	0.01410	0.02642	0.00476	0.00442	0.00135	0.00476	0.02333	0.02053	0.00647
1	0.01036	0.00968	0.03229	0.01092	0.09898	0.08058	0.00795	0.11111	0.18517	0.01491	0.02571	0.03732	0.01112	0.03414	0.17159	0.00267	0.10571	0.04111	0.00313	0.00555
2	0.01001	0.38106	0.47669	0.01028	0.01555	0.01322	0.01236	0.01349	0.00906	0.01227	0.00706	0.00825	0.00556	0.00396	0.00356	0.00119	0.00567	0.00284	0.00185	0.00608
3	0.00529	0.00442	0.00461	0.00456	0.00598	0.00374	0.00342	0.00653	0.01027	0.01256	0.14926	0.04070	0.71219	0.01076	0.00515	0.00146	0.00219	0.00903	0.00415	0.00374
4	0.00814	0.00573	0.00753	0.00739	0.00890	0.00557	0.03152	0.02747	0.08741	0.07944	0.08488	0.17446	0.13514	0.01020	0.00534	0.00168	0.00338	0.28781	0.00416	0.02383
5	0.01629	0.02079	0.01236	0.01124	0.01348	0.82921	0.00843	0.01742	0.01236	0.01067	0.00674	0.00787	0.00562	0.00449	0.00393	0.00112	0.00787	0.00281	0.00225	0.00506
6	0.01031	0.00987	0.01682	0.18096	0.66914	0.01023	0.01314	0.01296	0.00970	0.01366	0.00812	0.01095	0.00670	0.00398	0.00433	0.00133	0.00530	0.00388	0.00212	0.00652
7	0.00623	0.00467	0.00701	0.00701	0.00779	0.00545	0.00545	0.00779	0.00701	0.01012	0.01168	0.01713	0.01090	0.03271	0.82944	0.00701	0.01168	0.00467	0.00234	0.00389
8	0.00633	0.00426	0.00493	0.00493	0.00499	0.00432	0.00286	0.00645	0.00639	0.00858	0.01359	0.02767	0.01548	0.78489	0.08352	0.00444	0.00479	0.00622	0.00262	0.00274
9	0.00549	0.00398	0.00496	0.00562	0.00613	0.00366	0.00381	0.00638	0.00877	0.01163	0.08055	0.58103	0.15761	0.06803	0.00651	0.00184	0.00255	0.01094	0.02695	0.00356
10	0.06483	0.00523	0.00694	0.00779	0.00891	0.00530	0.00677	0.00926	0.00995	0.01364	0.05040	0.04580	0.02432	0.01140	0.00577	0.00194	0.00390	0.70981	0.00396	0.00407
11	0.00772	0.00671	0.00769	0.00737	0.00816	0.07114	0.00553	0.03268	0.03413	0.01095	0.01474	0.11978	0.06646	0.15859	0.32308	0.00410	0.10845	0.00593	0.00278	0.00403
12	0.14150	0.01277	0.03134	0.03387	0.05288	0.21863	0.25424	0.04563	0.01037	0.01403	0.00910	0.06613	0.00803	0.00517	0.00496	0.00141	0.05559	0.02651	0.00252	0.00532

[dist]
# distance from previous block
# <min> <max>
5	10

[block]
# block no. 8 follows, 60 sequences, length 98
# corresponding to MSA columns:
# 355-452
name=unknown_I
#
# <colnr> <probs for GDERKNQSTAVLIFYWHMCP>
#	G	D	E	R	K	N	Q	S	T	A	V	L	I	F	Y	W	H	M	C	P
0	0.02288	0.18786	0.13851	0.00899	0.02809	0.05679	0.02132	0.07685	0.10607	0.09771	0.08004	0.04756	0.05867	0.00672	0.03187	0.00149	0.00471	0.01479	0.00327	0.00581
1	0.00701	0.04198	0.19986	0.00793	0.01060	0.00654	0.06285	0.00944	0.02552	0.01248	0.06679	0.09106	0.29508	0.08488	0.01673	0.00180	0.00410	0.04759	0.00321	0.00456
2	0.01010	0.11019	0.15510	0.00980	0.06474	0.05749	0.02107	0.05790	0.08772	0.06759	0.13191	0.08824	0.05247	0.00677	0.00450	0.00139	0.00436	0.05970	0.00339	0.00557
3	0.00978	0.08376	0.56476	0.01177	0.02974	0.05143	0.03350	0.04921	0.06581	0.01420	0.00910	0.04152	0.00710	0.00465	0.00414	0.00135	0.00595	0.00369	0.00225	0.00627
4	0.00884	0.06668	0.76560	0.01204	0.01823	0.01039	0.01542	0.01363	0.00917	0.01357	0.00804	0.02481	0.00597	0.00430	0.00410	0.00136	0.00628	0.00335	0.00188	0.00635
5	0.00825	0.00775	0.01304	0.80376	0.04619	0.00960	0.01199	0.01114	0.00881	0.01133	0.02284	0.01200	0.00650	0.00444	0.00437	0.00145	0.00573	0.00395	0.00200	0.00487
6	0.01055	0.01151	0.07738	0.05715	0.59220	0.03082	0.11695	0.01342	0.00990	0.01390	0.00825	0.01086	0.00675	0.00432	0.01618	0.00141	0.00574	0.00399	0.00214	0.00657
7	0.00758	0.00379	0.00568	0.00568	0.00568	0.00379	0.00379	0.00568	0.00568	0.00758	0.00758	0.01326	0.00758	0.01515	0.01705	0.87311	0.00379	0.00379	0.00189	0.00189
8	0.00824	0.00775	0.01308	0.83624	0.03004	0.00969	0.01211	0.01114	0.00872	0.01114	0.00775	0.01163	0.00581	0.00436	0.00436	0.00145	0.00581	0.00388	0.00194	0.00484
9	0.01105	0.01153	0.08399	0.03467	0.36442	0.01066	0.18750	0.08734	0.10576	0.02689	0.01007	0.01237	0.00795	0.00443	0.00454	0.00138	0.00549	0.02067	0.00269	0.00660
10	0.00758	0.00379	0.00568	0.00568	0.00568	0.00379	0.00379	0.00568	0.00568	0.00758	0.00758	0.01326	0.00758	0.01515	0.01705	0.87311	0.00379	0.00379	0.00189	0.00189
11	0.01808	0.00749	0.00992	0.00775	0.01091	0.00674	0.00635	0.04545	0.05899	0.69707	0.07030	0.01597	0.01286	0.00566	0.00444	0.00136	0.00362	0.00464	0.00527	0.00717
12	0.01166	0.84935	0.02285	0.00746	0.01119	0.01726	0.00746	0.01306	0.00886	0.01026	0.00606	0.00700	0.00560	0.00373	0.00280	0.00093	0.00466	0.00233	0.00187	0.00560
13	0.02927	0.36983	0.13127	0.06500	0.04352	0.07135	0.07898	0.12661	0.02174	0.01406	0.00757	0.00884	0.00608	0.00414	0.00367	0.00117	0.00544	0.00316	0.00234	0.00596
14	0.00771	0.00669	0.02543	0.00773	0.02357	0.00720	0.00607	0.03724	0.06204	0.01598	0.49828	0.02492	0.05214	0.00818	0.00713	0.00150	0.19308	0.00650	0.00397	0.00464
15	0.00550	0.00388	0.00500	0.00583	0.00604	0.00367	0.00379	0.00612	0.00798	0.01064	0.02214	0.69387	0.02646	0.16693	0.00863	0.00222	0.00284	0.01128	0.00379	0.00338
16	0.00615	0.00446	0.00579	0.00546	0.00650	0.00410	0.00410	0.00818	0.01229	0.01735	0.79791	0.03281	0.06055	0.00897	0.00514	0.00137	0.00206	0.00792	0.00478	0.00410
17	0.00972	0.00983	0.01333	0.01144	0.01150	0.03438	0.00951	0.01067	0.00683	0.01050	0.00575	0.00950	0.00572	0.00755	0.01405	0.00189	0.81734	0.00379	0.00192	0.00478
18	0.00870	0.02431	0.00807	0.00753	0.00914	0.00745	0.00579	0.01505	0.37263	0.04129	0.13807	0.22760	0.02222	0.00883	0.00494	0.00157	0.00310	0.08403	0.00433	0.00536
19	0.00527	0.00395	0.00490	0.00566	0.00622	0.00358	0.00387	0.00612	0.00875	0.01129	0.02905	0.64435	0.22514	0.01301	0.00546	0.00170	0.00245	0.01160	0.00405	0.00358
20	0.01644	0.01209	0.01294	0.00994	0.01339	0.01337	0.00821	0.79226	0.02032	0.02731	0.01053	0.01056	0.00748	0.00523	0.00434	0.00130	0.00476	0.00393	0.01822	0.00736
21	0.00904	0.00775	0.00904	0.00646	0.01034	0.00581	0.00517	0.01098	0.00904	0.01421	0.00775	0.00904	0.00646	0.00323	0.00323	0.00065	0.00323	0.00258	0.00258	0.87339
22	0.01629	0.02079	0.01236	0.01124	0.01348	0.82921	0.00843	0.01742	0.01236	0.01067	0.00674	0.00787	0.00562	0.00449	0.00393	0.00112	0.00787	0.00281	0.00225	0.00506
23	0.00685	0.00450	0.00574	0.00538	0.00648	0.00418	0.00405	0.00889	0.01194	0.04296	0.68963	0.02994	0.03637	0.00832	0.00485	0.00133	0.00211	0.00729	0.11497	0.00421
24	0.00623	0.00467	0.00701	0.00701	0.00779	0.00545	0.00545	0.00779	0.00701	0.01012	0.01168	0.01713	0.01090	0.03271	0.82944	0.00701	0.01168	0.00467	0.00234	0.00389
25	0.00843	0.00814	0.01430	0.75768	0.02934	0.00982	0.08815	0.01141	0.00887	0.01141	0.00785	0.01164	0.00589	0.00429	0.00444	0.00146	0.00596	0.00400	0.00196	0.00494
26	0.01156	0.00994	0.01025	0.00905	0.01161	0.03183	0.00708	0.10102	0.71248	0.01898	0.01675	0.01548	0.01253	0.00581	0.00442	0.00145	0.00370	0.00478	0.00437	0.00691
27	0.00803	0.00651	0.00912	0.09967	0.13051	0.00660	0.00707	0.01095	0.10366	0.03382	0.02869	0.28180	0.03955	0.02223	0.04202	0.00179	0.00402	0.06941	0.00339	0.09116
28	0.22273	0.21639	0.22069	0.00896	0.01299	0.06575	0.02065	0.08494	0.02028	0.06128	0.00781	0.00862	0.00596	0.00421	0.00349	0.00123	0.00497	0.00294	0.00256	0.02357
29	0.00875	0.02256	0.82413	0.01243	0.01888	0.01013	0.01611	0.01381	0.00921	0.01381	0.00783	0.00921	0.00552	0.00414	0.00414	0.00138	0.00645	0.00322	0.00184	0.00645
30	0.01911	0.00816	0.01058	0.00811	0.01150	0.00750	0.00670	0.14160	0.01372	0.70046	0.01617	0.01417	0.01028	0.00537	0.00438	0.00134	0.00388	0.00432	0.00524	0.00742
31	0.00593	0.00437	0.00608	0.05985	0.00807	0.00455	0.00479	0.00699	0.00794	0.01077	0.04382	0.43334	0.02155	0.13302	0.20528	0.00334	0.00519	0.02817	0.00333	0.00362
32	0.01000	0.07512	0.39550	0.03742	0.05449	0.03628	0.28513	0.01398	0.00974	0.02951	0.00821	0.01014	0.00608	0.00399	0.00441	0.00137	0.00655	0.00388	0.00207	0.00615
33	0.01397	0.00910	0.01027	0.00867	0.01151	0.00984	0.00691	0.10407	0.49812	0.25179	0.01684	0.01526	0.01197	0.00570	0.00442	0.00142	0.00367	0.00467	0.00471	0.00711
34	0.00634	0.00423	0.00476	0.00476	0.00476	0.00423	0.00264	0.00634	0.00634	0.00846	0.01374	0.02854	0.01586	0.84672	0.02220	0.00423	0.00423	0.00634	0.00264	0.00264
35	0.03014	0.01780	0.23596	0.03185	0.20011	0.33178	0.04243	0.03557	0.01090	0.01310	0.00756	0.00918	0.00596	0.00423	0.00412	0.00126	0.00663	0.00330	0.00217	0.00594
36	0.00758	0.00379	0.00568	0.00568	0.00568	0.00379	0.00379	0.00568	0.00568	0.00758	0.00758	0.01326	0.00758	0.01515	0.01705	0.87311	0.00379	0.00379	0.00189	0.00189
37	0.00634	0.00423	0.00476	0.00476	0.00476	0.00423	0.00264	0.00634	0.00634	0.00846	0.01374	0.02854	0.01586	0.84672	0.02220	0.00423	0.00423	0.00634	0.00264	0.00264
38	0.01558	0.01352	0.12229	0.01032	0.01420	0.01294	0.00931	0.68396	0.01884	0.04029	0.01024	0.01038	0.00722	0.00509	0.00433	0.00132	0.00500	0.00384	0.00404	0.00729
39	0.00937	0.12198	0.45101	0.01397	0.12698	0.01072	0.11439	0.01317	0.00943	0.01334	0.02535	0.01140	0.03266	0.02239	0.00457	0.00139	0.00589	0.00380	0.00208	0.00611
40	0.01004	0.00549	0.00712	0.00621	0.00795	0.00503	0.00482	0.01238	0.04730	0.23910	0.52071	0.02719	0.05584	0.02473	0.00525	0.00143	0.00262	0.00680	0.00488	0.00511
41	0.86004	0.00841	0.00649	0.00578	0.00849	0.00972	0.00476	0.01299	0.00753	0.03594	0.00630	0.00724	0.00485	0.00408	0.00273	0.00135	0.00338	0.00240	0.00275	0.00478
42	0.11484	0.06772	0.41395	0.07382	0.07971	0.04082	0.07899	0.01339	0.00906	0.01385	0.00746	0.00930	0.00567	0.00426	0.00453	0.00137	0.04996	0.00334	0.00203	0.00592
43	0.00758	0.00379	0.00568	0.00568	0.00568	0.00379	0.00379	0.00568	0.00568	0.00758	0.00758	0.01326	0.00758	0.01515	0.01705	0.87311	0.00379	0.00379	0.00189	0.00189
44	0.03417	0.29901	0.32686	0.06981	0.10364	0.02493	0.01173	0.05906	0.00979	0.01337	0.00735	0.00880	0.00581	0.00406	0.00369	0.00122	0.00550	0.00305	0.00207	0.00608
45	0.00952	0.03796	0.22749	0.05830	0.24000	0.00916	0.12310	0.01266	0.01006	0.05102	0.09480	0.01559	0.08078	0.00515	0.00451	0.00137	0.00519	0.00474	0.00265	0.00595
46	0.00992	0.00926	0.01030	0.00924	0.01033	0.13684	0.02375	0.07383	0.00918	0.03566	0.01059	0.09709	0.01023	0.03685	0.26479	0.00335	0.23659	0.00492	0.00263	0.00467
47	0.00634	0.00423	0.00476	0.00476	0.00476	0.00423	0.00264	0.00634	0.00634	0.00846	0.01374	0.02854	0.01586	0.84672	0.02220	0.00423	0.00423	0.00634	0.00264	0.00264
48	0.01018	0.00854	0.00955	0.00699	0.01076	0.02750	0.00561	0.08778	0.02567	0.03069	0.00836	0.00940	0.00674	0.00355	0.00340	0.00075	0.00351	0.00280	0.00283	0.73538
49	0.04197	0.00908	0.04053	0.03187	0.13336	0.02359	0.02691	0.08003	0.14073	0.25528	0.03021	0.05158	0.01139	0.03264	0.00535	0.01819	0.01498	0.02576	0.00387	0.02267
50	0.00749	0.00381	0.00567	0.00569	0.00572	0.00379	0.00380	0.00575	0.00591	0.00790	0.02842	0.03157	0.00888	0.01496	0.01650	0.83235	0.00372	0.00408	0.00201	0.00199
51	0.00875	0.02256	0.82413	0.01243	0.01888	0.01013	0.01611	0.01381	0.00921	0.01381	0.00783	0.00921	0.00552	0.00414	0.00414	0.00138	0.00645	0.00322	0.00184	0.00645
52	0.00863	0.00735	0.01182	0.63283	0.04114	0.00881	0.02167	0.01168	0.03455	0.03282	0.02472	0.01287	0.00761	0.00460	0.00421	0.00139	0.00511	0.00404	0.11923	0.00491
53	0.01219	0.12326	0.01188	0.00880	0.02133	0.17043	0.04381	0.08160	0.04165	0.13800	0.02483	0.09426	0.05291	0.04815	0.09505	0.00206	0.00561	0.01552	0.00330	0.00535
54	0.00547	0.00397	0.00514	0.00592	0.00637	0.00368	0.00407	0.00641	0.00888	0.01180	0.10033	0.65061	0.09860	0.03080	0.00586	0.00177	0.00255	0.04007	0.00409	0.00361
55	0.00652	0.00482	0.00631	0.00692	0.00803	0.00462	0.00585	0.00834	0.01033	0.01338	0.13484	0.04542	0.19479	0.01141	0.00572	0.00181	0.00337	0.51942	0.00413	0.00396
56	0.00592	0.00445	0.00547	0.00522	0.00636	0.00401	0.00391	0.00773	0.01174	0.01604	0.62153	0.03496	0.23774	0.00946	0.00515	0.00140	0.00210	0.00822	0.00461	0.00401
57	0.00915	0.00936	0.00936	0.00869	0.00999	0.22440	0.04202	0.01065	0.00856	0.01042	0.01016	0.01448	0.00929	0.03807	0.54233	0.00505	0.02722	0.00421	0.00230	0.00429
58	0.06784	0.00485	0.00592	0.00550	0.00677	0.00459	0.00418	0.00909	0.01177	0.05240	0.65761	0.02992	0.07587	0.00839	0.00487	0.00136	0.00223	0.00728	0.03528	0.00428
59	0.86241	0.00850	0.00653	0.00581	0.00852	0.00985	0.00479	0.02673	0.00765	0.01971	0.00615	0.00714	0.00477	0.00407	0.00273	0.00135	0.00340	0.00239	0.00273	0.00477
60	0.01901	0.00777	0.01027	0.00794	0.01127	0.00700	0.00654	0.06458	0.04871	0.74266	0.01686	0.01467	0.01072	0.00541	0.00439	0.00135	0.00376	0.00439	0.00530	0.00740
61	0.01906	0.00613	0.00717	0.00668	0.00804	0.02837	0.00497	0.03755	0.10200	0.14057	0.10031	0.11950	0.04589	0.17452	0.09293	0.02895	0.00435	0.04309	0.02528	0.00463
62	0.01888	0.00728	0.00993	0.00772	0.01097	0.00632	0.00638	0.02058	0.01240	0.77930	0.03476	0.01632	0.01191	0.00569	0.00445	0.00137	0.00369	0.02947	0.00534	0.00724
63	0.00703	0.00502	0.00703	0.00803	0.00904	0.00502	0.00703	0.00904	0.01004	0.01305	0.02309	0.04920	0.02510	0.01205	0.00602	0.00201	0.00402	0.79016	0.00402	0.00402
64	0.00731	0.00392	0.00585	0.00587	0.00598	0.00403	0.00402	0.00601	0.00594	0.00803	0.00861	0.03141	0.00864	0.03124	0.13440	0.71544	0.00491	0.00414	0.00202	0.00223
65	0.10066	0.00487	0.00580	0.00624	0.00722	0.00479	0.00463	0.00842	0.02164	0.05713	0.02330	0.43531	0.11793	0.04348	0.01879	0.00187	0.00309	0.12693	0.00390	0.00400
66	0.00519	0.00442	0.00447	0.00446	0.00591	0.00370	0.00334	0.00633	0.01003	0.01198	0.07121	0.04165	0.79059	0.01097	0.00515	0.00147	0.00220	0.00916	0.00408	0.00370
67	0.39573	0.00979	0.00968	0.00778	0.01090	0.01074	0.00642	0.33125	0.01347	0.15113	0.00961	0.00968	0.00677	0.00474	0.00363	0.00133	0.00400	0.00331	0.00380	0.00623
68	0.01079	0.01036	0.01770	0.02677	0.81952	0.01036	0.01339	0.01339	0.00993	0.01425	0.00820	0.01079	0.00691	0.00389	0.00432	0.00130	0.00518	0.00389	0.00216	0.00691
69	0.00858	0.00806	0.01276	0.59594	0.11129	0.02638	0.02290	0.02829	0.00941	0.01209	0.02605	0.01534	0.07105	0.00516	0.00449	0.00144	0.00538	0.02809	0.00231	0.00501
70	0.00531	0.00381	0.00505	0.00604	0.00632	0.00355	0.00404	0.00608	0.00838	0.01115	0.02440	0.82948	0.04301	0.01362	0.00556	0.00177	0.00252	0.01234	0.00405	0.00355
71	0.01071	0.01036	0.01784	0.04205	0.71918	0.01041	0.06582	0.01375	0.04077	0.01432	0.00860	0.01109	0.00711	0.00396	0.00438	0.00132	0.00527	0.00401	0.00225	0.00680
72	0.01094	0.01008	0.01613	0.14095	0.60096	0.02777	0.01240	0.02549	0.05719	0.04259	0.00902	0.01131	0.00724	0.00416	0.00433	0.00133	0.00517	0.00394	0.00241	0.00660
73	0.00881	0.00834	0.01412	0.65404	0.20774	0.00984	0.01240	0.01165	0.00899	0.01184	0.00785	0.01144	0.00606	0.00425	0.00435	0.00142	0.00567	0.00388	0.00199	0.00531
