[name]
unknown

[dist]
# distance from previous block
# <min> <max>
0	39

[block]
# block no. 0 follows, 58 sequences, length 98
# corresponding to MSA columns:
# 60-134,139-161
name=unknown_A
#
# <colnr> <probs for GDERKNQSTAVLIFYWHMCP>
#	G	D	E	R	K	N	Q	S	T	A	V	L	I	F	Y	W	H	M	C	P
0	0.00652	0.00544	0.03880	0.00764	0.00858	0.00479	0.02965	0.00806	0.00929	0.01231	0.02265	0.41831	0.02577	0.04978	0.00660	0.00201	0.00361	0.33228	0.00393	0.00398
1	0.03322	0.36154	0.09945	0.00983	0.01360	0.09006	0.08293	0.09050	0.02992	0.09913	0.00918	0.02692	0.00736	0.00520	0.02195	0.00134	0.00550	0.00351	0.00275	0.00611
2	0.01126	0.01049	0.01650	0.07941	0.61348	0.02033	0.01246	0.07135	0.07227	0.01560	0.01011	0.01221	0.02545	0.00445	0.00446	0.00136	0.00516	0.00418	0.00259	0.00688
3	0.00953	0.00794	0.00924	0.00679	0.01044	0.00635	0.00542	0.06695	0.01045	0.01588	0.08859	0.01179	0.01025	0.00404	0.00359	0.00079	0.00331	0.00329	0.00301	0.72236
4	0.01012	0.01137	0.02448	0.01765	0.02185	0.01070	0.72417	0.01367	0.01037	0.01403	0.01073	0.01366	0.04107	0.00563	0.04754	0.00180	0.00755	0.00543	0.00235	0.00583
5	0.00587	0.00492	0.00569	0.00559	0.00703	0.00437	0.02865	0.00741	0.03064	0.01225	0.03849	0.08558	0.60115	0.05407	0.00628	0.00173	0.00278	0.08959	0.00403	0.00391
6	0.00538	0.00447	0.00471	0.00479	0.00614	0.00379	0.00354	0.00654	0.01020	0.01243	0.09839	0.12894	0.67235	0.01146	0.00533	0.00154	0.00229	0.00970	0.00421	0.00379
7	0.01003	0.00882	0.13183	0.00698	0.00946	0.00706	0.00645	0.10545	0.09029	0.05567	0.05886	0.01703	0.05196	0.00570	0.00389	0.00124	0.00335	0.00460	0.41594	0.00539
8	0.00946	0.00933	0.01306	0.01132	0.01136	0.01293	0.00937	0.01045	0.00695	0.01079	0.00701	0.05142	0.00723	0.00900	0.04142	0.00213	0.76554	0.00438	0.00208	0.00480
9	0.00867	0.00674	0.00734	0.04790	0.02243	0.05453	0.00539	0.05985	0.03369	0.08597	0.09049	0.15284	0.36138	0.00961	0.00525	0.00152	0.01706	0.02057	0.00408	0.00469
10	0.00988	0.02096	0.65856	0.01288	0.01872	0.03666	0.06918	0.02741	0.00980	0.04110	0.00832	0.00981	0.00597	0.00447	0.00485	0.00144	0.04789	0.00351	0.00210	0.00649
11	0.01115	0.01166	0.06334	0.04157	0.49541	0.02468	0.15566	0.04149	0.01040	0.02741	0.00852	0.01109	0.00690	0.00434	0.00532	0.00141	0.06653	0.00417	0.00231	0.00665
12	0.01622	0.01279	0.01311	0.01026	0.01362	0.10461	0.03057	0.58346	0.03508	0.06465	0.03876	0.01158	0.00886	0.00533	0.00445	0.00131	0.00512	0.00408	0.00418	0.03195
13	0.00662	0.00475	0.00608	0.00611	0.00706	0.00453	0.00447	0.00897	0.06186	0.03118	0.47501	0.28480	0.04711	0.01049	0.00537	0.00155	0.00242	0.02269	0.00465	0.00428
14	0.01436	0.28746	0.01662	0.01106	0.05366	0.43371	0.02715	0.02960	0.06500	0.01189	0.00764	0.00865	0.00641	0.00441	0.00375	0.00113	0.00649	0.00300	0.00236	0.00565
15	0.00671	0.00519	0.00744	0.00728	0.00787	0.00615	0.00555	0.00799	0.00711	0.01022	0.01213	0.04839	0.01204	0.14389	0.60217	0.00607	0.09221	0.00523	0.00246	0.00389
16	0.01514	0.01130	0.01260	0.00999	0.01320	0.03538	0.04715	0.46596	0.19381	0.08301	0.01292	0.01270	0.00932	0.00543	0.00445	0.00137	0.00460	0.00433	0.05017	0.00716
17	0.00577	0.00436	0.00534	0.00555	0.00648	0.00391	0.00398	0.00715	0.01052	0.01403	0.31954	0.31697	0.24832	0.01138	0.00541	0.00157	0.00233	0.01002	0.00442	0.01295
18	0.00747	0.00601	0.00730	0.00751	0.04703	0.03877	0.00488	0.00810	0.00712	0.00966	0.01218	0.02289	0.01317	0.50272	0.19381	0.00442	0.09530	0.00559	0.00252	0.00354
19	0.01212	0.80353	0.04067	0.00778	0.01165	0.01722	0.00782	0.01365	0.00920	0.03351	0.00658	0.00745	0.00589	0.00388	0.00295	0.00098	0.00480	0.00247	0.00202	0.00581
20	0.09611	0.00637	0.00717	0.00636	0.00827	0.00650	0.00497	0.03153	0.13992	0.14947	0.27148	0.02076	0.02090	0.00657	0.00427	0.00133	0.00281	0.00545	0.20438	0.00536
21	0.01062	0.01011	0.01741	0.05551	0.68672	0.01014	0.05208	0.01325	0.01006	0.01440	0.00932	0.04747	0.00814	0.00447	0.00449	0.00136	0.00523	0.00444	0.02807	0.00672
22	0.00777	0.00389	0.00583	0.00583	0.00583	0.00389	0.00389	0.00583	0.00583	0.00777	0.00777	0.01360	0.00777	0.01554	0.01748	0.86985	0.00389	0.00389	0.00194	0.00194
23	0.00539	0.00450	0.00470	0.00472	0.00613	0.00381	0.00352	0.00660	0.01035	0.01260	0.11693	0.08321	0.69966	0.01126	0.00531	0.00152	0.00227	0.00948	0.00423	0.00381
24	0.00930	0.00804	0.00950	0.00688	0.01066	0.00635	0.00552	0.01124	0.00915	0.01439	0.00785	0.00930	0.00659	0.00354	0.00388	0.00073	0.04476	0.00271	0.00262	0.82700
25	0.00924	0.00609	0.00631	0.05785	0.00828	0.04643	0.00466	0.08562	0.01031	0.01611	0.01377	0.05787	0.01164	0.05489	0.04701	0.00165	0.00356	0.00468	0.54955	0.00448
26	0.01668	0.01237	0.01324	0.01023	0.01375	0.01372	0.00842	0.75728	0.06425	0.02767	0.01115	0.01107	0.00794	0.00541	0.00448	0.00135	0.00485	0.00408	0.00448	0.00758
27	0.01995	0.00764	0.01038	0.00797	0.01142	0.00664	0.00658	0.02183	0.02342	0.80730	0.01766	0.01525	0.01111	0.00554	0.00450	0.00139	0.00380	0.00451	0.00552	0.00761
28	0.01100	0.01055	0.01802	0.05028	0.79264	0.01061	0.01369	0.01366	0.01015	0.01452	0.00840	0.01110	0.00705	0.00400	0.00443	0.00133	0.00533	0.00399	0.00221	0.00703
29	0.00658	0.00433	0.00491	0.00493	0.00501	0.00435	0.00284	0.00675	0.00670	0.00918	0.01422	0.04055	0.01607	0.76382	0.04455	0.00421	0.00441	0.00643	0.04731	0.00284
30	0.00675	0.00495	0.00608	0.00570	0.00699	0.00463	0.00431	0.00934	0.06213	0.03473	0.60835	0.03367	0.17697	0.00926	0.00522	0.00143	0.00227	0.00806	0.00478	0.00440
31	0.01097	0.00651	0.00800	0.00680	0.00883	0.00625	0.00535	0.12865	0.02624	0.19779	0.43581	0.02658	0.09782	0.00792	0.00497	0.00140	0.00294	0.00676	0.00492	0.00549
32	0.00596	0.00442	0.00564	0.00624	0.00707	0.00411	0.00471	0.00732	0.00995	0.01303	0.15171	0.36448	0.19484	0.01231	0.00566	0.00174	0.00280	0.18987	0.00427	0.00387
33	0.87439	0.00865	0.00657	0.00588	0.00865	0.01003	0.00484	0.01315	0.00761	0.02007	0.00623	0.00727	0.00484	0.00415	0.00277	0.00138	0.00346	0.00242	0.00277	0.00484
34	0.18494	0.01069	0.01121	0.05124	0.01295	0.01191	0.00749	0.50032	0.04114	0.04771	0.01042	0.01086	0.00755	0.00510	0.00404	0.00134	0.00441	0.00376	0.06625	0.00666
35	0.01012	0.03461	0.01635	0.17070	0.47472	0.02589	0.05417	0.01260	0.00973	0.01338	0.00975	0.07576	0.00889	0.00520	0.00501	0.00143	0.04119	0.02201	0.00235	0.00614
36	0.01154	0.00893	0.01018	0.00764	0.01135	0.00798	0.00615	0.15498	0.09774	0.06769	0.01017	0.01071	0.00784	0.00412	0.00373	0.00092	0.00366	0.00327	0.00336	0.56805
37	0.01302	0.03890	0.01498	0.23532	0.15265	0.38184	0.06051	0.02769	0.01115	0.01217	0.00762	0.00988	0.00613	0.00441	0.00427	0.00129	0.00686	0.00352	0.00223	0.00555
38	0.66903	0.00943	0.00766	0.00674	0.00943	0.04777	0.00546	0.11245	0.00958	0.02009	0.00784	0.04942	0.00657	0.00529	0.01644	0.00148	0.00395	0.00320	0.00303	0.00514
39	0.01380	0.05453	0.01375	0.01242	0.11969	0.09677	0.04403	0.17156	0.25202	0.10792	0.01246	0.01262	0.00932	0.00533	0.00499	0.00140	0.05266	0.00423	0.00371	0.00680
40	0.87439	0.00865	0.00657	0.00588	0.00865	0.01003	0.00484	0.01315	0.00761	0.02007	0.00623	0.00727	0.00484	0.00415	0.00277	0.00138	0.00346	0.00242	0.00277	0.00484
41	0.00688	0.00526	0.00583	0.00554	0.00710	0.00485	0.00422	0.02578	0.07981	0.04464	0.23326	0.05648	0.47369	0.01006	0.00520	0.00149	0.00248	0.01858	0.00444	0.00440
42	0.00560	0.00439	0.00504	0.00537	0.00639	0.00389	0.00391	0.00674	0.00984	0.01241	0.11042	0.26839	0.43686	0.04289	0.00611	0.00173	0.00254	0.05955	0.00417	0.00376
43	0.01038	0.07245	0.32850	0.03312	0.02035	0.06441	0.36170	0.01430	0.01006	0.01366	0.00824	0.01043	0.00618	0.00411	0.00481	0.00142	0.02352	0.00412	0.00209	0.00613
44	0.00565	0.00464	0.00500	0.00501	0.00641	0.00404	0.00380	0.00717	0.02424	0.01316	0.16196	0.06010	0.62117	0.01102	0.00533	0.00153	0.00237	0.04920	0.00428	0.00392
45	0.00641	0.00472	0.00683	0.00683	0.00751	0.00540	0.00515	0.00776	0.00708	0.01012	0.01231	0.01938	0.01197	0.15860	0.70109	0.00675	0.01080	0.00506	0.00244	0.00380
46	0.00998	0.02022	0.63706	0.01228	0.01812	0.01049	0.05007	0.07983	0.05026	0.02885	0.00918	0.01036	0.00655	0.00446	0.00430	0.00141	0.00617	0.00359	0.03020	0.00663
47	0.00565	0.00417	0.00530	0.00594	0.00657	0.00382	0.00418	0.00676	0.00958	0.01267	0.15405	0.53880	0.16442	0.01270	0.00559	0.00171	0.00253	0.04751	0.00427	0.00377
48	0.06926	0.10324	0.04059	0.01012	0.01321	0.21815	0.03172	0.23643	0.17561	0.02999	0.01040	0.01072	0.00793	0.00503	0.00428	0.00131	0.01854	0.00369	0.00338	0.00639
49	0.14286	0.09821	0.13556	0.04547	0.03049	0.06831	0.02353	0.33975	0.01428	0.04770	0.00897	0.00971	0.00661	0.00472	0.00401	0.00132	0.00522	0.00347	0.00326	0.00654
50	0.47899	0.09511	0.07246	0.00798	0.02751	0.11444	0.00687	0.01446	0.02585	0.06117	0.00748	0.00836	0.00579	0.00425	0.00325	0.00127	0.00447	0.00276	0.00273	0.05478
51	0.19503	0.15064	0.29307	0.02413	0.13969	0.03086	0.03432	0.01434	0.05307	0.01505	0.00797	0.00934	0.00620	0.00422	0.00378	0.00132	0.00532	0.00323	0.00230	0.00612
52	0.00741	0.00504	0.00625	0.00621	0.00739	0.00465	0.00453	0.04947	0.01064	0.06311	0.19591	0.39885	0.12381	0.01086	0.00524	0.00156	0.00269	0.02131	0.02475	0.05029
53	0.01099	0.08848	0.21341	0.03381	0.21612	0.08832	0.09572	0.05538	0.05832	0.01491	0.07345	0.01228	0.00968	0.00469	0.00438	0.00134	0.00571	0.00411	0.00259	0.00631
54	0.00830	0.00727	0.01128	0.03133	0.34755	0.00734	0.00868	0.01055	0.04910	0.01319	0.01723	0.37399	0.03657	0.00897	0.00529	0.00159	0.02195	0.03122	0.00327	0.00533
55	0.00624	0.00515	0.00678	0.00676	0.04473	0.00461	0.03988	0.00796	0.01119	0.01474	0.36355	0.06365	0.38856	0.00982	0.00526	0.00147	0.00259	0.00855	0.00430	0.00421
56	0.02521	0.02473	0.01777	0.02217	0.53175	0.03008	0.11625	0.06892	0.05114	0.02930	0.00937	0.01186	0.00766	0.02831	0.00502	0.00144	0.00547	0.00422	0.00257	0.00676
57	0.01048	0.14311	0.49546	0.01182	0.01715	0.03895	0.06545	0.07233	0.06411	0.01492	0.02073	0.01018	0.00698	0.00444	0.00416	0.00135	0.00605	0.00353	0.00235	0.00646
58	0.00647	0.00553	0.02384	0.00580	0.00714	0.00513	0.00445	0.00888	0.08527	0.01328	0.18477	0.03301	0.37168	0.11768	0.09070	0.00243	0.01823	0.00769	0.00389	0.00415
59	0.03790	0.05074	0.48286	0.01128	0.03946	0.05152	0.03684	0.01360	0.03052	0.01462	0.07139	0.01208	0.00935	0.00518	0.01775	0.00143	0.00570	0.00379	0.06898	0.03501
60	0.01032	0.00995	0.01629	0.28008	0.41446	0.03558	0.07287	0.03622	0.01003	0.01356	0.00863	0.01225	0.00715	0.04742	0.00544	0.00154	0.00572	0.00418	0.00224	0.00606
61	0.01218	0.08168	0.11810	0.03803	0.24734	0.01125	0.01051	0.23881	0.01291	0.01801	0.00875	0.01014	0.00683	0.00429	0.00409	0.00120	0.00498	0.00353	0.00287	0.16452
62	0.01248	0.07906	0.07010	0.01340	0.14382	0.19802	0.06645	0.13889	0.04304	0.01572	0.08982	0.03618	0.01100	0.00546	0.00503	0.00135	0.05686	0.00436	0.00295	0.00599
63	0.03322	0.00989	0.01236	0.00957	0.01259	0.01038	0.04580	0.29391	0.01399	0.23225	0.01137	0.01201	0.00824	0.02494	0.00625	0.00143	0.12675	0.00403	0.00395	0.12708
64	0.00619	0.00436	0.00508	0.00531	0.00569	0.00419	0.00342	0.00670	0.00786	0.01026	0.04471	0.16569	0.14229	0.49559	0.01559	0.00324	0.00365	0.06368	0.00333	0.00317
65	0.01097	0.01125	0.05811	0.02672	0.77523	0.01062	0.01387	0.01375	0.01015	0.01459	0.00839	0.01099	0.00701	0.00400	0.00442	0.00133	0.00538	0.00395	0.00220	0.00706
66	0.00879	0.00460	0.00465	0.00448	0.00566	0.00467	0.00340	0.05112	0.00998	0.01727	0.01439	0.01637	0.01127	0.00522	0.00320	0.00106	0.00223	0.00416	0.82313	0.00435
67	0.55872	0.00766	0.00664	0.00587	0.00830	0.00850	0.00476	0.04728	0.00914	0.08205	0.03613	0.01090	0.00810	0.00470	0.00314	0.00131	0.00322	0.00321	0.18535	0.00502
68	0.01255	0.01032	0.01092	0.00939	0.01218	0.01179	0.00743	0.21232	0.61593	0.02102	0.01639	0.01524	0.01219	0.00590	0.00453	0.00147	0.00388	0.00481	0.00453	0.00721
69	0.00647	0.00433	0.00492	0.00495	0.00497	0.00434	0.00280	0.00652	0.00658	0.00878	0.01438	0.05324	0.01658	0.80572	0.03454	0.00431	0.00440	0.00666	0.00275	0.00276
70	0.51032	0.12426	0.02545	0.01071	0.14522	0.02087	0.04665	0.01356	0.00858	0.03483	0.00702	0.00840	0.00562	0.00416	0.00347	0.00133	0.01856	0.00291	0.00256	0.00550
71	0.01941	0.00759	0.01022	0.00791	0.01129	0.00664	0.00651	0.02146	0.03745	0.77216	0.01838	0.01599	0.03200	0.00570	0.00452	0.00139	0.00376	0.00464	0.00547	0.00750
72	0.01706	0.01215	0.01315	0.01012	0.01366	0.01334	0.00835	0.73214	0.03889	0.07839	0.01136	0.01117	0.00797	0.00540	0.00448	0.00135	0.00482	0.00408	0.00454	0.00760
73	0.01626	0.01251	0.01341	0.02826	0.03127	0.04308	0.00867	0.69259	0.01948	0.02601	0.01026	0.01061	0.00741	0.00533	0.00477	0.00134	0.03286	0.00395	0.00417	0.02775
74	0.00689	0.08815	0.00758	0.00641	0.00753	0.00569	0.00470	0.04682	0.00943	0.01239	0.02327	0.57448	0.10981	0.01168	0.00529	0.00931	0.00295	0.01025	0.00384	0.05353
75	0.05862	0.00902	0.01294	0.51611	0.10549	0.06581	0.03427	0.01225	0.03219	0.01287	0.05038	0.01405	0.04764	0.00501	0.00445	0.00144	0.00550	0.00436	0.00241	0.00519
76	0.01265	0.25055	0.19942	0.01254	0.09609	0.20097	0.05024	0.08499	0.02836	0.01380	0.00781	0.00906	0.00625	0.00430	0.00391	0.00122	0.00613	0.00322	0.00233	0.00616
77	0.00889	0.00844	0.03044	0.72681	0.02851	0.01003	0.01197	0.05228	0.02660	0.01247	0.00845	0.01210	0.00638	0.00552	0.03200	0.00167	0.00607	0.00401	0.00218	0.00515
78	0.00887	0.00837	0.01220	0.09138	0.03051	0.01105	0.02573	0.01019	0.00727	0.01083	0.00793	0.01289	0.00764	0.07228	0.15224	0.00295	0.50807	0.00429	0.01066	0.00465
79	0.00569	0.00410	0.00540	0.00624	0.00670	0.00384	0.00436	0.00670	0.00912	0.01214	0.09254	0.64550	0.07175	0.02724	0.00598	0.00183	0.00270	0.08028	0.00419	0.00372
80	0.01949	0.00755	0.01024	0.00791	0.01128	0.00658	0.00651	0.02142	0.02650	0.77930	0.04240	0.01582	0.01209	0.00566	0.00452	0.00139	0.00375	0.00462	0.00550	0.00750
81	0.00949	0.00789	0.00855	0.00779	0.00989	0.00870	0.00601	0.01835	0.53071	0.02672	0.19275	0.02345	0.11606	0.00736	0.00480	0.00149	0.00308	0.00623	0.00460	0.00607
82	0.82964	0.00844	0.00654	0.00587	0.00855	0.00974	0.00481	0.01291	0.00787	0.01996	0.04779	0.00861	0.00677	0.00441	0.00290	0.00139	0.00339	0.00271	0.00288	0.00481
83	0.03742	0.65550	0.02069	0.00822	0.01176	0.11304	0.00769	0.03788	0.05095	0.01180	0.00705	0.00788	0.00618	0.00409	0.00314	0.00103	0.00508	0.00264	0.00220	0.00577
84	0.00660	0.02400	0.00548	0.00513	0.00528	0.00472	0.00305	0.00676	0.00666	0.00889	0.01398	0.04480	0.01594	0.75005	0.07738	0.00440	0.00484	0.00642	0.00270	0.00289
85	0.01245	0.08134	0.18015	0.02831	0.19358	0.06823	0.07249	0.09745	0.04980	0.10593	0.02730	0.01170	0.00829	0.00464	0.00429	0.00133	0.00543	0.00395	0.03677	0.00657
86	0.87439	0.00865	0.00657	0.00588	0.00865	0.01003	0.00484	0.01315	0.00761	0.02007	0.00623	0.00727	0.00484	0.00415	0.00277	0.00138	0.00346	0.00242	0.00277	0.00484
87	0.07828	0.00994	0.01545	0.27326	0.30504	0.02959	0.08900	0.02606	0.10212	0.01461	0.00929	0.01171	0.00727	0.00441	0.00440	0.00142	0.00544	0.00409	0.00250	0.00611
88	0.00560	0.00400	0.00536	0.00640	0.00672	0.00376	0.00441	0.00649	0.00871	0.01159	0.02457	0.77262	0.02926	0.01387	0.00575	0.00184	0.00273	0.07849	0.00415	0.00367
89	0.01240	0.03523	0.18077	0.01462	0.04318	0.18037	0.31721	0.04956	0.01123	0.06549	0.00896	0.01073	0.00670	0.00435	0.00481	0.00138	0.02516	0.00412	0.01759	0.00611
90	0.00584	0.00461	0.00527	0.00512	0.00642	0.00408	0.00383	0.00756	0.02299	0.01474	0.38139	0.05704	0.44442	0.01035	0.00528	0.00147	0.00222	0.00886	0.00450	0.00402
91	0.00679	0.00417	0.00591	0.00610	0.00644	0.00424	0.00426	0.00656	0.00721	0.00978	0.05400	0.17573	0.05106	0.05238	0.19092	0.39717	0.00527	0.00634	0.00274	0.00294
92	0.01279	0.70211	0.02157	0.00833	0.01189	0.15811	0.00783	0.01417	0.00971	0.01060	0.00634	0.00733	0.00574	0.00396	0.00307	0.00099	0.00535	0.00248	0.00198	0.00564
93	0.00559	0.00406	0.00530	0.00614	0.00661	0.00377	0.00425	0.00657	0.00911	0.01209	0.08831	0.66818	0.09765	0.01332	0.00566	0.00177	0.00261	0.05109	0.00421	0.00372
94	0.00900	0.02292	0.80377	0.01287	0.01944	0.01041	0.03215	0.01417	0.00947	0.01417	0.00805	0.00950	0.00569	0.00424	0.00427	0.00142	0.00663	0.00334	0.00190	0.00660
95	0.01113	0.31661	0.05861	0.24553	0.06765	0.11770	0.02417	0.03066	0.00976	0.01174	0.00747	0.00974	0.00622	0.00573	0.04491	0.00153	0.01996	0.00329	0.00209	0.00552
96	0.02587	0.00851	0.00947	0.00772	0.01069	0.03444	0.00615	0.13956	0.07953	0.09238	0.01327	0.10829	0.01180	0.00604	0.00420	0.00118	0.00375	0.05932	0.02163	0.35622
97	0.03120	0.15965	0.09924	0.00948	0.03607	0.05374	0.00825	0.26199	0.04238	0.06684	0.01328	0.10718	0.04265	0.00624	0.00427	0.00135	0.00464	0.01768	0.02769	0.00619

[dist]
# distance from previous block
# <min> <max>
4	6

[block]
# block no. 1 follows, 58 sequences, length 17
# corresponding to MSA columns:
# 168-184
name=unknown_B
#
# <colnr> <probs for GDERKNQSTAVLIFYWHMCP>
#	G	D	E	R	K	N	Q	S	T	A	V	L	I	F	Y	W	H	M	C	P
0	0.01076	0.00739	0.03422	0.00741	0.00958	0.00707	0.00601	0.07494	0.17815	0.16592	0.39082	0.02363	0.02583	0.00810	0.02847	0.00159	0.00336	0.00624	0.00476	0.00577
1	0.01159	0.09478	0.14404	0.04742	0.19948	0.12640	0.04401	0.02764	0.14849	0.04279	0.05049	0.01276	0.02088	0.00491	0.00431	0.00134	0.00541	0.00410	0.00286	0.00632
2	0.03740	0.00900	0.06955	0.01022	0.09519	0.00729	0.00794	0.01988	0.01217	0.63809	0.03584	0.01466	0.01091	0.00534	0.00445	0.00138	0.00412	0.00440	0.00485	0.00734
3	0.00979	0.00979	0.01370	0.01174	0.01174	0.01370	0.00979	0.01077	0.00685	0.01077	0.00587	0.00979	0.00587	0.00783	0.01468	0.00196	0.83461	0.00391	0.00196	0.00489
4	0.01268	0.05389	0.06679	0.03189	0.21501	0.11523	0.05383	0.11883	0.22745	0.04233	0.01136	0.01207	0.00869	0.00486	0.00438	0.00136	0.00528	0.00411	0.00322	0.00673
5	0.24240	0.13287	0.20738	0.01047	0.03720	0.01140	0.09352	0.08406	0.03218	0.09634	0.00888	0.00975	0.00654	0.00438	0.00382	0.00134	0.00506	0.00340	0.00284	0.00617
6	0.00557	0.00446	0.00478	0.00483	0.00614	0.00384	0.00357	0.00685	0.01035	0.01302	0.14812	0.11696	0.59782	0.01103	0.00524	0.00151	0.00227	0.00935	0.04046	0.00384
7	0.00578	0.00460	0.00480	0.00475	0.00625	0.00387	0.00356	0.00696	0.01032	0.03602	0.07878	0.07519	0.72133	0.01117	0.00528	0.00151	0.00232	0.00937	0.00423	0.00390
8	0.01614	0.02040	0.01237	0.01128	0.01350	0.77933	0.00847	0.01731	0.01237	0.01092	0.00720	0.00859	0.00606	0.00622	0.04964	0.00149	0.00828	0.00299	0.00231	0.00512
9	0.01479	0.00862	0.00972	0.00786	0.01059	0.00899	0.00636	0.29719	0.09677	0.23028	0.01439	0.01418	0.01021	0.00544	0.00411	0.00129	0.00370	0.00430	0.24463	0.00660
10	0.00539	0.00450	0.00472	0.00488	0.00624	0.00383	0.00365	0.00653	0.01004	0.01208	0.04220	0.12431	0.69645	0.01165	0.00537	0.00157	0.00239	0.04628	0.00415	0.00378
11	0.01247	0.78211	0.02256	0.00776	0.01156	0.01712	0.00764	0.04171	0.00966	0.04367	0.00684	0.00763	0.00602	0.00395	0.00299	0.00099	0.00475	0.00253	0.00215	0.00588
12	0.64834	0.00838	0.00758	0.00643	0.00938	0.00912	0.00530	0.01544	0.00899	0.23120	0.00925	0.00937	0.00649	0.00452	0.00323	0.00138	0.00355	0.00297	0.00350	0.00558
13	0.00624	0.00476	0.00569	0.00561	0.00678	0.00440	0.00424	0.00824	0.03912	0.01494	0.39687	0.05494	0.28647	0.06152	0.00643	0.00169	0.00255	0.08103	0.00443	0.00406
14	0.60044	0.00856	0.00794	0.00666	0.00966	0.00928	0.00549	0.05387	0.00968	0.23728	0.00955	0.00960	0.00667	0.00459	0.00332	0.00138	0.00363	0.00306	0.00360	0.00573
15	0.87439	0.00865	0.00657	0.00588	0.00865	0.01003	0.00484	0.01315	0.00761	0.02007	0.00623	0.00727	0.00484	0.00415	0.00277	0.00138	0.00346	0.00242	0.00277	0.00484
16	0.03666	0.03889	0.02669	0.03474	0.08358	0.07860	0.24660	0.06706	0.13899	0.04618	0.04925	0.06019	0.01145	0.00653	0.03392	0.00165	0.00572	0.02415	0.00317	0.00598

[dist]
# distance from previous block
# <min> <max>
0	1

[block]
# block no. 2 follows, 58 sequences, length 26
# corresponding to MSA columns:
# 186-200,212-222
name=unknown_C
#
# <colnr> <probs for GDERKNQSTAVLIFYWHMCP>
#	G	D	E	R	K	N	Q	S	T	A	V	L	I	F	Y	W	H	M	C	P
0	0.04311	0.01142	0.01330	0.01064	0.01372	0.07197	0.10856	0.36695	0.14817	0.04639	0.04911	0.03509	0.01139	0.00591	0.00465	0.00143	0.00495	0.04261	0.00401	0.00662
1	0.00896	0.00641	0.00719	0.00651	0.00833	0.01909	0.00507	0.09752	0.08338	0.08745	0.24217	0.06722	0.29328	0.00915	0.00509	0.00148	0.00295	0.03924	0.00452	0.00498
2	0.50614	0.07967	0.00940	0.00744	0.00998	0.22490	0.00594	0.01396	0.00910	0.01622	0.00733	0.02845	0.00630	0.03202	0.00385	0.00139	0.00475	0.00297	0.02531	0.00489
3	0.00827	0.00439	0.00466	0.01952	0.00591	0.00454	0.00351	0.01028	0.00918	0.01606	0.01418	0.01676	0.01134	0.02562	0.03082	0.00135	0.02091	0.00423	0.78432	0.00416
4	0.87439	0.00865	0.00657	0.00588	0.00865	0.01003	0.00484	0.01315	0.00761	0.02007	0.00623	0.00727	0.00484	0.00415	0.00277	0.00138	0.00346	0.00242	0.00277	0.00484
5	0.01996	0.00778	0.01049	0.00804	0.01150	0.00683	0.00664	0.04904	0.01309	0.79034	0.01741	0.01507	0.01095	0.00553	0.00450	0.00138	0.00385	0.00448	0.00550	0.00761
6	0.00956	0.00821	0.00988	0.00789	0.05639	0.00641	0.00585	0.02973	0.00960	0.01489	0.00804	0.00941	0.00667	0.00340	0.00340	0.00072	0.00346	0.00276	0.00267	0.80104
7	0.00897	0.02314	0.81962	0.01275	0.01936	0.01039	0.01653	0.01417	0.00944	0.01417	0.00803	0.00944	0.00567	0.00425	0.00425	0.00142	0.00661	0.00331	0.00189	0.00661
8	0.00533	0.00437	0.00469	0.00495	0.00615	0.00374	0.00359	0.00637	0.00979	0.01192	0.04019	0.24055	0.61888	0.01199	0.00539	0.00159	0.00235	0.01025	0.00415	0.00374
9	0.00814	0.00522	0.00673	0.00611	0.00748	0.00489	0.00465	0.04813	0.01290	0.09528	0.66235	0.06593	0.03697	0.00883	0.00518	0.00142	0.00243	0.00775	0.00493	0.00469
10	0.01131	0.00970	0.01022	0.00914	0.01170	0.01121	0.00713	0.04855	0.78172	0.01901	0.01797	0.01650	0.01346	0.00605	0.00455	0.00151	0.00358	0.00502	0.00455	0.00710
11	0.84256	0.00849	0.00649	0.00582	0.00852	0.00982	0.00478	0.01305	0.00768	0.01995	0.00654	0.00761	0.00509	0.00419	0.00278	0.00137	0.00341	0.00249	0.03455	0.00482
12	0.17142	0.01183	0.01219	0.00950	0.01293	0.01318	0.00784	0.65826	0.01862	0.02673	0.00993	0.01011	0.00711	0.00515	0.00417	0.00135	0.00466	0.00374	0.00417	0.00711
13	0.00916	0.00847	0.01394	0.70250	0.11728	0.01021	0.01238	0.05004	0.00967	0.01260	0.00814	0.01177	0.00617	0.00446	0.00447	0.00147	0.00584	0.00398	0.00213	0.00533
14	0.01196	0.84548	0.02344	0.00765	0.01148	0.01770	0.00765	0.01339	0.00909	0.01052	0.00622	0.00718	0.00574	0.00383	0.00287	0.00096	0.00478	0.00239	0.00191	0.00574
15	0.87439	0.00865	0.00657	0.00588	0.00865	0.01003	0.00484	0.01315	0.00761	0.02007	0.00623	0.00727	0.00484	0.00415	0.00277	0.00138	0.00346	0.00242	0.00277	0.00484
16	0.01445	0.01050	0.01123	0.00914	0.01190	0.04475	0.00736	0.41925	0.11384	0.10731	0.01497	0.05599	0.05800	0.02006	0.00532	0.00146	0.04472	0.00496	0.03810	0.00667
17	0.00633	0.00457	0.00598	0.00563	0.00668	0.00422	0.00422	0.00844	0.01266	0.01794	0.81253	0.03341	0.04221	0.00914	0.00528	0.00141	0.00211	0.00809	0.00492	0.00422
18	0.01058	0.00993	0.01676	0.02501	0.71242	0.00993	0.01290	0.01316	0.01020	0.01446	0.01036	0.01608	0.00946	0.00505	0.00465	0.00142	0.00516	0.10330	0.00246	0.00671
19	0.00608	0.00451	0.00567	0.00549	0.00656	0.00410	0.00408	0.00792	0.01190	0.01641	0.61738	0.10289	0.17061	0.00992	0.00531	0.00146	0.00218	0.00871	0.00473	0.00410
20	0.00777	0.00389	0.00583	0.00583	0.00583	0.00389	0.00389	0.00583	0.00583	0.00777	0.00777	0.01360	0.00777	0.01554	0.01748	0.86985	0.00389	0.00389	0.00194	0.00194
21	0.01196	0.84548	0.02344	0.00765	0.01148	0.01770	0.00765	0.01339	0.00909	0.01052	0.00622	0.00718	0.00574	0.00383	0.00287	0.00096	0.00478	0.00239	0.00191	0.00574
22	0.00856	0.00716	0.00859	0.00686	0.00977	0.00606	0.02268	0.03314	0.06922	0.01521	0.12014	0.07071	0.09553	0.00612	0.00418	0.00106	0.00318	0.02888	0.00343	0.47950
23	0.00845	0.00795	0.01342	0.83204	0.03081	0.00994	0.01242	0.01143	0.00894	0.01143	0.00795	0.01193	0.00596	0.00447	0.00447	0.00149	0.00596	0.00398	0.00199	0.00497
24	0.01038	0.01225	0.05279	0.01834	0.02284	0.01110	0.75310	0.01413	0.01047	0.01425	0.00939	0.03179	0.00729	0.00403	0.00525	0.00151	0.00739	0.00539	0.00230	0.00600
25	0.10787	0.01025	0.02989	0.10183	0.56081	0.01040	0.03019	0.01354	0.00973	0.03457	0.00828	0.01076	0.00675	0.00418	0.00451	0.00136	0.02693	0.00381	0.00233	0.02199

[dist]
# distance from previous block
# <min> <max>
0	1

[block]
# block no. 3 follows, 58 sequences, length 9
# corresponding to MSA columns:
# 224-232
name=unknown_D
#
# <colnr> <probs for GDERKNQSTAVLIFYWHMCP>
#	G	D	E	R	K	N	Q	S	T	A	V	L	I	F	Y	W	H	M	C	P
0	0.01170	0.12643	0.01413	0.15541	0.16455	0.01038	0.02651	0.09503	0.07779	0.11988	0.03420	0.05481	0.03258	0.00701	0.04881	0.00168	0.00507	0.00469	0.00323	0.00612
1	0.01004	0.00793	0.00935	0.00672	0.01066	0.00601	0.00539	0.01201	0.00952	0.07125	0.00863	0.00970	0.00694	0.00347	0.00340	0.00071	0.00335	0.00278	0.00285	0.80930
2	0.00633	0.00457	0.00598	0.00563	0.00668	0.00422	0.00422	0.00844	0.01266	0.01794	0.81253	0.03341	0.04221	0.00914	0.00528	0.00141	0.00211	0.00809	0.00492	0.00422
3	0.01697	0.00748	0.00977	0.00775	0.01075	0.00684	0.00630	0.06175	0.06235	0.58734	0.15484	0.01822	0.01643	0.00618	0.00463	0.00139	0.00356	0.00513	0.00531	0.00699
4	0.03542	0.11854	0.01258	0.01189	0.17602	0.10996	0.00787	0.03957	0.12172	0.01513	0.15128	0.01716	0.06951	0.00602	0.00476	0.00133	0.04268	0.00484	0.04806	0.00565
5	0.00653	0.00475	0.00600	0.00654	0.00739	0.00457	0.00516	0.00788	0.00945	0.01219	0.06233	0.09245	0.17774	0.19342	0.00956	0.00240	0.00362	0.38045	0.00386	0.00372
6	0.03483	0.01383	0.27556	0.06304	0.04469	0.01010	0.10080	0.14492	0.07204	0.04301	0.01188	0.07076	0.02533	0.00551	0.00465	0.00144	0.01904	0.00471	0.04765	0.00622
7	0.03997	0.00795	0.00975	0.00718	0.01089	0.00645	0.03513	0.01312	0.03381	0.11703	0.00980	0.01065	0.00758	0.00382	0.00355	0.00085	0.00349	0.00312	0.04474	0.63113
8	0.03300	0.02685	0.04717	0.01144	0.13886	0.06735	0.00812	0.09394	0.05049	0.29619	0.04352	0.07512	0.01201	0.01896	0.00475	0.00141	0.00443	0.01768	0.00401	0.04472

[dist]
# distance from previous block
# <min> <max>
0	11

[block]
# block no. 4 follows, 58 sequences, length 86
# corresponding to MSA columns:
# 244-329
name=unknown_E
#
# <colnr> <probs for GDERKNQSTAVLIFYWHMCP>
#	G	D	E	R	K	N	Q	S	T	A	V	L	I	F	Y	W	H	M	C	P
0	0.50914	0.03463	0.02617	0.03382	0.04817	0.04285	0.00627	0.05555	0.02659	0.03459	0.01050	0.03953	0.04938	0.00569	0.01646	0.00148	0.00407	0.02633	0.00299	0.02580
1	0.01161	0.06409	0.39280	0.02556	0.04744	0.06831	0.05198	0.09575	0.07765	0.07615	0.02644	0.01124	0.00791	0.00470	0.00429	0.00137	0.00579	0.00378	0.01659	0.00655
2	0.07614	0.07580	0.06798	0.03065	0.01363	0.05822	0.08537	0.10842	0.26111	0.08910	0.02436	0.01444	0.03372	0.00543	0.00434	0.00140	0.00469	0.02038	0.00365	0.02118
3	0.07375	0.00859	0.01308	0.34505	0.21635	0.00960	0.02140	0.03050	0.06228	0.06133	0.06823	0.01351	0.00980	0.00493	0.00456	0.00143	0.01985	0.00429	0.02570	0.00577
4	0.00844	0.00786	0.01318	0.81116	0.03016	0.00979	0.01219	0.01140	0.00896	0.01156	0.00812	0.01205	0.00610	0.00449	0.00444	0.00148	0.00587	0.00398	0.02382	0.00495
5	0.01187	0.82152	0.04664	0.00780	0.01171	0.01749	0.00791	0.01342	0.00910	0.01063	0.00627	0.00724	0.00574	0.00384	0.00291	0.00097	0.00484	0.00242	0.00191	0.00577
6	0.00834	0.00417	0.00417	0.00417	0.00521	0.00417	0.00313	0.01042	0.00938	0.01668	0.01459	0.01668	0.01147	0.00521	0.00313	0.00104	0.00208	0.00417	0.86763	0.00417
7	0.00777	0.00389	0.00583	0.00583	0.00583	0.00389	0.00389	0.00583	0.00583	0.00777	0.00777	0.01360	0.00777	0.01554	0.01748	0.86985	0.00389	0.00389	0.00194	0.00194
8	0.01495	0.00896	0.01022	0.00839	0.01127	0.00942	0.00675	0.20592	0.26405	0.27289	0.02568	0.01502	0.01149	0.00567	0.00435	0.00138	0.00376	0.00457	0.10826	0.00699
9	0.00633	0.00457	0.00598	0.00563	0.00668	0.00422	0.00422	0.00844	0.01266	0.01794	0.81253	0.03341	0.04221	0.00914	0.00528	0.00141	0.00211	0.00809	0.00492	0.00422
10	0.13963	0.00778	0.00934	0.00755	0.01059	0.00752	0.00614	0.01990	0.12482	0.52658	0.03039	0.01472	0.01114	0.00546	0.00419	0.00138	0.00358	0.00433	0.05808	0.00687
11	0.00642	0.00433	0.00488	0.00492	0.00498	0.00429	0.00279	0.00649	0.00671	0.00889	0.01557	0.05900	0.04469	0.78373	0.02154	0.00415	0.00420	0.00683	0.00281	0.00278
12	0.87439	0.00865	0.00657	0.00588	0.00865	0.01003	0.00484	0.01315	0.00761	0.02007	0.00623	0.00727	0.00484	0.00415	0.00277	0.00138	0.00346	0.00242	0.00277	0.00484
13	0.01534	0.18999	0.01495	0.01074	0.01323	0.61283	0.00850	0.01654	0.01161	0.01085	0.00671	0.00798	0.00576	0.00463	0.00440	0.00116	0.05445	0.00284	0.00220	0.00528
14	0.01679	0.01223	0.01316	0.01016	0.01368	0.01351	0.00837	0.73638	0.06170	0.05122	0.01133	0.01118	0.00803	0.00541	0.00448	0.00135	0.00482	0.00410	0.00451	0.00758
15	0.00679	0.00526	0.00754	0.03716	0.00853	0.00622	0.00564	0.00806	0.00709	0.01011	0.01171	0.01902	0.01154	0.19242	0.56176	0.00594	0.08392	0.00503	0.00241	0.00385
16	0.01640	0.05260	0.01306	0.01126	0.01368	0.73610	0.00856	0.05342	0.03295	0.01191	0.00735	0.00837	0.00604	0.00465	0.00402	0.00116	0.00768	0.00297	0.00245	0.00537
17	0.01621	0.13351	0.01431	0.01022	0.01332	0.31841	0.00829	0.33128	0.03490	0.06430	0.00924	0.00963	0.00700	0.00489	0.00408	0.00122	0.00599	0.00342	0.00336	0.00642
18	0.02456	0.01891	0.57224	0.01225	0.04626	0.01018	0.02624	0.06950	0.05700	0.07054	0.02670	0.01133	0.00769	0.02159	0.00470	0.00147	0.00590	0.00375	0.00259	0.00663
19	0.00928	0.10925	0.73625	0.01222	0.01854	0.01115	0.01560	0.01409	0.00941	0.01378	0.00784	0.00921	0.00567	0.00421	0.00411	0.00137	0.00642	0.00321	0.00189	0.00652
20	0.00845	0.00795	0.01342	0.83204	0.03081	0.00994	0.01242	0.01143	0.00894	0.01143	0.00795	0.01193	0.00596	0.00447	0.00447	0.00149	0.00596	0.00398	0.00199	0.00497
21	0.00891	0.00555	0.00672	0.00600	0.00766	0.00517	0.00463	0.06986	0.01250	0.12868	0.41036	0.04783	0.20365	0.00873	0.00500	0.00141	0.00260	0.00746	0.05244	0.00484
22	0.00613	0.00452	0.00573	0.00552	0.00658	0.00412	0.00411	0.00801	0.01203	0.01668	0.65198	0.09325	0.14515	0.00979	0.00531	0.00145	0.00217	0.00861	0.00476	0.00412
23	0.01360	0.00589	0.00744	0.00625	0.00846	0.00531	0.00497	0.01545	0.01144	0.40429	0.11578	0.04260	0.03725	0.00628	0.00419	0.00129	0.00294	0.00520	0.29556	0.00582
24	0.01966	0.00828	0.01079	0.00827	0.01175	0.00756	0.00683	0.12676	0.01391	0.71146	0.01672	0.01462	0.01061	0.00551	0.00450	0.00138	0.00396	0.00443	0.00539	0.00761
25	0.87439	0.00865	0.00657	0.00588	0.00865	0.01003	0.00484	0.01315	0.00761	0.02007	0.00623	0.00727	0.00484	0.00415	0.00277	0.00138	0.00346	0.00242	0.00277	0.00484
26	0.00639	0.00478	0.00710	0.00710	0.00787	0.00554	0.00548	0.00793	0.00716	0.01032	0.01206	0.01801	0.01137	0.06367	0.79520	0.00708	0.01170	0.00486	0.00241	0.00395
27	0.01196	0.84548	0.02344	0.00765	0.01148	0.01770	0.00765	0.01339	0.00909	0.01052	0.00622	0.00718	0.00574	0.00383	0.00287	0.00096	0.00478	0.00239	0.00191	0.00574
28	0.01671	0.02132	0.01268	0.01152	0.01383	0.82483	0.00864	0.01786	0.01268	0.01095	0.00691	0.00807	0.00576	0.00461	0.00403	0.00115	0.00807	0.00288	0.00230	0.00519
29	0.87439	0.00865	0.00657	0.00588	0.00865	0.01003	0.00484	0.01315	0.00761	0.02007	0.00623	0.00727	0.00484	0.00415	0.00277	0.00138	0.00346	0.00242	0.00277	0.00484
30	0.01196	0.84548	0.02344	0.00765	0.01148	0.01770	0.00765	0.01339	0.00909	0.01052	0.00622	0.00718	0.00574	0.00383	0.00287	0.00096	0.00478	0.00239	0.00191	0.00574
31	0.00572	0.00434	0.00527	0.00547	0.00642	0.00389	0.00394	0.00710	0.01059	0.01403	0.32130	0.29282	0.28010	0.01138	0.00542	0.00157	0.00231	0.00998	0.00444	0.00389
32	0.01107	0.01063	0.01816	0.02746	0.81489	0.01063	0.01373	0.01373	0.01019	0.01461	0.00841	0.01107	0.00709	0.00399	0.00443	0.00133	0.00531	0.00399	0.00221	0.00709
33	0.00647	0.00466	0.00633	0.00731	0.00809	0.00453	0.00590	0.00801	0.00966	0.01260	0.02520	0.33606	0.06935	0.01290	0.00596	0.00194	0.00347	0.46350	0.00413	0.00392
34	0.00638	0.00439	0.00515	0.00518	0.00540	0.00442	0.00316	0.00670	0.00702	0.00937	0.03288	0.05307	0.06993	0.65173	0.11332	0.00434	0.00498	0.00672	0.00286	0.00299
35	0.01221	0.80227	0.02288	0.00786	0.01160	0.06002	0.00771	0.01363	0.00928	0.01055	0.00626	0.00722	0.00574	0.00387	0.00293	0.00097	0.00496	0.00242	0.00193	0.00571
36	0.00545	0.00389	0.00519	0.00623	0.00649	0.00363	0.00415	0.00623	0.00856	0.01142	0.02465	0.83987	0.02959	0.01401	0.00571	0.00182	0.00260	0.01272	0.00415	0.00363
37	0.00917	0.00869	0.01472	0.61113	0.24609	0.01013	0.01278	0.01206	0.00929	0.01230	0.00808	0.01169	0.00627	0.00434	0.00446	0.00145	0.00578	0.00398	0.00205	0.00555
38	0.01441	0.01130	0.01353	0.01282	0.12740	0.13557	0.09349	0.09029	0.16290	0.21759	0.01412	0.01511	0.02910	0.00548	0.00459	0.00140	0.00511	0.03529	0.00384	0.00666
39	0.00709	0.00524	0.00697	0.00796	0.00888	0.02041	0.00672	0.00891	0.01005	0.01301	0.02353	0.18380	0.02602	0.01249	0.00606	0.00200	0.00393	0.63878	0.00409	0.00406
40	0.01630	0.01168	0.03481	0.01204	0.10649	0.05725	0.03750	0.39509	0.03662	0.21420	0.01204	0.01197	0.00841	0.00513	0.00445	0.00135	0.00494	0.00413	0.01835	0.00726
41	0.00603	0.00479	0.02504	0.00615	0.00699	0.00422	0.00452	0.00776	0.02979	0.01434	0.34637	0.44527	0.05887	0.01151	0.00546	0.00162	0.00251	0.01031	0.00442	0.00403
42	0.00851	0.00809	0.01395	0.64424	0.06351	0.00964	0.07241	0.01131	0.00904	0.01178	0.00940	0.08109	0.00805	0.00527	0.00488	0.00152	0.02526	0.00481	0.00220	0.00503
43	0.00777	0.00389	0.00583	0.00583	0.00583	0.00389	0.00389	0.00583	0.00583	0.00777	0.00777	0.01360	0.00777	0.01554	0.01748	0.86985	0.00389	0.00389	0.00194	0.00194
44	0.01031	0.03832	0.66088	0.01218	0.01818	0.01109	0.01489	0.13413	0.03022	0.01634	0.00865	0.00977	0.00615	0.00446	0.00426	0.00140	0.00624	0.00344	0.00235	0.00676
45	0.01252	0.00980	0.01175	0.01222	0.16305	0.01068	0.00819	0.21871	0.32594	0.04887	0.01464	0.01463	0.02796	0.00550	0.00437	0.00138	0.00406	0.00457	0.09429	0.00686
46	0.01472	0.01689	0.01116	0.01012	0.01233	0.55971	0.00766	0.04400	0.13786	0.01352	0.00985	0.01067	0.00783	0.00495	0.00401	0.00120	0.00645	0.00343	0.11822	0.00543
47	0.00601	0.00434	0.00554	0.00604	0.00671	0.00409	0.00428	0.00761	0.03312	0.01368	0.23572	0.48965	0.08303	0.01192	0.00545	0.00166	0.00251	0.03861	0.03609	0.00394
48	0.01122	0.01076	0.01789	0.02567	0.72146	0.02261	0.04179	0.03711	0.01054	0.01494	0.00869	0.01157	0.00732	0.00413	0.00446	0.00133	0.00536	0.01502	0.00232	0.02580
49	0.01615	0.02042	0.01285	0.02729	0.01418	0.76907	0.02850	0.01738	0.01240	0.01099	0.00716	0.00875	0.00604	0.02463	0.00452	0.00124	0.00792	0.00305	0.00231	0.00514
50	0.87439	0.00865	0.00657	0.00588	0.00865	0.01003	0.00484	0.01315	0.00761	0.02007	0.00623	0.00727	0.00484	0.00415	0.00277	0.00138	0.00346	0.00242	0.00277	0.00484
51	0.00608	0.00456	0.00563	0.00536	0.00653	0.00411	0.00402	0.00795	0.01207	0.01652	0.62680	0.03575	0.22882	0.00967	0.00528	0.00143	0.00215	0.00842	0.00474	0.00411
52	0.00803	0.00423	0.00445	0.00439	0.00544	0.00418	0.00329	0.01012	0.00988	0.01687	0.13619	0.01923	0.01615	0.00581	0.00345	0.00110	0.00209	0.00477	0.73616	0.00418
53	0.35185	0.04096	0.01034	0.00799	0.01096	0.01156	0.00662	0.35662	0.01380	0.04872	0.00917	0.00980	0.00680	0.00490	0.00395	0.00134	0.02828	0.00336	0.06686	0.00613
54	0.00644	0.00448	0.00558	0.00594	0.00681	0.00411	0.00421	0.00789	0.03089	0.05212	0.17014	0.47159	0.18917	0.01197	0.00546	0.00165	0.00253	0.01062	0.00437	0.00405
55	0.00932	0.02072	0.64660	0.01408	0.02024	0.01059	0.18712	0.01420	0.00969	0.01420	0.00825	0.01002	0.00591	0.00415	0.00447	0.00144	0.00681	0.00374	0.00197	0.00648
56	0.00650	0.00434	0.00492	0.00492	0.00493	0.00436	0.00276	0.00653	0.00652	0.00870	0.01406	0.02907	0.01617	0.82879	0.03665	0.00439	0.00447	0.00648	0.00271	0.00273
57	0.01196	0.84548	0.02344	0.00765	0.01148	0.01770	0.00765	0.01339	0.00909	0.01052	0.00622	0.00718	0.00574	0.00383	0.00287	0.00096	0.00478	0.00239	0.00191	0.00574
58	0.00845	0.00795	0.01342	0.83204	0.03081	0.00994	0.01242	0.01143	0.00894	0.01143	0.00795	0.01193	0.00596	0.00447	0.00447	0.00149	0.00596	0.00398	0.00199	0.00497
59	0.01102	0.01035	0.01609	0.22061	0.51822	0.05123	0.01255	0.02443	0.01021	0.03921	0.00853	0.01119	0.00686	0.00418	0.00438	0.00134	0.00548	0.00390	0.00232	0.03791
60	0.01186	0.76694	0.06680	0.00804	0.01196	0.03200	0.00815	0.01374	0.02644	0.01091	0.00659	0.00752	0.00591	0.00391	0.00300	0.00100	0.00492	0.00251	0.00198	0.00581
61	0.00529	0.00453	0.00453	0.00453	0.00604	0.00378	0.00340	0.00642	0.01020	0.01208	0.04532	0.04305	0.81307	0.01133	0.00529	0.00151	0.00227	0.00944	0.00415	0.00378
62	0.00997	0.00964	0.08827	0.04765	0.07764	0.00733	0.07442	0.01247	0.00966	0.06845	0.02152	0.02250	0.00797	0.00507	0.03376	0.00122	0.00456	0.00356	0.01909	0.47526
63	0.00723	0.00523	0.00741	0.03819	0.01001	0.00530	0.00736	0.00930	0.01022	0.01329	0.02313	0.06005	0.02508	0.01209	0.00611	0.00204	0.00416	0.74561	0.00404	0.00414
64	0.01671	0.02132	0.01268	0.01152	0.01383	0.82483	0.00864	0.01786	0.01268	0.01095	0.00691	0.00807	0.00576	0.00461	0.00403	0.00115	0.00807	0.00288	0.00230	0.00519
65	0.01107	0.01063	0.01816	0.02746	0.81489	0.01063	0.01373	0.01373	0.01019	0.01461	0.00841	0.01107	0.00709	0.00399	0.00443	0.00133	0.00531	0.00399	0.00221	0.00709
66	0.00563	0.00403	0.00539	0.00638	0.00675	0.00379	0.00443	0.00656	0.00884	0.01175	0.04106	0.73702	0.04147	0.01372	0.00574	0.00183	0.00272	0.08505	0.00417	0.00369
67	0.04882	0.00503	0.00632	0.00582	0.00719	0.00468	0.00443	0.00976	0.01217	0.09403	0.63002	0.05450	0.08249	0.00883	0.00510	0.00142	0.00236	0.00769	0.00481	0.00453
68	0.01546	0.00659	0.00891	0.00718	0.00983	0.00579	0.00579	0.01732	0.01276	0.54975	0.28415	0.02132	0.02151	0.00675	0.00476	0.00139	0.00324	0.00570	0.00533	0.00648
69	0.01161	0.00972	0.01029	0.00914	0.01174	0.01117	0.00714	0.06286	0.75084	0.03566	0.01782	0.01636	0.01330	0.00602	0.00455	0.00151	0.00362	0.00499	0.00457	0.00712
70	0.01128	0.00969	0.01020	0.00913	0.01169	0.01120	0.00712	0.04435	0.78597	0.01896	0.01801	0.01653	0.01349	0.00605	0.00455	0.00151	0.00358	0.00503	0.00455	0.00709
71	0.00545	0.00391	0.00517	0.00618	0.00647	0.00364	0.00413	0.00623	0.00861	0.01144	0.02527	0.81614	0.05292	0.01393	0.00570	0.00181	0.00259	0.01262	0.00415	0.00364
72	0.00902	0.02284	0.80045	0.01310	0.03839	0.01039	0.01646	0.01416	0.00946	0.01418	0.00804	0.00948	0.00570	0.00424	0.00425	0.00141	0.00658	0.00332	0.00190	0.00662
73	0.34921	0.01091	0.01070	0.00853	0.01179	0.01221	0.00704	0.47619	0.01563	0.04432	0.00916	0.00950	0.00662	0.00490	0.00381	0.00136	0.00433	0.00342	0.00384	0.00654
74	0.23892	0.00996	0.01445	0.03938	0.50931	0.01049	0.01084	0.03458	0.00976	0.04546	0.00815	0.01019	0.00659	0.00425	0.00430	0.00137	0.02947	0.00359	0.00253	0.00641
75	0.00596	0.00425	0.00499	0.00529	0.00569	0.00404	0.00337	0.00651	0.00806	0.01054	0.05806	0.27564	0.16303	0.39792	0.02451	0.00298	0.00345	0.00894	0.00349	0.00326
76	0.00742	0.00634	0.00792	0.00766	0.00822	0.05205	0.00579	0.00854	0.00761	0.01048	0.02727	0.12534	0.01377	0.15076	0.39962	0.00474	0.14395	0.00590	0.00264	0.00396
77	0.00635	0.00432	0.00552	0.00566	0.00648	0.00405	0.00411	0.00805	0.01095	0.01572	0.45507	0.27525	0.03405	0.01016	0.00514	0.00149	0.00229	0.02294	0.11837	0.00403
78	0.00650	0.00446	0.00555	0.00555	0.00578	0.00468	0.00355	0.00691	0.00669	0.00914	0.01338	0.02567	0.01467	0.59823	0.24998	0.02114	0.00649	0.00597	0.00261	0.00306
79	0.01189	0.82615	0.04216	0.00777	0.01167	0.01753	0.00786	0.01341	0.00910	0.01061	0.00626	0.00723	0.00574	0.00384	0.00290	0.00097	0.00483	0.00241	0.00191	0.00576
80	0.00630	0.00460	0.00605	0.00672	0.00746	0.00444	0.00508	0.00814	0.04064	0.01347	0.17166	0.42144	0.05362	0.01227	0.00570	0.00178	0.00294	0.21937	0.00430	0.00401
81	0.00915	0.00861	0.01426	0.61777	0.19781	0.01015	0.01243	0.01255	0.04984	0.01248	0.00857	0.01199	0.00660	0.00445	0.00447	0.00146	0.00570	0.00403	0.00217	0.00553
82	0.01054	0.01001	0.06074	0.00907	0.01168	0.01051	0.00747	0.02155	0.67027	0.01821	0.08843	0.01760	0.01556	0.00626	0.00479	0.00151	0.01949	0.00520	0.00437	0.00675
83	0.01026	0.01180	0.04075	0.01774	0.02184	0.01113	0.69857	0.01376	0.01021	0.01397	0.00948	0.04656	0.00766	0.00447	0.00588	0.00155	0.06072	0.00546	0.00231	0.00587
84	0.01068	0.01127	0.01357	0.01172	0.01201	0.11805	0.00964	0.01168	0.00760	0.01079	0.00601	0.00957	0.00586	0.00742	0.01331	0.00185	0.72828	0.00378	0.00200	0.00493
85	0.01038	0.00827	0.00988	0.03712	0.01162	0.00686	0.00596	0.06231	0.01016	0.06206	0.00864	0.00983	0.00690	0.00374	0.00380	0.00081	0.02591	0.00293	0.00289	0.70992

[dist]
# distance from previous block
# <min> <max>
0	1

[block]
# block no. 5 follows, 58 sequences, length 10
# corresponding to MSA columns:
# 331-340
name=unknown_F
#
# <colnr> <probs for GDERKNQSTAVLIFYWHMCP>
#	G	D	E	R	K	N	Q	S	T	A	V	L	I	F	Y	W	H	M	C	P
