[name]
unknown

[dist]
# distance from previous block
# <min> <max>
2	239

[block]
# block no. 0 follows, 52 sequences, length 8
# corresponding to MSA columns:
# 246-253
name=unknown_A
#
# <colnr> <probs for GDERKNQSTAVLIFYWHMCP>
#	G	D	E	R	K	N	Q	S	T	A	V	L	I	F	Y	W	H	M	C	P
0	0.01160	0.05907	0.04147	0.03525	0.21365	0.03950	0.00920	0.05884	0.04614	0.08498	0.12026	0.02133	0.08961	0.00671	0.00490	0.00144	0.00457	0.05515	0.00370	0.09264
1	0.13070	0.01174	0.07041	0.04719	0.06354	0.10400	0.03267	0.03821	0.08512	0.08208	0.05800	0.08077	0.01219	0.00610	0.00485	0.00143	0.02869	0.00492	0.00348	0.13390
2	0.03659	0.07638	0.14475	0.02847	0.19364	0.01062	0.03746	0.03908	0.11489	0.05256	0.05733	0.03409	0.02747	0.00543	0.00458	0.00139	0.00500	0.00466	0.00323	0.12237
3	0.10258	0.01108	0.06566	0.01354	0.16176	0.05116	0.06144	0.05114	0.05554	0.05634	0.03809	0.04603	0.01155	0.07815	0.00699	0.00176	0.04815	0.03301	0.00323	0.10279
4	0.01111	0.01103	0.03967	0.05353	0.50293	0.01098	0.07120	0.01479	0.07392	0.01567	0.03635	0.07200	0.01105	0.00569	0.00558	0.00156	0.04781	0.00532	0.00282	0.00700
5	0.05848	0.11552	0.05818	0.03936	0.14019	0.08199	0.01020	0.28871	0.12397	0.02094	0.01090	0.01164	0.00832	0.00524	0.00449	0.00142	0.00552	0.00405	0.00359	0.00729
6	0.00777	0.00558	0.05265	0.00675	0.00740	0.00472	0.00507	0.00726	0.00773	0.01043	0.05872	0.12881	0.05485	0.05849	0.05774	0.50944	0.00449	0.00624	0.00280	0.00305
7	0.06126	0.01105	0.01683	0.14183	0.34218	0.01177	0.07947	0.10107	0.12900	0.04111	0.01113	0.01300	0.00858	0.00494	0.00481	0.00152	0.00558	0.00454	0.00316	0.00717

[dist]
# distance from previous block
# <min> <max>
4	10

[block]
# block no. 1 follows, 52 sequences, length 21
# corresponding to MSA columns:
# 264-267,269-272,285-297
name=unknown_B
#
# <colnr> <probs for GDERKNQSTAVLIFYWHMCP>
#	G	D	E	R	K	N	Q	S	T	A	V	L	I	F	Y	W	H	M	C	P
0	0.01069	0.01019	0.01732	0.39004	0.44932	0.01117	0.01423	0.01373	0.01042	0.01425	0.00889	0.01242	0.00712	0.00456	0.00482	0.00152	0.00608	0.00431	0.00229	0.00663
1	0.01119	0.01070	0.01822	0.25190	0.58357	0.01130	0.01447	0.01417	0.01066	0.01486	0.00897	0.01225	0.00733	0.00447	0.00481	0.00149	0.00596	0.00431	0.00233	0.00703
2	0.01171	0.01195	0.03974	0.11541	0.44271	0.01187	0.20347	0.04823	0.01136	0.01586	0.00924	0.01226	0.00740	0.00453	0.00539	0.00153	0.03315	0.00464	0.00247	0.00707
3	0.00920	0.00798	0.05152	0.18764	0.16454	0.00775	0.03740	0.01026	0.00865	0.01183	0.01018	0.06612	0.00947	0.01155	0.05262	0.32421	0.00563	0.00495	0.01396	0.00456
4	0.01144	0.05312	0.05153	0.24780	0.36921	0.07295	0.02419	0.01483	0.05167	0.01432	0.00949	0.01272	0.00779	0.03255	0.00538	0.00158	0.00612	0.00428	0.00246	0.00660
5	0.01008	0.01899	0.48140	0.01355	0.01905	0.01090	0.13537	0.04303	0.01090	0.01582	0.05014	0.01364	0.04304	0.00538	0.00562	0.00155	0.06294	0.00451	0.00254	0.05155
6	0.01070	0.09611	0.48176	0.04137	0.07237	0.01159	0.07899	0.03138	0.01062	0.04371	0.01016	0.01194	0.02377	0.00642	0.04702	0.00182	0.00700	0.00403	0.00240	0.00684
7	0.01154	0.01353	0.12009	0.21095	0.36215	0.07931	0.05660	0.03564	0.01109	0.01486	0.00903	0.01197	0.00720	0.00552	0.02881	0.00168	0.00670	0.00422	0.00238	0.00674
8	0.00650	0.00505	0.00663	0.00755	0.03112	0.00500	0.00520	0.00787	0.02563	0.01270	0.02793	0.51949	0.16320	0.01586	0.08192	0.00245	0.03370	0.03376	0.00418	0.00425
9	0.00838	0.00732	0.05112	0.00798	0.02751	0.04764	0.00618	0.02639	0.01127	0.06039	0.13423	0.33493	0.16145	0.01166	0.00577	0.00176	0.00359	0.08321	0.00442	0.00480
10	0.04380	0.03779	0.01830	0.04970	0.66034	0.01122	0.01352	0.01459	0.01084	0.03701	0.01009	0.05274	0.00884	0.00493	0.00475	0.00146	0.00549	0.00469	0.00261	0.00730
11	0.01213	0.01117	0.06264	0.15077	0.41413	0.01071	0.04405	0.06355	0.01154	0.08192	0.01085	0.04103	0.00885	0.00671	0.04729	0.00184	0.00616	0.00475	0.00288	0.00701
12	0.00955	0.00809	0.07044	0.00919	0.05144	0.04112	0.00723	0.02300	0.01144	0.10436	0.13487	0.23867	0.08733	0.02097	0.02057	0.00191	0.00415	0.14613	0.00435	0.00521
13	0.01194	0.06463	0.11916	0.11037	0.31303	0.09934	0.09772	0.02993	0.01121	0.02769	0.01011	0.06426	0.00872	0.00521	0.00482	0.00148	0.00635	0.00476	0.00257	0.00669
14	0.01159	0.04207	0.11702	0.09818	0.41964	0.06337	0.11008	0.01475	0.01089	0.01483	0.00944	0.03758	0.00795	0.00481	0.00500	0.00149	0.01744	0.00456	0.00240	0.00692
15	0.04882	0.02364	0.25211	0.01368	0.11484	0.03305	0.07096	0.06160	0.06706	0.07393	0.05242	0.07661	0.01226	0.00614	0.00487	0.00153	0.00553	0.02812	0.00331	0.04953
16	0.01164	0.01348	0.19911	0.01655	0.19906	0.01025	0.13778	0.05386	0.03113	0.08595	0.03945	0.03487	0.01131	0.07523	0.00703	0.00184	0.02808	0.03360	0.00310	0.00667
17	0.01186	0.03117	0.12417	0.01272	0.06046	0.09352	0.15729	0.05226	0.03138	0.10134	0.08155	0.16862	0.03735	0.00743	0.00524	0.00159	0.00553	0.00673	0.00364	0.00616
18	0.05539	0.11374	0.24841	0.02718	0.11246	0.04673	0.04543	0.06789	0.05081	0.09369	0.01118	0.05610	0.00897	0.00537	0.00452	0.00145	0.00572	0.00440	0.00307	0.03750
19	0.02865	0.05719	0.26753	0.04366	0.24284	0.05765	0.02587	0.01391	0.01093	0.01531	0.08485	0.04440	0.04587	0.00570	0.00474	0.00146	0.00572	0.00488	0.00274	0.03609
20	0.01141	0.08896	0.36928	0.01194	0.05427	0.02224	0.02615	0.03336	0.05001	0.10672	0.04889	0.07154	0.01211	0.04942	0.00581	0.00169	0.00568	0.02072	0.00317	0.00662

[dist]
# distance from previous block
# <min> <max>
0	18

[block]
# block no. 2 follows, 52 sequences, length 63
# corresponding to MSA columns:
# 316-378
name=unknown_C
#
# <colnr> <probs for GDERKNQSTAVLIFYWHMCP>
#	G	D	E	R	K	N	Q	S	T	A	V	L	I	F	Y	W	H	M	C	P
0	0.02416	0.04824	0.19302	0.01116	0.06408	0.07533	0.02356	0.05621	0.05769	0.10837	0.12127	0.01680	0.04667	0.00697	0.03254	0.00161	0.00539	0.00485	0.00357	0.09848
1	0.06151	0.08309	0.27259	0.03338	0.08542	0.06317	0.05549	0.02563	0.06010	0.06269	0.04369	0.01399	0.04513	0.00531	0.00451	0.00143	0.00569	0.00433	0.02789	0.04496
2	0.02452	0.09720	0.12700	0.09647	0.07099	0.06976	0.09730	0.08700	0.05622	0.07569	0.04053	0.02564	0.05137	0.00554	0.00470	0.00144	0.00570	0.00471	0.00323	0.05499
3	0.01127	0.05967	0.18684	0.03620	0.14736	0.01120	0.03545	0.14089	0.04202	0.01739	0.08464	0.01721	0.04254	0.06908	0.00716	0.00178	0.06340	0.01623	0.00320	0.00647
4	0.01065	0.04685	0.08130	0.01244	0.16041	0.02141	0.03108	0.06274	0.04091	0.05434	0.10032	0.04558	0.04667	0.10712	0.03862	0.00206	0.00498	0.01602	0.04719	0.06930
5	0.01099	0.02653	0.20072	0.06197	0.20249	0.03930	0.01152	0.01409	0.02169	0.08675	0.07845	0.05896	0.08361	0.00658	0.00556	0.00154	0.05239	0.00548	0.00320	0.02819
6	0.01088	0.00995	0.02725	0.05519	0.24414	0.06720	0.02013	0.04603	0.03323	0.04306	0.09049	0.05474	0.09005	0.00826	0.05369	0.00179	0.00525	0.00559	0.01838	0.11470
7	0.07684	0.01123	0.06719	0.11103	0.28368	0.04813	0.03472	0.03875	0.02279	0.08000	0.03233	0.04896	0.03709	0.00553	0.00467	0.00145	0.00527	0.00483	0.02523	0.06029
8	0.01209	0.17802	0.14984	0.07292	0.10156	0.10414	0.05716	0.01605	0.09714	0.05039	0.01209	0.04281	0.02536	0.01832	0.01843	0.00160	0.00603	0.02674	0.00290	0.00642
9	0.00799	0.00651	0.00783	0.02082	0.04068	0.00598	0.00557	0.03298	0.06956	0.01621	0.21223	0.09970	0.25768	0.00947	0.00530	0.00149	0.00311	0.04163	0.00434	0.15092
10	0.01538	0.01201	0.01387	0.03540	0.06945	0.04434	0.04349	0.48270	0.01790	0.02417	0.01200	0.01306	0.02872	0.00624	0.00554	0.05098	0.00522	0.00444	0.05892	0.05617
11	0.01227	0.01050	0.01129	0.04233	0.01356	0.01216	0.00798	0.06426	0.71981	0.02048	0.01886	0.01754	0.01412	0.00647	0.00492	0.00163	0.00402	0.00537	0.00482	0.00761
12	0.00633	0.00472	0.00583	0.00610	0.00703	0.00430	0.00439	0.00780	0.01126	0.01501	0.30639	0.29314	0.21732	0.04919	0.00676	0.00186	0.00269	0.04097	0.00473	0.00418
13	0.01819	0.01346	0.01441	0.01110	0.01494	0.01492	0.00915	0.75567	0.05080	0.03017	0.01193	0.01187	0.00848	0.00584	0.00485	0.00146	0.00528	0.00440	0.00485	0.00822
14	0.00585	0.00494	0.00509	0.00517	0.00676	0.00417	0.00394	0.00713	0.01102	0.01316	0.04733	0.06121	0.73915	0.01239	0.00579	0.00168	0.00258	0.05403	0.00450	0.00411
15	0.02174	0.00825	0.01125	0.00862	0.01237	0.00712	0.00712	0.02362	0.01387	0.80282	0.01912	0.01649	0.01200	0.00600	0.00487	0.00150	0.00412	0.00487	0.00600	0.00825
16	0.00665	0.00488	0.00624	0.00604	0.00715	0.00446	0.00448	0.00870	0.01303	0.01812	0.64864	0.11342	0.11882	0.01065	0.00576	0.00158	0.00235	0.00939	0.00517	0.00446
17	0.01052	0.00860	0.01010	0.00724	0.01152	0.00649	0.00580	0.01266	0.01020	0.04735	0.00903	0.01031	0.00737	0.00369	0.00364	0.00075	0.00361	0.00295	0.00300	0.82519
18	0.82443	0.00941	0.00737	0.00652	0.00956	0.01083	0.00537	0.02806	0.00867	0.04472	0.00720	0.00819	0.00550	0.00457	0.00309	0.00150	0.00379	0.00272	0.00312	0.00539
19	0.01840	0.01412	0.01450	0.01123	0.01503	0.06100	0.00922	0.73914	0.02226	0.02946	0.01140	0.01147	0.00813	0.00577	0.00482	0.00144	0.00553	0.00429	0.00471	0.00809
20	0.00575	0.00491	0.00494	0.00493	0.00656	0.00410	0.00370	0.00700	0.01110	0.01322	0.06472	0.04642	0.78178	0.01222	0.00573	0.00163	0.00245	0.01020	0.00452	0.00410
21	0.00599	0.00430	0.00571	0.00681	0.00716	0.00402	0.00464	0.00691	0.00941	0.01249	0.02718	0.77095	0.04981	0.01503	0.00620	0.00197	0.00288	0.05007	0.00450	0.00397
22	0.01162	0.51810	0.28265	0.01038	0.01543	0.01590	0.03142	0.01457	0.01000	0.01284	0.00809	0.03450	0.00703	0.00464	0.00377	0.00125	0.00584	0.00335	0.00215	0.00647
23	0.01773	0.02232	0.01356	0.01232	0.01484	0.76149	0.00926	0.01974	0.06119	0.01237	0.00824	0.00931	0.00676	0.00509	0.00440	0.00127	0.00844	0.00327	0.00265	0.00574
24	0.02086	0.00819	0.01105	0.00856	0.01218	0.00718	0.00704	0.02313	0.03871	0.74756	0.04915	0.01731	0.01339	0.00617	0.00491	0.00151	0.00404	0.00504	0.00594	0.00809
25	0.01144	0.01307	0.02859	0.02042	0.02533	0.01225	0.78186	0.01552	0.01144	0.01552	0.00980	0.01307	0.00735	0.00408	0.00572	0.00163	0.00817	0.00572	0.00245	0.00654
26	0.01701	0.01270	0.01357	0.01068	0.01427	0.01413	0.00873	0.62894	0.14858	0.02837	0.01313	0.01294	0.00948	0.00594	0.00481	0.00147	0.00497	0.00455	0.03773	0.00800
27	0.01298	0.03432	0.01189	0.00956	0.04742	0.04010	0.05330	0.01499	0.01140	0.21779	0.05247	0.07743	0.05083	0.00609	0.00485	0.00125	0.02593	0.00514	0.00389	0.31835
28	0.01003	0.05270	0.76459	0.01354	0.02054	0.01146	0.01739	0.01545	0.01028	0.02818	0.00880	0.01025	0.00624	0.00461	0.00456	0.00152	0.00704	0.00357	0.00211	0.00715
29	0.00594	0.00423	0.00561	0.00670	0.00697	0.00396	0.00445	0.00676	0.00921	0.01228	0.02636	0.80198	0.03161	0.04034	0.00676	0.00205	0.00287	0.01357	0.00445	0.00391
30	0.00957	0.00927	0.01638	0.68461	0.07678	0.01097	0.09818	0.01287	0.00996	0.01293	0.00877	0.01288	0.00663	0.00473	0.00494	0.00161	0.00661	0.00446	0.00220	0.00564
31	0.01323	0.00999	0.01089	0.00956	0.01236	0.01124	0.00751	0.06932	0.60751	0.10684	0.01882	0.01756	0.01393	0.00747	0.03271	0.00181	0.00422	0.00531	0.03220	0.00755
32	0.00708	0.00534	0.00801	0.00843	0.03583	0.00610	0.00622	0.00881	0.00803	0.01160	0.01369	0.06546	0.01312	0.03345	0.72135	0.00711	0.01195	0.00565	0.01835	0.00442
33	0.00606	0.00434	0.00577	0.00664	0.00706	0.00404	0.00451	0.00715	0.01002	0.01355	0.15544	0.69444	0.03434	0.01430	0.00611	0.00189	0.00272	0.01294	0.00464	0.00404
34	0.06481	0.00817	0.01067	0.00832	0.01184	0.00728	0.00684	0.03898	0.01366	0.68243	0.05064	0.01788	0.04322	0.00631	0.00484	0.00150	0.00399	0.00511	0.00573	0.00778
35	0.83470	0.00952	0.00738	0.00654	0.00957	0.01101	0.00539	0.04082	0.00875	0.02205	0.00692	0.00800	0.00535	0.00454	0.00306	0.00150	0.00380	0.00268	0.00306	0.00535
36	0.01144	0.01307	0.02859	0.02042	0.02533	0.01225	0.78186	0.01552	0.01144	0.01552	0.00980	0.01307	0.00735	0.00408	0.00572	0.00163	0.00817	0.00572	0.00245	0.00654
37	0.00576	0.00491	0.00495	0.00494	0.00656	0.00410	0.00370	0.00701	0.01111	0.01325	0.06817	0.04637	0.77832	0.01221	0.00573	0.00163	0.00245	0.01019	0.00452	0.00410
38	0.02174	0.00825	0.01125	0.00862	0.01237	0.00712	0.00712	0.02362	0.01387	0.80282	0.01912	0.01649	0.01200	0.00600	0.00487	0.00150	0.00412	0.00487	0.00600	0.00825
39	0.00915	0.00861	0.01453	0.81804	0.03338	0.01077	0.01346	0.01238	0.00969	0.01238	0.00861	0.01292	0.00646	0.00484	0.00484	0.00161	0.00646	0.00431	0.00215	0.00538
40	0.02131	0.00834	0.01123	0.00868	0.01238	0.00734	0.00715	0.02371	0.04882	0.76761	0.01915	0.01657	0.01212	0.00602	0.00488	0.00151	0.00411	0.00490	0.00595	0.00822
41	0.02174	0.00825	0.01125	0.00862	0.01237	0.00712	0.00712	0.02362	0.01387	0.80282	0.01912	0.01649	0.01200	0.00600	0.00487	0.00150	0.00412	0.00487	0.00600	0.00825
42	0.01059	0.00546	0.00583	0.00541	0.00695	0.00547	0.00416	0.04346	0.04240	0.08876	0.04022	0.01823	0.01334	0.00585	0.00371	0.00121	0.00261	0.00471	0.68649	0.00513
43	0.00594	0.00492	0.00520	0.00513	0.00668	0.00418	0.00385	0.00737	0.01155	0.01428	0.18954	0.04468	0.65631	0.01183	0.00573	0.00162	0.00242	0.00995	0.00466	0.00418
44	0.00699	0.00491	0.00637	0.00637	0.00675	0.00529	0.00429	0.00775	0.00737	0.01020	0.01427	0.02620	0.01523	0.48495	0.36614	0.00604	0.00830	0.00624	0.00279	0.00354
45	0.01176	0.01191	0.01853	0.15996	0.34460	0.09710	0.17239	0.01471	0.01109	0.01496	0.00964	0.01261	0.00770	0.00456	0.00482	0.00146	0.00636	0.00450	0.08481	0.00652
46	0.00711	0.00505	0.00633	0.00595	0.00727	0.00456	0.00448	0.00918	0.01320	0.04325	0.62659	0.03760	0.19086	0.01024	0.00569	0.00155	0.00238	0.00892	0.00519	0.00460
47	0.01353	0.69439	0.02347	0.00899	0.01278	0.10647	0.00852	0.02864	0.01041	0.01180	0.00689	0.00807	0.00626	0.00445	0.00381	0.00111	0.03933	0.00275	0.00217	0.00615
48	0.00972	0.02507	0.80458	0.01381	0.02097	0.01125	0.01790	0.01535	0.01023	0.01535	0.00870	0.01023	0.00614	0.00460	0.00460	0.00153	0.00716	0.00358	0.00205	0.00716
49	0.00631	0.00493	0.00572	0.00552	0.00690	0.00434	0.00414	0.00809	0.01243	0.01637	0.43549	0.04124	0.40905	0.01105	0.00572	0.00158	0.00237	0.00947	0.00493	0.00434
50	0.00620	0.00493	0.00556	0.00540	0.00683	0.00429	0.00405	0.00786	0.01215	0.01572	0.35910	0.04231	0.48584	0.01129	0.00572	0.00159	0.00238	0.00962	0.00485	0.00429
51	0.00679	0.00495	0.00638	0.00602	0.00720	0.00454	0.00452	0.00901	0.01355	0.01904	0.75041	0.03685	0.09246	0.01005	0.00572	0.00153	0.00230	0.00885	0.00528	0.00454
52	0.00702	0.00481	0.00585	0.00585	0.00605	0.00500	0.00364	0.00741	0.00721	0.00981	0.01475	0.02885	0.01638	0.65065	0.20201	0.00540	0.00657	0.00663	0.00286	0.00325
53	0.01313	0.72493	0.02359	0.00863	0.01249	0.08743	0.00828	0.01467	0.01009	0.01143	0.00708	0.00836	0.00649	0.00567	0.03955	0.00136	0.00584	0.00275	0.00213	0.00608
54	0.01277	0.78592	0.07044	0.00861	0.01293	0.01872	0.00885	0.01456	0.00987	0.01163	0.00685	0.00792	0.00621	0.00417	0.00320	0.00107	0.00530	0.00265	0.00207	0.00627
55	0.04807	0.05571	0.01254	0.01233	0.14903	0.00883	0.07867	0.01316	0.09665	0.03614	0.10715	0.07923	0.13167	0.00957	0.05788	0.00197	0.03085	0.01646	0.04836	0.00575
56	0.66532	0.01037	0.05142	0.00700	0.01012	0.03552	0.00606	0.03875	0.00921	0.02087	0.00785	0.00907	0.00608	0.00463	0.00324	0.00144	0.00402	0.00291	0.07433	0.03178
57	0.01217	0.22524	0.28133	0.01122	0.03948	0.03187	0.01140	0.17040	0.02646	0.01756	0.06636	0.04966	0.02534	0.00577	0.00445	0.00140	0.00559	0.00448	0.00308	0.00674
58	0.05334	0.01060	0.11147	0.03071	0.12384	0.00893	0.02316	0.11415	0.05752	0.09809	0.11545	0.06834	0.14903	0.00754	0.00508	0.00156	0.00441	0.00640	0.00405	0.00634
59	0.02561	0.02544	0.04905	0.01119	0.08065	0.05616	0.04276	0.03384	0.25300	0.03863	0.05641	0.13657	0.04858	0.00763	0.00504	0.00156	0.00443	0.03688	0.00400	0.08259
60	0.06607	0.02685	0.23569	0.01188	0.01608	0.13345	0.11318	0.07308	0.02974	0.10773	0.03787	0.03586	0.05258	0.03212	0.00543	0.00160	0.00614	0.00487	0.00329	0.00646
61	0.05775	0.07443	0.12546	0.12939	0.01721	0.03259	0.06769	0.08467	0.08745	0.15850	0.05541	0.05124	0.02520	0.00601	0.00477	0.00152	0.00528	0.00505	0.00372	0.00664
62	0.01240	0.08009	0.34496	0.01688	0.22354	0.04833	0.01413	0.11541	0.05407	0.03082	0.00975	0.01115	0.00739	0.00480	0.00458	0.00145	0.00625	0.00390	0.00275	0.00734

[dist]
# distance from previous block
# <min> <max>
0	19

[block]
# block no. 3 follows, 52 sequences, length 55
# corresponding to MSA columns:
# 398-452
name=unknown_D
#
# <colnr> <probs for GDERKNQSTAVLIFYWHMCP>
#	G	D	E	R	K	N	Q	S	T	A	V	L	I	F	Y	W	H	M	C	P
0	0.05618	0.04043	0.10742	0.00859	0.01098	0.04631	0.00742	0.11108	0.05677	0.03065	0.11289	0.30107	0.03896	0.01945	0.01596	0.00176	0.00427	0.00811	0.00406	0.01763
1	0.24949	0.06151	0.01231	0.06303	0.14204	0.07755	0.00838	0.05088	0.07474	0.06933	0.05767	0.01382	0.02675	0.02008	0.02969	0.00171	0.01522	0.00421	0.00333	0.01827
2	0.03239	0.07279	0.24109	0.01225	0.06750	0.01104	0.07139	0.07940	0.15567	0.03063	0.07089	0.01719	0.08360	0.00605	0.00480	0.00150	0.00524	0.00510	0.00344	0.02803
3	0.06090	0.00827	0.01030	0.06775	0.04166	0.01876	0.00738	0.05971	0.11028	0.28964	0.11829	0.02224	0.06052	0.00765	0.01840	0.00167	0.00421	0.05576	0.02999	0.00662
4	0.00965	0.00836	0.01356	0.59537	0.02720	0.00989	0.03536	0.05364	0.00997	0.01302	0.00879	0.01301	0.00691	0.00661	0.00693	0.12963	0.00600	0.00428	0.00233	0.03949
5	0.01117	0.01080	0.03320	0.16880	0.11467	0.10249	0.03351	0.08159	0.01171	0.03330	0.04835	0.05037	0.08523	0.00880	0.06878	0.00198	0.04941	0.00531	0.00311	0.07744
6	0.21231	0.01121	0.01030	0.00861	0.01146	0.10049	0.00692	0.28673	0.01472	0.07414	0.01138	0.01232	0.00854	0.00683	0.04185	0.00168	0.00505	0.00392	0.16515	0.00637
7	0.00935	0.00482	0.00486	0.00474	0.00596	0.00487	0.00358	0.03738	0.01059	0.01849	0.01567	0.01785	0.01228	0.00565	0.00344	0.00114	0.00236	0.00451	0.82781	0.00464
8	0.04658	0.00625	0.05908	0.00702	0.00834	0.00510	0.00554	0.00898	0.01066	0.04460	0.22055	0.42921	0.07983	0.01278	0.03068	0.00195	0.00335	0.01049	0.00448	0.00456
9	0.01094	0.01204	0.02545	0.01896	0.05157	0.01142	0.65194	0.01457	0.01116	0.01524	0.04637	0.01529	0.00980	0.05914	0.00713	0.00183	0.02244	0.00587	0.00261	0.00623
10	0.00610	0.00430	0.00557	0.00650	0.00674	0.00406	0.00424	0.00680	0.00891	0.01187	0.02480	0.69384	0.02964	0.15116	0.00927	0.00242	0.00313	0.01265	0.00424	0.00377
11	0.16377	0.00853	0.01053	0.00826	0.01182	0.00795	0.00681	0.04633	0.01320	0.62558	0.03662	0.01538	0.01159	0.00584	0.00458	0.00150	0.00405	0.00458	0.00544	0.00765
12	0.00954	0.00911	0.01569	0.70344	0.10864	0.01091	0.04903	0.01277	0.00990	0.01287	0.00872	0.01284	0.00662	0.00476	0.00488	0.00160	0.00647	0.00437	0.00219	0.00566
13	0.00581	0.00486	0.00506	0.00512	0.00663	0.00411	0.00380	0.00709	0.01110	0.01346	0.09704	0.10156	0.69310	0.01232	0.00576	0.00165	0.00247	0.01038	0.00456	0.00411
14	0.00590	0.00422	0.00562	0.00675	0.00703	0.00394	0.00450	0.00675	0.00928	0.01237	0.02671	0.82653	0.03205	0.01518	0.00619	0.00197	0.00281	0.01378	0.00450	0.00394
15	0.01144	0.01307	0.02859	0.02042	0.02533	0.01225	0.78186	0.01552	0.01144	0.01552	0.00980	0.01307	0.00735	0.00408	0.00572	0.00163	0.00817	0.00572	0.00245	0.00654
16	0.00688	0.00515	0.00770	0.00775	0.00859	0.00597	0.00599	0.00858	0.00785	0.01129	0.01353	0.05158	0.01292	0.03549	0.77808	0.00755	0.01257	0.00554	0.00267	0.00431
17	0.00612	0.00429	0.00567	0.00675	0.00710	0.00403	0.00460	0.00708	0.00940	0.01270	0.02621	0.75931	0.03105	0.01471	0.00609	0.00194	0.00286	0.04603	0.04008	0.00398
18	0.00972	0.02507	0.80458	0.01381	0.02097	0.01125	0.01790	0.01535	0.01023	0.01535	0.00870	0.01023	0.00614	0.00460	0.00460	0.00153	0.00716	0.00358	0.00205	0.00716
19	0.00903	0.00452	0.00452	0.00452	0.00565	0.00452	0.00339	0.01129	0.01016	0.01807	0.01581	0.01807	0.01242	0.00565	0.00339	0.00113	0.00226	0.00452	0.85659	0.00452
20	0.01005	0.00861	0.01005	0.00718	0.01148	0.00646	0.00574	0.01220	0.01005	0.01579	0.00861	0.01005	0.00718	0.00359	0.00359	0.00072	0.00359	0.00287	0.00287	0.85932
21	0.01144	0.01307	0.02859	0.02042	0.02533	0.01225	0.78186	0.01552	0.01144	0.01552	0.00980	0.01307	0.00735	0.00408	0.00572	0.00163	0.00817	0.00572	0.00245	0.00654
22	0.00692	0.00519	0.00779	0.00779	0.00865	0.00606	0.00606	0.00865	0.00779	0.01125	0.01298	0.01904	0.01211	0.03634	0.81049	0.00779	0.01298	0.00519	0.00260	0.00433
23	0.00590	0.00422	0.00562	0.00675	0.00703	0.00394	0.00450	0.00675	0.00928	0.01237	0.02671	0.82653	0.03205	0.01518	0.00619	0.00197	0.00281	0.01378	0.00450	0.00394
24	0.00915	0.00861	0.01453	0.81804	0.03338	0.01077	0.01346	0.01238	0.00969	0.01238	0.00861	0.01292	0.00646	0.00484	0.00484	0.00161	0.00646	0.00431	0.00215	0.00538
25	0.01199	0.01151	0.01967	0.02974	0.79946	0.01151	0.01487	0.01487	0.01103	0.01583	0.00912	0.01199	0.00768	0.00432	0.00480	0.00144	0.00576	0.00432	0.00240	0.00768
26	0.00861	0.00781	0.02907	0.00883	0.00963	0.04166	0.00691	0.02627	0.03263	0.01194	0.01316	0.10195	0.01347	0.16752	0.31009	0.00459	0.19238	0.00606	0.00285	0.00457
27	0.00686	0.00465	0.00536	0.00549	0.00561	0.00458	0.00322	0.00708	0.00768	0.01024	0.04649	0.13386	0.04001	0.67480	0.02113	0.00416	0.00431	0.00805	0.00326	0.00315
28	0.00704	0.00473	0.00545	0.00545	0.00551	0.00479	0.00314	0.00715	0.00710	0.00952	0.01512	0.03087	0.01725	0.77713	0.07673	0.00490	0.00525	0.00692	0.00291	0.00303
29	0.01003	0.00861	0.01016	0.02786	0.01204	0.00657	0.00594	0.01221	0.01004	0.01570	0.00861	0.01012	0.00716	0.00362	0.00362	0.00074	0.00366	0.00291	0.00285	0.83754
30	0.00661	0.00544	0.00701	0.00737	0.02782	0.00501	0.03725	0.00845	0.04185	0.01341	0.03526	0.32481	0.37358	0.01264	0.00592	0.00180	0.00313	0.07385	0.00438	0.00440
31	0.01119	0.01150	0.01504	0.01283	0.01328	0.06733	0.03543	0.01295	0.04409	0.01220	0.00716	0.01090	0.00677	0.00802	0.01430	0.00202	0.70296	0.00427	0.00229	0.00547
32	0.01277	0.06805	0.05479	0.05586	0.46831	0.12658	0.03687	0.03795	0.01148	0.01512	0.00869	0.01111	0.00721	0.00455	0.00488	0.00139	0.02655	0.00398	0.00245	0.04140
33	0.01283	0.71847	0.06033	0.00891	0.01293	0.01841	0.00891	0.03821	0.01011	0.01219	0.00696	0.00818	0.00629	0.00449	0.00403	0.00114	0.05638	0.00280	0.00216	0.00627
34	0.00590	0.00422	0.00562	0.00675	0.00703	0.00394	0.00450	0.00675	0.00928	0.01237	0.02671	0.82653	0.03205	0.01518	0.00619	0.00197	0.00281	0.01378	0.00450	0.00394
35	0.01091	0.03444	0.15873	0.16105	0.21661	0.01181	0.30593	0.01476	0.01078	0.01492	0.00916	0.01215	0.00704	0.00437	0.00508	0.00155	0.00703	0.00468	0.00231	0.00672
36	0.00727	0.00539	0.00762	0.04110	0.00894	0.00620	0.00571	0.00866	0.00778	0.01116	0.01320	0.02136	0.01295	0.21590	0.53354	0.00634	0.04024	0.00552	0.03705	0.00409
37	0.01809	0.00802	0.01020	0.00810	0.01124	0.00744	0.00659	0.09843	0.03002	0.52728	0.08700	0.01800	0.01472	0.00629	0.00474	0.00145	0.00381	0.00513	0.12607	0.00738
38	0.86392	0.00937	0.00712	0.00637	0.00937	0.01087	0.00525	0.01425	0.00825	0.02174	0.00675	0.00787	0.00525	0.00450	0.00300	0.00150	0.00375	0.00262	0.00300	0.00525
39	0.00610	0.00449	0.00571	0.00631	0.00700	0.00411	0.00439	0.00734	0.01058	0.01412	0.20869	0.52358	0.15275	0.01351	0.00601	0.00181	0.00263	0.01207	0.00469	0.00411
40	0.00599	0.00428	0.00573	0.00685	0.00717	0.00401	0.00465	0.00690	0.00937	0.01247	0.02666	0.79025	0.03186	0.01510	0.00621	0.00198	0.00289	0.04917	0.00450	0.00396
41	0.01798	0.05636	0.01418	0.01219	0.01482	0.74202	0.00927	0.03597	0.01377	0.02975	0.00781	0.00893	0.00641	0.00500	0.00434	0.00125	0.00841	0.00316	0.00261	0.00576
42	0.01005	0.00861	0.01005	0.00718	0.01148	0.00646	0.00574	0.01220	0.01005	0.01579	0.00861	0.01005	0.00718	0.00359	0.00359	0.00072	0.00359	0.00287	0.00287	0.85932
43	0.00596	0.00428	0.00566	0.00666	0.00703	0.00398	0.00448	0.00691	0.00961	0.01285	0.07824	0.75655	0.05025	0.01477	0.00614	0.00193	0.00277	0.01336	0.00455	0.00398
44	0.01324	0.65163	0.07524	0.00933	0.01331	0.10949	0.00915	0.01500	0.01022	0.01173	0.00694	0.00817	0.00622	0.00445	0.00389	0.00114	0.03978	0.00279	0.00212	0.00617
45	0.02033	0.00904	0.01156	0.00902	0.01267	0.00849	0.00740	0.10333	0.10038	0.63582	0.01840	0.01616	0.01191	0.00604	0.00488	0.00151	0.00422	0.00489	0.00576	0.00818
46	0.01014	0.00890	0.01124	0.00803	0.01237	0.00683	0.05566	0.01242	0.01014	0.01577	0.00869	0.01024	0.00719	0.00362	0.00373	0.00078	0.00388	0.00305	0.00284	0.80446
47	0.01075	0.01084	0.01482	0.01272	0.01277	0.03010	0.01058	0.01181	0.00754	0.01167	0.00638	0.01057	0.00636	0.00841	0.01568	0.00210	0.80524	0.00422	0.00213	0.00531
48	0.01060	0.01060	0.01484	0.01272	0.01272	0.01484	0.01060	0.01166	0.00742	0.01166	0.00636	0.01060	0.00636	0.00848	0.01590	0.00212	0.82082	0.00424	0.00212	0.00530
49	0.00652	0.00448	0.00589	0.00674	0.00712	0.00429	0.00458	0.00737	0.00909	0.02647	0.02428	0.61687	0.02852	0.13473	0.04130	0.00261	0.00362	0.05738	0.00422	0.00392
50	0.04312	0.00890	0.01424	0.72531	0.04485	0.01096	0.01287	0.03787	0.03013	0.01360	0.00893	0.01280	0.00671	0.00490	0.00477	0.00160	0.00624	0.00427	0.00235	0.00557
51	0.01132	0.01117	0.04007	0.01628	0.07069	0.01032	0.42045	0.06523	0.02208	0.05059	0.03970	0.05655	0.04134	0.00625	0.00556	0.00164	0.00637	0.08134	0.00326	0.03982
52	0.01433	0.16796	0.08181	0.01448	0.05674	0.17911	0.22995	0.10248	0.02279	0.06082	0.00969	0.01152	0.00754	0.00479	0.00468	0.00141	0.00689	0.01347	0.00288	0.00667
53	0.01380	0.43952	0.10885	0.01123	0.01550	0.14557	0.09654	0.09094	0.01197	0.01425	0.00790	0.00918	0.00654	0.00449	0.00394	0.00123	0.00633	0.00331	0.00245	0.00646
54	0.04603	0.09291	0.20552	0.01219	0.08332	0.07436	0.07424	0.02661	0.01141	0.02464	0.14686	0.01945	0.11716	0.00661	0.00527	0.00149	0.03732	0.00545	0.00316	0.00598

[dist]
# distance from previous block
# <min> <max>
0	1

[block]
# block no. 4 follows, 52 sequences, length 13
# corresponding to MSA columns:
# 454-466
name=unknown_E
#
# <colnr> <probs for GDERKNQSTAVLIFYWHMCP>
#	G	D	E	R	K	N	Q	S	T	A	V	L	I	F	Y	W	H	M	C	P
0	0.04511	0.00818	0.00864	0.00743	0.00902	0.03018	0.00534	0.23619	0.01258	0.05852	0.04329	0.02326	0.01469	0.43680	0.01512	0.00314	0.00477	0.00586	0.02683	0.00504
1	0.03153	0.03244	0.06521	0.08898	0.06197	0.00947	0.09013	0.15874	0.02920	0.02875	0.04544	0.19078	0.07022	0.04415	0.00605	0.00174	0.00487	0.00705	0.00368	0.02960
2	0.00700	0.00490	0.00629	0.00629	0.00663	0.00524	0.00419	0.00769	0.00734	0.01014	0.01435	0.02664	0.01542	0.51229	0.33906	0.00593	0.00801	0.00631	0.00280	0.00349
3	0.00915	0.00861	0.01453	0.81804	0.03338	0.01077	0.01346	0.01238	0.00969	0.01238	0.00861	0.01292	0.00646	0.00484	0.00484	0.00161	0.00646	0.00431	0.00215	0.00538
4	0.01010	0.02278	0.67190	0.01651	0.15257	0.01130	0.01739	0.01527	0.01037	0.01543	0.00877	0.01053	0.00640	0.00456	0.00464	0.00152	0.00692	0.00371	0.00211	0.00725
5	0.72094	0.01169	0.00824	0.00741	0.01032	0.14600	0.00594	0.01511	0.00917	0.02007	0.00687	0.00802	0.00542	0.00458	0.00323	0.00146	0.00459	0.00271	0.00291	0.00531
6	0.00731	0.00629	0.00951	0.00798	0.00994	0.00568	0.13556	0.00949	0.01211	0.01625	0.33350	0.03537	0.32825	0.00961	0.00560	0.00157	0.00334	0.00859	0.04934	0.00472
7	0.00763	0.00579	0.00686	0.00646	0.00772	0.00577	0.00472	0.01128	0.13879	0.01727	0.46731	0.03348	0.10731	0.14817	0.00879	0.00209	0.00296	0.00808	0.00478	0.00475
8	0.00978	0.00771	0.00896	0.00850	0.01031	0.00849	0.00659	0.08836	0.29460	0.01751	0.06388	0.15970	0.05013	0.01396	0.14150	0.00275	0.00523	0.07240	0.02376	0.00587
9	0.01358	0.15581	0.09406	0.01204	0.05764	0.32872	0.04342	0.01593	0.04013	0.03488	0.01169	0.14789	0.01119	0.00654	0.00460	0.00141	0.00648	0.00519	0.00290	0.00589
10	0.01261	0.01368	0.05256	0.04679	0.52572	0.14619	0.04344	0.01555	0.02721	0.01510	0.00961	0.02943	0.00812	0.00477	0.00475	0.00143	0.00624	0.00437	0.02540	0.00703
11	0.01058	0.00852	0.01120	0.01080	0.11904	0.00765	0.03373	0.01383	0.10203	0.05954	0.01249	0.04868	0.01120	0.14431	0.00773	0.00173	0.00426	0.00474	0.00329	0.38465
12	0.01138	0.04321	0.00906	0.00803	0.05058	0.02373	0.00586	0.01407	0.05888	0.17858	0.22090	0.06328	0.09310	0.00770	0.00483	0.00142	0.00330	0.00652	0.14875	0.04682

[dist]
# distance from previous block
# <min> <max>
3	7

[block]
# block no. 5 follows, 52 sequences, length 30
# corresponding to MSA columns:
# 478-507
name=unknown_F
#
# <colnr> <probs for GDERKNQSTAVLIFYWHMCP>
#	G	D	E	R	K	N	Q	S	T	A	V	L	I	F	Y	W	H	M	C	P
0	0.01726	0.01235	0.01325	0.01032	0.01386	0.01359	0.00847	0.65555	0.04695	0.04727	0.01254	0.01267	0.00901	0.00583	0.00469	0.00143	0.00492	0.00443	0.09780	0.00782
1	0.00848	0.00754	0.01313	0.01088	0.01272	0.00769	0.22276	0.01074	0.02608	0.01291	0.03133	0.06730	0.02808	0.18542	0.23168	0.00402	0.03537	0.05643	0.02269	0.00476
2	0.00817	0.00526	0.00678	0.00623	0.00766	0.00477	0.00473	0.01031	0.01348	0.09318	0.65362	0.03530	0.11237	0.00976	0.00564	0.00153	0.00248	0.00853	0.00532	0.00488
3	0.01586	0.05414	0.10640	0.01198	0.01498	0.58158	0.01000	0.04319	0.01290	0.01282	0.00826	0.00995	0.00685	0.00792	0.08087	0.00190	0.00870	0.00339	0.00251	0.00579
4	0.00679	0.00493	0.00614	0.00584	0.00706	0.00450	0.00438	0.00891	0.01314	0.01839	0.64432	0.03696	0.16042	0.01007	0.00561	0.00152	0.00231	0.00879	0.04544	0.00450
5	0.80160	0.00907	0.00717	0.00648	0.00932	0.01052	0.00531	0.01384	0.00821	0.02098	0.00720	0.00868	0.00575	0.00681	0.06172	0.00196	0.00442	0.00281	0.00297	0.00518
6	0.00599	0.00425	0.00560	0.00664	0.00690	0.00399	0.00438	0.00677	0.00912	0.01215	0.02588	0.76873	0.03100	0.07441	0.00753	0.00217	0.00295	0.01329	0.00438	0.00386
7	0.00774	0.00649	0.02852	0.00916	0.04979	0.00612	0.03746	0.02180	0.06114	0.02629	0.03079	0.55488	0.02506	0.03088	0.02287	0.00202	0.03074	0.01081	0.00411	0.03331
8	0.01367	0.01524	0.01601	0.15762	0.17621	0.32301	0.09331	0.04132	0.02774	0.01375	0.00921	0.01255	0.00775	0.06476	0.00619	0.00166	0.00717	0.00422	0.00257	0.00602
9	0.01233	0.49591	0.09416	0.01179	0.06630	0.04457	0.10829	0.01470	0.01032	0.01300	0.00766	0.00919	0.00654	0.00417	0.00378	0.00116	0.00576	0.00324	0.00223	0.08489
10	0.00679	0.00487	0.00616	0.00595	0.00708	0.00448	0.00442	0.00887	0.01295	0.01824	0.62850	0.09375	0.11562	0.01030	0.00563	0.00155	0.00234	0.00905	0.04897	0.00448
11	0.00996	0.00922	0.04990	0.06517	0.08410	0.00948	0.02434	0.10620	0.02341	0.01600	0.07124	0.23665	0.01696	0.00877	0.00735	0.00170	0.16611	0.00714	0.02449	0.06178
12	0.00717	0.00544	0.00661	0.00629	0.00763	0.00517	0.00472	0.02225	0.07087	0.01810	0.54564	0.08794	0.17318	0.01035	0.00568	0.00158	0.00251	0.00903	0.00510	0.00474
13	0.01337	0.65764	0.02300	0.00992	0.05312	0.12094	0.00869	0.01496	0.01034	0.01168	0.00717	0.00849	0.00649	0.00534	0.03044	0.00131	0.00593	0.00284	0.00216	0.00615
14	0.01178	0.01139	0.01942	0.07291	0.60408	0.01159	0.08947	0.01582	0.08497	0.01602	0.01016	0.01273	0.00825	0.00454	0.00490	0.00149	0.00585	0.00456	0.00263	0.00743
15	0.01003	0.00716	0.00946	0.01033	0.10810	0.02372	0.00685	0.02993	0.04784	0.11250	0.21083	0.25886	0.05167	0.00983	0.00599	0.00166	0.04128	0.02242	0.00446	0.02707
16	0.00588	0.00431	0.00553	0.00651	0.00697	0.00396	0.00439	0.00677	0.00950	0.01246	0.02958	0.72656	0.13017	0.01481	0.00613	0.00193	0.00277	0.01332	0.00450	0.00396
17	0.01138	0.05786	0.13864	0.01123	0.01474	0.08308	0.09964	0.01860	0.31465	0.02893	0.05013	0.03222	0.07329	0.00668	0.00501	0.00158	0.00523	0.03673	0.00378	0.00661
18	0.01237	0.03012	0.01096	0.00781	0.01190	0.00777	0.00633	0.08239	0.03648	0.11828	0.02455	0.01168	0.00879	0.00432	0.00393	0.00094	0.00384	0.00344	0.00354	0.61056
19	0.74976	0.03205	0.00835	0.00704	0.01006	0.07141	0.00577	0.04033	0.00919	0.02102	0.00697	0.00806	0.00545	0.00457	0.00317	0.00147	0.00421	0.00272	0.00300	0.00540
20	0.00657	0.00502	0.00606	0.00647	0.00741	0.00476	0.00460	0.00876	0.07125	0.01439	0.16974	0.42029	0.20240	0.02886	0.00627	0.00185	0.00278	0.02351	0.00465	0.00436
21	0.00915	0.00861	0.01453	0.81804	0.03338	0.01077	0.01346	0.01238	0.00969	0.01238	0.00861	0.01292	0.00646	0.00484	0.00484	0.00161	0.00646	0.00431	0.00215	0.00538
22	0.00724	0.00488	0.00614	0.00582	0.00696	0.00456	0.00437	0.00952	0.01310	0.01920	0.66157	0.03306	0.03995	0.00917	0.00531	0.00146	0.00228	0.00803	0.15283	0.00456
23	0.01205	0.01041	0.01096	0.00986	0.01260	0.01205	0.00767	0.02575	0.79071	0.02027	0.01972	0.01808	0.01479	0.00657	0.00493	0.00164	0.00384	0.00548	0.00493	0.00767
24	0.00677	0.00490	0.00638	0.00612	0.00721	0.00452	0.00455	0.00893	0.01335	0.01881	0.72724	0.09156	0.06078	0.01033	0.00575	0.00156	0.00233	0.00914	0.00526	0.00452
25	0.01125	0.01180	0.07034	0.15083	0.58533	0.01121	0.03232	0.01437	0.01078	0.01521	0.00956	0.01343	0.00803	0.00471	0.00487	0.00150	0.00597	0.02892	0.00241	0.00715
26	0.00623	0.00469	0.00583	0.00657	0.00743	0.00430	0.00485	0.00749	0.01031	0.01325	0.06433	0.42916	0.25642	0.01380	0.00612	0.00190	0.00298	0.14573	0.00453	0.00410
27	0.00952	0.09194	0.03687	0.00781	0.01043	0.05465	0.00626	0.03202	0.01013	0.01395	0.01472	0.28035	0.01576	0.05156	0.00590	0.00148	0.02216	0.00677	0.00332	0.32439
28	0.01174	0.05424	0.08547	0.01005	0.04786	0.06404	0.04575	0.01475	0.04905	0.08133	0.01105	0.04413	0.00914	0.00484	0.00418	0.00111	0.00468	0.01302	0.02468	0.41889
29	0.09804	0.10935	0.07882	0.01319	0.10663	0.07583	0.12587	0.06661	0.04784	0.05352	0.03120	0.01253	0.02810	0.00488	0.00439	0.00134	0.00553	0.00414	0.00305	0.12915

[dist]
# distance from previous block
# <min> <max>
1	9

[block]
# block no. 6 follows, 52 sequences, length 17
# corresponding to MSA columns:
# 517-533
name=unknown_G
#
# <colnr> <probs for GDERKNQSTAVLIFYWHMCP>
#	G	D	E	R	K	N	Q	S	T	A	V	L	I	F	Y	W	H	M	C	P
0	0.13782	0.03899	0.09737	0.06230	0.06089	0.36862	0.02563	0.03525	0.04632	0.03530	0.00864	0.01003	0.00680	0.00494	0.00450	0.00138	0.02247	0.00347	0.00274	0.02651
1	0.07706	0.01120	0.03292	0.06342	0.01441	0.03337	0.02813	0.30100	0.07380	0.04026	0.03962	0.04729	0.04433	0.00615	0.00501	0.00142	0.03142	0.00485	0.00395	0.14038
2	0.01231	0.04632	0.01906	0.10733	0.58023	0.01192	0.03890	0.05437	0.01146	0.03895	0.00934	0.01202	0.00760	0.00458	0.00503	0.00146	0.02489	0.00431	0.00259	0.00733
3	0.01191	0.01174	0.01919	0.11931	0.64623	0.04556	0.04579	0.01480	0.01101	0.01525	0.00902	0.01201	0.00746	0.00440	0.00482	0.00146	0.00606	0.00432	0.00238	0.00728
4	0.00699	0.00569	0.00863	0.05746	0.01067	0.00542	0.08752	0.00855	0.00995	0.01328	0.02622	0.47885	0.14019	0.01216	0.00582	0.00181	0.00362	0.05006	0.04798	0.01914
5	0.01161	0.01104	0.01702	0.20835	0.42988	0.03984	0.03546	0.04777	0.07080	0.01552	0.01002	0.01322	0.00821	0.03323	0.00580	0.00162	0.02661	0.00450	0.00266	0.00684
6	0.80264	0.00929	0.00742	0.00654	0.00959	0.01060	0.00538	0.01493	0.00866	0.07858	0.00765	0.00850	0.00574	0.00461	0.00314	0.00150	0.00378	0.00279	0.00322	0.00547
7	0.00919	0.00846	0.03395	0.04082	0.21069	0.00821	0.00825	0.03426	0.15067	0.01559	0.05837	0.09646	0.23101	0.05204	0.01897	0.00186	0.00420	0.00732	0.00382	0.00584
8	0.00705	0.00506	0.00596	0.00573	0.00718	0.00445	0.00429	0.00875	0.01224	0.05646	0.36978	0.08767	0.38553	0.01110	0.00571	0.00160	0.00249	0.00953	0.00494	0.00450
9	0.00686	0.00495	0.00648	0.00610	0.00724	0.00457	0.00457	0.00914	0.01372	0.01943	0.79691	0.03620	0.04572	0.00991	0.00572	0.00152	0.00229	0.00876	0.00533	0.00457
10	0.01469	0.01104	0.01231	0.00920	0.01327	0.01070	0.00751	0.39176	0.01648	0.05856	0.01057	0.01112	0.00792	0.00479	0.00427	0.00112	0.00447	0.00369	0.00398	0.40255
11	0.00968	0.00823	0.00966	0.00714	0.01109	0.00624	0.00563	0.01172	0.00998	0.01549	0.01021	0.08204	0.00937	0.00461	0.00382	0.00083	0.00352	0.00383	0.00301	0.78389
12	0.01441	0.15619	0.02781	0.02673	0.02941	0.13324	0.00862	0.13425	0.28728	0.06533	0.01306	0.01317	0.01000	0.00603	0.00522	0.02948	0.02476	0.00427	0.00380	0.00694
13	0.00934	0.01107	0.14675	0.03856	0.01450	0.00900	0.11814	0.01529	0.22703	0.01623	0.09382	0.14410	0.06650	0.03216	0.00594	0.00177	0.00476	0.03518	0.00386	0.00600
14	0.01005	0.00861	0.01005	0.00718	0.01148	0.00646	0.00574	0.01220	0.01005	0.01579	0.00861	0.01005	0.00718	0.00359	0.00359	0.00072	0.00359	0.00287	0.00287	0.85932
15	0.01015	0.00954	0.01592	0.48754	0.23859	0.01081	0.04447	0.03282	0.03007	0.01412	0.01065	0.03740	0.02674	0.00522	0.00493	0.00158	0.00604	0.00482	0.00249	0.00611
16	0.01431	0.05260	0.05328	0.13839	0.05303	0.01035	0.07224	0.12266	0.05622	0.23607	0.02536	0.08203	0.02732	0.00643	0.00526	0.00156	0.02646	0.00549	0.00406	0.00687

[dist]
# distance from previous block
# <min> <max>
0	1

[block]
# block no. 7 follows, 52 sequences, length 24
# corresponding to MSA columns:
# 535-558
name=unknown_H
#
# <colnr> <probs for GDERKNQSTAVLIFYWHMCP>
#	G	D	E	R	K	N	Q	S	T	A	V	L	I	F	Y	W	H	M	C	P
0	0.07110	0.01028	0.03014	0.00932	0.01195	0.04154	0.00742	0.07269	0.45713	0.06608	0.01903	0.12326	0.02924	0.00759	0.00497	0.00165	0.00408	0.02104	0.00462	0.00687
1	0.77578	0.04768	0.00834	0.00682	0.00984	0.05791	0.00563	0.01456	0.00864	0.02069	0.00679	0.00792	0.00535	0.00451	0.00308	0.00146	0.00411	0.00265	0.00293	0.00531
2	0.00679	0.00537	0.00649	0.00688	0.03199	0.00503	0.00481	0.00924	0.06959	0.01551	0.27378	0.23588	0.28749	0.01159	0.00575	0.00168	0.00270	0.01012	0.00473	0.00458
3	0.00692	0.00519	0.00779	0.00779	0.00865	0.00606	0.00606	0.00865	0.00779	0.01125	0.01298	0.01904	0.01211	0.03634	0.81049	0.00779	0.01298	0.00519	0.00260	0.00433
4	0.00842	0.00421	0.00631	0.00631	0.00631	0.00421	0.00421	0.00631	0.00631	0.00842	0.00842	0.01473	0.00842	0.01684	0.01894	0.85901	0.00421	0.00421	0.00210	0.00210
5	0.86392	0.00937	0.00712	0.00637	0.00937	0.01087	0.00525	0.01425	0.00825	0.02174	0.00675	0.00787	0.00525	0.00450	0.00300	0.00150	0.00375	0.00262	0.00300	0.00525
6	0.00692	0.00519	0.00779	0.00779	0.00865	0.00606	0.00606	0.00865	0.00779	0.01125	0.01298	0.01904	0.01211	0.03634	0.81049	0.00779	0.01298	0.00519	0.00260	0.00433
7	0.01393	0.01444	0.07646	0.01144	0.01481	0.14963	0.05311	0.14906	0.42293	0.01987	0.01483	0.01449	0.01112	0.00588	0.00484	0.00154	0.00544	0.00475	0.00413	0.00731
8	0.00681	0.00495	0.00641	0.00605	0.00721	0.00455	0.00453	0.00905	0.01360	0.01916	0.76469	0.03665	0.07811	0.01001	0.00572	0.00153	0.00229	0.00883	0.00530	0.00455
9	0.00952	0.00899	0.01520	0.71546	0.13308	0.01086	0.01364	0.01271	0.00986	0.01283	0.00868	0.01280	0.00662	0.00478	0.00484	0.00159	0.00637	0.00431	0.00219	0.00568
10	0.00595	0.00458	0.00546	0.00607	0.00696	0.00409	0.00431	0.00707	0.01026	0.01307	0.07123	0.44864	0.33796	0.01371	0.00600	0.00183	0.00271	0.04152	0.00454	0.00405
11	0.01956	0.00793	0.01066	0.00836	0.01176	0.00701	0.00684	0.02195	0.04417	0.67740	0.11333	0.01894	0.01619	0.00649	0.00498	0.00151	0.00389	0.00537	0.00588	0.00778
12	0.01401	0.01429	0.03614	0.03554	0.17918	0.21636	0.02891	0.12807	0.04649	0.03863	0.06383	0.01291	0.01017	0.00578	0.00622	0.00148	0.11464	0.00434	0.00316	0.03986
13	0.01679	0.01579	0.01377	0.06710	0.01578	0.27362	0.00932	0.39012	0.06334	0.02166	0.01053	0.01133	0.00793	0.00560	0.00497	0.00142	0.02983	0.00402	0.03015	0.00695
14	0.00682	0.00568	0.00614	0.00687	0.00752	0.05974	0.00474	0.00779	0.00992	0.01258	0.04894	0.60046	0.13704	0.03860	0.00655	0.00195	0.00325	0.02702	0.00433	0.00407
15	0.10044	0.01173	0.01265	0.01027	0.01367	0.03668	0.03195	0.32020	0.26449	0.12531	0.01452	0.01390	0.01043	0.00587	0.00471	0.00152	0.00473	0.00462	0.00469	0.00763
16	0.01125	0.09340	0.41416	0.01443	0.08272	0.02700	0.11565	0.01528	0.01074	0.07411	0.01219	0.01349	0.06155	0.00522	0.00503	0.00151	0.02845	0.00440	0.00261	0.00682
17	0.00827	0.00567	0.00692	0.00637	0.00796	0.00531	0.00486	0.01126	0.07817	0.08215	0.51326	0.03524	0.19634	0.00980	0.00558	0.00156	0.00260	0.00848	0.00518	0.00503
18	0.00672	0.00461	0.00538	0.00562	0.00580	0.00449	0.00338	0.00704	0.00795	0.01056	0.04468	0.21153	0.05842	0.58141	0.01900	0.00384	0.00409	0.00877	0.00344	0.00327
19	0.01412	0.01080	0.03124	0.00972	0.01277	0.01159	0.00788	0.21303	0.43265	0.09519	0.01728	0.03721	0.01296	0.00644	0.00482	0.00155	0.00418	0.00525	0.06376	0.00754
20	0.01288	0.04823	0.09069	0.08517	0.21231	0.20538	0.22270	0.01587	0.01147	0.01417	0.00866	0.01121	0.00691	0.00460	0.00517	0.00147	0.02997	0.00427	0.00236	0.00651
21	0.04284	0.00744	0.00772	0.00663	0.00870	0.00790	0.00526	0.23854	0.01389	0.04068	0.01434	0.01577	0.01092	0.00566	0.00384	0.00125	0.00326	0.00441	0.55523	0.00573
22	0.01111	0.00967	0.01270	0.00977	0.04442	0.00810	0.08239	0.09083	0.01152	0.01726	0.00906	0.01058	0.00732	0.00389	0.00397	0.00091	0.00430	0.00336	0.00301	0.65583
23	0.00729	0.00559	0.00828	0.06371	0.01023	0.00660	0.00648	0.00901	0.00793	0.01143	0.01264	0.01903	0.01184	0.08088	0.65097	0.00675	0.04371	0.00519	0.02807	0.00436

[dist]
# distance from previous block
# <min> <max>
0	19

[block]
# block no. 8 follows, 52 sequences, length 6
# corresponding to MSA columns:
# 578-583
name=unknown_I
#
# <colnr> <probs for GDERKNQSTAVLIFYWHMCP>
#	G	D	E	R	K	N	Q	S	T	A	V	L	I	F	Y	W	H	M	C	P
