[name]
unknown

[dist]
# distance from previous block
# <min> <max>
0	197

[block]
# block no. 0 follows, 63 sequences, length 14
# corresponding to MSA columns:
# 361-374
name=unknown_A
#
# <colnr> <probs for GDERKNQSTAVLIFYWHMCP>
#	G	D	E	R	K	N	Q	S	T	A	V	L	I	F	Y	W	H	M	C	P
0	0.00667	0.00480	0.00662	0.00753	0.00853	0.00476	0.00656	0.00855	0.00967	0.01251	0.02348	0.04700	0.07237	0.01155	0.00576	0.00190	0.00377	0.75025	0.00387	0.00385
1	0.00514	0.00398	0.00468	0.00510	0.00593	0.00353	0.00360	0.00614	0.00910	0.01161	0.11037	0.41423	0.37836	0.01161	0.00515	0.00154	0.00226	0.01017	0.00397	0.00353
2	0.00992	0.01134	0.02481	0.01772	0.02197	0.01063	0.81077	0.01347	0.00992	0.01347	0.00850	0.01134	0.00638	0.00354	0.00496	0.00142	0.00709	0.00496	0.00213	0.00567
3	0.00509	0.00423	0.00447	0.00458	0.00586	0.00361	0.00343	0.00620	0.00955	0.01157	0.07101	0.10951	0.69237	0.01082	0.00504	0.00146	0.00222	0.04148	0.00393	0.00357
4	0.00843	0.02174	0.83048	0.01198	0.01819	0.00976	0.01553	0.01331	0.00888	0.01331	0.00754	0.00888	0.00533	0.00399	0.00399	0.00133	0.00621	0.00311	0.00178	0.00621
5	0.01497	0.07229	0.06327	0.01067	0.01318	0.73308	0.00852	0.01631	0.01151	0.01045	0.00652	0.00761	0.00541	0.00427	0.00373	0.00109	0.00730	0.00270	0.00212	0.00499
6	0.01046	0.00903	0.00951	0.00855	0.01093	0.01046	0.00665	0.02234	0.81845	0.01759	0.01711	0.01568	0.01283	0.00570	0.00428	0.00143	0.00333	0.00475	0.00428	0.00665
7	0.00608	0.00419	0.00516	0.00516	0.00536	0.00439	0.00326	0.00648	0.00628	0.00858	0.01272	0.02460	0.01402	0.63486	0.23707	0.00479	0.00598	0.00569	0.00247	0.00287
8	0.00610	0.00411	0.00477	0.00477	0.00483	0.00418	0.00278	0.00623	0.00617	0.00829	0.01308	0.02657	0.01488	0.78214	0.09096	0.00430	0.00469	0.00598	0.00252	0.00265
9	0.00970	0.08261	0.50688	0.01226	0.01746	0.01045	0.16644	0.03732	0.05824	0.04664	0.00861	0.00985	0.00624	0.00406	0.00411	0.00132	0.00592	0.00356	0.00220	0.00614
10	0.00519	0.00371	0.00494	0.00581	0.00611	0.00346	0.00391	0.00601	0.00835	0.01121	0.08516	0.78617	0.02872	0.01282	0.00533	0.00168	0.00240	0.01161	0.00396	0.00346
11	0.61673	0.00783	0.00728	0.00613	0.00893	0.00843	0.00505	0.01486	0.00865	0.26780	0.00915	0.00913	0.00635	0.00430	0.00310	0.00130	0.00335	0.00288	0.00340	0.00535
12	0.00963	0.07877	0.28669	0.15755	0.26895	0.04184	0.03664	0.01283	0.00926	0.02750	0.02699	0.01024	0.00673	0.00405	0.00403	0.00128	0.00553	0.00351	0.00204	0.00592
13	0.08835	0.01131	0.01111	0.00909	0.01201	0.07566	0.00732	0.45417	0.24864	0.02201	0.01148	0.01123	0.00843	0.00508	0.00406	0.00130	0.00436	0.00385	0.00393	0.00661

[dist]
# distance from previous block
# <min> <max>
0	5

[block]
# block no. 1 follows, 63 sequences, length 31
# corresponding to MSA columns:
# 380-394,428-443
name=unknown_B
#
# <colnr> <probs for GDERKNQSTAVLIFYWHMCP>
#	G	D	E	R	K	N	Q	S	T	A	V	L	I	F	Y	W	H	M	C	P
0	0.00942	0.00605	0.00591	0.00541	0.00683	0.04435	0.00417	0.14974	0.01085	0.01693	0.01380	0.06110	0.02251	0.00553	0.00340	0.00109	0.00274	0.01591	0.60975	0.00449
1	0.02421	0.05544	0.02601	0.05288	0.09220	0.07261	0.12433	0.18826	0.17996	0.06696	0.01084	0.02333	0.00826	0.00466	0.00415	0.00127	0.00484	0.00403	0.00323	0.05255
2	0.02526	0.00775	0.01326	0.68677	0.06408	0.00924	0.07363	0.01104	0.00857	0.01147	0.00781	0.01129	0.00592	0.00415	0.00417	0.00137	0.00549	0.00381	0.04010	0.00481
3	0.05523	0.19938	0.01382	0.00980	0.01229	0.62032	0.00776	0.01567	0.01096	0.01060	0.00633	0.00737	0.00537	0.00415	0.00350	0.00105	0.00671	0.00259	0.00211	0.00497
4	0.00777	0.00393	0.00398	0.00397	0.00495	0.00392	0.00297	0.00973	0.00892	0.01571	0.04165	0.01621	0.01177	0.00503	0.00301	0.00099	0.00196	0.00405	0.84557	0.00392
5	0.00512	0.00366	0.00488	0.00585	0.00610	0.00341	0.00390	0.00585	0.00805	0.01073	0.02317	0.84952	0.02780	0.01317	0.00537	0.00171	0.00244	0.01195	0.00390	0.00341
6	0.00497	0.00426	0.00426	0.00426	0.00568	0.00355	0.00319	0.00603	0.00958	0.01136	0.04259	0.04046	0.82433	0.01065	0.00497	0.00142	0.00213	0.00887	0.00390	0.00355
7	0.00497	0.00426	0.00426	0.00426	0.00568	0.00355	0.00319	0.00603	0.00958	0.01136	0.04259	0.04046	0.82433	0.01065	0.00497	0.00142	0.00213	0.00887	0.00390	0.00355
8	0.00784	0.00392	0.00392	0.00392	0.00490	0.00392	0.00294	0.00980	0.00882	0.01567	0.01371	0.01567	0.01077	0.00490	0.00294	0.00098	0.00196	0.00392	0.87560	0.00392
9	0.01124	0.85479	0.02203	0.00719	0.01079	0.01663	0.00719	0.01259	0.00854	0.00989	0.00584	0.00674	0.00539	0.00360	0.00270	0.00090	0.00450	0.00225	0.00180	0.00539
10	0.00794	0.00747	0.01261	0.84216	0.02895	0.00934	0.01167	0.01074	0.00841	0.01074	0.00747	0.01121	0.00560	0.00420	0.00420	0.00140	0.00560	0.00374	0.00187	0.00467
11	0.88196	0.00813	0.00618	0.00553	0.00813	0.00943	0.00455	0.01236	0.00715	0.01886	0.00585	0.00683	0.00455	0.00390	0.00260	0.00130	0.00325	0.00228	0.00260	0.00455
12	0.01520	0.00643	0.00861	0.00690	0.00950	0.00569	0.00556	0.01712	0.03130	0.59114	0.21453	0.01884	0.01775	0.02571	0.00481	0.00137	0.00319	0.00511	0.00498	0.00625
13	0.00677	0.00484	0.00677	0.00774	0.00871	0.00484	0.00677	0.00871	0.00968	0.01258	0.02226	0.04742	0.02419	0.01161	0.00581	0.00194	0.00387	0.79775	0.00387	0.00387
14	0.01124	0.85479	0.02203	0.00719	0.01079	0.01663	0.00719	0.01259	0.00854	0.00989	0.00584	0.00674	0.00539	0.00360	0.00270	0.00090	0.00450	0.00225	0.00180	0.00539
15	0.01886	0.00715	0.00976	0.00748	0.01073	0.00618	0.00618	0.02049	0.01203	0.82895	0.01658	0.01431	0.01041	0.00520	0.00423	0.00130	0.00358	0.00423	0.00520	0.00715
16	0.05656	0.01144	0.01221	0.00940	0.01273	0.01263	0.00777	0.74683	0.01890	0.05433	0.01012	0.01009	0.00714	0.00500	0.00413	0.00126	0.00452	0.00373	0.00417	0.00703
17	0.01886	0.00715	0.00976	0.00748	0.01073	0.00618	0.00618	0.02049	0.01203	0.82895	0.01658	0.01431	0.01041	0.00520	0.00423	0.00130	0.00358	0.00423	0.00520	0.00715
18	0.00670	0.00470	0.00579	0.00560	0.00605	0.00502	0.00376	0.05739	0.00718	0.00982	0.01241	0.02290	0.01324	0.53648	0.28057	0.00475	0.00641	0.00545	0.00256	0.00322
19	0.00513	0.00424	0.00450	0.00449	0.00579	0.00361	0.00335	0.00633	0.00988	0.01220	0.16507	0.07379	0.66625	0.01043	0.00498	0.00142	0.00212	0.00880	0.00402	0.00361
20	0.01420	0.02690	0.05403	0.00917	0.01248	0.01152	0.00780	0.56774	0.08568	0.05620	0.01114	0.04660	0.00847	0.00525	0.00415	0.00125	0.00436	0.00409	0.00395	0.06502
21	0.01109	0.04733	0.01590	0.06195	0.58197	0.04604	0.01149	0.09154	0.06494	0.01477	0.00857	0.01049	0.00696	0.00405	0.00410	0.00125	0.00497	0.00371	0.00242	0.00648
22	0.01046	0.37470	0.35793	0.01066	0.06299	0.09378	0.01110	0.01332	0.00907	0.01159	0.00674	0.00793	0.00544	0.00384	0.00343	0.00112	0.00554	0.00274	0.00184	0.00576
23	0.06527	0.04979	0.04107	0.03609	0.61915	0.01031	0.09181	0.01288	0.00937	0.01379	0.00772	0.01007	0.00638	0.00374	0.00407	0.00126	0.00512	0.00369	0.00209	0.00632
24	0.00723	0.00368	0.00542	0.00542	0.00542	0.00368	0.00358	0.00552	0.00552	0.00736	0.00768	0.01371	0.00781	0.06744	0.01674	0.82259	0.00368	0.00381	0.00187	0.00187
25	0.00920	0.10331	0.69576	0.01144	0.01722	0.01031	0.03288	0.01356	0.00900	0.04863	0.00779	0.00896	0.00558	0.00400	0.00390	0.00129	0.00595	0.00311	0.00194	0.00616
26	0.00969	0.01976	0.01230	0.14673	0.23645	0.02129	0.04110	0.09935	0.03696	0.05043	0.01229	0.21008	0.01188	0.00695	0.01744	0.00151	0.05170	0.00577	0.00292	0.00540
27	0.00619	0.00455	0.00601	0.00673	0.00768	0.00437	0.00559	0.00781	0.00958	0.01239	0.07645	0.15330	0.16370	0.01147	0.00555	0.00178	0.00326	0.50591	0.00393	0.00376
28	0.00689	0.00527	0.00713	0.00837	0.06086	0.00532	0.00629	0.00952	0.09040	0.01264	0.02192	0.24157	0.05721	0.01086	0.00540	0.00176	0.00346	0.43713	0.00381	0.00420
29	0.06868	0.00884	0.01112	0.09171	0.13463	0.06466	0.02202	0.06970	0.07675	0.32341	0.02611	0.05295	0.02008	0.00525	0.00417	0.00132	0.00425	0.00439	0.00375	0.00618
30	0.04892	0.10067	0.15756	0.00930	0.01294	0.06282	0.00871	0.32809	0.10450	0.09540	0.01076	0.01078	0.02133	0.00480	0.00394	0.00125	0.00473	0.00361	0.00343	0.00644

[dist]
# distance from previous block
# <min> <max>
0	2

[block]
# block no. 2 follows, 63 sequences, length 13
# corresponding to MSA columns:
# 446-458
name=unknown_C
#
# <colnr> <probs for GDERKNQSTAVLIFYWHMCP>
#	G	D	E	R	K	N	Q	S	T	A	V	L	I	F	Y	W	H	M	C	P
0	0.01362	0.01666	0.01210	0.23438	0.01729	0.61326	0.00908	0.01516	0.01097	0.01041	0.00676	0.00856	0.00547	0.00430	0.00390	0.00117	0.00705	0.00298	0.00209	0.00482
1	0.33343	0.00995	0.02329	0.02182	0.04051	0.16606	0.00604	0.06306	0.02379	0.01658	0.22652	0.01422	0.01459	0.00541	0.00389	0.00127	0.01763	0.00405	0.00313	0.00477
2	0.00651	0.00381	0.00510	0.00518	0.00558	0.00361	0.00355	0.00565	0.00677	0.00865	0.01798	0.08298	0.22854	0.01343	0.01252	0.57636	0.00315	0.00568	0.00254	0.00241
3	0.01570	0.02004	0.01191	0.01083	0.01300	0.83539	0.00812	0.01679	0.01191	0.01029	0.00650	0.00758	0.00541	0.00433	0.00379	0.00108	0.00758	0.00271	0.00217	0.00487
4	0.01386	0.02809	0.03846	0.00934	0.01236	0.27085	0.00764	0.31928	0.03191	0.03154	0.00913	0.01073	0.00725	0.00472	0.00392	0.00112	0.00527	0.03659	0.00315	0.15476
5	0.00585	0.00423	0.00514	0.00495	0.00574	0.00393	0.00347	0.00717	0.01000	0.01371	0.49173	0.03168	0.14774	0.23576	0.00938	0.00208	0.00257	0.00739	0.00396	0.00352
6	0.01145	0.08030	0.54915	0.01041	0.01563	0.00931	0.01239	0.01519	0.00970	0.23238	0.00985	0.01018	0.00670	0.00429	0.00396	0.00129	0.00538	0.00334	0.00270	0.00640
7	0.00555	0.00403	0.00561	0.00632	0.00679	0.00408	0.00461	0.00664	0.00789	0.01069	0.01986	0.53062	0.02273	0.01792	0.22867	0.00309	0.00498	0.10292	0.00345	0.00356
8	0.00794	0.00747	0.01261	0.84216	0.02895	0.00934	0.01167	0.01074	0.00841	0.01074	0.00747	0.01121	0.00560	0.00420	0.00420	0.00140	0.00560	0.00374	0.00187	0.00467
9	0.00955	0.62608	0.01725	0.00640	0.00941	0.01312	0.00612	0.01083	0.00882	0.01028	0.01572	0.01581	0.22561	0.00549	0.00331	0.00104	0.00386	0.00403	0.00236	0.00490
10	0.01542	0.01944	0.01178	0.01071	0.01288	0.79076	0.00804	0.01709	0.05555	0.01068	0.00707	0.00802	0.00582	0.00441	0.00382	0.00110	0.00735	0.00282	0.00228	0.00497
11	0.01003	0.01085	0.01242	0.61861	0.02466	0.23147	0.01072	0.01237	0.00935	0.01062	0.00721	0.01023	0.00555	0.00424	0.00409	0.00132	0.00614	0.00346	0.00195	0.00472
12	0.00603	0.00439	0.00617	0.00617	0.00672	0.00494	0.00453	0.00713	0.00658	0.00933	0.01179	0.01947	0.01179	0.25223	0.61666	0.00604	0.00933	0.00494	0.00233	0.00343

[dist]
# distance from previous block
# <min> <max>
0	3

[block]
# block no. 3 follows, 63 sequences, length 19
# corresponding to MSA columns:
# 462-480
name=unknown_D
#
# <colnr> <probs for GDERKNQSTAVLIFYWHMCP>
#	G	D	E	R	K	N	Q	S	T	A	V	L	I	F	Y	W	H	M	C	P
0	0.01271	0.03251	0.01073	0.00964	0.01137	0.56048	0.00735	0.01390	0.01023	0.01013	0.00777	0.01009	0.00682	0.01193	0.23382	0.00267	0.03790	0.00323	0.00217	0.00457
1	0.00964	0.01051	0.02017	0.01512	0.01772	0.01150	0.49915	0.01216	0.00857	0.01216	0.00734	0.01051	0.00604	0.00503	0.00840	0.00158	0.33267	0.00446	0.00201	0.00525
2	0.00497	0.00426	0.00426	0.00426	0.00568	0.00355	0.00319	0.00603	0.00958	0.01136	0.04259	0.04046	0.82433	0.01065	0.00497	0.00142	0.00213	0.00887	0.00390	0.00355
3	0.00818	0.00628	0.00685	0.00614	0.00789	0.00623	0.00477	0.22886	0.01248	0.01613	0.12274	0.13203	0.39074	0.00919	0.00482	0.00141	0.00288	0.02372	0.00407	0.00458
4	0.00835	0.00778	0.01059	0.00925	0.00925	0.01045	0.00736	0.00901	0.00635	0.00957	0.00765	0.01425	0.00821	0.24067	0.01589	0.00246	0.61247	0.00435	0.00203	0.00403
5	0.00656	0.00469	0.00653	0.00750	0.00837	0.00466	0.00641	0.00834	0.00947	0.01234	0.02237	0.15026	0.02466	0.01181	0.00575	0.00191	0.00369	0.69699	0.00387	0.00381
6	0.00601	0.00426	0.00535	0.00517	0.00590	0.00402	0.00367	0.00742	0.01016	0.01416	0.55084	0.03117	0.04851	0.24173	0.00953	0.00211	0.00264	0.03975	0.00401	0.00356
7	0.01270	0.00939	0.01032	0.00856	0.01101	0.01025	0.00679	0.54931	0.05708	0.02169	0.01406	0.24218	0.01314	0.00732	0.00453	0.00139	0.00396	0.00609	0.00413	0.00609
8	0.01654	0.00767	0.00969	0.00778	0.01079	0.00736	0.00631	0.02100	0.23472	0.60490	0.01673	0.01469	0.01108	0.00534	0.00424	0.00134	0.00351	0.00437	0.00495	0.00702
9	0.01653	0.00794	0.01177	0.01254	0.23587	0.00723	0.00804	0.01839	0.01135	0.60383	0.01419	0.01323	0.00937	0.00480	0.00421	0.00129	0.00397	0.00409	0.00434	0.00702
10	0.01227	0.01436	0.01055	0.01048	0.06784	0.51285	0.00747	0.01361	0.01027	0.01064	0.02801	0.01098	0.00784	0.01192	0.23353	0.00267	0.00818	0.00342	0.01849	0.00465
11	0.64115	0.00902	0.01132	0.00889	0.01195	0.00976	0.22719	0.01266	0.00792	0.01737	0.00659	0.00807	0.00506	0.00380	0.00325	0.00133	0.00431	0.00302	0.00247	0.00486
12	0.25720	0.00742	0.00877	0.00694	0.01001	0.00708	0.00573	0.01824	0.01068	0.60525	0.01362	0.01224	0.00879	0.00484	0.00378	0.00130	0.00349	0.00369	0.00448	0.00644
13	0.00884	0.01887	0.60800	0.01357	0.01924	0.01000	0.23513	0.01336	0.00916	0.01336	0.00781	0.00956	0.00562	0.00387	0.00426	0.00136	0.00645	0.00362	0.00187	0.00606
14	0.01031	0.33261	0.24380	0.01183	0.01633	0.01251	0.26228	0.01333	0.00919	0.03974	0.00751	0.00903	0.00586	0.00374	0.00382	0.00119	0.00575	0.00340	0.00201	0.00576
15	0.00579	0.00414	0.00457	0.00457	0.00499	0.00397	0.00282	0.00614	0.00709	0.00909	0.02128	0.03071	0.23853	0.59178	0.04471	0.00343	0.00378	0.00682	0.00291	0.00287
16	0.00601	0.00450	0.00676	0.00676	0.00751	0.00525	0.00525	0.00751	0.00676	0.00976	0.01126	0.01651	0.01051	0.03153	0.83560	0.00676	0.01126	0.00450	0.00225	0.00375
17	0.01283	0.00998	0.01198	0.23930	0.01699	0.01138	0.00872	0.42847	0.16099	0.04017	0.01080	0.01152	0.00783	0.00494	0.00422	0.00133	0.00464	0.00396	0.00360	0.00637
18	0.00957	0.01224	0.23591	0.00925	0.01262	0.00984	0.00890	0.01886	0.54430	0.01613	0.03220	0.01517	0.04535	0.00550	0.00424	0.00140	0.00405	0.00453	0.00358	0.00635

[dist]
# distance from previous block
# <min> <max>
0	7

[block]
# block no. 4 follows, 63 sequences, length 73
# corresponding to MSA columns:
# 488-560
name=unknown_E
#
# <colnr> <probs for GDERKNQSTAVLIFYWHMCP>
#	G	D	E	R	K	N	Q	S	T	A	V	L	I	F	Y	W	H	M	C	P
0	0.00847	0.02129	0.79826	0.01206	0.01811	0.00985	0.02960	0.01325	0.00884	0.01325	0.00752	0.00893	0.00535	0.00406	0.00422	0.00134	0.02451	0.00315	0.00178	0.00617
1	0.03271	0.66197	0.18795	0.00814	0.01225	0.01504	0.00884	0.01273	0.00858	0.01082	0.00619	0.00718	0.00536	0.00369	0.00296	0.00100	0.00482	0.00243	0.00181	0.00554
2	0.00920	0.00920	0.01288	0.01104	0.01104	0.01288	0.00920	0.01012	0.00644	0.01012	0.00552	0.00920	0.00552	0.00736	0.01380	0.00184	0.84457	0.00368	0.00184	0.00460
3	0.01711	0.02026	0.01056	0.00815	0.01125	0.05986	0.01811	0.14235	0.05395	0.56069	0.04293	0.01375	0.01061	0.00522	0.00421	0.00128	0.00399	0.00419	0.00470	0.00683
4	0.00825	0.00432	0.00436	0.00421	0.00531	0.00438	0.00319	0.05039	0.00937	0.01622	0.01353	0.01539	0.01059	0.00491	0.00300	0.00099	0.00209	0.00391	0.83150	0.00408
5	0.00794	0.00747	0.01261	0.84216	0.02895	0.00934	0.01167	0.01074	0.00841	0.01074	0.00747	0.01121	0.00560	0.00420	0.00420	0.00140	0.00560	0.00374	0.00187	0.00467
6	0.01547	0.01151	0.01256	0.05178	0.01380	0.01280	0.00815	0.75694	0.03389	0.02553	0.01009	0.01025	0.00718	0.00502	0.00421	0.00127	0.00465	0.00380	0.00409	0.00701
7	0.00843	0.02174	0.83048	0.01198	0.01819	0.00976	0.01553	0.01331	0.00888	0.01331	0.00754	0.00888	0.00533	0.00399	0.00399	0.00133	0.00621	0.00311	0.00178	0.00621
8	0.78196	0.05130	0.00724	0.00582	0.00845	0.03104	0.00483	0.03090	0.00766	0.01831	0.00609	0.00706	0.00477	0.00394	0.00268	0.00127	0.00344	0.00235	0.01623	0.00465
9	0.00596	0.00433	0.00565	0.00547	0.00646	0.00401	0.00417	0.00788	0.01155	0.01616	0.70925	0.04819	0.06997	0.00902	0.00504	0.00139	0.00216	0.07490	0.00452	0.00393
10	0.05695	0.18209	0.49472	0.01039	0.01536	0.01116	0.03768	0.07371	0.02310	0.01415	0.03841	0.00948	0.00689	0.00418	0.00375	0.00124	0.00542	0.00320	0.00217	0.00594
11	0.00542	0.00397	0.00522	0.00601	0.00642	0.00381	0.00419	0.00652	0.02349	0.01131	0.06552	0.69799	0.05819	0.01251	0.00546	0.00169	0.01526	0.05957	0.00391	0.00355
12	0.01886	0.00715	0.00976	0.00748	0.01073	0.00618	0.00618	0.02049	0.01203	0.82895	0.01658	0.01431	0.01041	0.00520	0.00423	0.00130	0.00358	0.00423	0.00520	0.00715
13	0.00819	0.00778	0.01336	0.71207	0.10238	0.00932	0.04528	0.01094	0.00857	0.01113	0.00792	0.03049	0.00625	0.00434	0.00426	0.00139	0.00554	0.00398	0.00195	0.00487
14	0.00901	0.09687	0.67550	0.01133	0.01698	0.01040	0.03040	0.05347	0.00944	0.01362	0.00851	0.00967	0.02820	0.00419	0.00393	0.00129	0.00588	0.00326	0.00197	0.00610
15	0.00512	0.00368	0.00486	0.00580	0.00608	0.00342	0.00388	0.00586	0.00810	0.01075	0.02379	0.82354	0.05338	0.01309	0.00535	0.00170	0.00243	0.01185	0.00390	0.00342
16	0.01124	0.85479	0.02203	0.00719	0.01079	0.01663	0.00719	0.01259	0.00854	0.00989	0.00584	0.00674	0.00539	0.00360	0.00270	0.00090	0.00450	0.00225	0.00180	0.00539
17	0.00767	0.01737	0.00798	0.00732	0.00844	0.02745	0.00578	0.08131	0.03095	0.02258	0.05204	0.01593	0.01131	0.02468	0.61253	0.00531	0.05000	0.00448	0.00262	0.00429
18	0.01185	0.01256	0.01567	0.02170	0.60452	0.21796	0.01160	0.03031	0.01037	0.01313	0.00760	0.00969	0.00636	0.00392	0.00407	0.00121	0.00564	0.00348	0.00215	0.00622
19	0.01834	0.00799	0.01027	0.00788	0.01115	0.00742	0.00651	0.16334	0.01343	0.68412	0.01541	0.01355	0.00982	0.00517	0.00422	0.00129	0.00377	0.00415	0.00502	0.00715
20	0.01872	0.00739	0.00990	0.00759	0.01085	0.00653	0.00627	0.06054	0.01242	0.78834	0.01626	0.01409	0.01024	0.00520	0.00423	0.00130	0.00363	0.00421	0.00515	0.00715
21	0.01757	0.02800	0.04466	0.00803	0.01140	0.00774	0.00688	0.14200	0.03544	0.62996	0.01498	0.01330	0.00964	0.00511	0.00418	0.00129	0.00386	0.00408	0.00480	0.00706
22	0.01840	0.00790	0.01022	0.00783	0.01110	0.00728	0.00647	0.14771	0.01327	0.69997	0.01554	0.01363	0.00988	0.00518	0.00422	0.00129	0.00375	0.00416	0.00504	0.00715
23	0.00730	0.00365	0.00548	0.00548	0.00548	0.00365	0.00365	0.00548	0.00548	0.00730	0.00730	0.01278	0.00730	0.01460	0.01643	0.87769	0.00365	0.00365	0.00183	0.00183
24	0.00569	0.00429	0.00527	0.00502	0.00612	0.00386	0.00377	0.00744	0.01130	0.01543	0.62056	0.03376	0.24382	0.00913	0.00496	0.00135	0.00202	0.00793	0.00444	0.00386
25	0.88196	0.00813	0.00618	0.00553	0.00813	0.00943	0.00455	0.01236	0.00715	0.01886	0.00585	0.00683	0.00455	0.00390	0.00260	0.00130	0.00325	0.00228	0.00260	0.00455
26	0.00920	0.00920	0.01288	0.01104	0.01104	0.01288	0.00920	0.01012	0.00644	0.01012	0.00552	0.00920	0.00552	0.00736	0.01380	0.00184	0.84457	0.00368	0.00184	0.00460
27	0.00872	0.00747	0.00872	0.00623	0.00996	0.00560	0.00498	0.01058	0.00872	0.01370	0.00747	0.00872	0.00623	0.00311	0.00311	0.00062	0.00311	0.00249	0.00249	0.87796
28	0.00601	0.00450	0.00676	0.00676	0.00751	0.00525	0.00525	0.00751	0.00676	0.00976	0.01126	0.01651	0.01051	0.03153	0.83560	0.00676	0.01126	0.00450	0.00225	0.00375
29	0.00611	0.00409	0.00465	0.00465	0.00467	0.00411	0.00262	0.00615	0.00613	0.00820	0.01319	0.02720	0.01515	0.82943	0.04404	0.00415	0.00428	0.00607	0.00254	0.00258
30	0.01124	0.85479	0.02203	0.00719	0.01079	0.01663	0.00719	0.01259	0.00854	0.00989	0.00584	0.00674	0.00539	0.00360	0.00270	0.00090	0.00450	0.00225	0.00180	0.00539
31	0.00593	0.00428	0.00560	0.00530	0.00628	0.00395	0.00396	0.00788	0.01181	0.01671	0.80518	0.05045	0.03939	0.00870	0.00497	0.00133	0.00199	0.00770	0.00461	0.00395
32	0.00499	0.00426	0.00429	0.00428	0.00569	0.00356	0.00321	0.00607	0.00963	0.01147	0.05906	0.04027	0.80779	0.01060	0.00497	0.00142	0.00213	0.00885	0.00392	0.00356
33	0.01124	0.85479	0.02203	0.00719	0.01079	0.01663	0.00719	0.01259	0.00854	0.00989	0.00584	0.00674	0.00539	0.00360	0.00270	0.00090	0.00450	0.00225	0.00180	0.00539
34	0.01570	0.02004	0.01191	0.01083	0.01300	0.83539	0.00812	0.01679	0.01191	0.01029	0.00650	0.00758	0.00541	0.00433	0.00379	0.00108	0.00758	0.00271	0.00217	0.00487
35	0.01598	0.01177	0.01262	0.00967	0.01304	0.01304	0.00799	0.81202	0.01976	0.02649	0.01009	0.01009	0.00715	0.00505	0.00421	0.00126	0.00463	0.00378	0.00421	0.00715
36	0.01068	0.00976	0.01340	0.01084	0.01373	0.01066	0.20103	0.07084	0.57187	0.01716	0.01458	0.01428	0.01091	0.00514	0.00444	0.00141	0.00432	0.00474	0.00375	0.00645
37	0.01178	0.67790	0.07394	0.00796	0.01155	0.11624	0.00783	0.01333	0.00906	0.02907	0.00628	0.00716	0.00551	0.00375	0.00295	0.00096	0.00497	0.00241	0.00192	0.00543
38	0.00611	0.00408	0.00458	0.00458	0.00458	0.00408	0.00255	0.00611	0.00611	0.00815	0.01325	0.02751	0.01528	0.85226	0.02140	0.00408	0.00408	0.00611	0.00255	0.00255
39	0.00876	0.11842	0.73666	0.01143	0.01733	0.01056	0.01456	0.01323	0.00884	0.01292	0.00735	0.00863	0.00533	0.00395	0.00384	0.00128	0.00601	0.00301	0.00178	0.00612
40	0.15107	0.01059	0.02372	0.01112	0.13939	0.09221	0.00773	0.15012	0.26581	0.07750	0.01179	0.01182	0.01924	0.00486	0.00393	0.00131	0.00426	0.00383	0.00347	0.00622
41	0.01040	0.00999	0.01706	0.02580	0.82604	0.00999	0.01290	0.01290	0.00957	0.01373	0.00791	0.01040	0.00666	0.00375	0.00416	0.00125	0.00499	0.00375	0.00208	0.00666
42	0.00564	0.00444	0.00520	0.00553	0.00674	0.00400	0.00445	0.00705	0.00973	0.01213	0.08967	0.06307	0.48367	0.01089	0.00526	0.00159	0.00270	0.27060	0.00394	0.00368
43	0.01037	0.00991	0.00903	0.19545	0.05989	0.25525	0.00703	0.01229	0.00970	0.01284	0.00981	0.01194	0.00777	0.00451	0.00355	0.00112	0.00464	0.00350	0.36688	0.00453
44	0.00793	0.00741	0.01249	0.82842	0.02857	0.00925	0.01154	0.01065	0.00836	0.01068	0.00747	0.01123	0.00563	0.00437	0.00440	0.01579	0.00557	0.00373	0.00187	0.00462
45	0.00652	0.00466	0.00649	0.00746	0.00831	0.00462	0.00634	0.00828	0.00943	0.01230	0.02240	0.16908	0.02474	0.01185	0.00574	0.00190	0.00365	0.67855	0.00388	0.00380
46	0.00500	0.00422	0.00433	0.00438	0.00572	0.00355	0.00326	0.00607	0.00955	0.01147	0.06313	0.08965	0.75383	0.01074	0.00499	0.00143	0.00214	0.00902	0.00392	0.00355
47	0.08604	0.07344	0.41179	0.00954	0.01411	0.00929	0.01071	0.06838	0.01034	0.21262	0.04725	0.01099	0.00820	0.00453	0.00390	0.00129	0.00490	0.00350	0.00297	0.00620
48	0.01270	0.00735	0.00816	0.00667	0.00892	0.00762	0.00537	0.30182	0.01344	0.16511	0.03542	0.01385	0.01020	0.00511	0.00368	0.00115	0.00321	0.00403	0.38051	0.00567
49	0.00582	0.00429	0.00544	0.00515	0.00620	0.00391	0.00386	0.00768	0.01159	0.01612	0.71911	0.03261	0.14483	0.00887	0.00496	0.00134	0.00200	0.00777	0.00453	0.00391
50	0.00784	0.00392	0.00392	0.00392	0.00490	0.00392	0.00294	0.00980	0.00882	0.01567	0.01371	0.01567	0.01077	0.00490	0.00294	0.00098	0.00196	0.00392	0.87560	0.00392
51	0.00974	0.01094	0.02313	0.01676	0.02049	0.01069	0.71044	0.01295	0.00952	0.01306	0.00854	0.03064	0.00679	0.00416	0.00587	0.00147	0.09218	0.00499	0.00214	0.00551
52	0.01028	0.00986	0.01683	0.06858	0.78428	0.00995	0.01284	0.01279	0.00951	0.01358	0.00788	0.01045	0.00660	0.00377	0.00416	0.00126	0.00503	0.00375	0.00207	0.00655
53	0.00540	0.00398	0.00510	0.00576	0.00637	0.00368	0.00415	0.00649	0.00896	0.01181	0.12456	0.52276	0.15452	0.01202	0.00531	0.00164	0.00251	0.10742	0.00399	0.00356
54	0.75939	0.00797	0.00641	0.00566	0.00820	0.00910	0.00464	0.04545	0.00795	0.04556	0.00691	0.00780	0.00527	0.00406	0.00274	0.00128	0.00323	0.00251	0.06118	0.00470
55	0.00504	0.00418	0.00441	0.00452	0.00577	0.00355	0.00333	0.00611	0.00951	0.01158	0.08310	0.14525	0.67745	0.01086	0.00502	0.00145	0.00216	0.00920	0.00394	0.00355
56	0.01138	0.82798	0.02170	0.00731	0.01086	0.04293	0.00722	0.01272	0.00865	0.00990	0.00587	0.00677	0.00540	0.00362	0.00273	0.00091	0.00459	0.00226	0.00181	0.00538
57	0.00964	0.00830	0.00873	0.00792	0.01014	0.00941	0.00614	0.01989	0.69506	0.01674	0.03555	0.01930	0.12204	0.00642	0.00438	0.00142	0.00314	0.00536	0.00423	0.00619
58	0.85798	0.00810	0.00628	0.00558	0.00820	0.00934	0.00460	0.01258	0.00729	0.04136	0.00615	0.00704	0.00472	0.00394	0.00265	0.00130	0.00326	0.00233	0.00267	0.00462
59	0.03314	0.83350	0.02163	0.00715	0.01072	0.01645	0.00713	0.01258	0.00851	0.01012	0.00584	0.00675	0.00537	0.00360	0.00269	0.00091	0.00446	0.00225	0.00182	0.00537
60	0.00794	0.00747	0.01261	0.84216	0.02895	0.00934	0.01167	0.01074	0.00841	0.01074	0.00747	0.01121	0.00560	0.00420	0.00420	0.00140	0.00560	0.00374	0.00187	0.00467
61	0.00512	0.00366	0.00488	0.00585	0.00610	0.00341	0.00390	0.00585	0.00805	0.01073	0.02317	0.84952	0.02780	0.01317	0.00537	0.00171	0.00244	0.01195	0.00390	0.00341
62	0.00812	0.00715	0.00965	0.20763	0.01407	0.08408	0.08284	0.02286	0.00907	0.05262	0.01591	0.43417	0.01713	0.00874	0.00482	0.00152	0.00421	0.00793	0.00315	0.00432
63	0.01225	0.01912	0.01092	0.04751	0.14242	0.00831	0.02069	0.05182	0.21028	0.25255	0.11836	0.01639	0.03797	0.00564	0.00458	0.00134	0.02486	0.00478	0.00399	0.00621
64	0.01463	0.01564	0.01156	0.01005	0.01256	0.45681	0.00777	0.21014	0.18968	0.01579	0.00968	0.00995	0.00745	0.00480	0.00400	0.00120	0.00594	0.00341	0.00312	0.00581
65	0.01627	0.01131	0.01233	0.00945	0.01281	0.01235	0.00781	0.73275	0.01899	0.10686	0.01074	0.01051	0.00748	0.00506	0.00421	0.00127	0.00452	0.00383	0.00431	0.00715
66	0.00857	0.00806	0.01351	0.61975	0.22042	0.00944	0.01177	0.01145	0.02245	0.01165	0.00783	0.01115	0.00605	0.00413	0.00418	0.00136	0.00537	0.00376	0.01395	0.00517
67	0.01040	0.00999	0.01706	0.02580	0.82604	0.00999	0.01290	0.01290	0.00957	0.01373	0.00791	0.01040	0.00666	0.00375	0.00416	0.00125	0.00499	0.00375	0.00208	0.00666
68	0.00659	0.00550	0.00805	0.22059	0.01260	0.00624	0.00655	0.00826	0.00914	0.01256	0.26571	0.28004	0.02313	0.00876	0.00595	0.00152	0.10389	0.00751	0.00336	0.00405
69	0.01040	0.00999	0.01706	0.02580	0.82604	0.00999	0.01290	0.01290	0.00957	0.01373	0.00791	0.01040	0.00666	0.00375	0.00416	0.00125	0.00499	0.00375	0.00208	0.00666
70	0.00616	0.00410	0.00486	0.00486	0.00493	0.00418	0.00288	0.00623	0.00615	0.00827	0.01274	0.02562	0.01438	0.72473	0.10561	0.04857	0.00480	0.00582	0.00248	0.00264
71	0.00522	0.00380	0.00508	0.00598	0.00622	0.00365	0.00404	0.00596	0.00801	0.01072	0.02272	0.82824	0.02724	0.01302	0.00558	0.00171	0.02376	0.01174	0.00385	0.00344
72	0.00590	0.00430	0.00555	0.00524	0.00625	0.00395	0.00393	0.00784	0.01178	0.01658	0.78423	0.03186	0.07943	0.00870	0.00496	0.00133	0.00199	0.00767	0.00459	0.00395

[dist]
# distance from previous block
# <min> <max>
7	8

[block]
# block no. 5 follows, 63 sequences, length 21
# corresponding to MSA columns:
# 569-589
name=unknown_F
#
# <colnr> <probs for GDERKNQSTAVLIFYWHMCP>
#	G	D	E	R	K	N	Q	S	T	A	V	L	I	F	Y	W	H	M	C	P
0	0.02021	0.02565	0.30837	0.00969	0.03519	0.02238	0.04329	0.04117	0.00991	0.09715	0.13629	0.10231	0.02526	0.00615	0.00492	0.00137	0.05845	0.00509	0.04175	0.00539
1	0.00611	0.00408	0.00458	0.00458	0.00458	0.00408	0.00255	0.00611	0.00611	0.00815	0.01325	0.02751	0.01528	0.85226	0.02140	0.00408	0.00408	0.00611	0.00255	0.00255
2	0.00872	0.00747	0.00872	0.00623	0.00996	0.00560	0.00498	0.01058	0.00872	0.01370	0.00747	0.00872	0.00623	0.00311	0.00311	0.00062	0.00311	0.00249	0.00249	0.87796
3	0.01021	0.02153	0.01038	0.05323	0.02613	0.00689	0.04162	0.07117	0.00987	0.08441	0.00848	0.00955	0.00662	0.00353	0.00344	0.00082	0.00363	0.00293	0.00278	0.62277
4	0.00611	0.00411	0.00474	0.00474	0.00479	0.00416	0.00274	0.00621	0.00616	0.00826	0.01311	0.02674	0.01495	0.79478	0.07842	0.00426	0.00458	0.00600	0.00253	0.00263
5	0.00988	0.01120	0.02404	0.01729	0.02127	0.01078	0.75924	0.01325	0.00970	0.01325	0.00831	0.01120	0.00632	0.00379	0.00553	0.00144	0.06093	0.00488	0.00211	0.00560
6	0.01153	0.80113	0.02138	0.00743	0.01093	0.06927	0.00725	0.01286	0.00876	0.00992	0.00589	0.00680	0.00540	0.00364	0.00277	0.00091	0.00469	0.00228	0.00182	0.00536
7	0.00611	0.00408	0.00458	0.00458	0.00458	0.00408	0.00255	0.00611	0.00611	0.00815	0.01325	0.02751	0.01528	0.85226	0.02140	0.00408	0.00408	0.00611	0.00255	0.00255
8	0.01090	0.62215	0.19771	0.00846	0.01254	0.06514	0.00907	0.01300	0.00882	0.01066	0.00625	0.00726	0.00538	0.00373	0.00305	0.00100	0.00506	0.00246	0.00182	0.00554
9	0.00595	0.00430	0.00562	0.00529	0.00628	0.00397	0.00397	0.00793	0.01190	0.01686	0.82382	0.03140	0.03966	0.00859	0.00496	0.00132	0.00198	0.00760	0.00463	0.00397
10	0.00627	0.00657	0.11291	0.00616	0.00783	0.00472	0.00547	0.00863	0.01151	0.01640	0.71765	0.02847	0.03520	0.00800	0.00483	0.00132	0.00253	0.00702	0.00426	0.00426
11	0.00920	0.00920	0.01288	0.01104	0.01104	0.01288	0.00920	0.01012	0.00644	0.01012	0.00552	0.00920	0.00552	0.00736	0.01380	0.00184	0.84457	0.00368	0.00184	0.00460
12	0.01315	0.07488	0.01249	0.01032	0.01203	0.50315	0.00810	0.01482	0.05433	0.01060	0.00701	0.00874	0.00607	0.00627	0.04301	0.00152	0.20335	0.00309	0.00218	0.00489
13	0.00601	0.00450	0.00676	0.00676	0.00751	0.00525	0.00525	0.00751	0.00676	0.00976	0.01126	0.01651	0.01051	0.03153	0.83560	0.00676	0.01126	0.00450	0.00225	0.00375
14	0.00512	0.00366	0.00488	0.00585	0.00610	0.00341	0.00390	0.00585	0.00805	0.01073	0.02317	0.84952	0.02780	0.01317	0.00537	0.00171	0.00244	0.01195	0.00390	0.00341
15	0.00944	0.01038	0.02143	0.01569	0.01927	0.01004	0.64829	0.01303	0.05264	0.01326	0.01074	0.07114	0.02978	0.00472	0.00541	0.00146	0.04993	0.00548	0.00240	0.00545
16	0.01539	0.01129	0.01180	0.00929	0.01242	0.04946	0.00758	0.60535	0.10715	0.08856	0.01131	0.01107	0.00805	0.00510	0.00417	0.00127	0.00447	0.00388	0.02551	0.00691
17	0.02708	0.08077	0.01265	0.02741	0.06661	0.36890	0.00802	0.17901	0.06954	0.08664	0.00903	0.00965	0.00692	0.00518	0.02334	0.00130	0.00589	0.00329	0.00297	0.00579
18	0.22856	0.01103	0.00932	0.00821	0.01031	0.20041	0.00646	0.12745	0.13534	0.01642	0.08275	0.02567	0.01066	0.02731	0.00498	0.00140	0.06555	0.01981	0.00316	0.00519
19	0.00892	0.03802	0.01031	0.07312	0.03101	0.00677	0.03979	0.03830	0.00918	0.01366	0.00912	0.01045	0.04252	0.00365	0.00341	0.00080	0.00358	0.00304	0.00251	0.65185
20	0.01176	0.01228	0.01479	0.12357	0.34774	0.22105	0.05875	0.08810	0.01084	0.01344	0.00780	0.01000	0.00634	0.00508	0.03264	0.00144	0.02273	0.00358	0.00228	0.00579

[dist]
# distance from previous block
# <min> <max>
0	1

[block]
# block no. 6 follows, 63 sequences, length 28
# corresponding to MSA columns:
# 591-618
name=unknown_G
#
# <colnr> <probs for GDERKNQSTAVLIFYWHMCP>
#	G	D	E	R	K	N	Q	S	T	A	V	L	I	F	Y	W	H	M	C	P
0	0.00992	0.01134	0.02481	0.01772	0.02197	0.01063	0.81077	0.01347	0.00992	0.01347	0.00850	0.01134	0.00638	0.00354	0.00496	0.00142	0.00709	0.00496	0.00213	0.00567
1	0.01462	0.00637	0.00850	0.00686	0.00939	0.00568	0.00553	0.01677	0.04469	0.55074	0.26046	0.01953	0.01934	0.00625	0.00445	0.00131	0.00309	0.00527	0.00499	0.00617
2	0.00794	0.00747	0.01261	0.84216	0.02895	0.00934	0.01167	0.01074	0.00841	0.01074	0.00747	0.01121	0.00560	0.00420	0.00420	0.00140	0.00560	0.00374	0.00187	0.00467
3	0.00512	0.00366	0.00488	0.00585	0.00610	0.00341	0.00390	0.00585	0.00805	0.01073	0.02317	0.84952	0.02780	0.01317	0.00537	0.00171	0.00244	0.01195	0.00390	0.00341
4	0.00794	0.00747	0.01261	0.84216	0.02895	0.00934	0.01167	0.01074	0.00841	0.01074	0.00747	0.01121	0.00560	0.00420	0.00420	0.00140	0.00560	0.00374	0.00187	0.00467
5	0.01040	0.00999	0.01706	0.02580	0.82604	0.00999	0.01290	0.01290	0.00957	0.01373	0.00791	0.01040	0.00666	0.00375	0.00416	0.00125	0.00499	0.00375	0.00208	0.00666
6	0.00794	0.00747	0.01261	0.84216	0.02895	0.00934	0.01167	0.01074	0.00841	0.01074	0.00747	0.01121	0.00560	0.00420	0.00420	0.00140	0.00560	0.00374	0.00187	0.00467
7	0.88196	0.00813	0.00618	0.00553	0.00813	0.00943	0.00455	0.01236	0.00715	0.01886	0.00585	0.00683	0.00455	0.00390	0.00260	0.00130	0.00325	0.00228	0.00260	0.00455
8	0.00992	0.01134	0.02481	0.01772	0.02197	0.01063	0.81077	0.01347	0.00992	0.01347	0.00850	0.01134	0.00638	0.00354	0.00496	0.00142	0.00709	0.00496	0.00213	0.00567
9	0.01131	0.01177	0.01600	0.04426	0.65586	0.16171	0.01199	0.01356	0.00997	0.01302	0.00764	0.00991	0.00640	0.00387	0.00409	0.00122	0.00549	0.00355	0.00209	0.00628
10	0.77792	0.00956	0.00687	0.00616	0.00871	0.10863	0.00498	0.01289	0.00773	0.01783	0.00593	0.00692	0.00466	0.00395	0.00274	0.00127	0.00377	0.00233	0.00255	0.00459
11	0.00919	0.00924	0.01233	0.03128	0.01128	0.04820	0.00889	0.01021	0.00675	0.01011	0.00608	0.00978	0.00592	0.00913	0.08043	0.00220	0.71885	0.00371	0.00189	0.00454
12	0.00703	0.00379	0.00554	0.00554	0.00562	0.00388	0.00373	0.00578	0.00569	0.00767	0.00836	0.01468	0.00847	0.09998	0.11263	0.68896	0.00458	0.00400	0.00195	0.00212
13	0.01553	0.01165	0.01233	0.00961	0.01284	0.03061	0.00792	0.74968	0.03609	0.02546	0.01059	0.01147	0.00783	0.00528	0.00425	0.00128	0.00464	0.03180	0.00415	0.00697
14	0.00601	0.00450	0.00676	0.00676	0.00751	0.00525	0.00525	0.00751	0.00676	0.00976	0.01126	0.01651	0.01051	0.03153	0.83560	0.00676	0.01126	0.00450	0.00225	0.00375
15	0.00577	0.00496	0.00503	0.00489	0.00645	0.00456	0.00370	0.00842	0.12779	0.01227	0.03886	0.03684	0.70574	0.00992	0.00487	0.00142	0.00230	0.00827	0.00396	0.00400
16	0.00922	0.00927	0.01328	0.01126	0.01140	0.01280	0.03606	0.01023	0.00655	0.01023	0.00562	0.00927	0.00555	0.00723	0.01350	0.00183	0.81651	0.00372	0.00185	0.00463
17	0.01046	0.00903	0.00951	0.00855	0.01093	0.01046	0.00665	0.02234	0.81845	0.01759	0.01711	0.01568	0.01283	0.00570	0.00428	0.00143	0.00333	0.00475	0.00428	0.00665
18	0.00570	0.00474	0.00589	0.00560	0.00693	0.00427	0.04216	0.00750	0.04269	0.01283	0.20249	0.14172	0.46045	0.01003	0.00501	0.00145	0.00247	0.03022	0.00399	0.00386
19	0.00794	0.00747	0.01261	0.84216	0.02895	0.00934	0.01167	0.01074	0.00841	0.01074	0.00747	0.01121	0.00560	0.00420	0.00420	0.00140	0.00560	0.00374	0.00187	0.00467
20	0.00865	0.00820	0.01389	0.60720	0.25836	0.00953	0.01203	0.01136	0.00874	0.01160	0.00760	0.01098	0.00591	0.00407	0.00419	0.00136	0.00543	0.00374	0.00193	0.00524
21	0.00862	0.00774	0.01100	0.00801	0.01140	0.00629	0.14332	0.01056	0.00862	0.01301	0.00833	0.01137	0.00732	0.10285	0.00558	0.00116	0.00391	0.00334	0.00243	0.62515
22	0.01071	0.02633	0.01425	0.15245	0.27932	0.17866	0.03028	0.01260	0.00913	0.01164	0.00721	0.01020	0.00622	0.00485	0.00624	0.00137	0.19341	0.01613	0.00204	0.02697
23	0.00708	0.00623	0.01000	0.00836	0.01039	0.00563	0.17351	0.00912	0.00996	0.01358	0.21157	0.10717	0.13659	0.00807	0.00490	0.00141	0.00360	0.14704	0.00351	0.12229
24	0.00952	0.00811	0.01016	0.10439	0.04057	0.03924	0.00737	0.02831	0.08699	0.03539	0.00929	0.01142	0.00759	0.00539	0.00691	0.00133	0.27728	0.00365	0.17586	0.13124
25	0.70533	0.05576	0.00789	0.00641	0.00900	0.13327	0.00523	0.01303	0.00794	0.01709	0.00595	0.00694	0.00473	0.00395	0.00278	0.00125	0.00397	0.00234	0.00249	0.00465
26	0.23810	0.01044	0.01951	0.01427	0.01804	0.01031	0.57751	0.01342	0.03165	0.01499	0.00805	0.01028	0.00608	0.00370	0.00432	0.00139	0.00598	0.00425	0.00231	0.00540
27	0.00969	0.00803	0.01277	0.00990	0.01245	0.00792	0.23840	0.15996	0.04106	0.05601	0.32035	0.02041	0.05625	0.00671	0.01951	0.00144	0.00425	0.00587	0.00377	0.00527

[dist]
# distance from previous block
# <min> <max>
0	1

[block]
# block no. 7 follows, 63 sequences, length 65
# corresponding to MSA columns:
# 621-653,657-688
name=unknown_H
#
# <colnr> <probs for GDERKNQSTAVLIFYWHMCP>
#	G	D	E	R	K	N	Q	S	T	A	V	L	I	F	Y	W	H	M	C	P
0	0.00538	0.00427	0.00484	0.00470	0.00593	0.00373	0.00352	0.00684	0.01056	0.01369	0.37372	0.03662	0.49174	0.00978	0.00496	0.00138	0.00207	0.00833	0.00421	0.00373
1	0.00843	0.02174	0.83048	0.01198	0.01819	0.00976	0.01553	0.01331	0.00888	0.01331	0.00754	0.00888	0.00533	0.00399	0.00399	0.00133	0.00621	0.00311	0.00178	0.00621
2	0.00604	0.00439	0.00569	0.00535	0.00637	0.00409	0.00402	0.00821	0.02717	0.01687	0.80855	0.03110	0.03916	0.00854	0.00495	0.00132	0.00201	0.00755	0.00462	0.00402
3	0.00998	0.00955	0.01629	0.16756	0.68763	0.00988	0.01269	0.01253	0.00937	0.01321	0.00783	0.01054	0.00648	0.00382	0.00417	0.00127	0.00510	0.00374	0.00204	0.00631
4	0.01046	0.00903	0.00951	0.00855	0.01093	0.01046	0.00665	0.02234	0.81845	0.01759	0.01711	0.01568	0.01283	0.00570	0.00428	0.00143	0.00333	0.00475	0.00428	0.00665
5	0.00990	0.01127	0.02451	0.01751	0.02175	0.01054	0.79612	0.01341	0.00990	0.01347	0.00849	0.01129	0.00638	0.00354	0.00493	0.00140	0.00701	0.00492	0.00213	0.02153
6	0.00518	0.00381	0.00487	0.00567	0.00614	0.00350	0.00391	0.00604	0.00844	0.01104	0.04436	0.67215	0.15271	0.01261	0.00531	0.00166	0.00244	0.04276	0.00392	0.00347
7	0.01125	0.00993	0.00992	0.00879	0.01124	0.06040	0.00686	0.08993	0.70113	0.01791	0.01587	0.01471	0.01190	0.00556	0.00424	0.00139	0.00370	0.00455	0.00414	0.00659
8	0.00946	0.00898	0.01298	0.01096	0.01133	0.01208	0.04724	0.01056	0.00702	0.04320	0.03222	0.02224	0.00715	0.00721	0.01259	0.00178	0.73216	0.00400	0.00211	0.00471
9	0.00794	0.00747	0.01261	0.84216	0.02895	0.00934	0.01167	0.01074	0.00841	0.01074	0.00747	0.01121	0.00560	0.00420	0.00420	0.00140	0.00560	0.00374	0.00187	0.00467
10	0.01124	0.85479	0.02203	0.00719	0.01079	0.01663	0.00719	0.01259	0.00854	0.00989	0.00584	0.00674	0.00539	0.00360	0.00270	0.00090	0.00450	0.00225	0.00180	0.00539
11	0.00601	0.00450	0.00676	0.00676	0.00751	0.00525	0.00525	0.00751	0.00676	0.00976	0.01126	0.01651	0.01051	0.03153	0.83560	0.00676	0.01126	0.00450	0.00225	0.00375
12	0.00591	0.00500	0.00610	0.00623	0.00722	0.03718	0.04146	0.00707	0.00914	0.01154	0.07077	0.40015	0.28178	0.01117	0.00518	0.00158	0.00287	0.08216	0.00379	0.00369
13	0.01541	0.01955	0.01196	0.01084	0.01291	0.79876	0.00817	0.01649	0.01167	0.01028	0.00645	0.00765	0.00542	0.00447	0.00424	0.00112	0.04486	0.00275	0.00215	0.00486
14	0.00591	0.00432	0.00603	0.00682	0.00749	0.00416	0.01940	0.00722	0.00883	0.01159	0.02313	0.46425	0.05105	0.01225	0.00554	0.00179	0.00313	0.34958	0.00386	0.00365
15	0.00534	0.00401	0.00580	0.00640	0.00683	0.00375	0.04125	0.00621	0.00814	0.01086	0.02249	0.81072	0.02681	0.01272	0.00535	0.00169	0.00265	0.01163	0.00382	0.00352
16	0.01573	0.00839	0.01045	0.00818	0.01135	0.02161	0.03182	0.11067	0.15440	0.47541	0.01462	0.01332	0.00984	0.00500	0.00414	0.00125	0.00379	0.00410	0.00451	0.09141
17	0.00992	0.01134	0.02481	0.01772	0.02197	0.01063	0.81077	0.01347	0.00992	0.01347	0.00850	0.01134	0.00638	0.00354	0.00496	0.00142	0.00709	0.00496	0.00213	0.00567
18	0.00894	0.00795	0.01334	0.51458	0.23856	0.00900	0.02526	0.01155	0.00905	0.04463	0.04605	0.02278	0.00803	0.00444	0.00424	0.00135	0.00512	0.00407	0.01583	0.00526
19	0.01124	0.85479	0.02203	0.00719	0.01079	0.01663	0.00719	0.01259	0.00854	0.00989	0.00584	0.00674	0.00539	0.00360	0.00270	0.00090	0.00450	0.00225	0.00180	0.00539
20	0.01156	0.53329	0.09833	0.00948	0.06785	0.08469	0.00849	0.02539	0.04524	0.04383	0.00719	0.00810	0.00604	0.00401	0.00352	0.00106	0.03143	0.00273	0.00213	0.00564
21	0.01649	0.01000	0.01126	0.00878	0.01196	0.02893	0.00719	0.45367	0.05729	0.31227	0.01297	0.02954	0.00900	0.00529	0.00423	0.00129	0.00421	0.00414	0.00451	0.00700
22	0.00920	0.00920	0.01288	0.01104	0.01104	0.01288	0.00920	0.01012	0.00644	0.01012	0.00552	0.00920	0.00552	0.00736	0.01380	0.00184	0.84457	0.00368	0.00184	0.00460
23	0.00606	0.00407	0.00468	0.00473	0.00477	0.00409	0.00271	0.00615	0.00623	0.00834	0.01366	0.06766	0.01573	0.78065	0.05058	0.00406	0.00426	0.00634	0.00260	0.00263
24	0.01039	0.00901	0.00978	0.00916	0.04345	0.01026	0.00684	0.02153	0.75633	0.01729	0.01639	0.01522	0.01234	0.00553	0.00423	0.00139	0.00339	0.00463	0.00412	0.03873
25	0.00506	0.00426	0.00439	0.00436	0.00574	0.00359	0.00327	0.00622	0.00981	0.01189	0.11785	0.03958	0.74874	0.01045	0.00497	0.00141	0.00212	0.00875	0.00397	0.00359
26	0.00612	0.00448	0.00589	0.00585	0.00623	0.00493	0.00409	0.00687	0.00663	0.00917	0.01366	0.05913	0.04568	0.39470	0.36438	0.00490	0.04587	0.00569	0.00250	0.00323
27	0.01040	0.00999	0.01706	0.02580	0.82604	0.00999	0.01290	0.01290	0.00957	0.01373	0.00791	0.01040	0.00666	0.00375	0.00416	0.00125	0.00499	0.00375	0.00208	0.00666
28	0.00928	0.00873	0.01454	0.26640	0.49581	0.00933	0.01162	0.01211	0.04142	0.01278	0.00927	0.07292	0.00816	0.00466	0.00427	0.00133	0.00492	0.00439	0.00224	0.00583
29	0.00794	0.00747	0.01261	0.84216	0.02895	0.00934	0.01167	0.01074	0.00841	0.01074	0.00747	0.01121	0.00560	0.00420	0.00420	0.00140	0.00560	0.00374	0.00187	0.00467
30	0.00794	0.00747	0.01261	0.84216	0.02895	0.00934	0.01167	0.01074	0.00841	0.01074	0.00747	0.01121	0.00560	0.00420	0.00420	0.00140	0.00560	0.00374	0.00187	0.00467
31	0.00784	0.00392	0.00392	0.00392	0.00490	0.00392	0.00294	0.00980	0.00882	0.01567	0.01371	0.01567	0.01077	0.00490	0.00294	0.00098	0.00196	0.00392	0.87560	0.00392
32	0.00611	0.00408	0.00458	0.00458	0.00458	0.00408	0.00255	0.00611	0.00611	0.00815	0.01325	0.02751	0.01528	0.85226	0.02140	0.00408	0.00408	0.00611	0.00255	0.00255
33	0.00508	0.00382	0.00471	0.00541	0.00598	0.00345	0.00371	0.00590	0.00847	0.01090	0.02855	0.62520	0.24865	0.01247	0.00526	0.00163	0.00235	0.01110	0.00390	0.00345
