[name]
unknown

[dist]
# distance from previous block
# <min> <max>
0	28

[block]
# block no. 0 follows, 54 sequences, length 10
# corresponding to MSA columns:
# 30-39
name=unknown_A
#
# <colnr> <probs for GDERKNQSTAVLIFYWHMCP>
#	G	D	E	R	K	N	Q	S	T	A	V	L	I	F	Y	W	H	M	C	P
0	0.00833	0.00602	0.00706	0.00720	0.00847	0.02818	0.00558	0.01085	0.08013	0.06535	0.11779	0.16132	0.14865	0.09736	0.00767	0.00209	0.00360	0.22536	0.00438	0.00461
1	0.15934	0.00651	0.00649	0.02734	0.00763	0.03847	0.00429	0.04499	0.00843	0.01283	0.01447	0.14770	0.01604	0.46879	0.01533	0.00326	0.00436	0.00676	0.00315	0.00381
2	0.15874	0.01027	0.01080	0.00886	0.01178	0.01127	0.00715	0.38623	0.10825	0.04798	0.15145	0.03870	0.01545	0.00649	0.00461	0.00147	0.00413	0.00511	0.00453	0.00671
3	0.01028	0.15441	0.01241	0.00717	0.01134	0.00847	0.00602	0.01227	0.00974	0.01461	0.00806	0.00939	0.00682	0.00359	0.00341	0.00075	0.00377	0.00275	0.00266	0.71210
4	0.01241	0.01092	0.01500	0.40946	0.16375	0.04854	0.01196	0.23803	0.01353	0.01774	0.00927	0.01186	0.00699	0.00490	0.00469	0.00148	0.00595	0.00416	0.00291	0.00645
5	0.00591	0.00423	0.00562	0.00645	0.00687	0.00394	0.00439	0.00698	0.00979	0.01325	0.16279	0.69096	0.03353	0.01387	0.00594	0.00184	0.00265	0.01254	0.00452	0.00394
6	0.00675	0.00514	0.00688	0.00676	0.00752	0.00554	0.00502	0.00812	0.00900	0.01248	0.16933	0.07382	0.11064	0.15485	0.34575	0.00459	0.05338	0.00701	0.00339	0.00404
7	0.01252	0.00950	0.01549	0.09980	0.39534	0.00952	0.04692	0.03633	0.01145	0.15491	0.01338	0.01966	0.01145	0.00608	0.00504	0.00157	0.00527	0.13567	0.00334	0.00678
8	0.00703	0.02477	0.15421	0.00760	0.03583	0.00596	0.00680	0.00924	0.01061	0.01414	0.14496	0.06964	0.37763	0.03212	0.03760	0.00185	0.00383	0.00784	0.04359	0.00475
9	0.00799	0.00698	0.01087	0.00974	0.01067	0.00854	0.06650	0.00968	0.00776	0.01136	0.01075	0.01598	0.01000	0.02603	0.54915	0.00571	0.22041	0.00485	0.00240	0.00462

[dist]
# distance from previous block
# <min> <max>
3	10

[block]
# block no. 1 follows, 54 sequences, length 34
# corresponding to MSA columns:
# 50-68,76-90
name=unknown_B
#
# <colnr> <probs for GDERKNQSTAVLIFYWHMCP>
#	G	D	E	R	K	N	Q	S	T	A	V	L	I	F	Y	W	H	M	C	P
0	0.07621	0.12843	0.04550	0.04855	0.30904	0.03141	0.04361	0.07666	0.05705	0.06554	0.06488	0.01295	0.01022	0.00495	0.00441	0.00138	0.00515	0.00425	0.00306	0.00676
1	0.00987	0.05517	0.02610	0.03875	0.05070	0.02631	0.01934	0.09944	0.01153	0.04382	0.06678	0.12408	0.07117	0.06337	0.04488	0.00201	0.00465	0.13127	0.00370	0.10705
2	0.00674	0.00505	0.00758	0.00758	0.00842	0.00589	0.00589	0.00842	0.00758	0.01095	0.01263	0.01852	0.01179	0.03536	0.81561	0.00758	0.01263	0.00505	0.00253	0.00421
3	0.01031	0.01877	0.46051	0.04116	0.06315	0.05875	0.12930	0.04255	0.01117	0.01565	0.09376	0.01322	0.01045	0.00502	0.00477	0.00148	0.00653	0.00440	0.00254	0.00653
4	0.01121	0.00987	0.08113	0.03840	0.01359	0.00737	0.05187	0.01406	0.03468	0.11814	0.01107	0.01362	0.00888	0.00459	0.00412	0.00106	0.00428	0.04784	0.00322	0.52099
5	0.12558	0.09364	0.04605	0.03998	0.09588	0.22014	0.02289	0.04698	0.03088	0.02771	0.08908	0.07952	0.02088	0.00618	0.00478	0.00142	0.03487	0.00479	0.00306	0.00569
6	0.31142	0.01097	0.03941	0.05373	0.03608	0.07598	0.01871	0.13386	0.05571	0.07906	0.01855	0.02475	0.00802	0.00571	0.00480	0.05055	0.00468	0.00374	0.00337	0.06089
7	0.00700	0.00514	0.00746	0.00778	0.03136	0.00486	0.04929	0.00792	0.00904	0.02313	0.06572	0.45024	0.03933	0.13881	0.02488	0.06500	0.00373	0.03067	0.00379	0.02485
8	0.00946	0.02439	0.80987	0.01344	0.02041	0.01095	0.01742	0.01493	0.00995	0.01493	0.00846	0.00995	0.00597	0.00448	0.00448	0.00149	0.00697	0.00348	0.00199	0.00697
9	0.01102	0.01054	0.01707	0.31056	0.48711	0.03099	0.01369	0.03655	0.01067	0.01454	0.00873	0.01190	0.00703	0.00444	0.00468	0.00146	0.00590	0.00417	0.00232	0.00664
10	0.00727	0.00433	0.00581	0.00589	0.00619	0.00421	0.00392	0.00667	0.00769	0.01022	0.08541	0.11089	0.09022	0.16445	0.03408	0.43647	0.00390	0.00657	0.00296	0.00283
11	0.71991	0.00935	0.00786	0.00679	0.00982	0.01060	0.00559	0.07278	0.02356	0.08584	0.00813	0.00879	0.00602	0.00463	0.00323	0.00146	0.00379	0.00291	0.00332	0.00560
12	0.06727	0.64029	0.07836	0.00871	0.01277	0.06844	0.00865	0.04657	0.01027	0.01281	0.00694	0.00796	0.00607	0.00421	0.00327	0.00110	0.00532	0.00270	0.00221	0.00610
13	0.01156	0.01174	0.01968	0.12767	0.07815	0.06317	0.35765	0.09750	0.03113	0.01549	0.01023	0.03551	0.00851	0.05899	0.00693	0.00176	0.05036	0.00518	0.00272	0.00607
14	0.00660	0.00516	0.00590	0.00581	0.00715	0.00474	0.00431	0.03653	0.03776	0.01538	0.27482	0.17194	0.38413	0.01129	0.00559	0.00161	0.00254	0.00973	0.00466	0.00436
15	0.00617	0.00468	0.00545	0.00557	0.00676	0.00412	0.00406	0.00756	0.01106	0.02803	0.23888	0.23178	0.40513	0.01192	0.00566	0.00164	0.00246	0.01032	0.00462	0.00414
16	0.01252	0.01115	0.01164	0.02796	0.03414	0.12445	0.04721	0.18254	0.17339	0.04429	0.03026	0.02195	0.16148	0.02252	0.00564	0.00159	0.02765	0.04943	0.00402	0.00619
17	0.01360	0.01011	0.01080	0.00900	0.01172	0.01118	0.00711	0.34275	0.27451	0.04065	0.01613	0.01710	0.04031	0.07965	0.00634	0.00173	0.00422	0.00507	0.09116	0.00686
18	0.00807	0.00517	0.00615	0.00616	0.00707	0.00504	0.00425	0.01003	0.07352	0.07398	0.09469	0.27220	0.08346	0.24075	0.01052	0.00246	0.00330	0.00874	0.08014	0.00429
19	0.04753	0.00912	0.01068	0.04751	0.01225	0.09100	0.04828	0.08510	0.04359	0.14601	0.07639	0.04692	0.03815	0.02945	0.20919	0.00306	0.02241	0.00531	0.00368	0.02438
20	0.00988	0.00638	0.00769	0.00728	0.00903	0.00628	0.00559	0.03555	0.15103	0.14284	0.14913	0.22115	0.15190	0.01019	0.00545	0.00167	0.00317	0.06554	0.00482	0.00543
21	0.00812	0.00518	0.00647	0.00658	0.00779	0.00480	0.00506	0.00950	0.01048	0.09872	0.10451	0.13829	0.21838	0.14452	0.00876	0.00224	0.00345	0.20844	0.00436	0.00436
22	0.00905	0.00511	0.00687	0.00661	0.00723	0.00516	0.00467	0.05241	0.02939	0.04832	0.01322	0.05014	0.05642	0.06914	0.04439	0.55378	0.00434	0.02775	0.00282	0.00320
23	0.01516	0.01455	0.01527	0.05735	0.17290	0.22252	0.05449	0.31190	0.01576	0.01956	0.01125	0.01241	0.04486	0.00531	0.00467	0.00139	0.00622	0.00426	0.00336	0.00681
24	0.00599	0.00461	0.00529	0.00551	0.00650	0.00412	0.00390	0.00714	0.01032	0.01323	0.16975	0.23060	0.38005	0.11063	0.00790	0.00202	0.00273	0.02148	0.00434	0.00390
25	0.34365	0.01033	0.01024	0.00835	0.01153	0.01141	0.00684	0.31396	0.06165	0.10168	0.04820	0.01204	0.00947	0.00541	0.00404	0.00144	0.00418	0.00392	0.02506	0.00661
26	0.00701	0.00551	0.00738	0.00844	0.07809	0.00552	0.00551	0.00908	0.05452	0.01342	0.13696	0.24902	0.14177	0.08679	0.16591	0.00308	0.00502	0.00869	0.00384	0.00446
27	0.00683	0.00497	0.00726	0.00726	0.00801	0.00570	0.00553	0.00831	0.00755	0.01091	0.01279	0.01943	0.01216	0.10105	0.70936	0.02675	0.01148	0.00516	0.02543	0.00405
28	0.10405	0.00900	0.00987	0.00854	0.01130	0.00968	0.00673	0.06811	0.38009	0.20925	0.01886	0.06376	0.05002	0.02307	0.00507	0.00162	0.00378	0.00553	0.00476	0.00692
29	0.01424	0.01070	0.01160	0.00937	0.01237	0.01165	0.00758	0.51188	0.09241	0.02481	0.08962	0.04040	0.10377	0.00791	0.02818	0.00165	0.00460	0.00567	0.00466	0.00695
30	0.00978	0.00838	0.00978	0.00698	0.01117	0.00629	0.00559	0.01187	0.00978	0.01536	0.00838	0.00978	0.00698	0.00349	0.00349	0.00070	0.00349	0.00279	0.00279	0.86312
31	0.00749	0.00476	0.00594	0.00617	0.00694	0.00443	0.00426	0.00843	0.00957	0.08039	0.10155	0.35286	0.12113	0.22010	0.01037	0.00248	0.00328	0.04159	0.00420	0.00404
32	0.00588	0.00451	0.00525	0.00560	0.00660	0.00398	0.00398	0.00688	0.01018	0.01290	0.11610	0.32476	0.40907	0.01293	0.00635	0.04346	0.00258	0.01076	0.00435	0.00388
33	0.05901	0.00683	0.00820	0.00705	0.00938	0.00656	0.00556	0.03369	0.09209	0.30068	0.17141	0.06850	0.08506	0.00752	0.00476	0.00147	0.00320	0.00629	0.11670	0.00607

[dist]
# distance from previous block
# <min> <max>
1	3

[block]
# block no. 2 follows, 54 sequences, length 8
# corresponding to MSA columns:
# 94-101
name=unknown_C
#
# <colnr> <probs for GDERKNQSTAVLIFYWHMCP>
#	G	D	E	R	K	N	Q	S	T	A	V	L	I	F	Y	W	H	M	C	P
0	0.00751	0.00490	0.00610	0.00645	0.00735	0.00460	0.00476	0.00868	0.00975	0.06607	0.05163	0.25350	0.16244	0.18084	0.00954	0.00239	0.00345	0.17416	0.03181	0.00409
1	0.00692	0.00529	0.00758	0.00753	0.00835	0.00612	0.00579	0.00878	0.02974	0.01120	0.01433	0.04632	0.03866	0.07484	0.67325	0.00670	0.03610	0.00556	0.00271	0.00424
2	0.06054	0.01241	0.10439	0.26464	0.18338	0.03936	0.21485	0.01397	0.01018	0.01433	0.00858	0.01165	0.00664	0.00448	0.00510	0.00153	0.03120	0.00434	0.00227	0.00617
3	0.00992	0.00919	0.01515	0.44343	0.28355	0.01061	0.01267	0.01272	0.00972	0.01347	0.00884	0.01244	0.00706	0.00487	0.00544	0.00152	0.06926	0.00420	0.06002	0.00591
4	0.51225	0.01105	0.00911	0.00784	0.01065	0.10236	0.00629	0.17656	0.01168	0.02102	0.03565	0.00988	0.00739	0.00559	0.00444	0.05166	0.00450	0.00326	0.00327	0.00556
5	0.03864	0.00773	0.00856	0.00797	0.00934	0.06443	0.00603	0.15155	0.01073	0.01463	0.01371	0.11381	0.01355	0.14217	0.37025	0.00468	0.00832	0.00593	0.00320	0.00478
6	0.01028	0.00762	0.00865	0.00762	0.00945	0.00778	0.00569	0.23422	0.03600	0.01709	0.01731	0.17899	0.05153	0.22263	0.03278	0.00247	0.00437	0.04350	0.00387	0.09815
7	0.03279	0.00815	0.05052	0.00822	0.01019	0.02481	0.03362	0.12801	0.07371	0.03902	0.16083	0.29302	0.08452	0.00992	0.00537	0.00164	0.00368	0.02230	0.00437	0.00531

[dist]
# distance from previous block
# <min> <max>
1	7

[block]
# block no. 3 follows, 54 sequences, length 45
# corresponding to MSA columns:
# 109-153
name=unknown_D
#
# <colnr> <probs for GDERKNQSTAVLIFYWHMCP>
#	G	D	E	R	K	N	Q	S	T	A	V	L	I	F	Y	W	H	M	C	P
0	0.02504	0.00526	0.00655	0.00677	0.02488	0.00490	0.00482	0.00961	0.03449	0.08241	0.23185	0.27637	0.19140	0.04139	0.00624	0.00177	0.00287	0.03421	0.00460	0.00458
1	0.09205	0.00845	0.01042	0.01050	0.09818	0.04055	0.03637	0.08325	0.05251	0.06535	0.07294	0.10372	0.04794	0.04750	0.09339	0.00230	0.01728	0.04257	0.01537	0.05937
2	0.03014	0.00915	0.01017	0.00937	0.04285	0.01003	0.00693	0.18493	0.31203	0.01921	0.01783	0.08048	0.06332	0.07929	0.02995	0.00196	0.01576	0.00588	0.03154	0.03920
3	0.00630	0.00457	0.00570	0.00632	0.00689	0.00431	0.00436	0.02359	0.00963	0.01271	0.08266	0.50829	0.12374	0.12516	0.00837	0.00221	0.00305	0.05400	0.00423	0.00388
4	0.06227	0.00908	0.01021	0.00859	0.01138	0.00959	0.00685	0.18311	0.23110	0.21943	0.03326	0.05041	0.04041	0.04004	0.00551	0.00164	0.00398	0.02622	0.04006	0.00687
5	0.01114	0.01076	0.01755	0.10602	0.59136	0.03375	0.04150	0.01380	0.01041	0.01457	0.00912	0.01260	0.00779	0.03851	0.02777	0.00169	0.00591	0.00429	0.00236	0.03910
6	0.00669	0.00488	0.00601	0.03885	0.00766	0.00474	0.00442	0.02890	0.00968	0.01284	0.11835	0.31099	0.14615	0.22929	0.01053	0.00248	0.00336	0.03247	0.01784	0.00387
7	0.04670	0.00766	0.00917	0.00786	0.01003	0.00776	0.01988	0.13891	0.09998	0.18086	0.16805	0.08254	0.04987	0.12103	0.00765	0.00196	0.00381	0.02577	0.00463	0.00587
8	0.08474	0.00930	0.01020	0.00881	0.01160	0.01010	0.00696	0.10554	0.39832	0.18084	0.02878	0.07733	0.03305	0.00684	0.00474	0.00156	0.00381	0.00562	0.00481	0.00705
9	0.49004	0.00988	0.00905	0.00763	0.01058	0.01111	0.00621	0.25097	0.03226	0.02266	0.01123	0.03042	0.05332	0.00586	0.00421	0.02718	0.00404	0.00387	0.00361	0.00587
10	0.00959	0.00553	0.00675	0.00627	0.00788	0.00499	0.00466	0.01128	0.03465	0.19150	0.16018	0.17034	0.26154	0.09427	0.00732	0.00190	0.00305	0.00869	0.00470	0.00493
11	0.72354	0.00962	0.00803	0.00690	0.00995	0.01097	0.00568	0.11657	0.01010	0.05193	0.00765	0.00846	0.00574	0.00460	0.00322	0.00145	0.00386	0.00286	0.00327	0.00560
12	0.02843	0.00509	0.00617	0.00601	0.00735	0.00466	0.00443	0.01007	0.01075	0.12721	0.16720	0.24107	0.19017	0.02272	0.00598	0.03405	0.00278	0.00873	0.11253	0.00459
13	0.00610	0.00486	0.00537	0.00547	0.00667	0.00438	0.00393	0.00775	0.04207	0.01339	0.13821	0.18315	0.46711	0.08141	0.00718	0.00189	0.00267	0.00994	0.00437	0.00406
14	0.00655	0.00456	0.00581	0.00618	0.00691	0.00424	0.00433	0.00776	0.01022	0.03520	0.22174	0.40393	0.12029	0.09613	0.02396	0.00215	0.00302	0.02855	0.00443	0.00404
15	0.05542	0.00613	0.00725	0.00655	0.00846	0.00581	0.00513	0.03084	0.05713	0.15450	0.30927	0.03244	0.22875	0.02048	0.00552	0.00159	0.00297	0.05169	0.00486	0.00521
16	0.01241	0.00683	0.00834	0.00728	0.00943	0.00653	0.00566	0.06940	0.08274	0.26910	0.14324	0.09985	0.12796	0.07223	0.00661	0.00179	0.00346	0.03280	0.02850	0.00586
17	0.01707	0.01218	0.01317	0.01027	0.01377	0.01339	0.00840	0.64301	0.08006	0.07281	0.01255	0.01278	0.00908	0.02823	0.00521	0.00151	0.00491	0.00443	0.02942	0.00773
18	0.00642	0.00460	0.00608	0.00652	0.00700	0.00469	0.00456	0.00740	0.00839	0.01137	0.04360	0.31380	0.05164	0.22356	0.23189	0.00411	0.00596	0.05115	0.00352	0.00374
19	0.00960	0.00513	0.00603	0.00567	0.00716	0.00474	0.00431	0.01140	0.01106	0.14519	0.15461	0.08931	0.14812	0.03434	0.00523	0.00150	0.00270	0.02612	0.32294	0.00483
20	0.00908	0.00541	0.00668	0.00656	0.00812	0.00491	0.00509	0.01078	0.02373	0.15644	0.08952	0.18785	0.26849	0.02454	0.00585	0.00174	0.00310	0.13383	0.04345	0.00483
21	0.00910	0.00858	0.01449	0.76784	0.08610	0.01053	0.01319	0.01222	0.00952	0.01228	0.00841	0.01251	0.00637	0.00468	0.00471	0.00156	0.00624	0.00419	0.00211	0.00539
22	0.52337	0.00983	0.00927	0.00764	0.01088	0.01081	0.00630	0.18860	0.01218	0.16677	0.00982	0.01001	0.00696	0.00493	0.00365	0.00145	0.00406	0.00333	0.00385	0.00629
23	0.00662	0.00479	0.00645	0.00674	0.00753	0.00501	0.00506	0.00804	0.00877	0.01215	0.04919	0.17971	0.10571	0.08828	0.36334	0.00454	0.00729	0.07450	0.05225	0.00404
24	0.60282	0.02667	0.00914	0.03530	0.01117	0.01139	0.00628	0.17857	0.01129	0.04444	0.00812	0.00900	0.00608	0.00471	0.00342	0.00144	0.00408	0.00306	0.01720	0.00582
25	0.00890	0.00838	0.01414	0.82296	0.03247	0.01048	0.01309	0.01205	0.00943	0.01205	0.00838	0.01257	0.00629	0.00471	0.00471	0.00157	0.00629	0.00419	0.00210	0.00524
26	0.01563	0.00870	0.01086	0.00942	0.04829	0.00863	0.00715	0.21613	0.04565	0.33031	0.15091	0.06598	0.01752	0.02408	0.01717	0.00163	0.00413	0.00581	0.00504	0.00696
27	0.01323	0.01337	0.01678	0.01398	0.05806	0.18052	0.23803	0.17365	0.08075	0.01742	0.02682	0.03677	0.04168	0.00714	0.04470	0.00178	0.00671	0.01898	0.00330	0.00632
28	0.01749	0.01970	0.01376	0.01239	0.04173	0.58161	0.00926	0.21699	0.01554	0.01635	0.00838	0.00934	0.00662	0.00504	0.00439	0.00127	0.00755	0.00339	0.00301	0.00619
29	0.01152	0.07191	0.03672	0.04697	0.04197	0.00865	0.03585	0.06654	0.02519	0.08103	0.00963	0.01086	0.00756	0.00470	0.02036	0.00111	0.00443	0.00336	0.00306	0.50856
30	0.01127	0.03774	0.01355	0.01388	0.19911	0.02267	0.07435	0.10322	0.12718	0.05801	0.19507	0.04072	0.06921	0.00676	0.00501	0.00148	0.00438	0.00603	0.00397	0.00638
31	0.00674	0.00505	0.00758	0.00758	0.00842	0.00589	0.00589	0.00842	0.00758	0.01095	0.01263	0.01852	0.01179	0.03536	0.81561	0.00758	0.01263	0.00505	0.00253	0.00421
32	0.00890	0.00687	0.00951	0.03413	0.08588	0.00690	0.04145	0.06440	0.08000	0.04015	0.18577	0.23251	0.07319	0.00964	0.00542	0.00165	0.00362	0.07105	0.03369	0.00526
33	0.04424	0.01333	0.10812	0.10558	0.38005	0.10180	0.05496	0.01535	0.04511	0.04667	0.00956	0.01212	0.00767	0.02930	0.00517	0.00153	0.00604	0.00415	0.00257	0.00668
34	0.00692	0.00466	0.00543	0.00558	0.00571	0.00465	0.00344	0.00719	0.00737	0.00978	0.01627	0.05160	0.01861	0.72106	0.02158	0.00423	0.00450	0.09530	0.00306	0.00305
35	0.00699	0.00515	0.00670	0.00670	0.00779	0.00492	0.02139	0.00835	0.01031	0.04832	0.13914	0.29606	0.25745	0.02683	0.05026	0.00210	0.03652	0.05644	0.00429	0.00429
36	0.01267	0.07180	0.07736	0.12782	0.32878	0.10593	0.09151	0.06173	0.01159	0.05316	0.00911	0.01130	0.00714	0.00450	0.00459	0.00140	0.00623	0.00406	0.00258	0.00674
37	0.01293	0.08047	0.01140	0.02806	0.03532	0.00987	0.00711	0.06124	0.31585	0.18699	0.09151	0.02052	0.10474	0.00685	0.00478	0.00149	0.00381	0.00566	0.00463	0.00677
38	0.00595	0.00426	0.00552	0.00643	0.00685	0.00398	0.00439	0.00677	0.00909	0.01196	0.02687	0.65121	0.10064	0.05977	0.00731	0.02364	0.00293	0.05442	0.00423	0.00377
39	0.01264	0.12111	0.13937	0.03986	0.08099	0.18351	0.03514	0.05543	0.08594	0.05617	0.02485	0.03864	0.07090	0.00581	0.00460	0.00139	0.01469	0.00459	0.01818	0.00622
40	0.01284	0.11009	0.15363	0.05951	0.07852	0.17258	0.04218	0.08148	0.01198	0.07582	0.01205	0.06463	0.02154	0.00656	0.01785	0.00155	0.00613	0.06186	0.00303	0.00617
41	0.01763	0.00842	0.01088	0.00892	0.03320	0.00769	0.00699	0.08806	0.05855	0.52381	0.03829	0.06045	0.01286	0.00616	0.00470	0.00141	0.00397	0.00509	0.00516	0.09774
42	0.01172	0.02288	0.05698	0.10290	0.27506	0.03766	0.11542	0.05633	0.12449	0.03953	0.01143	0.01480	0.00931	0.00541	0.00550	0.00155	0.05320	0.04614	0.00297	0.00672
43	0.01358	0.04626	0.01310	0.05477	0.11508	0.04706	0.03186	0.18061	0.15304	0.13457	0.01570	0.13133	0.02841	0.00685	0.00486	0.00151	0.00469	0.00584	0.00410	0.00677
44	0.03327	0.23139	0.04887	0.02986	0.03258	0.16081	0.04213	0.13580	0.01212	0.02593	0.00829	0.00978	0.00678	0.00499	0.00524	0.00129	0.09892	0.00343	0.02947	0.07906

[dist]
# distance from previous block
# <min> <max>
2	7

[block]
# block no. 4 follows, 54 sequences, length 26
# corresponding to MSA columns:
# 161-186
name=unknown_E
#
# <colnr> <probs for GDERKNQSTAVLIFYWHMCP>
#	G	D	E	R	K	N	Q	S	T	A	V	L	I	F	Y	W	H	M	C	P
0	0.01040	0.00978	0.01518	0.07474	0.51594	0.03703	0.01165	0.02790	0.01069	0.01460	0.01427	0.14702	0.05817	0.00667	0.00497	0.00152	0.00506	0.02515	0.00287	0.00639
1	0.04900	0.02475	0.07780	0.16836	0.16569	0.04911	0.24921	0.04451	0.03927	0.04199	0.00948	0.01193	0.00723	0.00453	0.00500	0.00149	0.02135	0.00444	0.00261	0.02224
2	0.01439	0.07034	0.30390	0.05990	0.10257	0.01129	0.07121	0.07606	0.01243	0.21047	0.01204	0.01316	0.00865	0.00541	0.00496	0.00161	0.00614	0.00435	0.00352	0.00759
3	0.00572	0.00421	0.00536	0.00628	0.00676	0.00385	0.00425	0.00660	0.00930	0.01215	0.02947	0.70571	0.15444	0.01432	0.00595	0.00186	0.00268	0.01285	0.00438	0.00385
4	0.02978	0.04067	0.01478	0.32787	0.08509	0.06366	0.06966	0.10243	0.01123	0.01478	0.01072	0.07482	0.00960	0.00621	0.00575	0.00159	0.07535	0.04752	0.00277	0.00571
5	0.01093	0.00991	0.03451	0.16074	0.38740	0.02499	0.03739	0.02818	0.01067	0.06182	0.01240	0.11190	0.01149	0.00632	0.00518	0.00156	0.02113	0.05420	0.00291	0.00636
6	0.00677	0.00493	0.00698	0.00698	0.00762	0.00557	0.00515	0.00804	0.00740	0.01050	0.01318	0.02155	0.01310	0.23152	0.62125	0.00684	0.01065	0.00549	0.00261	0.00388
7	0.01227	0.75087	0.10804	0.00864	0.01298	0.01784	0.00906	0.01420	0.00962	0.01150	0.00676	0.00782	0.00604	0.00408	0.00318	0.00106	0.00525	0.00262	0.00201	0.00615
8	0.00678	0.00461	0.00524	0.00524	0.00537	0.00460	0.00305	0.00693	0.00710	0.00943	0.01652	0.03103	0.05932	0.75066	0.06186	0.00456	0.00485	0.00694	0.00292	0.00298
9	0.01069	0.34240	0.50265	0.01134	0.01716	0.01397	0.01376	0.01461	0.00981	0.01343	0.00772	0.00902	0.00600	0.00431	0.00391	0.00130	0.00621	0.00311	0.00200	0.00661
10	0.00681	0.00458	0.00513	0.00513	0.00519	0.00455	0.00288	0.00685	0.00700	0.00927	0.01604	0.03138	0.04543	0.80470	0.02334	0.00446	0.00449	0.00697	0.00291	0.00290
11	0.01180	0.02891	0.08135	0.01276	0.15349	0.07060	0.02193	0.15595	0.01138	0.03758	0.00978	0.01325	0.00835	0.03750	0.09572	0.21604	0.02113	0.00421	0.00281	0.00546
12	0.05515	0.00970	0.06106	0.00932	0.01298	0.00844	0.03895	0.11826	0.01359	0.53245	0.01570	0.01476	0.01040	0.00787	0.06731	0.00193	0.00515	0.00456	0.00493	0.00747
13	0.00819	0.00426	0.00639	0.03622	0.00711	0.00433	0.00441	0.00648	0.00640	0.00861	0.00867	0.02866	0.00861	0.01567	0.01736	0.79623	0.00411	0.00427	0.02176	0.00225
14	0.01015	0.00860	0.01057	0.00794	0.02897	0.00668	0.02973	0.01251	0.02393	0.03325	0.00885	0.01019	0.00724	0.00363	0.00363	0.00077	0.00369	0.00300	0.00288	0.78380
15	0.00794	0.00531	0.00673	0.00615	0.00757	0.00490	0.00468	0.03451	0.01338	0.07407	0.64686	0.03413	0.11671	0.00948	0.00548	0.00149	0.00246	0.00827	0.00514	0.00477
16	0.01213	0.48211	0.23520	0.00991	0.01457	0.03804	0.01063	0.05933	0.07284	0.01389	0.00836	0.00924	0.00680	0.00446	0.00369	0.00122	0.00556	0.00312	0.00239	0.00651
17	0.00696	0.00463	0.00568	0.00568	0.00587	0.00480	0.00356	0.00721	0.00702	0.00962	0.01397	0.02699	0.01536	0.60179	0.18100	0.06298	0.00609	0.00626	0.02141	0.00311
18	0.01298	0.25722	0.04155	0.08869	0.12464	0.07220	0.00990	0.15298	0.11099	0.01632	0.00974	0.01107	0.00782	0.00578	0.02618	0.00151	0.03713	0.00377	0.00294	0.00660
19	0.00811	0.00509	0.00665	0.00637	0.00759	0.00473	0.00483	0.00941	0.01097	0.07874	0.33134	0.06518	0.12306	0.02762	0.05006	0.12941	0.00350	0.07709	0.02163	0.02861
20	0.01348	0.03092	0.08110	0.07209	0.18930	0.04300	0.01030	0.18498	0.11852	0.09680	0.01209	0.03276	0.00940	0.02452	0.00504	0.00148	0.00514	0.00447	0.00357	0.06103
21	0.02999	0.18945	0.09767	0.03023	0.05690	0.07947	0.08124	0.16557	0.08080	0.05998	0.01188	0.02897	0.03757	0.00529	0.00437	0.00136	0.00550	0.00427	0.00324	0.02625
22	0.05201	0.02488	0.05852	0.02857	0.07579	0.02992	0.00687	0.06021	0.02608	0.05671	0.18638	0.16698	0.12999	0.02774	0.00553	0.00162	0.00372	0.02529	0.02798	0.00522
23	0.01153	0.11372	0.18828	0.04937	0.03815	0.07910	0.11056	0.06850	0.09520	0.02950	0.02931	0.03753	0.02408	0.00599	0.02325	0.00154	0.02151	0.00446	0.00291	0.06551
24	0.27736	0.01032	0.02700	0.12507	0.12704	0.01104	0.00879	0.18986	0.04639	0.03829	0.03245	0.01194	0.02147	0.00504	0.00413	0.00143	0.00465	0.00389	0.00334	0.05051
25	0.01240	0.30219	0.08076	0.02819	0.10354	0.02842	0.05075	0.11632	0.03404	0.04327	0.02664	0.02646	0.03811	0.00501	0.00410	0.00124	0.00511	0.00399	0.00291	0.08656

[dist]
# distance from previous block
# <min> <max>
2	25

[block]
# block no. 5 follows, 54 sequences, length 8
# corresponding to MSA columns:
# 212-219
name=unknown_F
#
# <colnr> <probs for GDERKNQSTAVLIFYWHMCP>
#	G	D	E	R	K	N	Q	S	T	A	V	L	I	F	Y	W	H	M	C	P
0	0.06412	0.01007	0.01133	0.05818	0.10917	0.06609	0.00793	0.20840	0.05547	0.07134	0.06604	0.05509	0.01220	0.00589	0.00443	0.00136	0.00445	0.00480	0.11338	0.07024
1	0.03928	0.03713	0.01367	0.18945	0.05644	0.08251	0.05607	0.13219	0.01198	0.10984	0.01063	0.03543	0.00857	0.03697	0.02879	0.02151	0.05831	0.00442	0.00317	0.06364
2	0.04389	0.02688	0.02923	0.26900	0.05280	0.10039	0.11080	0.06656	0.01082	0.01421	0.03171	0.04640	0.01002	0.03841	0.03614	0.00191	0.06372	0.03892	0.00270	0.00549
3	0.13647	0.01140	0.01245	0.14361	0.08104	0.08855	0.00906	0.22015	0.09050	0.03974	0.02821	0.01299	0.00900	0.00542	0.00468	0.00144	0.02500	0.02367	0.00348	0.05312
4	0.08598	0.08938	0.09690	0.11697	0.06604	0.03507	0.02745	0.08105	0.01118	0.08659	0.03428	0.09393	0.05307	0.02592	0.00546	0.00160	0.03137	0.04862	0.00330	0.00583
5	0.02954	0.00779	0.01087	0.03152	0.13394	0.02621	0.05828	0.04353	0.05480	0.03909	0.09022	0.21163	0.01884	0.11891	0.02229	0.00210	0.02671	0.02861	0.00359	0.04154
6	0.06198	0.10788	0.09823	0.04326	0.03065	0.05096	0.09741	0.08533	0.04582	0.01526	0.01313	0.07610	0.05433	0.09687	0.00659	0.00172	0.00514	0.00513	0.00300	0.10117
7	0.01044	0.02888	0.04649	0.09947	0.07218	0.02708	0.02727	0.12759	0.05579	0.03717	0.05379	0.09575	0.02951	0.11901	0.04215	0.08996	0.02308	0.00582	0.00331	0.00527

[dist]
# distance from previous block
# <min> <max>
0	2

[block]
# block no. 6 follows, 54 sequences, length 33
# corresponding to MSA columns:
# 222-254
name=unknown_G
#
# <colnr> <probs for GDERKNQSTAVLIFYWHMCP>
#	G	D	E	R	K	N	Q	S	T	A	V	L	I	F	Y	W	H	M	C	P
0	0.01442	0.04487	0.02537	0.11823	0.03727	0.04116	0.01894	0.12445	0.18928	0.23034	0.04395	0.04847	0.01235	0.00670	0.02149	0.00162	0.00483	0.00505	0.00430	0.00691
1	0.04444	0.00588	0.00683	0.00658	0.00800	0.00571	0.00488	0.09987	0.01203	0.05327	0.20075	0.30127	0.19573	0.02547	0.00579	0.00170	0.00296	0.00952	0.00458	0.00472
2	0.00970	0.00831	0.00964	0.00699	0.01105	0.00636	0.00558	0.01208	0.03180	0.01540	0.00995	0.01114	0.03274	0.00384	0.00360	0.00075	0.00346	0.00309	0.00290	0.81162
3	0.00804	0.00455	0.00491	0.00502	0.00595	0.00454	0.00361	0.01007	0.02857	0.01578	0.03986	0.13222	0.04153	0.08709	0.02548	0.00174	0.00279	0.00620	0.56782	0.00423
4	0.01180	0.01322	0.12564	0.12027	0.26228	0.01195	0.18456	0.13451	0.01213	0.01684	0.00913	0.01165	0.00706	0.00471	0.00547	0.00152	0.05340	0.00441	0.00262	0.00683
5	0.00679	0.00479	0.00575	0.00594	0.00708	0.00428	0.00436	0.00811	0.01073	0.05452	0.17353	0.27152	0.32746	0.03940	0.00633	0.00179	0.00273	0.05613	0.00455	0.00421
6	0.00859	0.00507	0.00632	0.00631	0.00763	0.00450	0.00459	0.00978	0.01059	0.15734	0.08687	0.38514	0.24693	0.03000	0.00602	0.00177	0.00287	0.01035	0.00467	0.00466
7	0.13924	0.00993	0.01121	0.00883	0.01229	0.01019	0.00726	0.28651	0.04891	0.35957	0.01562	0.01452	0.04298	0.00585	0.00451	0.00146	0.00429	0.00450	0.00493	0.00741
8	0.00676	0.00495	0.00708	0.00708	0.00775	0.00562	0.00527	0.00810	0.00743	0.01057	0.01309	0.02106	0.01289	0.19957	0.65291	0.00696	0.01097	0.00542	0.00259	0.00393
9	0.02059	0.00505	0.00590	0.00595	0.00716	0.00468	0.00435	0.00878	0.04627	0.03968	0.22109	0.22351	0.30117	0.05614	0.00659	0.00181	0.00273	0.02970	0.00453	0.00431
10	0.01450	0.00669	0.00877	0.00722	0.00978	0.00592	0.00577	0.03134	0.01333	0.43965	0.28981	0.02559	0.10563	0.00777	0.00511	0.00148	0.00325	0.00657	0.00544	0.00638
11	0.01271	0.00658	0.00805	0.00688	0.00932	0.00590	0.00546	0.04708	0.03333	0.33595	0.10418	0.05865	0.31278	0.00896	0.00521	0.00154	0.00324	0.02319	0.00507	0.00593
12	0.01074	0.01103	0.01513	0.01316	0.03459	0.05272	0.04573	0.01196	0.00779	0.01164	0.00647	0.01037	0.00626	0.00778	0.01419	0.00198	0.72691	0.00414	0.00210	0.00529
13	0.01268	0.01007	0.01083	0.00957	0.01234	0.01142	0.00753	0.07654	0.66840	0.07440	0.01877	0.01803	0.01412	0.00649	0.00484	0.00159	0.00387	0.02620	0.00485	0.00745
14	0.00672	0.00455	0.00525	0.00532	0.00546	0.00449	0.00313	0.00699	0.00762	0.01021	0.07664	0.10227	0.03537	0.68319	0.02065	0.00404	0.00419	0.00762	0.00320	0.00309
15	0.57330	0.00874	0.00832	0.00696	0.01013	0.00931	0.00574	0.01703	0.00993	0.29478	0.01075	0.01058	0.00739	0.00488	0.00355	0.00146	0.00377	0.00331	0.00393	0.00612
16	0.04132	0.00502	0.00587	0.00593	0.00727	0.00451	0.02548	0.00746	0.01034	0.01336	0.08048	0.25039	0.47300	0.01207	0.00562	0.00169	0.00275	0.03905	0.00431	0.00409
17	0.01093	0.01016	0.01573	0.41001	0.30850	0.02986	0.01282	0.07662	0.02835	0.01495	0.00901	0.01208	0.00705	0.00461	0.00465	0.00146	0.00587	0.00416	0.00248	0.03069
18	0.00645	0.00465	0.00622	0.00722	0.00787	0.00445	0.00550	0.00778	0.00978	0.01280	0.02676	0.47415	0.07825	0.03058	0.00654	0.00204	0.00335	0.29728	0.00433	0.00401
19	0.00603	0.00487	0.00543	0.00561	0.00703	0.00427	0.00438	0.00748	0.01097	0.01357	0.11913	0.07331	0.56857	0.01199	0.00575	0.00169	0.00271	0.13869	0.00445	0.00408
20	0.00674	0.00504	0.00751	0.00751	0.00833	0.00586	0.00581	0.00838	0.00756	0.01090	0.01269	0.01887	0.01194	0.05769	0.79349	0.00749	0.01240	0.00510	0.00254	0.00417
21	0.00978	0.00838	0.00978	0.00698	0.01117	0.00629	0.00559	0.01187	0.00978	0.01536	0.00838	0.00978	0.00698	0.00349	0.00349	0.00070	0.00349	0.00279	0.00279	0.86312
22	0.86760	0.00912	0.00693	0.00620	0.00912	0.01058	0.00511	0.01386	0.00802	0.02115	0.00657	0.00766	0.00511	0.00438	0.00292	0.00146	0.00365	0.00255	0.00292	0.00511
23	0.01599	0.01201	0.01321	0.01101	0.04630	0.01329	0.00861	0.59088	0.12380	0.02664	0.02812	0.01306	0.00982	0.00655	0.02610	0.00159	0.00504	0.00450	0.03586	0.00762
24	0.00695	0.00507	0.00620	0.00642	0.00762	0.00472	0.00489	0.00901	0.04625	0.03965	0.20848	0.23273	0.25998	0.01183	0.00577	0.00173	0.00286	0.13084	0.00462	0.00439
25	0.15380	0.01075	0.01271	0.06206	0.15511	0.01185	0.00897	0.26092	0.17591	0.05552	0.01198	0.01298	0.00910	0.03188	0.00505	0.00157	0.00471	0.00429	0.00384	0.00699
26	0.00619	0.00463	0.00559	0.00604	0.00679	0.00431	0.00421	0.00756	0.03117	0.01296	0.12447	0.39110	0.21564	0.11813	0.00814	0.00213	0.00291	0.03981	0.00429	0.00394
27	0.00592	0.00452	0.00541	0.00585	0.00677	0.00406	0.00418	0.00712	0.01033	0.01334	0.15060	0.37168	0.31811	0.03271	0.00624	0.00180	0.00264	0.04028	0.00446	0.00397
28	0.02613	0.01497	0.01939	0.03648	0.03508	0.27394	0.36067	0.04056	0.01199	0.03520	0.02870	0.01287	0.02481	0.02492	0.00577	0.00154	0.03369	0.00471	0.00267	0.00592
29	0.01089	0.00902	0.00995	0.02583	0.07416	0.11270	0.00722	0.11255	0.05195	0.03003	0.03208	0.07625	0.01307	0.03106	0.14367	0.17615	0.00627	0.06901	0.00322	0.00492
30	0.01058	0.00586	0.00764	0.00715	0.00883	0.00555	0.00559	0.03041	0.01098	0.22066	0.08444	0.12739	0.14269	0.07446	0.13000	0.00279	0.00489	0.11052	0.00443	0.00515
31	0.00664	0.00483	0.00640	0.00722	0.00784	0.00477	0.00549	0.00791	0.00958	0.01262	0.03739	0.39647	0.07177	0.09472	0.00819	0.00225	0.02497	0.28283	0.00417	0.00397
32	0.09259	0.04435	0.08725	0.19984	0.04263	0.06525	0.03572	0.07019	0.01039	0.09121	0.00960	0.01286	0.00775	0.06032	0.00785	0.09672	0.05310	0.00409	0.00280	0.00551

[dist]
# distance from previous block
# <min> <max>
0	3

[block]
# block no. 7 follows, 54 sequences, length 12
# corresponding to MSA columns:
# 271-282
name=unknown_H
#
# <colnr> <probs for GDERKNQSTAVLIFYWHMCP>
#	G	D	E	R	K	N	Q	S	T	A	V	L	I	F	Y	W	H	M	C	P
0	0.05454	0.01089	0.01361	0.03342	0.02862	0.04116	0.10149	0.24132	0.04417	0.08670	0.01101	0.03500	0.00854	0.00504	0.00459	0.00127	0.01883	0.00420	0.00364	0.25196
1	0.04725	0.00868	0.00931	0.00855	0.02466	0.07167	0.00668	0.06981	0.11296	0.13813	0.08913	0.02673	0.08026	0.05415	0.00610	0.00172	0.00420	0.15984	0.00428	0.07590
2	0.00584	0.00421	0.00556	0.00660	0.00698	0.00393	0.00452	0.00675	0.00921	0.01219	0.02696	0.75049	0.06731	0.01454	0.00602	0.00191	0.00281	0.05592	0.00437	0.00387
3	0.00676	0.00525	0.00713	0.05557	0.00930	0.00509	0.03394	0.02794	0.01026	0.01358	0.10009	0.37934	0.18583	0.03154	0.03269	0.00200	0.00353	0.05715	0.02877	0.00424
4	0.01179	0.06981	0.07689	0.06755	0.15290	0.02805	0.36645	0.09828	0.02749	0.01621	0.01049	0.01276	0.02954	0.00457	0.00498	0.00148	0.00666	0.00482	0.00266	0.00661
5	0.81684	0.00992	0.00731	0.00656	0.00944	0.05864	0.00535	0.01416	0.00834	0.02058	0.00661	0.00771	0.00516	0.00441	0.00300	0.00144	0.00394	0.00258	0.00289	0.00513
6	0.00890	0.00838	0.01414	0.82296	0.03247	0.01048	0.01309	0.01205	0.00943	0.01205	0.00838	0.01257	0.00629	0.00471	0.00471	0.00157	0.00629	0.00419	0.00210	0.00524
7	0.08824	0.00893	0.01104	0.04035	0.07749	0.00935	0.03312	0.09261	0.21579	0.16410	0.03900	0.02131	0.11656	0.00695	0.00485	0.00156	0.00413	0.05369	0.00436	0.00657
8	0.01242	0.18066	0.01937	0.08511	0.34354	0.04769	0.09030	0.06048	0.02530	0.04423	0.02792	0.01166	0.00816	0.00460	0.00461	0.00136	0.01913	0.00409	0.00264	0.00674
9	0.00589	0.00420	0.00563	0.00673	0.00706	0.00395	0.00462	0.00681	0.00917	0.01219	0.02591	0.77197	0.03088	0.01464	0.00606	0.00193	0.00286	0.07126	0.00437	0.00387
10	0.00607	0.00489	0.00557	0.00554	0.00684	0.00439	0.00417	0.00755	0.01126	0.01441	0.25515	0.10452	0.48721	0.01147	0.00587	0.00162	0.02208	0.03271	0.00455	0.00414
11	0.01039	0.07193	0.35364	0.01536	0.20582	0.02715	0.01308	0.03879	0.07574	0.01572	0.06901	0.03159	0.04058	0.00546	0.00461	0.00145	0.00561	0.00458	0.00277	0.00671

[dist]
# distance from previous block
# <min> <max>
0	1

[block]
# block no. 8 follows, 54 sequences, length 27
# corresponding to MSA columns:
# 284-292,298-315
name=unknown_I
#
# <colnr> <probs for GDERKNQSTAVLIFYWHMCP>
#	G	D	E	R	K	N	Q	S	T	A	V	L	I	F	Y	W	H	M	C	P
0	0.01046	0.07421	0.07196	0.03581	0.06438	0.12089	0.07084	0.02515	0.00972	0.02739	0.01210	0.04790	0.04374	0.08778	0.16329	0.00295	0.10509	0.00499	0.01608	0.00524
1	0.28566	0.02898	0.01239	0.07405	0.06077	0.31137	0.04190	0.04372	0.01121	0.04695	0.00821	0.01015	0.00659	0.00488	0.00421	0.00139	0.02170	0.01741	0.00279	0.00567
2	0.65629	0.00885	0.00793	0.00675	0.00985	0.00967	0.00556	0.01614	0.00939	0.21763	0.00957	0.00975	0.00675	0.00474	0.00337	0.00146	0.00374	0.00310	0.00365	0.00583
3	0.00954	0.01558	0.35629	0.07699	0.11800	0.00978	0.12798	0.01363	0.02527	0.02805	0.06768	0.04813	0.07067	0.00578	0.00491	0.00153	0.00594	0.00523	0.00271	0.00631
4	0.00890	0.00838	0.01414	0.82296	0.03247	0.01048	0.01309	0.01205	0.00943	0.01205	0.00838	0.01257	0.00629	0.00471	0.00471	0.00157	0.00629	0.00419	0.00210	0.00524
5	0.01057	0.00686	0.00795	0.00724	0.00852	0.04733	0.00532	0.05537	0.02343	0.14234	0.01418	0.02127	0.01309	0.30086	0.25331	0.00434	0.02030	0.00543	0.04756	0.00473
6	0.01157	0.01110	0.01896	0.05710	0.77749	0.01118	0.01442	0.01438	0.01069	0.01528	0.00885	0.01170	0.00743	0.00422	0.00467	0.00141	0.00563	0.00420	0.00233	0.00739
7	0.00588	0.00442	0.00546	0.00599	0.00676	0.00399	0.00419	0.00708	0.01032	0.01357	0.18482	0.47482	0.22946	0.01304	0.00581	0.00175	0.00255	0.01157	0.00454	0.00399
8	0.04004	0.00882	0.05462	0.16330	0.18265	0.00853	0.05694	0.01208	0.01010	0.05897	0.05238	0.13090	0.05445	0.03207	0.00601	0.00167	0.04275	0.02934	0.04881	0.00558
9	0.01263	0.01003	0.01076	0.00953	0.01230	0.01141	0.00745	0.04218	0.71589	0.08335	0.01897	0.01733	0.01403	0.00634	0.00479	0.00158	0.00379	0.00526	0.00488	0.00752
10	0.01237	0.00771	0.01028	0.09180	0.06947	0.00760	0.01983	0.08859	0.04891	0.22046	0.13246	0.03840	0.12856	0.03991	0.00568	0.00159	0.00395	0.00611	0.03355	0.03278
11	0.01246	0.72502	0.10525	0.00876	0.01304	0.04557	0.00907	0.01437	0.00975	0.01150	0.00678	0.00784	0.00604	0.00411	0.00322	0.00107	0.00536	0.00264	0.00203	0.00613
12	0.41326	0.04049	0.01151	0.02836	0.12990	0.15904	0.00794	0.08757	0.01098	0.04408	0.00803	0.00933	0.00631	0.00519	0.01919	0.00150	0.00526	0.00320	0.00295	0.00591
13	0.01714	0.02174	0.01305	0.01193	0.01427	0.78322	0.00892	0.01834	0.01319	0.01156	0.00803	0.04110	0.00707	0.00525	0.00432	0.00124	0.00827	0.00345	0.00251	0.00540
14	0.01045	0.13146	0.34764	0.01152	0.01589	0.02685	0.06956	0.05960	0.06273	0.01474	0.01942	0.01428	0.00911	0.06844	0.04439	0.00200	0.05004	0.03309	0.00260	0.00620
15	0.00567	0.00474	0.00494	0.00497	0.00645	0.00401	0.00370	0.00692	0.01084	0.01317	0.10429	0.09210	0.69818	0.01194	0.00560	0.00160	0.00240	0.01005	0.00444	0.00401
16	0.01244	0.79382	0.06655	0.00835	0.01254	0.01825	0.00857	0.01416	0.00960	0.01130	0.00666	0.00769	0.00605	0.00406	0.00310	0.00103	0.00514	0.00257	0.00202	0.00610
17	0.01403	0.00979	0.01083	0.00932	0.01223	0.01079	0.00737	0.08047	0.56207	0.18068	0.01840	0.01682	0.01332	0.00621	0.00475	0.00155	0.00386	0.00511	0.02487	0.00755
18	0.00690	0.00513	0.00663	0.00735	0.00850	0.00489	0.00613	0.00869	0.01074	0.01372	0.06112	0.10074	0.23206	0.02599	0.00648	0.00201	0.00364	0.48071	0.00436	0.00419
19	0.00678	0.00458	0.00520	0.00522	0.00533	0.00453	0.00301	0.00695	0.00737	0.00984	0.05694	0.05641	0.04093	0.74307	0.02197	0.00425	0.00433	0.00723	0.00307	0.00300
20	0.00622	0.00477	0.00570	0.00560	0.00684	0.00425	0.00419	0.00796	0.01203	0.01603	0.44980	0.09060	0.32952	0.01092	0.00562	0.00157	0.00237	0.02698	0.00481	0.00423
21	0.01255	0.77492	0.06628	0.00845	0.01260	0.03674	0.00859	0.01427	0.00969	0.01131	0.00667	0.00771	0.00605	0.00408	0.00313	0.00104	0.00523	0.00258	0.00203	0.00609
22	0.01304	0.01430	0.01534	0.32193	0.15429	0.29594	0.04788	0.05641	0.01180	0.01351	0.00829	0.01092	0.00654	0.00470	0.00458	0.00141	0.00698	0.00385	0.00241	0.00589
23	0.00901	0.00845	0.01401	0.79231	0.03171	0.01052	0.01288	0.01254	0.03909	0.01234	0.00879	0.01276	0.00659	0.00478	0.00472	0.00157	0.00619	0.00423	0.00220	0.00532
24	0.10300	0.01553	0.04080	0.01130	0.02563	0.35598	0.05337	0.04453	0.03951	0.06781	0.01045	0.02643	0.03411	0.00625	0.02161	0.00154	0.10079	0.00398	0.00293	0.03444
25	0.01237	0.04836	0.03149	0.12604	0.38079	0.05435	0.04097	0.09399	0.01195	0.06781	0.01204	0.04031	0.04814	0.00529	0.00471	0.00144	0.00554	0.00473	0.00293	0.00675
26	0.04591	0.01255	0.01267	0.01098	0.04296	0.10227	0.00848	0.35179	0.21230	0.05527	0.01336	0.01342	0.02485	0.00655	0.02253	0.00161	0.04668	0.00446	0.00419	0.00717

[dist]
# distance from previous block
# <min> <max>
0	4

[block]
# block no. 9 follows, 54 sequences, length 94
# corresponding to MSA columns:
# 422-515
name=unknown_J
#
# <colnr> <probs for GDERKNQSTAVLIFYWHMCP>
#	G	D	E	R	K	N	Q	S	T	A	V	L	I	F	Y	W	H	M	C	P
0	0.06870	0.05052	0.10158	0.02358	0.03669	0.05865	0.02144	0.13329	0.08771	0.17313	0.03932	0.04451	0.02313	0.02566	0.00534	0.00150	0.03341	0.00465	0.00384	0.06333
1	0.01511	0.01795	0.01364	0.05224	0.13953	0.54263	0.00973	0.02842	0.02640	0.01272	0.00917	0.06195	0.00819	0.00550	0.00468	0.00133	0.02364	0.00404	0.01741	0.00572
2	0.81348	0.00964	0.00729	0.00650	0.00941	0.04371	0.00531	0.01427	0.00837	0.03846	0.00687	0.00788	0.00529	0.00443	0.00301	0.00145	0.00386	0.00262	0.00296	0.00519
3	0.05170	0.06312	0.02918	0.06144	0.22256	0.28659	0.02213	0.08289	0.02314	0.03761	0.00859	0.01026	0.00691	0.00477	0.00470	0.00133	0.03503	0.00361	0.00270	0.04174
4	0.00932	0.03131	0.00918	0.00858	0.04267	0.00871	0.00638	0.01685	0.40666	0.01701	0.10657	0.02823	0.23881	0.00842	0.00511	0.00159	0.00334	0.04073	0.00452	0.00600
5	0.00574	0.00410	0.00547	0.00657	0.00684	0.00383	0.00438	0.00657	0.00903	0.01204	0.02599	0.83122	0.03119	0.01477	0.00602	0.00191	0.00274	0.01340	0.00438	0.00383
6	0.00662	0.00491	0.00618	0.00585	0.00705	0.00451	0.00439	0.00890	0.02653	0.01813	0.69173	0.03622	0.14161	0.00988	0.00555	0.00150	0.00227	0.00866	0.00508	0.00444
7	0.00581	0.00473	0.00514	0.00515	0.00654	0.00406	0.00382	0.00718	0.01113	0.01392	0.19798	0.10575	0.58895	0.01170	0.00561	0.00160	0.00238	0.00994	0.00454	0.00406
8	0.01036	0.00667	0.00693	0.00640	0.00817	0.00721	0.00494	0.04858	0.26108	0.03455	0.01649	0.01729	0.01264	0.00580	0.00386	0.00128	0.00285	0.00469	0.53462	0.00560
9	0.01317	0.00834	0.00890	0.00743	0.00980	0.00892	0.00594	0.30715	0.06945	0.06835	0.01430	0.01512	0.01068	0.00564	0.00402	0.00127	0.00354	0.00442	0.42735	0.00619
10	0.00946	0.02439	0.80987	0.01344	0.02041	0.01095	0.01742	0.01493	0.00995	0.01493	0.00846	0.00995	0.00597	0.00448	0.00448	0.00149	0.00697	0.00348	0.00199	0.00697
11	0.86760	0.00912	0.00693	0.00620	0.00912	0.01058	0.00511	0.01386	0.00802	0.02115	0.00657	0.00766	0.00511	0.00438	0.00292	0.00146	0.00365	0.00255	0.00292	0.00511
12	0.01761	0.02247	0.01336	0.01215	0.01458	0.81537	0.00911	0.01883	0.01336	0.01154	0.00729	0.00850	0.00607	0.00486	0.00425	0.00121	0.00850	0.00304	0.00243	0.00547
13	0.01707	0.00759	0.00939	0.00751	0.01041	0.00713	0.00610	0.11478	0.01350	0.47589	0.01674	0.01592	0.01134	0.00571	0.00431	0.00135	0.00362	0.00458	0.26013	0.00694
14	0.81825	0.00914	0.00722	0.00637	0.00933	0.01050	0.00525	0.02749	0.00849	0.05368	0.00714	0.00807	0.00543	0.00446	0.00302	0.00146	0.00369	0.00267	0.00307	0.00528
15	0.00853	0.00571	0.00646	0.00636	0.00661	0.00556	0.00380	0.00831	0.00796	0.02391	0.01601	0.03122	0.01777	0.74896	0.07811	0.00491	0.00558	0.00708	0.00335	0.00380
16	0.00674	0.00505	0.00758	0.00758	0.00842	0.00589	0.00589	0.00842	0.00758	0.01095	0.01263	0.01852	0.01179	0.03536	0.81561	0.00758	0.01263	0.00505	0.00253	0.00421
17	0.00946	0.02439	0.80987	0.01344	0.02041	0.01095	0.01742	0.01493	0.00995	0.01493	0.00846	0.00995	0.00597	0.00448	0.00448	0.00149	0.00697	0.00348	0.00199	0.00697
18	0.00843	0.00670	0.00706	0.00655	0.00839	0.02995	0.00502	0.05294	0.13184	0.04874	0.18957	0.06056	0.39492	0.00994	0.00536	0.00156	0.00300	0.01980	0.00463	0.00503
19	0.86760	0.00912	0.00693	0.00620	0.00912	0.01058	0.00511	0.01386	0.00802	0.02115	0.00657	0.00766	0.00511	0.00438	0.00292	0.00146	0.00365	0.00255	0.00292	0.00511
20	0.00578	0.00486	0.00503	0.00503	0.00655	0.00416	0.00375	0.00727	0.02670	0.01328	0.09836	0.07629	0.70314	0.01179	0.00557	0.00160	0.00242	0.00990	0.00444	0.00408
21	0.00781	0.00544	0.00713	0.00770	0.00902	0.00523	0.00651	0.00994	0.02506	0.05110	0.07384	0.06375	0.18279	0.01220	0.00615	0.00197	0.00377	0.51162	0.00448	0.00449
22	0.15716	0.01006	0.01072	0.02300	0.01212	0.01099	0.00723	0.33339	0.12481	0.09146	0.07020	0.03504	0.04170	0.02187	0.00496	0.00156	0.00424	0.02835	0.00445	0.00670
23	0.01221	0.01055	0.01092	0.00972	0.01245	0.02715	0.00758	0.07066	0.73518	0.02017	0.01849	0.01704	0.01385	0.00632	0.00478	0.00158	0.00391	0.00522	0.00475	0.00746
24	0.01069	0.00835	0.00987	0.00710	0.01124	0.00634	0.00569	0.01276	0.01008	0.07899	0.00920	0.01028	0.00736	0.00368	0.00359	0.00076	0.00353	0.00295	0.00304	0.79449
25	0.00624	0.00477	0.00571	0.00615	0.00717	0.00435	0.00454	0.02356	0.01060	0.01361	0.11446	0.34769	0.32346	0.01278	0.00583	0.00177	0.00278	0.09597	0.00447	0.00410
26	0.01409	0.09489	0.25578	0.03170	0.12834	0.12411	0.01202	0.12722	0.02454	0.12816	0.01017	0.01100	0.00744	0.00484	0.00442	0.00138	0.00607	0.00376	0.00308	0.00701
