[name]
unknown

[dist]
# distance from previous block
# <min> <max>
0	406

[block]
# block no. 0 follows, 55 sequences, length 6
# corresponding to MSA columns:
# 438-443
name=unknown_A
#
# <colnr> <probs for GDERKNQSTAVLIFYWHMCP>
#	G	D	E	R	K	N	Q	S	T	A	V	L	I	F	Y	W	H	M	C	P
0	0.02105	0.03568	0.13198	0.11316	0.07863	0.04581	0.02382	0.07134	0.04346	0.02492	0.01579	0.03106	0.11347	0.05972	0.02180	0.00174	0.01572	0.04809	0.01411	0.08866
1	0.00998	0.00824	0.01004	0.04956	0.10005	0.00841	0.00723	0.14011	0.14975	0.01757	0.08654	0.04538	0.20692	0.00776	0.00495	0.00147	0.00379	0.04934	0.00402	0.08888
2	0.00917	0.00743	0.03592	0.09936	0.01268	0.00700	0.07856	0.08620	0.01287	0.06283	0.39501	0.04797	0.08379	0.00787	0.00518	0.00148	0.00372	0.00699	0.03075	0.00522
3	0.01166	0.01170	0.10071	0.08507	0.01505	0.01165	0.00911	0.09656	0.56319	0.01919	0.01602	0.01546	0.01193	0.00588	0.00468	0.00155	0.00441	0.00485	0.00417	0.00716
4	0.12917	0.00568	0.00569	0.00529	0.00685	0.00581	0.00405	0.05455	0.01055	0.04456	0.09034	0.02036	0.08696	0.04658	0.00473	0.00141	0.00273	0.00509	0.46497	0.00465
5	0.00678	0.00744	0.09635	0.00760	0.05517	0.00552	0.00608	0.00923	0.04360	0.01458	0.20814	0.07541	0.42697	0.00992	0.00531	0.00154	0.00308	0.00844	0.00414	0.00470

[dist]
# distance from previous block
# <min> <max>
0	8

[block]
# block no. 1 follows, 55 sequences, length 15
# corresponding to MSA columns:
# 452-466
name=unknown_B
#
# <colnr> <probs for GDERKNQSTAVLIFYWHMCP>
#	G	D	E	R	K	N	Q	S	T	A	V	L	I	F	Y	W	H	M	C	P
0	0.20381	0.00958	0.01076	0.00849	0.01193	0.00980	0.00700	0.22348	0.04488	0.40274	0.01391	0.01287	0.00926	0.00542	0.00428	0.00143	0.00418	0.00410	0.00480	0.00727
1	0.01229	0.00773	0.00963	0.00775	0.01107	0.00650	0.00640	0.04426	0.01127	0.21381	0.01445	0.02054	0.01240	0.00615	0.00445	0.00122	0.00382	0.17114	0.00391	0.43122
2	0.00779	0.00639	0.00870	0.18391	0.01339	0.00612	0.00649	0.01011	0.01136	0.01610	0.40672	0.02399	0.05335	0.00702	0.00480	0.00129	0.00338	0.00612	0.00384	0.21912
3	0.01343	0.01547	0.01300	0.01446	0.18499	0.44026	0.00935	0.01508	0.01120	0.01207	0.00884	0.01153	0.00770	0.01216	0.20722	0.00280	0.00878	0.00374	0.00240	0.00551
4	0.00656	0.00590	0.00686	0.00647	0.00766	0.00620	0.00508	0.00772	0.00981	0.01228	0.03721	0.05615	0.59622	0.01108	0.00765	0.00169	0.18159	0.02586	0.00382	0.00418
5	0.01496	0.00745	0.01087	0.21207	0.01642	0.00739	0.00850	0.01715	0.01175	0.43860	0.01720	0.02293	0.01350	0.00702	0.00505	0.00162	0.00459	0.17197	0.00452	0.00644
6	0.22249	0.00591	0.00610	0.00576	0.00736	0.00613	0.00442	0.01103	0.03844	0.03060	0.32968	0.06867	0.04614	0.00751	0.00434	0.00141	0.00265	0.00620	0.19052	0.00465
7	0.00628	0.00446	0.00487	0.00515	0.00625	0.00399	0.00372	0.00761	0.01007	0.01366	0.06462	0.24853	0.39664	0.01106	0.00513	0.00155	0.00240	0.00948	0.19056	0.00399
8	0.01224	0.01671	0.21551	0.02115	0.43904	0.18608	0.01386	0.01532	0.01096	0.01426	0.00831	0.01041	0.00670	0.00435	0.00447	0.00136	0.00648	0.00372	0.00224	0.00682
9	0.00640	0.00493	0.00688	0.00688	0.00787	0.00541	0.00532	0.00795	0.00816	0.01118	0.01998	0.02403	0.18394	0.02988	0.64172	0.00619	0.01027	0.00603	0.00289	0.00410
10	0.19440	0.00512	0.00606	0.00618	0.00687	0.00536	0.00433	0.00782	0.00717	0.01180	0.01211	0.21701	0.01308	0.01320	0.01181	0.46218	0.00361	0.00600	0.00278	0.00311
11	0.65692	0.01228	0.00842	0.00758	0.01034	0.21176	0.00602	0.01490	0.00923	0.01851	0.00666	0.00776	0.00528	0.00444	0.00321	0.00138	0.00479	0.00264	0.00276	0.00513
12	0.01001	0.00947	0.01535	0.02261	0.60770	0.00928	0.01160	0.01238	0.01060	0.01454	0.01832	0.01981	0.20641	0.00605	0.00483	0.00143	0.00474	0.00556	0.00281	0.00651
13	0.00812	0.00738	0.01223	0.58517	0.04297	0.00875	0.02827	0.01066	0.00927	0.01203	0.01264	0.21712	0.01237	0.00710	0.00499	0.00163	0.00535	0.00643	0.00264	0.00490
14	0.01222	0.52483	0.01927	0.00823	0.01198	0.10067	0.00751	0.01381	0.00984	0.01205	0.00699	0.00817	0.00621	0.00403	0.00352	0.00097	0.02476	0.00265	0.00223	0.22007

[dist]
# distance from previous block
# <min> <max>
0	1

[block]
# block no. 2 follows, 55 sequences, length 12
# corresponding to MSA columns:
# 468-479
name=unknown_C
#
# <colnr> <probs for GDERKNQSTAVLIFYWHMCP>
#	G	D	E	R	K	N	Q	S	T	A	V	L	I	F	Y	W	H	M	C	P
0	0.00875	0.07294	0.48260	0.01047	0.01521	0.00933	0.01226	0.01310	0.03401	0.01584	0.25832	0.01770	0.01806	0.00604	0.00467	0.00144	0.00519	0.00499	0.00304	0.00605
1	0.01167	0.10541	0.14989	0.02985	0.11944	0.03969	0.26474	0.09273	0.06092	0.01598	0.02333	0.01245	0.00822	0.00476	0.00500	0.00146	0.02733	0.01788	0.00269	0.00656
2	0.00618	0.00442	0.00599	0.00706	0.00756	0.00422	0.00521	0.00737	0.00941	0.01245	0.02536	0.61416	0.02965	0.01409	0.00607	0.00196	0.00314	0.22747	0.00431	0.00392
3	0.00682	0.00622	0.00742	0.00689	0.00797	0.00682	0.00543	0.00794	0.00956	0.01216	0.03479	0.06498	0.55170	0.01087	0.00826	0.00171	0.23421	0.00833	0.00368	0.00425
4	0.00993	0.00517	0.00688	0.00688	0.00816	0.00465	0.00498	0.01104	0.01024	0.23623	0.02480	0.55946	0.06899	0.01194	0.00556	0.00175	0.00303	0.01063	0.00472	0.00495
5	0.01017	0.00905	0.01224	0.01297	0.23468	0.00756	0.00797	0.01243	0.00991	0.01517	0.00840	0.01017	0.00702	0.00364	0.00377	0.00088	0.00403	0.00315	0.00263	0.62413
6	0.00857	0.00678	0.00804	0.00757	0.00932	0.00698	0.03104	0.01404	0.28713	0.04821	0.08514	0.24124	0.20737	0.00993	0.00531	0.00164	0.00315	0.00866	0.00452	0.00537
7	0.01746	0.01961	0.01340	0.01163	0.01439	0.59223	0.00895	0.23575	0.01562	0.01642	0.00831	0.00917	0.00653	0.00502	0.00432	0.00125	0.00747	0.00333	0.00303	0.00610
8	0.01079	0.60496	0.01928	0.00737	0.01054	0.01447	0.00696	0.01248	0.01050	0.01311	0.23071	0.01513	0.01662	0.00553	0.00369	0.00113	0.00419	0.00415	0.00287	0.00553
9	0.01858	0.01159	0.01307	0.01002	0.01371	0.01230	0.00828	0.57595	0.01947	0.24874	0.01319	0.01248	0.00892	0.00563	0.00466	0.00141	0.00479	0.00433	0.00496	0.00791
10	0.00579	0.00442	0.00526	0.00567	0.00655	0.00395	0.00398	0.00692	0.01012	0.01308	0.15360	0.38617	0.32220	0.04232	0.00634	0.00180	0.00256	0.01098	0.00439	0.00389
11	0.01768	0.01303	0.01396	0.01070	0.01443	0.01443	0.00884	0.79197	0.02187	0.02932	0.01117	0.01117	0.00791	0.00558	0.00465	0.00140	0.00512	0.00419	0.00465	0.00791

[dist]
# distance from previous block
# <min> <max>
4	8

[block]
# block no. 3 follows, 55 sequences, length 29
# corresponding to MSA columns:
# 488-516
name=unknown_D
#
# <colnr> <probs for GDERKNQSTAVLIFYWHMCP>
#	G	D	E	R	K	N	Q	S	T	A	V	L	I	F	Y	W	H	M	C	P
0	0.01002	0.08590	0.18364	0.01297	0.01650	0.01098	0.25623	0.01296	0.00986	0.03570	0.05829	0.01614	0.05028	0.06200	0.00788	0.00177	0.14103	0.01952	0.00261	0.00572
1	0.00668	0.00477	0.00656	0.00764	0.00835	0.00465	0.00608	0.00823	0.00991	0.01301	0.02508	0.40001	0.02855	0.01362	0.00621	0.00203	0.00358	0.43667	0.00430	0.00406
2	0.00936	0.00658	0.00818	0.04501	0.00906	0.00799	0.00605	0.03287	0.00922	0.01539	0.01188	0.01474	0.00974	0.00682	0.02329	0.00154	0.25820	0.00425	0.51510	0.00470
3	0.01930	0.00864	0.01103	0.00865	0.01212	0.00814	0.00708	0.08810	0.12398	0.63384	0.01783	0.01565	0.01159	0.00582	0.00468	0.00146	0.00402	0.00472	0.00552	0.00784
4	0.01144	0.01098	0.01876	0.04900	0.78759	0.01104	0.01424	0.01422	0.01056	0.01511	0.00874	0.01154	0.00734	0.00416	0.00461	0.00139	0.00554	0.00414	0.00230	0.00731
5	0.01157	0.00999	0.01052	0.00947	0.01210	0.01157	0.00736	0.02472	0.79908	0.01946	0.01893	0.01736	0.01420	0.00631	0.00473	0.00158	0.00368	0.00526	0.00473	0.00736
6	0.01275	0.01062	0.01153	0.01050	0.04549	0.01210	0.00793	0.17197	0.61681	0.02118	0.01702	0.01592	0.01271	0.00608	0.00471	0.00153	0.00403	0.00501	0.00462	0.00747
7	0.00698	0.00493	0.00582	0.00548	0.00695	0.00433	0.00415	0.00869	0.01201	0.06521	0.41065	0.03814	0.38899	0.01031	0.00544	0.00151	0.00238	0.00882	0.00480	0.00440
8	0.01044	0.00677	0.00838	0.00815	0.00995	0.00685	0.00675	0.10193	0.08091	0.11628	0.03826	0.08155	0.08683	0.02466	0.00592	0.00185	0.00392	0.35953	0.03571	0.00535
9	0.01536	0.00731	0.00919	0.02009	0.01068	0.00675	0.00613	0.03660	0.09494	0.46890	0.03711	0.05691	0.17001	0.00742	0.00487	0.00149	0.00354	0.00615	0.02986	0.00669
10	0.07806	0.09751	0.01354	0.05153	0.01371	0.02630	0.00813	0.49746	0.01707	0.03416	0.01036	0.01113	0.00771	0.00555	0.00475	0.02189	0.01982	0.00388	0.07059	0.00685
11	0.01151	0.01002	0.06984	0.03255	0.03642	0.00788	0.02749	0.09132	0.02510	0.09123	0.01004	0.02482	0.00789	0.00426	0.00394	0.00099	0.00416	0.00350	0.00319	0.53384
12	0.04258	0.25365	0.12319	0.01070	0.04626	0.11436	0.00947	0.09463	0.13556	0.01528	0.01004	0.03593	0.00837	0.00591	0.02114	0.00147	0.05844	0.00384	0.00287	0.00630
13	0.00653	0.00448	0.00515	0.00529	0.00546	0.00441	0.00314	0.00676	0.00733	0.00968	0.01835	0.13164	0.07630	0.65257	0.04062	0.00404	0.00433	0.00775	0.00311	0.00305
14	0.01191	0.07330	0.07495	0.01900	0.37876	0.01151	0.06628	0.08076	0.13324	0.03793	0.02546	0.02909	0.00947	0.00493	0.00458	0.00140	0.00523	0.00449	0.00302	0.02468
15	0.01063	0.07779	0.52442	0.01398	0.09633	0.04538	0.02719	0.02681	0.04822	0.03369	0.01894	0.01066	0.00712	0.00470	0.00476	0.00144	0.03518	0.00367	0.00233	0.00676
16	0.01417	0.45399	0.01923	0.00983	0.01291	0.30448	0.00854	0.03776	0.01095	0.01165	0.00683	0.00813	0.00605	0.00466	0.00448	0.00117	0.07435	0.00285	0.00222	0.00575
17	0.00973	0.00932	0.04047	0.36421	0.20584	0.00984	0.05550	0.04566	0.02551	0.01470	0.07719	0.01519	0.03244	0.00527	0.00488	0.00148	0.01943	0.00474	0.05281	0.00581
18	0.00622	0.00475	0.00554	0.00589	0.00693	0.00434	0.00444	0.00743	0.00993	0.01249	0.06665	0.13453	0.38270	0.14367	0.00865	0.00220	0.00317	0.18253	0.00411	0.00383
19	0.00789	0.00422	0.00623	0.03119	0.00691	0.00423	0.00431	0.00635	0.00662	0.00877	0.03150	0.03867	0.04265	0.01540	0.01656	0.75532	0.00395	0.00465	0.00226	0.00231
20	0.00567	0.00405	0.00540	0.00648	0.00675	0.00378	0.00432	0.00648	0.00891	0.01188	0.02564	0.83347	0.03077	0.01457	0.00594	0.00189	0.00270	0.01323	0.00432	0.00378
21	0.01738	0.02217	0.01318	0.01199	0.01438	0.81783	0.00899	0.01858	0.01318	0.01139	0.00719	0.00839	0.00599	0.00479	0.00419	0.00120	0.00839	0.00300	0.00240	0.00539
22	0.81721	0.03851	0.02815	0.00637	0.00939	0.01073	0.00545	0.01371	0.00802	0.02037	0.00653	0.00761	0.00509	0.00431	0.00292	0.00142	0.00373	0.00254	0.00282	0.00512
23	0.01016	0.01192	0.13975	0.12210	0.38083	0.01003	0.07960	0.03068	0.01081	0.01522	0.08104	0.01517	0.04804	0.00512	0.00476	0.00144	0.00551	0.00480	0.01655	0.00646
24	0.00946	0.02045	0.61697	0.01522	0.14158	0.01042	0.03015	0.01414	0.00993	0.01460	0.01020	0.01187	0.04033	0.00556	0.02805	0.00164	0.00665	0.00390	0.00214	0.00674
25	0.00902	0.01689	0.45514	0.01242	0.01735	0.00936	0.14265	0.02901	0.01076	0.01535	0.11935	0.04605	0.05128	0.00612	0.00494	0.00153	0.00590	0.03799	0.00280	0.00610
26	0.01519	0.15215	0.02637	0.00989	0.01349	0.12110	0.00831	0.39252	0.07553	0.02114	0.01004	0.01043	0.00765	0.00498	0.00417	0.00123	0.00524	0.00364	0.00364	0.11330
27	0.00658	0.00526	0.02853	0.00544	0.00629	0.00464	0.00381	0.00759	0.02382	0.01132	0.05326	0.05765	0.26418	0.43501	0.01477	0.00309	0.00368	0.03266	0.02887	0.00355
28	0.02321	0.15096	0.29556	0.04104	0.10184	0.09755	0.03750	0.09394	0.03413	0.03831	0.00877	0.01016	0.00673	0.00470	0.00465	0.00138	0.03684	0.00358	0.00254	0.00661

[dist]
# distance from previous block
# <min> <max>
0	22

[block]
# block no. 4 follows, 55 sequences, length 11
# corresponding to MSA columns:
# 539-549
name=unknown_E
#
# <colnr> <probs for GDERKNQSTAVLIFYWHMCP>
#	G	D	E	R	K	N	Q	S	T	A	V	L	I	F	Y	W	H	M	C	P
0	0.01642	0.04102	0.01335	0.01145	0.01394	0.59173	0.00882	0.12614	0.04694	0.01423	0.00902	0.01000	0.02380	0.00527	0.00485	0.00129	0.04966	0.00345	0.00282	0.00580
1	0.01066	0.04517	0.10460	0.01025	0.09298	0.00833	0.02436	0.07398	0.02112	0.05407	0.01117	0.01411	0.03338	0.11094	0.00653	0.00150	0.00448	0.00400	0.00296	0.36542
2	0.00993	0.00888	0.01395	0.72098	0.02979	0.01086	0.01240	0.11180	0.01091	0.01412	0.00864	0.01225	0.00642	0.00477	0.00465	0.00153	0.00606	0.00414	0.00240	0.00552
3	0.00623	0.00443	0.00556	0.00609	0.00684	0.00404	0.00428	0.00735	0.00996	0.03224	0.14221	0.48812	0.18800	0.04012	0.00635	0.00185	0.00270	0.03521	0.00442	0.00398
4	0.00997	0.00877	0.01411	0.01213	0.05029	0.03300	0.24202	0.06914	0.04066	0.05234	0.03177	0.20466	0.08827	0.00848	0.00544	0.00165	0.00495	0.09366	0.02323	0.00546
5	0.01407	0.12032	0.01503	0.17732	0.05390	0.30321	0.03530	0.06665	0.06925	0.06605	0.02976	0.01136	0.00818	0.00495	0.00433	0.00133	0.00636	0.00379	0.00288	0.00599
6	0.00833	0.00438	0.00452	0.00450	0.00545	0.00436	0.00325	0.01022	0.00954	0.01634	0.05362	0.01987	0.01412	0.11207	0.00598	0.00154	0.00247	0.00485	0.71045	0.00414
7	0.00736	0.00537	0.00647	0.00672	0.00761	0.00528	0.00476	0.10730	0.01080	0.01427	0.05585	0.51927	0.11824	0.08110	0.00719	0.00200	0.00314	0.02873	0.00427	0.00428
8	0.01112	0.06181	0.08812	0.08173	0.24204	0.08233	0.06377	0.01449	0.08118	0.04767	0.01195	0.01601	0.03070	0.11188	0.01660	0.00189	0.00569	0.02217	0.00278	0.00605
9	0.07728	0.05448	0.39295	0.01721	0.04012	0.01452	0.07730	0.02042	0.01549	0.11128	0.02002	0.02510	0.05205	0.01065	0.00805	0.00299	0.00847	0.03537	0.00559	0.01065
10	0.00659	0.00515	0.00606	0.00632	0.02980	0.00473	0.00445	0.03918	0.01114	0.01443	0.21478	0.15811	0.37656	0.06892	0.00680	0.00181	0.00278	0.03385	0.00436	0.00421

[dist]
# distance from previous block
# <min> <max>
0	18

[block]
# block no. 5 follows, 55 sequences, length 6
# corresponding to MSA columns:
# 568-573
name=unknown_F
#
# <colnr> <probs for GDERKNQSTAVLIFYWHMCP>
#	G	D	E	R	K	N	Q	S	T	A	V	L	I	F	Y	W	H	M	C	P
0	0.01023	0.01008	0.01793	0.35738	0.32310	0.01103	0.13399	0.01322	0.00994	0.01357	0.00852	0.01198	0.00677	0.00452	0.00531	0.00151	0.04820	0.00435	0.00220	0.00617
1	0.01152	0.04790	0.10755	0.21612	0.19232	0.05659	0.04723	0.06543	0.01096	0.07316	0.01047	0.01278	0.02519	0.00656	0.05033	0.00177	0.02680	0.00420	0.02690	0.00622
2	0.00806	0.00811	0.05643	0.48369	0.07496	0.00847	0.01066	0.01060	0.00937	0.01229	0.01434	0.22449	0.04491	0.00744	0.00500	0.00162	0.00514	0.00666	0.00275	0.00500
3	0.01642	0.00849	0.04245	0.00870	0.01192	0.00731	0.05066	0.08303	0.01332	0.49242	0.09961	0.05371	0.04248	0.00656	0.00482	0.00146	0.00402	0.00556	0.04012	0.00695
4	0.05542	0.04503	0.07020	0.05952	0.13630	0.08768	0.10190	0.03419	0.03807	0.07447	0.07036	0.08562	0.02879	0.00620	0.00526	0.00148	0.05124	0.00530	0.03706	0.00592
5	0.01243	0.03141	0.09937	0.01248	0.12527	0.03490	0.07252	0.06811	0.01154	0.19574	0.01571	0.19018	0.02826	0.00732	0.00515	0.00153	0.02134	0.02791	0.00375	0.03510

[dist]
# distance from previous block
# <min> <max>
0	14

[block]
# block no. 6 follows, 55 sequences, length 41
# corresponding to MSA columns:
# 588-599,601-629
name=unknown_G
#
# <colnr> <probs for GDERKNQSTAVLIFYWHMCP>
#	G	D	E	R	K	N	Q	S	T	A	V	L	I	F	Y	W	H	M	C	P
0	0.00815	0.00681	0.02532	0.03492	0.03964	0.00623	0.06600	0.02450	0.03151	0.02990	0.05594	0.12590	0.13884	0.08223	0.00724	0.01460	0.00407	0.20722	0.00373	0.08727
1	0.06092	0.04056	0.08583	0.00830	0.01046	0.10111	0.00695	0.07211	0.01101	0.08551	0.05826	0.30262	0.01844	0.03449	0.01857	0.01934	0.00447	0.03276	0.00374	0.02454
2	0.01359	0.16043	0.09525	0.02568	0.10262	0.20827	0.07419	0.14971	0.04501	0.01593	0.00970	0.03150	0.00808	0.00511	0.00435	0.00133	0.00617	0.02277	0.01393	0.00636
3	0.00810	0.00425	0.00625	0.00623	0.00634	0.00434	0.00422	0.00669	0.02786	0.00853	0.00860	0.01444	0.00843	0.01684	0.05825	0.79766	0.00446	0.00412	0.00212	0.00227
4	0.01201	0.01212	0.01799	0.07000	0.67833	0.09956	0.01362	0.01462	0.01081	0.01460	0.00855	0.01122	0.00715	0.00424	0.00456	0.00137	0.00588	0.00402	0.00230	0.00703
5	0.00604	0.00461	0.00559	0.00572	0.00679	0.00416	0.00421	0.00756	0.01114	0.01473	0.32856	0.21270	0.30436	0.01210	0.02433	0.00175	0.00266	0.03433	0.00458	0.00409
6	0.01059	0.01002	0.01400	0.07858	0.01387	0.01362	0.01018	0.05367	0.00822	0.02678	0.00692	0.01069	0.00643	0.00825	0.03076	0.00207	0.68371	0.00411	0.00226	0.00528
7	0.00570	0.00470	0.00500	0.00497	0.00642	0.00401	0.00371	0.00705	0.01101	0.01364	0.18249	0.06577	0.64654	0.01146	0.00551	0.00156	0.00234	0.00966	0.00446	0.00401
8	0.00989	0.03088	0.03714	0.00538	0.00705	0.00557	0.00445	0.02459	0.03313	0.07684	0.03927	0.01708	0.01247	0.00552	0.00353	0.00115	0.00266	0.00442	0.67409	0.00490
9	0.01768	0.01303	0.01396	0.01070	0.01443	0.01443	0.00884	0.79197	0.02187	0.02932	0.01117	0.01117	0.00791	0.00558	0.00465	0.00140	0.00512	0.00419	0.00465	0.00791
10	0.00970	0.02032	0.59379	0.07450	0.11386	0.03028	0.02868	0.01436	0.01005	0.01464	0.02649	0.01092	0.00708	0.00454	0.00447	0.00146	0.00653	0.00373	0.01794	0.00666
11	0.01738	0.02217	0.01318	0.01199	0.01438	0.81783	0.00899	0.01858	0.01318	0.01139	0.00719	0.00839	0.00599	0.00479	0.00419	0.00120	0.00839	0.00300	0.00240	0.00539
12	0.01738	0.02217	0.01318	0.01199	0.01438	0.81783	0.00899	0.01858	0.01318	0.01139	0.00719	0.00839	0.00599	0.00479	0.00419	0.00120	0.00839	0.00300	0.00240	0.00539
13	0.00677	0.00451	0.00507	0.00507	0.00507	0.00451	0.00282	0.00677	0.00677	0.00902	0.01466	0.03044	0.01691	0.83650	0.02368	0.00451	0.00451	0.00677	0.00282	0.00282
14	0.00965	0.00827	0.00965	0.00689	0.01102	0.00620	0.00551	0.01171	0.00965	0.01516	0.00827	0.00965	0.00689	0.00345	0.00345	0.00069	0.00345	0.00276	0.00276	0.86494
15	0.01157	0.00999	0.01052	0.00947	0.01210	0.01157	0.00736	0.02472	0.79908	0.01946	0.01893	0.01736	0.01420	0.00631	0.00473	0.00158	0.00368	0.00526	0.00473	0.00736
16	0.04790	0.00806	0.01074	0.00826	0.01184	0.00712	0.00682	0.03932	0.01333	0.76828	0.01782	0.01547	0.01123	0.00571	0.00462	0.00144	0.00397	0.00460	0.00564	0.00783
17	0.02077	0.00809	0.01090	0.00836	0.01196	0.00709	0.00690	0.04803	0.01360	0.78495	0.01812	0.01568	0.01140	0.00575	0.00468	0.00144	0.00400	0.00466	0.00572	0.00792
18	0.86937	0.00900	0.00684	0.00612	0.00900	0.01044	0.00504	0.01368	0.00792	0.02087	0.00648	0.00756	0.00504	0.00432	0.00288	0.00144	0.00360	0.00252	0.00288	0.00504
19	0.00567	0.00405	0.00540	0.00648	0.00675	0.00378	0.00432	0.00648	0.00891	0.01188	0.02564	0.83347	0.03077	0.01457	0.00594	0.00189	0.00270	0.01323	0.00432	0.00378
20	0.02087	0.00792	0.01080	0.00828	0.01188	0.00684	0.00684	0.02267	0.01332	0.81071	0.01835	0.01583	0.01152	0.00576	0.00468	0.00144	0.00396	0.00468	0.00576	0.00792
21	0.01768	0.01303	0.01396	0.01070	0.01443	0.01443	0.00884	0.79197	0.02187	0.02932	0.01117	0.01117	0.00791	0.00558	0.00465	0.00140	0.00512	0.00419	0.00465	0.00791
22	0.01768	0.01303	0.01396	0.01070	0.01443	0.01443	0.00884	0.79197	0.02187	0.02932	0.01117	0.01117	0.00791	0.00558	0.00465	0.00140	0.00512	0.00419	0.00465	0.00791
23	0.02087	0.00792	0.01080	0.00828	0.01188	0.00684	0.00684	0.02267	0.01332	0.81071	0.01835	0.01583	0.01152	0.00576	0.00468	0.00144	0.00396	0.00468	0.00576	0.00792
24	0.02071	0.00818	0.01096	0.00840	0.01201	0.00723	0.00694	0.06273	0.01376	0.77002	0.01798	0.01559	0.01133	0.00575	0.00468	0.00144	0.00402	0.00465	0.00570	0.00792
25	0.86937	0.00900	0.00684	0.00612	0.00900	0.01044	0.00504	0.01368	0.00792	0.02087	0.00648	0.00756	0.00504	0.00432	0.00288	0.00144	0.00360	0.00252	0.00288	0.00504
26	0.00665	0.00498	0.00748	0.00748	0.00831	0.00582	0.00582	0.00831	0.00748	0.01080	0.01246	0.01828	0.01163	0.03489	0.81807	0.00748	0.01246	0.00498	0.00249	0.00415
27	0.02069	0.00821	0.01098	0.00842	0.01202	0.00727	0.00695	0.06691	0.01381	0.76577	0.01794	0.01557	0.01131	0.00575	0.00468	0.00144	0.00403	0.00465	0.00569	0.00792
28	0.00899	0.00443	0.00450	0.00444	0.00559	0.00440	0.00334	0.01114	0.00985	0.03776	0.01526	0.01731	0.01191	0.00543	0.00329	0.00109	0.00221	0.00434	0.84029	0.00443
29	0.00579	0.00410	0.00536	0.00632	0.00656	0.00386	0.00415	0.00651	0.00867	0.01155	0.02440	0.74294	0.02921	0.10723	0.00794	0.00218	0.00290	0.01250	0.00415	0.00367
30	0.00807	0.00568	0.00707	0.00647	0.00793	0.00554	0.00493	0.02422	0.10797	0.05909	0.64379	0.03148	0.05165	0.00891	0.00534	0.00148	0.00251	0.00780	0.00508	0.00498
31	0.01115	0.00682	0.00885	0.00790	0.00962	0.00729	0.00615	0.07277	0.09090	0.18582	0.05185	0.04571	0.01407	0.10058	0.32777	0.00417	0.03385	0.00547	0.00379	0.00548
32	0.04300	0.00881	0.01056	0.00856	0.01175	0.00883	0.00693	0.09524	0.22834	0.45502	0.01731	0.01564	0.01173	0.00583	0.00456	0.00145	0.00389	0.00471	0.05035	0.00749
33	0.00571	0.00408	0.00541	0.00643	0.00672	0.00381	0.00429	0.00654	0.00897	0.01198	0.04462	0.79617	0.03079	0.03247	0.00632	0.00194	0.00273	0.01297	0.00431	0.00377
34	0.03747	0.00854	0.01118	0.00904	0.03383	0.00787	0.00719	0.08590	0.05004	0.67158	0.01728	0.01523	0.01109	0.00570	0.00464	0.00144	0.00408	0.00461	0.00547	0.00782
35	0.02388	0.01126	0.03837	0.08103	0.41100	0.05356	0.07735	0.03826	0.06430	0.06661	0.01026	0.01241	0.00809	0.00562	0.03079	0.00162	0.02692	0.00430	0.02761	0.00676
36	0.00661	0.00436	0.00575	0.00645	0.00704	0.00402	0.00444	0.00762	0.00963	0.05770	0.10071	0.67858	0.06260	0.01348	0.00581	0.00181	0.00271	0.01214	0.00448	0.00408
37	0.00685	0.00503	0.00711	0.00715	0.00789	0.00564	0.00537	0.02601	0.00790	0.01114	0.01416	0.09339	0.01429	0.14237	0.60086	0.00632	0.01016	0.02154	0.00279	0.00403
38	0.31019	0.04998	0.10034	0.07243	0.20231	0.12096	0.05322	0.01455	0.00981	0.01616	0.00760	0.00947	0.00605	0.00434	0.00391	0.00139	0.00554	0.00335	0.00245	0.00596
39	0.00607	0.00463	0.00554	0.00553	0.00664	0.00414	0.00404	0.00765	0.01149	0.01529	0.40516	0.15536	0.30884	0.03127	0.00600	0.00164	0.00238	0.00957	0.00467	0.00410
40	0.01123	0.08191	0.27987	0.01710	0.25829	0.03676	0.07991	0.01521	0.04792	0.05060	0.02532	0.01146	0.00792	0.00447	0.00444	0.00137	0.00588	0.00394	0.00253	0.05387

[dist]
# distance from previous block
# <min> <max>
4	7

[block]
# block no. 7 follows, 55 sequences, length 25
# corresponding to MSA columns:
# 643-667
name=unknown_H
#
# <colnr> <probs for GDERKNQSTAVLIFYWHMCP>
#	G	D	E	R	K	N	Q	S	T	A	V	L	I	F	Y	W	H	M	C	P
0	0.06214	0.06487	0.04317	0.03967	0.01339	0.01117	0.02558	0.26654	0.07548	0.18396	0.04802	0.03000	0.03625	0.00622	0.00524	0.00148	0.05501	0.02082	0.00420	0.00680
1	0.00605	0.00477	0.00512	0.00505	0.00654	0.00406	0.00378	0.00738	0.01099	0.03316	0.16002	0.07615	0.63789	0.01141	0.00550	0.00156	0.00239	0.00962	0.00448	0.00409
2	0.02053	0.00799	0.01079	0.00832	0.01188	0.00701	0.00686	0.02275	0.04187	0.78195	0.01837	0.01589	0.01161	0.00578	0.00468	0.00144	0.00395	0.00470	0.00572	0.00790
3	0.00879	0.00827	0.01395	0.82532	0.03204	0.01034	0.01292	0.01189	0.00930	0.01189	0.00827	0.01240	0.00620	0.00465	0.00465	0.00155	0.00620	0.00413	0.00207	0.00517
4	0.01013	0.00877	0.01329	0.09491	0.03875	0.02353	0.16816	0.15684	0.02640	0.01689	0.08414	0.18366	0.04256	0.00820	0.00534	0.00163	0.00488	0.08860	0.01780	0.00552
5	0.86937	0.00900	0.00684	0.00612	0.00900	0.01044	0.00504	0.01368	0.00792	0.02087	0.00648	0.00756	0.00504	0.00432	0.00288	0.00144	0.00360	0.00252	0.00288	0.00504
6	0.01768	0.01303	0.01396	0.01070	0.01443	0.01443	0.00884	0.79197	0.02187	0.02932	0.01117	0.01117	0.00791	0.00558	0.00465	0.00140	0.00512	0.00419	0.00465	0.00791
7	0.86937	0.00900	0.00684	0.00612	0.00900	0.01044	0.00504	0.01368	0.00792	0.02087	0.00648	0.00756	0.00504	0.00432	0.00288	0.00144	0.00360	0.00252	0.00288	0.00504
8	0.01768	0.01303	0.01396	0.01070	0.01443	0.01443	0.00884	0.79197	0.02187	0.02932	0.01117	0.01117	0.00791	0.00558	0.00465	0.00140	0.00512	0.00419	0.00465	0.00791
9	0.02087	0.00792	0.01080	0.00828	0.01188	0.00684	0.00684	0.02267	0.01332	0.81071	0.01835	0.01583	0.01152	0.00576	0.00468	0.00144	0.00396	0.00468	0.00576	0.00792
10	0.00867	0.00434	0.00434	0.00434	0.00542	0.00434	0.00325	0.01084	0.00976	0.01734	0.01518	0.01734	0.01192	0.00542	0.00325	0.00108	0.00217	0.00434	0.86233	0.00434
11	0.00879	0.00827	0.01395	0.82532	0.03204	0.01034	0.01292	0.01189	0.00930	0.01189	0.00827	0.01240	0.00620	0.00465	0.00465	0.00155	0.00620	0.00413	0.00207	0.00517
12	0.01768	0.01303	0.01396	0.01070	0.01443	0.01443	0.00884	0.79197	0.02187	0.02932	0.01117	0.01117	0.00791	0.00558	0.00465	0.00140	0.00512	0.00419	0.00465	0.00791
13	0.00663	0.00510	0.00616	0.00625	0.00742	0.00485	0.00470	0.00922	0.07819	0.01539	0.31910	0.20046	0.22701	0.01114	0.00560	0.00165	0.00265	0.07943	0.00465	0.00439
14	0.00756	0.00619	0.02583	0.00792	0.00868	0.00674	0.00625	0.02299	0.02477	0.01166	0.01516	0.10247	0.01591	0.17285	0.29301	0.02322	0.11356	0.12806	0.00302	0.00416
15	0.82220	0.00922	0.00723	0.00637	0.00930	0.01066	0.00525	0.05678	0.00869	0.02134	0.00674	0.00776	0.00520	0.00439	0.00298	0.00144	0.00368	0.00261	0.00298	0.00520
16	0.86937	0.00900	0.00684	0.00612	0.00900	0.01044	0.00504	0.01368	0.00792	0.02087	0.00648	0.00756	0.00504	0.00432	0.00288	0.00144	0.00360	0.00252	0.00288	0.00504
17	0.00690	0.00449	0.00531	0.00531	0.00536	0.00453	0.00311	0.00678	0.00673	0.00902	0.01384	0.02804	0.01568	0.70502	0.06709	0.09599	0.00490	0.00638	0.00272	0.00281
18	0.00658	0.00476	0.00622	0.00585	0.00695	0.00439	0.00439	0.00878	0.01317	0.01866	0.80503	0.03475	0.04390	0.00951	0.00549	0.00146	0.00219	0.00841	0.00512	0.00439
19	0.00948	0.00941	0.01734	0.54869	0.08901	0.01058	0.19742	0.01272	0.00984	0.01292	0.00906	0.01356	0.00711	0.00468	0.00490	0.00156	0.00648	0.02745	0.00222	0.00557
20	0.00808	0.00404	0.00606	0.00606	0.00606	0.00404	0.00404	0.00606	0.00606	0.00808	0.00808	0.01414	0.00808	0.01616	0.01818	0.86465	0.00404	0.00404	0.00202	0.00202
21	0.01042	0.00936	0.02760	0.06776	0.09867	0.02522	0.03534	0.02742	0.00883	0.05688	0.00940	0.02943	0.00829	0.01069	0.12260	0.00253	0.37770	0.00447	0.06195	0.00542
22	0.01121	0.00789	0.01155	0.09909	0.17843	0.00811	0.00946	0.06077	0.04747	0.13055	0.01762	0.03033	0.01665	0.00841	0.00542	0.00175	0.00472	0.34078	0.00389	0.00590
23	0.83006	0.00877	0.00677	0.00613	0.00889	0.01013	0.00501	0.01335	0.00796	0.02046	0.00735	0.04514	0.00621	0.00479	0.00302	0.00146	0.00356	0.00301	0.00294	0.00498
24	0.03124	0.08714	0.10330	0.01037	0.06136	0.02900	0.00868	0.24516	0.08073	0.04719	0.09633	0.03054	0.05149	0.00618	0.00470	0.00139	0.01765	0.01881	0.02316	0.04559

[dist]
# distance from previous block
# <min> <max>
6	18

[block]
# block no. 8 follows, 55 sequences, length 7
# corresponding to MSA columns:
# 689-695
name=unknown_I
#
# <colnr> <probs for GDERKNQSTAVLIFYWHMCP>
#	G	D	E	R	K	N	Q	S	T	A	V	L	I	F	Y	W	H	M	C	P
0	0.01768	0.01303	0.01396	0.01070	0.01443	0.01443	0.00884	0.79197	0.02187	0.02932	0.01117	0.01117	0.00791	0.00558	0.00465	0.00140	0.00512	0.00419	0.00465	0.00791
1	0.00663	0.00577	0.00591	0.00581	0.00710	0.04165	0.00429	0.00821	0.03332	0.01337	0.15991	0.12050	0.47505	0.05645	0.00678	0.00175	0.03002	0.00915	0.00421	0.00413
2	0.01978	0.00826	0.01087	0.00839	0.01187	0.00747	0.00691	0.09917	0.01417	0.68937	0.06021	0.01639	0.01291	0.00594	0.00472	0.00144	0.00398	0.00483	0.00561	0.00773
3	0.01085	0.01146	0.13239	0.08476	0.27729	0.00983	0.02655	0.09376	0.07373	0.04013	0.10557	0.05179	0.01345	0.02484	0.00519	0.00153	0.00499	0.00515	0.02026	0.00648
4	0.01043	0.01283	0.10322	0.01687	0.02153	0.01067	0.58654	0.01421	0.01084	0.01512	0.05238	0.01317	0.00892	0.00422	0.00516	0.00146	0.00697	0.00515	0.00251	0.09777
5	0.00584	0.00466	0.00523	0.00523	0.00653	0.00405	0.00387	0.00729	0.01120	0.01433	0.27268	0.12066	0.49924	0.01138	0.00554	0.00157	0.00234	0.00974	0.00456	0.00405
6	0.01134	0.00733	0.06724	0.00721	0.00941	0.00592	0.00603	0.03584	0.01198	0.25421	0.30117	0.05522	0.06015	0.10613	0.03809	0.00206	0.00384	0.00672	0.00463	0.00550

[dist]
# distance from previous block
# <min> <max>
5	7

[block]
# block no. 9 follows, 55 sequences, length 34
# corresponding to MSA columns:
# 703-736
name=unknown_J
#
# <colnr> <probs for GDERKNQSTAVLIFYWHMCP>
#	G	D	E	R	K	N	Q	S	T	A	V	L	I	F	Y	W	H	M	C	P
0	0.00712	0.00513	0.00703	0.00804	0.00902	0.00504	0.00680	0.00901	0.01045	0.01355	0.02615	0.16277	0.07492	0.01303	0.00630	0.00207	0.00394	0.62115	0.00429	0.00419
1	0.00913	0.00913	0.03577	0.62514	0.04246	0.01115	0.01251	0.01187	0.00890	0.01189	0.00785	0.01187	0.00620	0.00534	0.00677	0.00164	0.17097	0.00410	0.00206	0.00524
2	0.00727	0.00498	0.00595	0.00570	0.00715	0.00444	0.00439	0.00903	0.01187	0.06980	0.36926	0.03800	0.34112	0.01023	0.00542	0.00154	0.00252	0.06080	0.03610	0.00444
3	0.00569	0.00415	0.00533	0.00623	0.00666	0.00383	0.00419	0.00655	0.00913	0.01202	0.04284	0.70669	0.12060	0.03452	0.00632	0.00191	0.00269	0.01258	0.00430	0.00378
4	0.00569	0.00470	0.00499	0.00497	0.00641	0.00400	0.00371	0.00703	0.01098	0.01358	0.17495	0.06939	0.65056	0.01149	0.00551	0.00156	0.00234	0.00969	0.00446	0.00400
5	0.00572	0.00411	0.00534	0.00630	0.00663	0.00383	0.00419	0.00650	0.00888	0.01176	0.02622	0.74654	0.07235	0.05929	0.00688	0.00202	0.00278	0.01269	0.00424	0.00373
6	0.00651	0.00475	0.00612	0.00578	0.00690	0.00436	0.00433	0.00864	0.01299	0.01824	0.75346	0.03543	0.09572	0.00967	0.00549	0.00147	0.00221	0.00851	0.00507	0.00436
7	0.00658	0.00476	0.00622	0.00585	0.00695	0.00439	0.00439	0.00878	0.01317	0.01866	0.80503	0.03475	0.04390	0.00951	0.00549	0.00146	0.00219	0.00841	0.00512	0.00439
8	0.09176	0.06078	0.01339	0.01087	0.01372	0.46297	0.00854	0.22529	0.02901	0.01715	0.00835	0.00920	0.00657	0.00500	0.00432	0.00128	0.01932	0.00330	0.00306	0.00610
9	0.07094	0.72075	0.04041	0.00813	0.01206	0.03329	0.00802	0.03998	0.00984	0.01233	0.00668	0.00766	0.00597	0.00408	0.00309	0.00105	0.00500	0.00258	0.00215	0.00598
10	0.04271	0.05284	0.17299	0.02928	0.03799	0.04802	0.05488	0.16268	0.07946	0.11926	0.03287	0.01288	0.00939	0.00531	0.00481	0.00142	0.03758	0.00419	0.08480	0.00663
11	0.01119	0.01059	0.01856	0.21465	0.38421	0.01103	0.16349	0.03638	0.05379	0.03623	0.00964	0.01235	0.00753	0.00442	0.00480	0.00147	0.00598	0.00448	0.00255	0.00666
12	0.01151	0.01105	0.01888	0.02855	0.80748	0.01105	0.01428	0.01428	0.01059	0.01520	0.00875	0.01151	0.00737	0.00415	0.00461	0.00138	0.00553	0.00415	0.00230	0.00737
13	0.01187	0.01080	0.01749	0.02523	0.66910	0.01094	0.01314	0.05150	0.06484	0.03401	0.01035	0.01349	0.00866	0.00471	0.00468	0.00142	0.00530	0.03243	0.00273	0.00729
14	0.00774	0.02180	0.00746	0.00676	0.00833	0.00649	0.00519	0.01234	0.20547	0.01655	0.34847	0.03048	0.17828	0.02385	0.08558	0.00215	0.00372	0.01984	0.00451	0.00501
15	0.12901	0.01157	0.01230	0.00949	0.01314	0.01240	0.00782	0.54277	0.01802	0.09104	0.01083	0.01092	0.00772	0.00520	0.00429	0.00133	0.00464	0.00386	0.00431	0.09933
16	0.01768	0.01303	0.01396	0.01070	0.01443	0.01443	0.00884	0.79197	0.02187	0.02932	0.01117	0.01117	0.00791	0.00558	0.00465	0.00140	0.00512	0.00419	0.00465	0.00791
17	0.01439	0.01015	0.01160	0.01048	0.05585	0.01109	0.00788	0.14993	0.47485	0.17530	0.01699	0.01572	0.01227	0.00597	0.00470	0.00151	0.00407	0.00491	0.00479	0.00756
18	0.03409	0.06629	0.04679	0.02157	0.08081	0.03580	0.00737	0.12416	0.04687	0.07125	0.18754	0.06809	0.12383	0.00787	0.01634	0.00153	0.02261	0.00618	0.00396	0.02705
19	0.86937	0.00900	0.00684	0.00612	0.00900	0.01044	0.00504	0.01368	0.00792	0.02087	0.00648	0.00756	0.00504	0.00432	0.00288	0.00144	0.00360	0.00252	0.00288	0.00504
20	0.00750	0.00535	0.00750	0.00857	0.00964	0.00535	0.00750	0.00964	0.01071	0.01392	0.02463	0.05248	0.02677	0.01285	0.00643	0.00214	0.00428	0.77617	0.00428	0.00428
21	0.01167	0.01273	0.09576	0.05695	0.39859	0.03977	0.22959	0.01490	0.01081	0.05599	0.00958	0.01247	0.00758	0.00438	0.00486	0.00146	0.00633	0.01726	0.00249	0.00683
22	0.00897	0.00897	0.03129	0.54879	0.02561	0.03618	0.06728	0.01253	0.06459	0.01274	0.01342	0.06023	0.07831	0.00588	0.00484	0.00156	0.00570	0.00525	0.00260	0.00526
23	0.06432	0.01122	0.01208	0.00969	0.01301	0.01234	0.00788	0.44424	0.21653	0.11779	0.01381	0.01323	0.00986	0.00571	0.00454	0.00144	0.00446	0.00443	0.02588	0.00752
24	0.00795	0.00561	0.00726	0.00719	0.02606	0.00548	0.00540	0.02590	0.07070	0.04856	0.48448	0.05653	0.06217	0.01045	0.02602	0.03325	0.00311	0.10443	0.00471	0.00475
25	0.01030	0.04613	0.36513	0.01580	0.18936	0.01034	0.08215	0.01428	0.03223	0.05198	0.02383	0.08409	0.00995	0.00561	0.00497	0.00151	0.02616	0.01699	0.00262	0.00656
26	0.01157	0.00999	0.01052	0.00947	0.01210	0.01157	0.00736	0.02472	0.79908	0.01946	0.01893	0.01736	0.01420	0.00631	0.00473	0.00158	0.00368	0.00526	0.00473	0.00736
27	0.01786	0.01275	0.01379	0.01057	0.01429	0.01401	0.00873	0.74998	0.02141	0.07197	0.01156	0.01142	0.00811	0.00559	0.00466	0.00140	0.00506	0.00422	0.00471	0.00791
28	0.01097	0.19958	0.37835	0.01208	0.04682	0.02738	0.06608	0.04208	0.04469	0.02719	0.00871	0.00998	0.00668	0.00433	0.00410	0.00128	0.00589	0.00344	0.00238	0.09801
29	0.00586	0.00413	0.00534	0.00623	0.00646	0.00391	0.00406	0.00653	0.00854	0.01138	0.02374	0.69417	0.02837	0.15716	0.00902	0.00234	0.00301	0.01210	0.00406	0.00361
30	0.00625	0.00465	0.00575	0.00631	0.00708	0.00437	0.00448	0.03554	0.00997	0.01303	0.07041	0.51664	0.19683	0.03045	0.02785	0.00199	0.00306	0.04702	0.00429	0.00401
31	0.01160	0.03431	0.05388	0.02394	0.52179	0.01151	0.17168	0.02882	0.01071	0.03291	0.00894	0.01157	0.00725	0.00437	0.00526	0.00145	0.04629	0.00435	0.00240	0.00700
32	0.00926	0.00846	0.01070	0.00962	0.01043	0.06440	0.02195	0.05275	0.00857	0.01196	0.01023	0.03255	0.00985	0.07917	0.35243	0.00440	0.29126	0.00481	0.00251	0.00470
33	0.00865	0.00801	0.01335	0.76951	0.03021	0.00994	0.01223	0.01154	0.00913	0.01169	0.00870	0.01363	0.00693	0.06125	0.00595	0.00175	0.00609	0.00431	0.00212	0.00501

[dist]
# distance from previous block
# <min> <max>
1	4

[block]
# block no. 10 follows, 55 sequences, length 63
# corresponding to MSA columns:
# 741-803
name=unknown_K
#
# <colnr> <probs for GDERKNQSTAVLIFYWHMCP>
#	G	D	E	R	K	N	Q	S	T	A	V	L	I	F	Y	W	H	M	C	P
0	0.00667	0.00488	0.00628	0.00600	0.00710	0.00458	0.00447	0.00913	0.03971	0.01810	0.71006	0.09079	0.05500	0.00980	0.00549	0.00150	0.00228	0.00867	0.00504	0.00444
1	0.00989	0.03561	0.01032	0.02822	0.01167	0.02489	0.00586	0.01194	0.00971	0.01485	0.00819	0.00962	0.00682	0.00352	0.00348	0.00073	0.00368	0.00279	0.00271	0.79550
2	0.03944	0.06183	0.16187	0.09427	0.17507	0.06650	0.21017	0.04451	0.01083	0.03478	0.00927	0.03578	0.00747	0.00472	0.00489	0.00146	0.02387	0.00442	0.00247	0.00638
3	0.00914	0.00829	0.01391	0.76790	0.05514	0.01018	0.01268	0.01219	0.00950	0.03219	0.02042	0.01280	0.00693	0.00474	0.00466	0.00154	0.00606	0.00421	0.00221	0.00529
4	0.01002	0.00644	0.00742	0.00665	0.00869	0.00626	0.00516	0.01423	0.18507	0.15975	0.21244	0.02984	0.27082	0.00865	0.00507	0.00150	0.00289	0.00729	0.04629	0.00553
5	0.01255	0.08343	0.27885	0.01439	0.14491	0.19814	0.02230	0.05833	0.03684	0.03523	0.02632	0.01124	0.02159	0.00493	0.00471	0.00138	0.03206	0.00377	0.00257	0.00647
6	0.03147	0.02879	0.22526	0.05540	0.16816	0.03767	0.06622	0.04916	0.03368	0.15176	0.01233	0.09769	0.01015	0.00574	0.00470	0.00148	0.00549	0.00502	0.00319	0.00665
7	0.00657	0.00495	0.00624	0.00690	0.00801	0.00464	0.00562	0.00819	0.01046	0.01329	0.05659	0.14797	0.28299	0.02627	0.00632	0.00194	0.00339	0.39129	0.00430	0.00408
8	0.00990	0.01221	0.15778	0.06827	0.06785	0.03034	0.20146	0.05046	0.10545	0.01553	0.03009	0.01916	0.16282	0.00613	0.00493	0.00150	0.00541	0.00562	0.03909	0.00600
9	0.01102	0.05176	0.19729	0.06974	0.25497	0.02670	0.25162	0.04104	0.01083	0.01505	0.00888	0.01134	0.00687	0.00424	0.00474	0.00144	0.00654	0.00431	0.01495	0.00666
10	0.02087	0.00792	0.01080	0.00828	0.01188	0.00684	0.00684	0.02267	0.01332	0.81071	0.01835	0.01583	0.01152	0.00576	0.00468	0.00144	0.00396	0.00468	0.00576	0.00792
11	0.00555	0.00465	0.00483	0.00492	0.00635	0.00393	0.00364	0.00674	0.01054	0.01273	0.07298	0.11911	0.70418	0.01196	0.00554	0.00160	0.00238	0.01009	0.00435	0.00393
12	0.00951	0.00915	0.06466	0.04546	0.21192	0.02074	0.05401	0.02847	0.01053	0.05329	0.06947	0.16159	0.11389	0.00821	0.00603	0.00162	0.07261	0.04985	0.00337	0.00559
13	0.01249	0.14712	0.27191	0.02358	0.04147	0.12972	0.09426	0.07864	0.02567	0.06533	0.01011	0.04847	0.00824	0.00516	0.00443	0.00139	0.00623	0.01662	0.00274	0.00642
14	0.01065	0.01022	0.01743	0.26575	0.53600	0.01095	0.02835	0.01348	0.01010	0.01408	0.00854	0.01176	0.00697	0.00442	0.00497	0.00146	0.03187	0.00416	0.00222	0.00662
15	0.01357	0.59253	0.04538	0.00935	0.01303	0.22056	0.02286	0.01515	0.01044	0.01124	0.00676	0.00786	0.00599	0.00420	0.00338	0.00107	0.00595	0.00270	0.00210	0.00586
16	0.00676	0.00452	0.00513	0.00513	0.00515	0.00454	0.00289	0.00680	0.00678	0.00906	0.01461	0.03017	0.01679	0.81854	0.04148	0.00458	0.00469	0.00673	0.00281	0.00285
17	0.01170	0.07000	0.23182	0.03907	0.15187	0.07512	0.07002	0.05956	0.05202	0.05091	0.03530	0.01179	0.00844	0.00524	0.01592	0.00147	0.04148	0.00399	0.00272	0.06155
18	0.01218	0.01051	0.01353	0.03355	0.24825	0.03247	0.02684	0.09946	0.34892	0.04484	0.01515	0.05611	0.02527	0.00596	0.00476	0.00150	0.00459	0.00520	0.00384	0.00708
19	0.00677	0.00451	0.00507	0.00507	0.00507	0.00451	0.00282	0.00677	0.00677	0.00902	0.01466	0.03044	0.01691	0.83650	0.02368	0.00451	0.00451	0.00677	0.00282	0.00282
20	0.08806	0.00814	0.01056	0.00817	0.01171	0.00732	0.00675	0.04187	0.01311	0.72787	0.01723	0.01506	0.01091	0.00564	0.00454	0.00144	0.00396	0.00449	0.00550	0.00769
21	0.01011	0.05447	0.60258	0.07705	0.09477	0.03484	0.01574	0.01472	0.01001	0.03161	0.00849	0.01017	0.00618	0.00443	0.00440	0.00144	0.00660	0.00353	0.00210	0.00673
22	0.00587	0.00470	0.00559	0.00595	0.00683	0.00442	0.00428	0.00693	0.00980	0.01251	0.07611	0.39696	0.37518	0.01273	0.00620	0.00173	0.04504	0.01098	0.00424	0.00395
23	0.01190	0.00979	0.01046	0.00939	0.01203	0.01121	0.00734	0.02428	0.74548	0.05507	0.01904	0.01809	0.01437	0.00644	0.00477	0.00158	0.00371	0.02294	0.00477	0.00732
24	0.00737	0.00531	0.00732	0.00832	0.00942	0.00526	0.00724	0.00945	0.01070	0.01383	0.02610	0.05197	0.07749	0.01278	0.00637	0.00210	0.00416	0.72627	0.00429	0.00426
25	0.01116	0.01146	0.04483	0.08818	0.61213	0.01109	0.12399	0.01420	0.01052	0.01489	0.00879	0.01168	0.00719	0.00416	0.00473	0.00142	0.00595	0.00431	0.00228	0.00703
26	0.01227	0.79580	0.06643	0.00824	0.01238	0.01800	0.00845	0.01397	0.00947	0.01115	0.00657	0.00759	0.00597	0.00400	0.00306	0.00102	0.00508	0.00254	0.00199	0.00602
27	0.01768	0.01303	0.01396	0.01070	0.01443	0.01443	0.00884	0.79197	0.02187	0.02932	0.01117	0.01117	0.00791	0.00558	0.00465	0.00140	0.00512	0.00419	0.00465	0.00791
28	0.01738	0.02217	0.01318	0.01199	0.01438	0.81783	0.00899	0.01858	0.01318	0.01139	0.00719	0.00839	0.00599	0.00479	0.00419	0.00120	0.00839	0.00300	0.00240	0.00539
29	0.01116	0.01297	0.04998	0.04524	0.02398	0.02890	0.70573	0.03443	0.01121	0.01509	0.00934	0.01234	0.00699	0.00402	0.00538	0.00155	0.00770	0.00530	0.00239	0.00628
30	0.00688	0.00471	0.00581	0.00623	0.00657	0.00469	0.00433	0.00758	0.00812	0.01072	0.01861	0.11275	0.02111	0.51805	0.01696	0.00357	0.00427	0.23232	0.00339	0.00334
31	0.01018	0.01018	0.01425	0.01221	0.01221	0.01425	0.01018	0.01120	0.00712	0.01120	0.00611	0.01018	0.00611	0.00814	0.01527	0.00204	0.82799	0.00407	0.00204	0.00509
32	0.02058	0.00839	0.01109	0.00850	0.01211	0.00754	0.00702	0.09337	0.01410	0.73890	0.01769	0.01541	0.01118	0.00574	0.00468	0.00144	0.00407	0.00463	0.00566	0.00792
33	0.00774	0.00529	0.00627	0.00582	0.00738	0.00482	0.00443	0.01014	0.05482	0.08419	0.41079	0.03533	0.30685	0.00972	0.00533	0.00150	0.00248	0.00833	0.02408	0.00469
34	0.01022	0.00523	0.00545	0.00510	0.00654	0.02036	0.00391	0.01256	0.02715	0.10827	0.04712	0.01770	0.01309	0.00563	0.00355	0.00115	0.00253	0.00453	0.69507	0.00483
35	0.00667	0.00489	0.00716	0.00749	0.00815	0.00471	0.05121	0.00776	0.00917	0.03621	0.02365	0.70232	0.02760	0.01328	0.00612	0.00185	0.02798	0.02966	0.02000	0.00411
36	0.01269	0.81429	0.02397	0.00797	0.01194	0.01806	0.00793	0.01419	0.00957	0.03501	0.00683	0.00771	0.00614	0.00403	0.00304	0.00101	0.00494	0.00255	0.00210	0.00603
37	0.01328	0.01021	0.01101	0.00952	0.01239	0.01152	0.00752	0.12913	0.61940	0.09504	0.01782	0.01637	0.01309	0.00616	0.00472	0.00154	0.00390	0.00506	0.00482	0.00749
38	0.00687	0.00511	0.00733	0.00727	0.00800	0.00589	0.00551	0.00849	0.02553	0.01071	0.01266	0.01952	0.01216	0.13315	0.66528	0.02915	0.02562	0.00517	0.00256	0.00402
39	0.00965	0.00827	0.00965	0.00689	0.01102	0.00620	0.00551	0.01171	0.00965	0.01516	0.00827	0.00965	0.00689	0.00345	0.00345	0.00069	0.00345	0.00276	0.00276	0.86494
40	0.00965	0.00827	0.00965	0.00689	0.01102	0.00620	0.00551	0.01171	0.00965	0.01516	0.00827	0.00965	0.00689	0.00345	0.00345	0.00069	0.00345	0.00276	0.00276	0.86494
41	0.00949	0.00542	0.00551	0.00525	0.00654	0.03506	0.00387	0.01120	0.01008	0.09342	0.04274	0.04961	0.09844	0.09441	0.00599	0.00158	0.00286	0.00559	0.50845	0.00451
