[name]
unknown

[dist]
# distance from previous block
# <min> <max>
13	87

[block]
# block no. 0 follows, 51 sequences, length 6
# corresponding to MSA columns:
# 106-111
name=unknown_A
#
# <colnr> <probs for GDERKNQSTAVLIFYWHMCP>
#	G	D	E	R	K	N	Q	S	T	A	V	L	I	F	Y	W	H	M	C	P
0	0.01331	0.38540	0.12223	0.01052	0.01448	0.09107	0.04102	0.09558	0.04529	0.03235	0.01014	0.05102	0.00893	0.00562	0.00458	0.00136	0.03398	0.02376	0.00285	0.00652
1	0.01150	0.16383	0.18348	0.01001	0.01382	0.01169	0.04068	0.17310	0.05473	0.01820	0.11085	0.05017	0.08223	0.04759	0.00582	0.00164	0.00505	0.00561	0.00361	0.00638
2	0.05843	0.08500	0.15273	0.01119	0.01521	0.03141	0.05117	0.33735	0.05011	0.02219	0.04716	0.05496	0.01172	0.00642	0.00486	0.00154	0.00549	0.04211	0.00388	0.00708
3	0.04484	0.13246	0.06609	0.00866	0.01097	0.03477	0.00761	0.06714	0.04365	0.03038	0.11659	0.08703	0.07460	0.05986	0.00702	0.00187	0.04795	0.14923	0.00384	0.00543
4	0.03638	0.14674	0.14601	0.00997	0.01358	0.02886	0.00937	0.23474	0.08431	0.01917	0.01496	0.06864	0.05330	0.04298	0.02866	0.00184	0.00541	0.04482	0.00367	0.00660
5	0.08301	0.30479	0.04103	0.01002	0.01377	0.09967	0.04190	0.18503	0.06225	0.01792	0.00997	0.04320	0.00840	0.00529	0.00410	0.00131	0.00547	0.00392	0.00319	0.05575

[dist]
# distance from previous block
# <min> <max>
10	100

[block]
# block no. 1 follows, 51 sequences, length 30
# corresponding to MSA columns:
# 212-241
name=unknown_B
#
# <colnr> <probs for GDERKNQSTAVLIFYWHMCP>
#	G	D	E	R	K	N	Q	S	T	A	V	L	I	F	Y	W	H	M	C	P
0	0.05935	0.10244	0.08093	0.06007	0.12406	0.02503	0.09783	0.06523	0.09783	0.14888	0.01292	0.01448	0.02080	0.00538	0.00471	0.00148	0.00545	0.02521	0.00356	0.04436
1	0.13697	0.05257	0.17449	0.06617	0.04492	0.06413	0.01034	0.08160	0.06082	0.09067	0.02300	0.03720	0.01041	0.00611	0.00494	0.00155	0.02889	0.05925	0.00340	0.04256
2	0.11278	0.14217	0.17548	0.02353	0.04565	0.07224	0.03230	0.11554	0.06537	0.06549	0.06250	0.01407	0.04146	0.00563	0.00446	0.00145	0.00546	0.00435	0.00338	0.00669
3	0.06188	0.06712	0.13935	0.04459	0.01516	0.05866	0.03412	0.17281	0.13310	0.06824	0.06108	0.01579	0.05569	0.00610	0.00494	0.00150	0.01980	0.00481	0.00382	0.03143
4	0.03768	0.15370	0.15227	0.00999	0.01334	0.14749	0.03198	0.07500	0.04259	0.02863	0.07698	0.05222	0.05372	0.07694	0.00668	0.02092	0.00566	0.00513	0.00320	0.00587
5	0.06725	0.15604	0.19080	0.01039	0.02723	0.08149	0.02459	0.03685	0.07589	0.09620	0.08036	0.07004	0.02520	0.00678	0.01761	0.00157	0.00542	0.00501	0.00345	0.01784
6	0.06253	0.16116	0.21246	0.06905	0.02858	0.07709	0.01049	0.05887	0.02413	0.02615	0.01243	0.15206	0.01184	0.00858	0.05032	0.00189	0.00607	0.01731	0.00296	0.00604
7	0.03252	0.23538	0.09900	0.01056	0.02375	0.17771	0.03331	0.04724	0.05357	0.05075	0.05572	0.02493	0.02331	0.00548	0.00466	0.00132	0.03353	0.00405	0.00302	0.08020
8	0.13598	0.14422	0.29262	0.02930	0.02488	0.09397	0.03784	0.04553	0.01127	0.07341	0.02244	0.01161	0.02912	0.00503	0.00428	0.00143	0.00603	0.00377	0.00283	0.02444
9	0.05318	0.25829	0.20831	0.01057	0.01501	0.15499	0.01056	0.06756	0.01206	0.10431	0.01019	0.02276	0.01895	0.00509	0.00416	0.00133	0.00609	0.00364	0.00295	0.02999
10	0.04679	0.28146	0.27523	0.01117	0.01595	0.12496	0.01174	0.11982	0.01243	0.01611	0.00896	0.01108	0.00731	0.00506	0.00419	0.00137	0.00635	0.03065	0.00266	0.00671
11	0.07484	0.15872	0.48580	0.01281	0.04076	0.01320	0.03045	0.09948	0.01161	0.01708	0.00870	0.01004	0.00648	0.00470	0.00435	0.00146	0.00644	0.00354	0.00248	0.00708
12	0.07465	0.21310	0.42918	0.01190	0.01735	0.02412	0.03560	0.01591	0.04811	0.03678	0.00895	0.01025	0.00682	0.00486	0.00477	0.00146	0.04342	0.00354	0.00243	0.00682
13	0.05211	0.64061	0.05791	0.00899	0.01298	0.09953	0.00873	0.01501	0.01025	0.01226	0.00725	0.00855	0.00650	0.00562	0.03513	0.00139	0.00596	0.00283	0.00221	0.00617
14	0.01078	0.09774	0.58185	0.01244	0.01854	0.04775	0.01506	0.01531	0.01064	0.04585	0.01101	0.03889	0.03444	0.00529	0.00459	0.00149	0.00659	0.00412	0.00245	0.03517
15	0.00807	0.00607	0.00734	0.00710	0.00843	0.00605	0.00526	0.06764	0.09895	0.01823	0.38850	0.25475	0.08246	0.01102	0.00578	0.00169	0.00288	0.00971	0.00504	0.00505
16	0.00698	0.04288	0.00691	0.00589	0.00733	0.00536	0.00445	0.00903	0.03361	0.01628	0.40969	0.03837	0.31211	0.07131	0.00709	0.00181	0.00274	0.00892	0.00476	0.00450
17	0.01207	0.01248	0.05465	0.15211	0.34907	0.04758	0.13412	0.06755	0.06962	0.01649	0.01059	0.03252	0.00857	0.00502	0.00504	0.00155	0.00630	0.00484	0.00280	0.00705
18	0.01991	0.07057	0.01343	0.04234	0.06826	0.04489	0.00829	0.04795	0.01370	0.59381	0.01654	0.01508	0.01081	0.00573	0.00478	0.00147	0.00472	0.00461	0.00518	0.00794
19	0.00613	0.00497	0.00505	0.00509	0.00669	0.00423	0.00385	0.00749	0.01114	0.01370	0.04646	0.04542	0.71026	0.01198	0.00567	0.00164	0.00254	0.03574	0.06776	0.00419
20	0.00802	0.00789	0.05567	0.07971	0.17570	0.00695	0.00837	0.01030	0.02400	0.01430	0.06210	0.19171	0.25985	0.01015	0.00562	0.00172	0.00405	0.06480	0.00382	0.00528
21	0.01481	0.01108	0.05543	0.15138	0.18376	0.03231	0.04340	0.08761	0.03953	0.24002	0.02622	0.01598	0.01051	0.00581	0.00530	0.00158	0.02536	0.03881	0.00387	0.00722
22	0.01562	0.01615	0.22734	0.10241	0.01827	0.13083	0.02501	0.13811	0.01377	0.22324	0.01201	0.01264	0.00836	0.00619	0.02678	0.00167	0.00650	0.00420	0.00368	0.00719
23	0.01084	0.01015	0.01613	0.11133	0.28411	0.03465	0.11115	0.01362	0.03116	0.03768	0.01517	0.08336	0.08639	0.00674	0.00635	0.00163	0.09306	0.00595	0.03425	0.00627
24	0.01277	0.07758	0.17989	0.01733	0.20950	0.18808	0.09701	0.02874	0.03758	0.01505	0.02381	0.01470	0.00943	0.00543	0.00487	0.00150	0.00680	0.06054	0.00269	0.00669
25	0.01181	0.00976	0.01355	0.07349	0.30489	0.04938	0.01016	0.07077	0.03261	0.08212	0.04317	0.15549	0.05528	0.00760	0.00523	0.00159	0.00491	0.03645	0.00365	0.02809
26	0.01186	0.01180	0.05005	0.01285	0.09089	0.05829	0.07878	0.09235	0.07330	0.01691	0.03182	0.01356	0.03534	0.00574	0.00664	0.00142	0.15000	0.00441	0.01527	0.23872
27	0.01138	0.01031	0.01550	0.52942	0.10457	0.02714	0.03840	0.12712	0.05811	0.01619	0.00992	0.01305	0.00747	0.00509	0.00493	0.00159	0.00626	0.00447	0.00279	0.00630
28	0.01489	0.21369	0.11399	0.01149	0.03237	0.24524	0.01007	0.14740	0.11519	0.01678	0.01037	0.02886	0.00841	0.00538	0.00436	0.00136	0.00636	0.00389	0.00314	0.00677
29	0.01188	0.01129	0.01551	0.10960	0.12405	0.04953	0.01145	0.05327	0.00961	0.03820	0.00784	0.01138	0.00692	0.00720	0.01178	0.00190	0.50581	0.00429	0.00248	0.00598

[dist]
# distance from previous block
# <min> <max>
0	1

[block]
# block no. 2 follows, 51 sequences, length 38
# corresponding to MSA columns:
# 243-280
name=unknown_C
#
# <colnr> <probs for GDERKNQSTAVLIFYWHMCP>
#	G	D	E	R	K	N	Q	S	T	A	V	L	I	F	Y	W	H	M	C	P
0	0.00981	0.00833	0.00978	0.00724	0.01123	0.00632	0.00571	0.01187	0.01012	0.01570	0.01041	0.08445	0.00958	0.00471	0.00388	0.00084	0.00357	0.00392	0.00306	0.77947
1	0.01146	0.01048	0.01219	0.00974	0.04688	0.06320	0.04929	0.05253	0.05540	0.01673	0.00954	0.01090	0.00774	0.00408	0.00401	0.00094	0.00445	0.00338	0.00306	0.62402
2	0.01320	0.16385	0.11147	0.01002	0.02948	0.02602	0.03950	0.07583	0.06599	0.13605	0.03206	0.02489	0.04179	0.00556	0.00442	0.00130	0.00487	0.01898	0.01322	0.18149
3	0.00585	0.00496	0.00505	0.00506	0.00667	0.00416	0.00378	0.00712	0.01124	0.01345	0.07196	0.06709	0.75201	0.01245	0.00582	0.00166	0.00249	0.01042	0.00459	0.00416
4	0.04565	0.02852	0.07215	0.02864	0.28639	0.04146	0.05979	0.04329	0.17959	0.01743	0.05997	0.01664	0.06054	0.00584	0.00504	0.00152	0.01463	0.00513	0.00338	0.02440
5	0.00933	0.00658	0.00741	0.00697	0.00854	0.00679	0.00527	0.09640	0.12635	0.01887	0.21005	0.14431	0.07985	0.03027	0.00561	0.00163	0.00307	0.02116	0.20621	0.00532
6	0.01096	0.15103	0.62614	0.01304	0.01950	0.06768	0.01604	0.01571	0.01056	0.01469	0.00842	0.00988	0.00625	0.00462	0.00442	0.00146	0.00706	0.00344	0.00211	0.00701
7	0.04661	0.63874	0.12240	0.00915	0.01360	0.01759	0.00948	0.01560	0.06371	0.01311	0.00799	0.00893	0.00686	0.00445	0.00347	0.00118	0.00536	0.00296	0.00234	0.00649
8	0.03562	0.00630	0.00802	0.00759	0.00857	0.00670	0.03594	0.01016	0.08318	0.01273	0.01991	0.15755	0.09169	0.29639	0.10387	0.00353	0.05862	0.03058	0.00352	0.01954
9	0.00760	0.00534	0.00620	0.00579	0.00737	0.00467	0.00430	0.00917	0.01188	0.06953	0.28876	0.05205	0.38255	0.08124	0.00732	0.00185	0.00280	0.00900	0.00475	0.03784
10	0.03025	0.00793	0.00910	0.00818	0.01033	0.00841	0.00637	0.07253	0.27937	0.08198	0.28041	0.05101	0.06450	0.00961	0.03826	0.00188	0.00379	0.02481	0.00503	0.00624
11	0.01335	0.70848	0.04261	0.00922	0.02804	0.05920	0.00877	0.03979	0.01074	0.01258	0.02507	0.00886	0.00731	0.00445	0.00341	0.00111	0.00544	0.00291	0.00230	0.00635
12	0.00598	0.00481	0.00534	0.00565	0.00689	0.00417	0.00410	0.00721	0.01091	0.01355	0.09477	0.25647	0.52183	0.01310	0.00595	0.00175	0.00262	0.02614	0.00462	0.00415
13	0.01549	0.01068	0.01134	0.00905	0.01205	0.01166	0.00736	0.52218	0.01881	0.02672	0.01322	0.01399	0.00978	0.00584	0.00442	0.00136	0.00436	0.00448	0.29013	0.00709
14	0.00704	0.00472	0.00539	0.00549	0.00551	0.00470	0.00312	0.00712	0.00734	0.00979	0.01650	0.10150	0.01915	0.75620	0.02337	0.00452	0.00460	0.00774	0.00312	0.00307
15	0.01149	0.01126	0.01500	0.01278	0.01312	0.03372	0.01062	0.06599	0.00877	0.01318	0.00685	0.01078	0.00658	0.00833	0.01506	0.00208	0.74214	0.00428	0.00235	0.00559
16	0.01027	0.00881	0.01023	0.00739	0.01169	0.00678	0.00590	0.01294	0.04209	0.01620	0.00920	0.01052	0.00760	0.00376	0.00370	0.00077	0.00365	0.00302	0.00300	0.82249
17	0.05908	0.12527	0.14738	0.02322	0.04264	0.10936	0.06971	0.11266	0.03990	0.09701	0.03669	0.02330	0.03469	0.00562	0.00474	0.00145	0.01861	0.00445	0.03753	0.00669
18	0.01304	0.01534	0.22084	0.10240	0.14956	0.05521	0.05213	0.13118	0.06170	0.07603	0.01162	0.01449	0.00902	0.00558	0.00518	0.00158	0.02227	0.04244	0.00323	0.00714
19	0.01542	0.36694	0.05522	0.01117	0.01468	0.39848	0.03448	0.01711	0.01192	0.01211	0.00739	0.00868	0.00635	0.00470	0.00411	0.00121	0.01859	0.00306	0.00232	0.00605
20	0.00725	0.00541	0.00641	0.00659	0.00788	0.00510	0.00496	0.00927	0.05260	0.04544	0.08831	0.25516	0.35768	0.01313	0.02514	0.00195	0.01914	0.07943	0.00461	0.00457
21	0.00598	0.00485	0.00532	0.00556	0.00688	0.00419	0.00408	0.00724	0.01102	0.01360	0.09582	0.20949	0.56307	0.01293	0.00593	0.00174	0.00261	0.03090	0.00462	0.00416
22	0.04958	0.00851	0.01125	0.00873	0.01246	0.00760	0.00719	0.02374	0.05274	0.73493	0.01900	0.01652	0.01208	0.00606	0.00488	0.00153	0.00415	0.00490	0.00593	0.00823
23	0.00907	0.00553	0.00711	0.00683	0.00827	0.00509	0.00513	0.01121	0.03612	0.13503	0.35965	0.22882	0.11366	0.01104	0.00580	0.00169	0.00288	0.03682	0.00517	0.00508
24	0.16988	0.00960	0.01130	0.00883	0.01252	0.00943	0.00729	0.16697	0.01479	0.51538	0.01572	0.01424	0.01023	0.00578	0.00460	0.00151	0.00435	0.00444	0.00532	0.00782
25	0.04865	0.14793	0.01392	0.00988	0.01279	0.22075	0.00797	0.16373	0.17281	0.01836	0.01239	0.04381	0.01009	0.00586	0.00435	0.00138	0.00550	0.00435	0.08894	0.00654
26	0.00696	0.00571	0.00613	0.00623	0.00759	0.02920	0.00472	0.02215	0.01152	0.01443	0.15332	0.12223	0.42693	0.05727	0.00698	0.00191	0.00313	0.10474	0.00454	0.00431
27	0.01244	0.01108	0.08133	0.00951	0.01247	0.03473	0.00817	0.18673	0.22687	0.06556	0.17568	0.04132	0.05883	0.00776	0.00525	0.00161	0.00432	0.04485	0.00473	0.00676
28	0.86201	0.00950	0.00722	0.00646	0.00950	0.01102	0.00532	0.01445	0.00836	0.02205	0.00684	0.00798	0.00532	0.00456	0.00304	0.00152	0.00380	0.00266	0.00304	0.00532
29	0.01342	0.70400	0.02399	0.00909	0.01286	0.08716	0.00866	0.01494	0.01016	0.01162	0.00687	0.00817	0.00632	0.00458	0.00416	0.00115	0.06174	0.00279	0.00214	0.00619
30	0.00692	0.00506	0.00614	0.00588	0.00723	0.00452	0.00440	0.00882	0.01285	0.03676	0.50201	0.07115	0.28834	0.01094	0.00580	0.00160	0.00244	0.00948	0.00512	0.00455
31	0.00765	0.00734	0.07597	0.00864	0.04130	0.00625	0.00666	0.01740	0.01872	0.02292	0.06878	0.32249	0.10219	0.11299	0.05595	0.00256	0.05453	0.05021	0.01281	0.00465
32	0.00640	0.00467	0.00587	0.00642	0.00711	0.00433	0.00451	0.00759	0.01042	0.01384	0.17444	0.41812	0.15077	0.10086	0.00816	0.00217	0.00301	0.06268	0.00455	0.00407
33	0.00714	0.00542	0.00805	0.00799	0.00881	0.00638	0.00620	0.00883	0.00787	0.01137	0.01302	0.01938	0.01225	0.05684	0.76260	0.00764	0.03791	0.00528	0.00263	0.00438
34	0.03976	0.09072	0.20097	0.07806	0.39372	0.01258	0.01424	0.08332	0.01176	0.01680	0.00903	0.01125	0.00717	0.00461	0.00461	0.00146	0.00606	0.00399	0.00254	0.00733
35	0.00694	0.00523	0.00763	0.00763	0.00853	0.00597	0.00589	0.00861	0.00811	0.01149	0.01576	0.02159	0.06649	0.05676	0.73102	0.00738	0.01220	0.00567	0.00278	0.00433
36	0.05196	0.12867	0.01487	0.01056	0.01397	0.18357	0.00863	0.28245	0.16514	0.07439	0.01210	0.01206	0.00905	0.00559	0.00451	0.00141	0.00568	0.00408	0.00403	0.00727
37	0.01489	0.04449	0.04457	0.01079	0.01331	0.49600	0.00848	0.04296	0.05810	0.01401	0.04181	0.06267	0.07355	0.00656	0.00467	0.00138	0.00685	0.00485	0.04438	0.00567

[dist]
# distance from previous block
# <min> <max>
0	3

[block]
# block no. 3 follows, 51 sequences, length 49
# corresponding to MSA columns:
# 284-325,327-333
name=unknown_D
#
# <colnr> <probs for GDERKNQSTAVLIFYWHMCP>
#	G	D	E	R	K	N	Q	S	T	A	V	L	I	F	Y	W	H	M	C	P
0	0.05232	0.03176	0.50672	0.01275	0.03103	0.01114	0.02891	0.09070	0.01221	0.16031	0.01094	0.01161	0.00752	0.00502	0.00467	0.00153	0.00633	0.00394	0.00314	0.00746
1	0.01608	0.01726	0.01320	0.01157	0.01435	0.42407	0.03233	0.09144	0.23231	0.04030	0.03064	0.01305	0.01026	0.00573	0.00470	0.00142	0.00668	0.00426	0.02377	0.00659
2	0.01188	0.05478	0.18000	0.01480	0.17316	0.02243	0.03088	0.10338	0.21897	0.01877	0.08316	0.01645	0.03778	0.00597	0.00491	0.00153	0.00523	0.00506	0.00364	0.00721
3	0.00700	0.00552	0.00748	0.00905	0.08062	0.00531	0.00573	0.00861	0.03631	0.01347	0.04447	0.58780	0.10144	0.01318	0.00616	0.00186	0.01914	0.01180	0.00430	0.03077
4	0.00849	0.00672	0.02519	0.01044	0.09902	0.00604	0.05939	0.01047	0.01161	0.06508	0.25791	0.29884	0.08149	0.01070	0.00580	0.00172	0.00359	0.02786	0.00448	0.00516
5	0.06606	0.05215	0.01390	0.12780	0.04451	0.19946	0.02129	0.22875	0.03324	0.04826	0.01043	0.01242	0.00819	0.03207	0.04277	0.00184	0.01729	0.00412	0.02896	0.00647
6	0.01260	0.08652	0.01259	0.00985	0.01280	0.01291	0.00786	0.07253	0.64969	0.02037	0.03582	0.01737	0.01449	0.00647	0.00484	0.00159	0.00408	0.00529	0.00474	0.00761
7	0.00669	0.00553	0.00709	0.00712	0.00802	0.00561	0.01966	0.00786	0.01000	0.01306	0.07094	0.35489	0.29936	0.02710	0.03862	0.00214	0.09713	0.01072	0.00419	0.00429
8	0.00959	0.02353	0.72821	0.01328	0.01998	0.01079	0.01691	0.01498	0.01070	0.01595	0.08151	0.01281	0.00994	0.00517	0.00477	0.00156	0.00681	0.00412	0.00238	0.00702
9	0.00777	0.00498	0.00646	0.00664	0.00768	0.00453	0.00479	0.00925	0.01150	0.08656	0.27754	0.40811	0.11128	0.01250	0.00596	0.00178	0.00278	0.02031	0.00497	0.00462
10	0.01075	0.01075	0.01505	0.01290	0.01290	0.01505	0.01075	0.01183	0.00753	0.01183	0.00645	0.01075	0.00645	0.00860	0.01613	0.00215	0.81830	0.00430	0.00215	0.00538
11	0.01169	0.03189	0.08643	0.00941	0.01199	0.08282	0.00794	0.07651	0.20823	0.08081	0.06005	0.22343	0.04238	0.00898	0.00531	0.00168	0.00449	0.03537	0.00438	0.00624
12	0.04132	0.11202	0.02012	0.02630	0.65768	0.01268	0.01381	0.03073	0.01119	0.01601	0.00892	0.01149	0.00753	0.00439	0.00459	0.00141	0.00569	0.00411	0.00246	0.00753
13	0.02017	0.00960	0.01199	0.00928	0.01299	0.00918	0.00763	0.19956	0.04576	0.55135	0.04416	0.01622	0.01249	0.00616	0.00495	0.00150	0.00438	0.00495	0.00569	0.02200
14	0.00848	0.00466	0.00470	0.00469	0.00593	0.00450	0.00352	0.01058	0.01056	0.01741	0.04021	0.02416	0.15963	0.00708	0.00393	0.00125	0.00233	0.00576	0.67611	0.00450
15	0.00928	0.00873	0.01474	0.81548	0.03385	0.01092	0.01365	0.01256	0.00983	0.01256	0.00873	0.01310	0.00655	0.00491	0.00491	0.00164	0.00655	0.00437	0.00218	0.00546
16	0.01434	0.55363	0.02114	0.00921	0.03247	0.03266	0.00827	0.10922	0.01225	0.08776	0.03921	0.01081	0.00891	0.00489	0.00372	0.00118	0.00504	0.00343	0.03521	0.00664
17	0.00642	0.00502	0.00583	0.00569	0.00709	0.00443	0.00430	0.00821	0.01248	0.01635	0.39941	0.04259	0.41591	0.01136	0.00584	0.00163	0.00248	0.03562	0.00496	0.00439
18	0.01081	0.12334	0.60575	0.01399	0.03627	0.03281	0.06439	0.03058	0.01076	0.01530	0.00868	0.01028	0.00639	0.00461	0.00456	0.00149	0.00705	0.00366	0.00218	0.00710
19	0.00748	0.00534	0.00634	0.00614	0.00617	0.00576	0.00381	0.00764	0.00721	0.00981	0.01457	0.02974	0.01662	0.72462	0.05081	0.00463	0.08036	0.00682	0.00289	0.00325
20	0.01613	0.09350	0.01426	0.01041	0.01359	0.14370	0.00840	0.42874	0.07097	0.02286	0.04112	0.01421	0.01060	0.08185	0.00656	0.00172	0.00568	0.00454	0.00410	0.00704
21	0.06058	0.10574	0.22922	0.01053	0.03274	0.02867	0.02069	0.04578	0.06984	0.04685	0.02499	0.08665	0.01078	0.01802	0.00510	0.00145	0.03100	0.00474	0.01656	0.15007
22	0.01328	0.60613	0.12730	0.01000	0.03293	0.03549	0.00992	0.06613	0.02322	0.02521	0.00789	0.00889	0.00669	0.00447	0.00360	0.00118	0.00559	0.00301	0.00241	0.00664
23	0.86201	0.00950	0.00722	0.00646	0.00950	0.01102	0.00532	0.01445	0.00836	0.02205	0.00684	0.00798	0.00532	0.00456	0.00304	0.00152	0.00380	0.00266	0.00304	0.00532
24	0.02871	0.11926	0.03633	0.09790	0.19551	0.14280	0.02853	0.01672	0.13013	0.04180	0.03496	0.05876	0.02260	0.00586	0.00468	0.00147	0.00566	0.00489	0.01689	0.00653
25	0.01135	0.04144	0.01121	0.09375	0.03766	0.04903	0.00781	0.11467	0.24319	0.03658	0.04391	0.09957	0.12100	0.02064	0.04434	0.00196	0.00485	0.00659	0.00418	0.00627
26	0.00611	0.00457	0.00571	0.00654	0.00724	0.00417	0.00461	0.00719	0.01008	0.01303	0.04766	0.55868	0.22069	0.01442	0.00619	0.00192	0.00288	0.06965	0.00458	0.00408
27	0.00820	0.00520	0.00659	0.00647	0.00729	0.00520	0.00449	0.00909	0.00875	0.08402	0.02085	0.11641	0.11590	0.34725	0.22798	0.00460	0.00646	0.00760	0.00355	0.00411
28	0.01759	0.01322	0.01413	0.01109	0.01482	0.01473	0.00908	0.65291	0.15222	0.02921	0.01318	0.01290	0.00948	0.00603	0.00493	0.00151	0.00515	0.00462	0.00493	0.00826
29	0.03793	0.00771	0.00877	0.00774	0.01006	0.00805	0.00605	0.01879	0.29172	0.17208	0.18418	0.02164	0.02038	0.00702	0.00479	0.00150	0.00329	0.00587	0.17592	0.00650
30	0.23752	0.01165	0.01217	0.00957	0.01325	0.01264	0.00790	0.43993	0.01759	0.17323	0.01194	0.01174	0.00829	0.00559	0.00444	0.00150	0.00476	0.00407	0.00465	0.00757
31	0.01237	0.01147	0.01876	0.13509	0.62069	0.01190	0.01436	0.08557	0.01211	0.01696	0.00941	0.01226	0.00767	0.00459	0.00488	0.00149	0.00590	0.00438	0.00263	0.00752
32	0.01301	0.79980	0.05511	0.00862	0.01294	0.01914	0.00878	0.01475	0.01000	0.01171	0.00691	0.00798	0.00630	0.00422	0.00321	0.00107	0.00533	0.00267	0.00210	0.00634
33	0.08964	0.01000	0.01593	0.12748	0.50379	0.01039	0.01242	0.01361	0.01053	0.01580	0.01136	0.10150	0.01057	0.00586	0.00485	0.00155	0.00530	0.01828	0.02441	0.00670
34	0.01662	0.01224	0.01234	0.00994	0.01313	0.08023	0.00802	0.47263	0.05368	0.08462	0.03596	0.03072	0.01099	0.00617	0.00472	0.00143	0.00494	0.00476	0.12950	0.00735
35	0.00606	0.00496	0.00519	0.00515	0.00660	0.00426	0.00376	0.00731	0.01112	0.01364	0.12865	0.04473	0.64025	0.08762	0.00758	0.00193	0.00268	0.00991	0.00451	0.00409
36	0.01019	0.00677	0.00857	0.00840	0.01010	0.00677	0.00692	0.10083	0.03989	0.08787	0.15848	0.08360	0.06167	0.03623	0.00666	0.00199	0.00401	0.35087	0.00484	0.00535
37	0.00793	0.00514	0.00633	0.00641	0.00756	0.00468	0.00467	0.00922	0.01090	0.08851	0.15212	0.25146	0.23154	0.11902	0.00844	0.00217	0.00318	0.07160	0.00463	0.00446
38	0.01373	0.01094	0.01193	0.01025	0.01306	0.01253	0.00820	0.21460	0.47271	0.04080	0.01718	0.01759	0.01316	0.00681	0.00567	0.00165	0.05376	0.03382	0.03408	0.00756
39	0.01362	0.75556	0.02466	0.00880	0.01285	0.09241	0.00851	0.01517	0.01035	0.01160	0.00690	0.00797	0.00631	0.00428	0.00327	0.00107	0.00559	0.00268	0.00214	0.00625
40	0.00872	0.00589	0.00729	0.00687	0.00828	0.00564	0.00523	0.06989	0.01314	0.06592	0.40254	0.09285	0.11608	0.08597	0.00758	0.00195	0.00317	0.08314	0.00495	0.00489
41	0.04635	0.02246	0.59772	0.01370	0.03158	0.06929	0.04818	0.01661	0.03418	0.06106	0.00965	0.01092	0.00688	0.00481	0.00466	0.00154	0.00698	0.00379	0.00249	0.00713
42	0.01261	0.01074	0.01153	0.04098	0.01378	0.01241	0.00812	0.08423	0.69849	0.02106	0.01893	0.01763	0.01416	0.00654	0.00499	0.00165	0.00411	0.00542	0.00489	0.00773
43	0.36037	0.01435	0.24753	0.04873	0.08804	0.01081	0.07134	0.01436	0.00959	0.01794	0.00907	0.04168	0.00746	0.02295	0.00461	0.00163	0.00547	0.00399	0.01396	0.00613
44	0.01203	0.06114	0.03119	0.02692	0.64683	0.02344	0.06716	0.01489	0.01111	0.01558	0.00973	0.03988	0.00848	0.00475	0.00487	0.00147	0.00593	0.00467	0.00249	0.00745
45	0.00629	0.00453	0.00575	0.00660	0.00706	0.00425	0.00451	0.00718	0.00942	0.01235	0.02772	0.56426	0.11115	0.13365	0.00900	0.00239	0.00323	0.07241	0.00433	0.00390
46	0.01113	0.01079	0.04617	0.07692	0.37208	0.02219	0.01137	0.04950	0.15281	0.01713	0.07292	0.03520	0.08782	0.00634	0.00507	0.00155	0.00498	0.00565	0.00344	0.00693
47	0.05613	0.01024	0.01579	0.35869	0.13843	0.03818	0.09770	0.02958	0.02394	0.01486	0.01002	0.01482	0.00831	0.00531	0.00527	0.00156	0.03372	0.04996	0.00262	0.08484
48	0.00747	0.00528	0.00611	0.00621	0.00695	0.01845	0.00430	0.02613	0.01033	0.01434	0.18755	0.19958	0.07726	0.24826	0.04091	0.00279	0.00380	0.03195	0.09825	0.00407

[dist]
# distance from previous block
# <min> <max>
0	1

[block]
# block no. 4 follows, 51 sequences, length 24
# corresponding to MSA columns:
# 337-360
name=unknown_E
#
# <colnr> <probs for GDERKNQSTAVLIFYWHMCP>
#	G	D	E	R	K	N	Q	S	T	A	V	L	I	F	Y	W	H	M	C	P
0	0.00690	0.00507	0.00688	0.00688	0.00775	0.00541	0.00513	0.00803	0.00840	0.01136	0.02084	0.02630	0.17950	0.11517	0.48655	0.07708	0.00924	0.00647	0.00304	0.00400
1	0.01128	0.35998	0.45302	0.01190	0.01781	0.01479	0.03950	0.01522	0.01025	0.01390	0.00803	0.00943	0.00630	0.00446	0.00408	0.00135	0.00646	0.00329	0.00210	0.00684
2	0.03496	0.08149	0.02741	0.01466	0.12829	0.34822	0.04393	0.15140	0.07286	0.01696	0.00952	0.01073	0.00758	0.00519	0.00484	0.00139	0.02693	0.00384	0.00308	0.00672
3	0.01998	0.01031	0.09430	0.00930	0.01336	0.00800	0.00836	0.06516	0.01411	0.64120	0.03516	0.01626	0.01210	0.00601	0.00490	0.00151	0.00449	0.00486	0.02254	0.00809
4	0.01023	0.01015	0.01399	0.01207	0.01224	0.01391	0.01002	0.01133	0.00791	0.01198	0.01100	0.01459	0.08917	0.00900	0.01504	0.00210	0.73269	0.00494	0.00240	0.00525
5	0.01169	0.28132	0.35377	0.01247	0.03898	0.03009	0.04041	0.03988	0.05391	0.01469	0.00873	0.01022	0.00692	0.00497	0.00518	0.00144	0.07254	0.00358	0.00238	0.00683
6	0.01125	0.17416	0.20561	0.03341	0.02436	0.05370	0.05201	0.05851	0.02726	0.04054	0.10659	0.09943	0.01473	0.00670	0.00514	0.00149	0.03534	0.00547	0.03811	0.00618
7	0.03978	0.01092	0.10837	0.00851	0.01307	0.00772	0.00773	0.04077	0.01135	0.17202	0.01090	0.01149	0.00809	0.00436	0.00405	0.00104	0.00426	0.00345	0.00351	0.52863
8	0.00635	0.00487	0.00564	0.00567	0.00680	0.00435	0.00407	0.00776	0.01141	0.01488	0.28644	0.15051	0.36218	0.09758	0.00788	0.00199	0.00272	0.01005	0.00467	0.00416
9	0.01026	0.00953	0.00998	0.00934	0.01076	0.14348	0.00729	0.06967	0.04378	0.01341	0.01203	0.01644	0.01076	0.02621	0.53108	0.00569	0.05753	0.00480	0.00286	0.00511
10	0.01226	0.00938	0.01174	0.04398	0.15380	0.01009	0.00842	0.13231	0.24360	0.05036	0.11487	0.01832	0.01588	0.00632	0.00480	0.00149	0.00412	0.00537	0.14604	0.00686
11	0.00662	0.00484	0.00631	0.00706	0.00781	0.00458	0.00521	0.00825	0.02455	0.01435	0.15594	0.46637	0.09652	0.01376	0.00623	0.00194	0.00307	0.15759	0.00470	0.00428
12	0.01126	0.00915	0.01176	0.05881	0.11027	0.01027	0.00859	0.11094	0.21007	0.04085	0.03275	0.11680	0.04806	0.01058	0.08224	0.00227	0.08475	0.00632	0.02786	0.00640
13	0.00863	0.00686	0.00746	0.00686	0.00867	0.02269	0.00524	0.06911	0.12456	0.01826	0.31020	0.06113	0.25167	0.00968	0.00544	0.00156	0.00300	0.00823	0.04838	0.02237
14	0.00678	0.00491	0.00583	0.00617	0.00726	0.00432	0.00433	0.00783	0.01017	0.04297	0.03379	0.43006	0.31168	0.05516	0.00690	0.00194	0.00290	0.01147	0.00447	0.04108
15	0.09518	0.39766	0.04425	0.02499	0.01394	0.24720	0.00890	0.07235	0.02998	0.01447	0.00782	0.00888	0.00657	0.00470	0.00377	0.00123	0.00624	0.00305	0.00259	0.00624
16	0.01150	0.04288	0.54088	0.01552	0.10155	0.10450	0.05025	0.01638	0.03129	0.02723	0.00917	0.01076	0.00678	0.00472	0.00469	0.00151	0.00716	0.00380	0.00232	0.00711
17	0.01669	0.10604	0.01534	0.02879	0.01502	0.59547	0.00962	0.03237	0.01281	0.01232	0.00748	0.00914	0.00639	0.00542	0.00576	0.00136	0.10843	0.00330	0.00248	0.00577
18	0.00822	0.00702	0.00885	0.04557	0.11193	0.02904	0.00690	0.01124	0.09591	0.01492	0.09402	0.23878	0.21004	0.01080	0.00569	0.00175	0.00369	0.07475	0.01572	0.00516
19	0.00697	0.00476	0.00521	0.00528	0.00581	0.00455	0.00331	0.00756	0.00859	0.01153	0.02444	0.08464	0.20314	0.49552	0.01699	0.00347	0.00384	0.00808	0.09282	0.00349
20	0.01616	0.00751	0.00955	0.00777	0.01065	0.00686	0.00625	0.06644	0.03309	0.44863	0.16705	0.02352	0.10055	0.00747	0.00509	0.00151	0.00359	0.00621	0.06515	0.00694
21	0.01319	0.01104	0.01166	0.01020	0.01315	0.01268	0.00801	0.13946	0.67283	0.02212	0.01877	0.01735	0.01400	0.00655	0.00499	0.00164	0.00412	0.00539	0.00499	0.00787
22	0.86201	0.00950	0.00722	0.00646	0.00950	0.01102	0.00532	0.01445	0.00836	0.02205	0.00684	0.00798	0.00532	0.00456	0.00304	0.00152	0.00380	0.00266	0.00304	0.00532
23	0.01325	0.67643	0.02353	0.00916	0.01277	0.01835	0.00866	0.01500	0.03320	0.01274	0.00820	0.00980	0.00743	0.00521	0.00485	0.00130	0.09060	0.00318	0.03986	0.00648

[dist]
# distance from previous block
# <min> <max>
0	5

[block]
# block no. 5 follows, 51 sequences, length 7
# corresponding to MSA columns:
# 366-372
name=unknown_F
#
# <colnr> <probs for GDERKNQSTAVLIFYWHMCP>
#	G	D	E	R	K	N	Q	S	T	A	V	L	I	F	Y	W	H	M	C	P
0	0.01272	0.01244	0.01934	0.07659	0.62106	0.06344	0.04788	0.05778	0.01196	0.01639	0.00928	0.01204	0.00763	0.00453	0.00488	0.00147	0.00616	0.00436	0.00256	0.00748
1	0.00619	0.00455	0.00576	0.00650	0.00712	0.00419	0.00451	0.00730	0.01020	0.01345	0.11849	0.54960	0.15422	0.04580	0.00689	0.00201	0.00287	0.04169	0.00460	0.00407
2	0.00854	0.00427	0.00640	0.00640	0.00640	0.00427	0.00427	0.00640	0.00640	0.00854	0.00854	0.01494	0.00854	0.01707	0.01921	0.85702	0.00427	0.00427	0.00213	0.00213
3	0.01314	0.83025	0.02575	0.00841	0.01261	0.01945	0.00841	0.01472	0.00999	0.01156	0.00683	0.00788	0.00631	0.00420	0.00315	0.00105	0.00526	0.00263	0.00210	0.00631
4	0.00863	0.00630	0.00830	0.02644	0.02781	0.00632	0.02500	0.03261	0.10438	0.05870	0.09366	0.35754	0.08993	0.03148	0.03847	0.00214	0.00392	0.06877	0.00451	0.00510
5	0.00928	0.00873	0.01474	0.81548	0.03385	0.01092	0.01365	0.01256	0.00983	0.01256	0.00873	0.01310	0.00655	0.00491	0.00491	0.00164	0.00655	0.00437	0.00218	0.00546
6	0.01120	0.07096	0.07658	0.06453	0.11823	0.01199	0.27745	0.03715	0.11325	0.01575	0.01280	0.01595	0.03883	0.02941	0.02879	0.00187	0.04373	0.02204	0.00293	0.00656

[dist]
# distance from previous block
# <min> <max>
1	3

[block]
# block no. 6 follows, 51 sequences, length 20
# corresponding to MSA columns:
# 376-378,386-402
name=unknown_G
#
# <colnr> <probs for GDERKNQSTAVLIFYWHMCP>
#	G	D	E	R	K	N	Q	S	T	A	V	L	I	F	Y	W	H	M	C	P
0	0.01372	0.18227	0.07285	0.02884	0.13753	0.14112	0.02985	0.12111	0.14730	0.01725	0.03954	0.02657	0.01026	0.00548	0.00454	0.00141	0.00581	0.00435	0.00328	0.00693
1	0.01214	0.01087	0.08654	0.00959	0.01400	0.00823	0.07865	0.05594	0.01144	0.11000	0.01045	0.01161	0.00797	0.00437	0.00443	0.00107	0.02244	0.00365	0.02840	0.50821
2	0.00744	0.00540	0.00622	0.00600	0.00752	0.00489	0.00448	0.00966	0.05297	0.05885	0.27299	0.11223	0.39315	0.02842	0.00616	0.00171	0.00268	0.00963	0.00490	0.00468
3	0.00829	0.00507	0.00611	0.00605	0.00653	0.00502	0.00391	0.00883	0.00824	0.06925	0.01707	0.08987	0.01848	0.57243	0.07303	0.00423	0.00502	0.04750	0.04136	0.00370
4	0.04954	0.01399	0.05681	0.04123	0.12077	0.04729	0.01050	0.51443	0.04184	0.03862	0.01119	0.01182	0.00816	0.00553	0.00481	0.00148	0.00562	0.00429	0.00419	0.00788
5	0.00761	0.00555	0.00651	0.00666	0.00782	0.00535	0.00477	0.01032	0.10672	0.04619	0.11298	0.31841	0.22410	0.09198	0.00773	0.00208	0.00310	0.02285	0.00461	0.00466
6	0.01187	0.07216	0.01944	0.07838	0.59243	0.01261	0.01396	0.01449	0.01056	0.01497	0.00869	0.01174	0.00743	0.00492	0.00611	0.00153	0.10489	0.00424	0.00236	0.00723
7	0.03132	0.07978	0.29329	0.04483	0.20021	0.01066	0.02258	0.01528	0.01110	0.10798	0.04133	0.01510	0.06692	0.00546	0.00470	0.00147	0.00566	0.00458	0.00300	0.03475
8	0.10479	0.00942	0.00887	0.00837	0.01027	0.13668	0.00660	0.06979	0.01289	0.07443	0.20441	0.10787	0.03974	0.00917	0.00531	0.00166	0.00438	0.15057	0.02944	0.00533
9	0.02368	0.20365	0.52250	0.01324	0.03864	0.02597	0.04444	0.01526	0.01027	0.01458	0.00828	0.00993	0.00633	0.00470	0.00482	0.00146	0.03970	0.00351	0.00213	0.00691
10	0.01285	0.66064	0.13658	0.00950	0.01398	0.05334	0.00991	0.01499	0.01016	0.01216	0.00714	0.00835	0.00630	0.00441	0.00371	0.00116	0.02346	0.00283	0.00212	0.00640
11	0.00802	0.00651	0.00946	0.00877	0.00995	0.00747	0.04732	0.01088	0.08322	0.01257	0.01465	0.02026	0.03854	0.09215	0.53204	0.00601	0.06562	0.00557	0.01622	0.00478
12	0.00638	0.00500	0.00578	0.00558	0.00699	0.00439	0.00419	0.00817	0.01256	0.01650	0.42266	0.04199	0.41976	0.01124	0.00580	0.00160	0.00240	0.00963	0.00499	0.00439
13	0.01704	0.01401	0.01397	0.01127	0.01465	0.09683	0.00912	0.52080	0.16979	0.02613	0.01272	0.01272	0.00935	0.00608	0.00538	0.00152	0.04172	0.00451	0.00456	0.00784
14	0.04001	0.24084	0.01685	0.01002	0.02447	0.01290	0.08044	0.20598	0.01386	0.14676	0.01195	0.01366	0.00932	0.06620	0.00581	0.00159	0.00506	0.00430	0.08322	0.00677
15	0.00687	0.00524	0.00647	0.00712	0.00837	0.00488	0.00582	0.00855	0.01102	0.01383	0.03565	0.11602	0.34321	0.03028	0.00672	0.00204	0.00355	0.37555	0.00451	0.00429
16	0.00748	0.00615	0.00743	0.00749	0.03126	0.00627	0.00544	0.01024	0.08747	0.01556	0.22001	0.14883	0.30588	0.01093	0.00664	0.00170	0.07760	0.00915	0.02962	0.00483
17	0.03836	0.01044	0.01131	0.00979	0.01272	0.01173	0.00773	0.13931	0.52000	0.06980	0.01750	0.01677	0.01310	0.00861	0.06450	0.00206	0.00482	0.00516	0.00476	0.03153
18	0.01627	0.04213	0.01427	0.01366	0.09892	0.47049	0.00964	0.01928	0.10467	0.07218	0.03219	0.01180	0.00908	0.00560	0.00534	0.00141	0.05968	0.00393	0.00312	0.00633
19	0.01253	0.32832	0.25838	0.06332	0.02702	0.09646	0.03696	0.03617	0.03255	0.02583	0.00852	0.00991	0.00677	0.00460	0.00411	0.00131	0.00632	0.00340	0.00240	0.03513

[dist]
# distance from previous block
# <min> <max>
0	2

[block]
# block no. 7 follows, 51 sequences, length 9
# corresponding to MSA columns:
# 405-413
name=unknown_H
#
# <colnr> <probs for GDERKNQSTAVLIFYWHMCP>
#	G	D	E	R	K	N	Q	S	T	A	V	L	I	F	Y	W	H	M	C	P
0	0.09532	0.01262	0.04482	0.03191	0.26733	0.07163	0.10564	0.14953	0.01348	0.05383	0.07609	0.01378	0.01084	0.00537	0.00514	0.00151	0.02617	0.00468	0.00333	0.00699
1	0.01255	0.01176	0.01760	0.05857	0.56683	0.05465	0.01313	0.09226	0.01214	0.01667	0.00988	0.01328	0.00841	0.04545	0.04416	0.00192	0.00629	0.00449	0.00272	0.00724
2	0.00757	0.00617	0.00912	0.07787	0.08564	0.00677	0.00714	0.00927	0.00913	0.01259	0.04895	0.17616	0.07998	0.05514	0.34507	0.00448	0.04366	0.00737	0.00321	0.00470
3	0.00623	0.00454	0.00589	0.00671	0.00731	0.00420	0.00471	0.00741	0.01031	0.01371	0.13076	0.58908	0.11186	0.01427	0.00620	0.00192	0.00286	0.06322	0.00467	0.00413
4	0.01029	0.00561	0.00745	0.00702	0.00852	0.00518	0.00525	0.01195	0.01180	0.20184	0.26149	0.25503	0.05407	0.03474	0.07395	0.00229	0.00390	0.00899	0.02537	0.00526
5	0.00997	0.00529	0.00609	0.00585	0.00725	0.00520	0.00447	0.03227	0.01101	0.09524	0.06050	0.10023	0.04317	0.00962	0.06193	0.00183	0.00347	0.02627	0.50539	0.00497
6	0.03913	0.01059	0.01163	0.00984	0.01294	0.01164	0.00782	0.20022	0.41876	0.15379	0.01796	0.05614	0.01357	0.00676	0.00498	0.00161	0.00424	0.00552	0.00509	0.00775
7	0.07520	0.03603	0.01345	0.01029	0.01385	0.01401	0.00846	0.56879	0.10625	0.02777	0.01252	0.01260	0.00912	0.00583	0.00464	0.00146	0.00491	0.00439	0.06266	0.00777
8	0.77301	0.00938	0.00767	0.00670	0.00983	0.01062	0.00552	0.01545	0.00897	0.10448	0.00817	0.00891	0.00605	0.00472	0.00324	0.00152	0.00384	0.00290	0.00336	0.00564

[dist]
# distance from previous block
# <min> <max>
2	3

[block]
# block no. 8 follows, 51 sequences, length 9
# corresponding to MSA columns:
# 417-425
name=unknown_I
#
# <colnr> <probs for GDERKNQSTAVLIFYWHMCP>
#	G	D	E	R	K	N	Q	S	T	A	V	L	I	F	Y	W	H	M	C	P
0	0.00620	0.00451	0.00587	0.00667	0.00724	0.00417	0.00464	0.00738	0.01034	0.01382	0.14950	0.60453	0.09832	0.01424	0.00618	0.00191	0.00280	0.04286	0.00469	0.00413
1	0.01117	0.00964	0.01005	0.00919	0.01162	0.03045	0.00713	0.03991	0.56530	0.01937	0.08105	0.04765	0.09534	0.00793	0.00522	0.00167	0.00378	0.03171	0.00489	0.00692
2	0.01438	0.01064	0.01165	0.00984	0.01287	0.01178	0.00783	0.22398	0.43237	0.09984	0.09460	0.01827	0.01608	0.00674	0.00505	0.00159	0.00416	0.00553	0.00513	0.00768
3	0.00640	0.00493	0.00579	0.00585	0.00690	0.00463	0.00419	0.00760	0.01009	0.01300	0.12431	0.11160	0.36695	0.16021	0.14240	0.00326	0.00468	0.00912	0.00406	0.00403
4	0.01605	0.38061	0.01916	0.01078	0.01405	0.45866	0.00901	0.01745	0.01218	0.01182	0.00726	0.00843	0.00632	0.00468	0.00387	0.00117	0.00727	0.00293	0.00234	0.00597
5	0.00617	0.00474	0.00559	0.00605	0.00702	0.00425	0.00432	0.00736	0.01058	0.01351	0.11190	0.34472	0.34680	0.05558	0.00703	0.00197	0.00284	0.05093	0.00456	0.00410
6	0.07886	0.01146	0.03750	0.17938	0.11901	0.08973	0.03376	0.07056	0.05393	0.07728	0.03435	0.01301	0.00917	0.00505	0.00452	0.00139	0.00541	0.00417	0.03457	0.13689
7	0.15125	0.01344	0.04693	0.01080	0.03766	0.16490	0.02529	0.13623	0.08616	0.25977	0.01305	0.01273	0.00914	0.00552	0.00455	0.00148	0.00546	0.00416	0.00427	0.00721
8	0.01120	0.01000	0.01480	0.36760	0.24984	0.03996	0.01203	0.08245	0.01150	0.01565	0.01014	0.01393	0.00817	0.04178	0.00564	0.00165	0.00582	0.00448	0.08716	0.00621

[dist]
# distance from previous block
# <min> <max>
0	3

[block]
# block no. 9 follows, 51 sequences, length 50
# corresponding to MSA columns:
# 429-478
name=unknown_J
#
# <colnr> <probs for GDERKNQSTAVLIFYWHMCP>
#	G	D	E	R	K	N	Q	S	T	A	V	L	I	F	Y	W	H	M	C	P
0	0.01231	0.01161	0.02001	0.04428	0.73366	0.01159	0.04495	0.01526	0.01125	0.03403	0.00950	0.01233	0.00785	0.00442	0.00490	0.00147	0.00591	0.00445	0.00251	0.00771
1	0.00737	0.00575	0.00770	0.05300	0.05387	0.00548	0.00618	0.00890	0.01018	0.01350	0.05211	0.28419	0.13802	0.09720	0.00791	0.00213	0.00377	0.17058	0.00404	0.06811
2	0.00870	0.05092	0.01169	0.00993	0.01063	0.00982	0.03872	0.00997	0.00840	0.01197	0.01392	0.21039	0.01510	0.06564	0.18158	0.00342	0.31037	0.02113	0.00294	0.00477
3	0.00848	0.00692	0.01021	0.00991	0.06888	0.00671	0.09232	0.01187	0.07723	0.01765	0.34118	0.03211	0.12129	0.00891	0.00553	0.00161	0.00362	0.08389	0.08640	0.00528
4	0.01145	0.01368	0.09056	0.05764	0.10062	0.01218	0.53936	0.01638	0.07628	0.01601	0.01056	0.01332	0.00797	0.00446	0.00550	0.00163	0.00751	0.00539	0.00264	0.00684
5	0.01787	0.01336	0.01429	0.01114	0.01493	0.01486	0.00915	0.68612	0.11855	0.02967	0.01282	0.01261	0.00919	0.00600	0.00493	0.00150	0.00522	0.00457	0.00493	0.00829
6	0.01177	0.08251	0.57360	0.01252	0.01858	0.05322	0.01503	0.01629	0.01099	0.10278	0.03424	0.01206	0.00837	0.02116	0.00501	0.00156	0.00665	0.00391	0.00267	0.00707
7	0.03095	0.10954	0.28046	0.01033	0.01542	0.01025	0.04251	0.03687	0.01069	0.05700	0.00951	0.01145	0.00754	0.04161	0.00508	0.00135	0.00538	0.00358	0.00275	0.30773
8	0.00712	0.00536	0.00754	0.00746	0.00818	0.00612	0.00560	0.00850	0.00792	0.01117	0.01527	0.02286	0.05440	0.18192	0.58952	0.00677	0.04152	0.00585	0.00278	0.00415
9	0.03361	0.27342	0.38576	0.01217	0.05222	0.01370	0.02297	0.01584	0.06834	0.01491	0.00901	0.01024	0.00703	0.00459	0.00414	0.00135	0.00602	0.00345	0.00240	0.05882
10	0.01432	0.07470	0.30682	0.01215	0.01708	0.01210	0.06212	0.15849	0.05717	0.16761	0.01191	0.01242	0.00842	0.00542	0.00531	0.00154	0.04674	0.00425	0.01397	0.00747
11	0.01047	0.17533	0.65727	0.01296	0.01966	0.01291	0.01634	0.01541	0.01030	0.01482	0.00845	0.00991	0.00624	0.00458	0.00439	0.00146	0.00689	0.00344	0.00208	0.00708
12	0.00610	0.00432	0.00567	0.00670	0.00696	0.00407	0.00441	0.00687	0.00919	0.01225	0.02595	0.74675	0.03107	0.09468	0.00810	0.00227	0.00304	0.01330	0.00441	0.00389
13	0.01248	0.01140	0.01112	0.01007	0.01273	0.08129	0.00778	0.02469	0.68402	0.01956	0.03208	0.04187	0.01529	0.00684	0.00500	0.00164	0.00427	0.00565	0.00478	0.00743
14	0.01046	0.00562	0.00580	0.00538	0.00688	0.00575	0.00414	0.09155	0.01172	0.03843	0.01567	0.01761	0.01215	0.00575	0.00363	0.00119	0.00266	0.00457	0.74598	0.00506
15	0.03220	0.00584	0.00709	0.00741	0.00858	0.00587	0.00569	0.08501	0.01146	0.03764	0.02251	0.37203	0.02415	0.01169	0.00560	0.00182	0.00345	0.18404	0.16312	0.00481
16	0.65946	0.00993	0.00878	0.00759	0.01072	0.01134	0.02384	0.05870	0.11162	0.04508	0.00928	0.00993	0.00701	0.00495	0.00352	0.00154	0.00402	0.00328	0.00348	0.00593
17	0.00840	0.00638	0.00754	0.00765	0.00889	0.00653	0.00557	0.09633	0.12443	0.01629	0.07076	0.48623	0.09390	0.01246	0.00588	0.00184	0.00326	0.02785	0.00471	0.00509
18	0.00759	0.00548	0.00647	0.00644	0.00703	0.00570	0.00428	0.00968	0.09539	0.01221	0.07709	0.08974	0.03849	0.48115	0.10665	0.00417	0.00522	0.02972	0.00355	0.00395
19	0.01064	0.01018	0.01693	0.40032	0.34762	0.01169	0.01392	0.01352	0.01013	0.01392	0.00869	0.01245	0.00705	0.00510	0.00615	0.00162	0.09699	0.00436	0.00228	0.00641
20	0.10003	0.03667	0.01467	0.04885	0.01550	0.19344	0.06247	0.25845	0.06252	0.01988	0.00986	0.01127	0.00768	0.00615	0.01643	0.00162	0.10776	0.00407	0.01605	0.00663
21	0.07628	0.30871	0.41418	0.01132	0.01691	0.04063	0.01315	0.04111	0.01063	0.01504	0.00803	0.00931	0.00626	0.00455	0.00401	0.00136	0.00628	0.00321	0.00227	0.00676
22	0.01332	0.01084	0.01257	0.15948	0.01720	0.01249	0.00918	0.18453	0.45932	0.04253	0.01615	0.01593	0.01194	0.00616	0.00496	0.00162	0.00471	0.00508	0.00449	0.00749
23	0.01215	0.01188	0.01815	0.02650	0.65033	0.07048	0.01386	0.01487	0.01141	0.01560	0.01100	0.01675	0.00997	0.00546	0.00505	0.00153	0.00592	0.08915	0.00267	0.00726
24	0.00607	0.00454	0.00572	0.00643	0.00712	0.00419	0.00447	0.00717	0.01007	0.01318	0.08873	0.54941	0.20257	0.01547	0.04844	0.00220	0.00327	0.01233	0.00452	0.00410
25	0.00714	0.00486	0.00630	0.00650	0.00746	0.00445	0.00468	0.00873	0.01175	0.05141	0.36002	0.36799	0.10583	0.01238	0.00597	0.00175	0.00267	0.02061	0.00500	0.00449
26	0.01173	0.00685	0.00811	0.00705	0.00908	0.00681	0.00552	0.09726	0.07575	0.15030	0.31716	0.02446	0.02531	0.00755	0.00488	0.00144	0.00308	0.00637	0.22541	0.00590
27	0.61678	0.00943	0.00831	0.00711	0.01021	0.01050	0.00583	0.08035	0.01976	0.12715	0.00965	0.01022	0.00705	0.00497	0.00350	0.00150	0.00390	0.00327	0.05454	0.00597
28	0.06799	0.02775	0.01312	0.01040	0.01389	0.01368	0.00845	0.42979	0.27997	0.06138	0.01452	0.01392	0.01055	0.00605	0.00480	0.00154	0.00474	0.00469	0.00483	0.00794
29	0.12677	0.01292	0.01229	0.01021	0.01336	0.11855	0.00832	0.42579	0.01780	0.04563	0.04839	0.01757	0.02337	0.00676	0.00487	0.00155	0.00534	0.08919	0.00436	0.00695
30	0.01222	0.04805	0.01724	0.04000	0.41249	0.03452	0.06899	0.01660	0.13089	0.06032	0.02660	0.05790	0.02902	0.00583	0.00501	0.00154	0.00539	0.01694	0.00326	0.00716
31	0.86201	0.00950	0.00722	0.00646	0.00950	0.01102	0.00532	0.01445	0.00836	0.02205	0.00684	0.00798	0.00532	0.00456	0.00304	0.00152	0.00380	0.00266	0.00304	0.00532
32	0.01220	0.07340	0.01750	0.09937	0.39320	0.12327	0.05439	0.01500	0.02764	0.01510	0.05196	0.01427	0.03288	0.00515	0.00475	0.00143	0.00594	0.00460	0.04128	0.00667
33	0.00710	0.00535	0.00645	0.00721	0.00779	0.02827	0.00523	0.00819	0.00960	0.01246	0.02452	0.38438	0.06166	0.18543	0.02820	0.00274	0.00407	0.20326	0.00412	0.00398
34	0.00672	0.00493	0.00704	0.00738	0.00801	0.00539	0.00542	0.00807	0.00830	0.01161	0.01756	0.26420	0.01884	0.09076	0.50506	0.00587	0.00940	0.00805	0.00324	0.00416
35	0.00749	0.00567	0.00669	0.00681	0.00786	0.00561	0.00483	0.04199	0.09742	0.01528	0.16601	0.35064	0.14745	0.10336	0.00801	0.00211	0.00314	0.01040	0.00460	0.00462
36	0.00709	0.00499	0.00651	0.00651	0.00691	0.00539	0.00442	0.00789	0.00749	0.01038	0.01443	0.02631	0.01533	0.46770	0.38114	0.00619	0.00859	0.00629	0.00282	0.00362
