[name]
unknown

[dist]
# distance from previous block
# <min> <max>
0	181

[block]
# block no. 0 follows, 56 sequences, length 119
# corresponding to MSA columns:
# 181-229,232-289,291-302
name=unknown_A
#
# <colnr> <probs for GDERKNQSTAVLIFYWHMCP>
#	G	D	E	R	K	N	Q	S	T	A	V	L	I	F	Y	W	H	M	C	P
0	0.03041	0.00533	0.00732	0.00831	0.00938	0.00538	0.00720	0.00950	0.01037	0.01379	0.02359	0.07304	0.02564	0.01299	0.02413	0.00220	0.00434	0.71869	0.00415	0.00423
1	0.82900	0.00865	0.00665	0.00600	0.00874	0.00999	0.00491	0.01326	0.00788	0.02031	0.00704	0.02593	0.00571	0.00451	0.00292	0.00142	0.00349	0.00277	0.02589	0.00493
2	0.03501	0.00851	0.01068	0.00842	0.01166	0.00812	0.00692	0.17106	0.03192	0.53188	0.08509	0.01742	0.01387	0.00619	0.00470	0.00144	0.00398	0.03051	0.00529	0.00732
3	0.00656	0.00489	0.00725	0.00725	0.00802	0.00567	0.00558	0.00811	0.00734	0.01056	0.01242	0.01870	0.01176	0.07863	0.77666	0.00722	0.01187	0.00502	0.00248	0.00403
4	0.00564	0.00403	0.00538	0.00644	0.00673	0.00377	0.00434	0.00647	0.00883	0.01177	0.02528	0.81608	0.03027	0.01434	0.00587	0.00187	0.00270	0.03218	0.00426	0.00374
5	0.01649	0.03809	0.04660	0.01031	0.01397	0.01348	0.00877	0.65226	0.05171	0.05911	0.01179	0.03568	0.00873	0.00571	0.00457	0.00139	0.00494	0.00438	0.00444	0.00756
6	0.01056	0.01749	0.43063	0.01633	0.18651	0.01097	0.08550	0.02718	0.06190	0.04463	0.00938	0.01104	0.00702	0.00467	0.00518	0.00148	0.05638	0.00394	0.00241	0.00681
7	0.00952	0.00816	0.00952	0.00680	0.01088	0.00612	0.00544	0.01156	0.00952	0.01496	0.00816	0.00952	0.00680	0.00340	0.00340	0.00068	0.00340	0.00272	0.00272	0.86672
8	0.00795	0.00779	0.06625	0.01003	0.13900	0.03299	0.00687	0.02522	0.01139	0.03152	0.26783	0.10705	0.25031	0.00898	0.00517	0.00149	0.00342	0.00778	0.00399	0.00497
9	0.01105	0.00952	0.01053	0.01025	0.06372	0.01082	0.00745	0.02249	0.68835	0.01873	0.05192	0.01799	0.02983	0.00631	0.00468	0.00153	0.00364	0.00532	0.01883	0.00703
10	0.01098	0.26842	0.33534	0.01346	0.14411	0.01317	0.01244	0.03917	0.09464	0.01442	0.00894	0.01009	0.00701	0.00442	0.00400	0.00130	0.00561	0.00343	0.00237	0.00667
11	0.01136	0.01091	0.01863	0.02818	0.81002	0.01091	0.01409	0.01409	0.01045	0.01500	0.00864	0.01136	0.00727	0.00409	0.00455	0.00136	0.00545	0.00409	0.00227	0.00727
12	0.00852	0.02527	0.17021	0.00953	0.06804	0.02257	0.00820	0.02340	0.02336	0.04502	0.27248	0.05822	0.14226	0.02262	0.00598	0.00157	0.05573	0.02806	0.00373	0.00523
13	0.01706	0.01257	0.01350	0.01042	0.01399	0.01389	0.00858	0.76855	0.02116	0.02836	0.01150	0.03839	0.00856	0.00581	0.00463	0.00139	0.00497	0.00443	0.00458	0.00767
14	0.01578	0.03477	0.06011	0.01017	0.01374	0.03863	0.00867	0.45516	0.19362	0.10191	0.01302	0.01257	0.00931	0.00555	0.00454	0.00141	0.00482	0.00429	0.00442	0.00750
15	0.01237	0.72680	0.03690	0.00815	0.01184	0.08118	0.00789	0.01383	0.00952	0.01083	0.00681	0.00841	0.00634	0.03841	0.00391	0.00115	0.00519	0.00269	0.00203	0.00573
16	0.04009	0.10704	0.49039	0.01196	0.02723	0.03571	0.06283	0.01464	0.00985	0.07107	0.00905	0.01071	0.00678	0.02169	0.02225	0.00158	0.02327	0.00361	0.02384	0.00639
17	0.01230	0.01219	0.21302	0.00928	0.01287	0.00901	0.00902	0.19639	0.05797	0.15208	0.15944	0.04257	0.05420	0.03230	0.00535	0.00154	0.00447	0.00546	0.00411	0.00642
18	0.23931	0.01796	0.01143	0.01024	0.01281	0.56102	0.00785	0.06380	0.01217	0.01474	0.00715	0.00823	0.00578	0.00466	0.00383	0.00126	0.00685	0.00291	0.00262	0.00538
19	0.08606	0.28454	0.18023	0.01321	0.16883	0.08923	0.01074	0.04391	0.01052	0.06181	0.00814	0.00934	0.00647	0.00432	0.00381	0.00125	0.00554	0.00321	0.00245	0.00640
20	0.01072	0.03437	0.01242	0.10737	0.23232	0.19478	0.00905	0.02149	0.01019	0.01232	0.01299	0.10091	0.05906	0.08485	0.05740	0.02054	0.00598	0.00535	0.00267	0.00524
21	0.00582	0.00424	0.00549	0.00613	0.00671	0.00391	0.00426	0.00699	0.00995	0.01337	0.20937	0.56573	0.10251	0.01295	0.00573	0.00174	0.00254	0.02423	0.00445	0.00389
22	0.01284	0.01100	0.12365	0.03089	0.13914	0.04722	0.03318	0.06523	0.04052	0.22540	0.07493	0.01921	0.11160	0.00631	0.00475	0.00144	0.00465	0.02455	0.01702	0.00644
23	0.00764	0.00467	0.00547	0.00535	0.00630	0.00475	0.00394	0.02397	0.00972	0.01521	0.16418	0.02288	0.04258	0.11809	0.15494	0.00274	0.00435	0.00562	0.39348	0.00412
24	0.87108	0.00888	0.00675	0.00604	0.00888	0.01030	0.00497	0.01350	0.00781	0.02060	0.00639	0.00746	0.00497	0.00426	0.00284	0.00142	0.00355	0.00249	0.00284	0.00497
25	0.04281	0.00839	0.01063	0.00833	0.01165	0.00789	0.00682	0.13169	0.04026	0.59414	0.05716	0.03373	0.01281	0.00602	0.00463	0.00143	0.00394	0.00488	0.00535	0.00745
26	0.01723	0.01264	0.01354	0.01041	0.01401	0.01399	0.00859	0.77510	0.02129	0.02864	0.01112	0.01117	0.00791	0.00551	0.00456	0.00137	0.00498	0.00414	0.02609	0.00772
27	0.01721	0.01284	0.01427	0.01089	0.01460	0.01414	0.03787	0.76573	0.02119	0.02841	0.01096	0.01107	0.00778	0.00545	0.00462	0.00138	0.00515	0.00418	0.00451	0.00775
28	0.00740	0.00528	0.00740	0.00845	0.00951	0.00528	0.00740	0.00951	0.01057	0.01374	0.02431	0.05179	0.02642	0.01268	0.00634	0.00211	0.00423	0.77912	0.00423	0.00423
29	0.01084	0.01238	0.02709	0.01935	0.02399	0.01161	0.79334	0.01471	0.01084	0.01471	0.00929	0.01238	0.00697	0.00387	0.00542	0.00155	0.00774	0.00542	0.00232	0.00619
30	0.87108	0.00888	0.00675	0.00604	0.00888	0.01030	0.00497	0.01350	0.00781	0.02060	0.00639	0.00746	0.00497	0.00426	0.00284	0.00142	0.00355	0.00249	0.00284	0.00497
31	0.00797	0.00399	0.00598	0.00598	0.00598	0.00399	0.00399	0.00598	0.00598	0.00797	0.00797	0.01396	0.00797	0.01595	0.01794	0.86643	0.00399	0.00399	0.00199	0.00199
32	0.00867	0.00816	0.01377	0.82762	0.03162	0.01020	0.01275	0.01173	0.00918	0.01173	0.00816	0.01224	0.00612	0.00459	0.00459	0.00153	0.00612	0.00408	0.00204	0.00510
33	0.00892	0.00988	0.08403	0.00787	0.01001	0.13938	0.01894	0.04942	0.01216	0.01526	0.26788	0.03058	0.23371	0.00879	0.00516	0.00150	0.00408	0.08364	0.00396	0.00480
34	0.01602	0.01474	0.02825	0.01117	0.03201	0.21309	0.00884	0.43800	0.13757	0.02215	0.01102	0.01124	0.00820	0.00542	0.00469	0.00137	0.02132	0.00399	0.00390	0.00703
35	0.01084	0.01238	0.02709	0.01935	0.02399	0.01161	0.79334	0.01471	0.01084	0.01471	0.00929	0.01238	0.00697	0.00387	0.00542	0.00155	0.00774	0.00542	0.00232	0.00619
36	0.00921	0.02375	0.81487	0.01309	0.01987	0.01066	0.01696	0.01454	0.00969	0.01454	0.00824	0.00969	0.00582	0.00436	0.00436	0.00145	0.00678	0.00339	0.00194	0.00678
37	0.01227	0.84142	0.02406	0.00786	0.01178	0.01817	0.00786	0.01375	0.00933	0.01080	0.00638	0.00736	0.00589	0.00393	0.00295	0.00098	0.00491	0.00245	0.00196	0.00589
38	0.02060	0.00781	0.01065	0.00817	0.01172	0.00675	0.00675	0.02237	0.01314	0.81320	0.01811	0.01563	0.01136	0.00568	0.00462	0.00142	0.00391	0.00462	0.00568	0.00781
39	0.01004	0.01004	0.01406	0.01205	0.01205	0.01406	0.01004	0.01105	0.00703	0.01105	0.00603	0.01004	0.00603	0.00804	0.01507	0.00201	0.83025	0.00402	0.00201	0.00502
40	0.01671	0.02124	0.01270	0.01156	0.01390	0.78990	0.00867	0.01790	0.01292	0.01128	0.00856	0.00961	0.03572	0.00499	0.00419	0.00120	0.00806	0.00321	0.00244	0.00527
41	0.01109	0.00665	0.00698	0.00613	0.00796	0.00702	0.00481	0.17816	0.07267	0.04818	0.01453	0.01577	0.01109	0.00546	0.00366	0.00118	0.00293	0.00433	0.58600	0.00538
42	0.00718	0.00471	0.00505	0.00497	0.00634	0.00428	0.00372	0.00896	0.02462	0.04428	0.10862	0.08365	0.39263	0.00932	0.00472	0.00141	0.00236	0.00782	0.27112	0.00424
43	0.00555	0.00416	0.00516	0.00596	0.00655	0.00377	0.00407	0.00644	0.00920	0.01189	0.03055	0.63999	0.22265	0.01370	0.00575	0.00179	0.00258	0.01222	0.00426	0.00377
44	0.02851	0.39552	0.13670	0.01000	0.01377	0.28314	0.00949	0.02728	0.03514	0.01220	0.00734	0.00837	0.00615	0.00436	0.00363	0.00115	0.00625	0.00287	0.00223	0.00589
45	0.00661	0.00451	0.00543	0.00548	0.00563	0.00465	0.00336	0.00693	0.00689	0.00932	0.01453	0.06117	0.01635	0.66474	0.16134	0.00485	0.00574	0.00663	0.00279	0.00305
46	0.02426	0.79553	0.02359	0.00867	0.04465	0.01776	0.00807	0.01376	0.00935	0.01111	0.00648	0.00753	0.00594	0.00394	0.00301	0.00100	0.00491	0.00252	0.00199	0.00594
47	0.01143	0.09456	0.29791	0.01388	0.15808	0.05594	0.01198	0.06409	0.14375	0.04043	0.03158	0.01238	0.02141	0.00495	0.00435	0.00138	0.00549	0.00401	0.00289	0.01951
48	0.03373	0.21092	0.07085	0.01163	0.04846	0.46540	0.01991	0.04617	0.01186	0.01245	0.00721	0.00848	0.00603	0.00458	0.00415	0.00120	0.02591	0.00301	0.00233	0.00573
49	0.01124	0.00815	0.00913	0.00808	0.01035	0.00882	0.00629	0.06529	0.42105	0.10342	0.19310	0.04152	0.04016	0.00712	0.00481	0.00149	0.00330	0.00602	0.04427	0.00640
50	0.01773	0.01212	0.01329	0.01022	0.01385	0.01318	0.00843	0.67492	0.03818	0.13259	0.01214	0.01177	0.00842	0.00555	0.00460	0.00139	0.00487	0.00422	0.00474	0.00780
51	0.00611	0.00424	0.00531	0.00586	0.00604	0.00415	0.00372	0.00661	0.00781	0.01046	0.01996	0.44708	0.02349	0.36611	0.05905	0.00327	0.00396	0.00988	0.00353	0.00335
52	0.00668	0.00445	0.00501	0.00501	0.00501	0.00445	0.00278	0.00668	0.00668	0.00890	0.01447	0.03004	0.01669	0.83866	0.02337	0.00445	0.00445	0.00668	0.00278	0.00278
53	0.05561	0.00794	0.01055	0.00812	0.01164	0.00702	0.00671	0.03486	0.01306	0.76747	0.01751	0.01521	0.01104	0.00562	0.00454	0.00142	0.00391	0.00452	0.00555	0.00770
54	0.00646	0.00466	0.00610	0.00580	0.00685	0.00431	0.00433	0.00857	0.01282	0.01813	0.77534	0.06733	0.04278	0.00959	0.00543	0.00146	0.00219	0.00850	0.00502	0.00431
55	0.00656	0.00490	0.00729	0.00729	0.00808	0.00569	0.00563	0.00814	0.00735	0.01059	0.01238	0.01848	0.01167	0.06431	0.79085	0.00727	0.01201	0.00498	0.00247	0.00405
56	0.01227	0.84142	0.02406	0.00786	0.01178	0.01817	0.00786	0.01375	0.00933	0.01080	0.00638	0.00736	0.00589	0.00393	0.00295	0.00098	0.00491	0.00245	0.00196	0.00589
57	0.87108	0.00888	0.00675	0.00604	0.00888	0.01030	0.00497	0.01350	0.00781	0.02060	0.00639	0.00746	0.00497	0.00426	0.00284	0.00142	0.00355	0.00249	0.00284	0.00497
58	0.01004	0.01004	0.01406	0.01205	0.01205	0.01406	0.01004	0.01105	0.00703	0.01105	0.00603	0.01004	0.00603	0.00804	0.01507	0.00201	0.83025	0.00402	0.00201	0.00502
59	0.87108	0.00888	0.00675	0.00604	0.00888	0.01030	0.00497	0.01350	0.00781	0.02060	0.00639	0.00746	0.00497	0.00426	0.00284	0.00142	0.00355	0.00249	0.00284	0.00497
60	0.87108	0.00888	0.00675	0.00604	0.00888	0.01030	0.00497	0.01350	0.00781	0.02060	0.00639	0.00746	0.00497	0.00426	0.00284	0.00142	0.00355	0.00249	0.00284	0.00497
61	0.01429	0.02663	0.01421	0.04575	0.04038	0.03558	0.05857	0.12723	0.01146	0.23404	0.01048	0.01189	0.00784	0.00631	0.00874	0.00164	0.33092	0.00423	0.00343	0.00637
62	0.00920	0.04620	0.76570	0.01269	0.01921	0.01066	0.01629	0.01432	0.00979	0.01456	0.03471	0.01044	0.00706	0.00452	0.00436	0.00144	0.00658	0.00353	0.00204	0.00668
63	0.00650	0.00469	0.00614	0.00578	0.00686	0.00433	0.00433	0.00866	0.01300	0.01841	0.80760	0.03429	0.04332	0.00939	0.00541	0.00144	0.00217	0.00830	0.00505	0.00433
64	0.02017	0.00850	0.01108	0.00849	0.01206	0.00777	0.00702	0.12775	0.01429	0.70619	0.01714	0.01500	0.01088	0.00566	0.00461	0.00141	0.00406	0.00455	0.00553	0.00781
65	0.01084	0.01199	0.14284	0.01210	0.01576	0.01016	0.21847	0.04387	0.28576	0.06062	0.03094	0.07355	0.04952	0.00613	0.00495	0.00154	0.00514	0.00572	0.00362	0.00649
66	0.00662	0.00502	0.00750	0.00747	0.00827	0.00590	0.00582	0.00825	0.00737	0.01066	0.01218	0.01789	0.01137	0.03394	0.80532	0.00728	0.02768	0.00490	0.00245	0.00412
67	0.00995	0.00550	0.00576	0.00534	0.00682	0.00567	0.00411	0.07220	0.06846	0.05436	0.01525	0.02951	0.01190	0.00558	0.00353	0.00116	0.00256	0.00449	0.68294	0.00492
68	0.01866	0.01088	0.02833	0.00957	0.01325	0.01091	0.00803	0.44315	0.01767	0.36991	0.01405	0.01300	0.00932	0.00556	0.00460	0.00140	0.00459	0.00433	0.00501	0.00779
69	0.01043	0.14662	0.07205	0.11026	0.08830	0.03271	0.27258	0.03946	0.02845	0.01386	0.01150	0.09383	0.02476	0.00559	0.00476	0.00146	0.00595	0.02893	0.00262	0.00586
70	0.01261	0.01506	0.08087	0.01858	0.32639	0.25441	0.03927	0.01480	0.01052	0.01306	0.00775	0.01019	0.00657	0.00541	0.01737	0.00152	0.15349	0.00374	0.00223	0.00617
71	0.00562	0.00401	0.00532	0.00636	0.00662	0.00375	0.00422	0.00640	0.00874	0.01165	0.02503	0.81551	0.03002	0.03500	0.00630	0.00193	0.00271	0.01289	0.00422	0.00371
72	0.00952	0.00816	0.00952	0.00680	0.01088	0.00612	0.00544	0.01156	0.00952	0.01496	0.00816	0.00952	0.00680	0.00340	0.00340	0.00068	0.00340	0.00272	0.00272	0.86672
73	0.01295	0.29214	0.13378	0.01237	0.04772	0.16311	0.14880	0.01562	0.02547	0.06916	0.00844	0.00977	0.00667	0.00443	0.00440	0.00128	0.03177	0.00353	0.00243	0.00616
74	0.00721	0.00484	0.00591	0.00600	0.02231	0.00499	0.00364	0.00755	0.00703	0.03200	0.01402	0.02735	0.01549	0.67992	0.12454	0.00463	0.02025	0.00629	0.00280	0.00323
75	0.00552	0.00436	0.00497	0.00544	0.00641	0.00382	0.00384	0.00654	0.00977	0.01221	0.05051	0.39152	0.45328	0.01280	0.00562	0.00169	0.00247	0.01114	0.00428	0.00382
76	0.01135	0.01095	0.01889	0.02791	0.78595	0.01093	0.03795	0.01411	0.01047	0.01499	0.00866	0.01139	0.00726	0.00408	0.00457	0.00137	0.00552	0.00413	0.00227	0.00724
77	0.01299	0.08795	0.15452	0.01499	0.10798	0.20725	0.19111	0.06008	0.04955	0.04170	0.00904	0.01060	0.00698	0.00454	0.00468	0.00137	0.02181	0.00393	0.00258	0.00636
78	0.00895	0.00753	0.00810	0.00799	0.00956	0.03179	0.00593	0.01595	0.40783	0.01563	0.02195	0.34074	0.04745	0.00970	0.00516	0.00167	0.00333	0.02534	0.01981	0.00558
79	0.01146	0.25561	0.39238	0.01188	0.04920	0.01278	0.05010	0.06240	0.02269	0.06087	0.00867	0.00976	0.00654	0.00436	0.00403	0.00130	0.00585	0.00338	0.00242	0.02433
80	0.01823	0.02235	0.02839	0.00946	0.03083	0.02220	0.02473	0.16913	0.05845	0.51708	0.01570	0.01472	0.01051	0.03017	0.00515	0.00150	0.00439	0.00454	0.00499	0.00749
81	0.00657	0.00489	0.00721	0.00721	0.00797	0.00565	0.00553	0.00809	0.00733	0.01053	0.01245	0.01890	0.01185	0.09221	0.76319	0.00717	0.01173	0.00505	0.00248	0.00400
82	0.01160	0.01081	0.01818	0.02585	0.69483	0.01086	0.04753	0.01510	0.06826	0.03783	0.00966	0.01195	0.00787	0.00428	0.00459	0.00139	0.00538	0.00424	0.00255	0.00724
83	0.03133	0.04081	0.11111	0.09350	0.29223	0.13979	0.01172	0.14782	0.03023	0.03139	0.00898	0.01074	0.00701	0.00478	0.00460	0.01493	0.00590	0.00378	0.00274	0.00663
84	0.76813	0.00967	0.02013	0.00767	0.03957	0.03203	0.03810	0.01371	0.00820	0.01981	0.00664	0.00786	0.00518	0.00425	0.00307	0.00142	0.00397	0.00269	0.00277	0.00514
85	0.01280	0.58559	0.08660	0.00957	0.03060	0.11468	0.03336	0.01465	0.01002	0.04330	0.00748	0.01939	0.00650	0.00427	0.00343	0.00110	0.00551	0.00295	0.00221	0.00598
86	0.00615	0.00463	0.00560	0.00571	0.00653	0.00453	0.00406	0.00715	0.00866	0.01123	0.05212	0.09744	0.29033	0.23816	0.20777	0.00378	0.00539	0.03365	0.00346	0.00365
87	0.03543	0.01588	0.38972	0.10746	0.09350	0.01013	0.03081	0.03682	0.10526	0.02533	0.06587	0.01360	0.02732	0.00511	0.00451	0.00146	0.00558	0.00428	0.00274	0.01917
88	0.01091	0.01329	0.11839	0.04143	0.23324	0.03857	0.37802	0.01511	0.06301	0.01492	0.02189	0.01229	0.00788	0.00428	0.00494	0.00147	0.00663	0.00473	0.00245	0.00654
89	0.02060	0.00781	0.01065	0.00817	0.01172	0.00675	0.00675	0.02237	0.01314	0.81320	0.01811	0.01563	0.01136	0.00568	0.00462	0.00142	0.00391	0.00462	0.00568	0.00781
90	0.00559	0.00400	0.00533	0.00639	0.00666	0.00373	0.00426	0.00639	0.00879	0.01172	0.02530	0.83566	0.03036	0.01438	0.00586	0.00186	0.00266	0.01305	0.00426	0.00373
91	0.00861	0.00945	0.09569	0.03029	0.34213	0.00787	0.00966	0.01131	0.03254	0.01443	0.09561	0.03324	0.27595	0.00728	0.00492	0.00146	0.00418	0.00639	0.00324	0.00575
92	0.01183	0.58028	0.19535	0.00970	0.01422	0.04501	0.04497	0.03018	0.00986	0.01218	0.00704	0.00820	0.00596	0.00408	0.00344	0.00113	0.00557	0.00284	0.00204	0.00612
93	0.15345	0.00833	0.01020	0.00801	0.01142	0.00788	0.00660	0.06318	0.04044	0.61829	0.01591	0.01415	0.01026	0.00547	0.00434	0.00142	0.00390	0.00428	0.00514	0.00735
94	0.00668	0.00445	0.00501	0.00501	0.00501	0.00445	0.00278	0.00668	0.00668	0.00890	0.01447	0.03004	0.01669	0.83866	0.02337	0.00445	0.00445	0.00668	0.00278	0.00278
95	0.00568	0.00414	0.00536	0.00627	0.00673	0.00383	0.00431	0.00661	0.00917	0.01207	0.05068	0.69421	0.11455	0.01387	0.00582	0.00183	0.00268	0.04413	0.00428	0.00378
96	0.63875	0.08088	0.06354	0.02484	0.03471	0.02970	0.03274	0.02359	0.00857	0.01871	0.00679	0.00804	0.00532	0.00426	0.00318	0.00138	0.00426	0.00275	0.00267	0.00533
97	0.00668	0.00445	0.00501	0.00501	0.00501	0.00445	0.00278	0.00668	0.00668	0.00890	0.01447	0.03004	0.01669	0.83866	0.02337	0.00445	0.00445	0.00668	0.00278	0.00278
98	0.01227	0.84142	0.02406	0.00786	0.01178	0.01817	0.00786	0.01375	0.00933	0.01080	0.00638	0.00736	0.00589	0.00393	0.00295	0.00098	0.00491	0.00245	0.00196	0.00589
99	0.04434	0.02063	0.03174	0.01110	0.11653	0.02557	0.02888	0.02007	0.01232	0.59119	0.01554	0.01435	0.01020	0.00529	0.00449	0.00140	0.00433	0.00440	0.03023	0.00740
100	0.01150	0.00966	0.01022	0.00914	0.01171	0.01103	0.00712	0.06397	0.70018	0.03075	0.01956	0.03473	0.04673	0.00657	0.00472	0.00155	0.00364	0.00547	0.00466	0.00709
101	0.00560	0.00417	0.00523	0.00606	0.00662	0.00380	0.00416	0.00651	0.00920	0.01192	0.02993	0.64430	0.20083	0.01374	0.00578	0.00180	0.00262	0.02971	0.00426	0.00377
102	0.01147	0.00783	0.05212	0.02894	0.03432	0.00711	0.00678	0.01581	0.19334	0.22960	0.07662	0.24208	0.05721	0.00859	0.00505	0.00158	0.00356	0.00746	0.00456	0.00600
103	0.01176	0.10823	0.10352	0.01400	0.16418	0.06680	0.06540	0.05372	0.31189	0.01635	0.01257	0.03088	0.00994	0.00523	0.00445	0.00142	0.00512	0.00446	0.00327	0.00680
104	0.01092	0.09804	0.06955	0.01135	0.14478	0.06260	0.00827	0.03258	0.01024	0.02351	0.00817	0.00964	0.00673	0.00380	0.00370	0.00094	0.00451	0.00304	0.00257	0.48506
105	0.01093	0.05966	0.51640	0.01401	0.10797	0.01104	0.03790	0.07531	0.02781	0.05658	0.00917	0.01041	0.00666	0.00446	0.00435	0.00139	0.00612	0.00362	0.00247	0.03372
106	0.00664	0.00494	0.00621	0.00585	0.00705	0.00463	0.00440	0.00924	0.05064	0.01794	0.70505	0.03431	0.10691	0.00942	0.00538	0.00146	0.00225	0.00827	0.00497	0.00443
107	0.00620	0.00485	0.00586	0.00602	0.02522	0.00435	0.00442	0.00791	0.01157	0.01524	0.38473	0.05587	0.37125	0.01059	0.00548	0.00155	0.00248	0.06766	0.00457	0.00418
108	0.01270	0.14316	0.30124	0.01258	0.08983	0.05111	0.02659	0.12494	0.09056	0.08888	0.01028	0.01094	0.00759	0.00474	0.00426	0.00136	0.00565	0.00372	0.00298	0.00690
109	0.00758	0.01009	0.19911	0.00935	0.07408	0.00679	0.00815	0.01107	0.07679	0.01506	0.20812	0.08511	0.24420	0.00854	0.00508	0.00152	0.00375	0.01663	0.00377	0.00522
110	0.00566	0.00404	0.00540	0.00647	0.00676	0.00379	0.00438	0.00651	0.00886	0.01179	0.02527	0.80654	0.03022	0.01432	0.00588	0.00187	0.00272	0.04151	0.00426	0.00375
111	0.01067	0.01087	0.05562	0.06104	0.61471	0.01038	0.03616	0.01374	0.03155	0.01496	0.05101	0.03792	0.00989	0.00482	0.00480	0.00141	0.01649	0.00462	0.00251	0.00683
112	0.01043	0.02738	0.28768	0.03164	0.25215	0.00987	0.09836	0.02986	0.01066	0.06075	0.05578	0.01500	0.06650	0.01799	0.00496	0.00148	0.00564	0.00468	0.00270	0.00649
113	0.00574	0.00433	0.00528	0.00597	0.00669	0.00394	0.00423	0.00673	0.00937	0.01198	0.03130	0.49004	0.26925	0.04832	0.00651	0.00190	0.00277	0.07767	0.00420	0.00378
114	0.01891	0.00828	0.01083	0.03548	0.01239	0.00766	0.00702	0.12053	0.01399	0.63765	0.03606	0.01641	0.04107	0.00593	0.00466	0.00142	0.00403	0.00481	0.00535	0.00750
115	0.43251	0.07613	0.02313	0.07362	0.09925	0.03563	0.08001	0.02630	0.00920	0.01728	0.00789	0.01016	0.00641	0.00443	0.00360	0.00137	0.00463	0.01977	0.03121	0.03747
116	0.02589	0.10275	0.27978	0.04501	0.14006	0.05417	0.01187	0.07292	0.11154	0.06103	0.01022	0.01132	0.00774	0.00557	0.02840	0.00155	0.00581	0.00378	0.00281	0.01777
117	0.06382	0.04748	0.01426	0.03305	0.24297	0.14192	0.02195	0.13249	0.06322	0.05168	0.01228	0.01341	0.06849	0.00550	0.00520	0.00141	0.06714	0.00429	0.00309	0.00637
118	0.06816	0.07363	0.11555	0.01066	0.05027	0.23938	0.02410	0.05709	0.07570	0.02404	0.01148	0.10832	0.01885	0.00685	0.03136	0.00154	0.00581	0.00465	0.01307	0.05949

[dist]
# distance from previous block
# <min> <max>
2	16

[block]
# block no. 1 follows, 56 sequences, length 23
# corresponding to MSA columns:
# 319-341
name=unknown_B
#
# <colnr> <probs for GDERKNQSTAVLIFYWHMCP>
#	G	D	E	R	K	N	Q	S	T	A	V	L	I	F	Y	W	H	M	C	P
0	0.01245	0.31678	0.24450	0.01012	0.01463	0.01388	0.02341	0.19061	0.04732	0.03528	0.04343	0.01072	0.00842	0.00478	0.00398	0.00127	0.00532	0.00357	0.00289	0.00662
1	0.01220	0.35987	0.22185	0.00970	0.01397	0.03332	0.01012	0.14176	0.03180	0.03431	0.00938	0.01150	0.00771	0.00548	0.02074	0.00138	0.00549	0.03820	0.02487	0.00635
2	0.01051	0.28806	0.48353	0.01100	0.01647	0.01311	0.01309	0.04233	0.03685	0.01409	0.02653	0.00980	0.00705	0.00444	0.00394	0.00130	0.00590	0.00329	0.00221	0.00649
3	0.01052	0.29754	0.45719	0.01086	0.01616	0.01273	0.03074	0.01414	0.00967	0.04016	0.02488	0.01041	0.00722	0.03398	0.00461	0.00140	0.00590	0.00338	0.00218	0.00631
4	0.00955	0.17847	0.60484	0.01151	0.01735	0.01161	0.01427	0.01387	0.00975	0.01385	0.03330	0.01147	0.04161	0.00474	0.00417	0.00137	0.00610	0.00363	0.00214	0.00642
5	0.01490	0.25289	0.07930	0.01064	0.01386	0.45747	0.00914	0.05188	0.04705	0.01252	0.00767	0.00865	0.00634	0.00458	0.00386	0.00117	0.00686	0.00300	0.00242	0.00580
6	0.00607	0.00452	0.00565	0.00577	0.00674	0.00411	0.00421	0.00768	0.01134	0.01535	0.43203	0.24107	0.19733	0.01120	0.00555	0.00159	0.00238	0.02865	0.00467	0.00408
7	0.04552	0.12415	0.01436	0.01064	0.04981	0.15775	0.06171	0.18441	0.04237	0.16917	0.01377	0.01381	0.07110	0.00547	0.00434	0.00133	0.00525	0.00429	0.01426	0.00649
8	0.05381	0.16872	0.16754	0.03060	0.01498	0.34308	0.01014	0.12005	0.01243	0.01459	0.00769	0.00883	0.00611	0.00465	0.00415	0.00126	0.01973	0.00313	0.00252	0.00601
9	0.00559	0.00400	0.00533	0.00639	0.00666	0.00373	0.00426	0.00639	0.00879	0.01172	0.02530	0.83566	0.03036	0.01438	0.00586	0.00186	0.00266	0.01305	0.00426	0.00373
10	0.00883	0.00748	0.01165	0.11335	0.12953	0.00861	0.05984	0.01089	0.00868	0.01298	0.01075	0.01548	0.00946	0.04228	0.20129	0.00302	0.15551	0.02045	0.16493	0.00498
11	0.00957	0.01579	0.36362	0.01529	0.16448	0.04445	0.10080	0.01324	0.01018	0.01416	0.01254	0.07132	0.02911	0.00621	0.00489	0.00155	0.00599	0.10810	0.00258	0.00613
12	0.00941	0.07734	0.76304	0.01274	0.01934	0.01115	0.01637	0.01449	0.00967	0.01429	0.00812	0.00954	0.00582	0.00433	0.00427	0.00142	0.00666	0.00333	0.00194	0.00673
13	0.07939	0.00835	0.01067	0.00824	0.01175	0.00768	0.00680	0.09220	0.01354	0.68661	0.01665	0.01464	0.01060	0.00557	0.00449	0.00142	0.00399	0.00442	0.00539	0.00762
14	0.01322	0.06080	0.05207	0.09859	0.07945	0.12067	0.03724	0.09092	0.12490	0.11641	0.01140	0.01314	0.00882	0.00559	0.00569	0.00147	0.10157	0.02404	0.02771	0.00633
15	0.00692	0.00494	0.00685	0.00791	0.00876	0.00487	0.00657	0.00869	0.01010	0.01320	0.02457	0.25951	0.02747	0.01313	0.00621	0.00205	0.00381	0.57611	0.00424	0.00410
16	0.01027	0.00836	0.00975	0.00702	0.01106	0.00651	0.00563	0.04724	0.01019	0.04386	0.00864	0.00980	0.00701	0.00358	0.00350	0.00074	0.00349	0.00285	0.00291	0.79759
17	0.00558	0.00418	0.00519	0.00595	0.00655	0.00378	0.00408	0.00651	0.00933	0.01209	0.05431	0.61837	0.22029	0.01356	0.00574	0.00178	0.00257	0.01209	0.00429	0.00378
18	0.01228	0.16016	0.36637	0.01207	0.01696	0.16169	0.08164	0.05092	0.03458	0.04945	0.00868	0.00982	0.00653	0.00448	0.00420	0.00133	0.00653	0.00347	0.00242	0.00642
19	0.01037	0.08441	0.45407	0.01529	0.07149	0.01144	0.23607	0.01471	0.01013	0.03668	0.00869	0.01055	0.00640	0.00421	0.00457	0.00144	0.00674	0.00397	0.00218	0.00661
20	0.00633	0.00459	0.00597	0.00582	0.00680	0.00423	0.00429	0.00827	0.01231	0.01724	0.66852	0.14640	0.07167	0.01017	0.00548	0.00151	0.00224	0.00902	0.00491	0.00423
21	0.00626	0.00461	0.00599	0.00677	0.00760	0.00435	0.00524	0.00768	0.00998	0.01297	0.07684	0.36500	0.16987	0.01297	0.00593	0.00187	0.00313	0.28466	0.00430	0.00397
22	0.01494	0.01278	0.23731	0.01175	0.07382	0.00860	0.06777	0.04451	0.01171	0.39100	0.01377	0.03333	0.00974	0.04125	0.00544	0.00157	0.00514	0.00457	0.00394	0.00705

[dist]
# distance from previous block
# <min> <max>
131	263

[block]
# block no. 2 follows, 56 sequences, length 12
# corresponding to MSA columns:
# 761-772
name=unknown_C
#
# <colnr> <probs for GDERKNQSTAVLIFYWHMCP>
#	G	D	E	R	K	N	Q	S	T	A	V	L	I	F	Y	W	H	M	C	P
0	0.01309	0.45242	0.12624	0.00925	0.01333	0.01544	0.00914	0.22990	0.03478	0.01649	0.00852	0.00969	0.00699	0.03146	0.00430	0.00128	0.00515	0.00326	0.00279	0.00648
1	0.01244	0.47393	0.11719	0.00914	0.01314	0.01546	0.00898	0.12202	0.15822	0.01529	0.00953	0.00996	0.00765	0.00462	0.00366	0.00120	0.00492	0.00331	0.00282	0.00652
2	0.01158	0.21298	0.46756	0.01143	0.01684	0.05966	0.01317	0.12791	0.01153	0.01557	0.00814	0.00926	0.00613	0.00445	0.00405	0.00132	0.00618	0.00326	0.00235	0.00664
3	0.03628	0.32779	0.19107	0.01028	0.02816	0.17980	0.00995	0.05829	0.05921	0.01386	0.03996	0.01000	0.00797	0.00464	0.00382	0.00122	0.00580	0.00328	0.00250	0.00610
4	0.01220	0.77468	0.02362	0.00949	0.07593	0.01758	0.00836	0.01377	0.00942	0.01114	0.00656	0.00769	0.00600	0.00394	0.00307	0.00101	0.00495	0.00259	0.00199	0.00600
5	0.02702	0.08069	0.32433	0.01199	0.09240	0.00984	0.02209	0.03710	0.03144	0.19884	0.02768	0.03130	0.01893	0.00504	0.00433	0.00136	0.00521	0.00410	0.00320	0.06312
6	0.01253	0.13408	0.12886	0.07571	0.01512	0.10092	0.00945	0.11362	0.27528	0.03713	0.01191	0.01219	0.00902	0.00512	0.00425	0.00136	0.00515	0.00396	0.00336	0.04100
7	0.00686	0.00481	0.00592	0.00594	0.00630	0.00507	0.00394	0.00785	0.03585	0.00998	0.01465	0.02789	0.01588	0.56364	0.21717	0.00493	0.00633	0.05077	0.00285	0.00335
8	0.01079	0.29619	0.24965	0.02880	0.11068	0.04408	0.03276	0.01388	0.02606	0.01322	0.02989	0.02714	0.00783	0.00461	0.00424	0.00125	0.02902	0.00355	0.00226	0.06410
9	0.33777	0.01184	0.12516	0.01000	0.07624	0.04624	0.00834	0.07638	0.03285	0.18386	0.01008	0.01046	0.00719	0.00469	0.00383	0.00138	0.00457	0.00342	0.00342	0.04228
10	0.07715	0.05208	0.07105	0.02502	0.03523	0.15307	0.01848	0.06317	0.06542	0.15413	0.11288	0.02396	0.01269	0.00546	0.00428	0.00129	0.00481	0.00430	0.00362	0.11192
11	0.01246	0.11932	0.13951	0.01030	0.01388	0.11671	0.09066	0.06754	0.04065	0.11225	0.01119	0.03808	0.00935	0.07285	0.02806	0.00172	0.00572	0.01986	0.00305	0.08682

[dist]
# distance from previous block
# <min> <max>
0	2

[block]
# block no. 3 follows, 56 sequences, length 6
# corresponding to MSA columns:
# 775-780
name=unknown_D
#
# <colnr> <probs for GDERKNQSTAVLIFYWHMCP>
#	G	D	E	R	K	N	Q	S	T	A	V	L	I	F	Y	W	H	M	C	P
0	0.05937	0.12341	0.09946	0.03955	0.03463	0.07122	0.00855	0.20619	0.04134	0.07916	0.01062	0.04268	0.00867	0.03006	0.03913	0.03542	0.00534	0.00408	0.00326	0.05787
1	0.07232	0.17920	0.13293	0.07361	0.03677	0.03274	0.00947	0.20010	0.08204	0.06549	0.01065	0.04210	0.00846	0.00604	0.02755	0.00153	0.00528	0.00402	0.00323	0.00648
2	0.10207	0.23482	0.06664	0.00960	0.01306	0.04329	0.06901	0.05468	0.14224	0.09296	0.01090	0.01240	0.00865	0.00511	0.00446	0.00134	0.04014	0.03176	0.00316	0.05371
3	0.09758	0.24236	0.14106	0.06252	0.04565	0.01224	0.04283	0.10085	0.03003	0.07799	0.05692	0.01142	0.00902	0.00474	0.00395	0.00128	0.00496	0.00368	0.00295	0.04795
4	0.10381	0.19410	0.15191	0.01047	0.07309	0.01188	0.00917	0.11091	0.06415	0.01623	0.05702	0.07651	0.03722	0.00605	0.00485	0.00141	0.05756	0.00464	0.00302	0.00600
5	0.01368	0.22791	0.13451	0.00956	0.01344	0.08489	0.00903	0.20431	0.06416	0.08771	0.03906	0.01201	0.02872	0.00511	0.00409	0.00126	0.00512	0.00381	0.00334	0.04829

[dist]
# distance from previous block
# <min> <max>
12	50

[block]
# block no. 4 follows, 56 sequences, length 81
# corresponding to MSA columns:
# 833-864,866-885,898-926
name=unknown_E
#
# <colnr> <probs for GDERKNQSTAVLIFYWHMCP>
#	G	D	E	R	K	N	Q	S	T	A	V	L	I	F	Y	W	H	M	C	P
0	0.02214	0.40560	0.32810	0.01025	0.03108	0.01380	0.01128	0.01419	0.03467	0.02681	0.00907	0.01056	0.02531	0.00519	0.02163	0.00137	0.00566	0.01485	0.00222	0.00622
1	0.05511	0.37787	0.22256	0.00959	0.01397	0.04302	0.03875	0.01466	0.00998	0.09786	0.00980	0.02346	0.02687	0.00473	0.00378	0.00124	0.00530	0.01385	0.00256	0.02502
2	0.01076	0.30080	0.39422	0.01152	0.06165	0.01296	0.01232	0.03834	0.02632	0.03116	0.00925	0.01046	0.02716	0.00538	0.02822	0.00146	0.00593	0.00341	0.00226	0.00642
3	0.05332	0.38662	0.15962	0.00928	0.03183	0.01364	0.00906	0.11276	0.03215	0.01476	0.02004	0.01275	0.03285	0.05319	0.00488	0.00142	0.00499	0.02661	0.00265	0.01759
4	0.01212	0.32891	0.15137	0.05779	0.03950	0.03756	0.04823	0.14477	0.01158	0.03402	0.00914	0.03547	0.00778	0.04601	0.01607	0.00150	0.00556	0.00381	0.00265	0.00616
5	0.05978	0.38605	0.17416	0.00887	0.01249	0.03740	0.00905	0.03771	0.00978	0.01303	0.01061	0.09398	0.01033	0.00737	0.04365	0.00161	0.00539	0.07056	0.00255	0.00562
6	0.01273	0.28812	0.22928	0.00952	0.01367	0.04758	0.02187	0.04431	0.01078	0.16484	0.02516	0.06327	0.00952	0.02145	0.00442	0.00136	0.00517	0.00413	0.01654	0.00629
7	0.02746	0.39351	0.15977	0.05715	0.01483	0.12739	0.03269	0.05650	0.01066	0.01318	0.02423	0.01001	0.00725	0.00488	0.01368	0.00128	0.00582	0.01347	0.02034	0.00591
8	0.08846	0.34960	0.20355	0.01043	0.05956	0.06922	0.00995	0.03827	0.02951	0.02572	0.00885	0.04624	0.00773	0.00531	0.01543	0.00135	0.00544	0.01690	0.00243	0.00603
9	0.04086	0.20510	0.20179	0.01082	0.04459	0.03585	0.07353	0.08784	0.01118	0.07328	0.05779	0.07443	0.01094	0.01919	0.02137	0.00152	0.00539	0.00458	0.00295	0.01700
10	0.06531	0.10167	0.12021	0.02508	0.01082	0.02539	0.02005	0.08051	0.00979	0.06800	0.01241	0.08957	0.01216	0.27607	0.01057	0.00237	0.01712	0.00534	0.01461	0.03293
11	0.06249	0.07660	0.03484	0.00751	0.00948	0.00724	0.04993	0.02234	0.04959	0.08697	0.04484	0.17516	0.11755	0.05324	0.00592	0.00169	0.01637	0.07150	0.10180	0.00494
12	0.03913	0.06647	0.01089	0.06113	0.08035	0.09605	0.00744	0.06298	0.01133	0.15123	0.02860	0.06210	0.09255	0.07554	0.00635	0.00176	0.00464	0.13232	0.00369	0.00547
13	0.06038	0.08688	0.06129	0.04958	0.03205	0.30077	0.00820	0.08076	0.03592	0.01488	0.07031	0.02657	0.04972	0.00590	0.00427	0.00132	0.00563	0.03753	0.06255	0.00546
14	0.04843	0.05498	0.05324	0.05591	0.01165	0.06086	0.03177	0.01135	0.03952	0.01399	0.04600	0.05935	0.06841	0.02317	0.00554	0.00175	0.00449	0.34859	0.04543	0.01557
15	0.02558	0.02007	0.09244	0.01116	0.13207	0.05062	0.00811	0.04228	0.17954	0.05289	0.03327	0.03249	0.15853	0.07961	0.03153	0.00190	0.00461	0.01594	0.00354	0.02385
16	0.00995	0.11667	0.57578	0.01291	0.06365	0.03635	0.01458	0.01474	0.04605	0.01420	0.00927	0.01186	0.00729	0.00480	0.00431	0.00142	0.00627	0.04112	0.00221	0.00656
17	0.15408	0.03080	0.48694	0.01372	0.13566	0.01066	0.01360	0.04449	0.01007	0.01627	0.03759	0.01049	0.00736	0.00453	0.00416	0.00142	0.00578	0.00354	0.00236	0.00649
18	0.00986	0.00804	0.00946	0.00682	0.01079	0.00609	0.00546	0.01189	0.00977	0.04619	0.03265	0.01050	0.00808	0.00367	0.00351	0.00073	0.00338	0.00296	0.00291	0.80723
19	0.82183	0.00882	0.00697	0.00616	0.00904	0.01009	0.00507	0.01401	0.00812	0.06650	0.00707	0.00793	0.00534	0.00434	0.00294	0.00142	0.00357	0.00261	0.00301	0.00514
20	0.01393	0.01179	0.03691	0.01312	0.16347	0.11273	0.00908	0.26877	0.04533	0.09099	0.05794	0.01584	0.01149	0.03510	0.05115	0.00185	0.00561	0.04459	0.00372	0.00658
21	0.02711	0.69920	0.09265	0.00865	0.01282	0.01689	0.02927	0.03112	0.00972	0.02737	0.00695	0.00794	0.00605	0.00404	0.00320	0.00106	0.00511	0.00269	0.00212	0.00604
22	0.01694	0.01236	0.01323	0.01020	0.01372	0.01366	0.00841	0.74930	0.02089	0.02825	0.01125	0.01138	0.00804	0.00550	0.00451	0.00136	0.00488	0.00414	0.05437	0.00760
23	0.87108	0.00888	0.00675	0.00604	0.00888	0.01030	0.00497	0.01350	0.00781	0.02060	0.00639	0.00746	0.00497	0.00426	0.00284	0.00142	0.00355	0.00249	0.00284	0.00497
24	0.00872	0.00460	0.00463	0.00457	0.00573	0.00469	0.00344	0.01149	0.05550	0.01724	0.01519	0.01712	0.01190	0.00540	0.00329	0.00110	0.00223	0.00433	0.81437	0.00445
25	0.01178	0.00978	0.01039	0.00930	0.01193	0.01124	0.00725	0.02432	0.77097	0.05017	0.01866	0.01707	0.01391	0.00621	0.00467	0.00155	0.00364	0.00517	0.00471	0.00729
26	0.02060	0.00781	0.01065	0.00817	0.01172	0.00675	0.00675	0.02237	0.01314	0.81320	0.01811	0.01563	0.01136	0.00568	0.00462	0.00142	0.00391	0.00462	0.00568	0.00781
27	0.00644	0.00466	0.00607	0.00579	0.00684	0.00430	0.00431	0.00852	0.01275	0.01799	0.75708	0.07343	0.05522	0.00967	0.00544	0.00147	0.00219	0.00856	0.00500	0.00430
28	0.00648	0.00468	0.00612	0.00579	0.00685	0.00432	0.00433	0.00862	0.01292	0.01828	0.79270	0.04956	0.04307	0.00948	0.00542	0.00145	0.00218	0.00839	0.00504	0.00432
29	0.04179	0.00793	0.01040	0.00805	0.01146	0.00711	0.00663	0.06164	0.01327	0.71291	0.01729	0.01525	0.01103	0.00562	0.00450	0.00140	0.00387	0.00452	0.04776	0.00757
30	0.00572	0.00421	0.00536	0.00604	0.00662	0.00385	0.00416	0.00679	0.00972	0.01291	0.15642	0.58805	0.14696	0.01316	0.00572	0.00175	0.00253	0.01178	0.00439	0.00385
31	0.00564	0.00409	0.00533	0.00621	0.00664	0.00378	0.00421	0.00656	0.00921	0.01223	0.08005	0.71894	0.09252	0.01383	0.00580	0.00181	0.00260	0.01246	0.00432	0.00378
32	0.01150	0.03261	0.01626	0.15180	0.34839	0.05499	0.05371	0.05329	0.03986	0.04197	0.02595	0.01242	0.01993	0.00512	0.00593	0.00148	0.11154	0.00428	0.00261	0.00636
33	0.59233	0.07951	0.08005	0.03896	0.06657	0.05041	0.00736	0.01382	0.00859	0.01809	0.00681	0.00813	0.00537	0.00427	0.00323	0.00138	0.00440	0.00276	0.00260	0.00539
34	0.04077	0.09554	0.01467	0.17889	0.06211	0.42352	0.02850	0.06245	0.02827	0.01310	0.00783	0.00959	0.00631	0.00463	0.00417	0.00128	0.00691	0.00336	0.00245	0.00564
35	0.01087	0.24343	0.37768	0.04353	0.11134	0.04286	0.03974	0.03095	0.03395	0.01380	0.00814	0.00964	0.00635	0.00430	0.00405	0.00131	0.00605	0.00337	0.00216	0.00650
36	0.00558	0.00405	0.00527	0.00624	0.00662	0.00374	0.00420	0.00641	0.00893	0.01178	0.02712	0.76794	0.09692	0.01415	0.00582	0.00184	0.00263	0.01276	0.00426	0.00374
37	0.00661	0.00495	0.00721	0.00718	0.00794	0.00569	0.00550	0.00804	0.00741	0.01056	0.01351	0.01955	0.04107	0.08411	0.70954	0.02457	0.02488	0.00517	0.00253	0.00398
38	0.00650	0.00469	0.00614	0.00578	0.00686	0.00433	0.00433	0.00866	0.01300	0.01841	0.80760	0.03429	0.04332	0.00939	0.00541	0.00144	0.00217	0.00830	0.00505	0.00433
39	0.02060	0.00781	0.01065	0.00817	0.01172	0.00675	0.00675	0.02237	0.01314	0.81320	0.01811	0.01563	0.01136	0.00568	0.00462	0.00142	0.00391	0.00462	0.00568	0.00781
40	0.01715	0.02188	0.01301	0.01183	0.01419	0.82022	0.00887	0.01833	0.01301	0.01124	0.00710	0.00828	0.00591	0.00473	0.00414	0.00118	0.00828	0.00296	0.00237	0.00532
41	0.02052	0.00793	0.01073	0.00823	0.01178	0.00693	0.00680	0.04089	0.01334	0.79439	0.01794	0.01552	0.01128	0.00568	0.00462	0.00142	0.00393	0.00461	0.00566	0.00781
42	0.87108	0.00888	0.00675	0.00604	0.00888	0.01030	0.00497	0.01350	0.00781	0.02060	0.00639	0.00746	0.00497	0.00426	0.00284	0.00142	0.00355	0.00249	0.00284	0.00497
43	0.01227	0.84142	0.02406	0.00786	0.01178	0.01817	0.00786	0.01375	0.00933	0.01080	0.00638	0.00736	0.00589	0.00393	0.00295	0.00098	0.00491	0.00245	0.00196	0.00589
44	0.01702	0.01244	0.01332	0.01026	0.01380	0.01375	0.00846	0.75658	0.02100	0.02836	0.01121	0.01132	0.00800	0.00550	0.00453	0.00136	0.00491	0.00414	0.04640	0.00764
45	0.00867	0.00816	0.01377	0.82762	0.03162	0.01020	0.01275	0.01173	0.00918	0.01173	0.00816	0.01224	0.00612	0.00459	0.00459	0.00153	0.00612	0.00408	0.00204	0.00510
46	0.00984	0.00466	0.00496	0.00469	0.00603	0.00454	0.00359	0.01194	0.01000	0.10217	0.01531	0.01696	0.01172	0.00538	0.00336	0.00111	0.00233	0.00432	0.77243	0.00466
47	0.00626	0.00468	0.00581	0.00553	0.00671	0.00423	0.00414	0.00820	0.01243	0.01707	0.63816	0.03650	0.21359	0.00988	0.00542	0.00147	0.00220	0.00861	0.00488	0.00423
48	0.00604	0.00441	0.00567	0.00591	0.00672	0.00405	0.00422	0.00757	0.01109	0.01519	0.42499	0.35099	0.11298	0.01157	0.00559	0.00162	0.00238	0.01031	0.00466	0.00405
49	0.01083	0.00647	0.00670	0.00588	0.00762	0.00682	0.00462	0.21091	0.01268	0.02013	0.01397	0.01556	0.01076	0.00539	0.00356	0.00115	0.00288	0.00424	0.64464	0.00518
50	0.00880	0.00829	0.01401	0.78874	0.06948	0.01023	0.01282	0.01184	0.00924	0.01189	0.00818	0.01220	0.00618	0.00457	0.00459	0.00152	0.00609	0.00408	0.00205	0.00521
51	0.01459	0.21798	0.09049	0.01241	0.07387	0.40177	0.04034	0.07279	0.01216	0.01314	0.00751	0.00878	0.00618	0.00448	0.00398	0.00120	0.00686	0.00314	0.00238	0.00595
52	0.84509	0.00886	0.00696	0.03080	0.00956	0.01030	0.00521	0.01344	0.00785	0.02033	0.00645	0.00760	0.00501	0.00427	0.00289	0.00142	0.00363	0.00253	0.00282	0.00498
53	0.01063	0.01396	0.19470	0.03450	0.38794	0.02335	0.18825	0.01442	0.03297	0.01476	0.01012	0.01237	0.03179	0.00441	0.00473	0.00144	0.00616	0.00442	0.00234	0.00675
54	0.01961	0.00771	0.01042	0.00806	0.01149	0.00671	0.00662	0.02160	0.02683	0.74955	0.05405	0.01640	0.01279	0.00582	0.00463	0.00141	0.00381	0.00476	0.00559	0.02212
55	0.00594	0.00462	0.00541	0.00541	0.00663	0.00409	0.00404	0.00750	0.01131	0.01478	0.34826	0.12226	0.39456	0.01105	0.00550	0.00156	0.00236	0.03608	0.00458	0.00406
56	0.00995	0.22175	0.62337	0.01182	0.01791	0.01248	0.01476	0.01435	0.00960	0.01363	0.00779	0.00913	0.00583	0.00426	0.00402	0.00134	0.00633	0.00317	0.00194	0.00657
57	0.00673	0.00480	0.00663	0.00769	0.00845	0.00470	0.00623	0.00835	0.00991	0.01299	0.02468	0.34383	0.02789	0.01332	0.00616	0.00202	0.00364	0.49371	0.00424	0.00404
58	0.01729	0.01278	0.01369	0.01053	0.01418	0.01416	0.00869	0.77444	0.04212	0.02868	0.01122	0.01118	0.00797	0.00553	0.00459	0.00138	0.00501	0.00416	0.00459	0.00779
59	0.00629	0.00462	0.00566	0.00580	0.00670	0.00419	0.02004	0.00724	0.00939	0.03298	0.07527	0.32415	0.30202	0.16374	0.00885	0.00219	0.00298	0.01004	0.00403	0.00380
60	0.01227	0.84142	0.02406	0.00786	0.01178	0.01817	0.00786	0.01375	0.00933	0.01080	0.00638	0.00736	0.00589	0.00393	0.00295	0.00098	0.00491	0.00245	0.00196	0.00589
61	0.01004	0.01004	0.01406	0.01205	0.01205	0.01406	0.01004	0.01105	0.00703	0.01105	0.00603	0.01004	0.00603	0.00804	0.01507	0.00201	0.83025	0.00402	0.00201	0.00502
62	0.01136	0.01091	0.01863	0.02818	0.81002	0.01091	0.01409	0.01409	0.01045	0.01500	0.00864	0.01136	0.00727	0.00409	0.00455	0.00136	0.00545	0.00409	0.00227	0.00727
63	0.00952	0.00816	0.00952	0.00680	0.01088	0.00612	0.00544	0.01156	0.00952	0.01496	0.00816	0.00952	0.00680	0.00340	0.00340	0.00068	0.00340	0.00272	0.00272	0.86672
64	0.00979	0.05552	0.73759	0.01281	0.01923	0.05784	0.01614	0.01473	0.00987	0.01420	0.00810	0.00952	0.00582	0.00437	0.00429	0.00142	0.00680	0.00333	0.00196	0.00667
65	0.01251	0.80156	0.02352	0.00805	0.01190	0.05717	0.00790	0.01397	0.00951	0.01082	0.00642	0.00741	0.00589	0.00397	0.00300	0.00099	0.00507	0.00248	0.00198	0.00586
66	0.01182	0.16136	0.24082	0.01144	0.04616	0.02998	0.10698	0.01501	0.02355	0.13291	0.01095	0.03550	0.02437	0.00476	0.00422	0.00127	0.00539	0.00402	0.00284	0.12663
67	0.00874	0.00913	0.11757	0.00728	0.01078	0.00608	0.00657	0.01092	0.00983	0.04738	0.02992	0.10924	0.14924	0.00639	0.00424	0.00111	0.00359	0.00535	0.00322	0.45342
68	0.00921	0.02375	0.81487	0.01309	0.01987	0.01066	0.01696	0.01454	0.00969	0.01454	0.00824	0.00969	0.00582	0.00436	0.00436	0.00145	0.00678	0.00339	0.00194	0.00678
69	0.00860	0.00679	0.02261	0.11788	0.05503	0.02094	0.00720	0.06056	0.02312	0.03944	0.01830	0.20979	0.02954	0.13875	0.00845	0.01576	0.00435	0.20470	0.00358	0.00460
70	0.01138	0.06223	0.31358	0.01559	0.13942	0.02551	0.18106	0.03698	0.06146	0.07616	0.02635	0.01184	0.00807	0.00455	0.00460	0.00143	0.00614	0.00420	0.00268	0.00674
71	0.00867	0.00816	0.01377	0.82762	0.03162	0.01020	0.01275	0.01173	0.00918	0.01173	0.00816	0.01224	0.00612	0.00459	0.00459	0.00153	0.00612	0.00408	0.00204	0.00510
72	0.00546	0.00465	0.00470	0.00469	0.00622	0.00389	0.00352	0.00665	0.01055	0.01259	0.07082	0.04387	0.78372	0.01156	0.00543	0.00155	0.00232	0.00964	0.00429	0.00389
73	0.00835	0.00911	0.10397	0.02692	0.10499	0.00762	0.07513	0.01226	0.11104	0.01584	0.26397	0.06630	0.11820	0.00782	0.00534	0.00153	0.02208	0.03032	0.00380	0.00543
74	0.04434	0.01173	0.01687	0.04664	0.61360	0.09913	0.01261	0.01507	0.01079	0.07252	0.00906	0.01121	0.00730	0.00430	0.00444	0.00135	0.00560	0.00395	0.00254	0.00695
75	0.02060	0.00781	0.01065	0.00817	0.01172	0.00675	0.00675	0.02237	0.01314	0.81320	0.01811	0.01563	0.01136	0.00568	0.00462	0.00142	0.00391	0.00462	0.00568	0.00781
76	0.87108	0.00888	0.00675	0.00604	0.00888	0.01030	0.00497	0.01350	0.00781	0.02060	0.00639	0.00746	0.00497	0.00426	0.00284	0.00142	0.00355	0.00249	0.00284	0.00497
