[name]
unknown

[dist]
# distance from previous block
# <min> <max>
0	31

[block]
# block no. 0 follows, 65 sequences, length 63
# corresponding to MSA columns:
# 32-94
name=unknown_A
#
# <colnr> <probs for GDERKNQSTAVLIFYWHMCP>
#	G	D	E	R	K	N	Q	S	T	A	V	L	I	F	Y	W	H	M	C	P
0	0.00661	0.00472	0.00661	0.00756	0.00850	0.00472	0.00661	0.00850	0.00945	0.01228	0.02173	0.04630	0.02362	0.01134	0.00567	0.00189	0.00378	0.80250	0.00378	0.00378
1	0.01790	0.00781	0.01004	0.00769	0.01089	0.00725	0.00636	0.16519	0.01313	0.68585	0.01504	0.01322	0.00958	0.00505	0.00412	0.00126	0.00368	0.00405	0.00490	0.00698
2	0.00504	0.00374	0.00470	0.00537	0.00589	0.00340	0.00368	0.00591	0.00845	0.01107	0.09036	0.62745	0.18591	0.01202	0.00513	0.00158	0.00229	0.01074	0.00387	0.00340
3	0.00836	0.00817	0.01459	0.61517	0.13946	0.00938	0.12403	0.01116	0.00857	0.01127	0.00750	0.01085	0.00572	0.00395	0.00420	0.00135	0.00559	0.00382	0.00189	0.00497
4	0.01014	0.00868	0.00913	0.00823	0.01051	0.01003	0.00640	0.02147	0.79986	0.01712	0.01661	0.01531	0.01247	0.00555	0.00414	0.00138	0.00321	0.00462	0.02872	0.00642
5	0.00587	0.00437	0.00644	0.00644	0.00711	0.00504	0.00493	0.00723	0.00655	0.00941	0.01114	0.01694	0.01061	0.09298	0.77776	0.00640	0.01047	0.00452	0.00222	0.00358
6	0.88473	0.00794	0.00603	0.00540	0.00794	0.00921	0.00445	0.01207	0.00699	0.01842	0.00572	0.00667	0.00445	0.00381	0.00254	0.00127	0.00318	0.00222	0.00254	0.00445
7	0.01085	0.81934	0.05927	0.00724	0.01087	0.01593	0.00740	0.01232	0.00836	0.00981	0.00578	0.00668	0.00526	0.00353	0.00269	0.00090	0.00447	0.00223	0.00175	0.00530
8	0.01008	0.00967	0.01652	0.05229	0.80366	0.00973	0.01256	0.01253	0.00931	0.01331	0.00771	0.01019	0.00647	0.00367	0.00407	0.00122	0.00490	0.00366	0.00203	0.00644
9	0.00851	0.00730	0.00851	0.00608	0.00973	0.00547	0.00486	0.01034	0.00851	0.01338	0.00730	0.00851	0.00608	0.00304	0.00304	0.00061	0.00304	0.00243	0.00243	0.88083
10	0.00514	0.00415	0.00457	0.00450	0.00573	0.00358	0.00336	0.00643	0.00997	0.01264	0.27053	0.06355	0.57169	0.00989	0.00486	0.00137	0.00205	0.00840	0.00402	0.00358
11	0.01557	0.01055	0.01174	0.03254	0.01272	0.01147	0.00757	0.63309	0.05515	0.15048	0.01109	0.01078	0.00769	0.00496	0.00411	0.00125	0.00433	0.00381	0.00420	0.00689
12	0.00597	0.00398	0.00448	0.00448	0.00448	0.00398	0.00249	0.00597	0.00597	0.00796	0.01293	0.02686	0.01492	0.85574	0.02089	0.00398	0.00398	0.00597	0.00249	0.00249
13	0.00970	0.01104	0.02401	0.01752	0.04418	0.01036	0.79266	0.01313	0.00968	0.01316	0.00829	0.01105	0.00624	0.00347	0.00482	0.00138	0.00686	0.00481	0.00207	0.00556
14	0.00529	0.00397	0.00490	0.00510	0.00592	0.00358	0.00366	0.00657	0.00974	0.01302	0.34848	0.31901	0.23486	0.01045	0.00498	0.00145	0.00213	0.00921	0.00409	0.00358
15	0.02474	0.02098	0.81887	0.01158	0.01758	0.00953	0.01496	0.01298	0.00863	0.01310	0.00734	0.00863	0.00519	0.00390	0.00387	0.00130	0.00601	0.00302	0.00175	0.00604
16	0.00852	0.10793	0.75026	0.01122	0.01702	0.01023	0.01432	0.01293	0.00863	0.01265	0.00719	0.00845	0.00521	0.00386	0.00377	0.00126	0.00589	0.00295	0.00174	0.00598
17	0.30338	0.01544	0.00980	0.00882	0.01112	0.53632	0.00677	0.04200	0.01035	0.01335	0.00626	0.00724	0.00507	0.00411	0.00333	0.00113	0.00590	0.00254	0.00232	0.00473
18	0.88473	0.00794	0.00603	0.00540	0.00794	0.00921	0.00445	0.01207	0.00699	0.01842	0.00572	0.00667	0.00445	0.00381	0.00254	0.00127	0.00318	0.00222	0.00254	0.00445
19	0.00840	0.07083	0.78629	0.01142	0.01734	0.00993	0.01468	0.01296	0.00865	0.01280	0.00727	0.00854	0.00520	0.00388	0.00382	0.00127	0.00597	0.00298	0.00173	0.00602
20	0.00588	0.00433	0.00626	0.00626	0.00688	0.00495	0.00471	0.00712	0.00650	0.00928	0.01130	0.01782	0.01100	0.16064	0.71062	0.00619	0.00989	0.00465	0.00224	0.00348
21	0.00587	0.00438	0.00650	0.00650	0.00720	0.00508	0.00501	0.00727	0.00657	0.00946	0.01108	0.01660	0.01047	0.06704	0.80350	0.00648	0.01069	0.00447	0.00221	0.00361
22	0.00737	0.00391	0.00426	0.00426	0.00518	0.00403	0.00322	0.00922	0.00830	0.01441	0.01302	0.01543	0.01048	0.00882	0.13291	0.00183	0.00332	0.00391	0.74232	0.00380
23	0.00528	0.00417	0.00475	0.00460	0.00580	0.00365	0.00345	0.00671	0.01036	0.01347	0.38976	0.03559	0.47880	0.00951	0.00485	0.00134	0.00202	0.00811	0.00412	0.00365
24	0.88473	0.00794	0.00603	0.00540	0.00794	0.00921	0.00445	0.01207	0.00699	0.01842	0.00572	0.00667	0.00445	0.00381	0.00254	0.00127	0.00318	0.00222	0.00254	0.00445
25	0.01560	0.01150	0.01232	0.00944	0.01273	0.01273	0.00780	0.81645	0.01930	0.02587	0.00986	0.00986	0.00698	0.00493	0.00411	0.00123	0.00452	0.00370	0.00411	0.00698
26	0.00823	0.02123	0.83447	0.01170	0.01777	0.00953	0.01517	0.01300	0.00867	0.01300	0.00737	0.00867	0.00520	0.00390	0.00390	0.00130	0.00607	0.00303	0.00173	0.00607
27	0.00581	0.00420	0.00549	0.00516	0.00613	0.00387	0.00387	0.00775	0.01162	0.01646	0.82797	0.03066	0.03873	0.00839	0.00484	0.00129	0.00194	0.00742	0.00452	0.00387
28	0.88473	0.00794	0.00603	0.00540	0.00794	0.00921	0.00445	0.01207	0.00699	0.01842	0.00572	0.00667	0.00445	0.00381	0.00254	0.00127	0.00318	0.00222	0.00254	0.00445
29	0.01534	0.01929	0.01166	0.01054	0.01269	0.81132	0.00793	0.04343	0.01189	0.01058	0.00646	0.00749	0.00534	0.00425	0.00371	0.00106	0.00730	0.00268	0.00218	0.00483
30	0.00586	0.00440	0.00660	0.00660	0.00733	0.00513	0.00513	0.00733	0.00660	0.00953	0.01100	0.01613	0.01026	0.03079	0.83947	0.00660	0.01100	0.00440	0.00220	0.00367
31	0.00516	0.00369	0.00494	0.00587	0.00619	0.00347	0.00406	0.00601	0.00808	0.01076	0.03887	0.76381	0.02707	0.01263	0.00527	0.00168	0.00250	0.08274	0.00382	0.00339
32	0.00775	0.00730	0.01231	0.84587	0.02827	0.00912	0.01140	0.01049	0.00821	0.01049	0.00730	0.01094	0.00547	0.00410	0.00410	0.00137	0.00547	0.00365	0.00182	0.00456
33	0.00533	0.00395	0.00532	0.00612	0.00640	0.00393	0.00429	0.00614	0.00789	0.01057	0.02162	0.75024	0.02572	0.01244	0.00572	0.00169	0.04848	0.06703	0.00370	0.00343
34	0.00606	0.00397	0.00444	0.00444	0.00449	0.00397	0.00251	0.00615	0.00610	0.00833	0.01296	0.02627	0.01470	0.81222	0.01997	0.00383	0.00387	0.00586	0.04729	0.00256
35	0.00775	0.00730	0.01231	0.84587	0.02827	0.00912	0.01140	0.01049	0.00821	0.01049	0.00730	0.01094	0.00547	0.00410	0.00410	0.00137	0.00547	0.00365	0.00182	0.00456
36	0.88473	0.00794	0.00603	0.00540	0.00794	0.00921	0.00445	0.01207	0.00699	0.01842	0.00572	0.00667	0.00445	0.00381	0.00254	0.00127	0.00318	0.00222	0.00254	0.00445
37	0.01344	0.01000	0.01069	0.00842	0.01129	0.01085	0.00688	0.65268	0.01725	0.02287	0.01571	0.03952	0.14962	0.00610	0.00427	0.00127	0.00403	0.00479	0.00405	0.00627
38	0.00500	0.00357	0.00476	0.00572	0.00595	0.00333	0.00381	0.00572	0.00786	0.01048	0.02262	0.85306	0.02715	0.01286	0.00524	0.00167	0.00238	0.01167	0.00381	0.00333
39	0.00586	0.00440	0.00660	0.00660	0.00733	0.00513	0.00513	0.00733	0.00660	0.00953	0.01100	0.01613	0.01026	0.03079	0.83947	0.00660	0.01100	0.00440	0.00220	0.00367
40	0.01016	0.00975	0.01666	0.02520	0.83013	0.00975	0.01260	0.01260	0.00935	0.01341	0.00772	0.01016	0.00650	0.00366	0.00406	0.00122	0.00488	0.00366	0.00203	0.00650
41	0.00915	0.00872	0.01484	0.36897	0.49424	0.00949	0.01210	0.01171	0.00887	0.01219	0.00754	0.01049	0.00607	0.00384	0.00408	0.00128	0.00513	0.00365	0.00194	0.00569
42	0.00586	0.00440	0.00660	0.00660	0.00733	0.00513	0.00513	0.00733	0.00660	0.00953	0.01100	0.01613	0.01026	0.03079	0.83947	0.00660	0.01100	0.00440	0.00220	0.00367
43	0.00851	0.00730	0.00851	0.00608	0.00973	0.00547	0.00486	0.01034	0.00851	0.01338	0.00730	0.00851	0.00608	0.00304	0.00304	0.00061	0.00304	0.00243	0.00243	0.88083
44	0.88473	0.00794	0.00603	0.00540	0.00794	0.00921	0.00445	0.01207	0.00699	0.01842	0.00572	0.00667	0.00445	0.00381	0.00254	0.00127	0.00318	0.00222	0.00254	0.00445
45	0.00656	0.00469	0.00655	0.00750	0.00842	0.00468	0.00652	0.00841	0.00940	0.01222	0.02176	0.07351	0.02374	0.01139	0.00566	0.00188	0.00373	0.77584	0.00378	0.00376
46	0.00803	0.00554	0.00700	0.00656	0.00756	0.00610	0.00491	0.03377	0.12163	0.08036	0.02478	0.04377	0.01284	0.24683	0.28491	0.00384	0.04923	0.03137	0.01683	0.00416
47	0.00775	0.00730	0.01231	0.84587	0.02827	0.00912	0.01140	0.01049	0.00821	0.01049	0.00730	0.01094	0.00547	0.00410	0.00410	0.00137	0.00547	0.00365	0.00182	0.00456
48	0.00743	0.00692	0.01134	0.70107	0.05158	0.00835	0.01031	0.00991	0.00835	0.01065	0.01143	0.04387	0.09213	0.00506	0.00422	0.00138	0.00499	0.00446	0.00211	0.00447
49	0.01186	0.00943	0.00991	0.00833	0.01080	0.03805	0.00662	0.31910	0.35191	0.03404	0.12736	0.02846	0.01405	0.00578	0.00424	0.00131	0.00367	0.00471	0.00414	0.00621
50	0.00493	0.00386	0.00446	0.00494	0.00575	0.00340	0.00347	0.00580	0.00861	0.01078	0.03209	0.44697	0.42713	0.01163	0.00505	0.00153	0.00223	0.01017	0.00381	0.00340
51	0.06137	0.00937	0.00982	0.00842	0.01100	0.01068	0.00668	0.20840	0.57356	0.03288	0.01446	0.01351	0.01072	0.00531	0.00407	0.00135	0.00355	0.00427	0.00408	0.00650
52	0.01444	0.01804	0.01114	0.01003	0.01218	0.74621	0.00754	0.01559	0.01144	0.01057	0.04698	0.00862	0.00699	0.00436	0.00372	0.00104	0.00686	0.00287	0.00225	0.05914
53	0.00929	0.34522	0.51978	0.00989	0.01497	0.01213	0.01201	0.01273	0.00854	0.01171	0.00672	0.00786	0.00523	0.00375	0.00341	0.00114	0.00542	0.00271	0.00174	0.00576
54	0.00823	0.02123	0.83447	0.01170	0.01777	0.00953	0.01517	0.01300	0.00867	0.01300	0.00737	0.00867	0.00520	0.00390	0.00390	0.00130	0.00607	0.00303	0.00173	0.00607
55	0.00775	0.00730	0.01231	0.84587	0.02827	0.00912	0.01140	0.01049	0.00821	0.01049	0.00730	0.01094	0.00547	0.00410	0.00410	0.00137	0.00547	0.00365	0.00182	0.00456
56	0.01004	0.00963	0.01645	0.06490	0.79134	0.00972	0.01254	0.01250	0.00929	0.01327	0.00770	0.01020	0.00645	0.00368	0.00407	0.00123	0.00491	0.00366	0.00202	0.00641
57	0.00891	0.00848	0.01441	0.45030	0.41478	0.00943	0.01198	0.01150	0.00876	0.01190	0.00750	0.01057	0.00597	0.00389	0.00408	0.00130	0.00518	0.00365	0.00192	0.00550
58	0.00503	0.00359	0.00479	0.00570	0.00596	0.00335	0.00381	0.00578	0.00799	0.01068	0.04978	0.82533	0.02754	0.01271	0.00523	0.00165	0.00237	0.01153	0.00383	0.00335
59	0.00714	0.00450	0.00551	0.00527	0.00659	0.00398	0.00399	0.00853	0.01021	0.12778	0.29083	0.15177	0.31275	0.00939	0.00483	0.00140	0.00233	0.03490	0.00422	0.00408
60	0.00955	0.42450	0.44277	0.00945	0.01428	0.01277	0.01124	0.01266	0.00851	0.01139	0.00657	0.00766	0.00523	0.00371	0.00329	0.00110	0.00526	0.00263	0.00174	0.00568
61	0.00900	0.00759	0.00761	0.00729	0.00863	0.09958	0.00540	0.19732	0.06546	0.01451	0.01791	0.47286	0.03994	0.00947	0.00473	0.00147	0.00351	0.01942	0.00371	0.00457
62	0.88473	0.00794	0.00603	0.00540	0.00794	0.00921	0.00445	0.01207	0.00699	0.01842	0.00572	0.00667	0.00445	0.00381	0.00254	0.00127	0.00318	0.00222	0.00254	0.00445

[dist]
# distance from previous block
# <min> <max>
0	8

[block]
# block no. 1 follows, 65 sequences, length 27
# corresponding to MSA columns:
# 103-129
name=unknown_B
#
# <colnr> <probs for GDERKNQSTAVLIFYWHMCP>
#	G	D	E	R	K	N	Q	S	T	A	V	L	I	F	Y	W	H	M	C	P
0	0.00499	0.00369	0.00468	0.00543	0.00589	0.00337	0.00369	0.00579	0.00821	0.01072	0.04471	0.69278	0.16638	0.01233	0.00516	0.00161	0.00232	0.01105	0.00383	0.00337
1	0.12039	0.01107	0.01156	0.00896	0.01215	0.01231	0.00740	0.71947	0.01782	0.02497	0.00936	0.00947	0.00668	0.00479	0.00392	0.00124	0.00436	0.00352	0.00392	0.00668
2	0.03632	0.01198	0.01567	0.01185	0.01524	0.17301	0.30401	0.17742	0.02510	0.05682	0.00856	0.00984	0.00643	0.00398	0.00411	0.00117	0.00566	0.00373	0.00274	0.12633
3	0.00904	0.00915	0.01350	0.01129	0.01162	0.01240	0.07281	0.01014	0.00656	0.01014	0.00562	0.00915	0.00545	0.00689	0.01279	0.00176	0.78162	0.00369	0.00182	0.00457
4	0.00589	0.00405	0.00481	0.00475	0.00565	0.00375	0.00345	0.00739	0.00989	0.01405	0.40520	0.10685	0.17446	0.07564	0.00581	0.00150	0.00216	0.00732	0.15375	0.00363
5	0.00506	0.00360	0.00474	0.00564	0.00586	0.00338	0.00372	0.00573	0.00774	0.01032	0.02200	0.79948	0.02636	0.06752	0.00625	0.00182	0.00249	0.01130	0.00372	0.00328
6	0.01800	0.00766	0.00994	0.00762	0.01082	0.00704	0.00630	0.13944	0.01288	0.71194	0.01524	0.01335	0.00968	0.00506	0.00412	0.00126	0.00365	0.00406	0.00493	0.00699
7	0.01560	0.01150	0.01232	0.00944	0.01273	0.01273	0.00780	0.81645	0.01930	0.02587	0.00986	0.00986	0.00698	0.00493	0.00411	0.00123	0.00452	0.00370	0.00411	0.00698
8	0.01560	0.01150	0.01232	0.00944	0.01273	0.01273	0.00780	0.81645	0.01930	0.02587	0.00986	0.00986	0.00698	0.00493	0.00411	0.00123	0.00452	0.00370	0.00411	0.00698
9	0.00573	0.00419	0.00537	0.00508	0.00608	0.00384	0.00381	0.00759	0.01143	0.01600	0.76062	0.03142	0.10637	0.00856	0.00484	0.00130	0.00195	0.00753	0.00446	0.00384
10	0.01560	0.01150	0.01232	0.00944	0.01273	0.01273	0.00780	0.81645	0.01930	0.02587	0.00986	0.00986	0.00698	0.00493	0.00411	0.00123	0.00452	0.00370	0.00411	0.00698
11	0.00500	0.00357	0.00476	0.00572	0.00595	0.00333	0.00381	0.00572	0.00786	0.01048	0.02262	0.85306	0.02715	0.01286	0.00524	0.00167	0.00238	0.01167	0.00381	0.00333
12	0.00500	0.00357	0.00476	0.00572	0.00595	0.00333	0.00381	0.00572	0.00786	0.01048	0.02262	0.85306	0.02715	0.01286	0.00524	0.00167	0.00238	0.01167	0.00381	0.00333
13	0.00818	0.00771	0.01301	0.65159	0.19494	0.00909	0.01144	0.01080	0.00844	0.01110	0.00781	0.03391	0.00628	0.00425	0.00413	0.00135	0.00526	0.00387	0.00192	0.00493
14	0.01764	0.00733	0.00998	0.00834	0.05356	0.00657	0.00645	0.04567	0.03671	0.73865	0.01556	0.01368	0.00994	0.00502	0.00413	0.00127	0.00359	0.00410	0.00486	0.00695
15	0.01365	0.00994	0.01065	0.00853	0.01132	0.02360	0.00692	0.51614	0.15767	0.06834	0.07566	0.01291	0.01077	0.00530	0.00411	0.00125	0.00395	0.00417	0.04868	0.00646
16	0.00838	0.06515	0.79182	0.01145	0.01739	0.00989	0.01474	0.01296	0.00865	0.01282	0.00728	0.00856	0.00520	0.00388	0.00383	0.00128	0.00598	0.00299	0.00173	0.00602
17	0.00581	0.00420	0.00549	0.00516	0.00613	0.00387	0.00387	0.00775	0.01162	0.01646	0.82797	0.03066	0.03873	0.00839	0.00484	0.00129	0.00194	0.00742	0.00452	0.00387
18	0.00936	0.17141	0.54558	0.01139	0.01662	0.01071	0.11782	0.01319	0.00887	0.04749	0.00756	0.00883	0.00556	0.00382	0.00380	0.00123	0.00576	0.00316	0.00193	0.00589
19	0.01067	0.76430	0.11272	0.00755	0.01135	0.01549	0.00794	0.01237	0.00838	0.01003	0.00589	0.00682	0.00526	0.00356	0.00278	0.00093	0.00458	0.00229	0.00175	0.00536
20	0.00500	0.00419	0.00437	0.00440	0.00574	0.00356	0.00335	0.00614	0.00950	0.01148	0.08869	0.03932	0.73789	0.01032	0.00489	0.00141	0.00216	0.05024	0.00385	0.00351
21	0.00496	0.00411	0.00436	0.00453	0.00575	0.00351	0.00339	0.00600	0.00917	0.01107	0.03816	0.14285	0.68541	0.01076	0.00494	0.00145	0.00221	0.05009	0.00381	0.00346
22	0.01052	0.21268	0.49649	0.01004	0.01501	0.01055	0.02972	0.01396	0.00911	0.14291	0.00841	0.00908	0.00603	0.00399	0.00366	0.00120	0.00529	0.00305	0.00228	0.00602
23	0.88473	0.00794	0.00603	0.00540	0.00794	0.00921	0.00445	0.01207	0.00699	0.01842	0.00572	0.00667	0.00445	0.00381	0.00254	0.00127	0.00318	0.00222	0.00254	0.00445
24	0.01533	0.01956	0.01163	0.01058	0.01269	0.83926	0.00793	0.01639	0.01163	0.01005	0.00635	0.00740	0.00529	0.00423	0.00370	0.00106	0.00740	0.00264	0.00212	0.00476
25	0.01097	0.85821	0.02151	0.00702	0.01054	0.01624	0.00702	0.01229	0.00834	0.00966	0.00571	0.00658	0.00527	0.00351	0.00263	0.00088	0.00439	0.00219	0.00176	0.00527
26	0.00897	0.26916	0.56776	0.01011	0.01526	0.01135	0.01240	0.01263	0.00866	0.01211	0.03201	0.00872	0.00625	0.00392	0.00355	0.00117	0.00544	0.00292	0.00183	0.00576

[dist]
# distance from previous block
# <min> <max>
1	3

[block]
# block no. 2 follows, 65 sequences, length 8
# corresponding to MSA columns:
# 133-140
name=unknown_C
#
# <colnr> <probs for GDERKNQSTAVLIFYWHMCP>
#	G	D	E	R	K	N	Q	S	T	A	V	L	I	F	Y	W	H	M	C	P
0	0.00587	0.00437	0.00645	0.00645	0.00713	0.00505	0.00495	0.00724	0.00655	0.00942	0.01113	0.01687	0.01058	0.08786	0.78284	0.00642	0.01051	0.00451	0.00222	0.00358
1	0.00973	0.00931	0.01588	0.17290	0.68582	0.00964	0.01238	0.01222	0.00914	0.01288	0.00764	0.01030	0.00632	0.00374	0.00407	0.00125	0.00498	0.00366	0.00199	0.00615
2	0.01822	0.00730	0.00972	0.00745	0.01063	0.00650	0.00616	0.07511	0.01227	0.77714	0.01576	0.01369	0.00994	0.00507	0.00413	0.00127	0.00356	0.00410	0.00501	0.00699
3	0.00564	0.00419	0.00526	0.00499	0.00603	0.00380	0.00374	0.00742	0.01122	0.01552	0.69076	0.03221	0.17652	0.00874	0.00484	0.00131	0.00196	0.00764	0.00440	0.00380
4	0.01591	0.01100	0.01201	0.00921	0.01248	0.01200	0.00761	0.72939	0.01847	0.11409	0.01055	0.01031	0.00733	0.00494	0.00411	0.00124	0.00441	0.00374	0.00421	0.00698
5	0.00574	0.00419	0.00538	0.00509	0.00609	0.00384	0.00381	0.00760	0.01144	0.01605	0.76724	0.03135	0.09972	0.00855	0.00484	0.00130	0.00195	0.00752	0.00446	0.00384
6	0.01108	0.01116	0.01190	0.01023	0.01134	0.16103	0.00829	0.10806	0.12700	0.01285	0.00773	0.00972	0.00659	0.00615	0.00926	0.00154	0.47488	0.00359	0.00247	0.00512
7	0.01332	0.01002	0.01236	0.00976	0.01279	0.01084	0.10254	0.35597	0.29894	0.10954	0.01277	0.01236	0.00918	0.00500	0.00422	0.00131	0.00424	0.00421	0.00400	0.00664

[dist]
# distance from previous block
# <min> <max>
1	3

[block]
# block no. 3 follows, 65 sequences, length 7
# corresponding to MSA columns:
# 145-151
name=unknown_D
#
# <colnr> <probs for GDERKNQSTAVLIFYWHMCP>
#	G	D	E	R	K	N	Q	S	T	A	V	L	I	F	Y	W	H	M	C	P
0	0.00856	0.00729	0.03323	0.00662	0.00930	0.00636	0.00533	0.01280	0.21842	0.05093	0.05454	0.09317	0.09512	0.00573	0.00388	0.00107	0.00300	0.00483	0.00335	0.37648
1	0.00878	0.00640	0.00773	0.00616	0.00881	0.00525	0.00479	0.04393	0.00954	0.08989	0.11305	0.16000	0.01426	0.00570	0.00380	0.00097	0.00289	0.00488	0.00325	0.49992
2	0.00770	0.00513	0.00612	0.00580	0.00738	0.00472	0.00451	0.01000	0.08523	0.12224	0.12006	0.14267	0.30342	0.00904	0.00474	0.00141	0.00265	0.09970	0.00402	0.05345
3	0.00966	0.00749	0.00866	0.00669	0.00981	0.00655	0.00530	0.06832	0.12995	0.07095	0.03434	0.05796	0.00951	0.00439	0.00353	0.00089	0.00314	0.00363	0.00313	0.55611
4	0.01042	0.00811	0.01203	0.59149	0.02332	0.00954	0.01013	0.17435	0.01081	0.09730	0.00872	0.01103	0.00625	0.00437	0.00411	0.00133	0.00508	0.00371	0.00262	0.00530
5	0.01064	0.07055	0.53387	0.01072	0.01578	0.01092	0.01242	0.25710	0.01188	0.01670	0.00802	0.00890	0.00575	0.00419	0.00388	0.00125	0.00549	0.00318	0.00246	0.00629
6	0.17906	0.01166	0.01041	0.00849	0.01137	0.16631	0.00682	0.36735	0.07023	0.06074	0.00905	0.00929	0.00667	0.00452	0.00367	0.00118	0.00457	0.00323	0.00338	0.06200

[dist]
# distance from previous block
# <min> <max>
0	2

[block]
# block no. 4 follows, 65 sequences, length 39
# corresponding to MSA columns:
# 154-184,187-194
name=unknown_E
#
# <colnr> <probs for GDERKNQSTAVLIFYWHMCP>
#	G	D	E	R	K	N	Q	S	T	A	V	L	I	F	Y	W	H	M	C	P
0	0.01042	0.03206	0.01660	0.02402	0.77223	0.01006	0.01224	0.04842	0.00976	0.01387	0.00776	0.01005	0.00649	0.00371	0.00403	0.00121	0.00485	0.00362	0.00212	0.00649
1	0.03556	0.00998	0.01222	0.03380	0.16781	0.01062	0.01943	0.38274	0.13716	0.05768	0.01036	0.01078	0.00768	0.00455	0.00399	0.00121	0.00424	0.00372	0.00349	0.08296
2	0.00985	0.00928	0.01501	0.04681	0.64968	0.00913	0.01116	0.01262	0.04581	0.01349	0.00805	0.01018	0.00668	0.00367	0.00392	0.00114	0.00456	0.00352	0.00218	0.13325
3	0.00997	0.00970	0.01641	0.02275	0.67489	0.01019	0.04821	0.01223	0.00892	0.01289	0.00741	0.01003	0.00633	0.00416	0.00546	0.00131	0.12728	0.00370	0.00200	0.00617
4	0.01390	0.01237	0.01411	0.01100	0.01411	0.18310	0.17898	0.34200	0.06412	0.08314	0.00990	0.02452	0.00739	0.00463	0.00419	0.00124	0.00541	0.00393	0.00331	0.01865
5	0.00785	0.00614	0.00816	0.00728	0.00944	0.00552	0.04529	0.01037	0.06103	0.03983	0.06849	0.02798	0.05600	0.00746	0.00454	0.00134	0.00345	0.33805	0.00338	0.28840
6	0.01146	0.00908	0.01280	0.00935	0.01296	0.00832	0.17336	0.20988	0.01172	0.09603	0.00900	0.00990	0.00673	0.00379	0.00378	0.00099	0.00425	0.00341	0.00303	0.40017
7	0.00699	0.00366	0.00549	0.00549	0.00557	0.00374	0.00374	0.00557	0.00549	0.00740	0.00756	0.01289	0.00748	0.01612	0.10849	0.78245	0.00440	0.00366	0.00183	0.00199
8	0.00582	0.00420	0.00555	0.00552	0.00641	0.00392	0.00421	0.00762	0.01095	0.01530	0.64108	0.12040	0.03560	0.00924	0.00499	0.00141	0.00221	0.10740	0.00435	0.00380
9	0.00851	0.00730	0.00851	0.00608	0.00973	0.00547	0.00486	0.01034	0.00851	0.01338	0.00730	0.00851	0.00608	0.00304	0.00304	0.00061	0.00304	0.00243	0.00243	0.88083
10	0.01310	0.00970	0.01046	0.00846	0.01116	0.02451	0.00683	0.46536	0.19083	0.06630	0.13578	0.01437	0.01314	0.00559	0.00423	0.00127	0.00385	0.00447	0.00420	0.00637
11	0.00567	0.00407	0.00552	0.00642	0.00698	0.00391	0.00493	0.00690	0.00862	0.01136	0.04041	0.48952	0.04385	0.01209	0.00540	0.00174	0.00293	0.33234	0.00381	0.00353
12	0.00851	0.00730	0.00851	0.00608	0.00973	0.00547	0.00486	0.01034	0.00851	0.01338	0.00730	0.00851	0.00608	0.00304	0.00304	0.00061	0.00304	0.00243	0.00243	0.88083
13	0.01521	0.01930	0.01158	0.01052	0.01264	0.81929	0.00790	0.01652	0.03117	0.01022	0.00659	0.00759	0.00546	0.00426	0.00371	0.00107	0.00730	0.00269	0.00216	0.00480
14	0.01560	0.01150	0.01232	0.00944	0.01273	0.01273	0.00780	0.81645	0.01930	0.02587	0.00986	0.00986	0.00698	0.00493	0.00411	0.00123	0.00452	0.00370	0.00411	0.00698
15	0.01536	0.01138	0.01218	0.00940	0.01264	0.01262	0.00774	0.78067	0.05548	0.02548	0.01016	0.01010	0.00723	0.00496	0.00411	0.00124	0.00446	0.00374	0.00411	0.00696
16	0.00898	0.00898	0.01257	0.01078	0.01078	0.01257	0.00898	0.00988	0.00629	0.00988	0.00539	0.00898	0.00539	0.00718	0.01347	0.00180	0.84823	0.00359	0.00180	0.00449
17	0.00500	0.00357	0.00476	0.00572	0.00595	0.00333	0.00381	0.00572	0.00786	0.01048	0.02262	0.85306	0.02715	0.01286	0.00524	0.00167	0.00238	0.01167	0.00381	0.00333
18	0.01097	0.85821	0.02151	0.00702	0.01054	0.01624	0.00702	0.01229	0.00834	0.00966	0.00571	0.00658	0.00527	0.00351	0.00263	0.00088	0.00439	0.00219	0.00176	0.00527
19	0.01842	0.00699	0.00953	0.00730	0.01048	0.00603	0.00603	0.02000	0.01175	0.83298	0.01619	0.01397	0.01016	0.00508	0.00413	0.00127	0.00349	0.00413	0.00508	0.00699
20	0.00581	0.00420	0.00549	0.00516	0.00613	0.00387	0.00387	0.00775	0.01162	0.01646	0.82797	0.03066	0.03873	0.00839	0.00484	0.00129	0.00194	0.00742	0.00452	0.00387
21	0.00851	0.00730	0.00851	0.00608	0.00973	0.00547	0.00486	0.01034	0.00851	0.01338	0.00730	0.00851	0.00608	0.00304	0.00304	0.00061	0.00304	0.00243	0.00243	0.88083
22	0.00969	0.01107	0.02422	0.01730	0.02145	0.01038	0.81522	0.01315	0.00969	0.01315	0.00830	0.01107	0.00623	0.00346	0.00484	0.00138	0.00692	0.00484	0.00208	0.00554
23	0.01834	0.00710	0.00960	0.00736	0.01054	0.00621	0.00608	0.04091	0.01195	0.81179	0.01603	0.01386	0.01008	0.00508	0.00413	0.00127	0.00352	0.00412	0.00505	0.00699
24	0.01021	0.00882	0.00928	0.00835	0.01067	0.01021	0.00650	0.02181	0.82272	0.01717	0.01671	0.01532	0.01253	0.00557	0.00418	0.00139	0.00325	0.00464	0.00418	0.00650
25	0.00863	0.00758	0.00960	0.00689	0.01055	0.00590	0.06013	0.01076	0.02501	0.01344	0.00755	0.00882	0.00622	0.00312	0.00319	0.00068	0.00331	0.00264	0.00244	0.80355
26	0.00485	0.00416	0.00416	0.00416	0.00554	0.00347	0.00312	0.00589	0.00936	0.01109	0.04158	0.03950	0.82847	0.01040	0.00485	0.00139	0.00208	0.00866	0.00381	0.00347
27	0.01539	0.01803	0.01176	0.01036	0.01270	0.68217	0.00791	0.16845	0.01309	0.01305	0.00701	0.00787	0.00561	0.00436	0.00378	0.00109	0.00685	0.00284	0.00249	0.00518
28	0.00775	0.00730	0.01231	0.84587	0.02827	0.00912	0.01140	0.01049	0.00821	0.01049	0.00730	0.01094	0.00547	0.00410	0.00410	0.00137	0.00547	0.00365	0.00182	0.00456
29	0.01484	0.01776	0.01146	0.01025	0.01249	0.68192	0.00778	0.08845	0.09398	0.01218	0.00770	0.00842	0.00617	0.00443	0.00379	0.00111	0.00673	0.00294	0.00250	0.00513
30	0.00775	0.00730	0.01231	0.84587	0.02827	0.00912	0.01140	0.01049	0.00821	0.01049	0.00730	0.01094	0.00547	0.00410	0.00410	0.00137	0.00547	0.00365	0.00182	0.00456
31	0.00576	0.00419	0.00542	0.00512	0.00610	0.00385	0.00384	0.00766	0.01151	0.01621	0.79084	0.03108	0.07602	0.00849	0.00484	0.00130	0.00194	0.00748	0.00449	0.00385
32	0.01017	0.00950	0.01114	0.00959	0.01054	0.13464	0.03493	0.01138	0.00823	0.08841	0.06243	0.01268	0.04310	0.00891	0.08982	0.00204	0.44131	0.00408	0.00247	0.00464
33	0.01413	0.01583	0.01131	0.01001	0.01229	0.54897	0.02848	0.08287	0.14391	0.04575	0.00938	0.02852	0.00761	0.00483	0.00393	0.00117	0.00615	0.01680	0.00280	0.00529
34	0.01016	0.00975	0.01666	0.02520	0.83013	0.00975	0.01260	0.01260	0.00935	0.01341	0.00772	0.01016	0.00650	0.00366	0.00406	0.00122	0.00488	0.00366	0.00203	0.00650
35	0.01016	0.00975	0.01666	0.02520	0.83013	0.00975	0.01260	0.01260	0.00935	0.01341	0.00772	0.01016	0.00650	0.00366	0.00406	0.00122	0.00488	0.00366	0.00203	0.00650
36	0.00573	0.00419	0.00538	0.00508	0.00608	0.00384	0.00381	0.00759	0.01143	0.01602	0.76349	0.03139	0.10348	0.00856	0.00484	0.00130	0.00195	0.00753	0.00446	0.00384
37	0.00775	0.00730	0.01231	0.84587	0.02827	0.00912	0.01140	0.01049	0.00821	0.01049	0.00730	0.01094	0.00547	0.00410	0.00410	0.00137	0.00547	0.00365	0.00182	0.00456
38	0.01078	0.00910	0.00960	0.00847	0.01089	0.01048	0.00664	0.10569	0.73791	0.01809	0.01598	0.01474	0.01194	0.00550	0.00417	0.00138	0.00338	0.00454	0.00417	0.00655

[dist]
# distance from previous block
# <min> <max>
0	4

[block]
# block no. 5 follows, 65 sequences, length 84
# corresponding to MSA columns:
# 199-236,245-254,257-292
name=unknown_F
#
# <colnr> <probs for GDERKNQSTAVLIFYWHMCP>
#	G	D	E	R	K	N	Q	S	T	A	V	L	I	F	Y	W	H	M	C	P
0	0.00596	0.00400	0.00458	0.00458	0.00462	0.00404	0.00262	0.00604	0.00600	0.00804	0.01284	0.02632	0.01469	0.81393	0.06238	0.00411	0.00434	0.00589	0.00247	0.00255
1	0.01097	0.85821	0.02151	0.00702	0.01054	0.01624	0.00702	0.01229	0.00834	0.00966	0.00571	0.00658	0.00527	0.00351	0.00263	0.00088	0.00439	0.00219	0.00176	0.00527
2	0.01097	0.85821	0.02151	0.00702	0.01054	0.01624	0.00702	0.01229	0.00834	0.00966	0.00571	0.00658	0.00527	0.00351	0.00263	0.00088	0.00439	0.00219	0.00176	0.00527
3	0.01064	0.00888	0.00941	0.00837	0.01075	0.01021	0.00654	0.05455	0.76937	0.03785	0.01641	0.01506	0.01224	0.00553	0.00417	0.00138	0.00331	0.00459	0.00420	0.00653
4	0.01086	0.82336	0.05536	0.00722	0.01084	0.01596	0.00736	0.01232	0.00835	0.00980	0.00578	0.00667	0.00526	0.00353	0.00269	0.00090	0.00446	0.00223	0.00175	0.00530
5	0.00824	0.00692	0.00824	0.00630	0.00955	0.00536	0.00512	0.01007	0.00865	0.01322	0.00940	0.01401	0.00863	0.00425	0.00342	0.00079	0.00315	0.11883	0.00263	0.75323
6	0.04953	0.00970	0.03809	0.00931	0.01213	0.02492	0.09178	0.19253	0.34925	0.09782	0.03376	0.02760	0.01092	0.00536	0.00422	0.00135	0.00407	0.02761	0.00383	0.00622
7	0.01431	0.00700	0.00863	0.00708	0.00960	0.02480	0.00566	0.07298	0.07773	0.49376	0.09049	0.09082	0.06572	0.00641	0.00433	0.00132	0.00331	0.00535	0.00463	0.00607
8	0.01108	0.01237	0.00891	0.00832	0.00999	0.41697	0.00639	0.05859	0.01086	0.01151	0.03135	0.02138	0.18013	0.05271	0.00542	0.00144	0.02475	0.12061	0.00288	0.00433
9	0.00651	0.00520	0.00701	0.00692	0.00761	0.00560	0.02517	0.02002	0.02732	0.02425	0.09194	0.38606	0.10986	0.02960	0.00686	0.00167	0.14330	0.08773	0.00349	0.00385
10	0.00832	0.03903	0.80311	0.01170	0.01767	0.00969	0.02872	0.01299	0.00868	0.01293	0.00735	0.00866	0.00522	0.00388	0.00389	0.00129	0.00605	0.00305	0.00174	0.00604
11	0.01533	0.01956	0.01163	0.01058	0.01269	0.83926	0.00793	0.01639	0.01163	0.01005	0.00635	0.00740	0.00529	0.00423	0.00370	0.00106	0.00740	0.00264	0.00212	0.00476
12	0.01815	0.00741	0.00979	0.00750	0.01069	0.00666	0.00620	0.09438	0.01245	0.75760	0.01560	0.01359	0.00986	0.00507	0.00413	0.00127	0.00359	0.00409	0.00499	0.00699
13	0.05216	0.00934	0.01030	0.00812	0.01109	0.04555	0.00663	0.35218	0.04710	0.34275	0.01264	0.02257	0.00871	0.00503	0.00399	0.00124	0.00398	0.00391	0.04616	0.00656
14	0.00945	0.01065	0.02296	0.01654	0.02039	0.01008	0.75610	0.01270	0.00948	0.01288	0.00876	0.03588	0.00701	0.02279	0.00540	0.00146	0.02490	0.00504	0.00213	0.00538
15	0.03718	0.00917	0.01426	0.01429	0.22028	0.02448	0.18541	0.10856	0.08184	0.05452	0.06832	0.02872	0.01109	0.00521	0.00463	0.00134	0.02773	0.07003	0.00299	0.02995
16	0.00844	0.01975	0.71659	0.01251	0.01830	0.00966	0.13157	0.01302	0.00882	0.01302	0.00750	0.00902	0.00535	0.00384	0.00404	0.00131	0.00619	0.00330	0.00178	0.00599
17	0.00618	0.00444	0.00578	0.00594	0.00684	0.00432	0.01750	0.00800	0.02977	0.01347	0.25813	0.21695	0.09224	0.00958	0.00501	0.00149	0.01824	0.18048	0.11184	0.00380
18	0.00500	0.00357	0.00476	0.00572	0.00595	0.00333	0.00381	0.00572	0.00786	0.01048	0.02262	0.85306	0.02715	0.01286	0.00524	0.00167	0.00238	0.01167	0.00381	0.00333
19	0.00581	0.00420	0.00549	0.00516	0.00613	0.00387	0.00387	0.00775	0.01162	0.01646	0.82797	0.03066	0.03873	0.00839	0.00484	0.00129	0.00194	0.00742	0.00452	0.00387
20	0.00851	0.00730	0.00851	0.00608	0.00973	0.00547	0.00486	0.01034	0.00851	0.01338	0.00730	0.00851	0.00608	0.00304	0.00304	0.00061	0.00304	0.00243	0.00243	0.88083
21	0.00488	0.00416	0.00420	0.00419	0.00556	0.00348	0.00314	0.00594	0.00942	0.01125	0.06445	0.03925	0.80550	0.01034	0.00485	0.00138	0.00208	0.00863	0.00383	0.00348
22	0.00775	0.00730	0.01231	0.84587	0.02827	0.00912	0.01140	0.01049	0.00821	0.01049	0.00730	0.01094	0.00547	0.00410	0.00410	0.00137	0.00547	0.00365	0.00182	0.00456
23	0.00500	0.00357	0.00476	0.00572	0.00595	0.00333	0.00381	0.00572	0.00786	0.01048	0.02262	0.85306	0.02715	0.01286	0.00524	0.00167	0.00238	0.01167	0.00381	0.00333
24	0.01097	0.85821	0.02151	0.00702	0.01054	0.01624	0.00702	0.01229	0.00834	0.00966	0.00571	0.00658	0.00527	0.00351	0.00263	0.00088	0.00439	0.00219	0.00176	0.00527
25	0.00661	0.00472	0.00661	0.00756	0.00850	0.00472	0.00661	0.00850	0.00945	0.01228	0.02173	0.04630	0.02362	0.01134	0.00567	0.00189	0.00378	0.80250	0.00378	0.00378
26	0.00823	0.02123	0.83447	0.01170	0.01777	0.00953	0.01517	0.01300	0.00867	0.01300	0.00737	0.00867	0.00520	0.00390	0.00390	0.00130	0.00607	0.00303	0.00173	0.00607
27	0.00488	0.00405	0.00427	0.00445	0.00562	0.00344	0.00325	0.00586	0.00908	0.01098	0.03806	0.19056	0.67968	0.01085	0.00492	0.00144	0.00214	0.00922	0.00381	0.00344
28	0.00823	0.02123	0.83447	0.01170	0.01777	0.00953	0.01517	0.01300	0.00867	0.01300	0.00737	0.00867	0.00520	0.00390	0.00390	0.00130	0.00607	0.00303	0.00173	0.00607
29	0.88473	0.00794	0.00603	0.00540	0.00794	0.00921	0.00445	0.01207	0.00699	0.01842	0.00572	0.00667	0.00445	0.00381	0.00254	0.00127	0.00318	0.00222	0.00254	0.00445
30	0.00969	0.01107	0.02422	0.01730	0.02145	0.01038	0.81522	0.01315	0.00969	0.01315	0.00830	0.01107	0.00623	0.00346	0.00484	0.00138	0.00692	0.00484	0.00208	0.00554
31	0.01016	0.00975	0.01666	0.02520	0.83013	0.00975	0.01260	0.01260	0.00935	0.01341	0.00772	0.01016	0.00650	0.00366	0.00406	0.00122	0.00488	0.00366	0.00203	0.00650
32	0.00500	0.00357	0.00476	0.00572	0.00595	0.00333	0.00381	0.00572	0.00786	0.01048	0.02262	0.85306	0.02715	0.01286	0.00524	0.00167	0.00238	0.01167	0.00381	0.00333
33	0.00775	0.00730	0.01231	0.84587	0.02827	0.00912	0.01140	0.01049	0.00821	0.01049	0.00730	0.01094	0.00547	0.00410	0.00410	0.00137	0.00547	0.00365	0.00182	0.00456
34	0.01097	0.85821	0.02151	0.00702	0.01054	0.01624	0.00702	0.01229	0.00834	0.00966	0.00571	0.00658	0.00527	0.00351	0.00263	0.00088	0.00439	0.00219	0.00176	0.00527
35	0.01021	0.00882	0.00928	0.00835	0.01067	0.01021	0.00650	0.02181	0.82272	0.01717	0.01671	0.01532	0.01253	0.00557	0.00418	0.00139	0.00325	0.00464	0.00418	0.00650
36	0.00597	0.00398	0.00448	0.00448	0.00448	0.00398	0.00249	0.00597	0.00597	0.00796	0.01293	0.02686	0.01492	0.85574	0.02089	0.00398	0.00398	0.00597	0.00249	0.00249
37	0.01021	0.00882	0.00928	0.00835	0.01067	0.01021	0.00650	0.02181	0.82272	0.01717	0.01671	0.01532	0.01253	0.00557	0.00418	0.00139	0.00325	0.00464	0.00418	0.00650
38	0.00713	0.00357	0.00535	0.00535	0.00535	0.00357	0.00357	0.00535	0.00535	0.00713	0.00713	0.01248	0.00713	0.01426	0.01604	0.88057	0.00357	0.00357	0.00178	0.00178
39	0.01533	0.01956	0.01163	0.01058	0.01269	0.83926	0.00793	0.01639	0.01163	0.01005	0.00635	0.00740	0.00529	0.00423	0.00370	0.00106	0.00740	0.00264	0.00212	0.00476
40	0.01004	0.00963	0.01645	0.06549	0.79076	0.00972	0.01254	0.01249	0.00929	0.01327	0.00770	0.01020	0.00645	0.00368	0.00407	0.00123	0.00491	0.00366	0.00202	0.00641
41	0.01534	0.01941	0.01165	0.01055	0.01269	0.82357	0.00793	0.03158	0.01178	0.01035	0.00641	0.00745	0.00532	0.00424	0.00371	0.00106	0.00735	0.00266	0.00215	0.00480
42	0.00823	0.02123	0.83447	0.01170	0.01777	0.00953	0.01517	0.01300	0.00867	0.01300	0.00737	0.00867	0.00520	0.00390	0.00390	0.00130	0.00607	0.00303	0.00173	0.00607
43	0.02826	0.01089	0.01167	0.00910	0.01223	0.01205	0.00747	0.68305	0.10254	0.04814	0.01076	0.01060	0.00768	0.00498	0.00407	0.00125	0.00429	0.00379	0.02037	0.00683
44	0.00535	0.00401	0.00529	0.00595	0.00660	0.00373	0.01617	0.00639	0.00847	0.01098	0.02576	0.53427	0.17484	0.01197	0.00524	0.00165	0.00266	0.16339	0.00378	0.00348
45	0.00497	0.00426	0.00427	0.00425	0.00565	0.00361	0.00319	0.00623	0.02682	0.01122	0.04105	0.03898	0.81095	0.01029	0.00484	0.00139	0.00210	0.00858	0.00382	0.00353
46	0.01095	0.00906	0.00961	0.00845	0.01089	0.01039	0.00662	0.10534	0.72122	0.03520	0.01598	0.01471	0.01190	0.00549	0.00417	0.00137	0.00339	0.00453	0.00419	0.00656
47	0.00851	0.00730	0.00851	0.00608	0.00973	0.00547	0.00486	0.01034	0.00851	0.01338	0.00730	0.00851	0.00608	0.00304	0.00304	0.00061	0.00304	0.00243	0.00243	0.88083
48	0.00823	0.02123	0.83447	0.01170	0.01777	0.00953	0.01517	0.01300	0.00867	0.01300	0.00737	0.00867	0.00520	0.00390	0.00390	0.00130	0.00607	0.00303	0.00173	0.00607
49	0.00960	0.01089	0.02371	0.01702	0.02108	0.01022	0.79170	0.01301	0.00968	0.01312	0.00870	0.01210	0.00673	0.00369	0.00487	0.00140	0.00683	0.02805	0.00213	0.00549
50	0.00597	0.00398	0.00448	0.00448	0.00448	0.00398	0.00249	0.00597	0.00597	0.00796	0.01293	0.02686	0.01492	0.85574	0.02089	0.00398	0.00398	0.00597	0.00249	0.00249
51	0.06234	0.00703	0.00935	0.00721	0.01035	0.00619	0.00595	0.01960	0.01151	0.79168	0.01566	0.01360	0.00987	0.00502	0.00405	0.00127	0.00348	0.00403	0.00495	0.00686
52	0.00823	0.02123	0.83447	0.01170	0.01777	0.00953	0.01517	0.01300	0.00867	0.01300	0.00737	0.00867	0.00520	0.00390	0.00390	0.00130	0.00607	0.00303	0.00173	0.00607
53	0.00572	0.00419	0.00536	0.00507	0.00608	0.00383	0.00380	0.00757	0.01141	0.01595	0.75360	0.03150	0.11342	0.00858	0.00484	0.00130	0.00195	0.00754	0.00445	0.00383
54	0.00500	0.00357	0.00476	0.00572	0.00595	0.00333	0.00381	0.00572	0.00786	0.01048	0.02262	0.85306	0.02715	0.01286	0.00524	0.00167	0.00238	0.01167	0.00381	0.00333
55	0.00765	0.00383	0.00383	0.00383	0.00478	0.00383	0.00287	0.00956	0.00861	0.01530	0.01339	0.01530	0.01052	0.00478	0.00287	0.00096	0.00191	0.00383	0.87853	0.00383
56	0.01097	0.85821	0.02151	0.00702	0.01054	0.01624	0.00702	0.01229	0.00834	0.00966	0.00571	0.00658	0.00527	0.00351	0.00263	0.00088	0.00439	0.00219	0.00176	0.00527
57	0.01097	0.85821	0.02151	0.00702	0.01054	0.01624	0.00702	0.01229	0.00834	0.00966	0.00571	0.00658	0.00527	0.00351	0.00263	0.00088	0.00439	0.00219	0.00176	0.00527
58	0.00500	0.00357	0.00476	0.00572	0.00595	0.00333	0.00381	0.00572	0.00786	0.01048	0.02262	0.85306	0.02715	0.01286	0.00524	0.00167	0.00238	0.01167	0.00381	0.00333
59	0.01058	0.73644	0.13979	0.00770	0.01159	0.01527	0.00821	0.01239	0.00839	0.01014	0.00595	0.00689	0.00526	0.00357	0.00282	0.00094	0.00463	0.00232	0.00175	0.00538
60	0.00500	0.00357	0.00476	0.00572	0.00595	0.00333	0.00381	0.00572	0.00786	0.01048	0.02262	0.85306	0.02715	0.01286	0.00524	0.00167	0.00238	0.01167	0.00381	0.00333
61	0.01533	0.01956	0.01163	0.01058	0.01269	0.83926	0.00793	0.01639	0.01163	0.01005	0.00635	0.00740	0.00529	0.00423	0.00370	0.00106	0.00740	0.00264	0.00212	0.00476
62	0.00871	0.00747	0.00860	0.00634	0.00984	0.00602	0.00505	0.01167	0.10330	0.01382	0.00839	0.00930	0.00683	0.00333	0.00317	0.00070	0.00306	0.00269	0.00264	0.77905
63	0.00721	0.00500	0.00606	0.00607	0.00713	0.00488	0.00443	0.08913	0.04993	0.06104	0.12129	0.45892	0.13074	0.01036	0.00492	0.00151	0.00263	0.02061	0.00402	0.00416
64	0.01035	0.00851	0.00914	0.00774	0.01039	0.02003	0.00608	0.06243	0.51947	0.04694	0.03418	0.01369	0.01119	0.00498	0.00390	0.00119	0.00328	0.00410	0.01713	0.20529
65	0.00597	0.00398	0.00448	0.00448	0.00448	0.00398	0.00249	0.00597	0.00597	0.00796	0.01293	0.02686	0.01492	0.85574	0.02089	0.00398	0.00398	0.00597	0.00249	0.00249
66	0.00565	0.00419	0.00526	0.00499	0.00603	0.00380	0.00374	0.00743	0.01123	0.01555	0.69401	0.03217	0.17326	0.00873	0.00484	0.00131	0.00196	0.00763	0.00440	0.00380
67	0.00851	0.00730	0.00851	0.00608	0.00973	0.00547	0.00486	0.01034	0.00851	0.01338	0.00730	0.00851	0.00608	0.00304	0.00304	0.00061	0.00304	0.00243	0.00243	0.88083
68	0.01842	0.00699	0.00953	0.00730	0.01048	0.00603	0.00603	0.02000	0.01175	0.83298	0.01619	0.01397	0.01016	0.00508	0.00413	0.00127	0.00349	0.00413	0.00508	0.00699
69	0.00489	0.00416	0.00422	0.00420	0.00557	0.00348	0.00315	0.00597	0.00945	0.01132	0.07574	0.03912	0.79416	0.01031	0.00485	0.00138	0.00207	0.00861	0.00384	0.00348
70	0.01817	0.00738	0.00977	0.00749	0.01068	0.00662	0.00619	0.09014	0.01241	0.76190	0.01564	0.01361	0.00988	0.00507	0.00413	0.00127	0.00358	0.00409	0.00499	0.00699
71	0.03100	0.01050	0.02026	0.01472	0.01854	0.01015	0.58788	0.09163	0.06492	0.09315	0.00971	0.01142	0.00706	0.00390	0.00461	0.00136	0.00603	0.00459	0.00271	0.00585
72	0.01786	0.00787	0.01007	0.00772	0.01092	0.00735	0.00638	0.17641	0.01323	0.67448	0.01495	0.01316	0.00954	0.00505	0.00412	0.00126	0.00369	0.00404	0.00489	0.00698
73	0.00487	0.00416	0.00418	0.00418	0.00556	0.00347	0.00313	0.00592	0.00940	0.01119	0.05591	0.03934	0.81408	0.01036	0.00485	0.00138	0.00208	0.00864	0.00382	0.00347
74	0.00775	0.00730	0.01231	0.84587	0.02827	0.00912	0.01140	0.01049	0.00821	0.01049	0.00730	0.01094	0.00547	0.00410	0.00410	0.00137	0.00547	0.00365	0.00182	0.00456
75	0.03143	0.01099	0.02377	0.01701	0.02112	0.01035	0.79508	0.01312	0.00962	0.01328	0.00824	0.01096	0.00618	0.00347	0.00479	0.00138	0.00683	0.00478	0.00209	0.00551
76	0.00969	0.01107	0.02422	0.01730	0.02145	0.01038	0.81522	0.01315	0.00969	0.01315	0.00830	0.01107	0.00623	0.00346	0.00484	0.00138	0.00692	0.00484	0.00208	0.00554
77	0.00519	0.00431	0.00457	0.00464	0.00589	0.00381	0.00343	0.00677	0.05048	0.01158	0.07676	0.15311	0.63428	0.01040	0.00487	0.00142	0.00217	0.00882	0.00387	0.00362
78	0.00942	0.31925	0.52082	0.00997	0.01504	0.01202	0.01205	0.03611	0.00886	0.01218	0.00685	0.00796	0.00528	0.00379	0.00345	0.00115	0.00542	0.00275	0.00181	0.00581
79	0.15321	0.00708	0.00882	0.00696	0.00991	0.00657	0.00571	0.03786	0.01108	0.64268	0.03335	0.03751	0.01034	0.00518	0.00393	0.00128	0.00340	0.00411	0.00461	0.00641
80	0.00595	0.00405	0.00482	0.00482	0.00494	0.00417	0.00292	0.00619	0.00607	0.00821	0.01262	0.02512	0.01417	0.72195	0.15365	0.00440	0.00512	0.00571	0.00244	0.00268
81	0.00861	0.00753	0.00860	0.00626	0.00973	0.02415	0.00500	0.01040	0.00861	0.01330	0.02588	0.00900	0.00679	0.00327	0.00331	0.00066	0.02084	0.00257	0.00246	0.82303
82	0.04337	0.01130	0.01297	0.01029	0.01321	0.14072	0.15942	0.24423	0.18556	0.04250	0.04287	0.01215	0.02321	0.00481	0.00415	0.00125	0.00488	0.00410	0.00335	0.03566
83	0.00906	0.27288	0.59005	0.01029	0.01559	0.01155	0.01272	0.01279	0.00857	0.01199	0.00687	0.00804	0.00522	0.00378	0.00352	0.00117	0.00556	0.00278	0.00174	0.00583

[dist]
# distance from previous block
# <min> <max>
0	2

[block]
# block no. 6 follows, 65 sequences, length 6
# corresponding to MSA columns:
# 295-300
name=unknown_G
#
# <colnr> <probs for GDERKNQSTAVLIFYWHMCP>
#	G	D	E	R	K	N	Q	S	T	A	V	L	I	F	Y	W	H	M	C	P
0	0.04711	0.01153	0.01065	0.00878	0.01148	0.25323	0.05904	0.09853	0.12165	0.09776	0.05348	0.01215	0.03794	0.00474	0.00387	0.00112	0.00472	0.00373	0.00316	0.15537
1	0.00505	0.00411	0.00440	0.00443	0.00561	0.00354	0.00324	0.00614	0.00940	0.01164	0.14674	0.09744	0.62383	0.04925	0.00562	0.00151	0.00217	0.00859	0.00385	0.00347
2	0.00546	0.00409	0.00490	0.00536	0.00597	0.00387	0.00369	0.00677	0.04859	0.01086	0.05574	0.44845	0.20156	0.13887	0.00746	0.00193	0.00263	0.03672	0.00366	0.00343
3	0.00892	0.06905	0.64418	0.01282	0.09188	0.01011	0.04953	0.04337	0.00916	0.01333	0.00744	0.00883	0.00544	0.00387	0.00389	0.00127	0.00584	0.00315	0.00187	0.00607
4	0.00921	0.16145	0.57274	0.01051	0.01546	0.08657	0.01253	0.01286	0.00876	0.01196	0.00721	0.00864	0.00552	0.00545	0.05300	0.00152	0.00620	0.00294	0.00180	0.00567
5	0.10889	0.01068	0.01668	0.01261	0.01573	0.08011	0.39443	0.10721	0.03655	0.06703	0.00924	0.04745	0.00736	0.00457	0.00494	0.00136	0.06261	0.00440	0.00268	0.00547

[dist]
# distance from previous block
# <min> <max>
0	10

[block]
