[name]
unknown

[dist]
# distance from previous block
# <min> <max>
0	28

[block]
# block no. 0 follows, 56 sequences, length 44
# corresponding to MSA columns:
# 77-120
name=unknown_A
#
# <colnr> <probs for GDERKNQSTAVLIFYWHMCP>
#	G	D	E	R	K	N	Q	S	T	A	V	L	I	F	Y	W	H	M	C	P
0	0.05909	0.03304	0.35646	0.01093	0.04084	0.03212	0.01976	0.04047	0.12100	0.07567	0.13048	0.01584	0.01359	0.00570	0.00453	0.00146	0.00511	0.02426	0.00328	0.00638
1	0.19427	0.01001	0.02405	0.01028	0.09596	0.05183	0.02664	0.08339	0.11060	0.12891	0.02880	0.01252	0.02105	0.00492	0.00401	0.00128	0.00423	0.00388	0.03077	0.15261
2	0.01093	0.01310	0.05957	0.01890	0.02357	0.03221	0.74096	0.01479	0.01084	0.01461	0.00919	0.01217	0.00689	0.00391	0.00534	0.00153	0.00771	0.00527	0.00231	0.00619
3	0.00572	0.00436	0.00525	0.00567	0.00654	0.00390	0.00401	0.00691	0.01020	0.01329	0.18810	0.40263	0.30198	0.01244	0.00562	0.00167	0.00245	0.01094	0.00442	0.00390
4	0.01098	0.01273	0.05029	0.01798	0.02238	0.03225	0.66781	0.01555	0.07784	0.01493	0.00994	0.01255	0.00748	0.00418	0.00546	0.00154	0.02209	0.00525	0.00250	0.00626
5	0.00571	0.00462	0.00507	0.00505	0.00640	0.00398	0.00375	0.00710	0.01098	0.01386	0.23585	0.09686	0.56219	0.01126	0.00545	0.00155	0.00231	0.00958	0.00446	0.00398
6	0.00942	0.00908	0.01499	0.52064	0.14417	0.01111	0.03808	0.01205	0.00900	0.01218	0.00785	0.01168	0.00630	0.00517	0.00667	0.00160	0.16836	0.00411	0.00208	0.00545
7	0.00625	0.00427	0.00513	0.00555	0.00565	0.00417	0.00336	0.00657	0.00750	0.01000	0.01870	0.34493	0.02204	0.51648	0.01652	0.00344	0.00375	0.00917	0.00336	0.00315
8	0.00736	0.00616	0.00814	0.07817	0.10653	0.00612	0.00617	0.01019	0.08554	0.01476	0.24543	0.08291	0.26466	0.05029	0.00609	0.00166	0.00323	0.00779	0.00402	0.00478
9	0.01193	0.01012	0.01067	0.00945	0.01213	0.01166	0.00739	0.08971	0.73558	0.02003	0.01804	0.01661	0.01349	0.00617	0.00466	0.00154	0.00375	0.00510	0.00466	0.00731
10	0.01184	0.01188	0.01839	0.02655	0.72075	0.07954	0.03526	0.01447	0.01068	0.01467	0.00852	0.01113	0.00715	0.00414	0.00453	0.00135	0.00576	0.00403	0.00228	0.00708
11	0.01086	0.01216	0.04158	0.01772	0.02207	0.01139	0.66387	0.03600	0.07809	0.01537	0.01062	0.03904	0.00831	0.00446	0.00532	0.00155	0.00714	0.00557	0.00264	0.00626
12	0.01054	0.05313	0.48045	0.01344	0.04220	0.04888	0.13006	0.04711	0.02578	0.03215	0.03025	0.02018	0.00770	0.00461	0.00449	0.00141	0.00641	0.00396	0.00240	0.03485
13	0.01031	0.01089	0.02137	0.09792	0.09314	0.01105	0.47718	0.02629	0.01034	0.01421	0.01112	0.01398	0.05342	0.00494	0.00623	0.00156	0.09679	0.00520	0.02816	0.00589
14	0.00658	0.00483	0.00695	0.00695	0.00762	0.00551	0.00520	0.00792	0.00725	0.01034	0.01269	0.02021	0.01242	0.17974	0.67645	0.00685	0.01088	0.00524	0.00252	0.00386
15	0.03451	0.00828	0.01073	0.00836	0.01182	0.00761	0.00687	0.06411	0.08036	0.68967	0.01757	0.01536	0.01129	0.00569	0.00459	0.00143	0.00394	0.00460	0.00549	0.00772
16	0.00638	0.00469	0.00597	0.00565	0.00679	0.00428	0.00424	0.00844	0.01272	0.01775	0.72429	0.03538	0.12703	0.00963	0.00542	0.00146	0.00218	0.00845	0.00497	0.00428
17	0.01018	0.00841	0.00977	0.00703	0.01108	0.00657	0.00565	0.05410	0.01025	0.03259	0.00852	0.00973	0.00695	0.00356	0.00349	0.00073	0.00350	0.00284	0.00288	0.80216
18	0.01235	0.65781	0.10566	0.00905	0.01323	0.04479	0.03402	0.05494	0.01018	0.01228	0.00694	0.00799	0.00602	0.00408	0.00330	0.00108	0.00532	0.00275	0.00212	0.00607
19	0.00873	0.02767	0.00831	0.00736	0.00885	0.03667	0.00561	0.06568	0.16491	0.01577	0.25059	0.03841	0.03600	0.10203	0.19958	0.00317	0.00559	0.00621	0.00389	0.00498
20	0.00945	0.00819	0.00978	0.00721	0.01083	0.00673	0.00579	0.01141	0.00944	0.01476	0.03741	0.01048	0.00808	0.00401	0.00446	0.00082	0.07346	0.00304	0.00275	0.76191
21	0.00613	0.00451	0.00600	0.00635	0.00694	0.00464	0.00451	0.00720	0.00819	0.01109	0.03772	0.29322	0.10654	0.15139	0.31910	0.00433	0.00657	0.00848	0.00336	0.00375
22	0.01795	0.01181	0.01247	0.00983	0.01327	0.08001	0.00801	0.42793	0.07788	0.27246	0.01350	0.01270	0.00924	0.00555	0.00457	0.00139	0.00486	0.00427	0.00475	0.00756
23	0.00614	0.00467	0.00565	0.00543	0.00665	0.00418	0.00406	0.00797	0.01212	0.01639	0.55224	0.05122	0.28619	0.01018	0.00543	0.00148	0.00223	0.00883	0.00479	0.00418
24	0.01110	0.19624	0.05221	0.03468	0.01432	0.01128	0.13083	0.04477	0.00995	0.04850	0.00839	0.01049	0.00696	0.02574	0.00573	0.00126	0.10560	0.00355	0.00255	0.27585
25	0.16493	0.00954	0.02251	0.00845	0.01158	0.00979	0.01986	0.24204	0.08752	0.24864	0.06137	0.01410	0.01128	0.00559	0.00427	0.00140	0.00403	0.00435	0.06198	0.00678
26	0.03076	0.01488	0.05534	0.01125	0.04631	0.24179	0.00887	0.25588	0.21690	0.03515	0.01161	0.01174	0.00872	0.00529	0.00441	0.00136	0.00563	0.00398	0.00369	0.02645
27	0.00635	0.00488	0.00579	0.00571	0.00700	0.00442	0.00439	0.02392	0.01174	0.01547	0.37432	0.06911	0.35063	0.01073	0.00551	0.00157	0.00252	0.08714	0.00461	0.00419
28	0.08396	0.10456	0.02725	0.00943	0.01223	0.03697	0.07924	0.07787	0.25251	0.05076	0.08476	0.01648	0.05191	0.02704	0.00543	0.00151	0.04571	0.00489	0.00370	0.02376
29	0.01272	0.00879	0.00997	0.03005	0.01149	0.00933	0.00674	0.16533	0.27540	0.13599	0.07625	0.01780	0.05832	0.00628	0.00471	0.00140	0.01842	0.00510	0.08285	0.06307
30	0.01247	0.09069	0.08987	0.01125	0.11182	0.08246	0.00862	0.14112	0.06743	0.10175	0.12891	0.02592	0.06343	0.00650	0.00505	0.03322	0.00467	0.00496	0.00366	0.00619
31	0.05803	0.08451	0.51511	0.01328	0.08483	0.02733	0.02509	0.09831	0.01104	0.02919	0.00848	0.00978	0.00622	0.00444	0.00422	0.00139	0.00616	0.00345	0.00238	0.00675
32	0.00559	0.00400	0.00533	0.00639	0.00666	0.00373	0.00426	0.00639	0.00879	0.01172	0.02530	0.83566	0.03036	0.01438	0.00586	0.00186	0.00266	0.01305	0.00426	0.00373
33	0.01675	0.02105	0.01277	0.01162	0.01395	0.77109	0.00872	0.03084	0.02691	0.01168	0.00785	0.03048	0.00674	0.00503	0.00420	0.00121	0.00800	0.00328	0.00249	0.00535
34	0.02678	0.05243	0.04603	0.01031	0.03897	0.15581	0.00811	0.06930	0.44752	0.03378	0.03729	0.01500	0.02700	0.00580	0.00448	0.00143	0.00475	0.00460	0.00392	0.00669
35	0.00570	0.00410	0.00524	0.00611	0.00645	0.00382	0.00404	0.00644	0.00869	0.01147	0.02578	0.68759	0.08923	0.10286	0.00771	0.00212	0.00283	0.01210	0.00410	0.00364
36	0.00607	0.00453	0.00563	0.00566	0.00667	0.00410	0.00413	0.00772	0.01154	0.01565	0.47144	0.20707	0.21104	0.01095	0.00551	0.00156	0.00231	0.00962	0.00471	0.00410
37	0.04273	0.02149	0.01282	0.01165	0.01403	0.79596	0.00875	0.01819	0.01285	0.01152	0.00708	0.00825	0.00589	0.00472	0.00410	0.00119	0.00814	0.00294	0.00238	0.00531
38	0.01236	0.04575	0.26104	0.01273	0.04799	0.07931	0.11969	0.01733	0.14264	0.13305	0.01172	0.01310	0.00875	0.00521	0.00515	0.00148	0.04967	0.02328	0.00311	0.00664
39	0.00565	0.00407	0.00536	0.00629	0.00666	0.00377	0.00424	0.00655	0.00913	0.01219	0.07831	0.75339	0.05950	0.01395	0.00581	0.00182	0.00262	0.01261	0.00431	0.00377
40	0.00572	0.00419	0.00541	0.00633	0.00684	0.00388	0.00442	0.00668	0.00917	0.01198	0.02807	0.66291	0.13448	0.01387	0.00584	0.00184	0.00275	0.07755	0.00426	0.00379
41	0.01080	0.01121	0.06733	0.15274	0.51235	0.01069	0.08168	0.03858	0.01055	0.01486	0.00907	0.02476	0.00745	0.00440	0.00461	0.00141	0.00571	0.00431	0.02079	0.00670
42	0.02720	0.17030	0.50983	0.01217	0.01778	0.02571	0.07155	0.05577	0.01040	0.03446	0.00828	0.00962	0.00615	0.00440	0.00433	0.00137	0.01844	0.00343	0.00223	0.00657
43	0.03154	0.03035	0.01299	0.01119	0.06405	0.12004	0.00847	0.36804	0.12683	0.10840	0.01233	0.03897	0.00937	0.00575	0.00483	0.00141	0.02988	0.00440	0.00410	0.00705

[dist]
# distance from previous block
# <min> <max>
1	7

[block]
# block no. 1 follows, 56 sequences, length 12
# corresponding to MSA columns:
# 128-139
name=unknown_B
#
# <colnr> <probs for GDERKNQSTAVLIFYWHMCP>
#	G	D	E	R	K	N	Q	S	T	A	V	L	I	F	Y	W	H	M	C	P
0	0.06090	0.02557	0.10452	0.01296	0.13281	0.07068	0.07566	0.08277	0.02437	0.04087	0.02415	0.11939	0.04544	0.02187	0.02792	0.02048	0.09547	0.00547	0.00300	0.00572
1	0.04656	0.08203	0.04801	0.04844	0.35654	0.08858	0.02339	0.10650	0.03237	0.09203	0.00957	0.01105	0.00743	0.00463	0.00456	0.00136	0.02335	0.00386	0.00291	0.00683
2	0.01199	0.09759	0.12640	0.03387	0.10963	0.04237	0.08160	0.07688	0.07965	0.08926	0.05190	0.01279	0.00978	0.01852	0.00462	0.00132	0.00509	0.00410	0.00312	0.13952
3	0.00682	0.00556	0.00740	0.02416	0.06733	0.00520	0.02487	0.00910	0.03801	0.01591	0.42879	0.05521	0.27534	0.00948	0.00532	0.00149	0.00274	0.00828	0.00444	0.00455
4	0.01099	0.21113	0.44854	0.01201	0.03653	0.06425	0.05374	0.03129	0.01033	0.03909	0.02261	0.01048	0.02063	0.00453	0.00413	0.00133	0.00618	0.00352	0.00227	0.00643
5	0.00668	0.00445	0.00501	0.00501	0.00501	0.00445	0.00278	0.00668	0.00668	0.00890	0.01447	0.03004	0.01669	0.83866	0.02337	0.00445	0.00445	0.00668	0.00278	0.00278
6	0.01197	0.76119	0.10165	0.00837	0.01258	0.01743	0.00875	0.01382	0.00936	0.01117	0.00656	0.00759	0.00588	0.00397	0.00308	0.00103	0.00509	0.00255	0.00196	0.00598
7	0.00668	0.00445	0.00501	0.00501	0.00501	0.00445	0.00278	0.00668	0.00668	0.00890	0.01447	0.03004	0.01669	0.83866	0.02337	0.00445	0.00445	0.00668	0.00278	0.00278
8	0.00606	0.00443	0.00560	0.00632	0.00690	0.00417	0.00434	0.03627	0.00963	0.01271	0.05744	0.68158	0.12041	0.01353	0.00574	0.00179	0.00270	0.01214	0.00430	0.00392
9	0.00743	0.00491	0.00616	0.00577	0.00712	0.00441	0.00435	0.00927	0.01223	0.08488	0.53257	0.08016	0.20372	0.00983	0.00537	0.00149	0.00238	0.00855	0.00489	0.00450
10	0.03362	0.00871	0.00792	0.00765	0.03501	0.14009	0.00544	0.08862	0.03615	0.05006	0.01456	0.08398	0.03081	0.13330	0.02193	0.00187	0.00429	0.00525	0.28587	0.00488
11	0.31463	0.12874	0.04971	0.00942	0.03760	0.10366	0.00786	0.26440	0.01319	0.02039	0.00811	0.00891	0.00623	0.00467	0.00369	0.00132	0.00496	0.00316	0.00317	0.00620

[dist]
# distance from previous block
# <min> <max>
0	1

[block]
# block no. 2 follows, 56 sequences, length 20
# corresponding to MSA columns:
# 141-160
name=unknown_C
#
# <colnr> <probs for GDERKNQSTAVLIFYWHMCP>
#	G	D	E	R	K	N	Q	S	T	A	V	L	I	F	Y	W	H	M	C	P
0	0.00966	0.02024	0.57919	0.01460	0.02053	0.01106	0.21111	0.01441	0.00985	0.01441	0.00840	0.01038	0.00611	0.00441	0.00514	0.00150	0.04646	0.00393	0.00204	0.00655
1	0.00625	0.00432	0.00535	0.00576	0.00593	0.00430	0.00362	0.00671	0.00755	0.01014	0.01839	0.33583	0.02141	0.44949	0.09118	0.00374	0.00450	0.00894	0.00332	0.00327
2	0.00562	0.00411	0.00529	0.00616	0.00662	0.00378	0.00418	0.00653	0.00919	0.01214	0.06723	0.70426	0.12039	0.01381	0.00579	0.00181	0.00260	0.01243	0.00430	0.00378
3	0.00886	0.00803	0.01309	0.66196	0.05855	0.00994	0.01172	0.01168	0.00912	0.01232	0.00867	0.01251	0.00669	0.00488	0.00518	0.00151	0.06265	0.00409	0.08343	0.00510
4	0.09962	0.00927	0.01029	0.00885	0.01141	0.02352	0.03779	0.11844	0.37368	0.06563	0.13749	0.05403	0.01696	0.00663	0.00466	0.00150	0.00379	0.00555	0.00444	0.00645
5	0.01300	0.05052	0.01263	0.13220	0.01547	0.04595	0.00820	0.31881	0.07819	0.01983	0.01046	0.03318	0.00822	0.00501	0.00422	0.00122	0.00474	0.00395	0.00350	0.23072
6	0.00558	0.00403	0.00529	0.00630	0.00664	0.00374	0.00422	0.00640	0.00888	0.01175	0.02639	0.79514	0.07018	0.01424	0.00584	0.00185	0.00265	0.01288	0.00426	0.00374
7	0.11427	0.03253	0.01046	0.08874	0.02839	0.09883	0.02436	0.10593	0.05599	0.14144	0.06542	0.06752	0.05466	0.00627	0.00436	0.00140	0.00439	0.00506	0.08420	0.00578
8	0.01053	0.17696	0.47149	0.01244	0.04862	0.01186	0.06731	0.01510	0.05702	0.04964	0.01009	0.01116	0.02891	0.00460	0.00423	0.00137	0.00600	0.00372	0.00238	0.00659
9	0.00987	0.00980	0.01372	0.01183	0.01184	0.01365	0.00982	0.01086	0.00710	0.01108	0.00679	0.04277	0.00699	0.00829	0.01470	0.00200	0.79745	0.00438	0.00210	0.00497
10	0.00558	0.00427	0.00505	0.00566	0.00641	0.00382	0.00390	0.00648	0.00933	0.01185	0.03290	0.49603	0.32687	0.05145	0.00650	0.00186	0.00262	0.01147	0.00419	0.00374
11	0.01327	0.03629	0.10763	0.12209	0.10985	0.05714	0.17143	0.07638	0.05552	0.17623	0.01138	0.02330	0.00832	0.00486	0.00468	0.00144	0.00583	0.00446	0.00324	0.00666
12	0.01030	0.12446	0.54579	0.01187	0.01733	0.04905	0.02582	0.05181	0.03354	0.01454	0.00958	0.02869	0.02477	0.00491	0.00456	0.00141	0.02906	0.00375	0.00228	0.00648
13	0.00975	0.00919	0.01473	0.39246	0.25750	0.01078	0.01213	0.01308	0.06401	0.01314	0.00916	0.01292	0.00751	0.00595	0.02788	0.00171	0.11139	0.01852	0.00234	0.00584
14	0.29602	0.10988	0.16435	0.00917	0.01287	0.17118	0.00871	0.05568	0.01070	0.09512	0.02293	0.00952	0.00690	0.00463	0.00371	0.00133	0.00534	0.00315	0.00289	0.00591
15	0.04490	0.00510	0.00606	0.00587	0.00716	0.00477	0.01742	0.00806	0.01065	0.03309	0.24367	0.17220	0.36430	0.02469	0.00595	0.00163	0.02684	0.00916	0.00432	0.00417
16	0.01573	0.01169	0.01265	0.00987	0.01325	0.01267	0.00804	0.65324	0.03339	0.02615	0.01199	0.06833	0.00956	0.02130	0.00494	0.00142	0.00473	0.00471	0.00440	0.07194
17	0.01058	0.04552	0.00970	0.00810	0.01016	0.00980	0.00617	0.09919	0.43689	0.01731	0.04655	0.04355	0.03260	0.17672	0.00846	0.00210	0.00387	0.00569	0.02108	0.00600
18	0.00936	0.02286	0.75987	0.01413	0.07445	0.01068	0.01676	0.01451	0.00975	0.01457	0.00827	0.00981	0.00592	0.00434	0.00437	0.00145	0.00669	0.00344	0.00196	0.00682
19	0.05278	0.29169	0.15511	0.01074	0.06842	0.05445	0.02783	0.07169	0.08483	0.06544	0.05553	0.01199	0.02117	0.00493	0.00398	0.00128	0.00508	0.00378	0.00294	0.00634

[dist]
# distance from previous block
# <min> <max>
0	1

[block]
# block no. 3 follows, 56 sequences, length 58
# corresponding to MSA columns:
# 162-194,214-229,235-243
name=unknown_D
#
# <colnr> <probs for GDERKNQSTAVLIFYWHMCP>
#	G	D	E	R	K	N	Q	S	T	A	V	L	I	F	Y	W	H	M	C	P
0	0.00582	0.00473	0.00532	0.00529	0.00655	0.00422	0.00394	0.00719	0.01083	0.01378	0.23150	0.12239	0.51937	0.01127	0.00570	0.00157	0.02257	0.00955	0.00440	0.00400
1	0.01043	0.33310	0.30700	0.00964	0.01406	0.03048	0.01061	0.03526	0.04953	0.01398	0.09690	0.02618	0.03443	0.00525	0.00401	0.00128	0.00519	0.00401	0.00261	0.00606
2	0.00598	0.00465	0.00544	0.00528	0.00655	0.00411	0.00395	0.00765	0.01172	0.01548	0.43846	0.06262	0.39051	0.01055	0.00543	0.00150	0.00225	0.00907	0.00467	0.00411
3	0.00943	0.08348	0.75710	0.01270	0.01928	0.01121	0.01630	0.01448	0.00967	0.01427	0.00810	0.00952	0.00582	0.00433	0.00426	0.00142	0.00665	0.00332	0.00194	0.00672
4	0.00679	0.00499	0.00731	0.00726	0.00808	0.00583	0.00566	0.00845	0.00753	0.01114	0.01235	0.01778	0.01137	0.03169	0.74185	0.00679	0.03077	0.00485	0.06539	0.00413
5	0.00599	0.00445	0.00553	0.00578	0.00664	0.00406	0.00414	0.00738	0.01068	0.01430	0.32161	0.30938	0.20351	0.04632	0.00634	0.00175	0.00252	0.03114	0.00450	0.00396
6	0.00918	0.02241	0.74091	0.01323	0.01967	0.01049	0.06265	0.01428	0.00973	0.01445	0.00887	0.03757	0.00671	0.00467	0.00447	0.00147	0.00670	0.00384	0.00204	0.00665
7	0.01043	0.00940	0.01610	0.43915	0.33129	0.01036	0.04863	0.01333	0.00995	0.05455	0.00891	0.01208	0.00688	0.00442	0.00461	0.00146	0.00582	0.00417	0.00233	0.00613
8	0.00872	0.00749	0.00957	0.02869	0.00992	0.00923	0.00678	0.01222	0.17977	0.01230	0.01291	0.06523	0.01255	0.21005	0.13743	0.00330	0.26055	0.00557	0.00297	0.00476
9	0.00960	0.00831	0.01007	0.00738	0.01127	0.00663	0.03245	0.01251	0.06755	0.01538	0.03642	0.01102	0.00859	0.00383	0.00363	0.00080	0.00352	0.00318	0.00293	0.74493
10	0.01583	0.00843	0.01961	0.00790	0.01158	0.00713	0.00650	0.07318	0.02777	0.43441	0.01419	0.03238	0.00995	0.00507	0.00422	0.00117	0.00381	0.00411	0.00447	0.30827
11	0.00952	0.00816	0.00952	0.00680	0.01088	0.00612	0.00544	0.01156	0.00952	0.01496	0.00816	0.00952	0.00680	0.00340	0.00340	0.00068	0.00340	0.00272	0.00272	0.86672
12	0.01017	0.02055	0.60216	0.02742	0.04448	0.01107	0.10174	0.07656	0.03446	0.01580	0.00890	0.01041	0.00640	0.00445	0.00452	0.00146	0.00661	0.00376	0.00228	0.00680
13	0.00979	0.00832	0.00967	0.00693	0.01100	0.00640	0.00555	0.03846	0.00993	0.01544	0.00826	0.00957	0.00683	0.00347	0.00344	0.00070	0.00346	0.00277	0.00278	0.83722
14	0.01035	0.01301	0.13007	0.01896	0.15933	0.01082	0.47803	0.01400	0.01051	0.01455	0.01064	0.02844	0.02257	0.00476	0.00529	0.00154	0.01712	0.04132	0.00242	0.00627
15	0.01240	0.74973	0.06545	0.00837	0.01235	0.06496	0.00840	0.01406	0.00956	0.01103	0.00652	0.00754	0.00589	0.00400	0.00309	0.00102	0.00521	0.00253	0.00199	0.00591
16	0.01072	0.00621	0.00614	0.00558	0.00717	0.04041	0.00432	0.08353	0.02915	0.07871	0.01460	0.01607	0.01118	0.00538	0.00352	0.00114	0.00284	0.00426	0.66410	0.00498
17	0.00563	0.00406	0.00535	0.00637	0.00671	0.00378	0.00431	0.00648	0.00891	0.01180	0.02624	0.77927	0.06556	0.01421	0.00585	0.00186	0.00269	0.03291	0.00426	0.00375
18	0.00589	0.00446	0.00550	0.00620	0.00704	0.00408	0.00459	0.00707	0.00974	0.01243	0.04534	0.41953	0.28267	0.01309	0.00580	0.00180	0.00283	0.15379	0.00427	0.00388
19	0.01010	0.01022	0.01501	0.01259	0.01293	0.01388	0.06726	0.01132	0.00731	0.01132	0.00626	0.01022	0.00610	0.00773	0.01436	0.00198	0.77017	0.00412	0.00203	0.00511
20	0.01242	0.75027	0.07719	0.00822	0.01233	0.01717	0.00843	0.01417	0.00952	0.04535	0.00701	0.00788	0.00612	0.00403	0.00311	0.00103	0.00499	0.00261	0.00212	0.00603
21	0.01227	0.84142	0.02406	0.00786	0.01178	0.01817	0.00786	0.01375	0.00933	0.01080	0.00638	0.00736	0.00589	0.00393	0.00295	0.00098	0.00491	0.00245	0.00196	0.00589
22	0.00797	0.00399	0.00598	0.00598	0.00598	0.00399	0.00399	0.00598	0.00598	0.00797	0.00797	0.01396	0.00797	0.01595	0.01794	0.86643	0.00399	0.00399	0.00199	0.00199
23	0.00639	0.00469	0.00599	0.00567	0.00679	0.00429	0.00425	0.00846	0.01275	0.01782	0.73294	0.03526	0.11834	0.00961	0.00542	0.00145	0.00218	0.00844	0.00498	0.00429
24	0.01779	0.01231	0.01344	0.01030	0.01396	0.01342	0.00851	0.71076	0.02067	0.11418	0.01179	0.01152	0.00819	0.00553	0.00460	0.00138	0.00493	0.00419	0.00471	0.00781
25	0.14799	0.04449	0.01096	0.00828	0.01162	0.00932	0.00683	0.11252	0.12407	0.45363	0.01507	0.01370	0.01011	0.00545	0.00428	0.00142	0.00399	0.00422	0.00482	0.00722
26	0.00653	0.00474	0.00581	0.00554	0.00679	0.00425	0.00415	0.00837	0.01218	0.03681	0.55261	0.05768	0.25749	0.01005	0.00541	0.00148	0.00227	0.00872	0.00483	0.00428
27	0.01393	0.02900	0.04627	0.01348	0.09060	0.01080	0.14514	0.01603	0.01025	0.28596	0.01106	0.01241	0.00812	0.00590	0.00814	0.00162	0.27707	0.00441	0.00334	0.00648
28	0.01105	0.00699	0.00850	0.00747	0.00943	0.00712	0.00584	0.08102	0.15640	0.16800	0.32856	0.08359	0.03451	0.00809	0.00529	0.00150	0.02333	0.02001	0.02751	0.00578
29	0.01093	0.00799	0.00974	0.05805	0.02446	0.05257	0.03925	0.08078	0.05829	0.08756	0.06806	0.03544	0.01300	0.00881	0.07794	0.00194	0.08465	0.02591	0.24928	0.00536
30	0.27096	0.26268	0.12728	0.01043	0.08629	0.10941	0.00891	0.02706	0.02047	0.01525	0.02044	0.00884	0.00650	0.00435	0.00349	0.00126	0.00516	0.00297	0.00243	0.00582
31	0.04360	0.04901	0.03126	0.04467	0.51806	0.17134	0.01215	0.02740	0.01092	0.01440	0.00816	0.01038	0.00680	0.00424	0.00430	0.00130	0.00590	0.00369	0.00234	0.03008
32	0.00797	0.00399	0.00598	0.00598	0.00598	0.00399	0.00399	0.00598	0.00598	0.00797	0.00797	0.01396	0.00797	0.01595	0.01794	0.86643	0.00399	0.00399	0.00199	0.00199
33	0.00548	0.00465	0.00472	0.00470	0.00623	0.00390	0.00353	0.00668	0.01058	0.01268	0.08182	0.04372	0.77267	0.01152	0.00543	0.00155	0.00232	0.00962	0.00430	0.00390
34	0.00561	0.00405	0.00531	0.00629	0.00664	0.00375	0.00423	0.00646	0.00898	0.01192	0.04631	0.77601	0.06923	0.01412	0.00583	0.00184	0.00263	0.01276	0.00428	0.00375
35	0.01289	0.01049	0.01113	0.00959	0.01244	0.01196	0.00758	0.19321	0.61831	0.03383	0.01700	0.01577	0.01261	0.00606	0.00465	0.00152	0.00395	0.00495	0.00467	0.00739
36	0.84954	0.00898	0.00693	0.00615	0.00901	0.01040	0.00507	0.03322	0.00816	0.02081	0.00651	0.00755	0.00504	0.00429	0.00289	0.00142	0.00359	0.00253	0.00289	0.00504
37	0.01022	0.00605	0.00623	0.00563	0.00723	0.00637	0.00437	0.14338	0.05764	0.01923	0.01453	0.01609	0.01123	0.00543	0.00353	0.00115	0.00272	0.00431	0.66963	0.00505
38	0.00656	0.00492	0.00738	0.00738	0.00820	0.00574	0.00574	0.00820	0.00738	0.01066	0.01230	0.01804	0.01148	0.03443	0.82046	0.00738	0.01230	0.00492	0.00246	0.00410
39	0.01227	0.84142	0.02406	0.00786	0.01178	0.01817	0.00786	0.01375	0.00933	0.01080	0.00638	0.00736	0.00589	0.00393	0.00295	0.00098	0.00491	0.00245	0.00196	0.00589
40	0.01637	0.03241	0.01283	0.01139	0.01375	0.70735	0.00863	0.06120	0.01305	0.01218	0.00766	0.00909	0.00640	0.00679	0.05991	0.00161	0.00832	0.00315	0.00249	0.00539
41	0.01323	0.01072	0.01158	0.01015	0.03135	0.01215	0.00789	0.26763	0.51696	0.02205	0.01616	0.01590	0.01219	0.00611	0.00468	0.00151	0.00414	0.02364	0.00458	0.00736
42	0.00583	0.00439	0.00540	0.00573	0.00660	0.00396	0.00407	0.00715	0.01055	0.01398	0.27390	0.37319	0.24437	0.01209	0.00560	0.00165	0.00242	0.01067	0.00451	0.00396
43	0.01277	0.01464	0.01385	0.07166	0.01453	0.33330	0.02313	0.01405	0.00962	0.01123	0.00666	0.00954	0.00600	0.00640	0.00981	0.00164	0.43020	0.00363	0.00216	0.00517
44	0.00552	0.00455	0.00485	0.00499	0.00632	0.00388	0.00366	0.00669	0.01037	0.01269	0.09303	0.16613	0.63763	0.01191	0.00549	0.00159	0.00237	0.01012	0.00431	0.00388
45	0.00797	0.00399	0.00598	0.00598	0.00598	0.00399	0.00399	0.00598	0.00598	0.00797	0.00797	0.01396	0.00797	0.01595	0.01794	0.86643	0.00399	0.00399	0.00199	0.00199
46	0.01349	0.07281	0.01288	0.01007	0.01302	0.11313	0.02835	0.18943	0.45614	0.01959	0.01444	0.01387	0.01089	0.00566	0.00448	0.00143	0.00472	0.00449	0.00411	0.00701
47	0.01141	0.00886	0.00982	0.00943	0.05746	0.05595	0.00690	0.15124	0.16499	0.08851	0.08168	0.13759	0.12534	0.00828	0.00534	0.00155	0.03086	0.03461	0.00428	0.00592
48	0.01129	0.01231	0.09579	0.05036	0.52428	0.03259	0.01327	0.04731	0.02590	0.01487	0.00848	0.01106	0.00704	0.00480	0.00598	0.00147	0.12007	0.00401	0.00234	0.00681
49	0.79468	0.00981	0.00727	0.00650	0.00931	0.06940	0.00529	0.01400	0.00828	0.03298	0.00664	0.00765	0.00515	0.00432	0.00297	0.00140	0.00390	0.00256	0.00285	0.00504
50	0.01156	0.02691	0.05227	0.05669	0.46251	0.05142	0.12136	0.01478	0.04603	0.03758	0.00911	0.01153	0.00736	0.00455	0.00539	0.00144	0.06611	0.00422	0.00244	0.00674
51	0.01052	0.00944	0.01316	0.01175	0.04568	0.01233	0.00933	0.01170	0.00793	0.07006	0.00944	0.03374	0.04320	0.00783	0.01268	0.00186	0.64056	0.00450	0.00248	0.04181
52	0.00918	0.00859	0.01403	0.05370	0.22054	0.00918	0.12227	0.01176	0.03665	0.01443	0.13858	0.08850	0.06837	0.00709	0.00672	0.00157	0.14451	0.00612	0.03265	0.00553
53	0.00828	0.00566	0.00820	0.06789	0.03048	0.00556	0.03943	0.01031	0.05217	0.10127	0.06342	0.50895	0.02456	0.01122	0.00551	0.00174	0.00343	0.04300	0.00419	0.00472
54	0.03558	0.00960	0.04421	0.00872	0.01136	0.02338	0.00712	0.13507	0.34205	0.11059	0.14252	0.07783	0.01790	0.00700	0.00479	0.00150	0.00378	0.00585	0.00460	0.00657
55	0.00646	0.00552	0.00604	0.00573	0.00729	0.02301	0.02477	0.03881	0.01113	0.01376	0.13330	0.11071	0.57502	0.01100	0.00540	0.00155	0.00272	0.00934	0.00428	0.00417
56	0.01043	0.00928	0.01133	0.04560	0.12956	0.03692	0.00748	0.07531	0.03072	0.01561	0.01142	0.01273	0.06558	0.00460	0.00432	0.00102	0.03245	0.00372	0.00290	0.48901
57	0.61527	0.05710	0.08279	0.00845	0.05880	0.01099	0.00704	0.07062	0.00932	0.01973	0.02073	0.00861	0.00610	0.00442	0.00326	0.00139	0.00412	0.00288	0.00284	0.00552

[dist]
# distance from previous block
# <min> <max>
0	1

[block]
# block no. 4 follows, 56 sequences, length 17
# corresponding to MSA columns:
# 245-261
name=unknown_E
#
# <colnr> <probs for GDERKNQSTAVLIFYWHMCP>
#	G	D	E	R	K	N	Q	S	T	A	V	L	I	F	Y	W	H	M	C	P
0	0.01004	0.01004	0.01406	0.01205	0.01205	0.01406	0.01004	0.01105	0.00703	0.01105	0.00603	0.01004	0.00603	0.00804	0.01507	0.00201	0.83025	0.00402	0.00201	0.00502
1	0.01235	0.07608	0.02770	0.01100	0.08960	0.01163	0.00814	0.12766	0.45713	0.05420	0.04263	0.01604	0.03366	0.00593	0.00455	0.00146	0.00410	0.00489	0.00421	0.00706
2	0.17796	0.01282	0.07569	0.02552	0.04934	0.13292	0.03781	0.22152	0.01354	0.13036	0.01086	0.02484	0.00830	0.00532	0.00425	0.00140	0.00523	0.02950	0.02644	0.00640
3	0.02810	0.00735	0.00863	0.00656	0.00994	0.00585	0.00523	0.01227	0.01032	0.12349	0.06820	0.01622	0.10122	0.00514	0.00391	0.00096	0.00322	0.00420	0.03613	0.54306
4	0.00632	0.00463	0.00564	0.00544	0.00661	0.00420	0.00406	0.00818	0.01204	0.01663	0.54960	0.06573	0.22735	0.00990	0.00531	0.00147	0.00222	0.00860	0.05187	0.00420
5	0.01148	0.01079	0.01797	0.09261	0.70277	0.01103	0.01369	0.05664	0.01096	0.01549	0.00873	0.01142	0.00721	0.00421	0.00455	0.00138	0.00549	0.00409	0.00238	0.00712
6	0.09953	0.02894	0.01109	0.00880	0.03516	0.00857	0.00701	0.12688	0.03456	0.54376	0.01539	0.01398	0.01010	0.00544	0.00436	0.00140	0.00404	0.00429	0.02934	0.00737
7	0.00709	0.00481	0.00631	0.00590	0.00707	0.00442	0.00444	0.00920	0.01288	0.05306	0.74988	0.05714	0.04153	0.00937	0.00539	0.00146	0.00226	0.00828	0.00506	0.00447
8	0.06409	0.03733	0.01218	0.00922	0.01252	0.01054	0.02024	0.27618	0.09372	0.34596	0.03175	0.01370	0.01037	0.00568	0.00487	0.00143	0.03375	0.00440	0.00474	0.00733
9	0.00797	0.00399	0.00598	0.00598	0.00598	0.00399	0.00399	0.00598	0.00598	0.00797	0.00797	0.01396	0.00797	0.01595	0.01794	0.86643	0.00399	0.00399	0.00199	0.00199
10	0.00575	0.00458	0.00516	0.00519	0.00644	0.00399	0.00382	0.00715	0.01097	0.01402	0.25978	0.13973	0.49453	0.01133	0.00548	0.00156	0.00232	0.00971	0.00449	0.00399
11	0.01563	0.12494	0.01470	0.01075	0.05622	0.03747	0.00849	0.53131	0.04515	0.04493	0.01194	0.01238	0.03649	0.02309	0.00478	0.00140	0.00496	0.00417	0.00403	0.00718
12	0.00756	0.00720	0.05650	0.04503	0.05439	0.01869	0.06351	0.03013	0.00992	0.01342	0.09828	0.36703	0.04371	0.08107	0.00693	0.00189	0.00394	0.05191	0.00365	0.03525
13	0.05505	0.23149	0.05296	0.01023	0.04100	0.21705	0.01949	0.07067	0.14316	0.06685	0.02110	0.01096	0.00842	0.00489	0.00395	0.00126	0.00546	0.00357	0.02621	0.00622
14	0.08360	0.38841	0.19894	0.00959	0.01374	0.14776	0.00976	0.04140	0.01031	0.01327	0.00748	0.02393	0.00635	0.00443	0.00358	0.00118	0.00571	0.00302	0.00225	0.02529
15	0.01152	0.35112	0.14976	0.00959	0.01390	0.07549	0.05626	0.03317	0.03837	0.01339	0.00788	0.00906	0.00649	0.00406	0.00363	0.00107	0.00526	0.00303	0.00235	0.20462
16	0.01304	0.02341	0.02741	0.07653	0.04123	0.08329	0.06541	0.21508	0.17058	0.07912	0.05370	0.02831	0.05223	0.02644	0.00520	0.00153	0.00495	0.02220	0.00390	0.00645

[dist]
# distance from previous block
# <min> <max>
0	2

[block]
# block no. 5 follows, 56 sequences, length 19
# corresponding to MSA columns:
# 264-282
name=unknown_F
#
# <colnr> <probs for GDERKNQSTAVLIFYWHMCP>
#	G	D	E	R	K	N	Q	S	T	A	V	L	I	F	Y	W	H	M	C	P
0	0.30502	0.00864	0.01054	0.01015	0.11003	0.00866	0.02745	0.01769	0.03954	0.37021	0.01374	0.01328	0.03560	0.00518	0.00406	0.00143	0.00402	0.00405	0.00413	0.00659
1	0.18397	0.00875	0.00984	0.04595	0.08273	0.00963	0.00711	0.13219	0.21276	0.01925	0.12081	0.06871	0.05544	0.00675	0.00451	0.00150	0.00379	0.01639	0.00396	0.00596
2	0.00668	0.00445	0.00501	0.00501	0.00501	0.00445	0.00278	0.00668	0.00668	0.00890	0.01447	0.03004	0.01669	0.83866	0.02337	0.00445	0.00445	0.00668	0.00278	0.00278
3	0.00944	0.00533	0.00693	0.00623	0.00785	0.00478	0.00477	0.01133	0.01251	0.19252	0.50748	0.08096	0.11342	0.00911	0.00527	0.00148	0.00260	0.00793	0.00506	0.00501
4	0.01696	0.01262	0.01350	0.01046	0.01405	0.01401	0.00861	0.73248	0.08461	0.02815	0.01164	0.01152	0.00831	0.00557	0.00460	0.00139	0.00494	0.00422	0.00460	0.00776
5	0.24889	0.00728	0.00790	0.00677	0.00919	0.00745	0.00541	0.03872	0.07070	0.23437	0.21706	0.01828	0.01794	0.00625	0.00421	0.00140	0.00321	0.00497	0.08422	0.00577
6	0.05629	0.01268	0.01346	0.01036	0.01399	0.01406	0.00856	0.75916	0.02096	0.02855	0.01081	0.01086	0.00768	0.00545	0.00451	0.00138	0.00498	0.00406	0.00451	0.00768
7	0.01065	0.01012	0.01763	0.04395	0.04183	0.01132	0.28919	0.04027	0.00973	0.04984	0.01034	0.01649	0.00929	0.03796	0.00945	0.00186	0.29459	0.08727	0.00265	0.00557
8	0.06441	0.79088	0.02301	0.00775	0.01161	0.01769	0.00768	0.01373	0.00924	0.01140	0.00638	0.00737	0.00584	0.00395	0.00294	0.00101	0.00483	0.00246	0.00202	0.00584
9	0.01063	0.01165	0.02157	0.01610	0.01974	0.07505	0.56064	0.04098	0.01102	0.01439	0.01206	0.16040	0.01113	0.00589	0.00537	0.00157	0.00677	0.00655	0.00276	0.00574
10	0.01173	0.06031	0.01123	0.00911	0.01181	0.01165	0.00723	0.10046	0.62469	0.01940	0.03851	0.01738	0.04363	0.00630	0.00461	0.00150	0.00377	0.00517	0.00449	0.00703
11	0.15708	0.00674	0.00796	0.00669	0.00920	0.00637	0.00535	0.01571	0.01149	0.38125	0.14107	0.04937	0.07800	0.00676	0.00440	0.00141	0.00322	0.00550	0.09645	0.00597
12	0.00669	0.00523	0.00710	0.03365	0.00912	0.00496	0.03534	0.00832	0.01030	0.01311	0.06935	0.12407	0.29164	0.01183	0.00619	0.02739	0.00351	0.32403	0.00408	0.00410
13	0.00575	0.00450	0.00523	0.00571	0.00664	0.00407	0.00403	0.00716	0.03645	0.01249	0.05967	0.43524	0.37109	0.01274	0.00562	0.00170	0.00253	0.01116	0.00430	0.00393
14	0.00797	0.00399	0.00598	0.00598	0.00598	0.00399	0.00399	0.00598	0.00598	0.00797	0.00797	0.01396	0.00797	0.01595	0.01794	0.86643	0.00399	0.00399	0.00199	0.00199
15	0.01209	0.12825	0.22764	0.01308	0.08482	0.10999	0.09828	0.09028	0.01170	0.05193	0.07728	0.01218	0.00977	0.00506	0.00495	0.00138	0.04817	0.00408	0.00277	0.00631
16	0.00791	0.00401	0.00594	0.00594	0.00594	0.00401	0.00393	0.00601	0.00601	0.00802	0.00827	0.01469	0.00837	0.05374	0.01819	0.82683	0.00401	0.00411	0.00203	0.00203
17	0.01367	0.12114	0.17643	0.02689	0.12177	0.39303	0.01103	0.03027	0.01153	0.01274	0.00815	0.02326	0.00689	0.00479	0.00418	0.00127	0.00692	0.01776	0.00232	0.00594
18	0.00725	0.00625	0.02372	0.00613	0.00820	0.00535	0.00490	0.03056	0.06332	0.01514	0.19860	0.03333	0.37276	0.00916	0.00505	0.00141	0.00284	0.05373	0.00416	0.14813

[dist]
# distance from previous block
# <min> <max>
3	4

[block]
# block no. 6 follows, 56 sequences, length 44
# corresponding to MSA columns:
# 287-307,310-332
name=unknown_G
#
# <colnr> <probs for GDERKNQSTAVLIFYWHMCP>
#	G	D	E	R	K	N	Q	S	T	A	V	L	I	F	Y	W	H	M	C	P
0	0.00847	0.00550	0.00688	0.00624	0.00782	0.00511	0.00477	0.01123	0.07003	0.11223	0.53811	0.04941	0.11886	0.00893	0.00523	0.00145	0.00254	0.00777	0.00494	0.02448
1	0.01072	0.24854	0.37878	0.01202	0.05712	0.06604	0.04389	0.01434	0.02743	0.01339	0.02379	0.02233	0.00738	0.00466	0.00437	0.00132	0.03246	0.00354	0.02162	0.00624
2	0.00909	0.00589	0.02438	0.00590	0.03260	0.00534	0.00445	0.04763	0.01023	0.01706	0.01474	0.01650	0.04215	0.00527	0.00346	0.00107	0.00267	0.00425	0.62379	0.12354
3	0.00712	0.00563	0.00748	0.00787	0.07090	0.00537	0.02083	0.03147	0.01176	0.01605	0.39449	0.09154	0.22946	0.00959	0.00553	0.00151	0.02160	0.02524	0.03202	0.00455
4	0.01152	0.00898	0.01167	0.02369	0.02863	0.03577	0.03770	0.11940	0.01144	0.11758	0.13418	0.01811	0.07473	0.02358	0.05501	0.00201	0.27157	0.00532	0.00354	0.00558
5	0.00802	0.00592	0.00691	0.00638	0.00799	0.00584	0.00485	0.01217	0.17730	0.05802	0.41868	0.03180	0.20138	0.02741	0.00562	0.00156	0.00265	0.00773	0.00478	0.00499
6	0.07071	0.00462	0.00490	0.00504	0.00607	0.00474	0.00373	0.00993	0.00916	0.01588	0.01595	0.16102	0.01453	0.00928	0.07147	0.00176	0.00318	0.00575	0.57806	0.00422
7	0.00991	0.00943	0.01601	0.45950	0.39006	0.01053	0.01337	0.01282	0.00977	0.01324	0.00838	0.01184	0.00665	0.00436	0.00457	0.00145	0.00581	0.00408	0.00215	0.00610
8	0.84842	0.00898	0.00693	0.00616	0.00902	0.01040	0.00507	0.03424	0.00818	0.02082	0.00652	0.00755	0.00505	0.00429	0.00289	0.00142	0.00359	0.00253	0.00289	0.00505
9	0.01004	0.01004	0.01406	0.01205	0.01205	0.01406	0.01004	0.01105	0.00703	0.01105	0.00603	0.01004	0.00603	0.00804	0.01507	0.00201	0.83025	0.00402	0.00201	0.00502
10	0.01052	0.07080	0.65145	0.03344	0.03289	0.01084	0.01526	0.02812	0.01016	0.08184	0.00901	0.01017	0.00636	0.00447	0.00431	0.00142	0.00636	0.00348	0.00231	0.00680
11	0.07479	0.00956	0.03162	0.55978	0.16246	0.03389	0.03877	0.01262	0.00947	0.01311	0.00812	0.01156	0.00625	0.00445	0.00446	0.00148	0.00594	0.00396	0.00216	0.00554
12	0.52942	0.01008	0.00895	0.00753	0.01059	0.03671	0.00614	0.17192	0.07125	0.06832	0.00902	0.00948	0.00669	0.00473	0.00350	0.00139	0.00403	0.00317	0.00348	0.03358
13	0.00583	0.00453	0.00531	0.00540	0.00652	0.00400	0.00394	0.00727	0.01099	0.01434	0.30563	0.20481	0.38213	0.01142	0.00551	0.00158	0.00234	0.00991	0.00454	0.00400
14	0.03469	0.26446	0.51784	0.01128	0.01689	0.05432	0.01352	0.01447	0.00970	0.01344	0.00758	0.00887	0.00582	0.00425	0.00389	0.00130	0.00622	0.00307	0.00199	0.00640
15	0.02532	0.02144	0.00884	0.02099	0.00992	0.00812	0.00585	0.17539	0.10880	0.18915	0.01491	0.01518	0.01086	0.00551	0.00398	0.00128	0.00343	0.00437	0.36050	0.00617
16	0.00606	0.00449	0.00566	0.00576	0.00669	0.00409	0.00417	0.00767	0.01138	0.01551	0.45873	0.26105	0.16946	0.01117	0.00554	0.00158	0.00233	0.00987	0.00470	0.00409
17	0.28590	0.06806	0.01151	0.00843	0.01178	0.02272	0.00703	0.29827	0.04182	0.18599	0.01092	0.01077	0.00771	0.00506	0.00393	0.00138	0.00433	0.00362	0.00406	0.00673
18	0.00638	0.00479	0.00593	0.00566	0.00685	0.00440	0.00424	0.00858	0.03116	0.01709	0.62142	0.05547	0.19126	0.00987	0.00541	0.00148	0.00224	0.00862	0.00487	0.00430
19	0.01742	0.01607	0.01342	0.01097	0.01416	0.31190	0.00873	0.48941	0.01822	0.04108	0.00974	0.01012	0.00719	0.00523	0.00443	0.00131	0.00622	0.00371	0.00380	0.00689
20	0.01057	0.00807	0.01033	0.00904	0.05584	0.01691	0.02096	0.02611	0.06855	0.10217	0.03031	0.04179	0.01028	0.00974	0.13604	0.00211	0.05085	0.00418	0.00321	0.38295
21	0.01404	0.45381	0.05466	0.01005	0.03844	0.24906	0.00873	0.04748	0.03029	0.04440	0.00770	0.00858	0.00643	0.00438	0.00358	0.00112	0.00592	0.00292	0.00241	0.00600
22	0.15419	0.01048	0.01341	0.05161	0.29353	0.05107	0.00966	0.12110	0.03005	0.17855	0.01073	0.01165	0.00790	0.00480	0.00437	0.00139	0.01427	0.00391	0.02052	0.00680
23	0.02618	0.04820	0.06878	0.01268	0.10255	0.09084	0.08998	0.05339	0.30688	0.04650	0.02591	0.05647	0.01144	0.01493	0.00506	0.00151	0.02365	0.00496	0.00354	0.00655
24	0.00819	0.00735	0.01173	0.25074	0.13996	0.00810	0.04672	0.01040	0.01818	0.01277	0.04011	0.22298	0.05866	0.01828	0.00613	0.00170	0.06490	0.06506	0.00306	0.00498
25	0.00648	0.00470	0.00576	0.00619	0.00694	0.00448	0.00460	0.00759	0.00927	0.01197	0.06636	0.14009	0.19387	0.26326	0.01120	0.00264	0.00358	0.24352	0.00384	0.00366
26	0.01867	0.00739	0.01004	0.00784	0.01106	0.00642	0.00642	0.02050	0.01312	0.70463	0.12595	0.01818	0.01573	0.00619	0.00473	0.00142	0.00367	0.00512	0.00560	0.00734
27	0.01303	0.01066	0.01129	0.00967	0.01255	0.01217	0.00766	0.23047	0.59302	0.02181	0.01664	0.01550	0.01235	0.00604	0.00465	0.00151	0.00401	0.00491	0.00465	0.00741
28	0.84124	0.00902	0.00699	0.00620	0.00907	0.01044	0.00510	0.04080	0.00829	0.02089	0.00655	0.00758	0.00507	0.00431	0.00290	0.00142	0.00360	0.00254	0.00290	0.00507
29	0.35434	0.01043	0.01047	0.00837	0.01170	0.01141	0.00691	0.35493	0.01472	0.15965	0.01041	0.01040	0.00730	0.00505	0.00391	0.00140	0.00426	0.00357	0.00409	0.00669
30	0.00844	0.00448	0.00642	0.00628	0.00650	0.00455	0.00433	0.04647	0.00691	0.00921	0.00859	0.01487	0.00848	0.01532	0.01693	0.79789	0.00405	0.02573	0.00219	0.00235
31	0.01227	0.84142	0.02406	0.00786	0.01178	0.01817	0.00786	0.01375	0.00933	0.01080	0.00638	0.00736	0.00589	0.00393	0.00295	0.00098	0.00491	0.00245	0.00196	0.00589
32	0.01334	0.01371	0.01178	0.01121	0.05540	0.26853	0.00822	0.02146	0.47096	0.02853	0.01405	0.01376	0.01078	0.00569	0.00483	0.00144	0.03162	0.00438	0.00374	0.00659
33	0.00959	0.00923	0.00906	0.00920	0.01035	0.17879	0.00744	0.01150	0.03325	0.01262	0.01797	0.12237	0.01916	0.02807	0.04867	0.00218	0.08774	0.37474	0.00351	0.00454
34	0.00562	0.00412	0.00528	0.00613	0.00661	0.00378	0.00416	0.00654	0.00923	0.01215	0.06848	0.69114	0.13237	0.01377	0.00578	0.00180	0.00259	0.01237	0.00430	0.00378
35	0.01082	0.00975	0.01606	0.02361	0.64705	0.00982	0.01210	0.02707	0.01033	0.01517	0.00971	0.01270	0.00819	0.02056	0.04564	0.00169	0.00538	0.00420	0.10347	0.00669
36	0.00560	0.00451	0.00499	0.00517	0.00638	0.00390	0.00376	0.00681	0.01042	0.01302	0.13938	0.21471	0.54138	0.01194	0.00552	0.00160	0.00238	0.01024	0.00436	0.00390
37	0.00797	0.00399	0.00598	0.00598	0.00598	0.00399	0.00399	0.00598	0.00598	0.00797	0.00797	0.01396	0.00797	0.01595	0.01794	0.86643	0.00399	0.00399	0.00199	0.00199
38	0.03163	0.01300	0.01358	0.01059	0.01408	0.06030	0.02375	0.68743	0.03136	0.02685	0.01121	0.03485	0.00838	0.00568	0.00459	0.00139	0.00517	0.00434	0.00438	0.00746
39	0.01535	0.00939	0.01076	0.00896	0.01200	0.00996	0.00717	0.12085	0.40615	0.30029	0.01743	0.01583	0.01224	0.00592	0.00461	0.00147	0.00387	0.00483	0.02546	0.00746
40	0.03770	0.07995	0.12601	0.01077	0.01478	0.04499	0.04959	0.44920	0.03227	0.05068	0.01054	0.02938	0.00792	0.00524	0.00440	0.00135	0.00534	0.00407	0.00374	0.03208
41	0.02716	0.02166	0.03150	0.00796	0.00953	0.06435	0.02380	0.06268	0.12351	0.01438	0.03327	0.34574	0.05745	0.06902	0.00652	0.00185	0.00389	0.06834	0.00390	0.02349
42	0.02209	0.07852	0.18054	0.01360	0.03840	0.07284	0.22429	0.09540	0.05228	0.03294	0.00998	0.05354	0.00822	0.00535	0.00574	0.00149	0.09119	0.00461	0.00272	0.00625
43	0.05172	0.39472	0.22746	0.01045	0.05460	0.01406	0.01037	0.05692	0.02820	0.03632	0.02604	0.00976	0.00731	0.00517	0.02171	0.00137	0.03193	0.00324	0.00241	0.00624

[dist]
# distance from previous block
# <min> <max>
2	15

[block]
# block no. 7 follows, 56 sequences, length 6
# corresponding to MSA columns:
# 373-378
name=unknown_H
#
# <colnr> <probs for GDERKNQSTAVLIFYWHMCP>
#	G	D	E	R	K	N	Q	S	T	A	V	L	I	F	Y	W	H	M	C	P
0	0.01386	0.02714	0.17030	0.03734	0.03072	0.02675	0.00930	0.13697	0.12838	0.23135	0.03944	0.01552	0.02528	0.02428	0.00498	0.00149	0.00474	0.02369	0.00402	0.04446
1	0.13583	0.01024	0.01199	0.03776	0.13426	0.03994	0.00834	0.22351	0.05754	0.10393	0.06074	0.01353	0.02696	0.00625	0.02465	0.00156	0.05343	0.00429	0.00369	0.04157
2	0.01203	0.01103	0.01740	0.02466	0.65544	0.01131	0.01292	0.09998	0.07900	0.01687	0.00975	0.01182	0.00790	0.00443	0.00456	0.00138	0.00526	0.00419	0.00273	0.00733
3	0.01104	0.00961	0.01461	0.36142	0.25322	0.01074	0.01187	0.16411	0.01208	0.01620	0.01032	0.01535	0.00863	0.00536	0.00474	0.00151	0.00555	0.07465	0.00280	0.00618
4	0.01235	0.00941	0.01386	0.01592	0.29473	0.00943	0.05501	0.14000	0.05585	0.11716	0.04361	0.08781	0.01272	0.04694	0.00571	0.00159	0.00469	0.03127	0.00360	0.03836
5	0.01045	0.00982	0.01586	0.26460	0.45462	0.01045	0.01253	0.01416	0.08205	0.01440	0.00938	0.01204	0.00751	0.00439	0.00450	0.00139	0.00536	0.00410	0.00245	0.05995

[dist]
# distance from previous block
# <min> <max>
2	7

[block]
# block no. 8 follows, 56 sequences, length 25
# corresponding to MSA columns:
# 386-410
name=unknown_I
#
# <colnr> <probs for GDERKNQSTAVLIFYWHMCP>
#	G	D	E	R	K	N	Q	S	T	A	V	L	I	F	Y	W	H	M	C	P
0	0.04108	0.01162	0.02688	0.04889	0.26566	0.13846	0.05368	0.08974	0.04727	0.01530	0.02735	0.02839	0.11513	0.03431	0.00565	0.00153	0.03511	0.00500	0.00298	0.00599
1	0.00969	0.00814	0.00852	0.00772	0.00975	0.04445	0.00595	0.04605	0.36766	0.03090	0.27444	0.02551	0.12652	0.00784	0.00498	0.00149	0.00326	0.00663	0.00465	0.00582
2	0.00958	0.00912	0.01568	0.50794	0.27757	0.01031	0.04797	0.01253	0.00971	0.01297	0.00895	0.01340	0.00726	0.00469	0.00468	0.00150	0.00591	0.03222	0.00221	0.00581
3	0.01053	0.02533	0.07653	0.00885	0.01154	0.02078	0.00747	0.05968	0.43402	0.03357	0.13268	0.06480	0.02646	0.00702	0.00479	0.00151	0.00379	0.02873	0.00432	0.03760
4	0.00977	0.00831	0.00966	0.00692	0.01099	0.00638	0.00555	0.03674	0.00991	0.01541	0.00825	0.00957	0.00683	0.00347	0.00344	0.00070	0.00345	0.00277	0.00278	0.83910
5	0.00771	0.02049	0.01993	0.02497	0.22645	0.00666	0.04537	0.00963	0.02113	0.01349	0.07651	0.27902	0.21137	0.00952	0.00525	0.00158	0.00370	0.00858	0.00359	0.00503
6	0.00944	0.00769	0.01035	0.14757	0.01394	0.03297	0.04923	0.06868	0.04263	0.04060	0.09734	0.05127	0.07102	0.02843	0.00652	0.00172	0.08086	0.17255	0.06216	0.00503
7	0.01226	0.00967	0.01041	0.00923	0.01192	0.01099	0.00722	0.02421	0.72921	0.09222	0.01863	0.01699	0.01377	0.00618	0.00467	0.00154	0.00366	0.00514	0.00476	0.00732
8	0.00612	0.00442	0.00595	0.00686	0.00744	0.00425	0.00509	0.00735	0.00937	0.01242	0.05202	0.53165	0.06497	0.01477	0.05113	0.00220	0.00355	0.20234	0.00418	0.00390
9	0.01152	0.02651	0.03681	0.02406	0.58704	0.01099	0.10460	0.04011	0.04631	0.03212	0.00979	0.03179	0.00815	0.00449	0.00465	0.00140	0.00555	0.00448	0.00257	0.00705
10	0.80060	0.00906	0.00724	0.00634	0.00925	0.01040	0.00522	0.05515	0.00870	0.04458	0.00699	0.00789	0.00531	0.00437	0.00299	0.00142	0.00364	0.00264	0.00302	0.00521
