[name]
unknown

[dist]
# distance from previous block
# <min> <max>
0	39

[block]
# block no. 0 follows, 52 sequences, length 18
# corresponding to MSA columns:
# 42-59
name=unknown_A
#
# <colnr> <probs for GDERKNQSTAVLIFYWHMCP>
#	G	D	E	R	K	N	Q	S	T	A	V	L	I	F	Y	W	H	M	C	P
0	0.05291	0.11809	0.19360	0.01103	0.05490	0.02282	0.01985	0.07936	0.10406	0.04299	0.02733	0.02199	0.07431	0.00707	0.00487	0.00158	0.00510	0.13488	0.00350	0.01977
1	0.03642	0.19093	0.11280	0.01083	0.03208	0.17219	0.00952	0.17104	0.05217	0.01682	0.02361	0.04041	0.02892	0.03689	0.00566	0.00152	0.04440	0.00429	0.00312	0.00638
2	0.06405	0.28945	0.13041	0.01068	0.01477	0.09294	0.05484	0.18610	0.04327	0.01743	0.00952	0.02913	0.00786	0.02423	0.00462	0.00141	0.00582	0.00383	0.00299	0.00663
3	0.01181	0.36196	0.07124	0.01011	0.06268	0.09721	0.00855	0.02972	0.02894	0.01373	0.05119	0.05971	0.04850	0.00592	0.00448	0.00128	0.03600	0.00444	0.05699	0.03551
4	0.06324	0.00803	0.00965	0.00894	0.00990	0.06193	0.00706	0.01082	0.01999	0.01252	0.01090	0.01600	0.01014	0.06102	0.40922	0.00489	0.20649	0.00468	0.04609	0.01850
5	0.00707	0.00512	0.00741	0.00741	0.00824	0.00587	0.00568	0.00873	0.00790	0.01159	0.01331	0.01978	0.01248	0.08470	0.70689	0.00715	0.01174	0.00527	0.05942	0.00425
6	0.00588	0.00431	0.00553	0.00650	0.00696	0.00396	0.00439	0.00678	0.00951	0.01247	0.02968	0.72286	0.13380	0.01480	0.00612	0.00192	0.00276	0.01330	0.00450	0.00396
7	0.01025	0.01973	0.52029	0.01449	0.06739	0.01105	0.09480	0.03342	0.07811	0.01597	0.01029	0.01208	0.00768	0.00677	0.05593	0.00193	0.00711	0.00415	0.02159	0.00696
8	0.00604	0.00427	0.00558	0.00658	0.00683	0.00402	0.00432	0.00678	0.00902	0.01203	0.02538	0.73425	0.03038	0.10975	0.00833	0.00229	0.00303	0.01300	0.00432	0.00382
9	0.01786	0.01356	0.01334	0.01064	0.01412	0.11684	0.00862	0.50414	0.07943	0.11584	0.01277	0.01260	0.00910	0.00578	0.00473	0.00143	0.00539	0.00435	0.04176	0.00769
10	0.01236	0.09304	0.21752	0.04014	0.14006	0.07901	0.07259	0.06180	0.03690	0.05235	0.01015	0.01159	0.01885	0.00468	0.00448	0.00134	0.00600	0.00392	0.00278	0.13046
11	0.01410	0.24811	0.06123	0.08459	0.06113	0.30074	0.07067	0.03564	0.02686	0.01333	0.00834	0.01002	0.00685	0.00468	0.00419	0.00129	0.00683	0.00350	0.03179	0.00611
12	0.00969	0.00835	0.01019	0.00870	0.06900	0.00656	0.00628	0.01180	0.01021	0.01547	0.01274	0.03350	0.07071	0.00487	0.00399	0.00091	0.00366	0.02491	0.00305	0.68540
13	0.00679	0.00556	0.00706	0.00806	0.08961	0.00502	0.00523	0.00853	0.01184	0.01554	0.30501	0.10088	0.39141	0.01084	0.00566	0.00160	0.00277	0.00938	0.00457	0.00462
14	0.01003	0.00947	0.01543	0.56383	0.10535	0.01114	0.06383	0.01488	0.12909	0.01414	0.01044	0.01363	0.00791	0.00501	0.00491	0.00160	0.00610	0.00458	0.00262	0.00604
15	0.00705	0.00470	0.00529	0.00529	0.00529	0.00470	0.00294	0.00705	0.00705	0.00940	0.01527	0.03171	0.01762	0.82969	0.02467	0.00470	0.00470	0.00705	0.00294	0.00294
16	0.01123	0.26954	0.38055	0.01193	0.01719	0.01365	0.07359	0.06338	0.01117	0.01529	0.06074	0.01153	0.00903	0.00495	0.00461	0.00140	0.02721	0.00386	0.00248	0.00667
17	0.18176	0.00965	0.01080	0.00832	0.01210	0.00929	0.00682	0.17390	0.01359	0.28527	0.01241	0.01212	0.00864	0.00503	0.00416	0.00128	0.00416	0.00380	0.00435	0.23253

[dist]
# distance from previous block
# <min> <max>
0	2

[block]
# block no. 1 follows, 52 sequences, length 22
# corresponding to MSA columns:
# 62-83
name=unknown_B
#
# <colnr> <probs for GDERKNQSTAVLIFYWHMCP>
#	G	D	E	R	K	N	Q	S	T	A	V	L	I	F	Y	W	H	M	C	P
0	0.00917	0.08093	0.01093	0.00979	0.08737	0.00761	0.03577	0.01160	0.04063	0.06513	0.36100	0.14354	0.06491	0.00907	0.00580	0.00157	0.03755	0.00790	0.00437	0.00536
1	0.04887	0.03398	0.01385	0.01117	0.01444	0.28762	0.00891	0.42585	0.05330	0.02267	0.01038	0.01084	0.00778	0.00548	0.00455	0.00138	0.00631	0.00389	0.02163	0.00708
2	0.01110	0.08483	0.09795	0.01487	0.12175	0.01083	0.23462	0.04782	0.04366	0.01610	0.01093	0.04260	0.00904	0.01439	0.00500	0.00141	0.01504	0.00475	0.09181	0.12148
3	0.00810	0.00612	0.00773	0.04149	0.02212	0.00622	0.00580	0.08762	0.06547	0.01665	0.21931	0.40900	0.04772	0.01160	0.00577	0.00176	0.00323	0.02474	0.00464	0.00492
4	0.01233	0.01098	0.01108	0.00998	0.01271	0.04812	0.00775	0.02546	0.75560	0.01989	0.01917	0.01766	0.01441	0.00650	0.00491	0.00163	0.00406	0.00537	0.00482	0.00758
5	0.01632	0.10983	0.01546	0.09435	0.05883	0.56150	0.00995	0.05401	0.01318	0.01296	0.00780	0.00937	0.00643	0.00489	0.00432	0.00128	0.00779	0.00331	0.00252	0.00590
6	0.00668	0.00495	0.00623	0.00591	0.00713	0.00450	0.00443	0.00881	0.01330	0.01845	0.68099	0.03782	0.16225	0.01027	0.00572	0.00154	0.00231	0.00899	0.00521	0.00450
7	0.00704	0.00472	0.00542	0.00542	0.00547	0.00477	0.00310	0.00713	0.00709	0.00950	0.01515	0.03103	0.01732	0.78695	0.06701	0.00486	0.00514	0.00695	0.00292	0.00301
8	0.00702	0.00480	0.00580	0.00580	0.00598	0.00498	0.00358	0.00738	0.00720	0.00978	0.01479	0.02908	0.01648	0.66509	0.18771	0.00534	0.00642	0.00666	0.00287	0.00322
9	0.01296	0.83261	0.02539	0.00829	0.01244	0.01917	0.00829	0.01451	0.00985	0.01140	0.00674	0.00777	0.00622	0.00415	0.00311	0.00104	0.00518	0.00259	0.00207	0.00622
10	0.01281	0.57553	0.19243	0.00977	0.01454	0.01705	0.01046	0.09243	0.01124	0.01419	0.00766	0.00869	0.00641	0.00441	0.00361	0.00119	0.00562	0.00298	0.00235	0.00663
11	0.01726	0.01195	0.01306	0.01026	0.01384	0.01294	0.00839	0.54838	0.10701	0.12648	0.01606	0.01538	0.06357	0.00637	0.00492	0.00149	0.00481	0.00496	0.00498	0.00789
12	0.01553	0.01813	0.01564	0.01841	0.29243	0.47286	0.01120	0.01820	0.06605	0.01384	0.00890	0.01053	0.00734	0.00486	0.00456	0.00134	0.00735	0.00371	0.00263	0.00649
13	0.14739	0.01190	0.01860	0.03097	0.27399	0.05481	0.23408	0.01594	0.06199	0.03980	0.00981	0.01205	0.00771	0.00473	0.00525	0.00154	0.04292	0.00448	0.01538	0.00668
14	0.01146	0.05717	0.04722	0.01947	0.02429	0.01265	0.70704	0.01539	0.01125	0.01522	0.00955	0.01267	0.00724	0.00418	0.00575	0.00161	0.02346	0.00547	0.00241	0.00651
15	0.00657	0.00486	0.00613	0.00600	0.00711	0.00442	0.00443	0.00852	0.01276	0.01760	0.58845	0.13559	0.15776	0.01092	0.00578	0.00160	0.00238	0.00961	0.00510	0.00442
16	0.00691	0.00472	0.00525	0.00525	0.00542	0.00463	0.00301	0.00704	0.00747	0.00979	0.01883	0.03329	0.09983	0.74352	0.02267	0.00438	0.00446	0.00738	0.00310	0.00306
17	0.01939	0.00994	0.01204	0.00946	0.01309	0.00991	0.00774	0.21807	0.13654	0.48420	0.01730	0.01550	0.01147	0.00604	0.00488	0.00151	0.00439	0.00484	0.00554	0.00816
18	0.00661	0.00491	0.00615	0.00590	0.00710	0.00446	0.00441	0.00864	0.01304	0.01797	0.62739	0.07081	0.18355	0.01056	0.00574	0.00156	0.00234	0.00924	0.00515	0.00446
19	0.01035	0.00939	0.01436	0.53778	0.04818	0.01166	0.01218	0.09620	0.01075	0.01434	0.00932	0.04602	0.00773	0.00598	0.00678	0.00169	0.14435	0.00469	0.00255	0.00569
20	0.01702	0.01435	0.09406	0.01124	0.01530	0.01418	0.00989	0.67321	0.02095	0.02825	0.01197	0.04552	0.00902	0.00609	0.00488	0.00148	0.00541	0.00468	0.00455	0.00795
21	0.71169	0.00985	0.02567	0.00704	0.01025	0.01074	0.00594	0.05897	0.00969	0.10109	0.00832	0.00901	0.00612	0.00473	0.00333	0.00150	0.00395	0.00297	0.00339	0.00576

[dist]
# distance from previous block
# <min> <max>
9	21

[block]
# block no. 2 follows, 52 sequences, length 9
# corresponding to MSA columns:
# 107-115
name=unknown_C
#
# <colnr> <probs for GDERKNQSTAVLIFYWHMCP>
#	G	D	E	R	K	N	Q	S	T	A	V	L	I	F	Y	W	H	M	C	P
0	0.01181	0.01109	0.00925	0.00802	0.01040	0.21984	0.00615	0.05923	0.03394	0.01685	0.15370	0.01759	0.03715	0.00603	0.00430	0.00119	0.00449	0.00474	0.20105	0.18315
1	0.00820	0.00648	0.00775	0.04558	0.00973	0.00674	0.00579	0.07085	0.10423	0.01566	0.12149	0.22042	0.20491	0.06827	0.00737	0.00195	0.03226	0.05302	0.00437	0.00491
2	0.01433	0.03869	0.10946	0.01117	0.03232	0.18817	0.00954	0.27427	0.08124	0.02043	0.11062	0.01674	0.02877	0.00641	0.00487	0.00147	0.00572	0.03517	0.00390	0.00672
3	0.00705	0.00470	0.00529	0.00529	0.00529	0.00470	0.00294	0.00705	0.00705	0.00940	0.01527	0.03171	0.01762	0.82969	0.02467	0.00470	0.00470	0.00705	0.00294	0.00294
4	0.01010	0.00886	0.01522	0.30619	0.19032	0.00951	0.13266	0.01313	0.01038	0.01513	0.01081	0.01411	0.00844	0.00482	0.00459	0.00145	0.00547	0.00459	0.22839	0.00583
5	0.00727	0.00531	0.00711	0.00807	0.00916	0.00516	0.00680	0.00918	0.01091	0.01403	0.02925	0.14770	0.14201	0.01344	0.00649	0.00211	0.00396	0.56323	0.00447	0.00434
6	0.01110	0.13669	0.38961	0.01364	0.11230	0.06564	0.01325	0.04070	0.03713	0.01512	0.01201	0.01314	0.06877	0.00519	0.00446	0.00140	0.00610	0.00407	0.00255	0.04712
7	0.01281	0.54269	0.15183	0.00973	0.01395	0.13020	0.00985	0.01496	0.01044	0.01217	0.00814	0.04828	0.00747	0.00488	0.00369	0.00119	0.00590	0.00338	0.00225	0.00618
8	0.03907	0.01101	0.01728	0.19470	0.35456	0.01230	0.05304	0.10767	0.01157	0.01643	0.00886	0.01187	0.00719	0.00523	0.00646	0.00159	0.12745	0.00433	0.00262	0.00676

[dist]
# distance from previous block
# <min> <max>
0	6

[block]
# block no. 3 follows, 52 sequences, length 21
# corresponding to MSA columns:
# 122-142
name=unknown_D
#
# <colnr> <probs for GDERKNQSTAVLIFYWHMCP>
#	G	D	E	R	K	N	Q	S	T	A	V	L	I	F	Y	W	H	M	C	P
0	0.80205	0.00941	0.00772	0.00728	0.03743	0.01075	0.00566	0.01462	0.00856	0.05097	0.00730	0.00834	0.00559	0.00455	0.00313	0.00150	0.00383	0.00277	0.00309	0.00545
1	0.01205	0.00917	0.01197	0.08082	0.01449	0.00850	0.05419	0.08401	0.08960	0.09976	0.01135	0.01266	0.00874	0.00633	0.03839	0.03255	0.00477	0.00392	0.00346	0.41325
2	0.00646	0.00497	0.00592	0.00577	0.00711	0.00443	0.00439	0.00832	0.01252	0.01664	0.45793	0.04134	0.34449	0.01103	0.00577	0.00161	0.00247	0.04949	0.00496	0.00437
3	0.00809	0.00683	0.00944	0.18358	0.01435	0.00700	0.04783	0.07373	0.01180	0.01513	0.11066	0.11532	0.31167	0.02170	0.00583	0.00171	0.00401	0.04249	0.00397	0.00488
4	0.01773	0.01298	0.01470	0.01129	0.01507	0.01422	0.04119	0.68881	0.02131	0.05709	0.01189	0.01220	0.00852	0.00713	0.04120	0.00175	0.00575	0.00448	0.00469	0.00799
5	0.00573	0.00491	0.00491	0.00491	0.00655	0.00409	0.00368	0.00695	0.01105	0.01309	0.04909	0.04664	0.79750	0.01227	0.00573	0.00164	0.00245	0.01023	0.00450	0.00409
6	0.01199	0.01151	0.01967	0.02974	0.79946	0.01151	0.01487	0.01487	0.01103	0.01583	0.00912	0.01199	0.00768	0.00432	0.00480	0.00144	0.00576	0.00432	0.00240	0.00768
7	0.00698	0.00474	0.00552	0.00570	0.00586	0.00469	0.00349	0.00727	0.00768	0.01016	0.01791	0.10162	0.03827	0.67279	0.02114	0.00419	0.00446	0.07111	0.00323	0.00318
8	0.01854	0.01339	0.01443	0.01106	0.01494	0.01475	0.00914	0.75678	0.02247	0.05751	0.01190	0.01180	0.00837	0.00582	0.00485	0.00146	0.00529	0.00438	0.00489	0.00824
9	0.00919	0.00731	0.00869	0.00706	0.01005	0.00589	0.00538	0.03068	0.01022	0.03314	0.01546	0.22939	0.04401	0.03048	0.00502	0.00123	0.00343	0.00625	0.00349	0.53364
10	0.01347	0.75284	0.02427	0.00867	0.01269	0.07670	0.00839	0.03438	0.01046	0.01192	0.00692	0.00794	0.00627	0.00425	0.00325	0.00106	0.00545	0.00267	0.00217	0.00623
11	0.01161	0.01159	0.01437	0.02580	0.05624	0.17034	0.15906	0.04574	0.01179	0.01493	0.01475	0.02587	0.01422	0.00790	0.00632	0.00173	0.07435	0.25340	0.07447	0.00552
12	0.01355	0.01461	0.01815	0.04509	0.34709	0.22795	0.12874	0.04378	0.06252	0.01532	0.01000	0.03282	0.00831	0.00496	0.00487	0.00145	0.00674	0.00453	0.00273	0.00680
13	0.00598	0.00488	0.00529	0.00527	0.00672	0.00419	0.00392	0.00742	0.01154	0.01444	0.21172	0.08564	0.59228	0.01191	0.00575	0.00163	0.00244	0.01009	0.00468	0.00419
14	0.00590	0.00422	0.00562	0.00675	0.00703	0.00394	0.00450	0.00675	0.00928	0.01237	0.02671	0.82653	0.03205	0.01518	0.00619	0.00197	0.00281	0.01378	0.00450	0.00394
15	0.02036	0.00826	0.01092	0.00854	0.01209	0.00742	0.00700	0.02324	0.07854	0.70214	0.01902	0.01670	0.01225	0.00603	0.00481	0.00149	0.00402	0.00491	0.04425	0.00803
16	0.00643	0.00493	0.00592	0.00593	0.00719	0.00442	0.00450	0.00819	0.01212	0.01602	0.38408	0.10506	0.33142	0.01153	0.00584	0.00166	0.00257	0.07299	0.00487	0.00433
17	0.01114	0.01245	0.02686	0.01947	0.02405	0.01170	0.71726	0.01507	0.01141	0.01544	0.01113	0.01654	0.00907	0.00486	0.00580	0.00168	0.00786	0.06924	0.00262	0.00636
18	0.00921	0.00870	0.01455	0.78435	0.03251	0.01094	0.01334	0.01235	0.00960	0.01235	0.00852	0.01282	0.00646	0.00500	0.00531	0.00164	0.04053	0.00430	0.00215	0.00538
19	0.01399	0.02929	0.01282	0.06280	0.04540	0.19497	0.00886	0.11994	0.40509	0.01881	0.02843	0.01467	0.01157	0.00593	0.00476	0.00151	0.00539	0.00468	0.00404	0.00705
20	0.01296	0.03047	0.21507	0.01219	0.01598	0.21912	0.07624	0.12348	0.05258	0.01662	0.05362	0.04839	0.02229	0.00690	0.02376	0.00166	0.02750	0.03168	0.00315	0.00634

[dist]
# distance from previous block
# <min> <max>
0	4

[block]
# block no. 4 follows, 52 sequences, length 10
# corresponding to MSA columns:
# 147-156
name=unknown_E
#
# <colnr> <probs for GDERKNQSTAVLIFYWHMCP>
#	G	D	E	R	K	N	Q	S	T	A	V	L	I	F	Y	W	H	M	C	P
0	0.01282	0.01057	0.01085	0.01050	0.06164	0.10889	0.00757	0.07254	0.31476	0.09673	0.10776	0.11424	0.01813	0.00752	0.00505	0.00157	0.00437	0.00632	0.02151	0.00665
1	0.01789	0.01115	0.01250	0.00979	0.01329	0.01184	0.00802	0.46675	0.07306	0.22048	0.01446	0.01392	0.01004	0.00590	0.00472	0.00145	0.00463	0.00458	0.08769	0.00784
2	0.00664	0.00488	0.00622	0.00602	0.00714	0.00446	0.00446	0.00868	0.01301	0.01806	0.64108	0.10810	0.13190	0.01065	0.00576	0.00158	0.00235	0.00938	0.00516	0.00446
3	0.01026	0.16101	0.67341	0.01288	0.01954	0.01259	0.01629	0.01521	0.01017	0.01468	0.00837	0.00982	0.00615	0.00453	0.00435	0.00145	0.00683	0.00341	0.00205	0.00700
4	0.00693	0.00465	0.00532	0.00544	0.00547	0.00462	0.00310	0.00702	0.00728	0.00971	0.01646	0.11444	0.01912	0.74491	0.02274	0.00441	0.00450	0.00775	0.00310	0.00304
5	0.00740	0.00514	0.00653	0.00680	0.00803	0.00476	0.00531	0.00907	0.01131	0.05618	0.19172	0.19129	0.23476	0.01324	0.03833	0.00206	0.00349	0.19542	0.00467	0.00448
6	0.01496	0.10156	0.01332	0.01035	0.01305	0.40061	0.00811	0.07900	0.12755	0.01548	0.04380	0.01238	0.00996	0.00604	0.02082	0.00141	0.00648	0.00389	0.06767	0.04356
7	0.00678	0.00477	0.00576	0.00584	0.00624	0.00479	0.00376	0.00739	0.00814	0.01089	0.06062	0.10247	0.10065	0.49616	0.15119	0.00448	0.00555	0.00776	0.00331	0.00346
8	0.01367	0.03064	0.11538	0.01567	0.16844	0.18521	0.09280	0.12460	0.06098	0.04348	0.06082	0.04409	0.01111	0.00565	0.00488	0.00147	0.00626	0.00482	0.00326	0.00677
9	0.14737	0.17043	0.09667	0.01058	0.05464	0.17800	0.00890	0.06388	0.03612	0.03507	0.00856	0.00982	0.00689	0.00510	0.00451	0.03571	0.00563	0.00326	0.00279	0.11608

[dist]
# distance from previous block
# <min> <max>
14	24

[block]
# block no. 5 follows, 52 sequences, length 29
# corresponding to MSA columns:
# 182-210
name=unknown_F
#
# <colnr> <probs for GDERKNQSTAVLIFYWHMCP>
#	G	D	E	R	K	N	Q	S	T	A	V	L	I	F	Y	W	H	M	C	P
0	0.01166	0.01088	0.01218	0.01210	0.09627	0.12169	0.05873	0.07924	0.22608	0.01779	0.12721	0.10663	0.01879	0.00767	0.00520	0.00159	0.00481	0.05152	0.02372	0.00625
1	0.00603	0.00477	0.00545	0.00573	0.00693	0.00419	0.00421	0.00736	0.01098	0.01387	0.14806	0.24142	0.46231	0.01272	0.00589	0.00173	0.00262	0.04698	0.00462	0.00414
2	0.00722	0.00593	0.00754	0.00768	0.00843	0.03509	0.02747	0.00871	0.03246	0.01216	0.02160	0.41028	0.06866	0.09499	0.19049	0.00348	0.04014	0.00971	0.00370	0.00425
3	0.86392	0.00937	0.00712	0.00637	0.00937	0.01087	0.00525	0.01425	0.00825	0.02174	0.00675	0.00787	0.00525	0.00450	0.00300	0.00150	0.00375	0.00262	0.00300	0.00525
4	0.00696	0.00477	0.00555	0.00555	0.00575	0.00482	0.00334	0.00723	0.00737	0.00982	0.01698	0.03113	0.06241	0.69103	0.11375	0.00487	0.00552	0.00702	0.00299	0.00316
5	0.00675	0.00504	0.00630	0.00614	0.00734	0.00465	0.00461	0.00900	0.03069	0.01763	0.56246	0.10203	0.16897	0.01078	0.00577	0.00161	0.00248	0.03816	0.00509	0.00451
6	0.00842	0.00421	0.00631	0.00631	0.00631	0.00421	0.00421	0.00631	0.00631	0.00842	0.00842	0.01473	0.00842	0.01684	0.01894	0.85901	0.00421	0.00421	0.00210	0.00210
7	0.01017	0.00806	0.00896	0.00798	0.01021	0.00849	0.00616	0.08697	0.31220	0.01956	0.22206	0.07824	0.06824	0.00800	0.00506	0.00151	0.00331	0.00681	0.05441	0.07362
8	0.13307	0.02956	0.01426	0.03882	0.05003	0.06731	0.07061	0.01424	0.05458	0.04250	0.00870	0.01145	0.00738	0.00764	0.04149	0.00198	0.35387	0.00412	0.01702	0.03139
9	0.17207	0.08907	0.06182	0.01151	0.10254	0.21388	0.00862	0.02623	0.03836	0.07840	0.05708	0.01567	0.08071	0.00594	0.00437	0.00142	0.00546	0.01754	0.00328	0.00604
10	0.01367	0.06268	0.01435	0.24952	0.03810	0.31808	0.01037	0.04969	0.11861	0.01400	0.00975	0.01170	0.00773	0.00599	0.02352	0.00160	0.03794	0.00393	0.00279	0.00598
11	0.00988	0.02392	0.73019	0.01445	0.02139	0.01135	0.09114	0.01536	0.01035	0.01536	0.00880	0.01050	0.00626	0.00455	0.00471	0.00154	0.00726	0.00379	0.00209	0.00710
12	0.00640	0.00490	0.00554	0.00538	0.00675	0.00433	0.00401	0.00809	0.01200	0.01588	0.35372	0.04046	0.42832	0.02941	0.00602	0.00163	0.00243	0.00924	0.05117	0.00429
13	0.01482	0.00657	0.00888	0.00767	0.01001	0.00581	0.00596	0.01649	0.01261	0.44984	0.16016	0.23827	0.02343	0.00917	0.00538	0.00163	0.00344	0.00797	0.00548	0.00643
14	0.00646	0.00455	0.00559	0.00611	0.00647	0.00434	0.00398	0.00718	0.00897	0.01193	0.08389	0.38849	0.07800	0.31949	0.01306	0.00294	0.00351	0.03743	0.00398	0.00364
15	0.00627	0.00495	0.00561	0.00553	0.00691	0.00435	0.00416	0.00788	0.01185	0.01526	0.31102	0.04278	0.46662	0.04155	0.00647	0.00174	0.00257	0.04549	0.00474	0.00424
16	0.01382	0.01118	0.01189	0.01016	0.01317	0.01270	0.00804	0.25966	0.52681	0.02319	0.01745	0.04313	0.01334	0.00663	0.00495	0.00160	0.00426	0.00541	0.00489	0.00772
17	0.01501	0.50972	0.02074	0.00996	0.01345	0.33470	0.00872	0.01644	0.01140	0.01158	0.00704	0.00816	0.00623	0.00448	0.00361	0.00112	0.00660	0.00280	0.00224	0.00598
18	0.04224	0.01040	0.01341	0.01164	0.03440	0.03931	0.04569	0.10150	0.07171	0.05839	0.07042	0.01546	0.04440	0.00889	0.04782	0.00208	0.36799	0.00500	0.00329	0.00596
19	0.74968	0.00994	0.00813	0.00702	0.01014	0.01143	0.00578	0.11816	0.01021	0.02293	0.00741	0.00838	0.00565	0.00468	0.00325	0.00149	0.00396	0.00286	0.00325	0.00565
20	0.00646	0.00490	0.00595	0.00577	0.00701	0.00439	0.00430	0.00833	0.01264	0.01708	0.52291	0.08543	0.27528	0.01094	0.00575	0.00158	0.00237	0.00950	0.00503	0.00439
21	0.01007	0.02300	0.68466	0.01625	0.13991	0.01129	0.01744	0.01527	0.01035	0.01542	0.00876	0.01050	0.00637	0.00456	0.00463	0.00152	0.00695	0.00369	0.00210	0.00724
22	0.00590	0.00444	0.00546	0.00621	0.00690	0.00401	0.00427	0.00691	0.00996	0.01287	0.06539	0.57607	0.24576	0.01415	0.00604	0.00186	0.00269	0.01258	0.00453	0.00401
23	0.00753	0.00496	0.00609	0.00611	0.00668	0.00522	0.00419	0.02493	0.00837	0.01227	0.01558	0.09085	0.01604	0.35931	0.24657	0.00463	0.00650	0.00653	0.16381	0.00383
24	0.01107	0.01020	0.01726	0.07293	0.08114	0.01060	0.26441	0.05340	0.15632	0.03640	0.02754	0.04331	0.01294	0.00832	0.05270	0.00206	0.03231	0.09730	0.00344	0.00636
25	0.00669	0.00492	0.00626	0.00598	0.00715	0.00449	0.00447	0.00881	0.01325	0.01845	0.68316	0.06407	0.13351	0.01036	0.00573	0.00155	0.00232	0.00910	0.00521	0.00449
26	0.01123	0.15439	0.03433	0.00896	0.01126	0.24454	0.02370	0.01292	0.02108	0.01315	0.09843	0.10890	0.19297	0.00821	0.00524	0.00146	0.03418	0.00650	0.00338	0.00516
27	0.03345	0.00782	0.00907	0.00720	0.01037	0.00665	0.00562	0.02193	0.07172	0.04304	0.10276	0.03851	0.03295	0.06528	0.00573	0.00133	0.00357	0.03034	0.00359	0.49907
28	0.01075	0.11498	0.50326	0.04361	0.01919	0.03895	0.06842	0.01556	0.04035	0.03767	0.05513	0.01219	0.00905	0.00496	0.00459	0.00148	0.00653	0.00404	0.00251	0.00679

[dist]
# distance from previous block
# <min> <max>
0	2

[block]
# block no. 6 follows, 52 sequences, length 22
# corresponding to MSA columns:
# 213-220,222-235
name=unknown_G
#
# <colnr> <probs for GDERKNQSTAVLIFYWHMCP>
#	G	D	E	R	K	N	Q	S	T	A	V	L	I	F	Y	W	H	M	C	P
0	0.01243	0.01140	0.01804	0.09408	0.59251	0.01186	0.01362	0.09668	0.06981	0.01742	0.01012	0.01249	0.00816	0.00469	0.00482	0.00147	0.00563	0.00441	0.00282	0.00754
1	0.09607	0.01069	0.01603	0.39315	0.21800	0.05404	0.06663	0.03193	0.01044	0.01476	0.00856	0.01186	0.00673	0.00479	0.00510	0.00156	0.03699	0.00418	0.00240	0.00610
2	0.01412	0.01253	0.01604	0.06945	0.01739	0.13117	0.20113	0.12681	0.15686	0.09999	0.01391	0.01580	0.02220	0.00573	0.00503	0.00154	0.00601	0.03366	0.04390	0.00674
3	0.00645	0.00475	0.00606	0.00637	0.00721	0.00443	0.00453	0.00827	0.03109	0.01566	0.35797	0.39377	0.11050	0.01243	0.00591	0.00174	0.00258	0.01108	0.00487	0.00432
4	0.01186	0.01070	0.01642	0.14823	0.43855	0.01146	0.01251	0.10073	0.08108	0.01743	0.06559	0.01429	0.01081	0.00530	0.00527	0.00152	0.03338	0.00473	0.00305	0.00708
5	0.01451	0.00966	0.01165	0.00956	0.01225	0.01038	0.02945	0.22376	0.17958	0.18268	0.10284	0.01861	0.01535	0.07460	0.03307	0.00202	0.05293	0.00547	0.00470	0.00693
6	0.00707	0.00525	0.00642	0.00675	0.00769	0.00504	0.00480	0.06229	0.02977	0.01517	0.16291	0.49698	0.14565	0.01297	0.00591	0.00180	0.00287	0.01152	0.00468	0.00446
7	0.01245	0.01237	0.01923	0.02847	0.74145	0.07058	0.01447	0.01520	0.01123	0.01554	0.00900	0.01175	0.00757	0.00437	0.00477	0.00143	0.00598	0.00423	0.00241	0.00752
8	0.01627	0.01280	0.01313	0.01165	0.07156	0.09768	0.00871	0.43467	0.10725	0.06136	0.01276	0.01305	0.00939	0.00569	0.00464	0.00142	0.00515	0.00440	0.10099	0.00743
9	0.00778	0.00619	0.00844	0.00817	0.00946	0.00613	0.06267	0.04277	0.09261	0.01480	0.07877	0.39712	0.10390	0.05678	0.00694	0.00200	0.00361	0.08272	0.00438	0.00476
10	0.01720	0.01610	0.01380	0.05546	0.01562	0.28345	0.00924	0.42910	0.04517	0.02235	0.01104	0.01164	0.02071	0.00561	0.00468	0.00140	0.00639	0.00408	0.01992	0.00704
11	0.00821	0.00614	0.00663	0.00680	0.00797	0.04882	0.00490	0.02486	0.02604	0.06969	0.04344	0.37250	0.23727	0.07496	0.00724	0.00200	0.00340	0.04022	0.00441	0.00450
12	0.17123	0.02220	0.04128	0.00946	0.01241	0.04138	0.03107	0.18464	0.16685	0.03801	0.07719	0.01657	0.07004	0.00649	0.00537	0.00154	0.06187	0.00494	0.00400	0.03344
13	0.06153	0.00587	0.00680	0.00625	0.00793	0.00556	0.00482	0.05197	0.01311	0.05893	0.44756	0.03523	0.24287	0.00985	0.00548	0.00156	0.00272	0.02213	0.00495	0.00487
14	0.01594	0.03661	0.05966	0.01536	0.11876	0.44165	0.10287	0.03335	0.01278	0.07387	0.00896	0.01047	0.00704	0.00498	0.00506	0.00139	0.03836	0.00380	0.00275	0.00634
15	0.00842	0.00421	0.00631	0.00631	0.00631	0.00421	0.00421	0.00631	0.00631	0.00842	0.00842	0.01473	0.00842	0.01684	0.01894	0.85901	0.00421	0.00421	0.00210	0.00210
16	0.00703	0.00475	0.00554	0.00554	0.00563	0.00484	0.00325	0.00721	0.00712	0.00958	0.01504	0.03043	0.01706	0.74956	0.10404	0.00501	0.00553	0.00686	0.00290	0.00308
17	0.01244	0.00843	0.00942	0.00801	0.01037	0.03493	0.00630	0.21194	0.04216	0.13876	0.28256	0.06994	0.12726	0.00858	0.00532	0.00154	0.00367	0.00721	0.00504	0.00612
18	0.00758	0.00467	0.00664	0.00664	0.00695	0.00499	0.00462	0.00732	0.00701	0.00966	0.01153	0.01989	0.01171	0.19544	0.30946	0.36766	0.00752	0.00517	0.00246	0.00309
19	0.00931	0.00528	0.00581	0.00557	0.00685	0.00553	0.00428	0.06514	0.01062	0.01772	0.01501	0.01779	0.01207	0.01117	0.14848	0.00235	0.00440	0.00463	0.64325	0.00474
20	0.01311	0.01040	0.01115	0.03897	0.01300	0.06497	0.00699	0.17212	0.02714	0.07499	0.01056	0.01150	0.00811	0.00455	0.00405	0.00104	0.00438	0.00354	0.05725	0.46218
21	0.01061	0.05125	0.11174	0.05966	0.07898	0.01091	0.20359	0.04503	0.05758	0.01543	0.01288	0.05133	0.03709	0.00622	0.00604	0.00158	0.07932	0.06140	0.00293	0.09643

[dist]
# distance from previous block
# <min> <max>
0	2

[block]
# block no. 7 follows, 52 sequences, length 9
# corresponding to MSA columns:
# 238-246
name=unknown_H
#
# <colnr> <probs for GDERKNQSTAVLIFYWHMCP>
#	G	D	E	R	K	N	Q	S	T	A	V	L	I	F	Y	W	H	M	C	P
0	0.05701	0.01228	0.01198	0.00980	0.01288	0.10993	0.00789	0.36790	0.07059	0.10640	0.01792	0.01751	0.13229	0.00683	0.00526	0.00150	0.03544	0.00517	0.00444	0.00697
1	0.08869	0.01635	0.01287	0.01369	0.13967	0.44066	0.00914	0.01609	0.01164	0.01353	0.00883	0.01134	0.00759	0.02694	0.09365	0.00212	0.03450	0.00369	0.04336	0.00565
2	0.00617	0.00467	0.00570	0.00618	0.00703	0.00432	0.00441	0.00732	0.01003	0.01297	0.09225	0.36074	0.27740	0.07359	0.06285	0.00244	0.00358	0.05001	0.00432	0.00402
3	0.01238	0.00609	0.00796	0.00707	0.00913	0.00538	0.00544	0.01404	0.01244	0.32697	0.21657	0.20036	0.13645	0.00983	0.00549	0.00163	0.00315	0.00851	0.00530	0.00582
4	0.00598	0.00433	0.00566	0.00658	0.00702	0.00400	0.00446	0.00698	0.00979	0.01306	0.09876	0.70720	0.07922	0.01452	0.00611	0.00191	0.00274	0.01310	0.00458	0.00400
5	0.00594	0.00435	0.00559	0.00648	0.00698	0.00400	0.00440	0.00693	0.00978	0.01292	0.07927	0.68017	0.12640	0.01449	0.00610	0.00190	0.00273	0.01302	0.00455	0.00400
6	0.01754	0.01214	0.01187	0.00955	0.01278	0.13903	0.00768	0.31211	0.01657	0.23228	0.01347	0.01336	0.00950	0.00562	0.00451	0.00136	0.00503	0.00426	0.13052	0.04080
7	0.07399	0.01029	0.01119	0.00930	0.01221	0.01122	0.00748	0.36817	0.13888	0.04143	0.05171	0.06814	0.01335	0.00884	0.06038	0.00194	0.00496	0.02389	0.03806	0.04457
8	0.32494	0.01202	0.01042	0.00890	0.01200	0.14504	0.00711	0.08954	0.14883	0.17824	0.01209	0.01189	0.00872	0.00537	0.00412	0.00148	0.00482	0.00382	0.00403	0.00661

[dist]
# distance from previous block
# <min> <max>
3	5

[block]
# block no. 8 follows, 52 sequences, length 9
# corresponding to MSA columns:
# 253-261
name=unknown_I
#
# <colnr> <probs for GDERKNQSTAVLIFYWHMCP>
#	G	D	E	R	K	N	Q	S	T	A	V	L	I	F	Y	W	H	M	C	P
0	0.01145	0.06930	0.01646	0.01215	0.01522	0.05066	0.24475	0.11840	0.08205	0.03552	0.03847	0.13748	0.11289	0.00756	0.00556	0.00160	0.02378	0.00694	0.00369	0.00607
1	0.00654	0.00470	0.00620	0.00717	0.00776	0.00449	0.00531	0.00776	0.00979	0.01284	0.02706	0.48980	0.08043	0.07271	0.00763	0.00222	0.00341	0.23578	0.00438	0.00403
2	0.01007	0.01046	0.02040	0.01546	0.01889	0.01015	0.47553	0.01419	0.08064	0.01548	0.06004	0.12643	0.04863	0.00698	0.00608	0.00171	0.03254	0.03708	0.00327	0.00595
3	0.01163	0.00801	0.00968	0.00748	0.01104	0.00649	0.00590	0.01414	0.04808	0.15522	0.03730	0.10802	0.01249	0.00571	0.00425	0.00107	0.00356	0.00481	0.00379	0.54132
4	0.00634	0.00460	0.00580	0.00616	0.00685	0.00426	0.00426	0.00762	0.01074	0.01453	0.29106	0.38067	0.12042	0.10418	0.00804	0.00208	0.00280	0.01092	0.00461	0.00406
5	0.00953	0.00894	0.04606	0.03522	0.01274	0.00956	0.08186	0.07812	0.01047	0.02845	0.04232	0.19599	0.07578	0.01214	0.08644	0.00243	0.22985	0.02544	0.00337	0.00528
6	0.00620	0.00475	0.00548	0.00563	0.00666	0.00425	0.00398	0.00745	0.01083	0.01402	0.22006	0.20721	0.36108	0.11072	0.00810	0.00205	0.00276	0.01024	0.00451	0.00403
7	0.01252	0.01247	0.01523	0.01969	0.39432	0.13480	0.01120	0.01812	0.23626	0.01625	0.01318	0.07150	0.01125	0.00585	0.00487	0.00151	0.00545	0.00514	0.00329	0.00709
8	0.03915	0.01128	0.01555	0.05348	0.01645	0.09848	0.22124	0.01387	0.01078	0.01536	0.02860	0.01183	0.00818	0.00437	0.00473	0.00118	0.03020	0.00401	0.03939	0.37185

[dist]
# distance from previous block
# <min> <max>
0	1

[block]
# block no. 9 follows, 52 sequences, length 14
# corresponding to MSA columns:
# 263-276
name=unknown_J
#
# <colnr> <probs for GDERKNQSTAVLIFYWHMCP>
#	G	D	E	R	K	N	Q	S	T	A	V	L	I	F	Y	W	H	M	C	P
0	0.46293	0.01176	0.01175	0.01155	0.11650	0.08737	0.04296	0.13994	0.01185	0.05069	0.00853	0.00967	0.00650	0.00477	0.00386	0.00147	0.00496	0.00340	0.00326	0.00626
1	0.01461	0.01488	0.01414	0.01248	0.05029	0.27218	0.08195	0.15941	0.20908	0.01867	0.09090	0.01492	0.01288	0.00592	0.00488	0.00146	0.00605	0.00481	0.00381	0.00669
2	0.00590	0.00473	0.00528	0.00554	0.00675	0.00410	0.00400	0.00714	0.01086	0.01359	0.12507	0.25839	0.50602	0.01281	0.00585	0.00171	0.00253	0.01104	0.00459	0.00410
3	0.01146	0.00998	0.01148	0.01002	0.01202	0.04096	0.03352	0.12761	0.28574	0.01826	0.05626	0.11320	0.06619	0.00819	0.00709	0.00171	0.15001	0.00644	0.02356	0.00632
4	0.01181	0.01133	0.01934	0.08103	0.74962	0.01147	0.01478	0.01471	0.01095	0.01561	0.00908	0.01205	0.00760	0.00435	0.00480	0.00145	0.00580	0.00432	0.00238	0.00753
5	0.00600	0.00437	0.00562	0.00657	0.00704	0.00405	0.00449	0.00692	0.00950	0.01245	0.02896	0.67325	0.12299	0.04203	0.00677	0.00203	0.00290	0.04565	0.00444	0.00394
6	0.01226	0.01033	0.01213	0.00954	0.01311	0.06093	0.07189	0.05726	0.19625	0.07728	0.03960	0.03823	0.01142	0.00529	0.00445	0.00121	0.00443	0.00450	0.00377	0.36609
7	0.01163	0.01114	0.01901	0.13078	0.70128	0.01142	0.01469	0.01455	0.01086	0.01539	0.00905	0.01211	0.00752	0.00439	0.00480	0.00146	0.00585	0.00432	0.00237	0.00738
8	0.00660	0.00461	0.00561	0.00587	0.00627	0.00441	0.00377	0.00737	0.00926	0.01249	0.17718	0.27395	0.06657	0.37791	0.01433	0.00308	0.00353	0.00959	0.00397	0.00362
9	0.01067	0.26342	0.57460	0.01218	0.01845	0.01359	0.01507	0.01510	0.01012	0.01418	0.00812	0.00951	0.00616	0.00447	0.00416	0.00139	0.00658	0.00329	0.00205	0.00688
10	0.04418	0.00561	0.00665	0.00698	0.00820	0.00555	0.00534	0.01003	0.09382	0.01474	0.10739	0.24490	0.20887	0.01230	0.00650	0.04464	0.00323	0.16213	0.00444	0.00451
11	0.17260	0.19228	0.39495	0.01173	0.05533	0.01290	0.01263	0.04557	0.01031	0.01636	0.00805	0.00940	0.00618	0.00449	0.00397	0.00139	0.00585	0.00324	0.00238	0.03038
12	0.01331	0.05041	0.04828	0.00951	0.01258	0.06556	0.03687	0.14916	0.03365	0.12662	0.03661	0.08334	0.02953	0.02286	0.00607	0.01634	0.06288	0.00515	0.02993	0.16132
13	0.26462	0.10940	0.12036	0.02243	0.01300	0.02373	0.00832	0.11719	0.05414	0.03754	0.01130	0.01285	0.04091	0.00528	0.00398	0.00137	0.00468	0.02610	0.00325	0.11955

[dist]
# distance from previous block
# <min> <max>
1	9

[block]
# block no. 10 follows, 52 sequences, length 24
# corresponding to MSA columns:
# 303-326
name=unknown_K
#
# <colnr> <probs for GDERKNQSTAVLIFYWHMCP>
#	G	D	E	R	K	N	Q	S	T	A	V	L	I	F	Y	W	H	M	C	P
0	0.12128	0.04023	0.08957	0.00860	0.01208	0.00884	0.00774	0.11099	0.01243	0.18005	0.04878	0.01977	0.03688	0.03683	0.00534	0.00156	0.00441	0.09770	0.00402	0.15289
1	0.00856	0.00541	0.00665	0.00606	0.00771	0.00481	0.00462	0.01054	0.01262	0.10497	0.43758	0.05223	0.19737	0.00949	0.00536	0.00149	0.00259	0.00817	0.07300	0.04076
2	0.01212	0.00957	0.01246	0.01021	0.01287	0.04390	0.11244	0.21210	0.03474	0.06515	0.14852	0.12529	0.01944	0.02782	0.02272	0.00177	0.00487	0.05540	0.01267	0.05597
3	0.07833	0.10825	0.60203	0.01340	0.04313	0.01211	0.04787	0.01516	0.01011	0.01546	0.00839	0.00996	0.00617	0.00452	0.00437	0.00148	0.00668	0.00351	0.00215	0.00690
4	0.03664	0.00941	0.01447	0.65799	0.05464	0.01137	0.01267	0.11763	0.01147	0.01525	0.00898	0.01256	0.00670	0.00495	0.00479	0.00158	0.00620	0.00426	0.00255	0.00584
5	0.01307	0.68149	0.02405	0.01142	0.11987	0.05640	0.00924	0.01479	0.01020	0.01203	0.00710	0.00840	0.00642	0.00421	0.00340	0.00110	0.00543	0.00285	0.00214	0.00639
6	0.00671	0.00491	0.00615	0.00589	0.00708	0.00448	0.00440	0.00878	0.01306	0.01818	0.63411	0.06200	0.16248	0.01033	0.00567	0.00154	0.00233	0.00903	0.02839	0.00448
7	0.01216	0.00795	0.00908	0.00809	0.01024	0.00843	0.00613	0.01909	0.36298	0.16784	0.09661	0.05697	0.01842	0.13788	0.00810	0.00208	0.00374	0.00625	0.05158	0.00638
8	0.00615	0.00446	0.00585	0.00679	0.00732	0.00416	0.00478	0.00725	0.00988	0.01308	0.07606	0.63762	0.09158	0.01445	0.00617	0.00194	0.00292	0.09096	0.00455	0.00404
9	0.27850	0.00837	0.00917	0.00779	0.01067	0.00855	0.00624	0.05107	0.08159	0.32232	0.05860	0.10949	0.01419	0.00687	0.00450	0.00157	0.00378	0.00546	0.00471	0.00656
10	0.00936	0.00882	0.03773	0.08205	0.01505	0.00856	0.17445	0.03753	0.14520	0.01734	0.23851	0.06863	0.06918	0.00778	0.00544	0.00162	0.00455	0.03417	0.02832	0.00572
11	0.00622	0.00458	0.00582	0.00624	0.00703	0.00419	0.00440	0.00763	0.01113	0.01500	0.30468	0.42762	0.15187	0.01286	0.00595	0.00176	0.00257	0.01146	0.00480	0.00419
12	0.00798	0.00528	0.00760	0.00745	0.00851	0.00594	0.00580	0.00978	0.00840	0.05549	0.01365	0.01878	0.01214	0.03109	0.67196	0.00666	0.01124	0.00510	0.10257	0.00456
13	0.54879	0.15358	0.01163	0.03501	0.01163	0.13234	0.00673	0.02638	0.00961	0.01829	0.00699	0.00821	0.00565	0.00454	0.00331	0.00139	0.00486	0.00278	0.00276	0.00552
14	0.01065	0.00856	0.01176	0.03527	0.04582	0.00879	0.10376	0.01698	0.28509	0.08689	0.15064	0.02564	0.16503	0.00776	0.00531	0.00161	0.00406	0.01558	0.00450	0.00629
15	0.01203	0.00908	0.00987	0.00822	0.01132	0.07088	0.00648	0.01517	0.09663	0.13966	0.01522	0.12126	0.01371	0.00676	0.00461	0.00128	0.00409	0.07110	0.00391	0.37874
16	0.01392	0.00742	0.01009	0.17711	0.01470	0.00766	0.00744	0.07447	0.03564	0.27281	0.01392	0.01541	0.01010	0.00756	0.00701	0.14872	0.00437	0.00455	0.16121	0.00589
17	0.00667	0.00486	0.00537	0.00524	0.00662	0.00433	0.00393	0.00843	0.01179	0.01607	0.29400	0.03823	0.41072	0.01034	0.00532	0.00151	0.00236	0.00876	0.15111	0.00433
18	0.00876	0.00514	0.00659	0.00678	0.00795	0.00464	0.00491	0.00994	0.01054	0.14850	0.05805	0.45833	0.15872	0.04291	0.00657	0.00193	0.00310	0.04718	0.00473	0.00472
19	0.00621	0.00476	0.00557	0.00574	0.00680	0.00426	0.00411	0.00755	0.01104	0.01434	0.23956	0.21866	0.34921	0.07810	0.00737	0.00194	0.00271	0.02340	0.00459	0.00410
20	0.00625	0.00442	0.00572	0.00658	0.00692	0.00420	0.00443	0.00709	0.00920	0.01225	0.05101	0.60045	0.04368	0.15472	0.00937	0.00243	0.00322	0.06001	0.00426	0.00382
21	0.01126	0.01183	0.01723	0.42145	0.13632	0.12580	0.13842	0.01424	0.01076	0.01347	0.00872	0.01207	0.00678	0.00461	0.00485	0.00150	0.00683	0.00430	0.00232	0.04724
22	0.01116	0.00965	0.01351	0.01129	0.01267	0.01176	0.05364	0.03911	0.05972	0.06916	0.03919	0.04865	0.01043	0.00947	0.06172	0.00219	0.44035	0.00496	0.00301	0.08837
23	0.06498	0.01204	0.01883	0.01427	0.01796	0.06525	0.34421	0.11643	0.05826	0.09444	0.01194	0.05178	0.00945	0.00649	0.03264	0.00178	0.03667	0.00530	0.00340	0.03388

[dist]
# distance from previous block
# <min> <max>
3	11

[block]
# block no. 11 follows, 52 sequences, length 8
# corresponding to MSA columns:
# 373-380
name=unknown_L
#
# <colnr> <probs for GDERKNQSTAVLIFYWHMCP>
#	G	D	E	R	K	N	Q	S	T	A	V	L	I	F	Y	W	H	M	C	P
0	0.01538	0.05073	0.01086	0.00854	0.01134	0.04280	0.00687	0.03972	0.17424	0.35019	0.07734	0.02206	0.04701	0.06545	0.00639	0.00177	0.00421	0.05329	0.00497	0.00686
1	0.01055	0.01943	0.52928	0.01261	0.01811	0.01049	0.06727	0.07649	0.01099	0.04494	0.01034	0.01362	0.00819	0.09923	0.04578	0.00219	0.00697	0.00431	0.00257	0.00663
2	0.00667	0.00495	0.00622	0.00590	0.00713	0.00449	0.00443	0.00879	0.01328	0.01840	0.67497	0.03790	0.16831	0.01029	0.00572	0.00154	0.00231	0.00900	0.00520	0.00449
3	0.00786	0.00766	0.08956	0.00818	0.00961	0.00671	0.02415	0.00919	0.00911	0.01283	0.10092	0.09782	0.11413	0.01625	0.17063	0.16129	0.09901	0.00654	0.04423	0.00434
4	0.00638	0.00481	0.00590	0.00590	0.00702	0.00433	0.00432	0.00812	0.01219	0.01644	0.45571	0.18497	0.24317	0.01151	0.00581	0.00164	0.00243	0.01008	0.00496	0.00433
5	0.00765	0.00613	0.00889	0.00867	0.00944	0.00737	0.00696	0.00936	0.00849	0.01218	0.05517	0.02324	0.01502	0.02730	0.53014	0.00578	0.14530	0.10548	0.00291	0.00452
6	0.01098	0.00870	0.00978	0.00869	0.01123	0.00904	0.00671	0.08185	0.35191	0.04322	0.01877	0.20061	0.01714	0.00814	0.00502	0.00155	0.00372	0.03439	0.00446	0.16409
7	0.00615	0.00461	0.00573	0.00624	0.00709	0.00419	0.00445	0.00747	0.01077	0.01419	0.20079	0.42520	0.22607	0.01322	0.00599	0.00180	0.00268	0.04455	0.00468	0.00414

[dist]
# distance from previous block
# <min> <max>
3	6

[block]
# block no. 12 follows, 52 sequences, length 42
# corresponding to MSA columns:
# 390-431
name=unknown_M
#
# <colnr> <probs for GDERKNQSTAVLIFYWHMCP>
#	G	D	E	R	K	N	Q	S	T	A	V	L	I	F	Y	W	H	M	C	P
0	0.06901	0.00664	0.00738	0.00616	0.00863	0.00567	0.00466	0.01024	0.01040	0.04306	0.12818	0.02633	0.22156	0.12184	0.00738	0.00171	0.00330	0.00624	0.00376	0.30785
1	0.01140	0.01018	0.01556	0.20265	0.33389	0.03128	0.03507	0.07594	0.01200	0.04189	0.09650	0.01658	0.05154	0.00580	0.00542	0.00153	0.03804	0.00512	0.00308	0.00652
2	0.01114	0.01048	0.01748	0.12471	0.59613	0.01086	0.01350	0.01438	0.04056	0.01539	0.03543	0.01360	0.00933	0.00677	0.05801	0.00189	0.00613	0.00456	0.00257	0.00707
3	0.01517	0.01151	0.01343	0.02574	0.01436	0.01264	0.06297	0.42511	0.20691	0.03991	0.01405	0.01418	0.01030	0.00584	0.00476	0.00148	0.00481	0.00476	0.10460	0.00749
4	0.01102	0.01134	0.01525	0.01297	0.01326	0.05625	0.03644	0.01219	0.00789	0.01180	0.00654	0.01059	0.00639	0.00815	0.01496	0.00206	0.75116	0.00423	0.00215	0.00536
5	0.00647	0.00497	0.00594	0.00579	0.00713	0.00444	0.00441	0.00834	0.01252	0.01665	0.45772	0.04138	0.34041	0.01104	0.00578	0.00161	0.00248	0.05358	0.00496	0.00438
6	0.00590	0.00422	0.00562	0.00675	0.00703	0.00394	0.00450	0.00675	0.00928	0.01237	0.02671	0.82653	0.03205	0.01518	0.00619	0.00197	0.00281	0.01378	0.00450	0.00394
7	0.01101	0.01083	0.01759	0.36691	0.40404	0.04550	0.04672	0.01402	0.01059	0.01417	0.00886	0.01230	0.00708	0.00456	0.00484	0.00151	0.00629	0.00432	0.00230	0.00656
8	0.00693	0.00534	0.00646	0.00709	0.00793	0.00534	0.00496	0.01001	0.14267	0.01379	0.02778	0.61007	0.10629	0.01342	0.00593	0.00188	0.00295	0.01200	0.00457	0.00459
9	0.44707	0.22161	0.01349	0.00868	0.03757	0.05238	0.00714	0.04815	0.05361	0.01818	0.00778	0.00891	0.00635	0.00481	0.00402	0.00141	0.04712	0.00302	0.00286	0.00586
10	0.00850	0.00757	0.01265	0.04548	0.01339	0.00787	0.17688	0.01108	0.04699	0.02380	0.10523	0.31857	0.02259	0.01074	0.02165	0.00195	0.09143	0.06478	0.00379	0.00506
11	0.04603	0.01227	0.01210	0.01993	0.01313	0.13383	0.02260	0.35450	0.04262	0.06521	0.16485	0.03057	0.02768	0.00686	0.00498	0.00148	0.00506	0.02511	0.00448	0.00671
12	0.86392	0.00937	0.00712	0.00637	0.00937	0.01087	0.00525	0.01425	0.00825	0.02174	0.00675	0.00787	0.00525	0.00450	0.00300	0.00150	0.00375	0.00262	0.00300	0.00525
13	0.00940	0.00876	0.01471	0.72768	0.09925	0.01066	0.01331	0.01257	0.00982	0.01283	0.00885	0.01298	0.00673	0.00482	0.00480	0.00159	0.00629	0.00431	0.02509	0.00556
14	0.00698	0.00467	0.00530	0.00537	0.00538	0.00466	0.00302	0.00703	0.00717	0.00956	0.01591	0.07642	0.01843	0.78388	0.02363	0.00454	0.00459	0.00743	0.00302	0.00299
15	0.02085	0.00802	0.01093	0.00852	0.01207	0.00694	0.00697	0.02267	0.01361	0.75836	0.01955	0.06206	0.01312	0.00651	0.00495	0.00153	0.00405	0.00537	0.00591	0.00800
16	0.00618	0.00488	0.00560	0.00573	0.00703	0.00430	0.00430	0.00770	0.01151	0.01470	0.23392	0.14347	0.45600	0.01212	0.00585	0.00169	0.00260	0.06349	0.00471	0.00422
17	0.01815	0.02157	0.01386	0.01227	0.01499	0.68255	0.00934	0.14202	0.01519	0.01486	0.00816	0.00920	0.00656	0.00513	0.00445	0.00128	0.00819	0.00332	0.00287	0.00604
18	0.00718	0.00558	0.00662	0.00632	0.00773	0.00535	0.00474	0.01055	0.10831	0.01769	0.48698	0.07763	0.21642	0.01032	0.00565	0.00159	0.00254	0.00896	0.00505	0.00481
19	0.00669	0.00493	0.00626	0.00597	0.00715	0.00449	0.00446	0.00881	0.01326	0.01845	0.68240	0.05870	0.13971	0.01035	0.00573	0.00155	0.00232	0.00908	0.00521	0.00449
20	0.01296	0.83261	0.02539	0.00829	0.01244	0.01917	0.00829	0.01451	0.00985	0.01140	0.00674	0.00777	0.00622	0.00415	0.00311	0.00104	0.00518	0.00259	0.00207	0.00622
21	0.01632	0.30418	0.01778	0.01103	0.01410	0.53556	0.00899	0.01767	0.01238	0.01170	0.00723	0.00840	0.00623	0.00470	0.00393	0.00117	0.00750	0.00294	0.00235	0.00583
22	0.00595	0.00429	0.00563	0.00662	0.00702	0.00398	0.00446	0.00688	0.00959	0.01277	0.06788	0.74754	0.06992	0.01477	0.00614	0.00193	0.00277	0.01334	0.00454	0.00398
23	0.00590	0.00489	0.00517	0.00515	0.00667	0.00416	0.00384	0.00727	0.01137	0.01399	0.15757	0.07494	0.65831	0.01204	0.00574	0.00163	0.00244	0.01015	0.00462	0.00416
24	0.00735	0.00505	0.00605	0.00589	0.00721	0.00449	0.00433	0.00890	0.01179	0.06959	0.32214	0.14870	0.31440	0.05400	0.00672	0.00179	0.00267	0.00964	0.00483	0.00448
25	0.00675	0.00495	0.00633	0.00599	0.00718	0.00453	0.00449	0.00894	0.01347	0.01885	0.72834	0.03716	0.11465	0.01012	0.00572	0.00153	0.00230	0.00890	0.00526	0.00453
26	0.01060	0.01060	0.01484	0.01272	0.01272	0.01484	0.01060	0.01166	0.00742	0.01166	0.00636	0.01060	0.00636	0.00848	0.01590	0.00212	0.82082	0.00424	0.00212	0.00530
27	0.01125	0.01175	0.01399	0.01220	0.01262	0.12089	0.00999	0.01240	0.00831	0.01165	0.00717	0.01119	0.00692	0.01078	0.09314	0.00257	0.63156	0.00418	0.00222	0.00525
28	0.01144	0.01307	0.02859	0.02042	0.02533	0.01225	0.78186	0.01552	0.01144	0.01552	0.00980	0.01307	0.00735	0.00408	0.00572	0.00163	0.00817	0.00572	0.00245	0.00654
29	0.01781	0.00890	0.01186	0.00937	0.01258	0.00861	0.04047	0.12446	0.03808	0.48876	0.03852	0.05987	0.05795	0.00698	0.00567	0.00157	0.05018	0.00569	0.00526	0.00743
