[name]
unknown

[dist]
# distance from previous block
# <min> <max>
7	1032

[block]
# block no. 0 follows, 62 sequences, length 14
# corresponding to MSA columns:
# 1060-1073
name=unknown_A
#
# <colnr> <probs for GDERKNQSTAVLIFYWHMCP>
#	G	D	E	R	K	N	Q	S	T	A	V	L	I	F	Y	W	H	M	C	P
0	0.00921	0.00872	0.02818	0.02319	0.01151	0.06604	0.12156	0.10867	0.00930	0.01254	0.01052	0.03881	0.02350	0.12789	0.22906	0.00328	0.15615	0.00473	0.00253	0.00462
1	0.88052	0.00823	0.00625	0.00560	0.00823	0.00955	0.00461	0.01251	0.00724	0.01909	0.00592	0.00691	0.00461	0.00395	0.00263	0.00132	0.00329	0.00230	0.00263	0.00461
2	0.00516	0.00440	0.00469	0.03794	0.00672	0.00382	0.00362	0.00629	0.00956	0.01143	0.04051	0.08796	0.74201	0.01067	0.00502	0.00145	0.00232	0.00896	0.00387	0.00363
3	0.01075	0.04291	0.52088	0.01330	0.12200	0.00955	0.05091	0.01464	0.00966	0.15184	0.00923	0.01017	0.00649	0.00418	0.00411	0.00132	0.00566	0.00348	0.00244	0.00646
4	0.00804	0.00756	0.01276	0.84023	0.02931	0.00945	0.01182	0.01087	0.00851	0.01087	0.00756	0.01134	0.00567	0.00425	0.00425	0.00142	0.00567	0.00378	0.00189	0.00473
5	0.00532	0.00384	0.00505	0.00577	0.00619	0.00356	0.00394	0.00629	0.00887	0.01195	0.16185	0.67902	0.05766	0.01244	0.00535	0.00165	0.00238	0.01123	0.00408	0.00356
6	0.00853	0.02201	0.82841	0.01213	0.01842	0.00988	0.01572	0.01348	0.00898	0.01348	0.00764	0.00898	0.00539	0.00404	0.00404	0.00135	0.00629	0.00314	0.00180	0.00629
7	0.00529	0.00433	0.00469	0.00469	0.00600	0.00372	0.00355	0.00657	0.01009	0.01255	0.18464	0.06029	0.62427	0.01050	0.00507	0.00145	0.00221	0.04231	0.00408	0.00368
8	0.05479	0.00499	0.00639	0.00615	0.00698	0.00553	0.00457	0.03383	0.00746	0.03722	0.01164	0.01795	0.01104	0.20551	0.41668	0.04156	0.02628	0.00465	0.09303	0.00375
9	0.01049	0.59415	0.27342	0.00879	0.01326	0.01467	0.00991	0.01297	0.00875	0.01109	0.00645	0.00750	0.00544	0.00377	0.00314	0.00105	0.00509	0.00255	0.00181	0.00572
10	0.06936	0.07700	0.01250	0.00983	0.02818	0.30369	0.00773	0.33363	0.04712	0.03694	0.00882	0.00933	0.00671	0.00467	0.00386	0.00119	0.00551	0.00328	0.02463	0.00601
11	0.00946	0.01108	0.17229	0.02905	0.20581	0.00851	0.16438	0.03510	0.01018	0.06106	0.10369	0.04851	0.06534	0.00549	0.00467	0.00136	0.01624	0.01796	0.00282	0.02699
12	0.04099	0.36127	0.31864	0.00980	0.01432	0.03898	0.05808	0.01363	0.05129	0.01240	0.00740	0.00849	0.00589	0.00391	0.00349	0.00114	0.00529	0.00292	0.00203	0.04003
13	0.01114	0.42833	0.22647	0.05903	0.03401	0.01348	0.00987	0.08688	0.03850	0.04497	0.00773	0.00867	0.00612	0.00406	0.00345	0.00113	0.00501	0.00294	0.00227	0.00594

[dist]
# distance from previous block
# <min> <max>
2	8

[block]
# block no. 1 follows, 62 sequences, length 16
# corresponding to MSA columns:
# 1082-1097
name=unknown_B
#
# <colnr> <probs for GDERKNQSTAVLIFYWHMCP>
#	G	D	E	R	K	N	Q	S	T	A	V	L	I	F	Y	W	H	M	C	P
0	0.01053	0.02231	0.00982	0.00755	0.01049	0.00726	0.03777	0.11229	0.07197	0.10637	0.07956	0.05007	0.02341	0.00620	0.03383	0.00128	0.01649	0.02586	0.00344	0.36349
1	0.00946	0.00880	0.01433	0.36467	0.38826	0.00952	0.01159	0.04568	0.00959	0.01310	0.00907	0.01180	0.03375	0.00424	0.00421	0.00130	0.00510	0.00390	0.00219	0.04942
2	0.00512	0.00429	0.00445	0.00447	0.00582	0.00362	0.00333	0.00626	0.00983	0.01193	0.10648	0.07491	0.72352	0.01071	0.00505	0.00144	0.00216	0.00901	0.00401	0.00362
3	0.00532	0.00424	0.00466	0.00469	0.00582	0.00370	0.00340	0.00646	0.00973	0.01225	0.18716	0.11808	0.53489	0.07292	0.00630	0.00165	0.00230	0.00884	0.00399	0.00358
4	0.04289	0.00876	0.00925	0.00821	0.01066	0.00986	0.00640	0.02063	0.68579	0.01751	0.05395	0.01574	0.01344	0.00564	0.00421	0.00137	0.00328	0.00468	0.00414	0.07360
5	0.00518	0.00370	0.00494	0.00592	0.00617	0.00346	0.00395	0.00592	0.00815	0.01086	0.02345	0.84768	0.02814	0.01333	0.00543	0.00173	0.00247	0.01210	0.00395	0.00346
6	0.05016	0.10722	0.64354	0.01187	0.05090	0.03908	0.01395	0.01346	0.00900	0.01329	0.00736	0.00868	0.00542	0.00400	0.00384	0.00129	0.00596	0.00303	0.00187	0.00610
7	0.01559	0.12809	0.01294	0.00970	0.01234	0.50062	0.00767	0.05110	0.05373	0.15579	0.00901	0.00930	0.00684	0.00454	0.00381	0.00114	0.00619	0.00310	0.00289	0.00560
8	0.00784	0.00398	0.00405	0.00403	0.00502	0.00397	0.00302	0.00983	0.00907	0.01592	0.05131	0.01660	0.01226	0.00513	0.00307	0.00101	0.00198	0.00414	0.83380	0.00397
9	0.00546	0.00433	0.00491	0.00477	0.00601	0.00378	0.00358	0.00695	0.01073	0.01393	0.38409	0.03694	0.47968	0.00987	0.00502	0.00139	0.00209	0.00842	0.00427	0.00378
10	0.01053	0.01011	0.01727	0.02612	0.82392	0.01011	0.01306	0.01306	0.00969	0.01390	0.00800	0.01053	0.00674	0.00379	0.00421	0.00126	0.00505	0.00379	0.00211	0.00674
11	0.00515	0.00429	0.00450	0.00450	0.00584	0.00364	0.00335	0.00632	0.00991	0.01212	0.13331	0.07386	0.69731	0.01064	0.00504	0.00144	0.00215	0.00896	0.00404	0.00364
12	0.04079	0.00995	0.01022	0.00873	0.01128	0.07286	0.00694	0.16411	0.39986	0.13222	0.04520	0.01469	0.01175	0.00569	0.00458	0.00138	0.03085	0.01826	0.00416	0.00647
13	0.01032	0.00962	0.03668	0.03076	0.07203	0.00923	0.19839	0.11122	0.01032	0.04076	0.00910	0.05731	0.00772	0.00482	0.00548	0.00124	0.11788	0.00417	0.00267	0.26027
14	0.01182	0.16549	0.25170	0.01314	0.17141	0.01220	0.01107	0.25477	0.03958	0.01712	0.00851	0.00950	0.00648	0.00430	0.00391	0.00123	0.00515	0.00338	0.00269	0.00653
15	0.01411	0.01053	0.01065	0.00850	0.01155	0.14859	0.02581	0.16312	0.09430	0.22345	0.03634	0.01196	0.00923	0.00475	0.00398	0.00113	0.00438	0.00373	0.02178	0.19214

[dist]
# distance from previous block
# <min> <max>
0	5

[block]
# block no. 2 follows, 62 sequences, length 11
# corresponding to MSA columns:
# 1104-1108,1157-1162
name=unknown_C
#
# <colnr> <probs for GDERKNQSTAVLIFYWHMCP>
#	G	D	E	R	K	N	Q	S	T	A	V	L	I	F	Y	W	H	M	C	P
0	0.01169	0.08781	0.04599	0.00779	0.01134	0.03554	0.02844	0.12042	0.03524	0.13244	0.01043	0.02907	0.02338	0.00431	0.00366	0.00097	0.00392	0.00344	0.00315	0.40099
1	0.01139	0.01246	0.01122	0.07354	0.07501	0.31913	0.00813	0.01407	0.11520	0.01154	0.00967	0.03878	0.00878	0.07257	0.03855	0.00180	0.14571	0.02496	0.00252	0.00495
2	0.00798	0.00610	0.00748	0.02924	0.00877	0.02879	0.02918	0.02565	0.15212	0.06099	0.31736	0.19635	0.06466	0.02368	0.02065	0.00159	0.00311	0.00750	0.00416	0.00466
3	0.00563	0.00421	0.00448	0.00448	0.00517	0.00387	0.00289	0.00615	0.00788	0.00982	0.02774	0.03417	0.40476	0.44527	0.01363	0.00283	0.00317	0.00754	0.00324	0.00307
4	0.04765	0.00934	0.02451	0.00885	0.02090	0.07160	0.02424	0.08223	0.25192	0.10500	0.04531	0.03813	0.06644	0.00640	0.00571	0.00144	0.12498	0.02647	0.03318	0.00570
5	0.00539	0.00428	0.00485	0.00481	0.00600	0.00373	0.00357	0.00677	0.01040	0.01340	0.31538	0.10239	0.48347	0.01025	0.00506	0.00143	0.00213	0.00878	0.00421	0.00373
6	0.00617	0.00461	0.00567	0.00559	0.00657	0.00442	0.00408	0.00853	0.07939	0.01476	0.46269	0.18040	0.13028	0.04155	0.00592	0.02048	0.00234	0.00827	0.00429	0.00399
7	0.01079	0.00943	0.01120	0.01203	0.16602	0.01059	0.00799	0.05067	0.63234	0.01740	0.01527	0.01464	0.01158	0.00537	0.00430	0.00140	0.00374	0.00458	0.00390	0.00675
8	0.01045	0.00991	0.01644	0.09619	0.67221	0.01035	0.01252	0.04335	0.00978	0.01390	0.00790	0.01051	0.00659	0.00411	0.00482	0.00132	0.05723	0.00379	0.00215	0.00645
9	0.01296	0.01081	0.01120	0.00933	0.01202	0.10074	0.04113	0.26755	0.33098	0.06378	0.06678	0.02999	0.01203	0.00563	0.00435	0.00134	0.00432	0.00459	0.00405	0.00644
10	0.31614	0.02766	0.06930	0.00773	0.01040	0.12338	0.02110	0.03645	0.00969	0.17005	0.04716	0.03192	0.03032	0.02864	0.00456	0.00139	0.03972	0.00374	0.01541	0.00525

[dist]
# distance from previous block
# <min> <max>
0	2

[block]
# block no. 3 follows, 62 sequences, length 28
# corresponding to MSA columns:
# 1165-1192
name=unknown_D
#
# <colnr> <probs for GDERKNQSTAVLIFYWHMCP>
#	G	D	E	R	K	N	Q	S	T	A	V	L	I	F	Y	W	H	M	C	P
0	0.00897	0.02996	0.00948	0.00790	0.01004	0.04090	0.07132	0.04525	0.28700	0.03123	0.15774	0.04782	0.17987	0.00727	0.00462	0.00139	0.00345	0.02663	0.00394	0.02521
1	0.00781	0.00744	0.01209	0.01021	0.01141	0.00862	0.16427	0.00943	0.00804	0.01131	0.03111	0.12961	0.07837	0.01203	0.14418	0.00254	0.29623	0.04826	0.00261	0.00442
2	0.00949	0.06465	0.13891	0.01067	0.01319	0.02762	0.12439	0.03667	0.12017	0.02847	0.04571	0.01255	0.00915	0.00952	0.13340	0.00230	0.20105	0.00418	0.00256	0.00537
3	0.00593	0.00408	0.00482	0.00498	0.00519	0.00399	0.00305	0.00631	0.00720	0.00963	0.08021	0.18691	0.05652	0.56574	0.03481	0.00338	0.00371	0.00754	0.00306	0.00293
4	0.27053	0.01116	0.08121	0.00861	0.01160	0.11214	0.05689	0.12106	0.01088	0.16486	0.00947	0.01007	0.00685	0.00459	0.00402	0.00129	0.03581	0.00335	0.06997	0.00565
5	0.04296	0.00736	0.00834	0.00706	0.00946	0.00763	0.00562	0.08162	0.25501	0.27520	0.01528	0.01467	0.01091	0.00528	0.00389	0.00127	0.00318	0.00425	0.23490	0.00613
6	0.00893	0.00783	0.00988	0.00842	0.01027	0.06024	0.10576	0.11700	0.05674	0.01416	0.02731	0.18854	0.11588	0.03176	0.07184	0.00191	0.04740	0.00642	0.05686	0.05286
7	0.04973	0.04125	0.01209	0.00967	0.01247	0.22024	0.00775	0.38714	0.15784	0.01970	0.01010	0.01030	0.00760	0.00502	0.00434	0.00127	0.03002	0.00361	0.00353	0.00632
8	0.00891	0.15903	0.57883	0.01095	0.01605	0.01085	0.03032	0.01276	0.00875	0.01257	0.02132	0.00974	0.00641	0.02441	0.02938	0.00153	0.04717	0.00326	0.00189	0.00586
9	0.02549	0.06544	0.20250	0.01048	0.04356	0.01697	0.08489	0.09508	0.08638	0.15852	0.02337	0.03825	0.02957	0.00521	0.00448	0.00132	0.02782	0.02445	0.00321	0.05299
10	0.01042	0.27782	0.42684	0.00991	0.01470	0.01190	0.01147	0.08446	0.01001	0.04373	0.00836	0.01023	0.00659	0.00436	0.00371	0.00122	0.00533	0.03255	0.02037	0.00601
11	0.00854	0.00628	0.00799	0.00854	0.05456	0.00651	0.00636	0.09402	0.13027	0.04504	0.05153	0.26062	0.02112	0.00981	0.00517	0.00166	0.00348	0.26966	0.00400	0.00484
12	0.01089	0.01877	0.01214	0.03783	0.21634	0.08643	0.05405	0.09147	0.12975	0.06601	0.01318	0.14721	0.01198	0.00678	0.01865	0.01033	0.00462	0.03170	0.02615	0.00572
13	0.02383	0.17600	0.28263	0.01132	0.05038	0.06753	0.09336	0.05256	0.02031	0.01293	0.00919	0.10202	0.00830	0.00528	0.00475	0.00133	0.06615	0.00425	0.00229	0.00559
14	0.00739	0.00370	0.00554	0.00554	0.00554	0.00370	0.00370	0.00554	0.00554	0.00739	0.00739	0.01293	0.00739	0.01478	0.01663	0.87620	0.00370	0.00370	0.00185	0.00185
15	0.00609	0.00481	0.00581	0.00622	0.03703	0.00454	0.00438	0.00819	0.06784	0.01322	0.22612	0.17074	0.30967	0.05522	0.00596	0.00164	0.00259	0.06192	0.00401	0.00399
16	0.04323	0.02891	0.09450	0.01039	0.06397	0.12682	0.00840	0.25805	0.20263	0.01853	0.07052	0.01254	0.01044	0.00520	0.00428	0.00130	0.01642	0.00404	0.01363	0.00623
17	0.01787	0.00739	0.00982	0.00769	0.01081	0.00664	0.00636	0.07845	0.01263	0.70233	0.03779	0.01642	0.01182	0.00569	0.00438	0.00135	0.00367	0.04680	0.00510	0.00698
18	0.00564	0.00391	0.00481	0.00538	0.00566	0.00373	0.00348	0.00622	0.00765	0.01025	0.02093	0.48458	0.06955	0.28929	0.01069	0.00248	0.00301	0.02610	0.03343	0.00320
19	0.01001	0.01130	0.02435	0.04104	0.06548	0.01069	0.74380	0.01352	0.00998	0.01357	0.00855	0.01142	0.00645	0.00362	0.00496	0.00143	0.00702	0.00492	0.00214	0.00576
20	0.01282	0.03825	0.01176	0.01001	0.06494	0.02676	0.05671	0.30569	0.09111	0.13062	0.01483	0.12608	0.04413	0.00646	0.00446	0.00137	0.00419	0.02685	0.01681	0.00616
21	0.00612	0.00447	0.00576	0.00541	0.00646	0.00418	0.00407	0.00836	0.03285	0.01695	0.78292	0.03158	0.05741	0.00867	0.00500	0.00134	0.00205	0.00765	0.00466	0.00408
22	0.01833	0.00708	0.00960	0.00741	0.01059	0.00612	0.00610	0.01997	0.01209	0.78184	0.03550	0.01575	0.03815	0.00553	0.00432	0.00132	0.00354	0.00451	0.00521	0.00705
23	0.00619	0.00413	0.00464	0.00464	0.00464	0.00413	0.00258	0.00619	0.00619	0.00825	0.01341	0.02785	0.01547	0.85046	0.02166	0.00413	0.00413	0.00619	0.00258	0.00258
24	0.01011	0.00955	0.04179	0.22628	0.36851	0.02887	0.01078	0.05511	0.00988	0.03219	0.00835	0.01068	0.00662	0.00400	0.00402	0.00121	0.00488	0.00359	0.03876	0.12485
25	0.08030	0.60277	0.11689	0.00792	0.01165	0.06319	0.00806	0.02792	0.00899	0.01161	0.00642	0.00740	0.00554	0.00381	0.00298	0.00101	0.00479	0.00248	0.02080	0.00546
26	0.08397	0.23635	0.07969	0.08568	0.17688	0.07816	0.00938	0.11207	0.06096	0.01451	0.00818	0.02170	0.00669	0.00430	0.00368	0.00120	0.00495	0.00332	0.00247	0.00587
27	0.02458	0.09934	0.05409	0.00765	0.00990	0.07722	0.03599	0.09486	0.04970	0.07957	0.13439	0.06820	0.03764	0.09734	0.01724	0.00164	0.01611	0.00510	0.05620	0.03326

[dist]
# distance from previous block
# <min> <max>
2	14

[block]
# block no. 4 follows, 62 sequences, length 12
# corresponding to MSA columns:
# 1209-1220
name=unknown_E
#
# <colnr> <probs for GDERKNQSTAVLIFYWHMCP>
#	G	D	E	R	K	N	Q	S	T	A	V	L	I	F	Y	W	H	M	C	P
0	0.09033	0.04105	0.01061	0.00845	0.01118	0.02460	0.02893	0.21210	0.34229	0.08415	0.04120	0.01501	0.06025	0.00564	0.00417	0.00135	0.00381	0.00453	0.00403	0.00632
1	0.00546	0.00424	0.00440	0.00442	0.00568	0.00367	0.00326	0.00664	0.00955	0.01216	0.08523	0.07402	0.61915	0.04162	0.00545	0.00150	0.00222	0.00839	0.09934	0.00361
2	0.00856	0.11940	0.62795	0.01069	0.01600	0.00998	0.01323	0.01270	0.00933	0.01351	0.11017	0.01160	0.00979	0.00458	0.00401	0.00129	0.00554	0.00361	0.00216	0.00590
3	0.00865	0.02123	0.76902	0.01256	0.01870	0.00995	0.07433	0.01349	0.00906	0.01349	0.00771	0.00917	0.00547	0.00401	0.00411	0.00135	0.00635	0.00328	0.00182	0.00625
4	0.01179	0.60815	0.01907	0.00814	0.01116	0.16450	0.00746	0.01309	0.00905	0.01009	0.00632	0.00766	0.00576	0.00554	0.04913	0.00132	0.05207	0.00257	0.00192	0.00523
5	0.01591	0.01986	0.01209	0.01090	0.01316	0.79184	0.00821	0.05714	0.01246	0.01124	0.00676	0.00780	0.00557	0.00442	0.00386	0.00111	0.00752	0.00280	0.00230	0.00505
6	0.01073	0.66326	0.20637	0.00839	0.01263	0.01525	0.00921	0.01291	0.00872	0.01080	0.00631	0.00732	0.00544	0.00373	0.00303	0.00101	0.00495	0.00247	0.00181	0.00565
7	0.00518	0.00370	0.00494	0.00592	0.00617	0.00346	0.00395	0.00592	0.00815	0.01086	0.02345	0.84768	0.02814	0.01333	0.00543	0.00173	0.00247	0.01210	0.00395	0.00346
8	0.00608	0.00456	0.00684	0.00684	0.00760	0.00532	0.00532	0.00760	0.00684	0.00988	0.01140	0.01672	0.01064	0.03191	0.83360	0.00684	0.01140	0.00456	0.00228	0.00380
9	0.00863	0.05163	0.00552	0.00451	0.00579	0.00524	0.00353	0.05883	0.00958	0.01621	0.01321	0.01502	0.01038	0.00489	0.00304	0.00100	0.00229	0.00386	0.77258	0.00425
10	0.01416	0.01072	0.01151	0.00922	0.01232	0.01186	0.00748	0.50164	0.27624	0.04592	0.01259	0.01211	0.00915	0.00525	0.00424	0.00131	0.00417	0.00411	0.00424	0.04178
11	0.01495	0.01065	0.01160	0.00905	0.01215	0.01159	0.00742	0.64513	0.03920	0.07394	0.07230	0.01362	0.04726	0.00566	0.00435	0.00130	0.00427	0.00440	0.00434	0.00682

[dist]
# distance from previous block
# <min> <max>
1	2

[block]
# block no. 5 follows, 62 sequences, length 12
# corresponding to MSA columns:
# 1224-1235
name=unknown_F
#
# <colnr> <probs for GDERKNQSTAVLIFYWHMCP>
#	G	D	E	R	K	N	Q	S	T	A	V	L	I	F	Y	W	H	M	C	P
0	0.00994	0.20337	0.48212	0.01054	0.01536	0.01126	0.03102	0.02949	0.00932	0.06172	0.03987	0.00984	0.00716	0.00443	0.00445	0.00128	0.05738	0.00329	0.00219	0.00598
1	0.79713	0.00843	0.00688	0.03440	0.00926	0.00977	0.00507	0.06185	0.00808	0.01929	0.00625	0.00727	0.00481	0.00403	0.00279	0.00132	0.00346	0.00245	0.00271	0.00478
2	0.00617	0.00482	0.00626	0.00680	0.06524	0.00449	0.00458	0.00816	0.03347	0.01500	0.48867	0.12676	0.19513	0.00923	0.00499	0.00140	0.00235	0.00811	0.00425	0.00414
3	0.00618	0.00417	0.00488	0.00488	0.00496	0.00426	0.00288	0.00634	0.00626	0.00843	0.01319	0.02663	0.01494	0.76122	0.11018	0.00442	0.00492	0.00601	0.00255	0.00271
4	0.01206	0.01067	0.04261	0.04789	0.01213	0.09559	0.00742	0.31284	0.15119	0.02936	0.04543	0.01638	0.06532	0.05765	0.02739	0.00166	0.02389	0.03103	0.00364	0.00584
5	0.00606	0.00432	0.00542	0.00515	0.00619	0.00397	0.00386	0.00797	0.01158	0.01641	0.68460	0.03157	0.11727	0.00864	0.00487	0.00132	0.00202	0.00756	0.06724	0.00397
6	0.01091	0.01046	0.01410	0.13778	0.41156	0.09106	0.01068	0.06432	0.14398	0.01452	0.02680	0.01173	0.00825	0.00463	0.00444	0.01705	0.00501	0.00394	0.00264	0.00615
7	0.00549	0.00401	0.00519	0.00582	0.00641	0.00371	0.00416	0.00662	0.00921	0.01227	0.17508	0.52784	0.11851	0.01203	0.00535	0.00164	0.00249	0.08645	0.00408	0.00362
8	0.00743	0.00562	0.00743	0.00662	0.00791	0.00576	0.04421	0.05177	0.01045	0.03959	0.28036	0.08237	0.19752	0.00958	0.04786	0.00168	0.08851	0.00688	0.09416	0.00429
9	0.01121	0.01267	0.22604	0.00962	0.04505	0.04728	0.00900	0.10527	0.05900	0.10245	0.00939	0.01008	0.00699	0.00417	0.00402	0.00109	0.02296	0.00325	0.00289	0.30758
10	0.01387	0.01047	0.01125	0.00919	0.01215	0.01171	0.00740	0.42591	0.36862	0.06223	0.01365	0.01291	0.00992	0.00541	0.00429	0.00135	0.00405	0.00428	0.00434	0.00702
11	0.00992	0.38516	0.32017	0.00882	0.01331	0.01205	0.00994	0.01266	0.00896	0.03654	0.00935	0.01017	0.05627	0.00424	0.00345	0.00109	0.00489	0.00310	0.00211	0.08782

[dist]
# distance from previous block
# <min> <max>
0	1

[block]
# block no. 6 follows, 62 sequences, length 9
# corresponding to MSA columns:
# 1237-1245
name=unknown_G
#
# <colnr> <probs for GDERKNQSTAVLIFYWHMCP>
#	G	D	E	R	K	N	Q	S	T	A	V	L	I	F	Y	W	H	M	C	P
0	0.01523	0.00662	0.00868	0.00707	0.00973	0.00593	0.00568	0.01749	0.06610	0.57655	0.08378	0.08420	0.08027	0.00666	0.00449	0.00137	0.00326	0.00559	0.00495	0.00635
1	0.01483	0.01144	0.01317	0.01020	0.01351	0.01260	0.06629	0.62537	0.14699	0.02441	0.01124	0.01122	0.00810	0.00510	0.00432	0.00132	0.00465	0.00407	0.00411	0.00705
2	0.00808	0.00812	0.05448	0.04702	0.14042	0.03510	0.05525	0.03528	0.10202	0.01410	0.14246	0.03689	0.26396	0.00737	0.00470	0.00139	0.00374	0.03117	0.00344	0.00501
3	0.00999	0.00949	0.01367	0.51316	0.22416	0.09460	0.01149	0.01251	0.00934	0.04994	0.00800	0.01091	0.00615	0.00420	0.00420	0.00134	0.00563	0.00370	0.00213	0.00537
4	0.00921	0.00658	0.00526	0.00509	0.00627	0.13700	0.00382	0.01105	0.00943	0.01499	0.01271	0.01455	0.01004	0.00487	0.00311	0.00101	0.00290	0.00377	0.73423	0.00412
5	0.42718	0.01103	0.01000	0.03769	0.15819	0.17195	0.00728	0.07153	0.00967	0.01661	0.00710	0.00845	0.00564	0.00414	0.00334	0.00125	0.00460	0.00288	0.03624	0.00523
6	0.00527	0.00380	0.00485	0.00565	0.00598	0.00353	0.00375	0.00597	0.00811	0.01067	0.02436	0.69119	0.10291	0.09404	0.00696	0.00193	0.00260	0.01123	0.00382	0.00338
7	0.03714	0.12042	0.57452	0.01100	0.03411	0.01036	0.01294	0.04271	0.00949	0.05909	0.00915	0.02636	0.02575	0.00444	0.00391	0.00130	0.00557	0.00343	0.00221	0.00611
8	0.01009	0.04077	0.07048	0.00751	0.01105	0.06147	0.00647	0.08305	0.04150	0.03125	0.02187	0.03788	0.00819	0.00423	0.00357	0.00090	0.00386	0.01914	0.00281	0.53391

[dist]
# distance from previous block
# <min> <max>
1	2

[block]
# block no. 7 follows, 62 sequences, length 15
# corresponding to MSA columns:
# 1248-1262
name=unknown_H
#
# <colnr> <probs for GDERKNQSTAVLIFYWHMCP>
#	G	D	E	R	K	N	Q	S	T	A	V	L	I	F	Y	W	H	M	C	P
0	0.01132	0.01189	0.03053	0.09603	0.05062	0.23437	0.06263	0.08645	0.11461	0.01440	0.08108	0.01438	0.02915	0.00530	0.00445	0.00127	0.02447	0.03381	0.01622	0.07704
1	0.00609	0.00453	0.00669	0.00669	0.00740	0.00524	0.00513	0.00750	0.00679	0.00977	0.01153	0.01748	0.01097	0.08786	0.77811	0.00665	0.01090	0.00467	0.00230	0.00372
2	0.00892	0.00749	0.00831	0.02685	0.01009	0.00837	0.00616	0.01719	0.53127	0.01578	0.04612	0.12727	0.07712	0.00774	0.00469	0.00152	0.00322	0.08203	0.00417	0.00568
3	0.00526	0.00376	0.00502	0.00601	0.00629	0.00352	0.00408	0.00605	0.00822	0.01094	0.02341	0.81225	0.02798	0.01326	0.00545	0.00174	0.00253	0.04680	0.00395	0.00348
4	0.00653	0.00629	0.05272	0.00740	0.00873	0.00571	0.06585	0.00827	0.00979	0.01343	0.29438	0.20737	0.14925	0.00938	0.00610	0.00153	0.09778	0.04161	0.00371	0.00415
5	0.00563	0.00409	0.00515	0.00553	0.00629	0.00376	0.00401	0.00694	0.00971	0.01315	0.26427	0.38091	0.16414	0.01107	0.00517	0.00155	0.00236	0.06318	0.03940	0.00370
6	0.04569	0.00941	0.00977	0.00842	0.01102	0.06566	0.00663	0.08080	0.44619	0.21030	0.01574	0.04790	0.01175	0.00574	0.00426	0.00138	0.00378	0.00467	0.00432	0.00656
7	0.03702	0.03524	0.06884	0.00852	0.01197	0.00887	0.03235	0.18809	0.10041	0.27028	0.02508	0.01289	0.00936	0.00491	0.00406	0.00122	0.00405	0.02178	0.00393	0.15115
8	0.01109	0.00901	0.02814	0.00830	0.01067	0.04096	0.00670	0.09653	0.45068	0.08611	0.11699	0.01934	0.03008	0.00643	0.00450	0.00142	0.00360	0.05901	0.00427	0.00616
9	0.03036	0.15939	0.38998	0.00962	0.01428	0.01004	0.01078	0.03382	0.02975	0.24120	0.02499	0.01072	0.00769	0.00447	0.00388	0.00126	0.00499	0.00343	0.00296	0.00637
10	0.00538	0.00417	0.00495	0.00548	0.00639	0.00375	0.00408	0.00646	0.00913	0.01145	0.03242	0.34739	0.39588	0.01190	0.00531	0.00163	0.00255	0.13415	0.00395	0.00359
11	0.01007	0.02747	0.12719	0.03384	0.17300	0.01079	0.46232	0.03739	0.00992	0.01378	0.00820	0.01075	0.00632	0.00393	0.00508	0.00140	0.04606	0.00437	0.00214	0.00597
12	0.00518	0.00370	0.00494	0.00592	0.00617	0.00346	0.00395	0.00592	0.00815	0.01086	0.02345	0.84768	0.02814	0.01333	0.00543	0.00173	0.00247	0.01210	0.00395	0.00346
13	0.00830	0.00743	0.01213	0.31657	0.27436	0.00809	0.01036	0.01067	0.00919	0.01228	0.01304	0.07103	0.03189	0.00657	0.00471	0.00151	0.00479	0.18939	0.00261	0.00507
14	0.05908	0.34880	0.04748	0.00857	0.01149	0.10450	0.00770	0.19114	0.01125	0.01471	0.00750	0.00871	0.00622	0.00542	0.03101	0.00134	0.08685	0.00300	0.03961	0.00559

[dist]
# distance from previous block
# <min> <max>
3	7

[block]
# block no. 8 follows, 62 sequences, length 41
# corresponding to MSA columns:
# 1270-1310
name=unknown_I
#
# <colnr> <probs for GDERKNQSTAVLIFYWHMCP>
#	G	D	E	R	K	N	Q	S	T	A	V	L	I	F	Y	W	H	M	C	P
0	0.00630	0.00491	0.00601	0.00607	0.00701	0.00491	0.00450	0.02519	0.07219	0.01362	0.24573	0.31042	0.18494	0.01045	0.00555	0.00155	0.04231	0.04022	0.00409	0.00405
1	0.00594	0.00462	0.02317	0.05724	0.00808	0.00426	0.00481	0.00711	0.00862	0.03245	0.07372	0.52676	0.11312	0.02326	0.06919	0.00206	0.00345	0.02468	0.00371	0.00377
2	0.01037	0.00532	0.00689	0.00616	0.00747	0.00516	0.00449	0.02540	0.00868	0.26745	0.01516	0.06342	0.03045	0.32418	0.18220	0.00352	0.00532	0.00553	0.01837	0.00447
3	0.01045	0.00904	0.01034	0.03289	0.10119	0.02457	0.00750	0.04011	0.58705	0.02640	0.02830	0.01737	0.03434	0.00594	0.00441	0.00144	0.00371	0.04460	0.00396	0.00640
4	0.00739	0.00370	0.00554	0.00554	0.00554	0.00370	0.00370	0.00554	0.00554	0.00739	0.00739	0.01293	0.00739	0.01478	0.01663	0.87620	0.00370	0.00370	0.00185	0.00185
5	0.00882	0.00756	0.00882	0.00630	0.01008	0.00567	0.00504	0.01071	0.00882	0.01387	0.00756	0.00882	0.00630	0.00315	0.00315	0.00063	0.00315	0.00252	0.00252	0.87647
6	0.00609	0.00451	0.00661	0.00661	0.00729	0.00519	0.00503	0.00745	0.00677	0.00971	0.01161	0.01789	0.01115	0.11810	0.74811	0.00655	0.01063	0.00473	0.00231	0.00367
7	0.00865	0.00796	0.01340	0.54819	0.09566	0.00931	0.08096	0.03179	0.00903	0.01221	0.00864	0.01268	0.00687	0.00461	0.00469	0.00141	0.04134	0.02924	0.06837	0.00497
8	0.00612	0.00440	0.00606	0.00606	0.00654	0.00489	0.00434	0.00710	0.00661	0.00930	0.01211	0.02068	0.01236	0.32366	0.54420	0.00587	0.00881	0.00514	0.00239	0.00336
9	0.00506	0.00431	0.00435	0.00434	0.00576	0.00360	0.00325	0.00616	0.00976	0.01165	0.06458	0.04070	0.80062	0.01072	0.00503	0.00143	0.00215	0.00894	0.00397	0.00360
10	0.00804	0.00756	0.01276	0.84023	0.02931	0.00945	0.01182	0.01087	0.00851	0.01087	0.00756	0.01134	0.00567	0.00425	0.00425	0.00142	0.00567	0.00378	0.00189	0.00473
11	0.00904	0.00859	0.01458	0.51116	0.35049	0.00972	0.01232	0.01176	0.00899	0.01210	0.00774	0.01102	0.00610	0.00407	0.00424	0.00136	0.00542	0.00379	0.00198	0.00554
12	0.00608	0.00456	0.00684	0.00684	0.00760	0.00532	0.00532	0.00760	0.00684	0.00988	0.01140	0.01672	0.01064	0.03191	0.83360	0.00684	0.01140	0.00456	0.00228	0.00380
13	0.88052	0.00823	0.00625	0.00560	0.00823	0.00955	0.00461	0.01251	0.00724	0.01909	0.00592	0.00691	0.00461	0.00395	0.00263	0.00132	0.00329	0.00230	0.00263	0.00461
14	0.00652	0.00521	0.00790	0.00754	0.00844	0.00604	0.03601	0.00828	0.02158	0.01036	0.01243	0.01814	0.03351	0.02732	0.67462	0.00585	0.06303	0.04084	0.00241	0.00398
15	0.02221	0.00854	0.01399	0.54347	0.21103	0.00998	0.02903	0.04999	0.00926	0.01250	0.00770	0.01094	0.00599	0.00432	0.00468	0.00139	0.04379	0.00379	0.00207	0.00533
16	0.03087	0.35061	0.18199	0.02430	0.01391	0.05294	0.09208	0.06737	0.03363	0.06138	0.00871	0.04871	0.00725	0.00449	0.00368	0.00118	0.00514	0.00355	0.00243	0.00577
17	0.78005	0.02720	0.00727	0.02788	0.02594	0.04879	0.00520	0.01269	0.00758	0.01816	0.00604	0.00714	0.00474	0.00397	0.00277	0.00130	0.00362	0.00239	0.00256	0.00469
18	0.01035	0.01000	0.01612	0.08024	0.68770	0.03497	0.01230	0.01316	0.04016	0.01364	0.00878	0.03750	0.00755	0.00422	0.00425	0.00129	0.00503	0.00406	0.00224	0.00644
19	0.00613	0.00413	0.00463	0.00463	0.00469	0.00410	0.00261	0.00618	0.00635	0.00840	0.01477	0.02844	0.05239	0.81203	0.02090	0.00400	0.00404	0.00632	0.00264	0.00262
20	0.00996	0.00847	0.00894	0.00808	0.01035	0.00955	0.00631	0.05721	0.64073	0.01719	0.02076	0.02010	0.12658	0.00663	0.00447	0.00145	0.00328	0.02945	0.00426	0.00623
21	0.00619	0.00413	0.00464	0.00464	0.00464	0.00413	0.00258	0.00619	0.00619	0.00825	0.01341	0.02785	0.01547	0.85046	0.02166	0.00413	0.00413	0.00619	0.00258	0.00258
22	0.00853	0.02201	0.82841	0.01213	0.01842	0.00988	0.01572	0.01348	0.00898	0.01348	0.00764	0.00898	0.00539	0.00404	0.00404	0.00135	0.00629	0.00314	0.00180	0.00629
23	0.05996	0.00729	0.00970	0.00748	0.01074	0.00641	0.00618	0.02035	0.01194	0.78855	0.01627	0.01412	0.01025	0.00520	0.00420	0.00132	0.00361	0.00419	0.00514	0.00712
24	0.88052	0.00823	0.00625	0.00560	0.00823	0.00955	0.00461	0.01251	0.00724	0.01909	0.00592	0.00691	0.00461	0.00395	0.00263	0.00132	0.00329	0.00230	0.00263	0.00461
25	0.00804	0.00756	0.01276	0.84023	0.02931	0.00945	0.01182	0.01087	0.00851	0.01087	0.00756	0.01134	0.00567	0.00425	0.00425	0.00142	0.00567	0.00378	0.00189	0.00473
26	0.01038	0.00977	0.01638	0.07394	0.71391	0.00993	0.01255	0.03702	0.00994	0.01406	0.00871	0.01229	0.00750	0.00422	0.00429	0.00131	0.00503	0.04002	0.00224	0.00650
27	0.00793	0.00397	0.00397	0.00397	0.00496	0.00397	0.00297	0.00991	0.00892	0.01586	0.01388	0.01586	0.01091	0.00496	0.00297	0.00099	0.00198	0.00397	0.87408	0.00397
28	0.09124	0.21979	0.32225	0.00938	0.02640	0.01117	0.01004	0.07680	0.03984	0.07440	0.02031	0.00956	0.00685	0.00423	0.00359	0.00120	0.00484	0.00313	0.02604	0.03894
29	0.01363	0.01065	0.01134	0.00928	0.01223	0.01201	0.00747	0.45161	0.38226	0.02271	0.01345	0.01279	0.00985	0.00541	0.00429	0.00135	0.00408	0.00428	0.00429	0.00701
30	0.88052	0.00823	0.00625	0.00560	0.00823	0.00955	0.00461	0.01251	0.00724	0.01909	0.00592	0.00691	0.00461	0.00395	0.00263	0.00132	0.00329	0.00230	0.00263	0.00461
31	0.00906	0.05834	0.76165	0.01174	0.01780	0.01005	0.01499	0.01372	0.00909	0.04411	0.00791	0.00910	0.00559	0.00407	0.00399	0.00133	0.00611	0.00315	0.00193	0.00629
32	0.88052	0.00823	0.00625	0.00560	0.00823	0.00955	0.00461	0.01251	0.00724	0.01909	0.00592	0.00691	0.00461	0.00395	0.00263	0.00132	0.00329	0.00230	0.00263	0.00461
33	0.01000	0.00780	0.02308	0.00771	0.03187	0.00793	0.00597	0.19099	0.20676	0.06110	0.16774	0.03643	0.21010	0.00736	0.00461	0.00138	0.00322	0.00614	0.00422	0.00557
34	0.00616	0.00411	0.00465	0.00467	0.00468	0.00411	0.00261	0.00618	0.00624	0.00832	0.01367	0.04909	0.01580	0.82877	0.02124	0.00406	0.00408	0.00634	0.00261	0.00260
35	0.00869	0.02263	0.01159	0.15216	0.06713	0.02254	0.07796	0.02805	0.08851	0.01243	0.01162	0.07436	0.03398	0.04654	0.07781	0.00206	0.17454	0.00489	0.07769	0.00483
36	0.00538	0.00382	0.00493	0.00574	0.00600	0.00360	0.00380	0.00605	0.00794	0.01053	0.02245	0.67841	0.04830	0.14043	0.00790	0.00209	0.00275	0.03280	0.00374	0.00334
37	0.04217	0.20778	0.57646	0.01077	0.01608	0.01142	0.02410	0.01310	0.00879	0.01281	0.00737	0.01997	0.00571	0.00414	0.00393	0.00127	0.02323	0.00308	0.00187	0.00596
38	0.00954	0.00977	0.01228	0.01069	0.01096	0.08438	0.00879	0.01055	0.00704	0.01022	0.00629	0.00996	0.00612	0.00979	0.10073	0.00233	0.68031	0.00373	0.00194	0.00459
39	0.06396	0.01018	0.02812	0.00930	0.04388	0.04150	0.03273	0.30753	0.11611	0.06108	0.04115	0.01162	0.00901	0.00510	0.01534	0.00125	0.00427	0.00377	0.01843	0.17569
40	0.01518	0.01763	0.01290	0.01178	0.05498	0.59572	0.03411	0.14349	0.01289	0.01332	0.00725	0.00842	0.00586	0.00458	0.00442	0.00118	0.04526	0.00309	0.00250	0.00541

[dist]
# distance from previous block
# <min> <max>
0	1

[block]
# block no. 9 follows, 62 sequences, length 20
# corresponding to MSA columns:
# 1312-1331
name=unknown_J
#
# <colnr> <probs for GDERKNQSTAVLIFYWHMCP>
#	G	D	E	R	K	N	Q	S	T	A	V	L	I	F	Y	W	H	M	C	P
0	0.01029	0.04607	0.01982	0.01434	0.01781	0.04111	0.51705	0.10167	0.01095	0.01445	0.01162	0.07973	0.04067	0.00522	0.00499	0.00143	0.01834	0.03629	0.00265	0.00551
1	0.00884	0.09935	0.73157	0.01183	0.01782	0.01056	0.03620	0.01341	0.00898	0.01316	0.00750	0.00885	0.00543	0.00399	0.00395	0.00131	0.00615	0.00311	0.00181	0.00620
2	0.00514	0.00431	0.00447	0.00443	0.00582	0.00364	0.00332	0.00633	0.00997	0.01213	0.13205	0.03990	0.73285	0.01054	0.00503	0.00143	0.00214	0.00883	0.00403	0.00364
3	0.00617	0.00418	0.00494	0.00494	0.00504	0.00429	0.00295	0.00638	0.00628	0.00847	0.01314	0.02635	0.01482	0.74024	0.13099	0.00449	0.00510	0.00597	0.00254	0.00274
4	0.00920	0.00806	0.01351	0.62511	0.19001	0.00940	0.01174	0.01190	0.00897	0.05986	0.00820	0.01136	0.00618	0.00422	0.00425	0.00138	0.00542	0.00381	0.00213	0.00529
5	0.00812	0.00435	0.00456	0.00443	0.00550	0.00444	0.00336	0.04337	0.00931	0.01595	0.02875	0.01598	0.01128	0.00680	0.05749	0.00139	0.00271	0.00407	0.76403	0.00409
6	0.00587	0.00433	0.00544	0.00593	0.00674	0.00407	0.00453	0.00713	0.00926	0.01204	0.12307	0.23426	0.20629	0.10278	0.00719	0.00195	0.00296	0.24869	0.00388	0.00360
7	0.02860	0.00935	0.01062	0.00852	0.01124	0.01010	0.00694	0.47706	0.03841	0.12428	0.09961	0.01410	0.01182	0.00919	0.11809	0.00206	0.00512	0.00441	0.00413	0.00636
8	0.01415	0.00902	0.01038	0.00856	0.01125	0.00950	0.00696	0.40470	0.07531	0.19680	0.01497	0.11962	0.01259	0.00684	0.00456	0.00142	0.00401	0.07854	0.00441	0.00642
9	0.01131	0.01116	0.01611	0.07800	0.62983	0.09982	0.01213	0.06503	0.01054	0.01416	0.00796	0.01025	0.00656	0.00397	0.00418	0.00126	0.00536	0.00368	0.00224	0.00644
10	0.00720	0.00545	0.00791	0.00971	0.09738	0.00542	0.00741	0.00919	0.00978	0.01282	0.02162	0.04369	0.04862	0.01086	0.00567	0.00187	0.00398	0.68349	0.00372	0.00421
11	0.01023	0.01052	0.06417	0.08552	0.62710	0.01010	0.01243	0.01396	0.09729	0.01407	0.00896	0.01108	0.00726	0.00406	0.00422	0.00130	0.00499	0.00386	0.00231	0.00656
12	0.01333	0.01088	0.01231	0.01123	0.10050	0.06604	0.03796	0.43870	0.10527	0.02058	0.01079	0.01201	0.00833	0.03451	0.06551	0.00178	0.00525	0.00404	0.03459	0.00640
13	0.00678	0.00478	0.00662	0.00748	0.00842	0.00474	0.00644	0.00844	0.00951	0.01231	0.02277	0.04530	0.07066	0.01189	0.00652	0.05865	0.00380	0.69731	0.00379	0.00376
14	0.01031	0.00980	0.01654	0.13934	0.69478	0.01009	0.01277	0.03071	0.00976	0.01377	0.00799	0.01064	0.00660	0.00389	0.00422	0.00129	0.00513	0.00379	0.00212	0.00647
15	0.01080	0.01117	0.01876	0.02307	0.57436	0.06957	0.20237	0.01348	0.00994	0.01359	0.00805	0.01055	0.00658	0.00379	0.00438	0.00129	0.00575	0.00401	0.00212	0.00637
16	0.00695	0.00556	0.00775	0.04431	0.11406	0.01698	0.00641	0.02267	0.03341	0.01245	0.05111	0.42049	0.02284	0.01064	0.00524	0.00167	0.00342	0.20612	0.00364	0.00426
17	0.00551	0.00410	0.00519	0.00587	0.00657	0.00379	0.00432	0.00663	0.00905	0.01175	0.07957	0.46486	0.20980	0.01216	0.00539	0.00168	0.00263	0.15354	0.00399	0.00361
18	0.11727	0.02653	0.01162	0.02256	0.10608	0.20596	0.00786	0.25987	0.04516	0.02776	0.04054	0.01072	0.00814	0.00651	0.05788	0.00160	0.01600	0.00358	0.00309	0.02129
19	0.38964	0.01120	0.10684	0.04013	0.06420	0.08597	0.00752	0.08458	0.05273	0.06552	0.00840	0.00965	0.00644	0.02967	0.00399	0.00138	0.00441	0.00313	0.01918	0.00541

[dist]
# distance from previous block
# <min> <max>
8	62

[block]
# block no. 10 follows, 62 sequences, length 14
# corresponding to MSA columns:
# 1396-1409
name=unknown_K
#
# <colnr> <probs for GDERKNQSTAVLIFYWHMCP>
#	G	D	E	R	K	N	Q	S	T	A	V	L	I	F	Y	W	H	M	C	P
0	0.00752	0.00540	0.00713	0.00771	0.00881	0.00549	0.00649	0.08917	0.01055	0.01384	0.02144	0.17914	0.02336	0.01135	0.00564	0.00185	0.00375	0.58322	0.00396	0.00418
1	0.00819	0.01586	0.53346	0.00975	0.01405	0.00811	0.01149	0.03813	0.00897	0.01331	0.01052	0.05301	0.00926	0.11720	0.00643	0.00172	0.00523	0.03972	0.09023	0.00536
2	0.01491	0.00737	0.00945	0.00705	0.01054	0.00602	0.00576	0.01665	0.01081	0.49552	0.01303	0.01218	0.00881	0.00440	0.00382	0.00104	0.00343	0.00356	0.00415	0.36150
3	0.55335	0.00806	0.00883	0.29346	0.04072	0.00953	0.00735	0.01196	0.00775	0.01610	0.00655	0.00855	0.00504	0.00405	0.00324	0.00135	0.00417	0.00286	0.00236	0.00471
4	0.01618	0.01192	0.01277	0.00979	0.01320	0.01320	0.00809	0.80973	0.02001	0.02682	0.01022	0.01022	0.00724	0.00511	0.00426	0.00128	0.00468	0.00383	0.00426	0.00724
5	0.00829	0.00782	0.01322	0.75805	0.10952	0.00952	0.01194	0.01109	0.00863	0.01118	0.00761	0.01126	0.00578	0.00421	0.00425	0.00140	0.00561	0.00378	0.00191	0.00493
6	0.01618	0.01111	0.01217	0.00942	0.01274	0.01209	0.00775	0.65074	0.07342	0.13283	0.01158	0.01117	0.00807	0.00517	0.00426	0.00129	0.00445	0.00396	0.00440	0.00720
7	0.01019	0.00752	0.00896	0.00647	0.01019	0.00575	0.00520	0.01205	0.00927	0.12222	0.00879	0.00958	0.00687	0.00343	0.00330	0.00072	0.00321	0.00276	0.00289	0.76063
8	0.00518	0.00370	0.00494	0.00592	0.00617	0.00346	0.00395	0.00592	0.00815	0.01086	0.02345	0.84768	0.02814	0.01333	0.00543	0.00173	0.00247	0.01210	0.00395	0.00346
9	0.00856	0.00679	0.00798	0.00623	0.00908	0.00564	0.00490	0.04973	0.03243	0.03747	0.19680	0.03751	0.06367	0.00536	0.00387	0.00094	0.00291	0.00451	0.00335	0.51229
10	0.09844	0.00735	0.00853	0.00644	0.00981	0.00604	0.00515	0.01240	0.00922	0.15930	0.00997	0.05852	0.00816	0.00420	0.00343	0.00089	0.00321	0.00337	0.00311	0.58248
11	0.01501	0.01077	0.01134	0.00913	0.01209	0.05629	0.00739	0.47433	0.14738	0.13637	0.01273	0.02988	0.00956	0.02269	0.00467	0.00138	0.00441	0.02356	0.00425	0.00678
12	0.01006	0.00846	0.01032	0.18900	0.05264	0.05285	0.00733	0.09623	0.01033	0.05493	0.02112	0.02358	0.04080	0.02098	0.01603	0.00119	0.00431	0.01419	0.00279	0.36286
13	0.01183	0.03285	0.01157	0.03019	0.01251	0.23516	0.06265	0.06287	0.18214	0.03083	0.00994	0.01104	0.00792	0.03252	0.00444	0.00118	0.00495	0.00350	0.00292	0.24899

[dist]
# distance from previous block
# <min> <max>
6	67

[block]
# block no. 11 follows, 62 sequences, length 16
# corresponding to MSA columns:
# 1540-1555
name=unknown_L
#
# <colnr> <probs for GDERKNQSTAVLIFYWHMCP>
#	G	D	E	R	K	N	Q	S	T	A	V	L	I	F	Y	W	H	M	C	P
0	0.02936	0.02488	0.00985	0.04027	0.08838	0.08455	0.01978	0.04000	0.13338	0.02714	0.04576	0.14078	0.06236	0.00652	0.00443	0.00127	0.01915	0.03497	0.00322	0.18395
1	0.01151	0.00922	0.01034	0.00981	0.09738	0.08966	0.00693	0.15064	0.02690	0.10425	0.04366	0.10269	0.04037	0.00589	0.00480	0.00122	0.06207	0.00473	0.02339	0.19454
2	0.06646	0.00827	0.02718	0.02277	0.04011	0.04187	0.00627	0.16244	0.03910	0.10142	0.04734	0.06633	0.19723	0.00754	0.02415	0.00147	0.03925	0.02083	0.00363	0.07633
3	0.03920	0.00817	0.00955	0.01040	0.15226	0.07741	0.00673	0.06441	0.02820	0.03489	0.08133	0.17513	0.09491	0.01968	0.00521	0.00136	0.05414	0.00597	0.00321	0.12785
4	0.02726	0.00998	0.04073	0.04772	0.52353	0.00967	0.01096	0.10127	0.03397	0.01529	0.00989	0.02939	0.03400	0.00440	0.00414	0.00124	0.00467	0.00401	0.00254	0.08535
5	0.00951	0.03535	0.03749	0.02088	0.01081	0.00792	0.03271	0.12255	0.03856	0.02630	0.02791	0.10454	0.05657	0.00576	0.00491	0.00114	0.08612	0.00460	0.02295	0.34340
6	0.00869	0.00794	0.01202	0.06565	0.40777	0.00784	0.00902	0.01153	0.06822	0.01383	0.09762	0.01912	0.17527	0.00582	0.00439	0.00128	0.00393	0.00521	0.00292	0.07194
7	0.00882	0.00756	0.00882	0.00630	0.01008	0.00567	0.00504	0.01071	0.00882	0.01387	0.00756	0.00882	0.00630	0.00315	0.00315	0.00063	0.00315	0.00252	0.00252	0.87647
8	0.01250	0.00950	0.01129	0.06691	0.02218	0.12878	0.09110	0.08334	0.05913	0.21007	0.07040	0.07074	0.03372	0.00618	0.00465	0.00136	0.01891	0.05312	0.02013	0.02599
9	0.01053	0.01011	0.01727	0.02612	0.82392	0.01011	0.01306	0.01306	0.00969	0.01390	0.00800	0.01053	0.00674	0.00379	0.00421	0.00126	0.00505	0.00379	0.00211	0.00674
10	0.00882	0.00756	0.00882	0.00630	0.01008	0.00567	0.00504	0.01071	0.00882	0.01387	0.00756	0.00882	0.00630	0.00315	0.00315	0.00063	0.00315	0.00252	0.00252	0.87647
11	0.00859	0.00739	0.00892	0.00734	0.05579	0.00575	0.00543	0.01046	0.00897	0.01367	0.01055	0.01246	0.06343	0.00400	0.00343	0.00077	0.00322	0.02963	0.00264	0.73756
12	0.00822	0.00783	0.01339	0.73611	0.02773	0.00933	0.06659	0.01105	0.00863	0.01123	0.00764	0.01121	0.00576	0.00415	0.00424	0.00137	0.00563	0.00380	0.00194	0.05413
13	0.01096	0.01098	0.01621	0.06138	0.67082	0.09349	0.01224	0.01376	0.04395	0.01357	0.00823	0.01051	0.00683	0.00396	0.00418	0.00126	0.00528	0.00373	0.00220	0.00646
14	0.03820	0.00721	0.00848	0.00801	0.04323	0.04198	0.02006	0.04852	0.08959	0.07762	0.01931	0.08054	0.19746	0.05463	0.09716	0.00216	0.10041	0.00582	0.02337	0.03623
15	0.03243	0.00708	0.06393	0.00686	0.00873	0.03657	0.03183	0.04341	0.01039	0.09308	0.18601	0.19940	0.17337	0.03322	0.00528	0.00151	0.00327	0.02920	0.00385	0.03061

[dist]
# distance from previous block
# <min> <max>
7	101

[block]
# block no. 12 follows, 62 sequences, length 31
# corresponding to MSA columns:
# 1684-1714
name=unknown_M
#
# <colnr> <probs for GDERKNQSTAVLIFYWHMCP>
#	G	D	E	R	K	N	Q	S	T	A	V	L	I	F	Y	W	H	M	C	P
0	0.04989	0.05808	0.14951	0.02232	0.03110	0.03483	0.03324	0.13300	0.02586	0.05901	0.03833	0.02666	0.05413	0.02433	0.00433	0.00122	0.00433	0.02618	0.00298	0.22067
1	0.03094	0.08331	0.12200	0.03935	0.14799	0.04675	0.04402	0.06118	0.13974	0.02602	0.04547	0.01485	0.07119	0.02346	0.01793	0.00142	0.00463	0.01342	0.01980	0.04651
2	0.02582	0.10274	0.03238	0.20988	0.05101	0.03917	0.03086	0.01185	0.02607	0.07117	0.09579	0.05207	0.01096	0.00575	0.00612	0.00139	0.17516	0.00437	0.00264	0.04478
3	0.01214	0.20132	0.01448	0.05035	0.14752	0.10790	0.00809	0.13008	0.01112	0.06056	0.00806	0.00917	0.00644	0.00397	0.00359	0.00103	0.00469	0.00305	0.00264	0.21379
4	0.00608	0.00456	0.00684	0.00684	0.00760	0.00532	0.00532	0.00760	0.00684	0.00988	0.01140	0.01672	0.01064	0.03191	0.83360	0.00684	0.01140	0.00456	0.00228	0.00380
5	0.01069	0.65352	0.21582	0.00844	0.01272	0.01517	0.00931	0.01292	0.00873	0.01084	0.00633	0.00734	0.00544	0.00374	0.00305	0.00102	0.00497	0.00248	0.00181	0.00566
6	0.00986	0.09319	0.09411	0.02639	0.16922	0.00901	0.03466	0.10933	0.07516	0.03082	0.01253	0.16550	0.01154	0.00604	0.00414	0.00130	0.00410	0.00523	0.11134	0.02655
7	0.00567	0.00434	0.00519	0.00498	0.00614	0.00386	0.00373	0.00734	0.01120	0.01506	0.54226	0.03507	0.32081	0.00944	0.00502	0.00137	0.00206	0.00816	0.00442	0.00386
8	0.00852	0.02120	0.78005	0.01215	0.01823	0.00976	0.04207	0.01334	0.00910	0.01357	0.02879	0.00966	0.00633	0.00415	0.00410	0.00135	0.00621	0.00333	0.00188	0.00621
9	0.00762	0.02708	0.00712	0.00639	0.00779	0.09320	0.00486	0.01055	0.11773	0.01412	0.33953	0.03696	0.17621	0.03152	0.09853	0.00203	0.00399	0.00657	0.00383	0.00436
10	0.00754	0.00698	0.01123	0.63959	0.05190	0.00828	0.01012	0.01004	0.00888	0.01131	0.04427	0.01708	0.14480	0.00551	0.00441	0.00141	0.00492	0.00481	0.00235	0.00458
11	0.01299	0.01285	0.01218	0.01160	0.10266	0.25531	0.04247	0.19917	0.17595	0.01646	0.01213	0.01261	0.05406	0.00519	0.00441	0.00128	0.02539	0.00405	0.03329	0.00595
12	0.01147	0.44331	0.26169	0.00936	0.01354	0.15261	0.00994	0.01387	0.00941	0.03042	0.00680	0.00780	0.00556	0.00393	0.00335	0.00108	0.00558	0.00266	0.00196	0.00566
13	0.01909	0.00724	0.00987	0.00757	0.01086	0.00625	0.00625	0.02074	0.01218	0.82687	0.01679	0.01448	0.01053	0.00527	0.00428	0.00132	0.00362	0.00428	0.00527	0.00724
14	0.00739	0.00370	0.00554	0.00554	0.00554	0.00370	0.00370	0.00554	0.00554	0.00739	0.00739	0.01293	0.00739	0.01478	0.01663	0.87620	0.00370	0.00370	0.00185	0.00185
15	0.00977	0.00953	0.01680	0.25579	0.51656	0.00999	0.09443	0.01250	0.00939	0.01302	0.00794	0.01086	0.00641	0.00390	0.00431	0.00132	0.00545	0.00391	0.00205	0.00607
16	0.01061	0.00979	0.04596	0.00926	0.03098	0.01060	0.00731	0.03928	0.74375	0.01771	0.01651	0.01532	0.01238	0.00563	0.00431	0.00143	0.00357	0.00469	0.00416	0.00673
