[name]
unknown

[dist]
# distance from previous block
# <min> <max>
1	24

[block]
# block no. 0 follows, 55 sequences, length 24
# corresponding to MSA columns:
# 38-43,52-69
name=unknown_A
#
# <colnr> <probs for GDERKNQSTAVLIFYWHMCP>
#	G	D	E	R	K	N	Q	S	T	A	V	L	I	F	Y	W	H	M	C	P
0	0.01249	0.21106	0.14271	0.09493	0.03264	0.10087	0.14590	0.07984	0.02500	0.05977	0.00953	0.02423	0.00761	0.00520	0.01554	0.00144	0.00627	0.01603	0.00267	0.00626
1	0.02666	0.05992	0.07348	0.02615	0.15052	0.06298	0.00906	0.12530	0.07492	0.09869	0.02335	0.03197	0.05491	0.00560	0.00443	0.00132	0.00477	0.02494	0.00347	0.13758
2	0.74159	0.00980	0.00756	0.00672	0.00959	0.05963	0.00546	0.01486	0.04322	0.05568	0.00760	0.00841	0.00579	0.00450	0.00312	0.00143	0.00391	0.00277	0.00306	0.00529
3	0.00632	0.00541	0.03349	0.00573	0.00718	0.00446	0.00454	0.00828	0.01219	0.01648	0.52374	0.03725	0.29770	0.01010	0.00545	0.00150	0.00241	0.00871	0.00474	0.00432
4	0.01035	0.00485	0.00531	0.00498	0.00640	0.00468	0.00381	0.01242	0.01025	0.13280	0.01598	0.04335	0.01247	0.00576	0.00355	0.00116	0.00245	0.00467	0.70991	0.00484
5	0.02238	0.00881	0.08727	0.02717	0.12075	0.02754	0.03629	0.01201	0.00987	0.11413	0.06286	0.17598	0.01567	0.01430	0.19998	0.00298	0.02422	0.01541	0.00335	0.01902
6	0.00555	0.00468	0.00480	0.00483	0.00633	0.00394	0.00360	0.00675	0.01062	0.01276	0.07429	0.07980	0.74256	0.01182	0.00552	0.00158	0.00237	0.00992	0.00435	0.00394
7	0.01139	0.01092	0.01865	0.06593	0.77111	0.01102	0.01421	0.01417	0.01053	0.01504	0.00873	0.01156	0.00731	0.00417	0.00461	0.00139	0.00556	0.00414	0.00229	0.00727
8	0.01124	0.03581	0.13784	0.01104	0.10364	0.00847	0.03005	0.05458	0.01075	0.07870	0.00927	0.01047	0.00719	0.00400	0.00393	0.00102	0.00451	0.00332	0.00288	0.47130
9	0.00961	0.05080	0.70664	0.01392	0.03844	0.01114	0.07628	0.01471	0.00992	0.01463	0.00838	0.00999	0.00602	0.00436	0.00446	0.00146	0.00685	0.00358	0.00200	0.00681
10	0.00672	0.00469	0.00599	0.00599	0.00630	0.00501	0.00396	0.00735	0.00704	0.00970	0.01383	0.02583	0.01491	0.53252	0.32492	0.00564	0.00753	0.00609	0.00270	0.00333
11	0.00577	0.00455	0.00520	0.00540	0.00654	0.00399	0.00391	0.00707	0.01071	0.01367	0.20047	0.24175	0.45046	0.01201	0.00561	0.00163	0.00241	0.01038	0.00449	0.00399
12	0.00659	0.00490	0.00573	0.00556	0.00697	0.00426	0.00413	0.00810	0.01123	0.04215	0.28473	0.15438	0.38419	0.01088	0.00544	0.00154	0.00246	0.00937	0.00456	0.04284
13	0.02435	0.03015	0.26870	0.02528	0.04983	0.01003	0.10748	0.06964	0.10036	0.04256	0.01196	0.01294	0.04507	0.00483	0.00443	0.00133	0.00536	0.00416	0.00294	0.17858
14	0.01103	0.32766	0.16355	0.10684	0.12403	0.03951	0.01064	0.01364	0.01026	0.03894	0.07571	0.01289	0.03718	0.00498	0.00405	0.00128	0.00530	0.00392	0.00251	0.00608
15	0.01129	0.01154	0.10216	0.05419	0.02831	0.03845	0.08007	0.10921	0.03085	0.06434	0.04776	0.04773	0.06442	0.00688	0.00795	0.00163	0.24983	0.00509	0.00311	0.03521
16	0.06814	0.07938	0.14354	0.02587	0.10200	0.07509	0.03583	0.04663	0.02618	0.01606	0.19385	0.02839	0.06559	0.00614	0.00452	0.00135	0.00469	0.00511	0.00325	0.06838
17	0.03989	0.05038	0.08689	0.32000	0.20391	0.07006	0.03137	0.01394	0.05319	0.01382	0.01006	0.01255	0.03045	0.00476	0.00445	0.00142	0.00577	0.00410	0.02043	0.02258
18	0.02542	0.01153	0.09355	0.01112	0.04879	0.08915	0.10620	0.12772	0.06692	0.03303	0.12621	0.11594	0.05260	0.00706	0.00512	0.00148	0.02079	0.00612	0.01952	0.03173
19	0.02375	0.03014	0.09962	0.00883	0.02778	0.03881	0.02755	0.08465	0.07931	0.03054	0.06262	0.31443	0.08413	0.00922	0.00508	0.00156	0.00398	0.00802	0.00385	0.05612
20	0.03075	0.03750	0.11299	0.01217	0.08557	0.08671	0.09886	0.11849	0.07262	0.11381	0.08364	0.01626	0.06422	0.00602	0.00498	0.01925	0.00519	0.00493	0.01965	0.00638
21	0.02498	0.04577	0.18467	0.01045	0.05216	0.04648	0.03418	0.05707	0.03832	0.11913	0.04877	0.14908	0.03549	0.00779	0.03186	0.00164	0.02065	0.00574	0.00345	0.08232
22	0.07300	0.11123	0.25231	0.01132	0.03782	0.11424	0.06187	0.05006	0.07468	0.08415	0.01252	0.02925	0.05717	0.00535	0.00435	0.00140	0.00569	0.00424	0.00299	0.00636
23	0.05967	0.10549	0.06595	0.00862	0.03489	0.07957	0.00719	0.11254	0.03569	0.06086	0.02875	0.02800	0.01000	0.00631	0.02829	0.00146	0.04216	0.00410	0.25967	0.02080

[dist]
# distance from previous block
# <min> <max>
10	63

[block]
# block no. 1 follows, 55 sequences, length 14
# corresponding to MSA columns:
# 145-158
name=unknown_B
#
# <colnr> <probs for GDERKNQSTAVLIFYWHMCP>
#	G	D	E	R	K	N	Q	S	T	A	V	L	I	F	Y	W	H	M	C	P
0	0.07603	0.12364	0.09847	0.07871	0.09072	0.18650	0.05010	0.05190	0.01060	0.01368	0.00903	0.02337	0.02050	0.03720	0.01721	0.04591	0.03742	0.00385	0.00246	0.02270
1	0.01161	0.04338	0.14668	0.06332	0.43093	0.06041	0.03375	0.03843	0.01079	0.03828	0.00902	0.01150	0.00730	0.01997	0.02101	0.00154	0.00598	0.00396	0.00244	0.03972
2	0.03663	0.01067	0.01805	0.06131	0.66257	0.01070	0.04927	0.01396	0.01045	0.01517	0.00915	0.01263	0.00779	0.00440	0.00461	0.00140	0.00550	0.02691	0.00239	0.03646
3	0.03252	0.07373	0.19392	0.05393	0.27595	0.06470	0.04687	0.01345	0.02419	0.01360	0.01020	0.01426	0.02443	0.13048	0.00732	0.00186	0.00582	0.00434	0.00238	0.00605
4	0.01087	0.01051	0.01677	0.11981	0.52966	0.03008	0.01290	0.01334	0.01005	0.01416	0.03038	0.01322	0.00859	0.00524	0.00629	0.00152	0.13008	0.02764	0.00237	0.00654
5	0.00926	0.00874	0.01153	0.05415	0.28165	0.08086	0.00865	0.01097	0.00993	0.01314	0.01643	0.30400	0.05254	0.03354	0.00575	0.00162	0.01772	0.00749	0.00315	0.06887
6	0.01118	0.01145	0.01550	0.38171	0.31023	0.13291	0.01261	0.01426	0.04046	0.01330	0.00869	0.01166	0.00690	0.00455	0.00457	0.00144	0.00619	0.00401	0.00230	0.00609
7	0.73919	0.00889	0.00726	0.00623	0.00930	0.00980	0.00511	0.01338	0.00818	0.02001	0.00675	0.00787	0.00532	0.00419	0.00296	0.00133	0.00358	0.00256	0.00286	0.13524
8	0.01065	0.01190	0.02541	0.14161	0.02548	0.01155	0.67284	0.01445	0.01073	0.01445	0.00924	0.01253	0.00693	0.00403	0.00536	0.00157	0.00759	0.00528	0.00231	0.00611
9	0.01629	0.02036	0.01334	0.01202	0.01405	0.69615	0.00917	0.01746	0.01227	0.01136	0.00703	0.00866	0.00601	0.00530	0.00587	0.00133	0.13249	0.00316	0.00234	0.00535
10	0.01151	0.01105	0.01888	0.02855	0.80748	0.01105	0.01428	0.01428	0.01059	0.01520	0.00875	0.01151	0.00737	0.00415	0.00461	0.00138	0.00553	0.00415	0.00230	0.00737
11	0.20728	0.01140	0.01164	0.00987	0.03965	0.11900	0.02464	0.17556	0.01348	0.29669	0.01181	0.01163	0.00818	0.00526	0.00459	0.00142	0.03315	0.00385	0.00412	0.00678
12	0.00879	0.00827	0.01395	0.82532	0.03204	0.01034	0.01292	0.01189	0.00930	0.01189	0.00827	0.01240	0.00620	0.00465	0.00465	0.00155	0.00620	0.00413	0.00207	0.00517
13	0.28891	0.00936	0.00959	0.04552	0.03529	0.03934	0.00632	0.04982	0.02506	0.03869	0.00827	0.00949	0.00655	0.00407	0.00349	0.00108	0.00397	0.00296	0.00294	0.40925

[dist]
# distance from previous block
# <min> <max>
2	6

[block]
# block no. 2 follows, 55 sequences, length 12
# corresponding to MSA columns:
# 166-177
name=unknown_C
#
# <colnr> <probs for GDERKNQSTAVLIFYWHMCP>
#	G	D	E	R	K	N	Q	S	T	A	V	L	I	F	Y	W	H	M	C	P
0	0.02901	0.17355	0.09415	0.01223	0.09966	0.14547	0.06497	0.08420	0.02538	0.07666	0.01052	0.04339	0.02351	0.00501	0.00420	0.00126	0.00558	0.00402	0.00292	0.09431
1	0.01021	0.09511	0.01434	0.33212	0.13125	0.01056	0.02437	0.07663	0.04771	0.01433	0.01160	0.03352	0.04928	0.04054	0.00526	0.00151	0.00518	0.00453	0.00270	0.08925
2	0.03139	0.07788	0.39386	0.01248	0.05184	0.01139	0.05737	0.12758	0.04952	0.08431	0.01022	0.01132	0.00747	0.00625	0.04545	0.00173	0.00629	0.00387	0.00289	0.00688
3	0.01122	0.20008	0.07428	0.03797	0.01278	0.09322	0.04347	0.06654	0.05287	0.05338	0.06115	0.17889	0.02747	0.00739	0.00510	0.00147	0.04290	0.02090	0.00330	0.00563
4	0.01286	0.01313	0.08068	0.08353	0.13914	0.19121	0.02945	0.06148	0.02904	0.08713	0.04350	0.01357	0.02357	0.02299	0.00584	0.00149	0.07946	0.00428	0.07163	0.00602
5	0.00638	0.00473	0.00606	0.00645	0.00725	0.00430	0.00441	0.00733	0.00872	0.01198	0.02143	0.59503	0.02505	0.09750	0.05060	0.00229	0.00351	0.01069	0.00385	0.12245
6	0.00867	0.00434	0.00434	0.00434	0.00542	0.00434	0.00325	0.01084	0.00976	0.01734	0.01518	0.01734	0.01192	0.00542	0.00325	0.00108	0.00217	0.00434	0.86233	0.00434
7	0.01199	0.05039	0.01293	0.04542	0.07586	0.12432	0.00819	0.10336	0.01125	0.01535	0.00809	0.00988	0.00673	0.00470	0.00554	0.00115	0.12529	0.00330	0.00272	0.37353
8	0.01325	0.00955	0.01081	0.03725	0.04674	0.04301	0.00730	0.27227	0.13901	0.08750	0.01376	0.05350	0.02832	0.05227	0.00819	0.15783	0.00458	0.00501	0.00388	0.00598
9	0.00578	0.00441	0.00534	0.00594	0.00677	0.00397	0.00424	0.00690	0.00991	0.01273	0.08977	0.45504	0.30049	0.01313	0.00578	0.00176	0.00264	0.05709	0.00438	0.00390
10	0.00969	0.00631	0.00772	0.00778	0.05084	0.02709	0.00557	0.01188	0.04634	0.16333	0.24009	0.12812	0.21661	0.00960	0.00533	0.00157	0.00314	0.04915	0.00466	0.00517
11	0.01309	0.45456	0.04763	0.04582	0.04615	0.14843	0.00886	0.03918	0.01060	0.04753	0.00837	0.02547	0.00734	0.00489	0.00421	0.00121	0.04426	0.01838	0.01810	0.00593

[dist]
# distance from previous block
# <min> <max>
1	21

[block]
# block no. 3 follows, 55 sequences, length 26
# corresponding to MSA columns:
# 200-225
name=unknown_D
#
# <colnr> <probs for GDERKNQSTAVLIFYWHMCP>
#	G	D	E	R	K	N	Q	S	T	A	V	L	I	F	Y	W	H	M	C	P
0	0.07458	0.02713	0.12629	0.07391	0.27271	0.06905	0.02586	0.02963	0.04381	0.01551	0.03084	0.01130	0.00800	0.00441	0.00422	0.00127	0.00529	0.00374	0.00260	0.16988
1	0.01120	0.00963	0.02963	0.03277	0.38477	0.00921	0.04114	0.04217	0.06785	0.06417	0.04299	0.04027	0.03917	0.00529	0.00454	0.00134	0.00461	0.00482	0.06789	0.09655
2	0.00880	0.00475	0.00527	0.03256	0.04019	0.00482	0.00404	0.01102	0.00978	0.01707	0.01468	0.01693	0.01154	0.00534	0.00336	0.00111	0.00244	0.00432	0.79749	0.00449
3	0.05513	0.10951	0.13831	0.01118	0.01513	0.03247	0.13832	0.13846	0.04754	0.03862	0.02417	0.02362	0.00836	0.00615	0.03914	0.00159	0.03994	0.00408	0.00297	0.12533
4	0.04748	0.01166	0.01084	0.13437	0.05679	0.25846	0.00815	0.04770	0.01053	0.01271	0.01187	0.11752	0.02386	0.06376	0.13784	0.00263	0.03084	0.00526	0.00277	0.00496
5	0.02602	0.05101	0.20567	0.01409	0.14635	0.12847	0.07523	0.02791	0.03391	0.09841	0.01025	0.04088	0.00813	0.00483	0.00440	0.00132	0.00583	0.00407	0.00284	0.11040
6	0.03112	0.01507	0.03955	0.16417	0.13463	0.33808	0.03690	0.03143	0.01150	0.03962	0.03673	0.01116	0.00785	0.00505	0.00519	0.00139	0.06404	0.00381	0.00255	0.02015
7	0.00867	0.00434	0.00434	0.00434	0.00542	0.00434	0.00325	0.01084	0.00976	0.01734	0.01518	0.01734	0.01192	0.00542	0.00325	0.00108	0.00217	0.00434	0.86233	0.00434
8	0.01114	0.02178	0.01485	0.15708	0.28355	0.02724	0.05188	0.06067	0.17238	0.02718	0.01286	0.01535	0.03881	0.03162	0.00541	0.00156	0.01423	0.01867	0.00308	0.03067
9	0.03449	0.00544	0.00625	0.00617	0.00666	0.02788	0.00412	0.00830	0.02948	0.01031	0.01363	0.02496	0.01452	0.51477	0.26863	0.00516	0.00703	0.00593	0.00276	0.00350
10	0.00744	0.00559	0.00668	0.00677	0.00797	0.00547	0.00506	0.09091	0.03983	0.01543	0.15452	0.35060	0.18847	0.01177	0.00564	0.00172	0.00299	0.08412	0.00450	0.00452
11	0.01018	0.01018	0.01425	0.01221	0.01221	0.01425	0.01018	0.01120	0.00712	0.01120	0.00611	0.01018	0.00611	0.00814	0.01527	0.00204	0.82799	0.00407	0.00204	0.00509
12	0.01326	0.67744	0.02234	0.00919	0.03443	0.13802	0.00831	0.03002	0.01029	0.01149	0.00673	0.00779	0.00605	0.00414	0.00324	0.00104	0.00551	0.00264	0.00211	0.00596
13	0.00903	0.00697	0.00981	0.24725	0.04920	0.00731	0.00778	0.03836	0.05537	0.06793	0.15364	0.16119	0.08852	0.00792	0.00501	0.00151	0.00400	0.00695	0.00373	0.06850
14	0.01124	0.10616	0.13830	0.01284	0.13841	0.06616	0.07182	0.04920	0.02362	0.07464	0.08258	0.08768	0.05102	0.01748	0.00488	0.00143	0.00508	0.00535	0.00318	0.04891
15	0.04312	0.09484	0.34268	0.01283	0.08452	0.01064	0.07506	0.04951	0.01126	0.16265	0.06025	0.01262	0.00961	0.00493	0.00445	0.00142	0.00563	0.00412	0.00308	0.00680
16	0.00668	0.00487	0.00689	0.00689	0.00752	0.00550	0.00508	0.00793	0.00730	0.01036	0.01300	0.02125	0.01292	0.23095	0.62378	0.00675	0.01052	0.00542	0.00257	0.00383
17	0.00595	0.00427	0.00566	0.00665	0.00708	0.00402	0.00468	0.00695	0.00924	0.01225	0.04266	0.67230	0.05454	0.03153	0.00635	0.00196	0.00292	0.11283	0.00430	0.00384
18	0.01348	0.01195	0.09669	0.04633	0.42961	0.02527	0.07868	0.03363	0.01141	0.19078	0.01090	0.01235	0.00806	0.00457	0.00467	0.00142	0.00558	0.00429	0.00308	0.00725
19	0.02749	0.00885	0.02517	0.00969	0.09922	0.07228	0.00675	0.11889	0.03430	0.10333	0.03821	0.10314	0.28172	0.00838	0.00494	0.00149	0.00392	0.00698	0.03964	0.00560
20	0.01125	0.01078	0.01841	0.10556	0.73254	0.01098	0.01415	0.01405	0.01047	0.01488	0.00870	0.01160	0.00726	0.00419	0.00461	0.00140	0.00559	0.00414	0.00228	0.00716
21	0.06008	0.00922	0.03415	0.00793	0.01206	0.00731	0.04645	0.05247	0.01038	0.04472	0.00874	0.00998	0.00698	0.00374	0.00365	0.00086	0.00389	0.00305	0.00292	0.67140
22	0.02548	0.08327	0.17014	0.01456	0.20471	0.03266	0.05432	0.05380	0.01097	0.08301	0.00926	0.01064	0.00713	0.00423	0.00417	0.00121	0.00525	0.00359	0.00275	0.21886
23	0.01258	0.81563	0.02405	0.00808	0.01201	0.04157	0.00799	0.01406	0.00956	0.01096	0.00649	0.00749	0.00597	0.00400	0.00302	0.00100	0.00507	0.00250	0.00200	0.00595
24	0.00556	0.00459	0.00488	0.00508	0.00639	0.00391	0.00371	0.00669	0.01034	0.01258	0.06163	0.19505	0.63902	0.01226	0.00558	0.00163	0.00242	0.01043	0.00434	0.00391
25	0.61087	0.03502	0.00878	0.02901	0.01061	0.03329	0.00597	0.08189	0.02365	0.09420	0.02473	0.00952	0.00694	0.00472	0.00337	0.00142	0.00398	0.00309	0.00332	0.00562

[dist]
# distance from previous block
# <min> <max>
0	3

[block]
# block no. 4 follows, 55 sequences, length 26
# corresponding to MSA columns:
# 229-254
name=unknown_E
#
# <colnr> <probs for GDERKNQSTAVLIFYWHMCP>
#	G	D	E	R	K	N	Q	S	T	A	V	L	I	F	Y	W	H	M	C	P
0	0.04628	0.23498	0.23578	0.01027	0.03701	0.03575	0.01018	0.06440	0.12393	0.04030	0.02697	0.01160	0.02286	0.00485	0.00400	0.00128	0.00512	0.00366	0.00289	0.07790
1	0.01044	0.05500	0.30031	0.04128	0.12960	0.01071	0.06784	0.05714	0.11022	0.02792	0.06384	0.01521	0.03619	0.01957	0.00518	0.00153	0.02043	0.01812	0.00294	0.00653
2	0.00867	0.00434	0.00434	0.00434	0.00542	0.00434	0.00325	0.01084	0.00976	0.01734	0.01518	0.01734	0.01192	0.00542	0.00325	0.00108	0.00217	0.00434	0.86233	0.00434
3	0.00782	0.00656	0.00911	0.02296	0.00971	0.00757	0.00658	0.00936	0.00791	0.01165	0.02813	0.01682	0.02971	0.06116	0.44594	0.00486	0.18004	0.00473	0.00254	0.12685
4	0.00837	0.00768	0.00714	0.00684	0.00820	0.12862	0.00505	0.04725	0.01211	0.01525	0.31715	0.16420	0.21034	0.03368	0.00585	0.00160	0.00347	0.00846	0.00430	0.00446
5	0.00673	0.00465	0.00578	0.00578	0.00602	0.00489	0.00370	0.00722	0.00697	0.00954	0.01401	0.02688	0.01536	0.60147	0.25660	0.00538	0.00684	0.00624	0.00272	0.00321
6	0.01320	0.12684	0.19907	0.03183	0.08073	0.17370	0.05731	0.14604	0.04462	0.03282	0.01018	0.03203	0.02126	0.00508	0.00438	0.00136	0.00619	0.00401	0.00285	0.00651
7	0.00915	0.00708	0.00883	0.02291	0.02204	0.02069	0.04599	0.02977	0.19962	0.07292	0.10067	0.24754	0.15676	0.00971	0.00533	0.00164	0.00347	0.02610	0.00440	0.00535
8	0.01075	0.00957	0.01387	0.16318	0.19836	0.01047	0.06346	0.08876	0.20420	0.01628	0.01440	0.03242	0.04982	0.05125	0.00615	0.00171	0.02618	0.02955	0.00330	0.00630
9	0.86937	0.00900	0.00684	0.00612	0.00900	0.01044	0.00504	0.01368	0.00792	0.02087	0.00648	0.00756	0.00504	0.00432	0.00288	0.00144	0.00360	0.00252	0.00288	0.00504
10	0.00910	0.00919	0.05757	0.22818	0.21289	0.00957	0.04100	0.01148	0.00892	0.01246	0.00984	0.02999	0.00886	0.07863	0.16029	0.00292	0.09668	0.00469	0.00231	0.00543
11	0.00867	0.00434	0.00434	0.00434	0.00542	0.00434	0.00325	0.01084	0.00976	0.01734	0.01518	0.01734	0.01192	0.00542	0.00325	0.00108	0.00217	0.00434	0.86233	0.00434
12	0.06043	0.00997	0.01113	0.00855	0.01216	0.06580	0.04528	0.09941	0.04122	0.04747	0.00999	0.02686	0.00828	0.00461	0.00415	0.00104	0.02008	0.02473	0.00318	0.49567
13	0.00854	0.00764	0.01259	0.64146	0.04953	0.00928	0.01131	0.01107	0.00895	0.01160	0.00937	0.01509	0.00790	0.06628	0.04987	0.04200	0.00624	0.02423	0.00221	0.00484
14	0.86937	0.00900	0.00684	0.00612	0.00900	0.01044	0.00504	0.01368	0.00792	0.02087	0.00648	0.00756	0.00504	0.00432	0.00288	0.00144	0.00360	0.00252	0.00288	0.00504
15	0.00801	0.00536	0.00645	0.00631	0.00771	0.00501	0.00467	0.01050	0.08424	0.09945	0.21506	0.26423	0.24336	0.01090	0.00546	0.00162	0.00271	0.00950	0.00470	0.00474
16	0.04370	0.00957	0.01101	0.00906	0.01225	0.01005	0.00729	0.13419	0.34680	0.33794	0.01718	0.01554	0.01192	0.00592	0.00464	0.00149	0.00400	0.00478	0.00507	0.00759
17	0.00867	0.00434	0.00434	0.00434	0.00542	0.00434	0.00325	0.01084	0.00976	0.01734	0.01518	0.01734	0.01192	0.00542	0.00325	0.00108	0.00217	0.00434	0.86233	0.00434
18	0.00879	0.00827	0.01395	0.82532	0.03204	0.01034	0.01292	0.01189	0.00930	0.01189	0.00827	0.01240	0.00620	0.00465	0.00465	0.00155	0.00620	0.00413	0.00207	0.00517
19	0.00679	0.00473	0.00589	0.00606	0.00648	0.00481	0.00417	0.00756	0.00803	0.01079	0.06073	0.04814	0.04794	0.48937	0.14379	0.00428	0.00548	0.12835	0.00321	0.00340
20	0.61770	0.00892	0.00816	0.00687	0.00997	0.00973	0.00567	0.05334	0.00993	0.21742	0.00965	0.00979	0.00679	0.00474	0.00341	0.00144	0.00376	0.00314	0.00368	0.00589
21	0.07683	0.01247	0.03475	0.01473	0.20463	0.06460	0.02885	0.35979	0.05854	0.05811	0.01105	0.03533	0.00855	0.00533	0.00454	0.00142	0.00523	0.00434	0.00373	0.00719
22	0.02753	0.02620	0.08157	0.03764	0.15100	0.06897	0.10895	0.18732	0.01376	0.18211	0.03415	0.01284	0.00918	0.00504	0.00463	0.00141	0.00551	0.00437	0.03086	0.00698
23	0.01018	0.01018	0.01425	0.01221	0.01221	0.01425	0.01018	0.01120	0.00712	0.01120	0.00611	0.01018	0.00611	0.00814	0.01527	0.00204	0.82799	0.00407	0.00204	0.00509
24	0.00598	0.00466	0.00547	0.00596	0.00688	0.00429	0.00420	0.00767	0.05331	0.01290	0.07317	0.45490	0.31804	0.01282	0.00569	0.00173	0.00260	0.01128	0.00438	0.00406
25	0.01271	0.23448	0.01447	0.00898	0.01211	0.01326	0.00754	0.10392	0.43877	0.05571	0.01560	0.01482	0.03656	0.00575	0.00427	0.00139	0.00416	0.00451	0.00402	0.00696

[dist]
# distance from previous block
# <min> <max>
0	2

[block]
# block no. 5 follows, 55 sequences, length 11
# corresponding to MSA columns:
# 257-267
name=unknown_F
#
# <colnr> <probs for GDERKNQSTAVLIFYWHMCP>
#	G	D	E	R	K	N	Q	S	T	A	V	L	I	F	Y	W	H	M	C	P
0	0.01255	0.27461	0.22648	0.02970	0.06568	0.17849	0.05320	0.04480	0.02953	0.01343	0.00791	0.00934	0.00638	0.00450	0.00428	0.00128	0.02600	0.00331	0.00227	0.00626
1	0.66544	0.00846	0.00777	0.05467	0.05459	0.00966	0.00591	0.01270	0.00815	0.01876	0.00831	0.07452	0.00743	0.00566	0.00398	0.03874	0.00380	0.00363	0.00288	0.00494
2	0.02926	0.00842	0.01132	0.25379	0.16476	0.06825	0.00899	0.01105	0.00927	0.01234	0.02784	0.06343	0.04569	0.16758	0.05541	0.00242	0.02672	0.00541	0.02313	0.00491
3	0.01738	0.02217	0.01318	0.01199	0.01438	0.81783	0.00899	0.01858	0.01318	0.01139	0.00719	0.00839	0.00599	0.00479	0.00419	0.00120	0.00839	0.00300	0.00240	0.00539
4	0.00684	0.00619	0.02485	0.00947	0.14291	0.00541	0.00607	0.00848	0.01061	0.01352	0.08956	0.11207	0.47045	0.01051	0.00543	0.00160	0.00315	0.06427	0.00398	0.00462
5	0.05591	0.00711	0.00852	0.01002	0.15101	0.04592	0.00628	0.01016	0.03201	0.01520	0.24125	0.02994	0.30269	0.01022	0.05199	0.00182	0.00386	0.00727	0.00391	0.00491
6	0.01407	0.29975	0.01656	0.06271	0.06940	0.18707	0.00846	0.04143	0.01147	0.12896	0.04815	0.01125	0.00897	0.00528	0.01742	0.00129	0.00559	0.00354	0.00295	0.05570
7	0.01077	0.03437	0.36852	0.03394	0.13138	0.05944	0.02474	0.04450	0.08456	0.02698	0.01085	0.03079	0.02694	0.00501	0.00459	0.00140	0.01694	0.00409	0.00264	0.07753
8	0.08767	0.18459	0.31739	0.01219	0.09525	0.02726	0.01169	0.04748	0.05213	0.03071	0.00980	0.03020	0.02306	0.00497	0.00444	0.00138	0.03287	0.00375	0.00255	0.02062
9	0.05690	0.00794	0.01226	0.09452	0.33027	0.00837	0.00944	0.01111	0.00953	0.01384	0.06583	0.09240	0.05028	0.05891	0.13593	0.00263	0.02578	0.00572	0.00283	0.00550
10	0.00970	0.11957	0.03419	0.03065	0.12371	0.02991	0.02000	0.08050	0.01059	0.01414	0.09754	0.08151	0.04728	0.08951	0.08799	0.04138	0.04097	0.03258	0.00311	0.00516

[dist]
# distance from previous block
# <min> <max>
1	12

[block]
# block no. 6 follows, 55 sequences, length 33
# corresponding to MSA columns:
# 280-312
name=unknown_G
#
# <colnr> <probs for GDERKNQSTAVLIFYWHMCP>
#	G	D	E	R	K	N	Q	S	T	A	V	L	I	F	Y	W	H	M	C	P
0	0.01037	0.02836	0.00975	0.00868	0.03177	0.00936	0.00657	0.05942	0.43707	0.03340	0.19725	0.02282	0.09145	0.00730	0.00489	0.00150	0.00338	0.00616	0.00462	0.02585
1	0.01018	0.02857	0.01310	0.04710	0.29231	0.00908	0.04189	0.09068	0.06496	0.01591	0.05668	0.10291	0.05641	0.06918	0.01782	0.00179	0.00466	0.02487	0.04598	0.00593
2	0.01616	0.02002	0.01317	0.03131	0.01470	0.68644	0.02988	0.01807	0.04781	0.01207	0.00837	0.01039	0.00706	0.00503	0.00431	0.00124	0.00781	0.02677	0.00256	0.03683
3	0.12515	0.00988	0.01339	0.01141	0.04906	0.04458	0.15930	0.08050	0.08974	0.03221	0.05469	0.01557	0.02373	0.04578	0.00710	0.02141	0.10844	0.02216	0.06075	0.02516
4	0.00579	0.00436	0.00534	0.00596	0.00667	0.00399	0.00415	0.00678	0.00947	0.01224	0.06303	0.48772	0.25387	0.05405	0.03142	0.00208	0.00301	0.03202	0.00422	0.00383
5	0.03983	0.08192	0.03985	0.03689	0.07303	0.03777	0.09896	0.22640	0.16734	0.07062	0.01196	0.02732	0.00914	0.00538	0.00491	0.00144	0.03335	0.00445	0.00365	0.02579
6	0.01186	0.01110	0.01366	0.06996	0.26098	0.11090	0.02322	0.13317	0.04395	0.01586	0.01144	0.01438	0.03914	0.06340	0.07882	0.00211	0.02133	0.00444	0.00292	0.06736
7	0.04183	0.28395	0.35221	0.01055	0.01553	0.03575	0.02014	0.10473	0.01125	0.02526	0.02062	0.01050	0.02841	0.00469	0.00397	0.00129	0.00572	0.00345	0.00250	0.01764
8	0.00631	0.00476	0.00621	0.00720	0.03450	0.00454	0.00482	0.00804	0.04999	0.01334	0.12657	0.58327	0.09381	0.01289	0.00575	0.00178	0.00278	0.02490	0.00437	0.00418
9	0.01049	0.01181	0.04788	0.06399	0.04374	0.01093	0.60455	0.03501	0.01093	0.01483	0.01091	0.09182	0.00930	0.00506	0.00541	0.00159	0.00709	0.00603	0.00258	0.00606
10	0.01040	0.01228	0.11935	0.03177	0.01293	0.15864	0.05631	0.04789	0.10188	0.01478	0.11820	0.03865	0.08897	0.04921	0.04467	0.01654	0.02439	0.04439	0.00337	0.00537
11	0.01252	0.05432	0.01596	0.11976	0.18857	0.04489	0.12795	0.09855	0.03613	0.11751	0.03437	0.05265	0.04628	0.00559	0.00476	0.00144	0.00535	0.00508	0.00331	0.02502
12	0.00567	0.00405	0.00540	0.00648	0.00675	0.00378	0.00432	0.00648	0.00891	0.01188	0.02564	0.83347	0.03077	0.01457	0.00594	0.00189	0.00270	0.01323	0.00432	0.00378
13	0.00935	0.00924	0.01681	0.62770	0.07262	0.01065	0.16203	0.01259	0.00969	0.01264	0.00851	0.01238	0.00643	0.00448	0.00481	0.00154	0.00648	0.00439	0.00213	0.00550
14	0.01136	0.01089	0.01860	0.07447	0.76279	0.01101	0.01420	0.01414	0.01052	0.01501	0.00872	0.01157	0.00730	0.00417	0.00461	0.00139	0.00557	0.00414	0.00229	0.00724
15	0.00964	0.00914	0.01487	0.37957	0.24811	0.01087	0.01220	0.01214	0.00912	0.01262	0.00837	0.01224	0.00698	0.00771	0.07552	0.00209	0.15676	0.00420	0.00216	0.00570
16	0.01184	0.04152	0.06735	0.03609	0.37961	0.05655	0.07874	0.04511	0.18284	0.01605	0.01084	0.01242	0.00858	0.00481	0.00490	0.00144	0.02709	0.00434	0.00288	0.00700
17	0.00665	0.00497	0.00740	0.00740	0.00821	0.00578	0.00572	0.00826	0.00745	0.01074	0.01253	0.01865	0.01179	0.05953	0.79365	0.00739	0.01222	0.00504	0.00250	0.00411
18	0.01464	0.47460	0.01938	0.00976	0.01303	0.37520	0.00842	0.01600	0.01112	0.01114	0.00679	0.00788	0.00598	0.00434	0.00352	0.00109	0.00650	0.00271	0.00217	0.00571
19	0.00666	0.00449	0.00519	0.00529	0.00534	0.00449	0.00306	0.00680	0.00698	0.00934	0.01555	0.10076	0.01794	0.73483	0.05110	0.00439	0.00464	0.00727	0.00294	0.00295
20	0.04647	0.11614	0.07321	0.01242	0.10891	0.06042	0.00970	0.35783	0.04755	0.07902	0.01035	0.01092	0.00770	0.00517	0.00470	0.00137	0.03347	0.00386	0.00364	0.00716
21	0.00952	0.00846	0.01383	0.17339	0.41161	0.00876	0.01087	0.01172	0.00982	0.02800	0.01363	0.18711	0.03116	0.05446	0.00601	0.00171	0.00490	0.00635	0.00282	0.00586
22	0.01871	0.01013	0.01196	0.00925	0.01278	0.01028	0.00762	0.36576	0.04116	0.40829	0.01505	0.01385	0.01000	0.00569	0.00462	0.00141	0.00440	0.00446	0.03680	0.00777
23	0.01089	0.09419	0.50653	0.01500	0.14114	0.06553	0.03273	0.01529	0.02831	0.03578	0.00870	0.01017	0.00650	0.00443	0.00434	0.00140	0.00647	0.00356	0.00222	0.00680
24	0.02854	0.01331	0.10711	0.10141	0.28279	0.10131	0.04724	0.11318	0.02830	0.10220	0.01031	0.02562	0.00792	0.00487	0.00459	0.00142	0.00584	0.00421	0.00301	0.00684
25	0.00661	0.00482	0.00572	0.00593	0.00713	0.00436	0.00443	0.00807	0.02152	0.04596	0.11183	0.24104	0.37820	0.02949	0.03081	0.00193	0.00304	0.08057	0.00437	0.00417
26	0.00667	0.00478	0.00585	0.00567	0.00691	0.00430	0.00426	0.00847	0.01201	0.03784	0.47879	0.09355	0.25569	0.01039	0.00547	0.00153	0.00237	0.02689	0.02424	0.00431
27	0.01280	0.07346	0.06649	0.08813	0.44406	0.05419	0.01236	0.07165	0.03288	0.08538	0.00973	0.01153	0.00759	0.00453	0.00447	0.00137	0.00556	0.00400	0.00278	0.00703
28	0.01175	0.04479	0.12189	0.02564	0.18157	0.00966	0.05146	0.05856	0.01111	0.14132	0.08832	0.03329	0.01255	0.02353	0.06916	0.00202	0.07755	0.01606	0.01349	0.00629
29	0.01198	0.01057	0.00931	0.00859	0.01022	0.23259	0.00650	0.01405	0.06112	0.11887	0.10259	0.09798	0.03383	0.09836	0.06794	0.00226	0.04460	0.04310	0.02045	0.00510
30	0.04336	0.37029	0.19064	0.01153	0.08751	0.13120	0.01046	0.04101	0.01057	0.01336	0.00810	0.00931	0.01978	0.00439	0.00373	0.00119	0.00580	0.00311	0.00226	0.03239
31	0.05645	0.03314	0.06576	0.13129	0.20440	0.04348	0.03384	0.07579	0.04899	0.04304	0.03329	0.02335	0.00877	0.00539	0.00510	0.04815	0.00510	0.00409	0.00286	0.12772
32	0.03325	0.00875	0.03241	0.11792	0.15314	0.02239	0.00857	0.15659	0.02621	0.02595	0.05433	0.22846	0.08063	0.00830	0.00506	0.00158	0.00435	0.02278	0.00366	0.00567

[dist]
# distance from previous block
# <min> <max>
0	75

[block]
# block no. 7 follows, 55 sequences, length 13
# corresponding to MSA columns:
# 394-406
name=unknown_H
#
# <colnr> <probs for GDERKNQSTAVLIFYWHMCP>
#	G	D	E	R	K	N	Q	S	T	A	V	L	I	F	Y	W	H	M	C	P
0	0.02919	0.02980	0.10750	0.01713	0.30705	0.01065	0.05514	0.03309	0.19173	0.05204	0.03473	0.03806	0.03081	0.00550	0.00493	0.00147	0.02512	0.00486	0.00322	0.01798
1	0.01148	0.11183	0.01382	0.10376	0.14052	0.05032	0.01903	0.05941	0.10953	0.05935	0.01283	0.07283	0.03936	0.00563	0.00450	0.00130	0.01671	0.00470	0.00317	0.15991
2	0.00973	0.00830	0.04520	0.00795	0.01016	0.00795	0.02004	0.17496	0.14634	0.02839	0.08093	0.17512	0.21371	0.02905	0.00566	0.00166	0.00362	0.02130	0.00436	0.00556
3	0.78112	0.00888	0.00725	0.00634	0.00930	0.01006	0.00523	0.01461	0.00848	0.10302	0.00771	0.00842	0.00571	0.00447	0.00307	0.00144	0.00364	0.00274	0.00318	0.00534
4	0.01369	0.00888	0.01036	0.00808	0.01138	0.00845	0.00650	0.20189	0.06616	0.18553	0.04209	0.01402	0.01068	0.02411	0.04169	0.00152	0.00429	0.00416	0.05192	0.28461
5	0.00871	0.00575	0.00682	0.00626	0.00786	0.00561	0.00479	0.01239	0.12995	0.08616	0.42009	0.02936	0.12473	0.00843	0.00500	0.00144	0.00259	0.00723	0.12177	0.00508
6	0.06416	0.11150	0.04102	0.00820	0.01103	0.01033	0.00687	0.09359	0.28498	0.01805	0.12346	0.05891	0.05998	0.00666	0.00447	0.00140	0.00375	0.00544	0.00400	0.08219
7	0.01208	0.67082	0.04559	0.00818	0.01184	0.07247	0.00794	0.01374	0.01011	0.01189	0.08963	0.01044	0.00991	0.00463	0.00337	0.00107	0.00498	0.00317	0.00234	0.00579
8	0.01036	0.17132	0.31860	0.01003	0.01429	0.01134	0.01078	0.07485	0.10393	0.02884	0.01450	0.04450	0.09156	0.00767	0.05270	0.00178	0.01910	0.00467	0.00293	0.00625
9	0.01279	0.61352	0.08594	0.00878	0.01274	0.01646	0.00876	0.08124	0.01059	0.04903	0.00770	0.00872	0.00653	0.00516	0.02406	0.00129	0.03514	0.00293	0.00240	0.00622
10	0.00918	0.05115	0.06092	0.00761	0.00955	0.03219	0.00624	0.09182	0.06015	0.05948	0.09792	0.30889	0.13570	0.01097	0.03471	0.00181	0.00391	0.00855	0.00414	0.00512
11	0.00677	0.00567	0.00635	0.00623	0.03232	0.00504	0.00448	0.00911	0.06914	0.01430	0.15916	0.03608	0.49727	0.03182	0.00568	0.00153	0.00270	0.00827	0.00421	0.09388
12	0.13177	0.01025	0.01549	0.06454	0.51083	0.01045	0.01157	0.03349	0.03226	0.08297	0.00953	0.01144	0.00751	0.00439	0.00433	0.00138	0.00501	0.00393	0.00280	0.04606

[dist]
# distance from previous block
# <min> <max>
2	7

[block]
# block no. 8 follows, 55 sequences, length 134
# corresponding to MSA columns:
# 414-418,421-429,459-462,466-473,484-591
name=unknown_I
#
# <colnr> <probs for GDERKNQSTAVLIFYWHMCP>
#	G	D	E	R	K	N	Q	S	T	A	V	L	I	F	Y	W	H	M	C	P
0	0.01250	0.04339	0.01234	0.03181	0.06525	0.05622	0.05090	0.12444	0.07408	0.11537	0.01396	0.08765	0.04262	0.01872	0.00474	0.00132	0.00448	0.00497	0.00364	0.23161
1	0.02258	0.05058	0.08650	0.16357	0.08702	0.01097	0.13790	0.16184	0.03554	0.10234	0.04287	0.02424	0.00947	0.00509	0.00467	0.00144	0.00553	0.00457	0.01551	0.02777
2	0.00933	0.02201	0.70323	0.05199	0.02027	0.01067	0.04122	0.01437	0.00984	0.01461	0.02220	0.01047	0.00663	0.00455	0.00467	0.00147	0.02203	0.00362	0.00205	0.02475
3	0.01087	0.01031	0.01741	0.14535	0.63973	0.01064	0.01356	0.01380	0.02338	0.01467	0.00966	0.03020	0.00836	0.00472	0.00469	0.00144	0.00550	0.02641	0.00241	0.00688
4	0.01119	0.01042	0.01742	0.10420	0.65135	0.01046	0.01326	0.01389	0.01042	0.02914	0.00913	0.02555	0.00770	0.00436	0.00456	0.00136	0.00538	0.00422	0.00241	0.06357
5	0.01139	0.01022	0.01625	0.10735	0.39877	0.01040	0.07744	0.05488	0.09577	0.04174	0.01138	0.02398	0.01986	0.00493	0.00468	0.00141	0.00524	0.02354	0.00292	0.07785
6	0.00566	0.00471	0.00492	0.00489	0.00636	0.00399	0.00365	0.00694	0.01085	0.01329	0.14328	0.05560	0.68530	0.02282	0.00575	0.00160	0.00237	0.00965	0.00440	0.00397
7	0.01266	0.70704	0.04883	0.00862	0.01250	0.09288	0.01871	0.01430	0.00991	0.01133	0.02361	0.00827	0.00679	0.00419	0.00323	0.00105	0.00534	0.00273	0.00210	0.00592
8	0.00771	0.00417	0.00578	0.00578	0.00578	0.00417	0.00370	0.00626	0.00626	0.00835	0.00993	0.01873	0.01056	0.24689	0.01973	0.62273	0.00417	0.00481	0.00224	0.00224
9	0.02251	0.01069	0.01523	0.42437	0.17427	0.10135	0.06327	0.01463	0.03800	0.07728	0.00948	0.01218	0.00715	0.00467	0.00463	0.00147	0.00613	0.00416	0.00257	0.00598
10	0.12371	0.43469	0.11073	0.00931	0.01312	0.19811	0.00891	0.03141	0.01041	0.01315	0.00695	0.00804	0.00589	0.00429	0.00345	0.00116	0.00580	0.00275	0.00225	0.00586
11	0.01151	0.01105	0.01888	0.02855	0.80748	0.01105	0.01428	0.01428	0.01059	0.01520	0.00875	0.01151	0.00737	0.00415	0.00461	0.00138	0.00553	0.00415	0.00230	0.00737
12	0.00566	0.00420	0.00528	0.00610	0.00666	0.00383	0.00416	0.00659	0.00938	0.01222	0.05301	0.65049	0.18773	0.01386	0.00584	0.00181	0.00261	0.01239	0.00434	0.00383
13	0.00679	0.00483	0.00667	0.00683	0.00768	0.00503	0.00514	0.00827	0.00905	0.03206	0.12769	0.17848	0.07589	0.06893	0.38164	0.00454	0.00734	0.05550	0.00354	0.00413
14	0.00571	0.00408	0.00545	0.00653	0.00682	0.00382	0.00440	0.00656	0.00895	0.01193	0.02562	0.81418	0.03067	0.01453	0.00595	0.00190	0.00274	0.03207	0.00432	0.00379
15	0.03530	0.01218	0.01334	0.01025	0.01393	0.01320	0.00846	0.66050	0.02030	0.14678	0.01216	0.01180	0.00840	0.00559	0.00462	0.00140	0.00491	0.00423	0.00478	0.00785
16	0.00987	0.00840	0.00976	0.00699	0.01112	0.00643	0.00560	0.03299	0.00998	0.01555	0.00835	0.00969	0.00692	0.00350	0.00348	0.00071	0.00349	0.00280	0.00281	0.84157
17	0.00567	0.00405	0.00540	0.00648	0.00675	0.00378	0.00432	0.00648	0.00891	0.01188	0.02564	0.83347	0.03077	0.01457	0.00594	0.00189	0.00270	0.01323	0.00432	0.00378
18	0.01157	0.00999	0.01052	0.00947	0.01210	0.01157	0.00736	0.02472	0.79908	0.01946	0.01893	0.01736	0.01420	0.00631	0.00473	0.00158	0.00368	0.00526	0.00473	0.00736
19	0.01200	0.01090	0.01072	0.00965	0.01227	0.07138	0.00748	0.02426	0.74078	0.01886	0.01806	0.01669	0.01359	0.00620	0.00469	0.00155	0.00403	0.00509	0.00456	0.00722
20	0.00654	0.00469	0.00608	0.00583	0.00680	0.00436	0.00427	0.00848	0.01242	0.01751	0.69660	0.08547	0.04106	0.07118	0.00687	0.00172	0.00240	0.00860	0.00490	0.00423
21	0.86937	0.00900	0.00684	0.00612	0.00900	0.01044	0.00504	0.01368	0.00792	0.02087	0.00648	0.00756	0.00504	0.00432	0.00288	0.00144	0.00360	0.00252	0.00288	0.00504
22	0.01738	0.02217	0.01318	0.01199	0.01438	0.81783	0.00899	0.01858	0.01318	0.01139	0.00719	0.00839	0.00599	0.00479	0.00419	0.00120	0.00839	0.00300	0.00240	0.00539
23	0.00567	0.00405	0.00540	0.00648	0.00675	0.00378	0.00432	0.00648	0.00891	0.01188	0.02564	0.83347	0.03077	0.01457	0.00594	0.00189	0.00270	0.01323	0.00432	0.00378
24	0.00965	0.00827	0.00965	0.00689	0.01102	0.00620	0.00551	0.01171	0.00965	0.01516	0.00827	0.00965	0.00689	0.00345	0.00345	0.00069	0.00345	0.00276	0.00276	0.86494
25	0.00677	0.00451	0.00507	0.00507	0.00507	0.00451	0.00282	0.00677	0.00677	0.00902	0.01466	0.03044	0.01691	0.83650	0.02368	0.00451	0.00451	0.00677	0.00282	0.00282
26	0.00879	0.00827	0.01395	0.82532	0.03204	0.01034	0.01292	0.01189	0.00930	0.01189	0.00827	0.01240	0.00620	0.00465	0.00465	0.00155	0.00620	0.00413	0.00207	0.00517
27	0.00879	0.00827	0.01395	0.82532	0.03204	0.01034	0.01292	0.01189	0.00930	0.01189	0.00827	0.01240	0.00620	0.00465	0.00465	0.00155	0.00620	0.00413	0.00207	0.00517
28	0.00553	0.00468	0.00479	0.00484	0.00632	0.00393	0.00360	0.00671	0.01057	0.01266	0.06290	0.08907	0.74478	0.01189	0.00552	0.00159	0.00237	0.00998	0.00434	0.00393
29	0.00867	0.00434	0.00434	0.00434	0.00542	0.00434	0.00325	0.01084	0.00976	0.01734	0.01518	0.01734	0.01192	0.00542	0.00325	0.00108	0.00217	0.00434	0.86233	0.00434
30	0.01137	0.01087	0.01852	0.02791	0.78461	0.01086	0.01399	0.01412	0.01067	0.01530	0.03150	0.01218	0.00841	0.00430	0.00463	0.00138	0.00543	0.00427	0.00238	0.00728
31	0.00964	0.05949	0.74497	0.01342	0.04165	0.01119	0.01659	0.02498	0.00999	0.01477	0.00831	0.00978	0.00596	0.00441	0.00436	0.00145	0.00673	0.00343	0.00201	0.00686
32	0.00671	0.00470	0.00623	0.00627	0.00666	0.00507	0.00430	0.00745	0.00715	0.00992	0.01386	0.05407	0.01473	0.41224	0.39050	0.02977	0.00811	0.00610	0.00270	0.00345
33	0.86937	0.00900	0.00684	0.00612	0.00900	0.01044	0.00504	0.01368	0.00792	0.02087	0.00648	0.00756	0.00504	0.00432	0.00288	0.00144	0.00360	0.00252	0.00288	0.00504
34	0.01875	0.00745	0.01011	0.00792	0.01114	0.00647	0.00647	0.02060	0.01329	0.69279	0.13547	0.01865	0.01634	0.00632	0.00480	0.00144	0.00370	0.00523	0.00566	0.00739
35	0.01230	0.80194	0.06050	0.00820	0.01232	0.01806	0.00838	0.01397	0.00947	0.01112	0.00655	0.00757	0.00597	0.00400	0.00305	0.00102	0.00506	0.00253	0.00199	0.00601
36	0.00583	0.00472	0.00516	0.00505	0.00646	0.00407	0.00377	0.00729	0.01128	0.01427	0.26627	0.04163	0.57188	0.02465	0.00579	0.00159	0.00234	0.00936	0.00453	0.00404
37	0.01157	0.00999	0.01052	0.00947	0.01210	0.01157	0.00736	0.02472	0.79908	0.01946	0.01893	0.01736	0.01420	0.00631	0.00473	0.00158	0.00368	0.00526	0.00473	0.00736
38	0.00862	0.00435	0.00438	0.00437	0.00546	0.00434	0.00328	0.01079	0.00984	0.01738	0.03433	0.01777	0.01270	0.00552	0.00331	0.00109	0.00217	0.00443	0.84154	0.00434
39	0.78244	0.00941	0.00756	0.00659	0.00955	0.01084	0.00543	0.09311	0.00934	0.02173	0.00696	0.00793	0.00533	0.00445	0.00306	0.00144	0.00375	0.00269	0.00306	0.00533
40	0.00933	0.02406	0.81240	0.01326	0.02014	0.01080	0.01719	0.01473	0.00982	0.01473	0.00835	0.00982	0.00589	0.00442	0.00442	0.00147	0.00688	0.00344	0.00196	0.00688
41	0.00780	0.00570	0.00772	0.00863	0.00982	0.00582	0.00749	0.01076	0.06919	0.01433	0.02421	0.04987	0.02584	0.01237	0.00630	0.00210	0.00424	0.71898	0.00432	0.00451
42	0.01959	0.00763	0.01039	0.00806	0.01143	0.00662	0.00662	0.02142	0.01330	0.73956	0.08902	0.01753	0.01442	0.00610	0.00475	0.00144	0.00380	0.00501	0.00570	0.00760
43	0.00688	0.00446	0.00565	0.00631	0.00704	0.00430	0.00472	0.00845	0.00992	0.01435	0.10239	0.38846	0.02661	0.01143	0.00533	0.00170	0.00284	0.16809	0.21697	0.00408
44	0.01642	0.00715	0.00892	0.00718	0.00994	0.00664	0.00582	0.08463	0.01292	0.47499	0.03444	0.01634	0.01206	0.00572	0.00424	0.00132	0.00345	0.00461	0.27648	0.00671
45	0.01113	0.02781	0.09049	0.00888	0.01214	0.06878	0.02212	0.16198	0.08554	0.01819	0.14739	0.06681	0.03234	0.00624	0.00452	0.00127	0.00433	0.00516	0.00371	0.22119
46	0.01315	0.01134	0.05571	0.05837	0.16981	0.02289	0.00942	0.25667	0.01388	0.06001	0.00977	0.01095	0.00743	0.00451	0.00424	0.00118	0.00481	0.00369	0.00333	0.27884
47	0.00560	0.00431	0.00513	0.00578	0.00656	0.00384	0.00401	0.00656	0.00958	0.01215	0.03416	0.52084	0.33790	0.01347	0.00576	0.00176	0.00256	0.01187	0.00432	0.00384
48	0.00575	0.00418	0.00542	0.00626	0.00673	0.00386	0.00426	0.00673	0.00950	0.01264	0.10840	0.68099	0.10051	0.01380	0.00585	0.00182	0.00262	0.01243	0.00440	0.00386
49	0.01195	0.01287	0.02162	0.02320	0.41154	0.10069	0.31910	0.01500	0.01103	0.01466	0.00884	0.01158	0.00709	0.00413	0.00491	0.00143	0.00676	0.00455	0.00233	0.00672
50	0.76920	0.00939	0.00763	0.00662	0.00960	0.01079	0.00545	0.09325	0.00943	0.03405	0.00714	0.00806	0.00543	0.00447	0.00309	0.00144	0.00376	0.00272	0.00311	0.00538
51	0.01331	0.00797	0.01087	0.02532	0.01216	0.00788	0.06503	0.11230	0.09381	0.26414	0.05603	0.12818	0.03048	0.00829	0.00526	0.00165	0.00419	0.14214	0.00469	0.00628
52	0.03917	0.00943	0.01257	0.03661	0.11464	0.02925	0.06586	0.05700	0.11572	0.02852	0.03046	0.05456	0.02816	0.00614	0.00561	0.00140	0.08525	0.05634	0.00325	0.22008
53	0.01074	0.02523	0.21148	0.01617	0.02083	0.04551	0.46973	0.03654	0.01071	0.01458	0.00941	0.01291	0.00746	0.06596	0.00664	0.00174	0.02095	0.00489	0.00235	0.00615
54	0.00933	0.02406	0.81240	0.01326	0.02014	0.01080	0.01719	0.01473	0.00982	0.01473	0.00835	0.00982	0.00589	0.00442	0.00442	0.00147	0.00688	0.00344	0.00196	0.00688
55	0.00808	0.00404	0.00606	0.00606	0.00606	0.00404	0.00404	0.00606	0.00606	0.00808	0.00808	0.01414	0.00808	0.01616	0.01818	0.86465	0.00404	0.00404	0.00202	0.00202
56	0.01974	0.00763	0.01040	0.00814	0.01150	0.00661	0.00665	0.02147	0.01299	0.75145	0.01889	0.07649	0.01294	0.00641	0.00477	0.00147	0.00387	0.00531	0.00565	0.00761
57	0.00567	0.00405	0.00540	0.00648	0.00675	0.00378	0.00432	0.00648	0.00891	0.01188	0.02564	0.83347	0.03077	0.01457	0.00594	0.00189	0.00270	0.01323	0.00432	0.00378
58	0.00869	0.00669	0.00784	0.00721	0.00892	0.00698	0.00555	0.02832	0.26967	0.03445	0.47625	0.02904	0.05369	0.00848	0.00524	0.00152	0.00283	0.02821	0.00495	0.00548
59	0.01151	0.01105	0.01888	0.02855	0.80748	0.01105	0.01428	0.01428	0.01059	0.01520	0.00875	0.01151	0.00737	0.00415	0.00461	0.00138	0.00553	0.00415	0.00230	0.00737
60	0.00885	0.00834	0.01408	0.80565	0.05119	0.01035	0.01295	0.01195	0.00933	0.01197	0.00828	0.01238	0.00623	0.00464	0.00465	0.00155	0.00618	0.00413	0.00207	0.00522
61	0.01012	0.01009	0.01413	0.01213	0.01214	0.01410	0.01010	0.01114	0.00713	0.01119	0.00622	0.01032	0.00621	0.00862	0.02957	0.00213	0.81346	0.00409	0.00204	0.00507
62	0.01043	0.01771	0.46781	0.03035	0.03088	0.01025	0.04091	0.04952	0.01040	0.05801	0.02187	0.01132	0.01926	0.00492	0.00535	0.00142	0.07883	0.00378	0.00251	0.12446
63	0.01566	0.01173	0.01255	0.01006	0.01336	0.01308	0.00817	0.53069	0.23987	0.04038	0.01365	0.01324	0.00991	0.00579	0.00462	0.00144	0.00458	0.00450	0.03912	0.00761
64	0.00933	0.02406	0.81240	0.01326	0.02014	0.01080	0.01719	0.01473	0.00982	0.01473	0.00835	0.00982	0.00589	0.00442	0.00442	0.00147	0.00688	0.00344	0.00196	0.00688
65	0.01240	0.71832	0.08218	0.00912	0.03539	0.05367	0.00887	0.01421	0.00968	0.01137	0.00671	0.00780	0.00601	0.00405	0.00319	0.00105	0.00529	0.00263	0.00202	0.00605
66	0.00578	0.00445	0.00526	0.00563	0.00657	0.00396	0.00399	0.00696	0.01029	0.01327	0.16790	0.36277	0.34682	0.02688	0.00599	0.00173	0.00251	0.01091	0.00443	0.00393
67	0.00676	0.00453	0.00516	0.00516	0.00519	0.00456	0.00293	0.00682	0.00679	0.00908	0.01458	0.03000	0.01672	0.80757	0.05235	0.00462	0.00480	0.00670	0.00281	0.00287
68	0.86937	0.00900	0.00684	0.00612	0.00900	0.01044	0.00504	0.01368	0.00792	0.02087	0.00648	0.00756	0.00504	0.00432	0.00288	0.00144	0.00360	0.00252	0.00288	0.00504
69	0.00863	0.00523	0.00676	0.00611	0.00763	0.00471	0.00468	0.01067	0.01295	0.13731	0.61443	0.03286	0.11155	0.00916	0.00537	0.00147	0.00248	0.00798	0.00514	0.00488
70	0.01098	0.01255	0.02745	0.01961	0.02431	0.01176	0.79059	0.01490	0.01098	0.01490	0.00941	0.01255	0.00706	0.00392	0.00549	0.00157	0.00784	0.00549	0.00235	0.00627
71	0.00560	0.00431	0.00513	0.00579	0.00657	0.00384	0.00401	0.00656	0.00957	0.01215	0.03401	0.52642	0.33242	0.01349	0.00577	0.00177	0.00257	0.01190	0.00432	0.00384
