[name]
unknown

[dist]
# distance from previous block
# <min> <max>
10	229

[block]
# block no. 0 follows, 39 sequences, length 19
# corresponding to MSA columns:
# 394-405,409-415
name=unknown_A
#
# <colnr> <probs for GDERKNQSTAVLIFYWHMCP>
#	G	D	E	R	K	N	Q	S	T	A	V	L	I	F	Y	W	H	M	C	P
0	0.03251	0.01225	0.01421	0.04005	0.03417	0.01341	0.00984	0.26633	0.15407	0.07737	0.02135	0.09503	0.06367	0.00933	0.00706	0.00197	0.05672	0.04281	0.00538	0.04247
1	0.09969	0.01560	0.01597	0.01391	0.05076	0.10235	0.03662	0.34903	0.11767	0.02844	0.01546	0.01822	0.01219	0.00737	0.00574	0.00183	0.00646	0.05094	0.04313	0.00862
2	0.01083	0.00797	0.00993	0.00985	0.01133	0.04202	0.03947	0.05938	0.01345	0.07547	0.03004	0.53297	0.07058	0.01541	0.00718	0.00225	0.00446	0.04612	0.00543	0.00584
3	0.01295	0.01241	0.04991	0.05697	0.32973	0.01168	0.07589	0.01745	0.08803	0.04135	0.01887	0.09982	0.06598	0.04996	0.00746	0.00208	0.00626	0.00735	0.00386	0.04199
4	0.01572	0.01192	0.01475	0.01228	0.01605	0.01253	0.07241	0.05198	0.42082	0.12838	0.02333	0.05697	0.04894	0.00810	0.00606	0.00189	0.00510	0.00700	0.00567	0.08009
5	0.01480	0.01131	0.01347	0.01068	0.04534	0.00953	0.00814	0.08835	0.04477	0.08976	0.01265	0.01369	0.00984	0.00511	0.00481	0.00114	0.00477	0.00412	0.00418	0.60355
6	0.01911	0.01438	0.01503	0.01225	0.01591	0.07627	0.00983	0.38196	0.05127	0.10754	0.01885	0.10597	0.04745	0.00880	0.00677	0.00185	0.04766	0.00688	0.00548	0.04673
7	0.01495	0.01236	0.01327	0.01163	0.01522	0.01374	0.00909	0.02959	0.63764	0.05516	0.02263	0.02096	0.01694	0.00761	0.00584	0.00188	0.00466	0.00632	0.00581	0.09466
8	0.01226	0.01051	0.01226	0.00876	0.01401	0.00788	0.00701	0.01489	0.01226	0.01927	0.01051	0.01226	0.00876	0.00438	0.00438	0.00088	0.00438	0.00350	0.00350	0.82832
9	0.01117	0.01051	0.01774	0.77795	0.04073	0.01314	0.01642	0.01511	0.01182	0.01511	0.01051	0.01577	0.00788	0.00591	0.00591	0.00197	0.00788	0.00526	0.00263	0.00657
10	0.00699	0.00599	0.00599	0.00599	0.00799	0.00499	0.00449	0.00849	0.01348	0.01598	0.05991	0.05691	0.75288	0.01498	0.00699	0.00200	0.00300	0.01248	0.00549	0.00499
11	0.01528	0.69358	0.12852	0.01102	0.01657	0.02211	0.01168	0.01784	0.01208	0.01456	0.00854	0.00989	0.00758	0.00513	0.00404	0.00135	0.00665	0.00332	0.00253	0.00774
12	0.00709	0.00588	0.00620	0.00636	0.00811	0.00500	0.00468	0.00859	0.01336	0.01625	0.09112	0.15391	0.62249	0.01531	0.00706	0.00204	0.00304	0.01297	0.00554	0.00500
13	0.02248	0.01656	0.01775	0.01361	0.01834	0.01834	0.01124	0.73556	0.02780	0.03727	0.01420	0.01420	0.01006	0.00710	0.00592	0.00177	0.00651	0.00532	0.00592	0.01006
14	0.01117	0.01051	0.01774	0.77795	0.04073	0.01314	0.01642	0.01511	0.01182	0.01511	0.01051	0.01577	0.00788	0.00591	0.00591	0.00197	0.00788	0.00526	0.00263	0.00657
15	0.02653	0.01006	0.01372	0.01052	0.01510	0.00869	0.00869	0.02882	0.01693	0.75937	0.02333	0.02013	0.01464	0.00732	0.00595	0.00183	0.00503	0.00595	0.00732	0.01006
16	0.02248	0.01656	0.01775	0.01361	0.01834	0.01834	0.01124	0.73556	0.02780	0.03727	0.01420	0.01420	0.01006	0.00710	0.00592	0.00177	0.00651	0.00532	0.00592	0.01006
17	0.02248	0.01656	0.01775	0.01361	0.01834	0.01834	0.01124	0.73556	0.02780	0.03727	0.01420	0.01420	0.01006	0.00710	0.00592	0.00177	0.00651	0.00532	0.00592	0.01006
18	0.02173	0.01628	0.01778	0.01376	0.01812	0.01832	0.01137	0.67877	0.02633	0.03546	0.01369	0.01410	0.00988	0.00736	0.00698	0.00184	0.06751	0.00531	0.00565	0.00977

[dist]
# distance from previous block
# <min> <max>
5	11

[block]
# block no. 1 follows, 39 sequences, length 8
# corresponding to MSA columns:
# 434,435,437-442
name=unknown_B
#
# <colnr> <probs for GDERKNQSTAVLIFYWHMCP>
#	G	D	E	R	K	N	Q	S	T	A	V	L	I	F	Y	W	H	M	C	P
0	0.02248	0.01656	0.01775	0.01361	0.01834	0.01834	0.01124	0.73556	0.02780	0.03727	0.01420	0.01420	0.01006	0.00710	0.00592	0.00177	0.00651	0.00532	0.00592	0.01006
1	0.02003	0.01535	0.01637	0.01311	0.01741	0.01720	0.01065	0.51368	0.25367	0.03332	0.01731	0.01668	0.01258	0.00739	0.00595	0.00185	0.00593	0.00575	0.00595	0.00984
2	0.01226	0.01051	0.01226	0.00876	0.01401	0.00788	0.00701	0.01489	0.01226	0.01927	0.01051	0.01226	0.00876	0.00438	0.00438	0.00088	0.00438	0.00350	0.00350	0.82832
3	0.01236	0.12668	0.66978	0.01601	0.02429	0.01495	0.02038	0.01860	0.01243	0.01812	0.01031	0.01211	0.00750	0.00555	0.00539	0.00180	0.00844	0.00422	0.00250	0.00860
4	0.01502	0.01655	0.01802	0.46163	0.10128	0.25679	0.01498	0.01814	0.01357	0.01530	0.01013	0.01401	0.00794	0.00591	0.00572	0.00181	0.00870	0.00479	0.00279	0.00693
5	0.01199	0.02295	0.51890	0.01403	0.02062	0.01132	0.01682	0.01751	0.01387	0.07116	0.19940	0.02104	0.02023	0.00738	0.00598	0.00187	0.00698	0.00608	0.00385	0.00803
6	0.00763	0.00547	0.00674	0.00745	0.00799	0.00512	0.00489	0.00859	0.01133	0.01497	0.09004	0.44975	0.12282	0.21362	0.01315	0.00315	0.00391	0.01371	0.00509	0.00458
7	0.00938	0.10014	0.11376	0.00918	0.01116	0.00856	0.00784	0.01105	0.01079	0.01441	0.02226	0.32442	0.02531	0.26114	0.01405	0.00327	0.00531	0.03856	0.00413	0.00531

[dist]
# distance from previous block
# <min> <max>
4	12

[block]
# block no. 2 follows, 39 sequences, length 8
# corresponding to MSA columns:
# 529-536
name=unknown_C
#
# <colnr> <probs for GDERKNQSTAVLIFYWHMCP>
#	G	D	E	R	K	N	Q	S	T	A	V	L	I	F	Y	W	H	M	C	P
0	0.22443	0.00738	0.00793	0.00890	0.04273	0.00748	0.00609	0.01113	0.01154	0.01847	0.03102	0.39453	0.18018	0.01376	0.00633	0.00214	0.00380	0.01181	0.00489	0.00547
1	0.38846	0.01087	0.01051	0.00919	0.01229	0.03312	0.04293	0.03914	0.12706	0.02471	0.06867	0.01715	0.01396	0.00670	0.00465	0.00177	0.00458	0.00504	0.17238	0.00682
2	0.00725	0.00528	0.00684	0.00797	0.00854	0.00487	0.00540	0.00843	0.01185	0.01569	0.07740	0.67517	0.10791	0.01781	0.00746	0.00233	0.00335	0.01604	0.00555	0.00487
3	0.58895	0.01523	0.16327	0.00990	0.01468	0.01293	0.00978	0.01875	0.01121	0.09456	0.01016	0.01120	0.00741	0.00569	0.00428	0.00184	0.00547	0.00370	0.00377	0.00723
4	0.00827	0.00580	0.00748	0.00776	0.00816	0.00606	0.00515	0.00913	0.00944	0.01291	0.02063	0.18736	0.02303	0.40265	0.25380	0.00622	0.00839	0.00958	0.00385	0.00436
5	0.04643	0.01128	0.01763	0.25180	0.32546	0.01222	0.01388	0.04480	0.01243	0.01748	0.01248	0.01968	0.01131	0.16662	0.01075	0.00264	0.00690	0.00586	0.00312	0.00725
6	0.01229	0.02759	0.61279	0.01851	0.02668	0.01398	0.16758	0.01877	0.01279	0.01877	0.01089	0.01320	0.00779	0.00549	0.00590	0.00190	0.00899	0.00490	0.00260	0.00858
7	0.01328	0.30452	0.49998	0.01444	0.02187	0.01719	0.01765	0.01836	0.01232	0.01700	0.00976	0.01141	0.00753	0.00542	0.00497	0.00166	0.00788	0.00394	0.00251	0.00833

[dist]
# distance from previous block
# <min> <max>
0	1

[block]
# block no. 3 follows, 39 sequences, length 22
# corresponding to MSA columns:
# 538-542,566-582
name=unknown_D
#
# <colnr> <probs for GDERKNQSTAVLIFYWHMCP>
#	G	D	E	R	K	N	Q	S	T	A	V	L	I	F	Y	W	H	M	C	P
0	0.02109	0.01020	0.01274	0.01042	0.01424	0.00986	0.00839	0.02725	0.20851	0.46672	0.08901	0.02289	0.01927	0.00792	0.00598	0.00186	0.00464	0.00655	0.04321	0.00927
1	0.01122	0.03518	0.01559	0.01293	0.01537	0.00894	0.18384	0.01444	0.05968	0.07353	0.02543	0.42770	0.02722	0.01313	0.00710	0.00221	0.00543	0.04973	0.00495	0.00640
2	0.01488	0.61524	0.20332	0.01171	0.01764	0.02112	0.01289	0.01795	0.01213	0.01505	0.00879	0.01019	0.00757	0.00519	0.00422	0.00141	0.00689	0.00345	0.00252	0.00786
3	0.00721	0.00515	0.00686	0.00823	0.00858	0.00480	0.00549	0.00823	0.01132	0.01510	0.03259	0.78831	0.03911	0.01853	0.00755	0.00240	0.00343	0.01681	0.00549	0.00480
4	0.01117	0.01051	0.01774	0.77795	0.04073	0.01314	0.01642	0.01511	0.01182	0.01511	0.01051	0.01577	0.00788	0.00591	0.00591	0.00197	0.00788	0.00526	0.00263	0.00657
5	0.02174	0.01655	0.01719	0.01342	0.01787	0.05160	0.01098	0.66878	0.02652	0.03519	0.01484	0.05085	0.01133	0.00760	0.00597	0.00179	0.00655	0.00580	0.00577	0.00966
6	0.02248	0.01656	0.01775	0.01361	0.01834	0.01834	0.01124	0.73556	0.02780	0.03727	0.01420	0.01420	0.01006	0.00710	0.00592	0.00177	0.00651	0.00532	0.00592	0.01006
7	0.01471	0.01270	0.01337	0.01203	0.01538	0.01471	0.00936	0.03142	0.74459	0.02474	0.02407	0.02206	0.01805	0.00802	0.00602	0.00201	0.00468	0.00669	0.00602	0.00936
8	0.01186	0.03059	0.76153	0.01686	0.02560	0.01373	0.02185	0.01873	0.01249	0.01873	0.01061	0.01249	0.00749	0.00562	0.00562	0.00187	0.00874	0.00437	0.00250	0.00874
9	0.01186	0.03059	0.76153	0.01686	0.02560	0.01373	0.02185	0.01873	0.01249	0.01873	0.01061	0.01249	0.00749	0.00562	0.00562	0.00187	0.00874	0.00437	0.00250	0.00874
10	0.00721	0.00515	0.00686	0.00823	0.00858	0.00480	0.00549	0.00823	0.01132	0.01510	0.03259	0.78831	0.03911	0.01853	0.00755	0.00240	0.00343	0.01681	0.00549	0.00480
11	0.01475	0.49377	0.05833	0.01136	0.01598	0.01816	0.06289	0.01718	0.01206	0.05751	0.01082	0.01307	0.00932	0.01158	0.12890	0.00270	0.00808	0.00419	0.00299	0.04634
12	0.00813	0.00560	0.00686	0.00731	0.00751	0.00558	0.00455	0.00866	0.00957	0.01286	0.02295	0.28234	0.02666	0.47249	0.08872	0.00498	0.00588	0.01108	0.00417	0.00413
13	0.01225	0.01247	0.02399	0.05266	0.02332	0.01285	0.37982	0.01586	0.01289	0.01754	0.01701	0.07181	0.01639	0.00930	0.00913	0.00228	0.12543	0.17445	0.00364	0.00691
14	0.01422	0.53924	0.23179	0.01175	0.01765	0.01968	0.01305	0.01747	0.01223	0.01536	0.01181	0.01300	0.04974	0.00578	0.00448	0.00147	0.00680	0.00402	0.00269	0.00776
15	0.04341	0.01099	0.01356	0.01273	0.11551	0.00956	0.00866	0.06202	0.03900	0.02108	0.06675	0.01709	0.04318	0.00584	0.00501	0.00125	0.00473	0.00485	0.00397	0.51082
16	0.01261	0.03415	0.19239	0.01436	0.07930	0.05393	0.07128	0.04611	0.01501	0.05545	0.21331	0.02687	0.10979	0.00847	0.00619	0.00180	0.00604	0.00732	0.00444	0.04116
17	0.01283	0.01662	0.17242	0.06334	0.15272	0.01472	0.11797	0.01640	0.01166	0.01710	0.01071	0.04046	0.00931	0.00740	0.01037	0.00207	0.26066	0.00559	0.00284	0.05479
18	0.16843	0.03337	0.23822	0.04979	0.19876	0.01346	0.01481	0.05271	0.04802	0.04726	0.02878	0.01407	0.00983	0.00583	0.00529	0.00177	0.00664	0.00469	0.00348	0.05479
19	0.01446	0.01420	0.02452	0.05556	0.24473	0.04774	0.27346	0.01894	0.05572	0.04992	0.04114	0.01970	0.01289	0.00667	0.00720	0.00197	0.05164	0.04786	0.00357	0.00813
20	0.05417	0.27029	0.09967	0.08190	0.12853	0.01666	0.01263	0.06048	0.11109	0.06185	0.04010	0.01497	0.01155	0.00615	0.00513	0.00167	0.00632	0.00482	0.00373	0.00827
21	0.04177	0.01567	0.23160	0.01349	0.05862	0.02930	0.01229	0.04409	0.03110	0.01817	0.01998	0.26825	0.04963	0.01072	0.00750	0.00204	0.07948	0.00890	0.00398	0.05343

[dist]
# distance from previous block
# <min> <max>
7	51

[block]
# block no. 4 follows, 39 sequences, length 10
# corresponding to MSA columns:
# 636-644,648
name=unknown_E
#
# <colnr> <probs for GDERKNQSTAVLIFYWHMCP>
#	G	D	E	R	K	N	Q	S	T	A	V	L	I	F	Y	W	H	M	C	P
0	0.01275	0.01226	0.01679	0.28468	0.02440	0.06691	0.05072	0.04854	0.04545	0.01608	0.01173	0.01743	0.01019	0.07210	0.08567	0.00312	0.20585	0.00566	0.00310	0.00657
1	0.01357	0.02177	0.30394	0.01770	0.02306	0.11039	0.19973	0.01808	0.01326	0.01799	0.07405	0.01593	0.01208	0.00679	0.00812	0.00197	0.12520	0.00563	0.00305	0.00769
2	0.01117	0.01051	0.01774	0.77795	0.04073	0.01314	0.01642	0.01511	0.01182	0.01511	0.01051	0.01577	0.00788	0.00591	0.00591	0.00197	0.00788	0.00526	0.00263	0.00657
3	0.01464	0.01405	0.02400	0.03630	0.75528	0.01405	0.01815	0.01815	0.01347	0.01932	0.01112	0.01464	0.00937	0.00527	0.00585	0.00176	0.00703	0.00527	0.00293	0.00937
4	0.01581	0.79572	0.03099	0.01012	0.01518	0.02340	0.01012	0.01771	0.01202	0.01391	0.00822	0.00949	0.00759	0.00506	0.00379	0.00126	0.00632	0.00316	0.00253	0.00759
5	0.02248	0.01656	0.01775	0.01361	0.01834	0.01834	0.01124	0.73556	0.02780	0.03727	0.01420	0.01420	0.01006	0.00710	0.00592	0.00177	0.00651	0.00532	0.00592	0.01006
6	0.06430	0.01878	0.02249	0.01746	0.02197	0.28056	0.28224	0.02264	0.01538	0.17690	0.01320	0.01463	0.00957	0.00591	0.00599	0.00178	0.00886	0.00543	0.00398	0.00794
7	0.01606	0.01130	0.01085	0.00922	0.01195	0.06956	0.00729	0.27755	0.01835	0.02701	0.01665	0.01830	0.01271	0.00690	0.00488	0.00153	0.00474	0.00531	0.46257	0.00727
8	0.02248	0.01656	0.01775	0.01361	0.01834	0.01834	0.01124	0.73556	0.02780	0.03727	0.01420	0.01420	0.01006	0.00710	0.00592	0.00177	0.00651	0.00532	0.00592	0.01006
9	0.01287	0.22608	0.57488	0.01513	0.02293	0.01620	0.01885	0.01847	0.01237	0.01750	0.01000	0.01172	0.00752	0.00548	0.00515	0.00172	0.00812	0.00406	0.00251	0.00845

[dist]
# distance from previous block
# <min> <max>
0	3

[block]
# block no. 5 follows, 39 sequences, length 23
# corresponding to MSA columns:
# 652-674
name=unknown_F
#
# <colnr> <probs for GDERKNQSTAVLIFYWHMCP>
#	G	D	E	R	K	N	Q	S	T	A	V	L	I	F	Y	W	H	M	C	P
0	0.00743	0.00527	0.00694	0.00818	0.00853	0.00498	0.00548	0.00844	0.01116	0.01487	0.03123	0.68761	0.03725	0.09080	0.00968	0.00273	0.00373	0.04565	0.00531	0.00472
1	0.00721	0.00515	0.00686	0.00823	0.00858	0.00480	0.00549	0.00823	0.01132	0.01510	0.03259	0.78831	0.03911	0.01853	0.00755	0.00240	0.00343	0.01681	0.00549	0.00480
2	0.01784	0.01887	0.06135	0.01234	0.01554	0.32001	0.01001	0.18364	0.01762	0.02155	0.01477	0.09226	0.01284	0.00771	0.00547	0.00166	0.00729	0.00584	0.16616	0.00724
3	0.00732	0.00607	0.00647	0.00644	0.00833	0.00513	0.00478	0.00892	0.01350	0.01668	0.11600	0.12799	0.59384	0.01471	0.00695	0.00199	0.00307	0.01245	0.00551	0.03385
4	0.10457	0.01563	0.01658	0.01282	0.01744	0.01721	0.01059	0.61799	0.02532	0.08232	0.01418	0.01411	0.00998	0.00695	0.00569	0.00178	0.00622	0.00515	0.00578	0.00969
5	0.83394	0.01144	0.00869	0.00778	0.01144	0.01327	0.00640	0.01738	0.01006	0.02653	0.00823	0.00961	0.00640	0.00549	0.00366	0.00183	0.00457	0.00320	0.00366	0.00640
6	0.01117	0.01051	0.01774	0.77795	0.04073	0.01314	0.01642	0.01511	0.01182	0.01511	0.01051	0.01577	0.00788	0.00591	0.00591	0.00197	0.00788	0.00526	0.00263	0.00657
7	0.01471	0.01270	0.01337	0.01203	0.01538	0.01471	0.00936	0.03142	0.74459	0.02474	0.02407	0.02206	0.01805	0.00802	0.00602	0.00201	0.00468	0.00669	0.00602	0.00936
8	0.02248	0.01656	0.01775	0.01361	0.01834	0.01834	0.01124	0.73556	0.02780	0.03727	0.01420	0.01420	0.01006	0.00710	0.00592	0.00177	0.00651	0.00532	0.00592	0.01006
9	0.01117	0.01051	0.01774	0.77795	0.04073	0.01314	0.01642	0.01511	0.01182	0.01511	0.01051	0.01577	0.00788	0.00591	0.00591	0.00197	0.00788	0.00526	0.00263	0.00657
10	0.00723	0.00538	0.00674	0.00771	0.00847	0.00489	0.00529	0.00847	0.01212	0.01583	0.08433	0.58646	0.19077	0.01737	0.00739	0.00228	0.00330	0.01551	0.00556	0.00489
11	0.02248	0.01656	0.01775	0.01361	0.01834	0.01834	0.01124	0.73556	0.02780	0.03727	0.01420	0.01420	0.01006	0.00710	0.00592	0.00177	0.00651	0.00532	0.00592	0.01006
12	0.02248	0.01656	0.01775	0.01361	0.01834	0.01834	0.01124	0.73556	0.02780	0.03727	0.01420	0.01420	0.01006	0.00710	0.00592	0.00177	0.00651	0.00532	0.00592	0.01006
13	0.00785	0.00602	0.00719	0.00690	0.00852	0.00536	0.00517	0.01016	0.01552	0.02082	0.49334	0.04894	0.31642	0.01317	0.00698	0.00191	0.00287	0.01136	0.00613	0.00536
14	0.83394	0.01144	0.00869	0.00778	0.01144	0.01327	0.00640	0.01738	0.01006	0.02653	0.00823	0.00961	0.00640	0.00549	0.00366	0.00183	0.00457	0.00320	0.00366	0.00640
15	0.02248	0.01656	0.01775	0.01361	0.01834	0.01834	0.01124	0.73556	0.02780	0.03727	0.01420	0.01420	0.01006	0.00710	0.00592	0.00177	0.00651	0.00532	0.00592	0.01006
16	0.01339	0.01495	0.03217	0.02316	0.02868	0.01401	0.66036	0.01816	0.01424	0.01942	0.08661	0.01880	0.01370	0.00570	0.00698	0.00198	0.00925	0.00735	0.00335	0.00773
17	0.72311	0.01109	0.00909	0.00797	0.01164	0.01253	0.00655	0.01841	0.01084	0.10027	0.01015	0.01111	0.00755	0.00572	0.00391	0.00181	0.00456	0.00356	0.03338	0.00674
18	0.02248	0.01656	0.01775	0.01361	0.01834	0.01834	0.01124	0.73556	0.02780	0.03727	0.01420	0.01420	0.01006	0.00710	0.00592	0.00177	0.00651	0.00532	0.00592	0.01006
19	0.46430	0.01100	0.01097	0.00914	0.01313	0.01160	0.00750	0.02279	0.06463	0.30935	0.01518	0.01455	0.01041	0.00638	0.00471	0.00184	0.00476	0.00451	0.00524	0.00803
20	0.09688	0.01163	0.01350	0.01141	0.01384	0.10269	0.06686	0.01679	0.01478	0.12139	0.32137	0.02660	0.02871	0.00922	0.00806	0.00193	0.11516	0.00737	0.00507	0.00675
21	0.02248	0.01656	0.01775	0.01361	0.01834	0.01834	0.01124	0.73556	0.02780	0.03727	0.01420	0.01420	0.01006	0.00710	0.00592	0.00177	0.00651	0.00532	0.00592	0.01006
22	0.27818	0.03048	0.01439	0.34890	0.06798	0.03339	0.01171	0.01626	0.01211	0.03799	0.08482	0.01638	0.01247	0.00638	0.00522	0.00187	0.00622	0.00507	0.00349	0.00670

[dist]
# distance from previous block
# <min> <max>
7	37

[block]
# block no. 6 follows, 39 sequences, length 26
# corresponding to MSA columns:
# 723-748
name=unknown_G
#
# <colnr> <probs for GDERKNQSTAVLIFYWHMCP>
#	G	D	E	R	K	N	Q	S	T	A	V	L	I	F	Y	W	H	M	C	P
0	0.07260	0.01625	0.01719	0.01325	0.01791	0.01803	0.01094	0.69120	0.02671	0.03661	0.01383	0.01391	0.00983	0.00700	0.00578	0.00178	0.00639	0.00519	0.00578	0.00983
1	0.01137	0.01091	0.01898	0.72332	0.04002	0.01327	0.06847	0.01539	0.01198	0.01539	0.01062	0.01578	0.00796	0.00585	0.00599	0.00197	0.00803	0.00538	0.00265	0.00667
2	0.02070	0.01485	0.01585	0.01235	0.01656	0.01635	0.01014	0.62360	0.02542	0.03491	0.01499	0.01542	0.01085	0.00707	0.00564	0.00171	0.00593	0.00535	0.13296	0.00935
3	0.01458	0.01162	0.01313	0.00969	0.01459	0.01018	0.00782	0.18344	0.01591	0.02365	0.01192	0.01332	0.00946	0.00517	0.00472	0.00112	0.00478	0.00405	0.05481	0.58605
4	0.02248	0.01656	0.01775	0.01361	0.01834	0.01834	0.01124	0.73556	0.02780	0.03727	0.01420	0.01420	0.01006	0.00710	0.00592	0.00177	0.00651	0.00532	0.00592	0.01006
5	0.01226	0.01051	0.01226	0.00876	0.01401	0.00788	0.00701	0.01489	0.01226	0.01927	0.01051	0.01226	0.00876	0.00438	0.00438	0.00088	0.00438	0.00350	0.00350	0.82832
6	0.01294	0.01294	0.01811	0.01553	0.01553	0.01811	0.01294	0.01423	0.00906	0.01423	0.00776	0.01294	0.00776	0.01035	0.01941	0.00259	0.78134	0.00518	0.00259	0.00647
7	0.01393	0.01333	0.02273	0.18704	0.61005	0.01387	0.01780	0.01753	0.01313	0.01846	0.01100	0.01487	0.00907	0.00540	0.00587	0.00180	0.00720	0.00527	0.00287	0.00880
8	0.01030	0.00671	0.00831	0.00901	0.01047	0.00684	0.00748	0.01396	0.06612	0.01956	0.02676	0.08482	0.02671	0.01263	0.00661	0.00220	0.00437	0.38697	0.28449	0.00572
9	0.00805	0.00638	0.00744	0.00853	0.00909	0.04355	0.00580	0.00924	0.01201	0.01572	0.08597	0.69249	0.03878	0.01741	0.00739	0.00232	0.00375	0.01569	0.00544	0.00497
10	0.00726	0.00519	0.00691	0.00820	0.00859	0.00484	0.00549	0.00836	0.01156	0.01548	0.06432	0.75550	0.03985	0.01824	0.00752	0.00238	0.00340	0.01654	0.00553	0.00484
11	0.01186	0.03059	0.76153	0.01686	0.02560	0.01373	0.02185	0.01873	0.01249	0.01873	0.01061	0.01249	0.00749	0.00562	0.00562	0.00187	0.00874	0.00437	0.00250	0.00874
12	0.01471	0.01270	0.01337	0.01203	0.01538	0.01471	0.00936	0.03142	0.74459	0.02474	0.02407	0.02206	0.01805	0.00802	0.00602	0.00201	0.00468	0.00669	0.00602	0.00936
13	0.02248	0.01656	0.01775	0.01361	0.01834	0.01834	0.01124	0.73556	0.02780	0.03727	0.01420	0.01420	0.01006	0.00710	0.00592	0.00177	0.00651	0.00532	0.00592	0.01006
14	0.00860	0.00573	0.00645	0.00645	0.00645	0.00573	0.00358	0.00860	0.00860	0.01147	0.01863	0.03870	0.02150	0.79217	0.03010	0.00573	0.00573	0.00860	0.00358	0.00358
15	0.01102	0.00551	0.00551	0.00551	0.00689	0.00551	0.00413	0.01378	0.01240	0.02205	0.01929	0.02205	0.01516	0.00689	0.00413	0.00138	0.00276	0.00551	0.82500	0.00551
16	0.83394	0.01144	0.00869	0.00778	0.01144	0.01327	0.00640	0.01738	0.01006	0.02653	0.00823	0.00961	0.00640	0.00549	0.00366	0.00183	0.00457	0.00320	0.00366	0.00640
17	0.01795	0.01470	0.01466	0.01178	0.01597	0.11091	0.00941	0.24963	0.11736	0.08119	0.01472	0.01540	0.01117	0.00909	0.06079	0.00210	0.00680	0.00495	0.00482	0.22658
18	0.01472	0.01349	0.02279	0.03386	0.68968	0.01341	0.01715	0.01815	0.01376	0.04539	0.05101	0.01640	0.01202	0.00570	0.00592	0.00176	0.00673	0.00558	0.00327	0.00919
19	0.07325	0.01170	0.01407	0.01039	0.01542	0.01022	0.05244	0.09759	0.04884	0.02207	0.01150	0.01298	0.00919	0.00498	0.00474	0.00117	0.00499	0.00405	0.00388	0.58650
20	0.01301	0.01074	0.01229	0.01058	0.01382	0.02969	0.03229	0.07133	0.24517	0.04294	0.06000	0.14840	0.07853	0.00964	0.00609	0.00180	0.00468	0.02261	0.00522	0.18116
21	0.01101	0.07349	0.27137	0.01497	0.04377	0.01151	0.12048	0.01483	0.01220	0.01709	0.01806	0.27697	0.01860	0.00996	0.00670	0.00201	0.02861	0.00893	0.00364	0.03579
22	0.06247	0.06302	0.01507	0.01244	0.05226	0.11940	0.02603	0.02237	0.07973	0.28347	0.07551	0.07395	0.01720	0.00793	0.00609	0.00179	0.02521	0.00640	0.00528	0.04436
23	0.05508	0.21193	0.04960	0.03044	0.04020	0.11278	0.00964	0.01858	0.04603	0.09567	0.10582	0.01819	0.03628	0.00771	0.02467	0.00173	0.00621	0.00521	0.00405	0.12019
24	0.03718	0.01687	0.04095	0.01475	0.07240	0.22798	0.04711	0.07717	0.08796	0.10002	0.04711	0.03675	0.08501	0.00794	0.00673	0.00181	0.05485	0.00620	0.00443	0.02679
25	0.10804	0.10133	0.05130	0.02996	0.03291	0.02942	0.00896	0.12614	0.05147	0.02100	0.04388	0.25291	0.02089	0.02437	0.00636	0.00199	0.00521	0.03327	0.00459	0.04601

[dist]
# distance from previous block
# <min> <max>
4	39

[block]
# block no. 7 follows, 39 sequences, length 28
# corresponding to MSA columns:
# 789-795,810-830
name=unknown_H
#
# <colnr> <probs for GDERKNQSTAVLIFYWHMCP>
#	G	D	E	R	K	N	Q	S	T	A	V	L	I	F	Y	W	H	M	C	P
0	0.01800	0.01456	0.03809	0.03389	0.04289	0.09790	0.01031	0.14450	0.27351	0.14679	0.08467	0.02021	0.01728	0.00760	0.00595	0.00184	0.00584	0.00615	0.00557	0.02444
1	0.01525	0.44345	0.25476	0.01403	0.06553	0.01899	0.01424	0.04986	0.01315	0.04752	0.01003	0.01138	0.00807	0.00543	0.00467	0.00153	0.00707	0.00388	0.00289	0.00827
2	0.01489	0.39512	0.06795	0.01067	0.01478	0.01643	0.01007	0.07717	0.03453	0.06964	0.06711	0.08270	0.01757	0.00840	0.00533	0.00171	0.00577	0.08859	0.00410	0.00748
3	0.00753	0.00539	0.00699	0.00795	0.00850	0.00504	0.00540	0.00876	0.01194	0.01599	0.12428	0.57588	0.07246	0.08441	0.00942	0.00261	0.00358	0.03361	0.00545	0.00482
4	0.01342	0.02841	0.68194	0.01618	0.02448	0.01320	0.02045	0.01980	0.01296	0.09755	0.01197	0.01330	0.00825	0.00580	0.00565	0.00187	0.00835	0.00454	0.00301	0.00888
5	0.01498	0.01393	0.02339	0.09794	0.34656	0.05329	0.18933	0.01855	0.01390	0.08031	0.01527	0.01934	0.04529	0.00637	0.00626	0.00188	0.00760	0.03397	0.00351	0.00833
6	0.00890	0.00663	0.00789	0.00760	0.00934	0.00621	0.00572	0.01230	0.07617	0.04073	0.38642	0.10916	0.26080	0.01312	0.00694	0.00198	0.00318	0.02504	0.00608	0.00577
7	0.00726	0.00538	0.00679	0.00774	0.00849	0.00491	0.00531	0.00854	0.01220	0.01601	0.10002	0.58519	0.17596	0.01730	0.00739	0.00228	0.00329	0.01546	0.00558	0.00491
8	0.00721	0.00515	0.00686	0.00823	0.00858	0.00480	0.00549	0.00823	0.01132	0.01510	0.03259	0.78831	0.03911	0.01853	0.00755	0.00240	0.00343	0.01681	0.00549	0.00480
9	0.02051	0.01390	0.04217	0.01787	0.16492	0.01343	0.06624	0.26069	0.01925	0.25721	0.01702	0.05188	0.01253	0.00712	0.00606	0.00184	0.00634	0.00613	0.00541	0.00948
10	0.01117	0.01051	0.01774	0.77795	0.04073	0.01314	0.01642	0.01511	0.01182	0.01511	0.01051	0.01577	0.00788	0.00591	0.00591	0.00197	0.00788	0.00526	0.00263	0.00657
11	0.01357	0.01910	0.25730	0.06973	0.48599	0.01390	0.01923	0.01817	0.01307	0.01891	0.01093	0.01402	0.00869	0.00541	0.00578	0.00180	0.00761	0.00498	0.00278	0.00902
12	0.06166	0.01356	0.06165	0.01489	0.06343	0.01431	0.03184	0.08303	0.07517	0.22993	0.01463	0.01584	0.01082	0.00800	0.01042	0.00210	0.27029	0.00544	0.00459	0.00840
13	0.01556	0.72801	0.02988	0.01059	0.01521	0.02294	0.01036	0.01741	0.01176	0.01394	0.00818	0.00979	0.00760	0.00552	0.00515	0.00138	0.07336	0.00334	0.00253	0.00749
14	0.01342	0.01124	0.01255	0.00973	0.01426	0.01019	0.00774	0.09453	0.16807	0.02206	0.01789	0.01827	0.07315	0.00632	0.00511	0.00130	0.00455	0.00512	0.00446	0.50003
15	0.08524	0.01237	0.01352	0.05426	0.04547	0.01427	0.00984	0.02830	0.59339	0.02397	0.02164	0.02151	0.01657	0.00780	0.00586	0.00200	0.00496	0.02469	0.00549	0.00885
16	0.08175	0.01799	0.22276	0.15825	0.24748	0.01389	0.13801	0.01784	0.01271	0.01895	0.01078	0.01406	0.00828	0.00545	0.00581	0.00187	0.00793	0.00514	0.00283	0.00822
17	0.02477	0.00967	0.01316	0.01022	0.01449	0.00839	0.00839	0.02711	0.01691	0.68798	0.09406	0.02246	0.01863	0.00778	0.00605	0.00183	0.00481	0.00641	0.00724	0.00963
18	0.00787	0.00584	0.00737	0.00768	0.00889	0.00535	0.00568	0.00989	0.01429	0.01923	0.35055	0.26300	0.18342	0.01486	0.00724	0.00212	0.00324	0.07233	0.00593	0.00523
19	0.00718	0.00546	0.00654	0.00738	0.00829	0.00491	0.00507	0.00834	0.01197	0.01526	0.04157	0.50368	0.28738	0.04776	0.00824	0.00239	0.00337	0.01498	0.00542	0.00482
20	0.01869	0.00973	0.01234	0.00937	0.01383	0.00799	0.00759	0.02118	0.01488	0.37308	0.08110	0.01913	0.01586	0.00654	0.00534	0.00143	0.00450	0.00536	0.03483	0.33723
21	0.01208	0.06560	0.66376	0.01585	0.02413	0.01371	0.02004	0.01836	0.01244	0.01854	0.01049	0.01232	0.00760	0.00549	0.00543	0.00176	0.00826	0.00424	0.00258	0.07730
22	0.50837	0.07945	0.01337	0.00992	0.01393	0.06245	0.00826	0.20056	0.01516	0.02746	0.00981	0.01083	0.00751	0.00590	0.00435	0.00175	0.00559	0.00378	0.00410	0.00746
23	0.00768	0.00799	0.06969	0.00738	0.00968	0.00582	0.00624	0.00984	0.01384	0.01764	0.18824	0.11398	0.49297	0.01394	0.00692	0.00199	0.00347	0.01183	0.00544	0.00540
24	0.01558	0.01534	0.08856	0.12535	0.26962	0.03826	0.04630	0.15021	0.04447	0.05324	0.04015	0.01711	0.03137	0.00660	0.00639	0.00185	0.03140	0.00569	0.00390	0.00860
25	0.00874	0.00662	0.00816	0.00788	0.00947	0.00633	0.00599	0.01247	0.07881	0.02198	0.51731	0.07964	0.14712	0.01269	0.00699	0.00197	0.00317	0.05267	0.00622	0.00578
26	0.01541	0.10255	0.09687	0.03689	0.14504	0.01276	0.04338	0.09458	0.01465	0.10371	0.01388	0.07020	0.01160	0.00646	0.00543	0.00157	0.00609	0.00550	0.00398	0.20945
27	0.01192	0.01010	0.01438	0.01595	0.16652	0.00980	0.04879	0.06557	0.05801	0.02020	0.07092	0.03753	0.12905	0.01040	0.00664	0.00199	0.00539	0.20632	0.00470	0.10581

[dist]
# distance from previous block
# <min> <max>
26	140

[block]
# block no. 8 follows, 39 sequences, length 12
# corresponding to MSA columns:
# 1185-1196
name=unknown_I
#
# <colnr> <probs for GDERKNQSTAVLIFYWHMCP>
#	G	D	E	R	K	N	Q	S	T	A	V	L	I	F	Y	W	H	M	C	P
0	0.06482	0.05854	0.20631	0.03601	0.07190	0.02862	0.02969	0.04671	0.12821	0.02085	0.08421	0.05617	0.01574	0.00709	0.00558	0.00173	0.00610	0.00588	0.00399	0.12185
1	0.05331	0.01118	0.05156	0.01285	0.07260	0.02738	0.08140	0.07497	0.01569	0.05142	0.29056	0.04934	0.03989	0.00860	0.00609	0.00174	0.00502	0.00759	0.04007	0.09876
2	0.01472	0.01120	0.01322	0.01087	0.03281	0.01058	0.00852	0.21587	0.01730	0.04850	0.11216	0.02146	0.01754	0.00946	0.05173	0.00195	0.00561	0.05025	0.00479	0.34146
3	0.00992	0.00958	0.05561	0.05352	0.01368	0.00827	0.03472	0.04436	0.08777	0.01980	0.17996	0.03974	0.32240	0.01123	0.00656	0.00190	0.00433	0.02970	0.00519	0.06177
4	0.01297	0.01027	0.01278	0.01174	0.05047	0.01088	0.03288	0.15646	0.07621	0.05167	0.13075	0.05816	0.23948	0.01097	0.00797	0.00201	0.08788	0.02403	0.00531	0.00712
5	0.15032	0.01377	0.04420	0.12556	0.21775	0.01387	0.09806	0.09810	0.07118	0.02228	0.01194	0.01436	0.00926	0.00571	0.00551	0.00177	0.00667	0.00506	0.00362	0.08100
6	0.06429	0.01481	0.05464	0.03817	0.34703	0.09448	0.01357	0.08017	0.04638	0.02126	0.10964	0.05871	0.01695	0.00727	0.00590	0.00181	0.00648	0.00632	0.00395	0.00815
7	0.01514	0.06003	0.01684	0.04487	0.11680	0.04507	0.03552	0.11498	0.10320	0.05765	0.01543	0.06200	0.01326	0.00808	0.02245	0.00185	0.03500	0.03751	0.00427	0.19004
8	0.04631	0.01557	0.09653	0.01706	0.17666	0.08681	0.03079	0.11625	0.01544	0.06171	0.03555	0.01634	0.02808	0.02019	0.00585	0.00165	0.00638	0.00510	0.05138	0.16634
9	0.01563	0.12654	0.27458	0.01666	0.07683	0.05926	0.07714	0.12121	0.09566	0.04324	0.01272	0.01395	0.00955	0.00598	0.00556	0.00175	0.00753	0.00488	0.00364	0.02769
10	0.15905	0.06234	0.22730	0.05112	0.01929	0.01370	0.05913	0.04712	0.03398	0.03452	0.03248	0.01579	0.04702	0.00677	0.00684	0.00184	0.09356	0.00503	0.00344	0.07968
11	0.06583	0.03083	0.11290	0.01410	0.07126	0.01192	0.07716	0.02083	0.16895	0.07838	0.01440	0.01528	0.01093	0.00575	0.00530	0.00156	0.00582	0.00491	0.00411	0.27979

[dist]
# distance from previous block
# <min> <max>
36	100

[block]
# block no. 9 follows, 39 sequences, length 7
# corresponding to MSA columns:
# 1378-1384
name=unknown_J
#
# <colnr> <probs for GDERKNQSTAVLIFYWHMCP>
#	G	D	E	R	K	N	Q	S	T	A	V	L	I	F	Y	W	H	M	C	P
0	0.04234	0.01576	0.07190	0.38044	0.11110	0.14422	0.01481	0.07696	0.01426	0.01801	0.01293	0.01613	0.04359	0.00637	0.00576	0.00184	0.00787	0.00522	0.00317	0.00730
1	0.16061	0.01337	0.01434	0.01184	0.01560	0.01504	0.00961	0.25022	0.23867	0.12737	0.01691	0.01649	0.01229	0.00737	0.00654	0.00192	0.06190	0.00544	0.00550	0.00895
2	0.01396	0.01102	0.01315	0.01188	0.06960	0.01045	0.00857	0.11479	0.14192	0.05385	0.08041	0.07561	0.04373	0.00764	0.00559	0.00153	0.00469	0.00644	0.00485	0.32031
3	0.02163	0.01467	0.01617	0.01276	0.01718	0.01594	0.01042	0.47215	0.16939	0.15990	0.01776	0.01680	0.01245	0.00732	0.00594	0.00183	0.00589	0.00570	0.00618	0.00992
4	0.15489	0.01141	0.01470	0.01077	0.01585	0.00977	0.10497	0.01587	0.01211	0.02048	0.01031	0.01230	0.00838	0.00465	0.00461	0.00119	0.00517	0.00392	0.00346	0.57519
5	0.06559	0.01484	0.01854	0.01407	0.01877	0.01571	0.10784	0.46868	0.02280	0.14200	0.01512	0.01535	0.01058	0.00675	0.00588	0.00180	0.00652	0.00553	0.03419	0.00942
6	0.01531	0.01366	0.02013	0.01491	0.01991	0.03504	0.23198	0.14569	0.05905	0.05107	0.01555	0.01700	0.05019	0.00601	0.00578	0.00156	0.00664	0.00568	0.00416	0.28068

[dist]
# distance from previous block
# <min> <max>
35	79

[block]
# block no. 10 follows, 39 sequences, length 6
# corresponding to MSA columns:
# 1515-1520
name=unknown_K
#
# <colnr> <probs for GDERKNQSTAVLIFYWHMCP>
#	G	D	E	R	K	N	Q	S	T	A	V	L	I	F	Y	W	H	M	C	P
0	0.10399	0.01244	0.01515	0.09910	0.11859	0.01364	0.01093	0.28757	0.06156	0.02631	0.05496	0.13655	0.01673	0.00864	0.00598	0.00192	0.00574	0.00723	0.00487	0.00809
1	0.14371	0.01249	0.01735	0.08832	0.32613	0.01306	0.01289	0.12818	0.01470	0.02241	0.01342	0.09901	0.01211	0.00704	0.00561	0.00180	0.00605	0.00610	0.00380	0.06580
2	0.14161	0.01770	0.02104	0.01893	0.12080	0.18247	0.18067	0.16698	0.01653	0.02269	0.01091	0.01313	0.00850	0.00605	0.00637	0.00182	0.04706	0.00504	0.00368	0.00803
3	0.14704	0.01312	0.01945	0.19396	0.39516	0.01419	0.01511	0.09645	0.01413	0.02153	0.01086	0.01403	0.00864	0.00565	0.00552	0.00182	0.00676	0.00494	0.00331	0.00834
4	0.27169	0.01407	0.01244	0.01054	0.01412	0.09727	0.00843	0.26734	0.04643	0.02683	0.01992	0.04583	0.12566	0.00814	0.00538	0.00183	0.00564	0.00606	0.00482	0.00757
5	0.01132	0.00675	0.00901	0.00849	0.01033	0.00622	0.00667	0.01394	0.01602	0.13695	0.49217	0.07993	0.04521	0.01232	0.00703	0.00202	0.00358	0.11941	0.00642	0.00622

[dist]
# distance from previous block
# <min> <max>
2	6

[block]
# block no. 11 follows, 39 sequences, length 9
# corresponding to MSA columns:
# 1527-1535
name=unknown_L
#
# <colnr> <probs for GDERKNQSTAVLIFYWHMCP>
#	G	D	E	R	K	N	Q	S	T	A	V	L	I	F	Y	W	H	M	C	P
0	0.00772	0.00587	0.00768	0.06888	0.01105	0.00568	0.00624	0.00908	0.01167	0.01512	0.03476	0.49210	0.16798	0.07785	0.00913	0.00257	0.00399	0.05260	0.00511	0.00492
1	0.00860	0.00573	0.00645	0.00645	0.00645	0.00573	0.00358	0.00860	0.00860	0.01147	0.01863	0.03870	0.02150	0.79217	0.03010	0.00573	0.00573	0.00860	0.00358	0.00358
2	0.01424	0.01364	0.02328	0.12194	0.67277	0.01395	0.01795	0.01780	0.01328	0.01883	0.01105	0.01477	0.00920	0.00534	0.00586	0.00178	0.00712	0.00527	0.00289	0.00904
3	0.06650	0.01229	0.01646	0.01962	0.29055	0.01235	0.01151	0.12225	0.07987	0.02228	0.01351	0.01704	0.01134	0.07811	0.00761	0.00197	0.00576	0.00526	0.04340	0.16231
4	0.12556	0.01503	0.01794	0.22811	0.23862	0.13282	0.01385	0.08593	0.01438	0.02007	0.01052	0.01349	0.00832	0.00574	0.00543	0.00175	0.00733	0.00468	0.00327	0.04717
5	0.06487	0.01624	0.17958	0.14767	0.37680	0.01312	0.01693	0.01718	0.01303	0.01932	0.06926	0.01637	0.01220	0.00600	0.00576	0.00183	0.00704	0.00537	0.00312	0.00829
6	0.01499	0.12098	0.09200	0.25204	0.18296	0.09806	0.01510	0.08316	0.05135	0.01861	0.01121	0.01399	0.00881	0.00587	0.00553	0.00176	0.00759	0.00481	0.00318	0.00800
7	0.13067	0.07206	0.13656	0.05673	0.25960	0.01451	0.01421	0.11005	0.03817	0.02213	0.01116	0.01324	0.00877	0.00561	0.00524	0.00169	0.00655	0.00457	0.00346	0.08504
8	0.01533	0.01389	0.05140	0.05154	0.27607	0.01333	0.04963	0.15185	0.09371	0.04756	0.01726	0.01862	0.06909	0.00666	0.00586	0.00174	0.00626	0.00587	0.00420	0.10013

[dist]
# distance from previous block
# <min> <max>
27	76

[block]
# block no. 12 follows, 39 sequences, length 14
# corresponding to MSA columns:
# 1680-1687,1690-1695
name=unknown_M
#
# <colnr> <probs for GDERKNQSTAVLIFYWHMCP>
#	G	D	E	R	K	N	Q	S	T	A	V	L	I	F	Y	W	H	M	C	P
0	0.01676	0.01248	0.01381	0.01126	0.01464	0.01353	0.00902	0.41987	0.07893	0.03028	0.19847	0.02496	0.04823	0.03950	0.03897	0.00229	0.00569	0.00716	0.00585	0.00828
1	0.00713	0.00600	0.00619	0.00614	0.00807	0.00505	0.00460	0.00876	0.01381	0.01677	0.13065	0.05561	0.68165	0.01468	0.00699	0.00198	0.00297	0.01230	0.00560	0.00505
2	0.01035	0.00896	0.01268	0.23791	0.01899	0.01097	0.00978	0.01193	0.00996	0.01350	0.01595	0.02655	0.05721	0.31796	0.01889	0.00361	0.19938	0.00698	0.00316	0.00527
3	0.00699	0.00599	0.00599	0.00599	0.00799	0.00499	0.00449	0.00849	0.01348	0.01598	0.05991	0.05691	0.75288	0.01498	0.00699	0.00200	0.00300	0.01248	0.00549	0.00499
4	0.01630	0.01290	0.01443	0.01067	0.01572	0.01201	0.00868	0.29940	0.01840	0.02638	0.01197	0.01303	0.00927	0.00545	0.00499	0.00123	0.00522	0.00422	0.00446	0.50528
5	0.00721	0.00515	0.00686	0.00823	0.00858	0.00480	0.00549	0.00823	0.01132	0.01510	0.03259	0.78831	0.03911	0.01853	0.00755	0.00240	0.00343	0.01681	0.00549	0.00480
6	0.01228	0.01198	0.01686	0.01465	0.01480	0.01655	0.01213	0.01370	0.00912	0.01416	0.00894	0.01444	0.00879	0.01530	0.12854	0.00359	0.66986	0.00534	0.00267	0.00630
7	0.13971	0.01323	0.01432	0.01159	0.01578	0.01428	0.00943	0.27758	0.20300	0.21247	0.01809	0.01699	0.01268	0.00715	0.00562	0.00185	0.00540	0.00551	0.00596	0.00935
8	0.01325	0.24086	0.09570	0.01000	0.01556	0.01300	0.00946	0.01611	0.01221	0.01766	0.00986	0.01148	0.00829	0.00471	0.00434	0.00109	0.00540	0.00349	0.00312	0.50442
9	0.01623	0.21460	0.01902	0.01268	0.05220	0.13838	0.00996	0.07425	0.19361	0.01979	0.01333	0.01396	0.01068	0.00597	0.00497	0.00147	0.00626	0.00447	0.00395	0.18423
10	0.01231	0.18642	0.17788	0.20272	0.02251	0.01424	0.01332	0.05769	0.01230	0.01643	0.01180	0.01652	0.01008	0.06401	0.15426	0.00348	0.00904	0.00504	0.00294	0.00702
11	0.01358	0.05338	0.27968	0.01343	0.01804	0.18836	0.01356	0.04321	0.01327	0.01668	0.01464	0.01756	0.05362	0.01690	0.21415	0.00386	0.01061	0.00524	0.00311	0.00713
12	0.01133	0.07186	0.18134	0.09461	0.09883	0.01177	0.01258	0.01589	0.07969	0.01632	0.01421	0.02024	0.01259	0.13000	0.19928	0.00430	0.00924	0.00579	0.00322	0.00694
13	0.01292	0.09428	0.43258	0.14510	0.02757	0.01491	0.11798	0.05340	0.01329	0.01863	0.01074	0.01333	0.00790	0.00560	0.00570	0.00185	0.00844	0.00482	0.00276	0.00823

[dist]
# distance from previous block
# <min> <max>
66	478

[block]
# block no. 13 follows, 39 sequences, length 8
# corresponding to MSA columns:
# 2507-2513,2515
name=unknown_N
#
# <colnr> <probs for GDERKNQSTAVLIFYWHMCP>
#	G	D	E	R	K	N	Q	S	T	A	V	L	I	F	Y	W	H	M	C	P
0	0.10582	0.03857	0.06733	0.14098	0.06851	0.03380	0.01220	0.01494	0.01175	0.01770	0.09153	0.02132	0.05525	0.00883	0.01005	0.00212	0.24841	0.04077	0.00346	0.00665
1	0.06605	0.04334	0.08793	0.06712	0.01790	0.36285	0.01110	0.01918	0.01457	0.05298	0.06396	0.01816	0.06364	0.01047	0.07374	0.00238	0.00890	0.00531	0.00361	0.00682
2	0.02248	0.01656	0.01775	0.01361	0.01834	0.01834	0.01124	0.73556	0.02780	0.03727	0.01420	0.01420	0.01006	0.00710	0.00592	0.00177	0.00651	0.00532	0.00592	0.01006
3	0.02248	0.01656	0.01775	0.01361	0.01834	0.01834	0.01124	0.73556	0.02780	0.03727	0.01420	0.01420	0.01006	0.00710	0.00592	0.00177	0.00651	0.00532	0.00592	0.01006
4	0.06742	0.07442	0.66778	0.01585	0.02403	0.01427	0.02012	0.01858	0.01229	0.01897	0.01031	0.01211	0.00742	0.00558	0.00538	0.00183	0.00832	0.00422	0.00258	0.00851
5	0.02248	0.01656	0.01775	0.01361	0.01834	0.01834	0.01124	0.73556	0.02780	0.03727	0.01420	0.01420	0.01006	0.00710	0.00592	0.00177	0.00651	0.00532	0.00592	0.01006
6	0.01237	0.12993	0.66668	0.01598	0.02424	0.01499	0.02033	0.01860	0.01242	0.01810	0.01030	0.01210	0.00750	0.00555	0.00538	0.00179	0.00843	0.00421	0.00250	0.00859
7	0.01145	0.01069	0.01791	0.61945	0.13838	0.01273	0.01589	0.01525	0.01240	0.01631	0.06334	0.01763	0.01150	0.00626	0.00598	0.00193	0.00740	0.00564	0.00295	0.00689

[dist]
# distance from previous block
# <min> <max>
7	32

[block]
# block no. 14 follows, 39 sequences, length 13
# corresponding to MSA columns:
# 2553-2565
name=unknown_O
#
# <colnr> <probs for GDERKNQSTAVLIFYWHMCP>
#	G	D	E	R	K	N	Q	S	T	A	V	L	I	F	Y	W	H	M	C	P
0	0.07397	0.04597	0.07347	0.03961	0.08554	0.00970	0.00942	0.06392	0.01423	0.03328	0.15512	0.14542	0.07883	0.01032	0.00614	0.00191	0.00484	0.05813	0.04795	0.04224
1	0.05371	0.00900	0.01111	0.03955	0.04506	0.00901	0.00790	0.08959	0.07452	0.13942	0.07069	0.26877	0.04004	0.01103	0.00624	0.00195	0.00444	0.00955	0.05649	0.05192
2	0.04068	0.16848	0.25874	0.01442	0.07562	0.01364	0.03575	0.01788	0.04864	0.05371	0.08717	0.04711	0.01558	0.00708	0.00551	0.00173	0.00644	0.03108	0.00368	0.06706
3	0.01122	0.01682	0.30798	0.01170	0.01669	0.00978	0.01256	0.01615	0.06687	0.06256	0.02727	0.07180	0.20266	0.01123	0.04325	0.00228	0.00636	0.03438	0.00420	0.06425
4	0.01150	0.01349	0.18403	0.01086	0.01443	0.00953	0.01026	0.13837	0.01532	0.02139	0.10904	0.26951	0.06717	0.01133	0.00640	0.00196	0.00512	0.00976	0.04038	0.05015
5	0.01371	0.21248	0.31664	0.01268	0.01924	0.01480	0.01401	0.06907	0.01341	0.01903	0.01025	0.01181	0.00806	0.00524	0.00484	0.00143	0.00675	0.00390	0.00304	0.23961
6	0.01492	0.23442	0.05342	0.01297	0.01664	0.01721	0.05222	0.13457	0.01410	0.01918	0.01235	0.01561	0.03704	0.00747	0.00888	0.00180	0.21193	0.02742	0.00345	0.10440
7	0.01186	0.03059	0.76153	0.01686	0.02560	0.01373	0.02185	0.01873	0.01249	0.01873	0.01061	0.01249	0.00749	0.00562	0.00562	0.00187	0.00874	0.00437	0.00250	0.00874
8	0.01365	0.01184	0.01765	0.53125	0.03334	0.01394	0.03881	0.18190	0.01570	0.02043	0.01423	0.01775	0.05089	0.00667	0.00601	0.00193	0.00736	0.00574	0.00357	0.00734
9	0.01594	0.01328	0.02133	0.06041	0.55487	0.01344	0.01596	0.02079	0.09483	0.10933	0.01401	0.01617	0.01091	0.00585	0.00589	0.00180	0.00656	0.00551	0.00379	0.00934
10	0.65644	0.01260	0.04645	0.00891	0.01298	0.01321	0.00773	0.07034	0.01213	0.09865	0.01026	0.01111	0.00753	0.00579	0.00414	0.00183	0.00496	0.00368	0.00412	0.00714
11	0.00717	0.00529	0.00671	0.00785	0.00848	0.00484	0.00532	0.00828	0.01169	0.01525	0.03724	0.66400	0.16042	0.01792	0.00745	0.00233	0.00336	0.01608	0.00549	0.00484
12	0.00872	0.00590	0.00725	0.00696	0.00798	0.00561	0.00488	0.01075	0.01407	0.02023	0.47501	0.04031	0.04215	0.22223	0.01291	0.00285	0.00358	0.00957	0.09397	0.00503

[dist]
# distance from previous block
# <min> <max>
6	8

[block]
# block no. 15 follows, 39 sequences, length 8
# corresponding to MSA columns:
# 2575-2582
name=unknown_P
#
# <colnr> <probs for GDERKNQSTAVLIFYWHMCP>
#	G	D	E	R	K	N	Q	S	T	A	V	L	I	F	Y	W	H	M	C	P
0	0.01380	0.40644	0.40267	0.01355	0.02048	0.01848	0.01609	0.01823	0.01225	0.01636	0.00944	0.01101	0.00754	0.00534	0.00472	0.00157	0.00755	0.00378	0.00251	0.00817
1	0.00732	0.00520	0.00683	0.00809	0.00840	0.00488	0.00533	0.00826	0.01110	0.01479	0.03143	0.72576	0.03764	0.08308	0.00943	0.00268	0.00362	0.01613	0.00533	0.00470
2	0.01226	0.01051	0.01226	0.00876	0.01401	0.00788	0.00701	0.01489	0.01226	0.01927	0.01051	0.01226	0.00876	0.00438	0.00438	0.00088	0.00438	0.00350	0.00350	0.82832
3	0.00845	0.00634	0.00950	0.00950	0.01056	0.00739	0.00739	0.01056	0.00950	0.01373	0.01584	0.02323	0.01478	0.04435	0.76873	0.00950	0.01584	0.00634	0.00317	0.00528
4	0.00839	0.00645	0.00773	0.00733	0.00901	0.00599	0.00552	0.01170	0.06138	0.02168	0.51855	0.04625	0.24282	0.01262	0.00692	0.00191	0.00296	0.01093	0.00620	0.00566
5	0.01226	0.01051	0.01226	0.00876	0.01401	0.00788	0.00701	0.01489	0.01226	0.01927	0.01051	0.01226	0.00876	0.00438	0.00438	0.00088	0.00438	0.00350	0.00350	0.82832
6	0.01471	0.01270	0.01337	0.01203	0.01538	0.01471	0.00936	0.03142	0.74459	0.02474	0.02407	0.02206	0.01805	0.00802	0.00602	0.00201	0.00468	0.00669	0.00602	0.00936
