[name]
unknown

[dist]
# distance from previous block
# <min> <max>
0	13

[block]
# block no. 0 follows, 54 sequences, length 90
# corresponding to MSA columns:
# 13-49,53-105
name=unknown_A
#
# <colnr> <probs for GDERKNQSTAVLIFYWHMCP>
#	G	D	E	R	K	N	Q	S	T	A	V	L	I	F	Y	W	H	M	C	P
0	0.08955	0.00602	0.00690	0.00641	0.00828	0.00554	0.00488	0.00951	0.02332	0.01487	0.12845	0.17212	0.15362	0.04120	0.05528	0.00193	0.00365	0.05750	0.01421	0.19675
1	0.00665	0.00584	0.03667	0.00847	0.08362	0.00502	0.00568	0.00818	0.01031	0.01384	0.17965	0.36909	0.18100	0.03591	0.02613	0.00192	0.00329	0.01013	0.00416	0.00443
2	0.01639	0.01220	0.01313	0.01038	0.01384	0.01354	0.00847	0.59899	0.16925	0.04325	0.04230	0.01350	0.01066	0.00595	0.00476	0.00145	0.00478	0.00462	0.00477	0.00778
3	0.01427	0.01661	0.02498	0.01427	0.15509	0.43808	0.00962	0.01766	0.12936	0.01365	0.01199	0.02545	0.04287	0.00582	0.00493	0.00140	0.03240	0.03262	0.00293	0.00601
4	0.00918	0.00673	0.03542	0.00574	0.00728	0.06097	0.00458	0.01166	0.03670	0.01635	0.01659	0.05918	0.05290	0.00704	0.02710	0.00138	0.00324	0.00501	0.60122	0.03172
5	0.00989	0.02378	0.78025	0.01325	0.02010	0.01080	0.01703	0.01523	0.01009	0.04434	0.00884	0.01018	0.00618	0.00453	0.00449	0.00149	0.00686	0.00353	0.00213	0.00701
6	0.01089	0.01001	0.01694	0.33663	0.48012	0.01079	0.01370	0.01380	0.01031	0.03892	0.00898	0.01216	0.00714	0.00445	0.00469	0.00147	0.00582	0.00421	0.00235	0.00662
7	0.01534	0.06268	0.05277	0.03962	0.10636	0.43068	0.06850	0.11100	0.04230	0.01490	0.00861	0.01000	0.00686	0.00480	0.00443	0.00132	0.00722	0.00362	0.00273	0.00624
8	0.00704	0.00482	0.00566	0.00602	0.03479	0.00482	0.00329	0.00714	0.00700	0.00937	0.01463	0.03014	0.01678	0.80352	0.02328	0.00445	0.00461	0.00676	0.00284	0.00303
9	0.00628	0.00473	0.00563	0.00566	0.00679	0.00427	0.00414	0.00805	0.02141	0.01558	0.37250	0.18315	0.29075	0.01114	0.00555	0.00159	0.00239	0.00969	0.03648	0.00422
10	0.01176	0.01375	0.04246	0.02760	0.03433	0.29332	0.17465	0.01426	0.04375	0.01323	0.03450	0.18684	0.03531	0.00815	0.02842	0.00170	0.00651	0.02104	0.00307	0.00537
11	0.01187	0.01171	0.01950	0.09604	0.37750	0.04523	0.21226	0.08051	0.04124	0.01613	0.01007	0.03795	0.00828	0.00476	0.00494	0.00148	0.00620	0.00484	0.00269	0.00682
12	0.03425	0.00858	0.01004	0.00812	0.01109	0.03341	0.00656	0.15968	0.01401	0.42140	0.01871	0.04390	0.07571	0.00759	0.03470	0.00166	0.00432	0.00523	0.09415	0.00690
13	0.00715	0.00492	0.00588	0.00576	0.00711	0.00433	0.00427	0.00867	0.01149	0.07532	0.28925	0.18384	0.35218	0.01124	0.00559	0.00161	0.00252	0.00972	0.00476	0.00442
14	0.01249	0.06082	0.10827	0.05852	0.17208	0.01118	0.07008	0.19895	0.04929	0.05959	0.02243	0.10088	0.01083	0.00596	0.00476	0.00146	0.00525	0.00521	0.00341	0.03857
15	0.02577	0.01797	0.36032	0.01436	0.03039	0.09612	0.23041	0.01578	0.06071	0.02990	0.01076	0.01238	0.03006	0.00481	0.00491	0.00150	0.01826	0.00437	0.02472	0.00649
16	0.28099	0.10180	0.07426	0.05249	0.02303	0.17008	0.00799	0.07891	0.01072	0.01658	0.00847	0.02656	0.00701	0.00601	0.02100	0.03577	0.01751	0.00343	0.05190	0.00550
17	0.01064	0.04073	0.01534	0.04434	0.17585	0.02457	0.13452	0.01647	0.25819	0.01558	0.01563	0.09193	0.05549	0.00662	0.00583	0.00159	0.07101	0.00587	0.00338	0.00640
18	0.00890	0.00838	0.01414	0.82296	0.03247	0.01048	0.01309	0.01205	0.00943	0.01205	0.00838	0.01257	0.00629	0.00471	0.00471	0.00157	0.00629	0.00419	0.00210	0.00524
19	0.00580	0.00418	0.00550	0.00645	0.00683	0.00388	0.00435	0.00673	0.00940	0.01254	0.08027	0.74355	0.06447	0.01430	0.00597	0.00187	0.00269	0.01292	0.00443	0.00388
20	0.01261	0.83713	0.02471	0.00807	0.01210	0.01866	0.00807	0.01412	0.00958	0.01109	0.00656	0.00756	0.00605	0.00403	0.00303	0.00101	0.00504	0.00252	0.00202	0.00605
21	0.81940	0.00918	0.00751	0.02391	0.03790	0.01060	0.00560	0.01384	0.00815	0.02076	0.00668	0.00790	0.00521	0.00438	0.00302	0.00146	0.00377	0.00265	0.00288	0.00519
22	0.00890	0.00838	0.01414	0.82296	0.03247	0.01048	0.01309	0.01205	0.00943	0.01205	0.00838	0.01257	0.00629	0.00471	0.00471	0.00157	0.00629	0.00419	0.00210	0.00524
23	0.06033	0.03461	0.05402	0.07819	0.18189	0.15985	0.07968	0.07951	0.08782	0.08472	0.01163	0.01281	0.03052	0.00507	0.00455	0.00142	0.00585	0.00426	0.01666	0.00658
24	0.00862	0.00662	0.00712	0.00709	0.00792	0.06256	0.00491	0.08303	0.00992	0.03562	0.01837	0.34875	0.02048	0.26404	0.09024	0.00316	0.00494	0.00874	0.00367	0.00421
25	0.06616	0.32662	0.05179	0.00862	0.01119	0.16183	0.00747	0.01275	0.00990	0.01220	0.01207	0.22343	0.01287	0.03095	0.00510	0.00147	0.03189	0.00568	0.00279	0.00522
26	0.03679	0.08303	0.68271	0.01341	0.03988	0.01154	0.03956	0.01483	0.00992	0.01486	0.00830	0.00983	0.00603	0.00442	0.00436	0.00146	0.00672	0.00347	0.00204	0.00684
27	0.02926	0.00744	0.00868	0.02738	0.00973	0.02040	0.00556	0.13692	0.01108	0.14911	0.01397	0.04696	0.01297	0.31954	0.09392	0.00318	0.00531	0.00549	0.00365	0.08945
28	0.00890	0.00838	0.01414	0.82296	0.03247	0.01048	0.01309	0.01205	0.00943	0.01205	0.00838	0.01257	0.00629	0.00471	0.00471	0.00157	0.00629	0.00419	0.00210	0.00524
29	0.01291	0.13123	0.05433	0.01380	0.18789	0.14454	0.02555	0.07357	0.02450	0.04735	0.00939	0.03376	0.00784	0.00464	0.00414	0.00118	0.00541	0.00373	0.00282	0.21142
30	0.00654	0.00458	0.00585	0.00614	0.00701	0.00417	0.00437	0.00795	0.01097	0.03930	0.31069	0.40793	0.14247	0.01224	0.00575	0.00170	0.00254	0.01089	0.00472	0.00421
31	0.04209	0.13816	0.14392	0.07754	0.33373	0.07175	0.07680	0.01495	0.03142	0.01445	0.00855	0.01071	0.00691	0.00435	0.00438	0.00138	0.00607	0.00383	0.00231	0.00669
32	0.00562	0.00458	0.00498	0.00529	0.00650	0.00394	0.00381	0.00671	0.01025	0.01254	0.04151	0.27098	0.58140	0.01275	0.00570	0.00168	0.00249	0.01094	0.00438	0.00394
33	0.01224	0.01248	0.05068	0.03481	0.05962	0.17116	0.02490	0.09405	0.09908	0.03749	0.01066	0.01348	0.00895	0.04088	0.15910	0.00279	0.15447	0.00435	0.00296	0.00584
34	0.00684	0.00462	0.00539	0.00539	0.00548	0.00471	0.00317	0.00702	0.00693	0.00933	0.01463	0.02958	0.01659	0.75179	0.10575	0.00488	0.00540	0.00667	0.00282	0.00300
35	0.84132	0.00916	0.00710	0.00631	0.00925	0.01058	0.00519	0.02582	0.00833	0.03368	0.00683	0.00785	0.00525	0.00442	0.00297	0.00146	0.00368	0.00261	0.00299	0.00520
36	0.06203	0.01118	0.01454	0.03083	0.17546	0.01175	0.05318	0.36021	0.03621	0.13442	0.02325	0.02850	0.02553	0.00557	0.00472	0.00145	0.00502	0.00466	0.00410	0.00738
37	0.01305	0.34723	0.22708	0.01146	0.04156	0.19382	0.02589	0.04832	0.02733	0.01338	0.00781	0.00900	0.00636	0.00446	0.00389	0.00124	0.00637	0.00313	0.00229	0.00633
38	0.00775	0.00438	0.00653	0.00652	0.00678	0.00459	0.00459	0.00685	0.00678	0.00931	0.03762	0.01620	0.01044	0.02122	0.23136	0.60326	0.00631	0.00451	0.00229	0.00271
39	0.86760	0.00912	0.00693	0.00620	0.00912	0.01058	0.00511	0.01386	0.00802	0.02115	0.00657	0.00766	0.00511	0.00438	0.00292	0.00146	0.00365	0.00255	0.00292	0.00511
40	0.01398	0.01007	0.01045	0.02530	0.01159	0.04030	0.00696	0.43208	0.04037	0.02357	0.01341	0.05647	0.01062	0.00606	0.00432	0.00134	0.00421	0.00476	0.27766	0.00647
41	0.00893	0.00469	0.00520	0.00497	0.00621	0.00454	0.00376	0.01112	0.01091	0.05944	0.20432	0.02173	0.01984	0.00651	0.00392	0.00121	0.00230	0.00540	0.61041	0.00460
42	0.00769	0.00563	0.00754	0.00735	0.00852	0.00577	0.02155	0.00923	0.00998	0.05872	0.08985	0.14277	0.22255	0.02872	0.14737	0.00282	0.07350	0.12430	0.02165	0.00446
43	0.00820	0.00527	0.00679	0.00622	0.00760	0.00491	0.00473	0.01076	0.03935	0.08869	0.67897	0.03231	0.03943	0.00905	0.00538	0.00147	0.00243	0.00794	0.03565	0.00486
44	0.01616	0.01041	0.01177	0.00950	0.01267	0.01105	0.00767	0.39507	0.13938	0.20461	0.02789	0.08910	0.02923	0.00684	0.00488	0.00150	0.00437	0.00555	0.00495	0.00741
45	0.00582	0.00420	0.00553	0.00657	0.00695	0.00391	0.00449	0.00673	0.00921	0.01218	0.02716	0.74973	0.07430	0.01453	0.00602	0.00191	0.00279	0.04973	0.00438	0.00386
46	0.86760	0.00912	0.00693	0.00620	0.00912	0.01058	0.00511	0.01386	0.00802	0.02115	0.00657	0.00766	0.00511	0.00438	0.00292	0.00146	0.00365	0.00255	0.00292	0.00511
47	0.01130	0.08913	0.36497	0.02649	0.05932	0.05463	0.20117	0.02960	0.01060	0.04270	0.00878	0.01073	0.00661	0.00464	0.00534	0.00149	0.05955	0.00403	0.00232	0.00660
48	0.01192	0.01023	0.01077	0.00963	0.01234	0.01182	0.00751	0.04909	0.77201	0.02004	0.01894	0.01739	0.01419	0.00637	0.00480	0.00159	0.00378	0.00530	0.00480	0.00748
49	0.01081	0.01032	0.01774	0.25311	0.54105	0.01088	0.04229	0.01374	0.01036	0.01449	0.00889	0.01208	0.00722	0.00436	0.00469	0.00145	0.00581	0.00425	0.01973	0.00673
50	0.00979	0.00549	0.00717	0.00636	0.00803	0.00496	0.00491	0.01188	0.01316	0.18737	0.57768	0.03101	0.06909	0.00880	0.00532	0.00147	0.00261	0.00765	0.03207	0.00519
51	0.00689	0.00487	0.00612	0.00644	0.00731	0.00459	0.00460	0.02832	0.02553	0.03552	0.21821	0.43116	0.12218	0.04163	0.00642	0.00184	0.00281	0.03669	0.00458	0.00427
52	0.02054	0.00827	0.01102	0.00848	0.01206	0.00736	0.00699	0.07233	0.01405	0.73545	0.04013	0.01628	0.01236	0.00593	0.00476	0.00146	0.00404	0.00482	0.00575	0.00792
53	0.01140	0.01301	0.02636	0.03612	0.02398	0.04975	0.71230	0.01550	0.03380	0.01500	0.00969	0.01266	0.00729	0.00410	0.00546	0.00157	0.00782	0.00541	0.00245	0.00633
54	0.00675	0.00492	0.00635	0.00598	0.00713	0.00458	0.00449	0.00916	0.02826	0.01879	0.77154	0.03510	0.05988	0.00963	0.00555	0.00149	0.00226	0.00850	0.00517	0.00450
55	0.01625	0.01241	0.01348	0.01112	0.03891	0.01383	0.00878	0.58297	0.20603	0.02689	0.01312	0.01282	0.00952	0.00579	0.00473	0.00146	0.00485	0.00450	0.00466	0.00787
56	0.00960	0.00518	0.00526	0.00497	0.00630	0.00530	0.00380	0.08008	0.01098	0.01866	0.01502	0.01702	0.01172	0.00551	0.00342	0.00113	0.00246	0.00438	0.78449	0.00472
57	0.01125	0.36636	0.41912	0.01097	0.01641	0.03085	0.01281	0.03694	0.03057	0.01379	0.00799	0.00915	0.00628	0.00438	0.00388	0.00128	0.00605	0.00314	0.00216	0.00659
58	0.00606	0.00470	0.00556	0.00579	0.00693	0.00419	0.00432	0.00752	0.01104	0.01427	0.23261	0.21442	0.37585	0.01207	0.00575	0.00168	0.00259	0.07597	0.00458	0.00410
59	0.15373	0.01127	0.01858	0.02575	0.01787	0.05231	0.40316	0.04255	0.05497	0.04191	0.10859	0.01476	0.01196	0.00511	0.00507	0.00153	0.01655	0.00518	0.00314	0.00601
60	0.01037	0.01429	0.22314	0.01470	0.03032	0.01053	0.34224	0.04253	0.08618	0.01625	0.07670	0.02803	0.02739	0.00518	0.00507	0.00151	0.00626	0.00526	0.00292	0.05114
61	0.00978	0.00838	0.00978	0.00698	0.01117	0.00629	0.00559	0.01187	0.00978	0.01536	0.00838	0.00978	0.00698	0.00349	0.00349	0.00070	0.00349	0.00279	0.00279	0.86312
62	0.01190	0.01109	0.01773	0.15295	0.55552	0.03736	0.03775	0.03828	0.03767	0.04034	0.00949	0.01207	0.00761	0.00447	0.00470	0.00144	0.00575	0.00426	0.00257	0.00705
63	0.01513	0.00937	0.01232	0.00979	0.01300	0.00935	0.08317	0.14341	0.18782	0.29061	0.04331	0.05317	0.02215	0.03216	0.00546	0.00157	0.00438	0.00541	0.00473	0.05367
64	0.01377	0.00998	0.01095	0.00907	0.01194	0.01074	0.00733	0.37246	0.17196	0.07754	0.07007	0.02170	0.12316	0.01934	0.00528	0.00157	0.00418	0.04736	0.00475	0.00685
65	0.00890	0.00838	0.01414	0.82296	0.03247	0.01048	0.01309	0.01205	0.00943	0.01205	0.00838	0.01257	0.00629	0.00471	0.00471	0.00157	0.00629	0.00419	0.00210	0.00524
66	0.00995	0.00859	0.01041	0.00745	0.01165	0.00659	0.03013	0.02421	0.01001	0.01558	0.00846	0.00989	0.00701	0.00354	0.00358	0.00074	0.00366	0.00290	0.00281	0.82283
67	0.01734	0.02053	0.01332	0.01183	0.01446	0.66216	0.00900	0.12456	0.05710	0.01447	0.00849	0.00938	0.00679	0.00505	0.00434	0.00126	0.00779	0.00333	0.00287	0.00592
68	0.00946	0.02439	0.80987	0.01344	0.02041	0.01095	0.01742	0.01493	0.00995	0.01493	0.00846	0.00995	0.00597	0.00448	0.00448	0.00149	0.00697	0.00348	0.00199	0.00697
69	0.86760	0.00912	0.00693	0.00620	0.00912	0.01058	0.00511	0.01386	0.00802	0.02115	0.00657	0.00766	0.00511	0.00438	0.00292	0.00146	0.00365	0.00255	0.00292	0.00511
70	0.00794	0.00658	0.00824	0.00912	0.06116	0.03133	0.02570	0.01087	0.09358	0.01413	0.02712	0.19725	0.18761	0.01117	0.00573	0.00181	0.00378	0.26360	0.02850	0.00478
71	0.00586	0.00433	0.00542	0.00614	0.00674	0.00397	0.00421	0.00685	0.00962	0.01260	0.08899	0.56977	0.18097	0.05029	0.00671	0.00194	0.00274	0.02461	0.00437	0.00387
72	0.00890	0.00821	0.01031	0.04037	0.01053	0.06895	0.04355	0.00991	0.00798	0.01077	0.01166	0.03624	0.02499	0.30134	0.14071	0.00368	0.24961	0.00550	0.00254	0.00424
73	0.00583	0.00474	0.00519	0.00534	0.00670	0.00410	0.00401	0.00715	0.01083	0.01339	0.12350	0.13649	0.58611	0.01209	0.00568	0.00165	0.00253	0.05617	0.00446	0.00403
74	0.01682	0.02094	0.01288	0.01170	0.01404	0.73340	0.00877	0.03273	0.02916	0.01195	0.00802	0.00978	0.00682	0.03387	0.02801	0.00152	0.00833	0.00329	0.00254	0.00543
75	0.00685	0.00484	0.00626	0.00596	0.00710	0.00444	0.00445	0.00892	0.01294	0.03436	0.69605	0.08398	0.08608	0.01001	0.00557	0.00152	0.00230	0.00883	0.00511	0.00446
76	0.01007	0.07827	0.66498	0.01266	0.01890	0.02657	0.01567	0.03848	0.03693	0.01509	0.00889	0.01034	0.00651	0.00553	0.03000	0.00165	0.00688	0.00355	0.00220	0.00684
77	0.00583	0.00432	0.00540	0.00621	0.00679	0.00395	0.00427	0.00677	0.00945	0.01227	0.04279	0.59771	0.19244	0.04294	0.00657	0.00194	0.00278	0.03939	0.00434	0.00386
78	0.21277	0.01451	0.01170	0.00989	0.01294	0.26311	0.00784	0.24664	0.08314	0.07900	0.01020	0.01050	0.00757	0.00519	0.00417	0.00138	0.00566	0.00361	0.00368	0.00650
79	0.10804	0.03572	0.07466	0.00794	0.01210	0.00768	0.03627	0.01252	0.00966	0.02612	0.00885	0.03551	0.00749	0.00409	0.00367	0.00094	0.00399	0.00328	0.00279	0.59868
80	0.00754	0.00525	0.00699	0.00764	0.00869	0.00510	0.00619	0.02919	0.01098	0.03691	0.10067	0.25183	0.08340	0.01269	0.00613	0.00196	0.00360	0.40638	0.00449	0.00439
81	0.03648	0.00795	0.01047	0.00818	0.01151	0.00715	0.00670	0.06588	0.01387	0.64815	0.11559	0.01799	0.01541	0.00627	0.00480	0.00146	0.00385	0.00514	0.00563	0.00752
82	0.03190	0.02181	0.01008	0.00787	0.01087	0.00742	0.00641	0.08615	0.02327	0.51567	0.01754	0.01701	0.03418	0.03395	0.05712	0.00190	0.00444	0.00483	0.10057	0.00700
83	0.01126	0.00974	0.04793	0.01007	0.01398	0.00795	0.15543	0.06865	0.01128	0.09284	0.02636	0.09012	0.01052	0.00520	0.00442	0.00116	0.00457	0.00477	0.00331	0.42045
84	0.01162	0.06640	0.03672	0.01257	0.01424	0.11906	0.11415	0.05508	0.00961	0.01289	0.00774	0.01115	0.00695	0.02046	0.06930	0.00221	0.41783	0.00417	0.00234	0.00552
85	0.00684	0.00580	0.05503	0.00590	0.00652	0.00494	0.00413	0.00746	0.00766	0.01029	0.03665	0.09576	0.06532	0.60230	0.06275	0.00407	0.00482	0.00732	0.00306	0.00337
86	0.01119	0.20736	0.55542	0.01181	0.01780	0.01255	0.01436	0.03867	0.01047	0.06642	0.00878	0.00985	0.00643	0.00450	0.00417	0.00138	0.00628	0.00337	0.00233	0.00686
87	0.13010	0.01001	0.01221	0.00967	0.01294	0.03061	0.07949	0.14901	0.11678	0.21995	0.05429	0.02739	0.01139	0.00569	0.00485	0.00143	0.03038	0.00461	0.00425	0.08494
88	0.58407	0.01145	0.00914	0.00843	0.03754	0.12352	0.00648	0.08101	0.05884	0.03034	0.00808	0.00894	0.00623	0.00469	0.00346	0.00143	0.00453	0.00302	0.00314	0.00567
89	0.00957	0.00896	0.01420	0.54516	0.08291	0.01084	0.03616	0.01370	0.10724	0.01318	0.00985	0.01360	0.00779	0.03465	0.00630	0.00171	0.07163	0.00447	0.00248	0.00562

[dist]
# distance from previous block
# <min> <max>
0	1

[block]
# block no. 1 follows, 54 sequences, length 76
# corresponding to MSA columns:
# 107-182
name=unknown_B
#
# <colnr> <probs for GDERKNQSTAVLIFYWHMCP>
#	G	D	E	R	K	N	Q	S	T	A	V	L	I	F	Y	W	H	M	C	P
0	0.01188	0.01243	0.02155	0.01610	0.01971	0.08724	0.48702	0.04823	0.01134	0.04693	0.01121	0.06329	0.02515	0.00547	0.00638	0.00159	0.09189	0.00560	0.00277	0.02420
1	0.01579	0.09768	0.01413	0.00993	0.01349	0.03029	0.00825	0.51159	0.11593	0.03412	0.01177	0.01184	0.00869	0.00543	0.00441	0.00134	0.00483	0.00410	0.03461	0.06179
2	0.01100	0.25516	0.36108	0.01264	0.04104	0.04634	0.06950	0.01436	0.00972	0.01322	0.00764	0.00951	0.00616	0.00484	0.00564	0.00142	0.11884	0.00345	0.00207	0.00637
3	0.01013	0.00643	0.02555	0.09191	0.01146	0.00602	0.00650	0.03876	0.02439	0.17923	0.04030	0.38834	0.04360	0.03093	0.00594	0.00180	0.00371	0.06294	0.00437	0.01770
4	0.03834	0.01117	0.02878	0.00985	0.01307	0.04135	0.03432	0.33058	0.11896	0.19584	0.01382	0.01404	0.00997	0.03294	0.00551	0.00155	0.02575	0.00453	0.06243	0.00721
5	0.00821	0.00569	0.00691	0.00652	0.00802	0.00546	0.00493	0.01152	0.11390	0.07980	0.42025	0.11584	0.16300	0.00989	0.00546	0.00157	0.00267	0.02040	0.00496	0.00498
6	0.00975	0.00997	0.03296	0.01385	0.06318	0.03061	0.25689	0.02456	0.05991	0.01408	0.03704	0.13880	0.02687	0.01001	0.08109	0.00226	0.15211	0.02751	0.00299	0.00557
7	0.00725	0.00479	0.00581	0.00603	0.00719	0.00424	0.00433	0.00842	0.01044	0.09037	0.09275	0.39739	0.31863	0.01245	0.00569	0.00172	0.00269	0.01090	0.00458	0.00434
8	0.01684	0.01945	0.01371	0.01193	0.01465	0.58867	0.04043	0.13945	0.06535	0.01518	0.00895	0.00989	0.00709	0.00506	0.00439	0.00128	0.00752	0.00351	0.02063	0.00601
9	0.00984	0.00888	0.01414	0.73884	0.03063	0.01091	0.01267	0.09254	0.01075	0.01388	0.00868	0.01244	0.00646	0.00481	0.00471	0.00156	0.00617	0.00420	0.00237	0.00553
10	0.00750	0.00676	0.01109	0.00959	0.01138	0.00641	0.19159	0.01010	0.06747	0.01370	0.05843	0.38529	0.16513	0.02508	0.00603	0.00178	0.00400	0.00999	0.00394	0.00474
11	0.00574	0.00413	0.00544	0.00649	0.00682	0.00384	0.00435	0.00657	0.00910	0.01206	0.02685	0.79994	0.06191	0.01466	0.00600	0.00190	0.00272	0.01327	0.00438	0.00384
12	0.00963	0.06831	0.76744	0.01315	0.01996	0.01137	0.01692	0.01489	0.00993	0.01472	0.00836	0.00983	0.00598	0.00446	0.00440	0.00147	0.00686	0.00343	0.00199	0.00692
13	0.01087	0.01038	0.01769	0.25983	0.58028	0.01099	0.01407	0.01377	0.01036	0.01443	0.00873	0.01193	0.00712	0.00435	0.00468	0.00145	0.00580	0.00420	0.00226	0.00682
14	0.02697	0.00612	0.00633	0.00592	0.00756	0.00651	0.00455	0.02525	0.19934	0.04842	0.01619	0.01725	0.01243	0.00570	0.00372	0.00124	0.00270	0.00459	0.59386	0.00533
15	0.00631	0.00459	0.00542	0.00563	0.00619	0.00443	0.00371	0.00700	0.00843	0.01098	0.04028	0.19082	0.20936	0.36556	0.10732	0.00362	0.00457	0.00872	0.00353	0.00351
16	0.01082	0.01034	0.01773	0.21169	0.57452	0.01084	0.03287	0.01368	0.01031	0.01444	0.00892	0.01218	0.00736	0.00558	0.03758	0.00170	0.00610	0.00427	0.00229	0.00679
17	0.01208	0.52468	0.24309	0.00986	0.01461	0.04231	0.01074	0.04588	0.03444	0.01319	0.00769	0.00872	0.00636	0.00432	0.00359	0.00119	0.00566	0.00296	0.00222	0.00641
18	0.01803	0.01303	0.01404	0.01076	0.01453	0.01436	0.00889	0.76312	0.02187	0.05617	0.01157	0.01148	0.00814	0.00567	0.00472	0.00142	0.00515	0.00426	0.00475	0.00802
19	0.05929	0.01106	0.01614	0.29557	0.41020	0.07944	0.01291	0.01390	0.01027	0.01415	0.00837	0.01145	0.00678	0.00454	0.00483	0.00146	0.02698	0.00400	0.00229	0.00635
20	0.01189	0.00596	0.00656	0.00577	0.00759	0.00592	0.00452	0.09595	0.01182	0.15476	0.01550	0.01665	0.01158	0.00557	0.00370	0.00119	0.00283	0.00444	0.62240	0.00540
21	0.00604	0.00469	0.00549	0.00551	0.00671	0.00415	0.00405	0.00759	0.01153	0.01511	0.34712	0.16159	0.38060	0.01145	0.00564	0.00160	0.00238	0.00991	0.00470	0.00415
22	0.01261	0.83713	0.02471	0.00807	0.01210	0.01866	0.00807	0.01412	0.00958	0.01109	0.00656	0.00756	0.00605	0.00403	0.00303	0.00101	0.00504	0.00252	0.00202	0.00605
23	0.00583	0.00416	0.00553	0.00655	0.00686	0.00389	0.00440	0.00671	0.00919	0.01229	0.05669	0.77385	0.03141	0.02868	0.00632	0.00195	0.00277	0.02469	0.00438	0.00385
24	0.00946	0.02439	0.80987	0.01344	0.02041	0.01095	0.01742	0.01493	0.00995	0.01493	0.00846	0.00995	0.00597	0.00448	0.00448	0.00149	0.00697	0.00348	0.00199	0.00697
25	0.01841	0.01243	0.01367	0.01048	0.01423	0.01347	0.00866	0.67428	0.02087	0.14643	0.01241	0.01203	0.00857	0.00569	0.00472	0.00142	0.00501	0.00432	0.00488	0.00802
26	0.00574	0.00410	0.00547	0.00657	0.00684	0.00383	0.00438	0.00657	0.00903	0.01204	0.02599	0.83122	0.03119	0.01477	0.00602	0.00191	0.00274	0.01340	0.00438	0.00383
27	0.00879	0.00439	0.00439	0.00439	0.00549	0.00439	0.00330	0.01099	0.00989	0.01758	0.01538	0.01758	0.01209	0.00549	0.00330	0.00110	0.00220	0.00439	0.86047	0.00439
28	0.00578	0.00474	0.00509	0.00510	0.00652	0.00405	0.00379	0.00713	0.01109	0.01378	0.17904	0.09692	0.61716	0.01173	0.00560	0.00159	0.00238	0.00993	0.00452	0.00405
29	0.00943	0.00678	0.00904	0.00936	0.09942	0.00651	0.02292	0.03831	0.07969	0.09938	0.37043	0.02977	0.18285	0.00855	0.00528	0.00150	0.00318	0.00744	0.00466	0.00549
30	0.01699	0.00834	0.01049	0.00840	0.01145	0.00798	0.00682	0.15935	0.04652	0.46028	0.16375	0.03539	0.01785	0.00682	0.00494	0.00148	0.00386	0.01668	0.00542	0.00720
31	0.06947	0.25624	0.41504	0.01132	0.02836	0.07952	0.01269	0.01534	0.02274	0.03769	0.00817	0.00932	0.00627	0.00444	0.00395	0.00133	0.00616	0.00319	0.00226	0.00650
32	0.01014	0.05267	0.50766	0.01753	0.23805	0.01115	0.04114	0.01452	0.01017	0.01482	0.00907	0.03561	0.00720	0.00468	0.00456	0.00146	0.00641	0.00402	0.00217	0.00695
33	0.01118	0.01109	0.01961	0.10076	0.52114	0.01159	0.14143	0.01402	0.01031	0.01462	0.00866	0.01179	0.00717	0.00463	0.00594	0.00152	0.09099	0.00442	0.00229	0.00684
34	0.00760	0.00502	0.00660	0.00609	0.00736	0.00461	0.00461	0.00980	0.01336	0.06922	0.75243	0.03400	0.04240	0.00940	0.00551	0.00148	0.00234	0.00829	0.00523	0.00468
35	0.00811	0.00413	0.00608	0.00608	0.00608	0.00413	0.00402	0.00619	0.00619	0.00825	0.00861	0.01538	0.00876	0.06825	0.01878	0.80839	0.00413	0.00427	0.00210	0.00210
36	0.01441	0.09908	0.03953	0.00991	0.02937	0.28945	0.00793	0.12250	0.01327	0.09226	0.03848	0.05221	0.04221	0.00621	0.00442	0.00134	0.00562	0.03368	0.09222	0.00590
37	0.00590	0.00444	0.00539	0.00587	0.00665	0.00401	0.00408	0.00701	0.01012	0.01321	0.15679	0.43424	0.25866	0.05278	0.00668	0.00188	0.00264	0.01129	0.00443	0.00393
38	0.00920	0.00868	0.01468	0.73772	0.11539	0.01055	0.01324	0.01231	0.00957	0.01241	0.00843	0.01247	0.00641	0.00466	0.00471	0.00155	0.00621	0.00419	0.00212	0.00548
39	0.00649	0.00478	0.00607	0.00583	0.00695	0.00436	0.00434	0.00852	0.01281	0.01780	0.67049	0.07859	0.13505	0.01019	0.00559	0.00152	0.00227	0.00896	0.00505	0.00436
40	0.01281	0.80450	0.02425	0.00823	0.01220	0.05057	0.00811	0.01431	0.00973	0.01111	0.00658	0.00760	0.00605	0.00407	0.00307	0.00102	0.00518	0.00254	0.00203	0.00603
41	0.00607	0.00469	0.00555	0.00564	0.00680	0.00417	0.00416	0.00761	0.01142	0.01498	0.32892	0.18393	0.35630	0.01161	0.00567	0.00162	0.00244	0.02959	0.00468	0.00414
42	0.01522	0.01677	0.01305	0.02403	0.07481	0.44073	0.00907	0.06272	0.19161	0.03466	0.03097	0.01198	0.00931	0.00549	0.00494	0.00138	0.03983	0.00396	0.00323	0.00624
43	0.00640	0.00481	0.00592	0.00564	0.00687	0.00433	0.00423	0.00836	0.01269	0.01735	0.61188	0.03778	0.23598	0.01022	0.00556	0.00151	0.00227	0.00889	0.00499	0.00433
44	0.00571	0.00425	0.00531	0.00616	0.00673	0.00386	0.00420	0.00661	0.00941	0.01219	0.03089	0.65438	0.20486	0.01413	0.00592	0.00184	0.00266	0.01263	0.00438	0.00386
45	0.01762	0.02221	0.01338	0.01211	0.01458	0.79235	0.00911	0.04097	0.01361	0.01206	0.00740	0.00858	0.00613	0.00488	0.00426	0.00122	0.00841	0.00307	0.00250	0.00554
46	0.00963	0.00929	0.01309	0.01146	0.01163	0.01275	0.00948	0.01080	0.00736	0.01134	0.00772	0.01266	0.00761	0.01311	0.15555	0.00303	0.66578	0.02054	0.00219	0.00497
47	0.01169	0.51369	0.31358	0.01006	0.01516	0.01548	0.01148	0.01467	0.00983	0.03559	0.00761	0.00869	0.00618	0.00425	0.00361	0.00120	0.00572	0.00294	0.00212	0.00645
48	0.86760	0.00912	0.00693	0.00620	0.00912	0.01058	0.00511	0.01386	0.00802	0.02115	0.00657	0.00766	0.00511	0.00438	0.00292	0.00146	0.00365	0.00255	0.00292	0.00511
49	0.01769	0.02184	0.01335	0.01203	0.01453	0.76861	0.00907	0.05013	0.01372	0.02636	0.00765	0.00875	0.00625	0.00491	0.00428	0.00123	0.00829	0.00312	0.00258	0.00561
50	0.00611	0.00439	0.00550	0.00617	0.00687	0.00398	0.00427	0.00714	0.00982	0.02997	0.08982	0.58465	0.19684	0.01358	0.00586	0.00180	0.00265	0.01211	0.00447	0.00400
51	0.00623	0.00488	0.00598	0.00608	0.00710	0.00466	0.00451	0.00764	0.01049	0.01381	0.21912	0.20056	0.31590	0.03197	0.09032	0.00235	0.03155	0.02847	0.00427	0.00411
52	0.06685	0.57976	0.10996	0.00881	0.01296	0.01644	0.00891	0.04611	0.08666	0.01375	0.00819	0.00896	0.00687	0.00440	0.00342	0.00117	0.00505	0.00297	0.00245	0.00631
53	0.01053	0.00491	0.00532	0.00496	0.00642	0.00475	0.00381	0.01268	0.01040	0.12898	0.01584	0.01736	0.01203	0.00554	0.00350	0.00115	0.00245	0.00444	0.74004	0.00491
54	0.01677	0.00762	0.00933	0.00748	0.01033	0.00724	0.00607	0.12983	0.01360	0.44503	0.01653	0.01585	0.01128	0.00570	0.00428	0.00134	0.00361	0.00456	0.27668	0.00687
55	0.01710	0.01259	0.01350	0.01052	0.01411	0.01396	0.00864	0.67941	0.10193	0.03988	0.01234	0.01219	0.00883	0.00573	0.00469	0.00143	0.00495	0.00437	0.02596	0.00787
56	0.00587	0.00479	0.00519	0.00509	0.00655	0.00411	0.00381	0.00734	0.01144	0.01439	0.24998	0.04266	0.59972	0.01132	0.00557	0.00156	0.00234	0.00957	0.00460	0.00411
57	0.02102	0.00823	0.01107	0.00849	0.01214	0.00724	0.00701	0.05404	0.01385	0.77659	0.01831	0.01586	0.01152	0.00583	0.00474	0.00146	0.00406	0.00472	0.00579	0.00802
58	0.01600	0.00869	0.01047	0.00875	0.01179	0.00881	0.00702	0.02276	0.34883	0.40915	0.05238	0.01870	0.02679	0.00647	0.00485	0.00154	0.00380	0.02041	0.00531	0.00750
59	0.00576	0.00415	0.00546	0.00647	0.00682	0.00385	0.00435	0.00663	0.00921	0.01224	0.04615	0.77839	0.06401	0.01453	0.00599	0.00189	0.00271	0.01314	0.00440	0.00385
60	0.03270	0.00860	0.01081	0.00851	0.01191	0.00816	0.00696	0.10205	0.09749	0.58559	0.01753	0.01567	0.01150	0.00583	0.00463	0.00145	0.00400	0.00470	0.05420	0.00771
61	0.02089	0.00846	0.01121	0.00859	0.01225	0.00757	0.00710	0.08686	0.01422	0.74325	0.01799	0.01565	0.01137	0.00582	0.00474	0.00146	0.00411	0.00470	0.00574	0.00802
62	0.00574	0.00410	0.00547	0.00657	0.00684	0.00383	0.00438	0.00657	0.00903	0.01204	0.02599	0.83122	0.03119	0.01477	0.00602	0.00191	0.00274	0.01340	0.00438	0.00383
63	0.05846	0.00777	0.00982	0.00889	0.02326	0.00763	0.00723	0.09314	0.06729	0.33818	0.01951	0.07669	0.01692	0.00845	0.00526	0.00170	0.00413	0.23428	0.00491	0.00647
64	0.01032	0.01032	0.01444	0.01238	0.01238	0.01444	0.01032	0.01135	0.00722	0.01135	0.00619	0.01032	0.00619	0.00825	0.01547	0.00206	0.82567	0.00413	0.00206	0.00516
65	0.00685	0.00458	0.00521	0.00521	0.00524	0.00461	0.00294	0.00690	0.00688	0.00919	0.01479	0.03050	0.01699	0.81133	0.04675	0.00466	0.00480	0.00680	0.00285	0.00290
66	0.01015	0.00978	0.01583	0.36166	0.27609	0.01172	0.01283	0.01265	0.00929	0.01295	0.00798	0.01171	0.00664	0.00545	0.00743	0.00164	0.21392	0.00418	0.00216	0.00594
67	0.00914	0.00849	0.01350	0.68038	0.02875	0.01053	0.01211	0.01318	0.09085	0.01282	0.01001	0.04052	0.00796	0.00536	0.00518	0.00160	0.03712	0.00462	0.00245	0.00542
68	0.00978	0.00838	0.00978	0.00698	0.01117	0.00629	0.00559	0.01187	0.00978	0.01536	0.00838	0.00978	0.00698	0.00349	0.00349	0.00070	0.00349	0.00279	0.00279	0.86312
69	0.01310	0.69184	0.05406	0.03616	0.01322	0.04904	0.00858	0.01483	0.00999	0.06184	0.00749	0.00840	0.00641	0.00422	0.00330	0.00108	0.00523	0.00278	0.00228	0.00616
70	0.00655	0.00481	0.00614	0.00581	0.00697	0.00440	0.00435	0.00866	0.01306	0.01823	0.71994	0.03633	0.12737	0.00989	0.00556	0.00149	0.00224	0.00868	0.00510	0.00440
71	0.01261	0.01040	0.01106	0.00966	0.01241	0.01190	0.00758	0.15059	0.63675	0.02091	0.01745	0.01642	0.01309	0.00667	0.00533	0.03606	0.00399	0.00510	0.00467	0.00734
72	0.01119	0.00831	0.00966	0.07065	0.02318	0.00893	0.00676	0.25344	0.09159	0.03189	0.14996	0.03540	0.10418	0.06097	0.03856	0.00191	0.00427	0.00607	0.07726	0.00584
73	0.01176	0.16331	0.13877	0.01045	0.04492	0.05426	0.00923	0.09929	0.27534	0.01719	0.04609	0.04216	0.05526	0.00613	0.00450	0.00143	0.00479	0.00489	0.00360	0.00665
74	0.56866	0.19836	0.05159	0.00742	0.01076	0.07152	0.00669	0.01434	0.00887	0.01786	0.00671	0.00781	0.00543	0.00434	0.00312	0.00134	0.00449	0.00263	0.00263	0.00544
75	0.07210	0.21710	0.38112	0.01100	0.01594	0.05547	0.01226	0.09006	0.02127	0.01552	0.00833	0.00972	0.00648	0.00585	0.03660	0.00161	0.02733	0.00334	0.00241	0.00649

[dist]
# distance from previous block
# <min> <max>
0	1

[block]
# block no. 2 follows, 54 sequences, length 24
# corresponding to MSA columns:
# 184-207
name=unknown_C
#
# <colnr> <probs for GDERKNQSTAVLIFYWHMCP>
#	G	D	E	R	K	N	Q	S	T	A	V	L	I	F	Y	W	H	M	C	P
0	0.03108	0.14380	0.42994	0.04172	0.02847	0.07438	0.06563	0.04809	0.03678	0.01508	0.03675	0.01094	0.00781	0.00471	0.00435	0.00141	0.00639	0.00373	0.00241	0.00654
1	0.00624	0.00484	0.00557	0.00557	0.00673	0.00439	0.00403	0.00799	0.03402	0.01461	0.29141	0.14484	0.36461	0.07545	0.00704	0.00183	0.00259	0.00956	0.00454	0.00413
2	0.00682	0.00599	0.00722	0.12813	0.02530	0.00597	0.00575	0.00925	0.06730	0.01335	0.05966	0.03667	0.55744	0.01016	0.00567	0.00160	0.02664	0.01857	0.00399	0.00453
3	0.00622	0.00508	0.00553	0.00536	0.00688	0.00454	0.00404	0.00836	0.05437	0.01485	0.25848	0.04100	0.54656	0.01099	0.00553	0.00156	0.00242	0.00930	0.00463	0.00430
4	0.00986	0.00962	0.01346	0.01166	0.01173	0.01329	0.00962	0.01090	0.00724	0.01122	0.00711	0.01189	0.00714	0.04578	0.08442	0.00264	0.72098	0.00432	0.00214	0.00498
5	0.01452	0.07067	0.01333	0.01030	0.04680	0.02743	0.00805	0.32674	0.18930	0.06498	0.01238	0.01237	0.00923	0.00523	0.00437	0.00129	0.00455	0.00409	0.00409	0.17029
6	0.01028	0.03349	0.07094	0.00820	0.04334	0.00661	0.00645	0.02831	0.02434	0.15882	0.02084	0.10278	0.13690	0.18541	0.04845	0.00247	0.00452	0.05263	0.00381	0.05141
7	0.01568	0.01062	0.04094	0.05962	0.14955	0.04222	0.03139	0.15223	0.05796	0.29698	0.05189	0.01477	0.01121	0.00631	0.02614	0.00161	0.00512	0.00466	0.01387	0.00723
8	0.00977	0.06270	0.69676	0.01380	0.02041	0.01142	0.09085	0.01491	0.01005	0.01476	0.00847	0.01010	0.00609	0.00441	0.00451	0.00148	0.00697	0.00364	0.00203	0.00687
9	0.01042	0.00975	0.01633	0.33318	0.44029	0.01071	0.01325	0.01326	0.01007	0.01407	0.00890	0.01226	0.00719	0.00461	0.00500	0.00148	0.03479	0.00420	0.04387	0.00638
10	0.01225	0.59353	0.21905	0.00942	0.01416	0.01615	0.01033	0.01477	0.00987	0.05215	0.00763	0.00858	0.00631	0.00424	0.00347	0.00115	0.00547	0.00287	0.00220	0.00638
11	0.00940	0.00758	0.00895	0.00695	0.01025	0.00602	0.00541	0.01142	0.02469	0.03307	0.01158	0.07102	0.01099	0.08600	0.00589	0.00128	0.00361	0.04607	0.00310	0.63671
12	0.00623	0.00516	0.00596	0.00618	0.00725	0.02717	0.01983	0.00745	0.01043	0.01322	0.12966	0.37022	0.34917	0.01248	0.00572	0.00170	0.00280	0.01093	0.00438	0.00406
13	0.01009	0.00879	0.01103	0.00875	0.05598	0.00692	0.03439	0.02693	0.01012	0.01563	0.00851	0.01002	0.00704	0.00359	0.00366	0.00078	0.00380	0.00300	0.00279	0.76820
14	0.00729	0.00565	0.00683	0.00730	0.00832	0.00577	0.00535	0.01109	0.18182	0.01434	0.06450	0.47205	0.08309	0.01229	0.00575	0.00183	0.00308	0.09441	0.00451	0.00472
15	0.03333	0.00813	0.00915	0.00820	0.01030	0.00876	0.00635	0.13650	0.28760	0.04848	0.24450	0.12635	0.02409	0.00832	0.00514	0.00158	0.00341	0.01886	0.00483	0.00612
16	0.00596	0.00439	0.00540	0.00609	0.00668	0.00405	0.00418	0.00685	0.00929	0.01203	0.04123	0.50329	0.19801	0.11915	0.00825	0.00219	0.00297	0.05200	0.00419	0.00377
17	0.00911	0.00859	0.01051	0.00958	0.00995	0.07001	0.00746	0.01007	0.00787	0.01096	0.01107	0.10141	0.01178	0.16204	0.15985	0.00343	0.38362	0.00568	0.00256	0.00446
18	0.01018	0.01008	0.01407	0.01209	0.01209	0.01404	0.01001	0.01117	0.00721	0.01126	0.00654	0.01114	0.00663	0.04161	0.01582	0.00216	0.79251	0.00424	0.00210	0.00506
19	0.00715	0.00561	0.00828	0.00793	0.00865	0.00653	0.02647	0.00855	0.00759	0.01087	0.01285	0.05229	0.01275	0.14977	0.57323	0.00626	0.08291	0.00559	0.00261	0.00413
20	0.00978	0.00838	0.00978	0.00698	0.01117	0.00629	0.00559	0.01187	0.00978	0.01536	0.00838	0.00978	0.00698	0.00349	0.00349	0.00070	0.00349	0.00279	0.00279	0.86312
21	0.00638	0.00478	0.00591	0.00568	0.00687	0.00431	0.00424	0.00830	0.01257	0.01719	0.59411	0.06525	0.22633	0.01037	0.00558	0.00152	0.00228	0.00904	0.00497	0.00431
22	0.01017	0.00584	0.00639	0.02140	0.00778	0.00600	0.00460	0.11109	0.02653	0.05384	0.01637	0.12589	0.01404	0.00678	0.00396	0.00128	0.00284	0.00562	0.56457	0.00502
23	0.00712	0.00509	0.00632	0.00613	0.00739	0.00473	0.00461	0.00945	0.04630	0.04465	0.47910	0.13004	0.18320	0.01052	0.00559	0.00158	0.00252	0.03622	0.00492	0.00454

[dist]
# distance from previous block
# <min> <max>
0	6

[block]
# block no. 3 follows, 54 sequences, length 8
# corresponding to MSA columns:
# 214-221
name=unknown_D
#
# <colnr> <probs for GDERKNQSTAVLIFYWHMCP>
#	G	D	E	R	K	N	Q	S	T	A	V	L	I	F	Y	W	H	M	C	P
0	0.01474	0.01240	0.04504	0.01333	0.13503	0.01307	0.00968	0.40672	0.25659	0.02389	0.01324	0.01324	0.00980	0.00562	0.00472	0.00147	0.00488	0.00454	0.00427	0.00772
1	0.00661	0.00479	0.00605	0.00605	0.00662	0.00500	0.00417	0.00746	0.00774	0.01040	0.01901	0.02822	0.13525	0.39351	0.33327	0.00530	0.00741	0.00662	0.00296	0.00356
2	0.04677	0.00719	0.00894	0.00729	0.01013	0.00656	0.00588	0.04533	0.02986	0.48165	0.04276	0.03899	0.11779	0.00686	0.00464	0.00144	0.00349	0.00560	0.12213	0.00668
3	0.00714	0.00564	0.00631	0.00619	0.00746	0.00556	0.00446	0.01053	0.15439	0.01460	0.18501	0.14182	0.28316	0.13666	0.00831	0.00207	0.00298	0.00881	0.00438	0.00452
4	0.00690	0.00475	0.00588	0.00610	0.00640	0.00485	0.00409	0.00751	0.00768	0.01030	0.01663	0.07144	0.01859	0.55555	0.13267	0.00450	0.00559	0.12415	0.00311	0.00332
5	0.05493	0.10662	0.17931	0.01206	0.08418	0.22127	0.01027	0.06546	0.03805	0.01457	0.00928	0.01124	0.00759	0.00940	0.12828	0.00227	0.00737	0.00366	0.02816	0.00601
6	0.08665	0.15125	0.03450	0.01155	0.05197	0.24013	0.03487	0.28057	0.01497	0.01893	0.00907	0.01060	0.00724	0.00508	0.00422	0.00132	0.00610	0.02123	0.00321	0.00654
7	0.51002	0.06659	0.01030	0.00794	0.01099	0.08533	0.00652	0.19040	0.01187	0.02124	0.00837	0.03666	0.00681	0.00504	0.00356	0.00141	0.00450	0.00335	0.00327	0.00582

[dist]
# distance from previous block
# <min> <max>
0	3

[block]
# block no. 4 follows, 54 sequences, length 14
# corresponding to MSA columns:
# 225-238
name=unknown_E
#
# <colnr> <probs for GDERKNQSTAVLIFYWHMCP>
#	G	D	E	R	K	N	Q	S	T	A	V	L	I	F	Y	W	H	M	C	P
0	0.00967	0.00702	0.00790	0.00711	0.00936	0.00682	0.00545	0.01452	0.23798	0.10565	0.04560	0.13798	0.26807	0.00899	0.00507	0.00152	0.00314	0.00763	0.00450	0.10604
1	0.00613	0.00465	0.00563	0.00573	0.00676	0.00424	0.00414	0.00758	0.01098	0.01456	0.31290	0.20526	0.28775	0.05308	0.04718	0.00207	0.00302	0.00977	0.00450	0.00407
2	0.01286	0.00746	0.00945	0.00834	0.01051	0.00745	0.00680	0.15536	0.01390	0.23154	0.18910	0.09659	0.02292	0.00900	0.00575	0.00167	0.03007	0.17030	0.00493	0.00601
3	0.01261	0.83713	0.02471	0.00807	0.01210	0.01866	0.00807	0.01412	0.00958	0.01109	0.00656	0.00756	0.00605	0.00403	0.00303	0.00101	0.00504	0.00252	0.00202	0.00605
4	0.00978	0.00838	0.00978	0.00698	0.01117	0.00629	0.00559	0.01187	0.00978	0.01536	0.00838	0.00978	0.00698	0.00349	0.00349	0.00070	0.00349	0.00279	0.00279	0.86312
5	0.01352	0.01149	0.01151	0.00986	0.01277	0.06254	0.00779	0.23682	0.49199	0.02165	0.01768	0.01667	0.05163	0.00637	0.00478	0.00152	0.00437	0.00512	0.00461	0.00732
6	0.02820	0.00744	0.08757	0.00768	0.00932	0.00629	0.00639	0.05711	0.00975	0.06312	0.05881	0.22983	0.03556	0.11791	0.24902	0.00378	0.00655	0.00744	0.00352	0.00472
7	0.00696	0.00497	0.00614	0.00671	0.00764	0.00472	0.00486	0.00895	0.06761	0.04545	0.02944	0.50534	0.18320	0.01306	0.00584	0.00183	0.00295	0.08553	0.00446	0.00435
8	0.00946	0.02439	0.80987	0.01344	0.02041	0.01095	0.01742	0.01493	0.00995	0.01493	0.00846	0.00995	0.00597	0.00448	0.00448	0.00149	0.00697	0.00348	0.00199	0.00697
9	0.00964	0.07088	0.76496	0.01313	0.01993	0.01139	0.01689	0.01489	0.00993	0.01471	0.00835	0.00982	0.00598	0.00445	0.00440	0.00147	0.00686	0.00343	0.00199	0.00692
10	0.07915	0.01247	0.05993	0.35278	0.09042	0.12915	0.04701	0.09320	0.03753	0.01531	0.00877	0.01134	0.00673	0.00488	0.00487	0.00149	0.03246	0.00396	0.00259	0.00596
11	0.04347	0.00628	0.00743	0.00677	0.00846	0.00629	0.00519	0.03139	0.14427	0.07571	0.47949	0.05589	0.06774	0.00867	0.00520	0.00151	0.00276	0.00748	0.03073	0.00528
12	0.22118	0.00902	0.00973	0.00784	0.01092	0.00936	0.00642	0.21559	0.01382	0.28955	0.01332	0.01308	0.00923	0.00538	0.00406	0.00139	0.00393	0.00403	0.14543	0.00673
13	0.01069	0.26029	0.18000	0.00943	0.01307	0.01149	0.03612	0.04525	0.07567	0.04772	0.16929	0.03652	0.01683	0.00647	0.00452	0.00141	0.00473	0.06107	0.00337	0.00603

[dist]
# distance from previous block
# <min> <max>
0	11

[block]
# block no. 5 follows, 54 sequences, length 18
# corresponding to MSA columns:
# 250-267
name=unknown_F
#
# <colnr> <probs for GDERKNQSTAVLIFYWHMCP>
#	G	D	E	R	K	N	Q	S	T	A	V	L	I	F	Y	W	H	M	C	P
0	0.19279	0.00923	0.01049	0.00839	0.01174	0.00936	0.00687	0.15111	0.08736	0.41533	0.03988	0.01428	0.01100	0.00568	0.00439	0.00147	0.00405	0.00438	0.00493	0.00726
1	0.00966	0.01087	0.10391	0.03387	0.02950	0.02398	0.28636	0.03605	0.03498	0.03665	0.04570	0.13905	0.11048	0.02813	0.00610	0.00171	0.02525	0.02884	0.00327	0.00563
2	0.00593	0.00432	0.00551	0.00638	0.00686	0.00401	0.00439	0.00683	0.00923	0.01207	0.02797	0.61867	0.13028	0.07192	0.00726	0.00208	0.00293	0.06529	0.00427	0.00382
3	0.00957	0.00767	0.00842	0.00766	0.00961	0.02710	0.00593	0.05343	0.29775	0.03731	0.34176	0.02810	0.10939	0.00839	0.00522	0.00154	0.00318	0.02731	0.00487	0.00577
4	0.00621	0.00453	0.00562	0.00610	0.00677	0.00422	0.00429	0.00732	0.00987	0.01303	0.15858	0.36603	0.16527	0.14364	0.00877	0.00223	0.00302	0.07639	0.00427	0.00385
5	0.62109	0.00956	0.00835	0.00713	0.01015	0.01082	0.00585	0.13114	0.04744	0.07031	0.00888	0.00950	0.00660	0.00479	0.00340	0.00145	0.00386	0.00313	0.03073	0.00581
6	0.00641	0.00468	0.00596	0.00647	0.00727	0.00439	0.00481	0.00780	0.01041	0.01380	0.19670	0.30143	0.14827	0.08896	0.00763	0.00207	0.00308	0.17142	0.00441	0.00400
7	0.01761	0.02247	0.01336	0.01215	0.01458	0.81537	0.00911	0.01883	0.01336	0.01154	0.00729	0.00850	0.00607	0.00486	0.00425	0.00121	0.00850	0.00304	0.00243	0.00547
8	0.04186	0.01200	0.01531	0.01159	0.01542	0.03627	0.13325	0.42813	0.01756	0.22121	0.01260	0.01254	0.00865	0.00537	0.00479	0.00145	0.00539	0.00450	0.00450	0.00759
9	0.00692	0.00522	0.00751	0.00742	0.00809	0.00608	0.00562	0.00831	0.00745	0.01068	0.01268	0.02009	0.01237	0.16032	0.65309	0.00684	0.04941	0.00529	0.00256	0.00404
10	0.05586	0.01007	0.01608	0.35579	0.28446	0.03240	0.06384	0.01337	0.02142	0.01387	0.00865	0.01202	0.00694	0.00562	0.02921	0.00171	0.05614	0.00421	0.00230	0.00605
11	0.00946	0.02439	0.80987	0.01344	0.02041	0.01095	0.01742	0.01493	0.00995	0.01493	0.00846	0.00995	0.00597	0.00448	0.00448	0.00149	0.00697	0.00348	0.00199	0.00697
12	0.00618	0.00452	0.00580	0.00636	0.00702	0.00411	0.00434	0.00721	0.00952	0.01292	0.11728	0.60423	0.06059	0.06324	0.00688	0.00193	0.00282	0.01161	0.00428	0.05916
13	0.00881	0.00496	0.00602	0.00548	0.00682	0.00488	0.05386	0.01112	0.01018	0.01750	0.06294	0.01834	0.01374	0.00565	0.00358	0.00115	0.00257	0.00472	0.75314	0.00452
14	0.28531	0.00995	0.00926	0.00793	0.01058	0.05911	0.00632	0.23260	0.05613	0.05812	0.02633	0.07580	0.01054	0.00601	0.00404	0.00142	0.00410	0.00453	0.12594	0.00600
15	0.00624	0.00479	0.00701	0.00742	0.00809	0.00448	0.05492	0.00737	0.00937	0.01245	0.04213	0.66284	0.06123	0.03543	0.00646	0.00196	0.00319	0.05637	0.00422	0.00402
16	0.01271	0.06817	0.01403	0.01125	0.01283	0.19902	0.02173	0.11087	0.03883	0.01398	0.00846	0.01120	0.00742	0.01024	0.11403	0.00241	0.33058	0.00397	0.00264	0.00563
17	0.00836	0.00524	0.00649	0.00656	0.00730	0.00512	0.00444	0.05862	0.00951	0.08609	0.02021	0.40905	0.02258	0.29015	0.03574	0.00290	0.00392	0.00956	0.00397	0.00417

[dist]
# distance from previous block
# <min> <max>
1	9

[block]
# block no. 6 follows, 54 sequences, length 13
# corresponding to MSA columns:
# 279-291
name=unknown_G
#
# <colnr> <probs for GDERKNQSTAVLIFYWHMCP>
#	G	D	E	R	K	N	Q	S	T	A	V	L	I	F	Y	W	H	M	C	P
0	0.04280	0.20844	0.01485	0.00988	0.03920	0.14970	0.00793	0.24044	0.04568	0.03980	0.10993	0.01464	0.04576	0.00584	0.00432	0.00131	0.00510	0.00440	0.00362	0.00636
1	0.04022	0.01133	0.08318	0.02200	0.04305	0.01040	0.05136	0.24346	0.06782	0.12708	0.04625	0.02678	0.03699	0.00578	0.00504	0.00140	0.03840	0.00466	0.02018	0.11463
2	0.05358	0.33678	0.14130	0.06342	0.03737	0.10039	0.04213	0.05815	0.04561	0.02616	0.00822	0.00961	0.00667	0.00469	0.00448	0.00131	0.04808	0.00334	0.00246	0.00624
3	0.00790	0.00592	0.00730	0.00696	0.00806	0.00613	0.00522	0.06705	0.02920	0.02984	0.27848	0.24033	0.13617	0.03520	0.00699	0.00174	0.08016	0.00894	0.03377	0.00464
