[name]
unknown

[dist]
# distance from previous block
# <min> <max>
0	1506

[block]
# block no. 0 follows, 50 sequences, length 11
# corresponding to MSA columns:
# 1538-1548
name=unknown_A
#
# <colnr> <probs for GDERKNQSTAVLIFYWHMCP>
#	G	D	E	R	K	N	Q	S	T	A	V	L	I	F	Y	W	H	M	C	P
0	0.14784	0.06126	0.11539	0.03654	0.17052	0.04130	0.00996	0.03655	0.07979	0.03378	0.04834	0.02953	0.04043	0.00644	0.01517	0.00159	0.00508	0.03362	0.05815	0.02871
1	0.00959	0.09992	0.16989	0.00870	0.01195	0.00874	0.00847	0.01230	0.01176	0.05397	0.28060	0.02394	0.11021	0.00766	0.00576	0.00147	0.05888	0.00619	0.00385	0.10613
2	0.01039	0.06347	0.03514	0.00994	0.05032	0.00823	0.08236	0.03509	0.01162	0.03651	0.13398	0.04539	0.06235	0.00594	0.00460	0.00119	0.00424	0.00520	0.00350	0.39053
3	0.00999	0.03558	0.06518	0.05408	0.08588	0.01129	0.00963	0.02660	0.00875	0.01271	0.00983	0.01626	0.00964	0.17079	0.10079	0.00311	0.32772	0.00490	0.00250	0.03477
4	0.00720	0.00606	0.00629	0.00648	0.00750	0.05748	0.00457	0.00846	0.01120	0.01427	0.20696	0.28338	0.25400	0.09368	0.00789	0.00205	0.00326	0.01050	0.00453	0.00426
5	0.01243	0.28715	0.03731	0.03189	0.01334	0.05539	0.00785	0.09231	0.01206	0.01619	0.06040	0.01152	0.00969	0.00470	0.00391	0.00106	0.00481	0.00349	0.00299	0.33152
6	0.00751	0.00649	0.00757	0.00859	0.08288	0.04375	0.00561	0.00919	0.01199	0.01552	0.26504	0.18269	0.31207	0.01129	0.00582	0.00167	0.00318	0.00980	0.00458	0.00476
7	0.01124	0.01089	0.06773	0.01178	0.05297	0.01116	0.06578	0.07744	0.26389	0.01776	0.07285	0.03693	0.01481	0.10061	0.00923	0.00207	0.13180	0.00577	0.02885	0.00645
8	0.00620	0.00499	0.00553	0.00555	0.00696	0.00431	0.00410	0.00769	0.01186	0.01501	0.23284	0.12671	0.52608	0.01233	0.00594	0.00169	0.00252	0.01053	0.00484	0.00431
9	0.05486	0.37299	0.13109	0.01214	0.07929	0.08005	0.03055	0.06795	0.01148	0.03874	0.00848	0.00989	0.00697	0.00490	0.00468	0.00134	0.05316	0.00343	0.02132	0.00668
10	0.04447	0.08051	0.63863	0.01342	0.02003	0.01186	0.05408	0.01530	0.01051	0.01567	0.01063	0.01206	0.04135	0.00502	0.00467	0.00155	0.00692	0.00398	0.00228	0.00705

[dist]
# distance from previous block
# <min> <max>
4	10

[block]
# block no. 1 follows, 50 sequences, length 11
# corresponding to MSA columns:
# 1559-1569
name=unknown_B
#
# <colnr> <probs for GDERKNQSTAVLIFYWHMCP>
#	G	D	E	R	K	N	Q	S	T	A	V	L	I	F	Y	W	H	M	C	P
0	0.00669	0.00546	0.00610	0.00580	0.00757	0.00459	0.00432	0.00822	0.01150	0.01490	0.17482	0.13604	0.46552	0.01142	0.00567	0.00158	0.00269	0.00973	0.00457	0.11283
1	0.00785	0.00583	0.00697	0.00705	0.00822	0.00565	0.00510	0.10564	0.01244	0.01650	0.16176	0.43923	0.17303	0.01289	0.00602	0.00181	0.00306	0.01137	0.00482	0.00476
2	0.03322	0.04459	0.16709	0.03790	0.31693	0.02661	0.04794	0.09368	0.05124	0.07401	0.01273	0.01412	0.04711	0.00531	0.00489	0.00152	0.00588	0.00464	0.00316	0.00745
3	0.01239	0.01079	0.05589	0.07408	0.07688	0.04321	0.05339	0.17322	0.04772	0.07656	0.18368	0.06176	0.07170	0.00755	0.00564	0.00160	0.02677	0.00643	0.00425	0.00649
4	0.00679	0.00577	0.00719	0.00874	0.10724	0.00517	0.00546	0.00823	0.01109	0.01391	0.06711	0.20104	0.51007	0.01210	0.00586	0.00172	0.00303	0.01044	0.00438	0.00466
5	0.00923	0.00850	0.01411	0.67809	0.06185	0.01029	0.01274	0.01242	0.01055	0.01381	0.10865	0.01630	0.01185	0.00563	0.00510	0.00164	0.00607	0.00501	0.00264	0.00553
6	0.01109	0.00960	0.01220	0.01141	0.14078	0.00794	0.00763	0.05100	0.01115	0.01700	0.00910	0.01075	0.00752	0.00393	0.00396	0.00090	0.00415	0.00327	0.00297	0.67364
7	0.01361	0.05980	0.05915	0.13192	0.06152	0.12064	0.05346	0.13465	0.09999	0.04208	0.01094	0.01357	0.00878	0.02026	0.00701	0.00168	0.13107	0.02001	0.00322	0.00666
8	0.00866	0.00433	0.00649	0.00649	0.00649	0.00433	0.00433	0.00649	0.00649	0.00866	0.00866	0.01515	0.00866	0.01732	0.01948	0.85498	0.00433	0.00433	0.00216	0.00216
9	0.03392	0.09702	0.03010	0.05794	0.04242	0.09959	0.02876	0.09538	0.01266	0.12884	0.01203	0.02591	0.02892	0.01771	0.00467	0.00129	0.00514	0.00411	0.01858	0.25501
10	0.01060	0.03380	0.16329	0.04542	0.10487	0.00941	0.02994	0.10478	0.02769	0.03810	0.05929	0.20288	0.04955	0.00823	0.00547	0.00163	0.01988	0.01968	0.00366	0.06183

[dist]
# distance from previous block
# <min> <max>
1	9

[block]
# block no. 2 follows, 50 sequences, length 20
# corresponding to MSA columns:
# 1579,1581-1599
name=unknown_C
#
# <colnr> <probs for GDERKNQSTAVLIFYWHMCP>
#	G	D	E	R	K	N	Q	S	T	A	V	L	I	F	Y	W	H	M	C	P
0	0.00721	0.00615	0.00647	0.00669	0.00778	0.06170	0.00481	0.00864	0.01157	0.01482	0.23818	0.32014	0.24237	0.01311	0.02527	0.00190	0.00333	0.01078	0.00466	0.00440
1	0.03844	0.03133	0.12268	0.11107	0.21563	0.03404	0.14075	0.06159	0.02599	0.01635	0.01001	0.04107	0.00829	0.00527	0.00562	0.00155	0.05522	0.00472	0.00271	0.06765
2	0.06862	0.00561	0.00644	0.00628	0.00662	0.00608	0.00407	0.00838	0.00761	0.01130	0.01466	0.05332	0.01624	0.58940	0.08815	0.00447	0.06027	0.00670	0.03222	0.00357
3	0.01279	0.01270	0.01979	0.02932	0.73797	0.06866	0.01489	0.01563	0.01155	0.01599	0.00926	0.01210	0.00779	0.00449	0.00490	0.00147	0.00614	0.00435	0.00247	0.00774
4	0.00893	0.00645	0.00808	0.00869	0.05687	0.00633	0.00599	0.02364	0.12094	0.07167	0.12533	0.28741	0.16992	0.03161	0.00632	0.00186	0.00336	0.04653	0.00474	0.00533
5	0.00707	0.00476	0.00549	0.00566	0.00571	0.00471	0.00326	0.00720	0.00759	0.01012	0.01748	0.15129	0.02035	0.70311	0.02251	0.00441	0.00454	0.00829	0.00326	0.00317
6	0.01298	0.01126	0.01158	0.01030	0.01319	0.03382	0.00804	0.07412	0.71559	0.02129	0.01942	0.01792	0.01455	0.00667	0.00505	0.00167	0.00418	0.00550	0.00500	0.00787
7	0.01393	0.61742	0.07288	0.00964	0.01378	0.14554	0.00931	0.01620	0.03891	0.01239	0.00767	0.00870	0.00672	0.00453	0.00357	0.00116	0.00600	0.00293	0.00231	0.00641
8	0.86003	0.00964	0.00733	0.00655	0.00964	0.01118	0.00540	0.01465	0.00848	0.02236	0.00694	0.00810	0.00540	0.00463	0.00308	0.00154	0.00386	0.00270	0.00308	0.00540
9	0.00710	0.00617	0.00669	0.03962	0.00897	0.00600	0.00504	0.01017	0.11579	0.01436	0.04244	0.06272	0.60442	0.01145	0.00614	0.00171	0.03241	0.00948	0.00450	0.00480
10	0.01277	0.01070	0.01138	0.01004	0.01288	0.01224	0.00786	0.10668	0.65320	0.02194	0.06849	0.01907	0.01651	0.00690	0.00511	0.00166	0.00401	0.00573	0.00509	0.00775
11	0.01862	0.02376	0.01413	0.01284	0.01541	0.80482	0.00963	0.01990	0.01413	0.01220	0.00770	0.00899	0.00642	0.00514	0.00449	0.00128	0.00899	0.00321	0.00257	0.00578
12	0.01244	0.01212	0.01986	0.05605	0.74396	0.03680	0.01507	0.01536	0.01139	0.01604	0.00931	0.01226	0.00781	0.00448	0.00492	0.00148	0.00604	0.00440	0.00246	0.00775
13	0.00607	0.00434	0.00578	0.00694	0.00723	0.00405	0.00463	0.00694	0.00954	0.01272	0.02747	0.82157	0.03297	0.01562	0.00636	0.00202	0.00289	0.01417	0.00463	0.00405
14	0.00649	0.00503	0.00592	0.00584	0.00718	0.00446	0.00437	0.00825	0.01251	0.01646	0.39118	0.09885	0.37529	0.01174	0.00594	0.00167	0.00252	0.02685	0.00503	0.00443
15	0.67333	0.00963	0.00856	0.00775	0.03137	0.01084	0.00612	0.04039	0.00976	0.11611	0.00888	0.00967	0.00657	0.00497	0.00374	0.00155	0.02221	0.00316	0.01947	0.00593
16	0.00834	0.00476	0.00507	0.00505	0.00625	0.00457	0.00376	0.01047	0.01114	0.01790	0.14733	0.05333	0.12752	0.00781	0.00431	0.00133	0.00238	0.00650	0.56760	0.00457
17	0.00951	0.00701	0.01000	0.05515	0.03253	0.02442	0.07348	0.05879	0.00921	0.01263	0.01183	0.01958	0.01145	0.22044	0.10267	0.24949	0.01877	0.00534	0.06360	0.00410
18	0.02767	0.03569	0.00950	0.00857	0.02035	0.04294	0.00657	0.02498	0.02114	0.01407	0.05156	0.13415	0.08273	0.04256	0.18377	0.00319	0.15665	0.00669	0.10577	0.02144
19	0.06153	0.08650	0.07939	0.01377	0.15006	0.06970	0.03857	0.15905	0.03028	0.04853	0.01091	0.05078	0.00902	0.00535	0.00451	0.00135	0.00541	0.00436	0.01703	0.15391

[dist]
# distance from previous block
# <min> <max>
0	93

[block]
# block no. 3 follows, 50 sequences, length 83
# corresponding to MSA columns:
# 1696-1704,1707-1780
name=unknown_D
#
# <colnr> <probs for GDERKNQSTAVLIFYWHMCP>
#	G	D	E	R	K	N	Q	S	T	A	V	L	I	F	Y	W	H	M	C	P
0	0.03783	0.14140	0.08841	0.01260	0.07850	0.26914	0.01004	0.09712	0.09397	0.05142	0.01131	0.01224	0.02528	0.00685	0.04146	0.00170	0.00684	0.00398	0.00319	0.00671
1	0.01356	0.41212	0.20748	0.01152	0.04020	0.17949	0.01130	0.02961	0.01128	0.01329	0.00788	0.00926	0.00660	0.00530	0.02096	0.00140	0.00677	0.00317	0.00229	0.00654
2	0.06048	0.00638	0.00750	0.00746	0.00911	0.00641	0.00597	0.01222	0.12110	0.03492	0.24861	0.06177	0.17591	0.01085	0.00586	0.00181	0.00336	0.21026	0.00487	0.00514
3	0.00699	0.00507	0.00631	0.00613	0.00737	0.00457	0.00455	0.00893	0.01302	0.03252	0.53249	0.12569	0.20544	0.01124	0.00592	0.00164	0.00248	0.00983	0.00522	0.00460
4	0.00607	0.00434	0.00578	0.00694	0.00723	0.00405	0.00463	0.00694	0.00954	0.01272	0.02747	0.82157	0.03297	0.01562	0.00636	0.00202	0.00289	0.01417	0.00463	0.00405
5	0.00669	0.00507	0.00609	0.00584	0.00713	0.00455	0.00433	0.00859	0.01292	0.01744	0.51962	0.04044	0.28266	0.04860	0.00678	0.00176	0.00252	0.00941	0.00510	0.00447
6	0.00941	0.00886	0.01495	0.81285	0.03433	0.01107	0.01384	0.01274	0.00997	0.01274	0.00886	0.01329	0.00664	0.00498	0.00498	0.00166	0.00664	0.00443	0.00221	0.00554
7	0.00656	0.00509	0.00598	0.00579	0.00720	0.00451	0.00437	0.00843	0.01283	0.01698	0.44479	0.04243	0.37731	0.01135	0.00591	0.00164	0.00248	0.02680	0.00509	0.00448
8	0.00764	0.00617	0.00829	0.00823	0.00919	0.04211	0.00638	0.00940	0.00829	0.01160	0.01310	0.01911	0.01219	0.03593	0.76910	0.00771	0.01316	0.00524	0.00267	0.00451
9	0.86003	0.00964	0.00733	0.00655	0.00964	0.01118	0.00540	0.01465	0.00848	0.02236	0.00694	0.00810	0.00540	0.00463	0.00308	0.00154	0.00386	0.00270	0.00308	0.00540
10	0.01551	0.01869	0.02996	0.01640	0.15740	0.46867	0.05021	0.01732	0.01232	0.01315	0.00818	0.01047	0.00696	0.00651	0.03251	0.00169	0.12160	0.00381	0.00249	0.00615
11	0.01428	0.01560	0.01859	0.02479	0.52950	0.25902	0.03497	0.01675	0.01223	0.01500	0.00887	0.01132	0.00743	0.00465	0.00482	0.00142	0.00695	0.00410	0.00250	0.00720
12	0.01311	0.01106	0.01167	0.01029	0.01323	0.01273	0.00806	0.10852	0.70153	0.02201	0.01938	0.01787	0.01448	0.00668	0.00506	0.00167	0.00411	0.00551	0.00506	0.00795
13	0.01302	0.67278	0.14479	0.00957	0.01425	0.04914	0.01010	0.01525	0.01035	0.01237	0.00727	0.00842	0.00638	0.00437	0.00349	0.00115	0.00579	0.00284	0.00214	0.00652
14	0.00639	0.00474	0.00671	0.00748	0.00800	0.00444	0.03034	0.00751	0.00991	0.01327	0.06212	0.72417	0.03258	0.01490	0.00635	0.00200	0.00313	0.04718	0.00460	0.00419
15	0.00616	0.00440	0.00573	0.00675	0.00707	0.00412	0.00447	0.00697	0.00941	0.01250	0.02726	0.73085	0.05689	0.08227	0.00791	0.00224	0.00304	0.01348	0.00449	0.00397
16	0.00592	0.00505	0.00508	0.00508	0.00675	0.00422	0.00381	0.00720	0.01142	0.01361	0.06662	0.04774	0.77550	0.01257	0.00589	0.00168	0.00252	0.01049	0.00465	0.00422
17	0.01390	0.74049	0.02482	0.00900	0.01308	0.10499	0.00865	0.01547	0.01056	0.01178	0.00701	0.00810	0.00640	0.00436	0.00334	0.00109	0.00573	0.00272	0.00218	0.00633
18	0.00941	0.00886	0.01495	0.81285	0.03433	0.01107	0.01384	0.01274	0.00997	0.01274	0.00886	0.01329	0.00664	0.00498	0.00498	0.00166	0.00664	0.00443	0.00221	0.00554
19	0.03583	0.05143	0.05474	0.04699	0.44978	0.06395	0.07726	0.03154	0.08648	0.03856	0.01051	0.01257	0.00837	0.00480	0.00486	0.00150	0.00609	0.00445	0.00286	0.00745
20	0.01890	0.09888	0.05093	0.01250	0.11396	0.06832	0.02107	0.06746	0.01379	0.46083	0.01500	0.01417	0.01011	0.00556	0.00477	0.00147	0.00520	0.00448	0.00468	0.00791
21	0.01000	0.02578	0.79900	0.01421	0.02157	0.01158	0.01842	0.01579	0.01052	0.01579	0.00895	0.01052	0.00631	0.00474	0.00474	0.00158	0.00737	0.00368	0.00210	0.00737
22	0.00964	0.00822	0.00912	0.00907	0.05174	0.00871	0.00653	0.03125	0.37457	0.01800	0.10065	0.04718	0.28684	0.00916	0.00545	0.00167	0.00342	0.00773	0.00481	0.00625
23	0.01096	0.01304	0.16099	0.46702	0.12598	0.02828	0.03574	0.04950	0.01113	0.03695	0.00940	0.01261	0.00701	0.00493	0.00495	0.00160	0.00666	0.00433	0.00248	0.00643
24	0.01806	0.02260	0.01363	0.01241	0.01492	0.75052	0.00931	0.01968	0.03180	0.01269	0.00838	0.00964	0.00691	0.00520	0.00446	0.00129	0.00857	0.00333	0.04081	0.00578
25	0.00621	0.00497	0.00517	0.00522	0.00646	0.00434	0.00365	0.00717	0.01033	0.01256	0.04145	0.07919	0.57943	0.19984	0.01040	0.00242	0.00307	0.00993	0.00426	0.00393
26	0.00991	0.00925	0.01500	0.24288	0.29414	0.00978	0.05274	0.01327	0.05720	0.01491	0.03479	0.09262	0.11852	0.00699	0.00529	0.00163	0.00532	0.00641	0.00312	0.00624
27	0.00720	0.00537	0.00643	0.00686	0.00783	0.00519	0.00488	0.00962	0.09060	0.02599	0.07142	0.41275	0.18634	0.08560	0.00780	0.00215	0.00318	0.05165	0.00460	0.00452
28	0.00614	0.00439	0.00586	0.00702	0.00734	0.00411	0.00475	0.00706	0.00961	0.01280	0.02743	0.79448	0.03282	0.01555	0.00638	0.00203	0.00295	0.04058	0.00463	0.00407
29	0.01346	0.01515	0.03641	0.04899	0.01567	0.26287	0.06702	0.05156	0.01103	0.01358	0.00821	0.01129	0.00714	0.00821	0.04972	0.00205	0.34165	0.00416	0.02605	0.00578
30	0.03230	0.01125	0.03331	0.11791	0.44238	0.02563	0.01272	0.07300	0.04863	0.06378	0.04359	0.03707	0.01098	0.00558	0.00502	0.00155	0.00557	0.01924	0.00320	0.00728
31	0.01400	0.00739	0.02438	0.02549	0.01114	0.00703	0.00689	0.03035	0.01175	0.34736	0.09191	0.10481	0.01759	0.05365	0.18344	0.00321	0.04220	0.00647	0.00466	0.00628
32	0.72741	0.02512	0.00903	0.08661	0.01258	0.01144	0.02245	0.02805	0.00899	0.02124	0.00728	0.00879	0.00564	0.00467	0.00337	0.00155	0.00428	0.00297	0.00300	0.00551
33	0.00689	0.00505	0.00660	0.00694	0.00731	0.00531	0.00476	0.00772	0.00846	0.01151	0.02047	0.33524	0.04772	0.27045	0.18999	0.00422	0.04442	0.00948	0.00358	0.00389
34	0.01924	0.00918	0.01147	0.00927	0.01280	0.00892	0.00750	0.02498	0.25584	0.55377	0.01986	0.01748	0.01324	0.00636	0.00503	0.00159	0.00415	0.00521	0.00583	0.00830
35	0.01143	0.00963	0.01193	0.00917	0.01236	0.00940	0.00748	0.04825	0.01039	0.05089	0.00887	0.01086	0.00743	0.00526	0.00721	0.00120	0.22191	0.00349	0.00298	0.54986
36	0.01367	0.05500	0.08196	0.08526	0.08774	0.02981	0.12381	0.21431	0.05375	0.05933	0.01239	0.03640	0.00976	0.00569	0.00492	0.00152	0.00576	0.02098	0.07122	0.02670
37	0.00611	0.00456	0.00570	0.00653	0.00719	0.00415	0.00451	0.00716	0.01019	0.01324	0.06373	0.59553	0.20739	0.01467	0.00625	0.00193	0.00282	0.02954	0.00466	0.00412
38	0.00708	0.00525	0.00768	0.00773	0.00852	0.00601	0.00587	0.00866	0.00801	0.01146	0.01421	0.05778	0.01391	0.10570	0.69953	0.00745	0.01212	0.00592	0.00279	0.00431
39	0.12949	0.00855	0.01089	0.00849	0.01219	0.00777	0.00700	0.02280	0.01345	0.68233	0.01797	0.01586	0.01146	0.00596	0.00473	0.00153	0.00415	0.00471	0.02265	0.00801
40	0.01102	0.00941	0.01000	0.00910	0.01160	0.01056	0.00704	0.02227	0.60691	0.01982	0.10317	0.02426	0.11769	0.00786	0.00526	0.00168	0.00360	0.00661	0.00506	0.00709
41	0.00725	0.00483	0.00544	0.00544	0.00544	0.00483	0.00302	0.00725	0.00725	0.00966	0.01571	0.03262	0.01812	0.82483	0.02537	0.00483	0.00483	0.00725	0.00302	0.00302
42	0.03375	0.12405	0.10155	0.06656	0.15526	0.30451	0.01137	0.01767	0.06909	0.02746	0.00936	0.01093	0.00753	0.00505	0.00467	0.00140	0.02129	0.00373	0.01821	0.00656
43	0.01862	0.02376	0.01413	0.01284	0.01541	0.80482	0.00963	0.01990	0.01413	0.01220	0.00770	0.00899	0.00642	0.00514	0.00449	0.00128	0.00899	0.00321	0.00257	0.00578
44	0.86003	0.00964	0.00733	0.00655	0.00964	0.01118	0.00540	0.01465	0.00848	0.02236	0.00694	0.00810	0.00540	0.00463	0.00308	0.00154	0.00386	0.00270	0.00308	0.00540
45	0.00613	0.00442	0.00571	0.00671	0.00708	0.00411	0.00447	0.00697	0.00954	0.01259	0.02844	0.71651	0.08765	0.06502	0.00749	0.00217	0.00298	0.01348	0.00453	0.00400
46	0.01802	0.00765	0.01024	0.00817	0.01130	0.00674	0.00662	0.03460	0.01434	0.56658	0.21791	0.02272	0.03772	0.00733	0.00525	0.00155	0.00374	0.00615	0.00594	0.00742
47	0.00712	0.00534	0.00801	0.00801	0.00890	0.00623	0.00623	0.00890	0.00801	0.01157	0.01335	0.01958	0.01246	0.03738	0.80507	0.00801	0.01335	0.00534	0.00267	0.00445
48	0.01118	0.07209	0.44973	0.03154	0.06232	0.01228	0.23591	0.01594	0.01100	0.03772	0.00947	0.01153	0.00694	0.00458	0.00499	0.00157	0.00736	0.00434	0.00236	0.00714
49	0.00719	0.00507	0.00662	0.00662	0.00702	0.00547	0.00449	0.00801	0.00760	0.01054	0.01463	0.02665	0.01553	0.46424	0.38242	0.00629	0.00873	0.00637	0.00286	0.00368
50	0.00711	0.00520	0.00637	0.00636	0.00755	0.00488	0.00466	0.00902	0.03292	0.03645	0.28173	0.18493	0.25249	0.04963	0.08543	0.00246	0.00379	0.00978	0.00470	0.00453
51	0.01075	0.05050	0.16459	0.03631	0.01493	0.02346	0.02555	0.03492	0.01074	0.01600	0.03040	0.01123	0.00817	0.00458	0.00493	0.00112	0.05978	0.00350	0.00279	0.48576
52	0.86003	0.00964	0.00733	0.00655	0.00964	0.01118	0.00540	0.01465	0.00848	0.02236	0.00694	0.00810	0.00540	0.00463	0.00308	0.00154	0.00386	0.00270	0.00308	0.00540
53	0.01138	0.14291	0.19209	0.01046	0.04911	0.08854	0.00966	0.04497	0.03806	0.03810	0.22477	0.01865	0.01874	0.00644	0.00470	0.00142	0.00501	0.00520	0.08359	0.00618
54	0.01098	0.00930	0.00995	0.00896	0.01152	0.01029	0.00694	0.02167	0.56892	0.01974	0.10809	0.02329	0.09796	0.00758	0.00515	0.00162	0.00358	0.00637	0.02187	0.04624
55	0.00614	0.00441	0.00583	0.00684	0.00723	0.00410	0.00461	0.00713	0.00992	0.01327	0.08402	0.74489	0.05282	0.01514	0.00631	0.00198	0.00284	0.01370	0.00469	0.00410
56	0.01491	0.05263	0.01353	0.01210	0.05799	0.27621	0.00893	0.07747	0.37641	0.01802	0.01418	0.01408	0.01093	0.00590	0.00474	0.00149	0.00587	0.00452	0.02301	0.00709
57	0.01051	0.02710	0.01109	0.00961	0.04760	0.00879	0.04283	0.02997	0.25910	0.03931	0.16894	0.02326	0.11579	0.00722	0.00504	0.00144	0.00378	0.00621	0.00439	0.17801
58	0.01172	0.18722	0.40032	0.03536	0.04858	0.01330	0.01366	0.05189	0.10116	0.03731	0.03191	0.01208	0.00883	0.00519	0.00474	0.00149	0.02127	0.00398	0.00281	0.00717
59	0.01418	0.01167	0.01259	0.01141	0.04959	0.02937	0.00869	0.25423	0.44601	0.02325	0.01784	0.01856	0.02753	0.00685	0.00514	0.00164	0.00462	0.04420	0.00484	0.00779
60	0.00743	0.00514	0.00628	0.00594	0.00729	0.00467	0.00447	0.00954	0.01322	0.03939	0.54763	0.03720	0.19609	0.01018	0.00564	0.00155	0.00244	0.00882	0.08238	0.00470
61	0.00868	0.00767	0.01185	0.35232	0.09661	0.00859	0.02271	0.01174	0.05389	0.01374	0.01849	0.18007	0.10200	0.01018	0.05826	0.00213	0.00557	0.00723	0.02288	0.00538
62	0.01355	0.32661	0.09620	0.02380	0.09840	0.09275	0.08850	0.03965	0.01148	0.06952	0.00996	0.04368	0.00842	0.00524	0.00465	0.00137	0.02887	0.00415	0.02655	0.00665
63	0.02492	0.03982	0.08469	0.00819	0.01250	0.00791	0.00724	0.04291	0.02542	0.03101	0.03310	0.04348	0.02628	0.00485	0.00407	0.00100	0.00409	0.00392	0.00320	0.59141
64	0.01383	0.09040	0.16469	0.02984	0.22604	0.10992	0.01216	0.10508	0.03210	0.06805	0.02496	0.01230	0.00872	0.00516	0.00484	0.00144	0.02129	0.00412	0.04230	0.02274
65	0.00640	0.00515	0.00572	0.00559	0.00709	0.00451	0.00419	0.00824	0.02524	0.01580	0.30238	0.05997	0.50857	0.01176	0.00588	0.00165	0.00250	0.01000	0.00493	0.00444
66	0.00861	0.00531	0.00764	0.00744	0.00825	0.00579	0.00555	0.02330	0.00822	0.04966	0.01249	0.01859	0.01155	0.06396	0.45977	0.25154	0.00937	0.00508	0.03388	0.00401
67	0.01108	0.00967	0.01287	0.16189	0.09545	0.00967	0.02207	0.05111	0.14735	0.01681	0.02118	0.01319	0.00926	0.00531	0.00526	0.02805	0.02649	0.00414	0.00321	0.34593
68	0.00641	0.00481	0.00695	0.00762	0.00817	0.00450	0.04032	0.00751	0.00984	0.01316	0.05196	0.74140	0.03217	0.01487	0.00634	0.00200	0.00317	0.03004	0.00456	0.00421
69	0.00677	0.00508	0.00627	0.00597	0.00727	0.00458	0.00448	0.00885	0.01344	0.01839	0.60950	0.03987	0.22964	0.01079	0.00588	0.00160	0.00239	0.00938	0.00528	0.00458
70	0.02236	0.00848	0.01157	0.00887	0.01272	0.00733	0.00733	0.02429	0.01427	0.79719	0.01966	0.01697	0.01234	0.00617	0.00501	0.00154	0.00424	0.00501	0.00617	0.00848
71	0.01132	0.01059	0.01765	0.28863	0.28695	0.01143	0.10779	0.05442	0.07349	0.01641	0.04621	0.01455	0.00994	0.00515	0.00509	0.00158	0.00605	0.00493	0.02104	0.00677
72	0.01035	0.00992	0.01692	0.45079	0.12951	0.01127	0.12097	0.01459	0.07995	0.01451	0.01122	0.01643	0.00916	0.00564	0.00554	0.00170	0.02815	0.05453	0.00270	0.00616
73	0.00772	0.00553	0.00766	0.00874	0.00979	0.00547	0.00743	0.00982	0.01130	0.01475	0.04761	0.15182	0.04419	0.01388	0.00677	0.00223	0.00428	0.63188	0.00462	0.00452
74	0.06370	0.00854	0.01136	0.00875	0.01257	0.00752	0.00723	0.02382	0.01398	0.75895	0.01904	0.01653	0.01200	0.00609	0.00492	0.00154	0.00422	0.00490	0.00602	0.00833
75	0.01117	0.03843	0.23392	0.10040	0.20401	0.04718	0.20807	0.01501	0.01106	0.01517	0.01039	0.06310	0.00873	0.00525	0.00515	0.00159	0.00695	0.00511	0.00249	0.00683
76	0.00750	0.00540	0.00728	0.00827	0.00924	0.00529	0.00684	0.00934	0.01089	0.01412	0.02774	0.18019	0.08671	0.06373	0.00786	0.00236	0.00417	0.53419	0.00450	0.00438
77	0.01091	0.01091	0.01527	0.01309	0.01309	0.01527	0.01091	0.01200	0.00763	0.01200	0.00654	0.01091	0.00654	0.00872	0.01636	0.00218	0.81570	0.00436	0.00218	0.00545
78	0.01197	0.01061	0.01549	0.31753	0.27572	0.05223	0.01240	0.07380	0.03109	0.05337	0.01211	0.07968	0.02052	0.00597	0.00507	0.00159	0.00589	0.00531	0.00302	0.00661
79	0.00705	0.04305	0.00763	0.03750	0.02061	0.00546	0.00529	0.00877	0.01177	0.01602	0.36662	0.33659	0.09128	0.01189	0.00589	0.00173	0.00293	0.01057	0.00477	0.00457
80	0.04015	0.02778	0.09787	0.01679	0.20910	0.08073	0.12044	0.08683	0.02346	0.01797	0.16897	0.01685	0.01552	0.00608	0.00573	0.00156	0.04888	0.00532	0.00334	0.00665
81	0.01074	0.04016	0.01221	0.04438	0.15046	0.05533	0.02250	0.04631	0.05833	0.02690	0.05056	0.13107	0.04611	0.07665	0.00660	0.00168	0.00463	0.00616	0.01533	0.19388
82	0.16236	0.16617	0.12137	0.02503	0.06367	0.02285	0.02675	0.08361	0.01138	0.04820	0.01017	0.01274	0.00829	0.00546	0.00474	0.01332	0.03393	0.03230	0.08039	0.06726

[dist]
# distance from previous block
# <min> <max>
0	22

[block]
# block no. 4 follows, 50 sequences, length 36
# corresponding to MSA columns:
# 1803-1812,1825-1850
name=unknown_E
#
# <colnr> <probs for GDERKNQSTAVLIFYWHMCP>
#	G	D	E	R	K	N	Q	S	T	A	V	L	I	F	Y	W	H	M	C	P
0	0.03520	0.03956	0.11530	0.02551	0.05683	0.06161	0.03106	0.07778	0.05573	0.03622	0.09790	0.02585	0.20505	0.00825	0.00601	0.00165	0.05834	0.05236	0.00382	0.00597
1	0.03740	0.05338	0.05085	0.01340	0.08587	0.11929	0.12307	0.13762	0.05009	0.03023	0.01148	0.01280	0.03473	0.00513	0.00488	0.00134	0.02344	0.00429	0.01536	0.18536
2	0.03536	0.03869	0.02621	0.06156	0.23849	0.04818	0.05733	0.02639	0.03648	0.03876	0.02182	0.08941	0.01159	0.00613	0.00512	0.00145	0.02855	0.03009	0.04632	0.15209
3	0.01117	0.05419	0.26681	0.08076	0.11859	0.03428	0.12354	0.06621	0.02987	0.01658	0.05711	0.02535	0.03138	0.00606	0.01841	0.00165	0.00648	0.01387	0.00287	0.03484
4	0.01183	0.00900	0.01060	0.00770	0.01199	0.00710	0.00619	0.05029	0.01141	0.09146	0.02501	0.01156	0.00867	0.00416	0.00392	0.00087	0.00380	0.00334	0.00341	0.71770
5	0.03681	0.02837	0.00786	0.00737	0.00895	0.00657	0.00594	0.05320	0.04683	0.04049	0.12445	0.06224	0.13308	0.07500	0.00720	0.00202	0.00371	0.24087	0.10407	0.00497
6	0.00611	0.00464	0.00563	0.00626	0.00709	0.00416	0.00436	0.00725	0.01058	0.01367	0.10893	0.49389	0.28120	0.01412	0.00616	0.00187	0.00272	0.01248	0.00471	0.00416
7	0.00866	0.00470	0.00704	0.05093	0.00819	0.00475	0.00491	0.00702	0.00689	0.00922	0.00930	0.04157	0.00932	0.01621	0.01782	0.75677	0.00439	0.00462	0.00227	0.02542
8	0.06033	0.24988	0.06514	0.06097	0.11898	0.13223	0.01013	0.03852	0.05494	0.05960	0.00981	0.02410	0.00810	0.00608	0.02802	0.00157	0.03155	0.00384	0.00286	0.03337
9	0.01150	0.01093	0.01827	0.02732	0.69088	0.01084	0.01382	0.01423	0.01129	0.01589	0.01396	0.04344	0.08441	0.00561	0.00508	0.00152	0.00549	0.00536	0.00275	0.00741
10	0.00798	0.00643	0.00732	0.00745	0.00901	0.00650	0.00575	0.01251	0.20045	0.01553	0.05608	0.17832	0.28469	0.03024	0.00640	0.00193	0.00337	0.15018	0.00472	0.00514
11	0.01130	0.17625	0.38279	0.05865	0.08240	0.01350	0.13498	0.03186	0.01087	0.01513	0.00876	0.01083	0.00672	0.00470	0.00501	0.00151	0.03151	0.00397	0.00228	0.00699
12	0.01312	0.04808	0.02150	0.06728	0.35753	0.03773	0.22313	0.12205	0.01310	0.01783	0.00987	0.01247	0.00779	0.00466	0.00509	0.00152	0.00659	0.00473	0.01860	0.00733
13	0.00733	0.00514	0.00639	0.00614	0.00642	0.00518	0.02596	0.00767	0.00757	0.01015	0.01627	0.03118	0.03864	0.69943	0.10241	0.00497	0.00573	0.00711	0.00302	0.00330
14	0.00727	0.00495	0.00656	0.00740	0.00806	0.00475	0.00545	0.00849	0.00997	0.03856	0.02597	0.46153	0.05207	0.10485	0.02853	0.00253	0.00385	0.21051	0.00444	0.00424
15	0.01375	0.22377	0.10011	0.06306	0.14483	0.05353	0.05372	0.19256	0.01376	0.01810	0.00990	0.01239	0.00807	0.00523	0.00472	0.00143	0.01957	0.02698	0.02748	0.00704
16	0.00621	0.00471	0.00594	0.00671	0.00731	0.00444	0.00464	0.00720	0.00998	0.01304	0.05077	0.61512	0.19151	0.01464	0.00656	0.00195	0.02758	0.01298	0.00457	0.00414
17	0.00691	0.00514	0.00653	0.00683	0.00799	0.00476	0.00533	0.00879	0.01219	0.01625	0.32746	0.15653	0.20311	0.01240	0.00620	0.00184	0.00303	0.19929	0.00495	0.00447
18	0.01027	0.00886	0.01064	0.06057	0.01330	0.00694	0.00643	0.01256	0.01031	0.01601	0.00886	0.01053	0.00733	0.00378	0.00378	0.00080	0.00389	0.00305	0.00290	0.79918
19	0.01256	0.14509	0.29053	0.05639	0.15765	0.08194	0.01356	0.06331	0.02666	0.03780	0.03097	0.01165	0.00825	0.00512	0.00504	0.00148	0.03832	0.00396	0.00267	0.00704
20	0.06750	0.03134	0.10329	0.19826	0.11388	0.03865	0.10034	0.06054	0.07653	0.02814	0.07265	0.01500	0.02320	0.00553	0.00508	0.00156	0.01709	0.00484	0.00312	0.03347
21	0.00823	0.00515	0.00623	0.00605	0.00644	0.00521	0.00379	0.00863	0.00783	0.06196	0.01561	0.02960	0.01688	0.65092	0.14269	0.00510	0.00609	0.00681	0.00317	0.00360
22	0.01647	0.05489	0.02930	0.01205	0.06592	0.01349	0.02163	0.41051	0.16521	0.09685	0.01399	0.02628	0.01043	0.01939	0.00525	0.00157	0.00510	0.00483	0.00463	0.02219
23	0.01488	0.49345	0.02128	0.03205	0.05188	0.08920	0.00905	0.11532	0.02581	0.06675	0.00896	0.00980	0.00732	0.00475	0.00385	0.00121	0.00560	0.00330	0.00290	0.03263
24	0.07878	0.04716	0.06292	0.00999	0.04720	0.03375	0.02275	0.09474	0.03485	0.15257	0.02448	0.01334	0.03364	0.00514	0.00447	0.00124	0.01462	0.00404	0.00374	0.31058
25	0.01268	0.07117	0.19875	0.05093	0.06560	0.05672	0.03621	0.07412	0.07181	0.11261	0.04255	0.09439	0.04428	0.00688	0.00547	0.00160	0.03822	0.00565	0.00360	0.00677
26	0.01171	0.01124	0.01899	0.02660	0.62994	0.01121	0.06409	0.01516	0.05117	0.01621	0.01303	0.04160	0.05577	0.00540	0.00511	0.00153	0.00568	0.00528	0.00281	0.00747
27	0.01184	0.06314	0.09958	0.03018	0.02176	0.05563	0.44854	0.01524	0.01081	0.01464	0.00892	0.01208	0.00709	0.00524	0.00765	0.00171	0.17213	0.00500	0.00239	0.00644
28	0.01312	0.01207	0.12459	0.04303	0.21042	0.03522	0.03438	0.02641	0.04445	0.17944	0.03641	0.09357	0.04252	0.00700	0.00594	0.00165	0.05882	0.02031	0.00373	0.00695
29	0.00990	0.00935	0.01569	0.56781	0.17229	0.01086	0.03819	0.01335	0.03269	0.01375	0.01118	0.04192	0.03102	0.00550	0.00508	0.00164	0.00624	0.00503	0.00251	0.00599
30	0.00716	0.00506	0.00639	0.02849	0.00733	0.00523	0.00430	0.00796	0.00845	0.01153	0.09800	0.07514	0.04222	0.47738	0.18980	0.00484	0.00629	0.00743	0.00332	0.00367
31	0.01168	0.01625	0.31865	0.06896	0.08117	0.01120	0.06003	0.13177	0.04420	0.04064	0.07234	0.04774	0.01178	0.00636	0.00582	0.02462	0.03158	0.00507	0.00322	0.00692
32	0.07198	0.07501	0.18477	0.03984	0.24291	0.04965	0.07724	0.08298	0.02369	0.03942	0.03776	0.01352	0.00936	0.00520	0.00479	0.00152	0.00614	0.02419	0.00294	0.00710
33	0.01059	0.06258	0.01088	0.00941	0.03751	0.03214	0.02743	0.11790	0.17616	0.01793	0.07053	0.25019	0.08964	0.00962	0.00538	0.00168	0.00399	0.01841	0.04206	0.00596
34	0.03388	0.00549	0.00566	0.00563	0.00645	0.02334	0.00369	0.00787	0.00940	0.01223	0.07816	0.07035	0.28532	0.41395	0.01543	0.00323	0.00386	0.00854	0.00379	0.00372
35	0.14240	0.00867	0.01145	0.02262	0.14988	0.00815	0.03339	0.02579	0.01061	0.06499	0.01392	0.18056	0.01358	0.00704	0.00468	0.00143	0.00424	0.03408	0.00350	0.25901

[dist]
# distance from previous block
# <min> <max>
3	4

[block]
# block no. 5 follows, 50 sequences, length 16
# corresponding to MSA columns:
# 1855-1870
name=unknown_F
#
# <colnr> <probs for GDERKNQSTAVLIFYWHMCP>
#	G	D	E	R	K	N	Q	S	T	A	V	L	I	F	Y	W	H	M	C	P
0	0.01061	0.04202	0.09060	0.17611	0.11231	0.03879	0.09726	0.07432	0.02676	0.01648	0.12362	0.04714	0.06903	0.02493	0.00571	0.00167	0.00560	0.02756	0.00335	0.00611
1	0.00620	0.00451	0.00580	0.00679	0.00727	0.00418	0.00465	0.00715	0.00977	0.01281	0.02960	0.66580	0.11822	0.04434	0.00702	0.00210	0.00301	0.05215	0.00457	0.00406
2	0.05030	0.01299	0.18649	0.25414	0.13559	0.01090	0.04174	0.03620	0.03575	0.01519	0.01082	0.04311	0.00924	0.00652	0.00631	0.04282	0.04863	0.04438	0.00266	0.00622
3	0.04114	0.06057	0.09463	0.05999	0.16289	0.04011	0.10758	0.11738	0.01281	0.08736	0.01474	0.01605	0.09457	0.00605	0.00576	0.00157	0.06153	0.00507	0.00332	0.00687
4	0.01076	0.08330	0.68118	0.01388	0.02070	0.05650	0.03507	0.01596	0.01073	0.01530	0.00876	0.01032	0.00636	0.00471	0.00464	0.00153	0.00733	0.00364	0.00214	0.00719
5	0.00711	0.00528	0.00701	0.00757	0.03693	0.00538	0.00515	0.00834	0.00923	0.01249	0.08716	0.13141	0.11396	0.24416	0.25236	0.00452	0.00669	0.04752	0.00358	0.00413
6	0.01264	0.08455	0.21446	0.07944	0.03609	0.11831	0.15506	0.06471	0.01218	0.06026	0.02854	0.07696	0.01032	0.01817	0.00531	0.00160	0.00671	0.00516	0.00297	0.00656
7	0.01026	0.05117	0.09846	0.07401	0.03136	0.02034	0.11219	0.04883	0.07135	0.04174	0.01599	0.13779	0.02913	0.14752	0.03217	0.00239	0.00561	0.03213	0.03192	0.00565
8	0.00618	0.00440	0.00581	0.00683	0.00715	0.00412	0.00455	0.00707	0.00963	0.01289	0.06142	0.74465	0.03282	0.05785	0.00734	0.00215	0.00297	0.01357	0.00458	0.00402
9	0.01100	0.01165	0.08398	0.09679	0.47053	0.01080	0.04344	0.01442	0.03282	0.01539	0.01038	0.01371	0.00863	0.00948	0.12336	0.00248	0.00717	0.00460	0.02237	0.00700
10	0.05070	0.09709	0.23740	0.06647	0.09528	0.09061	0.01244	0.11785	0.07785	0.03408	0.01066	0.01294	0.00840	0.00553	0.00510	0.00154	0.03667	0.02935	0.00305	0.00701
11	0.02490	0.01242	0.12008	0.10046	0.09930	0.08900	0.04323	0.01410	0.05450	0.04057	0.07302	0.07652	0.05587	0.00947	0.06616	0.00215	0.10326	0.00579	0.00317	0.00600
12	0.00612	0.00437	0.00582	0.00691	0.00724	0.00408	0.00463	0.00706	0.00976	0.01306	0.06312	0.78496	0.03362	0.01536	0.00634	0.00200	0.00287	0.01393	0.00467	0.00408
13	0.03958	0.01451	0.13853	0.01336	0.09282	0.04112	0.04090	0.34981	0.07100	0.04337	0.03309	0.04329	0.04350	0.00628	0.00502	0.00155	0.00558	0.00512	0.00406	0.00751
14	0.01363	0.02719	0.05256	0.08137	0.19885	0.09027	0.12327	0.10184	0.02775	0.07424	0.01095	0.01306	0.02240	0.00600	0.01809	0.00168	0.10262	0.00462	0.00307	0.02654
15	0.00894	0.00847	0.07817	0.00814	0.00996	0.03656	0.00668	0.07620	0.06355	0.02728	0.06002	0.38767	0.10924	0.01147	0.00570	0.00178	0.00379	0.03616	0.05500	0.00521

[dist]
# distance from previous block
# <min> <max>
0	1

[block]
# block no. 6 follows, 50 sequences, length 20
# corresponding to MSA columns:
# 1872-1891
name=unknown_G
#
# <colnr> <probs for GDERKNQSTAVLIFYWHMCP>
#	G	D	E	R	K	N	Q	S	T	A	V	L	I	F	Y	W	H	M	C	P
0	0.16735	0.15312	0.15401	0.01255	0.05413	0.20984	0.05635	0.04766	0.01140	0.01580	0.00797	0.00964	0.00645	0.00505	0.00511	0.00146	0.06972	0.00347	0.00257	0.00634
1	0.01775	0.04342	0.01450	0.01114	0.01472	0.13864	0.00904	0.56365	0.02032	0.02628	0.01174	0.04264	0.00910	0.00610	0.00483	0.00144	0.00581	0.00456	0.02429	0.03004
2	0.01145	0.01056	0.05320	0.00888	0.03072	0.02235	0.00726	0.11175	0.01219	0.01810	0.02627	0.03253	0.00897	0.00454	0.00407	0.00096	0.00422	0.00365	0.00325	0.62508
3	0.00670	0.00514	0.00616	0.00604	0.00733	0.00466	0.00447	0.00883	0.03166	0.01711	0.44989	0.12323	0.28760	0.01147	0.00591	0.00166	0.00250	0.00997	0.00511	0.00455
4	0.00701	0.00509	0.00660	0.00622	0.00742	0.00468	0.00467	0.00931	0.01400	0.01972	0.76063	0.03767	0.07767	0.01029	0.00588	0.00157	0.00236	0.00908	0.00545	0.00468
5	0.00722	0.00491	0.00586	0.00595	0.00612	0.00501	0.00367	0.00756	0.00760	0.01022	0.01631	0.06240	0.01845	0.66638	0.11718	0.00500	0.00577	0.03799	0.00310	0.00329
6	0.01600	0.00738	0.00885	0.00731	0.00997	0.00707	0.00587	0.08366	0.04423	0.36266	0.01755	0.01730	0.01231	0.00602	0.00435	0.00138	0.00350	0.00483	0.37296	0.00679
7	0.01091	0.01091	0.01527	0.01309	0.01309	0.01527	0.01091	0.01200	0.00763	0.01200	0.00654	0.01091	0.00654	0.00872	0.01636	0.00218	0.81570	0.00436	0.00218	0.00545
8	0.01862	0.02376	0.01413	0.01284	0.01541	0.80482	0.00963	0.01990	0.01413	0.01220	0.00770	0.00899	0.00642	0.00514	0.00449	0.00128	0.00899	0.00321	0.00257	0.00578
9	0.01333	0.82783	0.02612	0.00853	0.01279	0.01972	0.00853	0.01493	0.01013	0.01173	0.00693	0.00800	0.00640	0.00426	0.00320	0.00107	0.00533	0.00267	0.00213	0.00640
10	0.00606	0.00439	0.00573	0.00679	0.00719	0.00406	0.00456	0.00696	0.00968	0.01278	0.02927	0.76127	0.09212	0.01538	0.00633	0.00200	0.00286	0.01389	0.00463	0.00406
11	0.00611	0.00436	0.00581	0.00692	0.00724	0.00407	0.00463	0.00703	0.00971	0.01298	0.05467	0.79364	0.03347	0.01542	0.00634	0.00201	0.00287	0.01399	0.00466	0.00407
12	0.00615	0.00440	0.00585	0.00689	0.00725	0.00410	0.00463	0.00713	0.00990	0.01329	0.08700	0.76043	0.03406	0.01519	0.00632	0.00199	0.00285	0.01377	0.00469	0.00410
13	0.46790	0.00929	0.00908	0.00775	0.01087	0.01011	0.00631	0.04435	0.09247	0.19172	0.01188	0.01225	0.00867	0.00777	0.06632	0.00204	0.00474	0.00379	0.00400	0.02868
14	0.01862	0.02376	0.01413	0.01284	0.01541	0.80482	0.00963	0.01990	0.01413	0.01220	0.00770	0.00899	0.00642	0.00514	0.00449	0.00128	0.00899	0.00321	0.00257	0.00578
15	0.00649	0.00507	0.00588	0.00568	0.00710	0.00446	0.00426	0.00832	0.01278	0.01684	0.43391	0.04241	0.40619	0.01136	0.00588	0.00162	0.00244	0.00974	0.00507	0.00446
16	0.00612	0.00482	0.00553	0.00586	0.00700	0.00422	0.00420	0.00740	0.01114	0.01415	0.14860	0.30767	0.42903	0.01329	0.00605	0.00178	0.00262	0.01154	0.00475	0.00422
17	0.00773	0.00615	0.00888	0.00855	0.00928	0.00744	0.00670	0.00938	0.00841	0.01230	0.05839	0.05216	0.01449	0.04539	0.56551	0.00624	0.14047	0.00578	0.02218	0.00459
18	0.01557	0.09972	0.01559	0.01278	0.04834	0.40637	0.04920	0.05066	0.17577	0.01512	0.01109	0.02673	0.00908	0.00619	0.01911	0.00154	0.02330	0.00417	0.00318	0.00647
19	0.05891	0.02857	0.26912	0.06126	0.09217	0.01127	0.14895	0.06893	0.04003	0.06921	0.01103	0.04056	0.00854	0.00518	0.00489	0.00154	0.00627	0.00465	0.00300	0.06591

[dist]
# distance from previous block
# <min> <max>
0	8

[block]
# block no. 7 follows, 50 sequences, length 31
# corresponding to MSA columns:
# 1900-1930
name=unknown_H
#
# <colnr> <probs for GDERKNQSTAVLIFYWHMCP>
#	G	D	E	R	K	N	Q	S	T	A	V	L	I	F	Y	W	H	M	C	P
0	0.20832	0.05826	0.09111	0.02571	0.06997	0.30885	0.05852	0.03643	0.01206	0.03409	0.03355	0.01145	0.00822	0.00518	0.00437	0.00144	0.00669	0.01673	0.00288	0.00616
1	0.01468	0.01231	0.01521	0.06091	0.10804	0.05940	0.08275	0.25261	0.21158	0.05806	0.01518	0.01557	0.04207	0.00600	0.00507	0.00156	0.00546	0.00510	0.02094	0.00751
2	0.00690	0.00509	0.00645	0.00611	0.00735	0.00464	0.00458	0.00911	0.01375	0.01913	0.69399	0.03864	0.14468	0.01051	0.00588	0.00158	0.00237	0.00921	0.00537	0.00464
3	0.01393	0.01185	0.01154	0.01005	0.01284	0.10599	0.00786	0.13805	0.42594	0.06320	0.12634	0.01898	0.01747	0.00690	0.00510	0.00159	0.00457	0.00561	0.00488	0.00731
4	0.00725	0.00483	0.00544	0.00544	0.00544	0.00483	0.00302	0.00725	0.00725	0.00966	0.01571	0.03262	0.01812	0.82483	0.02537	0.00483	0.00483	0.00725	0.00302	0.00302
5	0.00589	0.00505	0.00505	0.00505	0.00673	0.00421	0.00379	0.00715	0.01136	0.01347	0.05049	0.04797	0.79171	0.01262	0.00589	0.00168	0.00252	0.01052	0.00463	0.00421
6	0.01333	0.82783	0.02612	0.00853	0.01279	0.01972	0.00853	0.01493	0.01013	0.01173	0.00693	0.00800	0.00640	0.00426	0.00320	0.00107	0.00533	0.00267	0.00213	0.00640
7	0.00716	0.00519	0.00725	0.00725	0.00788	0.00582	0.00528	0.00841	0.00779	0.01101	0.01404	0.02342	0.01413	0.26941	0.57533	0.00707	0.01084	0.00590	0.00277	0.00403
8	0.01000	0.02578	0.79900	0.01421	0.02157	0.01158	0.01842	0.01579	0.01052	0.01579	0.00895	0.01052	0.00631	0.00474	0.00474	0.00158	0.00737	0.00368	0.00210	0.00737
9	0.00713	0.00532	0.00791	0.00791	0.00877	0.00618	0.00611	0.00884	0.00798	0.01150	0.01344	0.02007	0.01268	0.06717	0.77558	0.00789	0.01303	0.00541	0.00268	0.00440
10	0.02019	0.00916	0.01165	0.00924	0.01289	0.00870	0.00753	0.05582	0.17169	0.60733	0.01947	0.01709	0.01277	0.00628	0.00502	0.00157	0.00423	0.00512	0.00590	0.00836
11	0.17756	0.17886	0.02760	0.00868	0.01235	0.04275	0.00756	0.06213	0.01260	0.35867	0.01367	0.01401	0.00977	0.00564	0.00427	0.00145	0.00468	0.02801	0.02262	0.00714
12	0.00753	0.00534	0.00720	0.00707	0.00784	0.00583	0.00516	0.00879	0.00810	0.01181	0.01419	0.04296	0.01413	0.23951	0.45377	0.02153	0.02428	0.00588	0.07224	0.03684
13	0.01838	0.02293	0.01389	0.01258	0.01515	0.75874	0.00946	0.04300	0.01431	0.01296	0.00807	0.00934	0.00666	0.00518	0.00448	0.00129	0.00870	0.00329	0.02577	0.00583
14	0.00786	0.00641	0.00829	0.00813	0.00894	0.04521	0.00617	0.00935	0.00819	0.01137	0.01309	0.02042	0.01266	0.13956	0.62728	0.00700	0.04756	0.00545	0.00269	0.00437
15	0.01178	0.01340	0.02913	0.02131	0.05001	0.01258	0.75190	0.01595	0.01175	0.01598	0.01006	0.01341	0.00757	0.00421	0.00585	0.00167	0.00833	0.00584	0.00252	0.00676
16	0.02191	0.00873	0.01168	0.00894	0.01282	0.00766	0.00738	0.05658	0.01456	0.74411	0.01906	0.01658	0.01204	0.00610	0.00498	0.00152	0.00428	0.00494	0.00604	0.03009
17	0.00722	0.00496	0.00610	0.00610	0.00633	0.00519	0.00385	0.00767	0.00745	0.01016	0.01510	0.02926	0.01666	0.62174	0.22646	0.00565	0.00703	0.00676	0.00293	0.00339
18	0.01333	0.82783	0.02612	0.00853	0.01279	0.01972	0.00853	0.01493	0.01013	0.01173	0.00693	0.00800	0.00640	0.00426	0.00320	0.00107	0.00533	0.00267	0.00213	0.00640
19	0.00589	0.00505	0.00505	0.00505	0.00673	0.00421	0.00379	0.00715	0.01136	0.01347	0.05049	0.04797	0.79171	0.01262	0.00589	0.00168	0.00252	0.01052	0.00463	0.00421
20	0.39482	0.00884	0.00945	0.00772	0.01110	0.00892	0.00634	0.01930	0.01168	0.41575	0.05000	0.01396	0.01087	0.00567	0.00419	0.00154	0.00398	0.00417	0.00476	0.00693
21	0.01862	0.02376	0.01413	0.01284	0.01541	0.80482	0.00963	0.01990	0.01413	0.01220	0.00770	0.00899	0.00642	0.00514	0.00449	0.00128	0.00899	0.00321	0.00257	0.00578
22	0.01091	0.01091	0.01527	0.01309	0.01309	0.01527	0.01091	0.01200	0.00763	0.01200	0.00654	0.01091	0.00654	0.00872	0.01636	0.00218	0.81570	0.00436	0.00218	0.00545
23	0.00725	0.00483	0.00544	0.00544	0.00544	0.00483	0.00302	0.00725	0.00725	0.00966	0.01571	0.03262	0.01812	0.82483	0.02537	0.00483	0.00483	0.00725	0.00302	0.00302
24	0.05015	0.02604	0.01138	0.00926	0.01243	0.15363	0.00738	0.03480	0.10193	0.41385	0.01868	0.03315	0.06071	0.00653	0.00484	0.00151	0.00490	0.00513	0.03643	0.00727
25	0.01000	0.02578	0.79900	0.01421	0.02157	0.01158	0.01842	0.01579	0.01052	0.01579	0.00895	0.01052	0.00631	0.00474	0.00474	0.00158	0.00737	0.00368	0.00210	0.00737
26	0.00728	0.00491	0.00572	0.00577	0.00588	0.00496	0.00346	0.00750	0.00750	0.01004	0.01608	0.03296	0.01829	0.73749	0.07211	0.00490	0.00534	0.04355	0.00307	0.00318
27	0.01832	0.00792	0.01041	0.00828	0.01145	0.00714	0.00672	0.06609	0.01460	0.55048	0.18056	0.02099	0.01939	0.00698	0.00512	0.00153	0.00383	0.00580	0.04689	0.00751
28	0.82338	0.04506	0.00814	0.00664	0.00978	0.01155	0.00553	0.01466	0.00855	0.02190	0.00694	0.00809	0.00544	0.00461	0.00309	0.00152	0.00392	0.00270	0.00304	0.00544
29	0.00664	0.00499	0.00610	0.00616	0.00729	0.00453	0.00456	0.00835	0.01215	0.01623	0.38035	0.15999	0.25528	0.04994	0.00693	0.00187	0.00274	0.05659	0.00494	0.00438
30	0.04009	0.44585	0.10762	0.01017	0.01456	0.01655	0.03402	0.14725	0.08947	0.03713	0.00977	0.01042	0.00778	0.00492	0.00399	0.00131	0.00547	0.00355	0.00306	0.00704

[dist]
# distance from previous block
# <min> <max>
2	4

[block]
# block no. 8 follows, 50 sequences, length 25
# corresponding to MSA columns:
# 1946,1947,1959-1981
name=unknown_I
#
# <colnr> <probs for GDERKNQSTAVLIFYWHMCP>
#	G	D	E	R	K	N	Q	S	T	A	V	L	I	F	Y	W	H	M	C	P
0	0.01400	0.72509	0.02459	0.00908	0.01313	0.12004	0.00867	0.01556	0.01064	0.01179	0.00703	0.00812	0.00640	0.00438	0.00336	0.00109	0.00580	0.00273	0.00219	0.00632
1	0.00714	0.00525	0.00753	0.00753	0.00826	0.00597	0.00563	0.00859	0.00787	0.01122	0.01379	0.02201	0.01351	0.18392	0.65998	0.00742	0.01177	0.00570	0.00274	0.00418
2	0.07726	0.07116	0.03508	0.01090	0.01471	0.05327	0.02208	0.45779	0.12540	0.06437	0.01247	0.01242	0.00906	0.00578	0.00472	0.00149	0.00535	0.00436	0.00448	0.00784
