[name]
unknown

[dist]
# distance from previous block
# <min> <max>
22	502

[block]
# block no. 0 follows, 48 sequences, length 15
# corresponding to MSA columns:
# 847-861
name=unknown_A
#
# <colnr> <probs for GDERKNQSTAVLIFYWHMCP>
#	G	D	E	R	K	N	Q	S	T	A	V	L	I	F	Y	W	H	M	C	P
0	0.21369	0.46991	0.13237	0.00985	0.01445	0.01660	0.05184	0.01548	0.01017	0.01552	0.00761	0.00894	0.00639	0.00454	0.00365	0.00133	0.00560	0.00309	0.00245	0.00650
1	0.38523	0.07153	0.07431	0.00938	0.01299	0.06677	0.00826	0.12266	0.14324	0.02178	0.01100	0.01241	0.00863	0.00562	0.00415	0.00158	0.00500	0.02511	0.00365	0.00668
2	0.40011	0.00931	0.01016	0.00953	0.06988	0.00961	0.00704	0.03425	0.01193	0.28923	0.08967	0.01492	0.01258	0.00590	0.00434	0.00158	0.00415	0.00443	0.00452	0.00685
3	0.01115	0.01061	0.01802	0.43161	0.39968	0.01178	0.01498	0.01439	0.01095	0.01488	0.00938	0.01321	0.00746	0.00486	0.00511	0.00162	0.00648	0.00457	0.00241	0.00688
4	0.00623	0.00496	0.00559	0.00594	0.00716	0.00432	0.00426	0.00749	0.01132	0.01419	0.10699	0.29977	0.47612	0.01379	0.00622	0.00184	0.00271	0.01193	0.00484	0.00432
5	0.00993	0.00738	0.00880	0.00763	0.00970	0.00721	0.00597	0.16166	0.01590	0.02209	0.50654	0.03228	0.07852	0.00938	0.00573	0.00156	0.00325	0.03147	0.00527	0.06972
6	0.00904	0.00481	0.00698	0.00675	0.00710	0.00464	0.00458	0.00716	0.00698	0.00950	0.00893	0.01522	0.00881	0.01676	0.01882	0.78629	0.00441	0.00435	0.00229	0.06656
7	0.01772	0.01426	0.01418	0.01135	0.01496	0.09288	0.00920	0.56432	0.08297	0.02768	0.01466	0.01479	0.04897	0.00785	0.03862	0.00183	0.00606	0.00494	0.00477	0.00800
8	0.01259	0.00661	0.00859	0.00740	0.00962	0.00599	0.00579	0.01524	0.04292	0.27470	0.45363	0.03148	0.08588	0.00916	0.00573	0.00162	0.00314	0.00789	0.00580	0.00621
9	0.01196	0.01112	0.01646	0.45073	0.21990	0.04301	0.01360	0.08679	0.06563	0.01641	0.01033	0.01351	0.00795	0.00522	0.00510	0.00163	0.00644	0.00461	0.00283	0.00677
10	0.00794	0.00606	0.00825	0.00804	0.00901	0.00679	0.00615	0.01051	0.06222	0.01413	0.15817	0.02664	0.02092	0.12563	0.42371	0.00558	0.04730	0.04464	0.00358	0.00475
11	0.02725	0.06774	0.15365	0.00980	0.01336	0.01033	0.00922	0.16579	0.07232	0.09666	0.19767	0.07482	0.04745	0.00796	0.00532	0.00162	0.00465	0.02300	0.00456	0.00681
12	0.01134	0.00938	0.01103	0.00941	0.01180	0.06597	0.03675	0.08477	0.03004	0.05542	0.01445	0.14161	0.01388	0.05928	0.16807	0.00303	0.05474	0.00616	0.00358	0.20930
13	0.01350	0.22071	0.26863	0.01253	0.04908	0.05408	0.02476	0.06638	0.03217	0.08498	0.01121	0.01227	0.03019	0.00552	0.00541	0.00149	0.06425	0.00403	0.00298	0.03582
14	0.26855	0.07977	0.03209	0.03332	0.04740	0.02829	0.03885	0.07776	0.07026	0.11253	0.01274	0.03804	0.03155	0.00568	0.00433	0.00148	0.00477	0.00438	0.00375	0.10445

[dist]
# distance from previous block
# <min> <max>
1	49

[block]
# block no. 1 follows, 48 sequences, length 72
# corresponding to MSA columns:
# 924-995
name=unknown_B
#
# <colnr> <probs for GDERKNQSTAVLIFYWHMCP>
#	G	D	E	R	K	N	Q	S	T	A	V	L	I	F	Y	W	H	M	C	P
0	0.05556	0.01143	0.06123	0.02590	0.01407	0.01287	0.04123	0.05718	0.11013	0.05894	0.02341	0.04420	0.01066	0.05382	0.01167	0.00211	0.37439	0.00523	0.00329	0.02268
1	0.02868	0.14858	0.15220	0.09823	0.09886	0.02460	0.01232	0.02808	0.05477	0.02753	0.00907	0.01154	0.00749	0.00604	0.00791	0.00167	0.22835	0.00406	0.00261	0.04741
2	0.07380	0.11248	0.12199	0.01171	0.07419	0.01123	0.03316	0.02815	0.04955	0.09385	0.08640	0.01750	0.05676	0.00653	0.00598	0.00154	0.08679	0.02118	0.00355	0.10367
3	0.16661	0.07879	0.30022	0.01277	0.06014	0.02846	0.01256	0.09614	0.05312	0.01874	0.00938	0.01089	0.00722	0.00543	0.00566	0.00159	0.08720	0.00380	0.00290	0.03838
4	0.11322	0.01215	0.08982	0.30268	0.33785	0.01187	0.01419	0.01470	0.01066	0.01608	0.00906	0.01232	0.00718	0.00491	0.00509	0.00162	0.02297	0.00428	0.00248	0.00685
5	0.01114	0.01115	0.03407	0.33417	0.26199	0.01262	0.05686	0.01434	0.02706	0.01452	0.00915	0.01297	0.00746	0.00570	0.00746	0.00176	0.16392	0.00465	0.00243	0.00659
6	0.01202	0.01150	0.01961	0.20548	0.61895	0.01201	0.01541	0.01516	0.01136	0.01594	0.00953	0.01292	0.00784	0.00470	0.00509	0.00157	0.00626	0.00457	0.00248	0.00758
7	0.00945	0.00671	0.00797	0.00758	0.00932	0.00644	0.00561	0.06840	0.08716	0.06811	0.12553	0.33459	0.14252	0.02281	0.00614	0.00180	0.00334	0.01010	0.00490	0.07151
8	0.01249	0.01181	0.01535	0.01217	0.01535	0.10072	0.19883	0.10280	0.13209	0.03497	0.08182	0.02203	0.11388	0.07045	0.00709	0.00185	0.00574	0.00635	0.00398	0.05022
9	0.01623	0.00865	0.01059	0.00884	0.01188	0.00845	0.00709	0.06457	0.18499	0.36781	0.14751	0.02455	0.07986	0.00788	0.00544	0.00166	0.00393	0.02681	0.00575	0.00751
10	0.01080	0.07358	0.01760	0.51848	0.21121	0.01251	0.01402	0.01387	0.01048	0.01386	0.00896	0.01289	0.00712	0.00514	0.00559	0.00165	0.04914	0.00442	0.00233	0.00634
11	0.00653	0.00466	0.00579	0.00657	0.00694	0.00438	0.00427	0.00724	0.00944	0.01241	0.02775	0.54865	0.10665	0.21052	0.01124	0.00275	0.00342	0.01248	0.00436	0.00393
12	0.01132	0.21705	0.48530	0.01349	0.01939	0.01439	0.05822	0.01565	0.01050	0.01485	0.00852	0.01041	0.00662	0.00514	0.00577	0.00157	0.08875	0.00374	0.00221	0.00710
13	0.00610	0.00520	0.00525	0.00524	0.00695	0.00435	0.00393	0.00744	0.01178	0.01407	0.07466	0.04904	0.76278	0.01292	0.00606	0.00173	0.00259	0.01078	0.00479	0.00435
14	0.01270	0.01620	0.11090	0.01699	0.02123	0.17756	0.39790	0.01622	0.01237	0.01535	0.01251	0.04172	0.01108	0.00626	0.00577	0.00173	0.00796	0.10622	0.00291	0.00642
15	0.01270	0.01219	0.02083	0.03149	0.78767	0.01219	0.01575	0.01575	0.01168	0.01676	0.00965	0.01270	0.00813	0.00457	0.00508	0.00152	0.00610	0.00457	0.00254	0.00813
16	0.01372	0.82276	0.02689	0.00878	0.01317	0.02030	0.00878	0.01536	0.01043	0.01207	0.00713	0.00823	0.00658	0.00439	0.00329	0.00110	0.00549	0.00274	0.00219	0.00658
17	0.01372	0.82276	0.02689	0.00878	0.01317	0.02030	0.00878	0.01536	0.01043	0.01207	0.00713	0.00823	0.00658	0.00439	0.00329	0.00110	0.00549	0.00274	0.00219	0.00658
18	0.00660	0.00589	0.00562	0.00555	0.00729	0.03279	0.00416	0.00795	0.01194	0.01416	0.08843	0.04737	0.71948	0.01259	0.00601	0.00171	0.00283	0.01048	0.00473	0.00442
19	0.01202	0.01357	0.02880	0.02080	0.02546	0.01325	0.69199	0.01602	0.01168	0.01602	0.01001	0.01357	0.00768	0.00480	0.00715	0.00178	0.09015	0.00590	0.00256	0.00679
20	0.02244	0.00967	0.01249	0.00957	0.01357	0.00893	0.00791	0.14874	0.01625	0.66527	0.01893	0.01661	0.01204	0.00632	0.00516	0.00158	0.00458	0.00507	0.00615	0.00873
21	0.00701	0.00510	0.00660	0.00651	0.00758	0.00469	0.00477	0.00909	0.01352	0.01885	0.60732	0.17889	0.08759	0.01164	0.00614	0.00171	0.00253	0.01032	0.00544	0.00469
22	0.00643	0.00469	0.00606	0.00681	0.00743	0.00432	0.00469	0.00767	0.01095	0.01466	0.18126	0.58354	0.11324	0.01465	0.00640	0.00195	0.00283	0.01315	0.00494	0.00432
23	0.01064	0.00912	0.01064	0.00760	0.01216	0.00684	0.00608	0.01292	0.01064	0.01672	0.00912	0.01064	0.00760	0.00380	0.00380	0.00076	0.00380	0.00304	0.00304	0.85104
24	0.00631	0.00528	0.00553	0.00566	0.00734	0.00450	0.00438	0.00772	0.01171	0.01402	0.04927	0.05031	0.70288	0.01312	0.00618	0.00180	0.00283	0.09203	0.00476	0.00437
25	0.02025	0.01318	0.01466	0.01124	0.01532	0.01415	0.00929	0.61361	0.02214	0.19209	0.01399	0.01340	0.00956	0.00620	0.00514	0.00155	0.00538	0.00473	0.00539	0.00873
26	0.01270	0.01219	0.02083	0.03149	0.78767	0.01219	0.01575	0.01575	0.01168	0.01676	0.00965	0.01270	0.00813	0.00457	0.00508	0.00152	0.00610	0.00457	0.00254	0.00813
27	0.01814	0.06865	0.01473	0.01253	0.01522	0.71161	0.00952	0.01948	0.01415	0.01260	0.01029	0.01138	0.04907	0.00566	0.00463	0.00133	0.00868	0.00368	0.00273	0.00590
28	0.00902	0.00509	0.00786	0.11467	0.01055	0.00539	0.00578	0.00755	0.00717	0.00948	0.00894	0.01534	0.00863	0.01611	0.01804	0.73621	0.00478	0.00447	0.00224	0.00270
29	0.01067	0.04156	0.75071	0.01446	0.02181	0.04023	0.01844	0.01638	0.01096	0.01604	0.00912	0.01073	0.00651	0.00488	0.00484	0.00160	0.00760	0.00375	0.00218	0.00751
30	0.00697	0.00503	0.00658	0.00662	0.00759	0.00465	0.00480	0.00895	0.01319	0.01842	0.56604	0.25032	0.05747	0.01205	0.00619	0.00174	0.00258	0.01075	0.00539	0.00465
31	0.00729	0.00529	0.00706	0.00790	0.00886	0.00506	0.00627	0.00911	0.01159	0.01530	0.14358	0.29223	0.10031	0.01411	0.00667	0.00211	0.00364	0.34421	0.00488	0.00453
32	0.01917	0.02445	0.01454	0.01322	0.01586	0.79907	0.00991	0.02049	0.01454	0.01256	0.00793	0.00925	0.00661	0.00529	0.00463	0.00132	0.00925	0.00330	0.00264	0.00595
33	0.01345	0.01136	0.01199	0.01058	0.01360	0.01308	0.00829	0.10283	0.70171	0.02257	0.02001	0.01845	0.01496	0.00688	0.00521	0.00172	0.00422	0.00568	0.00521	0.00818
34	0.02302	0.00873	0.01191	0.00913	0.01310	0.00754	0.00754	0.02501	0.01469	0.79122	0.02024	0.01746	0.01270	0.00635	0.00516	0.00159	0.00437	0.00516	0.00635	0.00873
35	0.00726	0.00524	0.00686	0.00646	0.00767	0.00484	0.00484	0.00968	0.01452	0.02058	0.78496	0.03833	0.04841	0.01049	0.00605	0.00161	0.00242	0.00928	0.00565	0.00484
36	0.00625	0.00447	0.00595	0.00714	0.00744	0.00417	0.00476	0.00714	0.00982	0.01310	0.02828	0.81633	0.03394	0.01608	0.00655	0.00208	0.00298	0.01459	0.00476	0.00417
37	0.01329	0.01128	0.01190	0.01055	0.01354	0.01301	0.00825	0.08538	0.71942	0.02231	0.02021	0.01861	0.01512	0.00690	0.00521	0.00172	0.00418	0.00571	0.00521	0.00817
38	0.84029	0.00995	0.00769	0.00687	0.00999	0.01159	0.00566	0.01503	0.00872	0.02282	0.00714	0.00839	0.00558	0.00484	0.00343	0.00160	0.01889	0.00281	0.00316	0.00556
39	0.01018	0.00974	0.01684	0.67124	0.12626	0.01158	0.05465	0.01361	0.01053	0.01373	0.00925	0.01357	0.00705	0.00502	0.00517	0.00169	0.00685	0.00464	0.00233	0.00606
40	0.01211	0.01384	0.03028	0.02163	0.02682	0.01298	0.76903	0.01644	0.01211	0.01644	0.01038	0.01384	0.00779	0.00433	0.00606	0.00173	0.00865	0.00606	0.00260	0.00692
41	0.00711	0.00524	0.00664	0.00629	0.00757	0.00477	0.00472	0.00938	0.01415	0.01970	0.68880	0.03978	0.14512	0.01082	0.00605	0.00163	0.00244	0.00948	0.00553	0.00477
42	0.01920	0.01325	0.01461	0.01131	0.01522	0.01446	0.00932	0.64585	0.02219	0.11420	0.01327	0.01333	0.00939	0.00801	0.05015	0.00193	0.00597	0.00473	0.00513	0.00849
43	0.01214	0.01375	0.02974	0.02219	0.06994	0.01293	0.72634	0.01640	0.01209	0.01645	0.01034	0.01378	0.00780	0.00434	0.00600	0.00172	0.00851	0.00597	0.00259	0.00699
44	0.22558	0.00924	0.01075	0.00849	0.01223	0.00883	0.00697	0.04947	0.03033	0.47856	0.03360	0.01502	0.01129	0.00586	0.00459	0.00153	0.00422	0.00450	0.00523	0.07371
45	0.00811	0.00579	0.00809	0.00927	0.01038	0.00577	0.00799	0.01036	0.01166	0.01518	0.02725	0.11718	0.02987	0.01432	0.00705	0.00234	0.00459	0.69538	0.00473	0.00468
46	0.01270	0.01219	0.02083	0.03149	0.78767	0.01219	0.01575	0.01575	0.01168	0.01676	0.00965	0.01270	0.00813	0.00457	0.00508	0.00152	0.00610	0.00457	0.00254	0.00813
47	0.00723	0.00524	0.00681	0.00642	0.00765	0.00483	0.00482	0.00962	0.01445	0.02039	0.76494	0.03863	0.06855	0.01056	0.00605	0.00162	0.00243	0.00932	0.00562	0.00483
48	0.00726	0.00493	0.00578	0.00591	0.00608	0.00484	0.00353	0.00764	0.00853	0.01150	0.09613	0.15049	0.02395	0.61788	0.02117	0.00420	0.00442	0.00871	0.00361	0.00344
49	0.00653	0.00548	0.00574	0.00582	0.00754	0.00479	0.00449	0.00841	0.03913	0.01429	0.04834	0.04916	0.68117	0.01290	0.00614	0.00180	0.00287	0.08612	0.00478	0.00451
50	0.00726	0.00524	0.00686	0.00646	0.00767	0.00484	0.00484	0.00968	0.01452	0.02058	0.78496	0.03833	0.04841	0.01049	0.00605	0.00161	0.00242	0.00928	0.00565	0.00484
51	0.01935	0.01429	0.01531	0.01177	0.01585	0.01584	0.00971	0.75333	0.04161	0.03209	0.01252	0.01248	0.00889	0.00618	0.00513	0.00154	0.00561	0.00465	0.00513	0.00871
52	0.01165	0.01292	0.02707	0.01975	0.02408	0.01274	0.63236	0.01545	0.01138	0.01567	0.01027	0.01407	0.00807	0.00747	0.06918	0.00229	0.09055	0.00585	0.00257	0.00660
53	0.12229	0.00973	0.01191	0.00925	0.01314	0.00928	0.00764	0.13622	0.01540	0.58476	0.01748	0.01559	0.01125	0.00613	0.00492	0.00158	0.00451	0.00479	0.00579	0.00835
54	0.85592	0.00992	0.00754	0.00675	0.00992	0.01151	0.00556	0.01508	0.00873	0.02302	0.00714	0.00834	0.00556	0.00476	0.00318	0.00159	0.00397	0.00278	0.00318	0.00556
55	0.01266	0.01199	0.01935	0.02383	0.44947	0.01268	0.10011	0.01800	0.16960	0.02956	0.01192	0.01409	0.00957	0.00551	0.00642	0.00167	0.08770	0.00500	0.00313	0.00774
56	0.00900	0.00560	0.00729	0.00684	0.00833	0.00509	0.00519	0.01112	0.01377	0.11223	0.53638	0.11634	0.09972	0.01086	0.00603	0.00169	0.00279	0.03100	0.00555	0.00520
57	0.02275	0.00917	0.01218	0.00934	0.01332	0.00820	0.00771	0.08330	0.01542	0.73188	0.01962	0.01706	0.01239	0.00634	0.00516	0.00158	0.00447	0.00512	0.00626	0.00873
58	0.01372	0.82276	0.02689	0.00878	0.01317	0.02030	0.00878	0.01536	0.01043	0.01207	0.00713	0.00823	0.00658	0.00439	0.00329	0.00110	0.00549	0.00274	0.00219	0.00658
59	0.00719	0.00524	0.00676	0.00638	0.00762	0.00481	0.00479	0.00955	0.01436	0.02020	0.74342	0.03895	0.09020	0.01063	0.00605	0.00162	0.00243	0.00937	0.00560	0.00481
60	0.01276	0.01102	0.01160	0.01044	0.01334	0.01276	0.00812	0.02727	0.77840	0.02146	0.02088	0.01914	0.01566	0.00696	0.00522	0.00174	0.00406	0.00580	0.00522	0.00812
61	0.00639	0.00454	0.00599	0.00704	0.00733	0.00431	0.00467	0.00724	0.00956	0.01278	0.02674	0.72136	0.03191	0.08897	0.03284	0.00253	0.00349	0.01367	0.00455	0.00409
62	0.01211	0.01384	0.03028	0.02163	0.02682	0.01298	0.76903	0.01644	0.01211	0.01644	0.01038	0.01384	0.00779	0.00433	0.00606	0.00173	0.00865	0.00606	0.00260	0.00692
63	0.02009	0.01302	0.01451	0.01117	0.01521	0.01396	0.00921	0.58316	0.04388	0.20084	0.01433	0.01366	0.00981	0.00623	0.00514	0.00156	0.00532	0.00477	0.00541	0.00871
64	0.01893	0.01409	0.01507	0.01169	0.01569	0.01564	0.00961	0.70695	0.08867	0.03141	0.01305	0.01290	0.00932	0.00623	0.00514	0.00156	0.00551	0.00472	0.00514	0.00867
65	0.00956	0.00478	0.00478	0.00478	0.00598	0.00478	0.00359	0.01196	0.01076	0.01913	0.01674	0.01913	0.01315	0.00598	0.00359	0.00120	0.00239	0.00478	0.84816	0.00478
66	0.01083	0.01072	0.01572	0.01335	0.01377	0.01448	0.05561	0.01222	0.00815	0.01254	0.00776	0.01241	0.00750	0.01209	0.10612	0.00290	0.67121	0.00470	0.00232	0.00557
67	0.01864	0.01243	0.01385	0.01079	0.01454	0.01333	0.00885	0.55021	0.04347	0.15444	0.09241	0.01600	0.01361	0.00665	0.00523	0.00156	0.00506	0.00522	0.00539	0.00831
68	0.01052	0.06900	0.67097	0.01359	0.02068	0.01187	0.01708	0.01586	0.01079	0.01607	0.00908	0.01067	0.00662	0.00474	0.00468	0.00151	0.00708	0.00366	0.00226	0.09328
69	0.01414	0.76034	0.02592	0.00913	0.01338	0.08120	0.00887	0.01577	0.01075	0.01211	0.00720	0.00831	0.00659	0.00446	0.00340	0.00112	0.00578	0.00279	0.00223	0.00653
70	0.01098	0.18587	0.63976	0.01345	0.02040	0.01359	0.01692	0.01607	0.01075	0.01541	0.00879	0.01031	0.00652	0.00478	0.00456	0.00152	0.00716	0.00358	0.00217	0.00738
71	0.01948	0.01516	0.01533	0.01192	0.01591	0.07715	0.00977	0.71191	0.02338	0.03079	0.01198	0.01208	0.00856	0.00609	0.00509	0.00152	0.00593	0.00452	0.00494	0.00851

[dist]
# distance from previous block
# <min> <max>
0	3

[block]
# block no. 2 follows, 48 sequences, length 68
# corresponding to MSA columns:
# 999-1039,1043-1069
name=unknown_C
#
# <colnr> <probs for GDERKNQSTAVLIFYWHMCP>
#	G	D	E	R	K	N	Q	S	T	A	V	L	I	F	Y	W	H	M	C	P
0	0.00723	0.00524	0.00681	0.00642	0.00765	0.00483	0.00482	0.00962	0.01445	0.02040	0.76536	0.03862	0.06813	0.01056	0.00605	0.00162	0.00243	0.00932	0.00562	0.00483
1	0.01910	0.01416	0.01540	0.04432	0.01671	0.01573	0.00994	0.73960	0.02356	0.03155	0.01219	0.01237	0.00865	0.00612	0.00513	0.00155	0.00570	0.00462	0.00502	0.00860
2	0.01922	0.01465	0.01521	0.01181	0.01581	0.04779	0.00969	0.70974	0.05434	0.03109	0.01249	0.01247	0.00892	0.00616	0.00512	0.00154	0.00573	0.00461	0.00503	0.00859
3	0.01923	0.01424	0.01524	0.01175	0.01581	0.01578	0.00969	0.74018	0.05495	0.03189	0.01267	0.01260	0.00901	0.00619	0.00514	0.00155	0.00558	0.00467	0.00514	0.00870
4	0.01221	0.00678	0.00681	0.00670	0.00810	0.00641	0.00483	0.01381	0.01240	0.02138	0.01904	0.02239	0.01539	0.00767	0.00475	0.00169	0.00337	0.00561	0.81450	0.00617
5	0.06406	0.01575	0.01659	0.01318	0.01733	0.01686	0.01053	0.70318	0.02443	0.03358	0.01454	0.01566	0.01099	0.00777	0.00614	0.00202	0.00640	0.00536	0.00583	0.00979
6	0.02174	0.01598	0.01699	0.01343	0.01763	0.01708	0.01075	0.74141	0.02521	0.03405	0.01480	0.01586	0.01115	0.00784	0.00624	0.00202	0.00649	0.00545	0.00593	0.00995
7	0.00726	0.00524	0.00686	0.00646	0.00767	0.00484	0.00484	0.00968	0.01452	0.02058	0.78496	0.03833	0.04841	0.01049	0.00605	0.00161	0.00242	0.00928	0.00565	0.00484
8	0.00734	0.00546	0.00808	0.00808	0.00894	0.00632	0.00620	0.00905	0.00820	0.01179	0.01390	0.02101	0.01320	0.08804	0.75029	0.00804	0.01319	0.00562	0.00277	0.00449
9	0.00726	0.00524	0.00686	0.00646	0.00767	0.00484	0.00484	0.00968	0.01452	0.02058	0.78496	0.03833	0.04841	0.01049	0.00605	0.00161	0.00242	0.00928	0.00565	0.00484
10	0.01372	0.82276	0.02689	0.00878	0.01317	0.02030	0.00878	0.01536	0.01043	0.01207	0.00713	0.00823	0.00658	0.00439	0.00329	0.00110	0.00549	0.00274	0.00219	0.00658
11	0.85592	0.00992	0.00754	0.00675	0.00992	0.01151	0.00556	0.01508	0.00873	0.02302	0.00714	0.00834	0.00556	0.00476	0.00318	0.00159	0.00397	0.00278	0.00318	0.00556
12	0.01858	0.01391	0.01488	0.01162	0.01556	0.01548	0.00953	0.66824	0.12795	0.03084	0.01350	0.01326	0.00968	0.00627	0.00515	0.00157	0.00543	0.00478	0.00515	0.00864
13	0.01029	0.02654	0.79309	0.01462	0.02221	0.01192	0.01896	0.01625	0.01083	0.01625	0.00921	0.01083	0.00650	0.00487	0.00487	0.00162	0.00758	0.00379	0.00217	0.00758
14	0.01054	0.00794	0.00912	0.00796	0.01028	0.05652	0.05206	0.01337	0.07520	0.13209	0.15313	0.05068	0.38056	0.01016	0.00578	0.00167	0.00375	0.00863	0.00491	0.00564
15	0.00993	0.01019	0.04800	0.70991	0.04922	0.01154	0.06235	0.01350	0.01043	0.01352	0.00921	0.01356	0.00691	0.00506	0.00518	0.00170	0.00697	0.00462	0.00230	0.00590
16	0.85592	0.00992	0.00754	0.00675	0.00992	0.01151	0.00556	0.01508	0.00873	0.02302	0.00714	0.00834	0.00556	0.00476	0.00318	0.00159	0.00397	0.00278	0.00318	0.00556
17	0.01951	0.01437	0.01540	0.01181	0.01591	0.01591	0.00975	0.77056	0.02412	0.03234	0.01232	0.01232	0.00873	0.00616	0.00513	0.00154	0.00565	0.00462	0.00513	0.00873
18	0.01748	0.01220	0.01350	0.01065	0.01416	0.01317	0.00867	0.57097	0.02131	0.09082	0.10650	0.06685	0.01540	0.00732	0.00533	0.00159	0.00499	0.00585	0.00527	0.00797
19	0.01917	0.02445	0.01454	0.01322	0.01586	0.79907	0.00991	0.02049	0.01454	0.01256	0.00793	0.00925	0.00661	0.00529	0.00463	0.00132	0.00925	0.00330	0.00264	0.00595
20	0.17560	0.00895	0.01111	0.00869	0.01252	0.00827	0.00718	0.02319	0.01360	0.65049	0.01784	0.01579	0.01139	0.00606	0.00480	0.00159	0.00429	0.00472	0.00577	0.00815
21	0.01908	0.01416	0.01516	0.01172	0.01575	0.01571	0.00965	0.72341	0.07197	0.03165	0.01286	0.01275	0.00917	0.00621	0.00514	0.00155	0.00555	0.00469	0.00514	0.00869
22	0.00707	0.00524	0.00659	0.00625	0.00755	0.00476	0.00469	0.00931	0.01407	0.01951	0.66804	0.04009	0.16600	0.01089	0.00605	0.00163	0.00245	0.00953	0.00551	0.00476
23	0.00651	0.00499	0.00638	0.00678	0.00768	0.00452	0.02065	0.00777	0.01095	0.01432	0.14110	0.45840	0.23398	0.04240	0.00703	0.00202	0.00299	0.01241	0.00479	0.00433
24	0.00714	0.00524	0.00669	0.00632	0.00759	0.00479	0.00474	0.00944	0.01423	0.01988	0.70872	0.03948	0.12509	0.01075	0.00605	0.00163	0.00244	0.00944	0.00556	0.00479
25	0.01325	0.01237	0.02039	0.02991	0.72552	0.01249	0.01526	0.07653	0.01269	0.01802	0.00987	0.01267	0.00818	0.00470	0.00508	0.00153	0.00606	0.00458	0.00275	0.00818
26	0.00733	0.00550	0.00825	0.00825	0.00916	0.00641	0.00641	0.00916	0.00825	0.01191	0.01374	0.02016	0.01283	0.03848	0.79934	0.00825	0.01374	0.00550	0.00275	0.00458
27	0.82617	0.03864	0.00822	0.00682	0.01004	0.01182	0.00567	0.01509	0.00879	0.02263	0.00714	0.00833	0.00559	0.00475	0.00318	0.00157	0.00402	0.00278	0.00314	0.00559
28	0.01381	0.01198	0.01217	0.01072	0.01375	0.04623	0.00839	0.11298	0.65897	0.02235	0.01935	0.01794	0.01448	0.00680	0.00519	0.00170	0.00446	0.00556	0.00510	0.00810
29	0.00764	0.00616	0.00812	0.00817	0.00915	0.03827	0.00626	0.00935	0.00885	0.01216	0.01710	0.08568	0.06329	0.03371	0.65293	0.00706	0.01199	0.00648	0.00303	0.00459
30	0.01306	0.01006	0.01129	0.00988	0.01274	0.01109	0.02241	0.05011	0.54137	0.09689	0.09813	0.02230	0.06284	0.00752	0.00536	0.00171	0.00399	0.00634	0.00529	0.00763
31	0.78884	0.00983	0.00789	0.00694	0.01018	0.01119	0.00572	0.01588	0.00921	0.08489	0.00820	0.00907	0.00613	0.00489	0.00334	0.00159	0.00400	0.00297	0.00343	0.00581
32	0.00635	0.00454	0.00604	0.00708	0.00746	0.00423	0.00477	0.00739	0.01028	0.01382	0.10122	0.74133	0.03533	0.01554	0.00650	0.00204	0.00292	0.01408	0.00485	0.00423
33	0.02302	0.00873	0.01191	0.00913	0.01310	0.00754	0.00754	0.02501	0.01469	0.79122	0.02024	0.01746	0.01270	0.00635	0.00516	0.00159	0.00437	0.00516	0.00635	0.00873
34	0.01177	0.01092	0.01801	0.40550	0.34065	0.01213	0.03474	0.07527	0.01201	0.01624	0.00963	0.01317	0.00754	0.00496	0.00513	0.00162	0.00649	0.00461	0.00262	0.00697
35	0.00746	0.00497	0.00560	0.00560	0.00560	0.00497	0.00311	0.00746	0.00746	0.00995	0.01617	0.03358	0.01865	0.81967	0.02612	0.00497	0.00497	0.00746	0.00311	0.00311
36	0.01182	0.01012	0.01075	0.00978	0.01245	0.01150	0.00760	0.02433	0.65777	0.02069	0.06772	0.02345	0.07827	0.00779	0.00537	0.00175	0.00387	0.02220	0.00520	0.00756
37	0.00726	0.00524	0.00686	0.00646	0.00767	0.00484	0.00484	0.00968	0.01452	0.02058	0.78496	0.03833	0.04841	0.01049	0.00605	0.00161	0.00242	0.00928	0.00565	0.00484
38	0.00891	0.00446	0.00668	0.00668	0.00668	0.00446	0.00446	0.00668	0.00668	0.00891	0.00891	0.01560	0.00891	0.01783	0.02005	0.85071	0.00446	0.00446	0.00223	0.00223
39	0.00813	0.00586	0.00807	0.00918	0.01040	0.00581	0.00799	0.01042	0.01180	0.01526	0.02874	0.05734	0.07749	0.01410	0.00702	0.00232	0.00459	0.70604	0.00473	0.00470
40	0.01064	0.00912	0.01064	0.00760	0.01216	0.00684	0.00608	0.01292	0.01064	0.01672	0.00912	0.01064	0.00760	0.00380	0.00380	0.00076	0.00380	0.00304	0.00304	0.85104
41	0.01029	0.02654	0.79309	0.01462	0.02221	0.01192	0.01896	0.01625	0.01083	0.01625	0.00921	0.01083	0.00650	0.00487	0.00487	0.00162	0.00758	0.00379	0.00217	0.00758
42	0.00791	0.00575	0.00635	0.00636	0.00664	0.03015	0.00393	0.02139	0.00828	0.01092	0.01676	0.10626	0.01898	0.62348	0.10158	0.00485	0.00582	0.00777	0.00325	0.00355
43	0.01064	0.00912	0.01064	0.00760	0.01216	0.00684	0.00608	0.01292	0.01064	0.01672	0.00912	0.01064	0.00760	0.00380	0.00380	0.00076	0.00380	0.00304	0.00304	0.85104
44	0.00633	0.00453	0.00603	0.00709	0.00746	0.00422	0.00477	0.00735	0.01020	0.01370	0.08922	0.75367	0.03510	0.01563	0.00651	0.00205	0.00293	0.01416	0.00483	0.00422
45	0.01100	0.17272	0.62074	0.01383	0.02073	0.01350	0.04774	0.01609	0.01081	0.01549	0.00887	0.01048	0.00657	0.00476	0.00463	0.00153	0.00724	0.00369	0.00219	0.00737
46	0.00693	0.00514	0.00648	0.00644	0.00760	0.00468	0.00478	0.00892	0.01322	0.01809	0.51654	0.16152	0.17320	0.01191	0.00616	0.00173	0.00261	0.03409	0.00533	0.00464
47	0.03177	0.10143	0.01555	0.01132	0.01463	0.06845	0.06191	0.24415	0.20502	0.05262	0.01369	0.01450	0.01054	0.00991	0.10080	0.00237	0.02500	0.00480	0.00414	0.00739
48	0.00699	0.00513	0.00656	0.00642	0.00756	0.00469	0.00473	0.00908	0.01355	0.01880	0.59991	0.15148	0.12288	0.01155	0.00612	0.00169	0.00252	0.01020	0.00543	0.00469
49	0.15538	0.09947	0.01308	0.00899	0.01283	0.01144	0.00751	0.16138	0.08030	0.19544	0.02590	0.01378	0.01023	0.00559	0.00441	0.00139	0.00451	0.01565	0.00437	0.16834
50	0.01372	0.82276	0.02689	0.00878	0.01317	0.02030	0.00878	0.01536	0.01043	0.01207	0.00713	0.00823	0.00658	0.00439	0.00329	0.00110	0.00549	0.00274	0.00219	0.00658
51	0.01230	0.01090	0.01041	0.00943	0.01152	0.09690	0.00698	0.06952	0.41141	0.01776	0.01742	0.02168	0.01499	0.23563	0.02858	0.00273	0.00521	0.00591	0.00428	0.00644
52	0.00992	0.00935	0.01580	0.74823	0.09266	0.01146	0.01436	0.01331	0.01037	0.01339	0.00916	0.01361	0.00694	0.00509	0.00513	0.00170	0.00678	0.00456	0.00230	0.00588
53	0.00625	0.00447	0.00595	0.00714	0.00744	0.00417	0.00476	0.00714	0.00982	0.01310	0.02828	0.81633	0.03394	0.01608	0.00655	0.00208	0.00298	0.01459	0.00476	0.00417
54	0.01948	0.01521	0.01533	0.01192	0.01591	0.08079	0.00977	0.70842	0.02333	0.03070	0.01196	0.01207	0.00855	0.00609	0.00509	0.00152	0.00595	0.00451	0.00493	0.00850
55	0.01211	0.01384	0.03028	0.02163	0.02682	0.01298	0.76903	0.01644	0.01211	0.01644	0.01038	0.01384	0.00779	0.00433	0.00606	0.00173	0.00865	0.00606	0.00260	0.00692
56	0.00628	0.00513	0.00555	0.00560	0.00710	0.00440	0.00414	0.00773	0.01198	0.01490	0.17169	0.12440	0.58747	0.01289	0.00611	0.00175	0.00261	0.01095	0.00491	0.00440
57	0.01270	0.01219	0.02083	0.03149	0.78767	0.01219	0.01575	0.01575	0.01168	0.01676	0.00965	0.01270	0.00813	0.00457	0.00508	0.00152	0.00610	0.00457	0.00254	0.00813
58	0.68513	0.01051	0.00891	0.00764	0.01093	0.01202	0.00629	0.13627	0.01131	0.04020	0.00840	0.00943	0.00638	0.00579	0.02175	0.00173	0.00447	0.00319	0.00355	0.00611
59	0.00891	0.00446	0.00668	0.00668	0.00668	0.00446	0.00446	0.00668	0.00668	0.00891	0.00891	0.01560	0.00891	0.01783	0.02005	0.85071	0.00446	0.00446	0.00223	0.00223
60	0.01225	0.01173	0.02001	0.14839	0.67431	0.01207	0.01552	0.01535	0.01147	0.01621	0.00957	0.01285	0.00793	0.00466	0.00509	0.00155	0.00621	0.00457	0.00250	0.00776
61	0.00705	0.00524	0.00656	0.00623	0.00754	0.00475	0.00467	0.00927	0.01402	0.01939	0.65507	0.04029	0.17905	0.01093	0.00605	0.00163	0.00245	0.00955	0.00549	0.00475
62	0.03113	0.00994	0.01121	0.00835	0.01259	0.00865	0.00671	0.13282	0.05969	0.01962	0.02494	0.01260	0.02362	0.00468	0.00417	0.00099	0.00406	0.00371	0.00358	0.61695
63	0.02924	0.40216	0.30459	0.01118	0.01630	0.01599	0.01246	0.04194	0.01103	0.01490	0.03962	0.01074	0.00832	0.00518	0.00490	0.00141	0.05715	0.00357	0.00245	0.00687
64	0.03599	0.26452	0.31587	0.01237	0.06494	0.01345	0.02555	0.01499	0.03981	0.01462	0.01053	0.04643	0.00930	0.06406	0.04537	0.00205	0.00655	0.00440	0.00256	0.00666
65	0.01406	0.01224	0.01583	0.07795	0.06536	0.09183	0.06143	0.06915	0.02605	0.11824	0.02602	0.02571	0.00928	0.00716	0.00996	0.00184	0.33572	0.00483	0.00326	0.02409
66	0.01580	0.01353	0.01335	0.01162	0.04523	0.18870	0.02579	0.18287	0.04040	0.11882	0.07083	0.06523	0.01326	0.00673	0.00574	0.00149	0.05481	0.00523	0.00414	0.11645
67	0.08107	0.00898	0.00998	0.00857	0.01121	0.02481	0.00682	0.17916	0.06046	0.13242	0.13309	0.06615	0.11610	0.01101	0.07177	0.00218	0.00489	0.03021	0.00483	0.03629

[dist]
# distance from previous block
# <min> <max>
24	260

[block]
# block no. 3 follows, 48 sequences, length 45
# corresponding to MSA columns:
# 1363-1375,1441-1472
name=unknown_D
#
# <colnr> <probs for GDERKNQSTAVLIFYWHMCP>
#	G	D	E	R	K	N	Q	S	T	A	V	L	I	F	Y	W	H	M	C	P
0	0.01383	0.01030	0.01317	0.09680	0.01607	0.01094	0.04391	0.10032	0.22071	0.13767	0.01652	0.01747	0.04548	0.00655	0.00607	0.00159	0.07360	0.02169	0.00431	0.14300
1	0.01613	0.01377	0.01184	0.01020	0.01311	0.24686	0.00798	0.12406	0.11011	0.16110	0.08972	0.02071	0.09599	0.00731	0.00520	0.00154	0.00561	0.02578	0.00456	0.02840
2	0.00956	0.00478	0.00478	0.00478	0.00598	0.00478	0.00359	0.01196	0.01076	0.01913	0.01674	0.01913	0.01315	0.00598	0.00359	0.00120	0.00239	0.00478	0.84816	0.00478
3	0.00993	0.00937	0.01583	0.74444	0.09634	0.01146	0.01437	0.01332	0.01038	0.01341	0.00916	0.01360	0.00694	0.00508	0.00513	0.00169	0.00678	0.00456	0.00230	0.00590
4	0.01008	0.00586	0.00760	0.00781	0.00905	0.00556	0.00559	0.01235	0.07645	0.16549	0.02608	0.59248	0.02824	0.01340	0.00616	0.00196	0.00334	0.01200	0.00511	0.00540
5	0.00969	0.00912	0.01539	0.80734	0.03534	0.01140	0.01425	0.01311	0.01026	0.01311	0.00912	0.01368	0.00684	0.00513	0.00513	0.00171	0.00684	0.00456	0.00228	0.00570
6	0.00739	0.00526	0.00706	0.00706	0.00757	0.00577	0.00494	0.00840	0.00790	0.01103	0.01483	0.02616	0.01543	0.38802	0.45337	0.00678	0.00982	0.00638	0.00291	0.00392
7	0.01211	0.01384	0.03028	0.02163	0.02682	0.01298	0.76903	0.01644	0.01211	0.01644	0.01038	0.01384	0.00779	0.00433	0.00606	0.00173	0.00865	0.00606	0.00260	0.00692
8	0.01211	0.01384	0.03028	0.02163	0.02682	0.01298	0.76903	0.01644	0.01211	0.01644	0.01038	0.01384	0.00779	0.00433	0.00606	0.00173	0.00865	0.00606	0.00260	0.00692
9	0.01780	0.01352	0.01444	0.01146	0.01526	0.01511	0.00934	0.58236	0.21510	0.02958	0.01449	0.01405	0.01048	0.00636	0.00516	0.00159	0.00524	0.00492	0.00516	0.00857
10	0.01289	0.02953	0.01207	0.00896	0.01313	0.10855	0.00714	0.09930	0.05405	0.01809	0.00992	0.01106	0.00801	0.00443	0.00412	0.00098	0.00475	0.00339	0.00332	0.58629
11	0.00712	0.00524	0.00666	0.00630	0.00758	0.00478	0.00473	0.00940	0.01418	0.01976	0.69594	0.03967	0.13794	0.01079	0.00605	0.00163	0.00244	0.00947	0.00554	0.00478
12	0.01087	0.15990	0.66475	0.01365	0.02069	0.01332	0.01725	0.01610	0.01076	0.01555	0.00886	0.01040	0.00651	0.00479	0.00461	0.00154	0.00723	0.00362	0.00217	0.00742
13	0.00718	0.00524	0.00674	0.00636	0.00761	0.00480	0.00477	0.00951	0.01432	0.02009	0.73175	0.03913	0.10193	0.01067	0.00605	0.00162	0.00243	0.00939	0.00558	0.00480
14	0.00857	0.00723	0.01025	0.00954	0.01005	0.00915	0.00749	0.00994	0.00802	0.01179	0.01186	0.01910	0.01167	0.13098	0.45297	0.00594	0.26266	0.00544	0.00264	0.00471
15	0.02293	0.00888	0.01200	0.00920	0.01317	0.00776	0.00760	0.04428	0.01493	0.77161	0.02004	0.01733	0.01260	0.00635	0.00516	0.00159	0.00440	0.00515	0.00632	0.00873
16	0.01023	0.00974	0.01601	0.61279	0.11236	0.01209	0.01398	0.01328	0.01007	0.01339	0.00884	0.01323	0.00696	0.00561	0.00678	0.00177	0.12006	0.00455	0.00230	0.00595
17	0.00746	0.00497	0.00560	0.00560	0.00560	0.00497	0.00311	0.00746	0.00746	0.00995	0.01617	0.03358	0.01865	0.81967	0.02612	0.00497	0.00497	0.00746	0.00311	0.00311
18	0.00691	0.00502	0.00645	0.00717	0.00789	0.00474	0.00511	0.02563	0.01110	0.01478	0.13414	0.52980	0.09875	0.03606	0.00698	0.00208	0.00315	0.08498	0.00485	0.00441
19	0.02302	0.00873	0.01191	0.00913	0.01310	0.00754	0.00754	0.02501	0.01469	0.79122	0.02024	0.01746	0.01270	0.00635	0.00516	0.00159	0.00437	0.00516	0.00635	0.00873
20	0.01278	0.00968	0.02772	0.01123	0.09558	0.02483	0.00796	0.06968	0.23419	0.13134	0.16595	0.02473	0.10992	0.02832	0.00593	0.00171	0.00415	0.00664	0.00491	0.02277
21	0.08348	0.75543	0.02529	0.00861	0.01290	0.01957	0.00851	0.01534	0.01029	0.01298	0.00713	0.00824	0.00650	0.00442	0.00328	0.00114	0.00536	0.00275	0.00228	0.00650
22	0.01124	0.01165	0.01935	0.01546	0.01693	0.01441	0.22341	0.01325	0.00914	0.01353	0.00876	0.04930	0.00829	0.00800	0.01334	0.00209	0.54808	0.00540	0.00246	0.00591
23	0.01425	0.61336	0.04264	0.00999	0.01382	0.13749	0.00941	0.01590	0.01084	0.01227	0.00727	0.00870	0.00660	0.00493	0.00469	0.00124	0.07489	0.00300	0.00227	0.00643
24	0.01890	0.01407	0.01506	0.01168	0.01568	0.01563	0.00961	0.70360	0.09207	0.03136	0.01309	0.01293	0.00935	0.00623	0.00514	0.00156	0.00550	0.00473	0.00514	0.00867
25	0.85592	0.00992	0.00754	0.00675	0.00992	0.01151	0.00556	0.01508	0.00873	0.02302	0.00714	0.00834	0.00556	0.00476	0.00318	0.00159	0.00397	0.00278	0.00318	0.00556
26	0.00969	0.00912	0.01539	0.80734	0.03534	0.01140	0.01425	0.01311	0.01026	0.01311	0.00912	0.01368	0.00684	0.00513	0.00513	0.00171	0.00684	0.00456	0.00228	0.00570
27	0.00844	0.02964	0.05461	0.00755	0.00958	0.00700	0.00625	0.01302	0.14679	0.01947	0.50091	0.03381	0.12366	0.00967	0.00576	0.00164	0.00312	0.00835	0.00517	0.00556
28	0.01911	0.01426	0.01514	0.01219	0.03623	0.04542	0.00973	0.64636	0.06418	0.06576	0.01291	0.01282	0.00919	0.00614	0.00512	0.00154	0.00565	0.00466	0.00503	0.00857
29	0.00867	0.00672	0.00895	0.00861	0.00983	0.02721	0.00671	0.07448	0.00974	0.01363	0.01353	0.01952	0.01246	0.05306	0.69341	0.00742	0.01273	0.00541	0.00296	0.00494
30	0.00714	0.00489	0.00591	0.00621	0.00637	0.00489	0.00381	0.00753	0.00813	0.01091	0.01902	0.23044	0.02202	0.54963	0.08725	0.00452	0.00522	0.00910	0.00350	0.00350
31	0.00677	0.00516	0.00621	0.00609	0.00740	0.00461	0.00451	0.00867	0.01316	0.01765	0.47015	0.10859	0.29876	0.01182	0.00610	0.00169	0.00253	0.01026	0.00527	0.00461
32	0.01874	0.01982	0.01459	0.01249	0.01566	0.46101	0.00971	0.28049	0.08313	0.02016	0.01056	0.01116	0.00812	0.00573	0.00485	0.00143	0.00756	0.00397	0.00372	0.00709
33	0.00969	0.00912	0.01539	0.80734	0.03534	0.01140	0.01425	0.01311	0.01026	0.01311	0.00912	0.01368	0.00684	0.00513	0.00513	0.00171	0.00684	0.00456	0.00228	0.00570
34	0.01019	0.00973	0.01677	0.67029	0.13415	0.01157	0.04784	0.01360	0.01053	0.01374	0.00925	0.01356	0.00705	0.00502	0.00516	0.00169	0.00682	0.00463	0.00233	0.00607
35	0.01238	0.01058	0.01132	0.01036	0.01311	0.01218	0.00813	0.02584	0.71288	0.02094	0.02142	0.02245	0.01685	0.00758	0.00538	0.00179	0.00412	0.06967	0.00518	0.00783
36	0.17524	0.00611	0.00741	0.00702	0.00809	0.00634	0.00506	0.02304	0.00832	0.07924	0.01095	0.04061	0.01028	0.05115	0.01480	0.51317	0.00436	0.02213	0.00299	0.00370
37	0.00625	0.00447	0.00595	0.00714	0.00744	0.00417	0.00476	0.00714	0.00982	0.01310	0.02828	0.81633	0.03394	0.01608	0.00655	0.00208	0.00298	0.01459	0.00476	0.00417
38	0.01022	0.00968	0.01632	0.66674	0.13604	0.01157	0.02932	0.01389	0.03011	0.01388	0.00952	0.01369	0.00726	0.00509	0.00514	0.00169	0.00670	0.00462	0.00240	0.00611
39	0.00714	0.00524	0.00668	0.00632	0.00759	0.00479	0.00474	0.00944	0.01423	0.01987	0.70755	0.03950	0.12627	0.01075	0.00605	0.00163	0.00244	0.00944	0.00556	0.00479
40	0.01276	0.01102	0.01160	0.01044	0.01334	0.01276	0.00812	0.02727	0.77840	0.02146	0.02088	0.01914	0.01566	0.00696	0.00522	0.00174	0.00406	0.00580	0.00522	0.00812
41	0.01324	0.59920	0.17495	0.01063	0.01559	0.05450	0.04109	0.01582	0.01076	0.01308	0.00770	0.00901	0.00662	0.00452	0.00377	0.00124	0.00619	0.00310	0.00223	0.00676
42	0.00625	0.00447	0.00595	0.00714	0.00744	0.00417	0.00476	0.00714	0.00982	0.01310	0.02828	0.81633	0.03394	0.01608	0.00655	0.00208	0.00298	0.01459	0.00476	0.00417
43	0.00720	0.00524	0.00677	0.00639	0.00763	0.00481	0.00479	0.00956	0.01437	0.02022	0.74606	0.03891	0.08754	0.01062	0.00605	0.00162	0.00243	0.00936	0.00560	0.00481
44	0.02752	0.01014	0.07989	0.01146	0.01431	0.03191	0.17201	0.01396	0.06521	0.08349	0.09898	0.22980	0.06804	0.00966	0.00592	0.00182	0.00504	0.06069	0.00423	0.00593

[dist]
# distance from previous block
# <min> <max>
0	2

[block]
# block no. 4 follows, 48 sequences, length 10
# corresponding to MSA columns:
# 1475-1484
name=unknown_E
#
# <colnr> <probs for GDERKNQSTAVLIFYWHMCP>
#	G	D	E	R	K	N	Q	S	T	A	V	L	I	F	Y	W	H	M	C	P
0	0.00680	0.00497	0.00647	0.00731	0.00798	0.00473	0.00522	0.00851	0.03525	0.01465	0.13028	0.56833	0.07059	0.01469	0.00648	0.00202	0.00311	0.09328	0.00489	0.00445
1	0.00969	0.00912	0.01539	0.80734	0.03534	0.01140	0.01425	0.01311	0.01026	0.01311	0.00912	0.01368	0.00684	0.00513	0.00513	0.00171	0.00684	0.00456	0.00228	0.00570
2	0.00710	0.00516	0.00668	0.00648	0.00761	0.00474	0.00479	0.00929	0.01387	0.01944	0.66728	0.12644	0.07943	0.01123	0.00611	0.00167	0.00249	0.00995	0.00551	0.00474
3	0.02030	0.01310	0.01461	0.01120	0.01528	0.01403	0.00926	0.60287	0.02200	0.20302	0.01410	0.01348	0.00962	0.00620	0.00514	0.00155	0.00536	0.00474	0.00541	0.00873
4	0.01372	0.82276	0.02689	0.00878	0.01317	0.02030	0.00878	0.01536	0.01043	0.01207	0.00713	0.00823	0.00658	0.00439	0.00329	0.00110	0.00549	0.00274	0.00219	0.00658
5	0.01051	0.00907	0.01075	0.00811	0.01202	0.00757	0.00645	0.01321	0.04662	0.01642	0.01067	0.05984	0.00951	0.00505	0.00493	0.00099	0.05914	0.00397	0.00319	0.70197
6	0.01064	0.00996	0.01606	0.56063	0.18506	0.01171	0.01386	0.01524	0.09706	0.01479	0.01055	0.01410	0.00809	0.00522	0.00513	0.00168	0.00638	0.00470	0.00266	0.00646
7	0.00635	0.00519	0.00549	0.00542	0.00696	0.00446	0.00399	0.00774	0.01185	0.01466	0.16591	0.04654	0.61587	0.06799	0.00744	0.00194	0.00273	0.01035	0.00479	0.00433
8	0.02302	0.00873	0.01191	0.00913	0.01310	0.00754	0.00754	0.02501	0.01469	0.79122	0.02024	0.01746	0.01270	0.00635	0.00516	0.00159	0.00437	0.00516	0.00635	0.00873
9	0.01404	0.04295	0.01254	0.01025	0.01329	0.03452	0.00815	0.17842	0.46393	0.04439	0.10425	0.01915	0.01723	0.00703	0.00520	0.00164	0.00441	0.00574	0.00509	0.00777

[dist]
# distance from previous block
# <min> <max>
0	1

[block]
# block no. 5 follows, 48 sequences, length 14
# corresponding to MSA columns:
# 1486-1499
name=unknown_F
#
# <colnr> <probs for GDERKNQSTAVLIFYWHMCP>
#	G	D	E	R	K	N	Q	S	T	A	V	L	I	F	Y	W	H	M	C	P
0	0.00622	0.00459	0.00582	0.00680	0.00735	0.00420	0.00461	0.00718	0.01015	0.01323	0.03244	0.68185	0.16573	0.01554	0.00646	0.00202	0.00291	0.01393	0.00476	0.00420
1	0.01174	0.01269	0.04216	0.21212	0.20691	0.03528	0.29478	0.01519	0.01119	0.01520	0.00945	0.01307	0.00747	0.00507	0.00657	0.00171	0.08510	0.00506	0.00246	0.00677
2	0.64898	0.08413	0.01049	0.00777	0.01115	0.03933	0.00651	0.10831	0.01098	0.02283	0.00781	0.00885	0.00608	0.00492	0.00348	0.00153	0.00449	0.00302	0.00331	0.00605
3	0.01184	0.01216	0.01609	0.49305	0.14772	0.14506	0.03625	0.01483	0.01129	0.01395	0.00937	0.01302	0.00730	0.00508	0.00500	0.00159	0.00700	0.00440	0.03890	0.00612
4	0.00876	0.00848	0.00743	0.00723	0.00899	0.12062	0.00538	0.01142	0.08704	0.01498	0.11171	0.13177	0.43441	0.01141	0.00583	0.00170	0.00374	0.00954	0.00459	0.00497
5	0.00657	0.00486	0.00614	0.00657	0.00743	0.00443	0.00464	0.00807	0.01179	0.01585	0.29760	0.41195	0.16803	0.01359	0.00629	0.00186	0.00272	0.01208	0.00507	0.00443
6	0.01177	0.01518	0.12348	0.05889	0.02666	0.01277	0.64005	0.01625	0.01186	0.01625	0.01018	0.01346	0.00758	0.00443	0.00587	0.00172	0.00843	0.00570	0.00253	0.00694
7	0.85592	0.00992	0.00754	0.00675	0.00992	0.01151	0.00556	0.01508	0.00873	0.02302	0.00714	0.00834	0.00556	0.00476	0.00318	0.00159	0.00397	0.00278	0.00318	0.00556
8	0.00958	0.00898	0.01475	0.62080	0.11696	0.01062	0.01314	0.01270	0.01060	0.01362	0.01446	0.01796	0.10287	0.00604	0.00524	0.00169	0.00623	0.00533	0.00262	0.00581
9	0.26080	0.01338	0.01228	0.01005	0.01357	0.10982	0.00814	0.33248	0.05329	0.09978	0.03170	0.01229	0.00930	0.00582	0.00454	0.00154	0.00532	0.00416	0.00440	0.00734
10	0.00815	0.00634	0.00765	0.00753	0.00919	0.00614	0.00599	0.01183	0.11244	0.01747	0.27646	0.04192	0.19218	0.03011	0.00658	0.00189	0.00340	0.20511	0.00498	0.04461
11	0.85592	0.00992	0.00754	0.00675	0.00992	0.01151	0.00556	0.01508	0.00873	0.02302	0.00714	0.00834	0.00556	0.00476	0.00318	0.00159	0.00397	0.00278	0.00318	0.00556
12	0.00969	0.00912	0.01539	0.80734	0.03534	0.01140	0.01425	0.01311	0.01026	0.01311	0.00912	0.01368	0.00684	0.00513	0.00513	0.00171	0.00684	0.00456	0.00228	0.00570
13	0.01276	0.01102	0.01160	0.01044	0.01334	0.01276	0.00812	0.02727	0.77840	0.02146	0.02088	0.01914	0.01566	0.00696	0.00522	0.00174	0.00406	0.00580	0.00522	0.00812

[dist]
# distance from previous block
# <min> <max>
1	1

[block]
# block no. 6 follows, 48 sequences, length 45
# corresponding to MSA columns:
# 1538-1582
name=unknown_G
#
# <colnr> <probs for GDERKNQSTAVLIFYWHMCP>
#	G	D	E	R	K	N	Q	S	T	A	V	L	I	F	Y	W	H	M	C	P
0	0.00711	0.00518	0.00669	0.00644	0.00760	0.00476	0.00478	0.00934	0.01397	0.01957	0.67982	0.10370	0.08963	0.01110	0.00609	0.00166	0.00248	0.00981	0.00552	0.00476
1	0.01211	0.01384	0.03028	0.02163	0.02682	0.01298	0.76903	0.01644	0.01211	0.01644	0.01038	0.01384	0.00779	0.00433	0.00606	0.00173	0.00865	0.00606	0.00260	0.00692
2	0.00726	0.00524	0.00686	0.00646	0.00767	0.00484	0.00484	0.00968	0.01452	0.02058	0.78496	0.03833	0.04841	0.01049	0.00605	0.00161	0.00242	0.00928	0.00565	0.00484
3	0.00645	0.00473	0.00608	0.00693	0.00758	0.00436	0.00485	0.00765	0.01070	0.01413	0.11242	0.58342	0.13943	0.01494	0.00646	0.00200	0.00297	0.05575	0.00486	0.00429
4	0.13546	0.01376	0.01431	0.01110	0.01508	0.01530	0.00917	0.66583	0.02199	0.03105	0.01160	0.01177	0.00829	0.00597	0.00486	0.00155	0.00541	0.00436	0.00486	0.00829
5	0.01167	0.00909	0.01075	0.00773	0.01224	0.00690	0.00620	0.01393	0.01098	0.08117	0.01005	0.01121	0.00802	0.00401	0.00391	0.00083	0.00385	0.00322	0.00332	0.78095
6	0.00806	0.00788	0.00675	0.00659	0.00836	0.11460	0.00497	0.00948	0.01230	0.01428	0.10564	0.05570	0.57843	0.01181	0.00591	0.00169	0.00358	0.03482	0.00454	0.00461
7	0.01513	0.01178	0.01213	0.01054	0.01367	0.05896	0.00828	0.08840	0.56443	0.12855	0.01931	0.01776	0.01414	0.00671	0.00517	0.00168	0.00454	0.00547	0.00522	0.00813
8	0.68015	0.01008	0.00871	0.00744	0.01080	0.01128	0.00613	0.07093	0.01067	0.13019	0.00933	0.00989	0.00678	0.00508	0.00359	0.00158	0.00415	0.00324	0.00376	0.00623
9	0.01121	0.01145	0.01564	0.64504	0.08327	0.12065	0.01375	0.01431	0.01095	0.01328	0.00899	0.01300	0.00689	0.00511	0.00506	0.00164	0.00712	0.00439	0.00235	0.00590
