[name]
unknown

[dist]
# distance from previous block
# <min> <max>
0	359

[block]
# block no. 0 follows, 50 sequences, length 20
# corresponding to MSA columns:
# 446-465
name=unknown_A
#
# <colnr> <probs for GDERKNQSTAVLIFYWHMCP>
#	G	D	E	R	K	N	Q	S	T	A	V	L	I	F	Y	W	H	M	C	P
0	0.01523	0.06806	0.03508	0.01024	0.01368	0.05231	0.00868	0.42046	0.01811	0.04297	0.09130	0.01922	0.01442	0.00695	0.00504	0.00150	0.00511	0.09306	0.00446	0.07412
1	0.10539	0.10093	0.11743	0.01094	0.01519	0.03466	0.01001	0.44601	0.07106	0.02513	0.01098	0.01133	0.00806	0.00553	0.00456	0.00147	0.00552	0.00405	0.00405	0.00768
2	0.04041	0.03169	0.04276	0.05991	0.06801	0.01273	0.00935	0.43456	0.04080	0.05992	0.01579	0.01671	0.08763	0.04076	0.00595	0.00167	0.01452	0.00513	0.00432	0.00737
3	0.01557	0.05430	0.04338	0.04439	0.01535	0.02733	0.04011	0.44874	0.03156	0.05246	0.11677	0.01538	0.01354	0.00618	0.00496	0.00146	0.00519	0.00496	0.00447	0.05390
4	0.05094	0.08313	0.05386	0.04879	0.06826	0.02601	0.00976	0.42325	0.07286	0.03490	0.01199	0.01313	0.00904	0.00574	0.00469	0.00148	0.00531	0.01776	0.05151	0.00757
5	0.01602	0.13706	0.12548	0.04492	0.01653	0.01517	0.01065	0.47428	0.07049	0.02479	0.01122	0.01167	0.00824	0.00556	0.00469	0.00146	0.00567	0.00418	0.00405	0.00785
6	0.03433	0.18892	0.13570	0.01039	0.01458	0.06291	0.02416	0.16325	0.08050	0.05966	0.04214	0.01409	0.01048	0.00560	0.00448	0.00138	0.00541	0.03469	0.00353	0.10380
7	0.04506	0.02855	0.04645	0.01291	0.09292	0.01291	0.03729	0.44568	0.04358	0.06865	0.01372	0.10462	0.01138	0.00677	0.00506	0.00157	0.00523	0.00558	0.00443	0.00764
8	0.06290	0.13451	0.03420	0.01027	0.01400	0.01442	0.00878	0.48441	0.04579	0.05108	0.04791	0.04635	0.01110	0.00625	0.00471	0.00147	0.00507	0.00477	0.00444	0.00759
9	0.01406	0.23319	0.08450	0.03153	0.09794	0.03645	0.00995	0.17832	0.05511	0.06975	0.01237	0.01400	0.03576	0.00555	0.00445	0.00137	0.00533	0.02889	0.00345	0.07802
10	0.03717	0.26661	0.18243	0.01407	0.12244	0.09309	0.03964	0.13898	0.03172	0.01709	0.00901	0.01031	0.00715	0.00482	0.00431	0.00137	0.00626	0.00366	0.00279	0.00710
11	0.01607	0.01441	0.09881	0.01117	0.01506	0.04636	0.00986	0.52243	0.01952	0.02636	0.08947	0.01411	0.01191	0.00623	0.00539	0.00149	0.03547	0.00473	0.00443	0.04672
12	0.00844	0.00664	0.00772	0.00789	0.00925	0.02825	0.00604	0.01246	0.15910	0.02859	0.16919	0.25636	0.09711	0.01243	0.02666	0.00202	0.00373	0.14817	0.00478	0.00515
13	0.01251	0.09514	0.05425	0.02455	0.54603	0.07386	0.04535	0.01535	0.01157	0.01568	0.05159	0.01296	0.00968	0.00479	0.00481	0.00144	0.00607	0.00444	0.00259	0.00733
14	0.00612	0.00436	0.00577	0.00688	0.00716	0.00408	0.00456	0.00695	0.00945	0.01260	0.02701	0.79040	0.03238	0.04759	0.00711	0.00214	0.00297	0.01390	0.00456	0.00401
15	0.00659	0.00557	0.02899	0.00786	0.00877	0.00487	0.04572	0.00790	0.00987	0.01309	0.02738	0.62942	0.09257	0.01519	0.03588	0.00220	0.00374	0.04568	0.00437	0.00433
16	0.01133	0.01439	0.16251	0.10304	0.34129	0.01179	0.23504	0.01516	0.01118	0.01569	0.01024	0.01311	0.02247	0.00464	0.00520	0.00158	0.00691	0.00484	0.00243	0.00715
17	0.01261	0.01052	0.01740	0.27032	0.29202	0.01118	0.08947	0.01695	0.09952	0.11258	0.01181	0.01404	0.00886	0.00507	0.00507	0.00159	0.00596	0.00479	0.00315	0.00711
18	0.00670	0.00509	0.00724	0.00932	0.08632	0.00483	0.00570	0.00778	0.00972	0.01308	0.02565	0.74020	0.03045	0.01449	0.00622	0.00197	0.00320	0.01319	0.00441	0.00444
19	0.01032	0.01713	0.35513	0.01614	0.10322	0.01142	0.16201	0.01439	0.01075	0.01565	0.08770	0.01433	0.01106	0.00680	0.03423	0.00189	0.11368	0.00487	0.00259	0.00668

[dist]
# distance from previous block
# <min> <max>
0	1

[block]
# block no. 1 follows, 50 sequences, length 15
# corresponding to MSA columns:
# 467-481
name=unknown_B
#
# <colnr> <probs for GDERKNQSTAVLIFYWHMCP>
#	G	D	E	R	K	N	Q	S	T	A	V	L	I	F	Y	W	H	M	C	P
0	0.01015	0.01465	0.24359	0.21283	0.14220	0.01089	0.17155	0.01405	0.01066	0.01482	0.01122	0.09959	0.00977	0.00581	0.00524	0.00165	0.00670	0.00557	0.00255	0.00651
1	0.10138	0.00926	0.01484	0.64905	0.03024	0.01136	0.04954	0.01306	0.00978	0.01389	0.00860	0.01262	0.00655	0.00509	0.00537	0.00167	0.04549	0.00431	0.00232	0.00558
2	0.00829	0.00866	0.05744	0.05086	0.07113	0.00756	0.18249	0.01060	0.01076	0.01431	0.05366	0.29976	0.17132	0.01017	0.00603	0.00178	0.01674	0.00945	0.00373	0.00528
3	0.01184	0.03577	0.01798	0.19571	0.36497	0.09711	0.07116	0.01455	0.01115	0.01463	0.03145	0.05183	0.00962	0.00552	0.00557	0.00156	0.04540	0.00496	0.00259	0.00663
4	0.01094	0.10179	0.12686	0.01508	0.04589	0.01151	0.33040	0.04208	0.01161	0.02728	0.02717	0.06442	0.09130	0.00657	0.00571	0.00165	0.02789	0.04249	0.00304	0.00633
5	0.01144	0.10834	0.02957	0.01030	0.05648	0.00893	0.08436	0.05071	0.03243	0.13430	0.10928	0.06952	0.20005	0.00865	0.00538	0.00161	0.00435	0.06398	0.00429	0.00603
6	0.01030	0.11767	0.43961	0.01405	0.06121	0.01168	0.10919	0.01463	0.02142	0.01506	0.03618	0.06496	0.01032	0.04545	0.00585	0.00171	0.00655	0.00493	0.00254	0.00669
7	0.01121	0.10609	0.55968	0.04243	0.03358	0.04034	0.07509	0.03550	0.01109	0.02732	0.00903	0.01070	0.00661	0.00472	0.00468	0.00152	0.00715	0.00381	0.00230	0.00715
8	0.01067	0.00993	0.01592	0.39949	0.30545	0.01113	0.01318	0.01493	0.09412	0.01503	0.01188	0.01483	0.03568	0.00526	0.00498	0.00159	0.00587	0.00478	0.01870	0.00658
9	0.01091	0.01031	0.01774	0.16929	0.46206	0.01063	0.07894	0.01364	0.01063	0.01474	0.01095	0.04413	0.00998	0.09359	0.00731	0.00193	0.00602	0.01796	0.00260	0.00664
10	0.01193	0.01077	0.01679	0.38378	0.25454	0.03198	0.04645	0.09644	0.01209	0.03747	0.01014	0.03487	0.00812	0.00528	0.00520	0.00160	0.01837	0.00475	0.00278	0.00665
11	0.01032	0.01298	0.14284	0.07501	0.15656	0.01051	0.31560	0.01387	0.01108	0.01535	0.03819	0.14854	0.01290	0.00649	0.00555	0.00168	0.00656	0.00667	0.00287	0.00643
12	0.01232	0.09975	0.02064	0.06226	0.67642	0.01266	0.01450	0.01515	0.01116	0.01564	0.00909	0.01191	0.00768	0.00445	0.00475	0.00144	0.00589	0.00425	0.00242	0.00763
13	0.01026	0.08995	0.73716	0.01375	0.02087	0.01223	0.01763	0.01572	0.01049	0.01546	0.00878	0.01032	0.00632	0.00470	0.00461	0.00154	0.00720	0.00360	0.00211	0.00729
14	0.00819	0.04994	0.19128	0.03713	0.01213	0.00707	0.00855	0.01052	0.01042	0.04332	0.03558	0.37194	0.12348	0.01121	0.00570	0.00181	0.00429	0.05833	0.00390	0.00522

[dist]
# distance from previous block
# <min> <max>
0	6

[block]
# block no. 2 follows, 50 sequences, length 14
# corresponding to MSA columns:
# 488-501
name=unknown_C
#
# <colnr> <probs for GDERKNQSTAVLIFYWHMCP>
#	G	D	E	R	K	N	Q	S	T	A	V	L	I	F	Y	W	H	M	C	P
0	0.01009	0.00791	0.00914	0.00692	0.01064	0.00610	0.00549	0.01205	0.01086	0.06944	0.01971	0.01993	0.19813	0.00603	0.00432	0.00102	0.00345	0.00493	0.00358	0.59026
1	0.00913	0.02010	0.57965	0.01301	0.04464	0.00976	0.01496	0.01362	0.01031	0.01506	0.01346	0.20748	0.01284	0.00737	0.00514	0.00168	0.00623	0.00626	0.00273	0.00658
2	0.00993	0.02113	0.57453	0.20839	0.02487	0.01150	0.05089	0.01505	0.01044	0.01505	0.00897	0.01132	0.00645	0.00477	0.00485	0.00160	0.00724	0.00396	0.00215	0.00689
3	0.01234	0.01184	0.02023	0.03059	0.79373	0.01184	0.01530	0.01530	0.01135	0.01628	0.00938	0.01234	0.00790	0.00444	0.00493	0.00148	0.00592	0.00444	0.00247	0.00790
4	0.00955	0.01297	0.20529	0.61896	0.03123	0.01120	0.01495	0.01348	0.01010	0.01348	0.00888	0.01262	0.00656	0.00492	0.00492	0.00164	0.00682	0.00425	0.00219	0.00598
5	0.01276	0.00718	0.04325	0.00775	0.00999	0.00592	0.00618	0.01462	0.02984	0.31658	0.05012	0.29685	0.11821	0.04857	0.00655	0.00188	0.00366	0.00902	0.00507	0.00599
6	0.01012	0.00958	0.01623	0.62294	0.21869	0.01126	0.01420	0.01336	0.01030	0.01360	0.00898	0.01306	0.00695	0.00485	0.00497	0.00162	0.00647	0.00443	0.00228	0.00611
7	0.00941	0.00886	0.01495	0.81285	0.03433	0.01107	0.01384	0.01274	0.00997	0.01274	0.00886	0.01329	0.00664	0.00498	0.00498	0.00166	0.00664	0.00443	0.00221	0.00554
8	0.21339	0.00562	0.00616	0.00685	0.00781	0.00578	0.00481	0.00881	0.00929	0.01506	0.02249	0.62409	0.02627	0.01295	0.00557	0.00191	0.00313	0.01139	0.00425	0.00438
9	0.00977	0.00840	0.01366	0.13897	0.25007	0.00872	0.04699	0.01230	0.01097	0.02964	0.01802	0.11827	0.03783	0.00909	0.00604	0.00186	0.02234	0.24773	0.00347	0.00585
10	0.01329	0.01813	0.20842	0.02229	0.41672	0.20429	0.01468	0.01653	0.01182	0.01517	0.00887	0.01108	0.00715	0.00468	0.00478	0.00146	0.00702	0.00396	0.00240	0.00725
11	0.01242	0.20977	0.02137	0.06834	0.56230	0.01371	0.01357	0.01507	0.01098	0.01498	0.00875	0.01134	0.00746	0.00443	0.00452	0.00139	0.00582	0.00401	0.00237	0.00740
12	0.01125	0.23672	0.44192	0.01367	0.01969	0.01394	0.13901	0.01594	0.03599	0.01490	0.00897	0.01059	0.00683	0.00459	0.00452	0.00146	0.00688	0.00384	0.00228	0.00702
13	0.04307	0.05172	0.26788	0.01081	0.01580	0.00961	0.02802	0.02067	0.02870	0.45065	0.01502	0.01415	0.00986	0.00554	0.00480	0.00154	0.00538	0.00444	0.00447	0.00788

[dist]
# distance from previous block
# <min> <max>
0	5

[block]
# block no. 3 follows, 50 sequences, length 18
# corresponding to MSA columns:
# 507-524
name=unknown_D
#
# <colnr> <probs for GDERKNQSTAVLIFYWHMCP>
#	G	D	E	R	K	N	Q	S	T	A	V	L	I	F	Y	W	H	M	C	P
0	0.01166	0.01588	0.24585	0.02585	0.57003	0.01177	0.01620	0.01544	0.01111	0.01614	0.00925	0.01181	0.00744	0.00453	0.00488	0.00151	0.00634	0.00422	0.00236	0.00774
1	0.01259	0.02236	0.57185	0.01341	0.01980	0.01270	0.01583	0.23635	0.01426	0.02031	0.00982	0.01094	0.00694	0.00510	0.00481	0.00155	0.00682	0.00392	0.00294	0.00769
2	0.01003	0.00906	0.01543	0.65553	0.05522	0.01084	0.05671	0.01320	0.01024	0.04175	0.01017	0.03513	0.00813	0.00553	0.00538	0.00169	0.02559	0.02215	0.00250	0.00572
3	0.01071	0.00923	0.01465	0.19795	0.33963	0.00965	0.01143	0.04769	0.01246	0.03766	0.23612	0.01987	0.01909	0.00634	0.00522	0.00155	0.00499	0.00578	0.00350	0.00648
4	0.01055	0.24612	0.01819	0.57983	0.02809	0.01358	0.01230	0.01337	0.01001	0.01244	0.00830	0.01176	0.00657	0.00478	0.00447	0.00149	0.00626	0.00392	0.00219	0.00579
5	0.01361	0.01180	0.01755	0.19633	0.40198	0.01272	0.01329	0.23544	0.01455	0.01989	0.01001	0.01244	0.00779	0.00501	0.00496	0.00152	0.00595	0.00445	0.00314	0.00755
6	0.01075	0.02053	0.47162	0.01710	0.02348	0.01201	0.34053	0.01586	0.01105	0.01586	0.00943	0.01177	0.00685	0.00451	0.00522	0.00162	0.00781	0.00462	0.00228	0.00709
7	0.00887	0.00796	0.01306	0.50244	0.06006	0.00917	0.03505	0.01187	0.01128	0.01510	0.23593	0.03668	0.01897	0.00666	0.00530	0.00163	0.00535	0.00600	0.00323	0.00541
8	0.00776	0.00571	0.00826	0.04509	0.01089	0.00606	0.00765	0.00990	0.01033	0.01377	0.02186	0.07166	0.02315	0.02028	0.23803	0.00391	0.00716	0.48004	0.00393	0.00457
9	0.61263	0.00810	0.00688	0.00667	0.00894	0.00912	0.00517	0.01242	0.00879	0.01957	0.01289	0.24377	0.01339	0.00781	0.00403	0.00168	0.00358	0.00602	0.00353	0.00501
10	0.00866	0.00433	0.00649	0.00649	0.00649	0.00433	0.00433	0.00649	0.00649	0.00866	0.00866	0.01515	0.00866	0.01732	0.01948	0.85498	0.00433	0.00433	0.00216	0.00216
11	0.01495	0.59204	0.02289	0.00938	0.01357	0.01849	0.00880	0.23574	0.01398	0.01743	0.00839	0.00915	0.00700	0.00476	0.00372	0.00119	0.00538	0.00319	0.00296	0.00700
12	0.01604	0.25440	0.01780	0.01262	0.07203	0.42826	0.00956	0.03416	0.08525	0.01357	0.00887	0.00991	0.00739	0.00500	0.00422	0.00128	0.00716	0.00340	0.00272	0.00637
13	0.01191	0.31853	0.28738	0.01685	0.24203	0.01467	0.01385	0.01533	0.01062	0.01443	0.00832	0.01011	0.00680	0.00448	0.00422	0.00136	0.00619	0.00353	0.00222	0.00716
14	0.00712	0.00534	0.00801	0.00801	0.00890	0.00623	0.00623	0.00890	0.00801	0.01157	0.01335	0.01958	0.01246	0.03738	0.80507	0.00801	0.01335	0.00534	0.00267	0.00445
15	0.00843	0.00788	0.01422	0.24386	0.01969	0.00818	0.19595	0.01083	0.01021	0.01352	0.01783	0.38967	0.01913	0.00974	0.00585	0.00184	0.00533	0.00932	0.00341	0.00513
16	0.01075	0.00980	0.01265	0.01051	0.01213	0.01168	0.00860	0.01342	0.07802	0.01453	0.00921	0.01203	0.00805	0.00686	0.01067	0.00164	0.44397	0.00409	0.06958	0.25182
17	0.00778	0.00636	0.01002	0.24118	0.01627	0.00763	0.00844	0.01001	0.00858	0.01191	0.01205	0.01776	0.01078	0.02800	0.57328	0.00617	0.01141	0.00508	0.00254	0.00477

[dist]
# distance from previous block
# <min> <max>
0	4

[block]
# block no. 4 follows, 50 sequences, length 15
# corresponding to MSA columns:
# 529-543
name=unknown_E
#
# <colnr> <probs for GDERKNQSTAVLIFYWHMCP>
#	G	D	E	R	K	N	Q	S	T	A	V	L	I	F	Y	W	H	M	C	P
0	0.01708	0.02084	0.01562	0.01718	0.20575	0.61089	0.01102	0.01878	0.01345	0.01320	0.00811	0.00981	0.00678	0.00497	0.00460	0.00133	0.00824	0.00351	0.00254	0.00630
1	0.01034	0.00886	0.01034	0.00738	0.01181	0.00664	0.00591	0.01255	0.01034	0.01624	0.00886	0.01034	0.00738	0.00369	0.00369	0.00074	0.00369	0.00295	0.00295	0.85530
2	0.00778	0.00582	0.00776	0.20289	0.01250	0.00636	0.00567	0.00859	0.00791	0.01042	0.01403	0.02789	0.01531	0.62433	0.02038	0.00406	0.00528	0.00656	0.00282	0.00364
3	0.65145	0.00859	0.00749	0.00691	0.00946	0.00997	0.00560	0.01325	0.00837	0.01972	0.00851	0.01091	0.00713	0.01264	0.19922	0.00312	0.00618	0.00335	0.00298	0.00517
4	0.01184	0.62656	0.02106	0.00777	0.01099	0.01608	0.00718	0.01305	0.00942	0.01122	0.00908	0.01402	0.00926	0.20494	0.00862	0.00199	0.00521	0.00379	0.00235	0.00557
5	0.31111	0.01451	0.01156	0.00978	0.01301	0.24424	0.00778	0.17722	0.01414	0.13794	0.01013	0.01050	0.00739	0.00529	0.00419	0.00146	0.00576	0.00357	0.00380	0.00662
6	0.01571	0.05664	0.01522	0.20817	0.01982	0.41869	0.03409	0.01765	0.01240	0.08574	0.00906	0.01101	0.00707	0.00537	0.00547	0.00146	0.06382	0.00381	0.00277	0.00601
7	0.00629	0.00460	0.00592	0.00658	0.00723	0.00423	0.00456	0.00757	0.01085	0.01458	0.21664	0.54849	0.11611	0.01397	0.00619	0.00188	0.00272	0.01253	0.00484	0.00423
8	0.00858	0.00728	0.00925	0.00911	0.00986	0.00854	0.00685	0.01227	0.17132	0.01425	0.02085	0.45526	0.02279	0.01208	0.00854	0.00199	0.20189	0.00999	0.00412	0.00520
9	0.01635	0.04794	0.03800	0.01167	0.01537	0.05557	0.05199	0.41907	0.20693	0.04665	0.01347	0.01342	0.00988	0.00599	0.00521	0.00154	0.02386	0.00469	0.00451	0.00791
10	0.21971	0.01039	0.01034	0.00907	0.01213	0.01170	0.00716	0.04456	0.50675	0.02114	0.01581	0.01513	0.01195	0.00596	0.00447	0.00157	0.00395	0.00466	0.00440	0.07917
11	0.00725	0.00483	0.00544	0.00544	0.00544	0.00483	0.00302	0.00725	0.00725	0.00966	0.01571	0.03262	0.01812	0.82483	0.02537	0.00483	0.00483	0.00725	0.00302	0.00302
12	0.00810	0.01065	0.20130	0.04787	0.01252	0.00727	0.00884	0.01127	0.01268	0.01817	0.51912	0.02811	0.03291	0.00852	0.00612	0.00161	0.04795	0.00723	0.00432	0.00544
13	0.00866	0.00433	0.00649	0.00649	0.00649	0.00433	0.00433	0.00649	0.00649	0.00866	0.00866	0.01515	0.00866	0.01732	0.01948	0.85498	0.00433	0.00433	0.00216	0.00216
14	0.14350	0.06765	0.01384	0.02724	0.03264	0.24997	0.00882	0.23849	0.11735	0.03831	0.01077	0.01127	0.00820	0.00547	0.00445	0.00144	0.00608	0.00388	0.00372	0.00693

[dist]
# distance from previous block
# <min> <max>
0	16

[block]
# block no. 5 follows, 50 sequences, length 110
# corresponding to MSA columns:
# 560-669
name=unknown_F
#
# <colnr> <probs for GDERKNQSTAVLIFYWHMCP>
#	G	D	E	R	K	N	Q	S	T	A	V	L	I	F	Y	W	H	M	C	P
0	0.01234	0.01184	0.02023	0.03059	0.79373	0.01184	0.01530	0.01530	0.01135	0.01628	0.00938	0.01234	0.00790	0.00444	0.00493	0.00148	0.00592	0.00444	0.00247	0.00790
1	0.01234	0.01184	0.02023	0.03059	0.79373	0.01184	0.01530	0.01530	0.01135	0.01628	0.00938	0.01234	0.00790	0.00444	0.00493	0.00148	0.00592	0.00444	0.00247	0.00790
2	0.00627	0.00448	0.00600	0.00716	0.00753	0.00421	0.00496	0.00727	0.00973	0.01294	0.02737	0.74627	0.03255	0.01543	0.00641	0.00205	0.00306	0.08757	0.00462	0.00410
3	0.05828	0.09605	0.39311	0.01210	0.01772	0.01142	0.05739	0.05040	0.01201	0.22727	0.01174	0.01212	0.00806	0.00509	0.00465	0.00152	0.00613	0.00406	0.00340	0.00748
4	0.01174	0.01112	0.01880	0.06193	0.69150	0.01118	0.01430	0.01467	0.01154	0.01646	0.07867	0.01458	0.01131	0.00497	0.00502	0.00150	0.00564	0.00485	0.00272	0.00751
5	0.01070	0.15860	0.60666	0.01382	0.02048	0.01302	0.07912	0.01566	0.01056	0.01512	0.00870	0.01034	0.00643	0.00461	0.00457	0.00150	0.00711	0.00369	0.00214	0.00715
6	0.86003	0.00964	0.00733	0.00655	0.00964	0.01118	0.00540	0.01465	0.00848	0.02236	0.00694	0.00810	0.00540	0.00463	0.00308	0.00154	0.00386	0.00270	0.00308	0.00540
7	0.00619	0.00443	0.00589	0.00686	0.00726	0.00413	0.00464	0.00724	0.01009	0.01359	0.11896	0.72761	0.03465	0.01497	0.00630	0.00197	0.00283	0.01355	0.00473	0.00413
8	0.01073	0.00906	0.01226	0.06535	0.21132	0.00960	0.00914	0.10239	0.17683	0.01775	0.04045	0.23802	0.05841	0.00880	0.00544	0.00170	0.00439	0.00781	0.00408	0.00648
9	0.42726	0.10996	0.06022	0.00927	0.01262	0.24201	0.00794	0.03438	0.02827	0.01796	0.00770	0.00882	0.00616	0.00482	0.00370	0.00142	0.00577	0.00301	0.00285	0.00587
10	0.00789	0.00520	0.00686	0.00661	0.00781	0.00479	0.00494	0.00997	0.01331	0.06813	0.59965	0.16410	0.04210	0.01090	0.00593	0.00166	0.00261	0.02732	0.00537	0.00483
11	0.08847	0.03074	0.01392	0.01059	0.01444	0.01427	0.00873	0.57606	0.08306	0.03964	0.01203	0.01207	0.00871	0.00575	0.00471	0.00146	0.00509	0.00430	0.00466	0.06130
12	0.01076	0.01006	0.01441	0.44758	0.02494	0.03055	0.03300	0.05335	0.12516	0.01497	0.01159	0.01449	0.03103	0.00602	0.00668	0.00170	0.12554	0.00475	0.00288	0.03053
13	0.01114	0.11583	0.52478	0.01591	0.12962	0.05029	0.03841	0.01572	0.01082	0.01520	0.00907	0.01133	0.00700	0.00481	0.00465	0.00151	0.00698	0.01751	0.00224	0.00718
14	0.01178	0.05689	0.51994	0.01328	0.01933	0.01174	0.06502	0.01819	0.12941	0.08931	0.01167	0.01244	0.00832	0.00512	0.00482	0.00158	0.00653	0.00420	0.00297	0.00747
15	0.00628	0.00451	0.00595	0.00677	0.00727	0.00419	0.00463	0.00746	0.01053	0.01426	0.18796	0.64306	0.04975	0.01442	0.00625	0.00192	0.00277	0.01302	0.00481	0.00419
16	0.01064	0.09737	0.70751	0.01355	0.02054	0.01219	0.01722	0.01595	0.01059	0.03729	0.00906	0.01048	0.00649	0.00473	0.00461	0.00153	0.00710	0.00363	0.00222	0.00731
17	0.01226	0.00748	0.01007	0.04993	0.02898	0.00722	0.03795	0.03397	0.09137	0.22753	0.11853	0.08915	0.16889	0.00926	0.00562	0.00171	0.00395	0.08503	0.00494	0.00618
18	0.00792	0.00689	0.01075	0.44367	0.02196	0.00792	0.00965	0.01019	0.00998	0.01286	0.01934	0.29541	0.08392	0.00954	0.00559	0.00181	0.00494	0.02945	0.00332	0.00488
19	0.01867	0.02226	0.01425	0.01263	0.01542	0.68457	0.00961	0.13525	0.01554	0.01513	0.00835	0.00944	0.00673	0.00527	0.00457	0.00132	0.00846	0.00340	0.00294	0.00619
20	0.00927	0.00862	0.01442	0.69953	0.07256	0.01049	0.01310	0.01236	0.01000	0.01292	0.01054	0.08491	0.00905	0.00590	0.00510	0.00168	0.00627	0.00529	0.00244	0.00553
21	0.01047	0.01148	0.05806	0.01601	0.05927	0.01153	0.33640	0.01362	0.03123	0.01421	0.01139	0.01567	0.03070	0.05253	0.12511	0.00286	0.18541	0.00548	0.00260	0.00598
22	0.01234	0.01184	0.02023	0.03059	0.79373	0.01184	0.01530	0.01530	0.01135	0.01628	0.00938	0.01234	0.00790	0.00444	0.00493	0.00148	0.00592	0.00444	0.00247	0.00790
23	0.01120	0.01244	0.02672	0.01946	0.02398	0.01168	0.68408	0.01508	0.01161	0.01570	0.01209	0.06726	0.01035	0.00546	0.00597	0.00174	0.00784	0.04814	0.00277	0.00643
24	0.02461	0.01737	0.46354	0.01205	0.01679	0.00911	0.05377	0.01294	0.01037	0.01502	0.01542	0.23173	0.01541	0.00839	0.00538	0.00176	0.00592	0.07120	0.00303	0.00617
25	0.01000	0.02578	0.79900	0.01421	0.02157	0.01158	0.01842	0.01579	0.01052	0.01579	0.00895	0.01052	0.00631	0.00474	0.00474	0.00158	0.00737	0.00368	0.00210	0.00737
26	0.01862	0.02376	0.01413	0.01284	0.01541	0.80482	0.00963	0.01990	0.01413	0.01220	0.00770	0.00899	0.00642	0.00514	0.00449	0.00128	0.00899	0.00321	0.00257	0.00578
27	0.01143	0.01084	0.01838	0.19747	0.58876	0.01130	0.01442	0.01443	0.01120	0.01572	0.05074	0.01386	0.00970	0.00486	0.00500	0.00152	0.00589	0.00468	0.00257	0.00722
28	0.00870	0.00755	0.01176	0.49325	0.04591	0.00865	0.01040	0.01126	0.01046	0.03462	0.04105	0.11506	0.16590	0.00789	0.00535	0.00170	0.00519	0.00691	0.00318	0.00523
29	0.01000	0.02578	0.79900	0.01421	0.02157	0.01158	0.01842	0.01579	0.01052	0.01579	0.00895	0.01052	0.00631	0.00474	0.00474	0.00158	0.00737	0.00368	0.00210	0.00737
30	0.00607	0.00434	0.00578	0.00694	0.00723	0.00405	0.00463	0.00694	0.00954	0.01272	0.02747	0.82157	0.03297	0.01562	0.00636	0.00202	0.00289	0.01417	0.00463	0.00405
31	0.03979	0.02522	0.77125	0.01394	0.02115	0.01156	0.01796	0.01575	0.01045	0.01602	0.00887	0.01044	0.00628	0.00473	0.00468	0.00158	0.00724	0.00365	0.00214	0.00730
32	0.01234	0.01184	0.02023	0.03059	0.79373	0.01184	0.01530	0.01530	0.01135	0.01628	0.00938	0.01234	0.00790	0.00444	0.00493	0.00148	0.00592	0.00444	0.00247	0.00790
33	0.00700	0.00505	0.00662	0.00631	0.00744	0.00467	0.00470	0.00928	0.01387	0.01960	0.75059	0.07885	0.04629	0.01048	0.00590	0.00159	0.00238	0.00929	0.00544	0.00467
34	0.01234	0.01184	0.02023	0.03059	0.79373	0.01184	0.01530	0.01530	0.01135	0.01628	0.00938	0.01234	0.00790	0.00444	0.00493	0.00148	0.00592	0.00444	0.00247	0.00790
35	0.01225	0.01208	0.02158	0.02918	0.68077	0.01196	0.12717	0.01540	0.01141	0.01624	0.00948	0.01250	0.00785	0.00441	0.00507	0.00151	0.00629	0.00465	0.00248	0.00772
36	0.00933	0.00874	0.01472	0.79227	0.03364	0.01089	0.01361	0.01259	0.00996	0.01274	0.00933	0.03392	0.00732	0.00525	0.00502	0.00167	0.00655	0.00468	0.00228	0.00550
37	0.00941	0.00886	0.01495	0.81285	0.03433	0.01107	0.01384	0.01274	0.00997	0.01274	0.00886	0.01329	0.00664	0.00498	0.00498	0.00166	0.00664	0.00443	0.00221	0.00554
38	0.00922	0.00933	0.01848	0.01446	0.01743	0.00873	0.41610	0.01198	0.01097	0.01464	0.01968	0.29045	0.07040	0.00921	0.00611	0.00183	0.00591	0.05605	0.00350	0.00552
39	0.01000	0.02578	0.79900	0.01421	0.02157	0.01158	0.01842	0.01579	0.01052	0.01579	0.00895	0.01052	0.00631	0.00474	0.00474	0.00158	0.00737	0.00368	0.00210	0.00737
40	0.00941	0.00886	0.01495	0.81285	0.03433	0.01107	0.01384	0.01274	0.00997	0.01274	0.00886	0.01329	0.00664	0.00498	0.00498	0.00166	0.00664	0.00443	0.00221	0.00554
41	0.01000	0.02578	0.79900	0.01421	0.02157	0.01158	0.01842	0.01579	0.01052	0.01579	0.00895	0.01052	0.00631	0.00474	0.00474	0.00158	0.00737	0.00368	0.00210	0.00737
42	0.00902	0.00617	0.00901	0.03103	0.03310	0.00612	0.04531	0.01069	0.03138	0.10716	0.02330	0.57314	0.02586	0.01268	0.00659	0.00192	0.04668	0.01134	0.00446	0.00505
43	0.01026	0.03923	0.69674	0.01488	0.02192	0.01184	0.10477	0.01579	0.01066	0.01573	0.00904	0.01081	0.00646	0.00467	0.00484	0.00158	0.00745	0.00392	0.00215	0.00727
44	0.00989	0.00946	0.01636	0.67623	0.12573	0.01125	0.05443	0.01322	0.01023	0.01334	0.00899	0.01318	0.00684	0.00488	0.00503	0.00164	0.00665	0.00451	0.00226	0.00589
45	0.01299	0.01305	0.04750	0.01919	0.03920	0.01198	0.61732	0.01705	0.02574	0.10956	0.01129	0.01380	0.00822	0.00460	0.00594	0.00167	0.02528	0.00565	0.00298	0.00697
46	0.01222	0.01256	0.10028	0.03155	0.09034	0.01053	0.40246	0.01588	0.01224	0.11541	0.13007	0.01712	0.01407	0.00545	0.00555	0.00162	0.00660	0.00587	0.00338	0.00679
47	0.00941	0.00886	0.01495	0.81285	0.03433	0.01107	0.01384	0.01274	0.00997	0.01274	0.00886	0.01329	0.00664	0.00498	0.00498	0.00166	0.00664	0.00443	0.00221	0.00554
48	0.01000	0.02578	0.79900	0.01421	0.02157	0.01158	0.01842	0.01579	0.01052	0.01579	0.00895	0.01052	0.00631	0.00474	0.00474	0.00158	0.00737	0.00368	0.00210	0.00737
49	0.01236	0.23697	0.49916	0.01206	0.01818	0.01323	0.01446	0.01658	0.01087	0.10832	0.00969	0.01062	0.00706	0.00478	0.00436	0.00144	0.00645	0.00357	0.00260	0.00724
50	0.01155	0.13731	0.57873	0.01342	0.01992	0.01246	0.06435	0.01634	0.01084	0.07649	0.00957	0.01086	0.00688	0.00475	0.00461	0.00151	0.00690	0.00378	0.00245	0.00728
51	0.01184	0.00754	0.00987	0.00956	0.01159	0.02144	0.02660	0.06291	0.06121	0.15999	0.03976	0.06175	0.02315	0.01102	0.00620	0.00201	0.00462	0.45824	0.00487	0.00582
52	0.01439	0.00988	0.01306	0.01080	0.01383	0.04605	0.10898	0.08840	0.15084	0.22543	0.04190	0.02416	0.06503	0.00920	0.04790	0.00203	0.00544	0.11112	0.00469	0.00688
53	0.00949	0.00610	0.00914	0.04982	0.01138	0.00585	0.05437	0.01121	0.01089	0.12891	0.02402	0.41766	0.02592	0.01250	0.00620	0.00198	0.00406	0.20083	0.00459	0.00508
54	0.00993	0.00816	0.04838	0.01115	0.01345	0.00708	0.17670	0.01223	0.01111	0.10809	0.02159	0.32466	0.02263	0.01102	0.00615	0.00194	0.00489	0.19115	0.00422	0.00545
55	0.01303	0.01285	0.02727	0.01955	0.02445	0.01197	0.68358	0.01696	0.01206	0.10956	0.01123	0.01387	0.00814	0.00444	0.00578	0.00166	0.00790	0.00578	0.00296	0.00693
56	0.00941	0.00886	0.01495	0.81285	0.03433	0.01107	0.01384	0.01274	0.00997	0.01274	0.00886	0.01329	0.00664	0.00498	0.00498	0.00166	0.00664	0.00443	0.00221	0.00554
57	0.23754	0.01246	0.07359	0.00987	0.01365	0.04537	0.03081	0.25784	0.01527	0.18547	0.06138	0.01341	0.01065	0.00575	0.00454	0.00153	0.00498	0.00434	0.00437	0.00718
58	0.01183	0.01133	0.01933	0.16481	0.66344	0.01171	0.01505	0.01486	0.01111	0.01568	0.00929	0.01250	0.00768	0.00453	0.00494	0.00151	0.00605	0.00444	0.00242	0.00749
59	0.01000	0.02578	0.79900	0.01421	0.02157	0.01158	0.01842	0.01579	0.01052	0.01579	0.00895	0.01052	0.00631	0.00474	0.00474	0.00158	0.00737	0.00368	0.00210	0.00737
60	0.02146	0.00845	0.01140	0.00880	0.01252	0.00740	0.00724	0.04323	0.01450	0.73588	0.06039	0.01791	0.01408	0.00638	0.00506	0.00154	0.00417	0.00521	0.00610	0.00828
61	0.01995	0.00939	0.05475	0.00924	0.01310	0.00764	0.02570	0.04145	0.01413	0.64739	0.06225	0.01856	0.03982	0.00648	0.00509	0.00155	0.00438	0.00535	0.00574	0.00803
62	0.01176	0.01345	0.02941	0.02101	0.02605	0.01261	0.77563	0.01597	0.01176	0.01597	0.01008	0.01345	0.00756	0.00420	0.00588	0.00168	0.00840	0.00588	0.00252	0.00672
63	0.00695	0.00472	0.00559	0.00592	0.00602	0.00464	0.00356	0.00723	0.00795	0.01059	0.01905	0.24197	0.02228	0.59289	0.01993	0.00403	0.00431	0.02555	0.00348	0.00333
64	0.01123	0.01965	0.44690	0.08643	0.04361	0.01230	0.15875	0.08658	0.01178	0.01681	0.00931	0.01152	0.00684	0.00499	0.00565	0.00163	0.05215	0.00430	0.00248	0.00710
65	0.01188	0.01923	0.42184	0.01488	0.02061	0.01196	0.19845	0.12476	0.01279	0.03950	0.03175	0.03305	0.00889	0.00533	0.00536	0.00161	0.02320	0.00479	0.00289	0.00721
66	0.00866	0.00433	0.00649	0.00649	0.00649	0.00433	0.00433	0.00649	0.00649	0.00866	0.00866	0.01515	0.00866	0.01732	0.01948	0.85498	0.00433	0.00433	0.00216	0.00216
67	0.01492	0.01628	0.33002	0.03058	0.01865	0.01035	0.12102	0.01870	0.01191	0.30802	0.01297	0.01343	0.00877	0.00545	0.00572	0.00162	0.05582	0.00455	0.00369	0.00754
68	0.00976	0.00920	0.01536	0.59374	0.09986	0.01093	0.04960	0.01344	0.04967	0.01361	0.01068	0.06488	0.00891	0.00575	0.00536	0.00168	0.02399	0.00518	0.00255	0.00583
69	0.01185	0.01314	0.02726	0.01976	0.02415	0.01301	0.65956	0.03628	0.01157	0.01589	0.00970	0.01309	0.00746	0.00481	0.00716	0.00174	0.10875	0.00566	0.00255	0.00661
70	0.01000	0.02578	0.79900	0.01421	0.02157	0.01158	0.01842	0.01579	0.01052	0.01579	0.00895	0.01052	0.00631	0.00474	0.00474	0.00158	0.00737	0.00368	0.00210	0.00737
71	0.01315	0.78527	0.06712	0.00883	0.01326	0.01929	0.00905	0.01497	0.01015	0.01194	0.00704	0.00813	0.00639	0.00429	0.00328	0.00109	0.00544	0.00272	0.00213	0.00645
72	0.01267	0.01290	0.04422	0.01877	0.02353	0.01187	0.62163	0.01716	0.05298	0.09143	0.01198	0.01519	0.00899	0.00481	0.00576	0.00168	0.00763	0.02684	0.00306	0.00691
73	0.00725	0.00483	0.00544	0.00544	0.00544	0.00483	0.00302	0.00725	0.00725	0.00966	0.01571	0.03262	0.01812	0.82483	0.02537	0.00483	0.00483	0.00725	0.00302	0.00302
74	0.01091	0.01091	0.01527	0.01309	0.01309	0.01527	0.01091	0.01200	0.00763	0.01200	0.00654	0.01091	0.00654	0.00872	0.01636	0.00218	0.81570	0.00436	0.00218	0.00545
75	0.00607	0.00434	0.00578	0.00694	0.00723	0.00405	0.00463	0.00694	0.00954	0.01272	0.02747	0.82157	0.03297	0.01562	0.00636	0.00202	0.00289	0.01417	0.00463	0.00405
76	0.01036	0.04585	0.66441	0.01528	0.04055	0.01193	0.11119	0.01577	0.01069	0.01571	0.00904	0.01086	0.00651	0.00465	0.00484	0.00157	0.00740	0.00394	0.00217	0.00727
77	0.01176	0.01345	0.02941	0.02101	0.02605	0.01261	0.77563	0.01597	0.01176	0.01597	0.01008	0.01345	0.00756	0.00420	0.00588	0.00168	0.00840	0.00588	0.00252	0.00672
78	0.02236	0.00848	0.01157	0.00887	0.01272	0.00733	0.00733	0.02429	0.01427	0.79719	0.01966	0.01697	0.01234	0.00617	0.00501	0.00154	0.00424	0.00501	0.00617	0.00848
79	0.00957	0.00902	0.01523	0.77134	0.07462	0.01111	0.01392	0.01287	0.01004	0.01292	0.00889	0.01324	0.00671	0.00495	0.00498	0.00165	0.00661	0.00443	0.00223	0.00566
80	0.00607	0.00434	0.00578	0.00694	0.00723	0.00405	0.00463	0.00694	0.00954	0.01272	0.02747	0.82157	0.03297	0.01562	0.00636	0.00202	0.00289	0.01417	0.00463	0.00405
81	0.00941	0.00886	0.01495	0.81285	0.03433	0.01107	0.01384	0.01274	0.00997	0.01274	0.00886	0.01329	0.00664	0.00498	0.00498	0.00166	0.00664	0.00443	0.00221	0.00554
82	0.01895	0.01396	0.01496	0.01147	0.01546	0.01546	0.00947	0.77711	0.02344	0.03141	0.01197	0.01197	0.00848	0.00598	0.00499	0.00150	0.00548	0.00449	0.00499	0.00848
83	0.01051	0.01159	0.10848	0.31497	0.14130	0.01110	0.08580	0.01404	0.03164	0.03352	0.03353	0.01493	0.03617	0.00572	0.00623	0.00166	0.09100	0.00488	0.03672	0.00625
84	0.00589	0.00505	0.00505	0.00505	0.00673	0.00421	0.00379	0.00715	0.01136	0.01347	0.05049	0.04797	0.79171	0.01262	0.00589	0.00168	0.00252	0.01052	0.00463	0.00421
85	0.00941	0.00886	0.01495	0.81285	0.03433	0.01107	0.01384	0.01274	0.00997	0.01274	0.00886	0.01329	0.00664	0.00498	0.00498	0.00166	0.00664	0.00443	0.00221	0.00554
86	0.00594	0.00506	0.00511	0.00514	0.00681	0.00424	0.00388	0.00722	0.01136	0.01350	0.04999	0.04814	0.77561	0.01265	0.00591	0.00170	0.00257	0.02633	0.00463	0.00422
87	0.01209	0.03013	0.04597	0.18468	0.02632	0.01200	0.51921	0.01592	0.01152	0.07645	0.01048	0.01349	0.00769	0.00453	0.00554	0.00165	0.00762	0.00538	0.00272	0.00662
88	0.01326	0.81072	0.04260	0.00865	0.01298	0.01955	0.00874	0.01494	0.01014	0.01181	0.00697	0.00805	0.00639	0.00427	0.00323	0.00108	0.00537	0.00269	0.00213	0.00642
89	0.83702	0.00961	0.00744	0.00662	0.00972	0.01108	0.00545	0.01492	0.00864	0.04366	0.00729	0.00834	0.00559	0.00467	0.00314	0.00154	0.00387	0.00276	0.00317	0.00548
90	0.00941	0.00886	0.01495	0.81285	0.03433	0.01107	0.01384	0.01274	0.00997	0.01274	0.00886	0.01329	0.00664	0.00498	0.00498	0.00166	0.00664	0.00443	0.00221	0.00554
91	0.02236	0.00848	0.01157	0.00887	0.01272	0.00733	0.00733	0.02429	0.01427	0.79719	0.01966	0.01697	0.01234	0.00617	0.00501	0.00154	0.00424	0.00501	0.00617	0.00848
92	0.01234	0.01184	0.02023	0.03059	0.79373	0.01184	0.01530	0.01530	0.01135	0.01628	0.00938	0.01234	0.00790	0.00444	0.00493	0.00148	0.00592	0.00444	0.00247	0.00790
93	0.01034	0.00886	0.01034	0.00738	0.01181	0.00664	0.00591	0.01255	0.01034	0.01624	0.00886	0.01034	0.00738	0.00369	0.00369	0.00074	0.00369	0.00295	0.00295	0.85530
94	0.00589	0.00505	0.00505	0.00505	0.00673	0.00421	0.00379	0.00715	0.01136	0.01347	0.05049	0.04797	0.79171	0.01262	0.00589	0.00168	0.00252	0.01052	0.00463	0.00421
95	0.01333	0.82783	0.02612	0.00853	0.01279	0.01972	0.00853	0.01493	0.01013	0.01173	0.00693	0.00800	0.00640	0.00426	0.00320	0.00107	0.00533	0.00267	0.00213	0.00640
96	0.00607	0.00434	0.00578	0.00694	0.00723	0.00405	0.00463	0.00694	0.00954	0.01272	0.02747	0.82157	0.03297	0.01562	0.00636	0.00202	0.00289	0.01417	0.00463	0.00405
97	0.00607	0.00434	0.00578	0.00694	0.00723	0.00405	0.00463	0.00694	0.00954	0.01272	0.02747	0.82157	0.03297	0.01562	0.00636	0.00202	0.00289	0.01417	0.00463	0.00405
98	0.02236	0.00848	0.01157	0.00887	0.01272	0.00733	0.00733	0.02429	0.01427	0.79719	0.01966	0.01697	0.01234	0.00617	0.00501	0.00154	0.00424	0.00501	0.00617	0.00848
99	0.01175	0.01136	0.02096	0.02522	0.50050	0.01114	0.21099	0.01442	0.01088	0.01529	0.00947	0.01296	0.00790	0.00592	0.00692	0.10379	0.00637	0.00480	0.00244	0.00690
100	0.00712	0.00534	0.00801	0.00801	0.00890	0.00623	0.00623	0.00890	0.00801	0.01157	0.01335	0.01958	0.01246	0.03738	0.80507	0.00801	0.01335	0.00534	0.00267	0.00445
101	0.00617	0.00501	0.00547	0.00546	0.00693	0.00431	0.00405	0.00767	0.01189	0.01494	0.22233	0.09470	0.56915	0.01224	0.00592	0.00168	0.00251	0.01040	0.00483	0.00431
102	0.08897	0.01451	0.01391	0.01103	0.01473	0.12651	0.00897	0.53955	0.02006	0.09584	0.01163	0.01167	0.00827	0.00577	0.00476	0.00147	0.00574	0.00420	0.00459	0.00784
103	0.07308	0.03121	0.05436	0.00983	0.01379	0.01078	0.00847	0.23554	0.07524	0.41168	0.01585	0.01456	0.01056	0.00594	0.00483	0.00153	0.00474	0.00464	0.00524	0.00813
104	0.05741	0.02219	0.59591	0.01363	0.01985	0.03789	0.07483	0.03764	0.01080	0.01611	0.00940	0.01201	0.00718	0.05694	0.00605	0.00178	0.00709	0.00403	0.00235	0.00691
105	0.01176	0.07248	0.51042	0.01438	0.04250	0.14496	0.07508	0.01621	0.01134	0.01510	0.03492	0.01129	0.00785	0.00491	0.00473	0.00150	0.00738	0.00391	0.00234	0.00692
106	0.03850	0.04616	0.47633	0.01139	0.01667	0.00980	0.02983	0.01432	0.01045	0.03839	0.01199	0.09816	0.01018	0.00597	0.00462	0.00151	0.00580	0.00489	0.10447	0.06058
107	0.03639	0.02857	0.12305	0.00756	0.00995	0.00640	0.00689	0.01082	0.01309	0.01905	0.58832	0.03016	0.03651	0.00870	0.00543	0.00151	0.00328	0.00753	0.00469	0.05208
108	0.04112	0.71243	0.06537	0.00868	0.01285	0.01814	0.00873	0.01452	0.01006	0.01235	0.00817	0.05302	0.00782	0.00493	0.00345	0.00116	0.00525	0.00336	0.00230	0.00629
109	0.04810	0.00993	0.05485	0.00927	0.01311	0.00864	0.00796	0.06338	0.10254	0.57951	0.01823	0.01627	0.01191	0.00609	0.00490	0.00155	0.00439	0.00490	0.02633	0.00816

[dist]
# distance from previous block
# <min> <max>
0	9

[block]
# block no. 6 follows, 50 sequences, length 59
# corresponding to MSA columns:
# 708-741,743-767
name=unknown_G
#
# <colnr> <probs for GDERKNQSTAVLIFYWHMCP>
#	G	D	E	R	K	N	Q	S	T	A	V	L	I	F	Y	W	H	M	C	P
0	0.00698	0.00510	0.00664	0.00686	0.00794	0.00476	0.00529	0.00897	0.01254	0.01710	0.43335	0.16964	0.11545	0.01206	0.00617	0.00181	0.00292	0.16681	0.00507	0.00452
1	0.01051	0.02219	0.57482	0.01619	0.02288	0.01188	0.23899	0.01584	0.01089	0.01584	0.00928	0.01137	0.00668	0.00458	0.00507	0.00161	0.00767	0.00432	0.00223	0.00718
2	0.00803	0.00574	0.00803	0.00918	0.01033	0.00574	0.00803	0.01033	0.01147	0.01492	0.02639	0.05622	0.02869	0.01377	0.00688	0.00229	0.00459	0.76018	0.00459	0.00459
3	0.01091	0.01091	0.01527	0.01309	0.01309	0.01527	0.01091	0.01200	0.00763	0.01200	0.00654	0.01091	0.00654	0.00872	0.01636	0.00218	0.81570	0.00436	0.00218	0.00545
4	0.01000	0.02578	0.79900	0.01421	0.02157	0.01158	0.01842	0.01579	0.01052	0.01579	0.00895	0.01052	0.00631	0.00474	0.00474	0.00158	0.00737	0.00368	0.00210	0.00737
5	0.01034	0.00886	0.01034	0.00738	0.01181	0.00664	0.00591	0.01255	0.01034	0.01624	0.00886	0.01034	0.00738	0.00369	0.00369	0.00074	0.00369	0.00295	0.00295	0.85530
6	0.00712	0.00534	0.00801	0.00801	0.00890	0.00623	0.00623	0.00890	0.00801	0.01157	0.01335	0.01958	0.01246	0.03738	0.80507	0.00801	0.01335	0.00534	0.00267	0.00445
7	0.01109	0.00934	0.01021	0.00941	0.01182	0.01057	0.00737	0.02215	0.58879	0.01979	0.11224	0.02444	0.03905	0.00890	0.03284	0.00194	0.00409	0.06392	0.00499	0.00705
8	0.00687	0.00514	0.00748	0.00770	0.00850	0.00574	0.00583	0.00846	0.00842	0.01186	0.01738	0.17662	0.04325	0.03230	0.62216	0.00663	0.01094	0.00724	0.00312	0.00436
9	0.00607	0.00434	0.00578	0.00694	0.00723	0.00405	0.00463	0.00694	0.00954	0.01272	0.02747	0.82157	0.03297	0.01562	0.00636	0.00202	0.00289	0.01417	0.00463	0.00405
10	0.01551	0.01874	0.01501	0.22548	0.02073	0.52269	0.04111	0.01744	0.01260	0.01248	0.00805	0.01040	0.00653	0.00524	0.00528	0.00145	0.04936	0.00370	0.00245	0.00574
11	0.86003	0.00964	0.00733	0.00655	0.00964	0.01118	0.00540	0.01465	0.00848	0.02236	0.00694	0.00810	0.00540	0.00463	0.00308	0.00154	0.00386	0.00270	0.00308	0.00540
12	0.00607	0.00434	0.00578	0.00694	0.00723	0.00405	0.00463	0.00694	0.00954	0.01272	0.02747	0.82157	0.03297	0.01562	0.00636	0.00202	0.00289	0.01417	0.00463	0.00405
13	0.06514	0.01153	0.02781	0.01375	0.03552	0.01241	0.21332	0.09393	0.09484	0.03153	0.01048	0.01268	0.00832	0.00590	0.00785	0.00165	0.21464	0.00467	0.03233	0.10170
14	0.00852	0.00575	0.00694	0.00681	0.00838	0.00532	0.00523	0.02204	0.04906	0.09124	0.20268	0.17042	0.29072	0.01171	0.00594	0.00177	0.00306	0.09443	0.00499	0.00499
15	0.01213	0.06959	0.07875	0.02615	0.54537	0.01251	0.15210	0.01543	0.01128	0.01588	0.00930	0.01210	0.00762	0.00441	0.00497	0.00149	0.00643	0.00452	0.00243	0.00754
16	0.01295	0.73796	0.11272	0.00916	0.01378	0.01881	0.00964	0.01502	0.01017	0.01218	0.00716	0.00828	0.00639	0.00432	0.00337	0.00112	0.00556	0.00278	0.00213	0.00651
17	0.00607	0.00434	0.00578	0.00694	0.00723	0.00405	0.00463	0.00694	0.00954	0.01272	0.02747	0.82157	0.03297	0.01562	0.00636	0.00202	0.00289	0.01417	0.00463	0.00405
18	0.01000	0.02578	0.79900	0.01421	0.02157	0.01158	0.01842	0.01579	0.01052	0.01579	0.00895	0.01052	0.00631	0.00474	0.00474	0.00158	0.00737	0.00368	0.00210	0.00737
19	0.01333	0.82783	0.02612	0.00853	0.01279	0.01972	0.00853	0.01493	0.01013	0.01173	0.00693	0.00800	0.00640	0.00426	0.00320	0.00107	0.00533	0.00267	0.00213	0.00640
20	0.00607	0.00434	0.00578	0.00694	0.00723	0.00405	0.00463	0.00694	0.00954	0.01272	0.02747	0.82157	0.03297	0.01562	0.00636	0.00202	0.00289	0.01417	0.00463	0.00405
21	0.00638	0.00494	0.00584	0.00623	0.00727	0.00449	0.00443	0.00807	0.03632	0.01448	0.16378	0.37443	0.31868	0.01330	0.00606	0.00181	0.00270	0.01166	0.00479	0.00434
22	0.01005	0.01825	0.50042	0.01133	0.01662	0.00916	0.01339	0.01443	0.01168	0.08052	0.18443	0.01976	0.07550	0.00665	0.00510	0.00158	0.00564	0.00548	0.00337	0.00663
23	0.01333	0.82783	0.02612	0.00853	0.01279	0.01972	0.00853	0.01493	0.01013	0.01173	0.00693	0.00800	0.00640	0.00426	0.00320	0.00107	0.00533	0.00267	0.00213	0.00640
24	0.00589	0.00505	0.00505	0.00505	0.00673	0.00421	0.00379	0.00715	0.01136	0.01347	0.05049	0.04797	0.79171	0.01262	0.00589	0.00168	0.00252	0.01052	0.00463	0.00421
25	0.01234	0.01184	0.02023	0.03059	0.79373	0.01184	0.01530	0.01530	0.01135	0.01628	0.00938	0.01234	0.00790	0.00444	0.00493	0.00148	0.00592	0.00444	0.00247	0.00790
26	0.00696	0.00509	0.00653	0.00617	0.00739	0.00466	0.00463	0.00922	0.01388	0.01945	0.72997	0.03812	0.10850	0.01039	0.00588	0.00158	0.00237	0.00914	0.00542	0.00466
27	0.00712	0.00534	0.00801	0.00801	0.00890	0.00623	0.00623	0.00890	0.00801	0.01157	0.01335	0.01958	0.01246	0.03738	0.80507	0.00801	0.01335	0.00534	0.00267	0.00445
28	0.01065	0.01251	0.13647	0.02085	0.43118	0.03333	0.01285	0.01370	0.01154	0.01597	0.07973	0.02181	0.09648	0.00670	0.00525	0.00159	0.00546	0.07404	0.00309	0.00679
29	0.01013	0.02498	0.75418	0.01515	0.06601	0.01159	0.01824	0.01576	0.01057	0.01581	0.00897	0.01063	0.00641	0.00472	0.00475	0.00157	0.00728	0.00373	0.00213	0.00740
30	0.00607	0.00434	0.00578	0.00694	0.00723	0.00405	0.00463	0.00694	0.00954	0.01272	0.02747	0.82157	0.03297	0.01562	0.00636	0.00202	0.00289	0.01417	0.00463	0.00405
31	0.01027	0.09199	0.73520	0.01374	0.02085	0.01225	0.01760	0.01571	0.01049	0.01545	0.00878	0.01031	0.00632	0.00470	0.00461	0.00154	0.00720	0.00360	0.00211	0.00729
32	0.01143	0.01103	0.01920	0.34342	0.26971	0.01203	0.14941	0.06441	0.01152	0.01563	0.00936	0.01284	0.00732	0.00488	0.00555	0.00162	0.03674	0.00469	0.00253	0.00668
33	0.70935	0.05169	0.00913	0.00724	0.01046	0.03465	0.00602	0.06758	0.00994	0.04596	0.00770	0.00866	0.00590	0.00476	0.00332	0.00151	0.00420	0.00291	0.00325	0.00577
34	0.07594	0.01258	0.07295	0.06408	0.52080	0.04348	0.03623	0.01530	0.01132	0.03896	0.03866	0.01375	0.00945	0.00497	0.00487	0.00152	0.00590	0.01924	0.00274	0.00726
35	0.01726	0.02149	0.01433	0.01288	0.01500	0.66575	0.00986	0.01851	0.01298	0.01216	0.00750	0.00933	0.00644	0.00577	0.00658	0.00144	0.15108	0.00341	0.00250	0.00572
36	0.03308	0.00674	0.01016	0.00924	0.01083	0.00650	0.13008	0.03480	0.04305	0.01455	0.02606	0.42622	0.13758	0.04867	0.00690	0.00201	0.00404	0.04047	0.00420	0.00483
37	0.01398	0.64920	0.06828	0.00905	0.01346	0.01782	0.00901	0.07121	0.01137	0.05949	0.00822	0.00903	0.00692	0.00451	0.00354	0.00114	0.00534	0.00300	0.00260	0.03281
38	0.00715	0.00522	0.00742	0.00742	0.00811	0.00591	0.00550	0.00852	0.00784	0.01113	0.01389	0.02257	0.01376	0.21770	0.62653	0.00728	0.01140	0.00578	0.00275	0.00412
39	0.00866	0.00433	0.00649	0.00649	0.00649	0.00433	0.00433	0.00649	0.00649	0.00866	0.00866	0.01515	0.00866	0.01732	0.01948	0.85498	0.00433	0.00433	0.00216	0.00216
40	0.01625	0.02237	0.14403	0.01301	0.01634	0.57488	0.03362	0.03350	0.02686	0.01345	0.00905	0.04178	0.00768	0.00557	0.00488	0.00140	0.02270	0.00389	0.00266	0.00609
41	0.01333	0.82783	0.02612	0.00853	0.01279	0.01972	0.00853	0.01493	0.01013	0.01173	0.00693	0.00800	0.00640	0.00426	0.00320	0.00107	0.00533	0.00267	0.00213	0.00640
