[name]
unknown

[dist]
# distance from previous block
# <min> <max>
0	403

[block]
# block no. 0 follows, 63 sequences, length 87
# corresponding to MSA columns:
# 403-489
name=unknown_A
#
# <colnr> <probs for GDERKNQSTAVLIFYWHMCP>
#	G	D	E	R	K	N	Q	S	T	A	V	L	I	F	Y	W	H	M	C	P
0	0.08155	0.00579	0.00723	0.03926	0.06104	0.00595	0.00536	0.02921	0.10495	0.02588	0.29531	0.22387	0.02443	0.02962	0.00507	0.00149	0.00290	0.02664	0.00386	0.02059
1	0.00962	0.00994	0.03507	0.34569	0.33684	0.07321	0.02454	0.01206	0.00898	0.01192	0.00747	0.01046	0.00606	0.00463	0.01572	0.00142	0.07521	0.00367	0.00198	0.00550
2	0.00568	0.00452	0.00560	0.07429	0.00790	0.00422	0.00428	0.00730	0.01050	0.01383	0.40100	0.06341	0.36368	0.00925	0.00491	0.00138	0.00236	0.00797	0.00407	0.00383
3	0.00903	0.00582	0.00697	0.00659	0.00816	0.00580	0.00498	0.02218	0.20142	0.15582	0.12408	0.27024	0.12587	0.00898	0.00480	0.00148	0.00281	0.02571	0.00431	0.00497
4	0.00646	0.00449	0.00499	0.00491	0.00513	0.00460	0.00290	0.00746	0.07354	0.00898	0.01403	0.02673	0.02789	0.76873	0.01972	0.00381	0.00398	0.00604	0.00271	0.00290
5	0.00519	0.00383	0.00483	0.00552	0.00602	0.00351	0.00378	0.00606	0.00854	0.01119	0.07694	0.61970	0.17424	0.03331	0.00567	0.00169	0.00241	0.02020	0.00391	0.00346
6	0.00930	0.00926	0.01322	0.01226	0.07863	0.01264	0.00950	0.01035	0.00670	0.01042	0.00572	0.00930	0.00561	0.00706	0.01300	0.00179	0.77494	0.00368	0.00186	0.00477
7	0.00872	0.00747	0.00872	0.00623	0.00996	0.00560	0.00498	0.01058	0.00872	0.01370	0.00747	0.00872	0.00623	0.00311	0.00311	0.00062	0.00311	0.00249	0.00249	0.87796
8	0.01101	0.78570	0.08908	0.00759	0.01140	0.01606	0.00788	0.01265	0.00857	0.01017	0.00599	0.00692	0.00539	0.00363	0.00280	0.00093	0.00464	0.00232	0.00180	0.00546
9	0.00602	0.00433	0.00552	0.00617	0.00667	0.00421	0.00424	0.07271	0.00902	0.01204	0.02209	0.77990	0.02609	0.01250	0.00527	0.00167	0.00262	0.01127	0.00393	0.00372
10	0.88196	0.00813	0.00618	0.00553	0.00813	0.00943	0.00455	0.01236	0.00715	0.01886	0.00585	0.00683	0.00455	0.00390	0.00260	0.00130	0.00325	0.00228	0.00260	0.00455
11	0.00600	0.00487	0.00512	0.00486	0.00637	0.00438	0.00369	0.07309	0.01066	0.01323	0.12856	0.05284	0.65143	0.01000	0.00491	0.00140	0.00233	0.00837	0.00401	0.00389
12	0.88196	0.00813	0.00618	0.00553	0.00813	0.00943	0.00455	0.01236	0.00715	0.01886	0.00585	0.00683	0.00455	0.00390	0.00260	0.00130	0.00325	0.00228	0.00260	0.00455
13	0.80946	0.00778	0.00599	0.00539	0.00786	0.00897	0.00442	0.01214	0.00729	0.01860	0.00651	0.00756	0.00507	0.00398	0.00263	0.00127	0.00314	0.00241	0.07500	0.00450
14	0.01790	0.00686	0.00940	0.00731	0.01030	0.00597	0.00597	0.01924	0.01149	0.76081	0.01581	0.01418	0.01015	0.00598	0.00524	0.07399	0.00358	0.00418	0.00492	0.00671
15	0.00834	0.02024	0.76206	0.01144	0.01714	0.00926	0.01455	0.01266	0.00859	0.01281	0.00752	0.00920	0.00549	0.00487	0.00503	0.07401	0.00600	0.00315	0.00178	0.00585
16	0.00794	0.00747	0.01261	0.84216	0.02895	0.00934	0.01167	0.01074	0.00841	0.01074	0.00747	0.01121	0.00560	0.00420	0.00420	0.00140	0.00560	0.00374	0.00187	0.00467
17	0.07784	0.00403	0.00499	0.00583	0.00627	0.00391	0.00396	0.00639	0.00797	0.01141	0.02173	0.77963	0.02588	0.01240	0.00514	0.00167	0.00251	0.01115	0.00379	0.00351
18	0.00588	0.00428	0.00554	0.00526	0.00625	0.00393	0.00393	0.00779	0.01168	0.01644	0.76589	0.05578	0.07393	0.00882	0.00497	0.00134	0.00200	0.00779	0.00457	0.00393
19	0.00606	0.00453	0.00568	0.00563	0.00658	0.00434	0.00413	0.00850	0.07771	0.01508	0.51302	0.23110	0.08247	0.00960	0.00500	0.00143	0.00222	0.00851	0.00438	0.00403
20	0.01080	0.78426	0.02067	0.00704	0.01042	0.01558	0.00693	0.01220	0.00882	0.01047	0.07368	0.00879	0.00824	0.00401	0.00288	0.00093	0.00429	0.00269	0.00203	0.00528
21	0.01507	0.00634	0.00851	0.00695	0.00948	0.00558	0.00556	0.02798	0.01156	0.58861	0.12280	0.12466	0.03423	0.00679	0.00448	0.00136	0.00321	0.00576	0.00492	0.00618
22	0.03032	0.00824	0.00989	0.00773	0.01088	0.07499	0.00632	0.02007	0.01196	0.75005	0.01560	0.01365	0.00991	0.00511	0.00417	0.00128	0.00390	0.00407	0.00492	0.00693
23	0.00676	0.00498	0.00716	0.00689	0.00797	0.00467	0.07110	0.04293	0.00954	0.05138	0.11471	0.51206	0.10634	0.01083	0.00515	0.00158	0.00292	0.02509	0.00391	0.00403
24	0.01758	0.00733	0.00970	0.00742	0.01067	0.00639	0.00611	0.05577	0.01211	0.70514	0.03470	0.01406	0.01060	0.00510	0.00415	0.00124	0.00355	0.00414	0.00492	0.07930
25	0.00530	0.00375	0.00491	0.00572	0.00597	0.00354	0.00380	0.00601	0.00799	0.01069	0.05125	0.70771	0.02669	0.11180	0.00725	0.00198	0.00264	0.02588	0.00377	0.00334
26	0.01125	0.01001	0.01670	0.03697	0.54672	0.01009	0.11031	0.08866	0.02764	0.06401	0.00926	0.01118	0.01645	0.00412	0.00443	0.00129	0.01786	0.00401	0.00253	0.00651
27	0.03819	0.07744	0.06059	0.03439	0.26570	0.16944	0.13763	0.06997	0.01059	0.04600	0.00845	0.03710	0.00698	0.00434	0.00421	0.00125	0.01563	0.00383	0.00241	0.00585
28	0.01035	0.02977	0.07204	0.11041	0.29153	0.08059	0.17365	0.06166	0.02598	0.01350	0.00875	0.03545	0.00731	0.02352	0.01667	0.00145	0.01567	0.00415	0.01178	0.00577
29	0.80114	0.02216	0.02196	0.00599	0.00864	0.05843	0.00501	0.01264	0.00749	0.01811	0.00592	0.00691	0.00463	0.00392	0.00270	0.00128	0.00358	0.00232	0.00255	0.00462
30	0.00819	0.00756	0.01009	0.00899	0.00924	0.02783	0.00721	0.00917	0.00690	0.01023	0.03806	0.01480	0.00951	0.12856	0.14625	0.00289	0.50343	0.02406	0.02292	0.00413
31	0.01113	0.29707	0.23087	0.03168	0.04509	0.09675	0.07727	0.08407	0.03169	0.02629	0.02644	0.00925	0.00674	0.00412	0.00368	0.00116	0.00543	0.00320	0.00227	0.00579
32	0.00585	0.00429	0.00548	0.00519	0.00622	0.00393	0.00389	0.00774	0.01167	0.01631	0.74653	0.03230	0.11730	0.00880	0.00496	0.00133	0.00200	0.00773	0.00456	0.00393
33	0.02498	0.03310	0.08079	0.05100	0.10229	0.17389	0.05527	0.18750	0.01187	0.07393	0.00972	0.02963	0.02519	0.02282	0.00538	0.00136	0.08501	0.00388	0.01665	0.00573
34	0.00603	0.00408	0.00459	0.00460	0.00470	0.00403	0.00263	0.00613	0.00641	0.00848	0.02519	0.04635	0.05755	0.77977	0.01999	0.00385	0.00391	0.00640	0.00267	0.00264
35	0.00549	0.00415	0.00519	0.00531	0.00620	0.00385	0.00388	0.00686	0.00978	0.01311	0.32964	0.23708	0.24365	0.01268	0.09162	0.00201	0.00310	0.00871	0.00400	0.00369
36	0.01046	0.00903	0.00951	0.00855	0.01093	0.01046	0.00665	0.02234	0.81845	0.01759	0.01711	0.01568	0.01283	0.00570	0.00428	0.00143	0.00333	0.00475	0.00428	0.00665
37	0.01460	0.01521	0.01157	0.00999	0.01254	0.41624	0.00775	0.24348	0.19601	0.01653	0.00991	0.01012	0.00758	0.00484	0.00402	0.00121	0.00578	0.00347	0.00322	0.00592
38	0.00900	0.00890	0.01245	0.01072	0.01075	0.01238	0.00889	0.00992	0.00644	0.01006	0.00592	0.00990	0.00594	0.02750	0.04611	0.00208	0.79289	0.00377	0.00187	0.00452
39	0.00851	0.00808	0.01110	0.00966	0.00968	0.01096	0.00779	0.00927	0.00638	0.00972	0.00718	0.01298	0.00756	0.17500	0.03397	0.00239	0.65942	0.00418	0.00199	0.00417
40	0.01229	0.66075	0.01971	0.00799	0.01130	0.17603	0.00740	0.04318	0.00962	0.01059	0.00613	0.00703	0.00546	0.00379	0.00297	0.00095	0.00510	0.00239	0.00196	0.00536
41	0.01056	0.00861	0.02231	0.04110	0.20433	0.00798	0.00781	0.09131	0.03602	0.08242	0.02464	0.03558	0.00819	0.00434	0.00421	0.00105	0.03971	0.00361	0.00287	0.36335
42	0.05807	0.14962	0.14472	0.00981	0.03092	0.14437	0.02348	0.20223	0.13136	0.02650	0.00962	0.03429	0.00762	0.00475	0.00384	0.00123	0.00505	0.00358	0.00294	0.00599
43	0.00914	0.00912	0.01286	0.04838	0.01184	0.01272	0.00931	0.01014	0.00653	0.01014	0.00561	0.00929	0.00552	0.00722	0.01336	0.00182	0.80687	0.00368	0.00184	0.00460
44	0.01012	0.00485	0.00534	0.00481	0.00629	0.00474	0.00374	0.04970	0.00989	0.15651	0.01404	0.01517	0.01054	0.00496	0.00322	0.00105	0.00236	0.00397	0.68408	0.00463
45	0.00611	0.00408	0.00458	0.00458	0.00458	0.00408	0.00255	0.00611	0.00611	0.00815	0.01325	0.02751	0.01528	0.85226	0.02140	0.00408	0.00408	0.00611	0.00255	0.00255
46	0.01146	0.07368	0.25094	0.01269	0.18002	0.00977	0.01043	0.12866	0.04915	0.12519	0.03625	0.01948	0.02279	0.00462	0.00403	0.00124	0.00473	0.00380	0.00295	0.04813
47	0.00850	0.04086	0.81193	0.01187	0.01802	0.00992	0.01534	0.01330	0.00887	0.01323	0.00750	0.00883	0.00533	0.00398	0.00396	0.00132	0.00617	0.00309	0.00178	0.00619
48	0.00940	0.00797	0.00859	0.00802	0.00998	0.00906	0.00611	0.01908	0.65818	0.01623	0.01831	0.18059	0.01579	0.00718	0.00449	0.00148	0.00315	0.00618	0.00420	0.00601
49	0.01018	0.00941	0.01571	0.23081	0.47900	0.02791	0.07098	0.02122	0.00963	0.04944	0.02994	0.01134	0.00739	0.00407	0.00425	0.00130	0.00521	0.00393	0.00226	0.00600
50	0.02266	0.58961	0.01863	0.02670	0.01165	0.19651	0.00742	0.01402	0.03896	0.03079	0.00670	0.00754	0.00579	0.00389	0.00307	0.00098	0.00512	0.00252	0.00207	0.00534
51	0.77694	0.06931	0.04768	0.00596	0.00881	0.00996	0.00528	0.01242	0.00734	0.01795	0.00594	0.00692	0.00465	0.00388	0.00268	0.00127	0.00349	0.00231	0.00250	0.00469
52	0.01060	0.02666	0.06794	0.06226	0.04417	0.02855	0.02487	0.08165	0.54334	0.01687	0.01445	0.01477	0.01106	0.00542	0.00426	0.00140	0.00405	0.02761	0.00371	0.00637
53	0.00553	0.00395	0.00470	0.00508	0.00543	0.00376	0.00325	0.00603	0.00747	0.00974	0.02200	0.35190	0.15536	0.36188	0.03265	0.00277	0.00329	0.00882	0.00330	0.00308
54	0.00945	0.03329	0.04569	0.02777	0.05651	0.00694	0.02361	0.03082	0.01793	0.04292	0.00793	0.00919	0.00641	0.00347	0.00355	0.00080	0.02016	0.00280	0.00254	0.64821
55	0.00593	0.00430	0.00560	0.00527	0.00627	0.00396	0.00395	0.00790	0.01186	0.01677	0.81138	0.03155	0.05216	0.00863	0.00496	0.00132	0.00199	0.00762	0.00462	0.00396
56	0.01006	0.01106	0.13573	0.03199	0.18529	0.00999	0.05674	0.02563	0.37256	0.03336	0.01329	0.01397	0.03207	0.00512	0.00461	0.00139	0.03294	0.01471	0.00318	0.00631
57	0.00629	0.00465	0.00591	0.00554	0.00663	0.00446	0.00417	0.00902	0.07277	0.01691	0.76294	0.03022	0.03764	0.00838	0.00491	0.00133	0.00208	0.00739	0.00460	0.00417
58	0.00575	0.00430	0.00539	0.00518	0.00620	0.00400	0.00387	0.00742	0.01072	0.01471	0.55165	0.03185	0.20500	0.04198	0.08159	0.00194	0.00294	0.00754	0.00418	0.00381
59	0.88196	0.00813	0.00618	0.00553	0.00813	0.00943	0.00455	0.01236	0.00715	0.01886	0.00585	0.00683	0.00455	0.00390	0.00260	0.00130	0.00325	0.00228	0.00260	0.00455
60	0.03493	0.68773	0.05837	0.00809	0.02711	0.08669	0.00771	0.02143	0.01642	0.01065	0.00617	0.00711	0.00548	0.00372	0.00291	0.00096	0.00481	0.00240	0.00190	0.00542
61	0.00727	0.00366	0.00546	0.00546	0.00546	0.00366	0.00363	0.00549	0.00549	0.00732	0.00744	0.01312	0.00749	0.03382	0.01654	0.85765	0.00366	0.00371	0.00184	0.00184
62	0.00513	0.00389	0.00475	0.00542	0.00606	0.00351	0.00379	0.00601	0.00859	0.01099	0.02922	0.56666	0.27728	0.01232	0.00526	0.00163	0.00239	0.03971	0.00390	0.00347
63	0.00872	0.00747	0.00872	0.00623	0.00996	0.00560	0.00498	0.01058	0.00872	0.01370	0.00747	0.00872	0.00623	0.00311	0.00311	0.00062	0.00311	0.00249	0.00249	0.87796
64	0.00797	0.00749	0.01257	0.83102	0.02871	0.00935	0.01161	0.01090	0.01923	0.01083	0.00760	0.01127	0.00570	0.00422	0.00420	0.00140	0.00557	0.00375	0.00190	0.00470
65	0.05494	0.04808	0.01279	0.01101	0.06552	0.21481	0.00840	0.26170	0.02761	0.02759	0.00774	0.00914	0.00623	0.00527	0.00641	0.00135	0.21952	0.00338	0.00280	0.00570
66	0.00516	0.00421	0.00455	0.00458	0.00582	0.00361	0.00339	0.00635	0.00986	0.01228	0.17957	0.10767	0.61733	0.01050	0.00500	0.00143	0.00213	0.00891	0.00403	0.00361
67	0.00618	0.00418	0.00482	0.00493	0.00507	0.00416	0.00293	0.02525	0.00683	0.00916	0.01503	0.18035	0.01737	0.66467	0.01776	0.00353	0.00376	0.00712	0.01405	0.00284
68	0.84251	0.00841	0.00634	0.00568	0.00823	0.03354	0.00464	0.01238	0.00727	0.01842	0.00590	0.00695	0.00462	0.00409	0.00286	0.01539	0.00339	0.00231	0.00258	0.00452
69	0.00933	0.00838	0.01392	0.41393	0.33526	0.00941	0.01148	0.02126	0.00897	0.04193	0.00815	0.01122	0.00647	0.00564	0.04913	0.00164	0.03245	0.00380	0.00212	0.00551
70	0.00637	0.00409	0.00461	0.00462	0.00475	0.00406	0.00268	0.00658	0.00649	0.01948	0.01374	0.06101	0.01539	0.73836	0.01903	0.00369	0.00383	0.00616	0.07229	0.00275
71	0.00750	0.00634	0.01015	0.01878	0.10285	0.00675	0.10898	0.02938	0.03146	0.01099	0.01098	0.01730	0.01048	0.21134	0.37765	0.00438	0.02326	0.00481	0.00238	0.00425
72	0.01886	0.00715	0.00976	0.00748	0.01073	0.00618	0.00618	0.02049	0.01203	0.82895	0.01658	0.01431	0.01041	0.00520	0.00423	0.00130	0.00358	0.00423	0.00520	0.00715
73	0.00694	0.00418	0.00542	0.00577	0.00639	0.00388	0.00393	0.00771	0.00839	0.10678	0.05510	0.55960	0.04257	0.15320	0.00790	0.00204	0.00282	0.00980	0.00386	0.00373
74	0.00748	0.00394	0.00405	0.00408	0.00488	0.00393	0.00290	0.00909	0.00836	0.01432	0.01389	0.04001	0.01196	0.14223	0.00599	0.00150	0.00231	0.00449	0.71090	0.00368
75	0.01719	0.00715	0.00955	0.00763	0.01062	0.00645	0.00634	0.05540	0.03164	0.68229	0.01693	0.01781	0.01184	0.00592	0.00440	0.00137	0.00365	0.09205	0.00499	0.00678
76	0.00605	0.00449	0.00668	0.00668	0.00744	0.00522	0.00519	0.00757	0.00681	0.00992	0.01133	0.01649	0.01052	0.03081	0.81322	0.00660	0.01101	0.00449	0.02573	0.00376
77	0.00619	0.00434	0.00516	0.00538	0.00636	0.00395	0.00388	0.00747	0.02988	0.05807	0.08500	0.33167	0.31940	0.07018	0.00624	0.00172	0.00256	0.04483	0.00394	0.00376
78	0.00820	0.00774	0.01308	0.75659	0.11250	0.00941	0.01180	0.01097	0.00853	0.01105	0.00752	0.01112	0.00571	0.00415	0.00420	0.00138	0.00554	0.00374	0.00189	0.00488
79	0.00673	0.00482	0.00672	0.00765	0.00862	0.00480	0.00667	0.00865	0.00972	0.01264	0.03680	0.04703	0.03665	0.01154	0.00578	0.00192	0.00381	0.77171	0.00388	0.00387
80	0.00529	0.00415	0.00480	0.00504	0.00607	0.00367	0.00372	0.00649	0.00962	0.01226	0.17601	0.23908	0.44035	0.01096	0.00511	0.00150	0.00228	0.05596	0.00403	0.00361
81	0.00603	0.00445	0.00655	0.00651	0.00726	0.00504	0.00502	0.00749	0.00735	0.01055	0.11165	0.01842	0.01410	0.03987	0.70145	0.02728	0.00983	0.00489	0.00254	0.00372
82	0.01359	0.00583	0.00763	0.00646	0.00870	0.00513	0.00509	0.01502	0.01066	0.49993	0.02021	0.18226	0.09584	0.00729	0.00439	0.00136	0.00304	0.00619	0.09566	0.00571
83	0.01812	0.00749	0.00986	0.00765	0.01084	0.00679	0.00629	0.05458	0.07181	0.73471	0.01634	0.01423	0.01045	0.00523	0.00423	0.00131	0.00360	0.00425	0.00509	0.00712
84	0.00741	0.00506	0.00596	0.00586	0.00680	0.00499	0.00417	0.09373	0.02603	0.04786	0.08355	0.29667	0.11783	0.20848	0.00881	0.00212	0.00309	0.03699	0.03066	0.00393
85	0.00627	0.00448	0.00639	0.00631	0.00709	0.00494	0.00480	0.00760	0.00738	0.02847	0.08397	0.01978	0.05418	0.09479	0.61761	0.02546	0.00906	0.00510	0.00262	0.00369
86	0.00708	0.00475	0.00598	0.00578	0.00697	0.00458	0.00443	0.00839	0.00939	0.09870	0.15619	0.11706	0.29750	0.04320	0.13209	0.00237	0.03465	0.05308	0.00378	0.00404

[dist]
# distance from previous block
# <min> <max>
3	8

[block]
# block no. 1 follows, 63 sequences, length 19
# corresponding to MSA columns:
# 498-516
name=unknown_B
#
# <colnr> <probs for GDERKNQSTAVLIFYWHMCP>
#	G	D	E	R	K	N	Q	S	T	A	V	L	I	F	Y	W	H	M	C	P
0	0.00932	0.13617	0.32138	0.02837	0.02350	0.08137	0.06749	0.03618	0.00937	0.01249	0.01185	0.05375	0.09051	0.00535	0.00460	0.00130	0.05740	0.00422	0.04007	0.00533
1	0.00981	0.01185	0.15817	0.23021	0.19202	0.05415	0.11372	0.03939	0.04468	0.02703	0.01907	0.01076	0.00680	0.00409	0.00418	0.00129	0.00551	0.00375	0.00226	0.06126
2	0.00948	0.00727	0.00850	0.00643	0.00953	0.00608	0.00508	0.09080	0.01007	0.06138	0.06466	0.02639	0.03583	0.05126	0.01826	0.00111	0.00336	0.00365	0.00303	0.57785
3	0.01083	0.60505	0.11512	0.00800	0.01159	0.04873	0.00806	0.02833	0.06096	0.01119	0.00781	0.04112	0.00706	0.00433	0.00318	0.00105	0.00466	0.01530	0.00213	0.00548
4	0.00615	0.00419	0.00518	0.00526	0.00621	0.00380	0.00382	0.00754	0.01004	0.04892	0.32893	0.28553	0.19888	0.01009	0.00494	0.00144	0.00222	0.00886	0.05414	0.00384
5	0.00563	0.00428	0.00527	0.00515	0.00616	0.00401	0.00382	0.00708	0.00991	0.01331	0.37838	0.05966	0.28160	0.06612	0.12855	0.00234	0.00355	0.00760	0.00389	0.00369
6	0.00604	0.00409	0.00460	0.00459	0.00471	0.00404	0.00264	0.00617	0.00654	0.00867	0.04446	0.02846	0.06684	0.76897	0.01977	0.00381	0.00388	0.00634	0.00271	0.00266
7	0.00762	0.00433	0.00463	0.00457	0.00565	0.00436	0.00348	0.01017	0.05898	0.01572	0.12939	0.01984	0.03440	0.00589	0.00348	0.00111	0.00213	0.03897	0.64119	0.00408
8	0.01124	0.85479	0.02203	0.00719	0.01079	0.01663	0.00719	0.01259	0.00854	0.00989	0.00584	0.00674	0.00539	0.00360	0.00270	0.00090	0.00450	0.00225	0.00180	0.00539
9	0.00663	0.00572	0.00978	0.00865	0.01001	0.00539	0.19818	0.02567	0.00885	0.01197	0.01964	0.56413	0.04996	0.01022	0.00512	0.00159	0.00357	0.00963	0.04121	0.00407
10	0.00538	0.00427	0.00484	0.00470	0.00593	0.00373	0.00352	0.00684	0.01057	0.01369	0.37412	0.03661	0.49135	0.00978	0.00496	0.00138	0.00207	0.00833	0.00421	0.00373
11	0.01459	0.01095	0.01187	0.00901	0.01245	0.01162	0.00742	0.65906	0.01766	0.02405	0.00959	0.00983	0.00697	0.00468	0.00400	0.00114	0.00434	0.00354	0.00388	0.17335
12	0.00699	0.00455	0.00564	0.00553	0.00678	0.00410	0.00422	0.00840	0.01015	0.10363	0.24821	0.16757	0.29455	0.01068	0.03328	0.00165	0.00275	0.07306	0.00419	0.00408
13	0.13199	0.00557	0.00629	0.00541	0.00732	0.00544	0.02474	0.01278	0.00937	0.20715	0.01297	0.01379	0.00957	0.00474	0.00325	0.00110	0.00269	0.00374	0.49970	0.03240
14	0.00571	0.00504	0.00494	0.00481	0.00617	0.04421	0.00361	0.00698	0.01021	0.01254	0.21570	0.03683	0.60876	0.00988	0.00491	0.00138	0.00236	0.00829	0.00398	0.00371
15	0.00863	0.00735	0.00857	0.00617	0.00977	0.00555	0.00490	0.01043	0.00863	0.01350	0.00767	0.00937	0.00654	0.03279	0.00375	0.00074	0.00315	0.00262	0.00249	0.84737
16	0.00548	0.00420	0.00470	0.00466	0.00560	0.00377	0.00327	0.00652	0.00932	0.01199	0.23170	0.07088	0.40981	0.19960	0.00868	0.00201	0.00254	0.00807	0.00378	0.00342
17	0.00517	0.00372	0.00482	0.00567	0.00598	0.00346	0.00378	0.00588	0.00805	0.01063	0.02396	0.74819	0.08206	0.05945	0.00623	0.00182	0.00251	0.01142	0.00383	0.00338
18	0.00944	0.00907	0.01461	0.26391	0.41799	0.02826	0.02302	0.01164	0.00875	0.01205	0.00798	0.01099	0.01885	0.00483	0.00582	0.03273	0.10869	0.00380	0.00201	0.00554

[dist]
# distance from previous block
# <min> <max>
2	4

[block]
# block no. 2 follows, 63 sequences, length 18
# corresponding to MSA columns:
# 522-539
name=unknown_C
#
# <colnr> <probs for GDERKNQSTAVLIFYWHMCP>
#	G	D	E	R	K	N	Q	S	T	A	V	L	I	F	Y	W	H	M	C	P
0	0.06635	0.00874	0.00902	0.08152	0.03057	0.13070	0.02920	0.06322	0.02500	0.01354	0.10439	0.01977	0.21210	0.02250	0.01856	0.00141	0.05753	0.00515	0.00306	0.09768
1	0.02601	0.00828	0.06186	0.03804	0.07243	0.02166	0.02549	0.04465	0.00905	0.04105	0.01051	0.01373	0.04165	0.13668	0.00635	0.00142	0.00387	0.00373	0.03751	0.39602
2	0.00954	0.00889	0.01310	0.19470	0.34591	0.05489	0.01017	0.02459	0.03074	0.02694	0.03059	0.01191	0.00795	0.00815	0.12064	0.00205	0.05160	0.00388	0.00228	0.04148
3	0.00569	0.00429	0.00525	0.00501	0.00612	0.00385	0.00376	0.00742	0.01128	0.01538	0.61389	0.03383	0.25052	0.00915	0.00496	0.00135	0.00202	0.00794	0.00443	0.00385
4	0.00529	0.00413	0.00480	0.00493	0.00595	0.00364	0.00359	0.00655	0.00991	0.01284	0.26959	0.22437	0.40812	0.01062	0.00506	0.00146	0.00216	0.00921	0.00412	0.00364
5	0.00609	0.00419	0.00515	0.00515	0.00535	0.00438	0.00325	0.00648	0.00628	0.00857	0.01273	0.02464	0.01404	0.63808	0.23387	0.00478	0.00595	0.00569	0.00247	0.00286
6	0.00601	0.00450	0.00676	0.00676	0.00751	0.00525	0.00525	0.00751	0.00676	0.00976	0.01126	0.01651	0.01051	0.03153	0.83560	0.00676	0.01126	0.00450	0.00225	0.00375
7	0.00784	0.00392	0.00392	0.00392	0.00490	0.00392	0.00294	0.00980	0.00882	0.01567	0.01371	0.01567	0.01077	0.00490	0.00294	0.00098	0.00196	0.00392	0.87560	0.00392
8	0.00920	0.00920	0.01288	0.01104	0.01104	0.01288	0.00920	0.01012	0.00644	0.01012	0.00552	0.00920	0.00552	0.00736	0.01380	0.00184	0.84457	0.00368	0.00184	0.00460
9	0.00780	0.00697	0.00950	0.00849	0.00861	0.00911	0.00665	0.00854	0.00640	0.00949	0.00867	0.01565	0.00914	0.25492	0.14796	0.00327	0.46835	0.00451	0.00211	0.00387
10	0.00872	0.00747	0.00872	0.00623	0.00996	0.00560	0.00498	0.01058	0.00872	0.01370	0.00747	0.00872	0.00623	0.00311	0.00311	0.00062	0.00311	0.00249	0.00249	0.87796
11	0.01124	0.85479	0.02203	0.00719	0.01079	0.01663	0.00719	0.01259	0.00854	0.00989	0.00584	0.00674	0.00539	0.00360	0.00270	0.00090	0.00450	0.00225	0.00180	0.00539
12	0.00892	0.00942	0.01923	0.01606	0.12156	0.00892	0.52019	0.01172	0.00950	0.01293	0.01182	0.17758	0.01128	0.00576	0.00497	0.00147	0.00579	0.03508	0.00253	0.00529
13	0.00518	0.00371	0.00493	0.00581	0.00611	0.00346	0.00391	0.00601	0.00834	0.01119	0.08324	0.78814	0.02869	0.01283	0.00534	0.00168	0.00240	0.01162	0.00396	0.00346
14	0.03451	0.00424	0.00553	0.00605	0.00674	0.00395	0.00421	0.00789	0.00852	0.11321	0.02180	0.71858	0.02490	0.01188	0.00514	0.00164	0.00261	0.01068	0.00402	0.00392
15	0.01481	0.01081	0.01168	0.00926	0.01238	0.01198	0.00755	0.56916	0.21490	0.07444	0.01222	0.01173	0.00874	0.00522	0.00422	0.00130	0.00424	0.00405	0.00429	0.00703
16	0.01209	0.00959	0.01400	0.02696	0.15225	0.00985	0.14788	0.18270	0.15603	0.11300	0.01209	0.01316	0.02587	0.00526	0.01760	0.00140	0.01979	0.01792	0.00338	0.05918
17	0.00891	0.02631	0.10917	0.07464	0.06320	0.00750	0.06181	0.01128	0.00869	0.03122	0.00794	0.00987	0.00646	0.00563	0.06344	0.00137	0.03818	0.00313	0.00231	0.45894

[dist]
# distance from previous block
# <min> <max>
0	1

[block]
# block no. 3 follows, 63 sequences, length 45
# corresponding to MSA columns:
# 541-585
name=unknown_D
#
# <colnr> <probs for GDERKNQSTAVLIFYWHMCP>
#	G	D	E	R	K	N	Q	S	T	A	V	L	I	F	Y	W	H	M	C	P
0	0.62386	0.04361	0.19637	0.00719	0.01068	0.00988	0.00727	0.03494	0.00796	0.01746	0.00636	0.00739	0.00483	0.00394	0.00297	0.00129	0.00402	0.00251	0.00243	0.00504
1	0.65528	0.00958	0.00773	0.00666	0.00935	0.06698	0.00542	0.14464	0.03224	0.01949	0.00691	0.00767	0.00527	0.00417	0.00299	0.00128	0.00378	0.00262	0.00288	0.00506
2	0.01864	0.00552	0.00753	0.02263	0.08828	0.00567	0.01599	0.00918	0.04613	0.04501	0.06971	0.14973	0.06803	0.15677	0.14845	0.01859	0.03232	0.00619	0.05447	0.03119
3	0.00639	0.00437	0.00553	0.00600	0.00655	0.00424	0.00414	0.06413	0.00877	0.02570	0.02112	0.61933	0.05322	0.06644	0.00691	0.05365	0.00280	0.02189	0.01522	0.00362
4	0.01033	0.00991	0.01693	0.05109	0.80135	0.00997	0.01286	0.01283	0.00954	0.01364	0.00789	0.01043	0.00663	0.00376	0.00416	0.00125	0.00501	0.00375	0.00207	0.00660
5	0.01181	0.01007	0.01559	0.14766	0.18060	0.02498	0.17881	0.21096	0.03831	0.07351	0.00960	0.01171	0.00730	0.00495	0.01801	0.00143	0.02889	0.01680	0.00290	0.00611
6	0.00529	0.00384	0.00488	0.00553	0.00600	0.00358	0.00376	0.00615	0.00835	0.01110	0.07644	0.59377	0.13570	0.06338	0.03688	0.00196	0.00278	0.01051	0.01667	0.00344
7	0.00601	0.00450	0.00676	0.00676	0.00751	0.00525	0.00525	0.00751	0.00676	0.00976	0.01126	0.01651	0.01051	0.03153	0.83560	0.00676	0.01126	0.00450	0.00225	0.00375
8	0.00794	0.00747	0.01261	0.84216	0.02895	0.00934	0.01167	0.01074	0.00841	0.01074	0.00747	0.01121	0.00560	0.00420	0.00420	0.00140	0.00560	0.00374	0.00187	0.00467
9	0.01085	0.00632	0.00916	0.00966	0.12210	0.00604	0.02642	0.01282	0.04181	0.26630	0.06060	0.11880	0.05576	0.04267	0.08158	0.01971	0.00432	0.09602	0.00382	0.00527
10	0.00860	0.00735	0.00859	0.00621	0.00984	0.00553	0.00495	0.01043	0.00870	0.01360	0.00799	0.03635	0.00694	0.00344	0.00319	0.00066	0.00309	0.00280	0.00254	0.84922
11	0.00506	0.00390	0.00463	0.00521	0.00593	0.00347	0.00361	0.00593	0.00867	0.01099	0.03106	0.52059	0.35163	0.01214	0.00520	0.00159	0.00231	0.01070	0.00390	0.00347
12	0.01457	0.23137	0.01447	0.00991	0.01244	0.62811	0.00789	0.01572	0.01106	0.01019	0.00633	0.00737	0.00541	0.00415	0.00351	0.00104	0.00680	0.00259	0.00207	0.00501
13	0.00708	0.00428	0.00633	0.00668	0.04186	0.00448	0.00448	0.00669	0.00627	0.02075	0.00983	0.01553	0.02538	0.08455	0.26065	0.48007	0.00598	0.00422	0.00211	0.00278
14	0.00524	0.00378	0.00487	0.00565	0.00602	0.00352	0.00381	0.00602	0.00822	0.01087	0.05308	0.68181	0.09445	0.06763	0.00637	0.00183	0.00253	0.02704	0.00384	0.00340
15	0.00843	0.02174	0.83048	0.01198	0.01819	0.00976	0.01553	0.01331	0.00888	0.01331	0.00754	0.00888	0.00533	0.00399	0.00399	0.00133	0.00621	0.00311	0.00178	0.00621
16	0.02990	0.01888	0.68130	0.03745	0.01715	0.00913	0.02837	0.01252	0.00881	0.01317	0.00916	0.06883	0.00761	0.00491	0.00415	0.00138	0.00579	0.03365	0.00203	0.00583
17	0.00766	0.00654	0.00973	0.02446	0.27253	0.00648	0.02281	0.00971	0.04821	0.02373	0.09174	0.13309	0.18568	0.06552	0.04267	0.02061	0.01442	0.00654	0.00312	0.00475
18	0.07201	0.00901	0.00945	0.00834	0.01084	0.01028	0.00655	0.06364	0.67451	0.06319	0.01592	0.01469	0.01182	0.00551	0.00415	0.00140	0.00340	0.00450	0.00421	0.00656
19	0.00971	0.00836	0.00880	0.00798	0.01021	0.00950	0.00619	0.02010	0.70553	0.01682	0.03599	0.01897	0.11077	0.00635	0.00437	0.00142	0.00316	0.00530	0.00424	0.00623
20	0.49863	0.00846	0.03341	0.00686	0.02695	0.02516	0.00562	0.07156	0.00944	0.16214	0.03259	0.01078	0.00774	0.00460	0.00327	0.00129	0.00352	0.02150	0.06122	0.00523
21	0.00895	0.00768	0.01320	0.06673	0.14240	0.00766	0.20125	0.05478	0.01007	0.03832	0.02750	0.08957	0.01415	0.00742	0.01851	0.00161	0.00484	0.22907	0.05124	0.00504
22	0.01858	0.00760	0.01003	0.00769	0.01096	0.00685	0.00635	0.09741	0.01278	0.75096	0.01595	0.01390	0.01009	0.00519	0.00423	0.00130	0.00368	0.00418	0.00511	0.00715
23	0.01094	0.67748	0.02031	0.00809	0.01106	0.01581	0.02139	0.02614	0.00839	0.01028	0.00591	0.00731	0.00546	0.00428	0.00471	0.00108	0.15164	0.00257	0.00185	0.00529
24	0.05682	0.00835	0.01310	0.03157	0.51020	0.00835	0.02172	0.03114	0.00988	0.01423	0.10836	0.01733	0.10330	0.02384	0.00469	0.00136	0.00421	0.02318	0.00272	0.00569
25	0.00555	0.00449	0.00495	0.00483	0.00614	0.00402	0.00362	0.00742	0.05069	0.01333	0.27967	0.05971	0.52089	0.00984	0.00494	0.00140	0.00215	0.00837	0.00414	0.00383
26	0.00553	0.00388	0.00497	0.00552	0.00576	0.00379	0.00360	0.00615	0.00749	0.01009	0.04915	0.49756	0.02297	0.27101	0.08006	0.00284	0.00366	0.00938	0.00338	0.00320
27	0.00637	0.00439	0.00576	0.00536	0.00643	0.00404	0.00404	0.00835	0.01190	0.04355	0.79729	0.03084	0.03870	0.00848	0.00493	0.00132	0.00204	0.00749	0.00465	0.00407
28	0.01570	0.02004	0.01191	0.01083	0.01300	0.83539	0.00812	0.01679	0.01191	0.01029	0.00650	0.00758	0.00541	0.00433	0.00379	0.00108	0.00758	0.00271	0.00217	0.00487
29	0.01598	0.01177	0.01262	0.00967	0.01304	0.01304	0.00799	0.81202	0.01976	0.02649	0.01009	0.01009	0.00715	0.00505	0.00421	0.00126	0.00463	0.00378	0.00421	0.00715
30	0.00949	0.01160	0.15375	0.01641	0.36574	0.08388	0.03760	0.02438	0.03227	0.01320	0.02319	0.11620	0.06369	0.00562	0.00432	0.00132	0.00485	0.00502	0.02179	0.00569
31	0.00606	0.00431	0.00575	0.00575	0.00615	0.00471	0.00400	0.00686	0.00646	0.00901	0.01218	0.02162	0.01272	0.41245	0.45771	0.00551	0.00793	0.00525	0.00239	0.00319
32	0.01046	0.00903	0.00951	0.00855	0.01093	0.01046	0.00665	0.02234	0.81845	0.01759	0.01711	0.01568	0.01283	0.00570	0.00428	0.00143	0.00333	0.00475	0.00428	0.00665
33	0.03920	0.00818	0.01227	0.12304	0.14168	0.00832	0.09233	0.13459	0.01126	0.20972	0.01278	0.14184	0.01079	0.00583	0.00438	0.00137	0.00437	0.00523	0.02700	0.00584
34	0.06217	0.05481	0.07436	0.23286	0.08222	0.05438	0.03598	0.25140	0.03587	0.04371	0.00903	0.02875	0.00693	0.00461	0.00405	0.00130	0.00506	0.00376	0.00286	0.00587
35	0.00584	0.00429	0.00547	0.00517	0.00621	0.00392	0.00388	0.00772	0.01164	0.01623	0.73535	0.03243	0.12853	0.00883	0.00496	0.00133	0.00200	0.00775	0.00455	0.00392
36	0.00612	0.00415	0.00497	0.00496	0.00514	0.00426	0.00306	0.00648	0.00652	0.00892	0.04826	0.02570	0.01550	0.66802	0.15261	0.00434	0.00512	0.00588	0.01720	0.00283
37	0.02447	0.00970	0.04061	0.18160	0.35882	0.00975	0.18129	0.02425	0.00934	0.01322	0.00887	0.01151	0.02513	0.00419	0.00470	0.00134	0.04241	0.00408	0.03899	0.00574
38	0.01106	0.25831	0.19965	0.06939	0.11548	0.06863	0.02287	0.08452	0.03352	0.04947	0.03099	0.02260	0.00746	0.00434	0.00374	0.00119	0.00511	0.00340	0.00241	0.00585
39	0.01127	0.00885	0.00953	0.00845	0.01091	0.01004	0.00661	0.02216	0.74022	0.09629	0.01706	0.01555	0.01260	0.00565	0.00427	0.00141	0.00335	0.00470	0.00437	0.00670
40	0.00611	0.00408	0.00458	0.00458	0.00458	0.00408	0.00255	0.00611	0.00611	0.00815	0.01325	0.02751	0.01528	0.85226	0.02140	0.00408	0.00408	0.00611	0.00255	0.00255
41	0.01012	0.00922	0.01466	0.15118	0.38166	0.00941	0.06830	0.05103	0.05086	0.03195	0.00849	0.01063	0.00678	0.00402	0.00440	0.00122	0.03396	0.00369	0.00239	0.14602
42	0.06051	0.04374	0.01349	0.39635	0.05894	0.03320	0.06993	0.16933	0.07430	0.01512	0.00863	0.01075	0.00651	0.00442	0.00424	0.00134	0.01736	0.00374	0.00259	0.00551
43	0.00564	0.00459	0.00502	0.00540	0.00628	0.02763	0.00382	0.02472	0.00919	0.01153	0.05572	0.44100	0.36121	0.01153	0.00511	0.00155	0.00249	0.01007	0.00388	0.00362
44	0.01110	0.04145	0.03176	0.09055	0.28900	0.09593	0.08972	0.04444	0.07155	0.06289	0.00977	0.01219	0.02087	0.00479	0.00511	0.00134	0.08240	0.02670	0.00256	0.00587

[dist]
# distance from previous block
# <min> <max>
2	3

[block]
# block no. 4 follows, 63 sequences, length 18
# corresponding to MSA columns:
# 590-607
name=unknown_E
#
# <colnr> <probs for GDERKNQSTAVLIFYWHMCP>
#	G	D	E	R	K	N	Q	S	T	A	V	L	I	F	Y	W	H	M	C	P
0	0.00781	0.00656	0.00761	0.00606	0.00884	0.00536	0.00470	0.01021	0.06810	0.01367	0.08149	0.10251	0.10450	0.00566	0.00380	0.00094	0.00285	0.00479	0.00311	0.55143
1	0.01040	0.36052	0.24439	0.01113	0.08475	0.01279	0.06431	0.02594	0.08389	0.02925	0.00799	0.00907	0.00637	0.00407	0.00385	0.00117	0.02888	0.00314	0.00218	0.00591
2	0.00541	0.00428	0.00488	0.00473	0.00595	0.00374	0.00354	0.00690	0.01063	0.01385	0.39739	0.03634	0.46797	0.00971	0.00496	0.00138	0.00206	0.00830	0.00423	0.00374
3	0.00552	0.00378	0.00489	0.00557	0.00600	0.00355	0.00381	0.00657	0.00870	0.01214	0.14030	0.64297	0.02780	0.01164	0.00506	0.00158	0.00232	0.01048	0.09378	0.00355
4	0.00614	0.00461	0.00683	0.00678	0.00752	0.00541	0.00529	0.00764	0.00681	0.00994	0.01118	0.01630	0.01039	0.03011	0.78951	0.00646	0.03252	0.00447	0.02832	0.00378
5	0.00872	0.00747	0.00872	0.00623	0.00996	0.00560	0.00498	0.01058	0.00872	0.01370	0.00747	0.00872	0.00623	0.00311	0.00311	0.00062	0.00311	0.00249	0.00249	0.87796
6	0.01437	0.01097	0.01171	0.00935	0.01242	0.01228	0.00760	0.58128	0.25313	0.02389	0.01214	0.01173	0.00881	0.00524	0.00423	0.00131	0.00425	0.00407	0.00423	0.00700
7	0.00516	0.00419	0.00456	0.00470	0.00588	0.00362	0.00348	0.00626	0.00949	0.01170	0.10102	0.15460	0.60429	0.02570	0.00534	0.00152	0.00226	0.03872	0.00394	0.00356
8	0.01514	0.01515	0.01127	0.00978	0.01206	0.49737	0.00758	0.08010	0.01193	0.15888	0.02503	0.00990	0.00733	0.00570	0.03171	0.00137	0.06476	0.00329	0.00291	0.02875
9	0.01099	0.00980	0.01051	0.00909	0.01148	0.06251	0.04323	0.10953	0.55585	0.01732	0.03067	0.01513	0.03336	0.00642	0.02844	0.00155	0.02929	0.00465	0.00390	0.00627
10	0.01196	0.19970	0.14176	0.03717	0.08462	0.06365	0.05401	0.19293	0.01179	0.06990	0.03899	0.03944	0.00834	0.00477	0.00413	0.00123	0.02306	0.00378	0.00281	0.00597
11	0.03606	0.00562	0.00621	0.00591	0.00670	0.04459	0.00407	0.04430	0.00769	0.04357	0.01295	0.09726	0.01369	0.42477	0.19390	0.00385	0.00560	0.00570	0.00277	0.03479
12	0.00636	0.00485	0.00695	0.00630	0.00688	0.00475	0.09227	0.00695	0.00692	0.00925	0.01481	0.13780	0.03840	0.58312	0.05383	0.00351	0.00446	0.00679	0.00271	0.00309
13	0.01120	0.47894	0.08226	0.04547	0.10589	0.07443	0.03896	0.05502	0.03502	0.01190	0.00710	0.00838	0.00600	0.00436	0.01816	0.00117	0.00515	0.00288	0.00208	0.00565
14	0.01162	0.05478	0.10461	0.07266	0.21005	0.07907	0.09041	0.11026	0.06809	0.08640	0.01052	0.01199	0.02671	0.00455	0.00415	0.00128	0.00512	0.01446	0.02719	0.00607
15	0.00879	0.03453	0.00806	0.00708	0.00875	0.03760	0.00551	0.03092	0.28949	0.05074	0.19146	0.09221	0.09747	0.03880	0.00543	0.00153	0.02000	0.06256	0.00403	0.00505
16	0.00913	0.00942	0.08616	0.12166	0.13505	0.03166	0.06467	0.07261	0.08704	0.02427	0.07819	0.03441	0.10314	0.01988	0.02315	0.00154	0.05623	0.01559	0.02089	0.00530
17	0.04226	0.00975	0.04179	0.01037	0.11396	0.08970	0.06095	0.13996	0.03126	0.01541	0.06350	0.03200	0.14411	0.00570	0.00416	0.00119	0.00420	0.01969	0.00309	0.16694

[dist]
# distance from previous block
# <min> <max>
6	18

[block]
# block no. 5 follows, 63 sequences, length 31
# corresponding to MSA columns:
# 626-656
name=unknown_F
#
# <colnr> <probs for GDERKNQSTAVLIFYWHMCP>
#	G	D	E	R	K	N	Q	S	T	A	V	L	I	F	Y	W	H	M	C	P
0	0.08873	0.00799	0.02607	0.06624	0.07396	0.00740	0.03774	0.08249	0.04107	0.07429	0.03479	0.08862	0.01022	0.02802	0.00434	0.00120	0.00378	0.01798	0.00303	0.30204
1	0.02379	0.25226	0.07251	0.06654	0.06212	0.04822	0.02992	0.08119	0.07033	0.03932	0.02204	0.03153	0.00798	0.00444	0.00362	0.00110	0.00447	0.01885	0.00261	0.15716
2	0.03560	0.55088	0.03247	0.00882	0.03913	0.22881	0.00768	0.01389	0.00951	0.03093	0.00638	0.00731	0.00554	0.00385	0.00309	0.00099	0.00529	0.00248	0.00201	0.00534
3	0.01304	0.07016	0.03352	0.02667	0.12848	0.05737	0.00741	0.17729	0.02559	0.21219	0.01318	0.04225	0.04479	0.02439	0.00438	0.00129	0.00413	0.00428	0.10361	0.00597
4	0.00646	0.00489	0.00529	0.00545	0.02673	0.02321	0.00354	0.00778	0.05023	0.01090	0.06143	0.05364	0.23773	0.37791	0.03071	0.00266	0.00343	0.00669	0.07787	0.00344
5	0.00551	0.00421	0.00500	0.00496	0.00597	0.00379	0.00362	0.00688	0.01014	0.01344	0.37706	0.12293	0.32731	0.06155	0.02734	0.00171	0.00245	0.00838	0.00409	0.00366
6	0.00571	0.00399	0.00480	0.00511	0.00535	0.00391	0.00321	0.00612	0.00703	0.00932	0.01844	0.28633	0.07992	0.46733	0.07212	0.00332	0.00392	0.00805	0.00306	0.00298
7	0.00512	0.00368	0.00486	0.00581	0.00608	0.00342	0.00388	0.00586	0.00809	0.01075	0.02374	0.82582	0.05113	0.01310	0.00535	0.00170	0.00243	0.01186	0.00390	0.00342
8	0.01540	0.11442	0.01376	0.00937	0.01276	0.01347	0.00789	0.71468	0.01840	0.02447	0.00958	0.00968	0.00694	0.00487	0.00402	0.00122	0.00461	0.00360	0.00391	0.00694
9	0.00507	0.00424	0.00437	0.00438	0.00570	0.00359	0.00325	0.00616	0.00961	0.01163	0.09346	0.06169	0.73007	0.03146	0.00539	0.00149	0.00218	0.00880	0.00392	0.00355
10	0.01570	0.02004	0.01191	0.01083	0.01300	0.83539	0.00812	0.01679	0.01191	0.01029	0.00650	0.00758	0.00541	0.00433	0.00379	0.00108	0.00758	0.00271	0.00217	0.00487
11	0.00794	0.00747	0.01261	0.84216	0.02895	0.00934	0.01167	0.01074	0.00841	0.01074	0.00747	0.01121	0.00560	0.00420	0.00420	0.00140	0.00560	0.00374	0.00187	0.00467
12	0.00603	0.00440	0.00624	0.00624	0.00682	0.00498	0.00461	0.00718	0.00660	0.00938	0.01173	0.01912	0.01164	0.22579	0.64289	0.00612	0.00956	0.00488	0.00232	0.00347
13	0.00858	0.01930	0.67115	0.01180	0.01680	0.01037	0.01430	0.01269	0.00840	0.01269	0.00715	0.00894	0.00536	0.00465	0.00590	0.00143	0.16959	0.00322	0.00179	0.00590
14	0.00844	0.00752	0.01188	0.63761	0.04332	0.00854	0.01025	0.01102	0.00859	0.03358	0.00773	0.01079	0.00588	0.00401	0.00399	0.00124	0.00505	0.00351	0.00208	0.17497
15	0.01205	0.00944	0.01564	0.02223	0.66716	0.00925	0.01159	0.01438	0.01005	0.17260	0.00960	0.01117	0.00739	0.00403	0.00417	0.00126	0.00472	0.00384	0.00269	0.00676
16	0.01040	0.00999	0.01706	0.02580	0.82604	0.00999	0.01290	0.01290	0.00957	0.01373	0.00791	0.01040	0.00666	0.00375	0.00416	0.00125	0.00499	0.00375	0.00208	0.00666
17	0.01320	0.03601	0.06227	0.04169	0.14420	0.50876	0.00929	0.02629	0.01099	0.01156	0.03648	0.01028	0.00739	0.00468	0.00434	0.00120	0.03863	0.02529	0.00226	0.00521
18	0.00562	0.00442	0.00579	0.00627	0.00665	0.00460	0.00446	0.00644	0.00813	0.01088	0.04257	0.62737	0.12409	0.01204	0.00633	0.00168	0.10493	0.01046	0.00367	0.00359
19	0.11374	0.11203	0.23479	0.01010	0.05336	0.01756	0.06415	0.08535	0.03145	0.10017	0.00946	0.02747	0.00752	0.03042	0.00434	0.00132	0.00476	0.02148	0.00273	0.06781
20	0.00557	0.00416	0.00539	0.03579	0.00713	0.00408	0.00427	0.00704	0.05716	0.01109	0.02283	0.70191	0.06377	0.04130	0.00579	0.00175	0.00265	0.01087	0.00381	0.00363
21	0.01832	0.00757	0.00993	0.00763	0.01085	0.00685	0.00630	0.10380	0.01278	0.72660	0.01584	0.01389	0.01007	0.00518	0.00420	0.00129	0.00365	0.00417	0.02400	0.00708
22	0.00512	0.00410	0.00459	0.00490	0.00594	0.00357	0.00357	0.00616	0.00924	0.01147	0.07218	0.27858	0.52493	0.01133	0.00511	0.00152	0.00228	0.03792	0.00394	0.00354
23	0.00981	0.07694	0.22555	0.06298	0.15333	0.09145	0.03992	0.03050	0.02517	0.03137	0.00951	0.10137	0.00857	0.00626	0.03280	0.00153	0.08075	0.00435	0.00232	0.00550
24	0.04344	0.00804	0.01008	0.00782	0.01100	0.00764	0.00644	0.16028	0.04784	0.61491	0.02812	0.01367	0.01023	0.00521	0.00419	0.00130	0.00372	0.00417	0.00490	0.00700
25	0.00564	0.00396	0.00514	0.00589	0.00620	0.00381	0.00409	0.00641	0.00788	0.01046	0.02073	0.52166	0.02430	0.20613	0.00913	0.00229	0.00306	0.14635	0.00358	0.00329
26	0.03280	0.06342	0.10483	0.11896	0.09021	0.08011	0.00881	0.07251	0.03264	0.22267	0.01077	0.03153	0.00813	0.01933	0.02935	0.00150	0.03552	0.00387	0.02722	0.00585
27	0.00950	0.06887	0.17869	0.05018	0.10470	0.04143	0.15112	0.03670	0.00946	0.05327	0.01221	0.11054	0.05876	0.00637	0.02330	0.00151	0.06068	0.01477	0.00256	0.00539
28	0.00533	0.00376	0.00499	0.00590	0.00623	0.00354	0.00406	0.00621	0.00827	0.01115	0.04213	0.75251	0.02734	0.01271	0.00531	0.00169	0.00251	0.06230	0.03060	0.00347
29	0.06455	0.01071	0.07281	0.12779	0.48122	0.03515	0.06049	0.05123	0.00981	0.01407	0.00863	0.01086	0.02599	0.00407	0.00412	0.00129	0.00517	0.00378	0.00222	0.00607
30	0.03648	0.12351	0.06708	0.08461	0.20524	0.14304	0.03109	0.12959	0.04433	0.01425	0.00781	0.00944	0.00628	0.00444	0.00469	0.00126	0.07523	0.00337	0.00242	0.00582

[dist]
# distance from previous block
# <min> <max>
0	9

[block]
# block no. 6 follows, 63 sequences, length 33
# corresponding to MSA columns:
# 666-698
name=unknown_G
#
# <colnr> <probs for GDERKNQSTAVLIFYWHMCP>
#	G	D	E	R	K	N	Q	S	T	A	V	L	I	F	Y	W	H	M	C	P
0	0.01185	0.18080	0.07397	0.03762	0.29645	0.15120	0.01005	0.08770	0.03062	0.03135	0.00790	0.00963	0.00651	0.02192	0.00439	0.00124	0.02521	0.00331	0.00234	0.00594
1	0.02918	0.00882	0.01452	0.40832	0.33556	0.02382	0.04700	0.01183	0.01715	0.01225	0.00803	0.02925	0.00658	0.00428	0.00444	0.00135	0.02615	0.00393	0.00205	0.00548
2	0.00676	0.00490	0.00574	0.00540	0.00670	0.00468	0.00405	0.00956	0.10159	0.03217	0.40761	0.06302	0.18412	0.03208	0.00511	0.00139	0.00230	0.00710	0.08701	0.02868
3	0.00758	0.00671	0.00965	0.13054	0.09512	0.02039	0.00744	0.00910	0.00760	0.01069	0.02630	0.02782	0.06433	0.08157	0.25941	0.00331	0.19594	0.00467	0.02754	0.00429
4	0.00529	0.00371	0.00486	0.00571	0.00600	0.00348	0.00382	0.00609	0.00815	0.01105	0.05237	0.75626	0.02713	0.04438	0.00586	0.00175	0.00247	0.01126	0.03694	0.00342
5	0.00523	0.00425	0.00463	0.00457	0.00585	0.00365	0.00342	0.00652	0.01014	0.01277	0.24568	0.06143	0.59682	0.01018	0.00498	0.00140	0.00210	0.00863	0.00409	0.00365
6	0.00574	0.00437	0.00538	0.00578	0.00683	0.00402	0.00459	0.00718	0.00976	0.01252	0.15394	0.15153	0.33123	0.01099	0.00530	0.00161	0.00272	0.26879	0.00400	0.00370
7	0.01826	0.00713	0.00963	0.00745	0.01061	0.00624	0.00613	0.02018	0.03463	0.78304	0.03963	0.01483	0.01131	0.00531	0.00425	0.00130	0.00352	0.00434	0.00516	0.00705
8	0.88196	0.00813	0.00618	0.00553	0.00813	0.00943	0.00455	0.01236	0.00715	0.01886	0.00585	0.00683	0.00455	0.00390	0.00260	0.00130	0.00325	0.00228	0.00260	0.00455
9	0.88196	0.00813	0.00618	0.00553	0.00813	0.00943	0.00455	0.01236	0.00715	0.01886	0.00585	0.00683	0.00455	0.00390	0.00260	0.00130	0.00325	0.00228	0.00260	0.00455
10	0.00612	0.00457	0.00655	0.00649	0.00708	0.00527	0.00488	0.00733	0.00663	0.00948	0.01145	0.01830	0.01123	0.18078	0.66183	0.00612	0.03527	0.00477	0.00229	0.00356
11	0.01124	0.85479	0.02203	0.00719	0.01079	0.01663	0.00719	0.01259	0.00854	0.00989	0.00584	0.00674	0.00539	0.00360	0.00270	0.00090	0.00450	0.00225	0.00180	0.00539
12	0.00993	0.04731	0.04523	0.04299	0.20555	0.04509	0.00806	0.04484	0.09454	0.01423	0.02167	0.01023	0.00746	0.00385	0.00365	0.00098	0.00411	0.00323	0.00259	0.38445
13	0.00835	0.00843	0.01337	0.50032	0.03984	0.05718	0.13666	0.01085	0.00897	0.01127	0.01241	0.03041	0.11281	0.00518	0.00466	0.00140	0.02626	0.00469	0.00223	0.00471
14	0.00972	0.00907	0.00794	0.00712	0.00870	0.20417	0.00541	0.12250	0.01254	0.01600	0.41208	0.03813	0.05448	0.03273	0.00500	0.00134	0.00377	0.00584	0.03893	0.00456
15	0.03592	0.01088	0.14971	0.09582	0.07436	0.09045	0.02468	0.06714	0.07773	0.03070	0.03582	0.16226	0.06444	0.00675	0.00473	0.00142	0.03234	0.02671	0.00298	0.00517
