[name]
unknown

[dist]
# distance from previous block
# <min> <max>
0	18

[block]
# block no. 0 follows, 45 sequences, length 11
# corresponding to MSA columns:
# 507-517
name=unknown_A
#
# <colnr> <probs for GDERKNQSTAVLIFYWHMCP>
#	G	D	E	R	K	N	Q	S	T	A	V	L	I	F	Y	W	H	M	C	P
0	0.00865	0.00618	0.00865	0.00989	0.01112	0.00618	0.00865	0.01112	0.01236	0.01606	0.02842	0.06055	0.03089	0.01483	0.00741	0.00247	0.00494	0.74174	0.00494	0.00494
1	0.01359	0.05401	0.01978	0.09061	0.52152	0.11222	0.01459	0.01645	0.01243	0.01630	0.01110	0.01632	0.00984	0.00569	0.00533	0.00163	0.00672	0.06142	0.00281	0.00764
2	0.01026	0.00549	0.00571	0.00554	0.00687	0.00561	0.00417	0.04494	0.01161	0.01988	0.01713	0.02030	0.01375	0.03716	0.04500	0.00179	0.00336	0.00514	0.73121	0.00511
3	0.01128	0.00931	0.01039	0.00923	0.01123	0.03715	0.00720	0.13185	0.15118	0.02128	0.29809	0.06807	0.10475	0.01040	0.02255	0.00192	0.07467	0.00798	0.00512	0.00634
4	0.00692	0.00531	0.00637	0.00669	0.00791	0.00476	0.00495	0.00857	0.01251	0.01628	0.23626	0.24847	0.32768	0.01385	0.00656	0.00193	0.00296	0.07213	0.00523	0.00466
5	0.01217	0.08660	0.09196	0.00925	0.01404	0.00981	0.00832	0.05842	0.05270	0.03433	0.01117	0.03989	0.00935	0.00498	0.00433	0.00109	0.00465	0.00396	0.00339	0.53958
6	0.66267	0.01076	0.00974	0.00954	0.07018	0.01213	0.00702	0.07747	0.01100	0.05325	0.00891	0.01008	0.00679	0.00518	0.00374	0.00164	0.00444	0.00336	0.02571	0.00640
7	0.18665	0.01031	0.01282	0.03503	0.01445	0.02951	0.09179	0.08027	0.03917	0.18392	0.06902	0.02080	0.09829	0.00704	0.00516	0.00164	0.00492	0.02466	0.00456	0.08001
8	0.02008	0.02488	0.01527	0.01373	0.01660	0.73821	0.01036	0.07072	0.01588	0.01452	0.00860	0.00989	0.00706	0.00559	0.00488	0.00140	0.00943	0.00355	0.00294	0.00642
9	0.01042	0.00639	0.00815	0.00768	0.00932	0.00605	0.00585	0.01327	0.06296	0.13427	0.36466	0.11817	0.07232	0.07714	0.00802	0.00211	0.00347	0.07856	0.00554	0.00565
10	0.01268	0.01350	0.07987	0.13058	0.62379	0.01262	0.01653	0.01616	0.01196	0.01700	0.00999	0.01327	0.00820	0.00488	0.00530	0.00163	0.00660	0.00472	0.00259	0.00813

[dist]
# distance from previous block
# <min> <max>
0	31

[block]
# block no. 1 follows, 45 sequences, length 51
# corresponding to MSA columns:
# 549-568,570-600
name=unknown_B
#
# <colnr> <probs for GDERKNQSTAVLIFYWHMCP>
#	G	D	E	R	K	N	Q	S	T	A	V	L	I	F	Y	W	H	M	C	P
0	0.14978	0.01037	0.01188	0.00949	0.01337	0.05066	0.00775	0.02448	0.06743	0.57081	0.01843	0.01647	0.01202	0.00637	0.00505	0.00166	0.00475	0.00496	0.00584	0.00842
1	0.01149	0.01092	0.01854	0.47000	0.35486	0.01228	0.01558	0.01490	0.01137	0.01535	0.00978	0.01387	0.00773	0.00512	0.00534	0.00171	0.00682	0.00478	0.00250	0.00705
2	0.02089	0.01026	0.01267	0.01015	0.01401	0.01008	0.00824	0.08685	0.21889	0.51597	0.02068	0.01830	0.01378	0.00680	0.00541	0.00170	0.00459	0.00553	0.00622	0.00896
3	0.00715	0.00545	0.00631	0.00632	0.00777	0.00481	0.00471	0.00885	0.01289	0.02824	0.27184	0.12780	0.41305	0.03186	0.00692	0.00192	0.00288	0.04125	0.00525	0.00474
4	0.01276	0.01387	0.02070	0.01648	0.01854	0.10265	0.24760	0.01502	0.01049	0.01431	0.00916	0.03533	0.00830	0.00815	0.02523	0.00217	0.42496	0.00540	0.00260	0.00628
5	0.01794	0.01029	0.01217	0.01007	0.01333	0.01054	0.00816	0.22960	0.11662	0.28885	0.03000	0.02326	0.01547	0.06870	0.00723	0.00201	0.00489	0.08606	0.03689	0.00793
6	0.00673	0.00475	0.00617	0.00724	0.00750	0.00448	0.00473	0.00752	0.00992	0.01322	0.02773	0.69474	0.03316	0.13312	0.00985	0.00262	0.00342	0.01417	0.00473	0.00420
7	0.03890	0.01121	0.01332	0.01037	0.01432	0.01125	0.00851	0.31809	0.01885	0.41134	0.01771	0.04209	0.01222	0.00685	0.00533	0.00164	0.00496	0.00543	0.03886	0.00874
8	0.01227	0.01172	0.01995	0.28015	0.53861	0.01249	0.01597	0.01558	0.01174	0.01630	0.00992	0.01362	0.00807	0.00497	0.00533	0.00166	0.00663	0.00478	0.00257	0.00768
9	0.00678	0.00538	0.00565	0.00562	0.00696	0.00473	0.00394	0.00788	0.01135	0.01396	0.09115	0.04692	0.54628	0.20679	0.01143	0.00263	0.00331	0.01037	0.00462	0.00426
10	0.80502	0.01063	0.00833	0.00734	0.01072	0.01229	0.00605	0.05551	0.01000	0.02460	0.00776	0.00894	0.00599	0.00506	0.00343	0.00166	0.00425	0.00301	0.00343	0.00599
11	0.05995	0.44309	0.12611	0.01230	0.06869	0.09246	0.01112	0.07277	0.04041	0.01618	0.00896	0.01016	0.00745	0.00502	0.00415	0.00136	0.00633	0.00348	0.00276	0.00725
12	0.01127	0.13796	0.67774	0.01444	0.02191	0.01370	0.01834	0.01687	0.01127	0.01639	0.00933	0.01095	0.00681	0.00503	0.00487	0.00162	0.00763	0.00381	0.00227	0.00779
13	0.00715	0.00511	0.00693	0.00818	0.00876	0.00489	0.00605	0.00854	0.01088	0.01439	0.02925	0.59042	0.03416	0.01624	0.00702	0.00226	0.00365	0.22663	0.00497	0.00453
14	0.00803	0.00594	0.00876	0.00841	0.00937	0.00658	0.03515	0.00971	0.00878	0.01269	0.01493	0.02353	0.01443	0.18857	0.56265	0.00725	0.01166	0.00613	0.05283	0.00460
15	0.00685	0.00522	0.00623	0.00647	0.00760	0.00467	0.00462	0.00839	0.01240	0.01628	0.26864	0.27323	0.30199	0.04358	0.00728	0.00201	0.00287	0.01187	0.00521	0.00460
16	0.01144	0.05255	0.58986	0.01515	0.03790	0.06614	0.05408	0.01671	0.01180	0.01666	0.03571	0.03025	0.00954	0.00575	0.00522	0.00169	0.00765	0.02183	0.00257	0.00752
17	0.06029	0.00983	0.01157	0.00888	0.01298	0.00874	0.00723	0.12112	0.01436	0.22687	0.03965	0.01750	0.04331	0.00610	0.00481	0.00132	0.00435	0.03049	0.00465	0.36595
18	0.01080	0.11615	0.14638	0.01340	0.01718	0.03401	0.20297	0.01469	0.06347	0.01558	0.01750	0.22817	0.04275	0.00957	0.02842	0.00200	0.01914	0.00792	0.00347	0.00641
19	0.01302	0.04912	0.14806	0.01450	0.09847	0.06892	0.11390	0.06395	0.01319	0.05656	0.04791	0.01674	0.07329	0.00587	0.00514	0.00145	0.00610	0.00511	0.00342	0.19527
20	0.10461	0.39842	0.08892	0.02967	0.01614	0.07797	0.06498	0.03456	0.07911	0.04585	0.00995	0.01100	0.00801	0.00513	0.00424	0.00142	0.00617	0.00374	0.00299	0.00710
21	0.35054	0.01110	0.01066	0.06325	0.04337	0.06540	0.00770	0.12434	0.02505	0.07846	0.01159	0.01297	0.00876	0.00655	0.02506	0.00176	0.00512	0.00407	0.13770	0.00657
22	0.00662	0.00499	0.00615	0.00701	0.00782	0.00452	0.00493	0.00779	0.01104	0.01421	0.05083	0.53782	0.24589	0.01568	0.00673	0.00208	0.00309	0.05336	0.00500	0.00445
23	0.01472	0.04180	0.01638	0.06003	0.01723	0.01290	0.12680	0.34965	0.04741	0.02386	0.01585	0.15272	0.01424	0.00892	0.02815	0.00194	0.00602	0.01691	0.03709	0.00736
24	0.00722	0.00500	0.00613	0.00676	0.00700	0.00484	0.00429	0.00779	0.00925	0.01227	0.02421	0.39279	0.04709	0.39139	0.01652	0.00361	0.00417	0.04165	0.00417	0.00387
25	0.01041	0.00980	0.01661	0.65265	0.11918	0.01169	0.03065	0.01391	0.01118	0.01464	0.05050	0.01558	0.00965	0.00558	0.00543	0.00176	0.00686	0.00507	0.00261	0.00623
26	0.01659	0.01085	0.01220	0.01036	0.01373	0.01169	0.00823	0.09704	0.45017	0.22680	0.02177	0.01992	0.03990	0.00721	0.00542	0.00174	0.00440	0.00592	0.02757	0.00851
27	0.00738	0.00550	0.00677	0.00691	0.00802	0.00514	0.00503	0.00954	0.03769	0.01728	0.34372	0.21975	0.18115	0.07271	0.00805	0.00213	0.00309	0.05012	0.00525	0.00477
28	0.01975	0.02415	0.01534	0.01372	0.01650	0.69428	0.01041	0.08315	0.01578	0.01487	0.00863	0.01003	0.00711	0.00576	0.00539	0.00144	0.04065	0.00362	0.00297	0.00645
29	0.02991	0.00979	0.01176	0.01004	0.01322	0.00976	0.00835	0.21201	0.05058	0.18896	0.06906	0.02934	0.01904	0.00889	0.00583	0.00179	0.00481	0.21278	0.00529	0.09879
30	0.01815	0.01234	0.01284	0.01116	0.03583	0.10754	0.00864	0.13185	0.19291	0.27257	0.01928	0.01943	0.04119	0.00707	0.00536	0.00166	0.00524	0.03406	0.03296	0.02993
31	0.01494	0.01916	0.12628	0.06034	0.26464	0.27947	0.07117	0.01792	0.01281	0.01542	0.00924	0.01181	0.00753	0.00541	0.00604	0.00161	0.06204	0.00433	0.00261	0.00724
32	0.01901	0.01434	0.01532	0.01207	0.01611	0.01599	0.00986	0.61502	0.17246	0.03158	0.01466	0.01430	0.01057	0.00661	0.00539	0.00165	0.00558	0.00508	0.00539	0.00900
33	0.02343	0.00899	0.01225	0.00944	0.01348	0.00778	0.00778	0.02553	0.01536	0.75155	0.05097	0.01913	0.01476	0.00681	0.00543	0.00166	0.00449	0.00557	0.00661	0.00897
34	0.00774	0.00571	0.00822	0.00826	0.00920	0.00634	0.00637	0.00962	0.00965	0.01368	0.10989	0.02755	0.01984	0.09832	0.57158	0.00702	0.01145	0.06140	0.00344	0.00471
35	0.16290	0.00891	0.01063	0.00857	0.01201	0.00853	0.00698	0.06241	0.01446	0.45841	0.10012	0.01886	0.01588	0.00678	0.00499	0.00162	0.00416	0.00537	0.08064	0.00775
36	0.01366	0.19229	0.09921	0.01208	0.05538	0.04699	0.01048	0.15871	0.11208	0.01997	0.07157	0.02312	0.01617	0.00770	0.00533	0.00169	0.00564	0.13664	0.00407	0.00721
37	0.00838	0.00575	0.00692	0.00666	0.00761	0.00564	0.00458	0.01006	0.03877	0.04454	0.21640	0.03593	0.12965	0.35341	0.09943	0.00395	0.00511	0.00840	0.00434	0.00448
38	0.01338	0.01276	0.01521	0.11669	0.14825	0.09387	0.03877	0.05459	0.31207	0.01868	0.01637	0.01793	0.03866	0.03980	0.00680	0.00188	0.03730	0.00556	0.00396	0.00746
39	0.00776	0.00518	0.00587	0.00592	0.00593	0.00517	0.00332	0.00779	0.00790	0.01053	0.01739	0.06402	0.02011	0.78164	0.02656	0.00509	0.00513	0.00808	0.00332	0.00329
40	0.06419	0.01349	0.01540	0.04369	0.08385	0.15694	0.08555	0.07711	0.06388	0.01700	0.01205	0.05538	0.01083	0.06724	0.03218	0.00223	0.15097	0.00545	0.03613	0.00642
41	0.01294	0.03356	0.14518	0.19525	0.24090	0.09525	0.06832	0.05575	0.01255	0.01656	0.01047	0.04206	0.00867	0.00571	0.00575	0.00169	0.03440	0.00496	0.00276	0.00726
42	0.01590	0.05716	0.03651	0.04099	0.04502	0.19921	0.08004	0.22520	0.07835	0.02082	0.03361	0.01659	0.07112	0.00663	0.00558	0.00160	0.02538	0.00526	0.02778	0.00726
43	0.00784	0.00539	0.00663	0.00672	0.00701	0.00559	0.00436	0.00841	0.00830	0.01124	0.01718	0.03395	0.01903	0.59346	0.18648	0.00573	0.00712	0.05860	0.00329	0.00369
44	0.00781	0.00520	0.00585	0.00585	0.00585	0.00520	0.00325	0.00781	0.00781	0.01041	0.01691	0.03513	0.01952	0.81135	0.02732	0.00520	0.00520	0.00781	0.00325	0.00325
45	0.01558	0.05782	0.12527	0.01121	0.01542	0.01348	0.01024	0.35516	0.12289	0.05705	0.05910	0.01949	0.09893	0.00733	0.00540	0.00166	0.00536	0.00579	0.00481	0.00801
46	0.01103	0.00888	0.01042	0.00953	0.01118	0.05075	0.00743	0.13798	0.05378	0.01713	0.04558	0.02030	0.01418	0.07658	0.43659	0.00570	0.04350	0.00572	0.02797	0.00577
47	0.00772	0.00556	0.00766	0.00766	0.00828	0.00618	0.00550	0.00896	0.00834	0.01174	0.01527	0.02601	0.01556	0.31046	0.52280	0.00743	0.01116	0.00647	0.00301	0.00425
48	0.01693	0.07484	0.09244	0.07419	0.08074	0.32456	0.03951	0.03956	0.05068	0.11123	0.02678	0.01359	0.00963	0.00580	0.00508	0.00155	0.00753	0.01479	0.00342	0.00715
49	0.00859	0.00668	0.01043	0.00958	0.01112	0.00681	0.09121	0.01097	0.02959	0.03352	0.08475	0.19375	0.06230	0.03584	0.31094	0.00458	0.00824	0.03889	0.03705	0.00517
50	0.27958	0.09253	0.19512	0.01085	0.01545	0.14052	0.02698	0.01694	0.01134	0.04224	0.00938	0.02930	0.00756	0.00528	0.00429	0.00150	0.00618	0.00372	0.00300	0.09822

[dist]
# distance from previous block
# <min> <max>
0	15

[block]
# block no. 2 follows, 45 sequences, length 10
# corresponding to MSA columns:
# 616-625
name=unknown_C
#
# <colnr> <probs for GDERKNQSTAVLIFYWHMCP>
#	G	D	E	R	K	N	Q	S	T	A	V	L	I	F	Y	W	H	M	C	P
0	0.05286	0.29047	0.33061	0.01229	0.01815	0.04208	0.04548	0.04234	0.01174	0.01637	0.00891	0.01040	0.00704	0.00485	0.00440	0.00141	0.00667	0.00358	0.00256	0.08780
1	0.10065	0.08793	0.17916	0.01357	0.11508	0.01168	0.01140	0.04015	0.07668	0.21537	0.05018	0.01543	0.01186	0.00742	0.03885	0.00193	0.00593	0.00479	0.00411	0.00781
2	0.01121	0.01049	0.01101	0.01011	0.01194	0.14419	0.06761	0.08134	0.03203	0.01657	0.05196	0.37015	0.04945	0.03916	0.00675	0.00194	0.00507	0.00988	0.04048	0.02865
3	0.01274	0.01038	0.01496	0.08688	0.30982	0.04539	0.01126	0.01619	0.06822	0.08946	0.01354	0.01742	0.01128	0.06191	0.16441	0.00324	0.00761	0.00527	0.04300	0.00701
4	0.01002	0.00544	0.00607	0.08126	0.00921	0.00567	0.00482	0.01262	0.01121	0.01941	0.01674	0.01946	0.01312	0.00617	0.00391	0.00130	0.00295	0.00498	0.76054	0.00510
5	0.01310	0.01268	0.02202	0.07038	0.70226	0.01276	0.05485	0.01637	0.01217	0.01733	0.01011	0.01340	0.00842	0.00480	0.00537	0.00162	0.00655	0.00486	0.00265	0.00831
6	0.00661	0.00540	0.00584	0.00583	0.00744	0.00463	0.00434	0.00819	0.01273	0.01590	0.20144	0.09566	0.58080	0.01325	0.00637	0.00181	0.00270	0.01124	0.00518	0.00463
7	0.04569	0.08285	0.01679	0.01214	0.01588	0.05309	0.08108	0.36876	0.08179	0.04221	0.01352	0.05245	0.01074	0.00663	0.00560	0.00162	0.03348	0.00527	0.04449	0.02594
8	0.00827	0.00601	0.00813	0.00915	0.01042	0.00588	0.00784	0.01056	0.01240	0.01606	0.06670	0.08618	0.11499	0.01458	0.00722	0.00235	0.00451	0.59888	0.00499	0.00488
9	0.01212	0.01157	0.01968	0.31620	0.50372	0.01245	0.01589	0.01545	0.01167	0.01612	0.00989	0.01367	0.00800	0.00500	0.00533	0.00167	0.00667	0.00478	0.00256	0.00756

[dist]
# distance from previous block
# <min> <max>
0	20

[block]
# block no. 3 follows, 45 sequences, length 9
# corresponding to MSA columns:
# 646-654
name=unknown_D
#
# <colnr> <probs for GDERKNQSTAVLIFYWHMCP>
#	G	D	E	R	K	N	Q	S	T	A	V	L	I	F	Y	W	H	M	C	P
0	0.01881	0.01229	0.01385	0.01064	0.01471	0.01265	0.00873	0.45156	0.02037	0.17344	0.04899	0.01522	0.01186	0.00634	0.00516	0.00150	0.00509	0.00495	0.04106	0.12278
1	0.01531	0.00699	0.00890	0.00771	0.01023	0.00634	0.00613	0.01735	0.01329	0.35485	0.07663	0.05868	0.09890	0.03023	0.03375	0.00199	0.00410	0.04967	0.19224	0.00670
2	0.00710	0.00508	0.00686	0.00802	0.00860	0.00484	0.00587	0.00849	0.01104	0.01469	0.06888	0.58712	0.03520	0.01603	0.00696	0.00222	0.00352	0.18992	0.00502	0.00454
3	0.01897	0.01333	0.01408	0.04880	0.08509	0.15079	0.00970	0.06335	0.19609	0.31710	0.01705	0.01623	0.01195	0.00636	0.00530	0.00165	0.00576	0.00510	0.00504	0.00826
4	0.00982	0.00663	0.00798	0.00728	0.00921	0.00630	0.00558	0.01363	0.10964	0.10226	0.43404	0.03784	0.20760	0.01064	0.00612	0.00173	0.00301	0.00915	0.00572	0.00582
5	0.00781	0.00520	0.00585	0.00585	0.00585	0.00520	0.00325	0.00781	0.00781	0.01041	0.01691	0.03513	0.01952	0.81135	0.02732	0.00520	0.00520	0.00781	0.00325	0.00325
6	0.01240	0.01185	0.02018	0.24923	0.56853	0.01252	0.01603	0.01569	0.01180	0.01646	0.00994	0.01358	0.00812	0.00495	0.00533	0.00165	0.00660	0.00478	0.00258	0.00779
7	0.06554	0.01605	0.01456	0.05778	0.01683	0.20202	0.00980	0.33888	0.10954	0.06825	0.01272	0.01307	0.00936	0.00610	0.00509	0.00157	0.00645	0.00451	0.00446	0.03743
8	0.01127	0.00870	0.01041	0.00962	0.04264	0.03252	0.00717	0.01404	0.05424	0.07673	0.01833	0.19660	0.01829	0.00889	0.00539	0.00152	0.00427	0.11358	0.00420	0.36157

[dist]
# distance from previous block
# <min> <max>
0	4

[block]
# block no. 4 follows, 45 sequences, length 14
# corresponding to MSA columns:
# 659-672
name=unknown_E
#
# <colnr> <probs for GDERKNQSTAVLIFYWHMCP>
#	G	D	E	R	K	N	Q	S	T	A	V	L	I	F	Y	W	H	M	C	P
0	0.05475	0.01256	0.01953	0.13608	0.48641	0.03998	0.04468	0.05313	0.01285	0.07306	0.01079	0.01347	0.00849	0.00511	0.00526	0.00163	0.00645	0.00475	0.00308	0.00796
1	0.01297	0.01498	0.06117	0.01961	0.08715	0.09709	0.41784	0.01759	0.07299	0.01683	0.01294	0.05048	0.01099	0.00616	0.00645	0.00181	0.03725	0.04551	0.00312	0.00707
2	0.00733	0.00542	0.00685	0.00661	0.00789	0.00493	0.00491	0.00957	0.01439	0.01991	0.61336	0.09806	0.15726	0.01179	0.00637	0.00174	0.00260	0.01036	0.00570	0.00493
3	0.01223	0.08185	0.58155	0.01532	0.02243	0.01290	0.10730	0.01763	0.01176	0.07272	0.01047	0.01202	0.00744	0.00511	0.00515	0.00167	0.00766	0.00428	0.00264	0.00786
4	0.05803	0.01171	0.01202	0.12166	0.01606	0.11786	0.00893	0.07044	0.20479	0.05155	0.01764	0.05281	0.05052	0.06819	0.04572	0.00237	0.04027	0.03878	0.00410	0.00656
5	0.00951	0.00496	0.00518	0.00535	0.00647	0.00491	0.00393	0.01179	0.01112	0.01912	0.01923	0.13196	0.01685	0.00775	0.00419	0.00138	0.00259	0.00646	0.72233	0.00491
6	0.01193	0.07075	0.26566	0.05200	0.11138	0.04541	0.08672	0.01544	0.01079	0.01526	0.00974	0.04501	0.00842	0.00664	0.00856	0.00185	0.22001	0.00490	0.00252	0.00701
7	0.00686	0.00543	0.00614	0.00640	0.00780	0.00480	0.00482	0.00835	0.01207	0.01510	0.12022	0.14570	0.47526	0.05666	0.00766	0.00211	0.00316	0.10192	0.00498	0.00455
8	0.01327	0.01386	0.08651	0.07379	0.21536	0.11222	0.08205	0.04787	0.04060	0.03848	0.01189	0.04942	0.01006	0.00753	0.00744	0.10327	0.02153	0.00521	0.05293	0.00671
9	0.00667	0.00490	0.00602	0.00684	0.00741	0.00451	0.00456	0.00757	0.01034	0.01342	0.03291	0.54919	0.18384	0.12403	0.00953	0.00252	0.00332	0.01345	0.00475	0.00424
10	0.01133	0.20326	0.25036	0.01343	0.03166	0.01301	0.15005	0.03678	0.01204	0.01616	0.04828	0.09879	0.07826	0.00711	0.00530	0.00165	0.00636	0.00624	0.00313	0.00682
11	0.01175	0.04965	0.05458	0.02276	0.04770	0.03138	0.03615	0.03666	0.03615	0.05857	0.09494	0.05923	0.02742	0.00877	0.06240	0.00183	0.00543	0.00536	0.00374	0.34551
12	0.03125	0.31553	0.20260	0.01222	0.01685	0.25801	0.01205	0.01841	0.04377	0.01446	0.00883	0.01014	0.00725	0.00523	0.00466	0.00142	0.02430	0.00349	0.00259	0.00695
13	0.07019	0.03966	0.01606	0.10473	0.01825	0.01196	0.09641	0.17896	0.02976	0.25499	0.01391	0.01464	0.00978	0.00655	0.00641	0.03670	0.03992	0.00493	0.00452	0.04167

[dist]
# distance from previous block
# <min> <max>
0	2

[block]
# block no. 5 follows, 45 sequences, length 32
# corresponding to MSA columns:
# 675-684,687-692,703,707-721
name=unknown_F
#
# <colnr> <probs for GDERKNQSTAVLIFYWHMCP>
#	G	D	E	R	K	N	Q	S	T	A	V	L	I	F	Y	W	H	M	C	P
0	0.00662	0.00493	0.00605	0.00682	0.00753	0.00449	0.00464	0.00767	0.01080	0.01400	0.06636	0.53352	0.21896	0.07127	0.00813	0.00228	0.00314	0.01353	0.00490	0.00436
1	0.00857	0.00845	0.04350	0.03983	0.01346	0.00742	0.14649	0.01166	0.05509	0.01615	0.10507	0.13994	0.30457	0.03307	0.00682	0.00194	0.00451	0.02417	0.02384	0.00547
2	0.00740	0.00527	0.00594	0.00594	0.00651	0.00500	0.00373	0.00805	0.00978	0.01279	0.11617	0.07475	0.19202	0.50231	0.01922	0.00389	0.00424	0.00916	0.00403	0.00380
3	0.01120	0.01212	0.04805	0.01870	0.18434	0.03992	0.28558	0.01479	0.03367	0.01699	0.07569	0.02442	0.18560	0.00726	0.00596	0.00173	0.00633	0.00715	0.01378	0.00674
4	0.00701	0.00499	0.00620	0.00694	0.00739	0.00472	0.00462	0.00785	0.01002	0.01319	0.04584	0.46154	0.10549	0.23469	0.01245	0.00298	0.00373	0.05173	0.00453	0.00412
5	0.01329	0.01327	0.02163	0.15151	0.46633	0.05640	0.12274	0.04271	0.01260	0.01712	0.01006	0.01338	0.00814	0.00503	0.00569	0.00166	0.02304	0.00493	0.00272	0.00776
6	0.00886	0.00533	0.00655	0.00655	0.00757	0.00572	0.00491	0.01091	0.00988	0.01610	0.01618	0.02178	0.01413	0.09094	0.32568	0.00460	0.00757	0.00555	0.42643	0.00476
7	0.01310	0.01241	0.02066	0.16182	0.48138	0.01324	0.06719	0.07062	0.01264	0.01769	0.01002	0.01340	0.00818	0.00535	0.00636	0.00170	0.06874	0.00489	0.00279	0.00782
8	0.01466	0.01592	0.01480	0.01293	0.01475	0.30163	0.05889	0.08278	0.01295	0.01516	0.01232	0.13565	0.01234	0.05230	0.00987	0.00202	0.21561	0.00616	0.00326	0.00601
9	0.33649	0.17295	0.18758	0.01035	0.01515	0.01483	0.01047	0.16044	0.01310	0.02214	0.00901	0.01009	0.00689	0.00522	0.00414	0.00156	0.00565	0.00351	0.00328	0.00714
10	0.00887	0.00723	0.00788	0.00739	0.00939	0.00719	0.00563	0.04738	0.18317	0.01884	0.21853	0.07113	0.36424	0.01135	0.00612	0.00179	0.00318	0.00962	0.00533	0.00575
11	0.00949	0.00841	0.00895	0.05290	0.02556	0.07132	0.00694	0.01353	0.14020	0.01664	0.11338	0.18708	0.20864	0.01157	0.00616	0.00189	0.00415	0.08634	0.02130	0.00557
12	0.01244	0.01170	0.01970	0.06115	0.64779	0.01175	0.01502	0.01556	0.01248	0.01777	0.09143	0.01728	0.01344	0.00570	0.00547	0.00163	0.00597	0.02273	0.00304	0.00795
13	0.01421	0.01411	0.04241	0.02783	0.03637	0.13773	0.02857	0.08918	0.41671	0.02079	0.05653	0.06099	0.01604	0.00737	0.00548	0.00173	0.00550	0.00609	0.00469	0.00768
14	0.01280	0.01044	0.01426	0.01227	0.01312	0.01352	0.01004	0.01510	0.06242	0.11121	0.03223	0.01579	0.01080	0.04985	0.07603	0.00284	0.52251	0.00525	0.00329	0.00624
15	0.00926	0.00765	0.00924	0.04262	0.07911	0.04693	0.00686	0.04233	0.03963	0.01483	0.02288	0.30112	0.08419	0.13930	0.09747	0.00316	0.00561	0.00959	0.03306	0.00516
16	0.00770	0.00567	0.00679	0.00703	0.00827	0.00523	0.00510	0.04396	0.01265	0.03051	0.17333	0.35906	0.26959	0.01401	0.00651	0.00194	0.00308	0.02951	0.00520	0.00487
17	0.01475	0.01104	0.01312	0.01081	0.05276	0.01053	0.00821	0.20746	0.03591	0.08956	0.01205	0.01359	0.00944	0.03385	0.00614	0.00140	0.04822	0.00424	0.01649	0.40043
18	0.00663	0.00530	0.00594	0.00610	0.00751	0.00461	0.00445	0.00815	0.01245	0.01576	0.19439	0.19768	0.48472	0.01370	0.00644	0.00186	0.00276	0.01177	0.00517	0.00461
19	0.00716	0.06161	0.00762	0.00681	0.00806	0.00569	0.00498	0.00851	0.01164	0.01494	0.13587	0.39547	0.28422	0.01410	0.00637	0.00192	0.00309	0.01233	0.00492	0.00469
20	0.01357	0.58505	0.22682	0.01093	0.01635	0.04055	0.01202	0.01647	0.01114	0.01380	0.00806	0.00936	0.00687	0.00475	0.00392	0.00130	0.00643	0.00318	0.00230	0.00715
21	0.01201	0.09547	0.11392	0.00904	0.01197	0.01053	0.00835	0.10366	0.07576	0.01955	0.01508	0.01920	0.01255	0.04785	0.00641	0.00171	0.04839	0.04503	0.32397	0.01955
22	0.04682	0.06455	0.56551	0.01718	0.10511	0.01302	0.08051	0.01686	0.01143	0.01715	0.00958	0.01156	0.00706	0.00499	0.00507	0.00167	0.00759	0.00415	0.00239	0.00779
23	0.01486	0.01305	0.01337	0.01347	0.11060	0.16382	0.00931	0.08346	0.12241	0.10458	0.03835	0.02036	0.09410	0.05302	0.04788	0.00225	0.07820	0.00582	0.00413	0.00695
24	0.00707	0.00522	0.00649	0.00710	0.00803	0.00481	0.00513	0.00849	0.02294	0.01495	0.12245	0.38941	0.23358	0.01503	0.00746	0.04799	0.00321	0.08119	0.00495	0.00450
25	0.01411	0.01597	0.05196	0.03716	0.06522	0.13291	0.39835	0.04607	0.14696	0.01802	0.01236	0.01448	0.00939	0.00529	0.00579	0.00172	0.00795	0.00558	0.00328	0.00744
26	0.01964	0.00932	0.01175	0.00945	0.01303	0.00882	0.00765	0.06996	0.13144	0.50257	0.09811	0.02210	0.05628	0.00752	0.00555	0.00169	0.00430	0.00620	0.00622	0.00839
27	0.01448	0.06280	0.06748	0.01286	0.10189	0.13265	0.00956	0.11794	0.01489	0.10678	0.14034	0.12213	0.02793	0.00803	0.00546	0.00162	0.00550	0.00668	0.00434	0.03665
28	0.00826	0.00664	0.00892	0.05198	0.01110	0.03433	0.00706	0.01029	0.01012	0.01390	0.10532	0.02674	0.04735	0.04693	0.52741	0.00643	0.01114	0.05774	0.00343	0.00491
29	0.01527	0.09345	0.01503	0.01264	0.07704	0.13089	0.00928	0.15964	0.21905	0.04743	0.03663	0.08664	0.01410	0.00715	0.00520	0.00160	0.00555	0.00577	0.00438	0.05328
30	0.01317	0.01236	0.01746	0.02225	0.41356	0.05399	0.03332	0.05872	0.09540	0.01875	0.04496	0.01734	0.03880	0.00593	0.00531	0.00155	0.00575	0.02558	0.00347	0.11237
31	0.01426	0.42980	0.24917	0.01204	0.01754	0.05235	0.05436	0.03048	0.01190	0.06961	0.00941	0.01056	0.00743	0.00496	0.00433	0.00140	0.00667	0.00363	0.00270	0.00739

[dist]
# distance from previous block
# <min> <max>
0	1

[block]
# block no. 6 follows, 45 sequences, length 21
# corresponding to MSA columns:
# 723-743
name=unknown_G
#
# <colnr> <probs for GDERKNQSTAVLIFYWHMCP>
#	G	D	E	R	K	N	Q	S	T	A	V	L	I	F	Y	W	H	M	C	P
0	0.01363	0.00849	0.00997	0.02925	0.01152	0.04189	0.00692	0.07462	0.05996	0.20078	0.24670	0.03080	0.02665	0.13122	0.00919	0.00229	0.00447	0.08002	0.00528	0.00635
1	0.01395	0.01052	0.01231	0.01071	0.06750	0.02769	0.00792	0.12241	0.06267	0.09830	0.01487	0.01683	0.03958	0.00583	0.00476	0.00127	0.00456	0.03565	0.04085	0.40182
2	0.01921	0.02350	0.01475	0.01330	0.01607	0.68299	0.01005	0.07225	0.01556	0.01459	0.01002	0.01143	0.02647	0.00727	0.03820	0.00172	0.00944	0.00385	0.00301	0.00632
3	0.01177	0.01466	0.14796	0.16670	0.18151	0.05496	0.11073	0.01585	0.04501	0.01647	0.07587	0.03437	0.01227	0.00631	0.00668	0.00177	0.08165	0.00549	0.00298	0.00700
4	0.00662	0.00512	0.00598	0.00650	0.00755	0.00456	0.00459	0.00786	0.01146	0.01457	0.09742	0.36940	0.36355	0.04658	0.00741	0.00211	0.00301	0.02625	0.00499	0.00446
5	0.01111	0.00881	0.01041	0.06480	0.03281	0.00953	0.00760	0.09182	0.25828	0.02129	0.22590	0.07452	0.07234	0.00906	0.00575	0.00175	0.00395	0.02362	0.06000	0.00665
6	0.31330	0.01067	0.01066	0.00879	0.01218	0.01146	0.00714	0.23329	0.03091	0.13972	0.03385	0.01813	0.09873	0.02676	0.00529	0.00175	0.00452	0.00519	0.02056	0.00709
7	0.04348	0.09961	0.02065	0.05713	0.01972	0.06838	0.23600	0.14202	0.10357	0.01986	0.03038	0.01394	0.00992	0.00560	0.00570	0.00160	0.03488	0.00503	0.00355	0.07898
8	0.09448	0.01076	0.01500	0.01175	0.01491	0.01131	0.10443	0.07413	0.01220	0.16858	0.01198	0.01417	0.00932	0.02752	0.05456	0.00215	0.18185	0.00472	0.00379	0.17240
9	0.01176	0.03897	0.01841	0.35108	0.34631	0.01251	0.01455	0.03270	0.01180	0.01602	0.03621	0.01522	0.02622	0.00566	0.00585	0.00170	0.04017	0.00502	0.00274	0.00708
10	0.00762	0.00578	0.00678	0.00676	0.00810	0.00546	0.00494	0.01046	0.07418	0.01771	0.31275	0.18880	0.24341	0.03903	0.00696	0.00193	0.00292	0.01067	0.04076	0.00500
11	0.00732	0.00504	0.00621	0.00683	0.00705	0.00490	0.00437	0.00789	0.00919	0.01222	0.02318	0.37152	0.02721	0.41314	0.01710	0.00371	0.00428	0.06087	0.00412	0.00385
12	0.12256	0.01472	0.01287	0.01111	0.01434	0.19099	0.00884	0.21010	0.17235	0.07734	0.03086	0.01815	0.02620	0.00706	0.00519	0.00168	0.00592	0.05767	0.00460	0.00745
13	0.04903	0.34540	0.20325	0.01282	0.04333	0.10652	0.06840	0.01703	0.03786	0.01496	0.00939	0.01170	0.00793	0.04492	0.00553	0.00162	0.00685	0.00389	0.00259	0.00697
14	0.01559	0.00768	0.00958	0.00798	0.01093	0.00685	0.00637	0.03861	0.04075	0.38004	0.15376	0.03177	0.24846	0.00945	0.00584	0.00172	0.00371	0.00789	0.00595	0.00707
15	0.00903	0.00661	0.00807	0.00815	0.00946	0.00655	0.00607	0.12336	0.01380	0.01845	0.15977	0.41440	0.09699	0.01374	0.00654	0.00200	0.00358	0.08291	0.00520	0.00528
16	0.06731	0.01445	0.01921	0.01638	0.07715	0.15167	0.24431	0.10987	0.03555	0.01924	0.08259	0.03359	0.01386	0.00671	0.00623	0.00174	0.04264	0.04701	0.00362	0.00689
17	0.01901	0.02346	0.01540	0.01381	0.01628	0.66470	0.01054	0.04593	0.01467	0.01383	0.00830	0.01005	0.00701	0.00605	0.00648	0.00151	0.11022	0.00366	0.00280	0.00628
18	0.00772	0.00517	0.00588	0.00597	0.00599	0.00515	0.00337	0.00778	0.00798	0.01064	0.01780	0.08918	0.02063	0.75577	0.02589	0.00499	0.00506	0.00833	0.00337	0.00333
19	0.01302	0.01438	0.02210	0.05020	0.02134	0.13161	0.34987	0.01602	0.01172	0.01533	0.00983	0.01337	0.00806	0.00806	0.06274	0.00222	0.15522	0.00518	0.00270	0.08701
20	0.01309	0.01183	0.01863	0.04206	0.03519	0.03755	0.25689	0.07650	0.12041	0.06210	0.04820	0.07436	0.03342	0.00732	0.00670	0.00180	0.06188	0.03221	0.01610	0.04377

[dist]
# distance from previous block
# <min> <max>
0	1

[block]
# block no. 7 follows, 45 sequences, length 22
# corresponding to MSA columns:
# 745-766
name=unknown_H
#
# <colnr> <probs for GDERKNQSTAVLIFYWHMCP>
#	G	D	E	R	K	N	Q	S	T	A	V	L	I	F	Y	W	H	M	C	P
0	0.04515	0.01861	0.01496	0.01264	0.01600	0.36017	0.02116	0.23676	0.09326	0.09215	0.01218	0.01254	0.00909	0.00614	0.00539	0.00156	0.02618	0.00436	0.00416	0.00756
1	0.01068	0.16981	0.22391	0.01068	0.01434	0.05117	0.01067	0.01433	0.06133	0.01551	0.07280	0.20785	0.05583	0.00907	0.00602	0.00174	0.04693	0.00742	0.00357	0.00633
2	0.01197	0.29137	0.10696	0.04984	0.04405	0.01326	0.00966	0.06498	0.02934	0.03148	0.06799	0.06649	0.10123	0.02471	0.00541	0.00161	0.00522	0.03083	0.00353	0.04006
3	0.01178	0.10476	0.56099	0.01572	0.02279	0.01368	0.13421	0.04432	0.01201	0.01721	0.00973	0.01161	0.00711	0.00501	0.00514	0.00166	0.00781	0.00426	0.00245	0.00776
4	0.00667	0.00532	0.00599	0.00620	0.00761	0.00464	0.00457	0.00818	0.01236	0.01558	0.17016	0.19782	0.48537	0.01382	0.00647	0.00188	0.00283	0.03481	0.00514	0.00460
5	0.05684	0.01190	0.01241	0.01090	0.01411	0.01369	0.00857	0.11811	0.63782	0.02394	0.02001	0.01857	0.01495	0.00706	0.00534	0.00179	0.00445	0.00576	0.00534	0.00844
6	0.00687	0.00480	0.00622	0.00714	0.00747	0.00453	0.00470	0.00761	0.01001	0.01335	0.05519	0.61642	0.05033	0.13303	0.01038	0.03625	0.00345	0.01344	0.00466	0.00415
7	0.01280	0.10740	0.47011	0.01353	0.01969	0.05165	0.03619	0.05967	0.05223	0.05619	0.06131	0.01384	0.01070	0.00571	0.00507	0.00163	0.00699	0.00450	0.00311	0.00768
8	0.01127	0.00674	0.00852	0.00760	0.00959	0.00630	0.00585	0.03728	0.05251	0.16542	0.47886	0.07103	0.09684	0.01031	0.00611	0.00172	0.00315	0.00894	0.00589	0.00606
9	0.05806	0.03286	0.09126	0.01294	0.04525	0.09799	0.05463	0.19992	0.15075	0.02161	0.01613	0.08213	0.01422	0.00784	0.00556	0.00178	0.00600	0.08945	0.00427	0.00736
10	0.06846	0.03268	0.12384	0.01180	0.01632	0.01265	0.05137	0.21841	0.09248	0.13016	0.01312	0.01355	0.00952	0.00590	0.00563	0.00157	0.04616	0.00457	0.00428	0.13754
11	0.01377	0.12598	0.14604	0.05637	0.06634	0.16538	0.22831	0.01711	0.01218	0.01519	0.00961	0.01287	0.00786	0.00553	0.00639	0.00167	0.08014	0.01973	0.00259	0.00695
12	0.05724	0.01328	0.04863	0.06428	0.41980	0.01326	0.05082	0.16436	0.05241	0.02119	0.01133	0.01356	0.00889	0.00532	0.00523	0.00163	0.00618	0.00481	0.02963	0.00816
13	0.00899	0.00628	0.00761	0.00774	0.00921	0.00606	0.00576	0.01228	0.11006	0.07304	0.13465	0.32699	0.18675	0.01321	0.00643	0.00197	0.00335	0.06889	0.00529	0.00543
14	0.00879	0.00704	0.00814	0.00800	0.00931	0.03892	0.02502	0.01182	0.10220	0.03353	0.16854	0.30815	0.13562	0.09940	0.00861	0.00227	0.00378	0.01081	0.00491	0.00515
15	0.00923	0.00566	0.00735	0.00753	0.00873	0.00521	0.00554	0.01077	0.01216	0.11086	0.18257	0.34718	0.10689	0.06822	0.00797	0.00222	0.00347	0.08808	0.00526	0.00510
16	0.01188	0.01089	0.01741	0.49951	0.23018	0.01256	0.01466	0.06972	0.04984	0.01663	0.01054	0.01422	0.00811	0.00539	0.00536	0.00173	0.00671	0.00484	0.00283	0.00699
17	0.01967	0.02479	0.01504	0.01366	0.01645	0.74598	0.01027	0.02183	0.05771	0.01366	0.00906	0.01026	0.00745	0.00563	0.00488	0.00141	0.00937	0.00360	0.00292	0.00635
18	0.00791	0.00605	0.00884	0.00871	0.00954	0.00714	0.00671	0.00963	0.00854	0.01232	0.01417	0.02170	0.01355	0.10107	0.68460	0.00799	0.05806	0.00586	0.00288	0.00473
19	0.02995	0.07739	0.00915	0.00694	0.00910	0.00723	0.00551	0.04996	0.01397	0.06876	0.30493	0.04939	0.32622	0.01086	0.00591	0.00169	0.00325	0.00912	0.00517	0.00550
20	0.01257	0.43325	0.26741	0.01097	0.01631	0.03343	0.01212	0.01584	0.01153	0.01507	0.07571	0.01240	0.01076	0.00531	0.00429	0.00136	0.00616	0.00385	0.00266	0.04901
21	0.22573	0.26718	0.09678	0.00973	0.01378	0.07151	0.00912	0.04364	0.09917	0.04186	0.05026	0.01264	0.01040	0.00562	0.00420	0.00149	0.00542	0.00395	0.02063	0.00687

[dist]
# distance from previous block
# <min> <max>
2	11

[block]
# block no. 8 follows, 45 sequences, length 24
# corresponding to MSA columns:
# 780-783,800,801,803-820
name=unknown_I
#
# <colnr> <probs for GDERKNQSTAVLIFYWHMCP>
#	G	D	E	R	K	N	Q	S	T	A	V	L	I	F	Y	W	H	M	C	P
0	0.07011	0.21735	0.08173	0.04450	0.06061	0.12379	0.00982	0.05809	0.03602	0.06933	0.13149	0.02934	0.03353	0.00657	0.00484	0.00151	0.00575	0.00509	0.00369	0.00681
1	0.01052	0.08755	0.05744	0.03741	0.01237	0.09133	0.00793	0.06135	0.01290	0.01643	0.11104	0.26568	0.07900	0.01108	0.00592	0.00182	0.00481	0.08766	0.00430	0.03345
2	0.01408	0.08473	0.04233	0.16227	0.03374	0.01270	0.02158	0.21819	0.10366	0.06244	0.05507	0.06739	0.01381	0.00849	0.04052	0.00198	0.00588	0.00579	0.03810	0.00727
3	0.04357	0.01600	0.01746	0.07171	0.34090	0.23452	0.01282	0.05964	0.09078	0.04493	0.01121	0.01301	0.00888	0.00545	0.00514	0.00158	0.00699	0.00450	0.00327	0.00766
4	0.05260	0.00895	0.05176	0.00820	0.01071	0.00828	0.00665	0.01685	0.21783	0.10635	0.08140	0.04332	0.20109	0.11101	0.00832	0.00218	0.00401	0.00757	0.04660	0.00629
5	0.00925	0.00743	0.00860	0.00855	0.01042	0.00769	0.00679	0.01521	0.24010	0.01834	0.14734	0.08373	0.20261	0.01179	0.00638	0.00199	0.00375	0.19888	0.00526	0.00590
6	0.01021	0.00964	0.01612	0.76285	0.03593	0.01213	0.01476	0.01368	0.01062	0.01368	0.00943	0.01419	0.00715	0.00555	0.00592	0.00181	0.04321	0.00477	0.00238	0.00596
7	0.01630	0.01300	0.01380	0.01152	0.01508	0.01473	0.00921	0.33469	0.45720	0.02722	0.01810	0.01704	0.01335	0.00693	0.00542	0.00173	0.00494	0.00555	0.00542	0.00876
8	0.01266	0.01598	0.14363	0.01928	0.02456	0.01342	0.49788	0.04935	0.09923	0.01831	0.01223	0.02757	0.00935	0.00533	0.00628	0.00180	0.02657	0.00599	0.00310	0.00749
9	0.00680	0.00494	0.00626	0.00704	0.00767	0.00462	0.00482	0.00795	0.01073	0.01431	0.09034	0.53836	0.13776	0.06454	0.04695	0.00257	0.00369	0.01312	0.02311	0.00441
10	0.01665	0.01117	0.01386	0.01317	0.10886	0.06185	0.04878	0.11953	0.10570	0.23293	0.10408	0.01908	0.01618	0.00673	0.00533	0.00161	0.00505	0.00570	0.09597	0.00777
11	0.00675	0.00492	0.00619	0.00702	0.00761	0.00455	0.00477	0.00779	0.01068	0.01404	0.07687	0.55519	0.14725	0.09185	0.00871	0.00239	0.00326	0.03094	0.00487	0.00434
12	0.19321	0.10402	0.13676	0.01471	0.15580	0.07947	0.01128	0.08590	0.03542	0.06509	0.01131	0.04813	0.00937	0.02156	0.00512	0.00167	0.00597	0.00454	0.00340	0.00727
13	0.03973	0.01095	0.01243	0.05325	0.05630	0.05633	0.00825	0.14064	0.03296	0.13261	0.08716	0.01828	0.06484	0.00641	0.00502	0.00140	0.00482	0.00520	0.00440	0.25902
14	0.30526	0.04068	0.05944	0.03739	0.01369	0.03542	0.00826	0.14744	0.10360	0.06138	0.02983	0.05424	0.04926	0.02596	0.00523	0.00177	0.00493	0.00517	0.00417	0.00686
15	0.01303	0.06408	0.62538	0.01410	0.02127	0.01219	0.01744	0.01838	0.01194	0.13626	0.01133	0.01228	0.00782	0.00532	0.00506	0.00167	0.00730	0.00414	0.00295	0.00807
16	0.00781	0.00520	0.00585	0.00585	0.00585	0.00520	0.00325	0.00781	0.00781	0.01041	0.01691	0.03513	0.01952	0.81135	0.02732	0.00520	0.00520	0.00781	0.00325	0.00325
17	0.01313	0.43067	0.15609	0.05928	0.04922	0.01645	0.05201	0.03389	0.02710	0.03369	0.07278	0.01312	0.01106	0.00541	0.00446	0.00142	0.00609	0.00418	0.00287	0.00709
18	0.02727	0.01267	0.06546	0.11836	0.08582	0.03046	0.05242	0.24123	0.04252	0.06290	0.04120	0.09586	0.01326	0.00884	0.04169	0.00207	0.04038	0.00613	0.00410	0.00736
19	0.00779	0.00585	0.00855	0.00849	0.00933	0.00681	0.00649	0.00949	0.00853	0.01227	0.01444	0.02226	0.01387	0.11681	0.69370	0.00812	0.03371	0.00593	0.00290	0.00467
20	0.01417	0.08725	0.01710	0.01436	0.10003	0.13425	0.12113	0.09177	0.08151	0.06310	0.09608	0.04697	0.09445	0.00731	0.00551	0.00163	0.00601	0.00633	0.00406	0.00699
21	0.00671	0.00536	0.00603	0.00621	0.00766	0.00468	0.00461	0.00827	0.01248	0.01574	0.18149	0.16812	0.49223	0.01368	0.00647	0.00188	0.00285	0.04576	0.00515	0.00462
22	0.37131	0.05851	0.22327	0.01123	0.03275	0.04988	0.02451	0.03976	0.03857	0.07683	0.00991	0.01098	0.00735	0.00533	0.00453	0.00165	0.01961	0.00371	0.00329	0.00700
23	0.06050	0.01620	0.12645	0.01536	0.09533	0.11328	0.10115	0.18720	0.08557	0.04444	0.03862	0.04388	0.01196	0.00652	0.00542	0.00169	0.00658	0.02833	0.00392	0.00762

[dist]
# distance from previous block
# <min> <max>
0	2

[block]
# block no. 9 follows, 45 sequences, length 31
# corresponding to MSA columns:
# 823,824,826-847,850-856
name=unknown_J
#
# <colnr> <probs for GDERKNQSTAVLIFYWHMCP>
#	G	D	E	R	K	N	Q	S	T	A	V	L	I	F	Y	W	H	M	C	P
0	0.01318	0.22932	0.31781	0.01394	0.06567	0.03832	0.06340	0.01703	0.01172	0.06476	0.00986	0.01132	0.00758	0.00488	0.00463	0.00143	0.00668	0.00386	0.00274	0.11187
1	0.01506	0.01144	0.01242	0.01082	0.01402	0.01283	0.00850	0.11399	0.57317	0.10332	0.02100	0.04808	0.01591	0.00747	0.00550	0.00179	0.00444	0.00619	0.00556	0.00849
2	0.01665	0.01391	0.01257	0.01061	0.01363	0.18237	0.00835	0.26187	0.09451	0.08673	0.12828	0.01933	0.04271	0.00725	0.00530	0.00157	0.00556	0.00566	0.07581	0.00732
3	0.00655	0.00538	0.00576	0.00581	0.00741	0.00459	0.00430	0.00804	0.01249	0.01546	0.15766	0.11726	0.60369	0.01350	0.00639	0.00183	0.00273	0.01144	0.00512	0.00459
4	0.01255	0.01076	0.01140	0.01032	0.01316	0.01227	0.00800	0.02605	0.67285	0.02190	0.07239	0.02328	0.06561	0.00791	0.00557	0.00181	0.00404	0.00663	0.00546	0.00803
5	0.00782	0.00516	0.00584	0.00592	0.00600	0.00514	0.00339	0.00799	0.00812	0.01104	0.01776	0.08425	0.02029	0.72478	0.02497	0.00484	0.00495	0.00816	0.04019	0.00340
6	0.01242	0.00766	0.00794	0.00706	0.00910	0.00816	0.00551	0.16391	0.08895	0.02302	0.01701	0.01859	0.01309	0.00639	0.00425	0.00138	0.00336	0.00507	0.59094	0.00618
7	0.00716	0.00518	0.00707	0.00807	0.00873	0.00510	0.00597	0.00860	0.01063	0.01419	0.04146	0.50091	0.05490	0.01953	0.11862	0.00314	0.00508	0.16642	0.00469	0.00456
8	0.01295	0.01238	0.02109	0.06975	0.72082	0.01249	0.01609	0.01610	0.01210	0.01725	0.01060	0.03476	0.00916	0.00514	0.00536	0.00162	0.00633	0.00506	0.00271	0.00827
9	0.01131	0.02469	0.64697	0.01459	0.02196	0.01178	0.04525	0.01693	0.01149	0.04195	0.01004	0.01165	0.00719	0.00501	0.00503	0.00160	0.00744	0.00402	0.00252	0.09857
10	0.00795	0.00522	0.00619	0.00632	0.00658	0.00510	0.00383	0.00837	0.00902	0.03078	0.07760	0.17989	0.02475	0.58130	0.02134	0.00428	0.00459	0.00929	0.00386	0.00374
11	0.01090	0.01032	0.01748	0.61232	0.21712	0.01213	0.01529	0.01439	0.01110	0.01464	0.00968	0.01406	0.00748	0.00522	0.00535	0.00174	0.00697	0.00477	0.00245	0.00658
12	0.02285	0.01023	0.01307	0.00999	0.01420	0.00945	0.00825	0.15940	0.01698	0.61221	0.01916	0.01698	0.01230	0.00649	0.00533	0.00161	0.00479	0.00520	0.00626	0.04525
13	0.00888	0.00561	0.00691	0.00706	0.00822	0.00514	0.00506	0.01009	0.01132	0.09721	0.08369	0.28539	0.20222	0.16664	0.01051	0.00261	0.00369	0.07006	0.00489	0.00480
14	0.00856	0.00565	0.00726	0.00786	0.00885	0.00537	0.00563	0.01067	0.05810	0.07674	0.06270	0.56118	0.08056	0.01480	0.00663	0.00209	0.00338	0.06370	0.00518	0.00508
15	0.06382	0.01204	0.01253	0.01096	0.01369	0.13390	0.04936	0.13821	0.08130	0.11719	0.03314	0.09260	0.01681	0.03593	0.03457	0.00216	0.00602	0.12045	0.01856	0.00675
16	0.00768	0.00518	0.00602	0.00614	0.00621	0.00519	0.00358	0.00785	0.00809	0.01082	0.01805	0.11045	0.02081	0.69876	0.05943	0.00506	0.00541	0.00845	0.00341	0.00343
17	0.07624	0.01035	0.01281	0.00994	0.01403	0.00991	0.00819	0.15734	0.04106	0.57397	0.01883	0.01675	0.01216	0.00652	0.00526	0.00166	0.00477	0.00516	0.00616	0.00890
18	0.01166	0.09158	0.67399	0.01461	0.02205	0.01345	0.01836	0.06293	0.01216	0.01768	0.00966	0.01121	0.00695	0.00514	0.00498	0.00165	0.00763	0.00393	0.00246	0.00792
19	0.02633	0.00975	0.01207	0.01012	0.01282	0.02458	0.04111	0.11967	0.09341	0.21044	0.02091	0.09294	0.07446	0.07927	0.00852	0.00210	0.06840	0.03863	0.02022	0.03425
20	0.01047	0.00873	0.00842	0.00819	0.00963	0.11744	0.00591	0.01278	0.06084	0.06832	0.20275	0.24688	0.10657	0.09830	0.00842	0.00218	0.00427	0.00979	0.00484	0.00528
21	0.20079	0.01664	0.04712	0.04150	0.08074	0.25348	0.01019	0.14537	0.02401	0.04469	0.01130	0.01305	0.02937	0.00608	0.00535	0.00162	0.04228	0.01596	0.00353	0.00693
22	0.00927	0.00885	0.07279	0.04377	0.01282	0.02809	0.06132	0.01205	0.04767	0.05369	0.08675	0.35092	0.10709	0.01225	0.00636	0.00198	0.00447	0.06973	0.00460	0.00553
23	0.01257	0.01140	0.01213	0.00998	0.04677	0.08098	0.00746	0.06607	0.04652	0.01850	0.03812	0.02820	0.01041	0.00498	0.00442	0.00105	0.00469	0.00399	0.00350	0.58827
24	0.00677	0.00527	0.00615	0.00632	0.00761	0.00465	0.00459	0.00838	0.01265	0.01642	0.26538	0.23027	0.37915	0.01358	0.00646	0.00186	0.00276	0.01179	0.00526	0.00465
25	0.04104	0.03231	0.09003	0.08246	0.01794	0.10523	0.09428	0.10609	0.10395	0.05716	0.04424	0.01958	0.04598	0.00728	0.00627	0.01715	0.04065	0.05276	0.02868	0.00692
26	0.00888	0.00582	0.00730	0.00761	0.00898	0.00537	0.00575	0.01083	0.03412	0.09219	0.10029	0.33638	0.21207	0.01391	0.00659	0.00203	0.00344	0.12805	0.00524	0.00516
27	0.01341	0.01432	0.05297	0.01338	0.03957	0.17040	0.04971	0.10689	0.01259	0.01615	0.01248	0.09896	0.02156	0.02504	0.09643	0.00269	0.23804	0.00590	0.00322	0.00627
28	0.00813	0.00547	0.00615	0.00607	0.00620	0.00550	0.00349	0.02880	0.00835	0.01114	0.01710	0.05271	0.01960	0.77017	0.02623	0.00503	0.00517	0.00790	0.00335	0.00344
29	0.05081	0.20445	0.40149	0.01426	0.06803	0.05547	0.01499	0.09965	0.01294	0.01802	0.00936	0.01081	0.00715	0.00513	0.00467	0.00154	0.00703	0.00379	0.00272	0.00768
30	0.08554	0.02873	0.06933	0.05585	0.02988	0.06195	0.11736	0.07199	0.20984	0.08076	0.03486	0.03417	0.07124	0.00698	0.00542	0.00174	0.00574	0.01706	0.00425	0.00731

[dist]
# distance from previous block
# <min> <max>
0	10

[block]
# block no. 10 follows, 45 sequences, length 11
# corresponding to MSA columns:
# 867-877
name=unknown_K
#
# <colnr> <probs for GDERKNQSTAVLIFYWHMCP>
#	G	D	E	R	K	N	Q	S	T	A	V	L	I	F	Y	W	H	M	C	P
0	0.07252	0.01006	0.04437	0.00921	0.01311	0.00867	0.00768	0.02155	0.10445	0.40364	0.01737	0.01759	0.01241	0.07081	0.00676	0.00181	0.00459	0.00504	0.00518	0.16319
1	0.78155	0.00996	0.00773	0.00696	0.01002	0.01149	0.00561	0.01514	0.00903	0.02298	0.00823	0.01085	0.00692	0.06987	0.00525	0.00195	0.00424	0.00330	0.00332	0.00561
2	0.07459	0.07525	0.01707	0.30981	0.16489	0.01366	0.01248	0.17719	0.04093	0.01964	0.01049	0.01322	0.00812	0.00592	0.00558	0.02998	0.00622	0.00454	0.00325	0.00716
