[name]
unknown

[dist]
# distance from previous block
# <min> <max>
0	33

[block]
# block no. 0 follows, 47 sequences, length 12
# corresponding to MSA columns:
# 33-40,45-48
name=unknown_A
#
# <colnr> <probs for GDERKNQSTAVLIFYWHMCP>
#	G	D	E	R	K	N	Q	S	T	A	V	L	I	F	Y	W	H	M	C	P
0	0.00820	0.00587	0.00812	0.00901	0.01022	0.00579	0.00773	0.01061	0.01251	0.01659	0.17046	0.05498	0.03360	0.01368	0.00699	0.00225	0.00435	0.60924	0.00497	0.00482
1	0.01785	0.01033	0.01314	0.16038	0.01782	0.01071	0.00927	0.23636	0.03901	0.32747	0.01911	0.01856	0.08266	0.00680	0.00531	0.00164	0.00511	0.00552	0.00512	0.00784
2	0.00777	0.00637	0.00700	0.00673	0.00849	0.00614	0.00507	0.01191	0.15712	0.01729	0.23806	0.08497	0.40064	0.01154	0.00602	0.00175	0.00289	0.00983	0.00516	0.00525
3	0.01622	0.04429	0.01424	0.01363	0.08627	0.43449	0.00956	0.12569	0.01485	0.01614	0.01274	0.16250	0.01242	0.00747	0.00514	0.00153	0.00723	0.00582	0.00343	0.00633
4	0.00988	0.00548	0.00709	0.00723	0.00816	0.00509	0.00494	0.01077	0.01029	0.15927	0.02400	0.46293	0.02638	0.21974	0.01147	0.00277	0.00381	0.01114	0.00471	0.00483
5	0.01262	0.11988	0.19431	0.01094	0.04251	0.03716	0.01027	0.06227	0.13755	0.09861	0.03469	0.02195	0.18101	0.00738	0.00513	0.00160	0.00517	0.00592	0.00401	0.00704
6	0.09114	0.01157	0.01792	0.02502	0.56577	0.01128	0.01316	0.01538	0.01138	0.01760	0.00946	0.01208	0.00790	0.00451	0.00473	0.00141	0.00554	0.00418	0.00273	0.16726
7	0.01480	0.01720	0.01359	0.01229	0.01386	0.42476	0.00950	0.01612	0.01160	0.01246	0.00910	0.01287	0.00835	0.04759	0.14321	0.00294	0.21734	0.00423	0.00262	0.00559
8	0.01308	0.01176	0.01727	0.23536	0.30719	0.03979	0.04043	0.15697	0.01357	0.01819	0.01075	0.01499	0.00894	0.08110	0.00720	0.00193	0.00641	0.00493	0.00306	0.00709
9	0.01384	0.17912	0.15046	0.16259	0.06103	0.02628	0.02871	0.09882	0.05400	0.10418	0.04498	0.01374	0.01014	0.00552	0.00481	0.00152	0.00600	0.00445	0.00341	0.02640
10	0.01475	0.06247	0.10787	0.01274	0.01678	0.01109	0.17212	0.14187	0.03704	0.18803	0.01648	0.16553	0.01420	0.00756	0.00555	0.00171	0.00576	0.00686	0.00432	0.00730
11	0.00640	0.00484	0.00594	0.00679	0.00758	0.00438	0.00477	0.00752	0.01066	0.01366	0.03593	0.53890	0.26102	0.01526	0.00653	0.00202	0.00301	0.05563	0.00483	0.00431

[dist]
# distance from previous block
# <min> <max>
0	2

[block]
# block no. 1 follows, 47 sequences, length 8
# corresponding to MSA columns:
# 51-58
name=unknown_B
#
# <colnr> <probs for GDERKNQSTAVLIFYWHMCP>
#	G	D	E	R	K	N	Q	S	T	A	V	L	I	F	Y	W	H	M	C	P
0	0.01010	0.00902	0.09001	0.00945	0.01200	0.00713	0.07284	0.03482	0.04514	0.10195	0.21230	0.22083	0.11583	0.01054	0.00601	0.00180	0.00414	0.02545	0.00480	0.00584
1	0.01829	0.08301	0.14647	0.03788	0.01740	0.06528	0.08629	0.07898	0.01420	0.37775	0.01467	0.01432	0.00987	0.00569	0.00508	0.00157	0.00604	0.00469	0.00450	0.00800
2	0.07666	0.00821	0.01058	0.00840	0.01183	0.00739	0.00686	0.02191	0.01408	0.58721	0.09079	0.01926	0.01585	0.00669	0.00503	0.00157	0.00402	0.00543	0.09036	0.00787
3	0.00996	0.00553	0.00771	0.00737	0.00781	0.00573	0.00514	0.07836	0.00854	0.01146	0.00966	0.01579	0.00926	0.01821	0.06448	0.71961	0.00519	0.00460	0.00257	0.00302
4	0.01250	0.01272	0.01938	0.06115	0.34739	0.07583	0.14010	0.03586	0.03017	0.01614	0.01405	0.01655	0.08568	0.00618	0.00682	0.00169	0.10236	0.00545	0.00291	0.00706
5	0.01462	0.40026	0.16915	0.01282	0.08143	0.04647	0.01173	0.17471	0.01386	0.01783	0.00900	0.01016	0.00726	0.00498	0.00425	0.00136	0.00620	0.00357	0.00290	0.00744
6	0.00737	0.00532	0.00696	0.00655	0.00778	0.00491	0.00491	0.00983	0.01474	0.02088	0.78175	0.03890	0.04914	0.01065	0.00614	0.00164	0.00246	0.00942	0.00573	0.00491
7	0.00737	0.00545	0.00677	0.00706	0.00793	0.00529	0.00495	0.00990	0.07654	0.01629	0.28236	0.37365	0.06797	0.09379	0.00833	0.00220	0.00311	0.01134	0.00501	0.00470

[dist]
# distance from previous block
# <min> <max>
0	3

[block]
# block no. 2 follows, 47 sequences, length 69
# corresponding to MSA columns:
# 62-87,99-141
name=unknown_C
#
# <colnr> <probs for GDERKNQSTAVLIFYWHMCP>
#	G	D	E	R	K	N	Q	S	T	A	V	L	I	F	Y	W	H	M	C	P
0	0.01398	0.69304	0.02494	0.00921	0.01347	0.05281	0.00882	0.01676	0.07508	0.01322	0.00851	0.00941	0.00749	0.00470	0.00358	0.00117	0.00556	0.00308	0.00253	0.03266
1	0.01458	0.50815	0.13602	0.03502	0.01592	0.13023	0.01078	0.05125	0.01198	0.03226	0.00828	0.00947	0.00693	0.00481	0.00396	0.00128	0.00645	0.00322	0.00253	0.00686
2	0.01254	0.01447	0.13185	0.02950	0.67478	0.01233	0.01645	0.01606	0.01173	0.01694	0.00973	0.01262	0.00801	0.00468	0.00513	0.00156	0.00640	0.00453	0.00252	0.00817
3	0.01605	0.12881	0.01543	0.01069	0.01424	0.01491	0.00882	0.40263	0.20982	0.02530	0.01503	0.06169	0.01209	0.02251	0.00544	0.00164	0.00508	0.00537	0.01650	0.00795
4	0.14798	0.12391	0.05172	0.01011	0.01418	0.04847	0.04701	0.16316	0.03940	0.05547	0.02171	0.01272	0.00905	0.00631	0.02871	0.00157	0.00552	0.01754	0.00361	0.19185
5	0.01148	0.00971	0.01071	0.00982	0.01229	0.01113	0.00762	0.02288	0.57729	0.01976	0.05620	0.02166	0.04582	0.01305	0.14358	0.00291	0.00571	0.00619	0.00486	0.00732
6	0.01679	0.35489	0.01969	0.01131	0.01464	0.44934	0.00937	0.01823	0.01280	0.01246	0.00797	0.00972	0.00707	0.02992	0.00480	0.00136	0.00767	0.00325	0.00251	0.00622
7	0.00904	0.00477	0.00684	0.00681	0.00690	0.00483	0.00452	0.00749	0.03045	0.00953	0.01004	0.01748	0.01009	0.08495	0.02041	0.75152	0.00455	0.00482	0.00243	0.00252
8	0.02213	0.00909	0.01205	0.00931	0.01318	0.00814	0.00766	0.08166	0.01563	0.68375	0.06566	0.01859	0.01476	0.00668	0.00529	0.00161	0.00441	0.00545	0.00631	0.00862
9	0.00659	0.00479	0.00621	0.00691	0.00757	0.00442	0.00478	0.00792	0.01133	0.01526	0.21966	0.55500	0.10104	0.01463	0.00648	0.00197	0.00285	0.01313	0.00506	0.00442
10	0.00752	0.00508	0.00593	0.00597	0.00606	0.00515	0.00351	0.00772	0.00772	0.01038	0.01658	0.05756	0.01890	0.72221	0.09456	0.00525	0.00578	0.00762	0.00318	0.00332
11	0.74697	0.03940	0.00901	0.00733	0.01068	0.01221	0.00610	0.06700	0.01014	0.04169	0.00792	0.00895	0.00607	0.00496	0.00341	0.00159	0.00421	0.00300	0.00340	0.00597
12	0.00744	0.00558	0.00837	0.00837	0.00930	0.00651	0.00651	0.00930	0.00837	0.01209	0.01395	0.02046	0.01302	0.03906	0.79635	0.00837	0.01395	0.00558	0.00279	0.00465
13	0.01102	0.15766	0.66430	0.01387	0.02103	0.01350	0.01754	0.01634	0.01093	0.01579	0.00900	0.01056	0.00661	0.00487	0.00468	0.00156	0.00735	0.00367	0.00220	0.00753
14	0.73428	0.01034	0.00862	0.00787	0.02906	0.01184	0.00622	0.07838	0.01045	0.02392	0.03446	0.00996	0.00747	0.00515	0.00354	0.00161	0.00417	0.00325	0.00346	0.00595
15	0.03292	0.01250	0.02564	0.02115	0.13334	0.01189	0.54217	0.01535	0.01185	0.01647	0.01264	0.11489	0.01125	0.00595	0.00599	0.00177	0.00756	0.00694	0.00292	0.00681
16	0.01555	0.01248	0.01324	0.01112	0.01453	0.01417	0.00887	0.30860	0.48993	0.02598	0.01789	0.01680	0.01322	0.00676	0.00526	0.00169	0.00473	0.00543	0.00526	0.00848
17	0.01773	0.02199	0.01353	0.01235	0.01472	0.68216	0.00917	0.01903	0.01415	0.01301	0.05508	0.01323	0.01028	0.07395	0.00662	0.00167	0.00861	0.00407	0.00291	0.00573
18	0.01405	0.41151	0.09113	0.01025	0.01410	0.20027	0.00954	0.01684	0.05389	0.01421	0.07488	0.01310	0.02596	0.00559	0.00421	0.00131	0.00619	0.00395	0.02253	0.00647
19	0.00634	0.00453	0.00604	0.00725	0.00755	0.00423	0.00483	0.00725	0.00997	0.01329	0.02870	0.81358	0.03444	0.01632	0.00665	0.00211	0.00302	0.01480	0.00483	0.00423
20	0.01265	0.01213	0.02078	0.04379	0.73320	0.01214	0.02972	0.01576	0.01193	0.01707	0.03425	0.01375	0.00952	0.00483	0.00521	0.00156	0.00613	0.00482	0.00267	0.00808
21	0.00726	0.00520	0.00663	0.00645	0.00743	0.00485	0.00462	0.00916	0.01312	0.01832	0.57062	0.11643	0.06645	0.12964	0.00918	0.00219	0.00290	0.00974	0.00524	0.00457
22	0.00792	0.05592	0.07390	0.00728	0.00929	0.00641	0.00628	0.01053	0.01393	0.01942	0.60896	0.03567	0.10481	0.01001	0.00588	0.00162	0.00310	0.00868	0.00515	0.00521
23	0.34294	0.01195	0.03360	0.00962	0.01326	0.01268	0.00818	0.32349	0.01612	0.09502	0.01236	0.01525	0.00968	0.00637	0.00460	0.00166	0.00493	0.06663	0.00443	0.00723
24	0.01253	0.01075	0.01367	0.01597	0.23817	0.01152	0.00985	0.09856	0.32751	0.02033	0.02129	0.02120	0.12317	0.00711	0.00529	0.00165	0.00460	0.00608	0.04314	0.00760
25	0.85377	0.01007	0.00765	0.00685	0.01007	0.01168	0.00564	0.01531	0.00886	0.02336	0.00725	0.00846	0.00564	0.00483	0.00322	0.00161	0.00403	0.00282	0.00322	0.00564
26	0.01505	0.30210	0.08843	0.01145	0.05783	0.10750	0.00988	0.17767	0.01447	0.03882	0.03686	0.01230	0.00955	0.00544	0.00433	0.00135	0.00582	0.00397	0.09011	0.00706
27	0.71595	0.08958	0.01008	0.02748	0.01130	0.03117	0.00636	0.02869	0.00948	0.02194	0.00741	0.00868	0.00586	0.00484	0.00335	0.00156	0.00441	0.00291	0.00312	0.00581
28	0.85377	0.01007	0.00765	0.00685	0.01007	0.01168	0.00564	0.01531	0.00886	0.02336	0.00725	0.00846	0.00564	0.00483	0.00322	0.00161	0.00403	0.00282	0.00322	0.00564
29	0.00650	0.00486	0.00594	0.00654	0.00739	0.00437	0.00456	0.00761	0.01102	0.01430	0.12618	0.45832	0.26495	0.01473	0.00691	0.03113	0.00289	0.01263	0.00485	0.00430
30	0.01043	0.08340	0.55881	0.01355	0.01988	0.01191	0.06055	0.01584	0.04239	0.01624	0.03146	0.03474	0.06644	0.00599	0.00507	0.00164	0.00684	0.00492	0.00270	0.00721
31	0.01173	0.02415	0.65875	0.01430	0.02134	0.01180	0.03650	0.01791	0.05711	0.08172	0.01103	0.01214	0.00772	0.00519	0.00502	0.00166	0.00724	0.00415	0.00275	0.00781
32	0.00740	0.00529	0.00722	0.00819	0.00902	0.00511	0.00642	0.00919	0.01155	0.01540	0.13664	0.36769	0.03458	0.01464	0.00682	0.00217	0.00373	0.33943	0.00495	0.00458
33	0.01146	0.00811	0.00894	0.00893	0.05916	0.04507	0.00637	0.01509	0.12195	0.14563	0.07744	0.03319	0.34340	0.00961	0.00558	0.00167	0.00372	0.02149	0.06712	0.00609
34	0.01167	0.30682	0.52087	0.01275	0.01930	0.01510	0.01560	0.01618	0.01085	0.01500	0.00860	0.01006	0.00663	0.00477	0.00438	0.00146	0.00695	0.00347	0.00221	0.00734
35	0.01181	0.35226	0.34261	0.13273	0.02062	0.01561	0.01410	0.01556	0.01068	0.01418	0.00842	0.01035	0.00669	0.00486	0.00454	0.00145	0.02083	0.00354	0.00223	0.00695
36	0.00659	0.00472	0.00602	0.00685	0.00728	0.00441	0.00455	0.00753	0.01014	0.01352	0.09174	0.59199	0.07826	0.12937	0.00940	0.00247	0.00324	0.01310	0.00467	0.00414
37	0.01939	0.03727	0.01503	0.01324	0.01606	0.72671	0.01003	0.07478	0.01539	0.01419	0.00836	0.00960	0.00686	0.00542	0.00471	0.00135	0.00906	0.00344	0.00286	0.00625
38	0.01855	0.08334	0.07872	0.01195	0.01643	0.01620	0.01056	0.64371	0.02223	0.02978	0.01181	0.01203	0.00849	0.00600	0.00503	0.00153	0.00587	0.00446	0.00472	0.00858
39	0.71174	0.01067	0.00882	0.00760	0.01093	0.01224	0.00625	0.12994	0.01128	0.02474	0.00822	0.00927	0.00627	0.00507	0.00353	0.00160	0.00426	0.00314	0.01832	0.00612
40	0.01238	0.04010	0.03923	0.02505	0.50161	0.01302	0.04194	0.03243	0.01129	0.01617	0.01027	0.04501	0.00929	0.00615	0.00750	0.00172	0.15911	0.01759	0.00269	0.00744
41	0.00623	0.00528	0.00538	0.00536	0.00708	0.00443	0.00402	0.00762	0.01205	0.01450	0.09948	0.04940	0.73539	0.01303	0.00615	0.00175	0.00263	0.01089	0.00489	0.00443
42	0.00943	0.00827	0.01477	0.01307	0.01541	0.00800	0.22820	0.01234	0.01198	0.01580	0.02268	0.08053	0.02377	0.01157	0.00686	0.00220	0.00587	0.49967	0.00417	0.00542
43	0.00744	0.00558	0.00837	0.00837	0.00930	0.00651	0.00651	0.00930	0.00837	0.01209	0.01395	0.02046	0.01302	0.03906	0.79635	0.00837	0.01395	0.00558	0.00279	0.00465
44	0.06161	0.00892	0.01188	0.00915	0.01315	0.00784	0.00756	0.02492	0.01463	0.75288	0.01993	0.01730	0.01256	0.00637	0.00514	0.00161	0.00441	0.00513	0.00630	0.00871
45	0.00755	0.00514	0.00615	0.00615	0.00632	0.00531	0.00374	0.00788	0.00771	0.01045	0.01598	0.03169	0.01789	0.68046	0.16161	0.00563	0.00661	0.00722	0.00309	0.00342
46	0.00865	0.00507	0.00599	0.00596	0.00710	0.00484	0.00439	0.01083	0.01227	0.03741	0.29938	0.15195	0.02979	0.00937	0.00507	0.00152	0.00258	0.00811	0.38483	0.00487
47	0.01134	0.01062	0.01776	0.49963	0.27711	0.01208	0.03226	0.04897	0.01157	0.01548	0.00961	0.01350	0.00748	0.00505	0.00521	0.00167	0.00668	0.00467	0.00254	0.00675
48	0.00712	0.00528	0.00664	0.00638	0.00765	0.00480	0.00475	0.00932	0.01404	0.01940	0.62637	0.07798	0.16830	0.01133	0.00617	0.00168	0.00251	0.00993	0.00554	0.00480
49	0.00951	0.10593	0.10592	0.00994	0.02641	0.04691	0.04770	0.01222	0.04637	0.01445	0.02793	0.12609	0.28810	0.00998	0.00657	0.00176	0.07219	0.03263	0.00376	0.00563
50	0.01341	0.73539	0.02588	0.00919	0.01342	0.01923	0.03020	0.01521	0.01087	0.01288	0.04476	0.01140	0.00940	0.00503	0.00366	0.00119	0.00549	0.02434	0.00248	0.00656
51	0.01168	0.04756	0.02579	0.00969	0.04358	0.00953	0.00754	0.03060	0.20271	0.01822	0.01255	0.01378	0.01012	0.00496	0.00435	0.00112	0.00421	0.01649	0.00363	0.52190
52	0.01454	0.01492	0.01960	0.02728	0.59371	0.16558	0.01450	0.05678	0.01309	0.01702	0.00960	0.01219	0.00798	0.00487	0.00507	0.00151	0.00679	0.00439	0.00274	0.00785
53	0.10066	0.01107	0.01135	0.01021	0.01318	0.01282	0.00797	0.02638	0.69517	0.02195	0.01974	0.01829	0.01483	0.00683	0.00508	0.00175	0.00411	0.00557	0.00508	0.00797
54	0.10552	0.05174	0.01536	0.01254	0.06123	0.08108	0.00969	0.50168	0.06610	0.02758	0.01170	0.01207	0.00863	0.00590	0.00488	0.00154	0.00578	0.00436	0.00450	0.00811
55	0.00633	0.00459	0.00598	0.00710	0.00751	0.00424	0.00477	0.00727	0.01011	0.01335	0.03053	0.75564	0.09121	0.01608	0.00661	0.00209	0.00299	0.01452	0.00483	0.00424
56	0.01187	0.01024	0.01190	0.01074	0.08078	0.04427	0.00770	0.09788	0.04825	0.01911	0.12252	0.01676	0.03261	0.00594	0.00529	0.00124	0.04606	0.00477	0.02761	0.39446
57	0.01289	0.01237	0.02114	0.03196	0.78450	0.01237	0.01598	0.01598	0.01186	0.01701	0.00980	0.01289	0.00825	0.00464	0.00516	0.00155	0.00619	0.00464	0.00258	0.00825
58	0.00886	0.00580	0.00630	0.00625	0.00708	0.03358	0.00440	0.01038	0.00943	0.01459	0.01577	0.02378	0.01474	0.26155	0.19924	0.00409	0.00622	0.00580	0.35782	0.00433
59	0.00674	0.00487	0.00638	0.00690	0.00762	0.00451	0.00483	0.00828	0.01192	0.01632	0.32693	0.48047	0.06689	0.01397	0.00643	0.00191	0.00278	0.01254	0.00519	0.00451
60	0.00634	0.00453	0.00604	0.00725	0.00755	0.00423	0.00483	0.00725	0.00997	0.01329	0.02870	0.81358	0.03444	0.01632	0.00665	0.00211	0.00302	0.01480	0.00483	0.00423
61	0.00619	0.00525	0.00534	0.00537	0.00707	0.00440	0.00401	0.00752	0.01186	0.01418	0.06710	0.07621	0.74133	0.01324	0.00617	0.00177	0.00265	0.01109	0.00485	0.00440
62	0.01945	0.02482	0.01476	0.01342	0.01610	0.79608	0.01006	0.02079	0.01476	0.01275	0.00805	0.00939	0.00671	0.00537	0.00470	0.00134	0.00939	0.00335	0.00268	0.00604
63	0.00883	0.00460	0.00663	0.00663	0.00663	0.00460	0.00433	0.00690	0.00690	0.00920	0.01011	0.01846	0.01047	0.13313	0.02124	0.72704	0.00460	0.00496	0.00239	0.00239
64	0.01229	0.01405	0.03073	0.02195	0.02722	0.01317	0.76558	0.01668	0.01229	0.01668	0.01054	0.01405	0.00790	0.00439	0.00615	0.00176	0.00878	0.00615	0.00263	0.00702
65	0.85377	0.01007	0.00765	0.00685	0.01007	0.01168	0.00564	0.01531	0.00886	0.02336	0.00725	0.00846	0.00564	0.00483	0.00322	0.00161	0.00403	0.00282	0.00322	0.00564
66	0.01056	0.05428	0.76370	0.01464	0.02222	0.01239	0.01888	0.01646	0.01098	0.01635	0.00927	0.01090	0.00660	0.00493	0.00489	0.00163	0.00762	0.00381	0.00220	0.00766
67	0.71625	0.01026	0.00856	0.00743	0.01072	0.01166	0.00610	0.07898	0.01056	0.06974	0.00894	0.02611	0.00694	0.00529	0.00358	0.00162	0.00417	0.00337	0.00362	0.00607
68	0.02106	0.00835	0.01135	0.00887	0.01250	0.00726	0.00726	0.02314	0.01488	0.67763	0.13015	0.02077	0.01811	0.00705	0.00537	0.00162	0.00415	0.00584	0.00634	0.00829

[dist]
# distance from previous block
# <min> <max>
0	1

[block]
# block no. 3 follows, 47 sequences, length 20
# corresponding to MSA columns:
# 143-162
name=unknown_D
#
# <colnr> <probs for GDERKNQSTAVLIFYWHMCP>
#	G	D	E	R	K	N	Q	S	T	A	V	L	I	F	Y	W	H	M	C	P
0	0.01211	0.08043	0.01268	0.00850	0.01288	0.10309	0.00687	0.01425	0.01126	0.01606	0.00894	0.01042	0.00750	0.00409	0.00391	0.00087	0.00467	0.00309	0.00296	0.67541
1	0.00888	0.00760	0.00851	0.00806	0.00982	0.04026	0.02502	0.01368	0.18993	0.01776	0.25045	0.16526	0.19852	0.01102	0.00599	0.00178	0.00348	0.02336	0.00506	0.00556
2	0.03896	0.00696	0.00745	0.00728	0.00851	0.07094	0.00535	0.01042	0.01357	0.01876	0.53712	0.19169	0.04105	0.01114	0.00602	0.00171	0.00321	0.00976	0.00521	0.00490
3	0.01013	0.00961	0.01595	0.69473	0.07482	0.01199	0.01428	0.01339	0.01028	0.01344	0.00908	0.01362	0.00700	0.00551	0.00622	0.00177	0.07531	0.00462	0.00233	0.00591
4	0.01289	0.01237	0.02114	0.03196	0.78450	0.01237	0.01598	0.01598	0.01186	0.01701	0.00980	0.01289	0.00825	0.00464	0.00516	0.00155	0.00619	0.00464	0.00258	0.00825
5	0.85377	0.01007	0.00765	0.00685	0.01007	0.01168	0.00564	0.01531	0.00886	0.02336	0.00725	0.00846	0.00564	0.00483	0.00322	0.00161	0.00403	0.00282	0.00322	0.00564
6	0.01278	0.01078	0.01142	0.01022	0.01310	0.01224	0.00801	0.08696	0.62069	0.02183	0.02344	0.02283	0.08263	0.00777	0.00543	0.00177	0.00415	0.03087	0.00523	0.00784
7	0.01023	0.00536	0.00541	0.00522	0.00659	0.00544	0.00396	0.05129	0.01162	0.02011	0.01676	0.01906	0.01311	0.00608	0.00372	0.00123	0.00260	0.00485	0.80229	0.00506
8	0.02306	0.00935	0.01239	0.00950	0.01354	0.00838	0.00785	0.08877	0.01572	0.72355	0.01986	0.01728	0.01255	0.00643	0.00523	0.00161	0.00454	0.00519	0.00634	0.00886
9	0.08897	0.02359	0.01417	0.01287	0.01560	0.73072	0.00969	0.02034	0.01427	0.01363	0.00798	0.00931	0.00662	0.00532	0.00457	0.00136	0.00894	0.00331	0.00273	0.00600
10	0.01139	0.01139	0.01595	0.01367	0.01367	0.01595	0.01139	0.01253	0.00798	0.01253	0.00684	0.01139	0.00684	0.00911	0.01709	0.00228	0.80745	0.00456	0.00228	0.00570
11	0.00647	0.00526	0.00575	0.00595	0.00737	0.00461	0.00434	0.00812	0.03034	0.01468	0.11069	0.21709	0.53399	0.01351	0.00624	0.00183	0.00274	0.01157	0.00493	0.00450
12	0.01023	0.00970	0.01614	0.67371	0.10120	0.01198	0.01436	0.01349	0.01035	0.01358	0.00912	0.01360	0.00705	0.00546	0.00613	0.00176	0.06919	0.00462	0.00233	0.00600
13	0.01363	0.65156	0.08939	0.00995	0.01426	0.01931	0.01003	0.04340	0.01090	0.01340	0.00758	0.00900	0.00677	0.00498	0.00478	0.00128	0.07758	0.00310	0.00234	0.00676
14	0.00683	0.00530	0.00621	0.00598	0.00745	0.00468	0.00449	0.00878	0.01346	0.01784	0.45590	0.04391	0.37688	0.01178	0.00615	0.00169	0.00254	0.01012	0.00533	0.00468
15	0.04935	0.01579	0.27846	0.03148	0.01700	0.01068	0.01187	0.11069	0.06228	0.30639	0.01485	0.01450	0.01002	0.00584	0.00500	0.00162	0.00566	0.00461	0.03583	0.00807
16	0.01507	0.04515	0.01874	0.10928	0.38040	0.19601	0.03412	0.07974	0.01350	0.04479	0.00987	0.01219	0.00790	0.00506	0.00502	0.00151	0.00697	0.00434	0.00292	0.00744
17	0.00700	0.00484	0.00585	0.00636	0.00657	0.00468	0.00394	0.00749	0.00889	0.01184	0.04165	0.36640	0.04806	0.43332	0.01697	0.00362	0.00405	0.01079	0.00398	0.00369
18	0.00686	0.00475	0.00589	0.00659	0.00677	0.00457	0.00413	0.00739	0.00897	0.01196	0.02357	0.48791	0.02796	0.35083	0.01494	0.00334	0.00387	0.01178	0.00413	0.00378
19	0.01419	0.01221	0.01726	0.02201	0.42332	0.01286	0.01252	0.15366	0.19596	0.03826	0.01447	0.01555	0.03238	0.00579	0.00523	0.00161	0.00547	0.00514	0.00385	0.00826

[dist]
# distance from previous block
# <min> <max>
0	1

[block]
# block no. 4 follows, 47 sequences, length 24
# corresponding to MSA columns:
# 164-187
name=unknown_E
#
# <colnr> <probs for GDERKNQSTAVLIFYWHMCP>
#	G	D	E	R	K	N	Q	S	T	A	V	L	I	F	Y	W	H	M	C	P
0	0.02063	0.01021	0.01155	0.00929	0.01270	0.09440	0.00740	0.02268	0.03313	0.58557	0.02005	0.01952	0.04226	0.07769	0.00708	0.00189	0.00496	0.00547	0.00565	0.00786
1	0.01168	0.01187	0.01591	0.01366	0.01376	0.04380	0.01135	0.01283	0.00822	0.01254	0.00688	0.01132	0.00683	0.00898	0.01665	0.00225	0.77896	0.00451	0.00229	0.00571
2	0.00652	0.00495	0.00601	0.00647	0.00744	0.00444	0.00457	0.00790	0.01165	0.01525	0.20596	0.39751	0.27439	0.01405	0.00638	0.00189	0.00277	0.01238	0.00504	0.00444
3	0.01278	0.01111	0.01228	0.01094	0.01390	0.01273	0.03311	0.02675	0.72465	0.02141	0.02106	0.02056	0.01610	0.00722	0.00539	0.00179	0.00430	0.03065	0.00519	0.00809
4	0.00647	0.00526	0.00578	0.00604	0.00753	0.00457	0.00458	0.00791	0.01178	0.01446	0.08235	0.14752	0.57256	0.01359	0.00633	0.00187	0.00291	0.08918	0.00487	0.00444
5	0.01696	0.04655	0.01456	0.01256	0.01516	0.49321	0.00969	0.03613	0.20203	0.01533	0.01125	0.01207	0.00903	0.00610	0.00590	0.00153	0.07789	0.00409	0.00333	0.00663
6	0.02336	0.00886	0.01209	0.00927	0.01329	0.00765	0.00765	0.02538	0.01491	0.78810	0.02055	0.01773	0.01289	0.00645	0.00524	0.00161	0.00443	0.00524	0.00645	0.00886
7	0.01061	0.00968	0.01544	0.71698	0.03357	0.01192	0.01388	0.06101	0.04795	0.01493	0.01003	0.01406	0.00749	0.00536	0.00521	0.00173	0.00673	0.00469	0.00264	0.00609
8	0.01705	0.01648	0.01360	0.01165	0.01478	0.27911	0.00910	0.27291	0.20612	0.02197	0.01460	0.03490	0.02826	0.00657	0.00507	0.00155	0.00634	0.00494	0.02757	0.00742
9	0.01089	0.04226	0.68690	0.01397	0.02096	0.01158	0.01756	0.01632	0.01111	0.05319	0.01104	0.06131	0.00864	0.00572	0.00503	0.00166	0.00720	0.00457	0.00257	0.00751
10	0.01270	0.54153	0.29517	0.01099	0.01659	0.01762	0.01254	0.01591	0.01073	0.01374	0.00798	0.00928	0.00665	0.00463	0.00391	0.00130	0.00632	0.00316	0.00222	0.00704
11	0.01282	0.56852	0.26922	0.01079	0.01628	0.01791	0.01219	0.01588	0.01071	0.01360	0.00791	0.00919	0.00666	0.00461	0.00385	0.00128	0.00624	0.00312	0.00222	0.00700
12	0.00699	0.00521	0.00651	0.00648	0.00767	0.00473	0.00480	0.00898	0.01335	0.01819	0.49686	0.15803	0.19834	0.01213	0.00625	0.00176	0.00264	0.03098	0.00539	0.00470
13	0.01233	0.45725	0.37622	0.01162	0.01756	0.01671	0.01364	0.01600	0.01077	0.01419	0.00820	0.00956	0.00664	0.00468	0.00408	0.00136	0.00654	0.00327	0.00221	0.00715
14	0.00948	0.01200	0.18872	0.02711	0.01424	0.00825	0.06264	0.03889	0.05205	0.01834	0.26537	0.10763	0.05014	0.00827	0.00554	0.00160	0.00464	0.00728	0.00413	0.11368
15	0.01274	0.41562	0.20730	0.01508	0.11465	0.01649	0.12043	0.01601	0.01108	0.01449	0.00853	0.01036	0.00703	0.00459	0.00435	0.00139	0.00661	0.00375	0.00232	0.00717
16	0.03704	0.00743	0.02847	0.12535	0.01341	0.00726	0.00727	0.05301	0.04479	0.08222	0.12632	0.25446	0.11894	0.03776	0.00658	0.00194	0.00407	0.03357	0.00459	0.00551
17	0.00626	0.00519	0.00548	0.00560	0.00715	0.00441	0.00413	0.00760	0.01183	0.01442	0.09793	0.14234	0.64293	0.01340	0.00621	0.00179	0.00267	0.01135	0.00489	0.00441
18	0.00744	0.00554	0.00750	0.00803	0.00915	0.00522	0.02623	0.00896	0.01121	0.01446	0.06164	0.25622	0.19769	0.01446	0.00757	0.05490	0.00383	0.29087	0.00464	0.00446
19	0.01239	0.25435	0.33244	0.01735	0.19676	0.01462	0.05520	0.01630	0.01122	0.03079	0.00912	0.01096	0.00720	0.00473	0.00460	0.00147	0.00672	0.00387	0.00240	0.00752
20	0.01276	0.01232	0.02127	0.05815	0.73350	0.01237	0.04097	0.01591	0.01182	0.01687	0.00980	0.01296	0.00819	0.00465	0.00519	0.00156	0.00630	0.00469	0.00257	0.00812
21	0.00675	0.00483	0.00644	0.00721	0.00782	0.00452	0.00508	0.00816	0.01137	0.01547	0.23022	0.55913	0.03810	0.01468	0.00655	0.00200	0.00298	0.05918	0.00507	0.00445
22	0.02067	0.01170	0.01335	0.01038	0.01424	0.03677	0.00851	0.35760	0.01905	0.37298	0.03749	0.01576	0.01190	0.00643	0.00517	0.00157	0.00504	0.00503	0.03787	0.00851
23	0.01281	0.01159	0.01739	0.27187	0.37168	0.04941	0.01376	0.04073	0.06717	0.05459	0.01147	0.03441	0.00924	0.00547	0.00520	0.00163	0.00625	0.00496	0.00303	0.00731

[dist]
# distance from previous block
# <min> <max>
0	3

[block]
# block no. 5 follows, 47 sequences, length 9
# corresponding to MSA columns:
# 191-199
name=unknown_F
#
# <colnr> <probs for GDERKNQSTAVLIFYWHMCP>
#	G	D	E	R	K	N	Q	S	T	A	V	L	I	F	Y	W	H	M	C	P
0	0.01707	0.01273	0.01356	0.01064	0.01433	0.01380	0.00871	0.61538	0.02196	0.02907	0.02054	0.02002	0.16338	0.00764	0.00540	0.00160	0.00511	0.00595	0.00513	0.00797
1	0.01780	0.00955	0.01272	0.16838	0.01774	0.00977	0.00912	0.08097	0.13335	0.40849	0.06304	0.01807	0.01401	0.00653	0.00529	0.00166	0.00487	0.00542	0.00530	0.00792
2	0.00749	0.00540	0.00744	0.00744	0.00805	0.00600	0.00535	0.00870	0.00809	0.01140	0.01480	0.02517	0.01507	0.30833	0.52988	0.00722	0.01087	0.00627	0.00292	0.00413
3	0.01877	0.01511	0.01607	0.01658	0.20128	0.18123	0.01096	0.27693	0.01743	0.17557	0.01250	0.01297	0.00905	0.00571	0.00509	0.00152	0.00637	0.00450	0.00428	0.00810
4	0.00753	0.00510	0.00594	0.00585	0.00610	0.00502	0.00351	0.00802	0.00901	0.01225	0.16930	0.03504	0.02497	0.65590	0.02244	0.00437	0.00453	0.00794	0.00367	0.00351
5	0.03587	0.03565	0.02055	0.04858	0.52774	0.14463	0.07948	0.01675	0.01223	0.01620	0.00942	0.01219	0.00781	0.00476	0.00507	0.00153	0.00690	0.00446	0.00260	0.00759
6	0.01256	0.05736	0.53589	0.01413	0.02058	0.04463	0.05726	0.06656	0.06593	0.06049	0.01093	0.01205	0.00783	0.00523	0.00499	0.00162	0.00717	0.00418	0.00289	0.00773
7	0.01342	0.01306	0.01360	0.23759	0.02032	0.16711	0.00981	0.11242	0.01325	0.01713	0.00944	0.01162	0.00744	0.00486	0.00459	0.00126	0.00609	0.00379	0.00306	0.33016
8	0.04126	0.00924	0.01403	0.57650	0.02887	0.01096	0.01226	0.05536	0.04056	0.06230	0.04453	0.01713	0.05342	0.00607	0.00523	0.00171	0.00609	0.00521	0.00315	0.00611

[dist]
# distance from previous block
# <min> <max>
4	8

[block]
# block no. 6 follows, 47 sequences, length 31
# corresponding to MSA columns:
# 208-238
name=unknown_G
#
# <colnr> <probs for GDERKNQSTAVLIFYWHMCP>
#	G	D	E	R	K	N	Q	S	T	A	V	L	I	F	Y	W	H	M	C	P
0	0.01242	0.06012	0.13576	0.05897	0.02080	0.09997	0.27905	0.01585	0.01181	0.02697	0.05007	0.01349	0.00958	0.00531	0.00618	0.00157	0.07216	0.00487	0.00278	0.11229
1	0.01461	0.01135	0.01603	0.04882	0.23085	0.01182	0.06255	0.12505	0.20418	0.11608	0.01544	0.03729	0.01204	0.00625	0.00530	0.00164	0.00534	0.02345	0.02105	0.03085
2	0.44601	0.00993	0.03536	0.00833	0.02779	0.01011	0.00671	0.01729	0.08828	0.15342	0.01482	0.02807	0.05821	0.04720	0.00532	0.00180	0.00422	0.00458	0.00406	0.02850
3	0.01212	0.00956	0.01111	0.00822	0.01263	0.00783	0.00658	0.03591	0.08664	0.07079	0.01129	0.01217	0.00890	0.00442	0.00413	0.00095	0.00397	0.00355	0.00359	0.68563
4	0.00714	0.00531	0.00664	0.00631	0.00764	0.00481	0.00473	0.00938	0.01419	0.01958	0.64195	0.04105	0.18975	0.01113	0.00614	0.00166	0.00249	0.00972	0.00556	0.00481
5	0.85377	0.01007	0.00765	0.00685	0.01007	0.01168	0.00564	0.01531	0.00886	0.02336	0.00725	0.00846	0.00564	0.00483	0.00322	0.00161	0.00403	0.00282	0.00322	0.00564
6	0.01318	0.01130	0.01190	0.01064	0.01363	0.01306	0.00830	0.05169	0.75071	0.02214	0.02091	0.01920	0.01567	0.00704	0.00530	0.00176	0.00417	0.00585	0.00530	0.00826
7	0.01592	0.01593	0.01266	0.01127	0.01407	0.31801	0.00866	0.05708	0.31849	0.06773	0.09187	0.01703	0.01512	0.00668	0.00514	0.00157	0.00611	0.00515	0.00439	0.00711
8	0.00744	0.00558	0.00837	0.00837	0.00930	0.00651	0.00651	0.00930	0.00837	0.01209	0.01395	0.02046	0.01302	0.03906	0.79635	0.00837	0.01395	0.00558	0.00279	0.00465
9	0.01323	0.01193	0.01793	0.19941	0.22813	0.01318	0.08857	0.14291	0.15655	0.01946	0.01220	0.01432	0.00938	0.00568	0.00586	0.00169	0.04356	0.00503	0.00346	0.00754
10	0.01047	0.00991	0.01677	0.64353	0.19183	0.01174	0.01478	0.01386	0.01071	0.01408	0.00937	0.01368	0.00721	0.00509	0.00520	0.00170	0.00678	0.00463	0.00237	0.00630
11	0.00731	0.00532	0.00688	0.00649	0.00774	0.00489	0.00487	0.00972	0.01460	0.02056	0.74700	0.03943	0.08409	0.01077	0.00614	0.00164	0.00247	0.00949	0.00569	0.00489
12	0.00872	0.00885	0.00720	0.00691	0.00877	0.14886	0.00518	0.01017	0.01272	0.01460	0.12774	0.04141	0.55728	0.01147	0.00589	0.00167	0.00385	0.00942	0.00455	0.00475
13	0.01080	0.00926	0.01080	0.00771	0.01234	0.00694	0.00617	0.01311	0.01080	0.01697	0.00926	0.01080	0.00771	0.00386	0.00386	0.00077	0.00386	0.00309	0.00309	0.84882
14	0.03094	0.01387	0.20087	0.10672	0.05038	0.01095	0.01144	0.06983	0.20729	0.07903	0.07578	0.02019	0.06850	0.00696	0.00531	0.00170	0.00533	0.02357	0.00410	0.00724
15	0.01230	0.01314	0.02541	0.13279	0.25327	0.03136	0.42102	0.01611	0.01196	0.01622	0.01008	0.01357	0.00784	0.00460	0.00569	0.00168	0.00777	0.00542	0.00257	0.00719
16	0.01045	0.02694	0.79000	0.01484	0.02254	0.01209	0.01924	0.01649	0.01099	0.01649	0.00935	0.01099	0.00660	0.00495	0.00495	0.00165	0.00770	0.00385	0.00220	0.00770
17	0.00619	0.00515	0.00541	0.00561	0.00712	0.00437	0.00411	0.00744	0.01155	0.01394	0.04867	0.17965	0.65549	0.01372	0.00624	0.00182	0.00270	0.01164	0.00484	0.00437
18	0.01912	0.07224	0.01550	0.01315	0.01594	0.74984	0.00999	0.02048	0.01451	0.01272	0.00800	0.00933	0.00671	0.00531	0.00461	0.00133	0.00916	0.00332	0.00266	0.00608
19	0.02030	0.01070	0.01293	0.00998	0.01392	0.01047	0.00819	0.27442	0.03622	0.42639	0.05572	0.01663	0.01311	0.00644	0.00519	0.00155	0.00473	0.00514	0.00575	0.06222
20	0.01468	0.01205	0.01421	0.04796	0.12474	0.06582	0.02617	0.20074	0.18383	0.07561	0.07149	0.01958	0.05443	0.00710	0.00581	0.00167	0.03363	0.02849	0.00449	0.00752
21	0.01036	0.07626	0.52912	0.01467	0.09434	0.01147	0.01575	0.01517	0.01159	0.01678	0.11665	0.01610	0.03776	0.00593	0.00506	0.00160	0.00652	0.00485	0.00281	0.00719
22	0.00974	0.00887	0.01450	0.66964	0.03170	0.01085	0.01343	0.01343	0.03543	0.01389	0.01216	0.02022	0.01039	0.00653	0.00548	0.00183	0.00656	0.10688	0.00275	0.00573
23	0.01403	0.62879	0.02701	0.01143	0.01590	0.07256	0.13737	0.01614	0.01116	0.01304	0.00785	0.00939	0.00689	0.00451	0.00391	0.00124	0.00638	0.00339	0.00233	0.00670
24	0.01290	0.13616	0.14007	0.03637	0.13952	0.04364	0.29905	0.06768	0.01262	0.01684	0.01042	0.02713	0.00848	0.00511	0.00528	0.00160	0.00733	0.01980	0.00275	0.00723
25	0.00757	0.00505	0.00568	0.00568	0.00568	0.00505	0.00316	0.00757	0.00757	0.01010	0.01641	0.03408	0.01893	0.81698	0.02651	0.00505	0.00505	0.00757	0.00316	0.00316
26	0.00905	0.00452	0.00678	0.00678	0.00678	0.00452	0.00452	0.00678	0.00678	0.00905	0.00905	0.01583	0.00905	0.01809	0.02035	0.84848	0.00452	0.00452	0.00226	0.00226
27	0.01182	0.01448	0.16706	0.06791	0.27929	0.01151	0.21737	0.01564	0.01173	0.04236	0.01230	0.06180	0.01061	0.00593	0.00559	0.00171	0.00690	0.04584	0.00289	0.00727
28	0.01329	0.01274	0.01951	0.14676	0.58595	0.07240	0.01502	0.01626	0.01197	0.04217	0.00994	0.01293	0.00809	0.00484	0.00513	0.00156	0.00649	0.00456	0.00268	0.00773
29	0.01057	0.02605	0.73790	0.01533	0.02286	0.01217	0.07045	0.01651	0.01108	0.01651	0.00943	0.01120	0.00669	0.00491	0.00503	0.00166	0.00777	0.00401	0.00223	0.00765
30	0.01098	0.02586	0.72390	0.01495	0.02238	0.01234	0.04514	0.05456	0.01172	0.01733	0.00955	0.01118	0.00676	0.00499	0.00500	0.00165	0.00763	0.00397	0.00237	0.00773

[dist]
# distance from previous block
# <min> <max>
0	2

[block]
# block no. 7 follows, 47 sequences, length 16
# corresponding to MSA columns:
# 241-256
name=unknown_H
#
# <colnr> <probs for GDERKNQSTAVLIFYWHMCP>
#	G	D	E	R	K	N	Q	S	T	A	V	L	I	F	Y	W	H	M	C	P
0	0.01045	0.02694	0.79000	0.01484	0.02254	0.01209	0.01924	0.01649	0.01099	0.01649	0.00935	0.01099	0.00660	0.00495	0.00495	0.00165	0.00770	0.00385	0.00220	0.00770
1	0.01235	0.01187	0.02048	0.13300	0.63512	0.01214	0.04611	0.01553	0.01169	0.01647	0.01021	0.01423	0.00861	0.00495	0.00525	0.00160	0.00636	0.02364	0.00260	0.00779
2	0.01298	0.01140	0.01950	0.12857	0.35222	0.01183	0.13566	0.04369	0.01217	0.08333	0.02494	0.03781	0.03035	0.00588	0.00630	0.00169	0.06575	0.00547	0.00314	0.00733
3	0.00983	0.00926	0.01562	0.80447	0.03587	0.01157	0.01446	0.01331	0.01041	0.01331	0.00926	0.01388	0.00694	0.00521	0.00521	0.00174	0.00694	0.00463	0.00231	0.00579
4	0.00798	0.00699	0.01171	0.01105	0.05019	0.00652	0.15435	0.00998	0.01149	0.01546	0.14937	0.41445	0.10501	0.01216	0.00634	0.00190	0.00418	0.01134	0.00444	0.00511
5	0.01454	0.07728	0.46905	0.01319	0.01946	0.01147	0.05565	0.01902	0.01217	0.24000	0.01251	0.01293	0.00850	0.00532	0.00498	0.00161	0.00666	0.00430	0.00346	0.00793
6	0.01528	0.03511	0.18080	0.01390	0.01874	0.01068	0.22357	0.01937	0.04927	0.27748	0.03771	0.01707	0.04669	0.00602	0.00571	0.00168	0.02364	0.00554	0.00413	0.00763
7	0.01062	0.06764	0.75086	0.01454	0.02207	0.01253	0.01871	0.01645	0.01097	0.01627	0.00924	0.01086	0.00660	0.00492	0.00487	0.00162	0.00759	0.00379	0.00220	0.00764
8	0.01097	0.00962	0.01593	0.50615	0.19655	0.01110	0.01368	0.01405	0.01092	0.05113	0.01150	0.05539	0.00974	0.00614	0.00566	0.00175	0.02768	0.03290	0.00279	0.00636
9	0.01146	0.03730	0.23636	0.07113	0.16575	0.01093	0.04854	0.09842	0.01287	0.03303	0.01807	0.05598	0.12681	0.00706	0.00534	0.00166	0.00589	0.02375	0.02268	0.00697
10	0.01278	0.01012	0.01675	0.41387	0.13173	0.01107	0.08841	0.03755	0.03425	0.13376	0.01370	0.01620	0.04542	0.00570	0.00535	0.00169	0.00632	0.00522	0.00331	0.00681
11	0.01215	0.01087	0.01754	0.20166	0.37516	0.02816	0.06295	0.03765	0.01173	0.03410	0.01108	0.03192	0.00911	0.00572	0.00575	0.02516	0.02046	0.00497	0.08691	0.00695
12	0.01072	0.08655	0.39752	0.26210	0.05834	0.01221	0.01583	0.01514	0.01084	0.03018	0.01028	0.04908	0.00820	0.00553	0.00499	0.00165	0.00693	0.00457	0.00246	0.00690
13	0.01118	0.05118	0.18040	0.04376	0.07183	0.01095	0.19933	0.06801	0.03219	0.03049	0.03651	0.17087	0.01537	0.00780	0.00571	0.00177	0.00624	0.04627	0.00345	0.00667
14	0.01322	0.04188	0.52048	0.01511	0.05723	0.05883	0.06908	0.01802	0.01192	0.12957	0.01097	0.01213	0.00770	0.00513	0.00503	0.00161	0.00727	0.00420	0.00290	0.00772
15	0.01097	0.01108	0.01715	0.38725	0.13610	0.07922	0.12425	0.01400	0.01135	0.01450	0.03360	0.11310	0.01185	0.00655	0.00550	0.00172	0.00671	0.00614	0.00284	0.00613

[dist]
# distance from previous block
# <min> <max>
0	2

[block]
# block no. 8 follows, 47 sequences, length 10
# corresponding to MSA columns:
# 259-268
name=unknown_I
#
# <colnr> <probs for GDERKNQSTAVLIFYWHMCP>
#	G	D	E	R	K	N	Q	S	T	A	V	L	I	F	Y	W	H	M	C	P
0	0.00964	0.00638	0.00827	0.00825	0.00944	0.02501	0.02424	0.01092	0.01109	0.12801	0.04341	0.50994	0.09819	0.01347	0.00688	0.00199	0.04512	0.02975	0.00485	0.00515
1	0.01045	0.02694	0.79000	0.01484	0.02254	0.01209	0.01924	0.01649	0.01099	0.01649	0.00935	0.01099	0.00660	0.00495	0.00495	0.00165	0.00770	0.00385	0.00220	0.00770
2	0.01108	0.07072	0.41577	0.10188	0.07392	0.03683	0.08755	0.01617	0.05066	0.01587	0.01120	0.06486	0.00920	0.00574	0.00513	0.00166	0.00704	0.00495	0.00263	0.00714
3	0.01065	0.07108	0.61156	0.01563	0.09362	0.01209	0.01735	0.01582	0.01105	0.01613	0.01070	0.04379	0.00872	0.00568	0.00502	0.00165	0.00714	0.03243	0.00244	0.00745
4	0.01031	0.00991	0.08670	0.23032	0.01957	0.00883	0.08169	0.01395	0.05613	0.08494	0.11837	0.08034	0.14644	0.00831	0.00570	0.00175	0.00519	0.02157	0.00396	0.00603
5	0.01079	0.01011	0.01604	0.45986	0.22268	0.03445	0.01352	0.01349	0.01052	0.01389	0.00992	0.04214	0.00840	0.00658	0.00688	0.06253	0.04466	0.00495	0.00248	0.00611
6	0.01294	0.01192	0.05785	0.21102	0.13278	0.02886	0.15896	0.08169	0.04745	0.08972	0.01364	0.08575	0.01146	0.00647	0.00554	0.00172	0.00641	0.02536	0.00348	0.00699
7	0.00966	0.01069	0.08880	0.67850	0.03277	0.01117	0.01425	0.01324	0.01056	0.01366	0.01202	0.01591	0.05609	0.00569	0.00524	0.00173	0.00674	0.00496	0.00246	0.00588
8	0.07160	0.10691	0.58111	0.01528	0.09334	0.01298	0.01688	0.01626	0.01088	0.01659	0.00902	0.01072	0.00669	0.00486	0.00468	0.00158	0.00707	0.00374	0.00231	0.00750
9	0.01046	0.07585	0.40906	0.01243	0.01758	0.01082	0.06948	0.01541	0.05974	0.03181	0.05362	0.09394	0.03794	0.00703	0.00521	0.00167	0.00609	0.02828	0.04674	0.00681

[dist]
# distance from previous block
# <min> <max>
0	6

[block]
# block no. 9 follows, 47 sequences, length 7
# corresponding to MSA columns:
# 275-281
name=unknown_J
#
# <colnr> <probs for GDERKNQSTAVLIFYWHMCP>
#	G	D	E	R	K	N	Q	S	T	A	V	L	I	F	Y	W	H	M	C	P
0	0.01270	0.01423	0.18972	0.05986	0.27185	0.01098	0.05318	0.06249	0.04345	0.09212	0.04336	0.09680	0.01288	0.00653	0.00537	0.00167	0.00595	0.00589	0.00348	0.00749
1	0.01242	0.02247	0.57116	0.01621	0.09367	0.01163	0.06515	0.01757	0.01165	0.11346	0.01087	0.01221	0.00763	0.00507	0.00508	0.00164	0.00721	0.00424	0.00280	0.00785
2	0.01733	0.01423	0.06501	0.01423	0.11162	0.13317	0.01076	0.14824	0.04540	0.22398	0.01369	0.01557	0.01034	0.00665	0.00677	0.00168	0.11149	0.03797	0.00422	0.00765
3	0.01334	0.01209	0.09081	0.01865	0.24089	0.01042	0.14573	0.06577	0.01294	0.13245	0.01572	0.11217	0.01408	0.00738	0.00571	0.00176	0.00598	0.08303	0.00380	0.00728
4	0.00902	0.01009	0.11174	0.07413	0.19766	0.00814	0.03017	0.01162	0.01124	0.01534	0.06533	0.27088	0.09523	0.01017	0.00591	0.00184	0.00487	0.05693	0.00376	0.00592
5	0.01183	0.00939	0.01481	0.62959	0.03092	0.01121	0.01302	0.01618	0.08323	0.11141	0.01180	0.01489	0.00854	0.00554	0.00522	0.00172	0.00636	0.00482	0.00311	0.00640
6	0.01232	0.10433	0.50205	0.01704	0.16594	0.01266	0.01662	0.01702	0.01143	0.07869	0.01012	0.01163	0.00743	0.00496	0.00485	0.00157	0.00693	0.00400	0.00262	0.00779

[dist]
# distance from previous block
# <min> <max>
0	52

[block]
# block no. 10 follows, 47 sequences, length 38
# corresponding to MSA columns:
# 364-401
name=unknown_K
#
# <colnr> <probs for GDERKNQSTAVLIFYWHMCP>
#	G	D	E	R	K	N	Q	S	T	A	V	L	I	F	Y	W	H	M	C	P
0	0.08084	0.14427	0.23109	0.10415	0.04546	0.08541	0.02785	0.03359	0.02527	0.05682	0.05468	0.01526	0.01123	0.00632	0.00523	0.00175	0.00671	0.01545	0.00343	0.04520
1	0.03574	0.09015	0.26400	0.07731	0.01851	0.05593	0.03537	0.07750	0.08140	0.08770	0.02660	0.01431	0.03681	0.00578	0.00513	0.00156	0.02282	0.00453	0.00339	0.05545
2	0.07949	0.01141	0.01355	0.15145	0.04822	0.05381	0.00980	0.16924	0.06965	0.11163	0.06909	0.01513	0.01181	0.00643	0.00640	0.00164	0.09907	0.00484	0.00401	0.06331
3	0.03139	0.01020	0.01378	0.11743	0.22037	0.06759	0.03424	0.01399	0.05032	0.01639	0.09987	0.13011	0.03113	0.00769	0.00540	0.00162	0.00521	0.04022	0.00357	0.09947
4	0.04257	0.03655	0.15326	0.01135	0.01557	0.08076	0.01040	0.20478	0.20882	0.06583	0.01429	0.04501	0.01103	0.00627	0.00498	0.00156	0.00561	0.00492	0.00422	0.07218
5	0.03907	0.05450	0.08861	0.38720	0.03562	0.01138	0.08461	0.03881	0.03013	0.07028	0.01435	0.04480	0.06632	0.00620	0.00523	0.00169	0.00626	0.00546	0.00310	0.00638
6	0.01875	0.01260	0.07089	0.01057	0.01466	0.01183	0.00920	0.37840	0.03453	0.27078	0.01827	0.01732	0.07039	0.00677	0.00523	0.00159	0.00509	0.00532	0.02950	0.00830
7	0.01108	0.15701	0.51237	0.01272	0.01883	0.01307	0.01514	0.01709	0.09796	0.01672	0.07038	0.01368	0.01097	0.00555	0.00481	0.00157	0.00653	0.00433	0.00283	0.00737
8	0.01143	0.01576	0.29759	0.14877	0.01939	0.06783	0.01266	0.01514	0.01215	0.09502	0.13036	0.06597	0.03240	0.00736	0.00543	0.00170	0.00604	0.04492	0.00357	0.00652
9	0.00867	0.00586	0.00830	0.00995	0.06926	0.00559	0.00687	0.01023	0.01103	0.07182	0.02632	0.48806	0.02959	0.01415	0.00657	0.00211	0.00385	0.21193	0.00477	0.00504
10	0.01006	0.00949	0.01603	0.74702	0.09154	0.01163	0.01458	0.01350	0.01052	0.01358	0.00930	0.01381	0.00704	0.00516	0.00520	0.00172	0.00689	0.00463	0.00233	0.00597
11	0.01174	0.07427	0.02126	0.29707	0.13734	0.01280	0.23560	0.04481	0.04296	0.01595	0.01107	0.02531	0.00901	0.00541	0.00543	0.00169	0.00698	0.03176	0.00280	0.00674
12	0.04359	0.01484	0.12153	0.01754	0.02255	0.01267	0.44705	0.13075	0.01390	0.06043	0.01207	0.04745	0.00945	0.00549	0.00573	0.00172	0.00749	0.01512	0.00331	0.00729
13	0.00955	0.00895	0.01482	0.74234	0.03363	0.01101	0.01365	0.01285	0.01053	0.01336	0.01264	0.01670	0.06723	0.00583	0.00528	0.00174	0.00661	0.00512	0.00251	0.00568
14	0.01742	0.01625	0.01617	0.07390	0.03405	0.21501	0.06889	0.37827	0.06398	0.02340	0.01258	0.01343	0.03071	0.00601	0.00518	0.00155	0.00682	0.00471	0.00408	0.00758
15	0.01366	0.01424	0.09214	0.02348	0.31781	0.03281	0.29463	0.01730	0.01224	0.09555	0.01102	0.01352	0.00838	0.00488	0.00577	0.00165	0.02512	0.00516	0.00296	0.00769
16	0.01045	0.02694	0.79000	0.01484	0.02254	0.01209	0.01924	0.01649	0.01099	0.01649	0.00935	0.01099	0.00660	0.00495	0.00495	0.00165	0.00770	0.00385	0.00220	0.00770
17	0.02083	0.00907	0.01178	0.00935	0.01306	0.00839	0.00761	0.02497	0.14077	0.62247	0.05910	0.01908	0.01522	0.00676	0.00529	0.00164	0.00428	0.00556	0.00622	0.00856
18	0.01132	0.01336	0.08416	0.28015	0.04596	0.01261	0.42289	0.01543	0.01145	0.01545	0.00991	0.01366	0.00746	0.00483	0.00601	0.00175	0.02906	0.00539	0.00248	0.00666
19	0.01247	0.06291	0.43508	0.04177	0.02270	0.02774	0.20704	0.04505	0.01212	0.06896	0.01039	0.01221	0.00746	0.00495	0.00520	0.00164	0.00757	0.00452	0.00272	0.00750
20	0.00637	0.00462	0.00602	0.00707	0.00752	0.00427	0.00477	0.00738	0.01032	0.01368	0.06276	0.72112	0.09322	0.01583	0.00659	0.00207	0.00297	0.01428	0.00487	0.00427
21	0.00623	0.00527	0.00540	0.00548	0.00716	0.00444	0.00412	0.00756	0.01180	0.01408	0.05109	0.08026	0.73149	0.01335	0.00620	0.00179	0.00271	0.03235	0.00483	0.00440
