[name]
unknown

[dist]
# distance from previous block
# <min> <max>
0	44

[block]
# block no. 0 follows, 53 sequences, length 9
# corresponding to MSA columns:
# 46-54
name=unknown_A
#
# <colnr> <probs for GDERKNQSTAVLIFYWHMCP>
#	G	D	E	R	K	N	Q	S	T	A	V	L	I	F	Y	W	H	M	C	P
0	0.03082	0.00623	0.00781	0.00763	0.00924	0.00608	0.00612	0.07792	0.01211	0.12871	0.11278	0.17148	0.08023	0.03537	0.00623	0.00188	0.00366	0.25025	0.04033	0.00513
1	0.05297	0.01256	0.01494	0.01352	0.12694	0.01354	0.03895	0.55154	0.04303	0.02608	0.01094	0.01154	0.00804	0.00532	0.00467	0.00141	0.00523	0.00423	0.00417	0.05039
2	0.00905	0.05219	0.08561	0.41910	0.06591	0.00964	0.01107	0.01228	0.03951	0.01346	0.04553	0.12949	0.01203	0.00633	0.00480	0.00153	0.00533	0.00556	0.00274	0.06884
3	0.00598	0.00425	0.00559	0.00650	0.00682	0.00399	0.00433	0.00686	0.00933	0.01252	0.08536	0.70859	0.03160	0.07493	0.00741	0.00211	0.00287	0.01271	0.00439	0.00386
4	0.00702	0.00479	0.00621	0.00686	0.00746	0.00465	0.00475	0.00859	0.04827	0.04571	0.04953	0.59420	0.02815	0.08781	0.04071	0.00238	0.00350	0.04088	0.00433	0.00421
5	0.03493	0.01123	0.04735	0.03840	0.57633	0.02520	0.04236	0.01375	0.01052	0.01510	0.01105	0.08321	0.02459	0.00554	0.00529	0.00151	0.03905	0.00513	0.00258	0.00688
6	0.00604	0.00437	0.00568	0.00647	0.00697	0.00406	0.00445	0.00712	0.00988	0.01322	0.13767	0.61073	0.08534	0.04044	0.00661	0.00195	0.00279	0.03772	0.00450	0.00397
7	0.01980	0.00819	0.01092	0.00830	0.01208	0.00693	0.00683	0.02169	0.01314	0.69293	0.01738	0.01536	0.01115	0.00558	0.00463	0.00137	0.00399	0.00453	0.00548	0.12973
8	0.01078	0.01144	0.01756	0.15405	0.15946	0.09598	0.21795	0.01335	0.01057	0.01360	0.01417	0.01661	0.11994	0.00603	0.00655	0.00160	0.11659	0.00532	0.00261	0.00585

[dist]
# distance from previous block
# <min> <max>
0	3

[block]
# block no. 1 follows, 53 sequences, length 10
# corresponding to MSA columns:
# 58-65,75,76
name=unknown_B
#
# <colnr> <probs for GDERKNQSTAVLIFYWHMCP>
#	G	D	E	R	K	N	Q	S	T	A	V	L	I	F	Y	W	H	M	C	P
0	0.01079	0.00790	0.00762	0.05319	0.00980	0.07522	0.00558	0.05884	0.16701	0.01811	0.01503	0.01639	0.01163	0.00566	0.00389	0.00127	0.00349	0.00451	0.51865	0.00542
1	0.00792	0.00597	0.00804	0.01002	0.16390	0.00597	0.00524	0.00849	0.00773	0.01053	0.01385	0.02741	0.01542	0.66721	0.02043	0.00399	0.00484	0.00641	0.00279	0.00383
2	0.00974	0.00572	0.00836	0.00785	0.00926	0.00618	0.00618	0.01147	0.00888	0.16927	0.01401	0.01828	0.01193	0.02989	0.65215	0.00645	0.01106	0.00506	0.00323	0.00504
3	0.00892	0.00499	0.00661	0.00692	0.00795	0.00452	0.00491	0.00998	0.01015	0.17020	0.02614	0.62151	0.07244	0.01300	0.00582	0.00183	0.00301	0.01164	0.00473	0.00474
4	0.01720	0.01448	0.10104	0.01080	0.01464	0.12339	0.00945	0.34813	0.10081	0.19173	0.01303	0.01264	0.00912	0.00561	0.00470	0.00144	0.00551	0.00427	0.00441	0.00759
5	0.65113	0.01090	0.05137	0.00762	0.01097	0.01156	0.00662	0.16786	0.01109	0.02283	0.00772	0.00863	0.00581	0.00470	0.00341	0.00147	0.00419	0.00298	0.00327	0.00587
6	0.00744	0.00584	0.00831	0.00872	0.04659	0.00597	0.04702	0.03985	0.00929	0.01258	0.02008	0.47415	0.02315	0.18294	0.03639	0.00263	0.05091	0.01015	0.00373	0.00426
7	0.05970	0.01080	0.02833	0.03654	0.07591	0.02625	0.15756	0.05278	0.02185	0.01472	0.02177	0.05171	0.00902	0.00714	0.02070	0.00182	0.32810	0.01704	0.00266	0.05561
8	0.01360	0.01190	0.03329	0.01874	0.25056	0.04381	0.25656	0.08656	0.04625	0.13099	0.01153	0.01381	0.00883	0.04460	0.00597	0.00165	0.00618	0.00490	0.00325	0.00703
9	0.58711	0.02646	0.04758	0.05542	0.03200	0.07092	0.00706	0.03765	0.02591	0.04496	0.00814	0.02427	0.00643	0.00481	0.00350	0.00147	0.00450	0.00320	0.00301	0.00559

[dist]
# distance from previous block
# <min> <max>
0	1

[block]
# block no. 2 follows, 53 sequences, length 6
# corresponding to MSA columns:
# 78-83
name=unknown_C
#
# <colnr> <probs for GDERKNQSTAVLIFYWHMCP>
#	G	D	E	R	K	N	Q	S	T	A	V	L	I	F	Y	W	H	M	C	P
0	0.04002	0.22229	0.18017	0.01039	0.03866	0.03209	0.00979	0.06028	0.21762	0.01636	0.04701	0.01486	0.05939	0.00579	0.00460	0.00142	0.02495	0.00444	0.00327	0.00660
1	0.00761	0.00447	0.00506	0.00535	0.00627	0.00440	0.00389	0.00932	0.00967	0.01529	0.02130	0.23461	0.09210	0.01129	0.07433	0.00195	0.00330	0.00746	0.47808	0.00425
2	0.00871	0.00764	0.01203	0.37279	0.17248	0.00854	0.00992	0.01077	0.00916	0.01212	0.01295	0.06480	0.04311	0.22385	0.01004	0.00238	0.00542	0.00573	0.00260	0.00498
3	0.01178	0.00843	0.01129	0.22200	0.01718	0.00761	0.00792	0.01413	0.01050	0.15849	0.01038	0.01182	0.00776	0.00430	0.00410	0.00108	0.00438	0.00356	0.00321	0.48007
4	0.00665	0.00451	0.00530	0.00559	0.00567	0.00444	0.00330	0.00687	0.00753	0.01004	0.01804	0.24176	0.02113	0.61641	0.01952	0.00392	0.00414	0.00870	0.00330	0.00316
5	0.00925	0.00949	0.00767	0.00739	0.00885	0.21760	0.00543	0.01065	0.01193	0.01406	0.23871	0.13686	0.25113	0.04233	0.00609	0.00165	0.00415	0.00818	0.00408	0.00450

[dist]
# distance from previous block
# <min> <max>
0	2

[block]
# block no. 3 follows, 53 sequences, length 15
# corresponding to MSA columns:
# 86-100
name=unknown_D
#
# <colnr> <probs for GDERKNQSTAVLIFYWHMCP>
#	G	D	E	R	K	N	Q	S	T	A	V	L	I	F	Y	W	H	M	C	P
0	0.00680	0.00484	0.00616	0.00586	0.00676	0.00453	0.00419	0.00861	0.01223	0.01721	0.64467	0.03483	0.03962	0.17222	0.00933	0.00212	0.00272	0.00831	0.00479	0.00419
1	0.12402	0.23385	0.26853	0.00904	0.01341	0.01141	0.00983	0.01381	0.01018	0.07924	0.01652	0.01674	0.16335	0.00601	0.00418	0.00139	0.00493	0.00455	0.00295	0.00605
2	0.61034	0.17316	0.01130	0.00719	0.01041	0.04414	0.00618	0.06310	0.00956	0.01959	0.00699	0.00801	0.00559	0.00447	0.00315	0.00138	0.00427	0.00271	0.00287	0.00557
3	0.01122	0.01188	0.11159	0.02574	0.01562	0.01114	0.18758	0.16509	0.01198	0.01682	0.01249	0.03594	0.04927	0.06968	0.03078	0.00203	0.16245	0.00525	0.05750	0.00596
4	0.18011	0.01217	0.02402	0.01741	0.02187	0.01182	0.63081	0.01506	0.01066	0.01652	0.00907	0.01188	0.00684	0.00411	0.00511	0.00159	0.00720	0.00504	0.00252	0.00620
5	0.00658	0.00473	0.00609	0.00604	0.00702	0.00436	0.00442	0.00850	0.01244	0.01744	0.58742	0.19245	0.07968	0.01080	0.00567	0.00158	0.00236	0.00958	0.02849	0.00436
6	0.86579	0.00924	0.00702	0.00629	0.00924	0.01072	0.00518	0.01405	0.00813	0.02144	0.00666	0.00776	0.00518	0.00444	0.00296	0.00148	0.00370	0.00259	0.00296	0.00518
7	0.00654	0.00508	0.00736	0.16740	0.01209	0.00527	0.00619	0.00796	0.00962	0.01282	0.09120	0.59752	0.02782	0.01250	0.00580	0.00183	0.00344	0.01131	0.00405	0.00422
8	0.00627	0.00473	0.00579	0.00582	0.00691	0.00425	0.00425	0.00796	0.01194	0.01606	0.43914	0.19526	0.25127	0.01144	0.00573	0.00162	0.00240	0.01002	0.00487	0.00425
9	0.03603	0.00960	0.01463	0.47894	0.10413	0.01121	0.05112	0.05057	0.16522	0.01534	0.01085	0.01346	0.00820	0.00506	0.00478	0.00157	0.00575	0.00450	0.00285	0.00616
10	0.01152	0.00904	0.01144	0.00849	0.01244	0.00763	0.05123	0.08014	0.01137	0.07918	0.01042	0.01291	0.00855	0.00453	0.00429	0.00099	0.02238	0.04128	0.00328	0.60885
11	0.01389	0.51829	0.03752	0.01076	0.06301	0.21884	0.00902	0.01612	0.05066	0.01216	0.00767	0.00874	0.00666	0.00444	0.00361	0.00114	0.00601	0.00296	0.00231	0.00617
12	0.00654	0.00473	0.00610	0.00605	0.00698	0.00437	0.00438	0.00836	0.01223	0.01704	0.57691	0.19262	0.07238	0.05159	0.00665	0.00175	0.00248	0.00960	0.00495	0.00429
13	0.00896	0.00620	0.00788	0.00816	0.00963	0.00622	0.00670	0.05035	0.08220	0.06542	0.06429	0.15886	0.09730	0.01175	0.00603	0.00194	0.00384	0.39466	0.00461	0.00500
14	0.01222	0.05276	0.05371	0.03457	0.49743	0.04291	0.03765	0.09376	0.01215	0.02742	0.02819	0.02674	0.04898	0.00515	0.00475	0.00143	0.00557	0.00469	0.00283	0.00709

[dist]
# distance from previous block
# <min> <max>
12	18

[block]
# block no. 4 follows, 53 sequences, length 48
# corresponding to MSA columns:
# 150-160,166-181,215-217,219-221,226-240
name=unknown_E
#
# <colnr> <probs for GDERKNQSTAVLIFYWHMCP>
#	G	D	E	R	K	N	Q	S	T	A	V	L	I	F	Y	W	H	M	C	P
0	0.12233	0.02561	0.01364	0.00992	0.01397	0.01003	0.12347	0.19572	0.01295	0.04025	0.00937	0.01058	0.00721	0.00432	0.00410	0.00114	0.00469	0.00362	0.00331	0.38378
1	0.24195	0.13648	0.18877	0.01320	0.14563	0.09043	0.02077	0.01467	0.00988	0.01585	0.02354	0.00983	0.00691	0.00479	0.00467	0.00143	0.05918	0.00338	0.00245	0.00617
2	0.00961	0.00630	0.00795	0.00732	0.00883	0.00668	0.00565	0.11293	0.01082	0.08026	0.03624	0.04958	0.08981	0.08393	0.37040	0.00450	0.00777	0.00592	0.09051	0.00498
3	0.00668	0.00488	0.00627	0.00592	0.00709	0.00447	0.00444	0.00885	0.01332	0.01868	0.74094	0.03651	0.10415	0.00995	0.00564	0.00151	0.00227	0.00876	0.00520	0.00447
4	0.01042	0.01845	0.43907	0.01439	0.01993	0.01119	0.21924	0.04366	0.09445	0.01648	0.05752	0.01324	0.00969	0.00497	0.00494	0.00155	0.00663	0.00463	0.00272	0.00684
5	0.00582	0.00416	0.00555	0.00666	0.00693	0.00388	0.00444	0.00666	0.00915	0.01220	0.02634	0.82891	0.03161	0.01497	0.00610	0.00194	0.00277	0.01359	0.00444	0.00388
6	0.01699	0.02138	0.01299	0.01182	0.01418	0.74963	0.00887	0.01830	0.01354	0.01228	0.06934	0.01074	0.00920	0.00530	0.00441	0.00125	0.00812	0.00351	0.00268	0.00546
7	0.00991	0.00850	0.00991	0.00708	0.01133	0.00637	0.00566	0.01203	0.00991	0.01557	0.00850	0.00991	0.00708	0.00354	0.00354	0.00071	0.00354	0.00283	0.00283	0.86124
8	0.02119	0.00854	0.01135	0.00870	0.01241	0.00763	0.00719	0.08296	0.01437	0.74489	0.01828	0.01589	0.01154	0.00590	0.00480	0.00148	0.00416	0.00477	0.00583	0.00813
9	0.00686	0.00461	0.00529	0.00537	0.00541	0.00460	0.00308	0.00696	0.00714	0.00953	0.01590	0.09341	0.01839	0.75287	0.03803	0.00448	0.00464	0.00743	0.00301	0.00300
10	0.00932	0.07312	0.01517	0.75701	0.03130	0.01127	0.01288	0.01238	0.00957	0.01214	0.00835	0.01235	0.00635	0.00472	0.00464	0.00155	0.00627	0.00412	0.00212	0.00537
11	0.10835	0.65580	0.06426	0.00848	0.01247	0.04547	0.00843	0.01445	0.00965	0.01262	0.00677	0.00789	0.00603	0.00426	0.00340	0.00113	0.01970	0.00266	0.00216	0.00604
12	0.00693	0.00525	0.00779	0.00773	0.00854	0.00616	0.00600	0.00856	0.00765	0.01105	0.01270	0.01893	0.01196	0.05897	0.76866	0.00744	0.03370	0.00515	0.00256	0.00425
13	0.01524	0.14143	0.13086	0.02737	0.13101	0.12743	0.03821	0.06302	0.04943	0.21323	0.01147	0.01190	0.00833	0.00498	0.00445	0.00138	0.00579	0.00396	0.00343	0.00708
14	0.00991	0.03778	0.70037	0.01460	0.08132	0.01129	0.01686	0.01549	0.04076	0.01529	0.00900	0.01049	0.00651	0.00459	0.00454	0.00150	0.00679	0.00364	0.00216	0.00711
15	0.00903	0.00850	0.01434	0.82054	0.03292	0.01062	0.01327	0.01221	0.00956	0.01221	0.00850	0.01274	0.00637	0.00478	0.00478	0.00159	0.00637	0.00425	0.00212	0.00531
16	0.01567	0.01214	0.01293	0.01049	0.01387	0.01365	0.00848	0.48306	0.32976	0.02609	0.01465	0.01401	0.01070	0.00604	0.00481	0.00151	0.00467	0.00474	0.00481	0.00790
17	0.01586	0.02627	0.09574	0.01279	0.12252	0.07753	0.03734	0.08661	0.08069	0.31075	0.01468	0.05882	0.01092	0.00589	0.00477	0.00148	0.00512	0.00493	0.02003	0.00728
18	0.01174	0.01091	0.01817	0.30197	0.25885	0.04961	0.15711	0.01470	0.01071	0.07579	0.00954	0.01249	0.00731	0.00471	0.00530	0.00154	0.03607	0.00450	0.00256	0.00643
19	0.00668	0.00487	0.00630	0.00611	0.00722	0.00449	0.00461	0.00877	0.01294	0.01804	0.65925	0.08771	0.09553	0.01044	0.00572	0.00157	0.00241	0.04782	0.00511	0.00443
20	0.02708	0.37209	0.26778	0.01014	0.01499	0.05683	0.01096	0.01647	0.01074	0.15786	0.00953	0.01006	0.00714	0.00462	0.00391	0.00128	0.00570	0.00330	0.00278	0.00675
21	0.01235	0.10911	0.32308	0.07718	0.13349	0.03571	0.05057	0.03755	0.01116	0.12511	0.01111	0.01232	0.03051	0.00490	0.00454	0.00144	0.00608	0.00406	0.00281	0.00691
22	0.00668	0.00487	0.00623	0.00590	0.00703	0.00448	0.00439	0.00879	0.01312	0.01838	0.71654	0.03639	0.10457	0.03424	0.00619	0.00160	0.00234	0.00871	0.00513	0.00442
23	0.00582	0.00416	0.00555	0.00666	0.00693	0.00388	0.00444	0.00666	0.00915	0.01220	0.02634	0.82891	0.03161	0.01497	0.00610	0.00194	0.00277	0.01359	0.00444	0.00388
24	0.01032	0.01067	0.03201	0.47221	0.16692	0.05447	0.13228	0.01349	0.01033	0.01339	0.00922	0.01358	0.00735	0.00483	0.00493	0.00156	0.00658	0.02765	0.00230	0.00591
25	0.01137	0.12279	0.46834	0.01491	0.09823	0.08745	0.08608	0.01553	0.01063	0.02954	0.00856	0.01020	0.00645	0.00447	0.00446	0.00142	0.00686	0.00366	0.00221	0.00682
26	0.00746	0.00430	0.00552	0.00595	0.00636	0.00420	0.00407	0.00775	0.00840	0.01230	0.01749	0.30925	0.01875	0.06424	0.01036	0.26096	0.00322	0.02941	0.21658	0.00343
27	0.00960	0.00914	0.01569	0.63293	0.17192	0.01073	0.04360	0.01274	0.00989	0.01298	0.00889	0.01323	0.00695	0.00479	0.00483	0.00157	0.00628	0.01626	0.00221	0.00575
28	0.05196	0.02526	0.17245	0.04240	0.13120	0.01034	0.03433	0.14605	0.01343	0.28882	0.01271	0.01290	0.00874	0.00517	0.00463	0.00146	0.00527	0.00426	0.02119	0.00745
29	0.20990	0.04126	0.24539	0.02936	0.16108	0.08799	0.04787	0.04300	0.03385	0.04531	0.00888	0.01034	0.00674	0.00462	0.00423	0.00145	0.00588	0.00361	0.00269	0.00658
30	0.42172	0.02824	0.04210	0.00989	0.03457	0.35200	0.00777	0.02783	0.01083	0.01686	0.00718	0.00839	0.00575	0.00466	0.00367	0.00137	0.00602	0.00291	0.00271	0.00553
31	0.01003	0.02982	0.11039	0.04400	0.25291	0.00894	0.01012	0.03692	0.07853	0.04292	0.17368	0.08323	0.06835	0.00722	0.00507	0.00153	0.00448	0.02199	0.00363	0.00624
32	0.00674	0.00465	0.00517	0.00519	0.00543	0.00453	0.00304	0.00693	0.00758	0.00986	0.02020	0.05028	0.13263	0.69439	0.02120	0.00413	0.00427	0.00755	0.00316	0.00308
33	0.00797	0.00638	0.03529	0.00634	0.00807	0.00559	0.00505	0.08411	0.01235	0.01715	0.24729	0.13502	0.23753	0.00967	0.00517	0.00150	0.00287	0.00826	0.12997	0.03442
34	0.01779	0.00895	0.01098	0.00897	0.01229	0.00889	0.00723	0.02410	0.31216	0.50488	0.01909	0.01687	0.01289	0.00613	0.00483	0.00153	0.00396	0.00504	0.00551	0.00792
35	0.00582	0.00416	0.00555	0.00666	0.00693	0.00388	0.00444	0.00666	0.00915	0.01220	0.02634	0.82891	0.03161	0.01497	0.00610	0.00194	0.00277	0.01359	0.00444	0.00388
36	0.01121	0.01131	0.01803	0.24397	0.39712	0.06447	0.09492	0.01403	0.01050	0.01409	0.00897	0.02640	0.00747	0.00484	0.00545	0.00152	0.05235	0.00448	0.00233	0.00650
37	0.86579	0.00924	0.00702	0.00629	0.00924	0.01072	0.00518	0.01405	0.00813	0.02144	0.00666	0.00776	0.00518	0.00444	0.00296	0.00148	0.00370	0.00259	0.00296	0.00518
38	0.00830	0.00415	0.00623	0.00623	0.00623	0.00415	0.00415	0.00623	0.00623	0.00830	0.00830	0.01453	0.00830	0.01660	0.01868	0.86094	0.00415	0.00415	0.00208	0.00208
39	0.00903	0.00850	0.01434	0.82054	0.03292	0.01062	0.01327	0.01221	0.00956	0.01221	0.00850	0.01274	0.00637	0.00478	0.00478	0.00159	0.00637	0.00425	0.00212	0.00531
40	0.01196	0.52641	0.28455	0.01019	0.01519	0.05457	0.01138	0.01482	0.01002	0.01256	0.00732	0.00852	0.00611	0.00428	0.00362	0.00120	0.00593	0.00291	0.00206	0.00641
41	0.00959	0.02472	0.80726	0.01362	0.02069	0.01110	0.01766	0.01514	0.01009	0.01514	0.00858	0.01009	0.00605	0.00454	0.00454	0.00151	0.00706	0.00353	0.00202	0.00706
42	0.00866	0.00535	0.02090	0.02354	0.00743	0.00539	0.00462	0.03341	0.00975	0.01620	0.01451	0.01792	0.01193	0.03242	0.19674	0.00279	0.00507	0.00465	0.57417	0.00455
43	0.00700	0.00522	0.00738	0.00729	0.00791	0.00600	0.00543	0.00828	0.00749	0.01068	0.01307	0.02139	0.01300	0.22230	0.59550	0.00674	0.04318	0.00551	0.00262	0.00398
44	0.03104	0.16246	0.59655	0.01234	0.01849	0.05327	0.01508	0.01535	0.01024	0.03182	0.00837	0.00968	0.00618	0.00451	0.00425	0.00141	0.00666	0.00335	0.00215	0.00681
45	0.00660	0.00488	0.00617	0.00584	0.00704	0.00444	0.00438	0.00871	0.01315	0.01826	0.69109	0.03719	0.15426	0.01011	0.00564	0.00152	0.00228	0.00885	0.00514	0.00444
46	0.01119	0.01015	0.01594	0.41471	0.28506	0.01153	0.01300	0.10869	0.03004	0.01571	0.00922	0.01234	0.00718	0.00487	0.00509	0.00153	0.03041	0.00428	0.00260	0.00646
47	0.01540	0.01012	0.02791	0.11850	0.01565	0.01047	0.00860	0.15927	0.22413	0.26349	0.01514	0.01469	0.01063	0.00578	0.00502	0.00149	0.02592	0.00464	0.00456	0.05861

[dist]
# distance from previous block
# <min> <max>
2	4

[block]
# block no. 5 follows, 53 sequences, length 29
# corresponding to MSA columns:
# 251-257,263-284
name=unknown_F
#
# <colnr> <probs for GDERKNQSTAVLIFYWHMCP>
#	G	D	E	R	K	N	Q	S	T	A	V	L	I	F	Y	W	H	M	C	P
0	0.02840	0.01558	0.28388	0.06603	0.10997	0.06158	0.09682	0.01439	0.02577	0.02679	0.01027	0.04513	0.01981	0.00497	0.00473	0.00139	0.01839	0.00430	0.00255	0.15923
1	0.01504	0.01088	0.01221	0.00914	0.01313	0.01061	0.00748	0.39562	0.01646	0.09467	0.01091	0.01126	0.00803	0.00484	0.00427	0.00114	0.00444	0.00374	0.00408	0.36205
2	0.00589	0.00419	0.00553	0.00657	0.00683	0.00393	0.00434	0.00667	0.00902	0.01203	0.02567	0.78100	0.03076	0.06405	0.00720	0.00210	0.00288	0.01319	0.00434	0.00382
3	0.00608	0.00427	0.00547	0.00633	0.00654	0.00405	0.00409	0.00672	0.00865	0.01154	0.02379	0.64833	0.02839	0.19994	0.01023	0.00255	0.00319	0.01209	0.00409	0.00366
4	0.01117	0.01441	0.20653	0.06039	0.58253	0.01126	0.01532	0.01467	0.01064	0.01535	0.00887	0.01146	0.00716	0.00435	0.00469	0.00145	0.00604	0.00409	0.00227	0.00735
5	0.00770	0.00550	0.00770	0.00880	0.00990	0.00550	0.00770	0.00990	0.01100	0.01430	0.02531	0.05391	0.02751	0.01320	0.00660	0.00220	0.00440	0.77004	0.00440	0.00440
6	0.01252	0.76822	0.08943	0.00863	0.01296	0.01827	0.00896	0.01438	0.00974	0.01157	0.00680	0.00787	0.00613	0.00413	0.00319	0.00106	0.00527	0.00264	0.00204	0.00621
7	0.00903	0.00850	0.01434	0.82054	0.03292	0.01062	0.01327	0.01221	0.00956	0.01221	0.00850	0.01274	0.00637	0.00478	0.00478	0.00159	0.00637	0.00425	0.00212	0.00531
8	0.01809	0.01280	0.01385	0.01065	0.01439	0.01404	0.00879	0.71662	0.02156	0.07696	0.01205	0.01196	0.00848	0.00574	0.00474	0.00143	0.00510	0.00434	0.03040	0.00802
9	0.02144	0.00813	0.01109	0.00850	0.01220	0.00702	0.00702	0.02329	0.01368	0.80552	0.01886	0.01627	0.01183	0.00592	0.00481	0.00148	0.00407	0.00481	0.00592	0.00813
10	0.01071	0.00914	0.00975	0.00894	0.01136	0.01031	0.00698	0.02169	0.62634	0.01883	0.05782	0.02382	0.10826	0.00764	0.00508	0.00165	0.00359	0.04643	0.00481	0.00685
11	0.00964	0.00555	0.00580	0.00522	0.00691	0.00537	0.00401	0.06147	0.01082	0.01833	0.01441	0.01639	0.01132	0.00532	0.00346	0.00108	0.00259	0.00424	0.69316	0.11492
12	0.00582	0.00416	0.00555	0.00666	0.00693	0.00388	0.00444	0.00666	0.00915	0.01220	0.02634	0.82891	0.03161	0.01497	0.00610	0.00194	0.00277	0.01359	0.00444	0.00388
13	0.00695	0.00463	0.00521	0.00521	0.00521	0.00463	0.00290	0.00695	0.00695	0.00927	0.01506	0.03128	0.01738	0.83203	0.02433	0.00463	0.00463	0.00695	0.00290	0.00290
14	0.86579	0.00924	0.00702	0.00629	0.00924	0.01072	0.00518	0.01405	0.00813	0.02144	0.00666	0.00776	0.00518	0.00444	0.00296	0.00148	0.00370	0.00259	0.00296	0.00518
15	0.00586	0.00485	0.00513	0.00506	0.00659	0.00412	0.00380	0.00727	0.01139	0.01409	0.19037	0.04405	0.65758	0.01166	0.00565	0.00159	0.00239	0.00981	0.00459	0.00412
16	0.00908	0.00818	0.01351	0.72298	0.04884	0.01004	0.01235	0.01217	0.00963	0.01283	0.00919	0.01321	0.00697	0.00484	0.00464	0.00154	0.00596	0.00427	0.08449	0.00528
17	0.01505	0.01713	0.01631	0.02022	0.38263	0.41197	0.01177	0.04246	0.01260	0.01414	0.00827	0.01021	0.00688	0.00464	0.00452	0.00133	0.00713	0.00367	0.00249	0.00658
18	0.00683	0.00512	0.00768	0.00768	0.00853	0.00597	0.00597	0.00853	0.00768	0.01110	0.01280	0.01878	0.01195	0.03585	0.81308	0.00768	0.01280	0.00512	0.00256	0.00427
19	0.86579	0.00924	0.00702	0.00629	0.00924	0.01072	0.00518	0.01405	0.00813	0.02144	0.00666	0.00776	0.00518	0.00444	0.00296	0.00148	0.00370	0.00259	0.00296	0.00518
20	0.00672	0.00488	0.00632	0.00596	0.00711	0.00449	0.00447	0.00892	0.01341	0.01889	0.76630	0.03616	0.07866	0.00988	0.00564	0.00151	0.00226	0.00871	0.00522	0.00449
21	0.01376	0.54148	0.05171	0.00916	0.01318	0.01702	0.00869	0.18650	0.08847	0.01643	0.00903	0.00959	0.00739	0.00470	0.00368	0.00119	0.00509	0.00326	0.00292	0.00675
22	0.00590	0.00485	0.00518	0.00510	0.00661	0.00414	0.00383	0.00734	0.01148	0.01430	0.21491	0.04372	0.63291	0.01159	0.00565	0.00159	0.00238	0.00977	0.00462	0.00414
23	0.01707	0.02082	0.01320	0.01193	0.01446	0.68145	0.00901	0.04334	0.11806	0.01337	0.00913	0.00994	0.00734	0.00516	0.00440	0.00129	0.00787	0.00343	0.00285	0.00589
24	0.86579	0.00924	0.00702	0.00629	0.00924	0.01072	0.00518	0.01405	0.00813	0.02144	0.00666	0.00776	0.00518	0.00444	0.00296	0.00148	0.00370	0.00259	0.00296	0.00518
25	0.00684	0.00507	0.00744	0.00744	0.00821	0.00585	0.00568	0.00838	0.00761	0.01092	0.01302	0.01998	0.01247	0.11261	0.73704	0.00739	0.01201	0.00530	0.00259	0.00414
26	0.00655	0.00475	0.00618	0.00610	0.00708	0.00438	0.00447	0.00850	0.01262	0.01765	0.62940	0.18553	0.06723	0.01083	0.00572	0.00159	0.00236	0.00962	0.00508	0.00438
27	0.01031	0.01017	0.01255	0.18586	0.10330	0.13561	0.05322	0.01274	0.02829	0.01322	0.01561	0.02625	0.05185	0.06699	0.00718	0.00193	0.04208	0.21456	0.00307	0.00522
28	0.01132	0.31694	0.01851	0.01092	0.01244	0.01623	0.00961	0.01255	0.00821	0.01141	0.00641	0.00942	0.00622	0.00678	0.01099	0.00169	0.51913	0.00358	0.00207	0.00556

[dist]
# distance from previous block
# <min> <max>
0	3

[block]
# block no. 6 follows, 53 sequences, length 26
# corresponding to MSA columns:
# 288-313
name=unknown_G
#
# <colnr> <probs for GDERKNQSTAVLIFYWHMCP>
#	G	D	E	R	K	N	Q	S	T	A	V	L	I	F	Y	W	H	M	C	P
0	0.01022	0.00910	0.03722	0.02381	0.02966	0.00674	0.00645	0.01249	0.01003	0.03540	0.00877	0.01018	0.00716	0.00367	0.00366	0.00079	0.00378	0.00296	0.00286	0.77507
1	0.01033	0.07876	0.13484	0.02568	0.06984	0.04050	0.05143	0.04973	0.18372	0.01732	0.21689	0.02070	0.06671	0.00676	0.00492	0.00149	0.00459	0.00578	0.00382	0.00622
2	0.01043	0.00981	0.01673	0.10420	0.50794	0.01003	0.05737	0.01303	0.01047	0.01463	0.01225	0.12426	0.01185	0.00637	0.00531	0.00158	0.02206	0.05241	0.00274	0.00654
3	0.86579	0.00924	0.00702	0.00629	0.00924	0.01072	0.00518	0.01405	0.00813	0.02144	0.00666	0.00776	0.00518	0.00444	0.00296	0.00148	0.00370	0.00259	0.00296	0.00518
4	0.00603	0.00456	0.00642	0.00709	0.00764	0.00422	0.03605	0.00702	0.00934	0.01237	0.02701	0.74811	0.07745	0.01436	0.00605	0.00191	0.00297	0.01305	0.00435	0.00400
5	0.01197	0.00755	0.00812	0.00739	0.03549	0.00800	0.00556	0.25915	0.01403	0.02168	0.01405	0.01559	0.01077	0.00558	0.00385	0.00123	0.00331	0.00440	0.55654	0.00574
6	0.00575	0.00472	0.00507	0.00526	0.00659	0.00403	0.00384	0.00695	0.01073	0.01316	0.09001	0.19343	0.60891	0.01251	0.00573	0.00167	0.00248	0.01066	0.00449	0.00403
7	0.00830	0.00415	0.00623	0.00623	0.00623	0.00415	0.00415	0.00623	0.00623	0.00830	0.00830	0.01453	0.00830	0.01660	0.01868	0.86094	0.00415	0.00415	0.00208	0.00208
8	0.00598	0.00425	0.00560	0.00662	0.00691	0.00400	0.00444	0.00680	0.00905	0.01205	0.02542	0.73708	0.03034	0.07878	0.00754	0.00216	0.00298	0.04183	0.00432	0.00382
9	0.01128	0.01289	0.02820	0.02015	0.02498	0.01209	0.78485	0.01531	0.01128	0.01531	0.00967	0.01289	0.00725	0.00403	0.00564	0.00161	0.00806	0.00564	0.00242	0.00645
10	0.01126	0.01151	0.02184	0.13322	0.42199	0.01152	0.28802	0.01456	0.01084	0.01505	0.00916	0.01233	0.00730	0.00425	0.00506	0.00151	0.00662	0.00475	0.00235	0.00687
11	0.00903	0.00850	0.01434	0.82054	0.03292	0.01062	0.01327	0.01221	0.00956	0.01221	0.00850	0.01274	0.00637	0.00478	0.00478	0.00159	0.00637	0.00425	0.00212	0.00531
12	0.01863	0.01265	0.01389	0.01065	0.01445	0.01372	0.00879	0.67868	0.02123	0.13946	0.01252	0.01215	0.00865	0.00576	0.00478	0.00144	0.00509	0.00437	0.00494	0.00813
13	0.01283	0.04086	0.01025	0.00779	0.01081	0.08247	0.00609	0.07039	0.01168	0.17487	0.03022	0.05942	0.05952	0.09991	0.00661	0.00156	0.00430	0.00494	0.00377	0.30170
14	0.01333	0.01299	0.01191	0.01126	0.05153	0.17564	0.00831	0.05038	0.56883	0.01844	0.01620	0.01543	0.01230	0.00603	0.00474	0.00153	0.00492	0.00483	0.00425	0.00717
15	0.01183	0.01136	0.01940	0.02934	0.80221	0.01136	0.01467	0.01467	0.01088	0.01562	0.00899	0.01183	0.00757	0.00426	0.00473	0.00142	0.00568	0.00426	0.00237	0.00757
16	0.01096	0.01425	0.13424	0.01845	0.02356	0.01160	0.63187	0.01509	0.01103	0.01530	0.00945	0.01233	0.00708	0.00407	0.00536	0.00154	0.00765	0.00518	0.00239	0.05860
17	0.01180	0.01021	0.01092	0.03598	0.01309	0.01185	0.00775	0.02497	0.76819	0.01974	0.01910	0.01767	0.01432	0.00643	0.00486	0.00162	0.00387	0.00537	0.00477	0.00749
18	0.00830	0.00415	0.00623	0.00623	0.00623	0.00415	0.00415	0.00623	0.00623	0.00830	0.00830	0.01453	0.00830	0.01660	0.01868	0.86094	0.00415	0.00415	0.00208	0.00208
19	0.00991	0.00850	0.00991	0.00708	0.01133	0.00637	0.00566	0.01203	0.00991	0.01557	0.00850	0.00991	0.00708	0.00354	0.00354	0.00071	0.00354	0.00283	0.00283	0.86124
20	0.76503	0.00937	0.00767	0.00667	0.00972	0.01066	0.00550	0.05238	0.00922	0.07703	0.00775	0.00854	0.00579	0.00460	0.00318	0.00148	0.00380	0.00283	0.00325	0.00553
21	0.01024	0.00934	0.01553	0.02229	0.54822	0.00957	0.01174	0.01263	0.00982	0.01408	0.01032	0.01466	0.00924	0.05321	0.22477	0.00327	0.00756	0.00462	0.00244	0.00645
22	0.00822	0.00415	0.00620	0.00624	0.00625	0.00414	0.00416	0.00624	0.00632	0.00843	0.00891	0.04191	0.00909	0.01655	0.01826	0.83206	0.00410	0.00447	0.00215	0.00214
23	0.01278	0.83490	0.02505	0.00818	0.01227	0.01891	0.00818	0.01431	0.00971	0.01125	0.00664	0.00767	0.00613	0.00409	0.00307	0.00102	0.00511	0.00256	0.00204	0.00613
24	0.01687	0.01965	0.01260	0.01127	0.01373	0.63228	0.00855	0.10328	0.01413	0.01444	0.00878	0.00998	0.00707	0.00509	0.00425	0.00124	0.00752	0.00337	0.10020	0.00570
25	0.00764	0.00529	0.00704	0.00788	0.00888	0.00526	0.00664	0.00955	0.01046	0.01397	0.02421	0.04802	0.05446	0.10576	0.00831	0.00236	0.00417	0.59030	0.07559	0.00422

[dist]
# distance from previous block
# <min> <max>
0	62

[block]
# block no. 7 follows, 53 sequences, length 117
# corresponding to MSA columns:
# 376-406,408-415,549-555,557-627
name=unknown_H
#
# <colnr> <probs for GDERKNQSTAVLIFYWHMCP>
#	G	D	E	R	K	N	Q	S	T	A	V	L	I	F	Y	W	H	M	C	P
0	0.00671	0.00488	0.00631	0.00596	0.00711	0.00449	0.00447	0.00892	0.01340	0.01887	0.76376	0.03620	0.08121	0.00988	0.00564	0.00151	0.00226	0.00871	0.00522	0.00449
1	0.29685	0.01158	0.01166	0.00924	0.01277	0.01281	0.00762	0.46722	0.01701	0.09375	0.01052	0.01067	0.00748	0.00533	0.00418	0.00145	0.00464	0.00378	0.00428	0.00716
2	0.86579	0.00924	0.00702	0.00629	0.00924	0.01072	0.00518	0.01405	0.00813	0.02144	0.00666	0.00776	0.00518	0.00444	0.00296	0.00148	0.00370	0.00259	0.00296	0.00518
3	0.86579	0.00924	0.00702	0.00629	0.00924	0.01072	0.00518	0.01405	0.00813	0.02144	0.00666	0.00776	0.00518	0.00444	0.00296	0.00148	0.00370	0.00259	0.00296	0.00518
4	0.00582	0.00418	0.00553	0.00660	0.00692	0.00389	0.00441	0.00666	0.00920	0.01222	0.02697	0.80682	0.05329	0.01489	0.00609	0.00193	0.00276	0.01349	0.00444	0.00389
5	0.01865	0.01241	0.01372	0.01054	0.01432	0.01340	0.00870	0.64011	0.03249	0.16691	0.01290	0.01242	0.00888	0.00578	0.00479	0.00145	0.00503	0.00441	0.00498	0.00812
6	0.00684	0.00536	0.02600	0.00613	0.00742	0.00465	0.00478	0.00914	0.01328	0.01883	0.73815	0.03505	0.06930	0.00963	0.00556	0.00150	0.00238	0.00848	0.02295	0.00456
7	0.86579	0.00924	0.00702	0.00629	0.00924	0.01072	0.00518	0.01405	0.00813	0.02144	0.00666	0.00776	0.00518	0.00444	0.00296	0.00148	0.00370	0.00259	0.00296	0.00518
8	0.00794	0.00669	0.00896	0.03508	0.00976	0.04030	0.02813	0.00926	0.00787	0.01090	0.01211	0.01994	0.01200	0.21574	0.45205	0.00567	0.10550	0.00534	0.00256	0.00421
9	0.79313	0.00952	0.00757	0.00666	0.00966	0.01100	0.00548	0.06228	0.02743	0.02195	0.00725	0.00823	0.00558	0.00457	0.00312	0.00148	0.00380	0.00276	0.00312	0.00542
10	0.00587	0.00485	0.00515	0.00508	0.00659	0.00413	0.00381	0.00729	0.01142	0.01416	0.19860	0.04394	0.64931	0.01164	0.00565	0.00159	0.00239	0.00980	0.00460	0.00413
11	0.00963	0.00961	0.00969	0.01097	0.10481	0.17122	0.00724	0.01133	0.03722	0.01287	0.02063	0.34993	0.09307	0.02383	0.00645	0.00176	0.05952	0.05170	0.00361	0.00491
12	0.00966	0.02387	0.75734	0.01372	0.02045	0.01127	0.03431	0.01499	0.01000	0.01499	0.00851	0.01017	0.00609	0.00469	0.00503	0.00154	0.04076	0.00361	0.00203	0.00697
13	0.01189	0.01027	0.01081	0.00973	0.01243	0.01189	0.00757	0.02540	0.79357	0.01999	0.01945	0.01783	0.01459	0.00648	0.00486	0.00162	0.00378	0.00540	0.00486	0.00757
14	0.04846	0.00797	0.01037	0.00817	0.01154	0.00721	0.00668	0.02191	0.06091	0.65722	0.04029	0.01672	0.01274	0.00599	0.00467	0.00146	0.00387	0.00485	0.06130	0.00766
15	0.00732	0.00643	0.00726	0.00679	0.00804	0.02418	0.00527	0.00874	0.02375	0.02441	0.06407	0.03559	0.50380	0.05116	0.04136	0.00209	0.15428	0.01720	0.00387	0.00439
16	0.01183	0.01136	0.01940	0.02934	0.80221	0.01136	0.01467	0.01467	0.01088	0.01562	0.00899	0.01183	0.00757	0.00426	0.00473	0.00142	0.00568	0.00426	0.00237	0.00757
17	0.00959	0.02472	0.80726	0.01362	0.02069	0.01110	0.01766	0.01514	0.01009	0.01514	0.00858	0.01009	0.00605	0.00454	0.00454	0.00151	0.00706	0.00353	0.00202	0.00706
18	0.05573	0.00806	0.01075	0.00832	0.01189	0.00708	0.00685	0.02237	0.01345	0.74348	0.04783	0.01665	0.01281	0.00600	0.00476	0.00148	0.00398	0.00486	0.00577	0.00788
19	0.20399	0.01090	0.13718	0.00943	0.01312	0.00863	0.04938	0.02838	0.01128	0.32580	0.01438	0.01765	0.01097	0.01949	0.03256	0.00183	0.00503	0.08930	0.00411	0.00659
20	0.00959	0.02472	0.80726	0.01362	0.02069	0.01110	0.01766	0.01514	0.01009	0.01514	0.00858	0.01009	0.00605	0.00454	0.00454	0.00151	0.00706	0.00353	0.00202	0.00706
21	0.00959	0.02472	0.80726	0.01362	0.02069	0.01110	0.01766	0.01514	0.01009	0.01514	0.00858	0.01009	0.00605	0.00454	0.00454	0.00151	0.00706	0.00353	0.00202	0.00706
22	0.04809	0.00817	0.01096	0.00843	0.01211	0.00714	0.00697	0.02300	0.01351	0.78077	0.01847	0.01600	0.01162	0.00587	0.00475	0.00148	0.00406	0.00474	0.00582	0.00804
23	0.15256	0.01273	0.01318	0.01025	0.01394	0.01417	0.00846	0.66383	0.02020	0.02875	0.01071	0.01089	0.00766	0.00553	0.00449	0.00144	0.00501	0.00403	0.00449	0.00766
24	0.00601	0.00481	0.00537	0.00533	0.00670	0.00417	0.00396	0.00752	0.01159	0.01481	0.28031	0.09624	0.51319	0.01158	0.00568	0.00160	0.00239	0.00988	0.00469	0.00417
25	0.00989	0.00958	0.05936	0.00819	0.01241	0.00707	0.04258	0.01278	0.04247	0.01582	0.03656	0.01210	0.00903	0.00414	0.00388	0.00089	0.00395	0.01777	0.00296	0.68858
26	0.21558	0.04841	0.05396	0.04877	0.03597	0.16426	0.02100	0.11242	0.06508	0.07500	0.01020	0.02982	0.00798	0.00513	0.00410	0.00137	0.00530	0.00378	0.01736	0.07450
27	0.01263	0.15191	0.26825	0.01222	0.02965	0.19625	0.01197	0.04422	0.05215	0.01387	0.00826	0.00992	0.00669	0.00540	0.00632	0.00148	0.15660	0.00353	0.00240	0.00630
28	0.00600	0.00434	0.00582	0.00687	0.00719	0.00416	0.00472	0.00691	0.00922	0.01230	0.02593	0.77351	0.03095	0.01476	0.00630	0.00196	0.01738	0.05336	0.00439	0.00393
29	0.00685	0.00486	0.00625	0.02838	0.00807	0.00452	0.00494	0.00833	0.01090	0.04335	0.21254	0.35470	0.18980	0.01238	0.00586	0.00177	0.00288	0.08468	0.00462	0.00431
30	0.03957	0.03292	0.02823	0.05834	0.49445	0.01072	0.02479	0.01691	0.06349	0.16650	0.01142	0.01287	0.00866	0.00475	0.00467	0.00145	0.00526	0.00435	0.00320	0.00744
31	0.01413	0.05928	0.01730	0.06116	0.39034	0.33151	0.02910	0.01630	0.01183	0.01364	0.00822	0.01040	0.00686	0.00454	0.00450	0.00134	0.00691	0.00373	0.00238	0.00655
32	0.00580	0.00424	0.00546	0.00643	0.00687	0.00390	0.00434	0.00668	0.00937	0.01229	0.02910	0.73130	0.12745	0.01462	0.00604	0.00190	0.00273	0.01315	0.00444	0.00390
33	0.00930	0.00817	0.01268	0.08883	0.28315	0.00826	0.04115	0.03106	0.04102	0.01654	0.25847	0.02332	0.09838	0.00797	0.03184	0.00170	0.00454	0.00633	0.02143	0.00586
34	0.01587	0.01178	0.01294	0.00977	0.01371	0.01208	0.00801	0.53367	0.01850	0.05241	0.01086	0.01118	0.00795	0.00510	0.00442	0.00122	0.00472	0.00389	0.00425	0.25769
35	0.07482	0.00839	0.01074	0.02827	0.01229	0.00785	0.00701	0.07345	0.04042	0.59152	0.08021	0.01692	0.01378	0.00611	0.00475	0.00149	0.00403	0.00494	0.00546	0.00756
36	0.86579	0.00924	0.00702	0.00629	0.00924	0.01072	0.00518	0.01405	0.00813	0.02144	0.00666	0.00776	0.00518	0.00444	0.00296	0.00148	0.00370	0.00259	0.00296	0.00518
37	0.01074	0.00584	0.00616	0.00563	0.00726	0.00599	0.00436	0.07663	0.06478	0.07339	0.01574	0.01719	0.01204	0.00567	0.00366	0.00120	0.00271	0.00453	0.67124	0.00522
38	0.00669	0.00488	0.00629	0.00594	0.00710	0.00448	0.00445	0.00888	0.01336	0.01876	0.75133	0.03637	0.09370	0.00992	0.00564	0.00151	0.00227	0.00874	0.00521	0.00448
39	0.01817	0.01339	0.01434	0.01100	0.01482	0.01482	0.00908	0.78627	0.02247	0.03012	0.01148	0.01148	0.00813	0.00574	0.00478	0.00143	0.00526	0.00430	0.00478	0.00813
40	0.00672	0.00455	0.00527	0.00547	0.00556	0.00448	0.00320	0.00689	0.00744	0.00988	0.01782	0.17887	0.03580	0.66460	0.02058	0.00408	0.00425	0.00824	0.00321	0.00310
41	0.00689	0.00478	0.00602	0.00604	0.00633	0.00505	0.00393	0.00746	0.00723	0.00992	0.01456	0.04348	0.01591	0.55720	0.27972	0.00557	0.00724	0.00649	0.00282	0.00336
42	0.00694	0.00469	0.00549	0.00549	0.00558	0.00478	0.00324	0.00713	0.00703	0.00947	0.01481	0.02990	0.01678	0.74417	0.11136	0.00497	0.00554	0.00675	0.00286	0.00305
43	0.00959	0.02472	0.80726	0.01362	0.02069	0.01110	0.01766	0.01514	0.01009	0.01514	0.00858	0.01009	0.00605	0.00454	0.00454	0.00151	0.00706	0.00353	0.00202	0.00706
44	0.01816	0.01355	0.01433	0.01102	0.01482	0.02855	0.00909	0.77308	0.02232	0.02981	0.01140	0.01143	0.00809	0.00572	0.00477	0.00143	0.00532	0.00428	0.00474	0.00808
45	0.00988	0.06109	0.73096	0.03844	0.02056	0.02761	0.01692	0.01509	0.01013	0.01480	0.00846	0.01003	0.00607	0.00454	0.00448	0.00149	0.00698	0.00350	0.00203	0.00694
46	0.00941	0.00920	0.01648	0.68854	0.04440	0.01085	0.12800	0.01271	0.00984	0.01273	0.00868	0.01275	0.00652	0.00466	0.00491	0.00159	0.00661	0.00445	0.00217	0.00552
47	0.86579	0.00924	0.00702	0.00629	0.00924	0.01072	0.00518	0.01405	0.00813	0.02144	0.00666	0.00776	0.00518	0.00444	0.00296	0.00148	0.00370	0.00259	0.00296	0.00518
48	0.00584	0.00420	0.00554	0.00657	0.00692	0.00390	0.00441	0.00672	0.00933	0.01240	0.04618	0.77788	0.06296	0.01473	0.00607	0.00192	0.00275	0.01333	0.00446	0.00390
49	0.00695	0.00463	0.00521	0.00521	0.00521	0.00463	0.00290	0.00695	0.00695	0.00927	0.01506	0.03128	0.01738	0.83203	0.02433	0.00463	0.00463	0.00695	0.00290	0.00290
50	0.00991	0.00850	0.00991	0.00708	0.01133	0.00637	0.00566	0.01203	0.00991	0.01557	0.00850	0.00991	0.00708	0.00354	0.00354	0.00071	0.00354	0.00283	0.00283	0.86124
51	0.01764	0.05629	0.01402	0.01214	0.01467	0.78008	0.00919	0.01889	0.01339	0.01168	0.00736	0.00858	0.00616	0.00489	0.00426	0.00122	0.00847	0.00306	0.00245	0.00557
52	0.01189	0.01027	0.01081	0.00973	0.01243	0.01189	0.00757	0.02540	0.79357	0.01999	0.01945	0.01783	0.01459	0.00648	0.00486	0.00162	0.00378	0.00540	0.00486	0.00757
53	0.00959	0.02472	0.80726	0.01362	0.02069	0.01110	0.01766	0.01514	0.01009	0.01514	0.00858	0.01009	0.00605	0.00454	0.00454	0.00151	0.00706	0.00353	0.00202	0.00706
54	0.00691	0.00478	0.00594	0.00594	0.00619	0.00503	0.00380	0.00742	0.00717	0.00981	0.01440	0.02760	0.01578	0.59774	0.25643	0.00553	0.00704	0.00641	0.00280	0.00330
55	0.00676	0.00489	0.00639	0.00601	0.00714	0.00451	0.00451	0.00902	0.01353	0.01917	0.79969	0.03570	0.04510	0.00977	0.00564	0.00150	0.00225	0.00864	0.00526	0.00451
56	0.00689	0.00487	0.00639	0.00639	0.00680	0.00527	0.00436	0.00771	0.00730	0.01014	0.01398	0.02532	0.01479	0.45272	0.40010	0.00609	0.00853	0.00608	0.00274	0.00355
57	0.01278	0.83490	0.02505	0.00818	0.01227	0.01891	0.00818	0.01431	0.00971	0.01125	0.00664	0.00767	0.00613	0.00409	0.00307	0.00102	0.00511	0.00256	0.00204	0.00613
58	0.00585	0.00418	0.00557	0.00664	0.00694	0.00390	0.00444	0.00672	0.00927	0.01239	0.04722	0.80749	0.03198	0.01483	0.00609	0.00193	0.00276	0.01345	0.00446	0.00390
59	0.00970	0.02402	0.76566	0.01445	0.06195	0.01111	0.01750	0.01511	0.01013	0.01516	0.00860	0.01018	0.00613	0.00453	0.00455	0.00151	0.00699	0.00357	0.00204	0.00709
60	0.00582	0.00416	0.00555	0.00666	0.00693	0.00388	0.00444	0.00666	0.00915	0.01220	0.02634	0.82891	0.03161	0.01497	0.00610	0.00194	0.00277	0.01359	0.00444	0.00388
61	0.00991	0.00850	0.00991	0.00708	0.01133	0.00637	0.00566	0.01203	0.00991	0.01557	0.00850	0.00991	0.00708	0.00354	0.00354	0.00071	0.00354	0.00283	0.00283	0.86124
62	0.00843	0.00677	0.03548	0.00694	0.00913	0.00542	0.00541	0.02471	0.01062	0.04340	0.15391	0.29283	0.02263	0.02162	0.00519	0.00142	0.00318	0.00776	0.04910	0.28605
63	0.01263	0.70253	0.11713	0.00901	0.01338	0.05362	0.00935	0.01462	0.00993	0.01173	0.00691	0.00800	0.00613	0.00418	0.00330	0.00109	0.00550	0.00269	0.00206	0.00622
64	0.00695	0.00465	0.00528	0.00528	0.00531	0.00467	0.00298	0.00700	0.00697	0.00932	0.01500	0.03093	0.01722	0.80957	0.04658	0.00472	0.00486	0.00690	0.00289	0.00293
65	0.00721	0.00548	0.00695	0.04865	0.00886	0.00528	0.00519	0.03574	0.02662	0.01784	0.54550	0.03612	0.17330	0.00990	0.00560	0.00156	0.00274	0.04792	0.00489	0.00464
66	0.00991	0.00850	0.00991	0.00708	0.01133	0.00637	0.00566	0.01203	0.00991	0.01557	0.00850	0.00991	0.00708	0.00354	0.00354	0.00071	0.00354	0.00283	0.00283	0.86124
67	0.01246	0.04155	0.08189	0.06276	0.13999	0.05231	0.12395	0.15315	0.13968	0.01805	0.03724	0.01377	0.00992	0.02476	0.00588	0.00159	0.05118	0.00468	0.01840	0.00678
68	0.01756	0.02217	0.01324	0.01205	0.01447	0.78612	0.00904	0.01882	0.01343	0.01190	0.00766	0.00892	0.00636	0.00495	0.00428	0.00123	0.00841	0.00312	0.03076	0.00551
69	0.04602	0.01361	0.01326	0.01066	0.01404	0.22687	0.05273	0.20927	0.01541	0.31186	0.01295	0.01259	0.00892	0.00544	0.00462	0.00140	0.00577	0.00418	0.02324	0.00716
70	0.01278	0.83490	0.02505	0.00818	0.01227	0.01891	0.00818	0.01431	0.00971	0.01125	0.00664	0.00767	0.00613	0.00409	0.00307	0.00102	0.00511	0.00256	0.00204	0.00613
71	0.83080	0.00980	0.00729	0.00653	0.00947	0.04382	0.00534	0.01426	0.00836	0.02104	0.00669	0.00780	0.00522	0.00446	0.00301	0.00147	0.00390	0.00261	0.00294	0.00519
72	0.00959	0.02472	0.80726	0.01362	0.02069	0.01110	0.01766	0.01514	0.01009	0.01514	0.00858	0.01009	0.00605	0.00454	0.00454	0.00151	0.00706	0.00353	0.00202	0.00706
73	0.00676	0.00489	0.00639	0.00601	0.00714	0.00451	0.00451	0.00902	0.01353	0.01917	0.79969	0.03570	0.04510	0.00977	0.00564	0.00150	0.00225	0.00864	0.00526	0.00451
74	0.01030	0.12311	0.56480	0.01416	0.02044	0.01225	0.15961	0.01507	0.01027	0.01469	0.00854	0.01031	0.00629	0.00439	0.00456	0.00147	0.00701	0.00380	0.00210	0.00683
75	0.01395	0.01124	0.03956	0.01261	0.13100	0.05105	0.00894	0.11624	0.35060	0.12715	0.01572	0.01581	0.01173	0.00590	0.00473	0.00151	0.00457	0.01772	0.05262	0.00737
76	0.00695	0.00463	0.00521	0.00521	0.00521	0.00463	0.00290	0.00695	0.00695	0.00927	0.01506	0.03128	0.01738	0.83203	0.02433	0.00463	0.00463	0.00695	0.00290	0.00290
77	0.00991	0.06649	0.70111	0.01405	0.03543	0.01158	0.06616	0.01510	0.01016	0.01495	0.00855	0.01018	0.00616	0.00448	0.00454	0.00149	0.00700	0.00363	0.00205	0.00698
78	0.00582	0.00418	0.00552	0.00660	0.00692	0.00389	0.00441	0.00666	0.00921	0.01222	0.02707	0.80303	0.05702	0.01488	0.00609	0.00193	0.00276	0.01347	0.00444	0.00389
79	0.00588	0.00420	0.00560	0.00662	0.00695	0.00392	0.00444	0.00680	0.00942	0.01263	0.07435	0.77967	0.03245	0.01465	0.00607	0.00191	0.00274	0.01328	0.00449	0.00392
80	0.01136	0.00948	0.01065	0.00814	0.01200	0.00863	0.00650	0.10938	0.18536	0.01833	0.01129	0.01186	0.00887	0.00446	0.00398	0.00100	0.00380	0.00358	0.00352	0.56779
81	0.01543	0.00702	0.00924	0.00757	0.01029	0.00630	0.00607	0.01795	0.05179	0.47283	0.27094	0.02415	0.06427	0.00751	0.00512	0.00150	0.00338	0.00635	0.00558	0.00673
82	0.05127	0.04313	0.15672	0.01631	0.22062	0.17933	0.03085	0.11317	0.04725	0.01660	0.00981	0.02731	0.00810	0.00530	0.00498	0.00146	0.03629	0.02196	0.00283	0.00671
83	0.00990	0.06424	0.63371	0.01427	0.04140	0.01144	0.09993	0.01487	0.01014	0.01483	0.00875	0.01061	0.00643	0.00553	0.03226	0.00171	0.00723	0.00378	0.00209	0.00687
84	0.00922	0.00495	0.00536	0.00529	0.00652	0.00494	0.00395	0.01191	0.05534	0.05587	0.05201	0.11739	0.01618	0.00697	0.00394	0.00128	0.00247	0.00583	0.62582	0.00475
85	0.00628	0.00484	0.00628	0.00730	0.04885	0.00444	0.00480	0.00759	0.01052	0.01392	0.18294	0.44383	0.21537	0.01270	0.00583	0.00175	0.00274	0.01129	0.00449	0.00424
86	0.01057	0.04494	0.57355	0.04089	0.02086	0.07198	0.12526	0.01553	0.02525	0.01479	0.00879	0.01054	0.00641	0.00453	0.00465	0.00150	0.00718	0.00383	0.00217	0.00679
87	0.00926	0.00869	0.01450	0.61954	0.16497	0.01023	0.01279	0.01222	0.00985	0.01284	0.01113	0.03442	0.04912	0.00533	0.00485	0.00157	0.00595	0.00479	0.00235	0.00560
88	0.00867	0.00529	0.00637	0.00602	0.00764	0.00466	0.00457	0.01026	0.01177	0.14204	0.23392	0.13826	0.33395	0.01063	0.00549	0.00160	0.00271	0.02233	0.03900	0.00482
