[name]
unknown

[dist]
# distance from previous block
# <min> <max>
0	59

[block]
# block no. 0 follows, 60 sequences, length 84
# corresponding to MSA columns:
# 71-140,147,150-162
name=unknown_A
#
# <colnr> <probs for GDERKNQSTAVLIFYWHMCP>
#	G	D	E	R	K	N	Q	S	T	A	V	L	I	F	Y	W	H	M	C	P
0	0.00703	0.00500	0.00698	0.00795	0.00895	0.00501	0.00693	0.00903	0.00996	0.01304	0.02272	0.04804	0.02460	0.01236	0.02268	0.00209	0.00414	0.76205	0.01741	0.00401
1	0.01041	0.00997	0.01701	0.14877	0.70053	0.01026	0.01319	0.01305	0.00975	0.01378	0.00814	0.01092	0.00674	0.00396	0.00432	0.00132	0.00528	0.00388	0.00213	0.00660
2	0.00904	0.00775	0.00904	0.00646	0.01034	0.00581	0.00517	0.01098	0.00904	0.01421	0.00775	0.00904	0.00646	0.00323	0.00323	0.00065	0.00323	0.00258	0.00258	0.87339
3	0.00530	0.00387	0.00499	0.00589	0.00628	0.00356	0.00397	0.00609	0.00853	0.01121	0.02629	0.75420	0.11707	0.01337	0.00552	0.00174	0.00249	0.01204	0.00405	0.00356
4	0.00671	0.00484	0.00663	0.00751	0.00846	0.00475	0.00638	0.00854	0.00998	0.01300	0.06314	0.12874	0.06990	0.01200	0.00589	0.00192	0.00367	0.62993	0.00406	0.00395
5	0.00531	0.00380	0.00506	0.00607	0.00633	0.00354	0.00405	0.00607	0.00835	0.01113	0.02404	0.84388	0.02885	0.01366	0.00557	0.00177	0.00253	0.01240	0.00405	0.00354
6	0.01003	0.01081	0.01918	0.01472	0.01685	0.02846	0.38446	0.01227	0.00850	0.01214	0.00721	0.01056	0.00614	0.00570	0.00978	0.00169	0.42972	0.00442	0.00206	0.00530
7	0.87753	0.00843	0.00641	0.00574	0.00843	0.00978	0.00472	0.01282	0.00742	0.01957	0.00607	0.00709	0.00472	0.00405	0.00270	0.00135	0.00337	0.00236	0.00270	0.00472
8	0.00954	0.00954	0.01336	0.01145	0.01145	0.01336	0.00954	0.01050	0.00668	0.01050	0.00573	0.00954	0.00573	0.00763	0.01431	0.00191	0.83874	0.00382	0.00191	0.00477
9	0.00900	0.06832	0.73540	0.01248	0.01866	0.01058	0.05884	0.01378	0.00925	0.01362	0.00778	0.00922	0.00559	0.00409	0.00412	0.00136	0.00640	0.00328	0.00186	0.00637
10	0.00824	0.00775	0.01308	0.83624	0.03004	0.00969	0.01211	0.01114	0.00872	0.01114	0.00775	0.01163	0.00581	0.00436	0.00436	0.00145	0.00581	0.00388	0.00194	0.00484
11	0.01777	0.00861	0.01071	0.00820	0.01162	0.00810	0.00675	0.20261	0.02991	0.54989	0.01481	0.01334	0.00968	0.00518	0.00428	0.00128	0.00392	0.00413	0.00489	0.08435
12	0.00536	0.00460	0.00462	0.00458	0.00609	0.00394	0.00344	0.00688	0.03918	0.01202	0.04322	0.04104	0.78841	0.01086	0.00513	0.00147	0.00225	0.00905	0.00406	0.00380
13	0.01085	0.00937	0.00986	0.00888	0.01134	0.01085	0.00690	0.02318	0.81164	0.01824	0.01775	0.01627	0.01331	0.00592	0.00444	0.00148	0.00345	0.00493	0.00444	0.00690
14	0.01024	0.01109	0.02278	0.04645	0.18617	0.01066	0.57520	0.01377	0.02517	0.01399	0.00928	0.01282	0.00736	0.00405	0.00497	0.00145	0.00668	0.02958	0.00229	0.00602
15	0.00515	0.00442	0.00442	0.00442	0.00589	0.00368	0.00331	0.00626	0.00994	0.01178	0.04418	0.04197	0.81775	0.01105	0.00515	0.00147	0.00221	0.00920	0.00405	0.00368
16	0.01063	0.01015	0.01728	0.02602	0.79090	0.01014	0.01306	0.01320	0.01002	0.01436	0.03668	0.01156	0.00811	0.00406	0.00435	0.00130	0.00507	0.00403	0.00225	0.00681
17	0.00624	0.00465	0.00689	0.00689	0.00763	0.00539	0.00530	0.00771	0.00697	0.01004	0.01179	0.01774	0.01117	0.07631	0.78620	0.00686	0.01128	0.00476	0.00235	0.00383
18	0.01630	0.02060	0.01238	0.01121	0.01348	0.81185	0.00842	0.03418	0.01253	0.01103	0.00682	0.00792	0.00566	0.00451	0.00394	0.00113	0.00780	0.00283	0.00229	0.00511
19	0.00824	0.00775	0.01308	0.83624	0.03004	0.00969	0.01211	0.01114	0.00872	0.01114	0.00775	0.01163	0.00581	0.00436	0.00436	0.00145	0.00581	0.00388	0.00194	0.00484
20	0.00882	0.04249	0.80481	0.01231	0.01869	0.01030	0.01591	0.01379	0.00920	0.01373	0.00778	0.00915	0.00553	0.00413	0.00411	0.00137	0.00640	0.00320	0.00184	0.00643
21	0.87753	0.00843	0.00641	0.00574	0.00843	0.00978	0.00472	0.01282	0.00742	0.01957	0.00607	0.00709	0.00472	0.00405	0.00270	0.00135	0.00337	0.00236	0.00270	0.00472
22	0.01166	0.84935	0.02285	0.00746	0.01119	0.01726	0.00746	0.01306	0.00886	0.01026	0.00606	0.00700	0.00560	0.00373	0.00280	0.00093	0.00466	0.00233	0.00187	0.00560
23	0.00531	0.00381	0.00505	0.00603	0.00632	0.00355	0.00403	0.00608	0.00839	0.01115	0.02453	0.82435	0.04805	0.01360	0.00556	0.00176	0.00252	0.01232	0.00405	0.00355
24	0.00531	0.00390	0.00500	0.00584	0.00627	0.00358	0.00395	0.00615	0.00867	0.01139	0.04740	0.71595	0.13422	0.01319	0.00550	0.00172	0.00248	0.01186	0.00407	0.00358
25	0.00631	0.00421	0.00477	0.00480	0.00481	0.00421	0.00269	0.00633	0.00641	0.00855	0.01409	0.05617	0.01630	0.81850	0.02164	0.00415	0.00417	0.00655	0.00269	0.00267
26	0.01643	0.01214	0.01301	0.01001	0.01347	0.01346	0.00825	0.78523	0.04049	0.02725	0.01066	0.01062	0.00757	0.00525	0.00436	0.00131	0.00477	0.00395	0.00436	0.00740
27	0.01627	0.00861	0.01016	0.00800	0.01098	0.00866	0.00654	0.29479	0.04141	0.38067	0.02690	0.01385	0.01023	0.00536	0.00419	0.00129	0.00380	0.00425	0.13719	0.00684
28	0.01776	0.01032	0.01191	0.00913	0.01258	0.01071	0.00755	0.49457	0.01733	0.34237	0.01314	0.01220	0.00876	0.00530	0.00437	0.00132	0.00437	0.00411	0.00477	0.00742
29	0.01079	0.01036	0.01770	0.02677	0.81952	0.01036	0.01339	0.01339	0.00993	0.01425	0.00820	0.01079	0.00691	0.00389	0.00432	0.00130	0.00518	0.00389	0.00216	0.00691
30	0.04762	0.81443	0.02217	0.00739	0.01108	0.01695	0.00735	0.01305	0.00880	0.01065	0.00606	0.00700	0.00556	0.00374	0.00279	0.00095	0.00461	0.00233	0.00190	0.00556
31	0.01222	0.01206	0.01645	0.01677	0.25468	0.13962	0.17227	0.12264	0.02998	0.03750	0.02868	0.03017	0.00818	0.00495	0.00554	0.00139	0.09378	0.00430	0.00271	0.00612
32	0.01115	0.01068	0.03662	0.02159	0.53811	0.03957	0.11378	0.01440	0.05786	0.05244	0.00954	0.01159	0.00759	0.00414	0.00435	0.00131	0.00525	0.00409	0.04936	0.00657
33	0.00891	0.00763	0.00888	0.00639	0.01018	0.00574	0.00510	0.01082	0.00908	0.01413	0.00903	0.01020	0.03502	0.00351	0.00330	0.00068	0.00319	0.00282	0.00264	0.84277
34	0.01631	0.02032	0.01240	0.01117	0.01349	0.78480	0.00842	0.06029	0.01280	0.01159	0.00694	0.00801	0.00572	0.00453	0.00396	0.00113	0.00770	0.00287	0.00236	0.00518
35	0.00617	0.00446	0.00583	0.00549	0.00652	0.00412	0.00412	0.00823	0.01235	0.01749	0.81722	0.03258	0.04115	0.00892	0.00514	0.00137	0.00206	0.00789	0.00480	0.00412
36	0.00758	0.00379	0.00568	0.00568	0.00568	0.00379	0.00379	0.00568	0.00568	0.00758	0.00758	0.01326	0.00758	0.01515	0.01705	0.87311	0.00379	0.00379	0.00189	0.00189
37	0.00646	0.00444	0.00629	0.00629	0.00678	0.00492	0.00456	0.00714	0.00666	0.00936	0.01153	0.01914	0.01152	0.21541	0.52194	0.13822	0.00878	0.00492	0.00234	0.00330
38	0.01684	0.01179	0.01283	0.00983	0.01331	0.01290	0.00812	0.73557	0.01980	0.09789	0.01107	0.01086	0.00772	0.00525	0.00437	0.00131	0.00470	0.00397	0.00445	0.00742
39	0.00555	0.00416	0.00521	0.00603	0.00644	0.01759	0.00409	0.00643	0.00879	0.01161	0.08160	0.72978	0.07047	0.01303	0.00549	0.00172	0.00257	0.01175	0.00407	0.00362
40	0.01629	0.02079	0.01236	0.01124	0.01348	0.82921	0.00843	0.01742	0.01236	0.01067	0.00674	0.00787	0.00562	0.00449	0.00393	0.00112	0.00787	0.00281	0.00225	0.00506
41	0.87753	0.00843	0.00641	0.00574	0.00843	0.00978	0.00472	0.01282	0.00742	0.01957	0.00607	0.00709	0.00472	0.00405	0.00270	0.00135	0.00337	0.00236	0.00270	0.00472
42	0.00875	0.02256	0.82413	0.01243	0.01888	0.01013	0.01611	0.01381	0.00921	0.01381	0.00783	0.00921	0.00552	0.00414	0.00414	0.00138	0.00645	0.00322	0.00184	0.00645
43	0.00824	0.00775	0.01308	0.83624	0.03004	0.00969	0.01211	0.01114	0.00872	0.01114	0.00775	0.01163	0.00581	0.00436	0.00436	0.00145	0.00581	0.00388	0.00194	0.00484
44	0.00531	0.00380	0.00506	0.00607	0.00633	0.00354	0.00405	0.00607	0.00835	0.01113	0.02404	0.84388	0.02885	0.01366	0.00557	0.00177	0.00253	0.01240	0.00405	0.00354
45	0.87753	0.00843	0.00641	0.00574	0.00843	0.00978	0.00472	0.01282	0.00742	0.01957	0.00607	0.00709	0.00472	0.00405	0.00270	0.00135	0.00337	0.00236	0.00270	0.00472
46	0.01168	0.01025	0.01030	0.00911	0.01166	0.05529	0.00712	0.09629	0.69417	0.01870	0.01647	0.01527	0.01234	0.00578	0.00440	0.00144	0.00382	0.00472	0.00431	0.00685
47	0.00632	0.00433	0.00527	0.00527	0.00545	0.00451	0.00329	0.00667	0.00650	0.00884	0.01327	0.02592	0.01472	0.65999	0.20738	0.00487	0.00594	0.00596	0.00257	0.00293
48	0.01400	0.20065	0.01417	0.00991	0.01243	0.54774	0.02595	0.01523	0.01126	0.01076	0.00999	0.03059	0.06982	0.00504	0.00385	0.00113	0.00658	0.00349	0.00235	0.00505
49	0.87753	0.00843	0.00641	0.00574	0.00843	0.00978	0.00472	0.01282	0.00742	0.01957	0.00607	0.00709	0.00472	0.00405	0.00270	0.00135	0.00337	0.00236	0.00270	0.00472
50	0.00954	0.00954	0.01336	0.01145	0.01145	0.01336	0.00954	0.01050	0.00668	0.01050	0.00573	0.00954	0.00573	0.00763	0.01431	0.00191	0.83874	0.00382	0.00191	0.00477
51	0.13932	0.01362	0.01592	0.01249	0.01564	0.27370	0.30578	0.06226	0.03064	0.01449	0.01061	0.01203	0.06464	0.00467	0.00433	0.00133	0.00632	0.00420	0.00261	0.00541
52	0.87753	0.00843	0.00641	0.00574	0.00843	0.00978	0.00472	0.01282	0.00742	0.01957	0.00607	0.00709	0.00472	0.00405	0.00270	0.00135	0.00337	0.00236	0.00270	0.00472
53	0.01660	0.00820	0.01020	0.00799	0.01101	0.00790	0.00653	0.22486	0.01457	0.48266	0.14580	0.01659	0.01486	0.00593	0.00450	0.00134	0.00373	0.00484	0.00503	0.00688
54	0.00614	0.00444	0.00564	0.00534	0.00641	0.00407	0.00400	0.00811	0.01201	0.01691	0.71702	0.03291	0.11346	0.00899	0.00507	0.00137	0.00207	0.00788	0.03408	0.00407
55	0.00758	0.00379	0.00568	0.00568	0.00568	0.00379	0.00379	0.00568	0.00568	0.00758	0.00758	0.01326	0.00758	0.01515	0.01705	0.87311	0.00379	0.00379	0.00189	0.00189
56	0.03906	0.00442	0.00443	0.00433	0.00549	0.00449	0.00328	0.01083	0.02871	0.03486	0.01409	0.01591	0.01099	0.00507	0.00310	0.00105	0.00215	0.00403	0.79948	0.00423
57	0.00526	0.00421	0.00472	0.00505	0.00607	0.00366	0.00361	0.00630	0.00952	0.01187	0.07933	0.31785	0.50356	0.01183	0.00530	0.00157	0.00231	0.01023	0.00409	0.00366
58	0.01166	0.84935	0.02285	0.00746	0.01119	0.01726	0.00746	0.01306	0.00886	0.01026	0.00606	0.00700	0.00560	0.00373	0.00280	0.00093	0.00466	0.00233	0.00187	0.00560
59	0.00607	0.00445	0.00569	0.00538	0.00645	0.00407	0.00403	0.00803	0.01210	0.01692	0.73946	0.03352	0.11926	0.00913	0.00515	0.00138	0.00207	0.00802	0.00473	0.00407
60	0.01366	0.49180	0.01834	0.00907	0.01218	0.35221	0.00788	0.02969	0.01052	0.01075	0.00643	0.00742	0.00564	0.00407	0.00330	0.00102	0.00599	0.00256	0.00207	0.00541
61	0.00755	0.00381	0.00571	0.00571	0.00573	0.00382	0.00382	0.00573	0.00571	0.00763	0.00767	0.01334	0.00765	0.01554	0.03512	0.85384	0.00396	0.00381	0.00190	0.00194
62	0.01073	0.27944	0.12061	0.01085	0.03367	0.02398	0.13000	0.01647	0.26643	0.01400	0.01080	0.01187	0.00859	0.00473	0.00425	0.00130	0.02603	0.01732	0.00279	0.00614
63	0.01234	0.01011	0.01070	0.00918	0.01191	0.01155	0.00727	0.22715	0.60523	0.02066	0.01585	0.01476	0.01178	0.00574	0.00442	0.00143	0.00380	0.00467	0.00442	0.00704
64	0.01098	0.02847	0.01024	0.04953	0.01203	0.01061	0.00701	0.13117	0.56226	0.01838	0.01858	0.01755	0.09159	0.00620	0.00446	0.00144	0.00366	0.00510	0.00421	0.00653
65	0.01043	0.01018	0.01496	0.37975	0.34324	0.09107	0.02651	0.01319	0.02435	0.03302	0.00827	0.01109	0.00651	0.00423	0.00432	0.00136	0.00570	0.00383	0.00219	0.00581
66	0.00584	0.00403	0.00497	0.00543	0.00561	0.00389	0.00340	0.00632	0.00766	0.01027	0.06620	0.41975	0.02358	0.39771	0.01321	0.00288	0.00329	0.00934	0.00344	0.00316
67	0.00590	0.00444	0.00552	0.00609	0.00701	0.00412	0.00472	0.00722	0.00957	0.01224	0.07600	0.25477	0.28267	0.04025	0.00612	0.00181	0.00293	0.26082	0.00403	0.00374
68	0.01446	0.01116	0.01189	0.00961	0.01272	0.01253	0.00778	0.51549	0.31345	0.02406	0.01317	0.01262	0.00960	0.00549	0.00439	0.00137	0.00430	0.00430	0.00439	0.00723
69	0.86001	0.00841	0.00649	0.00578	0.00849	0.00972	0.00476	0.01299	0.00753	0.03597	0.00630	0.00724	0.00485	0.00408	0.00273	0.00135	0.00338	0.00240	0.00275	0.00478
70	0.24045	0.00957	0.01033	0.00813	0.01138	0.01008	0.00671	0.32743	0.01433	0.30190	0.01167	0.01112	0.00789	0.00498	0.00394	0.00133	0.00405	0.00368	0.00429	0.00672
71	0.72393	0.00825	0.00707	0.00610	0.00892	0.00918	0.00503	0.01433	0.00833	0.16332	0.00807	0.00847	0.00581	0.00429	0.00300	0.00135	0.00343	0.00272	0.00318	0.00521
72	0.01166	0.84935	0.02285	0.00746	0.01119	0.01726	0.00746	0.01306	0.00886	0.01026	0.00606	0.00700	0.00560	0.00373	0.00280	0.00093	0.00466	0.00233	0.00187	0.00560
73	0.01371	0.01530	0.01133	0.01039	0.01251	0.48876	0.02621	0.11297	0.01270	0.01347	0.01162	0.01933	0.01107	0.00659	0.00457	0.00139	0.00644	0.21353	0.00298	0.00509
74	0.01326	0.01047	0.01099	0.00923	0.01205	0.02881	0.00738	0.32993	0.42902	0.03945	0.01468	0.01454	0.01100	0.00573	0.00440	0.00140	0.00406	0.02247	0.02418	0.00695
75	0.00779	0.00509	0.00606	0.00625	0.00730	0.00511	0.00453	0.01082	0.14182	0.06949	0.04063	0.42286	0.04966	0.02036	0.00504	0.00157	0.00271	0.02756	0.16087	0.00448
76	0.00921	0.00866	0.01454	0.44695	0.36224	0.00965	0.01213	0.01187	0.00921	0.01248	0.00897	0.01237	0.02462	0.02212	0.00472	0.00144	0.00538	0.00405	0.01373	0.00563
77	0.00551	0.00410	0.00508	0.00552	0.00621	0.00373	0.00385	0.00661	0.00954	0.01261	0.20699	0.44918	0.21011	0.04259	0.00599	0.00170	0.00241	0.01044	0.00417	0.00367
78	0.00758	0.00379	0.00568	0.00568	0.00568	0.00379	0.00379	0.00568	0.00568	0.00758	0.00758	0.01326	0.00758	0.01515	0.01705	0.87311	0.00379	0.00379	0.00189	0.00189
79	0.01176	0.83302	0.02266	0.00751	0.01124	0.01718	0.00748	0.02850	0.00909	0.01060	0.00615	0.00706	0.00563	0.00376	0.00283	0.00094	0.00467	0.00236	0.00191	0.00563
80	0.00714	0.00415	0.00475	0.00478	0.00570	0.00401	0.00352	0.00901	0.01004	0.01596	0.26703	0.13136	0.02291	0.00742	0.00404	0.00123	0.00211	0.00637	0.48445	0.00401
81	0.01068	0.01719	0.46826	0.01288	0.01810	0.01012	0.18732	0.09415	0.01084	0.08413	0.00968	0.03976	0.00723	0.00459	0.00446	0.00140	0.00611	0.00414	0.00256	0.00640
82	0.01115	0.01034	0.01062	0.02175	0.01191	0.09341	0.02341	0.04690	0.57203	0.01658	0.01491	0.01471	0.01146	0.00760	0.06072	0.00184	0.05591	0.00459	0.00383	0.00635
83	0.87753	0.00843	0.00641	0.00574	0.00843	0.00978	0.00472	0.01282	0.00742	0.01957	0.00607	0.00709	0.00472	0.00405	0.00270	0.00135	0.00337	0.00236	0.00270	0.00472

[dist]
# distance from previous block
# <min> <max>
0	11

[block]
# block no. 1 follows, 60 sequences, length 47
# corresponding to MSA columns:
# 174-181,184-212,216-225
name=unknown_B
#
# <colnr> <probs for GDERKNQSTAVLIFYWHMCP>
#	G	D	E	R	K	N	Q	S	T	A	V	L	I	F	Y	W	H	M	C	P
0	0.01022	0.00903	0.01378	0.06388	0.45740	0.00933	0.01031	0.06108	0.11582	0.02557	0.15254	0.02715	0.01411	0.00530	0.00450	0.00135	0.00436	0.00486	0.00311	0.00629
1	0.00983	0.02671	0.46674	0.01126	0.01591	0.09947	0.08333	0.01371	0.02125	0.04653	0.10969	0.01319	0.02123	0.00493	0.00431	0.00134	0.00575	0.00410	0.03487	0.00586
2	0.00569	0.00512	0.02691	0.00527	0.00673	0.00430	0.00411	0.00754	0.05446	0.01234	0.06422	0.14902	0.58947	0.01090	0.00517	0.00153	0.00249	0.03674	0.00404	0.00394
3	0.54278	0.00856	0.00813	0.00678	0.00972	0.00930	0.00558	0.09033	0.03833	0.22871	0.00979	0.00974	0.00686	0.00458	0.00336	0.00135	0.00360	0.00313	0.00362	0.00576
4	0.01214	0.01215	0.01373	0.02587	0.13516	0.19827	0.12563	0.10452	0.19157	0.01556	0.01138	0.03933	0.00927	0.02973	0.00488	0.00141	0.00540	0.00442	0.05362	0.00596
5	0.00536	0.00423	0.00484	0.00516	0.00617	0.00371	0.00372	0.00648	0.00970	0.01226	0.12702	0.30488	0.45288	0.01168	0.00531	0.00157	0.00233	0.02488	0.00414	0.00369
6	0.02953	0.06784	0.14742	0.01245	0.15532	0.06983	0.00968	0.14762	0.03386	0.01591	0.02317	0.01004	0.00717	0.00448	0.00465	0.00119	0.06555	0.00340	0.00266	0.18824
7	0.01216	0.00934	0.00992	0.00901	0.03470	0.04052	0.00684	0.08075	0.53774	0.10414	0.01612	0.01520	0.01192	0.00562	0.00427	0.00139	0.00366	0.00461	0.08543	0.00666
8	0.03811	0.01526	0.01460	0.03822	0.26594	0.40384	0.05977	0.04499	0.01145	0.03154	0.00775	0.00939	0.00627	0.00425	0.00411	0.00121	0.00647	0.00338	0.00238	0.03107
9	0.01658	0.01222	0.01309	0.01003	0.01353	0.01353	0.00829	0.80497	0.02051	0.02749	0.01047	0.01047	0.00742	0.00524	0.00436	0.00131	0.00480	0.00393	0.00436	0.00742
10	0.01603	0.01122	0.01228	0.00951	0.01291	0.01213	0.00781	0.61013	0.09065	0.11341	0.01174	0.01141	0.00828	0.00522	0.00432	0.00130	0.00448	0.00400	0.00440	0.04878
11	0.00675	0.00459	0.00601	0.00558	0.00671	0.00421	0.00421	0.00879	0.01235	0.05198	0.78294	0.03182	0.03985	0.00877	0.00511	0.00137	0.00213	0.00774	0.00483	0.00426
12	0.00824	0.00775	0.01308	0.83624	0.03004	0.00969	0.01211	0.01114	0.00872	0.01114	0.00775	0.01163	0.00581	0.00436	0.00436	0.00145	0.00581	0.00388	0.00194	0.00484
13	0.01155	0.00924	0.00985	0.00869	0.01121	0.01053	0.00681	0.07819	0.68139	0.05735	0.01705	0.01579	0.01268	0.00581	0.00437	0.00144	0.00350	0.00479	0.04293	0.00684
14	0.00967	0.00495	0.00530	0.00486	0.00626	0.00494	0.00375	0.06708	0.01036	0.08878	0.04232	0.01630	0.01193	0.00525	0.00333	0.00108	0.00238	0.00422	0.70263	0.00460
15	0.06724	0.01362	0.01111	0.01020	0.04762	0.35625	0.01703	0.15580	0.01308	0.09380	0.08337	0.05734	0.01169	0.00584	0.00429	0.00130	0.00555	0.03594	0.00335	0.00557
16	0.00634	0.00423	0.00476	0.00476	0.00476	0.00423	0.00264	0.00634	0.00634	0.00846	0.01374	0.02854	0.01586	0.84672	0.02220	0.00423	0.00423	0.00634	0.00264	0.00264
17	0.01658	0.01222	0.01309	0.01003	0.01353	0.01353	0.00829	0.80497	0.02051	0.02749	0.01047	0.01047	0.00742	0.00524	0.00436	0.00131	0.00480	0.00393	0.00436	0.00742
18	0.00626	0.00457	0.00650	0.00650	0.00711	0.00518	0.00482	0.00746	0.00686	0.00975	0.01214	0.01969	0.01201	0.21498	0.64868	0.00639	0.01001	0.00505	0.00241	0.00361
19	0.01612	0.01177	0.01260	0.00971	0.01307	0.01301	0.00800	0.76166	0.01989	0.02688	0.01068	0.01079	0.00762	0.00523	0.00429	0.00129	0.00465	0.00393	0.05159	0.00723
20	0.44338	0.00817	0.00844	0.00688	0.00993	0.00845	0.00568	0.05835	0.01040	0.38388	0.01135	0.01078	0.00762	0.00472	0.00355	0.00135	0.00360	0.00336	0.00401	0.00609
21	0.01489	0.07583	0.01253	0.01052	0.01278	0.65872	0.00805	0.01684	0.06712	0.01113	0.00781	0.00904	0.00652	0.00653	0.06198	0.00155	0.00761	0.00305	0.00238	0.00514
22	0.00818	0.00743	0.01302	0.01094	0.01304	0.00723	0.27152	0.04577	0.05453	0.01366	0.01808	0.28638	0.02966	0.00912	0.00541	0.00169	0.00463	0.19145	0.00346	0.00479
23	0.01823	0.00713	0.00964	0.00749	0.01066	0.00617	0.00615	0.01991	0.01236	0.74461	0.06012	0.01697	0.04816	0.00583	0.00446	0.00136	0.00356	0.00478	0.00531	0.00708
24	0.01413	0.00667	0.00866	0.00704	0.00950	0.00612	0.00565	0.08323	0.01304	0.44059	0.30998	0.02101	0.02165	0.00667	0.00463	0.00135	0.00316	0.00562	0.02516	0.00613
25	0.00627	0.00461	0.00662	0.00665	0.00730	0.00523	0.00501	0.00757	0.00698	0.00992	0.01236	0.02001	0.01216	0.17284	0.66672	0.00639	0.01018	0.02708	0.00244	0.00368
26	0.01537	0.01110	0.01202	0.00949	0.01269	0.01224	0.00775	0.58507	0.16138	0.07512	0.03097	0.01239	0.00953	0.00545	0.00438	0.00134	0.00438	0.00423	0.01794	0.00720
27	0.01085	0.00937	0.00986	0.00888	0.01134	0.01085	0.00690	0.02318	0.81164	0.01824	0.01775	0.01627	0.01331	0.00592	0.00444	0.00148	0.00345	0.00493	0.00444	0.00690
28	0.01166	0.84935	0.02285	0.00746	0.01119	0.01726	0.00746	0.01306	0.00886	0.01026	0.00606	0.00700	0.00560	0.00373	0.00280	0.00093	0.00466	0.00233	0.00187	0.00560
29	0.01183	0.01038	0.01614	0.03845	0.59302	0.03402	0.02984	0.04449	0.08312	0.08099	0.00985	0.01156	0.00776	0.00427	0.00434	0.00132	0.00503	0.00402	0.00271	0.00685
30	0.01712	0.00851	0.01236	0.00947	0.01271	0.00813	0.10133	0.07203	0.06019	0.57495	0.01508	0.01394	0.00991	0.00535	0.00510	0.00140	0.05625	0.00444	0.00468	0.00704
31	0.00688	0.00543	0.00710	0.08239	0.01015	0.03566	0.00649	0.00850	0.00936	0.01207	0.02113	0.31388	0.02355	0.01214	0.02618	0.00197	0.00401	0.40543	0.00373	0.00397
32	0.54679	0.00966	0.01047	0.01304	0.28053	0.04825	0.00780	0.01322	0.00849	0.01737	0.00682	0.00836	0.00550	0.00401	0.00330	0.00132	0.00419	0.00289	0.00250	0.00547
33	0.00994	0.01065	0.01869	0.01469	0.03999	0.04602	0.38947	0.01222	0.00874	0.01216	0.00796	0.01185	0.00690	0.05094	0.03851	0.00195	0.30737	0.00458	0.00213	0.00523
34	0.01094	0.04392	0.03543	0.01065	0.01356	0.24106	0.18567	0.03226	0.01084	0.01319	0.07426	0.04612	0.07154	0.00555	0.00452	0.00124	0.01700	0.03041	0.00277	0.14906
35	0.00895	0.00486	0.00494	0.00465	0.00590	0.00499	0.00356	0.08758	0.01025	0.01735	0.01386	0.01570	0.01081	0.00510	0.00318	0.00104	0.00230	0.00405	0.78653	0.00439
36	0.00898	0.02198	0.77012	0.01226	0.01839	0.04050	0.01556	0.01381	0.00935	0.01367	0.00823	0.01032	0.00610	0.00439	0.00419	0.00139	0.00643	0.02610	0.00192	0.00632
37	0.00585	0.00445	0.00550	0.00602	0.00701	0.00409	0.00469	0.00723	0.00979	0.01252	0.10289	0.24536	0.30939	0.01181	0.00552	0.00170	0.00282	0.24547	0.00411	0.00379
38	0.00738	0.00608	0.00592	0.00579	0.00613	0.08987	0.00368	0.00776	0.00754	0.00959	0.07161	0.07181	0.01697	0.60800	0.04067	0.00358	0.02538	0.00632	0.00281	0.00314
39	0.00536	0.00438	0.00475	0.00485	0.00612	0.00377	0.00362	0.00658	0.01009	0.01249	0.14057	0.12518	0.60921	0.01108	0.00523	0.00151	0.00228	0.03507	0.00415	0.00373
40	0.04445	0.00512	0.00516	0.00523	0.00669	0.02628	0.00408	0.00735	0.01004	0.01258	0.07947	0.04004	0.60644	0.01059	0.00514	0.00153	0.00266	0.11934	0.00398	0.00384
41	0.01166	0.84935	0.02285	0.00746	0.01119	0.01726	0.00746	0.01306	0.00886	0.01026	0.00606	0.00700	0.00560	0.00373	0.00280	0.00093	0.00466	0.00233	0.00187	0.00560
42	0.00779	0.00567	0.00668	0.00616	0.00766	0.00569	0.00470	0.01206	0.19312	0.05027	0.48014	0.02820	0.11076	0.00810	0.00484	0.00139	0.00246	0.00700	0.05248	0.00484
43	0.00865	0.00835	0.01325	0.77096	0.06301	0.04036	0.01203	0.01147	0.00891	0.01126	0.00773	0.01145	0.00585	0.00435	0.00434	0.00143	0.00586	0.00384	0.00196	0.00494
44	0.05152	0.06241	0.01110	0.00923	0.01162	0.34312	0.00720	0.05612	0.26394	0.03018	0.01301	0.01357	0.04924	0.00544	0.00407	0.00128	0.00528	0.02039	0.03559	0.00569
45	0.00994	0.06245	0.00843	0.00649	0.00857	0.00613	0.00526	0.05518	0.01190	0.17384	0.35809	0.02648	0.10195	0.00767	0.00471	0.00134	0.00297	0.06826	0.00438	0.07595
46	0.01137	0.66227	0.12165	0.00827	0.01217	0.05189	0.00850	0.01364	0.03914	0.01116	0.02181	0.00813	0.00654	0.00399	0.00312	0.00103	0.00493	0.00266	0.00203	0.00570

[dist]
# distance from previous block
# <min> <max>
3	8

[block]
# block no. 2 follows, 60 sequences, length 7
# corresponding to MSA columns:
# 234-240
name=unknown_C
#
# <colnr> <probs for GDERKNQSTAVLIFYWHMCP>
#	G	D	E	R	K	N	Q	S	T	A	V	L	I	F	Y	W	H	M	C	P
0	0.01317	0.01041	0.01001	0.00779	0.01120	0.17927	0.00616	0.01487	0.01059	0.21295	0.00987	0.01023	0.00735	0.00403	0.00366	0.00092	0.00432	0.00308	0.00321	0.47692
1	0.00582	0.00478	0.00529	0.00517	0.00657	0.00443	0.00392	0.00788	0.06379	0.01295	0.16290	0.03601	0.55049	0.01274	0.09567	0.00207	0.00331	0.00821	0.00401	0.00399
2	0.00782	0.00508	0.00614	0.03160	0.00772	0.00508	0.00466	0.08402	0.00991	0.04289	0.02001	0.35613	0.06114	0.07399	0.00611	0.00173	0.00302	0.07288	0.19589	0.00418
3	0.00933	0.00852	0.01372	0.51305	0.23426	0.00982	0.01163	0.03877	0.05620	0.01313	0.00882	0.01184	0.00682	0.00439	0.00430	0.00139	0.00532	0.00395	0.03919	0.00556
4	0.00688	0.00617	0.00583	0.00585	0.00712	0.08297	0.00432	0.00843	0.06166	0.01167	0.03178	0.16506	0.46415	0.01090	0.00611	0.07670	0.00308	0.03375	0.00372	0.00386
5	0.01032	0.00900	0.07937	0.00773	0.01096	0.00732	0.00671	0.10765	0.08934	0.07921	0.08889	0.05836	0.01318	0.00563	0.00414	0.00114	0.00366	0.05538	0.00351	0.35850
6	0.00665	0.00492	0.00614	0.00624	0.00736	0.00470	0.00491	0.04766	0.01104	0.01470	0.29987	0.11521	0.18558	0.04102	0.00601	0.00171	0.00289	0.22506	0.00426	0.00406

[dist]
# distance from previous block
# <min> <max>
1	4

[block]
# block no. 3 follows, 60 sequences, length 10
# corresponding to MSA columns:
# 245-254
name=unknown_D
#
# <colnr> <probs for GDERKNQSTAVLIFYWHMCP>
#	G	D	E	R	K	N	Q	S	T	A	V	L	I	F	Y	W	H	M	C	P
0	0.34129	0.19587	0.11159	0.00904	0.01250	0.02836	0.10565	0.03820	0.00895	0.01554	0.02490	0.00877	0.00626	0.00426	0.00394	0.00128	0.04711	0.00307	0.00240	0.03105
1	0.01416	0.01052	0.01171	0.00894	0.01236	0.01093	0.00733	0.48387	0.04840	0.06427	0.01019	0.01051	0.00750	0.00482	0.00444	0.00116	0.03671	0.00362	0.00384	0.24474
2	0.00982	0.00937	0.01594	0.33609	0.51784	0.01011	0.01290	0.01253	0.00947	0.01306	0.00803	0.01111	0.00649	0.00407	0.00433	0.00136	0.00542	0.00388	0.00207	0.00612
3	0.00569	0.00444	0.00516	0.00498	0.00622	0.00391	0.00374	0.00730	0.01121	0.01479	0.45158	0.03702	0.40847	0.00992	0.00515	0.00142	0.00213	0.00851	0.00445	0.00391
4	0.01312	0.01020	0.01092	0.00920	0.01204	0.01151	0.00733	0.27725	0.51730	0.05863	0.01536	0.01432	0.01128	0.00567	0.00441	0.00142	0.00390	0.00458	0.00446	0.00709
5	0.01759	0.01060	0.01209	0.00927	0.01272	0.01113	0.00766	0.54062	0.01780	0.29567	0.01274	0.01195	0.00856	0.00529	0.00437	0.00132	0.00443	0.00408	0.00471	0.00742
6	0.00679	0.00467	0.00590	0.00632	0.00744	0.00431	0.00501	0.00822	0.00992	0.06228	0.07711	0.22392	0.26797	0.01151	0.00550	0.00171	0.00299	0.28025	0.00417	0.00402
7	0.00588	0.00460	0.00690	0.00695	0.00770	0.00429	0.07291	0.00704	0.00901	0.01210	0.12081	0.61307	0.06024	0.03919	0.00600	0.00176	0.00293	0.01089	0.00394	0.00379
8	0.00758	0.00379	0.00568	0.00568	0.00568	0.00379	0.00379	0.00568	0.00568	0.00758	0.00758	0.01326	0.00758	0.01515	0.01705	0.87311	0.00379	0.00379	0.00189	0.00189
9	0.67650	0.09648	0.00812	0.00589	0.00852	0.00995	0.00491	0.01275	0.00778	0.04967	0.00720	0.00881	0.00586	0.04696	0.00378	0.00144	0.00352	0.00270	0.03437	0.00479

[dist]
# distance from previous block
# <min> <max>
0	1

[block]
# block no. 4 follows, 60 sequences, length 22
# corresponding to MSA columns:
# 256-262,266-280
name=unknown_E
#
# <colnr> <probs for GDERKNQSTAVLIFYWHMCP>
#	G	D	E	R	K	N	Q	S	T	A	V	L	I	F	Y	W	H	M	C	P
0	0.00546	0.00394	0.00519	0.00606	0.00647	0.00367	0.00418	0.00640	0.00880	0.01170	0.07753	0.69988	0.07308	0.01311	0.00554	0.00174	0.00257	0.05696	0.00410	0.00362
1	0.01187	0.81144	0.02237	0.00764	0.01130	0.05441	0.00751	0.01326	0.00902	0.01028	0.00609	0.00704	0.00560	0.00377	0.00285	0.00094	0.00481	0.00235	0.00188	0.00557
2	0.00888	0.02155	0.75524	0.01302	0.04071	0.01024	0.04442	0.01373	0.00921	0.01376	0.00783	0.00935	0.00561	0.00420	0.00441	0.00139	0.02487	0.00332	0.00186	0.00640
3	0.01063	0.00933	0.01008	0.00990	0.06408	0.03974	0.00719	0.04181	0.61511	0.01730	0.03005	0.07154	0.01433	0.00648	0.00455	0.00149	0.00370	0.03204	0.00417	0.00649
4	0.00543	0.00433	0.00487	0.00494	0.00611	0.00377	0.00363	0.00671	0.01028	0.01308	0.23087	0.16637	0.50235	0.01094	0.00522	0.00150	0.00222	0.00939	0.00423	0.00377
5	0.00525	0.00439	0.00457	0.00459	0.00596	0.00371	0.00342	0.00642	0.01006	0.01223	0.10809	0.08067	0.71370	0.01100	0.00517	0.00148	0.00221	0.00925	0.00411	0.00371
6	0.01167	0.00936	0.01002	0.00885	0.01142	0.01067	0.00693	0.05627	0.72519	0.07180	0.01741	0.01593	0.01290	0.00585	0.00443	0.00146	0.00353	0.00485	0.00450	0.00696
7	0.87753	0.00843	0.00641	0.00574	0.00843	0.00978	0.00472	0.01282	0.00742	0.01957	0.00607	0.00709	0.00472	0.00405	0.00270	0.00135	0.00337	0.00236	0.00270	0.00472
8	0.00933	0.00919	0.01279	0.01101	0.01101	0.01276	0.00909	0.01022	0.00666	0.01036	0.00626	0.01080	0.00639	0.06310	0.01483	0.00206	0.78358	0.00398	0.00196	0.00463
9	0.00915	0.10950	0.69304	0.01225	0.01829	0.01094	0.06080	0.01374	0.00923	0.01345	0.00770	0.00912	0.00560	0.00407	0.00406	0.00134	0.00631	0.00324	0.00187	0.00632
10	0.01512	0.20763	0.01450	0.00999	0.01270	0.51848	0.00800	0.04708	0.05816	0.05839	0.00797	0.00866	0.00643	0.00448	0.00375	0.00112	0.00652	0.00296	0.00255	0.00551
11	0.87753	0.00843	0.00641	0.00574	0.00843	0.00978	0.00472	0.01282	0.00742	0.01957	0.00607	0.00709	0.00472	0.00405	0.00270	0.00135	0.00337	0.00236	0.00270	0.00472
12	0.02400	0.10705	0.34542	0.02919	0.09912	0.03898	0.08080	0.06811	0.04996	0.03241	0.02881	0.05877	0.00860	0.00490	0.00422	0.00134	0.00553	0.00415	0.00252	0.00613
13	0.00525	0.00431	0.00463	0.00486	0.00608	0.00370	0.00358	0.00631	0.00963	0.01169	0.03953	0.20040	0.63676	0.01159	0.00526	0.00155	0.00233	0.03482	0.00405	0.00367
14	0.01220	0.00974	0.01041	0.09883	0.03514	0.07948	0.00741	0.17376	0.26031	0.10256	0.01788	0.01746	0.13110	0.00614	0.00445	0.00139	0.00422	0.00498	0.01641	0.00615
15	0.00848	0.00811	0.01409	0.01133	0.02907	0.00777	0.31553	0.06629	0.05497	0.01424	0.04660	0.16681	0.20288	0.00777	0.00513	0.00152	0.00461	0.02639	0.00336	0.00504
16	0.00742	0.00389	0.00584	0.00584	0.00593	0.00399	0.00399	0.00593	0.00584	0.00788	0.00807	0.01372	0.00797	0.01725	0.11410	0.76964	0.00473	0.00389	0.00195	0.00213
17	0.01192	0.80351	0.02227	0.00767	0.01132	0.06217	0.00752	0.01330	0.00906	0.01028	0.00610	0.00704	0.00560	0.00377	0.00286	0.00094	0.00484	0.00236	0.00189	0.00557
18	0.00623	0.00449	0.00565	0.00605	0.00684	0.00426	0.00436	0.02824	0.03019	0.02397	0.18404	0.47252	0.12270	0.01166	0.00535	0.00164	0.00258	0.05900	0.01627	0.00395
19	0.00874	0.00827	0.01400	0.67562	0.18669	0.00982	0.01236	0.01159	0.00896	0.01176	0.00784	0.01146	0.00603	0.00427	0.00435	0.00142	0.00569	0.00388	0.00198	0.00525
20	0.01007	0.00829	0.01068	0.01073	0.08250	0.00898	0.05164	0.05092	0.38985	0.03642	0.01778	0.02565	0.01578	0.00751	0.00496	0.00162	0.00406	0.25259	0.00400	0.00597
21	0.62193	0.00875	0.04466	0.04086	0.01015	0.00908	0.00579	0.02488	0.00864	0.13624	0.02828	0.00940	0.00679	0.00443	0.00317	0.00135	0.00362	0.00296	0.02380	0.00521

[dist]
# distance from previous block
# <min> <max>
0	1

[block]
# block no. 5 follows, 60 sequences, length 9
# corresponding to MSA columns:
# 282-290
name=unknown_F
#
# <colnr> <probs for GDERKNQSTAVLIFYWHMCP>
#	G	D	E	R	K	N	Q	S	T	A	V	L	I	F	Y	W	H	M	C	P
0	0.01053	0.01009	0.01722	0.11185	0.73654	0.01029	0.01325	0.01315	0.00980	0.01392	0.00816	0.01088	0.00679	0.00394	0.00432	0.00131	0.00525	0.00388	0.00214	0.00669
1	0.01010	0.01280	0.22710	0.01776	0.35786	0.00949	0.07699	0.04324	0.02960	0.04487	0.06671	0.04531	0.02858	0.00499	0.00447	0.00137	0.00519	0.00459	0.00264	0.00634
2	0.00683	0.00519	0.00660	0.03525	0.00823	0.00510	0.02050	0.05943	0.04168	0.01436	0.20194	0.31124	0.16425	0.01036	0.00516	0.00156	0.00284	0.05880	0.03644	0.00422
3	0.01370	0.07374	0.04315	0.01023	0.01256	0.40365	0.00832	0.08122	0.09605	0.04133	0.00947	0.01174	0.00793	0.00661	0.04253	0.00157	0.08726	0.04070	0.00278	0.00549
4	0.01496	0.08891	0.01492	0.01063	0.01405	0.07144	0.08860	0.52622	0.08904	0.02252	0.01029	0.01062	0.00757	0.00495	0.00428	0.00129	0.00514	0.00392	0.00377	0.00688
5	0.06887	0.00564	0.00683	0.00616	0.00784	0.00542	0.02056	0.01110	0.07896	0.10818	0.39357	0.02902	0.18169	0.00826	0.00482	0.00141	0.00265	0.03251	0.02179	0.00472
6	0.01134	0.08139	0.03745	0.06183	0.36365	0.12554	0.06171	0.05575	0.05269	0.01417	0.03138	0.03213	0.00875	0.00470	0.00425	0.00129	0.00537	0.01735	0.02317	0.00610
7	0.26565	0.27827	0.20449	0.00879	0.03357	0.01218	0.00881	0.05504	0.00943	0.07738	0.00762	0.00843	0.00585	0.00413	0.00333	0.00122	0.00465	0.00283	0.00251	0.00581
8	0.00954	0.00954	0.01336	0.01145	0.01145	0.01336	0.00954	0.01050	0.00668	0.01050	0.00573	0.00954	0.00573	0.00763	0.01431	0.00191	0.83874	0.00382	0.00191	0.00477

[dist]
# distance from previous block
# <min> <max>
0	9

[block]
# block no. 6 follows, 60 sequences, length 70
# corresponding to MSA columns:
# 300-369
name=unknown_G
#
# <colnr> <probs for GDERKNQSTAVLIFYWHMCP>
#	G	D	E	R	K	N	Q	S	T	A	V	L	I	F	Y	W	H	M	C	P
0	0.01214	0.05894	0.02642	0.04222	0.15559	0.08095	0.05995	0.14527	0.29150	0.02896	0.02408	0.01261	0.00951	0.00506	0.00458	0.00136	0.02673	0.00421	0.00337	0.00652
1	0.26826	0.03139	0.01079	0.03418	0.01161	0.08791	0.02173	0.15772	0.01999	0.10005	0.00932	0.04443	0.00767	0.00566	0.00568	0.00145	0.15448	0.01899	0.00314	0.00554
2	0.07234	0.00984	0.01493	0.01143	0.01452	0.02387	0.27970	0.23917	0.01292	0.01809	0.07873	0.11581	0.03274	0.00599	0.00468	0.00140	0.00498	0.00565	0.00337	0.04984
3	0.00519	0.00442	0.00447	0.00446	0.00591	0.00370	0.00334	0.00633	0.01003	0.01199	0.07249	0.04163	0.78931	0.01097	0.00515	0.00147	0.00220	0.00916	0.00408	0.00370
4	0.01579	0.01988	0.01279	0.01142	0.01376	0.75723	0.04074	0.01755	0.05003	0.01117	0.00735	0.00842	0.00602	0.00453	0.00401	0.00115	0.00764	0.00300	0.00235	0.00518
5	0.01166	0.84935	0.02285	0.00746	0.01119	0.01726	0.00746	0.01306	0.00886	0.01026	0.00606	0.00700	0.00560	0.00373	0.00280	0.00093	0.00466	0.00233	0.00187	0.00560
6	0.00699	0.00499	0.00698	0.00799	0.00897	0.00498	0.00696	0.00897	0.01000	0.01301	0.02311	0.06815	0.02519	0.01209	0.00601	0.00200	0.00398	0.77161	0.00402	0.00400
7	0.01029	0.01176	0.02574	0.01838	0.02279	0.01103	0.80368	0.01397	0.01029	0.01397	0.00882	0.01176	0.00662	0.00368	0.00515	0.00147	0.00735	0.00515	0.00221	0.00588
8	0.00700	0.00485	0.00635	0.00704	0.03143	0.00481	0.00502	0.00837	0.04436	0.02108	0.01842	0.22046	0.02027	0.22194	0.01064	0.07441	0.00365	0.24694	0.02183	0.02112
9	0.01577	0.01512	0.01226	0.01026	0.01305	0.35064	0.00809	0.39127	0.03607	0.03916	0.00935	0.01005	0.00712	0.00661	0.05402	0.00158	0.00642	0.00355	0.00339	0.00621
10	0.02690	0.00983	0.01610	0.18643	0.57362	0.01037	0.01250	0.05252	0.01015	0.02927	0.00830	0.01092	0.00672	0.00416	0.00452	0.00134	0.02374	0.00387	0.00229	0.00644
11	0.01127	0.69818	0.08660	0.00835	0.01212	0.03126	0.03205	0.01302	0.00889	0.01067	0.00644	0.00767	0.00576	0.00464	0.02502	0.00117	0.02679	0.00260	0.00189	0.00560
12	0.75987	0.00843	0.00677	0.01816	0.00890	0.02195	0.00499	0.02785	0.00804	0.04665	0.00714	0.00849	0.00557	0.00429	0.00290	0.00134	0.00348	0.01477	0.03558	0.00484
13	0.01054	0.00894	0.00957	0.00872	0.01106	0.01022	0.00687	0.04690	0.69173	0.01790	0.01869	0.01976	0.03508	0.00659	0.00460	0.00152	0.00351	0.07684	0.00439	0.00657
14	0.00702	0.00513	0.00736	0.00815	0.00922	0.00509	0.02587	0.00901	0.01000	0.01299	0.02325	0.06962	0.04236	0.01187	0.00597	0.00198	0.00402	0.73308	0.00397	0.00404
15	0.00631	0.00421	0.00477	0.00480	0.00481	0.00420	0.00269	0.00633	0.00642	0.00855	0.01412	0.05809	0.01633	0.81653	0.02160	0.00414	0.00417	0.00656	0.00269	0.00268
16	0.00581	0.00444	0.00533	0.00511	0.00629	0.00396	0.00383	0.00753	0.01149	0.01545	0.54128	0.03593	0.31836	0.00968	0.00515	0.00141	0.00211	0.00836	0.00453	0.00396
17	0.01149	0.00969	0.01022	0.00901	0.01159	0.01115	0.00706	0.11050	0.72327	0.01928	0.01694	0.01562	0.01265	0.00584	0.00443	0.00146	0.00360	0.00482	0.00443	0.00696
18	0.01947	0.00758	0.01022	0.00783	0.01121	0.00664	0.00647	0.04648	0.01274	0.79694	0.01699	0.01470	0.01069	0.00539	0.00439	0.00135	0.00375	0.00437	0.00536	0.00742
19	0.01643	0.01207	0.01293	0.00993	0.01337	0.01336	0.00820	0.79074	0.02030	0.02729	0.01054	0.01057	0.00748	0.00523	0.00434	0.00130	0.00475	0.00393	0.01988	0.00736
20	0.03286	0.01040	0.01705	0.03625	0.73481	0.01055	0.01281	0.06591	0.01055	0.01522	0.00829	0.01069	0.00687	0.00399	0.00428	0.00130	0.00512	0.00385	0.00232	0.00686
21	0.01166	0.84935	0.02285	0.00746	0.01119	0.01726	0.00746	0.01306	0.00886	0.01026	0.00606	0.00700	0.00560	0.00373	0.00280	0.00093	0.00466	0.00233	0.00187	0.00560
22	0.01061	0.01037	0.01250	0.01101	0.03603	0.11095	0.06604	0.03371	0.14536	0.02234	0.00950	0.01210	0.00809	0.02989	0.05868	0.00199	0.36019	0.00412	0.05126	0.00526
23	0.01144	0.00963	0.01018	0.00899	0.01155	0.01106	0.00706	0.11118	0.71053	0.01921	0.01701	0.01610	0.01282	0.00593	0.00445	0.00147	0.00361	0.01641	0.00442	0.00692
24	0.01911	0.00816	0.01058	0.00811	0.01150	0.00750	0.00670	0.14110	0.01371	0.70096	0.01618	0.01418	0.01028	0.00537	0.00438	0.00134	0.00388	0.00432	0.00524	0.00742
25	0.01073	0.01029	0.01758	0.04778	0.79902	0.01035	0.01335	0.01333	0.00990	0.01417	0.00819	0.01082	0.00688	0.00390	0.00432	0.00130	0.00520	0.00389	0.00215	0.00685
26	0.00531	0.00380	0.00506	0.00607	0.00633	0.00354	0.00405	0.00607	0.00835	0.01113	0.02404	0.84388	0.02885	0.01366	0.00557	0.00177	0.00253	0.01240	0.00405	0.00354
27	0.00634	0.00423	0.00476	0.00476	0.00476	0.00423	0.00264	0.00634	0.00634	0.00846	0.01374	0.02854	0.01586	0.84672	0.02220	0.00423	0.00423	0.00634	0.00264	0.00264
28	0.01179	0.82735	0.02260	0.00753	0.01126	0.01716	0.00748	0.03387	0.00917	0.01071	0.00618	0.00709	0.00564	0.00377	0.00284	0.00094	0.00467	0.00237	0.00193	0.00564
29	0.01461	0.01049	0.01142	0.00919	0.01225	0.01151	0.00745	0.45884	0.24559	0.10216	0.03832	0.01407	0.03235	0.00571	0.00443	0.00137	0.00415	0.00452	0.00449	0.00707
30	0.01064	0.26274	0.46106	0.01110	0.03381	0.02480	0.02699	0.08343	0.01024	0.02640	0.00770	0.00882	0.00585	0.00413	0.00379	0.00124	0.00575	0.00309	0.00215	0.00628
31	0.01384	0.12871	0.03569	0.01048	0.02833	0.04291	0.06946	0.39870	0.19072	0.02081	0.01108	0.01124	0.00827	0.00498	0.00420	0.00130	0.00484	0.00396	0.00368	0.00681
32	0.00531	0.00380	0.00506	0.00607	0.00633	0.00354	0.00405	0.00607	0.00835	0.01113	0.02404	0.84388	0.02885	0.01366	0.00557	0.00177	0.00253	0.01240	0.00405	0.00354
33	0.00786	0.02561	0.13361	0.00841	0.01054	0.00665	0.02261	0.05477	0.05159	0.01470	0.14134	0.09664	0.04333	0.00943	0.00528	0.00168	0.00402	0.35339	0.00377	0.00476
34	0.02861	0.00569	0.00650	0.00634	0.00731	0.03872	0.02447	0.03625	0.00927	0.01407	0.04056	0.33101	0.01772	0.00854	0.00500	0.00141	0.06246	0.00724	0.32840	0.02044
35	0.00545	0.00400	0.00530	0.00617	0.00647	0.00385	0.00419	0.00624	0.00841	0.01123	0.03594	0.77937	0.05535	0.01332	0.00581	0.00176	0.02758	0.01197	0.00400	0.00359
36	0.01079	0.01036	0.01770	0.02677	0.81952	0.01036	0.01339	0.01339	0.00993	0.01425	0.00820	0.01079	0.00691	0.00389	0.00432	0.00130	0.00518	0.00389	0.00216	0.00691
37	0.01041	0.01024	0.09333	0.00880	0.01154	0.01011	0.00750	0.03781	0.62626	0.01781	0.04027	0.01591	0.01305	0.00575	0.00432	0.00143	0.00364	0.00476	0.07049	0.00657
38	0.00624	0.00465	0.00691	0.00691	0.00765	0.00540	0.00532	0.00772	0.00698	0.01005	0.01178	0.01765	0.01113	0.06986	0.79260	0.00688	0.01134	0.00475	0.00235	0.00384
39	0.01031	0.00986	0.01683	0.05219	0.68205	0.00997	0.04082	0.01287	0.01000	0.01428	0.06894	0.01246	0.00940	0.00437	0.00467	0.00133	0.02654	0.00423	0.00235	0.00654
40	0.01085	0.00937	0.00986	0.00888	0.01134	0.01085	0.00690	0.02318	0.81164	0.01824	0.01775	0.01627	0.01331	0.00592	0.00444	0.00148	0.00345	0.00493	0.00444	0.00690
41	0.00884	0.04798	0.79949	0.01228	0.01864	0.01035	0.01585	0.01379	0.00920	0.01370	0.00777	0.00914	0.00553	0.00413	0.00410	0.00137	0.00639	0.00320	0.00184	0.00642
42	0.00824	0.00775	0.01308	0.83624	0.03004	0.00969	0.01211	0.01114	0.00872	0.01114	0.00775	0.01163	0.00581	0.00436	0.00436	0.00145	0.00581	0.00388	0.00194	0.00484
43	0.00906	0.00782	0.00921	0.00665	0.01038	0.00610	0.00533	0.01096	0.00895	0.01407	0.00767	0.00906	0.00643	0.00340	0.00365	0.00069	0.03512	0.00263	0.00256	0.84023
44	0.00620	0.00444	0.00573	0.00541	0.00645	0.00410	0.00405	0.00822	0.01216	0.01726	0.76606	0.03240	0.06682	0.00887	0.00508	0.00136	0.00206	0.00782	0.03141	0.00410
45	0.01629	0.02079	0.01236	0.01124	0.01348	0.82921	0.00843	0.01742	0.01236	0.01067	0.00674	0.00787	0.00562	0.00449	0.00393	0.00112	0.00787	0.00281	0.00225	0.00506
46	0.01658	0.01222	0.01309	0.01003	0.01353	0.01353	0.00829	0.80497	0.02051	0.02749	0.01047	0.01047	0.00742	0.00524	0.00436	0.00131	0.00480	0.00393	0.00436	0.00742
47	0.01957	0.00742	0.01012	0.00776	0.01113	0.00641	0.00641	0.02126	0.01248	0.82254	0.01721	0.01484	0.01080	0.00540	0.00439	0.00135	0.00371	0.00439	0.00540	0.00742
48	0.01643	0.00857	0.01032	0.00829	0.01137	0.00861	0.00672	0.14327	0.22489	0.46033	0.01621	0.01459	0.01095	0.00550	0.00435	0.00137	0.00376	0.00445	0.03285	0.00718
49	0.00522	0.00428	0.00460	0.00482	0.00601	0.00366	0.00350	0.00627	0.00964	0.01178	0.05911	0.22364	0.61920	0.01159	0.00525	0.00154	0.00228	0.00990	0.00407	0.00366
50	0.01658	0.01222	0.01309	0.01003	0.01353	0.01353	0.00829	0.80497	0.02051	0.02749	0.01047	0.01047	0.00742	0.00524	0.00436	0.00131	0.00480	0.00393	0.00436	0.00742
51	0.00904	0.00775	0.00904	0.00646	0.01034	0.00581	0.00517	0.01098	0.00904	0.01421	0.00775	0.00904	0.00646	0.00323	0.00323	0.00065	0.00323	0.00258	0.00258	0.87339
52	0.00572	0.00503	0.00493	0.00497	0.00635	0.03212	0.00368	0.00708	0.02912	0.01198	0.06096	0.12760	0.66344	0.01093	0.00514	0.00149	0.00246	0.00920	0.00402	0.00380
53	0.00695	0.00498	0.00687	0.02592	0.05366	0.00520	0.00519	0.00798	0.00796	0.03686	0.01690	0.29010	0.01864	0.22187	0.14496	0.00320	0.04035	0.07646	0.02212	0.00383
54	0.01084	0.60930	0.23018	0.00887	0.01319	0.01529	0.00977	0.01318	0.00888	0.01119	0.00651	0.00765	0.00558	0.00396	0.00350	0.00108	0.03077	0.00261	0.00186	0.00579
