[name]
unknown

[dist]
# distance from previous block
# <min> <max>
0	157

[block]
# block no. 0 follows, 53 sequences, length 19
# corresponding to MSA columns:
# 304-322
name=unknown_A
#
# <colnr> <probs for GDERKNQSTAVLIFYWHMCP>
#	G	D	E	R	K	N	Q	S	T	A	V	L	I	F	Y	W	H	M	C	P
0	0.00808	0.00599	0.00791	0.00858	0.00987	0.00614	0.00730	0.01162	0.10355	0.01556	0.11729	0.04748	0.02809	0.01200	0.00628	0.00205	0.00407	0.58879	0.00456	0.00479
1	0.01661	0.10987	0.01564	0.01085	0.01425	0.01528	0.00914	0.60256	0.01915	0.02567	0.01028	0.01090	0.00767	0.00586	0.00588	0.00146	0.10314	0.00408	0.00414	0.00755
2	0.01137	0.01080	0.01460	0.01237	0.01282	0.01466	0.01030	0.10283	0.00911	0.01370	0.00689	0.01058	0.00649	0.00806	0.01440	0.00201	0.72685	0.00420	0.00241	0.00557
3	0.01007	0.01073	0.02226	0.06976	0.02143	0.01037	0.54879	0.01355	0.01100	0.01506	0.10309	0.01628	0.01222	0.00856	0.10221	0.00232	0.00783	0.00584	0.00275	0.00588
4	0.01074	0.00882	0.00964	0.00895	0.01104	0.01002	0.00679	0.02089	0.60689	0.01768	0.01893	0.11304	0.01584	0.00870	0.00666	0.10450	0.00371	0.00622	0.00448	0.00647
5	0.66177	0.00815	0.00659	0.00603	0.00829	0.00928	0.00463	0.01236	0.00785	0.01855	0.00865	0.01335	0.00807	0.20103	0.00803	0.00223	0.00392	0.00362	0.00294	0.00463
6	0.00604	0.00480	0.00480	0.00480	0.00635	0.00409	0.00360	0.00737	0.01079	0.01350	0.04449	0.04263	0.70597	0.01132	0.00537	0.00155	0.00240	0.00941	0.10665	0.00409
7	0.01182	0.01000	0.01734	0.14362	0.30439	0.01015	0.15659	0.01506	0.03759	0.11003	0.10371	0.01569	0.01246	0.00531	0.00528	0.00152	0.02444	0.00514	0.00318	0.00666
8	0.03998	0.00822	0.01082	0.00833	0.01195	0.00724	0.00686	0.04626	0.01354	0.70094	0.01777	0.01569	0.01136	0.00576	0.00466	0.00143	0.00401	0.00464	0.03496	0.04558
9	0.01785	0.02278	0.01354	0.01231	0.01478	0.81284	0.00924	0.01909	0.01354	0.01170	0.00739	0.00862	0.00616	0.00493	0.00431	0.00123	0.00862	0.00308	0.00246	0.00554
10	0.01411	0.32307	0.24097	0.01102	0.04224	0.03309	0.03681	0.01697	0.01101	0.21251	0.01046	0.01085	0.00763	0.00470	0.00409	0.00131	0.00560	0.00357	0.00305	0.00694
11	0.02552	0.04172	0.32689	0.01364	0.08896	0.01019	0.09303	0.03385	0.02238	0.26758	0.01213	0.01254	0.00832	0.00492	0.00469	0.00148	0.00585	0.00421	0.00346	0.01866
12	0.00619	0.00443	0.00581	0.00676	0.00715	0.00420	0.00457	0.02806	0.00963	0.01288	0.04658	0.78535	0.03133	0.01458	0.00605	0.00192	0.00283	0.01320	0.00447	0.00402
13	0.01074	0.00933	0.01523	0.04998	0.52275	0.00933	0.01158	0.01336	0.03229	0.05295	0.01394	0.20997	0.01375	0.00701	0.00507	0.00156	0.00487	0.00657	0.00310	0.00663
14	0.01204	0.01140	0.01900	0.02820	0.75479	0.01149	0.01429	0.04079	0.03214	0.01622	0.00935	0.01198	0.00778	0.00437	0.00474	0.00143	0.00561	0.00429	0.00251	0.00759
15	0.00664	0.00466	0.00590	0.00614	0.00654	0.00469	0.00410	0.00745	0.00849	0.01155	0.10434	0.21520	0.04051	0.37549	0.15537	0.00408	0.00532	0.02641	0.00352	0.00360
16	0.00689	0.00463	0.00521	0.00524	0.00529	0.00460	0.00295	0.00694	0.00711	0.00944	0.01625	0.05141	0.03916	0.78937	0.02337	0.00448	0.00453	0.00720	0.00298	0.00295
17	0.38236	0.00917	0.00941	0.00770	0.01090	0.00965	0.00632	0.12826	0.02632	0.29046	0.03045	0.01247	0.00928	0.00534	0.00396	0.00146	0.00395	0.00387	0.04207	0.00661
18	0.01202	0.01149	0.01962	0.02832	0.74148	0.01150	0.04847	0.04060	0.01129	0.01609	0.00910	0.01186	0.00758	0.00430	0.00477	0.00143	0.00577	0.00432	0.00245	0.00754

[dist]
# distance from previous block
# <min> <max>
0	1

[block]
# block no. 1 follows, 53 sequences, length 38
# corresponding to MSA columns:
# 324-361
name=unknown_B
#
# <colnr> <probs for GDERKNQSTAVLIFYWHMCP>
#	G	D	E	R	K	N	Q	S	T	A	V	L	I	F	Y	W	H	M	C	P
0	0.01100	0.00550	0.00604	0.00550	0.00710	0.00548	0.00427	0.05984	0.01116	0.11913	0.01565	0.01727	0.01193	0.00684	0.03614	0.00144	0.00307	0.00452	0.66299	0.00514
1	0.01053	0.00979	0.01600	0.39348	0.33327	0.01106	0.01311	0.05081	0.01058	0.01439	0.00944	0.04498	0.00794	0.00522	0.00539	0.00156	0.04911	0.00463	0.00244	0.00628
2	0.06399	0.56569	0.06242	0.00912	0.01302	0.13146	0.00868	0.05389	0.03029	0.01328	0.00741	0.00838	0.00639	0.00440	0.00345	0.00114	0.00561	0.00284	0.00236	0.00618
3	0.71991	0.03152	0.00846	0.00774	0.04836	0.01092	0.00591	0.05629	0.00914	0.02099	0.00783	0.04115	0.00654	0.00491	0.00327	0.00148	0.00388	0.00321	0.00306	0.00543
4	0.01260	0.04537	0.01883	0.02591	0.65395	0.07218	0.01363	0.05268	0.01152	0.01576	0.00883	0.01137	0.00740	0.00447	0.00490	0.00141	0.02529	0.00410	0.00247	0.00733
5	0.00723	0.00565	0.00629	0.00619	0.00769	0.00539	0.00462	0.01038	0.12733	0.03196	0.15954	0.13722	0.39821	0.04178	0.00629	0.00176	0.00281	0.03038	0.00461	0.00467
6	0.00903	0.00850	0.01434	0.82054	0.03292	0.01062	0.01327	0.01221	0.00956	0.01221	0.00850	0.01274	0.00637	0.00478	0.00478	0.00159	0.00637	0.00425	0.00212	0.00531
7	0.00919	0.00536	0.00697	0.00642	0.00789	0.00485	0.00482	0.01103	0.01256	0.15753	0.48036	0.12946	0.08982	0.04427	0.00633	0.00169	0.00275	0.00859	0.00512	0.00498
8	0.00618	0.00458	0.00542	0.00588	0.00657	0.00422	0.00403	0.00707	0.00944	0.01214	0.06305	0.33324	0.25486	0.20557	0.01025	0.00247	0.00318	0.05400	0.00411	0.00375
9	0.01183	0.01136	0.01940	0.02934	0.80221	0.01136	0.01467	0.01467	0.01088	0.01562	0.00899	0.01183	0.00757	0.00426	0.00473	0.00142	0.00568	0.00426	0.00237	0.00757
10	0.00639	0.00487	0.00586	0.00562	0.00691	0.00435	0.00421	0.00829	0.01263	0.01704	0.54448	0.03920	0.30163	0.01056	0.00564	0.00154	0.00231	0.00913	0.00498	0.00435
11	0.01707	0.01200	0.01300	0.01012	0.01366	0.01302	0.00831	0.62477	0.04136	0.09034	0.01515	0.01478	0.06777	0.00624	0.00481	0.00145	0.00483	0.00481	0.02881	0.00771
12	0.00565	0.00484	0.00484	0.00484	0.00646	0.00403	0.00363	0.00686	0.01089	0.01291	0.04842	0.04600	0.80027	0.01210	0.00565	0.00161	0.00242	0.01009	0.00444	0.00403
13	0.01023	0.12661	0.58968	0.01289	0.04231	0.01158	0.03201	0.01482	0.01042	0.03613	0.06240	0.01180	0.00895	0.00486	0.00446	0.00145	0.00638	0.00386	0.00237	0.00680
14	0.01690	0.06270	0.08168	0.01222	0.01516	0.70572	0.00990	0.01852	0.01306	0.01197	0.00745	0.00870	0.00615	0.00485	0.00427	0.00125	0.00832	0.00309	0.00240	0.00570
15	0.04842	0.02402	0.77097	0.01329	0.02017	0.01108	0.01709	0.01509	0.01000	0.01542	0.00849	0.00999	0.00601	0.00454	0.00447	0.00151	0.00691	0.00349	0.00206	0.00698
16	0.01037	0.01938	0.47113	0.01561	0.02155	0.01139	0.29161	0.03359	0.02812	0.01577	0.02984	0.01196	0.00774	0.00456	0.00498	0.00155	0.00718	0.00448	0.00237	0.00681
17	0.00582	0.00416	0.00555	0.00666	0.00693	0.00388	0.00444	0.00666	0.00915	0.01220	0.02634	0.82891	0.03161	0.01497	0.00610	0.00194	0.00277	0.01359	0.00444	0.00388
18	0.01206	0.00932	0.01020	0.02373	0.03201	0.03411	0.00704	0.15159	0.29962	0.07368	0.16967	0.02246	0.10054	0.00738	0.00502	0.00153	0.00383	0.00614	0.02349	0.00658
19	0.00706	0.00502	0.00633	0.00660	0.00771	0.00445	0.00467	0.00831	0.00956	0.02379	0.03923	0.57116	0.02572	0.01195	0.00541	0.00165	0.00290	0.03116	0.07910	0.14822
20	0.05453	0.03582	0.03434	0.00994	0.03492	0.03042	0.00807	0.26659	0.06454	0.33174	0.05087	0.03233	0.01189	0.00604	0.00471	0.00146	0.00458	0.00479	0.00488	0.00754
21	0.08275	0.15367	0.03654	0.01286	0.13241	0.05970	0.03106	0.19295	0.05931	0.13430	0.01090	0.01168	0.00823	0.01455	0.00499	0.00144	0.03808	0.00397	0.00357	0.00703
22	0.01155	0.04495	0.01453	0.01210	0.04893	0.02459	0.08947	0.14061	0.09687	0.01608	0.01066	0.01400	0.00914	0.05466	0.11296	0.00262	0.25865	0.00468	0.02700	0.00597
23	0.01283	0.02442	0.08484	0.01589	0.26196	0.02356	0.02297	0.12105	0.01243	0.12610	0.06567	0.03444	0.01180	0.03001	0.05852	0.00197	0.05277	0.00491	0.02709	0.00674
24	0.03248	0.09830	0.23684	0.01749	0.29733	0.05825	0.01288	0.04843	0.01117	0.05133	0.00900	0.01065	0.00704	0.00444	0.00434	0.00133	0.00584	0.00367	0.00256	0.08663
25	0.01010	0.00737	0.03101	0.00791	0.02698	0.00663	0.00619	0.01326	0.08108	0.12627	0.37786	0.04698	0.03832	0.00774	0.00555	0.00142	0.04327	0.00654	0.00456	0.15096
26	0.01168	0.03376	0.01629	0.02176	0.51505	0.04685	0.01180	0.04145	0.01158	0.04220	0.10008	0.02535	0.04957	0.00571	0.00537	0.00146	0.04518	0.00505	0.00300	0.00681
27	0.32680	0.01181	0.01269	0.02885	0.21220	0.11983	0.00930	0.03725	0.00986	0.01679	0.00763	0.00987	0.00640	0.00603	0.02822	0.00171	0.14274	0.00350	0.00262	0.00591
28	0.03670	0.18184	0.01649	0.01354	0.15637	0.11148	0.00953	0.22831	0.16474	0.01921	0.01095	0.01154	0.00855	0.00514	0.00433	0.00136	0.00539	0.00396	0.00347	0.00712
29	0.00826	0.00417	0.00620	0.00620	0.00620	0.00417	0.00411	0.00625	0.00625	0.00833	0.00850	0.01503	0.00857	0.04087	0.01885	0.83546	0.00417	0.00423	0.00210	0.00210
30	0.01049	0.11668	0.44904	0.01582	0.11938	0.01218	0.13803	0.01477	0.01033	0.01474	0.02566	0.01104	0.00730	0.00459	0.00491	0.00148	0.03057	0.00397	0.00220	0.00681
31	0.01154	0.24527	0.11199	0.07682	0.22086	0.01349	0.11047	0.05381	0.01086	0.01448	0.01013	0.01213	0.04278	0.00486	0.00488	0.00139	0.04112	0.00413	0.00243	0.00656
32	0.01278	0.83490	0.02505	0.00818	0.01227	0.01891	0.00818	0.01431	0.00971	0.01125	0.00664	0.00767	0.00613	0.00409	0.00307	0.00102	0.00511	0.00256	0.00204	0.00613
33	0.00689	0.00489	0.00650	0.00650	0.00694	0.00533	0.00450	0.00777	0.00733	0.01022	0.01389	0.02478	0.01455	0.41787	0.43462	0.00622	0.00888	0.00600	0.00272	0.00361
34	0.01276	0.61880	0.15945	0.00941	0.01392	0.05680	0.00988	0.03637	0.01038	0.02439	0.00733	0.00837	0.00626	0.00428	0.00346	0.00114	0.00561	0.00283	0.00220	0.00635
35	0.01225	0.04392	0.01741	0.11051	0.54133	0.02576	0.01282	0.04667	0.03757	0.05237	0.01002	0.01237	0.00803	0.00459	0.00461	0.00142	0.00547	0.00424	0.04150	0.00714
36	0.00782	0.00593	0.00726	0.00752	0.00844	0.02587	0.00570	0.02697	0.06695	0.01393	0.05808	0.28229	0.02236	0.05712	0.16241	0.00308	0.02828	0.12800	0.07747	0.00451
37	0.00631	0.00486	0.00579	0.00571	0.00698	0.00433	0.00430	0.00807	0.01213	0.01608	0.42423	0.08456	0.34258	0.01114	0.00571	0.00160	0.00245	0.04402	0.00485	0.00428

[dist]
# distance from previous block
# <min> <max>
0	1

[block]
# block no. 2 follows, 53 sequences, length 21
# corresponding to MSA columns:
# 363-381,386,387
name=unknown_C
#
# <colnr> <probs for GDERKNQSTAVLIFYWHMCP>
#	G	D	E	R	K	N	Q	S	T	A	V	L	I	F	Y	W	H	M	C	P
0	0.06586	0.00955	0.01342	0.06894	0.22385	0.00965	0.04497	0.05245	0.08975	0.02775	0.04106	0.04896	0.04567	0.00567	0.00510	0.00138	0.04574	0.00484	0.00318	0.19222
1	0.06608	0.01045	0.05145	0.01085	0.09150	0.00869	0.05846	0.09887	0.01139	0.01753	0.00884	0.01034	0.00708	0.00399	0.00395	0.00101	0.00442	0.00334	0.00294	0.52881
2	0.00635	0.00496	0.02430	0.00696	0.00756	0.00445	0.00504	0.00771	0.02462	0.01292	0.07707	0.61420	0.03031	0.06482	0.00719	0.00209	0.00313	0.08792	0.00435	0.00406
3	0.00594	0.00481	0.00528	0.00526	0.00666	0.00415	0.00391	0.00739	0.01145	0.01445	0.23735	0.09552	0.55770	0.01170	0.00568	0.00161	0.00240	0.00995	0.00465	0.00415
4	0.00915	0.01726	0.48151	0.01137	0.01626	0.00906	0.05138	0.03349	0.01114	0.03022	0.17331	0.05944	0.04061	0.02832	0.00547	0.00162	0.00560	0.00554	0.00307	0.00619
5	0.01114	0.12811	0.47971	0.01183	0.03675	0.01119	0.01342	0.01577	0.04995	0.08661	0.04860	0.01200	0.00904	0.00489	0.00438	0.00139	0.00587	0.00383	0.00274	0.06279
6	0.01586	0.31914	0.05673	0.01042	0.01399	0.31533	0.00910	0.12746	0.01326	0.06535	0.00850	0.00924	0.00679	0.00478	0.00396	0.00121	0.00648	0.00320	0.00284	0.00637
7	0.00976	0.01047	0.03735	0.01438	0.01766	0.02432	0.42581	0.01333	0.04626	0.01574	0.17770	0.06452	0.06545	0.00668	0.00609	0.00162	0.04701	0.00680	0.00333	0.00574
8	0.00991	0.00850	0.00991	0.00708	0.01133	0.00637	0.00566	0.01203	0.00991	0.01557	0.00850	0.00991	0.00708	0.00354	0.00354	0.00071	0.00354	0.00283	0.00283	0.86124
9	0.01273	0.00688	0.00759	0.00655	0.00865	0.00703	0.00517	0.12949	0.07383	0.15856	0.01586	0.01661	0.01175	0.00573	0.00393	0.00127	0.00312	0.00457	0.51481	0.00589
10	0.00684	0.00509	0.00752	0.00752	0.00832	0.00589	0.00578	0.00843	0.00763	0.01098	0.01295	0.01958	0.01230	0.08700	0.76241	0.00749	0.01228	0.00524	0.00258	0.00418
11	0.00573	0.00482	0.00497	0.00500	0.00652	0.00406	0.00372	0.00699	0.01099	0.01329	0.09641	0.07888	0.71814	0.01208	0.00567	0.00162	0.00243	0.01014	0.00449	0.00406
12	0.00607	0.00432	0.00574	0.00680	0.00714	0.00408	0.00469	0.00699	0.00923	0.01227	0.02569	0.71281	0.03051	0.05486	0.00704	0.00210	0.00303	0.08841	0.00436	0.00389
13	0.00705	0.00500	0.00707	0.00707	0.00785	0.00567	0.00536	0.00861	0.00783	0.01155	0.01334	0.02013	0.01261	0.12532	0.64103	0.00668	0.01080	0.00527	0.08763	0.00413
14	0.00903	0.00850	0.01434	0.82054	0.03292	0.01062	0.01327	0.01221	0.00956	0.01221	0.00850	0.01274	0.00637	0.00478	0.00478	0.00159	0.00637	0.00425	0.00212	0.00531
15	0.00611	0.00428	0.00546	0.00628	0.00649	0.00408	0.00404	0.00673	0.00859	0.01145	0.02344	0.62399	0.02796	0.22488	0.01078	0.00263	0.00325	0.01188	0.00404	0.00363
16	0.01278	0.83490	0.02505	0.00818	0.01227	0.01891	0.00818	0.01431	0.00971	0.01125	0.00664	0.00767	0.00613	0.00409	0.00307	0.00102	0.00511	0.00256	0.00204	0.00613
17	0.01399	0.01175	0.05114	0.01100	0.05190	0.03306	0.00867	0.29960	0.28818	0.05643	0.05146	0.04695	0.01312	0.00740	0.03170	0.00173	0.00490	0.00523	0.00448	0.00732
18	0.01175	0.01119	0.01859	0.05215	0.71866	0.01137	0.01409	0.01541	0.07023	0.01584	0.00977	0.01231	0.00807	0.00444	0.00474	0.00144	0.00556	0.00435	0.00255	0.00750
19	0.01588	0.03755	0.01293	0.01067	0.01361	0.32825	0.00839	0.29190	0.11235	0.01939	0.01440	0.01448	0.08713	0.00610	0.00465	0.00138	0.00612	0.00449	0.00377	0.00658
20	0.01447	0.10617	0.03502	0.00956	0.01341	0.01222	0.02033	0.37225	0.06440	0.05132	0.04954	0.01242	0.00994	0.00523	0.00435	0.00124	0.00465	0.00406	0.00397	0.20542

[dist]
# distance from previous block
# <min> <max>
1	2

[block]
# block no. 3 follows, 53 sequences, length 59
# corresponding to MSA columns:
# 390-424,436-447,472-483
name=unknown_D
#
# <colnr> <probs for GDERKNQSTAVLIFYWHMCP>
#	G	D	E	R	K	N	Q	S	T	A	V	L	I	F	Y	W	H	M	C	P
0	0.67746	0.01000	0.04119	0.00713	0.01019	0.03609	0.00615	0.01474	0.00903	0.08452	0.00897	0.01159	0.00724	0.00515	0.00346	0.00152	0.00407	0.05280	0.00324	0.00546
1	0.00736	0.00587	0.00862	0.00829	0.00911	0.00710	0.00654	0.00899	0.00768	0.01124	0.01188	0.01753	0.01112	0.03166	0.69428	0.00682	0.11680	0.00495	0.00251	0.02164
2	0.01387	0.33398	0.24379	0.01028	0.01499	0.04750	0.01082	0.10756	0.01204	0.13121	0.00972	0.01034	0.00731	0.00537	0.02071	0.00142	0.00584	0.00345	0.00296	0.00687
3	0.00821	0.00421	0.00632	0.00632	0.00638	0.00427	0.00427	0.00638	0.00632	0.00848	0.00860	0.01481	0.00854	0.01786	0.07041	0.80538	0.00471	0.00421	0.00211	0.00222
4	0.00645	0.00444	0.00593	0.00692	0.00742	0.00416	0.00488	0.00748	0.00953	0.03266	0.02650	0.69708	0.04724	0.01447	0.00612	0.00195	0.00300	0.10525	0.00447	0.00406
5	0.00615	0.00430	0.00545	0.00623	0.00643	0.00410	0.00398	0.00674	0.00850	0.01134	0.02303	0.59448	0.02743	0.25511	0.01146	0.00273	0.00332	0.01164	0.00398	0.00359
6	0.00578	0.00470	0.00514	0.00542	0.00668	0.00405	0.00396	0.00697	0.01058	0.01302	0.07243	0.23375	0.56709	0.01273	0.00578	0.00170	0.00255	0.02917	0.00447	0.00403
7	0.01773	0.01306	0.01407	0.01091	0.01462	0.01443	0.00903	0.75369	0.02199	0.02946	0.01206	0.01326	0.00894	0.00605	0.00486	0.00147	0.00522	0.03644	0.00477	0.00797
8	0.00830	0.00415	0.00623	0.00623	0.00623	0.00415	0.00415	0.00623	0.00623	0.00830	0.00830	0.01453	0.00830	0.01660	0.01868	0.86094	0.00415	0.00415	0.00208	0.00208
9	0.01397	0.01028	0.01123	0.00907	0.01194	0.01110	0.00732	0.47731	0.06266	0.02539	0.19828	0.01972	0.06056	0.00706	0.00496	0.00145	0.00416	0.00570	0.05102	0.00683
10	0.00991	0.00850	0.00991	0.00708	0.01133	0.00637	0.00566	0.01203	0.00991	0.01557	0.00850	0.00991	0.00708	0.00354	0.00354	0.00071	0.00354	0.00283	0.00283	0.86124
11	0.01243	0.74687	0.11004	0.00877	0.01318	0.01806	0.00921	0.01440	0.00975	0.01167	0.00685	0.00793	0.00613	0.00414	0.00323	0.00108	0.00532	0.00266	0.00204	0.00623
12	0.01277	0.14529	0.03447	0.00927	0.01235	0.05845	0.00776	0.15896	0.33134	0.03369	0.04347	0.01801	0.10096	0.00655	0.00463	0.00146	0.00444	0.00518	0.00416	0.00682
13	0.02066	0.00940	0.01187	0.00910	0.01283	0.00890	0.00752	0.20655	0.01579	0.61928	0.01708	0.01512	0.01094	0.00587	0.00480	0.00147	0.00435	0.00469	0.00564	0.00813
14	0.01272	0.00997	0.01117	0.00857	0.01240	0.00946	0.00689	0.19645	0.16606	0.05345	0.01177	0.01209	0.00899	0.00473	0.00414	0.00109	0.00401	0.00376	0.00382	0.45843
15	0.00671	0.00522	0.00613	0.00584	0.00724	0.00482	0.00440	0.00933	0.06340	0.01703	0.48532	0.03815	0.30805	0.01038	0.00559	0.00155	0.00241	0.00894	0.00495	0.00454
16	0.00903	0.00850	0.01434	0.82054	0.03292	0.01062	0.01327	0.01221	0.00956	0.01221	0.00850	0.01274	0.00637	0.00478	0.00478	0.00159	0.00637	0.00425	0.00212	0.00531
17	0.01086	0.01211	0.02556	0.01861	0.02274	0.01177	0.66750	0.01442	0.01080	0.01478	0.01046	0.06582	0.00875	0.00511	0.00653	0.00167	0.07775	0.00603	0.00252	0.00617
18	0.01183	0.01136	0.01940	0.02934	0.80221	0.01136	0.01467	0.01467	0.01088	0.01562	0.00899	0.01183	0.00757	0.00426	0.00473	0.00142	0.00568	0.00426	0.00237	0.00757
19	0.00770	0.00550	0.00770	0.00880	0.00990	0.00550	0.00770	0.00990	0.01100	0.01430	0.02531	0.05391	0.02751	0.01320	0.00660	0.00220	0.00440	0.77004	0.00440	0.00440
20	0.00594	0.00433	0.00560	0.00638	0.00691	0.00399	0.00437	0.00701	0.00995	0.01327	0.13890	0.63672	0.11112	0.01394	0.00599	0.00185	0.00266	0.01253	0.00455	0.00399
21	0.00683	0.00511	0.00761	0.00761	0.00844	0.00593	0.00588	0.00849	0.00766	0.01104	0.01287	0.01915	0.01211	0.05963	0.78952	0.00759	0.01256	0.00518	0.00257	0.00423
22	0.02144	0.00813	0.01109	0.00850	0.01220	0.00702	0.00702	0.02329	0.01368	0.80552	0.01886	0.01627	0.01183	0.00592	0.00481	0.00148	0.00407	0.00481	0.00592	0.00813
23	0.01817	0.01339	0.01434	0.01100	0.01482	0.01482	0.00908	0.78627	0.02247	0.03012	0.01148	0.01148	0.00813	0.00574	0.00478	0.00143	0.00526	0.00430	0.00478	0.00813
24	0.01189	0.01027	0.01081	0.00973	0.01243	0.01189	0.00757	0.02540	0.79357	0.01999	0.01945	0.01783	0.01459	0.00648	0.00486	0.00162	0.00378	0.00540	0.00486	0.00757
25	0.01183	0.01136	0.01940	0.02934	0.80221	0.01136	0.01467	0.01467	0.01088	0.01562	0.00899	0.01183	0.00757	0.00426	0.00473	0.00142	0.00568	0.00426	0.00237	0.00757
26	0.02031	0.00806	0.01085	0.00847	0.01195	0.00710	0.00693	0.04954	0.01370	0.72609	0.01908	0.06901	0.01299	0.00650	0.00489	0.00151	0.00403	0.00536	0.00578	0.00786
27	0.01189	0.01027	0.01081	0.00973	0.01243	0.01189	0.00757	0.02540	0.79357	0.01999	0.01945	0.01783	0.01459	0.00648	0.00486	0.00162	0.00378	0.00540	0.00486	0.00757
28	0.00582	0.00416	0.00555	0.00666	0.00693	0.00388	0.00444	0.00666	0.00915	0.01220	0.02634	0.82891	0.03161	0.01497	0.00610	0.00194	0.00277	0.01359	0.00444	0.00388
29	0.01183	0.01136	0.01940	0.02934	0.80221	0.01136	0.01467	0.01467	0.01088	0.01562	0.00899	0.01183	0.00757	0.00426	0.00473	0.00142	0.00568	0.00426	0.00237	0.00757
30	0.01106	0.01227	0.02427	0.01783	0.02200	0.04267	0.62642	0.01534	0.06549	0.01520	0.01184	0.09051	0.01003	0.00527	0.00558	0.00163	0.00728	0.00628	0.00278	0.00625
31	0.00970	0.02395	0.75653	0.01405	0.02097	0.01116	0.06761	0.01515	0.01017	0.01515	0.00865	0.01027	0.00613	0.00451	0.00461	0.00152	0.00713	0.00367	0.00204	0.00702
32	0.00695	0.00463	0.00521	0.00521	0.00521	0.00463	0.00290	0.00695	0.00695	0.00927	0.01506	0.03128	0.01738	0.83203	0.02433	0.00463	0.00463	0.00695	0.00290	0.00290
33	0.86579	0.00924	0.00702	0.00629	0.00924	0.01072	0.00518	0.01405	0.00813	0.02144	0.00666	0.00776	0.00518	0.00444	0.00296	0.00148	0.00370	0.00259	0.00296	0.00518
34	0.03783	0.01234	0.01309	0.01049	0.01396	0.01383	0.00853	0.53654	0.25528	0.02684	0.01377	0.01330	0.01001	0.00593	0.00476	0.00149	0.00477	0.00459	0.00476	0.00788
35	0.23257	0.01023	0.01092	0.00868	0.01217	0.04355	0.00712	0.19545	0.01429	0.39781	0.01362	0.01271	0.00907	0.00546	0.00432	0.00146	0.00444	0.00406	0.00477	0.00728
36	0.01151	0.01072	0.01812	0.01443	0.04217	0.01157	0.30268	0.15391	0.01198	0.01681	0.01080	0.05258	0.00921	0.00933	0.09695	0.00233	0.16435	0.00533	0.04914	0.00608
37	0.00575	0.00482	0.00497	0.00499	0.00650	0.00407	0.00371	0.00699	0.01094	0.01324	0.09603	0.07314	0.71143	0.02477	0.00595	0.00167	0.00246	0.01007	0.00447	0.00404
38	0.01198	0.01131	0.01840	0.02571	0.63870	0.01155	0.04414	0.03577	0.12285	0.01660	0.01057	0.01272	0.00857	0.00460	0.00479	0.00146	0.00549	0.00448	0.00279	0.00754
39	0.01032	0.21174	0.62670	0.01237	0.01874	0.01290	0.01547	0.01495	0.01000	0.01424	0.00813	0.00953	0.00607	0.00444	0.00420	0.00140	0.00661	0.00331	0.00202	0.00685
40	0.00959	0.02472	0.80726	0.01362	0.02069	0.01110	0.01766	0.01514	0.01009	0.01514	0.00858	0.01009	0.00605	0.00454	0.00454	0.00151	0.00706	0.00353	0.00202	0.00706
41	0.00625	0.00460	0.00598	0.00663	0.00731	0.00443	0.00479	0.00743	0.00954	0.01262	0.07102	0.43140	0.14335	0.06352	0.11266	0.00280	0.00429	0.09324	0.00415	0.00399
42	0.01058	0.01073	0.01421	0.01229	0.01241	0.04894	0.01015	0.01163	0.00767	0.01154	0.00716	0.04472	0.00733	0.00849	0.01479	0.00205	0.75337	0.00453	0.00221	0.00519
43	0.33134	0.00837	0.00931	0.00753	0.01082	0.00825	0.00619	0.01920	0.01156	0.47653	0.03762	0.01375	0.01039	0.00548	0.00412	0.00147	0.00384	0.00410	0.02328	0.00686
44	0.01189	0.01027	0.01081	0.00973	0.01243	0.01189	0.00757	0.02540	0.79357	0.01999	0.01945	0.01783	0.01459	0.00648	0.00486	0.00162	0.00378	0.00540	0.00486	0.00757
45	0.01081	0.00825	0.00922	0.00805	0.01029	0.00875	0.00629	0.16896	0.24592	0.04186	0.29301	0.03815	0.11397	0.00824	0.00522	0.00154	0.00338	0.00696	0.00496	0.00617
46	0.00897	0.00801	0.03136	0.01283	0.18844	0.00707	0.04663	0.02082	0.02093	0.02657	0.03024	0.28354	0.06044	0.00869	0.00514	0.00151	0.00408	0.04889	0.00352	0.18232
47	0.01172	0.31998	0.39288	0.01103	0.01639	0.03150	0.01263	0.09663	0.01137	0.01516	0.00944	0.01048	0.03204	0.00476	0.00406	0.00132	0.00604	0.00346	0.00241	0.00670
48	0.01091	0.36006	0.48350	0.01137	0.01720	0.01433	0.01374	0.01480	0.00993	0.01353	0.00778	0.00909	0.00609	0.00435	0.00393	0.00131	0.00626	0.00313	0.00203	0.00668
49	0.00786	0.00582	0.00672	0.00651	0.00811	0.00559	0.00502	0.01127	0.12644	0.05313	0.23796	0.08605	0.31528	0.01053	0.00557	0.00164	0.00285	0.07874	0.02001	0.00490
50	0.01261	0.01042	0.01099	0.00965	0.01243	0.01193	0.00757	0.12914	0.65009	0.02128	0.01817	0.01696	0.01359	0.00634	0.00478	0.00157	0.00391	0.00521	0.04588	0.00749
51	0.00695	0.00464	0.00600	0.00666	0.00714	0.00444	0.00450	0.02436	0.00928	0.04369	0.02365	0.62093	0.02759	0.14226	0.02637	0.00246	0.00342	0.02743	0.00422	0.00401
52	0.01249	0.11009	0.30888	0.03550	0.14161	0.07605	0.06415	0.07540	0.03971	0.06425	0.00971	0.01112	0.00731	0.00518	0.01703	0.00152	0.00645	0.00389	0.00270	0.00695
53	0.83208	0.00941	0.00732	0.00647	0.00947	0.01089	0.00533	0.04475	0.00870	0.02179	0.00685	0.00791	0.00529	0.00449	0.00303	0.00148	0.00376	0.00266	0.00303	0.00529
54	0.00673	0.00496	0.00717	0.00728	0.00800	0.00557	0.00547	0.00820	0.00801	0.01137	0.04577	0.10911	0.01591	0.10494	0.62106	0.00653	0.01054	0.00635	0.00290	0.00411
55	0.01015	0.01065	0.06466	0.13569	0.22500	0.03288	0.09390	0.02287	0.03021	0.01435	0.03868	0.06478	0.02436	0.01724	0.01881	0.00180	0.10290	0.08224	0.00284	0.00596
56	0.01253	0.01045	0.01716	0.22941	0.44320	0.01094	0.03808	0.06409	0.01159	0.10121	0.01011	0.01256	0.00775	0.00466	0.00478	0.00148	0.00573	0.00436	0.00284	0.00705
57	0.01070	0.01056	0.01265	0.01108	0.01180	0.09299	0.00902	0.05618	0.00911	0.01261	0.01046	0.01402	0.05617	0.01307	0.15754	0.00295	0.49679	0.00461	0.00251	0.00518
58	0.01082	0.01019	0.01717	0.09569	0.63146	0.01033	0.01322	0.01346	0.01063	0.01502	0.02763	0.10124	0.01088	0.00559	0.00490	0.00149	0.00535	0.00537	0.00263	0.00691

[dist]
# distance from previous block
# <min> <max>
0	3

[block]
# block no. 4 follows, 53 sequences, length 20
# corresponding to MSA columns:
# 487-506
name=unknown_E
#
# <colnr> <probs for GDERKNQSTAVLIFYWHMCP>
#	G	D	E	R	K	N	Q	S	T	A	V	L	I	F	Y	W	H	M	C	P
0	0.04620	0.06427	0.05769	0.01221	0.09498	0.05909	0.05967	0.12081	0.08548	0.26965	0.01377	0.02566	0.01010	0.00688	0.03987	0.00173	0.00549	0.01516	0.00411	0.00718
1	0.06458	0.00898	0.02684	0.00871	0.01243	0.00802	0.00731	0.08345	0.02964	0.67176	0.01744	0.01535	0.01113	0.00581	0.00470	0.00148	0.00420	0.00464	0.00557	0.00795
2	0.01010	0.06256	0.01090	0.00715	0.01139	0.00719	0.00583	0.01218	0.00990	0.01529	0.00837	0.00976	0.00702	0.00358	0.00351	0.00073	0.00364	0.00281	0.00278	0.80530
3	0.01906	0.00834	0.01087	0.00844	0.01195	0.00749	0.00691	0.07151	0.04270	0.61748	0.07511	0.01703	0.01383	0.00606	0.00479	0.00143	0.00397	0.00495	0.00556	0.06252
4	0.00991	0.00850	0.00991	0.00708	0.01133	0.00637	0.00566	0.01203	0.00991	0.01557	0.00850	0.00991	0.00708	0.00354	0.00354	0.00071	0.00354	0.00283	0.00283	0.86124
5	0.00582	0.00416	0.00555	0.00666	0.00693	0.00388	0.00444	0.00666	0.00915	0.01220	0.02634	0.82891	0.03161	0.01497	0.00610	0.00194	0.00277	0.01359	0.00444	0.00388
6	0.01341	0.01102	0.01167	0.01004	0.01301	0.01260	0.00793	0.20999	0.60650	0.02245	0.01752	0.01629	0.01302	0.00630	0.00484	0.00158	0.00414	0.00514	0.00484	0.00770
7	0.01149	0.08661	0.03170	0.09212	0.01436	0.05222	0.00829	0.09840	0.23581	0.01717	0.01535	0.01978	0.03623	0.00654	0.00470	0.00145	0.00467	0.11420	0.00371	0.14521
8	0.06875	0.00913	0.01515	0.42565	0.02460	0.00989	0.13117	0.01578	0.01083	0.22533	0.01133	0.01338	0.00789	0.00494	0.00480	0.00156	0.00584	0.00451	0.00324	0.00623
9	0.00959	0.02472	0.80726	0.01362	0.02069	0.01110	0.01766	0.01514	0.01009	0.01514	0.00858	0.01009	0.00605	0.00454	0.00454	0.00151	0.00706	0.00353	0.00202	0.00706
10	0.00959	0.02472	0.80726	0.01362	0.02069	0.01110	0.01766	0.01514	0.01009	0.01514	0.00858	0.01009	0.00605	0.00454	0.00454	0.00151	0.00706	0.00353	0.00202	0.00706
11	0.01097	0.02278	0.71410	0.01302	0.01969	0.01062	0.01642	0.01609	0.01051	0.10762	0.00978	0.01081	0.00673	0.00470	0.00457	0.00151	0.00671	0.00368	0.00247	0.00719
12	0.00818	0.00508	0.00696	0.03723	0.00912	0.00484	0.00573	0.00952	0.01012	0.10694	0.02502	0.52566	0.04285	0.01310	0.00599	0.00192	0.00339	0.16926	0.00452	0.00455
13	0.01490	0.00983	0.01426	0.13641	0.14730	0.06665	0.08765	0.01724	0.01202	0.32484	0.05112	0.07149	0.01236	0.00602	0.00497	0.00152	0.00524	0.00538	0.00402	0.00679
14	0.00963	0.02111	0.63983	0.04792	0.01947	0.01049	0.01567	0.05088	0.01065	0.01549	0.01077	0.06515	0.00898	0.00575	0.00478	0.00158	0.00653	0.04622	0.00244	0.00669
15	0.00679	0.00489	0.00594	0.00649	0.00730	0.00464	0.00460	0.04987	0.01038	0.01386	0.04481	0.52982	0.16506	0.02675	0.00609	0.00185	0.00290	0.04459	0.05919	0.00420
16	0.01064	0.01037	0.01861	0.32231	0.25119	0.01103	0.19500	0.05021	0.01094	0.01478	0.00998	0.05481	0.00832	0.00503	0.00504	0.00156	0.00633	0.00507	0.00251	0.00629
17	0.01038	0.01098	0.06060	0.22378	0.30746	0.04831	0.05840	0.01395	0.06096	0.01473	0.05654	0.01683	0.08525	0.00562	0.00491	0.00151	0.00560	0.00511	0.00281	0.00630
18	0.01398	0.01254	0.04644	0.01035	0.01329	0.10660	0.00846	0.12857	0.44049	0.08438	0.03047	0.01535	0.01224	0.00622	0.00534	0.00155	0.04723	0.00484	0.00439	0.00725
19	0.06681	0.08331	0.45568	0.01187	0.01714	0.01135	0.05323	0.02757	0.12103	0.03731	0.02361	0.05055	0.00929	0.00538	0.00453	0.00151	0.00589	0.00437	0.00282	0.00676

[dist]
# distance from previous block
# <min> <max>
1	5

[block]
# block no. 5 follows, 53 sequences, length 29
# corresponding to MSA columns:
# 512-540
name=unknown_F
#
# <colnr> <probs for GDERKNQSTAVLIFYWHMCP>
#	G	D	E	R	K	N	Q	S	T	A	V	L	I	F	Y	W	H	M	C	P
0	0.10505	0.31714	0.17908	0.01049	0.01439	0.09324	0.02585	0.07494	0.01072	0.01478	0.00750	0.00902	0.00621	0.00496	0.00524	0.00137	0.10817	0.00321	0.00241	0.00621
1	0.00642	0.00492	0.00614	0.00600	0.00715	0.00474	0.00450	0.00805	0.01074	0.01439	0.29849	0.03448	0.28559	0.06847	0.21497	0.00333	0.00518	0.00811	0.00414	0.00419
2	0.32200	0.01333	0.01160	0.00956	0.01275	0.14145	0.00774	0.36500	0.01548	0.02355	0.00895	0.00966	0.00670	0.00521	0.00435	0.00144	0.02748	0.00349	0.00368	0.00658
3	0.00812	0.00618	0.00713	0.00662	0.00831	0.00611	0.00505	0.01258	0.18527	0.04492	0.40701	0.03373	0.23145	0.00951	0.00544	0.00156	0.00270	0.00817	0.00498	0.00519
4	0.01217	0.53446	0.22189	0.00982	0.01443	0.08118	0.01054	0.01473	0.01025	0.01254	0.03460	0.00933	0.00746	0.00447	0.00363	0.00118	0.00579	0.00306	0.00218	0.00627
5	0.01498	0.01102	0.01186	0.00981	0.01294	0.01226	0.00787	0.34279	0.36164	0.07886	0.01580	0.01506	0.01153	0.00607	0.00472	0.00150	0.00431	0.00484	0.06454	0.00762
6	0.00996	0.00945	0.01603	0.55568	0.29044	0.01087	0.01374	0.01303	0.01000	0.01335	0.00866	0.01244	0.00677	0.00460	0.00476	0.00153	0.00614	0.00425	0.00220	0.00607
7	0.05946	0.01114	0.01756	0.01379	0.01596	0.01311	0.22298	0.08075	0.03575	0.07045	0.00899	0.01171	0.00730	0.00650	0.01016	0.00181	0.39909	0.00459	0.00282	0.00609
8	0.01298	0.01253	0.02404	0.01869	0.08913	0.01223	0.53778	0.13926	0.01310	0.06134	0.01035	0.01272	0.00766	0.00450	0.00555	0.00157	0.02145	0.00524	0.00298	0.00688
9	0.01246	0.01014	0.01082	0.00965	0.01242	0.01160	0.00753	0.02527	0.74694	0.06697	0.01942	0.01774	0.01443	0.00645	0.00486	0.00161	0.00380	0.00537	0.00493	0.00760
10	0.00612	0.00438	0.00581	0.00678	0.00721	0.00413	0.00474	0.00717	0.00958	0.01277	0.07250	0.65586	0.04522	0.04070	0.00671	0.00202	0.00298	0.09695	0.00443	0.00395
11	0.39342	0.01300	0.01098	0.00911	0.01234	0.13560	0.00738	0.32650	0.01475	0.02345	0.00871	0.00939	0.00652	0.00504	0.00390	0.00142	0.00508	0.00336	0.00362	0.00642
12	0.75935	0.00959	0.00775	0.00680	0.00981	0.01107	0.00558	0.06862	0.05257	0.02197	0.00770	0.00858	0.00590	0.00464	0.00319	0.00148	0.00381	0.00286	0.00319	0.00551
13	0.00628	0.00477	0.00578	0.00574	0.00689	0.00427	0.00422	0.00799	0.01206	0.01618	0.45003	0.15444	0.28143	0.01127	0.00571	0.00160	0.00238	0.00982	0.00488	0.00427
14	0.01750	0.01141	0.02650	0.01102	0.06032	0.12794	0.03495	0.10974	0.06858	0.39080	0.03167	0.06283	0.01209	0.00622	0.00485	0.00148	0.00503	0.00511	0.00470	0.00727
15	0.00746	0.00470	0.00536	0.00550	0.00588	0.00470	0.00359	0.00821	0.00811	0.01171	0.01645	0.03127	0.01756	0.55480	0.01767	0.00358	0.00410	0.10193	0.18400	0.00341
16	0.00991	0.00850	0.00991	0.00708	0.01133	0.00637	0.00566	0.01203	0.00991	0.01557	0.00850	0.00991	0.00708	0.00354	0.00354	0.00071	0.00354	0.00283	0.00283	0.86124
17	0.00611	0.00474	0.00560	0.00590	0.00703	0.00423	0.00439	0.00753	0.01101	0.01415	0.19479	0.23784	0.38402	0.01244	0.00585	0.00173	0.00266	0.08125	0.00460	0.00413
18	0.01450	0.01150	0.03778	0.01012	0.01336	0.01231	0.00830	0.28654	0.42592	0.07939	0.01649	0.03669	0.01234	0.00635	0.00485	0.00155	0.00439	0.00514	0.00481	0.00769
19	0.02752	0.36411	0.29927	0.01088	0.03104	0.01386	0.04517	0.03095	0.01042	0.01422	0.05514	0.01073	0.00859	0.00460	0.00395	0.00126	0.00565	0.00349	0.00237	0.05678
20	0.01543	0.06450	0.17999	0.06810	0.04226	0.06353	0.06069	0.08488	0.01270	0.29500	0.01234	0.01256	0.00849	0.00505	0.00459	0.00141	0.00561	0.00413	0.00376	0.05501
21	0.01959	0.00831	0.01088	0.00858	0.01204	0.00760	0.00701	0.02305	0.12030	0.66898	0.04788	0.01720	0.01344	0.00614	0.00485	0.00150	0.00396	0.00503	0.00575	0.00792
22	0.02816	0.00967	0.03307	0.06015	0.41066	0.00933	0.06174	0.03251	0.01135	0.04522	0.13520	0.04963	0.05030	0.00644	0.00547	0.03097	0.00494	0.00563	0.00317	0.00639
23	0.01238	0.05554	0.14645	0.01655	0.05635	0.03360	0.41408	0.04978	0.05855	0.08006	0.02262	0.01288	0.00841	0.00461	0.00511	0.00153	0.00687	0.00493	0.00291	0.00680
24	0.14401	0.00872	0.01072	0.00837	0.01193	0.00824	0.00690	0.09157	0.01367	0.60742	0.02911	0.01491	0.01106	0.00575	0.00455	0.00148	0.00409	0.00450	0.00537	0.00764
25	0.00581	0.00466	0.00519	0.00547	0.00666	0.00404	0.00394	0.00702	0.01067	0.01334	0.11712	0.26371	0.51026	0.01267	0.00577	0.00169	0.00250	0.01092	0.00452	0.00404
26	0.01189	0.01031	0.06103	0.03582	0.12908	0.04474	0.07613	0.06790	0.08667	0.12194	0.09423	0.08125	0.08293	0.00721	0.00549	0.00156	0.03507	0.01964	0.02078	0.00631
27	0.04513	0.40943	0.11424	0.04891	0.03965	0.04018	0.03040	0.01563	0.06508	0.08429	0.01164	0.01229	0.05477	0.00503	0.00392	0.00128	0.00522	0.00376	0.00280	0.00636
28	0.00696	0.00475	0.00624	0.00700	0.00764	0.00454	0.00516	0.00812	0.00965	0.03512	0.04102	0.42959	0.06157	0.12918	0.00874	0.00236	0.00349	0.22057	0.00427	0.00403

[dist]
# distance from previous block
# <min> <max>
0	1

[block]
# block no. 6 follows, 53 sequences, length 69
# corresponding to MSA columns:
# 542-565,567-602,614-618,624-627
name=unknown_G
#
# <colnr> <probs for GDERKNQSTAVLIFYWHMCP>
#	G	D	E	R	K	N	Q	S	T	A	V	L	I	F	Y	W	H	M	C	P
0	0.15355	0.05475	0.01410	0.03142	0.16005	0.00988	0.08482	0.07154	0.01198	0.24005	0.04730	0.07635	0.01177	0.00591	0.00461	0.00149	0.00472	0.00510	0.00391	0.00672
1	0.01116	0.03687	0.04329	0.36488	0.15985	0.01120	0.02413	0.11900	0.05238	0.03075	0.02237	0.04351	0.00950	0.00566	0.00504	0.00156	0.02007	0.02957	0.00294	0.00627
2	0.59409	0.02565	0.04769	0.01005	0.09270	0.01148	0.03315	0.10521	0.01033	0.02118	0.00765	0.00890	0.00590	0.00456	0.00352	0.00147	0.00441	0.00311	0.00303	0.00592
3	0.03219	0.01215	0.11373	0.05524	0.08138	0.03304	0.04587	0.25542	0.03925	0.07354	0.07439	0.04513	0.09440	0.00668	0.00496	0.00152	0.00503	0.01549	0.00393	0.00667
4	0.00815	0.00621	0.00859	0.00805	0.00905	0.00725	0.00638	0.00984	0.01715	0.05323	0.05407	0.02184	0.12572	0.02384	0.45034	0.00500	0.15368	0.00581	0.02112	0.00466
5	0.01468	0.25532	0.15548	0.01124	0.01498	0.40844	0.01033	0.01732	0.04756	0.01255	0.00794	0.00903	0.00652	0.00469	0.00402	0.00124	0.00712	0.00311	0.00238	0.00607
6	0.00683	0.00512	0.00768	0.00768	0.00853	0.00597	0.00597	0.00853	0.00768	0.01110	0.01280	0.01878	0.01195	0.03585	0.81308	0.00768	0.01280	0.00512	0.00256	0.00427
7	0.00652	0.00461	0.00595	0.00626	0.00708	0.00422	0.00445	0.00800	0.01123	0.03129	0.35072	0.40968	0.10745	0.01236	0.00584	0.00172	0.00255	0.01103	0.00481	0.00424
8	0.03028	0.01223	0.02591	0.12486	0.02567	0.01186	0.66599	0.01488	0.01098	0.01504	0.00945	0.01276	0.00709	0.00414	0.00547	0.00161	0.00774	0.00539	0.00239	0.00627
9	0.00647	0.00443	0.00535	0.00583	0.00594	0.00431	0.00355	0.00683	0.00789	0.01051	0.01985	0.37001	0.02342	0.48505	0.01659	0.00349	0.00384	0.00977	0.00355	0.00331
10	0.01158	0.01086	0.05524	0.23191	0.33321	0.04051	0.01226	0.06884	0.01133	0.05242	0.01035	0.01372	0.00831	0.00663	0.04911	0.00181	0.00612	0.02217	0.04708	0.00652
11	0.00565	0.00482	0.00486	0.00490	0.00647	0.00403	0.00366	0.00685	0.01084	0.01289	0.04773	0.07059	0.77612	0.01219	0.00566	0.00162	0.00243	0.01020	0.00444	0.00403
12	0.01277	0.79195	0.04209	0.00854	0.01268	0.03139	0.01985	0.01442	0.00980	0.01140	0.00674	0.00781	0.00615	0.00411	0.00316	0.00105	0.00525	0.00263	0.00206	0.00615
13	0.00590	0.00448	0.00547	0.00617	0.00695	0.00404	0.00436	0.00698	0.00996	0.01278	0.06008	0.50923	0.27696	0.01378	0.00597	0.00184	0.00273	0.05386	0.00446	0.00398
14	0.01187	0.17219	0.36219	0.01088	0.01583	0.05286	0.01192	0.06839	0.05435	0.06685	0.02895	0.04943	0.00924	0.00530	0.00434	0.00137	0.00574	0.00411	0.00289	0.06130
15	0.02772	0.01976	0.44478	0.01693	0.16452	0.09063	0.11349	0.01569	0.01080	0.03859	0.00894	0.01076	0.00665	0.00450	0.00467	0.00148	0.00694	0.00391	0.00231	0.00692
16	0.00964	0.02441	0.78883	0.01399	0.03897	0.01111	0.01759	0.01513	0.01011	0.01515	0.00859	0.01013	0.00609	0.00453	0.00455	0.00151	0.00703	0.00355	0.00203	0.00708
17	0.01109	0.01342	0.17057	0.18401	0.37218	0.01132	0.04914	0.05706	0.04354	0.01578	0.00965	0.01258	0.00764	0.00471	0.00478	0.00150	0.00607	0.01551	0.00252	0.00695
18	0.00569	0.00484	0.00490	0.00488	0.00648	0.00405	0.00366	0.00694	0.01099	0.01314	0.07548	0.04563	0.77307	0.01202	0.00565	0.00161	0.00241	0.01004	0.00447	0.00405
19	0.01090	0.09295	0.05900	0.01198	0.01322	0.05036	0.03784	0.01300	0.04816	0.01238	0.00808	0.03727	0.00762	0.00750	0.01190	0.00185	0.55030	0.00436	0.01580	0.00554
20	0.00628	0.00466	0.00590	0.00655	0.00721	0.00442	0.00454	0.00804	0.05071	0.01383	0.15685	0.58546	0.10089	0.01341	0.00592	0.00182	0.00271	0.01203	0.00460	0.00419
21	0.01316	0.11643	0.01163	0.00795	0.01061	0.00929	0.00656	0.19200	0.01512	0.18007	0.35541	0.02249	0.02471	0.00731	0.00493	0.00142	0.00369	0.00607	0.00486	0.00629
22	0.01259	0.05607	0.04265	0.02767	0.21522	0.04864	0.01018	0.03726	0.22732	0.05779	0.01600	0.01918	0.04890	0.00692	0.00595	0.00170	0.06825	0.06519	0.02546	0.00705
23	0.01873	0.00834	0.01062	0.00842	0.01173	0.00781	0.00686	0.07500	0.09882	0.57996	0.04355	0.01686	0.01299	0.00606	0.00472	0.00146	0.00392	0.00493	0.07153	0.00767
24	0.16652	0.08922	0.14709	0.00888	0.02813	0.01012	0.00827	0.09378	0.05223	0.16167	0.01219	0.01269	0.00888	0.00515	0.00397	0.00137	0.00438	0.00388	0.17513	0.00645
25	0.01361	0.15889	0.03085	0.01304	0.11489	0.33070	0.04586	0.01658	0.08506	0.01408	0.10730	0.01389	0.02448	0.00550	0.00445	0.00132	0.00624	0.00428	0.00297	0.00601
26	0.00612	0.00475	0.00557	0.00559	0.00680	0.00420	0.00411	0.00769	0.01167	0.01530	0.34453	0.16374	0.37953	0.01162	0.00571	0.00162	0.00241	0.01006	0.00477	0.00420
27	0.03263	0.15900	0.09848	0.01120	0.04293	0.05015	0.04572	0.29134	0.05553	0.07309	0.02218	0.02667	0.00883	0.00527	0.00440	0.00135	0.00534	0.00412	0.00363	0.05811
28	0.00803	0.00550	0.00712	0.00704	0.00833	0.00512	0.01866	0.01026	0.06507	0.07994	0.17282	0.42842	0.08989	0.01162	0.00565	0.00170	0.00297	0.01811	0.00463	0.04912
29	0.04066	0.23960	0.09950	0.01146	0.09104	0.02386	0.00946	0.14410	0.10924	0.05504	0.02156	0.04107	0.03768	0.00572	0.00470	0.00139	0.03568	0.00438	0.00332	0.02053
30	0.05905	0.11637	0.14929	0.03509	0.29739	0.02479	0.09535	0.05389	0.01113	0.05227	0.01007	0.05596	0.00847	0.00503	0.00457	0.00144	0.00579	0.00450	0.00270	0.00683
31	0.00589	0.00421	0.00562	0.00673	0.00704	0.00394	0.00455	0.00677	0.00922	0.01228	0.02631	0.80099	0.03146	0.01491	0.00612	0.00195	0.00283	0.04083	0.00444	0.00390
32	0.09472	0.01042	0.05159	0.00865	0.04150	0.05202	0.00694	0.06646	0.01101	0.04168	0.01037	0.01146	0.03569	0.00435	0.00382	0.00099	0.00417	0.00337	0.01845	0.52233
33	0.05220	0.05651	0.01583	0.05132	0.10169	0.01246	0.11082	0.23966	0.16937	0.08975	0.01275	0.02828	0.00964	0.00555	0.00498	0.00151	0.02183	0.00473	0.00391	0.00722
34	0.01146	0.01208	0.02113	0.02191	0.33901	0.06730	0.32482	0.01448	0.01106	0.01487	0.01084	0.07060	0.00963	0.00531	0.00540	0.00156	0.01992	0.02945	0.00260	0.00658
35	0.00657	0.00484	0.00614	0.00589	0.00704	0.00441	0.00439	0.00861	0.01296	0.01798	0.66076	0.07734	0.14459	0.01035	0.00566	0.00154	0.00230	0.00909	0.00511	0.00441
36	0.01033	0.00874	0.01014	0.00728	0.01150	0.00680	0.00584	0.05135	0.01055	0.01631	0.00865	0.00999	0.00713	0.00365	0.00360	0.00074	0.00363	0.00291	0.00293	0.81793
37	0.03034	0.08127	0.19216	0.01300	0.11127	0.02746	0.01104	0.27086	0.09156	0.07522	0.01265	0.01303	0.03799	0.00544	0.00458	0.00144	0.00540	0.00429	0.00364	0.00735
38	0.02650	0.56614	0.07374	0.01041	0.04362	0.10622	0.03448	0.01496	0.02137	0.01215	0.00721	0.00855	0.00634	0.00447	0.00411	0.00118	0.04725	0.00297	0.00217	0.00615
39	0.01399	0.05676	0.01525	0.01157	0.01431	0.03638	0.09726	0.24156	0.15222	0.07046	0.02571	0.01320	0.00963	0.00621	0.00713	0.00160	0.18317	0.00461	0.03216	0.00684
40	0.08753	0.00822	0.01077	0.00833	0.01197	0.00731	0.00688	0.02257	0.01325	0.74415	0.01790	0.01560	0.01131	0.00580	0.00466	0.00148	0.00404	0.00463	0.00568	0.00790
41	0.00903	0.00850	0.01434	0.82054	0.03292	0.01062	0.01327	0.01221	0.00956	0.01221	0.00850	0.01274	0.00637	0.00478	0.00478	0.00159	0.00637	0.00425	0.00212	0.00531
42	0.00684	0.00508	0.00746	0.00746	0.00824	0.00586	0.00570	0.00840	0.00762	0.01093	0.01300	0.01988	0.01243	0.10619	0.74340	0.00741	0.01208	0.00528	0.00259	0.00415
43	0.01046	0.01046	0.01464	0.01255	0.01255	0.01464	0.01046	0.01150	0.00732	0.01150	0.00627	0.01046	0.00627	0.00837	0.01569	0.00209	0.82328	0.00418	0.00209	0.00523
44	0.00599	0.00430	0.00563	0.00646	0.00688	0.00400	0.00437	0.00699	0.00972	0.01306	0.13119	0.66852	0.05707	0.04343	0.00668	0.00197	0.00276	0.01257	0.00449	0.00394
45	0.00687	0.00494	0.00678	0.00678	0.00732	0.00548	0.00485	0.00796	0.00741	0.01043	0.01363	0.02335	0.01394	0.32727	0.52437	0.00657	0.00981	0.00579	0.00268	0.00377
46	0.01084	0.01162	0.01044	0.11334	0.06825	0.27190	0.00802	0.01264	0.02764	0.01274	0.03204	0.25469	0.08696	0.00900	0.00520	0.00160	0.00543	0.04928	0.00337	0.00500
47	0.00693	0.00470	0.00554	0.00554	0.00566	0.00481	0.00331	0.00716	0.00705	0.00951	0.01476	0.02961	0.01665	0.72596	0.12940	0.00504	0.00572	0.00671	0.00285	0.00308
