[name]
unknown

[dist]
# distance from previous block
# <min> <max>
0	197

[block]
# block no. 0 follows, 53 sequences, length 13
# corresponding to MSA columns:
# 228-240
name=unknown_A
#
# <colnr> <probs for GDERKNQSTAVLIFYWHMCP>
#	G	D	E	R	K	N	Q	S	T	A	V	L	I	F	Y	W	H	M	C	P
0	0.00598	0.00492	0.00530	0.00541	0.00692	0.00425	0.00419	0.00739	0.01111	0.01356	0.10395	0.04615	0.64915	0.01206	0.00576	0.00168	0.00265	0.10096	0.00450	0.00412
1	0.00986	0.01122	0.14367	0.00818	0.01290	0.00716	0.00768	0.01256	0.00994	0.01550	0.00851	0.00994	0.00691	0.00371	0.00371	0.00084	0.00413	0.00295	0.00270	0.71795
2	0.86579	0.00924	0.00702	0.00629	0.00924	0.01072	0.00518	0.01405	0.00813	0.02144	0.00666	0.00776	0.00518	0.00444	0.00296	0.00148	0.00370	0.00259	0.00296	0.00518
3	0.01039	0.14713	0.01245	0.00726	0.01148	0.00848	0.00609	0.01242	0.00988	0.01485	0.00818	0.00953	0.00692	0.00363	0.00346	0.00076	0.00380	0.00279	0.00270	0.71779
4	0.01021	0.00989	0.01749	0.25417	0.33030	0.01039	0.14199	0.01332	0.02440	0.01430	0.03022	0.04152	0.02945	0.02446	0.02602	0.00176	0.00614	0.00515	0.00256	0.00625
5	0.23875	0.01035	0.01075	0.03884	0.01245	0.01144	0.00726	0.37865	0.03183	0.03934	0.14271	0.01496	0.01377	0.00605	0.00442	0.00146	0.00427	0.00461	0.02153	0.00655
6	0.00682	0.00527	0.00641	0.00628	0.00761	0.00468	0.00446	0.00799	0.00939	0.01277	0.05339	0.32782	0.17021	0.11413	0.07824	0.00246	0.00394	0.00916	0.00381	0.16515
7	0.00905	0.00748	0.00890	0.02971	0.01061	0.00596	0.00537	0.01071	0.00945	0.01422	0.01201	0.07790	0.03800	0.09546	0.00656	0.02627	0.00366	0.00446	0.00298	0.62126
8	0.23009	0.00930	0.14066	0.00737	0.00985	0.00718	0.00676	0.01094	0.00992	0.03631	0.15409	0.13297	0.10712	0.08153	0.00668	0.01524	0.00385	0.02161	0.00366	0.00488
9	0.00611	0.00463	0.00564	0.00597	0.00694	0.00416	0.00431	0.00752	0.01104	0.01455	0.26203	0.32855	0.27289	0.01249	0.00584	0.00172	0.00256	0.03424	0.00468	0.00413
10	0.72354	0.01151	0.00812	0.00730	0.01017	0.14528	0.00586	0.01489	0.00904	0.01981	0.00678	0.00791	0.00534	0.00452	0.00318	0.00144	0.00452	0.00267	0.00287	0.00524
11	0.03109	0.15099	0.01370	0.00981	0.01275	0.16380	0.00791	0.08050	0.41176	0.01753	0.01516	0.01468	0.03837	0.00589	0.00444	0.00143	0.00498	0.00451	0.00388	0.00681
12	0.00645	0.00439	0.00571	0.00654	0.00705	0.00405	0.00443	0.00736	0.00949	0.04205	0.04550	0.70118	0.08585	0.03741	0.00652	0.00197	0.00284	0.01270	0.00447	0.00404

[dist]
# distance from previous block
# <min> <max>
5	62

[block]
# block no. 1 follows, 53 sequences, length 25
# corresponding to MSA columns:
# 318-342
name=unknown_B
#
# <colnr> <probs for GDERKNQSTAVLIFYWHMCP>
#	G	D	E	R	K	N	Q	S	T	A	V	L	I	F	Y	W	H	M	C	P
0	0.82878	0.00904	0.00691	0.00621	0.00908	0.01045	0.00510	0.01392	0.00822	0.02129	0.00704	0.00820	0.00548	0.00449	0.00297	0.00146	0.00363	0.00267	0.03991	0.00515
1	0.01217	0.18866	0.20060	0.08180	0.13864	0.06859	0.05519	0.11127	0.01198	0.01579	0.03209	0.01153	0.00809	0.02356	0.00482	0.00144	0.00606	0.00390	0.00262	0.02121
2	0.00696	0.00516	0.00765	0.00761	0.00838	0.00600	0.00586	0.00843	0.00758	0.01091	0.01259	0.01896	0.01191	0.06711	0.73279	0.04312	0.02717	0.00514	0.00255	0.00414
3	0.01494	0.22284	0.01820	0.03196	0.13567	0.06998	0.04031	0.32650	0.04677	0.02010	0.00967	0.01068	0.00755	0.00502	0.00453	0.00134	0.01956	0.00386	0.00336	0.00715
4	0.00963	0.00552	0.00675	0.00624	0.00708	0.00535	0.00415	0.04189	0.00881	0.12070	0.02942	0.06769	0.01615	0.48295	0.01794	0.11687	0.00434	0.01791	0.00343	0.02719
5	0.01178	0.25886	0.18705	0.01193	0.08569	0.10503	0.02208	0.01577	0.11014	0.02840	0.02535	0.09609	0.01079	0.00587	0.00434	0.00139	0.00555	0.00469	0.00286	0.00636
6	0.01250	0.01331	0.17382	0.20678	0.23223	0.04661	0.02542	0.01657	0.07079	0.13889	0.01108	0.01272	0.00812	0.00489	0.00472	0.00150	0.00589	0.00425	0.00299	0.00692
7	0.00600	0.00431	0.00571	0.00669	0.00711	0.00403	0.00461	0.00702	0.00962	0.01284	0.08204	0.70560	0.05324	0.01442	0.00608	0.00192	0.00282	0.05749	0.00449	0.00396
8	0.01035	0.13696	0.01554	0.03329	0.01280	0.01395	0.02792	0.01193	0.02465	0.01176	0.00861	0.01213	0.03044	0.01014	0.08715	0.00240	0.53814	0.00426	0.00226	0.00532
9	0.01001	0.04545	0.14084	0.04732	0.28344	0.01068	0.04212	0.01296	0.03182	0.01394	0.01249	0.06200	0.05756	0.00880	0.07273	0.01352	0.12042	0.00512	0.00258	0.00620
10	0.01618	0.01548	0.01194	0.01038	0.01305	0.38153	0.00806	0.15684	0.07223	0.11103	0.06942	0.01511	0.02837	0.00606	0.00464	0.00138	0.00613	0.02515	0.04074	0.00628
11	0.68792	0.00916	0.00797	0.00682	0.00994	0.01016	0.00562	0.03734	0.00955	0.16483	0.00902	0.00942	0.00647	0.00474	0.00335	0.00148	0.00381	0.00304	0.00355	0.00580
12	0.00980	0.00648	0.02019	0.08542	0.03427	0.00632	0.04720	0.01108	0.00964	0.13761	0.02689	0.20669	0.04809	0.06918	0.08388	0.11165	0.01742	0.05975	0.00365	0.00478
13	0.01081	0.17972	0.03510	0.03762	0.28037	0.01075	0.04219	0.03379	0.01086	0.04777	0.04832	0.15310	0.04628	0.00706	0.00481	0.00149	0.00481	0.03584	0.00314	0.00617
14	0.01254	0.01289	0.01723	0.02430	0.58392	0.15713	0.01302	0.01503	0.01138	0.01478	0.01023	0.01520	0.00919	0.00522	0.00483	0.00146	0.00610	0.07608	0.00258	0.00690
15	0.00728	0.00563	0.00816	0.02268	0.00914	0.02576	0.04613	0.00836	0.00826	0.01125	0.01574	0.24212	0.01670	0.05886	0.38612	0.10520	0.00820	0.00739	0.00302	0.00401
16	0.01182	0.04860	0.11659	0.14682	0.16716	0.06292	0.08799	0.03612	0.04362	0.07935	0.01100	0.03683	0.00878	0.00637	0.02935	0.02321	0.01757	0.00455	0.05502	0.00632
17	0.01041	0.02794	0.17909	0.24058	0.31099	0.01112	0.10066	0.01395	0.01034	0.01439	0.00926	0.03305	0.00750	0.00471	0.00481	0.00151	0.00633	0.00447	0.00228	0.00660
18	0.00689	0.00500	0.00714	0.00714	0.00780	0.00566	0.00530	0.00816	0.00750	0.01066	0.01317	0.02124	0.01298	0.19848	0.63425	0.02564	0.01094	0.00547	0.00262	0.00394
19	0.86579	0.00924	0.00702	0.00629	0.00924	0.01072	0.00518	0.01405	0.00813	0.02144	0.00666	0.00776	0.00518	0.00444	0.00296	0.00148	0.00370	0.00259	0.00296	0.00518
20	0.02758	0.09991	0.02656	0.03238	0.01301	0.00980	0.02554	0.16957	0.01262	0.03751	0.03143	0.01115	0.00841	0.00440	0.00392	0.00101	0.00426	0.00346	0.02146	0.45601
21	0.00634	0.00467	0.00551	0.00583	0.00691	0.00413	0.00417	0.00756	0.01063	0.03716	0.13808	0.35656	0.36969	0.01276	0.00580	0.00173	0.00259	0.01114	0.00459	0.00416
22	0.00683	0.00502	0.00640	0.00603	0.00723	0.00467	0.00453	0.00931	0.03380	0.01878	0.72995	0.03591	0.09384	0.00984	0.00562	0.00151	0.00231	0.00865	0.00520	0.00456
23	0.00962	0.00896	0.01495	0.54803	0.21801	0.01048	0.01290	0.01253	0.00981	0.01317	0.00947	0.04598	0.00785	0.00520	0.00511	0.00157	0.03038	0.00464	0.02557	0.00578
24	0.00968	0.02410	0.76654	0.01396	0.02091	0.01115	0.05776	0.01515	0.01015	0.01515	0.00863	0.01024	0.00612	0.00451	0.00460	0.00152	0.00712	0.00364	0.00204	0.00703

[dist]
# distance from previous block
# <min> <max>
1	3

[block]
# block no. 2 follows, 53 sequences, length 20
# corresponding to MSA columns:
# 346-365
name=unknown_C
#
# <colnr> <probs for GDERKNQSTAVLIFYWHMCP>
#	G	D	E	R	K	N	Q	S	T	A	V	L	I	F	Y	W	H	M	C	P
0	0.03980	0.00891	0.01016	0.00743	0.01151	0.00729	0.00596	0.08750	0.01106	0.01713	0.00908	0.02658	0.00761	0.00402	0.00369	0.00083	0.00370	0.00318	0.00306	0.73150
1	0.70305	0.09499	0.00930	0.00684	0.00988	0.05037	0.00573	0.02976	0.00890	0.01993	0.00760	0.00861	0.02079	0.00460	0.00312	0.00142	0.00409	0.00279	0.00291	0.00533
2	0.00811	0.01008	0.16329	0.01047	0.05966	0.00730	0.08160	0.01124	0.03114	0.01651	0.35565	0.09476	0.08887	0.00840	0.00570	0.00158	0.02888	0.00744	0.00395	0.00537
3	0.01287	0.13708	0.01420	0.03469	0.01306	0.25843	0.02378	0.05545	0.02698	0.01366	0.07718	0.01344	0.01076	0.06552	0.00760	0.00160	0.14279	0.00412	0.00281	0.08396
4	0.00642	0.00517	0.00579	0.00590	0.00724	0.00476	0.00437	0.00874	0.07416	0.01434	0.15558	0.20001	0.44318	0.01191	0.00570	0.00168	0.00264	0.03345	0.00460	0.00437
5	0.00663	0.00475	0.00601	0.00591	0.00696	0.00437	0.00435	0.00857	0.01244	0.01745	0.56985	0.15235	0.11649	0.01055	0.00559	0.00156	0.00235	0.00929	0.05018	0.00437
6	0.00916	0.00653	0.00833	0.00787	0.00804	0.05321	0.00573	0.00810	0.00700	0.00933	0.00862	0.03945	0.00875	0.03096	0.03073	0.57907	0.16942	0.00447	0.00220	0.00302
7	0.00634	0.00465	0.00595	0.00610	0.00700	0.00426	0.00439	0.00802	0.01183	0.01624	0.46839	0.29383	0.12186	0.01171	0.00579	0.00166	0.00244	0.01040	0.00491	0.00426
8	0.03408	0.00497	0.00625	0.00621	0.00667	0.00533	0.00419	0.00785	0.00748	0.01067	0.03967	0.02592	0.01583	0.47550	0.32358	0.00559	0.00764	0.00617	0.00285	0.00354
9	0.01225	0.39502	0.05888	0.15706	0.11068	0.08197	0.02096	0.03049	0.04775	0.01303	0.00815	0.00997	0.00681	0.00457	0.00420	0.00128	0.02495	0.00340	0.00233	0.00624
10	0.01041	0.00835	0.00985	0.00712	0.01123	0.00634	0.00570	0.01252	0.01024	0.05747	0.03674	0.01115	0.00866	0.00388	0.00368	0.00078	0.00352	0.00314	0.00308	0.78614
11	0.01141	0.16655	0.41096	0.06632	0.06826	0.07334	0.03844	0.04157	0.02670	0.02651	0.02242	0.01066	0.00724	0.00466	0.00436	0.00141	0.00647	0.00365	0.00236	0.00670
12	0.01247	0.79187	0.02408	0.00807	0.01200	0.01817	0.00799	0.01404	0.00991	0.01166	0.04776	0.00912	0.00815	0.00438	0.00320	0.00105	0.00496	0.00287	0.00221	0.00605
13	0.00581	0.00488	0.00514	0.00515	0.00669	0.00420	0.00390	0.00711	0.01080	0.01307	0.07416	0.04415	0.70614	0.01348	0.05442	0.00199	0.00309	0.02739	0.00436	0.00408
14	0.01446	0.01604	0.37187	0.01305	0.08383	0.00941	0.04826	0.01812	0.01155	0.32623	0.01286	0.01330	0.00878	0.02443	0.00518	0.00157	0.00575	0.00427	0.00362	0.00740
15	0.01185	0.03485	0.18675	0.01330	0.10376	0.01047	0.08372	0.03381	0.24192	0.10306	0.01556	0.06929	0.02405	0.00637	0.00496	0.00159	0.00515	0.03888	0.00372	0.00695
16	0.00641	0.00476	0.00602	0.00622	0.00723	0.00436	0.00464	0.00811	0.01170	0.01579	0.39136	0.23717	0.18145	0.01184	0.00585	0.00170	0.00262	0.08372	0.00482	0.00425
17	0.00665	0.00467	0.00576	0.00595	0.00628	0.00475	0.00385	0.00723	0.00772	0.01037	0.01853	0.16556	0.06594	0.47646	0.18528	0.00463	0.00589	0.00789	0.00318	0.00342
18	0.01151	0.02947	0.01595	0.31176	0.27743	0.11338	0.03788	0.01407	0.01061	0.04108	0.00988	0.06114	0.00847	0.00536	0.00512	0.00151	0.03202	0.00469	0.00253	0.00614
19	0.01394	0.04232	0.09352	0.01113	0.03042	0.06600	0.09835	0.14094	0.03779	0.18181	0.02456	0.04182	0.03029	0.00844	0.07025	0.00198	0.03069	0.01443	0.05474	0.00659

[dist]
# distance from previous block
# <min> <max>
1	6

[block]
# block no. 3 follows, 53 sequences, length 29
# corresponding to MSA columns:
# 372-378,380-401
name=unknown_D
#
# <colnr> <probs for GDERKNQSTAVLIFYWHMCP>
#	G	D	E	R	K	N	Q	S	T	A	V	L	I	F	Y	W	H	M	C	P
0	0.01003	0.15179	0.01574	0.19420	0.19123	0.01082	0.04956	0.02967	0.03023	0.01361	0.01334	0.14971	0.02568	0.00721	0.00534	0.01818	0.02024	0.05480	0.00287	0.00575
1	0.00794	0.00636	0.00879	0.00827	0.00877	0.00785	0.00640	0.00921	0.00769	0.01146	0.01202	0.03889	0.01187	0.15603	0.39186	0.00506	0.22251	0.00534	0.06939	0.00430
2	0.00991	0.00850	0.00991	0.00708	0.01133	0.00637	0.00566	0.01203	0.00991	0.01557	0.00850	0.00991	0.00708	0.00354	0.00354	0.00071	0.00354	0.00283	0.00283	0.86124
3	0.01232	0.01450	0.26152	0.04944	0.06602	0.01023	0.15950	0.09991	0.01205	0.13653	0.01233	0.07773	0.00984	0.00725	0.04732	0.00187	0.00644	0.00517	0.00324	0.00678
4	0.00903	0.00850	0.01434	0.82054	0.03292	0.01062	0.01327	0.01221	0.00956	0.01221	0.00850	0.01274	0.00637	0.00478	0.00478	0.00159	0.00637	0.00425	0.00212	0.00531
5	0.00933	0.00950	0.04972	0.69978	0.09957	0.01078	0.01353	0.01254	0.00965	0.01263	0.00850	0.01250	0.00646	0.00479	0.00498	0.00158	0.02221	0.00422	0.00214	0.00558
6	0.01817	0.01339	0.01434	0.01100	0.01482	0.01482	0.00908	0.78627	0.02247	0.03012	0.01148	0.01148	0.00813	0.00574	0.00478	0.00143	0.00526	0.00430	0.00478	0.00813
7	0.01046	0.01046	0.01464	0.01255	0.01255	0.01464	0.01046	0.01150	0.00732	0.01150	0.00627	0.01046	0.00627	0.00837	0.01569	0.00209	0.82328	0.00418	0.00209	0.00523
8	0.00693	0.00519	0.00661	0.03591	0.00855	0.00517	0.00513	0.04257	0.06058	0.01399	0.07760	0.62732	0.05980	0.01319	0.00587	0.00184	0.00303	0.01185	0.00445	0.00441
9	0.03933	0.00813	0.01084	0.00839	0.01199	0.00715	0.00691	0.02272	0.03341	0.74790	0.01936	0.01688	0.03198	0.00606	0.00479	0.00149	0.00401	0.00491	0.00579	0.00795
10	0.00620	0.00443	0.00596	0.00700	0.00746	0.00420	0.00501	0.00734	0.00968	0.01289	0.06209	0.65601	0.03152	0.01442	0.00617	0.00197	0.00303	0.14615	0.00447	0.00400
11	0.01119	0.01193	0.20520	0.01109	0.04494	0.03463	0.07581	0.03526	0.01078	0.15709	0.01585	0.20998	0.01493	0.05598	0.06556	0.00224	0.00576	0.02223	0.00358	0.00595
12	0.01133	0.01105	0.01855	0.02439	0.55495	0.01193	0.06321	0.01382	0.01003	0.01456	0.00857	0.01183	0.00742	0.00618	0.03403	0.00179	0.18279	0.00436	0.00232	0.00688
13	0.00683	0.00511	0.00760	0.00760	0.00843	0.00593	0.00587	0.00848	0.00766	0.01104	0.01288	0.01918	0.01213	0.06169	0.78749	0.00758	0.01254	0.00518	0.00257	0.00422
14	0.00903	0.00850	0.01434	0.82054	0.03292	0.01062	0.01327	0.01221	0.00956	0.01221	0.00850	0.01274	0.00637	0.00478	0.00478	0.00159	0.00637	0.00425	0.00212	0.00531
15	0.02924	0.01001	0.04376	0.03591	0.30203	0.07032	0.00978	0.02858	0.06984	0.01483	0.01703	0.24459	0.05050	0.00832	0.00518	0.00162	0.00476	0.04437	0.00338	0.00595
16	0.01424	0.54555	0.02174	0.00973	0.01353	0.10967	0.04383	0.13131	0.01218	0.03028	0.00783	0.00882	0.00661	0.00456	0.00389	0.00117	0.02297	0.00310	0.00260	0.00640
17	0.01014	0.00994	0.01532	0.57008	0.18385	0.05312	0.01316	0.01302	0.00989	0.01282	0.00840	0.01220	0.00659	0.00491	0.00543	0.00157	0.05742	0.00418	0.00219	0.00577
18	0.01111	0.00919	0.01109	0.05321	0.04572	0.00787	0.00690	0.10035	0.02415	0.03081	0.00921	0.01056	0.00738	0.00398	0.00384	0.00090	0.00399	0.00321	0.00308	0.65346
19	0.02981	0.19218	0.06650	0.01157	0.01408	0.20154	0.05793	0.02603	0.01030	0.05196	0.00800	0.01052	0.00690	0.00612	0.00795	0.01835	0.25719	0.01483	0.00246	0.00580
20	0.00662	0.00502	0.00608	0.00591	0.00715	0.00460	0.00440	0.02777	0.01235	0.01663	0.45344	0.12353	0.26446	0.01162	0.02733	0.00175	0.00272	0.00940	0.00484	0.00439
21	0.00683	0.00512	0.00768	0.00768	0.00853	0.00597	0.00597	0.00853	0.00768	0.01110	0.01280	0.01878	0.01195	0.03585	0.81308	0.00768	0.01280	0.00512	0.00256	0.00427
22	0.01520	0.01763	0.01448	0.11916	0.15354	0.48689	0.01057	0.05066	0.01266	0.01342	0.00818	0.01015	0.00669	0.00496	0.00481	0.00134	0.03393	0.00356	0.02624	0.00594
23	0.01425	0.01207	0.01210	0.01030	0.01333	0.06604	0.00815	0.26288	0.50063	0.02261	0.01616	0.01523	0.01201	0.00615	0.00480	0.00154	0.00457	0.00491	0.00468	0.00761
24	0.69251	0.00915	0.00784	0.00682	0.00986	0.01028	0.00559	0.01608	0.05964	0.13105	0.00919	0.00960	0.00672	0.00478	0.00334	0.00149	0.00375	0.00308	0.00349	0.00574
25	0.86579	0.00924	0.00702	0.00629	0.00924	0.01072	0.00518	0.01405	0.00813	0.02144	0.00666	0.00776	0.00518	0.00444	0.00296	0.00148	0.00370	0.00259	0.00296	0.00518
26	0.00582	0.00418	0.00552	0.00659	0.00692	0.00389	0.00441	0.00666	0.00921	0.01223	0.02713	0.80113	0.05889	0.01487	0.00608	0.00193	0.00276	0.01346	0.00444	0.00389
27	0.00582	0.00418	0.00552	0.00659	0.00692	0.00389	0.00441	0.00666	0.00921	0.01223	0.02714	0.80049	0.05951	0.01487	0.00608	0.00193	0.00276	0.01346	0.00444	0.00389
28	0.01248	0.00952	0.01094	0.00802	0.01214	0.00823	0.00649	0.17858	0.01286	0.07362	0.00985	0.01069	0.00763	0.00418	0.00389	0.00092	0.00394	0.00328	0.00346	0.61927

[dist]
# distance from previous block
# <min> <max>
0	4

[block]
# block no. 4 follows, 53 sequences, length 15
# corresponding to MSA columns:
# 406-420
name=unknown_E
#
# <colnr> <probs for GDERKNQSTAVLIFYWHMCP>
#	G	D	E	R	K	N	Q	S	T	A	V	L	I	F	Y	W	H	M	C	P
0	0.01174	0.01018	0.01099	0.05121	0.01348	0.01182	0.00786	0.02472	0.75346	0.01960	0.01889	0.01757	0.01417	0.00640	0.00486	0.00162	0.00392	0.00534	0.00472	0.00745
1	0.01747	0.02206	0.01392	0.01339	0.06464	0.76209	0.00958	0.01881	0.01338	0.01195	0.00749	0.00882	0.00625	0.00488	0.00434	0.00124	0.00843	0.00315	0.00246	0.00567
2	0.86579	0.00924	0.00702	0.00629	0.00924	0.01072	0.00518	0.01405	0.00813	0.02144	0.00666	0.00776	0.00518	0.00444	0.00296	0.00148	0.00370	0.00259	0.00296	0.00518
3	0.01245	0.04460	0.11663	0.00983	0.03577	0.00954	0.02366	0.16517	0.06232	0.09466	0.01356	0.07513	0.03876	0.00575	0.00445	0.00127	0.00452	0.00473	0.00366	0.27354
4	0.01046	0.18258	0.55497	0.01394	0.06794	0.01272	0.06419	0.01496	0.01014	0.01441	0.00829	0.00990	0.00624	0.00440	0.00433	0.00142	0.00666	0.00352	0.00207	0.00687
5	0.00830	0.00415	0.00623	0.00623	0.00623	0.00415	0.00415	0.00623	0.00623	0.00830	0.00830	0.01453	0.00830	0.01660	0.01868	0.86094	0.00415	0.00415	0.00208	0.00208
6	0.00845	0.00475	0.00657	0.00653	0.00685	0.00483	0.00454	0.04199	0.00760	0.01028	0.01120	0.04871	0.01147	0.09333	0.04890	0.59723	0.00450	0.05248	0.02698	0.00279
7	0.00954	0.01001	0.06444	0.61976	0.14531	0.01092	0.01364	0.01273	0.00969	0.01287	0.00848	0.01235	0.00653	0.00483	0.00521	0.00158	0.04000	0.00420	0.00215	0.00575
8	0.00576	0.00442	0.00527	0.00595	0.00675	0.00394	0.00412	0.00673	0.00983	0.01248	0.03492	0.52469	0.33029	0.01386	0.00593	0.00181	0.00264	0.01223	0.00444	0.00394
9	0.00903	0.00850	0.01434	0.82054	0.03292	0.01062	0.01327	0.01221	0.00956	0.01221	0.00850	0.01274	0.00637	0.00478	0.00478	0.00159	0.00637	0.00425	0.00212	0.00531
10	0.01509	0.01183	0.01554	0.10694	0.25410	0.01279	0.01107	0.39377	0.05448	0.06012	0.01113	0.01226	0.00825	0.00523	0.00477	0.00146	0.00538	0.00436	0.00381	0.00762
11	0.06482	0.01687	0.36255	0.01199	0.01673	0.05119	0.08925	0.03356	0.06708	0.08116	0.06074	0.01692	0.07503	0.02393	0.00542	0.00169	0.00597	0.00501	0.00333	0.00675
12	0.00729	0.00498	0.00578	0.00598	0.00615	0.00482	0.00359	0.00743	0.00814	0.01096	0.05537	0.20766	0.02228	0.60611	0.01950	0.00397	0.00430	0.00865	0.00354	0.00351
13	0.01184	0.01326	0.02844	0.02043	0.02527	0.01238	0.77818	0.01568	0.01163	0.01583	0.01023	0.01366	0.00779	0.00441	0.00588	0.00171	0.00822	0.00581	0.00261	0.00673
14	0.01224	0.01159	0.01946	0.06882	0.75740	0.01161	0.01477	0.01493	0.01117	0.01597	0.00953	0.01265	0.00805	0.00467	0.00498	0.00153	0.00590	0.00444	0.00255	0.00774

[dist]
# distance from previous block
# <min> <max>
0	5

[block]
# block no. 5 follows, 53 sequences, length 8
# corresponding to MSA columns:
# 426-433
name=unknown_F
#
# <colnr> <probs for GDERKNQSTAVLIFYWHMCP>
#	G	D	E	R	K	N	Q	S	T	A	V	L	I	F	Y	W	H	M	C	P
0	0.21440	0.07542	0.10404	0.00929	0.01243	0.15424	0.00821	0.03683	0.01157	0.07032	0.14979	0.01476	0.01379	0.00605	0.00494	0.00148	0.04682	0.00432	0.00346	0.05783
1	0.00691	0.00500	0.00611	0.00655	0.00719	0.00487	0.00448	0.04680	0.02891	0.01331	0.07683	0.48147	0.08788	0.16969	0.00943	0.00237	0.00326	0.03065	0.00422	0.00407
2	0.01775	0.01338	0.01376	0.01081	0.01443	0.06570	0.00883	0.61846	0.09426	0.07497	0.01241	0.01218	0.00884	0.00577	0.00476	0.00144	0.00526	0.00436	0.00471	0.00791
3	0.10290	0.01097	0.04431	0.11898	0.27851	0.01097	0.01092	0.17173	0.01329	0.15178	0.03261	0.01279	0.00898	0.00508	0.00459	0.00147	0.00516	0.00428	0.00355	0.00714
4	0.00858	0.00723	0.00838	0.00654	0.00978	0.00562	0.00510	0.01046	0.01032	0.01511	0.07737	0.07371	0.16337	0.00642	0.00427	0.00102	0.00318	0.00538	0.00343	0.57471
5	0.01239	0.01293	0.02238	0.06888	0.19256	0.08368	0.41723	0.03960	0.04933	0.03821	0.01003	0.01256	0.00768	0.00443	0.00518	0.00153	0.00708	0.00495	0.00268	0.00669
6	0.01497	0.16676	0.05277	0.01007	0.01311	0.19892	0.00861	0.17534	0.02960	0.10153	0.01071	0.02773	0.00854	0.00751	0.05728	0.00176	0.05751	0.00397	0.04692	0.00639
7	0.00892	0.00539	0.00690	0.00623	0.00784	0.00484	0.00478	0.01096	0.01315	0.14296	0.56209	0.03418	0.15414	0.00951	0.00551	0.00152	0.00257	0.00825	0.00524	0.00501

[dist]
# distance from previous block
# <min> <max>
0	1

[block]
# block no. 6 follows, 53 sequences, length 19
# corresponding to MSA columns:
# 435-453
name=unknown_G
#
# <colnr> <probs for GDERKNQSTAVLIFYWHMCP>
#	G	D	E	R	K	N	Q	S	T	A	V	L	I	F	Y	W	H	M	C	P
0	0.01524	0.03740	0.02538	0.03234	0.05482	0.28442	0.10365	0.15657	0.02826	0.09348	0.02419	0.06069	0.01026	0.00603	0.00501	0.00146	0.02028	0.03069	0.00345	0.00639
1	0.00723	0.00546	0.00731	0.00714	0.00752	0.00627	0.00511	0.00810	0.00742	0.01045	0.01379	0.06992	0.01470	0.36080	0.35126	0.00547	0.09926	0.00626	0.00276	0.00379
2	0.00635	0.00454	0.00565	0.00618	0.00699	0.00410	0.00433	0.00751	0.01033	0.03537	0.14309	0.50457	0.21688	0.01329	0.00589	0.00179	0.00265	0.01179	0.00460	0.00413
3	0.05388	0.09492	0.21002	0.02370	0.05031	0.02621	0.05116	0.05833	0.02380	0.05077	0.00951	0.02852	0.00758	0.00452	0.00412	0.00120	0.00516	0.00366	0.00281	0.28983
4	0.08340	0.25871	0.10489	0.01105	0.07426	0.01256	0.06877	0.07377	0.06718	0.04183	0.02847	0.04051	0.05867	0.03367	0.00491	0.00148	0.00499	0.00458	0.02007	0.00624
5	0.01265	0.01007	0.01037	0.00906	0.01166	0.05662	0.00709	0.13423	0.39946	0.08176	0.09586	0.04744	0.08814	0.00735	0.00500	0.00156	0.00400	0.00607	0.00478	0.00684
6	0.01353	0.61375	0.08336	0.00936	0.01341	0.14579	0.00911	0.04138	0.01079	0.01226	0.00708	0.00814	0.00620	0.00431	0.00344	0.00111	0.00583	0.00277	0.00220	0.00618
7	0.07259	0.11313	0.22581	0.04239	0.07124	0.06104	0.06305	0.07016	0.02527	0.05649	0.04435	0.05538	0.03368	0.00581	0.00468	0.00147	0.01631	0.01494	0.01588	0.00633
8	0.00730	0.00522	0.00616	0.00583	0.00736	0.00469	0.00445	0.00941	0.03456	0.06144	0.39761	0.03886	0.36010	0.01052	0.00560	0.00157	0.00252	0.02728	0.00492	0.00460
9	0.00948	0.00644	0.00752	0.00697	0.00879	0.00636	0.00539	0.01371	0.17894	0.11026	0.23333	0.03284	0.21039	0.05695	0.00648	0.00178	0.00315	0.07040	0.02546	0.00538
10	0.06057	0.09161	0.03718	0.12399	0.19882	0.04560	0.17990	0.03083	0.01061	0.04039	0.01014	0.05557	0.00864	0.00649	0.04059	0.00176	0.02861	0.00479	0.01769	0.00622
11	0.01018	0.05464	0.58552	0.03657	0.05922	0.04645	0.07002	0.01487	0.01031	0.01476	0.00917	0.03278	0.00706	0.00480	0.00458	0.00149	0.00682	0.00397	0.02004	0.00675
12	0.00712	0.00453	0.00539	0.00544	0.00545	0.00452	0.00317	0.00682	0.00693	0.00924	0.01445	0.06366	0.01652	0.66295	0.02260	0.14430	0.00447	0.00679	0.00283	0.00281
13	0.00703	0.00500	0.00609	0.00604	0.00716	0.00458	0.00438	0.02745	0.01166	0.04122	0.33670	0.22969	0.22376	0.05899	0.00679	0.00182	0.00269	0.00987	0.00473	0.00435
14	0.02773	0.18156	0.13792	0.10174	0.08125	0.08048	0.10929	0.09528	0.03961	0.04590	0.02347	0.02618	0.00827	0.00493	0.00446	0.00139	0.00605	0.00414	0.00282	0.01752
15	0.00856	0.00735	0.02398	0.07315	0.08359	0.02303	0.02113	0.03406	0.04404	0.01338	0.08503	0.18002	0.07671	0.07376	0.06678	0.09703	0.07316	0.00721	0.00334	0.00469
16	0.00746	0.00526	0.00668	0.08326	0.00941	0.00522	0.02025	0.02275	0.01034	0.01470	0.10006	0.19221	0.17365	0.07538	0.00656	0.00179	0.00320	0.02981	0.22769	0.00432
17	0.06055	0.01129	0.10763	0.05789	0.14391	0.04166	0.06445	0.04629	0.04566	0.04318	0.09990	0.04822	0.06733	0.02422	0.00563	0.00153	0.03717	0.00536	0.00327	0.08487
18	0.04636	0.11929	0.13892	0.07296	0.20321	0.03505	0.03504	0.02636	0.06391	0.05241	0.01218	0.07956	0.02399	0.00575	0.00454	0.00144	0.00528	0.01759	0.01925	0.03690

[dist]
# distance from previous block
# <min> <max>
2	9

[block]
# block no. 7 follows, 53 sequences, length 26
# corresponding to MSA columns:
# 463-476,490-501
name=unknown_H
#
# <colnr> <probs for GDERKNQSTAVLIFYWHMCP>
#	G	D	E	R	K	N	Q	S	T	A	V	L	I	F	Y	W	H	M	C	P
0	0.02745	0.03558	0.01089	0.02720	0.05838	0.14864	0.00733	0.06895	0.09213	0.06251	0.02895	0.01967	0.10812	0.11607	0.07713	0.00243	0.07504	0.00533	0.02267	0.00552
1	0.01137	0.16525	0.22298	0.02583	0.03972	0.10788	0.07594	0.05503	0.01103	0.02236	0.03318	0.02935	0.03172	0.07348	0.03091	0.00183	0.00626	0.01633	0.00267	0.03688
2	0.01322	0.76478	0.02405	0.00854	0.01248	0.08746	0.00827	0.01472	0.01004	0.01128	0.00671	0.00775	0.00614	0.00416	0.00317	0.00104	0.00541	0.00260	0.00208	0.00608
3	0.00748	0.00484	0.00586	0.00593	0.00633	0.00478	0.00383	0.00801	0.00813	0.04606	0.04355	0.11786	0.04094	0.55413	0.06623	0.00403	0.00474	0.06035	0.00340	0.00351
4	0.02567	0.00534	0.00665	0.00722	0.00806	0.00527	0.00518	0.06059	0.04087	0.03196	0.02496	0.62704	0.04743	0.01339	0.00589	0.00189	0.00315	0.07048	0.00448	0.00448
5	0.01079	0.05763	0.01134	0.00837	0.03453	0.04493	0.01845	0.07606	0.02544	0.01601	0.01232	0.01373	0.07322	0.02980	0.00455	0.00106	0.00408	0.00381	0.00308	0.55081
6	0.02187	0.02569	0.18086	0.01134	0.11162	0.00754	0.01947	0.01065	0.00960	0.01372	0.04820	0.25746	0.04446	0.04340	0.09797	0.00240	0.02044	0.00732	0.00317	0.06283
7	0.00586	0.00432	0.00545	0.00628	0.00682	0.00395	0.00427	0.00680	0.00960	0.01256	0.06306	0.64186	0.16613	0.03103	0.00638	0.00192	0.00273	0.01263	0.00444	0.00392
8	0.01670	0.01353	0.01307	0.01066	0.01387	0.13472	0.00858	0.51845	0.05896	0.05543	0.01308	0.06814	0.01063	0.00657	0.00487	0.00148	0.00545	0.03411	0.00444	0.00728
9	0.00935	0.00884	0.01488	0.71909	0.11361	0.01079	0.01336	0.01246	0.00965	0.01256	0.00850	0.01260	0.00650	0.00480	0.00502	0.00159	0.02449	0.00425	0.00215	0.00555
10	0.00593	0.00420	0.00551	0.00652	0.00677	0.00395	0.00429	0.00668	0.00894	0.01192	0.02528	0.75365	0.03027	0.09206	0.00782	0.00220	0.00295	0.01296	0.00429	0.00379
11	0.01107	0.01119	0.00944	0.00961	0.06259	0.26244	0.00632	0.03525	0.00988	0.01136	0.01179	0.02042	0.01211	0.37741	0.12599	0.00366	0.00713	0.00520	0.00273	0.00440
12	0.00622	0.00459	0.00588	0.00680	0.00729	0.00443	0.00462	0.00792	0.06195	0.01275	0.02665	0.74699	0.05736	0.01430	0.00600	0.00191	0.00283	0.01292	0.00447	0.00414
13	0.00984	0.05205	0.67219	0.04550	0.02128	0.01146	0.09206	0.01501	0.01017	0.01490	0.00861	0.01038	0.00619	0.00448	0.00460	0.00151	0.00706	0.00373	0.00206	0.00690
14	0.00639	0.00504	0.00589	0.00662	0.00721	0.03549	0.00455	0.00744	0.01002	0.01308	0.11936	0.62442	0.10942	0.01368	0.00593	0.00183	0.00290	0.01224	0.00446	0.00404
15	0.00910	0.00761	0.00831	0.00799	0.00998	0.00818	0.00624	0.01661	0.40351	0.01673	0.04250	0.08249	0.23532	0.00958	0.00542	0.00172	0.00340	0.11479	0.00466	0.00586
16	0.22794	0.00625	0.00602	0.00568	0.00733	0.00677	0.00437	0.02767	0.06223	0.01825	0.04170	0.01553	0.01140	0.00706	0.02195	0.07276	0.00315	0.00418	0.44504	0.00472
17	0.00873	0.00637	0.02034	0.02537	0.04025	0.00617	0.00625	0.09769	0.01166	0.05634	0.12596	0.41766	0.02646	0.01294	0.04938	0.00210	0.00399	0.07299	0.00439	0.00496
18	0.00841	0.00523	0.00669	0.00640	0.00774	0.00478	0.00478	0.01029	0.02198	0.11653	0.40996	0.18326	0.12924	0.03501	0.00619	0.00171	0.00275	0.02927	0.00499	0.00478
19	0.03231	0.00740	0.00917	0.00775	0.01044	0.00696	0.00619	0.03220	0.11848	0.39583	0.11184	0.06726	0.13478	0.00802	0.00512	0.00157	0.00353	0.02925	0.00527	0.00664
20	0.00688	0.00462	0.00531	0.00543	0.00549	0.00460	0.00316	0.00701	0.00724	0.00965	0.01626	0.09542	0.01881	0.74313	0.02236	0.00435	0.00448	0.02973	0.00306	0.00302
21	0.22139	0.52033	0.03741	0.00832	0.01202	0.10903	0.00779	0.01482	0.00978	0.01388	0.00678	0.00786	0.00590	0.00428	0.00322	0.00117	0.00522	0.00265	0.00232	0.00585
22	0.00906	0.01371	0.31876	0.01209	0.11369	0.00826	0.01102	0.03188	0.02218	0.03813	0.18249	0.09215	0.11175	0.00752	0.00508	0.00155	0.00477	0.00645	0.00347	0.00601
23	0.01004	0.01181	0.12351	0.51785	0.13571	0.03965	0.03103	0.02397	0.02058	0.01354	0.00875	0.01211	0.00665	0.00468	0.00472	0.00153	0.00639	0.00413	0.00225	0.02111
24	0.00629	0.00447	0.00573	0.00653	0.00694	0.00425	0.00450	0.00718	0.00913	0.01206	0.04126	0.51789	0.06833	0.17642	0.00974	0.00248	0.00331	0.10558	0.00414	0.00377
25	0.10397	0.21236	0.10074	0.04209	0.03133	0.31234	0.07772	0.01607	0.01109	0.01339	0.00750	0.00911	0.00617	0.00465	0.00442	0.00132	0.03421	0.00328	0.00234	0.00590

[dist]
# distance from previous block
# <min> <max>
0	3

[block]
# block no. 8 follows, 53 sequences, length 30
# corresponding to MSA columns:
# 505-534
name=unknown_I
#
# <colnr> <probs for GDERKNQSTAVLIFYWHMCP>
#	G	D	E	R	K	N	Q	S	T	A	V	L	I	F	Y	W	H	M	C	P
0	0.01260	0.15749	0.13503	0.03822	0.13341	0.10383	0.02488	0.05532	0.02333	0.07047	0.01025	0.04138	0.00858	0.00555	0.01725	0.00139	0.00569	0.01863	0.00286	0.13382
1	0.01099	0.07601	0.26308	0.03897	0.10377	0.01052	0.10159	0.03956	0.05196	0.07472	0.03309	0.05614	0.05163	0.00624	0.00505	0.00155	0.01622	0.04929	0.00310	0.00651
2	0.01071	0.02236	0.58630	0.01469	0.02089	0.09006	0.15762	0.01556	0.01065	0.01483	0.00866	0.01046	0.00628	0.00448	0.00472	0.00150	0.00740	0.00387	0.00214	0.00680
3	0.00949	0.00833	0.01394	0.12816	0.04080	0.00851	0.19208	0.09608	0.01152	0.01531	0.01752	0.23916	0.03216	0.00925	0.00595	0.01975	0.00521	0.13789	0.00354	0.00533
4	0.01166	0.13983	0.07386	0.07614	0.09531	0.08543	0.04729	0.05222	0.07936	0.02601	0.01122	0.08228	0.01010	0.00643	0.00635	0.00155	0.13725	0.01949	0.03216	0.00607
5	0.05008	0.01063	0.07309	0.04906	0.09495	0.00939	0.00850	0.15487	0.05737	0.01837	0.01032	0.01194	0.00817	0.00675	0.06123	0.00162	0.00509	0.00375	0.04784	0.31696
6	0.06707	0.29341	0.08067	0.02134	0.08531	0.18141	0.03604	0.02969	0.02518	0.02766	0.00821	0.00988	0.00688	0.00597	0.03606	0.00155	0.05651	0.00338	0.01768	0.00610
7	0.01746	0.01285	0.01384	0.01075	0.01437	0.01419	0.00882	0.74121	0.02170	0.02909	0.01233	0.05872	0.00949	0.00627	0.00486	0.00146	0.00512	0.00484	0.00476	0.00788
8	0.00890	0.05688	0.08132	0.38819	0.07422	0.00948	0.01072	0.01217	0.04315	0.01375	0.06864	0.06033	0.09013	0.00662	0.00488	0.00156	0.00515	0.02808	0.03037	0.00545
9	0.01654	0.01168	0.01272	0.00990	0.01337	0.01261	0.00811	0.58899	0.04052	0.07253	0.05344	0.01357	0.01069	0.00586	0.00467	0.00139	0.00469	0.00453	0.06659	0.04758
10	0.01624	0.01173	0.01279	0.01024	0.01354	0.01287	0.00829	0.57024	0.11277	0.06745	0.01444	0.10181	0.01166	0.00685	0.00494	0.00151	0.00475	0.00548	0.00481	0.00760
11	0.05559	0.01051	0.01775	0.25106	0.48493	0.01121	0.05811	0.01392	0.01033	0.01487	0.00872	0.01191	0.00707	0.00447	0.00489	0.00149	0.01989	0.00425	0.00233	0.00670
12	0.00607	0.00444	0.00574	0.00666	0.00712	0.00420	0.00452	0.00744	0.03793	0.01278	0.05649	0.73321	0.06691	0.01434	0.00602	0.00190	0.00277	0.01294	0.00448	0.00405
13	0.00691	0.00512	0.00581	0.00594	0.00750	0.00450	0.00469	0.00837	0.01105	0.05408	0.05504	0.07397	0.55816	0.01207	0.00582	0.00174	0.00293	0.16746	0.00452	0.00433
14	0.01239	0.15964	0.29177	0.03431	0.09860	0.10990	0.06024	0.06583	0.01138	0.04405	0.00912	0.02922	0.00730	0.00511	0.00493	0.01399	0.02921	0.00389	0.00252	0.00660
15	0.02016	0.00939	0.01192	0.00997	0.04944	0.04941	0.00775	0.05727	0.01366	0.65612	0.01690	0.01518	0.01092	0.00589	0.00527	0.00149	0.04146	0.00464	0.00535	0.00784
16	0.01973	0.00871	0.01120	0.00878	0.01235	0.00810	0.00718	0.06267	0.12468	0.64085	0.01839	0.01614	0.01195	0.00595	0.00479	0.00148	0.00408	0.00483	0.00566	0.02248
17	0.05226	0.01141	0.24046	0.00855	0.01106	0.01891	0.00821	0.01108	0.05389	0.01284	0.01460	0.12596	0.02722	0.31135	0.05252	0.00304	0.02256	0.00635	0.00294	0.00480
18	0.11005	0.09309	0.02981	0.00852	0.02531	0.02300	0.00685	0.04457	0.28694	0.08348	0.06546	0.05802	0.13126	0.00724	0.00465	0.00152	0.00384	0.00587	0.00423	0.00629
19	0.01320	0.00909	0.01015	0.00863	0.01138	0.00964	0.00684	0.16049	0.31840	0.15490	0.10840	0.02247	0.13059	0.00743	0.00504	0.00155	0.00374	0.00614	0.00501	0.00691
20	0.01785	0.02278	0.01354	0.01231	0.01478	0.81284	0.00924	0.01909	0.01354	0.01170	0.00739	0.00862	0.00616	0.00493	0.00431	0.00123	0.00862	0.00308	0.00246	0.00554
21	0.01561	0.09167	0.02662	0.01184	0.04794	0.04252	0.05379	0.49284	0.03689	0.02383	0.01132	0.04825	0.00897	0.00593	0.00519	0.00145	0.04364	0.00460	0.01980	0.00730
22	0.11423	0.00736	0.00758	0.00683	0.00885	0.02838	0.00530	0.08000	0.09604	0.10887	0.08809	0.08927	0.06187	0.00714	0.00436	0.00142	0.00327	0.00582	0.26974	0.00557
23	0.05564	0.00534	0.00542	0.00533	0.00700	0.00483	0.00405	0.00833	0.04629	0.01423	0.10373	0.05651	0.63243	0.01129	0.00548	0.00161	0.00258	0.02116	0.00444	0.00430
24	0.00639	0.00473	0.00639	0.00770	0.04309	0.00450	0.00512	0.00749	0.00951	0.01263	0.04864	0.57627	0.07969	0.06148	0.02271	0.00218	0.00333	0.08983	0.00424	0.00408
25	0.01128	0.02631	0.05094	0.10853	0.37323	0.00970	0.01144	0.01435	0.03807	0.06224	0.01098	0.02901	0.00933	0.00507	0.00460	0.00136	0.00509	0.04830	0.00286	0.17731
26	0.00973	0.00781	0.00882	0.00855	0.01029	0.00858	0.00645	0.07523	0.37903	0.01736	0.02191	0.34047	0.02158	0.01018	0.00545	0.00177	0.00353	0.05264	0.00466	0.00597
27	0.01278	0.83490	0.02505	0.00818	0.01227	0.01891	0.00818	0.01431	0.00971	0.01125	0.00664	0.00767	0.00613	0.00409	0.00307	0.00102	0.00511	0.00256	0.00204	0.00613
28	0.01463	0.01655	0.01701	0.06222	0.11238	0.37575	0.16475	0.08732	0.01308	0.01475	0.00939	0.01277	0.00786	0.00525	0.00509	0.00144	0.02692	0.04400	0.00273	0.00612
29	0.64876	0.00936	0.00792	0.00701	0.00987	0.01075	0.00569	0.05580	0.12247	0.02156	0.05447	0.01102	0.00899	0.00511	0.00348	0.00150	0.00371	0.00343	0.00346	0.00564

[dist]
# distance from previous block
# <min> <max>
0	5

[block]
# block no. 9 follows, 53 sequences, length 30
# corresponding to MSA columns:
# 541-545,548-563,574-582
name=unknown_J
#
# <colnr> <probs for GDERKNQSTAVLIFYWHMCP>
#	G	D	E	R	K	N	Q	S	T	A	V	L	I	F	Y	W	H	M	C	P
0	0.03971	0.00645	0.00889	0.03907	0.14814	0.00673	0.00653	0.00920	0.00874	0.01216	0.01881	0.07470	0.13802	0.26057	0.13319	0.01968	0.03806	0.02385	0.00305	0.00445
1	0.00698	0.00469	0.00554	0.00561	0.00594	0.00461	0.00357	0.00738	0.00816	0.01094	0.08705	0.05001	0.07714	0.55235	0.03287	0.05292	0.00428	0.05640	0.02033	0.00325
2	0.01181	0.15801	0.28601	0.04469	0.19650	0.09761	0.06083	0.03245	0.01090	0.01448	0.00834	0.01021	0.00659	0.00441	0.00435	0.00135	0.00644	0.00363	0.00227	0.03912
3	0.01189	0.01027	0.01081	0.00973	0.01243	0.01189	0.00757	0.02540	0.79357	0.01999	0.01945	0.01783	0.01459	0.00648	0.00486	0.00162	0.00378	0.00540	0.00486	0.00757
4	0.02523	0.00869	0.01070	0.06533	0.05633	0.00721	0.00676	0.03569	0.01034	0.02531	0.00956	0.02218	0.01944	0.00406	0.00380	0.00088	0.00389	0.00333	0.00290	0.67837
5	0.00913	0.03159	0.00893	0.00915	0.07777	0.00653	0.00626	0.08213	0.01137	0.06514	0.05302	0.38396	0.10377	0.01083	0.00547	0.00167	0.00351	0.05829	0.00422	0.06724
6	0.00689	0.00506	0.00752	0.00752	0.00830	0.00585	0.00577	0.00838	0.00760	0.01091	0.01273	0.01917	0.01205	0.07005	0.74894	0.03928	0.01212	0.00517	0.00256	0.00413
7	0.01113	0.01056	0.01763	0.30361	0.42585	0.03114	0.06664	0.01408	0.01059	0.03591	0.00972	0.01281	0.01989	0.00461	0.00482	0.00149	0.00606	0.00443	0.00242	0.00661
8	0.01145	0.01093	0.01872	0.20250	0.53872	0.01140	0.07185	0.04885	0.01114	0.01549	0.00904	0.01209	0.00731	0.00442	0.00481	0.00147	0.00599	0.00436	0.00242	0.00701
9	0.00620	0.00441	0.00571	0.00659	0.00698	0.00419	0.00453	0.00707	0.00910	0.01202	0.02549	0.58427	0.06351	0.13997	0.00893	0.00237	0.00323	0.09744	0.00420	0.00380
10	0.01068	0.01150	0.15122	0.22397	0.11621	0.00965	0.07537	0.07121	0.01150	0.05636	0.06839	0.01619	0.02334	0.00597	0.01616	0.00159	0.00559	0.02570	0.09329	0.00613
11	0.04396	0.03395	0.14343	0.05790	0.39679	0.07505	0.05772	0.03634	0.01123	0.05447	0.00983	0.02382	0.00802	0.00484	0.00468	0.00146	0.00606	0.02088	0.00264	0.00696
12	0.05798	0.01077	0.01226	0.00951	0.01318	0.04010	0.00782	0.31896	0.01684	0.43979	0.01502	0.01374	0.00988	0.00574	0.00470	0.00145	0.00468	0.00445	0.00521	0.00790
13	0.01045	0.01092	0.02123	0.01597	0.01911	0.01113	0.48336	0.04177	0.01053	0.01449	0.01165	0.11981	0.01086	0.05182	0.00836	0.00189	0.14168	0.00646	0.00274	0.00578
14	0.03807	0.08994	0.25229	0.01289	0.07288	0.04863	0.08490	0.11304	0.07530	0.03830	0.01304	0.07074	0.03822	0.00601	0.00473	0.00151	0.00574	0.02401	0.00314	0.00664
15	0.00706	0.00533	0.00712	0.00698	0.00761	0.00599	0.00513	0.00820	0.00786	0.01101	0.01683	0.03531	0.09397	0.24908	0.42100	0.00555	0.07007	0.00616	0.02582	0.00394
16	0.00679	0.00504	0.00653	0.00732	0.00837	0.00478	0.00595	0.00846	0.01066	0.01367	0.05447	0.21680	0.21133	0.01322	0.00624	0.00199	0.00352	0.40621	0.00444	0.00421
17	0.00977	0.05496	0.74876	0.01366	0.02053	0.01143	0.04575	0.01511	0.01012	0.01500	0.00854	0.01010	0.00610	0.00450	0.00453	0.00150	0.00703	0.00357	0.00203	0.00701
18	0.01311	0.02756	0.18355	0.04393	0.29508	0.06863	0.02745	0.20348	0.02384	0.01871	0.00986	0.01182	0.00766	0.00490	0.00464	0.00143	0.00599	0.01173	0.02941	0.00721
19	0.00742	0.00557	0.00707	0.00653	0.00801	0.00526	0.02174	0.01040	0.07485	0.03537	0.54690	0.03569	0.17812	0.00981	0.00558	0.00155	0.00263	0.02771	0.00501	0.00479
20	0.04897	0.00855	0.01078	0.00843	0.01184	0.00796	0.00691	0.13196	0.01460	0.57213	0.06812	0.01813	0.05656	0.00642	0.00484	0.00148	0.00402	0.00519	0.00552	0.00758
21	0.00798	0.03287	0.04221	0.00745	0.00907	0.03701	0.01663	0.02339	0.08893	0.01483	0.15545	0.22352	0.19766	0.01174	0.05019	0.00197	0.03132	0.00863	0.03430	0.00485
22	0.02281	0.28435	0.25417	0.02855	0.18830	0.01351	0.06994	0.01454	0.01018	0.01404	0.00809	0.00989	0.00655	0.00424	0.00411	0.00130	0.00595	0.00349	0.00219	0.05380
23	0.00685	0.00596	0.03339	0.00794	0.00915	0.00520	0.07220	0.00835	0.00986	0.01299	0.06081	0.37997	0.13487	0.10067	0.00797	0.00216	0.00375	0.12964	0.00405	0.00423
24	0.00635	0.00468	0.00593	0.00611	0.00703	0.00429	0.00443	0.00797	0.01160	0.01578	0.41322	0.27758	0.15202	0.02769	0.00617	0.00174	0.00255	0.03583	0.00482	0.00421
25	0.01390	0.03999	0.12272	0.04287	0.08745	0.09555	0.01007	0.24963	0.07649	0.07616	0.01355	0.07838	0.02829	0.00705	0.02443	0.00164	0.00564	0.01558	0.00374	0.00687
26	0.01100	0.01350	0.14200	0.12879	0.25860	0.05664	0.18738	0.03995	0.01108	0.01498	0.01083	0.07328	0.01946	0.00532	0.00501	0.00153	0.00642	0.00517	0.00256	0.00651
27	0.01150	0.01122	0.01675	0.09879	0.54192	0.06775	0.02430	0.01474	0.05402	0.01516	0.01212	0.01438	0.05778	0.00501	0.00474	0.00144	0.00556	0.00463	0.03130	0.00687
28	0.00921	0.00821	0.03765	0.01047	0.10105	0.03985	0.01744	0.05374	0.03565	0.04440	0.10250	0.17458	0.19372	0.00994	0.00618	0.00170	0.05761	0.08681	0.00402	0.00527
29	0.02692	0.06662	0.09791	0.07130	0.15705	0.08560	0.10659	0.13039	0.09335	0.04726	0.01090	0.03189	0.00862	0.00573	0.01790	0.00158	0.02595	0.00449	0.00312	0.00681

[dist]
# distance from previous block
# <min> <max>
4	20

[block]
# block no. 10 follows, 53 sequences, length 9
# corresponding to MSA columns:
# 603-611
name=unknown_K
#
# <colnr> <probs for GDERKNQSTAVLIFYWHMCP>
#	G	D	E	R	K	N	Q	S	T	A	V	L	I	F	Y	W	H	M	C	P
0	0.01241	0.01135	0.04962	0.07411	0.26891	0.04494	0.04574	0.14677	0.06515	0.05549	0.03302	0.05480	0.06044	0.00592	0.00486	0.00146	0.00521	0.00521	0.00342	0.05119
1	0.06183	0.01243	0.01313	0.01030	0.01384	0.01381	0.00845	0.63352	0.09613	0.02808	0.01220	0.01221	0.00880	0.00573	0.00462	0.00144	0.00488	0.00433	0.04652	0.00774
2	0.00591	0.00423	0.00549	0.00646	0.00677	0.00395	0.00428	0.00669	0.00905	0.01200	0.02644	0.72965	0.06530	0.08018	0.00754	0.00214	0.00291	0.01290	0.00431	0.00381
3	0.00594	0.00442	0.00548	0.00620	0.00685	0.00403	0.00428	0.00694	0.00976	0.01270	0.07575	0.54830	0.20700	0.04875	0.00676	0.00196	0.00279	0.03373	0.00442	0.00393
4	0.04845	0.12442	0.34602	0.01314	0.03865	0.06312	0.11952	0.07947	0.03605	0.07311	0.00965	0.01082	0.00709	0.00468	0.00447	0.00144	0.00640	0.00386	0.00275	0.00688
5	0.01387	0.03401	0.12912	0.02932	0.07115	0.08963	0.07424	0.14614	0.07295	0.14688	0.02571	0.03588	0.03846	0.00758	0.04998	0.00184	0.00602	0.01670	0.00371	0.00681
6	0.00685	0.00504	0.00729	0.00729	0.00801	0.00576	0.00549	0.00829	0.00757	0.01081	0.01316	0.02074	0.01280	0.16102	0.68908	0.00720	0.01152	0.00541	0.00261	0.00405
7	0.00647	0.00462	0.00589	0.00661	0.00710	0.00442	0.00455	0.02646	0.00960	0.01277	0.06352	0.56592	0.06243	0.12859	0.00861	0.00229	0.00318	0.06877	0.00427	0.00393
8	0.01259	0.03881	0.10654	0.13890	0.18543	0.02440	0.08839	0.11525	0.03498	0.10273	0.01241	0.05627	0.02974	0.00566	0.00514	0.00152	0.02628	0.00498	0.00322	0.00676

[dist]
# distance from previous block
# <min> <max>
0	5

[block]
# block no. 11 follows, 53 sequences, length 36
# corresponding to MSA columns:
# 617-652
name=unknown_L
#
# <colnr> <probs for GDERKNQSTAVLIFYWHMCP>
#	G	D	E	R	K	N	Q	S	T	A	V	L	I	F	Y	W	H	M	C	P
0	0.01588	0.01717	0.01371	0.01178	0.01446	0.45466	0.06959	0.17161	0.01456	0.03081	0.01081	0.05089	0.00949	0.03090	0.00531	0.00149	0.00708	0.04404	0.01980	0.00594
1	0.01180	0.01188	0.08949	0.04472	0.06553	0.06320	0.00847	0.11608	0.01196	0.03022	0.00903	0.01040	0.00714	0.00416	0.00401	0.00102	0.00473	0.00330	0.00298	0.49991
