[name]
unknown

[dist]
# distance from previous block
# <min> <max>
2	21

[block]
# block no. 0 follows, 58 sequences, length 35
# corresponding to MSA columns:
# 21-55
name=unknown_A
#
# <colnr> <probs for GDERKNQSTAVLIFYWHMCP>
#	G	D	E	R	K	N	Q	S	T	A	V	L	I	F	Y	W	H	M	C	P
0	0.01143	0.06319	0.01115	0.05502	0.01196	0.06702	0.05324	0.09562	0.14616	0.11214	0.01443	0.13769	0.01311	0.11982	0.02371	0.00192	0.00462	0.00571	0.00361	0.04845
1	0.00672	0.00541	0.00768	0.06252	0.03822	0.00548	0.03703	0.03011	0.03803	0.01245	0.02261	0.57631	0.07855	0.01170	0.00572	0.00173	0.02643	0.02525	0.00383	0.00423
2	0.72290	0.02821	0.00744	0.00664	0.03206	0.03245	0.00520	0.01292	0.00806	0.01887	0.00802	0.00901	0.03538	0.00441	0.00298	0.00134	0.00359	0.00279	0.02158	0.03616
3	0.72267	0.06459	0.05215	0.02951	0.01018	0.01066	0.00598	0.03512	0.00822	0.01911	0.00650	0.00761	0.00506	0.00418	0.00295	0.00136	0.00383	0.00256	0.00269	0.00508
4	0.01239	0.02790	0.11050	0.08809	0.05282	0.04830	0.05127	0.21085	0.08238	0.05976	0.00991	0.01136	0.00757	0.01721	0.00582	0.00143	0.10500	0.00392	0.00312	0.09042
5	0.00952	0.04140	0.18110	0.00983	0.01305	0.05648	0.12117	0.04747	0.05010	0.04711	0.20560	0.02074	0.11256	0.03549	0.00549	0.00150	0.01438	0.00568	0.00339	0.01793
6	0.01101	0.05836	0.16386	0.09570	0.13573	0.04032	0.02852	0.15250	0.07025	0.01649	0.07438	0.01374	0.01051	0.03043	0.00543	0.00148	0.04532	0.01191	0.02794	0.00613
7	0.00579	0.00435	0.00569	0.03885	0.00758	0.00405	0.00445	0.00690	0.00925	0.01236	0.11772	0.60191	0.10854	0.01241	0.00548	0.00168	0.00267	0.01113	0.00410	0.03509
8	0.07893	0.00845	0.03722	0.03965	0.01145	0.00664	0.00594	0.02354	0.00929	0.01497	0.00848	0.04030	0.00730	0.00389	0.00346	0.00083	0.00354	0.00310	0.00269	0.69032
9	0.01211	0.07496	0.06567	0.04009	0.05223	0.12185	0.04896	0.13317	0.11055	0.04438	0.01155	0.02120	0.04179	0.02905	0.01953	0.00154	0.09697	0.00419	0.00305	0.06718
10	0.04762	0.07185	0.19778	0.03112	0.01477	0.09854	0.07295	0.10475	0.06734	0.04527	0.02339	0.01146	0.00789	0.02437	0.04316	0.00176	0.12340	0.00389	0.00273	0.00594
11	0.00766	0.00542	0.02669	0.00625	0.00757	0.00481	0.00484	0.00973	0.04066	0.08973	0.36532	0.15907	0.11324	0.06641	0.03600	0.00192	0.00312	0.04269	0.00441	0.00445
12	0.01214	0.10277	0.05640	0.02365	0.01326	0.19553	0.06719	0.12694	0.05321	0.01499	0.03953	0.01283	0.05586	0.00602	0.02555	0.00141	0.07011	0.00402	0.01299	0.10560
13	0.00951	0.00745	0.00800	0.00723	0.00915	0.03183	0.00560	0.13204	0.18773	0.04632	0.19416	0.09911	0.20692	0.00865	0.00499	0.00149	0.00322	0.02681	0.00445	0.00536
14	0.06110	0.03762	0.02870	0.00873	0.06406	0.02610	0.00648	0.11344	0.01068	0.03747	0.06202	0.11193	0.04990	0.12910	0.09510	0.00256	0.00495	0.14178	0.00349	0.00479
15	0.01143	0.06534	0.01608	0.16069	0.28335	0.08198	0.08273	0.07019	0.03295	0.03835	0.00954	0.05342	0.00809	0.00496	0.00487	0.00138	0.04152	0.00436	0.00259	0.02618
16	0.00674	0.00499	0.00636	0.00633	0.00661	0.00548	0.00440	0.00737	0.00727	0.00994	0.02270	0.10692	0.03765	0.45416	0.15221	0.00406	0.09114	0.05942	0.00288	0.00338
17	0.01268	0.00706	0.00813	0.00699	0.00920	0.04902	0.00548	0.03176	0.06396	0.32802	0.19131	0.08195	0.12168	0.00763	0.00475	0.00141	0.00329	0.00642	0.05350	0.00575
18	0.05066	0.01065	0.07480	0.02978	0.07982	0.02398	0.00862	0.19739	0.04862	0.38029	0.01330	0.01276	0.00900	0.00528	0.00475	0.00140	0.03330	0.00414	0.00432	0.00716
19	0.10594	0.01059	0.05368	0.00913	0.01249	0.06651	0.03493	0.16454	0.01326	0.41816	0.01314	0.01248	0.00880	0.00525	0.00464	0.00138	0.03449	0.00402	0.01968	0.00689
20	0.00997	0.00802	0.01284	0.65748	0.02663	0.00965	0.01128	0.04059	0.00985	0.09844	0.03693	0.01291	0.00782	0.00490	0.00486	0.00149	0.03428	0.00417	0.00256	0.00532
21	0.08642	0.00722	0.00801	0.00728	0.00925	0.03623	0.00570	0.12310	0.02389	0.17975	0.07043	0.22374	0.10031	0.00887	0.00488	0.00155	0.00352	0.07495	0.01959	0.00532
22	0.02170	0.08585	0.04566	0.06842	0.16192	0.07947	0.16560	0.11465	0.03419	0.05054	0.02413	0.03038	0.04461	0.00504	0.00473	0.00136	0.02660	0.00449	0.00286	0.02782
23	0.00897	0.02314	0.81962	0.01275	0.01936	0.01039	0.01653	0.01417	0.00944	0.01417	0.00803	0.00944	0.00567	0.00425	0.00425	0.00142	0.00661	0.00331	0.00189	0.00661
24	0.00553	0.00446	0.00493	0.00513	0.00636	0.00387	0.00382	0.00675	0.01017	0.01262	0.11579	0.17519	0.56252	0.01162	0.00541	0.00158	0.00241	0.05378	0.00423	0.00382
25	0.02365	0.01068	0.06847	0.08704	0.20661	0.03841	0.13800	0.05526	0.02274	0.23291	0.04057	0.03496	0.00983	0.00501	0.00461	0.00141	0.00525	0.00463	0.00339	0.00658
26	0.04379	0.02535	0.04760	0.01007	0.06722	0.02768	0.05429	0.08497	0.02034	0.42928	0.04643	0.01736	0.06533	0.00593	0.00457	0.00141	0.00430	0.03289	0.00445	0.00674
27	0.00621	0.00446	0.00600	0.00696	0.00759	0.00429	0.00536	0.00752	0.00930	0.01219	0.02478	0.45433	0.05906	0.03668	0.00637	0.00198	0.00327	0.33574	0.00410	0.00382
28	0.00968	0.00878	0.00951	0.06305	0.06516	0.07913	0.00700	0.05040	0.30264	0.01534	0.05700	0.12187	0.11785	0.00937	0.06111	0.00188	0.00450	0.00632	0.00380	0.00560
29	0.03300	0.02873	0.18931	0.03204	0.08286	0.12945	0.05105	0.11424	0.01109	0.04931	0.01024	0.05991	0.00874	0.02026	0.13414	0.00234	0.03037	0.00437	0.00274	0.00580
30	0.01480	0.08836	0.10028	0.00919	0.02260	0.02131	0.00814	0.20868	0.10529	0.27199	0.02611	0.04221	0.03906	0.00577	0.00438	0.00136	0.00438	0.00460	0.01463	0.00686
31	0.00656	0.00498	0.00550	0.00556	0.00677	0.02316	0.00407	0.00808	0.02730	0.04418	0.18416	0.24272	0.37799	0.01096	0.00527	0.00154	0.00254	0.00946	0.02512	0.00408
32	0.04936	0.08203	0.23466	0.06109	0.07847	0.03960	0.08011	0.08276	0.03394	0.11180	0.01126	0.09511	0.00935	0.00547	0.00439	0.00141	0.00534	0.00466	0.00298	0.00622
33	0.01314	0.08944	0.09903	0.05590	0.01495	0.30823	0.04437	0.06606	0.20077	0.01433	0.01000	0.01081	0.00780	0.00499	0.00464	0.00133	0.04167	0.00368	0.00286	0.00600
34	0.01127	0.00967	0.01072	0.00879	0.04059	0.05466	0.02059	0.09440	0.17300	0.04074	0.01059	0.01116	0.00826	0.00425	0.00383	0.00099	0.00395	0.00344	0.00327	0.48584

[dist]
# distance from previous block
# <min> <max>
3	7

[block]
# block no. 1 follows, 58 sequences, length 35
# corresponding to MSA columns:
# 66-100
name=unknown_B
#
# <colnr> <probs for GDERKNQSTAVLIFYWHMCP>
#	G	D	E	R	K	N	Q	S	T	A	V	L	I	F	Y	W	H	M	C	P
0	0.12229	0.00890	0.01347	0.04427	0.48333	0.00913	0.01030	0.01198	0.00966	0.01458	0.01453	0.05231	0.12139	0.00592	0.00473	0.00143	0.02661	0.03651	0.00270	0.00594
1	0.00761	0.00512	0.00758	0.00783	0.02798	0.00479	0.05567	0.00885	0.00936	0.09147	0.05003	0.53989	0.02518	0.05253	0.00640	0.00187	0.00331	0.08615	0.00407	0.00429
2	0.08439	0.00646	0.05129	0.00615	0.00811	0.00545	0.00513	0.01035	0.04494	0.09820	0.20559	0.07848	0.32882	0.00918	0.00495	0.00150	0.00289	0.03920	0.00424	0.00467
3	0.00733	0.00553	0.00710	0.00776	0.08041	0.00578	0.00464	0.00784	0.00718	0.00986	0.01322	0.02648	0.01476	0.62185	0.01881	0.00361	0.07173	0.04914	0.00268	0.03427
4	0.01043	0.01166	0.02470	0.06403	0.05729	0.01132	0.68257	0.01397	0.01027	0.01401	0.00881	0.01190	0.00671	0.00402	0.00566	0.00152	0.04786	0.00508	0.00223	0.00596
5	0.01156	0.01033	0.01492	0.19909	0.28240	0.03153	0.04958	0.16951	0.08956	0.01676	0.01035	0.01335	0.00831	0.00502	0.00480	0.00143	0.02553	0.03572	0.01384	0.00641
6	0.00560	0.00400	0.00518	0.00606	0.00637	0.00375	0.00405	0.00635	0.00847	0.01122	0.02451	0.69600	0.06557	0.10045	0.00748	0.00207	0.00280	0.03249	0.00400	0.00356
7	0.00928	0.00795	0.00928	0.00663	0.01060	0.00596	0.00530	0.01126	0.00928	0.01458	0.00795	0.00928	0.00663	0.00331	0.00331	0.00066	0.00331	0.00265	0.00265	0.87014
8	0.00955	0.00912	0.01275	0.09025	0.38038	0.07627	0.00974	0.01196	0.02443	0.01443	0.18039	0.05278	0.07870	0.00637	0.00474	0.00140	0.00453	0.02347	0.00308	0.00567
9	0.00943	0.00922	0.01308	0.01177	0.04040	0.01262	0.00943	0.01054	0.00701	0.01086	0.00670	0.01077	0.00655	0.01077	0.11150	0.00256	0.70589	0.00402	0.00202	0.00486
10	0.00701	0.00501	0.00698	0.00801	0.00895	0.00498	0.00686	0.00892	0.01010	0.01316	0.02379	0.13963	0.02618	0.01254	0.00613	0.00203	0.00395	0.69757	0.00412	0.00406
11	0.00867	0.00825	0.01414	0.75839	0.07408	0.01003	0.04051	0.01166	0.00907	0.01171	0.00802	0.01188	0.00605	0.00442	0.00450	0.00148	0.00598	0.00402	0.00201	0.00512
12	0.00845	0.00795	0.01342	0.83204	0.03081	0.00994	0.01242	0.01143	0.00894	0.01143	0.00795	0.01193	0.00596	0.00447	0.00447	0.00149	0.00596	0.00398	0.00199	0.00497
13	0.00845	0.00795	0.01342	0.83204	0.03081	0.00994	0.01242	0.01143	0.00894	0.01143	0.00795	0.01193	0.00596	0.00447	0.00447	0.00149	0.00596	0.00398	0.00199	0.00497
14	0.01286	0.00664	0.00934	0.00760	0.01005	0.00602	0.05616	0.01534	0.05041	0.37237	0.31824	0.02383	0.07717	0.00720	0.00490	0.00142	0.00329	0.00626	0.00496	0.00595
15	0.00782	0.00527	0.00736	0.00822	0.00937	0.00522	0.00718	0.00987	0.01042	0.05188	0.02340	0.04877	0.02504	0.01203	0.00610	0.00203	0.00410	0.74745	0.00419	0.00429
16	0.04566	0.01207	0.01299	0.00999	0.01353	0.01325	0.00825	0.72110	0.02003	0.08148	0.01106	0.01093	0.00775	0.00534	0.00442	0.00135	0.00480	0.00401	0.00449	0.00752
17	0.00975	0.00977	0.01453	0.02527	0.01302	0.01299	0.08593	0.01148	0.03624	0.01139	0.00691	0.01061	0.00646	0.00836	0.04620	0.00210	0.67771	0.00412	0.00210	0.00505
18	0.01491	0.03483	0.01234	0.01093	0.01300	0.62950	0.00834	0.01689	0.06641	0.01153	0.02018	0.00976	0.00721	0.00685	0.05735	0.00162	0.06737	0.00330	0.00247	0.00522
19	0.01110	0.00708	0.00841	0.00677	0.00939	0.00642	0.00539	0.12669	0.01264	0.16493	0.22706	0.02121	0.11001	0.00658	0.00444	0.00121	0.00314	0.00548	0.04832	0.21374
20	0.01122	0.01091	0.01801	0.02704	0.79369	0.03217	0.01359	0.01384	0.01025	0.01452	0.00837	0.01099	0.00705	0.00400	0.00442	0.00132	0.00539	0.00396	0.00222	0.00704
21	0.00862	0.00812	0.01372	0.78058	0.08096	0.00998	0.01251	0.01158	0.00902	0.01163	0.00798	0.01187	0.00603	0.00444	0.00447	0.00148	0.00592	0.00398	0.00200	0.00510
22	0.00582	0.00427	0.00554	0.00640	0.00703	0.00399	0.00471	0.00695	0.00925	0.01205	0.04067	0.53743	0.14456	0.01318	0.00574	0.00182	0.00287	0.17979	0.00416	0.00377
23	0.00928	0.00795	0.00928	0.00663	0.01060	0.00596	0.00530	0.01126	0.00928	0.01458	0.00795	0.00928	0.00663	0.00331	0.00331	0.00066	0.00331	0.00265	0.00265	0.87014
24	0.00894	0.00830	0.01389	0.57733	0.17234	0.00965	0.02952	0.02289	0.00946	0.01248	0.00981	0.02914	0.02021	0.00505	0.00458	0.00149	0.00561	0.04160	0.01239	0.00533
25	0.00962	0.03958	0.01534	0.52945	0.23898	0.03752	0.03162	0.01239	0.00942	0.01230	0.00798	0.01137	0.00627	0.00435	0.00454	0.00142	0.01628	0.00392	0.00206	0.00560
26	0.00587	0.00429	0.00571	0.00635	0.00665	0.00433	0.00434	0.00670	0.00826	0.01119	0.05063	0.59474	0.02564	0.11844	0.09057	0.00266	0.03564	0.01064	0.00374	0.00363
27	0.00863	0.00831	0.01456	0.76037	0.03015	0.01006	0.08172	0.01168	0.00909	0.01168	0.00805	0.01194	0.00604	0.00441	0.00454	0.00149	0.00610	0.00409	0.00201	0.00506
28	0.07504	0.04499	0.45204	0.02196	0.06061	0.04365	0.09449	0.01450	0.00981	0.08508	0.00939	0.04251	0.00722	0.00472	0.00440	0.00141	0.01551	0.00392	0.00244	0.00629
29	0.12262	0.00735	0.00887	0.00744	0.01002	0.00726	0.00600	0.01704	0.09617	0.41240	0.04049	0.06412	0.10535	0.00721	0.01527	0.00155	0.04424	0.01577	0.00460	0.00623
30	0.00961	0.00966	0.01464	0.01220	0.01277	0.01281	0.09856	0.01096	0.00730	0.01114	0.00670	0.01064	0.00638	0.00933	0.07538	0.00231	0.67851	0.00414	0.00203	0.00495
31	0.00910	0.00722	0.01877	0.04982	0.08537	0.00710	0.04819	0.10640	0.06171	0.05954	0.03962	0.21458	0.19995	0.02174	0.00538	0.00161	0.00375	0.05111	0.00387	0.00516
32	0.01430	0.08460	0.06644	0.05034	0.05573	0.24984	0.03522	0.15263	0.01293	0.11693	0.05415	0.01222	0.00927	0.00526	0.00480	0.00132	0.04618	0.01859	0.00317	0.00608
33	0.01020	0.06401	0.02181	0.01554	0.01926	0.01058	0.56112	0.05447	0.01080	0.01445	0.01173	0.09652	0.01061	0.00559	0.00520	0.00154	0.00645	0.07171	0.00270	0.00570
34	0.00695	0.00642	0.05965	0.08371	0.01123	0.00564	0.03518	0.00894	0.00972	0.01288	0.07902	0.21096	0.07110	0.04135	0.02265	0.00200	0.00415	0.32050	0.00370	0.00425

[dist]
# distance from previous block
# <min> <max>
4	12

[block]
# block no. 2 follows, 58 sequences, length 24
# corresponding to MSA columns:
# 120-143
name=unknown_C
#
# <colnr> <probs for GDERKNQSTAVLIFYWHMCP>
#	G	D	E	R	K	N	Q	S	T	A	V	L	I	F	Y	W	H	M	C	P
0	0.09030	0.01028	0.01338	0.02173	0.13841	0.06705	0.11142	0.10043	0.11182	0.05783	0.03756	0.03491	0.06587	0.00581	0.00546	0.00145	0.08524	0.00480	0.01506	0.02119
1	0.01034	0.00951	0.01569	0.04353	0.57494	0.00955	0.03579	0.05304	0.01098	0.01551	0.12006	0.05756	0.01308	0.00530	0.00464	0.00138	0.00480	0.00505	0.00280	0.00645
2	0.00886	0.00827	0.01375	0.61252	0.17419	0.00973	0.01203	0.01193	0.02648	0.01259	0.05965	0.01324	0.00865	0.00471	0.00452	0.00146	0.00554	0.00426	0.00227	0.00536
3	0.00971	0.00883	0.01016	0.06899	0.01255	0.05797	0.02658	0.02652	0.00969	0.01424	0.00861	0.04124	0.00742	0.00394	0.00361	0.00083	0.00392	0.00324	0.00266	0.67927
4	0.01468	0.01106	0.01274	0.14855	0.01611	0.01239	0.00879	0.60267	0.01800	0.02410	0.01121	0.06320	0.00878	0.00576	0.00453	0.00139	0.00490	0.00457	0.01973	0.00685
5	0.04568	0.00818	0.01348	0.73658	0.08845	0.00999	0.01220	0.01167	0.00898	0.01204	0.00791	0.01166	0.00600	0.00442	0.00440	0.00147	0.00581	0.00391	0.00204	0.00512
6	0.01097	0.07284	0.01825	0.07770	0.70444	0.01111	0.01319	0.01356	0.01002	0.01410	0.00822	0.01084	0.00691	0.00401	0.00431	0.00131	0.00532	0.00387	0.00218	0.00685
7	0.00692	0.00528	0.00741	0.00718	0.00775	0.00627	0.00546	0.00819	0.00714	0.01046	0.01175	0.01863	0.01144	0.16958	0.54555	0.00574	0.10871	0.00495	0.04768	0.00389
8	0.00831	0.00774	0.01295	0.78006	0.02929	0.00958	0.01191	0.01124	0.00918	0.01184	0.05856	0.01328	0.00824	0.00477	0.00452	0.00149	0.00572	0.00423	0.00217	0.00492
9	0.00845	0.00795	0.01342	0.83204	0.03081	0.00994	0.01242	0.01143	0.00894	0.01143	0.00795	0.01193	0.00596	0.00447	0.00447	0.00149	0.00596	0.00398	0.00199	0.00497
10	0.00887	0.00839	0.01419	0.70108	0.15844	0.01005	0.01264	0.01180	0.00915	0.01195	0.00803	0.01179	0.00615	0.00439	0.00447	0.00146	0.00586	0.00398	0.00202	0.00531
11	0.00994	0.00804	0.00937	0.00690	0.01067	0.00641	0.00550	0.03264	0.05145	0.04919	0.00939	0.03068	0.00778	0.00387	0.00352	0.00078	0.00337	0.00314	0.00296	0.74441
12	0.05470	0.00986	0.01427	0.21897	0.17010	0.05198	0.10351	0.11424	0.03309	0.03763	0.01006	0.03610	0.00847	0.05857	0.03232	0.00181	0.02260	0.01320	0.00275	0.00575
13	0.01590	0.05512	0.03016	0.03944	0.01436	0.65826	0.00884	0.07601	0.03855	0.01255	0.00759	0.00867	0.00616	0.00467	0.00405	0.00119	0.00744	0.00306	0.00250	0.00547
14	0.00567	0.00422	0.00578	0.06787	0.00829	0.00411	0.00474	0.00662	0.00866	0.01145	0.02424	0.74587	0.05941	0.01319	0.00560	0.00178	0.00283	0.01193	0.00399	0.00374
15	0.00751	0.00608	0.00923	0.08059	0.03349	0.00628	0.07561	0.03449	0.02945	0.02959	0.05360	0.46523	0.03477	0.01067	0.00591	0.00172	0.04714	0.06045	0.00371	0.00448
16	0.01253	0.07434	0.05236	0.03795	0.12611	0.06715	0.08046	0.21763	0.01297	0.08301	0.01253	0.15543	0.01127	0.00629	0.00456	0.00140	0.00496	0.00545	0.02744	0.00616
17	0.00966	0.17372	0.61626	0.01259	0.05011	0.01177	0.03887	0.01401	0.00944	0.01352	0.00774	0.00917	0.00577	0.00415	0.00403	0.00133	0.00625	0.00323	0.00192	0.00645
18	0.00640	0.00475	0.00699	0.00699	0.00772	0.00549	0.00535	0.00786	0.00713	0.01024	0.01216	0.01856	0.01161	0.10199	0.75721	0.00695	0.01134	0.00494	0.00242	0.00389
19	0.01248	0.01393	0.05148	0.01113	0.08520	0.34666	0.00812	0.07849	0.06254	0.02433	0.07948	0.11617	0.03717	0.00665	0.00453	0.00136	0.00555	0.02464	0.02469	0.00541
20	0.00884	0.00848	0.01472	0.70175	0.10564	0.01009	0.06379	0.01184	0.00917	0.01192	0.00807	0.01185	0.00612	0.00438	0.00452	0.00148	0.00600	0.00406	0.00203	0.00524
21	0.00845	0.00795	0.01342	0.83204	0.03081	0.00994	0.01242	0.01143	0.00894	0.01143	0.00795	0.01193	0.00596	0.00447	0.00447	0.00149	0.00596	0.00398	0.00199	0.00497
22	0.01088	0.01149	0.02328	0.08705	0.10671	0.02307	0.59131	0.01457	0.02935	0.04279	0.00938	0.01211	0.00705	0.00398	0.00506	0.00148	0.00695	0.00496	0.00241	0.00612
23	0.00970	0.00884	0.01300	0.46013	0.16708	0.06186	0.01976	0.01249	0.02945	0.04035	0.02275	0.07122	0.00907	0.00525	0.00448	0.00144	0.00536	0.00466	0.04774	0.00537

[dist]
# distance from previous block
# <min> <max>
0	1

[block]
# block no. 3 follows, 58 sequences, length 66
# corresponding to MSA columns:
# 145-210
name=unknown_D
#
# <colnr> <probs for GDERKNQSTAVLIFYWHMCP>
#	G	D	E	R	K	N	Q	S	T	A	V	L	I	F	Y	W	H	M	C	P
0	0.01214	0.07104	0.06490	0.14186	0.25869	0.19068	0.04350	0.05335	0.04919	0.02974	0.00945	0.01126	0.02288	0.00456	0.00427	0.00131	0.00591	0.00382	0.01534	0.00610
1	0.04943	0.01204	0.01215	0.01368	0.20727	0.24880	0.00869	0.01342	0.02170	0.02882	0.07308	0.01372	0.01047	0.07470	0.04441	0.00188	0.12852	0.00418	0.02774	0.00531
2	0.00867	0.00692	0.00956	0.02930	0.17318	0.00686	0.02226	0.02275	0.09879	0.05969	0.14709	0.06803	0.22617	0.03306	0.00567	0.00159	0.01376	0.05759	0.00385	0.00522
3	0.00777	0.00389	0.00583	0.00583	0.00583	0.00389	0.00389	0.00583	0.00583	0.00777	0.00777	0.01360	0.00777	0.01554	0.01748	0.86985	0.00389	0.00389	0.00194	0.00194
4	0.00545	0.00389	0.00519	0.00623	0.00649	0.00363	0.00415	0.00623	0.00856	0.01142	0.02465	0.83987	0.02959	0.01401	0.00571	0.00182	0.00260	0.01272	0.00415	0.00363
5	0.00938	0.05177	0.75044	0.01263	0.01895	0.03946	0.02845	0.01427	0.00956	0.01393	0.00794	0.00936	0.00569	0.00424	0.00421	0.00139	0.00661	0.00329	0.00191	0.00652
6	0.01113	0.00961	0.01011	0.00910	0.01163	0.01113	0.00708	0.02377	0.80681	0.01871	0.01821	0.01669	0.01365	0.00607	0.00455	0.00152	0.00354	0.00506	0.00455	0.00708
7	0.00979	0.00979	0.01370	0.01174	0.01174	0.01370	0.00979	0.01077	0.00685	0.01077	0.00587	0.00979	0.00587	0.00783	0.01468	0.00196	0.83461	0.00391	0.00196	0.00489
8	0.00538	0.00450	0.00468	0.00470	0.00612	0.00380	0.00350	0.00657	0.01030	0.01251	0.10406	0.08337	0.71260	0.01130	0.00531	0.00152	0.00227	0.00950	0.00421	0.00380
9	0.00777	0.00389	0.00583	0.00583	0.00583	0.00389	0.00389	0.00583	0.00583	0.00777	0.00777	0.01360	0.00777	0.01554	0.01748	0.86985	0.00389	0.00389	0.00194	0.00194
10	0.00976	0.00974	0.01330	0.01144	0.01148	0.02686	0.00946	0.01070	0.00693	0.01068	0.00625	0.01061	0.00632	0.04429	0.01486	0.00205	0.78448	0.00401	0.00200	0.00480
11	0.02007	0.00761	0.01038	0.00796	0.01142	0.00657	0.00657	0.02180	0.01280	0.81799	0.01765	0.01523	0.01107	0.00554	0.00450	0.00138	0.00381	0.00450	0.00554	0.00761
12	0.01107	0.01063	0.01816	0.02746	0.81489	0.01063	0.01373	0.01373	0.01019	0.01461	0.00841	0.01107	0.00709	0.00399	0.00443	0.00133	0.00531	0.00399	0.00221	0.00709
13	0.00845	0.00795	0.01342	0.83204	0.03081	0.00994	0.01242	0.01143	0.00894	0.01143	0.00795	0.01193	0.00596	0.00447	0.00447	0.00149	0.00596	0.00398	0.00199	0.00497
14	0.00651	0.00434	0.00488	0.00488	0.00488	0.00434	0.00271	0.00651	0.00651	0.00867	0.01409	0.02927	0.01626	0.84279	0.02277	0.00434	0.00434	0.00651	0.00271	0.00271
15	0.00970	0.00958	0.01372	0.04638	0.06913	0.01301	0.00996	0.01087	0.00717	0.01102	0.00641	0.01049	0.00626	0.02486	0.02700	0.00203	0.71144	0.00399	0.00200	0.00499
16	0.00712	0.00512	0.00709	0.00808	0.00913	0.00509	0.00704	0.00914	0.01029	0.01333	0.02463	0.05013	0.06017	0.01231	0.00614	0.00204	0.00404	0.75087	0.00412	0.00410
17	0.00786	0.00620	0.00736	0.00747	0.05765	0.00616	0.00526	0.03294	0.16974	0.03262	0.31247	0.03042	0.27291	0.00865	0.00500	0.00145	0.00275	0.00740	0.02070	0.00499
18	0.01079	0.12410	0.43970	0.01198	0.06199	0.08043	0.01256	0.05747	0.06402	0.03053	0.00948	0.04612	0.00758	0.00483	0.00415	0.00134	0.00584	0.00377	0.00245	0.02087
19	0.01022	0.00973	0.01653	0.17762	0.58753	0.01009	0.03067	0.01299	0.02111	0.01387	0.00948	0.06253	0.00835	0.00472	0.00454	0.00140	0.00529	0.00457	0.00233	0.00645
20	0.00795	0.04069	0.00660	0.00591	0.00607	0.00449	0.00405	0.00616	0.00597	0.00789	0.00770	0.01332	0.00768	0.01503	0.01684	0.83186	0.00392	0.00382	0.00194	0.00211
21	0.87439	0.00865	0.00657	0.00588	0.00865	0.01003	0.00484	0.01315	0.00761	0.02007	0.00623	0.00727	0.00484	0.00415	0.00277	0.00138	0.00346	0.00242	0.00277	0.00484
22	0.00683	0.00530	0.00764	0.00742	0.00806	0.00635	0.00574	0.00822	0.00714	0.01041	0.01155	0.01778	0.01107	0.10619	0.63949	0.00619	0.10375	0.00484	0.02207	0.00398
23	0.00969	0.00915	0.01550	0.34348	0.41358	0.00998	0.02811	0.01242	0.00971	0.01329	0.02695	0.01404	0.00841	0.00481	0.00475	0.00145	0.01989	0.04653	0.00229	0.00597
24	0.00549	0.00417	0.00505	0.00561	0.00636	0.00374	0.00391	0.00652	0.00953	0.01232	0.11346	0.49283	0.28962	0.01262	0.00552	0.00167	0.00244	0.01115	0.00423	0.00374
25	0.01299	0.00783	0.00966	0.00708	0.01088	0.00617	0.00574	0.01489	0.01049	0.29109	0.01129	0.01132	0.00816	0.00408	0.00372	0.00091	0.00348	0.00329	0.00364	0.57328
26	0.01085	0.06807	0.11063	0.01118	0.07615	0.15391	0.04929	0.10397	0.01064	0.01352	0.01042	0.06481	0.00964	0.06274	0.15761	0.02616	0.03533	0.01715	0.00264	0.00529
27	0.01178	0.00813	0.01102	0.09976	0.05627	0.00908	0.02270	0.11233	0.05974	0.16858	0.03831	0.01648	0.01105	0.15749	0.06067	0.00238	0.14046	0.00480	0.00340	0.00557
28	0.02830	0.00911	0.01031	0.00781	0.01136	0.00854	0.00633	0.23916	0.05314	0.11132	0.01071	0.01112	0.00800	0.00442	0.00382	0.00102	0.00378	0.00346	0.05061	0.41769
29	0.01226	0.01198	0.00900	0.00825	0.01004	0.31927	0.00628	0.01574	0.14836	0.03082	0.01257	0.01358	0.02529	0.00537	0.00430	0.00122	0.04107	0.00393	0.31551	0.00515
30	0.01216	0.72917	0.02182	0.02450	0.01203	0.05641	0.00778	0.02733	0.05281	0.01130	0.00701	0.00789	0.00621	0.00403	0.00308	0.00101	0.00490	0.00262	0.00212	0.00580
31	0.01069	0.01024	0.01747	0.14361	0.70169	0.01053	0.01354	0.01340	0.01001	0.01415	0.00835	0.01119	0.00692	0.00406	0.00443	0.00135	0.00541	0.00398	0.00218	0.00678
32	0.07821	0.00892	0.00935	0.05859	0.01143	0.05321	0.00650	0.18144	0.15389	0.13900	0.02527	0.01399	0.01029	0.00535	0.00401	0.00131	0.00387	0.00419	0.22512	0.00608
33	0.00654	0.00464	0.00594	0.00597	0.00637	0.00498	0.00403	0.00757	0.03013	0.00978	0.01397	0.06842	0.01494	0.45962	0.33244	0.00522	0.00718	0.00614	0.00272	0.00339
34	0.00875	0.00826	0.01396	0.74050	0.12001	0.01002	0.01257	0.01169	0.00909	0.01179	0.00800	0.01183	0.00609	0.00442	0.00447	0.00147	0.00589	0.00398	0.00201	0.00521
35	0.01929	0.00765	0.01018	0.00786	0.01119	0.00678	0.00648	0.05684	0.01299	0.73825	0.01717	0.01510	0.01094	0.00551	0.00442	0.00136	0.00376	0.00446	0.05234	0.00743
36	0.01133	0.00910	0.00750	0.00681	0.00848	0.17867	0.00520	0.13786	0.01189	0.01702	0.01291	0.05865	0.01063	0.00559	0.00367	0.00116	0.00383	0.00434	0.50045	0.00490
37	0.00640	0.00477	0.00709	0.00709	0.00785	0.00553	0.00546	0.00792	0.00716	0.01031	0.01208	0.01810	0.01141	0.07000	0.78892	0.00706	0.01164	0.00487	0.00241	0.00394
38	0.00861	0.00812	0.01371	0.78234	0.07924	0.00998	0.01250	0.01157	0.00902	0.01163	0.00798	0.01187	0.00603	0.00444	0.00447	0.00148	0.00592	0.00398	0.00200	0.00510
39	0.05757	0.00772	0.01020	0.00790	0.01130	0.00686	0.00651	0.02147	0.03564	0.75949	0.01716	0.01492	0.01087	0.00549	0.00442	0.00139	0.00378	0.00442	0.00539	0.00747
40	0.02907	0.00778	0.00885	0.00772	0.01003	0.00812	0.00616	0.13900	0.23100	0.14042	0.15603	0.02436	0.12387	0.00755	0.00483	0.00148	0.00341	0.06774	0.01658	0.00600
41	0.05305	0.00875	0.01063	0.00993	0.09302	0.03186	0.00716	0.11180	0.11252	0.36961	0.05347	0.01595	0.04386	0.00572	0.00440	0.00137	0.00393	0.00467	0.05150	0.00680
42	0.03780	0.01389	0.09576	0.09932	0.26693	0.19624	0.08206	0.03642	0.01093	0.08144	0.00875	0.01059	0.00675	0.00447	0.00466	0.00135	0.03010	0.00378	0.00253	0.00623
43	0.01035	0.01075	0.01341	0.01159	0.01183	0.09168	0.00955	0.01137	0.00742	0.01077	0.00615	0.00985	0.00602	0.00828	0.03773	0.00204	0.73046	0.00384	0.00200	0.00489
44	0.00898	0.00436	0.00451	0.00438	0.00555	0.00430	0.00331	0.01104	0.00957	0.06022	0.01476	0.01660	0.01144	0.00523	0.00320	0.00106	0.00218	0.00419	0.82077	0.00436
45	0.00564	0.00412	0.00534	0.00626	0.00667	0.00389	0.00425	0.00681	0.03188	0.01170	0.02557	0.75778	0.07163	0.01361	0.00566	0.00180	0.00263	0.02687	0.00416	0.00375
46	0.00632	0.00438	0.00556	0.00608	0.00690	0.00400	0.00440	0.00748	0.00970	0.04774	0.11632	0.47661	0.18929	0.01240	0.00557	0.00171	0.00267	0.08461	0.00430	0.00395
47	0.01057	0.01181	0.02477	0.01790	0.02212	0.01138	0.71400	0.01491	0.06948	0.01454	0.00962	0.01233	0.00727	0.00407	0.00553	0.00152	0.03444	0.00522	0.00242	0.00607
48	0.01196	0.84548	0.02344	0.00765	0.01148	0.01770	0.00765	0.01339	0.00909	0.01052	0.00622	0.00718	0.00574	0.00383	0.00287	0.00096	0.00478	0.00239	0.00191	0.00574
49	0.00566	0.00462	0.00520	0.00550	0.02282	0.00403	0.00398	0.00696	0.01036	0.01292	0.14441	0.12488	0.57291	0.01122	0.00536	0.00155	0.00243	0.04708	0.00422	0.00391
50	0.01700	0.01253	0.01342	0.01029	0.01387	0.01387	0.00850	0.79997	0.02103	0.02819	0.01074	0.01074	0.00761	0.00537	0.00447	0.00134	0.00492	0.00403	0.00447	0.00761
51	0.00638	0.00472	0.00677	0.00677	0.00747	0.00536	0.00510	0.00772	0.00717	0.01017	0.01320	0.02001	0.03367	0.15372	0.68312	0.00661	0.01058	0.00517	0.00249	0.00380
52	0.00656	0.00510	0.00695	0.00697	0.00774	0.02011	0.00532	0.00796	0.00765	0.01061	0.02476	0.06351	0.06352	0.09237	0.60392	0.00590	0.02582	0.02864	0.00269	0.00391
53	0.08417	0.01121	0.01072	0.03787	0.01241	0.12596	0.00730	0.22026	0.24333	0.10844	0.02745	0.01314	0.01008	0.00541	0.00422	0.00136	0.00452	0.00417	0.06148	0.00651
54	0.03709	0.00486	0.00494	0.00459	0.00604	0.00474	0.00351	0.02669	0.00955	0.01682	0.01358	0.01551	0.01069	0.00499	0.00316	0.00102	0.00231	0.00396	0.73592	0.09003
55	0.00559	0.00448	0.00496	0.00496	0.00621	0.00389	0.00365	0.00691	0.01057	0.01339	0.23298	0.10796	0.53377	0.03354	0.00579	0.00159	0.00231	0.00930	0.00431	0.00385
56	0.00926	0.02117	0.68002	0.01398	0.03441	0.01054	0.13979	0.01418	0.00963	0.01420	0.00820	0.00989	0.00587	0.00417	0.00442	0.00143	0.00673	0.00363	0.00195	0.00653
57	0.00539	0.00427	0.00486	0.00532	0.00629	0.00374	0.00379	0.00639	0.00951	0.01183	0.03615	0.38059	0.46605	0.01249	0.00548	0.00165	0.00244	0.02587	0.00415	0.00372
58	0.01136	0.01121	0.06842	0.13543	0.13388	0.06809	0.08350	0.11596	0.13854	0.04135	0.02366	0.02877	0.04107	0.00553	0.00494	0.00144	0.03537	0.01931	0.02601	0.00614
59	0.87439	0.00865	0.00657	0.00588	0.00865	0.01003	0.00484	0.01315	0.00761	0.02007	0.00623	0.00727	0.00484	0.00415	0.00277	0.00138	0.00346	0.00242	0.00277	0.00484
60	0.02851	0.03636	0.04448	0.01997	0.03765	0.10438	0.03728	0.05810	0.03818	0.05411	0.00965	0.05373	0.00815	0.00453	0.00397	0.00102	0.01458	0.00365	0.00290	0.43879
61	0.00740	0.01099	0.27889	0.02328	0.03417	0.00668	0.00881	0.01011	0.02080	0.02586	0.07370	0.21418	0.09619	0.06843	0.08508	0.00229	0.00509	0.02002	0.00312	0.00490
62	0.07675	0.24442	0.21307	0.00973	0.03603	0.09320	0.00948	0.08471	0.03787	0.04113	0.03265	0.01215	0.06472	0.00498	0.00386	0.00125	0.00514	0.00368	0.00271	0.02248
63	0.00970	0.04197	0.09683	0.02640	0.08416	0.03647	0.06386	0.04674	0.08357	0.07229	0.08832	0.08609	0.14860	0.01801	0.03218	0.00170	0.01898	0.03514	0.00351	0.00548
64	0.00542	0.00411	0.00497	0.00565	0.00631	0.00369	0.00388	0.00630	0.00906	0.01159	0.03123	0.56360	0.28618	0.02853	0.00589	0.00176	0.00252	0.01153	0.00413	0.00366
65	0.04746	0.00765	0.01151	0.06014	0.30003	0.00775	0.03139	0.02078	0.04291	0.01431	0.08299	0.14010	0.13496	0.00771	0.00502	0.00152	0.01420	0.06092	0.00327	0.00538

[dist]
# distance from previous block
# <min> <max>
0	1

[block]
# block no. 4 follows, 58 sequences, length 7
# corresponding to MSA columns:
# 212-218
name=unknown_E
#
# <colnr> <probs for GDERKNQSTAVLIFYWHMCP>
#	G	D	E	R	K	N	Q	S	T	A	V	L	I	F	Y	W	H	M	C	P
0	0.25165	0.00947	0.02402	0.04637	0.14137	0.05286	0.02164	0.05528	0.12583	0.01663	0.01312	0.04340	0.05073	0.00659	0.02071	0.00159	0.02325	0.07245	0.01750	0.00557
1	0.00585	0.00410	0.00503	0.00561	0.00584	0.00391	0.00355	0.00635	0.00787	0.01040	0.02183	0.47885	0.07184	0.33369	0.01227	0.00277	0.00325	0.01012	0.00360	0.00329
2	0.01243	0.08675	0.05405	0.07557	0.36350	0.06358	0.03948	0.05363	0.02900	0.11428	0.01024	0.01261	0.00812	0.00467	0.00433	0.00133	0.00526	0.02969	0.02493	0.00655
3	0.01111	0.02373	0.01317	0.17806	0.15463	0.07682	0.06733	0.07261	0.02389	0.08997	0.02950	0.13845	0.01194	0.00644	0.00510	0.00148	0.03875	0.02643	0.02491	0.00567
4	0.00717	0.00625	0.00811	0.00769	0.00826	0.00737	0.00600	0.00822	0.00856	0.01176	0.05367	0.22838	0.22481	0.03545	0.00922	0.00183	0.29872	0.03484	0.02954	0.00415
5	0.01024	0.00775	0.00871	0.00769	0.00978	0.00855	0.03719	0.06254	0.41610	0.01835	0.05761	0.01703	0.01378	0.00580	0.00413	0.00134	0.00321	0.00486	0.29942	0.00592
6	0.03608	0.10155	0.01399	0.03717	0.08877	0.20588	0.00861	0.36154	0.01523	0.01928	0.00918	0.01041	0.00717	0.02533	0.00455	0.00132	0.00556	0.00360	0.03841	0.00638

[dist]
# distance from previous block
# <min> <max>
3	5

[block]
# block no. 5 follows, 58 sequences, length 22
# corresponding to MSA columns:
# 224-245
name=unknown_F
#
# <colnr> <probs for GDERKNQSTAVLIFYWHMCP>
#	G	D	E	R	K	N	Q	S	T	A	V	L	I	F	Y	W	H	M	C	P
0	0.08889	0.01057	0.01112	0.02923	0.01267	0.01202	0.00754	0.31168	0.42472	0.02219	0.01413	0.01353	0.01044	0.00560	0.00436	0.00144	0.00411	0.00442	0.00430	0.00703
1	0.00602	0.00437	0.00493	0.00501	0.00557	0.00409	0.00322	0.00664	0.00840	0.01088	0.10426	0.12373	0.24631	0.43117	0.01416	0.00296	0.00333	0.00819	0.00350	0.00327
2	0.26854	0.04186	0.02225	0.00793	0.03327	0.02681	0.00630	0.07061	0.12607	0.20994	0.01363	0.01417	0.03864	0.02084	0.00422	0.00143	0.00380	0.01941	0.06427	0.00602
3	0.01970	0.00820	0.01074	0.00824	0.01171	0.00744	0.00680	0.11455	0.01378	0.72385	0.01682	0.01469	0.01066	0.00552	0.00450	0.00138	0.00394	0.00444	0.00541	0.00761
4	0.01108	0.01043	0.01662	0.08728	0.54334	0.04716	0.06738	0.01400	0.03820	0.04595	0.01113	0.01387	0.04480	0.00472	0.00456	0.00138	0.00536	0.02360	0.00255	0.00655
5	0.01254	0.00699	0.00846	0.01728	0.03717	0.01611	0.00582	0.05983	0.10956	0.27233	0.06201	0.02004	0.08435	0.04072	0.04281	0.00174	0.00380	0.02154	0.17106	0.00585
6	0.00755	0.00591	0.00700	0.00680	0.00758	0.04334	0.00491	0.04879	0.03229	0.01105	0.01308	0.05317	0.01324	0.29723	0.42231	0.00528	0.00828	0.00555	0.00274	0.00389
7	0.00717	0.00631	0.03118	0.00815	0.04829	0.00574	0.05743	0.03996	0.06679	0.01381	0.07157	0.31908	0.23439	0.01031	0.00523	0.00160	0.00324	0.03103	0.03416	0.00455
8	0.05427	0.07472	0.06870	0.01214	0.06770	0.20743	0.08067	0.25308	0.10612	0.01821	0.00966	0.01043	0.00736	0.00479	0.00424	0.00131	0.00581	0.00374	0.00318	0.00646
9	0.87439	0.00865	0.00657	0.00588	0.00865	0.01003	0.00484	0.01315	0.00761	0.02007	0.00623	0.00727	0.00484	0.00415	0.00277	0.00138	0.00346	0.00242	0.00277	0.00484
10	0.01168	0.02922	0.04220	0.10427	0.18951	0.09761	0.02865	0.09970	0.19739	0.02999	0.02695	0.03323	0.01007	0.00538	0.00465	0.00140	0.02340	0.01736	0.04106	0.00628
11	0.00887	0.00846	0.01355	0.71658	0.08581	0.02939	0.01210	0.01174	0.00914	0.01179	0.00796	0.01165	0.00607	0.00439	0.00441	0.00143	0.00585	0.00389	0.00204	0.04489
12	0.00922	0.02084	0.68388	0.04644	0.01940	0.01033	0.06357	0.03862	0.00976	0.01431	0.00839	0.01044	0.00618	0.03360	0.00498	0.00153	0.00651	0.00359	0.00203	0.00640
13	0.83018	0.00842	0.00645	0.00580	0.00848	0.00974	0.00476	0.01301	0.00770	0.01990	0.00666	0.00775	0.00518	0.00421	0.00279	0.00137	0.00339	0.00251	0.04692	0.00481
14	0.02758	0.03146	0.05621	0.04187	0.03090	0.09215	0.00866	0.27428	0.23751	0.01941	0.01197	0.01298	0.00923	0.00567	0.00524	0.00143	0.07578	0.02156	0.02956	0.00655
15	0.00701	0.00506	0.00605	0.00588	0.00715	0.00474	0.00436	0.03538	0.05192	0.04746	0.33090	0.20878	0.24770	0.01037	0.00528	0.00153	0.00249	0.00903	0.00454	0.00437
16	0.00926	0.11119	0.06646	0.00833	0.01039	0.01943	0.00730	0.02333	0.19866	0.01416	0.04437	0.02409	0.01521	0.05600	0.03436	0.02934	0.05595	0.20244	0.04744	0.02226
17	0.00594	0.00428	0.00508	0.00539	0.00590	0.00402	0.00356	0.00666	0.00856	0.01121	0.09917	0.28320	0.18093	0.31975	0.01191	0.00266	0.00317	0.03152	0.00369	0.00339
18	0.00646	0.00451	0.00574	0.00574	0.00603	0.00480	0.00378	0.00706	0.00676	0.00931	0.01331	0.02493	0.01438	0.54210	0.32088	0.00540	0.00718	0.00587	0.00259	0.00319
19	0.03221	0.05873	0.07346	0.19968	0.30911	0.05620	0.02909	0.03249	0.02852	0.04715	0.00936	0.01245	0.00760	0.00522	0.02070	0.00149	0.01875	0.02826	0.02345	0.00609
20	0.02558	0.08054	0.02191	0.09315	0.17723	0.05161	0.03242	0.08403	0.04312	0.03750	0.09910	0.01582	0.04686	0.00586	0.01833	0.00137	0.00464	0.02392	0.02961	0.10742
21	0.17816	0.25187	0.05154	0.03545	0.06400	0.28813	0.00830	0.03287	0.01032	0.01332	0.00701	0.00857	0.00594	0.02289	0.00394	0.00125	0.00579	0.00288	0.00231	0.00546

[dist]
# distance from previous block
# <min> <max>
3	8

[block]
# block no. 6 follows, 58 sequences, length 12
# corresponding to MSA columns:
# 255-258,272-279
name=unknown_G
#
# <colnr> <probs for GDERKNQSTAVLIFYWHMCP>
#	G	D	E	R	K	N	Q	S	T	A	V	L	I	F	Y	W	H	M	C	P
0	0.00552	0.00442	0.00488	0.00500	0.00618	0.00384	0.00363	0.00671	0.01018	0.01277	0.16113	0.17441	0.53386	0.03981	0.00595	0.00164	0.00237	0.00968	0.00423	0.00379
1	0.76192	0.00885	0.00827	0.00697	0.00991	0.00994	0.06446	0.01372	0.00812	0.06420	0.00708	0.00807	0.00534	0.00420	0.00305	0.00139	0.00379	0.00275	0.00288	0.00509
2	0.01039	0.01179	0.10746	0.19807	0.24254	0.07920	0.01153	0.03927	0.06577	0.01382	0.04287	0.01227	0.00856	0.00621	0.03882	0.00168	0.09726	0.00409	0.00247	0.00593
3	0.00774	0.00490	0.00622	0.00574	0.00712	0.00440	0.00435	0.00958	0.01207	0.11159	0.55075	0.06686	0.17293	0.00930	0.00520	0.00144	0.00236	0.00809	0.00483	0.00452
4	0.01311	0.07266	0.05071	0.01278	0.09007	0.10356	0.08729	0.26356	0.07447	0.01782	0.00974	0.01173	0.00780	0.00622	0.03032	0.00160	0.11542	0.02168	0.00310	0.00637
5	0.00650	0.00437	0.00505	0.00505	0.00511	0.00443	0.00293	0.00662	0.00656	0.00880	0.01394	0.02839	0.01588	0.78195	0.08309	0.00455	0.00491	0.00638	0.00269	0.00281
6	0.00665	0.00563	0.00668	0.00683	0.00785	0.04847	0.03885	0.00787	0.00954	0.01197	0.04657	0.32031	0.23601	0.08037	0.00697	0.00193	0.00341	0.14635	0.00387	0.00388
7	0.00777	0.00389	0.00583	0.00583	0.00583	0.00389	0.00389	0.00583	0.00583	0.00777	0.00777	0.01360	0.00777	0.01554	0.01748	0.86985	0.00389	0.00389	0.00194	0.00194
8	0.00965	0.04579	0.03453	0.24870	0.26409	0.03182	0.11378	0.02629	0.01018	0.01353	0.05261	0.03245	0.06157	0.00535	0.00465	0.00143	0.00541	0.02992	0.00254	0.00571
9	0.01052	0.00853	0.00980	0.00735	0.01088	0.02902	0.02595	0.08286	0.04267	0.04946	0.01037	0.01168	0.02686	0.02741	0.00417	0.00096	0.00367	0.00336	0.04086	0.59361
10	0.05338	0.03106	0.05112	0.04628	0.04983	0.11367	0.02930	0.17289	0.02162	0.06006	0.01291	0.06406	0.06186	0.00719	0.04063	0.00161	0.06487	0.00464	0.05856	0.05447
11	0.05783	0.12702	0.13170	0.04922	0.08018	0.12648	0.03189	0.09492	0.02553	0.01517	0.08598	0.03941	0.07534	0.00571	0.00422	0.00131	0.00501	0.00457	0.03288	0.00563

[dist]
# distance from previous block
# <min> <max>
0	16

[block]
# block no. 7 follows, 58 sequences, length 27
# corresponding to MSA columns:
# 327-353
name=unknown_H
#
# <colnr> <probs for GDERKNQSTAVLIFYWHMCP>
#	G	D	E	R	K	N	Q	S	T	A	V	L	I	F	Y	W	H	M	C	P
0	0.01012	0.05476	0.06390	0.05850	0.16609	0.12928	0.03533	0.03714	0.07021	0.01369	0.05542	0.12409	0.09091	0.02483	0.00512	0.00146	0.01687	0.00572	0.00303	0.03354
1	0.00983	0.02437	0.01477	0.43873	0.28611	0.01026	0.01204	0.02690	0.00956	0.02794	0.00838	0.01156	0.00662	0.00450	0.00488	0.00142	0.04725	0.00393	0.02645	0.02447
2	0.01101	0.01029	0.07712	0.01020	0.07899	0.03968	0.00783	0.06377	0.40234	0.05522	0.06678	0.01777	0.06325	0.01897	0.00478	0.00147	0.00396	0.00509	0.05507	0.00640
3	0.00547	0.00415	0.00504	0.00564	0.00636	0.00372	0.00392	0.00646	0.00940	0.01214	0.09224	0.52343	0.28031	0.01278	0.00554	0.00169	0.00245	0.01131	0.00421	0.00372
4	0.00777	0.00389	0.00583	0.00583	0.00583	0.00389	0.00389	0.00583	0.00583	0.00777	0.00777	0.01360	0.00777	0.01554	0.01748	0.86985	0.00389	0.00389	0.00194	0.00194
5	0.00553	0.00430	0.00505	0.00555	0.00646	0.00382	0.00400	0.00661	0.00962	0.01217	0.07422	0.38725	0.38730	0.01244	0.00552	0.00167	0.00251	0.05801	0.00419	0.00376
6	0.00733	0.00404	0.00550	0.00550	0.00550	0.00404	0.00348	0.00606	0.00606	0.00808	0.00996	0.01903	0.01071	0.30229	0.01931	0.56984	0.00404	0.00479	0.00221	0.00221
7	0.00831	0.00520	0.00642	0.00587	0.00737	0.00477	0.00448	0.04077	0.01213	0.11800	0.44714	0.08277	0.18647	0.00912	0.00509	0.00143	0.00250	0.00788	0.03963	0.00466
8	0.00976	0.01028	0.04336	0.01178	0.01202	0.01358	0.01003	0.01089	0.00695	0.01089	0.00595	0.00977	0.00586	0.00770	0.01430	0.00194	0.80413	0.00389	0.00195	0.00496
9	0.01040	0.00792	0.00939	0.00676	0.01069	0.00603	0.00543	0.01236	0.00964	0.09796	0.00896	0.00989	0.00709	0.00354	0.00344	0.00074	0.00336	0.00284	0.00295	0.78062
10	0.05931	0.00959	0.01112	0.00870	0.01195	0.00982	0.00713	0.36066	0.02945	0.35873	0.03429	0.03381	0.01055	0.00570	0.00442	0.00137	0.00415	0.00449	0.02758	0.00719
11	0.02229	0.00630	0.00975	0.00816	0.00967	0.00613	0.14794	0.02287	0.00875	0.07969	0.03346	0.05323	0.09125	0.34870	0.11357	0.00336	0.00550	0.02203	0.00313	0.00420
12	0.00862	0.00581	0.00782	0.00732	0.00849	0.00643	0.00566	0.04567	0.04207	0.09370	0.05258	0.05912	0.03583	0.08451	0.44335	0.00475	0.05635	0.00548	0.02187	0.00460
13	0.01225	0.12810	0.08179	0.03569	0.19650	0.06614	0.11945	0.13665	0.06205	0.03928	0.00939	0.01115	0.00743	0.02520	0.00489	0.00138	0.01877	0.00392	0.00277	0.03721
14	0.01105	0.15911	0.28094	0.03652	0.04817	0.03806	0.16569	0.04572	0.03282	0.06964	0.02219	0.02525	0.03562	0.00475	0.00433	0.00135	0.00583	0.00416	0.00259	0.00621
15	0.00707	0.00497	0.00589	0.00576	0.00688	0.00470	0.00414	0.00921	0.07399	0.05721	0.25982	0.17868	0.22187	0.13024	0.00778	0.00194	0.00276	0.00859	0.00428	0.00420
16	0.00726	0.00781	0.12625	0.00865	0.05185	0.00577	0.03419	0.00908	0.00944	0.04242	0.09730	0.38649	0.10369	0.04370	0.00619	0.00173	0.02794	0.00890	0.01677	0.00456
17	0.02516	0.15929	0.19969	0.01311	0.13026	0.09367	0.06244	0.11630	0.03052	0.04704	0.01020	0.03738	0.02978	0.00496	0.00438	0.00132	0.02153	0.00398	0.00270	0.00629
18	0.00913	0.01493	0.39894	0.01069	0.01493	0.02042	0.07804	0.01372	0.08998	0.04784	0.06001	0.08927	0.06044	0.00628	0.00462	0.00147	0.00514	0.02499	0.04329	0.00588
19	0.00550	0.00413	0.00500	0.00562	0.00625	0.00374	0.00384	0.00636	0.00901	0.01160	0.05076	0.53076	0.25881	0.06850	0.00671	0.00188	0.00260	0.01122	0.00408	0.00363
20	0.00806	0.00737	0.02854	0.02413	0.04400	0.03270	0.05217	0.04811	0.12448	0.01525	0.17671	0.06937	0.30052	0.00857	0.00499	0.00147	0.00338	0.01578	0.02947	0.00493
21	0.05164	0.13121	0.09293	0.02634	0.16674	0.09300	0.00951	0.18294	0.02528	0.06744	0.03377	0.03917	0.02449	0.00527	0.00420	0.00131	0.00507	0.01982	0.00312	0.01674
22	0.01018	0.02373	0.00862	0.00753	0.00932	0.03349	0.00578	0.18007	0.13449	0.04545	0.14544	0.21077	0.06353	0.02775	0.00540	0.00155	0.01621	0.00716	0.05818	0.00537
23	0.00684	0.00480	0.00531	0.00521	0.00560	0.00480	0.00318	0.03462	0.03312	0.01016	0.01804	0.05772	0.10747	0.66327	0.01896	0.00373	0.00403	0.00692	0.00305	0.00317
24	0.05076	0.08307	0.20004	0.01290	0.12765	0.17030	0.04751	0.09198	0.01129	0.04514	0.00889	0.01036	0.00689	0.00509	0.01997	0.00140	0.02263	0.00353	0.07453	0.00607
25	0.00791	0.00576	0.00647	0.00675	0.02572	0.04616	0.00449	0.04080	0.00917	0.05467	0.03689	0.38544	0.04423	0.23923	0.00998	0.00234	0.00355	0.00874	0.03369	0.02798
26	0.03860	0.03657	0.12361	0.05455	0.22941	0.08223	0.06184	0.06017	0.08986	0.03074	0.06811	0.01431	0.03817	0.02276	0.00478	0.00142	0.00517	0.00444	0.02713	0.00612

[dist]
# distance from previous block
# <min> <max>
9	87

[block]
# block no. 8 follows, 58 sequences, length 26
# corresponding to MSA columns:
# 442-467
name=unknown_I
#
# <colnr> <probs for GDERKNQSTAVLIFYWHMCP>
#	G	D	E	R	K	N	Q	S	T	A	V	L	I	F	Y	W	H	M	C	P
0	0.01201	0.03762	0.11497	0.03246	0.04533	0.02248	0.00846	0.11147	0.31105	0.11014	0.02801	0.02589	0.04523	0.00622	0.01623	0.00150	0.01584	0.00472	0.04380	0.00658
1	0.00578	0.00408	0.00529	0.00605	0.00632	0.00391	0.00402	0.00651	0.00825	0.01103	0.03879	0.59804	0.02634	0.18488	0.03708	0.00252	0.00332	0.04049	0.00381	0.00349
2	0.04359	0.01933	0.01221	0.01098	0.01337	0.68333	0.00831	0.06729	0.06028	0.01290	0.00795	0.00889	0.00643	0.00474	0.00403	0.00119	0.00734	0.00309	0.01932	0.00542
