[name]
unknown

[dist]
# distance from previous block
# <min> <max>
0	72

[block]
# block no. 0 follows, 50 sequences, length 21
# corresponding to MSA columns:
# 73-93
name=unknown_A
#
# <colnr> <probs for GDERKNQSTAVLIFYWHMCP>
#	G	D	E	R	K	N	Q	S	T	A	V	L	I	F	Y	W	H	M	C	P
0	0.00802	0.00508	0.00647	0.00657	0.00748	0.00471	0.00461	0.00929	0.01098	0.08365	0.23783	0.32264	0.08450	0.15890	0.00951	0.00234	0.00322	0.02504	0.00471	0.00446
1	0.00824	0.00581	0.00803	0.00926	0.08275	0.00576	0.00584	0.00944	0.01014	0.06166	0.12781	0.40920	0.02738	0.15489	0.00989	0.00238	0.04233	0.01028	0.00424	0.00467
2	0.00833	0.00677	0.00731	0.00698	0.00878	0.00680	0.00534	0.04331	0.19200	0.01611	0.08536	0.03821	0.38826	0.08857	0.00761	0.00202	0.00337	0.07501	0.00465	0.00519
3	0.05540	0.00644	0.00720	0.00661	0.00839	0.00642	0.00501	0.04639	0.08015	0.12218	0.12190	0.09934	0.09054	0.06239	0.00613	0.00172	0.00318	0.00685	0.25829	0.00545
4	0.00780	0.00578	0.00693	0.00719	0.00833	0.00576	0.00517	0.01137	0.14955	0.03339	0.14808	0.43354	0.11104	0.01239	0.00590	0.00182	0.00297	0.01099	0.02704	0.00497
5	0.00712	0.00534	0.00801	0.00801	0.00890	0.00623	0.00623	0.00890	0.00801	0.01157	0.01335	0.01958	0.01246	0.03738	0.80507	0.00801	0.01335	0.00534	0.00267	0.00445
6	0.07699	0.00738	0.00923	0.00768	0.01041	0.00685	0.00612	0.01803	0.05264	0.41089	0.21581	0.03814	0.05849	0.02406	0.00552	0.00163	0.00356	0.00635	0.03347	0.00675
7	0.00617	0.00467	0.00563	0.00620	0.00703	0.00420	0.00431	0.00730	0.01057	0.01368	0.12075	0.45419	0.28063	0.04217	0.00682	0.00196	0.00278	0.01216	0.00467	0.00414
8	0.00934	0.00529	0.00685	0.00688	0.00795	0.00485	0.00483	0.01045	0.01063	0.15661	0.10937	0.42273	0.06624	0.14304	0.00909	0.00232	0.00337	0.01063	0.00475	0.00477
9	0.00987	0.00575	0.00681	0.00625	0.00808	0.00502	0.00469	0.01127	0.01183	0.18932	0.13483	0.10061	0.38511	0.08875	0.00759	0.00197	0.00314	0.00907	0.00493	0.00510
10	0.00697	0.00523	0.00618	0.00630	0.00747	0.00491	0.00458	0.00942	0.06492	0.01618	0.27903	0.25621	0.23933	0.01186	0.00582	0.00171	0.00266	0.01036	0.05625	0.00460
11	0.00713	0.00535	0.00629	0.00620	0.00763	0.00487	0.00468	0.00935	0.04364	0.03606	0.32175	0.11636	0.35080	0.01166	0.00593	0.00170	0.00270	0.04823	0.00500	0.00465
12	0.00648	0.00463	0.00588	0.00644	0.00695	0.00433	0.00433	0.00755	0.01028	0.01388	0.19705	0.47379	0.07478	0.14854	0.00938	0.00237	0.00307	0.01167	0.00455	0.00403
13	0.00800	0.00581	0.00726	0.00685	0.00816	0.00561	0.00512	0.08232	0.01416	0.01968	0.56818	0.16702	0.06110	0.01077	0.00588	0.00164	0.00275	0.00949	0.00527	0.00494
14	0.00993	0.00843	0.00990	0.00734	0.01137	0.00640	0.00578	0.01201	0.01026	0.01591	0.01064	0.08789	0.00983	0.00483	0.00395	0.00086	0.00361	0.00403	0.00311	0.77392
15	0.00864	0.00595	0.00710	0.00699	0.00847	0.00563	0.00523	0.08232	0.01220	0.07273	0.09566	0.31324	0.27072	0.01328	0.03373	0.00201	0.00351	0.04287	0.00478	0.00494
16	0.00629	0.00443	0.00572	0.00667	0.00690	0.00419	0.00433	0.00700	0.00912	0.01216	0.02532	0.67721	0.03025	0.16368	0.00984	0.00254	0.00325	0.01290	0.00433	0.00386
17	0.00625	0.00480	0.00565	0.00598	0.00700	0.00428	0.00424	0.00755	0.01112	0.01439	0.19389	0.31410	0.34074	0.04821	0.00689	0.00191	0.00272	0.01134	0.00474	0.00420
18	0.01002	0.01823	0.00812	0.04157	0.00976	0.00592	0.00562	0.01265	0.04759	0.15733	0.44148	0.04803	0.15503	0.00950	0.00562	0.00159	0.00303	0.00820	0.00525	0.00549
19	0.01423	0.03280	0.01485	0.09732	0.16014	0.36728	0.01066	0.01673	0.04923	0.01414	0.08349	0.01338	0.01103	0.00589	0.00595	0.00149	0.08806	0.00434	0.00286	0.00612
20	0.01810	0.01277	0.01396	0.01081	0.01453	0.01391	0.00889	0.65455	0.02195	0.08352	0.08385	0.01463	0.01228	0.00638	0.00507	0.00151	0.00511	0.00494	0.00511	0.00813

[dist]
# distance from previous block
# <min> <max>
2	2

[block]
# block no. 1 follows, 50 sequences, length 45
# corresponding to MSA columns:
# 97-101,103-107,110-144
name=unknown_B
#
# <colnr> <probs for GDERKNQSTAVLIFYWHMCP>
#	G	D	E	R	K	N	Q	S	T	A	V	L	I	F	Y	W	H	M	C	P
0	0.01552	0.29871	0.01839	0.09931	0.01651	0.42038	0.00976	0.01713	0.01207	0.01209	0.00753	0.00918	0.00644	0.00494	0.00450	0.00128	0.03474	0.00320	0.00237	0.00595
1	0.80785	0.01063	0.05593	0.00702	0.01037	0.01121	0.00620	0.01472	0.00861	0.02196	0.00706	0.00825	0.00545	0.00463	0.00319	0.00154	0.00407	0.00276	0.00302	0.00552
2	0.00704	0.00479	0.00545	0.00558	0.00571	0.00471	0.00324	0.00721	0.00775	0.01023	0.01911	0.11894	0.06722	0.68739	0.02212	0.00434	0.00448	0.00820	0.00329	0.00320
3	0.01417	0.01547	0.03096	0.04939	0.29068	0.23848	0.10408	0.04640	0.12975	0.01619	0.01071	0.01245	0.00849	0.00504	0.00494	0.00149	0.00683	0.00443	0.00297	0.00707
4	0.01214	0.01221	0.03213	0.23017	0.48313	0.06362	0.04056	0.03837	0.01155	0.01555	0.00923	0.01236	0.00746	0.00467	0.00495	0.00152	0.00641	0.00440	0.00248	0.00712
5	0.01299	0.01412	0.08851	0.10727	0.09694	0.06670	0.25474	0.12212	0.03931	0.03241	0.00998	0.01249	0.00766	0.00535	0.00661	0.00166	0.10657	0.00480	0.00291	0.00686
6	0.04941	0.74352	0.07276	0.00879	0.01320	0.01886	0.00900	0.01497	0.01008	0.01243	0.00705	0.00816	0.00635	0.00431	0.00329	0.00112	0.00539	0.00273	0.00217	0.00641
7	0.01167	0.01302	0.02775	0.02167	0.10993	0.01228	0.67069	0.01564	0.01166	0.01591	0.01049	0.03570	0.00830	0.00454	0.00579	0.00167	0.00798	0.00595	0.00257	0.00678
8	0.33629	0.01274	0.19547	0.00911	0.01267	0.01016	0.00882	0.05554	0.09536	0.03084	0.01325	0.15904	0.01223	0.02218	0.00484	0.00171	0.00463	0.00556	0.00350	0.00606
9	0.01429	0.00746	0.00901	0.00752	0.01031	0.00683	0.00600	0.07005	0.05650	0.34980	0.09625	0.02967	0.29756	0.00887	0.00541	0.00160	0.00353	0.00735	0.00541	0.00658
10	0.00610	0.00436	0.00581	0.00692	0.00724	0.00407	0.00463	0.00702	0.00968	0.01295	0.05092	0.79748	0.03340	0.01545	0.00635	0.00201	0.00288	0.01401	0.00465	0.00407
11	0.00683	0.00512	0.00597	0.00573	0.00713	0.00454	0.00426	0.00857	0.01255	0.03094	0.40724	0.04145	0.37877	0.05075	0.00681	0.00178	0.00258	0.00953	0.00500	0.00447
12	0.66711	0.00937	0.00830	0.00709	0.01035	0.01029	0.00584	0.01687	0.00981	0.20082	0.00987	0.01014	0.00700	0.00498	0.00353	0.00154	0.00394	0.00323	0.00380	0.00611
13	0.86003	0.00964	0.00733	0.00655	0.00964	0.01118	0.00540	0.01465	0.00848	0.02236	0.00694	0.00810	0.00540	0.00463	0.00308	0.00154	0.00386	0.00270	0.00308	0.00540
14	0.13599	0.00651	0.00747	0.00680	0.00889	0.00612	0.00521	0.01307	0.01159	0.22418	0.12325	0.17238	0.21096	0.03788	0.00600	0.00178	0.00330	0.00826	0.00486	0.00551
15	0.00725	0.00483	0.00544	0.00544	0.00544	0.00483	0.00302	0.00725	0.00725	0.00966	0.01571	0.03262	0.01812	0.82483	0.02537	0.00483	0.00483	0.00725	0.00302	0.00302
16	0.00845	0.00540	0.00711	0.00651	0.00793	0.00494	0.00494	0.01076	0.01412	0.09076	0.72085	0.03539	0.04387	0.00982	0.00580	0.00157	0.00252	0.00865	0.00555	0.00505
17	0.03006	0.00460	0.00586	0.00668	0.00720	0.00433	0.00457	0.00719	0.00941	0.01263	0.02751	0.58583	0.12601	0.01510	0.00784	0.10692	0.00308	0.02700	0.00428	0.00389
18	0.00832	0.00595	0.00732	0.00745	0.00856	0.00591	0.00549	0.11463	0.01257	0.01712	0.16904	0.44527	0.05590	0.01261	0.00598	0.00184	0.00324	0.06678	0.04118	0.00486
19	0.02228	0.00862	0.01165	0.00893	0.01279	0.00753	0.00738	0.04313	0.01450	0.77802	0.01947	0.01684	0.01224	0.00616	0.00501	0.00154	0.00427	0.00500	0.00614	0.00848
20	0.00620	0.00469	0.00572	0.00625	0.00712	0.00421	0.00439	0.00745	0.01091	0.01426	0.17285	0.44838	0.26201	0.01374	0.00613	0.00184	0.00268	0.01215	0.00478	0.00421
21	0.01034	0.00886	0.01034	0.00738	0.01181	0.00664	0.00591	0.01255	0.01034	0.01624	0.00886	0.01034	0.00738	0.00369	0.00369	0.00074	0.00369	0.00295	0.00295	0.85530
22	0.00605	0.00498	0.00532	0.00540	0.00687	0.00425	0.00399	0.00740	0.01149	0.01416	0.13541	0.12964	0.62250	0.01266	0.00594	0.00171	0.00254	0.01073	0.00473	0.00425
23	0.01967	0.01254	0.01405	0.01080	0.01473	0.01338	0.00891	0.57567	0.03545	0.22178	0.01404	0.01334	0.00956	0.00604	0.00499	0.00151	0.00515	0.00464	0.00528	0.00847
24	0.00647	0.00480	0.00543	0.00570	0.00641	0.00441	0.00375	0.00721	0.00952	0.01213	0.05784	0.23249	0.29896	0.30746	0.01306	0.00290	0.00344	0.01018	0.00408	0.00376
25	0.00812	0.00468	0.00702	0.00702	0.00734	0.00499	0.00499	0.00734	0.00702	0.00968	0.01030	0.01670	0.00999	0.02434	0.29444	0.55854	0.00749	0.00468	0.00234	0.00296
26	0.06266	0.02058	0.50211	0.01511	0.02095	0.01215	0.18239	0.01537	0.01037	0.01584	0.00883	0.01105	0.00655	0.00502	0.00607	0.00166	0.08993	0.00417	0.00226	0.00691
27	0.00598	0.00508	0.00517	0.00521	0.00687	0.00427	0.00395	0.00728	0.01137	0.01352	0.04955	0.04829	0.76175	0.01267	0.00593	0.00171	0.00261	0.03995	0.00463	0.00422
28	0.00816	0.00639	0.00691	0.00649	0.00842	0.00614	0.00496	0.01233	0.17420	0.04972	0.16983	0.03864	0.46771	0.01070	0.00568	0.00166	0.00287	0.00900	0.00493	0.00525
29	0.01154	0.01306	0.02636	0.01924	0.02370	0.05023	0.66313	0.01528	0.01166	0.01547	0.01167	0.09217	0.00999	0.00536	0.00586	0.00169	0.00789	0.00656	0.00273	0.00642
30	0.01091	0.01091	0.01527	0.01309	0.01309	0.01527	0.01091	0.01200	0.00763	0.01200	0.00654	0.01091	0.00654	0.00872	0.01636	0.00218	0.81570	0.00436	0.00218	0.00545
31	0.04100	0.00573	0.00723	0.00754	0.00886	0.00562	0.00612	0.01036	0.04532	0.01699	0.29807	0.08228	0.11623	0.01181	0.00617	0.00190	0.00344	0.31571	0.00487	0.00474
32	0.00617	0.00506	0.00543	0.00534	0.00690	0.00432	0.00400	0.00768	0.01201	0.01500	0.22500	0.04544	0.61624	0.01205	0.00589	0.00166	0.00248	0.01016	0.00483	0.00432
33	0.00984	0.00922	0.01214	0.01083	0.01122	0.04265	0.00874	0.01110	0.00806	0.01194	0.00946	0.01506	0.00922	0.07554	0.23365	0.00391	0.47599	0.00481	0.03162	0.00498
34	0.00714	0.00526	0.00761	0.00761	0.00836	0.00601	0.00573	0.00864	0.00789	0.01127	0.01372	0.02161	0.01334	0.16017	0.68349	0.00752	0.01202	0.00564	0.00272	0.00423
35	0.01355	0.01160	0.01190	0.01042	0.01340	0.03881	0.00818	0.13459	0.64962	0.02209	0.01867	0.01733	0.01395	0.00660	0.00504	0.00165	0.00433	0.00539	0.00498	0.00791
36	0.01157	0.01285	0.05499	0.12555	0.25950	0.01214	0.41753	0.01534	0.01136	0.01564	0.00967	0.01297	0.00750	0.00440	0.00543	0.00161	0.00738	0.00517	0.00245	0.00695
37	0.01034	0.00886	0.01034	0.00738	0.01181	0.00664	0.00591	0.01255	0.01034	0.01624	0.00886	0.01034	0.00738	0.00369	0.00369	0.00074	0.00369	0.00295	0.00295	0.85530
38	0.02819	0.01055	0.01491	0.24510	0.16650	0.01158	0.04375	0.22995	0.01427	0.01913	0.01620	0.01792	0.12814	0.00639	0.00539	0.00159	0.02493	0.00541	0.00345	0.00666
39	0.00607	0.00434	0.00578	0.00694	0.00723	0.00405	0.00463	0.00694	0.00954	0.01272	0.02747	0.82157	0.03297	0.01562	0.00636	0.00202	0.00289	0.01417	0.00463	0.00405
40	0.01176	0.01345	0.02941	0.02101	0.02605	0.01261	0.77563	0.01597	0.01176	0.01597	0.01008	0.01345	0.00756	0.00420	0.00588	0.00168	0.00840	0.00588	0.00252	0.00672
41	0.01216	0.01166	0.01992	0.07737	0.74833	0.01180	0.01521	0.01514	0.01127	0.01607	0.00934	0.01239	0.00782	0.00447	0.00494	0.00149	0.00596	0.00444	0.00245	0.00775
42	0.00958	0.00896	0.01273	0.01131	0.01162	0.01210	0.00927	0.01091	0.00777	0.01185	0.00893	0.01394	0.00861	0.01875	0.29241	0.00422	0.53488	0.00470	0.00235	0.00510
43	0.00599	0.00505	0.00518	0.00515	0.00679	0.00425	0.00386	0.00734	0.01159	0.01400	0.11132	0.04709	0.73055	0.01242	0.00589	0.00167	0.00251	0.01040	0.00470	0.00425
44	0.00589	0.00505	0.00505	0.00505	0.00673	0.00421	0.00379	0.00715	0.01136	0.01347	0.05049	0.04797	0.79171	0.01262	0.00589	0.00168	0.00252	0.01052	0.00463	0.00421

[dist]
# distance from previous block
# <min> <max>
1	228

[block]
# block no. 2 follows, 50 sequences, length 51
# corresponding to MSA columns:
# 374-424
name=unknown_C
#
# <colnr> <probs for GDERKNQSTAVLIFYWHMCP>
#	G	D	E	R	K	N	Q	S	T	A	V	L	I	F	Y	W	H	M	C	P
0	0.00597	0.00505	0.00516	0.00513	0.00678	0.00424	0.00385	0.00731	0.01155	0.01392	0.10232	0.04722	0.73960	0.01245	0.00589	0.00168	0.00251	0.01041	0.00469	0.00424
1	0.00607	0.00434	0.00578	0.00694	0.00723	0.00405	0.00463	0.00694	0.00954	0.01272	0.02747	0.82157	0.03297	0.01562	0.00636	0.00202	0.00289	0.01417	0.00463	0.00405
2	0.00866	0.00433	0.00649	0.00649	0.00649	0.00433	0.00433	0.00649	0.00649	0.00866	0.00866	0.01515	0.00866	0.01732	0.01948	0.85498	0.00433	0.00433	0.00216	0.00216
3	0.00803	0.00574	0.00803	0.00918	0.01033	0.00574	0.00803	0.01033	0.01147	0.01492	0.02639	0.05622	0.02869	0.01377	0.00688	0.00229	0.00459	0.76018	0.00459	0.00459
4	0.00705	0.00510	0.00666	0.00627	0.00745	0.00470	0.00470	0.00941	0.01411	0.01999	0.79110	0.03723	0.04703	0.01019	0.00588	0.00157	0.00235	0.00901	0.00549	0.00470
5	0.01034	0.00886	0.01034	0.00738	0.01181	0.00664	0.00591	0.01255	0.01034	0.01624	0.00886	0.01034	0.00738	0.00369	0.00369	0.00074	0.00369	0.00295	0.00295	0.85530
6	0.00590	0.00502	0.00508	0.00513	0.00675	0.00420	0.00382	0.00714	0.01128	0.01343	0.04947	0.08225	0.75809	0.01276	0.00591	0.00170	0.00254	0.01068	0.00463	0.00420
7	0.00712	0.00534	0.00801	0.00801	0.00890	0.00623	0.00623	0.00890	0.00801	0.01157	0.01335	0.01958	0.01246	0.03738	0.80507	0.00801	0.01335	0.00534	0.00267	0.00445
8	0.02236	0.00848	0.01157	0.00887	0.01272	0.00733	0.00733	0.02429	0.01427	0.79719	0.01966	0.01697	0.01234	0.00617	0.00501	0.00154	0.00424	0.00501	0.00617	0.00848
9	0.04529	0.00523	0.00637	0.00669	0.00769	0.00502	0.00483	0.00911	0.04566	0.01614	0.28997	0.37706	0.11853	0.01250	0.00595	0.00180	0.00280	0.02995	0.00487	0.00453
10	0.01862	0.02376	0.01413	0.01284	0.01541	0.80482	0.00963	0.01990	0.01413	0.01220	0.00770	0.00899	0.00642	0.00514	0.00449	0.00128	0.00899	0.00321	0.00257	0.00578
11	0.02236	0.00848	0.01157	0.00887	0.01272	0.00733	0.00733	0.02429	0.01427	0.79719	0.01966	0.01697	0.01234	0.00617	0.00501	0.00154	0.00424	0.00501	0.00617	0.00848
12	0.00853	0.00433	0.00646	0.00652	0.00653	0.00432	0.00434	0.00652	0.00664	0.00885	0.00957	0.05406	0.00983	0.01723	0.01885	0.81382	0.00426	0.00480	0.00228	0.00226
13	0.00604	0.00457	0.00559	0.00636	0.00709	0.00411	0.00438	0.00707	0.01020	0.01313	0.05348	0.57261	0.25817	0.01459	0.00621	0.00191	0.00277	0.01296	0.00465	0.00411
14	0.78044	0.00940	0.00737	0.00658	0.00955	0.01083	0.00539	0.03235	0.00906	0.02234	0.02606	0.00937	0.00680	0.00485	0.00321	0.00152	0.00379	0.00298	0.04270	0.00542
15	0.00616	0.00440	0.00588	0.00704	0.00737	0.00412	0.00478	0.00709	0.00963	0.01282	0.02742	0.78766	0.03278	0.01553	0.00639	0.00204	0.00297	0.04723	0.00463	0.00407
16	0.00750	0.00781	0.09507	0.00742	0.00935	0.00597	0.01964	0.01037	0.06147	0.01605	0.29632	0.10856	0.20109	0.10539	0.00804	0.00204	0.00355	0.02504	0.00445	0.00487
17	0.00725	0.00527	0.00708	0.00705	0.00764	0.00584	0.00507	0.00838	0.00799	0.01123	0.01599	0.04319	0.04921	0.29929	0.44620	0.00618	0.03218	0.00637	0.02462	0.00398
18	0.01034	0.00886	0.01034	0.00738	0.01181	0.00664	0.00591	0.01255	0.01034	0.01624	0.00886	0.01034	0.00738	0.00369	0.00369	0.00074	0.00369	0.00295	0.00295	0.85530
19	0.01232	0.05546	0.36800	0.07169	0.19126	0.04915	0.06956	0.03524	0.01151	0.07506	0.00985	0.01166	0.00729	0.00479	0.00482	0.00153	0.00677	0.00411	0.00263	0.00731
20	0.22325	0.01234	0.05114	0.01433	0.03704	0.04324	0.29349	0.03403	0.01061	0.03222	0.02888	0.01273	0.02115	0.00630	0.02661	0.00185	0.13711	0.00470	0.00283	0.00614
21	0.07625	0.01319	0.01410	0.01092	0.01480	0.01451	0.00900	0.65145	0.04347	0.08377	0.01240	0.01224	0.00873	0.00593	0.00486	0.00151	0.00524	0.00444	0.00494	0.00825
22	0.00604	0.00506	0.00526	0.00521	0.00682	0.00427	0.00390	0.00744	0.01171	0.01430	0.14489	0.04660	0.69680	0.01231	0.00589	0.00167	0.00250	0.01033	0.00474	0.00427
23	0.00712	0.00534	0.00801	0.00801	0.00890	0.00623	0.00623	0.00890	0.00801	0.01157	0.01335	0.01958	0.01246	0.03738	0.80507	0.00801	0.01335	0.00534	0.00267	0.00445
24	0.00752	0.00524	0.00691	0.00691	0.00797	0.00498	0.00531	0.00955	0.01256	0.03254	0.49152	0.07712	0.03835	0.08859	0.02835	0.00221	0.00338	0.16144	0.00497	0.00456
25	0.01333	0.82783	0.02612	0.00853	0.01279	0.01972	0.00853	0.01493	0.01013	0.01173	0.00693	0.00800	0.00640	0.00426	0.00320	0.00107	0.00533	0.00267	0.00213	0.00640
26	0.01755	0.01224	0.01316	0.01027	0.01380	0.01338	0.00842	0.62241	0.02097	0.06212	0.01298	0.01324	0.00933	0.00596	0.00475	0.00144	0.00493	0.00454	0.14065	0.00786
27	0.00868	0.00513	0.00665	0.00703	0.00811	0.00463	0.00502	0.00981	0.01061	0.13754	0.02957	0.56186	0.14034	0.01363	0.00609	0.00190	0.00309	0.03064	0.00487	0.00479
28	0.00941	0.00886	0.01495	0.81285	0.03433	0.01107	0.01384	0.01274	0.00997	0.01274	0.00886	0.01329	0.00664	0.00498	0.00498	0.00166	0.00664	0.00443	0.00221	0.00554
29	0.01000	0.02578	0.79900	0.01421	0.02157	0.01158	0.01842	0.01579	0.01052	0.01579	0.00895	0.01052	0.00631	0.00474	0.00474	0.00158	0.00737	0.00368	0.00210	0.00737
30	0.00929	0.00465	0.00465	0.00465	0.00581	0.00465	0.00348	0.01161	0.01045	0.01858	0.01626	0.01858	0.01278	0.00581	0.00348	0.00116	0.00232	0.00465	0.85250	0.00465
31	0.00712	0.00534	0.00801	0.00801	0.00890	0.00623	0.00623	0.00890	0.00801	0.01157	0.01335	0.01958	0.01246	0.03738	0.80507	0.00801	0.01335	0.00534	0.00267	0.00445
32	0.01000	0.02578	0.79900	0.01421	0.02157	0.01158	0.01842	0.01579	0.01052	0.01579	0.00895	0.01052	0.00631	0.00474	0.00474	0.00158	0.00737	0.00368	0.00210	0.00737
33	0.02236	0.00848	0.01157	0.00887	0.01272	0.00733	0.00733	0.02429	0.01427	0.79719	0.01966	0.01697	0.01234	0.00617	0.00501	0.00154	0.00424	0.00501	0.00617	0.00848
34	0.00712	0.00534	0.00801	0.00801	0.00890	0.00623	0.00623	0.00890	0.00801	0.01157	0.01335	0.01958	0.01246	0.03738	0.80507	0.00801	0.01335	0.00534	0.00267	0.00445
35	0.00705	0.00510	0.00666	0.00627	0.00745	0.00470	0.00470	0.00941	0.01411	0.01999	0.79110	0.03723	0.04703	0.01019	0.00588	0.00157	0.00235	0.00901	0.00549	0.00470
36	0.00589	0.00505	0.00505	0.00505	0.00673	0.00421	0.00379	0.00715	0.01136	0.01347	0.05049	0.04797	0.79171	0.01262	0.00589	0.00168	0.00252	0.01052	0.00463	0.00421
37	0.00712	0.00534	0.00801	0.00801	0.00890	0.00623	0.00623	0.00890	0.00801	0.01157	0.01335	0.01958	0.01246	0.03738	0.80507	0.00801	0.01335	0.00534	0.00267	0.00445
38	0.01862	0.02376	0.01413	0.01284	0.01541	0.80482	0.00963	0.01990	0.01413	0.01220	0.00770	0.00899	0.00642	0.00514	0.00449	0.00128	0.00899	0.00321	0.00257	0.00578
39	0.00725	0.00483	0.00544	0.00544	0.00544	0.00483	0.00302	0.00725	0.00725	0.00966	0.01571	0.03262	0.01812	0.82483	0.02537	0.00483	0.00483	0.00725	0.00302	0.00302
40	0.00788	0.00563	0.00785	0.00900	0.01008	0.00560	0.00776	0.01006	0.01132	0.01474	0.02648	0.11758	0.02903	0.01392	0.00684	0.00227	0.00445	0.70038	0.00459	0.00455
41	0.01002	0.00883	0.01327	0.05076	0.33345	0.02860	0.01061	0.01290	0.03167	0.01638	0.15895	0.03058	0.03655	0.00849	0.00569	0.00175	0.00487	0.22680	0.00374	0.00612
42	0.00715	0.00523	0.00743	0.00743	0.00812	0.00592	0.00551	0.00853	0.00784	0.01114	0.01388	0.02250	0.01373	0.21374	0.63045	0.00730	0.01144	0.00577	0.00275	0.00413
43	0.00607	0.00434	0.00578	0.00694	0.00723	0.00405	0.00463	0.00694	0.00954	0.01272	0.02747	0.82157	0.03297	0.01562	0.00636	0.00202	0.00289	0.01417	0.00463	0.00405
44	0.00629	0.00443	0.00572	0.00666	0.00690	0.00419	0.00433	0.00700	0.00912	0.01216	0.02530	0.67623	0.03023	0.16469	0.00986	0.00254	0.00325	0.01289	0.00433	0.00386
45	0.01933	0.01778	0.01335	0.01153	0.01435	0.48446	0.00895	0.02082	0.01372	0.27370	0.01161	0.01178	0.00840	0.00573	0.00549	0.00143	0.06327	0.00389	0.00374	0.00666
46	0.00712	0.00534	0.00801	0.00801	0.00890	0.00623	0.00623	0.00890	0.00801	0.01157	0.01335	0.01958	0.01246	0.03738	0.80507	0.00801	0.01335	0.00534	0.00267	0.00445
47	0.00607	0.00434	0.00578	0.00694	0.00723	0.00405	0.00463	0.00694	0.00954	0.01272	0.02747	0.82157	0.03297	0.01562	0.00636	0.00202	0.00289	0.01417	0.00463	0.00405
48	0.01810	0.10236	0.01530	0.01242	0.01515	0.72806	0.00952	0.01942	0.01373	0.01215	0.00763	0.00889	0.00642	0.00505	0.00437	0.00126	0.00863	0.00316	0.00253	0.00584
49	0.01365	0.06306	0.15546	0.00983	0.01325	0.00900	0.00931	0.10778	0.01308	0.23280	0.01855	0.17146	0.01700	0.00881	0.00541	0.00173	0.00484	0.13385	0.00447	0.00666
50	0.14709	0.34746	0.34410	0.01066	0.01599	0.03113	0.01216	0.01534	0.01011	0.01512	0.00778	0.00908	0.00620	0.00454	0.00385	0.00136	0.00602	0.00310	0.00228	0.00663

[dist]
# distance from previous block
# <min> <max>
1	2

[block]
# block no. 3 follows, 50 sequences, length 24
# corresponding to MSA columns:
# 428-451
name=unknown_D
#
# <colnr> <probs for GDERKNQSTAVLIFYWHMCP>
#	G	D	E	R	K	N	Q	S	T	A	V	L	I	F	Y	W	H	M	C	P
0	0.01311	0.50284	0.06199	0.01201	0.01629	0.07510	0.17510	0.01583	0.03493	0.01317	0.00817	0.00979	0.00693	0.00456	0.00442	0.00129	0.03205	0.00360	0.00234	0.00648
1	0.00614	0.00437	0.00576	0.00685	0.00713	0.00409	0.00453	0.00696	0.00941	0.01255	0.02679	0.77561	0.03210	0.06276	0.00747	0.00219	0.00300	0.01377	0.00453	0.00399
2	0.00998	0.04904	0.71134	0.01348	0.02029	0.01145	0.01708	0.01563	0.02802	0.01602	0.05471	0.01218	0.00889	0.00508	0.00476	0.00156	0.00693	0.00401	0.00237	0.00719
3	0.01396	0.00951	0.03569	0.12269	0.01568	0.01018	0.02388	0.06005	0.01186	0.25670	0.03793	0.02023	0.08077	0.00777	0.00821	0.00179	0.21711	0.05548	0.00405	0.00647
4	0.01346	0.01235	0.01266	0.23569	0.01899	0.17275	0.00962	0.09898	0.18584	0.06596	0.06245	0.03813	0.02445	0.02048	0.00537	0.00162	0.00578	0.00519	0.00379	0.00645
5	0.00636	0.00454	0.00611	0.00727	0.00768	0.00430	0.00512	0.00743	0.00983	0.01304	0.02731	0.70983	0.03234	0.01535	0.00644	0.00206	0.00314	0.12309	0.00462	0.00413
6	0.01073	0.02331	0.67577	0.01395	0.02068	0.01131	0.04704	0.04094	0.01118	0.04541	0.01032	0.01310	0.00773	0.00524	0.00490	0.00161	0.00710	0.03990	0.00249	0.00729
7	0.00749	0.00567	0.00709	0.00743	0.00849	0.00588	0.00558	0.01042	0.10452	0.01385	0.02553	0.25572	0.13337	0.06908	0.18575	0.00346	0.00564	0.11001	0.03036	0.00466
8	0.01445	0.01274	0.01830	0.06150	0.49037	0.06197	0.03259	0.17020	0.01407	0.06027	0.01033	0.01237	0.00809	0.00491	0.00495	0.00149	0.00603	0.00444	0.00317	0.00777
9	0.01103	0.00928	0.01102	0.02144	0.01270	0.00772	0.02083	0.03522	0.09618	0.03156	0.01043	0.01152	0.00836	0.00417	0.00397	0.00091	0.00392	0.00341	0.00328	0.69305
10	0.01165	0.01309	0.02794	0.01995	0.02495	0.01214	0.71605	0.01570	0.01165	0.01599	0.00999	0.01320	0.00755	0.00416	0.00571	0.00161	0.00804	0.00566	0.00255	0.07241
11	0.00756	0.00577	0.00702	0.00659	0.00802	0.00557	0.00497	0.01119	0.10691	0.01928	0.60542	0.03632	0.13620	0.01008	0.00578	0.00160	0.00257	0.00879	0.00533	0.00503
12	0.01112	0.01096	0.01546	0.09063	0.24606	0.06307	0.01160	0.01311	0.00948	0.01338	0.00872	0.01269	0.00784	0.01100	0.12715	0.00270	0.31358	0.00443	0.00238	0.02466
13	0.01091	0.01091	0.01527	0.01309	0.01309	0.01527	0.01091	0.01200	0.00763	0.01200	0.00654	0.01091	0.00654	0.00872	0.01636	0.00218	0.81570	0.00436	0.00218	0.00545
14	0.00748	0.00548	0.00650	0.00672	0.00769	0.00533	0.00501	0.03683	0.01026	0.01314	0.02848	0.06687	0.23613	0.29323	0.03919	0.00315	0.00437	0.21605	0.00401	0.00407
15	0.00712	0.00485	0.00540	0.00540	0.00556	0.00477	0.00309	0.00724	0.00764	0.01003	0.01902	0.03408	0.09187	0.74739	0.02351	0.00453	0.00461	0.00756	0.00317	0.00313
16	0.01034	0.00886	0.01034	0.00738	0.01181	0.00664	0.00591	0.01255	0.01034	0.01624	0.00886	0.01034	0.00738	0.00369	0.00369	0.00074	0.00369	0.00295	0.00295	0.85530
17	0.00654	0.00452	0.00591	0.00692	0.00733	0.00430	0.00478	0.00758	0.00964	0.01311	0.02591	0.64650	0.03034	0.06660	0.00745	0.00218	0.00315	0.08557	0.05761	0.00407
18	0.00929	0.00465	0.00465	0.00465	0.00581	0.00465	0.00348	0.01161	0.01045	0.01858	0.01626	0.01858	0.01278	0.00581	0.00348	0.00116	0.00232	0.00465	0.85250	0.00465
19	0.00909	0.00465	0.00491	0.00491	0.00592	0.00468	0.00360	0.01096	0.00995	0.01725	0.01562	0.01907	0.01274	0.04822	0.02756	0.06151	0.00289	0.00477	0.72732	0.00439
20	0.00643	0.00464	0.00616	0.00718	0.00772	0.00436	0.00515	0.00763	0.01017	0.01348	0.06638	0.62070	0.06913	0.01490	0.00640	0.00203	0.00312	0.13556	0.00466	0.00418
21	0.02510	0.01049	0.05105	0.15621	0.01698	0.00949	0.00868	0.09961	0.10830	0.05035	0.01105	0.01234	0.00847	0.00473	0.00434	0.00120	0.00467	0.00385	0.00340	0.40972
22	0.01252	0.29183	0.01682	0.00948	0.03275	0.09282	0.02045	0.01592	0.10430	0.01484	0.00950	0.01050	0.00791	0.00443	0.00384	0.00106	0.00496	0.00329	0.00287	0.33992
23	0.00866	0.00433	0.00649	0.00649	0.00649	0.00433	0.00433	0.00649	0.00649	0.00866	0.00866	0.01515	0.00866	0.01732	0.01948	0.85498	0.00433	0.00433	0.00216	0.00216

[dist]
# distance from previous block
# <min> <max>
0	4

[block]
# block no. 4 follows, 50 sequences, length 116
# corresponding to MSA columns:
# 456-465,467-477,485-493,516-581,588,589,634-649,651,652
name=unknown_E
#
# <colnr> <probs for GDERKNQSTAVLIFYWHMCP>
#	G	D	E	R	K	N	Q	S	T	A	V	L	I	F	Y	W	H	M	C	P
0	0.01038	0.02099	0.56089	0.01462	0.06873	0.01086	0.07343	0.01549	0.02588	0.02952	0.04112	0.01277	0.02103	0.00501	0.00483	0.00152	0.00669	0.00423	0.00252	0.06950
1	0.00820	0.00594	0.00817	0.00915	0.01043	0.00592	0.00797	0.01076	0.02939	0.01509	0.02577	0.05410	0.02779	0.01333	0.00676	0.00224	0.00455	0.72209	0.00456	0.02779
2	0.86003	0.00964	0.00733	0.00655	0.00964	0.01118	0.00540	0.01465	0.00848	0.02236	0.00694	0.00810	0.00540	0.00463	0.00308	0.00154	0.00386	0.00270	0.00308	0.00540
3	0.02920	0.00952	0.01474	0.61772	0.05698	0.01162	0.01282	0.08859	0.02562	0.01495	0.00924	0.01304	0.00704	0.00553	0.00579	0.01993	0.04480	0.00442	0.00257	0.00588
4	0.01009	0.04365	0.75206	0.01382	0.02101	0.01158	0.01773	0.01565	0.01051	0.01571	0.00890	0.01046	0.00636	0.00469	0.00466	0.00154	0.00718	0.00363	0.00214	0.03865
5	0.00719	0.00481	0.00545	0.00552	0.00553	0.00479	0.00310	0.00723	0.00737	0.00983	0.01632	0.07409	0.01890	0.78230	0.02437	0.00468	0.00473	0.00761	0.00310	0.00307
6	0.00677	0.00508	0.00627	0.00598	0.00727	0.00458	0.00448	0.00886	0.01344	0.01841	0.61176	0.03983	0.22736	0.01078	0.00588	0.00160	0.00239	0.00938	0.00528	0.00458
7	0.01091	0.01091	0.01527	0.01309	0.01309	0.01527	0.01091	0.01200	0.00763	0.01200	0.00654	0.01091	0.00654	0.00872	0.01636	0.00218	0.81570	0.00436	0.00218	0.00545
8	0.01183	0.01279	0.01010	0.03778	0.01247	0.31943	0.00805	0.01357	0.01244	0.01350	0.02303	0.03461	0.16428	0.00986	0.00569	0.00176	0.00600	0.29408	0.00372	0.00502
9	0.00929	0.00465	0.00465	0.00465	0.00581	0.00465	0.00348	0.01161	0.01045	0.01858	0.01626	0.01858	0.01278	0.00581	0.00348	0.00116	0.00232	0.00465	0.85250	0.00465
10	0.01234	0.01184	0.02023	0.03059	0.79373	0.01184	0.01530	0.01530	0.01135	0.01628	0.00938	0.01234	0.00790	0.00444	0.00493	0.00148	0.00592	0.00444	0.00247	0.00790
11	0.01091	0.01091	0.01527	0.01309	0.01309	0.01527	0.01091	0.01200	0.00763	0.01200	0.00654	0.01091	0.00654	0.00872	0.01636	0.00218	0.81570	0.00436	0.00218	0.00545
12	0.86003	0.00964	0.00733	0.00655	0.00964	0.01118	0.00540	0.01465	0.00848	0.02236	0.00694	0.00810	0.00540	0.00463	0.00308	0.00154	0.00386	0.00270	0.00308	0.00540
13	0.00589	0.00505	0.00505	0.00505	0.00673	0.00421	0.00379	0.00715	0.01136	0.01347	0.05049	0.04797	0.79171	0.01262	0.00589	0.00168	0.00252	0.01052	0.00463	0.00421
14	0.00607	0.00434	0.00578	0.00694	0.00723	0.00405	0.00463	0.00694	0.00954	0.01272	0.02747	0.82157	0.03297	0.01562	0.00636	0.00202	0.00289	0.01417	0.00463	0.00405
15	0.01176	0.01345	0.02941	0.02101	0.02605	0.01261	0.77563	0.01597	0.01176	0.01597	0.01008	0.01345	0.00756	0.00420	0.00588	0.00168	0.00840	0.00588	0.00252	0.00672
16	0.00712	0.00534	0.00801	0.00801	0.00890	0.00623	0.00623	0.00890	0.00801	0.01157	0.01335	0.01958	0.01246	0.03738	0.80507	0.00801	0.01335	0.00534	0.00267	0.00445
17	0.01296	0.01058	0.01129	0.01007	0.01295	0.01211	0.00786	0.02636	0.74121	0.06470	0.02025	0.01850	0.01505	0.00673	0.00507	0.00168	0.00396	0.00560	0.00513	0.00792
18	0.01064	0.00584	0.00771	0.00694	0.00869	0.00525	0.00530	0.01269	0.01354	0.20863	0.49179	0.12026	0.06289	0.00990	0.00572	0.00162	0.00288	0.00867	0.00553	0.00554
19	0.00693	0.00511	0.00649	0.00621	0.00745	0.00467	0.00470	0.00913	0.01363	0.01889	0.65982	0.03943	0.14997	0.01066	0.00592	0.00161	0.00246	0.03695	0.00533	0.00463
20	0.00941	0.00886	0.01495	0.81285	0.03433	0.01107	0.01384	0.01274	0.00997	0.01274	0.00886	0.01329	0.00664	0.00498	0.00498	0.00166	0.00664	0.00443	0.00221	0.00554
21	0.01034	0.00886	0.01034	0.00738	0.01181	0.00664	0.00591	0.01255	0.01034	0.01624	0.00886	0.01034	0.00738	0.00369	0.00369	0.00074	0.00369	0.00295	0.00295	0.85530
22	0.00607	0.00476	0.00545	0.00589	0.00693	0.00419	0.00415	0.00720	0.01068	0.01344	0.08395	0.35523	0.42219	0.03801	0.00666	0.00191	0.00273	0.01179	0.00463	0.00414
23	0.01370	0.01136	0.01201	0.01041	0.01346	0.01301	0.00821	0.17600	0.63309	0.02295	0.01863	0.01728	0.01387	0.00661	0.00505	0.00165	0.00425	0.00541	0.00505	0.00801
24	0.01276	0.01072	0.01135	0.01014	0.01300	0.01234	0.00791	0.04097	0.75151	0.03968	0.02011	0.01843	0.01502	0.00673	0.00507	0.00168	0.00398	0.00560	0.00510	0.00792
25	0.06467	0.00605	0.00749	0.00692	0.00849	0.00567	0.00503	0.01259	0.01111	0.22453	0.15561	0.21873	0.05193	0.18694	0.00982	0.00238	0.00363	0.00846	0.00475	0.00522
26	0.00605	0.00507	0.00527	0.00524	0.00687	0.00428	0.00395	0.00744	0.01166	0.01418	0.12917	0.04695	0.70018	0.01238	0.00591	0.00168	0.00254	0.02218	0.00472	0.00427
27	0.01976	0.01266	0.01415	0.01085	0.01481	0.01352	0.00896	0.59767	0.02125	0.21395	0.01380	0.01316	0.00940	0.00603	0.00499	0.00151	0.00519	0.00461	0.00527	0.00848
28	0.00736	0.00498	0.00595	0.00601	0.00640	0.00496	0.00393	0.00810	0.00882	0.01208	0.12014	0.03458	0.03563	0.54932	0.05901	0.00410	0.00477	0.08154	0.03879	0.00356
29	0.00593	0.00502	0.00513	0.00518	0.00678	0.00421	0.00386	0.00721	0.01135	0.01362	0.07155	0.08583	0.73195	0.01270	0.00591	0.00170	0.00254	0.01065	0.00465	0.00421
30	0.00929	0.00465	0.00465	0.00465	0.00581	0.00465	0.00348	0.01161	0.01045	0.01858	0.01626	0.01858	0.01278	0.00581	0.00348	0.00116	0.00232	0.00465	0.85250	0.00465
31	0.01112	0.04853	0.54826	0.01756	0.18411	0.01179	0.04847	0.01597	0.01087	0.04410	0.00940	0.01118	0.00692	0.00469	0.00478	0.00154	0.00692	0.00395	0.00235	0.00746
32	0.00678	0.00499	0.00631	0.00694	0.00770	0.00473	0.00491	0.02961	0.02676	0.01468	0.14377	0.55105	0.11132	0.01396	0.00620	0.00191	0.00294	0.04626	0.00477	0.00439
33	0.01547	0.01609	0.01152	0.01114	0.05547	0.44566	0.00794	0.04331	0.01300	0.05710	0.01141	0.02977	0.00951	0.04599	0.00539	0.00148	0.00654	0.00418	0.20331	0.00570
34	0.49587	0.19565	0.02681	0.03230	0.01211	0.10571	0.00731	0.01518	0.00956	0.01795	0.00710	0.00849	0.00584	0.00479	0.00391	0.00144	0.03865	0.00289	0.00273	0.00571
35	0.00705	0.00510	0.00666	0.00627	0.00745	0.00470	0.00470	0.00941	0.01411	0.01999	0.79110	0.03723	0.04703	0.01019	0.00588	0.00157	0.00235	0.00901	0.00549	0.00470
36	0.00712	0.00533	0.00794	0.00794	0.00880	0.00619	0.00614	0.00885	0.00799	0.01152	0.01342	0.01995	0.01262	0.05960	0.78308	0.00792	0.01311	0.00539	0.00268	0.00441
37	0.82139	0.01000	0.00779	0.00727	0.02884	0.02819	0.00573	0.01478	0.00867	0.02200	0.00702	0.00822	0.00548	0.00463	0.00316	0.00154	0.00402	0.00275	0.00306	0.00547
38	0.02921	0.16970	0.64264	0.01302	0.01973	0.01303	0.01635	0.01561	0.01041	0.01520	0.00854	0.01002	0.00631	0.00465	0.00442	0.00149	0.00692	0.00348	0.00213	0.00715
39	0.73454	0.01028	0.00846	0.00729	0.01051	0.01182	0.00601	0.12842	0.01071	0.02371	0.00769	0.00867	0.00586	0.00483	0.00337	0.00154	0.00410	0.00297	0.00337	0.00586
40	0.01084	0.12806	0.45481	0.03581	0.02048	0.01273	0.14939	0.01631	0.07542	0.01556	0.01079	0.01232	0.02552	0.00494	0.00480	0.00154	0.00686	0.00428	0.00249	0.00704
41	0.00725	0.00483	0.00544	0.00544	0.00544	0.00483	0.00302	0.00725	0.00725	0.00966	0.01571	0.03262	0.01812	0.82483	0.02537	0.00483	0.00483	0.00725	0.00302	0.00302
42	0.01327	0.01162	0.05545	0.30658	0.24887	0.03386	0.01290	0.10519	0.04067	0.10679	0.01100	0.01321	0.00817	0.00514	0.00495	0.00156	0.00603	0.00448	0.00318	0.00709
43	0.36582	0.00947	0.02911	0.00780	0.01105	0.00946	0.00643	0.03000	0.10542	0.18359	0.03924	0.01371	0.01035	0.03588	0.00516	0.02028	0.00404	0.00405	0.00403	0.10511
44	0.01636	0.32736	0.01881	0.02597	0.02725	0.44760	0.00937	0.04926	0.01288	0.01289	0.00764	0.00887	0.00652	0.00483	0.00404	0.00122	0.00737	0.00310	0.00250	0.00615
45	0.00819	0.00552	0.00712	0.00658	0.00799	0.00512	0.00502	0.02887	0.01418	0.06358	0.68412	0.03633	0.06877	0.01004	0.00583	0.00159	0.00260	0.02810	0.00546	0.00499
46	0.02236	0.00848	0.01157	0.00887	0.01272	0.00733	0.00733	0.02429	0.01427	0.79719	0.01966	0.01697	0.01234	0.00617	0.00501	0.00154	0.00424	0.00501	0.00617	0.00848
47	0.00725	0.00483	0.00544	0.00544	0.00544	0.00483	0.00302	0.00725	0.00725	0.00966	0.01571	0.03262	0.01812	0.82483	0.02537	0.00483	0.00483	0.00725	0.00302	0.00302
48	0.01065	0.00905	0.01051	0.00753	0.01195	0.00697	0.00604	0.04078	0.01082	0.01680	0.00897	0.01040	0.00742	0.00378	0.00374	0.00077	0.00376	0.00301	0.00303	0.82404
49	0.00712	0.00534	0.00801	0.00801	0.00890	0.00623	0.00623	0.00890	0.00801	0.01157	0.01335	0.01958	0.01246	0.03738	0.80507	0.00801	0.01335	0.00534	0.00267	0.00445
50	0.00698	0.00522	0.00667	0.00743	0.00854	0.00491	0.00598	0.00869	0.01116	0.01432	0.07358	0.21931	0.23466	0.01367	0.00645	0.00203	0.00355	0.35779	0.00466	0.00438
51	0.00631	0.00505	0.00564	0.00553	0.00700	0.00438	0.00413	0.00795	0.01229	0.01576	0.31209	0.06412	0.50851	0.01184	0.00590	0.00165	0.00247	0.01008	0.00493	0.00438
52	0.06372	0.00757	0.00974	0.00795	0.01083	0.00689	0.00630	0.01920	0.03256	0.50974	0.12826	0.05108	0.03237	0.08238	0.00697	0.00187	0.00392	0.00611	0.00550	0.00702
53	0.00637	0.00492	0.00562	0.00572	0.00684	0.00438	0.00407	0.00770	0.01127	0.01454	0.22913	0.17216	0.38701	0.10794	0.00826	0.00208	0.00281	0.01036	0.00466	0.00417
54	0.01862	0.02376	0.01413	0.01284	0.01541	0.80482	0.00963	0.01990	0.01413	0.01220	0.00770	0.00899	0.00642	0.00514	0.00449	0.00128	0.00899	0.00321	0.00257	0.00578
55	0.01862	0.02376	0.01413	0.01284	0.01541	0.80482	0.00963	0.01990	0.01413	0.01220	0.00770	0.00899	0.00642	0.00514	0.00449	0.00128	0.00899	0.00321	0.00257	0.00578
56	0.00651	0.00462	0.00553	0.00611	0.00681	0.00426	0.00417	0.00759	0.01002	0.01349	0.07283	0.44858	0.19531	0.10306	0.00807	0.00216	0.00294	0.01145	0.08243	0.00406
57	0.01895	0.01396	0.01496	0.01147	0.01546	0.01546	0.00947	0.77711	0.02344	0.03141	0.01197	0.01197	0.00848	0.00598	0.00499	0.00150	0.00548	0.00449	0.00499	0.00848
58	0.01176	0.01345	0.02941	0.02101	0.02605	0.01261	0.77563	0.01597	0.01176	0.01597	0.01008	0.01345	0.00756	0.00420	0.00588	0.00168	0.00840	0.00588	0.00252	0.00672
59	0.00817	0.00555	0.00618	0.00591	0.00622	0.00567	0.00353	0.06764	0.00852	0.01137	0.01541	0.03100	0.01736	0.76059	0.02377	0.00457	0.00488	0.00703	0.00317	0.00345
60	0.00718	0.00543	0.00655	0.00632	0.00772	0.00500	0.00483	0.03705	0.01329	0.01786	0.46238	0.06808	0.26611	0.01119	0.00594	0.00167	0.00269	0.06092	0.00512	0.00466
61	0.02236	0.00848	0.01157	0.00887	0.01272	0.00733	0.00733	0.02429	0.01427	0.79719	0.01966	0.01697	0.01234	0.00617	0.00501	0.00154	0.00424	0.00501	0.00617	0.00848
62	0.00803	0.00574	0.00803	0.00918	0.01033	0.00574	0.00803	0.01033	0.01147	0.01492	0.02639	0.05622	0.02869	0.01377	0.00688	0.00229	0.00459	0.76018	0.00459	0.00459
63	0.00712	0.00534	0.00801	0.00801	0.00890	0.00623	0.00623	0.00890	0.00801	0.01157	0.01335	0.01958	0.01246	0.03738	0.80507	0.00801	0.01335	0.00534	0.00267	0.00445
64	0.00929	0.00465	0.00465	0.00465	0.00581	0.00465	0.00348	0.01161	0.01045	0.01858	0.01626	0.01858	0.01278	0.00581	0.00348	0.00116	0.00232	0.00465	0.85250	0.00465
65	0.00607	0.00434	0.00578	0.00694	0.00723	0.00405	0.00463	0.00694	0.00954	0.01272	0.02747	0.82157	0.03297	0.01562	0.00636	0.00202	0.00289	0.01417	0.00463	0.00405
66	0.00761	0.00523	0.00676	0.00630	0.00762	0.00478	0.00475	0.00988	0.01394	0.05184	0.71083	0.03709	0.09409	0.01018	0.00584	0.00157	0.00244	0.00895	0.00546	0.00483
67	0.00645	0.00460	0.00621	0.00737	0.00782	0.00437	0.00527	0.00758	0.00991	0.01314	0.02727	0.67603	0.03215	0.01526	0.00646	0.00208	0.00321	0.15604	0.00462	0.00415
68	0.00725	0.00483	0.00544	0.00544	0.00544	0.00483	0.00302	0.00725	0.00725	0.00966	0.01571	0.03262	0.01812	0.82483	0.02537	0.00483	0.00483	0.00725	0.00302	0.00302
69	0.00712	0.00534	0.00801	0.00801	0.00890	0.00623	0.00623	0.00890	0.00801	0.01157	0.01335	0.01958	0.01246	0.03738	0.80507	0.00801	0.01335	0.00534	0.00267	0.00445
70	0.01030	0.00981	0.01672	0.54004	0.24166	0.01134	0.03689	0.01347	0.01037	0.01383	0.00929	0.01372	0.00740	0.00506	0.00532	0.00164	0.02695	0.01766	0.00233	0.00620
71	0.02236	0.00848	0.01157	0.00887	0.01272	0.00733	0.00733	0.02429	0.01427	0.79719	0.01966	0.01697	0.01234	0.00617	0.00501	0.00154	0.00424	0.00501	0.00617	0.00848
72	0.01810	0.02138	0.01397	0.01243	0.01519	0.63662	0.00945	0.11296	0.08510	0.01533	0.00937	0.01022	0.00747	0.00539	0.00461	0.00135	0.00810	0.00359	0.00309	0.00630
73	0.01269	0.00901	0.01389	0.20786	0.24485	0.00931	0.01073	0.05406	0.01224	0.17187	0.07831	0.10991	0.02981	0.00692	0.00523	0.00161	0.00503	0.00617	0.00381	0.00670
74	0.01404	0.11363	0.38876	0.01175	0.01715	0.05994	0.01295	0.05543	0.04957	0.18289	0.01194	0.02601	0.00863	0.00534	0.00464	0.00149	0.00616	0.00412	0.00335	0.02221
75	0.01415	0.11295	0.46581	0.01195	0.01787	0.01135	0.01388	0.03240	0.01181	0.24331	0.01189	0.01214	0.00812	0.00512	0.00464	0.00151	0.00619	0.00397	0.00335	0.00760
76	0.00607	0.00434	0.00578	0.00694	0.00723	0.00405	0.00463	0.00694	0.00954	0.01272	0.02747	0.82157	0.03297	0.01562	0.00636	0.00202	0.00289	0.01417	0.00463	0.00405
77	0.01176	0.01174	0.03222	0.23623	0.47009	0.02877	0.08777	0.03332	0.01136	0.01558	0.00933	0.01259	0.00749	0.00462	0.00503	0.00155	0.00643	0.00454	0.00246	0.00712
78	0.01084	0.00884	0.01039	0.00744	0.01185	0.00667	0.00597	0.01304	0.01050	0.04868	0.00931	0.01061	0.00759	0.00379	0.00375	0.00077	0.00371	0.00304	0.00309	0.82013
79	0.00803	0.00574	0.00803	0.00918	0.01033	0.00574	0.00803	0.01033	0.01147	0.01492	0.02639	0.05622	0.02869	0.01377	0.00688	0.00229	0.00459	0.76018	0.00459	0.00459
80	0.01184	0.01253	0.06864	0.13649	0.58801	0.02468	0.03789	0.01500	0.01108	0.01560	0.00921	0.01230	0.00756	0.00463	0.00519	0.00153	0.02358	0.00441	0.00241	0.00742
81	0.01034	0.00886	0.01034	0.00738	0.01181	0.00664	0.00591	0.01255	0.01034	0.01624	0.00886	0.01034	0.00738	0.00369	0.00369	0.00074	0.00369	0.00295	0.00295	0.85530
82	0.00601	0.00486	0.00535	0.00564	0.00691	0.00419	0.00407	0.00723	0.01103	0.01366	0.08978	0.25965	0.53759	0.01330	0.00602	0.00177	0.00261	0.01143	0.00468	0.00419
83	0.50712	0.00932	0.00869	0.02729	0.01111	0.00941	0.00581	0.01378	0.00924	0.01973	0.00774	0.00910	0.00620	0.00427	0.00337	0.00123	0.00386	0.00284	0.00301	0.33686
84	0.01234	0.01184	0.02023	0.03059	0.79373	0.01184	0.01530	0.01530	0.01135	0.01628	0.00938	0.01234	0.00790	0.00444	0.00493	0.00148	0.00592	0.00444	0.00247	0.00790
85	0.00725	0.00483	0.00544	0.00544	0.00544	0.00483	0.00302	0.00725	0.00725	0.00966	0.01571	0.03262	0.01812	0.82483	0.02537	0.00483	0.00483	0.00725	0.00302	0.00302
86	0.00618	0.00439	0.00579	0.00683	0.00713	0.00412	0.00454	0.00704	0.00957	0.01280	0.05333	0.74788	0.03258	0.06304	0.00746	0.00217	0.00299	0.01358	0.00456	0.00401
87	0.00929	0.00465	0.00465	0.00465	0.00581	0.00465	0.00348	0.01161	0.01045	0.01858	0.01626	0.01858	0.01278	0.00581	0.00348	0.00116	0.00232	0.00465	0.85250	0.00465
88	0.00589	0.00505	0.00505	0.00505	0.00673	0.00421	0.00379	0.00715	0.01136	0.01347	0.05049	0.04797	0.79171	0.01262	0.00589	0.00168	0.00252	0.01052	0.00463	0.00421
89	0.01234	0.01184	0.02023	0.03059	0.79373	0.01184	0.01530	0.01530	0.01135	0.01628	0.00938	0.01234	0.00790	0.00444	0.00493	0.00148	0.00592	0.00444	0.00247	0.00790
90	0.02226	0.00865	0.01167	0.00895	0.01281	0.00757	0.00739	0.04685	0.01454	0.77424	0.01943	0.01682	0.01222	0.00616	0.00501	0.00154	0.00428	0.00500	0.00613	0.00848
91	0.00705	0.00510	0.00666	0.00627	0.00745	0.00470	0.00470	0.00941	0.01411	0.01999	0.79110	0.03723	0.04703	0.01019	0.00588	0.00157	0.00235	0.00901	0.00549	0.00470
92	0.00697	0.00509	0.00655	0.00619	0.00740	0.00467	0.00464	0.00925	0.01392	0.01954	0.74021	0.03797	0.09820	0.01036	0.00588	0.00158	0.00236	0.00912	0.00543	0.00467
93	0.00725	0.00483	0.00544	0.00544	0.00544	0.00483	0.00302	0.00725	0.00725	0.00966	0.01571	0.03262	0.01812	0.82483	0.02537	0.00483	0.00483	0.00725	0.00302	0.00302
94	0.00725	0.00483	0.00544	0.00544	0.00544	0.00483	0.00302	0.00725	0.00725	0.00966	0.01571	0.03262	0.01812	0.82483	0.02537	0.00483	0.00483	0.00725	0.00302	0.00302
95	0.01895	0.01396	0.01496	0.01147	0.01546	0.01546	0.00947	0.77711	0.02344	0.03141	0.01197	0.01197	0.00848	0.00598	0.00499	0.00150	0.00548	0.00449	0.00499	0.00848
