[name]
unknown

[dist]
# distance from previous block
# <min> <max>
0	381

[block]
# block no. 0 follows, 45 sequences, length 7
# corresponding to MSA columns:
# 576-582
name=unknown_A
#
# <colnr> <probs for GDERKNQSTAVLIFYWHMCP>
#	G	D	E	R	K	N	Q	S	T	A	V	L	I	F	Y	W	H	M	C	P
0	0.45041	0.01261	0.07443	0.01171	0.04988	0.01241	0.09584	0.10063	0.04546	0.02283	0.01103	0.01479	0.00907	0.00596	0.00455	0.00174	0.00539	0.06097	0.00359	0.00670
1	0.06501	0.08715	0.35651	0.12676	0.02353	0.04552	0.12811	0.07461	0.01252	0.01779	0.00969	0.01190	0.00719	0.00512	0.00508	0.00166	0.00748	0.00433	0.00268	0.00735
2	0.00761	0.00548	0.00719	0.06808	0.00950	0.00564	0.00529	0.00859	0.00947	0.01273	0.06785	0.26321	0.02511	0.36449	0.08687	0.00404	0.00539	0.03548	0.00389	0.00410
3	0.05437	0.04586	0.01061	0.03575	0.01166	0.00973	0.00697	0.17660	0.05102	0.06937	0.01610	0.07947	0.01381	0.05002	0.13902	0.00292	0.00604	0.00589	0.20845	0.00633
4	0.01030	0.00854	0.04680	0.00848	0.01053	0.04141	0.00704	0.05153	0.06178	0.05634	0.21806	0.10302	0.12623	0.01087	0.00606	0.00184	0.00400	0.14029	0.08114	0.00573
5	0.00894	0.00669	0.00874	0.04864	0.01020	0.00680	0.04014	0.07709	0.01109	0.01482	0.07949	0.19145	0.06022	0.37399	0.03540	0.00356	0.00501	0.00912	0.00402	0.00458
6	0.01517	0.00816	0.01006	0.00848	0.01137	0.00758	0.00660	0.01906	0.13212	0.32071	0.09713	0.08640	0.09721	0.07066	0.00728	0.00194	0.00401	0.00728	0.00551	0.08326

[dist]
# distance from previous block
# <min> <max>
17	103

[block]
# block no. 1 follows, 45 sequences, length 37
# corresponding to MSA columns:
# 708-744
name=unknown_B
#
# <colnr> <probs for GDERKNQSTAVLIFYWHMCP>
#	G	D	E	R	K	N	Q	S	T	A	V	L	I	F	Y	W	H	M	C	P
0	0.10212	0.01202	0.01380	0.01620	0.23706	0.10056	0.00991	0.07368	0.08787	0.03764	0.07503	0.03816	0.01379	0.00752	0.03328	0.00181	0.00565	0.00524	0.07976	0.04891
1	0.03146	0.01030	0.01246	0.29779	0.02096	0.07349	0.00991	0.10726	0.01367	0.06088	0.06638	0.07453	0.12427	0.00800	0.00555	0.00171	0.00558	0.02123	0.00392	0.05065
2	0.05049	0.01213	0.09579	0.01122	0.01454	0.06433	0.04444	0.05997	0.01318	0.12111	0.03834	0.02879	0.01692	0.00875	0.00645	0.00183	0.05080	0.23995	0.00423	0.11673
3	0.07737	0.01195	0.04004	0.03483	0.21061	0.04644	0.01049	0.06158	0.01368	0.27645	0.01360	0.01404	0.00970	0.00544	0.00494	0.00148	0.00539	0.00449	0.00428	0.15321
4	0.00948	0.03221	0.00978	0.04492	0.01109	0.02606	0.00687	0.02536	0.01082	0.01595	0.11779	0.02087	0.01695	0.02104	0.33526	0.00446	0.05647	0.00565	0.14267	0.08628
5	0.01157	0.19288	0.60583	0.01420	0.02137	0.01434	0.03613	0.01681	0.01128	0.01609	0.00921	0.01084	0.00685	0.00498	0.00478	0.00159	0.00750	0.00380	0.00228	0.00770
6	0.00760	0.00549	0.00718	0.00675	0.00802	0.00506	0.00506	0.01013	0.01519	0.02153	0.77503	0.04010	0.05065	0.01097	0.00633	0.00169	0.00253	0.00971	0.00591	0.00506
7	0.00781	0.00520	0.00585	0.00585	0.00585	0.00520	0.00325	0.00781	0.00781	0.01041	0.01691	0.03513	0.01952	0.81135	0.02732	0.00520	0.00520	0.00781	0.00325	0.00325
8	0.00654	0.00467	0.00623	0.00747	0.00779	0.00436	0.00498	0.00747	0.01028	0.01370	0.02959	0.80785	0.03550	0.01682	0.00685	0.00218	0.00311	0.01526	0.00498	0.00436
9	0.84927	0.01038	0.00789	0.00706	0.01038	0.01204	0.00581	0.01578	0.00914	0.02408	0.00747	0.00872	0.00581	0.00498	0.00332	0.00166	0.00415	0.00291	0.00332	0.00581
10	0.84927	0.01038	0.00789	0.00706	0.01038	0.01204	0.00581	0.01578	0.00914	0.02408	0.00747	0.00872	0.00581	0.00498	0.00332	0.00166	0.00415	0.00291	0.00332	0.00581
11	0.02041	0.01504	0.01611	0.01235	0.01665	0.01665	0.01020	0.75997	0.02524	0.03383	0.01289	0.01289	0.00913	0.00644	0.00537	0.00161	0.00591	0.00483	0.00537	0.00913
12	0.01001	0.00500	0.00500	0.00500	0.00625	0.00500	0.00375	0.01251	0.01126	0.02001	0.01751	0.02001	0.01376	0.00625	0.00375	0.00125	0.00250	0.00500	0.84115	0.00500
13	0.02005	0.02558	0.01521	0.01383	0.01659	0.78980	0.01037	0.02143	0.01521	0.01314	0.00830	0.00968	0.00691	0.00553	0.00484	0.00138	0.00968	0.00346	0.00277	0.00622
14	0.01113	0.00954	0.01113	0.00795	0.01272	0.00716	0.00636	0.01352	0.01113	0.01749	0.00954	0.01113	0.00795	0.00398	0.00398	0.00080	0.00398	0.00318	0.00318	0.84417
15	0.01335	0.01153	0.01214	0.01092	0.01396	0.01335	0.00850	0.02852	0.76817	0.02245	0.02185	0.02003	0.01639	0.00728	0.00546	0.00182	0.00425	0.00607	0.00546	0.00850
16	0.01335	0.01153	0.01214	0.01092	0.01396	0.01335	0.00850	0.02852	0.76817	0.02245	0.02185	0.02003	0.01639	0.00728	0.00546	0.00182	0.00425	0.00607	0.00546	0.00850
17	0.00932	0.00466	0.00699	0.00699	0.00699	0.00466	0.00466	0.00699	0.00699	0.00932	0.00932	0.01632	0.00932	0.01865	0.02098	0.84382	0.00466	0.00466	0.00233	0.00233
18	0.01014	0.00954	0.01610	0.79845	0.03697	0.01193	0.01491	0.01371	0.01073	0.01371	0.00954	0.01431	0.00716	0.00537	0.00537	0.00179	0.00716	0.00477	0.00239	0.00596
19	0.01812	0.01242	0.01778	0.01531	0.09580	0.01284	0.13325	0.22148	0.10334	0.24110	0.01532	0.01548	0.01080	0.00629	0.00628	0.00173	0.05398	0.00537	0.00485	0.00849
20	0.01391	0.65406	0.15836	0.01039	0.01550	0.04355	0.01106	0.01640	0.01111	0.01340	0.00786	0.00911	0.00687	0.00471	0.00377	0.00125	0.00624	0.00308	0.00231	0.00705
21	0.00825	0.00673	0.00794	0.00818	0.04442	0.00651	0.00577	0.01230	0.13408	0.01840	0.30553	0.08359	0.31520	0.01141	0.00618	0.00178	0.00309	0.00982	0.00529	0.00553
22	0.02408	0.00914	0.01246	0.00955	0.01370	0.00789	0.00789	0.02616	0.01536	0.78158	0.02118	0.01827	0.01329	0.00664	0.00540	0.00166	0.00457	0.00540	0.00664	0.00914
23	0.00646	0.00548	0.00560	0.00566	0.00745	0.00462	0.00431	0.00788	0.01224	0.01458	0.05306	0.05211	0.73775	0.01366	0.00640	0.00185	0.00283	0.04853	0.00498	0.00455
24	0.01113	0.00954	0.01113	0.00795	0.01272	0.00716	0.00636	0.01352	0.01113	0.01749	0.00954	0.01113	0.00795	0.00398	0.00398	0.00080	0.00398	0.00318	0.00318	0.84417
25	0.01339	0.01228	0.15690	0.01059	0.01411	0.00968	0.00971	0.02018	0.25056	0.18208	0.03634	0.16225	0.01823	0.01057	0.05025	0.00223	0.00536	0.02299	0.00487	0.00742
26	0.00654	0.00467	0.00623	0.00747	0.00779	0.00436	0.00498	0.00747	0.01028	0.01370	0.02959	0.80785	0.03550	0.01682	0.00685	0.00218	0.00311	0.01526	0.00498	0.00436
27	0.01322	0.03673	0.11255	0.02416	0.26910	0.06865	0.36187	0.01721	0.01251	0.01688	0.01020	0.01324	0.00799	0.00475	0.00568	0.00168	0.00802	0.00527	0.00264	0.00765
28	0.03558	0.07752	0.10939	0.14114	0.21976	0.10692	0.01350	0.17550	0.01493	0.04081	0.01038	0.01237	0.00798	0.00540	0.00506	0.00158	0.00683	0.00436	0.00326	0.00773
29	0.00877	0.00644	0.00907	0.04557	0.01091	0.00679	0.02557	0.02696	0.01076	0.05777	0.02477	0.59770	0.02841	0.01432	0.00787	0.00213	0.09398	0.01255	0.00461	0.00506
30	0.78088	0.01115	0.00854	0.00755	0.01090	0.04030	0.00618	0.05055	0.01010	0.02414	0.00776	0.00895	0.00601	0.00507	0.00347	0.00165	0.00443	0.00302	0.00340	0.00598
31	0.00642	0.00544	0.00554	0.00551	0.00729	0.00456	0.00413	0.00784	0.01240	0.01490	0.09530	0.05100	0.73452	0.01345	0.00634	0.00181	0.00271	0.01124	0.00504	0.00456
32	0.01578	0.01274	0.01351	0.01142	0.01489	0.01449	0.00908	0.28081	0.51192	0.02638	0.01876	0.01756	0.01388	0.00699	0.00543	0.00175	0.00482	0.00564	0.00543	0.00871
33	0.00772	0.00553	0.00749	0.00749	0.00806	0.00609	0.00530	0.00886	0.00829	0.01162	0.01541	0.02683	0.01591	0.35558	0.47817	0.00723	0.01063	0.00659	0.00303	0.00416
34	0.00767	0.00573	0.00854	0.00854	0.00946	0.00666	0.00660	0.00953	0.00860	0.01239	0.01446	0.02155	0.01362	0.06558	0.76503	0.00851	0.01408	0.00582	0.00289	0.00474
35	0.02005	0.02558	0.01521	0.01383	0.01659	0.78980	0.01037	0.02143	0.01521	0.01314	0.00830	0.00968	0.00691	0.00553	0.00484	0.00138	0.00968	0.00346	0.00277	0.00622
36	0.01113	0.00954	0.01113	0.00795	0.01272	0.00716	0.00636	0.01352	0.01113	0.01749	0.00954	0.01113	0.00795	0.00398	0.00398	0.00080	0.00398	0.00318	0.00318	0.84417

[dist]
# distance from previous block
# <min> <max>
0	50

[block]
# block no. 2 follows, 45 sequences, length 47
# corresponding to MSA columns:
# 795-841
name=unknown_C
#
# <colnr> <probs for GDERKNQSTAVLIFYWHMCP>
#	G	D	E	R	K	N	Q	S	T	A	V	L	I	F	Y	W	H	M	C	P
0	0.01267	0.01448	0.03167	0.02262	0.02805	0.01357	0.75837	0.01719	0.01267	0.01719	0.01086	0.01448	0.00814	0.00452	0.00633	0.00181	0.00905	0.00633	0.00271	0.00724
1	0.00760	0.00549	0.00718	0.00675	0.00802	0.00506	0.00506	0.01013	0.01519	0.02153	0.77503	0.04010	0.05065	0.01097	0.00633	0.00169	0.00253	0.00971	0.00591	0.00506
2	0.06457	0.05212	0.06577	0.01203	0.01652	0.01610	0.01048	0.61784	0.02254	0.05117	0.01236	0.01251	0.00881	0.00620	0.00515	0.00160	0.00590	0.00460	0.00495	0.00877
3	0.01178	0.16106	0.11751	0.01543	0.01944	0.01396	0.28343	0.01501	0.01130	0.01524	0.01348	0.01923	0.04963	0.02518	0.00805	0.00190	0.13536	0.07354	0.00286	0.00660
4	0.00932	0.00466	0.00699	0.00699	0.00699	0.00466	0.00466	0.00699	0.00699	0.00932	0.00932	0.01632	0.00932	0.01865	0.02098	0.84382	0.00466	0.00466	0.00233	0.00233
5	0.31011	0.01087	0.01138	0.06408	0.01446	0.01204	0.00803	0.12011	0.19488	0.15930	0.03432	0.01491	0.01139	0.00621	0.00470	0.00170	0.00465	0.00468	0.00471	0.00748
6	0.01255	0.01009	0.01303	0.00945	0.01410	0.00818	0.06717	0.05509	0.01244	0.07155	0.03363	0.01286	0.00968	0.00455	0.00441	0.00101	0.00449	0.00387	0.00358	0.64828
7	0.01192	0.28001	0.54136	0.01334	0.02020	0.01528	0.01642	0.01670	0.01120	0.01560	0.00894	0.01046	0.00683	0.00494	0.00457	0.00152	0.00723	0.00362	0.00228	0.00760
8	0.00654	0.00467	0.00623	0.00747	0.00779	0.00436	0.00498	0.00747	0.01028	0.01370	0.02959	0.80785	0.03550	0.01682	0.00685	0.00218	0.00311	0.01526	0.00498	0.00436
9	0.00672	0.00538	0.00601	0.00601	0.00752	0.00467	0.00445	0.00837	0.01289	0.01643	0.25777	0.12200	0.49655	0.01316	0.00639	0.00181	0.00270	0.01125	0.00525	0.00467
10	0.01761	0.01781	0.36442	0.01263	0.01855	0.01018	0.03995	0.02167	0.01343	0.40615	0.01555	0.01498	0.01015	0.00587	0.00530	0.00168	0.00626	0.00478	0.00451	0.00852
11	0.00987	0.01050	0.05290	0.01589	0.07493	0.00926	0.31972	0.01287	0.01199	0.01632	0.08696	0.27932	0.05611	0.00961	0.00637	0.00190	0.00597	0.00958	0.00383	0.00610
12	0.01077	0.02777	0.78354	0.01530	0.02323	0.01247	0.01983	0.01700	0.01133	0.01700	0.00963	0.01133	0.00680	0.00510	0.00510	0.00170	0.00793	0.00397	0.00227	0.00793
13	0.01027	0.00956	0.01368	0.05471	0.01370	0.01283	0.01011	0.01178	0.00848	0.01275	0.00975	0.01543	0.00939	0.03910	0.26220	0.00438	0.48877	0.00511	0.00254	0.00547
14	0.01196	0.15093	0.29198	0.16013	0.04915	0.01323	0.09526	0.01642	0.03442	0.05100	0.03851	0.01493	0.03796	0.00565	0.00513	0.00164	0.00684	0.00482	0.00288	0.00718
15	0.02408	0.00914	0.01246	0.00955	0.01370	0.00789	0.00789	0.02616	0.01536	0.78158	0.02118	0.01827	0.01329	0.00664	0.00540	0.00166	0.00457	0.00540	0.00664	0.00914
16	0.01329	0.01275	0.02179	0.03295	0.77787	0.01275	0.01647	0.01647	0.01222	0.01754	0.01010	0.01329	0.00850	0.00478	0.00531	0.00159	0.00638	0.00478	0.00266	0.00850
17	0.01181	0.06182	0.28630	0.01880	0.04446	0.01307	0.39979	0.01655	0.01201	0.01674	0.01136	0.04239	0.00919	0.00543	0.00578	0.00176	0.00810	0.02465	0.00268	0.00733
18	0.01644	0.01389	0.01595	0.01666	0.18604	0.11221	0.03668	0.12402	0.28350	0.11411	0.01580	0.01582	0.01176	0.00621	0.00536	0.00167	0.00585	0.00521	0.00453	0.00833
19	0.02408	0.00914	0.01246	0.00955	0.01370	0.00789	0.00789	0.02616	0.01536	0.78158	0.02118	0.01827	0.01329	0.00664	0.00540	0.00166	0.00457	0.00540	0.00664	0.00914
20	0.01505	0.01206	0.01644	0.33590	0.11614	0.03642	0.02569	0.21529	0.06752	0.08806	0.01236	0.01442	0.00903	0.00582	0.00537	0.00170	0.00641	0.00492	0.00382	0.00760
21	0.00730	0.00542	0.00680	0.00657	0.00787	0.00492	0.00488	0.00951	0.01433	0.01973	0.59468	0.09438	0.18008	0.01184	0.00637	0.00174	0.00261	0.01038	0.00568	0.00492
22	0.00654	0.00467	0.00623	0.00747	0.00779	0.00436	0.00498	0.00747	0.01028	0.01370	0.02959	0.80785	0.03550	0.01682	0.00685	0.00218	0.00311	0.01526	0.00498	0.00436
23	0.00719	0.00495	0.00604	0.00664	0.00679	0.00480	0.00409	0.00765	0.00900	0.01200	0.02305	0.40904	0.02725	0.42689	0.01742	0.00374	0.00419	0.01141	0.00409	0.00379
24	0.00777	0.00536	0.00666	0.00666	0.00694	0.00564	0.00426	0.00833	0.00805	0.01101	0.01617	0.03103	0.01773	0.58614	0.25010	0.00620	0.00788	0.00721	0.00314	0.00370
25	0.00760	0.00549	0.00718	0.00675	0.00802	0.00506	0.00506	0.01013	0.01519	0.02153	0.77503	0.04010	0.05065	0.01097	0.00633	0.00169	0.00253	0.00971	0.00591	0.00506
26	0.00690	0.00548	0.00628	0.00667	0.00813	0.00486	0.00516	0.00849	0.01217	0.01514	0.09204	0.15982	0.48008	0.01412	0.00662	0.00198	0.00319	0.15321	0.00504	0.00462
27	0.01435	0.81458	0.02813	0.00918	0.01378	0.02124	0.00918	0.01607	0.01091	0.01263	0.00746	0.00861	0.00689	0.00459	0.00344	0.00115	0.00574	0.00287	0.00230	0.00689
28	0.01896	0.08616	0.01700	0.05598	0.04398	0.29413	0.01065	0.36554	0.01919	0.02295	0.01050	0.01147	0.00802	0.00584	0.00501	0.00150	0.00733	0.00417	0.00392	0.00770
29	0.01250	0.01575	0.14123	0.08607	0.02671	0.01314	0.51789	0.05701	0.01294	0.01787	0.01091	0.01410	0.00811	0.00485	0.00593	0.00176	0.00832	0.00572	0.03194	0.00726
30	0.01335	0.01153	0.01214	0.01092	0.01396	0.01335	0.00850	0.02852	0.76817	0.02245	0.02185	0.02003	0.01639	0.00728	0.00546	0.00182	0.00425	0.00607	0.00546	0.00850
31	0.01014	0.00954	0.01610	0.79845	0.03697	0.01193	0.01491	0.01371	0.01073	0.01371	0.00954	0.01431	0.00716	0.00537	0.00537	0.00179	0.00716	0.00477	0.00239	0.00596
32	0.04228	0.01965	0.01480	0.01255	0.01596	0.43494	0.00979	0.21653	0.01772	0.14778	0.01165	0.01194	0.00854	0.00594	0.00503	0.00150	0.00769	0.00413	0.00412	0.00747
33	0.01328	0.01012	0.01122	0.00951	0.01225	0.01090	0.00752	0.27019	0.19196	0.02550	0.28198	0.02638	0.06953	0.00862	0.00574	0.00169	0.00409	0.00719	0.02513	0.00721
34	0.04266	0.00808	0.01074	0.00864	0.01190	0.00716	0.00698	0.02105	0.01514	0.53180	0.24712	0.02455	0.02429	0.00790	0.00562	0.00167	0.00394	0.00662	0.00633	0.00782
35	0.65808	0.01125	0.00966	0.00818	0.01172	0.01279	0.00674	0.16152	0.01250	0.05286	0.00902	0.00987	0.00673	0.00533	0.00380	0.00165	0.00451	0.00337	0.00384	0.00658
36	0.01108	0.04371	0.00916	0.00810	0.01031	0.00682	0.00674	0.01352	0.04118	0.15800	0.06120	0.04485	0.29765	0.01197	0.00636	0.00197	0.00399	0.25239	0.00521	0.00580
37	0.00640	0.00540	0.00555	0.00560	0.00731	0.00454	0.00417	0.00778	0.01223	0.01472	0.07992	0.09455	0.70616	0.01368	0.00637	0.00183	0.00273	0.01149	0.00502	0.00454
38	0.01077	0.02777	0.78354	0.01530	0.02323	0.01247	0.01983	0.01700	0.01133	0.01700	0.00963	0.01133	0.00680	0.00510	0.00510	0.00170	0.00793	0.00397	0.00227	0.00793
39	0.01819	0.00822	0.01082	0.00881	0.01199	0.00747	0.00708	0.02146	0.07591	0.48865	0.25117	0.02507	0.02493	0.00802	0.00569	0.00168	0.00392	0.00677	0.00632	0.00784
40	0.02394	0.00936	0.01260	0.00966	0.01381	0.00822	0.00798	0.05400	0.01574	0.75321	0.02086	0.01807	0.01313	0.00664	0.00540	0.00166	0.00462	0.00538	0.00660	0.00914
41	0.03448	0.01252	0.03524	0.01415	0.01619	0.09034	0.17533	0.01436	0.01026	0.03711	0.01045	0.01549	0.00939	0.07056	0.14257	0.00333	0.29418	0.00529	0.00278	0.00599
42	0.00679	0.00500	0.00593	0.00655	0.00719	0.00461	0.00433	0.00761	0.01021	0.01313	0.03315	0.42453	0.22766	0.20427	0.01157	0.00280	0.00350	0.01245	0.00457	0.00414
43	0.02087	0.00921	0.01195	0.00937	0.01307	0.00842	0.00766	0.10823	0.01640	0.56799	0.12854	0.02158	0.03679	0.00741	0.00555	0.00166	0.00439	0.00609	0.00635	0.00844
44	0.46305	0.01012	0.01022	0.00838	0.01209	0.01057	0.00691	0.06045	0.01258	0.33787	0.01343	0.01290	0.00908	0.00575	0.00429	0.00166	0.00442	0.00404	0.00481	0.00737
45	0.01540	0.01297	0.01682	0.07746	0.03620	0.07518	0.14863	0.14173	0.24148	0.09928	0.01609	0.04568	0.01231	0.00654	0.00555	0.00172	0.00607	0.00582	0.02727	0.00779
46	0.15269	0.01310	0.01505	0.43392	0.02672	0.15689	0.03458	0.04141	0.01174	0.01610	0.00901	0.01235	0.00698	0.00553	0.00552	0.00171	0.04357	0.00426	0.00272	0.00613

[dist]
# distance from previous block
# <min> <max>
0	1

[block]
# block no. 3 follows, 45 sequences, length 11
# corresponding to MSA columns:
# 843-853
name=unknown_D
#
# <colnr> <probs for GDERKNQSTAVLIFYWHMCP>
#	G	D	E	R	K	N	Q	S	T	A	V	L	I	F	Y	W	H	M	C	P
0	0.01197	0.04447	0.12346	0.40887	0.15679	0.08518	0.03471	0.01550	0.01145	0.01478	0.00940	0.01299	0.00732	0.00534	0.00568	0.00170	0.03666	0.00451	0.00245	0.00675
1	0.01483	0.01262	0.01560	0.03887	0.16052	0.08179	0.07072	0.23954	0.01595	0.02206	0.01236	0.01448	0.00967	0.00758	0.04970	0.00189	0.00636	0.00479	0.15473	0.06595
2	0.00673	0.00482	0.00640	0.00734	0.00783	0.00449	0.00500	0.00795	0.01116	0.01511	0.16401	0.66940	0.03823	0.01576	0.00676	0.00209	0.00301	0.01426	0.00515	0.00449
3	0.00731	0.00547	0.00681	0.00666	0.00800	0.00496	0.00503	0.00949	0.01411	0.01923	0.53301	0.08747	0.21051	0.01209	0.00642	0.00178	0.00273	0.04842	0.00560	0.00490
4	0.00665	0.00482	0.00629	0.00726	0.00778	0.00446	0.00494	0.00781	0.01099	0.01469	0.12081	0.66820	0.08361	0.01591	0.00676	0.00210	0.00302	0.01435	0.00509	0.00446
5	0.00760	0.00549	0.00718	0.00675	0.00802	0.00506	0.00506	0.01013	0.01519	0.02153	0.77503	0.04010	0.05065	0.01097	0.00633	0.00169	0.00253	0.00971	0.00591	0.00506
6	0.01094	0.00637	0.00792	0.00751	0.00944	0.00574	0.00578	0.01309	0.03668	0.18617	0.16081	0.19108	0.25387	0.01215	0.00629	0.00188	0.00340	0.06960	0.00552	0.00577
7	0.01153	0.09192	0.05644	0.01307	0.03733	0.01314	0.08386	0.07348	0.01091	0.01552	0.01163	0.07349	0.01095	0.01456	0.16856	0.00329	0.27188	0.00566	0.02657	0.00620
8	0.01193	0.01047	0.01172	0.00932	0.03396	0.03869	0.00717	0.06840	0.04061	0.01829	0.01376	0.01491	0.07057	0.00534	0.00490	0.00108	0.03373	0.00418	0.00351	0.59747
9	0.00928	0.00651	0.01023	0.00948	0.01095	0.00719	0.04881	0.01136	0.00940	0.07512	0.01473	0.02049	0.01311	0.03554	0.68263	0.00768	0.01328	0.00576	0.00317	0.00528
10	0.01203	0.05809	0.10463	0.26885	0.16574	0.01272	0.12275	0.05809	0.04155	0.01692	0.01108	0.04057	0.00897	0.00552	0.00534	0.00166	0.00681	0.00514	0.00288	0.05067

[dist]
# distance from previous block
# <min> <max>
0	1

[block]
# block no. 4 follows, 45 sequences, length 6
# corresponding to MSA columns:
# 855-860
name=unknown_E
#
# <colnr> <probs for GDERKNQSTAVLIFYWHMCP>
#	G	D	E	R	K	N	Q	S	T	A	V	L	I	F	Y	W	H	M	C	P
0	0.01221	0.01060	0.03313	0.05541	0.01641	0.00926	0.13304	0.09620	0.01322	0.05904	0.01732	0.03611	0.10416	0.02535	0.00569	0.00148	0.00522	0.02332	0.00377	0.33906
1	0.48161	0.07691	0.04551	0.03833	0.01364	0.12153	0.00804	0.04342	0.01151	0.10289	0.00942	0.01034	0.00707	0.00528	0.00399	0.00159	0.00544	0.00343	0.00351	0.00653
2	0.10318	0.01421	0.02587	0.01897	0.02366	0.07354	0.56350	0.01703	0.01238	0.01783	0.01078	0.01389	0.00821	0.00478	0.00570	0.00172	0.00809	0.00564	0.06417	0.00684
3	0.01466	0.01312	0.07058	0.03007	0.08850	0.02880	0.03349	0.24032	0.16033	0.05433	0.01797	0.05737	0.07155	0.00710	0.00540	0.00163	0.00536	0.00591	0.00449	0.08903
4	0.00725	0.00634	0.00630	0.00622	0.00787	0.04090	0.00463	0.00884	0.01289	0.01588	0.20323	0.08911	0.54596	0.01285	0.00630	0.00179	0.00302	0.01084	0.00508	0.00471
5	0.14572	0.00796	0.00812	0.00806	0.00965	0.06778	0.00606	0.01268	0.01153	0.09246	0.10167	0.26549	0.02449	0.05449	0.00746	0.03338	0.00421	0.08676	0.04679	0.00525

[dist]
# distance from previous block
# <min> <max>
0	2

[block]
# block no. 5 follows, 45 sequences, length 26
# corresponding to MSA columns:
# 863-888
name=unknown_F
#
# <colnr> <probs for GDERKNQSTAVLIFYWHMCP>
#	G	D	E	R	K	N	Q	S	T	A	V	L	I	F	Y	W	H	M	C	P
0	0.54118	0.03359	0.04447	0.00919	0.01261	0.16062	0.00768	0.01833	0.09483	0.02123	0.00932	0.01027	0.00727	0.00534	0.00393	0.00162	0.00542	0.00341	0.00338	0.00631
1	0.01063	0.02678	0.74928	0.01492	0.02256	0.01214	0.01918	0.01670	0.01150	0.01720	0.04341	0.01260	0.00873	0.00536	0.00515	0.00170	0.00769	0.00422	0.00243	0.00781
2	0.01389	0.01053	0.01214	0.02309	0.01381	0.02087	0.01969	0.05957	0.31146	0.11587	0.07038	0.01877	0.03436	0.00667	0.00547	0.00152	0.02569	0.00546	0.00482	0.22594
3	0.00669	0.00540	0.00597	0.00605	0.00759	0.00468	0.00452	0.00828	0.01263	0.01586	0.19201	0.12078	0.53726	0.01343	0.00643	0.00185	0.00280	0.03797	0.00516	0.00463
4	0.01820	0.01366	0.01466	0.01166	0.01542	0.01517	0.00943	0.58002	0.14595	0.03022	0.01513	0.04318	0.01171	0.04247	0.00641	0.00182	0.00550	0.00554	0.00528	0.00860
5	0.01335	0.11521	0.08430	0.01560	0.03949	0.07712	0.26607	0.03051	0.04876	0.04563	0.02074	0.02468	0.01805	0.00618	0.00662	0.00171	0.08701	0.03028	0.06176	0.00691
6	0.01212	0.10159	0.06845	0.08623	0.05896	0.01291	0.33228	0.06753	0.03748	0.01720	0.01496	0.10366	0.04857	0.00669	0.00577	0.00175	0.00697	0.00672	0.00325	0.00691
7	0.01070	0.02574	0.69821	0.10237	0.02476	0.01241	0.01929	0.01663	0.01127	0.01663	0.00962	0.01166	0.00684	0.00513	0.00513	0.00171	0.00785	0.00406	0.00228	0.00771
8	0.00949	0.00625	0.00845	0.00811	0.00922	0.00680	0.00604	0.04684	0.00986	0.06712	0.01602	0.05409	0.01544	0.20780	0.47403	0.00658	0.01046	0.00649	0.02597	0.00495
9	0.00977	0.07119	0.21676	0.07035	0.10054	0.00999	0.01168	0.01299	0.01075	0.01508	0.01696	0.08017	0.07815	0.01494	0.17994	0.00326	0.01729	0.03210	0.04185	0.00625
10	0.01457	0.63681	0.11315	0.01040	0.01517	0.10569	0.01054	0.01678	0.01143	0.01319	0.00780	0.00904	0.00688	0.00475	0.00379	0.00124	0.00643	0.00306	0.00235	0.00693
11	0.00650	0.00481	0.00609	0.00711	0.00769	0.00439	0.00482	0.00752	0.01063	0.01385	0.03408	0.67085	0.16960	0.01623	0.00676	0.00211	0.00304	0.01455	0.00498	0.00439
12	0.10484	0.00898	0.01065	0.11527	0.01492	0.02115	0.00851	0.11217	0.08246	0.04983	0.11381	0.03136	0.05745	0.00978	0.01751	0.00199	0.00493	0.19620	0.03197	0.00622
13	0.03532	0.03691	0.08962	0.12148	0.10380	0.22601	0.03217	0.09969	0.05409	0.06206	0.01256	0.05302	0.01050	0.00646	0.00527	0.00165	0.00706	0.03173	0.00350	0.00711
14	0.47873	0.01498	0.09630	0.00967	0.01355	0.14484	0.00860	0.05187	0.01189	0.11172	0.00973	0.01050	0.00715	0.00535	0.00412	0.00162	0.00565	0.00350	0.00360	0.00666
15	0.00951	0.00937	0.01813	0.01458	0.01720	0.00897	0.34654	0.01208	0.01129	0.01526	0.02028	0.41945	0.02207	0.01098	0.00701	0.00202	0.03486	0.01083	0.00386	0.00572
16	0.01090	0.00808	0.01195	0.01247	0.09434	0.00800	0.07573	0.03027	0.10274	0.09018	0.02295	0.35352	0.02388	0.05050	0.00735	0.00215	0.00462	0.07956	0.00466	0.00613
17	0.01136	0.00983	0.09522	0.00909	0.01187	0.00804	0.00802	0.08855	0.07811	0.10294	0.24721	0.08437	0.13167	0.01021	0.00607	0.00182	0.00413	0.07990	0.00521	0.00639
18	0.00734	0.00585	0.00919	0.00929	0.01023	0.00549	0.08895	0.00876	0.01066	0.01422	0.02744	0.67757	0.03220	0.01534	0.00683	0.00216	0.00388	0.05516	0.00473	0.00471
19	0.10443	0.01220	0.05061	0.12118	0.11098	0.01166	0.34923	0.01502	0.01156	0.01701	0.01301	0.13349	0.01188	0.00660	0.00579	0.00182	0.00701	0.00683	0.00306	0.00665
20	0.01233	0.19578	0.09475	0.01196	0.06725	0.04199	0.06118	0.03292	0.03140	0.05503	0.04190	0.01602	0.01174	0.01327	0.17853	0.00304	0.00766	0.00482	0.11190	0.00654
21	0.00660	0.00476	0.00615	0.00724	0.00764	0.00442	0.00482	0.00751	0.01028	0.01357	0.03061	0.71148	0.08641	0.06127	0.00797	0.00232	0.00320	0.01457	0.00489	0.00431
22	0.01017	0.00680	0.00961	0.01068	0.09490	0.00643	0.00741	0.01260	0.01391	0.10189	0.38193	0.07969	0.05637	0.01106	0.00639	0.00188	0.00376	0.17340	0.00534	0.00581
23	0.01280	0.03522	0.43124	0.03753	0.15215	0.01237	0.01612	0.06183	0.07054	0.07173	0.01231	0.04114	0.00945	0.00581	0.00524	0.00169	0.00679	0.00482	0.00317	0.00803
24	0.01242	0.01149	0.01599	0.56163	0.06755	0.06687	0.01363	0.12699	0.01330	0.01690	0.01064	0.03965	0.00843	0.00589	0.00538	0.00174	0.00697	0.00503	0.00296	0.00653
25	0.01301	0.01437	0.02397	0.19054	0.10257	0.11354	0.37448	0.01659	0.01231	0.01572	0.01033	0.01448	0.00820	0.00531	0.00640	0.00177	0.04691	0.01998	0.00267	0.00685

[dist]
# distance from previous block
# <min> <max>
0	11

[block]
# block no. 6 follows, 45 sequences, length 16
# corresponding to MSA columns:
# 900-915
name=unknown_G
#
# <colnr> <probs for GDERKNQSTAVLIFYWHMCP>
#	G	D	E	R	K	N	Q	S	T	A	V	L	I	F	Y	W	H	M	C	P
0	0.64793	0.01102	0.04521	0.16089	0.01613	0.01204	0.00822	0.01544	0.00955	0.02175	0.00797	0.00992	0.00612	0.00506	0.00380	0.00169	0.00491	0.00332	0.00309	0.00594
1	0.00700	0.00562	0.00631	0.00657	0.00795	0.00513	0.00476	0.00929	0.06393	0.01545	0.11120	0.28399	0.42564	0.01392	0.00644	0.00192	0.00293	0.01204	0.00510	0.00480
2	0.01153	0.00976	0.01272	0.01204	0.12201	0.00848	0.02921	0.07175	0.01202	0.01773	0.01211	0.06916	0.01130	0.09407	0.00711	0.00158	0.00469	0.00497	0.00340	0.48436
3	0.00752	0.00542	0.00646	0.00620	0.00762	0.00491	0.00465	0.00973	0.01395	0.01944	0.49508	0.04104	0.24434	0.01117	0.00605	0.00167	0.00258	0.00963	0.09761	0.00491
4	0.00982	0.00753	0.00922	0.00856	0.00912	0.00859	0.00612	0.09169	0.01032	0.01415	0.01674	0.13764	0.01859	0.42456	0.01940	0.00372	0.16125	0.03474	0.00361	0.00463
5	0.04605	0.25083	0.18359	0.04857	0.01809	0.14991	0.03728	0.11264	0.07326	0.01775	0.01011	0.01129	0.00792	0.00536	0.00463	0.00149	0.00691	0.00391	0.00307	0.00734
6	0.01839	0.04793	0.01487	0.01216	0.01524	0.37313	0.00942	0.28351	0.04334	0.02052	0.01131	0.01394	0.00941	0.09460	0.00747	0.00189	0.00751	0.00449	0.00382	0.00703
7	0.00661	0.00531	0.00591	0.00606	0.00749	0.00460	0.00443	0.00811	0.01243	0.01566	0.18394	0.18798	0.50523	0.01370	0.00643	0.00186	0.00276	0.01175	0.00516	0.00460
8	0.01544	0.04704	0.01382	0.01000	0.01426	0.01189	0.00816	0.32982	0.04385	0.04717	0.01261	0.05042	0.01018	0.00586	0.00477	0.00128	0.00486	0.00461	0.00434	0.35961
9	0.03527	0.04601	0.06433	0.00963	0.01257	0.01073	0.00810	0.14788	0.22410	0.03926	0.13564	0.12890	0.09685	0.00925	0.00568	0.00177	0.00430	0.00776	0.00501	0.00698
10	0.16305	0.00869	0.01055	0.00855	0.01209	0.00804	0.00695	0.02129	0.01366	0.52366	0.02295	0.06473	0.09719	0.00770	0.00523	0.00171	0.00421	0.00618	0.00580	0.00779
11	0.00710	0.00525	0.00713	0.05206	0.00980	0.00508	0.00591	0.00857	0.01124	0.01498	0.12249	0.54986	0.06982	0.01507	0.00674	0.00211	0.00345	0.09378	0.00495	0.00461
12	0.01502	0.11298	0.04525	0.10269	0.02250	0.25278	0.26831	0.04357	0.01318	0.01536	0.00935	0.01199	0.00744	0.00529	0.00598	0.00162	0.05260	0.00465	0.00270	0.00676
13	0.07384	0.09861	0.01255	0.10750	0.05042	0.10747	0.02993	0.01463	0.01135	0.01710	0.01233	0.01499	0.00993	0.00607	0.00517	0.02056	0.03997	0.00440	0.35742	0.00575
14	0.01227	0.00989	0.01061	0.00958	0.01233	0.01090	0.00743	0.02339	0.54003	0.06180	0.07950	0.02700	0.15499	0.00864	0.00568	0.00180	0.00387	0.00723	0.00547	0.00758
15	0.01794	0.01256	0.01598	0.01758	0.25226	0.05565	0.01107	0.21286	0.04326	0.22597	0.01715	0.01719	0.06294	0.00645	0.00540	0.00163	0.00563	0.00538	0.00470	0.00843

[dist]
# distance from previous block
# <min> <max>
12	37

[block]
# block no. 7 follows, 45 sequences, length 16
# corresponding to MSA columns:
# 954-969
name=unknown_H
#
# <colnr> <probs for GDERKNQSTAVLIFYWHMCP>
#	G	D	E	R	K	N	Q	S	T	A	V	L	I	F	Y	W	H	M	C	P
0	0.01037	0.08934	0.01064	0.00845	0.01029	0.15777	0.00654	0.01199	0.01292	0.01558	0.21067	0.13963	0.23432	0.01076	0.00640	0.00171	0.04417	0.00880	0.00439	0.00526
1	0.40429	0.01035	0.00996	0.00845	0.01191	0.01117	0.00683	0.07225	0.14940	0.13145	0.01576	0.01552	0.06145	0.00626	0.00440	0.00164	0.00425	0.00457	0.00443	0.06567
2	0.01392	0.15184	0.06231	0.01055	0.01399	0.01369	0.00927	0.24514	0.13784	0.02178	0.05912	0.02030	0.05863	0.01095	0.08925	0.00240	0.02410	0.04330	0.00431	0.00731
3	0.01208	0.22871	0.01965	0.16412	0.27927	0.01386	0.01203	0.01552	0.06291	0.01543	0.01589	0.01771	0.10913	0.00617	0.00496	0.00155	0.00572	0.00521	0.00300	0.00707
4	0.00876	0.00631	0.00899	0.00876	0.01004	0.00608	0.05821	0.02414	0.04500	0.06206	0.06831	0.48386	0.07833	0.04170	0.06041	0.00258	0.00450	0.01198	0.00481	0.00517
5	0.00841	0.05153	0.01014	0.20436	0.01552	0.00779	0.00762	0.01094	0.03676	0.01549	0.16760	0.10467	0.23148	0.06395	0.00740	0.00204	0.00431	0.04057	0.00426	0.00517
6	0.01375	0.06784	0.01732	0.06057	0.32482	0.01287	0.01203	0.10197	0.17367	0.04504	0.07180	0.01847	0.01430	0.00645	0.00539	0.00167	0.00546	0.03465	0.00398	0.00794
7	0.00670	0.00489	0.00630	0.00713	0.00777	0.00450	0.00490	0.00795	0.01132	0.01511	0.15836	0.59500	0.11933	0.01548	0.00671	0.00206	0.00297	0.01389	0.00514	0.00450
8	0.01085	0.01061	0.01761	0.66104	0.09380	0.03497	0.06699	0.01440	0.01112	0.01424	0.00964	0.01411	0.00732	0.00527	0.00541	0.00176	0.00730	0.00484	0.00244	0.00626
9	0.12154	0.12053	0.42144	0.10289	0.07495	0.01351	0.04136	0.01632	0.01103	0.01706	0.00914	0.01123	0.00689	0.00501	0.00475	0.00163	0.00700	0.00392	0.00247	0.00732
10	0.01539	0.00822	0.00999	0.00835	0.01130	0.00771	0.00665	0.07724	0.08148	0.32430	0.16301	0.03040	0.21464	0.00923	0.00581	0.00171	0.00381	0.00769	0.00588	0.00718
11	0.00779	0.00527	0.00618	0.00618	0.00630	0.00538	0.00366	0.00802	0.00790	0.01065	0.01661	0.03346	0.01879	0.71983	0.11786	0.00561	0.00629	0.00756	0.00321	0.00344
12	0.01513	0.36335	0.08265	0.05556	0.15751	0.13281	0.01194	0.09330	0.01329	0.01619	0.00891	0.01058	0.00743	0.00504	0.00442	0.00139	0.00671	0.00370	0.00275	0.00735
13	0.01747	0.05330	0.01590	0.20438	0.07214	0.03941	0.01101	0.26881	0.01694	0.19795	0.01394	0.04162	0.01029	0.00635	0.00531	0.00165	0.00596	0.00516	0.00449	0.00794
14	0.00828	0.00571	0.00751	0.03439	0.00951	0.00555	0.00588	0.01009	0.01198	0.05158	0.21432	0.19469	0.13568	0.07000	0.09150	0.00288	0.00469	0.10785	0.02301	0.00490
15	0.07274	0.43665	0.06518	0.01025	0.01426	0.19972	0.00943	0.01712	0.01217	0.03930	0.03583	0.01239	0.04424	0.00557	0.00416	0.00134	0.00640	0.00378	0.00286	0.00662

[dist]
# distance from previous block
# <min> <max>
1	16

[block]
# block no. 8 follows, 45 sequences, length 6
# corresponding to MSA columns:
# 986-991
name=unknown_I
#
# <colnr> <probs for GDERKNQSTAVLIFYWHMCP>
#	G	D	E	R	K	N	Q	S	T	A	V	L	I	F	Y	W	H	M	C	P
0	0.01443	0.01577	0.27812	0.01421	0.07243	0.01051	0.05802	0.01807	0.01252	0.23174	0.04581	0.05539	0.01361	0.00730	0.00666	0.00182	0.07597	0.05600	0.00402	0.00760
1	0.00691	0.00518	0.00650	0.00742	0.00831	0.00477	0.00548	0.00826	0.01121	0.01439	0.03593	0.45813	0.23083	0.01557	0.00683	0.00214	0.00337	0.15929	0.00498	0.00452
2	0.06339	0.04687	0.01944	0.01541	0.05185	0.09259	0.23762	0.14883	0.04193	0.01953	0.01292	0.09882	0.01139	0.00693	0.00659	0.00175	0.07652	0.00612	0.03455	0.00696
3	0.01195	0.00935	0.01018	0.00951	0.01144	0.04552	0.00727	0.23252	0.05795	0.02017	0.02306	0.31367	0.06068	0.04772	0.04665	0.00242	0.00511	0.07388	0.00484	0.00613
4	0.03773	0.01262	0.04032	0.03831	0.05162	0.14864	0.00883	0.12151	0.06553	0.07429	0.01618	0.16501	0.01539	0.08149	0.06897	0.00259	0.03357	0.00691	0.00404	0.00643
5	0.22052	0.21180	0.04966	0.01075	0.04501	0.11330	0.00896	0.01761	0.06260	0.07677	0.04262	0.01476	0.02742	0.00623	0.00507	0.00158	0.04600	0.02918	0.00347	0.00669

[dist]
# distance from previous block
# <min> <max>
0	15

[block]
# block no. 9 follows, 45 sequences, length 11
# corresponding to MSA columns:
# 1014,1015,1017-1025
name=unknown_J
#
# <colnr> <probs for GDERKNQSTAVLIFYWHMCP>
#	G	D	E	R	K	N	Q	S	T	A	V	L	I	F	Y	W	H	M	C	P
0	0.01372	0.04053	0.06799	0.01001	0.01341	0.01191	0.00867	0.31135	0.06779	0.02344	0.05519	0.02400	0.20047	0.00834	0.00610	0.00166	0.04717	0.00653	0.04119	0.04052
1	0.00825	0.00781	0.03567	0.00831	0.01019	0.04706	0.04234	0.01019	0.01240	0.01606	0.17476	0.23514	0.24586	0.01234	0.00630	0.00185	0.00388	0.06714	0.00474	0.04970
2	0.04899	0.05539	0.01395	0.01118	0.03645	0.08092	0.00876	0.31436	0.05427	0.14197	0.01808	0.07020	0.07192	0.00892	0.03841	0.00194	0.00581	0.00593	0.00486	0.00772
3	0.01352	0.31811	0.23686	0.03048	0.05495	0.06082	0.03887	0.03987	0.01205	0.05021	0.01072	0.04550	0.00897	0.00558	0.00454	0.00147	0.00643	0.00430	0.04957	0.00717
4	0.00809	0.00665	0.01051	0.00978	0.01116	0.00636	0.11690	0.03530	0.01148	0.01543	0.08440	0.51090	0.06247	0.03074	0.05077	0.00247	0.00470	0.01230	0.00458	0.00502
5	0.00887	0.00860	0.05490	0.30786	0.07837	0.00872	0.01066	0.01140	0.01031	0.01388	0.01654	0.25039	0.01702	0.03779	0.13760	0.00313	0.00710	0.00808	0.00327	0.00552
6	0.07320	0.05500	0.17204	0.04691	0.05799	0.32685	0.01210	0.11645	0.01464	0.01772	0.01169	0.01295	0.04816	0.00587	0.00493	0.00154	0.00762	0.00423	0.00312	0.00698
7	0.02306	0.00720	0.00893	0.00819	0.01011	0.00732	0.00638	0.06645	0.06251	0.10962	0.20240	0.08800	0.15573	0.01669	0.16522	0.00318	0.02141	0.02675	0.00495	0.00589
8	0.03069	0.00656	0.00790	0.00781	0.00918	0.00651	0.00570	0.04795	0.08122	0.06627	0.18117	0.30870	0.07859	0.09439	0.00845	0.00227	0.00362	0.04252	0.00512	0.00538
9	0.11127	0.01676	0.03885	0.01331	0.06047	0.24797	0.02852	0.21243	0.05602	0.08601	0.01142	0.01239	0.00863	0.00644	0.00602	0.03359	0.03431	0.00431	0.00392	0.00735
10	0.07778	0.04312	0.05249	0.01446	0.14871	0.08678	0.04585	0.07232	0.07777	0.05798	0.04109	0.10558	0.01398	0.04401	0.00619	0.00175	0.00558	0.00596	0.00380	0.09480

[dist]
# distance from previous block
# <min> <max>
0	48

[block]
# block no. 10 follows, 45 sequences, length 15
# corresponding to MSA columns:
# 1079-1093
name=unknown_K
#
# <colnr> <probs for GDERKNQSTAVLIFYWHMCP>
#	G	D	E	R	K	N	Q	S	T	A	V	L	I	F	Y	W	H	M	C	P
0	0.13424	0.03737	0.15264	0.02289	0.03275	0.06736	0.03791	0.08957	0.11384	0.14857	0.01414	0.01496	0.02739	0.02508	0.00631	0.00179	0.05689	0.00477	0.00403	0.00751
1	0.03407	0.01790	0.27849	0.04806	0.02014	0.08062	0.12889	0.03572	0.06786	0.14534	0.01379	0.04392	0.01059	0.00618	0.00542	0.00171	0.00692	0.02561	0.00364	0.02511
2	0.01171	0.06083	0.09304	0.03071	0.05340	0.09304	0.09768	0.05938	0.06104	0.01762	0.13109	0.13881	0.04153	0.01848	0.02244	0.00186	0.00586	0.00721	0.00390	0.05035
3	0.01326	0.02974	0.01678	0.23136	0.07720	0.02506	0.11561	0.07661	0.08463	0.09865	0.01433	0.07939	0.01181	0.00820	0.03984	0.00206	0.03549	0.00601	0.02698	0.00698
4	0.00850	0.00574	0.00655	0.00631	0.00805	0.00498	0.00470	0.01001	0.01260	0.09687	0.15455	0.12899	0.47169	0.04725	0.00720	0.00196	0.00304	0.01074	0.00522	0.00503
5	0.01845	0.14038	0.01687	0.01263	0.01587	0.49817	0.00995	0.10299	0.10462	0.01645	0.01028	0.01110	0.00827	0.00570	0.00476	0.00142	0.00803	0.00383	0.00330	0.00691
6	0.00773	0.00517	0.00588	0.00595	0.00597	0.00515	0.00336	0.00779	0.00796	0.01061	0.01769	0.08268	0.02050	0.76246	0.02606	0.00502	0.00508	0.00826	0.00336	0.00332
7	0.01359	0.12229	0.46603	0.01450	0.02069	0.17643	0.05252	0.04443	0.01266	0.01627	0.00927	0.01087	0.00698	0.00515	0.00491	0.00157	0.00801	0.00387	0.00251	0.00746
8	0.01108	0.01378	0.12801	0.05175	0.06762	0.01126	0.39896	0.01501	0.01202	0.01644	0.01501	0.12682	0.01408	0.00742	0.00625	0.00190	0.00741	0.08528	0.00318	0.00672
9	0.00911	0.00737	0.00685	0.00670	0.00700	0.08865	0.00401	0.00926	0.00859	0.01070	0.01600	0.03242	0.01818	0.72565	0.02493	0.00480	0.00568	0.00734	0.00320	0.00357
10	0.01131	0.00646	0.00693	0.00639	0.00799	0.00675	0.00491	0.11876	0.01283	0.02087	0.01616	0.01883	0.01280	0.00910	0.05270	0.05360	0.00384	0.00500	0.61934	0.00542
11	0.01602	0.00936	0.01117	0.00944	0.01250	0.00946	0.00755	0.09526	0.22306	0.28041	0.16829	0.02584	0.06590	0.00832	0.00572	0.00174	0.00413	0.03217	0.00589	0.00776
12	0.00807	0.00625	0.00707	0.00712	0.00865	0.00587	0.00530	0.08791	0.01312	0.01669	0.07353	0.29526	0.38180	0.01383	0.00646	0.00194	0.00329	0.04776	0.00507	0.00501
13	0.01687	0.03233	0.01203	0.00952	0.01272	0.00991	0.00780	0.23633	0.01722	0.26890	0.10539	0.02726	0.09898	0.03739	0.00653	0.00186	0.00464	0.08122	0.00559	0.00750
14	0.03820	0.01268	0.02946	0.03802	0.01515	0.09705	0.00896	0.21940	0.04973	0.32348	0.09678	0.01778	0.01506	0.00684	0.00538	0.00163	0.00541	0.00541	0.00543	0.00814

[dist]
# distance from previous block
# <min> <max>
22	214

[block]
# block no. 11 follows, 45 sequences, length 12
# corresponding to MSA columns:
# 1353-1364
name=unknown_L
#
# <colnr> <probs for GDERKNQSTAVLIFYWHMCP>
#	G	D	E	R	K	N	Q	S	T	A	V	L	I	F	Y	W	H	M	C	P
0	0.08060	0.07086	0.16669	0.02947	0.01704	0.14707	0.05958	0.13608	0.08214	0.03910	0.03178	0.01662	0.04698	0.02739	0.00570	0.00173	0.00658	0.02376	0.00367	0.00716
1	0.01514	0.04458	0.03189	0.01394	0.09031	0.07757	0.07814	0.27166	0.03634	0.03344	0.03918	0.04133	0.04882	0.02823	0.02260	0.00180	0.02031	0.00552	0.00408	0.09511
2	0.01267	0.22464	0.20434	0.03596	0.06035	0.09728	0.01159	0.02746	0.01127	0.01466	0.01000	0.03156	0.00892	0.06403	0.00750	0.03929	0.04425	0.00428	0.01877	0.07117
3	0.01134	0.06752	0.01469	0.09532	0.20534	0.02817	0.03222	0.04767	0.06366	0.03266	0.05978	0.12055	0.09954	0.07130	0.00728	0.00197	0.00520	0.00726	0.00378	0.02475
4	0.01147	0.01150	0.06337	0.37340	0.03920	0.07105	0.01214	0.01523	0.05974	0.04892	0.03347	0.01686	0.03312	0.01042	0.10033	0.00259	0.06472	0.00518	0.02107	0.00623
5	0.01377	0.67643	0.06610	0.07100	0.01669	0.01973	0.04358	0.01599	0.01099	0.01314	0.00789	0.00945	0.00696	0.00468	0.00381	0.00126	0.00611	0.00323	0.00232	0.00689
6	0.00696	0.00523	0.00645	0.00664	0.00776	0.00472	0.00479	0.00872	0.01297	0.01741	0.36973	0.27439	0.22781	0.01339	0.00649	0.00187	0.00275	0.01179	0.00540	0.00472
7	0.00768	0.00544	0.00753	0.00772	0.00843	0.00598	0.00563	0.00914	0.00889	0.01276	0.01731	0.14086	0.01784	0.17461	0.48427	0.00657	0.01027	0.00749	0.05712	0.00446
8	0.00679	0.00500	0.00635	0.00698	0.00776	0.00457	0.00487	0.00820	0.01186	0.01586	0.22731	0.49238	0.15273	0.01480	0.00664	0.00200	0.00290	0.01321	0.00522	0.00457
9	0.67950	0.00963	0.00797	0.00709	0.01023	0.01078	0.00578	0.01553	0.01016	0.07378	0.06108	0.01446	0.06456	0.00610	0.00387	0.00167	0.00397	0.00412	0.00383	0.00589
10	0.51743	0.00875	0.00792	0.00711	0.00989	0.00948	0.00569	0.01473	0.01120	0.09074	0.16923	0.03928	0.07576	0.00731	0.00444	0.00169	0.00372	0.00548	0.00432	0.00582
11	0.01537	0.14668	0.04680	0.01030	0.01399	0.01408	0.00892	0.37695	0.05582	0.02539	0.13715	0.01952	0.06464	0.00730	0.00520	0.00156	0.00503	0.00573	0.03201	0.00760

[dist]
# distance from previous block
# <min> <max>
11	15

[block]
# block no. 12 follows, 45 sequences, length 15
# corresponding to MSA columns:
# 1381-1395
name=unknown_M
#
# <colnr> <probs for GDERKNQSTAVLIFYWHMCP>
#	G	D	E	R	K	N	Q	S	T	A	V	L	I	F	Y	W	H	M	C	P
0	0.01221	0.00971	0.01138	0.00820	0.01292	0.00753	0.00659	0.04065	0.01188	0.06244	0.01033	0.01161	0.00830	0.00422	0.00411	0.00087	0.00408	0.00337	0.00346	0.76614
1	0.00904	0.00689	0.00892	0.00973	0.05655	0.00706	0.00676	0.08396	0.04675	0.01681	0.06160	0.34392	0.09693	0.01774	0.14070	0.00312	0.00560	0.05185	0.02062	0.00544
2	0.00694	0.00530	0.00645	0.00701	0.00809	0.00472	0.00499	0.00820	0.01110	0.01444	0.05596	0.46086	0.24610	0.03189	0.00700	0.00206	0.00319	0.05762	0.00486	0.05321
3	0.01285	0.01636	0.17686	0.02589	0.48046	0.06398	0.06339	0.01659	0.01244	0.01734	0.05435	0.01428	0.01047	0.00524	0.00536	0.00162	0.00686	0.00491	0.00278	0.00795
4	0.01676	0.01472	0.04669	0.05817	0.29915	0.07513	0.01291	0.28374	0.05345	0.06840	0.01213	0.01345	0.00913	0.00571	0.00530	0.00161	0.00636	0.00476	0.00398	0.00844
5	0.01281	0.01208	0.01417	0.05091	0.13012	0.11847	0.01068	0.10116	0.01330	0.01738	0.07204	0.03908	0.02841	0.01037	0.04415	0.00224	0.17181	0.14077	0.00367	0.00637
6	0.51748	0.04559	0.01220	0.04837	0.03741	0.18194	0.03621	0.03566	0.01124	0.02053	0.00810	0.00966	0.00641	0.00512	0.00398	0.00159	0.00586	0.00335	0.00312	0.00617
7	0.00670	0.00496	0.00628	0.00719	0.00791	0.00455	0.00505	0.00790	0.01107	0.01446	0.07742	0.57066	0.17845	0.01573	0.00676	0.00210	0.00312	0.06018	0.00503	0.00447
8	0.01616	0.01258	0.01522	0.10542	0.07889	0.01395	0.02568	0.32807	0.23330	0.06109	0.03050	0.01658	0.02471	0.00660	0.00545	0.00170	0.00550	0.00543	0.00484	0.00833
9	0.00747	0.00538	0.00741	0.00763	0.00833	0.00574	0.00552	0.00869	0.00921	0.01271	0.04974	0.17383	0.06650	0.15306	0.40804	0.04535	0.00918	0.00831	0.00355	0.00435
10	0.00987	0.00856	0.01051	0.00977	0.01056	0.05596	0.00753	0.03892	0.00981	0.01346	0.03892	0.06916	0.04180	0.11781	0.29331	0.04517	0.20432	0.00642	0.00315	0.00498
11	0.01259	0.04968	0.01368	0.24455	0.04982	0.16537	0.01023	0.03308	0.05483	0.04379	0.03180	0.15704	0.03395	0.00811	0.00549	0.00171	0.00613	0.03015	0.00359	0.04439
12	0.01275	0.00957	0.01117	0.00843	0.01246	0.00810	0.00666	0.10959	0.01321	0.07669	0.04706	0.04682	0.01227	0.05479	0.00592	0.00133	0.00424	0.00463	0.00392	0.55037
13	0.01710	0.07375	0.07476	0.04980	0.05598	0.02367	0.06537	0.23066	0.05536	0.18630	0.01444	0.01470	0.02411	0.00590	0.00516	0.00155	0.00580	0.00486	0.00446	0.08626
14	0.00988	0.00822	0.03113	0.01124	0.09822	0.00783	0.00761	0.09345	0.07933	0.02995	0.04280	0.37595	0.13658	0.01232	0.00625	0.00194	0.00403	0.03252	0.00477	0.00595

[dist]
# distance from previous block
# <min> <max>
