[name]
unknown

[dist]
# distance from previous block
# <min> <max>
0	935

[block]
# block no. 0 follows, 55 sequences, length 115
# corresponding to MSA columns:
# 935-1033,1036-1051
name=unknown_A
#
# <colnr> <probs for GDERKNQSTAVLIFYWHMCP>
#	G	D	E	R	K	N	Q	S	T	A	V	L	I	F	Y	W	H	M	C	P
0	0.01221	0.04208	0.11282	0.07408	0.15982	0.08795	0.02642	0.18253	0.07023	0.01748	0.01311	0.01726	0.04353	0.00602	0.00474	0.00147	0.00549	0.09083	0.00325	0.02868
1	0.03125	0.01278	0.05547	0.03985	0.31551	0.09530	0.09809	0.12747	0.01225	0.03175	0.00897	0.01094	0.00710	0.00451	0.00484	0.00134	0.03231	0.00396	0.00276	0.10356
2	0.01283	0.01213	0.01892	0.07746	0.63670	0.04204	0.04431	0.03718	0.03706	0.01642	0.01023	0.01323	0.00855	0.00507	0.00512	0.00161	0.00607	0.00456	0.00283	0.00769
3	0.00654	0.00480	0.00557	0.00534	0.00658	0.00427	0.00391	0.00803	0.01132	0.03710	0.36525	0.03803	0.36721	0.10666	0.00759	0.00186	0.00258	0.00872	0.00453	0.00411
4	0.02627	0.07363	0.29185	0.01829	0.26518	0.01151	0.14945	0.01532	0.05357	0.03733	0.00936	0.01120	0.00716	0.00436	0.00456	0.00143	0.00617	0.00407	0.00241	0.00688
5	0.00828	0.00733	0.00997	0.00914	0.00969	0.02828	0.00731	0.00967	0.00786	0.01152	0.06187	0.01645	0.01170	0.04959	0.39978	0.00466	0.32103	0.00487	0.01650	0.00451
6	0.00612	0.00469	0.00573	0.00668	0.00706	0.03007	0.00454	0.00702	0.00924	0.01216	0.05439	0.75990	0.03038	0.01403	0.00588	0.00186	0.00290	0.02921	0.00429	0.00386
7	0.00635	0.00488	0.00583	0.00557	0.00686	0.00442	0.00418	0.00850	0.03274	0.01666	0.53329	0.03762	0.29569	0.01018	0.00547	0.00150	0.00229	0.00880	0.00485	0.00431
8	0.00983	0.00547	0.00726	0.00640	0.00807	0.00495	0.00495	0.01193	0.01320	0.19856	0.62635	0.03045	0.03654	0.00866	0.00530	0.00146	0.00260	0.00757	0.00527	0.00519
9	0.01244	0.83930	0.02438	0.00796	0.01194	0.01841	0.00796	0.01393	0.00945	0.01095	0.00647	0.00746	0.00597	0.00398	0.00299	0.00100	0.00498	0.00249	0.00199	0.00597
10	0.01157	0.00999	0.01052	0.00947	0.01210	0.01157	0.00736	0.02472	0.79908	0.01946	0.01893	0.01736	0.01420	0.00631	0.00473	0.00158	0.00368	0.00526	0.00473	0.00736
11	0.03041	0.01228	0.01245	0.01018	0.01341	0.06432	0.00819	0.42793	0.29970	0.05072	0.01386	0.01331	0.01012	0.00578	0.00462	0.00145	0.00475	0.00448	0.00454	0.00750
12	0.02065	0.00797	0.01079	0.00831	0.01188	0.00695	0.00685	0.02272	0.03226	0.79163	0.01837	0.01587	0.01158	0.00577	0.00468	0.00144	0.00395	0.00469	0.00573	0.00790
13	0.00677	0.00451	0.00507	0.00507	0.00507	0.00451	0.00282	0.00677	0.00677	0.00902	0.01466	0.03044	0.01691	0.83650	0.02368	0.00451	0.00451	0.00677	0.00282	0.00282
14	0.00554	0.00469	0.00479	0.00483	0.00633	0.00394	0.00360	0.00674	0.01062	0.01274	0.07165	0.07810	0.74696	0.01182	0.00552	0.00158	0.00237	0.00992	0.00435	0.00394
15	0.01210	0.01293	0.01831	0.13208	0.41052	0.16047	0.13093	0.01474	0.01084	0.01387	0.00841	0.01117	0.00687	0.00443	0.00501	0.00142	0.03300	0.00413	0.00229	0.00646
16	0.01764	0.01756	0.01234	0.01083	0.01349	0.55221	0.00831	0.04089	0.02930	0.20146	0.01041	0.01083	0.00776	0.00635	0.03884	0.00154	0.00732	0.00356	0.00331	0.00605
17	0.05862	0.00752	0.02126	0.00761	0.01034	0.00689	0.00621	0.05760	0.05355	0.41044	0.28220	0.02153	0.02196	0.00695	0.00486	0.00145	0.00344	0.00581	0.00523	0.00654
18	0.01344	0.01189	0.01601	0.01197	0.01590	0.11813	0.23925	0.09549	0.02825	0.12170	0.01032	0.01147	0.00769	0.00435	0.00447	0.00121	0.00566	0.00405	0.00322	0.27554
19	0.00571	0.00410	0.00535	0.00633	0.00665	0.00382	0.00421	0.00650	0.00890	0.01179	0.02627	0.75907	0.06983	0.04928	0.00667	0.00198	0.00276	0.01278	0.00425	0.00375
20	0.01178	0.01373	0.02486	0.01820	0.02242	0.12485	0.65389	0.01522	0.01118	0.01429	0.00928	0.02426	0.00725	0.00429	0.00550	0.00153	0.02377	0.00523	0.00238	0.00609
21	0.01200	0.54485	0.22995	0.00988	0.01451	0.08091	0.02453	0.01453	0.00988	0.01204	0.00707	0.00825	0.00597	0.00416	0.00350	0.00115	0.00580	0.00283	0.00202	0.00617
22	0.00601	0.00487	0.00573	0.00574	0.00691	0.00464	0.00429	0.00730	0.00992	0.01265	0.11151	0.11777	0.46572	0.03887	0.14771	0.00272	0.03080	0.00891	0.00397	0.00400
23	0.29527	0.00804	0.00911	0.00733	0.01054	0.00785	0.00603	0.01901	0.01134	0.50469	0.01430	0.01325	0.00944	0.00527	0.00401	0.00142	0.00373	0.00396	0.05867	0.00676
24	0.01062	0.10894	0.40674	0.01185	0.04681	0.06128	0.03706	0.05624	0.03904	0.03067	0.12229	0.01413	0.02383	0.00535	0.00448	0.00140	0.00575	0.00433	0.00282	0.00638
25	0.01547	0.01883	0.02477	0.01404	0.11350	0.57706	0.03723	0.02675	0.05833	0.01269	0.00836	0.00986	0.00689	0.00582	0.03081	0.00148	0.02633	0.00347	0.00254	0.00579
26	0.00635	0.00469	0.00549	0.00547	0.00667	0.00423	0.00411	0.00802	0.01137	0.01536	0.34521	0.08896	0.32277	0.02907	0.00579	0.00160	0.00245	0.05138	0.07685	0.00413
27	0.00619	0.00475	0.00595	0.00611	0.00707	0.00469	0.00447	0.00768	0.02464	0.01240	0.10553	0.19153	0.26996	0.07700	0.24649	0.00357	0.00557	0.00863	0.00376	0.00400
28	0.01157	0.00999	0.01052	0.00947	0.01210	0.01157	0.00736	0.02472	0.79908	0.01946	0.01893	0.01736	0.01420	0.00631	0.00473	0.00158	0.00368	0.00526	0.00473	0.00736
29	0.00764	0.00954	0.20347	0.00738	0.01005	0.00596	0.00732	0.01047	0.01150	0.02851	0.37903	0.02707	0.13441	0.00789	0.00490	0.00142	0.00341	0.00671	0.11204	0.02127
30	0.01073	0.01230	0.11007	0.01454	0.03490	0.00978	0.40018	0.01442	0.03257	0.04032	0.00948	0.01157	0.00722	0.00396	0.00468	0.00128	0.00610	0.00436	0.00261	0.26894
31	0.09682	0.26586	0.36768	0.01037	0.01547	0.01308	0.01173	0.08190	0.01082	0.07417	0.00858	0.00945	0.00642	0.00448	0.00387	0.00132	0.00561	0.00322	0.00257	0.00659
32	0.00658	0.00476	0.00622	0.00585	0.00695	0.00439	0.00439	0.00878	0.01317	0.01866	0.80503	0.03475	0.04390	0.00951	0.00549	0.00146	0.00219	0.00841	0.00512	0.00439
33	0.00635	0.00479	0.00589	0.00583	0.00697	0.00439	0.00434	0.00836	0.02957	0.01616	0.47639	0.14125	0.22529	0.01076	0.00556	0.00157	0.00240	0.03508	0.00479	0.00426
34	0.01520	0.33632	0.05623	0.01049	0.04047	0.26419	0.00890	0.09090	0.02339	0.10075	0.00879	0.00941	0.00693	0.00464	0.00385	0.00119	0.00603	0.00319	0.00283	0.00630
35	0.00933	0.02406	0.81240	0.01326	0.02014	0.01080	0.01719	0.01473	0.00982	0.01473	0.00835	0.00982	0.00589	0.00442	0.00442	0.00147	0.00688	0.00344	0.00196	0.00688
36	0.00584	0.00473	0.00518	0.00507	0.00649	0.00407	0.00380	0.00734	0.01141	0.01448	0.28466	0.04163	0.56687	0.01107	0.00549	0.00154	0.00231	0.00938	0.00457	0.00407
37	0.01080	0.00985	0.01406	0.17294	0.30895	0.01086	0.01085	0.01774	0.32798	0.01617	0.01381	0.02810	0.02645	0.00544	0.00471	0.00151	0.00480	0.00485	0.00331	0.00682
38	0.01730	0.01984	0.01338	0.01170	0.01435	0.61791	0.00898	0.19505	0.01504	0.01548	0.00808	0.00906	0.00643	0.00504	0.00453	0.00126	0.02442	0.00329	0.00291	0.00596
39	0.01217	0.15078	0.01871	0.05117	0.53253	0.07968	0.01234	0.02848	0.04420	0.01447	0.00869	0.01085	0.00728	0.00431	0.00431	0.00132	0.00561	0.00382	0.00239	0.00690
40	0.00901	0.00847	0.01414	0.75902	0.07542	0.01041	0.01285	0.01236	0.02990	0.01227	0.00857	0.01248	0.00648	0.00467	0.00465	0.00154	0.00610	0.00416	0.00215	0.00535
41	0.01098	0.01255	0.02745	0.01961	0.02431	0.01176	0.79059	0.01490	0.01098	0.01490	0.00941	0.01255	0.00706	0.00392	0.00549	0.00157	0.00784	0.00549	0.00235	0.00627
42	0.00621	0.00480	0.00651	0.10218	0.00982	0.00480	0.00541	0.00744	0.00917	0.01194	0.02586	0.48847	0.14992	0.04872	0.04703	0.00220	0.00372	0.05793	0.00390	0.00397
43	0.00961	0.00911	0.01543	0.58603	0.26493	0.01055	0.01333	0.01260	0.00969	0.01288	0.00841	0.01214	0.00655	0.00450	0.00464	0.00150	0.00600	0.00414	0.00214	0.00583
44	0.00970	0.00904	0.01452	0.64660	0.13258	0.02998	0.01274	0.01259	0.00957	0.03139	0.00846	0.01218	0.00647	0.00476	0.00508	0.00154	0.04095	0.00412	0.00219	0.00553
45	0.00566	0.00408	0.00537	0.00640	0.00673	0.00378	0.00429	0.00649	0.00898	0.01191	0.02655	0.80003	0.06362	0.01446	0.00592	0.00188	0.00268	0.01308	0.00432	0.00378
46	0.00853	0.00501	0.00619	0.00570	0.00711	0.00461	0.00434	0.01059	0.01222	0.10613	0.48074	0.02975	0.09959	0.00841	0.00491	0.00139	0.00240	0.00724	0.19040	0.00473
47	0.00716	0.04020	0.00707	0.00598	0.00724	0.00504	0.00457	0.00928	0.01291	0.03598	0.74118	0.03310	0.04114	0.02208	0.00565	0.00149	0.00239	0.00805	0.00497	0.00451
48	0.00574	0.00409	0.00541	0.00640	0.00668	0.00383	0.00426	0.00655	0.00894	0.01194	0.04700	0.77706	0.03055	0.04928	0.00668	0.00199	0.00276	0.01282	0.00428	0.00376
49	0.00965	0.00827	0.00965	0.00689	0.01102	0.00620	0.00551	0.01171	0.00965	0.01516	0.00827	0.00965	0.00689	0.00345	0.00345	0.00069	0.00345	0.00276	0.00276	0.86494
50	0.00666	0.00491	0.00712	0.00712	0.00783	0.00562	0.00537	0.00808	0.00737	0.01054	0.01278	0.02007	0.01241	0.15293	0.70109	0.00704	0.01129	0.00525	0.00254	0.00396
51	0.03174	0.61543	0.07768	0.00889	0.01283	0.12124	0.00867	0.03241	0.01032	0.03432	0.00713	0.00807	0.00615	0.00421	0.00333	0.00109	0.00550	0.00272	0.00223	0.00604
52	0.00570	0.00412	0.00540	0.00640	0.00678	0.00382	0.00433	0.00656	0.00906	0.01197	0.02706	0.76363	0.08271	0.01435	0.00592	0.00187	0.00271	0.02949	0.00432	0.00380
53	0.01056	0.03273	0.14231	0.01617	0.14166	0.04494	0.30459	0.04196	0.01145	0.02628	0.10330	0.01677	0.07485	0.00543	0.00503	0.00147	0.00605	0.00540	0.00288	0.00617
54	0.00627	0.00477	0.00578	0.00562	0.00682	0.00432	0.00418	0.00823	0.02377	0.01638	0.51394	0.09660	0.26527	0.01050	0.00551	0.00153	0.00230	0.00913	0.00482	0.00425
55	0.01079	0.03749	0.02885	0.20135	0.46856	0.02605	0.10747	0.01368	0.01031	0.01413	0.00909	0.03464	0.00764	0.00453	0.00470	0.00144	0.00593	0.00448	0.00230	0.00656
56	0.01136	0.26527	0.36981	0.01154	0.01638	0.09356	0.05124	0.02507	0.03475	0.01346	0.00807	0.00948	0.00636	0.00458	0.00459	0.00133	0.04961	0.00332	0.01388	0.00633
57	0.01011	0.00668	0.00830	0.00674	0.00930	0.00572	0.00529	0.03188	0.02435	0.13727	0.39172	0.02276	0.02545	0.00680	0.00466	0.00120	0.00297	0.00583	0.00442	0.28855
58	0.00900	0.17280	0.04533	0.12185	0.01187	0.00934	0.00664	0.04669	0.02857	0.01143	0.01145	0.01995	0.01166	0.38743	0.06391	0.00317	0.02680	0.00506	0.00261	0.00444
59	0.01165	0.00906	0.01097	0.00832	0.01206	0.00811	0.04185	0.08926	0.14141	0.08644	0.02374	0.01272	0.02310	0.00458	0.00404	0.00104	0.00385	0.00380	0.00357	0.50042
60	0.00984	0.15865	0.68231	0.01238	0.01878	0.01206	0.01566	0.01460	0.00976	0.01411	0.00804	0.00943	0.00591	0.00435	0.00418	0.00139	0.00656	0.00328	0.00197	0.00673
61	0.01643	0.05654	0.01316	0.01066	0.01339	0.42691	0.00837	0.20935	0.01503	0.08206	0.07621	0.01190	0.01011	0.00550	0.00465	0.00130	0.02495	0.00389	0.00343	0.00616
62	0.00584	0.00465	0.00524	0.00525	0.00653	0.00405	0.00388	0.00728	0.01119	0.01431	0.27175	0.12867	0.49209	0.01141	0.00554	0.00157	0.00235	0.00977	0.00456	0.00405
63	0.01254	0.01071	0.01788	0.03944	0.49712	0.02203	0.10840	0.01567	0.04436	0.11959	0.02825	0.01290	0.00889	0.00471	0.00515	0.00145	0.03640	0.00450	0.00292	0.00708
64	0.00829	0.00619	0.00812	0.00850	0.07454	0.00671	0.00546	0.00940	0.02608	0.04840	0.08221	0.04002	0.06099	0.42015	0.05772	0.00337	0.12021	0.00637	0.00313	0.00414
65	0.00679	0.00469	0.00583	0.00554	0.00668	0.00434	0.00416	0.00889	0.01247	0.01796	0.62999	0.03316	0.10389	0.00913	0.00517	0.00142	0.00220	0.00796	0.12539	0.00434
66	0.01101	0.00929	0.01001	0.00936	0.03634	0.03041	0.00701	0.04077	0.55533	0.03572	0.15575	0.02066	0.04422	0.00691	0.00487	0.00153	0.00360	0.00582	0.00467	0.00671
67	0.05445	0.18514	0.50165	0.01227	0.05080	0.01227	0.02734	0.03993	0.01026	0.05313	0.00848	0.00969	0.00628	0.00441	0.00410	0.00137	0.00609	0.00335	0.00231	0.00669
68	0.00672	0.00452	0.00509	0.00508	0.00517	0.00449	0.00289	0.00682	0.00707	0.00941	0.03791	0.03105	0.04414	0.78564	0.02256	0.00433	0.00437	0.00691	0.00293	0.00290
69	0.01912	0.01074	0.01254	0.00961	0.01328	0.01102	0.00794	0.44673	0.01803	0.37999	0.01439	0.01326	0.00953	0.00566	0.00466	0.00142	0.00460	0.00441	0.00515	0.00791
70	0.01127	0.01080	0.01833	0.04394	0.76638	0.01081	0.01391	0.01399	0.01057	0.01505	0.00996	0.01259	0.03265	0.00440	0.00463	0.00139	0.00544	0.00432	0.00236	0.00722
71	0.01151	0.01105	0.01888	0.02855	0.80748	0.01105	0.01428	0.01428	0.01059	0.01520	0.00875	0.01151	0.00737	0.00415	0.00461	0.00138	0.00553	0.00415	0.00230	0.00737
72	0.01184	0.01013	0.01067	0.00952	0.01220	0.01170	0.00743	0.05806	0.76531	0.01989	0.01860	0.01709	0.01393	0.00628	0.00473	0.00157	0.00374	0.00521	0.00473	0.00739
73	0.86937	0.00900	0.00684	0.00612	0.00900	0.01044	0.00504	0.01368	0.00792	0.02087	0.00648	0.00756	0.00504	0.00432	0.00288	0.00144	0.00360	0.00252	0.00288	0.00504
74	0.01244	0.83930	0.02438	0.00796	0.01194	0.01841	0.00796	0.01393	0.00945	0.01095	0.00647	0.00746	0.00597	0.00398	0.00299	0.00100	0.00498	0.00249	0.00199	0.00597
75	0.00666	0.00491	0.00712	0.00712	0.00783	0.00562	0.00537	0.00808	0.00737	0.01054	0.01278	0.02006	0.01241	0.15266	0.70136	0.00704	0.01129	0.00525	0.00254	0.00396
76	0.01341	0.00858	0.01097	0.05610	0.04850	0.00819	0.02367	0.03840	0.18657	0.25599	0.01621	0.04178	0.04857	0.00570	0.00448	0.00131	0.00397	0.00480	0.00421	0.21859
77	0.01748	0.01218	0.01326	0.01026	0.01386	0.01332	0.00845	0.65863	0.06277	0.10512	0.01238	0.01209	0.00869	0.00564	0.00463	0.00140	0.00487	0.00430	0.02287	0.00781
78	0.00567	0.00405	0.00540	0.00648	0.00675	0.00378	0.00432	0.00648	0.00891	0.01188	0.02564	0.83347	0.03077	0.01457	0.00594	0.00189	0.00270	0.01323	0.00432	0.00378
79	0.01768	0.01303	0.01396	0.01070	0.01443	0.01443	0.00884	0.79197	0.02187	0.02932	0.01117	0.01117	0.00791	0.00558	0.00465	0.00140	0.00512	0.00419	0.00465	0.00791
80	0.15546	0.00808	0.00974	0.00793	0.01099	0.00777	0.00645	0.09493	0.01273	0.49246	0.01704	0.10159	0.02367	0.00668	0.00457	0.00150	0.00387	0.02269	0.00498	0.00688
81	0.01060	0.00874	0.00935	0.00846	0.01084	0.00974	0.00656	0.02078	0.59690	0.04392	0.08906	0.02262	0.12771	0.00733	0.00490	0.00156	0.00338	0.00615	0.00474	0.00665
82	0.01244	0.83930	0.02438	0.00796	0.01194	0.01841	0.00796	0.01393	0.00945	0.01095	0.00647	0.00746	0.00597	0.00398	0.00299	0.00100	0.00498	0.00249	0.00199	0.00597
83	0.00560	0.00457	0.00496	0.00518	0.00643	0.00392	0.00376	0.00676	0.01038	0.01279	0.08913	0.22009	0.58572	0.01226	0.00560	0.00164	0.00242	0.01049	0.00437	0.00392
84	0.01170	0.01145	0.01860	0.08335	0.65989	0.04533	0.05252	0.03397	0.01092	0.01514	0.00874	0.01149	0.00723	0.00423	0.00464	0.00140	0.00580	0.00416	0.00235	0.00709
85	0.00651	0.00475	0.00612	0.00578	0.00690	0.00436	0.00433	0.00864	0.01299	0.01824	0.75334	0.03543	0.09584	0.00967	0.00549	0.00147	0.00221	0.00851	0.00507	0.00436
86	0.00601	0.00480	0.00547	0.00582	0.00713	0.00426	0.00456	0.00740	0.01052	0.01295	0.05682	0.12529	0.52774	0.01226	0.00576	0.00173	0.00284	0.19030	0.00433	0.00401
87	0.02071	0.00817	0.01095	0.00840	0.01200	0.00722	0.00694	0.06118	0.01374	0.77159	0.01799	0.01560	0.01134	0.00575	0.00468	0.00144	0.00402	0.00465	0.00570	0.00792
88	0.00567	0.00405	0.00540	0.00648	0.00675	0.00378	0.00432	0.00648	0.00891	0.01188	0.02564	0.83347	0.03077	0.01457	0.00594	0.00189	0.00270	0.01323	0.00432	0.00378
89	0.01250	0.00995	0.01067	0.00942	0.01217	0.01132	0.00738	0.05325	0.71047	0.07980	0.01860	0.01701	0.01376	0.00624	0.00473	0.00156	0.00376	0.00518	0.00481	0.00743
90	0.00660	0.00494	0.00738	0.00743	0.00824	0.00572	0.00575	0.00823	0.00754	0.01085	0.01305	0.05488	0.01249	0.03398	0.78160	0.00723	0.01202	0.00535	0.00257	0.00414
91	0.01059	0.01434	0.16333	0.05749	0.02396	0.01153	0.61843	0.01473	0.01070	0.01473	0.00917	0.01207	0.00681	0.00404	0.00526	0.00155	0.00760	0.00507	0.00227	0.00633
92	0.00580	0.00418	0.00558	0.00657	0.00695	0.00396	0.00452	0.00673	0.00898	0.01194	0.02560	0.73216	0.05307	0.01539	0.04524	0.00216	0.00324	0.04987	0.00423	0.00383
93	0.00936	0.02362	0.78710	0.01323	0.01988	0.01091	0.01697	0.01462	0.00974	0.01462	0.00828	0.00983	0.00590	0.00454	0.00476	0.00149	0.03290	0.00346	0.00197	0.00682
94	0.01210	0.01033	0.01637	0.03822	0.59478	0.02117	0.01222	0.03665	0.03764	0.08298	0.02581	0.01393	0.03969	0.00485	0.00462	0.00139	0.00508	0.00452	0.03058	0.00708
95	0.00975	0.13709	0.62262	0.01265	0.01880	0.01170	0.06672	0.01436	0.00987	0.01414	0.00946	0.01084	0.03282	0.00457	0.00433	0.00142	0.00652	0.00365	0.00207	0.00661
96	0.01071	0.01063	0.02642	0.07270	0.35683	0.10052	0.01048	0.01313	0.03845	0.02650	0.02462	0.06885	0.07158	0.05314	0.02494	0.00180	0.07470	0.00530	0.00277	0.00594
97	0.00682	0.00560	0.02437	0.00618	0.00743	0.02505	0.00479	0.00894	0.01269	0.01760	0.66934	0.07048	0.09035	0.00971	0.00547	0.00149	0.00253	0.02188	0.00488	0.00441
98	0.86937	0.00900	0.00684	0.00612	0.00900	0.01044	0.00504	0.01368	0.00792	0.02087	0.00648	0.00756	0.00504	0.00432	0.00288	0.00144	0.00360	0.00252	0.00288	0.00504
99	0.01065	0.00925	0.02934	0.03709	0.05528	0.00986	0.00745	0.10414	0.41590	0.01868	0.10410	0.04658	0.09159	0.02109	0.01653	0.00167	0.00392	0.00604	0.00436	0.00646
100	0.04963	0.37413	0.17284	0.01032	0.03959	0.09099	0.02460	0.04308	0.01089	0.13107	0.00895	0.00961	0.00687	0.00448	0.00378	0.00123	0.00554	0.00322	0.00273	0.00646
101	0.03741	0.01014	0.01401	0.01202	0.01211	0.01413	0.01002	0.01127	0.00715	0.01150	0.00612	0.01010	0.00607	0.00802	0.01487	0.00202	0.80186	0.00402	0.00206	0.00509
102	0.00567	0.00413	0.00535	0.00629	0.00671	0.00381	0.00424	0.00655	0.00917	0.01210	0.04524	0.73799	0.10726	0.01419	0.00588	0.00185	0.00265	0.01278	0.00434	0.00381
103	0.01049	0.00979	0.01593	0.44496	0.35895	0.03095	0.01322	0.01337	0.01006	0.03564	0.00873	0.01202	0.00684	0.00447	0.00462	0.00147	0.00591	0.00413	0.00228	0.00618
104	0.01173	0.12054	0.08875	0.01278	0.10904	0.02425	0.07763	0.08068	0.34106	0.01725	0.01336	0.03189	0.01052	0.00608	0.02277	0.00158	0.00509	0.00464	0.00350	0.01686
105	0.01059	0.07405	0.55391	0.01202	0.02803	0.01056	0.03274	0.03570	0.02968	0.08240	0.05441	0.01289	0.03257	0.00506	0.00448	0.00144	0.00599	0.00407	0.00268	0.00671
106	0.00965	0.00827	0.00965	0.00689	0.01102	0.00620	0.00551	0.01171	0.00965	0.01516	0.00827	0.00965	0.00689	0.00345	0.00345	0.00069	0.00345	0.00276	0.00276	0.86494
107	0.00863	0.00812	0.06625	0.00914	0.06035	0.00730	0.02565	0.01373	0.22322	0.03688	0.21532	0.13742	0.14121	0.00880	0.00521	0.00158	0.00344	0.01790	0.00432	0.00554
108	0.01001	0.00724	0.00953	0.02413	0.02291	0.00693	0.04260	0.01240	0.07140	0.08549	0.13694	0.06519	0.14449	0.04476	0.04563	0.00226	0.02190	0.18787	0.00450	0.05383
109	0.03103	0.02560	0.01712	0.07115	0.09900	0.03775	0.24268	0.11956	0.02270	0.16303	0.05911	0.01438	0.01047	0.00507	0.00484	0.00143	0.00563	0.01663	0.00351	0.04931
110	0.01037	0.00983	0.01649	0.14552	0.45015	0.01012	0.08538	0.01389	0.06679	0.01501	0.04944	0.01550	0.06002	0.00512	0.00477	0.00145	0.00528	0.00491	0.02344	0.00650
111	0.01129	0.01024	0.05682	0.00958	0.02714	0.01034	0.02219	0.12055	0.44784	0.02874	0.07996	0.03506	0.07883	0.00677	0.00482	0.00151	0.00392	0.00568	0.00441	0.03431
112	0.00655	0.00509	0.00618	0.00639	0.04105	0.00451	0.00448	0.00824	0.01166	0.02776	0.37008	0.07036	0.38377	0.01034	0.00542	0.00151	0.00248	0.00890	0.00457	0.02062
113	0.01362	0.07885	0.09216	0.01157	0.12509	0.06384	0.00881	0.08414	0.05409	0.20246	0.06220	0.01490	0.03526	0.00614	0.02384	0.00147	0.00485	0.00443	0.05009	0.06217
114	0.01300	0.04943	0.01095	0.00845	0.01123	0.02438	0.00679	0.25020	0.14926	0.10791	0.13325	0.01891	0.06310	0.03811	0.03470	0.00172	0.00432	0.00532	0.00440	0.06458

[dist]
# distance from previous block
# <min> <max>
4	16

[block]
# block no. 1 follows, 55 sequences, length 14
# corresponding to MSA columns:
# 1069-1082
name=unknown_B
#
# <colnr> <probs for GDERKNQSTAVLIFYWHMCP>
#	G	D	E	R	K	N	Q	S	T	A	V	L	I	F	Y	W	H	M	C	P
0	0.67294	0.01042	0.00946	0.00861	0.04583	0.07927	0.06008	0.01449	0.00887	0.04423	0.00721	0.00841	0.00557	0.00437	0.00330	0.00143	0.00440	0.00290	0.00287	0.00535
1	0.00771	0.00573	0.00672	0.00733	0.06130	0.04091	0.00430	0.00786	0.00729	0.00960	0.01294	0.02514	0.01425	0.57341	0.09191	0.10635	0.00541	0.00594	0.00264	0.00327
2	0.00893	0.00939	0.06405	0.00851	0.01000	0.13098	0.00694	0.01131	0.05710	0.01207	0.06773	0.01826	0.01315	0.11045	0.41026	0.00477	0.04368	0.00499	0.00278	0.00464
3	0.01012	0.05526	0.00914	0.00796	0.00967	0.17306	0.00613	0.05718	0.01146	0.04384	0.07854	0.24049	0.13145	0.01041	0.02990	0.00173	0.00457	0.08022	0.00381	0.03507
4	0.06367	0.01008	0.01070	0.00868	0.03447	0.09195	0.00670	0.01256	0.00961	0.01461	0.00778	0.00951	0.00660	0.00426	0.00504	0.00098	0.10993	0.00298	0.00262	0.58726
5	0.20894	0.05856	0.11726	0.03635	0.14638	0.01104	0.02094	0.10330	0.10228	0.01819	0.00943	0.01057	0.00731	0.00454	0.00396	0.00132	0.00473	0.00354	0.00298	0.12838
6	0.09058	0.08782	0.08805	0.02960	0.21162	0.14695	0.07331	0.14637	0.01236	0.01676	0.00837	0.01010	0.00666	0.00472	0.00484	0.00138	0.04761	0.00371	0.00270	0.00651
7	0.05043	0.13682	0.06709	0.06150	0.15934	0.09232	0.04206	0.06188	0.07866	0.01506	0.01197	0.03598	0.04234	0.00618	0.02374	0.00150	0.00544	0.03939	0.00287	0.06544
8	0.03795	0.13740	0.15802	0.01371	0.16593	0.08464	0.01072	0.12274	0.09044	0.04037	0.01133	0.03096	0.02741	0.00540	0.00463	0.00140	0.02665	0.02066	0.00302	0.00663
9	0.02875	0.21536	0.12954	0.05707	0.07648	0.08385	0.05482	0.07082	0.06561	0.03715	0.02170	0.03078	0.04658	0.00515	0.00419	0.00130	0.00539	0.00413	0.00283	0.05850
10	0.07919	0.14126	0.13493	0.01165	0.08403	0.11879	0.02111	0.13607	0.04205	0.03546	0.03453	0.02327	0.03895	0.00548	0.00492	0.00138	0.05926	0.00405	0.01735	0.00625
11	0.03706	0.12513	0.18591	0.04300	0.07907	0.10083	0.03902	0.09505	0.04441	0.02809	0.05841	0.04167	0.01059	0.02740	0.00481	0.00144	0.00541	0.00436	0.06225	0.00609
12	0.02774	0.10409	0.20748	0.02941	0.06961	0.07665	0.04435	0.18606	0.01286	0.03146	0.05937	0.05029	0.02335	0.03958	0.00542	0.00153	0.01670	0.00462	0.00310	0.00631
13	0.05239	0.16400	0.20686	0.03114	0.09011	0.09848	0.01038	0.05379	0.05740	0.03039	0.08076	0.01296	0.02733	0.00519	0.00440	0.00133	0.02116	0.00399	0.00283	0.04511

[dist]
# distance from previous block
# <min> <max>
2	85

[block]
# block no. 2 follows, 55 sequences, length 11
# corresponding to MSA columns:
# 1178-1188
name=unknown_C
#
# <colnr> <probs for GDERKNQSTAVLIFYWHMCP>
#	G	D	E	R	K	N	Q	S	T	A	V	L	I	F	Y	W	H	M	C	P
0	0.04085	0.07205	0.28134	0.04472	0.05226	0.03279	0.02230	0.04900	0.07518	0.04916	0.05596	0.08883	0.03819	0.01705	0.00486	0.00152	0.00513	0.03471	0.00313	0.03096
1	0.01503	0.12816	0.05961	0.01302	0.08732	0.07729	0.06657	0.05223	0.14962	0.12213	0.04350	0.04166	0.07169	0.00749	0.00558	0.00183	0.00567	0.00570	0.00440	0.04150
2	0.01207	0.09846	0.33768	0.02807	0.04693	0.11918	0.03381	0.11454	0.06997	0.03044	0.04080	0.01213	0.02558	0.00507	0.00441	0.00139	0.00607	0.00396	0.00284	0.00659
3	0.01195	0.27399	0.25592	0.01187	0.05494	0.08830	0.05210	0.06244	0.07198	0.01448	0.00868	0.00985	0.00687	0.00452	0.00421	0.00128	0.02070	0.00341	0.00246	0.04005
4	0.00626	0.00549	0.04416	0.00693	0.00787	0.00455	0.03544	0.00739	0.00929	0.01235	0.08135	0.51873	0.12411	0.07146	0.00749	0.03511	0.00320	0.01088	0.00399	0.00395
5	0.01249	0.05675	0.09467	0.01011	0.04772	0.04056	0.04463	0.13348	0.08208	0.15289	0.08039	0.11526	0.07570	0.00712	0.00483	0.00147	0.00447	0.00603	0.00405	0.02530
6	0.03074	0.11889	0.23860	0.03025	0.16186	0.04947	0.07684	0.04822	0.08062	0.06890	0.04432	0.01220	0.00910	0.00482	0.00442	0.00140	0.00570	0.00408	0.00285	0.00671
7	0.01155	0.08251	0.01810	0.04159	0.37512	0.06429	0.13713	0.07302	0.01133	0.01506	0.01115	0.08696	0.02568	0.01999	0.00506	0.00148	0.00569	0.00514	0.00270	0.00645
8	0.00745	0.00560	0.00653	0.00623	0.00690	0.02853	0.03422	0.03095	0.00860	0.01136	0.03742	0.10253	0.09756	0.50450	0.01629	0.00334	0.00422	0.04058	0.04364	0.00355
9	0.08139	0.07096	0.14813	0.02573	0.16361	0.04102	0.03802	0.11912	0.08437	0.10700	0.04191	0.02615	0.00986	0.01701	0.00469	0.00146	0.00517	0.00430	0.00335	0.00675
10	0.01304	0.02994	0.12335	0.03845	0.23032	0.14467	0.02489	0.08157	0.12240	0.06966	0.04149	0.01267	0.00953	0.00517	0.00491	0.00142	0.03241	0.00421	0.00313	0.00676

[dist]
# distance from previous block
# <min> <max>
14	66

[block]
# block no. 3 follows, 55 sequences, length 27
# corresponding to MSA columns:
# 1257-1283
name=unknown_D
#
# <colnr> <probs for GDERKNQSTAVLIFYWHMCP>
#	G	D	E	R	K	N	Q	S	T	A	V	L	I	F	Y	W	H	M	C	P
0	0.04834	0.22887	0.28427	0.02687	0.03505	0.07022	0.03866	0.08875	0.04949	0.02840	0.00898	0.01057	0.00710	0.02707	0.02724	0.00158	0.00607	0.00354	0.00256	0.00638
1	0.10156	0.26787	0.14155	0.00921	0.01288	0.10270	0.00881	0.08980	0.07879	0.01536	0.02325	0.01159	0.02606	0.02802	0.03880	0.00161	0.00557	0.00359	0.00279	0.03017
2	0.05646	0.28634	0.19479	0.01016	0.02951	0.02403	0.02869	0.17176	0.03299	0.03280	0.01941	0.04120	0.00832	0.00505	0.00398	0.00130	0.00520	0.00383	0.03775	0.00645
3	0.08393	0.36063	0.22764	0.00967	0.01404	0.06662	0.01012	0.08073	0.02331	0.03718	0.02885	0.00974	0.00740	0.00502	0.01616	0.00134	0.00559	0.00322	0.00255	0.00627
4	0.05318	0.47165	0.10588	0.00905	0.02807	0.03850	0.00864	0.08117	0.04047	0.01423	0.00866	0.03240	0.00749	0.00525	0.01955	0.00129	0.00512	0.00332	0.03604	0.03004
5	0.02623	0.47968	0.15508	0.00903	0.01320	0.03850	0.00923	0.06087	0.04625	0.04316	0.03238	0.00996	0.00793	0.00453	0.00360	0.00116	0.00510	0.00320	0.02071	0.03020
6	0.03810	0.40130	0.10168	0.00907	0.01277	0.03123	0.02162	0.15901	0.03288	0.01601	0.07252	0.03437	0.01046	0.00626	0.03305	0.00146	0.00523	0.00390	0.00293	0.00618
7	0.06427	0.64785	0.04042	0.00832	0.01205	0.09177	0.00798	0.01451	0.03353	0.01197	0.00795	0.00883	0.02579	0.00435	0.00324	0.00108	0.00515	0.00282	0.00222	0.00587
8	0.14973	0.55893	0.09417	0.00856	0.01256	0.03379	0.02754	0.03162	0.00971	0.01354	0.02029	0.00839	0.00652	0.00422	0.00327	0.00115	0.00503	0.00280	0.00226	0.00592
9	0.25884	0.14517	0.12673	0.00906	0.01273	0.04247	0.00853	0.19971	0.01241	0.06878	0.02828	0.02593	0.00790	0.00513	0.00419	0.00138	0.02963	0.00359	0.00325	0.00629
10	0.53838	0.12643	0.11607	0.00795	0.01150	0.07237	0.00750	0.04698	0.00936	0.01834	0.00697	0.00806	0.00547	0.00437	0.00327	0.00136	0.00464	0.00274	0.00267	0.00556
11	0.00808	0.00404	0.00606	0.00606	0.00606	0.00404	0.00404	0.00606	0.00606	0.00808	0.00808	0.01414	0.00808	0.01616	0.01818	0.86465	0.00404	0.00404	0.00202	0.00202
12	0.00550	0.00471	0.00471	0.00471	0.00628	0.00393	0.00353	0.00668	0.01060	0.01257	0.04713	0.04477	0.80560	0.01178	0.00550	0.00157	0.00236	0.00982	0.00432	0.00393
13	0.01157	0.00999	0.01052	0.00947	0.01210	0.01157	0.00736	0.02472	0.79908	0.01946	0.01893	0.01736	0.01420	0.00631	0.00473	0.00158	0.00368	0.00526	0.00473	0.00736
14	0.01022	0.00872	0.01021	0.00751	0.01133	0.00732	0.00604	0.06008	0.02944	0.01590	0.00858	0.00996	0.00708	0.00393	0.00426	0.00084	0.05325	0.00298	0.00288	0.73946
15	0.11335	0.01352	0.10994	0.04166	0.08126	0.08190	0.03799	0.31155	0.01495	0.11112	0.01077	0.03266	0.00804	0.00527	0.00444	0.00142	0.00542	0.00414	0.00367	0.00692
16	0.01738	0.02217	0.01318	0.01199	0.01438	0.81783	0.00899	0.01858	0.01318	0.01139	0.00719	0.00839	0.00599	0.00479	0.00419	0.00120	0.00839	0.00300	0.00240	0.00539
17	0.00578	0.00461	0.00517	0.00529	0.00649	0.00404	0.00385	0.00704	0.01056	0.01334	0.17093	0.17667	0.50086	0.03644	0.02612	0.00184	0.00270	0.00995	0.00437	0.00395
18	0.01371	0.01079	0.04999	0.04310	0.27791	0.04354	0.06310	0.10221	0.02407	0.19806	0.06036	0.01561	0.05153	0.00548	0.00474	0.00142	0.00504	0.00485	0.01759	0.00690
19	0.01142	0.06818	0.24129	0.03014	0.17145	0.11744	0.07667	0.05750	0.04543	0.01497	0.03001	0.01382	0.04854	0.00529	0.00491	0.00144	0.03086	0.02162	0.00264	0.00640
20	0.01191	0.00703	0.00975	0.01029	0.13221	0.00657	0.00689	0.04781	0.01281	0.24704	0.30448	0.02656	0.10194	0.00782	0.00513	0.00149	0.00347	0.04607	0.00473	0.00597
21	0.01130	0.01072	0.01794	0.08053	0.66663	0.01088	0.03262	0.03872	0.02592	0.01540	0.01038	0.01289	0.03603	0.00453	0.00467	0.00141	0.00547	0.00440	0.00248	0.00709
22	0.01133	0.01107	0.01797	0.13517	0.55667	0.04603	0.07092	0.03653	0.01083	0.01485	0.00934	0.04102	0.00798	0.00464	0.00471	0.00143	0.00580	0.00452	0.00242	0.00679
23	0.01251	0.09881	0.23699	0.01511	0.07510	0.03601	0.26141	0.12173	0.01220	0.07152	0.00957	0.01114	0.00705	0.00446	0.00467	0.00143	0.00650	0.00422	0.00276	0.00680
24	0.00714	0.00522	0.00662	0.00716	0.00822	0.00512	0.00573	0.02306	0.03873	0.01401	0.08760	0.17319	0.14337	0.05855	0.02005	0.00211	0.00364	0.35474	0.03148	0.00425
25	0.11906	0.18833	0.22500	0.02863	0.01468	0.19880	0.01033	0.03716	0.03579	0.03753	0.00917	0.01187	0.00761	0.00506	0.00403	0.00135	0.00601	0.05098	0.00260	0.00599
26	0.27267	0.05405	0.01212	0.00919	0.01236	0.01164	0.06015	0.30934	0.03666	0.06428	0.01118	0.04221	0.00902	0.00623	0.01986	0.00157	0.00470	0.03624	0.02018	0.00637

[dist]
# distance from previous block
# <min> <max>
4	8

[block]
# block no. 4 follows, 55 sequences, length 139
# corresponding to MSA columns:
# 1293-1344,1369-1379,1381-1456
name=unknown_E
#
# <colnr> <probs for GDERKNQSTAVLIFYWHMCP>
#	G	D	E	R	K	N	Q	S	T	A	V	L	I	F	Y	W	H	M	C	P
0	0.01130	0.01099	0.04559	0.02199	0.53593	0.04156	0.03041	0.01456	0.05830	0.04452	0.03626	0.02862	0.05126	0.00529	0.00473	0.00142	0.00519	0.02309	0.00285	0.02615
1	0.01191	0.07387	0.04400	0.00939	0.04073	0.07764	0.00757	0.09614	0.04427	0.07044	0.05966	0.02669	0.04017	0.00547	0.00517	0.00120	0.08123	0.00413	0.00327	0.29703
2	0.01140	0.00661	0.00838	0.00694	0.00931	0.00592	0.00547	0.04774	0.03132	0.22595	0.42425	0.02452	0.02750	0.00736	0.00491	0.00134	0.00301	0.00631	0.00490	0.13688
3	0.01096	0.03119	0.15964	0.02711	0.15809	0.01025	0.04054	0.04994	0.24852	0.04486	0.08275	0.03868	0.01312	0.00569	0.00466	0.00144	0.00473	0.00494	0.00352	0.05937
4	0.00655	0.00475	0.00616	0.00581	0.00693	0.00437	0.00436	0.00870	0.01308	0.01844	0.77762	0.03511	0.07145	0.00959	0.00549	0.00147	0.00220	0.00846	0.00509	0.00437
5	0.04281	0.00795	0.01069	0.00822	0.01180	0.00693	0.00679	0.02244	0.01318	0.79028	0.01805	0.01562	0.01135	0.00572	0.00463	0.00144	0.00395	0.00462	0.00568	0.00784
6	0.00867	0.00434	0.00434	0.00434	0.00542	0.00434	0.00325	0.01084	0.00976	0.01734	0.01518	0.01734	0.01192	0.00542	0.00325	0.00108	0.00217	0.00434	0.86233	0.00434
7	0.00644	0.00484	0.00612	0.00687	0.00784	0.00457	0.00540	0.00807	0.02317	0.01299	0.03098	0.29952	0.23977	0.01300	0.00599	0.00190	0.00324	0.31091	0.00431	0.00408
8	0.01232	0.01036	0.01094	0.00962	0.01238	0.01192	0.00754	0.11846	0.70412	0.02067	0.01799	0.01660	0.01343	0.00622	0.00472	0.00156	0.00386	0.00513	0.00472	0.00743
9	0.01180	0.00953	0.01067	0.00990	0.03087	0.01067	0.00778	0.16969	0.44940	0.02010	0.03489	0.02368	0.01606	0.00754	0.00508	0.00165	0.00410	0.16523	0.00458	0.00677
10	0.01244	0.83930	0.02438	0.00796	0.01194	0.01841	0.00796	0.01393	0.00945	0.01095	0.00647	0.00746	0.00597	0.00398	0.00299	0.00100	0.00498	0.00249	0.00199	0.00597
11	0.00675	0.00458	0.00545	0.00545	0.00558	0.00471	0.00328	0.00700	0.00688	0.00930	0.01432	0.02855	0.01609	0.71197	0.14709	0.00497	0.00575	0.00649	0.00277	0.00303
12	0.02087	0.00792	0.01080	0.00828	0.01188	0.00684	0.00684	0.02267	0.01332	0.81071	0.01835	0.01583	0.01152	0.00576	0.00468	0.00144	0.00396	0.00468	0.00576	0.00792
13	0.00720	0.00519	0.00711	0.00803	0.00907	0.00510	0.00685	0.00920	0.01075	0.01404	0.08017	0.10690	0.06818	0.01269	0.00628	0.00205	0.00393	0.62869	0.00435	0.00424
14	0.01098	0.01255	0.02745	0.01961	0.02431	0.01176	0.79059	0.01490	0.01098	0.01490	0.00941	0.01255	0.00706	0.00392	0.00549	0.00157	0.00784	0.00549	0.00235	0.00627
15	0.01738	0.02217	0.01318	0.01199	0.01438	0.81783	0.00899	0.01858	0.01318	0.01139	0.00719	0.00839	0.00599	0.00479	0.00419	0.00120	0.00839	0.00300	0.00240	0.00539
16	0.00692	0.00511	0.00651	0.00610	0.00730	0.00488	0.00459	0.00986	0.06653	0.01871	0.75165	0.03357	0.04188	0.00929	0.00544	0.00147	0.00230	0.00820	0.00509	0.00459
17	0.00567	0.00405	0.00540	0.00648	0.00675	0.00378	0.00432	0.00648	0.00891	0.01188	0.02564	0.83347	0.03077	0.01457	0.00594	0.00189	0.00270	0.01323	0.00432	0.00378
18	0.01052	0.00973	0.01628	0.06890	0.60417	0.00984	0.01278	0.01315	0.01051	0.01472	0.01193	0.03477	0.01127	0.00595	0.00496	0.00154	0.00528	0.14437	0.00269	0.00662
19	0.01098	0.01255	0.02745	0.01961	0.02431	0.01176	0.79059	0.01490	0.01098	0.01490	0.00941	0.01255	0.00706	0.00392	0.00549	0.00157	0.00784	0.00549	0.00235	0.00627
20	0.00619	0.00491	0.00569	0.00609	0.00745	0.00441	0.00492	0.00769	0.01058	0.01301	0.03869	0.07383	0.51243	0.01224	0.00583	0.00178	0.00303	0.27287	0.00431	0.00404
21	0.61037	0.01300	0.00877	0.00790	0.01063	0.25588	0.00624	0.01517	0.00952	0.01799	0.00669	0.00781	0.00533	0.00446	0.00328	0.00137	0.00506	0.00266	0.00273	0.00515
22	0.00567	0.00405	0.00540	0.00648	0.00675	0.00378	0.00432	0.00648	0.00891	0.01188	0.02564	0.83347	0.03077	0.01457	0.00594	0.00189	0.00270	0.01323	0.00432	0.00378
23	0.01610	0.01991	0.01431	0.01251	0.01481	0.65056	0.06279	0.03485	0.01252	0.01201	0.00731	0.00895	0.00612	0.00514	0.00559	0.00133	0.10401	0.00332	0.00240	0.00547
24	0.00632	0.00468	0.00590	0.00572	0.00682	0.00426	0.00424	0.00822	0.01235	0.01703	0.60879	0.11036	0.16736	0.01035	0.00553	0.00152	0.00227	0.00909	0.00492	0.00426
25	0.01393	0.00793	0.00949	0.00798	0.01056	0.00796	0.00633	0.11361	0.18287	0.29057	0.16681	0.06022	0.04816	0.00720	0.00487	0.00148	0.00351	0.00604	0.04387	0.00662
26	0.01848	0.01017	0.01181	0.00925	0.01273	0.02916	0.00757	0.29508	0.08515	0.42634	0.01628	0.01483	0.02925	0.00587	0.00468	0.00143	0.00441	0.00464	0.00516	0.00771
27	0.00645	0.00474	0.00589	0.00648	0.00718	0.00450	0.00451	0.05587	0.01017	0.01344	0.07097	0.63761	0.12803	0.01338	0.00578	0.00179	0.00278	0.01196	0.00438	0.00409
28	0.01286	0.68739	0.07199	0.00879	0.01275	0.11696	0.00866	0.01456	0.00994	0.01124	0.00667	0.00772	0.00597	0.00411	0.00322	0.00105	0.00552	0.00261	0.00204	0.00595
29	0.86937	0.00900	0.00684	0.00612	0.00900	0.01044	0.00504	0.01368	0.00792	0.02087	0.00648	0.00756	0.00504	0.00432	0.00288	0.00144	0.00360	0.00252	0.00288	0.00504
30	0.00886	0.00818	0.01376	0.63492	0.10223	0.00976	0.03054	0.01171	0.00935	0.01230	0.00951	0.04754	0.00791	0.02685	0.02620	0.00177	0.00605	0.00464	0.02268	0.00524
31	0.00688	0.00498	0.00604	0.00590	0.00719	0.00458	0.00452	0.00857	0.01157	0.04621	0.35421	0.08869	0.31734	0.01066	0.00574	0.00159	0.02165	0.06823	0.02112	0.00433
32	0.00550	0.00471	0.00471	0.00471	0.00628	0.00393	0.00353	0.00668	0.01060	0.01257	0.04713	0.04477	0.80560	0.01178	0.00550	0.00157	0.00236	0.00982	0.00432	0.00393
33	0.01098	0.01048	0.01772	0.18461	0.63624	0.01092	0.01385	0.01406	0.02909	0.01465	0.00890	0.01183	0.00730	0.00430	0.00462	0.00142	0.00562	0.00417	0.00231	0.00694
34	0.01082	0.01230	0.03916	0.01745	0.02101	0.02797	0.56890	0.01402	0.01006	0.01392	0.00864	0.01196	0.00687	0.00541	0.02062	0.00176	0.19582	0.00507	0.00228	0.00596
35	0.00714	0.00486	0.00649	0.00717	0.00800	0.00466	0.00547	0.00888	0.03043	0.04865	0.11218	0.43694	0.04258	0.01284	0.00594	0.00189	0.00320	0.24393	0.00447	0.00428
36	0.00909	0.00862	0.01469	0.73273	0.10649	0.01043	0.02843	0.01218	0.00946	0.01226	0.00834	0.01232	0.00633	0.00459	0.00466	0.00153	0.00617	0.00416	0.00210	0.00540
37	0.01171	0.01006	0.01060	0.00950	0.01215	0.01164	0.00740	0.04250	0.78107	0.01969	0.01875	0.01721	0.01406	0.00629	0.00473	0.00157	0.00372	0.00523	0.00473	0.00738
38	0.00672	0.00469	0.00600	0.00600	0.00632	0.00501	0.00397	0.00736	0.00704	0.00971	0.01381	0.02576	0.01488	0.52782	0.32959	0.00565	0.00757	0.00608	0.00269	0.00333
39	0.00553	0.00471	0.00475	0.00474	0.00630	0.00394	0.00356	0.00673	0.01067	0.01272	0.06658	0.04451	0.78605	0.01172	0.00550	0.00157	0.00235	0.00978	0.00434	0.00394
40	0.00613	0.00426	0.00532	0.00598	0.00617	0.00410	0.00381	0.00666	0.00812	0.01082	0.02139	0.50671	0.02534	0.33136	0.01279	0.00291	0.00343	0.02756	0.00374	0.00342
41	0.00879	0.00827	0.01395	0.82532	0.03204	0.01034	0.01292	0.01189	0.00930	0.01189	0.00827	0.01240	0.00620	0.00465	0.00465	0.00155	0.00620	0.00413	0.00207	0.00517
42	0.00867	0.00434	0.00434	0.00434	0.00542	0.00434	0.00325	0.01084	0.00976	0.01734	0.01518	0.01734	0.01192	0.00542	0.00325	0.00108	0.00217	0.00434	0.86233	0.00434
43	0.00747	0.00590	0.00812	0.00789	0.00897	0.00694	0.00616	0.01077	0.12227	0.01210	0.01383	0.01835	0.02730	0.02927	0.65343	0.00630	0.04234	0.00508	0.00284	0.00465
44	0.03436	0.00912	0.01096	0.00885	0.01212	0.00917	0.00717	0.12623	0.23103	0.45530	0.01746	0.03223	0.01204	0.00604	0.00468	0.00148	0.00401	0.00491	0.00524	0.00762
45	0.00867	0.00434	0.00434	0.00434	0.00542	0.00434	0.00325	0.01084	0.00976	0.01734	0.01518	0.01734	0.01192	0.00542	0.00325	0.00108	0.00217	0.00434	0.86233	0.00434
46	0.00675	0.00456	0.00534	0.00534	0.00543	0.00466	0.00315	0.00694	0.00684	0.00922	0.01441	0.02909	0.01633	0.74744	0.11194	0.00484	0.00539	0.00657	0.00278	0.00297
47	0.01166	0.01132	0.01874	0.02815	0.78817	0.03070	0.01415	0.01438	0.01066	0.01511	0.00871	0.01144	0.00734	0.00416	0.00460	0.00138	0.00560	0.00412	0.00231	0.00732
48	0.01150	0.00997	0.01077	0.03078	0.02827	0.01153	0.00764	0.02419	0.76329	0.01918	0.01846	0.01711	0.01386	0.00623	0.00473	0.00157	0.00378	0.00521	0.00462	0.00731
49	0.01157	0.00999	0.01052	0.00947	0.01210	0.01157	0.00736	0.02472	0.79908	0.01946	0.01893	0.01736	0.01420	0.00631	0.00473	0.00158	0.00368	0.00526	0.00473	0.00736
50	0.05095	0.01255	0.01339	0.01026	0.01398	0.01371	0.00846	0.70796	0.02049	0.02802	0.01079	0.01092	0.00773	0.00539	0.00450	0.00135	0.00494	0.00402	0.00445	0.06614
51	0.00697	0.10034	0.02159	0.02188	0.00803	0.02389	0.00482	0.00855	0.01112	0.01395	0.23738	0.05361	0.45154	0.00994	0.00516	0.00147	0.00291	0.00832	0.00414	0.00438
52	0.00899	0.00600	0.00803	0.00849	0.00992	0.00599	0.00732	0.06269	0.01173	0.06876	0.05604	0.04633	0.04372	0.01173	0.00613	0.00200	0.00419	0.62275	0.00444	0.00477
53	0.01175	0.04503	0.01119	0.00943	0.01215	0.01193	0.00742	0.04255	0.74726	0.01934	0.01822	0.01679	0.01370	0.00620	0.00466	0.00155	0.00377	0.00512	0.00462	0.00732
54	0.01157	0.01129	0.01875	0.04139	0.74650	0.03032	0.02934	0.01430	0.01058	0.01498	0.00867	0.01145	0.00729	0.00423	0.00479	0.00139	0.01948	0.00414	0.00230	0.00722
55	0.00713	0.00555	0.01952	0.02437	0.06896	0.00503	0.00552	0.00906	0.01172	0.03623	0.45518	0.18536	0.11716	0.01009	0.00547	0.00156	0.00279	0.02015	0.00456	0.00459
56	0.00677	0.00451	0.00507	0.00507	0.00507	0.00451	0.00282	0.00677	0.00677	0.00902	0.01466	0.03044	0.01691	0.83650	0.02368	0.00451	0.00451	0.00677	0.00282	0.00282
57	0.00867	0.00434	0.00434	0.00434	0.00542	0.00434	0.00325	0.01084	0.00976	0.01734	0.01518	0.01734	0.01192	0.00542	0.00325	0.00108	0.00217	0.00434	0.86233	0.00434
58	0.00978	0.00835	0.00972	0.00695	0.01108	0.00634	0.00557	0.02478	0.00985	0.01540	0.00832	0.00967	0.00691	0.00348	0.00347	0.00070	0.00347	0.00278	0.00279	0.85059
59	0.01405	0.01530	0.01559	0.01841	0.32585	0.32550	0.01121	0.05503	0.01169	0.02606	0.00801	0.01014	0.00673	0.00510	0.00607	0.00141	0.13138	0.00370	0.00247	0.00629
60	0.00867	0.00434	0.00434	0.00434	0.00542	0.00434	0.00325	0.01084	0.00976	0.01734	0.01518	0.01734	0.01192	0.00542	0.00325	0.00108	0.00217	0.00434	0.86233	0.00434
61	0.86937	0.00900	0.00684	0.00612	0.00900	0.01044	0.00504	0.01368	0.00792	0.02087	0.00648	0.00756	0.00504	0.00432	0.00288	0.00144	0.00360	0.00252	0.00288	0.00504
62	0.01461	0.01762	0.01296	0.01169	0.01331	0.54046	0.00905	0.01578	0.01124	0.01139	0.00798	0.03736	0.00739	0.00689	0.02664	0.00161	0.22751	0.01889	0.00240	0.00521
63	0.01333	0.02774	0.01657	0.11395	0.47915	0.08943	0.01223	0.06325	0.01170	0.11340	0.00983	0.01174	0.00762	0.00455	0.00455	0.00138	0.00565	0.00407	0.00285	0.00700
64	0.01170	0.01006	0.01059	0.00949	0.01215	0.01163	0.00739	0.04045	0.78314	0.01966	0.01878	0.01723	0.01407	0.00630	0.00473	0.00157	0.00371	0.00524	0.00473	0.00737
65	0.00567	0.00405	0.00540	0.00648	0.00675	0.00378	0.00432	0.00648	0.00891	0.01188	0.02564	0.83347	0.03077	0.01457	0.00594	0.00189	0.00270	0.01323	0.00432	0.00378
66	0.01145	0.01099	0.01877	0.04684	0.78969	0.01104	0.01425	0.01422	0.01056	0.01512	0.00874	0.01153	0.00734	0.00416	0.00461	0.00139	0.00554	0.00414	0.00230	0.00732
67	0.01053	0.01005	0.01711	0.31484	0.52886	0.01080	0.01379	0.01342	0.01013	0.01401	0.00858	0.01183	0.00695	0.00433	0.00462	0.00144	0.00577	0.00414	0.00222	0.00658
68	0.00658	0.00476	0.00622	0.00585	0.00695	0.00439	0.00439	0.00878	0.01317	0.01866	0.80503	0.03475	0.04390	0.00951	0.00549	0.00146	0.00219	0.00841	0.00512	0.00439
69	0.11868	0.00945	0.04255	0.00853	0.01214	0.00862	0.00729	0.14965	0.01389	0.53730	0.01529	0.01388	0.00994	0.00550	0.00442	0.00143	0.00418	0.00429	0.02549	0.00745
