[name]
unknown

[dist]
# distance from previous block
# <min> <max>
0	219

[block]
# block no. 0 follows, 64 sequences, length 55
# corresponding to MSA columns:
# 228-282
name=unknown_A
#
# <colnr> <probs for GDERKNQSTAVLIFYWHMCP>
#	G	D	E	R	K	N	Q	S	T	A	V	L	I	F	Y	W	H	M	C	P
0	0.03097	0.09207	0.09177	0.04849	0.01331	0.13648	0.00852	0.33899	0.05416	0.04242	0.00914	0.01046	0.00706	0.00514	0.01245	0.00130	0.05419	0.02296	0.00310	0.01701
1	0.01168	0.02434	0.01272	0.01042	0.05181	0.06023	0.11291	0.17302	0.18733	0.06343	0.01067	0.01167	0.00821	0.00469	0.00461	0.00121	0.05563	0.01688	0.00322	0.17534
2	0.00612	0.00496	0.04285	0.00541	0.00583	0.00459	0.00375	0.00665	0.00639	0.00874	0.01292	0.07075	0.01438	0.61201	0.15981	0.00419	0.01929	0.00592	0.00250	0.00297
3	0.01027	0.00877	0.00923	0.00825	0.01059	0.01004	0.00643	0.05932	0.73265	0.01743	0.01810	0.01672	0.06186	0.00590	0.00426	0.00140	0.00328	0.00490	0.00420	0.00641
4	0.00811	0.00423	0.00426	0.00413	0.00521	0.00428	0.00313	0.04640	0.00920	0.01597	0.01339	0.01523	0.01048	0.00485	0.00296	0.00098	0.00206	0.00387	0.83724	0.00402
5	0.00649	0.00480	0.00579	0.05632	0.00782	0.00466	0.00438	0.00817	0.07249	0.04863	0.04058	0.20622	0.39777	0.01033	0.00611	0.08617	0.01788	0.00797	0.00360	0.00381
6	0.01264	0.01130	0.01036	0.00897	0.01148	0.16122	0.00703	0.18054	0.46769	0.04831	0.01352	0.01287	0.01009	0.00523	0.00410	0.00130	0.00430	0.00410	0.01863	0.00633
7	0.00761	0.00389	0.00389	0.00389	0.00487	0.00385	0.00292	0.00951	0.00875	0.01529	0.01485	0.01660	0.04788	0.00510	0.00300	0.00099	0.00194	0.00409	0.83722	0.00385
8	0.03716	0.03528	0.05060	0.22290	0.10879	0.12461	0.10248	0.06200	0.00970	0.01291	0.00889	0.05152	0.00757	0.00487	0.00464	0.00131	0.05704	0.01832	0.07435	0.00508
9	0.00660	0.00453	0.00570	0.00527	0.00654	0.00404	0.00398	0.00833	0.01109	0.06521	0.58177	0.06993	0.15436	0.00856	0.00479	0.00131	0.00215	0.00747	0.00437	0.04399
10	0.01163	0.04615	0.01240	0.12655	0.14758	0.00760	0.09437	0.01365	0.01005	0.27989	0.04004	0.07799	0.06096	0.00586	0.00440	0.00135	0.00425	0.04616	0.00344	0.00566
11	0.04599	0.00420	0.00476	0.00482	0.00500	0.00428	0.00289	0.00638	0.00630	0.00887	0.01352	0.10005	0.01544	0.68837	0.06931	0.00385	0.00428	0.00629	0.00262	0.00276
12	0.02056	0.00917	0.02420	0.11762	0.19048	0.08811	0.05075	0.04364	0.08827	0.13591	0.05502	0.05240	0.01052	0.01577	0.00530	0.05470	0.01463	0.01445	0.00302	0.00548
13	0.02275	0.42463	0.04758	0.00819	0.01128	0.11657	0.00738	0.11841	0.14041	0.01345	0.00903	0.04725	0.00773	0.00461	0.00341	0.00110	0.00461	0.00334	0.00263	0.00562
14	0.04879	0.00635	0.00786	0.00669	0.00892	0.00580	0.00519	0.08524	0.01061	0.29231	0.05757	0.27481	0.01593	0.00737	0.00432	0.00130	0.00311	0.00633	0.00408	0.14742
15	0.01000	0.26856	0.47105	0.00970	0.01450	0.01103	0.01144	0.01327	0.00893	0.09095	0.00856	0.04934	0.00684	0.00438	0.00365	0.00120	0.00520	0.00334	0.00219	0.00585
16	0.00651	0.00451	0.00568	0.00571	0.00689	0.00406	0.01640	0.00785	0.00969	0.07363	0.15759	0.20177	0.32043	0.02127	0.00528	0.00155	0.00264	0.14064	0.00402	0.00388
17	0.00902	0.00974	0.01998	0.04685	0.01851	0.00957	0.59092	0.01178	0.00900	0.01227	0.00946	0.06363	0.00834	0.08649	0.00716	0.00170	0.07304	0.00528	0.00222	0.00505
18	0.00843	0.00811	0.01281	0.64306	0.15361	0.04097	0.01124	0.01105	0.00878	0.01135	0.04568	0.01174	0.00727	0.00429	0.00417	0.00134	0.00535	0.00383	0.00202	0.00490
19	0.00988	0.06929	0.22707	0.01316	0.06809	0.04657	0.25083	0.07196	0.04788	0.01378	0.00949	0.03656	0.00794	0.00481	0.00479	0.00136	0.04778	0.04969	0.01341	0.00566
20	0.00909	0.00909	0.01272	0.01091	0.01091	0.01272	0.00909	0.01000	0.00636	0.01000	0.00545	0.00909	0.00545	0.00727	0.01363	0.00182	0.84642	0.00364	0.00182	0.00454
21	0.00595	0.00438	0.00632	0.00632	0.00693	0.00500	0.00474	0.00719	0.00657	0.00938	0.01145	0.01813	0.01117	0.16869	0.70110	0.00623	0.00994	0.00472	0.00227	0.00351
22	0.02921	0.03427	0.01564	0.12862	0.64461	0.00967	0.01183	0.01213	0.00916	0.01305	0.00836	0.04952	0.00734	0.00419	0.00410	0.00127	0.00484	0.00400	0.00212	0.00609
23	0.01166	0.00935	0.01016	0.00866	0.01117	0.01053	0.01742	0.28030	0.47116	0.01964	0.01496	0.08133	0.01193	0.00598	0.00428	0.00137	0.00367	0.00495	0.01506	0.00643
24	0.01045	0.65484	0.20435	0.00823	0.01231	0.01485	0.00900	0.01256	0.00848	0.01054	0.00615	0.00718	0.00532	0.00370	0.00313	0.00100	0.01821	0.00243	0.00177	0.00550
25	0.00716	0.00363	0.00537	0.00537	0.00537	0.00363	0.00355	0.00544	0.00544	0.00726	0.00750	0.01333	0.00760	0.05497	0.01647	0.83690	0.00363	0.00372	0.00184	0.00184
26	0.00909	0.00909	0.01272	0.01091	0.01091	0.01272	0.00909	0.01000	0.00636	0.01000	0.00545	0.00909	0.00545	0.00727	0.01363	0.00182	0.84642	0.00364	0.00182	0.00454
27	0.00799	0.00753	0.01273	0.79429	0.07720	0.00927	0.01161	0.01074	0.00838	0.01079	0.00741	0.01103	0.00560	0.00413	0.00415	0.00138	0.00550	0.00369	0.00186	0.00473
28	0.00590	0.00440	0.00655	0.00659	0.00729	0.00508	0.00508	0.00731	0.00672	0.00966	0.01172	0.05557	0.01128	0.04678	0.78230	0.00639	0.01058	0.00483	0.00231	0.00367
29	0.01552	0.01980	0.01177	0.01070	0.01284	0.83735	0.00803	0.01659	0.01177	0.01017	0.00642	0.00749	0.00535	0.00428	0.00375	0.00107	0.00749	0.00268	0.00214	0.00482
30	0.00514	0.00367	0.00491	0.00588	0.00615	0.00344	0.00400	0.00592	0.00803	0.01069	0.02285	0.81105	0.02729	0.01294	0.00532	0.00170	0.00248	0.05126	0.00385	0.00340
31	0.01061	0.01019	0.01596	0.02272	0.67990	0.04202	0.01194	0.05273	0.00982	0.01378	0.00793	0.01069	0.00676	0.00419	0.00485	0.00128	0.06899	0.01713	0.00218	0.00633
32	0.00784	0.00728	0.01195	0.76327	0.02667	0.00901	0.01093	0.01096	0.04894	0.01095	0.00858	0.05033	0.00691	0.00464	0.00421	0.00140	0.00528	0.00412	0.00206	0.00465
33	0.00948	0.00899	0.01491	0.20469	0.57214	0.00943	0.01171	0.01237	0.04689	0.01298	0.00986	0.01218	0.04766	0.00423	0.00417	0.00128	0.00485	0.00400	0.00220	0.00599
34	0.00634	0.00532	0.04556	0.00565	0.00701	0.00447	0.00455	0.00872	0.04876	0.03377	0.60370	0.06900	0.12425	0.00851	0.00483	0.00134	0.00230	0.00744	0.00432	0.00415
35	0.01626	0.00812	0.00927	0.00742	0.01020	0.08639	0.00599	0.06616	0.01212	0.57699	0.08110	0.01533	0.03254	0.00544	0.00415	0.00125	0.00374	0.00438	0.04681	0.00635
36	0.10575	0.11469	0.39275	0.01096	0.05272	0.11123	0.03472	0.08818	0.00995	0.01423	0.00727	0.00848	0.00552	0.00405	0.00377	0.00123	0.01452	0.00299	0.01124	0.00576
37	0.00534	0.00413	0.00596	0.00636	0.00694	0.00382	0.05297	0.00626	0.00820	0.01082	0.02372	0.72818	0.09716	0.01221	0.00524	0.00164	0.00266	0.01112	0.00375	0.00352
38	0.00863	0.00749	0.02221	0.00664	0.00977	0.00611	0.01320	0.02871	0.03447	0.02218	0.00897	0.06106	0.00809	0.04382	0.00465	0.00096	0.04240	0.00340	0.00263	0.66459
39	0.01025	0.00794	0.00920	0.00669	0.01030	0.00657	0.00540	0.11964	0.01030	0.06942	0.00833	0.00916	0.00655	0.00347	0.00329	0.00074	0.00331	0.00275	0.00287	0.70382
40	0.00610	0.00454	0.00553	0.00534	0.00644	0.00427	0.00401	0.00832	0.05992	0.02309	0.50097	0.06730	0.19347	0.04856	0.00567	0.00150	0.00229	0.04450	0.00425	0.00394
41	0.01241	0.00977	0.01054	0.00915	0.03340	0.02195	0.00708	0.26135	0.47769	0.06024	0.01407	0.01328	0.01038	0.00526	0.00415	0.00132	0.00378	0.00425	0.00410	0.03581
42	0.01087	0.00606	0.00829	0.00716	0.00893	0.00580	0.04285	0.06264	0.01028	0.28670	0.08175	0.26933	0.05849	0.05902	0.00610	0.00160	0.04395	0.00704	0.00408	0.01905
43	0.00835	0.06896	0.70849	0.01098	0.01657	0.00957	0.01384	0.01270	0.00893	0.01318	0.05710	0.00999	0.00736	0.00417	0.00390	0.00127	0.00569	0.00327	0.00195	0.03374
44	0.00957	0.28452	0.48626	0.01102	0.05457	0.02050	0.02827	0.01300	0.00876	0.02383	0.00704	0.00829	0.00544	0.00388	0.00373	0.00118	0.01953	0.00289	0.00184	0.00587
45	0.00604	0.00403	0.00453	0.00453	0.00453	0.00403	0.00252	0.00604	0.00604	0.00805	0.01309	0.02718	0.01510	0.85402	0.02114	0.00403	0.00403	0.00604	0.00252	0.00252
46	0.00887	0.01373	0.29973	0.01373	0.02744	0.01901	0.39236	0.01242	0.00941	0.02554	0.04776	0.09088	0.00954	0.00483	0.00458	0.00139	0.00596	0.00500	0.00231	0.00552
47	0.01020	0.02181	0.05694	0.16667	0.19881	0.03380	0.09114	0.02774	0.17696	0.07773	0.01119	0.05942	0.00905	0.00551	0.02296	0.00147	0.01553	0.00445	0.00283	0.00580
48	0.00819	0.00761	0.01275	0.56097	0.21355	0.00881	0.01112	0.01072	0.00861	0.01139	0.00913	0.06368	0.00800	0.00494	0.00429	0.00139	0.00512	0.04264	0.00211	0.00496
49	0.00910	0.00758	0.04891	0.00764	0.04805	0.08067	0.00581	0.04838	0.04268	0.10914	0.43273	0.09083	0.03676	0.00739	0.00460	0.00131	0.00320	0.00637	0.00405	0.00480
50	0.00871	0.01667	0.04731	0.00903	0.08618	0.06470	0.05276	0.01019	0.00922	0.11646	0.02995	0.25323	0.18121	0.03375	0.02753	0.00165	0.03633	0.00715	0.00336	0.00459
51	0.01158	0.01178	0.14423	0.04017	0.05637	0.11519	0.15345	0.07238	0.01909	0.15788	0.01249	0.05481	0.02565	0.00566	0.00446	0.00138	0.00525	0.09948	0.00307	0.00562
52	0.01048	0.04183	0.01630	0.01354	0.10213	0.01783	0.29919	0.05888	0.00967	0.09467	0.01027	0.02670	0.00886	0.04367	0.03138	0.00172	0.13506	0.06980	0.00265	0.00539
53	0.00955	0.00884	0.05194	0.46535	0.10932	0.03368	0.01915	0.06038	0.00937	0.06973	0.00900	0.05641	0.00731	0.00489	0.00477	0.00138	0.05693	0.00412	0.01273	0.00516
54	0.03036	0.05304	0.23519	0.02183	0.11842	0.11626	0.04781	0.08170	0.08373	0.08705	0.01950	0.02066	0.04574	0.00476	0.00416	0.00127	0.01603	0.00385	0.00276	0.00591

[dist]
# distance from previous block
# <min> <max>
1	9

[block]
# block no. 1 follows, 64 sequences, length 38
# corresponding to MSA columns:
# 292-329
name=unknown_B
#
# <colnr> <probs for GDERKNQSTAVLIFYWHMCP>
#	G	D	E	R	K	N	Q	S	T	A	V	L	I	F	Y	W	H	M	C	P
0	0.02859	0.28280	0.13832	0.01116	0.11112	0.14987	0.04843	0.04858	0.00987	0.03102	0.03629	0.00964	0.02117	0.00421	0.00379	0.00112	0.02319	0.00318	0.00224	0.03541
1	0.01986	0.06956	0.17473	0.01223	0.10819	0.03711	0.15421	0.04070	0.10037	0.04237	0.04028	0.03175	0.04755	0.00534	0.00453	0.00135	0.02674	0.05809	0.01944	0.00559
2	0.04073	0.05456	0.01302	0.01109	0.10462	0.02756	0.03652	0.46423	0.06796	0.07328	0.01027	0.01101	0.00765	0.00530	0.01874	0.00135	0.01839	0.01452	0.01266	0.00654
3	0.00769	0.00685	0.04873	0.02445	0.02489	0.00621	0.11295	0.02019	0.10651	0.04757	0.17228	0.15504	0.08510	0.08890	0.01702	0.00177	0.00374	0.06207	0.00354	0.00454
4	0.00820	0.00676	0.00800	0.00742	0.00851	0.06906	0.00577	0.10129	0.00861	0.02483	0.01105	0.01561	0.02500	0.08264	0.53327	0.00491	0.06798	0.00437	0.00251	0.00420
5	0.00774	0.00387	0.00387	0.00387	0.00484	0.00387	0.00290	0.00968	0.00871	0.01549	0.01355	0.01549	0.01065	0.00484	0.00290	0.00097	0.00194	0.00387	0.87708	0.00387
6	0.02269	0.01192	0.09113	0.08340	0.31856	0.13252	0.05019	0.07559	0.06504	0.01388	0.00937	0.03078	0.00796	0.00476	0.00438	0.00131	0.02196	0.04628	0.00247	0.00582
7	0.00957	0.00541	0.00665	0.00582	0.00756	0.00505	0.00454	0.04865	0.03090	0.20779	0.27216	0.02469	0.15597	0.03680	0.04013	0.00160	0.00302	0.02037	0.08858	0.02473
8	0.00774	0.00387	0.00387	0.00387	0.00484	0.00387	0.00290	0.00968	0.00871	0.01549	0.01355	0.01549	0.01065	0.00484	0.00290	0.00097	0.00194	0.00387	0.87708	0.00387
9	0.05522	0.00862	0.01351	0.41962	0.19110	0.00998	0.05117	0.09024	0.00951	0.01336	0.00765	0.01050	0.00598	0.00436	0.00486	0.00136	0.07487	0.00368	0.01912	0.00529
10	0.01039	0.00965	0.01641	0.06980	0.76097	0.00973	0.01249	0.01285	0.00946	0.03677	0.00803	0.01043	0.00663	0.00377	0.00412	0.00124	0.00493	0.00371	0.00213	0.00649
11	0.01157	0.01046	0.03997	0.01146	0.09860	0.07821	0.10618	0.27590	0.08233	0.03078	0.02359	0.11739	0.01078	0.03414	0.00514	0.00143	0.02395	0.01477	0.01758	0.00577
12	0.00603	0.00405	0.00464	0.00464	0.00468	0.00409	0.00266	0.00611	0.00607	0.00814	0.01299	0.02662	0.01486	0.81144	0.06339	0.00416	0.00439	0.00596	0.00250	0.00258
13	0.15879	0.01275	0.01125	0.01111	0.12312	0.27575	0.00775	0.19490	0.04200	0.07211	0.00937	0.01001	0.02983	0.00463	0.00394	0.00122	0.01946	0.00335	0.00298	0.00569
14	0.01258	0.04014	0.01075	0.00895	0.01143	0.19960	0.00704	0.18692	0.40367	0.01725	0.01253	0.01221	0.00949	0.00508	0.00399	0.00126	0.00450	0.00391	0.04260	0.00611
15	0.01933	0.06070	0.04872	0.09353	0.29783	0.03736	0.19941	0.05291	0.03986	0.05990	0.00870	0.01083	0.00682	0.01904	0.00462	0.00133	0.01740	0.00392	0.00239	0.01542
16	0.01310	0.01505	0.01391	0.01697	0.36525	0.44322	0.00999	0.03185	0.01087	0.01206	0.00712	0.00878	0.00594	0.00402	0.00390	0.00113	0.00622	0.00314	0.00215	0.02533
17	0.01532	0.00919	0.01461	0.01084	0.01435	0.00875	0.24798	0.16552	0.02701	0.42249	0.01282	0.01251	0.00854	0.00463	0.00439	0.00131	0.00476	0.00432	0.00403	0.00662
18	0.00646	0.00505	0.00698	0.00670	0.00710	0.00602	0.00500	0.00741	0.00644	0.00922	0.01083	0.01844	0.01102	0.27365	0.46435	0.00512	0.13969	0.00480	0.00225	0.00348
19	0.01018	0.26560	0.37480	0.00976	0.01409	0.10270	0.02872	0.01354	0.04778	0.03528	0.00910	0.02837	0.03437	0.00440	0.00365	0.00118	0.00538	0.00332	0.00214	0.00564
20	0.01525	0.01894	0.01171	0.01059	0.01269	0.77475	0.00799	0.01656	0.02961	0.02666	0.00682	0.00785	0.00562	0.00443	0.00410	0.00111	0.03542	0.00278	0.00224	0.00489
21	0.00909	0.00909	0.01272	0.01091	0.01091	0.01272	0.00909	0.01000	0.00636	0.01000	0.00545	0.00909	0.00545	0.00727	0.01363	0.00182	0.84642	0.00364	0.00182	0.00454
22	0.00594	0.00500	0.03465	0.00691	0.04093	0.00440	0.00489	0.03445	0.02195	0.01180	0.04753	0.59882	0.10372	0.01145	0.00512	0.00161	0.00276	0.05050	0.00374	0.00383
23	0.01301	0.05246	0.01158	0.03932	0.04810	0.42468	0.02592	0.10437	0.03677	0.04578	0.03665	0.07202	0.03670	0.00554	0.00408	0.00121	0.00571	0.02815	0.00283	0.00512
24	0.03624	0.01155	0.01232	0.00946	0.01277	0.01280	0.00781	0.79536	0.01924	0.02600	0.00987	0.00990	0.00700	0.00496	0.00412	0.00125	0.00454	0.00370	0.00412	0.00700
25	0.01023	0.00992	0.01644	0.08191	0.75403	0.02875	0.01256	0.01269	0.00943	0.01329	0.00775	0.01027	0.00648	0.00375	0.00411	0.00124	0.00503	0.00368	0.00204	0.00640
26	0.01024	0.00993	0.01637	0.07109	0.69484	0.02709	0.03961	0.01321	0.05192	0.01352	0.00826	0.01057	0.00680	0.00383	0.00414	0.00125	0.00501	0.00377	0.00216	0.00640
27	0.00909	0.00909	0.01272	0.01091	0.01091	0.01272	0.00909	0.01000	0.00636	0.01000	0.00545	0.00909	0.00545	0.00727	0.01363	0.00182	0.84642	0.00364	0.00182	0.00454
28	0.00981	0.00952	0.01661	0.12582	0.62981	0.00976	0.07791	0.01233	0.00925	0.01305	0.00808	0.02815	0.00685	0.00401	0.00439	0.00129	0.02119	0.00397	0.00207	0.00615
29	0.00915	0.21706	0.42431	0.01111	0.07410	0.01059	0.04496	0.02089	0.00898	0.02958	0.01939	0.06102	0.02937	0.00475	0.00385	0.00124	0.00519	0.01662	0.00214	0.00568
30	0.01202	0.01157	0.02597	0.11567	0.19818	0.25202	0.00876	0.07036	0.02044	0.09543	0.02882	0.09345	0.00949	0.00526	0.00411	0.00125	0.00518	0.00434	0.03225	0.00543
31	0.02683	0.00808	0.14264	0.00768	0.00987	0.00596	0.05482	0.05518	0.00966	0.10701	0.07909	0.30462	0.05493	0.02292	0.02410	0.00161	0.00375	0.02365	0.05292	0.00469
32	0.00962	0.02701	0.20774	0.01201	0.17401	0.00780	0.04269	0.02365	0.05454	0.12524	0.04925	0.13779	0.05492	0.03683	0.00510	0.00146	0.01636	0.00540	0.00304	0.00556
33	0.00981	0.03015	0.11536	0.15382	0.28274	0.11707	0.04694	0.03349	0.00968	0.01273	0.05170	0.06823	0.00923	0.00489	0.00437	0.00129	0.02390	0.00426	0.01486	0.00547
34	0.00936	0.00836	0.03953	0.02629	0.05287	0.08438	0.05912	0.10617	0.03814	0.04988	0.05157	0.08831	0.02171	0.18419	0.12556	0.00266	0.02469	0.01964	0.00296	0.00460
35	0.00957	0.06940	0.19837	0.00942	0.04664	0.05172	0.03250	0.11651	0.05309	0.04007	0.07964	0.12830	0.07125	0.00633	0.00456	0.00131	0.03281	0.00524	0.00305	0.04022
36	0.08322	0.03868	0.19133	0.05729	0.10621	0.04823	0.04216	0.10227	0.03523	0.06710	0.04957	0.02228	0.02437	0.02126	0.00518	0.00139	0.07815	0.01777	0.00272	0.00560
37	0.04332	0.16634	0.13885	0.00921	0.02130	0.10415	0.05659	0.14121	0.05242	0.04290	0.01948	0.02640	0.04904	0.04217	0.01466	0.00138	0.02106	0.00381	0.00273	0.04298

[dist]
# distance from previous block
# <min> <max>
1	57

[block]
# block no. 2 follows, 64 sequences, length 7
# corresponding to MSA columns:
# 398-404
name=unknown_C
#
# <colnr> <probs for GDERKNQSTAVLIFYWHMCP>
#	G	D	E	R	K	N	Q	S	T	A	V	L	I	F	Y	W	H	M	C	P
0	0.04787	0.13325	0.18685	0.00970	0.06426	0.03572	0.04074	0.07481	0.05076	0.11090	0.07727	0.02636	0.05438	0.00525	0.00398	0.00124	0.00440	0.03227	0.00301	0.03697
1	0.01059	0.09506	0.24816	0.00937	0.04082	0.05853	0.00903	0.09219	0.05954	0.10394	0.05094	0.04438	0.03345	0.00644	0.04056	0.00149	0.00489	0.03293	0.01625	0.04143
2	0.02928	0.31033	0.21577	0.00856	0.01225	0.06554	0.03162	0.02910	0.00950	0.07125	0.04788	0.01317	0.06085	0.00487	0.00366	0.00115	0.00470	0.04059	0.00250	0.03743
3	0.00936	0.09661	0.10589	0.00843	0.04355	0.04236	0.00730	0.10060	0.04049	0.05671	0.12829	0.02287	0.13003	0.00724	0.00503	0.01786	0.03731	0.13174	0.00334	0.00499
4	0.03697	0.14092	0.43461	0.00968	0.01402	0.04295	0.01091	0.06953	0.04790	0.03270	0.04445	0.03000	0.00828	0.02936	0.02926	0.00149	0.00536	0.00357	0.00237	0.00569
5	0.04100	0.31320	0.14474	0.00793	0.01118	0.01095	0.02996	0.05651	0.10444	0.03572	0.06912	0.02958	0.10032	0.00545	0.00375	0.00120	0.00411	0.02265	0.00283	0.00536
6	0.06803	0.49310	0.12562	0.00799	0.01148	0.07919	0.00794	0.05222	0.00925	0.04144	0.00734	0.03158	0.00636	0.00518	0.03657	0.00127	0.00501	0.00288	0.00217	0.00537

[dist]
# distance from previous block
# <min> <max>
11	26

[block]
# block no. 3 follows, 64 sequences, length 15
# corresponding to MSA columns:
# 431-445
name=unknown_D
#
# <colnr> <probs for GDERKNQSTAVLIFYWHMCP>
#	G	D	E	R	K	N	Q	S	T	A	V	L	I	F	Y	W	H	M	C	P
0	0.01428	0.05263	0.05627	0.01020	0.01266	0.59417	0.00820	0.11407	0.01212	0.01232	0.00754	0.00932	0.00630	0.00580	0.04375	0.00139	0.00700	0.02448	0.00240	0.00511
1	0.04481	0.00730	0.00967	0.00888	0.10727	0.00612	0.04436	0.01029	0.00884	0.01364	0.06211	0.09663	0.01047	0.00457	0.00361	0.00091	0.00335	0.00400	0.00268	0.55048
2	0.00518	0.00407	0.00459	0.00475	0.00573	0.00358	0.00340	0.00623	0.00928	0.01176	0.16395	0.21908	0.46632	0.06571	0.00605	0.00162	0.00227	0.00906	0.00389	0.00348
3	0.02034	0.17381	0.08130	0.01191	0.19092	0.06848	0.01749	0.04120	0.09142	0.05499	0.01186	0.06739	0.05654	0.01990	0.00447	0.00127	0.02902	0.01294	0.00270	0.04203
4	0.01086	0.03195	0.10195	0.04229	0.06836	0.25584	0.02062	0.04674	0.04083	0.01300	0.05024	0.01080	0.00827	0.00562	0.04382	0.00135	0.01994	0.00336	0.05943	0.16472
5	0.01259	0.09082	0.01279	0.13743	0.08154	0.45395	0.00863	0.02830	0.04420	0.01102	0.00741	0.00917	0.00614	0.00601	0.05826	0.00151	0.01993	0.00311	0.00218	0.00501
6	0.01208	0.48969	0.01734	0.00892	0.04200	0.23636	0.00752	0.03846	0.00964	0.01069	0.00723	0.00829	0.02729	0.00421	0.00371	0.00103	0.05070	0.00273	0.01692	0.00518
7	0.00774	0.00387	0.00387	0.00387	0.00484	0.00387	0.00290	0.00968	0.00871	0.01549	0.01355	0.01549	0.01065	0.00484	0.00290	0.00097	0.00194	0.00387	0.87708	0.00387
8	0.00504	0.00369	0.00475	0.00560	0.00598	0.00339	0.00377	0.00580	0.00813	0.01068	0.02518	0.75453	0.12277	0.01272	0.00525	0.00165	0.00237	0.01145	0.00386	0.00339
9	0.00604	0.00403	0.00453	0.00453	0.00453	0.00403	0.00252	0.00604	0.00604	0.00805	0.01309	0.02718	0.01510	0.85402	0.02114	0.00403	0.00403	0.00604	0.00252	0.00252
10	0.00774	0.00387	0.00387	0.00387	0.00484	0.00387	0.00290	0.00968	0.00871	0.01549	0.01355	0.01549	0.01065	0.00484	0.00290	0.00097	0.00194	0.00387	0.87708	0.00387
11	0.07394	0.08127	0.03630	0.05438	0.08392	0.09001	0.00714	0.09169	0.06096	0.08293	0.05778	0.09351	0.01116	0.00716	0.05825	0.00157	0.00463	0.01372	0.00305	0.08662
12	0.00914	0.01000	0.05616	0.01054	0.02696	0.09031	0.02987	0.01042	0.00720	0.01022	0.00689	0.01073	0.00655	0.04210	0.13111	0.00248	0.52910	0.00376	0.00194	0.00453
13	0.00939	0.00920	0.03265	0.11063	0.04922	0.01153	0.03056	0.03293	0.08485	0.02592	0.02396	0.01059	0.00703	0.00633	0.01013	0.00164	0.53235	0.00386	0.00224	0.00500
14	0.01530	0.01107	0.01143	0.00898	0.01199	0.07671	0.00732	0.58381	0.01724	0.12244	0.06372	0.01178	0.00949	0.00517	0.00415	0.00124	0.00445	0.00396	0.02314	0.00661

[dist]
# distance from previous block
# <min> <max>
0	1

[block]
# block no. 4 follows, 64 sequences, length 48
# corresponding to MSA columns:
# 447-494
name=unknown_E
#
# <colnr> <probs for GDERKNQSTAVLIFYWHMCP>
#	G	D	E	R	K	N	Q	S	T	A	V	L	I	F	Y	W	H	M	C	P
0	0.00966	0.03968	0.16010	0.27585	0.19899	0.00919	0.01099	0.05333	0.00967	0.07026	0.04895	0.01240	0.00834	0.00454	0.00424	0.00130	0.01695	0.02686	0.00244	0.03630
1	0.01428	0.19521	0.01388	0.00909	0.01209	0.20187	0.00755	0.34577	0.09674	0.05071	0.00922	0.00942	0.00700	0.00459	0.00375	0.00115	0.00504	0.00328	0.00323	0.00613
2	0.01481	0.00431	0.00573	0.00612	0.00688	0.00408	0.02597	0.00688	0.00864	0.01138	0.07267	0.36324	0.16206	0.07656	0.01708	0.01551	0.00303	0.18786	0.00368	0.00352
3	0.00727	0.00679	0.08861	0.00669	0.00841	0.00558	0.00573	0.04329	0.09445	0.04135	0.33916	0.15006	0.08881	0.00913	0.02625	0.00156	0.00312	0.06525	0.00398	0.00452
4	0.01041	0.06002	0.14051	0.15887	0.35067	0.07184	0.03361	0.03622	0.00965	0.04665	0.00810	0.01013	0.00634	0.00398	0.00397	0.00124	0.00527	0.00350	0.03313	0.00588
5	0.01383	0.01714	0.01074	0.03930	0.01237	0.68998	0.00747	0.01500	0.01135	0.01055	0.02730	0.01145	0.08573	0.00498	0.00388	0.00112	0.00665	0.00343	0.02308	0.00464
6	0.00520	0.00379	0.00492	0.00571	0.00616	0.00351	0.00397	0.00611	0.00844	0.01115	0.07369	0.66559	0.11062	0.01238	0.00526	0.00165	0.00244	0.06205	0.00390	0.00345
7	0.04104	0.02474	0.06842	0.02172	0.61387	0.03882	0.07399	0.01269	0.00942	0.01344	0.00889	0.01102	0.03536	0.00397	0.00410	0.00125	0.00509	0.00382	0.00212	0.00621
8	0.00909	0.00909	0.01272	0.01091	0.01091	0.01272	0.00909	0.01000	0.00636	0.01000	0.00545	0.00909	0.00545	0.00727	0.01363	0.00182	0.84642	0.00364	0.00182	0.00454
9	0.00669	0.00478	0.00669	0.00765	0.00861	0.00478	0.00669	0.00861	0.00956	0.01243	0.02199	0.04685	0.02391	0.01147	0.00574	0.00191	0.00382	0.80015	0.00382	0.00382
10	0.02351	0.01002	0.03934	0.00866	0.01135	0.02121	0.00713	0.35515	0.31051	0.03942	0.03685	0.01505	0.01115	0.05290	0.00518	0.00149	0.00402	0.03677	0.00398	0.00631
11	0.00762	0.00905	0.18350	0.00795	0.03883	0.00636	0.02399	0.06922	0.04529	0.03571	0.24046	0.07539	0.21390	0.00759	0.00460	0.00136	0.00344	0.01735	0.00357	0.00482
12	0.01359	0.06248	0.11315	0.00991	0.09002	0.00789	0.03638	0.04274	0.05460	0.39555	0.06715	0.01539	0.03870	0.00530	0.00419	0.00129	0.00405	0.02741	0.00391	0.00630
13	0.00909	0.00909	0.01272	0.01091	0.01091	0.01272	0.00909	0.01000	0.00636	0.01000	0.00545	0.00909	0.00545	0.00727	0.01363	0.00182	0.84642	0.00364	0.00182	0.00454
14	0.05831	0.01128	0.01195	0.00928	0.01251	0.01254	0.00764	0.72296	0.07116	0.02523	0.01022	0.01017	0.00730	0.00497	0.00408	0.00126	0.00442	0.00373	0.00408	0.00691
15	0.00604	0.00403	0.00453	0.00453	0.00453	0.00403	0.00252	0.00604	0.00604	0.00805	0.01309	0.02718	0.01510	0.85402	0.02114	0.00403	0.00403	0.00604	0.00252	0.00252
16	0.00604	0.00403	0.00453	0.00453	0.00453	0.00403	0.00252	0.00604	0.00604	0.00805	0.01309	0.02718	0.01510	0.85402	0.02114	0.00403	0.00403	0.00604	0.00252	0.00252
17	0.00508	0.00416	0.00448	0.00451	0.00574	0.00356	0.00334	0.00625	0.00972	0.01206	0.16896	0.10590	0.63104	0.01039	0.00494	0.00141	0.00211	0.00881	0.00397	0.00356
18	0.00897	0.00737	0.00865	0.00620	0.00987	0.00556	0.00496	0.01081	0.00873	0.04248	0.00770	0.00881	0.00630	0.00315	0.00312	0.00064	0.00309	0.00252	0.00256	0.84852
19	0.01099	0.83687	0.02142	0.00710	0.01059	0.01618	0.00706	0.01232	0.00840	0.00977	0.00590	0.00689	0.00545	0.00419	0.02192	0.00102	0.00460	0.00227	0.00179	0.00529
20	0.00862	0.00570	0.00702	0.00667	0.03658	0.00527	0.00486	0.01112	0.09646	0.15121	0.14251	0.16947	0.21521	0.00813	0.00466	0.00133	0.01302	0.00697	0.00398	0.10121
21	0.00864	0.03660	0.78870	0.01167	0.01766	0.00989	0.01493	0.04127	0.00914	0.01355	0.00751	0.00877	0.00533	0.00398	0.00393	0.00131	0.00605	0.00308	0.00184	0.00616
22	0.00596	0.00436	0.00624	0.00624	0.00683	0.00495	0.00465	0.00714	0.00655	0.00932	0.01153	0.01854	0.01135	0.19918	0.67085	0.00613	0.00968	0.00478	0.00228	0.00347
23	0.00752	0.00446	0.00440	0.00440	0.00538	0.03309	0.00327	0.00930	0.00909	0.01488	0.09566	0.08081	0.04638	0.00602	0.00339	0.00108	0.00218	0.00498	0.65987	0.00386
24	0.00746	0.00591	0.00667	0.00607	0.00766	0.00602	0.00467	0.07384	0.20070	0.01626	0.38354	0.02792	0.22088	0.00804	0.00469	0.00135	0.00251	0.00686	0.00429	0.00469
25	0.01143	0.79480	0.02103	0.00737	0.01082	0.07699	0.00718	0.01274	0.00869	0.00980	0.00582	0.00672	0.00533	0.00361	0.00274	0.00090	0.00467	0.00225	0.00180	0.00529
26	0.00556	0.00437	0.00560	0.00592	0.02338	0.00394	0.02035	0.00677	0.00922	0.01207	0.16076	0.33765	0.28520	0.02376	0.00528	0.00154	0.00250	0.05354	0.00384	0.02875
27	0.06570	0.01153	0.16518	0.13373	0.38406	0.03773	0.04162	0.01222	0.00899	0.01306	0.00838	0.03109	0.00713	0.00471	0.01417	0.00138	0.01977	0.03166	0.00211	0.00575
28	0.82853	0.02006	0.01808	0.02229	0.00869	0.00947	0.00488	0.02430	0.00732	0.01839	0.00590	0.00691	0.00458	0.00388	0.00265	0.00128	0.00334	0.00231	0.00256	0.00457
29	0.00506	0.00361	0.00482	0.00578	0.00602	0.00337	0.00386	0.00578	0.00795	0.01060	0.02289	0.85131	0.02747	0.01301	0.00530	0.00169	0.00241	0.01181	0.00386	0.00337
30	0.00507	0.00365	0.00478	0.00568	0.00598	0.00339	0.00380	0.00580	0.00800	0.01060	0.02375	0.79587	0.06928	0.02593	0.00553	0.00171	0.00242	0.01156	0.00384	0.00337
31	0.03185	0.00765	0.07443	0.04020	0.04801	0.02921	0.04461	0.05278	0.09657	0.01340	0.07417	0.28659	0.05576	0.00971	0.05482	0.00179	0.01528	0.03787	0.02069	0.00461
32	0.00622	0.00487	0.00722	0.00705	0.00773	0.00587	0.00554	0.00765	0.00665	0.00967	0.01062	0.01567	0.00994	0.02902	0.76384	0.00624	0.08586	0.00438	0.00219	0.00378
33	0.00506	0.00361	0.00482	0.00578	0.00602	0.00337	0.00386	0.00578	0.00795	0.01060	0.02289	0.85131	0.02747	0.01301	0.00530	0.00169	0.00241	0.01181	0.00386	0.00337
34	0.71349	0.00835	0.03593	0.00600	0.00880	0.00881	0.00514	0.01353	0.00790	0.14892	0.00755	0.00801	0.00545	0.00407	0.00288	0.00129	0.00337	0.00259	0.00295	0.00497
35	0.00908	0.03447	0.71383	0.01196	0.02908	0.00989	0.04667	0.05486	0.00944	0.03174	0.00780	0.00903	0.00553	0.00400	0.00398	0.00131	0.00599	0.00320	0.00197	0.00618
36	0.01028	0.00987	0.01686	0.02550	0.82811	0.00987	0.01275	0.01275	0.00946	0.01357	0.00781	0.01028	0.00658	0.00370	0.00411	0.00123	0.00493	0.00370	0.00206	0.00658
37	0.00535	0.00421	0.00484	0.00472	0.00589	0.00369	0.00352	0.00681	0.01046	0.01367	0.39685	0.06221	0.44360	0.00968	0.00492	0.00137	0.00205	0.00830	0.00418	0.00369
38	0.02860	0.00695	0.02388	0.02257	0.00862	0.02419	0.00523	0.17477	0.03957	0.10920	0.02474	0.01683	0.02703	0.12875	0.08077	0.00208	0.00417	0.02321	0.24396	0.00486
39	0.02482	0.01834	0.02461	0.12469	0.07994	0.06794	0.15103	0.06491	0.03410	0.16751	0.08155	0.01511	0.03892	0.03572	0.02342	0.00154	0.02180	0.01545	0.00314	0.00546
40	0.47015	0.06615	0.10670	0.00697	0.02571	0.02405	0.00617	0.01123	0.00738	0.02320	0.00740	0.00995	0.00634	0.06046	0.12270	0.03064	0.00495	0.00299	0.00235	0.00450
41	0.00643	0.00491	0.00614	0.00597	0.00630	0.02238	0.00416	0.00709	0.00643	0.00885	0.01161	0.02123	0.01235	0.45749	0.33060	0.00480	0.07256	0.00518	0.00234	0.00318
42	0.00646	0.00511	0.00718	0.00817	0.07038	0.00488	0.02936	0.00817	0.00956	0.01236	0.06958	0.08686	0.22945	0.01033	0.00531	0.00167	0.00338	0.42413	0.00369	0.00398
43	0.00774	0.00387	0.00387	0.00387	0.00484	0.00387	0.00290	0.00968	0.00871	0.01549	0.01355	0.01549	0.01065	0.00484	0.00290	0.00097	0.00194	0.00387	0.87708	0.00387
44	0.00501	0.00381	0.00462	0.00526	0.00589	0.00342	0.00362	0.00584	0.00846	0.01081	0.02928	0.58138	0.29328	0.01218	0.00517	0.00159	0.00231	0.01080	0.00386	0.00342
45	0.00729	0.00374	0.00550	0.00547	0.00552	0.00375	0.00366	0.01768	0.00568	0.00757	0.00760	0.02650	0.00766	0.02626	0.01594	0.83900	0.00361	0.00378	0.00188	0.00192
46	0.00774	0.00387	0.00387	0.00387	0.00484	0.00387	0.00290	0.00968	0.00871	0.01549	0.01355	0.01549	0.01065	0.00484	0.00290	0.00097	0.00194	0.00387	0.87708	0.00387
47	0.01503	0.03694	0.05752	0.01067	0.01308	0.75739	0.00841	0.03290	0.01170	0.01066	0.00654	0.00760	0.00538	0.00426	0.00374	0.00108	0.00729	0.00271	0.00215	0.00495

[dist]
# distance from previous block
# <min> <max>
0	3

[block]
# block no. 5 follows, 64 sequences, length 45
# corresponding to MSA columns:
# 498-542
name=unknown_F
#
# <colnr> <probs for GDERKNQSTAVLIFYWHMCP>
#	G	D	E	R	K	N	Q	S	T	A	V	L	I	F	Y	W	H	M	C	P
0	0.00954	0.01003	0.05140	0.36026	0.40860	0.06494	0.01205	0.01215	0.00911	0.01211	0.00753	0.01035	0.00601	0.00394	0.00410	0.00129	0.00541	0.00360	0.00196	0.00563
1	0.04578	0.00973	0.07468	0.02908	0.06751	0.04255	0.02459	0.05699	0.34016	0.14286	0.02780	0.01565	0.01124	0.00610	0.02416	0.00150	0.00421	0.05741	0.01192	0.00610
2	0.00604	0.00408	0.00479	0.00489	0.00500	0.00411	0.00298	0.00627	0.00638	0.00852	0.01397	0.06191	0.01594	0.72321	0.06099	0.00393	0.00431	0.05736	0.00264	0.00270
3	0.04772	0.06472	0.01278	0.06219	0.04027	0.05416	0.15833	0.01035	0.00789	0.01111	0.00862	0.01218	0.00760	0.01516	0.33964	0.00348	0.11083	0.00397	0.00211	0.02690
4	0.03113	0.01120	0.01193	0.00933	0.01251	0.01247	0.00765	0.69285	0.12704	0.02485	0.01083	0.01066	0.00777	0.00505	0.00414	0.00127	0.00437	0.00384	0.00414	0.00695
5	0.01022	0.00582	0.02954	0.02625	0.00906	0.00516	0.00575	0.02781	0.01853	0.27324	0.10157	0.24637	0.04120	0.00898	0.00489	0.00153	0.00323	0.17171	0.00424	0.00491
6	0.00960	0.25913	0.38569	0.01091	0.02504	0.01163	0.11275	0.01306	0.03074	0.03280	0.00837	0.00962	0.02674	0.00417	0.00417	0.00123	0.04329	0.00331	0.00202	0.00574
7	0.03580	0.00746	0.00980	0.00753	0.01074	0.00672	0.00622	0.08417	0.01241	0.74969	0.01566	0.01365	0.00991	0.00510	0.00414	0.00128	0.00361	0.00410	0.00501	0.00702
8	0.01228	0.00636	0.00806	0.00678	0.00899	0.00609	0.00538	0.01595	0.16564	0.37134	0.31960	0.02072	0.02156	0.00649	0.00446	0.00132	0.00290	0.00552	0.00475	0.00580
9	0.00864	0.00861	0.01598	0.47141	0.14060	0.00943	0.22517	0.01149	0.00887	0.01182	0.00822	0.03376	0.00656	0.00416	0.00436	0.00137	0.00571	0.00424	0.01449	0.00512
10	0.04246	0.00974	0.01324	0.03708	0.17819	0.06909	0.10826	0.12466	0.07548	0.22699	0.01185	0.01382	0.00898	0.00494	0.00427	0.00132	0.00472	0.05524	0.00345	0.00622
11	0.00909	0.00909	0.01272	0.01091	0.01091	0.01272	0.00909	0.01000	0.00636	0.01000	0.00545	0.00909	0.00545	0.00727	0.01363	0.00182	0.84642	0.00364	0.00182	0.00454
12	0.00669	0.00478	0.00669	0.00765	0.00861	0.00478	0.00669	0.00861	0.00956	0.01243	0.02199	0.04685	0.02391	0.01147	0.00574	0.00191	0.00382	0.80015	0.00382	0.00382
13	0.00648	0.00573	0.00807	0.07540	0.03963	0.01388	0.08754	0.02860	0.02738	0.01239	0.10687	0.19089	0.36307	0.00901	0.00485	0.00143	0.00318	0.00797	0.00352	0.00411
14	0.01117	0.76023	0.08135	0.00750	0.01123	0.01561	0.00770	0.02363	0.00871	0.03243	0.00624	0.00707	0.00548	0.00365	0.00282	0.00094	0.00454	0.00236	0.00190	0.00546
15	0.01028	0.00987	0.01686	0.02550	0.82811	0.00987	0.01275	0.01275	0.00946	0.01357	0.00781	0.01028	0.00658	0.00370	0.00411	0.00123	0.00493	0.00370	0.00206	0.00658
16	0.78630	0.00898	0.00677	0.00600	0.00857	0.06486	0.00489	0.04858	0.00794	0.01841	0.00601	0.00694	0.00467	0.00394	0.00272	0.00127	0.00356	0.00234	0.00261	0.00464
17	0.00909	0.00909	0.01272	0.01091	0.01091	0.01272	0.00909	0.01000	0.00636	0.01000	0.00545	0.00909	0.00545	0.00727	0.01363	0.00182	0.84642	0.00364	0.00182	0.00454
18	0.00820	0.00477	0.00485	0.00468	0.00590	0.00502	0.00355	0.01188	0.15273	0.01582	0.01415	0.01549	0.01101	0.00498	0.00314	0.00105	0.00218	0.00402	0.72225	0.00435
19	0.01026	0.01008	0.01697	0.04253	0.71167	0.03288	0.07112	0.01276	0.00952	0.01337	0.00810	0.01103	0.00685	0.00387	0.00419	0.00126	0.00515	0.01992	0.00209	0.00636
20	0.00649	0.00469	0.00640	0.00718	0.00818	0.00461	0.00619	0.00833	0.00972	0.01266	0.08569	0.04508	0.09007	0.01117	0.00561	0.00182	0.00354	0.67487	0.00389	0.00381
21	0.00526	0.00389	0.00529	0.05310	0.00733	0.00377	0.00430	0.00616	0.00810	0.01075	0.04185	0.72482	0.06147	0.01280	0.02842	0.00179	0.00281	0.01091	0.00371	0.00347
22	0.00862	0.00837	0.01085	0.00951	0.00967	0.04778	0.00765	0.00944	0.00658	0.00966	0.00720	0.01256	0.00743	0.14788	0.08051	0.00254	0.60357	0.00405	0.00198	0.00416
23	0.00853	0.08016	0.77554	0.01151	0.01746	0.01012	0.01477	0.01310	0.00875	0.01292	0.00734	0.00862	0.00527	0.00392	0.00386	0.00129	0.00602	0.00301	0.00176	0.00608
24	0.82654	0.00857	0.04030	0.00577	0.00850	0.00925	0.00498	0.01244	0.00725	0.03785	0.00611	0.00701	0.00467	0.00389	0.00267	0.00129	0.00334	0.00233	0.00260	0.00463
25	0.05780	0.08293	0.31709	0.00877	0.02364	0.01814	0.00913	0.03217	0.00938	0.08648	0.09988	0.11275	0.03960	0.00654	0.02425	0.00143	0.02562	0.00481	0.00284	0.03676
26	0.01609	0.00750	0.00947	0.00763	0.01055	0.00719	0.00618	0.02044	0.23027	0.59170	0.03599	0.01491	0.01162	0.00536	0.00421	0.00132	0.00343	0.00440	0.00488	0.00686
27	0.00520	0.00371	0.00497	0.00588	0.00620	0.00348	0.00404	0.00604	0.00819	0.01094	0.05174	0.76996	0.02766	0.01275	0.00532	0.00169	0.00248	0.06244	0.00388	0.00342
28	0.01451	0.00616	0.00831	0.00691	0.00933	0.00547	0.00553	0.01612	0.02043	0.57127	0.06923	0.14051	0.03891	0.00790	0.03885	0.00159	0.00354	0.02472	0.00472	0.00600
29	0.00833	0.02149	0.83250	0.01184	0.01798	0.00965	0.01535	0.01315	0.00877	0.01315	0.00745	0.00877	0.00526	0.00395	0.00395	0.00132	0.00614	0.00307	0.00175	0.00614
30	0.00594	0.00442	0.00651	0.00651	0.00720	0.00510	0.00499	0.00731	0.00663	0.00952	0.01127	0.01713	0.01074	0.09301	0.77619	0.00648	0.01059	0.00457	0.00225	0.00362
31	0.01325	0.00818	0.04808	0.00776	0.01043	0.00766	0.00654	0.16432	0.13055	0.32169	0.14330	0.03476	0.01521	0.00694	0.03312	0.00152	0.00381	0.03231	0.00440	0.00615
32	0.01083	0.47769	0.12986	0.00890	0.01269	0.02891	0.07090	0.08418	0.00959	0.01234	0.00673	0.00788	0.00563	0.00384	0.00360	0.00103	0.03512	0.00276	0.00208	0.08544
33	0.00602	0.00417	0.00532	0.00532	0.00558	0.00444	0.00350	0.00652	0.00626	0.00861	0.01228	0.02303	0.01327	0.54398	0.31449	0.01988	0.00657	0.00543	0.00240	0.00293
34	0.00593	0.00445	0.00668	0.00668	0.00742	0.00519	0.00519	0.00742	0.00668	0.00964	0.01113	0.01632	0.01038	0.03115	0.83756	0.00668	0.01113	0.00445	0.00223	0.00371
35	0.01165	0.75230	0.02052	0.00755	0.01093	0.11868	0.00722	0.01295	0.00885	0.00982	0.00586	0.00677	0.00533	0.00364	0.00280	0.00091	0.00482	0.00228	0.00182	0.00527
36	0.00594	0.00442	0.00653	0.00653	0.00722	0.00511	0.00501	0.00733	0.00663	0.00954	0.01126	0.01704	0.01070	0.08619	0.78296	0.00650	0.01065	0.00456	0.00224	0.00363
37	0.01497	0.01090	0.01178	0.00923	0.01233	0.01202	0.00755	0.68270	0.08917	0.05373	0.01135	0.04534	0.00852	0.00538	0.00421	0.00128	0.00433	0.00417	0.00418	0.00687
38	0.01382	0.01040	0.02198	0.03007	0.05420	0.01122	0.02559	0.48366	0.17387	0.07750	0.01166	0.01210	0.00861	0.04004	0.00488	0.00140	0.00434	0.00407	0.00393	0.00665
39	0.01577	0.01218	0.01242	0.00963	0.01288	0.06802	0.00790	0.76091	0.01901	0.02511	0.00974	0.00981	0.00695	0.00494	0.00413	0.00123	0.00477	0.00367	0.00402	0.00691
40	0.00614	0.00476	0.00708	0.00696	0.00765	0.00570	0.00545	0.00759	0.00665	0.00967	0.01075	0.01583	0.01005	0.02956	0.78246	0.00635	0.06699	0.00440	0.00220	0.00376
41	0.00861	0.00738	0.00861	0.00615	0.00984	0.00554	0.00492	0.01046	0.00861	0.01354	0.00738	0.00861	0.00615	0.00308	0.00308	0.00062	0.00308	0.00246	0.00246	0.87941
42	0.01125	0.81244	0.03786	0.00726	0.01084	0.02718	0.00727	0.01265	0.00856	0.02516	0.00602	0.00686	0.00542	0.00360	0.00273	0.00091	0.00450	0.00228	0.00184	0.00537
43	0.05267	0.03730	0.03255	0.00945	0.01174	0.08880	0.09486	0.01470	0.01860	0.29609	0.07522	0.01272	0.01004	0.00615	0.02722	0.00152	0.19738	0.00408	0.00332	0.00558
44	0.07989	0.09731	0.31385	0.01202	0.07974	0.07101	0.13767	0.04245	0.00960	0.05726	0.00946	0.01076	0.04319	0.01331	0.00411	0.00129	0.00548	0.00361	0.00230	0.00571

[dist]
# distance from previous block
# <min> <max>
1	10

[block]
# block no. 6 follows, 64 sequences, length 7
# corresponding to MSA columns:
# 553-559
name=unknown_G
#
# <colnr> <probs for GDERKNQSTAVLIFYWHMCP>
#	G	D	E	R	K	N	Q	S	T	A	V	L	I	F	Y	W	H	M	C	P
0	0.00833	0.07607	0.04741	0.00725	0.03689	0.00676	0.00588	0.05467	0.02421	0.03022	0.15126	0.07185	0.08968	0.00629	0.00425	0.00113	0.02059	0.06264	0.00320	0.29141
1	0.01091	0.64292	0.01849	0.00742	0.01050	0.07594	0.00688	0.01328	0.09444	0.01067	0.00824	0.06885	0.00771	0.00451	0.00310	0.00101	0.00440	0.00321	0.00221	0.00528
2	0.01050	0.04983	0.42863	0.01023	0.01467	0.02658	0.04840	0.07786	0.05267	0.12523	0.07871	0.01304	0.00998	0.00487	0.00413	0.00131	0.00509	0.02939	0.00286	0.00601
3	0.00898	0.07267	0.56505	0.01010	0.01497	0.00914	0.01211	0.05332	0.00964	0.05823	0.05105	0.03944	0.06750	0.00503	0.00405	0.00130	0.00519	0.00402	0.00242	0.00579
4	0.00594	0.00453	0.00560	0.00536	0.00662	0.00402	0.00410	0.00761	0.01053	0.01443	0.45900	0.08954	0.19824	0.00902	0.00484	0.00135	0.00229	0.08038	0.00411	0.08249
5	0.01035	0.15984	0.33891	0.00952	0.01376	0.08054	0.02598	0.07575	0.03781	0.04387	0.06183	0.01032	0.00821	0.00428	0.00373	0.00114	0.00505	0.00330	0.00246	0.10336
6	0.04487	0.02606	0.08450	0.00690	0.04209	0.02140	0.00568	0.00957	0.02551	0.04496	0.10274	0.05158	0.30432	0.00720	0.00425	0.00122	0.00313	0.03275	0.00330	0.17799

[dist]
# distance from previous block
# <min> <max>
0	16

[block]
# block no. 7 follows, 64 sequences, length 31
# corresponding to MSA columns:
# 576-580,588-613
name=unknown_H
#
# <colnr> <probs for GDERKNQSTAVLIFYWHMCP>
#	G	D	E	R	K	N	Q	S	T	A	V	L	I	F	Y	W	H	M	C	P
0	0.04947	0.11057	0.10949	0.00780	0.01130	0.05973	0.01982	0.04644	0.06358	0.09718	0.03032	0.02337	0.00821	0.00425	0.00354	0.00101	0.00404	0.01735	0.00283	0.32971
1	0.00856	0.05865	0.31784	0.00866	0.01210	0.02216	0.00907	0.04812	0.12371	0.03381	0.13439	0.10839	0.05412	0.00631	0.00426	0.00133	0.00420	0.01428	0.00309	0.02694
2	0.00533	0.04164	0.00551	0.00562	0.00621	0.00400	0.00394	0.00616	0.00826	0.01070	0.02530	0.66437	0.15896	0.01215	0.00513	0.00161	0.00248	0.02540	0.00376	0.00349
3	0.02473	0.61526	0.14668	0.00823	0.01211	0.04849	0.02034	0.04849	0.00918	0.02458	0.00646	0.00736	0.00548	0.00374	0.00303	0.00100	0.00484	0.00251	0.00197	0.00553
4	0.37895	0.34665	0.02708	0.00680	0.00986	0.03364	0.00616	0.05618	0.05353	0.03881	0.00697	0.00764	0.00562	0.00394	0.00289	0.00113	0.00395	0.00253	0.00248	0.00519
5	0.07542	0.23963	0.11004	0.00864	0.01204	0.08625	0.00799	0.24463	0.07853	0.06668	0.00896	0.00957	0.00688	0.02272	0.00395	0.00122	0.00470	0.00321	0.00297	0.00597
6	0.11507	0.47006	0.16724	0.00840	0.01219	0.04488	0.04407	0.04307	0.00906	0.01249	0.03552	0.00828	0.00653	0.00392	0.00317	0.00107	0.00475	0.00276	0.00209	0.00539
7	0.00633	0.00470	0.00642	0.00629	0.00682	0.00535	0.00462	0.02551	0.00679	0.00959	0.01169	0.03965	0.01189	0.27491	0.51270	0.00539	0.05046	0.00505	0.00238	0.00346
8	0.00955	0.01186	0.12636	0.01556	0.04332	0.00988	0.57275	0.04833	0.01008	0.01385	0.03802	0.01329	0.00827	0.02083	0.00507	0.00145	0.00635	0.03727	0.00231	0.00557
9	0.00527	0.00376	0.00506	0.00602	0.00636	0.00355	0.00422	0.00615	0.00816	0.01084	0.02278	0.74827	0.02702	0.01282	0.00536	0.00172	0.00259	0.11279	0.00385	0.00343
10	0.00723	0.00579	0.02859	0.00814	0.10092	0.00531	0.00565	0.00996	0.06709	0.04448	0.55520	0.02768	0.04970	0.00776	0.00477	0.00135	0.00268	0.05901	0.00414	0.00456
11	0.00506	0.00361	0.00482	0.00578	0.00602	0.00337	0.00386	0.00578	0.00795	0.01060	0.02289	0.85131	0.02747	0.01301	0.00530	0.00169	0.00241	0.01181	0.00386	0.00337
12	0.00861	0.00738	0.00861	0.00615	0.00984	0.00554	0.00492	0.01046	0.00861	0.01354	0.00738	0.00861	0.00615	0.00308	0.00308	0.00062	0.00308	0.00246	0.00246	0.87941
13	0.01579	0.01163	0.01247	0.00956	0.01288	0.01288	0.00789	0.81426	0.01953	0.02618	0.00997	0.00997	0.00706	0.00499	0.00416	0.00125	0.00457	0.00374	0.00416	0.00706
14	0.88336	0.00803	0.00611	0.00546	0.00803	0.00932	0.00450	0.01221	0.00707	0.01864	0.00578	0.00675	0.00450	0.00386	0.00257	0.00129	0.00321	0.00225	0.00257	0.00450
15	0.01331	0.00897	0.01002	0.00993	0.12246	0.12438	0.00684	0.08655	0.03045	0.30213	0.16146	0.01683	0.05866	0.00571	0.00425	0.00125	0.00398	0.00472	0.02226	0.00584
16	0.00851	0.00738	0.04439	0.00735	0.02504	0.00723	0.00584	0.11158	0.24683	0.01728	0.35883	0.03474	0.08364	0.00719	0.00457	0.00135	0.00295	0.01594	0.00417	0.00519
17	0.00510	0.00422	0.00448	0.00441	0.00573	0.00359	0.00331	0.00634	0.00993	0.01231	0.19878	0.03819	0.66905	0.01011	0.00491	0.00138	0.00208	0.00852	0.00400	0.00359
