[name]
unknown

[dist]
# distance from previous block
# <min> <max>
14	344

[block]
# block no. 0 follows, 58 sequences, length 21
# corresponding to MSA columns:
# 352-372
name=unknown_A
#
# <colnr> <probs for GDERKNQSTAVLIFYWHMCP>
#	G	D	E	R	K	N	Q	S	T	A	V	L	I	F	Y	W	H	M	C	P
0	0.03565	0.07831	0.12542	0.02986	0.11078	0.26978	0.02135	0.03373	0.06018	0.05563	0.08937	0.01390	0.02868	0.00533	0.00428	0.00131	0.00572	0.02200	0.00291	0.00580
1	0.04824	0.04131	0.13737	0.02120	0.07574	0.04702	0.00866	0.14005	0.04741	0.13237	0.09560	0.08847	0.01363	0.04393	0.00571	0.00156	0.03697	0.00515	0.00359	0.00602
2	0.09688	0.10841	0.18792	0.00936	0.04575	0.02327	0.00859	0.11907	0.03144	0.05095	0.09162	0.13421	0.04119	0.00657	0.00432	0.00139	0.00437	0.00537	0.00330	0.02602
3	0.00884	0.02221	0.77902	0.01239	0.01873	0.01008	0.01591	0.01388	0.00960	0.01435	0.04817	0.01064	0.00749	0.00449	0.00430	0.00142	0.00639	0.00354	0.00204	0.00649
4	0.01157	0.05052	0.01158	0.02520	0.08216	0.04103	0.00693	0.11555	0.01125	0.06900	0.00887	0.00992	0.00700	0.00389	0.00367	0.00091	0.00405	0.00309	0.00298	0.53083
5	0.02382	0.11192	0.34521	0.01007	0.02680	0.02965	0.01069	0.06440	0.02859	0.07186	0.07046	0.03865	0.02790	0.00522	0.00438	0.00130	0.02366	0.00409	0.00284	0.09850
6	0.01161	0.14846	0.41485	0.01100	0.01564	0.06651	0.01222	0.06764	0.01044	0.09305	0.00871	0.00988	0.00650	0.00545	0.02515	0.00151	0.07920	0.00339	0.00247	0.00633
7	0.00617	0.00545	0.04620	0.00646	0.00745	0.00464	0.00487	0.00824	0.06947	0.01289	0.11933	0.52203	0.12454	0.03302	0.00588	0.00175	0.00281	0.01056	0.00413	0.00411
8	0.00868	0.00612	0.00873	0.01005	0.16009	0.00579	0.00629	0.01098	0.03034	0.10000	0.48343	0.06660	0.06875	0.00807	0.00504	0.00142	0.00296	0.00716	0.00439	0.00513
9	0.01152	0.01409	0.09959	0.16063	0.21175	0.22626	0.10318	0.01432	0.02828	0.01284	0.00894	0.05182	0.00760	0.00488	0.00472	0.00138	0.02585	0.00423	0.00231	0.00581
10	0.01963	0.00776	0.01076	0.00891	0.05049	0.00677	0.00692	0.02141	0.01268	0.77892	0.01720	0.01502	0.01088	0.00546	0.00450	0.00138	0.00388	0.00447	0.00537	0.00759
11	0.00928	0.00795	0.00928	0.00663	0.01060	0.00596	0.00530	0.01126	0.00928	0.01458	0.00795	0.00928	0.00663	0.00331	0.00331	0.00066	0.00331	0.00265	0.00265	0.87014
12	0.00979	0.00979	0.01370	0.01174	0.01174	0.01370	0.00979	0.01077	0.00685	0.01077	0.00587	0.00979	0.00587	0.00783	0.01468	0.00196	0.83461	0.00391	0.00196	0.00489
13	0.01647	0.01227	0.01313	0.01018	0.01367	0.01362	0.00837	0.72994	0.09193	0.02734	0.01141	0.01128	0.00815	0.00543	0.00448	0.00136	0.00480	0.00412	0.00448	0.00756
14	0.00651	0.00434	0.00488	0.00488	0.00488	0.00434	0.00271	0.00651	0.00651	0.00867	0.01409	0.02927	0.01626	0.84279	0.02277	0.00434	0.00434	0.00651	0.00271	0.00271
15	0.00618	0.00457	0.00577	0.00547	0.00659	0.00416	0.00410	0.00815	0.01230	0.01709	0.70091	0.03482	0.15436	0.00946	0.00528	0.00142	0.00213	0.00829	0.00481	0.00416
16	0.00551	0.00448	0.00468	0.00471	0.00593	0.00387	0.00338	0.00651	0.00972	0.01184	0.07419	0.07993	0.63063	0.12569	0.00771	0.00191	0.00256	0.00914	0.00399	0.00364
17	0.00977	0.00979	0.01402	0.03686	0.01262	0.01353	0.03017	0.01088	0.00701	0.01088	0.00602	0.00991	0.00590	0.00762	0.01413	0.00193	0.78813	0.00395	0.00197	0.00492
18	0.00871	0.00822	0.01388	0.75259	0.10824	0.01001	0.01255	0.01166	0.00907	0.01174	0.00800	0.01184	0.00607	0.00442	0.00447	0.00147	0.00590	0.00398	0.00201	0.00518
19	0.87439	0.00865	0.00657	0.00588	0.00865	0.01003	0.00484	0.01315	0.00761	0.02007	0.00623	0.00727	0.00484	0.00415	0.00277	0.00138	0.00346	0.00242	0.00277	0.00484
20	0.00734	0.00697	0.06918	0.00845	0.04425	0.01711	0.02468	0.02176	0.05088	0.03439	0.03647	0.52446	0.07179	0.01111	0.00582	0.00169	0.04551	0.00981	0.00379	0.00452

[dist]
# distance from previous block
# <min> <max>
0	1

[block]
# block no. 1 follows, 58 sequences, length 112
# corresponding to MSA columns:
# 374-387,391-429,431-489
name=unknown_B
#
# <colnr> <probs for GDERKNQSTAVLIFYWHMCP>
#	G	D	E	R	K	N	Q	S	T	A	V	L	I	F	Y	W	H	M	C	P
0	0.00935	0.00712	0.00843	0.05731	0.01046	0.00668	0.00562	0.10988	0.04993	0.02994	0.20538	0.02876	0.06720	0.00605	0.00421	0.00114	0.00320	0.00507	0.09590	0.28837
1	0.48319	0.00859	0.04218	0.00636	0.00893	0.00901	0.00541	0.09692	0.04685	0.01975	0.00949	0.01058	0.00728	0.00465	0.00319	0.00130	0.00340	0.00320	0.22457	0.00515
2	0.19002	0.07333	0.16092	0.03188	0.20398	0.01015	0.00982	0.05821	0.00991	0.03422	0.00797	0.00944	0.00627	0.00405	0.00372	0.00121	0.00470	0.00317	0.00253	0.17450
3	0.01017	0.10210	0.01279	0.00969	0.01107	0.08184	0.02705	0.06948	0.00893	0.01213	0.00840	0.01217	0.00778	0.04357	0.22003	0.00310	0.31086	0.00396	0.00235	0.04253
4	0.00589	0.00460	0.00518	0.00536	0.00653	0.00415	0.00396	0.00759	0.03976	0.01328	0.15018	0.21117	0.43825	0.01118	0.00530	0.00156	0.00243	0.04014	0.03951	0.00396
5	0.00854	0.02026	0.01848	0.02641	0.00959	0.04223	0.02841	0.06732	0.14419	0.02504	0.29578	0.17172	0.09451	0.00884	0.00506	0.00150	0.00330	0.01955	0.00428	0.00499
6	0.01090	0.21059	0.33641	0.09471	0.07323	0.01179	0.01197	0.03379	0.04128	0.08006	0.00924	0.03039	0.00721	0.00469	0.00429	0.00133	0.02572	0.00364	0.00246	0.00629
7	0.00545	0.00390	0.00518	0.00620	0.00648	0.00364	0.00414	0.00623	0.00859	0.01143	0.02496	0.82820	0.04106	0.01397	0.00570	0.00181	0.00259	0.01267	0.00415	0.00364
8	0.01136	0.00930	0.01001	0.00889	0.01138	0.01052	0.00702	0.11897	0.59110	0.02961	0.05942	0.01940	0.03548	0.00663	0.00469	0.00152	0.00364	0.04976	0.00454	0.00675
9	0.00943	0.00871	0.01452	0.14332	0.51097	0.00896	0.01142	0.01174	0.00968	0.01346	0.01206	0.17892	0.01199	0.00632	0.00474	0.00147	0.00483	0.02885	0.00263	0.00599
10	0.01196	0.84548	0.02344	0.00765	0.01148	0.01770	0.00765	0.01339	0.00909	0.01052	0.00622	0.00718	0.00574	0.00383	0.00287	0.00096	0.00478	0.00239	0.00191	0.00574
11	0.00646	0.00432	0.00489	0.00493	0.00494	0.00431	0.00277	0.00649	0.00659	0.00879	0.01453	0.06234	0.01681	0.80898	0.02207	0.00423	0.00427	0.00676	0.00277	0.00275
12	0.00845	0.00795	0.01342	0.83204	0.03081	0.00994	0.01242	0.01143	0.00894	0.01143	0.00795	0.01193	0.00596	0.00447	0.00447	0.00149	0.00596	0.00398	0.00199	0.00497
13	0.01038	0.01015	0.01677	0.25500	0.49721	0.03144	0.04473	0.01305	0.00974	0.01340	0.00814	0.01121	0.00666	0.00433	0.00500	0.00141	0.04895	0.00400	0.00214	0.00628
14	0.00598	0.00459	0.00550	0.00543	0.00664	0.00412	0.00415	0.00769	0.01144	0.01517	0.43517	0.05054	0.34205	0.01034	0.00536	0.00151	0.00235	0.07339	0.00454	0.00403
15	0.00715	0.00511	0.00714	0.00814	0.00915	0.00510	0.00708	0.00919	0.01032	0.01346	0.04316	0.06493	0.02622	0.01231	0.00615	0.00204	0.00404	0.75106	0.00414	0.00411
16	0.00903	0.03366	0.79057	0.01266	0.01908	0.01056	0.01626	0.01408	0.00938	0.01404	0.00795	0.00942	0.00567	0.00433	0.00447	0.00142	0.02566	0.00331	0.00189	0.00656
17	0.00928	0.00795	0.00928	0.00663	0.01060	0.00596	0.00530	0.01126	0.00928	0.01458	0.00795	0.00928	0.00663	0.00331	0.00331	0.00066	0.00331	0.00265	0.00265	0.87014
18	0.00649	0.00438	0.00510	0.00510	0.00518	0.00446	0.00299	0.00665	0.00657	0.00884	0.01389	0.02814	0.01577	0.76448	0.10041	0.00461	0.00508	0.00634	0.00268	0.00283
19	0.01113	0.00961	0.01011	0.00910	0.01163	0.01113	0.00708	0.02377	0.80681	0.01871	0.01821	0.01669	0.01365	0.00607	0.00455	0.00152	0.00354	0.00506	0.00455	0.00708
20	0.02007	0.00761	0.01038	0.00796	0.01142	0.00657	0.00657	0.02180	0.01280	0.81799	0.01765	0.01523	0.01107	0.00554	0.00450	0.00138	0.00381	0.00450	0.00554	0.00761
21	0.01437	0.01084	0.01179	0.02240	0.01285	0.01200	0.00782	0.51969	0.18531	0.03328	0.04156	0.03028	0.03501	0.00623	0.00463	0.00143	0.00439	0.03465	0.00445	0.00702
22	0.01524	0.03229	0.05112	0.01198	0.01555	0.14887	0.16415	0.35824	0.01557	0.09905	0.01965	0.01111	0.00772	0.00496	0.00475	0.00136	0.02402	0.00411	0.00356	0.00671
23	0.00549	0.00392	0.00522	0.00620	0.00650	0.00366	0.00416	0.00632	0.00873	0.01169	0.05680	0.80697	0.03010	0.01382	0.00569	0.00180	0.00258	0.01253	0.00418	0.00366
24	0.01053	0.01020	0.01776	0.18180	0.61437	0.01054	0.06265	0.01332	0.00997	0.01398	0.00836	0.01130	0.00685	0.00407	0.00449	0.00137	0.00558	0.00406	0.00217	0.00661
25	0.01095	0.01685	0.50804	0.01057	0.01566	0.00871	0.01236	0.03007	0.01072	0.17501	0.10371	0.01421	0.03087	0.00524	0.00442	0.00139	0.00531	0.00424	0.00309	0.02857
26	0.00916	0.00855	0.01429	0.61701	0.20240	0.01004	0.01249	0.02731	0.00949	0.01251	0.00853	0.01274	0.00677	0.00459	0.00451	0.00147	0.00575	0.02478	0.00214	0.00546
27	0.01056	0.01010	0.01723	0.18543	0.66094	0.01049	0.01347	0.01328	0.00994	0.01399	0.00832	0.01124	0.00687	0.00408	0.00444	0.00136	0.00544	0.00398	0.00217	0.00667
28	0.01114	0.00977	0.01360	0.18034	0.30812	0.05335	0.01051	0.14039	0.01202	0.03726	0.04650	0.01748	0.06584	0.00579	0.00466	0.00143	0.00504	0.06766	0.00303	0.00607
29	0.01671	0.02132	0.01268	0.01152	0.01383	0.82483	0.00864	0.01786	0.01268	0.01095	0.00691	0.00807	0.00576	0.00461	0.00403	0.00115	0.00807	0.00288	0.00230	0.00519
30	0.01199	0.00989	0.01258	0.12042	0.17132	0.01099	0.00919	0.17253	0.33487	0.04234	0.02884	0.01436	0.01071	0.02399	0.00492	0.00150	0.00447	0.00458	0.00374	0.00677
31	0.00548	0.00449	0.00485	0.00494	0.00625	0.00385	0.00368	0.00672	0.01033	0.01276	0.13581	0.12367	0.61824	0.01137	0.00535	0.00154	0.00233	0.03027	0.00425	0.00382
32	0.01107	0.01063	0.01816	0.02746	0.81489	0.01063	0.01373	0.01373	0.01019	0.01461	0.00841	0.01107	0.00709	0.00399	0.00443	0.00133	0.00531	0.00399	0.00221	0.00709
33	0.01196	0.84548	0.02344	0.00765	0.01148	0.01770	0.00765	0.01339	0.00909	0.01052	0.00622	0.00718	0.00574	0.00383	0.00287	0.00096	0.00478	0.00239	0.00191	0.00574
34	0.00647	0.00434	0.00494	0.00497	0.00500	0.00435	0.00282	0.00653	0.00658	0.00879	0.01433	0.05099	0.01650	0.80051	0.04193	0.00434	0.00448	0.00663	0.00274	0.00277
35	0.00649	0.00470	0.00634	0.00601	0.00709	0.00432	0.02251	0.00838	0.01188	0.03110	0.62166	0.15289	0.08005	0.00980	0.00533	0.00148	0.00235	0.00872	0.00472	0.00421
36	0.01693	0.01142	0.01306	0.01012	0.01337	0.03054	0.02578	0.53035	0.01765	0.19809	0.01172	0.01161	0.00816	0.00556	0.00533	0.00140	0.07310	0.00412	0.00440	0.00730
37	0.00642	0.00456	0.00575	0.00569	0.00676	0.00414	0.00423	0.00810	0.01140	0.03922	0.47985	0.17781	0.18103	0.01042	0.00536	0.00152	0.00235	0.03662	0.00463	0.00413
38	0.01804	0.01006	0.01177	0.00908	0.01252	0.01031	0.00748	0.41264	0.03717	0.38315	0.01412	0.01304	0.00941	0.00546	0.00446	0.00136	0.00432	0.00427	0.02382	0.00752
39	0.62112	0.00980	0.00860	0.00719	0.01019	0.01117	0.00592	0.24557	0.01158	0.02247	0.00756	0.00829	0.00566	0.00451	0.00327	0.00137	0.00389	0.00290	0.00327	0.00566
40	0.00684	0.00504	0.00630	0.00604	0.00722	0.00467	0.00440	0.00808	0.00898	0.02279	0.14331	0.15813	0.08996	0.19633	0.12469	0.00287	0.00443	0.05933	0.00349	0.13710
41	0.00581	0.00405	0.00508	0.00576	0.00593	0.00388	0.00365	0.00632	0.00785	0.01047	0.02101	0.55981	0.02498	0.30036	0.01160	0.00269	0.00320	0.01057	0.00365	0.00331
42	0.00979	0.00979	0.01370	0.01174	0.01174	0.01370	0.00979	0.01077	0.00685	0.01077	0.00587	0.00979	0.00587	0.00783	0.01468	0.00196	0.83461	0.00391	0.00196	0.00489
43	0.00629	0.00457	0.00592	0.00558	0.00666	0.00420	0.00419	0.00836	0.01256	0.01769	0.78002	0.03382	0.07487	0.00924	0.00528	0.00141	0.00212	0.00815	0.00489	0.00420
44	0.01557	0.01182	0.01262	0.01000	0.01332	0.01320	0.00815	0.61033	0.21301	0.02588	0.01256	0.01219	0.00908	0.00554	0.00449	0.00139	0.00458	0.00428	0.00449	0.00748
45	0.01009	0.01029	0.01366	0.01173	0.01183	0.04895	0.00974	0.01107	0.00710	0.01077	0.00592	0.00971	0.00587	0.00769	0.01422	0.00192	0.79869	0.00387	0.00197	0.00491
46	0.00682	0.00499	0.00681	0.00771	0.00861	0.00498	0.00646	0.00856	0.00989	0.01288	0.02486	0.19371	0.07707	0.01249	0.00623	0.00198	0.02285	0.57500	0.00408	0.00403
47	0.07613	0.00553	0.00603	0.00584	0.00724	0.00572	0.00458	0.06719	0.04015	0.02981	0.10389	0.07982	0.02719	0.00755	0.01449	0.00142	0.00290	0.10211	0.40781	0.00459
48	0.00632	0.00474	0.00537	0.00539	0.00675	0.00418	0.00409	0.02010	0.01059	0.04254	0.14218	0.14226	0.50865	0.01115	0.00536	0.00157	0.00253	0.06787	0.00431	0.00404
49	0.00647	0.00434	0.00493	0.00494	0.00499	0.00431	0.00281	0.00658	0.00681	0.00912	0.04694	0.05017	0.01766	0.78759	0.02162	0.00415	0.00420	0.00673	0.00284	0.00280
50	0.01289	0.01177	0.01101	0.00962	0.01224	0.13778	0.00753	0.16833	0.50075	0.01893	0.01478	0.01427	0.01118	0.00690	0.04011	0.00167	0.00487	0.00451	0.00409	0.00675
51	0.01012	0.01107	0.10051	0.22345	0.22925	0.05342	0.08890	0.06319	0.01046	0.01427	0.01027	0.08486	0.00889	0.00521	0.00451	0.00141	0.00549	0.00477	0.06416	0.00581
52	0.01353	0.00989	0.01079	0.00917	0.01204	0.01101	0.00728	0.17365	0.54224	0.13385	0.01668	0.01533	0.01212	0.00586	0.00453	0.00146	0.00385	0.00478	0.00468	0.00726
53	0.01050	0.08375	0.40892	0.01106	0.01582	0.01043	0.06212	0.08318	0.02526	0.06080	0.08295	0.01221	0.00980	0.00493	0.00473	0.00135	0.04150	0.00394	0.00273	0.06400
54	0.00826	0.00751	0.03064	0.04815	0.04350	0.00738	0.12250	0.03923	0.11537	0.02686	0.06288	0.30260	0.11194	0.00909	0.00560	0.00161	0.04000	0.00818	0.00367	0.00502
55	0.50435	0.00997	0.01127	0.00899	0.01219	0.01098	0.12901	0.16666	0.05989	0.03621	0.00850	0.00942	0.00634	0.00447	0.00363	0.00140	0.00439	0.00338	0.00318	0.00576
56	0.00836	0.00646	0.00814	0.00777	0.00955	0.00630	0.02535	0.08558	0.07471	0.01498	0.02078	0.20695	0.07174	0.00980	0.00522	0.00162	0.00363	0.28076	0.01969	0.13259
57	0.00956	0.00749	0.00900	0.00814	0.00971	0.04330	0.00643	0.21131	0.01097	0.01495	0.01147	0.01555	0.01009	0.03512	0.56919	0.00539	0.00991	0.00453	0.00293	0.00496
58	0.00604	0.00424	0.00549	0.00627	0.00661	0.00409	0.00437	0.00686	0.00839	0.01112	0.02190	0.49456	0.02562	0.21592	0.00996	0.00248	0.00330	0.15549	0.00379	0.00350
59	0.01034	0.00989	0.01684	0.25071	0.59732	0.01044	0.01337	0.01309	0.00984	0.01373	0.00829	0.01131	0.00677	0.00412	0.00444	0.00137	0.00549	0.00398	0.00215	0.00650
60	0.00575	0.00445	0.00524	0.00557	0.00652	0.00403	0.00401	0.00720	0.02941	0.01292	0.15989	0.32984	0.34088	0.03037	0.00584	0.00169	0.00250	0.03580	0.00425	0.00386
61	0.03017	0.00603	0.00703	0.00627	0.00815	0.00589	0.00496	0.06841	0.05434	0.18845	0.12583	0.04695	0.09205	0.00715	0.00435	0.00135	0.00293	0.05666	0.27776	0.00527
62	0.00873	0.00824	0.01392	0.74603	0.11463	0.01001	0.01256	0.01167	0.00908	0.01177	0.00800	0.01183	0.00608	0.00442	0.00447	0.00147	0.00589	0.00398	0.00201	0.00520
63	0.00642	0.00450	0.00580	0.00646	0.00711	0.00431	0.00464	0.00794	0.04172	0.03378	0.07510	0.53644	0.07160	0.05768	0.00657	0.00192	0.00292	0.11698	0.00417	0.00394
64	0.00940	0.00802	0.00934	0.00668	0.01065	0.00609	0.00535	0.02357	0.00946	0.01479	0.00799	0.00930	0.00664	0.00334	0.00333	0.00067	0.00334	0.00267	0.00268	0.85668
65	0.00919	0.00896	0.01482	0.63515	0.13846	0.03230	0.05877	0.01208	0.00928	0.01202	0.00801	0.01167	0.00616	0.00443	0.00469	0.00147	0.02115	0.00402	0.00204	0.00533
66	0.87439	0.00865	0.00657	0.00588	0.00865	0.01003	0.00484	0.01315	0.00761	0.02007	0.00623	0.00727	0.00484	0.00415	0.00277	0.00138	0.00346	0.00242	0.00277	0.00484
67	0.00928	0.00795	0.00928	0.00663	0.01060	0.00596	0.00530	0.01126	0.00928	0.01458	0.00795	0.00928	0.00663	0.00331	0.00331	0.00066	0.00331	0.00265	0.00265	0.87014
68	0.01143	0.00976	0.01028	0.00916	0.01175	0.01127	0.00715	0.06368	0.76641	0.01920	0.01782	0.01638	0.01334	0.00603	0.00455	0.00151	0.00361	0.00500	0.00455	0.00711
69	0.00548	0.00391	0.00523	0.00626	0.00654	0.00366	0.00421	0.00628	0.00859	0.01145	0.02464	0.82611	0.02952	0.01399	0.00572	0.00182	0.00262	0.02618	0.00415	0.00364
70	0.01197	0.01020	0.01065	0.00933	0.01192	0.03133	0.00734	0.13674	0.63638	0.01955	0.01645	0.01550	0.01237	0.00669	0.02657	0.00164	0.01917	0.00483	0.00438	0.00699
71	0.00651	0.00434	0.00488	0.00488	0.00488	0.00434	0.00271	0.00651	0.00651	0.00867	0.01409	0.02927	0.01626	0.84279	0.02277	0.00434	0.00434	0.00651	0.00271	0.00271
72	0.01040	0.00981	0.01670	0.19474	0.62055	0.01023	0.01308	0.01295	0.00976	0.01369	0.00829	0.01135	0.00688	0.00452	0.00493	0.03413	0.00540	0.00398	0.00216	0.00645
73	0.00575	0.00454	0.00518	0.00504	0.00633	0.00397	0.00377	0.00731	0.01126	0.01466	0.38437	0.05099	0.46009	0.01040	0.00529	0.00147	0.00220	0.00889	0.00449	0.00397
74	0.00981	0.00962	0.01313	0.01155	0.02982	0.03053	0.03358	0.02106	0.06057	0.01183	0.00874	0.04837	0.02293	0.00821	0.02809	0.00195	0.62705	0.00453	0.01358	0.00506
75	0.01479	0.09119	0.03170	0.01255	0.01595	0.31735	0.19250	0.23880	0.01417	0.01665	0.00846	0.00970	0.00652	0.00455	0.00435	0.00128	0.00673	0.00373	0.00287	0.00615
76	0.00646	0.00452	0.00582	0.00582	0.00615	0.00485	0.00389	0.00711	0.00678	0.00937	0.01323	0.02449	0.01419	0.51189	0.35083	0.00550	0.00746	0.00580	0.00258	0.00324
77	0.01350	0.01051	0.01123	0.00927	0.01218	0.01174	0.00744	0.40255	0.33960	0.02303	0.05673	0.01568	0.04367	0.00608	0.00456	0.00142	0.00408	0.00487	0.01485	0.00703
78	0.00558	0.00407	0.00544	0.00639	0.00664	0.00393	0.00432	0.00636	0.00851	0.01140	0.02410	0.81530	0.02888	0.01383	0.00598	0.00182	0.02722	0.01246	0.00409	0.00367
79	0.03448	0.00883	0.01060	0.00828	0.01158	0.04322	0.00678	0.13525	0.02344	0.61001	0.01584	0.01419	0.01027	0.00544	0.00439	0.00136	0.00408	0.00431	0.04035	0.00731
80	0.03051	0.00911	0.01444	0.56488	0.17090	0.03430	0.04416	0.01285	0.05138	0.01271	0.00855	0.01180	0.00657	0.00444	0.00445	0.00145	0.00578	0.00402	0.00220	0.00551
81	0.01196	0.84548	0.02344	0.00765	0.01148	0.01770	0.00765	0.01339	0.00909	0.01052	0.00622	0.00718	0.00574	0.00383	0.00287	0.00096	0.00478	0.00239	0.00191	0.00574
82	0.00622	0.00457	0.00583	0.00552	0.00662	0.00418	0.00414	0.00823	0.01241	0.01734	0.73396	0.03440	0.12115	0.00937	0.00528	0.00142	0.00213	0.00823	0.00485	0.00418
83	0.00658	0.00481	0.00591	0.05452	0.00811	0.00441	0.00453	0.00806	0.01060	0.05520	0.23189	0.17367	0.37522	0.01055	0.00529	0.00154	0.00263	0.02804	0.00429	0.00414
84	0.01700	0.01227	0.01340	0.01058	0.03187	0.01348	0.00854	0.74839	0.02043	0.06220	0.01099	0.01094	0.00775	0.00535	0.00447	0.00134	0.00488	0.00405	0.00447	0.00760
85	0.01348	0.00986	0.01133	0.02836	0.01255	0.02614	0.02991	0.40702	0.09133	0.07927	0.01569	0.11420	0.02894	0.00737	0.00487	0.00151	0.00444	0.10299	0.00431	0.00643
86	0.00854	0.00673	0.00802	0.00812	0.02467	0.04419	0.02507	0.10815	0.05897	0.03038	0.05315	0.45125	0.03356	0.01096	0.00539	0.00169	0.00357	0.10880	0.00410	0.00470
87	0.01051	0.01005	0.01714	0.19983	0.64691	0.01048	0.01345	0.01324	0.00992	0.01393	0.00831	0.01125	0.00685	0.00409	0.00444	0.00136	0.00545	0.00398	0.00217	0.00663
88	0.01098	0.01053	0.01799	0.05602	0.78706	0.01060	0.01368	0.01365	0.01014	0.01450	0.00840	0.01110	0.00705	0.00400	0.00443	0.00133	0.00534	0.00399	0.00221	0.00701
89	0.01097	0.01187	0.02570	0.01838	0.02286	0.01111	0.76423	0.01465	0.01066	0.04925	0.00942	0.01220	0.00697	0.00385	0.00525	0.00150	0.00738	0.00525	0.00240	0.00610
90	0.00685	0.00496	0.00665	0.01749	0.00798	0.01563	0.00543	0.00818	0.00837	0.02521	0.01800	0.17141	0.02850	0.15152	0.29285	0.00412	0.00666	0.21304	0.00328	0.00385
91	0.00781	0.02842	0.00704	0.00615	0.00752	0.03841	0.00470	0.02896	0.01228	0.06093	0.58194	0.06549	0.09452	0.00950	0.02517	0.00155	0.00286	0.00765	0.00460	0.00451
92	0.00900	0.16812	0.04228	0.00713	0.00876	0.02833	0.00589	0.03987	0.00900	0.04446	0.06731	0.02221	0.04545	0.27152	0.11425	0.00303	0.04834	0.05773	0.00292	0.00441
93	0.01057	0.18883	0.39047	0.03138	0.05064	0.06943	0.01208	0.05087	0.02795	0.01389	0.00876	0.01136	0.00714	0.00463	0.00402	0.00128	0.00576	0.04394	0.00229	0.06471
94	0.04155	0.09901	0.32924	0.10885	0.17606	0.01089	0.06225	0.01412	0.03874	0.04222	0.03046	0.01102	0.00750	0.00439	0.00423	0.00137	0.00571	0.00375	0.00233	0.00632
95	0.01298	0.00690	0.00952	0.00814	0.01038	0.00659	0.04651	0.06120	0.01148	0.34992	0.02095	0.17001	0.09791	0.00847	0.00553	0.00158	0.04640	0.09845	0.02126	0.00580
96	0.00649	0.00439	0.00515	0.00515	0.00524	0.00448	0.00304	0.00668	0.00658	0.00887	0.01385	0.02792	0.01568	0.74925	0.11551	0.00467	0.00522	0.00631	0.00267	0.00286
97	0.01061	0.04673	0.01821	0.04474	0.54028	0.02926	0.12964	0.01316	0.01002	0.01389	0.00965	0.07879	0.00874	0.00487	0.00478	0.00139	0.02164	0.00480	0.00236	0.00644
98	0.01215	0.01335	0.01398	0.01190	0.01328	0.25252	0.07219	0.03530	0.08231	0.01229	0.00779	0.01024	0.00675	0.00673	0.02228	0.00171	0.41368	0.00384	0.00240	0.00533
99	0.01731	0.00995	0.01162	0.00891	0.01235	0.01004	0.00730	0.40279	0.01638	0.34324	0.01341	0.01302	0.00920	0.03210	0.00498	0.00140	0.00433	0.00419	0.00471	0.07277
100	0.00928	0.00795	0.00928	0.00663	0.01060	0.00596	0.00530	0.01126	0.00928	0.01458	0.00795	0.00928	0.00663	0.00331	0.00331	0.00066	0.00331	0.00265	0.00265	0.87014
101	0.00545	0.00389	0.00519	0.00623	0.00649	0.00363	0.00415	0.00623	0.00856	0.01142	0.02465	0.83987	0.02959	0.01401	0.00571	0.00182	0.00260	0.01272	0.00415	0.00363
102	0.00609	0.00462	0.00560	0.00555	0.00670	0.00419	0.00418	0.01763	0.01142	0.01527	0.43194	0.12204	0.28370	0.01048	0.00537	0.00152	0.00236	0.05273	0.00455	0.00406
103	0.00589	0.00456	0.00537	0.00517	0.00641	0.00403	0.00388	0.00759	0.01163	0.01548	0.49014	0.03746	0.36613	0.01006	0.00528	0.00145	0.00218	0.00866	0.00460	0.00403
104	0.00590	0.00422	0.00571	0.00675	0.00721	0.00403	0.00494	0.00701	0.00901	0.01193	0.02440	0.63574	0.02859	0.01359	0.00583	0.00188	0.00299	0.21236	0.00414	0.00376
105	0.01671	0.02132	0.01268	0.01152	0.01383	0.82483	0.00864	0.01786	0.01268	0.01095	0.00691	0.00807	0.00576	0.00461	0.00403	0.00115	0.00807	0.00288	0.00230	0.00519
106	0.18621	0.01549	0.01204	0.01049	0.03106	0.37324	0.02550	0.23838	0.02354	0.03207	0.00827	0.00905	0.00634	0.00474	0.00396	0.00127	0.00606	0.00325	0.00309	0.00593
107	0.00648	0.00433	0.00489	0.00491	0.00492	0.00432	0.00275	0.00650	0.00656	0.00874	0.01435	0.04903	0.01659	0.82259	0.02235	0.00428	0.00429	0.00666	0.00275	0.00273
108	0.01557	0.01182	0.01262	0.01000	0.01333	0.01320	0.00816	0.61061	0.21273	0.02588	0.01256	0.01219	0.00908	0.00554	0.00449	0.00139	0.00459	0.00428	0.00449	0.00748
109	0.80161	0.00898	0.00716	0.00626	0.00909	0.01036	0.00515	0.07994	0.00875	0.02076	0.00661	0.00756	0.00508	0.00426	0.00291	0.00138	0.00358	0.00256	0.00291	0.00508
110	0.00997	0.24074	0.59339	0.01131	0.01712	0.01225	0.01399	0.01411	0.00941	0.02837	0.00773	0.00895	0.00579	0.00416	0.00389	0.00129	0.00607	0.00309	0.00196	0.00640
111	0.70774	0.05590	0.06267	0.00668	0.00979	0.01054	0.00597	0.03309	0.02994	0.03436	0.00700	0.00790	0.00537	0.00425	0.00300	0.00137	0.00379	0.00263	0.00280	0.00519

[dist]
# distance from previous block
# <min> <max>
0	22

[block]
# block no. 2 follows, 58 sequences, length 66
# corresponding to MSA columns:
# 512-532,589-633
name=unknown_C
#
# <colnr> <probs for GDERKNQSTAVLIFYWHMCP>
#	G	D	E	R	K	N	Q	S	T	A	V	L	I	F	Y	W	H	M	C	P
0	0.00997	0.00924	0.01155	0.04414	0.15892	0.11455	0.05593	0.04110	0.01082	0.02671	0.02684	0.08340	0.03499	0.00790	0.00506	0.00156	0.00491	0.27098	0.00327	0.07816
1	0.01000	0.01136	0.06661	0.01418	0.01610	0.01270	0.27407	0.01216	0.00825	0.01216	0.00707	0.01053	0.00617	0.00626	0.01091	0.00177	0.50796	0.00433	0.00206	0.00538
2	0.00609	0.00447	0.00612	0.00692	0.00757	0.00426	0.01838	0.00733	0.00921	0.01207	0.02536	0.50875	0.08376	0.02912	0.00615	0.00191	0.00316	0.25148	0.00408	0.00382
3	0.01106	0.01067	0.01842	0.02719	0.78999	0.01065	0.03842	0.01375	0.01020	0.01461	0.00843	0.01110	0.00708	0.00398	0.00446	0.00133	0.00538	0.00403	0.00222	0.00705
4	0.00546	0.00390	0.00520	0.00622	0.00649	0.00364	0.00415	0.00627	0.00863	0.01153	0.03795	0.82626	0.02980	0.01393	0.00570	0.00181	0.00259	0.01264	0.00417	0.00364
5	0.00693	0.00505	0.00682	0.00768	0.00878	0.00494	0.00663	0.00886	0.01032	0.01328	0.03994	0.04915	0.13504	0.01216	0.00604	0.00197	0.00383	0.66436	0.00414	0.00407
6	0.01681	0.00781	0.00992	0.00795	0.01099	0.00737	0.00645	0.05876	0.14054	0.55500	0.09125	0.01768	0.03636	0.00611	0.00460	0.00141	0.00362	0.00503	0.00523	0.00711
7	0.01541	0.01163	0.01257	0.01010	0.01319	0.06370	0.03038	0.40699	0.21310	0.11963	0.01293	0.01258	0.00931	0.00558	0.00494	0.00141	0.04078	0.00430	0.00431	0.00716
8	0.00950	0.00776	0.00883	0.00877	0.01057	0.03011	0.00724	0.04512	0.35077	0.01615	0.02041	0.03342	0.01937	0.00920	0.00536	0.00178	0.00401	0.40181	0.00427	0.00554
9	0.00651	0.00434	0.00488	0.00488	0.00488	0.00434	0.00271	0.00651	0.00651	0.00867	0.01409	0.02927	0.01626	0.84279	0.02277	0.00434	0.00434	0.00651	0.00271	0.00271
10	0.01056	0.01207	0.02640	0.01885	0.02338	0.01131	0.79864	0.01433	0.01056	0.01433	0.00905	0.01207	0.00679	0.00377	0.00528	0.00151	0.00754	0.00528	0.00226	0.00603
11	0.08908	0.01992	0.01219	0.01100	0.01339	0.72591	0.00832	0.04657	0.01256	0.01236	0.00700	0.00810	0.00575	0.00460	0.00394	0.00118	0.00756	0.00288	0.00242	0.00525
12	0.00714	0.00511	0.00712	0.00813	0.00915	0.00509	0.00708	0.00915	0.01026	0.01332	0.02407	0.06777	0.03917	0.01238	0.00615	0.00204	0.00405	0.75459	0.00412	0.00410
13	0.00651	0.00434	0.00488	0.00488	0.00488	0.00434	0.00271	0.00651	0.00651	0.00867	0.01409	0.02927	0.01626	0.84279	0.02277	0.00434	0.00434	0.00651	0.00271	0.00271
14	0.00928	0.00795	0.00928	0.00663	0.01060	0.00596	0.00530	0.01126	0.00928	0.01458	0.00795	0.00928	0.00663	0.00331	0.00331	0.00066	0.00331	0.00265	0.00265	0.87014
15	0.01301	0.00916	0.01025	0.00861	0.01152	0.00974	0.00683	0.09850	0.46512	0.16903	0.04583	0.01565	0.01288	0.00572	0.00443	0.00138	0.00365	0.00471	0.00454	0.09944
16	0.00531	0.00443	0.00464	0.00481	0.00612	0.00375	0.00352	0.00639	0.00992	0.01197	0.04187	0.17589	0.68246	0.01178	0.00536	0.00156	0.00232	0.00999	0.00415	0.00375
17	0.01671	0.02132	0.01268	0.01152	0.01383	0.82483	0.00864	0.01786	0.01268	0.01095	0.00691	0.00807	0.00576	0.00461	0.00403	0.00115	0.00807	0.00288	0.00230	0.00519
18	0.00556	0.00420	0.00517	0.00574	0.00647	0.00377	0.00398	0.00657	0.00936	0.01222	0.09815	0.54421	0.23537	0.01267	0.00551	0.00168	0.00248	0.01125	0.00419	0.02143
19	0.01378	0.00993	0.01088	0.03110	0.01249	0.02630	0.00739	0.18204	0.45403	0.15668	0.03547	0.01533	0.01231	0.00584	0.00453	0.00145	0.00399	0.00475	0.00460	0.00712
20	0.01172	0.01139	0.03953	0.01418	0.18439	0.06258	0.07566	0.06926	0.44447	0.01743	0.01384	0.01395	0.01054	0.00524	0.00454	0.00144	0.00473	0.00459	0.00363	0.00689
21	0.00629	0.00468	0.00587	0.00561	0.00673	0.00433	0.00419	0.00850	0.03472	0.01686	0.64901	0.07394	0.14338	0.00959	0.00528	0.00144	0.00220	0.00841	0.00477	0.00421
22	0.01481	0.13677	0.01562	0.01418	0.16867	0.50849	0.02767	0.04002	0.01189	0.01220	0.00727	0.00869	0.00609	0.00438	0.00399	0.00117	0.00696	0.00311	0.00230	0.00573
23	0.00559	0.00414	0.00525	0.00610	0.00658	0.00386	0.00414	0.00675	0.03148	0.01171	0.02709	0.71539	0.12851	0.01345	0.00562	0.00177	0.00258	0.01208	0.00416	0.00375
24	0.08954	0.01296	0.01296	0.01245	0.13591	0.17749	0.00873	0.33579	0.01528	0.14055	0.01026	0.01062	0.00744	0.00492	0.00424	0.00131	0.00533	0.00372	0.00370	0.00680
25	0.01327	0.09740	0.01269	0.01032	0.03767	0.25229	0.00790	0.08374	0.39151	0.01612	0.01266	0.01254	0.00979	0.00568	0.01579	0.00141	0.00529	0.00402	0.00351	0.00639
26	0.00584	0.00456	0.00505	0.00507	0.00641	0.00394	0.00380	0.00715	0.01051	0.02952	0.17233	0.12033	0.56306	0.01114	0.00534	0.00154	0.00236	0.03383	0.00431	0.00393
27	0.00958	0.00889	0.01453	0.56943	0.21092	0.01046	0.01241	0.05566	0.00982	0.01307	0.00814	0.01158	0.00631	0.00453	0.00484	0.00146	0.03659	0.00398	0.00218	0.00560
28	0.00845	0.00795	0.01342	0.83204	0.03081	0.00994	0.01242	0.01143	0.00894	0.01143	0.00795	0.01193	0.00596	0.00447	0.00447	0.00149	0.00596	0.00398	0.00199	0.00497
29	0.00855	0.00426	0.00437	0.00430	0.00540	0.00423	0.00324	0.01063	0.00956	0.03517	0.03882	0.01715	0.01239	0.00534	0.00322	0.00106	0.00213	0.00430	0.82166	0.00425
30	0.00612	0.00444	0.00576	0.00570	0.00662	0.00409	0.00417	0.00793	0.01177	0.01643	0.62770	0.18891	0.07326	0.01018	0.00536	0.00149	0.00221	0.00904	0.00474	0.00409
31	0.00656	0.00427	0.00527	0.00593	0.00650	0.00413	0.00414	0.03262	0.00921	0.01326	0.02179	0.59370	0.02446	0.01159	0.00507	0.00162	0.00259	0.03378	0.20959	0.00390
32	0.00599	0.00423	0.00532	0.00598	0.00633	0.00406	0.00407	0.00672	0.00826	0.01088	0.02252	0.44155	0.07139	0.26692	0.01096	0.00260	0.00331	0.11178	0.00371	0.00342
33	0.01680	0.01869	0.01290	0.01116	0.01384	0.58252	0.00860	0.25156	0.01517	0.01610	0.00806	0.00887	0.00631	0.00484	0.00417	0.00121	0.00713	0.00322	0.00295	0.00591
34	0.00639	0.00478	0.00713	0.00713	0.00791	0.00556	0.00552	0.00795	0.00717	0.01034	0.01203	0.01786	0.01131	0.05366	0.80513	0.00712	0.01179	0.00484	0.00240	0.00396
35	0.01623	0.07143	0.01325	0.01120	0.01361	0.74736	0.00853	0.01779	0.03980	0.01119	0.00726	0.00831	0.00603	0.00461	0.00398	0.00115	0.00771	0.00293	0.00236	0.00529
36	0.01061	0.00886	0.01030	0.00845	0.04897	0.00798	0.00637	0.11992	0.12923	0.01711	0.02864	0.01122	0.00865	0.00417	0.00375	0.00093	0.00363	0.00338	0.00321	0.56460
37	0.01162	0.14628	0.09723	0.00924	0.01241	0.04107	0.04388	0.06573	0.28052	0.08920	0.09818	0.01678	0.03496	0.00591	0.00439	0.00138	0.00435	0.02680	0.00376	0.00630
38	0.01306	0.04033	0.01164	0.00947	0.01236	0.03532	0.00757	0.25428	0.52215	0.02102	0.01524	0.01434	0.01135	0.00574	0.00445	0.00144	0.00412	0.00459	0.00437	0.00714
39	0.01216	0.03311	0.02722	0.04131	0.60559	0.16194	0.01255	0.02785	0.01077	0.01399	0.00811	0.01041	0.00677	0.00414	0.00432	0.00129	0.00584	0.00373	0.00225	0.00666
40	0.00728	0.00617	0.02700	0.00739	0.00864	0.00600	0.02810	0.02355	0.18607	0.01373	0.04802	0.43462	0.08540	0.03491	0.01774	0.00185	0.00331	0.05150	0.00409	0.00464
41	0.00549	0.00452	0.00482	0.00479	0.00618	0.00386	0.00358	0.00679	0.01061	0.01317	0.18916	0.06428	0.64528	0.01100	0.00530	0.00150	0.00225	0.00928	0.00430	0.00386
42	0.01145	0.70450	0.15994	0.00853	0.01283	0.01645	0.00918	0.01353	0.00915	0.01115	0.00653	0.00756	0.00573	0.00390	0.00311	0.00104	0.00510	0.00255	0.00191	0.00589
43	0.00650	0.00450	0.00566	0.00606	0.00648	0.00442	0.00428	0.00739	0.00849	0.01134	0.10268	0.16840	0.02367	0.40143	0.01378	0.00302	0.00376	0.21122	0.00355	0.00339
44	0.00845	0.00795	0.01342	0.83204	0.03081	0.00994	0.01242	0.01143	0.00894	0.01143	0.00795	0.01193	0.00596	0.00447	0.00447	0.00149	0.00596	0.00398	0.00199	0.00497
45	0.00979	0.00979	0.01370	0.01174	0.01174	0.01370	0.00979	0.01077	0.00685	0.01077	0.00587	0.00979	0.00587	0.00783	0.01468	0.00196	0.83461	0.00391	0.00196	0.00489
46	0.00639	0.00478	0.00713	0.00713	0.00790	0.00556	0.00551	0.00795	0.00717	0.01034	0.01204	0.01789	0.01132	0.05535	0.80345	0.00711	0.01178	0.00484	0.00240	0.00396
47	0.04174	0.00834	0.00984	0.00798	0.01079	0.03567	0.00648	0.16299	0.03223	0.40446	0.16748	0.01874	0.01661	0.00638	0.00461	0.00140	0.00380	0.03402	0.01984	0.00660
48	0.00548	0.00454	0.00480	0.00474	0.00616	0.00386	0.00355	0.00680	0.01066	0.01318	0.18863	0.04125	0.66908	0.01092	0.00528	0.00149	0.00224	0.00919	0.00430	0.00386
49	0.01025	0.01013	0.03202	0.26961	0.35222	0.01066	0.10543	0.02770	0.09517	0.01420	0.00938	0.01199	0.00737	0.00443	0.00473	0.00143	0.02032	0.00424	0.00243	0.00627
50	0.00875	0.00524	0.00677	0.00615	0.00763	0.00481	0.00470	0.03233	0.01240	0.14817	0.53859	0.09494	0.08454	0.00902	0.00517	0.00145	0.00254	0.01712	0.00489	0.00479
51	0.00811	0.00583	0.00721	0.02944	0.00865	0.00585	0.00521	0.01217	0.16402	0.06526	0.51724	0.02975	0.07528	0.00846	0.00511	0.00146	0.00268	0.03857	0.00473	0.00496
52	0.00928	0.00795	0.00928	0.00663	0.01060	0.00596	0.00530	0.01126	0.00928	0.01458	0.00795	0.00928	0.00663	0.00331	0.00331	0.00066	0.00331	0.00265	0.00265	0.87014
53	0.00705	0.00502	0.00655	0.00643	0.02879	0.00472	0.00465	0.00951	0.04489	0.04453	0.67669	0.06405	0.06187	0.00902	0.00521	0.00143	0.00234	0.00796	0.00480	0.00449
54	0.77986	0.03632	0.00759	0.00638	0.00915	0.07396	0.00523	0.01353	0.00806	0.01905	0.00628	0.00733	0.00494	0.00418	0.00287	0.00135	0.00386	0.00246	0.00270	0.00490
55	0.00563	0.00415	0.00527	0.00583	0.00647	0.00379	0.00405	0.00677	0.00976	0.01303	0.20989	0.53258	0.15137	0.01248	0.00555	0.00168	0.00243	0.01115	0.00433	0.00379
56	0.01611	0.01417	0.01312	0.01116	0.04663	0.19835	0.00861	0.51228	0.09664	0.02276	0.01051	0.01073	0.00777	0.00521	0.00438	0.00132	0.00552	0.00387	0.00389	0.00698
57	0.01034	0.00988	0.01684	0.25152	0.59654	0.01044	0.01336	0.01309	0.00984	0.01373	0.00829	0.01131	0.00677	0.00412	0.00444	0.00137	0.00549	0.00398	0.00215	0.00650
58	0.62801	0.00943	0.00825	0.00695	0.00992	0.02251	0.00572	0.15440	0.01057	0.09673	0.00812	0.00865	0.00594	0.00451	0.00325	0.00137	0.00382	0.00291	0.00333	0.00560
59	0.00667	0.00506	0.00621	0.00583	0.00709	0.00484	0.00440	0.00970	0.09013	0.01730	0.64135	0.03295	0.13325	0.00911	0.00521	0.00143	0.00227	0.00796	0.00479	0.00445
60	0.01119	0.01064	0.01837	0.02679	0.76954	0.01059	0.04594	0.01388	0.01024	0.02735	0.00859	0.01118	0.00714	0.00400	0.00446	0.00134	0.00538	0.00405	0.00227	0.00705
61	0.01107	0.01063	0.01816	0.02746	0.81489	0.01063	0.01373	0.01373	0.01019	0.01461	0.00841	0.01107	0.00709	0.00399	0.00443	0.00133	0.00531	0.00399	0.00221	0.00709
62	0.00571	0.00427	0.00534	0.00592	0.00668	0.00390	0.00428	0.00690	0.00975	0.01275	0.14824	0.44656	0.22286	0.01246	0.00559	0.00170	0.00259	0.08642	0.00427	0.00380
63	0.05464	0.00480	0.00588	0.00565	0.00683	0.00449	0.00422	0.00860	0.01165	0.03934	0.56881	0.12203	0.12734	0.00956	0.00516	0.00146	0.00231	0.00834	0.00465	0.00423
64	0.01030	0.01032	0.01952	0.07389	0.05235	0.01025	0.45305	0.06598	0.08026	0.01541	0.03719	0.01840	0.01117	0.00551	0.00520	0.00156	0.00616	0.11469	0.00293	0.00587
65	0.33564	0.01016	0.01002	0.07320	0.03524	0.09266	0.00705	0.11097	0.03443	0.23451	0.01047	0.01066	0.00736	0.00479	0.00380	0.00137	0.00445	0.00347	0.00365	0.00610

[dist]
# distance from previous block
# <min> <max>
0	1

[block]
# block no. 3 follows, 58 sequences, length 18
# corresponding to MSA columns:
# 635-652
name=unknown_D
#
# <colnr> <probs for GDERKNQSTAVLIFYWHMCP>
#	G	D	E	R	K	N	Q	S	T	A	V	L	I	F	Y	W	H	M	C	P
0	0.01135	0.01100	0.01699	0.05301	0.63402	0.05618	0.03204	0.04554	0.03856	0.01509	0.03693	0.01192	0.00844	0.00434	0.00446	0.00134	0.00536	0.00414	0.00248	0.00680
1	0.00573	0.00455	0.00515	0.00500	0.00632	0.00397	0.00375	0.00728	0.01125	0.01458	0.37301	0.03893	0.48382	0.01040	0.00528	0.00147	0.00220	0.00886	0.00448	0.00397
2	0.00928	0.00795	0.00928	0.00663	0.01060	0.00596	0.00530	0.01126	0.00928	0.01458	0.00795	0.00928	0.00663	0.00331	0.00331	0.00066	0.00331	0.00265	0.00265	0.87014
3	0.01585	0.17126	0.01463	0.01082	0.01340	0.67799	0.00846	0.01705	0.01202	0.01087	0.00679	0.00790	0.00576	0.00447	0.00382	0.00112	0.00747	0.00279	0.00223	0.00529
4	0.00567	0.00405	0.00544	0.00648	0.00683	0.00382	0.00453	0.00660	0.00878	0.01166	0.02454	0.74296	0.02911	0.01381	0.00577	0.00185	0.00278	0.10750	0.00415	0.00369
5	0.17101	0.01255	0.01160	0.00935	0.01255	0.14817	0.00757	0.40694	0.01595	0.14647	0.01036	0.01037	0.00734	0.00505	0.00410	0.00132	0.00501	0.00362	0.00397	0.00671
6	0.03915	0.01007	0.01654	0.24805	0.53890	0.02645	0.03009	0.01317	0.00982	0.01384	0.00820	0.01114	0.00667	0.00413	0.00440	0.00138	0.00553	0.00394	0.00217	0.00637
7	0.00762	0.00430	0.00477	0.00485	0.00561	0.00436	0.00347	0.00915	0.00857	0.01403	0.01501	0.04688	0.01377	0.19544	0.07831	0.00238	0.00355	0.04260	0.53154	0.00381
8	0.03358	0.08870	0.25433	0.01458	0.12138	0.13441	0.15365	0.07535	0.05487	0.01493	0.00866	0.01017	0.00664	0.00433	0.00430	0.00134	0.00629	0.00374	0.00243	0.00634
9	0.01224	0.69714	0.08192	0.00844	0.01232	0.10213	0.00842	0.01392	0.00949	0.01084	0.00643	0.00744	0.00574	0.00394	0.00310	0.00101	0.00527	0.00251	0.00195	0.00575
10	0.00599	0.00469	0.00531	0.00527	0.00646	0.00422	0.00390	0.00719	0.00970	0.01236	0.13254	0.03780	0.43914	0.15653	0.04695	0.00228	0.00327	0.08029	0.00387	0.03225
11	0.03414	0.01099	0.05700	0.00930	0.01279	0.01074	0.00798	0.44238	0.03478	0.25020	0.07266	0.01370	0.01115	0.00563	0.00450	0.00137	0.00443	0.00441	0.00463	0.00723
12	0.01073	0.50641	0.35172	0.00976	0.01473	0.01469	0.01131	0.01371	0.00924	0.01203	0.00696	0.00811	0.00571	0.00400	0.00344	0.00115	0.00554	0.00277	0.00190	0.00610
13	0.00645	0.00434	0.00504	0.00509	0.00516	0.00438	0.00297	0.00659	0.00665	0.00892	0.01447	0.06755	0.01658	0.75055	0.07383	0.00440	0.00475	0.00669	0.00276	0.00284
14	0.00598	0.00439	0.00541	0.00564	0.00643	0.00406	0.00403	0.00723	0.01003	0.01339	0.28108	0.24955	0.18699	0.13118	0.00798	0.00200	0.00273	0.06395	0.00419	0.00375
15	0.01030	0.08711	0.08155	0.00913	0.02746	0.00986	0.00777	0.04681	0.38058	0.04421	0.01796	0.09280	0.04213	0.00737	0.00472	0.00154	0.00398	0.11465	0.00395	0.00612
16	0.01078	0.01051	0.01849	0.10196	0.66656	0.01063	0.08792	0.01357	0.01010	0.01429	0.00843	0.01125	0.00695	0.00401	0.00451	0.00136	0.00559	0.00411	0.00220	0.00679
17	0.13840	0.14793	0.04287	0.00843	0.01202	0.01154	0.00736	0.26621	0.05434	0.15123	0.01043	0.01047	0.00759	0.00472	0.00383	0.00122	0.00431	0.00347	0.00367	0.10996

[dist]
# distance from previous block
# <min> <max>
0	1

[block]
# block no. 4 follows, 58 sequences, length 11
# corresponding to MSA columns:
# 654-664
name=unknown_E
#
# <colnr> <probs for GDERKNQSTAVLIFYWHMCP>
#	G	D	E	R	K	N	Q	S	T	A	V	L	I	F	Y	W	H	M	C	P
0	0.04970	0.00832	0.00875	0.00824	0.00999	0.09633	0.02807	0.02972	0.20773	0.08590	0.03308	0.26878	0.03320	0.00996	0.04137	0.00184	0.00427	0.06548	0.00400	0.00528
1	0.00803	0.00476	0.00631	0.00651	0.00750	0.00440	0.00480	0.00931	0.01006	0.13171	0.16250	0.41431	0.04719	0.05672	0.00643	0.00184	0.00296	0.10591	0.00441	0.00434
2	0.01700	0.01253	0.01342	0.01029	0.01387	0.01387	0.00850	0.79997	0.02103	0.02819	0.01074	0.01074	0.00761	0.00537	0.00447	0.00134	0.00492	0.00403	0.00447	0.00761
3	0.00955	0.18103	0.66675	0.01177	0.01785	0.01179	0.01482	0.01402	0.00938	0.01347	0.00768	0.00901	0.00568	0.00417	0.00399	0.00133	0.00626	0.00313	0.00189	0.00644
4	0.01700	0.01253	0.01342	0.01029	0.01387	0.01387	0.00850	0.79997	0.02103	0.02819	0.01074	0.01074	0.00761	0.00537	0.00447	0.00134	0.00492	0.00403	0.00447	0.00761
5	0.00897	0.02314	0.81962	0.01275	0.01936	0.01039	0.01653	0.01417	0.00944	0.01417	0.00803	0.00944	0.00567	0.00425	0.00425	0.00142	0.00661	0.00331	0.00189	0.00661
6	0.06915	0.00626	0.00788	0.00669	0.00868	0.00585	0.00510	0.01460	0.01022	0.40013	0.07009	0.02202	0.01509	0.26859	0.03244	0.00250	0.00407	0.04095	0.00428	0.00541
7	0.00936	0.12862	0.71749	0.01210	0.01835	0.01133	0.01539	0.01407	0.00940	0.01370	0.00780	0.00915	0.00568	0.00420	0.00407	0.00136	0.00638	0.00319	0.00189	0.00650
8	0.01215	0.76465	0.06619	0.00794	0.01191	0.01682	0.00809	0.01380	0.00927	0.04550	0.00681	0.00765	0.00597	0.00392	0.00302	0.00100	0.00484	0.00253	0.00207	0.00587
9	0.01144	0.70316	0.16123	0.00854	0.01284	0.01643	0.00919	0.01353	0.00915	0.01115	0.00653	0.00757	0.00573	0.00390	0.00311	0.00104	0.00510	0.00255	0.00191	0.00589
10	0.04623	0.01433	0.34879	0.00921	0.01422	0.00801	0.01003	0.01292	0.00940	0.04192	0.00824	0.00946	0.00630	0.00382	0.00372	0.00103	0.00472	0.00298	0.00243	0.44225

[dist]
# distance from previous block
# <min> <max>
0	1

[block]
# block no. 5 follows, 58 sequences, length 10
# corresponding to MSA columns:
# 666-675
name=unknown_F
#
# <colnr> <probs for GDERKNQSTAVLIFYWHMCP>
#	G	D	E	R	K	N	Q	S	T	A	V	L	I	F	Y	W	H	M	C	P
0	0.01568	0.01291	0.01228	0.01005	0.01301	0.15694	0.00804	0.45702	0.11172	0.07397	0.01199	0.05381	0.00931	0.00583	0.00473	0.00137	0.02600	0.00442	0.00409	0.00684
1	0.01024	0.01035	0.01629	0.01391	0.06006	0.01309	0.15571	0.03791	0.00820	0.01223	0.00677	0.01031	0.00617	0.00678	0.01201	0.00182	0.60654	0.00417	0.00211	0.00532
2	0.00622	0.00457	0.00583	0.00551	0.00662	0.00417	0.00414	0.00823	0.01241	0.01733	0.73301	0.03441	0.12211	0.00937	0.00528	0.00142	0.00213	0.00823	0.00484	0.00417
3	0.05897	0.03995	0.09358	0.00854	0.03228	0.00898	0.00717	0.03519	0.34725	0.01742	0.21574	0.02100	0.08194	0.00680	0.00459	0.00144	0.00353	0.00567	0.00407	0.00589
4	0.00552	0.00395	0.00525	0.00618	0.00650	0.00368	0.00416	0.00641	0.00889	0.01194	0.08782	0.77522	0.03060	0.01362	0.00567	0.00178	0.00256	0.01235	0.00421	0.00368
5	0.01207	0.00935	0.01023	0.00767	0.01139	0.04946	0.00616	0.13243	0.04093	0.10419	0.00975	0.01036	0.00747	0.00403	0.00370	0.00090	0.00386	0.00316	0.00329	0.56959
6	0.01039	0.01321	0.10846	0.01822	0.02296	0.01122	0.71772	0.01431	0.01044	0.01431	0.00894	0.01180	0.00667	0.00382	0.00517	0.00150	0.00745	0.00507	0.00222	0.00609
