[name]
unknown

[dist]
# distance from previous block
# <min> <max>
0	89

[block]
# block no. 0 follows, 52 sequences, length 24
# corresponding to MSA columns:
# 110-133
name=unknown_A
#
# <colnr> <probs for GDERKNQSTAVLIFYWHMCP>
#	G	D	E	R	K	N	Q	S	T	A	V	L	I	F	Y	W	H	M	C	P
0	0.00781	0.00558	0.00781	0.00892	0.01004	0.00558	0.00781	0.01004	0.01116	0.01450	0.02566	0.05466	0.02789	0.01339	0.00669	0.00223	0.00446	0.76685	0.00446	0.00446
1	0.01810	0.02310	0.01373	0.01248	0.01498	0.81024	0.00936	0.01935	0.01373	0.01186	0.00749	0.00874	0.00624	0.00499	0.00437	0.00125	0.00874	0.00312	0.00250	0.00562
2	0.86392	0.00937	0.00712	0.00637	0.00937	0.01087	0.00525	0.01425	0.00825	0.02174	0.00675	0.00787	0.00525	0.00450	0.00300	0.00150	0.00375	0.00262	0.00300	0.00525
3	0.00922	0.00858	0.01441	0.77519	0.05326	0.01062	0.01323	0.01242	0.00974	0.01263	0.00882	0.01303	0.00665	0.00485	0.00480	0.00160	0.00633	0.00431	0.02488	0.00542
4	0.00590	0.00422	0.00562	0.00675	0.00703	0.00394	0.00450	0.00675	0.00928	0.01237	0.02671	0.82653	0.03205	0.01518	0.00619	0.00197	0.00281	0.01378	0.00450	0.00394
5	0.01060	0.01060	0.01484	0.01272	0.01272	0.01484	0.01060	0.01166	0.00742	0.01166	0.00636	0.01060	0.00636	0.00848	0.01590	0.00212	0.82082	0.00424	0.00212	0.00530
6	0.00590	0.00425	0.00559	0.00667	0.00701	0.00394	0.00446	0.00676	0.00935	0.01240	0.02763	0.79430	0.06368	0.01506	0.00617	0.00195	0.00280	0.01363	0.00450	0.00394
7	0.86392	0.00937	0.00712	0.00637	0.00937	0.01087	0.00525	0.01425	0.00825	0.02174	0.00675	0.00787	0.00525	0.00450	0.00300	0.00150	0.00375	0.00262	0.00300	0.00525
8	0.01060	0.01060	0.01484	0.01272	0.01272	0.01484	0.01060	0.01166	0.00742	0.01166	0.00636	0.01060	0.00636	0.00848	0.01590	0.00212	0.82082	0.00424	0.00212	0.00530
9	0.01247	0.00969	0.01054	0.00945	0.01214	0.01087	0.00741	0.02387	0.63961	0.09468	0.03722	0.02085	0.04409	0.00708	0.00504	0.00165	0.00381	0.03713	0.00501	0.00740
10	0.00705	0.00470	0.00529	0.00529	0.00529	0.00470	0.00294	0.00705	0.00705	0.00940	0.01527	0.03171	0.01762	0.82969	0.02467	0.00470	0.00470	0.00705	0.00294	0.00294
11	0.01797	0.01335	0.01429	0.01106	0.01486	0.01482	0.00910	0.72990	0.07692	0.02982	0.01220	0.01209	0.00870	0.00587	0.00485	0.00147	0.00523	0.00444	0.00485	0.00820
12	0.00635	0.00435	0.00578	0.00674	0.00713	0.00405	0.00453	0.00723	0.00944	0.03222	0.04436	0.76902	0.03153	0.03398	0.00658	0.00201	0.00288	0.01328	0.00452	0.00404
13	0.01808	0.01340	0.01435	0.01108	0.01490	0.01487	0.00913	0.74219	0.06447	0.02998	0.01207	0.01198	0.00860	0.00586	0.00485	0.00146	0.00525	0.00442	0.00485	0.00821
14	0.01199	0.01151	0.01967	0.02974	0.79946	0.01151	0.01487	0.01487	0.01103	0.01583	0.00912	0.01199	0.00768	0.00432	0.00480	0.00144	0.00576	0.00432	0.00240	0.00768
15	0.01182	0.00533	0.00599	0.00542	0.00712	0.00509	0.00421	0.01399	0.01098	0.19013	0.01653	0.01772	0.01233	0.00572	0.00371	0.00121	0.00267	0.00459	0.67009	0.00533
16	0.00972	0.02507	0.80458	0.01381	0.02097	0.01125	0.01790	0.01535	0.01023	0.01535	0.00870	0.01023	0.00614	0.00460	0.00460	0.00153	0.00716	0.00358	0.00205	0.00716
17	0.00702	0.00474	0.00551	0.00548	0.00562	0.00475	0.00323	0.00731	0.00766	0.01035	0.08254	0.03148	0.01977	0.72033	0.06135	0.00458	0.00489	0.00710	0.00313	0.00315
18	0.02114	0.00921	0.01184	0.00908	0.01285	0.00856	0.00750	0.16150	0.01549	0.66265	0.01776	0.01561	0.01131	0.00597	0.00487	0.00149	0.00434	0.00478	0.00579	0.00825
19	0.00825	0.00592	0.00710	0.00657	0.00816	0.00568	0.00507	0.05735	0.05881	0.04653	0.47581	0.03552	0.19072	0.00987	0.00559	0.00157	0.00276	0.04199	0.02172	0.00500
20	0.00886	0.00829	0.01371	0.74794	0.03106	0.01019	0.01262	0.01191	0.00981	0.01244	0.01210	0.01583	0.07466	0.00549	0.00492	0.00162	0.00611	0.00482	0.00236	0.00527
21	0.00683	0.00512	0.00729	0.00729	0.00813	0.00575	0.00554	0.00834	0.00799	0.01122	0.01633	0.02270	0.08038	0.11486	0.66128	0.00694	0.01123	0.00581	0.00279	0.00417
22	0.01376	0.01525	0.01617	0.01339	0.01556	0.29836	0.14544	0.08133	0.01175	0.01400	0.00845	0.01126	0.00720	0.00887	0.08434	0.00220	0.24005	0.00420	0.00259	0.00579
23	0.00949	0.00886	0.01439	0.72352	0.05574	0.01090	0.01300	0.01361	0.07707	0.01317	0.00959	0.01334	0.00722	0.00498	0.00485	0.00161	0.00621	0.00441	0.00240	0.00565

[dist]
# distance from previous block
# <min> <max>
0	5

[block]
# block no. 1 follows, 52 sequences, length 9
# corresponding to MSA columns:
# 139-147
name=unknown_B
#
# <colnr> <probs for GDERKNQSTAVLIFYWHMCP>
#	G	D	E	R	K	N	Q	S	T	A	V	L	I	F	Y	W	H	M	C	P
0	0.00991	0.00750	0.01075	0.01307	0.23199	0.00738	0.00778	0.06733	0.01323	0.04711	0.40486	0.02491	0.02744	0.00743	0.00511	0.00145	0.00355	0.00659	0.09675	0.00584
1	0.00619	0.00473	0.00683	0.00739	0.00799	0.00440	0.04658	0.00723	0.00949	0.01258	0.02701	0.74018	0.07220	0.01442	0.00614	0.00193	0.00308	0.01315	0.00439	0.00409
2	0.00684	0.00470	0.00531	0.00531	0.00577	0.00447	0.00331	0.00693	0.00809	0.01032	0.02399	0.03382	0.23716	0.49701	0.01859	0.11037	0.00400	0.00759	0.00328	0.00316
3	0.00972	0.00763	0.00947	0.00742	0.01073	0.00638	0.00590	0.01174	0.00959	0.05177	0.01035	0.01290	0.00880	0.01297	0.23198	0.00276	0.00627	0.00362	0.00294	0.57708
4	0.01021	0.00719	0.00792	0.00702	0.00813	0.00758	0.00479	0.22670	0.01161	0.01553	0.01481	0.06584	0.01569	0.55575	0.01813	0.00364	0.00478	0.00662	0.00356	0.00449
5	0.62286	0.00967	0.00821	0.00736	0.01029	0.01121	0.00593	0.01750	0.22967	0.02133	0.01042	0.01076	0.00795	0.00509	0.00355	0.00154	0.00377	0.00343	0.00355	0.00593
6	0.00662	0.00473	0.00520	0.00525	0.00573	0.00449	0.00323	0.00701	0.00829	0.01059	0.02541	0.07575	0.23903	0.55758	0.01838	0.00369	0.00397	0.00828	0.00346	0.00331
7	0.01016	0.00888	0.01192	0.01040	0.01072	0.01192	0.00856	0.01156	0.00820	0.01347	0.00903	0.01271	0.00808	0.00768	0.01236	0.00184	0.58919	0.00432	0.24392	0.00508
8	0.05254	0.00496	0.00501	0.00483	0.00620	0.00498	0.00368	0.01211	0.01027	0.06077	0.01553	0.01747	0.01204	0.00561	0.00345	0.00117	0.00243	0.00444	0.76775	0.00476

[dist]
# distance from previous block
# <min> <max>
0	4

[block]
# block no. 2 follows, 52 sequences, length 27
# corresponding to MSA columns:
# 152-178
name=unknown_C
#
# <colnr> <probs for GDERKNQSTAVLIFYWHMCP>
#	G	D	E	R	K	N	Q	S	T	A	V	L	I	F	Y	W	H	M	C	P
0	0.00612	0.00525	0.00528	0.00522	0.00692	0.00458	0.00393	0.00812	0.05935	0.01354	0.04727	0.04487	0.74901	0.01192	0.00568	0.00164	0.00254	0.00993	0.00453	0.00431
1	0.01185	0.01235	0.06830	0.02876	0.75123	0.01150	0.01506	0.01490	0.01098	0.01580	0.00909	0.01188	0.00758	0.00434	0.00479	0.00145	0.00584	0.00427	0.00238	0.00764
2	0.02122	0.00836	0.01123	0.00869	0.01238	0.00739	0.00715	0.02373	0.05612	0.76026	0.01915	0.01658	0.01215	0.00603	0.00488	0.00151	0.00411	0.00491	0.00594	0.00822
3	0.00954	0.00501	0.00506	0.00488	0.00616	0.00509	0.00370	0.05328	0.01085	0.01875	0.01558	0.01772	0.01219	0.00566	0.00347	0.00115	0.00243	0.00451	0.81027	0.00472
4	0.02158	0.00850	0.01140	0.00874	0.01250	0.00750	0.00722	0.05984	0.01430	0.76599	0.01876	0.01626	0.01182	0.00599	0.00487	0.00150	0.00418	0.00485	0.00594	0.00825
5	0.01296	0.83261	0.02539	0.00829	0.01244	0.01917	0.00829	0.01451	0.00985	0.01140	0.00674	0.00777	0.00622	0.00415	0.00311	0.00104	0.00518	0.00259	0.00207	0.00622
6	0.01199	0.01151	0.01967	0.02974	0.79946	0.01151	0.01487	0.01487	0.01103	0.01583	0.00912	0.01199	0.00768	0.00432	0.00480	0.00144	0.00576	0.00432	0.00240	0.00768
7	0.00590	0.00422	0.00562	0.00675	0.00703	0.00394	0.00450	0.00675	0.00928	0.01237	0.02671	0.82653	0.03205	0.01518	0.00619	0.00197	0.00281	0.01378	0.00450	0.00394
8	0.01201	0.01117	0.01871	0.05230	0.71012	0.01127	0.01422	0.01527	0.04045	0.03255	0.01012	0.01340	0.00850	0.00468	0.00485	0.00147	0.00564	0.02312	0.00261	0.00754
9	0.00912	0.00845	0.01423	0.78810	0.03238	0.01052	0.01312	0.01216	0.00957	0.01224	0.00861	0.01299	0.00653	0.00529	0.00536	0.03325	0.00638	0.00430	0.00215	0.00526
10	0.00972	0.02507	0.80458	0.01381	0.02097	0.01125	0.01790	0.01535	0.01023	0.01535	0.00870	0.01023	0.00614	0.00460	0.00460	0.00153	0.00716	0.00358	0.00205	0.00716
11	0.00696	0.00521	0.00669	0.00745	0.00862	0.00493	0.00616	0.00874	0.01095	0.01396	0.05038	0.14633	0.24702	0.01321	0.00633	0.00201	0.00364	0.44261	0.00450	0.00430
12	0.01106	0.02172	0.61435	0.01495	0.06884	0.01113	0.08390	0.03058	0.01089	0.07359	0.00964	0.01108	0.00681	0.00467	0.00474	0.00153	0.00691	0.00392	0.00245	0.00724
13	0.00952	0.11413	0.04455	0.00888	0.01111	0.00928	0.04851	0.05914	0.19470	0.01583	0.05198	0.31768	0.06295	0.00974	0.00529	0.00167	0.00396	0.02125	0.00413	0.00568
14	0.00698	0.00496	0.00663	0.00663	0.00709	0.00543	0.00461	0.00791	0.00745	0.01039	0.01404	0.02491	0.01466	0.40371	0.44661	0.00636	0.00915	0.00605	0.00275	0.00368
15	0.86392	0.00937	0.00712	0.00637	0.00937	0.01087	0.00525	0.01425	0.00825	0.02174	0.00675	0.00787	0.00525	0.00450	0.00300	0.00150	0.00375	0.00262	0.00300	0.00525
16	0.00892	0.00714	0.00744	0.00727	0.00832	0.09714	0.00543	0.02612	0.00932	0.01320	0.01378	0.04826	0.01280	0.11602	0.38547	0.00472	0.00840	0.00530	0.21052	0.00442
17	0.01005	0.00861	0.01005	0.00718	0.01148	0.00646	0.00574	0.01220	0.01005	0.01579	0.00861	0.01005	0.00718	0.00359	0.00359	0.00072	0.00359	0.00287	0.00287	0.85932
18	0.01005	0.00861	0.01005	0.00718	0.01148	0.00646	0.00574	0.01220	0.01005	0.01579	0.00861	0.01005	0.00718	0.00359	0.00359	0.00072	0.00359	0.00287	0.00287	0.85932
19	0.01103	0.02914	0.03317	0.06522	0.28282	0.07432	0.22546	0.01399	0.01167	0.01557	0.13627	0.01745	0.05074	0.00560	0.00517	0.00150	0.00601	0.00555	0.00296	0.00636
20	0.00705	0.00470	0.00529	0.00529	0.00529	0.00470	0.00294	0.00705	0.00705	0.00940	0.01527	0.03171	0.01762	0.82969	0.02467	0.00470	0.00470	0.00705	0.00294	0.00294
21	0.01005	0.00861	0.01005	0.00718	0.01148	0.00646	0.00574	0.01220	0.01005	0.01579	0.00861	0.01005	0.00718	0.00359	0.00359	0.00072	0.00359	0.00287	0.00287	0.85932
22	0.01139	0.10754	0.27929	0.02680	0.06549	0.05587	0.07425	0.05149	0.02752	0.06702	0.09113	0.04201	0.06733	0.00611	0.00481	0.00148	0.00570	0.00514	0.00316	0.00648
23	0.01213	0.20923	0.31905	0.01144	0.03189	0.01274	0.03078	0.09251	0.05533	0.07021	0.02327	0.02771	0.00898	0.03065	0.02942	0.00171	0.01907	0.00413	0.00293	0.00680
24	0.01140	0.10530	0.36150	0.01268	0.05319	0.02575	0.06995	0.06709	0.01166	0.06478	0.06271	0.02638	0.03962	0.00566	0.00494	0.00148	0.02253	0.01750	0.00295	0.03296
25	0.01034	0.07776	0.42246	0.02569	0.05096	0.04192	0.03609	0.01475	0.04568	0.04533	0.10414	0.02936	0.06302	0.00599	0.00478	0.00150	0.00583	0.00493	0.00295	0.00652
26	0.00924	0.03725	0.22650	0.00935	0.01279	0.00839	0.02394	0.02686	0.12439	0.02991	0.20632	0.05192	0.08896	0.00779	0.00513	0.00156	0.00437	0.05780	0.01934	0.04819

[dist]
# distance from previous block
# <min> <max>
1	21

[block]
# block no. 3 follows, 52 sequences, length 39
# corresponding to MSA columns:
# 200-238
name=unknown_D
#
# <colnr> <probs for GDERKNQSTAVLIFYWHMCP>
#	G	D	E	R	K	N	Q	S	T	A	V	L	I	F	Y	W	H	M	C	P
0	0.01076	0.06210	0.16723	0.01291	0.11600	0.04804	0.09623	0.01399	0.03405	0.07178	0.10827	0.02074	0.13977	0.00657	0.00496	0.00146	0.00514	0.01626	0.00339	0.06033
1	0.07506	0.29057	0.12747	0.03498	0.04853	0.06697	0.08632	0.02603	0.05164	0.04557	0.09300	0.01300	0.01123	0.00515	0.00424	0.00135	0.00553	0.00412	0.00291	0.00631
2	0.04883	0.56052	0.08189	0.00894	0.01304	0.03588	0.00878	0.06942	0.03342	0.05017	0.00883	0.03389	0.00763	0.00482	0.00361	0.00119	0.00519	0.00334	0.00266	0.01798
3	0.00979	0.12832	0.09591	0.03983	0.01131	0.00868	0.00721	0.08729	0.01249	0.05250	0.19214	0.05131	0.21786	0.00821	0.00494	0.00146	0.00386	0.00678	0.04317	0.01695
4	0.04492	0.00597	0.02600	0.00664	0.02468	0.00524	0.00501	0.00965	0.03333	0.04083	0.38208	0.08968	0.28738	0.01035	0.00554	0.00159	0.00273	0.00889	0.00477	0.00473
5	0.00868	0.00694	0.00814	0.00683	0.00969	0.00565	0.00542	0.01073	0.02361	0.03605	0.05866	0.06873	0.21101	0.00795	0.00479	0.00127	0.00333	0.09714	0.00379	0.42160
6	0.01139	0.01058	0.01736	0.04671	0.63444	0.01064	0.01312	0.04903	0.01147	0.01612	0.02903	0.07441	0.04294	0.00566	0.00496	0.00149	0.00533	0.00536	0.00281	0.00715
7	0.05053	0.73215	0.02394	0.00933	0.04851	0.04439	0.00850	0.01467	0.00996	0.01207	0.00687	0.00800	0.00624	0.00420	0.00322	0.00108	0.00526	0.00269	0.00214	0.00622
8	0.01199	0.01151	0.01967	0.02974	0.79946	0.01151	0.01487	0.01487	0.01103	0.01583	0.00912	0.01199	0.00768	0.00432	0.00480	0.00144	0.00576	0.00432	0.00240	0.00768
9	0.03998	0.01343	0.05022	0.01089	0.01485	0.01396	0.00928	0.63900	0.04332	0.09763	0.01227	0.01209	0.00859	0.00577	0.00479	0.00147	0.00523	0.00436	0.00478	0.00810
10	0.01199	0.01151	0.01967	0.02974	0.79946	0.01151	0.01487	0.01487	0.01103	0.01583	0.00912	0.01199	0.00768	0.00432	0.00480	0.00144	0.00576	0.00432	0.00240	0.00768
11	0.75396	0.00977	0.00792	0.00693	0.00999	0.01127	0.00569	0.07922	0.04538	0.02241	0.00775	0.00866	0.00594	0.00470	0.00324	0.00150	0.00389	0.00290	0.00324	0.00561
12	0.01200	0.01140	0.01875	0.02764	0.71627	0.01157	0.01411	0.01602	0.09347	0.01630	0.01024	0.01264	0.00843	0.00456	0.00481	0.00146	0.00555	0.00444	0.00267	0.00768
13	0.01199	0.01151	0.01967	0.02974	0.79946	0.01151	0.01487	0.01487	0.01103	0.01583	0.00912	0.01199	0.00768	0.00432	0.00480	0.00144	0.00576	0.00432	0.00240	0.00768
14	0.01842	0.01357	0.01454	0.01115	0.01503	0.01503	0.00921	0.78330	0.02278	0.03054	0.01163	0.01163	0.00824	0.00582	0.00485	0.00145	0.00533	0.00436	0.00485	0.00824
15	0.01199	0.01151	0.01967	0.02974	0.79946	0.01151	0.01487	0.01487	0.01103	0.01583	0.00912	0.01199	0.00768	0.00432	0.00480	0.00144	0.00576	0.00432	0.00240	0.00768
16	0.02115	0.00812	0.01106	0.00852	0.01217	0.00702	0.00702	0.02304	0.01386	0.77164	0.05007	0.01728	0.01334	0.00615	0.00491	0.00150	0.00405	0.00503	0.00597	0.00810
17	0.00792	0.00538	0.00692	0.00658	0.00791	0.00506	0.00502	0.01054	0.04806	0.06492	0.58273	0.08992	0.07364	0.01020	0.00572	0.00161	0.00264	0.05517	0.00521	0.00486
18	0.02174	0.00825	0.01125	0.00862	0.01237	0.00712	0.00712	0.02362	0.01387	0.80282	0.01912	0.01649	0.01200	0.00600	0.00487	0.00150	0.00412	0.00487	0.00600	0.00825
19	0.01199	0.01151	0.01967	0.02974	0.79946	0.01151	0.01487	0.01487	0.01103	0.01583	0.00912	0.01199	0.00768	0.00432	0.00480	0.00144	0.00576	0.00432	0.00240	0.00768
20	0.04021	0.01033	0.01123	0.00948	0.01259	0.04270	0.00754	0.08772	0.40687	0.26741	0.03870	0.01685	0.01357	0.00629	0.00485	0.00156	0.00421	0.00510	0.00512	0.00767
21	0.56089	0.03080	0.00840	0.00690	0.00983	0.00997	0.00566	0.06466	0.01056	0.11348	0.08362	0.01386	0.05331	0.00568	0.00374	0.00149	0.00373	0.00398	0.00375	0.00570
22	0.13505	0.02585	0.01176	0.01003	0.05174	0.03111	0.00769	0.17266	0.14521	0.28860	0.05967	0.01513	0.01224	0.00593	0.00462	0.00150	0.00438	0.00467	0.00479	0.00739
23	0.04301	0.00859	0.01132	0.00882	0.01230	0.00797	0.00727	0.05850	0.02907	0.67434	0.03861	0.01633	0.01234	0.00617	0.00533	0.00153	0.04006	0.00488	0.00565	0.00793
24	0.01175	0.01122	0.01880	0.02810	0.74211	0.01124	0.01419	0.01491	0.03659	0.01587	0.01105	0.01357	0.03934	0.00471	0.00484	0.00145	0.00556	0.00459	0.00257	0.00753
25	0.00693	0.00516	0.00763	0.00763	0.00844	0.00597	0.00586	0.00855	0.00774	0.01113	0.01312	0.01983	0.01246	0.08574	0.76156	0.00760	0.01246	0.00531	0.00262	0.00424
26	0.01144	0.01307	0.02859	0.02042	0.02533	0.01225	0.78186	0.01552	0.01144	0.01552	0.00980	0.01307	0.00735	0.00408	0.00572	0.00163	0.00817	0.00572	0.00245	0.00654
27	0.00842	0.00421	0.00631	0.00631	0.00631	0.00421	0.00421	0.00631	0.00631	0.00842	0.00842	0.01473	0.00842	0.01684	0.01894	0.85901	0.00421	0.00421	0.00210	0.00210
28	0.01172	0.03874	0.06040	0.01973	0.04967	0.04751	0.66701	0.01563	0.01143	0.01524	0.00954	0.01257	0.00723	0.00416	0.00550	0.00159	0.00798	0.00537	0.00242	0.00655
29	0.00573	0.00491	0.00491	0.00491	0.00655	0.00409	0.00368	0.00695	0.01105	0.01309	0.04909	0.04664	0.79750	0.01227	0.00573	0.00164	0.00245	0.01023	0.00450	0.00409
30	0.00781	0.00558	0.00781	0.00892	0.01004	0.00558	0.00781	0.01004	0.01116	0.01450	0.02566	0.05466	0.02789	0.01339	0.00669	0.00223	0.00446	0.76685	0.00446	0.00446
31	0.01092	0.01179	0.02419	0.10941	0.13093	0.01155	0.53033	0.01450	0.01097	0.01494	0.01037	0.05138	0.00852	0.00528	0.01772	0.00172	0.02089	0.00572	0.00250	0.00639
32	0.01776	0.01287	0.01390	0.01085	0.01457	0.01422	0.00890	0.64315	0.12372	0.06997	0.01310	0.01274	0.00930	0.00593	0.00486	0.00148	0.00507	0.00454	0.00492	0.00817
33	0.00593	0.00432	0.00560	0.00661	0.00705	0.00399	0.00449	0.00685	0.00951	0.01250	0.02906	0.72445	0.11320	0.01483	0.00615	0.00194	0.00281	0.03222	0.00450	0.00397
34	0.81686	0.03089	0.00782	0.02997	0.01015	0.01109	0.00557	0.01420	0.00833	0.02120	0.00680	0.00802	0.00531	0.00450	0.00306	0.00149	0.00386	0.00267	0.00295	0.00528
35	0.00607	0.00443	0.00569	0.00653	0.00707	0.00410	0.00451	0.00710	0.00984	0.01299	0.08581	0.61739	0.12444	0.03776	0.00665	0.00199	0.00286	0.04627	0.00451	0.00400
36	0.01302	0.08114	0.11400	0.03902	0.27064	0.08193	0.09042	0.10010	0.04878	0.03778	0.00979	0.01150	0.00765	0.00465	0.00462	0.00138	0.00606	0.00409	0.00285	0.07056
37	0.01281	0.73397	0.08282	0.00891	0.01315	0.04005	0.00908	0.01465	0.00993	0.01171	0.00690	0.00804	0.00622	0.00429	0.00351	0.00110	0.02182	0.00271	0.00208	0.00625
38	0.01148	0.21107	0.48706	0.01296	0.03150	0.03741	0.06326	0.05067	0.01098	0.02884	0.00860	0.01000	0.00646	0.00455	0.00434	0.00141	0.00665	0.00354	0.00230	0.00693

[dist]
# distance from previous block
# <min> <max>
0	1

[block]
# block no. 4 follows, 52 sequences, length 104
# corresponding to MSA columns:
# 240-258,283-367
name=unknown_E
#
# <colnr> <probs for GDERKNQSTAVLIFYWHMCP>
#	G	D	E	R	K	N	Q	S	T	A	V	L	I	F	Y	W	H	M	C	P
0	0.01005	0.09051	0.71252	0.01360	0.02044	0.01194	0.04517	0.01529	0.01024	0.01503	0.00858	0.01014	0.00619	0.00455	0.00452	0.00150	0.00704	0.00358	0.00206	0.00706
1	0.00573	0.00491	0.00491	0.00491	0.00655	0.00409	0.00368	0.00695	0.01105	0.01309	0.04909	0.04664	0.79750	0.01227	0.00573	0.00164	0.00245	0.01023	0.00450	0.00409
2	0.01293	0.01053	0.01711	0.08287	0.53124	0.01041	0.02454	0.03371	0.01158	0.12222	0.02305	0.01356	0.02314	0.00480	0.00478	0.00142	0.00537	0.00450	0.00304	0.05917
3	0.01335	0.03986	0.12660	0.01999	0.35157	0.22528	0.04455	0.04407	0.01192	0.01497	0.00906	0.02698	0.00757	0.00492	0.00492	0.00142	0.02657	0.00409	0.01548	0.00681
4	0.00705	0.00470	0.00529	0.00529	0.00529	0.00470	0.00294	0.00705	0.00705	0.00940	0.01527	0.03171	0.01762	0.82969	0.02467	0.00470	0.00470	0.00705	0.00294	0.00294
5	0.01966	0.00904	0.04014	0.00879	0.01244	0.00781	0.00745	0.06620	0.05444	0.63468	0.04199	0.01673	0.01276	0.00607	0.00483	0.00149	0.00416	0.00493	0.03847	0.00792
6	0.01336	0.61803	0.09245	0.00978	0.01398	0.13240	0.03444	0.01532	0.01049	0.01195	0.00712	0.00830	0.00625	0.00431	0.00351	0.00113	0.00597	0.00286	0.00214	0.00623
7	0.01705	0.01173	0.15906	0.00965	0.01386	0.00863	0.00910	0.05241	0.10007	0.46292	0.04766	0.01575	0.01216	0.00582	0.00479	0.00148	0.00461	0.00473	0.00490	0.05362
8	0.01444	0.07457	0.20475	0.03032	0.03487	0.05916	0.02364	0.15568	0.04156	0.19272	0.01363	0.09325	0.01090	0.00685	0.02043	0.00163	0.00563	0.00509	0.00384	0.00704
9	0.00803	0.00673	0.00966	0.00909	0.00981	0.00846	0.00725	0.01003	0.03644	0.01168	0.01158	0.01690	0.01078	0.02832	0.58322	0.00615	0.21364	0.00497	0.00256	0.00469
10	0.00842	0.00421	0.00631	0.00631	0.00631	0.00421	0.00421	0.00631	0.00631	0.00842	0.00842	0.01473	0.00842	0.01684	0.01894	0.85901	0.00421	0.00421	0.00210	0.00210
11	0.00590	0.00422	0.00562	0.00675	0.00703	0.00394	0.00450	0.00675	0.00928	0.01237	0.02671	0.82653	0.03205	0.01518	0.00619	0.00197	0.00281	0.01378	0.00450	0.00394
12	0.01288	0.51980	0.21575	0.01024	0.01490	0.12846	0.01081	0.01540	0.01049	0.01244	0.00733	0.00851	0.00620	0.00438	0.00365	0.00119	0.00617	0.00291	0.00213	0.00637
13	0.00708	0.00543	0.00810	0.00801	0.00883	0.00644	0.00626	0.00879	0.00777	0.01127	0.01269	0.01867	0.01186	0.03512	0.77555	0.00754	0.04850	0.00515	0.00258	0.00437
14	0.00705	0.00470	0.00529	0.00529	0.00529	0.00470	0.00294	0.00705	0.00705	0.00940	0.01527	0.03171	0.01762	0.82969	0.02467	0.00470	0.00470	0.00705	0.00294	0.00294
15	0.01005	0.00861	0.01005	0.00718	0.01148	0.00646	0.00574	0.01220	0.01005	0.01579	0.00861	0.01005	0.00718	0.00359	0.00359	0.00072	0.00359	0.00287	0.00287	0.85932
16	0.01039	0.00942	0.03430	0.00792	0.01232	0.00709	0.02995	0.04071	0.01056	0.01631	0.00876	0.01020	0.00719	0.00372	0.00373	0.00080	0.00390	0.00303	0.00291	0.77677
17	0.00652	0.00506	0.00721	0.12611	0.01107	0.00527	0.00600	0.00773	0.00928	0.01235	0.02343	0.68207	0.02751	0.01346	0.00629	0.00192	0.02835	0.01209	0.00408	0.00419
18	0.02150	0.00830	0.01124	0.00865	0.01238	0.00725	0.00714	0.02367	0.03324	0.78331	0.01913	0.01653	0.01207	0.00601	0.00487	0.00150	0.00412	0.00489	0.00597	0.00823
19	0.00690	0.00559	0.02127	0.00699	0.03795	0.00489	0.00514	0.00904	0.01289	0.01769	0.56459	0.03769	0.20382	0.01023	0.00570	0.00157	0.00262	0.03586	0.00495	0.00463
20	0.01303	0.04405	0.10955	0.03200	0.16599	0.08323	0.32154	0.06550	0.04025	0.06204	0.01023	0.01226	0.00772	0.00459	0.00506	0.00151	0.00695	0.00471	0.00283	0.00696
21	0.01296	0.83261	0.02539	0.00829	0.01244	0.01917	0.00829	0.01451	0.00985	0.01140	0.00674	0.00777	0.00622	0.00415	0.00311	0.00104	0.00518	0.00259	0.00207	0.00622
22	0.00590	0.00424	0.00560	0.00669	0.00701	0.00394	0.00447	0.00675	0.00933	0.01239	0.02739	0.80269	0.05545	0.01509	0.00617	0.00196	0.00280	0.01367	0.00450	0.00394
23	0.01223	0.02775	0.01834	0.09154	0.61323	0.06155	0.01381	0.04266	0.01150	0.01570	0.00965	0.01341	0.00826	0.00480	0.00482	0.00146	0.00593	0.03358	0.00255	0.00723
24	0.01541	0.01234	0.04106	0.23835	0.03688	0.06196	0.02788	0.35864	0.01636	0.11345	0.01144	0.02474	0.00832	0.00554	0.00485	0.00151	0.00582	0.00448	0.00387	0.00712
25	0.00647	0.00501	0.00553	0.00566	0.00689	0.00456	0.00419	0.00791	0.02407	0.01313	0.06344	0.07895	0.46889	0.13989	0.02778	0.00231	0.00330	0.09042	0.03756	0.00405
26	0.86392	0.00937	0.00712	0.00637	0.00937	0.01087	0.00525	0.01425	0.00825	0.02174	0.00675	0.00787	0.00525	0.00450	0.00300	0.00150	0.00375	0.00262	0.00300	0.00525
27	0.00737	0.00487	0.00602	0.00625	0.00735	0.00436	0.00448	0.00868	0.01092	0.07910	0.16291	0.39620	0.24464	0.01257	0.00583	0.00175	0.00272	0.01106	0.01847	0.00445
28	0.01044	0.01035	0.01447	0.01245	0.01246	0.01443	0.01033	0.01149	0.00742	0.01160	0.00671	0.01128	0.00675	0.02904	0.03150	0.00229	0.78529	0.00433	0.00215	0.00522
29	0.00725	0.00554	0.00672	0.00632	0.00772	0.00531	0.00477	0.01061	0.09753	0.01856	0.59874	0.03582	0.15690	0.00991	0.00563	0.00155	0.00248	0.00863	0.00516	0.00483
30	0.01296	0.83261	0.02539	0.00829	0.01244	0.01917	0.00829	0.01451	0.00985	0.01140	0.00674	0.00777	0.00622	0.00415	0.00311	0.00104	0.00518	0.00259	0.00207	0.00622
31	0.00837	0.00437	0.00651	0.03107	0.00709	0.00444	0.00442	0.00654	0.00646	0.00859	0.00879	0.01559	0.00885	0.06006	0.01882	0.78698	0.00430	0.00436	0.00215	0.00225
32	0.00915	0.00861	0.01453	0.81804	0.03338	0.01077	0.01346	0.01238	0.00969	0.01238	0.00861	0.01292	0.00646	0.00484	0.00484	0.00161	0.00646	0.00431	0.00215	0.00538
33	0.00915	0.00861	0.01453	0.81804	0.03338	0.01077	0.01346	0.01238	0.00969	0.01238	0.00861	0.01292	0.00646	0.00484	0.00484	0.00161	0.00646	0.00431	0.00215	0.00538
34	0.01283	0.01081	0.01245	0.01281	0.12662	0.02547	0.00885	0.08259	0.55410	0.04594	0.01752	0.01766	0.01343	0.00636	0.00495	0.00161	0.00434	0.02952	0.00454	0.00760
35	0.00705	0.00470	0.00529	0.00529	0.00529	0.00470	0.00294	0.00705	0.00705	0.00940	0.01527	0.03171	0.01762	0.82969	0.02467	0.00470	0.00470	0.00705	0.00294	0.00294
36	0.00581	0.00491	0.00503	0.00508	0.00666	0.00414	0.00382	0.00708	0.01107	0.01326	0.06577	0.06320	0.74415	0.01231	0.00576	0.00166	0.00251	0.02915	0.00452	0.00411
37	0.01205	0.01041	0.01096	0.00986	0.01260	0.01205	0.00767	0.02575	0.79071	0.02027	0.01972	0.01808	0.01479	0.00657	0.00493	0.00164	0.00384	0.00548	0.00493	0.00767
38	0.01205	0.01041	0.01096	0.00986	0.01260	0.01205	0.00767	0.02575	0.79071	0.02027	0.01972	0.01808	0.01479	0.00657	0.00493	0.00164	0.00384	0.00548	0.00493	0.00767
39	0.01299	0.76360	0.06287	0.00871	0.01295	0.04783	0.00880	0.01473	0.01001	0.01161	0.00686	0.00793	0.00622	0.00420	0.00323	0.00107	0.00541	0.00266	0.00209	0.00624
40	0.01818	0.00857	0.03966	0.00849	0.01186	0.00730	0.00716	0.07049	0.01429	0.57010	0.17013	0.01979	0.01812	0.00670	0.00503	0.00150	0.00396	0.00555	0.00565	0.00749
41	0.01810	0.02310	0.01373	0.01248	0.01498	0.81024	0.00936	0.01935	0.01373	0.01186	0.00749	0.00874	0.00624	0.00499	0.00437	0.00125	0.00874	0.00312	0.00250	0.00562
42	0.01014	0.00877	0.01076	0.00901	0.07574	0.00683	0.00647	0.01232	0.01012	0.01573	0.00897	0.02447	0.00765	0.00385	0.00373	0.00080	0.00375	0.00318	0.00286	0.77484
43	0.00704	0.00474	0.00551	0.00551	0.00558	0.00482	0.00321	0.00719	0.00711	0.00956	0.01507	0.03059	0.01713	0.75954	0.09416	0.00497	0.00543	0.00688	0.00291	0.00306
44	0.00701	0.00486	0.00611	0.00611	0.00640	0.00515	0.00397	0.00758	0.00729	0.01001	0.01451	0.02753	0.01580	0.56813	0.28375	0.00572	0.00743	0.00644	0.00282	0.00339
45	0.01308	0.81243	0.02510	0.00840	0.01250	0.03890	0.00832	0.01463	0.00994	0.01141	0.00676	0.00780	0.00622	0.00417	0.00314	0.00104	0.00527	0.00260	0.00208	0.00620
46	0.01815	0.01355	0.01509	0.01151	0.01543	0.01492	0.03930	0.75340	0.02234	0.02996	0.01156	0.01169	0.00821	0.00575	0.00488	0.00146	0.00544	0.00442	0.00475	0.00817
47	0.00705	0.00470	0.00529	0.00529	0.00529	0.00470	0.00294	0.00705	0.00705	0.00940	0.01527	0.03171	0.01762	0.82969	0.02467	0.00470	0.00470	0.00705	0.00294	0.00294
48	0.00659	0.00494	0.00611	0.00582	0.00708	0.00446	0.00436	0.00863	0.01309	0.01794	0.62057	0.03866	0.22300	0.01046	0.00572	0.00155	0.00233	0.00911	0.00514	0.00446
49	0.00957	0.00924	0.01532	0.73089	0.07087	0.02787	0.04303	0.01277	0.00991	0.01266	0.00866	0.01279	0.00655	0.00479	0.00487	0.00160	0.00654	0.00434	0.00218	0.00555
50	0.00842	0.00421	0.00631	0.00631	0.00631	0.00421	0.00421	0.00631	0.00631	0.00842	0.00842	0.01473	0.00842	0.01684	0.01894	0.85901	0.00421	0.00421	0.00210	0.00210
51	0.01164	0.01309	0.02818	0.02015	0.02502	0.01234	0.75899	0.03825	0.01177	0.01597	0.00986	0.01303	0.00738	0.00414	0.00569	0.00163	0.00809	0.00568	0.00252	0.00659
52	0.00700	0.00472	0.00548	0.00551	0.00558	0.00477	0.00321	0.00715	0.00717	0.00962	0.01544	0.05433	0.01765	0.74847	0.08068	0.00484	0.00524	0.00711	0.00296	0.00307
53	0.00926	0.00975	0.04405	0.05430	0.04183	0.09904	0.12662	0.01111	0.01027	0.01305	0.03100	0.21912	0.12075	0.01120	0.05301	0.03642	0.06575	0.03524	0.00329	0.00497
54	0.01010	0.00986	0.01478	0.16321	0.08735	0.01286	0.02731	0.01177	0.00840	0.01231	0.00872	0.07634	0.00857	0.00787	0.01186	0.00194	0.51388	0.00505	0.00235	0.00545
55	0.00590	0.00422	0.00562	0.00675	0.00703	0.00394	0.00450	0.00675	0.00928	0.01237	0.02671	0.82653	0.03205	0.01518	0.00619	0.00197	0.00281	0.01378	0.00450	0.00394
56	0.01181	0.01138	0.01956	0.07650	0.73691	0.01149	0.03155	0.01474	0.01096	0.01562	0.00910	0.01207	0.00760	0.00434	0.00482	0.00145	0.00585	0.00435	0.00239	0.00751
57	0.01479	0.10845	0.24484	0.02683	0.08281	0.09823	0.02397	0.04550	0.02431	0.22704	0.01166	0.01214	0.00830	0.00511	0.00468	0.00143	0.01935	0.00397	0.02947	0.00712
58	0.00960	0.00896	0.01421	0.66897	0.04192	0.03954	0.03521	0.01256	0.00997	0.02978	0.01031	0.07882	0.00869	0.00568	0.00496	0.00163	0.00624	0.00509	0.00245	0.00541
59	0.22255	0.05261	0.01296	0.01176	0.05581	0.52206	0.00865	0.01749	0.01195	0.01445	0.00734	0.00871	0.00608	0.00488	0.00427	0.00133	0.02578	0.00307	0.00259	0.00566
60	0.01184	0.01136	0.01939	0.07230	0.75811	0.01147	0.01480	0.01474	0.01096	0.01565	0.00909	0.01204	0.00761	0.00435	0.00480	0.00145	0.00579	0.00432	0.00239	0.00755
61	0.00614	0.00493	0.00548	0.00534	0.00680	0.00427	0.00400	0.00775	0.01201	0.01539	0.31981	0.04286	0.52535	0.01142	0.00572	0.00160	0.00239	0.00970	0.00480	0.00427
62	0.01050	0.00927	0.01559	0.02036	0.41427	0.00916	0.07697	0.01314	0.01108	0.03284	0.01600	0.02780	0.03206	0.02596	0.00598	0.00180	0.00539	0.26226	0.00324	0.00632
63	0.00696	0.00503	0.00695	0.00695	0.00752	0.00560	0.00501	0.00811	0.00754	0.01063	0.01375	0.02329	0.01396	0.30264	0.54672	0.00675	0.01020	0.00581	0.00271	0.00386
64	0.86392	0.00937	0.00712	0.00637	0.00937	0.01087	0.00525	0.01425	0.00825	0.02174	0.00675	0.00787	0.00525	0.00450	0.00300	0.00150	0.00375	0.00262	0.00300	0.00525
65	0.01191	0.01204	0.04990	0.02913	0.76948	0.01150	0.01499	0.01489	0.01100	0.01581	0.00910	0.01193	0.00762	0.00433	0.00479	0.00144	0.00581	0.00429	0.00239	0.00766
66	0.00915	0.00861	0.01453	0.81804	0.03338	0.01077	0.01346	0.01238	0.00969	0.01238	0.00861	0.01292	0.00646	0.00484	0.00484	0.00161	0.00646	0.00431	0.00215	0.00538
67	0.00737	0.00585	0.00864	0.00839	0.00915	0.00712	0.00661	0.00902	0.00774	0.01130	0.01218	0.01801	0.01142	0.03296	0.71399	0.00710	0.11109	0.00508	0.00254	0.00445
68	0.01228	0.01052	0.01109	0.00991	0.01269	0.01216	0.00773	0.05310	0.76299	0.02064	0.01943	0.01785	0.01456	0.00655	0.00493	0.00164	0.00389	0.00544	0.00493	0.00769
69	0.00588	0.00491	0.00511	0.00506	0.00664	0.00415	0.00380	0.00724	0.01139	0.01392	0.14670	0.04527	0.69938	0.01196	0.00573	0.00162	0.00243	0.01004	0.00461	0.00415
70	0.00698	0.00495	0.00658	0.00658	0.00703	0.00540	0.00456	0.00788	0.00743	0.01036	0.01408	0.02514	0.01476	0.41813	0.43232	0.00630	0.00899	0.00608	0.00276	0.00366
71	0.01842	0.01357	0.01454	0.01115	0.01503	0.01503	0.00921	0.78330	0.02278	0.03054	0.01163	0.01163	0.00824	0.00582	0.00485	0.00145	0.00533	0.00436	0.00485	0.00824
72	0.00997	0.00853	0.00996	0.00715	0.01138	0.00642	0.00571	0.01213	0.01014	0.01588	0.02731	0.01067	0.00809	0.00374	0.00364	0.00074	0.00356	0.00301	0.00293	0.83905
73	0.01063	0.00993	0.01666	0.18183	0.53142	0.01033	0.01316	0.01332	0.01054	0.01466	0.01133	0.08533	0.01057	0.02328	0.00542	0.00162	0.00557	0.03511	0.00263	0.00667
74	0.01296	0.83261	0.02539	0.00829	0.01244	0.01917	0.00829	0.01451	0.00985	0.01140	0.00674	0.00777	0.00622	0.00415	0.00311	0.00104	0.00518	0.00259	0.00207	0.00622
75	0.54567	0.03331	0.01055	0.01038	0.09540	0.19022	0.00735	0.03039	0.01010	0.01881	0.00726	0.00858	0.00581	0.00461	0.00354	0.00142	0.00515	0.00295	0.00284	0.00567
76	0.01144	0.01307	0.02859	0.02042	0.02533	0.01225	0.78186	0.01552	0.01144	0.01552	0.00980	0.01307	0.00735	0.00408	0.00572	0.00163	0.00817	0.00572	0.00245	0.00654
77	0.01050	0.00860	0.01009	0.00723	0.01152	0.00649	0.00580	0.01264	0.01020	0.04610	0.00902	0.01030	0.00736	0.00368	0.00364	0.00075	0.00361	0.00295	0.00299	0.82654
78	0.00903	0.00452	0.00452	0.00452	0.00565	0.00452	0.00339	0.01129	0.01016	0.01807	0.01581	0.01807	0.01242	0.00565	0.00339	0.00113	0.00226	0.00452	0.85659	0.00452
79	0.00781	0.00558	0.00781	0.00892	0.01004	0.00558	0.00781	0.01004	0.01116	0.01450	0.02566	0.05466	0.02789	0.01339	0.00669	0.00223	0.00446	0.76685	0.00446	0.00446
80	0.01296	0.83261	0.02539	0.00829	0.01244	0.01917	0.00829	0.01451	0.00985	0.01140	0.00674	0.00777	0.00622	0.00415	0.00311	0.00104	0.00518	0.00259	0.00207	0.00622
81	0.01060	0.01060	0.01484	0.01272	0.01272	0.01484	0.01060	0.01166	0.00742	0.01166	0.00636	0.01060	0.00636	0.00848	0.01590	0.00212	0.82082	0.00424	0.00212	0.00530
82	0.01296	0.83261	0.02539	0.00829	0.01244	0.01917	0.00829	0.01451	0.00985	0.01140	0.00674	0.00777	0.00622	0.00415	0.00311	0.00104	0.00518	0.00259	0.00207	0.00622
83	0.00915	0.00861	0.01453	0.81804	0.03338	0.01077	0.01346	0.01238	0.00969	0.01238	0.00861	0.01292	0.00646	0.00484	0.00484	0.00161	0.00646	0.00431	0.00215	0.00538
84	0.01850	0.01291	0.01480	0.01128	0.01519	0.01394	0.04515	0.65565	0.02118	0.12304	0.01245	0.01229	0.00865	0.00576	0.00489	0.00147	0.00532	0.00449	0.00487	0.00816
85	0.01570	0.01263	0.01352	0.01191	0.06612	0.04427	0.00900	0.44353	0.27089	0.02521	0.01458	0.01424	0.02380	0.00604	0.00487	0.00151	0.00496	0.00478	0.00462	0.00785
86	0.86392	0.00937	0.00712	0.00637	0.00937	0.01087	0.00525	0.01425	0.00825	0.02174	0.00675	0.00787	0.00525	0.00450	0.00300	0.00150	0.00375	0.00262	0.00300	0.00525
87	0.00972	0.02507	0.80458	0.01381	0.02097	0.01125	0.01790	0.01535	0.01023	0.01535	0.00870	0.01023	0.00614	0.00460	0.00460	0.00153	0.00716	0.00358	0.00205	0.00716
88	0.86392	0.00937	0.00712	0.00637	0.00937	0.01087	0.00525	0.01425	0.00825	0.02174	0.00675	0.00787	0.00525	0.00450	0.00300	0.00150	0.00375	0.00262	0.00300	0.00525
89	0.00918	0.00547	0.00722	0.00649	0.00804	0.00497	0.00497	0.01140	0.01374	0.14170	0.67551	0.03312	0.04046	0.00930	0.00558	0.00152	0.00257	0.00816	0.00544	0.00515
90	0.82731	0.00954	0.02131	0.00650	0.00953	0.01072	0.00546	0.01414	0.00842	0.02157	0.02651	0.00862	0.00627	0.00464	0.00310	0.00150	0.00377	0.00279	0.00304	0.00527
91	0.01005	0.00861	0.01005	0.00718	0.01148	0.00646	0.00574	0.01220	0.01005	0.01579	0.00861	0.01005	0.00718	0.00359	0.00359	0.00072	0.00359	0.00287	0.00287	0.85932
92	0.01145	0.01301	0.02820	0.02019	0.02504	0.01225	0.76462	0.01575	0.02880	0.01563	0.01002	0.01318	0.00752	0.00414	0.00570	0.00163	0.00807	0.00571	0.00251	0.00656
93	0.00982	0.04202	0.77239	0.01383	0.02088	0.01144	0.03306	0.01533	0.01025	0.01527	0.00868	0.01024	0.00616	0.00458	0.00459	0.00153	0.00714	0.00360	0.00205	0.00713
94	0.00692	0.00519	0.00779	0.00779	0.00865	0.00606	0.00606	0.00865	0.00779	0.01125	0.01298	0.01904	0.01211	0.03634	0.81049	0.00779	0.01298	0.00519	0.00260	0.00433
95	0.01205	0.01041	0.01096	0.00986	0.01260	0.01205	0.00767	0.02575	0.79071	0.02027	0.01972	0.01808	0.01479	0.00657	0.00493	0.00164	0.00384	0.00548	0.00493	0.00767
96	0.00590	0.00425	0.00559	0.00667	0.00701	0.00394	0.00446	0.00676	0.00935	0.01240	0.02766	0.79332	0.06464	0.01506	0.00617	0.00195	0.00280	0.01363	0.00450	0.00394
97	0.00586	0.00490	0.00511	0.00508	0.00664	0.00414	0.00380	0.00721	0.01132	0.01382	0.13607	0.06087	0.69445	0.01205	0.00574	0.00163	0.00244	0.01013	0.00460	0.00414
98	0.01199	0.01151	0.01967	0.02974	0.79946	0.01151	0.01487	0.01487	0.01103	0.01583	0.00912	0.01199	0.00768	0.00432	0.00480	0.00144	0.00576	0.00432	0.00240	0.00768
99	0.00755	0.00543	0.00749	0.00856	0.00962	0.00537	0.00734	0.00961	0.01098	0.01425	0.02675	0.12330	0.06095	0.01350	0.00661	0.00218	0.00423	0.66741	0.00447	0.00440
100	0.01146	0.01327	0.13430	0.05677	0.64181	0.01132	0.01507	0.01474	0.01092	0.01570	0.02352	0.01222	0.00810	0.00448	0.00479	0.00146	0.00593	0.00429	0.00239	0.00746
101	0.00682	0.00480	0.00624	0.00636	0.00731	0.00442	0.00463	0.00857	0.01206	0.03331	0.46716	0.29405	0.08410	0.01176	0.00588	0.00169	0.00256	0.02887	0.00501	0.00441
102	0.00769	0.03798	0.02143	0.06249	0.02447	0.00634	0.04436	0.01004	0.05911	0.03154	0.10189	0.40659	0.12735	0.01147	0.00570	0.00176	0.00356	0.02723	0.00421	0.00479
103	0.10019	0.03196	0.36893	0.02930	0.11382	0.01126	0.08136	0.06766	0.01119	0.06945	0.00959	0.01124	0.00709	0.00570	0.02938	0.00170	0.02008	0.00394	0.00272	0.02345

[dist]
# distance from previous block
# <min> <max>
8	14

[block]
# block no. 5 follows, 52 sequences, length 36
# corresponding to MSA columns:
# 383-418
name=unknown_F
#
# <colnr> <probs for GDERKNQSTAVLIFYWHMCP>
#	G	D	E	R	K	N	Q	S	T	A	V	L	I	F	Y	W	H	M	C	P
0	0.30762	0.06356	0.02751	0.01286	0.14552	0.19969	0.02502	0.08744	0.04312	0.01815	0.00918	0.01039	0.02125	0.00491	0.00402	0.00141	0.00563	0.00352	0.00297	0.00622
1	0.01178	0.01108	0.03235	0.07858	0.52673	0.01112	0.05284	0.02901	0.05662	0.03967	0.02390	0.01317	0.00889	0.00595	0.03531	0.00172	0.02885	0.00454	0.00274	0.02514
2	0.01231	0.03396	0.01276	0.01047	0.07089	0.07624	0.03834	0.09978	0.05967	0.03841	0.02405	0.01145	0.00852	0.00440	0.00411	0.00103	0.00461	0.00359	0.00324	0.48216
3	0.00650	0.00492	0.00599	0.00577	0.00703	0.00441	0.00431	0.00843	0.01280	0.01736	0.55433	0.06193	0.26700	0.01076	0.00573	0.00157	0.00235	0.00934	0.00506	0.00441
4	0.00850	0.00671	0.00792	0.00758	0.00852	0.05074	0.00557	0.07126	0.00911	0.01229	0.01324	0.02161	0.01310	0.26606	0.46935	0.00601	0.00969	0.00556	0.00287	0.00430
5	0.00625	0.00443	0.00584	0.00678	0.00711	0.00425	0.00463	0.00713	0.00909	0.01212	0.02462	0.62904	0.02909	0.12147	0.03873	0.00256	0.00357	0.07520	0.00422	0.00386
6	0.00686	0.00495	0.00648	0.00610	0.00724	0.00457	0.00457	0.00914	0.01372	0.01943	0.79691	0.03620	0.04572	0.00991	0.00572	0.00152	0.00229	0.00876	0.00533	0.00457
7	0.02110	0.00806	0.01091	0.00841	0.01203	0.00699	0.00693	0.02299	0.01368	0.76321	0.01895	0.01657	0.01202	0.00598	0.00480	0.00148	0.00403	0.00486	0.04893	0.00806
8	0.08150	0.00833	0.01095	0.00846	0.01216	0.00739	0.00699	0.02295	0.01347	0.74739	0.01824	0.01588	0.01152	0.00589	0.00474	0.00150	0.00410	0.00471	0.00579	0.00803
9	0.01205	0.01041	0.01096	0.00986	0.01260	0.01205	0.00767	0.02575	0.79071	0.02027	0.01972	0.01808	0.01479	0.00657	0.00493	0.00164	0.00384	0.00548	0.00493	0.00767
10	0.00601	0.00429	0.00574	0.00687	0.00719	0.00403	0.00468	0.00693	0.00938	0.01249	0.02665	0.78458	0.03183	0.01508	0.00621	0.00198	0.00290	0.05470	0.00450	0.00396
11	0.00925	0.00871	0.01471	0.79090	0.05975	0.01079	0.01351	0.01247	0.00974	0.01250	0.00863	0.01289	0.00650	0.00483	0.00484	0.00161	0.00644	0.00431	0.00216	0.00546
12	0.01005	0.00861	0.01005	0.00718	0.01148	0.00646	0.00574	0.01220	0.01005	0.01579	0.00861	0.01005	0.00718	0.00359	0.00359	0.00072	0.00359	0.00287	0.00287	0.85932
13	0.00972	0.02507	0.80458	0.01381	0.02097	0.01125	0.01790	0.01535	0.01023	0.01535	0.00870	0.01023	0.00614	0.00460	0.00460	0.00153	0.00716	0.00358	0.00205	0.00716
14	0.01205	0.01041	0.01096	0.00986	0.01260	0.01205	0.00767	0.02575	0.79071	0.02027	0.01972	0.01808	0.01479	0.00657	0.00493	0.00164	0.00384	0.00548	0.00493	0.00767
15	0.00775	0.00553	0.00774	0.00885	0.00994	0.00552	0.00770	0.00993	0.01109	0.01443	0.02569	0.08014	0.02803	0.01345	0.00668	0.00222	0.00441	0.74199	0.00446	0.00444
16	0.00692	0.00519	0.00779	0.00779	0.00865	0.00606	0.00606	0.00865	0.00779	0.01125	0.01298	0.01904	0.01211	0.03634	0.81049	0.00779	0.01298	0.00519	0.00260	0.00433
17	0.86392	0.00937	0.00712	0.00637	0.00937	0.01087	0.00525	0.01425	0.00825	0.02174	0.00675	0.00787	0.00525	0.00450	0.00300	0.00150	0.00375	0.00262	0.00300	0.00525
18	0.01144	0.01307	0.02859	0.02042	0.02533	0.01225	0.78186	0.01552	0.01144	0.01552	0.00980	0.01307	0.00735	0.00408	0.00572	0.00163	0.00817	0.00572	0.00245	0.00654
19	0.01205	0.01041	0.01096	0.00986	0.01260	0.01205	0.00767	0.02575	0.79071	0.02027	0.01972	0.01808	0.01479	0.00657	0.00493	0.00164	0.00384	0.00548	0.00493	0.00767
20	0.01810	0.02310	0.01373	0.01248	0.01498	0.81024	0.00936	0.01935	0.01373	0.01186	0.00749	0.00874	0.00624	0.00499	0.00437	0.00125	0.00874	0.00312	0.00250	0.00562
21	0.00930	0.00461	0.00471	0.00464	0.00580	0.00459	0.00347	0.01149	0.01017	0.03748	0.01588	0.01839	0.01255	0.02749	0.00399	0.00123	0.00237	0.00459	0.81268	0.00457
22	0.00842	0.00421	0.00631	0.00631	0.00631	0.00421	0.00421	0.00631	0.00631	0.00842	0.00842	0.01473	0.00842	0.01684	0.01894	0.85901	0.00421	0.00421	0.00210	0.00210
23	0.00675	0.00483	0.00613	0.00613	0.00719	0.00440	0.00447	0.00852	0.01224	0.03214	0.48357	0.23041	0.15224	0.01147	0.00582	0.00165	0.00248	0.01013	0.00502	0.00442
24	0.01042	0.01041	0.01474	0.21605	0.01799	0.03385	0.01129	0.01204	0.00815	0.01185	0.00696	0.01114	0.00638	0.00748	0.01282	0.00197	0.59475	0.00423	0.00214	0.00533
25	0.01005	0.00861	0.01005	0.00718	0.01148	0.00646	0.00574	0.01220	0.01005	0.01579	0.00861	0.01005	0.00718	0.00359	0.00359	0.00072	0.00359	0.00287	0.00287	0.85932
26	0.01339	0.72673	0.05949	0.00873	0.01294	0.04051	0.00873	0.02990	0.01037	0.04158	0.00740	0.00831	0.00647	0.00429	0.00331	0.00109	0.00533	0.00277	0.00228	0.00636
27	0.00642	0.00509	0.00590	0.00634	0.00772	0.00457	0.00509	0.00796	0.01098	0.01351	0.04008	0.09470	0.49969	0.01281	0.00607	0.00185	0.00314	0.25938	0.00449	0.00420
28	0.01340	0.03701	0.05243	0.07936	0.39855	0.15290	0.02766	0.06447	0.06198	0.03555	0.00975	0.01176	0.00779	0.00484	0.00492	0.00144	0.02219	0.00414	0.00277	0.00706
29	0.00692	0.00519	0.00779	0.00779	0.00865	0.00606	0.00606	0.00865	0.00779	0.01125	0.01298	0.01904	0.01211	0.03634	0.81049	0.00779	0.01298	0.00519	0.00260	0.00433
30	0.00631	0.00501	0.00526	0.00514	0.00679	0.00423	0.00388	0.00767	0.01141	0.03668	0.12674	0.04467	0.69577	0.01184	0.00570	0.00162	0.00249	0.00992	0.00463	0.00426
31	0.02106	0.00808	0.01093	0.00843	0.01207	0.00699	0.00695	0.02293	0.01371	0.76528	0.01970	0.01720	0.02943	0.00613	0.00485	0.00149	0.00404	0.00498	0.02767	0.00806
32	0.00736	0.00497	0.00636	0.00631	0.00668	0.00525	0.00420	0.00808	0.03322	0.01043	0.03651	0.02546	0.01551	0.44215	0.24434	0.12391	0.00687	0.00613	0.00286	0.00342
