[name]
unknown

[dist]
# distance from previous block
# <min> <max>
0	39

[block]
# block no. 0 follows, 49 sequences, length 12
# corresponding to MSA columns:
# 39-50
name=unknown_A
#
# <colnr> <probs for GDERKNQSTAVLIFYWHMCP>
#	G	D	E	R	K	N	Q	S	T	A	V	L	I	F	Y	W	H	M	C	P
0	0.00959	0.02374	0.01022	0.00923	0.01126	0.00755	0.04001	0.10167	0.01241	0.01685	0.07176	0.08289	0.04409	0.01519	0.14069	0.00290	0.00603	0.29180	0.00412	0.09802
1	0.19544	0.13950	0.06658	0.01142	0.01538	0.03721	0.11851	0.20222	0.05627	0.03991	0.01130	0.01423	0.00912	0.00572	0.00460	0.00155	0.00566	0.05491	0.00358	0.00689
2	0.06887	0.01270	0.04544	0.01519	0.01929	0.04443	0.36072	0.01918	0.16686	0.11698	0.02751	0.01481	0.01033	0.00538	0.00571	0.00166	0.03293	0.00536	0.00363	0.02303
3	0.01170	0.02374	0.55413	0.01538	0.02176	0.12546	0.14491	0.01665	0.01141	0.01552	0.00909	0.01095	0.00664	0.00477	0.00497	0.00158	0.00789	0.00405	0.00227	0.00713
4	0.01410	0.00979	0.01102	0.00942	0.01231	0.01054	0.00745	0.13021	0.38632	0.15309	0.15180	0.02183	0.04471	0.00744	0.00529	0.00164	0.00395	0.00619	0.00538	0.00752
5	0.15082	0.00594	0.00648	0.00611	0.00776	0.00576	0.00466	0.00989	0.01267	0.01908	0.47702	0.03542	0.22049	0.00998	0.00549	0.00161	0.00269	0.00843	0.00494	0.00477
6	0.00844	0.00640	0.00956	0.01134	0.14060	0.00696	0.00726	0.01041	0.00901	0.01344	0.01344	0.01934	0.01228	0.07870	0.50209	0.00580	0.01010	0.00529	0.12448	0.00504
7	0.41880	0.00837	0.00825	0.05868	0.01118	0.00933	0.00620	0.09406	0.01086	0.01992	0.03983	0.26360	0.01603	0.00854	0.00459	0.00172	0.00392	0.00690	0.00385	0.00537
8	0.01267	0.00901	0.00959	0.00855	0.01103	0.00999	0.00667	0.07061	0.44203	0.07057	0.01871	0.01832	0.01403	0.00647	0.00463	0.00152	0.00361	0.00529	0.26964	0.00705
9	0.01093	0.05082	0.11533	0.01151	0.01396	0.06239	0.03738	0.01318	0.01022	0.01471	0.11985	0.01458	0.01268	0.00707	0.00959	0.00167	0.33743	0.00467	0.00285	0.14919
10	0.01242	0.29234	0.28741	0.01042	0.01510	0.01265	0.01128	0.01544	0.01092	0.12590	0.01312	0.14749	0.01189	0.00672	0.00459	0.00150	0.00555	0.00538	0.00317	0.00673
11	0.01289	0.32058	0.13518	0.01182	0.01610	0.09002	0.13885	0.03427	0.01210	0.04854	0.12084	0.01427	0.01291	0.00546	0.00458	0.00139	0.00612	0.00453	0.00300	0.00653

[dist]
# distance from previous block
# <min> <max>
7	14

[block]
# block no. 1 follows, 49 sequences, length 118
# corresponding to MSA columns:
# 66-121,126-138,141-189
name=unknown_B
#
# <colnr> <probs for GDERKNQSTAVLIFYWHMCP>
#	G	D	E	R	K	N	Q	S	T	A	V	L	I	F	Y	W	H	M	C	P
0	0.00716	0.00517	0.00676	0.00636	0.00755	0.00477	0.00477	0.00954	0.01431	0.02028	0.78808	0.03777	0.04771	0.01034	0.00596	0.00159	0.00239	0.00914	0.00557	0.00477
1	0.01184	0.01346	0.02928	0.05119	0.02675	0.01273	0.74366	0.01607	0.01187	0.01607	0.01018	0.01363	0.00764	0.00429	0.00593	0.00170	0.00846	0.00591	0.00255	0.00677
2	0.01787	0.01349	0.01667	0.01270	0.01678	0.01454	0.11402	0.56361	0.08464	0.07376	0.01304	0.01320	0.00927	0.00590	0.00519	0.00156	0.00577	0.00488	0.00479	0.00831
3	0.00622	0.00444	0.00593	0.00710	0.00742	0.00415	0.00479	0.00714	0.00974	0.01297	0.02784	0.79790	0.03332	0.01579	0.00647	0.00206	0.00298	0.03492	0.00469	0.00412
4	0.02269	0.00861	0.01174	0.00900	0.01291	0.00743	0.00743	0.02464	0.01447	0.79425	0.01995	0.01721	0.01252	0.00626	0.00509	0.00156	0.00430	0.00509	0.00626	0.00861
5	0.85801	0.00978	0.00743	0.00665	0.00978	0.01134	0.00548	0.01486	0.00861	0.02269	0.00704	0.00821	0.00548	0.00469	0.00313	0.00156	0.00391	0.00274	0.00313	0.00548
6	0.04506	0.01388	0.01493	0.03493	0.01606	0.01542	0.00961	0.72789	0.02290	0.03103	0.01189	0.01206	0.00845	0.00600	0.00500	0.00152	0.00555	0.00449	0.00492	0.00841
7	0.00598	0.00512	0.00512	0.00512	0.00683	0.00427	0.00384	0.00726	0.01153	0.01366	0.05123	0.04866	0.78869	0.01281	0.00598	0.00171	0.00256	0.01067	0.00470	0.00427
8	0.00722	0.00542	0.00813	0.00813	0.00903	0.00632	0.00632	0.00903	0.00813	0.01174	0.01354	0.01987	0.01264	0.03792	0.80225	0.00813	0.01354	0.00542	0.00271	0.00451
9	0.01191	0.01356	0.02942	0.02108	0.02604	0.01287	0.75012	0.01608	0.01181	0.01608	0.01013	0.01356	0.00764	0.00440	0.00628	0.00172	0.03205	0.00592	0.00255	0.00678
10	0.01014	0.02616	0.79609	0.01441	0.02189	0.01174	0.01868	0.01601	0.01068	0.01601	0.00907	0.01068	0.00641	0.00480	0.00480	0.00160	0.00747	0.00374	0.00214	0.00747
11	0.00732	0.00489	0.00553	0.00556	0.00557	0.00488	0.00312	0.00734	0.00743	0.00991	0.01632	0.05852	0.01887	0.79619	0.02511	0.00481	0.00484	0.00758	0.00312	0.00310
12	0.01014	0.02616	0.79609	0.01441	0.02189	0.01174	0.01868	0.01601	0.01068	0.01601	0.00907	0.01068	0.00641	0.00480	0.00480	0.00160	0.00747	0.00374	0.00214	0.00747
13	0.02982	0.01001	0.01677	0.53271	0.28571	0.01150	0.01434	0.01383	0.01054	0.01434	0.00912	0.01304	0.00713	0.00486	0.00500	0.00162	0.00643	0.00446	0.00235	0.00641
14	0.00815	0.00582	0.00815	0.00931	0.01048	0.00582	0.00815	0.01048	0.01164	0.01513	0.02677	0.05704	0.02910	0.01397	0.00698	0.00233	0.00466	0.75671	0.00466	0.00466
15	0.00598	0.00512	0.00512	0.00512	0.00683	0.00427	0.00384	0.00726	0.01153	0.01366	0.05123	0.04866	0.78869	0.01281	0.00598	0.00171	0.00256	0.01067	0.00470	0.00427
16	0.06527	0.01261	0.06159	0.01073	0.01457	0.11803	0.06200	0.10078	0.01469	0.41256	0.06365	0.01571	0.01239	0.00604	0.00500	0.00154	0.00545	0.00488	0.00490	0.00762
17	0.01034	0.00992	0.01735	0.57200	0.18221	0.01141	0.08195	0.01370	0.01056	0.01403	0.00934	0.01340	0.00718	0.00489	0.00510	0.00164	0.00668	0.00463	0.01748	0.00618
18	0.00722	0.00542	0.00813	0.00813	0.00903	0.00632	0.00632	0.00903	0.00813	0.01174	0.01354	0.01987	0.01264	0.03792	0.80225	0.00813	0.01354	0.00542	0.00271	0.00451
19	0.01352	0.82533	0.02650	0.00865	0.01298	0.02001	0.00865	0.01514	0.01027	0.01190	0.00703	0.00811	0.00649	0.00433	0.00324	0.00108	0.00541	0.00270	0.00216	0.00649
20	0.01017	0.02572	0.77326	0.01438	0.02163	0.01185	0.01846	0.01590	0.01059	0.01590	0.00900	0.01069	0.00641	0.00492	0.00515	0.00162	0.03103	0.00376	0.00214	0.00742
21	0.01346	0.74461	0.07887	0.00919	0.01368	0.04474	0.00938	0.01536	0.01043	0.01219	0.00720	0.00832	0.00648	0.00439	0.00339	0.00112	0.00567	0.00279	0.00218	0.00654
22	0.00716	0.00517	0.00676	0.00636	0.00755	0.00477	0.00477	0.00954	0.01431	0.02028	0.78808	0.03777	0.04771	0.01034	0.00596	0.00159	0.00239	0.00914	0.00557	0.00477
23	0.00716	0.00517	0.00676	0.00636	0.00755	0.00477	0.00477	0.00954	0.01431	0.02028	0.78808	0.03777	0.04771	0.01034	0.00596	0.00159	0.00239	0.00914	0.00557	0.00477
24	0.01249	0.01205	0.02070	0.03027	0.74690	0.01205	0.04404	0.01576	0.02628	0.01660	0.00975	0.01268	0.00814	0.00454	0.00505	0.00151	0.00606	0.00458	0.00256	0.00796
25	0.01386	0.27539	0.12041	0.01088	0.01476	0.17729	0.00998	0.02032	0.27592	0.01572	0.01211	0.01235	0.00955	0.00544	0.00437	0.00141	0.00596	0.00399	0.00327	0.00701
26	0.00616	0.00440	0.00587	0.00704	0.00733	0.00411	0.00469	0.00704	0.00968	0.01291	0.02787	0.81899	0.03344	0.01584	0.00645	0.00205	0.00293	0.01438	0.00469	0.00411
27	0.00810	0.00578	0.00809	0.00925	0.01039	0.00577	0.00806	0.01039	0.01159	0.01507	0.02680	0.07729	0.02922	0.01402	0.00697	0.00232	0.00461	0.73697	0.00466	0.00464
28	0.01049	0.00899	0.01049	0.00749	0.01198	0.00674	0.00599	0.01273	0.01049	0.01648	0.00899	0.01049	0.00749	0.00374	0.00374	0.00075	0.00374	0.00300	0.00300	0.85320
29	0.00616	0.00440	0.00587	0.00704	0.00733	0.00411	0.00469	0.00704	0.00968	0.01291	0.02787	0.81899	0.03344	0.01584	0.00645	0.00205	0.00293	0.01438	0.00469	0.00411
30	0.00678	0.00497	0.00641	0.00710	0.00775	0.00478	0.00492	0.00883	0.05918	0.01502	0.19166	0.59994	0.03540	0.01409	0.00627	0.00193	0.00288	0.01270	0.00491	0.00450
31	0.00716	0.00517	0.00676	0.00636	0.00755	0.00477	0.00477	0.00954	0.01431	0.02028	0.78808	0.03777	0.04771	0.01034	0.00596	0.00159	0.00239	0.00914	0.00557	0.00477
32	0.01889	0.02410	0.01433	0.01303	0.01563	0.80199	0.00977	0.02019	0.01433	0.01238	0.00782	0.00912	0.00651	0.00521	0.00456	0.00130	0.00912	0.00326	0.00261	0.00586
33	0.00709	0.00512	0.00670	0.00640	0.00754	0.00473	0.00477	0.00939	0.01402	0.01981	0.74032	0.08685	0.04682	0.01068	0.00599	0.00162	0.00242	0.00947	0.00551	0.00473
34	0.00616	0.00440	0.00587	0.00704	0.00733	0.00411	0.00469	0.00704	0.00968	0.01291	0.02787	0.81899	0.03344	0.01584	0.00645	0.00205	0.00293	0.01438	0.00469	0.00411
35	0.01014	0.02616	0.79609	0.01441	0.02189	0.01174	0.01868	0.01601	0.01068	0.01601	0.00907	0.01068	0.00641	0.00480	0.00480	0.00160	0.00747	0.00374	0.00214	0.00747
36	0.01003	0.00530	0.00536	0.00514	0.00650	0.00539	0.00391	0.05883	0.01142	0.01966	0.01623	0.01844	0.01269	0.00590	0.00363	0.00120	0.00255	0.00470	0.79818	0.00495
37	0.00616	0.00440	0.00587	0.00704	0.00733	0.00411	0.00469	0.00704	0.00968	0.01291	0.02787	0.81899	0.03344	0.01584	0.00645	0.00205	0.00293	0.01438	0.00469	0.00411
38	0.01352	0.82533	0.02650	0.00865	0.01298	0.02001	0.00865	0.01514	0.01027	0.01190	0.00703	0.00811	0.00649	0.00433	0.00324	0.00108	0.00541	0.00270	0.00216	0.00649
39	0.01359	0.00766	0.00924	0.00806	0.01055	0.00728	0.00637	0.14474	0.01426	0.25757	0.04164	0.17382	0.21856	0.01021	0.00569	0.00173	0.00381	0.05359	0.00525	0.00635
40	0.02074	0.01173	0.01367	0.01048	0.01447	0.01207	0.00866	0.44565	0.01970	0.36585	0.01556	0.01436	0.01032	0.00615	0.00507	0.00154	0.00501	0.00479	0.00558	0.00860
41	0.00734	0.00559	0.00835	0.00828	0.00916	0.00660	0.00647	0.00913	0.00812	0.01175	0.01333	0.01960	0.01246	0.03703	0.77813	0.00795	0.03808	0.00539	0.00269	0.00455
42	0.01197	0.01151	0.01821	0.12373	0.02059	0.01234	0.27114	0.04492	0.36572	0.01846	0.01601	0.01694	0.03276	0.00586	0.00544	0.00170	0.00594	0.00573	0.00384	0.00719
43	0.01065	0.01825	0.40883	0.01309	0.01846	0.01108	0.11274	0.06386	0.12397	0.01741	0.01769	0.01830	0.13055	0.00637	0.00521	0.00164	0.00622	0.00545	0.00321	0.00703
44	0.01889	0.02410	0.01433	0.01303	0.01563	0.80199	0.00977	0.02019	0.01433	0.01238	0.00782	0.00912	0.00651	0.00521	0.00456	0.00130	0.00912	0.00326	0.00261	0.00586
45	0.01239	0.01367	0.02892	0.02070	0.02575	0.01297	0.72446	0.06380	0.01268	0.01718	0.01035	0.01355	0.00773	0.00438	0.00591	0.00169	0.00834	0.00588	0.00271	0.00693
46	0.01035	0.04749	0.72664	0.01469	0.02192	0.01204	0.06576	0.01600	0.01074	0.01591	0.00909	0.01079	0.00649	0.00476	0.00483	0.00159	0.00748	0.00385	0.00216	0.00740
47	0.01108	0.01157	0.02045	0.16819	0.02200	0.01373	0.27833	0.01372	0.00966	0.01372	0.00834	0.01243	0.00702	0.00652	0.01067	0.00193	0.37730	0.00498	0.00234	0.00600
48	0.01148	0.32963	0.47867	0.01245	0.01865	0.01492	0.03926	0.01569	0.01056	0.01445	0.00833	0.00980	0.00648	0.00460	0.00425	0.00141	0.00672	0.00342	0.00216	0.00708
49	0.00716	0.00517	0.00676	0.00636	0.00755	0.00477	0.00477	0.00954	0.01431	0.02028	0.78808	0.03777	0.04771	0.01034	0.00596	0.00159	0.00239	0.00914	0.00557	0.00477
50	0.01035	0.07636	0.74774	0.01405	0.02133	0.01226	0.01805	0.01596	0.01065	0.01576	0.00895	0.01051	0.00641	0.00477	0.00471	0.00157	0.00734	0.00367	0.00214	0.00741
51	0.00632	0.00453	0.00601	0.00693	0.00737	0.00422	0.00471	0.00745	0.01044	0.01411	0.15223	0.69119	0.03578	0.01494	0.00637	0.00198	0.00284	0.01352	0.00484	0.00422
52	0.01014	0.02616	0.79609	0.01441	0.02189	0.01174	0.01868	0.01601	0.01068	0.01601	0.00907	0.01068	0.00641	0.00480	0.00480	0.00160	0.00747	0.00374	0.00214	0.00747
53	0.00616	0.00440	0.00587	0.00704	0.00733	0.00411	0.00469	0.00704	0.00968	0.01291	0.02787	0.81899	0.03344	0.01584	0.00645	0.00205	0.00293	0.01438	0.00469	0.00411
54	0.00616	0.00440	0.00587	0.00704	0.00733	0.00411	0.00469	0.00704	0.00968	0.01291	0.02787	0.81899	0.03344	0.01584	0.00645	0.00205	0.00293	0.01438	0.00469	0.00411
55	0.00963	0.00907	0.01531	0.78942	0.05492	0.01126	0.01408	0.01299	0.01015	0.01302	0.00900	0.01346	0.00677	0.00504	0.00505	0.00168	0.00672	0.00449	0.00225	0.00568
56	0.01021	0.04289	0.77997	0.01429	0.02170	0.01192	0.01847	0.01600	0.01067	0.01593	0.00903	0.01062	0.00641	0.00479	0.00477	0.00159	0.00743	0.00371	0.00214	0.00745
57	0.01352	0.82533	0.02650	0.00865	0.01298	0.02001	0.00865	0.01514	0.01027	0.01190	0.00703	0.00811	0.00649	0.00433	0.00324	0.00108	0.00541	0.00270	0.00216	0.00649
58	0.01889	0.02410	0.01433	0.01303	0.01563	0.80199	0.00977	0.02019	0.01433	0.01238	0.00782	0.00912	0.00651	0.00521	0.00456	0.00130	0.00912	0.00326	0.00261	0.00586
59	0.01014	0.02616	0.79609	0.01441	0.02189	0.01174	0.01868	0.01601	0.01068	0.01601	0.00907	0.01068	0.00641	0.00480	0.00480	0.00160	0.00747	0.00374	0.00214	0.00747
60	0.01194	0.01364	0.02984	0.02131	0.02643	0.01279	0.77238	0.01620	0.01194	0.01620	0.01023	0.01364	0.00767	0.00426	0.00597	0.00171	0.00853	0.00597	0.00256	0.00682
61	0.00616	0.00440	0.00587	0.00704	0.00733	0.00411	0.00469	0.00704	0.00968	0.01291	0.02787	0.81899	0.03344	0.01584	0.00645	0.00205	0.00293	0.01438	0.00469	0.00411
62	0.00718	0.00518	0.00679	0.00642	0.00761	0.00479	0.00484	0.00956	0.01426	0.02018	0.77368	0.03814	0.04736	0.01041	0.00598	0.00160	0.00243	0.02328	0.00555	0.00477
63	0.01258	0.01086	0.01143	0.01029	0.01315	0.01258	0.00800	0.02687	0.78161	0.02115	0.02058	0.01887	0.01544	0.00686	0.00515	0.00172	0.00400	0.00572	0.00515	0.00800
64	0.01194	0.01364	0.02984	0.02131	0.02643	0.01279	0.77238	0.01620	0.01194	0.01620	0.01023	0.01364	0.00767	0.00426	0.00597	0.00171	0.00853	0.00597	0.00256	0.00682
65	0.00722	0.00542	0.00813	0.00813	0.00903	0.00632	0.00632	0.00903	0.00813	0.01174	0.01354	0.01987	0.01264	0.03792	0.80225	0.00813	0.01354	0.00542	0.00271	0.00451
66	0.01071	0.02540	0.74703	0.01424	0.02150	0.01199	0.01811	0.06363	0.01150	0.01701	0.00927	0.01077	0.00654	0.00488	0.00482	0.00160	0.00735	0.00379	0.00232	0.00754
67	0.00955	0.00899	0.01517	0.81013	0.03483	0.01123	0.01404	0.01292	0.01011	0.01292	0.00899	0.01348	0.00674	0.00506	0.00506	0.00169	0.00674	0.00449	0.00225	0.00562
68	0.01014	0.02616	0.79609	0.01441	0.02189	0.01174	0.01868	0.01601	0.01068	0.01601	0.00907	0.01068	0.00641	0.00480	0.00480	0.00160	0.00747	0.00374	0.00214	0.00747
69	0.01252	0.01201	0.02053	0.03104	0.79074	0.01201	0.01552	0.01552	0.01151	0.01652	0.00951	0.01252	0.00801	0.00451	0.00501	0.00150	0.00601	0.00451	0.00250	0.00801
70	0.11166	0.01272	0.02125	0.01566	0.02002	0.02579	0.40503	0.18432	0.01447	0.09298	0.02507	0.01346	0.00886	0.00505	0.00529	0.00162	0.00675	0.00519	0.01768	0.00714
71	0.06658	0.00649	0.00842	0.00783	0.00982	0.00595	0.00589	0.01488	0.01162	0.33984	0.02325	0.43320	0.02295	0.01114	0.00567	0.00182	0.00357	0.00976	0.00525	0.00607
72	0.00955	0.00899	0.01517	0.81013	0.03483	0.01123	0.01404	0.01292	0.01011	0.01292	0.00899	0.01348	0.00674	0.00506	0.00506	0.00169	0.00674	0.00449	0.00225	0.00562
73	0.01240	0.01190	0.02032	0.06055	0.76211	0.01199	0.01546	0.01542	0.01146	0.01638	0.00949	0.01255	0.00796	0.00453	0.00501	0.00151	0.00604	0.00451	0.00249	0.00792
74	0.01568	0.01100	0.01508	0.01202	0.01536	0.03427	0.14096	0.09509	0.23467	0.24020	0.01661	0.04287	0.01234	0.00772	0.03676	0.00193	0.04961	0.00560	0.00466	0.00756
75	0.02005	0.01154	0.01337	0.01033	0.01422	0.01189	0.00851	0.42416	0.04178	0.34174	0.01672	0.01548	0.03331	0.00637	0.00510	0.00155	0.00492	0.00498	0.00554	0.00846
76	0.01134	0.31006	0.52270	0.01237	0.01872	0.01468	0.01512	0.01570	0.01053	0.01455	0.00835	0.00977	0.00644	0.00463	0.00425	0.00142	0.00674	0.00337	0.00215	0.00712
77	0.01182	0.01443	0.07798	0.02088	0.02614	0.01272	0.72503	0.01619	0.01186	0.01619	0.01016	0.01345	0.00759	0.00430	0.00589	0.00170	0.00846	0.00583	0.00253	0.00686
78	0.01252	0.01201	0.02053	0.03104	0.79074	0.01201	0.01552	0.01552	0.01151	0.01652	0.00951	0.01252	0.00801	0.00451	0.00501	0.00150	0.00601	0.00451	0.00250	0.00801
79	0.00616	0.00440	0.00587	0.00704	0.00733	0.00411	0.00469	0.00704	0.00968	0.01291	0.02787	0.81899	0.03344	0.01584	0.00645	0.00205	0.00293	0.01438	0.00469	0.00411
80	0.00619	0.00441	0.00586	0.00700	0.00728	0.00413	0.00465	0.00705	0.00962	0.01282	0.02754	0.79723	0.03303	0.03817	0.00699	0.00213	0.00299	0.01418	0.00465	0.00408
81	0.01043	0.06789	0.70700	0.01454	0.02170	0.01225	0.06550	0.01598	0.01073	0.01581	0.00904	0.01073	0.00649	0.00474	0.00479	0.00158	0.00743	0.00382	0.00216	0.00738
82	0.01060	0.00659	0.00826	0.00795	0.00945	0.00659	0.00596	0.07665	0.06593	0.12962	0.09163	0.31164	0.02475	0.07748	0.06985	0.00257	0.00447	0.06053	0.02400	0.00548
83	0.01014	0.02616	0.79609	0.01441	0.02189	0.01174	0.01868	0.01601	0.01068	0.01601	0.00907	0.01068	0.00641	0.00480	0.00480	0.00160	0.00747	0.00374	0.00214	0.00747
84	0.01352	0.82533	0.02650	0.00865	0.01298	0.02001	0.00865	0.01514	0.01027	0.01190	0.00703	0.00811	0.00649	0.00433	0.00324	0.00108	0.00541	0.00270	0.00216	0.00649
85	0.01188	0.00669	0.00890	0.00801	0.00973	0.00660	0.00619	0.02819	0.01249	0.23790	0.23781	0.21447	0.06808	0.01124	0.03124	0.00196	0.07903	0.00867	0.00510	0.00582
86	0.04914	0.00855	0.01061	0.00852	0.01174	0.00808	0.00689	0.12413	0.01454	0.46237	0.04441	0.02161	0.11410	0.03901	0.05083	0.00207	0.00472	0.00587	0.00543	0.00738
87	0.01014	0.02616	0.79609	0.01441	0.02189	0.01174	0.01868	0.01601	0.01068	0.01601	0.00907	0.01068	0.00641	0.00480	0.00480	0.00160	0.00747	0.00374	0.00214	0.00747
88	0.22849	0.40767	0.02069	0.01018	0.01428	0.01553	0.12543	0.03009	0.01072	0.08331	0.00874	0.00985	0.00697	0.00461	0.00383	0.00135	0.00542	0.00346	0.00288	0.00651
89	0.01021	0.04328	0.77960	0.01429	0.02170	0.01192	0.01847	0.01600	0.01067	0.01593	0.00903	0.01062	0.00641	0.00479	0.00477	0.00159	0.00743	0.00371	0.00214	0.00745
90	0.01178	0.01242	0.01552	0.56860	0.10488	0.17522	0.01330	0.01468	0.01112	0.01316	0.00880	0.01248	0.00682	0.00503	0.00495	0.00159	0.00716	0.00424	0.00235	0.00590
91	0.01252	0.01201	0.02053	0.03104	0.79074	0.01201	0.01552	0.01552	0.01151	0.01652	0.00951	0.01252	0.00801	0.00451	0.00501	0.00150	0.00601	0.00451	0.00250	0.00801
92	0.01091	0.20494	0.56986	0.01272	0.01913	0.01343	0.01561	0.01604	0.03989	0.01541	0.03193	0.01120	0.00798	0.00494	0.00450	0.00149	0.00673	0.00374	0.00236	0.00719
93	0.00691	0.00531	0.00782	0.00915	0.05657	0.00514	0.02955	0.00817	0.00979	0.01321	0.02481	0.64053	0.02896	0.01678	0.08079	0.00259	0.00436	0.04078	0.00431	0.00449
94	0.12229	0.00847	0.00994	0.00879	0.01116	0.03281	0.03001	0.04847	0.10220	0.21870	0.09237	0.22727	0.02040	0.00909	0.00555	0.00173	0.02015	0.01942	0.00487	0.00633
95	0.12728	0.01333	0.06214	0.01052	0.01438	0.02685	0.00904	0.47755	0.04745	0.08811	0.01264	0.02790	0.00926	0.00602	0.00474	0.00153	0.00517	0.00452	0.04377	0.00779
96	0.01116	0.01079	0.01790	0.41972	0.38160	0.02818	0.02976	0.01433	0.01088	0.01463	0.00923	0.01295	0.00734	0.00479	0.00504	0.00159	0.00649	0.00450	0.00238	0.00675
97	0.00647	0.00538	0.00703	0.00699	0.00833	0.00477	0.05255	0.00780	0.01082	0.01355	0.03887	0.35324	0.42412	0.01350	0.00619	0.00186	0.00313	0.02648	0.00456	0.00437
98	0.01134	0.30952	0.52322	0.01237	0.01873	0.01467	0.01513	0.01570	0.01053	0.01455	0.00835	0.00977	0.00644	0.00463	0.00425	0.00142	0.00674	0.00337	0.00215	0.00712
99	0.01987	0.01269	0.01421	0.01094	0.01492	0.01355	0.00902	0.56586	0.04508	0.21954	0.01433	0.01360	0.00978	0.00614	0.00507	0.00154	0.00520	0.00472	0.00536	0.00858
100	0.00620	0.00443	0.00590	0.00702	0.00734	0.00413	0.00470	0.00713	0.00985	0.01318	0.05621	0.78986	0.03398	0.01564	0.00644	0.00204	0.00291	0.01418	0.00473	0.00413
101	0.01046	0.10064	0.72436	0.01388	0.02106	0.01251	0.01775	0.01593	0.01064	0.01563	0.00888	0.01044	0.00641	0.00476	0.00466	0.00155	0.00728	0.00364	0.00214	0.00738
102	0.01920	0.01479	0.01512	0.01172	0.01568	0.06508	0.00962	0.72653	0.02318	0.03064	0.01187	0.01195	0.00847	0.00602	0.00503	0.00150	0.00579	0.00447	0.00490	0.00843
103	0.00600	0.00510	0.00518	0.00521	0.00686	0.00427	0.00389	0.00729	0.01152	0.01376	0.06397	0.07246	0.75163	0.01286	0.00599	0.00172	0.00257	0.01076	0.00471	0.00427
104	0.00705	0.00509	0.00667	0.00643	0.00753	0.00470	0.00476	0.00929	0.01384	0.01952	0.71018	0.11782	0.04625	0.01090	0.00601	0.00164	0.00244	0.00968	0.00548	0.00470
105	0.00979	0.00923	0.01560	0.74751	0.09558	0.01130	0.01416	0.01313	0.01022	0.01321	0.00903	0.01340	0.00684	0.00501	0.00505	0.00167	0.00668	0.00449	0.00227	0.00581
106	0.00815	0.00582	0.00815	0.00931	0.01048	0.00582	0.00815	0.01048	0.01164	0.01513	0.02677	0.05704	0.02910	0.01397	0.00698	0.00233	0.00466	0.75671	0.00466	0.00466
107	0.00627	0.00446	0.00593	0.00705	0.00736	0.00419	0.00474	0.00716	0.00965	0.01286	0.02738	0.76549	0.03274	0.04633	0.00720	0.00217	0.00306	0.03723	0.00463	0.00408
108	0.01014	0.02616	0.79609	0.01441	0.02189	0.01174	0.01868	0.01601	0.01068	0.01601	0.00907	0.01068	0.00641	0.00480	0.00480	0.00160	0.00747	0.00374	0.00214	0.00747
109	0.00615	0.00443	0.00584	0.00696	0.00731	0.00411	0.00466	0.00705	0.00976	0.01294	0.02885	0.78653	0.06526	0.01571	0.00643	0.00204	0.00292	0.01422	0.00469	0.00411
110	0.01252	0.01201	0.02053	0.03104	0.79074	0.01201	0.01552	0.01552	0.01151	0.01652	0.00951	0.01252	0.00801	0.00451	0.00501	0.00150	0.00601	0.00451	0.00250	0.00801
111	0.01330	0.01146	0.01326	0.01141	0.01308	0.06270	0.00919	0.07863	0.23593	0.07814	0.03696	0.01545	0.01154	0.03847	0.01068	0.00199	0.34234	0.00505	0.00378	0.00664
112	0.01252	0.01201	0.02053	0.03104	0.79074	0.01201	0.01552	0.01552	0.01151	0.01652	0.00951	0.01252	0.00801	0.00451	0.00501	0.00150	0.00601	0.00451	0.00250	0.00801
113	0.01889	0.02410	0.01433	0.01303	0.01563	0.80199	0.00977	0.02019	0.01433	0.01238	0.00782	0.00912	0.00651	0.00521	0.00456	0.00130	0.00912	0.00326	0.00261	0.00586
114	0.01933	0.01399	0.01507	0.01155	0.01560	0.01543	0.00954	0.75089	0.02349	0.05527	0.01238	0.01230	0.00872	0.00608	0.00506	0.00152	0.00553	0.00457	0.00510	0.00860
115	0.01077	0.00863	0.01154	0.01048	0.01173	0.01001	0.03286	0.13821	0.01210	0.03943	0.03538	0.26406	0.01970	0.01110	0.00918	0.00202	0.23916	0.12402	0.00402	0.00559
116	0.01232	0.54189	0.29944	0.01070	0.01614	0.01708	0.01221	0.01545	0.01042	0.01336	0.00776	0.00902	0.00646	0.00450	0.00380	0.00127	0.00614	0.00307	0.00215	0.00684
117	0.01106	0.01106	0.01549	0.01328	0.01328	0.01549	0.01106	0.01217	0.00774	0.01217	0.00664	0.01106	0.00664	0.00885	0.01659	0.00221	0.81303	0.00443	0.00221	0.00553

[dist]
# distance from previous block
# <min> <max>
0	18

[block]
# block no. 2 follows, 49 sequences, length 44
# corresponding to MSA columns:
# 208-213,215-252
name=unknown_C
#
# <colnr> <probs for GDERKNQSTAVLIFYWHMCP>
#	G	D	E	R	K	N	Q	S	T	A	V	L	I	F	Y	W	H	M	C	P
0	0.01394	0.00713	0.00910	0.00768	0.01020	0.00653	0.00611	0.04755	0.04165	0.32976	0.31800	0.02949	0.11927	0.00877	0.00557	0.00161	0.00341	0.02203	0.00569	0.00652
1	0.14056	0.00940	0.00983	0.00836	0.01084	0.02596	0.00664	0.27895	0.01537	0.02259	0.16148	0.02126	0.07735	0.04320	0.09405	0.00240	0.00522	0.00581	0.05464	0.00611
2	0.00955	0.00899	0.01517	0.81013	0.03483	0.01123	0.01404	0.01292	0.01011	0.01292	0.00899	0.01348	0.00674	0.00506	0.00506	0.00169	0.00674	0.00449	0.00225	0.00562
3	0.00616	0.00440	0.00587	0.00704	0.00733	0.00411	0.00469	0.00704	0.00968	0.01291	0.02787	0.81899	0.03344	0.01584	0.00645	0.00205	0.00293	0.01438	0.00469	0.00411
4	0.01014	0.02616	0.79609	0.01441	0.02189	0.01174	0.01868	0.01601	0.01068	0.01601	0.00907	0.01068	0.00641	0.00480	0.00480	0.00160	0.00747	0.00374	0.00214	0.00747
5	0.01014	0.02616	0.79609	0.01441	0.02189	0.01174	0.01868	0.01601	0.01068	0.01601	0.00907	0.01068	0.00641	0.00480	0.00480	0.00160	0.00747	0.00374	0.00214	0.00747
6	0.01110	0.01057	0.01797	0.40286	0.42999	0.01164	0.01481	0.01428	0.01084	0.01480	0.00926	0.01298	0.00740	0.00477	0.00503	0.00159	0.00636	0.00450	0.00238	0.00687
7	0.01014	0.02616	0.79609	0.01441	0.02189	0.01174	0.01868	0.01601	0.01068	0.01601	0.00907	0.01068	0.00641	0.00480	0.00480	0.00160	0.00747	0.00374	0.00214	0.00747
8	0.14512	0.01283	0.01502	0.01180	0.01556	0.12179	0.13801	0.13452	0.07591	0.25885	0.01352	0.01348	0.00943	0.00556	0.00487	0.00156	0.00580	0.00460	0.00437	0.00740
9	0.01062	0.13858	0.68783	0.01360	0.02063	0.01291	0.01727	0.01589	0.01062	0.01543	0.00879	0.01032	0.00642	0.00474	0.00458	0.00153	0.00718	0.00359	0.00214	0.00733
10	0.00681	0.00515	0.00758	0.00821	0.00892	0.00488	0.04810	0.00812	0.01013	0.01346	0.02670	0.64749	0.03129	0.01488	0.00652	0.00208	0.00353	0.13721	0.00457	0.00435
11	0.01252	0.01201	0.02053	0.03104	0.79074	0.01201	0.01552	0.01552	0.01151	0.01652	0.00951	0.01252	0.00801	0.00451	0.00501	0.00150	0.00601	0.00451	0.00250	0.00801
12	0.01140	0.01095	0.01886	0.31786	0.48688	0.01175	0.04000	0.01458	0.01101	0.01518	0.00934	0.01291	0.00753	0.00470	0.00506	0.00158	0.00636	0.00455	0.00241	0.00709
13	0.01028	0.05949	0.76399	0.01417	0.02151	0.01209	0.01826	0.01598	0.01066	0.01584	0.00899	0.01057	0.00641	0.00478	0.00474	0.00158	0.00739	0.00369	0.00214	0.00743
14	0.00722	0.00542	0.00813	0.00813	0.00903	0.00632	0.00632	0.00903	0.00813	0.01174	0.01354	0.01987	0.01264	0.03792	0.80225	0.00813	0.01354	0.00542	0.00271	0.00451
15	0.03790	0.01365	0.01325	0.01073	0.01431	0.16015	0.00862	0.27540	0.09946	0.29190	0.01483	0.01397	0.01023	0.00603	0.00494	0.00152	0.00559	0.00458	0.00498	0.00796
16	0.01159	0.01107	0.01885	0.27471	0.55432	0.01177	0.01506	0.01471	0.01108	0.01539	0.00935	0.01282	0.00761	0.00468	0.00502	0.00156	0.00624	0.00450	0.00242	0.00726
17	0.00616	0.00440	0.00587	0.00704	0.00733	0.00411	0.00469	0.00704	0.00968	0.01291	0.02787	0.81899	0.03344	0.01584	0.00645	0.00205	0.00293	0.01438	0.00469	0.00411
18	0.01106	0.01106	0.01549	0.01328	0.01328	0.01549	0.01106	0.01217	0.00774	0.01217	0.00664	0.01106	0.00664	0.00885	0.01659	0.00221	0.81303	0.00443	0.00221	0.00553
19	0.01084	0.19073	0.63760	0.01323	0.02005	0.01345	0.01662	0.01583	0.01059	0.01517	0.00865	0.01015	0.00642	0.00471	0.00448	0.00149	0.00705	0.00352	0.00214	0.00727
20	0.00955	0.00899	0.01517	0.81013	0.03483	0.01123	0.01404	0.01292	0.01011	0.01292	0.00899	0.01348	0.00674	0.00506	0.00506	0.00169	0.00674	0.00449	0.00225	0.00562
21	0.00722	0.00542	0.00813	0.00813	0.00903	0.00632	0.00632	0.00903	0.00813	0.01174	0.01354	0.01987	0.01264	0.03792	0.80225	0.00813	0.01354	0.00542	0.00271	0.00451
22	0.01275	0.01123	0.01151	0.01037	0.01322	0.03450	0.00805	0.02668	0.76030	0.02091	0.02023	0.01860	0.01519	0.00681	0.00513	0.00170	0.00414	0.00565	0.00507	0.00794
23	0.01034	0.05408	0.74239	0.01477	0.04769	0.01205	0.01822	0.01597	0.01069	0.01588	0.00902	0.01065	0.00646	0.00478	0.00476	0.00158	0.00735	0.00373	0.00215	0.00746
24	0.00616	0.00440	0.00587	0.00704	0.00733	0.00411	0.00469	0.00704	0.00968	0.01291	0.02787	0.81899	0.03344	0.01584	0.00645	0.00205	0.00293	0.01438	0.00469	0.00411
25	0.00735	0.00490	0.00552	0.00552	0.00552	0.00490	0.00306	0.00735	0.00735	0.00980	0.01593	0.03309	0.01838	0.82229	0.02574	0.00490	0.00490	0.00735	0.00306	0.00306
26	0.01252	0.01198	0.02022	0.03033	0.76432	0.01203	0.01526	0.01590	0.03768	0.01668	0.00989	0.01273	0.00826	0.00459	0.00501	0.00151	0.00594	0.00455	0.00259	0.00801
27	0.01342	0.01262	0.01182	0.01065	0.01348	0.11738	0.00824	0.02598	0.67974	0.01999	0.01889	0.01757	0.01425	0.00664	0.00507	0.00166	0.00468	0.00539	0.00481	0.00772
28	0.01106	0.01106	0.01549	0.01328	0.01328	0.01549	0.01106	0.01217	0.00774	0.01217	0.00664	0.01106	0.00664	0.00885	0.01659	0.00221	0.81303	0.00443	0.00221	0.00553
29	0.00809	0.00551	0.00739	0.00739	0.00869	0.00521	0.00594	0.01044	0.01348	0.04949	0.51802	0.04301	0.04046	0.01132	0.00625	0.00182	0.00318	0.24413	0.00531	0.00489
30	0.01342	0.80155	0.04940	0.00882	0.01324	0.01976	0.00895	0.01517	0.01029	0.01202	0.00709	0.00819	0.00649	0.00434	0.00329	0.00110	0.00547	0.00273	0.00216	0.00652
31	0.00755	0.00589	0.00875	0.00856	0.00939	0.00709	0.00672	0.00929	0.00809	0.01177	0.01296	0.01912	0.01214	0.03548	0.73605	0.00763	0.08091	0.00533	0.00267	0.00460
32	0.00826	0.00599	0.00802	0.00885	0.01014	0.00595	0.00760	0.03719	0.01211	0.01574	0.05873	0.07474	0.09537	0.01349	0.00677	0.00221	0.00437	0.61498	0.00471	0.00475
33	0.01038	0.08204	0.74227	0.01401	0.02126	0.01232	0.01798	0.01595	0.01065	0.01573	0.00893	0.01050	0.00641	0.00477	0.00470	0.00157	0.00733	0.00366	0.00214	0.00740
34	0.00955	0.00899	0.01517	0.81013	0.03483	0.01123	0.01404	0.01292	0.01011	0.01292	0.00899	0.01348	0.00674	0.00506	0.00506	0.00169	0.00674	0.00449	0.00225	0.00562
35	0.01239	0.01066	0.01127	0.01015	0.01295	0.01230	0.00789	0.02626	0.75439	0.02112	0.04780	0.01954	0.01658	0.00698	0.00517	0.00171	0.00394	0.00584	0.00516	0.00789
36	0.01252	0.01201	0.02053	0.03104	0.79074	0.01201	0.01552	0.01552	0.01151	0.01652	0.00951	0.01252	0.00801	0.00451	0.00501	0.00150	0.00601	0.00451	0.00250	0.00801
37	0.00709	0.00519	0.00686	0.00781	0.00874	0.00495	0.00619	0.00875	0.01100	0.01428	0.05351	0.33109	0.13763	0.01437	0.00662	0.00212	0.00367	0.36101	0.00470	0.00441
38	0.00619	0.00449	0.00587	0.00695	0.00737	0.00416	0.00471	0.00714	0.00987	0.01302	0.02965	0.74080	0.09181	0.01556	0.00643	0.00203	0.00295	0.03216	0.00469	0.00413
39	0.00773	0.00582	0.00795	0.00833	0.00923	0.00604	0.00672	0.00970	0.01177	0.01607	0.26328	0.18726	0.03371	0.01272	0.00743	0.00204	0.07588	0.31892	0.00473	0.00467
40	0.60523	0.01110	0.00977	0.00815	0.01156	0.01265	0.00672	0.24360	0.01318	0.02545	0.00858	0.00940	0.00642	0.00511	0.00371	0.00155	0.00441	0.00328	0.00371	0.00642
41	0.15326	0.01382	0.01310	0.01071	0.01422	0.09439	0.00864	0.42725	0.16992	0.02629	0.01254	0.01253	0.00923	0.00592	0.00471	0.00154	0.00535	0.00436	0.00451	0.00770
42	0.09138	0.01154	0.01356	0.01112	0.01449	0.04337	0.08956	0.12845	0.35810	0.12971	0.04374	0.01645	0.01313	0.00625	0.00504	0.00163	0.00489	0.00525	0.00474	0.00762
43	0.01213	0.11873	0.33000	0.01404	0.01897	0.01378	0.13629	0.07704	0.06263	0.03207	0.00987	0.01168	0.00755	0.00553	0.00661	0.00165	0.12730	0.00430	0.00273	0.00710

[dist]
# distance from previous block
# <min> <max>
7	24

[block]
# block no. 3 follows, 49 sequences, length 17
# corresponding to MSA columns:
# 283-299
name=unknown_D
#
# <colnr> <probs for GDERKNQSTAVLIFYWHMCP>
#	G	D	E	R	K	N	Q	S	T	A	V	L	I	F	Y	W	H	M	C	P
0	0.00955	0.00899	0.01517	0.81013	0.03483	0.01123	0.01404	0.01292	0.01011	0.01292	0.00899	0.01348	0.00674	0.00506	0.00506	0.00169	0.00674	0.00449	0.00225	0.00562
1	0.01922	0.01416	0.01518	0.01163	0.01568	0.01568	0.00961	0.77388	0.02378	0.03187	0.01214	0.01214	0.00860	0.00607	0.00506	0.00152	0.00556	0.00455	0.00506	0.00860
2	0.01875	0.01393	0.01491	0.01154	0.01550	0.01546	0.00950	0.72097	0.07745	0.03111	0.01274	0.01262	0.00908	0.00613	0.00506	0.00153	0.00545	0.00464	0.00506	0.00856
3	0.85801	0.00978	0.00743	0.00665	0.00978	0.01134	0.00548	0.01486	0.00861	0.02269	0.00704	0.00821	0.00548	0.00469	0.00313	0.00156	0.00391	0.00274	0.00313	0.00548
4	0.01049	0.00899	0.01049	0.00749	0.01198	0.00674	0.00599	0.01273	0.01049	0.01648	0.00899	0.01049	0.00749	0.00374	0.00374	0.00075	0.00374	0.00300	0.00300	0.85320
5	0.00670	0.00501	0.00626	0.00658	0.00764	0.00458	0.00489	0.00838	0.01204	0.01603	0.31236	0.26539	0.21877	0.01289	0.00622	0.00183	0.00283	0.09214	0.00501	0.00445
6	0.01922	0.01416	0.01518	0.01163	0.01568	0.01568	0.00961	0.77388	0.02378	0.03187	0.01214	0.01214	0.00860	0.00607	0.00506	0.00152	0.00556	0.00455	0.00506	0.00860
7	0.00730	0.00513	0.00669	0.00669	0.00710	0.00554	0.00453	0.00811	0.00770	0.01067	0.01486	0.02714	0.01580	0.46949	0.37501	0.00635	0.00879	0.00648	0.00290	0.00372
8	0.85801	0.00978	0.00743	0.00665	0.00978	0.01134	0.00548	0.01486	0.00861	0.02269	0.00704	0.00821	0.00548	0.00469	0.00313	0.00156	0.00391	0.00274	0.00313	0.00548
9	0.00735	0.00490	0.00552	0.00552	0.00552	0.00490	0.00306	0.00735	0.00735	0.00980	0.01593	0.03309	0.01838	0.82229	0.02574	0.00490	0.00490	0.00735	0.00306	0.00306
10	0.01670	0.01233	0.07208	0.01426	0.01878	0.01085	0.29163	0.08547	0.07931	0.32202	0.01499	0.01515	0.01022	0.00546	0.00540	0.00163	0.00616	0.00533	0.00441	0.00782
11	0.01922	0.01416	0.01518	0.01163	0.01568	0.01568	0.00961	0.77388	0.02378	0.03187	0.01214	0.01214	0.00860	0.00607	0.00506	0.00152	0.00556	0.00455	0.00506	0.00860
12	0.00616	0.00440	0.00587	0.00704	0.00733	0.00411	0.00469	0.00704	0.00968	0.01291	0.02787	0.81899	0.03344	0.01584	0.00645	0.00205	0.00293	0.01438	0.00469	0.00411
13	0.01100	0.02496	0.74271	0.01404	0.02127	0.01145	0.01792	0.01660	0.01093	0.06898	0.00981	0.01112	0.00682	0.00490	0.00482	0.00160	0.00726	0.00383	0.00242	0.00755
14	0.06855	0.03524	0.03985	0.01117	0.01458	0.29695	0.03327	0.08524	0.08956	0.23687	0.03116	0.01340	0.01019	0.00577	0.00478	0.00148	0.00632	0.00432	0.00417	0.00713
15	0.09869	0.01249	0.01328	0.01053	0.01413	0.03204	0.00860	0.46856	0.07118	0.12242	0.01337	0.03980	0.00995	0.00633	0.00519	0.00155	0.02729	0.00477	0.00481	0.03503
16	0.01002	0.06520	0.10776	0.00983	0.03809	0.00849	0.02440	0.03783	0.08769	0.05605	0.12942	0.08167	0.13007	0.00944	0.00561	0.00173	0.00438	0.15496	0.00428	0.03307

[dist]
# distance from previous block
# <min> <max>
58	102

[block]
# block no. 4 follows, 49 sequences, length 9
# corresponding to MSA columns:
# 421-429
name=unknown_E
#
# <colnr> <probs for GDERKNQSTAVLIFYWHMCP>
#	G	D	E	R	K	N	Q	S	T	A	V	L	I	F	Y	W	H	M	C	P
0	0.04862	0.01507	0.01227	0.01046	0.01341	0.30858	0.00816	0.11435	0.03062	0.01700	0.04069	0.04788	0.01088	0.00617	0.00523	0.00134	0.04806	0.03543	0.00337	0.22241
1	0.10538	0.01325	0.01126	0.00996	0.01261	0.20234	0.00776	0.16286	0.18981	0.02026	0.10276	0.05852	0.04928	0.00735	0.00501	0.00158	0.00525	0.02394	0.00429	0.00652
2	0.59777	0.01268	0.00970	0.00841	0.01160	0.13494	0.00678	0.13313	0.01184	0.02251	0.00795	0.00896	0.00612	0.00499	0.00365	0.00152	0.00498	0.00310	0.00335	0.00602
3	0.01035	0.00962	0.01518	0.59890	0.11576	0.01153	0.01327	0.01538	0.13021	0.01460	0.01085	0.01421	0.00823	0.00527	0.00506	0.00167	0.00623	0.00469	0.00273	0.00626
4	0.14651	0.01137	0.01179	0.00961	0.01285	0.01249	0.00778	0.43858	0.08476	0.02633	0.07218	0.04965	0.08013	0.00721	0.00497	0.00159	0.00458	0.00563	0.00476	0.00723
5	0.01162	0.01146	0.01595	0.26907	0.07707	0.06183	0.07905	0.01714	0.20079	0.01531	0.01143	0.01398	0.00903	0.00620	0.00756	0.00177	0.17642	0.00484	0.00302	0.00648
6	0.01158	0.00986	0.01057	0.00979	0.01225	0.01126	0.00749	0.02379	0.66160	0.01987	0.02171	0.14326	0.01824	0.00826	0.00535	0.00177	0.00384	0.00706	0.00508	0.00740
7	0.01214	0.05837	0.12892	0.02616	0.56819	0.01263	0.04772	0.01542	0.01115	0.01596	0.00920	0.01199	0.00762	0.00475	0.00553	0.00154	0.04826	0.00436	0.00242	0.00767
8	0.01280	0.01171	0.01732	0.24210	0.38761	0.04486	0.01357	0.13443	0.01318	0.01770	0.01058	0.01481	0.00875	0.00541	0.00511	0.00159	0.00620	0.04215	0.00295	0.00718

[dist]
# distance from previous block
# <min> <max>
4	5

[block]
# block no. 5 follows, 49 sequences, length 15
# corresponding to MSA columns:
# 436-450
name=unknown_F
#
# <colnr> <probs for GDERKNQSTAVLIFYWHMCP>
#	G	D	E	R	K	N	Q	S	T	A	V	L	I	F	Y	W	H	M	C	P
0	0.45692	0.06365	0.01045	0.00786	0.01130	0.01074	0.00654	0.01910	0.07504	0.27546	0.01241	0.01205	0.00869	0.00536	0.00395	0.00155	0.00415	0.00376	0.00426	0.00678
1	0.01889	0.02410	0.01433	0.01303	0.01563	0.80199	0.00977	0.02019	0.01433	0.01238	0.00782	0.00912	0.00651	0.00521	0.00456	0.00130	0.00912	0.00326	0.00261	0.00586
2	0.01257	0.01152	0.01117	0.01014	0.01276	0.09055	0.00781	0.02417	0.61824	0.01996	0.08346	0.04310	0.01777	0.00725	0.00519	0.00167	0.00435	0.00601	0.00491	0.00741
3	0.00616	0.00440	0.00587	0.00704	0.00733	0.00411	0.00469	0.00704	0.00968	0.01291	0.02787	0.81899	0.03344	0.01584	0.00645	0.00205	0.00293	0.01438	0.00469	0.00411
4	0.00722	0.00542	0.00813	0.00813	0.00903	0.00632	0.00632	0.00903	0.00813	0.01174	0.01354	0.01987	0.01264	0.03792	0.80225	0.00813	0.01354	0.00542	0.00271	0.00451
5	0.01194	0.01364	0.02984	0.02131	0.02643	0.01279	0.77238	0.01620	0.01194	0.01620	0.01023	0.01364	0.00767	0.00426	0.00597	0.00171	0.00853	0.00597	0.00256	0.00682
6	0.01014	0.02616	0.79609	0.01441	0.02189	0.01174	0.01868	0.01601	0.01068	0.01601	0.00907	0.01068	0.00641	0.00480	0.00480	0.00160	0.00747	0.00374	0.00214	0.00747
7	0.00625	0.00448	0.00580	0.00682	0.00716	0.00418	0.00452	0.00708	0.00958	0.01269	0.02800	0.71647	0.06852	0.08288	0.00804	0.00227	0.00308	0.01361	0.00456	0.00403
8	0.01972	0.01336	0.01468	0.01125	0.01528	0.01449	0.00930	0.66542	0.02243	0.14224	0.01327	0.01287	0.00917	0.00610	0.00506	0.00152	0.00538	0.00463	0.00523	0.00860
9	0.00734	0.00495	0.00578	0.00578	0.00587	0.00504	0.00339	0.00752	0.00743	0.01000	0.01569	0.03177	0.01781	0.74365	0.10359	0.00523	0.00577	0.00716	0.00303	0.00321
10	0.01177	0.01315	0.02711	0.01979	0.02393	0.01330	0.62780	0.01543	0.01114	0.01543	0.00955	0.01315	0.00748	0.00513	0.00799	0.00180	0.16131	0.00567	0.00249	0.00658
11	0.01352	0.82533	0.02650	0.00865	0.01298	0.02001	0.00865	0.01514	0.01027	0.01190	0.00703	0.00811	0.00649	0.00433	0.00324	0.00108	0.00541	0.00270	0.00216	0.00649
12	0.01657	0.12642	0.01400	0.00991	0.01287	0.17036	0.00811	0.04285	0.08221	0.26699	0.08185	0.01697	0.04810	0.00669	0.00580	0.00152	0.07257	0.00497	0.00434	0.00692
13	0.05936	0.43647	0.28954	0.01102	0.01632	0.03830	0.03358	0.01587	0.01060	0.03623	0.00821	0.00944	0.00661	0.00459	0.00394	0.00132	0.00620	0.00324	0.00235	0.00682
14	0.09432	0.05616	0.13513	0.00924	0.01317	0.00892	0.00864	0.04499	0.01279	0.35566	0.08010	0.08420	0.01486	0.00679	0.00487	0.00154	0.00457	0.00552	0.00468	0.05387

[dist]
# distance from previous block
# <min> <max>
22	65

[block]
# block no. 6 follows, 49 sequences, length 70
# corresponding to MSA columns:
# 540-609
name=unknown_G
#
# <colnr> <probs for GDERKNQSTAVLIFYWHMCP>
#	G	D	E	R	K	N	Q	S	T	A	V	L	I	F	Y	W	H	M	C	P
0	0.00720	0.00601	0.00656	0.00753	0.00801	0.06946	0.00511	0.00812	0.01006	0.01286	0.02623	0.75266	0.03124	0.01497	0.00630	0.00199	0.00344	0.01346	0.00452	0.00425
1	0.00598	0.00512	0.00512	0.00512	0.00683	0.00427	0.00384	0.00726	0.01153	0.01366	0.05123	0.04866	0.78869	0.01281	0.00598	0.00171	0.00256	0.01067	0.00470	0.00427
2	0.00883	0.00678	0.00985	0.04438	0.10537	0.00688	0.00885	0.03614	0.01170	0.01546	0.02363	0.15275	0.02556	0.01246	0.00653	0.00214	0.00470	0.50852	0.00432	0.00516
3	0.01034	0.02500	0.73257	0.01577	0.08486	0.01177	0.01842	0.01597	0.01074	0.01606	0.00911	0.01083	0.00654	0.00478	0.00482	0.00159	0.00735	0.00380	0.00217	0.00752
4	0.01801	0.02260	0.01382	0.01272	0.01521	0.73678	0.00964	0.01940	0.01411	0.01260	0.00937	0.01304	0.00836	0.00593	0.00476	0.00139	0.00875	0.06497	0.00277	0.00576
5	0.01851	0.02286	0.01418	0.01280	0.01548	0.72029	0.00965	0.05137	0.06294	0.01372	0.00880	0.00985	0.00716	0.00535	0.00462	0.00134	0.00865	0.00346	0.00287	0.00611
6	0.00990	0.02444	0.73144	0.01375	0.02071	0.01117	0.01754	0.01548	0.01097	0.01636	0.07288	0.01290	0.00979	0.00526	0.00490	0.00160	0.00706	0.00418	0.00242	0.00725
7	0.00626	0.00444	0.00584	0.00692	0.00719	0.00417	0.00456	0.00707	0.00949	0.01265	0.02689	0.75462	0.03221	0.08189	0.00803	0.00229	0.00309	0.01380	0.00456	0.00402
8	0.00664	0.00500	0.00674	0.00764	0.00794	0.00510	0.00535	0.00759	0.00960	0.01293	0.02609	0.72403	0.03109	0.01520	0.00730	0.00208	0.06935	0.04160	0.00449	0.00424
9	0.02133	0.00826	0.01125	0.00884	0.01245	0.00716	0.00721	0.02320	0.01408	0.73025	0.02060	0.08288	0.01423	0.00704	0.00520	0.00160	0.00419	0.00585	0.00613	0.00824
10	0.01215	0.01037	0.01095	0.00990	0.01252	0.01195	0.00760	0.02527	0.71820	0.02022	0.02020	0.02003	0.01568	0.07365	0.00683	0.00198	0.00408	0.00585	0.00497	0.00760
11	0.01227	0.01177	0.02009	0.09485	0.72883	0.01195	0.01540	0.01531	0.01140	0.01623	0.00947	0.01259	0.00791	0.00455	0.00501	0.00152	0.00607	0.00450	0.00248	0.00781
12	0.01889	0.02410	0.01433	0.01303	0.01563	0.80199	0.00977	0.02019	0.01433	0.01238	0.00782	0.00912	0.00651	0.00521	0.00456	0.00130	0.00912	0.00326	0.00261	0.00586
13	0.02269	0.00861	0.01174	0.00900	0.01291	0.00743	0.00743	0.02464	0.01447	0.79425	0.01995	0.01721	0.01252	0.00626	0.00509	0.00156	0.00430	0.00509	0.00626	0.00861
14	0.00616	0.00440	0.00587	0.00704	0.00733	0.00411	0.00469	0.00704	0.00968	0.01291	0.02787	0.81899	0.03344	0.01584	0.00645	0.00205	0.00293	0.01438	0.00469	0.00411
15	0.01889	0.02410	0.01433	0.01303	0.01563	0.80199	0.00977	0.02019	0.01433	0.01238	0.00782	0.00912	0.00651	0.00521	0.00456	0.00130	0.00912	0.00326	0.00261	0.00586
16	0.00637	0.00514	0.00567	0.00553	0.00707	0.00444	0.00415	0.00802	0.01245	0.01586	0.29597	0.04505	0.54257	0.01199	0.00597	0.00167	0.00250	0.01016	0.00498	0.00444
17	0.00716	0.00517	0.00676	0.00636	0.00755	0.00477	0.00477	0.00954	0.01431	0.02028	0.78808	0.03777	0.04771	0.01034	0.00596	0.00159	0.00239	0.00914	0.00557	0.00477
18	0.01252	0.01201	0.02053	0.03104	0.79074	0.01201	0.01552	0.01552	0.01151	0.01652	0.00951	0.01252	0.00801	0.00451	0.00501	0.00150	0.00601	0.00451	0.00250	0.00801
