[name]
unknown

[dist]
# distance from previous block
# <min> <max>
0	516

[block]
# block no. 0 follows, 57 sequences, length 9
# corresponding to MSA columns:
# 525-533
name=unknown_A
#
# <colnr> <probs for GDERKNQSTAVLIFYWHMCP>
#	G	D	E	R	K	N	Q	S	T	A	V	L	I	F	Y	W	H	M	C	P
0	0.00891	0.00709	0.01023	0.01277	0.18548	0.00725	0.00881	0.05230	0.05838	0.01494	0.01959	0.03825	0.02025	0.00991	0.00568	0.00185	0.00444	0.52487	0.00380	0.00519
1	0.01256	0.00949	0.01057	0.00873	0.01169	0.00991	0.00701	0.26993	0.23929	0.06056	0.04815	0.05899	0.01317	0.00630	0.00454	0.00135	0.00393	0.05122	0.00424	0.16835
2	0.00753	0.00545	0.00669	0.00702	0.00786	0.00546	0.00496	0.14239	0.01085	0.01449	0.02255	0.69554	0.02614	0.01269	0.00557	0.00176	0.00303	0.01137	0.00426	0.00437
3	0.01144	0.01396	0.16876	0.06009	0.09731	0.01165	0.37939	0.14885	0.01209	0.01668	0.00907	0.01134	0.00677	0.00435	0.00513	0.00148	0.02803	0.00453	0.00258	0.00651
4	0.01869	0.01034	0.01214	0.00931	0.01288	0.01055	0.00769	0.43056	0.01736	0.40094	0.01419	0.01303	0.00937	0.00552	0.00454	0.00138	0.00445	0.00431	0.00504	0.00771
5	0.00569	0.00470	0.00506	0.00524	0.00668	0.00406	0.00411	0.00700	0.01035	0.01247	0.04213	0.04490	0.67568	0.01166	0.00551	0.00163	0.00262	0.14244	0.00420	0.00389
6	0.01179	0.01059	0.01620	0.07434	0.50300	0.01102	0.03261	0.14900	0.07448	0.01716	0.01143	0.01319	0.04501	0.00482	0.00457	0.00139	0.00513	0.00442	0.00290	0.00694
7	0.00689	0.00456	0.00672	0.00672	0.00724	0.00508	0.00496	0.00735	0.00683	0.00963	0.01105	0.01745	0.01068	0.08413	0.53441	0.25669	0.00923	0.00471	0.00232	0.00335
8	0.02987	0.11632	0.27204	0.04103	0.07849	0.05720	0.02545	0.09354	0.04190	0.17067	0.02455	0.01140	0.00810	0.00477	0.00424	0.00135	0.00546	0.00377	0.00313	0.00671

[dist]
# distance from previous block
# <min> <max>
3	5

[block]
# block no. 1 follows, 57 sequences, length 20
# corresponding to MSA columns:
# 541-560
name=unknown_B
#
# <colnr> <probs for GDERKNQSTAVLIFYWHMCP>
#	G	D	E	R	K	N	Q	S	T	A	V	L	I	F	Y	W	H	M	C	P
0	0.00622	0.00489	0.00718	0.19632	0.01226	0.00515	0.00614	0.00752	0.00876	0.01157	0.02107	0.64729	0.02445	0.01197	0.00549	0.00176	0.00342	0.01084	0.00370	0.00399
1	0.01109	0.05575	0.46064	0.01307	0.04483	0.19797	0.07817	0.01485	0.01047	0.01350	0.03312	0.01038	0.00720	0.00517	0.02342	0.00149	0.00697	0.00359	0.00216	0.00616
2	0.20561	0.00556	0.00524	0.00504	0.00681	0.00534	0.00388	0.00832	0.01002	0.01482	0.12859	0.03407	0.53248	0.00953	0.00477	0.00149	0.00256	0.00776	0.00398	0.00413
3	0.00641	0.00489	0.00621	0.00640	0.00753	0.00423	0.00447	0.00749	0.00884	0.01231	0.02107	0.64667	0.02460	0.01170	0.00522	0.00157	0.00280	0.01053	0.00386	0.20320
4	0.01129	0.65073	0.02140	0.19743	0.01615	0.01612	0.00887	0.01311	0.00917	0.01087	0.00670	0.00838	0.00587	0.00403	0.00328	0.00109	0.00512	0.00279	0.00196	0.00563
5	0.01082	0.01189	0.02481	0.02111	0.20567	0.01130	0.61558	0.01437	0.01061	0.01458	0.00902	0.01199	0.00695	0.00387	0.00515	0.00149	0.00712	0.00505	0.00228	0.00636
6	0.00766	0.00621	0.00742	0.02123	0.03331	0.00655	0.00557	0.01259	0.27351	0.01430	0.03832	0.45246	0.08128	0.01076	0.00529	0.00169	0.00305	0.00955	0.00426	0.00499
7	0.00822	0.00596	0.00718	0.00726	0.00830	0.00607	0.00522	0.18882	0.01159	0.01549	0.02172	0.64701	0.02483	0.01218	0.00550	0.00173	0.00317	0.01085	0.00428	0.00461
8	0.00641	0.00489	0.00621	0.00640	0.00753	0.00423	0.00447	0.00749	0.00884	0.01231	0.02107	0.64667	0.02460	0.01170	0.00522	0.00157	0.00280	0.01053	0.00386	0.20320
9	0.01192	0.00797	0.00965	0.00702	0.01093	0.00618	0.00567	0.01387	0.01022	0.19954	0.01032	0.01079	0.00775	0.00388	0.00363	0.00084	0.00347	0.00312	0.00336	0.66986
10	0.06206	0.06021	0.04658	0.21715	0.03868	0.00925	0.02958	0.02417	0.02888	0.20114	0.06430	0.09718	0.01223	0.00633	0.00548	0.00151	0.08094	0.00516	0.00341	0.00575
11	0.20841	0.01006	0.09072	0.01120	0.04988	0.00893	0.21173	0.01319	0.07024	0.02857	0.08203	0.04924	0.08789	0.00607	0.00454	0.00149	0.00470	0.02964	0.02599	0.00547
12	0.01499	0.01370	0.01217	0.01029	0.01318	0.21080	0.00817	0.34527	0.25262	0.02084	0.01270	0.01357	0.00979	0.00574	0.00451	0.00139	0.00532	0.03415	0.00400	0.00681
13	0.01168	0.01075	0.04127	0.16127	0.33606	0.01104	0.05629	0.20345	0.01260	0.01725	0.01052	0.05634	0.02233	0.00522	0.00486	0.00144	0.02351	0.00467	0.00289	0.00656
14	0.00676	0.00504	0.00735	0.00730	0.00815	0.00582	0.00564	0.03109	0.00773	0.01105	0.01258	0.04594	0.01196	0.04784	0.75561	0.00687	0.01145	0.00514	0.00256	0.00412
15	0.00636	0.00491	0.00596	0.03205	0.00765	0.00463	0.00448	0.03190	0.03194	0.01458	0.27958	0.26909	0.26806	0.01102	0.00541	0.00158	0.00258	0.00963	0.00441	0.00417
16	0.01022	0.05752	0.09831	0.22090	0.15157	0.02092	0.08214	0.03011	0.01931	0.04695	0.05206	0.03645	0.00934	0.00496	0.00489	0.00137	0.04230	0.00434	0.00260	0.10374
17	0.00580	0.00461	0.00520	0.00505	0.00639	0.00401	0.00379	0.00735	0.01137	0.01471	0.36357	0.03955	0.49144	0.01056	0.00535	0.00149	0.00223	0.00899	0.00453	0.00401
18	0.02957	0.03866	0.01548	0.08117	0.31438	0.07143	0.04028	0.21233	0.02456	0.04017	0.01065	0.02556	0.03317	0.00510	0.00487	0.00139	0.03730	0.00428	0.00303	0.00664
19	0.46922	0.06250	0.00967	0.02585	0.01083	0.07719	0.00620	0.04269	0.04070	0.20247	0.00970	0.00988	0.00696	0.00467	0.00349	0.00136	0.00417	0.00317	0.00347	0.00583

[dist]
# distance from previous block
# <min> <max>
0	11

[block]
# block no. 2 follows, 57 sequences, length 32
# corresponding to MSA columns:
# 572-603
name=unknown_C
#
# <colnr> <probs for GDERKNQSTAVLIFYWHMCP>
#	G	D	E	R	K	N	Q	S	T	A	V	L	I	F	Y	W	H	M	C	P
0	0.00631	0.00463	0.00591	0.00559	0.00670	0.00423	0.00419	0.00834	0.01257	0.01757	0.73214	0.03484	0.12109	0.00949	0.00535	0.00144	0.00215	0.00833	0.00491	0.00423
1	0.11053	0.01993	0.60119	0.01340	0.07227	0.01065	0.05951	0.03549	0.00978	0.01548	0.00808	0.00961	0.00586	0.00428	0.00421	0.00143	0.00624	0.00342	0.00213	0.00651
2	0.01142	0.72670	0.05214	0.00774	0.01144	0.01626	0.00774	0.01309	0.00959	0.01157	0.08837	0.01007	0.00958	0.00444	0.00321	0.00103	0.00464	0.00305	0.00225	0.00569
3	0.82126	0.00870	0.00689	0.00609	0.00893	0.00995	0.00501	0.01385	0.00803	0.06838	0.00701	0.00785	0.00529	0.00429	0.00291	0.00140	0.00353	0.00258	0.00297	0.00508
4	0.09598	0.00451	0.00610	0.00603	0.00638	0.00472	0.00418	0.00685	0.00621	0.00937	0.00808	0.01346	0.00786	0.01612	0.08476	0.70642	0.00459	0.00386	0.00209	0.00244
5	0.01222	0.03419	0.05954	0.08071	0.43751	0.17684	0.05974	0.03942	0.01096	0.01400	0.00815	0.01049	0.00668	0.00434	0.00467	0.00134	0.02663	0.00381	0.00229	0.00647
6	0.09990	0.00619	0.00773	0.00658	0.00873	0.00575	0.00520	0.01399	0.01231	0.31233	0.42139	0.02454	0.04192	0.00744	0.00480	0.00142	0.00291	0.00629	0.00498	0.00560
7	0.00546	0.00459	0.00474	0.00470	0.00619	0.00387	0.00353	0.00671	0.01058	0.01285	0.12386	0.04261	0.73231	0.01125	0.00535	0.00152	0.00228	0.00942	0.00429	0.00387
8	0.01439	0.01724	0.01368	0.09726	0.12315	0.53119	0.00991	0.01594	0.01140	0.01161	0.00729	0.00933	0.00614	0.00541	0.01918	0.00142	0.09444	0.00333	0.00225	0.00544
9	0.01210	0.01183	0.01461	0.06601	0.40203	0.14472	0.01084	0.12068	0.02762	0.01566	0.01307	0.01542	0.08967	0.00544	0.00458	0.00137	0.00544	0.02967	0.00287	0.00637
10	0.00722	0.00518	0.00730	0.00824	0.00926	0.00526	0.00713	0.00926	0.01011	0.01325	0.02278	0.04772	0.02457	0.01471	0.08955	0.00262	0.00499	0.70271	0.00399	0.00416
11	0.01089	0.01216	0.02455	0.01968	0.12883	0.03354	0.62724	0.01434	0.01050	0.01427	0.00885	0.01185	0.00684	0.00409	0.00571	0.00152	0.05168	0.00503	0.00227	0.00617
12	0.00641	0.00463	0.00606	0.00570	0.00677	0.00428	0.00428	0.00855	0.01283	0.01817	0.81009	0.03385	0.04276	0.00926	0.00534	0.00143	0.00214	0.00819	0.00499	0.00428
13	0.00856	0.00805	0.01359	0.82986	0.03121	0.01007	0.01258	0.01158	0.00906	0.01158	0.00805	0.01208	0.00604	0.00453	0.00453	0.00151	0.00604	0.00403	0.00201	0.00503
14	0.87276	0.00876	0.00666	0.00596	0.00876	0.01017	0.00491	0.01332	0.00771	0.02033	0.00631	0.00736	0.00491	0.00421	0.00280	0.00140	0.00351	0.00245	0.00280	0.00491
15	0.02033	0.00771	0.01052	0.00806	0.01157	0.00666	0.00666	0.02208	0.01297	0.81562	0.01788	0.01542	0.01122	0.00561	0.00456	0.00140	0.00386	0.00456	0.00561	0.00771
16	0.00940	0.00805	0.00940	0.00671	0.01074	0.00604	0.00537	0.01141	0.00940	0.01477	0.00805	0.00940	0.00671	0.00336	0.00336	0.00067	0.00336	0.00268	0.00268	0.86845
17	0.03916	0.00762	0.01022	0.00789	0.01130	0.00666	0.00651	0.02151	0.01274	0.77175	0.01752	0.01529	0.01109	0.00557	0.00447	0.00139	0.00379	0.00450	0.03349	0.00754
18	0.00536	0.00459	0.00459	0.00459	0.00612	0.00383	0.00344	0.00650	0.01033	0.01224	0.04590	0.04361	0.81065	0.01148	0.00536	0.00153	0.00230	0.00956	0.00421	0.00383
19	0.02033	0.00771	0.01052	0.00806	0.01157	0.00666	0.00666	0.02208	0.01297	0.81562	0.01788	0.01542	0.01122	0.00561	0.00456	0.00140	0.00386	0.00456	0.00561	0.00771
20	0.00541	0.00461	0.00466	0.00469	0.00621	0.00386	0.00355	0.00658	0.01033	0.01228	0.04532	0.04381	0.78960	0.01150	0.00538	0.00155	0.00235	0.03029	0.00421	0.00383
21	0.00641	0.00463	0.00606	0.00570	0.00677	0.00428	0.00428	0.00855	0.01283	0.01817	0.81009	0.03385	0.04276	0.00926	0.00534	0.00143	0.00214	0.00819	0.00499	0.00428
22	0.87276	0.00876	0.00666	0.00596	0.00876	0.01017	0.00491	0.01332	0.00771	0.02033	0.00631	0.00736	0.00491	0.00421	0.00280	0.00140	0.00351	0.00245	0.00280	0.00491
23	0.00932	0.00481	0.00495	0.00469	0.00597	0.00485	0.00358	0.05459	0.01027	0.04349	0.01467	0.01651	0.01138	0.00530	0.00329	0.00108	0.00233	0.00423	0.79017	0.00453
24	0.00552	0.00394	0.00526	0.00631	0.00657	0.00368	0.00421	0.00631	0.00868	0.01157	0.02498	0.83779	0.02997	0.01420	0.00578	0.00184	0.00263	0.01288	0.00421	0.00368
25	0.06891	0.01245	0.01318	0.01016	0.01373	0.01382	0.00839	0.75001	0.02048	0.02806	0.01060	0.01067	0.00754	0.00537	0.00443	0.00136	0.00490	0.00398	0.00443	0.00754
26	0.00554	0.00399	0.00525	0.00623	0.00656	0.00370	0.00418	0.00637	0.00884	0.01176	0.04583	0.78703	0.06000	0.01397	0.00576	0.00182	0.00260	0.01264	0.00423	0.00370
27	0.03069	0.00742	0.00978	0.00772	0.01081	0.00666	0.00630	0.03813	0.03866	0.63367	0.12685	0.01781	0.01549	0.00610	0.00461	0.00140	0.00360	0.00503	0.02216	0.00711
28	0.00740	0.00542	0.00672	0.00621	0.00756	0.00527	0.00473	0.03570	0.08521	0.03117	0.65744	0.03190	0.06797	0.00893	0.00525	0.00145	0.00243	0.01965	0.00491	0.00469
29	0.00934	0.09023	0.75264	0.01249	0.01896	0.01113	0.01601	0.01429	0.00954	0.01405	0.00798	0.00938	0.00575	0.00427	0.00419	0.00140	0.00655	0.00327	0.00192	0.00662
30	0.00548	0.00433	0.00496	0.00541	0.00639	0.00380	0.00385	0.00652	0.00969	0.01212	0.05460	0.38009	0.44782	0.01260	0.00555	0.00167	0.00247	0.02466	0.00422	0.00378
31	0.00864	0.00813	0.03204	0.08638	0.13580	0.01768	0.14795	0.04406	0.00966	0.01306	0.01497	0.20540	0.05129	0.02960	0.10969	0.04442	0.01588	0.01746	0.00291	0.00500

[dist]
# distance from previous block
# <min> <max>
2	4

[block]
# block no. 3 follows, 57 sequences, length 41
# corresponding to MSA columns:
# 608-648
name=unknown_D
#
# <colnr> <probs for GDERKNQSTAVLIFYWHMCP>
#	G	D	E	R	K	N	Q	S	T	A	V	L	I	F	Y	W	H	M	C	P
0	0.01270	0.06800	0.17064	0.01232	0.05107	0.20991	0.11390	0.09788	0.04580	0.05604	0.04789	0.04843	0.02385	0.00540	0.00463	0.00137	0.01668	0.00446	0.00295	0.00609
1	0.00699	0.00531	0.01609	0.00649	0.00720	0.01361	0.00474	0.01815	0.01586	0.01089	0.04241	0.02289	0.02613	0.31960	0.39439	0.00523	0.02213	0.01489	0.03444	0.01256
2	0.01211	0.15530	0.24439	0.01090	0.05091	0.07677	0.02180	0.10692	0.05552	0.07560	0.03604	0.02144	0.00914	0.00504	0.00418	0.00129	0.00533	0.02919	0.00297	0.07516
3	0.05971	0.40758	0.03924	0.00941	0.03543	0.05864	0.00822	0.16236	0.09738	0.01579	0.00872	0.00948	0.00711	0.00472	0.00415	0.00121	0.04723	0.00323	0.01414	0.00624
4	0.01161	0.01149	0.01778	0.02618	0.73491	0.06725	0.01336	0.01448	0.03234	0.01466	0.00869	0.01116	0.00727	0.00414	0.00446	0.00134	0.00553	0.00399	0.00231	0.00704
5	0.01195	0.04871	0.12521	0.07338	0.41838	0.01066	0.08110	0.03080	0.03196	0.10954	0.00982	0.01161	0.00749	0.00435	0.00448	0.00138	0.00554	0.00408	0.00268	0.00689
6	0.01355	0.02136	0.10757	0.04479	0.01366	0.01892	0.04821	0.18080	0.09516	0.22359	0.08938	0.04635	0.05368	0.00628	0.00482	0.00145	0.01441	0.00523	0.00421	0.00659
7	0.00596	0.00423	0.00562	0.00655	0.00695	0.00403	0.00464	0.00695	0.00893	0.01187	0.04497	0.60617	0.02847	0.08339	0.00731	0.00209	0.00304	0.15102	0.00410	0.00371
8	0.00896	0.00823	0.06677	0.41019	0.02015	0.00849	0.00959	0.04532	0.00948	0.04891	0.01203	0.13752	0.01112	0.07072	0.00657	0.00176	0.04771	0.00554	0.06600	0.00494
9	0.01088	0.08330	0.09978	0.12739	0.09845	0.04831	0.37038	0.04236	0.01054	0.01407	0.00854	0.01118	0.00661	0.00424	0.00504	0.00144	0.03338	0.00438	0.01368	0.00606
10	0.01038	0.18843	0.45177	0.01044	0.01532	0.01089	0.01212	0.01391	0.00944	0.08899	0.00937	0.01131	0.00731	0.03559	0.10388	0.00214	0.00663	0.00356	0.00236	0.00616
11	0.00575	0.00459	0.00517	0.00515	0.00645	0.00400	0.00387	0.00722	0.01102	0.01408	0.27967	0.08188	0.50767	0.01097	0.00540	0.00153	0.00233	0.03485	0.00445	0.00397
12	0.10907	0.01866	0.54160	0.01348	0.11403	0.01035	0.01400	0.01511	0.05277	0.05673	0.00903	0.01022	0.00654	0.00443	0.00418	0.00142	0.00586	0.00349	0.00239	0.00663
13	0.47689	0.04801	0.13899	0.01076	0.13151	0.01068	0.00853	0.03178	0.04971	0.04452	0.00804	0.00912	0.00615	0.00436	0.00349	0.00139	0.00440	0.00307	0.00276	0.00584
14	0.01129	0.01111	0.01763	0.03977	0.68667	0.04655	0.01327	0.01376	0.01008	0.01421	0.00820	0.01097	0.00698	0.00445	0.00547	0.00140	0.08514	0.00398	0.00222	0.00684
15	0.00575	0.00408	0.00537	0.00632	0.00662	0.00386	0.00429	0.00655	0.00860	0.01144	0.02388	0.70497	0.02840	0.09315	0.00747	0.00210	0.00291	0.06656	0.00406	0.00363
16	0.01480	0.11976	0.09431	0.01136	0.01439	0.53046	0.04472	0.05638	0.01223	0.01243	0.00812	0.04502	0.00703	0.00496	0.00412	0.00123	0.00719	0.00351	0.00244	0.00556
17	0.00665	0.00511	0.00758	0.00747	0.00823	0.00606	0.00583	0.00821	0.00725	0.01051	0.01186	0.01762	0.01115	0.04789	0.76634	0.00696	0.05398	0.00484	0.00241	0.00407
18	0.00580	0.00439	0.00642	0.00700	0.00750	0.00410	0.04720	0.00675	0.00879	0.01173	0.02412	0.79297	0.02872	0.01363	0.00576	0.00182	0.00290	0.01247	0.00410	0.00381
19	0.00650	0.00465	0.00577	0.00552	0.00670	0.00420	0.00413	0.00835	0.01201	0.03476	0.57183	0.07633	0.20559	0.00983	0.00531	0.00146	0.00224	0.00857	0.02205	0.00423
20	0.01503	0.01160	0.01237	0.00998	0.01322	0.01303	0.00808	0.51285	0.30940	0.02502	0.01366	0.01310	0.00996	0.00570	0.00456	0.00143	0.00447	0.00446	0.00456	0.00751
21	0.01958	0.00892	0.01126	0.00863	0.01217	0.00845	0.00713	0.20988	0.01499	0.62497	0.01618	0.01432	0.01037	0.00557	0.00455	0.00139	0.00413	0.00444	0.00535	0.00771
22	0.00856	0.00805	0.01359	0.82986	0.03121	0.01007	0.01258	0.01158	0.00906	0.01158	0.00805	0.01208	0.00604	0.00453	0.00453	0.00151	0.00604	0.00403	0.00201	0.00503
23	0.00940	0.00805	0.00940	0.00671	0.01074	0.00604	0.00537	0.01141	0.00940	0.01477	0.00805	0.00940	0.00671	0.00336	0.00336	0.00067	0.00336	0.00268	0.00268	0.86845
24	0.01127	0.00973	0.01025	0.00922	0.01178	0.01127	0.00717	0.02408	0.80430	0.01896	0.01844	0.01691	0.01383	0.00615	0.00461	0.00154	0.00359	0.00512	0.00461	0.00717
25	0.02033	0.00771	0.01052	0.00806	0.01157	0.00666	0.00666	0.02208	0.01297	0.81562	0.01788	0.01542	0.01122	0.00561	0.00456	0.00140	0.00386	0.00456	0.00561	0.00771
26	0.00641	0.00463	0.00606	0.00570	0.00677	0.00428	0.00428	0.00855	0.01283	0.01817	0.81009	0.03385	0.04276	0.00926	0.00534	0.00143	0.00214	0.00819	0.00499	0.00428
27	0.01693	0.02160	0.01284	0.01167	0.01401	0.82256	0.00876	0.01809	0.01284	0.01109	0.00700	0.00817	0.00584	0.00467	0.00409	0.00117	0.00817	0.00292	0.00233	0.00525
28	0.00665	0.00491	0.00646	0.00729	0.00832	0.00471	0.00607	0.00836	0.01016	0.01301	0.02863	0.16030	0.18762	0.01254	0.00601	0.00194	0.00357	0.51524	0.00418	0.00403
29	0.01125	0.01011	0.01645	0.06548	0.63439	0.02788	0.01256	0.01376	0.01039	0.05783	0.01050	0.04985	0.00929	0.00505	0.00463	0.00141	0.00521	0.04462	0.00260	0.00675
30	0.01827	0.00666	0.00936	0.06822	0.18566	0.00663	0.02004	0.01029	0.07996	0.01358	0.05992	0.22229	0.26290	0.00924	0.00511	0.00156	0.00352	0.00816	0.00364	0.00498
31	0.01800	0.01161	0.16093	0.00922	0.01324	0.06414	0.00868	0.02037	0.01233	0.61042	0.01531	0.01383	0.00982	0.00530	0.00448	0.00139	0.00469	0.00422	0.00469	0.00735
32	0.03302	0.00779	0.01016	0.00796	0.01116	0.00709	0.00646	0.04911	0.05766	0.67240	0.01721	0.01620	0.01150	0.06371	0.00582	0.00162	0.00391	0.00468	0.00527	0.00729
33	0.01145	0.45949	0.21986	0.00969	0.01386	0.10330	0.03837	0.01381	0.00957	0.01164	0.00749	0.00968	0.00658	0.06229	0.00488	0.00137	0.00574	0.00310	0.00204	0.00577
34	0.05638	0.13706	0.42536	0.01122	0.05030	0.01075	0.03301	0.04138	0.01000	0.01454	0.06588	0.01364	0.05050	0.04161	0.00519	0.00150	0.01916	0.00409	0.00246	0.00600
35	0.00674	0.00434	0.00558	0.00611	0.00666	0.00403	0.00412	0.00756	0.00894	0.06742	0.05943	0.58137	0.06963	0.13581	0.00822	0.00215	0.00294	0.01098	0.00412	0.00386
36	0.00736	0.00611	0.00679	0.00693	0.04392	0.00592	0.00493	0.06445	0.12455	0.01469	0.07489	0.11455	0.48771	0.01012	0.00519	0.00154	0.00283	0.00856	0.00424	0.00473
37	0.05131	0.04011	0.17459	0.03521	0.11225	0.10678	0.05187	0.06482	0.07431	0.11610	0.07608	0.01306	0.01047	0.00525	0.00495	0.00141	0.04772	0.00421	0.00317	0.00634
38	0.00629	0.00620	0.07911	0.00741	0.00858	0.00487	0.04110	0.00776	0.00882	0.01206	0.02200	0.56808	0.05836	0.02792	0.07598	0.00226	0.00405	0.02002	0.03501	0.00411
39	0.01604	0.00739	0.00941	0.00762	0.01043	0.00686	0.00614	0.09374	0.04278	0.49983	0.08754	0.07537	0.05606	0.00681	0.00468	0.00142	0.00355	0.00566	0.05195	0.00672
40	0.05891	0.05524	0.11139	0.01157	0.01469	0.51248	0.06404	0.01726	0.07612	0.01284	0.00872	0.00977	0.01822	0.00473	0.00414	0.00126	0.00711	0.00337	0.00250	0.00563

[dist]
# distance from previous block
# <min> <max>
0	197

[block]
# block no. 4 follows, 57 sequences, length 7
# corresponding to MSA columns:
# 846-852
name=unknown_E
#
# <colnr> <probs for GDERKNQSTAVLIFYWHMCP>
#	G	D	E	R	K	N	Q	S	T	A	V	L	I	F	Y	W	H	M	C	P
0	0.01184	0.12359	0.13785	0.03937	0.26151	0.04913	0.07975	0.10053	0.05096	0.04072	0.00939	0.01116	0.00741	0.00606	0.04987	0.00166	0.00605	0.00390	0.00264	0.00658
1	0.00580	0.00415	0.00556	0.00650	0.00692	0.00391	0.00458	0.00684	0.00920	0.01231	0.08474	0.68395	0.03049	0.01362	0.00581	0.00184	0.00277	0.10298	0.00426	0.00378
2	0.03699	0.03923	0.04031	0.00906	0.03696	0.02676	0.00727	0.32536	0.07976	0.07786	0.01476	0.03292	0.06379	0.02590	0.05662	0.00179	0.00474	0.00473	0.10889	0.00630
3	0.07182	0.05544	0.10798	0.03198	0.26112	0.15999	0.01075	0.07653	0.02971	0.11964	0.00950	0.01065	0.00721	0.00465	0.00445	0.00134	0.02411	0.00366	0.00290	0.00656
4	0.01278	0.54477	0.01895	0.00835	0.01154	0.14117	0.00751	0.05737	0.01042	0.03988	0.00855	0.07149	0.00803	0.00537	0.00401	0.03313	0.00513	0.00352	0.00245	0.00559
5	0.03433	0.25438	0.34660	0.01039	0.03208	0.01204	0.01126	0.05034	0.01039	0.12103	0.01016	0.01082	0.03247	0.00468	0.00414	0.00129	0.02198	0.00347	0.00266	0.02550
6	0.06939	0.06219	0.11189	0.01156	0.09197	0.08540	0.00925	0.20023	0.21371	0.05015	0.01209	0.04204	0.00945	0.00543	0.00432	0.00139	0.00494	0.00428	0.00357	0.00673

[dist]
# distance from previous block
# <min> <max>
0	2

[block]
# block no. 5 follows, 57 sequences, length 39
# corresponding to MSA columns:
# 855-893
name=unknown_F
#
# <colnr> <probs for GDERKNQSTAVLIFYWHMCP>
#	G	D	E	R	K	N	Q	S	T	A	V	L	I	F	Y	W	H	M	C	P
0	0.03594	0.12129	0.02557	0.00952	0.01287	0.07555	0.00795	0.34898	0.20939	0.03814	0.01165	0.01157	0.00873	0.00518	0.00419	0.00130	0.00474	0.00390	0.00387	0.05969
1	0.00919	0.00592	0.00745	0.00663	0.00845	0.00545	0.00507	0.01164	0.06402	0.14108	0.32311	0.16763	0.07134	0.00863	0.00520	0.00142	0.02240	0.00747	0.00449	0.12339
2	0.04534	0.09569	0.24811	0.03078	0.01543	0.06133	0.06849	0.14953	0.03678	0.12711	0.02376	0.02273	0.02292	0.00503	0.00429	0.00136	0.00545	0.00403	0.01590	0.01593
3	0.03681	0.26237	0.24112	0.01129	0.03357	0.01276	0.11210	0.06601	0.09793	0.02552	0.02233	0.02771	0.02194	0.00480	0.00410	0.00132	0.00542	0.00395	0.00265	0.00630
4	0.00719	0.00510	0.00699	0.00786	0.00878	0.00509	0.00667	0.00903	0.01007	0.01317	0.04994	0.04803	0.02554	0.10847	0.00818	0.00233	0.00413	0.66540	0.00404	0.00401
5	0.01066	0.01031	0.01701	0.08564	0.66503	0.02503	0.02553	0.01325	0.01028	0.01429	0.01133	0.01372	0.06850	0.00465	0.00456	0.00137	0.00528	0.00446	0.00238	0.00671
6	0.01155	0.11327	0.22449	0.04213	0.06028	0.07598	0.10208	0.03613	0.06250	0.09370	0.02384	0.04776	0.03016	0.00548	0.00484	0.00142	0.03533	0.02000	0.00288	0.00618
7	0.01017	0.01060	0.08898	0.46503	0.17902	0.03019	0.02677	0.05822	0.02069	0.03199	0.00885	0.01178	0.00671	0.00452	0.00447	0.00144	0.00581	0.00400	0.02492	0.00585
8	0.00631	0.00435	0.00499	0.00513	0.00535	0.00423	0.00307	0.00660	0.00744	0.00981	0.04268	0.15043	0.09553	0.61422	0.01828	0.00365	0.00386	0.00785	0.00317	0.00303
9	0.00559	0.00439	0.00503	0.00531	0.00634	0.00386	0.00380	0.00675	0.01010	0.01284	0.15351	0.29411	0.42952	0.03041	0.00588	0.00168	0.00242	0.01035	0.00429	0.00382
10	0.02744	0.10495	0.10638	0.06557	0.15814	0.11302	0.07317	0.09900	0.06189	0.07054	0.01035	0.03174	0.00834	0.00504	0.00449	0.00137	0.01653	0.02186	0.01384	0.00635
11	0.01552	0.04164	0.03733	0.05603	0.07241	0.00907	0.04521	0.12415	0.07582	0.37874	0.03336	0.04298	0.02357	0.00573	0.00457	0.00141	0.00440	0.00483	0.01626	0.00697
12	0.00620	0.00523	0.00538	0.00524	0.00682	0.00480	0.00392	0.00881	0.11015	0.01322	0.07604	0.03926	0.64462	0.04290	0.00595	0.00164	0.00253	0.00883	0.00424	0.00422
13	0.00953	0.14400	0.57986	0.01181	0.01747	0.01131	0.04856	0.01426	0.04160	0.01423	0.05917	0.01117	0.00847	0.00461	0.00422	0.00137	0.00605	0.00368	0.00224	0.00640
14	0.10227	0.08255	0.06863	0.00971	0.04776	0.03741	0.00811	0.17301	0.02722	0.28868	0.01238	0.01307	0.00896	0.00701	0.05295	0.00173	0.02496	0.02296	0.00395	0.00671
15	0.00717	0.00512	0.00715	0.00819	0.00917	0.00510	0.00707	0.00915	0.01030	0.01341	0.02407	0.11131	0.02638	0.01265	0.00622	0.00207	0.00405	0.72313	0.00418	0.00413
16	0.00555	0.00396	0.00525	0.00627	0.00652	0.00370	0.00416	0.00632	0.00861	0.01149	0.02466	0.81408	0.02957	0.03845	0.00629	0.00192	0.00268	0.01270	0.00416	0.00365
17	0.01067	0.08634	0.34894	0.05170	0.08809	0.02889	0.07448	0.03486	0.03578	0.07990	0.04181	0.01450	0.05006	0.00523	0.00448	0.00142	0.00565	0.02814	0.00275	0.00631
18	0.01105	0.02581	0.04263	0.05807	0.69057	0.01049	0.01325	0.01373	0.01029	0.03409	0.01013	0.01249	0.03835	0.00439	0.00449	0.00136	0.00528	0.00421	0.00238	0.00693
19	0.01211	0.84348	0.02374	0.00775	0.01163	0.01793	0.00775	0.01357	0.00921	0.01066	0.00630	0.00727	0.00582	0.00388	0.00291	0.00097	0.00485	0.00242	0.00194	0.00582
20	0.00552	0.00456	0.00484	0.00484	0.00624	0.00389	0.00360	0.00680	0.01062	0.01309	0.15892	0.08154	0.65732	0.01128	0.00538	0.00153	0.00229	0.00952	0.00432	0.00389
21	0.01561	0.03501	0.09361	0.00998	0.05784	0.02665	0.00828	0.15139	0.06097	0.35716	0.01447	0.01436	0.02422	0.03169	0.00532	0.00148	0.03111	0.00438	0.04954	0.00694
22	0.01187	0.78478	0.02289	0.00830	0.03657	0.01717	0.00781	0.01338	0.00938	0.01108	0.03757	0.00842	0.00729	0.00409	0.00305	0.00100	0.00476	0.00270	0.00207	0.00580
23	0.01693	0.02160	0.01284	0.01167	0.01401	0.82256	0.00876	0.01809	0.01284	0.01109	0.00700	0.00817	0.00584	0.00467	0.00409	0.00117	0.00817	0.00292	0.00233	0.00525
24	0.01028	0.01007	0.03541	0.19845	0.47822	0.01027	0.05161	0.03066	0.01023	0.01416	0.01030	0.01471	0.02663	0.00498	0.00491	0.00146	0.02431	0.05460	0.00240	0.00634
25	0.01854	0.00901	0.03618	0.04051	0.01281	0.02768	0.00745	0.08173	0.05273	0.62568	0.01650	0.01522	0.01080	0.00563	0.00456	0.00142	0.00422	0.01679	0.00512	0.00743
26	0.00536	0.00459	0.00459	0.00459	0.00612	0.00383	0.00344	0.00650	0.01033	0.01224	0.04590	0.04361	0.81065	0.01148	0.00536	0.00153	0.00230	0.00956	0.00421	0.00383
27	0.87276	0.00876	0.00666	0.00596	0.00876	0.01017	0.00491	0.01332	0.00771	0.02033	0.00631	0.00736	0.00491	0.00421	0.00280	0.00140	0.00351	0.00245	0.00280	0.00491
28	0.02602	0.28157	0.07295	0.14203	0.11252	0.10026	0.02773	0.04788	0.06172	0.07371	0.00896	0.01026	0.00702	0.00446	0.00394	0.00126	0.00548	0.00346	0.00261	0.00616
29	0.00982	0.00971	0.00912	0.00855	0.00940	0.20782	0.00637	0.01076	0.00870	0.02504	0.01183	0.10971	0.01230	0.20174	0.19039	0.00346	0.15286	0.00552	0.00266	0.00424
30	0.87276	0.00876	0.00666	0.00596	0.00876	0.01017	0.00491	0.01332	0.00771	0.02033	0.00631	0.00736	0.00491	0.00421	0.00280	0.00140	0.00351	0.00245	0.00280	0.00491
31	0.01875	0.00772	0.01019	0.02549	0.01156	0.00700	0.00659	0.07290	0.01312	0.66995	0.01690	0.01518	0.01091	0.00554	0.00442	0.00137	0.00381	0.00448	0.08678	0.00732
32	0.01201	0.13340	0.15793	0.06005	0.13133	0.04723	0.19154	0.06285	0.02895	0.08504	0.00958	0.02375	0.00740	0.00458	0.00468	0.00138	0.02505	0.00414	0.00266	0.00642
33	0.01460	0.07687	0.32177	0.00988	0.01453	0.00911	0.01057	0.01814	0.04371	0.39015	0.03696	0.01317	0.00975	0.00511	0.00436	0.00139	0.00496	0.00406	0.00385	0.00705
34	0.00545	0.00454	0.00476	0.00482	0.00621	0.00385	0.00357	0.00665	0.01039	0.01266	0.10452	0.10641	0.68757	0.01152	0.00539	0.00155	0.00231	0.00972	0.00427	0.00385
35	0.00561	0.00404	0.00533	0.00627	0.00664	0.00376	0.00426	0.00652	0.00901	0.01200	0.06877	0.74589	0.05746	0.01379	0.00576	0.00181	0.00263	0.03247	0.00425	0.00373
36	0.01370	0.05176	0.03707	0.10179	0.26782	0.09361	0.03053	0.24628	0.01372	0.06610	0.00957	0.01110	0.00731	0.00535	0.02329	0.00148	0.00575	0.00392	0.00309	0.00677
37	0.14233	0.03365	0.01266	0.06031	0.04490	0.26313	0.05670	0.07420	0.09022	0.03517	0.00991	0.03909	0.01827	0.00537	0.00501	0.00139	0.07244	0.00395	0.00291	0.02839
38	0.01784	0.02632	0.00911	0.02661	0.02571	0.06627	0.04601	0.06153	0.01141	0.04581	0.25240	0.14624	0.08870	0.03797	0.00596	0.00155	0.03800	0.00708	0.05796	0.02750

[dist]
# distance from previous block
# <min> <max>
0	11

[block]
# block no. 6 follows, 57 sequences, length 106
# corresponding to MSA columns:
# 905-1010
name=unknown_G
#
# <colnr> <probs for GDERKNQSTAVLIFYWHMCP>
#	G	D	E	R	K	N	Q	S	T	A	V	L	I	F	Y	W	H	M	C	P
0	0.10130	0.43312	0.08951	0.00933	0.05244	0.09704	0.00833	0.02796	0.02203	0.02939	0.08344	0.01067	0.00955	0.00465	0.00354	0.00116	0.00495	0.00330	0.00253	0.00576
1	0.21900	0.04475	0.03397	0.02999	0.06614	0.10077	0.03238	0.27698	0.08804	0.02048	0.02887	0.01077	0.00801	0.00500	0.00419	0.00137	0.01583	0.00371	0.00341	0.00635
2	0.01071	0.00928	0.01290	0.01258	0.14380	0.04975	0.10893	0.08995	0.03140	0.04989	0.02472	0.12846	0.01258	0.05226	0.00595	0.00153	0.02631	0.04868	0.00321	0.17711
3	0.00624	0.00447	0.00567	0.00565	0.00659	0.00411	0.00413	0.00802	0.01158	0.01623	0.54013	0.19835	0.10650	0.01026	0.00532	0.00150	0.00225	0.00907	0.04983	0.00411
4	0.00984	0.00966	0.01343	0.60965	0.08485	0.09131	0.01166	0.04925	0.01017	0.01260	0.00998	0.01312	0.04587	0.00489	0.00452	0.00146	0.00597	0.00419	0.00229	0.00528
5	0.00594	0.00459	0.00542	0.00526	0.00649	0.00407	0.00393	0.00761	0.01163	0.01545	0.46183	0.06875	0.36195	0.01037	0.00537	0.00148	0.00222	0.00894	0.00463	0.00407
6	0.00556	0.00400	0.00527	0.00622	0.00656	0.00371	0.00418	0.00642	0.00894	0.01191	0.06322	0.76953	0.05997	0.01386	0.00575	0.00181	0.00259	0.01253	0.00424	0.00371
7	0.01127	0.00973	0.01025	0.00922	0.01178	0.01127	0.00717	0.02408	0.80430	0.01896	0.01844	0.01691	0.01383	0.00615	0.00461	0.00154	0.00359	0.00512	0.00461	0.00717
8	0.00991	0.00991	0.01388	0.01190	0.01190	0.01388	0.00991	0.01091	0.00694	0.01091	0.00595	0.00991	0.00595	0.00793	0.01487	0.00198	0.83246	0.00397	0.00198	0.00496
9	0.00845	0.00422	0.00422	0.00422	0.00528	0.00422	0.00317	0.01056	0.00950	0.01689	0.01478	0.01689	0.01161	0.00528	0.00317	0.00106	0.00211	0.00422	0.86591	0.00422
10	0.01693	0.02160	0.01284	0.01167	0.01401	0.82256	0.00876	0.01809	0.01284	0.01109	0.00700	0.00817	0.00584	0.00467	0.00409	0.00117	0.00817	0.00292	0.00233	0.00525
11	0.01127	0.00973	0.01025	0.00922	0.01178	0.01127	0.00717	0.02408	0.80430	0.01896	0.01844	0.01691	0.01383	0.00615	0.00461	0.00154	0.00359	0.00512	0.00461	0.00717
12	0.87276	0.00876	0.00666	0.00596	0.00876	0.01017	0.00491	0.01332	0.00771	0.02033	0.00631	0.00736	0.00491	0.00421	0.00280	0.00140	0.00351	0.00245	0.00280	0.00491
13	0.01705	0.01261	0.01350	0.01039	0.01399	0.01397	0.00857	0.77463	0.04434	0.02828	0.01110	0.01106	0.00789	0.00546	0.00454	0.00137	0.00495	0.00411	0.00454	0.00769
14	0.00552	0.00394	0.00526	0.00631	0.00657	0.00368	0.00421	0.00631	0.00868	0.01157	0.02498	0.83779	0.02997	0.01420	0.00578	0.00184	0.00263	0.01288	0.00421	0.00368
15	0.02033	0.00771	0.01052	0.00806	0.01157	0.00666	0.00666	0.02208	0.01297	0.81562	0.01788	0.01542	0.01122	0.00561	0.00456	0.00140	0.00386	0.00456	0.00561	0.00771
16	0.01127	0.00973	0.01025	0.00922	0.01178	0.01127	0.00717	0.02408	0.80430	0.01896	0.01844	0.01691	0.01383	0.00615	0.00461	0.00154	0.00359	0.00512	0.00461	0.00717
17	0.02004	0.00795	0.01063	0.00818	0.01167	0.00704	0.00675	0.05267	0.02806	0.76975	0.01761	0.01527	0.01113	0.00561	0.00456	0.00140	0.00390	0.00455	0.00555	0.00770
18	0.72222	0.03358	0.06476	0.00679	0.00985	0.03302	0.00603	0.03019	0.00831	0.01929	0.00671	0.00789	0.00525	0.00504	0.02490	0.00154	0.00416	0.00263	0.00273	0.00511
19	0.00648	0.00483	0.00718	0.00718	0.00796	0.00561	0.00554	0.00803	0.00725	0.01044	0.01223	0.01831	0.01155	0.06892	0.78816	0.00716	0.01180	0.00493	0.00244	0.00399
20	0.87276	0.00876	0.00666	0.00596	0.00876	0.01017	0.00491	0.01332	0.00771	0.02033	0.00631	0.00736	0.00491	0.00421	0.00280	0.00140	0.00351	0.00245	0.00280	0.00491
21	0.01127	0.00973	0.01025	0.00922	0.01178	0.01127	0.00717	0.02408	0.80430	0.01896	0.01844	0.01691	0.01383	0.00615	0.00461	0.00154	0.00359	0.00512	0.00461	0.00717
22	0.02033	0.00771	0.01052	0.00806	0.01157	0.00666	0.00666	0.02208	0.01297	0.81562	0.01788	0.01542	0.01122	0.00561	0.00456	0.00140	0.00386	0.00456	0.00561	0.00771
23	0.00552	0.00394	0.00526	0.00631	0.00657	0.00368	0.00421	0.00631	0.00868	0.01157	0.02498	0.83779	0.02997	0.01420	0.00578	0.00184	0.00263	0.01288	0.00421	0.00368
24	0.87276	0.00876	0.00666	0.00596	0.00876	0.01017	0.00491	0.01332	0.00771	0.02033	0.00631	0.00736	0.00491	0.00421	0.00280	0.00140	0.00351	0.00245	0.00280	0.00491
25	0.00636	0.00463	0.00598	0.00564	0.00674	0.00425	0.00423	0.00844	0.01269	0.01786	0.76951	0.03437	0.08354	0.00938	0.00535	0.00143	0.00215	0.00827	0.00495	0.00425
26	0.00565	0.00459	0.00490	0.00483	0.00625	0.00393	0.00362	0.00703	0.01086	0.01363	0.21202	0.04094	0.62706	0.01087	0.00531	0.00150	0.00226	0.00916	0.02167	0.00393
27	0.00856	0.00805	0.01359	0.82986	0.03121	0.01007	0.01258	0.01158	0.00906	0.01158	0.00805	0.01208	0.00604	0.00453	0.00453	0.00151	0.00604	0.00403	0.00201	0.00503
28	0.01515	0.01151	0.01370	0.07674	0.07938	0.02354	0.03637	0.49909	0.09551	0.06241	0.01154	0.01199	0.00836	0.00526	0.00452	0.00139	0.00497	0.00423	0.02712	0.00722
29	0.00554	0.00397	0.00526	0.00626	0.00657	0.00370	0.00419	0.00637	0.00880	0.01174	0.04387	0.80429	0.04458	0.01403	0.00577	0.00182	0.00261	0.01271	0.00422	0.00370
30	0.01043	0.00997	0.01365	0.02307	0.01236	0.04303	0.04573	0.02705	0.00786	0.03950	0.00729	0.01141	0.00690	0.04805	0.04181	0.00219	0.63824	0.00417	0.00224	0.00504
31	0.08601	0.02633	0.33152	0.02429	0.12107	0.02581	0.01178	0.09738	0.01135	0.16681	0.01041	0.01178	0.00759	0.02157	0.00479	0.00147	0.01614	0.01413	0.00306	0.00671
32	0.01115	0.01977	0.01082	0.10317	0.08021	0.02281	0.03181	0.10945	0.02717	0.14815	0.01714	0.22680	0.03027	0.00899	0.02280	0.00173	0.02108	0.09722	0.00386	0.00559
33	0.21780	0.01314	0.03116	0.02877	0.33600	0.19479	0.03330	0.06676	0.01098	0.01613	0.00781	0.00959	0.00631	0.00432	0.00402	0.00133	0.00565	0.00343	0.00254	0.00616
34	0.01053	0.00929	0.01498	0.34823	0.35615	0.01017	0.01209	0.07549	0.01072	0.03804	0.02133	0.05469	0.00858	0.00500	0.00459	0.00144	0.00538	0.00457	0.00257	0.00615
35	0.00550	0.00404	0.00516	0.00605	0.00650	0.00370	0.00409	0.00634	0.00892	0.01167	0.02811	0.71899	0.14675	0.01379	0.00572	0.00179	0.00258	0.01239	0.00421	0.00370
36	0.07070	0.13236	0.61089	0.01147	0.01731	0.01146	0.01416	0.03810	0.00976	0.01467	0.00864	0.00986	0.02284	0.00443	0.00404	0.00137	0.00608	0.00331	0.00211	0.00642
37	0.01098	0.01046	0.01501	0.08345	0.03273	0.05902	0.10100	0.01258	0.00843	0.06835	0.00778	0.02441	0.00686	0.00683	0.01114	0.00178	0.52726	0.00426	0.00234	0.00534
38	0.00957	0.00530	0.00697	0.00616	0.00777	0.00480	0.00476	0.01162	0.01273	0.19413	0.60348	0.02910	0.03455	0.00830	0.00508	0.00141	0.00252	0.00723	0.03950	0.00503
39	0.00648	0.00483	0.00716	0.00716	0.00793	0.00560	0.00552	0.00802	0.00725	0.01043	0.01225	0.01840	0.01159	0.07476	0.78238	0.00714	0.01175	0.00494	0.00244	0.00398
40	0.00823	0.00421	0.00430	0.00436	0.00534	0.00420	0.00321	0.01021	0.00938	0.01638	0.01534	0.06355	0.01278	0.02811	0.00385	0.00119	0.00220	0.00478	0.79422	0.00415
41	0.01175	0.00997	0.01051	0.00932	0.01196	0.01149	0.00729	0.08602	0.74158	0.01972	0.01784	0.01642	0.01334	0.00609	0.00460	0.00152	0.00370	0.00504	0.00460	0.00722
42	0.00909	0.02344	0.81727	0.01292	0.01961	0.01052	0.01674	0.01435	0.00957	0.01435	0.00813	0.00957	0.00574	0.00431	0.00431	0.00144	0.00670	0.00335	0.00191	0.00670
43	0.01127	0.00973	0.01025	0.00922	0.01178	0.01127	0.00717	0.02408	0.80430	0.01896	0.01844	0.01691	0.01383	0.00615	0.00461	0.00154	0.00359	0.00512	0.00461	0.00717
44	0.00856	0.00805	0.01359	0.82986	0.03121	0.01007	0.01258	0.01158	0.00906	0.01158	0.00805	0.01208	0.00604	0.00453	0.00453	0.00151	0.00604	0.00403	0.00201	0.00503
45	0.00940	0.00805	0.00940	0.00671	0.01074	0.00604	0.00537	0.01141	0.00940	0.01477	0.00805	0.00940	0.00671	0.00336	0.00336	0.00067	0.00336	0.00268	0.00268	0.86845
46	0.00648	0.00484	0.00722	0.00722	0.00800	0.00563	0.00558	0.00805	0.00726	0.01047	0.01220	0.01813	0.01147	0.05664	0.80033	0.00720	0.01192	0.00490	0.00244	0.00401
47	0.01614	0.02026	0.01239	0.01140	0.01363	0.75573	0.00864	0.01738	0.01264	0.01129	0.00839	0.01168	0.00749	0.00531	0.00426	0.00124	0.00784	0.06662	0.00249	0.00516
48	0.01070	0.01222	0.02674	0.01910	0.02368	0.01146	0.79603	0.01451	0.01070	0.01451	0.00917	0.01222	0.00688	0.00382	0.00535	0.00153	0.00764	0.00535	0.00229	0.00611
49	0.87276	0.00876	0.00666	0.00596	0.00876	0.01017	0.00491	0.01332	0.00771	0.02033	0.00631	0.00736	0.00491	0.00421	0.00280	0.00140	0.00351	0.00245	0.00280	0.00491
50	0.02014	0.00801	0.01070	0.00820	0.01172	0.00710	0.00678	0.06875	0.01347	0.76824	0.01746	0.01515	0.01101	0.00560	0.00456	0.00140	0.00392	0.00453	0.00554	0.00771
51	0.00856	0.00805	0.01359	0.82986	0.03121	0.01007	0.01258	0.01158	0.00906	0.01158	0.00805	0.01208	0.00604	0.00453	0.00453	0.00151	0.00604	0.00403	0.00201	0.00503
52	0.01037	0.00746	0.00873	0.00951	0.01020	0.00657	0.00631	0.00992	0.01165	0.01599	0.02837	0.78559	0.03266	0.01654	0.00765	0.00264	0.00430	0.01373	0.00565	0.00616
53	0.01123	0.00991	0.01141	0.00992	0.01262	0.01128	0.06291	0.02340	0.74822	0.01864	0.01779	0.01658	0.01334	0.00598	0.00466	0.00154	0.00387	0.00514	0.00445	0.00710
54	0.01928	0.00745	0.01014	0.00794	0.01121	0.00645	0.00649	0.02097	0.01267	0.75881	0.01838	0.07353	0.01254	0.00622	0.00464	0.00143	0.00377	0.00515	0.00551	0.00743
55	0.00682	0.00516	0.00728	0.00721	0.00807	0.00595	0.00551	0.00909	0.06354	0.01096	0.01278	0.01881	0.01197	0.10477	0.69286	0.00662	0.01083	0.00503	0.00261	0.00415
56	0.00966	0.02268	0.76049	0.01274	0.01922	0.01077	0.01617	0.06968	0.01040	0.01535	0.00833	0.00966	0.00588	0.00439	0.00432	0.00143	0.00658	0.00340	0.00210	0.00677
57	0.01045	0.00751	0.00881	0.00955	0.01028	0.00663	0.00640	0.01007	0.01182	0.01625	0.05251	0.74067	0.03295	0.01634	0.00764	0.00264	0.00432	0.03331	0.00567	0.00619
58	0.00653	0.00459	0.00589	0.00559	0.00665	0.00425	0.00418	0.00862	0.01248	0.01788	0.72886	0.04638	0.05217	0.00910	0.00520	0.00141	0.00215	0.00801	0.06580	0.00425
59	0.00984	0.00995	0.01275	0.01111	0.01157	0.08111	0.02581	0.01103	0.00759	0.01092	0.00734	0.01139	0.00703	0.01277	0.17522	0.00296	0.58058	0.00408	0.00211	0.00482
60	0.01044	0.39093	0.46166	0.01060	0.01604	0.01384	0.01271	0.01400	0.00941	0.01270	0.00731	0.00854	0.00577	0.00411	0.00368	0.00123	0.00587	0.00293	0.00192	0.00630
61	0.03607	0.02261	0.01744	0.05578	0.66232	0.02624	0.02689	0.01447	0.01042	0.07128	0.00905	0.01134	0.00730	0.00418	0.00443	0.00135	0.00533	0.00401	0.00249	0.00699
62	0.00552	0.00451	0.00481	0.00494	0.00620	0.00388	0.00361	0.00664	0.01009	0.01235	0.08499	0.13983	0.62146	0.05189	0.00628	0.00171	0.00246	0.02087	0.00418	0.00379
63	0.00940	0.00805	0.00940	0.00671	0.01074	0.00604	0.00537	0.01141	0.00940	0.01477	0.00805	0.00940	0.00671	0.00336	0.00336	0.00067	0.00336	0.00268	0.00268	0.86845
64	0.08969	0.00893	0.01090	0.00843	0.01190	0.00863	0.00696	0.19798	0.01444	0.57095	0.01533	0.01373	0.00990	0.00545	0.00441	0.00139	0.00408	0.00428	0.00513	0.00748
65	0.01127	0.00981	0.01082	0.01054	0.06836	0.01124	0.00765	0.02336	0.74820	0.01866	0.01774	0.01650	0.01336	0.00600	0.00460	0.00152	0.00371	0.00505	0.00444	0.00717
66	0.00556	0.00397	0.00530	0.00635	0.00663	0.00371	0.00428	0.00638	0.00871	0.01161	0.02495	0.82032	0.02988	0.01416	0.00579	0.00185	0.00266	0.02997	0.00421	0.00369
67	0.00572	0.00459	0.00503	0.00498	0.00635	0.00397	0.00374	0.00715	0.01092	0.01385	0.23965	0.05779	0.56760	0.01088	0.00534	0.00151	0.00230	0.02445	0.02023	0.00395
68	0.00775	0.00442	0.00485	0.00486	0.00588	0.00434	0.00360	0.00997	0.02886	0.01660	0.18058	0.10078	0.03455	0.00710	0.00395	0.00123	0.00221	0.00601	0.56822	0.00424
69	0.01211	0.84348	0.02374	0.00775	0.01163	0.01793	0.00775	0.01357	0.00921	0.01066	0.00630	0.00727	0.00582	0.00388	0.00291	0.00097	0.00485	0.00242	0.00194	0.00582
70	0.04389	0.22841	0.01601	0.00959	0.01325	0.01493	0.00827	0.56807	0.01772	0.02364	0.00954	0.00983	0.00712	0.00499	0.00405	0.00126	0.00490	0.00360	0.00380	0.00712
71	0.01041	0.00597	0.00814	0.00828	0.00995	0.00580	0.00711	0.01290	0.04683	0.19473	0.03426	0.04126	0.02243	0.01062	0.00579	0.00190	0.00404	0.55995	0.00453	0.00511
72	0.00641	0.00463	0.00606	0.00570	0.00677	0.00428	0.00428	0.00855	0.01283	0.01817	0.81009	0.03385	0.04276	0.00926	0.00534	0.00143	0.00214	0.00819	0.00499	0.00428
73	0.01966	0.00878	0.01118	0.00857	0.01210	0.00825	0.00708	0.18879	0.01476	0.64639	0.01637	0.01445	0.01046	0.00557	0.00455	0.00139	0.00410	0.00445	0.00538	0.00771
74	0.01797	0.00759	0.01011	0.00799	0.01111	0.00690	0.00653	0.05901	0.03216	0.64219	0.07310	0.01671	0.01334	0.00793	0.06388	0.00183	0.00438	0.00483	0.00526	0.00719
75	0.00587	0.00413	0.00544	0.00634	0.00673	0.00387	0.00428	0.00692	0.02199	0.02399	0.05311	0.77220	0.04073	0.01372	0.00572	0.00181	0.00264	0.01242	0.00426	0.00382
76	0.00672	0.00477	0.00642	0.00731	0.00802	0.00469	0.00584	0.00818	0.00947	0.01239	0.02335	0.24967	0.03986	0.12249	0.00834	0.00232	0.00377	0.46854	0.00399	0.00385
77	0.01092	0.01057	0.01710	0.14415	0.51987	0.04214	0.05694	0.01346	0.00997	0.02728	0.00877	0.03130	0.00746	0.00472	0.00543	0.00144	0.07543	0.00428	0.00230	0.00646
78	0.01455	0.01130	0.03665	0.01181	0.08744	0.05359	0.04229	0.24162	0.20259	0.16152	0.01346	0.03556	0.01006	0.00574	0.00515	0.00145	0.04946	0.00461	0.00410	0.00705
79	0.00974	0.00887	0.01439	0.47354	0.23152	0.01032	0.01205	0.01298	0.05108	0.03444	0.03243	0.01268	0.00796	0.00489	0.00528	0.00150	0.06396	0.00422	0.00239	0.00575
80	0.07437	0.03538	0.01429	0.08567	0.11261	0.37202	0.06237	0.02996	0.06474	0.01328	0.00810	0.00989	0.00661	0.00490	0.00524	0.00136	0.08754	0.00354	0.00247	0.00566
81	0.00557	0.00460	0.00489	0.00482	0.00625	0.00392	0.00361	0.00692	0.01084	0.01345	0.20160	0.04162	0.65420	0.01103	0.00535	0.00151	0.00226	0.00928	0.00437	0.00392
82	0.01472	0.05586	0.03798	0.01025	0.01330	0.07798	0.02856	0.29689	0.21222	0.11095	0.01243	0.01240	0.00914	0.00564	0.00538	0.00144	0.07970	0.00421	0.00399	0.00696
83	0.09950	0.00781	0.01016	0.00787	0.01131	0.00699	0.00650	0.02127	0.01248	0.74176	0.01680	0.01467	0.01063	0.00548	0.00439	0.00140	0.00382	0.00436	0.00535	0.00745
84	0.00629	0.00463	0.00589	0.00558	0.00670	0.00423	0.00418	0.00832	0.01255	0.01751	0.72439	0.03494	0.12888	0.00951	0.00535	0.00144	0.00216	0.00835	0.00490	0.00423
85	0.00625	0.00459	0.00586	0.00561	0.00669	0.00420	0.00418	0.00822	0.01235	0.01720	0.68843	0.07502	0.12500	0.00975	0.00537	0.00146	0.00218	0.00858	0.00486	0.00420
