[name]
unknown

[dist]
# distance from previous block
# <min> <max>
0	45

[block]
# block no. 0 follows, 55 sequences, length 6
# corresponding to MSA columns:
# 45-50
name=unknown_A
#
# <colnr> <probs for GDERKNQSTAVLIFYWHMCP>
#	G	D	E	R	K	N	Q	S	T	A	V	L	I	F	Y	W	H	M	C	P
0	0.00658	0.00452	0.00527	0.00545	0.00568	0.00442	0.00337	0.00696	0.00773	0.01026	0.05221	0.13736	0.06348	0.60576	0.01869	0.00375	0.00405	0.04805	0.00327	0.00315
1	0.00585	0.00473	0.00520	0.00508	0.00650	0.00408	0.00381	0.00735	0.01143	0.01453	0.29100	0.04155	0.56050	0.01105	0.00549	0.00154	0.00230	0.00937	0.00458	0.00408
2	0.27920	0.00801	0.00924	0.00744	0.01063	0.00775	0.00610	0.01888	0.01165	0.51002	0.07355	0.01472	0.01196	0.00560	0.00419	0.00144	0.00372	0.00430	0.00483	0.00677
3	0.00639	0.00467	0.00601	0.00585	0.00688	0.00428	0.00432	0.00835	0.01247	0.01739	0.65555	0.13245	0.09742	0.01029	0.00554	0.00152	0.00227	0.00910	0.00497	0.00428
4	0.01018	0.01018	0.01425	0.01221	0.01221	0.01425	0.01018	0.01120	0.00712	0.01120	0.00611	0.01018	0.00611	0.00814	0.01527	0.00204	0.82799	0.00407	0.00204	0.00509
5	0.00865	0.00589	0.00666	0.00640	0.00787	0.00602	0.00480	0.01308	0.19542	0.04942	0.19425	0.14953	0.09315	0.00852	0.00476	0.00147	0.00270	0.00732	0.22901	0.00508

[dist]
# distance from previous block
# <min> <max>
0	17

[block]
# block no. 1 follows, 55 sequences, length 7
# corresponding to MSA columns:
# 68-74
name=unknown_B
#
# <colnr> <probs for GDERKNQSTAVLIFYWHMCP>
#	G	D	E	R	K	N	Q	S	T	A	V	L	I	F	Y	W	H	M	C	P
0	0.86937	0.00900	0.00684	0.00612	0.00900	0.01044	0.00504	0.01368	0.00792	0.02087	0.00648	0.00756	0.00504	0.00432	0.00288	0.00144	0.00360	0.00252	0.00288	0.00504
1	0.01964	0.00764	0.01040	0.00807	0.01145	0.00663	0.00663	0.02148	0.01330	0.74251	0.08609	0.01746	0.01430	0.00608	0.00475	0.00144	0.00381	0.00500	0.00570	0.00761
2	0.86937	0.00900	0.00684	0.00612	0.00900	0.01044	0.00504	0.01368	0.00792	0.02087	0.00648	0.00756	0.00504	0.00432	0.00288	0.00144	0.00360	0.00252	0.00288	0.00504
3	0.01281	0.05397	0.01548	0.05744	0.08484	0.25688	0.12697	0.07776	0.05513	0.01399	0.00944	0.01220	0.00792	0.03739	0.09847	0.00220	0.06451	0.00416	0.00266	0.00578
4	0.00907	0.00781	0.01034	0.00915	0.00951	0.01017	0.00736	0.01026	0.00787	0.01233	0.01166	0.01624	0.05698	0.09616	0.04560	0.00229	0.48408	0.00480	0.18373	0.00458
5	0.01366	0.01032	0.01107	0.03934	0.01253	0.03545	0.00738	0.45386	0.03862	0.04903	0.07770	0.06529	0.15058	0.00743	0.00492	0.00147	0.00435	0.00600	0.00448	0.00653
6	0.03500	0.22885	0.19481	0.01133	0.05605	0.19216	0.01037	0.06006	0.03749	0.05980	0.02664	0.03013	0.00815	0.00503	0.00433	0.00130	0.02590	0.00365	0.00270	0.00625

[dist]
# distance from previous block
# <min> <max>
0	2

[block]
# block no. 2 follows, 55 sequences, length 33
# corresponding to MSA columns:
# 77-109
name=unknown_C
#
# <colnr> <probs for GDERKNQSTAVLIFYWHMCP>
#	G	D	E	R	K	N	Q	S	T	A	V	L	I	F	Y	W	H	M	C	P
0	0.01008	0.01283	0.19812	0.07269	0.28525	0.01024	0.08546	0.03245	0.00993	0.01418	0.03207	0.01256	0.00829	0.00789	0.06845	0.06272	0.06401	0.00429	0.00233	0.00615
1	0.02446	0.11049	0.16805	0.06080	0.17375	0.04384	0.06582	0.04292	0.11792	0.01527	0.03785	0.05700	0.03605	0.00553	0.00453	0.00142	0.00534	0.00477	0.00289	0.02128
2	0.01111	0.09182	0.14975	0.01903	0.34652	0.03944	0.09497	0.01399	0.01030	0.03425	0.03784	0.04412	0.00915	0.00514	0.00545	0.00145	0.07215	0.00449	0.00247	0.00655
3	0.00685	0.00524	0.00796	0.00838	0.04241	0.00604	0.00618	0.00856	0.00761	0.01099	0.01230	0.01799	0.01145	0.03358	0.78336	0.00722	0.01217	0.00495	0.00248	0.00429
4	0.01149	0.01338	0.07417	0.06681	0.28459	0.09520	0.33463	0.01469	0.01080	0.01431	0.00895	0.01202	0.00717	0.02462	0.00539	0.00153	0.00689	0.00460	0.00231	0.00644
5	0.01101	0.04490	0.03127	0.15166	0.47983	0.03356	0.01243	0.04171	0.03422	0.01489	0.03724	0.04738	0.00952	0.00509	0.00488	0.00144	0.02521	0.00460	0.00258	0.00660
6	0.00651	0.00481	0.00602	0.00653	0.00729	0.00468	0.00461	0.00882	0.08362	0.01414	0.18017	0.52308	0.07026	0.01239	0.00565	0.00174	0.00269	0.02595	0.02678	0.00427
7	0.01008	0.00588	0.00616	0.00562	0.00721	0.00603	0.00440	0.13794	0.01189	0.03259	0.01720	0.01953	0.06843	0.00617	0.00378	0.00121	0.00277	0.03249	0.61567	0.00495
8	0.01067	0.04097	0.05016	0.28348	0.22674	0.09112	0.04600	0.02791	0.01011	0.01330	0.00877	0.01198	0.00715	0.00718	0.07195	0.00194	0.05157	0.00407	0.02908	0.00585
9	0.01067	0.08798	0.21194	0.04150	0.27629	0.01086	0.10703	0.04464	0.01068	0.03297	0.02391	0.09995	0.01006	0.00549	0.00469	0.00145	0.00570	0.00505	0.00263	0.00652
10	0.02043	0.00813	0.01087	0.00838	0.01195	0.00721	0.00691	0.04211	0.04435	0.76001	0.01820	0.01578	0.01153	0.00578	0.00468	0.00144	0.00398	0.00469	0.00569	0.00790
11	0.00953	0.00473	0.00490	0.00469	0.00597	0.00470	0.00357	0.02929	0.01022	0.06032	0.01526	0.01712	0.01181	0.00544	0.00336	0.00111	0.00233	0.00435	0.79667	0.00461
12	0.01081	0.03313	0.07816	0.23374	0.26518	0.07137	0.05421	0.05597	0.03320	0.01474	0.04823	0.03765	0.03294	0.00526	0.00469	0.00145	0.00573	0.00470	0.00266	0.00618
13	0.01318	0.01041	0.06937	0.06735	0.33277	0.00938	0.04170	0.05127	0.02856	0.21175	0.06134	0.01613	0.03481	0.00547	0.00478	0.00146	0.00498	0.02477	0.00356	0.00695
14	0.54262	0.00870	0.00844	0.00701	0.01017	0.00923	0.00578	0.03516	0.01020	0.30666	0.01088	0.01063	0.00745	0.00487	0.00357	0.00144	0.00376	0.00334	0.00396	0.00615
15	0.00935	0.00622	0.00727	0.00677	0.00861	0.00610	0.00532	0.03697	0.12305	0.12010	0.10514	0.03241	0.29111	0.03537	0.06300	0.00208	0.00380	0.09118	0.04099	0.00515
16	0.01140	0.08467	0.34263	0.01427	0.09098	0.04337	0.13153	0.10180	0.02160	0.03586	0.01009	0.06138	0.00823	0.00516	0.00475	0.00145	0.01707	0.00447	0.00265	0.00663
17	0.01070	0.04044	0.00886	0.00737	0.00944	0.06680	0.00581	0.10213	0.06853	0.10974	0.21619	0.06301	0.19000	0.00939	0.03146	0.00167	0.00386	0.02941	0.01976	0.00542
18	0.00568	0.00411	0.00538	0.00635	0.00672	0.00381	0.00427	0.00655	0.00913	0.01211	0.04888	0.76123	0.08008	0.01426	0.00590	0.00186	0.00266	0.01288	0.00434	0.00381
19	0.01101	0.03952	0.03947	0.25149	0.28808	0.05566	0.07235	0.03951	0.02288	0.03895	0.01093	0.01460	0.03179	0.00578	0.02429	0.00161	0.00601	0.03727	0.00260	0.00620
20	0.02627	0.07540	0.05853	0.01116	0.02513	0.21023	0.07807	0.19009	0.07073	0.14920	0.01153	0.02294	0.00857	0.00522	0.00443	0.00135	0.00581	0.00411	0.03455	0.00668
21	0.72123	0.04523	0.00850	0.00687	0.00979	0.04046	0.00569	0.07169	0.00920	0.02054	0.00684	0.00790	0.00535	0.00449	0.00331	0.00142	0.02055	0.00269	0.00294	0.00531
22	0.65653	0.01809	0.00839	0.00803	0.06262	0.01017	0.00599	0.03301	0.00896	0.06776	0.03893	0.00981	0.00738	0.00550	0.02466	0.00160	0.02094	0.00313	0.00311	0.00540
23	0.01601	0.03897	0.01337	0.02518	0.01417	0.19446	0.00861	0.41947	0.18299	0.02235	0.01172	0.01176	0.00872	0.00550	0.00452	0.00138	0.00557	0.00409	0.00404	0.00712
24	0.01908	0.00879	0.01113	0.00862	0.01210	0.00826	0.00708	0.16625	0.03653	0.58627	0.05554	0.01580	0.01241	0.00588	0.00469	0.00142	0.00407	0.00475	0.00543	0.02591
25	0.00600	0.00431	0.00573	0.00652	0.00705	0.00404	0.00462	0.00720	0.00989	0.01332	0.16852	0.59754	0.04865	0.01343	0.00589	0.00183	0.00275	0.08429	0.00446	0.00394
26	0.01171	0.55338	0.22463	0.01052	0.04310	0.03937	0.03387	0.01431	0.00974	0.01219	0.00714	0.00839	0.00603	0.00412	0.00352	0.00115	0.00566	0.00289	0.00202	0.00624
27	0.01949	0.00786	0.01052	0.00819	0.01158	0.00697	0.00672	0.03757	0.03799	0.71316	0.07463	0.01714	0.01385	0.00604	0.00474	0.00144	0.00385	0.00495	0.00566	0.00765
28	0.00871	0.00503	0.00627	0.00575	0.00716	0.00465	0.00439	0.01081	0.01230	0.11198	0.50052	0.02895	0.06410	0.00823	0.00488	0.00138	0.00240	0.00710	0.20061	0.00478
29	0.00995	0.01353	0.28634	0.02745	0.10528	0.00922	0.01088	0.02842	0.17309	0.05092	0.21634	0.01831	0.01784	0.00617	0.00480	0.00148	0.00469	0.00525	0.00359	0.00642
30	0.01356	0.07229	0.18805	0.03220	0.14344	0.00940	0.01040	0.06042	0.01201	0.26280	0.08669	0.03350	0.01289	0.00585	0.00466	0.00144	0.00487	0.03491	0.00379	0.00683
31	0.01831	0.00793	0.01037	0.00819	0.01142	0.00725	0.00668	0.05685	0.07277	0.61996	0.11243	0.01800	0.01543	0.00624	0.00478	0.00145	0.00378	0.00515	0.00555	0.00745
32	0.00757	0.00630	0.00680	0.00640	0.00818	0.00631	0.00488	0.01256	0.24604	0.01608	0.22097	0.03420	0.38676	0.00961	0.00527	0.00155	0.00271	0.00812	0.00464	0.00506

[dist]
# distance from previous block
# <min> <max>
0	1

[block]
# block no. 3 follows, 55 sequences, length 61
# corresponding to MSA columns:
# 111-171
name=unknown_D
#
# <colnr> <probs for GDERKNQSTAVLIFYWHMCP>
#	G	D	E	R	K	N	Q	S	T	A	V	L	I	F	Y	W	H	M	C	P
0	0.00876	0.00665	0.02592	0.00831	0.06049	0.00611	0.00625	0.03551	0.07507	0.08380	0.17560	0.03576	0.28090	0.00976	0.00544	0.00163	0.00335	0.16113	0.00445	0.00512
1	0.00816	0.00736	0.08026	0.10295	0.01152	0.00605	0.00668	0.01058	0.02625	0.08425	0.30510	0.04845	0.25118	0.00884	0.00540	0.00153	0.01879	0.00751	0.00422	0.00493
2	0.00567	0.00405	0.00540	0.00648	0.00675	0.00378	0.00432	0.00648	0.00891	0.01188	0.02564	0.83347	0.03077	0.01457	0.00594	0.00189	0.00270	0.01323	0.00432	0.00378
3	0.00933	0.02406	0.81240	0.01326	0.02014	0.01080	0.01719	0.01473	0.00982	0.01473	0.00835	0.00982	0.00589	0.00442	0.00442	0.00147	0.00688	0.00344	0.00196	0.00688
4	0.01534	0.35943	0.01780	0.01032	0.01337	0.48788	0.00856	0.01666	0.01164	0.01120	0.00689	0.00801	0.00598	0.00446	0.00370	0.00111	0.00698	0.00279	0.00223	0.00563
5	0.01536	0.09963	0.01338	0.00941	0.01255	0.04947	0.00782	0.51883	0.01768	0.02401	0.01105	0.01169	0.00826	0.00542	0.00449	0.00131	0.02642	0.00398	0.15235	0.00690
6	0.15809	0.00892	0.03036	0.00781	0.03548	0.00772	0.00617	0.06342	0.02823	0.03510	0.03680	0.01094	0.00836	0.00441	0.00389	0.01723	0.00368	0.00324	0.02704	0.50312
7	0.00763	0.00602	0.00698	0.00737	0.00807	0.05997	0.00536	0.00873	0.00948	0.04528	0.06077	0.49823	0.04126	0.03937	0.06730	0.00232	0.05152	0.06614	0.00397	0.00420
8	0.01180	0.01011	0.01065	0.00951	0.01218	0.01168	0.00742	0.05334	0.77009	0.01983	0.01865	0.01713	0.01397	0.00628	0.00473	0.00157	0.00374	0.00522	0.00473	0.00738
9	0.01738	0.02217	0.01318	0.01199	0.01438	0.81783	0.00899	0.01858	0.01318	0.01139	0.00719	0.00839	0.00599	0.00479	0.00419	0.00120	0.00839	0.00300	0.00240	0.00539
10	0.02047	0.00796	0.01071	0.00824	0.01178	0.00697	0.00680	0.04263	0.01345	0.76955	0.01808	0.01575	0.01143	0.00574	0.00464	0.00143	0.00394	0.00466	0.02794	0.00782
11	0.86937	0.00900	0.00684	0.00612	0.00900	0.01044	0.00504	0.01368	0.00792	0.02087	0.00648	0.00756	0.00504	0.00432	0.00288	0.00144	0.00360	0.00252	0.00288	0.00504
12	0.00724	0.00533	0.00692	0.03550	0.02508	0.00576	0.00479	0.03203	0.00787	0.01073	0.01508	0.03941	0.05281	0.43391	0.27430	0.00494	0.02560	0.00617	0.00282	0.00371
13	0.86937	0.00900	0.00684	0.00612	0.00900	0.01044	0.00504	0.01368	0.00792	0.02087	0.00648	0.00756	0.00504	0.00432	0.00288	0.00144	0.00360	0.00252	0.00288	0.00504
14	0.01789	0.01270	0.01376	0.01055	0.01426	0.01394	0.00871	0.74214	0.02132	0.07994	0.01163	0.01147	0.00815	0.00560	0.00466	0.00140	0.00504	0.00422	0.00473	0.00791
15	0.01723	0.02187	0.01312	0.01192	0.01433	0.79788	0.00895	0.01873	0.03263	0.01159	0.00748	0.00861	0.00620	0.00483	0.00421	0.00121	0.00827	0.00305	0.00245	0.00544
16	0.00577	0.00406	0.00536	0.00640	0.00670	0.00380	0.00428	0.00663	0.00894	0.01207	0.02528	0.80497	0.03011	0.01426	0.00584	0.00186	0.00268	0.01292	0.03427	0.00380
17	0.01230	0.01029	0.01036	0.00914	0.01172	0.04831	0.00715	0.12300	0.56851	0.02013	0.01694	0.01613	0.01273	0.00604	0.00452	0.00148	0.00391	0.00491	0.10544	0.00699
18	0.00812	0.00541	0.00676	0.00680	0.00742	0.02615	0.00484	0.02912	0.07302	0.01137	0.04299	0.17655	0.04463	0.03615	0.04926	0.41586	0.00418	0.04484	0.00311	0.00342
19	0.01269	0.46605	0.18594	0.00987	0.01413	0.13966	0.01004	0.04373	0.05526	0.01295	0.00785	0.00879	0.00649	0.00439	0.00363	0.00117	0.00583	0.00298	0.00230	0.00622
20	0.79353	0.00893	0.00746	0.07831	0.01103	0.01043	0.00573	0.01352	0.00804	0.02008	0.00664	0.00798	0.00514	0.00435	0.00304	0.00145	0.00383	0.00266	0.00281	0.00505
21	0.01115	0.05329	0.05170	0.12703	0.06766	0.07876	0.06134	0.05213	0.23190	0.03281	0.03080	0.04587	0.01138	0.04298	0.05054	0.00194	0.01766	0.00495	0.02002	0.00609
22	0.00658	0.00476	0.00622	0.00585	0.00695	0.00439	0.00439	0.00878	0.01317	0.01866	0.80503	0.03475	0.04390	0.00951	0.00549	0.00146	0.00219	0.00841	0.00512	0.00439
23	0.00952	0.02271	0.72012	0.01401	0.02063	0.01092	0.10811	0.01475	0.00996	0.01475	0.00847	0.01014	0.00603	0.00436	0.00455	0.00148	0.00699	0.00368	0.00201	0.00680
24	0.02612	0.00544	0.00514	0.00502	0.00629	0.03963	0.00382	0.01183	0.03044	0.03504	0.01506	0.01756	0.01193	0.00558	0.00343	0.00114	0.00259	0.02239	0.74699	0.00455
25	0.01218	0.77230	0.08914	0.00840	0.01261	0.01778	0.00872	0.01400	0.00948	0.01126	0.00662	0.00766	0.00596	0.00402	0.00310	0.00103	0.00513	0.00257	0.00199	0.00604
26	0.02087	0.00792	0.01080	0.00828	0.01188	0.00684	0.00684	0.02267	0.01332	0.81071	0.01835	0.01583	0.01152	0.00576	0.00468	0.00144	0.00396	0.00468	0.00576	0.00792
27	0.09251	0.01162	0.01230	0.00960	0.01301	0.01276	0.00790	0.61131	0.01909	0.07088	0.01151	0.01165	0.00821	0.00547	0.00437	0.00137	0.00466	0.00408	0.08034	0.00734
28	0.00597	0.00465	0.00542	0.00539	0.00661	0.00410	0.00398	0.00752	0.01146	0.01499	0.35666	0.13518	0.39905	0.01118	0.00555	0.00156	0.00233	0.00965	0.00465	0.00410
29	0.00750	0.00535	0.00750	0.00857	0.00964	0.00535	0.00750	0.00964	0.01071	0.01392	0.02463	0.05248	0.02677	0.01285	0.00643	0.00214	0.00428	0.77617	0.00428	0.00428
30	0.01338	0.59555	0.07388	0.00925	0.01305	0.20365	0.00881	0.01506	0.01034	0.01130	0.00676	0.00783	0.00597	0.00420	0.00336	0.00107	0.00589	0.00267	0.00208	0.00590
31	0.82033	0.00923	0.00725	0.00638	0.00931	0.01067	0.00526	0.05849	0.00872	0.02136	0.00675	0.00777	0.00520	0.00439	0.00298	0.00144	0.00369	0.00262	0.00298	0.00520
32	0.01350	0.03023	0.04078	0.08241	0.13394	0.06110	0.13885	0.24344	0.08998	0.04866	0.01096	0.02422	0.00840	0.00520	0.00509	0.00146	0.03444	0.00451	0.01599	0.00684
33	0.01451	0.01334	0.01228	0.02475	0.02655	0.17454	0.00834	0.25208	0.38259	0.02058	0.01391	0.01353	0.01042	0.00573	0.00460	0.00144	0.00513	0.00445	0.00415	0.00709
34	0.03290	0.00462	0.00587	0.00677	0.00730	0.00453	0.00471	0.00794	0.05448	0.01272	0.02460	0.71310	0.02877	0.01368	0.00580	0.00187	0.00288	0.05911	0.00430	0.00406
35	0.01140	0.01168	0.01634	0.06209	0.03602	0.13365	0.22943	0.03913	0.03111	0.03771	0.01104	0.12080	0.01032	0.02290	0.00790	0.00171	0.20281	0.00563	0.00278	0.00555
36	0.00696	0.00487	0.00644	0.00616	0.00652	0.00501	0.03106	0.00738	0.00719	0.00980	0.03425	0.02649	0.01568	0.57349	0.18779	0.05252	0.00620	0.00624	0.00275	0.00321
37	0.86937	0.00900	0.00684	0.00612	0.00900	0.01044	0.00504	0.01368	0.00792	0.02087	0.00648	0.00756	0.00504	0.00432	0.00288	0.00144	0.00360	0.00252	0.00288	0.00504
38	0.23095	0.00849	0.01001	0.00789	0.01132	0.00819	0.00651	0.06668	0.01249	0.56801	0.01498	0.01350	0.00969	0.00539	0.00423	0.00144	0.00394	0.00411	0.00498	0.00720
39	0.00769	0.00452	0.00512	0.00497	0.00608	0.00434	0.00373	0.00982	0.01118	0.01767	0.33745	0.02559	0.05901	0.00736	0.00426	0.00126	0.00219	0.00623	0.47721	0.00434
40	0.62728	0.00923	0.00788	0.00704	0.00987	0.01065	0.00568	0.01675	0.21371	0.03828	0.00998	0.01029	0.00757	0.00487	0.00340	0.00148	0.00363	0.00328	0.00343	0.00571
41	0.04525	0.01086	0.01093	0.00884	0.01204	0.17128	0.00710	0.05562	0.01331	0.54384	0.01522	0.01395	0.01006	0.00549	0.00444	0.00137	0.00479	0.00423	0.05426	0.00711
42	0.00672	0.00475	0.00614	0.00588	0.00699	0.00435	0.00438	0.00871	0.01261	0.03385	0.66610	0.10856	0.09335	0.01005	0.00551	0.00151	0.00229	0.00887	0.00501	0.00437
43	0.03782	0.01129	0.01420	0.01224	0.09230	0.01165	0.08253	0.38517	0.08400	0.02234	0.01109	0.03078	0.00858	0.00511	0.00448	0.00130	0.00487	0.00429	0.00379	0.17215
44	0.34130	0.08646	0.01309	0.03940	0.13577	0.14783	0.04757	0.04265	0.06367	0.01704	0.00831	0.00967	0.00662	0.00453	0.00376	0.00136	0.00517	0.00333	0.01662	0.00586
45	0.00626	0.00473	0.00578	0.00555	0.00676	0.00425	0.00415	0.00813	0.01235	0.01679	0.57401	0.05721	0.25648	0.01027	0.00550	0.00150	0.00225	0.00892	0.00488	0.00425
46	0.01062	0.00987	0.01701	0.09169	0.57759	0.00998	0.05660	0.01296	0.01010	0.01423	0.02887	0.04132	0.00904	0.00576	0.00596	0.07954	0.00540	0.00463	0.00240	0.00644
47	0.01738	0.02217	0.01318	0.01199	0.01438	0.81783	0.00899	0.01858	0.01318	0.01139	0.00719	0.00839	0.00599	0.00479	0.00419	0.00120	0.00839	0.00300	0.00240	0.00539
48	0.00965	0.00827	0.00965	0.00689	0.01102	0.00620	0.00551	0.01171	0.00965	0.01516	0.00827	0.00965	0.00689	0.00345	0.00345	0.00069	0.00345	0.00276	0.00276	0.86494
49	0.00583	0.00473	0.00517	0.00506	0.00649	0.00407	0.00380	0.00732	0.01139	0.01443	0.27903	0.04171	0.57254	0.01109	0.00549	0.00154	0.00231	0.00939	0.00457	0.00407
50	0.01110	0.01041	0.09706	0.05611	0.05600	0.00930	0.12211	0.12377	0.12394	0.07301	0.02553	0.17792	0.01407	0.02762	0.00543	0.00163	0.00481	0.00641	0.04767	0.00613
51	0.00585	0.00418	0.00555	0.00644	0.00683	0.00391	0.00440	0.00684	0.00940	0.01264	0.11261	0.70495	0.03185	0.02960	0.00624	0.00190	0.00273	0.03588	0.00438	0.00384
52	0.02087	0.00792	0.01080	0.00828	0.01188	0.00684	0.00684	0.02267	0.01332	0.81071	0.01835	0.01583	0.01152	0.00576	0.00468	0.00144	0.00396	0.00468	0.00576	0.00792
53	0.00956	0.00900	0.01513	0.31942	0.29356	0.01019	0.04292	0.01218	0.00934	0.01291	0.00901	0.01291	0.00754	0.00976	0.14116	0.00252	0.07053	0.00433	0.00223	0.00580
54	0.01146	0.06795	0.04873	0.22741	0.06369	0.10178	0.05163	0.03755	0.02818	0.07432	0.01145	0.04236	0.02852	0.02150	0.00620	0.00157	0.10273	0.03032	0.03698	0.00566
55	0.00561	0.00428	0.00516	0.00588	0.00659	0.00383	0.00405	0.00655	0.00949	0.01211	0.03298	0.56413	0.29537	0.01362	0.00579	0.00178	0.00258	0.01206	0.00432	0.00383
56	0.00867	0.00434	0.00434	0.00434	0.00542	0.00434	0.00325	0.01084	0.00976	0.01734	0.01518	0.01734	0.01192	0.00542	0.00325	0.00108	0.00217	0.00434	0.86233	0.00434
57	0.00974	0.18249	0.24584	0.01202	0.08475	0.01050	0.09324	0.01276	0.01028	0.03191	0.07143	0.08348	0.06487	0.00639	0.00460	0.00144	0.00520	0.04160	0.02157	0.00589
58	0.06961	0.03739	0.06421	0.10649	0.29531	0.06105	0.11298	0.04128	0.01051	0.04157	0.00929	0.02711	0.00770	0.01990	0.03794	0.00175	0.04276	0.00431	0.00254	0.00630
59	0.01090	0.01240	0.02698	0.04774	0.02458	0.01171	0.76344	0.01480	0.01092	0.01480	0.00937	0.01254	0.00703	0.00395	0.00546	0.00157	0.00779	0.00544	0.00234	0.00624
60	0.03557	0.02564	0.02502	0.02701	0.04107	0.01184	0.02843	0.43183	0.12531	0.04391	0.03358	0.04954	0.01096	0.00598	0.00456	0.00142	0.00454	0.00482	0.08197	0.00700

[dist]
# distance from previous block
# <min> <max>
1	2

[block]
# block no. 4 follows, 55 sequences, length 30
# corresponding to MSA columns:
# 174-183,190-209
name=unknown_E
#
# <colnr> <probs for GDERKNQSTAVLIFYWHMCP>
#	G	D	E	R	K	N	Q	S	T	A	V	L	I	F	Y	W	H	M	C	P
0	0.01025	0.02359	0.06467	0.10618	0.13470	0.06127	0.00901	0.04975	0.09071	0.03206	0.03661	0.15775	0.01419	0.00704	0.00478	0.00145	0.00466	0.05822	0.00332	0.12980
1	0.00661	0.00610	0.04397	0.00779	0.00901	0.00518	0.08678	0.00813	0.02368	0.01220	0.02470	0.48517	0.13394	0.11454	0.00794	0.00211	0.00362	0.01055	0.00383	0.00415
2	0.06392	0.01012	0.01105	0.00876	0.01196	0.03691	0.00708	0.28303	0.05148	0.15372	0.01245	0.05454	0.00966	0.00566	0.00472	0.00130	0.03774	0.00435	0.04273	0.18882
3	0.04612	0.00565	0.00728	0.00752	0.00821	0.00621	0.00574	0.03258	0.00905	0.01290	0.01881	0.30374	0.02089	0.11150	0.10307	0.00285	0.09421	0.16533	0.03419	0.00416
4	0.73957	0.03655	0.10408	0.00703	0.01043	0.01073	0.00659	0.01381	0.00819	0.01983	0.00670	0.00783	0.00517	0.00432	0.00307	0.00143	0.00403	0.00263	0.00274	0.00529
5	0.00789	0.00706	0.01151	0.59100	0.02480	0.00846	0.01046	0.01034	0.00919	0.01188	0.01324	0.24736	0.01323	0.00749	0.00502	0.00165	0.00520	0.00674	0.00271	0.00477
6	0.00590	0.00471	0.00529	0.00526	0.00661	0.00410	0.00395	0.00740	0.01131	0.01444	0.27770	0.08189	0.51033	0.01126	0.00554	0.00157	0.00238	0.03172	0.00456	0.00407
7	0.00999	0.00844	0.01064	0.06332	0.01291	0.00693	0.02892	0.01214	0.00969	0.03932	0.00854	0.01013	0.00697	0.00377	0.00401	0.00084	0.03099	0.00303	0.00277	0.72665
8	0.00965	0.00827	0.00965	0.00689	0.01102	0.00620	0.00551	0.01171	0.00965	0.01516	0.00827	0.00965	0.00689	0.00345	0.00345	0.00069	0.00345	0.00276	0.00276	0.86494
9	0.01217	0.00852	0.00944	0.00828	0.01057	0.00916	0.00682	0.33542	0.05956	0.02143	0.01726	0.02420	0.04618	0.00755	0.00476	0.00151	0.00399	0.18701	0.22020	0.00596
10	0.00608	0.00447	0.00538	0.00574	0.00643	0.00413	0.00395	0.00708	0.00963	0.01262	0.15532	0.31501	0.21562	0.18593	0.00951	0.00230	0.00298	0.03995	0.00413	0.00373
11	0.00593	0.00424	0.00569	0.00668	0.00709	0.00399	0.00468	0.00698	0.00937	0.01253	0.07379	0.69566	0.03113	0.01407	0.00597	0.00189	0.00285	0.09924	0.00436	0.00387
12	0.01054	0.00661	0.00817	0.00709	0.00901	0.00649	0.00553	0.09106	0.08979	0.15105	0.51942	0.02758	0.03206	0.00819	0.00520	0.00146	0.00292	0.00707	0.00514	0.00561
13	0.80592	0.00912	0.00726	0.00638	0.00932	0.01048	0.00525	0.04564	0.00867	0.04803	0.00707	0.00799	0.00538	0.00442	0.00301	0.00144	0.00367	0.00266	0.00305	0.00525
14	0.01330	0.13305	0.05255	0.02888	0.09629	0.10843	0.08829	0.15119	0.04301	0.06567	0.01070	0.01185	0.03032	0.00544	0.01870	0.00140	0.03390	0.00398	0.00307	0.09997
15	0.83623	0.00915	0.00711	0.00630	0.00921	0.01059	0.00519	0.04396	0.00846	0.02120	0.00666	0.00770	0.00515	0.00437	0.00295	0.00144	0.00366	0.00258	0.00295	0.00515
16	0.07614	0.00799	0.01054	0.00814	0.01169	0.00707	0.00672	0.02209	0.01296	0.75926	0.01758	0.01530	0.01109	0.00566	0.00456	0.00144	0.00394	0.00454	0.00557	0.00773
17	0.00990	0.01043	0.10844	0.12594	0.04376	0.00986	0.06783	0.14332	0.01122	0.01540	0.01407	0.20902	0.03742	0.00901	0.03858	0.00190	0.12865	0.00653	0.00314	0.00558
18	0.01172	0.05949	0.08892	0.07954	0.12620	0.02565	0.10990	0.05052	0.06049	0.12700	0.06561	0.06204	0.05843	0.00620	0.00534	0.00150	0.04638	0.00540	0.00339	0.00627
19	0.00778	0.00533	0.00755	0.00726	0.00751	0.00615	0.00531	0.00753	0.00687	0.00959	0.01124	0.04460	0.03307	0.11195	0.20655	0.37173	0.13935	0.00505	0.00237	0.00322
20	0.02087	0.00792	0.01080	0.00828	0.01188	0.00684	0.00684	0.02267	0.01332	0.81071	0.01835	0.01583	0.01152	0.00576	0.00468	0.00144	0.00396	0.00468	0.00576	0.00792
21	0.01203	0.04373	0.18031	0.14562	0.27302	0.02790	0.05992	0.04703	0.02275	0.10455	0.00977	0.01168	0.00734	0.00467	0.00488	0.00145	0.02978	0.00407	0.00270	0.00678
22	0.01074	0.01911	0.46053	0.10818	0.07394	0.07869	0.08102	0.05467	0.04183	0.01510	0.00892	0.01071	0.00657	0.00455	0.00456	0.00146	0.00670	0.00381	0.00231	0.00661
23	0.01044	0.00778	0.03624	0.00976	0.07049	0.04852	0.00749	0.02847	0.04360	0.13109	0.12354	0.10831	0.02255	0.00952	0.00547	0.00172	0.00413	0.29288	0.03263	0.00536
24	0.67994	0.02980	0.02595	0.00803	0.04595	0.07520	0.00630	0.05502	0.00927	0.01994	0.00692	0.00804	0.00541	0.00441	0.00319	0.00141	0.00425	0.00274	0.00287	0.00538
25	0.00677	0.00458	0.00539	0.00569	0.00675	0.00412	0.00412	0.00806	0.01017	0.04927	0.08796	0.34018	0.30202	0.01168	0.00538	0.00164	0.00258	0.03206	0.10743	0.00414
26	0.01206	0.03637	0.14496	0.01543	0.17112	0.01056	0.16437	0.04476	0.10285	0.10278	0.01094	0.01219	0.00820	0.00465	0.00488	0.00138	0.02894	0.00426	0.00305	0.11625
27	0.00837	0.00698	0.00900	0.00837	0.01020	0.00716	0.06700	0.02600	0.23471	0.01562	0.08023	0.15111	0.18246	0.00987	0.00547	0.00171	0.00360	0.14980	0.01710	0.00523
28	0.00690	0.00483	0.00600	0.00583	0.00700	0.00443	0.00432	0.00889	0.02552	0.04276	0.49803	0.14559	0.17287	0.01029	0.00544	0.00153	0.00238	0.00901	0.03398	0.00439
29	0.01129	0.16878	0.14011	0.00987	0.04983	0.03724	0.00877	0.07454	0.06121	0.04182	0.01050	0.07517	0.00912	0.00518	0.00426	0.00118	0.02233	0.00408	0.00294	0.26178

[dist]
# distance from previous block
# <min> <max>
2	3

[block]
# block no. 5 follows, 55 sequences, length 7
# corresponding to MSA columns:
# 213-219
name=unknown_F
#
# <colnr> <probs for GDERKNQSTAVLIFYWHMCP>
#	G	D	E	R	K	N	Q	S	T	A	V	L	I	F	Y	W	H	M	C	P
0	0.02644	0.10726	0.06200	0.03658	0.09281	0.04820	0.19575	0.05279	0.01108	0.13615	0.02856	0.02770	0.00928	0.00805	0.08745	0.00204	0.03867	0.00458	0.01837	0.00624
1	0.00609	0.00440	0.00585	0.00686	0.00740	0.00416	0.00502	0.00724	0.00944	0.01240	0.02670	0.60128	0.07678	0.01400	0.00603	0.00193	0.00305	0.19316	0.00431	0.00391
2	0.00583	0.00478	0.00517	0.00523	0.00670	0.00413	0.00403	0.00722	0.01091	0.01341	0.13215	0.04440	0.63895	0.01163	0.00559	0.00162	0.00253	0.08731	0.00441	0.00402
3	0.01621	0.01197	0.01278	0.01006	0.01344	0.01328	0.00822	0.63393	0.12001	0.02714	0.01247	0.01243	0.00902	0.00566	0.00456	0.00140	0.00471	0.00434	0.07081	0.00757
4	0.01294	0.03732	0.13892	0.01159	0.06987	0.00946	0.08834	0.11992	0.04997	0.17657	0.07891	0.01650	0.02765	0.00568	0.00468	0.00139	0.00487	0.03867	0.00378	0.10295
5	0.01225	0.01206	0.09350	0.16191	0.40189	0.04232	0.01272	0.09332	0.01175	0.07714	0.01053	0.01253	0.02777	0.00475	0.00461	0.00142	0.00564	0.00422	0.00279	0.00687
6	0.02054	0.01072	0.01427	0.01105	0.01486	0.01004	0.08423	0.20117	0.01603	0.53328	0.01722	0.01656	0.01169	0.00660	0.00545	0.00174	0.00518	0.00516	0.00565	0.00855

[dist]
# distance from previous block
# <min> <max>
0	4

[block]
# block no. 6 follows, 55 sequences, length 12
# corresponding to MSA columns:
# 224-235
name=unknown_G
#
# <colnr> <probs for GDERKNQSTAVLIFYWHMCP>
#	G	D	E	R	K	N	Q	S	T	A	V	L	I	F	Y	W	H	M	C	P
0	0.00965	0.00921	0.07561	0.12791	0.14401	0.00834	0.10755	0.03635	0.03745	0.06201	0.01454	0.21407	0.01432	0.09451	0.02178	0.00201	0.00518	0.00683	0.00316	0.00553
1	0.01085	0.01048	0.01528	0.24992	0.40445	0.07671	0.01200	0.03794	0.01042	0.01376	0.00953	0.03486	0.00841	0.07857	0.00631	0.00171	0.00578	0.00452	0.00242	0.00610
2	0.05907	0.01032	0.01462	0.10939	0.04338	0.07799	0.21576	0.06694	0.10424	0.01573	0.04094	0.04349	0.10130	0.03273	0.00551	0.00161	0.00541	0.01972	0.02618	0.00567
3	0.00683	0.00506	0.00706	0.00711	0.00772	0.00567	0.00533	0.00810	0.00782	0.01097	0.03869	0.06998	0.01589	0.20987	0.47016	0.00565	0.04261	0.06870	0.00288	0.00389
4	0.01293	0.08629	0.01499	0.10091	0.22184	0.21491	0.01022	0.01518	0.03495	0.07425	0.03717	0.03805	0.00928	0.00605	0.02135	0.00153	0.08708	0.00423	0.00275	0.00605
5	0.01001	0.00962	0.01476	0.07916	0.26419	0.01180	0.01108	0.01179	0.00849	0.01251	0.00844	0.04523	0.00799	0.00912	0.07810	0.00224	0.40299	0.00455	0.00225	0.00568
6	0.00772	0.00553	0.00762	0.00737	0.00845	0.00631	0.00576	0.06876	0.00884	0.01296	0.01267	0.01763	0.01138	0.02931	0.66365	0.00629	0.01074	0.00485	0.09971	0.00446
7	0.01276	0.01165	0.01880	0.14297	0.59857	0.01162	0.03981	0.01487	0.01160	0.01640	0.01175	0.06258	0.01050	0.00620	0.00560	0.00182	0.00620	0.00538	0.00310	0.00781
8	0.09519	0.05958	0.01579	0.24666	0.17579	0.05801	0.01128	0.15607	0.01364	0.09803	0.01163	0.01415	0.00911	0.00613	0.00524	0.00179	0.00610	0.00456	0.00376	0.00749
9	0.01196	0.01097	0.01608	0.13135	0.35104	0.05464	0.07106	0.01374	0.01167	0.01570	0.01656	0.12544	0.06054	0.00819	0.00593	0.00193	0.00595	0.07675	0.00355	0.00693
10	0.00819	0.00614	0.00723	0.00733	0.00847	0.00552	0.00522	0.00905	0.01189	0.01603	0.26987	0.25603	0.25621	0.01537	0.09015	0.00261	0.00420	0.01030	0.00503	0.00516
11	0.04425	0.11415	0.28783	0.01310	0.09951	0.10502	0.05567	0.05610	0.02667	0.04619	0.01066	0.07476	0.00921	0.00557	0.00446	0.00143	0.00593	0.03045	0.00272	0.00632

[dist]
# distance from previous block
# <min> <max>
0	137

[block]
# block no. 7 follows, 55 sequences, length 37
# corresponding to MSA columns:
# 374-410
name=unknown_H
#
# <colnr> <probs for GDERKNQSTAVLIFYWHMCP>
#	G	D	E	R	K	N	Q	S	T	A	V	L	I	F	Y	W	H	M	C	P
0	0.02981	0.05231	0.05470	0.08569	0.10452	0.01159	0.07600	0.29597	0.04917	0.08635	0.05510	0.01417	0.03701	0.00547	0.00465	0.00142	0.00510	0.00462	0.00374	0.02262
1	0.01031	0.00846	0.01229	0.29858	0.10874	0.00853	0.00937	0.02574	0.00998	0.07302	0.01004	0.05845	0.00840	0.00495	0.00466	0.00125	0.03273	0.00421	0.00278	0.30748
2	0.00628	0.00448	0.00609	0.00711	0.00766	0.00430	0.00532	0.00755	0.00963	0.01277	0.05420	0.55884	0.03000	0.01385	0.00607	0.00195	0.00318	0.25242	0.00434	0.00396
3	0.01244	0.83930	0.02438	0.00796	0.01194	0.01841	0.00796	0.01393	0.00945	0.01095	0.00647	0.00746	0.00597	0.00398	0.00299	0.00100	0.00498	0.00249	0.00199	0.00597
4	0.01157	0.00999	0.01052	0.00947	0.01210	0.01157	0.00736	0.02472	0.79908	0.01946	0.01893	0.01736	0.01420	0.00631	0.00473	0.00158	0.00368	0.00526	0.00473	0.00736
5	0.00658	0.00476	0.00622	0.00585	0.00695	0.00439	0.00439	0.00878	0.01317	0.01866	0.80503	0.03475	0.04390	0.00951	0.00549	0.00146	0.00219	0.00841	0.00512	0.00439
6	0.86937	0.00900	0.00684	0.00612	0.00900	0.01044	0.00504	0.01368	0.00792	0.02087	0.00648	0.00756	0.00504	0.00432	0.00288	0.00144	0.00360	0.00252	0.00288	0.00504
7	0.01946	0.00781	0.01049	0.00814	0.01152	0.00688	0.00669	0.04876	0.01361	0.71093	0.08960	0.01739	0.01433	0.00609	0.00475	0.00144	0.00384	0.00500	0.00566	0.00760
8	0.00621	0.00472	0.00571	0.00550	0.00673	0.00423	0.00411	0.00804	0.01224	0.01653	0.54153	0.05700	0.28976	0.01037	0.00550	0.00151	0.00226	0.00898	0.00484	0.00423
9	0.00972	0.00479	0.00506	0.00480	0.00613	0.00472	0.00366	0.02672	0.01035	0.07821	0.03635	0.01757	0.01267	0.00556	0.00345	0.00113	0.00236	0.00447	0.75760	0.00468
10	0.00637	0.00475	0.00594	0.00574	0.00691	0.00431	0.00433	0.00832	0.01244	0.01706	0.60211	0.06086	0.19594	0.01023	0.00554	0.00152	0.00232	0.03614	0.00491	0.00427
11	0.01232	0.80905	0.05362	0.00816	0.01224	0.01813	0.00830	0.01396	0.00947	0.01109	0.00654	0.00755	0.00597	0.00400	0.00304	0.00101	0.00505	0.00252	0.00199	0.00600
12	0.06539	0.09417	0.04904	0.02791	0.16464	0.06536	0.02058	0.18759	0.01335	0.16237	0.02366	0.07064	0.02359	0.00576	0.00447	0.00140	0.00498	0.00470	0.00366	0.00674
13	0.01269	0.12676	0.13202	0.02403	0.02747	0.12520	0.03867	0.13030	0.11625	0.06209	0.01244	0.06155	0.02213	0.01942	0.05401	0.00180	0.00590	0.00461	0.01637	0.00629
14	0.86937	0.00900	0.00684	0.00612	0.00900	0.01044	0.00504	0.01368	0.00792	0.02087	0.00648	0.00756	0.00504	0.00432	0.00288	0.00144	0.00360	0.00252	0.00288	0.00504
15	0.01339	0.02920	0.01257	0.04121	0.03660	0.39289	0.00871	0.03270	0.06996	0.01324	0.07838	0.01335	0.03619	0.00624	0.00671	0.00145	0.17880	0.00420	0.01879	0.00544
16	0.00724	0.00558	0.00653	0.00617	0.00763	0.00535	0.00470	0.05259	0.07215	0.01708	0.42224	0.07621	0.25779	0.01006	0.00544	0.00154	0.00260	0.02969	0.00477	0.00464
17	0.01984	0.00802	0.01071	0.00827	0.01173	0.00713	0.00681	0.06613	0.01380	0.71888	0.06447	0.01668	0.01322	0.00597	0.00472	0.00144	0.00392	0.00487	0.00566	0.00771
18	0.03767	0.00976	0.01184	0.00910	0.01272	0.00962	0.00751	0.29682	0.01625	0.51536	0.01554	0.01400	0.01009	0.00567	0.00463	0.00142	0.00436	0.00446	0.00530	0.00785
19	0.39950	0.00892	0.00914	0.00748	0.01065	0.00937	0.00615	0.10743	0.03336	0.31553	0.01210	0.01169	0.00829	0.00510	0.00382	0.00143	0.00386	0.00366	0.03605	0.00648
20	0.01085	0.00546	0.00588	0.00532	0.00691	0.00544	0.00413	0.07485	0.01115	0.11273	0.01523	0.01667	0.01155	0.00547	0.00353	0.00115	0.00262	0.00436	0.69164	0.00505
21	0.01768	0.01303	0.01396	0.01070	0.01443	0.01443	0.00884	0.79197	0.02187	0.02932	0.01117	0.01117	0.00791	0.00558	0.00465	0.00140	0.00512	0.00419	0.00465	0.00791
22	0.01768	0.01303	0.01396	0.01070	0.01443	0.01443	0.00884	0.79197	0.02187	0.02932	0.01117	0.01117	0.00791	0.00558	0.00465	0.00140	0.00512	0.00419	0.00465	0.00791
23	0.86937	0.00900	0.00684	0.00612	0.00900	0.01044	0.00504	0.01368	0.00792	0.02087	0.00648	0.00756	0.00504	0.00432	0.00288	0.00144	0.00360	0.00252	0.00288	0.00504
24	0.86937	0.00900	0.00684	0.00612	0.00900	0.01044	0.00504	0.01368	0.00792	0.02087	0.00648	0.00756	0.00504	0.00432	0.00288	0.00144	0.00360	0.00252	0.00288	0.00504
25	0.00574	0.00452	0.00518	0.00543	0.00654	0.00396	0.00392	0.00698	0.01054	0.01342	0.17189	0.27694	0.44402	0.01222	0.00563	0.00165	0.00243	0.01059	0.00446	0.00396
26	0.00816	0.00581	0.00662	0.00629	0.00792	0.00545	0.00480	0.10148	0.01207	0.06571	0.12070	0.19413	0.38831	0.01101	0.00547	0.00162	0.00292	0.04230	0.00454	0.00469
27	0.00575	0.00410	0.00549	0.00657	0.00687	0.00385	0.00446	0.00661	0.00898	0.01196	0.02560	0.79984	0.03060	0.01450	0.00596	0.00190	0.00277	0.04607	0.00432	0.00380
28	0.01151	0.01105	0.01888	0.02855	0.80748	0.01105	0.01428	0.01428	0.01059	0.01520	0.00875	0.01151	0.00737	0.00415	0.00461	0.00138	0.00553	0.00415	0.00230	0.00737
29	0.00851	0.00732	0.01048	0.12638	0.05952	0.00865	0.00803	0.02505	0.03635	0.01343	0.12369	0.06833	0.01550	0.03735	0.17540	0.00294	0.19279	0.02606	0.01874	0.03547
30	0.01121	0.01115	0.10640	0.03923	0.03027	0.00864	0.00802	0.16689	0.01210	0.01780	0.00886	0.01011	0.00696	0.00405	0.00387	0.00097	0.00433	0.00320	0.00300	0.54293
31	0.86937	0.00900	0.00684	0.00612	0.00900	0.01044	0.00504	0.01368	0.00792	0.02087	0.00648	0.00756	0.00504	0.00432	0.00288	0.00144	0.00360	0.00252	0.00288	0.00504
32	0.00879	0.00827	0.01395	0.82532	0.03204	0.01034	0.01292	0.01189	0.00930	0.01189	0.00827	0.01240	0.00620	0.00465	0.00465	0.00155	0.00620	0.00413	0.00207	0.00517
33	0.00647	0.00473	0.00608	0.00579	0.00689	0.00434	0.00433	0.00855	0.01284	0.01798	0.72362	0.06265	0.09862	0.00985	0.00550	0.00149	0.00222	0.00868	0.00504	0.00434
34	0.86937	0.00900	0.00684	0.00612	0.00900	0.01044	0.00504	0.01368	0.00792	0.02087	0.00648	0.00756	0.00504	0.00432	0.00288	0.00144	0.00360	0.00252	0.00288	0.00504
35	0.01098	0.01255	0.02745	0.01961	0.02431	0.01176	0.79059	0.01490	0.01098	0.01490	0.00941	0.01255	0.00706	0.00392	0.00549	0.00157	0.00784	0.00549	0.00235	0.00627
36	0.04499	0.00795	0.01068	0.00822	0.01179	0.00694	0.00679	0.02242	0.01316	0.78826	0.01802	0.01560	0.01133	0.00572	0.00463	0.00144	0.00395	0.00462	0.00568	0.00784

[dist]
# distance from previous block
# <min> <max>
0	2

[block]
# block no. 8 follows, 55 sequences, length 12
# corresponding to MSA columns:
# 413-424
name=unknown_I
#
# <colnr> <probs for GDERKNQSTAVLIFYWHMCP>
#	G	D	E	R	K	N	Q	S	T	A	V	L	I	F	Y	W	H	M	C	P
0	0.29677	0.00806	0.00914	0.00735	0.01057	0.00787	0.00605	0.01906	0.01135	0.50784	0.01430	0.01322	0.00943	0.00527	0.00401	0.00142	0.00374	0.00395	0.05383	0.00677
1	0.00853	0.00648	0.00739	0.00702	0.00864	0.00661	0.00543	0.10186	0.13800	0.01725	0.19444	0.14526	0.18850	0.00982	0.00529	0.00160	0.00308	0.08348	0.05624	0.00508
2	0.00735	0.00496	0.00711	0.05340	0.00856	0.00534	0.00515	0.00774	0.00714	0.00995	0.01112	0.01847	0.01098	0.16784	0.35673	0.25945	0.00779	0.00487	0.00240	0.04367
3	0.76253	0.00886	0.00734	0.00639	0.00936	0.00998	0.00526	0.01481	0.00860	0.12033	0.00797	0.00860	0.00585	0.00450	0.00311	0.00144	0.00364	0.00279	0.00324	0.00540
4	0.06225	0.00817	0.00902	0.00738	0.00991	0.00845	0.00591	0.26143	0.01416	0.19915	0.01411	0.01511	0.01041	0.04442	0.00495	0.00144	0.00370	0.00438	0.30941	0.00624
5	0.86937	0.00900	0.00684	0.00612	0.00900	0.01044	0.00504	0.01368	0.00792	0.02087	0.00648	0.00756	0.00504	0.00432	0.00288	0.00144	0.00360	0.00252	0.00288	0.00504
6	0.00962	0.00594	0.00666	0.00608	0.00770	0.00603	0.00468	0.05171	0.12440	0.06950	0.23920	0.02277	0.04797	0.00695	0.00433	0.00132	0.00266	0.00582	0.37149	0.00518
7	0.00808	0.00404	0.00606	0.00606	0.00606	0.00404	0.00404	0.00606	0.00606	0.00808	0.00808	0.01414	0.00808	0.01616	0.01818	0.86465	0.00404	0.00404	0.00202	0.00202
8	0.02061	0.00835	0.01106	0.00848	0.01209	0.00747	0.00701	0.08709	0.01403	0.74528	0.01775	0.01544	0.01121	0.00574	0.00468	0.00144	0.00406	0.00464	0.00567	0.00792
9	0.01044	0.14486	0.05450	0.01128	0.03686	0.01059	0.19470	0.06518	0.09251	0.01594	0.08569	0.05060	0.01328	0.00714	0.04124	0.00168	0.02152	0.02051	0.11567	0.00581
10	0.01369	0.14282	0.01600	0.01555	0.25262	0.16584	0.01012	0.15452	0.03238	0.03942	0.01092	0.01530	0.00955	0.00562	0.00450	0.00138	0.00568	0.09447	0.00309	0.00652
11	0.18551	0.18534	0.01198	0.00750	0.01021	0.01085	0.00621	0.12672	0.07045	0.11131	0.04774	0.03757	0.04277	0.10229	0.00653	0.01894	0.00414	0.00458	0.00360	0.00574

[dist]
# distance from previous block
# <min> <max>
1	6

[block]
# block no. 9 follows, 55 sequences, length 28
# corresponding to MSA columns:
# 431-458
name=unknown_J
#
# <colnr> <probs for GDERKNQSTAVLIFYWHMCP>
#	G	D	E	R	K	N	Q	S	T	A	V	L	I	F	Y	W	H	M	C	P
0	0.01040	0.05925	0.01123	0.02984	0.02802	0.09276	0.03420	0.09474	0.04386	0.01493	0.03707	0.08075	0.03569	0.01191	0.15772	0.00248	0.02386	0.04938	0.01525	0.16666
1	0.10203	0.01146	0.01223	0.00961	0.01304	0.01253	0.00789	0.53766	0.07630	0.11590	0.01226	0.01206	0.00867	0.00552	0.00443	0.00141	0.00461	0.00416	0.04080	0.00743
2	0.00745	0.00527	0.00641	0.00593	0.00745	0.00477	0.00449	0.00977	0.04536	0.06238	0.47520	0.06215	0.22947	0.00964	0.00534	0.00147	0.00247	0.00834	0.00481	0.04182
3	0.25227	0.00838	0.00982	0.00777	0.01118	0.00807	0.00641	0.04577	0.01213	0.56926	0.01487	0.01342	0.00963	0.00536	0.00419	0.00144	0.00390	0.00407	0.00494	0.00713
4	0.01208	0.00830	0.00956	0.00821	0.01061	0.00878	0.00646	0.12666	0.30130	0.13793	0.28989	0.02228	0.02320	0.00723	0.00498	0.00149	0.00341	0.00611	0.00501	0.00649
5	0.01305	0.00864	0.00915	0.00753	0.00992	0.00932	0.00605	0.39617	0.01585	0.02330	0.04069	0.01490	0.01106	0.00564	0.00402	0.00125	0.00363	0.00441	0.40933	0.00610
6	0.01163	0.00990	0.01042	0.00928	0.01192	0.01133	0.00725	0.07401	0.70396	0.01972	0.02000	0.01849	0.05812	0.00657	0.00477	0.00157	0.00370	0.00544	0.00471	0.00721
7	0.01499	0.01169	0.01245	0.01016	0.01340	0.01317	0.00819	0.45433	0.36389	0.02498	0.01459	0.01389	0.01068	0.00590	0.00469	0.00148	0.00449	0.00466	0.00469	0.00767
8	0.86937	0.00900	0.00684	0.00612	0.00900	0.01044	0.00504	0.01368	0.00792	0.02087	0.00648	0.00756	0.00504	0.00432	0.00288	0.00144	0.00360	0.00252	0.00288	0.00504
9	0.01138	0.00977	0.00758	0.00702	0.00874	0.21843	0.00535	0.03533	0.05522	0.01605	0.01312	0.01538	0.01054	0.00541	0.00371	0.00116	0.00408	0.02357	0.50602	0.04212
10	0.86937	0.00900	0.00684	0.00612	0.00900	0.01044	0.00504	0.01368	0.00792	0.02087	0.00648	0.00756	0.00504	0.00432	0.00288	0.00144	0.00360	0.00252	0.00288	0.00504
11	0.00933	0.02406	0.81240	0.01326	0.02014	0.01080	0.01719	0.01473	0.00982	0.01473	0.00835	0.00982	0.00589	0.00442	0.00442	0.00147	0.00688	0.00344	0.00196	0.00688
12	0.00892	0.05464	0.01270	0.01041	0.01118	0.01098	0.04391	0.01036	0.00757	0.01119	0.00883	0.01338	0.00836	0.01845	0.33640	0.00414	0.41710	0.00441	0.00223	0.00482
13	0.00565	0.00410	0.00534	0.00634	0.00671	0.00379	0.00426	0.00649	0.00904	0.01193	0.02735	0.77090	0.09224	0.01435	0.00590	0.00186	0.00267	0.01296	0.00432	0.00379
14	0.00631	0.00499	0.00578	0.00592	0.00730	0.00452	0.00468	0.00820	0.03022	0.01427	0.19528	0.04379	0.45892	0.01143	0.00568	0.00168	0.00278	0.17958	0.00448	0.00418
15	0.01003	0.00974	0.01714	0.44701	0.32170	0.01075	0.09055	0.01308	0.00995	0.01343	0.00856	0.01208	0.00672	0.00439	0.00472	0.00149	0.00611	0.00427	0.00218	0.00610
16	0.01157	0.00999	0.01052	0.00947	0.01210	0.01157	0.00736	0.02472	0.79908	0.01946	0.01893	0.01736	0.01420	0.00631	0.00473	0.00158	0.00368	0.00526	0.00473	0.00736
17	0.00980	0.00852	0.02461	0.01032	0.01247	0.00864	0.16241	0.11365	0.14053	0.01611	0.01702	0.22282	0.01683	0.08969	0.00738	0.00195	0.02744	0.06347	0.04091	0.00545
18	0.00573	0.00408	0.00538	0.00640	0.00665	0.00382	0.00423	0.00649	0.00878	0.01171	0.02501	0.78723	0.02997	0.06190	0.00696	0.00204	0.00280	0.01285	0.00423	0.00372
19	0.01994	0.00823	0.01087	0.00838	0.01188	0.00740	0.00690	0.09068	0.01407	0.70485	0.05360	0.01628	0.01267	0.00591	0.00471	0.00144	0.00398	0.00481	0.00563	0.00776
20	0.01038	0.01004	0.01751	0.34771	0.44063	0.01082	0.06886	0.01336	0.01010	0.01385	0.00860	0.01194	0.00688	0.00433	0.00469	0.00146	0.00596	0.00424	0.00221	0.00641
21	0.01092	0.02042	0.53378	0.01223	0.01765	0.08497	0.01399	0.05288	0.17685	0.01609	0.01060	0.01134	0.00774	0.00491	0.00448	0.00147	0.00626	0.00382	0.00271	0.00689
22	0.00819	0.00580	0.00653	0.00606	0.00782	0.00541	0.00463	0.04114	0.08552	0.08802	0.19690	0.08157	0.42452	0.01016	0.00534	0.00155	0.00272	0.00860	0.00467	0.00486
23	0.05003	0.00765	0.00965	0.00766	0.01069	0.00709	0.00625	0.08590	0.01333	0.54020	0.07670	0.01677	0.01348	0.00593	0.00447	0.00139	0.00366	0.00479	0.12735	0.00703
24	0.02379	0.13991	0.26916	0.11051	0.02696	0.10597	0.01113	0.03313	0.05744	0.02614	0.03786	0.06997	0.02403	0.00569	0.00455	0.00141	0.02073	0.00447	0.02118	0.00596
