[name]
unknown

[dist]
# distance from previous block
# <min> <max>
0	33

[block]
# block no. 0 follows, 53 sequences, length 19
# corresponding to MSA columns:
# 36-54
name=unknown_A
#
# <colnr> <probs for GDERKNQSTAVLIFYWHMCP>
#	G	D	E	R	K	N	Q	S	T	A	V	L	I	F	Y	W	H	M	C	P
0	0.00760	0.00588	0.00801	0.00849	0.00931	0.00639	0.00702	0.00926	0.00988	0.01313	0.02334	0.14009	0.07955	0.05801	0.05285	0.00254	0.11312	0.43729	0.00392	0.00433
1	0.01172	0.01237	0.04190	0.31398	0.26734	0.13498	0.06027	0.01451	0.01082	0.03278	0.02393	0.01220	0.00763	0.00482	0.00509	0.00149	0.03131	0.00423	0.00242	0.00623
2	0.00684	0.00497	0.00603	0.00571	0.00707	0.00443	0.00430	0.00874	0.01268	0.04021	0.53429	0.03846	0.28788	0.01041	0.00562	0.00154	0.00236	0.00900	0.00501	0.00446
3	0.00586	0.00422	0.00556	0.00657	0.00693	0.00392	0.00441	0.00678	0.00942	0.01256	0.06413	0.76560	0.05707	0.01463	0.00606	0.00191	0.00274	0.01324	0.00448	0.00392
4	0.00959	0.02472	0.80726	0.01362	0.02069	0.01110	0.01766	0.01514	0.01009	0.01514	0.00858	0.01009	0.00605	0.00454	0.00454	0.00151	0.00706	0.00353	0.00202	0.00706
5	0.00582	0.00416	0.00555	0.00666	0.00693	0.00388	0.00444	0.00666	0.00915	0.01220	0.02634	0.82891	0.03161	0.01497	0.00610	0.00194	0.00277	0.01359	0.00444	0.00388
6	0.00688	0.00491	0.00661	0.00661	0.00710	0.00539	0.00464	0.00785	0.00736	0.01030	0.01378	0.02420	0.01430	0.38092	0.47123	0.00636	0.00926	0.00591	0.00271	0.00367
7	0.01817	0.01339	0.01434	0.01100	0.01482	0.01482	0.00908	0.78627	0.02247	0.03012	0.01148	0.01148	0.00813	0.00574	0.00478	0.00143	0.00526	0.00430	0.00478	0.00813
8	0.86579	0.00924	0.00702	0.00629	0.00924	0.01072	0.00518	0.01405	0.00813	0.02144	0.00666	0.00776	0.00518	0.00444	0.00296	0.00148	0.00370	0.00259	0.00296	0.00518
9	0.00569	0.00484	0.00490	0.00489	0.00648	0.00405	0.00367	0.00694	0.01100	0.01316	0.07778	0.04560	0.77076	0.01201	0.00565	0.00161	0.00241	0.01003	0.00447	0.00405
10	0.86579	0.00924	0.00702	0.00629	0.00924	0.01072	0.00518	0.01405	0.00813	0.02144	0.00666	0.00776	0.00518	0.00444	0.00296	0.00148	0.00370	0.00259	0.00296	0.00518
11	0.86579	0.00924	0.00702	0.00629	0.00924	0.01072	0.00518	0.01405	0.00813	0.02144	0.00666	0.00776	0.00518	0.00444	0.00296	0.00148	0.00370	0.00259	0.00296	0.00518
12	0.00762	0.00544	0.00761	0.00871	0.00978	0.00543	0.00756	0.00976	0.01092	0.01421	0.02535	0.08685	0.02768	0.01328	0.00658	0.00219	0.00433	0.73789	0.00440	0.00438
13	0.01077	0.01098	0.01459	0.01254	0.01264	0.04871	0.01040	0.01183	0.00759	0.01151	0.00632	0.01038	0.00627	0.00822	0.01520	0.00205	0.78851	0.00414	0.00211	0.00524
14	0.00706	0.00486	0.00672	0.00688	0.00758	0.00533	0.00512	0.00841	0.00809	0.01179	0.01517	0.10731	0.01522	0.12950	0.47831	0.03314	0.00889	0.03472	0.10188	0.00401
15	0.04799	0.00852	0.01118	0.00860	0.01228	0.00767	0.00711	0.07463	0.01410	0.72819	0.01797	0.01567	0.01137	0.00586	0.00475	0.00148	0.00414	0.00470	0.00575	0.00804
16	0.00649	0.00431	0.00549	0.00611	0.00640	0.00411	0.00399	0.00682	0.00841	0.01128	0.02237	0.47901	0.06695	0.19048	0.01157	0.11639	0.00332	0.01041	0.03264	0.00346
17	0.01172	0.01446	0.13596	0.11600	0.35929	0.12126	0.08626	0.01500	0.02504	0.01447	0.00941	0.03767	0.00785	0.00489	0.00497	0.00148	0.02073	0.00444	0.00241	0.00668
18	0.05172	0.05824	0.46382	0.05691	0.06306	0.01054	0.01368	0.03095	0.01045	0.08047	0.03511	0.01222	0.00841	0.00754	0.07489	0.00202	0.00675	0.00394	0.00262	0.00665

[dist]
# distance from previous block
# <min> <max>
0	6

[block]
# block no. 1 follows, 53 sequences, length 44
# corresponding to MSA columns:
# 61-63,65-88,90-106
name=unknown_B
#
# <colnr> <probs for GDERKNQSTAVLIFYWHMCP>
#	G	D	E	R	K	N	Q	S	T	A	V	L	I	F	Y	W	H	M	C	P
0	0.01821	0.01274	0.01387	0.01070	0.01446	0.01394	0.00882	0.67889	0.05573	0.10460	0.01254	0.01222	0.00877	0.00579	0.00479	0.00145	0.00508	0.00440	0.00489	0.00810
1	0.52309	0.01121	0.03520	0.01054	0.08466	0.04827	0.06641	0.10669	0.02276	0.02073	0.00817	0.00947	0.00629	0.00463	0.00369	0.00146	0.00469	0.00332	0.02279	0.00594
2	0.00667	0.00525	0.00691	0.02988	0.06181	0.00489	0.00525	0.00838	0.01146	0.01535	0.32923	0.22444	0.23766	0.01117	0.00568	0.00164	0.00280	0.02252	0.00455	0.00446
3	0.01218	0.09606	0.11507	0.01397	0.17772	0.07052	0.04431	0.04713	0.05191	0.05647	0.00996	0.02651	0.00804	0.00458	0.00425	0.00121	0.00526	0.00383	0.00288	0.24812
4	0.56889	0.00828	0.00766	0.00680	0.00935	0.00924	0.00546	0.01414	0.00882	0.13111	0.01005	0.03413	0.00829	0.05885	0.08449	0.00231	0.01970	0.00375	0.00336	0.00533
5	0.01232	0.10009	0.21489	0.04955	0.17756	0.14350	0.07968	0.03754	0.09521	0.01515	0.00973	0.01132	0.00759	0.00473	0.00452	0.00141	0.00641	0.00396	0.01811	0.00673
6	0.00629	0.00485	0.00559	0.00541	0.00677	0.00428	0.00405	0.00804	0.01216	0.01612	0.41633	0.04013	0.40689	0.01077	0.00558	0.00155	0.00233	0.00922	0.02936	0.00428
7	0.00751	0.00570	0.00785	0.02423	0.09293	0.00536	0.00579	0.00967	0.01267	0.03332	0.55267	0.05600	0.12983	0.00952	0.00555	0.00154	0.00283	0.02744	0.00476	0.00485
8	0.03170	0.00816	0.02552	0.02637	0.01197	0.00736	0.00701	0.03659	0.07950	0.54194	0.05204	0.08089	0.01488	0.00686	0.00489	0.00153	0.00394	0.01794	0.03364	0.00728
9	0.02088	0.00904	0.01166	0.00894	0.01266	0.00838	0.00738	0.15553	0.01520	0.67113	0.01758	0.01544	0.01119	0.00588	0.00480	0.00147	0.00427	0.00472	0.00572	0.00813
10	0.00724	0.00508	0.00617	0.00605	0.00746	0.00455	0.00466	0.00899	0.01203	0.06136	0.34576	0.08574	0.32430	0.01109	0.00572	0.00164	0.00268	0.09014	0.00485	0.00449
11	0.01232	0.71878	0.13716	0.00896	0.01347	0.01779	0.00954	0.01443	0.00977	0.01180	0.00692	0.00801	0.00612	0.00415	0.00328	0.00109	0.00539	0.00270	0.00204	0.00627
12	0.00577	0.00485	0.00500	0.00496	0.00653	0.00408	0.00372	0.00709	0.01117	0.01357	0.12695	0.04492	0.72133	0.01186	0.00565	0.00160	0.00240	0.00994	0.00452	0.00408
13	0.01754	0.02158	0.01365	0.01223	0.01468	0.72221	0.00928	0.07128	0.01388	0.01295	0.00762	0.00890	0.00630	0.00514	0.00485	0.00128	0.04511	0.00321	0.00260	0.00570
14	0.01193	0.01236	0.07317	0.01006	0.01339	0.08882	0.02611	0.02141	0.50142	0.01793	0.01529	0.01483	0.01162	0.00561	0.00457	0.00141	0.00456	0.00459	0.00400	0.15692
15	0.00900	0.00678	0.00812	0.03368	0.00951	0.02530	0.00575	0.05639	0.09952	0.05084	0.48671	0.04908	0.07505	0.00911	0.00606	0.02137	0.03020	0.00756	0.00481	0.00518
16	0.02144	0.00813	0.01109	0.00850	0.01220	0.00702	0.00702	0.02329	0.01368	0.80552	0.01886	0.01627	0.01183	0.00592	0.00481	0.00148	0.00407	0.00481	0.00592	0.00813
17	0.01785	0.02278	0.01354	0.01231	0.01478	0.81284	0.00924	0.01909	0.01354	0.01170	0.00739	0.00862	0.00616	0.00493	0.00431	0.00123	0.00862	0.00308	0.00246	0.00554
18	0.01282	0.12358	0.22799	0.01279	0.10284	0.02462	0.03755	0.08827	0.06856	0.13244	0.03637	0.05391	0.01131	0.00594	0.00469	0.00148	0.00539	0.03913	0.00344	0.00689
19	0.00685	0.00511	0.00639	0.00606	0.00730	0.00477	0.00455	0.00946	0.04828	0.01833	0.66070	0.05553	0.12867	0.01001	0.00562	0.00153	0.00236	0.00878	0.00513	0.00458
20	0.00683	0.00512	0.00768	0.00768	0.00853	0.00597	0.00597	0.00853	0.00768	0.01110	0.01280	0.01878	0.01195	0.03585	0.81308	0.00768	0.01280	0.00512	0.00256	0.00427
21	0.04144	0.01136	0.03422	0.12831	0.38310	0.06848	0.02585	0.01598	0.02921	0.14052	0.01066	0.02471	0.00832	0.00509	0.00531	0.00150	0.05166	0.00438	0.00299	0.00691
22	0.00927	0.00938	0.04737	0.01092	0.01141	0.01166	0.00915	0.01058	0.00758	0.01149	0.00914	0.05179	0.00924	0.06156	0.17574	0.00333	0.53819	0.00494	0.00234	0.00492
23	0.01785	0.02278	0.01354	0.01231	0.01478	0.81284	0.00924	0.01909	0.01354	0.01170	0.00739	0.00862	0.00616	0.00493	0.00431	0.00123	0.00862	0.00308	0.00246	0.00554
24	0.00770	0.00596	0.00636	0.00619	0.00644	0.05033	0.00392	0.00803	0.00757	0.00992	0.03349	0.02800	0.01643	0.65286	0.09766	0.00454	0.04193	0.00648	0.00286	0.00332
25	0.09034	0.00904	0.01077	0.04498	0.02772	0.00775	0.02592	0.06220	0.01059	0.01690	0.00855	0.01005	0.00695	0.00385	0.00370	0.00090	0.00395	0.00307	0.00292	0.64986
26	0.03894	0.26142	0.16986	0.01179	0.04478	0.14937	0.05530	0.12010	0.02338	0.03507	0.00859	0.00973	0.00677	0.00468	0.00425	0.00130	0.01741	0.00344	0.00270	0.03115
27	0.03613	0.02348	0.01033	0.00900	0.01151	0.04629	0.00703	0.05895	0.52146	0.03168	0.14724	0.02041	0.04193	0.00698	0.00490	0.00156	0.00380	0.00578	0.00472	0.00681
28	0.01141	0.01043	0.01251	0.01441	0.22555	0.12546	0.02205	0.01379	0.04637	0.06172	0.06052	0.12512	0.02701	0.03499	0.02938	0.00174	0.05949	0.00579	0.02474	0.08752
29	0.00820	0.00632	0.00676	0.00695	0.00797	0.07201	0.00498	0.02487	0.01114	0.05402	0.19849	0.44164	0.07655	0.01173	0.00560	0.00169	0.00321	0.01035	0.04303	0.00449
30	0.00731	0.00554	0.00707	0.00801	0.04247	0.00552	0.00575	0.00988	0.08434	0.01379	0.02641	0.30672	0.14524	0.04208	0.05289	0.00228	0.00391	0.17736	0.04889	0.00455
31	0.03974	0.01872	0.01483	0.01262	0.01550	0.52480	0.10763	0.07936	0.09769	0.01488	0.00943	0.01052	0.00744	0.00504	0.00452	0.00134	0.00751	0.00376	0.01860	0.00605
32	0.03934	0.01071	0.01392	0.42582	0.11880	0.09170	0.01142	0.11687	0.03120	0.01557	0.00970	0.02714	0.00769	0.00612	0.03140	0.00171	0.00626	0.00432	0.02438	0.00595
33	0.01786	0.02247	0.01357	0.01227	0.01478	0.78651	0.00923	0.04440	0.01384	0.01231	0.00752	0.00871	0.00622	0.00495	0.00433	0.00124	0.00851	0.00312	0.00254	0.00563
34	0.00580	0.00483	0.00507	0.00505	0.00656	0.00409	0.00377	0.00713	0.01118	0.01370	0.14530	0.07056	0.67672	0.01190	0.00566	0.00161	0.00241	0.01002	0.00455	0.00409
35	0.02458	0.04095	0.16234	0.01743	0.03596	0.01142	0.53371	0.01450	0.01079	0.01500	0.01070	0.07982	0.00900	0.00504	0.00534	0.00160	0.00724	0.00575	0.00251	0.00633
36	0.15972	0.01222	0.01315	0.01133	0.06690	0.03944	0.01875	0.48012	0.03329	0.08357	0.01107	0.01144	0.00801	0.00607	0.02242	0.00158	0.00522	0.00407	0.00424	0.00739
37	0.00599	0.00433	0.00555	0.00641	0.00685	0.00403	0.00434	0.00688	0.00935	0.01233	0.05174	0.63746	0.10728	0.07921	0.00750	0.00212	0.00292	0.03752	0.00434	0.00386
38	0.01429	0.06945	0.01375	0.01162	0.07460	0.03640	0.00871	0.29511	0.36929	0.02241	0.02532	0.01437	0.01132	0.00588	0.00469	0.00148	0.00467	0.00470	0.00438	0.00757
39	0.03517	0.00791	0.03844	0.00790	0.02622	0.00663	0.00633	0.05036	0.01238	0.24229	0.21149	0.05135	0.04120	0.02080	0.01614	0.00147	0.00368	0.00572	0.02548	0.18905
40	0.01179	0.14318	0.19239	0.04434	0.22956	0.05758	0.14423	0.04493	0.04580	0.01515	0.00971	0.01161	0.01936	0.00459	0.00459	0.00142	0.00633	0.00415	0.00248	0.00682
41	0.00954	0.06638	0.31682	0.08851	0.04281	0.03199	0.06078	0.01351	0.06505	0.01367	0.02187	0.06071	0.01087	0.15204	0.02368	0.00219	0.00608	0.00508	0.00262	0.00581
42	0.00642	0.00554	0.00549	0.00556	0.00685	0.04055	0.00401	0.00756	0.01065	0.01295	0.10042	0.15336	0.53124	0.07919	0.00718	0.00188	0.00292	0.00990	0.00429	0.00403
43	0.02693	0.09885	0.14985	0.05210	0.05921	0.34913	0.10045	0.01669	0.03002	0.02784	0.00948	0.01161	0.02040	0.00498	0.00450	0.00137	0.00722	0.02074	0.00252	0.00610

[dist]
# distance from previous block
# <min> <max>
0	2

[block]
# block no. 2 follows, 53 sequences, length 13
# corresponding to MSA columns:
# 109-121
name=unknown_C
#
# <colnr> <probs for GDERKNQSTAVLIFYWHMCP>
#	G	D	E	R	K	N	Q	S	T	A	V	L	I	F	Y	W	H	M	C	P
0	0.12365	0.09285	0.10169	0.02943	0.07461	0.26472	0.11381	0.04124	0.01150	0.04723	0.00834	0.00998	0.00658	0.00482	0.00491	0.00141	0.05083	0.00364	0.00262	0.00615
1	0.00787	0.00567	0.00675	0.00598	0.00794	0.00481	0.00457	0.00968	0.01192	0.06893	0.33988	0.05704	0.28999	0.00941	0.00525	0.00142	0.00266	0.00805	0.00460	0.14757
2	0.01417	0.52609	0.07198	0.00984	0.01360	0.26909	0.00912	0.01587	0.01095	0.01164	0.00700	0.00812	0.00614	0.00438	0.00355	0.00112	0.00635	0.00278	0.00217	0.00601
3	0.06553	0.00739	0.00840	0.00799	0.00997	0.00784	0.00638	0.03623	0.25752	0.07671	0.11630	0.07617	0.06648	0.00891	0.00522	0.00169	0.00355	0.17179	0.06013	0.00579
4	0.00587	0.00481	0.00513	0.00522	0.00661	0.00414	0.00387	0.00713	0.01082	0.01325	0.10292	0.09930	0.62874	0.04561	0.00648	0.00177	0.00259	0.03727	0.00444	0.00403
5	0.00630	0.00454	0.00581	0.00655	0.00698	0.00436	0.00439	0.00770	0.04118	0.01290	0.10539	0.62121	0.03068	0.10841	0.00811	0.00219	0.00297	0.01197	0.00436	0.00398
6	0.00758	0.00542	0.00757	0.00867	0.00971	0.00540	0.00749	0.00970	0.01089	0.01417	0.02537	0.10310	0.02777	0.01332	0.00657	0.00218	0.00430	0.72203	0.00440	0.00437
7	0.01817	0.01339	0.01434	0.01100	0.01482	0.01482	0.00908	0.78627	0.02247	0.03012	0.01148	0.01148	0.00813	0.00574	0.00478	0.00143	0.00526	0.00430	0.00478	0.00813
8	0.00991	0.00850	0.00991	0.00708	0.01133	0.00637	0.00566	0.01203	0.00991	0.01557	0.00850	0.00991	0.00708	0.00354	0.00354	0.00071	0.00354	0.00283	0.00283	0.86124
9	0.00991	0.00850	0.00991	0.00708	0.01133	0.00637	0.00566	0.01203	0.00991	0.01557	0.00850	0.00991	0.00708	0.00354	0.00354	0.00071	0.00354	0.00283	0.00283	0.86124
10	0.00891	0.00445	0.00445	0.00445	0.00557	0.00445	0.00334	0.01114	0.01002	0.01782	0.01559	0.01782	0.01225	0.00557	0.00334	0.00111	0.00223	0.00445	0.85856	0.00445
11	0.01128	0.01289	0.02820	0.02015	0.02498	0.01209	0.78485	0.01531	0.01128	0.01531	0.00967	0.01289	0.00725	0.00403	0.00564	0.00161	0.00806	0.00564	0.00242	0.00645
12	0.00991	0.00850	0.00991	0.00708	0.01133	0.00637	0.00566	0.01203	0.00991	0.01557	0.00850	0.00991	0.00708	0.00354	0.00354	0.00071	0.00354	0.00283	0.00283	0.86124

[dist]
# distance from previous block
# <min> <max>
3	8

[block]
# block no. 3 follows, 53 sequences, length 20
# corresponding to MSA columns:
# 131-150
name=unknown_D
#
# <colnr> <probs for GDERKNQSTAVLIFYWHMCP>
#	G	D	E	R	K	N	Q	S	T	A	V	L	I	F	Y	W	H	M	C	P
0	0.01050	0.01068	0.01978	0.08682	0.24731	0.02799	0.32165	0.01343	0.01027	0.01404	0.01017	0.01481	0.00869	0.08329	0.09696	0.00250	0.00745	0.00513	0.00244	0.00609
1	0.01007	0.01116	0.09994	0.13850	0.39876	0.03635	0.01237	0.01278	0.01035	0.01421	0.01272	0.17603	0.01252	0.00677	0.00503	0.00157	0.00541	0.02641	0.00276	0.00629
2	0.06249	0.78679	0.02400	0.00807	0.01209	0.01844	0.00800	0.01430	0.00962	0.01184	0.00665	0.00767	0.00608	0.00411	0.00306	0.00105	0.00503	0.00256	0.00210	0.00608
3	0.00879	0.05790	0.10574	0.00835	0.03842	0.00736	0.00708	0.03856	0.07840	0.05181	0.19753	0.10988	0.22964	0.00925	0.00526	0.00157	0.00361	0.03123	0.00422	0.00539
4	0.01381	0.08248	0.15755	0.01190	0.06876	0.17908	0.02360	0.13501	0.01298	0.10480	0.01265	0.13531	0.01129	0.02321	0.00511	0.00152	0.00583	0.00530	0.00340	0.00641
5	0.01278	0.83490	0.02505	0.00818	0.01227	0.01891	0.00818	0.01431	0.00971	0.01125	0.00664	0.00767	0.00613	0.00409	0.00307	0.00102	0.00511	0.00256	0.00204	0.00613
6	0.01348	0.01423	0.07291	0.06493	0.08416	0.22723	0.02839	0.08184	0.01227	0.06396	0.00995	0.02657	0.00819	0.00512	0.00471	0.00127	0.02744	0.02765	0.00299	0.22272
7	0.00903	0.00850	0.01434	0.82054	0.03292	0.01062	0.01327	0.01221	0.00956	0.01221	0.00850	0.01274	0.00637	0.00478	0.00478	0.00159	0.00637	0.00425	0.00212	0.00531
8	0.01473	0.01075	0.01158	0.00963	0.01268	0.01194	0.00771	0.31277	0.36837	0.08398	0.01602	0.01530	0.01171	0.00607	0.00469	0.00149	0.00422	0.00485	0.08396	0.00753
9	0.01352	0.24391	0.01457	0.00930	0.02915	0.18434	0.00756	0.10007	0.01223	0.06169	0.02322	0.04566	0.01074	0.02878	0.00497	0.00140	0.02564	0.04871	0.12872	0.00581
10	0.03907	0.01108	0.01253	0.00960	0.01334	0.01140	0.00790	0.45481	0.01803	0.23921	0.01316	0.01269	0.00906	0.00551	0.00457	0.00136	0.00463	0.00424	0.02832	0.09947
11	0.00628	0.00435	0.00541	0.00607	0.00623	0.00419	0.00381	0.00678	0.00826	0.01101	0.02175	0.50432	0.02582	0.34746	0.01352	0.00304	0.00353	0.01089	0.00381	0.00348
12	0.03139	0.00650	0.00840	0.00831	0.02516	0.03046	0.06338	0.03029	0.05239	0.01403	0.07447	0.37076	0.11558	0.08842	0.00745	0.00204	0.00375	0.05858	0.00408	0.00455
13	0.01033	0.00960	0.01378	0.03899	0.01301	0.01271	0.04023	0.02537	0.02872	0.03297	0.00837	0.01272	0.00779	0.03714	0.11704	0.00281	0.57624	0.00450	0.00241	0.00527
14	0.00649	0.00472	0.00555	0.00567	0.00663	0.00427	0.00396	0.00765	0.01047	0.02974	0.20648	0.22321	0.30105	0.15183	0.00892	0.00218	0.00288	0.00994	0.00439	0.00400
15	0.00654	0.00448	0.00525	0.00583	0.00669	0.00414	0.00418	0.00785	0.00991	0.01370	0.02990	0.40366	0.23226	0.01212	0.00543	0.00169	0.00266	0.05481	0.18484	0.00407
16	0.05052	0.18310	0.19964	0.02966	0.04610	0.10011	0.05612	0.19032	0.02693	0.03525	0.00932	0.02105	0.00727	0.00499	0.00450	0.00138	0.02023	0.00379	0.00295	0.00677
17	0.00607	0.00458	0.00561	0.00632	0.00705	0.00423	0.00443	0.00739	0.02888	0.01278	0.05202	0.53178	0.22433	0.03629	0.00647	0.00193	0.00282	0.04856	0.00443	0.00403
18	0.00586	0.00451	0.00521	0.00571	0.00660	0.00400	0.00397	0.00676	0.00979	0.01229	0.03577	0.39759	0.39425	0.05383	0.00711	0.02449	0.00273	0.01136	0.00430	0.00386
19	0.03021	0.11381	0.03387	0.00992	0.09618	0.00898	0.00740	0.01272	0.00987	0.01503	0.00820	0.00980	0.00692	0.00389	0.00400	0.00091	0.02996	0.00300	0.00264	0.59269

[dist]
# distance from previous block
# <min> <max>
2	5

[block]
# block no. 4 follows, 53 sequences, length 26
# corresponding to MSA columns:
# 161-169,184-200
name=unknown_E
#
# <colnr> <probs for GDERKNQSTAVLIFYWHMCP>
#	G	D	E	R	K	N	Q	S	T	A	V	L	I	F	Y	W	H	M	C	P
0	0.06550	0.06390	0.02682	0.01346	0.13163	0.19894	0.04466	0.10563	0.22220	0.03413	0.02363	0.01273	0.00965	0.00531	0.00449	0.00142	0.00564	0.00422	0.01924	0.00678
1	0.00617	0.00448	0.00569	0.00622	0.00693	0.00410	0.00438	0.00727	0.01033	0.01372	0.19918	0.45326	0.17139	0.01335	0.00656	0.04480	0.00271	0.03099	0.00450	0.00397
2	0.01139	0.06583	0.09805	0.14254	0.37130	0.04549	0.13551	0.01476	0.02634	0.01457	0.00892	0.01165	0.00715	0.00447	0.00495	0.00147	0.02221	0.00427	0.00233	0.00678
3	0.00792	0.00676	0.00860	0.03768	0.02438	0.06389	0.00654	0.00954	0.00831	0.01135	0.03155	0.01870	0.01225	0.08525	0.60903	0.00633	0.03981	0.00511	0.00261	0.00440
4	0.00579	0.00479	0.00507	0.00513	0.00657	0.00407	0.00380	0.00708	0.01103	0.01353	0.12879	0.11430	0.64935	0.01210	0.00569	0.00163	0.00243	0.01024	0.00453	0.00407
5	0.00587	0.00420	0.00559	0.00662	0.00694	0.00391	0.00444	0.00677	0.00937	0.01255	0.06506	0.78919	0.03229	0.01471	0.00608	0.00192	0.00275	0.01334	0.00448	0.00391
6	0.00638	0.00466	0.00609	0.00688	0.00763	0.00438	0.00515	0.00778	0.01037	0.01368	0.12631	0.44183	0.12731	0.01353	0.00611	0.00191	0.00306	0.19829	0.00453	0.00411
7	0.00959	0.02472	0.80726	0.01362	0.02069	0.01110	0.01766	0.01514	0.01009	0.01514	0.00858	0.01009	0.00605	0.00454	0.00454	0.00151	0.00706	0.00353	0.00202	0.00706
8	0.01785	0.02278	0.01354	0.01231	0.01478	0.81284	0.00924	0.01909	0.01354	0.01170	0.00739	0.00862	0.00616	0.00493	0.00431	0.00123	0.00862	0.00308	0.00246	0.00554
9	0.00676	0.00489	0.00639	0.00601	0.00714	0.00451	0.00451	0.00902	0.01353	0.01917	0.79969	0.03570	0.04510	0.00977	0.00564	0.00150	0.00225	0.00864	0.00526	0.00451
10	0.01116	0.01209	0.08846	0.04738	0.60964	0.01087	0.06001	0.01428	0.01099	0.01571	0.06492	0.01345	0.01004	0.00467	0.00483	0.00145	0.00572	0.00459	0.00254	0.00718
11	0.82255	0.00921	0.00717	0.00633	0.00935	0.01050	0.00520	0.01395	0.00822	0.02115	0.00675	0.00787	0.00527	0.00439	0.00299	0.00144	0.00369	0.00260	0.00295	0.04842
12	0.00695	0.00463	0.00521	0.00521	0.00521	0.00463	0.00290	0.00695	0.00695	0.00927	0.01506	0.03128	0.01738	0.83203	0.02433	0.00463	0.00463	0.00695	0.00290	0.00290
13	0.01008	0.02370	0.73775	0.01374	0.02055	0.01133	0.04624	0.05410	0.01076	0.01590	0.00877	0.01027	0.00620	0.00458	0.00459	0.00151	0.00701	0.00365	0.00217	0.00709
14	0.03069	0.01134	0.08638	0.08754	0.24082	0.04731	0.02658	0.07069	0.12927	0.01728	0.07586	0.04779	0.01275	0.00581	0.00469	0.00147	0.00496	0.00505	0.08722	0.00649
15	0.01816	0.01369	0.01432	0.01104	0.01482	0.04052	0.00909	0.76156	0.02218	0.02953	0.01134	0.01138	0.00806	0.00571	0.00477	0.00143	0.00537	0.00426	0.00471	0.00805
16	0.01022	0.01605	0.31866	0.03686	0.06145	0.02756	0.22323	0.02927	0.08375	0.01560	0.03379	0.07369	0.03636	0.00576	0.00507	0.00157	0.00634	0.00543	0.00282	0.00651
17	0.01388	0.00769	0.00977	0.00873	0.01118	0.00759	0.00726	0.10661	0.08548	0.28632	0.10734	0.03080	0.02068	0.00885	0.00551	0.00173	0.00409	0.26497	0.00510	0.00641
18	0.00916	0.00818	0.01309	0.62835	0.02720	0.01025	0.01169	0.01200	0.00938	0.01286	0.00918	0.01316	0.00712	0.00526	0.00576	0.00158	0.09324	0.00427	0.11308	0.00519
19	0.01405	0.20066	0.12078	0.03546	0.07898	0.30871	0.07867	0.05395	0.02603	0.01375	0.00885	0.01029	0.02023	0.00474	0.00428	0.00130	0.00693	0.00359	0.00248	0.00624
20	0.01068	0.01002	0.11424	0.01251	0.10849	0.00795	0.11960	0.03214	0.01122	0.12779	0.03753	0.15281	0.11712	0.00818	0.00547	0.00164	0.01834	0.06225	0.03609	0.00593
21	0.00633	0.00449	0.00582	0.00633	0.00674	0.00441	0.00426	0.00725	0.00899	0.01219	0.11370	0.42644	0.04139	0.21330	0.11272	0.00326	0.00442	0.01027	0.00393	0.00377
22	0.00701	0.00569	0.00683	0.00736	0.04933	0.00541	0.00508	0.00988	0.09812	0.01527	0.22221	0.17888	0.33511	0.01103	0.00561	0.00165	0.00280	0.02345	0.00458	0.00471
23	0.01177	0.11088	0.24531	0.01561	0.15764	0.07642	0.09013	0.06471	0.04309	0.01543	0.03241	0.02426	0.00851	0.00523	0.00556	0.00148	0.07809	0.00422	0.00259	0.00667
24	0.01196	0.00795	0.00980	0.05249	0.09718	0.00842	0.00709	0.06111	0.19536	0.12249	0.01751	0.01799	0.06251	0.00614	0.00463	0.00141	0.02201	0.00504	0.28264	0.00626
25	0.00595	0.00436	0.00562	0.00658	0.00710	0.00403	0.00458	0.00693	0.00953	0.01246	0.02924	0.66321	0.13488	0.01445	0.00608	0.00192	0.00285	0.07186	0.00443	0.00394

[dist]
# distance from previous block
# <min> <max>
1	2

[block]
# block no. 5 follows, 53 sequences, length 31
# corresponding to MSA columns:
# 203-233
name=unknown_F
#
# <colnr> <probs for GDERKNQSTAVLIFYWHMCP>
#	G	D	E	R	K	N	Q	S	T	A	V	L	I	F	Y	W	H	M	C	P
0	0.01375	0.01033	0.05947	0.00820	0.01092	0.08536	0.00690	0.19371	0.02718	0.13733	0.01430	0.05754	0.01115	0.00598	0.00424	0.00132	0.00422	0.00473	0.30874	0.03462
1	0.44640	0.04783	0.06620	0.02822	0.03760	0.14368	0.02998	0.05456	0.01025	0.01810	0.00865	0.06268	0.00751	0.00531	0.00393	0.00146	0.01540	0.00375	0.00290	0.00559
2	0.00693	0.00471	0.00562	0.00562	0.00577	0.00486	0.00341	0.00721	0.00707	0.00957	0.01468	0.02920	0.01647	0.69970	0.15542	0.00514	0.00599	0.00665	0.00284	0.00312
3	0.01098	0.05009	0.09545	0.01027	0.02428	0.14492	0.05138	0.06089	0.03720	0.02804	0.10506	0.01923	0.10822	0.02569	0.09624	0.00225	0.09397	0.00538	0.02494	0.00553
4	0.00721	0.00528	0.00730	0.00726	0.00806	0.00591	0.00541	0.00924	0.05956	0.01175	0.05495	0.05776	0.01529	0.14000	0.52930	0.05308	0.00961	0.00590	0.00296	0.00417
5	0.01060	0.01117	0.02225	0.23308	0.16154	0.01130	0.42092	0.01409	0.01069	0.01444	0.00980	0.03979	0.00788	0.00463	0.00527	0.00158	0.00702	0.00530	0.00240	0.00626
6	0.00970	0.02395	0.75603	0.01405	0.02097	0.01117	0.06811	0.01515	0.01017	0.01515	0.00865	0.01028	0.00613	0.00451	0.00461	0.00152	0.00713	0.00367	0.00204	0.00702
7	0.00675	0.00458	0.00542	0.00563	0.00584	0.00455	0.00345	0.00717	0.00774	0.01051	0.03276	0.18693	0.03832	0.56019	0.06880	0.00405	0.00461	0.00816	0.03126	0.00328
8	0.00610	0.00504	0.00581	0.00603	0.00712	0.00475	0.00447	0.00725	0.01021	0.01278	0.05236	0.26886	0.48709	0.01268	0.00647	0.00176	0.05657	0.03628	0.00430	0.00409
9	0.00581	0.00423	0.00548	0.00648	0.00689	0.00390	0.00436	0.00667	0.00932	0.01227	0.02846	0.75374	0.10541	0.01470	0.00606	0.00191	0.00274	0.01325	0.00444	0.00390
10	0.01578	0.01242	0.01224	0.00994	0.01306	0.08557	0.00800	0.48170	0.14006	0.02502	0.01296	0.01316	0.00957	0.00575	0.00454	0.00140	0.00488	0.00439	0.13230	0.00726
11	0.00991	0.00850	0.00991	0.00708	0.01133	0.00637	0.00566	0.01203	0.00991	0.01557	0.00850	0.00991	0.00708	0.00354	0.00354	0.00071	0.00354	0.00283	0.00283	0.86124
12	0.01233	0.00982	0.01083	0.00963	0.02862	0.03750	0.00749	0.17091	0.25442	0.03129	0.02799	0.01581	0.02689	0.00705	0.02134	0.00164	0.13291	0.00482	0.18229	0.00642
13	0.01192	0.07326	0.08757	0.01696	0.02155	0.04033	0.52130	0.07176	0.05507	0.01619	0.01035	0.01335	0.00802	0.00460	0.00524	0.00155	0.00725	0.02445	0.00272	0.00657
14	0.00673	0.00471	0.00552	0.00555	0.00596	0.00461	0.00353	0.00732	0.00842	0.01120	0.10968	0.06974	0.11508	0.53707	0.06375	0.00391	0.00447	0.02592	0.00344	0.00338
15	0.67612	0.02542	0.00847	0.00732	0.00998	0.07081	0.00595	0.03358	0.00892	0.01974	0.00756	0.03958	0.00643	0.00516	0.00406	0.00151	0.05799	0.00319	0.00295	0.00525
16	0.00615	0.00487	0.00551	0.00538	0.00676	0.00426	0.00403	0.00776	0.01184	0.01529	0.33955	0.04182	0.47491	0.02920	0.00607	0.00165	0.00244	0.02359	0.00472	0.00420
17	0.01028	0.00836	0.00984	0.00713	0.01124	0.00633	0.00569	0.01236	0.01005	0.04865	0.00942	0.03287	0.00796	0.00396	0.00366	0.00077	0.00354	0.00321	0.00301	0.80166
18	0.01751	0.02208	0.01320	0.01201	0.01442	0.78184	0.00901	0.01878	0.01341	0.01193	0.00770	0.00897	0.00639	0.00495	0.00427	0.00123	0.00837	0.00313	0.03529	0.00550
19	0.01569	0.01219	0.01321	0.01110	0.03825	0.01365	0.00870	0.48563	0.30267	0.02599	0.01430	0.01380	0.01046	0.00596	0.00481	0.00150	0.00474	0.00470	0.00474	0.00791
20	0.00903	0.00850	0.01434	0.82054	0.03292	0.01062	0.01327	0.01221	0.00956	0.01221	0.00850	0.01274	0.00637	0.00478	0.00478	0.00159	0.00637	0.00425	0.00212	0.00531
21	0.00965	0.03602	0.01228	0.03979	0.06364	0.02108	0.02195	0.05976	0.02055	0.01342	0.01305	0.22155	0.01374	0.01167	0.08312	0.00238	0.32574	0.00667	0.01875	0.00521
22	0.00903	0.00850	0.01434	0.82054	0.03292	0.01062	0.01327	0.01221	0.00956	0.01221	0.00850	0.01274	0.00637	0.00478	0.00478	0.00159	0.00637	0.00425	0.00212	0.00531
23	0.00684	0.00509	0.00752	0.00752	0.00832	0.00589	0.00577	0.00843	0.00763	0.01098	0.01295	0.01960	0.01231	0.08821	0.76121	0.00748	0.01227	0.00524	0.00258	0.00418
24	0.00683	0.00511	0.00760	0.00760	0.00843	0.00593	0.00587	0.00848	0.00766	0.01104	0.01288	0.01919	0.01213	0.06190	0.78728	0.00758	0.01254	0.00518	0.00257	0.00422
25	0.00740	0.00435	0.00508	0.00565	0.00636	0.00422	0.00401	0.00896	0.00964	0.01502	0.02104	0.40584	0.02198	0.01030	0.00476	0.00154	0.00256	0.03388	0.42323	0.00418
26	0.00613	0.00472	0.00565	0.00617	0.00707	0.00434	0.00436	0.00776	0.04199	0.01343	0.10501	0.45460	0.28196	0.01318	0.00587	0.00179	0.00268	0.02461	0.00453	0.00415
27	0.06127	0.00819	0.01090	0.00840	0.01206	0.00720	0.00694	0.02286	0.01342	0.76854	0.01828	0.01587	0.01152	0.00585	0.00472	0.00148	0.00405	0.00470	0.00578	0.00799
28	0.01071	0.01015	0.01709	0.30919	0.49241	0.01093	0.01377	0.01387	0.02668	0.01459	0.02929	0.01289	0.00825	0.00463	0.00477	0.00149	0.00580	0.00439	0.00241	0.00669
29	0.01016	0.00974	0.01679	0.49460	0.31681	0.01095	0.04619	0.01325	0.01012	0.01360	0.00873	0.01241	0.00685	0.00456	0.00480	0.00153	0.00619	0.00431	0.00223	0.00619
30	0.02615	0.05966	0.03625	0.04764	0.33697	0.14467	0.02558	0.06989	0.09501	0.02666	0.01145	0.05754	0.02005	0.00544	0.00465	0.00142	0.00572	0.00466	0.00299	0.01759

[dist]
# distance from previous block
# <min> <max>
10	62

[block]
# block no. 6 follows, 53 sequences, length 11
# corresponding to MSA columns:
# 304-314
name=unknown_G
#
# <colnr> <probs for GDERKNQSTAVLIFYWHMCP>
#	G	D	E	R	K	N	Q	S	T	A	V	L	I	F	Y	W	H	M	C	P
0	0.03390	0.07943	0.17726	0.01238	0.09474	0.05998	0.04504	0.13583	0.04252	0.06012	0.03791	0.04132	0.03793	0.00582	0.00486	0.00143	0.02800	0.01425	0.04769	0.03959
1	0.03070	0.02980	0.06239	0.03630	0.06752	0.03985	0.02325	0.04913	0.04458	0.03663	0.04774	0.05851	0.01202	0.00570	0.00432	0.00125	0.01901	0.00468	0.26712	0.15952
2	0.00919	0.03602	0.01014	0.03029	0.09854	0.02537	0.00687	0.08334	0.01011	0.01369	0.01614	0.09725	0.08525	0.16942	0.18233	0.00342	0.05392	0.00620	0.00312	0.05940
3	0.01276	0.01134	0.03654	0.05870	0.16866	0.04275	0.08083	0.17137	0.13114	0.04420	0.01327	0.01517	0.03325	0.00548	0.00473	0.00142	0.00516	0.02810	0.04163	0.09351
4	0.00581	0.00452	0.00528	0.00578	0.00673	0.00400	0.00407	0.00692	0.01026	0.01302	0.09160	0.41433	0.38406	0.01329	0.00586	0.00176	0.00258	0.01163	0.00450	0.00400
5	0.09919	0.07277	0.12118	0.01317	0.11832	0.05304	0.02447	0.31998	0.01509	0.05365	0.01020	0.03129	0.00791	0.00539	0.00484	0.00145	0.03332	0.00411	0.00350	0.00711
6	0.01432	0.16812	0.12702	0.02856	0.07909	0.17907	0.03046	0.10955	0.05693	0.09204	0.01039	0.02917	0.00821	0.00573	0.01760	0.00148	0.02853	0.00397	0.00309	0.00666
7	0.00597	0.00483	0.00539	0.00542	0.00673	0.00435	0.00400	0.00724	0.01039	0.01295	0.10200	0.08101	0.55416	0.06123	0.11032	0.00257	0.00388	0.00934	0.00418	0.00403
8	0.00591	0.00440	0.00550	0.00618	0.00686	0.00400	0.00427	0.00701	0.01010	0.01327	0.13234	0.55666	0.19871	0.01368	0.00594	0.00181	0.00263	0.01219	0.00455	0.00400
9	0.01039	0.06516	0.62440	0.01256	0.01862	0.06833	0.01528	0.04165	0.01089	0.01525	0.03553	0.01216	0.03905	0.00506	0.00454	0.00147	0.00667	0.00390	0.00235	0.00674
10	0.01294	0.12212	0.12477	0.03952	0.04517	0.18316	0.06246	0.09963	0.06523	0.02668	0.01237	0.01380	0.06306	0.00546	0.00466	0.00135	0.02023	0.01687	0.00299	0.07753

[dist]
# distance from previous block
# <min> <max>
3	8

[block]
# block no. 7 follows, 53 sequences, length 9
# corresponding to MSA columns:
# 324-332
name=unknown_H
#
# <colnr> <probs for GDERKNQSTAVLIFYWHMCP>
#	G	D	E	R	K	N	Q	S	T	A	V	L	I	F	Y	W	H	M	C	P
0	0.01371	0.15269	0.17069	0.01068	0.03061	0.09355	0.02400	0.14088	0.05417	0.10260	0.02769	0.02738	0.00925	0.00534	0.00460	0.00135	0.02622	0.00407	0.04985	0.05068
1	0.01263	0.07861	0.13819	0.09186	0.15111	0.09737	0.06433	0.09696	0.06864	0.05191	0.01087	0.04011	0.00869	0.00518	0.00457	0.00142	0.00585	0.00438	0.03501	0.03231
2	0.00717	0.00546	0.00764	0.00746	0.00802	0.00638	0.00556	0.00838	0.00746	0.01065	0.01283	0.02132	0.01287	0.24108	0.53826	0.00640	0.08095	0.00552	0.00261	0.00399
3	0.00867	0.00704	0.00851	0.06027	0.05751	0.06613	0.00651	0.03161	0.00996	0.04851	0.01990	0.47457	0.02228	0.05792	0.04819	0.00225	0.03599	0.02570	0.00382	0.00466
4	0.00611	0.00454	0.00570	0.00608	0.00691	0.00413	0.00430	0.00751	0.01100	0.01474	0.29662	0.40256	0.18703	0.01262	0.00585	0.00173	0.00253	0.01120	0.00472	0.00413
5	0.01212	0.06831	0.01273	0.00966	0.05193	0.03984	0.00745	0.15195	0.05399	0.01771	0.00933	0.01054	0.00754	0.00453	0.00467	0.00105	0.05680	0.00338	0.00315	0.47333
6	0.02922	0.31412	0.15347	0.05696	0.11515	0.04660	0.03191	0.04289	0.02742	0.01409	0.01037	0.04506	0.03619	0.00509	0.00409	0.00129	0.00548	0.00401	0.00252	0.05406
7	0.01233	0.09079	0.09336	0.04956	0.44096	0.09853	0.01281	0.04735	0.04876	0.01526	0.00929	0.01149	0.00762	0.00571	0.03479	0.00162	0.00626	0.00399	0.00253	0.00699
8	0.00727	0.00588	0.00746	0.00717	0.00842	0.00589	0.03290	0.01026	0.11127	0.01487	0.20191	0.22223	0.20556	0.06385	0.02225	0.00201	0.03234	0.02944	0.00439	0.00463

[dist]
# distance from previous block
# <min> <max>
1	2

[block]
# block no. 8 follows, 53 sequences, length 41
# corresponding to MSA columns:
# 335-375
name=unknown_I
#
# <colnr> <probs for GDERKNQSTAVLIFYWHMCP>
#	G	D	E	R	K	N	Q	S	T	A	V	L	I	F	Y	W	H	M	C	P
0	0.01135	0.01103	0.01783	0.21960	0.57650	0.03792	0.01403	0.01441	0.02410	0.01474	0.00900	0.01205	0.00735	0.00444	0.00473	0.00146	0.00591	0.00424	0.00235	0.00696
1	0.00889	0.00805	0.01322	0.55106	0.08252	0.00983	0.01161	0.01159	0.00917	0.01228	0.00933	0.01377	0.00759	0.01066	0.15019	0.01474	0.04700	0.00440	0.01887	0.00522
2	0.06678	0.00696	0.00858	0.00731	0.00959	0.00657	0.00567	0.06305	0.02671	0.31031	0.18621	0.10304	0.05835	0.07166	0.00687	0.02364	0.00355	0.00670	0.00489	0.02356
3	0.02635	0.01116	0.03842	0.08146	0.11736	0.16711	0.03978	0.05052	0.04003	0.03428	0.03026	0.07818	0.01106	0.03844	0.06377	0.15249	0.00617	0.00506	0.00288	0.00520
4	0.00667	0.00595	0.04948	0.00644	0.00783	0.00486	0.00511	0.00891	0.03768	0.01596	0.37304	0.22801	0.19502	0.01105	0.00563	0.00163	0.00273	0.00968	0.01982	0.00450
5	0.00689	0.00506	0.00631	0.00698	0.00763	0.00502	0.00500	0.00896	0.07796	0.01279	0.02462	0.43660	0.06374	0.15806	0.00928	0.00242	0.00347	0.15087	0.00420	0.00413
6	0.01278	0.83490	0.02505	0.00818	0.01227	0.01891	0.00818	0.01431	0.00971	0.01125	0.00664	0.00767	0.00613	0.00409	0.00307	0.00102	0.00511	0.00256	0.00204	0.00613
7	0.00592	0.00486	0.00514	0.00514	0.00660	0.00418	0.00384	0.00722	0.01098	0.01347	0.13061	0.04433	0.64331	0.05643	0.00670	0.00179	0.00260	0.03838	0.00445	0.00404
8	0.00833	0.00601	0.00819	0.24122	0.01425	0.00650	0.00674	0.03028	0.01134	0.01666	0.25825	0.02328	0.06395	0.00701	0.00463	0.00141	0.00352	0.00600	0.27764	0.00479
9	0.03925	0.00893	0.01020	0.00914	0.01115	0.02231	0.01920	0.07062	0.36826	0.01715	0.03549	0.01896	0.05590	0.04529	0.18250	0.00307	0.06709	0.00544	0.00392	0.00614
10	0.01302	0.01074	0.01332	0.04730	0.20225	0.05083	0.00902	0.17346	0.01320	0.07018	0.01165	0.01278	0.04324	0.00483	0.00435	0.00118	0.00477	0.00400	0.00335	0.30651
11	0.02849	0.30899	0.18677	0.01164	0.04616	0.03834	0.07678	0.03240	0.11583	0.04407	0.00993	0.01133	0.00795	0.02713	0.00506	0.00145	0.03460	0.00379	0.00272	0.00657
12	0.01742	0.10222	0.01592	0.01099	0.01486	0.02843	0.03942	0.63344	0.02020	0.05360	0.01106	0.01123	0.00797	0.00548	0.00462	0.00139	0.00537	0.00416	0.00439	0.00780
13	0.03519	0.04401	0.05718	0.12285	0.17394	0.10150	0.03157	0.09592	0.15044	0.01686	0.05399	0.01449	0.01086	0.04056	0.00560	0.00160	0.01465	0.00457	0.01772	0.00647
14	0.26211	0.01169	0.01241	0.35006	0.07709	0.15726	0.01012	0.04081	0.01041	0.01568	0.00789	0.01042	0.00613	0.00470	0.00416	0.00148	0.00591	0.00355	0.00254	0.00557
15	0.01706	0.01272	0.01360	0.01065	0.01425	0.01414	0.00872	0.66161	0.12728	0.02841	0.01267	0.01251	0.00912	0.00583	0.00475	0.00145	0.00498	0.00446	0.02782	0.00795
16	0.00891	0.00528	0.00542	0.00562	0.00675	0.03246	0.00441	0.01107	0.01031	0.01680	0.01744	0.04358	0.01544	0.00724	0.00407	0.00135	0.00288	0.15240	0.64410	0.00447
17	0.00891	0.00445	0.00445	0.00445	0.00557	0.00445	0.00334	0.01114	0.01002	0.01782	0.01559	0.01782	0.01225	0.00557	0.00334	0.00111	0.00223	0.00445	0.85856	0.00445
18	0.00694	0.00464	0.00526	0.00524	0.00529	0.00463	0.00296	0.00703	0.00720	0.00964	0.04462	0.03144	0.01842	0.80105	0.02362	0.00452	0.00454	0.00701	0.00299	0.00296
19	0.01189	0.01027	0.01081	0.00973	0.01243	0.01189	0.00757	0.02540	0.79357	0.01999	0.01945	0.01783	0.01459	0.00648	0.00486	0.00162	0.00378	0.00540	0.00486	0.00757
20	0.01191	0.01133	0.01914	0.05064	0.76188	0.01142	0.01449	0.03340	0.01113	0.01587	0.00904	0.01185	0.00755	0.00431	0.00473	0.00142	0.00569	0.00426	0.00242	0.00752
21	0.12368	0.00856	0.01078	0.00837	0.01199	0.00791	0.00692	0.06500	0.01350	0.66689	0.01696	0.01497	0.01082	0.00573	0.00458	0.00148	0.00409	0.00451	0.00549	0.00778
22	0.00683	0.00512	0.00768	0.00768	0.00853	0.00597	0.00597	0.00853	0.00768	0.01110	0.01280	0.01878	0.01195	0.03585	0.81308	0.00768	0.01280	0.00512	0.00256	0.00427
23	0.31383	0.01059	0.01068	0.05283	0.01302	0.01199	0.00740	0.25544	0.19189	0.05412	0.01180	0.01223	0.00878	0.02019	0.00451	0.00156	0.00438	0.00402	0.00403	0.00672
24	0.00999	0.00981	0.01511	0.29619	0.05551	0.01286	0.03821	0.01198	0.00840	0.01206	0.00739	0.01153	0.00649	0.00721	0.02351	0.00196	0.45999	0.00427	0.00213	0.00539
25	0.00684	0.00505	0.00734	0.00734	0.00808	0.00579	0.00555	0.00832	0.00758	0.01085	0.01311	0.02049	0.01269	0.14472	0.70522	0.00726	0.01169	0.00537	0.00261	0.00408
26	0.01105	0.00649	0.00799	0.00717	0.00903	0.00623	0.00553	0.06950	0.05975	0.19029	0.24789	0.09684	0.10642	0.08223	0.00707	0.00187	0.00338	0.05704	0.01876	0.00550
27	0.00996	0.07271	0.65725	0.01388	0.04573	0.01187	0.03343	0.01481	0.00992	0.01465	0.00833	0.01009	0.00615	0.00477	0.00530	0.00153	0.06711	0.00359	0.00205	0.00687
28	0.86579	0.00924	0.00702	0.00629	0.00924	0.01072	0.00518	0.01405	0.00813	0.02144	0.00666	0.00776	0.00518	0.00444	0.00296	0.00148	0.00370	0.00259	0.00296	0.00518
29	0.01223	0.01044	0.01100	0.00980	0.01256	0.01205	0.00765	0.06673	0.75168	0.02054	0.01902	0.01749	0.01424	0.00644	0.00486	0.00161	0.00386	0.00534	0.00486	0.00760
30	0.86579	0.00924	0.00702	0.00629	0.00924	0.01072	0.00518	0.01405	0.00813	0.02144	0.00666	0.00776	0.00518	0.00444	0.00296	0.00148	0.00370	0.00259	0.00296	0.00518
31	0.01817	0.01339	0.01434	0.01100	0.01482	0.01482	0.00908	0.78627	0.02247	0.03012	0.01148	0.01148	0.00813	0.00574	0.00478	0.00143	0.00526	0.00430	0.00478	0.00813
32	0.00712	0.00503	0.00626	0.00594	0.00728	0.00454	0.00453	0.00911	0.01283	0.04845	0.56577	0.03801	0.21808	0.01029	0.00564	0.00155	0.00245	0.03751	0.00506	0.00454
33	0.00675	0.00484	0.00661	0.00675	0.00725	0.00528	0.00478	0.00779	0.00762	0.01063	0.01518	0.12074	0.01611	0.29498	0.45639	0.00599	0.00891	0.00675	0.00290	0.00377
34	0.01220	0.00869	0.00918	0.00803	0.01036	0.00961	0.00628	0.16665	0.33761	0.04093	0.01647	0.01689	0.01254	0.02609	0.00480	0.00148	0.00356	0.00489	0.29722	0.00651
35	0.01157	0.20342	0.05638	0.00876	0.02560	0.07323	0.00756	0.04140	0.02958	0.01480	0.00832	0.00959	0.00695	0.00407	0.00385	0.00095	0.01856	0.00299	0.00268	0.46976
36	0.02982	0.00670	0.02360	0.02250	0.09047	0.00659	0.00628	0.04481	0.06094	0.05624	0.01790	0.28370	0.01863	0.14564	0.06685	0.02341	0.00453	0.02116	0.06532	0.00491
37	0.01494	0.06503	0.03510	0.01032	0.02993	0.04535	0.00839	0.31993	0.21638	0.07989	0.01352	0.03283	0.01025	0.00574	0.00457	0.00139	0.00475	0.00452	0.00428	0.09289
38	0.01040	0.12462	0.20570	0.14773	0.10481	0.01101	0.05394	0.05286	0.01063	0.01473	0.01022	0.06708	0.00894	0.00582	0.01800	0.00149	0.00576	0.02294	0.00258	0.12072
39	0.01111	0.09497	0.35655	0.01376	0.10274	0.06731	0.04729	0.07416	0.01115	0.01524	0.01093	0.04680	0.03450	0.03192	0.00572	0.00158	0.04549	0.00444	0.01786	0.00648
40	0.02564	0.09946	0.27933	0.01115	0.02990	0.01051	0.06895	0.01480	0.14089	0.01519	0.04821	0.04061	0.08349	0.00857	0.06322	0.00198	0.01972	0.02912	0.00309	0.00619

[dist]
# distance from previous block
# <min> <max>
0	1

[block]
# block no. 9 follows, 53 sequences, length 10
# corresponding to MSA columns:
# 377,380-388
name=unknown_J
#
# <colnr> <probs for GDERKNQSTAVLIFYWHMCP>
#	G	D	E	R	K	N	Q	S	T	A	V	L	I	F	Y	W	H	M	C	P
0	0.01203	0.11420	0.10733	0.02898	0.15193	0.03664	0.10716	0.06788	0.07313	0.05502	0.01075	0.03837	0.00907	0.05158	0.00697	0.00168	0.09739	0.00463	0.00291	0.02235
1	0.01083	0.04888	0.24238	0.06570	0.11479	0.09075	0.06877	0.07263	0.01150	0.01541	0.04329	0.14688	0.01246	0.00655	0.00487	0.00152	0.00583	0.00568	0.02513	0.00616
2	0.00992	0.00763	0.01001	0.03680	0.16921	0.00770	0.00735	0.05884	0.11246	0.06257	0.09365	0.04380	0.22988	0.00909	0.03920	0.00176	0.00406	0.00669	0.08357	0.00581
3	0.00672	0.00488	0.00644	0.03340	0.00773	0.00514	0.00470	0.00767	0.00801	0.01083	0.01837	0.16418	0.06708	0.32649	0.28308	0.00484	0.00696	0.02661	0.00316	0.00371
4	0.03298	0.04295	0.16980	0.03564	0.13317	0.10986	0.06095	0.05253	0.05587	0.09631	0.01268	0.10959	0.01090	0.00674	0.02148	0.00162	0.00582	0.00522	0.02943	0.00646
5	0.01126	0.03627	0.27653	0.05111	0.16958	0.07246	0.13088	0.03725	0.02504	0.03938	0.04188	0.06579	0.01017	0.00544	0.00487	0.00151	0.00632	0.00492	0.00272	0.00661
6	0.01294	0.00821	0.02608	0.00764	0.01001	0.05866	0.00610	0.09373	0.01318	0.25459	0.13299	0.12953	0.16039	0.00862	0.00512	0.00153	0.00372	0.00723	0.05379	0.00593
7	0.10640	0.04221	0.07112	0.09023	0.27287	0.12626	0.03370	0.07623	0.03744	0.03254	0.01016	0.03741	0.00856	0.00526	0.00455	0.00146	0.00583	0.02837	0.00286	0.00653
8	0.01190	0.09443	0.15010	0.06829	0.11672	0.14878	0.05937	0.05805	0.06443	0.01500	0.03081	0.06365	0.01033	0.00650	0.02408	0.00161	0.02585	0.01786	0.02603	0.00622
9	0.01011	0.00900	0.05115	0.02485	0.03887	0.04440	0.00766	0.09975	0.05237	0.03994	0.01627	0.15546	0.04764	0.05478	0.13970	0.00282	0.11281	0.04101	0.04605	0.00534

[dist]
# distance from previous block
# <min> <max>
2	18

[block]
# block no. 10 follows, 53 sequences, length 26
# corresponding to MSA columns:
# 529-533,537-557
name=unknown_K
#
# <colnr> <probs for GDERKNQSTAVLIFYWHMCP>
#	G	D	E	R	K	N	Q	S	T	A	V	L	I	F	Y	W	H	M	C	P
0	0.02631	0.06199	0.02883	0.12107	0.10645	0.02565	0.11990	0.03436	0.01004	0.06499	0.03482	0.04549	0.01135	0.11974	0.13164	0.00288	0.04080	0.00526	0.00287	0.00553
1	0.00887	0.02501	0.00780	0.02044	0.00897	0.02068	0.00550	0.08369	0.03435	0.06549	0.18215	0.29803	0.13921	0.02701	0.00596	0.00175	0.00331	0.05227	0.00458	0.00492
2	0.01180	0.14072	0.27099	0.06120	0.14268	0.05205	0.12344	0.08547	0.02485	0.01572	0.00918	0.02414	0.00725	0.00470	0.00456	0.00143	0.00644	0.00408	0.00250	0.00680
3	0.00860	0.00727	0.02137	0.02951	0.03165	0.03982	0.05427	0.04928	0.05721	0.04169	0.06181	0.33266	0.18392	0.01112	0.01949	0.00179	0.00387	0.00937	0.03033	0.00496
