[name]
unknown

[dist]
# distance from previous block
# <min> <max>
1	432

[block]
# block no. 0 follows, 52 sequences, length 32
# corresponding to MSA columns:
# 547-578
name=unknown_A
#
# <colnr> <probs for GDERKNQSTAVLIFYWHMCP>
#	G	D	E	R	K	N	Q	S	T	A	V	L	I	F	Y	W	H	M	C	P
0	0.07280	0.00959	0.01062	0.00941	0.04658	0.03610	0.00696	0.23412	0.05670	0.11933	0.03784	0.04420	0.03217	0.13943	0.05242	0.00230	0.00505	0.00527	0.00409	0.07505
1	0.01015	0.00986	0.01521	0.55795	0.02741	0.03683	0.04718	0.03797	0.00984	0.01295	0.00825	0.01226	0.00653	0.00563	0.00724	0.00171	0.18095	0.00432	0.00226	0.00552
2	0.00590	0.00424	0.00560	0.00669	0.00701	0.00394	0.00447	0.00675	0.00933	0.01239	0.02737	0.80355	0.05460	0.01510	0.00617	0.00196	0.00280	0.01367	0.00450	0.00394
3	0.01018	0.00977	0.01474	0.62676	0.06012	0.04545	0.01284	0.04314	0.01017	0.01313	0.00844	0.01238	0.00656	0.00529	0.00611	0.00164	0.10114	0.00425	0.00228	0.00559
4	0.01444	0.01048	0.01126	0.00970	0.01273	0.03504	0.00765	0.06309	0.55790	0.17623	0.01860	0.01699	0.01349	0.00631	0.00487	0.00157	0.00411	0.00518	0.00502	0.02532
5	0.00609	0.00442	0.00582	0.00677	0.00723	0.00405	0.00455	0.00699	0.00931	0.01252	0.02589	0.78977	0.03093	0.01466	0.00607	0.00191	0.00285	0.01329	0.00443	0.04245
6	0.01003	0.00951	0.01611	0.57571	0.26888	0.01100	0.01389	0.01315	0.01010	0.01344	0.00877	0.01264	0.00683	0.00468	0.00483	0.00156	0.00624	0.00431	0.00223	0.00609
7	0.00590	0.00422	0.00562	0.00675	0.00703	0.00394	0.00450	0.00675	0.00928	0.01237	0.02671	0.82653	0.03205	0.01518	0.00619	0.00197	0.00281	0.01378	0.00450	0.00394
8	0.04381	0.01219	0.01273	0.01017	0.01357	0.05904	0.00825	0.45403	0.11506	0.13561	0.07388	0.01472	0.01226	0.00616	0.00484	0.00148	0.00489	0.00479	0.00486	0.00764
9	0.01221	0.64685	0.20463	0.00956	0.01440	0.01735	0.01050	0.01470	0.00994	0.01231	0.00719	0.00834	0.00620	0.00425	0.00345	0.00115	0.00564	0.00282	0.00207	0.00644
10	0.01810	0.02310	0.01373	0.01248	0.01498	0.81024	0.00936	0.01935	0.01373	0.01186	0.00749	0.00874	0.00624	0.00499	0.00437	0.00125	0.00874	0.00312	0.00250	0.00562
11	0.01290	0.00962	0.01114	0.00972	0.06329	0.03847	0.00711	0.17105	0.01307	0.10658	0.01284	0.09028	0.01130	0.05255	0.00560	0.00140	0.00435	0.02053	0.00377	0.35440
12	0.00651	0.00455	0.00560	0.00600	0.00635	0.00435	0.00386	0.00727	0.00918	0.01237	0.14865	0.35433	0.05539	0.33790	0.01344	0.00297	0.00346	0.01016	0.00401	0.00365
13	0.01372	0.00886	0.01041	0.00882	0.01110	0.04468	0.00709	0.09240	0.08692	0.24493	0.18564	0.02327	0.09372	0.00798	0.00663	0.00162	0.11215	0.02891	0.00478	0.00639
14	0.00903	0.00452	0.00452	0.00452	0.00565	0.00452	0.00339	0.01129	0.01016	0.01807	0.01581	0.01807	0.01242	0.00565	0.00339	0.00113	0.00226	0.00452	0.85659	0.00452
15	0.01296	0.83261	0.02539	0.00829	0.01244	0.01917	0.00829	0.01451	0.00985	0.01140	0.00674	0.00777	0.00622	0.00415	0.00311	0.00104	0.00518	0.00259	0.00207	0.00622
16	0.00903	0.00452	0.00452	0.00452	0.00565	0.00452	0.00339	0.01129	0.01016	0.01807	0.01581	0.01807	0.01242	0.00565	0.00339	0.00113	0.00226	0.00452	0.85659	0.00452
17	0.01065	0.01090	0.01642	0.17333	0.01842	0.03857	0.10505	0.01252	0.00856	0.01228	0.00726	0.01130	0.00650	0.00712	0.01211	0.00193	0.53501	0.00440	0.00218	0.00548
18	0.00609	0.00439	0.00577	0.00656	0.00705	0.00407	0.00449	0.00723	0.01022	0.01380	0.18017	0.64378	0.06032	0.01404	0.00608	0.00187	0.00270	0.01266	0.00466	0.00407
19	0.03583	0.00988	0.01153	0.00923	0.01255	0.01009	0.00754	0.28163	0.10112	0.32324	0.06454	0.01875	0.05559	0.00676	0.00498	0.00153	0.00431	0.02808	0.00526	0.00756
20	0.03955	0.00527	0.00797	0.16727	0.01179	0.00575	0.00608	0.00780	0.00705	0.00969	0.00840	0.01412	0.00791	0.01401	0.01557	0.65794	0.00464	0.00417	0.00215	0.00287
21	0.00596	0.00426	0.00569	0.00682	0.00712	0.00399	0.00460	0.00685	0.00934	0.01244	0.02668	0.80223	0.03192	0.01513	0.00620	0.00198	0.00286	0.03749	0.00450	0.00395
22	0.04496	0.01050	0.01219	0.00962	0.01310	0.01081	0.00784	0.37342	0.04340	0.33327	0.01588	0.07740	0.01171	0.00661	0.00491	0.00152	0.00456	0.00528	0.00522	0.00779
23	0.01038	0.00883	0.01400	0.57277	0.08225	0.01052	0.01212	0.01423	0.07426	0.06692	0.04863	0.01457	0.00951	0.00541	0.00529	0.00161	0.03533	0.00466	0.00281	0.00588
24	0.01125	0.00709	0.00964	0.00860	0.00978	0.00804	0.00668	0.01300	0.06758	0.16866	0.04142	0.03127	0.01254	0.08907	0.18372	0.14152	0.17641	0.00523	0.00343	0.00508
25	0.00600	0.00433	0.00568	0.00660	0.00703	0.00401	0.00447	0.00701	0.00983	0.01316	0.11005	0.70881	0.06608	0.01449	0.00612	0.00191	0.00274	0.01309	0.00459	0.00401
26	0.01008	0.00956	0.01621	0.56029	0.28387	0.01101	0.01392	0.01320	0.01013	0.01351	0.00878	0.01262	0.00686	0.00467	0.00483	0.00156	0.00623	0.00431	0.00223	0.00613
27	0.02632	0.01251	0.01383	0.11690	0.09174	0.11819	0.00985	0.22665	0.13203	0.10591	0.02367	0.01319	0.00946	0.00583	0.00567	0.00154	0.07135	0.00444	0.00385	0.00705
28	0.01484	0.00907	0.01087	0.02125	0.03149	0.02662	0.00723	0.23694	0.02632	0.23586	0.01521	0.01850	0.02398	0.12976	0.15452	0.00310	0.00632	0.01726	0.00432	0.00652
29	0.13992	0.00976	0.01086	0.00818	0.01215	0.00901	0.02016	0.15723	0.03460	0.05794	0.00975	0.01062	0.00754	0.00435	0.00387	0.00105	0.00405	0.00333	0.00346	0.49216
30	0.00863	0.00796	0.01281	0.63088	0.05321	0.00950	0.01153	0.01139	0.00981	0.01246	0.01501	0.01885	0.12531	0.04617	0.00594	0.00176	0.00575	0.00533	0.00255	0.00515
31	0.00665	0.00531	0.00836	0.00836	0.00924	0.00498	0.09298	0.00799	0.00981	0.01316	0.06231	0.66505	0.02975	0.01359	0.00613	0.00192	0.00346	0.04236	0.00431	0.00428

[dist]
# distance from previous block
# <min> <max>
0	3

[block]
# block no. 1 follows, 52 sequences, length 30
# corresponding to MSA columns:
# 582-611
name=unknown_B
#
# <colnr> <probs for GDERKNQSTAVLIFYWHMCP>
#	G	D	E	R	K	N	Q	S	T	A	V	L	I	F	Y	W	H	M	C	P
0	0.18364	0.00914	0.01029	0.00933	0.01046	0.07062	0.00749	0.01157	0.00845	0.01388	0.04276	0.01427	0.00997	0.03620	0.27257	0.00382	0.27361	0.00440	0.00264	0.00491
1	0.01437	0.00948	0.01068	0.00922	0.01218	0.01021	0.00728	0.02403	0.52827	0.23725	0.02131	0.01935	0.06082	0.00676	0.00496	0.00160	0.00383	0.00559	0.00520	0.00762
2	0.00964	0.00899	0.01518	0.65001	0.16971	0.01068	0.01341	0.01263	0.00982	0.01287	0.00870	0.01281	0.00674	0.00515	0.00530	0.02993	0.00626	0.00431	0.00220	0.00569
3	0.00903	0.00452	0.00452	0.00452	0.00565	0.00452	0.00339	0.01129	0.01016	0.01807	0.01581	0.01807	0.01242	0.00565	0.00339	0.00113	0.00226	0.00452	0.85659	0.00452
4	0.01310	0.01022	0.01687	0.01295	0.01582	0.01066	0.26143	0.12375	0.01199	0.14875	0.01210	0.01601	0.00985	0.11547	0.07670	0.00257	0.12682	0.00529	0.00342	0.00623
5	0.01840	0.01176	0.01321	0.01030	0.01396	0.01254	0.00845	0.52670	0.06607	0.21588	0.01447	0.04231	0.01039	0.00624	0.00491	0.00149	0.00486	0.00489	0.00512	0.00805
6	0.01005	0.00861	0.01005	0.00718	0.01148	0.00646	0.00574	0.01220	0.01005	0.01579	0.00861	0.01005	0.00718	0.00359	0.00359	0.00072	0.00359	0.00287	0.00287	0.85932
7	0.05583	0.01199	0.01144	0.00940	0.01262	0.16823	0.00750	0.14787	0.07208	0.31764	0.02844	0.01644	0.07609	0.00624	0.00473	0.00144	0.00502	0.00482	0.00465	0.03755
8	0.01183	0.01112	0.01710	0.01371	0.01567	0.03592	0.20086	0.01541	0.11317	0.06986	0.01026	0.01299	0.00841	0.00824	0.05014	0.00215	0.38937	0.00483	0.00289	0.00609
9	0.00596	0.00426	0.00563	0.00666	0.00699	0.00398	0.00445	0.00683	0.00940	0.01254	0.05086	0.76936	0.04605	0.03378	0.00659	0.00201	0.00283	0.01340	0.00449	0.00394
10	0.01141	0.01092	0.01862	0.19042	0.64332	0.01136	0.01458	0.01436	0.01076	0.01513	0.00901	0.01218	0.00743	0.00443	0.00481	0.00148	0.00590	0.00432	0.00235	0.00721
11	0.65645	0.10709	0.03620	0.00730	0.01054	0.05252	0.00634	0.01506	0.04228	0.01975	0.00740	0.00842	0.00585	0.00457	0.00322	0.00144	0.00429	0.00280	0.00292	0.00555
12	0.01325	0.01170	0.02067	0.14907	0.03539	0.04568	0.37247	0.04471	0.01166	0.14616	0.01077	0.01311	0.00787	0.00508	0.00636	0.00163	0.08981	0.00501	0.00305	0.00655
13	0.06605	0.01606	0.03473	0.01135	0.04127	0.39231	0.00862	0.13000	0.01375	0.05145	0.01254	0.13565	0.01183	0.00708	0.00480	0.00148	0.00645	0.04525	0.00342	0.00591
14	0.00618	0.00454	0.00580	0.00630	0.00703	0.00415	0.00441	0.00752	0.01089	0.01466	0.26957	0.47826	0.13649	0.01316	0.00598	0.00179	0.00260	0.01175	0.00476	0.00415
15	0.04035	0.00833	0.01011	0.00837	0.01127	0.00822	0.00670	0.07254	0.18312	0.36876	0.18708	0.02123	0.03818	0.00706	0.00503	0.00154	0.00370	0.00587	0.00542	0.00714
16	0.01261	0.66669	0.13754	0.00926	0.01375	0.04052	0.00970	0.01512	0.03436	0.01226	0.00745	0.00848	0.00648	0.00431	0.00342	0.00113	0.00553	0.00284	0.00217	0.00638
17	0.00595	0.00425	0.00567	0.00672	0.00704	0.00397	0.00450	0.00687	0.00950	0.01272	0.06513	0.78711	0.03273	0.01492	0.00616	0.00195	0.00279	0.01353	0.00454	0.00397
18	0.01078	0.01518	0.20792	0.05080	0.03365	0.03635	0.33906	0.01433	0.01020	0.01430	0.00922	0.03860	0.00760	0.00559	0.00758	0.00171	0.18353	0.00500	0.00234	0.00627
19	0.01171	0.26298	0.44257	0.01118	0.01682	0.01283	0.01314	0.01554	0.01056	0.08702	0.03562	0.01094	0.00808	0.00474	0.00418	0.00135	0.00599	0.00355	0.00256	0.03863
20	0.01182	0.01258	0.05428	0.01575	0.01853	0.01365	0.32788	0.10298	0.01098	0.01560	0.00849	0.01172	0.00698	0.00620	0.00995	0.00182	0.35718	0.00483	0.00257	0.00623
21	0.01070	0.26971	0.56853	0.01214	0.01839	0.01365	0.01499	0.01509	0.01011	0.01415	0.00810	0.00949	0.00616	0.00447	0.00415	0.00138	0.00656	0.00328	0.00205	0.00688
22	0.00668	0.00455	0.00539	0.00575	0.00584	0.00446	0.00343	0.00695	0.00775	0.01034	0.01890	0.28363	0.02219	0.57153	0.01881	0.00383	0.00410	0.00918	0.00343	0.00325
23	0.01081	0.01022	0.01661	0.06951	0.59472	0.01027	0.01267	0.01386	0.04187	0.01536	0.01607	0.01798	0.13756	0.00574	0.00496	0.00149	0.00518	0.00533	0.00283	0.00696
24	0.00903	0.00452	0.00452	0.00452	0.00565	0.00452	0.00339	0.01129	0.01016	0.01807	0.01581	0.01807	0.01242	0.00565	0.00339	0.00113	0.00226	0.00452	0.85659	0.00452
25	0.01695	0.01324	0.01363	0.01080	0.01437	0.05594	0.00877	0.59689	0.12328	0.02722	0.01283	0.03568	0.00966	0.00608	0.00483	0.00146	0.00519	0.00467	0.00466	0.03385
26	0.79030	0.00922	0.00719	0.00641	0.00935	0.01058	0.00526	0.03410	0.00880	0.02146	0.00941	0.01029	0.05271	0.00500	0.00321	0.00151	0.00371	0.00312	0.00314	0.00526
27	0.05843	0.00580	0.00700	0.00683	0.00844	0.00509	0.00490	0.00882	0.00957	0.01412	0.04365	0.52106	0.02378	0.01108	0.00524	0.00157	0.00307	0.00985	0.00397	0.24773
28	0.01171	0.00782	0.00880	0.00776	0.00990	0.04920	0.00602	0.01635	0.18622	0.18506	0.38745	0.02697	0.06013	0.00818	0.00529	0.00154	0.00337	0.00697	0.00520	0.00608
29	0.01096	0.02194	0.62863	0.01315	0.01947	0.01139	0.03005	0.05729	0.09736	0.04865	0.01051	0.01148	0.00747	0.00493	0.00468	0.00154	0.00659	0.00392	0.00268	0.00731

[dist]
# distance from previous block
# <min> <max>
2	5

[block]
# block no. 2 follows, 52 sequences, length 15
# corresponding to MSA columns:
# 617-631
name=unknown_C
#
# <colnr> <probs for GDERKNQSTAVLIFYWHMCP>
#	G	D	E	R	K	N	Q	S	T	A	V	L	I	F	Y	W	H	M	C	P
0	0.00972	0.02507	0.80458	0.01381	0.02097	0.01125	0.01790	0.01535	0.01023	0.01535	0.00870	0.01023	0.00614	0.00460	0.00460	0.00153	0.00716	0.00358	0.00205	0.00716
1	0.00903	0.00452	0.00452	0.00452	0.00565	0.00452	0.00339	0.01129	0.01016	0.01807	0.01581	0.01807	0.01242	0.00565	0.00339	0.00113	0.00226	0.00452	0.85659	0.00452
2	0.21996	0.01143	0.04503	0.02425	0.01367	0.01179	0.06376	0.32955	0.06101	0.04012	0.07652	0.01523	0.05518	0.00605	0.00458	0.00151	0.00473	0.00477	0.00411	0.00673
3	0.10662	0.00959	0.01119	0.00900	0.01233	0.00971	0.00736	0.22365	0.06962	0.37820	0.04356	0.04476	0.01292	0.00655	0.00481	0.00154	0.00429	0.03164	0.00517	0.00748
4	0.00999	0.02321	0.70669	0.08373	0.02183	0.01135	0.01720	0.04339	0.01065	0.01565	0.00880	0.01052	0.00624	0.00467	0.00463	0.00154	0.00703	0.00367	0.00216	0.00705
5	0.01226	0.01158	0.01187	0.00898	0.01298	0.13208	0.03884	0.09678	0.01205	0.01677	0.00882	0.01014	0.00716	0.00407	0.00393	0.00092	0.00476	0.00319	0.00301	0.59981
6	0.01235	0.01209	0.06499	0.10662	0.02046	0.01139	0.31628	0.20354	0.01371	0.03564	0.01200	0.09950	0.01013	0.00583	0.00525	0.00156	0.00630	0.00579	0.00330	0.05325
7	0.00903	0.00452	0.00452	0.00452	0.00565	0.00452	0.00339	0.01129	0.01016	0.01807	0.01581	0.01807	0.01242	0.00565	0.00339	0.00113	0.00226	0.00452	0.85659	0.00452
8	0.01041	0.00883	0.01024	0.00735	0.01164	0.00683	0.00589	0.04567	0.01060	0.01643	0.00874	0.01012	0.00722	0.00369	0.00364	0.00075	0.00366	0.00294	0.00296	0.82238
9	0.01096	0.01050	0.01420	0.01191	0.01269	0.01375	0.00989	0.05392	0.00861	0.01324	0.00695	0.01059	0.00657	0.00769	0.01368	0.00190	0.66857	0.00407	0.00237	0.11798
10	0.01070	0.00916	0.01245	0.00892	0.01328	0.00722	0.10438	0.01309	0.01038	0.04767	0.00919	0.01069	0.00740	0.00375	0.00391	0.00087	0.00419	0.00331	0.00294	0.71649
11	0.00903	0.00452	0.00452	0.00452	0.00565	0.00452	0.00339	0.01129	0.01016	0.01807	0.01581	0.01807	0.01242	0.00565	0.00339	0.00113	0.00226	0.00452	0.85659	0.00452
12	0.03527	0.00915	0.01510	0.64573	0.14838	0.01103	0.01333	0.01279	0.00977	0.01316	0.00855	0.01255	0.00661	0.00488	0.00517	0.00160	0.03474	0.00426	0.00221	0.00572
13	0.00903	0.00452	0.00452	0.00452	0.00565	0.00452	0.00339	0.01129	0.01016	0.01807	0.01581	0.01807	0.01242	0.00565	0.00339	0.00113	0.00226	0.00452	0.85659	0.00452
14	0.01995	0.00945	0.03159	0.00911	0.01283	0.00856	0.00765	0.12234	0.07142	0.60666	0.03638	0.01628	0.01236	0.00607	0.00489	0.00151	0.00429	0.00491	0.00565	0.00809

[dist]
# distance from previous block
# <min> <max>
0	1

[block]
# block no. 3 follows, 52 sequences, length 49
# corresponding to MSA columns:
# 633-681
name=unknown_D
#
# <colnr> <probs for GDERKNQSTAVLIFYWHMCP>
#	G	D	E	R	K	N	Q	S	T	A	V	L	I	F	Y	W	H	M	C	P
0	0.01295	0.55929	0.18721	0.00994	0.01455	0.08995	0.01044	0.04312	0.01075	0.01297	0.00740	0.00852	0.00628	0.00438	0.00360	0.00118	0.00593	0.00291	0.00221	0.00643
1	0.79970	0.03305	0.00784	0.00653	0.00960	0.01093	0.00542	0.01469	0.00856	0.05825	0.00733	0.00828	0.00559	0.00456	0.00309	0.00149	0.00381	0.00273	0.00311	0.00542
2	0.00633	0.00540	0.00549	0.00539	0.00711	0.00482	0.00406	0.00870	0.08101	0.01391	0.06663	0.04380	0.70705	0.01170	0.00566	0.00163	0.00257	0.00976	0.00456	0.00442
3	0.00682	0.00492	0.00644	0.00612	0.00723	0.00455	0.00457	0.00904	0.01353	0.01913	0.76428	0.06967	0.04515	0.01013	0.00574	0.00154	0.00231	0.00898	0.00530	0.00455
4	0.01306	0.77332	0.02459	0.00861	0.01254	0.04771	0.00841	0.01458	0.00990	0.01143	0.00675	0.00791	0.00622	0.00433	0.00362	0.00108	0.03501	0.00267	0.00209	0.00616
5	0.00903	0.00452	0.00452	0.00452	0.00565	0.00452	0.00339	0.01129	0.01016	0.01807	0.01581	0.01807	0.01242	0.00565	0.00339	0.00113	0.00226	0.00452	0.85659	0.00452
6	0.00935	0.00888	0.01519	0.75773	0.06925	0.01085	0.03584	0.01259	0.00980	0.01264	0.00867	0.01288	0.00654	0.00480	0.00487	0.00161	0.00648	0.00435	0.00217	0.00552
7	0.03014	0.08531	0.69839	0.01313	0.01984	0.01198	0.01657	0.04322	0.01061	0.01575	0.00861	0.01004	0.00620	0.00461	0.00446	0.00149	0.00687	0.00351	0.00217	0.00709
8	0.01328	0.01369	0.01813	0.02540	0.60739	0.16157	0.01346	0.03192	0.04017	0.01555	0.00925	0.01160	0.00768	0.00456	0.00472	0.00141	0.00624	0.00414	0.00256	0.00730
9	0.11846	0.01032	0.01151	0.00933	0.01253	0.01089	0.00762	0.38102	0.01688	0.20926	0.03780	0.08824	0.01298	0.00704	0.00487	0.00156	0.00450	0.04313	0.00486	0.00720
10	0.00590	0.00422	0.00562	0.00675	0.00703	0.00394	0.00450	0.00675	0.00928	0.01237	0.02671	0.82653	0.03205	0.01518	0.00619	0.00197	0.00281	0.01378	0.00450	0.00394
11	0.03268	0.01095	0.05605	0.00970	0.01284	0.01126	0.00803	0.07399	0.55738	0.09032	0.01943	0.01806	0.05073	0.00654	0.00487	0.00159	0.00408	0.00536	0.00476	0.02139
12	0.01208	0.01322	0.12682	0.06889	0.39062	0.02878	0.04280	0.10680	0.03980	0.02721	0.04269	0.01395	0.03228	0.00524	0.00517	0.00150	0.02740	0.00465	0.00294	0.00716
13	0.00650	0.00481	0.00606	0.00602	0.00709	0.00438	0.00441	0.00834	0.01245	0.01708	0.53148	0.18526	0.16563	0.01128	0.00581	0.00163	0.00241	0.00994	0.00504	0.00438
14	0.01005	0.00861	0.01005	0.00718	0.01148	0.00646	0.00574	0.01220	0.01005	0.01579	0.00861	0.01005	0.00718	0.00359	0.00359	0.00072	0.00359	0.00287	0.00287	0.85932
15	0.01280	0.21813	0.03661	0.00964	0.01290	0.01282	0.03912	0.07836	0.30343	0.07896	0.06184	0.03277	0.01321	0.00673	0.02311	0.00159	0.01992	0.00486	0.00396	0.02926
16	0.01123	0.01073	0.03472	0.01175	0.01320	0.01305	0.04580	0.07868	0.19123	0.01542	0.01087	0.01371	0.00924	0.02927	0.07507	0.00243	0.41973	0.00473	0.00307	0.00607
17	0.00595	0.00437	0.00561	0.00658	0.00708	0.00402	0.00451	0.00690	0.00960	0.01255	0.02979	0.68808	0.13854	0.01471	0.00614	0.00193	0.00283	0.04234	0.00450	0.00398
18	0.01005	0.00861	0.01005	0.00718	0.01148	0.00646	0.00574	0.01220	0.01005	0.01579	0.00861	0.01005	0.00718	0.00359	0.00359	0.00072	0.00359	0.00287	0.00287	0.85932
19	0.01046	0.15975	0.53088	0.01299	0.01855	0.01314	0.04607	0.01470	0.00982	0.01417	0.00808	0.00998	0.00623	0.00505	0.00597	0.00154	0.12023	0.00359	0.00208	0.00672
20	0.16723	0.37967	0.03871	0.12133	0.01532	0.01497	0.00874	0.10156	0.05146	0.04805	0.00877	0.00989	0.00698	0.00471	0.00373	0.00131	0.00506	0.00330	0.00287	0.00634
21	0.01259	0.00963	0.01051	0.00942	0.01213	0.01075	0.00741	0.02371	0.62255	0.10711	0.02149	0.02130	0.05589	0.00716	0.00506	0.00166	0.00383	0.04543	0.00500	0.00738
22	0.01144	0.00926	0.01001	0.00900	0.01152	0.01035	0.00699	0.02232	0.60491	0.05657	0.11954	0.02217	0.07005	0.00734	0.00508	0.00162	0.00356	0.00618	0.00500	0.00707
23	0.00981	0.04879	0.78169	0.01365	0.02072	0.01149	0.01762	0.01532	0.01022	0.01523	0.00864	0.01016	0.00614	0.00459	0.00456	0.00152	0.00710	0.00355	0.00205	0.00713
24	0.00591	0.00439	0.00551	0.00635	0.00694	0.00399	0.00434	0.00689	0.00981	0.01280	0.06224	0.63896	0.18541	0.01439	0.00607	0.00188	0.00272	0.01287	0.00453	0.00399
25	0.00915	0.00861	0.01453	0.81804	0.03338	0.01077	0.01346	0.01238	0.00969	0.01238	0.00861	0.01292	0.00646	0.00484	0.00484	0.00161	0.00646	0.00431	0.00215	0.00538
26	0.00598	0.00426	0.00566	0.00675	0.00704	0.00399	0.00452	0.00683	0.00925	0.01233	0.02635	0.78656	0.03154	0.03893	0.00674	0.00205	0.00290	0.02993	0.00445	0.00392
27	0.00972	0.02507	0.80458	0.01381	0.02097	0.01125	0.01790	0.01535	0.01023	0.01535	0.00870	0.01023	0.00614	0.00460	0.00460	0.00153	0.00716	0.00358	0.00205	0.00716
28	0.01144	0.01307	0.02859	0.02042	0.02533	0.01225	0.78186	0.01552	0.01144	0.01552	0.00980	0.01307	0.00735	0.00408	0.00572	0.00163	0.00817	0.00572	0.00245	0.00654
29	0.01810	0.02310	0.01373	0.01248	0.01498	0.81024	0.00936	0.01935	0.01373	0.01186	0.00749	0.00874	0.00624	0.00499	0.00437	0.00125	0.00874	0.00312	0.00250	0.00562
30	0.09095	0.04004	0.24897	0.03395	0.01479	0.03335	0.03215	0.15074	0.01222	0.06628	0.04308	0.04610	0.01105	0.09652	0.05716	0.00224	0.00606	0.00483	0.00326	0.00624
31	0.00573	0.00491	0.00491	0.00491	0.00655	0.00409	0.00368	0.00695	0.01105	0.01309	0.04909	0.04664	0.79750	0.01227	0.00573	0.00164	0.00245	0.01023	0.00450	0.00409
32	0.01132	0.00971	0.01030	0.00938	0.01192	0.01108	0.00727	0.02348	0.69271	0.01954	0.04323	0.04252	0.06141	0.00732	0.00506	0.00166	0.00369	0.01626	0.00490	0.00723
33	0.00991	0.06256	0.73739	0.01351	0.02025	0.01177	0.01717	0.01517	0.01010	0.01502	0.00851	0.01013	0.00615	0.00473	0.00497	0.00153	0.03846	0.00356	0.00205	0.00705
34	0.00602	0.00481	0.00538	0.00547	0.00678	0.00418	0.00401	0.00743	0.01139	0.01445	0.21880	0.16397	0.50591	0.01217	0.00579	0.00166	0.00247	0.01043	0.00469	0.00418
35	0.12941	0.00897	0.00985	0.00730	0.01136	0.00757	0.00586	0.04395	0.03102	0.01733	0.00877	0.01002	0.00715	0.00388	0.00359	0.00088	0.00369	0.00297	0.00302	0.68340
36	0.01330	0.00968	0.01179	0.00895	0.01262	0.00908	0.02506	0.13881	0.05697	0.13655	0.02286	0.01224	0.00901	0.00500	0.00520	0.00116	0.07410	0.00383	0.00374	0.44004
37	0.13074	0.01134	0.01775	0.03952	0.66483	0.02326	0.01343	0.01481	0.01066	0.01654	0.00875	0.01139	0.00730	0.00436	0.00454	0.00145	0.00553	0.00406	0.00248	0.00727
38	0.05573	0.00842	0.01101	0.00856	0.01215	0.00761	0.00704	0.05113	0.03457	0.69055	0.04835	0.01676	0.01295	0.00610	0.00483	0.00150	0.00407	0.00493	0.00578	0.00797
39	0.00705	0.00470	0.00529	0.00529	0.00529	0.00470	0.00294	0.00705	0.00705	0.00940	0.01527	0.03171	0.01762	0.82969	0.02467	0.00470	0.00470	0.00705	0.00294	0.00294
40	0.01714	0.01067	0.01222	0.00962	0.01296	0.01119	0.00784	0.42541	0.05907	0.22805	0.12561	0.01702	0.01502	0.01886	0.00528	0.00153	0.00450	0.00522	0.00519	0.00761
41	0.01478	0.01123	0.01129	0.00880	0.01250	0.12995	0.00701	0.10783	0.03093	0.19128	0.04180	0.01266	0.00989	0.00491	0.00425	0.00111	0.00465	0.00382	0.00388	0.38743
42	0.00761	0.00628	0.00845	0.00804	0.00890	0.02837	0.01866	0.00911	0.00853	0.01188	0.07030	0.02231	0.06812	0.11709	0.49305	0.00571	0.09450	0.00585	0.00290	0.00435
43	0.01072	0.01018	0.01712	0.38301	0.43323	0.01119	0.01403	0.01406	0.03261	0.01441	0.00919	0.01258	0.00733	0.00462	0.00482	0.00152	0.00602	0.00435	0.00236	0.00665
44	0.00988	0.00926	0.01558	0.52693	0.26249	0.01061	0.01337	0.01294	0.01030	0.01377	0.04256	0.01462	0.00900	0.00510	0.00491	0.00157	0.00602	0.02264	0.00242	0.00602
45	0.00609	0.00436	0.00581	0.00672	0.00715	0.00407	0.00460	0.00718	0.00995	0.01342	0.13399	0.69400	0.03384	0.01440	0.00613	0.00191	0.00279	0.03495	0.00461	0.00404
46	0.01127	0.00937	0.01394	0.52811	0.04491	0.03369	0.02947	0.06629	0.05008	0.08526	0.03980	0.02730	0.01953	0.00556	0.00505	0.00159	0.01499	0.00480	0.00302	0.00597
47	0.00962	0.00896	0.01489	0.73965	0.08599	0.01094	0.01343	0.03521	0.01017	0.01315	0.00874	0.01282	0.00660	0.00484	0.00484	0.00160	0.00638	0.00431	0.00225	0.00563
48	0.00573	0.00489	0.00493	0.00496	0.00656	0.00409	0.00371	0.00695	0.01099	0.01307	0.04845	0.06912	0.77543	0.01236	0.00574	0.00165	0.00246	0.01033	0.00450	0.00409

[dist]
# distance from previous block
# <min> <max>
0	24

[block]
# block no. 4 follows, 52 sequences, length 21
# corresponding to MSA columns:
# 706-726
name=unknown_E
#
# <colnr> <probs for GDERKNQSTAVLIFYWHMCP>
#	G	D	E	R	K	N	Q	S	T	A	V	L	I	F	Y	W	H	M	C	P
0	0.00698	0.00511	0.00657	0.00617	0.00738	0.00478	0.00464	0.00957	0.03650	0.01928	0.75284	0.03596	0.06613	0.00988	0.00569	0.00153	0.00234	0.00871	0.00530	0.00465
1	0.00590	0.00422	0.00562	0.00675	0.00703	0.00394	0.00450	0.00675	0.00928	0.01237	0.02671	0.82653	0.03205	0.01518	0.00619	0.00197	0.00281	0.01378	0.00450	0.00394
2	0.00692	0.00519	0.00779	0.00779	0.00865	0.00606	0.00606	0.00865	0.00779	0.01125	0.01298	0.01904	0.01211	0.03634	0.81049	0.00779	0.01298	0.00519	0.00260	0.00433
3	0.86392	0.00937	0.00712	0.00637	0.00937	0.01087	0.00525	0.01425	0.00825	0.02174	0.00675	0.00787	0.00525	0.00450	0.00300	0.00150	0.00375	0.00262	0.00300	0.00525
4	0.01810	0.02310	0.01373	0.01248	0.01498	0.81024	0.00936	0.01935	0.01373	0.01186	0.00749	0.00874	0.00624	0.00499	0.00437	0.00125	0.00874	0.00312	0.00250	0.00562
5	0.01222	0.01194	0.01945	0.02911	0.77056	0.04094	0.01467	0.01504	0.01113	0.01569	0.00906	0.01187	0.00762	0.00434	0.00478	0.00143	0.00587	0.00427	0.00240	0.00760
6	0.00573	0.00491	0.00491	0.00491	0.00655	0.00409	0.00368	0.00695	0.01105	0.01309	0.04909	0.04664	0.79750	0.01227	0.00573	0.00164	0.00245	0.01023	0.00450	0.00409
7	0.01369	0.01092	0.01622	0.03916	0.45479	0.01127	0.01188	0.07199	0.17806	0.12293	0.01287	0.01389	0.00978	0.00514	0.00484	0.00150	0.00512	0.00464	0.00358	0.00774
8	0.01193	0.45463	0.34399	0.01080	0.01608	0.06194	0.01229	0.01513	0.01023	0.01304	0.00758	0.00884	0.00619	0.00438	0.00380	0.00125	0.00620	0.00303	0.00209	0.00657
9	0.00590	0.00422	0.00562	0.00675	0.00703	0.00394	0.00450	0.00675	0.00928	0.01237	0.02671	0.82653	0.03205	0.01518	0.00619	0.00197	0.00281	0.01378	0.00450	0.00394
10	0.01035	0.00879	0.01021	0.00732	0.01161	0.00677	0.00587	0.03974	0.01050	0.01632	0.00872	0.01011	0.00722	0.00367	0.00363	0.00074	0.00365	0.00292	0.00294	0.82893
11	0.18898	0.01084	0.01196	0.00977	0.02864	0.01158	0.00784	0.32488	0.06128	0.25824	0.01319	0.01269	0.00909	0.00568	0.00473	0.00150	0.02262	0.00423	0.00471	0.00753
12	0.76060	0.01038	0.00812	0.00753	0.03095	0.05753	0.00589	0.04315	0.00918	0.02134	0.00704	0.00817	0.00548	0.00457	0.00320	0.00148	0.00415	0.00276	0.00302	0.00545
13	0.00641	0.00477	0.00597	0.00602	0.00705	0.00433	0.00438	0.00814	0.01214	0.01651	0.46667	0.22633	0.19020	0.01163	0.00583	0.00165	0.00244	0.01024	0.00497	0.00433
14	0.00700	0.00468	0.00530	0.00534	0.00535	0.00467	0.00300	0.00704	0.00713	0.00951	0.01571	0.06250	0.01818	0.79814	0.02395	0.00459	0.00463	0.00731	0.00300	0.00298
15	0.01117	0.01180	0.02210	0.06638	0.17036	0.01277	0.36786	0.01410	0.01010	0.01429	0.00861	0.01214	0.00708	0.00544	0.00843	0.00174	0.24202	0.00494	0.00233	0.00633
16	0.79463	0.04539	0.00820	0.00664	0.00972	0.01139	0.00553	0.04357	0.00887	0.02163	0.00693	0.00801	0.00540	0.00453	0.00307	0.00148	0.00387	0.00269	0.00303	0.00540
17	0.00597	0.00427	0.00570	0.00683	0.00714	0.00400	0.00462	0.00687	0.00935	0.01245	0.02667	0.79824	0.03190	0.01512	0.00620	0.00198	0.00287	0.04138	0.00450	0.00396
18	0.05166	0.01087	0.01111	0.00968	0.01249	0.04219	0.00761	0.14796	0.51878	0.03786	0.08202	0.01768	0.01548	0.00656	0.00487	0.00158	0.00414	0.00534	0.00479	0.00733
19	0.01846	0.01649	0.01413	0.01148	0.01490	0.27784	0.00917	0.49740	0.01940	0.05800	0.01059	0.01089	0.00774	0.00555	0.00469	0.00139	0.00641	0.00397	0.00412	0.00737
20	0.00590	0.00422	0.00562	0.00675	0.00703	0.00394	0.00450	0.00675	0.00928	0.01237	0.02671	0.82653	0.03205	0.01518	0.00619	0.00197	0.00281	0.01378	0.00450	0.00394

[dist]
# distance from previous block
# <min> <max>
119	724

[block]
# block no. 5 follows, 52 sequences, length 42
# corresponding to MSA columns:
# 1567-1607,1609
name=unknown_F
#
# <colnr> <probs for GDERKNQSTAVLIFYWHMCP>
#	G	D	E	R	K	N	Q	S	T	A	V	L	I	F	Y	W	H	M	C	P
0	0.01083	0.00906	0.01027	0.09468	0.01356	0.01017	0.00752	0.09983	0.42434	0.01879	0.04626	0.10099	0.11704	0.00800	0.00516	0.00165	0.00394	0.00677	0.00454	0.00656
1	0.00667	0.00495	0.00621	0.00590	0.00712	0.00449	0.00442	0.00878	0.01327	0.01837	0.67158	0.03795	0.17172	0.01030	0.00572	0.00154	0.00231	0.00901	0.00519	0.00449
2	0.01383	0.65589	0.02256	0.04488	0.01345	0.03982	0.00841	0.01592	0.03807	0.09574	0.00862	0.00932	0.00715	0.00448	0.00348	0.00114	0.00518	0.00303	0.00261	0.00643
3	0.00903	0.00452	0.00452	0.00452	0.00565	0.00452	0.00339	0.01129	0.01016	0.01807	0.01581	0.01807	0.01242	0.00565	0.00339	0.00113	0.00226	0.00452	0.85659	0.00452
4	0.04019	0.01294	0.04916	0.01066	0.01461	0.01324	0.00909	0.57428	0.03561	0.17136	0.01292	0.01250	0.00889	0.00578	0.00480	0.00147	0.00512	0.00440	0.00489	0.00811
5	0.29468	0.07193	0.01234	0.17382	0.01647	0.24259	0.00856	0.02899	0.01099	0.08643	0.00853	0.00998	0.00651	0.00484	0.00398	0.00142	0.00591	0.00334	0.00292	0.00577
6	0.03791	0.01033	0.05509	0.35459	0.25557	0.01036	0.02594	0.01548	0.01088	0.16129	0.01069	0.01303	0.00782	0.00487	0.00478	0.00153	0.00580	0.00435	0.00297	0.00670
7	0.42263	0.02952	0.01238	0.07220	0.24181	0.04470	0.00907	0.01540	0.02490	0.07411	0.00873	0.01028	0.00677	0.00463	0.00389	0.00147	0.00480	0.00347	0.00297	0.00626
8	0.00615	0.00459	0.00655	0.00728	0.00774	0.00429	0.03603	0.00711	0.00932	0.01244	0.02581	0.77852	0.03078	0.03009	0.00651	0.00201	0.00306	0.01332	0.00439	0.00402
9	0.01283	0.01108	0.01436	0.08151	0.27676	0.04392	0.01061	0.03819	0.36776	0.06931	0.01457	0.01500	0.01107	0.00556	0.00485	0.00154	0.00494	0.00484	0.00383	0.00746
10	0.01355	0.16658	0.36096	0.01164	0.01696	0.01370	0.01270	0.25149	0.04103	0.05205	0.01005	0.01075	0.00734	0.00502	0.00443	0.00142	0.00600	0.00376	0.00317	0.00738
11	0.00598	0.00485	0.00525	0.00527	0.00666	0.00418	0.00388	0.00731	0.01123	0.01400	0.17369	0.10713	0.58364	0.03743	0.00635	0.00174	0.00252	0.01016	0.00459	0.00412
12	0.01005	0.00861	0.01005	0.00718	0.01148	0.00646	0.00574	0.01220	0.01005	0.01579	0.00861	0.01005	0.00718	0.00359	0.00359	0.00072	0.00359	0.00287	0.00287	0.85932
13	0.01043	0.01029	0.03552	0.44947	0.37276	0.01111	0.01419	0.01356	0.01030	0.01398	0.00884	0.01245	0.00699	0.00461	0.00482	0.00154	0.00616	0.00429	0.00226	0.00644
14	0.01252	0.69939	0.11967	0.00988	0.04727	0.01789	0.00974	0.01463	0.00994	0.01207	0.00708	0.00825	0.00627	0.00421	0.00336	0.00111	0.00545	0.00279	0.00208	0.00640
15	0.00586	0.00453	0.00530	0.00591	0.00677	0.00403	0.00410	0.00685	0.00997	0.01259	0.03603	0.46485	0.36241	0.03916	0.00656	0.00191	0.00272	0.01203	0.00445	0.00397
16	0.01005	0.00861	0.01005	0.00718	0.01148	0.00646	0.00574	0.01220	0.01005	0.01579	0.00861	0.01005	0.00718	0.00359	0.00359	0.00072	0.00359	0.00287	0.00287	0.85932
17	0.00667	0.00491	0.00623	0.00707	0.02771	0.00449	0.00500	0.00797	0.01047	0.03176	0.08458	0.41575	0.25154	0.01328	0.00602	0.00185	0.00298	0.10292	0.00453	0.00428
18	0.00953	0.02203	0.00990	0.00899	0.01021	0.07253	0.00711	0.03861	0.03251	0.04444	0.01204	0.01660	0.01078	0.02669	0.55030	0.00580	0.10929	0.00483	0.00281	0.00498
19	0.01205	0.01041	0.01096	0.00986	0.01260	0.01205	0.00767	0.02575	0.79071	0.02027	0.01972	0.01808	0.01479	0.00657	0.00493	0.00164	0.00384	0.00548	0.00493	0.00767
20	0.01394	0.04044	0.01307	0.04670	0.01426	0.01329	0.00865	0.29287	0.37143	0.02233	0.01470	0.01469	0.01109	0.00733	0.03422	0.00181	0.06252	0.00483	0.00439	0.00743
21	0.01172	0.03651	0.33243	0.01084	0.01534	0.01041	0.01139	0.01897	0.26917	0.11746	0.04360	0.05224	0.03593	0.00631	0.00485	0.00158	0.00511	0.00519	0.00381	0.00712
22	0.00590	0.00422	0.00562	0.00675	0.00703	0.00394	0.00450	0.00675	0.00928	0.01237	0.02671	0.82653	0.03205	0.01518	0.00619	0.00197	0.00281	0.01378	0.00450	0.00394
23	0.00599	0.00437	0.00565	0.00662	0.00711	0.00404	0.00455	0.00696	0.00965	0.01268	0.04323	0.68736	0.12058	0.01467	0.00615	0.00193	0.00283	0.04710	0.00451	0.00399
24	0.00632	0.00451	0.00610	0.00722	0.00768	0.00429	0.00522	0.00746	0.00969	0.01283	0.02648	0.65867	0.03115	0.01479	0.00630	0.00203	0.00317	0.17754	0.00449	0.00405
25	0.11766	0.01503	0.01282	0.03013	0.03485	0.29469	0.00866	0.17291	0.01402	0.11855	0.00979	0.01064	0.00738	0.00540	0.00526	0.00140	0.07129	0.00367	0.00347	0.06239
26	0.01467	0.56356	0.02152	0.00969	0.01328	0.28209	0.00865	0.01612	0.01114	0.01155	0.00699	0.00809	0.00623	0.00443	0.00353	0.00111	0.00636	0.00277	0.00221	0.00602
27	0.01810	0.02310	0.01373	0.01248	0.01498	0.81024	0.00936	0.01935	0.01373	0.01186	0.00749	0.00874	0.00624	0.00499	0.00437	0.00125	0.00874	0.00312	0.00250	0.00562
28	0.01260	0.07215	0.48446	0.01282	0.01832	0.17883	0.03833	0.01660	0.01125	0.07730	0.00961	0.02926	0.00727	0.00500	0.00456	0.00145	0.00706	0.00383	0.00253	0.00677
29	0.00585	0.00442	0.00541	0.00621	0.00689	0.00398	0.00426	0.00681	0.00980	0.01258	0.03326	0.59836	0.25599	0.01433	0.00605	0.00187	0.00271	0.01274	0.00450	0.00398
30	0.38451	0.19912	0.15557	0.04223	0.03802	0.03571	0.00914	0.03903	0.02978	0.01765	0.00775	0.00901	0.00612	0.00455	0.00359	0.00140	0.00505	0.00305	0.00266	0.00606
31	0.01081	0.01067	0.01929	0.29440	0.37728	0.01124	0.15719	0.01402	0.01072	0.01469	0.02737	0.01307	0.00809	0.00458	0.00501	0.00154	0.00636	0.00468	0.00239	0.00661
32	0.00573	0.00491	0.00491	0.00491	0.00655	0.00409	0.00368	0.00695	0.01105	0.01309	0.04909	0.04664	0.79750	0.01227	0.00573	0.00164	0.00245	0.01023	0.00450	0.00409
33	0.01212	0.01172	0.01884	0.08694	0.68684	0.03902	0.01434	0.03043	0.02420	0.01581	0.00925	0.01204	0.00767	0.00445	0.00479	0.00145	0.00587	0.00430	0.00248	0.00745
34	0.01977	0.01141	0.01321	0.01012	0.01395	0.01182	0.00836	0.47501	0.01917	0.34394	0.01467	0.01361	0.00976	0.00589	0.00486	0.00147	0.00484	0.00457	0.00531	0.00824
35	0.01270	0.76802	0.08772	0.00873	0.01312	0.01854	0.00906	0.01458	0.00988	0.01172	0.00689	0.00797	0.00621	0.00418	0.00323	0.00108	0.00534	0.00267	0.00207	0.00629
36	0.81948	0.00982	0.00749	0.00666	0.00967	0.03021	0.00546	0.03630	0.00879	0.02176	0.00690	0.00800	0.00536	0.00455	0.00308	0.00149	0.00391	0.00269	0.00304	0.00534
37	0.00591	0.00429	0.00559	0.00659	0.00700	0.00396	0.00444	0.00682	0.00951	0.01258	0.04574	0.75007	0.08993	0.01484	0.00614	0.00193	0.00277	0.01340	0.00452	0.00396
38	0.00705	0.00470	0.00529	0.00529	0.00529	0.00470	0.00294	0.00705	0.00705	0.00940	0.01527	0.03171	0.01762	0.82969	0.02467	0.00470	0.00470	0.00705	0.00294	0.00294
39	0.52741	0.01566	0.29597	0.00992	0.01450	0.01145	0.02702	0.01520	0.00956	0.01995	0.00833	0.00996	0.00639	0.00506	0.00400	0.00166	0.00535	0.00331	0.00291	0.00638
40	0.01100	0.01025	0.01687	0.50928	0.30793	0.01154	0.01416	0.01381	0.01063	0.01437	0.00954	0.01360	0.00765	0.00526	0.00539	0.00171	0.02331	0.00456	0.00252	0.00661
41	0.00675	0.00483	0.00622	0.00730	0.00766	0.00444	0.00486	0.00737	0.00979	0.01313	0.02728	0.81756	0.03249	0.01558	0.00651	0.00211	0.00310	0.01391	0.00475	0.00437

[dist]
# distance from previous block
# <min> <max>
0	3

[block]
# block no. 6 follows, 52 sequences, length 28
# corresponding to MSA columns:
# 1613-1640
name=unknown_G
#
# <colnr> <probs for GDERKNQSTAVLIFYWHMCP>
#	G	D	E	R	K	N	Q	S	T	A	V	L	I	F	Y	W	H	M	C	P
0	0.01112	0.00982	0.01523	0.02261	0.01517	0.03128	0.23602	0.01417	0.07388	0.05459	0.23339	0.05113	0.11405	0.00875	0.00680	0.00188	0.05742	0.03206	0.00439	0.00626
1	0.01257	0.01182	0.01847	0.10039	0.48297	0.01307	0.01388	0.01455	0.01065	0.01546	0.00955	0.01342	0.00839	0.00644	0.00858	0.00189	0.24305	0.00471	0.00274	0.00739
2	0.00730	0.00525	0.00660	0.00757	0.00804	0.00477	0.00507	0.00784	0.01029	0.01383	0.05041	0.76584	0.05615	0.01559	0.00668	0.00217	0.00326	0.01375	0.00493	0.00466
3	0.01397	0.76395	0.07715	0.00952	0.01391	0.01916	0.00944	0.01543	0.01069	0.01292	0.00819	0.00976	0.00745	0.00504	0.00379	0.00131	0.00573	0.00310	0.00252	0.00693
4	0.00744	0.00530	0.00665	0.00760	0.00801	0.00487	0.00508	0.00791	0.00999	0.01343	0.02662	0.71650	0.03139	0.08542	0.00830	0.00244	0.00350	0.04022	0.00477	0.00457
5	0.00952	0.00895	0.01494	0.71689	0.10825	0.01088	0.01343	0.01302	0.03252	0.01295	0.00899	0.01298	0.00682	0.00484	0.00484	0.00160	0.00631	0.00434	0.00226	0.00568
6	0.07098	0.01129	0.01463	0.50559	0.14581	0.13127	0.01238	0.01413	0.01047	0.02681	0.00857	0.01186	0.00662	0.00478	0.00464	0.00152	0.00647	0.00402	0.00237	0.00581
7	0.01810	0.02310	0.01373	0.01248	0.01498	0.81024	0.00936	0.01935	0.01373	0.01186	0.00749	0.00874	0.00624	0.00499	0.00437	0.00125	0.00874	0.00312	0.00250	0.00562
8	0.13084	0.01212	0.06948	0.06053	0.31346	0.01172	0.21220	0.01441	0.01027	0.01594	0.00900	0.02713	0.00744	0.00491	0.00580	0.00158	0.07950	0.00457	0.00248	0.00661
9	0.00578	0.00487	0.00502	0.00508	0.00660	0.00410	0.00377	0.00702	0.01103	0.01328	0.07604	0.09746	0.71865	0.01237	0.00576	0.00165	0.00247	0.01040	0.00453	0.00410
10	0.01412	0.01169	0.01241	0.01135	0.06343	0.05272	0.00844	0.25333	0.40358	0.03893	0.03447	0.01678	0.04392	0.00641	0.00492	0.00155	0.00458	0.00520	0.00463	0.00754
11	0.36229	0.00892	0.03165	0.24277	0.01669	0.00976	0.00814	0.05509	0.01027	0.04780	0.07451	0.09004	0.01190	0.00619	0.00428	0.00158	0.00452	0.00488	0.00327	0.00544
12	0.00583	0.00487	0.00508	0.00512	0.00663	0.00412	0.00381	0.00712	0.01115	0.01357	0.10946	0.09567	0.68640	0.01226	0.00576	0.00165	0.00246	0.01033	0.00457	0.00412
13	0.00982	0.05129	0.77928	0.01363	0.02070	0.01151	0.01759	0.01532	0.01022	0.01522	0.00863	0.01015	0.00614	0.00459	0.00456	0.00152	0.00710	0.00355	0.00205	0.00713
14	0.08554	0.12803	0.19436	0.02779	0.02916	0.01022	0.00964	0.01720	0.02773	0.25270	0.01162	0.01180	0.00825	0.00481	0.00417	0.00130	0.00491	0.00369	0.00354	0.16352
15	0.03635	0.02018	0.01429	0.01230	0.01522	0.57526	0.03533	0.20226	0.01571	0.01668	0.00855	0.00956	0.00674	0.00515	0.00450	0.00132	0.00779	0.00350	0.00307	0.00627
16	0.02060	0.00922	0.01174	0.00910	0.01280	0.00867	0.00748	0.14220	0.06496	0.63235	0.01799	0.01584	0.01159	0.00601	0.00487	0.00150	0.00429	0.00483	0.00575	0.00821
17	0.00705	0.00470	0.00529	0.00529	0.00529	0.00470	0.00294	0.00705	0.00705	0.00940	0.01527	0.03171	0.01762	0.82969	0.02467	0.00470	0.00470	0.00705	0.00294	0.00294
18	0.01083	0.16228	0.47176	0.01451	0.07564	0.01270	0.11035	0.03609	0.01063	0.01497	0.00879	0.01092	0.00679	0.02747	0.00506	0.00154	0.00672	0.00385	0.00223	0.00687
19	0.86392	0.00937	0.00712	0.00637	0.00937	0.01087	0.00525	0.01425	0.00825	0.02174	0.00675	0.00787	0.00525	0.00450	0.00300	0.00150	0.00375	0.00262	0.00300	0.00525
20	0.03411	0.00840	0.01075	0.00848	0.01192	0.00778	0.00693	0.05491	0.08689	0.62029	0.01838	0.01642	0.01202	0.00599	0.00473	0.00148	0.00399	0.00484	0.07387	0.00784
21	0.01409	0.01094	0.02724	0.03911	0.01378	0.04203	0.02427	0.19371	0.11580	0.14127	0.04023	0.04216	0.02635	0.00796	0.03088	0.00186	0.21249	0.00513	0.00400	0.00670
22	0.01218	0.01189	0.01647	0.17052	0.32261	0.11250	0.05010	0.03825	0.01106	0.04125	0.01007	0.06390	0.00882	0.00578	0.00621	0.00157	0.10283	0.00485	0.00267	0.00644
23	0.00598	0.00460	0.00550	0.00612	0.00703	0.00412	0.00437	0.00711	0.01025	0.01301	0.05961	0.43890	0.34184	0.01373	0.00602	0.00184	0.00275	0.05865	0.00452	0.00405
24	0.01267	0.01150	0.01747	0.04103	0.01772	0.02779	0.27704	0.13726	0.27071	0.04136	0.06626	0.01616	0.01268	0.00626	0.02014	0.00170	0.00584	0.00550	0.00393	0.00699
25	0.01124	0.31486	0.49118	0.01177	0.01765	0.04815	0.01409	0.01522	0.01024	0.01378	0.00794	0.00929	0.00617	0.00446	0.00406	0.00134	0.00652	0.00321	0.00208	0.00676
26	0.00602	0.00430	0.00575	0.00688	0.00721	0.00403	0.00470	0.00695	0.00939	0.01250	0.02665	0.78009	0.03180	0.01507	0.00622	0.00198	0.00291	0.05909	0.00450	0.00397
27	0.00820	0.00730	0.00964	0.00898	0.01028	0.05756	0.09805	0.03605	0.03694	0.01398	0.07134	0.47585	0.07415	0.03607	0.00670	0.00189	0.02772	0.01052	0.00409	0.00469

[dist]
# distance from previous block
# <min> <max>
1	1

[block]
# block no. 7 follows, 52 sequences, length 41
# corresponding to MSA columns:
# 1660-1700
name=unknown_H
#
# <colnr> <probs for GDERKNQSTAVLIFYWHMCP>
#	G	D	E	R	K	N	Q	S	T	A	V	L	I	F	Y	W	H	M	C	P
0	0.05660	0.14504	0.01535	0.01000	0.01386	0.01404	0.00849	0.48288	0.01837	0.17032	0.01201	0.01174	0.00847	0.00552	0.00449	0.00140	0.00501	0.00409	0.00453	0.00778
1	0.14861	0.14304	0.53916	0.01218	0.03731	0.01238	0.01434	0.01503	0.00987	0.01580	0.00810	0.00953	0.00604	0.00451	0.00413	0.00145	0.00628	0.00330	0.00221	0.00672
2	0.01810	0.02310	0.01373	0.01248	0.01498	0.81024	0.00936	0.01935	0.01373	0.01186	0.00749	0.00874	0.00624	0.00499	0.00437	0.00125	0.00874	0.00312	0.00250	0.00562
3	0.01044	0.01027	0.04138	0.17583	0.48041	0.01035	0.01305	0.01314	0.01041	0.01454	0.01159	0.11779	0.01099	0.00619	0.00540	0.00159	0.03281	0.02460	0.00265	0.00658
4	0.00597	0.00447	0.00553	0.00633	0.00700	0.00407	0.00440	0.00696	0.00978	0.01259	0.03226	0.56851	0.23189	0.03318	0.00652	0.00196	0.00284	0.04731	0.00446	0.00398
5	0.07781	0.00916	0.01464	0.36606	0.08009	0.01011	0.10968	0.01446	0.07398	0.06719	0.01196	0.06979	0.00996	0.00621	0.01611	0.00169	0.00576	0.02275	0.00300	0.02959
6	0.01017	0.02226	0.65101	0.01368	0.04445	0.01139	0.01615	0.01702	0.13666	0.01616	0.01050	0.01156	0.00759	0.00491	0.00466	0.00155	0.00658	0.00391	0.00252	0.00726
7	0.00646	0.00494	0.00592	0.00568	0.00699	0.00440	0.00426	0.00837	0.01277	0.01718	0.53169	0.03990	0.31234	0.01075	0.00572	0.00156	0.00235	0.00928	0.00504	0.00440
8	0.04097	0.01083	0.01393	0.01189	0.01282	0.01428	0.00981	0.09151	0.13390	0.01528	0.00904	0.01180	0.00786	0.00777	0.01260	0.00196	0.58052	0.00439	0.00287	0.00597
9	0.01658	0.17854	0.01574	0.01144	0.01428	0.58727	0.00901	0.01898	0.08110	0.01251	0.00842	0.00937	0.00699	0.00497	0.00418	0.00124	0.00762	0.00323	0.00263	0.00591
10	0.01199	0.01151	0.01967	0.02974	0.79946	0.01151	0.01487	0.01487	0.01103	0.01583	0.00912	0.01199	0.00768	0.00432	0.00480	0.00144	0.00576	0.00432	0.00240	0.00768
11	0.00781	0.00558	0.00781	0.00892	0.01004	0.00558	0.00781	0.01004	0.01116	0.01450	0.02566	0.05466	0.02789	0.01339	0.00669	0.00223	0.00446	0.76685	0.00446	0.00446
12	0.00705	0.00470	0.00529	0.00529	0.00529	0.00470	0.00294	0.00705	0.00705	0.00940	0.01527	0.03171	0.01762	0.82969	0.02467	0.00470	0.00470	0.00705	0.00294	0.00294
13	0.02777	0.00749	0.00870	0.00817	0.00976	0.02468	0.03046	0.05207	0.22248	0.03838	0.04934	0.23983	0.05987	0.13859	0.03492	0.00240	0.00421	0.03130	0.00426	0.00534
14	0.82595	0.00956	0.00746	0.00659	0.00963	0.01106	0.00543	0.04878	0.00890	0.02214	0.00697	0.00804	0.00538	0.00456	0.00308	0.00150	0.00382	0.00270	0.00308	0.00538
15	0.00590	0.00422	0.00562	0.00675	0.00703	0.00394	0.00450	0.00675	0.00928	0.01237	0.02671	0.82653	0.03205	0.01518	0.00619	0.00197	0.00281	0.01378	0.00450	0.00394
