[name]
unknown

[dist]
# distance from previous block
# <min> <max>
3	38

[block]
# block no. 0 follows, 44 sequences, length 7
# corresponding to MSA columns:
# 52-58
name=unknown_A
#
# <colnr> <probs for GDERKNQSTAVLIFYWHMCP>
#	G	D	E	R	K	N	Q	S	T	A	V	L	I	F	Y	W	H	M	C	P
0	0.03938	0.01237	0.01477	0.01193	0.01559	0.04027	0.08349	0.25496	0.17767	0.08793	0.01814	0.07146	0.03908	0.00757	0.00561	0.00172	0.00544	0.03549	0.00493	0.07219
1	0.01691	0.01275	0.01394	0.12143	0.01783	0.08739	0.00959	0.26132	0.06043	0.13805	0.08970	0.01677	0.01392	0.00653	0.00533	0.00156	0.00566	0.00521	0.00475	0.11092
2	0.07284	0.01210	0.01368	0.14561	0.01828	0.04340	0.00960	0.28012	0.05960	0.07126	0.01274	0.01411	0.00952	0.00754	0.04263	0.00188	0.00604	0.00461	0.03914	0.13531
3	0.08697	0.00980	0.01475	0.37131	0.10023	0.01106	0.05710	0.06361	0.01185	0.01705	0.01357	0.01828	0.04918	0.08362	0.00741	0.00207	0.00617	0.00544	0.06434	0.00618
4	0.17771	0.00866	0.01225	0.06407	0.06046	0.00943	0.08255	0.01312	0.01010	0.05275	0.02919	0.02009	0.03630	0.12406	0.24414	0.00435	0.03609	0.00568	0.00329	0.00568
5	0.20270	0.13230	0.12918	0.00974	0.01358	0.05913	0.00923	0.01642	0.02595	0.09682	0.11605	0.01817	0.01526	0.00892	0.05740	0.00208	0.00593	0.03722	0.00381	0.04011
6	0.01500	0.40351	0.17420	0.01090	0.01584	0.09352	0.01111	0.01775	0.01234	0.09944	0.04971	0.01230	0.01008	0.00540	0.00438	0.00137	0.00628	0.00386	0.00310	0.04992

[dist]
# distance from previous block
# <min> <max>
0	1

[block]
# block no. 1 follows, 44 sequences, length 7
# corresponding to MSA columns:
# 60-66
name=unknown_B
#
# <colnr> <probs for GDERKNQSTAVLIFYWHMCP>
#	G	D	E	R	K	N	Q	S	T	A	V	L	I	F	Y	W	H	M	C	P
0	0.19335	0.01233	0.01236	0.01043	0.01385	0.03900	0.00834	0.25934	0.21937	0.08604	0.01627	0.07858	0.01298	0.00730	0.00514	0.00175	0.00496	0.00569	0.00502	0.00789
1	0.01259	0.26042	0.39100	0.01273	0.01871	0.01553	0.01444	0.01947	0.17127	0.01711	0.01175	0.01255	0.00900	0.00550	0.00475	0.00158	0.00659	0.00415	0.00300	0.00786
2	0.00887	0.00474	0.00694	0.00721	0.00727	0.00467	0.00480	0.00721	0.00781	0.01041	0.01384	0.18394	0.01511	0.01854	0.01826	0.66321	0.00440	0.00702	0.00294	0.00280
3	0.01351	0.13135	0.51640	0.01406	0.02088	0.01477	0.01660	0.17404	0.01445	0.02029	0.01019	0.01147	0.00742	0.00540	0.00501	0.00163	0.00732	0.00406	0.00298	0.00817
4	0.08557	0.01127	0.01381	0.01345	0.11681	0.01173	0.00945	0.09547	0.26556	0.29065	0.01828	0.01716	0.01287	0.00655	0.00532	0.00173	0.00488	0.00537	0.00540	0.00870
5	0.01295	0.01830	0.24274	0.15605	0.34539	0.09757	0.01678	0.01696	0.01222	0.01650	0.00982	0.01269	0.00772	0.00514	0.00529	0.00166	0.00744	0.00446	0.00255	0.00777
6	0.01141	0.07159	0.63569	0.01619	0.02370	0.01333	0.11879	0.01724	0.01167	0.01704	0.00982	0.01178	0.00710	0.00507	0.00525	0.00171	0.00808	0.00429	0.00237	0.00790

[dist]
# distance from previous block
# <min> <max>
0	7

[block]
# block no. 2 follows, 44 sequences, length 89
# corresponding to MSA columns:
# 74-162
name=unknown_C
#
# <colnr> <probs for GDERKNQSTAVLIFYWHMCP>
#	G	D	E	R	K	N	Q	S	T	A	V	L	I	F	Y	W	H	M	C	P
0	0.02316	0.00997	0.01293	0.01004	0.01413	0.00919	0.00824	0.11851	0.03791	0.64019	0.02071	0.04095	0.01371	0.00704	0.00552	0.00170	0.00476	0.00572	0.00650	0.00912
1	0.00885	0.00715	0.01197	0.01091	0.01249	0.00681	0.14990	0.01062	0.01122	0.04300	0.02585	0.50553	0.05165	0.01388	0.00736	0.01796	0.02316	0.07190	0.00456	0.00522
2	0.00955	0.00876	0.01411	0.61695	0.03090	0.01046	0.01279	0.01266	0.01103	0.01410	0.01653	0.09576	0.09150	0.00745	0.00567	0.00184	0.00632	0.00656	0.00298	0.02411
3	0.01218	0.01331	0.02773	0.02048	0.02496	0.01295	0.59534	0.01618	0.01241	0.01690	0.01316	0.04182	0.01143	0.00645	0.00747	0.00196	0.07094	0.08438	0.00303	0.00691
4	0.01064	0.01004	0.01697	0.71423	0.11596	0.01220	0.01531	0.01423	0.01106	0.01434	0.00975	0.01442	0.00741	0.00539	0.00544	0.00180	0.00718	0.00485	0.00245	0.00633
5	0.01093	0.02820	0.78016	0.01554	0.02360	0.01266	0.02014	0.01727	0.01151	0.01727	0.00978	0.01151	0.00691	0.00518	0.00518	0.00173	0.00806	0.00403	0.00230	0.00806
6	0.00664	0.00474	0.00633	0.00759	0.00791	0.00443	0.00506	0.00759	0.01044	0.01392	0.03005	0.80485	0.03606	0.01708	0.00696	0.00221	0.00316	0.01550	0.00506	0.00443
7	0.01136	0.10348	0.65285	0.01485	0.02200	0.01382	0.01851	0.01688	0.01124	0.01654	0.00938	0.01127	0.00693	0.00544	0.00591	0.00172	0.06374	0.00397	0.00231	0.00781
8	0.01093	0.02820	0.78016	0.01554	0.02360	0.01266	0.02014	0.01727	0.01151	0.01727	0.00978	0.01151	0.00691	0.00518	0.00518	0.00173	0.00806	0.00403	0.00230	0.00806
9	0.02199	0.00923	0.01218	0.00965	0.01350	0.00836	0.00786	0.02550	0.09514	0.63961	0.05732	0.04283	0.01629	0.00733	0.00558	0.00172	0.00446	0.00606	0.00654	0.00887
10	0.01114	0.01055	0.01788	0.59419	0.23206	0.01233	0.01556	0.01467	0.01130	0.01495	0.00984	0.01426	0.00763	0.00529	0.00544	0.00176	0.00706	0.00485	0.00250	0.00674
11	0.10256	0.00928	0.01204	0.00937	0.01341	0.00833	0.00772	0.02505	0.01499	0.68236	0.04374	0.01833	0.01396	0.00672	0.00531	0.00169	0.00453	0.00538	0.00640	0.00883
12	0.01030	0.00969	0.01635	0.79530	0.03755	0.01211	0.01514	0.01393	0.01090	0.01393	0.00969	0.01453	0.00727	0.00545	0.00545	0.00182	0.00727	0.00484	0.00242	0.00606
13	0.02273	0.00888	0.01184	0.00923	0.01312	0.00780	0.00758	0.02514	0.02920	0.68337	0.02112	0.01878	0.01361	0.00672	0.00531	0.00165	0.00441	0.00545	0.09525	0.00882
14	0.02166	0.00937	0.01224	0.00964	0.01347	0.00857	0.00787	0.06128	0.07298	0.60334	0.10095	0.02078	0.01756	0.00725	0.00559	0.00170	0.00446	0.00597	0.00651	0.00879
15	0.01287	0.01471	0.03217	0.02298	0.02849	0.01379	0.75460	0.01746	0.01287	0.01746	0.01103	0.01471	0.00827	0.00460	0.00643	0.00184	0.00919	0.00643	0.00276	0.00735
16	0.00879	0.00628	0.00879	0.01004	0.01130	0.00628	0.00879	0.01130	0.01255	0.01632	0.02887	0.06150	0.03138	0.01506	0.00753	0.00251	0.00502	0.73770	0.00502	0.00502
17	0.01093	0.02820	0.78016	0.01554	0.02360	0.01266	0.02014	0.01727	0.01151	0.01727	0.00978	0.01151	0.00691	0.00518	0.00518	0.00173	0.00806	0.00403	0.00230	0.00806
18	0.01349	0.01295	0.02213	0.03346	0.77440	0.01295	0.01673	0.01673	0.01241	0.01781	0.01025	0.01349	0.00864	0.00486	0.00540	0.00162	0.00648	0.00486	0.00270	0.00864
19	0.01356	0.01171	0.01233	0.01109	0.01418	0.01356	0.00863	0.02897	0.76455	0.02281	0.02219	0.02034	0.01664	0.00740	0.00555	0.00185	0.00431	0.00616	0.00555	0.00863
20	0.00879	0.00628	0.00879	0.01004	0.01130	0.00628	0.00879	0.01130	0.01255	0.01632	0.02887	0.06150	0.03138	0.01506	0.00753	0.00251	0.00502	0.73770	0.00502	0.00502
21	0.01101	0.01042	0.01765	0.62470	0.20255	0.01230	0.01550	0.01456	0.01124	0.01480	0.00982	0.01430	0.00757	0.00532	0.00544	0.00177	0.00709	0.00485	0.00248	0.00663
22	0.00947	0.00473	0.00710	0.00710	0.00710	0.00473	0.00473	0.00710	0.00710	0.00947	0.00947	0.01657	0.00947	0.01894	0.02131	0.84138	0.00473	0.00473	0.00237	0.00237
23	0.00947	0.00473	0.00710	0.00710	0.00710	0.00473	0.00473	0.00710	0.00710	0.00947	0.00947	0.01657	0.00947	0.01894	0.02131	0.84138	0.00473	0.00473	0.00237	0.00237
24	0.02084	0.01508	0.01624	0.01245	0.01681	0.01663	0.01029	0.73329	0.02532	0.05773	0.01335	0.01326	0.00940	0.00655	0.00545	0.00164	0.00596	0.00493	0.00549	0.00927
25	0.01419	0.72831	0.10855	0.00999	0.01501	0.02062	0.01048	0.01642	0.01112	0.01330	0.00781	0.00904	0.00699	0.00472	0.00368	0.00123	0.00607	0.00303	0.00233	0.00711
26	0.01016	0.00508	0.00508	0.00508	0.00635	0.00508	0.00381	0.01270	0.01143	0.02033	0.01778	0.02033	0.01397	0.00635	0.00381	0.00127	0.00254	0.00508	0.83867	0.00508
27	0.01356	0.01171	0.01233	0.01109	0.01418	0.01356	0.00863	0.02897	0.76455	0.02281	0.02219	0.02034	0.01664	0.00740	0.00555	0.00185	0.00431	0.00616	0.00555	0.00863
28	0.02406	0.00992	0.01305	0.01000	0.01424	0.00896	0.00826	0.10421	0.01667	0.69902	0.02061	0.01797	0.01305	0.00673	0.00548	0.00168	0.00478	0.00542	0.00661	0.00928
29	0.02037	0.02598	0.01545	0.01404	0.01685	0.78652	0.01053	0.02177	0.01545	0.01334	0.00843	0.00983	0.00702	0.00562	0.00492	0.00140	0.00983	0.00351	0.00281	0.00632
30	0.00947	0.00473	0.00710	0.00710	0.00710	0.00473	0.00473	0.00710	0.00710	0.00947	0.00947	0.01657	0.00947	0.01894	0.02131	0.84138	0.00473	0.00473	0.00237	0.00237
31	0.01064	0.01004	0.01697	0.71423	0.11596	0.01220	0.01531	0.01423	0.01106	0.01434	0.00975	0.01442	0.00741	0.00539	0.00544	0.00180	0.00718	0.00485	0.00245	0.00633
32	0.01121	0.02658	0.69949	0.01745	0.10349	0.01269	0.01978	0.01721	0.01161	0.01732	0.00983	0.01172	0.00709	0.00515	0.00520	0.00172	0.00789	0.00412	0.00234	0.00812
33	0.01349	0.01295	0.02213	0.03346	0.77440	0.01295	0.01673	0.01673	0.01241	0.01781	0.01025	0.01349	0.00864	0.00486	0.00540	0.00162	0.00648	0.00486	0.00270	0.00864
34	0.00947	0.00473	0.00710	0.00710	0.00710	0.00473	0.00473	0.00710	0.00710	0.00947	0.00947	0.01657	0.00947	0.01894	0.02131	0.84138	0.00473	0.00473	0.00237	0.00237
35	0.01885	0.01584	0.09675	0.01227	0.01678	0.01552	0.01089	0.61883	0.02301	0.03143	0.01311	0.01349	0.00939	0.00638	0.00529	0.00162	0.00594	0.00483	0.07096	0.00881
36	0.01341	0.09916	0.08271	0.02948	0.63415	0.01385	0.01621	0.01673	0.01220	0.01724	0.00993	0.01283	0.00832	0.00486	0.00518	0.00158	0.00653	0.00459	0.00263	0.00842
37	0.00772	0.00557	0.00729	0.00686	0.00814	0.00514	0.00514	0.01029	0.01543	0.02186	0.77152	0.04072	0.05144	0.01115	0.00643	0.00171	0.00257	0.00986	0.00600	0.00514
38	0.01030	0.00969	0.01635	0.79530	0.03755	0.01211	0.01514	0.01393	0.01090	0.01393	0.00969	0.01453	0.00727	0.00545	0.00545	0.00182	0.00727	0.00484	0.00242	0.00606
39	0.01850	0.17002	0.01752	0.01283	0.01601	0.55471	0.01009	0.02160	0.10182	0.01435	0.00987	0.01085	0.00814	0.00565	0.00473	0.00141	0.00845	0.00371	0.00304	0.00671
40	0.01093	0.02820	0.78016	0.01554	0.02360	0.01266	0.02014	0.01727	0.01151	0.01727	0.00978	0.01151	0.00691	0.00518	0.00518	0.00173	0.00806	0.00403	0.00230	0.00806
41	0.01030	0.00969	0.01635	0.79530	0.03755	0.01211	0.01514	0.01393	0.01090	0.01393	0.00969	0.01453	0.00727	0.00545	0.00545	0.00182	0.00727	0.00484	0.00242	0.00606
42	0.02037	0.02598	0.01545	0.01404	0.01685	0.78652	0.01053	0.02177	0.01545	0.01334	0.00843	0.00983	0.00702	0.00562	0.00492	0.00140	0.00983	0.00351	0.00281	0.00632
43	0.01362	0.01211	0.02064	0.04376	0.51335	0.01206	0.09348	0.03424	0.02742	0.06264	0.01345	0.01965	0.01167	0.00623	0.00577	0.00176	0.00645	0.09033	0.00333	0.00808
44	0.02154	0.00874	0.01159	0.00914	0.01277	0.00772	0.00735	0.02377	0.03582	0.63900	0.02266	0.02203	0.05015	0.09241	0.00790	0.00208	0.00461	0.00605	0.00627	0.00840
45	0.01089	0.01030	0.01742	0.65403	0.17419	0.01227	0.01544	0.01445	0.01118	0.01465	0.00979	0.01434	0.00752	0.00534	0.00544	0.00178	0.00712	0.00485	0.00247	0.00653
46	0.01171	0.16262	0.50699	0.09884	0.08272	0.01419	0.01744	0.01670	0.01144	0.01617	0.00942	0.01150	0.00710	0.00509	0.00493	0.00163	0.00746	0.00399	0.00235	0.00770
47	0.01093	0.02820	0.78016	0.01554	0.02360	0.01266	0.02014	0.01727	0.01151	0.01727	0.00978	0.01151	0.00691	0.00518	0.00518	0.00173	0.00806	0.00403	0.00230	0.00806
48	0.01926	0.00966	0.01170	0.00959	0.01291	0.02706	0.00770	0.13755	0.04396	0.42387	0.05638	0.10323	0.01738	0.00815	0.00558	0.00172	0.00455	0.02042	0.07128	0.00806
49	0.01339	0.01285	0.02195	0.05740	0.75125	0.01293	0.01668	0.01664	0.01237	0.01769	0.01024	0.01353	0.00859	0.00488	0.00540	0.00163	0.00650	0.00486	0.00269	0.00855
50	0.01284	0.01007	0.01770	0.01384	0.01730	0.00946	0.28327	0.05065	0.02490	0.13894	0.09191	0.10458	0.10756	0.00904	0.00639	0.00190	0.00587	0.08249	0.00459	0.00672
51	0.00678	0.00484	0.00642	0.00748	0.00790	0.00452	0.00504	0.00788	0.01093	0.01470	0.10873	0.71026	0.03741	0.03011	0.00726	0.00221	0.00314	0.01477	0.00513	0.00448
52	0.01116	0.01031	0.01680	0.66720	0.10635	0.01245	0.01491	0.04860	0.03047	0.01546	0.01021	0.01451	0.00772	0.00549	0.00545	0.00179	0.00706	0.00488	0.00267	0.00651
53	0.01738	0.01142	0.01277	0.01043	0.01397	0.01205	0.00840	0.29922	0.19168	0.18805	0.03987	0.04034	0.11362	0.00809	0.00567	0.00174	0.00475	0.00655	0.00570	0.00831
54	0.01529	0.01565	0.02067	0.02810	0.56187	0.16196	0.03079	0.06754	0.01390	0.01806	0.01011	0.01279	0.00836	0.00511	0.00533	0.00158	0.00715	0.00464	0.00291	0.00821
55	0.00664	0.00474	0.00633	0.00759	0.00791	0.00443	0.00506	0.00759	0.01044	0.01392	0.03005	0.80485	0.03606	0.01708	0.00696	0.00221	0.00316	0.01550	0.00506	0.00443
56	0.01194	0.24378	0.57336	0.01383	0.02095	0.01511	0.01717	0.01701	0.01139	0.01604	0.00918	0.01075	0.00693	0.00504	0.00472	0.00157	0.00744	0.00372	0.00231	0.00777
57	0.03302	0.00890	0.01007	0.00886	0.01151	0.02510	0.00709	0.12811	0.08234	0.15874	0.07959	0.03206	0.22814	0.01325	0.08906	0.00255	0.00534	0.06434	0.00522	0.00669
58	0.02229	0.00960	0.01253	0.00976	0.01370	0.00879	0.00800	0.09858	0.03523	0.61574	0.08889	0.02007	0.01660	0.00714	0.00557	0.00169	0.00458	0.00584	0.00652	0.00889
59	0.00906	0.00687	0.00842	0.00856	0.01006	0.00695	0.00668	0.04762	0.11860	0.01877	0.21427	0.21463	0.10132	0.01295	0.00665	0.00205	0.00374	0.19184	0.00537	0.00559
60	0.01344	0.01309	0.02292	0.03264	0.71571	0.01302	0.07479	0.01679	0.01245	0.01778	0.01032	0.01359	0.00861	0.00484	0.00548	0.00164	0.00669	0.00498	0.00270	0.00853
61	0.01348	0.57667	0.25401	0.01119	0.01687	0.01890	0.01257	0.01661	0.01121	0.01416	0.00824	0.00957	0.00697	0.00482	0.00400	0.00133	0.00650	0.00325	0.00232	0.00731
62	0.01906	0.01070	0.01261	0.02870	0.01439	0.03460	0.00845	0.13822	0.16372	0.37379	0.04169	0.08136	0.01634	0.00790	0.00566	0.00176	0.00484	0.02192	0.00589	0.00839
63	0.01863	0.02072	0.01562	0.01531	0.09669	0.49427	0.01078	0.09033	0.05875	0.04309	0.01061	0.01194	0.00846	0.00597	0.00563	0.00152	0.04448	0.00413	0.03603	0.00702
64	0.03629	0.01163	0.01285	0.01087	0.01417	0.01269	0.00865	0.28001	0.28190	0.12164	0.01970	0.11647	0.01616	0.00834	0.00567	0.00181	0.00481	0.02253	0.00554	0.00827
65	0.00877	0.00686	0.00854	0.00839	0.00934	0.03695	0.00624	0.03416	0.00974	0.01343	0.01726	0.07955	0.04308	0.17338	0.46713	0.00651	0.02946	0.00694	0.02950	0.00478
66	0.01344	0.01292	0.02196	0.03286	0.75055	0.01307	0.01658	0.01662	0.01229	0.01766	0.01016	0.01344	0.00859	0.00500	0.00579	0.00164	0.03132	0.00485	0.00269	0.00855
67	0.01106	0.01270	0.09914	0.43902	0.05129	0.01344	0.07337	0.01445	0.01055	0.01448	0.00921	0.01356	0.00732	0.00633	0.00852	0.00194	0.19990	0.00487	0.00244	0.00642
68	0.01145	0.13961	0.67328	0.01466	0.02223	0.01393	0.01860	0.01713	0.01145	0.01663	0.00947	0.01112	0.00692	0.00511	0.00494	0.00165	0.00774	0.00387	0.00231	0.00791
69	0.01378	0.01147	0.01713	0.03887	0.44774	0.01181	0.01266	0.14558	0.01440	0.02090	0.01282	0.03970	0.01065	0.00642	0.01808	0.00170	0.00571	0.00526	0.15748	0.00784
70	0.01319	0.03485	0.07818	0.04333	0.05842	0.13872	0.38407	0.01710	0.03482	0.01631	0.01315	0.10141	0.01172	0.00652	0.00600	0.00179	0.00805	0.02235	0.00309	0.00691
71	0.01180	0.21398	0.60194	0.01407	0.02132	0.01477	0.01758	0.01704	0.01141	0.01621	0.00926	0.01085	0.00693	0.00506	0.00478	0.00159	0.00753	0.00376	0.00231	0.00781
72	0.00676	0.00485	0.00644	0.00760	0.00803	0.00453	0.00518	0.00784	0.01077	0.01436	0.06241	0.73055	0.05154	0.01669	0.00695	0.00220	0.00319	0.04054	0.00510	0.00448
73	0.01063	0.02464	0.63896	0.01528	0.02231	0.01187	0.07632	0.01625	0.01150	0.01692	0.01204	0.09618	0.01012	0.00640	0.00547	0.00179	0.00763	0.00544	0.00263	0.00762
74	0.01199	0.00803	0.00924	0.00878	0.01073	0.03523	0.00671	0.08343	0.07203	0.13493	0.09801	0.29450	0.11653	0.01222	0.00635	0.00196	0.00404	0.07373	0.00540	0.00616
75	0.01247	0.01393	0.02942	0.02171	0.04281	0.01338	0.64740	0.01667	0.01258	0.01709	0.01293	0.01724	0.03714	0.00552	0.00709	0.00188	0.05353	0.02718	0.00288	0.00713
76	0.01797	0.02246	0.01374	0.01258	0.01522	0.65194	0.00943	0.01937	0.01493	0.01358	0.01648	0.01717	0.13872	0.00703	0.00518	0.00148	0.00861	0.00489	0.00320	0.00602
77	0.01470	0.19290	0.32524	0.01306	0.01868	0.09424	0.01391	0.15063	0.09147	0.01953	0.01103	0.01193	0.00836	0.00558	0.00488	0.00157	0.00701	0.00411	0.00326	0.00793
78	0.01211	0.01381	0.04294	0.03944	0.05397	0.01272	0.61603	0.01632	0.01273	0.01710	0.01565	0.01861	0.08953	0.00562	0.00635	0.00183	0.00834	0.00683	0.00298	0.00709
79	0.00694	0.00496	0.00666	0.00793	0.00837	0.00468	0.00557	0.00810	0.01073	0.01425	0.02989	0.70256	0.03541	0.01680	0.00704	0.00225	0.00342	0.11488	0.00506	0.00451
80	0.01295	0.01240	0.02115	0.16244	0.64965	0.01281	0.01646	0.01626	0.01216	0.01715	0.01016	0.01367	0.00840	0.00496	0.00541	0.00165	0.00661	0.00486	0.00265	0.00820
81	0.01342	0.04253	0.02175	0.09451	0.66928	0.03020	0.01619	0.01660	0.01231	0.01721	0.01007	0.01332	0.00843	0.00492	0.00532	0.00161	0.00659	0.00476	0.00266	0.00831
82	0.01106	0.02748	0.74429	0.01639	0.05912	0.01267	0.01998	0.01724	0.01155	0.01729	0.00981	0.01160	0.00699	0.00516	0.00519	0.00172	0.00798	0.00407	0.00232	0.00808
83	0.00806	0.00587	0.00786	0.00879	0.00997	0.00567	0.00727	0.01020	0.01250	0.01634	0.11108	0.17795	0.11846	0.01483	0.00720	0.00230	0.00420	0.46143	0.00514	0.00489
84	0.01251	0.05518	0.67067	0.01469	0.02221	0.01250	0.01845	0.01822	0.01193	0.09807	0.01095	0.01216	0.00761	0.00533	0.00515	0.00170	0.00761	0.00414	0.00278	0.00815
85	0.01274	0.01230	0.02037	0.24694	0.55212	0.02847	0.01616	0.01605	0.01205	0.01663	0.01006	0.01371	0.00822	0.00504	0.00540	0.00167	0.00677	0.00483	0.00262	0.00786
86	0.00677	0.00548	0.00604	0.00614	0.00770	0.00474	0.00459	0.00836	0.01274	0.01595	0.17658	0.13082	0.54064	0.01374	0.00654	0.00188	0.00285	0.03852	0.00522	0.00469
87	0.01206	0.01233	0.01892	0.01556	0.01635	0.01628	0.11845	0.01374	0.00900	0.01374	0.00771	0.01233	0.00732	0.00883	0.01625	0.00231	0.68523	0.00501	0.00244	0.00616
88	0.00920	0.00745	0.01002	0.09294	0.01380	0.00773	0.03542	0.03900	0.10534	0.01671	0.02961	0.22259	0.15426	0.01266	0.00663	0.00211	0.00453	0.21966	0.00476	0.00560

[dist]
# distance from previous block
# <min> <max>
16	20

[block]
# block no. 3 follows, 44 sequences, length 8
# corresponding to MSA columns:
# 183-190
name=unknown_D
#
# <colnr> <probs for GDERKNQSTAVLIFYWHMCP>
#	G	D	E	R	K	N	Q	S	T	A	V	L	I	F	Y	W	H	M	C	P
0	0.10112	0.30512	0.13026	0.00993	0.01438	0.03022	0.00974	0.05005	0.06642	0.07212	0.04951	0.01604	0.07195	0.00624	0.00454	0.00148	0.00540	0.00463	0.00357	0.04730
1	0.01331	0.19427	0.12591	0.05529	0.07739	0.03149	0.01062	0.03012	0.02921	0.07751	0.02881	0.05075	0.01062	0.00565	0.00466	0.00135	0.00555	0.00452	0.00332	0.23966
2	0.01415	0.09726	0.13196	0.03311	0.01761	0.07433	0.11292	0.08822	0.04707	0.09086	0.01429	0.11831	0.01245	0.00690	0.00532	0.00160	0.00623	0.00596	0.00378	0.11765
3	0.04427	0.12782	0.15355	0.01290	0.09965	0.08803	0.01056	0.01551	0.01215	0.10133	0.01900	0.19954	0.07633	0.00875	0.00542	0.00172	0.00564	0.00730	0.00381	0.00673
4	0.05343	0.07757	0.04054	0.22027	0.08073	0.16304	0.01125	0.05694	0.04183	0.01749	0.14425	0.01738	0.01549	0.00661	0.00563	0.00165	0.03060	0.00525	0.00347	0.00656
5	0.08720	0.17593	0.07650	0.01043	0.02894	0.11547	0.00884	0.09528	0.02946	0.03856	0.04101	0.07888	0.01312	0.09698	0.00733	0.00192	0.00581	0.00535	0.00357	0.07944
6	0.07343	0.01169	0.08513	0.19674	0.05442	0.02548	0.01096	0.03068	0.10986	0.08602	0.09139	0.04354	0.05056	0.00737	0.00642	0.00179	0.06937	0.00592	0.00394	0.03528
7	0.01254	0.23564	0.01610	0.00964	0.01235	0.01280	0.04429	0.15472	0.05440	0.01792	0.05179	0.16726	0.01800	0.15803	0.00945	0.00232	0.00519	0.00729	0.00399	0.00627

[dist]
# distance from previous block
# <min> <max>
6	62

[block]
# block no. 4 follows, 44 sequences, length 8
# corresponding to MSA columns:
# 288-295
name=unknown_E
#
# <colnr> <probs for GDERKNQSTAVLIFYWHMCP>
#	G	D	E	R	K	N	Q	S	T	A	V	L	I	F	Y	W	H	M	C	P
0	0.11626	0.36641	0.14888	0.07031	0.01632	0.01554	0.01060	0.04434	0.01144	0.01642	0.01071	0.08192	0.00980	0.00608	0.00433	0.00148	0.00574	0.00454	0.02673	0.03215
1	0.05488	0.08243	0.01428	0.08288	0.08345	0.01186	0.00926	0.16796	0.09309	0.12019	0.01706	0.16014	0.01508	0.00805	0.00537	0.00172	0.00501	0.00676	0.03732	0.02320
2	0.10203	0.26129	0.12609	0.00904	0.01286	0.03724	0.00884	0.01652	0.04675	0.05870	0.04899	0.01478	0.01161	0.00580	0.00420	0.00142	0.00497	0.00428	0.21795	0.00663
3	0.00906	0.06877	0.00981	0.00912	0.07379	0.00762	0.00638	0.01203	0.08033	0.04070	0.10104	0.06422	0.45273	0.01146	0.00606	0.00179	0.00357	0.03099	0.00483	0.00569
4	0.01117	0.14337	0.58669	0.01361	0.02032	0.01323	0.01676	0.01615	0.01107	0.01590	0.01022	0.01361	0.00827	0.08882	0.00728	0.00201	0.00743	0.00427	0.00241	0.00740
5	0.01186	0.11929	0.36677	0.01341	0.01887	0.01286	0.08065	0.07886	0.05886	0.01851	0.07129	0.09706	0.01429	0.00701	0.00541	0.00172	0.00655	0.00595	0.00338	0.00740
6	0.01027	0.08035	0.06974	0.00909	0.01119	0.00846	0.00789	0.01250	0.01012	0.07837	0.01547	0.02273	0.01408	0.07681	0.44334	0.00585	0.01051	0.05338	0.05425	0.00560
7	0.01122	0.00794	0.00932	0.00835	0.01047	0.00791	0.00653	0.18364	0.01660	0.05618	0.31667	0.11624	0.16049	0.01119	0.00629	0.00182	0.00370	0.05375	0.00559	0.00611

[dist]
# distance from previous block
# <min> <max>
20	107

[block]
# block no. 5 follows, 44 sequences, length 6
# corresponding to MSA columns:
# 436-441
name=unknown_F
#
# <colnr> <probs for GDERKNQSTAVLIFYWHMCP>
#	G	D	E	R	K	N	Q	S	T	A	V	L	I	F	Y	W	H	M	C	P
0	0.03851	0.37926	0.09530	0.01369	0.08370	0.10623	0.06554	0.04090	0.06939	0.01618	0.03737	0.01217	0.00961	0.00535	0.00452	0.00144	0.00653	0.00408	0.00295	0.00729
1	0.01297	0.32732	0.25714	0.03413	0.05813	0.07216	0.01300	0.01691	0.04405	0.01570	0.06033	0.01479	0.01137	0.00588	0.00472	0.00152	0.00658	0.03322	0.00287	0.00721
2	0.01291	0.17223	0.51146	0.01551	0.08779	0.01399	0.01686	0.01777	0.01183	0.07637	0.01034	0.01172	0.00760	0.00518	0.00491	0.00161	0.00723	0.00401	0.00269	0.00801
3	0.07943	0.01174	0.06798	0.01049	0.01346	0.03056	0.00903	0.23927	0.04752	0.04969	0.06147	0.02113	0.01488	0.03121	0.17255	0.00333	0.02989	0.06415	0.03530	0.00691
4	0.01149	0.00724	0.00902	0.00863	0.01026	0.00725	0.00646	0.13203	0.01378	0.10905	0.07892	0.37512	0.02680	0.04736	0.06763	0.00263	0.00479	0.04178	0.03388	0.00588
5	0.01099	0.00798	0.01195	0.05547	0.04451	0.00809	0.07399	0.01414	0.06156	0.11152	0.15051	0.14447	0.09205	0.01374	0.09144	0.00266	0.03712	0.05703	0.00467	0.00612

[dist]
# distance from previous block
# <min> <max>
0	3

[block]
# block no. 6 follows, 44 sequences, length 16
# corresponding to MSA columns:
# 464-479
name=unknown_G
#
# <colnr> <probs for GDERKNQSTAVLIFYWHMCP>
#	G	D	E	R	K	N	Q	S	T	A	V	L	I	F	Y	W	H	M	C	P
0	0.01789	0.01519	0.01513	0.01218	0.01582	0.13421	0.04281	0.48097	0.02109	0.02693	0.01782	0.06890	0.09088	0.00777	0.00562	0.00167	0.00621	0.00615	0.00485	0.00792
1	0.01049	0.00744	0.02465	0.03391	0.01200	0.00718	0.00809	0.06427	0.03772	0.07672	0.08620	0.22209	0.02944	0.01323	0.00683	0.00219	0.00454	0.34211	0.00516	0.00573
2	0.00684	0.00486	0.00624	0.00726	0.00758	0.00457	0.00476	0.00765	0.01012	0.01343	0.02892	0.65934	0.05899	0.13989	0.01017	0.00268	0.00348	0.01418	0.00479	0.00426
3	0.01435	0.01483	0.02586	0.05424	0.02480	0.06392	0.48150	0.13270	0.05528	0.01984	0.01221	0.01584	0.00945	0.00556	0.00633	0.00181	0.02200	0.02862	0.00338	0.00750
4	0.00762	0.00595	0.00777	0.00825	0.00905	0.00626	0.00604	0.00966	0.05088	0.01428	0.02844	0.43853	0.12537	0.02011	0.15627	0.00341	0.05780	0.03491	0.00450	0.00488
5	0.01384	0.01107	0.01854	0.34901	0.32447	0.01186	0.03717	0.01711	0.01229	0.13429	0.01179	0.01475	0.00881	0.00539	0.00546	0.00172	0.00661	0.00500	0.00321	0.00761
6	0.00682	0.00491	0.00670	0.00777	0.00819	0.00480	0.00533	0.00792	0.01018	0.01372	0.02765	0.68314	0.03257	0.02078	0.12810	0.00323	0.00494	0.01400	0.00473	0.00450
7	0.01324	0.52441	0.30415	0.01161	0.01751	0.01830	0.01329	0.01667	0.01124	0.01445	0.00839	0.00976	0.00696	0.00485	0.00411	0.00137	0.00665	0.00332	0.00232	0.00739
8	0.14093	0.02452	0.60804	0.01476	0.02191	0.01267	0.06916	0.01709	0.01126	0.01840	0.00953	0.01132	0.00685	0.00512	0.00499	0.00173	0.00754	0.00403	0.00250	0.00767
9	0.02254	0.01007	0.01288	0.01007	0.01412	0.00945	0.00825	0.10361	0.09348	0.60351	0.03903	0.01870	0.01430	0.00690	0.00551	0.00170	0.00470	0.00560	0.00647	0.00911
10	0.18868	0.01313	0.01432	0.03478	0.01605	0.09367	0.09907	0.05600	0.33571	0.03578	0.01524	0.01567	0.01158	0.00767	0.03766	0.00204	0.00606	0.00513	0.00429	0.00747
11	0.01203	0.01180	0.03984	0.04709	0.52674	0.01130	0.06139	0.01523	0.01274	0.01809	0.12960	0.06035	0.01665	0.00650	0.00570	0.00169	0.00593	0.00628	0.00332	0.00770
12	0.01463	0.01220	0.01400	0.01447	0.13228	0.03554	0.00987	0.07668	0.50347	0.06644	0.02045	0.01952	0.04165	0.00708	0.00553	0.00178	0.00489	0.00595	0.00507	0.00850
13	0.00678	0.00528	0.00615	0.00647	0.00770	0.00466	0.00465	0.00827	0.01243	0.01598	0.19885	0.29082	0.38392	0.01429	0.00661	0.00193	0.00285	0.01244	0.00526	0.00466
14	0.01348	0.01232	0.04948	0.01388	0.01757	0.01199	0.21713	0.23506	0.06913	0.02303	0.14516	0.08389	0.01912	0.00965	0.05145	0.00219	0.00654	0.00716	0.00449	0.00728
15	0.01262	0.02739	0.05217	0.04172	0.01331	0.00879	0.00788	0.04375	0.14180	0.13682	0.16802	0.04072	0.11338	0.00841	0.00560	0.00163	0.00421	0.03013	0.00500	0.13664

[dist]
# distance from previous block
# <min> <max>
3	11

[block]
# block no. 7 follows, 44 sequences, length 46
# corresponding to MSA columns:
# 495-540
name=unknown_H
#
# <colnr> <probs for GDERKNQSTAVLIFYWHMCP>
#	G	D	E	R	K	N	Q	S	T	A	V	L	I	F	Y	W	H	M	C	P
0	0.01283	0.02896	0.75843	0.01662	0.02463	0.01362	0.02056	0.01847	0.01269	0.01897	0.01168	0.01413	0.00873	0.00644	0.00599	0.00207	0.00860	0.00465	0.00297	0.00898
1	0.01564	0.01491	0.02240	0.06525	0.67053	0.06588	0.01677	0.01817	0.01370	0.01903	0.01199	0.01585	0.01025	0.00621	0.00617	0.00196	0.00733	0.00537	0.00335	0.00927
2	0.05380	0.04532	0.04990	0.01296	0.01626	0.19614	0.02722	0.20469	0.04243	0.07057	0.06073	0.07334	0.01590	0.00881	0.00673	0.00203	0.04215	0.03448	0.02842	0.00810
3	0.01561	0.01459	0.08129	0.01313	0.01721	0.06450	0.13712	0.32835	0.01815	0.04869	0.02905	0.04673	0.10896	0.02843	0.00631	0.00180	0.00629	0.00639	0.01981	0.00758
4	0.00668	0.00478	0.00640	0.00763	0.00796	0.00450	0.00511	0.00765	0.01039	0.01388	0.02960	0.78213	0.03541	0.01777	0.02957	0.00240	0.00349	0.01522	0.00500	0.00444
5	0.01168	0.03614	0.01689	0.06770	0.01638	0.01422	0.07826	0.01350	0.00951	0.03870	0.01050	0.05044	0.01005	0.01198	0.08584	0.00282	0.49041	0.02613	0.00281	0.00604
6	0.01181	0.01102	0.01777	0.55043	0.17601	0.03617	0.03601	0.01519	0.01145	0.03976	0.01010	0.01424	0.00775	0.00550	0.00589	0.00178	0.03491	0.00487	0.00264	0.00670
7	0.20120	0.03889	0.01334	0.03638	0.04888	0.16091	0.00900	0.13555	0.18429	0.05432	0.02889	0.01526	0.03796	0.00642	0.00490	0.00165	0.00577	0.00478	0.00424	0.00737
8	0.00849	0.00579	0.00737	0.00764	0.00903	0.00532	0.00595	0.01041	0.01302	0.06403	0.22596	0.20156	0.21185	0.01365	0.00675	0.00204	0.00346	0.18719	0.00540	0.00510
9	0.01140	0.12840	0.68403	0.01474	0.02237	0.01380	0.01876	0.01714	0.01145	0.01670	0.00950	0.01116	0.00692	0.00511	0.00496	0.00165	0.00777	0.00389	0.00231	0.00792
10	0.01259	0.01203	0.02050	0.24787	0.56702	0.01272	0.01628	0.01594	0.01199	0.01672	0.01010	0.01379	0.00825	0.00502	0.00541	0.00167	0.00670	0.00485	0.00262	0.00791
11	0.00864	0.00551	0.00716	0.00784	0.00872	0.00514	0.00548	0.03045	0.01148	0.08211	0.03027	0.65592	0.07642	0.01564	0.00677	0.00213	0.00338	0.02669	0.00522	0.00501
12	0.01405	0.01561	0.13602	0.09469	0.22141	0.04809	0.09379	0.08964	0.17046	0.04177	0.01321	0.01479	0.01000	0.00571	0.00550	0.00172	0.00669	0.00513	0.00359	0.00813
13	0.09491	0.01069	0.03282	0.00973	0.01284	0.05398	0.00795	0.11081	0.08000	0.26103	0.12655	0.10723	0.02060	0.00861	0.00563	0.00178	0.00469	0.03729	0.00545	0.00740
14	0.01113	0.07090	0.73920	0.01520	0.02307	0.01315	0.01955	0.01721	0.01149	0.01702	0.00966	0.01136	0.00691	0.00515	0.00509	0.00170	0.00794	0.00397	0.00230	0.00800
15	0.00692	0.00521	0.00641	0.00689	0.00790	0.00470	0.00492	0.00844	0.01233	0.01627	0.23052	0.38243	0.24148	0.01459	0.00669	0.00199	0.00294	0.02939	0.00531	0.00468
16	0.01229	0.01167	0.04119	0.05532	0.13709	0.02537	0.19376	0.06684	0.04753	0.05059	0.06834	0.08911	0.09405	0.00810	0.00675	0.00185	0.05251	0.02681	0.00389	0.00694
17	0.01204	0.11228	0.38255	0.01732	0.05676	0.01384	0.22916	0.01752	0.05073	0.01703	0.01113	0.03524	0.00872	0.00539	0.00543	0.00171	0.00772	0.00507	0.00270	0.00768
18	0.00967	0.00646	0.03525	0.00809	0.00947	0.00549	0.00623	0.01123	0.01199	0.11460	0.13539	0.41974	0.05440	0.01396	0.00722	0.04035	0.00364	0.07285	0.02869	0.00527
19	0.01159	0.01108	0.01903	0.48297	0.31638	0.01248	0.03849	0.01510	0.01153	0.01551	0.00995	0.01415	0.00782	0.00520	0.00546	0.00174	0.00703	0.00490	0.00254	0.00707
20	0.07504	0.11078	0.41370	0.01588	0.12401	0.01284	0.03626	0.01650	0.01195	0.03519	0.08735	0.01450	0.01181	0.00569	0.00505	0.00165	0.00669	0.00463	0.00293	0.00756
21	0.01253	0.01192	0.02195	0.33833	0.24970	0.01260	0.20558	0.01623	0.01206	0.05037	0.01073	0.01446	0.00821	0.00512	0.00569	0.00176	0.00741	0.00529	0.00278	0.00729
22	0.01090	0.00630	0.00824	0.00724	0.00895	0.00628	0.07264	0.01348	0.01148	0.05173	0.01700	0.02009	0.01348	0.03184	0.03365	0.00175	0.01815	0.00533	0.65606	0.00542
23	0.03392	0.16314	0.62961	0.01424	0.02159	0.01419	0.01789	0.01707	0.01138	0.01669	0.00934	0.01096	0.00689	0.00509	0.00484	0.00163	0.00757	0.00381	0.00234	0.00782
24	0.01157	0.15472	0.63883	0.01473	0.02217	0.01413	0.03766	0.01712	0.01148	0.01655	0.00946	0.01115	0.00696	0.00508	0.00494	0.00164	0.00773	0.00391	0.00232	0.00787
25	0.00682	0.00490	0.00651	0.00774	0.00818	0.00459	0.00536	0.00792	0.01068	0.01415	0.03066	0.71940	0.05664	0.01681	0.00699	0.00223	0.00331	0.07756	0.00506	0.00448
26	0.01195	0.01306	0.09990	0.40686	0.10578	0.01271	0.12827	0.07649	0.01245	0.01673	0.01019	0.01404	0.00777	0.00592	0.00642	0.03428	0.02259	0.00500	0.00274	0.00685
27	0.03912	0.08023	0.34919	0.01373	0.04195	0.01219	0.06195	0.06882	0.04041	0.13170	0.03852	0.07297	0.01215	0.00658	0.00533	0.00171	0.00646	0.00549	0.00370	0.00780
28	0.02089	0.01421	0.04470	0.01186	0.01622	0.02974	0.01003	0.47950	0.06560	0.22695	0.01560	0.01482	0.01067	0.00658	0.00545	0.00166	0.00570	0.00507	0.00562	0.00913
29	0.01186	0.01182	0.04201	0.40358	0.39342	0.01254	0.01606	0.01538	0.01165	0.01591	0.00997	0.01394	0.00792	0.00516	0.00542	0.00172	0.00691	0.00483	0.00255	0.00736
30	0.03929	0.05894	0.02498	0.01764	0.02250	0.01293	0.45123	0.02053	0.09371	0.18031	0.01416	0.01562	0.01014	0.00537	0.00588	0.00176	0.00736	0.00590	0.00390	0.00784
31	0.05203	0.22778	0.47901	0.01444	0.06411	0.01498	0.01608	0.01733	0.03710	0.01669	0.00956	0.01109	0.00732	0.00510	0.00469	0.00158	0.00708	0.00381	0.00250	0.00773
32	0.01967	0.00892	0.01159	0.00932	0.01280	0.00824	0.00754	0.04722	0.09037	0.51671	0.18194	0.02330	0.02180	0.00775	0.00569	0.00171	0.00421	0.00647	0.00643	0.00833
33	0.00975	0.00681	0.00862	0.00850	0.01021	0.00674	0.00682	0.01389	0.11501	0.06634	0.33898	0.06529	0.07940	0.01187	0.00660	0.00199	0.00370	0.22810	0.00561	0.00578
34	0.01079	0.01019	0.01724	0.67868	0.15034	0.01224	0.01538	0.01436	0.01113	0.01452	0.00978	0.01438	0.00748	0.00536	0.00544	0.00179	0.00715	0.00485	0.00246	0.00645
35	0.01137	0.10733	0.67693	0.01517	0.02280	0.01361	0.04541	0.01718	0.01151	0.01682	0.00960	0.01134	0.00696	0.00511	0.00505	0.00167	0.00787	0.00400	0.00232	0.00792
36	0.00669	0.00480	0.00636	0.00760	0.00797	0.00447	0.00512	0.00768	0.01053	0.01399	0.03064	0.76941	0.05413	0.01695	0.00696	0.00221	0.00320	0.03178	0.00506	0.00445
37	0.00789	0.00567	0.00724	0.00809	0.00877	0.00553	0.00563	0.06991	0.01177	0.01570	0.02860	0.71365	0.03367	0.01614	0.00685	0.00218	0.00346	0.03931	0.00509	0.00485
38	0.01322	0.04271	0.28964	0.03261	0.03330	0.01241	0.14734	0.03397	0.16697	0.08720	0.01472	0.02969	0.01119	0.00617	0.00551	0.00176	0.00667	0.02339	0.03366	0.00787
39	0.00669	0.00485	0.00634	0.00750	0.00797	0.00450	0.00511	0.00773	0.01066	0.01406	0.03200	0.72179	0.09421	0.01676	0.00694	0.00219	0.00319	0.03798	0.00506	0.00446
40	0.01292	0.01461	0.06741	0.04966	0.30935	0.01336	0.41586	0.01707	0.01257	0.01748	0.01063	0.01408	0.00831	0.00475	0.00595	0.00175	0.00805	0.00567	0.00270	0.00783
41	0.05353	0.36494	0.29846	0.01217	0.01799	0.01670	0.03543	0.07906	0.01261	0.04962	0.00954	0.01071	0.00742	0.00511	0.00444	0.00148	0.00663	0.00370	0.00283	0.00763
42	0.01221	0.04233	0.08870	0.27270	0.02810	0.01337	0.29929	0.06703	0.02980	0.01713	0.01136	0.04466	0.00908	0.00578	0.00622	0.00182	0.03477	0.00576	0.00292	0.00698
43	0.01080	0.01022	0.01390	0.01194	0.01259	0.04674	0.06922	0.01196	0.00894	0.01264	0.01127	0.02028	0.01173	0.26294	0.07958	0.00371	0.38768	0.00593	0.00277	0.00517
44	0.01251	0.01448	0.09530	0.12830	0.07368	0.01289	0.46694	0.01669	0.01222	0.04150	0.01123	0.01533	0.00870	0.04113	0.00727	0.00197	0.02397	0.00590	0.00281	0.00717
45	0.05371	0.21105	0.07245	0.04810	0.10467	0.01270	0.04171	0.05257	0.01276	0.14491	0.03890	0.06945	0.06356	0.04327	0.00609	0.00177	0.00550	0.00583	0.00386	0.00713

[dist]
# distance from previous block
# <min> <max>
0	7

[block]
# block no. 8 follows, 44 sequences, length 22
# corresponding to MSA columns:
# 549-570
name=unknown_I
#
# <colnr> <probs for GDERKNQSTAVLIFYWHMCP>
#	G	D	E	R	K	N	Q	S	T	A	V	L	I	F	Y	W	H	M	C	P
0	0.02044	0.08463	0.01495	0.01121	0.01478	0.23358	0.00900	0.14064	0.01638	0.31276	0.01585	0.07531	0.01214	0.00701	0.00526	0.00159	0.00634	0.00538	0.00489	0.00785
1	0.03191	0.54181	0.03725	0.01009	0.01438	0.04255	0.00942	0.14477	0.04715	0.01738	0.01043	0.05182	0.00932	0.00581	0.00418	0.00136	0.00578	0.00410	0.00319	0.00730
2	0.00743	0.00584	0.00857	0.00973	0.05023	0.00548	0.04440	0.00880	0.01094	0.01450	0.03004	0.62020	0.09411	0.01540	0.00683	0.00215	0.00372	0.05197	0.00481	0.00485
3	0.01084	0.05082	0.01583	0.05427	0.01626	0.00907	0.20244	0.01347	0.01255	0.07954	0.08790	0.14890	0.13007	0.01027	0.00660	0.00195	0.01962	0.11924	0.00434	0.00602
4	0.01311	0.45883	0.28084	0.01145	0.01695	0.04866	0.01275	0.01645	0.01170	0.01497	0.06114	0.01193	0.01004	0.00533	0.00433	0.00140	0.00652	0.00380	0.00259	0.00720
5	0.01183	0.06372	0.65773	0.01487	0.02224	0.03245	0.01844	0.04488	0.05156	0.01787	0.01042	0.01186	0.00751	0.00533	0.00512	0.00170	0.00772	0.00411	0.00260	0.00804
6	0.01721	0.00968	0.01164	0.00980	0.01307	0.00975	0.00788	0.08075	0.23848	0.32713	0.11119	0.02528	0.05902	0.00824	0.00577	0.00179	0.00433	0.04484	0.00602	0.00813
7	0.01823	0.01473	0.01397	0.01166	0.01507	0.18239	0.02775	0.24588	0.12592	0.15582	0.01853	0.07152	0.05873	0.00762	0.00554	0.00168	0.00605	0.00605	0.00499	0.00786
8	0.01955	0.07789	0.01678	0.01244	0.01635	0.19975	0.04958	0.30703	0.05048	0.14729	0.01466	0.01463	0.03603	0.00639	0.00527	0.00158	0.00667	0.00488	0.00464	0.00810
9	0.15376	0.01026	0.01568	0.56164	0.12858	0.01224	0.01377	0.01465	0.01082	0.01623	0.00940	0.01343	0.00721	0.00531	0.00509	0.00177	0.00664	0.00452	0.00262	0.00637
10	0.04551	0.12203	0.65793	0.01445	0.02190	0.01372	0.01826	0.01710	0.01137	0.01702	0.00943	0.01107	0.00688	0.00511	0.00490	0.00166	0.00763	0.00385	0.00235	0.00784
11	0.48357	0.01499	0.01148	0.00986	0.01333	0.18435	0.00790	0.17919	0.01422	0.02417	0.00898	0.01000	0.00689	0.00551	0.00417	0.00161	0.00585	0.00350	0.00370	0.00673
12	0.00835	0.00630	0.00942	0.01004	0.01126	0.00614	0.05288	0.01049	0.01190	0.01562	0.02816	0.29583	0.03147	0.01507	0.00728	0.00237	0.00468	0.46287	0.00490	0.00497
13	0.01431	0.50340	0.18952	0.01121	0.01625	0.12587	0.01167	0.01699	0.01183	0.01393	0.00983	0.01102	0.03358	0.00523	0.00416	0.00134	0.00677	0.00354	0.00249	0.00705
14	0.01133	0.01048	0.01689	0.62548	0.10078	0.01280	0.01477	0.05919	0.01175	0.01546	0.00977	0.01417	0.00750	0.00575	0.00631	0.00183	0.06178	0.00484	0.00263	0.00648
15	0.01054	0.00994	0.01679	0.73773	0.09323	0.01218	0.01526	0.01414	0.01102	0.01422	0.00973	0.01446	0.00737	0.00541	0.00545	0.00180	0.00721	0.00485	0.00244	0.00625
16	0.00669	0.00484	0.00635	0.00753	0.00797	0.00449	0.00511	0.00771	0.01063	0.01404	0.03162	0.73555	0.08275	0.01681	0.00694	0.00220	0.00319	0.03607	0.00506	0.00446
17	0.03752	0.01316	0.01277	0.01057	0.01393	0.13014	0.00849	0.26114	0.06332	0.20154	0.01613	0.01718	0.01187	0.00675	0.00514	0.00160	0.00552	0.03160	0.14378	0.00785
18	0.05655	0.19115	0.58150	0.01379	0.02089	0.01450	0.01712	0.01700	0.01130	0.01672	0.00920	0.01079	0.00687	0.00507	0.00473	0.00161	0.00739	0.00374	0.00237	0.00772
19	0.00668	0.00482	0.00633	0.00745	0.00789	0.00447	0.00502	0.00772	0.01076	0.01431	0.06429	0.73215	0.07464	0.01665	0.00691	0.00217	0.00312	0.01504	0.00510	0.00447
20	0.01024	0.00935	0.01571	0.74084	0.03544	0.01160	0.01442	0.01346	0.01064	0.01362	0.00967	0.01468	0.00742	0.00638	0.00655	0.05983	0.00709	0.00484	0.00242	0.00580
21	0.01791	0.01067	0.01232	0.01047	0.01384	0.02600	0.00836	0.08495	0.31757	0.31818	0.02169	0.06831	0.01646	0.00797	0.00568	0.00181	0.00465	0.03882	0.00590	0.00847

[dist]
# distance from previous block
# <min> <max>
0	20

[block]
# block no. 9 follows, 44 sequences, length 48
# corresponding to MSA columns:
# 591-619,625-643
name=unknown_J
#
# <colnr> <probs for GDERKNQSTAVLIFYWHMCP>
#	G	D	E	R	K	N	Q	S	T	A	V	L	I	F	Y	W	H	M	C	P
0	0.01134	0.02479	0.60432	0.01729	0.04743	0.01272	0.15428	0.01708	0.01170	0.01716	0.01002	0.01226	0.00726	0.00534	0.00574	0.01839	0.00815	0.00451	0.00240	0.00783
1	0.00675	0.00483	0.00643	0.00752	0.00793	0.00450	0.00507	0.00787	0.01096	0.01474	0.10691	0.72563	0.03765	0.01646	0.00690	0.00216	0.00310	0.01491	0.00516	0.00450
2	0.03684	0.02765	0.75623	0.01528	0.02319	0.01265	0.01970	0.01723	0.01144	0.01749	0.00972	0.01143	0.00688	0.00518	0.00512	0.00173	0.00794	0.00400	0.00234	0.00799
3	0.01126	0.01072	0.01794	0.53948	0.23560	0.01263	0.01537	0.01464	0.01115	0.01493	0.00968	0.01409	0.00763	0.00555	0.00623	0.00180	0.05723	0.00484	0.00249	0.00675
4	0.00671	0.00480	0.00641	0.00767	0.00802	0.00449	0.00519	0.00772	0.01051	0.01400	0.03001	0.77994	0.03590	0.01701	0.00698	0.00222	0.00323	0.03969	0.00506	0.00445
5	0.01287	0.01471	0.03217	0.02298	0.02849	0.01379	0.75460	0.01746	0.01287	0.01746	0.01103	0.01471	0.00827	0.00460	0.00643	0.00184	0.00919	0.00643	0.00276	0.00735
6	0.08999	0.00872	0.01131	0.00898	0.01260	0.00785	0.00732	0.02278	0.01505	0.58030	0.15431	0.02171	0.01964	0.00739	0.00548	0.00169	0.00423	0.00605	0.00633	0.00826
7	0.01093	0.02820	0.78016	0.01554	0.02360	0.01266	0.02014	0.01727	0.01151	0.01727	0.00978	0.01151	0.00691	0.00518	0.00518	0.00173	0.00806	0.00403	0.00230	0.00806
8	0.02037	0.02598	0.01545	0.01404	0.01685	0.78652	0.01053	0.02177	0.01545	0.01334	0.00843	0.00983	0.00702	0.00562	0.00492	0.00140	0.00983	0.00351	0.00281	0.00632
9	0.02446	0.00928	0.01265	0.00970	0.01392	0.00801	0.00801	0.02657	0.01560	0.77817	0.02151	0.01856	0.01350	0.00675	0.00548	0.00169	0.00464	0.00548	0.00675	0.00928
10	0.09124	0.01040	0.01271	0.00992	0.01393	0.01003	0.00816	0.16420	0.03208	0.52173	0.05493	0.01781	0.01395	0.00679	0.00535	0.00168	0.00476	0.00539	0.00616	0.00878
11	0.01093	0.02820	0.78016	0.01554	0.02360	0.01266	0.02014	0.01727	0.01151	0.01727	0.00978	0.01151	0.00691	0.00518	0.00518	0.00173	0.00806	0.00403	0.00230	0.00806
12	0.00947	0.00473	0.00710	0.00710	0.00710	0.00473	0.00473	0.00710	0.00710	0.00947	0.00947	0.01657	0.00947	0.01894	0.02131	0.84138	0.00473	0.00473	0.00237	0.00237
13	0.74309	0.01146	0.02809	0.00792	0.01151	0.01271	0.00671	0.09041	0.01098	0.02528	0.00820	0.00935	0.00627	0.00521	0.00363	0.00168	0.00449	0.00318	0.00356	0.00630
14	0.01324	0.01367	0.06347	0.05960	0.70702	0.01291	0.01686	0.01666	0.01231	0.01764	0.01021	0.01342	0.00849	0.00490	0.00539	0.00163	0.00659	0.00481	0.00267	0.00851
15	0.01030	0.00969	0.01635	0.79530	0.03755	0.01211	0.01514	0.01393	0.01090	0.01393	0.00969	0.01453	0.00727	0.00545	0.00545	0.00182	0.00727	0.00484	0.00242	0.00606
16	0.01093	0.02820	0.78016	0.01554	0.02360	0.01266	0.02014	0.01727	0.01151	0.01727	0.00978	0.01151	0.00691	0.00518	0.00518	0.00173	0.00806	0.00403	0.00230	0.00806
17	0.01063	0.01003	0.01696	0.71523	0.11499	0.01220	0.01531	0.01422	0.01106	0.01434	0.00975	0.01443	0.00741	0.00539	0.00544	0.00180	0.00718	0.00485	0.00245	0.00633
18	0.00673	0.00481	0.00641	0.00753	0.00793	0.00449	0.00507	0.00782	0.01085	0.01458	0.09182	0.74119	0.03734	0.01659	0.00691	0.00217	0.00311	0.01503	0.00514	0.00449
19	0.01093	0.02820	0.78016	0.01554	0.02360	0.01266	0.02014	0.01727	0.01151	0.01727	0.00978	0.01151	0.00691	0.00518	0.00518	0.00173	0.00806	0.00403	0.00230	0.00806
20	0.01492	0.01173	0.01261	0.01107	0.01433	0.01331	0.00869	0.07489	0.65529	0.08647	0.02156	0.01973	0.01591	0.00729	0.00554	0.00182	0.00445	0.00603	0.00564	0.00872
