[name]
unknown

[dist]
# distance from previous block
# <min> <max>
0	375

[block]
# block no. 0 follows, 51 sequences, length 6
# corresponding to MSA columns:
# 411-416
name=unknown_A
#
# <colnr> <probs for GDERKNQSTAVLIFYWHMCP>
#	G	D	E	R	K	N	Q	S	T	A	V	L	I	F	Y	W	H	M	C	P
0	0.00674	0.00534	0.00700	0.00685	0.00809	0.00496	0.04095	0.00822	0.01066	0.01378	0.13937	0.15144	0.31653	0.10908	0.06205	0.00254	0.00400	0.09391	0.00426	0.00423
1	0.00801	0.00539	0.00630	0.00633	0.00719	0.00517	0.00427	0.05574	0.01003	0.05455	0.02592	0.29682	0.17118	0.30576	0.01277	0.00287	0.00370	0.00975	0.00410	0.00416
2	0.04149	0.01203	0.01262	0.17198	0.04828	0.16824	0.02752	0.12269	0.07285	0.04536	0.05337	0.06098	0.01196	0.04475	0.00595	0.00164	0.01975	0.00508	0.02314	0.05031
3	0.04763	0.00917	0.01135	0.12086	0.04304	0.00936	0.02523	0.15743	0.07479	0.06712	0.01319	0.01554	0.02904	0.06954	0.00601	0.00158	0.00453	0.00454	0.09875	0.19129
4	0.01220	0.01311	0.05200	0.16357	0.44408	0.12530	0.01338	0.01556	0.05158	0.01494	0.01015	0.04366	0.00862	0.00513	0.00486	0.00150	0.00624	0.00460	0.00260	0.00690
5	0.03618	0.01412	0.01484	0.07940	0.04923	0.17991	0.07209	0.21246	0.19778	0.03921	0.01217	0.01295	0.00919	0.00571	0.00536	0.00154	0.04259	0.00450	0.00377	0.00705

[dist]
# distance from previous block
# <min> <max>
43	64

[block]
# block no. 1 follows, 51 sequences, length 8
# corresponding to MSA columns:
# 517-524
name=unknown_B
#
# <colnr> <probs for GDERKNQSTAVLIFYWHMCP>
#	G	D	E	R	K	N	Q	S	T	A	V	L	I	F	Y	W	H	M	C	P
0	0.01124	0.01043	0.04309	0.17366	0.09344	0.01103	0.10116	0.11267	0.04783	0.02962	0.06988	0.01599	0.02999	0.02095	0.04520	0.00197	0.11588	0.00510	0.02772	0.03316
1	0.03741	0.00867	0.01378	0.63396	0.07427	0.01045	0.01225	0.03645	0.01019	0.01387	0.00953	0.01396	0.00749	0.03937	0.00560	0.00172	0.00605	0.00444	0.05501	0.00552
2	0.11101	0.08688	0.03433	0.01216	0.09468	0.12213	0.03794	0.21364	0.03656	0.03706	0.01212	0.04745	0.03187	0.03044	0.03642	0.00180	0.01844	0.00465	0.02388	0.00654
3	0.00643	0.00484	0.00520	0.00527	0.00609	0.00442	0.00344	0.00708	0.00924	0.01153	0.03274	0.09009	0.39281	0.38303	0.01457	0.00309	0.00355	0.00914	0.00384	0.00361
4	0.01099	0.01059	0.01459	0.01250	0.01278	0.01451	0.01038	0.05686	0.00847	0.01293	0.00718	0.01134	0.00693	0.01020	0.06468	0.00247	0.72041	0.00437	0.00234	0.00549
5	0.01032	0.00881	0.00967	0.03460	0.02839	0.03806	0.00708	0.04297	0.39327	0.01771	0.07605	0.19960	0.04584	0.02588	0.00582	0.00179	0.00390	0.03938	0.00462	0.00624
6	0.01594	0.01295	0.01317	0.01083	0.01420	0.05831	0.00869	0.41975	0.34495	0.02552	0.01502	0.01439	0.01104	0.00618	0.00492	0.00154	0.00496	0.00483	0.00482	0.00796
7	0.01598	0.01543	0.01468	0.04394	0.03388	0.25494	0.05738	0.30691	0.03184	0.02022	0.01002	0.01129	0.00773	0.00599	0.02136	0.00151	0.03660	0.00402	0.02095	0.08532

[dist]
# distance from previous block
# <min> <max>
1	3

[block]
# block no. 2 follows, 51 sequences, length 38
# corresponding to MSA columns:
# 528-565
name=unknown_C
#
# <colnr> <probs for GDERKNQSTAVLIFYWHMCP>
#	G	D	E	R	K	N	Q	S	T	A	V	L	I	F	Y	W	H	M	C	P
0	0.01083	0.00801	0.01035	0.02573	0.03810	0.06143	0.06682	0.05954	0.03108	0.12033	0.03094	0.38697	0.02126	0.04076	0.03214	0.01624	0.00467	0.02518	0.00423	0.00539
1	0.01456	0.00930	0.01257	0.01178	0.08631	0.04792	0.07652	0.07222	0.06718	0.28067	0.03061	0.19323	0.01659	0.02480	0.00576	0.00172	0.00471	0.03220	0.00462	0.00673
2	0.02818	0.02757	0.01752	0.24184	0.44541	0.01108	0.02758	0.01548	0.01110	0.11197	0.01028	0.01284	0.00791	0.00473	0.00484	0.00151	0.00582	0.00440	0.00282	0.00712
3	0.02731	0.01019	0.01696	0.31763	0.40630	0.01097	0.02908	0.01460	0.02543	0.05301	0.03487	0.01358	0.00886	0.00488	0.00490	0.00154	0.00588	0.00457	0.00267	0.00678
4	0.01474	0.58619	0.02224	0.00959	0.01339	0.20057	0.00873	0.07053	0.01183	0.01306	0.00736	0.00839	0.00646	0.00452	0.00357	0.00113	0.00610	0.00288	0.00240	0.00631
5	0.00702	0.00527	0.00790	0.00790	0.00878	0.00614	0.00614	0.00878	0.00790	0.01141	0.01316	0.01931	0.01229	0.03686	0.80782	0.00790	0.01316	0.00527	0.00263	0.00439
6	0.00702	0.00527	0.00790	0.00790	0.00878	0.00614	0.00614	0.00878	0.00790	0.01141	0.01316	0.01931	0.01229	0.03686	0.80782	0.00790	0.01316	0.00527	0.00263	0.00439
7	0.01155	0.10861	0.43512	0.01572	0.09946	0.01283	0.12922	0.08388	0.02820	0.01668	0.00932	0.01101	0.00695	0.00466	0.00472	0.00150	0.00681	0.00403	0.00249	0.00723
8	0.00711	0.00563	0.00618	0.00591	0.00758	0.00517	0.00447	0.00996	0.09114	0.03149	0.25759	0.04073	0.48708	0.01105	0.00571	0.00163	0.00262	0.00935	0.00488	0.00474
9	0.00599	0.00428	0.00570	0.00684	0.00713	0.00399	0.00456	0.00684	0.00941	0.01254	0.02709	0.82409	0.03250	0.01540	0.00627	0.00200	0.00285	0.01397	0.00456	0.00399
10	0.86201	0.00950	0.00722	0.00646	0.00950	0.01102	0.00532	0.01445	0.00836	0.02205	0.00684	0.00798	0.00532	0.00456	0.00304	0.00152	0.00380	0.00266	0.00304	0.00532
11	0.00683	0.00500	0.00641	0.00610	0.00728	0.00458	0.00456	0.00901	0.01355	0.01895	0.70860	0.06134	0.10861	0.01041	0.00581	0.00157	0.00235	0.00916	0.00531	0.00458
12	0.08638	0.01150	0.01272	0.00985	0.01367	0.01202	0.00809	0.42793	0.05721	0.20676	0.01327	0.01280	0.00922	0.00565	0.00465	0.00142	0.00474	0.00431	0.00484	0.09296
13	0.01092	0.01041	0.01770	0.36872	0.46779	0.01135	0.01446	0.01399	0.01060	0.01455	0.00902	0.01257	0.00725	0.00461	0.00489	0.00154	0.00615	0.00437	0.00233	0.00678
14	0.01837	0.02315	0.01395	0.01262	0.01519	0.78550	0.00949	0.04081	0.01418	0.01255	0.00771	0.00894	0.00639	0.00509	0.00444	0.00127	0.00877	0.00320	0.00260	0.00577
15	0.02035	0.00987	0.01211	0.00934	0.01305	0.00961	0.00770	0.26070	0.01672	0.51968	0.01684	0.01526	0.01099	0.00601	0.00486	0.00149	0.00447	0.00476	0.04802	0.00817
16	0.01891	0.01384	0.01447	0.01119	0.01504	0.05294	0.00919	0.68863	0.02201	0.08585	0.01215	0.01201	0.00854	0.00587	0.00489	0.00147	0.00549	0.00440	0.00489	0.00823
17	0.06578	0.00951	0.01251	0.00958	0.01336	0.00893	0.05947	0.13663	0.02971	0.47113	0.03142	0.01589	0.03101	0.00588	0.00482	0.00146	0.00450	0.00485	0.00516	0.07840
18	0.01339	0.01155	0.01866	0.05369	0.63886	0.01169	0.01392	0.09135	0.01252	0.07173	0.01018	0.01248	0.00810	0.00467	0.00488	0.00147	0.00571	0.00442	0.00292	0.00780
19	0.01201	0.55343	0.29268	0.01033	0.01559	0.01668	0.01176	0.01501	0.01012	0.01294	0.00752	0.00874	0.00628	0.00436	0.00367	0.00122	0.00595	0.00297	0.00209	0.00664
20	0.00588	0.00498	0.00507	0.00505	0.00668	0.00418	0.00379	0.00719	0.01137	0.01366	0.09484	0.04665	0.74934	0.01230	0.00581	0.00165	0.00248	0.01028	0.00461	0.00418
21	0.01216	0.01168	0.01995	0.03016	0.79664	0.01168	0.01508	0.01508	0.01119	0.01605	0.00924	0.01216	0.00778	0.00438	0.00487	0.00146	0.00584	0.00438	0.00243	0.00778
22	0.01266	0.01194	0.01924	0.05486	0.71281	0.04369	0.01454	0.01548	0.01135	0.04261	0.00951	0.01222	0.00783	0.00448	0.00485	0.00146	0.00593	0.00435	0.00255	0.00764
23	0.02179	0.00879	0.01167	0.00894	0.01276	0.00785	0.00739	0.08314	0.01477	0.73986	0.01879	0.01634	0.01187	0.00607	0.00494	0.00152	0.00428	0.00490	0.00599	0.00836
24	0.00702	0.00527	0.00790	0.00790	0.00878	0.00614	0.00614	0.00878	0.00790	0.01141	0.01316	0.01931	0.01229	0.03686	0.80782	0.00790	0.01316	0.00527	0.00263	0.00439
25	0.00703	0.00522	0.00767	0.00767	0.00847	0.00602	0.00586	0.00863	0.00783	0.01124	0.01337	0.02047	0.01279	0.10824	0.73713	0.00761	0.01240	0.00544	0.00266	0.00426
26	0.01183	0.01496	0.12249	0.02139	0.18073	0.05180	0.49122	0.01578	0.01148	0.01560	0.00954	0.01246	0.00731	0.00430	0.00540	0.00159	0.00769	0.00511	0.00243	0.00689
27	0.00599	0.00428	0.00570	0.00684	0.00713	0.00399	0.00456	0.00684	0.00941	0.01254	0.02709	0.82409	0.03250	0.01540	0.00627	0.00200	0.00285	0.01397	0.00456	0.00399
28	0.02205	0.00836	0.01140	0.00874	0.01254	0.00722	0.00722	0.02395	0.01407	0.80004	0.01939	0.01673	0.01216	0.00608	0.00494	0.00152	0.00418	0.00494	0.00608	0.00836
29	0.01216	0.01168	0.01995	0.03016	0.79664	0.01168	0.01508	0.01508	0.01119	0.01605	0.00924	0.01216	0.00778	0.00438	0.00487	0.00146	0.00584	0.00438	0.00243	0.00778
30	0.01209	0.01187	0.02107	0.02899	0.70090	0.01177	0.10992	0.01516	0.01124	0.01602	0.00933	0.01230	0.00774	0.00435	0.00498	0.00148	0.00614	0.00456	0.00244	0.00764
31	0.00712	0.00541	0.00808	0.00803	0.00888	0.00637	0.00626	0.00885	0.00789	0.01142	0.01299	0.01909	0.01214	0.03614	0.78762	0.00775	0.03370	0.00524	0.00262	0.00441
32	0.01075	0.01075	0.01505	0.01290	0.01290	0.01505	0.01075	0.01183	0.00753	0.01183	0.00645	0.01075	0.00645	0.00860	0.01613	0.00215	0.81830	0.00430	0.00215	0.00538
33	0.01019	0.00873	0.01019	0.00728	0.01165	0.00655	0.00582	0.01237	0.01019	0.01601	0.00873	0.01019	0.00728	0.00364	0.00364	0.00073	0.00364	0.00291	0.00291	0.85734
34	0.01314	0.83025	0.02575	0.00841	0.01261	0.01945	0.00841	0.01472	0.00999	0.01156	0.00683	0.00788	0.00631	0.00420	0.00315	0.00105	0.00526	0.00263	0.00210	0.00631
35	0.01260	0.00954	0.01075	0.04189	0.01285	0.01059	0.00753	0.07035	0.50086	0.09805	0.14921	0.02064	0.01923	0.00706	0.00512	0.00162	0.00386	0.00594	0.00506	0.00725
36	0.01837	0.02310	0.01395	0.01262	0.01519	0.78130	0.00949	0.04484	0.01423	0.01266	0.00774	0.00896	0.00640	0.00509	0.00445	0.00127	0.00875	0.00321	0.00261	0.00579
37	0.01202	0.01153	0.01969	0.06932	0.75860	0.01164	0.01501	0.01496	0.01112	0.01588	0.00922	0.01221	0.00772	0.00441	0.00487	0.00147	0.00587	0.00438	0.00242	0.00767

[dist]
# distance from previous block
# <min> <max>
0	1

[block]
# block no. 3 follows, 51 sequences, length 41
# corresponding to MSA columns:
# 567-607
name=unknown_D
#
# <colnr> <probs for GDERKNQSTAVLIFYWHMCP>
#	G	D	E	R	K	N	Q	S	T	A	V	L	I	F	Y	W	H	M	C	P
0	0.01294	0.78215	0.07214	0.00874	0.01313	0.01896	0.00899	0.01477	0.01001	0.01180	0.00695	0.00803	0.00630	0.00423	0.00324	0.00108	0.00538	0.00269	0.00210	0.00636
1	0.01081	0.00910	0.01033	0.00747	0.01177	0.02728	0.00597	0.01296	0.01042	0.04316	0.00908	0.01038	0.00742	0.00376	0.00371	0.00077	0.00379	0.00299	0.00301	0.80581
2	0.01403	0.43556	0.15314	0.01136	0.04366	0.24125	0.01061	0.01626	0.01121	0.01253	0.00747	0.00874	0.00635	0.00453	0.00383	0.00121	0.00664	0.00301	0.00223	0.00635
3	0.02144	0.00904	0.01179	0.00907	0.01286	0.00826	0.00748	0.11193	0.03185	0.69376	0.01852	0.01619	0.01178	0.00607	0.00494	0.00152	0.00432	0.00490	0.00592	0.00835
4	0.16998	0.01177	0.01330	0.01034	0.01403	0.03969	0.06362	0.36042	0.01677	0.17225	0.04016	0.01289	0.00973	0.00560	0.00461	0.00147	0.00504	0.00436	0.00448	0.03950
5	0.01160	0.01098	0.01852	0.24362	0.54394	0.01162	0.03007	0.04257	0.01126	0.01564	0.00921	0.01243	0.00746	0.00458	0.00490	0.00151	0.00607	0.00441	0.00246	0.00715
6	0.01216	0.01168	0.01995	0.03016	0.79664	0.01168	0.01508	0.01508	0.01119	0.01605	0.00924	0.01216	0.00778	0.00438	0.00487	0.00146	0.00584	0.00438	0.00243	0.00778
7	0.00715	0.00476	0.00536	0.00536	0.00536	0.00476	0.00298	0.00715	0.00715	0.00953	0.01548	0.03216	0.01787	0.82729	0.02501	0.00476	0.00476	0.00715	0.00298	0.00298
8	0.01160	0.01326	0.02900	0.02071	0.02568	0.01243	0.77879	0.01574	0.01160	0.01574	0.00994	0.01326	0.00746	0.00414	0.00580	0.00166	0.00829	0.00580	0.00249	0.00663
9	0.01055	0.06194	0.67071	0.01367	0.02035	0.01192	0.04486	0.06353	0.01118	0.01629	0.00933	0.02713	0.00695	0.00492	0.00469	0.00154	0.00700	0.00393	0.00232	0.00720
10	0.00816	0.00529	0.00696	0.00639	0.00776	0.00484	0.00484	0.01045	0.01392	0.08223	0.73198	0.03511	0.04363	0.00973	0.00573	0.00154	0.00247	0.00857	0.00546	0.00494
11	0.01847	0.01366	0.01463	0.01126	0.01516	0.01514	0.00929	0.75556	0.04814	0.03063	0.01207	0.01201	0.00857	0.00592	0.00492	0.00148	0.00536	0.00446	0.00492	0.00834
12	0.00986	0.02542	0.80183	0.01401	0.02127	0.01141	0.01816	0.01556	0.01038	0.01556	0.00882	0.01038	0.00623	0.00467	0.00467	0.00156	0.00726	0.00363	0.00208	0.00726
13	0.02205	0.00836	0.01140	0.00874	0.01254	0.00722	0.00722	0.02395	0.01407	0.80004	0.01939	0.01673	0.01216	0.00608	0.00494	0.00152	0.00418	0.00494	0.00608	0.00836
14	0.00702	0.00527	0.00790	0.00790	0.00878	0.00614	0.00614	0.00878	0.00790	0.01141	0.01316	0.01931	0.01229	0.03686	0.80782	0.00790	0.01316	0.00527	0.00263	0.00439
15	0.00986	0.02542	0.80183	0.01401	0.02127	0.01141	0.01816	0.01556	0.01038	0.01556	0.00882	0.01038	0.00623	0.00467	0.00467	0.00156	0.00726	0.00363	0.00208	0.00726
16	0.00658	0.00501	0.00605	0.00579	0.00711	0.00448	0.00434	0.00855	0.01303	0.01762	0.55199	0.04015	0.28973	0.01083	0.00580	0.00158	0.00237	0.00937	0.00513	0.00448
17	0.00599	0.00428	0.00570	0.00684	0.00713	0.00399	0.00456	0.00684	0.00941	0.01254	0.02709	0.82409	0.03250	0.01540	0.00627	0.00200	0.00285	0.01397	0.00456	0.00399
18	0.16430	0.01303	0.01345	0.01047	0.01425	0.01451	0.00865	0.64802	0.02056	0.02943	0.01094	0.01114	0.00783	0.00567	0.00459	0.00148	0.00513	0.00412	0.00459	0.00783
19	0.01314	0.83025	0.02575	0.00841	0.01261	0.01945	0.00841	0.01472	0.00999	0.01156	0.00683	0.00788	0.00631	0.00420	0.00315	0.00105	0.00526	0.00263	0.00210	0.00631
20	0.01208	0.57040	0.27632	0.01022	0.01541	0.01685	0.01156	0.01499	0.01011	0.01285	0.00747	0.00869	0.00628	0.00435	0.00364	0.00121	0.00590	0.00295	0.00209	0.00662
21	0.09763	0.01271	0.01322	0.01141	0.02992	0.12564	0.07314	0.11517	0.36399	0.06740	0.01495	0.01523	0.01130	0.00598	0.00481	0.00157	0.00522	0.01930	0.00424	0.00719
22	0.01216	0.01168	0.01995	0.03016	0.79664	0.01168	0.01508	0.01508	0.01119	0.01605	0.00924	0.01216	0.00778	0.00438	0.00487	0.00146	0.00584	0.00438	0.00243	0.00778
23	0.00928	0.00873	0.01474	0.81548	0.03385	0.01092	0.01365	0.01256	0.00983	0.01256	0.00873	0.01310	0.00655	0.00491	0.00491	0.00164	0.00655	0.00437	0.00218	0.00546
24	0.01184	0.01131	0.01935	0.17023	0.58841	0.01171	0.05812	0.04121	0.01138	0.01593	0.00928	0.01238	0.00756	0.00451	0.00493	0.00150	0.00609	0.00446	0.00248	0.00732
25	0.01069	0.01957	0.42998	0.01723	0.02339	0.01190	0.38414	0.01565	0.01096	0.01565	0.00936	0.01176	0.00682	0.00442	0.00521	0.00160	0.00775	0.00467	0.00227	0.00696
26	0.00703	0.00522	0.00765	0.00765	0.00844	0.00601	0.00583	0.00861	0.00782	0.01122	0.01339	0.02058	0.01284	0.11539	0.73004	0.00759	0.01233	0.00545	0.00267	0.00425
27	0.01332	0.80226	0.02534	0.00856	0.01270	0.04679	0.00845	0.01489	0.01012	0.01158	0.00686	0.00792	0.00631	0.00423	0.00320	0.00106	0.00538	0.00265	0.00212	0.00629
28	0.01243	0.01053	0.01289	0.01105	0.01402	0.01172	0.08820	0.04951	0.59983	0.04789	0.01907	0.02007	0.01480	0.00683	0.00520	0.00169	0.00445	0.05759	0.00474	0.00748
29	0.00797	0.00461	0.00678	0.00678	0.00704	0.00488	0.00474	0.00718	0.00691	0.00948	0.01047	0.01758	0.01039	0.08491	0.25909	0.53417	0.00701	0.00479	0.00235	0.00288
30	0.86201	0.00950	0.00722	0.00646	0.00950	0.01102	0.00532	0.01445	0.00836	0.02205	0.00684	0.00798	0.00532	0.00456	0.00304	0.00152	0.00380	0.00266	0.00304	0.00532
31	0.01638	0.01086	0.01544	0.01198	0.01573	0.01104	0.16645	0.13823	0.25134	0.28326	0.01647	0.01575	0.01148	0.00583	0.00513	0.00159	0.00512	0.00523	0.00483	0.00783
32	0.01269	0.01045	0.01113	0.00994	0.01277	0.01199	0.00775	0.02601	0.75110	0.05749	0.01997	0.01826	0.01487	0.00664	0.00500	0.00166	0.00390	0.00553	0.00505	0.00781
33	0.05902	0.01237	0.01358	0.01052	0.01433	0.01334	0.00867	0.56302	0.05394	0.18069	0.01341	0.01287	0.00925	0.00591	0.00484	0.00149	0.00503	0.00449	0.00506	0.00819
34	0.01019	0.10682	0.72333	0.01344	0.02039	0.01223	0.01717	0.01548	0.01034	0.01516	0.00862	0.01012	0.00623	0.00462	0.00452	0.00151	0.00706	0.00353	0.00208	0.00717
35	0.01235	0.01488	0.06510	0.01936	0.02418	0.09211	0.64689	0.03350	0.01203	0.01571	0.00969	0.01264	0.00730	0.00430	0.00559	0.00161	0.00823	0.00540	0.00253	0.00661
36	0.00792	0.00566	0.00792	0.00905	0.01018	0.00566	0.00792	0.01018	0.01131	0.01471	0.02602	0.05543	0.02828	0.01358	0.00679	0.00226	0.00453	0.76356	0.00453	0.00453
37	0.78464	0.01054	0.00786	0.00700	0.01003	0.06439	0.00570	0.03383	0.00910	0.02160	0.00702	0.00814	0.00546	0.00463	0.00318	0.00150	0.00418	0.00274	0.00305	0.00542
38	0.19264	0.00738	0.00968	0.22286	0.01639	0.00826	0.00886	0.01212	0.01036	0.03789	0.01711	0.03287	0.01710	0.00912	0.00543	0.00192	0.00490	0.37643	0.00363	0.00505
39	0.45252	0.00988	0.02939	0.03911	0.01324	0.02853	0.10487	0.03149	0.01016	0.04472	0.01202	0.01951	0.01092	0.00656	0.00444	0.00170	0.00487	0.16716	0.00337	0.00554
40	0.64921	0.00989	0.00959	0.00825	0.01126	0.02714	0.06875	0.02904	0.02405	0.03287	0.00917	0.01267	0.00771	0.00541	0.00390	0.00160	0.01688	0.06387	0.00321	0.00552

[dist]
# distance from previous block
# <min> <max>
3	18

[block]
# block no. 4 follows, 51 sequences, length 7
# corresponding to MSA columns:
# 626-632
name=unknown_E
#
# <colnr> <probs for GDERKNQSTAVLIFYWHMCP>
#	G	D	E	R	K	N	Q	S	T	A	V	L	I	F	Y	W	H	M	C	P
0	0.05547	0.05677	0.00854	0.05604	0.00930	0.07401	0.00521	0.01020	0.00847	0.03958	0.01325	0.02398	0.01388	0.47808	0.12397	0.00418	0.00630	0.00579	0.00291	0.00407
1	0.11984	0.14153	0.03384	0.00974	0.01294	0.07553	0.02412	0.24382	0.09608	0.05613	0.01145	0.01345	0.00925	0.08028	0.03380	0.00195	0.02168	0.00425	0.00369	0.00665
2	0.01186	0.01394	0.06348	0.01703	0.06646	0.12285	0.39700	0.01475	0.01080	0.01402	0.00970	0.01428	0.00832	0.09969	0.00902	0.00201	0.11109	0.00519	0.00248	0.00602
3	0.06491	0.01720	0.09226	0.06164	0.01766	0.28834	0.11328	0.14295	0.03300	0.01681	0.00893	0.01074	0.00699	0.00544	0.00600	0.00153	0.09902	0.00400	0.00290	0.00639
4	0.00840	0.00432	0.00630	0.00630	0.00630	0.00432	0.00414	0.00647	0.00647	0.00863	0.00921	0.01661	0.00944	0.09571	0.01977	0.77430	0.00432	0.00455	0.00222	0.00222
5	0.01280	0.06481	0.06138	0.01786	0.02224	0.15681	0.52452	0.01620	0.01169	0.01464	0.00913	0.01189	0.00708	0.00453	0.00579	0.00157	0.04325	0.00497	0.00244	0.00642
6	0.00710	0.00495	0.00628	0.00628	0.00660	0.00527	0.00413	0.00774	0.00742	0.01021	0.01464	0.02749	0.01584	0.54008	0.30945	0.00590	0.00782	0.00646	0.00285	0.00349

[dist]
# distance from previous block
# <min> <max>
0	1

[block]
# block no. 5 follows, 51 sequences, length 10
# corresponding to MSA columns:
# 634-643
name=unknown_F
#
# <colnr> <probs for GDERKNQSTAVLIFYWHMCP>
#	G	D	E	R	K	N	Q	S	T	A	V	L	I	F	Y	W	H	M	C	P
0	0.01836	0.01313	0.01422	0.01102	0.01485	0.01445	0.00907	0.66560	0.08720	0.08179	0.01300	0.01268	0.00918	0.00598	0.00492	0.00149	0.00520	0.00455	0.00500	0.00831
1	0.01398	0.05704	0.01289	0.01026	0.01342	0.01342	0.00823	0.22490	0.54225	0.02281	0.01710	0.01602	0.01276	0.00633	0.00488	0.00158	0.00437	0.00509	0.00482	0.00785
2	0.00631	0.00498	0.00573	0.00588	0.00722	0.00440	0.00447	0.00787	0.01165	0.01484	0.21834	0.13172	0.45697	0.01233	0.00596	0.00173	0.00270	0.08785	0.00476	0.00428
3	0.01588	0.40712	0.01955	0.01064	0.01397	0.43276	0.00898	0.01729	0.01205	0.01181	0.00723	0.00840	0.00632	0.00466	0.00382	0.00116	0.00715	0.00291	0.00233	0.00599
4	0.01127	0.00870	0.01030	0.00741	0.01173	0.00661	0.00595	0.01343	0.01054	0.08737	0.00970	0.01079	0.00772	0.00386	0.00376	0.00080	0.00369	0.00310	0.00320	0.78007
5	0.01007	0.02396	0.70916	0.01481	0.02180	0.01153	0.10937	0.01558	0.01052	0.01558	0.00895	0.01072	0.00637	0.00461	0.00480	0.00157	0.00739	0.00389	0.00212	0.00719
6	0.01039	0.15526	0.67663	0.01310	0.01987	0.01271	0.01658	0.01543	0.01031	0.01492	0.00850	0.00997	0.00624	0.00459	0.00442	0.00147	0.00694	0.00347	0.00208	0.00711
7	0.00597	0.00435	0.00563	0.00665	0.00708	0.00401	0.00448	0.00686	0.00959	0.01262	0.02942	0.74423	0.11085	0.01509	0.00622	0.00196	0.00281	0.01360	0.00456	0.00401
8	0.00715	0.00476	0.00536	0.00536	0.00536	0.00476	0.00298	0.00715	0.00715	0.00953	0.01548	0.03216	0.01787	0.82729	0.02501	0.00476	0.00476	0.00715	0.00298	0.00298
9	0.00986	0.00957	0.01499	0.73518	0.07503	0.04769	0.01354	0.01302	0.01009	0.01272	0.00871	0.01285	0.00661	0.00489	0.00489	0.00161	0.00662	0.00431	0.00221	0.00560

[dist]
# distance from previous block
# <min> <max>
0	14

[block]
# block no. 6 follows, 51 sequences, length 6
# corresponding to MSA columns:
# 658-663
name=unknown_G
#
# <colnr> <probs for GDERKNQSTAVLIFYWHMCP>
#	G	D	E	R	K	N	Q	S	T	A	V	L	I	F	Y	W	H	M	C	P
0	0.01189	0.01140	0.01946	0.10355	0.72535	0.01161	0.01495	0.01485	0.01106	0.01573	0.00920	0.01225	0.00767	0.00443	0.00487	0.00148	0.00590	0.00438	0.00241	0.00757
1	0.00581	0.00498	0.00498	0.00498	0.00664	0.00415	0.00373	0.00705	0.01120	0.01328	0.04978	0.04729	0.79464	0.01245	0.00581	0.00166	0.00249	0.01037	0.00456	0.00415
2	0.00715	0.00476	0.00536	0.00536	0.00536	0.00476	0.00298	0.00715	0.00715	0.00953	0.01548	0.03216	0.01787	0.82729	0.02501	0.00476	0.00476	0.00715	0.00298	0.00298
3	0.77511	0.00989	0.00945	0.00792	0.01116	0.01117	0.08436	0.01458	0.00869	0.02140	0.00716	0.00852	0.00554	0.00452	0.00332	0.00153	0.00426	0.00298	0.00298	0.00546
4	0.01253	0.51139	0.23704	0.01088	0.01584	0.07210	0.05126	0.01534	0.01045	0.01290	0.00759	0.00891	0.00635	0.00439	0.00379	0.00124	0.00621	0.00310	0.00214	0.00654
5	0.11228	0.00958	0.03586	0.06578	0.01426	0.00921	0.03088	0.04351	0.10837	0.44437	0.01598	0.01553	0.01092	0.03032	0.00568	0.00167	0.02878	0.00474	0.00486	0.00741

[dist]
# distance from previous block
# <min> <max>
6	116

[block]
# block no. 7 follows, 51 sequences, length 69
# corresponding to MSA columns:
# 781-792,794-850
name=unknown_H
#
# <colnr> <probs for GDERKNQSTAVLIFYWHMCP>
#	G	D	E	R	K	N	Q	S	T	A	V	L	I	F	Y	W	H	M	C	P
0	0.03330	0.25996	0.32833	0.01075	0.01566	0.01351	0.01179	0.08186	0.07100	0.04297	0.01018	0.01211	0.00816	0.05878	0.02052	0.00173	0.00600	0.00383	0.00279	0.00677
1	0.06840	0.74461	0.02409	0.00843	0.01252	0.03688	0.00825	0.02788	0.01019	0.01258	0.00693	0.00798	0.00628	0.00428	0.00321	0.00109	0.00525	0.00267	0.00222	0.00626
2	0.00780	0.05881	0.00772	0.00643	0.00681	0.00667	0.00430	0.00819	0.00745	0.01006	0.01396	0.02745	0.01559	0.61913	0.11382	0.00469	0.06837	0.00642	0.00282	0.00354
3	0.01988	0.00917	0.01194	0.00941	0.01301	0.00865	0.01995	0.14262	0.04510	0.57521	0.01857	0.01893	0.01284	0.00662	0.00510	0.00158	0.00446	0.06327	0.00568	0.00802
4	0.01170	0.24619	0.52686	0.01206	0.01821	0.01331	0.01463	0.01597	0.01055	0.07482	0.00908	0.01018	0.00670	0.00465	0.00427	0.00141	0.00647	0.00346	0.00239	0.00708
5	0.01842	0.01456	0.01454	0.01139	0.01515	0.08966	0.00930	0.68231	0.04901	0.02882	0.01169	0.01175	0.00840	0.00585	0.00487	0.00146	0.00568	0.00435	0.00469	0.00809
6	0.01331	0.06650	0.02036	0.05917	0.35979	0.11288	0.16810	0.09315	0.01274	0.01661	0.02500	0.01219	0.00821	0.00470	0.00492	0.00146	0.00660	0.00449	0.00273	0.00708
7	0.00737	0.00543	0.00712	0.00696	0.00731	0.00611	0.00484	0.00816	0.00748	0.01046	0.01386	0.02537	0.01475	0.44792	0.33765	0.00582	0.07073	0.00617	0.00278	0.00373
8	0.86201	0.00950	0.00722	0.00646	0.00950	0.01102	0.00532	0.01445	0.00836	0.02205	0.00684	0.00798	0.00532	0.00456	0.00304	0.00152	0.00380	0.00266	0.00304	0.00532
9	0.00712	0.00482	0.00563	0.00561	0.00575	0.00486	0.00333	0.00741	0.00764	0.01033	0.06579	0.03147	0.01928	0.71348	0.08400	0.00480	0.00525	0.00711	0.00311	0.00319
10	0.72112	0.01029	0.00809	0.00710	0.01018	0.06229	0.00579	0.01576	0.00931	0.10123	0.00818	0.00894	0.00609	0.00475	0.00333	0.00150	0.00417	0.00293	0.00332	0.00566
11	0.06766	0.01134	0.11457	0.04438	0.01517	0.00919	0.04801	0.04992	0.09038	0.45080	0.01583	0.01485	0.01052	0.00565	0.00481	0.00153	0.00487	0.00464	0.00480	0.03111
12	0.02167	0.00898	0.01178	0.00903	0.01285	0.00813	0.00746	0.10960	0.01509	0.71294	0.01853	0.01617	0.01173	0.00606	0.00494	0.00152	0.00432	0.00488	0.00595	0.00836
13	0.01135	0.01460	0.12216	0.03648	0.04510	0.01225	0.65125	0.01564	0.01140	0.01566	0.00976	0.01288	0.00730	0.00423	0.00562	0.00164	0.00806	0.00547	0.00243	0.00671
14	0.00986	0.02542	0.80183	0.01401	0.02127	0.01141	0.01816	0.01556	0.01038	0.01556	0.00882	0.01038	0.00623	0.00467	0.00467	0.00156	0.00726	0.00363	0.00208	0.00726
15	0.00661	0.00500	0.00609	0.00593	0.00718	0.00450	0.00444	0.00852	0.01273	0.01719	0.50642	0.07173	0.26427	0.02603	0.00620	0.00168	0.00250	0.03348	0.00505	0.00443
16	0.00651	0.00521	0.00586	0.00572	0.00720	0.00466	0.00430	0.00865	0.04259	0.01591	0.31956	0.05999	0.46191	0.01143	0.00580	0.00163	0.00252	0.02117	0.00489	0.00447
17	0.00729	0.00521	0.00716	0.00807	0.00899	0.00508	0.00658	0.00920	0.01122	0.01491	0.14103	0.24624	0.03205	0.01351	0.00651	0.00209	0.00377	0.46201	0.00467	0.00441
18	0.01539	0.13791	0.01659	0.13629	0.12174	0.46503	0.01071	0.01723	0.01236	0.01258	0.00788	0.00980	0.00655	0.00482	0.00437	0.00132	0.00758	0.00343	0.00240	0.00603
19	0.00606	0.00438	0.00573	0.00667	0.00712	0.00405	0.00452	0.00706	0.00989	0.01319	0.09239	0.71107	0.08015	0.01477	0.00620	0.00194	0.00278	0.01333	0.00463	0.00405
20	0.01244	0.01061	0.01181	0.09647	0.01523	0.01222	0.00850	0.09258	0.61619	0.02053	0.01778	0.01698	0.01331	0.00634	0.00495	0.00162	0.00431	0.00526	0.00464	0.02823
21	0.00715	0.00476	0.00536	0.00536	0.00536	0.00476	0.00298	0.00715	0.00715	0.00953	0.01548	0.03216	0.01787	0.82729	0.02501	0.00476	0.00476	0.00715	0.00298	0.00298
22	0.01787	0.03346	0.01317	0.01012	0.01345	0.01191	0.00833	0.33899	0.09759	0.28003	0.01500	0.02952	0.01066	0.00638	0.00574	0.00155	0.06727	0.00484	0.02628	0.00784
23	0.01137	0.01486	0.13069	0.01983	0.02510	0.01229	0.67870	0.01572	0.01144	0.01572	0.00979	0.01288	0.00729	0.00421	0.00565	0.00164	0.00815	0.00551	0.00243	0.00671
24	0.02183	0.00871	0.01162	0.00891	0.01272	0.00774	0.00736	0.07299	0.01465	0.75017	0.01890	0.01641	0.01192	0.00607	0.00494	0.00152	0.00426	0.00491	0.00601	0.00836
25	0.02107	0.00815	0.01109	0.00858	0.01221	0.00706	0.00706	0.02300	0.01406	0.74944	0.06962	0.01802	0.01438	0.00634	0.00500	0.00152	0.00406	0.00520	0.00604	0.00812
26	0.00923	0.00853	0.01415	0.73814	0.03163	0.01054	0.01310	0.01263	0.02471	0.01287	0.01028	0.01646	0.00838	0.00561	0.00506	0.00169	0.00634	0.06281	0.00242	0.00543
27	0.86201	0.00950	0.00722	0.00646	0.00950	0.01102	0.00532	0.01445	0.00836	0.02205	0.00684	0.00798	0.00532	0.00456	0.00304	0.00152	0.00380	0.00266	0.00304	0.00532
28	0.00781	0.00581	0.00701	0.00657	0.00800	0.00573	0.00497	0.01177	0.12839	0.01933	0.58087	0.03347	0.08759	0.00942	0.00553	0.00154	0.00256	0.00821	0.06036	0.00507
29	0.01748	0.02201	0.01336	0.01216	0.01459	0.74578	0.00912	0.01883	0.01393	0.01262	0.06811	0.01100	0.00941	0.00545	0.00454	0.00129	0.00836	0.00361	0.00275	0.00562
30	0.01216	0.01168	0.01995	0.03016	0.79664	0.01168	0.01508	0.01508	0.01119	0.01605	0.00924	0.01216	0.00778	0.00438	0.00487	0.00146	0.00584	0.00438	0.00243	0.00778
31	0.01231	0.62763	0.22113	0.00982	0.01479	0.01742	0.01086	0.01493	0.01008	0.01257	0.00733	0.00851	0.00629	0.00432	0.00353	0.00118	0.00576	0.00288	0.00210	0.00655
32	0.00739	0.00524	0.00595	0.00570	0.00734	0.00453	0.00432	0.00897	0.01207	0.07548	0.23845	0.06370	0.50817	0.01144	0.00577	0.00164	0.00262	0.02172	0.00490	0.00460
33	0.01335	0.06450	0.05011	0.01188	0.03549	0.31892	0.06977	0.04426	0.06485	0.01530	0.15232	0.04990	0.01593	0.00674	0.00552	0.00149	0.04825	0.02220	0.00336	0.00587
34	0.00637	0.00479	0.00590	0.00606	0.00709	0.00432	0.00438	0.00797	0.01187	0.01591	0.37282	0.27275	0.23729	0.01226	0.00594	0.00171	0.00252	0.01078	0.00494	0.00432
35	0.01836	0.02342	0.01393	0.01266	0.01519	0.80756	0.00950	0.01962	0.01393	0.01203	0.00760	0.00886	0.00633	0.00506	0.00443	0.00127	0.00886	0.00317	0.00253	0.00570
36	0.00689	0.00504	0.00648	0.00619	0.00739	0.00463	0.00469	0.00911	0.01357	0.01894	0.69725	0.03839	0.11244	0.01040	0.00584	0.00158	0.00242	0.03886	0.00530	0.00459
37	0.00718	0.00537	0.00671	0.00633	0.00763	0.00508	0.00476	0.01014	0.06379	0.01909	0.66738	0.04802	0.10968	0.01012	0.00575	0.00157	0.00244	0.00888	0.00530	0.00479
38	0.01299	0.79461	0.06011	0.00866	0.01300	0.01909	0.00884	0.01475	0.01000	0.01174	0.00692	0.00799	0.00630	0.00422	0.00322	0.00107	0.00534	0.00267	0.00210	0.00635
39	0.01219	0.01095	0.02392	0.01025	0.02519	0.05526	0.01983	0.03829	0.58716	0.03445	0.07317	0.02012	0.04310	0.00697	0.00508	0.00163	0.00421	0.01620	0.00476	0.00727
40	0.00916	0.00458	0.00458	0.00458	0.00573	0.00458	0.00344	0.01145	0.01031	0.01832	0.01603	0.01832	0.01260	0.00573	0.00344	0.00115	0.00229	0.00458	0.85457	0.00458
41	0.07619	0.00928	0.01097	0.00821	0.01218	0.03188	0.05124	0.01329	0.02745	0.03701	0.03882	0.03436	0.00957	0.00448	0.00396	0.00097	0.00403	0.00371	0.00315	0.61925
42	0.01135	0.01081	0.01845	0.11596	0.63516	0.01102	0.02943	0.01418	0.01091	0.01539	0.01057	0.07476	0.00954	0.00528	0.00500	0.00152	0.00574	0.00514	0.00257	0.00721
43	0.00916	0.00458	0.00458	0.00458	0.00573	0.00458	0.00344	0.01145	0.01031	0.01832	0.01603	0.01832	0.01260	0.00573	0.00344	0.00115	0.00229	0.00458	0.85457	0.00458
44	0.03924	0.02613	0.02975	0.11818	0.13416	0.12793	0.18643	0.10119	0.03970	0.03908	0.03054	0.02830	0.00939	0.00553	0.00563	0.00157	0.04950	0.01814	0.00304	0.00656
45	0.86201	0.00950	0.00722	0.00646	0.00950	0.01102	0.00532	0.01445	0.00836	0.02205	0.00684	0.00798	0.00532	0.00456	0.00304	0.00152	0.00380	0.00266	0.00304	0.00532
46	0.03823	0.01326	0.01460	0.01230	0.06557	0.01466	0.00949	0.65000	0.08486	0.02893	0.01219	0.01227	0.00879	0.00583	0.00487	0.00149	0.00527	0.00447	0.00472	0.00820
47	0.00966	0.00916	0.01561	0.70803	0.12449	0.01104	0.02728	0.01291	0.01002	0.01303	0.00882	0.01299	0.00671	0.00484	0.00492	0.00162	0.00650	0.00439	0.00222	0.00576
48	0.01194	0.00631	0.00679	0.00600	0.00784	0.00639	0.00470	0.12257	0.01255	0.10644	0.01580	0.01721	0.01194	0.00579	0.00381	0.00123	0.00294	0.00460	0.63960	0.00554
49	0.01005	0.04013	0.72727	0.01441	0.02144	0.01165	0.07650	0.01556	0.01046	0.01550	0.00887	0.01055	0.00632	0.00462	0.00473	0.00155	0.00730	0.00378	0.00211	0.00720
50	0.00863	0.00713	0.00850	0.00702	0.00995	0.00562	0.00531	0.01035	0.01000	0.01477	0.01674	0.26812	0.05808	0.00782	0.00459	0.00118	0.00333	0.00679	0.00352	0.54256
51	0.86201	0.00950	0.00722	0.00646	0.00950	0.01102	0.00532	0.01445	0.00836	0.02205	0.00684	0.00798	0.00532	0.00456	0.00304	0.00152	0.00380	0.00266	0.00304	0.00532
52	0.01198	0.01030	0.01092	0.00986	0.01254	0.01192	0.00765	0.02528	0.75150	0.02010	0.01972	0.01860	0.01497	0.02131	0.02920	0.00190	0.00418	0.00557	0.00490	0.00760
53	0.01159	0.01121	0.01835	0.08220	0.63436	0.02761	0.03113	0.01460	0.02550	0.01559	0.01251	0.01500	0.06834	0.00509	0.00496	0.00149	0.00571	0.00487	0.00263	0.00727
54	0.01688	0.00870	0.01100	0.00820	0.01225	0.00720	0.00669	0.04359	0.01271	0.44055	0.01460	0.01378	0.00996	0.00503	0.00439	0.00118	0.00399	0.00406	0.00469	0.37056
55	0.21208	0.00810	0.02992	0.00776	0.02738	0.00807	0.00607	0.04569	0.12074	0.06308	0.27683	0.04084	0.11881	0.00800	0.00491	0.00157	0.00337	0.00658	0.00453	0.00567
56	0.01105	0.01056	0.01716	0.31906	0.44024	0.02462	0.01374	0.01402	0.01065	0.01469	0.00899	0.01230	0.00726	0.00453	0.00478	0.00147	0.00598	0.00424	0.00238	0.07226
57	0.00916	0.00458	0.00458	0.00458	0.00573	0.00458	0.00344	0.01145	0.01031	0.01832	0.01603	0.01832	0.01260	0.00573	0.00344	0.00115	0.00229	0.00458	0.85457	0.00458
58	0.01302	0.01271	0.03776	0.01386	0.01719	0.06651	0.24511	0.08140	0.26241	0.04989	0.01318	0.01449	0.01009	0.01883	0.00683	0.00170	0.10435	0.00513	0.00361	0.02193
59	0.00780	0.00623	0.01005	0.00907	0.01019	0.00690	0.08743	0.00931	0.00820	0.01163	0.02791	0.01961	0.01247	0.11184	0.52892	0.07186	0.04810	0.00547	0.00265	0.00436
60	0.00916	0.00458	0.00458	0.00458	0.00573	0.00458	0.00344	0.01145	0.01031	0.01832	0.01603	0.01832	0.01260	0.00573	0.00344	0.00115	0.00229	0.00458	0.85457	0.00458
61	0.01763	0.08783	0.01506	0.01277	0.03499	0.70794	0.00958	0.01896	0.01341	0.01209	0.00755	0.00891	0.00637	0.00505	0.00457	0.00127	0.02458	0.00318	0.00249	0.00579
62	0.86201	0.00950	0.00722	0.00646	0.00950	0.01102	0.00532	0.01445	0.00836	0.02205	0.00684	0.00798	0.00532	0.00456	0.00304	0.00152	0.00380	0.00266	0.00304	0.00532
63	0.01295	0.01092	0.01152	0.01015	0.01305	0.01256	0.00795	0.11046	0.70224	0.02172	0.01908	0.01760	0.01426	0.00658	0.00499	0.00165	0.00406	0.00543	0.00499	0.00784
64	0.86201	0.00950	0.00722	0.00646	0.00950	0.01102	0.00532	0.01445	0.00836	0.02205	0.00684	0.00798	0.00532	0.00456	0.00304	0.00152	0.00380	0.00266	0.00304	0.00532
65	0.00770	0.00550	0.00750	0.00835	0.00938	0.00547	0.00705	0.00971	0.01103	0.01448	0.08404	0.05075	0.04749	0.09196	0.02641	0.00256	0.00452	0.59733	0.00440	0.00437
66	0.00986	0.02542	0.80183	0.01401	0.02127	0.01141	0.01816	0.01556	0.01038	0.01556	0.00882	0.01038	0.00623	0.00467	0.00467	0.00156	0.00726	0.00363	0.00208	0.00726
67	0.01252	0.01051	0.01129	0.02663	0.01313	0.01203	0.00787	0.10622	0.63880	0.02146	0.06907	0.01871	0.01614	0.00677	0.00504	0.00164	0.00401	0.00563	0.00496	0.00759
68	0.00753	0.00597	0.00628	0.00616	0.00767	0.00512	0.00442	0.00843	0.01199	0.01508	0.15465	0.04526	0.59015	0.09764	0.00835	0.00221	0.00319	0.01012	0.00494	0.00482

[dist]
# distance from previous block
# <min> <max>
0	1

[block]
# block no. 8 follows, 51 sequences, length 46
# corresponding to MSA columns:
# 852-897
name=unknown_I
#
# <colnr> <probs for GDERKNQSTAVLIFYWHMCP>
#	G	D	E	R	K	N	Q	S	T	A	V	L	I	F	Y	W	H	M	C	P
0	0.01253	0.01121	0.01199	0.12333	0.01601	0.05894	0.00875	0.07104	0.56473	0.01947	0.01688	0.01642	0.01269	0.00620	0.00491	0.00160	0.00465	0.00511	0.00440	0.02914
1	0.86201	0.00950	0.00722	0.00646	0.00950	0.01102	0.00532	0.01445	0.00836	0.02205	0.00684	0.00798	0.00532	0.00456	0.00304	0.00152	0.00380	0.00266	0.00304	0.00532
2	0.01019	0.00873	0.01019	0.00728	0.01165	0.00655	0.00582	0.01237	0.01019	0.01601	0.00873	0.01019	0.00728	0.00364	0.00364	0.00073	0.00364	0.00291	0.00291	0.85734
3	0.00715	0.00476	0.00536	0.00536	0.00536	0.00476	0.00298	0.00715	0.00715	0.00953	0.01548	0.03216	0.01787	0.82729	0.02501	0.00476	0.00476	0.00715	0.00298	0.00298
4	0.00687	0.00509	0.00645	0.00630	0.00755	0.00467	0.00486	0.00900	0.01316	0.01805	0.58069	0.04063	0.17110	0.01085	0.00591	0.00165	0.00260	0.09487	0.00517	0.00454
5	0.00786	0.00562	0.00783	0.00887	0.01000	0.00559	0.00771	0.01012	0.01148	0.01502	0.07446	0.05425	0.02942	0.01335	0.00673	0.00222	0.00439	0.71597	0.00458	0.00453
6	0.01007	0.00939	0.01472	0.74696	0.03226	0.03007	0.01328	0.05997	0.01074	0.01368	0.00890	0.01292	0.00666	0.00498	0.00490	0.00162	0.00654	0.00434	0.00236	0.00564
7	0.01868	0.01376	0.01475	0.01131	0.01524	0.01524	0.00934	0.78025	0.02311	0.03097	0.01180	0.01180	0.00836	0.00590	0.00492	0.00147	0.00541	0.00442	0.00492	0.00836
8	0.01222	0.01056	0.01111	0.01000	0.01278	0.01222	0.00778	0.02611	0.78776	0.02056	0.02000	0.01833	0.01500	0.00667	0.00500	0.00167	0.00389	0.00556	0.00500	0.00778
9	0.00916	0.00458	0.00458	0.00458	0.00573	0.00458	0.00344	0.01145	0.01031	0.01832	0.01603	0.01832	0.01260	0.00573	0.00344	0.00115	0.00229	0.00458	0.85457	0.00458
10	0.00928	0.00873	0.01474	0.81548	0.03385	0.01092	0.01365	0.01256	0.00983	0.01256	0.00873	0.01310	0.00655	0.00491	0.00491	0.00164	0.00655	0.00437	0.00218	0.00546
11	0.05847	0.00681	0.01017	0.05993	0.01172	0.00807	0.04471	0.01029	0.00829	0.02687	0.01173	0.01712	0.01069	0.04031	0.55128	0.00599	0.10514	0.00499	0.00263	0.00478
12	0.00916	0.00458	0.00458	0.00458	0.00573	0.00458	0.00344	0.01145	0.01031	0.01832	0.01603	0.01832	0.01260	0.00573	0.00344	0.00115	0.00229	0.00458	0.85457	0.00458
13	0.01149	0.01266	0.04881	0.01703	0.06457	0.03024	0.31758	0.03200	0.00997	0.01423	0.00824	0.01181	0.00697	0.00630	0.01043	0.00186	0.38245	0.00486	0.00237	0.00616
14	0.86201	0.00950	0.00722	0.00646	0.00950	0.01102	0.00532	0.01445	0.00836	0.02205	0.00684	0.00798	0.00532	0.00456	0.00304	0.00152	0.00380	0.00266	0.00304	0.00532
15	0.01364	0.01081	0.01158	0.01008	0.01307	0.01228	0.00794	0.11878	0.64487	0.07100	0.01895	0.01743	0.01400	0.00654	0.00499	0.00163	0.00409	0.00538	0.00506	0.00789
16	0.08004	0.00922	0.01487	0.63563	0.14171	0.01104	0.01317	0.01308	0.00990	0.01384	0.00865	0.01254	0.00663	0.00481	0.00475	0.00160	0.00622	0.00423	0.00229	0.00578
17	0.00832	0.00668	0.01055	0.01093	0.05756	0.00650	0.08996	0.01078	0.01173	0.01567	0.15280	0.05934	0.04398	0.01144	0.00637	0.00201	0.00456	0.48154	0.00433	0.00494
18	0.00755	0.00600	0.00842	0.00819	0.00881	0.00713	0.00630	0.00890	0.00806	0.01146	0.01500	0.06928	0.04083	0.14415	0.46569	0.00577	0.13681	0.03448	0.00286	0.00431
19	0.00719	0.00691	0.00601	0.00586	0.00758	0.08831	0.00439	0.00850	0.01165	0.01353	0.09048	0.04263	0.66674	0.01153	0.00566	0.00161	0.00315	0.00953	0.00440	0.00434
20	0.01184	0.01133	0.01920	0.08008	0.67905	0.01132	0.03221	0.01476	0.01105	0.01582	0.00919	0.01213	0.00766	0.00436	0.00481	0.00143	0.00580	0.00432	0.00245	0.06118
21	0.00817	0.02813	0.00848	0.00771	0.00827	0.04017	0.00564	0.00910	0.00785	0.01073	0.01287	0.02271	0.01341	0.35088	0.33805	0.00546	0.10988	0.00575	0.00269	0.00405
22	0.01053	0.00924	0.01186	0.01120	0.14629	0.00743	0.00741	0.01284	0.01036	0.01602	0.00882	0.01053	0.00737	0.00377	0.00385	0.00085	0.00402	0.00316	0.00283	0.71162
23	0.00916	0.00458	0.00458	0.00458	0.00573	0.00458	0.00344	0.01145	0.01031	0.01832	0.01603	0.01832	0.01260	0.00573	0.00344	0.00115	0.00229	0.00458	0.85457	0.00458
24	0.08653	0.00953	0.00966	0.00865	0.01108	0.07412	0.01766	0.06489	0.23182	0.05232	0.09709	0.10993	0.08997	0.00819	0.00507	0.00159	0.00408	0.04501	0.00441	0.06841
25	0.01048	0.04119	0.74488	0.01371	0.02070	0.02946	0.01744	0.01589	0.01056	0.03862	0.00906	0.01048	0.00641	0.00471	0.00464	0.00154	0.00717	0.00364	0.00220	0.00724
26	0.00916	0.00458	0.00458	0.00458	0.00573	0.00458	0.00344	0.01145	0.01031	0.01832	0.01603	0.01832	0.01260	0.00573	0.00344	0.00115	0.00229	0.00458	0.85457	0.00458
27	0.04326	0.15622	0.51184	0.01293	0.01883	0.02927	0.06794	0.01546	0.01044	0.03512	0.02068	0.01062	0.00707	0.00482	0.00487	0.00149	0.03625	0.00371	0.00231	0.00687
28	0.74602	0.00935	0.00780	0.00678	0.00992	0.01050	0.00558	0.01576	0.00915	0.12947	0.00857	0.00919	0.00627	0.00477	0.00330	0.00152	0.00385	0.00298	0.00346	0.00574
29	0.01216	0.01168	0.01995	0.03016	0.79664	0.01168	0.01508	0.01508	0.01119	0.01605	0.00924	0.01216	0.00778	0.00438	0.00487	0.00146	0.00584	0.00438	0.00243	0.00778
30	0.86201	0.00950	0.00722	0.00646	0.00950	0.01102	0.00532	0.01445	0.00836	0.02205	0.00684	0.00798	0.00532	0.00456	0.00304	0.00152	0.00380	0.00266	0.00304	0.00532
31	0.01284	0.01262	0.02292	0.01762	0.06374	0.01249	0.47862	0.17886	0.06296	0.01916	0.01328	0.01521	0.05452	0.00518	0.00551	0.00161	0.00692	0.00568	0.00328	0.00699
32	0.01419	0.01131	0.01147	0.00989	0.01277	0.07299	0.00783	0.18513	0.39315	0.08521	0.06696	0.01919	0.03549	0.00690	0.00504	0.00159	0.00448	0.03001	0.01907	0.00734
33	0.00757	0.00618	0.00689	0.00649	0.00778	0.05523	0.00486	0.00973	0.01368	0.01866	0.67982	0.03587	0.10881	0.00994	0.00571	0.00154	0.00275	0.00866	0.00515	0.00466
34	0.01160	0.01326	0.02900	0.02071	0.02568	0.01243	0.77879	0.01574	0.01160	0.01574	0.00994	0.01326	0.00746	0.00414	0.00580	0.00166	0.00829	0.00580	0.00249	0.00663
35	0.00945	0.00891	0.01505	0.76922	0.07878	0.01096	0.01373	0.01270	0.00991	0.01276	0.00876	0.01305	0.00662	0.00488	0.00491	0.00163	0.00651	0.00437	0.00220	0.00560
36	0.01168	0.01118	0.01907	0.16173	0.66885	0.01155	0.01484	0.01466	0.01096	0.01547	0.00916	0.01232	0.00758	0.00447	0.00487	0.00149	0.00596	0.00438	0.00239	0.00739
37	0.01202	0.01165	0.01889	0.11309	0.63494	0.03386	0.02808	0.01556	0.05448	0.01581	0.00976	0.01254	0.00801	0.00458	0.00488	0.00149	0.00593	0.00443	0.00255	0.00745
38	0.00643	0.00502	0.00584	0.00569	0.00709	0.00443	0.00430	0.00823	0.01253	0.01646	0.41278	0.04236	0.40630	0.01131	0.00583	0.00162	0.00247	0.03194	0.00498	0.00440
39	0.01242	0.01052	0.01108	0.00984	0.01265	0.01204	0.00769	0.08883	0.68077	0.02104	0.02093	0.01936	0.05696	0.00692	0.00504	0.00165	0.00394	0.00572	0.00497	0.00763
40	0.00676	0.00502	0.00629	0.00597	0.00722	0.00455	0.00448	0.00889	0.01344	0.01858	0.66416	0.03856	0.17696	0.01047	0.00580	0.00157	0.00235	0.00915	0.00526	0.00455
41	0.01052	0.00872	0.01022	0.00732	0.01167	0.00657	0.00586	0.01269	0.01030	0.03750	0.00903	0.01037	0.00741	0.00371	0.00368	0.00075	0.00365	0.00297	0.00300	0.83407
42	0.00696	0.00502	0.00657	0.00618	0.00734	0.00464	0.00464	0.00927	0.01391	0.01971	0.79405	0.03671	0.04637	0.01005	0.00580	0.00155	0.00232	0.00889	0.00541	0.00464
43	0.01019	0.00873	0.01019	0.00728	0.01165	0.00655	0.00582	0.01237	0.01019	0.01601	0.00873	0.01019	0.00728	0.00364	0.00364	0.00073	0.00364	0.00291	0.00291	0.85734
44	0.02122	0.00839	0.01132	0.00864	0.01248	0.00718	0.00713	0.02314	0.01380	0.74549	0.01865	0.01627	0.01182	0.00591	0.00485	0.00147	0.00414	0.00480	0.00586	0.06743
45	0.86201	0.00950	0.00722	0.00646	0.00950	0.01102	0.00532	0.01445	0.00836	0.02205	0.00684	0.00798	0.00532	0.00456	0.00304	0.00152	0.00380	0.00266	0.00304	0.00532

[dist]
# distance from previous block
# <min> <max>
0	80

[block]
