[name]
unknown

[dist]
# distance from previous block
# <min> <max>
1	135

[block]
# block no. 0 follows, 50 sequences, length 17
# corresponding to MSA columns:
# 169-185
name=unknown_A
#
# <colnr> <probs for GDERKNQSTAVLIFYWHMCP>
#	G	D	E	R	K	N	Q	S	T	A	V	L	I	F	Y	W	H	M	C	P
0	0.02779	0.04601	0.17388	0.03054	0.14325	0.01075	0.14333	0.07188	0.04431	0.08237	0.04817	0.06527	0.03175	0.05107	0.00625	0.00176	0.00585	0.00564	0.00336	0.00679
1	0.01187	0.11284	0.08093	0.05905	0.05359	0.08742	0.11830	0.07132	0.01188	0.05251	0.01517	0.14834	0.03984	0.03695	0.00627	0.00175	0.03017	0.05245	0.00333	0.00603
2	0.00809	0.00792	0.05184	0.01063	0.11900	0.05473	0.00691	0.00952	0.01016	0.01326	0.04421	0.41256	0.10559	0.11221	0.00824	0.00218	0.00412	0.01017	0.00388	0.00479
3	0.00820	0.05474	0.03939	0.02359	0.03775	0.00700	0.00602	0.03163	0.02787	0.01495	0.11309	0.10985	0.27268	0.08749	0.00772	0.00192	0.03816	0.02251	0.07420	0.02124
4	0.08982	0.03005	0.21555	0.03553	0.08824	0.04141	0.04705	0.09417	0.04181	0.04577	0.01380	0.10349	0.03311	0.05685	0.00647	0.00183	0.02484	0.02048	0.00329	0.00643
5	0.03675	0.04801	0.15162	0.05788	0.13723	0.05401	0.03878	0.08399	0.03509	0.13293	0.02955	0.08040	0.02616	0.03344	0.00584	0.00168	0.02108	0.00539	0.01337	0.00683
6	0.06248	0.08017	0.03348	0.01040	0.03134	0.04750	0.00855	0.35860	0.04510	0.10945	0.01545	0.04138	0.05820	0.00667	0.00484	0.00150	0.00503	0.03710	0.00442	0.03832
7	0.04252	0.01238	0.12649	0.09485	0.14929	0.05117	0.04592	0.09768	0.01257	0.10216	0.06408	0.07647	0.02828	0.05655	0.00630	0.00177	0.00554	0.00566	0.01374	0.00655
8	0.03188	0.08463	0.08632	0.03058	0.20334	0.17291	0.02433	0.08091	0.08440	0.01659	0.01134	0.02662	0.02362	0.02238	0.00503	0.00147	0.00605	0.00433	0.02447	0.05879
9	0.00974	0.03219	0.05691	0.00730	0.00819	0.02781	0.00559	0.00875	0.00765	0.05285	0.01030	0.04505	0.01002	0.06252	0.01671	0.62328	0.00465	0.00477	0.00253	0.00319
10	0.01164	0.04060	0.06554	0.09104	0.04570	0.06438	0.05091	0.07361	0.03945	0.07669	0.06387	0.11085	0.06188	0.00847	0.03482	0.00178	0.03513	0.01850	0.00365	0.10150
11	0.00768	0.00585	0.00744	0.00827	0.05591	0.00574	0.00552	0.06019	0.01087	0.01436	0.07031	0.30819	0.18020	0.12161	0.07899	0.00277	0.00440	0.04294	0.00418	0.00458
12	0.01204	0.05990	0.01466	0.12098	0.13832	0.01003	0.04875	0.08836	0.02948	0.06084	0.02840	0.01547	0.03411	0.00532	0.00462	0.00130	0.00497	0.03650	0.00331	0.28263
13	0.00672	0.00521	0.00603	0.00610	0.00727	0.00481	0.00438	0.00881	0.05393	0.01523	0.24861	0.20475	0.31786	0.07843	0.00753	0.00198	0.00282	0.01033	0.00476	0.00442
14	0.04548	0.12635	0.21196	0.03020	0.04668	0.03693	0.08466	0.04757	0.03471	0.07698	0.06056	0.04482	0.05887	0.00636	0.00568	0.00157	0.06574	0.00512	0.00321	0.00655
15	0.01221	0.04784	0.08908	0.20161	0.32759	0.07079	0.02346	0.03989	0.01156	0.04894	0.03631	0.01386	0.00926	0.03994	0.00574	0.00165	0.00620	0.00452	0.00274	0.00680
16	0.04929	0.00643	0.02413	0.00654	0.00834	0.00600	0.00518	0.05703	0.01230	0.08874	0.20976	0.07599	0.13433	0.01038	0.05435	0.00189	0.00362	0.00710	0.23338	0.00522

[dist]
# distance from previous block
# <min> <max>
7	12

[block]
# block no. 1 follows, 50 sequences, length 15
# corresponding to MSA columns:
# 201-215
name=unknown_B
#
# <colnr> <probs for GDERKNQSTAVLIFYWHMCP>
#	G	D	E	R	K	N	Q	S	T	A	V	L	I	F	Y	W	H	M	C	P
0	0.00897	0.00698	0.00937	0.04454	0.06538	0.00790	0.00658	0.05345	0.02844	0.01253	0.01349	0.06326	0.01403	0.33429	0.15527	0.05277	0.10910	0.00622	0.00298	0.00448
1	0.00701	0.00503	0.00631	0.00687	0.00743	0.00490	0.00466	0.04673	0.01007	0.01346	0.05665	0.54402	0.06215	0.14937	0.04861	0.00272	0.00382	0.01172	0.00432	0.00416
2	0.01392	0.15803	0.07229	0.05638	0.11644	0.25282	0.12478	0.04749	0.01218	0.01428	0.00938	0.05033	0.00817	0.00541	0.00514	0.00145	0.03809	0.00440	0.00261	0.00641
3	0.01001	0.00947	0.01587	0.64915	0.12804	0.01129	0.03735	0.01386	0.04996	0.01370	0.00955	0.01345	0.00727	0.00498	0.00501	0.00164	0.00647	0.00454	0.00240	0.00599
4	0.09674	0.04010	0.09625	0.03180	0.03673	0.03127	0.02697	0.19088	0.08195	0.03916	0.04958	0.05000	0.02812	0.00630	0.00522	0.00149	0.04195	0.01777	0.00375	0.12396
5	0.04101	0.07371	0.04037	0.02956	0.11468	0.00979	0.02220	0.09655	0.03033	0.05599	0.09953	0.08027	0.05516	0.00683	0.00528	0.00143	0.04210	0.00564	0.03998	0.14957
6	0.01099	0.00690	0.00839	0.00761	0.00944	0.00694	0.00585	0.04733	0.11021	0.15506	0.17937	0.15274	0.14374	0.00998	0.00645	0.02740	0.04314	0.00810	0.05466	0.00572
7	0.00790	0.00556	0.00633	0.00612	0.00731	0.00529	0.00434	0.02786	0.03368	0.05169	0.08070	0.05557	0.31225	0.28618	0.05779	0.00311	0.00419	0.03569	0.00413	0.00429
8	0.03316	0.03634	0.07209	0.18312	0.12425	0.05043	0.07927	0.07876	0.06124	0.10685	0.05021	0.04648	0.01122	0.00587	0.00526	0.00157	0.02403	0.00509	0.00344	0.02132
9	0.01214	0.02609	0.01206	0.05147	0.06129	0.15549	0.03705	0.06301	0.14545	0.03718	0.04997	0.05064	0.05884	0.02862	0.09409	0.00235	0.02440	0.03232	0.05152	0.00602
10	0.11994	0.00738	0.00815	0.00732	0.00938	0.00760	0.00564	0.08032	0.10579	0.10693	0.22121	0.09939	0.07088	0.04221	0.00588	0.00172	0.00338	0.00705	0.08407	0.00576
11	0.00612	0.00471	0.00549	0.00600	0.00691	0.00420	0.00416	0.00718	0.01040	0.01320	0.07534	0.39773	0.35686	0.06887	0.00742	0.00205	0.00284	0.01188	0.00456	0.00408
12	0.03072	0.01140	0.04086	0.07975	0.29680	0.02849	0.08822	0.08509	0.04072	0.06788	0.02564	0.03767	0.01052	0.00612	0.01869	0.00162	0.00579	0.03608	0.00327	0.08463
13	0.04595	0.08420	0.14621	0.09464	0.08416	0.08794	0.04615	0.06217	0.09797	0.09303	0.01309	0.04665	0.02157	0.00610	0.00506	0.00157	0.02055	0.03280	0.00338	0.00680
14	0.02921	0.00643	0.00811	0.00745	0.02994	0.00594	0.00553	0.02831	0.02581	0.21226	0.33587	0.03042	0.15208	0.03981	0.00647	0.01972	0.00320	0.00751	0.04025	0.00567

[dist]
# distance from previous block
# <min> <max>
7	13

[block]
# block no. 2 follows, 50 sequences, length 7
# corresponding to MSA columns:
# 235-241
name=unknown_C
#
# <colnr> <probs for GDERKNQSTAVLIFYWHMCP>
#	G	D	E	R	K	N	Q	S	T	A	V	L	I	F	Y	W	H	M	C	P
0	0.03937	0.06873	0.11243	0.03602	0.10941	0.03938	0.05585	0.07505	0.03223	0.04878	0.03611	0.16696	0.04140	0.03404	0.00606	0.00168	0.03063	0.00644	0.00345	0.05599
1	0.01277	0.06616	0.04217	0.01268	0.11308	0.08162	0.05725	0.14529	0.02654	0.06485	0.03456	0.10289	0.05536	0.03565	0.02117	0.00178	0.00541	0.05281	0.02161	0.04633
2	0.02944	0.03128	0.07932	0.01191	0.09275	0.11725	0.03103	0.06878	0.10214	0.04495	0.06944	0.05601	0.04021	0.08349	0.00732	0.00183	0.04228	0.00555	0.05075	0.03428
3	0.11788	0.09509	0.03850	0.05963	0.17797	0.12939	0.03741	0.04784	0.04591	0.04941	0.03447	0.01353	0.02887	0.03108	0.00546	0.00154	0.02817	0.00427	0.00306	0.05052
4	0.07588	0.04886	0.03858	0.04398	0.28444	0.07313	0.05742	0.05878	0.10585	0.01738	0.06331	0.04565	0.03087	0.00676	0.02641	0.00171	0.00570	0.00518	0.00329	0.00681
5	0.01277	0.01143	0.03830	0.07444	0.17640	0.08389	0.05997	0.10214	0.07720	0.08599	0.09486	0.04918	0.09784	0.00693	0.00523	0.00157	0.00527	0.00602	0.00389	0.00669
6	0.03363	0.00778	0.02461	0.06060	0.06189	0.03724	0.00672	0.01184	0.09224	0.01458	0.14310	0.05057	0.06035	0.22502	0.08636	0.00307	0.02362	0.02995	0.00365	0.02316

[dist]
# distance from previous block
# <min> <max>
5	15

[block]
# block no. 3 follows, 50 sequences, length 31
# corresponding to MSA columns:
# 257-287
name=unknown_D
#
# <colnr> <probs for GDERKNQSTAVLIFYWHMCP>
#	G	D	E	R	K	N	Q	S	T	A	V	L	I	F	Y	W	H	M	C	P
0	0.08491	0.24676	0.11680	0.04267	0.03509	0.02357	0.04341	0.09574	0.04748	0.02891	0.02918	0.02969	0.00958	0.02492	0.00504	0.02264	0.00519	0.00416	0.07712	0.02713
1	0.07567	0.13371	0.16869	0.01197	0.05305	0.12795	0.06376	0.04564	0.03651	0.06318	0.06057	0.02360	0.02205	0.03187	0.00554	0.00157	0.02905	0.00447	0.02371	0.01742
2	0.02884	0.12124	0.14905	0.01390	0.10440	0.05200	0.10070	0.09937	0.08534	0.01743	0.04916	0.04779	0.02895	0.00586	0.00507	0.00148	0.02498	0.00495	0.00321	0.05627
3	0.03347	0.14005	0.09189	0.03556	0.02924	0.07531	0.08080	0.25712	0.01480	0.03595	0.01186	0.03638	0.01023	0.04519	0.00614	0.01980	0.00598	0.06002	0.00351	0.00671
4	0.01361	0.28372	0.15470	0.01070	0.01477	0.05918	0.02837	0.14119	0.08715	0.04130	0.01087	0.03223	0.00879	0.00557	0.00488	0.00141	0.04584	0.00409	0.04472	0.00689
5	0.00628	0.00461	0.00596	0.00682	0.00742	0.00422	0.00469	0.00733	0.01000	0.01330	0.06572	0.67236	0.09841	0.01469	0.00623	0.00194	0.00290	0.03312	0.00462	0.02939
6	0.03378	0.01146	0.01205	0.04889	0.01434	0.03214	0.00839	0.18792	0.52266	0.02237	0.01817	0.01725	0.03505	0.00658	0.00501	0.00163	0.00449	0.00534	0.00479	0.00769
7	0.05274	0.05114	0.14848	0.01087	0.01399	0.07606	0.05225	0.08516	0.14539	0.01684	0.01325	0.07751	0.01157	0.04592	0.08639	0.00239	0.06310	0.00531	0.03535	0.00627
8	0.00788	0.00588	0.00870	0.02738	0.01980	0.00595	0.06052	0.00965	0.03427	0.03969	0.04070	0.40578	0.02334	0.11271	0.13878	0.00324	0.01721	0.00988	0.02407	0.00459
9	0.00941	0.00886	0.01495	0.81285	0.03433	0.01107	0.01384	0.01274	0.00997	0.01274	0.00886	0.01329	0.00664	0.00498	0.00498	0.00166	0.00664	0.00443	0.00221	0.00554
10	0.03010	0.00601	0.00747	0.00742	0.00868	0.02176	0.02703	0.02483	0.03425	0.07164	0.15056	0.44023	0.10851	0.01227	0.00588	0.00181	0.00324	0.01091	0.02257	0.00485
11	0.01183	0.08620	0.03470	0.09661	0.26761	0.02622	0.07285	0.05049	0.01125	0.05060	0.02800	0.05403	0.03005	0.00808	0.05765	0.00200	0.08669	0.00516	0.01341	0.00658
12	0.00746	0.00581	0.00841	0.03181	0.04386	0.00586	0.03927	0.02472	0.01016	0.01388	0.04404	0.46121	0.07019	0.01550	0.09530	0.00257	0.02548	0.04505	0.04478	0.00463
13	0.00808	0.00593	0.00703	0.00718	0.00846	0.00579	0.00525	0.06011	0.08134	0.03964	0.08186	0.41458	0.20476	0.01278	0.00599	0.00184	0.00314	0.03652	0.00479	0.00492
14	0.01160	0.01122	0.07475	0.13055	0.17830	0.01108	0.08441	0.07707	0.05070	0.05567	0.01260	0.06938	0.01105	0.00876	0.06042	0.00214	0.09853	0.04207	0.00316	0.00656
15	0.06956	0.18986	0.10760	0.05187	0.13732	0.19276	0.01107	0.06075	0.06579	0.03222	0.00929	0.01068	0.00744	0.00504	0.00466	0.00141	0.02946	0.00368	0.00280	0.00674
16	0.00852	0.00583	0.00697	0.00652	0.00814	0.00544	0.00491	0.01141	0.08037	0.08733	0.38239	0.08328	0.24789	0.03093	0.00625	0.00172	0.00280	0.00904	0.00516	0.00510
17	0.01022	0.00675	0.00803	0.00756	0.00932	0.00675	0.00569	0.03642	0.17575	0.11780	0.19647	0.23811	0.10416	0.01032	0.00560	0.00170	0.00318	0.00898	0.04143	0.00575
18	0.04664	0.01297	0.17851	0.13185	0.13296	0.03039	0.06323	0.03311	0.04732	0.09462	0.05480	0.07448	0.06455	0.00656	0.00511	0.00161	0.00559	0.00573	0.00339	0.00658
19	0.01580	0.01852	0.01539	0.16555	0.15630	0.48807	0.01141	0.04495	0.01319	0.01371	0.00837	0.01049	0.00680	0.00502	0.00468	0.00140	0.00788	0.00370	0.00257	0.00620
20	0.00756	0.00492	0.00615	0.00644	0.00738	0.00450	0.00454	0.00887	0.01094	0.06650	0.18017	0.40600	0.14793	0.06292	0.00713	0.00198	0.00291	0.01108	0.04763	0.00446
21	0.00857	0.00576	0.00678	0.00693	0.00804	0.02381	0.00503	0.03709	0.01115	0.07245	0.09947	0.36750	0.12259	0.06231	0.02833	0.00214	0.00356	0.04595	0.07787	0.00468
22	0.04607	0.06581	0.08934	0.04098	0.16271	0.07545	0.06859	0.06700	0.05086	0.09404	0.01441	0.10841	0.03192	0.00671	0.00511	0.00157	0.01528	0.02136	0.02772	0.00667
23	0.00957	0.00623	0.00887	0.02905	0.03400	0.00621	0.03582	0.01133	0.02457	0.12423	0.09328	0.24898	0.06126	0.10539	0.13482	0.00309	0.02547	0.00854	0.02419	0.00507
24	0.01346	0.01178	0.01360	0.03257	0.01414	0.11429	0.08558	0.23322	0.01450	0.03841	0.06398	0.09550	0.01400	0.04609	0.01824	0.00188	0.11323	0.02190	0.04740	0.00620
25	0.43057	0.05536	0.07629	0.04647	0.03147	0.07909	0.02636	0.06804	0.05594	0.01967	0.00945	0.03232	0.00775	0.00531	0.00396	0.00152	0.00504	0.01677	0.00315	0.02543
26	0.06399	0.02529	0.00896	0.00851	0.04539	0.00738	0.00612	0.03956	0.00944	0.08357	0.01376	0.03722	0.03031	0.09981	0.21435	0.13875	0.05609	0.00523	0.10149	0.00479
27	0.04233	0.05251	0.10581	0.10135	0.06613	0.06470	0.02966	0.10198	0.12021	0.02830	0.08281	0.03480	0.05589	0.00731	0.02583	0.00173	0.04065	0.00527	0.00355	0.02917
28	0.00958	0.00926	0.05645	0.01047	0.07425	0.04467	0.04362	0.06119	0.07814	0.01704	0.18632	0.14051	0.12987	0.03247	0.00631	0.00173	0.02140	0.02519	0.02411	0.02742
29	0.05070	0.07767	0.08440	0.03508	0.04428	0.03938	0.02038	0.18337	0.08617	0.01983	0.13790	0.05146	0.03407	0.02792	0.02363	0.00171	0.00497	0.00555	0.02446	0.04709
30	0.05578	0.18653	0.09948	0.01099	0.04992	0.08681	0.04414	0.03475	0.09328	0.08313	0.07947	0.05518	0.04384	0.00638	0.00490	0.00146	0.02465	0.00508	0.00351	0.03071

[dist]
# distance from previous block
# <min> <max>
8	37

[block]
# block no. 4 follows, 50 sequences, length 16
# corresponding to MSA columns:
# 336,337,339-352
name=unknown_E
#
# <colnr> <probs for GDERKNQSTAVLIFYWHMCP>
#	G	D	E	R	K	N	Q	S	T	A	V	L	I	F	Y	W	H	M	C	P
0	0.05576	0.08260	0.11283	0.05348	0.04593	0.04535	0.05142	0.08101	0.05348	0.02628	0.06546	0.04987	0.01231	0.00649	0.02048	0.00151	0.00524	0.02204	0.04824	0.16022
1	0.05878	0.12613	0.15676	0.01268	0.10583	0.06799	0.01050	0.16957	0.02910	0.05448	0.06331	0.08295	0.01239	0.00630	0.00471	0.00148	0.00546	0.00506	0.00352	0.02299
2	0.19108	0.07858	0.04951	0.02767	0.04195	0.23750	0.07836	0.11725	0.03942	0.01805	0.03934	0.01159	0.00872	0.00635	0.03294	0.00168	0.00662	0.00394	0.00313	0.00631
3	0.05700	0.07764	0.03205	0.00900	0.01136	0.03614	0.00745	0.10967	0.12819	0.04398	0.01430	0.05177	0.02178	0.02443	0.17969	0.00298	0.05891	0.02027	0.07706	0.03632
4	0.01143	0.03195	0.11037	0.09404	0.19199	0.06875	0.01052	0.05611	0.03108	0.06389	0.13794	0.02132	0.11838	0.02407	0.00555	0.00161	0.00518	0.00586	0.00359	0.00638
5	0.01072	0.01062	0.05235	0.15554	0.11700	0.07764	0.02423	0.02793	0.08934	0.03111	0.06119	0.09038	0.06700	0.00852	0.04084	0.00188	0.04840	0.00601	0.04048	0.03884
6	0.00712	0.00502	0.00604	0.00618	0.00739	0.00463	0.00457	0.00864	0.01104	0.04139	0.15394	0.22465	0.30841	0.01481	0.08938	0.00237	0.00380	0.02486	0.07127	0.00446
7	0.00745	0.00570	0.00755	0.04243	0.05162	0.00558	0.00572	0.02918	0.02975	0.01551	0.23757	0.32806	0.10565	0.07406	0.00745	0.00202	0.00332	0.03217	0.00454	0.00466
8	0.00934	0.00492	0.00526	0.00506	0.00637	0.00477	0.00382	0.01165	0.01107	0.03896	0.12691	0.02100	0.01753	0.00639	0.00387	0.00122	0.00241	0.00524	0.68819	0.02603
9	0.70662	0.00956	0.00826	0.04964	0.01135	0.01097	0.00622	0.04824	0.00958	0.05189	0.00865	0.01109	0.00693	0.00518	0.00352	0.00158	0.00412	0.03766	0.00331	0.00562
10	0.04992	0.00862	0.00982	0.00883	0.04501	0.03077	0.00652	0.07242	0.10622	0.06640	0.22547	0.06496	0.05424	0.00730	0.00492	0.00138	0.00370	0.00616	0.00438	0.22298
11	0.00769	0.00631	0.04866	0.00671	0.00834	0.00513	0.00547	0.01014	0.01376	0.04709	0.67877	0.03573	0.08733	0.00990	0.00579	0.00157	0.00269	0.00868	0.00528	0.00495
12	0.00815	0.00758	0.04579	0.05554	0.16110	0.00687	0.00791	0.01083	0.05325	0.01545	0.16886	0.30714	0.11074	0.01055	0.00572	0.00174	0.00380	0.00944	0.00415	0.00537
13	0.01605	0.18732	0.06109	0.01131	0.01460	0.42371	0.00947	0.08557	0.07914	0.01494	0.01001	0.01087	0.02047	0.00529	0.00433	0.00131	0.00710	0.00361	0.02746	0.00636
14	0.08217	0.03632	0.06869	0.02756	0.04468	0.06834	0.04935	0.18538	0.03397	0.08702	0.03190	0.02245	0.01776	0.00548	0.00493	0.00138	0.03288	0.00429	0.02340	0.17205
15	0.03961	0.04724	0.06379	0.07693	0.17197	0.04299	0.06627	0.13428	0.02688	0.01792	0.08162	0.08832	0.09558	0.00718	0.00531	0.00158	0.01635	0.00621	0.00355	0.00642

[dist]
# distance from previous block
# <min> <max>
0	19

[block]
# block no. 5 follows, 50 sequences, length 24
# corresponding to MSA columns:
# 381-404
name=unknown_F
#
# <colnr> <probs for GDERKNQSTAVLIFYWHMCP>
#	G	D	E	R	K	N	Q	S	T	A	V	L	I	F	Y	W	H	M	C	P
0	0.01373	0.01188	0.01276	0.01217	0.07984	0.04655	0.00883	0.15195	0.54347	0.02180	0.01721	0.01639	0.01294	0.00631	0.00500	0.00161	0.00458	0.00519	0.00469	0.02311
1	0.01267	0.00775	0.03589	0.00935	0.04016	0.00719	0.03099	0.05551	0.06124	0.20755	0.10216	0.05480	0.01564	0.01299	0.08566	0.23993	0.00521	0.00569	0.00405	0.00556
2	0.02968	0.17520	0.23703	0.03081	0.12711	0.04981	0.07715	0.04946	0.05770	0.08078	0.01050	0.01201	0.00805	0.01906	0.00492	0.00151	0.00620	0.00408	0.01181	0.00712
3	0.01223	0.15877	0.30435	0.01413	0.06005	0.02637	0.13761	0.09273	0.01228	0.04490	0.02656	0.04036	0.00958	0.00554	0.00485	0.00153	0.00648	0.03178	0.00289	0.00698
4	0.00724	0.00521	0.00748	0.00754	0.00836	0.00591	0.00574	0.00890	0.00822	0.01203	0.01440	0.05889	0.01384	0.08535	0.65539	0.00700	0.01146	0.00584	0.06684	0.00435
5	0.00714	0.00576	0.00728	0.00855	0.07723	0.01646	0.00555	0.00852	0.01057	0.01374	0.10407	0.26381	0.25675	0.09004	0.05221	0.00243	0.00395	0.05722	0.00423	0.00449
6	0.02456	0.03072	0.12966	0.09723	0.15396	0.06957	0.13490	0.12012	0.05329	0.03276	0.01252	0.04941	0.03732	0.00581	0.00536	0.00159	0.02605	0.00514	0.00313	0.00690
7	0.01018	0.04815	0.04039	0.16952	0.08954	0.10203	0.10454	0.01253	0.01073	0.01374	0.01571	0.21147	0.04215	0.00939	0.04296	0.00195	0.00605	0.01992	0.04354	0.00551
8	0.01058	0.01000	0.01649	0.42833	0.32706	0.01127	0.01372	0.01412	0.04481	0.01449	0.01102	0.01436	0.03584	0.00520	0.00523	0.00160	0.02214	0.00471	0.00253	0.00651
9	0.01100	0.00940	0.07452	0.02813	0.03904	0.00824	0.07708	0.10328	0.02866	0.08392	0.07899	0.05526	0.13399	0.00878	0.00567	0.00171	0.01602	0.14695	0.08343	0.00594
10	0.01334	0.12124	0.05526	0.06367	0.14555	0.21550	0.05367	0.07721	0.04628	0.01554	0.03863	0.05981	0.06097	0.00620	0.00482	0.00146	0.00626	0.00508	0.00310	0.00641
11	0.01150	0.26680	0.21139	0.02946	0.11092	0.02678	0.05987	0.01449	0.01052	0.03693	0.01079	0.03941	0.00970	0.02482	0.04224	0.00186	0.02738	0.05605	0.00261	0.00649
12	0.00696	0.00508	0.00653	0.00725	0.00825	0.00479	0.00569	0.00864	0.01115	0.01466	0.11777	0.27973	0.17892	0.01346	0.00632	0.00198	0.00336	0.28559	0.02949	0.00437
13	0.01328	0.01238	0.07521	0.10804	0.19172	0.07075	0.05272	0.10017	0.05918	0.09762	0.01404	0.01761	0.03821	0.00678	0.01983	0.00172	0.03149	0.05951	0.02284	0.00690
14	0.01021	0.03951	0.21473	0.04048	0.06494	0.04553	0.01030	0.04496	0.02971	0.05542	0.03539	0.30849	0.01816	0.00931	0.00581	0.00174	0.03430	0.02146	0.00361	0.00595
15	0.00989	0.03737	0.00995	0.00964	0.04511	0.04411	0.02583	0.05816	0.06547	0.04991	0.07189	0.17538	0.12469	0.01106	0.00593	0.00186	0.00426	0.23965	0.00446	0.00540
16	0.01735	0.07721	0.01268	0.02311	0.01287	0.14537	0.00770	0.12313	0.03959	0.31396	0.04257	0.01567	0.01180	0.03479	0.04231	0.00184	0.00559	0.00466	0.06079	0.00702
17	0.02648	0.13197	0.20939	0.03758	0.06483	0.06064	0.15325	0.04290	0.03146	0.03854	0.01134	0.03523	0.00966	0.00589	0.00544	0.00159	0.04381	0.06177	0.02162	0.00660
18	0.05396	0.01051	0.01522	0.01268	0.01398	0.03587	0.12517	0.03582	0.00932	0.01380	0.01082	0.03091	0.03378	0.03989	0.07413	0.00256	0.43494	0.03849	0.00267	0.00548
19	0.01147	0.01151	0.03854	0.23076	0.48235	0.04628	0.01420	0.01447	0.01110	0.01507	0.01044	0.01570	0.00903	0.00532	0.00507	0.00158	0.00618	0.06144	0.00256	0.00693
20	0.00882	0.04901	0.00900	0.00791	0.00911	0.07397	0.00597	0.02977	0.00934	0.01244	0.01543	0.11428	0.03750	0.14454	0.37360	0.00498	0.02573	0.00636	0.03149	0.03075
21	0.33381	0.05915	0.05062	0.02419	0.01141	0.04715	0.00686	0.11166	0.03567	0.01923	0.03639	0.04484	0.04988	0.09676	0.00644	0.00185	0.00458	0.00466	0.00344	0.05139
22	0.05188	0.12301	0.09867	0.00856	0.01140	0.02901	0.00767	0.09675	0.05294	0.04078	0.18157	0.10808	0.03963	0.03221	0.01706	0.00171	0.00442	0.02592	0.04318	0.02557
23	0.06042	0.07890	0.08729	0.22680	0.01921	0.08904	0.03718	0.07434	0.03650	0.07594	0.04830	0.04274	0.05054	0.00629	0.00483	0.00155	0.00569	0.02295	0.02533	0.00617

[dist]
# distance from previous block
# <min> <max>
1	11

[block]
# block no. 6 follows, 50 sequences, length 25
# corresponding to MSA columns:
# 419-443
name=unknown_G
#
# <colnr> <probs for GDERKNQSTAVLIFYWHMCP>
#	G	D	E	R	K	N	Q	S	T	A	V	L	I	F	Y	W	H	M	C	P
0	0.00808	0.02861	0.00743	0.00695	0.00823	0.02341	0.00513	0.06993	0.02687	0.01508	0.11861	0.23754	0.22092	0.12174	0.02914	0.00234	0.00380	0.05720	0.00438	0.00460
1	0.01386	0.07031	0.20179	0.04732	0.09761	0.07177	0.02627	0.14145	0.02557	0.11095	0.01249	0.04820	0.02396	0.00614	0.00549	0.01663	0.03591	0.00471	0.03256	0.00701
2	0.01272	0.05357	0.04866	0.16015	0.18495	0.12843	0.03588	0.08865	0.01212	0.01581	0.05126	0.01298	0.00937	0.00583	0.00671	0.00159	0.13915	0.00443	0.02132	0.00644
3	0.00619	0.00462	0.00578	0.00657	0.00729	0.00421	0.00461	0.00732	0.01035	0.01345	0.07900	0.55282	0.21161	0.01449	0.00625	0.00193	0.00286	0.05182	0.00468	0.00415
4	0.37656	0.00825	0.00867	0.00733	0.01028	0.00841	0.00593	0.01713	0.01149	0.30830	0.12040	0.04401	0.01488	0.00638	0.00431	0.00155	0.00371	0.00488	0.03116	0.00637
5	0.01405	0.12634	0.16955	0.07692	0.10245	0.10427	0.04685	0.10566	0.03649	0.08752	0.01010	0.01159	0.00769	0.00535	0.00563	0.00152	0.07390	0.00406	0.00303	0.00703
6	0.04145	0.00938	0.01179	0.00931	0.01297	0.00895	0.00767	0.13410	0.07683	0.57126	0.01854	0.01776	0.01250	0.00646	0.00504	0.00158	0.00440	0.03605	0.00577	0.00820
7	0.01585	0.00916	0.02771	0.00869	0.01179	0.00873	0.00717	0.18692	0.07057	0.31099	0.12910	0.02272	0.09836	0.00750	0.00518	0.00156	0.00403	0.01994	0.04685	0.00718
8	0.00912	0.00576	0.00712	0.00661	0.00831	0.00525	0.00507	0.01151	0.04350	0.12832	0.39358	0.08249	0.22993	0.01053	0.00579	0.00165	0.00283	0.03218	0.00527	0.00520
9	0.01139	0.00914	0.01062	0.04729	0.07097	0.02986	0.00764	0.09301	0.26378	0.05809	0.18173	0.02601	0.13480	0.00810	0.00536	0.00162	0.00399	0.02532	0.00473	0.00653
10	0.00708	0.00506	0.00619	0.00619	0.00669	0.00508	0.00414	0.00795	0.00921	0.01247	0.15957	0.09662	0.09222	0.42095	0.10535	0.00399	0.02177	0.02201	0.00371	0.00375
11	0.01182	0.35834	0.41846	0.01200	0.01779	0.05069	0.03781	0.01562	0.01056	0.01394	0.00809	0.00950	0.00639	0.00454	0.00412	0.00136	0.00663	0.00331	0.00215	0.00687
12	0.00650	0.00465	0.00616	0.00722	0.00769	0.00441	0.00514	0.00759	0.00983	0.01299	0.02733	0.61246	0.05468	0.05963	0.00749	0.00222	0.00330	0.15209	0.00453	0.00410
13	0.00665	0.00483	0.00619	0.00708	0.00760	0.00466	0.00494	0.00814	0.04022	0.01302	0.02698	0.58687	0.06643	0.09617	0.00826	0.00231	0.00330	0.09769	0.00448	0.00417
14	0.04050	0.01370	0.13514	0.01392	0.05147	0.01225	0.14961	0.19103	0.04612	0.13276	0.02746	0.01449	0.00977	0.00607	0.00660	0.00167	0.11103	0.02541	0.00374	0.00727
15	0.01180	0.00903	0.00927	0.00825	0.01039	0.08981	0.00637	0.04515	0.19016	0.11283	0.36535	0.02632	0.04889	0.00816	0.00533	0.00155	0.00375	0.00688	0.03460	0.00612
16	0.01281	0.01211	0.01745	0.22463	0.43786	0.08394	0.01358	0.05010	0.04243	0.04269	0.00999	0.01266	0.00791	0.00486	0.00492	0.00152	0.00623	0.00439	0.00276	0.00715
17	0.01016	0.00833	0.01030	0.00836	0.01097	0.00800	0.00663	0.03794	0.01065	0.04508	0.07592	0.10315	0.05981	0.01978	0.00711	0.00139	0.15736	0.00556	0.00348	0.41001
18	0.01579	0.01217	0.01454	0.03956	0.04604	0.04620	0.06704	0.38080	0.07615	0.08622	0.01506	0.01550	0.05947	0.00637	0.00569	0.00156	0.05285	0.00505	0.04651	0.00742
19	0.02570	0.01272	0.01648	0.22895	0.12283	0.08623	0.07279	0.26231	0.01491	0.01961	0.01017	0.01314	0.00796	0.00564	0.00578	0.00160	0.06054	0.02247	0.00327	0.00689
20	0.01424	0.00955	0.01108	0.00869	0.01228	0.00904	0.00697	0.17184	0.11314	0.16771	0.05772	0.04814	0.01296	0.00593	0.00461	0.00128	0.00405	0.00485	0.02748	0.30845
21	0.00843	0.00598	0.00720	0.00664	0.00821	0.00569	0.00505	0.06804	0.03486	0.04695	0.48763	0.08185	0.17403	0.01029	0.00573	0.00160	0.00276	0.00891	0.02505	0.00508
22	0.01199	0.08224	0.01432	0.05004	0.18422	0.05076	0.03736	0.08952	0.11086	0.04089	0.07086	0.04582	0.02467	0.10537	0.02652	0.00208	0.00534	0.02120	0.01956	0.00637
23	0.00661	0.00512	0.00604	0.00624	0.00742	0.00472	0.00460	0.00844	0.03543	0.01477	0.19642	0.21300	0.33856	0.04973	0.03157	0.00211	0.00318	0.05698	0.00469	0.00437
24	0.10053	0.05807	0.10105	0.08783	0.07664	0.18987	0.01020	0.10918	0.05812	0.03178	0.05495	0.01437	0.04652	0.00642	0.01957	0.00161	0.01913	0.00445	0.00327	0.00643

[dist]
# distance from previous block
# <min> <max>
5	26

[block]
# block no. 7 follows, 50 sequences, length 13
# corresponding to MSA columns:
# 477-482,507-513
name=unknown_H
#
# <colnr> <probs for GDERKNQSTAVLIFYWHMCP>
#	G	D	E	R	K	N	Q	S	T	A	V	L	I	F	Y	W	H	M	C	P
0	0.67010	0.09206	0.05054	0.00754	0.01100	0.03001	0.00668	0.05423	0.00965	0.02121	0.00732	0.00843	0.00573	0.00468	0.00331	0.00149	0.00438	0.00285	0.00303	0.00577
1	0.16369	0.00786	0.00907	0.00747	0.01020	0.00753	0.00583	0.05184	0.01192	0.35221	0.05003	0.02096	0.06619	0.16897	0.00876	0.00217	0.00413	0.00548	0.00468	0.04099
2	0.01316	0.00864	0.00974	0.00826	0.01057	0.00897	0.00633	0.23909	0.09423	0.12769	0.07354	0.07182	0.09835	0.17027	0.00924	0.00223	0.00424	0.00676	0.03063	0.00624
3	0.00955	0.00870	0.00760	0.00743	0.00811	0.16391	0.00501	0.01014	0.00898	0.01072	0.01460	0.02818	0.01593	0.52552	0.10069	0.00428	0.00652	0.05732	0.00300	0.00382
4	0.00930	0.00695	0.00760	0.00673	0.00883	0.00666	0.00524	0.16114	0.01447	0.04505	0.20660	0.03738	0.44404	0.01054	0.00568	0.00162	0.00313	0.00880	0.00494	0.00531
5	0.00725	0.00884	0.16351	0.00834	0.01012	0.00585	0.00745	0.00918	0.00982	0.01347	0.06122	0.43547	0.02586	0.12965	0.00880	0.00234	0.00419	0.08006	0.00394	0.00464
6	0.00715	0.00524	0.00750	0.00750	0.00821	0.00595	0.00559	0.00857	0.00786	0.01119	0.01382	0.02217	0.01359	0.19376	0.65023	0.00738	0.01166	0.00572	0.00274	0.00417
7	0.01652	0.01944	0.01213	0.01111	0.01340	0.61409	0.00834	0.01852	0.04434	0.01381	0.00991	0.01128	0.00804	0.00533	0.00432	0.00128	0.00746	0.00359	0.17145	0.00564
8	0.01032	0.00763	0.00858	0.00830	0.00991	0.04826	0.00653	0.08044	0.09632	0.04979	0.04397	0.10595	0.03843	0.04685	0.15481	0.00302	0.00587	0.15618	0.11346	0.00538
9	0.01775	0.01244	0.06481	0.00974	0.01310	0.16607	0.00821	0.05922	0.03216	0.39742	0.14866	0.01820	0.01658	0.00656	0.00504	0.00150	0.00513	0.00524	0.00497	0.00721
10	0.00898	0.00806	0.01306	0.65250	0.02859	0.00983	0.01169	0.01165	0.00943	0.01213	0.01022	0.01713	0.00892	0.16779	0.00903	0.00229	0.00628	0.00499	0.00237	0.00504
11	0.00629	0.00470	0.00591	0.00679	0.00753	0.00432	0.00489	0.00745	0.01024	0.01320	0.03288	0.53098	0.21555	0.01464	0.00632	0.00198	0.00303	0.11450	0.00462	0.00416
12	0.01467	0.01605	0.27500	0.01259	0.06290	0.05169	0.02632	0.12249	0.09859	0.18647	0.01343	0.01399	0.00961	0.02386	0.00529	0.00160	0.00576	0.00449	0.04769	0.00752

[dist]
# distance from previous block
# <min> <max>
0	3

[block]
# block no. 8 follows, 50 sequences, length 8
# corresponding to MSA columns:
# 517-524
name=unknown_I
#
# <colnr> <probs for GDERKNQSTAVLIFYWHMCP>
#	G	D	E	R	K	N	Q	S	T	A	V	L	I	F	Y	W	H	M	C	P
0	0.01494	0.00984	0.01337	0.12320	0.07179	0.01030	0.04893	0.10621	0.19464	0.24008	0.04480	0.01895	0.04152	0.00654	0.00519	0.00162	0.00487	0.03122	0.00464	0.00738
1	0.00682	0.00582	0.00835	0.00776	0.00931	0.00523	0.09286	0.00843	0.01109	0.01418	0.10708	0.28993	0.36014	0.01243	0.00608	0.00180	0.00338	0.04034	0.00447	0.00451
2	0.00667	0.00461	0.00555	0.00605	0.00663	0.00429	0.00404	0.00727	0.00930	0.01227	0.02823	0.37411	0.20260	0.16843	0.01090	0.07994	0.00327	0.01058	0.05150	0.00375
3	0.01198	0.07760	0.08019	0.24801	0.15492	0.03851	0.03279	0.05361	0.01159	0.09128	0.01293	0.10726	0.01149	0.00657	0.00506	0.00161	0.00579	0.03919	0.00318	0.00643
4	0.01243	0.03253	0.05824	0.05416	0.33613	0.01097	0.06450	0.04035	0.13874	0.08411	0.01415	0.10650	0.01217	0.00632	0.00514	0.00160	0.00536	0.00582	0.00350	0.00727
5	0.00728	0.00531	0.00698	0.00699	0.00735	0.00585	0.00483	0.00809	0.00781	0.01085	0.01567	0.11711	0.01708	0.39617	0.30895	0.00553	0.05414	0.00718	0.00303	0.00380
6	0.02754	0.19708	0.13567	0.01172	0.04253	0.20428	0.04040	0.01573	0.03942	0.04637	0.01268	0.10482	0.04063	0.00662	0.00529	0.00149	0.05354	0.00508	0.00294	0.00618
7	0.01164	0.11350	0.28669	0.01327	0.08847	0.02571	0.04413	0.07476	0.04222	0.05166	0.10077	0.04520	0.01360	0.00676	0.01813	0.00166	0.02843	0.02334	0.00324	0.00681

[dist]
# distance from previous block
# <min> <max>
5	9

[block]
# block no. 9 follows, 50 sequences, length 6
# corresponding to MSA columns:
# 534,535,537-540
name=unknown_J
#
# <colnr> <probs for GDERKNQSTAVLIFYWHMCP>
#	G	D	E	R	K	N	Q	S	T	A	V	L	I	F	Y	W	H	M	C	P
0	0.00697	0.00468	0.00612	0.00682	0.00749	0.00430	0.00471	0.00810	0.01047	0.05157	0.12475	0.62919	0.08759	0.01427	0.00620	0.00192	0.00286	0.01282	0.00481	0.00436
1	0.01018	0.00921	0.05529	0.00770	0.01163	0.00678	0.00648	0.01281	0.04095	0.04165	0.03854	0.04311	0.06214	0.00564	0.00469	0.02960	0.00380	0.00431	0.00332	0.60217
2	0.01274	0.21305	0.09699	0.00947	0.01342	0.03947	0.00874	0.11333	0.01206	0.04604	0.00995	0.04090	0.00841	0.00528	0.00497	0.00123	0.06621	0.00383	0.03261	0.26130
3	0.00637	0.00488	0.00573	0.00592	0.00696	0.00444	0.00420	0.00765	0.01088	0.01408	0.18659	0.22180	0.34613	0.10189	0.04760	0.00239	0.00336	0.01046	0.00453	0.00415
4	0.04229	0.17467	0.31730	0.01270	0.04675	0.10801	0.03199	0.05167	0.03335	0.05499	0.00945	0.01089	0.00730	0.00625	0.03475	0.00171	0.04267	0.00373	0.00267	0.00686
5	0.03923	0.20319	0.19643	0.05942	0.06047	0.12568	0.07435	0.07082	0.05063	0.04278	0.00990	0.02803	0.00790	0.00511	0.00450	0.00143	0.00648	0.00404	0.00281	0.00680

[dist]
# distance from previous block
# <min> <max>
0	1

[block]
# block no. 10 follows, 50 sequences, length 7
# corresponding to MSA columns:
# 542-548
name=unknown_K
#
# <colnr> <probs for GDERKNQSTAVLIFYWHMCP>
#	G	D	E	R	K	N	Q	S	T	A	V	L	I	F	Y	W	H	M	C	P
0	0.00750	0.00558	0.00630	0.00605	0.00752	0.00520	0.00447	0.01011	0.07626	0.03808	0.27595	0.06316	0.35395	0.08094	0.00741	0.00191	0.00284	0.00912	0.03296	0.00470
1	0.01366	0.57890	0.05248	0.01019	0.01429	0.11325	0.05742	0.01662	0.07738	0.01299	0.00845	0.00947	0.00723	0.00460	0.00374	0.00120	0.00592	0.00323	0.00246	0.00651
2	0.00766	0.00794	0.12789	0.00710	0.00828	0.00571	0.00575	0.00844	0.00798	0.01091	0.01550	0.13336	0.01730	0.50487	0.01902	0.09331	0.00491	0.00732	0.00301	0.00374
3	0.03982	0.03305	0.04696	0.01134	0.01458	0.01208	0.07818	0.34359	0.08707	0.03943	0.01573	0.08899	0.01403	0.00786	0.00567	0.00171	0.02665	0.12188	0.00438	0.00701
4	0.00886	0.13320	0.01241	0.02910	0.03295	0.00865	0.07548	0.02940	0.07719	0.01452	0.06493	0.44780	0.02396	0.01097	0.00559	0.00175	0.00406	0.00988	0.00403	0.00527
5	0.00604	0.00445	0.00567	0.00665	0.00715	0.00407	0.00450	0.00697	0.00982	0.01284	0.03102	0.70236	0.14989	0.01515	0.00629	0.00197	0.00284	0.01361	0.00463	0.00407
6	0.01282	0.13955	0.05655	0.01225	0.08994	0.11433	0.04145	0.11498	0.10137	0.03795	0.01646	0.13931	0.07080	0.00744	0.00519	0.00155	0.02182	0.00614	0.00363	0.00648

[dist]
# distance from previous block
# <min> <max>
7	29

[block]
# block no. 11 follows, 50 sequences, length 18
# corresponding to MSA columns:
# 582-599
name=unknown_L
#
# <colnr> <probs for GDERKNQSTAVLIFYWHMCP>
#	G	D	E	R	K	N	Q	S	T	A	V	L	I	F	Y	W	H	M	C	P
0	0.00722	0.00512	0.00705	0.00716	0.00770	0.00563	0.00514	0.00826	0.00802	0.01133	0.01556	0.12959	0.01632	0.22663	0.43045	0.04551	0.02449	0.00691	0.02796	0.00396
1	0.07993	0.09202	0.01266	0.01005	0.01248	0.38587	0.00785	0.01681	0.04256	0.05636	0.12149	0.03321	0.03437	0.00643	0.00496	0.00141	0.03402	0.00467	0.03713	0.00574
2	0.00744	0.00560	0.00766	0.00752	0.00802	0.00643	0.00548	0.00853	0.00778	0.01100	0.01409	0.05236	0.01462	0.30006	0.44731	0.00624	0.07678	0.00622	0.00282	0.00404
3	0.00608	0.00492	0.00541	0.00566	0.00700	0.00426	0.00416	0.00737	0.01119	0.01385	0.10156	0.20890	0.55401	0.01310	0.00602	0.00176	0.00265	0.03318	0.00469	0.00422
4	0.00832	0.00539	0.00682	0.00711	0.00815	0.00514	0.00522	0.02838	0.02262	0.07596	0.06619	0.35478	0.12848	0.08558	0.02791	0.02738	0.00369	0.10959	0.01871	0.00457
5	0.33550	0.05239	0.02512	0.05790	0.03469	0.01058	0.06665	0.06219	0.03180	0.09590	0.03081	0.01622	0.01053	0.03511	0.03411	0.00192	0.00510	0.06397	0.00354	0.02598
6	0.00746	0.00593	0.03824	0.00714	0.00792	0.00574	0.00531	0.00866	0.02349	0.01138	0.04449	0.06354	0.01628	0.30920	0.34447	0.07919	0.00820	0.00644	0.00298	0.00392
7	0.01135	0.01015	0.04345	0.00903	0.01358	0.00781	0.06950	0.05271	0.01129	0.04716	0.00954	0.01094	0.00760	0.00399	0.00403	0.00092	0.00434	0.00338	0.00311	0.67612
8	0.01299	0.08917	0.13241	0.01297	0.03340	0.05359	0.14614	0.17771	0.03002	0.03726	0.04039	0.03626	0.02045	0.02756	0.03047	0.03568	0.06866	0.00501	0.00327	0.00659
9	0.00709	0.00517	0.00668	0.00713	0.00813	0.00492	0.00547	0.00920	0.03126	0.01608	0.28424	0.26495	0.10521	0.01266	0.00620	0.00188	0.00311	0.19463	0.02148	0.00452
10	0.00682	0.00501	0.00603	0.00620	0.00742	0.00448	0.00458	0.00837	0.01178	0.03601	0.25462	0.23858	0.32617	0.01257	0.00604	0.00177	0.00272	0.05149	0.00491	0.00444
11	0.01240	0.03680	0.19953	0.12091	0.22211	0.07797	0.08665	0.02808	0.05715	0.05839	0.01114	0.01310	0.02471	0.00514	0.00520	0.00155	0.02484	0.00448	0.00279	0.00705
12	0.01506	0.07773	0.08081	0.08859	0.07727	0.17887	0.08473	0.20981	0.05655	0.03989	0.01062	0.01250	0.00822	0.00542	0.00502	0.00149	0.01903	0.01802	0.00333	0.00703
13	0.03048	0.00754	0.00812	0.00721	0.00928	0.00794	0.00559	0.12422	0.15600	0.07789	0.06055	0.04798	0.05737	0.03557	0.00522	0.00155	0.00337	0.00576	0.34236	0.00600
14	0.03680	0.00541	0.00642	0.00643	0.00764	0.00510	0.00470	0.03553	0.01170	0.03663	0.24161	0.24790	0.20994	0.04627	0.00701	0.02512	0.00297	0.03019	0.02811	0.00452
15	0.08591	0.18696	0.11864	0.12770	0.16702	0.03160	0.03771	0.06573	0.03249	0.01635	0.03134	0.01313	0.03675	0.00519	0.00444	0.00145	0.00568	0.00421	0.02108	0.00662
16	0.03496	0.13237	0.06719	0.01115	0.04028	0.06271	0.08905	0.05077	0.01074	0.01444	0.01522	0.08001	0.07849	0.04571	0.09516	0.00246	0.09660	0.03484	0.03223	0.00562
17	0.08037	0.03260	0.15542	0.00938	0.03519	0.06540	0.00825	0.03270	0.03144	0.01528	0.05067	0.23369	0.18882	0.00974	0.00560	0.00170	0.02648	0.00812	0.00374	0.00540

[dist]
# distance from previous block
# <min> <max>
0	3

[block]
# block no. 12 follows, 50 sequences, length 31
# corresponding to MSA columns:
# 606-629,637-643
name=unknown_M
#
# <colnr> <probs for GDERKNQSTAVLIFYWHMCP>
#	G	D	E	R	K	N	Q	S	T	A	V	L	I	F	Y	W	H	M	C	P
0	0.02728	0.07340	0.08134	0.08959	0.11352	0.08442	0.06166	0.15266	0.08067	0.03012	0.04746	0.05938	0.03334	0.00633	0.00539	0.00156	0.03643	0.00524	0.00345	0.00676
1	0.34815	0.00816	0.03350	0.00688	0.00919	0.00815	0.00549	0.03610	0.00980	0.08870	0.02745	0.08551	0.01250	0.14233	0.03032	0.00224	0.00420	0.00515	0.09648	0.03970
2	0.01117	0.05938	0.15660	0.10685	0.14817	0.05199	0.13089	0.05040	0.01142	0.01550	0.04476	0.07663	0.02380	0.00661	0.01608	0.00170	0.06355	0.00543	0.01263	0.00644
3	0.00815	0.00554	0.00637	0.00609	0.00747	0.00525	0.00447	0.01054	0.05799	0.03842	0.20312	0.07965	0.18161	0.12311	0.02292	0.00210	0.00322	0.02484	0.16649	0.04265
4	0.07470	0.07211	0.01446	0.05916	0.08418	0.18279	0.03113	0.08757	0.01220	0.09575	0.01031	0.01234	0.00822	0.00868	0.08225	0.00213	0.10755	0.00411	0.04404	0.00631
5	0.00851	0.00698	0.00823	0.00682	0.00959	0.00572	0.00523	0.01080	0.03462	0.01635	0.18658	0.12039	0.13675	0.00797	0.00486	0.00124	0.00314	0.00684	0.00402	0.41536
6	0.01144	0.01121	0.01815	0.01458	0.01593	0.01403	0.18744	0.01331	0.00887	0.04477	0.00812	0.01203	0.00721	0.00853	0.03977	0.00223	0.56934	0.00477	0.00244	0.00584
7	0.04522	0.00736	0.00962	0.04761	0.03681	0.02073	0.03787	0.01178	0.10292	0.01533	0.14248	0.24076	0.07646	0.04645	0.04686	0.00224	0.08022	0.02010	0.00405	0.00513
8	0.00623	0.00471	0.00570	0.00626	0.00711	0.00425	0.00439	0.00739	0.01059	0.01370	0.11930	0.43018	0.27711	0.04893	0.00699	0.00199	0.00285	0.03352	0.00465	0.00414
9	0.00796	0.00473	0.00549	0.00557	0.00648	0.00459	0.00399	0.00948	0.01044	0.01604	0.15825	0.12503	0.08169	0.07046	0.03382	0.06914	0.00312	0.00726	0.37223	0.00423
10	0.04330	0.02650	0.01253	0.10243	0.05204	0.06406	0.03051	0.13743	0.10159	0.05776	0.01899	0.08675	0.12490	0.00798	0.00632	0.00169	0.08601	0.02906	0.00389	0.00625
11	0.00747	0.00525	0.00630	0.00623	0.00636	0.00556	0.00394	0.00778	0.00752	0.01018	0.01547	0.03136	0.01747	0.67947	0.08886	0.00484	0.05016	0.03943	0.00301	0.00334
12	0.00666	0.00497	0.00625	0.00696	0.00766	0.00478	0.00482	0.00874	0.06930	0.01428	0.12086	0.60845	0.08940	0.01406	0.00617	0.00192	0.00288	0.01263	0.00476	0.00443
13	0.07580	0.01145	0.04501	0.01032	0.02841	0.02571	0.00852	0.36706	0.01683	0.09550	0.04894	0.05926	0.04463	0.00741	0.00561	0.00162	0.04540	0.05649	0.03901	0.00702
14	0.09157	0.06465	0.06635	0.09740	0.08327	0.18638	0.06641	0.11499	0.01312	0.05779	0.04334	0.01243	0.00910	0.00542	0.00509	0.00148	0.03907	0.00419	0.03145	0.00650
15	0.00677	0.00478	0.00632	0.00729	0.00776	0.00461	0.00527	0.00787	0.00969	0.01282	0.02537	0.49967	0.02955	0.14033	0.00944	0.00253	0.00364	0.20789	0.00437	0.00403
16	0.01361	0.00787	0.00900	0.00755	0.00996	0.00796	0.00601	0.19913	0.03557	0.16680	0.16278	0.02117	0.04412	0.00699	0.00471	0.00142	0.00350	0.00572	0.27975	0.00637
17	0.02813	0.01197	0.01666	0.08581	0.11891	0.04651	0.13492	0.18457	0.11056	0.09144	0.01376	0.01493	0.04258	0.00596	0.00602	0.00162	0.06964	0.00506	0.00376	0.00719
18	0.03574	0.00966	0.04270	0.01414	0.19464	0.03273	0.06415	0.02859	0.08478	0.08733	0.12256	0.09048	0.05655	0.00739	0.00516	0.00158	0.00455	0.02528	0.08563	0.00637
19	0.00703	0.00483	0.00549	0.00556	0.00578	0.00471	0.00329	0.00732	0.00812	0.01073	0.05674	0.09433	0.08966	0.65177	0.02125	0.00418	0.00436	0.00815	0.00340	0.00328
20	0.01895	0.01396	0.01496	0.01147	0.01546	0.01546	0.00947	0.77711	0.02344	0.03141	0.01197	0.01197	0.00848	0.00598	0.00499	0.00150	0.00548	0.00449	0.00499	0.00848
21	0.03282	0.00877	0.01327	0.15500	0.13281	0.02303	0.08812	0.04880	0.01226	0.04952	0.20261	0.06061	0.08910	0.00749	0.00566	0.00161	0.02802	0.00666	0.02797	0.00586
22	0.00714	0.00527	0.00768	0.00768	0.00845	0.00605	0.00581	0.00869	0.00791	0.01132	0.01366	0.02128	0.01320	0.14003	0.70344	0.00760	0.01224	0.00559	0.00272	0.00426
23	0.00712	0.00534	0.00801	0.00801	0.00890	0.00623	0.00623	0.00890	0.00801	0.01157	0.01335	0.01958	0.01246	0.03738	0.80507	0.00801	0.01335	0.00534	0.00267	0.00445
24	0.02472	0.00961	0.04416	0.56711	0.02775	0.01127	0.01262	0.02437	0.00990	0.03706	0.00926	0.01325	0.00719	0.00692	0.04009	0.00198	0.11901	0.00442	0.02366	0.00566
25	0.01099	0.01076	0.01602	0.54247	0.14874	0.06691	0.03230	0.03918	0.02391	0.01405	0.00909	0.01279	0.00705	0.00511	0.00544	0.00162	0.04064	0.00440	0.00242	0.00608
26	0.00901	0.00846	0.03336	0.01003	0.08479	0.03821	0.00714	0.01289	0.13277	0.01673	0.26941	0.02975	0.20147	0.03002	0.02126	0.00185	0.07551	0.00749	0.00432	0.00554
27	0.01015	0.00975	0.01660	0.58054	0.16946	0.01157	0.04955	0.01330	0.01014	0.01348	0.00885	0.01296	0.00691	0.00510	0.00579	0.00166	0.06141	0.00450	0.00227	0.00601
28	0.00613	0.00505	0.00532	0.00526	0.00680	0.00431	0.00390	0.00752	0.01165	0.01437	0.16816	0.04566	0.64251	0.04325	0.00663	0.00178	0.00259	0.01015	0.00471	0.00424
29	0.00607	0.00434	0.00578	0.00694	0.00723	0.00405	0.00463	0.00694	0.00954	0.01272	0.02747	0.82157	0.03297	0.01562	0.00636	0.00202	0.00289	0.01417	0.00463	0.00405
30	0.01072	0.00882	0.00988	0.02180	0.01182	0.00979	0.00740	0.05567	0.45078	0.01913	0.07421	0.08479	0.06613	0.00911	0.00557	0.00180	0.00391	0.13716	0.00491	0.00661

[dist]
# distance from previous block
# <min> <max>
2	6

[block]
# block no. 13 follows, 50 sequences, length 35
# corresponding to MSA columns:
# 650-656,658-662,695-717
name=unknown_N
#
# <colnr> <probs for GDERKNQSTAVLIFYWHMCP>
#	G	D	E	R	K	N	Q	S	T	A	V	L	I	F	Y	W	H	M	C	P
0	0.01249	0.25065	0.09340	0.01278	0.11386	0.04753	0.05064	0.10518	0.02536	0.01679	0.08726	0.01406	0.03257	0.00545	0.00467	0.00133	0.02163	0.00436	0.00309	0.09691
1	0.01064	0.01064	0.02783	0.10195	0.04020	0.01326	0.09013	0.03656	0.00915	0.01335	0.00938	0.08154	0.00913	0.00863	0.02516	0.00210	0.49679	0.00538	0.00254	0.00566
2	0.00636	0.00474	0.00663	0.00737	0.00794	0.00442	0.02947	0.00747	0.00995	0.01325	0.06029	0.70379	0.06195	0.01483	0.00633	0.00199	0.00309	0.04133	0.00459	0.00419
3	0.00888	0.00670	0.00837	0.00801	0.00944	0.00679	0.02800	0.10549	0.05630	0.02605	0.08930	0.27352	0.13602	0.08737	0.03226	0.00231	0.01486	0.09083	0.00448	0.00503
4	0.01092	0.00995	0.04214	0.01003	0.07330	0.02054	0.03794	0.03059	0.01107	0.04439	0.01298	0.01412	0.07520	0.00475	0.00420	0.00100	0.00424	0.00398	0.00317	0.58549
