[name]
unknown

[dist]
# distance from previous block
# <min> <max>
0	256

[block]
# block no. 0 follows, 54 sequences, length 20
# corresponding to MSA columns:
# 256-275
name=unknown_A
#
# <colnr> <probs for GDERKNQSTAVLIFYWHMCP>
#	G	D	E	R	K	N	Q	S	T	A	V	L	I	F	Y	W	H	M	C	P
0	0.01518	0.01174	0.01231	0.01022	0.01325	0.06025	0.00847	0.54266	0.01873	0.02457	0.01544	0.02161	0.04197	0.00746	0.00511	0.00158	0.00510	0.17296	0.00448	0.00691
1	0.01021	0.00952	0.01511	0.39084	0.21288	0.01144	0.01232	0.04287	0.00964	0.01326	0.00813	0.01188	0.00669	0.00584	0.00758	0.03400	0.18564	0.00418	0.00225	0.00575
2	0.00663	0.00858	0.18181	0.00799	0.00971	0.00544	0.00715	0.00842	0.00910	0.01250	0.02148	0.60314	0.02481	0.06169	0.00676	0.00198	0.00377	0.01084	0.00376	0.00446
3	0.01228	0.65639	0.02539	0.01066	0.01485	0.01718	0.17901	0.01433	0.00992	0.01197	0.00721	0.00869	0.00629	0.00402	0.00358	0.00114	0.00568	0.00319	0.00210	0.00612
4	0.04502	0.00883	0.01201	0.02719	0.06944	0.00872	0.04635	0.11788	0.05045	0.38240	0.05938	0.01723	0.05229	0.00790	0.05369	0.00185	0.02259	0.00510	0.00465	0.00703
5	0.00837	0.00631	0.00899	0.01101	0.18207	0.00595	0.00659	0.01020	0.01129	0.06557	0.28119	0.14356	0.16602	0.04810	0.02207	0.00181	0.00349	0.00814	0.00418	0.00509
6	0.00919	0.00684	0.00902	0.00829	0.00978	0.00781	0.00657	0.17959	0.01078	0.01506	0.01234	0.01694	0.01096	0.02885	0.63783	0.00623	0.01100	0.00487	0.00301	0.00504
7	0.19717	0.00854	0.01256	0.64389	0.02735	0.01050	0.01134	0.01244	0.00912	0.01404	0.00798	0.01149	0.00603	0.00464	0.00432	0.00155	0.00571	0.00383	0.00228	0.00521
8	0.01528	0.01204	0.01508	0.14752	0.16495	0.01330	0.01067	0.51711	0.01795	0.02415	0.01038	0.01159	0.00763	0.00523	0.00471	0.00144	0.00545	0.00423	0.00384	0.00746
9	0.00615	0.00475	0.00596	0.00635	0.00738	0.00456	0.00481	0.00752	0.00972	0.01253	0.05472	0.23524	0.31871	0.01784	0.18339	0.00305	0.00496	0.10431	0.00399	0.00405
10	0.00579	0.00414	0.00551	0.00654	0.00685	0.00386	0.00438	0.00668	0.00923	0.01236	0.06274	0.79354	0.03181	0.01453	0.00600	0.00189	0.00271	0.01317	0.00442	0.00386
11	0.00631	0.00426	0.00554	0.00618	0.00664	0.00396	0.00422	0.00658	0.00869	0.01131	0.02564	0.48425	0.15979	0.02958	0.00900	0.19066	0.00304	0.02706	0.00384	0.00346
12	0.03249	0.01148	0.01220	0.01008	0.01328	0.01293	0.00809	0.37655	0.40622	0.04190	0.01529	0.01446	0.01121	0.00600	0.00472	0.00151	0.00441	0.00476	0.00474	0.00768
13	0.01265	0.01124	0.01734	0.13750	0.52216	0.01185	0.01307	0.18397	0.01306	0.01807	0.00934	0.01172	0.00742	0.00459	0.00469	0.00143	0.00561	0.00421	0.00282	0.00727
14	0.00690	0.00465	0.00552	0.00552	0.00570	0.00479	0.00338	0.00725	0.00707	0.00971	0.01450	0.02839	0.01609	0.67534	0.15511	0.00496	0.00584	0.00648	0.02969	0.00313
15	0.00715	0.00447	0.00536	0.00536	0.00536	0.00447	0.00313	0.00670	0.00670	0.00893	0.01339	0.02723	0.01518	0.65497	0.02278	0.19274	0.00447	0.00625	0.00268	0.00268
16	0.00963	0.02325	0.09278	0.00919	0.04832	0.00859	0.00747	0.02684	0.30952	0.02848	0.27585	0.02317	0.05468	0.00728	0.00492	0.00150	0.00357	0.00620	0.05266	0.00610
17	0.01127	0.01496	0.21578	0.08177	0.50554	0.05934	0.01479	0.01467	0.01060	0.01481	0.00864	0.01112	0.00693	0.00435	0.00460	0.00142	0.00617	0.00395	0.00224	0.00706
18	0.67861	0.00817	0.00646	0.00589	0.00852	0.00913	0.00477	0.01230	0.00862	0.01931	0.01560	0.01593	0.18003	0.00604	0.00350	0.00149	0.00337	0.00418	0.00324	0.00486
19	0.00819	0.00410	0.00614	0.00614	0.00614	0.00410	0.00410	0.00614	0.00614	0.00819	0.00819	0.01433	0.00819	0.01638	0.01843	0.86282	0.00410	0.00410	0.00205	0.00205

[dist]
# distance from previous block
# <min> <max>
0	4

[block]
# block no. 1 follows, 54 sequences, length 77
# corresponding to MSA columns:
# 280-291,295-314,321-365
name=unknown_B
#
# <colnr> <probs for GDERKNQSTAVLIFYWHMCP>
#	G	D	E	R	K	N	Q	S	T	A	V	L	I	F	Y	W	H	M	C	P
0	0.01623	0.04465	0.01393	0.04991	0.04329	0.61364	0.00943	0.06639	0.01310	0.01284	0.00789	0.02336	0.00670	0.00522	0.00496	0.00131	0.05551	0.00344	0.00256	0.00566
1	0.00577	0.00416	0.00547	0.00646	0.00682	0.00386	0.00434	0.00666	0.00926	0.01232	0.05534	0.76586	0.06732	0.01445	0.00598	0.00188	0.00270	0.01307	0.00441	0.00386
2	0.00991	0.01009	0.05608	0.21175	0.29600	0.00969	0.12579	0.01279	0.01041	0.02904	0.01437	0.06131	0.08498	0.00605	0.00505	0.00156	0.00563	0.04068	0.00273	0.00609
3	0.00982	0.00965	0.05086	0.68137	0.06518	0.01088	0.01301	0.07805	0.01059	0.01383	0.00865	0.01230	0.00647	0.00476	0.00470	0.00155	0.00619	0.00416	0.00232	0.00565
4	0.00573	0.00433	0.00530	0.00601	0.00671	0.00390	0.00414	0.00671	0.00970	0.01250	0.06174	0.56887	0.25982	0.01374	0.00587	0.00180	0.00261	0.01220	0.00441	0.00390
5	0.00677	0.00454	0.00530	0.00551	0.00562	0.00450	0.00332	0.00703	0.00742	0.00995	0.01696	0.14710	0.01957	0.66185	0.02020	0.00401	0.00425	0.04524	0.01777	0.00310
6	0.01078	0.03806	0.42221	0.01585	0.12255	0.06520	0.15270	0.01487	0.01053	0.03703	0.00994	0.06069	0.00809	0.00503	0.00475	0.00149	0.00668	0.00454	0.00239	0.00664
7	0.00685	0.00458	0.00517	0.00516	0.00518	0.00457	0.00289	0.00690	0.00699	0.00934	0.03087	0.03094	0.01770	0.81753	0.02362	0.00451	0.00452	0.00689	0.00290	0.00289
8	0.00899	0.00846	0.01429	0.79921	0.05558	0.01050	0.01314	0.01212	0.00947	0.01215	0.00840	0.01254	0.00632	0.00470	0.00471	0.00157	0.00626	0.00419	0.00210	0.00530
9	0.01154	0.01177	0.04231	0.10311	0.66126	0.03986	0.03261	0.01442	0.01069	0.01493	0.00877	0.01162	0.00725	0.00428	0.00467	0.00142	0.00587	0.00417	0.00231	0.00714
10	0.00662	0.00557	0.00611	0.00630	0.03079	0.03334	0.00445	0.00819	0.01159	0.01488	0.31602	0.08647	0.41155	0.02990	0.00595	0.00162	0.00272	0.00915	0.00451	0.00427
11	0.00621	0.00483	0.00569	0.00577	0.00705	0.00431	0.00443	0.00785	0.01152	0.01493	0.29510	0.09023	0.40501	0.01148	0.00572	0.00165	0.00260	0.10681	0.00464	0.00417
12	0.01801	0.01167	0.01300	0.01005	0.01369	0.01246	0.00828	0.56948	0.04300	0.20040	0.01446	0.01377	0.03740	0.00595	0.00476	0.00144	0.00479	0.00459	0.00495	0.00786
13	0.01614	0.04919	0.01449	0.08620	0.07023	0.63175	0.02270	0.03165	0.01282	0.01222	0.00758	0.00917	0.00624	0.00477	0.00431	0.00126	0.00791	0.00327	0.00242	0.00566
14	0.00890	0.00838	0.01414	0.82296	0.03247	0.01048	0.01309	0.01205	0.00943	0.01205	0.00838	0.01257	0.00629	0.00471	0.00471	0.00157	0.00629	0.00419	0.00210	0.00524
15	0.01165	0.28089	0.42830	0.01180	0.03815	0.07517	0.01312	0.02820	0.02409	0.03629	0.00830	0.00946	0.00639	0.00445	0.00402	0.00132	0.00627	0.00324	0.00225	0.00663
16	0.01430	0.03713	0.11395	0.00977	0.01333	0.01067	0.00870	0.08032	0.38910	0.22648	0.01652	0.01544	0.01180	0.00653	0.02292	0.00165	0.00457	0.00476	0.00457	0.00747
17	0.00872	0.00440	0.00440	0.00440	0.00551	0.00439	0.00330	0.01089	0.00991	0.01747	0.01611	0.01820	0.02987	0.00564	0.00335	0.00111	0.00220	0.00452	0.84121	0.00439
18	0.00786	0.00561	0.00719	0.00688	0.00768	0.00617	0.00496	0.08029	0.00871	0.01214	0.01342	0.02254	0.01349	0.33656	0.42090	0.00572	0.00864	0.00565	0.02154	0.00405
19	0.05281	0.01502	0.06959	0.05829	0.33625	0.24511	0.03927	0.03532	0.01154	0.02632	0.00845	0.01046	0.00683	0.00445	0.00441	0.00133	0.00640	0.00370	0.00250	0.06197
20	0.00586	0.00418	0.00560	0.00669	0.00702	0.00393	0.00457	0.00676	0.00914	0.01216	0.02593	0.78370	0.03094	0.01467	0.00605	0.00193	0.00283	0.05980	0.00437	0.00386
21	0.00625	0.00476	0.00574	0.00558	0.00680	0.00425	0.00415	0.00804	0.01221	0.01641	0.50122	0.08587	0.30012	0.01072	0.00559	0.00155	0.00231	0.00930	0.00487	0.00425
22	0.03717	0.14635	0.09188	0.00797	0.01235	0.00932	0.00732	0.05074	0.01032	0.01550	0.00818	0.00944	0.00672	0.00381	0.00356	0.00089	0.00418	0.00288	0.00268	0.56873
23	0.01114	0.03575	0.01534	0.26980	0.24877	0.04749	0.04361	0.04433	0.04351	0.04273	0.01056	0.04242	0.01870	0.01482	0.00516	0.00148	0.02842	0.00455	0.00271	0.06871
24	0.01357	0.64277	0.02204	0.00905	0.01262	0.18357	0.00835	0.01501	0.01029	0.01119	0.00670	0.00784	0.00606	0.00434	0.00366	0.00108	0.03117	0.00268	0.00210	0.00590
25	0.00721	0.00574	0.00848	0.00821	0.00894	0.00702	0.00648	0.00880	0.00753	0.01100	0.01178	0.01744	0.01105	0.03179	0.71030	0.00685	0.11964	0.00493	0.00246	0.00433
26	0.00991	0.00879	0.01149	0.00821	0.01245	0.00682	0.07997	0.01218	0.00991	0.01534	0.00849	0.01006	0.00700	0.00354	0.00369	0.00078	0.00392	0.00306	0.00275	0.78164
27	0.00610	0.00478	0.00552	0.00538	0.00670	0.00420	0.00402	0.00778	0.01193	0.01565	0.40640	0.06451	0.41830	0.01093	0.00558	0.00155	0.00232	0.00938	0.00476	0.00420
28	0.01180	0.10192	0.26997	0.01246	0.04816	0.08417	0.06882	0.05610	0.25497	0.01643	0.01195	0.02287	0.00918	0.00520	0.00453	0.00146	0.00578	0.00427	0.00311	0.00688
29	0.00562	0.00478	0.00485	0.00483	0.00640	0.00400	0.00362	0.00687	0.01087	0.01302	0.08262	0.04491	0.76794	0.01183	0.00557	0.00159	0.00238	0.00989	0.00442	0.00400
30	0.01030	0.00916	0.02817	0.00917	0.01162	0.00972	0.04499	0.05221	0.48997	0.01823	0.07455	0.10376	0.10204	0.00787	0.00508	0.00161	0.00373	0.00679	0.00455	0.00648
31	0.01252	0.01226	0.01810	0.05616	0.65208	0.08490	0.01357	0.06521	0.01167	0.01586	0.00887	0.01139	0.00733	0.00438	0.00463	0.00139	0.00587	0.00410	0.00249	0.00724
32	0.01121	0.27957	0.32771	0.01344	0.11286	0.03628	0.04843	0.04062	0.01061	0.01430	0.04439	0.01070	0.00808	0.00463	0.00432	0.00133	0.01905	0.00362	0.00231	0.00656
33	0.00998	0.02003	0.54181	0.01538	0.08662	0.02253	0.14659	0.01500	0.03435	0.01515	0.02853	0.01199	0.02111	0.00468	0.00473	0.00150	0.00675	0.00418	0.00230	0.00679
34	0.01031	0.04730	0.17160	0.06231	0.13727	0.06502	0.02747	0.04229	0.11608	0.01547	0.07335	0.03252	0.06379	0.00812	0.05464	0.00187	0.00569	0.04261	0.01616	0.00612
35	0.02618	0.03652	0.03350	0.02703	0.00945	0.00748	0.00611	0.08466	0.08824	0.01304	0.02337	0.07056	0.01151	0.05284	0.12954	0.33660	0.03117	0.00509	0.00291	0.00420
36	0.04298	0.01267	0.01365	0.01141	0.05276	0.05288	0.02124	0.52554	0.11055	0.06371	0.01201	0.01202	0.00868	0.00551	0.00462	0.00141	0.00509	0.00426	0.00440	0.03463
37	0.03836	0.73051	0.10277	0.00855	0.01284	0.01764	0.00891	0.01419	0.00957	0.01178	0.00675	0.00781	0.00601	0.00409	0.00317	0.00107	0.00519	0.00262	0.00204	0.00611
38	0.02205	0.00592	0.03012	0.00551	0.00696	0.00569	0.00437	0.08116	0.01076	0.01780	0.03890	0.01822	0.01280	0.06954	0.03641	0.00167	0.00322	0.00467	0.61954	0.00469
39	0.01024	0.01001	0.01418	0.15223	0.08489	0.05070	0.07125	0.03488	0.06220	0.01339	0.02344	0.01492	0.06332	0.00911	0.07567	0.00221	0.29433	0.00483	0.00264	0.00555
40	0.00610	0.00490	0.00545	0.00544	0.00678	0.00437	0.00401	0.00793	0.03920	0.01439	0.23174	0.12721	0.49003	0.02394	0.00587	0.00165	0.00247	0.00976	0.00457	0.00419
41	0.00625	0.00488	0.00600	0.03591	0.00795	0.00467	0.00465	0.00804	0.04631	0.01327	0.11675	0.37896	0.26977	0.02664	0.04561	0.00206	0.00326	0.01057	0.00429	0.00417
42	0.01036	0.08287	0.68735	0.01294	0.01933	0.07803	0.01606	0.01520	0.01021	0.01437	0.00823	0.00966	0.00599	0.00448	0.00436	0.00144	0.00696	0.00338	0.00203	0.00678
43	0.83624	0.00895	0.00684	0.00613	0.00899	0.01035	0.00504	0.01376	0.00809	0.02102	0.00689	0.00802	0.00536	0.00442	0.00293	0.00145	0.00359	0.00262	0.03423	0.00508
44	0.01081	0.00995	0.03324	0.13694	0.21833	0.02006	0.08169	0.10929	0.01124	0.01579	0.03824	0.01422	0.00955	0.03292	0.09776	0.00228	0.08696	0.00463	0.06007	0.00602
45	0.00681	0.00455	0.00516	0.00521	0.00522	0.00454	0.00293	0.00684	0.00696	0.00928	0.01537	0.06756	0.01779	0.79671	0.02317	0.00445	0.00449	0.00716	0.00293	0.00290
46	0.00879	0.03795	0.14014	0.09188	0.10400	0.00852	0.06485	0.01234	0.08930	0.01390	0.03314	0.16655	0.07950	0.02007	0.03109	0.04134	0.00507	0.04289	0.00319	0.00547
47	0.01574	0.01191	0.01269	0.01018	0.01351	0.01331	0.00826	0.53667	0.23883	0.02632	0.01373	0.01339	0.01001	0.00586	0.00467	0.00145	0.00463	0.00456	0.04660	0.00769
48	0.00978	0.00838	0.00978	0.00698	0.01117	0.00629	0.00559	0.01187	0.00978	0.01536	0.00838	0.00978	0.00698	0.00349	0.00349	0.00070	0.00349	0.00279	0.00279	0.86312
49	0.00641	0.00441	0.00537	0.00587	0.00603	0.00429	0.00367	0.00684	0.00792	0.01054	0.01992	0.36917	0.02343	0.45882	0.01578	0.00336	0.00379	0.03751	0.00355	0.00332
50	0.01213	0.08323	0.40191	0.04842	0.01689	0.05899	0.01252	0.05886	0.01156	0.13213	0.08594	0.01320	0.01065	0.00534	0.00481	0.00145	0.02812	0.00414	0.00305	0.00665
51	0.00848	0.00800	0.02572	0.04886	0.18451	0.02278	0.09413	0.01079	0.03349	0.01352	0.02006	0.29449	0.10015	0.01040	0.03465	0.00191	0.02576	0.05362	0.00342	0.00525
52	0.00928	0.00889	0.01134	0.01008	0.01080	0.07933	0.04359	0.01054	0.00803	0.01113	0.01001	0.02838	0.00989	0.12318	0.28168	0.00413	0.32780	0.00490	0.00240	0.00461
53	0.00587	0.00417	0.00553	0.00655	0.00684	0.00392	0.00440	0.00671	0.00903	0.01205	0.03608	0.75840	0.03056	0.05474	0.00691	0.00205	0.00287	0.03522	0.00431	0.00381
54	0.00996	0.00849	0.00987	0.00707	0.01125	0.00647	0.00566	0.02889	0.01005	0.01568	0.00844	0.00981	0.00701	0.00354	0.00352	0.00071	0.00353	0.00283	0.00284	0.84440
55	0.56764	0.09149	0.09327	0.00784	0.01127	0.05989	0.00720	0.05014	0.03380	0.01921	0.00766	0.00902	0.00606	0.00462	0.00336	0.00142	0.00450	0.01313	0.00286	0.00561
56	0.00584	0.00454	0.00532	0.00570	0.00672	0.00402	0.00410	0.00707	0.01048	0.01340	0.14840	0.34054	0.38492	0.01270	0.00576	0.00171	0.00254	0.02776	0.00449	0.00400
57	0.00671	0.00488	0.00642	0.00663	0.00767	0.00459	0.00518	0.00867	0.01197	0.01636	0.44975	0.13964	0.09546	0.01132	0.00586	0.00172	0.00284	0.20520	0.00481	0.00431
58	0.01005	0.00860	0.01020	0.00756	0.01124	0.00726	0.00608	0.04709	0.01029	0.01585	0.04475	0.01106	0.00869	0.00427	0.00463	0.00088	0.07150	0.00323	0.00293	0.71384
59	0.01089	0.10429	0.30025	0.02692	0.22443	0.04965	0.06434	0.01454	0.01951	0.01451	0.00856	0.01049	0.00677	0.00470	0.01608	0.00140	0.00616	0.00366	0.00227	0.11060
60	0.01088	0.01767	0.47549	0.01401	0.12270	0.00963	0.03631	0.01499	0.01080	0.11736	0.05914	0.01498	0.06433	0.00542	0.00471	0.00149	0.00584	0.00455	0.00290	0.00680
61	0.01359	0.00860	0.00996	0.00829	0.01097	0.00884	0.00661	0.20060	0.17063	0.20337	0.20885	0.02254	0.09169	0.00738	0.00502	0.00149	0.00366	0.00613	0.00507	0.00668
62	0.01053	0.01143	0.05706	0.12697	0.30848	0.01107	0.25726	0.01365	0.01043	0.01446	0.02212	0.01409	0.05043	0.00500	0.00579	0.00155	0.06588	0.00496	0.00243	0.00640
63	0.01171	0.17308	0.06724	0.03121	0.11009	0.10555	0.04489	0.02908	0.23848	0.01511	0.01394	0.07785	0.03058	0.00616	0.00454	0.00144	0.00516	0.02424	0.00327	0.00638
64	0.01956	0.00794	0.01051	0.00817	0.01155	0.00709	0.00671	0.06405	0.01375	0.68079	0.05395	0.01676	0.01300	0.00598	0.00469	0.00144	0.00389	0.00487	0.05767	0.00764
65	0.00865	0.00787	0.01078	0.00979	0.01025	0.02859	0.00788	0.00995	0.00751	0.01106	0.00963	0.01505	0.00931	0.05849	0.39041	0.00474	0.38843	0.00466	0.00232	0.00462
66	0.00686	0.00457	0.00514	0.00514	0.00514	0.00457	0.00286	0.00686	0.00686	0.00914	0.01486	0.03086	0.01714	0.83430	0.02400	0.00457	0.00457	0.00686	0.00286	0.00286
67	0.01113	0.01272	0.02782	0.01987	0.02464	0.01192	0.78776	0.01510	0.01113	0.01510	0.00954	0.01272	0.00715	0.00397	0.00556	0.00159	0.00795	0.00556	0.00238	0.00636
68	0.00751	0.00502	0.00664	0.00695	0.00802	0.00473	0.00543	0.00925	0.01126	0.06027	0.27098	0.21442	0.08753	0.03690	0.00647	0.00189	0.00317	0.24451	0.00466	0.00440
69	0.00584	0.00462	0.00526	0.00546	0.00662	0.00404	0.00396	0.00715	0.01085	0.01383	0.19716	0.23865	0.45551	0.01217	0.00568	0.00165	0.00244	0.01052	0.00454	0.00404
70	0.00586	0.00423	0.00554	0.00639	0.00684	0.00392	0.00434	0.00688	0.00969	0.01298	0.12934	0.68416	0.07447	0.01394	0.00593	0.00184	0.00265	0.01258	0.00448	0.00392
71	0.00978	0.00838	0.00978	0.00698	0.01117	0.00629	0.00559	0.01187	0.00978	0.01536	0.00838	0.00978	0.00698	0.00349	0.00349	0.00070	0.00349	0.00279	0.00279	0.86312
72	0.01108	0.01053	0.01404	0.12992	0.31124	0.09026	0.01064	0.04368	0.05038	0.02696	0.03399	0.11193	0.03451	0.00642	0.00554	0.00151	0.06062	0.00549	0.00296	0.03829
73	0.01178	0.01206	0.03227	0.04350	0.53512	0.06124	0.08505	0.01521	0.06339	0.01502	0.00930	0.01185	0.00766	0.00471	0.00559	0.00148	0.07100	0.00431	0.00248	0.00700
74	0.00819	0.00410	0.00614	0.00614	0.00614	0.00410	0.00410	0.00614	0.00614	0.00819	0.00819	0.01433	0.00819	0.01638	0.01843	0.86282	0.00410	0.00410	0.00205	0.00205
75	0.01257	0.03053	0.03974	0.06420	0.18525	0.14386	0.05093	0.10696	0.04844	0.03908	0.02627	0.01383	0.05553	0.00613	0.02818	0.00152	0.02728	0.00436	0.00305	0.11230
76	0.02863	0.25142	0.10110	0.02411	0.01441	0.04973	0.00956	0.34589	0.04372	0.01999	0.00942	0.01025	0.00729	0.00570	0.01999	0.00145	0.04345	0.00364	0.00332	0.00691

[dist]
# distance from previous block
# <min> <max>
0	1

[block]
# block no. 2 follows, 54 sequences, length 30
# corresponding to MSA columns:
# 371-390,395-404
name=unknown_C
#
# <colnr> <probs for GDERKNQSTAVLIFYWHMCP>
#	G	D	E	R	K	N	Q	S	T	A	V	L	I	F	Y	W	H	M	C	P
0	0.05343	0.10713	0.01595	0.12018	0.25213	0.12453	0.03236	0.03292	0.01030	0.01371	0.00846	0.01182	0.00739	0.05696	0.02227	0.00171	0.08136	0.00392	0.00240	0.04109
1	0.00806	0.00596	0.00774	0.01839	0.00858	0.00662	0.00569	0.03030	0.03846	0.03337	0.12598	0.05339	0.09172	0.10547	0.24290	0.00366	0.09626	0.03550	0.07743	0.00452
2	0.01508	0.01337	0.02049	0.16564	0.59472	0.01318	0.03132	0.01694	0.02828	0.01856	0.01299	0.01739	0.01116	0.00701	0.00641	0.00217	0.00701	0.00554	0.00373	0.00901
3	0.00978	0.00838	0.00978	0.00698	0.01117	0.00629	0.00559	0.01187	0.00978	0.01536	0.00838	0.00978	0.00698	0.00349	0.00349	0.00070	0.00349	0.00279	0.00279	0.86312
4	0.00652	0.00491	0.00611	0.00619	0.00740	0.00450	0.00484	0.00840	0.01197	0.01598	0.40826	0.06785	0.25283	0.01114	0.00577	0.00167	0.00272	0.16391	0.00476	0.00428
5	0.00866	0.00442	0.00451	0.00449	0.00559	0.00440	0.00337	0.01086	0.01010	0.01766	0.06433	0.01868	0.01410	0.00575	0.00344	0.00112	0.00220	0.00465	0.80727	0.00440
6	0.00587	0.00447	0.00542	0.00603	0.00687	0.00403	0.00431	0.00700	0.01005	0.01291	0.08977	0.45272	0.29941	0.01331	0.00586	0.00179	0.00268	0.05911	0.00443	0.00396
7	0.01057	0.01075	0.01440	0.01237	0.01246	0.04277	0.01027	0.01161	0.00744	0.01135	0.00623	0.01025	0.00619	0.00813	0.01508	0.00203	0.79676	0.00409	0.00208	0.00517
8	0.00609	0.00432	0.00573	0.00673	0.00709	0.00411	0.00469	0.00702	0.00910	0.01208	0.02494	0.66094	0.02949	0.08159	0.00756	0.00217	0.00310	0.11520	0.00425	0.00382
9	0.02115	0.00802	0.01094	0.00839	0.01204	0.00693	0.00693	0.02298	0.01350	0.80815	0.01860	0.01605	0.01167	0.00584	0.00474	0.00146	0.00401	0.00474	0.00584	0.00802
10	0.86760	0.00912	0.00693	0.00620	0.00912	0.01058	0.00511	0.01386	0.00802	0.02115	0.00657	0.00766	0.00511	0.00438	0.00292	0.00146	0.00365	0.00255	0.00292	0.00511
11	0.01173	0.01013	0.01066	0.00960	0.01226	0.01173	0.00746	0.02505	0.79636	0.01972	0.01919	0.01759	0.01439	0.00640	0.00480	0.00160	0.00373	0.00533	0.00480	0.00746
12	0.86760	0.00912	0.00693	0.00620	0.00912	0.01058	0.00511	0.01386	0.00802	0.02115	0.00657	0.00766	0.00511	0.00438	0.00292	0.00146	0.00365	0.00255	0.00292	0.00511
13	0.01261	0.83713	0.02471	0.00807	0.01210	0.01866	0.00807	0.01412	0.00958	0.01109	0.00656	0.00756	0.00605	0.00403	0.00303	0.00101	0.00504	0.00252	0.00202	0.00605
14	0.01037	0.01049	0.01541	0.01292	0.01327	0.01426	0.06669	0.01162	0.00750	0.01162	0.00643	0.01049	0.00626	0.00794	0.01475	0.00203	0.76637	0.00423	0.00209	0.00524
15	0.02853	0.00535	0.00713	0.00696	0.00747	0.00612	0.00503	0.00817	0.00729	0.01054	0.01286	0.02237	0.01326	0.33816	0.43456	0.00588	0.06828	0.00561	0.00263	0.00378
16	0.00683	0.00467	0.00566	0.00566	0.00584	0.00485	0.00350	0.00719	0.00701	0.00952	0.01439	0.02825	0.01601	0.66528	0.19146	0.00521	0.00628	0.00647	0.00279	0.00314
17	0.00815	0.00411	0.00611	0.00611	0.00611	0.00411	0.00406	0.00616	0.00616	0.00822	0.00838	0.01479	0.00844	0.03925	0.01858	0.83882	0.00411	0.00417	0.00207	0.00207
18	0.00945	0.00894	0.01513	0.66607	0.18509	0.01062	0.01337	0.01253	0.00969	0.01271	0.00848	0.01239	0.00652	0.00461	0.00470	0.00154	0.00615	0.00419	0.00214	0.00568
19	0.00890	0.00838	0.01414	0.82296	0.03247	0.01048	0.01309	0.01205	0.00943	0.01205	0.00838	0.01257	0.00629	0.00471	0.00471	0.00157	0.00629	0.00419	0.00210	0.00524
20	0.00890	0.00838	0.01414	0.82296	0.03247	0.01048	0.01309	0.01205	0.00943	0.01205	0.00838	0.01257	0.00629	0.00471	0.00471	0.00157	0.00629	0.00419	0.00210	0.00524
21	0.01656	0.01911	0.01376	0.01208	0.01453	0.59752	0.04579	0.01880	0.06890	0.07005	0.00898	0.01004	0.00714	0.00527	0.00528	0.00135	0.07269	0.00353	0.00281	0.00581
22	0.00613	0.00440	0.00564	0.00645	0.00692	0.00415	0.00449	0.00706	0.00920	0.01211	0.04541	0.54008	0.09498	0.12792	0.00852	0.00228	0.00314	0.10314	0.00418	0.00378
23	0.00686	0.00504	0.00621	0.00668	0.00790	0.00466	0.00537	0.00844	0.01069	0.03124	0.07467	0.12029	0.33184	0.04147	0.00663	0.00195	0.00331	0.31816	0.00439	0.00419
24	0.01909	0.00754	0.01020	0.00798	0.01125	0.00656	0.00653	0.02097	0.01337	0.69205	0.10986	0.01833	0.01551	0.00627	0.00479	0.00145	0.00375	0.00517	0.03182	0.00750
25	0.01195	0.01187	0.01845	0.07122	0.70526	0.06948	0.01401	0.01465	0.01085	0.01494	0.00873	0.01149	0.00730	0.00428	0.00464	0.00140	0.00585	0.00412	0.00233	0.00720
26	0.00981	0.00850	0.01007	0.00732	0.01125	0.00679	0.00588	0.01184	0.00962	0.01511	0.00824	0.00981	0.00693	0.00379	0.00424	0.00078	0.05463	0.00288	0.00275	0.80976
27	0.00574	0.00410	0.00547	0.00657	0.00684	0.00383	0.00438	0.00657	0.00903	0.01204	0.02599	0.83122	0.03119	0.01477	0.00602	0.00191	0.00274	0.01340	0.00438	0.00383
28	0.00583	0.00416	0.00557	0.00666	0.00697	0.00390	0.00452	0.00671	0.00911	0.01213	0.02594	0.79680	0.03101	0.01469	0.00604	0.00193	0.00281	0.04702	0.00438	0.00385
29	0.01151	0.01111	0.01916	0.07014	0.73889	0.01119	0.03980	0.01436	0.01068	0.01522	0.00887	0.01175	0.00740	0.00422	0.00470	0.00142	0.00571	0.00425	0.00232	0.00732

[dist]
# distance from previous block
# <min> <max>
0	1

[block]
# block no. 3 follows, 54 sequences, length 131
# corresponding to MSA columns:
# 406-413,415-421,423-431,511-530,539-586,589-627
name=unknown_D
#
# <colnr> <probs for GDERKNQSTAVLIFYWHMCP>
#	G	D	E	R	K	N	Q	S	T	A	V	L	I	F	Y	W	H	M	C	P
0	0.12850	0.00919	0.01161	0.03152	0.01301	0.00910	0.04343	0.14346	0.05146	0.45569	0.01492	0.01421	0.01001	0.01777	0.00512	0.02006	0.00440	0.00445	0.00484	0.00726
1	0.64164	0.01202	0.00853	0.00761	0.01046	0.18814	0.00607	0.01537	0.00945	0.05460	0.00727	0.00822	0.00562	0.00455	0.00329	0.00141	0.00474	0.00276	0.00294	0.00532
2	0.00560	0.00472	0.00486	0.00494	0.00642	0.00397	0.00366	0.00678	0.01064	0.01277	0.05754	0.11104	0.72667	0.01214	0.00561	0.00162	0.00241	0.01022	0.00439	0.00397
3	0.58284	0.00875	0.00828	0.00694	0.01010	0.00935	0.00572	0.01693	0.00986	0.28592	0.01061	0.01048	0.00732	0.00487	0.00353	0.00146	0.00377	0.00329	0.00390	0.00609
4	0.11658	0.01116	0.01230	0.00957	0.01318	0.01186	0.00789	0.45762	0.04067	0.25183	0.01309	0.01244	0.00892	0.00558	0.00452	0.00144	0.00463	0.00422	0.00483	0.00767
5	0.00564	0.00466	0.00494	0.00512	0.00647	0.00397	0.00374	0.00680	0.01053	0.01280	0.06697	0.17946	0.64793	0.01236	0.00565	0.00164	0.00244	0.01050	0.00440	0.00397
6	0.00564	0.00452	0.00504	0.00545	0.00654	0.00392	0.00388	0.00669	0.01010	0.01248	0.03962	0.33914	0.51447	0.01300	0.00574	0.00171	0.00252	0.01124	0.00438	0.00392
7	0.00575	0.00419	0.00543	0.00637	0.00680	0.00386	0.00430	0.00665	0.00932	0.01230	0.05070	0.73126	0.10700	0.01435	0.00596	0.00187	0.00269	0.01292	0.00440	0.00386
8	0.00946	0.02439	0.80987	0.01344	0.02041	0.01095	0.01742	0.01493	0.00995	0.01493	0.00846	0.00995	0.00597	0.00448	0.00448	0.00149	0.00697	0.00348	0.00199	0.00697
9	0.01761	0.02247	0.01336	0.01215	0.01458	0.81537	0.00911	0.01883	0.01336	0.01154	0.00729	0.00850	0.00607	0.00486	0.00425	0.00121	0.00850	0.00304	0.00243	0.00547
10	0.00978	0.00838	0.00978	0.00698	0.01117	0.00629	0.00559	0.01187	0.00978	0.01536	0.00838	0.00978	0.00698	0.00349	0.00349	0.00070	0.00349	0.00279	0.00279	0.86312
11	0.00685	0.00459	0.00526	0.00526	0.00530	0.00464	0.00301	0.00693	0.00689	0.00923	0.01475	0.03025	0.01688	0.79494	0.06299	0.00472	0.00497	0.00677	0.00284	0.00292
12	0.00674	0.00505	0.00758	0.00758	0.00842	0.00589	0.00589	0.00842	0.00758	0.01095	0.01263	0.01852	0.01179	0.03536	0.81561	0.00758	0.01263	0.00505	0.00253	0.00421
13	0.86760	0.00912	0.00693	0.00620	0.00912	0.01058	0.00511	0.01386	0.00802	0.02115	0.00657	0.00766	0.00511	0.00438	0.00292	0.00146	0.00365	0.00255	0.00292	0.00511
14	0.00784	0.00586	0.00747	0.00820	0.04422	0.00591	0.00568	0.06083	0.08296	0.02681	0.07810	0.46084	0.06303	0.02576	0.04247	0.00209	0.00366	0.05923	0.00432	0.00475
15	0.00890	0.00838	0.01414	0.82296	0.03247	0.01048	0.01309	0.01205	0.00943	0.01205	0.00838	0.01257	0.00629	0.00471	0.00471	0.00157	0.00629	0.00419	0.00210	0.00524
16	0.01167	0.01120	0.01914	0.02894	0.80488	0.01120	0.01447	0.01447	0.01074	0.01540	0.00887	0.01167	0.00747	0.00420	0.00467	0.00140	0.00560	0.00420	0.00233	0.00747
17	0.00978	0.00838	0.00978	0.00698	0.01117	0.00629	0.00559	0.01187	0.00978	0.01536	0.00838	0.00978	0.00698	0.00349	0.00349	0.00070	0.00349	0.00279	0.00279	0.86312
18	0.01147	0.12840	0.10561	0.03127	0.41086	0.02492	0.06065	0.01522	0.07398	0.03026	0.04365	0.01297	0.02065	0.00476	0.00453	0.00139	0.00551	0.00432	0.00267	0.00691
19	0.01300	0.48733	0.09298	0.00975	0.01340	0.17337	0.02040	0.03612	0.01052	0.01211	0.00739	0.00889	0.00646	0.00627	0.05120	0.00154	0.03814	0.00301	0.00221	0.00594
20	0.01113	0.01272	0.02782	0.01987	0.02464	0.01192	0.78776	0.01510	0.01113	0.01510	0.00954	0.01272	0.00715	0.00397	0.00556	0.00159	0.00795	0.00556	0.00238	0.00636
21	0.00708	0.00602	0.00762	0.07503	0.07857	0.02349	0.00589	0.00893	0.01146	0.01495	0.29123	0.08425	0.32710	0.00995	0.00544	0.00156	0.00315	0.02947	0.00424	0.00458
22	0.00991	0.00821	0.01362	0.72851	0.02992	0.00997	0.01229	0.01277	0.00966	0.07860	0.00923	0.01292	0.00680	0.00518	0.00516	0.02922	0.00602	0.00423	0.00241	0.00537
23	0.01792	0.01321	0.01415	0.01085	0.01462	0.01462	0.00896	0.78916	0.02217	0.02972	0.01132	0.01132	0.00802	0.00566	0.00472	0.00142	0.00519	0.00425	0.00472	0.00802
24	0.01523	0.01234	0.01161	0.00947	0.01239	0.13562	0.00759	0.45591	0.01777	0.03853	0.06014	0.01577	0.07228	0.00624	0.00459	0.00136	0.00493	0.00478	0.10679	0.00667
25	0.00577	0.00412	0.00549	0.00655	0.00684	0.00384	0.00438	0.00662	0.00912	0.01219	0.04350	0.81326	0.03149	0.01466	0.00601	0.00191	0.00272	0.01329	0.00440	0.00384
26	0.01031	0.01027	0.01410	0.03849	0.01310	0.04806	0.05197	0.01160	0.00795	0.01184	0.00786	0.04231	0.00772	0.02783	0.01339	0.00200	0.63052	0.00459	0.04100	0.00510
27	0.01653	0.02074	0.01279	0.01169	0.01396	0.73485	0.00879	0.01779	0.01279	0.01148	0.00782	0.00950	0.00664	0.00789	0.08496	0.00185	0.00891	0.00324	0.00244	0.00534
28	0.00667	0.00482	0.00630	0.00593	0.00704	0.00445	0.00445	0.00890	0.01335	0.01891	0.80239	0.03522	0.04449	0.00964	0.00556	0.00148	0.00222	0.00853	0.00519	0.00445
29	0.01636	0.01179	0.01258	0.00984	0.01318	0.01300	0.00806	0.64828	0.04470	0.02758	0.01218	0.01246	0.00883	0.00566	0.00451	0.00137	0.00469	0.00430	0.13319	0.00746
30	0.01261	0.83713	0.02471	0.00807	0.01210	0.01866	0.00807	0.01412	0.00958	0.01109	0.00656	0.00756	0.00605	0.00403	0.00303	0.00101	0.00504	0.00252	0.00202	0.00605
31	0.00557	0.00478	0.00478	0.00478	0.00637	0.00398	0.00358	0.00677	0.01075	0.01274	0.04776	0.04538	0.80297	0.01194	0.00557	0.00159	0.00239	0.00995	0.00438	0.00398
32	0.00681	0.00458	0.00515	0.00515	0.00522	0.00455	0.00291	0.00689	0.00710	0.00944	0.03098	0.03140	0.04240	0.79261	0.02307	0.00442	0.00446	0.00699	0.00295	0.00292
33	0.00637	0.00481	0.00588	0.00562	0.00686	0.00432	0.00421	0.00831	0.01264	0.01722	0.59585	0.03800	0.25209	0.01027	0.00556	0.00151	0.00227	0.00892	0.00497	0.00432
34	0.00760	0.00543	0.00760	0.00868	0.00977	0.00543	0.00760	0.00977	0.01085	0.01411	0.02496	0.05319	0.02714	0.01303	0.00651	0.00217	0.00434	0.77315	0.00434	0.00434
35	0.86760	0.00912	0.00693	0.00620	0.00912	0.01058	0.00511	0.01386	0.00802	0.02115	0.00657	0.00766	0.00511	0.00438	0.00292	0.00146	0.00365	0.00255	0.00292	0.00511
36	0.86760	0.00912	0.00693	0.00620	0.00912	0.01058	0.00511	0.01386	0.00802	0.02115	0.00657	0.00766	0.00511	0.00438	0.00292	0.00146	0.00365	0.00255	0.00292	0.00511
37	0.00879	0.00439	0.00439	0.00439	0.00549	0.00439	0.00330	0.01099	0.00989	0.01758	0.01538	0.01758	0.01209	0.00549	0.00330	0.00110	0.00220	0.00439	0.86047	0.00439
38	0.00574	0.00410	0.00547	0.00657	0.00684	0.00383	0.00438	0.00657	0.00903	0.01204	0.02599	0.83122	0.03119	0.01477	0.00602	0.00191	0.00274	0.01340	0.00438	0.00383
39	0.00578	0.00481	0.00506	0.00507	0.00658	0.00409	0.00384	0.00712	0.01103	0.01346	0.12859	0.04460	0.68827	0.01174	0.00561	0.00160	0.00245	0.04177	0.00446	0.00405
40	0.00627	0.00448	0.00608	0.00717	0.00767	0.00429	0.00530	0.00748	0.00955	0.01263	0.02570	0.60920	0.03003	0.01427	0.00616	0.00199	0.00319	0.23020	0.00437	0.00398
41	0.00946	0.02439	0.80987	0.01344	0.02041	0.01095	0.01742	0.01493	0.00995	0.01493	0.00846	0.00995	0.00597	0.00448	0.00448	0.00149	0.00697	0.00348	0.00199	0.00697
42	0.01550	0.01036	0.01118	0.00889	0.01190	0.01121	0.00724	0.50088	0.04074	0.08241	0.01317	0.01354	0.00957	0.00565	0.00434	0.00134	0.00425	0.00435	0.23646	0.00702
43	0.00573	0.00435	0.00530	0.00604	0.00676	0.00392	0.00420	0.00671	0.00963	0.01231	0.03300	0.55851	0.28046	0.01382	0.00589	0.00182	0.00266	0.03064	0.00438	0.00389
44	0.00845	0.00522	0.00685	0.00622	0.00765	0.00475	0.00474	0.01061	0.01332	0.11681	0.69301	0.03300	0.05253	0.00920	0.00546	0.00148	0.00245	0.00808	0.00526	0.00489
45	0.00573	0.00415	0.00542	0.00644	0.00681	0.00384	0.00432	0.00658	0.00915	0.01208	0.02749	0.77708	0.08436	0.01458	0.00599	0.00189	0.00271	0.01317	0.00438	0.00384
46	0.00648	0.00480	0.00563	0.00630	0.00657	0.02655	0.00409	0.00708	0.00848	0.01112	0.02180	0.52743	0.02579	0.28298	0.01187	0.00277	0.00354	0.02933	0.00382	0.00357
47	0.01369	0.01594	0.01394	0.01227	0.01340	0.38484	0.00976	0.01481	0.01006	0.01144	0.00670	0.00948	0.00614	0.00668	0.01028	0.00167	0.44775	0.00362	0.00223	0.00530
48	0.00816	0.00411	0.00612	0.00612	0.00612	0.00411	0.00406	0.00616	0.00616	0.00821	0.00835	0.01474	0.00841	0.03637	0.01856	0.84185	0.00411	0.00416	0.00207	0.00207
49	0.00861	0.00438	0.00446	0.00452	0.00557	0.00436	0.00336	0.01073	0.00984	0.01726	0.01600	0.06500	0.01320	0.00603	0.00345	0.00115	0.00223	0.00492	0.81058	0.00436
50	0.00963	0.02270	0.71259	0.03892	0.04588	0.01100	0.04208	0.01511	0.03155	0.01500	0.00880	0.01039	0.00630	0.00451	0.00454	0.00150	0.00685	0.00365	0.00209	0.00692
51	0.01061	0.01120	0.01847	0.40313	0.11971	0.08473	0.23905	0.01374	0.01047	0.01331	0.00947	0.01280	0.02273	0.00460	0.00493	0.00152	0.00682	0.00460	0.00228	0.00583
52	0.01271	0.01540	0.05201	0.01379	0.04031	0.33199	0.21184	0.01490	0.01145	0.01299	0.01203	0.08765	0.03336	0.00652	0.00579	0.00154	0.06651	0.06094	0.00274	0.00553
53	0.86760	0.00912	0.00693	0.00620	0.00912	0.01058	0.00511	0.01386	0.00802	0.02115	0.00657	0.00766	0.00511	0.00438	0.00292	0.00146	0.00365	0.00255	0.00292	0.00511
54	0.00664	0.00457	0.00561	0.00584	0.00603	0.00464	0.00368	0.00708	0.00746	0.01006	0.01687	0.18321	0.01925	0.54483	0.13536	0.00445	0.00539	0.02264	0.00313	0.00327
55	0.84109	0.00909	0.00710	0.01864	0.00952	0.01052	0.00526	0.01398	0.00813	0.03354	0.00678	0.00787	0.00523	0.00441	0.00297	0.00146	0.00369	0.00261	0.00295	0.00515
56	0.00978	0.00838	0.00978	0.00698	0.01117	0.00629	0.00559	0.01187	0.00978	0.01536	0.00838	0.00978	0.00698	0.00349	0.00349	0.00070	0.00349	0.00279	0.00279	0.86312
57	0.00585	0.00421	0.00552	0.00653	0.00689	0.00393	0.00443	0.00672	0.00912	0.01207	0.02657	0.73584	0.06543	0.04088	0.00660	0.00200	0.00285	0.04640	0.00433	0.00383
58	0.84233	0.00909	0.00705	0.00627	0.00921	0.01047	0.00516	0.01413	0.00819	0.04465	0.00692	0.00791	0.00530	0.00442	0.00297	0.00146	0.00366	0.00262	0.00301	0.00519
59	0.00616	0.00458	0.00574	0.00590	0.00684	0.00416	0.00425	0.00774	0.01146	0.01551	0.40662	0.28907	0.19119	0.01172	0.00571	0.00164	0.00242	0.01035	0.00477	0.00416
60	0.01236	0.01044	0.01102	0.00972	0.01250	0.01202	0.00762	0.10285	0.71754	0.02074	0.01839	0.01695	0.01374	0.00632	0.00479	0.00158	0.00388	0.00522	0.00479	0.00752
61	0.86760	0.00912	0.00693	0.00620	0.00912	0.01058	0.00511	0.01386	0.00802	0.02115	0.00657	0.00766	0.00511	0.00438	0.00292	0.00146	0.00365	0.00255	0.00292	0.00511
62	0.00584	0.00427	0.00551	0.00646	0.00696	0.00395	0.00447	0.00679	0.00937	0.01226	0.02879	0.67942	0.13248	0.01429	0.00599	0.00189	0.00279	0.06021	0.00437	0.00388
63	0.01792	0.01321	0.01415	0.01085	0.01462	0.01462	0.00896	0.78916	0.02217	0.02972	0.01132	0.01132	0.00802	0.00566	0.00472	0.00142	0.00519	0.00425	0.00472	0.00802
64	0.00760	0.00543	0.00760	0.00868	0.00977	0.00543	0.00760	0.00977	0.01085	0.01411	0.02496	0.05319	0.02714	0.01303	0.00651	0.00217	0.00434	0.77315	0.00434	0.00434
65	0.86760	0.00912	0.00693	0.00620	0.00912	0.01058	0.00511	0.01386	0.00802	0.02115	0.00657	0.00766	0.00511	0.00438	0.00292	0.00146	0.00365	0.00255	0.00292	0.00511
66	0.86760	0.00912	0.00693	0.00620	0.00912	0.01058	0.00511	0.01386	0.00802	0.02115	0.00657	0.00766	0.00511	0.00438	0.00292	0.00146	0.00365	0.00255	0.00292	0.00511
67	0.01032	0.01032	0.01444	0.01238	0.01238	0.01444	0.01032	0.01135	0.00722	0.01135	0.00619	0.01032	0.00619	0.00825	0.01547	0.00206	0.82567	0.00413	0.00206	0.00516
68	0.00760	0.00543	0.00760	0.00868	0.00977	0.00543	0.00760	0.00977	0.01085	0.01411	0.02496	0.05319	0.02714	0.01303	0.00651	0.00217	0.00434	0.77315	0.00434	0.00434
69	0.02115	0.00802	0.01094	0.00839	0.01204	0.00693	0.00693	0.02298	0.01350	0.80815	0.01860	0.01605	0.01167	0.00584	0.00474	0.00146	0.00401	0.00474	0.00584	0.00802
70	0.01792	0.01321	0.01415	0.01085	0.01462	0.01462	0.00896	0.78916	0.02217	0.02972	0.01132	0.01132	0.00802	0.00566	0.00472	0.00142	0.00519	0.00425	0.00472	0.00802
71	0.00619	0.00422	0.00563	0.00662	0.00699	0.00392	0.00445	0.00704	0.00916	0.03530	0.02577	0.80740	0.03061	0.01451	0.00598	0.00190	0.00277	0.01315	0.00442	0.00395
72	0.02115	0.00802	0.01094	0.00839	0.01204	0.00693	0.00693	0.02298	0.01350	0.80815	0.01860	0.01605	0.01167	0.00584	0.00474	0.00146	0.00401	0.00474	0.00584	0.00802
73	0.02115	0.00802	0.01094	0.00839	0.01204	0.00693	0.00693	0.02298	0.01350	0.80815	0.01860	0.01605	0.01167	0.00584	0.00474	0.00146	0.00401	0.00474	0.00584	0.00802
74	0.01245	0.01018	0.01084	0.00960	0.01236	0.01165	0.00751	0.06194	0.72352	0.05584	0.01878	0.01722	0.01396	0.00634	0.00479	0.00158	0.00381	0.00525	0.00484	0.00752
75	0.01745	0.02109	0.01336	0.01193	0.01451	0.70439	0.00904	0.10054	0.03986	0.01373	0.00810	0.00910	0.00655	0.00499	0.00432	0.00125	0.00800	0.00324	0.00275	0.00580
76	0.00805	0.00415	0.00615	0.00615	0.00624	0.00416	0.00415	0.00625	0.00635	0.00844	0.00963	0.01549	0.03385	0.01697	0.04867	0.80227	0.00437	0.00432	0.00214	0.00219
77	0.00979	0.00844	0.00991	0.00714	0.01121	0.00652	0.00573	0.01186	0.00970	0.01525	0.00832	0.00979	0.00696	0.00363	0.00384	0.00074	0.02751	0.00283	0.00277	0.83805
78	0.01128	0.01124	0.04380	0.02717	0.73336	0.01083	0.01403	0.01408	0.01057	0.01516	0.00944	0.03428	0.00820	0.00546	0.02962	0.00161	0.00578	0.00446	0.00238	0.00725
79	0.00978	0.00838	0.00978	0.00698	0.01117	0.00629	0.00559	0.01187	0.00978	0.01536	0.00838	0.00978	0.00698	0.00349	0.00349	0.00070	0.00349	0.00279	0.00279	0.86312
80	0.00565	0.00446	0.00510	0.00561	0.00659	0.00391	0.00395	0.00667	0.00994	0.01241	0.03759	0.41256	0.44235	0.01326	0.00578	0.00174	0.00255	0.01156	0.00438	0.00391
81	0.00828	0.00624	0.00766	0.00658	0.00849	0.00572	0.00507	0.08178	0.01352	0.01927	0.58551	0.02840	0.03433	0.00816	0.00511	0.00133	0.00273	0.00709	0.00471	0.16000
82	0.00574	0.00410	0.00547	0.00657	0.00684	0.00383	0.00438	0.00657	0.00903	0.01204	0.02599	0.83122	0.03119	0.01477	0.00602	0.00191	0.00274	0.01340	0.00438	0.00383
83	0.00663	0.00482	0.00625	0.00589	0.00702	0.00443	0.00442	0.00882	0.01325	0.01868	0.77450	0.03560	0.07252	0.00972	0.00556	0.00149	0.00223	0.00858	0.00516	0.00443
84	0.00978	0.00838	0.00978	0.00698	0.01117	0.00629	0.00559	0.01187	0.00978	0.01536	0.00838	0.00978	0.00698	0.00349	0.00349	0.00070	0.00349	0.00279	0.00279	0.86312
85	0.00879	0.00439	0.00439	0.00439	0.00549	0.00439	0.00330	0.01099	0.00989	0.01758	0.01538	0.01758	0.01209	0.00549	0.00330	0.00110	0.00220	0.00439	0.86047	0.00439
86	0.00574	0.00410	0.00547	0.00657	0.00684	0.00383	0.00438	0.00657	0.00903	0.01204	0.02599	0.83122	0.03119	0.01477	0.00602	0.00191	0.00274	0.01340	0.00438	0.00383
87	0.01792	0.01321	0.01415	0.01085	0.01462	0.01462	0.00896	0.78916	0.02217	0.02972	0.01132	0.01132	0.00802	0.00566	0.00472	0.00142	0.00519	0.00425	0.00472	0.00802
88	0.04703	0.00432	0.00618	0.00615	0.00628	0.00439	0.00414	0.00649	0.00623	0.00878	0.00812	0.01403	0.00805	0.01584	0.01773	0.82389	0.00407	0.00403	0.00209	0.00219
89	0.01744	0.01297	0.01388	0.01075	0.01444	0.01440	0.00885	0.73009	0.08202	0.02894	0.01193	0.01181	0.00851	0.00572	0.00472	0.00143	0.00508	0.00433	0.00472	0.00798
90	0.01202	0.01028	0.01083	0.00966	0.01237	0.01187	0.00753	0.06154	0.75939	0.02020	0.01881	0.01729	0.01409	0.00636	0.00479	0.00159	0.00380	0.00528	0.00479	0.00749
91	0.02115	0.00802	0.01094	0.00839	0.01204	0.00693	0.00693	0.02298	0.01350	0.80815	0.01860	0.01605	0.01167	0.00584	0.00474	0.00146	0.00401	0.00474	0.00584	0.00802
92	0.01804	0.01261	0.01373	0.01057	0.01430	0.01379	0.00872	0.69155	0.04571	0.10413	0.01227	0.01197	0.00857	0.00570	0.00472	0.00143	0.00503	0.00433	0.00483	0.00800
93	0.17556	0.00992	0.01051	0.00816	0.01181	0.03155	0.00663	0.17734	0.04479	0.16837	0.01098	0.01116	0.00800	0.00471	0.00395	0.00118	0.00412	0.00353	0.00386	0.30389
94	0.00667	0.00482	0.00630	0.00593	0.00704	0.00445	0.00445	0.00890	0.01335	0.01891	0.80239	0.03522	0.04449	0.00964	0.00556	0.00148	0.00222	0.00853	0.00519	0.00445
95	0.00686	0.00457	0.00514	0.00514	0.00514	0.00457	0.00286	0.00686	0.00686	0.00914	0.01486	0.03086	0.01714	0.83430	0.02400	0.00457	0.00457	0.00686	0.00286	0.00286
96	0.01116	0.00956	0.01017	0.00931	0.01175	0.01098	0.00717	0.02330	0.72166	0.01899	0.01984	0.09479	0.01599	0.00719	0.00491	0.00163	0.00364	0.00610	0.00476	0.00712
97	0.01025	0.01843	0.43587	0.04151	0.03831	0.01133	0.26845	0.01584	0.08455	0.01536	0.00983	0.01170	0.00720	0.00450	0.00488	0.00154	0.00693	0.00438	0.00240	0.00677
98	0.86760	0.00912	0.00693	0.00620	0.00912	0.01058	0.00511	0.01386	0.00802	0.02115	0.00657	0.00766	0.00511	0.00438	0.00292	0.00146	0.00365	0.00255	0.00292	0.00511
99	0.00733	0.00496	0.00651	0.00604	0.00727	0.00456	0.00456	0.00953	0.01335	0.05457	0.76697	0.03435	0.04301	0.00947	0.00552	0.00148	0.00231	0.00836	0.00522	0.00461
100	0.00733	0.00529	0.00725	0.00825	0.00932	0.00521	0.00709	0.00934	0.01073	0.01387	0.02676	0.10249	0.08630	0.01305	0.00641	0.00211	0.00409	0.66648	0.00435	0.00428
101	0.01757	0.01272	0.01375	0.01066	0.01433	0.01401	0.00881	0.71780	0.04417	0.05692	0.01219	0.01283	0.00886	0.00589	0.00477	0.00144	0.00508	0.02555	0.00475	0.00790
102	0.03098	0.01318	0.16547	0.03506	0.04065	0.04925	0.14620	0.04107	0.01107	0.21276	0.01108	0.01242	0.00802	0.00552	0.00667	0.00157	0.15614	0.00435	0.04197	0.00657
103	0.01875	0.01188	0.01333	0.01022	0.01396	0.01265	0.00844	0.59312	0.01995	0.22889	0.01318	0.01253	0.00895	0.00571	0.00472	0.00143	0.00489	0.00437	0.00500	0.00802
104	0.00560	0.00478	0.00482	0.00481	0.00639	0.00399	0.00361	0.00683	0.01082	0.01292	0.06981	0.04508	0.78081	0.01187	0.00557	0.00159	0.00238	0.00991	0.00440	0.00399
105	0.01624	0.17305	0.01514	0.01098	0.01375	0.59602	0.00865	0.04445	0.01278	0.01237	0.00758	0.00875	0.00635	0.00473	0.00399	0.00117	0.00743	0.00302	0.03046	0.02309
106	0.00819	0.00410	0.00614	0.00614	0.00614	0.00410	0.00410	0.00614	0.00614	0.00819	0.00819	0.01433	0.00819	0.01638	0.01843	0.86282	0.00410	0.00410	0.00205	0.00205
107	0.03744	0.42620	0.08221	0.00969	0.03784	0.06148	0.00882	0.08119	0.06859	0.09990	0.00965	0.01018	0.00759	0.00472	0.00388	0.00123	0.01564	0.00334	0.02389	0.00654
108	0.00649	0.00516	0.02590	0.00725	0.00797	0.00472	0.00556	0.00787	0.00981	0.01313	0.09107	0.49580	0.05236	0.03176	0.00668	0.00198	0.02309	0.19501	0.00429	0.00410
109	0.00574	0.00410	0.00547	0.00657	0.00684	0.00383	0.00438	0.00657	0.00903	0.01204	0.02599	0.83122	0.03119	0.01477	0.00602	0.00191	0.00274	0.01340	0.00438	0.00383
110	0.03697	0.02157	0.61416	0.01445	0.02077	0.02750	0.16877	0.01501	0.01019	0.01509	0.00859	0.01040	0.00618	0.00438	0.00464	0.00151	0.00709	0.00386	0.00211	0.00676
