[name]
unknown

[dist]
# distance from previous block
# <min> <max>
0	262

[block]
# block no. 0 follows, 58 sequences, length 23
# corresponding to MSA columns:
# 485-492,494-508
name=unknown_A
#
# <colnr> <probs for GDERKNQSTAVLIFYWHMCP>
#	G	D	E	R	K	N	Q	S	T	A	V	L	I	F	Y	W	H	M	C	P
0	0.00961	0.00851	0.01274	0.66834	0.02684	0.05179	0.01128	0.02971	0.00950	0.05880	0.00884	0.01252	0.00674	0.02390	0.04150	0.00178	0.00616	0.00404	0.00230	0.00510
1	0.00735	0.00838	0.13448	0.02460	0.08221	0.00636	0.03543	0.00973	0.02020	0.01357	0.18447	0.06875	0.11815	0.09122	0.12335	0.00256	0.00512	0.03543	0.02395	0.00470
2	0.01671	0.02132	0.01268	0.01152	0.01383	0.82483	0.00864	0.01786	0.01268	0.01095	0.00691	0.00807	0.00576	0.00461	0.00403	0.00115	0.00807	0.00288	0.00230	0.00519
3	0.02048	0.05662	0.46180	0.03514	0.06999	0.00969	0.02961	0.03726	0.00983	0.01429	0.04747	0.06902	0.02763	0.00590	0.02070	0.00150	0.02162	0.00440	0.00242	0.05465
4	0.00654	0.00454	0.00563	0.00576	0.00661	0.00425	0.00418	0.00783	0.00995	0.03584	0.25508	0.18410	0.16111	0.16172	0.02693	0.00222	0.00310	0.08878	0.02200	0.00384
5	0.21944	0.08342	0.01308	0.03565	0.15281	0.39967	0.00865	0.01547	0.01064	0.01374	0.00699	0.00844	0.00578	0.00432	0.00372	0.00123	0.00616	0.00296	0.00236	0.00548
6	0.00572	0.00460	0.00515	0.00534	0.00666	0.00404	0.00415	0.00708	0.01037	0.01285	0.11734	0.08707	0.56332	0.01143	0.00546	0.00161	0.00257	0.13714	0.00423	0.00387
7	0.01050	0.01244	0.05321	0.01865	0.02324	0.01128	0.77220	0.01432	0.01052	0.01432	0.00902	0.01198	0.00675	0.00379	0.00524	0.00151	0.00751	0.00521	0.00225	0.00605
8	0.00708	0.00506	0.00706	0.00809	0.00907	0.00504	0.00699	0.00905	0.01017	0.01324	0.02376	0.10784	0.02602	0.01248	0.00614	0.00204	0.00401	0.72866	0.00412	0.00408
9	0.00545	0.00412	0.00504	0.00570	0.00637	0.00371	0.00393	0.00641	0.00928	0.01199	0.07581	0.55962	0.26050	0.01295	0.00556	0.00170	0.00247	0.01149	0.00420	0.00371
10	0.01544	0.01226	0.01254	0.00965	0.01322	0.07174	0.00787	0.58543	0.01808	0.02421	0.00990	0.01025	0.00728	0.00490	0.00421	0.00119	0.00483	0.00367	0.00395	0.17936
11	0.01083	0.06693	0.18850	0.11893	0.33679	0.01089	0.04714	0.04376	0.05994	0.04189	0.00916	0.01106	0.00710	0.00430	0.00432	0.00135	0.00552	0.00385	0.00245	0.02529
12	0.07836	0.01400	0.07142	0.02779	0.04937	0.23476	0.01942	0.18346	0.01287	0.10758	0.00935	0.02184	0.00718	0.00505	0.00493	0.00131	0.06917	0.00361	0.00316	0.07537
13	0.00556	0.00408	0.00525	0.00610	0.00661	0.00377	0.00424	0.00651	0.00902	0.01182	0.04975	0.65385	0.14046	0.01339	0.00567	0.00178	0.00263	0.06163	0.00417	0.00370
14	0.00796	0.00663	0.00923	0.02686	0.00942	0.00838	0.00678	0.02794	0.00752	0.01120	0.01019	0.01573	0.00971	0.09784	0.38927	0.00452	0.28413	0.00458	0.05780	0.00429
15	0.02292	0.13647	0.21046	0.08713	0.12990	0.04766	0.18155	0.05027	0.03531	0.02934	0.00869	0.01055	0.00668	0.00423	0.00429	0.00134	0.00602	0.00385	0.01711	0.00623
16	0.01041	0.01147	0.02359	0.03473	0.05671	0.01133	0.63039	0.01420	0.04361	0.01408	0.00917	0.01214	0.00709	0.00487	0.02330	0.00166	0.07792	0.00506	0.00233	0.00596
17	0.00552	0.00425	0.00506	0.00554	0.00639	0.00379	0.00393	0.00661	0.00969	0.01243	0.11819	0.42062	0.34055	0.01239	0.00551	0.00166	0.00245	0.02745	0.00424	0.00376
18	0.00651	0.00434	0.00488	0.00488	0.00488	0.00434	0.00271	0.00651	0.00651	0.00867	0.01409	0.02927	0.01626	0.84279	0.02277	0.00434	0.00434	0.00651	0.00271	0.00271
19	0.20311	0.00960	0.01217	0.07469	0.31144	0.05182	0.00899	0.02656	0.02767	0.01549	0.01054	0.03895	0.05091	0.00479	0.00396	0.00127	0.00449	0.00398	0.00265	0.13692
20	0.04241	0.10202	0.11652	0.01476	0.18043	0.22948	0.10283	0.04236	0.05897	0.01397	0.00946	0.01136	0.02251	0.00463	0.00422	0.00130	0.00612	0.01796	0.01264	0.00604
21	0.09302	0.12870	0.04444	0.02471	0.08914	0.06272	0.05588	0.08046	0.11421	0.10797	0.01192	0.04587	0.02118	0.00573	0.02023	0.00142	0.00474	0.00421	0.04634	0.03711
22	0.03942	0.05179	0.02911	0.06325	0.06040	0.06991	0.05111	0.11050	0.09673	0.04071	0.01169	0.01347	0.04072	0.04176	0.03973	0.00161	0.03040	0.00408	0.03497	0.16865

[dist]
# distance from previous block
# <min> <max>
4	10

[block]
# block no. 1 follows, 58 sequences, length 18
# corresponding to MSA columns:
# 519-536
name=unknown_B
#
# <colnr> <probs for GDERKNQSTAVLIFYWHMCP>
#	G	D	E	R	K	N	Q	S	T	A	V	L	I	F	Y	W	H	M	C	P
0	0.03075	0.09616	0.25279	0.01208	0.08556	0.08558	0.06830	0.06035	0.04305	0.10420	0.04971	0.03338	0.02880	0.00578	0.02300	0.00148	0.00562	0.00426	0.00294	0.00623
1	0.00971	0.05221	0.16565	0.01187	0.09715	0.04307	0.10974	0.03002	0.06193	0.05642	0.05226	0.15091	0.07523	0.00733	0.01653	0.00154	0.00493	0.02560	0.00317	0.02473
2	0.00739	0.00543	0.02055	0.00576	0.00734	0.00473	0.00446	0.02877	0.03740	0.08311	0.23774	0.13145	0.38886	0.01014	0.00520	0.00150	0.00258	0.00867	0.00445	0.00446
3	0.01096	0.08404	0.15936	0.07284	0.24193	0.07779	0.05953	0.05304	0.02837	0.04047	0.03298	0.06287	0.03141	0.00529	0.00460	0.00138	0.01983	0.00456	0.00264	0.00614
4	0.02829	0.02510	0.06434	0.08309	0.17457	0.11042	0.07229	0.15655	0.04781	0.07728	0.02875	0.04045	0.02012	0.02950	0.00504	0.00147	0.00541	0.02013	0.00316	0.00623
5	0.00845	0.00509	0.00605	0.00579	0.00711	0.00499	0.00441	0.04981	0.01001	0.08651	0.05009	0.10631	0.18110	0.03151	0.13435	0.02414	0.00418	0.02593	0.24975	0.00440
6	0.00890	0.00852	0.01407	0.18877	0.29456	0.02432	0.09851	0.01117	0.00962	0.01289	0.01480	0.18230	0.08121	0.00683	0.00508	0.00151	0.02242	0.00635	0.00273	0.00545
7	0.01193	0.09213	0.13351	0.03236	0.28156	0.07903	0.08256	0.07602	0.02455	0.06220	0.00973	0.03966	0.00806	0.00489	0.00467	0.00137	0.02839	0.01831	0.00265	0.00644
8	0.01173	0.17246	0.29990	0.01094	0.01503	0.15619	0.03591	0.03592	0.09715	0.04060	0.00930	0.02985	0.00742	0.00493	0.00468	0.00134	0.05438	0.00363	0.00252	0.00612
9	0.00545	0.00389	0.00519	0.00623	0.00649	0.00363	0.00415	0.00623	0.00856	0.01142	0.02465	0.83987	0.02959	0.01401	0.00571	0.00182	0.00260	0.01272	0.00415	0.00363
10	0.04085	0.02924	0.05770	0.08999	0.26615	0.03911	0.10303	0.06174	0.03207	0.05634	0.01120	0.06582	0.02286	0.00564	0.00536	0.00147	0.06757	0.03500	0.00278	0.00608
11	0.01123	0.05005	0.04830	0.16056	0.35467	0.05027	0.04778	0.05805	0.04503	0.05460	0.03568	0.04504	0.00923	0.00490	0.00447	0.00138	0.00531	0.00444	0.00271	0.00632
12	0.00884	0.00834	0.01058	0.00944	0.00971	0.05390	0.00746	0.00974	0.00715	0.01026	0.00879	0.01526	0.00904	0.18991	0.16349	0.00337	0.46364	0.00457	0.00222	0.00428
13	0.58512	0.07338	0.04399	0.00822	0.03627	0.14528	0.02451	0.01403	0.00879	0.01730	0.00655	0.00771	0.00521	0.00419	0.00316	0.00132	0.00460	0.00265	0.00256	0.00514
14	0.00561	0.00441	0.00507	0.00546	0.00651	0.00391	0.00403	0.00675	0.00974	0.01217	0.06606	0.27128	0.45383	0.03444	0.00597	0.00173	0.00261	0.09252	0.00414	0.00376
15	0.03028	0.17137	0.04183	0.02919	0.12650	0.16740	0.02111	0.04005	0.01030	0.01303	0.02797	0.06622	0.04044	0.02943	0.02314	0.02230	0.00519	0.01847	0.03697	0.07880
16	0.02870	0.03689	0.02743	0.00858	0.05231	0.04732	0.02306	0.12576	0.10775	0.02975	0.17871	0.07632	0.14139	0.03933	0.03572	0.00174	0.00401	0.00637	0.02356	0.00529
17	0.02963	0.12349	0.20888	0.01362	0.16689	0.09515	0.04878	0.07941	0.04090	0.04072	0.02362	0.02895	0.05339	0.00520	0.00428	0.00134	0.00546	0.02135	0.00273	0.00620

[dist]
# distance from previous block
# <min> <max>
0	1

[block]
# block no. 2 follows, 58 sequences, length 16
# corresponding to MSA columns:
# 538,539,541-544,550-559
name=unknown_C
#
# <colnr> <probs for GDERKNQSTAVLIFYWHMCP>
#	G	D	E	R	K	N	Q	S	T	A	V	L	I	F	Y	W	H	M	C	P
0	0.07404	0.02404	0.02654	0.06273	0.05460	0.03538	0.06319	0.13618	0.17449	0.09753	0.05336	0.08999	0.02276	0.00646	0.01469	0.00149	0.00443	0.00520	0.01578	0.03713
1	0.02871	0.11289	0.20293	0.01111	0.06652	0.07634	0.02361	0.10582	0.12037	0.03754	0.07739	0.01328	0.01075	0.00582	0.01991	0.00146	0.03906	0.01611	0.00305	0.02732
2	0.00949	0.00848	0.05722	0.12659	0.07927	0.00784	0.08773	0.04166	0.04234	0.07095	0.07523	0.08732	0.05609	0.05500	0.04154	0.00181	0.02568	0.00556	0.02497	0.09526
3	0.00684	0.00602	0.03929	0.02832	0.00927	0.00531	0.06047	0.03723	0.01031	0.01378	0.17571	0.30745	0.13174	0.05076	0.00628	0.00178	0.00339	0.09784	0.00396	0.00424
4	0.01038	0.01328	0.22976	0.00982	0.03695	0.05051	0.03540	0.06738	0.01044	0.02791	0.00831	0.00960	0.00648	0.00385	0.00380	0.00100	0.00477	0.00309	0.00257	0.46472
5	0.01178	0.63805	0.11865	0.00830	0.01228	0.05046	0.00853	0.01366	0.00948	0.04116	0.00878	0.00952	0.04478	0.00434	0.00327	0.00106	0.00499	0.00294	0.00217	0.00580
6	0.00687	0.00492	0.00606	0.00567	0.00697	0.00455	0.00429	0.00928	0.05040	0.04665	0.59473	0.03381	0.19033	0.00929	0.00521	0.00143	0.00227	0.00807	0.00478	0.00440
7	0.01316	0.30583	0.11382	0.01196	0.09826	0.23227	0.04395	0.04530	0.01091	0.05233	0.00818	0.02997	0.00687	0.00451	0.00383	0.00119	0.00596	0.00336	0.00240	0.00596
8	0.00572	0.00418	0.00515	0.00574	0.00628	0.00387	0.00392	0.00658	0.00888	0.01159	0.07417	0.47324	0.18071	0.14405	0.00832	0.00214	0.00284	0.04508	0.00397	0.00357
9	0.01112	0.12554	0.05592	0.06112	0.35165	0.04427	0.04971	0.06274	0.08716	0.01480	0.02645	0.02953	0.02412	0.00495	0.00452	0.00135	0.01977	0.01623	0.00267	0.00639
10	0.00545	0.00403	0.00510	0.00591	0.00642	0.00368	0.00402	0.00634	0.00899	0.01177	0.05631	0.67289	0.16597	0.01337	0.00562	0.00175	0.00252	0.01198	0.00418	0.00368
11	0.00928	0.00795	0.00928	0.00663	0.01060	0.00596	0.00530	0.01126	0.00928	0.01458	0.00795	0.00928	0.00663	0.00331	0.00331	0.00066	0.00331	0.00265	0.00265	0.87014
12	0.01072	0.02122	0.03993	0.03369	0.21658	0.00819	0.02751	0.05207	0.03061	0.06291	0.01906	0.01145	0.02462	0.00410	0.00392	0.00103	0.00420	0.00355	0.00284	0.42177
13	0.00554	0.00399	0.00520	0.00613	0.00648	0.00372	0.00415	0.00635	0.00863	0.01141	0.02544	0.72948	0.07726	0.04938	0.00643	0.00191	0.00270	0.03805	0.00409	0.00362
14	0.00978	0.03498	0.33718	0.08707	0.19794	0.01019	0.04381	0.04190	0.00985	0.03221	0.00995	0.09343	0.00866	0.00545	0.00513	0.00147	0.05780	0.00461	0.00240	0.00618
15	0.82143	0.00943	0.00695	0.00623	0.00897	0.06034	0.00508	0.01344	0.00793	0.01951	0.00627	0.00732	0.00490	0.00418	0.00285	0.00137	0.00374	0.00245	0.00274	0.00487

[dist]
# distance from previous block
# <min> <max>
0	1

[block]
# block no. 3 follows, 58 sequences, length 24
# corresponding to MSA columns:
# 561-584
name=unknown_D
#
# <colnr> <probs for GDERKNQSTAVLIFYWHMCP>
#	G	D	E	R	K	N	Q	S	T	A	V	L	I	F	Y	W	H	M	C	P
0	0.03462	0.21508	0.01492	0.01019	0.01297	0.49287	0.00818	0.06744	0.08034	0.01283	0.00795	0.00875	0.00653	0.00459	0.00380	0.00115	0.00659	0.00301	0.00255	0.00563
1	0.00546	0.00443	0.00485	0.00498	0.00621	0.00382	0.00365	0.00668	0.01027	0.01281	0.15132	0.17931	0.56765	0.01148	0.00536	0.00155	0.00230	0.00981	0.00426	0.00382
2	0.00890	0.01911	0.61968	0.01185	0.01728	0.00951	0.05313	0.01337	0.00999	0.03102	0.13035	0.01334	0.01138	0.00509	0.00473	0.00143	0.02703	0.00417	0.00244	0.00620
3	0.01005	0.16991	0.58401	0.01211	0.03296	0.03267	0.02993	0.03869	0.00981	0.01382	0.00775	0.00913	0.00580	0.00427	0.00422	0.00134	0.02192	0.00322	0.00200	0.00641
4	0.00979	0.00979	0.01370	0.01174	0.01174	0.01370	0.00979	0.01077	0.00685	0.01077	0.00587	0.00979	0.00587	0.00783	0.01468	0.00196	0.83461	0.00391	0.00196	0.00489
5	0.00651	0.00434	0.00488	0.00488	0.00488	0.00434	0.00271	0.00651	0.00651	0.00867	0.01409	0.02927	0.01626	0.84279	0.02277	0.00434	0.00434	0.00651	0.00271	0.00271
6	0.00771	0.02753	0.04518	0.03413	0.05128	0.00758	0.05784	0.00924	0.00778	0.01102	0.01143	0.08202	0.01119	0.03874	0.37488	0.07244	0.11717	0.02604	0.00243	0.00437
7	0.01361	0.01556	0.03302	0.01314	0.10623	0.42020	0.10626	0.03567	0.03518	0.04955	0.02487	0.02561	0.09065	0.00543	0.00446	0.00130	0.00647	0.00438	0.00281	0.00559
8	0.00530	0.00449	0.00457	0.00464	0.00607	0.00377	0.00345	0.00641	0.01009	0.01204	0.04401	0.09355	0.76342	0.01150	0.00531	0.00153	0.00229	0.00965	0.00415	0.00377
9	0.56724	0.00852	0.00809	0.00674	0.00977	0.00915	0.00556	0.05498	0.00989	0.26750	0.00999	0.00990	0.00691	0.00464	0.00339	0.00138	0.00364	0.00314	0.00371	0.00584
10	0.01103	0.04655	0.31883	0.09356	0.19476	0.10117	0.03631	0.03544	0.02749	0.04792	0.00925	0.02899	0.00734	0.00469	0.00435	0.00138	0.00603	0.01618	0.00239	0.00633
11	0.01151	0.07810	0.30650	0.04183	0.09410	0.02751	0.09433	0.03155	0.01050	0.14587	0.03949	0.03081	0.00929	0.00513	0.00477	0.00142	0.03159	0.02651	0.00285	0.00635
12	0.01011	0.01127	0.02411	0.01745	0.02147	0.01069	0.70553	0.01352	0.01017	0.01384	0.00978	0.04014	0.00802	0.04052	0.02381	0.00177	0.02420	0.00554	0.00234	0.00575
13	0.01179	0.00769	0.00877	0.00730	0.00954	0.00790	0.00581	0.29537	0.01498	0.10590	0.25630	0.04168	0.08398	0.00719	0.00464	0.00135	0.00333	0.00596	0.11477	0.00575
14	0.03847	0.06417	0.10043	0.08872	0.25611	0.02335	0.13583	0.06757	0.01107	0.14397	0.01008	0.02317	0.00761	0.00451	0.00443	0.00137	0.00551	0.00416	0.00288	0.00657
15	0.00966	0.00831	0.02699	0.00773	0.04491	0.00635	0.00595	0.02843	0.00974	0.03782	0.02881	0.02837	0.00817	0.00385	0.00354	0.00079	0.00347	0.00316	0.00283	0.73115
16	0.00639	0.00479	0.00719	0.00719	0.00799	0.00559	0.00559	0.00799	0.00719	0.01038	0.01198	0.01757	0.01118	0.03355	0.82507	0.00719	0.01198	0.00479	0.00240	0.00399
17	0.00885	0.00917	0.07288	0.31492	0.19079	0.00891	0.06089	0.03395	0.01902	0.01316	0.02367	0.12621	0.02603	0.03304	0.00535	0.00161	0.00521	0.03834	0.00263	0.00539
18	0.02261	0.14334	0.13662	0.02590	0.22845	0.09579	0.02085	0.04702	0.04649	0.03039	0.03649	0.05834	0.07803	0.00558	0.00428	0.00133	0.00510	0.00463	0.00275	0.00601
19	0.00591	0.00417	0.00528	0.00598	0.00661	0.00379	0.00414	0.00685	0.00915	0.03574	0.05014	0.62547	0.17903	0.01308	0.00559	0.00174	0.00258	0.02673	0.00421	0.00380
20	0.00570	0.00441	0.00522	0.00562	0.00655	0.00400	0.00403	0.00713	0.02978	0.01280	0.13895	0.38039	0.33288	0.01207	0.00547	0.00164	0.00247	0.03275	0.00427	0.00387
21	0.01083	0.11624	0.18070	0.01220	0.12219	0.16140	0.02706	0.06555	0.01071	0.01341	0.01216	0.16092	0.02646	0.01857	0.00487	0.01159	0.00544	0.03140	0.00273	0.00557
22	0.01210	0.14520	0.09610	0.02871	0.10204	0.14457	0.11439	0.08918	0.02716	0.03255	0.00991	0.01187	0.03428	0.00485	0.00472	0.00129	0.04718	0.02089	0.00262	0.07038
23	0.00565	0.00414	0.00518	0.00592	0.00644	0.00384	0.00408	0.00651	0.00878	0.01141	0.02735	0.55548	0.17291	0.09647	0.00737	0.00203	0.00282	0.06601	0.00401	0.00360

[dist]
# distance from previous block
# <min> <max>
2	4

[block]
# block no. 4 follows, 58 sequences, length 21
# corresponding to MSA columns:
# 589-591,595-612
name=unknown_E
#
# <colnr> <probs for GDERKNQSTAVLIFYWHMCP>
#	G	D	E	R	K	N	Q	S	T	A	V	L	I	F	Y	W	H	M	C	P
0	0.11963	0.14231	0.16169	0.01315	0.16852	0.06680	0.05653	0.03375	0.08373	0.01498	0.03794	0.01124	0.00834	0.01966	0.01711	0.00144	0.00529	0.00369	0.00258	0.03165
1	0.00600	0.00452	0.00543	0.02135	0.00708	0.00414	0.00421	0.00741	0.02968	0.02926	0.09870	0.39911	0.32826	0.01199	0.00544	0.00165	0.00257	0.02505	0.00422	0.00394
2	0.00928	0.00795	0.00928	0.00663	0.01060	0.00596	0.00530	0.01126	0.00928	0.01458	0.00795	0.00928	0.00663	0.00331	0.00331	0.00066	0.00331	0.00265	0.00265	0.87014
3	0.01092	0.04769	0.22082	0.03605	0.20456	0.02828	0.05840	0.05656	0.06006	0.05143	0.02306	0.01109	0.00773	0.00430	0.00419	0.00124	0.00522	0.00372	0.00266	0.16201
4	0.00834	0.00645	0.00932	0.08598	0.10583	0.00648	0.02600	0.02651	0.04061	0.04989	0.07089	0.11766	0.11481	0.00947	0.00537	0.00169	0.00397	0.28843	0.00378	0.01852
5	0.00928	0.00795	0.00928	0.00663	0.01060	0.00596	0.00530	0.01126	0.00928	0.01458	0.00795	0.00928	0.00663	0.00331	0.00331	0.00066	0.00331	0.00265	0.00265	0.87014
6	0.03207	0.04326	0.12484	0.02038	0.45520	0.07008	0.05774	0.08286	0.03182	0.02676	0.00875	0.01064	0.00695	0.00425	0.00434	0.00133	0.00565	0.00383	0.00249	0.00678
7	0.01083	0.02656	0.14523	0.08376	0.26905	0.05795	0.09628	0.07165	0.08018	0.01516	0.03598	0.01307	0.02950	0.02040	0.00508	0.00145	0.02454	0.00434	0.00266	0.00632
8	0.00769	0.00392	0.00576	0.00576	0.00576	0.00392	0.00381	0.00587	0.00587	0.00783	0.00819	0.01465	0.00834	0.07100	0.01784	0.81182	0.00392	0.00406	0.00199	0.00199
9	0.00933	0.00783	0.06499	0.02729	0.02260	0.02335	0.00637	0.15372	0.01226	0.06553	0.16813	0.26664	0.10431	0.00925	0.00505	0.00153	0.00350	0.02087	0.02238	0.00507
10	0.00702	0.02053	0.02711	0.07346	0.05555	0.00560	0.00572	0.00845	0.02480	0.01138	0.01790	0.24588	0.03788	0.27421	0.02808	0.00264	0.00410	0.11087	0.03489	0.00392
11	0.01097	0.01174	0.07754	0.08006	0.21745	0.03476	0.32547	0.01441	0.03944	0.06212	0.00992	0.04042	0.00794	0.00466	0.00525	0.00147	0.04282	0.00479	0.00254	0.00623
12	0.01178	0.03067	0.33361	0.01176	0.08394	0.02344	0.02586	0.08785	0.02837	0.12788	0.00983	0.01062	0.00712	0.00435	0.00412	0.00123	0.00521	0.00351	0.00290	0.18597
13	0.87439	0.00865	0.00657	0.00588	0.00865	0.01003	0.00484	0.01315	0.00761	0.02007	0.00623	0.00727	0.00484	0.00415	0.00277	0.00138	0.00346	0.00242	0.00277	0.00484
14	0.00777	0.00389	0.00583	0.00583	0.00583	0.00389	0.00389	0.00583	0.00583	0.00777	0.00777	0.01360	0.00777	0.01554	0.01748	0.86985	0.00389	0.00389	0.00194	0.00194
15	0.01080	0.00913	0.00969	0.00883	0.01121	0.01050	0.00690	0.02242	0.72953	0.01835	0.01832	0.01840	0.01417	0.00635	0.00457	0.00152	0.00350	0.04447	0.04455	0.00680
16	0.00983	0.00806	0.01302	0.40857	0.23867	0.00887	0.01082	0.01242	0.00985	0.07896	0.04241	0.01499	0.05740	0.00507	0.00445	0.00141	0.00498	0.00452	0.06007	0.00561
17	0.00639	0.00479	0.00719	0.00719	0.00799	0.00559	0.00559	0.00799	0.00719	0.01038	0.01198	0.01757	0.01118	0.03355	0.82507	0.00719	0.01198	0.00479	0.00240	0.00399
18	0.02469	0.18362	0.04165	0.00922	0.03180	0.06289	0.03047	0.12251	0.20077	0.06465	0.12384	0.01498	0.01364	0.00646	0.03027	0.00149	0.00459	0.00447	0.02187	0.00615
19	0.04465	0.02690	0.08395	0.03519	0.05273	0.10770	0.00772	0.06233	0.05963	0.09451	0.04035	0.03173	0.02803	0.00484	0.00399	0.00112	0.00448	0.00384	0.00315	0.30316
20	0.24268	0.24435	0.10159	0.00866	0.03440	0.10676	0.00773	0.03327	0.05997	0.01503	0.04761	0.03138	0.04018	0.00503	0.00360	0.00126	0.00467	0.00361	0.00271	0.00550

[dist]
# distance from previous block
# <min> <max>
1	4

[block]
# block no. 5 follows, 58 sequences, length 21
# corresponding to MSA columns:
# 622-631,642-652
name=unknown_F
#
# <colnr> <probs for GDERKNQSTAVLIFYWHMCP>
#	G	D	E	R	K	N	Q	S	T	A	V	L	I	F	Y	W	H	M	C	P
0	0.00912	0.02841	0.38325	0.05998	0.05909	0.00926	0.12012	0.01328	0.04640	0.03115	0.05353	0.04084	0.04651	0.02186	0.01562	0.00156	0.00565	0.00470	0.04376	0.00591
1	0.01318	0.01048	0.01391	0.07098	0.08300	0.02883	0.11061	0.29775	0.05300	0.07012	0.01065	0.01186	0.00797	0.01517	0.00455	0.00130	0.00490	0.00406	0.04873	0.13895
2	0.00629	0.00455	0.00576	0.00546	0.00656	0.00417	0.00409	0.00830	0.01228	0.01727	0.70210	0.03383	0.12303	0.00923	0.00520	0.00140	0.00213	0.00809	0.03607	0.00417
3	0.01183	0.26420	0.06823	0.00918	0.02928	0.09162	0.02671	0.09677	0.02304	0.02758	0.00826	0.02672	0.00697	0.00438	0.00402	0.00105	0.03572	0.00320	0.00260	0.25865
4	0.00740	0.00549	0.00786	0.00732	0.00804	0.00624	0.03142	0.00860	0.00750	0.03212	0.03822	0.01969	0.01265	0.22015	0.41761	0.02108	0.09758	0.00518	0.04193	0.00393
5	0.00928	0.00795	0.00928	0.00663	0.01060	0.00596	0.00530	0.01126	0.00928	0.01458	0.00795	0.00928	0.00663	0.00331	0.00331	0.00066	0.00331	0.00265	0.00265	0.87014
6	0.00894	0.11393	0.10058	0.00833	0.01078	0.00822	0.04393	0.09270	0.05135	0.02445	0.01698	0.34836	0.04138	0.00886	0.00498	0.01588	0.00395	0.02383	0.00345	0.06912
7	0.00942	0.14697	0.69973	0.01198	0.01817	0.01149	0.01519	0.01405	0.00939	0.01362	0.00776	0.00910	0.00568	0.00419	0.00404	0.00135	0.00634	0.00317	0.00189	0.00648
8	0.01180	0.48814	0.14315	0.02737	0.08799	0.10207	0.02645	0.01439	0.03949	0.01191	0.00732	0.00853	0.00618	0.00409	0.00350	0.00113	0.00550	0.00292	0.00209	0.00598
9	0.29150	0.00815	0.02820	0.00723	0.01036	0.00772	0.00608	0.03180	0.01111	0.46709	0.05471	0.01345	0.01051	0.00524	0.00394	0.00138	0.00365	0.00398	0.02745	0.00644
10	0.00568	0.00414	0.00526	0.00597	0.00649	0.00384	0.00413	0.00664	0.00908	0.01196	0.09043	0.55829	0.13760	0.07329	0.00688	0.00194	0.00273	0.05788	0.00411	0.00366
11	0.00583	0.00453	0.00527	0.00513	0.00634	0.00400	0.00381	0.00740	0.01125	0.01482	0.41687	0.06371	0.39294	0.03131	0.00574	0.00154	0.00225	0.00882	0.00449	0.00396
12	0.00638	0.00432	0.00496	0.00503	0.00514	0.00429	0.00293	0.00656	0.00694	0.00924	0.03490	0.08994	0.04346	0.71868	0.03610	0.00404	0.00424	0.00707	0.00291	0.00287
13	0.01196	0.84548	0.02344	0.00765	0.01148	0.01770	0.00765	0.01339	0.00909	0.01052	0.00622	0.00718	0.00574	0.00383	0.00287	0.00096	0.00478	0.00239	0.00191	0.00574
14	0.00641	0.00480	0.00597	0.00564	0.00682	0.00448	0.00424	0.00886	0.04860	0.01717	0.67110	0.03397	0.14655	0.00930	0.00524	0.00143	0.00220	0.00814	0.00480	0.00429
15	0.00897	0.02314	0.81962	0.01275	0.01936	0.01039	0.01653	0.01417	0.00944	0.01417	0.00803	0.00944	0.00567	0.00425	0.00425	0.00142	0.00661	0.00331	0.00189	0.00661
16	0.00690	0.00602	0.03603	0.00616	0.00747	0.04193	0.00487	0.00908	0.01255	0.01748	0.74631	0.03138	0.03921	0.00876	0.00518	0.00140	0.00255	0.00768	0.00469	0.00435
17	0.00858	0.00444	0.00465	0.00461	0.00570	0.00442	0.00344	0.02958	0.00968	0.03714	0.01553	0.09451	0.01308	0.00606	0.00344	0.00113	0.00225	0.00498	0.74249	0.00429
18	0.00743	0.00567	0.00759	0.03099	0.03494	0.02581	0.03146	0.00950	0.01089	0.01500	0.26770	0.06685	0.05594	0.00962	0.00532	0.00163	0.00344	0.30505	0.10081	0.00433
19	0.01244	0.01076	0.01494	0.11120	0.28271	0.05182	0.05745	0.19033	0.04718	0.05467	0.01022	0.03384	0.00823	0.00499	0.00481	0.00137	0.03196	0.01390	0.00305	0.05413
20	0.01243	0.02776	0.35522	0.01031	0.01468	0.03501	0.04289	0.02660	0.01106	0.25718	0.11365	0.01468	0.01225	0.02160	0.00507	0.00146	0.02385	0.00441	0.00346	0.00642

[dist]
# distance from previous block
# <min> <max>
0	1

[block]
# block no. 6 follows, 58 sequences, length 27
# corresponding to MSA columns:
# 654-680
name=unknown_G
#
# <colnr> <probs for GDERKNQSTAVLIFYWHMCP>
#	G	D	E	R	K	N	Q	S	T	A	V	L	I	F	Y	W	H	M	C	P
0	0.81012	0.00929	0.00706	0.00626	0.00904	0.04247	0.00512	0.04112	0.00829	0.02000	0.00642	0.00742	0.00498	0.00421	0.00288	0.00137	0.00369	0.00250	0.00281	0.00496
1	0.01274	0.02376	0.07921	0.01271	0.13853	0.04314	0.09369	0.08859	0.01137	0.17288	0.01081	0.04404	0.00843	0.00485	0.00472	0.00125	0.04038	0.00415	0.00322	0.20152
2	0.06068	0.00664	0.00895	0.06049	0.01109	0.00646	0.03112	0.05336	0.02132	0.29988	0.01834	0.26882	0.01718	0.02394	0.00526	0.00164	0.00374	0.07720	0.01836	0.00556
3	0.00928	0.00795	0.00928	0.00663	0.01060	0.00596	0.00530	0.01126	0.00928	0.01458	0.00795	0.00928	0.00663	0.00331	0.00331	0.00066	0.00331	0.00265	0.00265	0.87014
4	0.01010	0.00859	0.00920	0.00834	0.01060	0.00971	0.00646	0.02056	0.64625	0.01822	0.13479	0.02062	0.06349	0.00682	0.00470	0.00150	0.00326	0.00575	0.00458	0.00648
5	0.00561	0.00413	0.00530	0.00617	0.00671	0.00382	0.00436	0.00659	0.00902	0.01174	0.02793	0.62469	0.15715	0.01340	0.00569	0.00179	0.00271	0.09534	0.00415	0.00371
6	0.02007	0.00761	0.01038	0.00796	0.01142	0.00657	0.00657	0.02180	0.01280	0.81799	0.01765	0.01523	0.01107	0.00554	0.00450	0.00138	0.00381	0.00450	0.00554	0.00761
7	0.01057	0.00853	0.00893	0.00812	0.01036	0.00974	0.00630	0.02112	0.64842	0.01831	0.01749	0.01669	0.01322	0.00590	0.00427	0.00142	0.00325	0.00488	0.17597	0.00650
8	0.01956	0.00748	0.01020	0.00790	0.01125	0.00647	0.00649	0.02126	0.01266	0.78996	0.01789	0.04388	0.01172	0.00583	0.00454	0.00140	0.00376	0.00478	0.00549	0.00747
9	0.00673	0.00461	0.00606	0.00577	0.00683	0.00425	0.00430	0.00870	0.01228	0.04538	0.71001	0.10917	0.03992	0.00948	0.00529	0.00144	0.00222	0.00840	0.00487	0.00428
10	0.15724	0.01153	0.01188	0.00942	0.01273	0.01290	0.00772	0.57324	0.11738	0.02567	0.01093	0.01091	0.00791	0.00526	0.00420	0.00137	0.00451	0.00389	0.00420	0.00709
11	0.03381	0.03902	0.06751	0.05357	0.04398	0.14132	0.01670	0.13698	0.11323	0.05277	0.02590	0.01125	0.00836	0.00463	0.00402	0.00117	0.00488	0.00360	0.01686	0.22044
12	0.01176	0.07124	0.08163	0.01738	0.34663	0.11833	0.02283	0.06084	0.12119	0.01503	0.03747	0.01206	0.00895	0.01793	0.00499	0.00139	0.03712	0.00402	0.00273	0.00646
13	0.01655	0.00799	0.01073	0.10666	0.01350	0.02379	0.00743	0.05416	0.01186	0.53974	0.01474	0.01434	0.00989	0.00739	0.05993	0.00180	0.05733	0.00435	0.03108	0.00673
14	0.00777	0.00389	0.00583	0.00583	0.00583	0.00389	0.00389	0.00583	0.00583	0.00777	0.00777	0.01360	0.00777	0.01554	0.01748	0.86985	0.00389	0.00389	0.00194	0.00194
15	0.00639	0.00479	0.00719	0.00719	0.00799	0.00559	0.00559	0.00799	0.00719	0.01038	0.01198	0.01757	0.01118	0.03355	0.82507	0.00719	0.01198	0.00479	0.00240	0.00399
16	0.32489	0.01027	0.01021	0.00824	0.01133	0.01139	0.00676	0.41725	0.01490	0.07304	0.01019	0.04278	0.00780	0.00528	0.00388	0.00137	0.00416	0.00383	0.02605	0.00637
17	0.00777	0.00389	0.00583	0.00583	0.00583	0.00389	0.00389	0.00583	0.00583	0.00777	0.00777	0.01360	0.00777	0.01554	0.01748	0.86985	0.00389	0.00389	0.00194	0.00194
18	0.00681	0.00500	0.00611	0.00575	0.00698	0.00480	0.00434	0.00979	0.08417	0.01742	0.62132	0.03160	0.10343	0.00879	0.00507	0.00140	0.00225	0.00767	0.06287	0.00444
19	0.04926	0.01260	0.01315	0.01016	0.01367	0.03347	0.00837	0.75133	0.02032	0.02747	0.01048	0.01054	0.00746	0.00531	0.00440	0.00134	0.00494	0.00394	0.00436	0.00744
20	0.01144	0.09702	0.05700	0.04028	0.26944	0.08048	0.03149	0.07023	0.06644	0.01500	0.00878	0.01032	0.00710	0.00413	0.00399	0.00114	0.00501	0.00348	0.00260	0.21463
21	0.01308	0.13158	0.03887	0.10877	0.09000	0.08156	0.07648	0.18289	0.04223	0.08760	0.01027	0.01180	0.01866	0.00490	0.00460	0.00132	0.03338	0.01542	0.00308	0.04350
22	0.00555	0.00397	0.00528	0.00616	0.00651	0.00370	0.00416	0.00648	0.00903	0.01216	0.11462	0.74779	0.03103	0.01346	0.00566	0.00177	0.00254	0.01219	0.00424	0.00370
23	0.01007	0.00708	0.04918	0.02001	0.00931	0.00625	0.00573	0.05460	0.09917	0.17156	0.18552	0.07477	0.19313	0.04991	0.00578	0.00160	0.00324	0.01679	0.03098	0.00530
24	0.04403	0.15043	0.15880	0.02429	0.08150	0.18115	0.05801	0.12395	0.03799	0.07127	0.02250	0.01027	0.00738	0.00459	0.00408	0.00128	0.00584	0.00354	0.00281	0.00627
25	0.37276	0.07564	0.06936	0.02260	0.02519	0.06247	0.03661	0.03094	0.03514	0.01663	0.04081	0.01113	0.03300	0.00489	0.00413	0.00133	0.05183	0.00344	0.05173	0.05037
26	0.04196	0.05385	0.04995	0.06493	0.05297	0.03746	0.03144	0.24088	0.07413	0.03762	0.06584	0.08238	0.11921	0.00673	0.00457	0.00140	0.00434	0.00557	0.00370	0.02106

[dist]
# distance from previous block
# <min> <max>
2	19

[block]
# block no. 7 follows, 58 sequences, length 14
# corresponding to MSA columns:
# 700-713
name=unknown_H
#
# <colnr> <probs for GDERKNQSTAVLIFYWHMCP>
#	G	D	E	R	K	N	Q	S	T	A	V	L	I	F	Y	W	H	M	C	P
0	0.10787	0.02858	0.01139	0.04722	0.09588	0.11731	0.02696	0.11687	0.12316	0.03287	0.01192	0.02677	0.03062	0.08104	0.02703	0.00178	0.03056	0.02572	0.00316	0.05329
1	0.01045	0.06300	0.04746	0.11785	0.11908	0.06349	0.16282	0.02660	0.05318	0.01328	0.00881	0.03195	0.00743	0.00561	0.02234	0.00153	0.14618	0.00419	0.00239	0.09236
2	0.04368	0.02831	0.04881	0.09373	0.09249	0.04632	0.11753	0.05355	0.04089	0.02347	0.01350	0.10902	0.06463	0.05876	0.05844	0.00205	0.09118	0.00559	0.00282	0.00524
3	0.00679	0.00505	0.00683	0.00673	0.00749	0.00555	0.00503	0.03707	0.00833	0.01160	0.08055	0.08310	0.05105	0.16749	0.45017	0.00509	0.02998	0.02520	0.00297	0.00391
4	0.01152	0.01104	0.03656	0.02961	0.06142	0.08106	0.05172	0.10631	0.32924	0.01687	0.01358	0.03341	0.02200	0.00596	0.00556	0.00147	0.09106	0.02302	0.02174	0.04688
5	0.00896	0.07282	0.03595	0.00736	0.00962	0.01772	0.00600	0.04530	0.14212	0.03582	0.03025	0.19091	0.07899	0.01002	0.07569	0.00186	0.00421	0.03720	0.02551	0.16367
6	0.01273	0.33300	0.15939	0.02335	0.05860	0.10261	0.03884	0.11399	0.02418	0.05244	0.00819	0.00921	0.00648	0.00439	0.00399	0.00120	0.02193	0.00321	0.00253	0.01975
7	0.01103	0.24340	0.20011	0.03857	0.06516	0.02560	0.02003	0.10497	0.01102	0.04819	0.02232	0.03728	0.01037	0.00655	0.02610	0.00153	0.00535	0.11366	0.00282	0.00594
8	0.00564	0.00401	0.00533	0.00631	0.00662	0.00378	0.00431	0.00647	0.00859	0.01143	0.02405	0.73927	0.02862	0.05567	0.00660	0.00196	0.00280	0.07083	0.00408	0.00362
9	0.00534	0.00453	0.00460	0.00458	0.00607	0.00380	0.00344	0.00651	0.01031	0.01236	0.08139	0.04260	0.77683	0.01123	0.00529	0.00151	0.00226	0.00938	0.00419	0.00380
10	0.00993	0.00862	0.00960	0.00706	0.01089	0.02981	0.00564	0.04712	0.05381	0.01531	0.00861	0.00971	0.00703	0.00359	0.00345	0.00075	0.00353	0.00285	0.00283	0.75984
11	0.00585	0.00425	0.00555	0.00643	0.00698	0.00400	0.00468	0.00692	0.00904	0.01181	0.02623	0.55455	0.11096	0.04414	0.00640	0.00193	0.00296	0.17951	0.00409	0.00372
12	0.17499	0.02036	0.66365	0.01143	0.01731	0.01032	0.01429	0.01397	0.00909	0.01530	0.00768	0.00903	0.00551	0.00423	0.00397	0.00141	0.00601	0.00314	0.00206	0.00627
13	0.01492	0.03339	0.01271	0.04615	0.04353	0.01232	0.00826	0.49809	0.15695	0.06761	0.01256	0.03490	0.00940	0.00560	0.00445	0.00138	0.00455	0.00443	0.02162	0.00715

[dist]
# distance from previous block
# <min> <max>
0	15

[block]
# block no. 8 follows, 58 sequences, length 54
# corresponding to MSA columns:
# 732-785
name=unknown_I
#
# <colnr> <probs for GDERKNQSTAVLIFYWHMCP>
#	G	D	E	R	K	N	Q	S	T	A	V	L	I	F	Y	W	H	M	C	P
0	0.10548	0.01081	0.04383	0.14441	0.30977	0.08074	0.01052	0.03717	0.11121	0.01519	0.02059	0.02499	0.02231	0.00514	0.00435	0.00141	0.00509	0.03815	0.00277	0.00607
1	0.00961	0.00896	0.04425	0.00765	0.03475	0.02697	0.00614	0.01173	0.00941	0.02613	0.00815	0.00953	0.00672	0.00394	0.01701	0.00085	0.00378	0.00279	0.00263	0.75900
2	0.04468	0.00961	0.01571	0.23706	0.49887	0.01015	0.01239	0.02906	0.01013	0.06367	0.00906	0.01200	0.00725	0.00437	0.00441	0.00139	0.00529	0.01599	0.00245	0.00644
3	0.00550	0.00444	0.00489	0.00499	0.00623	0.00383	0.00366	0.00675	0.01038	0.01302	0.17886	0.16587	0.55320	0.01136	0.00535	0.00154	0.00229	0.00971	0.00429	0.00383
4	0.03233	0.00486	0.00571	0.00539	0.00676	0.00443	0.00408	0.00875	0.02206	0.05173	0.45776	0.04461	0.29001	0.00945	0.00510	0.00143	0.00230	0.00810	0.03085	0.00427
5	0.00603	0.00456	0.00556	0.00531	0.00650	0.00409	0.00398	0.00786	0.01195	0.01624	0.59011	0.03621	0.26568	0.00978	0.00528	0.00144	0.00216	0.00848	0.00470	0.00409
6	0.87439	0.00865	0.00657	0.00588	0.00865	0.01003	0.00484	0.01315	0.00761	0.02007	0.00623	0.00727	0.00484	0.00415	0.00277	0.00138	0.00346	0.00242	0.00277	0.00484
7	0.00979	0.00979	0.01370	0.01174	0.01174	0.01370	0.00979	0.01077	0.00685	0.01077	0.00587	0.00979	0.00587	0.00783	0.01468	0.00196	0.83461	0.00391	0.00196	0.00489
8	0.01651	0.02071	0.01273	0.01149	0.01377	0.77625	0.00867	0.04072	0.01275	0.01145	0.00700	0.00820	0.00582	0.00473	0.00437	0.00118	0.03310	0.00295	0.00236	0.00525
9	0.00633	0.00457	0.00598	0.00563	0.00668	0.00422	0.00422	0.00844	0.01266	0.01794	0.81253	0.03341	0.04221	0.00914	0.00528	0.00141	0.00211	0.00809	0.00492	0.00422
10	0.01651	0.01190	0.01270	0.00988	0.01326	0.02734	0.00815	0.69479	0.01971	0.06361	0.01150	0.01219	0.00837	0.00554	0.00445	0.00135	0.00478	0.02428	0.04237	0.00732
11	0.00643	0.00464	0.00642	0.00642	0.00695	0.00517	0.00463	0.00749	0.00696	0.00981	0.01269	0.02147	0.01288	0.30325	0.55768	0.00624	0.00943	0.00536	0.00250	0.00357
12	0.01196	0.84548	0.02344	0.00765	0.01148	0.01770	0.00765	0.01339	0.00909	0.01052	0.00622	0.00718	0.00574	0.00383	0.00287	0.00096	0.00478	0.00239	0.00191	0.00574
13	0.00845	0.00795	0.01342	0.83204	0.03081	0.00994	0.01242	0.01143	0.00894	0.01143	0.00795	0.01193	0.00596	0.00447	0.00447	0.00149	0.00596	0.00398	0.00199	0.00497
14	0.01750	0.00850	0.01054	0.00824	0.01145	0.00814	0.00677	0.21959	0.01471	0.51388	0.05902	0.01721	0.05871	0.00613	0.00461	0.00139	0.00392	0.01740	0.00513	0.00716
15	0.00913	0.00865	0.01466	0.62150	0.23599	0.01012	0.01276	0.01203	0.00927	0.01226	0.00807	0.01170	0.00626	0.00434	0.00446	0.00145	0.00579	0.00398	0.00205	0.00552
16	0.00571	0.00456	0.00509	0.00515	0.00636	0.00404	0.00377	0.00726	0.02958	0.01335	0.21069	0.15993	0.48441	0.03268	0.00578	0.00161	0.00237	0.00945	0.00430	0.00391
17	0.01051	0.01001	0.01702	0.16257	0.65816	0.01035	0.01331	0.01320	0.00998	0.01404	0.00880	0.01241	0.00746	0.00432	0.00449	0.00138	0.00539	0.02772	0.00223	0.00664
18	0.00921	0.04160	0.78359	0.01261	0.01906	0.02883	0.01615	0.01423	0.00951	0.01401	0.00796	0.00936	0.00567	0.00425	0.00421	0.00140	0.00660	0.00328	0.00190	0.00656
19	0.01056	0.01207	0.02640	0.01885	0.02338	0.01131	0.79864	0.01433	0.01056	0.01433	0.00905	0.01207	0.00679	0.00377	0.00528	0.00151	0.00754	0.00528	0.00226	0.00603
20	0.00639	0.00478	0.00714	0.00714	0.00793	0.00557	0.00553	0.00796	0.00718	0.01035	0.01202	0.01781	0.01128	0.04961	0.80914	0.00713	0.01183	0.00483	0.00240	0.00397
21	0.00810	0.00479	0.00691	0.02738	0.00748	0.00496	0.01778	0.05515	0.00735	0.00983	0.01043	0.13528	0.01088	0.01404	0.01435	0.63237	0.02252	0.00522	0.00243	0.00275
22	0.00563	0.00414	0.00521	0.00600	0.00648	0.00386	0.00408	0.00664	0.02191	0.01152	0.02683	0.64172	0.14043	0.06446	0.00669	0.00193	0.00271	0.03202	0.00407	0.00367
23	0.01179	0.04456	0.37571	0.01461	0.13091	0.25101	0.06029	0.01542	0.03028	0.01329	0.00801	0.00954	0.00616	0.00432	0.00424	0.00132	0.00678	0.00341	0.00215	0.00621
24	0.04300	0.11208	0.03418	0.14619	0.10949	0.05796	0.08376	0.12345	0.02176	0.03360	0.00918	0.01108	0.00718	0.00460	0.00448	0.00129	0.04055	0.00375	0.09991	0.05253
25	0.01211	0.01057	0.01055	0.00930	0.01190	0.06139	0.00727	0.11484	0.64936	0.01931	0.01656	0.01546	0.01241	0.00588	0.00448	0.00146	0.00395	0.00478	0.02146	0.00697
26	0.56519	0.00861	0.00848	0.02619	0.04995	0.00930	0.00599	0.04211	0.00946	0.20246	0.00919	0.00955	0.00655	0.00449	0.00336	0.00136	0.00373	0.00307	0.00341	0.02754
27	0.00855	0.00683	0.00804	0.02661	0.00977	0.00740	0.00611	0.03723	0.32740	0.01638	0.17588	0.19126	0.02397	0.00918	0.00517	0.00163	0.00325	0.12558	0.00442	0.00534
28	0.00852	0.00803	0.01355	0.80947	0.05281	0.00996	0.01246	0.01149	0.00898	0.01152	0.00796	0.01190	0.00599	0.00446	0.00447	0.00149	0.00594	0.00398	0.00199	0.00503
29	0.00651	0.00434	0.00488	0.00488	0.00488	0.00434	0.00271	0.00651	0.00651	0.00867	0.01409	0.02927	0.01626	0.84279	0.02277	0.00434	0.00434	0.00651	0.00271	0.00271
30	0.00581	0.00427	0.00548	0.00602	0.00672	0.00394	0.00434	0.00709	0.01000	0.01335	0.22855	0.45040	0.14341	0.01224	0.00558	0.00169	0.00256	0.08035	0.00435	0.00385
31	0.01196	0.84548	0.02344	0.00765	0.01148	0.01770	0.00765	0.01339	0.00909	0.01052	0.00622	0.00718	0.00574	0.00383	0.00287	0.00096	0.00478	0.00239	0.00191	0.00574
32	0.01126	0.00968	0.01019	0.00913	0.01168	0.01119	0.00711	0.04157	0.78879	0.01893	0.01804	0.01655	0.01352	0.00605	0.00455	0.00151	0.00357	0.00503	0.00455	0.00709
33	0.00710	0.00507	0.00709	0.00812	0.00910	0.00506	0.00702	0.00908	0.01019	0.01327	0.02374	0.09820	0.02598	0.01246	0.00615	0.00204	0.00403	0.73809	0.00412	0.00409
34	0.01749	0.01176	0.01295	0.00993	0.01349	0.01273	0.00820	0.67793	0.01974	0.15205	0.01182	0.01144	0.00815	0.00540	0.00448	0.00135	0.00475	0.00410	0.00464	0.00761
35	0.00582	0.00420	0.00559	0.00656	0.00706	0.00397	0.00477	0.00690	0.00904	0.01189	0.02572	0.62024	0.07697	0.01349	0.00578	0.00185	0.00290	0.17937	0.00415	0.00375
36	0.00979	0.00979	0.01370	0.01174	0.01174	0.01370	0.00979	0.01077	0.00685	0.01077	0.00587	0.00979	0.00587	0.00783	0.01468	0.00196	0.83461	0.00391	0.00196	0.00489
37	0.00672	0.00525	0.00599	0.00576	0.00723	0.00496	0.00442	0.00968	0.10823	0.02766	0.32199	0.03630	0.37385	0.00986	0.00523	0.00150	0.00250	0.05391	0.00450	0.00442
38	0.01043	0.00559	0.00592	0.00531	0.00688	0.00570	0.00413	0.12109	0.01126	0.07849	0.01429	0.01574	0.01090	0.00526	0.00342	0.00111	0.00261	0.00417	0.68280	0.00491
39	0.00607	0.00454	0.00563	0.00540	0.00653	0.00410	0.00403	0.00792	0.01199	0.01644	0.61764	0.05936	0.21430	0.00978	0.00529	0.00144	0.00216	0.00853	0.00473	0.00410
40	0.14440	0.01195	0.01241	0.00964	0.01310	0.01330	0.00796	0.68306	0.01904	0.02698	0.01007	0.01022	0.00720	0.00519	0.00422	0.00135	0.00471	0.00379	0.00422	0.00720
41	0.87439	0.00865	0.00657	0.00588	0.00865	0.01003	0.00484	0.01315	0.00761	0.02007	0.00623	0.00727	0.00484	0.00415	0.00277	0.00138	0.00346	0.00242	0.00277	0.00484
42	0.00627	0.00480	0.00572	0.00567	0.00684	0.00443	0.00424	0.02692	0.03098	0.01513	0.37267	0.15891	0.28874	0.01056	0.00534	0.00153	0.00242	0.04021	0.00450	0.00414
43	0.01295	0.01271	0.01100	0.00979	0.01234	0.21124	0.00757	0.08198	0.55132	0.01753	0.01486	0.01411	0.01125	0.00566	0.00442	0.00141	0.00476	0.00444	0.00399	0.00666
44	0.01643	0.01230	0.01372	0.03107	0.06357	0.01358	0.00892	0.73267	0.02007	0.02695	0.01053	0.01079	0.00754	0.00526	0.00447	0.00135	0.00497	0.00402	0.00428	0.00751
45	0.02895	0.00589	0.00744	0.00736	0.00827	0.05608	0.00568	0.00868	0.00752	0.01061	0.01159	0.01707	0.01084	0.05439	0.73061	0.00659	0.01130	0.00466	0.00241	0.00405
46	0.01056	0.01207	0.02640	0.01885	0.02338	0.01131	0.79864	0.01433	0.01056	0.01433	0.00905	0.01207	0.00679	0.00377	0.00528	0.00151	0.00754	0.00528	0.00226	0.00603
47	0.00925	0.00871	0.01437	0.58447	0.22154	0.01018	0.01241	0.01275	0.05835	0.01266	0.00870	0.01201	0.00671	0.00445	0.00447	0.00145	0.00566	0.00404	0.00220	0.00562
48	0.01693	0.00897	0.01100	0.00960	0.06101	0.03283	0.00725	0.12374	0.12776	0.48152	0.01689	0.03557	0.03419	0.00584	0.00454	0.00140	0.00406	0.00478	0.00488	0.00722
49	0.00674	0.05655	0.00776	0.00688	0.00807	0.00528	0.04189	0.00823	0.01005	0.02602	0.17517	0.33891	0.14670	0.01118	0.00542	0.00166	0.00308	0.13217	0.00409	0.00415
50	0.00562	0.00407	0.00535	0.00631	0.00670	0.00383	0.00433	0.00667	0.02085	0.01166	0.02534	0.75305	0.06065	0.01370	0.00570	0.00181	0.00268	0.05380	0.00416	0.00372
51	0.01151	0.01122	0.01606	0.02226	0.57612	0.10791	0.03079	0.01411	0.03117	0.03728	0.01968	0.06023	0.00945	0.00503	0.00454	0.00137	0.00538	0.02678	0.00258	0.00653
52	0.01701	0.01224	0.06228	0.03124	0.01406	0.04351	0.00864	0.51534	0.01772	0.21425	0.01200	0.01165	0.00820	0.00529	0.00445	0.00135	0.00491	0.00405	0.00442	0.00738
53	0.15852	0.03133	0.04639	0.07194	0.33391	0.02353	0.02182	0.08377	0.09286	0.05882	0.00956	0.01103	0.00742	0.00457	0.00439	0.00138	0.02561	0.00379	0.00288	0.00648

[dist]
# distance from previous block
# <min> <max>
2	23

[block]
# block no. 9 follows, 58 sequences, length 23
# corresponding to MSA columns:
# 812-834
name=unknown_J
#
# <colnr> <probs for GDERKNQSTAVLIFYWHMCP>
#	G	D	E	R	K	N	Q	S	T	A	V	L	I	F	Y	W	H	M	C	P
0	0.01104	0.37782	0.10161	0.01192	0.13888	0.03942	0.03712	0.04484	0.03428	0.01256	0.00866	0.03961	0.00795	0.06871	0.00571	0.00146	0.04655	0.00376	0.00231	0.00580
1	0.01045	0.13464	0.35395	0.01074	0.01489	0.10224	0.05593	0.03813	0.01017	0.04143	0.03700	0.10952	0.01035	0.02822	0.00502	0.00146	0.02281	0.00468	0.00256	0.00579
2	0.07669	0.18495	0.20786	0.00969	0.01341	0.11520	0.02903	0.07589	0.02023	0.05169	0.02045	0.02193	0.03499	0.01775	0.02156	0.00146	0.03696	0.01878	0.00267	0.03881
3	0.00794	0.00456	0.00625	0.00623	0.00656	0.00460	0.00427	0.06661	0.00760	0.01015	0.01183	0.19374	0.01272	0.03447	0.01405	0.59346	0.00369	0.00588	0.00264	0.00276
4	0.05138	0.00954	0.01442	0.07740	0.09428	0.01003	0.18257	0.20706	0.04064	0.01747	0.03848	0.11789	0.05172	0.00658	0.00518	0.00151	0.03245	0.03220	0.00335	0.00586
5	0.03425	0.05393	0.14090	0.03183	0.09234	0.14157	0.03025	0.19316	0.02108	0.06351	0.02791	0.04554	0.02486	0.01642	0.00482	0.00143	0.01693	0.04996	0.00319	0.00614
6	0.00918	0.00848	0.01214	0.01947	0.02373	0.05921	0.19310	0.08181	0.03116	0.01483	0.12280	0.08998	0.13704	0.06312	0.03450	0.00185	0.03591	0.00655	0.05019	0.00494
7	0.01431	0.01066	0.01146	0.00931	0.01224	0.01185	0.00745	0.45470	0.26509	0.05142	0.01365	0.01428	0.01035	0.06957	0.00587	0.00162	0.00435	0.00456	0.02024	0.00701
8	0.01616	0.01171	0.01252	0.00969	0.01303	0.01292	0.00798	0.72279	0.01989	0.02707	0.01112	0.01132	0.00798	0.00535	0.00434	0.00131	0.00464	0.00404	0.08885	0.00727
9	0.00574	0.00415	0.00547	0.00644	0.00682	0.00396	0.00443	0.00696	0.03335	0.01177	0.02439	0.76512	0.02885	0.01367	0.00570	0.00182	0.00272	0.06070	0.00416	0.00377
10	0.01585	0.01976	0.01208	0.01095	0.01324	0.73639	0.00824	0.04179	0.01275	0.01158	0.00997	0.01082	0.06750	0.00515	0.00414	0.00119	0.00752	0.00342	0.00251	0.00515
