[name]
unknown

[dist]
# distance from previous block
# <min> <max>
3	42

[block]
# block no. 0 follows, 51 sequences, length 28
# corresponding to MSA columns:
# 570,571,579-600,602-605
name=unknown_A
#
# <colnr> <probs for GDERKNQSTAVLIFYWHMCP>
#	G	D	E	R	K	N	Q	S	T	A	V	L	I	F	Y	W	H	M	C	P
0	0.00855	0.00633	0.00751	0.00794	0.04885	0.02386	0.00535	0.06024	0.02349	0.04460	0.09924	0.24086	0.17319	0.13799	0.05758	0.00254	0.00416	0.00902	0.03397	0.00472
1	0.00846	0.00584	0.00651	0.00640	0.00757	0.02132	0.00454	0.04730	0.02845	0.05869	0.09743	0.23848	0.19481	0.16213	0.00912	0.00224	0.00337	0.00919	0.08363	0.00453
2	0.03775	0.04880	0.02014	0.00694	0.00839	0.00630	0.00519	0.02238	0.05186	0.10154	0.07665	0.31339	0.09572	0.12364	0.00834	0.01611	0.00351	0.00907	0.03937	0.00487
3	0.00875	0.00679	0.04838	0.00773	0.03466	0.00591	0.00560	0.03476	0.04914	0.06848	0.07824	0.23566	0.11046	0.21303	0.01099	0.04015	0.00385	0.00864	0.02410	0.00467
4	0.00849	0.00653	0.00727	0.00776	0.03443	0.05305	0.00536	0.02101	0.04915	0.03837	0.06742	0.31208	0.10908	0.09329	0.06020	0.00242	0.00422	0.02887	0.08637	0.00466
5	0.01022	0.00806	0.00829	0.00782	0.00948	0.06922	0.00581	0.12973	0.05550	0.04173	0.04912	0.30193	0.11664	0.06314	0.00671	0.00187	0.00391	0.02755	0.04953	0.03373
6	0.06816	0.02201	0.00868	0.00851	0.04984	0.00649	0.03143	0.03684	0.02841	0.08585	0.08243	0.32326	0.13664	0.06209	0.00672	0.00190	0.00357	0.00929	0.00432	0.02356
7	0.02663	0.03499	0.00843	0.00763	0.02255	0.05756	0.00552	0.08301	0.02762	0.02944	0.03761	0.15282	0.06302	0.19622	0.04162	0.00252	0.00454	0.04630	0.10675	0.04521
8	0.04898	0.02468	0.00898	0.00822	0.03312	0.07417	0.00587	0.13451	0.01200	0.03172	0.06678	0.10092	0.11431	0.20662	0.06762	0.00276	0.00510	0.00683	0.02196	0.02487
9	0.11297	0.03022	0.03315	0.02340	0.01284	0.21089	0.04993	0.09656	0.03763	0.05301	0.06806	0.03044	0.06072	0.00800	0.03789	0.01854	0.01795	0.03007	0.06197	0.00579
10	0.06604	0.04704	0.13200	0.01022	0.01320	0.09061	0.08587	0.03263	0.04586	0.04429	0.08017	0.04743	0.08194	0.05001	0.03000	0.04038	0.04492	0.00557	0.03406	0.01778
11	0.06904	0.00916	0.02353	0.00815	0.01084	0.04965	0.00664	0.14826	0.04992	0.20477	0.15180	0.02276	0.09447	0.00742	0.00492	0.00151	0.00398	0.03117	0.09563	0.00639
12	0.01076	0.00965	0.07717	0.05316	0.10605	0.03589	0.00860	0.05675	0.05975	0.08814	0.09499	0.14383	0.05640	0.06268	0.04611	0.01932	0.04152	0.01960	0.00382	0.00581
13	0.09480	0.01024	0.01147	0.00976	0.04516	0.02431	0.00751	0.24616	0.08233	0.22557	0.01412	0.01427	0.01015	0.02474	0.00497	0.00149	0.00442	0.00443	0.09044	0.07367
14	0.00722	0.00551	0.00809	0.00798	0.00875	0.00650	0.00616	0.00882	0.00783	0.01130	0.01298	0.01973	0.01236	0.08804	0.71609	0.00740	0.05291	0.00534	0.00263	0.00434
15	0.01107	0.01059	0.01765	0.25415	0.47562	0.01169	0.01401	0.01387	0.01033	0.01449	0.00889	0.01244	0.00739	0.00571	0.02412	0.00173	0.09275	0.00439	0.00234	0.00678
16	0.01341	0.00863	0.01052	0.00768	0.01189	0.00673	0.00620	0.01552	0.01124	0.22881	0.01163	0.01196	0.00860	0.00430	0.00399	0.00094	0.00379	0.00346	0.00377	0.62691
17	0.00689	0.00497	0.00651	0.00623	0.00733	0.00459	0.00463	0.00910	0.01359	0.01919	0.73907	0.09315	0.04537	0.01043	0.00583	0.00158	0.00236	0.00925	0.00535	0.00459
18	0.00781	0.00523	0.00667	0.00626	0.00756	0.00479	0.00471	0.00984	0.01313	0.06611	0.59703	0.03686	0.11674	0.06270	0.00701	0.00179	0.00268	0.03321	0.00518	0.00471
19	0.00617	0.00476	0.00565	0.00612	0.00709	0.00430	0.00433	0.00762	0.02648	0.01390	0.13383	0.41509	0.32006	0.01342	0.00601	0.00181	0.00267	0.01180	0.00468	0.00421
20	0.00616	0.00488	0.00549	0.00578	0.00700	0.00430	0.00426	0.00742	0.01084	0.01351	0.09506	0.20373	0.48667	0.05440	0.00695	0.00192	0.00283	0.07013	0.00454	0.00412
21	0.01075	0.01075	0.01505	0.01290	0.01290	0.01505	0.01075	0.01183	0.00753	0.01183	0.00645	0.01075	0.00645	0.00860	0.01613	0.00215	0.81830	0.00430	0.00215	0.00538
22	0.86201	0.00950	0.00722	0.00646	0.00950	0.01102	0.00532	0.01445	0.00836	0.02205	0.00684	0.00798	0.00532	0.00456	0.00304	0.00152	0.00380	0.00266	0.00304	0.00532
23	0.00634	0.00496	0.00574	0.00563	0.00699	0.00436	0.00419	0.00806	0.01235	0.01618	0.38966	0.08279	0.41217	0.01150	0.00583	0.00162	0.00243	0.00988	0.00495	0.00436
24	0.00680	0.00486	0.00663	0.00777	0.00841	0.00469	0.00597	0.00825	0.01021	0.01345	0.02664	0.50118	0.03073	0.01463	0.00649	0.00211	0.00355	0.32887	0.00455	0.00422
25	0.01393	0.01094	0.01173	0.01013	0.01317	0.01239	0.00800	0.14990	0.61125	0.07349	0.01861	0.01716	0.01372	0.00650	0.00498	0.00163	0.00416	0.00533	0.00506	0.00791
26	0.76356	0.00918	0.00758	0.00718	0.03082	0.01056	0.00561	0.01398	0.00860	0.02122	0.03341	0.00967	0.00713	0.00651	0.04733	0.00187	0.00432	0.00306	0.00308	0.00532
27	0.05063	0.05616	0.01448	0.01250	0.09455	0.14654	0.00917	0.35244	0.01684	0.11716	0.01137	0.01226	0.00852	0.02434	0.03308	0.00170	0.00603	0.00417	0.00402	0.02404

[dist]
# distance from previous block
# <min> <max>
0	1

[block]
# block no. 1 follows, 51 sequences, length 75
# corresponding to MSA columns:
# 630-641,650-654,657-669,675-684,686-690,693-698,701,702,704-708,721-737
name=unknown_B
#
# <colnr> <probs for GDERKNQSTAVLIFYWHMCP>
#	G	D	E	R	K	N	Q	S	T	A	V	L	I	F	Y	W	H	M	C	P
0	0.07953	0.22700	0.26234	0.01057	0.02835	0.01288	0.01093	0.08505	0.03516	0.06465	0.05570	0.02820	0.04239	0.00574	0.00471	0.00145	0.03130	0.00430	0.00310	0.00666
1	0.01740	0.01319	0.01449	0.01211	0.05598	0.01461	0.00941	0.63007	0.13395	0.02867	0.01286	0.01277	0.00930	0.00593	0.00493	0.00150	0.00521	0.00459	0.00480	0.00824
2	0.00780	0.00557	0.00779	0.00892	0.01000	0.00556	0.00772	0.00998	0.01120	0.01458	0.02608	0.10094	0.02853	0.01368	0.00676	0.00225	0.00443	0.71918	0.00453	0.00449
3	0.03303	0.06522	0.41162	0.01200	0.04422	0.03020	0.02607	0.03396	0.03616	0.03451	0.05701	0.10238	0.05042	0.00691	0.00495	0.00160	0.00575	0.03448	0.00306	0.00645
4	0.03325	0.00673	0.01716	0.03665	0.00967	0.02659	0.01596	0.05678	0.01110	0.01504	0.09389	0.34849	0.14909	0.05001	0.00648	0.00182	0.00355	0.02229	0.00417	0.09128
5	0.00601	0.00480	0.00541	0.00585	0.00703	0.00420	0.00428	0.00720	0.01064	0.01314	0.04095	0.29519	0.50026	0.01346	0.00602	0.00181	0.00274	0.06233	0.00456	0.00412
6	0.02431	0.01116	0.04340	0.01609	0.23500	0.01092	0.05306	0.17853	0.06309	0.17303	0.06869	0.01630	0.01245	0.02845	0.00590	0.00163	0.02870	0.01776	0.00409	0.00743
7	0.04974	0.02947	0.12676	0.09186	0.07967	0.26522	0.06952	0.05482	0.02753	0.07970	0.01005	0.02410	0.00793	0.01837	0.01885	0.00164	0.03125	0.00417	0.00292	0.00642
8	0.00931	0.03251	0.14435	0.61043	0.02944	0.01081	0.01361	0.01275	0.00981	0.01291	0.00943	0.03418	0.00759	0.03657	0.00563	0.00174	0.00647	0.00455	0.00226	0.00565
9	0.00581	0.00498	0.00498	0.00498	0.00664	0.00415	0.00373	0.00705	0.01120	0.01328	0.04978	0.04729	0.79464	0.01245	0.00581	0.00166	0.00249	0.01037	0.00456	0.00415
10	0.01098	0.01658	0.29866	0.01804	0.16396	0.02742	0.24344	0.01547	0.03945	0.03008	0.03198	0.03569	0.03474	0.00525	0.00517	0.00158	0.00676	0.00514	0.00269	0.00692
11	0.01063	0.03169	0.58505	0.03944	0.10829	0.01176	0.08327	0.04466	0.01104	0.01609	0.00905	0.01093	0.00660	0.00464	0.00479	0.00155	0.00708	0.00394	0.00226	0.00724
12	0.01082	0.00799	0.01260	0.01484	0.22282	0.00777	0.06146	0.03264	0.01140	0.11169	0.03867	0.19743	0.02985	0.02974	0.02942	0.00203	0.00493	0.16396	0.00396	0.00596
13	0.01075	0.01075	0.01505	0.01290	0.01290	0.01505	0.01075	0.01183	0.00753	0.01183	0.00645	0.01075	0.00645	0.00860	0.01613	0.00215	0.81830	0.00430	0.00215	0.00538
14	0.01019	0.00873	0.01019	0.00728	0.01165	0.00655	0.00582	0.01237	0.01019	0.01601	0.00873	0.01019	0.00728	0.00364	0.00364	0.00073	0.00364	0.00291	0.00291	0.85734
15	0.75576	0.05905	0.00883	0.00690	0.01007	0.01181	0.00577	0.06467	0.00943	0.02200	0.00717	0.00823	0.00558	0.00463	0.00317	0.00149	0.00399	0.00277	0.00311	0.00558
16	0.01235	0.01062	0.01118	0.01003	0.01283	0.01228	0.00781	0.04095	0.77272	0.02076	0.01984	0.01821	0.01487	0.00665	0.00500	0.00166	0.00392	0.00553	0.00500	0.00779
17	0.00900	0.00993	0.09284	0.01379	0.16606	0.00800	0.12305	0.02547	0.01142	0.01546	0.09308	0.09820	0.22586	0.00827	0.00543	0.00159	0.00468	0.02691	0.00357	0.05741
18	0.00691	0.00529	0.00638	0.00611	0.00748	0.00489	0.00461	0.00949	0.05146	0.01779	0.52545	0.05147	0.24766	0.01069	0.00579	0.00160	0.00250	0.02467	0.00513	0.00465
19	0.00745	0.00554	0.00797	0.00785	0.00878	0.00638	0.00604	0.03641	0.00839	0.01198	0.01327	0.01991	0.01252	0.08958	0.72562	0.00745	0.01231	0.00536	0.00274	0.00443
20	0.01619	0.01860	0.01227	0.01108	0.01345	0.57731	0.00836	0.04496	0.01404	0.05338	0.11823	0.03540	0.04339	0.00638	0.00476	0.00136	0.00721	0.00464	0.00332	0.00568
21	0.00997	0.00783	0.00839	0.00777	0.00975	0.00851	0.00590	0.04203	0.38333	0.01843	0.09573	0.07243	0.12552	0.05129	0.00608	0.00175	0.00335	0.00693	0.12894	0.00606
22	0.01258	0.34515	0.11454	0.00997	0.01379	0.15559	0.03420	0.01480	0.01121	0.02407	0.08480	0.01292	0.03407	0.00533	0.00444	0.00125	0.02978	0.00389	0.00271	0.08492
23	0.01001	0.03617	0.01576	0.58902	0.18217	0.02541	0.01334	0.01303	0.01016	0.01320	0.00945	0.04368	0.00777	0.00519	0.00489	0.00159	0.00627	0.00466	0.00233	0.00589
24	0.00711	0.00491	0.00611	0.00611	0.00637	0.00517	0.00391	0.00763	0.00737	0.01008	0.01480	0.02837	0.01622	0.59436	0.25570	0.00569	0.00724	0.00659	0.00288	0.00339
25	0.16271	0.08501	0.10950	0.00939	0.01333	0.05573	0.00862	0.15258	0.01364	0.27144	0.01347	0.01318	0.02866	0.00554	0.00436	0.00145	0.00496	0.00412	0.03519	0.00713
26	0.71277	0.03999	0.00892	0.00727	0.01042	0.04221	0.00600	0.09316	0.01015	0.02220	0.00738	0.00840	0.00571	0.00471	0.00329	0.00149	0.00421	0.00286	0.00318	0.00568
27	0.00828	0.00433	0.00634	0.00638	0.00648	0.00431	0.00428	0.00652	0.00674	0.00895	0.01096	0.04605	0.03797	0.03417	0.03843	0.75581	0.00439	0.00493	0.00234	0.00235
28	0.04767	0.01309	0.02906	0.01077	0.01434	0.04463	0.00895	0.59602	0.01997	0.05549	0.01182	0.01252	0.00870	0.00919	0.09269	0.00217	0.00633	0.00441	0.00449	0.00769
29	0.01868	0.01376	0.01475	0.01131	0.01524	0.01524	0.00934	0.78025	0.02311	0.03097	0.01180	0.01180	0.00836	0.00590	0.00492	0.00147	0.00541	0.00442	0.00492	0.00836
30	0.00599	0.00428	0.00570	0.00684	0.00713	0.00399	0.00456	0.00684	0.00941	0.01254	0.02709	0.82409	0.03250	0.01540	0.00627	0.00200	0.00285	0.01397	0.00456	0.00399
31	0.01060	0.14014	0.53162	0.04674	0.04299	0.01209	0.01495	0.01552	0.04258	0.03508	0.03514	0.03261	0.00879	0.00517	0.00456	0.00150	0.00640	0.00409	0.00249	0.00694
32	0.01441	0.01525	0.01218	0.01000	0.01349	0.33091	0.00776	0.08867	0.06046	0.01610	0.00925	0.01030	0.00747	0.00461	0.00416	0.00107	0.00593	0.00332	0.00308	0.38158
33	0.00984	0.00591	0.00810	0.00858	0.01007	0.00566	0.00727	0.01185	0.01156	0.13734	0.02633	0.12213	0.06647	0.01252	0.00640	0.00209	0.00420	0.53386	0.00477	0.00506
34	0.00885	0.00488	0.00664	0.00660	0.00668	0.02989	0.00443	0.00682	0.00664	0.00865	0.00851	0.01474	0.00847	0.01669	0.01873	0.82972	0.00441	0.00423	0.00215	0.00225
35	0.00982	0.00980	0.02951	0.23770	0.05744	0.02202	0.05626	0.01193	0.00889	0.01248	0.01009	0.01450	0.03594	0.03247	0.10545	0.00266	0.33045	0.00479	0.00236	0.00541
36	0.01160	0.01326	0.02900	0.02071	0.02568	0.01243	0.77879	0.01574	0.01160	0.01574	0.00994	0.01326	0.00746	0.00414	0.00580	0.00166	0.00829	0.00580	0.00249	0.00663
37	0.00739	0.00529	0.00676	0.00632	0.00761	0.00494	0.00476	0.01007	0.04198	0.03476	0.71608	0.03614	0.07929	0.00996	0.00575	0.00155	0.00242	0.00876	0.00537	0.00480
38	0.01083	0.05387	0.32422	0.04203	0.05153	0.06321	0.06792	0.04371	0.03655	0.04034	0.03278	0.11824	0.01289	0.03062	0.00565	0.00171	0.00607	0.04841	0.00305	0.00636
39	0.01133	0.02045	0.50248	0.01697	0.12292	0.02653	0.15115	0.01609	0.01098	0.06092	0.00966	0.01146	0.00699	0.00463	0.00491	0.00155	0.00711	0.00418	0.00243	0.00725
40	0.00626	0.00485	0.00546	0.00577	0.00680	0.00435	0.00411	0.00731	0.01020	0.01274	0.05512	0.20725	0.42567	0.15376	0.00929	0.00231	0.00311	0.06737	0.00431	0.00395
41	0.61365	0.00972	0.00971	0.13890	0.01441	0.01118	0.02941	0.06390	0.00985	0.04924	0.00802	0.00953	0.00603	0.00475	0.00362	0.00154	0.00450	0.00323	0.00312	0.00569
42	0.02339	0.15997	0.08660	0.03839	0.07272	0.12571	0.08659	0.07265	0.06560	0.04602	0.01287	0.05499	0.01156	0.00707	0.02015	0.00166	0.00614	0.09831	0.00323	0.00637
43	0.01204	0.62266	0.03712	0.00835	0.01188	0.04620	0.00796	0.01362	0.00980	0.01159	0.00945	0.01179	0.03325	0.05140	0.09307	0.00204	0.00619	0.00345	0.00230	0.00585
44	0.00620	0.00462	0.00578	0.00628	0.00708	0.00419	0.00441	0.00751	0.01094	0.01455	0.22975	0.45938	0.19452	0.01340	0.00605	0.00181	0.00264	0.01191	0.00478	0.00419
45	0.01044	0.05057	0.06169	0.00889	0.01098	0.06796	0.02956	0.02913	0.01145	0.11304	0.03853	0.27667	0.08533	0.01088	0.00572	0.00180	0.00443	0.17334	0.00427	0.00532
46	0.01584	0.08601	0.09508	0.01354	0.09220	0.26571	0.04915	0.12810	0.04366	0.10984	0.03211	0.01215	0.00904	0.00585	0.01910	0.00152	0.00672	0.00410	0.00338	0.00689
47	0.00615	0.00498	0.00529	0.00528	0.00668	0.00432	0.00388	0.00742	0.01108	0.01366	0.13234	0.04463	0.59899	0.10185	0.00795	0.00201	0.00278	0.03213	0.00449	0.00409
48	0.26924	0.01058	0.01113	0.00915	0.01231	0.01168	0.03660	0.29791	0.09486	0.05395	0.01244	0.01413	0.00955	0.00582	0.00431	0.00151	0.00445	0.03611	0.09751	0.00675
49	0.01750	0.01211	0.06062	0.03640	0.14547	0.03124	0.06469	0.22354	0.02468	0.31230	0.01381	0.01376	0.00947	0.00548	0.00495	0.00151	0.00543	0.00464	0.00447	0.00792
50	0.01440	0.09202	0.01506	0.06162	0.16714	0.03059	0.06023	0.06843	0.01241	0.24526	0.01599	0.12593	0.03753	0.02451	0.00543	0.00161	0.00501	0.00600	0.00400	0.00684
51	0.00954	0.00883	0.01213	0.01069	0.01078	0.01180	0.00853	0.01046	0.00748	0.01127	0.00918	0.01642	0.00961	0.19218	0.10555	0.00336	0.55003	0.00503	0.00239	0.00474
52	0.01044	0.00888	0.01033	0.00740	0.01175	0.00681	0.00593	0.03510	0.01057	0.01646	0.00883	0.01024	0.00731	0.00371	0.00368	0.00075	0.00369	0.00296	0.00297	0.83221
53	0.03806	0.18885	0.56589	0.01298	0.03295	0.03881	0.02770	0.01548	0.01038	0.01485	0.00834	0.00982	0.00626	0.00457	0.00432	0.00144	0.00678	0.00343	0.00214	0.00695
54	0.86201	0.00950	0.00722	0.00646	0.00950	0.01102	0.00532	0.01445	0.00836	0.02205	0.00684	0.00798	0.00532	0.00456	0.00304	0.00152	0.00380	0.00266	0.00304	0.00532
55	0.00613	0.00499	0.00542	0.00532	0.00683	0.00429	0.00399	0.00767	0.01196	0.01508	0.25806	0.04433	0.58524	0.01177	0.00580	0.00163	0.00244	0.00996	0.00480	0.00429
56	0.01374	0.01602	0.01335	0.01186	0.01324	0.38537	0.00934	0.01492	0.01096	0.01209	0.01205	0.01414	0.09855	0.00739	0.00944	0.00168	0.34338	0.00448	0.00261	0.00538
57	0.00630	0.00454	0.00580	0.00641	0.00696	0.00422	0.00436	0.00742	0.01032	0.01388	0.19615	0.51296	0.09405	0.09308	0.00796	0.00214	0.00289	0.01191	0.00459	0.00405
58	0.00599	0.00475	0.00539	0.00573	0.00688	0.00415	0.00411	0.00721	0.01087	0.01369	0.11838	0.30842	0.46071	0.01320	0.00596	0.00176	0.00259	0.01143	0.00465	0.00415
59	0.86201	0.00950	0.00722	0.00646	0.00950	0.01102	0.00532	0.01445	0.00836	0.02205	0.00684	0.00798	0.00532	0.00456	0.00304	0.00152	0.00380	0.00266	0.00304	0.00532
60	0.00702	0.00525	0.00782	0.00782	0.00866	0.00610	0.00604	0.00872	0.00787	0.01135	0.01324	0.01972	0.01247	0.06242	0.78250	0.00780	0.01289	0.00533	0.00264	0.00434
61	0.01868	0.01376	0.01475	0.01131	0.01524	0.01524	0.00934	0.78025	0.02311	0.03097	0.01180	0.01180	0.00836	0.00590	0.00492	0.00147	0.00541	0.00442	0.00492	0.00836
62	0.01160	0.01326	0.02900	0.02071	0.02568	0.01243	0.77879	0.01574	0.01160	0.01574	0.00994	0.01326	0.00746	0.00414	0.00580	0.00166	0.00829	0.00580	0.00249	0.00663
63	0.86201	0.00950	0.00722	0.00646	0.00950	0.01102	0.00532	0.01445	0.00836	0.02205	0.00684	0.00798	0.00532	0.00456	0.00304	0.00152	0.00380	0.00266	0.00304	0.00532
64	0.69873	0.00928	0.00804	0.00691	0.01009	0.01029	0.00569	0.01629	0.00947	0.17328	0.00928	0.00968	0.00665	0.00486	0.00341	0.00152	0.00388	0.00310	0.00363	0.00591
65	0.00598	0.00431	0.00567	0.00675	0.00710	0.00400	0.00452	0.00685	0.00949	0.01258	0.02817	0.78683	0.06906	0.01525	0.00625	0.00198	0.00283	0.01380	0.00456	0.00400
66	0.00602	0.00462	0.00552	0.00615	0.00704	0.00413	0.00434	0.00713	0.01036	0.01321	0.07046	0.46524	0.32838	0.01396	0.00609	0.00185	0.00274	0.03406	0.00460	0.00410
67	0.04905	0.00898	0.01163	0.00894	0.01273	0.00820	0.00739	0.10449	0.01485	0.69249	0.01817	0.01591	0.01153	0.00601	0.00488	0.00152	0.00430	0.00481	0.00586	0.00826
68	0.00928	0.00873	0.01474	0.81548	0.03385	0.01092	0.01365	0.01256	0.00983	0.01256	0.00873	0.01310	0.00655	0.00491	0.00491	0.00164	0.00655	0.00437	0.00218	0.00546
69	0.25086	0.00887	0.01009	0.00821	0.01160	0.00885	0.00670	0.02123	0.11366	0.46366	0.03684	0.01507	0.01158	0.00585	0.00445	0.00154	0.00399	0.00450	0.00509	0.00735
70	0.00830	0.00562	0.00634	0.00599	0.00784	0.00495	0.00461	0.01026	0.04152	0.11228	0.13343	0.06670	0.52403	0.01128	0.00572	0.00166	0.00282	0.03689	0.00487	0.00488
71	0.00598	0.00450	0.00555	0.00631	0.00700	0.00406	0.00434	0.00701	0.01011	0.01308	0.06924	0.57621	0.24010	0.01434	0.00612	0.00188	0.00273	0.01275	0.00460	0.00406
72	0.01110	0.01674	0.25016	0.01879	0.02442	0.01214	0.56112	0.01569	0.01125	0.01569	0.00962	0.01243	0.00710	0.00429	0.00548	0.00163	0.00799	0.00518	0.00237	0.00681
73	0.01316	0.01034	0.04207	0.18986	0.07579	0.01066	0.04155	0.12641	0.18178	0.13486	0.02896	0.04036	0.03425	0.02378	0.02277	0.00180	0.00531	0.00537	0.00402	0.00693
74	0.00817	0.00679	0.00694	0.00700	0.00753	0.08859	0.00473	0.00888	0.00846	0.01077	0.01601	0.12640	0.01767	0.43777	0.18994	0.00464	0.00677	0.03609	0.00311	0.00375

[dist]
# distance from previous block
# <min> <max>
0	1

[block]
# block no. 2 follows, 51 sequences, length 47
# corresponding to MSA columns:
# 739-745,777-790,803-806,808-829
name=unknown_C
#
# <colnr> <probs for GDERKNQSTAVLIFYWHMCP>
#	G	D	E	R	K	N	Q	S	T	A	V	L	I	F	Y	W	H	M	C	P
0	0.03091	0.00969	0.02681	0.00789	0.01211	0.02165	0.00645	0.04740	0.06397	0.03339	0.00980	0.01088	0.00787	0.00406	0.00384	0.00089	0.00392	0.00321	0.00319	0.69208
1	0.02711	0.22621	0.16598	0.02975	0.01612	0.27881	0.07365	0.01592	0.01149	0.01321	0.01955	0.03020	0.00867	0.02722	0.00495	0.00146	0.00696	0.03418	0.00251	0.00604
2	0.01009	0.00982	0.01366	0.01187	0.01201	0.01339	0.00978	0.01125	0.00821	0.01252	0.07099	0.05750	0.02817	0.00917	0.01455	0.00208	0.69181	0.00532	0.00259	0.00522
3	0.01680	0.01979	0.01387	0.01362	0.08754	0.58364	0.00959	0.06370	0.07379	0.01453	0.02629	0.01097	0.00831	0.00530	0.00454	0.00133	0.00765	0.00370	0.02888	0.00615
4	0.00690	0.00502	0.00650	0.00613	0.00731	0.00461	0.00459	0.00917	0.01378	0.01941	0.75949	0.03720	0.08111	0.01016	0.00580	0.00155	0.00233	0.00896	0.00537	0.00461
5	0.01186	0.09727	0.01756	0.25264	0.26970	0.06794	0.03373	0.05989	0.01123	0.01468	0.00983	0.02603	0.02455	0.00538	0.00573	0.00154	0.07702	0.00443	0.00254	0.00645
6	0.01412	0.01485	0.01277	0.05782	0.06527	0.28846	0.00909	0.03852	0.37622	0.01704	0.04525	0.01494	0.01215	0.00598	0.00482	0.00150	0.00587	0.00469	0.00383	0.00681
7	0.00714	0.00478	0.00543	0.00543	0.00546	0.00480	0.00307	0.00719	0.00717	0.00958	0.01542	0.03180	0.01771	0.80525	0.04685	0.00485	0.00500	0.00709	0.00297	0.00302
8	0.00599	0.00499	0.00523	0.00517	0.00675	0.00423	0.00388	0.00740	0.01163	0.01429	0.16764	0.04562	0.67615	0.01207	0.00581	0.00164	0.00246	0.01014	0.00470	0.00423
9	0.01868	0.01376	0.01475	0.01131	0.01524	0.01524	0.00934	0.78025	0.02311	0.03097	0.01180	0.01180	0.00836	0.00590	0.00492	0.00147	0.00541	0.00442	0.00492	0.00836
10	0.00599	0.00428	0.00570	0.00684	0.00713	0.00399	0.00456	0.00684	0.00941	0.01254	0.02709	0.82409	0.03250	0.01540	0.00627	0.00200	0.00285	0.01397	0.00456	0.00399
11	0.01868	0.01376	0.01475	0.01131	0.01524	0.01524	0.00934	0.78025	0.02311	0.03097	0.01180	0.01180	0.00836	0.00590	0.00492	0.00147	0.00541	0.00442	0.00492	0.00836
12	0.14950	0.01270	0.01333	0.01037	0.01415	0.01399	0.00856	0.60517	0.02015	0.08706	0.01160	0.01158	0.00817	0.00571	0.00463	0.00149	0.00507	0.00419	0.00471	0.00789
13	0.01019	0.00873	0.01019	0.00728	0.01165	0.00655	0.00582	0.01237	0.01019	0.01601	0.00873	0.01019	0.00728	0.00364	0.00364	0.00073	0.00364	0.00291	0.00291	0.85734
14	0.01160	0.01326	0.02900	0.02071	0.02568	0.01243	0.77879	0.01574	0.01160	0.01574	0.00994	0.01326	0.00746	0.00414	0.00580	0.00166	0.00829	0.00580	0.00249	0.00663
15	0.10722	0.00825	0.01057	0.00827	0.01180	0.00745	0.00678	0.02212	0.01319	0.67174	0.01788	0.01619	0.01159	0.02151	0.00506	0.00157	0.00407	0.00473	0.04221	0.00779
16	0.86201	0.00950	0.00722	0.00646	0.00950	0.01102	0.00532	0.01445	0.00836	0.02205	0.00684	0.00798	0.00532	0.00456	0.00304	0.00152	0.00380	0.00266	0.00304	0.00532
17	0.01156	0.01352	0.04581	0.02057	0.02559	0.01241	0.76225	0.01574	0.01157	0.01574	0.00992	0.01319	0.00743	0.00415	0.00577	0.00165	0.00826	0.00575	0.00248	0.00664
18	0.00703	0.00522	0.00767	0.00767	0.00847	0.00602	0.00586	0.00863	0.00783	0.01124	0.01337	0.02046	0.01279	0.10809	0.73727	0.00762	0.01241	0.00543	0.00266	0.00426
19	0.86201	0.00950	0.00722	0.00646	0.00950	0.01102	0.00532	0.01445	0.00836	0.02205	0.00684	0.00798	0.00532	0.00456	0.00304	0.00152	0.00380	0.00266	0.00304	0.00532
20	0.01456	0.01003	0.01118	0.00970	0.01272	0.01103	0.00765	0.02560	0.60364	0.20605	0.01986	0.01795	0.01433	0.00653	0.00499	0.00163	0.00396	0.00541	0.00526	0.00792
21	0.11592	0.03847	0.07094	0.15806	0.15146	0.10526	0.13896	0.08682	0.01206	0.04774	0.00927	0.01149	0.00709	0.00484	0.00491	0.00152	0.02160	0.00418	0.00282	0.00659
22	0.00728	0.00475	0.00531	0.00531	0.00538	0.00475	0.00301	0.00744	0.00736	0.01013	0.01552	0.03121	0.01751	0.77119	0.02354	0.00452	0.00460	0.00697	0.06113	0.00309
23	0.00607	0.00431	0.00568	0.00674	0.00701	0.00404	0.00445	0.00686	0.00925	0.01234	0.02629	0.77000	0.03150	0.07084	0.00755	0.00218	0.00298	0.01350	0.00445	0.00392
24	0.01081	0.01068	0.01477	0.03742	0.01354	0.01473	0.01064	0.01282	0.06088	0.01245	0.00745	0.01134	0.00704	0.00836	0.01502	0.00210	0.73768	0.00439	0.00235	0.00554
25	0.00643	0.00491	0.00662	0.00816	0.06099	0.00456	0.00517	0.00754	0.00996	0.01319	0.06141	0.63149	0.13322	0.01402	0.00609	0.00190	0.00298	0.01262	0.00445	0.00430
26	0.00667	0.00492	0.00573	0.00583	0.00665	0.00462	0.00404	0.00769	0.00987	0.01284	0.14242	0.09489	0.26314	0.30792	0.04746	0.00310	0.00391	0.06046	0.00403	0.00382
27	0.00715	0.00476	0.00536	0.00536	0.00536	0.00476	0.00298	0.00715	0.00715	0.00953	0.01548	0.03216	0.01787	0.82729	0.02501	0.00476	0.00476	0.00715	0.00298	0.00298
28	0.01038	0.00908	0.01028	0.00740	0.01173	0.02513	0.00591	0.01254	0.01028	0.01592	0.00871	0.01016	0.00726	0.00367	0.00366	0.00074	0.00376	0.00292	0.00290	0.83758
29	0.27648	0.28365	0.01557	0.00882	0.01231	0.12785	0.00760	0.09818	0.04518	0.07116	0.00890	0.00953	0.00700	0.00485	0.00369	0.00133	0.00521	0.00319	0.00315	0.00634
30	0.00609	0.00437	0.00579	0.00681	0.00720	0.00407	0.00462	0.00708	0.00978	0.01307	0.07734	0.74056	0.04870	0.01495	0.00624	0.00197	0.00285	0.02985	0.00462	0.00405
31	0.01287	0.00698	0.00889	0.00766	0.00988	0.00668	0.00601	0.04196	0.09919	0.26973	0.34884	0.02709	0.03932	0.02395	0.00639	0.03978	0.00340	0.02989	0.00533	0.00615
32	0.01207	0.00690	0.00963	0.02578	0.16827	0.00663	0.00704	0.01419	0.01130	0.19052	0.04351	0.14200	0.01565	0.00716	0.00461	0.00145	0.00359	0.00622	0.31748	0.00600
33	0.01133	0.07863	0.35064	0.09089	0.24872	0.05106	0.02592	0.02626	0.01080	0.01504	0.00869	0.01096	0.00678	0.00476	0.00511	0.00151	0.03971	0.00389	0.00226	0.00704
34	0.03088	0.01124	0.04052	0.01014	0.01314	0.01232	0.00819	0.06254	0.70446	0.02092	0.01890	0.01749	0.01414	0.00651	0.00494	0.00165	0.00409	0.00537	0.00485	0.00773
35	0.02086	0.00810	0.01102	0.00854	0.01214	0.00702	0.00702	0.02280	0.01405	0.73874	0.08025	0.01830	0.01485	0.00639	0.00501	0.00152	0.00404	0.00525	0.00603	0.00807
36	0.00705	0.00515	0.00733	0.00733	0.00801	0.00583	0.00543	0.00841	0.00773	0.01099	0.01368	0.02220	0.01354	0.21455	0.63184	0.00719	0.01128	0.00569	0.00271	0.00407
37	0.01019	0.02449	0.73096	0.01478	0.05001	0.02998	0.04102	0.01565	0.01053	0.01550	0.00884	0.01049	0.00632	0.00465	0.00471	0.00155	0.00728	0.00371	0.00211	0.00723
38	0.00598	0.00430	0.00568	0.00679	0.00711	0.00400	0.00454	0.00685	0.00946	0.01257	0.02773	0.80195	0.05422	0.01531	0.00626	0.00199	0.00284	0.01387	0.00456	0.00400
39	0.00715	0.00476	0.00536	0.00536	0.00536	0.00476	0.00298	0.00715	0.00715	0.00953	0.01548	0.03216	0.01787	0.82729	0.02501	0.00476	0.00476	0.00715	0.00298	0.00298
40	0.00702	0.00527	0.00790	0.00790	0.00878	0.00614	0.00614	0.00878	0.00790	0.01141	0.01316	0.01931	0.01229	0.03686	0.80782	0.00790	0.01316	0.00527	0.00263	0.00439
41	0.01780	0.01333	0.01425	0.01113	0.01491	0.01483	0.00913	0.67781	0.12698	0.02956	0.01291	0.01269	0.00926	0.00600	0.00493	0.00150	0.00520	0.00458	0.00493	0.00828
42	0.01083	0.01124	0.06791	0.32440	0.17817	0.05792	0.01228	0.06433	0.02183	0.01494	0.03694	0.03272	0.00988	0.00803	0.06398	0.00207	0.05051	0.02319	0.00272	0.00612
43	0.00734	0.00516	0.00647	0.00634	0.00758	0.00472	0.00473	0.02007	0.01270	0.04624	0.46210	0.17120	0.17862	0.01130	0.00587	0.00167	0.00263	0.03554	0.00510	0.00463
44	0.86201	0.00950	0.00722	0.00646	0.00950	0.01102	0.00532	0.01445	0.00836	0.02205	0.00684	0.00798	0.00532	0.00456	0.00304	0.00152	0.00380	0.00266	0.00304	0.00532
45	0.01160	0.01326	0.02900	0.02071	0.02568	0.01243	0.77879	0.01574	0.01160	0.01574	0.00994	0.01326	0.00746	0.00414	0.00580	0.00166	0.00829	0.00580	0.00249	0.00663
46	0.01017	0.01032	0.04093	0.08198	0.03342	0.01320	0.01065	0.01155	0.00795	0.01200	0.00793	0.03710	0.00773	0.01029	0.06237	0.03410	0.59614	0.00465	0.00226	0.00528

[dist]
# distance from previous block
# <min> <max>
0	1

[block]
# block no. 3 follows, 51 sequences, length 31
# corresponding to MSA columns:
# 831-861
name=unknown_D
#
# <colnr> <probs for GDERKNQSTAVLIFYWHMCP>
#	G	D	E	R	K	N	Q	S	T	A	V	L	I	F	Y	W	H	M	C	P
0	0.01070	0.00917	0.00969	0.00893	0.01134	0.01028	0.00687	0.02154	0.60193	0.01877	0.02558	0.07800	0.14970	0.00825	0.00523	0.00169	0.00358	0.00695	0.00490	0.00690
1	0.01879	0.01359	0.01464	0.01122	0.01515	0.01498	0.00927	0.75587	0.02281	0.05576	0.01204	0.01196	0.00848	0.00591	0.00492	0.00148	0.00537	0.00444	0.00495	0.00836
2	0.00680	0.00502	0.00635	0.00602	0.00724	0.00457	0.00451	0.00897	0.01354	0.01882	0.69131	0.03817	0.14965	0.01038	0.00580	0.00156	0.00234	0.00909	0.00529	0.00457
3	0.67387	0.00925	0.00816	0.00697	0.01018	0.01017	0.00575	0.01657	0.00964	0.19630	0.00965	0.00994	0.00685	0.00490	0.00347	0.00152	0.00389	0.00317	0.00372	0.00600
4	0.07551	0.02248	0.01347	0.01224	0.01481	0.75360	0.00921	0.01927	0.01355	0.01271	0.00755	0.00880	0.00626	0.00503	0.00434	0.00128	0.00852	0.00313	0.00257	0.00567
5	0.00702	0.00527	0.00790	0.00790	0.00878	0.00614	0.00614	0.00878	0.00790	0.01141	0.01316	0.01931	0.01229	0.03686	0.80782	0.00790	0.01316	0.00527	0.00263	0.00439
6	0.00854	0.00427	0.00640	0.00640	0.00640	0.00427	0.00427	0.00640	0.00640	0.00854	0.00854	0.01494	0.00854	0.01707	0.01921	0.85702	0.00427	0.00427	0.00213	0.00213
7	0.01676	0.02082	0.01370	0.07528	0.03130	0.67567	0.00970	0.01825	0.01314	0.01210	0.00809	0.00997	0.00678	0.00720	0.05902	0.00175	0.00892	0.00342	0.00251	0.00563
8	0.01314	0.83025	0.02575	0.00841	0.01261	0.01945	0.00841	0.01472	0.00999	0.01156	0.00683	0.00788	0.00631	0.00420	0.00315	0.00105	0.00526	0.00263	0.00210	0.00631
9	0.01019	0.00873	0.01019	0.00728	0.01165	0.00655	0.00582	0.01237	0.01019	0.01601	0.00873	0.01019	0.00728	0.00364	0.00364	0.00073	0.00364	0.00291	0.00291	0.85734
10	0.00897	0.00818	0.01169	0.06496	0.01243	0.02293	0.02906	0.01050	0.00828	0.01199	0.03614	0.04564	0.01144	0.06305	0.29665	0.00425	0.34104	0.00533	0.00258	0.00486
11	0.01088	0.01154	0.04539	0.03673	0.08479	0.01427	0.08037	0.01262	0.00838	0.01271	0.00716	0.01115	0.00665	0.00758	0.01348	0.00201	0.62187	0.00442	0.00220	0.00577
12	0.01128	0.01291	0.04425	0.10020	0.02590	0.01204	0.65684	0.01530	0.01134	0.01543	0.00975	0.01307	0.00733	0.00421	0.00561	0.00162	0.00792	0.00550	0.00246	0.03704
13	0.03513	0.20254	0.20931	0.01364	0.11267	0.02707	0.06678	0.07270	0.06285	0.02737	0.02211	0.04046	0.00895	0.00523	0.00468	0.00141	0.02286	0.00424	0.00284	0.05716
14	0.00605	0.00432	0.00577	0.00684	0.00714	0.00408	0.00457	0.00691	0.00930	0.01243	0.02634	0.77774	0.03147	0.03659	0.03300	0.00226	0.00324	0.01351	0.00446	0.00398
15	0.00703	0.00523	0.00770	0.00770	0.00851	0.00603	0.00589	0.00865	0.00784	0.01126	0.01335	0.02032	0.01273	0.09939	0.74589	0.00765	0.01250	0.00541	0.00266	0.00428
16	0.00752	0.02501	0.10213	0.03819	0.02289	0.00674	0.00733	0.00936	0.00877	0.01217	0.01676	0.19693	0.03157	0.14023	0.30190	0.00447	0.02208	0.03823	0.00311	0.00459
17	0.01321	0.04375	0.08644	0.05367	0.38232	0.12781	0.05650	0.06134	0.06278	0.03238	0.01033	0.02898	0.00843	0.00501	0.00482	0.00147	0.00630	0.00445	0.00283	0.00719
18	0.00704	0.00520	0.00758	0.00758	0.00835	0.00597	0.00575	0.00857	0.00780	0.01117	0.01345	0.02090	0.01298	0.13492	0.71070	0.00751	0.01212	0.00550	0.00268	0.00421
19	0.01839	0.01395	0.01442	0.01118	0.01496	0.05167	0.00918	0.72288	0.02231	0.02973	0.01173	0.01185	0.00839	0.00586	0.00485	0.00146	0.00548	0.00437	0.02924	0.00813
20	0.01107	0.02417	0.08037	0.08653	0.21192	0.02710	0.10563	0.03016	0.02306	0.07167	0.16397	0.02053	0.05751	0.00645	0.00517	0.00154	0.00521	0.02751	0.03405	0.00637
21	0.00712	0.00488	0.00592	0.00592	0.00612	0.00507	0.00368	0.00751	0.00731	0.00995	0.01497	0.02930	0.01663	0.65166	0.19896	0.00546	0.00663	0.00673	0.00290	0.00329
22	0.00599	0.00428	0.00570	0.00684	0.00713	0.00399	0.00456	0.00684	0.00941	0.01254	0.02709	0.82409	0.03250	0.01540	0.00627	0.00200	0.00285	0.01397	0.00456	0.00399
23	0.01136	0.00870	0.01031	0.00742	0.01173	0.00662	0.00596	0.01352	0.01057	0.09347	0.00979	0.01084	0.00776	0.00388	0.00377	0.00081	0.00369	0.00311	0.00322	0.77346
24	0.00698	0.00521	0.00744	0.00734	0.00816	0.00559	0.02077	0.00847	0.00884	0.01238	0.11101	0.09920	0.04761	0.15689	0.46484	0.00572	0.00905	0.00701	0.00327	0.00419
25	0.00682	0.00507	0.00590	0.00571	0.00715	0.00445	0.00428	0.00853	0.01238	0.04035	0.37139	0.08012	0.40741	0.01135	0.00580	0.00162	0.00249	0.00974	0.00498	0.00448
26	0.01800	0.07820	0.01473	0.01237	0.01502	0.75406	0.00942	0.01929	0.01366	0.01200	0.00754	0.00880	0.00633	0.00501	0.00434	0.00125	0.00862	0.00313	0.00250	0.00574
27	0.03576	0.02264	0.01394	0.01289	0.03246	0.75456	0.00953	0.03741	0.01397	0.01277	0.00772	0.00899	0.00639	0.00506	0.00442	0.00128	0.00861	0.00321	0.00260	0.00580
28	0.01007	0.07461	0.54317	0.01272	0.01816	0.01160	0.03113	0.01445	0.01033	0.02790	0.06301	0.02864	0.02388	0.00583	0.00609	0.00160	0.10325	0.00439	0.00248	0.00668
29	0.00856	0.00832	0.05714	0.02510	0.25494	0.00716	0.00862	0.01071	0.01117	0.02702	0.10610	0.11896	0.27638	0.02667	0.00591	0.00170	0.00403	0.03213	0.00379	0.00557
30	0.01190	0.02742	0.07807	0.04340	0.09759	0.10424	0.16544	0.09259	0.05643	0.01655	0.02689	0.06940	0.08092	0.00628	0.00522	0.00149	0.01832	0.00561	0.00323	0.08901

[dist]
# distance from previous block
# <min> <max>
0	99

[block]
# block no. 4 follows, 51 sequences, length 40
# corresponding to MSA columns:
# 961-992,1010-1017
name=unknown_E
#
# <colnr> <probs for GDERKNQSTAVLIFYWHMCP>
#	G	D	E	R	K	N	Q	S	T	A	V	L	I	F	Y	W	H	M	C	P
0	0.06154	0.01619	0.04309	0.15880	0.18053	0.33494	0.03702	0.05176	0.01241	0.01471	0.00912	0.02558	0.00764	0.00521	0.00469	0.00145	0.00711	0.01934	0.00265	0.00622
1	0.03357	0.04285	0.01414	0.01110	0.02938	0.07581	0.00893	0.50834	0.08396	0.05353	0.01251	0.01369	0.00946	0.00598	0.00480	0.00146	0.00536	0.03354	0.00448	0.04711
2	0.02912	0.11919	0.10167	0.01123	0.06329	0.06250	0.00939	0.17031	0.14285	0.04799	0.01425	0.03028	0.04054	0.00719	0.03208	0.00167	0.00543	0.03798	0.01789	0.05516
3	0.01196	0.18690	0.07052	0.01027	0.01357	0.09561	0.08471	0.09659	0.07611	0.02832	0.04362	0.08141	0.11639	0.00724	0.00486	0.00148	0.00525	0.03500	0.00353	0.02667
4	0.00749	0.00550	0.00754	0.00779	0.04371	0.00574	0.02739	0.00832	0.00779	0.01069	0.01461	0.02747	0.01571	0.51363	0.25256	0.00538	0.00737	0.02469	0.00287	0.00376
5	0.01188	0.01123	0.01877	0.09821	0.67137	0.01148	0.01436	0.03331	0.02676	0.01609	0.01000	0.03622	0.00856	0.00483	0.00491	0.00150	0.00576	0.00468	0.00258	0.00748
6	0.01318	0.06037	0.10546	0.04511	0.10128	0.08046	0.08969	0.08997	0.07014	0.11647	0.03979	0.08323	0.02446	0.00715	0.01885	0.00168	0.00578	0.03655	0.00367	0.00671
7	0.55088	0.01195	0.00939	0.00816	0.01124	0.13775	0.00656	0.06996	0.04325	0.09777	0.00909	0.00968	0.00677	0.00497	0.00366	0.00148	0.00476	0.00321	0.00347	0.00600
8	0.00623	0.00450	0.00574	0.00663	0.00709	0.00421	0.00453	0.00713	0.00949	0.01244	0.02819	0.59826	0.11330	0.10454	0.00833	0.00228	0.00314	0.06563	0.00438	0.00393
9	0.01028	0.00934	0.05372	0.00937	0.02441	0.00935	0.00743	0.01900	0.44734	0.03329	0.10795	0.15942	0.04812	0.00878	0.00537	0.00171	0.00373	0.03011	0.00476	0.00654
10	0.01192	0.01150	0.01833	0.20094	0.56199	0.04040	0.01431	0.03711	0.01126	0.01549	0.00909	0.01221	0.00745	0.00465	0.00509	0.00151	0.02281	0.00433	0.00245	0.00717
11	0.00603	0.00433	0.00572	0.00676	0.00712	0.00403	0.00454	0.00697	0.00968	0.01291	0.06487	0.76317	0.05556	0.01505	0.00624	0.00196	0.00281	0.01362	0.00460	0.00403
12	0.01293	0.08656	0.18562	0.05984	0.31167	0.16675	0.05932	0.03332	0.01167	0.01493	0.00870	0.01088	0.00698	0.00461	0.00465	0.00143	0.00685	0.00392	0.00239	0.00697
13	0.01123	0.01085	0.01757	0.36060	0.33557	0.04968	0.07272	0.01425	0.01081	0.02984	0.00974	0.02559	0.00796	0.00497	0.00499	0.00156	0.00638	0.01673	0.00247	0.00651
14	0.00691	0.00498	0.00673	0.00781	0.00858	0.00480	0.00614	0.00847	0.01042	0.01363	0.02777	0.41177	0.07080	0.01436	0.00650	0.00211	0.00364	0.37579	0.00454	0.00426
15	0.00664	0.00501	0.00613	0.00585	0.00715	0.00450	0.00439	0.00867	0.01317	0.01795	0.59030	0.03961	0.25121	0.01070	0.00580	0.00158	0.00237	0.00929	0.00518	0.00450
16	0.00617	0.00441	0.00592	0.00706	0.00742	0.00415	0.00489	0.00717	0.00959	0.01275	0.02698	0.74967	0.03209	0.01522	0.00632	0.00202	0.00301	0.08655	0.00456	0.00404
17	0.00604	0.00498	0.00525	0.00519	0.00671	0.00425	0.00385	0.00742	0.01150	0.01419	0.17009	0.04503	0.64477	0.04110	0.00649	0.00175	0.00254	0.01001	0.00465	0.00419
18	0.86201	0.00950	0.00722	0.00646	0.00950	0.01102	0.00532	0.01445	0.00836	0.02205	0.00684	0.00798	0.00532	0.00456	0.00304	0.00152	0.00380	0.00266	0.00304	0.00532
19	0.86201	0.00950	0.00722	0.00646	0.00950	0.01102	0.00532	0.01445	0.00836	0.02205	0.00684	0.00798	0.00532	0.00456	0.00304	0.00152	0.00380	0.00266	0.00304	0.00532
20	0.01019	0.00873	0.01019	0.00728	0.01165	0.00655	0.00582	0.01237	0.01019	0.01601	0.00873	0.01019	0.00728	0.00364	0.00364	0.00073	0.00364	0.00291	0.00291	0.85734
21	0.01386	0.58630	0.08036	0.01007	0.01420	0.17211	0.03565	0.01577	0.01084	0.01209	0.00723	0.00844	0.00634	0.00440	0.00360	0.00115	0.00621	0.00291	0.00220	0.00627
22	0.01314	0.83025	0.02575	0.00841	0.01261	0.01945	0.00841	0.01472	0.00999	0.01156	0.00683	0.00788	0.00631	0.00420	0.00315	0.00105	0.00526	0.00263	0.00210	0.00631
23	0.52616	0.07549	0.05568	0.00891	0.01226	0.17280	0.03314	0.03811	0.01026	0.01892	0.00735	0.00858	0.00581	0.00467	0.00357	0.00144	0.00533	0.00297	0.00285	0.00571
24	0.00689	0.00502	0.00648	0.00611	0.00730	0.00461	0.00459	0.00915	0.01376	0.01934	0.75183	0.03731	0.08881	0.01018	0.00580	0.00155	0.00233	0.00897	0.00536	0.00461
25	0.00584	0.00498	0.00502	0.00501	0.00666	0.00416	0.00376	0.00711	0.01127	0.01343	0.06821	0.04703	0.77612	0.01239	0.00581	0.00166	0.00248	0.01033	0.00458	0.00416
26	0.01265	0.01077	0.01135	0.01009	0.01294	0.01242	0.00788	0.07575	0.73743	0.02124	0.01946	0.01790	0.01456	0.00662	0.00499	0.00165	0.00399	0.00548	0.00499	0.00782
27	0.01019	0.00873	0.01019	0.00728	0.01165	0.00655	0.00582	0.01237	0.01019	0.01601	0.00873	0.01019	0.00728	0.00364	0.00364	0.00073	0.00364	0.00291	0.00291	0.85734
28	0.00854	0.00427	0.00640	0.00640	0.00640	0.00427	0.00427	0.00640	0.00640	0.00854	0.00854	0.01494	0.00854	0.01707	0.01921	0.85702	0.00427	0.00427	0.00213	0.00213
29	0.01125	0.01571	0.18464	0.01936	0.02479	0.01222	0.62560	0.01571	0.01135	0.01571	0.00972	0.01268	0.00721	0.00425	0.00557	0.00164	0.00808	0.00536	0.00240	0.00676
30	0.01868	0.01376	0.01475	0.01131	0.01524	0.01524	0.00934	0.78025	0.02311	0.03097	0.01180	0.01180	0.00836	0.00590	0.00492	0.00147	0.00541	0.00442	0.00492	0.00836
31	0.01880	0.01358	0.01463	0.01122	0.01515	0.01497	0.00927	0.75441	0.02280	0.05725	0.01206	0.01197	0.00849	0.00591	0.00492	0.00148	0.00537	0.00444	0.00496	0.00836
32	0.01094	0.01158	0.02089	0.04472	0.01909	0.01337	0.34956	0.01349	0.00964	0.01386	0.03649	0.01288	0.00834	0.00655	0.01080	0.00189	0.40247	0.00513	0.00242	0.00590
33	0.00715	0.00476	0.00536	0.00536	0.00536	0.00476	0.00298	0.00715	0.00715	0.00953	0.01548	0.03216	0.01787	0.82729	0.02501	0.00476	0.00476	0.00715	0.00298	0.00298
34	0.77705	0.00939	0.00765	0.00669	0.00981	0.01064	0.00551	0.01541	0.00894	0.10073	0.00811	0.00887	0.00601	0.00472	0.00323	0.00152	0.00384	0.00289	0.00335	0.00563
35	0.00713	0.00518	0.00746	0.00744	0.00827	0.00588	0.00567	0.00878	0.00822	0.01195	0.04965	0.02119	0.01436	0.10314	0.66536	0.00702	0.01143	0.00557	0.04202	0.00429
36	0.00701	0.00508	0.00711	0.00716	0.00777	0.00567	0.00521	0.00824	0.00776	0.01095	0.01444	0.06006	0.01474	0.25064	0.55801	0.00677	0.01040	0.00618	0.00282	0.00399
37	0.04544	0.43630	0.01982	0.01045	0.02664	0.33084	0.00883	0.03115	0.01184	0.02839	0.00752	0.00860	0.00646	0.00463	0.00375	0.00118	0.00662	0.00295	0.00244	0.00613
38	0.20925	0.12561	0.12710	0.01074	0.04261	0.08832	0.03925	0.11842	0.03803	0.08129	0.05315	0.01230	0.00961	0.01894	0.00458	0.00149	0.00541	0.00396	0.00337	0.00657
39	0.01743	0.07997	0.01491	0.01262	0.04086	0.58691	0.00948	0.10369	0.06229	0.01475	0.00883	0.00981	0.00714	0.00517	0.00444	0.00130	0.00781	0.00345	0.00291	0.00623

[dist]
# distance from previous block
# <min> <max>
1	2

[block]
# block no. 5 follows, 51 sequences, length 8
# corresponding to MSA columns:
# 1020-1027
name=unknown_F
#
# <colnr> <probs for GDERKNQSTAVLIFYWHMCP>
#	G	D	E	R	K	N	Q	S	T	A	V	L	I	F	Y	W	H	M	C	P
0	0.01289	0.12130	0.16127	0.01086	0.01473	0.07920	0.01006	0.07889	0.41956	0.01853	0.01455	0.01421	0.01101	0.00578	0.00464	0.00152	0.00522	0.00453	0.00387	0.00736
1	0.00679	0.00498	0.00637	0.00610	0.00726	0.00455	0.00455	0.00892	0.01339	0.01868	0.67872	0.08207	0.11812	0.01058	0.00582	0.00158	0.00236	0.00932	0.00528	0.00455
2	0.00670	0.00632	0.05046	0.00693	0.03153	0.00508	0.00539	0.00862	0.01173	0.01545	0.28978	0.07034	0.38902	0.01292	0.06581	0.00209	0.00361	0.00909	0.00450	0.00460
3	0.01135	0.17779	0.32070	0.01090	0.01588	0.09212	0.01173	0.01467	0.01059	0.01438	0.00918	0.01220	0.00773	0.00498	0.00453	0.00129	0.02757	0.04545	0.00246	0.20449
4	0.00738	0.00517	0.00685	0.00773	0.00853	0.00508	0.00617	0.00898	0.01025	0.01358	0.02504	0.21196	0.05146	0.13430	0.00922	0.00251	0.00405	0.43955	0.03800	0.00417
5	0.02862	0.00970	0.01440	0.33957	0.14930	0.05608	0.05381	0.01305	0.01037	0.04116	0.02775	0.03532	0.05526	0.02913	0.04803	0.00204	0.05630	0.02160	0.00276	0.00575
6	0.04388	0.28554	0.11088	0.04070	0.11000	0.14543	0.13696	0.01611	0.01118	0.04418	0.00853	0.01024	0.00686	0.00452	0.00430	0.00135	0.00660	0.00371	0.00246	0.00656
7	0.01036	0.01061	0.01711	0.61973	0.03106	0.07085	0.14390	0.01363	0.01044	0.01306	0.00886	0.01281	0.00669	0.00479	0.00503	0.00161	0.00702	0.00452	0.00226	0.00568

[dist]
# distance from previous block
# <min> <max>
0	4

[block]
# block no. 6 follows, 51 sequences, length 48
# corresponding to MSA columns:
# 1032-1079
name=unknown_G
#
# <colnr> <probs for GDERKNQSTAVLIFYWHMCP>
#	G	D	E	R	K	N	Q	S	T	A	V	L	I	F	Y	W	H	M	C	P
0	0.01220	0.25769	0.09606	0.02023	0.10399	0.03928	0.00943	0.08068	0.05585	0.02766	0.05591	0.04465	0.01080	0.00531	0.00422	0.00125	0.00502	0.00420	0.00306	0.16252
1	0.00688	0.00591	0.03868	0.00592	0.00762	0.00473	0.00468	0.00827	0.01072	0.04811	0.05042	0.12200	0.54780	0.06024	0.05377	0.00222	0.00355	0.00972	0.00434	0.00440
2	0.00771	0.00572	0.00807	0.00787	0.00885	0.00655	0.00605	0.05374	0.00872	0.01238	0.01329	0.02001	0.01255	0.10552	0.69108	0.00724	0.01196	0.00538	0.00280	0.00449
3	0.01113	0.05864	0.03420	0.05074	0.31289	0.01130	0.09924	0.01635	0.18121	0.01644	0.05930	0.05763	0.04071	0.00614	0.00528	0.00157	0.02138	0.00565	0.00332	0.00690
