[name]
unknown

[dist]
# distance from previous block
# <min> <max>
0	150

[block]
# block no. 0 follows, 65 sequences, length 103
# corresponding to MSA columns:
# 187-210,214-231,246-292,297-310
name=unknown_A
#
# <colnr> <probs for GDERKNQSTAVLIFYWHMCP>
#	G	D	E	R	K	N	Q	S	T	A	V	L	I	F	Y	W	H	M	C	P
0	0.14431	0.00636	0.04710	0.00724	0.00878	0.00610	0.00631	0.01041	0.09866	0.01361	0.01862	0.11299	0.04185	0.00928	0.00486	0.00167	0.00355	0.45053	0.00353	0.00424
1	0.05992	0.00858	0.00903	0.00794	0.01042	0.00960	0.00621	0.02008	0.67882	0.03334	0.01513	0.01412	0.01138	0.00521	0.00397	0.00130	0.00323	0.00427	0.00393	0.09352
2	0.06122	0.00891	0.00971	0.00837	0.01091	0.01002	0.02183	0.10011	0.60534	0.09397	0.01519	0.01407	0.01118	0.00532	0.00408	0.00136	0.00346	0.00437	0.00412	0.00646
3	0.01136	0.00745	0.00916	0.00711	0.01005	0.01813	0.00580	0.01335	0.03687	0.24145	0.01071	0.01244	0.00835	0.00460	0.00458	0.00102	0.08750	0.04858	0.00324	0.45824
4	0.01626	0.00722	0.00989	0.07200	0.01198	0.00649	0.01771	0.03338	0.02865	0.64363	0.01440	0.01310	0.00933	0.00479	0.00403	0.00122	0.00366	0.00393	0.00449	0.09385
5	0.00940	0.00885	0.01487	0.06926	0.67354	0.00895	0.01138	0.01177	0.02023	0.01294	0.00962	0.11234	0.00903	0.00482	0.00421	0.00128	0.00459	0.00464	0.00226	0.00601
6	0.00572	0.08883	0.00658	0.00599	0.00661	0.00473	0.00435	0.00659	0.00803	0.01054	0.02087	0.70555	0.02469	0.01181	0.00501	0.00161	0.00269	0.07263	0.00360	0.00356
7	0.00642	0.00476	0.00670	0.00651	0.00737	0.00538	0.00502	0.05330	0.00779	0.01107	0.09245	0.01778	0.01316	0.07003	0.66620	0.00563	0.00936	0.00474	0.00255	0.00381
8	0.83502	0.00799	0.00622	0.00557	0.00809	0.00927	0.00456	0.01262	0.05336	0.01835	0.00634	0.00716	0.00491	0.00391	0.00263	0.00128	0.00318	0.00236	0.00263	0.00456
9	0.00967	0.00925	0.01578	0.19200	0.66715	0.00962	0.01235	0.01217	0.00912	0.01282	0.00763	0.01032	0.00629	0.00375	0.00407	0.00125	0.00500	0.00366	0.00199	0.00611
10	0.01052	0.63140	0.12790	0.00768	0.01150	0.04448	0.00792	0.01234	0.00852	0.01049	0.00611	0.00708	0.00534	0.00354	0.00288	0.00091	0.00459	0.00235	0.00183	0.09261
11	0.00535	0.00396	0.00521	0.00575	0.00635	0.00369	0.00399	0.00628	0.00796	0.01081	0.04742	0.64909	0.05817	0.01371	0.08819	0.00206	0.00326	0.01003	0.00358	0.06515
12	0.05166	0.02236	0.01159	0.02493	0.01234	0.02273	0.00731	0.60904	0.02696	0.06934	0.00972	0.00983	0.00696	0.00466	0.00391	0.00117	0.00429	0.00351	0.00383	0.09385
13	0.00925	0.02583	0.50050	0.01001	0.01449	0.02442	0.02253	0.02523	0.12062	0.07694	0.11851	0.01291	0.01108	0.00483	0.00408	0.00130	0.00493	0.00394	0.00274	0.00588
14	0.00587	0.00436	0.00639	0.00639	0.00705	0.00502	0.00487	0.00719	0.00653	0.00937	0.01119	0.01720	0.01073	0.11300	0.75790	0.00634	0.01030	0.00455	0.00223	0.00355
15	0.01042	0.70234	0.08962	0.09102	0.01292	0.01496	0.00815	0.01217	0.00836	0.01002	0.00601	0.00720	0.00528	0.00360	0.00289	0.00096	0.00464	0.00241	0.00176	0.00527
16	0.00926	0.40204	0.36499	0.00889	0.01317	0.01209	0.01020	0.01209	0.00877	0.01176	0.08835	0.00991	0.00858	0.00423	0.00359	0.00112	0.02038	0.00310	0.00202	0.00545
17	0.00599	0.00472	0.00629	0.00721	0.08832	0.00438	0.00482	0.00760	0.01016	0.01366	0.36927	0.12716	0.23510	0.00925	0.00490	0.00141	0.00251	0.08936	0.00393	0.00396
18	0.01078	0.77358	0.02062	0.00740	0.01056	0.01588	0.00722	0.01205	0.00814	0.00968	0.00568	0.00682	0.00528	0.00388	0.00371	0.00097	0.08848	0.00233	0.00176	0.00519
19	0.00631	0.00470	0.00595	0.00567	0.00677	0.00457	0.00435	0.00921	0.09228	0.01621	0.68500	0.03034	0.03496	0.00834	0.00484	0.00135	0.00221	0.06841	0.00443	0.00413
20	0.01110	0.67113	0.12035	0.00784	0.01164	0.01507	0.00810	0.09252	0.00947	0.01168	0.00632	0.00717	0.00543	0.00370	0.00294	0.00097	0.00461	0.00245	0.00199	0.00554
21	0.01015	0.09724	0.31607	0.01351	0.10634	0.01038	0.21248	0.04488	0.07187	0.06466	0.00884	0.01011	0.00655	0.00397	0.00407	0.00127	0.00555	0.00369	0.00234	0.00603
22	0.09267	0.00401	0.00489	0.00568	0.00615	0.00392	0.00387	0.00635	0.00777	0.01127	0.02094	0.76871	0.02489	0.01196	0.00497	0.00163	0.00246	0.01073	0.00368	0.00344
23	0.00552	0.00419	0.00595	0.00766	0.08809	0.00397	0.00469	0.00640	0.00801	0.01077	0.02114	0.76906	0.02509	0.01194	0.00512	0.00162	0.00263	0.01087	0.00363	0.00365
24	0.01625	0.02409	0.01230	0.00924	0.01250	0.05609	0.08743	0.30162	0.01416	0.40446	0.01242	0.01173	0.00828	0.00479	0.00414	0.00125	0.00443	0.00393	0.00421	0.00668
25	0.00978	0.01100	0.05519	0.01783	0.18943	0.01020	0.53308	0.01389	0.09060	0.01360	0.00898	0.01120	0.00687	0.00373	0.00457	0.00135	0.00609	0.00450	0.00226	0.00586
26	0.00528	0.00394	0.00552	0.08944	0.00818	0.00391	0.00457	0.00619	0.00789	0.01048	0.02110	0.76914	0.02499	0.01199	0.00513	0.00164	0.00269	0.01087	0.00361	0.00346
27	0.01266	0.01001	0.01110	0.09236	0.01346	0.01136	0.00764	0.41840	0.33944	0.02086	0.01234	0.01215	0.00905	0.00510	0.00413	0.00131	0.00411	0.00407	0.00391	0.00655
28	0.01020	0.00887	0.05189	0.00987	0.09348	0.00713	0.09979	0.05782	0.00968	0.09661	0.00850	0.00961	0.00656	0.00350	0.00356	0.00089	0.00395	0.00310	0.00268	0.51232
29	0.00845	0.11814	0.65601	0.01052	0.01568	0.00973	0.01305	0.01215	0.00830	0.01202	0.00715	0.00880	0.00540	0.00489	0.00496	0.08887	0.00562	0.00299	0.00174	0.00555
30	0.00800	0.01956	0.75197	0.01119	0.01673	0.00909	0.01417	0.01243	0.00846	0.01265	0.00773	0.00941	0.00570	0.00658	0.08717	0.00183	0.00656	0.00317	0.00178	0.00583
31	0.00521	0.00577	0.08699	0.00514	0.00682	0.00405	0.00442	0.00657	0.00907	0.01119	0.03541	0.15489	0.62974	0.01011	0.00481	0.00142	0.00252	0.00854	0.00360	0.00371
32	0.01370	0.04728	0.01262	0.01219	0.14023	0.39562	0.00840	0.17883	0.12450	0.01475	0.00868	0.00939	0.00682	0.00444	0.00386	0.00116	0.00573	0.00327	0.00278	0.00574
33	0.09346	0.00490	0.00570	0.05334	0.00810	0.00479	0.00491	0.00780	0.00908	0.02323	0.03906	0.07473	0.38609	0.00970	0.00485	0.00154	0.00295	0.25843	0.00359	0.00377
34	0.00552	0.00419	0.00595	0.00766	0.08809	0.00397	0.00469	0.00640	0.00801	0.01077	0.02114	0.76906	0.02509	0.01194	0.00512	0.00162	0.00263	0.01087	0.00363	0.00365
35	0.01678	0.00687	0.00922	0.00707	0.01018	0.00587	0.00580	0.01841	0.01142	0.70902	0.05734	0.01429	0.01123	0.00505	0.00406	0.00121	0.00337	0.00413	0.00479	0.09391
36	0.01002	0.00961	0.01641	0.07185	0.78455	0.00972	0.01253	0.01248	0.00928	0.01324	0.00770	0.01020	0.00644	0.00368	0.00407	0.00123	0.00491	0.00366	0.00202	0.00639
37	0.00823	0.02123	0.83447	0.01170	0.01777	0.00953	0.01517	0.01300	0.00867	0.01300	0.00737	0.00867	0.00520	0.00390	0.00390	0.00130	0.00607	0.00303	0.00173	0.00607
38	0.00581	0.00420	0.00549	0.00516	0.00613	0.00387	0.00387	0.00775	0.01162	0.01646	0.82797	0.03066	0.03873	0.00839	0.00484	0.00129	0.00194	0.00742	0.00452	0.00387
39	0.01097	0.85821	0.02151	0.00702	0.01054	0.01624	0.00702	0.01229	0.00834	0.00966	0.00571	0.00658	0.00527	0.00351	0.00263	0.00088	0.00439	0.00219	0.00176	0.00527
40	0.00851	0.00730	0.00851	0.00608	0.00973	0.00547	0.00486	0.01034	0.00851	0.01338	0.00730	0.00851	0.00608	0.00304	0.00304	0.00061	0.00304	0.00243	0.00243	0.88083
41	0.01097	0.85821	0.02151	0.00702	0.01054	0.01624	0.00702	0.01229	0.00834	0.00966	0.00571	0.00658	0.00527	0.00351	0.00263	0.00088	0.00439	0.00219	0.00176	0.00527
42	0.01097	0.85821	0.02151	0.00702	0.01054	0.01624	0.00702	0.01229	0.00834	0.00966	0.00571	0.00658	0.00527	0.00351	0.00263	0.00088	0.00439	0.00219	0.00176	0.00527
43	0.01451	0.01468	0.02845	0.00996	0.01270	0.35582	0.02269	0.34617	0.12363	0.01763	0.00924	0.00957	0.00697	0.00468	0.00396	0.00119	0.00562	0.00339	0.00320	0.00595
44	0.00614	0.00432	0.00510	0.00532	0.00564	0.00438	0.00346	0.00734	0.06857	0.00960	0.01615	0.20996	0.01823	0.52896	0.01480	0.00308	0.00355	0.07928	0.00302	0.00309
45	0.00548	0.00391	0.00527	0.00614	0.00660	0.00373	0.00452	0.00655	0.00842	0.01119	0.06164	0.58742	0.02657	0.02817	0.00563	0.00175	0.00275	0.21698	0.00381	0.00346
46	0.00851	0.00730	0.00851	0.00608	0.00973	0.00547	0.00486	0.01034	0.00851	0.01338	0.00730	0.00851	0.00608	0.00304	0.00304	0.00061	0.00304	0.00243	0.00243	0.88083
47	0.00908	0.00728	0.00857	0.00615	0.00977	0.00550	0.00493	0.01089	0.00870	0.05997	0.00780	0.00882	0.00631	0.00316	0.00310	0.00065	0.00307	0.00253	0.00258	0.83116
48	0.01490	0.11770	0.01333	0.00907	0.01233	0.02321	0.00763	0.69316	0.01766	0.02348	0.00935	0.00950	0.00680	0.00474	0.00390	0.00118	0.00450	0.00350	0.01739	0.00669
49	0.00929	0.01079	0.04571	0.01626	0.02017	0.00982	0.73109	0.01258	0.00952	0.01294	0.00936	0.07478	0.00778	0.00418	0.00485	0.00140	0.00655	0.00531	0.00220	0.00538
50	0.00775	0.00730	0.01231	0.84587	0.02827	0.00912	0.01140	0.01049	0.00821	0.01049	0.00730	0.01094	0.00547	0.00410	0.00410	0.00137	0.00547	0.00365	0.00182	0.00456
51	0.00910	0.00677	0.00551	0.00527	0.00652	0.14028	0.00397	0.01160	0.07074	0.01459	0.01250	0.01402	0.00982	0.00475	0.00310	0.00101	0.00291	0.00370	0.66968	0.00418
52	0.12402	0.01273	0.01139	0.00917	0.01212	0.18371	0.00741	0.55013	0.01617	0.02166	0.00861	0.00895	0.00631	0.00464	0.00383	0.00120	0.00495	0.00329	0.00350	0.00620
53	0.00586	0.00440	0.00660	0.00660	0.00733	0.00513	0.00513	0.00733	0.00660	0.00953	0.01100	0.01613	0.01026	0.03079	0.83947	0.00660	0.01100	0.00440	0.00220	0.00367
54	0.00959	0.14608	0.57313	0.01013	0.01515	0.00998	0.01224	0.02792	0.00894	0.08736	0.00828	0.00989	0.00625	0.05239	0.00470	0.00138	0.00543	0.00318	0.00213	0.00584
55	0.00765	0.00383	0.00383	0.00383	0.00478	0.00383	0.00287	0.00956	0.00861	0.01530	0.01339	0.01530	0.01052	0.00478	0.00287	0.00096	0.00191	0.00383	0.87853	0.00383
56	0.01046	0.35485	0.25980	0.00914	0.01312	0.05288	0.02957	0.05170	0.13356	0.02412	0.00855	0.02052	0.00683	0.00419	0.00348	0.00114	0.00489	0.00313	0.00233	0.00575
57	0.01016	0.00975	0.01666	0.02520	0.83013	0.00975	0.01260	0.01260	0.00935	0.01341	0.00772	0.01016	0.00650	0.00366	0.00406	0.00122	0.00488	0.00366	0.00203	0.00650
58	0.04141	0.31264	0.14580	0.00899	0.02359	0.10610	0.00849	0.20061	0.06164	0.02651	0.00818	0.02419	0.00657	0.00432	0.00348	0.00112	0.00487	0.00310	0.00260	0.00579
59	0.00963	0.00740	0.00872	0.00630	0.00989	0.00575	0.00506	0.03688	0.00915	0.08750	0.00818	0.00905	0.00648	0.00328	0.00317	0.00069	0.00313	0.00262	0.00272	0.77440
60	0.01021	0.00882	0.00928	0.00835	0.01067	0.01021	0.00650	0.02181	0.82272	0.01717	0.01671	0.01532	0.01253	0.00557	0.00418	0.00139	0.00325	0.00464	0.00418	0.00650
61	0.88473	0.00794	0.00603	0.00540	0.00794	0.00921	0.00445	0.01207	0.00699	0.01842	0.00572	0.00667	0.00445	0.00381	0.00254	0.00127	0.00318	0.00222	0.00254	0.00445
62	0.00851	0.00730	0.00851	0.00608	0.00973	0.00547	0.00486	0.01034	0.00851	0.01338	0.00730	0.00851	0.00608	0.00304	0.00304	0.00061	0.00304	0.00243	0.00243	0.88083
63	0.00504	0.00360	0.00480	0.00569	0.00596	0.00336	0.00381	0.00582	0.00804	0.01077	0.06205	0.81280	0.02772	0.01264	0.00522	0.00165	0.00236	0.01146	0.00385	0.00336
64	0.01375	0.32520	0.01523	0.00928	0.01190	0.53932	0.00760	0.01490	0.01043	0.00990	0.00611	0.00710	0.00528	0.00397	0.00331	0.00099	0.00630	0.00248	0.00198	0.00494
65	0.00775	0.00730	0.01231	0.84587	0.02827	0.00912	0.01140	0.01049	0.00821	0.01049	0.00730	0.01094	0.00547	0.00410	0.00410	0.00137	0.00547	0.00365	0.00182	0.00456
66	0.01035	0.01019	0.01618	0.02366	0.74354	0.05052	0.01216	0.01263	0.00928	0.01305	0.00752	0.00996	0.00638	0.00389	0.00458	0.00124	0.05294	0.00360	0.00202	0.00630
67	0.01009	0.00995	0.01781	0.02399	0.70692	0.00985	0.13488	0.01268	0.00940	0.01337	0.00781	0.01030	0.00646	0.00363	0.00418	0.00124	0.00519	0.00384	0.00204	0.00635
68	0.00500	0.00357	0.00476	0.00572	0.00595	0.00333	0.00381	0.00572	0.00786	0.01048	0.02262	0.85306	0.02715	0.01286	0.00524	0.00167	0.00238	0.01167	0.00381	0.00333
69	0.00485	0.00416	0.00416	0.00416	0.00554	0.00347	0.00312	0.00589	0.00936	0.01109	0.04158	0.03950	0.82847	0.01040	0.00485	0.00139	0.00208	0.00866	0.00381	0.00347
70	0.00878	0.15876	0.65990	0.01076	0.01623	0.01067	0.01340	0.01331	0.04846	0.01265	0.00755	0.00865	0.00557	0.00392	0.00370	0.00123	0.00565	0.00297	0.00186	0.00596
71	0.00877	0.00864	0.01205	0.01038	0.01039	0.01199	0.00858	0.00963	0.00628	0.00978	0.00588	0.01001	0.00596	0.04923	0.03153	0.00201	0.78896	0.00373	0.00184	0.00437
72	0.00485	0.00416	0.00416	0.00416	0.00554	0.00347	0.00312	0.00589	0.00936	0.01109	0.04158	0.03950	0.82847	0.01040	0.00485	0.00139	0.00208	0.00866	0.00381	0.00347
73	0.01533	0.01956	0.01163	0.01058	0.01269	0.83926	0.00793	0.01639	0.01163	0.01005	0.00635	0.00740	0.00529	0.00423	0.00370	0.00106	0.00740	0.00264	0.00212	0.00476
74	0.01012	0.00966	0.01622	0.03962	0.77512	0.00976	0.01228	0.01301	0.04914	0.01354	0.00815	0.01043	0.00678	0.00376	0.00407	0.00123	0.00481	0.00371	0.00213	0.00647
75	0.00962	0.01165	0.07488	0.01733	0.06081	0.01030	0.72555	0.01311	0.00961	0.01315	0.00822	0.01088	0.00618	0.00350	0.00475	0.00137	0.00677	0.00467	0.00205	0.00562
76	0.01842	0.00699	0.00953	0.00730	0.01048	0.00603	0.00603	0.02000	0.01175	0.83298	0.01619	0.01397	0.01016	0.00508	0.00413	0.00127	0.00349	0.00413	0.00508	0.00699
77	0.00516	0.00380	0.00487	0.00567	0.00617	0.00351	0.00401	0.00606	0.00828	0.01078	0.02565	0.62829	0.15886	0.01228	0.00522	0.00165	0.00249	0.10003	0.00381	0.00341
78	0.00823	0.02123	0.83447	0.01170	0.01777	0.00953	0.01517	0.01300	0.00867	0.01300	0.00737	0.00867	0.00520	0.00390	0.00390	0.00130	0.00607	0.00303	0.00173	0.00607
79	0.01044	0.00877	0.00929	0.00832	0.01067	0.01009	0.00648	0.02176	0.80014	0.03988	0.01669	0.01528	0.01246	0.00556	0.00418	0.00139	0.00326	0.00463	0.00420	0.00651
80	0.00851	0.00730	0.00851	0.00608	0.00973	0.00547	0.00486	0.01034	0.00851	0.01338	0.00730	0.00851	0.00608	0.00304	0.00304	0.00061	0.00304	0.00243	0.00243	0.88083
81	0.01097	0.85821	0.02151	0.00702	0.01054	0.01624	0.00702	0.01229	0.00834	0.00966	0.00571	0.00658	0.00527	0.00351	0.00263	0.00088	0.00439	0.00219	0.00176	0.00527
82	0.00783	0.00842	0.06508	0.19961	0.22294	0.00779	0.13687	0.01020	0.00901	0.01195	0.01666	0.07321	0.20110	0.00594	0.00445	0.00135	0.00458	0.00551	0.00251	0.00496
83	0.00851	0.00730	0.00851	0.00608	0.00973	0.00547	0.00486	0.01034	0.00851	0.01338	0.00730	0.00851	0.00608	0.00304	0.00304	0.00061	0.00304	0.00243	0.00243	0.88083
84	0.00832	0.04653	0.80990	0.01156	0.01755	0.00974	0.01492	0.01298	0.00866	0.01290	0.00732	0.00860	0.00520	0.00389	0.00386	0.00129	0.00602	0.00301	0.00173	0.00604
85	0.00694	0.00484	0.00555	0.00574	0.00649	0.04467	0.00400	0.00785	0.00879	0.08444	0.13627	0.45349	0.08207	0.12070	0.00702	0.00183	0.00285	0.00899	0.00377	0.00371
86	0.00966	0.01258	0.21074	0.02131	0.56716	0.00976	0.08352	0.01274	0.00922	0.01329	0.00769	0.00989	0.00617	0.00370	0.00409	0.00125	0.00534	0.00361	0.00197	0.00631
87	0.00851	0.00730	0.00851	0.00608	0.00973	0.00547	0.00486	0.01034	0.00851	0.01338	0.00730	0.00851	0.00608	0.00304	0.00304	0.00061	0.00304	0.00243	0.00243	0.88083
88	0.00590	0.00425	0.00583	0.00583	0.00630	0.00471	0.00417	0.00684	0.00637	0.00896	0.01170	0.02002	0.01195	0.33007	0.54250	0.00565	0.00845	0.00497	0.00230	0.00324
89	0.00586	0.00503	0.04598	0.00542	0.00666	0.00412	0.00437	0.00788	0.01132	0.01592	0.73390	0.03019	0.09122	0.00831	0.00480	0.00130	0.00215	0.00729	0.00433	0.00395
90	0.01041	0.00742	0.00986	0.00845	0.08426	0.00605	0.03684	0.01225	0.00921	0.16836	0.00981	0.05114	0.00793	0.00398	0.00352	0.00087	0.00341	0.00341	0.00295	0.55988
91	0.88473	0.00794	0.00603	0.00540	0.00794	0.00921	0.00445	0.01207	0.00699	0.01842	0.00572	0.00667	0.00445	0.00381	0.00254	0.00127	0.00318	0.00222	0.00254	0.00445
92	0.00798	0.00661	0.00814	0.00857	0.09582	0.00700	0.00586	0.01375	0.33163	0.01612	0.37448	0.03474	0.04743	0.00694	0.00451	0.00134	0.00280	0.01704	0.00408	0.00517
93	0.00543	0.00418	0.00496	0.00476	0.00590	0.00371	0.00357	0.00701	0.01072	0.01433	0.51578	0.03417	0.35225	0.00919	0.00485	0.00133	0.00199	0.00792	0.00424	0.00371
94	0.00775	0.00730	0.01231	0.84587	0.02827	0.00912	0.01140	0.01049	0.00821	0.01049	0.00730	0.01094	0.00547	0.00410	0.00410	0.00137	0.00547	0.00365	0.00182	0.00456
95	0.88473	0.00794	0.00603	0.00540	0.00794	0.00921	0.00445	0.01207	0.00699	0.01842	0.00572	0.00667	0.00445	0.00381	0.00254	0.00127	0.00318	0.00222	0.00254	0.00445
96	0.01016	0.00975	0.01666	0.02520	0.83013	0.00975	0.01260	0.01260	0.00935	0.01341	0.00772	0.01016	0.00650	0.00366	0.00406	0.00122	0.00488	0.00366	0.00203	0.00650
97	0.01016	0.00975	0.01666	0.02520	0.83013	0.00975	0.01260	0.01260	0.00935	0.01341	0.00772	0.01016	0.00650	0.00366	0.00406	0.00122	0.00488	0.00366	0.00203	0.00650
98	0.00713	0.00357	0.00535	0.00535	0.00535	0.00357	0.00357	0.00535	0.00535	0.00713	0.00713	0.01248	0.00713	0.01426	0.01604	0.88057	0.00357	0.00357	0.00178	0.00178
99	0.00532	0.00425	0.00477	0.00468	0.00590	0.00374	0.00352	0.00686	0.02387	0.01309	0.31731	0.05182	0.50619	0.00967	0.00486	0.00137	0.00209	0.02297	0.00407	0.00366
100	0.00887	0.00728	0.00855	0.00612	0.00976	0.00549	0.00491	0.01069	0.00863	0.04320	0.00762	0.00871	0.00623	0.00311	0.00308	0.00063	0.00306	0.00249	0.00253	0.84904
101	0.00851	0.00730	0.00851	0.00608	0.00973	0.00547	0.00486	0.01034	0.00851	0.01338	0.00730	0.00851	0.00608	0.00304	0.00304	0.00061	0.00304	0.00243	0.00243	0.88083
102	0.00908	0.00871	0.09582	0.00679	0.01057	0.00598	0.00606	0.02070	0.00892	0.06221	0.02489	0.00978	0.00712	0.00348	0.00328	0.00076	0.00339	0.01238	0.00259	0.69750

[dist]
# distance from previous block
# <min> <max>
1	3

[block]
# block no. 1 follows, 65 sequences, length 33
# corresponding to MSA columns:
# 314-346
name=unknown_B
#
# <colnr> <probs for GDERKNQSTAVLIFYWHMCP>
#	G	D	E	R	K	N	Q	S	T	A	V	L	I	F	Y	W	H	M	C	P
0	0.01011	0.04378	0.10242	0.00904	0.03803	0.06462	0.10995	0.01246	0.03491	0.17780	0.13129	0.11331	0.10716	0.00651	0.00439	0.00131	0.00405	0.00573	0.00344	0.01968
1	0.07061	0.00959	0.04072	0.16435	0.49220	0.02314	0.04974	0.03337	0.00929	0.02704	0.00852	0.02512	0.02017	0.00408	0.00403	0.00127	0.00492	0.00381	0.00219	0.00585
2	0.00914	0.06561	0.41547	0.01095	0.01518	0.06652	0.12925	0.01253	0.00940	0.04962	0.07006	0.04045	0.01031	0.00513	0.00422	0.00133	0.00545	0.07151	0.00241	0.00545
3	0.00861	0.00829	0.01432	0.14578	0.30418	0.00844	0.16838	0.01169	0.06589	0.01314	0.09145	0.05636	0.07474	0.00526	0.00443	0.00133	0.00463	0.00511	0.00262	0.00536
4	0.00971	0.20960	0.56109	0.01044	0.01560	0.03716	0.02635	0.01337	0.00889	0.06116	0.00750	0.00851	0.00553	0.00389	0.00364	0.00120	0.00559	0.00293	0.00196	0.00589
5	0.01645	0.00682	0.00930	0.00734	0.01005	0.00625	0.00602	0.01798	0.01124	0.69220	0.07283	0.04140	0.01238	0.00571	0.00486	0.00132	0.06204	0.00456	0.00477	0.00648
6	0.02687	0.35776	0.43229	0.00976	0.01453	0.02837	0.03263	0.03313	0.00886	0.01203	0.00673	0.00786	0.00529	0.00376	0.00339	0.00113	0.00534	0.00274	0.00183	0.00570
7	0.00848	0.09590	0.76195	0.01128	0.01712	0.01013	0.01444	0.01294	0.00864	0.01270	0.00722	0.00848	0.00521	0.00387	0.00379	0.00126	0.00592	0.00296	0.00174	0.00600
8	0.00977	0.01084	0.02287	0.01871	0.16573	0.01027	0.67203	0.01305	0.00963	0.01320	0.00820	0.01091	0.00628	0.00350	0.00471	0.00135	0.00656	0.00463	0.00207	0.00571
9	0.00489	0.00416	0.00421	0.00420	0.00557	0.00348	0.00315	0.00597	0.00945	0.01131	0.07453	0.03913	0.79538	0.01031	0.00485	0.00138	0.00207	0.00861	0.00384	0.00348
10	0.01692	0.00781	0.01020	0.00793	0.01105	0.00739	0.02781	0.10943	0.10675	0.62581	0.01533	0.01359	0.00997	0.00508	0.00415	0.00128	0.00367	0.00416	0.00479	0.00689
11	0.00490	0.00416	0.00422	0.00421	0.00557	0.00348	0.00315	0.00598	0.00946	0.01134	0.07891	0.03908	0.79098	0.01030	0.00485	0.00138	0.00207	0.00860	0.00385	0.00348
12	0.01097	0.85821	0.02151	0.00702	0.01054	0.01624	0.00702	0.01229	0.00834	0.00966	0.00571	0.00658	0.00527	0.00351	0.00263	0.00088	0.00439	0.00219	0.00176	0.00527
13	0.00519	0.00370	0.00498	0.00593	0.00625	0.00349	0.00413	0.00603	0.00804	0.01069	0.02252	0.76069	0.02675	0.01269	0.00529	0.00169	0.00254	0.10222	0.00381	0.00339
14	0.82403	0.06701	0.00711	0.00551	0.00812	0.00970	0.00462	0.01208	0.00708	0.01781	0.00572	0.00666	0.00450	0.00379	0.00255	0.00124	0.00326	0.00222	0.00249	0.00450
15	0.04100	0.63249	0.17668	0.00797	0.01193	0.01456	0.00853	0.04611	0.00882	0.01128	0.00620	0.00712	0.00530	0.00366	0.00294	0.00099	0.00467	0.00242	0.00188	0.00546
16	0.00823	0.02123	0.83447	0.01170	0.01777	0.00953	0.01517	0.01300	0.00867	0.01300	0.00737	0.00867	0.00520	0.00390	0.00390	0.00130	0.00607	0.00303	0.00173	0.00607
17	0.00586	0.00440	0.00660	0.00660	0.00733	0.00513	0.00513	0.00733	0.00660	0.00953	0.01100	0.01613	0.01026	0.03079	0.83947	0.00660	0.01100	0.00440	0.00220	0.00367
18	0.06917	0.02003	0.75493	0.01141	0.01718	0.00953	0.03613	0.01294	0.00858	0.01338	0.00728	0.00859	0.00518	0.00388	0.00383	0.00130	0.00589	0.00303	0.00180	0.00594
19	0.01019	0.06990	0.03354	0.01387	0.01699	0.04597	0.45807	0.05097	0.08641	0.01318	0.00839	0.01055	0.00659	0.00441	0.00602	0.00140	0.15153	0.00425	0.00229	0.00547
20	0.01842	0.00699	0.00953	0.00730	0.01048	0.00603	0.00603	0.02000	0.01175	0.83298	0.01619	0.01397	0.01016	0.00508	0.00413	0.00127	0.00349	0.00413	0.00508	0.00699
21	0.00500	0.00357	0.00476	0.00572	0.00595	0.00333	0.00381	0.00572	0.00786	0.01048	0.02262	0.85306	0.02715	0.01286	0.00524	0.00167	0.00238	0.01167	0.00381	0.00333
22	0.02811	0.05767	0.01194	0.00941	0.02798	0.15988	0.00747	0.40495	0.15589	0.07969	0.01055	0.01045	0.00773	0.00481	0.00394	0.00121	0.00472	0.00360	0.00364	0.00636
23	0.03342	0.33601	0.03141	0.00933	0.05672	0.15151	0.02087	0.09761	0.11283	0.07087	0.00883	0.02299	0.00713	0.00439	0.00364	0.00111	0.01981	0.00319	0.00267	0.00566
24	0.01842	0.00699	0.00953	0.00730	0.01048	0.00603	0.00603	0.02000	0.01175	0.83298	0.01619	0.01397	0.01016	0.00508	0.00413	0.00127	0.00349	0.00413	0.00508	0.00699
25	0.01243	0.00975	0.01040	0.00872	0.01142	0.01101	0.00696	0.31309	0.50395	0.04472	0.01418	0.01327	0.01043	0.00532	0.00415	0.00133	0.00372	0.00428	0.00418	0.00669
26	0.00953	0.01185	0.09504	0.01647	0.02078	0.01016	0.72063	0.01305	0.00956	0.01314	0.00819	0.01078	0.00613	0.00349	0.00471	0.00135	0.00673	0.00461	0.00206	0.03172
27	0.00858	0.12791	0.73085	0.01110	0.01684	0.01039	0.01413	0.01291	0.00862	0.01257	0.00715	0.00840	0.00521	0.00385	0.00374	0.00125	0.00585	0.00293	0.00174	0.00596
28	0.00823	0.02123	0.83447	0.01170	0.01777	0.00953	0.01517	0.01300	0.00867	0.01300	0.00737	0.00867	0.00520	0.00390	0.00390	0.00130	0.00607	0.00303	0.00173	0.00607
29	0.00486	0.00414	0.00418	0.00421	0.00556	0.00346	0.00314	0.00588	0.00930	0.01107	0.04092	0.06777	0.80063	0.01048	0.00486	0.00140	0.00209	0.00877	0.00381	0.00346
30	0.00485	0.00416	0.00416	0.00416	0.00554	0.00347	0.00312	0.00589	0.00936	0.01109	0.04158	0.03950	0.82847	0.01040	0.00485	0.00139	0.00208	0.00866	0.00381	0.00347
31	0.01097	0.85821	0.02151	0.00702	0.01054	0.01624	0.00702	0.01229	0.00834	0.00966	0.00571	0.00658	0.00527	0.00351	0.00263	0.00088	0.00439	0.00219	0.00176	0.00527
32	0.00500	0.00357	0.00476	0.00572	0.00595	0.00333	0.00381	0.00572	0.00786	0.01048	0.02262	0.85306	0.02715	0.01286	0.00524	0.00167	0.00238	0.01167	0.00381	0.00333

[dist]
# distance from previous block
# <min> <max>
0	21

[block]
# block no. 2 follows, 65 sequences, length 22
# corresponding to MSA columns:
# 368,370-390
name=unknown_C
#
# <colnr> <probs for GDERKNQSTAVLIFYWHMCP>
#	G	D	E	R	K	N	Q	S	T	A	V	L	I	F	Y	W	H	M	C	P
0	0.01842	0.00699	0.00953	0.00730	0.01048	0.00603	0.00603	0.02000	0.01175	0.83298	0.01619	0.01397	0.01016	0.00508	0.00413	0.00127	0.00349	0.00413	0.00508	0.00699
1	0.01842	0.00699	0.00953	0.00730	0.01048	0.00603	0.00603	0.02000	0.01175	0.83298	0.01619	0.01397	0.01016	0.00508	0.00413	0.00127	0.00349	0.00413	0.00508	0.00699
2	0.00485	0.00416	0.00416	0.00416	0.00554	0.00347	0.00312	0.00589	0.00936	0.01109	0.04158	0.03950	0.82847	0.01040	0.00485	0.00139	0.00208	0.00866	0.00381	0.00347
3	0.00500	0.00357	0.00476	0.00572	0.00595	0.00333	0.00381	0.00572	0.00786	0.01048	0.02262	0.85306	0.02715	0.01286	0.00524	0.00167	0.00238	0.01167	0.00381	0.00333
4	0.88473	0.00794	0.00603	0.00540	0.00794	0.00921	0.00445	0.01207	0.00699	0.01842	0.00572	0.00667	0.00445	0.00381	0.00254	0.00127	0.00318	0.00222	0.00254	0.00445
5	0.00597	0.00398	0.00448	0.00448	0.00448	0.00398	0.00249	0.00597	0.00597	0.00796	0.01293	0.02686	0.01492	0.85574	0.02089	0.00398	0.00398	0.00597	0.00249	0.00249
6	0.00898	0.00898	0.01257	0.01078	0.01078	0.01257	0.00898	0.00988	0.00629	0.00988	0.00539	0.00898	0.00539	0.00718	0.01347	0.00180	0.84823	0.00359	0.00180	0.00449
7	0.01531	0.01148	0.01291	0.00983	0.01316	0.01261	0.04773	0.77672	0.01882	0.02524	0.00978	0.00992	0.00694	0.00486	0.00414	0.00124	0.00464	0.00375	0.00401	0.00691
8	0.00661	0.00472	0.00661	0.00756	0.00850	0.00472	0.00661	0.00850	0.00945	0.01228	0.02173	0.04630	0.02362	0.01134	0.00567	0.00189	0.00378	0.80250	0.00378	0.00378
9	0.00661	0.00472	0.00661	0.00756	0.00850	0.00472	0.00661	0.00850	0.00945	0.01228	0.02173	0.04630	0.02362	0.01134	0.00567	0.00189	0.00378	0.80250	0.00378	0.00378
10	0.01533	0.01956	0.01163	0.01058	0.01269	0.83926	0.00793	0.01639	0.01163	0.01005	0.00635	0.00740	0.00529	0.00423	0.00370	0.00106	0.00740	0.00264	0.00212	0.00476
11	0.00969	0.01107	0.02422	0.01730	0.02145	0.01038	0.81522	0.01315	0.00969	0.01315	0.00830	0.01107	0.00623	0.00346	0.00484	0.00138	0.00692	0.00484	0.00208	0.00554
12	0.01077	0.79707	0.08089	0.00737	0.01106	0.01575	0.00762	0.01234	0.00836	0.00990	0.00583	0.00674	0.00526	0.00354	0.00273	0.00091	0.00451	0.00226	0.00175	0.00533
13	0.00969	0.01107	0.02422	0.01730	0.02145	0.01038	0.81522	0.01315	0.00969	0.01315	0.00830	0.01107	0.00623	0.00346	0.00484	0.00138	0.00692	0.00484	0.00208	0.00554
14	0.00586	0.00440	0.00660	0.00660	0.00733	0.00513	0.00513	0.00733	0.00660	0.00953	0.01100	0.01613	0.01026	0.03079	0.83947	0.00660	0.01100	0.00440	0.00220	0.00367
15	0.00887	0.00882	0.01236	0.01063	0.01065	0.01230	0.00884	0.00979	0.00630	0.00987	0.00559	0.00924	0.00556	0.00804	0.04329	0.00197	0.81800	0.00362	0.00181	0.00446
16	0.01928	0.00771	0.01022	0.00799	0.01121	0.00663	0.00647	0.02058	0.01235	0.82122	0.01707	0.01529	0.01106	0.00574	0.00456	0.00146	0.00385	0.00445	0.00538	0.00748
17	0.01651	0.01215	0.01297	0.01010	0.01343	0.01322	0.00821	0.80469	0.01979	0.02662	0.01083	0.01123	0.00793	0.00558	0.00454	0.00142	0.00485	0.00402	0.00442	0.00747
18	0.00607	0.00435	0.00553	0.00643	0.00676	0.00397	0.00428	0.00652	0.00852	0.01147	0.02340	0.84138	0.02778	0.01339	0.00566	0.00185	0.00275	0.01187	0.00413	0.00388
19	0.00607	0.00435	0.00553	0.00643	0.00676	0.00397	0.00428	0.00652	0.00852	0.01147	0.02340	0.84138	0.02778	0.01339	0.00566	0.00185	0.00275	0.01187	0.00413	0.00388
20	0.01626	0.01980	0.01232	0.01117	0.01339	0.79712	0.00833	0.04590	0.01252	0.01161	0.00750	0.00891	0.00632	0.00492	0.00416	0.00125	0.00759	0.00303	0.00254	0.00537
21	0.01265	0.01089	0.01584	0.02080	0.57025	0.01112	0.01144	0.23437	0.03593	0.01788	0.00957	0.01160	0.00776	0.00474	0.00451	0.00141	0.00506	0.00403	0.00301	0.00713

[dist]
# distance from previous block
# <min> <max>
0	1

[block]
# block no. 3 follows, 65 sequences, length 53
# corresponding to MSA columns:
# 392-444
name=unknown_D
#
# <colnr> <probs for GDERKNQSTAVLIFYWHMCP>
#	G	D	E	R	K	N	Q	S	T	A	V	L	I	F	Y	W	H	M	C	P
0	0.84739	0.00855	0.00684	0.00615	0.00865	0.00976	0.00496	0.01257	0.00751	0.01885	0.00655	0.00790	0.00527	0.00446	0.00325	0.00144	0.02968	0.00255	0.00279	0.00488
1	0.01050	0.01161	0.02460	0.01773	0.02191	0.01081	0.80541	0.01370	0.01020	0.01392	0.00912	0.01218	0.00700	0.00401	0.00519	0.00153	0.00716	0.00510	0.00236	0.00595
2	0.00934	0.00788	0.00909	0.00665	0.01033	0.00596	0.00523	0.01093	0.00904	0.01414	0.00812	0.00965	0.00686	0.00360	0.00341	0.00077	0.00333	0.00271	0.00271	0.87026
3	0.00685	0.00484	0.00598	0.00573	0.00682	0.00434	0.00421	0.00830	0.01145	0.04122	0.61003	0.11158	0.14308	0.00948	0.00520	0.00149	0.00235	0.00812	0.00463	0.00430
4	0.87455	0.00851	0.00664	0.00598	0.00857	0.00965	0.00482	0.01264	0.00754	0.01912	0.00656	0.00783	0.00524	0.00436	0.00291	0.00142	0.00346	0.00251	0.00282	0.00488
5	0.00515	0.00370	0.00493	0.00586	0.00619	0.00347	0.00406	0.00599	0.00805	0.01067	0.02298	0.75648	0.04542	0.01266	0.00527	0.00168	0.00251	0.08775	0.00381	0.00338
6	0.88473	0.00794	0.00603	0.00540	0.00794	0.00921	0.00445	0.01207	0.00699	0.01842	0.00572	0.00667	0.00445	0.00381	0.00254	0.00127	0.00318	0.00222	0.00254	0.00445
7	0.00713	0.00357	0.00535	0.00535	0.00535	0.00357	0.00357	0.00535	0.00535	0.00713	0.00713	0.01248	0.00713	0.01426	0.01604	0.88057	0.00357	0.00357	0.00178	0.00178
8	0.01097	0.85821	0.02151	0.00702	0.01054	0.01624	0.00702	0.01229	0.00834	0.00966	0.00571	0.00658	0.00527	0.00351	0.00263	0.00088	0.00439	0.00219	0.00176	0.00527
9	0.88473	0.00794	0.00603	0.00540	0.00794	0.00921	0.00445	0.01207	0.00699	0.01842	0.00572	0.00667	0.00445	0.00381	0.00254	0.00127	0.00318	0.00222	0.00254	0.00445
10	0.00502	0.00417	0.00440	0.00434	0.00565	0.00354	0.00326	0.00623	0.00977	0.01206	0.18390	0.03790	0.68554	0.01003	0.00485	0.00137	0.00205	0.00844	0.00394	0.00354
11	0.01021	0.00882	0.00928	0.00835	0.01067	0.01021	0.00650	0.02181	0.82272	0.01717	0.01671	0.01532	0.01253	0.00557	0.00418	0.00139	0.00325	0.00464	0.00418	0.00650
12	0.01016	0.00975	0.01666	0.02520	0.83013	0.00975	0.01260	0.01260	0.00935	0.01341	0.00772	0.01016	0.00650	0.00366	0.00406	0.00122	0.00488	0.00366	0.00203	0.00650
13	0.01769	0.00815	0.01025	0.00786	0.01106	0.00776	0.00649	0.22523	0.01369	0.62500	0.01456	0.01291	0.00934	0.00504	0.00412	0.00126	0.00376	0.00402	0.00483	0.00698
14	0.01419	0.01053	0.01133	0.00904	0.01204	0.01171	0.00735	0.55373	0.24858	0.05947	0.01210	0.01160	0.00871	0.00512	0.00413	0.00128	0.00411	0.00399	0.00417	0.00684
15	0.01003	0.01003	0.01954	0.01856	0.29143	0.00962	0.44260	0.01319	0.03488	0.05132	0.01039	0.01245	0.04760	0.00401	0.00453	0.00132	0.00572	0.00460	0.00235	0.00585
16	0.00879	0.00809	0.01270	0.00925	0.01279	0.00672	0.23361	0.01099	0.00886	0.02919	0.00883	0.06871	0.00768	0.00389	0.00373	0.00091	0.00410	0.00380	0.00248	0.55487
17	0.01016	0.00975	0.01666	0.02520	0.83013	0.00975	0.01260	0.01260	0.00935	0.01341	0.00772	0.01016	0.00650	0.00366	0.00406	0.00122	0.00488	0.00366	0.00203	0.00650
18	0.00742	0.00545	0.00616	0.00556	0.00707	0.04373	0.00420	0.00898	0.01048	0.08386	0.41464	0.09092	0.16228	0.02739	0.00492	0.00131	0.00256	0.00686	0.00400	0.10222
19	0.00591	0.00423	0.00574	0.00574	0.00617	0.00466	0.00406	0.00678	0.00634	0.00889	0.01178	0.02048	0.01215	0.36521	0.50763	0.00554	0.00815	0.00504	0.00232	0.00319
20	0.00851	0.00730	0.00851	0.00608	0.00973	0.00547	0.00486	0.01034	0.00851	0.01338	0.00730	0.00851	0.00608	0.00304	0.00304	0.00061	0.00304	0.00243	0.00243	0.88083
21	0.00920	0.00622	0.00885	0.00868	0.04865	0.01746	0.05532	0.01112	0.00979	0.14698	0.03282	0.03158	0.03747	0.00829	0.00491	0.00154	0.00386	0.44301	0.00363	0.11062
22	0.00961	0.44221	0.42557	0.00935	0.01413	0.01291	0.01107	0.01264	0.00850	0.01132	0.00653	0.00762	0.00523	0.00370	0.00326	0.00109	0.00522	0.00261	0.00174	0.00566
23	0.05067	0.00751	0.00909	0.00762	0.07472	0.00602	0.00552	0.01108	0.00867	0.05439	0.00770	0.00883	0.00624	0.00323	0.00315	0.00072	0.00321	0.00260	0.00254	0.72650
24	0.00851	0.00730	0.00851	0.00608	0.00973	0.00547	0.00486	0.01034	0.00851	0.01338	0.00730	0.00851	0.00608	0.00304	0.00304	0.00061	0.00304	0.00243	0.00243	0.88083
25	0.01533	0.01956	0.01163	0.01058	0.01269	0.83926	0.00793	0.01639	0.01163	0.01005	0.00635	0.00740	0.00529	0.00423	0.00370	0.00106	0.00740	0.00264	0.00212	0.00476
26	0.02399	0.46039	0.01655	0.00818	0.01113	0.12555	0.03888	0.05826	0.10214	0.03919	0.00900	0.03264	0.00791	0.00463	0.00340	0.00109	0.00464	0.04458	0.00250	0.00536
27	0.01041	0.00877	0.00929	0.00833	0.01067	0.01011	0.00649	0.02177	0.80325	0.03675	0.01669	0.01528	0.01247	0.00556	0.00418	0.00139	0.00325	0.00463	0.00420	0.00651
28	0.01122	0.81127	0.02096	0.00722	0.01066	0.06230	0.00707	0.01252	0.00852	0.00968	0.00574	0.00663	0.00527	0.00355	0.00269	0.00089	0.00456	0.00222	0.00178	0.00524
29	0.02445	0.00518	0.00621	0.00531	0.00715	0.00440	0.00408	0.00835	0.01031	0.01489	0.46665	0.02483	0.13245	0.00699	0.00427	0.00110	0.00230	0.00602	0.00377	0.26130
30	0.01021	0.59626	0.23664	0.00912	0.05131	0.01416	0.00944	0.01249	0.00847	0.01072	0.00624	0.00731	0.00531	0.00362	0.00304	0.00101	0.00486	0.00249	0.00176	0.00554
31	0.01106	0.12200	0.29861	0.01385	0.23408	0.00967	0.03182	0.02401	0.00953	0.16769	0.00942	0.03442	0.00718	0.00427	0.00389	0.00123	0.00494	0.00361	0.00255	0.00617
32	0.01165	0.00905	0.00978	0.00839	0.01089	0.01016	0.00667	0.21453	0.52372	0.06207	0.05360	0.01547	0.01259	0.00568	0.00423	0.00136	0.00352	0.02598	0.00421	0.00644
33	0.00521	0.00418	0.00437	0.00439	0.00571	0.00353	0.00327	0.00626	0.00935	0.03028	0.06256	0.10602	0.71988	0.01042	0.00487	0.00140	0.00213	0.00877	0.00386	0.00355
34	0.01038	0.04185	0.03654	0.07485	0.49914	0.00987	0.19097	0.01302	0.00944	0.06202	0.00825	0.01047	0.00652	0.00373	0.00419	0.00126	0.00530	0.00388	0.00219	0.00613
35	0.00879	0.04887	0.01628	0.36129	0.08974	0.00952	0.26740	0.03441	0.00919	0.01213	0.00918	0.03444	0.00782	0.00465	0.00442	0.00138	0.00559	0.06767	0.00219	0.00504
36	0.00573	0.00422	0.00537	0.00516	0.00613	0.00389	0.00384	0.00764	0.02358	0.01552	0.68161	0.09378	0.11042	0.00887	0.00486	0.00133	0.00200	0.00782	0.00439	0.00383
37	0.02724	0.01016	0.07150	0.21235	0.40229	0.00975	0.16887	0.01219	0.00901	0.01270	0.00763	0.01033	0.00606	0.00380	0.00433	0.00130	0.01892	0.00381	0.00198	0.00576
38	0.01063	0.41554	0.27641	0.00970	0.01397	0.06491	0.07767	0.04977	0.00933	0.02776	0.00688	0.00796	0.00550	0.00377	0.00338	0.00109	0.00531	0.00282	0.00197	0.00562
39	0.01212	0.63737	0.01891	0.00796	0.01110	0.23297	0.00726	0.01337	0.00921	0.00976	0.00587	0.00680	0.00527	0.00370	0.00291	0.00093	0.00518	0.00231	0.00185	0.00513
40	0.01099	0.70667	0.05978	0.00763	0.01101	0.03937	0.00755	0.04511	0.00878	0.01050	0.00603	0.00709	0.00541	0.00415	0.01465	0.00104	0.04466	0.00241	0.00187	0.00530
41	0.01112	0.00935	0.02367	0.02002	0.03575	0.00981	0.09251	0.24109	0.02090	0.05481	0.01807	0.01059	0.01864	0.00564	0.03022	0.00139	0.18346	0.00366	0.00289	0.20639
42	0.01136	0.09708	0.06556	0.01555	0.34720	0.08125	0.00981	0.12188	0.12025	0.03957	0.00974	0.03294	0.00799	0.00454	0.00396	0.00122	0.00472	0.01650	0.00273	0.00615
43	0.00512	0.00363	0.00477	0.00561	0.00583	0.00344	0.00370	0.00578	0.00764	0.01020	0.02137	0.74931	0.02552	0.10043	0.02510	0.00201	0.00274	0.01092	0.00364	0.00325
44	0.00749	0.00595	0.00675	0.00661	0.03152	0.00610	0.00481	0.01229	0.28486	0.04025	0.18851	0.08642	0.26123	0.03238	0.00506	0.00146	0.00265	0.00690	0.00403	0.00474
45	0.01032	0.57590	0.16543	0.00815	0.01179	0.03303	0.00848	0.01289	0.05988	0.01092	0.02715	0.00823	0.00655	0.00401	0.00353	0.00104	0.04260	0.00270	0.00198	0.00541
46	0.00513	0.00367	0.00487	0.00563	0.00598	0.00342	0.00382	0.00603	0.00844	0.01140	0.14612	0.72695	0.02893	0.01217	0.00518	0.00161	0.00231	0.01102	0.00392	0.00342
47	0.01533	0.01956	0.01163	0.01058	0.01269	0.83926	0.00793	0.01639	0.01163	0.01005	0.00635	0.00740	0.00529	0.00423	0.00370	0.00106	0.00740	0.00264	0.00212	0.00476
48	0.00652	0.00358	0.00516	0.00541	0.00548	0.00352	0.00359	0.00547	0.00604	0.00806	0.01150	0.23802	0.01279	0.04633	0.01334	0.61154	0.00326	0.00583	0.00235	0.00222
49	0.01533	0.01956	0.01163	0.01058	0.01269	0.83926	0.00793	0.01639	0.01163	0.01005	0.00635	0.00740	0.00529	0.00423	0.00370	0.00106	0.00740	0.00264	0.00212	0.00476
50	0.01533	0.01956	0.01163	0.01058	0.01269	0.83926	0.00793	0.01639	0.01163	0.01005	0.00635	0.00740	0.00529	0.00423	0.00370	0.00106	0.00740	0.00264	0.00212	0.00476
51	0.00485	0.00416	0.00416	0.00416	0.00554	0.00347	0.00312	0.00589	0.00936	0.01109	0.04158	0.03950	0.82847	0.01040	0.00485	0.00139	0.00208	0.00866	0.00381	0.00347
52	0.01001	0.00960	0.01639	0.07698	0.77953	0.00971	0.01252	0.01246	0.00927	0.01323	0.00769	0.01021	0.00644	0.00369	0.00407	0.00123	0.00491	0.00366	0.00202	0.00638

[dist]
# distance from previous block
# <min> <max>
0	37

[block]
# block no. 4 follows, 65 sequences, length 44
# corresponding to MSA columns:
# 482-525
name=unknown_E
#
# <colnr> <probs for GDERKNQSTAVLIFYWHMCP>
#	G	D	E	R	K	N	Q	S	T	A	V	L	I	F	Y	W	H	M	C	P
0	0.01485	0.04740	0.01182	0.01031	0.01249	0.75776	0.00781	0.01660	0.06387	0.01049	0.00699	0.00789	0.00575	0.00429	0.00370	0.00107	0.00703	0.00276	0.00224	0.00489
1	0.00485	0.00416	0.00416	0.00416	0.00554	0.00347	0.00312	0.00589	0.00936	0.01109	0.04158	0.03950	0.82847	0.01040	0.00485	0.00139	0.00208	0.00866	0.00381	0.00347
2	0.01541	0.01138	0.01222	0.00935	0.01265	0.01253	0.00772	0.79473	0.01901	0.02553	0.00979	0.00982	0.00696	0.00488	0.00408	0.00122	0.00448	0.00366	0.00406	0.03053
3	0.01064	0.75602	0.12076	0.00759	0.01142	0.01542	0.00802	0.01238	0.00838	0.01007	0.00591	0.00684	0.00526	0.00356	0.00279	0.00093	0.00459	0.00230	0.00175	0.00537
4	0.00823	0.02123	0.83447	0.01170	0.01777	0.00953	0.01517	0.01300	0.00867	0.01300	0.00737	0.00867	0.00520	0.00390	0.00390	0.00130	0.00607	0.00303	0.00173	0.00607
5	0.01047	0.01042	0.01661	0.02399	0.74945	0.06243	0.04088	0.01286	0.00950	0.01319	0.00765	0.01002	0.00642	0.00369	0.00407	0.00121	0.00511	0.00364	0.00204	0.00636
6	0.00594	0.00394	0.00453	0.00459	0.00461	0.00392	0.00262	0.00593	0.00608	0.00811	0.01341	0.08358	0.01550	0.76875	0.01964	0.03364	0.00385	0.00628	0.00255	0.00252
7	0.00890	0.14601	0.37445	0.00884	0.01272	0.03586	0.00980	0.02891	0.04551	0.05133	0.03345	0.02368	0.11528	0.02992	0.01980	0.00144	0.00484	0.04140	0.00255	0.00531
8	0.01101	0.02187	0.01858	0.04234	0.19883	0.05021	0.37224	0.12715	0.03827	0.02979	0.00854	0.01057	0.00656	0.00403	0.00479	0.00132	0.04137	0.00417	0.00246	0.00590
9	0.00500	0.00357	0.00476	0.00572	0.00595	0.00333	0.00381	0.00572	0.00786	0.01048	0.02262	0.85306	0.02715	0.01286	0.00524	0.00167	0.00238	0.01167	0.00381	0.00333
10	0.00597	0.00398	0.00446	0.00446	0.00451	0.00396	0.00251	0.00603	0.00611	0.00818	0.01374	0.02701	0.03745	0.81693	0.02012	0.00385	0.00389	0.00601	0.01830	0.00254
11	0.00996	0.14446	0.42067	0.01121	0.06942	0.07674	0.03027	0.06140	0.02045	0.03708	0.02245	0.03265	0.00750	0.00454	0.00386	0.00124	0.00540	0.03269	0.00225	0.00575
12	0.21957	0.00736	0.00873	0.00690	0.00986	0.00706	0.00569	0.06045	0.01104	0.57258	0.04070	0.01261	0.00962	0.00489	0.00378	0.00127	0.00342	0.00377	0.00442	0.00629
13	0.00500	0.00358	0.00475	0.00568	0.00595	0.00334	0.00380	0.00572	0.00789	0.01049	0.02302	0.83600	0.04395	0.01281	0.00523	0.00166	0.00238	0.01161	0.00381	0.00334
14	0.06770	0.01162	0.22393	0.04366	0.23211	0.00839	0.01001	0.02359	0.05123	0.08690	0.03058	0.01041	0.00742	0.00400	0.00376	0.00115	0.00445	0.00336	0.00253	0.17321
15	0.12148	0.09639	0.11875	0.01003	0.04615	0.12897	0.09034	0.10622	0.07948	0.05200	0.01802	0.01313	0.04103	0.00493	0.00389	0.00126	0.00489	0.05475	0.00281	0.00547
16	0.01534	0.01936	0.01165	0.01055	0.01269	0.81884	0.00793	0.03616	0.01182	0.01044	0.00643	0.00746	0.00533	0.00425	0.00371	0.00106	0.00733	0.00267	0.00216	0.00481
17	0.01074	0.01090	0.12164	0.00897	0.01194	0.01049	0.00787	0.13832	0.59332	0.01789	0.01443	0.01360	0.01071	0.00525	0.00413	0.00136	0.00382	0.00428	0.00384	0.00651
18	0.00930	0.00937	0.01235	0.01088	0.03566	0.07387	0.04647	0.02971	0.00728	0.01045	0.00654	0.01021	0.00624	0.03185	0.09477	0.00223	0.59260	0.00373	0.00196	0.00454
19	0.00506	0.00361	0.00481	0.00568	0.00597	0.00337	0.00381	0.00585	0.00811	0.01088	0.07710	0.79743	0.02793	0.01256	0.00521	0.00164	0.00235	0.01138	0.00386	0.00337
20	0.00838	0.02023	0.75471	0.01225	0.01813	0.00962	0.09392	0.01301	0.00877	0.01301	0.00746	0.00890	0.00530	0.00386	0.00399	0.00131	0.00615	0.00321	0.00177	0.00601
21	0.01004	0.00779	0.00842	0.00735	0.00935	0.03621	0.00574	0.15801	0.30124	0.05855	0.28863	0.04219	0.03564	0.00662	0.00441	0.00132	0.00314	0.00558	0.00424	0.00552
22	0.00509	0.00363	0.00480	0.00567	0.00593	0.00340	0.00379	0.00582	0.00789	0.01054	0.04330	0.77954	0.02682	0.05272	0.00598	0.00177	0.00247	0.02374	0.00377	0.00332
23	0.01546	0.01171	0.01214	0.00940	0.01259	0.04802	0.00772	0.76832	0.01879	0.02501	0.00977	0.00984	0.00697	0.00490	0.00407	0.00122	0.00460	0.00365	0.01900	0.00683
24	0.00500	0.00357	0.00476	0.00572	0.00595	0.00333	0.00381	0.00572	0.00786	0.01048	0.02262	0.85306	0.02715	0.01286	0.00524	0.00167	0.00238	0.01167	0.00381	0.00333
25	0.01051	0.00768	0.00861	0.00755	0.00972	0.00838	0.00591	0.06362	0.49018	0.11785	0.20330	0.01838	0.01796	0.00612	0.00432	0.00134	0.00305	0.00517	0.00436	0.00598
