[name]
unknown

[dist]
# distance from previous block
# <min> <max>
0	32

[block]
# block no. 0 follows, 61 sequences, length 12
# corresponding to MSA columns:
# 32-43
name=unknown_A
#
# <colnr> <probs for GDERKNQSTAVLIFYWHMCP>
#	G	D	E	R	K	N	Q	S	T	A	V	L	I	F	Y	W	H	M	C	P
0	0.02769	0.00594	0.00809	0.00817	0.06279	0.00554	0.03206	0.02455	0.02503	0.11408	0.10668	0.20682	0.11744	0.00965	0.03200	0.00166	0.00353	0.12181	0.00385	0.08261
1	0.03677	0.00627	0.00854	0.03437	0.09704	0.00608	0.03229	0.05090	0.04743	0.04185	0.01797	0.42850	0.04596	0.02241	0.00505	0.00152	0.00336	0.00816	0.00353	0.10202
2	0.00902	0.00781	0.00979	0.00774	0.03718	0.00641	0.04407	0.03551	0.04743	0.01436	0.01037	0.05786	0.03490	0.00426	0.00360	0.00085	0.00344	0.00363	0.00279	0.65898
3	0.00893	0.00766	0.00893	0.00638	0.01021	0.00574	0.00510	0.01085	0.00893	0.01404	0.00766	0.00893	0.00638	0.00319	0.00319	0.00064	0.00319	0.00255	0.00255	0.87495
4	0.01189	0.64109	0.07997	0.00811	0.01191	0.04743	0.00804	0.09525	0.01011	0.01231	0.00665	0.00753	0.00574	0.00388	0.00308	0.00099	0.00482	0.00256	0.00214	0.03650
5	0.00996	0.00795	0.00926	0.00669	0.01047	0.00630	0.00538	0.06670	0.00989	0.05509	0.00831	0.00931	0.00666	0.00343	0.00332	0.00072	0.00332	0.00273	0.00281	0.77170
6	0.00734	0.00656	0.04834	0.03579	0.12825	0.00575	0.00631	0.04726	0.01078	0.02961	0.27671	0.16616	0.19690	0.00871	0.00491	0.00143	0.00309	0.00764	0.00382	0.00464
7	0.00636	0.00466	0.00630	0.00621	0.00663	0.00526	0.00443	0.00723	0.00663	0.00934	0.01210	0.02123	0.01255	0.36897	0.45749	0.00555	0.04803	0.00526	0.00241	0.00338
8	0.00887	0.00696	0.00805	0.04675	0.00974	0.00760	0.00579	0.12855	0.20798	0.01642	0.13585	0.16007	0.11740	0.00804	0.00511	0.00145	0.04350	0.00674	0.06996	0.00513
9	0.00572	0.00405	0.00495	0.00549	0.00581	0.00386	0.00361	0.00631	0.00778	0.01021	0.02187	0.41364	0.10063	0.32131	0.01155	0.00263	0.00318	0.06072	0.00348	0.00321
10	0.00939	0.00913	0.01454	0.46774	0.31064	0.03809	0.01213	0.01197	0.00903	0.01204	0.00765	0.01093	0.00612	0.00435	0.00490	0.00140	0.05864	0.00379	0.00200	0.00552
11	0.43865	0.01117	0.10822	0.00883	0.06512	0.08937	0.02028	0.06778	0.00959	0.03733	0.04678	0.00986	0.00749	0.00445	0.00340	0.00129	0.00428	0.00315	0.05772	0.00525

[dist]
# distance from previous block
# <min> <max>
0	2

[block]
# block no. 1 follows, 61 sequences, length 10
# corresponding to MSA columns:
# 46-55
name=unknown_B
#
# <colnr> <probs for GDERKNQSTAVLIFYWHMCP>
#	G	D	E	R	K	N	Q	S	T	A	V	L	I	F	Y	W	H	M	C	P
0	0.00882	0.04489	0.05642	0.01006	0.08181	0.07116	0.00807	0.01101	0.02337	0.04339	0.01792	0.06574	0.01865	0.00939	0.00550	0.00173	0.02651	0.48743	0.00346	0.00468
1	0.28216	0.07133	0.11521	0.02933	0.04297	0.05668	0.00750	0.10534	0.01028	0.08066	0.04776	0.01093	0.00827	0.00632	0.05540	0.00162	0.00476	0.00341	0.05461	0.00545
2	0.03045	0.00890	0.00979	0.02272	0.01098	0.04433	0.00634	0.19432	0.08235	0.08458	0.01089	0.03837	0.00868	0.00639	0.05022	0.00143	0.03797	0.00380	0.05726	0.29024
3	0.00609	0.00456	0.00572	0.00539	0.00656	0.00413	0.00401	0.00782	0.01100	0.01530	0.55287	0.07796	0.14477	0.04220	0.03689	0.00167	0.00259	0.00772	0.00428	0.05845
4	0.01017	0.00970	0.01155	0.01004	0.01083	0.09105	0.00815	0.10772	0.00887	0.01230	0.00774	0.01144	0.00717	0.03648	0.17735	0.00282	0.46555	0.00393	0.00232	0.00482
5	0.01217	0.00812	0.00856	0.00707	0.00931	0.00881	0.00567	0.39419	0.05078	0.02148	0.01242	0.01331	0.00935	0.00513	0.00370	0.00116	0.00339	0.00399	0.41566	0.00573
6	0.00564	0.00421	0.00529	0.00586	0.00656	0.00393	0.00420	0.00707	0.03243	0.01240	0.14545	0.49314	0.17012	0.01199	0.00537	0.00165	0.00252	0.07430	0.00412	0.00374
7	0.00925	0.01786	0.02802	0.00764	0.05871	0.03996	0.00543	0.06663	0.00985	0.09955	0.01637	0.29239	0.01631	0.06145	0.03815	0.00178	0.00366	0.01748	0.20486	0.00463
8	0.00628	0.00433	0.00511	0.00506	0.00533	0.00428	0.00309	0.00661	0.00680	0.00925	0.04574	0.08551	0.01682	0.65687	0.08423	0.00397	0.00452	0.00648	0.00277	0.03696
9	0.00952	0.06947	0.04944	0.06372	0.06651	0.02815	0.09686	0.08882	0.01009	0.02345	0.06656	0.06102	0.03892	0.00807	0.05778	0.02170	0.11547	0.04451	0.03715	0.04280

[dist]
# distance from previous block
# <min> <max>
0	7

[block]
# block no. 2 follows, 61 sequences, length 29
# corresponding to MSA columns:
# 63-91
name=unknown_C
#
# <colnr> <probs for GDERKNQSTAVLIFYWHMCP>
#	G	D	E	R	K	N	Q	S	T	A	V	L	I	F	Y	W	H	M	C	P
0	0.06865	0.03091	0.05410	0.00804	0.03252	0.10624	0.00640	0.13790	0.06475	0.04749	0.12652	0.09067	0.12558	0.02005	0.01451	0.00144	0.00401	0.00565	0.03174	0.02283
1	0.00989	0.13729	0.50701	0.01208	0.05790	0.03384	0.04458	0.05396	0.02928	0.01381	0.00783	0.00916	0.00590	0.00417	0.00419	0.00128	0.02707	0.00323	0.00208	0.03546
2	0.00864	0.00813	0.01190	0.19139	0.06971	0.03395	0.06905	0.02396	0.05842	0.01256	0.08306	0.11697	0.03002	0.00777	0.03480	0.00174	0.21221	0.00548	0.01539	0.00486
3	0.00525	0.00385	0.00489	0.00571	0.00614	0.00354	0.00385	0.00603	0.00843	0.01102	0.02651	0.70133	0.14894	0.03529	0.00587	0.00177	0.00250	0.01161	0.00396	0.00350
4	0.00586	0.00424	0.00589	0.00624	0.00679	0.00450	0.00452	0.00701	0.00762	0.01064	0.03925	0.31879	0.03806	0.08511	0.40662	0.00440	0.00697	0.00768	0.02618	0.00363
5	0.01651	0.00716	0.00935	0.00743	0.01032	0.00653	0.00604	0.04652	0.07149	0.60770	0.12535	0.01702	0.01480	0.00583	0.00440	0.00134	0.00342	0.00482	0.02721	0.00677
6	0.70281	0.00828	0.00718	0.00615	0.00896	0.00922	0.00507	0.04079	0.00862	0.15753	0.00803	0.00842	0.00578	0.00427	0.00301	0.00133	0.00344	0.00273	0.00318	0.00521
7	0.01216	0.05980	0.01094	0.00878	0.01146	0.02771	0.00700	0.11101	0.59968	0.07886	0.01577	0.01460	0.01169	0.00557	0.00426	0.00139	0.00374	0.00452	0.00425	0.00680
8	0.12278	0.05363	0.25549	0.01167	0.07863	0.05103	0.11691	0.03409	0.02792	0.10071	0.03587	0.04761	0.03520	0.00497	0.00414	0.00135	0.00515	0.00422	0.00277	0.00585
9	0.01341	0.12089	0.03535	0.04755	0.17746	0.15528	0.02886	0.21943	0.09457	0.05197	0.00949	0.01033	0.00729	0.00456	0.00405	0.00124	0.00529	0.00360	0.00302	0.00637
10	0.87904	0.00833	0.00633	0.00566	0.00833	0.00966	0.00467	0.01266	0.00733	0.01933	0.00600	0.00700	0.00467	0.00400	0.00267	0.00133	0.00333	0.00233	0.00267	0.00467
11	0.01036	0.01020	0.03855	0.02579	0.17575	0.11399	0.02627	0.08439	0.13477	0.01436	0.03959	0.05022	0.04099	0.04826	0.08507	0.00204	0.06185	0.00475	0.02730	0.00550
12	0.00576	0.00437	0.00531	0.00512	0.00624	0.00391	0.00382	0.00746	0.01134	0.01534	0.55622	0.06239	0.27777	0.00961	0.00510	0.00140	0.00209	0.00834	0.00449	0.00391
13	0.00859	0.00801	0.01163	0.01048	0.04288	0.03242	0.07917	0.03667	0.00780	0.01117	0.00918	0.04111	0.00886	0.07044	0.26845	0.00350	0.33827	0.00458	0.00226	0.00454
14	0.00691	0.00536	0.03349	0.00620	0.03424	0.00449	0.00453	0.00839	0.02266	0.07703	0.15297	0.18323	0.35019	0.08282	0.00649	0.00171	0.00277	0.00841	0.00397	0.00413
15	0.00727	0.00382	0.00564	0.00566	0.00572	0.00387	0.00380	0.00580	0.00580	0.00779	0.00847	0.03458	0.00864	0.05843	0.07261	0.74962	0.00427	0.00414	0.00199	0.00208
16	0.01274	0.54458	0.03500	0.00843	0.01167	0.22961	0.00766	0.05035	0.01020	0.01133	0.00672	0.00770	0.00583	0.00401	0.00317	0.00100	0.00537	0.00258	0.03662	0.00543
17	0.00534	0.00380	0.00505	0.00602	0.00628	0.00357	0.00405	0.00610	0.00824	0.01097	0.02337	0.79154	0.02793	0.04173	0.00607	0.00184	0.00260	0.03805	0.00395	0.00348
18	0.01039	0.03113	0.22732	0.06360	0.17490	0.07686	0.23404	0.05516	0.01033	0.01389	0.00921	0.01162	0.02716	0.00436	0.00459	0.00136	0.01901	0.01681	0.00224	0.00600
19	0.01063	0.02590	0.01067	0.05035	0.09330	0.01017	0.00747	0.10506	0.49132	0.01762	0.04326	0.03488	0.04733	0.00592	0.00437	0.00140	0.00371	0.00498	0.02529	0.00638
20	0.01409	0.01672	0.01167	0.03922	0.05971	0.59255	0.00815	0.04890	0.01156	0.01158	0.00817	0.04265	0.00726	0.03403	0.02268	0.00141	0.02954	0.00352	0.03161	0.00499
21	0.00822	0.00774	0.01307	0.81203	0.05526	0.00959	0.01200	0.01108	0.00865	0.01110	0.00767	0.01146	0.00578	0.00429	0.00431	0.00143	0.00572	0.00383	0.00192	0.00485
22	0.00904	0.01175	0.24854	0.03126	0.05663	0.00834	0.04498	0.13563	0.05889	0.01607	0.14397	0.13308	0.05707	0.00688	0.00464	0.00143	0.00440	0.01853	0.00332	0.00555
23	0.00998	0.03829	0.06840	0.01335	0.18457	0.05470	0.13120	0.04754	0.06532	0.05022	0.02316	0.11101	0.08759	0.03331	0.00532	0.00146	0.02506	0.00551	0.00296	0.04106
24	0.03391	0.00845	0.03772	0.00927	0.03901	0.07121	0.08709	0.07125	0.02980	0.04909	0.01259	0.10123	0.02947	0.10979	0.15356	0.02023	0.07370	0.00528	0.05266	0.00470
25	0.01048	0.01106	0.07526	0.11866	0.31803	0.03139	0.12412	0.08270	0.06597	0.01457	0.00959	0.01176	0.02451	0.00513	0.02172	0.00150	0.06082	0.00414	0.00246	0.00613
26	0.00657	0.00561	0.00799	0.00719	0.00829	0.02167	0.11279	0.00771	0.00864	0.01122	0.07162	0.23028	0.19179	0.23691	0.00995	0.00227	0.02259	0.02986	0.00334	0.00371
27	0.01158	0.02553	0.10698	0.01473	0.22485	0.07502	0.10313	0.17188	0.02831	0.04899	0.02399	0.04189	0.06405	0.00529	0.00443	0.00133	0.00516	0.02035	0.00299	0.01952
28	0.00969	0.04390	0.00820	0.00682	0.00861	0.01889	0.00548	0.12361	0.02531	0.11779	0.30291	0.05502	0.09847	0.03657	0.00545	0.00153	0.00322	0.11927	0.00431	0.00494

[dist]
# distance from previous block
# <min> <max>
2	6

[block]
# block no. 3 follows, 61 sequences, length 8
# corresponding to MSA columns:
# 99-106
name=unknown_D
#
# <colnr> <probs for GDERKNQSTAVLIFYWHMCP>
#	G	D	E	R	K	N	Q	S	T	A	V	L	I	F	Y	W	H	M	C	P
0	0.06360	0.00832	0.00976	0.00748	0.01072	0.00775	0.02949	0.16517	0.05596	0.12584	0.05232	0.01195	0.00946	0.00446	0.00373	0.00103	0.00356	0.00359	0.05441	0.37140
1	0.00656	0.00416	0.00430	0.00434	0.00549	0.00383	0.00323	0.00811	0.00946	0.01398	0.06497	0.07650	0.34883	0.00814	0.00412	0.00125	0.00211	0.00679	0.42000	0.00383
2	0.00686	0.00569	0.00844	0.00780	0.00900	0.00560	0.10680	0.03661	0.04750	0.01280	0.08881	0.40086	0.10717	0.05610	0.00645	0.00177	0.02794	0.05592	0.00372	0.00416
3	0.05567	0.00984	0.01061	0.00862	0.01122	0.09664	0.02644	0.20350	0.06243	0.28299	0.03522	0.01359	0.00994	0.05567	0.00585	0.00150	0.05692	0.00418	0.04298	0.00620
4	0.00536	0.00411	0.00494	0.00547	0.00627	0.00369	0.00392	0.00641	0.00924	0.01182	0.08953	0.43101	0.32758	0.01207	0.00534	0.00162	0.00244	0.06151	0.00405	0.00362
5	0.00988	0.04912	0.03899	0.02376	0.05543	0.02914	0.08553	0.05923	0.05660	0.04685	0.01196	0.06317	0.06803	0.00856	0.06604	0.00195	0.31304	0.00484	0.00268	0.00521
6	0.01068	0.00877	0.01064	0.02299	0.03892	0.04787	0.02856	0.15774	0.06216	0.06459	0.07038	0.03957	0.09264	0.03495	0.03642	0.00177	0.22140	0.00506	0.03961	0.00529
7	0.00829	0.05727	0.00809	0.00688	0.00849	0.05017	0.00525	0.04011	0.21392	0.01369	0.07685	0.15254	0.15720	0.08193	0.04840	0.00195	0.00380	0.03407	0.00369	0.02742

[dist]
# distance from previous block
# <min> <max>
1	4

[block]
# block no. 4 follows, 61 sequences, length 6
# corresponding to MSA columns:
# 117-122
name=unknown_E
#
# <colnr> <probs for GDERKNQSTAVLIFYWHMCP>
#	G	D	E	R	K	N	Q	S	T	A	V	L	I	F	Y	W	H	M	C	P
0	0.01207	0.26187	0.18042	0.01067	0.04500	0.15972	0.05120	0.09889	0.03665	0.03544	0.00811	0.00953	0.00654	0.02394	0.02274	0.00138	0.02433	0.00325	0.00240	0.00583
1	0.03381	0.15766	0.05128	0.04866	0.06921	0.09942	0.07922	0.03648	0.07915	0.12787	0.01184	0.05844	0.02645	0.00602	0.02351	0.00144	0.03115	0.02530	0.02741	0.00568
2	0.00715	0.00442	0.00554	0.00581	0.00671	0.00401	0.00412	0.00806	0.00898	0.11321	0.02619	0.45968	0.19554	0.09047	0.00683	0.00187	0.00279	0.04065	0.00403	0.00394
3	0.00532	0.00419	0.00469	0.00492	0.00591	0.00368	0.00349	0.00634	0.00940	0.01181	0.11555	0.24813	0.47682	0.07210	0.00642	0.00172	0.00239	0.00957	0.00397	0.00357
4	0.00939	0.00751	0.00821	0.00745	0.00937	0.00818	0.00573	0.11789	0.37819	0.01749	0.14301	0.12465	0.10052	0.00766	0.00465	0.00144	0.00308	0.00652	0.03345	0.00563
5	0.01017	0.01113	0.02238	0.01638	0.02011	0.01107	0.63611	0.01464	0.11086	0.01403	0.00956	0.01199	0.00729	0.00425	0.00579	0.00149	0.07955	0.00494	0.00243	0.00584

[dist]
# distance from previous block
# <min> <max>
0	2

[block]
# block no. 5 follows, 61 sequences, length 12
# corresponding to MSA columns:
# 125-136
name=unknown_F
#
# <colnr> <probs for GDERKNQSTAVLIFYWHMCP>
#	G	D	E	R	K	N	Q	S	T	A	V	L	I	F	Y	W	H	M	C	P
0	0.02533	0.07945	0.33416	0.11834	0.06088	0.04597	0.02656	0.03166	0.07558	0.01334	0.00834	0.01013	0.00646	0.00473	0.00532	0.00139	0.11440	0.00349	0.02867	0.00580
1	0.01055	0.01038	0.01647	0.15531	0.65106	0.05495	0.01275	0.01308	0.00975	0.01339	0.00795	0.01063	0.00658	0.00395	0.00425	0.00130	0.00536	0.00378	0.00210	0.00640
2	0.36258	0.09224	0.04366	0.00803	0.03430	0.04188	0.02509	0.08235	0.00950	0.03418	0.05197	0.01106	0.00833	0.00553	0.02328	0.00144	0.07107	0.01818	0.07022	0.00510
3	0.65648	0.05093	0.05941	0.00631	0.00912	0.00971	0.00559	0.02966	0.03376	0.01813	0.00720	0.00833	0.00565	0.00511	0.03161	0.00149	0.00383	0.00267	0.05013	0.00488
4	0.07455	0.00812	0.03641	0.02063	0.09606	0.03222	0.00670	0.08802	0.13094	0.08380	0.09130	0.13480	0.07585	0.02526	0.00484	0.00146	0.00364	0.03148	0.02841	0.02551
5	0.00597	0.00461	0.00548	0.00537	0.00644	0.00433	0.00399	0.02560	0.01029	0.01360	0.30831	0.10694	0.32600	0.06877	0.05168	0.00195	0.01802	0.02477	0.00404	0.00383
6	0.03012	0.09742	0.01507	0.01748	0.41572	0.09515	0.01011	0.06401	0.10556	0.01482	0.04940	0.01167	0.00903	0.00456	0.00429	0.00126	0.02389	0.00386	0.02033	0.00624
7	0.00684	0.00505	0.02317	0.03297	0.00779	0.00463	0.01941	0.02153	0.00970	0.04500	0.22023	0.25119	0.10575	0.09503	0.03534	0.00195	0.00321	0.04059	0.06661	0.00399
8	0.00704	0.00399	0.00578	0.00578	0.00594	0.00415	0.00395	0.00614	0.00598	0.00814	0.00914	0.01586	0.00924	0.12592	0.19274	0.57604	0.00547	0.00425	0.00206	0.00239
9	0.01092	0.05179	0.07005	0.06060	0.23147	0.06843	0.10897	0.10482	0.06142	0.03978	0.05212	0.03333	0.05309	0.00530	0.00443	0.00135	0.00507	0.02819	0.00291	0.00597
10	0.00842	0.00818	0.12386	0.06374	0.08842	0.00621	0.00747	0.01073	0.02681	0.09743	0.11931	0.18257	0.11263	0.03349	0.00524	0.00152	0.00371	0.04166	0.00349	0.05511
11	0.03059	0.11841	0.07063	0.07773	0.02363	0.09311	0.02665	0.10563	0.22408	0.03579	0.03971	0.01459	0.01055	0.03243	0.00485	0.00143	0.01790	0.04327	0.02323	0.00580

[dist]
# distance from previous block
# <min> <max>
0	4

[block]
# block no. 6 follows, 61 sequences, length 9
# corresponding to MSA columns:
# 141-149
name=unknown_G
#
# <colnr> <probs for GDERKNQSTAVLIFYWHMCP>
#	G	D	E	R	K	N	Q	S	T	A	V	L	I	F	Y	W	H	M	C	P
0	0.15272	0.04269	0.05856	0.05991	0.03714	0.10078	0.07162	0.20659	0.06286	0.04156	0.04457	0.01254	0.02008	0.00507	0.00422	0.00133	0.01999	0.02540	0.02659	0.00578
1	0.02719	0.00657	0.04495	0.00839	0.05474	0.00646	0.02939	0.07146	0.04277	0.01153	0.01083	0.03185	0.03765	0.01626	0.22522	0.33615	0.02790	0.00439	0.00244	0.00386
2	0.00849	0.00835	0.06537	0.01071	0.13148	0.03740	0.04489	0.06635	0.07186	0.01390	0.11152	0.04938	0.08949	0.05066	0.20590	0.00285	0.00600	0.01728	0.00309	0.00501
3	0.00805	0.01026	0.21087	0.04588	0.07800	0.00729	0.04643	0.04294	0.03640	0.03008	0.12318	0.20698	0.06228	0.02599	0.00533	0.00155	0.02053	0.02966	0.00321	0.00508
4	0.01012	0.08516	0.13837	0.04583	0.04861	0.04947	0.02859	0.11898	0.04809	0.04940	0.06814	0.08940	0.05786	0.03508	0.05238	0.00179	0.05917	0.00510	0.00305	0.00541
5	0.01005	0.00933	0.05849	0.07283	0.28044	0.00908	0.08790	0.03124	0.04209	0.07221	0.05616	0.03328	0.04434	0.03911	0.00617	0.00151	0.09428	0.00473	0.04103	0.00572
6	0.01102	0.03628	0.10896	0.02947	0.09882	0.06657	0.06339	0.18220	0.11948	0.01655	0.06231	0.03906	0.03225	0.04513	0.00560	0.00149	0.04230	0.00463	0.02862	0.00586
7	0.00778	0.00768	0.08521	0.00715	0.00932	0.00642	0.04025	0.12647	0.04855	0.01527	0.15191	0.11942	0.31568	0.00943	0.02836	0.00159	0.00351	0.00742	0.00385	0.00474
8	0.01068	0.15891	0.05852	0.04572	0.03829	0.12102	0.02457	0.10576	0.01030	0.03451	0.02517	0.01341	0.03729	0.07174	0.15253	0.00242	0.02876	0.00393	0.00261	0.05386

[dist]
# distance from previous block
# <min> <max>
0	6

[block]
# block no. 7 follows, 61 sequences, length 12
# corresponding to MSA columns:
# 156-167
name=unknown_H
#
# <colnr> <probs for GDERKNQSTAVLIFYWHMCP>
#	G	D	E	R	K	N	Q	S	T	A	V	L	I	F	Y	W	H	M	C	P
0	0.04803	0.25737	0.11668	0.00890	0.03631	0.14253	0.03075	0.03277	0.00979	0.03152	0.00901	0.02590	0.02302	0.00437	0.00347	0.00107	0.00481	0.00325	0.09903	0.11144
1	0.02785	0.02325	0.02535	0.02194	0.00900	0.00763	0.00614	0.03651	0.07294	0.02913	0.01200	0.01710	0.03361	0.14501	0.37439	0.00433	0.14214	0.00471	0.00262	0.00435
2	0.15209	0.00604	0.00648	0.00606	0.00758	0.02257	0.00462	0.05040	0.02121	0.03737	0.08765	0.15253	0.06450	0.02688	0.11926	0.01657	0.01471	0.00575	0.13886	0.05888
3	0.59139	0.07706	0.00917	0.00688	0.00949	0.01079	0.00579	0.09264	0.00894	0.06240	0.00700	0.00798	0.00542	0.00451	0.00404	0.00135	0.08443	0.00273	0.00283	0.00515
4	0.00624	0.00427	0.00519	0.00519	0.00536	0.00444	0.00322	0.00658	0.00641	0.00872	0.01312	0.02570	0.01458	0.66838	0.20069	0.00478	0.00580	0.00590	0.00254	0.00288
5	0.00899	0.00455	0.00473	0.00447	0.00570	0.00456	0.00342	0.04686	0.00971	0.05791	0.01403	0.01573	0.01085	0.00504	0.00314	0.00103	0.00222	0.00402	0.78870	0.00433
6	0.07957	0.00858	0.01393	0.49664	0.29542	0.00980	0.01180	0.01189	0.00891	0.01272	0.00767	0.01084	0.00602	0.00412	0.00416	0.00137	0.00534	0.00371	0.00205	0.00546
7	0.01084	0.00729	0.00810	0.00697	0.00880	0.00766	0.00535	0.26063	0.06099	0.08265	0.01741	0.07646	0.10634	0.17393	0.00801	0.00192	0.01659	0.02439	0.11053	0.00514
8	0.03061	0.07877	0.05667	0.00984	0.04849	0.00800	0.16204	0.01289	0.07528	0.13555	0.10661	0.06715	0.14324	0.03923	0.00525	0.00149	0.00416	0.00589	0.00349	0.00535
9	0.00794	0.00560	0.00730	0.02895	0.06374	0.00554	0.00546	0.03032	0.09535	0.08605	0.10675	0.36358	0.11695	0.01062	0.03134	0.00172	0.00324	0.02088	0.00401	0.00465
10	0.00880	0.04015	0.00831	0.02819	0.00888	0.09318	0.00560	0.06656	0.00963	0.04915	0.08092	0.22563	0.05436	0.12561	0.09222	0.00242	0.07030	0.02252	0.00329	0.00429
11	0.06329	0.08001	0.08605	0.00993	0.05312	0.08245	0.03392	0.15815	0.21177	0.04405	0.01151	0.02693	0.00901	0.00502	0.00400	0.00127	0.00452	0.01663	0.04777	0.05060

[dist]
# distance from previous block
# <min> <max>
1	8

[block]
# block no. 8 follows, 61 sequences, length 6
# corresponding to MSA columns:
# 176-181
name=unknown_I
#
# <colnr> <probs for GDERKNQSTAVLIFYWHMCP>
#	G	D	E	R	K	N	Q	S	T	A	V	L	I	F	Y	W	H	M	C	P
0	0.01044	0.00821	0.06355	0.03046	0.01065	0.03755	0.04409	0.08301	0.09270	0.14617	0.10308	0.09603	0.04738	0.08909	0.03303	0.01852	0.00423	0.05028	0.02635	0.00519
1	0.00546	0.00404	0.00512	0.00570	0.00634	0.00370	0.00403	0.00658	0.00935	0.01237	0.17376	0.50766	0.17465	0.01208	0.00537	0.00164	0.00243	0.05193	0.00413	0.00365
2	0.00752	0.00521	0.00632	0.00610	0.00715	0.00521	0.00443	0.09526	0.00985	0.05169	0.10048	0.23170	0.14799	0.16298	0.13541	0.00282	0.00440	0.00776	0.00366	0.00408
3	0.00665	0.00463	0.00555	0.00552	0.00660	0.00460	0.00419	0.00901	0.06302	0.01434	0.23380	0.09652	0.15615	0.01198	0.12216	0.00215	0.00362	0.04330	0.20212	0.00408
4	0.00980	0.00758	0.00923	0.00766	0.05578	0.00619	0.00559	0.04885	0.00957	0.07335	0.00965	0.05271	0.00843	0.05435	0.00462	0.00102	0.00343	0.00353	0.00289	0.62576
5	0.05883	0.09506	0.03648	0.05041	0.06122	0.05726	0.07446	0.08782	0.01022	0.04357	0.02970	0.21832	0.03374	0.04278	0.00510	0.00150	0.00423	0.02087	0.06348	0.00495

[dist]
# distance from previous block
# <min> <max>
3	6

[block]
# block no. 9 follows, 61 sequences, length 7
# corresponding to MSA columns:
# 188-194
name=unknown_J
#
# <colnr> <probs for GDERKNQSTAVLIFYWHMCP>
#	G	D	E	R	K	N	Q	S	T	A	V	L	I	F	Y	W	H	M	C	P
0	0.00558	0.00426	0.00483	0.00500	0.00606	0.00379	0.00367	0.00681	0.00973	0.01259	0.16060	0.18375	0.43568	0.04527	0.00579	0.00161	0.00238	0.04837	0.05056	0.00367
1	0.22733	0.11296	0.09711	0.04796	0.07729	0.02341	0.06938	0.04044	0.03791	0.05741	0.00923	0.03389	0.00743	0.00508	0.01758	0.00138	0.02887	0.00362	0.09632	0.00541
2	0.00740	0.00596	0.04973	0.00588	0.00761	0.00493	0.00485	0.03760	0.03839	0.07420	0.20704	0.09302	0.35103	0.00922	0.00489	0.00144	0.00271	0.04196	0.04773	0.00442
3	0.00715	0.00493	0.00631	0.00631	0.00725	0.00499	0.00464	0.06404	0.00924	0.05182	0.07320	0.28130	0.10710	0.10399	0.21584	0.00321	0.00516	0.03594	0.00356	0.00402
4	0.01258	0.11707	0.01283	0.00960	0.03971	0.16061	0.05070	0.24317	0.01289	0.01697	0.04755	0.01158	0.00887	0.00504	0.00459	0.00121	0.06671	0.00375	0.16898	0.00559
5	0.07559	0.00513	0.00580	0.00579	0.00681	0.00508	0.00408	0.02431	0.07400	0.01273	0.09388	0.29717	0.12249	0.15479	0.00833	0.04323	0.00298	0.00798	0.00359	0.04624
6	0.01239	0.13269	0.04841	0.04088	0.17744	0.15208	0.06221	0.15239	0.06198	0.03813	0.02869	0.03225	0.00837	0.00548	0.02691	0.00140	0.00554	0.00391	0.00281	0.00604

[dist]
# distance from previous block
# <min> <max>
9	156

[block]
# block no. 10 follows, 61 sequences, length 14
# corresponding to MSA columns:
# 351,365-377
name=unknown_K
#
# <colnr> <probs for GDERKNQSTAVLIFYWHMCP>
#	G	D	E	R	K	N	Q	S	T	A	V	L	I	F	Y	W	H	M	C	P
0	0.04873	0.09434	0.05109	0.02632	0.09791	0.06924	0.00758	0.10490	0.01944	0.08223	0.04689	0.10051	0.02324	0.03923	0.02127	0.00152	0.05292	0.02662	0.00309	0.08291
1	0.03041	0.09050	0.17062	0.05457	0.16269	0.07371	0.05654	0.01340	0.07462	0.01334	0.01816	0.05497	0.00816	0.00473	0.00440	0.00125	0.03776	0.00392	0.00242	0.12385
2	0.04536	0.02573	0.06134	0.04242	0.33102	0.08757	0.04806	0.06007	0.05752	0.02924	0.05596	0.01201	0.00911	0.00514	0.02465	0.00138	0.00509	0.00392	0.03324	0.06120
3	0.04445	0.00473	0.00583	0.01960	0.00720	0.00470	0.00439	0.05337	0.02015	0.01269	0.05896	0.59981	0.02435	0.06089	0.02075	0.00187	0.00297	0.01002	0.02093	0.02236
4	0.82877	0.05717	0.00727	0.00576	0.00849	0.01009	0.00482	0.01268	0.00741	0.01879	0.00600	0.00699	0.00472	0.00398	0.00267	0.00131	0.00341	0.00233	0.00262	0.00472
5	0.06179	0.09825	0.24241	0.01033	0.01394	0.08210	0.04808	0.12653	0.11684	0.01550	0.00994	0.01247	0.00807	0.00579	0.02339	0.00150	0.06265	0.05176	0.00276	0.00592
6	0.00647	0.00477	0.00574	0.00539	0.00676	0.00425	0.00404	0.00837	0.03045	0.03263	0.41569	0.11810	0.22203	0.00907	0.00487	0.00135	0.00229	0.00787	0.03201	0.07786
7	0.00746	0.00563	0.00724	0.00801	0.00911	0.02525	0.00687	0.02607	0.04911	0.01329	0.02195	0.08008	0.02357	0.01136	0.00577	0.00191	0.00398	0.68520	0.00395	0.00418
8	0.01165	0.00581	0.00669	0.00574	0.00764	0.00564	0.00454	0.08896	0.02721	0.23223	0.06447	0.01713	0.04453	0.00560	0.00372	0.00117	0.00275	0.00453	0.45474	0.00526
9	0.00602	0.00463	0.00649	0.00661	0.00746	0.00435	0.05116	0.00725	0.00905	0.01191	0.10383	0.36437	0.13914	0.10797	0.00735	0.00197	0.00314	0.14982	0.00380	0.00369
10	0.01038	0.04447	0.09506	0.04750	0.52026	0.01039	0.05236	0.05910	0.01004	0.01415	0.00878	0.04372	0.00762	0.02241	0.00501	0.00139	0.03458	0.00416	0.00229	0.00634
11	0.00955	0.02322	0.04577	0.03806	0.06673	0.02739	0.03829	0.10723	0.03010	0.01468	0.04037	0.03189	0.01008	0.11786	0.02832	0.00165	0.03080	0.00415	0.07414	0.25974
12	0.00726	0.00473	0.00556	0.00539	0.00648	0.00442	0.00385	0.00893	0.04992	0.08604	0.17856	0.15819	0.23453	0.17078	0.00817	0.00197	0.00277	0.00788	0.05055	0.00401
13	0.11218	0.03588	0.22954	0.03132	0.13896	0.01932	0.03904	0.04685	0.07661	0.01513	0.08150	0.05980	0.05274	0.00572	0.00439	0.00139	0.01695	0.02418	0.00284	0.00564

[dist]
# distance from previous block
# <min> <max>
0	10

[block]
# block no. 11 follows, 61 sequences, length 21
# corresponding to MSA columns:
# 388-408
name=unknown_L
#
# <colnr> <probs for GDERKNQSTAVLIFYWHMCP>
#	G	D	E	R	K	N	Q	S	T	A	V	L	I	F	Y	W	H	M	C	P
0	0.03406	0.10668	0.11444	0.04372	0.09918	0.11955	0.06336	0.01245	0.04483	0.02439	0.05977	0.13517	0.03721	0.00594	0.00420	0.00128	0.00477	0.00506	0.00275	0.08120
1	0.00666	0.00536	0.02704	0.00661	0.02455	0.02508	0.00481	0.01899	0.00794	0.01112	0.02445	0.18604	0.06377	0.16027	0.31910	0.00397	0.00643	0.00656	0.08745	0.00378
2	0.00558	0.00413	0.00513	0.00549	0.00628	0.00376	0.00394	0.00685	0.00985	0.01318	0.26698	0.38171	0.20636	0.01131	0.00525	0.00156	0.00233	0.03629	0.02030	0.00372
3	0.00541	0.00390	0.00499	0.00580	0.00616	0.00364	0.00391	0.00616	0.00823	0.01084	0.02427	0.65850	0.09279	0.10277	0.00724	0.00199	0.00271	0.04339	0.00385	0.00343
4	0.06115	0.00579	0.00717	0.00620	0.00812	0.00546	0.00487	0.01321	0.05928	0.26255	0.41095	0.02389	0.05311	0.00717	0.00456	0.00134	0.00269	0.00609	0.05116	0.00524
5	0.38863	0.00700	0.00715	0.00622	0.00858	0.00727	0.00497	0.03018	0.00959	0.24942	0.06593	0.10924	0.01209	0.00591	0.00369	0.00136	0.00317	0.00458	0.06974	0.00526
6	0.00644	0.00473	0.00669	0.00665	0.00744	0.00542	0.00508	0.00829	0.03819	0.01050	0.01207	0.01778	0.01128	0.09761	0.68778	0.00617	0.01010	0.00473	0.04920	0.00387
7	0.00883	0.07587	0.77434	0.01196	0.01815	0.01046	0.01536	0.01359	0.00907	0.01341	0.00762	0.00895	0.00546	0.00407	0.00401	0.00134	0.00625	0.00313	0.00182	0.00631
8	0.16493	0.06239	0.01120	0.00846	0.01146	0.08863	0.00693	0.31870	0.10227	0.13205	0.01143	0.01128	0.02403	0.00502	0.00389	0.00128	0.00437	0.00369	0.02167	0.00634
9	0.76837	0.00922	0.00675	0.00607	0.00863	0.08099	0.00492	0.01295	0.00782	0.01843	0.00638	0.00743	0.00500	0.00408	0.00279	0.00130	0.00366	0.00244	0.03810	0.00467
10	0.00997	0.13664	0.04769	0.02017	0.06006	0.04351	0.09877	0.04446	0.06104	0.05210	0.05949	0.01557	0.08916	0.02611	0.05382	0.06095	0.10802	0.00460	0.00278	0.00511
11	0.00546	0.00405	0.00500	0.00553	0.00616	0.00371	0.00385	0.00643	0.00897	0.01171	0.11598	0.46424	0.21442	0.08047	0.00672	0.00184	0.00258	0.04536	0.00397	0.00354
12	0.00928	0.00663	0.00759	0.00731	0.02916	0.03994	0.00533	0.06920	0.10551	0.11450	0.14117	0.22577	0.12978	0.04373	0.02717	0.00173	0.01973	0.00748	0.00408	0.00489
13	0.00648	0.00455	0.00579	0.00634	0.00710	0.00439	0.00457	0.00843	0.07472	0.04527	0.07961	0.56004	0.07497	0.01190	0.00535	0.00169	0.00271	0.08791	0.00413	0.00402
14	0.00728	0.00384	0.00560	0.00560	0.00565	0.00388	0.00373	0.00580	0.00575	0.00772	0.00832	0.01478	0.00847	0.09633	0.06728	0.73761	0.00426	0.00404	0.00197	0.00206
15	0.01238	0.54818	0.01964	0.00967	0.05562	0.15461	0.05049	0.06059	0.01016	0.01177	0.00683	0.00795	0.00590	0.00394	0.00326	0.00103	0.00526	0.00275	0.02439	0.00559
16	0.00685	0.00550	0.04957	0.00630	0.00747	0.00461	0.00499	0.02523	0.00931	0.05584	0.08646	0.31501	0.15737	0.09717	0.03705	0.00207	0.00340	0.10572	0.01609	0.00400
17	0.04701	0.11848	0.07973	0.20003	0.13004	0.09710	0.04216	0.09478	0.04162	0.01417	0.00949	0.02629	0.02540	0.00462	0.00398	0.00127	0.00520	0.00379	0.04924	0.00560
18	0.11798	0.03860	0.08490	0.06873	0.04901	0.01930	0.04408	0.15234	0.16903	0.04659	0.01141	0.01331	0.02436	0.05538	0.00591	0.01803	0.04920	0.01368	0.01239	0.00578
19	0.18347	0.01024	0.03234	0.06474	0.16933	0.08807	0.04417	0.14599	0.01124	0.05130	0.02883	0.05081	0.05215	0.01464	0.01599	0.00146	0.00477	0.02183	0.00302	0.00561
20	0.02703	0.04839	0.04351	0.04386	0.31337	0.11253	0.07507	0.05672	0.06872	0.03281	0.09973	0.01351	0.01108	0.00483	0.00428	0.00129	0.00504	0.01305	0.01921	0.00597

[dist]
# distance from previous block
# <min> <max>
5	23

[block]
# block no. 12 follows, 61 sequences, length 13
# corresponding to MSA columns:
# 438-450
name=unknown_M
#
# <colnr> <probs for GDERKNQSTAVLIFYWHMCP>
#	G	D	E	R	K	N	Q	S	T	A	V	L	I	F	Y	W	H	M	C	P
0	0.02080	0.03511	0.07228	0.00714	0.00883	0.03259	0.01850	0.02018	0.13641	0.02701	0.12294	0.24812	0.10370	0.06843	0.04316	0.00193	0.00378	0.02085	0.00366	0.00458
1	0.07509	0.15124	0.19289	0.05788	0.08809	0.07219	0.08184	0.05933	0.01012	0.07443	0.00887	0.04473	0.00717	0.00449	0.00391	0.00124	0.00525	0.00368	0.00252	0.05503
2	0.01058	0.19009	0.28783	0.01032	0.01453	0.04019	0.09452	0.05561	0.05432	0.05900	0.00907	0.01085	0.00717	0.04344	0.04435	0.00162	0.00571	0.00355	0.00245	0.05479
3	0.00875	0.06279	0.03010	0.00590	0.00746	0.00671	0.00486	0.04907	0.05808	0.01525	0.04179	0.01509	0.01105	0.02359	0.06010	0.00157	0.06002	0.00406	0.49011	0.04365
4	0.00863	0.00649	0.00776	0.00615	0.00897	0.00513	0.00478	0.01030	0.00951	0.07775	0.09343	0.12636	0.08793	0.00600	0.00395	0.00099	0.00293	0.00510	0.00331	0.52453
5	0.00777	0.00592	0.00782	0.00807	0.00940	0.00618	0.03195	0.01174	0.17079	0.01387	0.02062	0.06521	0.02107	0.03910	0.00601	0.00189	0.00383	0.52124	0.04297	0.00454
6	0.01466	0.00857	0.00986	0.00800	0.01077	0.00895	0.00647	0.25741	0.17100	0.28005	0.01447	0.01391	0.01020	0.00626	0.03237	0.00149	0.00397	0.00426	0.13071	0.00663
7	0.00574	0.00421	0.00526	0.00552	0.00627	0.00390	0.00397	0.00700	0.00976	0.01308	0.29313	0.28189	0.17109	0.10127	0.00709	0.00184	0.00258	0.06867	0.00410	0.00365
8	0.01200	0.61345	0.04068	0.00791	0.01142	0.03672	0.00752	0.04479	0.12612	0.05105	0.00842	0.00882	0.00694	0.00416	0.00320	0.00105	0.00452	0.00287	0.00248	0.00588
9	0.00621	0.00435	0.00556	0.00554	0.00588	0.00460	0.00370	0.00690	0.00689	0.00953	0.06627	0.02444	0.01557	0.50209	0.30928	0.00497	0.00666	0.00578	0.00264	0.00315
10	0.01140	0.62029	0.01909	0.00771	0.01074	0.04726	0.00723	0.05675	0.00936	0.01158	0.00719	0.02510	0.00652	0.00442	0.00392	0.00105	0.07484	0.00286	0.06729	0.00538
11	0.02530	0.05199	0.13602	0.01941	0.02605	0.04302	0.00771	0.09059	0.05231	0.08377	0.05792	0.06880	0.02787	0.00553	0.00434	0.00120	0.03031	0.02509	0.02226	0.22053
12	0.01044	0.05862	0.13016	0.01028	0.08452	0.09258	0.03043	0.09973	0.06449	0.06230	0.11829	0.07503	0.06955	0.00776	0.05261	0.00165	0.00492	0.00518	0.00327	0.01820

[dist]
# distance from previous block
# <min> <max>
0	1

[block]
# block no. 13 follows, 61 sequences, length 9
# corresponding to MSA columns:
# 452-460
name=unknown_N
#
# <colnr> <probs for GDERKNQSTAVLIFYWHMCP>
#	G	D	E	R	K	N	Q	S	T	A	V	L	I	F	Y	W	H	M	C	P
0	0.06193	0.01112	0.03403	0.08115	0.01386	0.20380	0.11225	0.08773	0.02972	0.01455	0.04385	0.02001	0.01221	0.00633	0.00453	0.00143	0.00533	0.18630	0.06486	0.00502
1	0.00917	0.00974	0.08082	0.44707	0.16950	0.00989	0.06608	0.05792	0.00956	0.01288	0.00865	0.05029	0.00713	0.00477	0.00478	0.00143	0.03844	0.00426	0.00220	0.00544
2	0.81372	0.00804	0.00629	0.00565	0.00819	0.00924	0.00462	0.01232	0.00769	0.01917	0.06687	0.00888	0.00736	0.00436	0.00285	0.00133	0.00323	0.00274	0.00282	0.00462
3	0.00613	0.00449	0.00512	0.00504	0.00632	0.00394	0.00378	0.00743	0.01022	0.05019	0.21707	0.08710	0.47942	0.04982	0.00591	0.00160	0.00241	0.04597	0.00416	0.00386
4	0.00673	0.00436	0.00516	0.00508	0.00614	0.00405	0.00374	0.00826	0.00999	0.04715	0.26714	0.12372	0.21011	0.04687	0.04618	0.00175	0.00275	0.00744	0.18945	0.00395
5	0.67513	0.00830	0.00723	0.00620	0.00894	0.00925	0.00509	0.06630	0.00903	0.12579	0.03897	0.00920	0.00701	0.00444	0.00309	0.00133	0.00342	0.00291	0.00321	0.00517
6	0.27833	0.01268	0.01026	0.00875	0.01150	0.22147	0.00695	0.24654	0.13179	0.01916	0.00914	0.00951	0.00692	0.00473	0.00371	0.00128	0.00489	0.00327	0.00328	0.00584
7	0.01369	0.00994	0.04606	0.00815	0.01154	0.05800	0.00684	0.21101	0.04308	0.22125	0.06167	0.01238	0.00999	0.00478	0.00400	0.00111	0.00404	0.00378	0.00384	0.26483
8	0.07632	0.02960	0.05696	0.00903	0.01221	0.05019	0.00770	0.47193	0.10316	0.04874	0.01094	0.01110	0.00797	0.00503	0.00402	0.00128	0.00445	0.00378	0.07899	0.00659

[dist]
# distance from previous block
# <min> <max>
0	1

[block]
# block no. 14 follows, 61 sequences, length 10
# corresponding to MSA columns:
# 462-471
name=unknown_O
#
# <colnr> <probs for GDERKNQSTAVLIFYWHMCP>
#	G	D	E	R	K	N	Q	S	T	A	V	L	I	F	Y	W	H	M	C	P
0	0.01289	0.32704	0.13097	0.00984	0.02979	0.28873	0.00893	0.01470	0.01013	0.06401	0.00772	0.03223	0.00655	0.00453	0.00395	0.00114	0.03598	0.00309	0.00226	0.00552
1	0.00972	0.00997	0.07120	0.04763	0.26170	0.06718	0.06131	0.06393	0.04990	0.01485	0.11714	0.04125	0.04575	0.00655	0.02735	0.00151	0.00482	0.04486	0.04779	0.00559
2	0.00573	0.00405	0.00504	0.00560	0.00626	0.00367	0.00387	0.00664	0.00889	0.03673	0.07274	0.56462	0.20894	0.03861	0.00586	0.00172	0.00249	0.01084	0.00404	0.00365
3	0.02823	0.01081	0.14032	0.01159	0.05548	0.03674	0.20938	0.03122	0.09389	0.01425	0.07967	0.04190	0.10906	0.00720	0.04487	0.00168	0.03871	0.00534	0.03430	0.00536
4	0.02921	0.00650	0.04070	0.00823	0.09724	0.00582	0.00569	0.02439	0.07547	0.07090	0.18720	0.10996	0.22496	0.06183	0.00583	0.00159	0.00308	0.00706	0.02963	0.00473
5	0.00609	0.00420	0.00465	0.00465	0.00487	0.00409	0.00271	0.00625	0.00680	0.00885	0.01812	0.03019	0.13726	0.72197	0.01938	0.00376	0.00387	0.00669	0.00282	0.00277
6	0.05912	0.02980	0.05827	0.03590	0.12815	0.07538	0.03235	0.30268	0.11791	0.05152	0.01091	0.01155	0.01904	0.00547	0.02251	0.00143	0.00499	0.00390	0.02267	0.00645
7	0.00550	0.00427	0.00520	0.00555	0.00649	0.00397	0.00412	0.00669	0.00914	0.01173	0.08622	0.27402	0.36037	0.01446	0.11591	0.00231	0.00366	0.07288	0.00382	0.00368
8	0.11003	0.25866	0.04904	0.01027	0.05435	0.05729	0.11442	0.12051	0.05650	0.03118	0.00914	0.04269	0.00764	0.00541	0.02829	0.00139	0.00507	0.00373	0.02868	0.00572
9	0.04576	0.05301	0.08291	0.23006	0.12683	0.11035	0.06087	0.04301	0.05362	0.02731	0.05682	0.03583	0.00913	0.00477	0.00417	0.00130	0.00528	0.00408	0.00255	0.04234

[dist]
# distance from previous block
# <min> <max>
2	45

[block]
# block no. 15 follows, 61 sequences, length 9
# corresponding to MSA columns:
# 517-525
name=unknown_P
#
# <colnr> <probs for GDERKNQSTAVLIFYWHMCP>
#	G	D	E	R	K	N	Q	S	T	A	V	L	I	F	Y	W	H	M	C	P
0	0.03488	0.04482	0.06684	0.03326	0.09843	0.00902	0.06792	0.13680	0.09770	0.06978	0.07380	0.03112	0.08907	0.05984	0.00573	0.00153	0.02679	0.00503	0.04200	0.00564
1	0.00830	0.05246	0.05859	0.09339	0.08274	0.04865	0.00792	0.01049	0.04499	0.01192	0.03994	0.16624	0.07640	0.00951	0.06992	0.00192	0.14567	0.02908	0.00279	0.03909
2	0.07197	0.03519	0.03820	0.04751	0.43318	0.01005	0.07856	0.03218	0.05378	0.04891	0.06550	0.01226	0.00937	0.00456	0.00465	0.00134	0.03984	0.00412	0.00263	0.00621
3	0.05394	0.02391	0.01084	0.10957	0.03574	0.07489	0.06084	0.10792	0.08978	0.06914	0.01252	0.07955	0.01112	0.06953	0.00615	0.00162	0.04854	0.05340	0.07578	0.00523
4	0.01134	0.16419	0.20073	0.03128	0.09125	0.03646	0.03464	0.17505	0.13394	0.01650	0.05577	0.01158	0.00920	0.00475	0.00404	0.00127	0.00496	0.00381	0.00294	0.00629
5	0.00742	0.00647	0.05034	0.04184	0.09044	0.00558	0.00597	0.00976	0.06040	0.06228	0.13984	0.11778	0.32099	0.03368	0.00540	0.00154	0.00313	0.02878	0.00378	0.00460
6	0.09024	0.00942	0.04702	0.00932	0.06403	0.04402	0.03057	0.09558	0.17929	0.06457	0.05458	0.04016	0.03942	0.02443	0.00486	0.00135	0.03746	0.00446	0.04005	0.11919
7	0.00572	0.00448	0.00569	0.00665	0.04933	0.00410	0.00454	0.00691	0.00936	0.01205	0.08991	0.37333	0.30833	0.01155	0.00530	0.00161	0.00264	0.09073	0.00395	0.00381
8	0.01098	0.04417	0.05729	0.01622	0.35717	0.03898	0.00990	0.04648	0.23955	0.04942	0.05066	0.01402	0.03605	0.00501	0.00428	0.00133	0.00446	0.00437	0.00315	0.00649

[dist]
# distance from previous block
# <min> <max>
0	1

[block]
# block no. 16 follows, 61 sequences, length 9
# corresponding to MSA columns:
# 527-535
name=unknown_Q
#
# <colnr> <probs for GDERKNQSTAVLIFYWHMCP>
#	G	D	E	R	K	N	Q	S	T	A	V	L	I	F	Y	W	H	M	C	P
0	0.01461	0.01744	0.01149	0.01032	0.01242	0.63055	0.00783	0.06960	0.03922	0.01265	0.09706	0.01097	0.00980	0.00512	0.00440	0.00119	0.03401	0.00351	0.00270	0.00510
1	0.01220	0.05677	0.08867	0.00863	0.02968	0.03413	0.00743	0.15146	0.10259	0.12618	0.01040	0.01067	0.00774	0.00429	0.00378	0.00105	0.00411	0.00337	0.00331	0.33356
2	0.87904	0.00833	0.00633	0.00566	0.00833	0.00966	0.00467	0.01266	0.00733	0.01933	0.00600	0.00700	0.00467	0.00400	0.00267	0.00133	0.00333	0.00233	0.00267	0.00467
3	0.00736	0.00545	0.00598	0.00567	0.00711	0.00548	0.00430	0.03091	0.17202	0.01564	0.23487	0.06258	0.23850	0.00814	0.00453	0.00135	0.00243	0.00690	0.17623	0.00455
4	0.05246	0.01421	0.01316	0.01062	0.01358	0.26567	0.06201	0.41442	0.01571	0.05175	0.00900	0.00963	0.00668	0.00489	0.00453	0.00127	0.03718	0.00357	0.00340	0.00629
5	0.04240	0.00616	0.00792	0.08279	0.08482	0.00627	0.00593	0.08392	0.01134	0.04858	0.28405	0.02335	0.11325	0.00695	0.00441	0.00132	0.00308	0.02617	0.15252	0.00478
6	0.00632	0.00436	0.00552	0.00549	0.00649	0.00395	0.00402	0.00784	0.01075	0.05284	0.43739	0.24622	0.17222	0.01024	0.00516	0.00147	0.00226	0.00902	0.00445	0.00400
7	0.01144	0.00892	0.01377	0.20287	0.20420	0.00941	0.08938	0.10883	0.08169	0.12210	0.04925	0.03219	0.00989	0.00495	0.00441	0.00136	0.00479	0.00451	0.02995	0.00609
8	0.00657	0.00526	0.00570	0.00551	0.00692	0.00501	0.00413	0.05688	0.08622	0.01352	0.11235	0.10216	0.46877	0.06677	0.00618	0.00166	0.00266	0.03558	0.00403	0.00414

[dist]
# distance from previous block
# <min> <max>
0	1

[block]
# block no. 17 follows, 61 sequences, length 15
# corresponding to MSA columns:
# 537-551
name=unknown_R
#
# <colnr> <probs for GDERKNQSTAVLIFYWHMCP>
#	G	D	E	R	K	N	Q	S	T	A	V	L	I	F	Y	W	H	M	C	P
0	0.00869	0.00855	0.01289	0.74655	0.02776	0.06116	0.01161	0.01136	0.00874	0.01095	0.00750	0.01115	0.00573	0.00447	0.00476	0.00144	0.04622	0.00376	0.00193	0.00479
1	0.01052	0.03664	0.08298	0.03642	0.10102	0.08737	0.02668	0.07296	0.05967	0.02237	0.01720	0.01093	0.01734	0.01248	0.00409	0.00106	0.01578	0.01129	0.00268	0.37052
2	0.01157	0.72117	0.05754	0.00890	0.06223	0.01613	0.00816	0.05134	0.00939	0.01136	0.00641	0.00741	0.00569	0.00378	0.00299	0.00098	0.00472	0.00251	0.00198	0.00573
3	0.26333	0.03657	0.01210	0.07864	0.15187	0.02254	0.07456	0.10460	0.02996	0.06455	0.01792	0.05723	0.02229	0.00517	0.00415	0.00138	0.02053	0.02407	0.00296	0.00559
4	0.01009	0.00962	0.01635	0.13782	0.67917	0.00987	0.01267	0.01262	0.00958	0.01352	0.00868	0.04467	0.00755	0.00429	0.00432	0.00132	0.00510	0.00418	0.00218	0.00641
5	0.00556	0.00423	0.00483	0.00494	0.00601	0.00374	0.00360	0.00689	0.01008	0.01324	0.23872	0.19488	0.41377	0.01051	0.00504	0.00146	0.00219	0.00906	0.05750	0.00374
6	0.00630	0.00424	0.00508	0.00516	0.00554	0.00414	0.00339	0.00708	0.00817	0.01134	0.19043	0.09883	0.02257	0.48027	0.01450	0.00300	0.00342	0.06563	0.05772	0.00319
7	0.01176	0.00595	0.00763	0.00655	0.00851	0.00553	0.00511	0.03758	0.05216	0.32882	0.28212	0.07323	0.04689	0.05904	0.00574	0.00155	0.00302	0.02141	0.03197	0.00542
8	0.01377	0.00757	0.00922	0.00757	0.01007	0.00751	0.00608	0.17294	0.07302	0.34392	0.13146	0.06625	0.09359	0.00690	0.00486	0.00139	0.02737	0.00567	0.00467	0.00618
9	0.70024	0.00843	0.00712	0.00617	0.00889	0.00955	0.00506	0.07001	0.03568	0.07923	0.00774	0.00836	0.00576	0.00427	0.00297	0.00132	0.00342	0.00272	0.02793	0.00510
10	0.43727	0.00755	0.00651	0.00577	0.00789	0.02714	0.00459	0.11312	0.00958	0.01862	0.00943	0.01120	0.00750	0.04048	0.00383	0.00134	0.00323	0.00324	0.27697	0.00472
11	0.00820	0.00479	0.00629	0.03376	0.00697	0.03036	0.00431	0.04209	0.00678	0.00910	0.00799	0.01293	0.00757	0.01323	0.01460	0.72553	0.00387	0.00374	0.05543	0.00244
12	0.01175	0.80969	0.02205	0.00756	0.01117	0.05774	0.00742	0.01311	0.00893	0.01015	0.00602	0.00695	0.00553	0.00372	0.00282	0.00093	0.00476	0.00233	0.00186	0.00550
13	0.70083	0.00910	0.00721	0.00635	0.00896	0.05210	0.00516	0.09326	0.00896	0.01933	0.00722	0.03496	0.00589	0.00447	0.00299	0.00132	0.00365	0.00287	0.02047	0.00490
14	0.00973	0.00878	0.01213	0.39243	0.10835	0.04983	0.00985	0.10696	0.03660	0.01385	0.05866	0.01381	0.00932	0.04726	0.00595	0.00155	0.06854	0.01506	0.02615	0.00520

[dist]
# distance from previous block
# <min> <max>
0	1

[block]
# block no. 18 follows, 61 sequences, length 8
# corresponding to MSA columns:
# 553-560
name=unknown_S
#
# <colnr> <probs for GDERKNQSTAVLIFYWHMCP>
#	G	D	E	R	K	N	Q	S	T	A	V	L	I	F	Y	W	H	M	C	P
0	0.00552	0.00425	0.00506	0.00529	0.00629	0.00380	0.00390	0.00683	0.01006	0.01306	0.24511	0.24516	0.35830	0.01107	0.00525	0.00154	0.00234	0.05924	0.00420	0.00374
1	0.00814	0.00744	0.01237	0.60514	0.11173	0.00887	0.01110	0.01079	0.00874	0.01145	0.00949	0.01547	0.00812	0.00714	0.06749	0.00189	0.00594	0.08167	0.00217	0.00485
2	0.00547	0.00423	0.00519	0.00543	0.00635	0.00395	0.00395	0.00669	0.00928	0.01211	0.16023	0.27207	0.32994	0.01475	0.13757	0.00240	0.00375	0.00909	0.00385	0.00370
3	0.00623	0.00429	0.00530	0.00530	0.00550	0.00450	0.00336	0.00665	0.00644	0.00879	0.01303	0.02516	0.01435	0.62936	0.23938	0.00491	0.00615	0.00582	0.00253	0.00294
4	0.01541	0.07682	0.05718	0.00978	0.01326	0.07071	0.00841	0.57861	0.05629	0.05576	0.01023	0.01028	0.00738	0.00499	0.00415	0.00127	0.00492	0.00371	0.00388	0.00695
