[name]
unknown

[dist]
# distance from previous block
# <min> <max>
0	14

[block]
# block no. 0 follows, 52 sequences, length 21
# corresponding to MSA columns:
# 41-61
name=unknown_A
#
# <colnr> <probs for GDERKNQSTAVLIFYWHMCP>
#	G	D	E	R	K	N	Q	S	T	A	V	L	I	F	Y	W	H	M	C	P
0	0.00781	0.00558	0.00781	0.00892	0.01004	0.00558	0.00781	0.01004	0.01116	0.01450	0.02566	0.05466	0.02789	0.01339	0.00669	0.00223	0.00446	0.76685	0.00446	0.00446
1	0.01005	0.00861	0.01005	0.00718	0.01148	0.00646	0.00574	0.01220	0.01005	0.01579	0.00861	0.01005	0.00718	0.00359	0.00359	0.00072	0.00359	0.00287	0.00287	0.85932
2	0.00589	0.00426	0.00558	0.00664	0.00700	0.00394	0.00445	0.00676	0.00938	0.01241	0.02798	0.78229	0.07547	0.01502	0.00616	0.00195	0.00279	0.01358	0.00450	0.00394
3	0.01005	0.00861	0.01005	0.00718	0.01148	0.00646	0.00574	0.01220	0.01005	0.01579	0.00861	0.01005	0.00718	0.00359	0.00359	0.00072	0.00359	0.00287	0.00287	0.85932
4	0.01199	0.01151	0.01967	0.02974	0.79946	0.01151	0.01487	0.01487	0.01103	0.01583	0.00912	0.01199	0.00768	0.00432	0.00480	0.00144	0.00576	0.00432	0.00240	0.00768
5	0.00915	0.00861	0.01453	0.81804	0.03338	0.01077	0.01346	0.01238	0.00969	0.01238	0.00861	0.01292	0.00646	0.00484	0.00484	0.00161	0.00646	0.00431	0.00215	0.00538
6	0.00898	0.00674	0.00832	0.00775	0.00929	0.00680	0.02162	0.14940	0.05126	0.01869	0.29364	0.27892	0.06810	0.01079	0.00571	0.00169	0.00329	0.03898	0.00483	0.00520
7	0.00642	0.00494	0.00587	0.00564	0.00697	0.00439	0.00423	0.00830	0.01268	0.01698	0.50736	0.04024	0.33680	0.01082	0.00572	0.00157	0.00235	0.00933	0.00501	0.00439
8	0.00979	0.02365	0.72567	0.01416	0.02099	0.01117	0.07349	0.01521	0.01035	0.01534	0.00925	0.01168	0.00683	0.00481	0.00474	0.00156	0.00716	0.02498	0.00214	0.00704
9	0.01005	0.00861	0.01005	0.00718	0.01148	0.00646	0.00574	0.01220	0.01005	0.01579	0.00861	0.01005	0.00718	0.00359	0.00359	0.00072	0.00359	0.00287	0.00287	0.85932
10	0.00680	0.00491	0.00623	0.00594	0.00711	0.00450	0.00444	0.00894	0.01319	0.01855	0.67182	0.06047	0.11672	0.01013	0.00564	0.00153	0.00232	0.00890	0.03733	0.00450
11	0.00925	0.00859	0.01186	0.01060	0.01070	0.01143	0.00846	0.01020	0.00763	0.01142	0.01057	0.11347	0.01146	0.11974	0.08342	0.00292	0.54511	0.00585	0.00256	0.00474
12	0.00679	0.00495	0.00639	0.00603	0.00720	0.00454	0.00452	0.00902	0.01356	0.01907	0.75358	0.03680	0.08928	0.01004	0.00572	0.00153	0.00230	0.00885	0.00529	0.00454
13	0.02032	0.00961	0.01198	0.00928	0.01299	0.00926	0.00764	0.19737	0.06875	0.57310	0.01745	0.01549	0.01133	0.00600	0.00487	0.00150	0.00438	0.00480	0.00566	0.00821
14	0.00915	0.00861	0.01453	0.81804	0.03338	0.01077	0.01346	0.01238	0.00969	0.01238	0.00861	0.01292	0.00646	0.00484	0.00484	0.00161	0.00646	0.00431	0.00215	0.00538
15	0.50513	0.01190	0.01021	0.00850	0.01177	0.07520	0.00694	0.28047	0.01370	0.02401	0.00850	0.00924	0.00636	0.00499	0.00375	0.00146	0.00469	0.00326	0.00360	0.00631
16	0.05179	0.00872	0.00937	0.00853	0.01074	0.00978	0.00654	0.02014	0.52150	0.01952	0.20574	0.02272	0.02193	0.05397	0.00615	0.00178	0.00351	0.00622	0.00482	0.00654
17	0.00622	0.00484	0.00599	0.00621	0.00724	0.00469	0.00456	0.00750	0.00961	0.01244	0.05883	0.20130	0.33841	0.05955	0.24592	0.00368	0.00576	0.00927	0.00389	0.00409
18	0.01030	0.00995	0.03703	0.01075	0.01480	0.00824	0.19558	0.04031	0.01104	0.01630	0.06730	0.04356	0.01097	0.00481	0.00466	0.00112	0.01975	0.00451	0.00304	0.48597
19	0.04265	0.15942	0.30850	0.15823	0.02100	0.01267	0.12438	0.01426	0.01007	0.01427	0.02332	0.01112	0.00714	0.00479	0.00513	0.00149	0.05270	0.00393	0.00225	0.02269
20	0.09907	0.38663	0.16562	0.01001	0.01421	0.15429	0.00997	0.02976	0.01083	0.05357	0.00794	0.00897	0.00644	0.00462	0.00395	0.00126	0.02101	0.00305	0.00248	0.00631

[dist]
# distance from previous block
# <min> <max>
1	8

[block]
# block no. 1 follows, 52 sequences, length 68
# corresponding to MSA columns:
# 70-137
name=unknown_B
#
# <colnr> <probs for GDERKNQSTAVLIFYWHMCP>
#	G	D	E	R	K	N	Q	S	T	A	V	L	I	F	Y	W	H	M	C	P
0	0.00711	0.00599	0.00945	0.00864	0.01003	0.00548	0.12634	0.00862	0.01000	0.01344	0.07608	0.49036	0.09509	0.05359	0.00683	0.00193	0.00372	0.01091	0.00406	0.05233
1	0.01105	0.00906	0.01037	0.00775	0.01162	0.00772	0.00616	0.12431	0.03841	0.01782	0.02235	0.03931	0.00937	0.03145	0.00463	0.00104	0.00384	0.00377	0.00332	0.63663
2	0.07935	0.01210	0.01237	0.00988	0.01316	0.05632	0.00803	0.50454	0.04507	0.05979	0.10948	0.01583	0.03963	0.00643	0.00482	0.00147	0.00483	0.00496	0.00468	0.00726
3	0.01007	0.11261	0.72011	0.01321	0.02005	0.01211	0.01686	0.01526	0.01019	0.01492	0.00848	0.00996	0.00615	0.00455	0.00444	0.00148	0.00695	0.00347	0.00205	0.00706
4	0.00590	0.00422	0.00562	0.00675	0.00703	0.00394	0.00450	0.00675	0.00928	0.01237	0.02671	0.82653	0.03205	0.01518	0.00619	0.00197	0.00281	0.01378	0.00450	0.00394
5	0.00972	0.02507	0.80458	0.01381	0.02097	0.01125	0.01790	0.01535	0.01023	0.01535	0.00870	0.01023	0.00614	0.00460	0.00460	0.00153	0.00716	0.00358	0.00205	0.00716
6	0.06839	0.00898	0.01091	0.00887	0.01226	0.00886	0.00718	0.02372	0.25263	0.51594	0.01858	0.01647	0.01246	0.00609	0.00478	0.00154	0.00401	0.00493	0.00549	0.00789
7	0.01043	0.00575	0.00758	0.00667	0.00846	0.00517	0.00516	0.01258	0.01367	0.20899	0.58410	0.03177	0.06208	0.00904	0.00551	0.00152	0.00274	0.00787	0.00547	0.00545
8	0.01205	0.01041	0.01096	0.00986	0.01260	0.01205	0.00767	0.02575	0.79071	0.02027	0.01972	0.01808	0.01479	0.00657	0.00493	0.00164	0.00384	0.00548	0.00493	0.00767
9	0.01810	0.02310	0.01373	0.01248	0.01498	0.81024	0.00936	0.01935	0.01373	0.01186	0.00749	0.00874	0.00624	0.00499	0.00437	0.00125	0.00874	0.00312	0.00250	0.00562
10	0.60173	0.00969	0.00830	0.00745	0.01037	0.01124	0.00599	0.01779	0.24907	0.02129	0.01074	0.01101	0.00819	0.00514	0.00359	0.00154	0.00378	0.00350	0.00359	0.00599
11	0.01279	0.01020	0.01091	0.00968	0.01248	0.01162	0.00757	0.04490	0.69971	0.07251	0.01938	0.01781	0.01438	0.00649	0.00489	0.00162	0.00385	0.00539	0.02620	0.00765
12	0.00590	0.00422	0.00562	0.00675	0.00703	0.00394	0.00450	0.00675	0.00928	0.01237	0.02671	0.82653	0.03205	0.01518	0.00619	0.00197	0.00281	0.01378	0.00450	0.00394
13	0.01876	0.00891	0.01116	0.00900	0.01244	0.00864	0.00729	0.02427	0.25297	0.56197	0.01930	0.01698	0.01286	0.00618	0.00489	0.00154	0.00403	0.00506	0.00567	0.00807
14	0.01810	0.02310	0.01373	0.01248	0.01498	0.81024	0.00936	0.01935	0.01373	0.01186	0.00749	0.00874	0.00624	0.00499	0.00437	0.00125	0.00874	0.00312	0.00250	0.00562
15	0.01077	0.00786	0.00863	0.00779	0.01014	0.00818	0.00604	0.01790	0.37188	0.11778	0.07598	0.04859	0.27090	0.00877	0.00526	0.00162	0.00331	0.00735	0.00494	0.00630
16	0.00636	0.00498	0.00579	0.00571	0.00710	0.00441	0.00437	0.00811	0.01219	0.01588	0.36437	0.04281	0.42157	0.01135	0.00579	0.00163	0.00253	0.06587	0.00485	0.00432
17	0.00915	0.00861	0.01453	0.81804	0.03338	0.01077	0.01346	0.01238	0.00969	0.01238	0.00861	0.01292	0.00646	0.00484	0.00484	0.00161	0.00646	0.00431	0.00215	0.00538
18	0.01144	0.01307	0.02859	0.02042	0.02533	0.01225	0.78186	0.01552	0.01144	0.01552	0.00980	0.01307	0.00735	0.00408	0.00572	0.00163	0.00817	0.00572	0.00245	0.00654
19	0.00590	0.00422	0.00562	0.00675	0.00703	0.00394	0.00450	0.00675	0.00928	0.01237	0.02671	0.82653	0.03205	0.01518	0.00619	0.00197	0.00281	0.01378	0.00450	0.00394
20	0.01842	0.01357	0.01454	0.01115	0.01503	0.01503	0.00921	0.78330	0.02278	0.03054	0.01163	0.01163	0.00824	0.00582	0.00485	0.00145	0.00533	0.00436	0.00485	0.00824
21	0.01842	0.01357	0.01454	0.01115	0.01503	0.01503	0.00921	0.78330	0.02278	0.03054	0.01163	0.01163	0.00824	0.00582	0.00485	0.00145	0.00533	0.00436	0.00485	0.00824
22	0.00590	0.00422	0.00562	0.00675	0.00703	0.00394	0.00450	0.00675	0.00928	0.01237	0.02671	0.82653	0.03205	0.01518	0.00619	0.00197	0.00281	0.01378	0.00450	0.00394
23	0.01867	0.01318	0.01430	0.01096	0.01483	0.01444	0.00906	0.72681	0.02212	0.08797	0.01219	0.01200	0.00852	0.00583	0.00485	0.00146	0.00524	0.00440	0.00493	0.00824
24	0.01030	0.00978	0.01660	0.50080	0.34168	0.01107	0.01403	0.01338	0.01023	0.01377	0.00882	0.01255	0.00695	0.00463	0.00483	0.00154	0.00618	0.00431	0.00225	0.00631
25	0.01065	0.01074	0.01560	0.01315	0.01342	0.01470	0.05299	0.01187	0.00764	0.01187	0.00655	0.01074	0.00642	0.00824	0.01534	0.00209	0.77616	0.00432	0.00214	0.00537
26	0.02138	0.00882	0.01160	0.00889	0.01266	0.00798	0.00735	0.10559	0.01483	0.71948	0.01831	0.01597	0.01159	0.00598	0.00487	0.00149	0.00425	0.00482	0.00587	0.00825
27	0.00972	0.02507	0.80458	0.01381	0.02097	0.01125	0.01790	0.01535	0.01023	0.01535	0.00870	0.01023	0.00614	0.00460	0.00460	0.00153	0.00716	0.00358	0.00205	0.00716
28	0.01296	0.83261	0.02539	0.00829	0.01244	0.01917	0.00829	0.01451	0.00985	0.01140	0.00674	0.00777	0.00622	0.00415	0.00311	0.00104	0.00518	0.00259	0.00207	0.00622
29	0.00621	0.00452	0.00590	0.00675	0.00734	0.00421	0.00480	0.00741	0.01016	0.01349	0.11822	0.57742	0.10334	0.01410	0.00615	0.00192	0.00290	0.09649	0.00459	0.00408
30	0.00705	0.00470	0.00529	0.00529	0.00529	0.00470	0.00294	0.00705	0.00705	0.00940	0.01527	0.03171	0.01762	0.82969	0.02467	0.00470	0.00470	0.00705	0.00294	0.00294
31	0.77952	0.00926	0.00754	0.00660	0.00967	0.01050	0.00544	0.01518	0.00881	0.10002	0.00799	0.00874	0.00592	0.00465	0.00319	0.00150	0.00379	0.00285	0.00330	0.00555
32	0.00983	0.05216	0.77844	0.01363	0.02069	0.01152	0.01758	0.01532	0.01022	0.01521	0.00863	0.01015	0.00614	0.00459	0.00455	0.00152	0.00710	0.00355	0.00205	0.00713
33	0.00590	0.00422	0.00562	0.00675	0.00703	0.00394	0.00450	0.00675	0.00928	0.01237	0.02671	0.82653	0.03205	0.01518	0.00619	0.00197	0.00281	0.01378	0.00450	0.00394
34	0.01900	0.00882	0.02498	0.00914	0.01270	0.00793	0.03318	0.02271	0.12425	0.60871	0.06146	0.01758	0.01399	0.00621	0.00495	0.00153	0.00417	0.00518	0.00562	0.00789
35	0.00941	0.00889	0.01492	0.73340	0.08843	0.01096	0.01346	0.01254	0.00971	0.01261	0.00857	0.01277	0.00655	0.00493	0.00522	0.00162	0.03398	0.00431	0.00217	0.00555
36	0.01149	0.39504	0.42144	0.01119	0.01687	0.01501	0.01321	0.04004	0.01046	0.01403	0.00789	0.00915	0.00624	0.00443	0.00393	0.00130	0.00619	0.00315	0.00215	0.00676
37	0.01773	0.00853	0.01079	0.00859	0.01179	0.00812	0.00697	0.12813	0.07286	0.48731	0.16549	0.01966	0.01807	0.00676	0.00503	0.00151	0.00392	0.00558	0.00563	0.00751
38	0.21087	0.01150	0.01456	0.07897	0.06155	0.08334	0.09256	0.01401	0.00922	0.04124	0.00770	0.01053	0.00647	0.00614	0.00884	0.00174	0.32854	0.00395	0.00254	0.00569
39	0.32877	0.03540	0.02590	0.01072	0.01387	0.22087	0.10445	0.09518	0.03137	0.03046	0.02825	0.01036	0.00752	0.00505	0.00449	0.00146	0.03319	0.00365	0.00307	0.00596
40	0.00598	0.00456	0.00553	0.00626	0.00708	0.00411	0.00446	0.00707	0.01004	0.01278	0.03457	0.49262	0.30313	0.01402	0.00606	0.00187	0.00281	0.06852	0.00450	0.00403
41	0.09419	0.01035	0.01194	0.00953	0.01287	0.02284	0.02075	0.28751	0.07092	0.29645	0.01446	0.01439	0.01019	0.01999	0.07928	0.00212	0.00546	0.00458	0.00478	0.00743
42	0.01304	0.45417	0.10277	0.00918	0.01302	0.06771	0.00887	0.04183	0.06272	0.07567	0.05353	0.05708	0.01092	0.00555	0.00399	0.00127	0.00517	0.00413	0.00300	0.00638
43	0.00915	0.00861	0.01453	0.81804	0.03338	0.01077	0.01346	0.01238	0.00969	0.01238	0.00861	0.01292	0.00646	0.00484	0.00484	0.00161	0.00646	0.00431	0.00215	0.00538
44	0.02008	0.00881	0.01134	0.00878	0.01234	0.00817	0.00722	0.14259	0.01518	0.61795	0.06059	0.01685	0.01327	0.00618	0.00488	0.00148	0.00417	0.00500	0.02719	0.00795
45	0.04584	0.02142	0.01353	0.01207	0.01474	0.69270	0.00916	0.08772	0.01437	0.03377	0.00813	0.00917	0.00653	0.00508	0.00438	0.00128	0.00815	0.00326	0.00281	0.00591
46	0.01821	0.01347	0.01442	0.01111	0.01495	0.01493	0.00916	0.75789	0.04855	0.03020	0.01191	0.01185	0.00846	0.00584	0.00485	0.00146	0.00528	0.00440	0.00485	0.00822
47	0.00594	0.00424	0.00565	0.00673	0.00704	0.00396	0.00450	0.00683	0.00943	0.01261	0.05249	0.80007	0.03251	0.01501	0.00617	0.00195	0.00279	0.01361	0.00453	0.00396
48	0.01144	0.01307	0.02859	0.02042	0.02533	0.01225	0.78186	0.01552	0.01144	0.01552	0.00980	0.01307	0.00735	0.00408	0.00572	0.00163	0.00817	0.00572	0.00245	0.00654
49	0.08285	0.00807	0.01043	0.00819	0.01166	0.00723	0.00672	0.02157	0.02573	0.66324	0.04525	0.01818	0.05581	0.00637	0.00481	0.00151	0.00394	0.00514	0.00565	0.00767
50	0.00915	0.00861	0.01453	0.81804	0.03338	0.01077	0.01346	0.01238	0.00969	0.01238	0.00861	0.01292	0.00646	0.00484	0.00484	0.00161	0.00646	0.00431	0.00215	0.00538
51	0.00576	0.00479	0.00503	0.00523	0.00663	0.00406	0.00382	0.00692	0.01074	0.01297	0.04523	0.18116	0.66547	0.01277	0.00581	0.00169	0.00252	0.01084	0.00450	0.00406
52	0.01324	0.78720	0.02474	0.00853	0.01258	0.06355	0.00835	0.01478	0.01006	0.01143	0.00678	0.00783	0.00622	0.00419	0.00318	0.00105	0.00538	0.00262	0.00210	0.00619
53	0.00925	0.00875	0.01456	0.76450	0.03200	0.01104	0.01327	0.01233	0.00954	0.01233	0.00846	0.01277	0.00645	0.00509	0.00558	0.00165	0.06060	0.00430	0.00215	0.00538
54	0.00589	0.00426	0.00558	0.00664	0.00700	0.00394	0.00445	0.00676	0.00938	0.01241	0.02796	0.78279	0.07498	0.01502	0.00616	0.00195	0.00279	0.01358	0.00450	0.00394
55	0.02022	0.01055	0.05659	0.00956	0.01353	0.00938	0.00826	0.21747	0.01595	0.56111	0.01662	0.01490	0.01071	0.00587	0.00485	0.00149	0.00460	0.00467	0.00548	0.00818
56	0.00721	0.00508	0.00610	0.00583	0.00725	0.00450	0.00437	0.00899	0.01246	0.06056	0.42555	0.08518	0.32730	0.01089	0.00570	0.00159	0.00248	0.00939	0.00501	0.00456
57	0.01233	0.01215	0.01934	0.02880	0.75635	0.05541	0.01457	0.01512	0.01118	0.01561	0.00903	0.01181	0.00760	0.00435	0.00477	0.00143	0.00592	0.00425	0.00240	0.00756
58	0.00709	0.00521	0.00668	0.00634	0.00752	0.00495	0.00474	0.00992	0.05617	0.01908	0.71100	0.07953	0.04326	0.01002	0.00570	0.00156	0.00240	0.00886	0.00527	0.00471
59	0.01261	0.01129	0.01171	0.01115	0.05606	0.05689	0.00821	0.05059	0.67813	0.01991	0.01818	0.01700	0.01370	0.00634	0.00489	0.00160	0.00427	0.00524	0.00465	0.00758
60	0.01132	0.01333	0.05356	0.02001	0.02491	0.01210	0.74324	0.01542	0.01139	0.01550	0.01005	0.01371	0.00768	0.00427	0.00570	0.00164	0.00807	0.01910	0.00247	0.00652
61	0.00590	0.00422	0.00562	0.00675	0.00703	0.00394	0.00450	0.00675	0.00928	0.01237	0.02671	0.82653	0.03205	0.01518	0.00619	0.00197	0.00281	0.01378	0.00450	0.00394
62	0.01296	0.83261	0.02539	0.00829	0.01244	0.01917	0.00829	0.01451	0.00985	0.01140	0.00674	0.00777	0.00622	0.00415	0.00311	0.00104	0.00518	0.00259	0.00207	0.00622
63	0.01842	0.01357	0.01454	0.01115	0.01503	0.01503	0.00921	0.78330	0.02278	0.03054	0.01163	0.01163	0.00824	0.00582	0.00485	0.00145	0.00533	0.00436	0.00485	0.00824
64	0.04336	0.04607	0.04280	0.01092	0.01387	0.32826	0.00875	0.08519	0.32255	0.01733	0.02501	0.01311	0.01038	0.00570	0.00457	0.00144	0.00605	0.00423	0.00369	0.00670
65	0.10988	0.00571	0.00671	0.00638	0.00783	0.00562	0.00492	0.01026	0.03920	0.01906	0.58241	0.03400	0.08080	0.00951	0.00543	0.00158	0.00267	0.05840	0.00494	0.00472
66	0.00989	0.02406	0.74622	0.01500	0.07886	0.01127	0.01768	0.01531	0.01029	0.01538	0.00873	0.01036	0.00625	0.00458	0.00462	0.00153	0.00706	0.00364	0.00207	0.00720
67	0.02462	0.10913	0.70961	0.01311	0.01988	0.01207	0.01668	0.01524	0.01016	0.01504	0.00846	0.00993	0.00613	0.00455	0.00442	0.00148	0.00690	0.00346	0.00207	0.00703

[dist]
# distance from previous block
# <min> <max>
0	15

[block]
# block no. 2 follows, 52 sequences, length 85
# corresponding to MSA columns:
# 156-214,216-241
name=unknown_C
#
# <colnr> <probs for GDERKNQSTAVLIFYWHMCP>
#	G	D	E	R	K	N	Q	S	T	A	V	L	I	F	Y	W	H	M	C	P
0	0.00685	0.00495	0.00647	0.00618	0.00731	0.00458	0.00466	0.00908	0.01348	0.01899	0.74002	0.05664	0.05770	0.01019	0.00576	0.00156	0.00237	0.03339	0.00527	0.00454
1	0.01668	0.01278	0.01355	0.01039	0.01425	0.03558	0.00850	0.60812	0.01998	0.02702	0.01120	0.02422	0.00837	0.00553	0.00462	0.00132	0.00507	0.00420	0.00441	0.16418
2	0.00590	0.00422	0.00562	0.00675	0.00703	0.00394	0.00450	0.00675	0.00928	0.01237	0.02671	0.82653	0.03205	0.01518	0.00619	0.00197	0.00281	0.01378	0.00450	0.00394
3	0.01158	0.01253	0.02511	0.01958	0.08895	0.01216	0.59711	0.01705	0.13195	0.01628	0.01128	0.01376	0.00853	0.00449	0.00552	0.00162	0.00729	0.00556	0.00283	0.00681
4	0.01289	0.81540	0.04199	0.00841	0.01262	0.01901	0.00850	0.01453	0.00985	0.01149	0.00678	0.00783	0.00622	0.00416	0.00314	0.00105	0.00522	0.00261	0.00207	0.00624
5	0.00592	0.00505	0.00512	0.00512	0.00677	0.00430	0.00387	0.00745	0.02835	0.01329	0.04786	0.04620	0.76097	0.01217	0.00573	0.00165	0.00254	0.02895	0.00451	0.00418
6	0.01096	0.01084	0.01565	0.01305	0.01409	0.01405	0.09510	0.01467	0.15151	0.01367	0.00919	0.01225	0.00802	0.00765	0.01277	0.00198	0.58140	0.00463	0.00267	0.00587
7	0.00811	0.00637	0.00956	0.13556	0.08014	0.00666	0.00883	0.01037	0.01067	0.01400	0.02176	0.14878	0.02342	0.01154	0.00618	0.00203	0.00466	0.48262	0.00394	0.00481
8	0.00996	0.00944	0.01600	0.59382	0.25128	0.01098	0.01386	0.01309	0.01007	0.01336	0.00876	0.01266	0.00681	0.00470	0.00483	0.00157	0.00626	0.00431	0.00222	0.00604
9	0.01199	0.01151	0.01967	0.02974	0.79946	0.01151	0.01487	0.01487	0.01103	0.01583	0.00912	0.01199	0.00768	0.00432	0.00480	0.00144	0.00576	0.00432	0.00240	0.00768
10	0.06936	0.00846	0.01110	0.00857	0.01228	0.00756	0.00707	0.04439	0.01380	0.73691	0.01821	0.01587	0.01151	0.00591	0.00477	0.00150	0.00414	0.00473	0.00580	0.00808
11	0.00705	0.00470	0.00529	0.00529	0.00529	0.00470	0.00294	0.00705	0.00705	0.00940	0.01527	0.03171	0.01762	0.82969	0.02467	0.00470	0.00470	0.00705	0.00294	0.00294
12	0.01183	0.01135	0.01938	0.07440	0.75606	0.01147	0.01479	0.01473	0.01096	0.01564	0.00909	0.01205	0.00761	0.00435	0.00480	0.00145	0.00580	0.00432	0.00238	0.00755
13	0.01841	0.01388	0.01452	0.01119	0.01503	0.04070	0.00922	0.75864	0.02249	0.02994	0.01150	0.01154	0.00818	0.00579	0.00483	0.00145	0.00544	0.00432	0.00477	0.00816
14	0.01888	0.01100	0.01271	0.00988	0.01356	0.01140	0.00812	0.40656	0.07680	0.33160	0.01625	0.01503	0.03285	0.00613	0.00489	0.00149	0.00466	0.00482	0.00529	0.00808
15	0.00858	0.00701	0.00928	0.01040	0.13077	0.00704	0.00670	0.01307	0.16112	0.01867	0.48423	0.02960	0.07697	0.00854	0.00542	0.00154	0.00313	0.00753	0.00476	0.00562
16	0.00857	0.00703	0.00875	0.00772	0.00935	0.04501	0.04938	0.05069	0.01340	0.03277	0.50472	0.03295	0.13534	0.00943	0.00600	0.00157	0.03368	0.03393	0.00476	0.00496
17	0.00705	0.00470	0.00529	0.00529	0.00529	0.00470	0.00294	0.00705	0.00705	0.00940	0.01527	0.03171	0.01762	0.82969	0.02467	0.00470	0.00470	0.00705	0.00294	0.00294
18	0.01296	0.83261	0.02539	0.00829	0.01244	0.01917	0.00829	0.01451	0.00985	0.01140	0.00674	0.00777	0.00622	0.00415	0.00311	0.00104	0.00518	0.00259	0.00207	0.00622
19	0.01144	0.01307	0.02859	0.02042	0.02533	0.01225	0.78186	0.01552	0.01144	0.01552	0.00980	0.01307	0.00735	0.00408	0.00572	0.00163	0.00817	0.00572	0.00245	0.00654
20	0.01146	0.05973	0.05348	0.01968	0.06771	0.01269	0.63239	0.01524	0.01109	0.01512	0.00939	0.01250	0.00722	0.00433	0.00596	0.00161	0.04614	0.00532	0.00240	0.00655
21	0.00635	0.00493	0.00578	0.00556	0.00693	0.00436	0.00417	0.00816	0.01252	0.01659	0.46194	0.04087	0.38246	0.01097	0.00572	0.00157	0.00236	0.00942	0.00496	0.00436
22	0.00691	0.00481	0.00591	0.00576	0.00636	0.00461	0.00384	0.00812	0.01057	0.01469	0.41964	0.06206	0.03265	0.37729	0.01422	0.00296	0.00339	0.00817	0.00423	0.00382
23	0.04706	0.01332	0.01422	0.01094	0.01478	0.01473	0.00903	0.74172	0.02211	0.04610	0.01162	0.01161	0.00822	0.00578	0.00479	0.00146	0.00525	0.00431	0.00481	0.00814
24	0.00923	0.00873	0.01455	0.77242	0.03221	0.01100	0.01330	0.01234	0.00956	0.01234	0.00849	0.01279	0.00645	0.00505	0.00547	0.00164	0.05260	0.00430	0.00215	0.00538
25	0.01603	0.41905	0.04971	0.00980	0.03977	0.01474	0.00873	0.14562	0.01313	0.22381	0.01098	0.01096	0.00813	0.00494	0.00398	0.00126	0.00502	0.00359	0.00358	0.00718
26	0.01219	0.01048	0.01104	0.00989	0.01265	0.01212	0.00770	0.04239	0.77384	0.02050	0.01955	0.01794	0.01465	0.00656	0.00493	0.00164	0.00387	0.00545	0.00493	0.00768
27	0.00781	0.00558	0.00781	0.00892	0.01004	0.00558	0.00781	0.01004	0.01116	0.01450	0.02566	0.05466	0.02789	0.01339	0.00669	0.00223	0.00446	0.76685	0.00446	0.00446
28	0.01005	0.00861	0.01005	0.00718	0.01148	0.00646	0.00574	0.01220	0.01005	0.01579	0.00861	0.01005	0.00718	0.00359	0.00359	0.00072	0.00359	0.00287	0.00287	0.85932
29	0.01367	0.00998	0.01095	0.00955	0.01244	0.01108	0.00751	0.05677	0.60184	0.14730	0.03740	0.01844	0.02776	0.00662	0.00495	0.00161	0.00389	0.00549	0.00510	0.00766
30	0.01889	0.00818	0.01082	0.00824	0.01199	0.00689	0.00675	0.02084	0.01314	0.62022	0.04998	0.01610	0.01251	0.00571	0.00466	0.00135	0.00394	0.00466	0.00538	0.16976
31	0.00776	0.00554	0.00775	0.00887	0.00996	0.00553	0.00772	0.00995	0.01111	0.01445	0.02569	0.07520	0.02800	0.01343	0.00668	0.00222	0.00442	0.74680	0.00446	0.00445
32	0.00664	0.00513	0.00748	0.02180	0.00898	0.00495	0.05068	0.00828	0.03709	0.01299	0.02508	0.67863	0.02924	0.01391	0.00613	0.00195	0.00335	0.06905	0.00435	0.00428
33	0.01004	0.10465	0.72780	0.01327	0.02013	0.01203	0.01696	0.01526	0.01019	0.01496	0.00850	0.00999	0.00615	0.00456	0.00446	0.00149	0.00697	0.00348	0.00205	0.00707
34	0.01114	0.00949	0.01069	0.00974	0.01222	0.01073	0.02672	0.02238	0.62002	0.01939	0.07697	0.02372	0.01846	0.00758	0.00522	0.00171	0.00391	0.09806	0.00484	0.00703
35	0.00692	0.00519	0.00779	0.00779	0.00865	0.00606	0.00606	0.00865	0.00779	0.01125	0.01298	0.01904	0.01211	0.03634	0.81049	0.00779	0.01298	0.00519	0.00260	0.00433
36	0.01327	0.01261	0.01880	0.05464	0.13941	0.10116	0.23105	0.04333	0.05549	0.09219	0.01020	0.01246	0.00794	0.00558	0.00738	0.00164	0.17865	0.00469	0.00294	0.00659
37	0.01162	0.01054	0.01886	0.01452	0.01795	0.01035	0.38557	0.10724	0.08160	0.05663	0.01555	0.15292	0.01423	0.00726	0.00566	0.00171	0.00603	0.07180	0.00365	0.00632
38	0.00903	0.00452	0.00452	0.00452	0.00565	0.00452	0.00339	0.01129	0.01016	0.01807	0.01581	0.01807	0.01242	0.00565	0.00339	0.00113	0.00226	0.00452	0.85659	0.00452
39	0.01296	0.83261	0.02539	0.00829	0.01244	0.01917	0.00829	0.01451	0.00985	0.01140	0.00674	0.00777	0.00622	0.00415	0.00311	0.00104	0.00518	0.00259	0.00207	0.00622
40	0.01164	0.01086	0.01680	0.12764	0.50078	0.01155	0.01287	0.01729	0.20771	0.01650	0.01173	0.01365	0.00931	0.00496	0.00484	0.00151	0.00536	0.00461	0.00301	0.00738
41	0.01005	0.00861	0.01005	0.00718	0.01148	0.00646	0.00574	0.01220	0.01005	0.01579	0.00861	0.01005	0.00718	0.00359	0.00359	0.00072	0.00359	0.00287	0.00287	0.85932
42	0.01005	0.00861	0.01005	0.00718	0.01148	0.00646	0.00574	0.01220	0.01005	0.01579	0.00861	0.01005	0.00718	0.00359	0.00359	0.00072	0.00359	0.00287	0.00287	0.85932
43	0.01012	0.00868	0.01008	0.00728	0.01153	0.00667	0.00581	0.01271	0.03909	0.01596	0.00903	0.01035	0.00746	0.00370	0.00364	0.00075	0.00360	0.00297	0.00295	0.82763
44	0.00590	0.00422	0.00562	0.00675	0.00703	0.00394	0.00450	0.00675	0.00928	0.01237	0.02671	0.82653	0.03205	0.01518	0.00619	0.00197	0.00281	0.01378	0.00450	0.00394
45	0.01293	0.72968	0.02375	0.02091	0.01277	0.06332	0.00840	0.01449	0.00995	0.01144	0.00702	0.00836	0.00643	0.00542	0.03192	0.00132	0.02091	0.00277	0.00212	0.00609
46	0.01199	0.01151	0.01967	0.02974	0.79946	0.01151	0.01487	0.01487	0.01103	0.01583	0.00912	0.01199	0.00768	0.00432	0.00480	0.00144	0.00576	0.00432	0.00240	0.00768
47	0.00590	0.00422	0.00562	0.00675	0.00703	0.00394	0.00450	0.00675	0.00928	0.01237	0.02671	0.82653	0.03205	0.01518	0.00619	0.00197	0.00281	0.01378	0.00450	0.00394
48	0.01810	0.02310	0.01373	0.01248	0.01498	0.81024	0.00936	0.01935	0.01373	0.01186	0.00749	0.00874	0.00624	0.00499	0.00437	0.00125	0.00874	0.00312	0.00250	0.00562
49	0.02684	0.02439	0.00813	0.00662	0.00891	0.02909	0.02216	0.04544	0.01188	0.03413	0.21137	0.02409	0.13918	0.00718	0.00453	0.00126	0.00317	0.00600	0.19798	0.18766
50	0.00692	0.00519	0.00779	0.00779	0.00865	0.00606	0.00606	0.00865	0.00779	0.01125	0.01298	0.01904	0.01211	0.03634	0.81049	0.00779	0.01298	0.00519	0.00260	0.00433
51	0.00915	0.00861	0.01453	0.81804	0.03338	0.01077	0.01346	0.01238	0.00969	0.01238	0.00861	0.01292	0.00646	0.00484	0.00484	0.00161	0.00646	0.00431	0.00215	0.00538
52	0.01131	0.43998	0.38897	0.01084	0.01632	0.01519	0.01271	0.01476	0.01002	0.01326	0.00802	0.02418	0.00666	0.00457	0.00386	0.00129	0.00606	0.00326	0.00211	0.00662
53	0.01296	0.83261	0.02539	0.00829	0.01244	0.01917	0.00829	0.01451	0.00985	0.01140	0.00674	0.00777	0.00622	0.00415	0.00311	0.00104	0.00518	0.00259	0.00207	0.00622
54	0.86392	0.00937	0.00712	0.00637	0.00937	0.01087	0.00525	0.01425	0.00825	0.02174	0.00675	0.00787	0.00525	0.00450	0.00300	0.00150	0.00375	0.00262	0.00300	0.00525
55	0.01199	0.01151	0.01967	0.02974	0.79946	0.01151	0.01487	0.01487	0.01103	0.01583	0.00912	0.01199	0.00768	0.00432	0.00480	0.00144	0.00576	0.00432	0.00240	0.00768
56	0.01296	0.83261	0.02539	0.00829	0.01244	0.01917	0.00829	0.01451	0.00985	0.01140	0.00674	0.00777	0.00622	0.00415	0.00311	0.00104	0.00518	0.00259	0.00207	0.00622
57	0.83259	0.00933	0.00728	0.00646	0.00948	0.01073	0.00532	0.01459	0.00846	0.05080	0.00721	0.00819	0.00550	0.00455	0.00307	0.00150	0.00376	0.00271	0.00311	0.00536
58	0.00597	0.00427	0.00570	0.00682	0.00713	0.00399	0.00462	0.00686	0.00934	0.01245	0.02667	0.79931	0.03190	0.01512	0.00620	0.00198	0.00287	0.04033	0.00450	0.00395
59	0.01199	0.01151	0.01967	0.02974	0.79946	0.01151	0.01487	0.01487	0.01103	0.01583	0.00912	0.01199	0.00768	0.00432	0.00480	0.00144	0.00576	0.00432	0.00240	0.00768
60	0.00704	0.00472	0.00538	0.00538	0.00541	0.00475	0.00305	0.00711	0.00707	0.00947	0.01518	0.03124	0.01741	0.80018	0.05390	0.00481	0.00501	0.00698	0.00292	0.00299
61	0.00692	0.00519	0.00779	0.00779	0.00865	0.00606	0.00606	0.00865	0.00779	0.01125	0.01298	0.01904	0.01211	0.03634	0.81049	0.00779	0.01298	0.00519	0.00260	0.00433
62	0.01205	0.01041	0.01096	0.00986	0.01260	0.01205	0.00767	0.02575	0.79071	0.02027	0.01972	0.01808	0.01479	0.00657	0.00493	0.00164	0.00384	0.00548	0.00493	0.00767
63	0.01296	0.83261	0.02539	0.00829	0.01244	0.01917	0.00829	0.01451	0.00985	0.01140	0.00674	0.00777	0.00622	0.00415	0.00311	0.00104	0.00518	0.00259	0.00207	0.00622
64	0.01050	0.00860	0.01010	0.00723	0.01152	0.00649	0.00580	0.01264	0.01020	0.04631	0.00902	0.01030	0.00736	0.00368	0.00364	0.00075	0.00361	0.00295	0.00299	0.82631
65	0.04484	0.11332	0.01486	0.01177	0.01452	0.66865	0.00910	0.04445	0.01342	0.01276	0.00752	0.00870	0.00628	0.00491	0.00420	0.00124	0.00806	0.00309	0.00254	0.00576
66	0.00692	0.00519	0.00779	0.00779	0.00865	0.00606	0.00606	0.00865	0.00779	0.01125	0.01298	0.01904	0.01211	0.03634	0.81049	0.00779	0.01298	0.00519	0.00260	0.00433
67	0.00705	0.00470	0.00529	0.00529	0.00529	0.00470	0.00294	0.00705	0.00705	0.00940	0.01527	0.03171	0.01762	0.82969	0.02467	0.00470	0.00470	0.00705	0.00294	0.00294
68	0.00705	0.00470	0.00529	0.00529	0.00529	0.00470	0.00294	0.00705	0.00705	0.00940	0.01527	0.03171	0.01762	0.82969	0.02467	0.00470	0.00470	0.00705	0.00294	0.00294
69	0.01180	0.48409	0.31649	0.01046	0.01562	0.04380	0.01185	0.01488	0.01021	0.01306	0.02416	0.00933	0.00702	0.00447	0.00377	0.00124	0.00599	0.00311	0.00215	0.00652
70	0.00590	0.00422	0.00562	0.00675	0.00703	0.00394	0.00450	0.00675	0.00928	0.01237	0.02671	0.82653	0.03205	0.01518	0.00619	0.00197	0.00281	0.01378	0.00450	0.00394
71	0.00842	0.00421	0.00631	0.00631	0.00631	0.00421	0.00421	0.00631	0.00631	0.00842	0.00842	0.01473	0.00842	0.01684	0.01894	0.85901	0.00421	0.00421	0.00210	0.00210
72	0.01230	0.01030	0.01454	0.54393	0.02714	0.01221	0.01202	0.27428	0.01414	0.01855	0.00964	0.01248	0.00707	0.00518	0.00485	0.00156	0.00608	0.00433	0.00307	0.00635
73	0.01151	0.03447	0.02733	0.01937	0.02406	0.01204	0.71717	0.01536	0.01137	0.03226	0.01052	0.04169	0.00829	0.00452	0.00565	0.00163	0.00781	0.00590	0.00259	0.00647
74	0.00994	0.07059	0.74399	0.01364	0.02058	0.01172	0.03353	0.01530	0.01023	0.01513	0.00861	0.01015	0.00617	0.00457	0.00454	0.00151	0.00707	0.00357	0.00206	0.00710
75	0.00775	0.00566	0.00763	0.00851	0.00972	0.00563	0.00733	0.01029	0.03761	0.01482	0.06413	0.05192	0.08816	0.01290	0.00651	0.00213	0.00418	0.64605	0.00452	0.00455
76	0.00602	0.00496	0.03258	0.00688	0.00747	0.00419	0.00490	0.00705	0.00942	0.01251	0.02745	0.75190	0.07735	0.01465	0.00610	0.00193	0.00294	0.01322	0.00442	0.00405
77	0.01235	0.01291	0.04507	0.02741	0.67156	0.07150	0.05804	0.01526	0.01123	0.01550	0.00902	0.01175	0.00750	0.00436	0.00481	0.00144	0.00616	0.00428	0.00240	0.00744
78	0.01266	0.75954	0.09589	0.00879	0.01321	0.01846	0.00916	0.01459	0.00988	0.01176	0.00691	0.00800	0.00621	0.00419	0.00324	0.00108	0.00536	0.00268	0.00207	0.00630
79	0.01205	0.01041	0.01096	0.00986	0.01260	0.01205	0.00767	0.02575	0.79071	0.02027	0.01972	0.01808	0.01479	0.00657	0.00493	0.00164	0.00384	0.00548	0.00493	0.00767
80	0.00972	0.02507	0.80458	0.01381	0.02097	0.01125	0.01790	0.01535	0.01023	0.01535	0.00870	0.01023	0.00614	0.00460	0.00460	0.00153	0.00716	0.00358	0.00205	0.00716
81	0.01023	0.00972	0.01649	0.51831	0.32467	0.01105	0.01400	0.01333	0.01020	0.01369	0.00880	0.01257	0.00692	0.00464	0.00483	0.00155	0.00619	0.00431	0.00225	0.00626
82	0.00994	0.00758	0.01164	0.01506	0.27356	0.00739	0.00919	0.01238	0.01205	0.07334	0.24151	0.03232	0.02511	0.00882	0.00565	0.00171	0.00425	0.23855	0.00413	0.00584
83	0.00732	0.00534	0.00742	0.00875	0.03117	0.00523	0.00693	0.00914	0.01063	0.01389	0.02640	0.26735	0.05832	0.01359	0.00646	0.00211	0.00396	0.50718	0.00442	0.00439
84	0.01081	0.01107	0.01469	0.01256	0.01291	0.05932	0.03183	0.01199	0.00802	0.01182	0.00805	0.01192	0.03205	0.00892	0.03266	0.00217	0.70725	0.00443	0.00224	0.00529

[dist]
# distance from previous block
# <min> <max>
15	38

[block]
# block no. 3 follows, 52 sequences, length 27
# corresponding to MSA columns:
# 291-317
name=unknown_D
#
# <colnr> <probs for GDERKNQSTAVLIFYWHMCP>
#	G	D	E	R	K	N	Q	S	T	A	V	L	I	F	Y	W	H	M	C	P
0	0.00946	0.00888	0.01456	0.67793	0.08374	0.01063	0.01289	0.01252	0.00974	0.01285	0.00858	0.01257	0.00659	0.00483	0.00510	0.00155	0.03198	0.00420	0.00222	0.06920
1	0.00700	0.00532	0.00658	0.00601	0.00756	0.00468	0.00454	0.00909	0.01290	0.01801	0.59200	0.03527	0.16708	0.00966	0.00550	0.00146	0.00245	0.00841	0.00494	0.09155
2	0.00915	0.00861	0.01453	0.81804	0.03338	0.01077	0.01346	0.01238	0.00969	0.01238	0.00861	0.01292	0.00646	0.00484	0.00484	0.00161	0.00646	0.00431	0.00215	0.00538
3	0.01218	0.01203	0.02425	0.01931	0.10941	0.01145	0.55572	0.01648	0.05979	0.07897	0.04203	0.01444	0.00973	0.00465	0.00550	0.00160	0.00708	0.00560	0.00300	0.00679
4	0.01005	0.00861	0.01005	0.00718	0.01148	0.00646	0.00574	0.01220	0.01005	0.01579	0.00861	0.01005	0.00718	0.00359	0.00359	0.00072	0.00359	0.00287	0.00287	0.85932
5	0.01094	0.01112	0.01408	0.01220	0.01255	0.07336	0.01004	0.01250	0.03431	0.01218	0.03108	0.01185	0.00807	0.00939	0.04835	0.00226	0.67364	0.00438	0.00236	0.00534
6	0.01790	0.02228	0.01398	0.01304	0.04266	0.74804	0.00955	0.05187	0.01402	0.01280	0.00773	0.00898	0.00638	0.00501	0.00441	0.00126	0.00849	0.00322	0.00259	0.00580
7	0.01205	0.01041	0.01096	0.00986	0.01260	0.01205	0.00767	0.02575	0.79071	0.02027	0.01972	0.01808	0.01479	0.00657	0.00493	0.00164	0.00384	0.00548	0.00493	0.00767
8	0.00892	0.00829	0.01377	0.69247	0.06584	0.01006	0.01251	0.01189	0.00977	0.01257	0.01141	0.07472	0.03633	0.00585	0.00497	0.00163	0.00601	0.00522	0.00242	0.00534
9	0.00972	0.02507	0.80458	0.01381	0.02097	0.01125	0.01790	0.01535	0.01023	0.01535	0.00870	0.01023	0.00614	0.00460	0.00460	0.00153	0.00716	0.00358	0.00205	0.00716
10	0.00967	0.00921	0.01561	0.53609	0.21569	0.01051	0.04328	0.01270	0.01018	0.01339	0.01180	0.01522	0.06576	0.00524	0.00493	0.00157	0.00606	0.00481	0.00240	0.00588
11	0.01135	0.01282	0.02718	0.01963	0.02403	0.01252	0.70240	0.01513	0.01102	0.01513	0.00945	0.01282	0.00725	0.00454	0.00677	0.00168	0.09189	0.00557	0.00242	0.00641
12	0.00943	0.00887	0.01494	0.68344	0.13738	0.01064	0.01336	0.01254	0.00986	0.01285	0.00928	0.03957	0.00747	0.00511	0.00488	0.00160	0.00624	0.00462	0.00226	0.00565
13	0.01103	0.01304	0.06211	0.01924	0.02394	0.01168	0.69285	0.01501	0.01129	0.01536	0.01091	0.04469	0.00890	0.00483	0.00572	0.00166	0.00780	0.03097	0.00258	0.00640
14	0.00721	0.06751	0.00818	0.10378	0.01070	0.03682	0.00570	0.00857	0.01027	0.01258	0.03160	0.31280	0.34371	0.01152	0.00554	0.00169	0.00351	0.00992	0.00396	0.00441
15	0.02093	0.00807	0.01099	0.00848	0.01209	0.00698	0.00698	0.02283	0.01386	0.76005	0.06158	0.01757	0.01384	0.00621	0.00492	0.00150	0.00402	0.00509	0.00596	0.00805
16	0.00695	0.00543	0.00665	0.03737	0.00859	0.00520	0.00509	0.00961	0.06748	0.01626	0.35619	0.12781	0.25569	0.01099	0.00575	0.00167	0.00281	0.06107	0.00479	0.00461
17	0.65204	0.01024	0.06179	0.06796	0.01248	0.01055	0.03988	0.01391	0.00897	0.02020	0.05756	0.01044	0.00807	0.00486	0.00353	0.00152	0.00427	0.00334	0.00300	0.00540
18	0.01066	0.01076	0.01574	0.01322	0.01354	0.01467	0.06077	0.01191	0.00768	0.01191	0.00659	0.01076	0.00643	0.00820	0.01524	0.00209	0.76796	0.00434	0.00214	0.00538
19	0.86392	0.00937	0.00712	0.00637	0.00937	0.01087	0.00525	0.01425	0.00825	0.02174	0.00675	0.00787	0.00525	0.00450	0.00300	0.00150	0.00375	0.00262	0.00300	0.00525
20	0.00972	0.02507	0.80458	0.01381	0.02097	0.01125	0.01790	0.01535	0.01023	0.01535	0.00870	0.01023	0.00614	0.00460	0.00460	0.00153	0.00716	0.00358	0.00205	0.00716
21	0.00877	0.00704	0.00880	0.00840	0.00991	0.00813	0.00649	0.01475	0.28921	0.01459	0.03152	0.01953	0.01397	0.05548	0.47449	0.00533	0.00916	0.00544	0.00350	0.00548
22	0.00579	0.00466	0.00517	0.00558	0.00672	0.00403	0.00398	0.00688	0.01040	0.01283	0.04096	0.33009	0.51930	0.01333	0.00589	0.00176	0.00258	0.01152	0.00450	0.00403
23	0.00781	0.00558	0.00781	0.00892	0.01004	0.00558	0.00781	0.01004	0.01116	0.01450	0.02566	0.05466	0.02789	0.01339	0.00669	0.00223	0.00446	0.76685	0.00446	0.00446
24	0.01058	0.00925	0.01031	0.00748	0.01171	0.03321	0.00597	0.03685	0.01057	0.01613	0.00867	0.01006	0.00718	0.00371	0.00365	0.00076	0.00381	0.00293	0.00292	0.80425
25	0.01461	0.03303	0.01818	0.01410	0.01767	0.27264	0.26126	0.07527	0.15458	0.04564	0.01123	0.01238	0.00855	0.00502	0.00491	0.00145	0.00699	0.00454	0.00323	0.03472
26	0.01495	0.11343	0.01897	0.01382	0.01729	0.38338	0.22977	0.01816	0.07987	0.03053	0.00940	0.01087	0.00744	0.00476	0.00465	0.00136	0.00751	0.00404	0.00273	0.02708

[dist]
# distance from previous block
# <min> <max>
0	5

[block]
# block no. 4 follows, 52 sequences, length 10
# corresponding to MSA columns:
# 323-332
name=unknown_E
#
# <colnr> <probs for GDERKNQSTAVLIFYWHMCP>
#	G	D	E	R	K	N	Q	S	T	A	V	L	I	F	Y	W	H	M	C	P
0	0.01018	0.03807	0.01597	0.01177	0.01510	0.03921	0.24241	0.01299	0.03929	0.01458	0.01674	0.01819	0.15818	0.00616	0.00616	0.00140	0.10159	0.00540	0.00300	0.24362
1	0.00729	0.00559	0.00805	0.00772	0.00898	0.00610	0.00602	0.00907	0.00805	0.01178	0.01247	0.01799	0.01154	0.03254	0.71684	0.00697	0.01189	0.00492	0.00263	0.10356
2	0.11305	0.00904	0.01468	0.66054	0.02987	0.01089	0.06931	0.01284	0.00964	0.01375	0.00847	0.01232	0.00638	0.00475	0.00469	0.00160	0.00626	0.00421	0.00228	0.00545
3	0.01387	0.01238	0.10563	0.01143	0.01525	0.01133	0.10281	0.13656	0.33131	0.13474	0.04054	0.01573	0.01228	0.00588	0.00496	0.00155	0.00496	0.00507	0.00440	0.02933
4	0.01051	0.00872	0.00989	0.00759	0.01112	0.00761	0.00591	0.06310	0.12423	0.01662	0.01123	0.01395	0.00962	0.10441	0.00642	0.00138	0.00387	0.00385	0.00331	0.57664
5	0.01143	0.01201	0.01461	0.01246	0.04638	0.15737	0.13074	0.03009	0.01106	0.01442	0.10299	0.01669	0.07834	0.00681	0.00793	0.00156	0.22781	0.00514	0.00298	0.10916
6	0.01453	0.06431	0.01509	0.03885	0.03819	0.10735	0.12540	0.15293	0.02546	0.15210	0.10700	0.01536	0.01303	0.00564	0.00477	0.00139	0.00537	0.00484	0.03916	0.06922
7	0.00789	0.00685	0.01050	0.00897	0.01090	0.00664	0.13041	0.00987	0.01076	0.02853	0.13484	0.08646	0.27036	0.01295	0.09977	0.00238	0.05740	0.05774	0.00386	0.04293
8	0.01143	0.10864	0.01473	0.10364	0.01546	0.00969	0.12664	0.05396	0.02361	0.10375	0.07735	0.01810	0.09289	0.02046	0.02867	0.02040	0.02136	0.00521	0.00344	0.14055
9	0.04223	0.15658	0.03837	0.01121	0.01389	0.25446	0.09070	0.01446	0.01069	0.01283	0.00978	0.05299	0.00908	0.00958	0.10333	0.00219	0.08741	0.02893	0.00258	0.04870

[dist]
# distance from previous block
# <min> <max>
5	102

[block]
# block no. 5 follows, 52 sequences, length 18
# corresponding to MSA columns:
# 454-471
name=unknown_F
#
# <colnr> <probs for GDERKNQSTAVLIFYWHMCP>
#	G	D	E	R	K	N	Q	S	T	A	V	L	I	F	Y	W	H	M	C	P
0	0.17243	0.12558	0.02407	0.00847	0.01082	0.00882	0.06076	0.01162	0.01066	0.01628	0.15335	0.09387	0.02124	0.00867	0.00502	0.00165	0.00417	0.21573	0.00375	0.04304
1	0.03304	0.11016	0.02244	0.00753	0.00960	0.04312	0.00630	0.06226	0.02733	0.01514	0.11372	0.03193	0.22469	0.01064	0.02552	0.06172	0.00419	0.15618	0.00389	0.03059
2	0.00949	0.08002	0.09111	0.05821	0.01332	0.02990	0.04262	0.02619	0.13470	0.01414	0.02420	0.02632	0.03255	0.04375	0.28121	0.00375	0.00789	0.03130	0.00307	0.04627
3	0.01170	0.38987	0.25829	0.04994	0.01723	0.06287	0.08784	0.01477	0.01033	0.01311	0.00850	0.03952	0.00727	0.00477	0.00409	0.00132	0.00626	0.00372	0.00222	0.00637
4	0.05802	0.01151	0.01495	0.01164	0.01504	0.04751	0.15045	0.25002	0.06210	0.06406	0.01227	0.06639	0.01013	0.00606	0.00554	0.00148	0.05737	0.02034	0.00378	0.13133
5	0.03560	0.00864	0.01410	0.61030	0.11160	0.01022	0.01249	0.01292	0.01002	0.05077	0.01043	0.05028	0.00860	0.00555	0.00490	0.00162	0.00597	0.02775	0.00256	0.00567
6	0.01201	0.00951	0.01186	0.00887	0.01281	0.00836	0.05531	0.15916	0.01294	0.05423	0.04560	0.01412	0.01031	0.00490	0.00426	0.00106	0.00422	0.04010	0.00355	0.52684
7	0.01422	0.01101	0.01293	0.04585	0.01437	0.05741	0.04721	0.24016	0.01432	0.11167	0.01147	0.05096	0.00913	0.00553	0.00515	0.00128	0.05189	0.00437	0.00378	0.28728
8	0.01091	0.00956	0.01454	0.66477	0.02989	0.01158	0.01265	0.15882	0.01218	0.01583	0.00919	0.01268	0.00680	0.00503	0.00485	0.00158	0.00625	0.00432	0.00267	0.00593
9	0.01031	0.00946	0.01357	0.00969	0.01411	0.00756	0.15317	0.01283	0.01031	0.01574	0.00884	0.01062	0.00721	0.00368	0.00399	0.00089	0.00446	0.00341	0.00279	0.69733
10	0.01515	0.04077	0.01234	0.01112	0.01338	0.55313	0.00864	0.04137	0.01324	0.01304	0.01397	0.02018	0.06577	0.00710	0.00489	0.00146	0.00728	0.14871	0.00307	0.00539
11	0.01683	0.01263	0.01369	0.01040	0.01435	0.01340	0.00855	0.63683	0.02037	0.02774	0.01106	0.01133	0.00804	0.00539	0.00461	0.00131	0.00500	0.00408	0.00447	0.16991
12	0.00594	0.00492	0.00521	0.00513	0.00668	0.00418	0.00385	0.00737	0.01155	0.01430	0.19114	0.04465	0.65470	0.01182	0.00573	0.00162	0.00242	0.00995	0.00466	0.00418
13	0.01048	0.13005	0.55369	0.01434	0.02067	0.01250	0.16174	0.01527	0.01041	0.01486	0.00865	0.01044	0.00638	0.00444	0.00462	0.00149	0.00709	0.00386	0.00213	0.00692
14	0.00633	0.00464	0.00601	0.00685	0.00755	0.00433	0.00502	0.00761	0.01027	0.01350	0.09718	0.50190	0.13914	0.01397	0.00618	0.00193	0.00303	0.15589	0.00457	0.00411
15	0.01018	0.01029	0.01843	0.51921	0.06832	0.02609	0.22014	0.01397	0.03909	0.01368	0.00935	0.01303	0.00706	0.00468	0.00507	0.00161	0.00683	0.00471	0.00235	0.00590
16	0.01059	0.01070	0.01751	0.54000	0.08381	0.06148	0.15915	0.03341	0.01071	0.01365	0.00888	0.01259	0.00675	0.00470	0.00498	0.00158	0.00685	0.00450	0.00232	0.00585
17	0.21783	0.01260	0.01170	0.00958	0.01286	0.09033	0.00775	0.40478	0.08392	0.02449	0.01347	0.01354	0.06489	0.00596	0.00443	0.00147	0.00495	0.00435	0.00416	0.00693

[dist]
# distance from previous block
# <min> <max>
40	115

[block]
# block no. 6 follows, 52 sequences, length 14
# corresponding to MSA columns:
# 628-641
name=unknown_G
#
# <colnr> <probs for GDERKNQSTAVLIFYWHMCP>
#	G	D	E	R	K	N	Q	S	T	A	V	L	I	F	Y	W	H	M	C	P
0	0.04048	0.01023	0.01596	0.35618	0.32463	0.01117	0.01281	0.08618	0.01142	0.01597	0.00903	0.01208	0.00710	0.00464	0.00468	0.00147	0.00580	0.00416	0.00258	0.06344
1	0.01265	0.01064	0.01295	0.06390	0.01475	0.05034	0.08738	0.25577	0.04780	0.03596	0.04307	0.05451	0.11144	0.00653	0.00488	0.00139	0.00486	0.00554	0.00390	0.17177
2	0.00915	0.00861	0.01453	0.81804	0.03338	0.01077	0.01346	0.01238	0.00969	0.01238	0.00861	0.01292	0.00646	0.00484	0.00484	0.00161	0.00646	0.00431	0.00215	0.00538
3	0.01005	0.00861	0.01005	0.00718	0.01148	0.00646	0.00574	0.01220	0.01005	0.01579	0.00861	0.01005	0.00718	0.00359	0.00359	0.00072	0.00359	0.00287	0.00287	0.85932
4	0.01742	0.01282	0.01379	0.01083	0.01450	0.01421	0.00886	0.62134	0.15822	0.05722	0.01334	0.01295	0.00954	0.00596	0.00486	0.00149	0.00502	0.00458	0.00490	0.00814
