[name]
unknown

[dist]
# distance from previous block
# <min> <max>
0	490

[block]
# block no. 0 follows, 60 sequences, length 34
# corresponding to MSA columns:
# 504-537
name=unknown_A
#
# <colnr> <probs for GDERKNQSTAVLIFYWHMCP>
#	G	D	E	R	K	N	Q	S	T	A	V	L	I	F	Y	W	H	M	C	P
0	0.03571	0.04760	0.01438	0.10366	0.11111	0.06014	0.15605	0.09513	0.02827	0.06519	0.02573	0.02655	0.08527	0.01786	0.00511	0.00140	0.04162	0.01498	0.01294	0.05131
1	0.02175	0.03348	0.06291	0.13847	0.07201	0.03996	0.23128	0.03446	0.03863	0.04118	0.02606	0.03373	0.02246	0.01813	0.00625	0.00153	0.12082	0.03863	0.00256	0.01569
2	0.12416	0.00934	0.02067	0.15338	0.06383	0.09382	0.04664	0.09168	0.01101	0.06516	0.10525	0.01801	0.06257	0.02247	0.00493	0.00146	0.02157	0.06314	0.00319	0.01769
3	0.01301	0.01414	0.03686	0.11017	0.15008	0.31177	0.04039	0.09716	0.09909	0.02840	0.01005	0.01132	0.03051	0.00484	0.00447	0.00130	0.02406	0.00380	0.00274	0.00585
4	0.12985	0.02575	0.00982	0.00826	0.02613	0.10534	0.00646	0.08909	0.03921	0.21196	0.04793	0.01417	0.01035	0.04569	0.07307	0.00189	0.04111	0.02544	0.00355	0.08492
5	0.14757	0.02608	0.01400	0.07715	0.03058	0.21621	0.18850	0.06159	0.01051	0.03715	0.00941	0.03028	0.01901	0.04389	0.00538	0.00149	0.03451	0.02676	0.00262	0.01730
6	0.00963	0.00879	0.00861	0.00815	0.00980	0.12705	0.00633	0.02495	0.27836	0.02615	0.07076	0.06287	0.06313	0.03719	0.12268	0.00237	0.02377	0.10059	0.00365	0.00515
7	0.00545	0.00407	0.00534	0.00646	0.02980	0.00376	0.00422	0.00631	0.00860	0.01131	0.02616	0.71706	0.12925	0.01305	0.00548	0.00172	0.00257	0.01174	0.00399	0.00366
8	0.01079	0.01036	0.01770	0.02677	0.81952	0.01036	0.01339	0.01339	0.00993	0.01425	0.00820	0.01079	0.00691	0.00389	0.00432	0.00130	0.00518	0.00389	0.00216	0.00691
9	0.00663	0.00509	0.00719	0.00704	0.00794	0.00586	0.00546	0.00898	0.06597	0.01145	0.09514	0.01871	0.01418	0.04261	0.65197	0.00586	0.02800	0.00504	0.00274	0.00413
10	0.00643	0.00510	0.00587	0.00566	0.00698	0.00489	0.00424	0.00955	0.12641	0.01516	0.37713	0.09758	0.29950	0.00958	0.00508	0.00145	0.00235	0.00826	0.00443	0.00432
11	0.01639	0.01212	0.01298	0.01000	0.01345	0.01344	0.00824	0.77937	0.04641	0.02718	0.01071	0.01066	0.00761	0.00526	0.00437	0.00131	0.00476	0.00396	0.00437	0.00740
12	0.00531	0.00380	0.00506	0.00607	0.00633	0.00354	0.00405	0.00607	0.00835	0.01113	0.02404	0.84388	0.02885	0.01366	0.00557	0.00177	0.00253	0.01240	0.00405	0.00354
13	0.00631	0.00449	0.00548	0.00536	0.00650	0.00403	0.00399	0.00787	0.01097	0.04608	0.42196	0.12723	0.27673	0.02786	0.00555	0.00152	0.00232	0.02730	0.00444	0.00401
14	0.00978	0.00837	0.00888	0.00807	0.01029	0.00943	0.00625	0.01991	0.64871	0.01745	0.09352	0.02065	0.10630	0.00677	0.00458	0.00147	0.00319	0.00568	0.00443	0.00629
15	0.00531	0.00380	0.00506	0.00607	0.00633	0.00354	0.00405	0.00607	0.00835	0.01113	0.02404	0.84388	0.02885	0.01366	0.00557	0.00177	0.00253	0.01240	0.00405	0.00354
16	0.01085	0.00937	0.00986	0.00888	0.01134	0.01085	0.00690	0.02318	0.81164	0.01824	0.01775	0.01627	0.01331	0.00592	0.00444	0.00148	0.00345	0.00493	0.00444	0.00690
17	0.00589	0.00410	0.00534	0.00586	0.00647	0.00377	0.00408	0.00701	0.00955	0.03407	0.21996	0.56736	0.08605	0.01210	0.00540	0.00164	0.00242	0.01086	0.00427	0.00379
18	0.01029	0.01176	0.02574	0.01838	0.02279	0.01103	0.80368	0.01397	0.01029	0.01397	0.00882	0.01176	0.00662	0.00368	0.00515	0.00147	0.00735	0.00515	0.00221	0.00588
19	0.01629	0.02079	0.01236	0.01124	0.01348	0.82921	0.00843	0.01742	0.01236	0.01067	0.00674	0.00787	0.00562	0.00449	0.00393	0.00112	0.00787	0.00281	0.00225	0.00506
20	0.01908	0.00767	0.01018	0.00783	0.01115	0.00685	0.00646	0.07540	0.01296	0.74742	0.01667	0.01458	0.01057	0.00538	0.00435	0.00134	0.00375	0.00435	0.02670	0.00734
21	0.00838	0.00500	0.00633	0.00625	0.00764	0.00454	0.00483	0.00998	0.02451	0.16189	0.13954	0.24006	0.22142	0.01044	0.00524	0.00160	0.00285	0.13060	0.00441	0.00450
22	0.00564	0.00405	0.00535	0.00585	0.00640	0.00376	0.00407	0.00689	0.00985	0.01353	0.32273	0.53836	0.03348	0.01188	0.00541	0.00162	0.00235	0.01070	0.00433	0.00376
23	0.71375	0.00890	0.00753	0.00644	0.00928	0.01012	0.00530	0.12274	0.00949	0.06259	0.00726	0.00796	0.00541	0.00428	0.00302	0.00134	0.00359	0.00268	0.00307	0.00524
24	0.00531	0.00380	0.00506	0.00607	0.00633	0.00354	0.00405	0.00607	0.00835	0.01113	0.02404	0.84388	0.02885	0.01366	0.00557	0.00177	0.00253	0.01240	0.00405	0.00354
25	0.01623	0.01188	0.01272	0.00979	0.01318	0.01314	0.00808	0.77248	0.02004	0.02703	0.01062	0.01071	0.00757	0.00523	0.00431	0.00130	0.00469	0.00393	0.03979	0.00728
26	0.00703	0.00502	0.00703	0.00803	0.00904	0.00502	0.00703	0.00904	0.01004	0.01305	0.02309	0.04920	0.02510	0.01205	0.00602	0.00201	0.00402	0.79016	0.00402	0.00402
27	0.00824	0.00775	0.01308	0.83624	0.03004	0.00969	0.01211	0.01114	0.00872	0.01114	0.00775	0.01163	0.00581	0.00436	0.00436	0.00145	0.00581	0.00388	0.00194	0.00484
28	0.00647	0.00501	0.00740	0.00726	0.00796	0.00598	0.00566	0.00794	0.00697	0.01010	0.01132	0.01692	0.01068	0.05417	0.74858	0.00657	0.07012	0.00466	0.00231	0.00392
29	0.05431	0.00793	0.01026	0.00790	0.01125	0.00723	0.00652	0.09638	0.01305	0.71319	0.01610	0.01411	0.01022	0.00533	0.00431	0.00135	0.00380	0.00426	0.00519	0.00731
30	0.00841	0.00792	0.01339	0.78286	0.08210	0.00973	0.01220	0.01129	0.00880	0.01135	0.00778	0.01157	0.00589	0.00433	0.00436	0.00144	0.00577	0.00388	0.00195	0.00498
31	0.01048	0.00900	0.00954	0.00868	0.01105	0.01033	0.00679	0.02194	0.74705	0.01778	0.01890	0.01868	0.04141	0.00638	0.00454	0.00150	0.00344	0.04145	0.00441	0.00666
32	0.00835	0.00787	0.01330	0.79874	0.06661	0.00972	0.01217	0.01125	0.00878	0.01129	0.00777	0.01159	0.00586	0.00434	0.00436	0.00145	0.00578	0.00388	0.00195	0.00494
33	0.03304	0.24441	0.05433	0.00824	0.01183	0.04908	0.02270	0.16589	0.02483	0.08354	0.03975	0.01069	0.02014	0.00444	0.00365	0.00106	0.00437	0.00335	0.00304	0.21162

[dist]
# distance from previous block
# <min> <max>
0	2

[block]
# block no. 1 follows, 60 sequences, length 32
# corresponding to MSA columns:
# 540-571
name=unknown_B
#
# <colnr> <probs for GDERKNQSTAVLIFYWHMCP>
#	G	D	E	R	K	N	Q	S	T	A	V	L	I	F	Y	W	H	M	C	P
0	0.63433	0.04631	0.06690	0.00635	0.00926	0.00934	0.00567	0.01259	0.00830	0.03843	0.08789	0.01006	0.00869	0.00453	0.00312	0.00131	0.00353	0.00304	0.00287	0.03748
1	0.01063	0.51613	0.18597	0.00854	0.01262	0.02761	0.00900	0.01284	0.00901	0.01163	0.02509	0.00838	0.00650	0.00404	0.00363	0.00104	0.03615	0.00274	0.00202	0.10643
2	0.00663	0.00489	0.00668	0.00777	0.02854	0.00477	0.00628	0.00835	0.00976	0.01263	0.02535	0.17179	0.11855	0.01198	0.00581	0.00189	0.00360	0.55677	0.00398	0.00398
3	0.00634	0.00423	0.00476	0.00476	0.00476	0.00423	0.00264	0.00634	0.00634	0.00846	0.01374	0.02854	0.01586	0.84672	0.02220	0.00423	0.00423	0.00634	0.00264	0.00264
4	0.00749	0.00556	0.00645	0.00641	0.00755	0.00551	0.00466	0.15631	0.01097	0.01433	0.03611	0.44661	0.19775	0.05286	0.00608	0.00174	0.00299	0.02229	0.00405	0.00427
5	0.01623	0.01170	0.01268	0.00981	0.01319	0.01290	0.00808	0.71681	0.05480	0.06312	0.01113	0.01108	0.00791	0.00588	0.02269	0.00144	0.00484	0.00401	0.00437	0.00732
6	0.01627	0.01134	0.01240	0.00957	0.01300	0.01228	0.00788	0.63883	0.06888	0.11492	0.01158	0.01127	0.00813	0.00522	0.00433	0.00130	0.00453	0.00399	0.00442	0.03987
7	0.01270	0.00911	0.01003	0.00871	0.01138	0.01011	0.00686	0.05178	0.63218	0.16970	0.01738	0.01579	0.01262	0.00579	0.00443	0.00145	0.00355	0.00479	0.00462	0.00702
8	0.05762	0.00747	0.00996	0.00767	0.01101	0.00656	0.00634	0.02088	0.01226	0.78692	0.01671	0.01450	0.01053	0.00534	0.00431	0.00135	0.00370	0.00430	0.00528	0.00730
9	0.00617	0.00446	0.00583	0.00549	0.00652	0.00412	0.00412	0.00823	0.01235	0.01749	0.81722	0.03258	0.04115	0.00892	0.00514	0.00137	0.00206	0.00789	0.00480	0.00412
10	0.00585	0.00416	0.00538	0.00563	0.00621	0.00390	0.00390	0.00711	0.00994	0.01374	0.39124	0.36012	0.03286	0.12056	0.00755	0.00191	0.00253	0.00951	0.00421	0.00369
11	0.00705	0.00508	0.00701	0.00796	0.00897	0.00511	0.00689	0.00928	0.03141	0.01310	0.02299	0.08477	0.02496	0.01196	0.00596	0.00198	0.00393	0.73348	0.00403	0.00407
12	0.01819	0.00904	0.01105	0.00854	0.01190	0.00889	0.00703	0.26992	0.05470	0.53045	0.01510	0.01353	0.00985	0.00537	0.00438	0.00134	0.00404	0.00427	0.00502	0.00739
13	0.00875	0.02256	0.82413	0.01243	0.01888	0.01013	0.01611	0.01381	0.00921	0.01381	0.00783	0.00921	0.00552	0.00414	0.00414	0.00138	0.00645	0.00322	0.00184	0.00645
14	0.00618	0.00440	0.00548	0.00531	0.00622	0.00405	0.00383	0.00764	0.01077	0.02482	0.51391	0.09229	0.14915	0.11717	0.00764	0.02251	0.00245	0.00807	0.00430	0.00381
15	0.00702	0.00477	0.00611	0.00574	0.00683	0.00449	0.00425	0.02438	0.02633	0.05376	0.63628	0.09493	0.03601	0.06222	0.00620	0.00158	0.00239	0.00785	0.00462	0.00424
16	0.01079	0.01036	0.01770	0.02677	0.81952	0.01036	0.01339	0.01339	0.00993	0.01425	0.00820	0.01079	0.00691	0.00389	0.00432	0.00130	0.00518	0.00389	0.00216	0.00691
17	0.00543	0.00382	0.00502	0.00597	0.00623	0.00358	0.00397	0.00620	0.00830	0.01119	0.02339	0.79122	0.02788	0.04254	0.00607	0.00184	0.00258	0.01194	0.02930	0.00353
18	0.00689	0.00475	0.00566	0.00561	0.00676	0.00436	0.00412	0.03533	0.01030	0.06471	0.19284	0.22068	0.29624	0.08060	0.00663	0.00176	0.00268	0.04187	0.00418	0.00403
19	0.00888	0.00753	0.00801	0.00735	0.00935	0.00825	0.00564	0.01711	0.51352	0.01639	0.11391	0.02440	0.20254	0.03103	0.00518	0.00154	0.00303	0.00629	0.00434	0.00572
20	0.00926	0.00497	0.00512	0.00476	0.00608	0.00507	0.00366	0.09050	0.01037	0.03682	0.01392	0.01564	0.01079	0.00510	0.00321	0.00105	0.00235	0.00406	0.76278	0.00448
21	0.00534	0.00393	0.00501	0.00579	0.00627	0.00360	0.00394	0.00623	0.00883	0.01161	0.07382	0.67535	0.14833	0.01299	0.00548	0.00170	0.00245	0.01165	0.00409	0.00360
22	0.13606	0.00545	0.00602	0.00563	0.00701	0.00551	0.00423	0.03625	0.02348	0.05154	0.27152	0.05692	0.12857	0.10609	0.06628	0.00210	0.00343	0.00636	0.07331	0.00424
23	0.00544	0.00396	0.00502	0.00578	0.00621	0.00366	0.00391	0.00624	0.00853	0.01121	0.04684	0.63468	0.12933	0.08162	0.00688	0.00193	0.00265	0.02864	0.00395	0.00351
24	0.00614	0.00446	0.00578	0.00545	0.00649	0.00410	0.00409	0.00816	0.01226	0.01730	0.79106	0.03290	0.06742	0.00899	0.00514	0.00138	0.00206	0.00793	0.00478	0.00410
25	0.00645	0.00460	0.00605	0.00619	0.00674	0.00489	0.00448	0.00761	0.02742	0.01012	0.01562	0.06022	0.04545	0.32296	0.32275	0.03115	0.00683	0.10420	0.00283	0.00345
26	0.00931	0.00849	0.01122	0.03892	0.06080	0.10842	0.12728	0.02333	0.01004	0.05652	0.10612	0.19868	0.06437	0.02049	0.03362	0.02505	0.05191	0.03744	0.00327	0.00472
27	0.00906	0.05799	0.70237	0.01252	0.01856	0.01054	0.07267	0.01411	0.03703	0.01382	0.00816	0.00954	0.00588	0.00415	0.00417	0.00137	0.00633	0.00338	0.00196	0.00638
28	0.01127	0.01794	0.49086	0.01146	0.01631	0.02861	0.01289	0.18889	0.03811	0.05359	0.00895	0.00998	0.00646	0.00482	0.00512	0.00141	0.08060	0.00353	0.00266	0.00654
29	0.70868	0.00877	0.00795	0.02035	0.06433	0.01016	0.00585	0.04039	0.02954	0.01886	0.00669	0.00789	0.00526	0.00431	0.00352	0.00138	0.04563	0.00268	0.00271	0.00503
30	0.12962	0.01275	0.01141	0.01136	0.11662	0.24084	0.00784	0.20890	0.09975	0.01715	0.01001	0.03997	0.00842	0.06045	0.00524	0.00149	0.00526	0.00396	0.00314	0.00582
31	0.00765	0.07481	0.00761	0.00614	0.00722	0.04554	0.00457	0.04467	0.00925	0.01192	0.09793	0.10553	0.19432	0.22647	0.01021	0.03156	0.05159	0.02821	0.03096	0.00386

[dist]
# distance from previous block
# <min> <max>
1	2

[block]
# block no. 2 follows, 60 sequences, length 95
# corresponding to MSA columns:
# 574-598,601-605,608-611,617,618,627-685
name=unknown_C
#
# <colnr> <probs for GDERKNQSTAVLIFYWHMCP>
#	G	D	E	R	K	N	Q	S	T	A	V	L	I	F	Y	W	H	M	C	P
0	0.05726	0.00950	0.01577	0.19367	0.45550	0.01003	0.06698	0.01333	0.02784	0.05282	0.02433	0.01154	0.00750	0.00431	0.00463	0.00137	0.03101	0.00401	0.00240	0.00619
1	0.12562	0.00491	0.00541	0.00542	0.00599	0.00510	0.00354	0.00798	0.03349	0.02263	0.01378	0.15107	0.01512	0.43655	0.03198	0.10001	0.00388	0.00632	0.01795	0.00325
2	0.02668	0.00554	0.00708	0.02021	0.07384	0.00553	0.00519	0.04869	0.03539	0.03717	0.14737	0.20540	0.13046	0.09577	0.07062	0.00219	0.00375	0.02167	0.05308	0.00436
3	0.02901	0.09142	0.06213	0.14166	0.07510	0.10529	0.06614	0.08055	0.07745	0.11171	0.01076	0.01199	0.03159	0.00543	0.01802	0.00145	0.06754	0.00395	0.00291	0.00590
4	0.01456	0.03735	0.02632	0.00898	0.02447	0.01030	0.00729	0.33108	0.17064	0.20886	0.02838	0.04405	0.05579	0.00600	0.00443	0.00137	0.00405	0.00482	0.00443	0.00683
5	0.00561	0.00409	0.00534	0.00611	0.00667	0.00381	0.00439	0.00671	0.00913	0.01208	0.10296	0.57389	0.11095	0.01271	0.00555	0.00173	0.00265	0.11781	0.00412	0.00368
6	0.00928	0.08160	0.01309	0.07373	0.11934	0.05989	0.02212	0.01086	0.00795	0.01099	0.00803	0.01172	0.00735	0.01337	0.24019	0.00309	0.29650	0.00390	0.00209	0.00492
7	0.01265	0.02849	0.02570	0.09195	0.15859	0.21513	0.03301	0.09970	0.06606	0.08408	0.04440	0.05656	0.01037	0.00555	0.00461	0.00135	0.02379	0.02908	0.00308	0.00585
8	0.01081	0.00927	0.01118	0.03668	0.01257	0.02065	0.07175	0.03016	0.56487	0.05320	0.03187	0.01675	0.05326	0.00604	0.00506	0.00149	0.04885	0.00506	0.00404	0.00643
9	0.00563	0.00460	0.00499	0.00487	0.00625	0.00405	0.00366	0.00739	0.03892	0.01356	0.25251	0.03852	0.57910	0.01029	0.00513	0.00145	0.00221	0.00870	0.00427	0.00391
10	0.00545	0.00437	0.00480	0.00479	0.00605	0.00377	0.00355	0.00668	0.01029	0.01293	0.21561	0.08994	0.57567	0.01082	0.00544	0.02069	0.00223	0.00899	0.00417	0.00373
11	0.01088	0.02261	0.03148	0.03149	0.49022	0.00907	0.06575	0.01319	0.00996	0.10848	0.02370	0.12530	0.01077	0.00554	0.00474	0.00139	0.02109	0.00522	0.00282	0.00629
12	0.01265	0.01656	0.09602	0.01483	0.01854	0.35238	0.39697	0.01539	0.01105	0.01258	0.00786	0.00989	0.00610	0.00406	0.00454	0.00132	0.00748	0.00399	0.00219	0.00559
13	0.03720	0.00748	0.00888	0.00744	0.06039	0.00596	0.00539	0.01055	0.00905	0.01394	0.01165	0.01312	0.08962	0.03309	0.00413	0.00092	0.00329	0.00346	0.00271	0.67171
14	0.00730	0.00570	0.00801	0.02310	0.15191	0.00547	0.00638	0.00902	0.01937	0.03392	0.11903	0.14209	0.20963	0.03734	0.00604	0.02090	0.00338	0.18326	0.00371	0.00444
15	0.01166	0.84935	0.02285	0.00746	0.01119	0.01726	0.00746	0.01306	0.00886	0.01026	0.00606	0.00700	0.00560	0.00373	0.00280	0.00093	0.00466	0.00233	0.00187	0.00560
16	0.01085	0.00937	0.00986	0.00888	0.01134	0.01085	0.00690	0.02318	0.81164	0.01824	0.01775	0.01627	0.01331	0.00592	0.00444	0.00148	0.00345	0.00493	0.00444	0.00690
17	0.00539	0.00387	0.00510	0.00603	0.00635	0.00361	0.00407	0.00620	0.00849	0.01129	0.04249	0.76429	0.05470	0.02974	0.00588	0.00181	0.00258	0.03053	0.00404	0.00355
18	0.01045	0.01001	0.01707	0.13728	0.71173	0.01027	0.01321	0.01308	0.00977	0.01382	0.00814	0.01091	0.00676	0.00395	0.00432	0.00132	0.00527	0.00388	0.00213	0.00663
19	0.00619	0.00450	0.00585	0.00563	0.00668	0.00416	0.00430	0.00819	0.01204	0.01685	0.71617	0.03435	0.07921	0.00927	0.00521	0.00143	0.00222	0.06894	0.00470	0.00409
20	0.05788	0.00532	0.00531	0.00494	0.00635	0.00559	0.00381	0.08603	0.04632	0.01760	0.01357	0.01520	0.01056	0.00508	0.00322	0.00108	0.00243	0.00400	0.70118	0.00455
21	0.00610	0.00446	0.00573	0.00541	0.00647	0.00408	0.00406	0.00809	0.01217	0.01708	0.76189	0.03325	0.09673	0.00907	0.00514	0.00138	0.00207	0.00798	0.00475	0.00408
22	0.00904	0.00775	0.00904	0.00646	0.01034	0.00581	0.00517	0.01098	0.00904	0.01421	0.00775	0.00904	0.00646	0.00323	0.00323	0.00065	0.00323	0.00258	0.00258	0.87339
23	0.01676	0.01193	0.01291	0.00990	0.01338	0.01310	0.00818	0.75778	0.02002	0.07536	0.01088	0.01073	0.00762	0.00525	0.00436	0.00131	0.00473	0.00395	0.00443	0.00742
24	0.00613	0.00412	0.00521	0.00576	0.00608	0.00394	0.00381	0.00675	0.00796	0.03064	0.03185	0.47762	0.03580	0.29309	0.01114	0.00259	0.00321	0.05731	0.00362	0.00338
25	0.00575	0.00417	0.00543	0.00569	0.00641	0.00385	0.00405	0.00721	0.01051	0.01448	0.43878	0.38442	0.07085	0.01107	0.00533	0.00155	0.00227	0.00990	0.00444	0.00385
26	0.00623	0.00467	0.00701	0.00701	0.00779	0.00545	0.00545	0.00779	0.00701	0.01012	0.01168	0.01713	0.01090	0.03271	0.82944	0.00701	0.01168	0.00467	0.00234	0.00389
27	0.00557	0.00445	0.00499	0.00494	0.00620	0.00391	0.00367	0.00710	0.02195	0.01362	0.28493	0.10017	0.50203	0.01051	0.00517	0.00146	0.00220	0.00898	0.00429	0.00385
28	0.00555	0.00436	0.00501	0.00501	0.00617	0.00382	0.00370	0.00696	0.01064	0.01380	0.32598	0.13381	0.43851	0.01057	0.00520	0.00147	0.00219	0.00910	0.00433	0.00382
29	0.01029	0.01176	0.02574	0.01838	0.02279	0.01103	0.80368	0.01397	0.01029	0.01397	0.00882	0.01176	0.00662	0.00368	0.00515	0.00147	0.00735	0.00515	0.00221	0.00588
30	0.01629	0.02079	0.01236	0.01124	0.01348	0.82921	0.00843	0.01742	0.01236	0.01067	0.00674	0.00787	0.00562	0.00449	0.00393	0.00112	0.00787	0.00281	0.00225	0.00506
31	0.01629	0.02079	0.01236	0.01124	0.01348	0.82921	0.00843	0.01742	0.01236	0.01067	0.00674	0.00787	0.00562	0.00449	0.00393	0.00112	0.00787	0.00281	0.00225	0.00506
32	0.00537	0.00383	0.00509	0.00607	0.00633	0.00359	0.00406	0.00613	0.00833	0.01110	0.02376	0.80901	0.02845	0.03517	0.00600	0.00184	0.00260	0.02574	0.00401	0.00353
33	0.00531	0.00380	0.00506	0.00607	0.00633	0.00354	0.00405	0.00607	0.00835	0.01113	0.02404	0.84388	0.02885	0.01366	0.00557	0.00177	0.00253	0.01240	0.00405	0.00354
34	0.00623	0.00467	0.00701	0.00701	0.00779	0.00545	0.00545	0.00779	0.00701	0.01012	0.01168	0.01713	0.01090	0.03271	0.82944	0.00701	0.01168	0.00467	0.00234	0.00389
35	0.00603	0.00441	0.00566	0.00543	0.00645	0.00404	0.00404	0.00793	0.01189	0.01660	0.70109	0.08247	0.10887	0.00939	0.00517	0.00140	0.00210	0.00828	0.00469	0.00404
36	0.01658	0.01222	0.01309	0.01003	0.01353	0.01353	0.00829	0.80497	0.02051	0.02749	0.01047	0.01047	0.00742	0.00524	0.00436	0.00131	0.00480	0.00393	0.00436	0.00742
37	0.01930	0.00748	0.01011	0.00779	0.01114	0.00655	0.00643	0.02131	0.03723	0.79763	0.01722	0.01489	0.01087	0.00541	0.00439	0.00135	0.00370	0.00440	0.00537	0.00741
38	0.01672	0.01199	0.01295	0.00993	0.01341	0.01319	0.00820	0.76858	0.02013	0.06440	0.01078	0.01067	0.00757	0.00524	0.00436	0.00131	0.00475	0.00395	0.00441	0.00742
39	0.01321	0.01565	0.01282	0.01133	0.01255	0.45669	0.00894	0.01426	0.00977	0.01059	0.00628	0.00863	0.00567	0.00593	0.00867	0.00148	0.38725	0.00327	0.00209	0.00493
40	0.00531	0.00380	0.00506	0.00607	0.00633	0.00354	0.00405	0.00607	0.00835	0.01113	0.02404	0.84388	0.02885	0.01366	0.00557	0.00177	0.00253	0.01240	0.00405	0.00354
41	0.01166	0.84935	0.02285	0.00746	0.01119	0.01726	0.00746	0.01306	0.00886	0.01026	0.00606	0.00700	0.00560	0.00373	0.00280	0.00093	0.00466	0.00233	0.00187	0.00560
42	0.01957	0.00742	0.01012	0.00776	0.01113	0.00641	0.00641	0.02126	0.01248	0.82254	0.01721	0.01484	0.01080	0.00540	0.00439	0.00135	0.00371	0.00439	0.00540	0.00742
43	0.01928	0.00749	0.01011	0.00780	0.01114	0.00656	0.00643	0.02132	0.03874	0.79611	0.01722	0.01489	0.01088	0.00542	0.00439	0.00135	0.00370	0.00440	0.00537	0.00741
44	0.01085	0.00937	0.00986	0.00888	0.01134	0.01085	0.00690	0.02318	0.81164	0.01824	0.01775	0.01627	0.01331	0.00592	0.00444	0.00148	0.00345	0.00493	0.00444	0.00690
45	0.00706	0.00565	0.00784	0.00755	0.00840	0.02279	0.00594	0.03636	0.00757	0.01078	0.01107	0.01611	0.01026	0.02918	0.71895	0.00628	0.07719	0.00454	0.00237	0.00411
46	0.01029	0.01176	0.02574	0.01838	0.02279	0.01103	0.80368	0.01397	0.01029	0.01397	0.00882	0.01176	0.00662	0.00368	0.00515	0.00147	0.00735	0.00515	0.00221	0.00588
47	0.00617	0.00446	0.00583	0.00549	0.00652	0.00412	0.00412	0.00823	0.01235	0.01749	0.81722	0.03258	0.04115	0.00892	0.00514	0.00137	0.00206	0.00789	0.00480	0.00412
48	0.01128	0.00958	0.01011	0.00896	0.01151	0.01105	0.00701	0.08240	0.75170	0.01894	0.01720	0.01583	0.01287	0.00587	0.00443	0.00147	0.00355	0.00485	0.00443	0.00694
49	0.00623	0.00467	0.00701	0.00701	0.00779	0.00545	0.00545	0.00779	0.00701	0.01012	0.01168	0.01713	0.01090	0.03271	0.82944	0.00701	0.01168	0.00467	0.00234	0.00389
50	0.01029	0.01176	0.02574	0.01838	0.02279	0.01103	0.80368	0.01397	0.01029	0.01397	0.00882	0.01176	0.00662	0.00368	0.00515	0.00147	0.00735	0.00515	0.00221	0.00588
51	0.00541	0.00386	0.00517	0.00618	0.00648	0.00362	0.00421	0.00624	0.00844	0.01124	0.02399	0.79966	0.02864	0.01357	0.00559	0.00178	0.00261	0.05567	0.00405	0.00357
52	0.01079	0.01036	0.01770	0.02677	0.81952	0.01036	0.01339	0.01339	0.00993	0.01425	0.00820	0.01079	0.00691	0.00389	0.00432	0.00130	0.00518	0.00389	0.00216	0.00691
53	0.00517	0.00434	0.00450	0.00462	0.00594	0.00367	0.00340	0.00624	0.00975	0.01170	0.04176	0.13856	0.72273	0.01136	0.00520	0.00151	0.00225	0.00959	0.00405	0.00367
54	0.00534	0.00383	0.00503	0.00599	0.00627	0.00357	0.00399	0.00609	0.00833	0.01107	0.02424	0.79790	0.04883	0.03939	0.00607	0.00184	0.00257	0.01213	0.00401	0.00352
55	0.01085	0.00937	0.00986	0.00888	0.01134	0.01085	0.00690	0.02318	0.81164	0.01824	0.01775	0.01627	0.01331	0.00592	0.00444	0.00148	0.00345	0.00493	0.00444	0.00690
56	0.01085	0.00937	0.00986	0.00888	0.01134	0.01085	0.00690	0.02318	0.81164	0.01824	0.01775	0.01627	0.01331	0.00592	0.00444	0.00148	0.00345	0.00493	0.00444	0.00690
57	0.01957	0.00742	0.01012	0.00776	0.01113	0.00641	0.00641	0.02126	0.01248	0.82254	0.01721	0.01484	0.01080	0.00540	0.00439	0.00135	0.00371	0.00439	0.00540	0.00742
58	0.00632	0.00445	0.00553	0.00590	0.00643	0.00432	0.00427	0.00728	0.00854	0.01129	0.10549	0.12797	0.08269	0.36150	0.01259	0.00280	0.00359	0.23215	0.00353	0.00337
59	0.00634	0.00423	0.00476	0.00476	0.00476	0.00423	0.00264	0.00634	0.00634	0.00846	0.01374	0.02854	0.01586	0.84672	0.02220	0.00423	0.00423	0.00634	0.00264	0.00264
60	0.01871	0.00802	0.01040	0.00806	0.01138	0.00739	0.00663	0.09821	0.06497	0.69257	0.01658	0.01451	0.01063	0.00542	0.00439	0.00135	0.00380	0.00438	0.00523	0.00739
61	0.00610	0.00446	0.00572	0.00541	0.00647	0.00408	0.00406	0.00808	0.01217	0.01707	0.75976	0.03328	0.09887	0.00907	0.00514	0.00138	0.00207	0.00799	0.00475	0.00408
62	0.00703	0.00489	0.00587	0.00571	0.00688	0.00459	0.00417	0.00924	0.07406	0.06713	0.30227	0.19210	0.21476	0.07355	0.00642	0.00170	0.00257	0.00850	0.00432	0.00423
63	0.00546	0.00444	0.00486	0.00495	0.00626	0.00384	0.00377	0.00675	0.01019	0.01263	0.14694	0.08341	0.60551	0.01097	0.00525	0.00152	0.00235	0.07300	0.00415	0.00376
64	0.00531	0.00380	0.00506	0.00607	0.00633	0.00354	0.00405	0.00607	0.00835	0.01113	0.02404	0.84388	0.02885	0.01366	0.00557	0.00177	0.00253	0.01240	0.00405	0.00354
65	0.02534	0.00878	0.01471	0.50278	0.32874	0.01000	0.01242	0.01202	0.00913	0.01247	0.00786	0.01120	0.00621	0.00422	0.00445	0.00140	0.01677	0.00385	0.00204	0.00562
66	0.00938	0.00896	0.01531	0.47068	0.37218	0.01001	0.02682	0.01217	0.00927	0.01254	0.00797	0.01127	0.00630	0.00414	0.00436	0.00139	0.00557	0.00390	0.00204	0.00576
67	0.01188	0.01135	0.06764	0.09391	0.32623	0.01110	0.07170	0.22414	0.08463	0.01778	0.00963	0.01121	0.00739	0.00445	0.00437	0.00133	0.00518	0.00401	0.00292	0.02914
68	0.00531	0.00382	0.00504	0.00601	0.00631	0.00355	0.00402	0.00608	0.00841	0.01116	0.02475	0.81554	0.05672	0.01357	0.00555	0.00176	0.00252	0.01229	0.00405	0.00355
69	0.00777	0.00673	0.01007	0.17568	0.15324	0.00723	0.02157	0.05076	0.00946	0.01262	0.01839	0.32629	0.11339	0.00881	0.00553	0.00157	0.05528	0.00773	0.00315	0.00472
70	0.01155	0.01065	0.01370	0.13100	0.25842	0.08553	0.03367	0.15918	0.06269	0.01616	0.02638	0.01169	0.01884	0.00459	0.00438	0.00125	0.01942	0.00390	0.01605	0.11095
71	0.00929	0.00752	0.00839	0.02187	0.00971	0.00842	0.00590	0.04530	0.44881	0.01529	0.04145	0.04707	0.11952	0.03950	0.00727	0.12059	0.02925	0.00563	0.00385	0.00536
72	0.01029	0.01176	0.02574	0.01838	0.02279	0.01103	0.80368	0.01397	0.01029	0.01397	0.00882	0.01176	0.00662	0.00368	0.00515	0.00147	0.00735	0.00515	0.00221	0.00588
73	0.00758	0.00379	0.00568	0.00568	0.00568	0.00379	0.00379	0.00568	0.00568	0.00758	0.00758	0.01326	0.00758	0.01515	0.01705	0.87311	0.00379	0.00379	0.00189	0.00189
74	0.41740	0.00689	0.00645	0.00591	0.00797	0.00735	0.00461	0.05548	0.00921	0.08604	0.02871	0.14189	0.13401	0.03546	0.00446	0.00152	0.00314	0.00547	0.03336	0.00467
75	0.01886	0.00856	0.01082	0.00830	0.01170	0.00810	0.00686	0.20688	0.01438	0.63423	0.01561	0.01381	0.01000	0.00536	0.00438	0.00134	0.00397	0.00428	0.00515	0.00742
76	0.00534	0.00381	0.00508	0.00606	0.00633	0.00356	0.00405	0.00613	0.00845	0.01130	0.04454	0.82291	0.02916	0.01354	0.00556	0.00176	0.00252	0.01228	0.00407	0.00356
77	0.12235	0.00494	0.00568	0.00553	0.00674	0.00479	0.00413	0.00846	0.01061	0.03034	0.44341	0.15165	0.13685	0.02716	0.00525	0.00151	0.00243	0.01983	0.00426	0.00408
78	0.00631	0.00474	0.00569	0.00605	0.00694	0.00459	0.00430	0.00868	0.10648	0.02561	0.10301	0.46227	0.18757	0.02894	0.00564	0.00168	0.00261	0.02066	0.00416	0.00408
79	0.00531	0.00380	0.00506	0.00607	0.00633	0.00354	0.00405	0.00607	0.00835	0.01113	0.02404	0.84388	0.02885	0.01366	0.00557	0.00177	0.00253	0.01240	0.00405	0.00354
80	0.00730	0.00464	0.00594	0.00570	0.00689	0.00418	0.00423	0.00892	0.01121	0.10201	0.46110	0.19556	0.14606	0.00980	0.00515	0.00146	0.00235	0.00861	0.00461	0.00429
81	0.05644	0.00575	0.00669	0.00611	0.00790	0.00545	0.00473	0.03588	0.06152	0.18069	0.14623	0.12144	0.26104	0.02732	0.00520	0.00153	0.00286	0.03545	0.02290	0.00487
82	0.87753	0.00843	0.00641	0.00574	0.00843	0.00978	0.00472	0.01282	0.00742	0.01957	0.00607	0.00709	0.00472	0.00405	0.00270	0.00135	0.00337	0.00236	0.00270	0.00472
83	0.00605	0.00445	0.00566	0.00536	0.00644	0.00406	0.00402	0.00800	0.01206	0.01682	0.72670	0.03368	0.13209	0.00917	0.00515	0.00138	0.00208	0.00804	0.00471	0.00406
84	0.01092	0.00553	0.00720	0.00617	0.00811	0.00489	0.00484	0.01271	0.01206	0.31049	0.41684	0.02742	0.13899	0.00793	0.00487	0.00138	0.00268	0.00679	0.00491	0.00526
85	0.00606	0.00438	0.00573	0.00652	0.00706	0.00424	0.00468	0.03174	0.02586	0.01231	0.05411	0.65381	0.02779	0.01282	0.00556	0.00177	0.00282	0.12484	0.00409	0.00382
86	0.00661	0.00456	0.00597	0.00556	0.00667	0.00419	0.00419	0.00866	0.01235	0.04394	0.79093	0.03200	0.04015	0.00880	0.00512	0.00137	0.00211	0.00777	0.00482	0.00422
87	0.01029	0.01176	0.02574	0.01838	0.02279	0.01103	0.80368	0.01397	0.01029	0.01397	0.00882	0.01176	0.00662	0.00368	0.00515	0.00147	0.00735	0.00515	0.00221	0.00588
88	0.00531	0.00381	0.00504	0.00603	0.00632	0.00355	0.00403	0.00608	0.00839	0.01115	0.02454	0.82393	0.04847	0.01360	0.00556	0.00176	0.00252	0.01232	0.00405	0.00355
89	0.01826	0.00940	0.01112	0.00859	0.01194	0.03424	0.00707	0.28332	0.01516	0.51891	0.02686	0.01344	0.00997	0.00537	0.00438	0.00133	0.00418	0.00424	0.00494	0.00730
90	0.10952	0.07106	0.03549	0.01399	0.01767	0.04909	0.43035	0.13703	0.01130	0.01607	0.00826	0.01033	0.00633	0.00427	0.00510	0.00140	0.06011	0.00421	0.00255	0.00587
91	0.08162	0.02238	0.01139	0.00943	0.02495	0.03344	0.02319	0.32190	0.32442	0.05133	0.04147	0.01331	0.01071	0.00545	0.00427	0.00137	0.00417	0.00432	0.00414	0.00676
92	0.18173	0.18338	0.10954	0.00872	0.04163	0.01111	0.00777	0.15918	0.03620	0.04051	0.10765	0.01323	0.03297	0.00524	0.00400	0.00128	0.02040	0.01336	0.00313	0.01896
93	0.08177	0.10519	0.24197	0.01230	0.15324	0.02291	0.01037	0.07201	0.07455	0.03369	0.00900	0.01050	0.00707	0.00431	0.00385	0.00122	0.00487	0.01689	0.00259	0.13170
94	0.05111	0.08236	0.03675	0.03015	0.14922	0.05441	0.04762	0.07590	0.14014	0.11571	0.04283	0.01215	0.00939	0.00472	0.00424	0.00124	0.01941	0.00390	0.00324	0.11552

[dist]
# distance from previous block
# <min> <max>
0	27

[block]
# block no. 3 follows, 60 sequences, length 36
# corresponding to MSA columns:
# 713-748
name=unknown_D
#
# <colnr> <probs for GDERKNQSTAVLIFYWHMCP>
#	G	D	E	R	K	N	Q	S	T	A	V	L	I	F	Y	W	H	M	C	P
0	0.04958	0.00885	0.02000	0.01010	0.10280	0.00856	0.02879	0.08588	0.17500	0.06185	0.04175	0.03388	0.02504	0.00499	0.00435	0.00117	0.03229	0.00411	0.00335	0.29764
1	0.06077	0.09448	0.01254	0.01026	0.07649	0.13665	0.00772	0.23122	0.06935	0.08868	0.03363	0.01322	0.04178	0.00574	0.01512	0.00136	0.03499	0.02360	0.00343	0.03898
2	0.46644	0.05496	0.01909	0.02187	0.05482	0.03693	0.01903	0.03068	0.02270	0.07280	0.04874	0.06582	0.00947	0.00588	0.02420	0.00149	0.00399	0.01474	0.00303	0.02333
3	0.00841	0.00749	0.06426	0.00667	0.00950	0.00560	0.02145	0.01050	0.02763	0.06720	0.08975	0.04394	0.17660	0.06172	0.00538	0.00131	0.00333	0.02481	0.00333	0.36114
4	0.07469	0.05666	0.41561	0.01150	0.08332	0.04232	0.02759	0.01328	0.01001	0.06219	0.14889	0.01347	0.01212	0.00500	0.00418	0.00134	0.00517	0.00407	0.00268	0.00590
5	0.01021	0.01236	0.06979	0.01805	0.02258	0.01098	0.76022	0.01396	0.01023	0.01396	0.00877	0.01162	0.00656	0.00370	0.00509	0.00147	0.00730	0.00504	0.00219	0.00591
6	0.01619	0.01927	0.01260	0.01146	0.03419	0.68966	0.00853	0.13174	0.01348	0.01321	0.00732	0.00832	0.00591	0.00459	0.00401	0.00115	0.00735	0.00300	0.00255	0.00545
7	0.00910	0.00873	0.01446	0.48521	0.20788	0.01032	0.03566	0.01165	0.00876	0.01193	0.00759	0.01107	0.00609	0.00468	0.00578	0.00146	0.12610	0.00387	0.00201	0.02765
8	0.00600	0.00432	0.00548	0.00602	0.00665	0.00412	0.00435	0.00721	0.02672	0.01189	0.10438	0.37667	0.13264	0.10647	0.00787	0.03755	0.00295	0.14123	0.00388	0.00360
9	0.00538	0.00404	0.00494	0.00552	0.00617	0.00365	0.00380	0.00631	0.00906	0.01176	0.09595	0.52644	0.24833	0.03989	0.00596	0.00174	0.00246	0.01093	0.00407	0.00360
10	0.87753	0.00843	0.00641	0.00574	0.00843	0.00978	0.00472	0.01282	0.00742	0.01957	0.00607	0.00709	0.00472	0.00405	0.00270	0.00135	0.00337	0.00236	0.00270	0.00472
11	0.00616	0.00417	0.00479	0.00494	0.00502	0.00411	0.00287	0.00630	0.00674	0.00894	0.01609	0.14878	0.03969	0.70139	0.01929	0.00379	0.00392	0.00731	0.00289	0.00280
12	0.06081	0.00886	0.01010	0.00828	0.01091	0.00934	0.00668	0.35975	0.05449	0.19235	0.03355	0.06522	0.01141	0.00701	0.00549	0.07503	0.00402	0.04255	0.02796	0.00621
13	0.01927	0.00790	0.01041	0.00798	0.01137	0.00711	0.00660	0.09865	0.01328	0.74403	0.01654	0.01441	0.01046	0.00538	0.00438	0.00135	0.00382	0.00434	0.00530	0.00742
14	0.01762	0.00721	0.00964	0.00757	0.01064	0.00640	0.00619	0.01994	0.05657	0.69020	0.10464	0.01686	0.01425	0.00581	0.00447	0.00136	0.00352	0.00480	0.00528	0.00703
15	0.00547	0.00393	0.00509	0.00591	0.00626	0.00367	0.00398	0.00628	0.00849	0.01127	0.05721	0.67747	0.07174	0.08018	0.00688	0.00194	0.00267	0.03407	0.00397	0.00352
16	0.28065	0.00836	0.00864	0.00726	0.00986	0.00895	0.00583	0.19680	0.07790	0.16229	0.07775	0.05992	0.04066	0.01838	0.00426	0.00142	0.00357	0.00462	0.01709	0.00581
17	0.01950	0.00754	0.01019	0.00781	0.01119	0.00658	0.00645	0.03979	0.01267	0.80373	0.01705	0.01474	0.01072	0.00539	0.00439	0.00135	0.00374	0.00438	0.00537	0.00742
18	0.00881	0.00472	0.00479	0.00454	0.00576	0.00482	0.00347	0.07399	0.01006	0.01716	0.01393	0.01580	0.01088	0.00509	0.00315	0.00104	0.00225	0.00405	0.80134	0.00433
19	0.02400	0.00437	0.00508	0.00503	0.00546	0.00429	0.00320	0.00744	0.00804	0.02837	0.16903	0.09543	0.02109	0.51350	0.01522	0.00310	0.00346	0.00684	0.07382	0.00326
20	0.00530	0.00386	0.00499	0.00590	0.00628	0.00356	0.00397	0.00609	0.00852	0.01120	0.02619	0.75823	0.11310	0.01338	0.00552	0.00174	0.00250	0.01206	0.00405	0.00356
21	0.01658	0.01222	0.01309	0.01003	0.01353	0.01353	0.00829	0.80497	0.02051	0.02749	0.01047	0.01047	0.00742	0.00524	0.00436	0.00131	0.00480	0.00393	0.00436	0.00742
22	0.87753	0.00843	0.00641	0.00574	0.00843	0.00978	0.00472	0.01282	0.00742	0.01957	0.00607	0.00709	0.00472	0.00405	0.00270	0.00135	0.00337	0.00236	0.00270	0.00472
23	0.00624	0.00419	0.00479	0.00489	0.00491	0.00416	0.00278	0.00632	0.00654	0.00872	0.01477	0.10971	0.01715	0.76379	0.02054	0.00398	0.00406	0.00695	0.00278	0.00273
24	0.01957	0.00742	0.01012	0.00776	0.01113	0.00641	0.00641	0.02126	0.01248	0.82254	0.01721	0.01484	0.01080	0.00540	0.00439	0.00135	0.00371	0.00439	0.00540	0.00742
25	0.80863	0.00835	0.00671	0.00590	0.00865	0.00951	0.00486	0.01350	0.00783	0.08405	0.00697	0.00771	0.00521	0.00416	0.00283	0.00135	0.00340	0.00252	0.00292	0.00494
26	0.00531	0.00442	0.00463	0.00458	0.00599	0.00375	0.00344	0.00656	0.01031	0.01266	0.16255	0.04053	0.69883	0.01072	0.00515	0.00146	0.00219	0.00900	0.00417	0.00375
27	0.00625	0.00461	0.00668	0.00668	0.00735	0.00527	0.00504	0.00758	0.00691	0.00988	0.01198	0.01880	0.01163	0.15168	0.71145	0.00660	0.01059	0.00492	0.00238	0.00371
28	0.00633	0.00425	0.00484	0.00482	0.00490	0.00422	0.00276	0.00649	0.00682	0.00918	0.07827	0.02887	0.01789	0.77944	0.02083	0.00400	0.00405	0.00647	0.00282	0.00276
29	0.00875	0.02256	0.82413	0.01243	0.01888	0.01013	0.01611	0.01381	0.00921	0.01381	0.00783	0.00921	0.00552	0.00414	0.00414	0.00138	0.00645	0.00322	0.00184	0.00645
30	0.01008	0.00935	0.01569	0.02323	0.66658	0.00935	0.01219	0.01256	0.00995	0.01402	0.01101	0.01804	0.01034	0.00543	0.00464	0.00143	0.00496	0.15225	0.00251	0.00636
31	0.00561	0.00452	0.00505	0.00517	0.00650	0.00396	0.00404	0.00699	0.01028	0.01276	0.14457	0.04192	0.58061	0.01093	0.00530	0.00155	0.00249	0.13981	0.00415	0.00380
32	0.00531	0.00380	0.00506	0.00607	0.00633	0.00354	0.00405	0.00607	0.00835	0.01113	0.02404	0.84388	0.02885	0.01366	0.00557	0.00177	0.00253	0.01240	0.00405	0.00354
33	0.01079	0.01036	0.01770	0.02677	0.81952	0.01036	0.01339	0.01339	0.00993	0.01425	0.00820	0.01079	0.00691	0.00389	0.00432	0.00130	0.00518	0.00389	0.00216	0.00691
34	0.57877	0.04407	0.11799	0.00741	0.01073	0.02153	0.00692	0.10651	0.04206	0.01919	0.00731	0.00815	0.00554	0.00427	0.00318	0.00133	0.00407	0.00277	0.00281	0.00540
35	0.01723	0.01118	0.01245	0.00954	0.01301	0.01198	0.00788	0.63518	0.01877	0.19973	0.01193	0.01142	0.00815	0.00527	0.00437	0.00132	0.00456	0.00403	0.00459	0.00742

[dist]
# distance from previous block
# <min> <max>
0	1

[block]
# block no. 4 follows, 60 sequences, length 29
# corresponding to MSA columns:
# 750-752,764-789
name=unknown_E
#
# <colnr> <probs for GDERKNQSTAVLIFYWHMCP>
#	G	D	E	R	K	N	Q	S	T	A	V	L	I	F	Y	W	H	M	C	P
0	0.01145	0.70193	0.13238	0.00830	0.01234	0.04956	0.00869	0.01334	0.00905	0.01077	0.00633	0.00734	0.00559	0.00382	0.00303	0.00100	0.00504	0.00247	0.00188	0.00569
1	0.00556	0.00463	0.00523	0.00562	0.03937	0.00402	0.00391	0.00686	0.01022	0.01276	0.16634	0.09310	0.60591	0.01058	0.00515	0.00147	0.00233	0.00899	0.00409	0.00387
2	0.01597	0.01192	0.01275	0.00991	0.01329	0.01324	0.00814	0.72243	0.10404	0.02651	0.01124	0.01108	0.00804	0.00531	0.00437	0.00133	0.00466	0.00403	0.00437	0.00736
3	0.00599	0.00444	0.00558	0.00532	0.00641	0.00403	0.00398	0.00786	0.01187	0.01642	0.67432	0.05084	0.16803	0.00936	0.00515	0.00140	0.00209	0.00820	0.00466	0.00403
4	0.00758	0.00379	0.00568	0.00568	0.00568	0.00379	0.00379	0.00568	0.00568	0.00758	0.00758	0.01326	0.00758	0.01515	0.01705	0.87311	0.00379	0.00379	0.00189	0.00189
5	0.00692	0.00498	0.00687	0.00782	0.00885	0.00494	0.00681	0.00887	0.01003	0.01298	0.02434	0.04877	0.07199	0.01199	0.00597	0.00198	0.00391	0.74396	0.00402	0.00400
6	0.00824	0.00775	0.01308	0.83624	0.03004	0.00969	0.01211	0.01114	0.00872	0.01114	0.00775	0.01163	0.00581	0.00436	0.00436	0.00145	0.00581	0.00388	0.00194	0.00484
7	0.01629	0.02079	0.01236	0.01124	0.01348	0.82921	0.00843	0.01742	0.01236	0.01067	0.00674	0.00787	0.00562	0.00449	0.00393	0.00112	0.00787	0.00281	0.00225	0.00506
8	0.00598	0.00445	0.00556	0.00528	0.00639	0.00403	0.00396	0.00785	0.01188	0.01638	0.66719	0.03440	0.19187	0.00933	0.00515	0.00139	0.00209	0.00814	0.00466	0.00403
9	0.01029	0.01176	0.02574	0.01838	0.02279	0.01103	0.80368	0.01397	0.01029	0.01397	0.00882	0.01176	0.00662	0.00368	0.00515	0.00147	0.00735	0.00515	0.00221	0.00588
10	0.00537	0.00384	0.00513	0.00614	0.00642	0.00359	0.00415	0.00617	0.00841	0.01120	0.02401	0.81683	0.02872	0.01361	0.00558	0.00178	0.00258	0.03887	0.00405	0.00356
11	0.01669	0.01204	0.01298	0.00995	0.01344	0.01326	0.00822	0.77622	0.02021	0.05666	0.01072	0.01063	0.00754	0.00524	0.00436	0.00131	0.00476	0.00394	0.00440	0.00742
12	0.00581	0.00411	0.00524	0.00586	0.00620	0.00392	0.00388	0.02285	0.00857	0.01151	0.08874	0.60676	0.02703	0.16782	0.00860	0.00218	0.00285	0.01072	0.00386	0.00350
13	0.00661	0.00424	0.00539	0.00597	0.00657	0.00403	0.00414	0.02998	0.00909	0.04544	0.04645	0.65364	0.02558	0.01182	0.00514	0.00163	0.00256	0.01061	0.11722	0.00390
14	0.01658	0.01222	0.01309	0.01003	0.01353	0.01353	0.00829	0.80497	0.02051	0.02749	0.01047	0.01047	0.00742	0.00524	0.00436	0.00131	0.00480	0.00393	0.00436	0.00742
15	0.00535	0.00408	0.00492	0.00544	0.00619	0.00365	0.00380	0.00636	0.00931	0.01201	0.11267	0.48143	0.30455	0.01226	0.00538	0.00163	0.00237	0.01082	0.00413	0.00365
16	0.00904	0.00775	0.00904	0.00646	0.01034	0.00581	0.00517	0.01098	0.00904	0.01421	0.00775	0.00904	0.00646	0.00323	0.00323	0.00065	0.00323	0.00258	0.00258	0.87339
17	0.00610	0.00419	0.00476	0.00490	0.00515	0.00406	0.00296	0.00642	0.00724	0.00959	0.03486	0.14243	0.11453	0.59437	0.01705	0.00342	0.00366	0.00750	0.02384	0.00296
18	0.73607	0.00859	0.00722	0.00622	0.00904	0.00971	0.00513	0.06691	0.00880	0.09831	0.00745	0.00807	0.00550	0.00426	0.00298	0.00135	0.00350	0.00266	0.00307	0.00517
19	0.00670	0.00457	0.00570	0.00617	0.00685	0.00442	0.00425	0.00843	0.07599	0.05614	0.02326	0.57147	0.07642	0.10742	0.00728	0.00199	0.00287	0.02213	0.00399	0.00395
20	0.07721	0.00493	0.00547	0.00554	0.00682	0.00463	0.00416	0.02026	0.00954	0.06000	0.05364	0.21538	0.34566	0.05852	0.00597	0.00171	0.00277	0.07890	0.03488	0.00401
21	0.01121	0.00938	0.01002	0.00894	0.01142	0.01074	0.00706	0.10750	0.66964	0.01889	0.01733	0.01793	0.01349	0.00627	0.00454	0.00150	0.00364	0.05936	0.00440	0.00676
22	0.00842	0.00470	0.00522	0.00501	0.00608	0.00498	0.00385	0.01075	0.04008	0.03849	0.02911	0.01628	0.01153	0.00785	0.07928	0.00164	0.04379	0.00422	0.67443	0.00429
23	0.00661	0.00445	0.00560	0.00572	0.00613	0.00450	0.00384	0.00726	0.00757	0.03785	0.05114	0.19439	0.04255	0.42107	0.13475	0.00371	0.01861	0.03775	0.00315	0.00336
24	0.00709	0.00479	0.00569	0.00555	0.00687	0.00432	0.00413	0.00883	0.03994	0.09173	0.22763	0.18923	0.34292	0.02252	0.00539	0.00154	0.00248	0.02076	0.00436	0.00423
25	0.01360	0.01443	0.01272	0.01195	0.08322	0.36448	0.04935	0.16100	0.09167	0.01492	0.00938	0.01087	0.00757	0.00842	0.11250	0.00201	0.01964	0.00370	0.00285	0.00572
26	0.02759	0.74853	0.08186	0.00787	0.01178	0.01648	0.00808	0.03560	0.00919	0.01119	0.00632	0.00726	0.00563	0.00381	0.00294	0.00098	0.00478	0.00244	0.00195	0.00570
27	0.55103	0.00769	0.00725	0.03202	0.02544	0.00865	0.00521	0.06058	0.00819	0.03629	0.00760	0.01010	0.00638	0.05163	0.04720	0.10390	0.00409	0.00308	0.00271	0.02092
28	0.06076	0.14017	0.05795	0.06214	0.06177	0.05839	0.04064	0.22780	0.15664	0.06170	0.01046	0.01094	0.00785	0.00474	0.00402	0.00128	0.00482	0.00372	0.00330	0.02091

[dist]
# distance from previous block
# <min> <max>
0	4

[block]
# block no. 5 follows, 60 sequences, length 88
# corresponding to MSA columns:
# 794-855,858-883
name=unknown_F
#
# <colnr> <probs for GDERKNQSTAVLIFYWHMCP>
#	G	D	E	R	K	N	Q	S	T	A	V	L	I	F	Y	W	H	M	C	P
0	0.01093	0.01182	0.03045	0.05895	0.10168	0.15045	0.25582	0.03599	0.03335	0.02403	0.03345	0.07485	0.00927	0.00558	0.00627	0.00148	0.14275	0.00488	0.00253	0.00548
1	0.76581	0.04585	0.02611	0.00624	0.00901	0.04728	0.00528	0.01298	0.00774	0.01846	0.00624	0.00734	0.00493	0.00455	0.01705	0.00142	0.00385	0.00244	0.00262	0.00480
2	0.00633	0.00416	0.00491	0.00503	0.00513	0.00410	0.00301	0.00629	0.00669	0.00885	0.01552	0.11164	0.04792	0.62763	0.01901	0.09392	0.00393	0.02043	0.00279	0.00272
3	0.00620	0.00417	0.00480	0.00494	0.00498	0.00413	0.00284	0.00630	0.00662	0.00883	0.01517	0.14193	0.01766	0.73087	0.01989	0.00389	0.00399	0.00718	0.00284	0.00277
4	0.00755	0.00605	0.00837	0.00931	0.12052	0.00681	0.00573	0.00821	0.00696	0.00980	0.01112	0.02084	0.01196	0.45461	0.11835	0.03259	0.14983	0.00527	0.00238	0.00374
5	0.83956	0.00898	0.00667	0.00598	0.00866	0.04591	0.00489	0.01302	0.00764	0.01918	0.00610	0.00712	0.00476	0.00407	0.00275	0.00134	0.00357	0.00238	0.00268	0.00474
6	0.00633	0.00474	0.00688	0.00683	0.00749	0.00549	0.00519	0.00767	0.00691	0.00992	0.01180	0.01842	0.01141	0.13716	0.70475	0.00652	0.03150	0.00487	0.00237	0.00375
7	0.01184	0.77314	0.02179	0.00770	0.01131	0.05537	0.00748	0.01371	0.04442	0.01063	0.00661	0.00745	0.00594	0.00386	0.00292	0.00097	0.00476	0.00247	0.00200	0.00563
8	0.17056	0.00621	0.00774	0.03156	0.05096	0.00653	0.02537	0.06833	0.00891	0.04675	0.02915	0.24726	0.02884	0.06830	0.07028	0.11519	0.00422	0.00643	0.00318	0.00425
