[name]
unknown

[dist]
# distance from previous block
# <min> <max>
6	31

[block]
# block no. 0 follows, 63 sequences, length 7
# corresponding to MSA columns:
# 64-70
name=unknown_A
#
# <colnr> <probs for GDERKNQSTAVLIFYWHMCP>
#	G	D	E	R	K	N	Q	S	T	A	V	L	I	F	Y	W	H	M	C	P
0	0.00720	0.00475	0.00634	0.00607	0.00701	0.00456	0.02720	0.00833	0.00905	0.09443	0.18388	0.24221	0.11866	0.16924	0.04062	0.00220	0.02970	0.03093	0.00375	0.00389
1	0.00790	0.00675	0.00867	0.00759	0.00912	0.07393	0.12328	0.00970	0.04454	0.04737	0.07766	0.20816	0.17938	0.08525	0.00658	0.02651	0.00369	0.00727	0.06252	0.00415
2	0.00945	0.00867	0.00790	0.00741	0.00876	0.19739	0.00559	0.05817	0.01007	0.06103	0.08666	0.16961	0.12320	0.03537	0.15447	0.00242	0.04001	0.00624	0.00324	0.00435
3	0.00818	0.00636	0.00685	0.06304	0.00887	0.08710	0.00506	0.02629	0.04013	0.07728	0.07500	0.34356	0.06271	0.09818	0.03821	0.00194	0.00377	0.00775	0.03556	0.00413
4	0.00740	0.00599	0.00628	0.00629	0.00738	0.06124	0.00458	0.01026	0.14194	0.03327	0.14408	0.29120	0.11974	0.07390	0.00609	0.00168	0.00301	0.03471	0.03677	0.00421
5	0.00805	0.03195	0.00725	0.00716	0.06255	0.00581	0.00491	0.09350	0.02804	0.04536	0.12630	0.22162	0.10906	0.07445	0.02520	0.00169	0.00314	0.00704	0.13253	0.00441
6	0.00811	0.00517	0.00620	0.00591	0.00701	0.00524	0.00434	0.08981	0.04251	0.06358	0.11367	0.21155	0.04807	0.10415	0.07883	0.03817	0.00361	0.00672	0.15318	0.00418

[dist]
# distance from previous block
# <min> <max>
0	1

[block]
# block no. 1 follows, 63 sequences, length 80
# corresponding to MSA columns:
# 72-86,88-152
name=unknown_B
#
# <colnr> <probs for GDERKNQSTAVLIFYWHMCP>
#	G	D	E	R	K	N	Q	S	T	A	V	L	I	F	Y	W	H	M	C	P
0	0.03661	0.03822	0.04981	0.00718	0.00907	0.02554	0.02728	0.14094	0.08747	0.01558	0.18370	0.18019	0.11162	0.04366	0.02268	0.00162	0.00354	0.00679	0.00373	0.00477
1	0.00973	0.01717	0.02818	0.00696	0.00868	0.00648	0.01639	0.16150	0.04408	0.12747	0.10919	0.25845	0.06864	0.08715	0.01513	0.01537	0.00342	0.00718	0.00396	0.00486
2	0.01041	0.00685	0.00837	0.07240	0.01040	0.00714	0.00588	0.15685	0.10497	0.13762	0.26275	0.02041	0.06080	0.01880	0.04722	0.00163	0.00364	0.00546	0.05309	0.00532
3	0.03340	0.00606	0.00687	0.00644	0.00773	0.01895	0.01729	0.13304	0.07171	0.02590	0.06571	0.26984	0.07197	0.10450	0.03576	0.00190	0.00343	0.00716	0.10794	0.00440
4	0.01700	0.00856	0.01052	0.00890	0.05981	0.04971	0.00679	0.12362	0.01264	0.56812	0.01407	0.01284	0.00924	0.00491	0.00411	0.00123	0.00395	0.00395	0.01825	0.06176
5	0.56599	0.01211	0.21493	0.00759	0.01110	0.03683	0.00764	0.06176	0.00853	0.01752	0.00683	0.02068	0.00530	0.00415	0.00313	0.00131	0.00421	0.00274	0.00250	0.00512
6	0.00830	0.00795	0.01185	0.68998	0.02544	0.05131	0.01065	0.01145	0.05954	0.01115	0.00910	0.06858	0.00757	0.00492	0.00427	0.00141	0.00535	0.00431	0.00217	0.00472
7	0.01166	0.68464	0.02002	0.06025	0.01224	0.13076	0.00761	0.01306	0.00900	0.01000	0.00604	0.00714	0.00541	0.00374	0.00295	0.00096	0.00500	0.00241	0.00185	0.00528
8	0.00599	0.00406	0.00477	0.00488	0.00496	0.00408	0.00289	0.00618	0.00638	0.00855	0.01423	0.11932	0.01636	0.70107	0.07584	0.00399	0.00439	0.00666	0.00268	0.00273
9	0.00601	0.00450	0.00676	0.00676	0.00751	0.00525	0.00525	0.00751	0.00676	0.00976	0.01126	0.01651	0.01051	0.03153	0.83560	0.00676	0.01126	0.00450	0.00225	0.00375
10	0.02434	0.05511	0.10723	0.02572	0.32861	0.06509	0.06834	0.12189	0.01132	0.13809	0.00928	0.01043	0.00693	0.00419	0.00410	0.00125	0.00515	0.00367	0.00280	0.00644
11	0.00508	0.00426	0.00441	0.00437	0.00575	0.00360	0.00328	0.00625	0.00984	0.01198	0.13056	0.03944	0.73597	0.01042	0.00497	0.00141	0.00211	0.00873	0.00399	0.00360
12	0.00512	0.00366	0.00488	0.00585	0.00610	0.00341	0.00390	0.00585	0.00805	0.01073	0.02317	0.84952	0.02780	0.01317	0.00537	0.00171	0.00244	0.01195	0.00390	0.00341
13	0.59683	0.03003	0.06068	0.00788	0.02010	0.14772	0.05760	0.01324	0.00829	0.01647	0.00626	0.00741	0.00491	0.00395	0.00306	0.00126	0.00446	0.00259	0.00242	0.00483
14	0.00575	0.00423	0.00538	0.00523	0.00619	0.00386	0.00387	0.00749	0.01122	0.01557	0.64767	0.11847	0.13081	0.00932	0.00500	0.00137	0.00205	0.00821	0.00447	0.00386
15	0.01196	0.13833	0.01358	0.10539	0.05214	0.01102	0.03164	0.32068	0.02650	0.01778	0.00845	0.00951	0.00652	0.00414	0.00372	0.00107	0.00440	0.00327	0.00298	0.22694
16	0.00947	0.00881	0.01428	0.38512	0.32808	0.00972	0.02564	0.05750	0.00947	0.01299	0.00773	0.01061	0.00614	0.00412	0.00451	0.00130	0.03817	0.00368	0.00213	0.06054
17	0.08502	0.09361	0.01255	0.00955	0.02916	0.19305	0.00760	0.38107	0.11518	0.01935	0.00938	0.00966	0.00709	0.00471	0.00385	0.00121	0.00500	0.00340	0.00336	0.00620
18	0.01881	0.00724	0.00981	0.00752	0.01077	0.00630	0.00621	0.03483	0.01217	0.81441	0.01647	0.01423	0.01035	0.00520	0.00423	0.00130	0.00360	0.00422	0.00518	0.00715
19	0.02686	0.05064	0.01262	0.01086	0.07756	0.24067	0.00809	0.35286	0.09017	0.07412	0.00977	0.01004	0.00727	0.00474	0.00401	0.00121	0.00526	0.00351	0.00341	0.00632
20	0.00984	0.00861	0.01211	0.01075	0.06042	0.00914	0.15872	0.05195	0.40610	0.03918	0.02994	0.12881	0.04257	0.00638	0.00458	0.00144	0.00402	0.00585	0.00371	0.00591
21	0.01329	0.01560	0.06340	0.01060	0.01245	0.45475	0.00867	0.01491	0.03333	0.06658	0.00749	0.01980	0.00629	0.00540	0.00676	0.00135	0.24862	0.00330	0.00234	0.00507
22	0.01127	0.14411	0.30566	0.01199	0.05165	0.01068	0.15786	0.04122	0.02069	0.14825	0.00908	0.01012	0.00660	0.00427	0.00453	0.00130	0.04846	0.00360	0.00254	0.00612
23	0.00505	0.00426	0.00437	0.00434	0.00573	0.00358	0.00326	0.00619	0.00977	0.01180	0.10607	0.03972	0.76057	0.01048	0.00497	0.00141	0.00212	0.00877	0.00396	0.00358
24	0.01040	0.00999	0.01706	0.02580	0.82604	0.00999	0.01290	0.01290	0.00957	0.01373	0.00791	0.01040	0.00666	0.00375	0.00416	0.00125	0.00499	0.00375	0.00208	0.00666
25	0.01077	0.00999	0.01633	0.08004	0.69393	0.01023	0.01235	0.08908	0.01047	0.01475	0.00809	0.01043	0.00663	0.00390	0.00417	0.00126	0.00500	0.00375	0.00227	0.00657
26	0.03024	0.00729	0.01014	0.00775	0.01102	0.00635	0.02933	0.02017	0.01191	0.79454	0.01621	0.01412	0.01021	0.00514	0.00423	0.00130	0.00367	0.00422	0.00508	0.00708
27	0.00601	0.00447	0.00661	0.00661	0.00730	0.00517	0.00507	0.00741	0.00671	0.00965	0.01140	0.01727	0.01084	0.08818	0.77941	0.00657	0.01076	0.00462	0.00227	0.00367
28	0.00794	0.00747	0.01261	0.84216	0.02895	0.00934	0.01167	0.01074	0.00841	0.01074	0.00747	0.01121	0.00560	0.00420	0.00420	0.00140	0.00560	0.00374	0.00187	0.00467
29	0.01006	0.00906	0.01511	0.29434	0.46979	0.00969	0.02801	0.02866	0.03317	0.04921	0.00847	0.01101	0.00666	0.00404	0.00420	0.00131	0.00512	0.00382	0.00226	0.00601
30	0.00529	0.00385	0.00531	0.00615	0.00650	0.00361	0.01751	0.00613	0.00816	0.01087	0.02288	0.79446	0.02726	0.01293	0.00538	0.00171	0.00259	0.05208	0.00387	0.00348
31	0.01886	0.00715	0.00976	0.00748	0.01073	0.00618	0.00618	0.02049	0.01203	0.82895	0.01658	0.01431	0.01041	0.00520	0.00423	0.00130	0.00358	0.00423	0.00520	0.00715
32	0.00986	0.00930	0.01568	0.07527	0.70152	0.00941	0.01192	0.01219	0.00931	0.01323	0.02639	0.01209	0.00792	0.06185	0.00536	0.00145	0.00490	0.00399	0.00216	0.00619
33	0.00971	0.01718	0.52510	0.01445	0.15950	0.00959	0.08746	0.02947	0.00958	0.06814	0.02542	0.01023	0.00675	0.00411	0.00415	0.00132	0.00578	0.00357	0.00220	0.00628
34	0.00561	0.00512	0.06154	0.00647	0.00723	0.00414	0.00496	0.00702	0.03155	0.01122	0.02187	0.71663	0.02560	0.01223	0.00527	0.00169	0.00281	0.06153	0.00377	0.00373
35	0.00920	0.00920	0.01288	0.01104	0.01104	0.01288	0.00920	0.01012	0.00644	0.01012	0.00552	0.00920	0.00552	0.00736	0.01380	0.00184	0.84457	0.00368	0.00184	0.00460
36	0.00872	0.00747	0.00872	0.00623	0.00996	0.00560	0.00498	0.01058	0.00872	0.01370	0.00747	0.00872	0.00623	0.00311	0.00311	0.00062	0.00311	0.00249	0.00249	0.87796
37	0.01124	0.85479	0.02203	0.00719	0.01079	0.01663	0.00719	0.01259	0.00854	0.00989	0.00584	0.00674	0.00539	0.00360	0.00270	0.00090	0.00450	0.00225	0.00180	0.00539
38	0.01035	0.00993	0.01697	0.04348	0.80878	0.00997	0.01287	0.01285	0.00955	0.01367	0.00790	0.01042	0.00664	0.00376	0.00416	0.00125	0.00501	0.00375	0.00208	0.00662
39	0.01534	0.01935	0.01226	0.01185	0.06854	0.77899	0.00845	0.01652	0.01175	0.01052	0.00659	0.00777	0.00550	0.00429	0.00382	0.00109	0.00740	0.00278	0.00216	0.00500
40	0.00990	0.00968	0.01682	0.07179	0.45014	0.00942	0.17954	0.02336	0.02710	0.01370	0.00869	0.01097	0.01889	0.00381	0.00420	0.00121	0.00512	0.00392	0.00224	0.12950
41	0.02164	0.64522	0.07746	0.00813	0.01163	0.14346	0.00792	0.01326	0.00905	0.01030	0.00606	0.00706	0.00538	0.00379	0.00310	0.00098	0.01595	0.00240	0.00186	0.00535
42	0.01148	0.78907	0.03419	0.00750	0.01105	0.06805	0.00738	0.01286	0.00876	0.00997	0.00591	0.00683	0.00539	0.00365	0.00279	0.00092	0.00472	0.00229	0.00182	0.00537
43	0.00897	0.04525	0.02422	0.00639	0.01016	0.00618	0.00529	0.01086	0.00876	0.02497	0.00753	0.00871	0.00623	0.00318	0.00313	0.00066	0.00324	0.00252	0.00249	0.81129
44	0.01161	0.33155	0.20747	0.01027	0.02754	0.19767	0.06097	0.04127	0.05291	0.01204	0.00733	0.00837	0.00592	0.00401	0.00355	0.00112	0.00570	0.00294	0.00211	0.00563
45	0.01878	0.00728	0.00983	0.00754	0.01079	0.00637	0.00623	0.04208	0.01224	0.80706	0.01641	0.01419	0.01032	0.00520	0.00423	0.00130	0.00361	0.00422	0.00518	0.00715
46	0.01459	0.01086	0.02665	0.00953	0.01270	0.02917	0.04312	0.47118	0.18666	0.11901	0.02504	0.01209	0.00915	0.00516	0.00426	0.00131	0.00439	0.00412	0.00417	0.00686
47	0.01182	0.02863	0.15259	0.04454	0.05174	0.01802	0.30789	0.07708	0.06039	0.16998	0.02816	0.01193	0.00810	0.00434	0.00444	0.00135	0.00555	0.00429	0.00298	0.00617
48	0.00999	0.01043	0.06772	0.12190	0.68052	0.00990	0.01292	0.01267	0.00939	0.01335	0.00783	0.01040	0.00645	0.00382	0.00416	0.00127	0.00514	0.00370	0.00204	0.00639
49	0.00611	0.00408	0.00458	0.00458	0.00458	0.00408	0.00255	0.00611	0.00611	0.00815	0.01325	0.02751	0.01528	0.85226	0.02140	0.00408	0.00408	0.00611	0.00255	0.00255
50	0.01232	0.01061	0.01965	0.01432	0.01813	0.01034	0.50866	0.14248	0.04324	0.14558	0.01033	0.01174	0.00738	0.00420	0.00485	0.00138	0.02095	0.00463	0.00303	0.00616
51	0.01090	0.72220	0.10846	0.00866	0.05334	0.01556	0.00838	0.01268	0.00863	0.01045	0.00613	0.00716	0.00545	0.00365	0.00291	0.00096	0.00471	0.00242	0.00181	0.00555
52	0.00511	0.00372	0.00481	0.00568	0.00605	0.00343	0.00383	0.00587	0.00821	0.01080	0.02525	0.76291	0.11307	0.01290	0.00532	0.00168	0.00241	0.01162	0.00390	0.00343
53	0.57684	0.00969	0.00830	0.04978	0.01048	0.08381	0.00600	0.10795	0.03247	0.01800	0.00680	0.00791	0.00529	0.00436	0.00373	0.00132	0.05687	0.00273	0.00272	0.00496
54	0.01744	0.00809	0.01027	0.00888	0.06214	0.04916	0.00674	0.01980	0.06694	0.66985	0.01563	0.01424	0.01026	0.00518	0.00422	0.00130	0.00386	0.01430	0.00477	0.00693
55	0.01886	0.00715	0.00976	0.00748	0.01073	0.00618	0.00618	0.02049	0.01203	0.82895	0.01658	0.01431	0.01041	0.00520	0.00423	0.00130	0.00358	0.00423	0.00520	0.00715
56	0.00601	0.00450	0.00676	0.00676	0.00751	0.00525	0.00525	0.00751	0.00676	0.00976	0.01126	0.01651	0.01051	0.03153	0.83560	0.00676	0.01126	0.00450	0.00225	0.00375
57	0.00857	0.02094	0.77491	0.01293	0.07339	0.00978	0.01535	0.01328	0.00892	0.01334	0.00757	0.00898	0.00542	0.00398	0.00401	0.00133	0.00613	0.00315	0.00180	0.00624
58	0.00695	0.00454	0.00585	0.00538	0.00660	0.00412	0.00408	0.00882	0.01170	0.08504	0.68465	0.03078	0.10840	0.00849	0.00490	0.00133	0.00213	0.00743	0.00461	0.00420
59	0.00512	0.00366	0.00488	0.00585	0.00610	0.00341	0.00390	0.00585	0.00805	0.01073	0.02317	0.84952	0.02780	0.01317	0.00537	0.00171	0.00244	0.01195	0.00390	0.00341
60	0.01620	0.01192	0.01234	0.00957	0.01285	0.06423	0.00785	0.69749	0.01864	0.09085	0.01040	0.01028	0.00731	0.00501	0.00418	0.00125	0.00473	0.00375	0.00416	0.00701
61	0.01168	0.77147	0.02102	0.00756	0.01101	0.09836	0.00729	0.01301	0.00888	0.00993	0.00591	0.00683	0.00540	0.00367	0.00281	0.00092	0.00480	0.00229	0.00183	0.00534
62	0.01000	0.05098	0.22140	0.00965	0.05940	0.07034	0.02137	0.04715	0.03802	0.03244	0.00804	0.00915	0.00629	0.00372	0.00357	0.00097	0.00456	0.00294	0.00242	0.39758
63	0.00952	0.29466	0.47529	0.05351	0.05202	0.01206	0.01237	0.02374	0.00892	0.01225	0.00703	0.00838	0.00545	0.00388	0.00359	0.00119	0.00554	0.00289	0.00183	0.00590
64	0.01018	0.00960	0.01586	0.03891	0.70505	0.00975	0.01207	0.01339	0.07317	0.01392	0.00936	0.01273	0.00802	0.00431	0.00426	0.00130	0.00482	0.04449	0.00234	0.00648
65	0.00794	0.00747	0.01261	0.84216	0.02895	0.00934	0.01167	0.01074	0.00841	0.01074	0.00747	0.01121	0.00560	0.00420	0.00420	0.00140	0.00560	0.00374	0.00187	0.00467
66	0.00999	0.02806	0.33911	0.01877	0.41312	0.00987	0.05655	0.01343	0.00941	0.05039	0.00816	0.00997	0.00627	0.00390	0.00412	0.00129	0.00552	0.00356	0.00210	0.00643
67	0.00805	0.05021	0.01078	0.12502	0.19510	0.00762	0.02073	0.01111	0.10558	0.01261	0.01602	0.21162	0.03407	0.00793	0.00474	0.00152	0.00401	0.16524	0.00312	0.00493
68	0.00601	0.00450	0.00676	0.00676	0.00751	0.00525	0.00525	0.00751	0.00676	0.00976	0.01126	0.01651	0.01051	0.03153	0.83560	0.00676	0.01126	0.00450	0.00225	0.00375
69	0.01176	0.75743	0.02085	0.00762	0.01105	0.11213	0.00730	0.01308	0.00893	0.00994	0.00592	0.00684	0.00540	0.00368	0.00282	0.00092	0.00486	0.00230	0.00184	0.00533
70	0.00898	0.00843	0.01428	0.58039	0.15007	0.00972	0.08144	0.06171	0.00945	0.01246	0.00799	0.01152	0.00618	0.00423	0.00428	0.00138	0.00555	0.01461	0.00210	0.00521
71	0.00784	0.00392	0.00392	0.00392	0.00490	0.00392	0.00294	0.00980	0.00882	0.01567	0.01371	0.01567	0.01077	0.00490	0.00294	0.00098	0.00196	0.00392	0.87560	0.00392
72	0.88196	0.00813	0.00618	0.00553	0.00813	0.00943	0.00455	0.01236	0.00715	0.01886	0.00585	0.00683	0.00455	0.00390	0.00260	0.00130	0.00325	0.00228	0.00260	0.00455
73	0.00824	0.01984	0.73772	0.01150	0.01713	0.00921	0.01455	0.01279	0.00897	0.01323	0.00920	0.01322	0.00745	0.00485	0.00420	0.00140	0.00595	0.09259	0.00201	0.00595
74	0.00987	0.18891	0.51757	0.01196	0.07161	0.01099	0.05380	0.01360	0.00911	0.06398	0.00784	0.00901	0.00580	0.00395	0.00381	0.00124	0.00566	0.00314	0.00203	0.00611
75	0.00784	0.00392	0.00392	0.00392	0.00490	0.00392	0.00294	0.00980	0.00882	0.01567	0.01371	0.01567	0.01077	0.00490	0.00294	0.00098	0.00196	0.00392	0.87560	0.00392
76	0.00568	0.00395	0.00524	0.00568	0.00625	0.00366	0.00397	0.00687	0.00950	0.02834	0.30972	0.54085	0.03172	0.01138	0.00520	0.00156	0.00230	0.01025	0.00419	0.00368
77	0.01006	0.01073	0.07307	0.04163	0.64364	0.00988	0.09815	0.01282	0.00954	0.01358	0.00835	0.01148	0.00702	0.00398	0.00428	0.00130	0.00528	0.02670	0.00211	0.00640
78	0.01014	0.06283	0.01681	0.12887	0.67295	0.01032	0.01239	0.01261	0.00936	0.01311	0.00772	0.01028	0.00644	0.00379	0.00407	0.00125	0.00504	0.00365	0.00204	0.00633
79	0.01062	0.67032	0.20105	0.00825	0.01243	0.01511	0.00904	0.01275	0.00862	0.01065	0.00622	0.00722	0.00538	0.00368	0.00298	0.00099	0.00488	0.00244	0.00179	0.00558

[dist]
# distance from previous block
# <min> <max>
0	8

[block]
# block no. 2 follows, 63 sequences, length 7
# corresponding to MSA columns:
# 161-167
name=unknown_C
#
# <colnr> <probs for GDERKNQSTAVLIFYWHMCP>
#	G	D	E	R	K	N	Q	S	T	A	V	L	I	F	Y	W	H	M	C	P
0	0.01159	0.78989	0.02124	0.00748	0.01096	0.08029	0.00727	0.01291	0.00880	0.00992	0.00590	0.00681	0.00540	0.00365	0.00278	0.00091	0.00474	0.00228	0.00183	0.00535
1	0.00894	0.00745	0.00867	0.00641	0.00983	0.00595	0.00510	0.06685	0.00961	0.01461	0.04604	0.04865	0.00883	0.00397	0.00338	0.00075	0.00314	0.00325	0.00278	0.73579
2	0.00603	0.00404	0.00461	0.00469	0.00471	0.00402	0.00266	0.00609	0.00627	0.00836	0.01405	0.09433	0.01630	0.78405	0.02009	0.00388	0.00394	0.00659	0.00266	0.00262
3	0.07798	0.00858	0.01063	0.00830	0.01147	0.00851	0.03508	0.19212	0.09860	0.48232	0.01418	0.01290	0.00940	0.00507	0.00414	0.00131	0.00388	0.00407	0.00459	0.00686
4	0.01537	0.01204	0.01311	0.01014	0.01332	0.05358	0.04223	0.69908	0.01830	0.02433	0.00962	0.00998	0.00695	0.00506	0.00469	0.00129	0.04640	0.00378	0.00390	0.00685
5	0.00599	0.00409	0.00455	0.00455	0.00470	0.00402	0.00262	0.00610	0.00648	0.00849	0.01635	0.02888	0.10087	0.76323	0.01966	0.00379	0.00387	0.00641	0.00269	0.00265
6	0.00611	0.00408	0.00458	0.00458	0.00458	0.00408	0.00255	0.00611	0.00611	0.00815	0.01325	0.02751	0.01528	0.85226	0.02140	0.00408	0.00408	0.00611	0.00255	0.00255

[dist]
# distance from previous block
# <min> <max>
0	6

[block]
# block no. 3 follows, 63 sequences, length 7
# corresponding to MSA columns:
# 174-180
name=unknown_D
#
# <colnr> <probs for GDERKNQSTAVLIFYWHMCP>
#	G	D	E	R	K	N	Q	S	T	A	V	L	I	F	Y	W	H	M	C	P
0	0.62399	0.08910	0.00847	0.00626	0.00886	0.04336	0.00517	0.09331	0.00869	0.01780	0.00675	0.00843	0.00558	0.05500	0.00395	0.00142	0.00373	0.00267	0.00267	0.00479
1	0.00611	0.00408	0.00458	0.00458	0.00458	0.00408	0.00255	0.00611	0.00611	0.00815	0.01325	0.02751	0.01528	0.85226	0.02140	0.00408	0.00408	0.00611	0.00255	0.00255
2	0.06795	0.00865	0.01087	0.00923	0.01009	0.04646	0.02975	0.03055	0.00735	0.01126	0.00732	0.01203	0.00722	0.13842	0.03184	0.00209	0.47301	0.00386	0.00216	0.08990
3	0.14236	0.00471	0.00483	0.00473	0.00514	0.00491	0.00286	0.00708	0.00628	0.00982	0.01210	0.02429	0.01361	0.72029	0.01847	0.00364	0.00395	0.00552	0.00256	0.00286
4	0.66302	0.13835	0.00913	0.00610	0.00893	0.01061	0.00522	0.05836	0.00829	0.05150	0.00654	0.00731	0.00507	0.00397	0.00278	0.00124	0.00353	0.00244	0.00268	0.00494
5	0.56966	0.04047	0.05469	0.00793	0.01081	0.16606	0.07102	0.01335	0.00842	0.01619	0.00628	0.00745	0.00493	0.00395	0.00310	0.00126	0.00459	0.00262	0.00241	0.00482
6	0.21986	0.13353	0.29333	0.00943	0.01358	0.08843	0.05032	0.06972	0.00952	0.01484	0.00703	0.00816	0.00539	0.00395	0.00347	0.00120	0.00513	0.00285	0.00225	0.05801

[dist]
# distance from previous block
# <min> <max>
1	7

[block]
# block no. 4 follows, 63 sequences, length 187
# corresponding to MSA columns:
# 188-262,298-338,355-425
name=unknown_E
#
# <colnr> <probs for GDERKNQSTAVLIFYWHMCP>
#	G	D	E	R	K	N	Q	S	T	A	V	L	I	F	Y	W	H	M	C	P
0	0.00982	0.01190	0.12168	0.14699	0.04160	0.02439	0.44644	0.03588	0.00962	0.02906	0.00813	0.01077	0.00615	0.00411	0.00536	0.00142	0.07468	0.00431	0.00214	0.00558
1	0.00969	0.01020	0.01577	0.18997	0.07256	0.07650	0.20427	0.01180	0.00843	0.01145	0.00697	0.01008	0.00584	0.00512	0.00778	0.00150	0.30898	0.00389	0.00198	0.03723
2	0.00895	0.11101	0.62781	0.01228	0.01792	0.01063	0.12775	0.01326	0.00899	0.01296	0.00750	0.00899	0.00548	0.00389	0.00399	0.00130	0.00615	0.00328	0.00183	0.00605
3	0.01098	0.00818	0.00899	0.00795	0.01029	0.00905	0.00622	0.02020	0.60853	0.12683	0.08102	0.01789	0.05293	0.00609	0.00436	0.00140	0.00320	0.00510	0.00441	0.00637
4	0.00946	0.00752	0.00933	0.06450	0.01136	0.00643	0.00585	0.01128	0.00877	0.07840	0.00830	0.02264	0.00680	0.00384	0.00414	0.00084	0.06816	0.00296	0.00264	0.66679
5	0.00932	0.00891	0.01524	0.38114	0.46694	0.00972	0.02431	0.01197	0.00907	0.01243	0.00773	0.01077	0.00620	0.00394	0.00419	0.00132	0.00529	0.00376	0.00199	0.00578
6	0.88196	0.00813	0.00618	0.00553	0.00813	0.00943	0.00455	0.01236	0.00715	0.01886	0.00585	0.00683	0.00455	0.00390	0.00260	0.00130	0.00325	0.00228	0.00260	0.00455
7	0.10717	0.00835	0.00983	0.00769	0.01075	0.02157	0.00629	0.19247	0.01298	0.52184	0.01375	0.01304	0.00920	0.03986	0.00475	0.00140	0.00386	0.00398	0.00456	0.00666
8	0.01404	0.20416	0.01387	0.00971	0.01224	0.53545	0.00773	0.02847	0.11446	0.01138	0.00776	0.00847	0.00639	0.00435	0.00362	0.00109	0.00631	0.00288	0.00238	0.00525
9	0.00524	0.00429	0.00463	0.00462	0.00589	0.00371	0.00344	0.00660	0.02010	0.01246	0.19322	0.09360	0.60681	0.01036	0.00498	0.00142	0.00214	0.00878	0.00405	0.00366
10	0.00655	0.02465	0.00646	0.00610	0.02970	0.03873	0.00442	0.00861	0.03535	0.01531	0.57702	0.06021	0.15396	0.00856	0.00483	0.00133	0.00243	0.00744	0.00424	0.00411
11	0.00655	0.00473	0.00644	0.00726	0.00823	0.00465	0.00622	0.00835	0.00966	0.01255	0.06021	0.06688	0.08489	0.02714	0.00598	0.00190	0.00362	0.66704	0.00388	0.00381
12	0.01125	0.62376	0.14547	0.00829	0.01216	0.09009	0.00854	0.02566	0.00908	0.01078	0.00626	0.00723	0.00543	0.00374	0.00303	0.00098	0.00502	0.00245	0.00188	0.01891
13	0.00531	0.00385	0.00502	0.00578	0.00623	0.00358	0.00402	0.00626	0.00860	0.01143	0.09891	0.64045	0.09262	0.02722	0.00561	0.00171	0.00250	0.06348	0.00394	0.00349
14	0.00871	0.02723	0.00907	0.01919	0.00948	0.00753	0.03239	0.11443	0.08149	0.02491	0.02849	0.02723	0.01121	0.09153	0.26568	0.04120	0.06360	0.05048	0.01775	0.06841
15	0.00641	0.00440	0.00577	0.00537	0.00644	0.00405	0.00405	0.00838	0.01190	0.04605	0.79481	0.03079	0.03861	0.00847	0.00493	0.00132	0.00204	0.00748	0.00465	0.00408
16	0.01185	0.00972	0.01029	0.00884	0.01146	0.01111	0.00699	0.22148	0.61703	0.01983	0.01534	0.01427	0.01140	0.00554	0.00426	0.00138	0.00365	0.00451	0.00426	0.00678
17	0.00512	0.00366	0.00488	0.00585	0.00610	0.00341	0.00390	0.00585	0.00805	0.01073	0.02317	0.84952	0.02780	0.01317	0.00537	0.00171	0.00244	0.01195	0.00390	0.00341
18	0.00847	0.03388	0.81870	0.01191	0.01809	0.00986	0.01541	0.01330	0.00887	0.01326	0.00752	0.00884	0.00533	0.00399	0.00397	0.00132	0.00619	0.00309	0.00178	0.00620
19	0.00877	0.12121	0.73395	0.01141	0.01731	0.01058	0.01454	0.01323	0.00884	0.01290	0.00734	0.00862	0.00533	0.00395	0.00384	0.00128	0.00601	0.00300	0.00178	0.00612
20	0.00515	0.00369	0.00490	0.00586	0.00613	0.00344	0.00394	0.00591	0.00811	0.01077	0.02352	0.82056	0.04268	0.01310	0.00537	0.00171	0.00246	0.02540	0.00390	0.00342
21	0.00601	0.00450	0.00676	0.00676	0.00751	0.00525	0.00525	0.00751	0.00676	0.00976	0.01126	0.01651	0.01051	0.03153	0.83560	0.00676	0.01126	0.00450	0.00225	0.00375
22	0.01527	0.01468	0.01190	0.00993	0.01268	0.34565	0.00783	0.39572	0.08360	0.03268	0.02368	0.00999	0.00755	0.00488	0.00406	0.00120	0.00565	0.00350	0.00341	0.00613
23	0.88196	0.00813	0.00618	0.00553	0.00813	0.00943	0.00455	0.01236	0.00715	0.01886	0.00585	0.00683	0.00455	0.00390	0.00260	0.00130	0.00325	0.00228	0.00260	0.00455
24	0.01480	0.01807	0.01192	0.01120	0.04618	0.68124	0.00819	0.03250	0.09421	0.01149	0.00769	0.00861	0.00626	0.00454	0.00411	0.00115	0.02727	0.00300	0.00241	0.00517
25	0.00611	0.00408	0.00463	0.00461	0.00465	0.00407	0.00261	0.00619	0.00635	0.00851	0.04658	0.02767	0.01629	0.81757	0.02072	0.00396	0.00399	0.00617	0.00263	0.00261
26	0.00553	0.00428	0.00503	0.00484	0.00602	0.00379	0.00363	0.00711	0.01090	0.01449	0.48708	0.03530	0.37789	0.00948	0.00496	0.00136	0.00205	0.00815	0.00432	0.00379
27	0.00847	0.02147	0.80930	0.01213	0.01829	0.00979	0.03644	0.01332	0.00890	0.01332	0.00757	0.00894	0.00535	0.00398	0.00402	0.00133	0.00624	0.00316	0.00178	0.00620
28	0.00511	0.00427	0.00446	0.00447	0.00582	0.00362	0.00338	0.00628	0.00977	0.01188	0.11227	0.05049	0.72014	0.01052	0.00500	0.00143	0.00217	0.03135	0.00397	0.00359
29	0.01017	0.00848	0.00908	0.00817	0.01043	0.00966	0.00635	0.02074	0.71332	0.03711	0.09284	0.01743	0.02548	0.00602	0.00435	0.00141	0.00319	0.00506	0.00433	0.00638
30	0.00802	0.00758	0.01263	0.78998	0.02783	0.00956	0.01152	0.01070	0.00828	0.01070	0.00735	0.01108	0.00560	0.00440	0.00481	0.00143	0.05827	0.00373	0.00187	0.00467
31	0.01549	0.01942	0.01195	0.01099	0.02665	0.78656	0.00816	0.03933	0.01203	0.01080	0.00669	0.00782	0.00556	0.00472	0.01521	0.00117	0.00750	0.00278	0.00222	0.00495
32	0.01040	0.00999	0.01706	0.02580	0.82604	0.00999	0.01290	0.01290	0.00957	0.01373	0.00791	0.01040	0.00666	0.00375	0.00416	0.00125	0.00499	0.00375	0.00208	0.00666
33	0.00894	0.00723	0.00854	0.00626	0.00977	0.00550	0.00497	0.01073	0.00882	0.04860	0.00879	0.05846	0.00768	0.00380	0.00329	0.00072	0.00309	0.00312	0.00269	0.78900
34	0.00590	0.00430	0.00555	0.00524	0.00625	0.00395	0.00393	0.00784	0.01179	0.01659	0.78585	0.03184	0.07780	0.00869	0.00496	0.00133	0.00199	0.00766	0.00459	0.00395
35	0.00655	0.00467	0.00590	0.00631	0.00741	0.00443	0.00507	0.00839	0.03852	0.04495	0.09093	0.18862	0.23308	0.01094	0.00532	0.00167	0.00298	0.32631	0.00401	0.00394
36	0.01023	0.00981	0.01674	0.08489	0.76834	0.00994	0.01281	0.01274	0.00949	0.01352	0.00788	0.01046	0.00658	0.00378	0.00416	0.00126	0.00504	0.00374	0.00207	0.00651
37	0.01182	0.00772	0.00981	0.00729	0.01081	0.00644	0.04033	0.02412	0.07187	0.24189	0.01083	0.01094	0.00792	0.00394	0.00361	0.00092	0.00345	0.00327	0.00339	0.51961
38	0.01819	0.00730	0.00974	0.00755	0.01073	0.00650	0.00621	0.03410	0.05606	0.76092	0.02646	0.01452	0.01084	0.00527	0.00424	0.00131	0.00356	0.00429	0.00513	0.00709
39	0.01269	0.01002	0.01399	0.01621	0.35859	0.01040	0.02067	0.28081	0.02341	0.08553	0.00970	0.02972	0.00762	0.00466	0.00457	0.00126	0.04115	0.00393	0.00314	0.06194
40	0.88196	0.00813	0.00618	0.00553	0.00813	0.00943	0.00455	0.01236	0.00715	0.01886	0.00585	0.00683	0.00455	0.00390	0.00260	0.00130	0.00325	0.00228	0.00260	0.00455
41	0.01038	0.00895	0.00944	0.00850	0.01085	0.01034	0.00661	0.02208	0.80426	0.01757	0.03130	0.01596	0.01330	0.00575	0.00429	0.00142	0.00330	0.00480	0.00428	0.00661
42	0.00794	0.00747	0.01261	0.84216	0.02895	0.00934	0.01167	0.01074	0.00841	0.01074	0.00747	0.01121	0.00560	0.00420	0.00420	0.00140	0.00560	0.00374	0.00187	0.00467
43	0.01014	0.00986	0.01724	0.09923	0.69390	0.00998	0.07219	0.01275	0.00949	0.01344	0.00791	0.01055	0.00654	0.00377	0.00422	0.00127	0.00521	0.00384	0.00206	0.00640
44	0.00784	0.00392	0.00392	0.00392	0.00490	0.00392	0.00294	0.00980	0.00882	0.01567	0.01371	0.01567	0.01077	0.00490	0.00294	0.00098	0.00196	0.00392	0.87560	0.00392
45	0.01570	0.02004	0.01191	0.01083	0.01300	0.83539	0.00812	0.01679	0.01191	0.01029	0.00650	0.00758	0.00541	0.00433	0.00379	0.00108	0.00758	0.00271	0.00217	0.00487
46	0.00784	0.00392	0.00392	0.00392	0.00490	0.00392	0.00294	0.00980	0.00882	0.01567	0.01371	0.01567	0.01077	0.00490	0.00294	0.00098	0.00196	0.00392	0.87560	0.00392
47	0.00794	0.00747	0.01261	0.84216	0.02895	0.00934	0.01167	0.01074	0.00841	0.01074	0.00747	0.01121	0.00560	0.00420	0.00420	0.00140	0.00560	0.00374	0.00187	0.00467
48	0.00986	0.01154	0.04740	0.01747	0.03512	0.01050	0.75898	0.01340	0.00986	0.01347	0.00845	0.01120	0.00635	0.00355	0.00488	0.00140	0.00695	0.00484	0.00212	0.02267
49	0.00843	0.02174	0.83048	0.01198	0.01819	0.00976	0.01553	0.01331	0.00888	0.01331	0.00754	0.00888	0.00533	0.00399	0.00399	0.00133	0.00621	0.00311	0.00178	0.00621
50	0.00623	0.00447	0.00607	0.00693	0.00768	0.00437	0.00565	0.00773	0.00912	0.01192	0.03719	0.25317	0.05408	0.05248	0.00640	0.00195	0.00341	0.51363	0.00383	0.00368
51	0.00649	0.00540	0.00806	0.00716	0.02688	0.00502	0.10062	0.00881	0.03529	0.01545	0.54837	0.02962	0.16997	0.00815	0.00492	0.00135	0.00273	0.00733	0.00413	0.00424
52	0.01078	0.00905	0.00959	0.00856	0.01098	0.01042	0.00668	0.04144	0.78070	0.03630	0.01693	0.01552	0.01264	0.00568	0.00427	0.00142	0.00336	0.00472	0.00430	0.00668
53	0.00827	0.00782	0.01313	0.69674	0.14389	0.00940	0.01168	0.01097	0.00856	0.01117	0.00805	0.01151	0.01854	0.00429	0.00437	0.00139	0.01953	0.00382	0.00193	0.00494
54	0.01421	0.01680	0.01367	0.03052	0.01430	0.55330	0.10957	0.09205	0.02293	0.01234	0.00718	0.00863	0.00582	0.00457	0.00483	0.00122	0.07730	0.00323	0.00235	0.00519
55	0.00514	0.00366	0.00487	0.00584	0.00608	0.00342	0.00388	0.00586	0.00802	0.01070	0.02303	0.83817	0.02763	0.02476	0.00559	0.00174	0.00246	0.01187	0.00388	0.00340
56	0.88196	0.00813	0.00618	0.00553	0.00813	0.00943	0.00455	0.01236	0.00715	0.01886	0.00585	0.00683	0.00455	0.00390	0.00260	0.00130	0.00325	0.00228	0.00260	0.00455
57	0.03936	0.01013	0.00940	0.00723	0.01061	0.16996	0.00569	0.04002	0.00968	0.01365	0.00732	0.00848	0.00604	0.00345	0.00327	0.00076	0.00405	0.00257	0.00249	0.64583
58	0.83331	0.00855	0.00644	0.00577	0.00836	0.03689	0.00472	0.01273	0.02580	0.01855	0.00613	0.00706	0.00477	0.00396	0.00268	0.00130	0.00340	0.00235	0.00263	0.00461
59	0.00794	0.00747	0.01261	0.84216	0.02895	0.00934	0.01167	0.01074	0.00841	0.01074	0.00747	0.01121	0.00560	0.00420	0.00420	0.00140	0.00560	0.00374	0.00187	0.00467
60	0.00612	0.00412	0.00475	0.00479	0.00488	0.00414	0.00283	0.00627	0.00633	0.00844	0.01394	0.02810	0.02644	0.77646	0.05012	0.00405	0.00430	0.03865	0.00261	0.00266
61	0.00991	0.01121	0.02400	0.01725	0.02131	0.01071	0.76224	0.01356	0.02940	0.01344	0.00861	0.01137	0.00650	0.00373	0.00526	0.00143	0.03734	0.00491	0.00217	0.00565
62	0.00675	0.00483	0.00675	0.00768	0.00865	0.00482	0.00671	0.00869	0.00973	0.01268	0.04169	0.04703	0.02457	0.01154	0.00579	0.00192	0.00383	0.77859	0.00389	0.00387
63	0.00696	0.00532	0.00660	0.00704	0.00829	0.00537	0.00589	0.01991	0.11427	0.01302	0.02551	0.04080	0.19255	0.03460	0.00586	0.00181	0.00345	0.49470	0.00390	0.00417
64	0.00992	0.01134	0.02481	0.01772	0.02197	0.01063	0.81077	0.01347	0.00992	0.01347	0.00850	0.01134	0.00638	0.00354	0.00496	0.00142	0.00709	0.00496	0.00213	0.00567
65	0.00989	0.01158	0.04317	0.01759	0.02188	0.01061	0.79265	0.01346	0.00990	0.01346	0.00848	0.01128	0.00635	0.00355	0.00494	0.00142	0.00707	0.00492	0.00212	0.00568
66	0.01143	0.02625	0.01044	0.00884	0.01140	0.04646	0.01940	0.12566	0.61964	0.02787	0.01531	0.02417	0.01158	0.00553	0.00422	0.00137	0.00375	0.00454	0.00408	0.01804
67	0.00589	0.00429	0.00554	0.00523	0.00624	0.00394	0.00392	0.00782	0.01176	0.01652	0.77618	0.03195	0.08752	0.00872	0.00496	0.00133	0.00199	0.00768	0.00458	0.00394
68	0.00784	0.00392	0.00392	0.00392	0.00490	0.00392	0.00294	0.00980	0.00882	0.01567	0.01371	0.01567	0.01077	0.00490	0.00294	0.00098	0.00196	0.00392	0.87560	0.00392
69	0.01244	0.64207	0.01965	0.00782	0.01136	0.01573	0.00739	0.21431	0.01137	0.01408	0.00692	0.00759	0.00584	0.00396	0.00308	0.00099	0.00453	0.00264	0.00241	0.00584
70	0.00847	0.02150	0.81344	0.01227	0.03512	0.00977	0.01548	0.01330	0.00889	0.01332	0.00755	0.00891	0.00535	0.00399	0.00400	0.00133	0.00619	0.00312	0.00178	0.00622
71	0.00784	0.00392	0.00392	0.00392	0.00490	0.00392	0.00294	0.00980	0.00882	0.01567	0.01371	0.01567	0.01077	0.00490	0.00294	0.00098	0.00196	0.00392	0.87560	0.00392
72	0.00872	0.00747	0.00872	0.00623	0.00996	0.00560	0.00498	0.01058	0.00872	0.01370	0.00747	0.00872	0.00623	0.00311	0.00311	0.00062	0.00311	0.00249	0.00249	0.87796
73	0.01570	0.02004	0.01191	0.01083	0.01300	0.83539	0.00812	0.01679	0.01191	0.01029	0.00650	0.00758	0.00541	0.00433	0.00379	0.00108	0.00758	0.00271	0.00217	0.00487
74	0.00585	0.00429	0.00548	0.00519	0.00622	0.00393	0.00389	0.00774	0.01167	0.01631	0.74624	0.03230	0.11758	0.00880	0.00496	0.00133	0.00200	0.00773	0.00456	0.00393
75	0.01026	0.00951	0.02846	0.05240	0.66329	0.00932	0.02575	0.01273	0.00968	0.04710	0.02475	0.01356	0.01763	0.00447	0.00430	0.00131	0.00486	0.05195	0.00237	0.00633
76	0.00562	0.00399	0.00519	0.03059	0.00653	0.00392	0.00395	0.00629	0.00755	0.01006	0.01940	0.51250	0.02277	0.25864	0.03378	0.00255	0.00335	0.05667	0.00340	0.00324
77	0.00621	0.00498	0.02261	0.00625	0.02570	0.00441	0.02847	0.00829	0.01170	0.01654	0.75418	0.03000	0.04794	0.00827	0.00492	0.00132	0.00229	0.00736	0.00443	0.00412
78	0.01456	0.01814	0.03593	0.01046	0.01279	0.66496	0.00808	0.01766	0.15435	0.01167	0.00840	0.00905	0.00672	0.00456	0.00388	0.00115	0.00679	0.00308	0.00253	0.00523
79	0.00843	0.02174	0.83048	0.01198	0.01819	0.00976	0.01553	0.01331	0.00888	0.01331	0.00754	0.00888	0.00533	0.00399	0.00399	0.00133	0.00621	0.00311	0.00178	0.00621
80	0.00873	0.07332	0.76646	0.01165	0.01765	0.01024	0.01489	0.02675	0.00904	0.01332	0.00748	0.00876	0.00536	0.00399	0.00392	0.00130	0.00608	0.00306	0.00182	0.00618
81	0.00835	0.04251	0.01306	0.75588	0.03818	0.00983	0.01135	0.03190	0.00868	0.01115	0.00743	0.01094	0.00565	0.00427	0.00436	0.00138	0.02469	0.00367	0.00193	0.00479
82	0.02768	0.00656	0.00745	0.00711	0.00858	0.01956	0.01941	0.01323	0.32547	0.01459	0.13327	0.23836	0.10439	0.00866	0.00495	0.00150	0.02215	0.02820	0.00401	0.00490
83	0.00528	0.00391	0.00518	0.00601	0.00628	0.00381	0.00409	0.00604	0.00804	0.01073	0.02319	0.78381	0.05755	0.01283	0.00570	0.00170	0.03706	0.01149	0.00382	0.00347
84	0.00843	0.02174	0.83048	0.01198	0.01819	0.00976	0.01553	0.01331	0.00888	0.01331	0.00754	0.00888	0.00533	0.00399	0.00399	0.00133	0.00621	0.00311	0.00178	0.00621
85	0.00601	0.00439	0.00537	0.00531	0.00644	0.00397	0.00408	0.00761	0.01067	0.03275	0.42028	0.06018	0.28778	0.02549	0.00537	0.00149	0.00234	0.10238	0.00426	0.00385
86	0.00851	0.02126	0.79703	0.01255	0.05142	0.00977	0.01542	0.01330	0.00890	0.01333	0.00756	0.00894	0.00538	0.00398	0.00400	0.00133	0.00616	0.00313	0.00179	0.00623
87	0.00552	0.00428	0.00503	0.00484	0.00602	0.00378	0.00363	0.00710	0.01089	0.01446	0.48306	0.03535	0.38192	0.00949	0.00496	0.00136	0.00205	0.00816	0.00431	0.00378
88	0.00843	0.02174	0.83048	0.01198	0.01819	0.00976	0.01553	0.01331	0.00888	0.01331	0.00754	0.00888	0.00533	0.00399	0.00399	0.00133	0.00621	0.00311	0.00178	0.00621
89	0.00986	0.00752	0.01074	0.00811	0.01129	0.00639	0.12840	0.02224	0.03899	0.12567	0.09558	0.02584	0.05611	0.00488	0.00399	0.00103	0.00365	0.02237	0.00324	0.41410
90	0.88196	0.00813	0.00618	0.00553	0.00813	0.00943	0.00455	0.01236	0.00715	0.01886	0.00585	0.00683	0.00455	0.00390	0.00260	0.00130	0.00325	0.00228	0.00260	0.00455
91	0.00799	0.00506	0.00704	0.00763	0.00883	0.00494	0.00661	0.00989	0.01000	0.09660	0.05049	0.04344	0.02333	0.01085	0.00561	0.00185	0.00377	0.68783	0.00403	0.00421
92	0.00748	0.00608	0.02834	0.02368	0.08891	0.00534	0.03032	0.00959	0.02085	0.05320	0.45397	0.02502	0.09144	0.04187	0.00529	0.00137	0.00292	0.00628	0.00384	0.09423
93	0.01125	0.82928	0.03642	0.00732	0.01095	0.02686	0.00735	0.01265	0.00859	0.00996	0.00588	0.00679	0.00539	0.00361	0.00273	0.00091	0.00457	0.00227	0.00180	0.00540
94	0.76718	0.00954	0.02882	0.02029	0.00918	0.08255	0.00528	0.01275	0.00764	0.01782	0.00598	0.00702	0.00467	0.00395	0.00277	0.00128	0.00375	0.00236	0.00253	0.00463
95	0.00976	0.01089	0.02258	0.01668	0.03425	0.01089	0.66157	0.01286	0.00933	0.01290	0.00807	0.01106	0.00631	0.00452	0.01762	0.00155	0.13685	0.00473	0.00208	0.00550
96	0.00859	0.01920	0.67027	0.01369	0.12489	0.00955	0.03288	0.01296	0.00896	0.01327	0.00826	0.04371	0.00645	0.00433	0.00409	0.00134	0.00592	0.00360	0.00191	0.00614
97	0.00952	0.00826	0.02407	0.00777	0.01001	0.00886	0.01615	0.08603	0.50779	0.01694	0.08470	0.02070	0.15263	0.02155	0.00475	0.00145	0.00324	0.00559	0.00413	0.00586
98	0.00939	0.00898	0.01479	0.35598	0.45795	0.02343	0.01202	0.01210	0.02034	0.01259	0.02762	0.01126	0.00710	0.00409	0.00419	0.00131	0.00519	0.00383	0.00209	0.00576
99	0.00597	0.00402	0.00463	0.00477	0.00480	0.00398	0.00274	0.00608	0.00639	0.00852	0.01467	0.14576	0.01708	0.73156	0.01909	0.00373	0.00384	0.00695	0.00274	0.00267
100	0.00869	0.00743	0.00843	0.11658	0.01154	0.03233	0.00620	0.06632	0.28898	0.01566	0.19910	0.02156	0.13651	0.02062	0.00474	0.00139	0.00336	0.00567	0.00381	0.04108
101	0.19761	0.00802	0.04281	0.00729	0.01053	0.00709	0.00625	0.02929	0.01099	0.61625	0.01390	0.01247	0.00894	0.00488	0.00388	0.00130	0.00363	0.00377	0.00451	0.00658
102	0.00855	0.05601	0.79723	0.01178	0.01789	0.01005	0.01519	0.01328	0.00886	0.01317	0.00747	0.00879	0.00533	0.00398	0.00394	0.00131	0.00614	0.00307	0.00178	0.00618
103	0.88196	0.00813	0.00618	0.00553	0.00813	0.00943	0.00455	0.01236	0.00715	0.01886	0.00585	0.00683	0.00455	0.00390	0.00260	0.00130	0.00325	0.00228	0.00260	0.00455
104	0.00843	0.02174	0.83048	0.01198	0.01819	0.00976	0.01553	0.01331	0.00888	0.01331	0.00754	0.00888	0.00533	0.00399	0.00399	0.00133	0.00621	0.00311	0.00178	0.00621
105	0.00893	0.00760	0.00883	0.00633	0.01005	0.00583	0.00507	0.03451	0.00905	0.01408	0.00755	0.00876	0.00625	0.00317	0.00315	0.00064	0.00316	0.00253	0.00254	0.85196
106	0.00920	0.00920	0.01288	0.01104	0.01104	0.01288	0.00920	0.01012	0.00644	0.01012	0.00552	0.00920	0.00552	0.00736	0.01380	0.00184	0.84457	0.00368	0.00184	0.00460
107	0.00555	0.00428	0.00515	0.00558	0.00655	0.00392	0.00424	0.00694	0.02265	0.01198	0.09753	0.27981	0.34972	0.01133	0.00524	0.00160	0.00258	0.16773	0.00396	0.00366
108	0.01124	0.85479	0.02203	0.00719	0.01079	0.01663	0.00719	0.01259	0.00854	0.00989	0.00584	0.00674	0.00539	0.00360	0.00270	0.00090	0.00450	0.00225	0.00180	0.00539
109	0.88196	0.00813	0.00618	0.00553	0.00813	0.00943	0.00455	0.01236	0.00715	0.01886	0.00585	0.00683	0.00455	0.00390	0.00260	0.00130	0.00325	0.00228	0.00260	0.00455
110	0.00947	0.32989	0.53144	0.01021	0.01546	0.01230	0.01245	0.01304	0.00875	0.01205	0.00692	0.00809	0.00535	0.00385	0.00351	0.00117	0.00558	0.00279	0.00178	0.00591
111	0.00902	0.00746	0.00875	0.00626	0.00999	0.00562	0.00502	0.01088	0.00882	0.03821	0.00775	0.00889	0.00635	0.00318	0.00315	0.00064	0.00313	0.00254	0.00257	0.85178
112	0.88196	0.00813	0.00618	0.00553	0.00813	0.00943	0.00455	0.01236	0.00715	0.01886	0.00585	0.00683	0.00455	0.00390	0.00260	0.00130	0.00325	0.00228	0.00260	0.00455
113	0.01133	0.83855	0.02183	0.00726	0.01083	0.03256	0.00721	0.01267	0.00861	0.00990	0.00586	0.00676	0.00540	0.00361	0.00272	0.00090	0.00456	0.00226	0.00181	0.00538
114	0.00512	0.00366	0.00488	0.00585	0.00610	0.00341	0.00390	0.00585	0.00805	0.01073	0.02317	0.84952	0.02780	0.01317	0.00537	0.00171	0.00244	0.01195	0.00390	0.00341
115	0.00524	0.00434	0.00469	0.00479	0.01710	0.00373	0.00350	0.00644	0.00981	0.01211	0.15230	0.05134	0.65643	0.02950	0.00535	0.00148	0.00223	0.02205	0.00395	0.00363
116	0.00533	0.00397	0.00481	0.00531	0.00593	0.00363	0.00368	0.00622	0.00860	0.01114	0.08816	0.43384	0.24385	0.11199	0.00715	0.00189	0.00258	0.04470	0.00380	0.00341
117	0.00961	0.00894	0.01510	0.16537	0.54590	0.00927	0.03538	0.01207	0.00956	0.02744	0.08093	0.01289	0.02077	0.00445	0.00450	0.00130	0.02401	0.00420	0.00234	0.00596
118	0.00522	0.00421	0.00456	0.00458	0.00575	0.00364	0.00334	0.00636	0.00967	0.01208	0.17599	0.09778	0.58083	0.05999	0.00596	0.00158	0.00224	0.00871	0.00395	0.00355
119	0.00931	0.00892	0.01497	0.26473	0.40993	0.02210	0.07438	0.01196	0.02062	0.01265	0.00904	0.04727	0.00781	0.00460	0.00448	0.00135	0.02160	0.02389	0.02473	0.00565
120	0.01072	0.00934	0.01173	0.00984	0.01253	0.01039	0.12085	0.03316	0.66663	0.04202	0.01576	0.01494	0.01175	0.00537	0.00437	0.00142	0.00389	0.00475	0.00400	0.00654
121	0.00854	0.02275	0.12479	0.01144	0.01445	0.00796	0.30340	0.03251	0.04431	0.03535	0.05982	0.15744	0.05500	0.00693	0.00489	0.00149	0.00494	0.09589	0.00302	0.00508
122	0.00870	0.00753	0.00919	0.08116	0.02266	0.00608	0.00572	0.01084	0.02324	0.01350	0.00765	0.00909	0.00630	0.00327	0.00325	0.00071	0.00336	0.00266	0.00246	0.77263
123	0.00920	0.00920	0.01288	0.01104	0.01104	0.01288	0.00920	0.01012	0.00644	0.01012	0.00552	0.00920	0.00552	0.00736	0.01380	0.00184	0.84457	0.00368	0.00184	0.00460
124	0.00989	0.00895	0.04189	0.03314	0.09147	0.01936	0.02893	0.08059	0.04773	0.03472	0.00864	0.02219	0.00701	0.00382	0.00370	0.00090	0.01525	0.00316	0.00270	0.53596
125	0.00680	0.00579	0.00849	0.21324	0.01296	0.00606	0.05042	0.01945	0.03570	0.01415	0.37952	0.02584	0.17533	0.00746	0.00490	0.00138	0.01808	0.00653	0.00360	0.00429
126	0.00611	0.00409	0.00465	0.00465	0.00468	0.00411	0.00263	0.00616	0.00613	0.00820	0.01318	0.02716	0.01513	0.82619	0.04727	0.00416	0.00430	0.00606	0.00254	0.00259
127	0.00868	0.01912	0.66005	0.01186	0.01731	0.00979	0.06801	0.01403	0.09205	0.01365	0.00892	0.02923	0.00669	0.00440	0.00427	0.00136	0.01871	0.00361	0.00211	0.00613
128	0.00794	0.00747	0.01261	0.84216	0.02895	0.00934	0.01167	0.01074	0.00841	0.01074	0.00747	0.01121	0.00560	0.00420	0.00420	0.00140	0.00560	0.00374	0.00187	0.00467
129	0.00822	0.00766	0.01243	0.38514	0.28517	0.00844	0.01032	0.01059	0.00916	0.01221	0.06798	0.01638	0.12314	0.00531	0.00452	0.00136	0.01974	0.00472	0.00241	0.00512
130	0.82012	0.01976	0.02215	0.00592	0.00863	0.01955	0.01549	0.01256	0.00737	0.02969	0.00608	0.00704	0.00469	0.00392	0.00270	0.00129	0.00343	0.00236	0.00260	0.00465
131	0.01138	0.80467	0.02144	0.00741	0.01088	0.05024	0.00727	0.01271	0.00864	0.00991	0.00587	0.00682	0.00540	0.00370	0.00295	0.00092	0.02031	0.00229	0.00181	0.00536
132	0.01124	0.85479	0.02203	0.00719	0.01079	0.01663	0.00719	0.01259	0.00854	0.00989	0.00584	0.00674	0.00539	0.00360	0.00270	0.00090	0.00450	0.00225	0.00180	0.00539
133	0.00512	0.00366	0.00488	0.00585	0.00610	0.00341	0.00390	0.00585	0.00805	0.01073	0.02317	0.84952	0.02780	0.01317	0.00537	0.00171	0.00244	0.01195	0.00390	0.00341
134	0.00601	0.00449	0.00668	0.00668	0.00741	0.00522	0.00516	0.00746	0.00673	0.00971	0.01133	0.01688	0.01067	0.05874	0.80861	0.00667	0.01102	0.00456	0.00226	0.00371
135	0.01057	0.00901	0.00951	0.00854	0.01093	0.01040	0.00665	0.02231	0.80781	0.02829	0.01710	0.01567	0.01280	0.00570	0.00428	0.00142	0.00333	0.00475	0.00429	0.00666
