[name]
unknown

[dist]
# distance from previous block
# <min> <max>
0	129

[block]
# block no. 0 follows, 62 sequences, length 17
# corresponding to MSA columns:
# 137-153
name=unknown_A
#
# <colnr> <probs for GDERKNQSTAVLIFYWHMCP>
#	G	D	E	R	K	N	Q	S	T	A	V	L	I	F	Y	W	H	M	C	P
0	0.00970	0.00859	0.03029	0.00737	0.01076	0.04371	0.03753	0.07817	0.01029	0.03874	0.04528	0.01352	0.05151	0.00448	0.00370	0.00091	0.00367	0.03754	0.00293	0.56130
1	0.01179	0.08042	0.31295	0.01161	0.05198	0.13591	0.06001	0.16148	0.04676	0.04211	0.01937	0.03009	0.00737	0.00462	0.00408	0.00128	0.00571	0.00367	0.00266	0.00613
2	0.01036	0.00801	0.02410	0.00803	0.03627	0.04550	0.02135	0.19134	0.06736	0.08932	0.11434	0.11686	0.16783	0.01949	0.00498	0.00143	0.01405	0.02208	0.03203	0.00526
3	0.01313	0.00646	0.00829	0.00701	0.00931	0.00594	0.00550	0.06009	0.05722	0.40936	0.11155	0.19475	0.03865	0.00746	0.00458	0.00138	0.00317	0.00639	0.00465	0.04510
4	0.01004	0.06171	0.10561	0.06617	0.42329	0.06668	0.02211	0.02848	0.03586	0.01355	0.05423	0.04461	0.03958	0.00486	0.00422	0.00129	0.00497	0.00433	0.00244	0.00597
5	0.02376	0.22649	0.22821	0.01060	0.03586	0.20230	0.03353	0.04758	0.08261	0.02348	0.00799	0.00898	0.00632	0.00436	0.00414	0.00121	0.04141	0.00311	0.00230	0.00576
6	0.01749	0.00790	0.00975	0.00768	0.01076	0.04054	0.00626	0.05144	0.06052	0.66291	0.03048	0.01559	0.04740	0.00556	0.00431	0.00132	0.00372	0.00450	0.00498	0.00690
7	0.00596	0.00435	0.00561	0.00529	0.00632	0.00399	0.00397	0.00791	0.01190	0.01673	0.77506	0.03233	0.08697	0.00882	0.00502	0.00134	0.00202	0.00777	0.00464	0.00399
8	0.00527	0.00374	0.00491	0.00581	0.00604	0.00351	0.00383	0.00595	0.00798	0.01063	0.02258	0.77630	0.02704	0.08622	0.00684	0.00194	0.00261	0.01158	0.00383	0.00338
9	0.02189	0.00691	0.01100	0.01317	0.26593	0.00673	0.07530	0.01026	0.03142	0.01475	0.31180	0.10859	0.06053	0.00726	0.00478	0.00139	0.00359	0.03619	0.00347	0.00502
10	0.02127	0.01086	0.10109	0.07960	0.30067	0.02037	0.02560	0.08100	0.00981	0.01420	0.02353	0.01030	0.00690	0.00459	0.00570	0.00130	0.14625	0.00360	0.00232	0.13105
11	0.01466	0.01116	0.01191	0.00948	0.01262	0.01249	0.00772	0.59596	0.23625	0.02437	0.01214	0.01175	0.00880	0.00529	0.00428	0.00132	0.00433	0.00410	0.00428	0.00710
12	0.01089	0.02747	0.12163	0.01032	0.05320	0.03200	0.07939	0.19365	0.17049	0.04129	0.07843	0.03236	0.08302	0.00584	0.00457	0.00135	0.01982	0.00491	0.02339	0.00598
13	0.01205	0.20773	0.09617	0.02094	0.08937	0.09485	0.00849	0.16586	0.04643	0.03999	0.00834	0.00920	0.00656	0.00411	0.00362	0.00106	0.00478	0.00309	0.00270	0.17465
14	0.00668	0.00519	0.00567	0.00594	0.00687	0.04158	0.00426	0.03345	0.03224	0.03262	0.06062	0.43262	0.21622	0.04202	0.00569	0.00166	0.00283	0.03347	0.02651	0.00388
15	0.01126	0.03505	0.01030	0.00744	0.01098	0.03146	0.00603	0.18874	0.06222	0.04988	0.00906	0.00971	0.00705	0.00388	0.00352	0.00087	0.00369	0.00302	0.00310	0.54274
16	0.01121	0.04443	0.15412	0.00927	0.04774	0.05001	0.02266	0.11956	0.05426	0.14522	0.03722	0.14320	0.02010	0.03372	0.01718	0.00149	0.00441	0.00522	0.03028	0.04869

[dist]
# distance from previous block
# <min> <max>
0	1

[block]
# block no. 1 follows, 62 sequences, length 10
# corresponding to MSA columns:
# 155-160,168-171
name=unknown_B
#
# <colnr> <probs for GDERKNQSTAVLIFYWHMCP>
#	G	D	E	R	K	N	Q	S	T	A	V	L	I	F	Y	W	H	M	C	P
0	0.01102	0.00976	0.03038	0.04043	0.14536	0.02559	0.00824	0.06074	0.54029	0.04193	0.01474	0.01482	0.01124	0.00540	0.00432	0.00140	0.00396	0.01997	0.00380	0.00661
1	0.00936	0.02690	0.12506	0.00754	0.01118	0.00720	0.00686	0.04826	0.09847	0.03973	0.04635	0.05428	0.00971	0.00450	0.00368	0.00097	0.00364	0.00370	0.00294	0.48967
2	0.00795	0.00700	0.00959	0.03574	0.12326	0.00698	0.06914	0.02670	0.17348	0.01458	0.14873	0.02484	0.27428	0.00723	0.00463	0.00136	0.00336	0.00633	0.02336	0.03146
3	0.00592	0.00435	0.00555	0.00525	0.00630	0.00397	0.00394	0.00784	0.01181	0.01650	0.74285	0.03271	0.11932	0.00891	0.00502	0.00135	0.00202	0.00783	0.00461	0.00397
4	0.01080	0.01036	0.06583	0.08510	0.31160	0.00998	0.11855	0.12779	0.07136	0.03853	0.02810	0.03962	0.00876	0.00473	0.00452	0.00134	0.01955	0.00438	0.03292	0.00619
5	0.88052	0.00823	0.00625	0.00560	0.00823	0.00955	0.00461	0.01251	0.00724	0.01909	0.00592	0.00691	0.00461	0.00395	0.00263	0.00132	0.00329	0.00230	0.00263	0.00461
6	0.00609	0.00453	0.00670	0.00670	0.00741	0.00524	0.00515	0.00751	0.00680	0.00978	0.01152	0.01741	0.01094	0.08263	0.78329	0.00667	0.01095	0.00466	0.00230	0.00372
7	0.01217	0.64709	0.05641	0.00819	0.01171	0.14256	0.00784	0.05128	0.00973	0.01103	0.00630	0.00721	0.00554	0.00384	0.00303	0.00098	0.00512	0.00246	0.00199	0.00550
8	0.00718	0.00484	0.05237	0.00571	0.00607	0.00415	0.00412	0.00615	0.00589	0.00794	0.00880	0.01615	0.00914	0.20731	0.01707	0.62464	0.00394	0.00424	0.00201	0.00227
9	0.04280	0.05808	0.13035	0.01036	0.01316	0.54371	0.00884	0.04980	0.03199	0.01185	0.00716	0.00842	0.00582	0.00495	0.00454	0.05117	0.00671	0.00292	0.00226	0.00511

[dist]
# distance from previous block
# <min> <max>
0	1

[block]
# block no. 2 follows, 62 sequences, length 43
# corresponding to MSA columns:
# 173-207,217-224
name=unknown_C
#
# <colnr> <probs for GDERKNQSTAVLIFYWHMCP>
#	G	D	E	R	K	N	Q	S	T	A	V	L	I	F	Y	W	H	M	C	P
0	0.04982	0.04066	0.08924	0.05604	0.22214	0.18072	0.15490	0.06208	0.01046	0.02568	0.00798	0.02241	0.00647	0.00436	0.00468	0.00131	0.04920	0.00376	0.00230	0.00579
1	0.84230	0.00831	0.00674	0.00650	0.04406	0.00957	0.00498	0.01253	0.00735	0.01886	0.00602	0.00707	0.00470	0.00394	0.00270	0.00131	0.00337	0.00237	0.00261	0.00470
2	0.00591	0.00473	0.00546	0.01784	0.00688	0.00447	0.00406	0.00825	0.08766	0.01335	0.23230	0.17927	0.37759	0.01053	0.02085	0.00157	0.00252	0.00865	0.00411	0.00400
3	0.01270	0.53809	0.01818	0.00839	0.01150	0.26751	0.00745	0.04082	0.01012	0.01076	0.00759	0.00841	0.03456	0.00417	0.00320	0.00100	0.00543	0.00271	0.00209	0.00529
4	0.00608	0.00454	0.00677	0.00677	0.00750	0.00528	0.00523	0.00755	0.00682	0.00982	0.01146	0.01708	0.01080	0.05872	0.80701	0.00675	0.01116	0.00461	0.00229	0.00376
5	0.05707	0.08090	0.15246	0.02679	0.02519	0.13604	0.00953	0.15165	0.01067	0.05007	0.00759	0.00924	0.00608	0.00567	0.01924	0.00149	0.23885	0.00334	0.00251	0.00562
6	0.02235	0.04265	0.22083	0.04489	0.28350	0.03325	0.03608	0.03086	0.02227	0.20716	0.01005	0.01095	0.00725	0.00428	0.00413	0.00129	0.00512	0.00370	0.00285	0.00653
7	0.00516	0.00392	0.00477	0.00544	0.00608	0.00353	0.00377	0.00604	0.00868	0.01110	0.02978	0.57247	0.28440	0.01248	0.00531	0.00164	0.00239	0.02558	0.00395	0.00351
8	0.00556	0.00387	0.00487	0.00547	0.00567	0.00370	0.00349	0.00611	0.00766	0.01026	0.05515	0.53706	0.02442	0.29371	0.01085	0.00251	0.00300	0.00992	0.00352	0.00319
9	0.06204	0.05300	0.28057	0.04328	0.24447	0.02075	0.12045	0.05357	0.02273	0.04737	0.00833	0.00999	0.00630	0.00403	0.00411	0.00131	0.00557	0.00361	0.00229	0.00623
10	0.01367	0.01049	0.01138	0.00970	0.04085	0.02592	0.00756	0.45362	0.24955	0.04747	0.03846	0.01417	0.02716	0.00564	0.00435	0.00134	0.00418	0.02353	0.00420	0.00678
11	0.00615	0.00455	0.00664	0.00672	0.00743	0.00517	0.00520	0.00757	0.00703	0.00997	0.01253	0.02039	0.01226	0.10492	0.68914	0.00618	0.01010	0.07190	0.00245	0.00370
12	0.00940	0.00744	0.01090	0.09018	0.25401	0.00760	0.02025	0.04710	0.09452	0.08078	0.08409	0.15001	0.08758	0.03076	0.00508	0.00148	0.00388	0.00615	0.00336	0.00544
13	0.01058	0.01068	0.01131	0.06332	0.01236	0.18697	0.04341	0.06842	0.10735	0.01250	0.00960	0.03574	0.00849	0.04841	0.12132	0.00233	0.22219	0.00418	0.01588	0.00494
14	0.01292	0.00983	0.01016	0.00840	0.01102	0.03392	0.00673	0.39670	0.26417	0.02155	0.01298	0.01293	0.00964	0.00527	0.00403	0.00127	0.00386	0.00413	0.16407	0.00641
15	0.88052	0.00823	0.00625	0.00560	0.00823	0.00955	0.00461	0.01251	0.00724	0.01909	0.00592	0.00691	0.00461	0.00395	0.00263	0.00132	0.00329	0.00230	0.00263	0.00461
16	0.00619	0.00413	0.00464	0.00464	0.00464	0.00413	0.00258	0.00619	0.00619	0.00825	0.01341	0.02785	0.01547	0.85046	0.02166	0.00413	0.00413	0.00619	0.00258	0.00258
17	0.01004	0.01148	0.02511	0.01793	0.02224	0.01076	0.80846	0.01363	0.01004	0.01363	0.00861	0.01148	0.00646	0.00359	0.00502	0.00143	0.00717	0.00502	0.00215	0.00574
18	0.01890	0.00755	0.01007	0.00772	0.01102	0.00672	0.00638	0.07351	0.01270	0.77335	0.01635	0.01420	0.01031	0.00526	0.00428	0.00131	0.00369	0.00425	0.00520	0.00724
19	0.01067	0.00917	0.00991	0.05204	0.01210	0.01063	0.00705	0.05258	0.74320	0.01779	0.01653	0.01542	0.01238	0.00567	0.00432	0.00144	0.00354	0.00472	0.00420	0.00665
20	0.01549	0.01865	0.01201	0.01072	0.01295	0.69978	0.00815	0.10380	0.01265	0.01220	0.00709	0.00825	0.00582	0.00532	0.02762	0.00130	0.02770	0.00294	0.00241	0.00515
21	0.00598	0.00404	0.00470	0.00491	0.00496	0.00399	0.00286	0.00613	0.00659	0.00879	0.01548	0.19666	0.01808	0.67809	0.01832	0.00363	0.00378	0.00740	0.00286	0.00276
22	0.84222	0.00818	0.00641	0.00568	0.00835	0.00940	0.00468	0.01287	0.00746	0.05500	0.00641	0.00725	0.00487	0.00401	0.00271	0.00132	0.00331	0.00239	0.00275	0.00473
23	0.00690	0.00652	0.04407	0.02478	0.17082	0.03390	0.00662	0.00822	0.00856	0.01150	0.01831	0.56790	0.02106	0.03076	0.00557	0.00165	0.01593	0.00931	0.00333	0.00431
24	0.01875	0.00744	0.00996	0.00767	0.01094	0.00660	0.00633	0.04524	0.03654	0.77781	0.01660	0.01439	0.01050	0.00528	0.00428	0.00132	0.00365	0.00428	0.00521	0.00723
25	0.00617	0.00443	0.00550	0.00521	0.00638	0.00399	0.00394	0.00795	0.01145	0.03859	0.60095	0.03374	0.22433	0.00915	0.00501	0.00137	0.00212	0.02120	0.00451	0.00400
26	0.01019	0.17038	0.39437	0.02310	0.09519	0.08285	0.04840	0.01389	0.04236	0.03352	0.02997	0.01026	0.01889	0.00428	0.00391	0.00125	0.00564	0.00341	0.00218	0.00596
27	0.00861	0.02147	0.78748	0.01242	0.01861	0.00993	0.05612	0.01348	0.00904	0.01348	0.00769	0.00911	0.00544	0.00402	0.00409	0.00135	0.00633	0.00324	0.00181	0.00626
28	0.00529	0.00432	0.00467	0.00458	0.00590	0.00370	0.00343	0.00660	0.01030	0.01293	0.24434	0.03858	0.62006	0.01024	0.00503	0.00141	0.00212	0.00865	0.00414	0.00370
29	0.01324	0.01590	0.01412	0.08464	0.12671	0.50705	0.10885	0.01497	0.01099	0.01136	0.00793	0.04940	0.00689	0.00462	0.00415	0.00122	0.00683	0.00371	0.00223	0.00519
30	0.01034	0.01032	0.01634	0.19900	0.55943	0.06562	0.05175	0.01288	0.00961	0.01300	0.00784	0.01056	0.00641	0.00392	0.00424	0.00129	0.00547	0.00378	0.00207	0.00614
31	0.00686	0.00490	0.00686	0.00784	0.00882	0.00490	0.00686	0.00882	0.00980	0.01273	0.02253	0.04800	0.02449	0.01175	0.00588	0.00196	0.00392	0.79528	0.00392	0.00392
32	0.00514	0.00386	0.00477	0.00550	0.00606	0.00349	0.00376	0.00597	0.00855	0.01103	0.02859	0.63689	0.23563	0.01266	0.00533	0.00165	0.00239	0.01128	0.00395	0.00349
33	0.01132	0.21796	0.19098	0.01237	0.13944	0.10165	0.04518	0.05993	0.01018	0.06018	0.03541	0.02618	0.01687	0.00465	0.00440	0.00123	0.05020	0.00360	0.00242	0.00585
34	0.01101	0.00742	0.04965	0.02324	0.02076	0.02981	0.07374	0.04482	0.03281	0.17846	0.01325	0.03995	0.01013	0.00519	0.00409	0.00120	0.03329	0.00430	0.41167	0.00519
35	0.00824	0.00783	0.01342	0.76899	0.07135	0.00953	0.03893	0.01108	0.00862	0.01113	0.00762	0.01131	0.00576	0.00421	0.00428	0.00141	0.00569	0.00382	0.00191	0.00487
36	0.02953	0.06919	0.06587	0.15374	0.16430	0.17431	0.03106	0.14572	0.01178	0.10166	0.00876	0.01008	0.00658	0.00437	0.00404	0.00125	0.00553	0.00350	0.00275	0.00599
37	0.00753	0.00814	0.10141	0.02980	0.10112	0.00656	0.09687	0.02289	0.04838	0.02315	0.17563	0.11113	0.21834	0.00765	0.00476	0.00141	0.00370	0.00683	0.01985	0.00484
38	0.00965	0.04555	0.03282	0.00711	0.02137	0.03598	0.00577	0.03541	0.02117	0.04383	0.00879	0.04961	0.00755	0.00392	0.00340	0.00080	0.00352	0.00315	0.00270	0.65791
39	0.00529	0.00382	0.00500	0.00582	0.00617	0.00359	0.00394	0.00609	0.00819	0.01087	0.03571	0.70615	0.07419	0.05307	0.03561	0.00200	0.00286	0.02433	0.00384	0.00345
40	0.02691	0.02330	0.12110	0.00982	0.07248	0.04762	0.01852	0.06339	0.21895	0.04315	0.04082	0.01437	0.02365	0.00504	0.00404	0.00120	0.00416	0.04492	0.00320	0.21336
41	0.03523	0.12055	0.41991	0.01139	0.07691	0.04096	0.01169	0.09211	0.01034	0.05859	0.02041	0.02531	0.00693	0.00436	0.00388	0.00124	0.00535	0.00338	0.00241	0.04905
42	0.02686	0.50697	0.32262	0.00931	0.01393	0.01396	0.02951	0.01303	0.00878	0.01156	0.00662	0.00774	0.00544	0.00379	0.00327	0.00109	0.00524	0.00267	0.00183	0.00576

[dist]
# distance from previous block
# <min> <max>
0	4

[block]
# block no. 3 follows, 62 sequences, length 41
# corresponding to MSA columns:
# 229-269
name=unknown_D
#
# <colnr> <probs for GDERKNQSTAVLIFYWHMCP>
#	G	D	E	R	K	N	Q	S	T	A	V	L	I	F	Y	W	H	M	C	P
0	0.03141	0.05276	0.06500	0.03280	0.03448	0.08233	0.04017	0.13820	0.06739	0.02976	0.08311	0.06267	0.14783	0.00629	0.00425	0.00126	0.00409	0.00520	0.01621	0.09480
1	0.00804	0.16704	0.01067	0.00762	0.00880	0.03222	0.00620	0.02584	0.02185	0.01075	0.01273	0.19297	0.02335	0.04277	0.23272	0.00304	0.15260	0.03383	0.00264	0.00431
2	0.00920	0.02028	0.68555	0.02753	0.03485	0.06064	0.02947	0.01355	0.00918	0.03048	0.00798	0.00977	0.00589	0.03204	0.00464	0.00142	0.00622	0.00331	0.00194	0.00607
3	0.00958	0.18209	0.55756	0.01069	0.01596	0.01135	0.01284	0.05818	0.06222	0.01379	0.00872	0.00966	0.02087	0.00426	0.00384	0.00127	0.00559	0.00323	0.00214	0.00616
4	0.01138	0.85302	0.02230	0.00728	0.01092	0.01684	0.00728	0.01274	0.00865	0.01001	0.00592	0.00683	0.00546	0.00364	0.00273	0.00091	0.00455	0.00228	0.00182	0.00546
5	0.00873	0.11750	0.45894	0.01003	0.02523	0.00940	0.02311	0.02297	0.02082	0.01337	0.04807	0.04286	0.03055	0.00477	0.00393	0.00122	0.00505	0.01667	0.00230	0.13448
6	0.00627	0.00411	0.00466	0.00466	0.00468	0.00411	0.00262	0.00625	0.00623	0.00839	0.01322	0.02709	0.01510	0.80439	0.02108	0.03286	0.00406	0.00606	0.02159	0.00258
7	0.00559	0.00477	0.00490	0.00473	0.00630	0.00418	0.00358	0.00752	0.06766	0.01226	0.07291	0.03770	0.70419	0.01008	0.00492	0.00141	0.00227	0.00841	0.00396	0.03267
8	0.03408	0.00908	0.03966	0.22629	0.41047	0.00921	0.01101	0.01315	0.05911	0.06079	0.03488	0.01256	0.02370	0.00445	0.00418	0.00132	0.00476	0.00404	0.03129	0.00595
9	0.00801	0.00737	0.01189	0.55021	0.12952	0.00841	0.01028	0.01056	0.00911	0.01208	0.08975	0.01506	0.06326	0.00500	0.00431	0.00135	0.00486	0.00444	0.00236	0.05214
10	0.01005	0.02435	0.01556	0.26730	0.51296	0.04749	0.01219	0.01285	0.03240	0.01288	0.00804	0.01073	0.00652	0.00401	0.00419	0.00130	0.00530	0.00374	0.00210	0.00604
11	0.01391	0.01252	0.01190	0.00989	0.01231	0.17751	0.00791	0.38277	0.14608	0.01912	0.01008	0.01095	0.00781	0.02330	0.01685	0.00148	0.12214	0.00382	0.00346	0.00619
12	0.06826	0.01572	0.01228	0.04149	0.09117	0.46867	0.00854	0.15185	0.01238	0.01415	0.00737	0.00870	0.00595	0.00495	0.01635	0.00128	0.04804	0.00311	0.00254	0.01720
13	0.00793	0.00397	0.00397	0.00397	0.00496	0.00397	0.00297	0.00991	0.00892	0.01586	0.01388	0.01586	0.01091	0.00496	0.00297	0.00099	0.00198	0.00397	0.87408	0.00397
14	0.01082	0.00909	0.00963	0.00863	0.01106	0.01046	0.00672	0.02256	0.79398	0.04019	0.01730	0.01584	0.01292	0.00576	0.00433	0.00144	0.00337	0.00480	0.00436	0.00675
15	0.00514	0.00429	0.00450	0.00459	0.00591	0.00365	0.00344	0.00627	0.00969	0.01171	0.07121	0.09614	0.70863	0.01091	0.00509	0.00147	0.00223	0.03754	0.00398	0.00361
16	0.00619	0.00413	0.00464	0.00464	0.00464	0.00413	0.00258	0.00619	0.00619	0.00825	0.01341	0.02785	0.01547	0.85046	0.02166	0.00413	0.00413	0.00619	0.00258	0.00258
17	0.00521	0.00371	0.00493	0.00590	0.00614	0.00347	0.00392	0.00593	0.00810	0.01080	0.02322	0.82873	0.02785	0.03268	0.00581	0.00178	0.00251	0.01196	0.00392	0.00344
18	0.88052	0.00823	0.00625	0.00560	0.00823	0.00955	0.00461	0.01251	0.00724	0.01909	0.00592	0.00691	0.00461	0.00395	0.00263	0.00132	0.00329	0.00230	0.00263	0.00461
19	0.00609	0.00451	0.00659	0.00659	0.00726	0.00518	0.00501	0.00744	0.00676	0.00969	0.01162	0.01798	0.01118	0.12461	0.74165	0.00653	0.01057	0.00474	0.00231	0.00366
20	0.01058	0.00914	0.00962	0.00866	0.01106	0.01058	0.00673	0.02261	0.81623	0.01780	0.01732	0.01588	0.01299	0.00577	0.00433	0.00144	0.00337	0.00481	0.00433	0.00673
21	0.01618	0.01192	0.01277	0.00979	0.01320	0.01320	0.00809	0.80973	0.02001	0.02682	0.01022	0.01022	0.00724	0.00511	0.00426	0.00128	0.00468	0.00383	0.00426	0.00724
22	0.01589	0.02028	0.01206	0.01096	0.01315	0.83338	0.00822	0.01699	0.01206	0.01041	0.00658	0.00767	0.00548	0.00438	0.00384	0.00110	0.00767	0.00274	0.00219	0.00493
23	0.00620	0.00456	0.00603	0.00683	0.00775	0.00439	0.00564	0.00777	0.00947	0.01215	0.02651	0.19669	0.17277	0.01187	0.00564	0.00182	0.00332	0.50289	0.00393	0.00377
24	0.00829	0.00489	0.00620	0.00556	0.00708	0.00435	0.00428	0.01004	0.01159	0.16904	0.50930	0.03040	0.19544	0.00848	0.00488	0.00135	0.00234	0.00731	0.00464	0.00454
25	0.01618	0.01192	0.01277	0.00979	0.01320	0.01320	0.00809	0.80973	0.02001	0.02682	0.01022	0.01022	0.00724	0.00511	0.00426	0.00128	0.00468	0.00383	0.00426	0.00724
26	0.01375	0.00921	0.00988	0.00786	0.01051	0.00997	0.00640	0.52127	0.01616	0.06285	0.01168	0.01219	0.00854	0.00507	0.00386	0.00119	0.00379	0.00390	0.27570	0.00622
27	0.88052	0.00823	0.00625	0.00560	0.00823	0.00955	0.00461	0.01251	0.00724	0.01909	0.00592	0.00691	0.00461	0.00395	0.00263	0.00132	0.00329	0.00230	0.00263	0.00461
28	0.00583	0.00463	0.00536	0.00579	0.00655	0.03367	0.00416	0.00700	0.00955	0.01245	0.20276	0.43366	0.18144	0.01140	0.00523	0.00158	0.00258	0.05862	0.00405	0.00369
29	0.00804	0.00756	0.01276	0.84023	0.02931	0.00945	0.01182	0.01087	0.00851	0.01087	0.00756	0.01134	0.00567	0.00425	0.00425	0.00142	0.00567	0.00378	0.00189	0.00473
30	0.00987	0.36530	0.47819	0.01008	0.01521	0.01283	0.01207	0.02978	0.00907	0.01232	0.00698	0.00812	0.00546	0.00390	0.00350	0.00117	0.00554	0.00280	0.00186	0.00597
31	0.01097	0.00908	0.00957	0.00849	0.01090	0.02217	0.00663	0.06582	0.67900	0.04728	0.05493	0.01656	0.02764	0.00592	0.00436	0.00142	0.00343	0.00491	0.00434	0.00657
32	0.00505	0.00423	0.00439	0.00452	0.00580	0.00357	0.00333	0.00608	0.00949	0.01141	0.04051	0.14741	0.71740	0.01111	0.00508	0.00148	0.00220	0.00939	0.00395	0.00357
33	0.00842	0.00783	0.01314	0.62907	0.18370	0.00922	0.01155	0.01109	0.00874	0.01159	0.00840	0.04271	0.00685	0.00452	0.00426	0.00139	0.00534	0.00410	0.02302	0.00506
34	0.00618	0.00416	0.00483	0.00483	0.00489	0.00423	0.00281	0.00631	0.00624	0.00839	0.01324	0.02690	0.01506	0.78092	0.09063	0.00436	0.00474	0.00605	0.00255	0.00268
35	0.00518	0.00372	0.00491	0.00587	0.00616	0.00346	0.00392	0.00593	0.00820	0.01088	0.02416	0.81855	0.05682	0.01324	0.00542	0.00172	0.00246	0.01198	0.00395	0.00346
36	0.00712	0.00460	0.00599	0.00550	0.00672	0.00419	0.00418	0.00906	0.01195	0.08768	0.71744	0.03067	0.07151	0.00849	0.00495	0.00134	0.00216	0.00745	0.00470	0.00428
37	0.00977	0.01378	0.21992	0.01812	0.17905	0.01042	0.45818	0.01348	0.00971	0.01365	0.00825	0.01068	0.00625	0.00374	0.00462	0.00138	0.00654	0.00432	0.00206	0.00607
38	0.01084	0.01186	0.01281	0.01112	0.01163	0.20343	0.00906	0.01181	0.00780	0.01028	0.00582	0.00893	0.00556	0.00674	0.01161	0.00168	0.64888	0.00350	0.00194	0.00472
39	0.01047	0.00993	0.01596	0.16293	0.59055	0.02579	0.01231	0.05726	0.00996	0.01387	0.00791	0.01054	0.00651	0.00412	0.00466	0.00132	0.04365	0.00377	0.00218	0.00630
40	0.00610	0.00436	0.00601	0.00697	0.00762	0.00427	0.00554	0.00751	0.00900	0.01184	0.02270	0.40163	0.02580	0.01289	0.02375	0.00196	0.00344	0.43101	0.00390	0.00371

[dist]
# distance from previous block
# <min> <max>
0	2

[block]
# block no. 4 follows, 62 sequences, length 46
# corresponding to MSA columns:
# 272-317
name=unknown_E
#
# <colnr> <probs for GDERKNQSTAVLIFYWHMCP>
#	G	D	E	R	K	N	Q	S	T	A	V	L	I	F	Y	W	H	M	C	P
0	0.00582	0.00434	0.00540	0.00514	0.00623	0.00393	0.00385	0.00763	0.01156	0.01592	0.66146	0.03367	0.20108	0.00913	0.00502	0.00136	0.00204	0.00796	0.00453	0.00393
1	0.01138	0.85302	0.02230	0.00728	0.01092	0.01684	0.00728	0.01274	0.00865	0.01001	0.00592	0.00683	0.00546	0.00364	0.00273	0.00091	0.00455	0.00228	0.00182	0.00546
2	0.00846	0.00414	0.00431	0.00419	0.00530	0.00408	0.00317	0.01042	0.00917	0.05749	0.03416	0.01619	0.01162	0.00507	0.00309	0.00102	0.00207	0.00407	0.80786	0.00414
3	0.00509	0.00421	0.00446	0.00462	0.00584	0.00358	0.00338	0.00614	0.00951	0.01157	0.06567	0.17765	0.66132	0.01114	0.00510	0.00148	0.00220	0.00947	0.00398	0.00358
4	0.00602	0.00435	0.00569	0.00535	0.00636	0.00401	0.00401	0.00803	0.01204	0.01706	0.82167	0.03178	0.04015	0.00870	0.00502	0.00134	0.00201	0.00770	0.00468	0.00401
5	0.01144	0.00895	0.00965	0.00855	0.01104	0.01015	0.00669	0.02242	0.73492	0.09962	0.01726	0.01573	0.01274	0.00572	0.00432	0.00143	0.00339	0.00476	0.00442	0.00679
6	0.01079	0.00925	0.00974	0.00870	0.01115	0.01068	0.00679	0.05235	0.78615	0.01814	0.01705	0.01566	0.01277	0.00575	0.00433	0.00144	0.00342	0.00477	0.00433	0.00675
7	0.01909	0.00724	0.00987	0.00757	0.01086	0.00625	0.00625	0.02074	0.01218	0.82687	0.01679	0.01448	0.01053	0.00527	0.00428	0.00132	0.00362	0.00428	0.00527	0.00724
8	0.88052	0.00823	0.00625	0.00560	0.00823	0.00955	0.00461	0.01251	0.00724	0.01909	0.00592	0.00691	0.00461	0.00395	0.00263	0.00132	0.00329	0.00230	0.00263	0.00461
9	0.88052	0.00823	0.00625	0.00560	0.00823	0.00955	0.00461	0.01251	0.00724	0.01909	0.00592	0.00691	0.00461	0.00395	0.00263	0.00132	0.00329	0.00230	0.00263	0.00461
10	0.00578	0.00434	0.00535	0.00509	0.00621	0.00391	0.00382	0.00755	0.01146	0.01568	0.62815	0.03406	0.23454	0.00922	0.00502	0.00136	0.00204	0.00801	0.00450	0.00391
11	0.00853	0.02201	0.82841	0.01213	0.01842	0.00988	0.01572	0.01348	0.00898	0.01348	0.00764	0.00898	0.00539	0.00404	0.00404	0.00135	0.00629	0.00314	0.00180	0.00629
12	0.00853	0.02201	0.82841	0.01213	0.01842	0.00988	0.01572	0.01348	0.00898	0.01348	0.00764	0.00898	0.00539	0.00404	0.00404	0.00135	0.00629	0.00314	0.00180	0.00629
13	0.01138	0.85302	0.02230	0.00728	0.01092	0.01684	0.00728	0.01274	0.00865	0.01001	0.00592	0.00683	0.00546	0.00364	0.00273	0.00091	0.00455	0.00228	0.00182	0.00546
14	0.00567	0.00393	0.00477	0.00524	0.00541	0.00379	0.00326	0.00606	0.00725	0.00961	0.01925	0.42047	0.04977	0.42063	0.01331	0.00288	0.00326	0.00911	0.00328	0.00303
15	0.00503	0.00431	0.00431	0.00431	0.00575	0.00359	0.00323	0.00611	0.00970	0.01149	0.04310	0.04095	0.82219	0.01078	0.00503	0.00144	0.00216	0.00898	0.00395	0.00359
16	0.01053	0.01011	0.01727	0.02612	0.82392	0.01011	0.01306	0.01306	0.00969	0.01390	0.00800	0.01053	0.00674	0.00379	0.00421	0.00126	0.00505	0.00379	0.00211	0.00674
17	0.00793	0.00397	0.00397	0.00397	0.00496	0.00397	0.00297	0.00991	0.00892	0.01586	0.01388	0.01586	0.01091	0.00496	0.00297	0.00099	0.00198	0.00397	0.87408	0.00397
18	0.00532	0.00381	0.00503	0.00596	0.00628	0.00357	0.00407	0.00612	0.00822	0.01091	0.02355	0.75016	0.04728	0.04079	0.00598	0.00181	0.00261	0.06115	0.00390	0.00346
19	0.03820	0.00737	0.00986	0.00758	0.01086	0.00649	0.00626	0.03887	0.01225	0.79031	0.01639	0.01422	0.01032	0.00523	0.00424	0.00132	0.00364	0.00422	0.00518	0.00718
20	0.00922	0.00799	0.00902	0.00652	0.01025	0.02405	0.00521	0.03733	0.00926	0.01422	0.00763	0.00884	0.00632	0.00324	0.00320	0.00066	0.00330	0.00257	0.00257	0.82857
21	0.01085	0.00927	0.00977	0.00871	0.01117	0.01071	0.00680	0.06036	0.77805	0.01823	0.01698	0.01560	0.01271	0.00574	0.00433	0.00144	0.00343	0.00476	0.00433	0.00676
22	0.00608	0.00445	0.00635	0.00637	0.00696	0.00504	0.00473	0.00727	0.00673	0.00956	0.01204	0.03489	0.01197	0.20076	0.64995	0.00618	0.00972	0.00504	0.00237	0.00354
23	0.00555	0.00419	0.00518	0.00557	0.00644	0.00382	0.00414	0.00685	0.00973	0.01273	0.21257	0.31140	0.26813	0.01129	0.00528	0.00158	0.00246	0.11528	0.00411	0.00369
24	0.88052	0.00823	0.00625	0.00560	0.00823	0.00955	0.00461	0.01251	0.00724	0.01909	0.00592	0.00691	0.00461	0.00395	0.00263	0.00132	0.00329	0.00230	0.00263	0.00461
25	0.01305	0.49243	0.01847	0.00949	0.06553	0.05439	0.00796	0.26398	0.01246	0.01558	0.00744	0.00818	0.00611	0.00415	0.00336	0.00106	0.00478	0.00289	0.00262	0.00608
26	0.00619	0.00413	0.00464	0.00464	0.00464	0.00413	0.00258	0.00619	0.00619	0.00825	0.01341	0.02785	0.01547	0.85046	0.02166	0.00413	0.00413	0.00619	0.00258	0.00258
27	0.05162	0.03337	0.19213	0.01096	0.02533	0.24683	0.04175	0.07457	0.01010	0.03023	0.00753	0.00945	0.00613	0.00700	0.06875	0.00178	0.17148	0.00335	0.00228	0.00537
28	0.00526	0.00376	0.00505	0.00600	0.00629	0.00355	0.00407	0.00605	0.00815	0.01088	0.02307	0.80127	0.02752	0.01384	0.03009	0.00189	0.00277	0.03310	0.00390	0.00348
29	0.01191	0.42532	0.11886	0.00978	0.06392	0.03639	0.02236	0.17029	0.01123	0.02574	0.02077	0.00872	0.00658	0.00409	0.00344	0.00107	0.00483	0.00297	0.00246	0.04925
30	0.81468	0.07223	0.00747	0.00572	0.00843	0.01010	0.00481	0.01253	0.00735	0.01840	0.00592	0.00691	0.00467	0.00393	0.00264	0.00129	0.00339	0.00230	0.00257	0.00467
31	0.00992	0.02801	0.01516	0.29230	0.46779	0.02893	0.01188	0.02765	0.00965	0.02511	0.03761	0.01148	0.00761	0.00418	0.00422	0.00131	0.00517	0.00388	0.00221	0.00592
32	0.01048	0.09771	0.07582	0.05753	0.10672	0.04162	0.05647	0.08089	0.15565	0.05165	0.07027	0.04029	0.03260	0.00582	0.00490	0.00138	0.05447	0.04686	0.00314	0.00574
33	0.00518	0.00370	0.00494	0.00592	0.00617	0.00346	0.00395	0.00592	0.00815	0.01086	0.02345	0.84768	0.02814	0.01333	0.00543	0.00173	0.00247	0.01210	0.00395	0.00346
34	0.00804	0.00756	0.01276	0.84023	0.02931	0.00945	0.01182	0.01087	0.00851	0.01087	0.00756	0.01134	0.00567	0.00425	0.00425	0.00142	0.00567	0.00378	0.00189	0.00473
35	0.01004	0.28495	0.40076	0.01065	0.03105	0.01234	0.04742	0.04198	0.09772	0.01332	0.00829	0.00923	0.00638	0.00412	0.00371	0.00122	0.00537	0.00317	0.00219	0.00609
36	0.00984	0.02652	0.04987	0.31103	0.24070	0.06978	0.11260	0.04045	0.00973	0.01282	0.00902	0.01162	0.03077	0.00433	0.00443	0.00133	0.01987	0.00397	0.02579	0.00553
37	0.88052	0.00823	0.00625	0.00560	0.00823	0.00955	0.00461	0.01251	0.00724	0.01909	0.00592	0.00691	0.00461	0.00395	0.00263	0.00132	0.00329	0.00230	0.00263	0.00461
38	0.00509	0.00423	0.00442	0.00454	0.00579	0.00359	0.00333	0.00613	0.00950	0.01148	0.05747	0.13892	0.69336	0.02623	0.00538	0.00152	0.00223	0.00928	0.00394	0.00357
39	0.01589	0.02028	0.01206	0.01096	0.01315	0.83338	0.00822	0.01699	0.01206	0.01041	0.00658	0.00767	0.00548	0.00438	0.00384	0.00110	0.00767	0.00274	0.00219	0.00493
40	0.00804	0.00756	0.01276	0.84023	0.02931	0.00945	0.01182	0.01087	0.00851	0.01087	0.00756	0.01134	0.00567	0.00425	0.00425	0.00142	0.00567	0.00378	0.00189	0.00473
41	0.00553	0.00475	0.00479	0.00470	0.00623	0.00422	0.00355	0.00760	0.08253	0.01206	0.04078	0.03869	0.74912	0.01032	0.00497	0.00144	0.00226	0.00860	0.00399	0.00388
42	0.88052	0.00823	0.00625	0.00560	0.00823	0.00955	0.00461	0.01251	0.00724	0.01909	0.00592	0.00691	0.00461	0.00395	0.00263	0.00132	0.00329	0.00230	0.00263	0.00461
43	0.01589	0.02028	0.01206	0.01096	0.01315	0.83338	0.00822	0.01699	0.01206	0.01041	0.00658	0.00767	0.00548	0.00438	0.00384	0.00110	0.00767	0.00274	0.00219	0.00493
44	0.00518	0.00370	0.00494	0.00592	0.00617	0.00346	0.00395	0.00592	0.00815	0.01086	0.02345	0.84768	0.02814	0.01333	0.00543	0.00173	0.00247	0.01210	0.00395	0.00346
45	0.00522	0.00375	0.00496	0.00592	0.00622	0.00349	0.00399	0.00599	0.00823	0.01092	0.02402	0.80636	0.05170	0.01322	0.00543	0.00172	0.00249	0.02896	0.00395	0.00347

[dist]
# distance from previous block
# <min> <max>
0	3

[block]
# block no. 5 follows, 62 sequences, length 24
# corresponding to MSA columns:
# 321-344
name=unknown_F
#
# <colnr> <probs for GDERKNQSTAVLIFYWHMCP>
#	G	D	E	R	K	N	Q	S	T	A	V	L	I	F	Y	W	H	M	C	P
0	0.00602	0.00435	0.00569	0.00535	0.00636	0.00401	0.00401	0.00803	0.01204	0.01706	0.82167	0.03178	0.04015	0.00870	0.00502	0.00134	0.00201	0.00770	0.00468	0.00401
1	0.00882	0.00756	0.00882	0.00630	0.01008	0.00567	0.00504	0.01071	0.00882	0.01387	0.00756	0.00882	0.00630	0.00315	0.00315	0.00063	0.00315	0.00252	0.00252	0.87647
2	0.01589	0.02028	0.01206	0.01096	0.01315	0.83338	0.00822	0.01699	0.01206	0.01041	0.00658	0.00767	0.00548	0.00438	0.00384	0.00110	0.00767	0.00274	0.00219	0.00493
3	0.01187	0.67089	0.07561	0.00812	0.01177	0.10606	0.00799	0.04547	0.00950	0.01097	0.00628	0.00720	0.00553	0.00381	0.00300	0.00098	0.00502	0.00245	0.00196	0.00553
4	0.01589	0.02028	0.01206	0.01096	0.01315	0.83338	0.00822	0.01699	0.01206	0.01041	0.00658	0.00767	0.00548	0.00438	0.00384	0.00110	0.00767	0.00274	0.00219	0.00493
5	0.00608	0.00456	0.00684	0.00684	0.00760	0.00532	0.00532	0.00760	0.00684	0.00988	0.01140	0.01672	0.01064	0.03191	0.83360	0.00684	0.01140	0.00456	0.00228	0.00380
6	0.00793	0.00397	0.00397	0.00397	0.00496	0.00397	0.00297	0.00991	0.00892	0.01586	0.01388	0.01586	0.01091	0.00496	0.00297	0.00099	0.00198	0.00397	0.87408	0.00397
7	0.00880	0.00731	0.01154	0.05012	0.31497	0.00728	0.04655	0.05918	0.00976	0.04769	0.01551	0.35769	0.02956	0.00801	0.00478	0.00148	0.00398	0.00740	0.00316	0.00525
8	0.00619	0.00413	0.00464	0.00464	0.00464	0.00413	0.00258	0.00619	0.00619	0.00825	0.01341	0.02785	0.01547	0.85046	0.02166	0.00413	0.00413	0.00619	0.00258	0.00258
9	0.00853	0.02201	0.82841	0.01213	0.01842	0.00988	0.01572	0.01348	0.00898	0.01348	0.00764	0.00898	0.00539	0.00404	0.00404	0.00135	0.00629	0.00314	0.00180	0.00629
10	0.01219	0.48278	0.15006	0.00911	0.01277	0.24667	0.00891	0.01406	0.00967	0.01069	0.00638	0.00742	0.00545	0.00392	0.00326	0.00103	0.00572	0.00255	0.00192	0.00545
11	0.00739	0.00370	0.00554	0.00554	0.00554	0.00370	0.00370	0.00554	0.00554	0.00739	0.00739	0.01293	0.00739	0.01478	0.01663	0.87620	0.00370	0.00370	0.00185	0.00185
12	0.00569	0.00422	0.00530	0.00528	0.00622	0.00383	0.00387	0.00729	0.01089	0.01491	0.53358	0.18875	0.17456	0.00994	0.00510	0.00143	0.00212	0.00876	0.00442	0.00383
13	0.00805	0.00669	0.00752	0.00775	0.00915	0.04922	0.00632	0.01255	0.22824	0.01394	0.05544	0.09978	0.07033	0.00969	0.00523	0.00170	0.00366	0.39609	0.00398	0.00468
14	0.00882	0.00756	0.00882	0.00630	0.01008	0.00567	0.00504	0.01071	0.00882	0.01387	0.00756	0.00882	0.00630	0.00315	0.00315	0.00063	0.00315	0.00252	0.00252	0.87647
15	0.00677	0.00589	0.00856	0.03641	0.21220	0.00564	0.02234	0.00841	0.02536	0.01202	0.02505	0.31688	0.27900	0.00948	0.00493	0.00150	0.00323	0.00846	0.00340	0.00447
16	0.00525	0.00373	0.00492	0.00584	0.00607	0.00350	0.00386	0.00594	0.00802	0.01069	0.02280	0.79463	0.02732	0.06751	0.00648	0.00188	0.00258	0.01171	0.00386	0.00340
17	0.01183	0.76968	0.02127	0.00765	0.01114	0.09855	0.00737	0.01317	0.00899	0.01005	0.00598	0.00691	0.00546	0.00371	0.00284	0.00093	0.00486	0.00232	0.00186	0.00541
18	0.03218	0.05229	0.37907	0.02782	0.13430	0.00920	0.02340	0.01485	0.04633	0.17897	0.02677	0.01207	0.03470	0.00462	0.00411	0.00132	0.00506	0.00381	0.00282	0.00632
19	0.00676	0.00482	0.00670	0.00765	0.00856	0.00481	0.00659	0.00860	0.00960	0.01250	0.02227	0.08249	0.02435	0.03960	0.00638	0.00202	0.00386	0.73472	0.00388	0.00385
20	0.00527	0.00379	0.00500	0.00582	0.00618	0.00352	0.00394	0.00616	0.00862	0.01157	0.11249	0.73514	0.05121	0.01275	0.00537	0.00168	0.00241	0.01152	0.00403	0.00352
21	0.01067	0.12544	0.26920	0.02732	0.08456	0.00975	0.07639	0.04641	0.05279	0.12291	0.05019	0.03001	0.04983	0.00499	0.00413	0.00129	0.00487	0.00422	0.01906	0.00599
22	0.00871	0.08723	0.72090	0.01173	0.01759	0.01028	0.03571	0.01322	0.00896	0.01313	0.00795	0.03152	0.00604	0.00425	0.00400	0.00133	0.00607	0.00337	0.00187	0.00613
23	0.01004	0.01148	0.02511	0.01793	0.02224	0.01076	0.80846	0.01363	0.01004	0.01363	0.00861	0.01148	0.00646	0.00359	0.00502	0.00143	0.00717	0.00502	0.00215	0.00574

[dist]
# distance from previous block
# <min> <max>
0	3

[block]
# block no. 6 follows, 62 sequences, length 55
# corresponding to MSA columns:
# 348-402
name=unknown_G
#
# <colnr> <probs for GDERKNQSTAVLIFYWHMCP>
#	G	D	E	R	K	N	Q	S	T	A	V	L	I	F	Y	W	H	M	C	P
0	0.65142	0.02861	0.00838	0.05323	0.01059	0.10226	0.02366	0.05421	0.00861	0.01774	0.00637	0.00752	0.00496	0.00406	0.00300	0.00129	0.00410	0.00257	0.00260	0.00483
1	0.00891	0.00703	0.00774	0.00708	0.00902	0.00754	0.00549	0.01601	0.43641	0.05636	0.17936	0.02481	0.17838	0.00748	0.00465	0.00143	0.00289	0.02953	0.00436	0.00553
2	0.00614	0.00446	0.00579	0.00638	0.03183	0.00418	0.00435	0.03212	0.00989	0.02663	0.24973	0.47081	0.10946	0.01108	0.00518	0.00155	0.00248	0.00990	0.00413	0.00391
3	0.00739	0.00370	0.00554	0.00554	0.00554	0.00370	0.00370	0.00554	0.00554	0.00739	0.00739	0.01293	0.00739	0.01478	0.01663	0.87620	0.00370	0.00370	0.00185	0.00185
4	0.01250	0.01009	0.01070	0.00905	0.01180	0.01148	0.00720	0.29297	0.54274	0.02090	0.01488	0.01393	0.01101	0.00554	0.00430	0.00139	0.00382	0.00447	0.00430	0.00691
5	0.00882	0.00756	0.00882	0.00630	0.01008	0.00567	0.00504	0.01071	0.00882	0.01387	0.00756	0.00882	0.00630	0.00315	0.00315	0.00063	0.00315	0.00252	0.00252	0.87647
6	0.01618	0.01192	0.01277	0.00979	0.01320	0.01320	0.00809	0.80973	0.02001	0.02682	0.01022	0.01022	0.00724	0.00511	0.00426	0.00128	0.00468	0.00383	0.00426	0.00724
7	0.01006	0.00952	0.01595	0.18038	0.62659	0.00993	0.01244	0.02691	0.02638	0.01358	0.00843	0.02557	0.00705	0.00411	0.00425	0.00131	0.00509	0.00396	0.00218	0.00631
8	0.00561	0.00439	0.00513	0.00524	0.00644	0.00392	0.00408	0.00707	0.01030	0.01320	0.25187	0.07139	0.44488	0.01047	0.00518	0.00151	0.00242	0.13900	0.00415	0.00376
9	0.00516	0.00440	0.00445	0.00442	0.00587	0.00374	0.00332	0.00648	0.02528	0.01178	0.06528	0.04020	0.78386	0.01062	0.00502	0.00143	0.00217	0.00886	0.00398	0.00366
10	0.01475	0.01069	0.12536	0.02100	0.01363	0.02670	0.09385	0.07444	0.09980	0.40711	0.01326	0.01277	0.00897	0.00505	0.00486	0.00137	0.05161	0.00416	0.00397	0.00666
11	0.00830	0.00773	0.01304	0.69257	0.13251	0.00930	0.01163	0.01095	0.00855	0.01117	0.00772	0.01142	0.00598	0.00516	0.02663	0.02102	0.00570	0.00380	0.00193	0.00490
12	0.00518	0.00370	0.00494	0.00592	0.00617	0.00346	0.00395	0.00592	0.00815	0.01086	0.02345	0.84768	0.02814	0.01333	0.00543	0.00173	0.00247	0.01210	0.00395	0.00346
13	0.88052	0.00823	0.00625	0.00560	0.00823	0.00955	0.00461	0.01251	0.00724	0.01909	0.00592	0.00691	0.00461	0.00395	0.00263	0.00132	0.00329	0.00230	0.00263	0.00461
14	0.00871	0.01826	0.60628	0.03336	0.06967	0.00959	0.04061	0.03072	0.02796	0.01367	0.01931	0.05216	0.00766	0.00482	0.00444	0.00139	0.02493	0.01827	0.00213	0.00604
15	0.00928	0.01499	0.40767	0.25049	0.16757	0.00962	0.01365	0.01302	0.00914	0.05334	0.00814	0.01021	0.00597	0.00412	0.00415	0.00135	0.00576	0.00350	0.00205	0.00597
16	0.00503	0.00431	0.00431	0.00431	0.00575	0.00359	0.00323	0.00611	0.00970	0.01149	0.04310	0.04095	0.82219	0.01078	0.00503	0.00144	0.00216	0.00898	0.00395	0.00359
17	0.08668	0.09971	0.01278	0.01022	0.01266	0.65236	0.02310	0.01623	0.01129	0.02899	0.00672	0.00775	0.00554	0.00428	0.00366	0.00111	0.00691	0.00274	0.00226	0.00502
18	0.01351	0.31938	0.01570	0.00953	0.01202	0.44764	0.00789	0.01470	0.01026	0.01035	0.00638	0.00767	0.00558	0.00441	0.00436	0.00110	0.08412	0.00269	0.01765	0.00508
19	0.00879	0.03167	0.47999	0.04359	0.03924	0.00890	0.01182	0.01323	0.06845	0.01381	0.02689	0.01007	0.00702	0.00405	0.00386	0.00117	0.00512	0.00325	0.00224	0.21684
20	0.01212	0.18427	0.29006	0.02525	0.01496	0.07008	0.03792	0.23445	0.04301	0.03642	0.00856	0.00933	0.00638	0.00437	0.00388	0.00123	0.00544	0.00330	0.00271	0.00628
21	0.01618	0.01192	0.01277	0.00979	0.01320	0.01320	0.00809	0.80973	0.02001	0.02682	0.01022	0.01022	0.00724	0.00511	0.00426	0.00128	0.00468	0.00383	0.00426	0.00724
22	0.00523	0.00432	0.00459	0.00452	0.00587	0.00368	0.00339	0.00650	0.01018	0.01263	0.20133	0.03909	0.66327	0.01035	0.00503	0.00142	0.00213	0.00872	0.00410	0.00368
23	0.00668	0.00437	0.00590	0.00590	0.00674	0.00488	0.00455	0.00835	0.00752	0.01183	0.01221	0.01644	0.01073	0.02312	0.56254	0.00493	0.00833	0.00437	0.28678	0.00385
24	0.00614	0.00463	0.00690	0.00686	0.00759	0.00543	0.00532	0.00761	0.00682	0.00985	0.01134	0.01684	0.01066	0.05046	0.80047	0.00669	0.02574	0.00458	0.00228	0.00379
25	0.00739	0.00370	0.00554	0.00554	0.00554	0.00370	0.00370	0.00554	0.00554	0.00739	0.00739	0.01293	0.00739	0.01478	0.01663	0.87620	0.00370	0.00370	0.00185	0.00185
26	0.01840	0.00730	0.00976	0.00757	0.01077	0.00647	0.00623	0.02066	0.05899	0.76573	0.01677	0.01459	0.01068	0.00529	0.00426	0.00132	0.00358	0.00430	0.02019	0.00716
27	0.01741	0.00742	0.00959	0.00755	0.01043	0.02494	0.00611	0.07142	0.01189	0.65603	0.01498	0.01386	0.00982	0.00639	0.00576	0.10722	0.00379	0.00414	0.00472	0.00654
28	0.00992	0.00952	0.01622	0.13812	0.64071	0.00981	0.03359	0.01244	0.00951	0.01338	0.02145	0.01186	0.03072	0.00419	0.00445	0.00131	0.02033	0.00403	0.00217	0.00626
29	0.01575	0.02004	0.01208	0.01097	0.01311	0.81556	0.00825	0.01684	0.01194	0.01041	0.00656	0.00771	0.00548	0.00445	0.00406	0.00111	0.02581	0.00276	0.00219	0.00493
30	0.01123	0.01196	0.03484	0.05366	0.50627	0.14831	0.07805	0.02647	0.01008	0.01327	0.00786	0.01020	0.00649	0.00409	0.00458	0.00128	0.03921	0.00370	0.02234	0.00612
31	0.00503	0.00431	0.00431	0.00431	0.00575	0.00359	0.00323	0.00611	0.00970	0.01149	0.04310	0.04095	0.82219	0.01078	0.00503	0.00144	0.00216	0.00898	0.00395	0.00359
32	0.00882	0.00756	0.00882	0.00630	0.01008	0.00567	0.00504	0.01071	0.00882	0.01387	0.00756	0.00882	0.00630	0.00315	0.00315	0.00063	0.00315	0.00252	0.00252	0.87647
33	0.00571	0.00434	0.00525	0.00503	0.00617	0.00388	0.00377	0.00742	0.01131	0.01531	0.57680	0.03467	0.28612	0.00935	0.00502	0.00137	0.00205	0.00810	0.00445	0.00388
34	0.00619	0.00413	0.00464	0.00464	0.00464	0.00413	0.00258	0.00619	0.00619	0.00825	0.01341	0.02785	0.01547	0.85046	0.02166	0.00413	0.00413	0.00619	0.00258	0.00258
35	0.01258	0.00845	0.00894	0.00725	0.00961	0.00918	0.00586	0.46137	0.01518	0.02205	0.01181	0.01268	0.00883	0.00504	0.00370	0.00115	0.00351	0.00389	0.38311	0.00581
36	0.00882	0.00756	0.00882	0.00630	0.01008	0.00567	0.00504	0.01071	0.00882	0.01387	0.00756	0.00882	0.00630	0.00315	0.00315	0.00063	0.00315	0.00252	0.00252	0.87647
37	0.01909	0.00724	0.00987	0.00757	0.01086	0.00625	0.00625	0.02074	0.01218	0.82687	0.01679	0.01448	0.01053	0.00527	0.00428	0.00132	0.00362	0.00428	0.00527	0.00724
38	0.00518	0.00372	0.00492	0.00588	0.00616	0.00346	0.00393	0.00593	0.00819	0.01088	0.02402	0.82429	0.05117	0.01326	0.00542	0.00172	0.00246	0.01201	0.00395	0.00346
39	0.01058	0.00914	0.00962	0.00866	0.01106	0.01058	0.00673	0.02261	0.81623	0.01780	0.01732	0.01588	0.01299	0.00577	0.00433	0.00144	0.00337	0.00481	0.00433	0.00673
40	0.01138	0.85302	0.02230	0.00728	0.01092	0.01684	0.00728	0.01274	0.00865	0.01001	0.00592	0.00683	0.00546	0.00364	0.00273	0.00091	0.00455	0.00228	0.00182	0.00546
41	0.88052	0.00823	0.00625	0.00560	0.00823	0.00955	0.00461	0.01251	0.00724	0.01909	0.00592	0.00691	0.00461	0.00395	0.00263	0.00132	0.00329	0.00230	0.00263	0.00461
42	0.01618	0.01192	0.01277	0.00979	0.01320	0.01320	0.00809	0.80973	0.02001	0.02682	0.01022	0.01022	0.00724	0.00511	0.00426	0.00128	0.00468	0.00383	0.00426	0.00724
43	0.00519	0.00377	0.00487	0.00575	0.00610	0.00348	0.00386	0.00595	0.00826	0.01088	0.02519	0.75530	0.10494	0.02752	0.00567	0.00174	0.00247	0.01169	0.00393	0.00345
44	0.88052	0.00823	0.00625	0.00560	0.00823	0.00955	0.00461	0.01251	0.00724	0.01909	0.00592	0.00691	0.00461	0.00395	0.00263	0.00132	0.00329	0.00230	0.00263	0.00461
45	0.01138	0.85302	0.02230	0.00728	0.01092	0.01684	0.00728	0.01274	0.00865	0.01001	0.00592	0.00683	0.00546	0.00364	0.00273	0.00091	0.00455	0.00228	0.00182	0.00546
46	0.00686	0.00490	0.00686	0.00784	0.00882	0.00490	0.00686	0.00882	0.00980	0.01273	0.02253	0.04800	0.02449	0.01175	0.00588	0.00196	0.00392	0.79528	0.00392	0.00392
47	0.00679	0.00488	0.00676	0.00770	0.00870	0.00485	0.00672	0.00871	0.00979	0.01269	0.02332	0.04773	0.05522	0.01172	0.00584	0.00194	0.00385	0.76499	0.00392	0.00391
48	0.00617	0.00442	0.00616	0.00616	0.00672	0.00496	0.00451	0.00729	0.00673	0.00962	0.01202	0.01969	0.01195	0.25176	0.58895	0.00593	0.00914	0.00498	0.02939	0.00348
49	0.00618	0.00415	0.00479	0.00489	0.00496	0.00414	0.00290	0.00633	0.00650	0.00864	0.01444	0.06941	0.01663	0.75982	0.01993	0.00388	0.00403	0.05297	0.00272	0.00270
50	0.00931	0.00931	0.01303	0.01117	0.01117	0.01303	0.00931	0.01024	0.00652	0.01024	0.00559	0.00931	0.00559	0.00745	0.01396	0.00186	0.84267	0.00372	0.00186	0.00465
51	0.01600	0.01183	0.01267	0.00976	0.01313	0.01311	0.00805	0.78533	0.04469	0.02654	0.01044	0.01039	0.00741	0.00513	0.00426	0.00128	0.00464	0.00386	0.00426	0.00722
52	0.00620	0.00437	0.00554	0.00550	0.00577	0.00468	0.00364	0.00677	0.00656	0.00905	0.03415	0.02397	0.01436	0.54437	0.28726	0.00490	0.02168	0.00565	0.00252	0.00305
