[name]
unknown

[dist]
# distance from previous block
# <min> <max>
0	165

[block]
# block no. 0 follows, 63 sequences, length 18
# corresponding to MSA columns:
# 174-191
name=unknown_A
#
# <colnr> <probs for GDERKNQSTAVLIFYWHMCP>
#	G	D	E	R	K	N	Q	S	T	A	V	L	I	F	Y	W	H	M	C	P
0	0.02480	0.08184	0.01296	0.04180	0.05112	0.16789	0.06026	0.21908	0.01254	0.07816	0.04875	0.01186	0.00877	0.00572	0.03134	0.00138	0.03350	0.02526	0.00307	0.07991
1	0.05824	0.00683	0.00812	0.00687	0.00915	0.00684	0.00546	0.04298	0.19659	0.30917	0.21019	0.01832	0.01763	0.00604	0.00422	0.00131	0.00302	0.00502	0.07817	0.00586
2	0.00603	0.00436	0.00561	0.00565	0.00627	0.00452	0.00400	0.00742	0.03414	0.01105	0.14284	0.13258	0.06859	0.24630	0.27699	0.00387	0.00565	0.00667	0.02394	0.00350
3	0.00527	0.00427	0.00468	0.00458	0.00586	0.00368	0.00343	0.00662	0.01030	0.01306	0.28497	0.03765	0.58088	0.01001	0.00497	0.00139	0.00208	0.00848	0.00413	0.00368
4	0.00529	0.00383	0.00489	0.00560	0.00602	0.00356	0.00381	0.00611	0.00832	0.01099	0.07011	0.61924	0.11193	0.08501	0.00670	0.00187	0.00257	0.03693	0.00383	0.00340
5	0.01124	0.85479	0.02203	0.00719	0.01079	0.01663	0.00719	0.01259	0.00854	0.00989	0.00584	0.00674	0.00539	0.00360	0.00270	0.00090	0.00450	0.00225	0.00180	0.00539
6	0.01573	0.01919	0.01198	0.01071	0.01300	0.75154	0.00811	0.09786	0.01271	0.01194	0.00686	0.00784	0.00559	0.00440	0.00383	0.00110	0.00728	0.00282	0.00237	0.00511
7	0.88196	0.00813	0.00618	0.00553	0.00813	0.00943	0.00455	0.01236	0.00715	0.01886	0.00585	0.00683	0.00455	0.00390	0.00260	0.00130	0.00325	0.00228	0.00260	0.00455
8	0.20727	0.00737	0.00897	0.00705	0.01016	0.00689	0.00582	0.01871	0.01097	0.65211	0.01424	0.01268	0.00913	0.00492	0.00387	0.00130	0.00351	0.00380	0.00464	0.00659
9	0.00695	0.00547	0.00734	0.00702	0.00764	0.02243	0.00546	0.00828	0.00700	0.01041	0.01068	0.01594	0.01001	0.09094	0.51679	0.00492	0.14641	0.00439	0.10810	0.00384
10	0.01158	0.00998	0.01004	0.00882	0.01121	0.07592	0.00697	0.19009	0.48734	0.01815	0.01466	0.01559	0.01148	0.00742	0.05757	0.00173	0.00448	0.04674	0.00394	0.00628
11	0.01388	0.00617	0.00788	0.00643	0.00900	0.00535	0.00518	0.01552	0.02683	0.52856	0.04156	0.04028	0.26079	0.00712	0.00449	0.00135	0.00307	0.00589	0.00475	0.00589
12	0.01040	0.00999	0.01706	0.02580	0.82604	0.00999	0.01290	0.01290	0.00957	0.01373	0.00791	0.01040	0.00666	0.00375	0.00416	0.00125	0.00499	0.00375	0.00208	0.00666
13	0.00717	0.00456	0.00577	0.00540	0.00666	0.00409	0.00407	0.00883	0.01114	0.10793	0.51504	0.10606	0.17922	0.00900	0.00491	0.00137	0.00223	0.00785	0.00449	0.00420
14	0.76842	0.00982	0.07058	0.00631	0.00917	0.05295	0.00559	0.01266	0.00754	0.01798	0.00602	0.00703	0.00466	0.00393	0.00277	0.00129	0.00371	0.00236	0.00251	0.00470
15	0.00705	0.00593	0.00700	0.00747	0.04337	0.06020	0.00510	0.02039	0.00793	0.01049	0.03466	0.29690	0.01781	0.22202	0.11938	0.00291	0.07929	0.04543	0.00299	0.00368
16	0.01570	0.01025	0.01140	0.00888	0.01206	0.01096	0.00729	0.54856	0.07649	0.19708	0.01344	0.01275	0.04447	0.00538	0.00425	0.00129	0.00419	0.00418	0.00441	0.00695
17	0.04309	0.08282	0.01186	0.02677	0.06251	0.15661	0.00745	0.22683	0.20156	0.01690	0.02223	0.01195	0.00882	0.04953	0.00511	0.00140	0.02801	0.00381	0.02686	0.00586

[dist]
# distance from previous block
# <min> <max>
0	1

[block]
# block no. 1 follows, 63 sequences, length 17
# corresponding to MSA columns:
# 193-205,214-217
name=unknown_B
#
# <colnr> <probs for GDERKNQSTAVLIFYWHMCP>
#	G	D	E	R	K	N	Q	S	T	A	V	L	I	F	Y	W	H	M	C	P
0	0.02214	0.28414	0.20624	0.01104	0.10202	0.08716	0.03153	0.03290	0.03933	0.06550	0.02055	0.01071	0.00742	0.00436	0.00368	0.00117	0.00509	0.03337	0.00239	0.02927
1	0.01128	0.11389	0.23291	0.01362	0.19643	0.08191	0.02175	0.10732	0.09974	0.04150	0.00921	0.01061	0.00718	0.00444	0.00411	0.00126	0.01714	0.01689	0.00259	0.00622
2	0.00994	0.00747	0.00878	0.00644	0.00994	0.00594	0.00517	0.05496	0.00976	0.09833	0.02724	0.01123	0.04308	0.00388	0.00341	0.00078	0.00318	0.00313	0.00297	0.68439
3	0.01009	0.00992	0.01583	0.12687	0.43468	0.04761	0.11812	0.02841	0.07738	0.01363	0.02151	0.01274	0.02499	0.00444	0.00447	0.00133	0.01661	0.02296	0.00240	0.00600
4	0.00627	0.00465	0.00546	0.00531	0.00652	0.00432	0.00394	0.00848	0.07229	0.04084	0.34236	0.13778	0.31160	0.02468	0.00523	0.00146	0.00229	0.00825	0.00423	0.00403
5	0.00619	0.00498	0.00553	0.00530	0.00653	0.02958	0.00400	0.03203	0.01109	0.01460	0.43895	0.06933	0.31899	0.00936	0.00494	0.00138	0.00235	0.02672	0.00423	0.00392
6	0.00832	0.00705	0.00829	0.00619	0.00953	0.00536	0.00486	0.01006	0.00864	0.01337	0.00921	0.10170	0.00861	0.00423	0.00336	0.00074	0.00304	0.00354	0.00265	0.78124
7	0.01570	0.02004	0.01191	0.01083	0.01300	0.83539	0.00812	0.01679	0.01191	0.01029	0.00650	0.00758	0.00541	0.00433	0.00379	0.00108	0.00758	0.00271	0.00217	0.00487
8	0.00845	0.00453	0.00484	0.00459	0.00567	0.00473	0.00353	0.03867	0.00914	0.03785	0.01325	0.01517	0.01040	0.00561	0.02208	0.00116	0.03904	0.00392	0.76319	0.00415
9	0.00503	0.00426	0.00434	0.00432	0.00571	0.00357	0.00324	0.00614	0.00972	0.01168	0.08823	0.03993	0.77849	0.01053	0.00497	0.00141	0.00212	0.00880	0.00395	0.00357
10	0.00707	0.00521	0.00696	0.00767	0.00877	0.00532	0.00659	0.00996	0.08695	0.01332	0.07108	0.04341	0.02406	0.01086	0.00561	0.00185	0.00370	0.67350	0.00396	0.00414
11	0.01040	0.00999	0.01706	0.02580	0.82604	0.00999	0.01290	0.01290	0.00957	0.01373	0.00791	0.01040	0.00666	0.00375	0.00416	0.00125	0.00499	0.00375	0.00208	0.00666
12	0.01827	0.00702	0.00957	0.00738	0.01053	0.00608	0.00608	0.01991	0.01203	0.79173	0.05358	0.01509	0.01175	0.00536	0.00426	0.00130	0.00350	0.00438	0.00518	0.00701
13	0.01040	0.00999	0.01706	0.02580	0.82604	0.00999	0.01290	0.01290	0.00957	0.01373	0.00791	0.01040	0.00666	0.00375	0.00416	0.00125	0.00499	0.00375	0.00208	0.00666
14	0.01650	0.01094	0.01210	0.00928	0.01262	0.01180	0.00766	0.66966	0.01837	0.17082	0.01126	0.01085	0.00773	0.00507	0.00421	0.00127	0.00444	0.00386	0.00438	0.00715
15	0.00852	0.02110	0.78091	0.01233	0.01843	0.00982	0.06446	0.01332	0.00894	0.01332	0.00760	0.00903	0.00539	0.00397	0.00405	0.00134	0.00627	0.00322	0.00180	0.00618
16	0.00815	0.00769	0.01299	0.77217	0.09730	0.00940	0.01178	0.01093	0.00851	0.01100	0.00751	0.01114	0.00569	0.00416	0.00420	0.00139	0.00555	0.00374	0.00189	0.00484

[dist]
# distance from previous block
# <min> <max>
0	1

[block]
# block no. 2 follows, 63 sequences, length 46
# corresponding to MSA columns:
# 219-264
name=unknown_C
#
# <colnr> <probs for GDERKNQSTAVLIFYWHMCP>
#	G	D	E	R	K	N	Q	S	T	A	V	L	I	F	Y	W	H	M	C	P
0	0.00794	0.00747	0.01261	0.84216	0.02895	0.00934	0.01167	0.01074	0.00841	0.01074	0.00747	0.01121	0.00560	0.00420	0.00420	0.00140	0.00560	0.00374	0.00187	0.00467
1	0.00908	0.00643	0.00785	0.02965	0.00936	0.00539	0.00493	0.01090	0.03733	0.11421	0.01248	0.17036	0.01193	0.08912	0.00555	0.00130	0.00322	0.00497	0.00315	0.46279
2	0.00608	0.00406	0.00460	0.00463	0.00464	0.00405	0.00260	0.00610	0.00618	0.00824	0.01360	0.05653	0.01573	0.82264	0.02083	0.00399	0.00402	0.00632	0.00260	0.00258
3	0.00518	0.00427	0.00456	0.00449	0.00581	0.00364	0.00336	0.00645	0.01009	0.01257	0.21463	0.03846	0.65154	0.01019	0.00497	0.00140	0.00210	0.00859	0.00406	0.00364
4	0.79270	0.00803	0.00655	0.00573	0.00840	0.00909	0.00472	0.01320	0.00766	0.10264	0.00696	0.00760	0.00516	0.00404	0.00277	0.00130	0.00329	0.00248	0.00287	0.00482
5	0.01400	0.29916	0.01560	0.00992	0.04522	0.35158	0.00793	0.16207	0.02368	0.02401	0.00728	0.00808	0.00595	0.00422	0.00353	0.00107	0.00578	0.00284	0.00248	0.00560
6	0.00992	0.01134	0.02481	0.01772	0.02197	0.01063	0.81077	0.01347	0.00992	0.01347	0.00850	0.01134	0.00638	0.00354	0.00496	0.00142	0.00709	0.00496	0.00213	0.00567
7	0.00510	0.00423	0.00446	0.00448	0.00578	0.00359	0.00333	0.00626	0.00978	0.01200	0.13745	0.08728	0.68069	0.01054	0.00499	0.00142	0.00213	0.00890	0.00399	0.00359
8	0.01055	0.26583	0.43967	0.01051	0.02996	0.06616	0.01177	0.09548	0.01011	0.01347	0.00724	0.00832	0.00556	0.00400	0.00362	0.00118	0.00561	0.00291	0.00206	0.00599
9	0.00897	0.18009	0.67681	0.01107	0.01679	0.01107	0.01395	0.01318	0.00881	0.01266	0.00722	0.00847	0.00534	0.00392	0.00375	0.00125	0.00589	0.00294	0.00178	0.00606
10	0.00784	0.00392	0.00392	0.00392	0.00490	0.00392	0.00294	0.00980	0.00882	0.01567	0.01371	0.01567	0.01077	0.00490	0.00294	0.00098	0.00196	0.00392	0.87560	0.00392
11	0.03231	0.00734	0.01212	0.78488	0.02744	0.00910	0.01116	0.01059	0.00836	0.01097	0.00806	0.04501	0.00647	0.00456	0.00421	0.00141	0.00541	0.00403	0.00197	0.00462
12	0.01124	0.85479	0.02203	0.00719	0.01079	0.01663	0.00719	0.01259	0.00854	0.00989	0.00584	0.00674	0.00539	0.00360	0.00270	0.00090	0.00450	0.00225	0.00180	0.00539
13	0.01308	0.00606	0.00800	0.00722	0.03757	0.00551	0.00541	0.01507	0.04704	0.44231	0.06856	0.16390	0.06162	0.00707	0.00439	0.00135	0.00307	0.00604	0.09101	0.00573
14	0.01605	0.01167	0.01255	0.00962	0.01298	0.01288	0.00795	0.79341	0.01958	0.04536	0.01025	0.01019	0.00723	0.00505	0.00421	0.00126	0.00460	0.00380	0.00423	0.00715
15	0.79859	0.00816	0.00660	0.00578	0.00845	0.00931	0.00476	0.03532	0.00784	0.07455	0.00671	0.00743	0.00503	0.00402	0.00276	0.00130	0.00331	0.00245	0.00282	0.00480
16	0.00511	0.00369	0.00485	0.00578	0.00608	0.00342	0.00387	0.00586	0.00812	0.01076	0.02405	0.81272	0.06403	0.01306	0.00535	0.00169	0.00242	0.01181	0.00390	0.00342
17	0.00608	0.00422	0.00533	0.00533	0.00558	0.00448	0.00347	0.00659	0.00633	0.00870	0.01257	0.02376	0.01365	0.57223	0.29921	0.00499	0.00653	0.00556	0.00245	0.00296
18	0.00602	0.00443	0.00638	0.00638	0.00700	0.00505	0.00478	0.00726	0.00664	0.00948	0.01161	0.01843	0.01134	0.17433	0.69393	0.00629	0.01001	0.00478	0.00230	0.00354
19	0.00524	0.00418	0.00474	0.00511	0.00617	0.00368	0.00383	0.00632	0.00920	0.01135	0.03502	0.24945	0.51834	0.01142	0.00518	0.00156	0.00243	0.10934	0.00390	0.00355
20	0.00543	0.00399	0.00513	0.00596	0.00637	0.00383	0.00404	0.00682	0.05520	0.01115	0.02340	0.77660	0.05101	0.01266	0.00529	0.00168	0.00248	0.01144	0.00392	0.00361
21	0.04045	0.00735	0.00840	0.00623	0.00958	0.00602	0.00499	0.05739	0.00950	0.06111	0.00875	0.00979	0.00694	0.00356	0.00320	0.00076	0.00311	0.00281	0.09556	0.65452
22	0.00682	0.00460	0.00529	0.00510	0.00536	0.00488	0.00325	0.03125	0.00693	0.00989	0.01270	0.02394	0.01369	0.63441	0.04623	0.00353	0.05291	0.00555	0.12064	0.00303
23	0.00977	0.06192	0.15690	0.01552	0.01988	0.01086	0.57307	0.01384	0.05611	0.01341	0.00864	0.01088	0.00650	0.00381	0.00478	0.00138	0.02032	0.00446	0.00217	0.00578
24	0.00982	0.00942	0.01590	0.19396	0.61364	0.01002	0.01243	0.01229	0.00915	0.01290	0.00768	0.01050	0.00637	0.00405	0.00473	0.00131	0.05392	0.00374	0.00202	0.00613
25	0.88196	0.00813	0.00618	0.00553	0.00813	0.00943	0.00455	0.01236	0.00715	0.01886	0.00585	0.00683	0.00455	0.00390	0.00260	0.00130	0.00325	0.00228	0.00260	0.00455
26	0.00596	0.00441	0.00641	0.00647	0.00711	0.00501	0.00489	0.00726	0.00677	0.00965	0.01223	0.07083	0.01211	0.11582	0.69783	0.00615	0.00995	0.00515	0.00239	0.00361
27	0.00512	0.00384	0.00475	0.00543	0.00600	0.00347	0.00373	0.00598	0.00859	0.01114	0.06047	0.61242	0.22912	0.01235	0.00525	0.00162	0.00234	0.01100	0.00393	0.00347
28	0.00717	0.00560	0.00651	0.00629	0.00761	0.00570	0.00474	0.05697	0.18119	0.01516	0.27348	0.21698	0.14882	0.00925	0.00490	0.00147	0.00262	0.03678	0.00422	0.00452
29	0.01445	0.01771	0.01293	0.03839	0.17116	0.65080	0.00915	0.01585	0.01135	0.01097	0.00680	0.00824	0.00566	0.00421	0.00387	0.00112	0.00702	0.00294	0.00214	0.00521
30	0.02293	0.00376	0.00544	0.00543	0.00547	0.00378	0.00360	0.00564	0.00554	0.00756	0.00762	0.01353	0.00772	0.06310	0.01647	0.81119	0.00367	0.00377	0.00188	0.00192
31	0.01096	0.67896	0.14385	0.00814	0.01200	0.04866	0.00853	0.01282	0.00869	0.01043	0.00612	0.00715	0.00539	0.00376	0.00315	0.00099	0.02070	0.00242	0.00181	0.00548
32	0.00692	0.00513	0.00596	0.00556	0.00701	0.00492	0.00424	0.01005	0.13130	0.05421	0.39180	0.03102	0.29515	0.00904	0.01770	0.00145	0.00245	0.00739	0.00433	0.00438
33	0.00985	0.01184	0.06368	0.01744	0.02179	0.01059	0.77240	0.01346	0.00987	0.01346	0.00846	0.01122	0.00633	0.00357	0.00491	0.00141	0.00704	0.00487	0.00211	0.00570
34	0.01029	0.00987	0.01685	0.06519	0.78758	0.00996	0.01284	0.01280	0.00952	0.01359	0.00789	0.01044	0.00661	0.00377	0.00416	0.00126	0.00502	0.00375	0.00207	0.00656
35	0.01120	0.01093	0.00985	0.00862	0.01118	0.17163	0.00667	0.01930	0.52609	0.01551	0.01343	0.01294	0.01028	0.00501	0.00399	0.00123	0.00413	0.00398	0.00357	0.15049
36	0.00577	0.00427	0.00539	0.00514	0.00618	0.00389	0.00384	0.00758	0.01144	0.01583	0.67997	0.05366	0.16338	0.00903	0.00497	0.00135	0.00202	0.00791	0.00449	0.00389
37	0.00724	0.00369	0.00553	0.00553	0.00557	0.00372	0.00372	0.00557	0.00553	0.00741	0.00748	0.01295	0.00745	0.01537	0.05369	0.83808	0.00400	0.00369	0.00184	0.00191
38	0.01110	0.81460	0.06104	0.00742	0.01115	0.01630	0.00760	0.01262	0.00856	0.01006	0.00593	0.00685	0.00539	0.00362	0.00276	0.00092	0.00458	0.00229	0.00180	0.00543
39	0.00636	0.00498	0.00724	0.00703	0.00764	0.00598	0.00545	0.00767	0.00667	0.00966	0.01081	0.01667	0.01038	0.10018	0.67520	0.00599	0.10157	0.00455	0.00223	0.00374
40	0.00586	0.00479	0.00526	0.00526	0.00662	0.00444	0.00405	0.00821	0.09117	0.01275	0.13383	0.05959	0.52358	0.02057	0.00521	0.00151	0.00246	0.09691	0.00401	0.00393
41	0.00604	0.00405	0.00462	0.00469	0.00472	0.00403	0.00267	0.00612	0.00634	0.00847	0.02621	0.08762	0.01657	0.77823	0.01998	0.00386	0.00392	0.00656	0.00268	0.00263
42	0.04462	0.01246	0.01265	0.00986	0.01310	0.09393	0.02865	0.68635	0.01832	0.02430	0.00956	0.00977	0.00687	0.00490	0.00413	0.00125	0.00494	0.00366	0.00390	0.00680
43	0.01123	0.01136	0.01565	0.05494	0.59016	0.13150	0.02300	0.03815	0.04696	0.01367	0.00817	0.01024	0.00672	0.00397	0.00411	0.00123	0.00532	0.00364	0.00226	0.01771
44	0.00978	0.23794	0.42447	0.00982	0.01421	0.06859	0.01112	0.04611	0.00935	0.01252	0.04045	0.01028	0.00740	0.05353	0.00495	0.00137	0.02718	0.00325	0.00207	0.00560
45	0.10123	0.00516	0.00540	0.00489	0.00637	0.00516	0.01218	0.04773	0.00933	0.01606	0.09252	0.02460	0.01276	0.04363	0.00406	0.00118	0.00248	0.00418	0.52359	0.07750

[dist]
# distance from previous block
# <min> <max>
3	8

[block]
# block no. 3 follows, 63 sequences, length 46
# corresponding to MSA columns:
# 273-318
name=unknown_D
#
# <colnr> <probs for GDERKNQSTAVLIFYWHMCP>
#	G	D	E	R	K	N	Q	S	T	A	V	L	I	F	Y	W	H	M	C	P
0	0.00980	0.00891	0.03156	0.13347	0.01325	0.08112	0.02272	0.08394	0.25840	0.03040	0.02895	0.10865	0.02053	0.00735	0.02180	0.00156	0.00438	0.10258	0.02531	0.00533
1	0.01103	0.00998	0.01001	0.00797	0.03260	0.12018	0.00614	0.15782	0.01119	0.01560	0.00793	0.00897	0.00637	0.00368	0.00343	0.00082	0.00403	0.00281	0.01626	0.56318
2	0.00574	0.00424	0.00531	0.00554	0.00637	0.00397	0.00403	0.00749	0.03858	0.01368	0.34441	0.33400	0.14002	0.01050	0.00508	0.00150	0.00229	0.04132	0.02214	0.00380
3	0.00535	0.00431	0.00475	0.00477	0.00596	0.00380	0.00351	0.00682	0.02932	0.01258	0.20883	0.12823	0.53183	0.02448	0.00527	0.00148	0.00219	0.00880	0.00405	0.00368
4	0.00562	0.00433	0.00514	0.00515	0.00629	0.00389	0.00396	0.00713	0.01042	0.01362	0.34965	0.05019	0.38041	0.02752	0.00542	0.00151	0.00234	0.10951	0.00416	0.00373
5	0.01046	0.00903	0.00951	0.00855	0.01093	0.01046	0.00665	0.02234	0.81845	0.01759	0.01711	0.01568	0.01283	0.00570	0.00428	0.00143	0.00333	0.00475	0.00428	0.00665
6	0.00868	0.01999	0.69460	0.01295	0.01883	0.00991	0.14965	0.01334	0.00905	0.01334	0.00771	0.00929	0.00550	0.00392	0.00416	0.00135	0.00636	0.00342	0.00183	0.00612
7	0.00892	0.00759	0.00883	0.00632	0.01005	0.00581	0.00507	0.03303	0.00903	0.01406	0.00755	0.00876	0.00625	0.00317	0.00314	0.00064	0.00316	0.00253	0.00254	0.85357
8	0.00646	0.00556	0.00895	0.00794	0.00931	0.00535	0.14061	0.00795	0.00834	0.01135	0.04295	0.34017	0.09408	0.04629	0.16423	0.00261	0.01911	0.01615	0.00313	0.05945
9	0.00605	0.00411	0.00491	0.00506	0.00520	0.00414	0.00314	0.00635	0.00657	0.00880	0.01463	0.10813	0.01671	0.65836	0.07807	0.00391	0.00443	0.05589	0.00274	0.00280
10	0.01570	0.02004	0.01191	0.01083	0.01300	0.83539	0.00812	0.01679	0.01191	0.01029	0.00650	0.00758	0.00541	0.00433	0.00379	0.00108	0.00758	0.00271	0.00217	0.00487
11	0.00611	0.00408	0.00458	0.00458	0.00458	0.00408	0.00255	0.00611	0.00611	0.00815	0.01325	0.02751	0.01528	0.85226	0.02140	0.00408	0.00408	0.00611	0.00255	0.00255
12	0.03051	0.00915	0.01216	0.03341	0.12787	0.04086	0.07897	0.11520	0.06670	0.18720	0.01151	0.01201	0.03064	0.00452	0.00419	0.00117	0.02099	0.00384	0.01703	0.19208
13	0.01491	0.01121	0.01194	0.00928	0.01249	0.03498	0.00760	0.61817	0.07286	0.05377	0.01038	0.01042	0.00749	0.00496	0.00432	0.00123	0.02341	0.00372	0.00399	0.08285
14	0.00511	0.00426	0.00445	0.00441	0.00576	0.00361	0.00330	0.00631	0.00991	0.01214	0.15455	0.03916	0.71188	0.01035	0.00497	0.00141	0.00211	0.00869	0.00401	0.00361
15	0.00993	0.01131	0.02462	0.01791	0.04096	0.01062	0.79193	0.01345	0.00991	0.01347	0.00849	0.01132	0.00639	0.00355	0.00494	0.00141	0.00704	0.00493	0.00213	0.00569
16	0.00867	0.09388	0.76048	0.01157	0.01755	0.01036	0.01481	0.01325	0.00885	0.01302	0.00740	0.00869	0.00533	0.00396	0.00388	0.00129	0.00606	0.00303	0.00178	0.00614
17	0.05770	0.00678	0.00867	0.00690	0.00969	0.00618	0.00563	0.03695	0.02583	0.60641	0.02875	0.01504	0.03197	0.00590	0.02279	0.00139	0.00350	0.00428	0.10922	0.00641
18	0.00687	0.00511	0.00671	0.00742	0.00851	0.00517	0.00630	0.00958	0.08415	0.01284	0.02358	0.08671	0.09217	0.01107	0.00557	0.00183	0.00359	0.61483	0.00391	0.00408
19	0.01010	0.15047	0.01061	0.00751	0.00965	0.03546	0.00608	0.04982	0.29775	0.07447	0.13294	0.11553	0.03073	0.00684	0.00442	0.00135	0.01657	0.03039	0.00381	0.00550
20	0.00843	0.02174	0.83048	0.01198	0.01819	0.00976	0.01553	0.01331	0.00888	0.01331	0.00754	0.00888	0.00533	0.00399	0.00399	0.00133	0.00621	0.00311	0.00178	0.00621
21	0.00510	0.00428	0.00446	0.00454	0.00589	0.00363	0.00345	0.00623	0.00959	0.01153	0.05749	0.06532	0.73536	0.01074	0.00503	0.00146	0.00224	0.05619	0.00392	0.00357
22	0.00588	0.00399	0.00464	0.00485	0.00493	0.00392	0.00285	0.00606	0.00659	0.00876	0.01596	0.20102	0.03513	0.65753	0.01767	0.00352	0.00369	0.00740	0.00286	0.00275
23	0.00611	0.00410	0.00471	0.00471	0.00475	0.00414	0.00270	0.00619	0.00615	0.00824	0.01313	0.02690	0.01502	0.80660	0.06670	0.00422	0.00448	0.00602	0.00253	0.00261
24	0.00843	0.02174	0.83048	0.01198	0.01819	0.00976	0.01553	0.01331	0.00888	0.01331	0.00754	0.00888	0.00533	0.00399	0.00399	0.00133	0.00621	0.00311	0.00178	0.00621
25	0.00854	0.04153	0.79060	0.01201	0.01811	0.00995	0.03550	0.01330	0.00889	0.01323	0.00753	0.00889	0.00535	0.00397	0.00399	0.00132	0.00619	0.00313	0.00178	0.00618
26	0.00601	0.00447	0.00659	0.00659	0.00729	0.00517	0.00505	0.00740	0.00671	0.00964	0.01141	0.01735	0.01087	0.09358	0.77405	0.00655	0.01072	0.00463	0.00227	0.00366
27	0.00920	0.16726	0.55000	0.04726	0.03186	0.01118	0.01311	0.01291	0.00865	0.02680	0.00723	0.00875	0.00548	0.00424	0.00464	0.00130	0.07931	0.00306	0.00186	0.00588
28	0.00720	0.00404	0.00446	0.00436	0.00531	0.00394	0.00324	0.00910	0.00965	0.01576	0.25926	0.02087	0.01970	0.03687	0.00422	0.00120	0.00204	0.00511	0.57980	0.00388
29	0.03544	0.07337	0.03271	0.01386	0.12376	0.01083	0.26570	0.15444	0.02782	0.12134	0.00939	0.01073	0.00700	0.00439	0.00498	0.00132	0.06800	0.00403	0.00290	0.02798
30	0.16116	0.01036	0.01128	0.02538	0.01232	0.01130	0.02249	0.51417	0.04226	0.13262	0.01040	0.01034	0.00729	0.00485	0.00396	0.00128	0.00428	0.00364	0.00399	0.00662
31	0.00555	0.00404	0.00524	0.00587	0.00644	0.00381	0.00425	0.00664	0.00881	0.01168	0.12278	0.46610	0.11295	0.06040	0.02616	0.00192	0.00288	0.13709	0.00387	0.00353
32	0.00623	0.00441	0.00585	0.00619	0.00658	0.00464	0.00437	0.00710	0.00780	0.03251	0.03989	0.49987	0.02142	0.10872	0.10001	0.00249	0.07742	0.00897	0.05194	0.00360
33	0.03310	0.00820	0.01375	0.54417	0.26111	0.00941	0.02574	0.01134	0.00873	0.01189	0.00797	0.03183	0.00645	0.00427	0.00419	0.00136	0.00531	0.00393	0.00201	0.00524
34	0.00804	0.00601	0.00670	0.00640	0.02456	0.00600	0.00481	0.05872	0.18820	0.06086	0.11155	0.06242	0.35418	0.00839	0.00464	0.00139	0.00272	0.02950	0.05012	0.00478
35	0.01365	0.01590	0.01086	0.00980	0.01203	0.54465	0.00743	0.01776	0.23292	0.01253	0.00970	0.01019	0.00770	0.00515	0.01827	0.00126	0.00618	0.00332	0.02369	0.03700
36	0.04796	0.00797	0.00975	0.00756	0.01079	0.00744	0.00617	0.10869	0.09777	0.48498	0.01398	0.01276	0.00938	0.00484	0.00398	0.00120	0.00358	0.00387	0.00444	0.15290
37	0.17932	0.00812	0.00889	0.00737	0.01012	0.00848	0.00594	0.10205	0.23213	0.26162	0.06385	0.01414	0.02811	0.00530	0.00394	0.00130	0.00341	0.00417	0.00416	0.04758
38	0.03536	0.55246	0.07242	0.00803	0.01158	0.03645	0.00775	0.11880	0.09747	0.01338	0.00775	0.00831	0.00640	0.00407	0.00318	0.00105	0.00455	0.00279	0.00241	0.00578
39	0.00518	0.00368	0.00486	0.00578	0.00601	0.00345	0.00383	0.00587	0.00794	0.01058	0.02261	0.80289	0.02709	0.06077	0.00627	0.00184	0.00253	0.01162	0.00383	0.00337
40	0.01592	0.00876	0.01033	0.00809	0.01109	0.00889	0.00663	0.33541	0.05771	0.37445	0.06170	0.01378	0.01099	0.00535	0.00420	0.00128	0.00380	0.00426	0.05061	0.00677
41	0.01125	0.02511	0.10344	0.07238	0.01162	0.05579	0.02839	0.07061	0.01046	0.19812	0.06042	0.01411	0.01057	0.00799	0.09893	0.00184	0.00487	0.00408	0.20469	0.00532
42	0.00607	0.00479	0.02202	0.00647	0.00713	0.00513	0.00492	0.00729	0.00689	0.00977	0.02684	0.09593	0.01325	0.17346	0.56324	0.00549	0.02976	0.00549	0.00248	0.00358
43	0.01244	0.01508	0.03649	0.03638	0.05550	0.40636	0.14440	0.01412	0.00993	0.01105	0.00672	0.00889	0.00567	0.00490	0.00649	0.00135	0.21368	0.00342	0.00206	0.00506
44	0.00601	0.00450	0.00676	0.00676	0.00751	0.00525	0.00525	0.00751	0.00676	0.00976	0.01126	0.01651	0.01051	0.03153	0.83560	0.00676	0.01126	0.00450	0.00225	0.00375
45	0.02499	0.00782	0.01050	0.29718	0.09361	0.04924	0.00839	0.03466	0.06803	0.11024	0.07790	0.04497	0.05425	0.00566	0.00461	0.00136	0.03564	0.01365	0.05214	0.00516

[dist]
# distance from previous block
# <min> <max>
3	11

[block]
# block no. 4 follows, 63 sequences, length 85
# corresponding to MSA columns:
# 330-383,386-416
name=unknown_E
#
# <colnr> <probs for GDERKNQSTAVLIFYWHMCP>
#	G	D	E	R	K	N	Q	S	T	A	V	L	I	F	Y	W	H	M	C	P
0	0.08601	0.07245	0.11622	0.02531	0.09244	0.13416	0.15543	0.08406	0.09741	0.05394	0.00968	0.01069	0.02245	0.00435	0.00402	0.00126	0.00538	0.00372	0.00270	0.01832
1	0.01324	0.07629	0.03620	0.00945	0.05691	0.10873	0.00740	0.15082	0.17263	0.16865	0.01202	0.01190	0.02425	0.00486	0.00417	0.00120	0.02495	0.00375	0.01286	0.09973
2	0.00772	0.04615	0.05643	0.01202	0.20296	0.00711	0.06236	0.01006	0.05089	0.01261	0.06577	0.32639	0.04096	0.00814	0.00487	0.00145	0.02001	0.03142	0.00312	0.02954
3	0.01104	0.00773	0.00695	0.00605	0.00794	0.13603	0.00469	0.06241	0.01038	0.11600	0.01204	0.01314	0.00917	0.00467	0.00333	0.00102	0.00333	0.00361	0.48294	0.09752
4	0.00810	0.00459	0.00468	0.00453	0.00571	0.00473	0.00343	0.02344	0.09273	0.01594	0.03561	0.01671	0.03527	0.00524	0.00321	0.00105	0.00215	0.00424	0.72438	0.00424
5	0.00522	0.00406	0.00476	0.00507	0.00599	0.00360	0.00365	0.00634	0.00943	0.01209	0.16843	0.32919	0.39015	0.01122	0.00512	0.00152	0.00225	0.02431	0.00403	0.00358
6	0.00559	0.00423	0.00512	0.00501	0.00604	0.00380	0.00369	0.00714	0.01073	0.01446	0.50172	0.10007	0.27297	0.03405	0.00547	0.00146	0.00212	0.00829	0.00429	0.00376
7	0.00573	0.00431	0.00531	0.00511	0.00621	0.00389	0.00387	0.00748	0.01124	0.01532	0.59917	0.03423	0.23736	0.00922	0.00499	0.00137	0.00208	0.03483	0.00442	0.00386
8	0.01104	0.79627	0.07882	0.00753	0.01131	0.01615	0.00778	0.01264	0.00857	0.01013	0.00596	0.00689	0.00539	0.00362	0.00279	0.00093	0.00462	0.00231	0.00180	0.00545
9	0.01116	0.00827	0.00924	0.00784	0.01006	0.00894	0.00628	0.33833	0.16546	0.03259	0.22072	0.05148	0.01854	0.00679	0.00451	0.00136	0.00347	0.05451	0.03468	0.00578
10	0.88196	0.00813	0.00618	0.00553	0.00813	0.00943	0.00455	0.01236	0.00715	0.01886	0.00585	0.00683	0.00455	0.00390	0.00260	0.00130	0.00325	0.00228	0.00260	0.00455
11	0.00602	0.00446	0.00654	0.00654	0.00722	0.00514	0.00499	0.00737	0.00669	0.00960	0.01146	0.01760	0.01098	0.11256	0.75522	0.00649	0.01055	0.00466	0.00228	0.00363
12	0.01598	0.01177	0.01262	0.00967	0.01304	0.01304	0.00799	0.81202	0.01976	0.02649	0.01009	0.01009	0.00715	0.00505	0.00421	0.00126	0.00463	0.00378	0.00421	0.00715
13	0.00615	0.00410	0.00471	0.00471	0.00479	0.00415	0.00274	0.00631	0.00623	0.00846	0.01312	0.02645	0.01484	0.77386	0.07578	0.00417	0.00450	0.00594	0.02631	0.00267
14	0.01078	0.00908	0.00957	0.00851	0.01091	0.01046	0.00665	0.07876	0.73837	0.01817	0.01651	0.01528	0.01237	0.00563	0.00423	0.00140	0.00338	0.00466	0.02865	0.00661
15	0.00901	0.00895	0.01213	0.01053	0.01068	0.03527	0.00870	0.01000	0.00663	0.01008	0.00622	0.01001	0.00610	0.01012	0.11035	0.00240	0.72268	0.00375	0.00190	0.00451
16	0.00528	0.00427	0.00469	0.00458	0.00587	0.00368	0.00344	0.00663	0.01031	0.01310	0.28965	0.03759	0.57618	0.01000	0.00497	0.00139	0.00208	0.00847	0.00413	0.00368
17	0.00738	0.00471	0.00595	0.00543	0.00679	0.00427	0.00414	0.00935	0.02640	0.11113	0.58202	0.03064	0.16863	0.00849	0.00486	0.00134	0.00222	0.00737	0.00457	0.00432
18	0.00872	0.00747	0.00872	0.00623	0.00996	0.00560	0.00498	0.01058	0.00872	0.01370	0.00747	0.00872	0.00623	0.00311	0.00311	0.00062	0.00311	0.00249	0.00249	0.87796
19	0.00603	0.00440	0.00623	0.00623	0.00680	0.00497	0.00460	0.00717	0.00660	0.00937	0.01174	0.01917	0.01166	0.22957	0.63913	0.00611	0.00953	0.00489	0.00232	0.00346
20	0.00537	0.00426	0.00482	0.00472	0.00593	0.00371	0.00352	0.00679	0.01047	0.01354	0.35457	0.05970	0.48792	0.00990	0.00498	0.00139	0.00208	0.00845	0.00419	0.00371
21	0.01115	0.04634	0.03683	0.13035	0.29156	0.25699	0.03050	0.02448	0.01005	0.01204	0.00894	0.09012	0.00815	0.00492	0.00411	0.00125	0.00562	0.00418	0.01702	0.00541
22	0.71680	0.11183	0.00887	0.00629	0.00904	0.04263	0.02833	0.01259	0.00759	0.01728	0.00595	0.00698	0.00474	0.00387	0.00273	0.00125	0.00368	0.00237	0.00247	0.00470
23	0.01933	0.00960	0.02948	0.11519	0.44717	0.05087	0.01056	0.04025	0.06661	0.03585	0.05148	0.02526	0.02586	0.00483	0.00437	0.00131	0.01637	0.02334	0.01632	0.00595
24	0.01014	0.00949	0.01614	0.16781	0.67119	0.00980	0.01256	0.01267	0.00942	0.02906	0.00800	0.01062	0.00655	0.00385	0.00417	0.00128	0.00507	0.00375	0.00210	0.00632
25	0.00609	0.00485	0.00704	0.02191	0.00791	0.00490	0.05429	0.00761	0.00889	0.01215	0.23134	0.11239	0.14157	0.07964	0.24943	0.00320	0.01848	0.02117	0.00333	0.00380
26	0.00864	0.00838	0.04052	0.11906	0.41572	0.00826	0.02804	0.01136	0.05318	0.01269	0.01185	0.19299	0.01161	0.00748	0.04998	0.00168	0.00486	0.00563	0.00257	0.00551
27	0.01105	0.08895	0.24934	0.05374	0.10696	0.11594	0.07918	0.06824	0.01023	0.05687	0.00799	0.00938	0.00609	0.00405	0.00407	0.00119	0.02067	0.00329	0.00232	0.10042
28	0.57908	0.00806	0.02243	0.00669	0.02995	0.00841	0.00539	0.01465	0.00867	0.24910	0.00916	0.00928	0.00642	0.00429	0.00314	0.00129	0.00341	0.00292	0.02230	0.00536
29	0.00551	0.00436	0.00463	0.00456	0.00597	0.00370	0.00346	0.00672	0.00991	0.03452	0.12965	0.03890	0.69141	0.01029	0.00497	0.00142	0.00220	0.03009	0.00402	0.00370
30	0.00803	0.00753	0.01254	0.66690	0.13196	0.00895	0.01117	0.01064	0.00861	0.01117	0.00981	0.03687	0.04905	0.00474	0.00427	0.00139	0.00525	0.00424	0.00206	0.00484
31	0.00794	0.00747	0.01261	0.84216	0.02895	0.00934	0.01167	0.01074	0.00841	0.01074	0.00747	0.01121	0.00560	0.00420	0.00420	0.00140	0.00560	0.00374	0.00187	0.00467
32	0.00511	0.00426	0.00446	0.00447	0.00582	0.00362	0.00337	0.00627	0.00977	0.01188	0.11377	0.05714	0.71520	0.01053	0.00500	0.00143	0.00217	0.02818	0.00397	0.00359
33	0.01166	0.63354	0.10562	0.00828	0.01192	0.14681	0.00822	0.01334	0.00912	0.01031	0.00613	0.00710	0.00539	0.00376	0.00301	0.00097	0.00517	0.00241	0.00185	0.00540
34	0.00589	0.00432	0.00553	0.00529	0.00633	0.00396	0.00401	0.00777	0.01156	0.01610	0.70787	0.03305	0.11952	0.00894	0.00500	0.00136	0.00208	0.04298	0.00452	0.00392
35	0.88196	0.00813	0.00618	0.00553	0.00813	0.00943	0.00455	0.01236	0.00715	0.01886	0.00585	0.00683	0.00455	0.00390	0.00260	0.00130	0.00325	0.00228	0.00260	0.00455
36	0.88196	0.00813	0.00618	0.00553	0.00813	0.00943	0.00455	0.01236	0.00715	0.01886	0.00585	0.00683	0.00455	0.00390	0.00260	0.00130	0.00325	0.00228	0.00260	0.00455
37	0.01040	0.00999	0.01706	0.02580	0.82604	0.00999	0.01290	0.01290	0.00957	0.01373	0.00791	0.01040	0.00666	0.00375	0.00416	0.00125	0.00499	0.00375	0.00208	0.00666
38	0.00707	0.00434	0.00566	0.00578	0.00673	0.00395	0.00418	0.00831	0.00978	0.11388	0.24707	0.43088	0.10232	0.01065	0.00508	0.00153	0.00245	0.02204	0.00426	0.00405
39	0.00516	0.00368	0.00492	0.00589	0.00615	0.00345	0.00396	0.00592	0.00808	0.01077	0.02315	0.83208	0.02773	0.01314	0.00538	0.00171	0.00247	0.02904	0.00390	0.00342
40	0.01046	0.00903	0.00951	0.00855	0.01093	0.01046	0.00665	0.02234	0.81845	0.01759	0.01711	0.01568	0.01283	0.00570	0.00428	0.00143	0.00333	0.00475	0.00428	0.00665
41	0.01570	0.02004	0.01191	0.01083	0.01300	0.83539	0.00812	0.01679	0.01191	0.01029	0.00650	0.00758	0.00541	0.00433	0.00379	0.00108	0.00758	0.00271	0.00217	0.00487
42	0.00896	0.00888	0.01270	0.01087	0.01104	0.01221	0.02983	0.01000	0.00655	0.01018	0.00605	0.00983	0.00594	0.00917	0.07874	0.00222	0.75660	0.00378	0.00188	0.00456
43	0.00519	0.00373	0.00495	0.00590	0.00621	0.00348	0.00402	0.00599	0.00816	0.01083	0.02363	0.79198	0.04806	0.01303	0.00538	0.00171	0.00250	0.04792	0.00390	0.00344
44	0.01040	0.00999	0.01706	0.02580	0.82604	0.00999	0.01290	0.01290	0.00957	0.01373	0.00791	0.01040	0.00666	0.00375	0.00416	0.00125	0.00499	0.00375	0.00208	0.00666
45	0.00914	0.23343	0.62504	0.01076	0.01631	0.01151	0.01341	0.01313	0.00879	0.01244	0.00711	0.00833	0.00534	0.00389	0.00366	0.00122	0.00578	0.00289	0.00178	0.00600
46	0.00510	0.00418	0.00449	0.00459	0.00580	0.00358	0.00337	0.00622	0.00963	0.01188	0.12627	0.14805	0.63075	0.01076	0.00502	0.00145	0.00215	0.00915	0.00398	0.00358
47	0.00501	0.00416	0.00438	0.00453	0.00576	0.00353	0.00332	0.00604	0.00937	0.01135	0.05221	0.17079	0.68307	0.01102	0.00503	0.00146	0.00218	0.00935	0.00392	0.00353
48	0.01598	0.01177	0.01262	0.00967	0.01304	0.01304	0.00799	0.81202	0.01976	0.02649	0.01009	0.01009	0.00715	0.00505	0.00421	0.00126	0.00463	0.00378	0.00421	0.00715
49	0.00601	0.00450	0.00676	0.00676	0.00751	0.00525	0.00525	0.00751	0.00676	0.00976	0.01126	0.01651	0.01051	0.03153	0.83560	0.00676	0.01126	0.00450	0.00225	0.00375
50	0.00794	0.00747	0.01261	0.84216	0.02895	0.00934	0.01167	0.01074	0.00841	0.01074	0.00747	0.01121	0.00560	0.00420	0.00420	0.00140	0.00560	0.00374	0.00187	0.00467
51	0.00975	0.01091	0.02280	0.01658	0.02017	0.01084	0.68385	0.01289	0.00938	0.01293	0.00814	0.01114	0.00634	0.00461	0.02204	0.00158	0.12372	0.00477	0.00209	0.00548
52	0.00522	0.00377	0.00508	0.00592	0.00625	0.00363	0.00404	0.00604	0.00794	0.01064	0.02228	0.73663	0.04452	0.01518	0.09897	0.00227	0.00343	0.01104	0.00372	0.00346
53	0.01223	0.01426	0.01243	0.01094	0.01195	0.39681	0.00870	0.01323	0.00899	0.01020	0.00598	0.00844	0.00547	0.00595	0.00913	0.00149	0.45388	0.00323	0.00199	0.00473
54	0.00599	0.00432	0.00569	0.00549	0.00646	0.00402	0.00417	0.00794	0.01164	0.01639	0.74521	0.05176	0.03823	0.00893	0.00503	0.00138	0.00213	0.06670	0.00455	0.00395
55	0.00677	0.00484	0.00677	0.00774	0.00871	0.00484	0.00677	0.00871	0.00968	0.01258	0.02226	0.04742	0.02419	0.01161	0.00581	0.00194	0.00387	0.79775	0.00387	0.00387
56	0.01039	0.60229	0.26708	0.00864	0.01303	0.01455	0.00972	0.01281	0.00864	0.01093	0.00636	0.00739	0.00537	0.00372	0.00309	0.00103	0.00502	0.00251	0.00179	0.00564
57	0.00843	0.02174	0.83048	0.01198	0.01819	0.00976	0.01553	0.01331	0.00888	0.01331	0.00754	0.00888	0.00533	0.00399	0.00399	0.00133	0.00621	0.00311	0.00178	0.00621
58	0.01202	0.00981	0.01039	0.00887	0.01153	0.01119	0.00703	0.24570	0.59254	0.02010	0.01513	0.01410	0.01122	0.00552	0.00426	0.00138	0.00369	0.00448	0.00426	0.00679
59	0.00627	0.00488	0.00720	0.00705	0.00772	0.00585	0.00551	0.00768	0.00671	0.00974	0.01084	0.01622	0.01023	0.05271	0.74438	0.00627	0.08023	0.00448	0.00223	0.00379
60	0.00592	0.00430	0.00558	0.00526	0.00626	0.00395	0.00395	0.00788	0.01184	0.01671	0.80232	0.03165	0.06127	0.00865	0.00496	0.00132	0.00199	0.00764	0.00461	0.00395
61	0.00553	0.00438	0.00505	0.00515	0.00639	0.00389	0.00405	0.00697	0.01013	0.01286	0.21894	0.03968	0.49285	0.01035	0.00512	0.00149	0.00242	0.15697	0.00406	0.00371
62	0.01570	0.02004	0.01191	0.01083	0.01300	0.83539	0.00812	0.01679	0.01191	0.01029	0.00650	0.00758	0.00541	0.00433	0.00379	0.00108	0.00758	0.00271	0.00217	0.00487
63	0.00991	0.01130	0.02457	0.01759	0.02176	0.01067	0.79528	0.01340	0.00985	0.01340	0.00845	0.01130	0.00636	0.00362	0.00513	0.00143	0.02327	0.00494	0.00212	0.00565
64	0.00716	0.00457	0.00578	0.00537	0.00664	0.00413	0.00409	0.00893	0.01132	0.09828	0.56023	0.05102	0.15897	0.00864	0.00485	0.00135	0.00221	0.02253	0.02972	0.00421
65	0.01040	0.00999	0.01706	0.02580	0.82604	0.00999	0.01290	0.01290	0.00957	0.01373	0.00791	0.01040	0.00666	0.00375	0.00416	0.00125	0.00499	0.00375	0.00208	0.00666
66	0.00843	0.02174	0.83048	0.01198	0.01819	0.00976	0.01553	0.01331	0.00888	0.01331	0.00754	0.00888	0.00533	0.00399	0.00399	0.00133	0.00621	0.00311	0.00178	0.00621
67	0.01124	0.85479	0.02203	0.00719	0.01079	0.01663	0.00719	0.01259	0.00854	0.00989	0.00584	0.00674	0.00539	0.00360	0.00270	0.00090	0.00450	0.00225	0.00180	0.00539
68	0.01239	0.00838	0.00936	0.00776	0.01018	0.00896	0.00620	0.32090	0.17372	0.11919	0.12856	0.05264	0.02803	0.00613	0.00427	0.00130	0.00348	0.00502	0.08745	0.00607
69	0.03761	0.00406	0.00400	0.00397	0.00501	0.00411	0.00299	0.00988	0.00876	0.01578	0.01345	0.01537	0.01056	0.00486	0.00293	0.00099	0.00200	0.00386	0.84587	0.00394
70	0.00609	0.00417	0.00508	0.00508	0.00525	0.00434	0.00316	0.00643	0.00626	0.00852	0.01280	0.02502	0.01420	0.66638	0.20580	0.00468	0.00570	0.00575	0.00248	0.00282
71	0.00602	0.00434	0.00571	0.00549	0.00648	0.00404	0.00419	0.00800	0.01172	0.01651	0.75914	0.03269	0.03842	0.00884	0.00503	0.00137	0.00214	0.07136	0.00457	0.00396
72	0.01616	0.01077	0.01187	0.00913	0.01239	0.01164	0.00753	0.65918	0.01817	0.15338	0.01125	0.01095	0.00779	0.00507	0.00417	0.00126	0.00437	0.00386	0.03404	0.00704
73	0.00959	0.04858	0.12549	0.03661	0.03838	0.02561	0.43451	0.02127	0.03311	0.04095	0.02545	0.09708	0.00979	0.00508	0.00468	0.00141	0.00586	0.02854	0.00252	0.00549
74	0.01201	0.62975	0.04411	0.00800	0.01132	0.17779	0.00753	0.02426	0.00938	0.01046	0.00630	0.00726	0.00557	0.00381	0.00298	0.00096	0.00509	0.00243	0.02571	0.00530
75	0.00637	0.00415	0.00488	0.00489	0.00509	0.00408	0.00294	0.00666	0.00691	0.03287	0.07279	0.11002	0.01808	0.66736	0.03292	0.00361	0.00388	0.00672	0.00291	0.00289
76	0.00921	0.00810	0.00988	0.03004	0.21627	0.10699	0.00753	0.03117	0.00944	0.04493	0.02599	0.04603	0.05908	0.11437	0.10234	0.00237	0.00533	0.15120	0.01499	0.00473
77	0.04870	0.12234	0.10722	0.09317	0.25612	0.05806	0.03106	0.03692	0.01000	0.17014	0.00909	0.01026	0.00679	0.00421	0.00406	0.00124	0.01837	0.00348	0.00267	0.00611
78	0.01102	0.69336	0.13817	0.00792	0.01186	0.01523	0.00836	0.01312	0.02686	0.03196	0.00662	0.00745	0.00568	0.00374	0.00296	0.00098	0.00469	0.00248	0.00194	0.00559
79	0.00661	0.00483	0.00665	0.00747	0.00837	0.00487	0.00638	0.00838	0.00950	0.01241	0.04327	0.11279	0.05862	0.01150	0.00594	0.00188	0.02794	0.65493	0.00384	0.00384
80	0.02272	0.02369	0.32839	0.12601	0.16609	0.04139	0.06979	0.01392	0.00955	0.13055	0.00915	0.02453	0.00679	0.00428	0.00414	0.00132	0.00552	0.00372	0.00243	0.00605
81	0.00698	0.00643	0.05579	0.03978	0.04017	0.00554	0.02368	0.01798	0.09093	0.03667	0.19092	0.06982	0.34426	0.00850	0.00476	0.00140	0.00295	0.03045	0.01853	0.00446
82	0.01696	0.00758	0.01023	0.00806	0.01075	0.00745	0.00666	0.04165	0.02143	0.65288	0.01461	0.01342	0.00958	0.00554	0.00571	0.00138	0.13616	0.00413	0.01912	0.00669
83	0.03419	0.00926	0.03707	0.27896	0.31082	0.00970	0.04362	0.06083	0.08307	0.05503	0.00922	0.01137	0.00710	0.00495	0.02590	0.00147	0.00518	0.00387	0.00251	0.00590
84	0.02344	0.05532	0.01345	0.03968	0.37367	0.07100	0.02186	0.09679	0.03881	0.01420	0.01039	0.08395	0.00953	0.02917	0.03256	0.00155	0.01464	0.02738	0.03691	0.00571

[dist]
# distance from previous block
# <min> <max>
0	4

[block]
# block no. 5 follows, 63 sequences, length 26
# corresponding to MSA columns:
# 421-446
name=unknown_F
#
# <colnr> <probs for GDERKNQSTAVLIFYWHMCP>
#	G	D	E	R	K	N	Q	S	T	A	V	L	I	F	Y	W	H	M	C	P
0	0.03826	0.07256	0.28355	0.16879	0.07546	0.08488	0.04963	0.08903	0.05771	0.01400	0.00875	0.01028	0.02037	0.00431	0.00399	0.00129	0.00557	0.00350	0.00231	0.00576
1	0.01510	0.04115	0.01258	0.03201	0.07238	0.65428	0.00848	0.07308	0.01213	0.03103	0.00710	0.00819	0.00575	0.00434	0.00384	0.00112	0.00695	0.00291	0.00236	0.00523
2	0.01084	0.11263	0.14491	0.01060	0.07379	0.02080	0.03232	0.12250	0.27150	0.02566	0.01089	0.01137	0.00836	0.00525	0.01998	0.00137	0.04574	0.00375	0.00305	0.06469
3	0.00522	0.00440	0.00476	0.00498	0.02741	0.00376	0.00355	0.00641	0.00978	0.01198	0.12347	0.06239	0.69670	0.01032	0.00496	0.00141	0.00220	0.00869	0.00393	0.00367
4	0.00804	0.00494	0.00625	0.00572	0.00716	0.00455	0.00439	0.01023	0.04814	0.14458	0.49219	0.06936	0.14343	0.00850	0.00485	0.00137	0.00238	0.02485	0.00455	0.00451
5	0.00833	0.00767	0.01266	0.42207	0.27682	0.00852	0.01063	0.01085	0.00932	0.01259	0.12048	0.01557	0.03505	0.00505	0.00436	0.00136	0.00477	0.02634	0.00243	0.00515
6	0.01118	0.54002	0.21448	0.00884	0.01287	0.12781	0.00932	0.01334	0.00909	0.01077	0.00634	0.00737	0.00538	0.00379	0.00316	0.00103	0.00533	0.00252	0.00184	0.00552
7	0.00601	0.00450	0.00676	0.00676	0.00751	0.00525	0.00525	0.00751	0.00676	0.00976	0.01126	0.01651	0.01051	0.03153	0.83560	0.00676	0.01126	0.00450	0.00225	0.00375
8	0.00615	0.00438	0.00563	0.00537	0.00645	0.00402	0.00409	0.00803	0.01153	0.03242	0.67978	0.03292	0.12033	0.00891	0.00499	0.00137	0.00214	0.05299	0.00452	0.00398
9	0.00512	0.00366	0.00488	0.00585	0.00610	0.00341	0.00390	0.00585	0.00805	0.01073	0.02317	0.84952	0.02780	0.01317	0.00537	0.00171	0.00244	0.01195	0.00390	0.00341
10	0.00872	0.00747	0.00872	0.00623	0.00996	0.00560	0.00498	0.01058	0.00872	0.01370	0.00747	0.00872	0.00623	0.00311	0.00311	0.00062	0.00311	0.00249	0.00249	0.87796
11	0.01124	0.85479	0.02203	0.00719	0.01079	0.01663	0.00719	0.01259	0.00854	0.00989	0.00584	0.00674	0.00539	0.00360	0.00270	0.00090	0.00450	0.00225	0.00180	0.00539
12	0.00611	0.00425	0.00548	0.00548	0.00581	0.00456	0.00369	0.00678	0.00645	0.00900	0.01243	0.02264	0.01318	0.48928	0.36119	0.00512	0.00703	0.00539	0.02306	0.00308
13	0.01098	0.01022	0.00987	0.00887	0.01116	0.09898	0.00689	0.02137	0.70713	0.01657	0.01562	0.01462	0.01181	0.00561	0.00452	0.00140	0.02951	0.00450	0.00398	0.00640
14	0.01202	0.01117	0.01111	0.00983	0.03437	0.14040	0.04166	0.15740	0.46367	0.01758	0.03268	0.01388	0.02443	0.00538	0.00424	0.00134	0.00438	0.00438	0.00378	0.00630
15	0.00541	0.00427	0.00506	0.02427	0.00660	0.00380	0.00382	0.00664	0.00957	0.01241	0.20173	0.27284	0.37938	0.01055	0.00500	0.00146	0.00230	0.00918	0.00397	0.03174
16	0.00894	0.00880	0.01391	0.57820	0.19488	0.05043	0.03737	0.01156	0.00881	0.01142	0.00749	0.01080	0.00584	0.00419	0.00449	0.00137	0.03072	0.00372	0.00193	0.00513
17	0.00794	0.00747	0.01261	0.84216	0.02895	0.00934	0.01167	0.01074	0.00841	0.01074	0.00747	0.01121	0.00560	0.00420	0.00420	0.00140	0.00560	0.00374	0.00187	0.00467
18	0.88196	0.00813	0.00618	0.00553	0.00813	0.00943	0.00455	0.01236	0.00715	0.01886	0.00585	0.00683	0.00455	0.00390	0.00260	0.00130	0.00325	0.00228	0.00260	0.00455
19	0.00600	0.00440	0.00620	0.00620	0.00680	0.00494	0.00459	0.00715	0.00669	0.00944	0.01253	0.01962	0.03308	0.21571	0.63039	0.00601	0.00940	0.00498	0.00236	0.00348
20	0.00601	0.00463	0.02788	0.00555	0.00658	0.00389	0.00416	0.00729	0.00960	0.05013	0.22493	0.37676	0.23543	0.01077	0.00507	0.00151	0.00240	0.00948	0.00408	0.00383
21	0.00897	0.00835	0.01436	0.47056	0.13025	0.00946	0.12835	0.01205	0.04441	0.03641	0.00939	0.01222	0.02900	0.00448	0.00476	0.00139	0.04471	0.00412	0.02157	0.00519
22	0.01056	0.18811	0.12018	0.01157	0.14580	0.07285	0.04049	0.03817	0.13298	0.04380	0.03118	0.03899	0.04653	0.00488	0.00389	0.00120	0.00461	0.00401	0.00273	0.05746
23	0.03492	0.00664	0.00820	0.05616	0.04120	0.00586	0.00552	0.03200	0.02789	0.03508	0.05866	0.13344	0.06111	0.02008	0.01701	0.00120	0.00334	0.02812	0.00304	0.42051
