[name]
unknown

[dist]
# distance from previous block
# <min> <max>
0	190

[block]
# block no. 0 follows, 59 sequences, length 20
# corresponding to MSA columns:
# 204-223
name=unknown_A
#
# <colnr> <probs for GDERKNQSTAVLIFYWHMCP>
#	G	D	E	R	K	N	Q	S	T	A	V	L	I	F	Y	W	H	M	C	P
0	0.06760	0.02527	0.02990	0.00904	0.01221	0.00942	0.06720	0.23076	0.07662	0.19813	0.04632	0.03342	0.04335	0.00578	0.00455	0.00134	0.01763	0.02855	0.00406	0.08885
1	0.07826	0.01011	0.07182	0.03796	0.07242	0.04064	0.02869	0.19166	0.08421	0.06633	0.11734	0.06333	0.04921	0.00625	0.00465	0.00139	0.02257	0.00514	0.02959	0.01844
2	0.02120	0.21674	0.02889	0.02654	0.01068	0.01959	0.02350	0.12057	0.04712	0.06307	0.05426	0.13813	0.05779	0.05310	0.00570	0.00149	0.04478	0.00549	0.02757	0.03380
3	0.01176	0.11223	0.20930	0.01106	0.04883	0.08142	0.09520	0.01497	0.05035	0.14037	0.01116	0.02387	0.02145	0.02373	0.01502	0.00143	0.02108	0.01820	0.02587	0.06270
4	0.04025	0.10289	0.19315	0.16290	0.03937	0.05597	0.10575	0.05270	0.07882	0.04249	0.00983	0.01131	0.02396	0.00449	0.00417	0.00132	0.00554	0.00380	0.00256	0.05874
5	0.00880	0.13364	0.38811	0.04039	0.01439	0.00925	0.02661	0.01199	0.00957	0.04487	0.09301	0.11363	0.04964	0.03129	0.00491	0.00147	0.00497	0.00520	0.00272	0.00554
6	0.00605	0.00440	0.00553	0.00602	0.00664	0.00416	0.00417	0.04087	0.00971	0.01299	0.15507	0.56700	0.09994	0.04796	0.00620	0.00179	0.00263	0.01088	0.00418	0.00383
7	0.01217	0.07322	0.06836	0.10620	0.12074	0.08888	0.08576	0.09826	0.04108	0.11478	0.01177	0.06512	0.03241	0.00549	0.00489	0.00139	0.04545	0.00460	0.01342	0.00601
8	0.09733	0.15022	0.28167	0.03940	0.01568	0.13225	0.06469	0.09555	0.01099	0.06139	0.00819	0.00928	0.00613	0.00433	0.00392	0.00128	0.00585	0.00327	0.00251	0.00607
9	0.00598	0.00497	0.00529	0.00519	0.00670	0.00452	0.00396	0.00833	0.08485	0.01340	0.14894	0.03905	0.60090	0.01044	0.00519	0.00150	0.00241	0.04004	0.00424	0.00411
10	0.00924	0.00782	0.01220	0.29811	0.26475	0.00835	0.00988	0.03243	0.01015	0.04840	0.06879	0.01801	0.13265	0.00572	0.00450	0.00139	0.00454	0.00506	0.05256	0.00546
11	0.04592	0.01154	0.05839	0.17188	0.16816	0.11658	0.07408	0.07392	0.11744	0.01497	0.03881	0.04170	0.02150	0.00520	0.00462	0.00140	0.02074	0.00446	0.00282	0.00588
12	0.00561	0.00416	0.00526	0.00597	0.00652	0.00388	0.00410	0.00690	0.03355	0.01215	0.09738	0.64456	0.12792	0.01284	0.00551	0.00171	0.00251	0.01151	0.00418	0.00376
13	0.00575	0.00403	0.00534	0.00626	0.00667	0.00381	0.00440	0.00678	0.00885	0.01201	0.05556	0.67858	0.02842	0.01304	0.00555	0.00177	0.00269	0.10108	0.04573	0.00369
14	0.00767	0.00384	0.00575	0.00575	0.00575	0.00384	0.00384	0.00575	0.00575	0.00767	0.00767	0.01343	0.00767	0.01534	0.01726	0.87150	0.00384	0.00384	0.00192	0.00192
15	0.84475	0.00868	0.00674	0.00597	0.00873	0.01005	0.00491	0.04168	0.00800	0.02011	0.00631	0.00730	0.00488	0.00414	0.00279	0.00137	0.00347	0.00245	0.00279	0.00488
16	0.05103	0.09109	0.04059	0.00958	0.02729	0.23929	0.00775	0.15039	0.12177	0.06336	0.00976	0.01018	0.00749	0.00460	0.00389	0.00116	0.00521	0.00336	0.00316	0.14907
17	0.02685	0.06546	0.10331	0.01057	0.04737	0.21807	0.02395	0.12257	0.11109	0.04776	0.04902	0.01204	0.00940	0.00593	0.02685	0.00146	0.05198	0.00387	0.05654	0.00590
18	0.00674	0.00494	0.00600	0.00556	0.00701	0.00444	0.00424	0.00876	0.02952	0.04381	0.46943	0.03312	0.25380	0.00971	0.02448	0.00152	0.00256	0.02213	0.00445	0.05779
19	0.01055	0.00978	0.01602	0.18715	0.56807	0.01028	0.01247	0.04521	0.04004	0.01456	0.00888	0.01149	0.00719	0.00421	0.00434	0.00134	0.00518	0.00398	0.03275	0.00650

[dist]
# distance from previous block
# <min> <max>
1	5

[block]
# block no. 1 follows, 59 sequences, length 45
# corresponding to MSA columns:
# 229-235,241-278
name=unknown_B
#
# <colnr> <probs for GDERKNQSTAVLIFYWHMCP>
#	G	D	E	R	K	N	Q	S	T	A	V	L	I	F	Y	W	H	M	C	P
0	0.01107	0.61323	0.16924	0.00845	0.01255	0.01516	0.00899	0.03950	0.00966	0.01211	0.05836	0.00927	0.00802	0.00424	0.00329	0.00107	0.00489	0.00294	0.00216	0.00579
1	0.00634	0.00475	0.00571	0.00538	0.00656	0.00438	0.00400	0.03429	0.01175	0.01595	0.53451	0.03448	0.24204	0.06293	0.00629	0.00160	0.00236	0.00810	0.00451	0.00407
2	0.00636	0.00425	0.00484	0.00490	0.00492	0.00424	0.00277	0.00641	0.00655	0.00874	0.01458	0.08091	0.01690	0.79163	0.02140	0.00412	0.00417	0.00682	0.00277	0.00273
3	0.01032	0.00931	0.01586	0.30814	0.27159	0.02390	0.13221	0.02823	0.01019	0.06513	0.05381	0.03281	0.00925	0.00473	0.00459	0.00141	0.00552	0.00457	0.00256	0.00587
4	0.06391	0.00802	0.01321	0.75590	0.02879	0.00986	0.03623	0.01148	0.00880	0.01192	0.00777	0.01149	0.00584	0.00437	0.00433	0.00147	0.00578	0.00387	0.00202	0.00493
5	0.00767	0.00384	0.00575	0.00575	0.00575	0.00384	0.00384	0.00575	0.00575	0.00767	0.00767	0.01343	0.00767	0.01534	0.01726	0.87150	0.00384	0.00384	0.00192	0.00192
6	0.01679	0.00997	0.01178	0.00978	0.04553	0.01035	0.00765	0.37153	0.10714	0.32372	0.01419	0.02952	0.00989	0.00556	0.00446	0.00137	0.00426	0.00444	0.00472	0.00735
7	0.01042	0.01191	0.02606	0.01862	0.02308	0.01117	0.80119	0.01415	0.01042	0.01415	0.00894	0.01191	0.00670	0.00372	0.00521	0.00149	0.00745	0.00521	0.00223	0.00596
8	0.87598	0.00854	0.00649	0.00581	0.00854	0.00991	0.00478	0.01298	0.00752	0.01982	0.00615	0.00717	0.00478	0.00410	0.00273	0.00137	0.00342	0.00239	0.00273	0.00478
9	0.00640	0.00427	0.00482	0.00485	0.00485	0.00427	0.00271	0.00642	0.00647	0.00862	0.01414	0.04638	0.01634	0.82692	0.02212	0.00423	0.00424	0.00655	0.00271	0.00270
10	0.00860	0.02432	0.17360	0.04440	0.01394	0.03476	0.13040	0.03528	0.04098	0.01310	0.06727	0.01584	0.04365	0.02717	0.25511	0.00321	0.05589	0.00476	0.00259	0.00514
11	0.00642	0.00428	0.00482	0.00482	0.00482	0.00428	0.00268	0.00642	0.00642	0.00856	0.01392	0.02890	0.01606	0.84478	0.02248	0.00428	0.00428	0.00642	0.00268	0.00268
12	0.01678	0.01257	0.01324	0.01019	0.01370	0.03237	0.00840	0.78448	0.02058	0.02744	0.01052	0.01054	0.00747	0.00528	0.00441	0.00132	0.00493	0.00395	0.00437	0.00746
13	0.02613	0.09411	0.03801	0.04038	0.08412	0.03715	0.08810	0.09642	0.05140	0.13247	0.01284	0.03119	0.06329	0.00499	0.00414	0.00120	0.00453	0.00424	0.00324	0.18203
14	0.01111	0.44464	0.07315	0.00875	0.03586	0.04261	0.00795	0.06863	0.03364	0.01312	0.04605	0.01056	0.00848	0.00596	0.04080	0.00141	0.06329	0.00330	0.07511	0.00558
15	0.00886	0.02285	0.82190	0.01259	0.01912	0.01026	0.01632	0.01399	0.00932	0.01399	0.00793	0.00932	0.00559	0.00420	0.00420	0.00140	0.00653	0.00326	0.00186	0.00653
16	0.00941	0.00840	0.01137	0.06837	0.13105	0.00714	0.03369	0.01158	0.00927	0.01411	0.00792	0.00970	0.00656	0.00354	0.00376	0.00086	0.01744	0.00301	0.00248	0.64032
17	0.01401	0.01074	0.01146	0.00941	0.01241	0.01206	0.00757	0.41682	0.37078	0.03872	0.01413	0.01348	0.01035	0.00561	0.00441	0.00139	0.00415	0.00444	0.03088	0.00718
18	0.04585	0.00755	0.01014	0.00780	0.01119	0.00660	0.00644	0.02126	0.01249	0.79595	0.01708	0.01479	0.01075	0.00542	0.00439	0.00137	0.00375	0.00438	0.00538	0.00743
19	0.00538	0.00384	0.00512	0.00615	0.00641	0.00359	0.00410	0.00615	0.00846	0.01127	0.02434	0.84190	0.02921	0.01384	0.00564	0.00179	0.00256	0.01256	0.00410	0.00359
20	0.00649	0.00775	0.14539	0.00659	0.00869	0.00525	0.00610	0.00905	0.03347	0.01511	0.39365	0.07636	0.25137	0.00899	0.00504	0.00145	0.00295	0.00772	0.00408	0.00450
21	0.01042	0.01191	0.02606	0.01862	0.02308	0.01117	0.80119	0.01415	0.01042	0.01415	0.00894	0.01191	0.00670	0.00372	0.00521	0.00149	0.00745	0.00521	0.00223	0.00596
22	0.01034	0.03297	0.02352	0.13601	0.12690	0.04734	0.06503	0.02557	0.05946	0.10124	0.02250	0.12566	0.03045	0.04015	0.02427	0.03880	0.05042	0.00549	0.02858	0.00531
23	0.01081	0.06461	0.51409	0.01273	0.04581	0.02228	0.08180	0.06493	0.01037	0.08270	0.00880	0.01004	0.00633	0.00446	0.00469	0.00139	0.04172	0.00357	0.00239	0.00650
24	0.87598	0.00854	0.00649	0.00581	0.00854	0.00991	0.00478	0.01298	0.00752	0.01982	0.00615	0.00717	0.00478	0.00410	0.00273	0.00137	0.00342	0.00239	0.00273	0.00478
25	0.87598	0.00854	0.00649	0.00581	0.00854	0.00991	0.00478	0.01298	0.00752	0.01982	0.00615	0.00717	0.00478	0.00410	0.00273	0.00137	0.00342	0.00239	0.00273	0.00478
26	0.00916	0.00785	0.00916	0.00654	0.01047	0.00589	0.00523	0.01112	0.00916	0.01439	0.00785	0.00916	0.00654	0.00327	0.00327	0.00065	0.00327	0.00262	0.00262	0.87178
27	0.00823	0.00412	0.00412	0.00412	0.00515	0.00412	0.00309	0.01029	0.00926	0.01647	0.01441	0.01647	0.01132	0.00515	0.00309	0.00103	0.00206	0.00412	0.86930	0.00412
28	0.01868	0.00812	0.01040	0.00803	0.01133	0.00754	0.00661	0.14883	0.01378	0.64593	0.01614	0.01439	0.01039	0.00542	0.00436	0.00134	0.00384	0.00435	0.05318	0.00733
29	0.00773	0.00488	0.00617	0.00564	0.00706	0.00437	0.00430	0.00958	0.01207	0.11531	0.57359	0.03255	0.18183	0.00899	0.00512	0.00141	0.00232	0.00780	0.00479	0.00450
30	0.00525	0.00434	0.00461	0.00482	0.00606	0.00370	0.00351	0.00630	0.00973	0.01179	0.04047	0.20981	0.65089	0.01174	0.00531	0.00155	0.00231	0.01000	0.00410	0.00370
31	0.01982	0.00752	0.01025	0.00786	0.01127	0.00649	0.00649	0.02152	0.01264	0.82029	0.01742	0.01503	0.01093	0.00547	0.00444	0.00137	0.00376	0.00444	0.00547	0.00752
32	0.00972	0.00807	0.00933	0.00687	0.01064	0.00652	0.00549	0.02508	0.08741	0.03471	0.00911	0.01004	0.00734	0.00362	0.00344	0.00076	0.00333	0.00291	0.00290	0.75270
33	0.00706	0.00488	0.00619	0.00585	0.00701	0.00466	0.00444	0.02826	0.03646	0.03491	0.63826	0.06789	0.03623	0.00885	0.00507	0.00141	0.00232	0.03578	0.06009	0.00437
34	0.01038	0.01225	0.05036	0.01843	0.02296	0.01114	0.77723	0.01414	0.01039	0.01414	0.00890	0.01183	0.00667	0.00374	0.00518	0.00149	0.00742	0.00515	0.00222	0.00597
35	0.11526	0.00763	0.00983	0.00763	0.01097	0.00687	0.00630	0.02057	0.01207	0.73105	0.01617	0.01416	0.01025	0.00531	0.00425	0.00137	0.00372	0.00421	0.00516	0.00721
36	0.00657	0.00473	0.00568	0.00566	0.00595	0.01971	0.00368	0.00709	0.00675	0.00914	0.01313	0.02487	0.01428	0.57272	0.27668	0.00512	0.00674	0.00582	0.00257	0.00312
37	0.00542	0.00433	0.00488	0.00523	0.00632	0.00379	0.00384	0.00654	0.00970	0.01203	0.06531	0.27055	0.51285	0.01193	0.00539	0.00161	0.00244	0.05998	0.00413	0.00373
38	0.00537	0.00397	0.00503	0.00584	0.00633	0.00362	0.00397	0.00623	0.00882	0.01153	0.04469	0.68524	0.16667	0.01327	0.00556	0.00173	0.00250	0.01189	0.00412	0.00362
39	0.01087	0.01084	0.04055	0.02670	0.79477	0.01049	0.01363	0.01357	0.01004	0.01442	0.00830	0.01089	0.00696	0.00394	0.00437	0.00131	0.00528	0.00392	0.00218	0.00698
40	0.00968	0.03407	0.04085	0.02368	0.03661	0.09103	0.12418	0.07660	0.03443	0.03255	0.03158	0.02137	0.25875	0.00927	0.07306	0.00191	0.08637	0.00578	0.00313	0.00510
41	0.00540	0.00392	0.00510	0.00598	0.00637	0.00362	0.00404	0.00625	0.00874	0.01156	0.05463	0.74250	0.09875	0.01343	0.00559	0.00175	0.00252	0.01211	0.00413	0.00362
42	0.00588	0.00478	0.00533	0.00587	0.00664	0.03346	0.00410	0.00703	0.02273	0.01191	0.07215	0.52520	0.25409	0.01235	0.00542	0.00166	0.00265	0.01091	0.00408	0.00377
43	0.01100	0.02926	0.07719	0.00931	0.01178	0.03406	0.05703	0.25224	0.01306	0.05846	0.01635	0.24277	0.01637	0.00857	0.00502	0.00158	0.00443	0.14212	0.00385	0.00556
44	0.02092	0.16472	0.47995	0.01098	0.02649	0.04833	0.02618	0.02707	0.02421	0.03251	0.03814	0.06331	0.00875	0.00500	0.00409	0.00133	0.00567	0.00395	0.00234	0.00606

[dist]
# distance from previous block
# <min> <max>
0	6

[block]
# block no. 2 follows, 59 sequences, length 7
# corresponding to MSA columns:
# 285-291
name=unknown_C
#
# <colnr> <probs for GDERKNQSTAVLIFYWHMCP>
#	G	D	E	R	K	N	Q	S	T	A	V	L	I	F	Y	W	H	M	C	P
0	0.00981	0.05160	0.06645	0.00874	0.01062	0.07490	0.03121	0.11433	0.04953	0.01409	0.06670	0.08646	0.07653	0.12755	0.00882	0.00189	0.14366	0.02616	0.00314	0.02780
1	0.02681	0.07969	0.04641	0.02942	0.06205	0.15244	0.02155	0.23237	0.11831	0.01711	0.01159	0.02614	0.04182	0.03179	0.00557	0.00144	0.06900	0.00418	0.01624	0.00605
2	0.00749	0.00454	0.00589	0.00589	0.00619	0.00458	0.00393	0.05450	0.00745	0.00992	0.01285	0.14178	0.01411	0.26586	0.01589	0.39173	0.00385	0.03801	0.00271	0.00282
3	0.03502	0.01000	0.01558	0.29322	0.30740	0.04331	0.07527	0.06014	0.01035	0.06013	0.00864	0.01123	0.00669	0.00443	0.00482	0.00140	0.03989	0.00398	0.00244	0.00605
4	0.04087	0.28049	0.22115	0.01021	0.01431	0.06231	0.07055	0.04744	0.13717	0.03941	0.00971	0.01107	0.00769	0.00462	0.00389	0.00127	0.00530	0.02372	0.00265	0.00615
5	0.00758	0.00585	0.00681	0.02979	0.04392	0.03191	0.00512	0.05657	0.01079	0.04716	0.13558	0.22666	0.29624	0.01010	0.00512	0.00153	0.00302	0.04467	0.02719	0.00439
6	0.07570	0.04778	0.12206	0.01148	0.12709	0.04383	0.02894	0.05957	0.22043	0.03528	0.07259	0.01731	0.08209	0.00592	0.00439	0.00140	0.00438	0.03029	0.00341	0.00606

[dist]
# distance from previous block
# <min> <max>
0	19

[block]
# block no. 3 follows, 59 sequences, length 22
# corresponding to MSA columns:
# 311-332
name=unknown_D
#
# <colnr> <probs for GDERKNQSTAVLIFYWHMCP>
#	G	D	E	R	K	N	Q	S	T	A	V	L	I	F	Y	W	H	M	C	P
0	0.01210	0.03359	0.13557	0.00965	0.01334	0.00962	0.06863	0.21969	0.09057	0.09675	0.04878	0.06832	0.01089	0.00545	0.00433	0.00128	0.00450	0.00459	0.00359	0.15879
1	0.05610	0.28040	0.42801	0.01053	0.03105	0.01229	0.01195	0.01423	0.00935	0.07861	0.00800	0.00901	0.00604	0.00423	0.00394	0.00126	0.02350	0.00306	0.00222	0.00622
2	0.02559	0.03692	0.07508	0.05138	0.46763	0.00959	0.05351	0.02194	0.03314	0.01433	0.02716	0.04893	0.05946	0.00520	0.00444	0.00137	0.00488	0.01979	0.03346	0.00619
3	0.00921	0.00655	0.01009	0.00808	0.01014	0.00637	0.19184	0.05716	0.01054	0.03263	0.07137	0.01728	0.04551	0.00535	0.00393	0.00121	0.00354	0.00487	0.49953	0.00480
4	0.02605	0.15636	0.01510	0.06879	0.14541	0.28447	0.04156	0.06558	0.02638	0.01288	0.00858	0.04425	0.00753	0.00660	0.05652	0.00161	0.02057	0.00376	0.00244	0.00558
5	0.01149	0.03344	0.07886	0.12625	0.15710	0.05077	0.17379	0.13608	0.06064	0.03161	0.00932	0.01163	0.00729	0.02647	0.00569	0.00149	0.06503	0.00419	0.00269	0.00616
6	0.00595	0.00415	0.00531	0.00601	0.00658	0.00382	0.00418	0.00687	0.00893	0.03514	0.05055	0.60539	0.13500	0.04808	0.00627	0.00185	0.00270	0.05539	0.00410	0.00373
7	0.00538	0.00384	0.00512	0.00615	0.00641	0.00359	0.00410	0.00615	0.00846	0.01127	0.02434	0.84190	0.02921	0.01384	0.00564	0.00179	0.00256	0.01256	0.00410	0.00359
8	0.00595	0.00479	0.00606	0.00559	0.00697	0.00425	0.03559	0.00767	0.01132	0.01497	0.43645	0.03643	0.38821	0.00979	0.00521	0.00144	0.00237	0.00848	0.00442	0.00404
9	0.04494	0.03242	0.01754	0.26009	0.21405	0.07897	0.21039	0.01316	0.00966	0.01300	0.00791	0.01085	0.00629	0.00431	0.00509	0.00142	0.05802	0.00406	0.00214	0.00570
10	0.01969	0.00771	0.01037	0.00795	0.01137	0.00678	0.00657	0.05324	0.01297	0.78811	0.01715	0.01485	0.01079	0.00546	0.00444	0.00136	0.00380	0.00442	0.00542	0.00752
11	0.00858	0.00514	0.00670	0.00672	0.00794	0.00483	0.00512	0.04285	0.01070	0.14200	0.15920	0.36284	0.07053	0.01091	0.00538	0.00166	0.00300	0.13689	0.00446	0.00456
12	0.00889	0.00544	0.00579	0.00542	0.00687	0.00559	0.00414	0.05128	0.12204	0.04147	0.09150	0.03640	0.08490	0.00634	0.00382	0.00121	0.00248	0.00522	0.50642	0.00475
13	0.01089	0.16270	0.43785	0.01125	0.01617	0.09297	0.04493	0.03696	0.08685	0.03568	0.00904	0.01029	0.00686	0.00448	0.00405	0.00131	0.00595	0.01310	0.00237	0.00628
14	0.00560	0.00469	0.00493	0.00501	0.00648	0.00410	0.00388	0.00717	0.03448	0.01227	0.04159	0.04251	0.70468	0.01114	0.00529	0.00155	0.00248	0.09416	0.00411	0.00387
15	0.00546	0.00399	0.00513	0.00588	0.00637	0.00367	0.00402	0.00641	0.00909	0.01206	0.11348	0.65678	0.12541	0.01299	0.00554	0.00171	0.00247	0.01166	0.00418	0.00367
16	0.06883	0.01094	0.06084	0.14512	0.10673	0.07749	0.03971	0.18524	0.04678	0.08756	0.01195	0.03372	0.02552	0.00557	0.00443	0.00141	0.00506	0.05805	0.01899	0.00605
17	0.01109	0.01304	0.04519	0.03964	0.10279	0.10701	0.58582	0.01442	0.01056	0.01370	0.00857	0.01127	0.00656	0.00387	0.00493	0.00143	0.00722	0.00472	0.00222	0.00595
18	0.01319	0.00579	0.00702	0.00595	0.00805	0.00541	0.00473	0.01553	0.04397	0.35711	0.04252	0.01641	0.01226	0.00545	0.00379	0.00120	0.00284	0.00442	0.43869	0.00568
19	0.01266	0.00858	0.01153	0.03928	0.15112	0.03224	0.03962	0.11057	0.08863	0.20593	0.05507	0.07669	0.01251	0.00751	0.05202	0.00171	0.01613	0.00510	0.06690	0.00620
20	0.10081	0.17419	0.12124	0.00989	0.04603	0.09126	0.00872	0.13182	0.08605	0.13737	0.02046	0.01064	0.00789	0.00482	0.00420	0.00129	0.03029	0.00351	0.00321	0.00632
21	0.11924	0.10496	0.05869	0.15418	0.05697	0.06052	0.05268	0.09812	0.02927	0.01554	0.06266	0.01237	0.02133	0.00475	0.00397	0.00125	0.00481	0.01577	0.00276	0.12016

[dist]
# distance from previous block
# <min> <max>
0	6

[block]
# block no. 4 follows, 59 sequences, length 10
# corresponding to MSA columns:
# 339-348
name=unknown_E
#
# <colnr> <probs for GDERKNQSTAVLIFYWHMCP>
#	G	D	E	R	K	N	Q	S	T	A	V	L	I	F	Y	W	H	M	C	P
0	0.03061	0.01001	0.01456	0.17530	0.40802	0.05188	0.01124	0.03022	0.10385	0.03099	0.02947	0.01225	0.00844	0.00541	0.02654	0.00154	0.03672	0.00410	0.00261	0.00624
1	0.00625	0.00454	0.00623	0.00628	0.00684	0.00498	0.00453	0.00731	0.00710	0.00989	0.01444	0.06763	0.04554	0.26552	0.51639	0.00577	0.00875	0.00584	0.00262	0.00355
2	0.01041	0.00910	0.01098	0.21709	0.01564	0.08750	0.04419	0.17139	0.02675	0.01528	0.04645	0.02945	0.04099	0.06221	0.09009	0.00216	0.03037	0.01658	0.06823	0.00513
3	0.00631	0.00441	0.00537	0.00554	0.00657	0.00393	0.00400	0.00756	0.01018	0.05653	0.21868	0.33871	0.29325	0.01136	0.00533	0.00157	0.00240	0.00996	0.00435	0.00398
4	0.00837	0.00495	0.00642	0.00584	0.00715	0.00451	0.00437	0.01011	0.01169	0.14520	0.55132	0.06213	0.06053	0.08965	0.00678	0.00169	0.00259	0.00749	0.00469	0.00452
5	0.00855	0.00821	0.04790	0.07222	0.03206	0.00896	0.05050	0.04922	0.07020	0.01330	0.10521	0.09071	0.02792	0.05388	0.12339	0.00253	0.22179	0.00561	0.00294	0.00488
6	0.00689	0.00489	0.00625	0.00661	0.00746	0.00493	0.00494	0.00881	0.05857	0.04258	0.06616	0.40642	0.10693	0.01269	0.05204	0.00200	0.03650	0.11300	0.04817	0.00415
7	0.01113	0.28727	0.05692	0.07782	0.07677	0.11797	0.02973	0.04325	0.01012	0.01284	0.02973	0.02985	0.00824	0.00469	0.00397	0.00114	0.02405	0.02287	0.04209	0.10956
8	0.04554	0.08633	0.05226	0.08306	0.19309	0.02802	0.06099	0.08074	0.03832	0.06301	0.05535	0.05668	0.01076	0.00557	0.00496	0.00139	0.05796	0.02356	0.04654	0.00586
9	0.03536	0.11688	0.09339	0.04959	0.06949	0.12636	0.02772	0.14712	0.05268	0.03807	0.04714	0.04613	0.01027	0.00553	0.00444	0.00131	0.02412	0.04401	0.00304	0.05735

[dist]
# distance from previous block
# <min> <max>
3	116

[block]
# block no. 5 follows, 59 sequences, length 30
# corresponding to MSA columns:
# 465-494
name=unknown_F
#
# <colnr> <probs for GDERKNQSTAVLIFYWHMCP>
#	G	D	E	R	K	N	Q	S	T	A	V	L	I	F	Y	W	H	M	C	P
0	0.01178	0.07116	0.07045	0.07615	0.03859	0.02805	0.12532	0.18544	0.06831	0.06741	0.01108	0.05614	0.00907	0.02972	0.02261	0.00157	0.04504	0.00455	0.03588	0.04169
1	0.01087	0.07752	0.07002	0.06930	0.05327	0.02893	0.11312	0.09510	0.08155	0.07133	0.04507	0.08958	0.01137	0.00612	0.01695	0.00142	0.02392	0.01997	0.00317	0.11142
2	0.02907	0.15478	0.13695	0.00927	0.04377	0.06258	0.00824	0.11998	0.07497	0.02669	0.03711	0.04719	0.04490	0.00588	0.01804	0.00134	0.02641	0.00420	0.07119	0.07744
3	0.00751	0.08158	0.02068	0.00701	0.03780	0.01778	0.00514	0.03002	0.02776	0.03365	0.10642	0.25958	0.19226	0.05446	0.02312	0.05371	0.00339	0.03025	0.00366	0.00422
4	0.02404	0.21133	0.14663	0.00964	0.01316	0.11515	0.00905	0.17058	0.11712	0.05941	0.02706	0.02677	0.00855	0.00509	0.00438	0.00128	0.03770	0.00372	0.00308	0.00626
5	0.01130	0.00860	0.00993	0.00781	0.01059	0.00851	0.00624	0.24113	0.01232	0.05981	0.01310	0.02859	0.08040	0.07020	0.02585	0.00152	0.07823	0.00433	0.00339	0.31815
6	0.01061	0.27259	0.29826	0.01908	0.02822	0.07140	0.03648	0.06366	0.03540	0.01349	0.03088	0.03835	0.03934	0.01912	0.00425	0.00131	0.00543	0.00385	0.00242	0.00588
7	0.00997	0.03870	0.11451	0.06228	0.09779	0.02138	0.10678	0.04199	0.05697	0.07039	0.06374	0.04801	0.03051	0.02993	0.09927	0.00218	0.09220	0.00492	0.00288	0.00559
8	0.00641	0.00431	0.00498	0.00498	0.00504	0.00437	0.00288	0.00653	0.00647	0.00869	0.01376	0.02806	0.01569	0.78547	0.08129	0.00449	0.00483	0.00630	0.00265	0.00277
9	0.00966	0.00966	0.01353	0.01160	0.01160	0.01353	0.00966	0.01063	0.00676	0.01063	0.00580	0.00966	0.00580	0.00773	0.01449	0.00193	0.83670	0.00387	0.00193	0.00483
10	0.01310	0.03639	0.23965	0.08658	0.06896	0.02737	0.05136	0.31508	0.02693	0.07730	0.00980	0.01071	0.00702	0.00471	0.00435	0.00136	0.00553	0.00382	0.00320	0.00679
11	0.05832	0.03256	0.03540	0.28425	0.04768	0.06556	0.26568	0.05903	0.01012	0.01367	0.00849	0.02557	0.00681	0.02251	0.00539	0.00151	0.04538	0.00433	0.00231	0.00546
12	0.00540	0.00398	0.00507	0.00593	0.00641	0.00365	0.00406	0.00627	0.00877	0.01144	0.02765	0.68881	0.15760	0.01336	0.00558	0.00175	0.00255	0.03399	0.00410	0.00362
13	0.00872	0.00985	0.12177	0.48350	0.03965	0.00944	0.06457	0.01172	0.00910	0.02944	0.04705	0.01296	0.00822	0.01639	0.03254	0.00169	0.05240	0.00419	0.03163	0.00517
14	0.00701	0.00511	0.00602	0.00583	0.00713	0.00485	0.00435	0.00969	0.09982	0.05171	0.30808	0.14266	0.25937	0.04439	0.00589	0.00162	0.00256	0.02512	0.00442	0.00437
15	0.00793	0.00739	0.03333	0.04916	0.04249	0.00779	0.08230	0.02743	0.03926	0.01276	0.11599	0.16127	0.06924	0.12369	0.02121	0.00208	0.17100	0.01801	0.00314	0.00453
16	0.01119	0.02156	0.07867	0.04120	0.01249	0.06511	0.00810	0.18505	0.20107	0.01742	0.07132	0.01675	0.07323	0.00640	0.00570	0.00145	0.10580	0.02509	0.02320	0.02919
17	0.00740	0.00543	0.00651	0.00685	0.03810	0.00565	0.00446	0.00974	0.12396	0.02372	0.03706	0.17412	0.04932	0.39136	0.01324	0.00283	0.02607	0.03434	0.03591	0.00394
18	0.02718	0.18465	0.11560	0.03725	0.03090	0.12017	0.10652	0.09495	0.04215	0.07895	0.03084	0.03865	0.01910	0.00511	0.00468	0.00132	0.04915	0.00406	0.00283	0.00593
19	0.10225	0.11798	0.01253	0.02230	0.01210	0.08699	0.02501	0.21657	0.24996	0.01854	0.01143	0.01194	0.00884	0.02272	0.00464	0.00139	0.02692	0.00389	0.03777	0.00623
20	0.03688	0.00591	0.00658	0.00617	0.00781	0.00572	0.00475	0.13175	0.01158	0.04691	0.08866	0.18887	0.33234	0.00988	0.00500	0.00151	0.00291	0.05299	0.03669	0.01707
21	0.03380	0.29379	0.31637	0.00970	0.01424	0.02837	0.01057	0.09779	0.04854	0.04232	0.00852	0.00972	0.00669	0.02815	0.00424	0.00129	0.00528	0.00320	0.00247	0.03494
22	0.01035	0.19506	0.44700	0.01201	0.01715	0.03123	0.12133	0.01442	0.03607	0.04112	0.00826	0.00962	0.00622	0.00425	0.00434	0.00133	0.02842	0.00344	0.00214	0.00624
23	0.00619	0.00446	0.00577	0.00553	0.00647	0.00413	0.00407	0.00806	0.01187	0.01670	0.70822	0.08251	0.05235	0.05672	0.00621	0.00158	0.00224	0.00820	0.00468	0.00404
24	0.00939	0.01867	0.58966	0.02602	0.04621	0.02346	0.01373	0.01410	0.05305	0.04601	0.05410	0.01211	0.00872	0.03730	0.00527	0.00152	0.02823	0.00384	0.00237	0.00623
25	0.01297	0.06424	0.06375	0.11035	0.28963	0.04218	0.10162	0.05534	0.01105	0.19053	0.01022	0.01157	0.00750	0.00440	0.00437	0.00134	0.00538	0.00401	0.00296	0.00659
26	0.00650	0.00519	0.03750	0.00613	0.00672	0.00504	0.00446	0.00733	0.00681	0.00949	0.01264	0.02279	0.01329	0.44164	0.37021	0.02528	0.00763	0.00551	0.00249	0.00336
27	0.00623	0.00452	0.00632	0.00643	0.00699	0.00497	0.00468	0.00738	0.00732	0.01029	0.04515	0.11432	0.01541	0.20877	0.52434	0.00565	0.00873	0.00612	0.00273	0.00363
28	0.04021	0.00876	0.00961	0.01997	0.03361	0.03718	0.00669	0.11614	0.32923	0.10002	0.01717	0.11849	0.04423	0.05370	0.00586	0.00165	0.02565	0.02167	0.00411	0.00605
29	0.00983	0.19115	0.41006	0.10950	0.01840	0.01182	0.08282	0.04897	0.00979	0.01350	0.01987	0.02340	0.00675	0.00444	0.00428	0.00133	0.02236	0.00359	0.00211	0.00603

[dist]
# distance from previous block
# <min> <max>
0	1

[block]
# block no. 6 follows, 59 sequences, length 17
# corresponding to MSA columns:
# 496-512
name=unknown_G
#
# <colnr> <probs for GDERKNQSTAVLIFYWHMCP>
#	G	D	E	R	K	N	Q	S	T	A	V	L	I	F	Y	W	H	M	C	P
0	0.01233	0.01424	0.01359	0.23256	0.04630	0.37684	0.05695	0.01417	0.01047	0.01152	0.04026	0.01060	0.00734	0.00510	0.00579	0.00138	0.12956	0.00368	0.00224	0.00510
1	0.00605	0.00462	0.00535	0.00534	0.00633	0.00441	0.00382	0.00741	0.04171	0.01166	0.10181	0.07584	0.37849	0.15817	0.12196	0.04797	0.00405	0.00778	0.00359	0.00365
2	0.06212	0.17810	0.10127	0.06752	0.02914	0.15886	0.05890	0.11857	0.01132	0.03984	0.03896	0.01016	0.00755	0.00477	0.00474	0.00128	0.07015	0.00348	0.00262	0.03065
3	0.00798	0.00640	0.00916	0.00910	0.05984	0.00638	0.07035	0.04997	0.05838	0.03039	0.17356	0.11022	0.14148	0.01033	0.03918	0.00184	0.01917	0.18761	0.00392	0.00475
4	0.00553	0.00394	0.00525	0.00618	0.00646	0.00375	0.00417	0.00632	0.00835	0.01115	0.02328	0.74251	0.02770	0.05858	0.03825	0.00214	0.00306	0.03587	0.00396	0.00357
5	0.02537	0.01019	0.01491	0.07020	0.37050	0.01077	0.04325	0.15044	0.13942	0.07567	0.01089	0.01218	0.00834	0.00518	0.01823	0.00147	0.01880	0.00419	0.00317	0.00682
6	0.15919	0.25260	0.12969	0.05007	0.01314	0.13243	0.00854	0.05648	0.01020	0.08365	0.00813	0.00910	0.00631	0.00441	0.00376	0.00122	0.02428	0.00302	0.03810	0.00570
7	0.01122	0.04087	0.07367	0.10704	0.13912	0.04035	0.21742	0.06331	0.15592	0.04625	0.01044	0.01199	0.00792	0.00456	0.00475	0.00140	0.02541	0.00430	0.00283	0.03124
8	0.00649	0.00449	0.00590	0.00590	0.00637	0.00489	0.00412	0.00742	0.00696	0.00996	0.01291	0.02228	0.01323	0.38204	0.42141	0.00545	0.00788	0.00542	0.06346	0.00341
9	0.87598	0.00854	0.00649	0.00581	0.00854	0.00991	0.00478	0.01298	0.00752	0.01982	0.00615	0.00717	0.00478	0.00410	0.00273	0.00137	0.00342	0.00239	0.00273	0.00478
10	0.00655	0.00461	0.00581	0.00545	0.00665	0.00417	0.00411	0.00845	0.01208	0.04528	0.65146	0.03402	0.17625	0.00928	0.00518	0.00141	0.00217	0.00809	0.00475	0.00421
11	0.00552	0.00394	0.00528	0.00631	0.00662	0.00371	0.00434	0.00639	0.00859	0.01143	0.02427	0.77950	0.02891	0.01371	0.00567	0.00181	0.00268	0.07360	0.00410	0.00363
12	0.00571	0.00411	0.00558	0.00682	0.03562	0.00387	0.00441	0.00663	0.00867	0.01177	0.04796	0.75789	0.02817	0.01303	0.00549	0.00174	0.00263	0.01181	0.03438	0.00375
13	0.00612	0.00428	0.00520	0.00553	0.00563	0.00429	0.00343	0.00644	0.00721	0.00966	0.01766	0.33893	0.02077	0.50216	0.01580	0.00326	0.02865	0.00869	0.00320	0.00309
14	0.00567	0.00405	0.00545	0.00647	0.00686	0.00383	0.00459	0.00664	0.00874	0.01159	0.02419	0.71214	0.02859	0.01357	0.00571	0.00183	0.00281	0.13951	0.00409	0.00367
15	0.00631	0.00473	0.00710	0.00710	0.00789	0.00552	0.00552	0.00789	0.00710	0.01025	0.01183	0.01735	0.01104	0.03312	0.82728	0.00710	0.01183	0.00473	0.00237	0.00394
16	0.01517	0.01156	0.01234	0.00983	0.01308	0.01294	0.00800	0.58473	0.24118	0.02522	0.01266	0.01225	0.00918	0.00549	0.00444	0.00137	0.00448	0.00426	0.00444	0.00737

[dist]
# distance from previous block
# <min> <max>
0	5

[block]
# block no. 7 follows, 59 sequences, length 8
# corresponding to MSA columns:
# 518-525
name=unknown_H
#
# <colnr> <probs for GDERKNQSTAVLIFYWHMCP>
#	G	D	E	R	K	N	Q	S	T	A	V	L	I	F	Y	W	H	M	C	P
0	0.73434	0.01026	0.04214	0.00672	0.00962	0.07033	0.00573	0.05123	0.00860	0.01929	0.00649	0.00749	0.00502	0.00419	0.00297	0.00135	0.00395	0.00254	0.00274	0.00501
1	0.00615	0.00437	0.00524	0.00541	0.00642	0.00390	0.00391	0.00745	0.01022	0.04122	0.23241	0.30192	0.30121	0.01109	0.00525	0.00154	0.00235	0.00969	0.03631	0.00394
2	0.01220	0.26388	0.23739	0.01037	0.03960	0.03802	0.02718	0.14253	0.05537	0.07312	0.00941	0.02760	0.00735	0.00461	0.00388	0.00123	0.00519	0.00352	0.00279	0.03476
3	0.08482	0.01299	0.15322	0.05278	0.01504	0.15437	0.15238	0.01395	0.05059	0.05677	0.06104	0.09124	0.01148	0.00585	0.00478	0.00143	0.03009	0.02244	0.01929	0.00544
4	0.00601	0.00448	0.00563	0.00568	0.00671	0.00409	0.00430	0.00771	0.01121	0.01517	0.46553	0.14365	0.20125	0.01045	0.00536	0.00153	0.00239	0.09035	0.00452	0.00399
5	0.00962	0.01006	0.12133	0.15111	0.12559	0.03192	0.05177	0.02976	0.03454	0.06016	0.06601	0.08109	0.04538	0.00610	0.00526	0.00144	0.07017	0.00514	0.08811	0.00546
6	0.09676	0.06269	0.04692	0.00848	0.01136	0.05466	0.00713	0.26419	0.05793	0.16744	0.01331	0.11347	0.01115	0.02384	0.00466	0.00144	0.00430	0.01906	0.02499	0.00621
7	0.00919	0.11541	0.73223	0.01202	0.01824	0.01107	0.01533	0.01390	0.00929	0.01358	0.00773	0.00907	0.00560	0.00415	0.00404	0.00135	0.00632	0.00316	0.00187	0.00643

[dist]
# distance from previous block
# <min> <max>
0	2

[block]
# block no. 8 follows, 59 sequences, length 42
# corresponding to MSA columns:
# 528-569
name=unknown_I
#
# <colnr> <probs for GDERKNQSTAVLIFYWHMCP>
#	G	D	E	R	K	N	Q	S	T	A	V	L	I	F	Y	W	H	M	C	P
0	0.01485	0.01064	0.01134	0.00909	0.01202	0.03308	0.00732	0.52771	0.07924	0.08826	0.01371	0.06493	0.03296	0.03749	0.00514	0.00147	0.00441	0.00485	0.03472	0.00675
1	0.01142	0.73998	0.12724	0.00821	0.01235	0.01654	0.00870	0.01332	0.00902	0.01086	0.00637	0.00738	0.00566	0.00383	0.00301	0.00100	0.00496	0.00248	0.00189	0.00578
2	0.02540	0.00746	0.00847	0.00719	0.00981	0.00707	0.00555	0.02807	0.24384	0.05396	0.03014	0.16890	0.04825	0.00664	0.00426	0.00122	0.00319	0.00566	0.00372	0.33124
3	0.02761	0.02801	0.01238	0.02468	0.01314	0.05084	0.05017	0.37663	0.24726	0.03742	0.01378	0.05348	0.02382	0.00591	0.00449	0.00141	0.00456	0.01357	0.00409	0.00674
4	0.00954	0.21332	0.63739	0.01143	0.01732	0.01192	0.01429	0.01381	0.00924	0.01316	0.00751	0.00881	0.00561	0.00410	0.00388	0.00129	0.00611	0.00306	0.00187	0.00633
5	0.01043	0.00850	0.00975	0.00712	0.01094	0.00709	0.00573	0.11768	0.03351	0.03117	0.00868	0.00967	0.00695	0.00366	0.00348	0.00078	0.00350	0.00290	0.00296	0.71550
6	0.00597	0.00416	0.00548	0.00630	0.00677	0.00393	0.00446	0.00693	0.00880	0.02463	0.04306	0.59846	0.05924	0.07344	0.00688	0.00198	0.00291	0.12889	0.00403	0.00368
7	0.00529	0.00448	0.00458	0.00455	0.00601	0.00376	0.00341	0.00648	0.01024	0.01235	0.10019	0.04182	0.75973	0.01103	0.00522	0.00148	0.00223	0.00923	0.00416	0.00376
8	0.01082	0.47271	0.04449	0.00940	0.01169	0.01560	0.00871	0.01217	0.00807	0.01060	0.00605	0.00823	0.00572	0.00544	0.00773	0.00137	0.35093	0.00302	0.00191	0.00535
9	0.11445	0.06235	0.10592	0.06729	0.01420	0.07973	0.00872	0.35657	0.01448	0.06251	0.01015	0.01075	0.02532	0.00491	0.00403	0.00129	0.00499	0.00363	0.02075	0.02793
10	0.01029	0.01133	0.14709	0.00927	0.01233	0.01023	0.00830	0.05276	0.55969	0.01741	0.01770	0.05601	0.05544	0.00631	0.00453	0.00149	0.00395	0.00525	0.00401	0.00660
11	0.00641	0.00473	0.00669	0.00664	0.00722	0.00540	0.00492	0.00759	0.00693	0.00985	0.01220	0.02000	0.01215	0.23090	0.61200	0.00629	0.02886	0.00513	0.00243	0.00365
12	0.87598	0.00854	0.00649	0.00581	0.00854	0.00991	0.00478	0.01298	0.00752	0.01982	0.00615	0.00717	0.00478	0.00410	0.00273	0.00137	0.00342	0.00239	0.00273	0.00478
13	0.00690	0.00507	0.00726	0.00711	0.00805	0.00585	0.00555	0.04611	0.00785	0.01137	0.01188	0.01699	0.01088	0.03057	0.75176	0.00656	0.01107	0.00467	0.04038	0.00412
14	0.87598	0.00854	0.00649	0.00581	0.00854	0.00991	0.00478	0.01298	0.00752	0.01982	0.00615	0.00717	0.00478	0.00410	0.00273	0.00137	0.00342	0.00239	0.00273	0.00478
15	0.05051	0.01262	0.01267	0.00990	0.01325	0.07785	0.00811	0.67250	0.01914	0.04657	0.01038	0.01049	0.00743	0.00520	0.00429	0.00131	0.00496	0.00384	0.02184	0.00714
16	0.01042	0.01191	0.02606	0.01862	0.02308	0.01117	0.80119	0.01415	0.01042	0.01415	0.00894	0.01191	0.00670	0.00372	0.00521	0.00149	0.00745	0.00521	0.00223	0.00596
17	0.10038	0.01093	0.01144	0.00898	0.01220	0.03972	0.00737	0.51641	0.01707	0.15358	0.01141	0.01131	0.00800	0.00517	0.00415	0.00131	0.00445	0.00387	0.06533	0.00692
18	0.00543	0.00388	0.00518	0.00620	0.00648	0.00363	0.00418	0.00623	0.00850	0.01133	0.02432	0.82018	0.02911	0.01379	0.00565	0.00180	0.00260	0.03381	0.00410	0.00360
19	0.00522	0.00447	0.00447	0.00447	0.00597	0.00373	0.00336	0.00634	0.01007	0.01193	0.04474	0.04250	0.81544	0.01119	0.00522	0.00149	0.00224	0.00932	0.00410	0.00373
20	0.01650	0.02105	0.01252	0.01138	0.01365	0.82705	0.00853	0.01764	0.01252	0.01081	0.00683	0.00796	0.00569	0.00455	0.00398	0.00114	0.00796	0.00284	0.00228	0.00512
21	0.00538	0.00384	0.00512	0.00615	0.00641	0.00359	0.00410	0.00615	0.00846	0.01127	0.02434	0.84190	0.02921	0.01384	0.00564	0.00179	0.00256	0.01256	0.00410	0.00359
22	0.00712	0.00508	0.00712	0.00813	0.00915	0.00508	0.00712	0.00915	0.01017	0.01322	0.02338	0.04982	0.02542	0.01220	0.00610	0.00203	0.00407	0.78750	0.00407	0.00407
23	0.00532	0.00407	0.00489	0.00556	0.00625	0.00364	0.00384	0.00622	0.00903	0.01151	0.03156	0.55912	0.30733	0.01290	0.00549	0.00169	0.00245	0.01141	0.00410	0.00364
24	0.01150	0.00974	0.01028	0.00909	0.01168	0.01123	0.00712	0.09302	0.73886	0.01931	0.01732	0.01595	0.01295	0.00593	0.00449	0.00148	0.00362	0.00490	0.00449	0.00704
25	0.87598	0.00854	0.00649	0.00581	0.00854	0.00991	0.00478	0.01298	0.00752	0.01982	0.00615	0.00717	0.00478	0.00410	0.00273	0.00137	0.00342	0.00239	0.00273	0.00478
26	0.00867	0.00837	0.01463	0.71043	0.06287	0.01003	0.08514	0.01163	0.00900	0.01167	0.00793	0.01172	0.00601	0.00439	0.00466	0.00147	0.02025	0.00404	0.00200	0.00509
27	0.01974	0.00764	0.01033	0.00792	0.01134	0.00668	0.00654	0.04186	0.01285	0.79965	0.01725	0.01492	0.01084	0.00546	0.00444	0.00137	0.00379	0.00443	0.00544	0.00752
28	0.00666	0.00495	0.00626	0.00586	0.00702	0.00476	0.00441	0.00965	0.08199	0.01778	0.74540	0.03155	0.03921	0.00876	0.00515	0.00140	0.00221	0.00773	0.00483	0.00441
29	0.10959	0.01009	0.01099	0.00879	0.01198	0.06116	0.02564	0.24102	0.09282	0.27024	0.01298	0.01342	0.00934	0.00532	0.00422	0.00133	0.00434	0.03326	0.00424	0.06924
30	0.00916	0.00899	0.01183	0.01044	0.01075	0.05363	0.00855	0.01029	0.00715	0.01054	0.00739	0.01154	0.00713	0.01405	0.22155	0.00321	0.58308	0.00403	0.00206	0.00462
31	0.00625	0.00451	0.00590	0.00556	0.00660	0.00417	0.00417	0.00833	0.01250	0.01771	0.81490	0.03299	0.04167	0.00903	0.00521	0.00139	0.00208	0.00799	0.00486	0.00417
32	0.00754	0.00388	0.00565	0.00565	0.00565	0.00388	0.00371	0.00583	0.00583	0.00777	0.00835	0.01511	0.00858	0.10557	0.01783	0.77716	0.00388	0.00412	0.00200	0.00200
33	0.01240	0.74287	0.02180	0.00804	0.01163	0.11992	0.00768	0.01378	0.00942	0.01044	0.00623	0.00720	0.00567	0.00388	0.00298	0.00097	0.00513	0.00242	0.00194	0.00560
34	0.03216	0.01241	0.01242	0.01093	0.01170	0.24506	0.00878	0.01240	0.00845	0.01084	0.00671	0.01005	0.00633	0.02330	0.07418	0.00213	0.50160	0.00365	0.00210	0.00481
35	0.01027	0.51988	0.21664	0.00857	0.01256	0.01382	0.00924	0.01258	0.00899	0.01151	0.04188	0.01026	0.00795	0.03762	0.06030	0.00162	0.00552	0.00314	0.00207	0.00558
36	0.01040	0.01184	0.02566	0.01839	0.02272	0.01124	0.77607	0.01404	0.01031	0.01404	0.00884	0.01184	0.00667	0.00385	0.00551	0.00150	0.03376	0.00517	0.00222	0.00592
37	0.01128	0.64059	0.05001	0.00781	0.01127	0.04755	0.00755	0.01370	0.06777	0.01184	0.08590	0.01041	0.00974	0.00450	0.00328	0.00105	0.00457	0.00315	0.00238	0.00563
38	0.00579	0.00450	0.00527	0.00508	0.00632	0.00397	0.00381	0.00745	0.01142	0.01515	0.47305	0.03721	0.38512	0.00999	0.00521	0.00143	0.00215	0.00858	0.00452	0.00397
39	0.70009	0.04429	0.00752	0.00606	0.00878	0.00988	0.00503	0.05350	0.00857	0.04957	0.00740	0.00831	0.00566	0.00427	0.00291	0.00132	0.00346	0.00267	0.06568	0.00501
40	0.81341	0.02936	0.00709	0.00595	0.00874	0.00993	0.00493	0.01340	0.00780	0.05798	0.00669	0.00755	0.00510	0.00416	0.00282	0.00136	0.00347	0.00249	0.00284	0.00494
41	0.00549	0.00392	0.00525	0.00627	0.00657	0.00368	0.00429	0.00633	0.00856	0.01139	0.02428	0.79314	0.02898	0.01374	0.00567	0.00181	0.00266	0.06026	0.00410	0.00362

[dist]
# distance from previous block
# <min> <max>
0	11

[block]
# block no. 9 follows, 59 sequences, length 99
# corresponding to MSA columns:
# 581-679
name=unknown_J
#
# <colnr> <probs for GDERKNQSTAVLIFYWHMCP>
#	G	D	E	R	K	N	Q	S	T	A	V	L	I	F	Y	W	H	M	C	P
0	0.01058	0.01088	0.04596	0.10823	0.59579	0.03209	0.06732	0.01354	0.02728	0.01400	0.00927	0.01177	0.02489	0.00420	0.00444	0.00135	0.00548	0.00411	0.00225	0.00657
1	0.00538	0.00384	0.00512	0.00615	0.00641	0.00359	0.00410	0.00615	0.00846	0.01127	0.02434	0.84190	0.02921	0.01384	0.00564	0.00179	0.00256	0.01256	0.00410	0.00359
2	0.00932	0.00892	0.01543	0.46517	0.31180	0.00994	0.05929	0.01214	0.00939	0.01263	0.00867	0.02516	0.00712	0.00452	0.00450	0.00143	0.00566	0.02109	0.00214	0.00568
3	0.87598	0.00854	0.00649	0.00581	0.00854	0.00991	0.00478	0.01298	0.00752	0.01982	0.00615	0.00717	0.00478	0.00410	0.00273	0.00137	0.00342	0.00239	0.00273	0.00478
4	0.00527	0.00439	0.00460	0.00473	0.00604	0.00372	0.00348	0.00636	0.00989	0.01197	0.05899	0.15492	0.68747	0.01151	0.00528	0.00153	0.00228	0.00975	0.00412	0.00372
5	0.01184	0.38588	0.20881	0.00936	0.01341	0.09716	0.02326	0.07003	0.03709	0.03777	0.00890	0.00974	0.02330	0.00440	0.00359	0.00115	0.00530	0.00316	0.03988	0.00594
6	0.01049	0.01155	0.11190	0.16371	0.41955	0.01030	0.13205	0.02590	0.01005	0.03852	0.00867	0.01123	0.00678	0.00410	0.00447	0.00137	0.00575	0.00407	0.01313	0.00641
7	0.01044	0.01187	0.02581	0.01887	0.04722	0.01115	0.77725	0.01413	0.01041	0.01416	0.00892	0.01188	0.00671	0.00373	0.00519	0.00148	0.00738	0.00517	0.00223	0.00599
8	0.01673	0.01574	0.01290	0.01060	0.01363	0.33798	0.00841	0.47422	0.01732	0.03649	0.00923	0.00964	0.00685	0.00501	0.00424	0.00125	0.00608	0.00353	0.00358	0.00656
9	0.01174	0.28705	0.08999	0.01208	0.08335	0.02442	0.15066	0.08713	0.11118	0.03921	0.00933	0.01035	0.00732	0.00427	0.00395	0.00122	0.00521	0.00365	0.00269	0.05520
10	0.00563	0.00449	0.00504	0.00491	0.00622	0.00390	0.00368	0.00714	0.01104	0.01424	0.35218	0.03871	0.50656	0.01032	0.00522	0.00145	0.00218	0.00879	0.00440	0.00390
11	0.87598	0.00854	0.00649	0.00581	0.00854	0.00991	0.00478	0.01298	0.00752	0.01982	0.00615	0.00717	0.00478	0.00410	0.00273	0.00137	0.00342	0.00239	0.00273	0.00478
12	0.00642	0.00429	0.00487	0.00487	0.00489	0.00431	0.00274	0.00646	0.00644	0.00860	0.01387	0.02862	0.01594	0.82515	0.04194	0.00435	0.00446	0.00638	0.00267	0.00271
13	0.00532	0.00408	0.00488	0.00552	0.00624	0.00364	0.00382	0.00622	0.00906	0.01152	0.03200	0.54178	0.32439	0.01284	0.00548	0.00168	0.00244	0.01134	0.00410	0.00364
14	0.01321	0.00899	0.01005	0.00870	0.01143	0.00985	0.00686	0.02298	0.60852	0.22052	0.01784	0.01611	0.01284	0.00586	0.00448	0.00146	0.00356	0.00485	0.00474	0.00712
15	0.00597	0.00444	0.00544	0.00603	0.00668	0.00421	0.00416	0.03713	0.02858	0.01222	0.04007	0.61090	0.16609	0.03850	0.00600	0.00179	0.00266	0.01121	0.00409	0.00383
16	0.00627	0.00447	0.00611	0.00711	0.00774	0.00435	0.00557	0.00765	0.00927	0.01219	0.02365	0.43020	0.02705	0.03029	0.00622	0.00196	0.00335	0.39869	0.00405	0.00381
17	0.00886	0.02285	0.82190	0.01259	0.01912	0.01026	0.01632	0.01399	0.00932	0.01399	0.00793	0.00932	0.00559	0.00420	0.00420	0.00140	0.00653	0.00326	0.00186	0.00653
18	0.00955	0.00993	0.03108	0.01306	0.03660	0.01197	0.18388	0.01169	0.03361	0.01179	0.00760	0.01119	0.00680	0.00918	0.09383	0.00232	0.50435	0.00428	0.00213	0.00515
19	0.00617	0.00463	0.00632	0.00710	0.00753	0.00478	0.00532	0.00728	0.00875	0.01172	0.02259	0.57306	0.02634	0.01292	0.00648	0.00187	0.07091	0.20853	0.00391	0.00381
20	0.02451	0.00850	0.01522	0.64513	0.02794	0.00990	0.15700	0.01181	0.00911	0.01212	0.00821	0.01185	0.00617	0.00430	0.00449	0.00146	0.00602	0.00414	0.02703	0.00507
21	0.00627	0.00466	0.00686	0.00692	0.00763	0.00535	0.00528	0.00771	0.00713	0.01021	0.01260	0.06101	0.01228	0.07896	0.73800	0.00666	0.01091	0.00524	0.00247	0.00385
22	0.00799	0.00413	0.00416	0.00418	0.00522	0.00408	0.00312	0.00997	0.00929	0.01609	0.01644	0.03446	0.06025	0.00568	0.00327	0.00107	0.00208	0.00460	0.79983	0.00408
23	0.00992	0.01619	0.41722	0.01079	0.01531	0.01062	0.01167	0.01871	0.40804	0.01622	0.01294	0.01289	0.00953	0.00509	0.00434	0.00145	0.00502	0.00413	0.00318	0.00676
24	0.00625	0.00451	0.00590	0.00556	0.00660	0.00417	0.00417	0.00833	0.01250	0.01771	0.81490	0.03299	0.04167	0.00903	0.00521	0.00139	0.00208	0.00799	0.00486	0.00417
25	0.87598	0.00854	0.00649	0.00581	0.00854	0.00991	0.00478	0.01298	0.00752	0.01982	0.00615	0.00717	0.00478	0.00410	0.00273	0.00137	0.00342	0.00239	0.00273	0.00478
26	0.01503	0.01124	0.01205	0.00959	0.01272	0.01249	0.00776	0.57509	0.19551	0.03914	0.01253	0.01291	0.00933	0.04739	0.00534	0.00151	0.00451	0.00433	0.00437	0.00715
27	0.00672	0.00475	0.00515	0.00512	0.00526	0.02630	0.00302	0.00689	0.00668	0.00889	0.01360	0.02736	0.01537	0.75414	0.07305	0.00431	0.00482	0.00617	0.01953	0.00285
28	0.00594	0.00429	0.00593	0.00636	0.00681	0.00453	0.00450	0.00694	0.00756	0.01042	0.01735	0.36239	0.01936	0.14739	0.36393	0.00447	0.00683	0.00824	0.00313	0.00360
