[name]
unknown

[dist]
# distance from previous block
# <min> <max>
0	60

[block]
# block no. 0 follows, 49 sequences, length 15
# corresponding to MSA columns:
# 262-272,305-308
name=unknown_A
#
# <colnr> <probs for GDERKNQSTAVLIFYWHMCP>
#	G	D	E	R	K	N	Q	S	T	A	V	L	I	F	Y	W	H	M	C	P
0	0.01956	0.01263	0.01391	0.01087	0.01471	0.03648	0.00895	0.50685	0.04459	0.23083	0.01479	0.01501	0.01043	0.00637	0.00511	0.00156	0.00526	0.02843	0.00529	0.00838
1	0.01435	0.41660	0.19834	0.01080	0.01576	0.01692	0.01120	0.22766	0.01414	0.01842	0.00893	0.00982	0.00706	0.00492	0.00411	0.00132	0.00592	0.00346	0.00297	0.00730
2	0.00736	0.00617	0.00850	0.23092	0.01493	0.00636	0.00705	0.00954	0.01187	0.01547	0.26822	0.09265	0.28191	0.01009	0.00575	0.00169	0.00370	0.00874	0.00428	0.00479
3	0.01172	0.01094	0.01731	0.08389	0.51515	0.01048	0.01274	0.01454	0.01112	0.01623	0.00933	0.01202	0.00777	0.00433	0.00466	0.00131	0.00543	0.00408	0.00262	0.24434
4	0.01799	0.01223	0.01350	0.01078	0.01447	0.01331	0.00876	0.42844	0.23415	0.16767	0.01592	0.01495	0.01123	0.00633	0.00509	0.00158	0.00490	0.00498	0.00530	0.00843
5	0.00636	0.00462	0.00605	0.00713	0.00764	0.00431	0.00500	0.00743	0.01005	0.01321	0.02969	0.67196	0.09566	0.01539	0.00647	0.00205	0.00309	0.09501	0.00469	0.00418
6	0.01024	0.02135	0.57625	0.01248	0.01911	0.01034	0.01513	0.01510	0.01062	0.01614	0.00905	0.01062	0.00671	0.00451	0.00451	0.00136	0.00643	0.00353	0.00238	0.24414
7	0.01070	0.01053	0.01480	0.01279	0.01288	0.01463	0.01062	0.01188	0.00778	0.01213	0.00729	0.01189	0.00720	0.01158	0.09027	0.00277	0.73806	0.00452	0.00226	0.00544
8	0.01506	0.00903	0.01108	0.00816	0.01243	0.00728	0.00662	0.04246	0.01233	0.28955	0.01294	0.01290	0.00929	0.00470	0.00426	0.00106	0.00400	0.00378	0.00421	0.52886
9	0.24916	0.01056	0.01031	0.00927	0.01221	0.01223	0.00730	0.02351	0.56530	0.02158	0.01679	0.01589	0.01265	0.00625	0.00458	0.00167	0.00398	0.00488	0.00458	0.00730
10	0.00740	0.00571	0.00719	0.00714	0.00864	0.00487	0.00506	0.00871	0.01006	0.01414	0.04706	0.56759	0.02664	0.01228	0.00568	0.00167	0.00314	0.01102	0.00425	0.24173
11	0.01074	0.00988	0.01642	0.02432	0.57152	0.00980	0.01249	0.01315	0.01100	0.01551	0.01465	0.23819	0.01513	0.00768	0.00541	0.00166	0.00515	0.00727	0.00312	0.00692
12	0.00716	0.00517	0.00676	0.00636	0.00755	0.00477	0.00477	0.00954	0.01431	0.02028	0.78808	0.03777	0.04771	0.01034	0.00596	0.00159	0.00239	0.00914	0.00557	0.00477
13	0.01089	0.01029	0.01590	0.01136	0.01603	0.00843	0.22045	0.01370	0.01089	0.01640	0.00934	0.01137	0.00754	0.00389	0.00437	0.00102	0.00508	0.00383	0.00287	0.61635
14	0.00748	0.00553	0.00813	0.00846	0.00943	0.00618	0.00683	0.00943	0.00911	0.01269	0.01725	0.03027	0.01725	0.03122	0.57971	0.00650	0.01106	0.21565	0.00325	0.00455

[dist]
# distance from previous block
# <min> <max>
4	9

[block]
# block no. 1 follows, 49 sequences, length 15
# corresponding to MSA columns:
# 318-321,332-334,362-366,370-372
name=unknown_B
#
# <colnr> <probs for GDERKNQSTAVLIFYWHMCP>
#	G	D	E	R	K	N	Q	S	T	A	V	L	I	F	Y	W	H	M	C	P
0	0.01346	0.01232	0.01977	0.02829	0.68106	0.01253	0.01468	0.12284	0.01325	0.01869	0.00988	0.01246	0.00809	0.00473	0.00501	0.00150	0.00594	0.00451	0.00286	0.00809
1	0.01151	0.01079	0.01813	0.09319	0.61621	0.01092	0.01387	0.01445	0.01179	0.01675	0.11965	0.01617	0.01352	0.00538	0.00515	0.00153	0.00556	0.00516	0.00292	0.00735
2	0.00773	0.00797	0.11769	0.00707	0.00823	0.00603	0.00564	0.00877	0.00791	0.01090	0.01469	0.02843	0.01604	0.61834	0.11014	0.00480	0.00624	0.00662	0.00289	0.00385
3	0.00935	0.00854	0.01417	0.69680	0.03138	0.01047	0.01321	0.01257	0.01033	0.01323	0.01150	0.01965	0.00991	0.00632	0.00533	0.00178	0.00645	0.11095	0.00259	0.00548
4	0.01711	0.01007	0.01152	0.00943	0.01265	0.03168	0.00756	0.20992	0.13291	0.31749	0.05846	0.07343	0.06960	0.00758	0.00527	0.00161	0.00440	0.00622	0.00544	0.00764
5	0.02000	0.00921	0.01165	0.00934	0.01297	0.00880	0.00758	0.02524	0.21878	0.58835	0.02012	0.01765	0.01329	0.00642	0.00510	0.00160	0.00422	0.00525	0.00596	0.00845
6	0.01047	0.01129	0.02375	0.01769	0.02158	0.01058	0.57736	0.01387	0.01136	0.01536	0.01471	0.21823	0.01422	0.00720	0.00609	0.00179	0.00710	0.00810	0.00310	0.00613
7	0.01252	0.01201	0.02053	0.03104	0.79074	0.01201	0.01552	0.01552	0.01151	0.01652	0.00951	0.01252	0.00801	0.00451	0.00501	0.00150	0.00601	0.00451	0.00250	0.00801
8	0.10741	0.01036	0.01263	0.01062	0.01358	0.01142	0.09428	0.05724	0.41713	0.04585	0.07457	0.01979	0.06585	0.00696	0.00545	0.00169	0.02764	0.00587	0.00457	0.00708
9	0.00617	0.00463	0.00573	0.00652	0.00722	0.00419	0.00448	0.00724	0.01042	0.01354	0.07906	0.57776	0.22517	0.01475	0.00630	0.00194	0.00281	0.01313	0.00475	0.00419
10	0.01352	0.82533	0.02650	0.00865	0.01298	0.02001	0.00865	0.01514	0.01027	0.01190	0.00703	0.00811	0.00649	0.00433	0.00324	0.00108	0.00541	0.00270	0.00216	0.00649
11	0.00932	0.00862	0.01439	0.68081	0.06953	0.01047	0.01307	0.01239	0.01013	0.01310	0.01114	0.10407	0.00981	0.00624	0.00521	0.00172	0.00628	0.00561	0.00254	0.00557
12	0.01041	0.02457	0.70882	0.01628	0.10839	0.01177	0.01833	0.01596	0.01077	0.01607	0.00912	0.01088	0.00659	0.00477	0.00483	0.00159	0.00731	0.00382	0.00218	0.00753
13	0.03543	0.00538	0.00685	0.00666	0.00793	0.00499	0.00492	0.01011	0.01289	0.07497	0.48766	0.22300	0.07741	0.01130	0.00593	0.00170	0.00272	0.00997	0.00529	0.00489
14	0.01835	0.10770	0.01613	0.01116	0.01507	0.05687	0.00931	0.61174	0.02113	0.04596	0.01160	0.01212	0.00857	0.02476	0.00530	0.00154	0.00569	0.00435	0.00458	0.00809

[dist]
# distance from previous block
# <min> <max>
0	1

[block]
# block no. 2 follows, 49 sequences, length 12
# corresponding to MSA columns:
# 374-385
name=unknown_C
#
# <colnr> <probs for GDERKNQSTAVLIFYWHMCP>
#	G	D	E	R	K	N	Q	S	T	A	V	L	I	F	Y	W	H	M	C	P
0	0.01060	0.01077	0.01761	0.01427	0.01563	0.01329	0.19252	0.01251	0.00899	0.01319	0.01044	0.04984	0.03460	0.01032	0.07050	0.00250	0.49871	0.00552	0.00253	0.00566
1	0.00692	0.00509	0.00639	0.00619	0.00733	0.00465	0.00455	0.00891	0.01321	0.01823	0.58378	0.10024	0.15269	0.05097	0.00697	0.00181	0.00258	0.00969	0.00525	0.00456
2	0.01142	0.01269	0.02532	0.03697	0.02345	0.04499	0.60587	0.01514	0.01185	0.01564	0.01359	0.05501	0.03945	0.00584	0.00598	0.00175	0.00776	0.05801	0.00288	0.00638
3	0.01800	0.01554	0.01617	0.01296	0.01655	0.27177	0.14279	0.11642	0.09939	0.21906	0.01333	0.01346	0.00952	0.00561	0.00507	0.00151	0.00676	0.00464	0.00413	0.00732
4	0.05097	0.00765	0.01002	0.00814	0.01117	0.00692	0.00657	0.01956	0.03016	0.50863	0.20087	0.02296	0.04873	0.00855	0.03399	0.00182	0.00410	0.00617	0.00576	0.00726
5	0.01994	0.00977	0.01211	0.00947	0.01312	0.00946	0.00775	0.20506	0.05689	0.50008	0.08642	0.01790	0.01485	0.00661	0.00516	0.00156	0.00442	0.00535	0.00585	0.00823
6	0.01416	0.01405	0.01381	0.15185	0.04565	0.26703	0.05648	0.10868	0.03147	0.04949	0.06497	0.08403	0.01316	0.00672	0.00510	0.00154	0.00643	0.01771	0.04151	0.00616
7	0.01071	0.11422	0.62868	0.01450	0.02137	0.01278	0.09755	0.01594	0.01076	0.01557	0.00897	0.01070	0.00655	0.00469	0.00475	0.00155	0.00735	0.00386	0.00218	0.00729
8	0.00646	0.00470	0.00592	0.00650	0.00712	0.00435	0.00443	0.00761	0.01060	0.01416	0.18263	0.48149	0.12987	0.09967	0.00834	0.00222	0.00298	0.01211	0.00470	0.00415
9	0.00995	0.07260	0.65486	0.01322	0.01972	0.01142	0.01652	0.01504	0.01067	0.01551	0.01185	0.05106	0.03238	0.00592	0.00491	0.00162	0.00687	0.03639	0.00244	0.00704
10	0.01256	0.01216	0.01924	0.15124	0.61261	0.04756	0.01484	0.04001	0.01182	0.01627	0.00944	0.01250	0.00776	0.00467	0.00500	0.00152	0.00625	0.00445	0.00255	0.00756
11	0.28755	0.14531	0.04799	0.00870	0.01223	0.06443	0.00760	0.07516	0.06680	0.15785	0.02596	0.01274	0.02370	0.00551	0.00408	0.00146	0.00475	0.00392	0.03760	0.00667

[dist]
# distance from previous block
# <min> <max>
6	12

[block]
# block no. 3 follows, 49 sequences, length 20
# corresponding to MSA columns:
# 405-415,424-432
name=unknown_D
#
# <colnr> <probs for GDERKNQSTAVLIFYWHMCP>
#	G	D	E	R	K	N	Q	S	T	A	V	L	I	F	Y	W	H	M	C	P
0	0.46347	0.01074	0.01079	0.03482	0.05911	0.01205	0.00760	0.19122	0.02589	0.07712	0.01086	0.01164	0.03046	0.00552	0.00440	0.00158	0.02853	0.00382	0.00378	0.00658
1	0.01250	0.31600	0.38182	0.01202	0.01745	0.07005	0.01356	0.05539	0.01132	0.01490	0.00828	0.00973	0.00657	0.00492	0.00481	0.00142	0.04654	0.00340	0.00233	0.00697
2	0.00634	0.00519	0.00563	0.00566	0.00724	0.00447	0.00434	0.00789	0.01199	0.01485	0.16878	0.04757	0.60772	0.01250	0.00606	0.00174	0.00270	0.07013	0.00483	0.00438
3	0.04200	0.01247	0.01337	0.01082	0.01441	0.01387	0.00876	0.43266	0.29316	0.08074	0.01554	0.01478	0.01122	0.00632	0.00503	0.00159	0.00487	0.00495	0.00512	0.00829
4	0.01145	0.01064	0.01629	0.33981	0.32259	0.03483	0.01322	0.07532	0.01198	0.01592	0.01250	0.03765	0.04971	0.00581	0.00515	0.00161	0.00607	0.01996	0.00283	0.00666
5	0.00628	0.00449	0.00601	0.00718	0.00752	0.00421	0.00490	0.00725	0.00980	0.01304	0.02780	0.77294	0.03318	0.01573	0.00649	0.00207	0.00304	0.05924	0.00469	0.00414
6	0.00637	0.00462	0.00605	0.00699	0.00752	0.00429	0.00486	0.00752	0.01039	0.01383	0.10403	0.63999	0.08704	0.01497	0.00641	0.00200	0.00296	0.06115	0.00478	0.00422
7	0.68321	0.13878	0.01083	0.00721	0.01058	0.01293	0.00618	0.05241	0.00962	0.02144	0.00729	0.00839	0.00579	0.00470	0.00324	0.00149	0.00423	0.00282	0.00307	0.00579
8	0.72191	0.01210	0.00855	0.00768	0.01073	0.13958	0.00617	0.01573	0.00953	0.02102	0.00717	0.00836	0.00564	0.00478	0.00336	0.00152	0.00476	0.00282	0.00304	0.00554
9	0.00748	0.00538	0.00721	0.00731	0.00849	0.00511	0.00586	0.00984	0.01346	0.01863	0.54368	0.04396	0.04174	0.01150	0.00629	0.00183	0.00311	0.24913	0.00527	0.00473
10	0.00940	0.00568	0.00741	0.00669	0.00831	0.00514	0.00512	0.01167	0.01419	0.13498	0.63540	0.03529	0.08119	0.00986	0.00583	0.00159	0.00268	0.00862	0.00562	0.00532
11	0.01315	0.05748	0.47635	0.01416	0.02038	0.01142	0.13817	0.01776	0.01164	0.17450	0.01138	0.01237	0.00786	0.00499	0.00498	0.00159	0.00690	0.00433	0.00305	0.00755
12	0.01147	0.01098	0.01852	0.28556	0.50531	0.01193	0.01482	0.01450	0.01087	0.01513	0.00920	0.01276	0.00753	0.00490	0.00558	0.00160	0.04532	0.00450	0.00241	0.00711
13	0.00616	0.00440	0.00587	0.00704	0.00733	0.00411	0.00469	0.00704	0.00968	0.01291	0.02787	0.81899	0.03344	0.01584	0.00645	0.00205	0.00293	0.01438	0.00469	0.00411
14	0.01262	0.01395	0.02686	0.02033	0.06220	0.05431	0.60531	0.05278	0.01232	0.01649	0.00991	0.01310	0.00760	0.00473	0.00654	0.00170	0.06419	0.00558	0.00265	0.00683
15	0.00801	0.00607	0.00721	0.00672	0.00813	0.02817	0.00507	0.01089	0.05342	0.03563	0.65921	0.03631	0.09563	0.01010	0.00586	0.00160	0.00271	0.00882	0.00541	0.00501
16	0.00633	0.00451	0.00601	0.00715	0.00750	0.00425	0.00488	0.00728	0.00975	0.01297	0.02746	0.74558	0.03273	0.03812	0.00703	0.00215	0.00311	0.06443	0.00465	0.00412
17	0.01252	0.01201	0.02053	0.03104	0.79074	0.01201	0.01552	0.01552	0.01151	0.01652	0.00951	0.01252	0.00801	0.00451	0.00501	0.00150	0.00601	0.00451	0.00250	0.00801
18	0.00955	0.00899	0.01517	0.81013	0.03483	0.01123	0.01404	0.01292	0.01011	0.01292	0.00899	0.01348	0.00674	0.00506	0.00506	0.00169	0.00674	0.00449	0.00225	0.00562
19	0.01252	0.01201	0.02053	0.03104	0.79074	0.01201	0.01552	0.01552	0.01151	0.01652	0.00951	0.01252	0.00801	0.00451	0.00501	0.00150	0.00601	0.00451	0.00250	0.00801

[dist]
# distance from previous block
# <min> <max>
0	6

[block]
# block no. 4 follows, 49 sequences, length 27
# corresponding to MSA columns:
# 439-465
name=unknown_E
#
# <colnr> <probs for GDERKNQSTAVLIFYWHMCP>
#	G	D	E	R	K	N	Q	S	T	A	V	L	I	F	Y	W	H	M	C	P
0	0.02235	0.00915	0.01207	0.00925	0.01318	0.00824	0.00765	0.09785	0.01538	0.71975	0.01919	0.01672	0.01213	0.00624	0.00508	0.00156	0.00443	0.00503	0.00614	0.00861
1	0.01103	0.17305	0.50221	0.03970	0.02109	0.01350	0.12310	0.01570	0.01070	0.01509	0.00880	0.01071	0.00662	0.00473	0.00494	0.00153	0.02430	0.00390	0.00221	0.00710
2	0.01014	0.02616	0.79609	0.01441	0.02189	0.01174	0.01868	0.01601	0.01068	0.01601	0.00907	0.01068	0.00641	0.00480	0.00480	0.00160	0.00747	0.00374	0.00214	0.00747
3	0.04693	0.01374	0.01475	0.01134	0.01535	0.01512	0.00937	0.71122	0.02281	0.06997	0.01237	0.01227	0.00869	0.00603	0.00500	0.00152	0.00545	0.00452	0.00506	0.00850
4	0.00598	0.00512	0.00512	0.00512	0.00683	0.00427	0.00384	0.00726	0.01153	0.01366	0.05123	0.04866	0.78869	0.01281	0.00598	0.00171	0.00256	0.01067	0.00470	0.00427
5	0.08270	0.01447	0.05872	0.01071	0.01440	0.14431	0.00903	0.32551	0.05811	0.16694	0.01298	0.01291	0.00921	0.00581	0.00474	0.00149	0.00565	0.00432	0.05037	0.00760
6	0.01153	0.23297	0.55108	0.01284	0.01921	0.06011	0.01556	0.01603	0.01079	0.01474	0.00847	0.00992	0.00643	0.00470	0.00439	0.00145	0.00703	0.00344	0.00217	0.00712
7	0.01014	0.02616	0.79609	0.01441	0.02189	0.01174	0.01868	0.01601	0.01068	0.01601	0.00907	0.01068	0.00641	0.00480	0.00480	0.00160	0.00747	0.00374	0.00214	0.00747
8	0.00658	0.00479	0.00627	0.00723	0.00765	0.00463	0.00492	0.02630	0.01004	0.01339	0.02767	0.76272	0.05208	0.01538	0.00661	0.00203	0.01897	0.01384	0.00465	0.00425
9	0.01473	0.04073	0.06613	0.01686	0.06537	0.09029	0.32765	0.17440	0.01445	0.07062	0.01093	0.01330	0.00829	0.00529	0.00590	0.00161	0.04570	0.01725	0.00331	0.00722
10	0.01954	0.00817	0.01097	0.00870	0.01208	0.00734	0.00710	0.03888	0.03129	0.61725	0.11548	0.01986	0.01690	0.00863	0.05183	0.00195	0.00463	0.00561	0.00591	0.00787
11	0.40316	0.01005	0.00989	0.00833	0.01158	0.01098	0.00677	0.12059	0.13169	0.17390	0.05665	0.01382	0.01121	0.00584	0.00424	0.00158	0.00414	0.00426	0.00445	0.00686
12	0.01076	0.00996	0.01250	0.01114	0.01302	0.11942	0.11747	0.04965	0.01139	0.02587	0.01646	0.07500	0.01647	0.06759	0.16761	0.00333	0.04605	0.20019	0.02085	0.00527
13	0.00788	0.00536	0.00682	0.00634	0.00776	0.00485	0.00479	0.01009	0.01394	0.06328	0.64323	0.03810	0.14755	0.01045	0.00592	0.00161	0.00252	0.00912	0.00549	0.00492
14	0.00943	0.00471	0.00471	0.00471	0.00589	0.00471	0.00353	0.01178	0.01060	0.01885	0.01650	0.01885	0.01296	0.00589	0.00353	0.00118	0.00236	0.00471	0.85036	0.00471
15	0.01252	0.01201	0.02053	0.03104	0.79074	0.01201	0.01552	0.01552	0.01151	0.01652	0.00951	0.01252	0.00801	0.00451	0.00501	0.00150	0.00601	0.00451	0.00250	0.00801
16	0.01004	0.00949	0.01605	0.68163	0.15951	0.01136	0.01429	0.01335	0.01034	0.01351	0.00907	0.01332	0.00695	0.00496	0.00505	0.00165	0.00662	0.00450	0.00229	0.00601
17	0.01010	0.00955	0.01616	0.66619	0.17449	0.01138	0.01432	0.01340	0.01037	0.01359	0.00908	0.01330	0.00698	0.00495	0.00505	0.00165	0.00661	0.00450	0.00229	0.00606
18	0.00614	0.00449	0.00577	0.00679	0.00727	0.00413	0.00458	0.00707	0.00992	0.01301	0.03092	0.71836	0.13210	0.01545	0.00639	0.00201	0.00289	0.01389	0.00469	0.00413
19	0.05131	0.26985	0.52334	0.01228	0.01859	0.01425	0.01499	0.01569	0.01046	0.01507	0.00835	0.00978	0.00639	0.00465	0.00425	0.00144	0.00667	0.00337	0.00219	0.00708
20	0.01106	0.01106	0.01549	0.01328	0.01328	0.01549	0.01106	0.01217	0.00774	0.01217	0.00664	0.01106	0.00664	0.00885	0.01659	0.00221	0.81303	0.00443	0.00221	0.00553
21	0.00621	0.00449	0.00587	0.00689	0.00732	0.00415	0.00465	0.00720	0.01005	0.01337	0.07237	0.72960	0.07844	0.01535	0.00640	0.00201	0.00288	0.01386	0.00474	0.00415
22	0.01211	0.01161	0.01980	0.13627	0.68864	0.01191	0.01532	0.01517	0.01132	0.01603	0.00944	0.01265	0.00784	0.00458	0.00501	0.00153	0.00611	0.00450	0.00247	0.00769
23	0.12479	0.07267	0.42970	0.01489	0.02092	0.01252	0.22300	0.01585	0.01072	0.01669	0.00898	0.01099	0.00663	0.00461	0.00480	0.00159	0.00715	0.00415	0.00239	0.00696
24	0.01219	0.01209	0.01330	0.03031	0.01315	0.13033	0.00941	0.08024	0.01102	0.02829	0.01583	0.01798	0.15140	0.00866	0.01134	0.00190	0.43840	0.00543	0.00306	0.00568
25	0.05607	0.00890	0.02821	0.00840	0.01120	0.05635	0.00689	0.01805	0.06415	0.34270	0.20524	0.02538	0.06536	0.00793	0.00529	0.00161	0.00405	0.05100	0.02650	0.00672
26	0.05854	0.03501	0.01472	0.01214	0.03280	0.21271	0.08317	0.13580	0.21552	0.03554	0.03283	0.01362	0.01055	0.00565	0.00481	0.00146	0.00600	0.00452	0.00384	0.08077

[dist]
# distance from previous block
# <min> <max>
1	30

[block]
# block no. 5 follows, 49 sequences, length 115
# corresponding to MSA columns:
# 698-728,750-831,836,837
name=unknown_F
#
# <colnr> <probs for GDERKNQSTAVLIFYWHMCP>
#	G	D	E	R	K	N	Q	S	T	A	V	L	I	F	Y	W	H	M	C	P
0	0.01819	0.13994	0.01622	0.01255	0.04017	0.52958	0.00961	0.09157	0.01455	0.06971	0.00903	0.00994	0.00718	0.00521	0.00446	0.00132	0.00779	0.00347	0.00303	0.00648
1	0.01181	0.01383	0.04993	0.03109	0.02434	0.05594	0.63657	0.01572	0.01195	0.01586	0.03059	0.05618	0.00992	0.00510	0.00587	0.00169	0.00805	0.00625	0.00273	0.00657
2	0.00878	0.00439	0.00659	0.00659	0.00659	0.00439	0.00439	0.00659	0.00659	0.00878	0.00878	0.01537	0.00878	0.01757	0.01976	0.85288	0.00439	0.00439	0.00220	0.00220
3	0.01071	0.00994	0.01670	0.45957	0.33055	0.01118	0.01405	0.01388	0.01069	0.01466	0.00961	0.01340	0.00758	0.00489	0.00495	0.00159	0.00621	0.00451	0.04883	0.00651
4	0.01044	0.00985	0.01667	0.61315	0.18415	0.01154	0.03700	0.03133	0.01076	0.01418	0.00920	0.01326	0.00706	0.00495	0.00507	0.00165	0.00662	0.00454	0.00237	0.00620
5	0.01064	0.01002	0.01740	0.13160	0.14490	0.01001	0.23600	0.03174	0.05987	0.03801	0.04268	0.02373	0.17691	0.00706	0.00562	0.00168	0.00578	0.03656	0.00345	0.00631
6	0.00955	0.00899	0.01517	0.81013	0.03483	0.01123	0.01404	0.01292	0.01011	0.01292	0.00899	0.01348	0.00674	0.00506	0.00506	0.00169	0.00674	0.00449	0.00225	0.00562
7	0.00630	0.00450	0.00602	0.00720	0.00755	0.00423	0.00493	0.00728	0.00982	0.01306	0.02780	0.76660	0.03315	0.01571	0.00649	0.00207	0.00305	0.06541	0.00469	0.00415
8	0.01384	0.77740	0.02577	0.00891	0.01314	0.06679	0.00872	0.01544	0.01052	0.01193	0.00708	0.00817	0.00649	0.00438	0.00332	0.00109	0.00563	0.00274	0.00219	0.00645
9	0.00955	0.00899	0.01517	0.81013	0.03483	0.01123	0.01404	0.01292	0.01011	0.01292	0.00899	0.01348	0.00674	0.00506	0.00506	0.00169	0.00674	0.00449	0.00225	0.00562
10	0.00787	0.00562	0.00783	0.00900	0.01004	0.00558	0.00767	0.01000	0.01137	0.01482	0.02693	0.16271	0.02970	0.01423	0.00691	0.00229	0.00442	0.65375	0.00466	0.00458
11	0.00640	0.00476	0.00598	0.00657	0.00737	0.00434	0.00463	0.00775	0.01116	0.01481	0.20704	0.46853	0.18527	0.01393	0.00626	0.00189	0.00278	0.03135	0.00489	0.00431
12	0.00690	0.00516	0.00640	0.00609	0.00740	0.00466	0.00457	0.00904	0.01370	0.01883	0.62651	0.04016	0.21018	0.01088	0.00597	0.00162	0.00242	0.00948	0.00538	0.00466
13	0.01014	0.02616	0.79609	0.01441	0.02189	0.01174	0.01868	0.01601	0.01068	0.01601	0.00907	0.01068	0.00641	0.00480	0.00480	0.00160	0.00747	0.00374	0.00214	0.00747
14	0.00855	0.00736	0.01066	0.00990	0.01049	0.00948	0.00795	0.01011	0.00800	0.01189	0.01117	0.01683	0.01057	0.02791	0.53163	0.00609	0.28893	0.00508	0.00254	0.00487
15	0.00718	0.00483	0.00557	0.00574	0.00578	0.00479	0.00330	0.00731	0.00770	0.01026	0.01770	0.14911	0.02061	0.70324	0.02289	0.00448	0.00461	0.00839	0.00330	0.00322
16	0.00616	0.00440	0.00587	0.00704	0.00733	0.00411	0.00469	0.00704	0.00968	0.01291	0.02787	0.81899	0.03344	0.01584	0.00645	0.00205	0.00293	0.01438	0.00469	0.00411
17	0.00955	0.00899	0.01517	0.81013	0.03483	0.01123	0.01404	0.01292	0.01011	0.01292	0.00899	0.01348	0.00674	0.00506	0.00506	0.00169	0.00674	0.00449	0.00225	0.00562
18	0.01102	0.01068	0.01425	0.08047	0.31470	0.11148	0.03234	0.01327	0.01133	0.01476	0.01570	0.20817	0.01616	0.00838	0.00549	0.00171	0.00555	0.08769	0.03072	0.00612
19	0.85801	0.00978	0.00743	0.00665	0.00978	0.01134	0.00548	0.01486	0.00861	0.02269	0.00704	0.00821	0.00548	0.00469	0.00313	0.00156	0.00391	0.00274	0.00313	0.00548
20	0.00722	0.00542	0.00813	0.00813	0.00903	0.00632	0.00632	0.00903	0.00813	0.01174	0.01354	0.01987	0.01264	0.03792	0.80225	0.00813	0.01354	0.00542	0.00271	0.00451
21	0.00722	0.00542	0.00813	0.00813	0.00903	0.00632	0.00632	0.00903	0.00813	0.01174	0.01354	0.01987	0.01264	0.03792	0.80225	0.00813	0.01354	0.00542	0.00271	0.00451
22	0.12289	0.12654	0.18079	0.01604	0.19523	0.16781	0.02540	0.04601	0.04532	0.01656	0.00903	0.01060	0.00719	0.00486	0.00442	0.00145	0.00651	0.00371	0.00270	0.00695
23	0.01612	0.01063	0.01195	0.01009	0.01338	0.01153	0.00803	0.11304	0.48364	0.23396	0.01943	0.01763	0.01384	0.00660	0.00512	0.00165	0.00427	0.00541	0.00544	0.00824
24	0.02269	0.00861	0.01174	0.00900	0.01291	0.00743	0.00743	0.02464	0.01447	0.79425	0.01995	0.01721	0.01252	0.00626	0.00509	0.00156	0.00430	0.00509	0.00626	0.00861
25	0.01115	0.01531	0.24964	0.01098	0.01496	0.06769	0.02163	0.05926	0.25285	0.01769	0.02092	0.05627	0.13403	0.00765	0.00527	0.00168	0.00533	0.03697	0.00389	0.00681
26	0.03213	0.01113	0.07668	0.30812	0.24936	0.01101	0.01285	0.03000	0.09294	0.01598	0.01355	0.01666	0.05549	0.00577	0.00504	0.00162	0.00578	0.02233	0.02692	0.00665
27	0.00616	0.00440	0.00587	0.00704	0.00733	0.00411	0.00469	0.00704	0.00968	0.01291	0.02787	0.81899	0.03344	0.01584	0.00645	0.00205	0.00293	0.01438	0.00469	0.00411
28	0.02255	0.00883	0.01187	0.00910	0.01302	0.00776	0.00752	0.05461	0.01485	0.76376	0.01964	0.01701	0.01236	0.00625	0.00508	0.00156	0.00435	0.00506	0.00621	0.00861
29	0.03562	0.28774	0.12122	0.02636	0.01459	0.15557	0.02420	0.01543	0.01115	0.05430	0.02977	0.01401	0.07837	0.00613	0.00581	0.00146	0.10501	0.00424	0.00280	0.00622
30	0.01335	0.01130	0.01455	0.32389	0.06048	0.05056	0.01134	0.18133	0.11705	0.05570	0.01166	0.01382	0.00880	0.00682	0.02894	0.00185	0.07359	0.00466	0.00348	0.00682
31	0.04168	0.01364	0.01452	0.03524	0.01572	0.02584	0.00940	0.67499	0.04364	0.03007	0.01222	0.01243	0.00876	0.00601	0.00495	0.00152	0.00546	0.00452	0.03117	0.00825
32	0.17935	0.36483	0.21611	0.01048	0.01523	0.08931	0.03229	0.01581	0.01047	0.01523	0.00771	0.00903	0.00630	0.00460	0.00382	0.00135	0.00607	0.00312	0.00240	0.00649
33	0.00619	0.00476	0.00567	0.00623	0.00716	0.00424	0.00437	0.00738	0.01087	0.01395	0.11463	0.44149	0.32669	0.01411	0.00622	0.00187	0.00273	0.01241	0.00478	0.00424
34	0.01065	0.01074	0.03621	0.52442	0.15194	0.03719	0.05580	0.01437	0.04282	0.01414	0.00962	0.01334	0.00743	0.00514	0.00545	0.00165	0.03386	0.00457	0.01447	0.00620
35	0.01305	0.63115	0.07796	0.00984	0.01370	0.03688	0.00973	0.01488	0.01002	0.01223	0.00713	0.00875	0.00651	0.00505	0.00535	0.00129	0.12486	0.00304	0.00218	0.00640
36	0.00620	0.00448	0.00586	0.00691	0.00730	0.00418	0.00464	0.00710	0.00971	0.01286	0.02870	0.73872	0.07786	0.03479	0.02278	0.00222	0.00317	0.01381	0.00462	0.00410
37	0.01258	0.01086	0.01143	0.01029	0.01315	0.01258	0.00800	0.02687	0.78161	0.02115	0.02058	0.01887	0.01544	0.00686	0.00515	0.00172	0.00400	0.00572	0.00515	0.00800
38	0.01889	0.02410	0.01433	0.01303	0.01563	0.80199	0.00977	0.02019	0.01433	0.01238	0.00782	0.00912	0.00651	0.00521	0.00456	0.00130	0.00912	0.00326	0.00261	0.00586
39	0.00608	0.00494	0.00541	0.00576	0.00707	0.00427	0.00419	0.00728	0.01102	0.01349	0.04412	0.26184	0.55981	0.01368	0.00614	0.00182	0.00272	0.03143	0.00469	0.00423
40	0.01321	0.75219	0.09693	0.00918	0.01379	0.01925	0.00957	0.01522	0.01031	0.01227	0.00722	0.00835	0.00648	0.00437	0.00339	0.00113	0.00560	0.00280	0.00216	0.00658
41	0.00654	0.00512	0.00593	0.00578	0.00719	0.00450	0.00431	0.00834	0.01279	0.01679	0.40146	0.06844	0.41126	0.01173	0.00599	0.00166	0.00249	0.01006	0.00511	0.00450
42	0.00735	0.00490	0.00552	0.00552	0.00552	0.00490	0.00306	0.00735	0.00735	0.00980	0.01593	0.03309	0.01838	0.82229	0.02574	0.00490	0.00490	0.00735	0.00306	0.00306
43	0.00875	0.00781	0.01347	0.01193	0.01368	0.00795	0.19430	0.01097	0.01071	0.01440	0.02106	0.27977	0.02297	0.01167	0.00753	0.00208	0.08577	0.26615	0.00391	0.00510
44	0.00974	0.00782	0.00842	0.00772	0.00961	0.04818	0.00590	0.01510	0.21935	0.05268	0.41839	0.03168	0.12666	0.00927	0.00564	0.00162	0.00327	0.00794	0.00522	0.00580
45	0.01832	0.01372	0.01467	0.01145	0.01534	0.01526	0.00939	0.67242	0.12670	0.03041	0.01329	0.01305	0.00953	0.00618	0.00507	0.00154	0.00535	0.00471	0.00507	0.00852
46	0.00965	0.00909	0.01534	0.78489	0.05932	0.01126	0.01409	0.01300	0.01016	0.01304	0.00900	0.01345	0.00678	0.00504	0.00505	0.00168	0.00672	0.00449	0.00226	0.00569
47	0.01021	0.04157	0.78124	0.01430	0.02171	0.01190	0.01849	0.01600	0.01067	0.01593	0.00904	0.01063	0.00641	0.00480	0.00477	0.00159	0.00743	0.00372	0.00214	0.00745
48	0.00713	0.00517	0.00672	0.00633	0.00754	0.00476	0.00475	0.00948	0.01424	0.02011	0.76931	0.03805	0.06658	0.01040	0.00596	0.00159	0.00239	0.00918	0.00554	0.00476
49	0.01014	0.02616	0.79609	0.01441	0.02189	0.01174	0.01868	0.01601	0.01068	0.01601	0.00907	0.01068	0.00641	0.00480	0.00480	0.00160	0.00747	0.00374	0.00214	0.00747
50	0.01157	0.05555	0.09584	0.16109	0.34815	0.03444	0.08350	0.01527	0.04371	0.01552	0.03140	0.01418	0.03067	0.00525	0.00541	0.00158	0.03244	0.00478	0.00266	0.00701
51	0.01711	0.29350	0.01899	0.01058	0.01469	0.01710	0.00925	0.49613	0.03576	0.02475	0.01057	0.01090	0.00802	0.00549	0.00444	0.00137	0.00548	0.00394	0.00406	0.00786
52	0.00616	0.00440	0.00587	0.00704	0.00733	0.00411	0.00469	0.00704	0.00968	0.01291	0.02787	0.81899	0.03344	0.01584	0.00645	0.00205	0.00293	0.01438	0.00469	0.00411
53	0.02021	0.00861	0.01153	0.03311	0.01328	0.00785	0.00765	0.07608	0.01466	0.62355	0.03833	0.05148	0.01466	0.00711	0.00526	0.00163	0.00438	0.04669	0.00589	0.00803
54	0.03564	0.02072	0.11130	0.02637	0.01755	0.46742	0.09300	0.08249	0.01423	0.07099	0.00946	0.01068	0.00721	0.00519	0.00480	0.00143	0.00806	0.00386	0.00302	0.00658
55	0.01044	0.01017	0.01499	0.26047	0.01966	0.01374	0.01167	0.01221	0.00846	0.01231	0.00774	0.01270	0.00714	0.04020	0.01338	0.00216	0.53028	0.00456	0.00226	0.00546
56	0.01233	0.02149	0.47562	0.04083	0.07348	0.08321	0.05248	0.11416	0.01274	0.01768	0.00958	0.01129	0.00704	0.00507	0.00508	0.00157	0.02190	0.00402	0.02312	0.00732
57	0.01269	0.01092	0.01150	0.01031	0.01319	0.01263	0.00803	0.03925	0.76905	0.02133	0.02044	0.01875	0.01532	0.00685	0.00514	0.00171	0.00403	0.00570	0.00514	0.00801
58	0.03139	0.01030	0.01251	0.01014	0.01357	0.01065	0.02574	0.16752	0.22318	0.34855	0.03668	0.01806	0.01357	0.00671	0.00542	0.00164	0.02228	0.02858	0.00544	0.00807
59	0.01170	0.01118	0.01905	0.24516	0.58299	0.01180	0.01511	0.01480	0.01113	0.01553	0.00937	0.01278	0.00766	0.00466	0.00502	0.00155	0.00621	0.00450	0.00243	0.00735
60	0.00943	0.00471	0.00471	0.00471	0.00589	0.00471	0.00353	0.01178	0.01060	0.01885	0.01650	0.01885	0.01296	0.00589	0.00353	0.00118	0.00236	0.00471	0.85036	0.00471
61	0.00630	0.00478	0.00583	0.00641	0.00731	0.00431	0.00454	0.00757	0.01097	0.01424	0.14022	0.44103	0.27599	0.01405	0.00625	0.00189	0.00279	0.03643	0.00481	0.00427
62	0.19773	0.00841	0.02345	0.00831	0.01080	0.01856	0.02319	0.08384	0.01225	0.19849	0.03744	0.25468	0.06088	0.00934	0.00520	0.00174	0.00401	0.03100	0.00465	0.00605
63	0.00878	0.00439	0.00659	0.00659	0.00659	0.00439	0.00439	0.00659	0.00659	0.00878	0.00878	0.01537	0.00878	0.01757	0.01976	0.85288	0.00439	0.00439	0.00220	0.00220
64	0.00943	0.00471	0.00471	0.00471	0.00589	0.00471	0.00353	0.01178	0.01060	0.01885	0.01650	0.01885	0.01296	0.00589	0.00353	0.00118	0.00236	0.00471	0.85036	0.00471
65	0.01091	0.01126	0.01310	0.01157	0.01241	0.12023	0.02687	0.01223	0.00951	0.01261	0.01500	0.04181	0.11723	0.01138	0.07133	0.00245	0.45641	0.03561	0.00283	0.00528
66	0.01341	0.79954	0.05134	0.00884	0.01327	0.01974	0.00898	0.01517	0.01029	0.01203	0.00710	0.00819	0.00649	0.00434	0.00329	0.00110	0.00547	0.00274	0.00216	0.00652
67	0.01889	0.02410	0.01433	0.01303	0.01563	0.80199	0.00977	0.02019	0.01433	0.01238	0.00782	0.00912	0.00651	0.00521	0.00456	0.00130	0.00912	0.00326	0.00261	0.00586
68	0.01105	0.01052	0.01788	0.41576	0.41747	0.01163	0.01479	0.01424	0.01082	0.01474	0.00925	0.01299	0.00738	0.00478	0.00503	0.00159	0.00637	0.00450	0.00238	0.00683
69	0.01922	0.01416	0.01518	0.01163	0.01568	0.01568	0.00961	0.77388	0.02378	0.03187	0.01214	0.01214	0.00860	0.00607	0.00506	0.00152	0.00556	0.00455	0.00506	0.00860
70	0.01252	0.01201	0.02053	0.03104	0.79074	0.01201	0.01552	0.01552	0.01151	0.01652	0.00951	0.01252	0.00801	0.00451	0.00501	0.00150	0.00601	0.00451	0.00250	0.00801
71	0.00616	0.00440	0.00587	0.00704	0.00733	0.00411	0.00469	0.00704	0.00968	0.01291	0.02787	0.81899	0.03344	0.01584	0.00645	0.00205	0.00293	0.01438	0.00469	0.00411
72	0.00977	0.00921	0.01557	0.75193	0.09130	0.01129	0.01415	0.01311	0.01022	0.01319	0.00903	0.01341	0.00684	0.00501	0.00505	0.00167	0.00669	0.00449	0.00227	0.00580
73	0.01240	0.01189	0.02031	0.06219	0.76051	0.01198	0.01546	0.01542	0.01146	0.01638	0.00949	0.01255	0.00796	0.00453	0.00501	0.00151	0.00604	0.00451	0.00249	0.00791
74	0.00614	0.00468	0.00565	0.00642	0.00722	0.00420	0.00447	0.00718	0.01035	0.01321	0.03589	0.53895	0.29351	0.01476	0.00630	0.00194	0.00284	0.02742	0.00469	0.00417
75	0.23301	0.01441	0.01410	0.06161	0.20927	0.23473	0.02350	0.02861	0.03456	0.01695	0.00882	0.01083	0.00717	0.00516	0.00501	0.00151	0.05048	0.00376	0.03015	0.00636
76	0.01922	0.01416	0.01518	0.01163	0.01568	0.01568	0.00961	0.77388	0.02378	0.03187	0.01214	0.01214	0.00860	0.00607	0.00506	0.00152	0.00556	0.00455	0.00506	0.00860
77	0.01483	0.06353	0.01333	0.01100	0.01391	0.24037	0.00858	0.07547	0.45000	0.01863	0.01544	0.01518	0.01191	0.01913	0.00518	0.00160	0.00568	0.00477	0.00420	0.00726
78	0.00735	0.00555	0.00705	0.00782	0.00915	0.00525	0.00658	0.00929	0.01156	0.01457	0.03522	0.07198	0.29085	0.01361	0.00662	0.00211	0.00389	0.48237	0.00467	0.00451
79	0.01024	0.04900	0.77409	0.01425	0.02163	0.01198	0.01840	0.01599	0.01066	0.01590	0.00902	0.01060	0.00641	0.00479	0.00476	0.00159	0.00741	0.00371	0.00214	0.00745
80	0.00735	0.00490	0.00552	0.00552	0.00552	0.00490	0.00306	0.00735	0.00735	0.00980	0.01593	0.03309	0.01838	0.82229	0.02574	0.00490	0.00490	0.00735	0.00306	0.00306
81	0.01730	0.04397	0.01737	0.01536	0.07890	0.54631	0.11467	0.07857	0.01441	0.01475	0.00860	0.01022	0.00696	0.00507	0.00479	0.00138	0.00840	0.00381	0.00277	0.00640
82	0.00617	0.00443	0.00586	0.00698	0.00732	0.00412	0.00467	0.00709	0.00981	0.01305	0.04054	0.78484	0.05505	0.01567	0.00643	0.00204	0.00291	0.01419	0.00471	0.00412
83	0.00955	0.00899	0.01517	0.81013	0.03483	0.01123	0.01404	0.01292	0.01011	0.01292	0.00899	0.01348	0.00674	0.00506	0.00506	0.00169	0.00674	0.00449	0.00225	0.00562
84	0.00716	0.00568	0.00775	0.00703	0.00859	0.00515	0.05056	0.00937	0.01335	0.01813	0.52301	0.03982	0.23976	0.01074	0.00600	0.00165	0.00287	0.03349	0.00513	0.00476
85	0.01194	0.01364	0.02984	0.02131	0.02643	0.01279	0.77238	0.01620	0.01194	0.01620	0.01023	0.01364	0.00767	0.00426	0.00597	0.00171	0.00853	0.00597	0.00256	0.00682
86	0.01014	0.02616	0.79609	0.01441	0.02189	0.01174	0.01868	0.01601	0.01068	0.01601	0.00907	0.01068	0.00641	0.00480	0.00480	0.00160	0.00747	0.00374	0.00214	0.00747
87	0.00735	0.00492	0.00561	0.00560	0.00565	0.00493	0.00319	0.00745	0.00757	0.01014	0.03749	0.03292	0.01907	0.78139	0.04317	0.00488	0.00503	0.00736	0.00313	0.00315
88	0.00662	0.00515	0.00601	0.00580	0.00722	0.00454	0.00435	0.00850	0.01304	0.01726	0.45199	0.04274	0.38568	0.01146	0.00597	0.00164	0.00247	0.00984	0.00517	0.00454
89	0.01017	0.02594	0.78310	0.01453	0.02196	0.01176	0.03146	0.01602	0.01070	0.01602	0.00909	0.01073	0.00643	0.00480	0.00482	0.00160	0.00749	0.00377	0.00214	0.00746
90	0.00621	0.00444	0.00593	0.00710	0.00741	0.00415	0.00478	0.00713	0.00973	0.01296	0.02784	0.79977	0.03334	0.01580	0.00647	0.00206	0.00298	0.03310	0.00469	0.00412
91	0.00670	0.00515	0.00612	0.00588	0.00727	0.00458	0.00441	0.00865	0.01323	0.01770	0.50140	0.04201	0.33599	0.01130	0.00597	0.00164	0.00245	0.00974	0.00523	0.00458
92	0.00989	0.00934	0.01579	0.71941	0.12285	0.01133	0.01422	0.01322	0.01027	0.01334	0.00905	0.01337	0.00689	0.00499	0.00505	0.00166	0.00666	0.00450	0.00228	0.00590
93	0.05203	0.05491	0.03401	0.01410	0.10906	0.07274	0.10479	0.14760	0.06042	0.22869	0.01366	0.03951	0.01017	0.00591	0.00533	0.00157	0.02879	0.00496	0.00419	0.00756
94	0.03828	0.69531	0.04424	0.00921	0.01340	0.10372	0.00894	0.01570	0.01067	0.01236	0.00717	0.00829	0.00646	0.00444	0.00342	0.00113	0.00582	0.00279	0.00224	0.00642
95	0.01032	0.03490	0.04041	0.50604	0.14372	0.01156	0.11905	0.01368	0.01058	0.01397	0.00994	0.04533	0.00811	0.00527	0.00517	0.00165	0.00671	0.00502	0.00242	0.00616
96	0.00955	0.00899	0.01517	0.81013	0.03483	0.01123	0.01404	0.01292	0.01011	0.01292	0.00899	0.01348	0.00674	0.00506	0.00506	0.00169	0.00674	0.00449	0.00225	0.00562
97	0.00716	0.00527	0.00670	0.00748	0.00825	0.00516	0.00549	0.00929	0.06331	0.01406	0.05854	0.45334	0.08126	0.07799	0.00795	0.00227	0.00349	0.17392	0.00462	0.00445
98	0.03798	0.55572	0.15419	0.00974	0.01421	0.03949	0.01015	0.01536	0.03444	0.01341	0.00932	0.03099	0.00852	0.00529	0.00387	0.00130	0.00568	0.04137	0.00248	0.00650
99	0.02269	0.00861	0.01174	0.00900	0.01291	0.00743	0.00743	0.02464	0.01447	0.79425	0.01995	0.01721	0.01252	0.00626	0.00509	0.00156	0.00430	0.00509	0.00626	0.00861
100	0.00700	0.00516	0.00655	0.00620	0.00746	0.00471	0.00465	0.00925	0.01395	0.01942	0.69267	0.03918	0.14365	0.01066	0.00597	0.00161	0.00241	0.00934	0.00545	0.00471
101	0.01146	0.01135	0.04018	0.17999	0.56869	0.01134	0.01455	0.01453	0.01130	0.01580	0.03346	0.01482	0.04008	0.00512	0.00508	0.00155	0.00595	0.00486	0.00262	0.00729
102	0.01106	0.01106	0.01549	0.01328	0.01328	0.01549	0.01106	0.01217	0.00774	0.01217	0.00664	0.01106	0.00664	0.00885	0.01659	0.00221	0.81303	0.00443	0.00221	0.00553
103	0.02218	0.00942	0.01224	0.00939	0.01332	0.00865	0.00775	0.13507	0.01584	0.68188	0.01880	0.01646	0.01194	0.00623	0.00508	0.00156	0.00449	0.00501	0.00608	0.00860
104	0.00987	0.00961	0.01714	0.70401	0.03370	0.01144	0.11606	0.01336	0.01036	0.01336	0.00915	0.01350	0.00687	0.00495	0.00518	0.00169	0.00698	0.00469	0.00229	0.00578
105	0.01224	0.01173	0.02002	0.10381	0.72014	0.01194	0.01538	0.01528	0.01138	0.01618	0.00946	0.01261	0.00789	0.00456	0.00501	0.00152	0.00608	0.00450	0.00248	0.00779
106	0.00864	0.00664	0.00903	0.00848	0.00912	0.00815	0.00663	0.01021	0.00846	0.01310	0.01264	0.01871	0.01175	0.09853	0.37093	0.00494	0.21025	0.00521	0.17390	0.00467
107	0.00728	0.00490	0.00551	0.00555	0.00561	0.00486	0.00314	0.00734	0.00755	0.01002	0.01741	0.05585	0.04377	0.77323	0.02455	0.00472	0.00477	0.00766	0.00316	0.00313
108	0.01517	0.00991	0.01169	0.00888	0.01283	0.00911	0.00721	0.16210	0.06053	0.20710	0.02366	0.01348	0.01003	0.00524	0.00473	0.00121	0.02313	0.00411	0.02099	0.38889
109	0.01897	0.04106	0.01360	0.01087	0.01426	0.24911	0.00866	0.18847	0.10843	0.25849	0.01480	0.01413	0.02408	0.00603	0.00489	0.00148	0.00600	0.00452	0.00460	0.00756
110	0.00742	0.00510	0.00655	0.00655	0.00699	0.00548	0.00444	0.00831	0.00786	0.01114	0.01498	0.02679	0.01569	0.45046	0.34496	0.00601	0.00832	0.00640	0.05280	0.00376
111	0.03822	0.21232	0.56819	0.01259	0.01901	0.01347	0.01552	0.01559	0.01062	0.01538	0.03033	0.01075	0.00755	0.00484	0.00442	0.00148	0.00673	0.00361	0.00227	0.00710
112	0.01234	0.32032	0.20745	0.01516	0.15282	0.03879	0.05803	0.01576	0.03556	0.01441	0.00864	0.01045	0.00713	0.00483	0.00501	0.00140	0.05515	0.00369	0.00238	0.03068
113	0.01066	0.22727	0.23647	0.01043	0.01444	0.01257	0.01073	0.01582	0.14866	0.01468	0.01184	0.01400	0.00977	0.01415	0.22362	0.00328	0.00798	0.00428	0.00284	0.00650
114	0.01170	0.01307	0.02725	0.05963	0.02514	0.01306	0.63597	0.01551	0.01130	0.01551	0.00970	0.01330	0.00749	0.00490	0.00730	0.00177	0.11260	0.00569	0.00250	0.00659

[dist]
# distance from previous block
# <min> <max>
0	2

[block]
# block no. 6 follows, 49 sequences, length 18
# corresponding to MSA columns:
# 840-849,852-859
name=unknown_G
#
# <colnr> <probs for GDERKNQSTAVLIFYWHMCP>
#	G	D	E	R	K	N	Q	S	T	A	V	L	I	F	Y	W	H	M	C	P
0	0.00631	0.00457	0.00600	0.00708	0.00755	0.00426	0.00491	0.00733	0.00997	0.01314	0.02949	0.70113	0.08842	0.01547	0.00646	0.00205	0.00305	0.07396	0.00469	0.00416
1	0.01261	0.06659	0.02109	0.03550	0.15166	0.08650	0.29291	0.04931	0.02687	0.01629	0.03034	0.01351	0.02464	0.00495	0.00546	0.00147	0.03260	0.00488	0.00285	0.11995
2	0.01203	0.11343	0.48661	0.01251	0.01845	0.01284	0.01453	0.11067	0.08312	0.03775	0.01229	0.01305	0.03992	0.00546	0.00474	0.00155	0.00640	0.00422	0.00299	0.00745
3	0.00619	0.00513	0.00541	0.00534	0.00696	0.00436	0.00401	0.00766	0.01202	0.01484	0.18252	0.04672	0.65666	0.01237	0.00597	0.00169	0.00253	0.01040	0.00485	0.00436
4	0.01140	0.01186	0.02443	0.08704	0.06601	0.01144	0.55459	0.01524	0.01156	0.01632	0.01099	0.01432	0.00838	0.00458	0.00548	0.00162	0.00734	0.00558	0.12534	0.00648
5	0.01170	0.01135	0.07371	0.07055	0.05946	0.01159	0.17605	0.03853	0.01067	0.05634	0.01074	0.01374	0.00855	0.00624	0.00842	0.00172	0.24962	0.00482	0.17002	0.00619
6	0.01062	0.00529	0.00599	0.00557	0.00709	0.00506	0.00426	0.01294	0.01181	0.11533	0.16883	0.02237	0.01975	0.00681	0.00421	0.00131	0.00260	0.00563	0.57932	0.00521
7	0.00815	0.00582	0.00815	0.00931	0.01048	0.00582	0.00815	0.01048	0.01164	0.01513	0.02677	0.05704	0.02910	0.01397	0.00698	0.00233	0.00466	0.75671	0.00466	0.00466
8	0.28660	0.00913	0.01036	0.00829	0.01186	0.00899	0.00682	0.05828	0.01307	0.48378	0.04334	0.01485	0.01137	0.00590	0.00450	0.00156	0.00417	0.00446	0.00518	0.00747
9	0.00773	0.00691	0.01237	0.01091	0.01251	0.00646	0.21290	0.00952	0.01029	0.01380	0.02309	0.60057	0.02646	0.01270	0.00632	0.00196	0.00445	0.01210	0.00411	0.00484
10	0.00616	0.00440	0.00587	0.00704	0.00733	0.00411	0.00469	0.00704	0.00968	0.01291	0.02787	0.81899	0.03344	0.01584	0.00645	0.00205	0.00293	0.01438	0.00469	0.00411
11	0.02269	0.00861	0.01174	0.00900	0.01291	0.00743	0.00743	0.02464	0.01447	0.79425	0.01995	0.01721	0.01252	0.00626	0.00509	0.00156	0.00430	0.00509	0.00626	0.00861
12	0.00727	0.00496	0.00596	0.00602	0.00618	0.00509	0.00368	0.00761	0.00760	0.01028	0.01615	0.07079	0.01821	0.65274	0.15211	0.00529	0.00622	0.00739	0.00309	0.00335
13	0.01092	0.00961	0.01249	0.00895	0.01349	0.00762	0.07925	0.03857	0.01107	0.01697	0.00921	0.01084	0.00754	0.00387	0.00400	0.00087	0.00426	0.00333	0.00302	0.74412
14	0.01365	0.00754	0.00936	0.00787	0.01059	0.00695	0.00620	0.03257	0.10394	0.29216	0.22322	0.06603	0.10390	0.00833	0.00536	0.00155	0.00349	0.00707	0.00538	0.08483
15	0.04065	0.23891	0.01719	0.01127	0.01417	0.36396	0.00923	0.03545	0.11545	0.01414	0.00927	0.01038	0.00773	0.00556	0.00544	0.00140	0.08704	0.00357	0.00286	0.00634
16	0.01285	0.01015	0.01106	0.00972	0.01267	0.01117	0.00758	0.02435	0.60683	0.08236	0.05135	0.03635	0.01626	0.00689	0.00509	0.00162	0.00391	0.00577	0.00506	0.07895
17	0.01116	0.05204	0.36302	0.01286	0.01767	0.01170	0.08641	0.05987	0.10599	0.03301	0.01162	0.01387	0.00905	0.02763	0.10419	0.00250	0.04948	0.00457	0.01645	0.00691

[dist]
# distance from previous block
# <min> <max>
0	8

[block]
# block no. 7 follows, 49 sequences, length 51
# corresponding to MSA columns:
# 868-918
name=unknown_H
#
# <colnr> <probs for GDERKNQSTAVLIFYWHMCP>
#	G	D	E	R	K	N	Q	S	T	A	V	L	I	F	Y	W	H	M	C	P
0	0.00697	0.00519	0.00627	0.00665	0.00769	0.00484	0.00486	0.00817	0.01070	0.03760	0.05852	0.36201	0.33196	0.03614	0.00714	0.00199	0.03211	0.06216	0.00463	0.00439
1	0.01537	0.01854	0.33783	0.01281	0.03118	0.01315	0.01321	0.37214	0.01711	0.08050	0.01132	0.01187	0.00794	0.00547	0.00492	0.00153	0.00622	0.00421	0.00384	0.03085
2	0.01085	0.00918	0.01112	0.02595	0.01264	0.00772	0.00671	0.01300	0.01031	0.03690	0.00905	0.01079	0.00752	0.00435	0.00508	0.00094	0.08361	0.00323	0.00299	0.72805
3	0.00731	0.00539	0.00799	0.00799	0.00891	0.00626	0.00621	0.00914	0.00822	0.01202	0.01366	0.01983	0.01265	0.03667	0.77101	0.00786	0.01311	0.00539	0.03586	0.00452
4	0.01227	0.01136	0.01928	0.17293	0.62939	0.01174	0.01501	0.01531	0.01135	0.03891	0.00973	0.01283	0.00791	0.00466	0.00502	0.00154	0.00609	0.00452	0.00257	0.00759
5	0.01415	0.18622	0.24980	0.01346	0.09290	0.01424	0.01242	0.21407	0.05097	0.05954	0.02789	0.01204	0.00882	0.00535	0.00478	0.00147	0.01682	0.00410	0.00337	0.00761
6	0.00659	0.00471	0.00637	0.00736	0.00781	0.00459	0.00521	0.00770	0.00965	0.01291	0.02565	0.59705	0.02999	0.06264	0.08605	0.00285	0.00431	0.10997	0.00440	0.00416
7	0.00682	0.00473	0.00596	0.00668	0.00695	0.00458	0.00441	0.00750	0.00898	0.01194	0.02317	0.44184	0.02723	0.32558	0.01392	0.00318	0.00386	0.08486	0.00406	0.00376
8	0.01399	0.76762	0.02560	0.00884	0.01311	0.03810	0.00868	0.03639	0.01083	0.02817	0.00745	0.00843	0.00667	0.00443	0.00336	0.00111	0.00548	0.00282	0.00234	0.00658
9	0.02954	0.04530	0.39447	0.01070	0.01587	0.02363	0.01203	0.01356	0.01078	0.01575	0.04963	0.04015	0.09560	0.00720	0.03311	0.00165	0.00586	0.00489	0.00289	0.18737
