[name]
unknown

[dist]
# distance from previous block
# <min> <max>
0	217

[block]
# block no. 0 follows, 51 sequences, length 6
# corresponding to MSA columns:
# 338-343
name=unknown_A
#
# <colnr> <probs for GDERKNQSTAVLIFYWHMCP>
#	G	D	E	R	K	N	Q	S	T	A	V	L	I	F	Y	W	H	M	C	P
0	0.00646	0.00453	0.00581	0.00665	0.00693	0.00434	0.00444	0.00722	0.00898	0.01195	0.02395	0.54890	0.02830	0.22791	0.01123	0.00274	0.00350	0.07825	0.00414	0.00377
1	0.05332	0.01160	0.05763	0.01195	0.05859	0.01196	0.06390	0.04802	0.54479	0.05752	0.01711	0.01639	0.01274	0.00609	0.00493	0.00163	0.00456	0.00519	0.00446	0.00760
2	0.11888	0.01147	0.01256	0.00990	0.01357	0.01227	0.00813	0.40453	0.10351	0.23367	0.01414	0.01338	0.00975	0.00587	0.00471	0.00151	0.00472	0.00448	0.00501	0.00793
3	0.01346	0.00947	0.01429	0.01120	0.01452	0.00906	0.18042	0.11613	0.07336	0.19318	0.04779	0.09409	0.07566	0.00734	0.00534	0.00158	0.00489	0.04508	0.00441	0.07873
4	0.07824	0.03489	0.31287	0.02860	0.01699	0.06083	0.06060	0.08600	0.04958	0.12004	0.03182	0.01332	0.03079	0.00534	0.00465	0.00149	0.00593	0.00428	0.00333	0.05043
5	0.04497	0.06344	0.13865	0.03281	0.05771	0.17716	0.12967	0.04824	0.04839	0.09135	0.08158	0.01388	0.01122	0.00553	0.00521	0.00150	0.03434	0.00458	0.00324	0.00657

[dist]
# distance from previous block
# <min> <max>
6	12

[block]
# block no. 1 follows, 51 sequences, length 24
# corresponding to MSA columns:
# 358-381
name=unknown_B
#
# <colnr> <probs for GDERKNQSTAVLIFYWHMCP>
#	G	D	E	R	K	N	Q	S	T	A	V	L	I	F	Y	W	H	M	C	P
0	0.04078	0.03248	0.12063	0.03410	0.03407	0.00861	0.03904	0.05599	0.06435	0.07999	0.06633	0.06989	0.05427	0.06019	0.00601	0.00158	0.00456	0.00541	0.00360	0.21815
1	0.01070	0.00886	0.01223	0.23144	0.05390	0.00874	0.02746	0.06728	0.04606	0.04475	0.02690	0.08437	0.01120	0.00583	0.00465	0.00132	0.00474	0.02498	0.00326	0.32131
2	0.18186	0.15117	0.04852	0.01099	0.06882	0.05796	0.03162	0.15024	0.11257	0.03712	0.01223	0.05129	0.02488	0.00584	0.00433	0.00146	0.00500	0.01615	0.00352	0.02443
3	0.00776	0.00522	0.00615	0.00610	0.00761	0.00461	0.00456	0.00914	0.01124	0.09641	0.10713	0.20121	0.43422	0.01328	0.04173	0.00200	0.00325	0.02903	0.00471	0.00462
4	0.00928	0.00873	0.01474	0.81548	0.03385	0.01092	0.01365	0.01256	0.00983	0.01256	0.00873	0.01310	0.00655	0.00491	0.00491	0.00164	0.00655	0.00437	0.00218	0.00546
5	0.00599	0.00428	0.00570	0.00684	0.00713	0.00399	0.00456	0.00684	0.00941	0.01254	0.02709	0.82409	0.03250	0.01540	0.00627	0.00200	0.00285	0.01397	0.00456	0.00399
6	0.00770	0.00558	0.00709	0.00651	0.00784	0.00531	0.00493	0.05805	0.01449	0.02042	0.74456	0.03513	0.04396	0.00978	0.00574	0.00154	0.00251	0.00861	0.00538	0.00487
7	0.01314	0.83025	0.02575	0.00841	0.01261	0.01945	0.00841	0.01472	0.00999	0.01156	0.00683	0.00788	0.00631	0.00420	0.00315	0.00105	0.00526	0.00263	0.00210	0.00631
8	0.86201	0.00950	0.00722	0.00646	0.00950	0.01102	0.00532	0.01445	0.00836	0.02205	0.00684	0.00798	0.00532	0.00456	0.00304	0.00152	0.00380	0.00266	0.00304	0.00532
9	0.01143	0.00914	0.01062	0.00768	0.01199	0.00730	0.00618	0.07686	0.01144	0.05235	0.00947	0.01062	0.00759	0.00394	0.00380	0.00083	0.00381	0.00313	0.00322	0.74862
10	0.01646	0.01245	0.01334	0.01076	0.01427	0.01392	0.00872	0.48663	0.29799	0.04986	0.01497	0.01430	0.01086	0.00618	0.00495	0.00155	0.00483	0.00485	0.00498	0.00815
11	0.00885	0.00754	0.00848	0.00682	0.01000	0.00625	0.00532	0.01185	0.08605	0.01559	0.04065	0.05516	0.24204	0.00715	0.00457	0.00116	0.00326	0.00595	0.00372	0.46959
12	0.00716	0.00481	0.00646	0.04171	0.00848	0.00463	0.00500	0.00821	0.00970	0.05506	0.06028	0.59781	0.05027	0.08110	0.03289	0.00234	0.00353	0.01190	0.00439	0.00425
13	0.01506	0.01547	0.31323	0.01152	0.03759	0.00996	0.01169	0.11624	0.04492	0.28516	0.07754	0.01525	0.01220	0.00582	0.00490	0.00153	0.00540	0.00471	0.00420	0.00760
14	0.86201	0.00950	0.00722	0.00646	0.00950	0.01102	0.00532	0.01445	0.00836	0.02205	0.00684	0.00798	0.00532	0.00456	0.00304	0.00152	0.00380	0.00266	0.00304	0.00532
15	0.00928	0.00873	0.01474	0.81548	0.03385	0.01092	0.01365	0.01256	0.00983	0.01256	0.00873	0.01310	0.00655	0.00491	0.00491	0.00164	0.00655	0.00437	0.00218	0.00546
16	0.00622	0.00448	0.00590	0.00663	0.00717	0.00415	0.00456	0.00744	0.01055	0.01431	0.21490	0.61238	0.05500	0.01402	0.00614	0.00188	0.00271	0.01264	0.00477	0.00415
17	0.01138	0.01481	0.12767	0.01986	0.02512	0.01230	0.68168	0.01572	0.01144	0.01572	0.00980	0.01289	0.00730	0.00421	0.00566	0.00164	0.00815	0.00552	0.00243	0.00671
18	0.00720	0.00512	0.00621	0.00654	0.00758	0.00476	0.00467	0.00909	0.05255	0.04925	0.12840	0.40396	0.22512	0.04191	0.00664	0.00192	0.00291	0.02698	0.00470	0.00449
19	0.00731	0.00544	0.00735	0.06109	0.06979	0.00554	0.00527	0.00811	0.00838	0.01127	0.01804	0.27462	0.02060	0.41756	0.05520	0.00360	0.00479	0.00877	0.00336	0.00390
20	0.01042	0.01039	0.01426	0.01223	0.01267	0.04197	0.04295	0.01167	0.00805	0.01191	0.00881	0.01345	0.02840	0.04395	0.09222	0.00275	0.62167	0.00469	0.00232	0.00522
21	0.05885	0.01463	0.03794	0.22027	0.24324	0.23378	0.09215	0.01576	0.01148	0.01433	0.00859	0.01132	0.00686	0.00470	0.00475	0.00148	0.00704	0.00407	0.00243	0.00635
22	0.68894	0.05974	0.00929	0.00731	0.01046	0.06562	0.00605	0.05631	0.00977	0.03947	0.00745	0.00845	0.00577	0.00468	0.00329	0.00147	0.00433	0.00284	0.00312	0.00564
23	0.01282	0.05749	0.15327	0.05498	0.19434	0.03424	0.12750	0.08571	0.06567	0.07371	0.01100	0.02474	0.00863	0.02003	0.00593	0.00161	0.05355	0.00465	0.00305	0.00709

[dist]
# distance from previous block
# <min> <max>
0	10

[block]
# block no. 2 follows, 51 sequences, length 17
# corresponding to MSA columns:
# 398-403,406-416
name=unknown_C
#
# <colnr> <probs for GDERKNQSTAVLIFYWHMCP>
#	G	D	E	R	K	N	Q	S	T	A	V	L	I	F	Y	W	H	M	C	P
0	0.00854	0.00427	0.00640	0.00640	0.00640	0.00427	0.00427	0.00640	0.00640	0.00854	0.00854	0.01494	0.00854	0.01707	0.01921	0.85702	0.00427	0.00427	0.00213	0.00213
1	0.01338	0.01166	0.01173	0.01031	0.01322	0.05542	0.00807	0.12220	0.64833	0.02143	0.01828	0.01699	0.01368	0.00648	0.00496	0.00162	0.00435	0.00528	0.00486	0.00774
2	0.00915	0.00789	0.01037	0.26284	0.06391	0.05056	0.00851	0.04058	0.01143	0.03793	0.10583	0.17220	0.16417	0.00906	0.00544	0.00167	0.00457	0.02498	0.00373	0.00518
3	0.03153	0.00969	0.01142	0.04698	0.01335	0.06581	0.00756	0.05921	0.06802	0.50808	0.03578	0.01702	0.02660	0.03428	0.00576	0.00162	0.01847	0.00498	0.00517	0.02867
4	0.01351	0.77206	0.02490	0.00872	0.01280	0.07628	0.00849	0.01507	0.01027	0.01160	0.00689	0.00795	0.00631	0.00427	0.00325	0.00107	0.00552	0.00267	0.00213	0.00626
5	0.00679	0.00500	0.00688	0.00745	0.00828	0.00508	0.00572	0.00838	0.00985	0.01329	0.08602	0.28546	0.08391	0.02102	0.25545	0.00383	0.00635	0.17291	0.00402	0.00429
6	0.05651	0.04290	0.54985	0.01309	0.01922	0.03525	0.05629	0.04755	0.03313	0.08638	0.01006	0.01114	0.00711	0.00487	0.00464	0.00153	0.00669	0.00386	0.00272	0.00721
7	0.01042	0.00832	0.00924	0.00839	0.01060	0.00906	0.00647	0.01932	0.45936	0.04628	0.27137	0.02617	0.07803	0.00813	0.00531	0.00162	0.00330	0.00694	0.00514	0.00654
8	0.01900	0.00817	0.01065	0.00847	0.01186	0.00739	0.00689	0.02215	0.09588	0.61720	0.06715	0.02018	0.06846	0.00682	0.00506	0.00155	0.00392	0.00561	0.00582	0.00779
9	0.00916	0.00458	0.00458	0.00458	0.00573	0.00458	0.00344	0.01145	0.01031	0.01832	0.01603	0.01832	0.01260	0.00573	0.00344	0.00115	0.00229	0.00458	0.85457	0.00458
10	0.00950	0.00896	0.01514	0.75512	0.09248	0.01098	0.01376	0.01275	0.00993	0.01282	0.00877	0.01303	0.00665	0.00487	0.00491	0.00162	0.00650	0.00437	0.00220	0.00564
11	0.01121	0.01520	0.16562	0.01880	0.02372	0.01249	0.57270	0.01535	0.01101	0.01535	0.00942	0.01251	0.00714	0.00464	0.00654	0.00168	0.08232	0.00528	0.00238	0.00663
12	0.00661	0.00472	0.00641	0.00755	0.00811	0.00453	0.00564	0.00791	0.01002	0.01324	0.02674	0.57759	0.03115	0.01481	0.00644	0.00208	0.00339	0.25435	0.00455	0.00416
13	0.86201	0.00950	0.00722	0.00646	0.00950	0.01102	0.00532	0.01445	0.00836	0.02205	0.00684	0.00798	0.00532	0.00456	0.00304	0.00152	0.00380	0.00266	0.00304	0.00532
14	0.00723	0.00482	0.00624	0.00629	0.00656	0.00506	0.00413	0.00750	0.00738	0.01009	0.01449	0.06482	0.01578	0.45699	0.24833	0.11451	0.00702	0.00657	0.00285	0.00332
15	0.01124	0.01209	0.07831	0.12129	0.06253	0.02880	0.36449	0.03731	0.01153	0.05024	0.02570	0.07734	0.01150	0.00618	0.00578	0.00169	0.02409	0.06062	0.00299	0.00628
16	0.86201	0.00950	0.00722	0.00646	0.00950	0.01102	0.00532	0.01445	0.00836	0.02205	0.00684	0.00798	0.00532	0.00456	0.00304	0.00152	0.00380	0.00266	0.00304	0.00532

[dist]
# distance from previous block
# <min> <max>
0	1

[block]
# block no. 3 follows, 51 sequences, length 12
# corresponding to MSA columns:
# 418-429
name=unknown_D
#
# <colnr> <probs for GDERKNQSTAVLIFYWHMCP>
#	G	D	E	R	K	N	Q	S	T	A	V	L	I	F	Y	W	H	M	C	P
0	0.86201	0.00950	0.00722	0.00646	0.00950	0.01102	0.00532	0.01445	0.00836	0.02205	0.00684	0.00798	0.00532	0.00456	0.00304	0.00152	0.00380	0.00266	0.00304	0.00532
1	0.01339	0.01208	0.07950	0.30617	0.11227	0.04285	0.06136	0.12528	0.05986	0.12190	0.01138	0.01323	0.00824	0.00519	0.00494	0.00156	0.00609	0.00451	0.00332	0.00690
2	0.00780	0.00453	0.00585	0.00585	0.00585	0.00453	0.00358	0.00680	0.00680	0.00906	0.01224	0.02411	0.01351	0.44882	0.02230	0.40288	0.00453	0.00580	0.00258	0.00258
3	0.00869	0.00532	0.00730	0.02721	0.00813	0.00555	0.00509	0.06864	0.00873	0.01179	0.04249	0.12161	0.01416	0.07747	0.11200	0.45818	0.00528	0.00605	0.00292	0.00338
4	0.22502	0.01498	0.01213	0.11385	0.01585	0.30004	0.00882	0.15390	0.01354	0.04050	0.00964	0.01245	0.00782	0.00556	0.00438	0.00148	0.00633	0.04439	0.00325	0.00607
5	0.00854	0.00427	0.00640	0.00640	0.00640	0.00427	0.00427	0.00640	0.00640	0.00854	0.00854	0.01494	0.00854	0.01707	0.01921	0.85702	0.00427	0.00427	0.00213	0.00213
6	0.00731	0.00541	0.00706	0.00746	0.00838	0.00543	0.00590	0.00902	0.01099	0.01480	0.18656	0.16655	0.11393	0.07470	0.00820	0.00216	0.04733	0.28671	0.02774	0.00435
7	0.01291	0.50890	0.23489	0.01047	0.01529	0.11778	0.01119	0.01557	0.01059	0.01271	0.00747	0.00868	0.00629	0.00444	0.00373	0.00122	0.00626	0.00297	0.00215	0.00649
8	0.01034	0.00897	0.01468	0.64312	0.09757	0.01046	0.01285	0.01343	0.01022	0.05900	0.00940	0.01303	0.00704	0.00485	0.00482	0.00155	0.00615	0.00430	0.00248	0.06576
9	0.01081	0.01436	0.18973	0.01667	0.07490	0.01110	0.35936	0.04435	0.07857	0.01632	0.01398	0.08792	0.04651	0.00596	0.00543	0.00165	0.00664	0.00611	0.00299	0.00666
10	0.01019	0.00734	0.00982	0.00833	0.01070	0.00669	0.04593	0.04614	0.05391	0.05045	0.06838	0.04718	0.01495	0.00959	0.00841	0.20866	0.00416	0.11653	0.00352	0.26911
11	0.28227	0.09707	0.01151	0.00790	0.01162	0.08765	0.00650	0.05873	0.01070	0.01795	0.00800	0.00921	0.00653	0.00426	0.00355	0.00111	0.00447	0.00291	0.00295	0.36511

[dist]
# distance from previous block
# <min> <max>
6	11

[block]
# block no. 4 follows, 51 sequences, length 15
# corresponding to MSA columns:
# 441-449,452-457
name=unknown_E
#
# <colnr> <probs for GDERKNQSTAVLIFYWHMCP>
#	G	D	E	R	K	N	Q	S	T	A	V	L	I	F	Y	W	H	M	C	P
0	0.00979	0.02189	0.64916	0.01280	0.01897	0.01060	0.01577	0.05549	0.01099	0.01600	0.01231	0.09582	0.03685	0.00612	0.00489	0.00160	0.00654	0.00498	0.00257	0.00687
1	0.01159	0.01817	0.32280	0.01628	0.04784	0.07748	0.29557	0.06428	0.01190	0.01614	0.01054	0.06489	0.00860	0.00528	0.00519	0.00159	0.00731	0.00515	0.00262	0.00677
2	0.00959	0.00808	0.00954	0.00717	0.01095	0.00619	0.00563	0.01166	0.01036	0.01593	0.06067	0.08769	0.01213	0.00514	0.00402	0.00090	0.00348	0.00432	0.00322	0.72332
3	0.16162	0.01399	0.03435	0.11399	0.19025	0.19640	0.10524	0.03102	0.01125	0.01573	0.00888	0.01213	0.00736	0.00515	0.00522	0.00154	0.04963	0.02742	0.00263	0.00622
4	0.00916	0.00458	0.00458	0.00458	0.00573	0.00458	0.00344	0.01145	0.01031	0.01832	0.01603	0.01832	0.01260	0.00573	0.00344	0.00115	0.00229	0.00458	0.85457	0.00458
5	0.01177	0.01200	0.07503	0.28865	0.16688	0.04020	0.02524	0.12073	0.08917	0.01678	0.01146	0.02815	0.02616	0.00570	0.00569	0.00161	0.06042	0.00473	0.00299	0.00663
6	0.86201	0.00950	0.00722	0.00646	0.00950	0.01102	0.00532	0.01445	0.00836	0.02205	0.00684	0.00798	0.00532	0.00456	0.00304	0.00152	0.00380	0.00266	0.00304	0.00532
7	0.09560	0.01013	0.00993	0.00892	0.01145	0.05685	0.00694	0.05930	0.45397	0.02000	0.12561	0.02143	0.08480	0.00729	0.00495	0.00160	0.00391	0.00594	0.00468	0.00670
8	0.00986	0.02542	0.80183	0.01401	0.02127	0.01141	0.01816	0.01556	0.01038	0.01556	0.00882	0.01038	0.00623	0.00467	0.00467	0.00156	0.00726	0.00363	0.00208	0.00726
9	0.06649	0.01359	0.07326	0.01150	0.05795	0.13630	0.00911	0.17921	0.15714	0.03991	0.01238	0.03830	0.01005	0.02998	0.04870	0.00192	0.04141	0.00458	0.00367	0.06457
10	0.01566	0.16002	0.08163	0.01134	0.01541	0.04189	0.06439	0.36225	0.10510	0.06038	0.01177	0.01236	0.00881	0.02110	0.00502	0.00150	0.00561	0.00430	0.00395	0.00752
11	0.00602	0.00439	0.00567	0.00662	0.00709	0.00404	0.00448	0.00698	0.00981	0.01297	0.06681	0.70522	0.11215	0.01483	0.00620	0.00194	0.00279	0.01335	0.00460	0.00404
12	0.01041	0.00996	0.01344	0.09415	0.01532	0.09064	0.17009	0.03287	0.12507	0.01433	0.04052	0.08907	0.01517	0.22076	0.01051	0.00247	0.00575	0.03081	0.00336	0.00532
13	0.01330	0.14170	0.17553	0.02809	0.01867	0.12951	0.20768	0.12371	0.03525	0.01671	0.02870	0.01165	0.00813	0.00503	0.00518	0.00148	0.03582	0.00430	0.00282	0.00673
14	0.00916	0.00458	0.00458	0.00458	0.00573	0.00458	0.00344	0.01145	0.01031	0.01832	0.01603	0.01832	0.01260	0.00573	0.00344	0.00115	0.00229	0.00458	0.85457	0.00458

[dist]
# distance from previous block
# <min> <max>
1	2

[block]
# block no. 5 follows, 51 sequences, length 28
# corresponding to MSA columns:
# 460-487
name=unknown_F
#
# <colnr> <probs for GDERKNQSTAVLIFYWHMCP>
#	G	D	E	R	K	N	Q	S	T	A	V	L	I	F	Y	W	H	M	C	P
0	0.00892	0.00525	0.00809	0.04335	0.06597	0.00551	0.00572	0.00751	0.00695	0.00939	0.00852	0.01449	0.00832	0.01529	0.01742	0.72450	0.03555	0.00428	0.00216	0.00282
1	0.07161	0.01479	0.07361	0.01113	0.01448	0.17865	0.03419	0.29001	0.04661	0.06350	0.01228	0.07637	0.01024	0.00646	0.00520	0.00152	0.03350	0.02061	0.00388	0.03136
2	0.03369	0.06562	0.07406	0.01104	0.01459	0.09784	0.04812	0.26669	0.15205	0.02065	0.01222	0.03920	0.00978	0.02067	0.01744	0.00161	0.03209	0.00459	0.00379	0.07425
3	0.00928	0.00873	0.01439	0.66601	0.08956	0.01058	0.01289	0.01230	0.00996	0.01286	0.01190	0.01562	0.06800	0.00558	0.00534	0.00164	0.03260	0.00483	0.00239	0.00553
4	0.01152	0.01301	0.05504	0.07957	0.08473	0.01200	0.60677	0.01548	0.01143	0.02927	0.01024	0.01395	0.00786	0.00446	0.00562	0.00165	0.00779	0.02043	0.00255	0.00664
5	0.00642	0.00465	0.00614	0.00710	0.00770	0.00437	0.00516	0.00768	0.01022	0.01353	0.08364	0.56589	0.08442	0.01446	0.00631	0.00199	0.00311	0.15845	0.00462	0.00415
6	0.86201	0.00950	0.00722	0.00646	0.00950	0.01102	0.00532	0.01445	0.00836	0.02205	0.00684	0.00798	0.00532	0.00456	0.00304	0.00152	0.00380	0.00266	0.00304	0.00532
7	0.18430	0.01144	0.01235	0.00965	0.01337	0.01220	0.00797	0.42145	0.01773	0.24201	0.01293	0.01242	0.00882	0.00569	0.00456	0.00150	0.00475	0.00422	0.00487	0.00777
8	0.76682	0.00942	0.00755	0.00655	0.00974	0.01052	0.00538	0.01421	0.00857	0.02137	0.00705	0.00823	0.00554	0.00446	0.00311	0.00143	0.00378	0.00269	0.00303	0.10053
9	0.00960	0.00683	0.00825	0.00736	0.00915	0.00688	0.00567	0.08648	0.12698	0.05973	0.56819	0.03066	0.03647	0.00896	0.00555	0.00156	0.00294	0.00778	0.00534	0.00563
10	0.00916	0.00458	0.00458	0.00458	0.00573	0.00458	0.00344	0.01145	0.01031	0.01832	0.01603	0.01832	0.01260	0.00573	0.00344	0.00115	0.00229	0.00458	0.85457	0.00458
11	0.01314	0.83025	0.02575	0.00841	0.01261	0.01945	0.00841	0.01472	0.00999	0.01156	0.00683	0.00788	0.00631	0.00420	0.00315	0.00105	0.00526	0.00263	0.00210	0.00631
12	0.00695	0.00516	0.00759	0.00768	0.00846	0.00590	0.00585	0.00854	0.00797	0.01139	0.01436	0.08174	0.01414	0.07844	0.70352	0.00727	0.01191	0.00604	0.00280	0.00428
13	0.01086	0.01082	0.01543	0.01423	0.07302	0.01479	0.01108	0.01208	0.00781	0.01215	0.00667	0.01086	0.00655	0.00828	0.01526	0.00210	0.75598	0.00431	0.00217	0.00556
14	0.01258	0.01198	0.01287	0.02796	0.01422	0.13272	0.06629	0.10750	0.01245	0.01712	0.00902	0.01048	0.00726	0.00420	0.00411	0.00099	0.00509	0.00339	0.00305	0.53669
15	0.01314	0.83025	0.02575	0.00841	0.01261	0.01945	0.00841	0.01472	0.00999	0.01156	0.00683	0.00788	0.00631	0.00420	0.00315	0.00105	0.00526	0.00263	0.00210	0.00631
16	0.00602	0.00464	0.00548	0.00606	0.00696	0.00414	0.00426	0.00711	0.01033	0.01314	0.06932	0.43617	0.34743	0.03145	0.00648	0.00190	0.00275	0.02772	0.00456	0.00407
17	0.54181	0.00927	0.00903	0.00755	0.01073	0.01005	0.00623	0.03214	0.01044	0.27116	0.01094	0.01097	0.00762	0.00524	0.00422	0.00155	0.03718	0.00349	0.00402	0.00636
18	0.00596	0.00493	0.00523	0.00527	0.00676	0.00420	0.00391	0.00731	0.01141	0.01402	0.14105	0.10308	0.64518	0.01236	0.00584	0.00167	0.00249	0.01045	0.00467	0.00420
19	0.02696	0.01552	0.20742	0.05393	0.02148	0.01226	0.33136	0.16334	0.01350	0.06153	0.02409	0.01275	0.00818	0.00494	0.00540	0.00159	0.02071	0.00488	0.00309	0.00707
20	0.00916	0.00458	0.00458	0.00458	0.00573	0.00458	0.00344	0.01145	0.01031	0.01832	0.01603	0.01832	0.01260	0.00573	0.00344	0.00115	0.00229	0.00458	0.85457	0.00458
21	0.00921	0.00723	0.01055	0.03764	0.05058	0.00726	0.08899	0.11458	0.01141	0.02760	0.01979	0.41136	0.02183	0.13066	0.00865	0.00225	0.00440	0.02698	0.00399	0.00504
22	0.01135	0.00888	0.01044	0.00752	0.01184	0.00690	0.00605	0.03983	0.01092	0.07357	0.00962	0.01072	0.00767	0.00390	0.00378	0.00081	0.00374	0.00311	0.00321	0.76615
23	0.00833	0.00729	0.01172	0.19115	0.01607	0.00809	0.09394	0.02182	0.01009	0.01374	0.11110	0.16887	0.03699	0.05802	0.13019	0.00288	0.07409	0.02740	0.00332	0.00490
24	0.00981	0.00936	0.01304	0.01147	0.01157	0.01271	0.00933	0.01086	0.00766	0.01167	0.00912	0.06662	0.00956	0.07076	0.09368	0.00289	0.62722	0.00524	0.00242	0.00502
25	0.01302	0.44127	0.17014	0.00975	0.01411	0.05310	0.00997	0.06264	0.04130	0.05701	0.07610	0.01199	0.01049	0.00513	0.00401	0.00128	0.00546	0.00373	0.00290	0.00661
26	0.22383	0.02122	0.05385	0.02119	0.06425	0.07999	0.03004	0.07172	0.11472	0.07090	0.04221	0.03724	0.08093	0.00619	0.00447	0.00149	0.00470	0.00488	0.00372	0.06248
27	0.04398	0.01168	0.01294	0.01045	0.03043	0.09238	0.04638	0.22831	0.04754	0.20015	0.06892	0.01437	0.01169	0.00563	0.00470	0.00136	0.00499	0.00453	0.00439	0.15518

[dist]
# distance from previous block
# <min> <max>
0	5

[block]
# block no. 6 follows, 51 sequences, length 16
# corresponding to MSA columns:
# 493-508
name=unknown_G
#
# <colnr> <probs for GDERKNQSTAVLIFYWHMCP>
#	G	D	E	R	K	N	Q	S	T	A	V	L	I	F	Y	W	H	M	C	P
0	0.03976	0.00671	0.00839	0.04429	0.06907	0.00679	0.00635	0.03430	0.11198	0.03673	0.13097	0.26226	0.17999	0.01068	0.00561	0.00173	0.00342	0.03126	0.00446	0.00526
1	0.07108	0.03585	0.01702	0.07641	0.19871	0.04852	0.14173	0.08563	0.02866	0.01692	0.00993	0.04335	0.00837	0.00518	0.00538	0.00144	0.05474	0.00456	0.00289	0.14364
2	0.01121	0.01157	0.01391	0.01213	0.01250	0.10934	0.00987	0.01231	0.00831	0.01171	0.00753	0.01221	0.00743	0.05045	0.07435	0.00260	0.62070	0.00438	0.00227	0.00522
3	0.00854	0.00427	0.00640	0.00640	0.00640	0.00427	0.00427	0.00640	0.00640	0.00854	0.00854	0.01494	0.00854	0.01707	0.01921	0.85702	0.00427	0.00427	0.00213	0.00213
4	0.00978	0.00983	0.06683	0.73320	0.03224	0.01082	0.01371	0.01317	0.01002	0.04118	0.00912	0.01305	0.00673	0.00494	0.00490	0.00163	0.00651	0.00434	0.00232	0.00568
5	0.86201	0.00950	0.00722	0.00646	0.00950	0.01102	0.00532	0.01445	0.00836	0.02205	0.00684	0.00798	0.00532	0.00456	0.00304	0.00152	0.00380	0.00266	0.00304	0.00532
6	0.00602	0.00473	0.00544	0.00580	0.00690	0.00416	0.00415	0.00727	0.01091	0.01385	0.13814	0.32409	0.42472	0.01319	0.00597	0.00177	0.00260	0.01147	0.00467	0.00416
7	0.00940	0.00862	0.01399	0.47812	0.12611	0.01039	0.01200	0.01249	0.03221	0.01297	0.00985	0.01419	0.00808	0.01141	0.16320	0.00288	0.06152	0.00458	0.00238	0.00561
8	0.00715	0.00476	0.00536	0.00536	0.00536	0.00476	0.00298	0.00715	0.00715	0.00953	0.01548	0.03216	0.01787	0.82729	0.02501	0.00476	0.00476	0.00715	0.00298	0.00298
9	0.01005	0.07671	0.64793	0.01356	0.01996	0.01176	0.05181	0.01508	0.01045	0.01530	0.03233	0.01225	0.00803	0.00511	0.00505	0.00156	0.03111	0.02273	0.00226	0.00697
10	0.09279	0.07946	0.05823	0.05854	0.05007	0.44472	0.02179	0.03612	0.01220	0.01375	0.00838	0.01058	0.00705	0.02662	0.05808	0.00185	0.00786	0.00354	0.00257	0.00581
11	0.02181	0.00874	0.01164	0.00892	0.01274	0.00779	0.00737	0.07739	0.01470	0.74570	0.01885	0.01638	0.01190	0.00607	0.00494	0.00152	0.00427	0.00491	0.00600	0.00836
12	0.00962	0.00933	0.07177	0.04824	0.08733	0.02616	0.04731	0.03785	0.01138	0.03928	0.12740	0.20878	0.04375	0.00804	0.00511	0.00146	0.00429	0.00715	0.00370	0.20206
13	0.01205	0.00915	0.01089	0.00946	0.01120	0.03109	0.00745	0.18739	0.08748	0.06888	0.01309	0.01754	0.01138	0.12838	0.24635	0.00394	0.12968	0.00514	0.00358	0.00587
14	0.01259	0.21156	0.21819	0.01276	0.07421	0.04502	0.03768	0.09360	0.18724	0.01704	0.01122	0.01204	0.00870	0.00568	0.01729	0.00155	0.01936	0.00405	0.00309	0.00714
15	0.01095	0.01152	0.05495	0.36161	0.34319	0.03711	0.05731	0.01412	0.01057	0.01427	0.00891	0.01239	0.00708	0.00476	0.00526	0.00157	0.03119	0.00438	0.00231	0.00657

[dist]
# distance from previous block
# <min> <max>
0	1

[block]
# block no. 7 follows, 51 sequences, length 30
# corresponding to MSA columns:
# 510-539
name=unknown_H
#
# <colnr> <probs for GDERKNQSTAVLIFYWHMCP>
#	G	D	E	R	K	N	Q	S	T	A	V	L	I	F	Y	W	H	M	C	P
0	0.01158	0.00871	0.01054	0.05595	0.04296	0.00886	0.00733	0.13024	0.15851	0.07613	0.11639	0.03590	0.09108	0.00912	0.05824	0.00188	0.00461	0.02235	0.00430	0.14536
1	0.00599	0.00428	0.00570	0.00684	0.00713	0.00399	0.00456	0.00684	0.00941	0.01254	0.02709	0.82409	0.03250	0.01540	0.00627	0.00200	0.00285	0.01397	0.00456	0.00399
2	0.09646	0.03642	0.01034	0.00883	0.02911	0.01000	0.00683	0.08924	0.30746	0.11487	0.06294	0.02273	0.16942	0.00751	0.00493	0.00158	0.00379	0.00610	0.00471	0.00673
3	0.01183	0.01053	0.03522	0.06228	0.06541	0.05229	0.27507	0.01449	0.01107	0.12575	0.01449	0.15589	0.01317	0.00967	0.07533	0.00223	0.03384	0.02197	0.00337	0.00610
4	0.06070	0.24058	0.16551	0.04712	0.01705	0.09405	0.11476	0.07297	0.01181	0.05636	0.02629	0.01192	0.00822	0.00511	0.00476	0.00143	0.03162	0.02042	0.00279	0.00653
5	0.01800	0.02282	0.01398	0.01267	0.01508	0.77011	0.00955	0.01925	0.01362	0.01202	0.00754	0.00895	0.00634	0.00523	0.00498	0.00131	0.04712	0.00322	0.00251	0.00568
6	0.01113	0.00956	0.01009	0.00916	0.01171	0.01080	0.00710	0.02280	0.64853	0.01955	0.06052	0.02303	0.11955	0.00759	0.00514	0.00166	0.00363	0.00635	0.00496	0.00715
7	0.00631	0.00452	0.00588	0.00661	0.00711	0.00423	0.00453	0.00742	0.01018	0.01372	0.16769	0.56696	0.06049	0.07738	0.00764	0.00212	0.00294	0.03564	0.00459	0.00405
8	0.00722	0.00552	0.00815	0.00804	0.00883	0.00654	0.00623	0.00886	0.00784	0.01134	0.01293	0.01947	0.01225	0.07261	0.73024	0.00745	0.05420	0.00530	0.00262	0.00437
9	0.00870	0.09152	0.03734	0.00744	0.00942	0.00703	0.02987	0.01123	0.04264	0.06313	0.37422	0.11763	0.12677	0.01071	0.03892	0.00183	0.00369	0.00819	0.00457	0.00517
10	0.01160	0.00921	0.01300	0.20717	0.02982	0.00926	0.05551	0.05062	0.05856	0.09305	0.01133	0.01443	0.00906	0.03303	0.01873	0.00156	0.04976	0.02407	0.00323	0.29702
11	0.01002	0.00986	0.05122	0.17315	0.10886	0.00985	0.09438	0.03488	0.18492	0.01643	0.09698	0.03711	0.09509	0.02429	0.02986	0.00187	0.00530	0.00612	0.00360	0.00621
12	0.01868	0.01376	0.01475	0.01131	0.01524	0.01524	0.00934	0.78025	0.02311	0.03097	0.01180	0.01180	0.00836	0.00590	0.00492	0.00147	0.00541	0.00442	0.00492	0.00836
13	0.00990	0.00983	0.07584	0.07158	0.20676	0.02631	0.05680	0.03243	0.02780	0.03858	0.03067	0.26977	0.01818	0.00908	0.00573	0.00175	0.01792	0.08162	0.00354	0.00590
14	0.01868	0.01376	0.01475	0.01131	0.01524	0.01524	0.00934	0.78025	0.02311	0.03097	0.01180	0.01180	0.00836	0.00590	0.00492	0.00147	0.00541	0.00442	0.00492	0.00836
15	0.00960	0.01139	0.13785	0.17936	0.11813	0.00961	0.06715	0.03137	0.11275	0.01576	0.06597	0.02217	0.18433	0.00697	0.00519	0.00160	0.00518	0.00611	0.00337	0.00616
16	0.00603	0.00429	0.00569	0.00679	0.00707	0.00402	0.00451	0.00685	0.00933	0.01244	0.02670	0.79774	0.03202	0.04240	0.00690	0.00209	0.00291	0.01374	0.00451	0.00396
17	0.01196	0.01078	0.04590	0.33170	0.13855	0.03563	0.06865	0.09777	0.02890	0.07069	0.01129	0.01568	0.00909	0.04837	0.02427	0.00190	0.00631	0.03320	0.00302	0.00635
18	0.01088	0.01129	0.01130	0.02643	0.01181	0.20902	0.00819	0.01229	0.00931	0.01161	0.01003	0.01491	0.00941	0.05661	0.34847	0.00447	0.22200	0.00455	0.00249	0.00493
19	0.00763	0.00535	0.00686	0.00638	0.00771	0.00501	0.00482	0.01036	0.04432	0.04555	0.71605	0.03563	0.06581	0.00985	0.00574	0.00155	0.00245	0.00867	0.00539	0.00487
20	0.01189	0.40271	0.08732	0.00981	0.03001	0.08196	0.04189	0.03964	0.03322	0.01442	0.12235	0.01628	0.07810	0.00596	0.00425	0.00130	0.00520	0.00461	0.00301	0.00608
21	0.00589	0.00492	0.00513	0.00520	0.00672	0.00416	0.00386	0.00717	0.01121	0.01359	0.09186	0.11087	0.68746	0.01255	0.00585	0.00168	0.00251	0.01058	0.00461	0.00416
22	0.00937	0.01027	0.09727	0.18507	0.19835	0.00913	0.04695	0.02384	0.04992	0.01521	0.08505	0.07101	0.14449	0.00791	0.02345	0.00175	0.00527	0.00643	0.00326	0.00600
23	0.01025	0.00992	0.01203	0.19109	0.04365	0.11759	0.00937	0.03506	0.00962	0.01250	0.01016	0.01504	0.00912	0.05027	0.29641	0.00404	0.15158	0.00463	0.00251	0.00516
24	0.06900	0.00843	0.01117	0.00862	0.01237	0.00744	0.00712	0.02342	0.01375	0.75655	0.01869	0.01624	0.01178	0.00600	0.00484	0.00152	0.00416	0.00481	0.00591	0.00819
25	0.86201	0.00950	0.00722	0.00646	0.00950	0.01102	0.00532	0.01445	0.00836	0.02205	0.00684	0.00798	0.00532	0.00456	0.00304	0.00152	0.00380	0.00266	0.00304	0.00532
26	0.01379	0.01073	0.01088	0.00947	0.01205	0.09139	0.00738	0.17518	0.25972	0.10946	0.12910	0.11464	0.01903	0.00781	0.00518	0.00159	0.00439	0.00649	0.00486	0.00685
27	0.81879	0.00945	0.00744	0.00658	0.00966	0.01083	0.00542	0.01493	0.00866	0.06208	0.00749	0.00843	0.00567	0.00464	0.00314	0.00152	0.00382	0.00278	0.00320	0.00548
28	0.01003	0.02471	0.01492	0.62701	0.05653	0.01048	0.04415	0.01306	0.01011	0.05213	0.01016	0.04705	0.00813	0.00600	0.02213	0.00174	0.00637	0.00480	0.00253	0.02797
29	0.19098	0.33995	0.19756	0.01063	0.04698	0.06425	0.01039	0.06204	0.01083	0.01608	0.00774	0.00895	0.00627	0.00455	0.00373	0.00132	0.00567	0.00308	0.00251	0.00647

[dist]
# distance from previous block
# <min> <max>
0	3

[block]
# block no. 8 follows, 51 sequences, length 57
# corresponding to MSA columns:
# 543-599
name=unknown_I
#
# <colnr> <probs for GDERKNQSTAVLIFYWHMCP>
#	G	D	E	R	K	N	Q	S	T	A	V	L	I	F	Y	W	H	M	C	P
0	0.05990	0.01190	0.05086	0.01313	0.11788	0.01250	0.02777	0.13659	0.47092	0.02125	0.01584	0.01546	0.01191	0.00598	0.00486	0.00160	0.00464	0.00498	0.00434	0.00768
1	0.01945	0.01207	0.01367	0.01046	0.01437	0.01270	0.00864	0.54193	0.02017	0.25402	0.01393	0.01319	0.00944	0.00590	0.00489	0.00147	0.00501	0.00454	0.00521	0.02895
2	0.02133	0.00858	0.01144	0.00881	0.01253	0.00762	0.00726	0.06902	0.01460	0.72723	0.04521	0.01711	0.01310	0.00621	0.00497	0.00152	0.00419	0.00504	0.00599	0.00824
3	0.00611	0.00464	0.00563	0.00617	0.00706	0.00417	0.00437	0.00733	0.01069	0.01385	0.14397	0.43775	0.28786	0.01361	0.00606	0.00183	0.00269	0.02739	0.00468	0.00415
4	0.01173	0.17772	0.31970	0.01197	0.01617	0.02887	0.02769	0.03312	0.02632	0.06106	0.00908	0.01107	0.00724	0.00737	0.05121	0.00193	0.18486	0.00384	0.00251	0.00656
5	0.00834	0.00580	0.00716	0.00661	0.00813	0.00550	0.00501	0.04342	0.05098	0.06185	0.54576	0.07839	0.13390	0.01008	0.00570	0.00159	0.00268	0.00879	0.00525	0.00506
6	0.00922	0.08239	0.25542	0.03878	0.01460	0.05302	0.05455	0.01261	0.03308	0.01485	0.10897	0.04436	0.21451	0.00788	0.00515	0.00157	0.00513	0.03479	0.00338	0.00573
7	0.86201	0.00950	0.00722	0.00646	0.00950	0.01102	0.00532	0.01445	0.00836	0.02205	0.00684	0.00798	0.00532	0.00456	0.00304	0.00152	0.00380	0.00266	0.00304	0.00532
8	0.00704	0.00501	0.00646	0.00620	0.00736	0.00459	0.00461	0.00915	0.01333	0.03170	0.66176	0.10717	0.09590	0.01062	0.00582	0.00159	0.00241	0.00938	0.00529	0.00461
9	0.01058	0.00872	0.01023	0.00733	0.01168	0.00657	0.00587	0.01275	0.01032	0.04149	0.00908	0.01040	0.00744	0.00372	0.00368	0.00075	0.00366	0.00298	0.00301	0.82974
10	0.01019	0.00873	0.01019	0.00728	0.01165	0.00655	0.00582	0.01237	0.01019	0.01601	0.00873	0.01019	0.00728	0.00364	0.00364	0.00073	0.00364	0.00291	0.00291	0.85734
11	0.00961	0.00927	0.02652	0.15616	0.05784	0.02402	0.20330	0.01269	0.03334	0.03446	0.18717	0.04999	0.11445	0.00738	0.00609	0.00165	0.05007	0.00680	0.00353	0.00564
12	0.00770	0.00571	0.00748	0.00829	0.00944	0.00571	0.00684	0.01053	0.07256	0.01479	0.04932	0.19536	0.09200	0.01318	0.00644	0.00210	0.00393	0.47938	0.00460	0.00465
13	0.01165	0.10547	0.30767	0.05883	0.03812	0.05858	0.09494	0.08105	0.07887	0.01626	0.02730	0.01349	0.02604	0.03460	0.00573	0.00163	0.02580	0.00442	0.00282	0.00673
14	0.04493	0.10853	0.03243	0.03006	0.01381	0.09444	0.00902	0.30117	0.01457	0.03665	0.00983	0.01224	0.00810	0.04708	0.04561	0.02523	0.15224	0.00416	0.00340	0.00650
15	0.00639	0.00487	0.00587	0.00591	0.00707	0.00435	0.00432	0.00807	0.01214	0.01619	0.39852	0.19112	0.29362	0.01187	0.00589	0.00167	0.00248	0.01036	0.00496	0.00435
16	0.01437	0.01363	0.13893	0.01201	0.05094	0.02833	0.04574	0.29965	0.13094	0.08296	0.10434	0.02907	0.01401	0.00630	0.00504	0.00154	0.00521	0.00522	0.00434	0.00743
17	0.00631	0.00500	0.00567	0.00550	0.00695	0.00436	0.00413	0.00802	0.01238	0.01608	0.37465	0.04267	0.46802	0.01140	0.00580	0.00161	0.00241	0.00972	0.00493	0.00436
18	0.01010	0.08576	0.01054	0.00832	0.01021	0.00902	0.02552	0.14267	0.13838	0.01687	0.03593	0.30849	0.07768	0.08875	0.00728	0.00199	0.00397	0.00868	0.00427	0.00556
19	0.04631	0.06921	0.01397	0.03071	0.01288	0.13835	0.00932	0.03442	0.00929	0.01270	0.00812	0.01200	0.00758	0.02800	0.13756	0.00284	0.41480	0.00415	0.00241	0.00537
20	0.01889	0.01344	0.01454	0.01115	0.01508	0.01475	0.00921	0.73407	0.02255	0.07793	0.01226	0.01210	0.00859	0.00591	0.00492	0.00148	0.00533	0.00446	0.00499	0.00836
21	0.02166	0.00899	0.01179	0.00904	0.01286	0.00815	0.00747	0.11150	0.01511	0.71101	0.01851	0.01616	0.01172	0.00606	0.00494	0.00152	0.00432	0.00488	0.00595	0.00836
22	0.00731	0.00545	0.00755	0.05163	0.00900	0.00618	0.00551	0.00845	0.00773	0.01080	0.01375	0.03473	0.01414	0.33098	0.42980	0.00609	0.03822	0.00601	0.00275	0.00395
23	0.01466	0.06086	0.01318	0.01107	0.01373	0.32891	0.00860	0.02240	0.40941	0.01636	0.01386	0.01372	0.01077	0.00596	0.00507	0.00149	0.03500	0.00440	0.00376	0.00678
24	0.76673	0.00937	0.00770	0.00672	0.00985	0.01059	0.00554	0.01552	0.00901	0.11030	0.00827	0.00897	0.00610	0.00473	0.00326	0.00152	0.00384	0.00292	0.00339	0.00567
25	0.00620	0.00494	0.00532	0.00541	0.00667	0.00434	0.00391	0.00735	0.01065	0.01315	0.09332	0.09078	0.54223	0.14029	0.00889	0.00219	0.00295	0.04305	0.00437	0.00401
26	0.01836	0.02342	0.01393	0.01266	0.01519	0.80756	0.00950	0.01962	0.01393	0.01203	0.00760	0.00886	0.00633	0.00506	0.00443	0.00127	0.00886	0.00317	0.00253	0.00570
27	0.00898	0.00590	0.00707	0.00638	0.00816	0.00539	0.00491	0.05489	0.01357	0.10708	0.41612	0.03647	0.28600	0.01014	0.00565	0.00158	0.00277	0.00867	0.00518	0.00512
28	0.01263	0.01063	0.01124	0.01002	0.01286	0.01223	0.00782	0.05228	0.74670	0.03551	0.01971	0.01808	0.01472	0.00663	0.00500	0.00166	0.00395	0.00551	0.00502	0.00781
29	0.01218	0.03700	0.01332	0.16623	0.07044	0.04847	0.02880	0.17253	0.14909	0.02883	0.02583	0.11499	0.02581	0.00747	0.00549	0.00166	0.02771	0.05386	0.00384	0.00646
30	0.01098	0.00917	0.01071	0.00800	0.01188	0.00783	0.00640	0.10197	0.01153	0.01737	0.01000	0.05527	0.00876	0.00479	0.00453	0.00095	0.04277	0.00376	0.00320	0.67012
31	0.01204	0.24674	0.16022	0.03759	0.04190	0.12901	0.05178	0.03154	0.03849	0.01357	0.03170	0.01292	0.02837	0.02692	0.04134	0.05132	0.03194	0.00406	0.00256	0.00599
32	0.20939	0.00949	0.01101	0.00865	0.01230	0.00937	0.00714	0.14420	0.01425	0.50157	0.01535	0.01397	0.01002	0.00571	0.00451	0.00151	0.00429	0.00435	0.00521	0.00768
33	0.14479	0.00888	0.00980	0.00732	0.01134	0.00754	0.00590	0.04127	0.01069	0.07387	0.01071	0.01163	0.03407	0.00434	0.00376	0.00097	0.00373	0.00333	0.00329	0.60277
34	0.00668	0.00485	0.00571	0.00574	0.00650	0.00452	0.00389	0.00777	0.01038	0.01381	0.25746	0.12315	0.20030	0.30192	0.01270	0.00278	0.00332	0.02042	0.00425	0.00387
35	0.01055	0.03689	0.01253	0.07690	0.01395	0.04993	0.10043	0.06628	0.11461	0.04323	0.29498	0.05483	0.05623	0.00785	0.00580	0.00159	0.03648	0.00684	0.00427	0.00583
36	0.00619	0.00478	0.00554	0.00601	0.00699	0.00429	0.00431	0.00729	0.01027	0.01292	0.05206	0.31127	0.38269	0.09094	0.00787	0.00212	0.00299	0.07303	0.00443	0.00402
37	0.01430	0.02831	0.01629	0.05010	0.09082	0.31821	0.14055	0.08973	0.07385	0.01554	0.01116	0.06720	0.00961	0.00726	0.04363	0.00178	0.00740	0.00492	0.00306	0.00629
38	0.02960	0.06985	0.05219	0.01264	0.01558	0.68781	0.03389	0.01895	0.01338	0.01243	0.00767	0.00900	0.00634	0.00496	0.00439	0.00128	0.00849	0.00323	0.00249	0.00583
39	0.01036	0.00616	0.00680	0.00614	0.00778	0.00626	0.00475	0.10961	0.03455	0.04823	0.21168	0.02207	0.02061	0.00687	0.00432	0.00132	0.00281	0.00569	0.47869	0.00530
40	0.01181	0.01025	0.01112	0.02848	0.03498	0.01175	0.00790	0.02448	0.70691	0.01986	0.02103	0.01959	0.05622	0.00687	0.00504	0.00166	0.00393	0.00575	0.00484	0.00753
41	0.00634	0.00489	0.00576	0.00583	0.00703	0.00435	0.00428	0.00791	0.01181	0.01545	0.31576	0.17146	0.36053	0.03008	0.00633	0.00176	0.00259	0.02873	0.00484	0.00428
42	0.01167	0.01107	0.01882	0.36593	0.07695	0.02686	0.22354	0.08603	0.03359	0.03741	0.00985	0.01300	0.00743	0.00505	0.00577	0.00164	0.05153	0.00479	0.00273	0.00635
43	0.11820	0.01545	0.01378	0.07160	0.17117	0.33442	0.00996	0.08207	0.01260	0.03335	0.00891	0.01098	0.00726	0.00729	0.05444	0.02861	0.00720	0.00374	0.00283	0.00615
44	0.01823	0.02109	0.01389	0.01222	0.01500	0.63237	0.00934	0.17135	0.01568	0.01594	0.00861	0.00965	0.00687	0.00524	0.00451	0.00131	0.00803	0.00345	0.02101	0.00620
45	0.03539	0.01208	0.03514	0.45226	0.15301	0.13602	0.02389	0.01463	0.01077	0.04150	0.00891	0.01213	0.00689	0.00498	0.00515	0.00156	0.03306	0.00415	0.00244	0.00604
46	0.86201	0.00950	0.00722	0.00646	0.00950	0.01102	0.00532	0.01445	0.00836	0.02205	0.00684	0.00798	0.00532	0.00456	0.00304	0.00152	0.00380	0.00266	0.00304	0.00532
47	0.00735	0.02658	0.00821	0.00754	0.00845	0.00687	0.00581	0.00870	0.00848	0.01159	0.02000	0.02542	0.17111	0.13002	0.43658	0.00542	0.09815	0.00637	0.00300	0.00431
48	0.86201	0.00950	0.00722	0.00646	0.00950	0.01102	0.00532	0.01445	0.00836	0.02205	0.00684	0.00798	0.00532	0.00456	0.00304	0.00152	0.00380	0.00266	0.00304	0.00532
49	0.00615	0.00492	0.00550	0.00550	0.00689	0.00427	0.00407	0.00766	0.01179	0.01502	0.25771	0.12195	0.50713	0.01206	0.00585	0.00166	0.00248	0.01031	0.00480	0.00427
50	0.00709	0.00498	0.00643	0.00643	0.00680	0.00535	0.00431	0.00783	0.00746	0.01032	0.01451	0.02674	0.01551	0.49418	0.35491	0.00608	0.00830	0.00635	0.00283	0.00357
51	0.00780	0.00526	0.00689	0.00671	0.00799	0.00487	0.00521	0.00994	0.01312	0.06118	0.54728	0.08016	0.09071	0.01079	0.00592	0.00168	0.00279	0.12173	0.00521	0.00476
52	0.01837	0.02318	0.01395	0.01263	0.01519	0.78756	0.00949	0.03883	0.01416	0.01251	0.00770	0.00894	0.00638	0.00509	0.00444	0.00127	0.00877	0.00320	0.00259	0.00576
53	0.01803	0.01328	0.01430	0.01102	0.01480	0.01466	0.00908	0.73775	0.02260	0.03035	0.05492	0.01317	0.01045	0.00613	0.00496	0.00148	0.00524	0.00467	0.00494	0.00815
54	0.01773	0.01329	0.01421	0.01111	0.01488	0.01479	0.00911	0.66868	0.13623	0.02943	0.01301	0.01277	0.00934	0.00601	0.00493	0.00150	0.00518	0.00459	0.00493	0.00827
55	0.01258	0.08059	0.01529	0.01132	0.01422	0.03114	0.12869	0.22998	0.11568	0.01877	0.01244	0.01515	0.01020	0.04172	0.21959	0.00332	0.02440	0.00492	0.00352	0.00647
56	0.83540	0.03523	0.00780	0.00652	0.00960	0.01129	0.00542	0.01445	0.00841	0.02172	0.00684	0.00798	0.00535	0.00455	0.00304	0.00151	0.00385	0.00266	0.00301	0.00535

[dist]
# distance from previous block
# <min> <max>
0	3

[block]
# block no. 9 follows, 51 sequences, length 27
# corresponding to MSA columns:
# 603-629
name=unknown_J
#
# <colnr> <probs for GDERKNQSTAVLIFYWHMCP>
#	G	D	E	R	K	N	Q	S	T	A	V	L	I	F	Y	W	H	M	C	P
0	0.09606	0.05043	0.01150	0.00978	0.01183	0.00810	0.10366	0.06137	0.01124	0.04751	0.01943	0.21361	0.02038	0.01182	0.04758	0.00220	0.00507	0.25918	0.00399	0.00524
1	0.01412	0.00724	0.00926	0.00796	0.01041	0.00688	0.00623	0.01794	0.13697	0.35214	0.24852	0.11891	0.02511	0.00845	0.00536	0.00161	0.00343	0.00728	0.00553	0.00665
2	0.01111	0.01080	0.02813	0.03483	0.08698	0.07042	0.08406	0.08847	0.01101	0.01497	0.03968	0.14685	0.01331	0.00939	0.03141	0.02648	0.25791	0.02543	0.00310	0.00568
3	0.00603	0.00474	0.00536	0.00578	0.00683	0.00418	0.00409	0.00710	0.01036	0.01292	0.05088	0.31745	0.44673	0.06648	0.00724	0.00199	0.00281	0.03052	0.00447	0.00403
4	0.04330	0.21174	0.24045	0.01161	0.03297	0.16892	0.01142	0.09134	0.01221	0.02792	0.00990	0.01351	0.00846	0.01999	0.00494	0.00149	0.01926	0.06134	0.00276	0.00648
5	0.24701	0.08520	0.03735	0.04116	0.08498	0.29138	0.00905	0.07733	0.01230	0.06018	0.00854	0.00970	0.00667	0.00490	0.00407	0.00139	0.00624	0.00335	0.00298	0.00623
6	0.01049	0.00644	0.00668	0.00616	0.00784	0.00684	0.00475	0.08666	0.13895	0.01993	0.04195	0.01831	0.01370	0.00604	0.00391	0.00127	0.00285	0.00487	0.60690	0.00546
7	0.01113	0.02187	0.01134	0.01031	0.04030	0.10089	0.05805	0.11514	0.15581	0.01801	0.15063	0.18962	0.06228	0.00894	0.00543	0.00164	0.00450	0.02384	0.00435	0.00593
8	0.00637	0.00500	0.00576	0.00557	0.00698	0.00439	0.00418	0.00814	0.01253	0.01642	0.41420	0.04211	0.42827	0.01127	0.00580	0.00160	0.00241	0.00964	0.00498	0.00439
9	0.01291	0.01178	0.03005	0.01070	0.01312	0.12289	0.06028	0.22370	0.06737	0.03291	0.06351	0.16857	0.03274	0.01839	0.00639	0.00171	0.06428	0.04843	0.00409	0.00618
10	0.03982	0.34273	0.39285	0.01158	0.01709	0.07524	0.02898	0.01550	0.01045	0.01393	0.00790	0.00926	0.00626	0.00450	0.00402	0.00134	0.00650	0.00321	0.00216	0.00669
11	0.01837	0.02304	0.01396	0.01261	0.01519	0.77624	0.00949	0.04969	0.01429	0.01278	0.00776	0.00898	0.00641	0.00510	0.00445	0.00127	0.00873	0.00321	0.00263	0.00580
12	0.58678	0.04544	0.05519	0.00901	0.07044	0.01089	0.00708	0.02821	0.00964	0.07930	0.03804	0.01066	0.00794	0.01914	0.00394	0.00155	0.00424	0.00336	0.00325	0.00588
13	0.42037	0.03906	0.01007	0.00775	0.01121	0.00979	0.00645	0.04900	0.01157	0.37156	0.01267	0.01206	0.00855	0.00528	0.00397	0.00150	0.00409	0.00375	0.00445	0.00684
14	0.01314	0.83025	0.02575	0.00841	0.01261	0.01945	0.00841	0.01472	0.00999	0.01156	0.00683	0.00788	0.00631	0.00420	0.00315	0.00105	0.00526	0.00263	0.00210	0.00631
15	0.86201	0.00950	0.00722	0.00646	0.00950	0.01102	0.00532	0.01445	0.00836	0.02205	0.00684	0.00798	0.00532	0.00456	0.00304	0.00152	0.00380	0.00266	0.00304	0.00532
16	0.00624	0.00496	0.00560	0.00552	0.00692	0.00432	0.00411	0.00786	0.01210	0.01560	0.32163	0.08404	0.48027	0.01172	0.00583	0.00164	0.00245	0.01002	0.00487	0.00432
17	0.01091	0.01046	0.01745	0.32874	0.42404	0.01173	0.01409	0.01378	0.01029	0.01428	0.00876	0.01238	0.00717	0.00502	0.00605	0.00160	0.08993	0.00437	0.00231	0.00665
18	0.00710	0.00525	0.00767	0.00775	0.00857	0.00598	0.00599	0.00873	0.00809	0.01149	0.01435	0.02323	0.01401	0.10698	0.67561	0.00718	0.01174	0.06319	0.00281	0.00427
19	0.00689	0.00501	0.00641	0.00607	0.00721	0.00461	0.00451	0.00904	0.01344	0.01885	0.71153	0.03721	0.09461	0.04518	0.00662	0.00169	0.00243	0.00891	0.00525	0.00453
20	0.22565	0.01000	0.01254	0.02554	0.01264	0.02293	0.06664	0.07847	0.01054	0.03380	0.11887	0.01475	0.01248	0.03049	0.00928	0.00185	0.29998	0.00474	0.00321	0.00561
21	0.11993	0.01047	0.01315	0.02924	0.01260	0.03480	0.00933	0.04519	0.00888	0.05939	0.00815	0.01211	0.00744	0.05431	0.02350	0.00219	0.53683	0.00428	0.00267	0.00553
22	0.01241	0.49174	0.29200	0.01066	0.01579	0.07671	0.01185	0.01538	0.01042	0.01297	0.00757	0.00882	0.00628	0.00443	0.00377	0.00124	0.00622	0.00301	0.00213	0.00659
23	0.00839	0.01367	0.31837	0.01076	0.01428	0.00827	0.05095	0.01160	0.01028	0.01466	0.08875	0.23971	0.03529	0.01019	0.04039	0.00200	0.05314	0.03738	0.00329	0.02863
24	0.01095	0.01100	0.01486	0.51543	0.07076	0.12904	0.05219	0.01360	0.01054	0.02530	0.01032	0.02962	0.02988	0.00580	0.00564	0.03176	0.02070	0.00463	0.00244	0.00555
