[name]
unknown

[dist]
# distance from previous block
# <min> <max>
0	88

[block]
# block no. 0 follows, 52 sequences, length 35
# corresponding to MSA columns:
# 157-191
name=unknown_A
#
# <colnr> <probs for GDERKNQSTAVLIFYWHMCP>
#	G	D	E	R	K	N	Q	S	T	A	V	L	I	F	Y	W	H	M	C	P
0	0.03208	0.18014	0.04329	0.00966	0.01291	0.12937	0.00835	0.11167	0.11552	0.04935	0.01294	0.01785	0.01133	0.00633	0.00464	0.00141	0.01452	0.12289	0.00351	0.11224
1	0.15076	0.01200	0.01051	0.00928	0.01164	0.20413	0.02538	0.12001	0.04086	0.04737	0.01264	0.04019	0.01171	0.12333	0.03701	0.00217	0.00582	0.08283	0.00347	0.04892
2	0.12602	0.01035	0.02251	0.00940	0.01288	0.01047	0.03586	0.25957	0.08213	0.24959	0.03795	0.02729	0.05141	0.00619	0.00470	0.00149	0.00445	0.00493	0.00474	0.03808
3	0.00867	0.01014	0.17078	0.00900	0.01170	0.00717	0.02205	0.01259	0.10980	0.03746	0.09412	0.24355	0.04782	0.03426	0.00601	0.00178	0.00421	0.09430	0.00396	0.07062
4	0.00705	0.00470	0.00529	0.00529	0.00529	0.00470	0.00294	0.00705	0.00705	0.00940	0.01527	0.03171	0.01762	0.82969	0.02467	0.00470	0.00470	0.00705	0.00294	0.00294
5	0.03000	0.07692	0.01080	0.00821	0.01026	0.07843	0.08516	0.05867	0.03437	0.01640	0.01338	0.04076	0.01125	0.03663	0.09083	0.00208	0.00519	0.00478	0.38067	0.00520
6	0.01126	0.09921	0.64983	0.01276	0.01929	0.01157	0.01589	0.01612	0.01057	0.09592	0.00958	0.01064	0.00675	0.00470	0.00449	0.00148	0.00666	0.00362	0.00245	0.00718
7	0.01147	0.01434	0.09285	0.01966	0.02469	0.03368	0.69738	0.01561	0.01140	0.01541	0.00965	0.01272	0.00722	0.00415	0.00559	0.00162	0.00810	0.00547	0.00242	0.00656
8	0.00634	0.00455	0.00601	0.00645	0.00712	0.00422	0.00453	0.00783	0.01129	0.01557	0.37581	0.46830	0.03825	0.01279	0.00597	0.00177	0.00257	0.01150	0.00488	0.00422
9	0.26335	0.03908	0.01287	0.01049	0.01346	0.24342	0.06007	0.13998	0.09201	0.01894	0.00943	0.01042	0.00734	0.00521	0.00460	0.00145	0.03823	0.00365	0.01984	0.00618
10	0.09245	0.06198	0.29575	0.01111	0.01537	0.01168	0.03948	0.06408	0.22784	0.01735	0.01160	0.01263	0.00884	0.00631	0.00606	0.07299	0.03057	0.00416	0.00314	0.00663
11	0.00662	0.00485	0.00628	0.00660	0.00756	0.00451	0.00498	0.00838	0.01177	0.01596	0.37279	0.25698	0.12548	0.01220	0.00601	0.00178	0.00281	0.13524	0.00487	0.00432
12	0.01200	0.00914	0.01182	0.17599	0.08166	0.01011	0.00895	0.01960	0.36382	0.11919	0.09720	0.01898	0.03740	0.00646	0.00500	0.00159	0.00437	0.00554	0.00432	0.00686
13	0.12861	0.01148	0.01093	0.16492	0.03054	0.19314	0.00854	0.05119	0.07101	0.01572	0.05958	0.09908	0.02870	0.00741	0.00508	0.00161	0.02003	0.08359	0.00340	0.00546
14	0.00769	0.00588	0.00863	0.07610	0.10614	0.00595	0.00668	0.00918	0.01031	0.01415	0.22826	0.17673	0.04901	0.06642	0.07532	0.09051	0.00452	0.05024	0.00377	0.00450
15	0.00704	0.00473	0.00545	0.00545	0.00551	0.00479	0.00315	0.00716	0.00710	0.00952	0.01511	0.03086	0.01725	0.77608	0.07777	0.00491	0.00526	0.00692	0.00291	0.00303
16	0.01203	0.15194	0.34953	0.03406	0.01709	0.02921	0.01298	0.14720	0.02587	0.01660	0.00876	0.01048	0.00683	0.00599	0.02113	0.00165	0.13554	0.00373	0.00262	0.00678
17	0.03594	0.01262	0.02401	0.04654	0.27049	0.03382	0.45463	0.03265	0.01149	0.01594	0.00944	0.01243	0.00736	0.00426	0.00527	0.00155	0.00718	0.00504	0.00250	0.00684
18	0.00837	0.00423	0.00628	0.00628	0.00628	0.00423	0.00416	0.00634	0.00634	0.00845	0.00867	0.01535	0.00875	0.04654	0.01915	0.82779	0.00423	0.00431	0.00213	0.00213
19	0.14926	0.18559	0.01515	0.01056	0.01359	0.45740	0.00849	0.08122	0.01284	0.01487	0.00757	0.00865	0.00625	0.00481	0.00394	0.00126	0.00695	0.00304	0.00268	0.00590
20	0.01339	0.17438	0.26308	0.01131	0.01570	0.06066	0.01157	0.14491	0.05173	0.07366	0.00979	0.01079	0.00743	0.00534	0.00561	0.00145	0.09681	0.00373	0.00301	0.03566
21	0.01000	0.00545	0.00555	0.00520	0.00661	0.00560	0.00399	0.09064	0.01146	0.01935	0.01538	0.01741	0.01199	0.00566	0.00354	0.00116	0.00257	0.00450	0.76905	0.00490
22	0.09752	0.02345	0.72262	0.01305	0.01978	0.01121	0.01660	0.01523	0.01003	0.01600	0.00850	0.00999	0.00605	0.00459	0.00444	0.00153	0.00681	0.00348	0.00214	0.00697
23	0.01024	0.01044	0.01987	0.46156	0.11352	0.01135	0.27488	0.01372	0.01043	0.01382	0.00907	0.01287	0.00690	0.00453	0.00514	0.00160	0.00697	0.00479	0.00228	0.00602
24	0.01286	0.01023	0.01098	0.00976	0.01258	0.01164	0.00762	0.02557	0.72598	0.08547	0.01967	0.01795	0.01456	0.00653	0.00493	0.00163	0.00386	0.00543	0.00502	0.00772
25	0.00673	0.00495	0.00629	0.00596	0.00716	0.00452	0.00447	0.00889	0.01340	0.01869	0.70942	0.03742	0.13367	0.01018	0.00572	0.00154	0.00231	0.00894	0.00524	0.00452
26	0.12933	0.00652	0.00787	0.00689	0.00897	0.00627	0.00539	0.01388	0.03383	0.21706	0.44948	0.04843	0.03041	0.00823	0.00512	0.00153	0.00301	0.00698	0.00514	0.00566
27	0.00906	0.00520	0.00683	0.00712	0.00830	0.00473	0.00526	0.01029	0.01056	0.16059	0.02786	0.49644	0.11974	0.01292	0.00594	0.00187	0.00320	0.09450	0.00478	0.00482
28	0.00747	0.00496	0.00663	0.00663	0.00745	0.00549	0.00497	0.00910	0.00829	0.01271	0.01399	0.02048	0.01292	0.13404	0.50352	0.00571	0.00919	0.00527	0.21699	0.00419
29	0.01671	0.00847	0.01160	0.01084	0.09265	0.00822	0.00786	0.09623	0.03447	0.43947	0.03707	0.01663	0.01218	0.01213	0.16952	0.00278	0.00617	0.00495	0.00477	0.00727
30	0.00610	0.00436	0.00585	0.00697	0.00734	0.00410	0.00484	0.00709	0.00947	0.01259	0.02660	0.74719	0.03162	0.01500	0.00624	0.00200	0.00298	0.09118	0.00449	0.00399
31	0.00890	0.00520	0.00699	0.00745	0.00845	0.00487	0.00558	0.01018	0.01029	0.13620	0.02450	0.46528	0.02697	0.06837	0.00735	0.00214	0.00353	0.18847	0.00462	0.00467
32	0.01072	0.00961	0.01474	0.30619	0.27661	0.01048	0.01181	0.03146	0.10559	0.01646	0.14042	0.01766	0.01481	0.00604	0.00518	0.00163	0.00534	0.00533	0.00331	0.00658
33	0.18439	0.00960	0.02650	0.54138	0.02692	0.01095	0.07571	0.01322	0.00989	0.01507	0.01010	0.01357	0.03228	0.00525	0.00476	0.00168	0.00607	0.00441	0.00259	0.00568
34	0.00670	0.00489	0.00605	0.00657	0.00727	0.00448	0.00452	0.00773	0.01063	0.01420	0.19220	0.45768	0.14992	0.08169	0.00775	0.00214	0.00300	0.02364	0.00469	0.00427

[dist]
# distance from previous block
# <min> <max>
0	5

[block]
# block no. 1 follows, 52 sequences, length 16
# corresponding to MSA columns:
# 197-212
name=unknown_B
#
# <colnr> <probs for GDERKNQSTAVLIFYWHMCP>
#	G	D	E	R	K	N	Q	S	T	A	V	L	I	F	Y	W	H	M	C	P
0	0.01054	0.01003	0.01703	0.43425	0.40635	0.01113	0.01415	0.01359	0.01034	0.01406	0.00886	0.01247	0.00705	0.00459	0.00482	0.00153	0.00612	0.00431	0.00227	0.00650
1	0.00681	0.00460	0.00536	0.00559	0.00565	0.00454	0.00326	0.00698	0.00751	0.01002	0.01765	0.19729	0.02062	0.66001	0.02082	0.00413	0.00431	0.00845	0.00326	0.00314
2	0.00606	0.00441	0.00571	0.00648	0.00703	0.00406	0.00444	0.00719	0.01021	0.01368	0.16479	0.62137	0.09865	0.01401	0.00606	0.00186	0.00269	0.01259	0.00465	0.00406
3	0.01369	0.01150	0.02109	0.01614	0.04719	0.01147	0.41424	0.07091	0.03524	0.16843	0.01282	0.01449	0.03282	0.00542	0.00661	0.00164	0.10068	0.00537	0.00340	0.00684
4	0.00976	0.00992	0.03256	0.13337	0.01682	0.04608	0.13963	0.01298	0.07495	0.01346	0.03258	0.05212	0.04863	0.01232	0.15281	0.00285	0.19534	0.00554	0.00282	0.00546
5	0.02020	0.00968	0.01267	0.01094	0.07895	0.00921	0.00823	0.18820	0.01557	0.56877	0.01665	0.01506	0.01082	0.00582	0.00486	0.00148	0.00452	0.00472	0.00545	0.00820
6	0.00613	0.00474	0.00559	0.00576	0.00689	0.00420	0.00417	0.00759	0.01143	0.01490	0.27827	0.24637	0.36199	0.01229	0.00584	0.00169	0.00249	0.01069	0.00476	0.00420
7	0.01096	0.25059	0.43471	0.01353	0.01941	0.01368	0.16290	0.01514	0.01036	0.01427	0.00836	0.01009	0.00640	0.00437	0.00440	0.00141	0.00680	0.00372	0.00213	0.00677
8	0.01342	0.01146	0.01676	0.01327	0.01566	0.06753	0.19565	0.09413	0.01146	0.13368	0.01077	0.03566	0.00876	0.00866	0.06494	0.00217	0.28158	0.00496	0.00319	0.00626
9	0.01485	0.01078	0.01073	0.00913	0.01178	0.10807	0.00721	0.21385	0.14757	0.15073	0.03611	0.05159	0.01267	0.00822	0.05333	0.00183	0.00509	0.00510	0.13463	0.00673
10	0.00604	0.00442	0.00554	0.00628	0.00682	0.00407	0.00424	0.00698	0.00969	0.01274	0.08387	0.57630	0.15715	0.08263	0.00763	0.00211	0.00287	0.01228	0.00443	0.00392
11	0.01385	0.01046	0.01414	0.06149	0.06245	0.03220	0.07835	0.05820	0.21901	0.17986	0.01403	0.02802	0.01060	0.00641	0.00713	0.00167	0.16733	0.00498	0.02289	0.00692
12	0.01442	0.01382	0.05787	0.01491	0.01908	0.08507	0.34117	0.20552	0.06598	0.08526	0.03939	0.01362	0.00965	0.00515	0.00521	0.00154	0.00664	0.00507	0.00359	0.00705
13	0.01291	0.01097	0.01088	0.03091	0.01184	0.15969	0.00750	0.13569	0.01375	0.09383	0.22469	0.03336	0.05378	0.00759	0.00665	0.00154	0.12755	0.00577	0.04529	0.00580
14	0.03252	0.01080	0.01060	0.00920	0.01153	0.13137	0.00721	0.24507	0.02615	0.09805	0.11514	0.08464	0.01722	0.06548	0.06256	0.00219	0.00552	0.05440	0.00429	0.00608
15	0.14839	0.10935	0.24203	0.01097	0.01524	0.12892	0.02851	0.07917	0.13465	0.01739	0.01053	0.01219	0.00827	0.00527	0.00431	0.00147	0.00589	0.02784	0.00303	0.00659

[dist]
# distance from previous block
# <min> <max>
2	9

[block]
# block no. 2 follows, 52 sequences, length 17
# corresponding to MSA columns:
# 222-238
name=unknown_C
#
# <colnr> <probs for GDERKNQSTAVLIFYWHMCP>
#	G	D	E	R	K	N	Q	S	T	A	V	L	I	F	Y	W	H	M	C	P
0	0.00914	0.00731	0.00982	0.13377	0.01336	0.00791	0.03655	0.07613	0.09084	0.02703	0.15562	0.15610	0.09024	0.06133	0.00718	0.00188	0.04491	0.03578	0.02988	0.00523
1	0.00750	0.00641	0.01041	0.04725	0.06193	0.00617	0.11796	0.00922	0.01007	0.01333	0.03933	0.40740	0.09945	0.05262	0.00689	0.00199	0.00416	0.08936	0.00390	0.00465
2	0.01013	0.11116	0.69460	0.01345	0.02021	0.01214	0.04298	0.01526	0.01023	0.01493	0.00852	0.01007	0.00619	0.00454	0.00448	0.00148	0.00698	0.00355	0.00206	0.00704
3	0.00983	0.05065	0.04296	0.18371	0.04194	0.01006	0.14372	0.06430	0.06054	0.01497	0.01700	0.15045	0.07902	0.00789	0.00591	0.00170	0.04866	0.05771	0.00329	0.00569
4	0.01579	0.09555	0.07312	0.01335	0.09438	0.45032	0.01012	0.01760	0.01238	0.08034	0.01015	0.01127	0.03634	0.00538	0.00508	0.00136	0.05485	0.00371	0.00277	0.00615
5	0.02142	0.00877	0.01157	0.00887	0.01263	0.00789	0.00733	0.09780	0.01474	0.72741	0.01839	0.01602	0.01163	0.00598	0.00487	0.00150	0.00424	0.00482	0.00589	0.00825
6	0.01810	0.02310	0.01373	0.01248	0.01498	0.81024	0.00936	0.01935	0.01373	0.01186	0.00749	0.00874	0.00624	0.00499	0.00437	0.00125	0.00874	0.00312	0.00250	0.00562
7	0.01651	0.32360	0.01792	0.01052	0.01381	0.40320	0.00876	0.05900	0.01278	0.08052	0.00843	0.00920	0.00683	0.00481	0.00397	0.00120	0.00683	0.00314	0.00277	0.00621
8	0.04062	0.03829	0.10794	0.06016	0.01420	0.00892	0.00824	0.07371	0.06909	0.07769	0.04983	0.01262	0.00985	0.00474	0.00416	0.00114	0.00439	0.00379	0.00337	0.40725
9	0.07547	0.01122	0.07985	0.00992	0.03432	0.04304	0.00830	0.16098	0.13338	0.21956	0.10435	0.03838	0.02903	0.00669	0.00488	0.00154	0.00452	0.02289	0.00464	0.00704
10	0.00724	0.00545	0.00706	0.00693	0.00726	0.00607	0.00483	0.00800	0.00789	0.01093	0.04506	0.11859	0.03941	0.39529	0.21224	0.00464	0.09908	0.00720	0.00307	0.00375
11	0.00593	0.00460	0.00540	0.00587	0.00684	0.00407	0.00415	0.00709	0.01052	0.01342	0.11641	0.40113	0.37058	0.01335	0.00593	0.00178	0.00260	0.01169	0.00459	0.00407
12	0.09375	0.01381	0.01416	0.01206	0.04029	0.21853	0.10284	0.11022	0.14114	0.16300	0.01290	0.01386	0.00963	0.00559	0.00473	0.00149	0.00594	0.02529	0.00391	0.00686
13	0.07911	0.01479	0.06541	0.03811	0.22902	0.15260	0.01108	0.28754	0.01546	0.04677	0.00984	0.01105	0.00746	0.00507	0.00460	0.00143	0.00603	0.00397	0.00342	0.00726
14	0.00604	0.00427	0.00558	0.00658	0.00683	0.00402	0.00432	0.00678	0.00902	0.01203	0.02540	0.73540	0.03040	0.10857	0.00830	0.00228	0.00303	0.01300	0.00432	0.00382
15	0.00694	0.00495	0.00615	0.00674	0.00752	0.00473	0.00479	0.05025	0.01065	0.01438	0.07636	0.55435	0.11053	0.01332	0.00588	0.00184	0.00294	0.05459	0.05880	0.00430
16	0.08977	0.06471	0.01480	0.01165	0.04223	0.10616	0.08093	0.24192	0.06740	0.11261	0.03188	0.03055	0.01028	0.00599	0.00526	0.00151	0.04630	0.02524	0.00392	0.00689

[dist]
# distance from previous block
# <min> <max>
0	134

[block]
# block no. 3 follows, 52 sequences, length 42
# corresponding to MSA columns:
# 388-407,418-439
name=unknown_D
#
# <colnr> <probs for GDERKNQSTAVLIFYWHMCP>
#	G	D	E	R	K	N	Q	S	T	A	V	L	I	F	Y	W	H	M	C	P
0	0.02581	0.13846	0.46961	0.01214	0.01776	0.07526	0.01387	0.09394	0.04840	0.04729	0.00951	0.01048	0.00699	0.00484	0.00440	0.00144	0.00649	0.00361	0.00267	0.00705
1	0.01275	0.07980	0.12075	0.19993	0.10019	0.03303	0.01157	0.20542	0.10355	0.01857	0.01048	0.01205	0.00795	0.00517	0.00484	0.00147	0.02234	0.00413	0.00318	0.04283
2	0.11840	0.04111	0.01413	0.04633	0.30286	0.01077	0.00993	0.03883	0.15956	0.01760	0.03008	0.01395	0.01004	0.00510	0.00442	0.00139	0.00467	0.02515	0.00321	0.14248
3	0.06540	0.05686	0.37122	0.01508	0.06989	0.01148	0.20868	0.03415	0.01101	0.07263	0.00981	0.01150	0.00714	0.00458	0.00472	0.00151	0.00662	0.00420	0.02662	0.00690
4	0.01028	0.22938	0.19948	0.00950	0.01326	0.02776	0.03059	0.03384	0.10808	0.01558	0.14534	0.04513	0.09913	0.00679	0.00464	0.00143	0.00479	0.00552	0.00339	0.00609
5	0.01384	0.00742	0.01042	0.12092	0.01396	0.00695	0.04371	0.01607	0.02901	0.36772	0.05111	0.04255	0.23975	0.00790	0.00521	0.00158	0.00407	0.00671	0.00478	0.00634
6	0.00600	0.00445	0.00563	0.00650	0.00711	0.00408	0.00453	0.00704	0.00983	0.01280	0.04892	0.61139	0.18115	0.01439	0.00611	0.00191	0.00283	0.05680	0.00452	0.00401
7	0.01354	0.02896	0.01435	0.11309	0.08238	0.16982	0.05193	0.15931	0.07864	0.03824	0.03680	0.01443	0.04263	0.00678	0.02637	0.00168	0.08500	0.00465	0.02504	0.00637
8	0.01075	0.09982	0.20529	0.07539	0.04134	0.01139	0.26638	0.05063	0.01122	0.03028	0.01275	0.08562	0.03544	0.00600	0.00511	0.00158	0.00641	0.03548	0.00280	0.00632
9	0.00643	0.00479	0.00604	0.00669	0.00740	0.00456	0.00468	0.00832	0.05567	0.01404	0.14700	0.56014	0.11224	0.01353	0.00600	0.00185	0.00279	0.02889	0.00465	0.00428
10	0.00590	0.00422	0.00562	0.00675	0.00703	0.00394	0.00450	0.00675	0.00928	0.01237	0.02671	0.82653	0.03205	0.01518	0.00619	0.00197	0.00281	0.01378	0.00450	0.00394
11	0.03653	0.06058	0.01171	0.01025	0.03543	0.13682	0.00789	0.06230	0.33091	0.03996	0.04945	0.06830	0.01601	0.00753	0.00500	0.00161	0.00479	0.10425	0.00420	0.00647
12	0.00883	0.00772	0.01067	0.00996	0.01030	0.00988	0.00803	0.01010	0.00844	0.01245	0.01411	0.17075	0.01518	0.03514	0.08627	0.00264	0.41494	0.10571	0.05414	0.00473
13	0.00588	0.00430	0.00554	0.00654	0.00697	0.00395	0.00440	0.00677	0.00948	0.01245	0.02927	0.73715	0.11978	0.01485	0.00613	0.00193	0.00277	0.01337	0.00450	0.00395
14	0.00980	0.00835	0.00978	0.00715	0.01122	0.00631	0.00567	0.01188	0.01000	0.01559	0.00970	0.05897	0.00867	0.00428	0.00374	0.00079	0.00354	0.00352	0.00297	0.80806
15	0.00613	0.00436	0.00581	0.00688	0.00722	0.00412	0.00472	0.00706	0.00934	0.01242	0.02607	0.71870	0.03099	0.05373	0.00711	0.00212	0.00305	0.08180	0.00442	0.00394
16	0.00590	0.00422	0.00562	0.00675	0.00703	0.00394	0.00450	0.00675	0.00928	0.01237	0.02671	0.82653	0.03205	0.01518	0.00619	0.00197	0.00281	0.01378	0.00450	0.00394
17	0.01131	0.01064	0.01637	0.42902	0.32350	0.05347	0.01349	0.03880	0.01094	0.03347	0.00910	0.01239	0.00710	0.00471	0.00480	0.00152	0.00622	0.00426	0.00245	0.00643
18	0.01037	0.00866	0.00993	0.00757	0.01140	0.00726	0.00604	0.03254	0.11559	0.02820	0.01324	0.01471	0.05624	0.00488	0.00403	0.00097	0.00363	0.02522	0.00338	0.63613
19	0.54332	0.16554	0.03023	0.00786	0.01116	0.10846	0.00679	0.05149	0.00994	0.01889	0.00711	0.00819	0.00571	0.00456	0.00331	0.00138	0.00477	0.00278	0.00283	0.00566
20	0.01786	0.02264	0.01397	0.01316	0.04587	0.77879	0.00958	0.01917	0.01363	0.01202	0.00755	0.00887	0.00630	0.00497	0.00439	0.00126	0.00862	0.00317	0.00249	0.00570
21	0.01111	0.18993	0.22346	0.03975	0.16694	0.02838	0.01152	0.04172	0.03582	0.03702	0.08943	0.02770	0.06579	0.00582	0.00456	0.00142	0.00536	0.00477	0.00296	0.00654
22	0.01034	0.18673	0.47424	0.16356	0.04461	0.01279	0.01502	0.01461	0.01008	0.01400	0.00829	0.01028	0.00626	0.00455	0.00435	0.00144	0.00658	0.00354	0.00208	0.00665
23	0.08498	0.00709	0.00846	0.00711	0.00968	0.00681	0.00568	0.01787	0.07526	0.36455	0.11498	0.01881	0.01602	0.00632	0.00443	0.00141	0.00333	0.00513	0.23559	0.00648
24	0.01352	0.01042	0.01671	0.06947	0.52967	0.01035	0.01245	0.04614	0.01195	0.16283	0.01345	0.01495	0.05576	0.00520	0.00487	0.00147	0.00528	0.00478	0.00328	0.00746
25	0.01216	0.20001	0.07438	0.06522	0.06315	0.07003	0.16363	0.05017	0.01142	0.06759	0.01271	0.10149	0.02620	0.00616	0.00474	0.00147	0.00581	0.02766	0.02984	0.00617
26	0.00953	0.00746	0.05492	0.00689	0.00889	0.00661	0.00574	0.13638	0.01348	0.03116	0.26718	0.06826	0.12187	0.00830	0.00490	0.00145	0.00314	0.00699	0.23158	0.00527
27	0.00693	0.00517	0.00767	0.00767	0.00849	0.00599	0.00591	0.00858	0.00775	0.01116	0.01309	0.01964	0.01238	0.07405	0.77314	0.00764	0.01259	0.00528	0.00261	0.00426
28	0.00636	0.00455	0.00611	0.00699	0.00754	0.00430	0.00504	0.00766	0.01029	0.01385	0.15098	0.57594	0.03360	0.01404	0.00619	0.00194	0.00299	0.13288	0.00463	0.00412
29	0.05526	0.00990	0.01242	0.05677	0.04653	0.05940	0.07060	0.12503	0.08011	0.20639	0.18042	0.03550	0.01790	0.00670	0.00504	0.00153	0.00466	0.01466	0.00453	0.00665
30	0.05210	0.00652	0.00796	0.00733	0.00921	0.00627	0.00551	0.01450	0.10452	0.24019	0.10985	0.26091	0.08685	0.05747	0.00649	0.00185	0.00337	0.00847	0.00491	0.00570
31	0.00766	0.00547	0.00606	0.00579	0.00755	0.00484	0.00442	0.00969	0.04918	0.08458	0.13743	0.06552	0.55239	0.01126	0.00565	0.00164	0.00271	0.02870	0.00476	0.00470
32	0.01034	0.00944	0.01357	0.05942	0.07658	0.00790	0.11155	0.01287	0.01029	0.01555	0.00881	0.01078	0.00720	0.00379	0.00405	0.00095	0.00455	0.00345	0.00273	0.62617
33	0.04984	0.01210	0.18508	0.07453	0.06343	0.00919	0.06312	0.05550	0.06275	0.15636	0.07564	0.08144	0.02625	0.05583	0.00616	0.00176	0.00513	0.00571	0.00373	0.00645
34	0.00873	0.00525	0.00685	0.00698	0.00810	0.00489	0.00502	0.01057	0.04387	0.13306	0.18023	0.49229	0.05052	0.01231	0.00583	0.00179	0.00294	0.01099	0.00491	0.00487
35	0.00646	0.00473	0.00606	0.00616	0.00710	0.00433	0.00446	0.00820	0.01212	0.01667	0.48989	0.27166	0.12071	0.01172	0.00586	0.00167	0.00246	0.01040	0.00500	0.00433
36	0.03671	0.10799	0.06916	0.09120	0.08730	0.08194	0.13621	0.18262	0.09490	0.04935	0.01072	0.01200	0.00808	0.00502	0.00469	0.00146	0.00609	0.00430	0.00328	0.00697
37	0.01064	0.29228	0.17277	0.16161	0.01776	0.01410	0.01139	0.01323	0.00925	0.01240	0.00794	0.01072	0.00678	0.00795	0.07540	0.00203	0.16205	0.00364	0.00214	0.00591
38	0.01136	0.00705	0.00770	0.00689	0.00866	0.00741	0.00519	0.11569	0.14495	0.08360	0.03189	0.05147	0.01450	0.13905	0.00755	0.00191	0.00350	0.00555	0.34050	0.00558
39	0.00694	0.00528	0.00660	0.00662	0.00773	0.00515	0.00514	0.00873	0.01164	0.01578	0.32168	0.11855	0.23278	0.01131	0.00642	0.00173	0.05177	0.12743	0.04431	0.00441
40	0.01307	0.19090	0.03853	0.13218	0.06299	0.02992	0.08329	0.12927	0.17123	0.05676	0.03694	0.01339	0.01005	0.00530	0.00458	0.00144	0.00542	0.00444	0.00344	0.00686
41	0.01327	0.01072	0.01519	0.06006	0.01643	0.02771	0.16540	0.07730	0.20306	0.12878	0.01314	0.01384	0.00973	0.00532	0.00544	0.00144	0.05251	0.00466	0.00379	0.17219

[dist]
# distance from previous block
# <min> <max>
1	10

[block]
# block no. 4 follows, 52 sequences, length 20
# corresponding to MSA columns:
# 450-469
name=unknown_E
#
# <colnr> <probs for GDERKNQSTAVLIFYWHMCP>
#	G	D	E	R	K	N	Q	S	T	A	V	L	I	F	Y	W	H	M	C	P
0	0.03061	0.00856	0.01425	0.01411	0.16285	0.00823	0.18035	0.01308	0.04786	0.06559	0.19752	0.05930	0.11116	0.03031	0.00597	0.00168	0.00467	0.03418	0.00387	0.00586
1	0.01035	0.00841	0.00875	0.00756	0.00991	0.08527	0.00579	0.02852	0.03619	0.08407	0.03472	0.06427	0.16193	0.07154	0.12395	0.00248	0.01738	0.00594	0.00362	0.22934
2	0.03023	0.00781	0.00895	0.00800	0.01029	0.00822	0.00622	0.01620	0.31742	0.03107	0.13656	0.02205	0.08418	0.01276	0.15842	0.00266	0.00520	0.00589	0.00420	0.12368
3	0.01176	0.12241	0.51992	0.01283	0.01838	0.16468	0.01474	0.01583	0.01071	0.01402	0.00811	0.00967	0.00618	0.00481	0.00493	0.00145	0.04736	0.00341	0.00214	0.00666
4	0.00988	0.03375	0.18520	0.01208	0.02868	0.00834	0.19098	0.01269	0.01053	0.09156	0.01777	0.32399	0.03570	0.00882	0.00549	0.00171	0.00525	0.00825	0.00353	0.00580
5	0.00932	0.00597	0.00680	0.00632	0.00790	0.00603	0.00482	0.01361	0.15384	0.06024	0.31277	0.02583	0.05280	0.00767	0.00471	0.00141	0.00266	0.00651	0.30549	0.00529
6	0.00972	0.00983	0.01931	0.18796	0.02211	0.00981	0.39245	0.01309	0.01147	0.01549	0.16112	0.02154	0.01649	0.00627	0.00563	0.00167	0.00632	0.08087	0.00313	0.00571
7	0.01109	0.01529	0.17611	0.01895	0.02414	0.01214	0.61467	0.01538	0.01110	0.01538	0.00950	0.01246	0.00709	0.00431	0.00579	0.00163	0.03073	0.00527	0.00236	0.00662
8	0.00658	0.00527	0.00597	0.00634	0.00750	0.00499	0.00454	0.00916	0.10545	0.01364	0.03547	0.39291	0.35865	0.01288	0.00584	0.00179	0.00278	0.01124	0.00455	0.00446
9	0.00642	0.00457	0.00597	0.00690	0.00734	0.00436	0.00488	0.00742	0.00937	0.01238	0.02556	0.54379	0.05218	0.12977	0.00888	0.00239	0.00338	0.15625	0.00427	0.00390
10	0.01842	0.01357	0.01454	0.01115	0.01503	0.01503	0.00921	0.78330	0.02278	0.03054	0.01163	0.01163	0.00824	0.00582	0.00485	0.00145	0.00533	0.00436	0.00485	0.00824
11	0.00681	0.00516	0.00750	0.00750	0.00845	0.00586	0.00582	0.00849	0.00811	0.01143	0.01653	0.02175	0.08937	0.03398	0.73132	0.00718	0.01194	0.00569	0.00278	0.00430
12	0.00797	0.00617	0.00788	0.00779	0.00908	0.00631	0.03085	0.01228	0.18253	0.01637	0.21148	0.32995	0.02952	0.01105	0.00569	0.00176	0.00319	0.07056	0.04449	0.00507
13	0.00621	0.00441	0.00581	0.00657	0.00695	0.00424	0.00442	0.00715	0.00934	0.01262	0.10014	0.59644	0.03027	0.11602	0.06303	0.00265	0.00368	0.01187	0.00426	0.00390
14	0.00758	0.00525	0.00592	0.00557	0.00729	0.00451	0.00424	0.00913	0.01198	0.09234	0.23095	0.04109	0.53444	0.01107	0.00564	0.00160	0.00258	0.00934	0.00485	0.00462
15	0.01060	0.01060	0.01484	0.01272	0.01272	0.01484	0.01060	0.01166	0.00742	0.01166	0.00636	0.01060	0.00636	0.00848	0.01590	0.00212	0.82082	0.00424	0.00212	0.00530
16	0.01036	0.00880	0.01022	0.00733	0.01162	0.00678	0.00587	0.04090	0.01052	0.01634	0.00873	0.01011	0.00722	0.00367	0.00364	0.00075	0.00365	0.00293	0.00294	0.82765
17	0.04907	0.00817	0.01094	0.00846	0.01209	0.00716	0.00697	0.02279	0.01368	0.74893	0.04656	0.01691	0.01298	0.00609	0.00484	0.00150	0.00405	0.00494	0.00587	0.00802
18	0.00634	0.00478	0.00552	0.00579	0.00664	0.00440	0.00398	0.00753	0.02316	0.01290	0.11619	0.26062	0.29973	0.19528	0.01009	0.00241	0.00310	0.02340	0.00425	0.00391
19	0.03607	0.07663	0.01385	0.05399	0.05538	0.11112	0.00893	0.20990	0.34298	0.02048	0.01374	0.01369	0.01040	0.00574	0.00464	0.00149	0.00515	0.00449	0.00406	0.00726

[dist]
# distance from previous block
# <min> <max>
5	21

[block]
# block no. 5 follows, 52 sequences, length 7
# corresponding to MSA columns:
# 491-497
name=unknown_F
#
# <colnr> <probs for GDERKNQSTAVLIFYWHMCP>
#	G	D	E	R	K	N	Q	S	T	A	V	L	I	F	Y	W	H	M	C	P
0	0.00644	0.00450	0.00566	0.00616	0.00649	0.00429	0.00400	0.00725	0.00930	0.01259	0.15373	0.43175	0.02964	0.28133	0.01216	0.00279	0.00334	0.01072	0.00413	0.00372
1	0.06882	0.01378	0.09315	0.04767	0.30592	0.09705	0.01188	0.09869	0.12691	0.03364	0.01063	0.01212	0.00830	0.00518	0.00518	0.00150	0.04518	0.00419	0.00310	0.00712
2	0.03039	0.01328	0.15338	0.01487	0.01888	0.01105	0.34978	0.01373	0.01035	0.01502	0.04658	0.01407	0.03197	0.00656	0.03784	0.00183	0.13257	0.00503	0.00258	0.09022
3	0.00812	0.00535	0.00757	0.00742	0.00759	0.00597	0.00534	0.00745	0.00757	0.01037	0.04460	0.17450	0.04735	0.01463	0.01486	0.47636	0.14244	0.00651	0.00280	0.00319
4	0.00628	0.00483	0.00648	0.08650	0.00969	0.00471	0.00540	0.00749	0.00971	0.01260	0.02868	0.57736	0.15930	0.01358	0.00600	0.00189	0.00319	0.04792	0.00427	0.00413
5	0.03550	0.01255	0.15026	0.34234	0.21400	0.01142	0.05107	0.01419	0.04147	0.01442	0.00905	0.01215	0.00704	0.00494	0.00551	0.00159	0.05953	0.00425	0.00234	0.00638
6	0.01114	0.03886	0.01722	0.15164	0.08818	0.06475	0.15081	0.01459	0.08657	0.01368	0.00939	0.01256	0.00782	0.00770	0.05346	0.00206	0.25650	0.00457	0.00254	0.00598

[dist]
# distance from previous block
# <min> <max>
17	436

[block]
# block no. 6 follows, 52 sequences, length 17
# corresponding to MSA columns:
# 1078-1094
name=unknown_G
#
# <colnr> <probs for GDERKNQSTAVLIFYWHMCP>
#	G	D	E	R	K	N	Q	S	T	A	V	L	I	F	Y	W	H	M	C	P
0	0.05076	0.00921	0.03508	0.02853	0.03817	0.05945	0.11956	0.03956	0.01224	0.12332	0.18948	0.09755	0.08859	0.00777	0.00519	0.00154	0.00449	0.02226	0.02947	0.03778
1	0.01065	0.00865	0.01150	0.12942	0.01508	0.03735	0.07627	0.05045	0.12876	0.07924	0.01880	0.20810	0.07063	0.00816	0.00518	0.00158	0.00453	0.02248	0.00390	0.10927
2	0.03615	0.05302	0.01607	0.25315	0.39297	0.01060	0.01237	0.01300	0.01029	0.01433	0.01138	0.10907	0.01069	0.00604	0.00489	0.00156	0.00548	0.02997	0.00264	0.00632
3	0.01373	0.01400	0.01800	0.01493	0.05900	0.15638	0.25200	0.11700	0.25051	0.01816	0.01253	0.01353	0.00953	0.00533	0.00529	0.00154	0.02318	0.00490	0.00351	0.00697
4	0.00962	0.00966	0.03551	0.64935	0.09682	0.01106	0.07380	0.01289	0.00990	0.01298	0.00870	0.01273	0.00662	0.00482	0.00517	0.00161	0.02646	0.00440	0.00219	0.00571
5	0.00915	0.00861	0.01453	0.81804	0.03338	0.01077	0.01346	0.01238	0.00969	0.01238	0.00861	0.01292	0.00646	0.00484	0.00484	0.00161	0.00646	0.00431	0.00215	0.00538
6	0.01842	0.01357	0.01454	0.01115	0.01503	0.01503	0.00921	0.78330	0.02278	0.03054	0.01163	0.01163	0.00824	0.00582	0.00485	0.00145	0.00533	0.00436	0.00485	0.00824
7	0.01762	0.02229	0.01380	0.01250	0.01483	0.75869	0.00944	0.01885	0.01332	0.01185	0.00742	0.00886	0.00625	0.00522	0.00512	0.00130	0.06137	0.00319	0.00247	0.00560
8	0.01842	0.01357	0.01454	0.01115	0.01503	0.01503	0.00921	0.78330	0.02278	0.03054	0.01163	0.01163	0.00824	0.00582	0.00485	0.00145	0.00533	0.00436	0.00485	0.00824
9	0.00590	0.00422	0.00562	0.00675	0.00703	0.00394	0.00450	0.00675	0.00928	0.01237	0.02671	0.82653	0.03205	0.01518	0.00619	0.00197	0.00281	0.01378	0.00450	0.00394
10	0.01205	0.01041	0.01096	0.00986	0.01260	0.01205	0.00767	0.02575	0.79071	0.02027	0.01972	0.01808	0.01479	0.00657	0.00493	0.00164	0.00384	0.00548	0.00493	0.00767
11	0.01007	0.00865	0.00973	0.00757	0.01124	0.00751	0.00598	0.01479	0.19040	0.01655	0.01532	0.01565	0.08985	0.00517	0.00412	0.00103	0.00353	0.00423	0.00351	0.57512
12	0.15121	0.00912	0.01184	0.00887	0.01272	0.00809	0.10040	0.03839	0.01104	0.10675	0.06933	0.01282	0.01038	0.00462	0.00410	0.00113	0.00419	0.00390	0.00344	0.42767
13	0.07001	0.02467	0.01288	0.01014	0.01293	0.00962	0.14993	0.13163	0.14985	0.03626	0.20143	0.02302	0.10201	0.03688	0.00588	0.00167	0.00441	0.00642	0.00427	0.00608
14	0.04162	0.00857	0.01051	0.00877	0.01155	0.00866	0.03122	0.09629	0.17051	0.26357	0.08442	0.06030	0.11439	0.00769	0.00542	0.00159	0.02789	0.01970	0.00494	0.02239
15	0.01412	0.01254	0.03583	0.02681	0.04327	0.12527	0.03167	0.25682	0.07759	0.04791	0.05094	0.04438	0.01128	0.00578	0.00461	0.00133	0.00513	0.00464	0.04902	0.15104
16	0.04709	0.00994	0.01078	0.00891	0.01152	0.03556	0.00701	0.24268	0.11910	0.04800	0.05413	0.01659	0.01232	0.11279	0.05995	0.00223	0.04939	0.00483	0.01748	0.12971

[dist]
# distance from previous block
# <min> <max>
2	17

[block]
# block no. 7 follows, 52 sequences, length 7
# corresponding to MSA columns:
# 1113-1119
name=unknown_H
#
# <colnr> <probs for GDERKNQSTAVLIFYWHMCP>
#	G	D	E	R	K	N	Q	S	T	A	V	L	I	F	Y	W	H	M	C	P
0	0.00941	0.01048	0.11556	0.00857	0.01101	0.08907	0.02506	0.03058	0.10109	0.01660	0.20860	0.07227	0.13430	0.00855	0.00519	0.00156	0.00418	0.05742	0.08512	0.00539
1	0.03816	0.00712	0.00852	0.04580	0.01011	0.00741	0.00590	0.17321	0.03339	0.04734	0.16189	0.05755	0.09889	0.03054	0.00885	0.20406	0.00384	0.00623	0.04627	0.00493
2	0.01423	0.27202	0.10682	0.00994	0.01371	0.08980	0.00923	0.25275	0.01428	0.04030	0.01058	0.05113	0.00882	0.00680	0.03757	0.00159	0.00583	0.00412	0.04381	0.00668
3	0.01445	0.01145	0.01454	0.35710	0.02289	0.01320	0.01103	0.45277	0.01717	0.02276	0.01034	0.01219	0.00748	0.00540	0.00485	0.00152	0.00582	0.00434	0.00369	0.00702
4	0.04379	0.01214	0.01589	0.01243	0.01606	0.07607	0.19067	0.15207	0.23195	0.17552	0.01445	0.01438	0.01035	0.00555	0.00498	0.00154	0.00557	0.00494	0.00428	0.00737
5	0.09890	0.09069	0.39858	0.01203	0.01712	0.19910	0.01299	0.08833	0.01200	0.01627	0.00833	0.00957	0.00628	0.00476	0.00428	0.00141	0.00685	0.00337	0.00251	0.00663
6	0.07211	0.09010	0.01439	0.01159	0.01441	0.60598	0.00899	0.10074	0.01402	0.01447	0.00782	0.00891	0.00639	0.00498	0.00423	0.00127	0.00775	0.00318	0.00275	0.00593

[dist]
# distance from previous block
# <min> <max>
4	8

[block]
# block no. 8 follows, 52 sequences, length 12
# corresponding to MSA columns:
# 1148-1159
name=unknown_I
#
# <colnr> <probs for GDERKNQSTAVLIFYWHMCP>
#	G	D	E	R	K	N	Q	S	T	A	V	L	I	F	Y	W	H	M	C	P
0	0.01281	0.01359	0.01695	0.01356	0.01604	0.19658	0.21765	0.08174	0.01189	0.01522	0.05103	0.04044	0.01001	0.00631	0.00779	0.00161	0.21421	0.00493	0.03902	0.02863
1	0.01199	0.01151	0.01967	0.02974	0.79946	0.01151	0.01487	0.01487	0.01103	0.01583	0.00912	0.01199	0.00768	0.00432	0.00480	0.00144	0.00576	0.00432	0.00240	0.00768
2	0.01156	0.00895	0.01149	0.00836	0.01258	0.00717	0.05887	0.01430	0.04345	0.10564	0.01036	0.01133	0.00806	0.00402	0.00394	0.00091	0.00397	0.00340	0.00329	0.66836
3	0.00915	0.00861	0.01453	0.81804	0.03338	0.01077	0.01346	0.01238	0.00969	0.01238	0.00861	0.01292	0.00646	0.00484	0.00484	0.00161	0.00646	0.00431	0.00215	0.00538
4	0.01753	0.01310	0.01454	0.08890	0.01680	0.01462	0.00962	0.70902	0.02152	0.02879	0.01134	0.01176	0.00807	0.00572	0.00485	0.00147	0.00544	0.00436	0.00459	0.00797
5	0.00792	0.00547	0.00639	0.00613	0.00656	0.00571	0.00390	0.06806	0.00839	0.01133	0.01464	0.02821	0.01604	0.64408	0.14308	0.00492	0.00601	0.00655	0.00303	0.00356
6	0.01842	0.01357	0.01454	0.01115	0.01503	0.01503	0.00921	0.78330	0.02278	0.03054	0.01163	0.01163	0.00824	0.00582	0.00485	0.00145	0.00533	0.00436	0.00485	0.00824
7	0.00616	0.00444	0.00578	0.00647	0.00700	0.00412	0.00443	0.00733	0.01034	0.01398	0.20982	0.58052	0.06783	0.03954	0.00664	0.00193	0.00273	0.01222	0.00465	0.00406
8	0.01692	0.01248	0.01333	0.01048	0.01400	0.01385	0.00857	0.63168	0.11424	0.02833	0.01294	0.01291	0.00936	0.00590	0.00474	0.00145	0.00491	0.00451	0.07153	0.00788
9	0.23358	0.01050	0.00945	0.00824	0.01090	0.08777	0.00662	0.21489	0.06755	0.02076	0.01804	0.02008	0.14071	0.00702	0.00449	0.00152	0.00437	0.05684	0.07074	0.00593
10	0.01087	0.36082	0.42404	0.01097	0.01646	0.01410	0.01297	0.01457	0.01031	0.01398	0.06243	0.01100	0.00891	0.00478	0.00406	0.00133	0.00600	0.00353	0.00229	0.00659
11	0.01239	0.01356	0.07136	0.01622	0.15196	0.09683	0.08580	0.08103	0.04382	0.01504	0.00848	0.01127	0.00718	0.00639	0.00958	0.00175	0.35413	0.00430	0.00259	0.00635

[dist]
# distance from previous block
# <min> <max>
9	26

[block]
# block no. 9 follows, 52 sequences, length 8
# corresponding to MSA columns:
# 1189-1196
name=unknown_J
#
# <colnr> <probs for GDERKNQSTAVLIFYWHMCP>
#	G	D	E	R	K	N	Q	S	T	A	V	L	I	F	Y	W	H	M	C	P
0	0.01842	0.01357	0.01454	0.01115	0.01503	0.01503	0.00921	0.78330	0.02278	0.03054	0.01163	0.01163	0.00824	0.00582	0.00485	0.00145	0.00533	0.00436	0.00485	0.00824
1	0.01069	0.26773	0.57044	0.01215	0.01841	0.01363	0.01502	0.01510	0.01012	0.01416	0.00811	0.00949	0.00616	0.00447	0.00415	0.00138	0.00657	0.00328	0.00205	0.00688
2	0.20861	0.01049	0.01051	0.00906	0.01212	0.01183	0.00720	0.12700	0.45370	0.02174	0.01490	0.01432	0.01120	0.00580	0.00439	0.00152	0.00401	0.00450	0.00434	0.06276
3	0.04362	0.00936	0.01559	0.59337	0.12580	0.01122	0.05064	0.01287	0.00973	0.01329	0.00850	0.01245	0.00660	0.00498	0.00557	0.00162	0.06254	0.00431	0.00223	0.00571
4	0.00590	0.00422	0.00562	0.00675	0.00703	0.00394	0.00450	0.00675	0.00928	0.01237	0.02671	0.82653	0.03205	0.01518	0.00619	0.00197	0.00281	0.01378	0.00450	0.00394
5	0.01240	0.62464	0.10156	0.01075	0.01530	0.01731	0.13151	0.01475	0.01014	0.01244	0.00741	0.00885	0.00639	0.00418	0.00367	0.00118	0.00585	0.00318	0.00213	0.00636
6	0.01110	0.38099	0.32497	0.01214	0.06717	0.01432	0.03928	0.01436	0.01009	0.01343	0.00914	0.06568	0.00811	0.00509	0.00410	0.00134	0.00593	0.00397	0.00226	0.00653
7	0.01100	0.00594	0.00771	0.00727	0.00876	0.00566	0.00533	0.01303	0.06051	0.23136	0.09635	0.30478	0.02327	0.12638	0.06716	0.00258	0.00420	0.00874	0.00466	0.00532

[dist]
# distance from previous block
# <min> <max>
1	13

[block]
# block no. 10 follows, 52 sequences, length 41
# corresponding to MSA columns:
# 1226-1266
name=unknown_K
#
# <colnr> <probs for GDERKNQSTAVLIFYWHMCP>
#	G	D	E	R	K	N	Q	S	T	A	V	L	I	F	Y	W	H	M	C	P
0	0.01118	0.08017	0.11560	0.11098	0.01597	0.21765	0.05057	0.01336	0.01080	0.01292	0.02440	0.22510	0.01371	0.00764	0.00533	0.00154	0.03680	0.00634	0.00293	0.03703
1	0.01543	0.01299	0.01338	0.01113	0.01350	0.20068	0.05621	0.14483	0.03849	0.16750	0.01229	0.05341	0.01019	0.06998	0.00841	0.00183	0.15478	0.00493	0.00370	0.00634
2	0.01218	0.00922	0.01054	0.00813	0.01160	0.00854	0.00652	0.22760	0.02703	0.05364	0.13994	0.03125	0.04041	0.00589	0.00448	0.00116	0.00384	0.00481	0.00407	0.38916
3	0.58061	0.02504	0.07223	0.00739	0.01047	0.01013	0.00655	0.04818	0.00972	0.05147	0.04824	0.07408	0.01030	0.00591	0.00375	0.00155	0.00401	0.02150	0.00337	0.00552
4	0.00781	0.00558	0.00781	0.00892	0.01004	0.00558	0.00781	0.01004	0.01116	0.01450	0.02566	0.05466	0.02789	0.01339	0.00669	0.00223	0.00446	0.76685	0.00446	0.00446
5	0.04110	0.01098	0.01571	0.29700	0.24941	0.01220	0.01216	0.24809	0.01412	0.03825	0.00987	0.01218	0.00745	0.00500	0.00477	0.00151	0.00577	0.00429	0.00317	0.00698
6	0.10659	0.30576	0.01661	0.00925	0.01252	0.05512	0.00804	0.19915	0.08312	0.03713	0.00994	0.01088	0.00797	0.00687	0.04744	0.00168	0.04881	0.00363	0.02291	0.00656
7	0.00639	0.00494	0.00583	0.00561	0.00695	0.00437	0.00421	0.00824	0.01262	0.01683	0.48962	0.04049	0.35463	0.01088	0.00572	0.00157	0.00236	0.00937	0.00499	0.00437
8	0.21992	0.00829	0.01018	0.00954	0.07443	0.00795	0.03832	0.01429	0.02853	0.14676	0.07656	0.08460	0.03663	0.00655	0.00447	0.00142	0.00392	0.04147	0.00386	0.18232
9	0.01489	0.01083	0.01312	0.02192	0.01375	0.07469	0.08907	0.25556	0.02616	0.17177	0.05931	0.12710	0.03032	0.00734	0.00552	0.00156	0.03520	0.00618	0.02900	0.00670
10	0.00842	0.00421	0.00631	0.00631	0.00631	0.00421	0.00421	0.00631	0.00631	0.00842	0.00842	0.01473	0.00842	0.01684	0.01894	0.85901	0.00421	0.00421	0.00210	0.00210
11	0.00590	0.00422	0.00562	0.00675	0.00703	0.00394	0.00450	0.00675	0.00928	0.01237	0.02671	0.82653	0.03205	0.01518	0.00619	0.00197	0.00281	0.01378	0.00450	0.00394
12	0.01199	0.01151	0.01967	0.02974	0.79946	0.01151	0.01487	0.01487	0.01103	0.01583	0.00912	0.01199	0.00768	0.00432	0.00480	0.00144	0.00576	0.00432	0.00240	0.00768
13	0.01629	0.01250	0.01362	0.05377	0.01538	0.01404	0.00904	0.54745	0.21957	0.02693	0.01355	0.01336	0.00983	0.00596	0.00487	0.00151	0.00501	0.00465	0.00473	0.00794
14	0.00600	0.00428	0.00573	0.00685	0.00717	0.00402	0.00466	0.00691	0.00937	0.01247	0.02666	0.78931	0.03185	0.01510	0.00621	0.00198	0.00289	0.05009	0.00450	0.00396
15	0.00915	0.00861	0.01453	0.81804	0.03338	0.01077	0.01346	0.01238	0.00969	0.01238	0.00861	0.01292	0.00646	0.00484	0.00484	0.00161	0.00646	0.00431	0.00215	0.00538
16	0.00590	0.00422	0.00562	0.00675	0.00703	0.00394	0.00450	0.00675	0.00928	0.01237	0.02671	0.82653	0.03205	0.01518	0.00619	0.00197	0.00281	0.01378	0.00450	0.00394
17	0.01060	0.01060	0.01484	0.01272	0.01272	0.01484	0.01060	0.01166	0.00742	0.01166	0.00636	0.01060	0.00636	0.00848	0.01590	0.00212	0.82082	0.00424	0.00212	0.00530
18	0.01199	0.01151	0.01967	0.02974	0.79946	0.01151	0.01487	0.01487	0.01103	0.01583	0.00912	0.01199	0.00768	0.00432	0.00480	0.00144	0.00576	0.00432	0.00240	0.00768
19	0.00692	0.00519	0.00779	0.00779	0.00865	0.00606	0.00606	0.00865	0.00779	0.01125	0.01298	0.01904	0.01211	0.03634	0.81049	0.00779	0.01298	0.00519	0.00260	0.00433
20	0.01355	0.00957	0.01098	0.00890	0.01158	0.01005	0.02271	0.40024	0.01706	0.06454	0.14782	0.02188	0.12677	0.03526	0.00692	0.07087	0.00430	0.00606	0.00461	0.00634
21	0.02162	0.05122	0.06518	0.04165	0.01006	0.02333	0.00674	0.00932	0.02572	0.01068	0.00974	0.01483	0.00904	0.01911	0.23094	0.40143	0.03894	0.00433	0.00232	0.00380
22	0.00607	0.00439	0.00574	0.00653	0.00704	0.00406	0.00447	0.00719	0.01017	0.01367	0.16587	0.64344	0.07524	0.01408	0.00608	0.00187	0.00270	0.01269	0.00465	0.00406
23	0.00705	0.00470	0.00529	0.00529	0.00529	0.00470	0.00294	0.00705	0.00705	0.00940	0.01527	0.03171	0.01762	0.82969	0.02467	0.00470	0.00470	0.00705	0.00294	0.00294
24	0.01332	0.01234	0.05432	0.01231	0.11017	0.13524	0.00898	0.08903	0.18781	0.08309	0.10248	0.01625	0.01401	0.00627	0.00554	0.00150	0.06299	0.00492	0.07280	0.00665
25	0.01594	0.07209	0.01489	0.01215	0.01487	0.51009	0.05708	0.01977	0.16163	0.02655	0.01007	0.01094	0.00804	0.00535	0.00497	0.00137	0.04131	0.00377	0.00297	0.00614
26	0.00647	0.00470	0.00612	0.00700	0.00767	0.00444	0.00518	0.00773	0.01001	0.01309	0.05505	0.46503	0.12042	0.05755	0.00723	0.00213	0.00328	0.20842	0.00443	0.00406
27	0.04277	0.01280	0.01235	0.01046	0.01357	0.09750	0.00829	0.28258	0.42143	0.02293	0.01525	0.01456	0.01135	0.00608	0.00478	0.00153	0.00486	0.00476	0.00458	0.00757
28	0.00693	0.00515	0.00759	0.00757	0.00841	0.00591	0.00582	0.00859	0.00803	0.01155	0.05090	0.02054	0.01403	0.07730	0.72986	0.00732	0.01202	0.00546	0.00275	0.00426
29	0.01092	0.12421	0.57216	0.01322	0.01931	0.05102	0.05518	0.03557	0.02864	0.01512	0.00873	0.01023	0.00648	0.00470	0.00474	0.00148	0.02552	0.00362	0.00223	0.00693
30	0.01123	0.13417	0.22782	0.01718	0.03917	0.01298	0.45699	0.01532	0.01089	0.01489	0.00906	0.01155	0.00688	0.00423	0.00504	0.00152	0.00743	0.00469	0.00229	0.00668
31	0.00764	0.00552	0.00757	0.00860	0.00976	0.00546	0.00748	0.00979	0.01115	0.01439	0.02755	0.05401	0.09005	0.01330	0.00662	0.00218	0.00430	0.70573	0.00447	0.00443
32	0.00651	0.00469	0.00629	0.00736	0.00798	0.00447	0.00553	0.00782	0.00997	0.01309	0.02746	0.53935	0.06811	0.01446	0.00633	0.00204	0.00333	0.25661	0.00449	0.00411
33	0.04578	0.11108	0.16634	0.03037	0.03523	0.09990	0.16623	0.07854	0.01232	0.13616	0.01111	0.02497	0.00843	0.00513	0.00465	0.00145	0.00624	0.01606	0.03327	0.00672
34	0.00631	0.00477	0.00591	0.00667	0.00753	0.00443	0.00491	0.00776	0.02595	0.01310	0.03270	0.45581	0.24706	0.01387	0.00612	0.00191	0.00302	0.14351	0.00450	0.00415
35	0.01276	0.13495	0.01346	0.00974	0.01279	0.01340	0.00790	0.09167	0.60415	0.01985	0.01704	0.01595	0.01291	0.00614	0.00465	0.00153	0.00417	0.00494	0.00449	0.00750
36	0.01046	0.20911	0.62700	0.01255	0.01903	0.01306	0.01571	0.01516	0.01014	0.01445	0.00825	0.00967	0.00616	0.00450	0.00426	0.00142	0.00671	0.00336	0.00205	0.00695
37	0.01124	0.33549	0.39782	0.01332	0.09946	0.01445	0.01366	0.01487	0.01009	0.01377	0.00792	0.00948	0.00634	0.00451	0.00437	0.00135	0.02969	0.00329	0.00210	0.00680
38	0.01028	0.05237	0.02453	0.05766	0.03267	0.07412	0.14999	0.05980	0.04476	0.01380	0.01183	0.01726	0.01061	0.09648	0.28715	0.00401	0.02292	0.02155	0.00280	0.00538
39	0.00600	0.00426	0.00560	0.00663	0.00689	0.00400	0.00437	0.00677	0.00910	0.01213	0.02579	0.76233	0.03089	0.08097	0.00768	0.00219	0.00296	0.01323	0.00437	0.00386
40	0.01346	0.08082	0.24420	0.01329	0.01822	0.01057	0.23626	0.01701	0.01165	0.22734	0.03189	0.01491	0.04715	0.00528	0.00496	0.00152	0.00614	0.00491	0.00343	0.00699

[dist]
# distance from previous block
# <min> <max>
0	7

[block]
# block no. 11 follows, 52 sequences, length 37
# corresponding to MSA columns:
# 1274-1310
name=unknown_L
#
# <colnr> <probs for GDERKNQSTAVLIFYWHMCP>
#	G	D	E	R	K	N	Q	S	T	A	V	L	I	F	Y	W	H	M	C	P
0	0.11342	0.02713	0.25562	0.01579	0.20472	0.06202	0.01263	0.16359	0.03753	0.04856	0.00977	0.01100	0.00731	0.00489	0.00449	0.00147	0.00593	0.00386	0.00305	0.00722
1	0.03917	0.00700	0.01169	0.01021	0.02369	0.00654	0.18967	0.01049	0.01052	0.06595	0.06568	0.40717	0.11057	0.01078	0.00578	0.00177	0.00418	0.01006	0.00407	0.00499
2	0.76580	0.00955	0.00767	0.00674	0.00980	0.01094	0.00552	0.04233	0.04637	0.02180	0.00760	0.00857	0.00587	0.00462	0.00318	0.00148	0.00380	0.00283	0.00315	0.03239
3	0.00671	0.00495	0.00627	0.00594	0.00715	0.00451	0.00446	0.00886	0.01337	0.01860	0.69843	0.03757	0.14472	0.01022	0.00572	0.00154	0.00231	0.00896	0.00522	0.00451
