[name]
unknown

[dist]
# distance from previous block
# <min> <max>
0	70

[block]
# block no. 0 follows, 61 sequences, length 68
# corresponding to MSA columns:
# 70-137
name=unknown_A
#
# <colnr> <probs for GDERKNQSTAVLIFYWHMCP>
#	G	D	E	R	K	N	Q	S	T	A	V	L	I	F	Y	W	H	M	C	P
0	0.02541	0.00466	0.00576	0.02170	0.02439	0.00466	0.00415	0.02035	0.01915	0.01114	0.07320	0.24225	0.08215	0.33214	0.05800	0.00290	0.00387	0.05733	0.00332	0.00349
1	0.06865	0.05924	0.02740	0.09475	0.05673	0.03309	0.04473	0.07189	0.04511	0.02802	0.04136	0.05731	0.02663	0.13545	0.04495	0.00205	0.10219	0.00472	0.00276	0.05297
2	0.02972	0.00985	0.01083	0.08156	0.09940	0.14078	0.01563	0.18195	0.01163	0.02603	0.05851	0.06895	0.01100	0.01191	0.19758	0.00262	0.01644	0.00462	0.00297	0.01800
3	0.00617	0.00436	0.00535	0.00550	0.00629	0.00409	0.00387	0.02439	0.00926	0.02923	0.17019	0.30175	0.20871	0.11646	0.04725	0.03765	0.00311	0.00891	0.00383	0.00364
4	0.00694	0.00431	0.00619	0.03105	0.02468	0.00445	0.00445	0.01955	0.00684	0.00924	0.01213	0.18897	0.01307	0.09606	0.13423	0.42182	0.00478	0.00590	0.00250	0.00286
5	0.02698	0.01008	0.01047	0.00859	0.01111	0.09749	0.02618	0.34075	0.04472	0.04805	0.02731	0.09496	0.01029	0.02503	0.00597	0.09354	0.00444	0.00462	0.00353	0.10591
6	0.00667	0.00467	0.00581	0.00591	0.00665	0.01653	0.00420	0.02299	0.00874	0.03956	0.13002	0.27145	0.08925	0.14961	0.17706	0.01886	0.00470	0.00791	0.02569	0.00373
7	0.00615	0.00463	0.00527	0.00536	0.00623	0.02206	0.00378	0.00718	0.00923	0.03125	0.16996	0.22470	0.27583	0.15314	0.05367	0.00226	0.00324	0.00863	0.00380	0.00364
8	0.00862	0.00693	0.02559	0.00799	0.03371	0.05142	0.05735	0.04823	0.03050	0.04232	0.01204	0.03060	0.01093	0.15775	0.29083	0.01375	0.01785	0.00474	0.14448	0.00436
9	0.00803	0.00502	0.00665	0.00667	0.02313	0.01700	0.00461	0.07110	0.00791	0.02833	0.03528	0.14218	0.01256	0.06087	0.11572	0.43902	0.00467	0.00542	0.00266	0.00318
10	0.00652	0.00499	0.00741	0.02808	0.00824	0.00575	0.02283	0.00770	0.00695	0.00986	0.01176	0.06391	0.01168	0.12933	0.55603	0.04804	0.05971	0.00515	0.00238	0.00370
11	0.00640	0.00472	0.00538	0.00561	0.00625	0.02226	0.00379	0.02311	0.02317	0.02619	0.09818	0.35806	0.14506	0.24036	0.00979	0.00229	0.00306	0.00906	0.00369	0.00357
12	0.00821	0.00776	0.01294	0.79178	0.02864	0.00977	0.01182	0.01097	0.00850	0.01097	0.00754	0.01137	0.00574	0.00449	0.00486	0.00146	0.05267	0.00382	0.00191	0.00478
13	0.00978	0.00804	0.00950	0.00726	0.03456	0.00644	0.00560	0.06875	0.00986	0.03550	0.00810	0.00923	0.00657	0.00341	0.00333	0.00072	0.00337	0.00273	0.00274	0.76449
14	0.00597	0.00419	0.00489	0.00511	0.00579	0.00385	0.00343	0.00669	0.00846	0.03160	0.07074	0.28129	0.26289	0.24681	0.01007	0.01551	0.00289	0.00890	0.01752	0.00340
15	0.00550	0.00430	0.00491	0.00501	0.00607	0.00382	0.00366	0.00671	0.00982	0.01255	0.20512	0.14996	0.44244	0.07096	0.01957	0.00177	0.00255	0.03758	0.00403	0.00365
16	0.01066	0.01023	0.01748	0.02644	0.82174	0.01023	0.01322	0.01322	0.00981	0.01407	0.00810	0.01066	0.00682	0.00384	0.00426	0.00128	0.00512	0.00384	0.00213	0.00682
17	0.00748	0.00374	0.00561	0.00561	0.00561	0.00374	0.00374	0.00561	0.00561	0.00748	0.00748	0.01309	0.00748	0.01496	0.01684	0.87467	0.00374	0.00374	0.00187	0.00187
18	0.00602	0.00414	0.00475	0.00488	0.00507	0.00404	0.00291	0.00630	0.00706	0.00933	0.04939	0.14128	0.08269	0.63403	0.01766	0.00351	0.00370	0.00737	0.00300	0.00287
19	0.00527	0.00376	0.00499	0.00597	0.00622	0.00351	0.00397	0.00600	0.00821	0.01094	0.02353	0.82865	0.02822	0.03102	0.00584	0.00180	0.00253	0.01212	0.00397	0.00348
20	0.00864	0.00837	0.01305	0.58649	0.03584	0.02263	0.01123	0.01095	0.00813	0.01087	0.00710	0.01085	0.00573	0.00519	0.00701	0.00155	0.23586	0.00380	0.00191	0.00480
21	0.01029	0.00969	0.01622	0.16077	0.36163	0.01048	0.12473	0.01395	0.10197	0.03855	0.00920	0.01155	0.00731	0.00458	0.00552	0.00142	0.09946	0.00414	0.00243	0.00610
22	0.00989	0.00823	0.00873	0.00792	0.00986	0.00938	0.00595	0.03584	0.62522	0.01615	0.01654	0.01853	0.01356	0.18536	0.00812	0.00204	0.00360	0.00515	0.00400	0.00593
23	0.01071	0.00925	0.00974	0.00877	0.01120	0.01071	0.00682	0.02289	0.81396	0.01802	0.01753	0.01607	0.01315	0.00584	0.00438	0.00146	0.00341	0.00487	0.00438	0.00682
24	0.12918	0.01073	0.01514	0.25378	0.18890	0.11126	0.15274	0.02399	0.00947	0.01342	0.00753	0.01015	0.00596	0.00423	0.00464	0.00137	0.04616	0.00372	0.00218	0.00544
25	0.00565	0.00403	0.00546	0.00645	0.00688	0.00384	0.00469	0.00669	0.00864	0.01144	0.02352	0.65802	0.02762	0.01312	0.00560	0.00180	0.00284	0.19609	0.00399	0.00361
26	0.00858	0.00455	0.00460	0.00440	0.00557	0.00463	0.00335	0.06275	0.00978	0.01679	0.01381	0.01568	0.01080	0.00503	0.00310	0.00102	0.00219	0.00401	0.81513	0.00423
27	0.00864	0.02228	0.82630	0.01228	0.01864	0.01000	0.01592	0.01364	0.00909	0.01364	0.00773	0.00909	0.00546	0.00409	0.00409	0.00136	0.00637	0.00318	0.00182	0.00637
28	0.00525	0.00375	0.00500	0.00600	0.00625	0.00350	0.00400	0.00600	0.00825	0.01100	0.02374	0.84580	0.02849	0.01350	0.00550	0.00175	0.00250	0.01225	0.00400	0.00350
29	0.01017	0.01162	0.02542	0.01816	0.02251	0.01089	0.80610	0.01380	0.01017	0.01380	0.00871	0.01162	0.00654	0.00363	0.00508	0.00145	0.00726	0.00508	0.00218	0.00581
30	0.00813	0.00766	0.01292	0.83826	0.02967	0.00957	0.01196	0.01101	0.00861	0.01101	0.00766	0.01148	0.00574	0.00431	0.00431	0.00144	0.00574	0.00383	0.00191	0.00479
31	0.00512	0.00433	0.00443	0.00448	0.00586	0.00364	0.00333	0.00622	0.00978	0.01173	0.06101	0.08798	0.75538	0.01101	0.00511	0.00147	0.00220	0.00924	0.00402	0.00364
32	0.00792	0.00404	0.00411	0.00410	0.00510	0.00402	0.00307	0.00993	0.00921	0.01613	0.06007	0.01698	0.01273	0.00524	0.00313	0.00102	0.00201	0.00423	0.82294	0.00402
33	0.00615	0.00462	0.00692	0.00692	0.00769	0.00538	0.00538	0.00769	0.00692	0.01000	0.01154	0.01692	0.01077	0.03231	0.83154	0.00692	0.01154	0.00462	0.00231	0.00385
34	0.85351	0.00830	0.00644	0.00572	0.00841	0.00956	0.00471	0.01291	0.00748	0.04325	0.00632	0.00723	0.00484	0.00404	0.00272	0.00133	0.00334	0.00239	0.00274	0.00474
35	0.01140	0.11929	0.32147	0.01205	0.09435	0.00990	0.08465	0.01456	0.00985	0.17433	0.02683	0.01120	0.00779	0.00448	0.00435	0.00130	0.03083	0.00370	0.05146	0.00621
36	0.00948	0.00827	0.01151	0.04863	0.13980	0.04080	0.07876	0.01158	0.00985	0.05502	0.10847	0.04339	0.03405	0.00514	0.00432	0.00112	0.02024	0.02854	0.00293	0.33810
37	0.01420	0.02830	0.03223	0.05148	0.01277	0.00959	0.02238	0.33371	0.01444	0.21114	0.06408	0.01285	0.01010	0.01487	0.00456	0.00126	0.01992	0.00406	0.01657	0.12148
38	0.87904	0.00833	0.00633	0.00566	0.00833	0.00966	0.00467	0.01266	0.00733	0.01933	0.00600	0.00700	0.00467	0.00400	0.00267	0.00133	0.00333	0.00233	0.00267	0.00467
39	0.01743	0.00694	0.00934	0.00735	0.01029	0.00616	0.00598	0.01920	0.02482	0.69823	0.01644	0.01550	0.01096	0.04679	0.04648	0.00174	0.00401	0.00443	0.04112	0.00679
40	0.03697	0.00877	0.03474	0.10212	0.06505	0.00791	0.06043	0.10584	0.02664	0.06290	0.03016	0.05464	0.00879	0.00453	0.00391	0.00108	0.00411	0.00391	0.00295	0.37455
41	0.00813	0.00766	0.01292	0.83826	0.02967	0.00957	0.01196	0.01101	0.00861	0.01101	0.00766	0.01148	0.00574	0.00431	0.00431	0.00144	0.00574	0.00383	0.00191	0.00479
42	0.01122	0.02112	0.00947	0.00812	0.01047	0.03046	0.00636	0.10536	0.48248	0.07731	0.05777	0.01792	0.06831	0.03258	0.02334	0.00161	0.00373	0.00508	0.02106	0.00624
43	0.00788	0.02778	0.00989	0.11432	0.17941	0.00693	0.02313	0.03853	0.01849	0.01275	0.04815	0.26259	0.04064	0.07452	0.03535	0.00186	0.01746	0.00689	0.06878	0.00466
44	0.18082	0.04178	0.01188	0.02381	0.07279	0.13013	0.07134	0.07618	0.01116	0.27270	0.01134	0.05876	0.00864	0.00507	0.00401	0.00131	0.00469	0.00408	0.00353	0.00598
45	0.00611	0.00455	0.00571	0.00539	0.00650	0.00422	0.00405	0.00834	0.03649	0.01660	0.69865	0.03283	0.13647	0.00898	0.00506	0.00137	0.00209	0.00786	0.00464	0.00410
46	0.00882	0.03709	0.75111	0.01278	0.03374	0.01019	0.06001	0.01363	0.00916	0.01359	0.00776	0.00922	0.00554	0.00405	0.00413	0.00136	0.00636	0.00329	0.00185	0.00633
47	0.00895	0.02305	0.13772	0.26497	0.09015	0.05753	0.02982	0.01179	0.03648	0.03182	0.02845	0.01436	0.00888	0.04723	0.11803	0.01975	0.02948	0.03411	0.00234	0.00506
48	0.01608	0.01185	0.01268	0.00977	0.01315	0.01312	0.00806	0.77308	0.03965	0.02671	0.01059	0.01059	0.00754	0.00518	0.00429	0.00129	0.00466	0.00391	0.02055	0.00725
49	0.00525	0.00375	0.00500	0.00600	0.00625	0.00350	0.00400	0.00600	0.00825	0.01100	0.02374	0.84580	0.02849	0.01350	0.00550	0.00175	0.00250	0.01225	0.00400	0.00350
50	0.05080	0.01006	0.09290	0.12309	0.07654	0.09705	0.02020	0.06974	0.04826	0.02861	0.04879	0.08583	0.01316	0.04697	0.03043	0.00176	0.01347	0.11788	0.01940	0.00506
51	0.00867	0.03233	0.01052	0.03424	0.01098	0.05335	0.11518	0.06641	0.00971	0.05043	0.01672	0.42460	0.01818	0.00994	0.02229	0.00171	0.07086	0.03595	0.00340	0.00457
52	0.01637	0.01207	0.01293	0.00991	0.01336	0.01336	0.00819	0.80738	0.02025	0.02715	0.01034	0.01034	0.00733	0.00517	0.00431	0.00129	0.00474	0.00388	0.00431	0.00733
53	0.00932	0.00918	0.01459	0.54118	0.24890	0.05218	0.03983	0.01204	0.00919	0.01193	0.00777	0.01107	0.00606	0.00416	0.00430	0.00138	0.00573	0.00382	0.00200	0.00540
54	0.01323	0.03560	0.01294	0.13152	0.05889	0.24426	0.03524	0.24493	0.09305	0.01664	0.02941	0.01160	0.02840	0.00502	0.00439	0.00129	0.02071	0.00387	0.00308	0.00590
55	0.03810	0.00889	0.04169	0.03912	0.05272	0.02549	0.06770	0.07557	0.01049	0.13512	0.03382	0.02899	0.02422	0.00557	0.03281	0.00129	0.01812	0.01430	0.00312	0.34288
56	0.01106	0.18083	0.20325	0.06110	0.01621	0.16400	0.14499	0.03357	0.04676	0.01256	0.00806	0.02071	0.00651	0.00481	0.01759	0.00135	0.03794	0.00354	0.00220	0.02299
57	0.00522	0.00431	0.00457	0.00463	0.00592	0.00367	0.00342	0.00638	0.00994	0.01220	0.12754	0.11208	0.66343	0.01091	0.00513	0.00147	0.00219	0.00923	0.00408	0.00367
58	0.01038	0.00980	0.01741	0.18955	0.52060	0.01006	0.12383	0.01312	0.00970	0.04164	0.00841	0.01110	0.00670	0.00396	0.00439	0.00134	0.00549	0.00403	0.00221	0.00628
59	0.03645	0.04074	0.15411	0.05604	0.08119	0.05386	0.19457	0.04838	0.14518	0.04354	0.01049	0.03313	0.00835	0.00496	0.00497	0.00142	0.05390	0.02001	0.00274	0.00598
60	0.00598	0.00411	0.00552	0.00625	0.00679	0.00387	0.00450	0.00711	0.00915	0.03292	0.13397	0.59357	0.02918	0.01240	0.00548	0.00172	0.00268	0.12694	0.00413	0.00374
61	0.00575	0.00440	0.00533	0.00532	0.00632	0.00406	0.00394	0.00722	0.01049	0.01406	0.37628	0.17516	0.29517	0.01024	0.00535	0.00147	0.02279	0.01955	0.02326	0.00384
62	0.04500	0.02217	0.01105	0.05109	0.08273	0.03581	0.04717	0.11764	0.06592	0.20038	0.09243	0.06123	0.02554	0.00723	0.03921	0.00162	0.03439	0.02841	0.02513	0.00584
63	0.00776	0.05146	0.07768	0.00771	0.00904	0.03549	0.00659	0.00956	0.02833	0.01130	0.05430	0.01872	0.07014	0.12100	0.24704	0.00339	0.16104	0.02365	0.05153	0.00427
64	0.00546	0.00400	0.00557	0.00635	0.00672	0.00375	0.02379	0.00631	0.00832	0.01109	0.02313	0.77691	0.02755	0.02990	0.00583	0.00180	0.00271	0.04333	0.00392	0.00356
65	0.01410	0.33191	0.01624	0.02468	0.03262	0.49093	0.00815	0.01538	0.01079	0.01048	0.00646	0.00758	0.00558	0.00414	0.00348	0.00105	0.00648	0.00264	0.00207	0.00524
66	0.06861	0.30514	0.18923	0.08513	0.08535	0.04550	0.00985	0.03067	0.05834	0.05730	0.00843	0.02402	0.00678	0.00432	0.00362	0.00121	0.00501	0.00326	0.00237	0.00585
67	0.00808	0.00550	0.00700	0.05107	0.02302	0.00542	0.00518	0.03524	0.04780	0.10377	0.20807	0.15865	0.19650	0.05575	0.00616	0.00165	0.02355	0.04904	0.00407	0.00449

[dist]
# distance from previous block
# <min> <max>
4	10

[block]
# block no. 1 follows, 61 sequences, length 74
# corresponding to MSA columns:
# 148-221
name=unknown_B
#
# <colnr> <probs for GDERKNQSTAVLIFYWHMCP>
#	G	D	E	R	K	N	Q	S	T	A	V	L	I	F	Y	W	H	M	C	P
0	0.02034	0.03595	0.19161	0.09598	0.08822	0.00761	0.08294	0.01036	0.00864	0.02822	0.01315	0.23121	0.01342	0.09484	0.04393	0.00201	0.00508	0.01892	0.00268	0.00487
1	0.00960	0.04091	0.08842	0.35123	0.16280	0.00979	0.03442	0.06770	0.02716	0.03825	0.01015	0.04645	0.02140	0.00548	0.01514	0.00148	0.03009	0.03154	0.00247	0.00554
2	0.02028	0.09749	0.24136	0.05692	0.09469	0.05696	0.04610	0.09405	0.02543	0.04403	0.02174	0.04192	0.06669	0.03568	0.00489	0.00144	0.00514	0.03676	0.00272	0.00571
3	0.00794	0.00581	0.00690	0.00622	0.00781	0.02615	0.04367	0.05715	0.01031	0.09354	0.06530	0.13678	0.39623	0.09920	0.00680	0.00175	0.00315	0.01714	0.00390	0.00427
4	0.00665	0.00507	0.00651	0.00643	0.00749	0.00490	0.02027	0.02561	0.05615	0.02820	0.15593	0.44406	0.11445	0.01063	0.00541	0.00155	0.03033	0.00939	0.00398	0.05700
5	0.02481	0.11701	0.21682	0.04481	0.08630	0.04982	0.11017	0.06597	0.03887	0.01410	0.04356	0.03121	0.00846	0.00550	0.03227	0.00145	0.02236	0.00389	0.00245	0.08017
6	0.11626	0.04958	0.12039	0.18228	0.06433	0.06981	0.05570	0.01186	0.00867	0.01282	0.00811	0.03168	0.00684	0.00750	0.09373	0.00190	0.05807	0.00365	0.00220	0.09464
7	0.04207	0.00852	0.01039	0.00806	0.01126	0.00828	0.00663	0.24710	0.01438	0.51354	0.04399	0.01477	0.03960	0.00557	0.00433	0.00133	0.00386	0.00444	0.00489	0.00701
8	0.00616	0.00447	0.00530	0.00509	0.00635	0.00395	0.00382	0.00772	0.01100	0.04710	0.42120	0.07615	0.36639	0.00979	0.00508	0.00142	0.00218	0.00842	0.00442	0.00399
9	0.07943	0.04566	0.06456	0.12079	0.10808	0.09650	0.00890	0.18336	0.01158	0.05589	0.01698	0.01316	0.04384	0.05062	0.00580	0.00150	0.06632	0.01849	0.00289	0.00564
10	0.00952	0.00786	0.00846	0.00764	0.00976	0.00868	0.00592	0.03835	0.54239	0.03222	0.14481	0.02194	0.13013	0.00698	0.00459	0.00144	0.00306	0.00588	0.00440	0.00597
11	0.00594	0.00453	0.00548	0.00525	0.00641	0.00414	0.00393	0.00800	0.03616	0.01560	0.56289	0.05507	0.25190	0.00941	0.00507	0.00140	0.00213	0.00817	0.00451	0.00402
12	0.00633	0.00506	0.00726	0.00724	0.00824	0.00485	0.07269	0.02389	0.04878	0.01228	0.03752	0.52656	0.11988	0.01156	0.00537	0.00168	0.00310	0.08980	0.00388	0.00401
13	0.00770	0.00708	0.01056	0.26390	0.04697	0.03502	0.08175	0.01039	0.05827	0.01290	0.15329	0.19146	0.07416	0.00753	0.00497	0.00148	0.01798	0.00678	0.00317	0.00462
14	0.00873	0.00610	0.00712	0.00643	0.00797	0.03102	0.00491	0.01246	0.15635	0.10815	0.53640	0.02643	0.03051	0.03175	0.00531	0.00144	0.00270	0.00668	0.00461	0.00492
15	0.01066	0.01023	0.01748	0.02644	0.82174	0.01023	0.01322	0.01322	0.00981	0.01407	0.00810	0.01066	0.00682	0.00384	0.00426	0.00128	0.00512	0.00384	0.00213	0.00682
16	0.01007	0.01010	0.03246	0.17709	0.54567	0.02537	0.05674	0.01269	0.00954	0.01331	0.02416	0.01116	0.00718	0.00419	0.00476	0.00134	0.04190	0.00395	0.00213	0.00619
17	0.00517	0.00437	0.00448	0.00445	0.00587	0.00367	0.00334	0.00634	0.01002	0.01211	0.10814	0.04068	0.75520	0.01073	0.00509	0.00145	0.00217	0.00898	0.00406	0.00367
18	0.01483	0.07614	0.01365	0.01302	0.13235	0.61830	0.00894	0.02856	0.03417	0.01150	0.00719	0.00841	0.00598	0.00435	0.00388	0.00113	0.00699	0.00297	0.00227	0.00539
19	0.01015	0.00863	0.01027	0.03075	0.01168	0.03993	0.04517	0.07492	0.01013	0.04385	0.00854	0.02616	0.00701	0.00373	0.00352	0.00082	0.00377	0.00308	0.00277	0.65512
20	0.01000	0.02282	0.01300	0.07980	0.29251	0.04243	0.04802	0.03394	0.21034	0.01469	0.03032	0.04412	0.01877	0.00683	0.05246	0.00168	0.00494	0.02157	0.04582	0.00594
21	0.00899	0.00591	0.04673	0.00606	0.00795	0.00474	0.00497	0.01066	0.01083	0.20773	0.25265	0.11310	0.26715	0.00935	0.02203	0.00154	0.00293	0.00752	0.00439	0.00477
22	0.00943	0.00946	0.01286	0.01109	0.01118	0.03271	0.00920	0.01040	0.00675	0.01035	0.00597	0.00975	0.00590	0.00868	0.05417	0.00211	0.77961	0.00379	0.00191	0.00468
23	0.04961	0.04650	0.04945	0.04993	0.02878	0.02322	0.00611	0.02461	0.05107	0.01399	0.05802	0.01404	0.06156	0.05052	0.01728	0.00123	0.00375	0.00379	0.01893	0.42763
24	0.07198	0.30208	0.01972	0.07632	0.04516	0.01276	0.26640	0.07724	0.02837	0.02761	0.02854	0.01019	0.00715	0.00407	0.00393	0.00124	0.00539	0.00374	0.00241	0.00571
25	0.00626	0.00418	0.00470	0.00470	0.00470	0.00418	0.00261	0.00626	0.00626	0.00835	0.01357	0.02819	0.01566	0.84862	0.02192	0.00418	0.00418	0.00626	0.00261	0.00261
26	0.03938	0.00717	0.02419	0.00664	0.00902	0.04625	0.00533	0.02721	0.02444	0.26763	0.22582	0.03558	0.12314	0.03084	0.00493	0.00135	0.00325	0.00566	0.00423	0.10792
27	0.02310	0.00938	0.03764	0.11618	0.27687	0.04888	0.03157	0.05912	0.01044	0.04369	0.06731	0.01520	0.06606	0.00542	0.01564	0.00132	0.00467	0.02680	0.00278	0.13792
28	0.03316	0.01032	0.01098	0.00890	0.01171	0.04692	0.00715	0.50641	0.02929	0.11060	0.01316	0.14575	0.01121	0.00651	0.00445	0.00136	0.00431	0.01248	0.00421	0.02111
29	0.00611	0.00415	0.00477	0.00491	0.00502	0.00409	0.00290	0.00629	0.00673	0.00890	0.01623	0.12625	0.05096	0.69648	0.01893	0.00373	0.00389	0.02403	0.00286	0.00279
30	0.51912	0.00861	0.00850	0.12207	0.01223	0.00985	0.00635	0.10715	0.07267	0.06795	0.02432	0.00969	0.00687	0.00450	0.00337	0.00135	0.00383	0.00315	0.00309	0.00531
31	0.00991	0.00967	0.03764	0.27986	0.28202	0.02763	0.08957	0.03855	0.07695	0.02821	0.05799	0.01271	0.00902	0.00458	0.00455	0.00137	0.01715	0.00425	0.00253	0.00585
32	0.00871	0.00474	0.00481	0.00457	0.00579	0.00487	0.00349	0.06858	0.03049	0.01692	0.01387	0.01564	0.01082	0.00505	0.00314	0.00104	0.00224	0.00403	0.78688	0.00433
33	0.00669	0.00461	0.00573	0.00553	0.00667	0.00422	0.00412	0.02380	0.01112	0.05767	0.45003	0.15050	0.19755	0.02833	0.00548	0.00151	0.00236	0.02555	0.00444	0.00410
34	0.00912	0.04274	0.61324	0.01180	0.01713	0.05031	0.06113	0.03059	0.02439	0.01352	0.00899	0.06032	0.00724	0.00538	0.02433	0.00150	0.00624	0.00388	0.00211	0.00604
35	0.03626	0.00941	0.01554	0.02901	0.04144	0.04991	0.30273	0.02651	0.02675	0.02977	0.04013	0.16119	0.01177	0.00732	0.02982	0.00171	0.16707	0.00589	0.00271	0.00509
36	0.00515	0.00434	0.00446	0.00447	0.00587	0.00365	0.00334	0.00628	0.00989	0.01191	0.08380	0.06818	0.75220	0.01089	0.00510	0.00146	0.00218	0.00913	0.00404	0.00365
37	0.00748	0.00398	0.00594	0.00587	0.00591	0.00415	0.00402	0.00588	0.00571	0.00771	0.00763	0.01317	0.00759	0.01561	0.05875	0.80040	0.03246	0.00379	0.00189	0.00207
38	0.55555	0.00930	0.00843	0.00706	0.00991	0.01051	0.00579	0.24209	0.03611	0.04861	0.00836	0.02682	0.00642	0.00465	0.00331	0.00133	0.00373	0.00314	0.00331	0.00556
39	0.00615	0.00462	0.00692	0.00692	0.00769	0.00538	0.00538	0.00769	0.00692	0.01000	0.01154	0.01692	0.01077	0.03231	0.83154	0.00692	0.01154	0.00462	0.00231	0.00385
40	0.00914	0.03331	0.04179	0.49902	0.22097	0.03923	0.02948	0.01187	0.00915	0.01196	0.00845	0.01277	0.00694	0.00453	0.00433	0.00140	0.00560	0.04263	0.00208	0.00535
41	0.01045	0.01119	0.02082	0.15517	0.02181	0.04818	0.52111	0.06178	0.03763	0.01396	0.00869	0.01139	0.00659	0.00414	0.00527	0.00145	0.04774	0.00462	0.00233	0.00567
42	0.00530	0.00378	0.00505	0.00605	0.00632	0.00354	0.00408	0.00608	0.00829	0.01105	0.02372	0.82349	0.02839	0.01345	0.00551	0.00176	0.00254	0.03409	0.00400	0.00351
43	0.00716	0.00562	0.03590	0.00748	0.06824	0.00505	0.00541	0.00937	0.04065	0.02932	0.22025	0.14934	0.10113	0.02377	0.03476	0.00168	0.00318	0.09607	0.15126	0.00434
44	0.01069	0.05953	0.05289	0.06150	0.01325	0.04903	0.12284	0.04824	0.05181	0.11879	0.13878	0.01674	0.03627	0.02281	0.00646	0.01628	0.12613	0.02544	0.01720	0.00533
45	0.01690	0.06910	0.51897	0.01176	0.01672	0.00991	0.11686	0.01304	0.03912	0.01334	0.01064	0.06489	0.03646	0.00514	0.00451	0.00140	0.02335	0.01979	0.00223	0.00588
46	0.00614	0.00433	0.00512	0.00492	0.00605	0.00395	0.00369	0.00793	0.01108	0.01562	0.49076	0.03204	0.23820	0.00875	0.00476	0.00133	0.00207	0.00753	0.14179	0.00395
47	0.00869	0.02079	0.74100	0.01266	0.05764	0.00982	0.01518	0.01360	0.02502	0.01388	0.03705	0.01014	0.00694	0.00428	0.00414	0.00136	0.00609	0.00341	0.00199	0.00631
48	0.03674	0.06093	0.28476	0.08127	0.03161	0.06547	0.07867	0.05782	0.07692	0.02934	0.04894	0.06134	0.00970	0.00518	0.00440	0.00136	0.02170	0.00431	0.03383	0.00571
49	0.00586	0.00429	0.00566	0.00631	0.00682	0.00410	0.01584	0.04561	0.00892	0.01185	0.02355	0.76482	0.05437	0.01285	0.00542	0.00171	0.00267	0.01162	0.00399	0.00373
50	0.00955	0.00762	0.01255	0.73338	0.02731	0.00916	0.01125	0.01227	0.00908	0.11376	0.00884	0.01189	0.00636	0.00444	0.00431	0.00142	0.00548	0.00389	0.00235	0.00511
51	0.04247	0.00861	0.01242	0.11975	0.19606	0.00906	0.05870	0.08633	0.14987	0.12674	0.01312	0.09225	0.01095	0.00575	0.00444	0.00141	0.00439	0.02923	0.02239	0.00607
52	0.00933	0.01111	0.18110	0.00892	0.01197	0.00928	0.01825	0.01785	0.48487	0.01595	0.01857	0.04482	0.10423	0.00637	0.00445	0.00145	0.00389	0.02062	0.02083	0.00613
53	0.05927	0.00984	0.01610	0.01244	0.04788	0.03243	0.32919	0.04473	0.02160	0.07202	0.02014	0.01159	0.00759	0.00415	0.00459	0.00121	0.03515	0.01584	0.02196	0.23230
54	0.00618	0.00452	0.00642	0.00642	0.00701	0.00511	0.00476	0.00737	0.00677	0.00963	0.01200	0.01947	0.01188	0.21720	0.64817	0.00630	0.00987	0.00499	0.00238	0.00357
55	0.01213	0.74087	0.02123	0.00782	0.01136	0.09457	0.00749	0.04276	0.00951	0.01080	0.00621	0.00712	0.00560	0.00381	0.00293	0.00095	0.00491	0.00241	0.00197	0.00554
56	0.02897	0.00918	0.01057	0.00822	0.01135	0.00933	0.00671	0.35985	0.04422	0.29891	0.01296	0.01277	0.00906	0.02918	0.00463	0.00133	0.00399	0.00402	0.06196	0.07279
57	0.01271	0.30076	0.16715	0.00944	0.01315	0.15398	0.00914	0.12999	0.07681	0.05670	0.00895	0.01004	0.00709	0.00455	0.00371	0.00118	0.00534	0.02059	0.00270	0.00602
58	0.01537	0.10079	0.02913	0.01062	0.01307	0.70566	0.00829	0.03298	0.01193	0.01100	0.00681	0.00790	0.00567	0.00438	0.00377	0.00110	0.00728	0.00278	0.01637	0.00511
59	0.00962	0.07602	0.13495	0.00861	0.04024	0.01980	0.02674	0.07022	0.03737	0.06221	0.05423	0.12857	0.04835	0.02718	0.00455	0.00125	0.00400	0.00502	0.00309	0.23797
60	0.02156	0.16126	0.44117	0.01122	0.05822	0.04371	0.02589	0.05709	0.01010	0.02349	0.07825	0.03123	0.00932	0.00472	0.00400	0.00128	0.00544	0.00374	0.00236	0.00595
61	0.00942	0.00942	0.01319	0.01131	0.01131	0.01319	0.00942	0.01037	0.00660	0.01037	0.00565	0.00942	0.00565	0.00754	0.01414	0.00188	0.84073	0.00377	0.00188	0.00471
62	0.00864	0.02228	0.82630	0.01228	0.01864	0.01000	0.01592	0.01364	0.00909	0.01364	0.00773	0.00909	0.00546	0.00409	0.00409	0.00136	0.00637	0.00318	0.00182	0.00637
63	0.02847	0.07374	0.22339	0.12263	0.13337	0.03749	0.09953	0.02145	0.02566	0.06687	0.00991	0.07757	0.00840	0.01449	0.02257	0.00152	0.02034	0.00440	0.00246	0.00575
64	0.00990	0.00915	0.01519	0.06676	0.57582	0.00926	0.03697	0.05108	0.01003	0.01405	0.01082	0.14147	0.01037	0.00552	0.00451	0.00138	0.00478	0.01426	0.00254	0.00615
65	0.00525	0.00375	0.00500	0.00600	0.00625	0.00350	0.00400	0.00600	0.00825	0.01100	0.02374	0.84580	0.02849	0.01350	0.00550	0.00175	0.00250	0.01225	0.00400	0.00350
66	0.00620	0.02829	0.00709	0.00706	0.00787	0.00478	0.04637	0.00762	0.02364	0.01173	0.04222	0.51591	0.04548	0.03215	0.02817	0.00193	0.00339	0.17248	0.00378	0.00384
67	0.03196	0.04819	0.16472	0.14075	0.26639	0.03111	0.02797	0.03705	0.03561	0.03039	0.01085	0.09367	0.02218	0.00534	0.00429	0.00137	0.00502	0.02010	0.01725	0.00579
68	0.00525	0.00375	0.00500	0.00600	0.00625	0.00350	0.00400	0.00600	0.00825	0.01100	0.02374	0.84580	0.02849	0.01350	0.00550	0.00175	0.00250	0.01225	0.00400	0.00350
69	0.00748	0.00374	0.00561	0.00561	0.00561	0.00374	0.00374	0.00561	0.00561	0.00748	0.00748	0.01309	0.00748	0.01496	0.01684	0.87467	0.00374	0.00374	0.00187	0.00187
70	0.01230	0.13008	0.13064	0.04831	0.10898	0.17806	0.07542	0.14576	0.04216	0.01465	0.00805	0.00951	0.00636	0.00455	0.00476	0.00128	0.06721	0.00346	0.00249	0.00597
71	0.00892	0.00782	0.04906	0.07783	0.08576	0.05875	0.00712	0.06375	0.03704	0.07056	0.01684	0.41168	0.01788	0.00957	0.01975	0.00165	0.02437	0.02332	0.00348	0.00483
72	0.00528	0.00377	0.00504	0.00604	0.00630	0.00353	0.00406	0.00606	0.00828	0.01103	0.02372	0.82974	0.02842	0.01346	0.00551	0.00175	0.00253	0.02797	0.00400	0.00351
73	0.00828	0.00651	0.00912	0.03776	0.13227	0.03610	0.02227	0.01036	0.01037	0.04516	0.14651	0.04465	0.02223	0.00917	0.00529	0.00167	0.00403	0.42580	0.01783	0.00464

[dist]
# distance from previous block
# <min> <max>
0	1

[block]
# block no. 2 follows, 61 sequences, length 25
# corresponding to MSA columns:
# 223-247
name=unknown_C
#
# <colnr> <probs for GDERKNQSTAVLIFYWHMCP>
#	G	D	E	R	K	N	Q	S	T	A	V	L	I	F	Y	W	H	M	C	P
0	0.00910	0.06261	0.00982	0.00644	0.01026	0.00648	0.00525	0.01098	0.00892	0.01378	0.00755	0.00880	0.00632	0.00322	0.00316	0.00066	0.00328	0.00254	0.00251	0.81831
1	0.02361	0.40380	0.12184	0.00902	0.02432	0.11211	0.01981	0.03988	0.00924	0.01146	0.00746	0.00934	0.00651	0.00893	0.14581	0.00210	0.03433	0.00304	0.00207	0.00533
2	0.00901	0.05739	0.46162	0.01076	0.03486	0.02850	0.04219	0.01310	0.04447	0.04625	0.14559	0.01572	0.03123	0.00542	0.00435	0.00136	0.00517	0.03449	0.00272	0.00580
3	0.00961	0.02178	0.06504	0.05957	0.07501	0.00756	0.06681	0.05104	0.02167	0.02899	0.00901	0.01088	0.01918	0.00385	0.00371	0.00094	0.00411	0.01733	0.00261	0.52130
4	0.00525	0.00375	0.00500	0.00600	0.00625	0.00350	0.00400	0.00600	0.00825	0.01100	0.02374	0.84580	0.02849	0.01350	0.00550	0.00175	0.00250	0.01225	0.00400	0.00350
5	0.01022	0.17248	0.40780	0.03201	0.01554	0.03922	0.02400	0.02999	0.18551	0.02854	0.00974	0.01039	0.00731	0.00445	0.00393	0.00130	0.00536	0.00345	0.00251	0.00625
6	0.26222	0.01107	0.08493	0.00831	0.01164	0.05740	0.00733	0.24092	0.02490	0.22049	0.01047	0.01038	0.00727	0.00474	0.00378	0.00131	0.00433	0.00344	0.01878	0.00628
7	0.00813	0.00766	0.01292	0.83826	0.02967	0.00957	0.01196	0.01101	0.00861	0.01101	0.00766	0.01148	0.00574	0.00431	0.00431	0.00144	0.00574	0.00383	0.00191	0.00479
8	0.00585	0.00454	0.00535	0.00515	0.00636	0.00411	0.00386	0.00784	0.03854	0.01501	0.47834	0.05734	0.33274	0.00962	0.00507	0.00141	0.00215	0.00830	0.00443	0.00398
9	0.01244	0.01011	0.01071	0.00912	0.01186	0.01152	0.00724	0.26261	0.57142	0.02081	0.01534	0.01432	0.01137	0.00564	0.00436	0.00141	0.00382	0.00457	0.00436	0.00697
10	0.01089	0.04287	0.01734	0.04210	0.73648	0.04859	0.01274	0.01335	0.00985	0.01369	0.00795	0.01040	0.00669	0.00387	0.00419	0.00126	0.00523	0.00373	0.00212	0.00665
11	0.01009	0.01214	0.06433	0.01787	0.02232	0.01085	0.76771	0.01379	0.01011	0.01379	0.00867	0.01150	0.00648	0.00365	0.00504	0.00145	0.00722	0.00499	0.00216	0.00584
12	0.00748	0.00374	0.00561	0.00561	0.00561	0.00374	0.00374	0.00561	0.00561	0.00748	0.00748	0.01309	0.00748	0.01496	0.01684	0.87467	0.00374	0.00374	0.00187	0.00187
13	0.01011	0.01145	0.02479	0.04633	0.04269	0.01083	0.75924	0.01369	0.01011	0.01371	0.00866	0.01159	0.00652	0.00366	0.00504	0.00145	0.00716	0.00501	0.00217	0.00580
14	0.00979	0.32984	0.27396	0.00962	0.02470	0.02508	0.01007	0.02790	0.02143	0.01177	0.00805	0.01004	0.01815	0.02249	0.08807	0.00186	0.09639	0.00324	0.00203	0.00552
15	0.00509	0.00436	0.00436	0.00436	0.00582	0.00364	0.00327	0.00618	0.00982	0.01164	0.04364	0.04146	0.82000	0.01091	0.00509	0.00145	0.00218	0.00909	0.00400	0.00364
16	0.87904	0.00833	0.00633	0.00566	0.00833	0.00966	0.00467	0.01266	0.00733	0.01933	0.00600	0.00700	0.00467	0.00400	0.00267	0.00133	0.00333	0.00233	0.00267	0.00467
17	0.00626	0.00418	0.00470	0.00470	0.00470	0.00418	0.00261	0.00626	0.00626	0.00835	0.01357	0.02819	0.01566	0.84862	0.02192	0.00418	0.00418	0.00626	0.00261	0.00261
18	0.01017	0.01162	0.02542	0.01816	0.02251	0.01089	0.80610	0.01380	0.01017	0.01380	0.00871	0.01162	0.00654	0.00363	0.00508	0.00145	0.00726	0.00508	0.00218	0.00581
19	0.79861	0.00797	0.00615	0.00554	0.00810	0.00911	0.00454	0.01207	0.00756	0.01862	0.00946	0.01017	0.07970	0.00463	0.00289	0.00134	0.00323	0.00295	0.00279	0.00457
20	0.01086	0.73440	0.03702	0.00738	0.01077	0.01549	0.00722	0.01254	0.02966	0.01049	0.00796	0.08440	0.00784	0.00465	0.00308	0.00102	0.00442	0.00330	0.00211	0.00539
21	0.01144	0.77381	0.02210	0.00913	0.08566	0.01642	0.00791	0.01293	0.00885	0.01050	0.00618	0.00726	0.00565	0.00370	0.00290	0.00095	0.00465	0.00244	0.00187	0.00565
22	0.00893	0.00766	0.00893	0.00638	0.01021	0.00574	0.00510	0.01085	0.00893	0.01404	0.00766	0.00893	0.00638	0.00319	0.00319	0.00064	0.00319	0.00255	0.00255	0.87495
23	0.02594	0.01009	0.01606	0.03612	0.65601	0.01032	0.01201	0.05596	0.08437	0.03731	0.00929	0.01120	0.00748	0.00414	0.00425	0.00130	0.00488	0.00392	0.00255	0.00679
24	0.01124	0.00951	0.01003	0.00887	0.01140	0.01096	0.00694	0.09509	0.74092	0.01886	0.01687	0.01554	0.01261	0.00578	0.00438	0.00145	0.00353	0.00478	0.00438	0.00686

[dist]
# distance from previous block
# <min> <max>
0	2

[block]
# block no. 3 follows, 61 sequences, length 19
# corresponding to MSA columns:
# 250-268
name=unknown_D
#
# <colnr> <probs for GDERKNQSTAVLIFYWHMCP>
#	G	D	E	R	K	N	Q	S	T	A	V	L	I	F	Y	W	H	M	C	P
0	0.00795	0.00736	0.01226	0.76124	0.02752	0.00906	0.01123	0.01074	0.00894	0.01159	0.08274	0.01340	0.00897	0.00472	0.00438	0.00143	0.00540	0.00419	0.00218	0.00472
1	0.79854	0.00962	0.08217	0.00628	0.00928	0.00969	0.00571	0.01275	0.00749	0.01880	0.00616	0.00719	0.00474	0.00401	0.00280	0.00134	0.00361	0.00241	0.00259	0.00482
2	0.00699	0.00485	0.00682	0.00772	0.00862	0.00485	0.00665	0.00862	0.00952	0.01239	0.02139	0.04531	0.02319	0.01218	0.00696	0.08269	0.00395	0.71978	0.00377	0.00377
3	0.87904	0.00833	0.00633	0.00566	0.00833	0.00966	0.00467	0.01266	0.00733	0.01933	0.00600	0.00700	0.00467	0.00400	0.00267	0.00133	0.00333	0.00233	0.00267	0.00467
4	0.00569	0.00434	0.00530	0.00582	0.00669	0.00402	0.00432	0.00715	0.03122	0.01218	0.09148	0.37780	0.27853	0.01185	0.00538	0.00166	0.00262	0.13613	0.00406	0.00375
5	0.00525	0.00375	0.00500	0.00600	0.00625	0.00350	0.00400	0.00600	0.00825	0.01100	0.02374	0.84580	0.02849	0.01350	0.00550	0.00175	0.00250	0.01225	0.00400	0.00350
6	0.87904	0.00833	0.00633	0.00566	0.00833	0.00966	0.00467	0.01266	0.00733	0.01933	0.00600	0.00700	0.00467	0.00400	0.00267	0.00133	0.00333	0.00233	0.00267	0.00467
7	0.00525	0.00375	0.00500	0.00600	0.00625	0.00350	0.00400	0.00600	0.00825	0.01100	0.02374	0.84580	0.02849	0.01350	0.00550	0.00175	0.00250	0.01225	0.00400	0.00350
8	0.00945	0.17987	0.60746	0.01122	0.01666	0.01161	0.01373	0.03592	0.00922	0.01319	0.00736	0.00873	0.00553	0.00422	0.00436	0.00130	0.04905	0.00306	0.00190	0.00615
9	0.01609	0.02053	0.01221	0.01110	0.01332	0.83132	0.00832	0.01720	0.01221	0.01054	0.00666	0.00777	0.00555	0.00444	0.00388	0.00111	0.00777	0.00277	0.00222	0.00499
10	0.00525	0.00375	0.00500	0.00600	0.00625	0.00350	0.00400	0.00600	0.00825	0.01100	0.02374	0.84580	0.02849	0.01350	0.00550	0.00175	0.00250	0.01225	0.00400	0.00350
11	0.00550	0.00400	0.00526	0.00580	0.00635	0.00375	0.00404	0.00665	0.00929	0.01260	0.22955	0.54643	0.07666	0.01311	0.04800	0.00190	0.00283	0.01052	0.00410	0.00367
12	0.00667	0.00465	0.00635	0.00623	0.00678	0.00516	0.00449	0.00764	0.00684	0.03422	0.01231	0.02081	0.01244	0.33034	0.48997	0.00563	0.02827	0.00519	0.00250	0.00352
13	0.00622	0.00416	0.00471	0.00476	0.00477	0.00414	0.00268	0.00625	0.00636	0.00848	0.01405	0.06651	0.01626	0.80948	0.02115	0.00406	0.00410	0.00654	0.00268	0.00265
14	0.01864	0.00844	0.01068	0.00819	0.01155	0.00798	0.00677	0.20521	0.01419	0.63789	0.01544	0.01365	0.00988	0.00529	0.00433	0.00132	0.00392	0.00423	0.00509	0.00733
15	0.02746	0.05487	0.07115	0.16573	0.03187	0.02445	0.23509	0.22258	0.09299	0.01707	0.00953	0.01113	0.00709	0.00444	0.00440	0.00136	0.00564	0.00414	0.00288	0.00612
16	0.00949	0.04489	0.62340	0.01220	0.05228	0.04824	0.02712	0.01369	0.00936	0.04874	0.02172	0.01011	0.00663	0.00567	0.04680	0.00162	0.00642	0.00340	0.00209	0.00616
17	0.00629	0.00478	0.00705	0.00698	0.00767	0.00563	0.00540	0.00772	0.00687	0.00993	0.01141	0.01723	0.01083	0.07530	0.75545	0.00657	0.04408	0.00467	0.00231	0.00381
18	0.05088	0.01078	0.01280	0.06126	0.11341	0.13623	0.09853	0.05523	0.04320	0.01433	0.00812	0.00971	0.00652	0.00390	0.00397	0.00105	0.01801	0.00328	0.00253	0.34626

[dist]
# distance from previous block
# <min> <max>
0	1

[block]
# block no. 4 follows, 61 sequences, length 47
# corresponding to MSA columns:
# 270-316
name=unknown_E
#
# <colnr> <probs for GDERKNQSTAVLIFYWHMCP>
#	G	D	E	R	K	N	Q	S	T	A	V	L	I	F	Y	W	H	M	C	P
0	0.18498	0.09722	0.08129	0.02304	0.05552	0.09090	0.06365	0.22091	0.03088	0.05650	0.00849	0.00938	0.00641	0.00447	0.00404	0.00127	0.02634	0.00334	0.00297	0.02839
1	0.01339	0.00727	0.00904	0.00736	0.01008	0.00682	0.00592	0.04153	0.13195	0.37222	0.09592	0.03900	0.06054	0.00616	0.00461	0.00130	0.02522	0.02186	0.00446	0.13537
2	0.01870	0.00786	0.01028	0.00790	0.01120	0.00716	0.00652	0.11887	0.01332	0.70933	0.03195	0.01447	0.01084	0.00538	0.00434	0.00133	0.00377	0.00434	0.00519	0.00727
3	0.03249	0.00956	0.01506	0.19362	0.12117	0.01050	0.17650	0.10141	0.14813	0.03280	0.01063	0.03201	0.00850	0.00509	0.00521	0.00145	0.06575	0.02138	0.00287	0.00589
4	0.00938	0.00940	0.01407	0.03027	0.04857	0.01250	0.07065	0.01067	0.00707	0.01079	0.00627	0.00999	0.00598	0.00798	0.04490	0.00201	0.68879	0.00391	0.00194	0.00486
5	0.00647	0.00445	0.00578	0.00552	0.00656	0.00407	0.00411	0.00831	0.01167	0.04764	0.66957	0.11802	0.07295	0.00926	0.00510	0.00140	0.00215	0.00819	0.00465	0.00411
6	0.00536	0.00390	0.00522	0.00614	0.00639	0.00376	0.00415	0.00612	0.00820	0.01098	0.02325	0.82305	0.02787	0.01333	0.00573	0.00175	0.02531	0.01202	0.00394	0.00353
7	0.01303	0.00933	0.01122	0.00911	0.01171	0.00991	0.05794	0.47360	0.01564	0.07423	0.01429	0.23055	0.01316	0.00727	0.00464	0.00142	0.00417	0.00619	0.02647	0.00614
8	0.00948	0.00946	0.01339	0.01198	0.04745	0.01306	0.00959	0.01049	0.00674	0.01053	0.00576	0.00948	0.00571	0.00737	0.01370	0.00186	0.80347	0.00377	0.00190	0.00481
9	0.01652	0.01183	0.01278	0.00980	0.01324	0.01301	0.00810	0.76858	0.01986	0.06650	0.01067	0.01056	0.00749	0.00518	0.00431	0.00129	0.00469	0.00390	0.00436	0.00733
10	0.00874	0.00831	0.01213	0.04766	0.06107	0.05251	0.13327	0.01126	0.06640	0.02068	0.04113	0.16870	0.04473	0.00809	0.00703	0.00164	0.18532	0.11349	0.00302	0.00482
11	0.00942	0.00942	0.01319	0.01131	0.01131	0.01319	0.00942	0.01037	0.00660	0.01037	0.00565	0.00942	0.00565	0.00754	0.01414	0.00188	0.84073	0.00377	0.00188	0.00471
12	0.00929	0.00765	0.00897	0.00642	0.01024	0.00576	0.00515	0.01119	0.00905	0.04180	0.00798	0.00913	0.00653	0.00326	0.00323	0.00066	0.00321	0.00261	0.00265	0.84524
13	0.00971	0.00939	0.01428	0.16312	0.21353	0.03829	0.13258	0.01457	0.20039	0.01435	0.07750	0.01503	0.04201	0.00517	0.00481	0.00140	0.03037	0.00476	0.00291	0.00582
14	0.00745	0.00597	0.00870	0.02179	0.02409	0.02108	0.04159	0.00884	0.00740	0.03812	0.01160	0.06848	0.01127	0.10464	0.48683	0.00495	0.11550	0.00510	0.00248	0.00411
15	0.87904	0.00833	0.00633	0.00566	0.00833	0.00966	0.00467	0.01266	0.00733	0.01933	0.00600	0.00700	0.00467	0.00400	0.00267	0.00133	0.00333	0.00233	0.00267	0.00467
16	0.00616	0.00460	0.00685	0.00685	0.00759	0.00534	0.00529	0.00764	0.00690	0.00994	0.01161	0.01732	0.01094	0.06076	0.80333	0.00683	0.01128	0.00467	0.00232	0.00380
17	0.01409	0.01959	0.00911	0.00741	0.01000	0.00749	0.00589	0.03075	0.25433	0.38991	0.04421	0.01628	0.01256	0.05139	0.00516	0.00147	0.00342	0.00462	0.08880	0.02352
18	0.00624	0.00423	0.00498	0.00503	0.00513	0.00430	0.00302	0.00646	0.00646	0.00868	0.01380	0.04845	0.01566	0.72548	0.10580	0.00436	0.00490	0.02160	0.00264	0.00279
19	0.01933	0.00733	0.01000	0.00766	0.01100	0.00633	0.00633	0.02099	0.01233	0.82473	0.01699	0.01466	0.01066	0.00533	0.00433	0.00133	0.00367	0.00433	0.00533	0.00733
20	0.00518	0.00437	0.00449	0.00446	0.00587	0.00367	0.00334	0.00635	0.01003	0.01213	0.11165	0.04064	0.75168	0.01072	0.00509	0.00145	0.00217	0.00898	0.00407	0.00367
21	0.00610	0.00440	0.00576	0.00542	0.00644	0.00406	0.00406	0.00813	0.01219	0.01727	0.81947	0.03218	0.04064	0.00881	0.00508	0.00135	0.00203	0.00779	0.00474	0.00406
22	0.87904	0.00833	0.00633	0.00566	0.00833	0.00966	0.00467	0.01266	0.00733	0.01933	0.00600	0.00700	0.00467	0.00400	0.00267	0.00133	0.00333	0.00233	0.00267	0.00467
23	0.00509	0.00436	0.00436	0.00436	0.00582	0.00364	0.00327	0.00618	0.00982	0.01164	0.04364	0.04146	0.82000	0.01091	0.00509	0.00145	0.00218	0.00909	0.00400	0.00364
24	0.01609	0.02053	0.01221	0.01110	0.01332	0.83132	0.00832	0.01720	0.01221	0.01054	0.00666	0.00777	0.00555	0.00444	0.00388	0.00111	0.00777	0.00277	0.00222	0.00499
25	0.00522	0.00387	0.00487	0.00567	0.00616	0.00353	0.00385	0.00603	0.00856	0.01112	0.02768	0.68660	0.18516	0.01298	0.00542	0.00169	0.00244	0.01162	0.00400	0.00353
26	0.01071	0.00925	0.00974	0.00877	0.01120	0.01071	0.00682	0.02289	0.81396	0.01802	0.01753	0.01607	0.01315	0.00584	0.00438	0.00146	0.00341	0.00487	0.00438	0.00682
27	0.01548	0.01115	0.01258	0.00983	0.01276	0.01256	0.00813	0.61880	0.01750	0.09173	0.01032	0.01074	0.00747	0.00612	0.02476	0.00150	0.11371	0.00392	0.00403	0.00690
28	0.00666	0.00476	0.00662	0.00761	0.00848	0.00471	0.00645	0.00843	0.00964	0.01257	0.02296	0.18238	0.02541	0.01217	0.00587	0.00194	0.00372	0.66176	0.00397	0.00389
29	0.01858	0.00734	0.00987	0.00765	0.01088	0.00646	0.00629	0.02073	0.04808	0.76678	0.03885	0.01520	0.01159	0.00545	0.00435	0.00134	0.00361	0.00445	0.00527	0.00722
30	0.00617	0.00423	0.00617	0.00641	0.00690	0.00460	0.00469	0.00687	0.00700	0.00976	0.01387	0.22203	0.01466	0.04013	0.46378	0.16257	0.00774	0.00638	0.00265	0.00338
31	0.05043	0.02163	0.01248	0.21575	0.07517	0.06162	0.05017	0.03852	0.02541	0.01229	0.03452	0.01245	0.01846	0.02528	0.10506	0.00221	0.22724	0.00408	0.00230	0.00492
32	0.00539	0.00386	0.00512	0.00609	0.00641	0.00362	0.00418	0.00622	0.00836	0.01109	0.02379	0.75879	0.04057	0.02948	0.00584	0.00181	0.00263	0.06927	0.00397	0.00352
33	0.00552	0.00389	0.00510	0.00587	0.00623	0.00366	0.00399	0.00644	0.00862	0.01170	0.10699	0.66650	0.02847	0.06018	0.00634	0.00183	0.00258	0.03583	0.02672	0.00354
34	0.00982	0.00939	0.01606	0.21745	0.52730	0.00984	0.05620	0.01276	0.03494	0.01348	0.02937	0.02754	0.00803	0.00431	0.00437	0.00134	0.00520	0.00420	0.00226	0.00615
35	0.01234	0.58297	0.06609	0.00847	0.01217	0.05453	0.02456	0.12666	0.03927	0.02700	0.00739	0.00812	0.00616	0.00406	0.00325	0.00105	0.00487	0.00278	0.00237	0.00589
36	0.79800	0.04409	0.00744	0.00643	0.03415	0.00993	0.00508	0.01285	0.00757	0.03460	0.00628	0.00726	0.00489	0.00401	0.00275	0.00131	0.00345	0.00242	0.00267	0.00482
37	0.01428	0.11742	0.03289	0.00907	0.01217	0.01121	0.04102	0.32776	0.08674	0.18026	0.04282	0.01276	0.00975	0.03181	0.00508	0.00139	0.03573	0.00412	0.01720	0.00654
38	0.01880	0.00740	0.00994	0.00766	0.01090	0.00651	0.00630	0.04796	0.01249	0.77100	0.02742	0.01500	0.01104	0.02101	0.00467	0.00138	0.00369	0.00440	0.00524	0.00720
39	0.01041	0.01007	0.01744	0.09919	0.71348	0.01021	0.04972	0.01305	0.00972	0.01378	0.00809	0.01078	0.00671	0.00387	0.00431	0.00130	0.00527	0.00389	0.00211	0.00659
40	0.01107	0.00902	0.00964	0.00857	0.01101	0.01026	0.00669	0.05358	0.70310	0.05457	0.04614	0.01680	0.02818	0.00599	0.00442	0.00144	0.00340	0.00498	0.00443	0.00671
41	0.00848	0.00805	0.01133	0.00997	0.01019	0.01093	0.00819	0.00955	0.00674	0.01027	0.00810	0.01231	0.02606	0.02855	0.21101	0.00313	0.60650	0.00414	0.00205	0.00444
42	0.00605	0.00441	0.00524	0.00534	0.00611	0.00415	0.00386	0.00711	0.00908	0.01189	0.19292	0.03609	0.22912	0.30640	0.01119	0.00249	0.00317	0.14828	0.00366	0.00342
43	0.00618	0.00452	0.00646	0.00646	0.00707	0.00513	0.00481	0.00740	0.00679	0.00966	0.01196	0.01926	0.01178	0.20184	0.66340	0.00635	0.01001	0.00496	0.00237	0.00359
44	0.01609	0.02053	0.01221	0.01110	0.01332	0.83132	0.00832	0.01720	0.01221	0.01054	0.00666	0.00777	0.00555	0.00444	0.00388	0.00111	0.00777	0.00277	0.00222	0.00499
45	0.01234	0.02288	0.01033	0.00896	0.05237	0.00813	0.03633	0.18888	0.08164	0.20954	0.14597	0.08782	0.05637	0.02167	0.00509	0.00145	0.01794	0.02208	0.00427	0.00594
46	0.01264	0.00910	0.01055	0.03100	0.09458	0.03072	0.00715	0.31997	0.06156	0.08601	0.07962	0.03513	0.01167	0.00543	0.00413	0.00124	0.00393	0.00443	0.13771	0.05344

[dist]
# distance from previous block
# <min> <max>
1	7

[block]
# block no. 5 follows, 61 sequences, length 26
# corresponding to MSA columns:
# 324-327,329-350
name=unknown_F
#
# <colnr> <probs for GDERKNQSTAVLIFYWHMCP>
#	G	D	E	R	K	N	Q	S	T	A	V	L	I	F	Y	W	H	M	C	P
0	0.00881	0.00735	0.00828	0.00635	0.00950	0.02575	0.00497	0.03037	0.00923	0.01411	0.01000	0.10194	0.00921	0.00456	0.00348	0.00082	0.00317	0.00378	0.07396	0.66438
1	0.03180	0.01198	0.06152	0.00949	0.01249	0.08576	0.00796	0.34262	0.30810	0.02070	0.03494	0.01354	0.01044	0.00551	0.00431	0.00136	0.00451	0.02236	0.00396	0.00665
2	0.00576	0.00436	0.00522	0.00545	0.00652	0.00395	0.00410	0.00704	0.00969	0.02608	0.14875	0.21753	0.38686	0.01250	0.05637	0.00189	0.00301	0.08712	0.00402	0.00378
