[name]
unknown

[dist]
# distance from previous block
# <min> <max>
0	206

[block]
# block no. 0 follows, 56 sequences, length 43
# corresponding to MSA columns:
# 275-317
name=unknown_A
#
# <colnr> <probs for GDERKNQSTAVLIFYWHMCP>
#	G	D	E	R	K	N	Q	S	T	A	V	L	I	F	Y	W	H	M	C	P
0	0.05321	0.06554	0.53542	0.01160	0.01697	0.09432	0.01355	0.03596	0.01046	0.06092	0.02250	0.01134	0.00742	0.02014	0.00462	0.00146	0.00629	0.01943	0.00243	0.00641
1	0.01121	0.01243	0.13869	0.02301	0.57692	0.01045	0.01339	0.04930	0.01090	0.03700	0.03424	0.02918	0.00894	0.01869	0.00489	0.00144	0.00542	0.00436	0.00255	0.00700
2	0.07776	0.00456	0.00558	0.00631	0.00692	0.00443	0.00432	0.00727	0.00864	0.01254	0.02237	0.68092	0.02631	0.03925	0.02791	0.00201	0.00306	0.01130	0.02146	0.02707
3	0.01481	0.01148	0.02914	0.01016	0.01345	0.01212	0.02939	0.56530	0.05548	0.02470	0.01319	0.06943	0.01103	0.00656	0.00478	0.00145	0.00478	0.06915	0.00434	0.04926
4	0.01075	0.01018	0.01743	0.02437	0.64247	0.01004	0.06446	0.01344	0.01057	0.01521	0.06477	0.02986	0.01034	0.00467	0.00462	0.00137	0.00518	0.00462	0.02567	0.02999
5	0.02060	0.00781	0.01065	0.00817	0.01172	0.00675	0.00675	0.02237	0.01314	0.81320	0.01811	0.01563	0.01136	0.00568	0.00462	0.00142	0.00391	0.00462	0.00568	0.00781
6	0.02053	0.00792	0.01072	0.00822	0.01177	0.00690	0.00679	0.03802	0.01331	0.79731	0.01797	0.01553	0.01129	0.00568	0.00462	0.00142	0.00393	0.00461	0.00566	0.00781
7	0.00543	0.00465	0.00465	0.00465	0.00620	0.00388	0.00349	0.00659	0.01046	0.01240	0.04651	0.04418	0.80815	0.01163	0.00543	0.00155	0.00233	0.00969	0.00426	0.00388
8	0.00559	0.00400	0.00533	0.00639	0.00666	0.00373	0.00426	0.00639	0.00879	0.01172	0.02530	0.83566	0.03036	0.01438	0.00586	0.00186	0.00266	0.01305	0.00426	0.00373
9	0.01084	0.01238	0.02709	0.01935	0.02399	0.01161	0.79334	0.01471	0.01084	0.01471	0.00929	0.01238	0.00697	0.00387	0.00542	0.00155	0.00774	0.00542	0.00232	0.00619
10	0.01084	0.01238	0.02709	0.01935	0.02399	0.01161	0.79334	0.01471	0.01084	0.01471	0.00929	0.01238	0.00697	0.00387	0.00542	0.00155	0.00774	0.00542	0.00232	0.00619
11	0.01142	0.00986	0.01038	0.00934	0.01194	0.01142	0.00727	0.02440	0.80172	0.01920	0.01869	0.01713	0.01401	0.00623	0.00467	0.00156	0.00363	0.00519	0.00467	0.00727
12	0.01926	0.00806	0.01055	0.00817	0.01147	0.00732	0.00665	0.09759	0.01350	0.67638	0.01714	0.01623	0.01141	0.06704	0.00600	0.00164	0.00406	0.00472	0.00536	0.00744
13	0.00949	0.02179	0.67892	0.01417	0.02058	0.01083	0.15094	0.01457	0.00989	0.01457	0.00842	0.01016	0.00601	0.00428	0.00454	0.00147	0.00695	0.00374	0.00200	0.00668
14	0.00657	0.00486	0.00710	0.00710	0.00783	0.00559	0.00540	0.00802	0.00730	0.01045	0.01255	0.01942	0.01208	0.12726	0.72846	0.00704	0.01139	0.00512	0.00250	0.00395
15	0.00555	0.00466	0.00482	0.00478	0.00628	0.00393	0.00359	0.00683	0.01076	0.01310	0.13435	0.04304	0.71988	0.01137	0.00542	0.00154	0.00231	0.00953	0.00435	0.00393
16	0.00712	0.07441	0.00854	0.00716	0.00827	0.00660	0.00570	0.00880	0.00805	0.01152	0.07052	0.01831	0.01337	0.02877	0.65660	0.00613	0.01049	0.00494	0.04041	0.00427
17	0.01283	0.01501	0.15636	0.08205	0.01988	0.13504	0.29650	0.10965	0.02526	0.07639	0.02049	0.01173	0.00758	0.00460	0.00480	0.00144	0.00677	0.00440	0.00284	0.00638
18	0.00559	0.00400	0.00533	0.00639	0.00666	0.00373	0.00426	0.00639	0.00879	0.01172	0.02530	0.83566	0.03036	0.01438	0.00586	0.00186	0.00266	0.01305	0.00426	0.00373
19	0.00921	0.02375	0.81487	0.01309	0.01987	0.01066	0.01696	0.01454	0.00969	0.01454	0.00824	0.00969	0.00582	0.00436	0.00436	0.00145	0.00678	0.00339	0.00194	0.00678
20	0.01177	0.04035	0.02501	0.01792	0.02223	0.12539	0.65793	0.01518	0.01109	0.01409	0.00889	0.01165	0.00678	0.00399	0.00516	0.00148	0.00772	0.00498	0.00232	0.00606
21	0.03400	0.11563	0.55679	0.01343	0.01938	0.01169	0.15766	0.01445	0.00981	0.01431	0.00816	0.00985	0.00601	0.00422	0.00435	0.00142	0.00665	0.00363	0.00204	0.00652
22	0.01136	0.01091	0.01863	0.02818	0.81002	0.01091	0.01409	0.01409	0.01045	0.01500	0.00864	0.01136	0.00727	0.00409	0.00455	0.00136	0.00545	0.00409	0.00227	0.00727
23	0.01207	0.01042	0.01216	0.01032	0.01321	0.01176	0.07278	0.11250	0.64594	0.01995	0.01702	0.01603	0.01271	0.00595	0.00472	0.00154	0.00414	0.00509	0.00447	0.00724
24	0.01013	0.01023	0.01897	0.39868	0.02603	0.01130	0.31577	0.05778	0.01036	0.01382	0.00859	0.01204	0.00654	0.00465	0.00578	0.00157	0.07519	0.00460	0.00229	0.00567
25	0.00559	0.00400	0.00533	0.00639	0.00666	0.00373	0.00426	0.00639	0.00879	0.01172	0.02530	0.83566	0.03036	0.01438	0.00586	0.00186	0.00266	0.01305	0.00426	0.00373
26	0.00588	0.00420	0.00563	0.00658	0.00700	0.00396	0.00463	0.00694	0.00934	0.01251	0.09022	0.67857	0.03099	0.01377	0.00588	0.00186	0.00280	0.10108	0.00432	0.00384
27	0.01743	0.01243	0.01305	0.01021	0.01371	0.05732	0.00835	0.58673	0.07741	0.13742	0.01237	0.01197	0.00866	0.00555	0.00458	0.00139	0.00496	0.00421	0.00463	0.00763
28	0.01161	0.01327	0.02408	0.01765	0.02186	0.10493	0.63746	0.01593	0.07683	0.01468	0.00982	0.01230	0.00743	0.00417	0.00521	0.00151	0.00746	0.00511	0.00252	0.00618
29	0.01592	0.01990	0.01222	0.01113	0.01335	0.72605	0.00835	0.01722	0.01301	0.01206	0.09949	0.01128	0.01023	0.00527	0.00429	0.00121	0.00757	0.00357	0.00268	0.00521
30	0.01150	0.00771	0.00928	0.00764	0.00982	0.00808	0.07071	0.26397	0.01356	0.02052	0.01362	0.04623	0.01080	0.00563	0.00394	0.00124	0.00357	0.00466	0.48196	0.00556
31	0.01058	0.01178	0.08005	0.01583	0.01943	0.01100	0.48606	0.01376	0.00988	0.05281	0.00949	0.01264	0.00747	0.00816	0.10086	0.00228	0.13465	0.00496	0.00243	0.00589
32	0.00559	0.00400	0.00533	0.00639	0.00666	0.00373	0.00426	0.00639	0.00879	0.01172	0.02530	0.83566	0.03036	0.01438	0.00586	0.00186	0.00266	0.01305	0.00426	0.00373
33	0.01101	0.01071	0.01878	0.11972	0.65484	0.01088	0.07871	0.01387	0.01034	0.01460	0.00863	0.01155	0.00711	0.00413	0.00462	0.00140	0.00572	0.00420	0.00225	0.00693
34	0.00873	0.00996	0.10623	0.73361	0.03026	0.01025	0.01324	0.01205	0.00924	0.01205	0.00817	0.01195	0.00608	0.00456	0.00456	0.00152	0.00620	0.00400	0.00203	0.00529
35	0.00740	0.04674	0.01025	0.00878	0.01015	0.00604	0.14073	0.00904	0.02475	0.03729	0.02161	0.59861	0.03693	0.01158	0.00557	0.00174	0.00370	0.01074	0.00387	0.00446
36	0.00612	0.00460	0.00601	0.04615	0.00791	0.00433	0.00460	0.00769	0.01090	0.01478	0.37436	0.33226	0.14061	0.01131	0.00554	0.00162	0.00257	0.01005	0.00450	0.00408
37	0.13479	0.13308	0.05205	0.00975	0.01244	0.42247	0.00797	0.02601	0.01123	0.03871	0.00946	0.10387	0.00880	0.00569	0.00402	0.00129	0.00623	0.00408	0.00271	0.00535
38	0.01074	0.01207	0.08019	0.07937	0.11269	0.01091	0.45377	0.07859	0.01143	0.01564	0.03492	0.05792	0.00934	0.00487	0.00513	0.00152	0.00661	0.00542	0.00265	0.00622
39	0.01104	0.05203	0.01480	0.01200	0.01299	0.10641	0.06538	0.03654	0.00885	0.01210	0.00808	0.01338	0.00782	0.00746	0.01147	0.00182	0.54194	0.06835	0.00233	0.00520
40	0.08197	0.04915	0.57854	0.01257	0.01829	0.10439	0.06393	0.01487	0.00998	0.01455	0.00796	0.00944	0.00583	0.00435	0.00423	0.00141	0.00669	0.00336	0.00209	0.00640
41	0.54147	0.00875	0.00869	0.00729	0.01012	0.00960	0.04409	0.06720	0.00981	0.11278	0.01285	0.01323	0.09875	0.00547	0.00401	0.00146	0.03170	0.00388	0.00341	0.00544
42	0.40379	0.06703	0.10222	0.00940	0.01274	0.23200	0.05292	0.01541	0.02849	0.02823	0.00742	0.00856	0.00581	0.00443	0.00359	0.00134	0.00554	0.00298	0.00261	0.00550

[dist]
# distance from previous block
# <min> <max>
14	61

[block]
# block no. 1 follows, 56 sequences, length 9
# corresponding to MSA columns:
# 390-398
name=unknown_B
#
# <colnr> <probs for GDERKNQSTAVLIFYWHMCP>
#	G	D	E	R	K	N	Q	S	T	A	V	L	I	F	Y	W	H	M	C	P
0	0.00745	0.00732	0.04359	0.00626	0.00828	0.05375	0.00508	0.03176	0.06324	0.01459	0.17740	0.03407	0.46516	0.00950	0.00512	0.00145	0.00308	0.00792	0.00414	0.05084
1	0.01265	0.01060	0.05833	0.00850	0.01199	0.03564	0.00721	0.25007	0.09193	0.05648	0.03494	0.01250	0.00954	0.00490	0.00406	0.00114	0.00414	0.00385	0.09237	0.28915
2	0.01116	0.31185	0.45060	0.01097	0.01642	0.01369	0.01287	0.09657	0.01082	0.01474	0.00788	0.00901	0.00605	0.00433	0.00389	0.00128	0.00594	0.00314	0.00223	0.00658
3	0.01580	0.09498	0.01418	0.00989	0.01353	0.01374	0.00825	0.59085	0.08233	0.02520	0.01094	0.01103	0.00804	0.00524	0.00434	0.00130	0.00479	0.00394	0.00418	0.07744
4	0.14575	0.01031	0.01015	0.00875	0.01144	0.07605	0.00690	0.17317	0.25735	0.12730	0.03201	0.09562	0.01264	0.00647	0.00446	0.00148	0.00419	0.00516	0.00429	0.00652
5	0.01141	0.60220	0.17349	0.00875	0.01324	0.01553	0.00935	0.01368	0.00942	0.01193	0.00691	0.00802	0.00597	0.00396	0.00326	0.00104	0.00512	0.00266	0.00203	0.09203
6	0.01009	0.25963	0.58674	0.01158	0.01754	0.01283	0.01434	0.01431	0.00959	0.01346	0.00770	0.00902	0.00584	0.00424	0.00395	0.00132	0.00624	0.00312	0.00195	0.00653
7	0.45140	0.01028	0.00852	0.00746	0.01018	0.11279	0.00595	0.04130	0.10708	0.12047	0.01033	0.01068	0.00766	0.00487	0.00354	0.00138	0.00414	0.00335	0.07293	0.00570
8	0.00765	0.00478	0.00607	0.00612	0.00725	0.00429	0.00444	0.00900	0.01075	0.11274	0.23326	0.37290	0.18034	0.01147	0.00551	0.00164	0.00262	0.01012	0.00465	0.00442

[dist]
# distance from previous block
# <min> <max>
0	5

[block]
# block no. 2 follows, 56 sequences, length 10
# corresponding to MSA columns:
# 408-417
name=unknown_C
#
# <colnr> <probs for GDERKNQSTAVLIFYWHMCP>
#	G	D	E	R	K	N	Q	S	T	A	V	L	I	F	Y	W	H	M	C	P
0	0.01669	0.01126	0.01252	0.00967	0.01327	0.01190	0.00793	0.51545	0.08941	0.16334	0.01267	0.01223	0.00889	0.00540	0.00449	0.00133	0.00457	0.00418	0.00461	0.09017
1	0.00955	0.00788	0.00915	0.00705	0.01034	0.00672	0.00558	0.06024	0.08253	0.01692	0.17614	0.01547	0.01514	0.00503	0.00401	0.00096	0.00326	0.00420	0.00350	0.55634
2	0.01098	0.09446	0.57558	0.01170	0.01746	0.01097	0.01406	0.01630	0.08604	0.10471	0.01019	0.01087	0.00723	0.00465	0.00429	0.00142	0.00599	0.00362	0.00263	0.00687
3	0.01082	0.00924	0.01203	0.00883	0.01273	0.00800	0.09479	0.14327	0.01166	0.01713	0.00954	0.04736	0.00805	0.00430	0.00394	0.00095	0.00413	0.00373	0.00306	0.58643
4	0.00834	0.00630	0.00904	0.00782	0.00984	0.00569	0.08076	0.01073	0.03557	0.06536	0.29906	0.12542	0.07495	0.00875	0.00520	0.00148	0.00336	0.10134	0.00422	0.13677
5	0.04765	0.04372	0.04434	0.00945	0.01280	0.08231	0.00790	0.20671	0.22931	0.21864	0.01398	0.01322	0.00993	0.00546	0.00440	0.00139	0.00462	0.00424	0.00435	0.03560
6	0.00855	0.03918	0.00787	0.00664	0.00835	0.00538	0.03385	0.01014	0.01099	0.12675	0.21847	0.17646	0.23339	0.02466	0.01825	0.00167	0.00316	0.03189	0.00439	0.02996
7	0.00872	0.00630	0.00727	0.02310	0.00898	0.00619	0.00542	0.08091	0.10099	0.07466	0.11212	0.10297	0.33466	0.01002	0.00533	0.00161	0.00314	0.09811	0.00448	0.00500
8	0.07287	0.04235	0.01106	0.00871	0.01170	0.06862	0.02120	0.18105	0.20829	0.09648	0.01640	0.04589	0.08677	0.00615	0.00440	0.00136	0.00423	0.00490	0.00404	0.10352
9	0.05090	0.00905	0.00945	0.00819	0.01026	0.11030	0.03637	0.09793	0.09457	0.07530	0.32808	0.05327	0.02379	0.03808	0.00556	0.00154	0.00397	0.01670	0.00429	0.02241

[dist]
# distance from previous block
# <min> <max>
1	35

[block]
# block no. 3 follows, 56 sequences, length 30
# corresponding to MSA columns:
# 490-519
name=unknown_D
#
# <colnr> <probs for GDERKNQSTAVLIFYWHMCP>
#	G	D	E	R	K	N	Q	S	T	A	V	L	I	F	Y	W	H	M	C	P
0	0.01475	0.14163	0.09512	0.03909	0.01415	0.14844	0.03827	0.11868	0.06930	0.20012	0.06620	0.01305	0.01060	0.00528	0.00434	0.00133	0.00533	0.00412	0.00365	0.00655
1	0.01245	0.04480	0.07782	0.09207	0.24305	0.08958	0.03253	0.19180	0.01305	0.03094	0.02231	0.02853	0.06112	0.00530	0.00452	0.00136	0.00545	0.00446	0.00303	0.03583
2	0.01066	0.20516	0.51257	0.01127	0.01681	0.01247	0.01341	0.08119	0.04044	0.01519	0.00867	0.00980	0.00650	0.00446	0.00404	0.00133	0.00595	0.00334	0.03012	0.00661
3	0.03476	0.00642	0.00758	0.00720	0.00872	0.02124	0.00555	0.08682	0.05750	0.04276	0.19827	0.20690	0.03734	0.01236	0.09838	0.00223	0.00427	0.08019	0.03482	0.04670
4	0.07564	0.00775	0.02493	0.00721	0.00924	0.03858	0.00576	0.09960	0.07303	0.09732	0.19431	0.09819	0.16980	0.00840	0.00512	0.00150	0.02292	0.01864	0.03674	0.00531
5	0.01029	0.18640	0.59693	0.01211	0.01804	0.05627	0.03109	0.01459	0.00982	0.01362	0.00783	0.00921	0.00586	0.00428	0.00409	0.00135	0.00651	0.00322	0.00197	0.00651
6	0.00605	0.00433	0.00572	0.00665	0.00708	0.00413	0.00463	0.02538	0.00936	0.01249	0.04773	0.72719	0.02988	0.01388	0.00586	0.00186	0.00284	0.07676	0.00429	0.00388
7	0.00999	0.00963	0.01660	0.41486	0.36557	0.01070	0.05576	0.01289	0.00975	0.01328	0.00836	0.01180	0.00666	0.00444	0.00493	0.00147	0.03091	0.00416	0.00215	0.00609
8	0.00969	0.03000	0.03165	0.30832	0.08937	0.05320	0.02870	0.01223	0.02293	0.05571	0.12953	0.05362	0.04405	0.00660	0.00567	0.00154	0.07242	0.03645	0.00303	0.00531
9	0.01089	0.01218	0.02600	0.01869	0.02311	0.01158	0.73836	0.03489	0.01099	0.01493	0.00957	0.02846	0.00742	0.00422	0.00564	0.00156	0.02744	0.00550	0.00241	0.00616
10	0.00569	0.00407	0.00544	0.00650	0.00681	0.00381	0.00443	0.00656	0.00889	0.01183	0.02525	0.79297	0.03015	0.01429	0.00589	0.00188	0.00275	0.05478	0.00426	0.00376
11	0.00979	0.21205	0.59194	0.01153	0.01734	0.01212	0.01423	0.01400	0.00948	0.01344	0.00806	0.00987	0.00624	0.02615	0.02407	0.00156	0.00642	0.00330	0.00198	0.00641
12	0.00979	0.00887	0.01485	0.43700	0.13334	0.00997	0.10110	0.02754	0.05328	0.03806	0.05809	0.01455	0.02683	0.00511	0.00496	0.00150	0.02435	0.00469	0.02042	0.00568
13	0.00921	0.02375	0.81487	0.01309	0.01987	0.01066	0.01696	0.01454	0.00969	0.01454	0.00824	0.00969	0.00582	0.00436	0.00436	0.00145	0.00678	0.00339	0.00194	0.00678
14	0.00877	0.00826	0.01395	0.79765	0.06081	0.01023	0.01280	0.01182	0.00923	0.01185	0.00818	0.01221	0.00616	0.00457	0.00459	0.00152	0.00609	0.00408	0.00205	0.00518
15	0.06942	0.00998	0.01325	0.43786	0.04333	0.07717	0.02089	0.07119	0.01023	0.04838	0.00868	0.02930	0.00694	0.00540	0.00603	0.00155	0.12831	0.00411	0.00252	0.00546
16	0.00935	0.00644	0.00962	0.02553	0.01059	0.00643	0.08729	0.02879	0.03279	0.13565	0.02118	0.42913	0.05622	0.01065	0.00620	0.00175	0.06302	0.05032	0.00409	0.00496
17	0.00883	0.00832	0.01406	0.77975	0.07823	0.01024	0.01283	0.01187	0.00926	0.01193	0.00819	0.01219	0.00619	0.00456	0.00459	0.00152	0.00608	0.00408	0.00205	0.00523
18	0.00888	0.00625	0.00877	0.19658	0.01404	0.00660	0.00742	0.01176	0.07694	0.09914	0.08582	0.20067	0.06419	0.00955	0.00538	0.00172	0.00397	0.18337	0.00399	0.00495
19	0.00765	0.00698	0.01024	0.03060	0.01073	0.01871	0.09030	0.00913	0.00929	0.01257	0.07762	0.28781	0.13557	0.01042	0.00798	0.00179	0.20977	0.05491	0.00346	0.00447
20	0.00569	0.00409	0.00540	0.00631	0.00666	0.00385	0.00425	0.00656	0.00888	0.01187	0.05445	0.72700	0.05282	0.03976	0.03703	0.00213	0.00305	0.01227	0.00418	0.00374
21	0.00965	0.02292	0.76838	0.01305	0.01967	0.01054	0.03418	0.01482	0.00984	0.04300	0.00861	0.00997	0.00604	0.00440	0.00439	0.00145	0.00670	0.00348	0.00208	0.00681
22	0.01060	0.24317	0.39476	0.01554	0.22080	0.01277	0.01374	0.01421	0.00979	0.01364	0.00784	0.00949	0.00621	0.00417	0.00402	0.00130	0.00593	0.00332	0.00203	0.00667
23	0.01014	0.01323	0.14332	0.18554	0.02495	0.01118	0.51466	0.01407	0.01032	0.01407	0.00890	0.01195	0.00662	0.00409	0.00509	0.00153	0.00726	0.00484	0.00221	0.00606
24	0.00645	0.00494	0.00601	0.00658	0.00728	0.02890	0.00479	0.00777	0.01018	0.01349	0.20657	0.43502	0.07450	0.04189	0.00638	0.00186	0.00300	0.12611	0.00433	0.00397
25	0.00985	0.00992	0.01654	0.46125	0.13523	0.03985	0.13481	0.01267	0.00949	0.01255	0.00810	0.01173	0.00639	0.00483	0.00598	0.00156	0.10730	0.00424	0.00212	0.00557
26	0.01428	0.00966	0.02399	0.01132	0.01463	0.00941	0.18940	0.14350	0.10927	0.25892	0.02515	0.03638	0.01287	0.00648	0.00508	0.00157	0.00498	0.11207	0.00432	0.00674
27	0.00569	0.00431	0.00524	0.00584	0.00656	0.00393	0.00407	0.00666	0.00931	0.01196	0.04816	0.47693	0.27935	0.05306	0.03722	0.00209	0.00303	0.02870	0.00414	0.00377
28	0.00994	0.01892	0.49337	0.01685	0.13021	0.01095	0.22492	0.01452	0.01010	0.01465	0.00858	0.01065	0.00633	0.00419	0.00467	0.00147	0.00686	0.00403	0.00209	0.00669
29	0.03133	0.01011	0.01190	0.17159	0.01620	0.06150	0.02466	0.22816	0.11502	0.15269	0.01382	0.05863	0.01097	0.00620	0.00469	0.00149	0.00488	0.04694	0.02276	0.00647

[dist]
# distance from previous block
# <min> <max>
36	217

[block]
# block no. 4 follows, 56 sequences, length 6
# corresponding to MSA columns:
# 817-822
name=unknown_E
#
# <colnr> <probs for GDERKNQSTAVLIFYWHMCP>
#	G	D	E	R	K	N	Q	S	T	A	V	L	I	F	Y	W	H	M	C	P
0	0.01140	0.01059	0.10845	0.01105	0.09507	0.00816	0.06099	0.04073	0.07225	0.11998	0.04349	0.03338	0.01002	0.00473	0.00421	0.00115	0.00438	0.00410	0.00329	0.35260
1	0.01257	0.03095	0.01479	0.04522	0.09876	0.08141	0.16040	0.04568	0.03137	0.14593	0.06001	0.03571	0.01062	0.00494	0.00449	0.00126	0.00510	0.00451	0.00331	0.20298
2	0.03838	0.00699	0.01017	0.36012	0.01845	0.00770	0.00853	0.01048	0.01003	0.01399	0.17815	0.05451	0.05359	0.00690	0.00520	0.00148	0.03743	0.06364	0.00314	0.11112
3	0.00885	0.00699	0.08186	0.00734	0.00902	0.00555	0.00599	0.01118	0.06570	0.13971	0.06733	0.40850	0.06643	0.05517	0.03637	0.00203	0.00371	0.00917	0.00420	0.00492
4	0.01162	0.00866	0.01165	0.00883	0.01239	0.00770	0.09595	0.03969	0.12517	0.13932	0.08575	0.01424	0.01199	0.00484	0.00423	0.00111	0.00394	0.00424	0.00369	0.40500
5	0.01283	0.01187	0.08736	0.00993	0.01403	0.01050	0.06354	0.31935	0.07368	0.02069	0.01015	0.01090	0.00765	0.00456	0.00419	0.00115	0.00468	0.00371	0.00350	0.32570

[dist]
# distance from previous block
# <min> <max>
0	22

[block]
# block no. 5 follows, 56 sequences, length 11
# corresponding to MSA columns:
# 845-851,855-858
name=unknown_F
#
# <colnr> <probs for GDERKNQSTAVLIFYWHMCP>
#	G	D	E	R	K	N	Q	S	T	A	V	L	I	F	Y	W	H	M	C	P
0	0.00758	0.00635	0.01061	0.00900	0.01082	0.00582	0.18587	0.00948	0.01063	0.04711	0.19028	0.29949	0.16803	0.01005	0.00553	0.00163	0.00372	0.00933	0.00404	0.00462
1	0.00692	0.00559	0.00839	0.01141	0.19157	0.00538	0.00652	0.00816	0.00917	0.01247	0.02147	0.64593	0.02505	0.01201	0.00556	0.00175	0.00331	0.01099	0.00380	0.00454
2	0.00943	0.01916	0.55898	0.01226	0.01824	0.00973	0.08780	0.01388	0.00976	0.01465	0.00832	0.00991	0.00615	0.00410	0.00425	0.00129	0.00611	0.00343	0.00215	0.20039
3	0.01542	0.00892	0.01372	0.19769	0.20036	0.00891	0.02915	0.04985	0.01192	0.39695	0.01318	0.01361	0.00899	0.00502	0.00461	0.00143	0.00490	0.00437	0.00395	0.00704
4	0.01538	0.00851	0.01306	0.19725	0.19981	0.00841	0.00972	0.01767	0.01163	0.42595	0.03656	0.01442	0.01017	0.00518	0.00462	0.00143	0.00471	0.00448	0.00406	0.00698
5	0.00912	0.00739	0.00908	0.19173	0.01410	0.00782	0.00717	0.18944	0.01275	0.01619	0.02751	0.03011	0.36610	0.00874	0.00514	0.00156	0.00400	0.08315	0.00383	0.00509
6	0.01111	0.01136	0.01939	0.02205	0.42687	0.03468	0.19240	0.01367	0.00984	0.01394	0.00815	0.01121	0.00688	0.00495	0.00710	0.00155	0.19181	0.00435	0.00223	0.00646
7	0.01424	0.00692	0.00904	0.00738	0.01022	0.00584	0.00581	0.01586	0.01132	0.42564	0.04068	0.20355	0.01565	0.00728	0.00465	0.00136	0.00346	0.00624	0.00467	0.20020
8	0.00980	0.01573	0.37319	0.19531	0.01994	0.01080	0.01286	0.01711	0.26680	0.01542	0.01161	0.01268	0.00855	0.00502	0.00451	0.00150	0.00561	0.00413	0.00285	0.00656
9	0.01182	0.00808	0.01075	0.19604	0.01584	0.00720	0.00742	0.01403	0.01026	0.19398	0.01040	0.01152	0.00767	0.00419	0.00395	0.00104	0.00414	0.00346	0.00323	0.47496
10	0.01456	0.01251	0.01515	0.08500	0.38368	0.19620	0.01113	0.01674	0.01154	0.19363	0.01038	0.01168	0.00779	0.00464	0.00447	0.00135	0.00581	0.00395	0.00304	0.00677

[dist]
# distance from previous block
# <min> <max>
0	22

[block]
# block no. 6 follows, 56 sequences, length 9
# corresponding to MSA columns:
# 881-889
name=unknown_G
#
# <colnr> <probs for GDERKNQSTAVLIFYWHMCP>
#	G	D	E	R	K	N	Q	S	T	A	V	L	I	F	Y	W	H	M	C	P
0	0.00886	0.00568	0.00729	0.00626	0.00817	0.00495	0.00483	0.01095	0.01244	0.12276	0.57089	0.02772	0.03305	0.00790	0.00498	0.00131	0.00260	0.00689	0.00475	0.14771
1	0.15328	0.01894	0.51881	0.01265	0.07326	0.01109	0.01368	0.11732	0.01101	0.01748	0.00833	0.00962	0.00604	0.00448	0.00415	0.00143	0.00593	0.00339	0.00246	0.00665
2	0.00773	0.00695	0.00680	0.00639	0.00772	0.11196	0.00479	0.00960	0.01258	0.01647	0.57579	0.03250	0.16513	0.00914	0.00525	0.00143	0.00300	0.00783	0.00457	0.00439
3	0.00905	0.01911	0.57636	0.25560	0.02337	0.01052	0.01571	0.01370	0.00954	0.01370	0.00822	0.01045	0.00591	0.00443	0.00443	0.00148	0.00659	0.00360	0.00197	0.00628
4	0.00826	0.00738	0.01180	0.58738	0.02477	0.00864	0.01054	0.01105	0.00995	0.01320	0.14782	0.01843	0.01390	0.00587	0.00478	0.00151	0.00516	0.05411	0.00274	0.05271
5	0.00794	0.00472	0.00573	0.00580	0.00697	0.00428	0.00422	0.00932	0.01031	0.10907	0.11867	0.33358	0.19873	0.01066	0.00512	0.00156	0.00259	0.00929	0.14702	0.00441
6	0.07070	0.02412	0.01029	0.00789	0.01106	0.03724	0.03393	0.02886	0.05010	0.01480	0.00921	0.01124	0.00777	0.00903	0.13936	0.00200	0.03465	0.00337	0.00276	0.49160
7	0.01401	0.10524	0.16459	0.10811	0.01699	0.04262	0.01059	0.40648	0.05197	0.02112	0.00986	0.01070	0.00724	0.00502	0.00436	0.00137	0.00554	0.00381	0.00343	0.00697
8	0.03011	0.00910	0.06662	0.00856	0.05200	0.00712	0.00683	0.05012	0.04687	0.10850	0.01451	0.06649	0.08203	0.00547	0.00411	0.00110	0.00375	0.00453	0.00341	0.42878

[dist]
# distance from previous block
# <min> <max>
7	44

[block]
# block no. 7 follows, 56 sequences, length 26
# corresponding to MSA columns:
# 935-960
name=unknown_H
#
# <colnr> <probs for GDERKNQSTAVLIFYWHMCP>
#	G	D	E	R	K	N	Q	S	T	A	V	L	I	F	Y	W	H	M	C	P
0	0.01558	0.01563	0.01260	0.01098	0.02860	0.35739	0.00845	0.28204	0.08193	0.01847	0.03048	0.01123	0.00853	0.00544	0.00491	0.00133	0.05001	0.00383	0.04628	0.00628
1	0.01169	0.01049	0.01126	0.07877	0.01384	0.05194	0.00810	0.06301	0.59424	0.01808	0.01586	0.01542	0.01201	0.00611	0.00542	0.00156	0.06638	0.00484	0.00413	0.00685
2	0.01553	0.01173	0.01357	0.01057	0.01377	0.01304	0.04711	0.62205	0.01870	0.02540	0.01093	0.01182	0.00811	0.00775	0.06687	0.00186	0.04953	0.00426	0.04024	0.00715
3	0.00867	0.00816	0.01377	0.82762	0.03162	0.01020	0.01275	0.01173	0.00918	0.01173	0.00816	0.01224	0.00612	0.00459	0.00459	0.00153	0.00612	0.00408	0.00204	0.00510
4	0.01070	0.01196	0.02503	0.01806	0.02225	0.01156	0.68254	0.01421	0.01042	0.01438	0.00893	0.01203	0.00687	0.00423	0.00620	0.00155	0.08299	0.00516	0.00231	0.04861
5	0.01715	0.02188	0.01301	0.01183	0.01419	0.82022	0.00887	0.01833	0.01301	0.01124	0.00710	0.00828	0.00591	0.00473	0.00414	0.00118	0.00828	0.00296	0.00237	0.00532
6	0.00559	0.00400	0.00533	0.00639	0.00666	0.00373	0.00426	0.00639	0.00879	0.01172	0.02530	0.83566	0.03036	0.01438	0.00586	0.00186	0.00266	0.01305	0.00426	0.00373
7	0.00921	0.02375	0.81487	0.01309	0.01987	0.01066	0.01696	0.01454	0.00969	0.01454	0.00824	0.00969	0.00582	0.00436	0.00436	0.00145	0.00678	0.00339	0.00194	0.00678
8	0.01142	0.00986	0.01038	0.00934	0.01194	0.01142	0.00727	0.02440	0.80172	0.01920	0.01869	0.01713	0.01401	0.00623	0.00467	0.00156	0.00363	0.00519	0.00467	0.00727
9	0.00543	0.00465	0.00465	0.00465	0.00620	0.00388	0.00349	0.00659	0.01046	0.01240	0.04651	0.04418	0.80815	0.01163	0.00543	0.00155	0.00233	0.00969	0.00426	0.00388
10	0.00650	0.00469	0.00614	0.00578	0.00686	0.00433	0.00433	0.00866	0.01300	0.01841	0.80760	0.03429	0.04332	0.00939	0.00541	0.00144	0.00217	0.00830	0.00505	0.00433
11	0.00929	0.02314	0.77294	0.01342	0.02009	0.01071	0.05828	0.01455	0.00975	0.01455	0.00829	0.00984	0.00588	0.00434	0.00442	0.00146	0.00684	0.00350	0.00196	0.00675
12	0.02060	0.00781	0.01065	0.00817	0.01172	0.00675	0.00675	0.02237	0.01314	0.81320	0.01811	0.01563	0.01136	0.00568	0.00462	0.00142	0.00391	0.00462	0.00568	0.00781
13	0.00543	0.00465	0.00465	0.00465	0.00620	0.00388	0.00349	0.00659	0.01046	0.01240	0.04651	0.04418	0.80815	0.01163	0.00543	0.00155	0.00233	0.00969	0.00426	0.00388
14	0.00867	0.00816	0.01377	0.82762	0.03162	0.01020	0.01275	0.01173	0.00918	0.01173	0.00816	0.01224	0.00612	0.00459	0.00459	0.00153	0.00612	0.00408	0.00204	0.00510
15	0.01004	0.01004	0.01406	0.01205	0.01205	0.01406	0.01004	0.01105	0.00703	0.01105	0.00603	0.01004	0.00603	0.00804	0.01507	0.00201	0.83025	0.00402	0.00201	0.00502
16	0.00559	0.00400	0.00533	0.00639	0.00666	0.00373	0.00426	0.00639	0.00879	0.01172	0.02530	0.83566	0.03036	0.01438	0.00586	0.00186	0.00266	0.01305	0.00426	0.00373
17	0.00921	0.02375	0.81487	0.01309	0.01987	0.01066	0.01696	0.01454	0.00969	0.01454	0.00824	0.00969	0.00582	0.00436	0.00436	0.00145	0.00678	0.00339	0.00194	0.00678
18	0.87108	0.00888	0.00675	0.00604	0.00888	0.01030	0.00497	0.01350	0.00781	0.02060	0.00639	0.00746	0.00497	0.00426	0.00284	0.00142	0.00355	0.00249	0.00284	0.00497
19	0.01227	0.84142	0.02406	0.00786	0.01178	0.01817	0.00786	0.01375	0.00933	0.01080	0.00638	0.00736	0.00589	0.00393	0.00295	0.00098	0.00491	0.00245	0.00196	0.00589
20	0.01196	0.01019	0.01419	0.01181	0.01271	0.03014	0.04818	0.03784	0.00867	0.12504	0.00807	0.01094	0.00688	0.00735	0.01255	0.00187	0.62925	0.00415	0.00263	0.00557
21	0.00597	0.00421	0.00549	0.00638	0.00668	0.00402	0.00435	0.00677	0.00862	0.01146	0.02336	0.61487	0.02762	0.15421	0.00889	0.00233	0.00313	0.09401	0.00401	0.00362
22	0.00761	0.12282	0.00789	0.00556	0.00626	0.00663	0.00369	0.00834	0.03732	0.00966	0.01440	0.02676	0.03777	0.66551	0.01926	0.00377	0.00442	0.00611	0.00278	0.00342
23	0.15906	0.05394	0.01220	0.09676	0.01438	0.04225	0.00807	0.32651	0.04356	0.14115	0.01155	0.01319	0.00866	0.00550	0.00429	0.00142	0.00476	0.04213	0.00395	0.00665
24	0.03810	0.53742	0.18466	0.00863	0.01272	0.01455	0.00919	0.01316	0.00967	0.01262	0.08100	0.04174	0.01021	0.00493	0.00357	0.00117	0.00492	0.00359	0.00236	0.00582
25	0.11913	0.05551	0.45158	0.01025	0.01509	0.00998	0.01179	0.05860	0.02384	0.03258	0.07546	0.01385	0.04323	0.03680	0.00496	0.00153	0.00535	0.00411	0.00273	0.02364

[dist]
# distance from previous block
# <min> <max>
1	49

[block]
# block no. 8 follows, 56 sequences, length 9
# corresponding to MSA columns:
# 1012-1020
name=unknown_I
#
# <colnr> <probs for GDERKNQSTAVLIFYWHMCP>
#	G	D	E	R	K	N	Q	S	T	A	V	L	I	F	Y	W	H	M	C	P
0	0.01091	0.34880	0.26557	0.00943	0.01420	0.05313	0.01016	0.01370	0.00967	0.01297	0.00742	0.00864	0.00608	0.00398	0.00355	0.00107	0.00530	0.00283	0.00216	0.21042
1	0.01200	0.00788	0.04914	0.02681	0.01083	0.00720	0.00669	0.01674	0.19968	0.25178	0.25625	0.04295	0.04080	0.00751	0.00499	0.00151	0.00346	0.04278	0.00485	0.00616
2	0.00952	0.00816	0.00952	0.00680	0.01088	0.00612	0.00544	0.01156	0.00952	0.01496	0.00816	0.00952	0.00680	0.00340	0.00340	0.00068	0.00340	0.00272	0.00272	0.86672
3	0.00581	0.00416	0.00552	0.00625	0.00671	0.00387	0.00428	0.00693	0.00979	0.01331	0.21094	0.64549	0.03344	0.01320	0.00575	0.00176	0.00255	0.01192	0.00445	0.00387
4	0.02060	0.00781	0.01065	0.00817	0.01172	0.00675	0.00675	0.02237	0.01314	0.81320	0.01811	0.01563	0.01136	0.00568	0.00462	0.00142	0.00391	0.00462	0.00568	0.00781
5	0.00653	0.00498	0.00632	0.00649	0.00766	0.00430	0.00454	0.00762	0.00896	0.01249	0.02124	0.63962	0.02477	0.01178	0.00528	0.00158	0.00284	0.01060	0.00390	0.20852
6	0.01004	0.00847	0.00918	0.00864	0.01069	0.00959	0.00655	0.02012	0.61356	0.01743	0.02026	0.21137	0.01789	0.00816	0.00495	0.00163	0.00340	0.00706	0.00457	0.00643
7	0.01252	0.01302	0.01212	0.01232	0.13414	0.24894	0.00835	0.01749	0.23368	0.01502	0.01141	0.01297	0.00929	0.00500	0.00425	0.00123	0.00525	0.02932	0.00315	0.21054
8	0.02951	0.01060	0.01475	0.05140	0.34855	0.03685	0.02685	0.04824	0.22844	0.04443	0.02838	0.01333	0.00979	0.00531	0.00556	0.00149	0.08207	0.00445	0.00319	0.00682

[dist]
# distance from previous block
# <min> <max>
4	130

[block]
# block no. 9 follows, 56 sequences, length 12
# corresponding to MSA columns:
# 1207-1218
name=unknown_J
#
# <colnr> <probs for GDERKNQSTAVLIFYWHMCP>
#	G	D	E	R	K	N	Q	S	T	A	V	L	I	F	Y	W	H	M	C	P
0	0.01059	0.01159	0.02366	0.01699	0.02133	0.01082	0.63073	0.01403	0.01046	0.01459	0.00896	0.01181	0.00690	0.00397	0.00551	0.00143	0.04284	0.00492	0.00237	0.14650
1	0.01157	0.01018	0.01747	0.01295	0.01644	0.00995	0.36764	0.15495	0.01252	0.03943	0.04754	0.01372	0.00969	0.00480	0.00496	0.00136	0.02829	0.00482	0.14883	0.08286
2	0.00867	0.00816	0.01377	0.82762	0.03162	0.01020	0.01275	0.01173	0.00918	0.01173	0.00816	0.01224	0.00612	0.00459	0.00459	0.00153	0.00612	0.00408	0.00204	0.00510
3	0.00952	0.00816	0.00952	0.00680	0.01088	0.00612	0.00544	0.01156	0.00952	0.01496	0.00816	0.00952	0.00680	0.00340	0.00340	0.00068	0.00340	0.00272	0.00272	0.86672
4	0.87108	0.00888	0.00675	0.00604	0.00888	0.01030	0.00497	0.01350	0.00781	0.02060	0.00639	0.00746	0.00497	0.00426	0.00284	0.00142	0.00355	0.00249	0.00284	0.00497
5	0.00650	0.00469	0.00614	0.00578	0.00686	0.00433	0.00433	0.00866	0.01300	0.01841	0.80760	0.03429	0.04332	0.00939	0.00541	0.00144	0.00217	0.00830	0.00505	0.00433
6	0.00543	0.00465	0.00465	0.00465	0.00620	0.00388	0.00349	0.00659	0.01046	0.01240	0.04651	0.04418	0.80815	0.01163	0.00543	0.00155	0.00233	0.00969	0.00426	0.00388
7	0.00650	0.00469	0.00614	0.00578	0.00686	0.00433	0.00433	0.00866	0.01300	0.01841	0.80760	0.03429	0.04332	0.00939	0.00541	0.00144	0.00217	0.00830	0.00505	0.00433
8	0.04502	0.00541	0.00695	0.00621	0.00780	0.00500	0.00478	0.01127	0.01280	0.15795	0.63567	0.02990	0.03611	0.00852	0.00517	0.00144	0.00253	0.00741	0.00507	0.00497
9	0.01136	0.01091	0.01863	0.02818	0.81002	0.01091	0.01409	0.01409	0.01045	0.01500	0.00864	0.01136	0.00727	0.00409	0.00455	0.00136	0.00545	0.00409	0.00227	0.00727
10	0.01042	0.01103	0.01977	0.01568	0.04798	0.01261	0.35156	0.01278	0.00890	0.01293	0.00762	0.01110	0.00651	0.00591	0.01007	0.00174	0.41232	0.00459	0.00218	0.03431
11	0.01467	0.01070	0.01160	0.00961	0.01222	0.05636	0.00768	0.39369	0.07591	0.12103	0.01443	0.15889	0.01250	0.00732	0.00563	0.00152	0.06942	0.00579	0.00435	0.00668

[dist]
# distance from previous block
# <min> <max>
0	81

# created by:
# /st0/software/busco_prod/Augustus/scripts/msa2prfl.pl ./align_prep/75748.fa
