[name]
unknown

[dist]
# distance from previous block
# <min> <max>
0	127

[block]
# block no. 0 follows, 62 sequences, length 35
# corresponding to MSA columns:
# 144-162,184-199
name=unknown_A
#
# <colnr> <probs for GDERKNQSTAVLIFYWHMCP>
#	G	D	E	R	K	N	Q	S	T	A	V	L	I	F	Y	W	H	M	C	P
0	0.03203	0.00558	0.00711	0.02424	0.05655	0.03966	0.01799	0.00824	0.02784	0.01182	0.17615	0.13948	0.06703	0.03440	0.03416	0.24620	0.00367	0.04544	0.00311	0.01930
1	0.07571	0.13583	0.16213	0.07479	0.07567	0.08245	0.05407	0.08949	0.05332	0.04429	0.03308	0.01166	0.04543	0.00463	0.00389	0.00124	0.00499	0.00369	0.00266	0.04098
2	0.00825	0.03387	0.04238	0.00939	0.09458	0.06883	0.05276	0.02352	0.02951	0.01083	0.03915	0.03198	0.01226	0.35285	0.13176	0.00327	0.04308	0.00509	0.00251	0.00414
3	0.01933	0.00460	0.00571	0.00571	0.00668	0.00428	0.00409	0.02735	0.00950	0.09675	0.16550	0.32643	0.15481	0.08983	0.00716	0.04252	0.00275	0.01911	0.00398	0.00393
4	0.01837	0.00841	0.02482	0.03124	0.47791	0.00825	0.03424	0.02879	0.02006	0.02320	0.06550	0.10190	0.03149	0.02548	0.02800	0.03235	0.00461	0.02704	0.00268	0.00564
5	0.06439	0.05495	0.01274	0.05963	0.09389	0.02208	0.03979	0.38415	0.03189	0.06591	0.01029	0.03826	0.00814	0.02439	0.05326	0.00167	0.00502	0.00407	0.00343	0.02206
6	0.00591	0.00460	0.00543	0.00602	0.00654	0.02927	0.00412	0.00724	0.04611	0.01122	0.05600	0.59066	0.07795	0.08040	0.04561	0.00209	0.00318	0.01025	0.00376	0.00363
7	0.00629	0.00423	0.00519	0.00541	0.00626	0.00384	0.00383	0.00736	0.00929	0.06105	0.16091	0.36701	0.21879	0.08336	0.00655	0.00176	0.00254	0.02004	0.02254	0.00375
8	0.00752	0.00567	0.00647	0.00634	0.00729	0.00605	0.00447	0.03542	0.22724	0.01290	0.06564	0.20316	0.01879	0.29135	0.03403	0.00255	0.00359	0.02884	0.02846	0.00424
9	0.01195	0.58881	0.07191	0.00830	0.01182	0.12433	0.00795	0.05045	0.06816	0.01162	0.00714	0.00789	0.00609	0.00399	0.00315	0.00102	0.00500	0.00265	0.00216	0.00562
10	0.00961	0.00829	0.00915	0.00682	0.01028	0.04788	0.00544	0.02915	0.03132	0.03656	0.03129	0.00981	0.00753	0.00367	0.00363	0.00076	0.02721	0.00285	0.00271	0.71601
11	0.01284	0.03339	0.04565	0.13701	0.23386	0.07614	0.02600	0.10189	0.02402	0.19145	0.01062	0.01171	0.02297	0.00473	0.00470	0.00132	0.04855	0.00389	0.00304	0.00622
12	0.03501	0.00929	0.01339	0.10993	0.24623	0.08050	0.08739	0.01272	0.03370	0.07733	0.00944	0.01239	0.00780	0.03362	0.15692	0.00243	0.05997	0.00405	0.00246	0.00544
13	0.00543	0.00400	0.00507	0.00581	0.00629	0.00377	0.00398	0.00660	0.03375	0.01127	0.04715	0.66266	0.11587	0.04210	0.00592	0.00177	0.00254	0.02853	0.00393	0.00357
14	0.07180	0.05041	0.00964	0.03738	0.02288	0.00801	0.00589	0.14206	0.06641	0.06101	0.02384	0.05559	0.02010	0.07280	0.03440	0.00151	0.00394	0.00405	0.00315	0.30512
15	0.00669	0.00516	0.00623	0.00603	0.02181	0.00471	0.00424	0.04503	0.00928	0.01266	0.12787	0.22714	0.16604	0.13655	0.05453	0.00206	0.00337	0.00749	0.00349	0.14962
16	0.00674	0.00522	0.00619	0.00576	0.00716	0.00498	0.00438	0.02556	0.09994	0.01540	0.43251	0.04561	0.18275	0.04356	0.00556	0.00148	0.00249	0.04378	0.00423	0.05671
17	0.09089	0.00842	0.00977	0.00821	0.03598	0.00865	0.00643	0.24100	0.08183	0.31490	0.04290	0.01340	0.01030	0.00519	0.00401	0.00128	0.00367	0.00410	0.10260	0.00646
18	0.03045	0.00507	0.00622	0.04318	0.03659	0.00507	0.00452	0.05204	0.02216	0.01374	0.19179	0.12204	0.13813	0.09201	0.00735	0.08568	0.00293	0.00662	0.13051	0.00389
19	0.01957	0.00462	0.00581	0.00594	0.00677	0.00443	0.00422	0.03018	0.00930	0.08700	0.13378	0.45679	0.08267	0.08335	0.00669	0.00179	0.02057	0.00930	0.02327	0.00397
20	0.00540	0.00399	0.00476	0.00520	0.00576	0.00366	0.00349	0.00616	0.00841	0.01090	0.07828	0.41472	0.23677	0.18224	0.00859	0.00211	0.00269	0.00979	0.00372	0.00335
21	0.00541	0.00402	0.00493	0.00537	0.00602	0.00367	0.00373	0.00641	0.00905	0.01190	0.16602	0.42794	0.21653	0.08540	0.00670	0.00181	0.00249	0.02512	0.00396	0.00352
22	0.01747	0.00455	0.00541	0.00550	0.00656	0.00421	0.00400	0.02064	0.03515	0.05128	0.19576	0.33094	0.25691	0.01052	0.00502	0.00150	0.00240	0.00919	0.02902	0.00398
23	0.07078	0.00566	0.00703	0.00623	0.00804	0.00527	0.00477	0.01304	0.02020	0.33669	0.07013	0.16639	0.05614	0.09387	0.00644	0.02029	0.00315	0.02803	0.07280	0.00505
24	0.00862	0.04765	0.80354	0.01198	0.01818	0.01010	0.01546	0.01345	0.00897	0.01337	0.00758	0.00892	0.00539	0.00403	0.00400	0.00133	0.00623	0.00312	0.00180	0.00626
25	0.00677	0.00447	0.00541	0.00546	0.00653	0.00403	0.00395	0.00806	0.02262	0.09004	0.15737	0.30428	0.28251	0.06102	0.00609	0.00167	0.00254	0.01909	0.00412	0.00396
26	0.00652	0.00446	0.00532	0.00509	0.00622	0.00400	0.00371	0.00786	0.01029	0.06741	0.35501	0.08272	0.29938	0.11470	0.00708	0.00174	0.00246	0.00798	0.00417	0.00387
27	0.00533	0.00395	0.00487	0.00541	0.00607	0.00358	0.00377	0.00637	0.00910	0.01203	0.14328	0.51884	0.21732	0.01186	0.00522	0.00159	0.00232	0.01053	0.02500	0.00358
28	0.05951	0.01902	0.01182	0.01060	0.01291	0.72802	0.00803	0.07845	0.01243	0.01213	0.00683	0.00783	0.00557	0.00442	0.00381	0.00112	0.00722	0.00280	0.00238	0.00510
29	0.00634	0.00457	0.00531	0.00518	0.00641	0.00411	0.00384	0.00801	0.03663	0.05588	0.27170	0.12342	0.38437	0.04742	0.00576	0.00156	0.00237	0.01897	0.00419	0.00396
30	0.00640	0.00442	0.00542	0.00563	0.00623	0.01422	0.00388	0.00723	0.00819	0.04556	0.08602	0.30282	0.10427	0.25241	0.10366	0.00291	0.00403	0.02974	0.00346	0.00350
31	0.00553	0.00433	0.00501	0.00484	0.00606	0.00381	0.00363	0.00708	0.01088	0.01431	0.43633	0.03632	0.42721	0.00973	0.00502	0.00139	0.00208	0.00833	0.00432	0.00381
32	0.00538	0.00432	0.00479	0.00467	0.00596	0.00374	0.00351	0.00678	0.01052	0.01344	0.31505	0.03775	0.54904	0.01005	0.00503	0.00140	0.00210	0.00853	0.00421	0.00374
33	0.02506	0.01596	0.33358	0.02603	0.04008	0.13194	0.19452	0.01308	0.00934	0.01255	0.00868	0.03774	0.02218	0.00499	0.00552	0.02215	0.08499	0.00400	0.00208	0.00552
34	0.01091	0.01150	0.01276	0.30337	0.14430	0.22734	0.01910	0.03784	0.06919	0.01227	0.00868	0.03431	0.00717	0.00526	0.01874	0.00143	0.05199	0.00385	0.01475	0.00526

[dist]
# distance from previous block
# <min> <max>
0	7

[block]
# block no. 1 follows, 62 sequences, length 18
# corresponding to MSA columns:
# 207-224
name=unknown_B
#
# <colnr> <probs for GDERKNQSTAVLIFYWHMCP>
#	G	D	E	R	K	N	Q	S	T	A	V	L	I	F	Y	W	H	M	C	P
0	0.00600	0.00441	0.00569	0.02667	0.00679	0.00413	0.00406	0.00783	0.01140	0.01589	0.68592	0.03178	0.10281	0.06089	0.00603	0.00152	0.00225	0.00761	0.00442	0.00391
1	0.01017	0.00963	0.01189	0.08960	0.24466	0.08994	0.00835	0.06169	0.01012	0.01392	0.00996	0.01151	0.05688	0.00415	0.00381	0.00102	0.00441	0.00350	0.00251	0.35228
2	0.00641	0.05711	0.00780	0.00687	0.00780	0.00603	0.00544	0.00792	0.00695	0.00989	0.01106	0.01610	0.01032	0.03016	0.78214	0.00647	0.01097	0.00442	0.00225	0.00390
3	0.01058	0.00914	0.00962	0.00866	0.01106	0.01058	0.00673	0.02261	0.81623	0.01780	0.01732	0.01588	0.01299	0.00577	0.00433	0.00144	0.00337	0.00481	0.00433	0.00673
4	0.00853	0.02201	0.82841	0.01213	0.01842	0.00988	0.01572	0.01348	0.00898	0.01348	0.00764	0.00898	0.00539	0.00404	0.00404	0.00135	0.00629	0.00314	0.00180	0.00629
5	0.00503	0.00431	0.00431	0.00431	0.00575	0.00359	0.00323	0.00611	0.00970	0.01149	0.04310	0.04095	0.82219	0.01078	0.00503	0.00144	0.00216	0.00898	0.00395	0.00359
6	0.01138	0.85302	0.02230	0.00728	0.01092	0.01684	0.00728	0.01274	0.00865	0.01001	0.00592	0.00683	0.00546	0.00364	0.00273	0.00091	0.00455	0.00228	0.00182	0.00546
7	0.00739	0.00370	0.00554	0.00554	0.00554	0.00370	0.00370	0.00554	0.00554	0.00739	0.00739	0.01293	0.00739	0.01478	0.01663	0.87620	0.00370	0.00370	0.00185	0.00185
8	0.00853	0.00881	0.06053	0.08672	0.37864	0.03584	0.00943	0.01077	0.00992	0.01341	0.14049	0.01994	0.17010	0.02287	0.00482	0.00138	0.00422	0.00537	0.00284	0.00536
9	0.01858	0.00735	0.00986	0.00764	0.01087	0.00651	0.00628	0.02085	0.06014	0.77860	0.01682	0.01457	0.01068	0.00530	0.00428	0.00132	0.00361	0.00431	0.00521	0.00721
10	0.00608	0.00456	0.00684	0.00684	0.00760	0.00532	0.00532	0.00760	0.00684	0.00988	0.01140	0.01672	0.01064	0.03191	0.83360	0.00684	0.01140	0.00456	0.00228	0.00380
11	0.00686	0.00490	0.00686	0.00784	0.00882	0.00490	0.00686	0.00882	0.00980	0.01273	0.02253	0.04800	0.02449	0.01175	0.00588	0.00196	0.00392	0.79528	0.00392	0.00392
12	0.01004	0.01148	0.02511	0.01793	0.02224	0.01076	0.80846	0.01363	0.01004	0.01363	0.00861	0.01148	0.00646	0.00359	0.00502	0.00143	0.00717	0.00502	0.00215	0.00574
13	0.00870	0.02083	0.73808	0.01278	0.01885	0.00998	0.10487	0.01349	0.00910	0.01349	0.00775	0.00926	0.00551	0.00399	0.00415	0.00136	0.00639	0.00336	0.00184	0.00623
14	0.00653	0.00425	0.00523	0.00498	0.00599	0.00400	0.00374	0.00853	0.01122	0.01674	0.60717	0.02756	0.03238	0.00771	0.00448	0.00125	0.00200	0.00670	0.23555	0.00400
15	0.03863	0.02104	0.77294	0.01175	0.01782	0.00975	0.01502	0.01369	0.00903	0.04093	0.00788	0.00910	0.00554	0.00408	0.00400	0.00135	0.00610	0.00315	0.00194	0.00626
16	0.83486	0.00887	0.00656	0.00588	0.00849	0.05305	0.00480	0.01274	0.00750	0.01863	0.00596	0.00695	0.00465	0.00397	0.00270	0.00130	0.00352	0.00233	0.00261	0.00463
17	0.00610	0.00419	0.00493	0.00483	0.00516	0.00408	0.00301	0.00671	0.00797	0.01087	0.24506	0.02938	0.04749	0.58417	0.01639	0.00325	0.00346	0.00670	0.00322	0.00302

[dist]
# distance from previous block
# <min> <max>
0	1

[block]
# block no. 2 follows, 62 sequences, length 249
# corresponding to MSA columns:
# 226-367,369-475
name=unknown_C
#
# <colnr> <probs for GDERKNQSTAVLIFYWHMCP>
#	G	D	E	R	K	N	Q	S	T	A	V	L	I	F	Y	W	H	M	C	P
0	0.00548	0.00388	0.00506	0.00580	0.00627	0.00358	0.00398	0.00639	0.00870	0.02349	0.09388	0.68365	0.09433	0.01257	0.00535	0.00167	0.00245	0.02584	0.00403	0.00358
1	0.01590	0.02015	0.01207	0.01094	0.01315	0.82066	0.00822	0.02929	0.01218	0.01067	0.00663	0.00771	0.00551	0.00440	0.00384	0.00110	0.00763	0.00276	0.00222	0.00497
2	0.88052	0.00823	0.00625	0.00560	0.00823	0.00955	0.00461	0.01251	0.00724	0.01909	0.00592	0.00691	0.00461	0.00395	0.00263	0.00132	0.00329	0.00230	0.00263	0.00461
3	0.01058	0.00914	0.00962	0.00866	0.01106	0.01058	0.00673	0.02261	0.81623	0.01780	0.01732	0.01588	0.01299	0.00577	0.00433	0.00144	0.00337	0.00481	0.00433	0.00673
4	0.00676	0.00495	0.00613	0.00636	0.00700	0.00520	0.00447	0.02560	0.12868	0.01145	0.01781	0.38052	0.01950	0.16561	0.08550	0.07113	0.01456	0.03155	0.00342	0.00380
5	0.01196	0.74581	0.02098	0.00775	0.01121	0.12196	0.00740	0.01329	0.00909	0.01006	0.00600	0.00693	0.00546	0.00374	0.00287	0.00093	0.00495	0.00234	0.00187	0.00539
6	0.00608	0.00456	0.00684	0.00684	0.00760	0.00532	0.00532	0.00760	0.00684	0.00988	0.01140	0.01672	0.01064	0.03191	0.83360	0.00684	0.01140	0.00456	0.00228	0.00380
7	0.07132	0.01069	0.01232	0.02516	0.05395	0.02804	0.04022	0.47668	0.07869	0.12430	0.01105	0.01116	0.00788	0.00553	0.02223	0.00142	0.00470	0.00390	0.00396	0.00677
8	0.00889	0.01051	0.12181	0.02802	0.28152	0.02144	0.20442	0.01160	0.00918	0.01280	0.01094	0.13403	0.01030	0.00825	0.09105	0.00198	0.00604	0.01926	0.00239	0.00555
9	0.00518	0.00371	0.00492	0.00589	0.00616	0.00346	0.00394	0.00593	0.00818	0.01087	0.02384	0.83174	0.04384	0.01328	0.00542	0.00172	0.00246	0.01203	0.00395	0.00346
10	0.00965	0.00952	0.03375	0.29812	0.54026	0.00989	0.01270	0.01234	0.00928	0.01288	0.00785	0.01077	0.00635	0.00395	0.00422	0.00132	0.00529	0.00377	0.00203	0.00606
11	0.88052	0.00823	0.00625	0.00560	0.00823	0.00955	0.00461	0.01251	0.00724	0.01909	0.00592	0.00691	0.00461	0.00395	0.00263	0.00132	0.00329	0.00230	0.00263	0.00461
12	0.01138	0.85302	0.02230	0.00728	0.01092	0.01684	0.00728	0.01274	0.00865	0.01001	0.00592	0.00683	0.00546	0.00364	0.00273	0.00091	0.00455	0.00228	0.00182	0.00546
13	0.01058	0.00914	0.00962	0.00866	0.01106	0.01058	0.00673	0.02261	0.81623	0.01780	0.01732	0.01588	0.01299	0.00577	0.00433	0.00144	0.00337	0.00481	0.00433	0.00673
14	0.88052	0.00823	0.00625	0.00560	0.00823	0.00955	0.00461	0.01251	0.00724	0.01909	0.00592	0.00691	0.00461	0.00395	0.00263	0.00132	0.00329	0.00230	0.00263	0.00461
15	0.00882	0.00756	0.00882	0.00630	0.01008	0.00567	0.00504	0.01071	0.00882	0.01387	0.00756	0.00882	0.00630	0.00315	0.00315	0.00063	0.00315	0.00252	0.00252	0.87647
16	0.00525	0.00371	0.00492	0.00588	0.00614	0.00347	0.00393	0.00601	0.00816	0.01097	0.02324	0.82925	0.02776	0.01315	0.00538	0.00171	0.00246	0.01192	0.02324	0.00347
17	0.00602	0.00435	0.00569	0.00535	0.00636	0.00401	0.00401	0.00803	0.01204	0.01706	0.82167	0.03178	0.04015	0.00870	0.00502	0.00134	0.00201	0.00770	0.00468	0.00401
18	0.00608	0.00456	0.00684	0.00684	0.00760	0.00532	0.00532	0.00760	0.00684	0.00988	0.01140	0.01672	0.01064	0.03191	0.83360	0.00684	0.01140	0.00456	0.00228	0.00380
19	0.00882	0.00756	0.00882	0.00630	0.01008	0.00567	0.00504	0.01071	0.00882	0.01387	0.00756	0.00882	0.00630	0.00315	0.00315	0.00063	0.00315	0.00252	0.00252	0.87647
20	0.06528	0.00739	0.00974	0.00751	0.01077	0.00657	0.00620	0.03578	0.01207	0.76779	0.01607	0.01399	0.01015	0.00519	0.00419	0.00132	0.00362	0.00416	0.00511	0.00710
21	0.78096	0.00805	0.00657	0.00577	0.00841	0.00912	0.00473	0.01317	0.00769	0.09614	0.00711	0.00805	0.00539	0.02069	0.00316	0.00137	0.00334	0.00257	0.00288	0.00482
22	0.00619	0.00413	0.00464	0.00464	0.00464	0.00413	0.00258	0.00619	0.00619	0.00825	0.01341	0.02785	0.01547	0.85046	0.02166	0.00413	0.00413	0.00619	0.00258	0.00258
23	0.00593	0.00431	0.00558	0.00534	0.00632	0.00396	0.00398	0.00782	0.01172	0.01646	0.74172	0.07797	0.07481	0.00905	0.00504	0.00136	0.00204	0.00800	0.00461	0.00396
24	0.00614	0.00452	0.00678	0.00678	0.00750	0.00524	0.00524	0.00750	0.00678	0.00976	0.01120	0.01653	0.01048	0.03108	0.79380	0.04919	0.01102	0.00452	0.00226	0.00370
25	0.00571	0.00437	0.00478	0.00470	0.00600	0.00377	0.00348	0.00691	0.00997	0.03861	0.17663	0.08052	0.58412	0.04447	0.00570	0.00154	0.00227	0.00865	0.00407	0.00374
26	0.00612	0.00438	0.00593	0.00593	0.00637	0.00482	0.00418	0.00701	0.00657	0.00920	0.01223	0.02134	0.01264	0.37188	0.49638	0.00571	0.00838	0.00524	0.00240	0.00329
27	0.03079	0.01097	0.01180	0.00940	0.01250	0.01218	0.00771	0.61445	0.14828	0.03834	0.01201	0.01300	0.00902	0.00552	0.00432	0.00134	0.00439	0.04280	0.00424	0.00694
28	0.06498	0.00566	0.00694	0.00635	0.00814	0.00527	0.00496	0.03937	0.01050	0.26140	0.10162	0.18321	0.16346	0.03335	0.00527	0.00156	0.00304	0.08571	0.00431	0.00491
29	0.00533	0.00376	0.00489	0.00574	0.00595	0.00355	0.00375	0.00596	0.00786	0.01049	0.02201	0.72970	0.02632	0.13381	0.00777	0.00207	0.00271	0.01125	0.00375	0.00333
30	0.00619	0.00472	0.00704	0.00698	0.00772	0.00558	0.00545	0.00769	0.00683	0.00989	0.01120	0.01647	0.01047	0.03110	0.80635	0.00667	0.03903	0.00453	0.00227	0.00383
31	0.00636	0.00446	0.00615	0.00611	0.00666	0.00493	0.00441	0.00737	0.00672	0.02445	0.01218	0.02043	0.01227	0.30776	0.54414	0.00582	0.00880	0.00510	0.00244	0.00345
32	0.00577	0.00421	0.00506	0.00527	0.00624	0.00375	0.00382	0.00698	0.00979	0.03741	0.21555	0.31389	0.33063	0.01102	0.00516	0.00152	0.00230	0.02371	0.00416	0.00376
33	0.01058	0.00914	0.00962	0.00866	0.01106	0.01058	0.00673	0.02261	0.81623	0.01780	0.01732	0.01588	0.01299	0.00577	0.00433	0.00144	0.00337	0.00481	0.00433	0.00673
34	0.08373	0.11469	0.07179	0.00949	0.01275	0.18002	0.02251	0.36722	0.01443	0.04346	0.00932	0.02325	0.01934	0.00481	0.00389	0.00122	0.00522	0.00350	0.00322	0.00613
35	0.00930	0.00902	0.01516	0.14711	0.06470	0.01068	0.19436	0.02488	0.00820	0.02799	0.00781	0.01169	0.00680	0.04607	0.06603	0.00208	0.33680	0.00422	0.00212	0.00498
36	0.88052	0.00823	0.00625	0.00560	0.00823	0.00955	0.00461	0.01251	0.00724	0.01909	0.00592	0.00691	0.00461	0.00395	0.00263	0.00132	0.00329	0.00230	0.00263	0.00461
37	0.01045	0.01139	0.14865	0.10225	0.12810	0.02129	0.12543	0.07628	0.16279	0.06256	0.06060	0.02598	0.01040	0.00504	0.00456	0.00139	0.01710	0.01666	0.00302	0.00606
38	0.01472	0.10533	0.02371	0.01129	0.04311	0.65954	0.03088	0.01601	0.01136	0.01062	0.00670	0.00799	0.00564	0.00475	0.01748	0.00120	0.01962	0.00284	0.00214	0.00507
39	0.00518	0.00431	0.00453	0.00449	0.00585	0.00365	0.00336	0.00639	0.01003	0.01233	0.16027	0.05160	0.69237	0.01050	0.00503	0.00143	0.00214	0.00883	0.00406	0.00365
40	0.00867	0.00820	0.01380	0.47937	0.23009	0.00944	0.04276	0.01143	0.02510	0.01182	0.00854	0.03828	0.00709	0.00596	0.04665	0.00168	0.03963	0.00416	0.00209	0.00523
41	0.00603	0.00452	0.00560	0.02030	0.00702	0.00438	0.00428	0.03742	0.04486	0.01253	0.11826	0.50796	0.14015	0.04152	0.00580	0.00170	0.00264	0.02720	0.00398	0.00383
42	0.08041	0.00731	0.00962	0.00743	0.01067	0.00649	0.00614	0.02015	0.01183	0.76937	0.01601	0.01394	0.01011	0.00517	0.00416	0.00132	0.00360	0.00414	0.00508	0.00705
43	0.01004	0.01148	0.02511	0.01793	0.02224	0.01076	0.80846	0.01363	0.01004	0.01363	0.00861	0.01148	0.00646	0.00359	0.00502	0.00143	0.00717	0.00502	0.00215	0.00574
44	0.00608	0.00455	0.00680	0.00680	0.00754	0.00530	0.00526	0.00757	0.00683	0.00985	0.01144	0.01693	0.01073	0.04798	0.81766	0.00679	0.01125	0.00459	0.00229	0.00378
45	0.00566	0.00434	0.00472	0.00472	0.00594	0.00379	0.00348	0.00678	0.00960	0.02901	0.12323	0.08008	0.56392	0.08599	0.00652	0.00169	0.00242	0.03541	0.01905	0.00363
46	0.00618	0.00416	0.00483	0.00483	0.00490	0.00423	0.00282	0.00631	0.00625	0.00839	0.01323	0.02686	0.01504	0.77816	0.09337	0.00436	0.00477	0.00604	0.00255	0.00269
47	0.05074	0.00572	0.00725	0.00641	0.00837	0.00524	0.00504	0.02595	0.01077	0.34089	0.13925	0.16005	0.11700	0.00853	0.01958	0.00153	0.00312	0.04814	0.03118	0.00524
48	0.23577	0.00589	0.00631	0.00584	0.00745	0.00603	0.00442	0.02791	0.03573	0.11260	0.21719	0.15230	0.06016	0.08263	0.00578	0.00164	0.00291	0.00627	0.01871	0.00447
49	0.00532	0.00399	0.00473	0.00520	0.00583	0.00362	0.00353	0.00612	0.00855	0.01099	0.06705	0.43272	0.28027	0.13270	0.00762	0.00196	0.00258	0.01004	0.00379	0.00340
50	0.00623	0.00478	0.00712	0.00704	0.00776	0.00567	0.00550	0.00772	0.00682	0.00989	0.01113	0.01638	0.01041	0.03079	0.79591	0.00661	0.04962	0.00452	0.00226	0.00384
51	0.00639	0.00441	0.00534	0.00567	0.00656	0.01393	0.00405	0.00743	0.00923	0.07077	0.09428	0.47014	0.23756	0.01185	0.01873	0.00167	0.00266	0.02142	0.00406	0.00384
52	0.02263	0.00439	0.00539	0.00550	0.00652	0.00399	0.00400	0.00778	0.00982	0.07266	0.23360	0.33113	0.22891	0.02307	0.00533	0.00156	0.00242	0.02317	0.00419	0.00393
53	0.00852	0.00857	0.01471	0.01175	0.01415	0.04653	0.35675	0.01186	0.10091	0.01298	0.03260	0.28610	0.01574	0.02520	0.00540	0.00159	0.00495	0.03369	0.00311	0.00491
54	0.00620	0.00465	0.00580	0.00644	0.00713	0.00463	0.00462	0.02545	0.10018	0.01221	0.02331	0.61507	0.06331	0.01201	0.00531	0.00170	0.00275	0.09127	0.00400	0.00396
55	0.00755	0.00522	0.00675	0.00643	0.00755	0.00534	0.01935	0.04082	0.06224	0.04523	0.13115	0.08862	0.11760	0.05893	0.13849	0.09562	0.01903	0.07885	0.06118	0.00404
56	0.00566	0.00417	0.00575	0.00628	0.00677	0.00394	0.03182	0.02112	0.00845	0.01134	0.03509	0.72349	0.04347	0.04854	0.00604	0.00179	0.00272	0.01117	0.01880	0.00359
57	0.00632	0.00466	0.00598	0.00564	0.00673	0.00447	0.00427	0.00894	0.06195	0.01688	0.73900	0.03083	0.03755	0.00904	0.02137	0.00147	0.00232	0.02380	0.00460	0.00418
58	0.00603	0.00435	0.00571	0.00577	0.00604	0.00437	0.02919	0.00651	0.00702	0.00945	0.01639	0.30551	0.01900	0.47119	0.06452	0.00334	0.02151	0.00801	0.00300	0.00310
59	0.00865	0.04107	0.03098	0.66924	0.10129	0.03945	0.01157	0.01137	0.00883	0.01127	0.02251	0.01129	0.00639	0.00427	0.00419	0.00137	0.00559	0.00375	0.00197	0.00497
60	0.00508	0.00419	0.00446	0.00464	0.00584	0.00357	0.00339	0.00611	0.00945	0.01149	0.05515	0.19543	0.65408	0.01122	0.00511	0.00149	0.00221	0.00955	0.00397	0.00357
61	0.00616	0.00466	0.00688	0.00684	0.00753	0.00546	0.00527	0.00757	0.00682	0.00983	0.01156	0.03348	0.01107	0.07220	0.75124	0.00645	0.03613	0.00476	0.00231	0.00376
62	0.02311	0.00825	0.04669	0.12054	0.05658	0.03457	0.01908	0.09310	0.03451	0.21230	0.01860	0.03484	0.17118	0.00684	0.01678	0.00146	0.01854	0.03598	0.04155	0.00552
63	0.00989	0.00938	0.01592	0.15411	0.65156	0.00968	0.01244	0.01241	0.00947	0.01331	0.00878	0.03053	0.00766	0.00435	0.00430	0.00132	0.00506	0.03140	0.00218	0.00625
64	0.01301	0.01015	0.01084	0.00906	0.01188	0.01146	0.00724	0.32617	0.48400	0.04653	0.01456	0.01365	0.01069	0.00550	0.00430	0.00138	0.00388	0.00442	0.00433	0.00694
65	0.02262	0.00863	0.01459	0.26647	0.41477	0.00913	0.05423	0.01214	0.00928	0.04485	0.00946	0.06744	0.00811	0.00466	0.00429	0.00134	0.00499	0.00442	0.03284	0.00575
66	0.01053	0.01011	0.01727	0.02612	0.82392	0.01011	0.01306	0.01306	0.00969	0.01390	0.00800	0.01053	0.00674	0.00379	0.00421	0.00126	0.00505	0.00379	0.00211	0.00674
67	0.00605	0.00434	0.00554	0.00532	0.00635	0.00396	0.00396	0.00785	0.01149	0.02854	0.66260	0.09495	0.12467	0.00923	0.00504	0.00138	0.00208	0.00812	0.00456	0.00398
68	0.00882	0.00756	0.00882	0.00630	0.01008	0.00567	0.00504	0.01071	0.00882	0.01387	0.00756	0.00882	0.00630	0.00315	0.00315	0.00063	0.00315	0.00252	0.00252	0.87647
69	0.04706	0.00757	0.00878	0.00635	0.01005	0.00587	0.00510	0.01140	0.00896	0.06341	0.00805	0.00908	0.00649	0.00331	0.00320	0.00070	0.00319	0.00262	0.00269	0.78612
70	0.00615	0.00462	0.00681	0.00678	0.00748	0.00539	0.00522	0.00756	0.00679	0.00978	0.01142	0.01729	0.01085	0.08374	0.76640	0.00657	0.02649	0.00465	0.00229	0.00374
71	0.00828	0.00482	0.00626	0.00562	0.00701	0.00438	0.00430	0.01015	0.01173	0.15463	0.60445	0.02853	0.06672	0.02458	0.00514	0.00138	0.00233	0.00699	0.03817	0.00452
72	0.00526	0.00380	0.00500	0.00591	0.00627	0.00354	0.00404	0.00610	0.00837	0.01108	0.03818	0.75583	0.07074	0.01305	0.00542	0.00172	0.00251	0.04574	0.00396	0.00349
73	0.00598	0.00439	0.00502	0.00490	0.00614	0.00384	0.00363	0.00729	0.01025	0.04783	0.26963	0.10269	0.46340	0.03907	0.00560	0.00152	0.00227	0.00856	0.00418	0.00383
74	0.00519	0.00398	0.00468	0.00519	0.00592	0.00356	0.00359	0.00605	0.00874	0.01110	0.04650	0.46269	0.34752	0.05718	0.00613	0.00173	0.00242	0.01044	0.00389	0.00347
75	0.01088	0.00813	0.00940	0.00826	0.01046	0.02457	0.03081	0.20811	0.20474	0.07444	0.06719	0.06203	0.08341	0.00755	0.00474	0.00148	0.00376	0.15534	0.01902	0.00566
76	0.00927	0.00567	0.00612	0.00558	0.00718	0.00578	0.00426	0.04367	0.16439	0.09798	0.03205	0.02069	0.14623	0.06170	0.00502	0.00141	0.00269	0.00519	0.37031	0.00480
77	0.00708	0.00435	0.00493	0.00501	0.00566	0.00429	0.00338	0.03158	0.01838	0.03038	0.03349	0.22163	0.04914	0.27970	0.00979	0.00222	0.00293	0.00693	0.27555	0.00359
78	0.01094	0.00932	0.00982	0.00873	0.01120	0.01075	0.00682	0.07230	0.76597	0.01837	0.01687	0.01552	0.01263	0.00573	0.00433	0.00143	0.00345	0.00475	0.00433	0.00677
79	0.01572	0.01169	0.01252	0.00970	0.01302	0.01298	0.00798	0.74610	0.08437	0.02609	0.01079	0.01067	0.00770	0.00516	0.00426	0.00129	0.00458	0.00391	0.00426	0.00720
80	0.00612	0.00462	0.00691	0.00689	0.00763	0.00541	0.00536	0.00761	0.00686	0.00990	0.01155	0.03384	0.01091	0.03110	0.80216	0.00665	0.02566	0.00470	0.00231	0.00381
81	0.00804	0.00756	0.01276	0.84023	0.02931	0.00945	0.01182	0.01087	0.00851	0.01087	0.00756	0.01134	0.00567	0.00425	0.00425	0.00142	0.00567	0.00378	0.00189	0.00473
82	0.00517	0.00432	0.00451	0.00448	0.00586	0.00366	0.00337	0.00637	0.00998	0.01217	0.13420	0.03997	0.71936	0.01055	0.00504	0.00143	0.00216	0.01971	0.00404	0.00365
83	0.00931	0.00931	0.01303	0.01117	0.01117	0.01303	0.00931	0.01024	0.00652	0.01024	0.00559	0.00931	0.00559	0.00745	0.01396	0.00186	0.84267	0.00372	0.00186	0.00465
84	0.01618	0.01192	0.01277	0.00979	0.01320	0.01320	0.00809	0.80973	0.02001	0.02682	0.01022	0.01022	0.00724	0.00511	0.00426	0.00128	0.00468	0.00383	0.00426	0.00724
85	0.00506	0.00429	0.00436	0.00440	0.00578	0.00360	0.00328	0.00614	0.00969	0.01159	0.05930	0.07180	0.77461	0.01083	0.00504	0.00145	0.00216	0.00907	0.00397	0.00360
86	0.00622	0.00438	0.00563	0.00560	0.00590	0.00474	0.00376	0.00685	0.00648	0.00901	0.01250	0.02307	0.01337	0.50860	0.33522	0.00510	0.02153	0.00549	0.01345	0.00310
87	0.00682	0.00493	0.00621	0.00587	0.00707	0.00474	0.00453	0.03707	0.05182	0.03008	0.61456	0.04955	0.07689	0.00884	0.00503	0.00141	0.00237	0.07340	0.00454	0.00427
88	0.00518	0.00370	0.00494	0.00592	0.00617	0.00346	0.00395	0.00592	0.00815	0.01086	0.02345	0.84768	0.02814	0.01333	0.00543	0.00173	0.00247	0.01210	0.00395	0.00346
89	0.00804	0.00756	0.01276	0.84023	0.02931	0.00945	0.01182	0.01087	0.00851	0.01087	0.00756	0.01134	0.00567	0.00425	0.00425	0.00142	0.00567	0.00378	0.00189	0.00473
90	0.00531	0.00379	0.00508	0.00607	0.00637	0.00356	0.00417	0.00614	0.00827	0.01100	0.02338	0.78740	0.02787	0.01321	0.00546	0.00175	0.00258	0.07114	0.00395	0.00349
91	0.00619	0.00413	0.00464	0.00464	0.00464	0.00413	0.00258	0.00619	0.00619	0.00825	0.01341	0.02785	0.01547	0.85046	0.02166	0.00413	0.00413	0.00619	0.00258	0.00258
92	0.01589	0.02028	0.01206	0.01096	0.01315	0.83338	0.00822	0.01699	0.01206	0.01041	0.00658	0.00767	0.00548	0.00438	0.00384	0.00110	0.00767	0.00274	0.00219	0.00493
93	0.01138	0.85302	0.02230	0.00728	0.01092	0.01684	0.00728	0.01274	0.00865	0.01001	0.00592	0.00683	0.00546	0.00364	0.00273	0.00091	0.00455	0.00228	0.00182	0.00546
94	0.00921	0.00773	0.00895	0.00645	0.01016	0.00605	0.00517	0.05409	0.00943	0.01461	0.00782	0.00903	0.00644	0.00329	0.00321	0.00067	0.00321	0.00262	0.01867	0.81319
95	0.00577	0.00435	0.00500	0.00484	0.00599	0.00385	0.00355	0.00713	0.01034	0.02782	0.34906	0.05168	0.41196	0.08218	0.00645	0.00163	0.00230	0.00821	0.00415	0.00373
96	0.01903	0.00734	0.00993	0.00762	0.01091	0.00639	0.00629	0.03676	0.01234	0.81062	0.01665	0.01440	0.01047	0.00526	0.00428	0.00132	0.00364	0.00427	0.00525	0.00724
97	0.00620	0.00457	0.00594	0.00622	0.00729	0.00431	0.00508	0.00802	0.01067	0.01423	0.34417	0.04029	0.17342	0.01036	0.00538	0.00162	0.00284	0.34127	0.00423	0.00390
98	0.00578	0.00427	0.00517	0.00553	0.00632	0.00398	0.00390	0.00724	0.04211	0.02333	0.14287	0.41223	0.22705	0.06506	0.00626	0.00174	0.00251	0.02694	0.00400	0.00371
99	0.00558	0.00388	0.00481	0.00539	0.00556	0.00372	0.00340	0.00603	0.00740	0.00984	0.01982	0.50989	0.03678	0.34405	0.01184	0.00267	0.00312	0.00971	0.00341	0.00311
100	0.00548	0.00383	0.00487	0.00556	0.00575	0.00365	0.00357	0.00604	0.00768	0.01025	0.03538	0.60590	0.02486	0.24478	0.00991	0.00238	0.00292	0.01038	0.00358	0.00322
101	0.00610	0.00448	0.00644	0.00644	0.00706	0.00510	0.00482	0.00734	0.00672	0.00958	0.01176	0.01875	0.01152	0.18163	0.68509	0.00634	0.01007	0.00486	0.00233	0.00358
102	0.02736	0.00603	0.00784	0.00668	0.00890	0.00540	0.00525	0.02445	0.02575	0.45551	0.10786	0.18191	0.10307	0.00778	0.00464	0.00141	0.00307	0.00665	0.00473	0.00571
103	0.01711	0.01041	0.01184	0.00908	0.01244	0.01096	0.00750	0.55569	0.01749	0.28442	0.01233	0.01159	0.00830	0.00516	0.00426	0.00129	0.00434	0.00398	0.00458	0.00724
104	0.00526	0.00388	0.00489	0.00555	0.00608	0.00355	0.00380	0.00616	0.00875	0.01150	0.10156	0.60799	0.17278	0.03000	0.00566	0.00169	0.00240	0.01100	0.00399	0.00351
105	0.01502	0.01882	0.01165	0.01060	0.01268	0.74655	0.00798	0.01637	0.02908	0.01068	0.02079	0.00904	0.01834	0.00548	0.02934	0.00130	0.02603	0.00303	0.00230	0.00490
106	0.00950	0.00492	0.00645	0.00628	0.00745	0.00458	0.00459	0.02056	0.00923	0.23376	0.01925	0.39674	0.01981	0.11735	0.03368	0.00205	0.00335	0.04571	0.05025	0.00449
107	0.00613	0.00413	0.00477	0.00485	0.00491	0.00414	0.00283	0.00626	0.00640	0.00855	0.01414	0.07922	0.01627	0.75672	0.04620	0.00402	0.00425	0.02085	0.00268	0.00270
108	0.00536	0.00394	0.00504	0.00580	0.00632	0.00364	0.00408	0.00631	0.00868	0.01137	0.06347	0.60136	0.15057	0.02626	0.00565	0.00172	0.00255	0.08037	0.00396	0.00353
109	0.01163	0.51781	0.12490	0.02740	0.05541	0.07291	0.00893	0.09754	0.01021	0.01255	0.00710	0.00859	0.00607	0.00407	0.00331	0.00107	0.00505	0.01754	0.00216	0.00574
110	0.12554	0.15299	0.03375	0.11807	0.01452	0.29295	0.03177	0.14257	0.01146	0.01431	0.00730	0.00880	0.00587	0.01830	0.00396	0.00123	0.00574	0.00305	0.00248	0.00534
111	0.00927	0.00898	0.01499	0.32525	0.35307	0.02405	0.06316	0.01178	0.00891	0.01218	0.00795	0.01122	0.00652	0.00623	0.06525	0.00177	0.05795	0.00390	0.00203	0.00555
112	0.00739	0.00370	0.00554	0.00554	0.00554	0.00370	0.00370	0.00554	0.00554	0.00739	0.00739	0.01293	0.00739	0.01478	0.01663	0.87620	0.00370	0.00370	0.00185	0.00185
113	0.00962	0.00819	0.00916	0.02568	0.02814	0.06621	0.00654	0.14943	0.17426	0.01517	0.07198	0.04575	0.04222	0.01472	0.27441	0.00316	0.04194	0.00495	0.00329	0.00518
114	0.00639	0.00428	0.00551	0.00597	0.00656	0.00410	0.00413	0.02340	0.03835	0.04141	0.07131	0.57200	0.07645	0.02658	0.00664	0.08674	0.00269	0.00998	0.00384	0.00366
115	0.83238	0.00817	0.00646	0.00571	0.00838	0.00936	0.00470	0.01297	0.00752	0.06423	0.00653	0.00734	0.00494	0.00402	0.00273	0.00132	0.00331	0.00241	0.00278	0.00476
116	0.01618	0.01192	0.01277	0.00979	0.01320	0.01320	0.00809	0.80973	0.02001	0.02682	0.01022	0.01022	0.00724	0.00511	0.00426	0.00128	0.00468	0.00383	0.00426	0.00724
117	0.00565	0.00433	0.00488	0.00489	0.00604	0.00382	0.00356	0.00696	0.01901	0.02777	0.20585	0.15003	0.47631	0.05442	0.00593	0.00159	0.00231	0.00886	0.00407	0.00372
118	0.00640	0.00441	0.00497	0.00516	0.00564	0.02033	0.00338	0.00710	0.00799	0.02545	0.07451	0.24915	0.09761	0.36154	0.01186	0.00259	0.00319	0.01799	0.08742	0.00329
119	0.00604	0.00439	0.00616	0.00624	0.00678	0.00489	0.00455	0.00713	0.00678	0.00956	0.01280	0.08237	0.01313	0.22840	0.57455	0.00580	0.00896	0.00552	0.00248	0.00348
120	0.01618	0.01192	0.01277	0.00979	0.01320	0.01320	0.00809	0.80973	0.02001	0.02682	0.01022	0.01022	0.00724	0.00511	0.00426	0.00128	0.00468	0.00383	0.00426	0.00724
121	0.00541	0.00388	0.00499	0.00575	0.00611	0.00364	0.00390	0.00619	0.00824	0.01089	0.04792	0.62674	0.08333	0.11033	0.00730	0.00199	0.00270	0.05348	0.00381	0.00341
122	0.20536	0.00751	0.00913	0.00717	0.01032	0.00705	0.00592	0.02844	0.01120	0.64254	0.01436	0.01279	0.00921	0.00498	0.00392	0.00132	0.00356	0.00385	0.00468	0.00667
123	0.00602	0.00435	0.00569	0.00535	0.00636	0.00401	0.00401	0.00803	0.01204	0.01706	0.82167	0.03178	0.04015	0.00870	0.00502	0.00134	0.00201	0.00770	0.00468	0.00401
124	0.12934	0.01127	0.01181	0.00916	0.01246	0.01247	0.00757	0.67736	0.01806	0.05429	0.00989	0.00994	0.00701	0.00496	0.00405	0.00128	0.00446	0.00365	0.00408	0.00689
125	0.00587	0.00434	0.00536	0.00514	0.00624	0.00394	0.00387	0.00767	0.01140	0.01572	0.61390	0.03371	0.21116	0.00912	0.00499	0.00136	0.00208	0.02347	0.02673	0.00392
126	0.01053	0.01011	0.01727	0.02612	0.82392	0.01011	0.01306	0.01306	0.00969	0.01390	0.00800	0.01053	0.00674	0.00379	0.00421	0.00126	0.00505	0.00379	0.00211	0.00674
127	0.00686	0.00490	0.00686	0.00784	0.00882	0.00490	0.00686	0.00882	0.00980	0.01273	0.02253	0.04800	0.02449	0.01175	0.00588	0.00196	0.00392	0.79528	0.00392	0.00392
128	0.01589	0.02028	0.01206	0.01096	0.01315	0.83338	0.00822	0.01699	0.01206	0.01041	0.00658	0.00767	0.00548	0.00438	0.00384	0.00110	0.00767	0.00274	0.00219	0.00493
129	0.00508	0.00431	0.00438	0.00436	0.00578	0.00361	0.00327	0.00621	0.00982	0.01178	0.08359	0.04047	0.78153	0.01067	0.00503	0.00143	0.00215	0.00891	0.00399	0.00361
130	0.00518	0.00371	0.00493	0.00590	0.00616	0.00346	0.00394	0.00593	0.00817	0.01087	0.02379	0.83362	0.04199	0.01329	0.00542	0.00172	0.00246	0.01204	0.00395	0.00346
131	0.00518	0.00370	0.00494	0.00592	0.00617	0.00346	0.00395	0.00592	0.00815	0.01086	0.02345	0.84768	0.02814	0.01333	0.00543	0.00173	0.00247	0.01210	0.00395	0.00346
132	0.00615	0.00427	0.00539	0.00539	0.00564	0.00453	0.00351	0.00667	0.00641	0.00880	0.01273	0.02408	0.01383	0.57323	0.29665	0.00504	0.00659	0.00564	0.00248	0.00299
133	0.01854	0.00813	0.01042	0.00799	0.01130	0.00757	0.00660	0.17023	0.01366	0.67528	0.01554	0.01367	0.00991	0.00524	0.00427	0.00131	0.00382	0.00419	0.00508	0.00724
134	0.00882	0.00756	0.00882	0.00630	0.01008	0.00567	0.00504	0.01071	0.00882	0.01387	0.00756	0.00882	0.00630	0.00315	0.00315	0.00063	0.00315	0.00252	0.00252	0.87647
135	0.03529	0.00718	0.00932	0.00726	0.01029	0.00645	0.00595	0.06538	0.01219	0.64308	0.05018	0.01474	0.01138	0.00529	0.00414	0.00127	0.00347	0.00428	0.06940	0.03346
136	0.00522	0.00383	0.00491	0.00575	0.00620	0.00352	0.00394	0.00605	0.00843	0.01101	0.02627	0.70473	0.14306	0.01291	0.00539	0.00169	0.00247	0.03719	0.00395	0.00349
137	0.00533	0.00376	0.00490	0.00574	0.00596	0.00355	0.00376	0.00596	0.00787	0.01049	0.02203	0.73195	0.02635	0.13151	0.00772	0.00207	0.00270	0.01126	0.00376	0.00333
138	0.00601	0.00434	0.00524	0.00556	0.00643	0.00402	0.00401	0.00739	0.03365	0.03618	0.11429	0.34942	0.25736	0.07970	0.00656	0.00179	0.00263	0.06771	0.00397	0.00373
139	0.02873	0.00637	0.00820	0.00680	0.00901	0.00586	0.00522	0.02841	0.04458	0.50405	0.01638	0.09563	0.01326	0.19793	0.00831	0.00200	0.00363	0.00543	0.00443	0.00576
140	0.00608	0.00455	0.00678	0.00678	0.00752	0.00529	0.00524	0.00756	0.00682	0.00983	0.01145	0.01703	0.01077	0.05473	0.81097	0.00676	0.01119	0.00460	0.00229	0.00377
141	0.00521	0.00391	0.00488	0.00556	0.00615	0.00358	0.00385	0.00610	0.00859	0.01113	0.04238	0.58948	0.23054	0.01319	0.03277	0.00182	0.00269	0.02076	0.00391	0.00352
142	0.00971	0.00728	0.00802	0.01777	0.00934	0.02273	0.00570	0.03952	0.36477	0.07172	0.09141	0.03278	0.07384	0.00823	0.06122	0.00174	0.02228	0.01743	0.12900	0.00551
143	0.01327	0.01453	0.01045	0.00966	0.03590	0.47043	0.00716	0.10161	0.03671	0.02391	0.07067	0.01336	0.06931	0.00540	0.00422	0.00118	0.02260	0.00393	0.08064	0.00507
144	0.00528	0.00378	0.00496	0.00587	0.00617	0.00354	0.00395	0.00604	0.00815	0.01081	0.02355	0.75464	0.05287	0.05554	0.00625	0.00185	0.00259	0.03685	0.00388	0.00343
145	0.74621	0.00863	0.00708	0.00618	0.00887	0.00995	0.00507	0.08898	0.05687	0.01975	0.00701	0.00776	0.00536	0.00417	0.00289	0.00132	0.00343	0.00260	0.00289	0.00499
146	0.00618	0.00465	0.00609	0.00648	0.02156	0.00475	0.00464	0.02176	0.03129	0.01165	0.09427	0.30296	0.12670	0.06936	0.18079	0.02841	0.02321	0.04804	0.00345	0.00376
147	0.00761	0.00640	0.00951	0.09919	0.19983	0.00649	0.02454	0.03460	0.02531	0.01268	0.09192	0.17091	0.11422	0.10563	0.00697	0.01698	0.00382	0.05567	0.00315	0.00456
148	0.19800	0.10654	0.09705	0.06942	0.31377	0.05683	0.04321	0.02918	0.00920	0.01433	0.00720	0.00908	0.00584	0.00398	0.00388	0.00126	0.02004	0.00323	0.00219	0.00579
149	0.01089	0.00916	0.00969	0.00866	0.01110	0.01054	0.00675	0.03891	0.78187	0.03593	0.01716	0.01573	0.01281	0.00575	0.00433	0.00144	0.00340	0.00478	0.00435	0.00676
150	0.00629	0.00442	0.00499	0.00495	0.00611	0.00389	0.00358	0.00731	0.00940	0.06698	0.10621	0.14390	0.46439	0.12572	0.00733	0.00184	0.00258	0.02246	0.00392	0.00373
151	0.00704	0.00567	0.00800	0.02049	0.18896	0.00544	0.00599	0.00852	0.00933	0.03546	0.11999	0.13175	0.27045	0.07104	0.07973	0.00210	0.00390	0.01835	0.00339	0.00440
152	0.01053	0.01191	0.01961	0.01488	0.01763	0.12202	0.46362	0.01299	0.00930	0.01220	0.00780	0.02723	0.00652	0.00496	0.00734	0.00151	0.23804	0.00450	0.00211	0.00528
153	0.00518	0.00373	0.00491	0.00585	0.00615	0.00346	0.00392	0.00593	0.00822	0.01089	0.02439	0.80908	0.06614	0.01321	0.00541	0.00171	0.00245	0.01195	0.00395	0.00346
154	0.04687	0.00688	0.00788	0.00680	0.00858	0.00705	0.00507	0.15365	0.09752	0.19848	0.01552	0.09911	0.03599	0.27995	0.00997	0.00228	0.00378	0.00568	0.00384	0.00510
155	0.00527	0.00428	0.00468	0.00470	0.00592	0.00372	0.00347	0.00647	0.00983	0.01230	0.17527	0.09863	0.58647	0.02785	0.03058	0.00166	0.00247	0.00880	0.00400	0.00364
156	0.00793	0.00397	0.00397	0.00397	0.00496	0.00397	0.00297	0.00991	0.00892	0.01586	0.01388	0.01586	0.01091	0.00496	0.00297	0.00099	0.00198	0.00397	0.87408	0.00397
157	0.41679	0.00770	0.00820	0.00666	0.00965	0.00777	0.00549	0.01694	0.00990	0.45393	0.01177	0.01099	0.00780	0.00466	0.00352	0.00132	0.00347	0.00337	0.00405	0.00603
158	0.09788	0.00640	0.00701	0.00641	0.00798	0.01983	0.00487	0.12901	0.04038	0.07765	0.17104	0.16481	0.08559	0.09704	0.00636	0.00171	0.00319	0.03777	0.03045	0.00463
159	0.00556	0.00435	0.00505	0.00511	0.00619	0.00392	0.00374	0.00720	0.03454	0.01340	0.29576	0.19856	0.38036	0.01045	0.00508	0.00146	0.00221	0.00905	0.00420	0.00380
160	0.01004	0.01148	0.02511	0.01793	0.02224	0.01076	0.80846	0.01363	0.01004	0.01363	0.00861	0.01148	0.00646	0.00359	0.00502	0.00143	0.00717	0.00502	0.00215	0.00574
161	0.00532	0.00387	0.00499	0.00565	0.00613	0.00357	0.00386	0.00628	0.00887	0.01184	0.15043	0.62291	0.10806	0.02992	0.00567	0.00169	0.00240	0.01097	0.00404	0.00354
162	0.00591	0.00425	0.00503	0.00520	0.00618	0.00378	0.00374	0.00702	0.00951	0.04478	0.16359	0.28478	0.35325	0.05978	0.00610	0.00167	0.00244	0.02523	0.00405	0.00371
163	0.00519	0.00376	0.00491	0.00581	0.00615	0.00348	0.00390	0.00598	0.00832	0.01102	0.03971	0.77851	0.08142	0.01307	0.00540	0.00170	0.00244	0.01181	0.00396	0.00348
164	0.80017	0.00814	0.00659	0.00578	0.00847	0.00924	0.00476	0.01328	0.00770	0.09443	0.00694	0.00762	0.00516	0.00407	0.00279	0.00132	0.00332	0.00249	0.00288	0.00485
165	0.00896	0.00492	0.00643	0.00644	0.00757	0.00458	0.00466	0.02384	0.03580	0.20804	0.02142	0.55158	0.03629	0.03806	0.00562	0.00169	0.00289	0.02247	0.00424	0.00452
166	0.00877	0.00752	0.00876	0.00627	0.01002	0.00564	0.00502	0.01065	0.00884	0.01383	0.00808	0.00929	0.01811	0.00326	0.00318	0.00064	0.00314	0.00261	0.00254	0.86384
167	0.00619	0.00413	0.00464	0.00464	0.00464	0.00413	0.00258	0.00619	0.00619	0.00825	0.01341	0.02785	0.01547	0.85046	0.02166	0.00413	0.00413	0.00619	0.00258	0.00258
168	0.00517	0.00374	0.00490	0.00582	0.00614	0.00347	0.00390	0.00594	0.00825	0.01090	0.02475	0.79427	0.08071	0.01316	0.00540	0.00171	0.00245	0.01189	0.00395	0.00347
169	0.00564	0.00422	0.00521	0.00563	0.00637	0.00400	0.00402	0.02221	0.00868	0.01124	0.04039	0.40074	0.25624	0.05589	0.09407	0.02115	0.00353	0.04355	0.00368	0.00356
170	0.08341	0.02178	0.08184	0.00874	0.01148	0.12891	0.00739	0.02757	0.39355	0.10485	0.06560	0.01397	0.01179	0.00539	0.00423	0.00135	0.01412	0.00423	0.00372	0.00610
171	0.01419	0.01709	0.01145	0.01039	0.01226	0.63884	0.00791	0.02468	0.01105	0.02476	0.00733	0.00909	0.00625	0.00812	0.10914	0.00189	0.07540	0.00309	0.00225	0.00484
172	0.00861	0.00732	0.00855	0.00622	0.00976	0.00557	0.00493	0.01041	0.00870	0.01354	0.00846	0.01022	0.02062	0.03486	0.02028	0.00089	0.00333	0.00281	0.00254	0.81238
173	0.00604	0.00433	0.00556	0.00577	0.01955	0.00417	0.00405	0.00699	0.01857	0.01166	0.19614	0.13515	0.21395	0.08712	0.11998	0.12925	0.00390	0.02095	0.00343	0.00345
174	0.05318	0.01054	0.09672	0.00895	0.01255	0.04718	0.03922	0.17554	0.01304	0.46445	0.01311	0.01220	0.00862	0.00491	0.00417	0.00129	0.00442	0.00391	0.00428	0.02171
175	0.00608	0.00456	0.00684	0.00684	0.00760	0.00532	0.00532	0.00760	0.00684	0.00988	0.01140	0.01672	0.01064	0.03191	0.83360	0.00684	0.01140	0.00456	0.00228	0.00380
176	0.00518	0.00409	0.00466	0.00499	0.00596	0.00358	0.00356	0.00621	0.00935	0.01177	0.10647	0.33332	0.46278	0.01152	0.00517	0.00153	0.00226	0.01000	0.00402	0.00358
177	0.04293	0.00961	0.01556	0.07102	0.60338	0.02324	0.03587	0.02495	0.00962	0.01384	0.02372	0.04371	0.01819	0.00460	0.00457	0.00133	0.03119	0.01420	0.00230	0.00617
178	0.79287	0.00837	0.00671	0.02399	0.00891	0.02307	0.00494	0.02272	0.00767	0.04686	0.00649	0.00748	0.00498	0.00446	0.01560	0.00140	0.00357	0.00247	0.00272	0.00473
179	0.01729	0.01014	0.01167	0.00894	0.01231	0.01055	0.00739	0.50918	0.01702	0.33158	0.01272	0.01184	0.00849	0.00517	0.00427	0.00129	0.00428	0.00400	0.00464	0.00724
180	0.00619	0.00413	0.00464	0.00464	0.00464	0.00413	0.00258	0.00619	0.00619	0.00825	0.01341	0.02785	0.01547	0.85046	0.02166	0.00413	0.00413	0.00619	0.00258	0.00258
181	0.01304	0.54553	0.01852	0.00864	0.01175	0.31835	0.00763	0.01431	0.00991	0.01016	0.00616	0.00714	0.00547	0.00392	0.00314	0.00098	0.00570	0.00245	0.00196	0.00527
182	0.00541	0.00387	0.00485	0.00550	0.00582	0.00363	0.00360	0.00607	0.00799	0.01057	0.04931	0.57790	0.09440	0.18990	0.00881	0.00220	0.00278	0.01043	0.00368	0.00330
183	0.81030	0.00853	0.02001	0.00590	0.00864	0.00955	0.00495	0.03705	0.00783	0.04707	0.00646	0.00731	0.00490	0.00403	0.00276	0.00132	0.00339	0.00243	0.00276	0.00481
184	0.00804	0.00756	0.01276	0.84023	0.02931	0.00945	0.01182	0.01087	0.00851	0.01087	0.00756	0.01134	0.00567	0.00425	0.00425	0.00142	0.00567	0.00378	0.00189	0.00473
185	0.00570	0.00434	0.00525	0.00502	0.00616	0.00388	0.00376	0.00741	0.01129	0.01528	0.57271	0.03472	0.29022	0.00936	0.00502	0.00137	0.00205	0.00811	0.00445	0.00388
186	0.00619	0.00413	0.00464	0.00464	0.00464	0.00413	0.00258	0.00619	0.00619	0.00825	0.01341	0.02785	0.01547	0.85046	0.02166	0.00413	0.00413	0.00619	0.00258	0.00258
