[name]
unknown

[dist]
# distance from previous block
# <min> <max>
8	66

[block]
# block no. 0 follows, 61 sequences, length 9
# corresponding to MSA columns:
# 83-91
name=unknown_A
#
# <colnr> <probs for GDERKNQSTAVLIFYWHMCP>
#	G	D	E	R	K	N	Q	S	T	A	V	L	I	F	Y	W	H	M	C	P
0	0.15503	0.06638	0.11607	0.00836	0.01168	0.03040	0.04536	0.17150	0.03389	0.06568	0.06024	0.03345	0.08706	0.00544	0.00397	0.00126	0.00419	0.00430	0.00327	0.09248
1	0.10126	0.02816	0.06265	0.07165	0.02928	0.10752	0.04234	0.22056	0.05622	0.06315	0.03082	0.01169	0.03195	0.00479	0.00397	0.00123	0.00474	0.00375	0.02230	0.10198
2	0.11490	0.01122	0.04922	0.00902	0.01195	0.14731	0.06295	0.14151	0.09167	0.14438	0.04544	0.01413	0.07012	0.00609	0.02701	0.00145	0.00486	0.00425	0.00354	0.03897
3	0.05978	0.00972	0.01411	0.06995	0.38410	0.06094	0.06972	0.03689	0.04582	0.07495	0.04302	0.01431	0.05698	0.00491	0.00431	0.00133	0.00481	0.01708	0.02126	0.00603
4	0.05127	0.01363	0.01319	0.08749	0.20457	0.28274	0.00944	0.22823	0.01318	0.01644	0.00829	0.00970	0.00648	0.00448	0.00405	0.00123	0.00577	0.00344	0.03039	0.00599
5	0.00645	0.00525	0.00798	0.00689	0.00833	0.00483	0.10207	0.00853	0.01153	0.01599	0.60522	0.06535	0.11746	0.00859	0.00510	0.00139	0.00271	0.00779	0.00432	0.00421
6	0.00648	0.00474	0.00632	0.00698	0.00801	0.00458	0.00588	0.00829	0.01016	0.01326	0.14053	0.07997	0.14052	0.01138	0.00568	0.00181	0.00337	0.53405	0.00408	0.00391
7	0.01570	0.00647	0.00877	0.00714	0.00976	0.00566	0.00572	0.01731	0.01181	0.60893	0.13338	0.11884	0.01716	0.00683	0.00458	0.00139	0.00329	0.00580	0.00508	0.00639
8	0.08351	0.05394	0.01137	0.00932	0.05707	0.01024	0.00719	0.26254	0.16427	0.19457	0.04763	0.01366	0.01060	0.00533	0.00415	0.00131	0.00398	0.02132	0.00412	0.03390

[dist]
# distance from previous block
# <min> <max>
0	1

[block]
# block no. 1 follows, 61 sequences, length 31
# corresponding to MSA columns:
# 93-123
name=unknown_B
#
# <colnr> <probs for GDERKNQSTAVLIFYWHMCP>
#	G	D	E	R	K	N	Q	S	T	A	V	L	I	F	Y	W	H	M	C	P
0	0.58763	0.00961	0.00789	0.00681	0.00956	0.09727	0.00551	0.03873	0.03489	0.15470	0.00843	0.00877	0.00612	0.00437	0.00318	0.00131	0.00391	0.00285	0.00317	0.00530
1	0.01136	0.00827	0.00915	0.00807	0.01047	0.00907	0.00631	0.02042	0.57544	0.14375	0.09252	0.01858	0.05484	0.00628	0.00447	0.00143	0.00326	0.00526	0.00455	0.00649
2	0.00964	0.00661	0.00822	0.00709	0.00903	0.00662	0.03087	0.09618	0.14630	0.11822	0.37893	0.03709	0.09780	0.00765	0.00481	0.00139	0.00297	0.02076	0.00454	0.00528
3	0.62444	0.00799	0.00699	0.00586	0.00874	0.00846	0.00478	0.01224	0.00801	0.03569	0.03986	0.00864	0.00666	0.00404	0.00292	0.00117	0.00325	0.00265	0.00278	0.20481
4	0.01637	0.01207	0.01293	0.00991	0.01336	0.01336	0.00819	0.80738	0.02025	0.02715	0.01034	0.01034	0.00733	0.00517	0.00431	0.00129	0.00474	0.00388	0.00431	0.00733
5	0.00595	0.00440	0.00555	0.00526	0.00634	0.00400	0.00395	0.00784	0.01184	0.01645	0.70564	0.03354	0.15499	0.00911	0.00508	0.00137	0.00205	0.00798	0.00463	0.00400
6	0.01308	0.01017	0.01115	0.02273	0.01218	0.01151	0.00747	0.37263	0.33366	0.04296	0.03980	0.01419	0.03124	0.00582	0.00492	0.00140	0.04964	0.00453	0.00420	0.00674
7	0.00675	0.00439	0.00497	0.00485	0.00609	0.00395	0.00363	0.00828	0.01020	0.05560	0.22050	0.10459	0.33403	0.00900	0.00461	0.00135	0.00221	0.00766	0.20335	0.00400
8	0.01606	0.01182	0.01267	0.00975	0.01309	0.01308	0.00802	0.78275	0.01982	0.02657	0.01044	0.01089	0.00758	0.03110	0.00485	0.00138	0.00472	0.00395	0.00426	0.00718
9	0.00525	0.00375	0.00500	0.00600	0.00625	0.00350	0.00400	0.00600	0.00825	0.01100	0.02374	0.84580	0.02849	0.01350	0.00550	0.00175	0.00250	0.01225	0.00400	0.00350
10	0.00942	0.00942	0.01319	0.01131	0.01131	0.01319	0.00942	0.01037	0.00660	0.01037	0.00565	0.00942	0.00565	0.00754	0.01414	0.00188	0.84073	0.00377	0.00188	0.00471
11	0.00893	0.00766	0.00893	0.00638	0.01021	0.00574	0.00510	0.01085	0.00893	0.01404	0.00766	0.00893	0.00638	0.00319	0.00319	0.00064	0.00319	0.00255	0.00255	0.87495
12	0.00525	0.00375	0.00500	0.00600	0.00625	0.00350	0.00400	0.00600	0.00825	0.01100	0.02374	0.84580	0.02849	0.01350	0.00550	0.00175	0.00250	0.01225	0.00400	0.00350
13	0.00610	0.00440	0.00576	0.00542	0.00644	0.00406	0.00406	0.00813	0.01219	0.01727	0.81947	0.03218	0.04064	0.00881	0.00508	0.00135	0.00203	0.00779	0.00474	0.00406
14	0.00511	0.00429	0.00444	0.00456	0.00587	0.00362	0.00336	0.00616	0.00963	0.01156	0.04124	0.13837	0.72463	0.01122	0.00514	0.00149	0.00222	0.00947	0.00400	0.00362
15	0.00681	0.00486	0.00679	0.00778	0.00871	0.00484	0.00671	0.00869	0.00978	0.01274	0.02288	0.11231	0.02509	0.01203	0.00591	0.00196	0.00385	0.73036	0.00397	0.00393
16	0.01609	0.02053	0.01221	0.01110	0.01332	0.83132	0.00832	0.01720	0.01221	0.01054	0.00666	0.00777	0.00555	0.00444	0.00388	0.00111	0.00777	0.00277	0.00222	0.00499
17	0.00554	0.00438	0.00499	0.00484	0.00610	0.00383	0.00363	0.00706	0.01089	0.01417	0.39283	0.03728	0.46922	0.00996	0.00509	0.00141	0.00211	0.00851	0.00433	0.00383
18	0.01656	0.01177	0.01275	0.00977	0.01321	0.01292	0.00807	0.75878	0.01976	0.07644	0.01075	0.01061	0.00753	0.00518	0.00431	0.00130	0.00467	0.00391	0.00437	0.00733
19	0.00888	0.09099	0.75968	0.01187	0.01801	0.01059	0.01521	0.01358	0.00907	0.01335	0.00759	0.00891	0.00546	0.00406	0.00398	0.00133	0.00622	0.00311	0.00182	0.00630
20	0.00942	0.00942	0.01319	0.01131	0.01131	0.01319	0.00942	0.01037	0.00660	0.01037	0.00565	0.00942	0.00565	0.00754	0.01414	0.00188	0.84073	0.00377	0.00188	0.00471
21	0.00741	0.00379	0.00568	0.00568	0.00573	0.00383	0.00383	0.00573	0.00568	0.00762	0.00770	0.01330	0.00766	0.01591	0.06127	0.82735	0.00417	0.00379	0.00189	0.00198
22	0.01071	0.00925	0.00974	0.00877	0.01120	0.01071	0.00682	0.02289	0.81396	0.01802	0.01753	0.01607	0.01315	0.00584	0.00438	0.00146	0.00341	0.00487	0.00438	0.00682
23	0.00813	0.00766	0.01292	0.83826	0.02967	0.00957	0.01196	0.01101	0.00861	0.01101	0.00766	0.01148	0.00574	0.00431	0.00431	0.00144	0.00574	0.00383	0.00191	0.00479
24	0.00669	0.00684	0.08531	0.04011	0.00872	0.03419	0.00547	0.02806	0.00935	0.03132	0.02706	0.33136	0.30666	0.05153	0.00586	0.00167	0.00325	0.00886	0.00361	0.00408
25	0.00835	0.00784	0.01301	0.76964	0.06559	0.00964	0.01183	0.01155	0.03886	0.01141	0.00805	0.01162	0.00607	0.00434	0.00431	0.00143	0.00563	0.00387	0.00202	0.00496
26	0.01921	0.00752	0.01012	0.00776	0.01109	0.00662	0.00641	0.05313	0.01265	0.79214	0.01672	0.01449	0.01053	0.00532	0.00433	0.00133	0.00371	0.00431	0.00529	0.00733
27	0.01017	0.01162	0.02542	0.01816	0.02251	0.01089	0.80610	0.01380	0.01017	0.01380	0.00871	0.01162	0.00654	0.00363	0.00508	0.00145	0.00726	0.00508	0.00218	0.00581
28	0.01058	0.01837	0.53615	0.01224	0.06650	0.08068	0.01321	0.03094	0.00996	0.09482	0.03897	0.01054	0.00744	0.00460	0.00464	0.00136	0.04688	0.00352	0.00239	0.00623
29	0.77256	0.00884	0.02659	0.00615	0.00898	0.00974	0.00521	0.05873	0.00833	0.05330	0.00675	0.00756	0.00509	0.00412	0.00286	0.00133	0.00350	0.00253	0.00285	0.00497
30	0.01259	0.01267	0.16510	0.03300	0.08215	0.04137	0.02307	0.31031	0.10962	0.06472	0.02283	0.01352	0.02591	0.04134	0.00509	0.00147	0.00491	0.02040	0.00347	0.00647

[dist]
# distance from previous block
# <min> <max>
0	2

[block]
# block no. 2 follows, 61 sequences, length 31
# corresponding to MSA columns:
# 126-156
name=unknown_C
#
# <colnr> <probs for GDERKNQSTAVLIFYWHMCP>
#	G	D	E	R	K	N	Q	S	T	A	V	L	I	F	Y	W	H	M	C	P
0	0.01153	0.15271	0.04696	0.02861	0.03821	0.00880	0.00678	0.06487	0.06939	0.16909	0.09335	0.02676	0.03641	0.00506	0.00388	0.00111	0.00375	0.00409	0.00343	0.22524
1	0.00943	0.00945	0.01738	0.04681	0.03977	0.03664	0.43662	0.03860	0.01046	0.01444	0.12204	0.05793	0.01273	0.00526	0.00496	0.01677	0.00547	0.00542	0.06950	0.04032
2	0.00906	0.00874	0.01632	0.05008	0.01625	0.00830	0.39999	0.01238	0.07326	0.04093	0.01368	0.21190	0.02498	0.00633	0.00489	0.00144	0.00517	0.00652	0.00295	0.08682
3	0.00671	0.00489	0.00615	0.00565	0.00685	0.00464	0.00429	0.05935	0.01259	0.01762	0.72805	0.03125	0.07815	0.00868	0.00503	0.00136	0.00221	0.00761	0.00468	0.00425
4	0.00572	0.00443	0.00550	0.00550	0.00645	0.00440	0.00407	0.00692	0.00843	0.01104	0.08845	0.04783	0.33430	0.12126	0.32196	0.00387	0.00598	0.00701	0.00324	0.00362
5	0.87904	0.00833	0.00633	0.00566	0.00833	0.00966	0.00467	0.01266	0.00733	0.01933	0.00600	0.00700	0.00467	0.00400	0.00267	0.00133	0.00333	0.00233	0.00267	0.00467
6	0.01933	0.00733	0.01000	0.00766	0.01100	0.00633	0.00633	0.02099	0.01233	0.82473	0.01699	0.01466	0.01066	0.00533	0.00433	0.00133	0.00367	0.00433	0.00533	0.00733
7	0.00531	0.00381	0.00504	0.00592	0.00625	0.00354	0.00399	0.00616	0.00858	0.01148	0.08389	0.76793	0.04594	0.01309	0.00546	0.00171	0.00246	0.01185	0.00405	0.00354
8	0.00509	0.00436	0.00436	0.00436	0.00582	0.00364	0.00327	0.00618	0.00982	0.01164	0.04364	0.04146	0.82000	0.01091	0.00509	0.00145	0.00218	0.00909	0.00400	0.00364
9	0.87904	0.00833	0.00633	0.00566	0.00833	0.00966	0.00467	0.01266	0.00733	0.01933	0.00600	0.00700	0.00467	0.00400	0.00267	0.00133	0.00333	0.00233	0.00267	0.00467
10	0.01029	0.00980	0.01656	0.02484	0.76117	0.00976	0.01251	0.01277	0.00990	0.01411	0.04084	0.01259	0.03698	0.00428	0.00433	0.00129	0.00489	0.00418	0.00230	0.00660
11	0.01017	0.01162	0.02542	0.01816	0.02251	0.01089	0.80610	0.01380	0.01017	0.01380	0.00871	0.01162	0.00654	0.00363	0.00508	0.00145	0.00726	0.00508	0.00218	0.00581
12	0.01038	0.06325	0.01649	0.02265	0.66292	0.01024	0.01180	0.01338	0.05626	0.01429	0.06877	0.01233	0.00962	0.00431	0.00424	0.00127	0.00476	0.00409	0.00244	0.00654
13	0.82334	0.06245	0.00737	0.00577	0.00851	0.01014	0.00484	0.01268	0.00742	0.01874	0.00600	0.00699	0.00472	0.00398	0.00267	0.00131	0.00341	0.00233	0.00261	0.00472
14	0.00813	0.00766	0.01292	0.83826	0.02967	0.00957	0.01196	0.01101	0.00861	0.01101	0.00766	0.01148	0.00574	0.00431	0.00431	0.00144	0.00574	0.00383	0.00191	0.00479
15	0.01472	0.01789	0.01294	0.01348	0.14631	0.62751	0.00905	0.01678	0.06319	0.01160	0.00757	0.00881	0.00625	0.00449	0.00418	0.00118	0.02321	0.00310	0.00234	0.00541
16	0.00514	0.00426	0.00451	0.00467	0.00591	0.00362	0.00342	0.00620	0.00961	0.01168	0.06107	0.17828	0.66419	0.01129	0.00516	0.00150	0.00223	0.00959	0.00402	0.00362
17	0.00864	0.02228	0.82630	0.01228	0.01864	0.01000	0.01592	0.01364	0.00909	0.01364	0.00773	0.00909	0.00546	0.00409	0.00409	0.00136	0.00637	0.00318	0.00182	0.00637
18	0.00547	0.00434	0.00491	0.00484	0.00607	0.00378	0.00360	0.00688	0.01060	0.01366	0.32566	0.08329	0.49107	0.01029	0.00511	0.00143	0.00215	0.00879	0.00427	0.00378
19	0.00717	0.00532	0.00766	0.00918	0.06912	0.00534	0.00723	0.00912	0.00970	0.01275	0.02106	0.04409	0.02271	0.03674	0.03440	0.00216	0.00432	0.68407	0.00373	0.00413
20	0.01609	0.02053	0.01221	0.01110	0.01332	0.83132	0.00832	0.01720	0.01221	0.01054	0.00666	0.00777	0.00555	0.00444	0.00388	0.00111	0.00777	0.00277	0.00222	0.00499
21	0.01637	0.01207	0.01293	0.00991	0.01336	0.01336	0.00819	0.80738	0.02025	0.02715	0.01034	0.01034	0.00733	0.00517	0.00431	0.00129	0.00474	0.00388	0.00431	0.00733
22	0.00626	0.00418	0.00470	0.00470	0.00470	0.00418	0.00261	0.00626	0.00626	0.00835	0.01357	0.02819	0.01566	0.84862	0.02192	0.00418	0.00418	0.00626	0.00261	0.00261
23	0.00864	0.02228	0.82630	0.01228	0.01864	0.01000	0.01592	0.01364	0.00909	0.01364	0.00773	0.00909	0.00546	0.00409	0.00409	0.00136	0.00637	0.00318	0.00182	0.00637
24	0.00525	0.00375	0.00500	0.00600	0.00625	0.00350	0.00400	0.00600	0.00825	0.01100	0.02374	0.84580	0.02849	0.01350	0.00550	0.00175	0.00250	0.01225	0.00400	0.00350
25	0.00801	0.00659	0.00986	0.08088	0.19554	0.00667	0.02135	0.06072	0.01099	0.01516	0.29166	0.14705	0.02366	0.00802	0.00494	0.00147	0.00360	0.09528	0.00364	0.00490
26	0.00661	0.00473	0.00576	0.00566	0.00611	0.00504	0.00376	0.00814	0.07541	0.01005	0.05347	0.02444	0.01542	0.52353	0.22950	0.00452	0.00591	0.00579	0.00279	0.00336
27	0.01245	0.15955	0.12572	0.02313	0.01326	0.08744	0.00881	0.22272	0.24893	0.01742	0.01084	0.01102	0.00824	0.00494	0.00425	0.00129	0.02662	0.00370	0.00326	0.00641
28	0.00730	0.00568	0.02503	0.05918	0.03139	0.00546	0.00525	0.03069	0.07432	0.01557	0.33406	0.05551	0.10639	0.02969	0.00504	0.00143	0.00281	0.04401	0.15678	0.00443
29	0.00573	0.00442	0.00481	0.00474	0.00607	0.00379	0.00352	0.00693	0.01006	0.03741	0.16177	0.09045	0.59945	0.03469	0.00558	0.00153	0.00228	0.00886	0.00412	0.00378
30	0.41509	0.21110	0.14249	0.00799	0.03101	0.04621	0.00756	0.01314	0.00836	0.03985	0.00690	0.00805	0.00551	0.00509	0.03522	0.00145	0.00468	0.00267	0.00237	0.00526

[dist]
# distance from previous block
# <min> <max>
0	11

[block]
# block no. 3 follows, 61 sequences, length 34
# corresponding to MSA columns:
# 168-201
name=unknown_D
#
# <colnr> <probs for GDERKNQSTAVLIFYWHMCP>
#	G	D	E	R	K	N	Q	S	T	A	V	L	I	F	Y	W	H	M	C	P
0	0.23445	0.41435	0.10019	0.00824	0.03834	0.04330	0.00768	0.03285	0.01951	0.02957	0.03291	0.00848	0.00672	0.00410	0.00313	0.00113	0.00448	0.00276	0.00233	0.00547
1	0.01157	0.65687	0.12225	0.00819	0.01212	0.03866	0.00844	0.02836	0.03511	0.03443	0.00699	0.00779	0.00594	0.00390	0.00309	0.00102	0.00485	0.00260	0.00208	0.00574
2	0.00621	0.00475	0.00577	0.00564	0.00683	0.00447	0.00433	0.00864	0.06372	0.01535	0.47778	0.05449	0.23012	0.00955	0.00513	0.00146	0.00236	0.08485	0.00444	0.00412
3	0.00561	0.00458	0.00512	0.00501	0.00618	0.00420	0.00375	0.00682	0.00985	0.01245	0.18851	0.04984	0.54159	0.07229	0.00675	0.00167	0.03849	0.02963	0.00395	0.00370
4	0.00509	0.00436	0.00436	0.00436	0.00582	0.00364	0.00327	0.00618	0.00982	0.01164	0.04364	0.04146	0.82000	0.01091	0.00509	0.00145	0.00218	0.00909	0.00400	0.00364
5	0.01254	0.56104	0.01852	0.00822	0.01136	0.19605	0.00739	0.04053	0.00995	0.03411	0.00748	0.04379	0.00684	0.00496	0.02014	0.00115	0.00533	0.00299	0.00221	0.00540
6	0.00843	0.00780	0.01302	0.58873	0.17413	0.00911	0.01150	0.01114	0.00907	0.01195	0.03647	0.01519	0.00874	0.00502	0.00446	0.00145	0.00535	0.07114	0.00222	0.00507
7	0.01077	0.65327	0.19181	0.00833	0.01249	0.01521	0.00905	0.01288	0.00876	0.01083	0.00656	0.00795	0.00579	0.02661	0.00356	0.00110	0.00497	0.00260	0.00186	0.00563
8	0.00615	0.00462	0.00692	0.00692	0.00769	0.00538	0.00538	0.00769	0.00692	0.01000	0.01154	0.01692	0.01077	0.03231	0.83154	0.00692	0.01154	0.00462	0.00231	0.00385
9	0.00615	0.00462	0.00692	0.00692	0.00769	0.00538	0.00538	0.00769	0.00692	0.01000	0.01154	0.01692	0.01077	0.03231	0.83154	0.00692	0.01154	0.00462	0.00231	0.00385
10	0.03516	0.04355	0.01286	0.01154	0.05659	0.53411	0.06052	0.05086	0.04447	0.01245	0.00927	0.01202	0.02131	0.00503	0.00410	0.00123	0.00662	0.05591	0.01718	0.00522
11	0.00954	0.00759	0.00884	0.00879	0.05022	0.00825	0.00656	0.05119	0.41125	0.04372	0.08528	0.08449	0.06449	0.00777	0.00480	0.00154	0.00340	0.13233	0.00421	0.00575
12	0.01066	0.01023	0.01748	0.02644	0.82174	0.01023	0.01322	0.01322	0.00981	0.01407	0.00810	0.01066	0.00682	0.00384	0.00426	0.00128	0.00512	0.00384	0.00213	0.00682
13	0.00864	0.02228	0.82630	0.01228	0.01864	0.01000	0.01592	0.01364	0.00909	0.01364	0.00773	0.00909	0.00546	0.00409	0.00409	0.00136	0.00637	0.00318	0.00182	0.00637
14	0.00948	0.01955	0.63646	0.01232	0.01787	0.02955	0.08623	0.03936	0.00966	0.04185	0.00870	0.03781	0.00658	0.00452	0.00443	0.00139	0.02216	0.00373	0.00214	0.00622
15	0.01014	0.01155	0.02502	0.01793	0.02215	0.01097	0.78032	0.01369	0.01005	0.01369	0.00862	0.01155	0.00651	0.00376	0.00538	0.00147	0.03423	0.00504	0.00217	0.00577
16	0.00624	0.00428	0.00523	0.00523	0.00542	0.00447	0.00328	0.00661	0.00642	0.00875	0.01308	0.02548	0.01448	0.65223	0.21670	0.00484	0.00595	0.00587	0.00254	0.00291
17	0.01058	0.01015	0.01733	0.05368	0.79516	0.01021	0.01318	0.01315	0.00977	0.01397	0.00809	0.01069	0.00679	0.00385	0.00427	0.00128	0.00514	0.00384	0.00212	0.00675
18	0.01005	0.01143	0.02492	0.01786	0.02211	0.01071	0.78640	0.01361	0.01012	0.01373	0.00908	0.03210	0.00708	0.00387	0.00509	0.00146	0.00715	0.00526	0.00222	0.00575
19	0.00610	0.00440	0.00576	0.00542	0.00644	0.00406	0.00406	0.00813	0.01219	0.01727	0.81947	0.03218	0.04064	0.00881	0.00508	0.00135	0.00203	0.00779	0.00474	0.00406
20	0.00626	0.00418	0.00470	0.00470	0.00470	0.00418	0.00261	0.00626	0.00626	0.00835	0.01357	0.02819	0.01566	0.84862	0.02192	0.00418	0.00418	0.00626	0.00261	0.00261
21	0.01522	0.01119	0.01235	0.00959	0.01279	0.01230	0.02909	0.68854	0.03505	0.02540	0.01101	0.01176	0.00809	0.00527	0.00426	0.00129	0.00454	0.02045	0.07487	0.00693
22	0.01049	0.55545	0.30933	0.00912	0.01376	0.01453	0.01042	0.01316	0.00887	0.01139	0.00661	0.00769	0.00550	0.00383	0.00324	0.00108	0.00523	0.00262	0.00183	0.00583
23	0.00652	0.00488	0.00633	0.00728	0.00802	0.02455	0.00586	0.00802	0.00934	0.01211	0.02277	0.35028	0.02573	0.01232	0.00573	0.00187	0.00350	0.47716	0.00394	0.00381
24	0.01152	0.85121	0.02257	0.00737	0.01106	0.01704	0.00737	0.01290	0.00875	0.01013	0.00599	0.00691	0.00553	0.00369	0.00276	0.00092	0.00461	0.00230	0.00184	0.00553
25	0.00626	0.00418	0.00470	0.00470	0.00470	0.00418	0.00261	0.00626	0.00626	0.00835	0.01357	0.02819	0.01566	0.84862	0.02192	0.00418	0.00418	0.00626	0.00261	0.00261
26	0.00520	0.00392	0.00482	0.00554	0.00613	0.00354	0.00380	0.00605	0.00869	0.01117	0.02929	0.62145	0.24926	0.01277	0.00538	0.00167	0.00241	0.01137	0.00400	0.00354
27	0.87904	0.00833	0.00633	0.00566	0.00833	0.00966	0.00467	0.01266	0.00733	0.01933	0.00600	0.00700	0.00467	0.00400	0.00267	0.00133	0.00333	0.00233	0.00267	0.00467
28	0.00748	0.00374	0.00561	0.00561	0.00561	0.00374	0.00374	0.00561	0.00561	0.00748	0.00748	0.01309	0.00748	0.01496	0.01684	0.87467	0.00374	0.00374	0.00187	0.00187
29	0.00615	0.00462	0.00692	0.00692	0.00769	0.00538	0.00538	0.00769	0.00692	0.01000	0.01154	0.01692	0.01077	0.03231	0.83154	0.00692	0.01154	0.00462	0.00231	0.00385
30	0.01038	0.00896	0.00942	0.00851	0.01088	0.01030	0.00661	0.02190	0.76655	0.01764	0.01907	0.01757	0.06072	0.00614	0.00442	0.00146	0.00334	0.00512	0.00436	0.00663
31	0.01086	0.00933	0.00982	0.00880	0.01126	0.01078	0.00685	0.04310	0.79351	0.01825	0.01735	0.01592	0.01300	0.00583	0.00438	0.00146	0.00344	0.00484	0.00438	0.00683
32	0.78568	0.06373	0.00761	0.00591	0.00867	0.01015	0.00495	0.02874	0.00779	0.03683	0.00633	0.00723	0.00491	0.00403	0.00274	0.00131	0.00345	0.00241	0.00270	0.00483
33	0.08537	0.43240	0.21719	0.00866	0.01279	0.03503	0.00916	0.03128	0.05811	0.04406	0.00769	0.00845	0.00616	0.00405	0.00331	0.00112	0.00488	0.00281	0.00227	0.02521

[dist]
# distance from previous block
# <min> <max>
0	3

[block]
# block no. 4 follows, 61 sequences, length 31
# corresponding to MSA columns:
# 205-235
name=unknown_E
#
# <colnr> <probs for GDERKNQSTAVLIFYWHMCP>
#	G	D	E	R	K	N	Q	S	T	A	V	L	I	F	Y	W	H	M	C	P
0	0.03883	0.00888	0.03839	0.00962	0.04779	0.04559	0.06817	0.09546	0.14121	0.13523	0.05999	0.05435	0.03714	0.00748	0.03114	0.00162	0.01526	0.11090	0.02366	0.02931
1	0.00979	0.00746	0.00888	0.00646	0.01010	0.00572	0.00517	0.01169	0.00942	0.09233	0.04865	0.01063	0.00849	0.00367	0.00339	0.00074	0.00318	0.00298	0.00293	0.74831
2	0.01306	0.10550	0.02597	0.00954	0.01221	0.27903	0.00765	0.09451	0.37553	0.01552	0.01188	0.01170	0.00916	0.00506	0.00403	0.00127	0.00514	0.00378	0.00335	0.00612
3	0.01030	0.18673	0.39750	0.00968	0.01413	0.04237	0.01084	0.03373	0.04059	0.07754	0.01049	0.03227	0.03616	0.04303	0.01458	0.00145	0.00533	0.00374	0.00247	0.02705
4	0.03470	0.04762	0.01351	0.24003	0.25991	0.03632	0.01015	0.13649	0.04337	0.01494	0.01017	0.06710	0.00891	0.00543	0.00451	0.01482	0.00493	0.03864	0.00271	0.00575
5	0.01107	0.69105	0.06536	0.00818	0.01151	0.01613	0.00812	0.01259	0.00848	0.01036	0.00604	0.00737	0.00554	0.00423	0.00439	0.00108	0.11863	0.00255	0.00185	0.00546
6	0.00514	0.00430	0.00448	0.00458	0.00589	0.00364	0.00338	0.00623	0.00973	0.01177	0.06891	0.12865	0.70631	0.01112	0.00513	0.00148	0.00221	0.00939	0.00403	0.00364
7	0.01206	0.04895	0.06752	0.11794	0.40310	0.06909	0.03110	0.03735	0.02655	0.13104	0.00938	0.01099	0.00714	0.00424	0.00420	0.00129	0.00524	0.00377	0.00265	0.00642
8	0.00561	0.00438	0.00509	0.00491	0.00614	0.00386	0.00368	0.00719	0.01105	0.01456	0.44534	0.03665	0.41648	0.00982	0.00509	0.00140	0.00210	0.00842	0.00438	0.00386
9	0.00951	0.00967	0.01458	0.01208	0.01258	0.01293	0.09962	0.01076	0.00700	0.01076	0.00600	0.00967	0.00575	0.00710	0.01311	0.00184	0.74637	0.00392	0.00192	0.00484
10	0.01010	0.00966	0.01646	0.20834	0.64427	0.01009	0.01294	0.01272	0.00954	0.01339	0.00800	0.01085	0.00658	0.00394	0.00427	0.00131	0.00526	0.00384	0.00208	0.00637
11	0.01017	0.01162	0.02542	0.01816	0.02251	0.01089	0.80610	0.01380	0.01017	0.01380	0.00871	0.01162	0.00654	0.00363	0.00508	0.00145	0.00726	0.00508	0.00218	0.00581
12	0.00525	0.00430	0.00459	0.00478	0.00599	0.00370	0.00353	0.00629	0.00946	0.01148	0.03862	0.15405	0.63783	0.04468	0.00586	0.00163	0.00239	0.04802	0.00394	0.00359
13	0.01019	0.00539	0.00583	0.00522	0.00682	0.00541	0.00407	0.08485	0.04256	0.11877	0.01555	0.01650	0.04716	0.00537	0.00344	0.00111	0.00253	0.00430	0.61008	0.00483
14	0.03431	0.16609	0.42953	0.01183	0.02662	0.04811	0.13031	0.01408	0.02430	0.05017	0.02138	0.00974	0.00658	0.00413	0.00399	0.00129	0.00590	0.00343	0.00218	0.00605
15	0.00519	0.00439	0.00455	0.00458	0.00599	0.00375	0.00347	0.00633	0.00971	0.01161	0.04169	0.04071	0.76237	0.01179	0.03803	0.00169	0.00261	0.03395	0.00393	0.00366
16	0.01585	0.01936	0.01183	0.01070	0.01295	0.76491	0.00805	0.01698	0.01213	0.04724	0.00843	0.00927	0.03458	0.00471	0.00395	0.00113	0.00739	0.00307	0.00242	0.00505
17	0.00864	0.02228	0.82630	0.01228	0.01864	0.01000	0.01592	0.01364	0.00909	0.01364	0.00773	0.00909	0.00546	0.00409	0.00409	0.00136	0.00637	0.00318	0.00182	0.00637
18	0.01314	0.00895	0.00948	0.00763	0.01013	0.00974	0.00618	0.49854	0.01591	0.02285	0.01178	0.01256	0.00876	0.00511	0.00381	0.00118	0.00368	0.00393	0.34060	0.00604
19	0.00893	0.00766	0.00893	0.00638	0.01021	0.00574	0.00510	0.01085	0.00893	0.01404	0.00766	0.00893	0.00638	0.00319	0.00319	0.00064	0.00319	0.00255	0.00255	0.87495
20	0.00557	0.00437	0.00504	0.00490	0.00612	0.00383	0.00366	0.00709	0.01089	0.01427	0.40769	0.05922	0.43197	0.00999	0.00510	0.00142	0.00212	0.00857	0.00435	0.00383
21	0.00622	0.00438	0.00580	0.00659	0.00711	0.00429	0.00502	0.00736	0.00857	0.01128	0.02119	0.31895	0.02414	0.18854	0.00916	0.00236	0.00351	0.35834	0.00369	0.00352
22	0.00532	0.00380	0.00507	0.00603	0.00632	0.00355	0.00408	0.00613	0.00840	0.01122	0.04602	0.80216	0.02873	0.01332	0.00550	0.00174	0.00252	0.03253	0.00402	0.00353
23	0.00960	0.00929	0.01673	0.02064	0.48524	0.00911	0.17702	0.01212	0.00972	0.01356	0.01140	0.10632	0.01092	0.00565	0.00474	0.00144	0.00516	0.08285	0.00253	0.00596
24	0.00550	0.00393	0.00529	0.00629	0.00665	0.00372	0.00444	0.00643	0.00850	0.01128	0.02360	0.72687	0.02794	0.01326	0.00557	0.00178	0.00272	0.12869	0.00399	0.00357
25	0.01415	0.28964	0.04641	0.00994	0.01273	0.51470	0.00833	0.01549	0.01082	0.01052	0.00646	0.00758	0.00554	0.00426	0.00380	0.00108	0.02860	0.00266	0.00207	0.00521
26	0.00905	0.00776	0.00898	0.00653	0.01027	0.00606	0.00521	0.01162	0.06069	0.01429	0.00829	0.00939	0.00682	0.00336	0.00327	0.00069	0.00320	0.00270	0.00267	0.81913
27	0.07651	0.00683	0.00980	0.16548	0.01338	0.00758	0.06002	0.03210	0.04465	0.09275	0.01387	0.21547	0.01356	0.04461	0.06667	0.00206	0.08044	0.03245	0.01705	0.00474
28	0.13812	0.13019	0.01178	0.00782	0.01104	0.06406	0.00654	0.23372	0.02451	0.12247	0.02645	0.01020	0.00772	0.00449	0.00361	0.00112	0.00415	0.00328	0.02621	0.16253
29	0.06463	0.00859	0.01395	0.41662	0.34862	0.00957	0.01160	0.01178	0.00907	0.01281	0.00942	0.01227	0.04422	0.00441	0.00422	0.00137	0.00517	0.00398	0.00215	0.00555
30	0.01401	0.02830	0.01308	0.02879	0.03418	0.42390	0.02068	0.15028	0.01196	0.01348	0.00712	0.00882	0.00593	0.00530	0.00654	0.00135	0.21513	0.00329	0.00248	0.00539

[dist]
# distance from previous block
# <min> <max>
1	2

[block]
# block no. 5 follows, 61 sequences, length 14
# corresponding to MSA columns:
# 238-251
name=unknown_F
#
# <colnr> <probs for GDERKNQSTAVLIFYWHMCP>
#	G	D	E	R	K	N	Q	S	T	A	V	L	I	F	Y	W	H	M	C	P
0	0.01039	0.19016	0.02063	0.01348	0.01665	0.07087	0.41012	0.01280	0.00936	0.01208	0.00852	0.05605	0.00748	0.00564	0.03190	0.00156	0.11021	0.00454	0.00218	0.00537
1	0.00525	0.00375	0.00500	0.00600	0.00625	0.00350	0.00400	0.00600	0.00825	0.01100	0.02374	0.84580	0.02849	0.01350	0.00550	0.00175	0.00250	0.01225	0.00400	0.00350
2	0.01014	0.00837	0.00958	0.00695	0.01072	0.00698	0.00560	0.14006	0.01077	0.01616	0.00809	0.00916	0.00653	0.00351	0.00337	0.00074	0.00344	0.00277	0.00284	0.73420
3	0.00581	0.00429	0.00543	0.00536	0.00631	0.00391	0.00394	0.00750	0.01121	0.01543	0.57678	0.16391	0.15442	0.00987	0.00515	0.00143	0.00213	0.00870	0.00451	0.00391
4	0.01274	0.01030	0.01277	0.01287	0.18060	0.03939	0.04314	0.30252	0.16737	0.05201	0.09293	0.01395	0.01180	0.00530	0.00439	0.00132	0.00441	0.00449	0.02109	0.00658
5	0.00586	0.00417	0.00551	0.00627	0.00688	0.00396	0.00468	0.00713	0.00924	0.01241	0.11800	0.48058	0.06947	0.01213	0.00546	0.00172	0.00278	0.20786	0.03219	0.00371
6	0.00637	0.00483	0.00693	0.00682	0.00741	0.00566	0.00517	0.00762	0.00679	0.00975	0.01152	0.01834	0.01127	0.16646	0.64760	0.00616	0.06043	0.00484	0.00233	0.00369
7	0.00864	0.02228	0.82630	0.01228	0.01864	0.01000	0.01592	0.01364	0.00909	0.01364	0.00773	0.00909	0.00546	0.00409	0.00409	0.00136	0.00637	0.00318	0.00182	0.00637
8	0.01606	0.01191	0.01275	0.00985	0.01324	0.01321	0.00811	0.76430	0.06384	0.02665	0.01074	0.01066	0.00765	0.00521	0.00431	0.00130	0.00467	0.00393	0.00431	0.00730
9	0.00628	0.00472	0.00586	0.00559	0.00672	0.00448	0.00418	0.00890	0.07196	0.01635	0.62794	0.08079	0.12174	0.00909	0.00505	0.00140	0.00218	0.00798	0.00459	0.00419
10	0.00514	0.00437	0.00443	0.00441	0.00585	0.00366	0.00331	0.00627	0.00993	0.01190	0.08049	0.04101	0.78298	0.01081	0.00509	0.00145	0.00217	0.00903	0.00404	0.00366
11	0.01130	0.78891	0.08298	0.00774	0.01163	0.01652	0.00801	0.01295	0.00878	0.01040	0.00612	0.00707	0.00552	0.00372	0.00286	0.00095	0.00474	0.00237	0.00184	0.00559
12	0.00534	0.00394	0.00500	0.00566	0.00621	0.00360	0.00389	0.00632	0.00904	0.01197	0.13701	0.60543	0.15592	0.01244	0.00538	0.00165	0.00238	0.01113	0.00410	0.00360
13	0.00616	0.00458	0.00577	0.00552	0.00661	0.00428	0.00416	0.00844	0.04124	0.01644	0.66702	0.05240	0.12066	0.00912	0.00509	0.00140	0.00216	0.03025	0.00461	0.00410

[dist]
# distance from previous block
# <min> <max>
1	4

[block]
# block no. 6 follows, 61 sequences, length 30
# corresponding to MSA columns:
# 256-285
name=unknown_G
#
# <colnr> <probs for GDERKNQSTAVLIFYWHMCP>
#	G	D	E	R	K	N	Q	S	T	A	V	L	I	F	Y	W	H	M	C	P
0	0.84523	0.00848	0.00659	0.00583	0.00853	0.00981	0.00480	0.04381	0.00784	0.01963	0.00617	0.00713	0.00477	0.00404	0.00273	0.00133	0.00339	0.00239	0.00273	0.00477
1	0.00870	0.05614	0.56399	0.10868	0.01900	0.01006	0.07703	0.01291	0.00924	0.01333	0.05659	0.01087	0.00770	0.00442	0.00441	0.00137	0.02394	0.00366	0.00204	0.00592
2	0.01850	0.00736	0.00991	0.00756	0.01093	0.00628	0.00623	0.02019	0.01206	0.76061	0.01626	0.01421	0.01032	0.00516	0.00424	0.00128	0.00363	0.00419	0.00511	0.07595
3	0.01046	0.00904	0.01000	0.00970	0.05982	0.01032	0.00712	0.02146	0.71836	0.01763	0.04361	0.01711	0.01398	0.00598	0.00444	0.00146	0.00348	0.02513	0.00425	0.00665
4	0.00691	0.00494	0.00690	0.00785	0.00884	0.00493	0.00685	0.00890	0.00999	0.01303	0.04878	0.04805	0.02531	0.01180	0.00592	0.00196	0.00390	0.76716	0.00399	0.00397
5	0.00525	0.00375	0.00500	0.00600	0.00625	0.00350	0.00400	0.00600	0.00825	0.01100	0.02374	0.84580	0.02849	0.01350	0.00550	0.00175	0.00250	0.01225	0.00400	0.00350
6	0.00610	0.00411	0.00475	0.00490	0.00494	0.00407	0.00283	0.00622	0.00658	0.00877	0.01519	0.15801	0.01770	0.71602	0.01932	0.00379	0.00391	0.00721	0.00283	0.00275
7	0.00785	0.00481	0.00623	0.00565	0.00702	0.00434	0.00432	0.00976	0.01203	0.12859	0.64735	0.03048	0.09782	0.00849	0.00498	0.00136	0.00227	0.00741	0.00477	0.00448
8	0.00932	0.01165	0.19842	0.00913	0.03933	0.02214	0.04533	0.03460	0.00944	0.01425	0.00780	0.00917	0.00620	0.00352	0.00357	0.00089	0.00430	0.00290	0.00240	0.56565
9	0.00525	0.00375	0.00500	0.00600	0.00625	0.00350	0.00400	0.00600	0.00825	0.01100	0.02374	0.84580	0.02849	0.01350	0.00550	0.00175	0.00250	0.01225	0.00400	0.00350
10	0.01054	0.00915	0.01031	0.00889	0.01129	0.01038	0.02184	0.05570	0.58254	0.01721	0.03548	0.01477	0.01206	0.00573	0.00519	0.00140	0.08130	0.00456	0.00392	0.09772
11	0.00615	0.00462	0.00692	0.00692	0.00769	0.00538	0.00538	0.00769	0.00692	0.01000	0.01154	0.01692	0.01077	0.03231	0.83154	0.00692	0.01154	0.00462	0.00231	0.00385
12	0.01064	0.00921	0.00983	0.03343	0.01175	0.01068	0.00697	0.02254	0.79002	0.01781	0.01724	0.01593	0.01293	0.00580	0.00438	0.00146	0.00348	0.00484	0.00431	0.00676
13	0.00524	0.00380	0.00495	0.00587	0.00621	0.00351	0.00394	0.00601	0.00837	0.01105	0.02531	0.78251	0.09078	0.01329	0.00547	0.00173	0.00247	0.01200	0.00400	0.00351
14	0.01803	0.00738	0.00973	0.00754	0.01073	0.00654	0.00620	0.06721	0.01261	0.71269	0.01869	0.01651	0.07415	0.00576	0.00439	0.00134	0.00361	0.00468	0.00517	0.00704
15	0.01191	0.00899	0.00978	0.00861	0.01117	0.01011	0.00675	0.02263	0.70301	0.12968	0.01746	0.01588	0.01281	0.00577	0.00438	0.00144	0.00344	0.00480	0.00451	0.00689
16	0.00864	0.02228	0.82630	0.01228	0.01864	0.01000	0.01592	0.01364	0.00909	0.01364	0.00773	0.00909	0.00546	0.00409	0.00409	0.00136	0.00637	0.00318	0.00182	0.00637
17	0.00881	0.07223	0.77787	0.01198	0.01819	0.01043	0.01540	0.01360	0.00907	0.01343	0.00763	0.00896	0.00546	0.00407	0.00401	0.00134	0.00626	0.00313	0.00182	0.00632
18	0.01933	0.00733	0.01000	0.00766	0.01100	0.00633	0.00633	0.02099	0.01233	0.82473	0.01699	0.01466	0.01066	0.00533	0.00433	0.00133	0.00367	0.00433	0.00533	0.00733
19	0.00864	0.02228	0.82630	0.01228	0.01864	0.01000	0.01592	0.01364	0.00909	0.01364	0.00773	0.00909	0.00546	0.00409	0.00409	0.00136	0.00637	0.00318	0.00182	0.00637
20	0.00813	0.00766	0.01292	0.83826	0.02967	0.00957	0.01196	0.01101	0.00861	0.01101	0.00766	0.01148	0.00574	0.00431	0.00431	0.00144	0.00574	0.00383	0.00191	0.00479
21	0.00524	0.00441	0.00457	0.00464	0.00606	0.00374	0.00356	0.00640	0.00983	0.01174	0.04200	0.04202	0.75742	0.01099	0.00516	0.00150	0.00232	0.07076	0.00400	0.00366
22	0.87904	0.00833	0.00633	0.00566	0.00833	0.00966	0.00467	0.01266	0.00733	0.01933	0.00600	0.00700	0.00467	0.00400	0.00267	0.00133	0.00333	0.00233	0.00267	0.00467
23	0.00606	0.00439	0.00571	0.00541	0.00642	0.00404	0.00405	0.00804	0.01206	0.01702	0.78536	0.05004	0.05730	0.00895	0.00509	0.00137	0.00205	0.00792	0.00471	0.00404
24	0.01152	0.85121	0.02257	0.00737	0.01106	0.01704	0.00737	0.01290	0.00875	0.01013	0.00599	0.00691	0.00553	0.00369	0.00276	0.00092	0.00461	0.00230	0.00184	0.00553
25	0.00942	0.00942	0.01319	0.01131	0.01131	0.01319	0.00942	0.01037	0.00660	0.01037	0.00565	0.00942	0.00565	0.00754	0.01414	0.00188	0.84073	0.00377	0.00188	0.00471
26	0.00610	0.00440	0.00576	0.00542	0.00644	0.00406	0.00406	0.00813	0.01219	0.01727	0.81947	0.03218	0.04064	0.00881	0.00508	0.00135	0.00203	0.00779	0.00474	0.00406
27	0.01889	0.00754	0.01074	0.00817	0.01155	0.00655	0.04484	0.02065	0.01222	0.78568	0.01660	0.01452	0.01046	0.00525	0.00437	0.00134	0.00384	0.00437	0.00518	0.00726
28	0.00813	0.00766	0.01292	0.83826	0.02967	0.00957	0.01196	0.01101	0.00861	0.01101	0.00766	0.01148	0.00574	0.00431	0.00431	0.00144	0.00574	0.00383	0.00191	0.00479
29	0.00684	0.00495	0.00686	0.00754	0.00852	0.00497	0.00647	0.00881	0.01026	0.01364	0.16910	0.04472	0.02729	0.01124	0.00597	0.00187	0.02174	0.63115	0.00406	0.00400

[dist]
# distance from previous block
# <min> <max>
0	3

[block]
# block no. 7 follows, 61 sequences, length 47
# corresponding to MSA columns:
# 289-308,312-329,332,337-344
name=unknown_H
#
# <colnr> <probs for GDERKNQSTAVLIFYWHMCP>
#	G	D	E	R	K	N	Q	S	T	A	V	L	I	F	Y	W	H	M	C	P
0	0.01307	0.00949	0.01082	0.00861	0.01132	0.01028	0.05075	0.47607	0.06996	0.02232	0.01272	0.03243	0.02732	0.00542	0.00408	0.00126	0.00400	0.00436	0.21953	0.00621
1	0.01485	0.01234	0.01188	0.00971	0.01270	0.12432	0.00779	0.46523	0.23723	0.04100	0.01197	0.01167	0.00876	0.00526	0.00427	0.00131	0.00476	0.00401	0.00407	0.00687
2	0.12220	0.01712	0.01114	0.01002	0.01237	0.58760	0.00765	0.06601	0.07919	0.01334	0.00842	0.00954	0.01705	0.00474	0.00385	0.00119	0.00654	0.01417	0.00263	0.00522
3	0.01056	0.57455	0.29081	0.00901	0.01359	0.01469	0.01022	0.01315	0.00887	0.01131	0.00657	0.00764	0.00550	0.00382	0.00321	0.00107	0.00519	0.00260	0.00183	0.00581
4	0.01450	0.01021	0.03183	0.01093	0.01441	0.01012	0.18817	0.21739	0.17914	0.25656	0.01336	0.01306	0.00929	0.00499	0.00450	0.00138	0.00476	0.00447	0.00409	0.00686
5	0.53972	0.05312	0.02696	0.00721	0.01020	0.00962	0.05051	0.03267	0.05143	0.15930	0.01847	0.00949	0.00682	0.00438	0.00329	0.00132	0.00376	0.00309	0.00320	0.00544
6	0.03833	0.01862	0.64809	0.01100	0.01630	0.00897	0.01349	0.01310	0.00912	0.06197	0.01021	0.11293	0.00859	0.00533	0.00423	0.00141	0.00562	0.00434	0.00233	0.00601
7	0.01502	0.01393	0.01294	0.01242	0.13302	0.25801	0.00871	0.41185	0.01572	0.01966	0.00909	0.00991	0.00691	0.00475	0.00411	0.00122	0.00557	0.00355	0.04725	0.00638
8	0.01637	0.01207	0.01293	0.00991	0.01336	0.01336	0.00819	0.80738	0.02025	0.02715	0.01034	0.01034	0.00733	0.00517	0.00431	0.00129	0.00474	0.00388	0.00431	0.00733
9	0.00590	0.00417	0.00539	0.00595	0.00645	0.00399	0.00407	0.00727	0.03894	0.02453	0.15775	0.58736	0.02843	0.07486	0.02197	0.00194	0.00276	0.01050	0.00402	0.00372
10	0.00613	0.00442	0.00580	0.00551	0.00652	0.00410	0.00417	0.00816	0.01211	0.01712	0.79112	0.03276	0.04008	0.00892	0.00511	0.00138	0.00210	0.03573	0.00471	0.00406
11	0.01897	0.00725	0.00988	0.00760	0.01087	0.00627	0.00627	0.02065	0.01233	0.80304	0.03855	0.01513	0.01147	0.00542	0.00435	0.00133	0.00362	0.00442	0.00532	0.00724
12	0.00874	0.05229	0.79720	0.01210	0.01837	0.01026	0.01561	0.01361	0.00908	0.01351	0.00767	0.00902	0.00546	0.00408	0.00404	0.00135	0.00630	0.00315	0.00182	0.00634
13	0.00950	0.00941	0.01300	0.01117	0.01130	0.01305	0.00928	0.01107	0.05191	0.01080	0.00632	0.00980	0.00608	0.00744	0.01359	0.00186	0.79373	0.00383	0.00203	0.00483
14	0.00525	0.00375	0.00500	0.00600	0.00625	0.00350	0.00400	0.00600	0.00825	0.01100	0.02374	0.84580	0.02849	0.01350	0.00550	0.00175	0.00250	0.01225	0.00400	0.00350
15	0.00938	0.00761	0.00843	0.00776	0.00971	0.00839	0.00604	0.05660	0.47341	0.02687	0.16317	0.07792	0.05706	0.00751	0.00472	0.00149	0.00315	0.06063	0.00438	0.00579
16	0.01858	0.00717	0.00976	0.00754	0.01074	0.00620	0.00620	0.02027	0.01232	0.77941	0.06204	0.01564	0.01235	0.00553	0.00437	0.00133	0.00357	0.00453	0.00530	0.00715
17	0.01017	0.01162	0.02542	0.01816	0.02251	0.01089	0.80610	0.01380	0.01017	0.01380	0.00871	0.01162	0.00654	0.00363	0.00508	0.00145	0.00726	0.00508	0.00218	0.00581
18	0.00895	0.08084	0.06471	0.11267	0.01336	0.01173	0.00927	0.01042	0.00720	0.01049	0.00698	0.01110	0.00662	0.05580	0.07781	0.00225	0.49930	0.00382	0.00196	0.00471
19	0.01577	0.01262	0.01245	0.00980	0.01297	0.10746	0.00797	0.67176	0.01888	0.02468	0.05468	0.01125	0.00896	0.00529	0.00430	0.00128	0.00494	0.00397	0.00409	0.00688
20	0.01933	0.00733	0.01000	0.00766	0.01100	0.00633	0.00633	0.02099	0.01233	0.82473	0.01699	0.01466	0.01066	0.00533	0.00433	0.00133	0.00367	0.00433	0.00533	0.00733
21	0.00509	0.00436	0.00436	0.00436	0.00582	0.00364	0.00327	0.00618	0.00982	0.01164	0.04364	0.04146	0.82000	0.01091	0.00509	0.00145	0.00218	0.00909	0.00400	0.00364
22	0.01066	0.01023	0.01748	0.02644	0.82174	0.01023	0.01322	0.01322	0.00981	0.01407	0.00810	0.01066	0.00682	0.00384	0.00426	0.00128	0.00512	0.00384	0.00213	0.00682
23	0.00694	0.00496	0.00694	0.00793	0.00892	0.00496	0.00694	0.00892	0.00992	0.01289	0.02281	0.04859	0.02479	0.01190	0.00595	0.00198	0.00397	0.79275	0.00397	0.00397
24	0.00525	0.00375	0.00500	0.00600	0.00625	0.00350	0.00400	0.00600	0.00825	0.01100	0.02374	0.84580	0.02849	0.01350	0.00550	0.00175	0.00250	0.01225	0.00400	0.00350
25	0.00996	0.01016	0.01186	0.01056	0.02637	0.12506	0.00842	0.03153	0.00850	0.01173	0.10703	0.01248	0.01033	0.00853	0.05729	0.00197	0.53695	0.00418	0.00238	0.00473
26	0.01527	0.01124	0.01240	0.01021	0.04528	0.01236	0.00803	0.63342	0.10527	0.05394	0.04039	0.01192	0.00926	0.00533	0.00434	0.00131	0.00447	0.00414	0.00428	0.00713
27	0.00813	0.00766	0.01292	0.83826	0.02967	0.00957	0.01196	0.01101	0.00861	0.01101	0.00766	0.01148	0.00574	0.00431	0.00431	0.00144	0.00574	0.00383	0.00191	0.00479
28	0.00637	0.00450	0.00563	0.00529	0.00647	0.00406	0.00399	0.00820	0.01172	0.04488	0.63592	0.03341	0.19528	0.00910	0.00506	0.00137	0.00212	0.00793	0.00461	0.00410
29	0.01013	0.00987	0.01655	0.22867	0.57417	0.02786	0.04467	0.01278	0.00958	0.01322	0.00798	0.01084	0.00651	0.00396	0.00430	0.00132	0.00542	0.00386	0.00208	0.00623
30	0.00687	0.00435	0.00550	0.00589	0.00679	0.00393	0.00424	0.00791	0.00922	0.09721	0.04756	0.50716	0.19371	0.01172	0.00526	0.00163	0.00262	0.05429	0.02018	0.00398
31	0.00588	0.00431	0.00551	0.00539	0.00635	0.00394	0.00397	0.00764	0.01142	0.01585	0.63337	0.14262	0.11838	0.00965	0.00514	0.00142	0.00211	0.00852	0.00457	0.00394
32	0.00548	0.00392	0.00516	0.00608	0.00639	0.00370	0.00408	0.02242	0.00849	0.01133	0.02347	0.82868	0.02806	0.01332	0.00547	0.00174	0.00255	0.01207	0.00400	0.00358
33	0.01115	0.04275	0.22083	0.13477	0.15032	0.00962	0.15740	0.01451	0.02267	0.15640	0.01009	0.01224	0.00748	0.00444	0.00438	0.00137	0.00558	0.02514	0.00267	0.00619
34	0.00672	0.00519	0.00727	0.00715	0.00813	0.00604	0.00556	0.00957	0.10682	0.01099	0.01228	0.01682	0.01106	0.02903	0.72916	0.00625	0.01053	0.00465	0.00256	0.00421
35	0.00605	0.00436	0.00555	0.00572	0.00667	0.00401	0.00430	0.00760	0.01058	0.02771	0.38652	0.22510	0.17206	0.01059	0.00527	0.00154	0.00243	0.10569	0.00435	0.00390
36	0.00978	0.01009	0.03899	0.25883	0.40929	0.01017	0.17429	0.01271	0.00952	0.01312	0.00809	0.01105	0.00642	0.00394	0.00444	0.00136	0.00577	0.00407	0.00207	0.00602
37	0.03119	0.11338	0.12297	0.00822	0.01200	0.00821	0.00774	0.01885	0.01136	0.60019	0.01419	0.01282	0.00922	0.00494	0.00408	0.00129	0.00414	0.00389	0.00438	0.00693
38	0.00593	0.00437	0.00554	0.00529	0.00634	0.00399	0.00395	0.00778	0.01173	0.01627	0.68419	0.06241	0.14766	0.00926	0.00510	0.00138	0.00207	0.00813	0.00461	0.00399
39	0.00964	0.01452	0.28735	0.12997	0.07626	0.01046	0.35226	0.04205	0.00994	0.01386	0.00826	0.01065	0.00612	0.00395	0.00456	0.00140	0.00652	0.00415	0.00210	0.00598
40	0.01515	0.14108	0.05339	0.01087	0.08631	0.11570	0.00855	0.32156	0.02625	0.16455	0.01019	0.01032	0.00738	0.00472	0.00401	0.00122	0.00500	0.00356	0.00353	0.00666
41	0.75109	0.02907	0.02660	0.00663	0.02448	0.03129	0.00545	0.05743	0.00830	0.01909	0.00634	0.00732	0.00492	0.00407	0.00286	0.00131	0.00366	0.00248	0.00270	0.00492
42	0.01021	0.08745	0.27649	0.01590	0.21248	0.02470	0.16666	0.04122	0.08561	0.01426	0.00930	0.01085	0.01684	0.00420	0.00425	0.00133	0.00572	0.00388	0.00233	0.00631
43	0.00564	0.05135	0.00599	0.00602	0.00649	0.00429	0.00415	0.00644	0.00835	0.01105	0.04101	0.75420	0.03747	0.02865	0.00564	0.00174	0.00263	0.01143	0.00387	0.00361
44	0.01048	0.01005	0.07574	0.02728	0.24395	0.00837	0.04201	0.07259	0.03186	0.04869	0.00869	0.01013	0.00686	0.00379	0.00383	0.00102	0.00434	0.00333	0.00265	0.38435
45	0.18877	0.00749	0.01839	0.07655	0.02070	0.00702	0.00605	0.03028	0.01881	0.13399	0.09365	0.03389	0.01177	0.00516	0.00381	0.00116	0.00351	0.04804	0.00331	0.28764
46	0.01498	0.01853	0.01232	0.12722	0.01561	0.69759	0.00883	0.03405	0.01188	0.01098	0.00688	0.00835	0.00562	0.00444	0.00395	0.00116	0.00742	0.00295	0.00222	0.00502

[dist]
# distance from previous block
# <min> <max>
0	4

[block]
# block no. 8 follows, 61 sequences, length 64
# corresponding to MSA columns:
# 349-354,366-406,412-428
name=unknown_I
#
# <colnr> <probs for GDERKNQSTAVLIFYWHMCP>
#	G	D	E	R	K	N	Q	S	T	A	V	L	I	F	Y	W	H	M	C	P
0	0.00978	0.01016	0.01498	0.03466	0.01402	0.06097	0.17529	0.01146	0.00805	0.01155	0.00710	0.03113	0.00650	0.00610	0.00988	0.00159	0.47585	0.00406	0.00210	0.10477
1	0.02347	0.08861	0.66668	0.01135	0.01711	0.01035	0.01410	0.01435	0.03526	0.06757	0.00849	0.00948	0.00604	0.00420	0.00399	0.00133	0.00590	0.00323	0.00215	0.00635
2	0.00536	0.00427	0.00481	0.00490	0.00604	0.00371	0.00359	0.00661	0.01011	0.01286	0.22405	0.18016	0.49660	0.01086	0.00516	0.00148	0.00220	0.00934	0.00418	0.00371
3	0.00525	0.00375	0.00500	0.00600	0.00625	0.00350	0.00400	0.00600	0.00825	0.01100	0.02374	0.84580	0.02849	0.01350	0.00550	0.00175	0.00250	0.01225	0.00400	0.00350
