[name]
unknown

[dist]
# distance from previous block
# <min> <max>
0	22

[block]
# block no. 0 follows, 58 sequences, length 33
# corresponding to MSA columns:
# 22-54
name=unknown_A
#
# <colnr> <probs for GDERKNQSTAVLIFYWHMCP>
#	G	D	E	R	K	N	Q	S	T	A	V	L	I	F	Y	W	H	M	C	P
0	0.08164	0.06728	0.01330	0.25892	0.07215	0.05975	0.05957	0.08637	0.06811	0.03139	0.06067	0.01520	0.01048	0.00536	0.00438	0.00141	0.00508	0.05910	0.00294	0.03688
1	0.19578	0.00978	0.05943	0.11273	0.04055	0.03257	0.00794	0.13923	0.02611	0.07382	0.05483	0.01229	0.00918	0.00744	0.07335	0.00185	0.04798	0.00385	0.02585	0.06542
2	0.12629	0.02252	0.09514	0.03166	0.01340	0.21029	0.09079	0.07660	0.01165	0.07293	0.13220	0.02553	0.01250	0.00656	0.03780	0.00158	0.00568	0.00438	0.01701	0.00551
3	0.02240	0.04590	0.01404	0.40582	0.02155	0.01127	0.04625	0.12268	0.01053	0.06295	0.00887	0.03022	0.00704	0.00546	0.00641	0.00154	0.16476	0.00417	0.00262	0.00554
4	0.75690	0.00831	0.00682	0.04221	0.00951	0.00952	0.00512	0.01280	0.00797	0.03715	0.00926	0.01012	0.06090	0.00469	0.00306	0.00140	0.00350	0.00302	0.00289	0.00484
5	0.00628	0.00476	0.00604	0.00614	0.02789	0.00439	0.00438	0.00831	0.02857	0.01613	0.55348	0.11880	0.17845	0.00985	0.00529	0.00147	0.00230	0.00865	0.00463	0.00421
6	0.03032	0.04643	0.07344	0.01397	0.09986	0.11466	0.19553	0.24440	0.05396	0.03465	0.02360	0.03019	0.00833	0.00489	0.00454	0.00137	0.00587	0.00436	0.00315	0.00650
7	0.00886	0.00838	0.01417	0.70443	0.15517	0.01005	0.01263	0.01179	0.00914	0.01193	0.00802	0.01179	0.00614	0.00440	0.00447	0.00147	0.00586	0.00398	0.00202	0.00530
8	0.00605	0.00451	0.00562	0.00546	0.00654	0.00408	0.00405	0.00785	0.01182	0.01622	0.59260	0.10510	0.19360	0.01000	0.00532	0.00146	0.00218	0.00876	0.00471	0.00408
9	0.00591	0.00455	0.00622	0.11330	0.00956	0.00453	0.00510	0.00707	0.00897	0.01179	0.07111	0.56846	0.11404	0.04010	0.00605	0.00180	0.00303	0.01073	0.00387	0.00383
10	0.04601	0.12930	0.13347	0.10315	0.04559	0.01036	0.03457	0.03754	0.07587	0.25834	0.02782	0.02042	0.00909	0.00512	0.00469	0.00138	0.04334	0.00405	0.00344	0.00645
11	0.01120	0.01080	0.01748	0.02583	0.74158	0.02874	0.01316	0.01451	0.06530	0.01482	0.00906	0.01139	0.00751	0.00414	0.00443	0.00134	0.00525	0.00404	0.00238	0.00704
12	0.00547	0.00406	0.00510	0.00584	0.00641	0.00370	0.00400	0.00639	0.00913	0.01192	0.07313	0.62961	0.19255	0.01318	0.00560	0.00173	0.00250	0.01178	0.00420	0.00370
13	0.01116	0.18921	0.36949	0.02469	0.07292	0.06841	0.06478	0.04686	0.03125	0.04084	0.00830	0.00966	0.00635	0.00440	0.00441	0.00132	0.03393	0.00341	0.00227	0.00633
14	0.04815	0.01339	0.03735	0.01159	0.05143	0.27017	0.10077	0.06587	0.02258	0.23910	0.01091	0.01161	0.00795	0.00664	0.05463	0.00169	0.03273	0.00391	0.00336	0.00618
15	0.01585	0.01019	0.01151	0.00910	0.01208	0.01085	0.00734	0.52195	0.01716	0.17365	0.01285	0.06309	0.00999	0.04342	0.00615	0.05437	0.00448	0.00475	0.00442	0.00681
16	0.00603	0.00468	0.00555	0.00570	0.00686	0.00429	0.00432	0.00789	0.03749	0.01406	0.26226	0.16772	0.34590	0.01106	0.00543	0.00159	0.00253	0.09822	0.00439	0.00403
17	0.01275	0.03800	0.15317	0.15713	0.15402	0.29243	0.03486	0.03698	0.02149	0.04601	0.00828	0.01006	0.00641	0.00445	0.00426	0.00131	0.00656	0.00352	0.00237	0.00595
18	0.05072	0.13318	0.12147	0.00988	0.01360	0.15643	0.00899	0.26986	0.03188	0.14693	0.01014	0.01029	0.00733	0.00486	0.00407	0.00128	0.00542	0.00353	0.00348	0.00665
19	0.62391	0.01103	0.13447	0.06624	0.03306	0.01015	0.03761	0.01325	0.00817	0.01819	0.00679	0.00821	0.00518	0.00417	0.00326	0.00140	0.00433	0.00282	0.00254	0.00523
20	0.01379	0.02929	0.11446	0.01504	0.13141	0.45404	0.13013	0.01605	0.01141	0.01237	0.00756	0.00930	0.00610	0.00442	0.00455	0.00128	0.02736	0.00347	0.00222	0.00576
21	0.00643	0.00465	0.00647	0.00647	0.00702	0.00520	0.00470	0.00753	0.00698	0.00985	0.01264	0.02121	0.01276	0.28496	0.57581	0.00630	0.00961	0.00532	0.00249	0.00360
22	0.00639	0.00479	0.00719	0.00719	0.00799	0.00559	0.00559	0.00799	0.00719	0.01038	0.01198	0.01757	0.01118	0.03355	0.82507	0.00719	0.01198	0.00479	0.00240	0.00399
23	0.00895	0.02122	0.71518	0.01281	0.01891	0.01008	0.06348	0.01384	0.00957	0.01412	0.00917	0.01244	0.00712	0.00478	0.00445	0.00147	0.00650	0.05744	0.00207	0.00640
24	0.03674	0.00798	0.01052	0.00808	0.01154	0.00716	0.00668	0.07649	0.01328	0.74654	0.01694	0.01475	0.01071	0.00550	0.00446	0.00138	0.00388	0.00442	0.00541	0.00756
25	0.00979	0.00979	0.01370	0.01174	0.01174	0.01370	0.00979	0.01077	0.00685	0.01077	0.00587	0.00979	0.00587	0.00783	0.01468	0.00196	0.83461	0.00391	0.00196	0.00489
26	0.01035	0.01164	0.02522	0.01820	0.02252	0.01094	0.75025	0.01402	0.01054	0.01427	0.00994	0.01441	0.00795	0.00430	0.00533	0.00154	0.00733	0.05294	0.00238	0.00592
27	0.00686	0.00501	0.00698	0.00822	0.03247	0.00492	0.00658	0.00862	0.00991	0.01294	0.02427	0.22407	0.05598	0.01244	0.00599	0.00196	0.00375	0.56088	0.00407	0.00409
28	0.00649	0.00473	0.00709	0.00709	0.00784	0.00547	0.00547	0.00784	0.00709	0.01020	0.01168	0.01729	0.01094	0.03228	0.76813	0.06800	0.01141	0.00473	0.00236	0.00385
29	0.00875	0.00826	0.01397	0.73831	0.12216	0.01002	0.01258	0.01170	0.00909	0.01180	0.00800	0.01183	0.00609	0.00442	0.00447	0.00147	0.00589	0.00398	0.00201	0.00522
30	0.01213	0.00999	0.01065	0.00930	0.01197	0.01141	0.00737	0.17884	0.61316	0.02037	0.01696	0.01702	0.01299	0.00621	0.00461	0.00151	0.00384	0.04009	0.00452	0.00705
31	0.00548	0.00403	0.00514	0.00593	0.00643	0.00369	0.00404	0.00639	0.00906	0.01192	0.07577	0.66864	0.15046	0.01331	0.00562	0.00174	0.00252	0.01193	0.00420	0.00369
32	0.00648	0.00488	0.00718	0.00713	0.00786	0.00569	0.00549	0.00795	0.00713	0.01027	0.01199	0.01820	0.01141	0.08890	0.75107	0.00687	0.03027	0.00489	0.00241	0.00393

[dist]
# distance from previous block
# <min> <max>
0	3

[block]
# block no. 1 follows, 58 sequences, length 44
# corresponding to MSA columns:
# 58-101
name=unknown_B
#
# <colnr> <probs for GDERKNQSTAVLIFYWHMCP>
#	G	D	E	R	K	N	Q	S	T	A	V	L	I	F	Y	W	H	M	C	P
0	0.00738	0.00546	0.00629	0.00650	0.00758	0.02109	0.00470	0.03285	0.09949	0.04676	0.07113	0.45328	0.16246	0.01133	0.00530	0.00165	0.00286	0.02345	0.02603	0.00441
1	0.23823	0.00992	0.01088	0.07420	0.06155	0.03211	0.00765	0.22342	0.09740	0.17001	0.01142	0.01206	0.00829	0.00511	0.00406	0.00140	0.00436	0.01761	0.00384	0.00647
2	0.01022	0.01134	0.02431	0.03042	0.03400	0.01071	0.70202	0.01381	0.01050	0.01420	0.01037	0.01559	0.00853	0.00458	0.00534	0.00156	0.00717	0.07704	0.00243	0.00586
3	0.03716	0.01176	0.08903	0.16415	0.44568	0.03687	0.12348	0.01357	0.00996	0.01403	0.00827	0.01100	0.00661	0.00409	0.00448	0.00139	0.00589	0.00402	0.00217	0.00640
4	0.01142	0.01222	0.03918	0.18855	0.49857	0.14627	0.01269	0.01396	0.01033	0.01334	0.00806	0.01070	0.00660	0.00420	0.00437	0.00133	0.00594	0.00378	0.00217	0.00632
5	0.00689	0.00540	0.00820	0.00903	0.08223	0.00614	0.00628	0.00849	0.00743	0.01070	0.01165	0.01741	0.01096	0.07023	0.69509	0.00641	0.02607	0.00479	0.00239	0.00423
6	0.02301	0.12838	0.10976	0.01133	0.08288	0.11057	0.04366	0.17892	0.03590	0.09839	0.01111	0.08191	0.00936	0.02391	0.00466	0.00138	0.00521	0.00445	0.00323	0.03202
7	0.02633	0.19967	0.49669	0.01101	0.02971	0.01143	0.01280	0.01439	0.00975	0.08763	0.04176	0.01047	0.00771	0.00453	0.00415	0.00132	0.01850	0.00342	0.00238	0.00636
8	0.00733	0.00437	0.00560	0.00609	0.00682	0.00410	0.00426	0.00859	0.01924	0.08681	0.04670	0.60394	0.02532	0.01165	0.00518	0.00164	0.00263	0.01043	0.13517	0.00414
9	0.00644	0.00476	0.00682	0.00765	0.04355	0.00444	0.03755	0.00752	0.00903	0.03753	0.02476	0.62867	0.09888	0.02539	0.00584	0.00179	0.00301	0.03832	0.00401	0.00403
10	0.01030	0.18647	0.35127	0.02894	0.06031	0.07279	0.06753	0.01420	0.05212	0.01338	0.02004	0.01367	0.00860	0.00505	0.00425	0.00137	0.00588	0.07542	0.00236	0.00604
11	0.00632	0.00471	0.00600	0.00673	0.00744	0.00463	0.00493	0.00849	0.08267	0.01275	0.05744	0.54039	0.07536	0.01262	0.00564	0.00180	0.00292	0.15085	0.00421	0.00407
12	0.00545	0.00391	0.00517	0.00618	0.00648	0.00364	0.00413	0.00623	0.00861	0.01144	0.02526	0.81665	0.05242	0.01394	0.00570	0.00181	0.00259	0.01262	0.00415	0.00364
13	0.00752	0.03063	0.02321	0.00809	0.00922	0.01718	0.07844	0.01881	0.00759	0.01052	0.01123	0.01807	0.01092	0.18444	0.43667	0.07446	0.04171	0.00493	0.00239	0.00396
14	0.01296	0.18507	0.14125	0.02853	0.14157	0.22712	0.03408	0.10266	0.02789	0.01413	0.00788	0.00931	0.00636	0.00451	0.00442	0.00126	0.03912	0.00333	0.00241	0.00614
15	0.83903	0.00861	0.00673	0.00597	0.00877	0.00989	0.00492	0.01351	0.00783	0.05309	0.00670	0.00760	0.00510	0.00421	0.00284	0.00138	0.00347	0.00251	0.00288	0.00496
16	0.01660	0.00882	0.01050	0.00823	0.01136	0.00872	0.00674	0.29623	0.01535	0.39866	0.04965	0.01698	0.08499	0.00614	0.00454	0.00137	0.00392	0.00492	0.03930	0.00698
17	0.00793	0.03411	0.05204	0.00877	0.05401	0.01832	0.03033	0.01185	0.16936	0.01398	0.04683	0.24308	0.14167	0.00954	0.00511	0.00161	0.00357	0.11439	0.02855	0.00496
18	0.00763	0.00626	0.00904	0.07643	0.08637	0.00646	0.04398	0.03259	0.10068	0.01364	0.09206	0.38273	0.04448	0.01096	0.03861	0.02715	0.00390	0.00861	0.00369	0.00471
19	0.00580	0.00406	0.00516	0.00591	0.00612	0.00388	0.00384	0.00640	0.00803	0.01070	0.02164	0.58606	0.02570	0.24858	0.01055	0.00254	0.00314	0.03477	0.00374	0.00339
20	0.00591	0.00460	0.00587	0.00634	0.00681	0.00465	0.00446	0.00679	0.00876	0.01160	0.05923	0.54406	0.16663	0.05733	0.00736	0.00189	0.07925	0.01079	0.00391	0.00375
21	0.01114	0.06142	0.26199	0.10912	0.01927	0.03041	0.21518	0.09358	0.01099	0.06157	0.00916	0.01102	0.00675	0.00451	0.00488	0.00141	0.04046	0.00403	0.03693	0.00618
22	0.01141	0.01208	0.04524	0.11220	0.12699	0.18089	0.00998	0.01307	0.00931	0.05121	0.00933	0.01228	0.04010	0.03975	0.00881	0.00167	0.30393	0.00405	0.00236	0.00534
23	0.01121	0.31062	0.18261	0.07822	0.10003	0.07302	0.06438	0.01376	0.00950	0.02988	0.00742	0.00924	0.00609	0.00444	0.00482	0.00129	0.08215	0.00329	0.00208	0.00594
24	0.01056	0.01207	0.02640	0.01885	0.02338	0.01131	0.79864	0.01433	0.01056	0.01433	0.00905	0.01207	0.00679	0.00377	0.00528	0.00151	0.00754	0.00528	0.00226	0.00603
25	0.00884	0.03369	0.11228	0.01242	0.02856	0.00942	0.26483	0.01131	0.00910	0.01284	0.08359	0.05338	0.01177	0.03689	0.12217	0.03699	0.13908	0.00524	0.00251	0.00510
26	0.17833	0.00850	0.01753	0.00799	0.01089	0.00860	0.03150	0.07871	0.18354	0.27332	0.04485	0.03868	0.06747	0.00602	0.00429	0.00142	0.00370	0.00486	0.00435	0.02543
27	0.03824	0.01137	0.01206	0.00941	0.01270	0.01243	0.00773	0.67398	0.01924	0.02584	0.01520	0.01493	0.11419	0.00613	0.00454	0.00137	0.00453	0.00470	0.00439	0.00703
28	0.67520	0.00829	0.00728	0.00627	0.00910	0.00914	0.00515	0.01462	0.00881	0.17335	0.04092	0.00985	0.00755	0.00462	0.00320	0.00139	0.00347	0.00305	0.00339	0.00535
29	0.01771	0.00806	0.01025	0.00814	0.01134	0.00761	0.00663	0.05988	0.15075	0.60298	0.04063	0.01628	0.02683	0.00583	0.00454	0.00141	0.00374	0.00476	0.00527	0.00735
30	0.01196	0.84548	0.02344	0.00765	0.01148	0.01770	0.00765	0.01339	0.00909	0.01052	0.00622	0.00718	0.00574	0.00383	0.00287	0.00096	0.00478	0.00239	0.00191	0.00574
31	0.00547	0.00391	0.00521	0.00621	0.00649	0.00365	0.00415	0.00628	0.00867	0.01158	0.04450	0.81956	0.02990	0.01389	0.00570	0.00181	0.00258	0.01260	0.00417	0.00365
32	0.39246	0.00838	0.00856	0.00709	0.01003	0.00883	0.00580	0.08030	0.06572	0.29520	0.02795	0.01191	0.00889	0.00501	0.00369	0.00137	0.00361	0.00365	0.04542	0.00613
33	0.00748	0.00702	0.00798	0.00733	0.00894	0.08008	0.07765	0.04056	0.03059	0.01281	0.03035	0.26776	0.38346	0.01043	0.00524	0.00156	0.00352	0.00909	0.00383	0.00431
34	0.00545	0.00389	0.00519	0.00623	0.00649	0.00363	0.00415	0.00623	0.00856	0.01142	0.02465	0.83987	0.02959	0.01401	0.00571	0.00182	0.00260	0.01272	0.00415	0.00363
35	0.00591	0.00430	0.00540	0.00577	0.00628	0.00424	0.00392	0.00671	0.00808	0.01070	0.03661	0.32016	0.14769	0.24069	0.16942	0.00348	0.00483	0.00890	0.00344	0.00349
36	0.00713	0.00481	0.00576	0.00546	0.00689	0.00424	0.00415	0.00873	0.01139	0.08876	0.36202	0.07589	0.36292	0.01003	0.00525	0.00148	0.00240	0.02377	0.00460	0.00432
37	0.01220	0.52479	0.11300	0.01099	0.08711	0.13697	0.03377	0.01421	0.00981	0.01150	0.00682	0.00808	0.00589	0.00401	0.00342	0.00109	0.00562	0.00281	0.00201	0.00589
38	0.00902	0.00666	0.00785	0.00700	0.00875	0.00690	0.00541	0.08564	0.20929	0.04939	0.51266	0.02651	0.03080	0.00790	0.00499	0.00143	0.00279	0.00683	0.00481	0.00537
39	0.00545	0.00389	0.00519	0.00623	0.00649	0.00363	0.00415	0.00623	0.00856	0.01142	0.02465	0.83987	0.02959	0.01401	0.00571	0.00182	0.00260	0.01272	0.00415	0.00363
40	0.01094	0.06496	0.21977	0.02767	0.04607	0.07003	0.04679	0.13807	0.13728	0.01709	0.13272	0.01563	0.04228	0.00568	0.00448	0.00138	0.00500	0.00469	0.00332	0.00618
41	0.01156	0.01024	0.01776	0.09640	0.54948	0.01039	0.10101	0.01421	0.01022	0.08815	0.00919	0.01159	0.00727	0.00430	0.00494	0.00139	0.03848	0.00417	0.00250	0.00674
42	0.07553	0.01101	0.01350	0.10225	0.01576	0.01205	0.08112	0.47181	0.06257	0.06565	0.01186	0.01237	0.03342	0.00528	0.00446	0.00139	0.00495	0.00428	0.00392	0.00682
43	0.19582	0.04008	0.25987	0.01058	0.04023	0.05768	0.03346	0.04402	0.07059	0.07170	0.01750	0.04460	0.00801	0.00527	0.00499	0.00145	0.08152	0.00388	0.00281	0.00596

[dist]
# distance from previous block
# <min> <max>
1	8

[block]
# block no. 2 follows, 58 sequences, length 18
# corresponding to MSA columns:
# 110-127
name=unknown_C
#
# <colnr> <probs for GDERKNQSTAVLIFYWHMCP>
#	G	D	E	R	K	N	Q	S	T	A	V	L	I	F	Y	W	H	M	C	P
0	0.01075	0.20292	0.07513	0.02888	0.01199	0.05989	0.00720	0.03696	0.04285	0.04544	0.06563	0.01180	0.02657	0.00446	0.00367	0.00099	0.00424	0.00343	0.00282	0.35437
1	0.06699	0.03078	0.02890	0.00840	0.01092	0.10147	0.00679	0.19153	0.12947	0.07310	0.01275	0.04107	0.02302	0.04624	0.06679	0.00189	0.02268	0.00440	0.07573	0.05710
2	0.02307	0.18112	0.28981	0.01134	0.04187	0.04496	0.08255	0.05639	0.05952	0.03577	0.02560	0.02484	0.00825	0.04612	0.00532	0.00147	0.02942	0.00389	0.00253	0.02615
3	0.04466	0.09864	0.23232	0.00981	0.02915	0.05978	0.05516	0.05267	0.02314	0.01409	0.06905	0.15051	0.05873	0.00799	0.03783	0.01657	0.00514	0.00563	0.00291	0.02622
4	0.00757	0.00495	0.00667	0.00655	0.00704	0.03169	0.02151	0.00721	0.00717	0.00953	0.03162	0.04268	0.04433	0.06405	0.16755	0.46954	0.00549	0.04463	0.01731	0.00290
5	0.00694	0.00515	0.00577	0.00566	0.00666	0.00502	0.00404	0.04435	0.05612	0.01292	0.11155	0.06688	0.25800	0.28947	0.01109	0.00248	0.00330	0.07072	0.03000	0.00387
6	0.01043	0.12620	0.26751	0.06486	0.07882	0.03998	0.11861	0.04549	0.02964	0.01413	0.00822	0.00994	0.00639	0.00415	0.00429	0.00125	0.02159	0.00351	0.00228	0.14271
7	0.01028	0.00996	0.01602	0.17121	0.53261	0.03701	0.03340	0.01274	0.00979	0.01341	0.00995	0.01329	0.03842	0.04725	0.00565	0.00153	0.02469	0.00432	0.00227	0.00621
8	0.00541	0.00418	0.00494	0.00549	0.00631	0.00371	0.00384	0.00638	0.00939	0.01191	0.05903	0.47708	0.36091	0.01272	0.00552	0.00167	0.00244	0.01118	0.00418	0.00371
9	0.16910	0.00878	0.00974	0.05919	0.01200	0.00938	0.00673	0.15737	0.17444	0.20478	0.01329	0.01350	0.00962	0.00528	0.00405	0.00136	0.00386	0.01589	0.07974	0.04190
10	0.05945	0.07259	0.07182	0.09739	0.19134	0.13757	0.00990	0.08696	0.08122	0.05174	0.01066	0.06262	0.00907	0.00539	0.00441	0.00138	0.01444	0.02305	0.00292	0.00608
11	0.00545	0.00409	0.00506	0.00576	0.00638	0.00370	0.00396	0.00639	0.00919	0.01192	0.07012	0.59507	0.23049	0.01308	0.00558	0.00172	0.00249	0.01164	0.00419	0.00370
12	0.00612	0.00431	0.00497	0.00515	0.00549	0.00416	0.00320	0.00654	0.00764	0.01000	0.04161	0.17379	0.14780	0.51766	0.03984	0.00344	0.00386	0.00806	0.00325	0.00312
13	0.11433	0.01206	0.14469	0.13306	0.04884	0.01084	0.00969	0.28462	0.04383	0.09782	0.01040	0.01126	0.00745	0.00489	0.00418	0.00138	0.00490	0.00380	0.04543	0.00652
14	0.05146	0.02558	0.01065	0.02801	0.26526	0.04698	0.00808	0.02332	0.02049	0.01362	0.01845	0.24046	0.09585	0.00859	0.00492	0.00156	0.00408	0.10664	0.02089	0.00513
15	0.00608	0.00464	0.00559	0.00607	0.00713	0.00427	0.00476	0.00742	0.00983	0.01237	0.05653	0.15058	0.36261	0.07104	0.00689	0.00193	0.00308	0.27131	0.00406	0.00381
16	0.13618	0.05763	0.04136	0.01074	0.06845	0.13007	0.02366	0.35188	0.01463	0.02040	0.00924	0.02670	0.00723	0.00495	0.00413	0.00128	0.01425	0.00366	0.02980	0.04376
17	0.01180	0.02420	0.01106	0.03322	0.01224	0.00821	0.03749	0.17045	0.03625	0.08666	0.02506	0.01116	0.00822	0.00424	0.00382	0.00098	0.00390	0.00345	0.03201	0.47560

[dist]
# distance from previous block
# <min> <max>
0	2

[block]
# block no. 3 follows, 58 sequences, length 18
# corresponding to MSA columns:
# 130-147
name=unknown_D
#
# <colnr> <probs for GDERKNQSTAVLIFYWHMCP>
#	G	D	E	R	K	N	Q	S	T	A	V	L	I	F	Y	W	H	M	C	P
0	0.01077	0.00832	0.00890	0.00783	0.00997	0.03585	0.00609	0.18279	0.23489	0.05555	0.12112	0.08820	0.12858	0.02077	0.04245	0.00176	0.00393	0.00635	0.02008	0.00579
1	0.00943	0.00693	0.00839	0.00654	0.00953	0.00562	0.00514	0.01168	0.03268	0.09105	0.21950	0.04813	0.01739	0.00553	0.00406	0.00099	0.00302	0.00469	0.00363	0.50605
2	0.00925	0.06722	0.71915	0.01291	0.01922	0.01085	0.07226	0.01414	0.00950	0.01398	0.00800	0.00951	0.00575	0.00419	0.00425	0.00140	0.00658	0.00340	0.00192	0.00652
3	0.00845	0.00795	0.01342	0.83204	0.03081	0.00994	0.01242	0.01143	0.00894	0.01143	0.00795	0.01193	0.00596	0.00447	0.00447	0.00149	0.00596	0.00398	0.00199	0.00497
4	0.00990	0.27920	0.57171	0.01116	0.01691	0.01267	0.01376	0.01393	0.00933	0.01303	0.00746	0.00874	0.00569	0.00412	0.00382	0.00127	0.00604	0.00302	0.00190	0.00634
5	0.01229	0.00996	0.01136	0.00955	0.01228	0.04522	0.06385	0.12620	0.45506	0.08438	0.08287	0.01721	0.03721	0.00611	0.00465	0.00146	0.00408	0.00517	0.00438	0.00671
6	0.00630	0.00435	0.00532	0.00565	0.00590	0.00433	0.00367	0.00680	0.00745	0.00992	0.01791	0.21266	0.03828	0.50230	0.07604	0.00371	0.00444	0.07864	0.00317	0.00317
7	0.00550	0.00415	0.00509	0.00567	0.00638	0.00374	0.00394	0.00654	0.00950	0.01236	0.12126	0.51815	0.25612	0.01268	0.00554	0.00168	0.00244	0.01124	0.00424	0.00374
8	0.01290	0.04135	0.01494	0.01150	0.01439	0.17090	0.21279	0.03696	0.11054	0.14564	0.08718	0.03030	0.02754	0.00622	0.02350	0.00154	0.03749	0.00493	0.00345	0.00594
9	0.01281	0.01342	0.06562	0.16857	0.11771	0.20807	0.04507	0.18385	0.01272	0.03206	0.00978	0.07095	0.00825	0.00539	0.00472	0.00139	0.02639	0.00438	0.00287	0.00596
10	0.01676	0.00763	0.00968	0.00768	0.01070	0.00708	0.00626	0.09901	0.05380	0.54759	0.07427	0.01826	0.07328	0.00622	0.00456	0.00138	0.00360	0.00509	0.04023	0.00692
11	0.00571	0.00432	0.00529	0.00567	0.00655	0.00390	0.00410	0.00700	0.01018	0.01336	0.22859	0.35474	0.27026	0.01189	0.00550	0.00163	0.00245	0.05066	0.00434	0.00385
12	0.03185	0.00978	0.01717	0.32143	0.40598	0.01045	0.11266	0.01295	0.00971	0.01355	0.00827	0.01142	0.00658	0.00414	0.00451	0.00141	0.00579	0.00411	0.00215	0.00612
13	0.00771	0.00391	0.00578	0.00578	0.00578	0.00391	0.00383	0.00586	0.00586	0.00781	0.00806	0.01431	0.00816	0.05326	0.01772	0.83039	0.00391	0.00400	0.00198	0.00198
14	0.01667	0.01236	0.01323	0.01022	0.01374	0.01371	0.00842	0.75544	0.06612	0.02765	0.01117	0.01108	0.00795	0.00541	0.00448	0.00135	0.00484	0.00409	0.00448	0.00758
15	0.05805	0.00778	0.00867	0.00755	0.00984	0.00802	0.00608	0.24255	0.06371	0.10739	0.06503	0.08205	0.19185	0.00829	0.00487	0.00151	0.00358	0.09563	0.02189	0.00565
16	0.02806	0.12018	0.12036	0.03974	0.26895	0.02416	0.01044	0.08523	0.08102	0.08158	0.01204	0.06306	0.03537	0.00532	0.00429	0.00135	0.00486	0.00450	0.00300	0.00648
17	0.28201	0.07914	0.07338	0.00796	0.01040	0.05794	0.00698	0.05148	0.04641	0.01601	0.07029	0.07374	0.05521	0.00645	0.00513	0.00145	0.09713	0.03130	0.00305	0.02455

[dist]
# distance from previous block
# <min> <max>
2	9

[block]
# block no. 4 follows, 58 sequences, length 44
# corresponding to MSA columns:
# 158-167,170-176,184-210
name=unknown_E
#
# <colnr> <probs for GDERKNQSTAVLIFYWHMCP>
#	G	D	E	R	K	N	Q	S	T	A	V	L	I	F	Y	W	H	M	C	P
0	0.02801	0.00825	0.01030	0.02640	0.11541	0.04306	0.02781	0.05643	0.17820	0.03531	0.04179	0.13421	0.01449	0.05408	0.07350	0.02485	0.02266	0.03993	0.00344	0.06187
1	0.83125	0.00875	0.00715	0.00696	0.04894	0.01006	0.00529	0.01318	0.00774	0.01980	0.00634	0.00746	0.00496	0.00414	0.00285	0.00138	0.00355	0.00250	0.00274	0.00496
2	0.01053	0.10368	0.01473	0.01125	0.01186	0.05469	0.00946	0.02804	0.00769	0.01111	0.00607	0.00943	0.00589	0.00717	0.01262	0.00179	0.68322	0.00370	0.00202	0.00506
3	0.00929	0.00800	0.00939	0.00675	0.01063	0.00616	0.00541	0.01125	0.00922	0.01448	0.00790	0.00929	0.00661	0.00343	0.00360	0.00069	0.02405	0.00268	0.00263	0.84855
4	0.05275	0.11831	0.01794	0.00852	0.06458	0.01608	0.01639	0.04385	0.03013	0.09644	0.05975	0.25911	0.01787	0.10197	0.04184	0.00206	0.00416	0.03977	0.00356	0.00492
5	0.00589	0.00419	0.00561	0.00659	0.00700	0.00400	0.00473	0.00690	0.00883	0.01169	0.02388	0.62608	0.02804	0.05836	0.00673	0.00200	0.00302	0.17871	0.00407	0.00369
6	0.00956	0.00946	0.01328	0.01145	0.01150	0.01317	0.00951	0.01058	0.00687	0.01074	0.00627	0.01029	0.00622	0.00951	0.06757	0.00230	0.78091	0.00397	0.00199	0.00483
7	0.01064	0.01127	0.04127	0.08308	0.44935	0.01082	0.29891	0.01379	0.01021	0.01426	0.00860	0.01145	0.00686	0.00395	0.00474	0.00141	0.00620	0.00444	0.00221	0.00654
8	0.02116	0.02416	0.04518	0.13547	0.16149	0.03539	0.00835	0.05063	0.01021	0.07077	0.02684	0.20086	0.09073	0.02986	0.02934	0.00175	0.00455	0.03302	0.01501	0.00523
9	0.00548	0.00443	0.00479	0.00491	0.00611	0.00383	0.00355	0.00659	0.00998	0.01235	0.11253	0.16111	0.57930	0.05711	0.00631	0.00170	0.00241	0.00965	0.00415	0.00374
10	0.07144	0.00768	0.01015	0.00783	0.01125	0.00678	0.00647	0.02128	0.01249	0.77001	0.01696	0.01475	0.01070	0.00545	0.00439	0.00138	0.00379	0.00437	0.00537	0.00745
11	0.02649	0.01292	0.15114	0.10530	0.09614	0.03749	0.37527	0.01340	0.00988	0.01372	0.02361	0.02520	0.00758	0.00535	0.02967	0.00166	0.05242	0.00464	0.00225	0.00587
12	0.00620	0.00474	0.00572	0.00554	0.00675	0.00436	0.00417	0.00838	0.04278	0.01586	0.50358	0.07121	0.26450	0.00995	0.00529	0.00148	0.00228	0.02840	0.00463	0.00418
13	0.00668	0.00477	0.00634	0.00649	0.00705	0.00511	0.00472	0.02382	0.00774	0.01061	0.01521	0.09013	0.01623	0.31676	0.35286	0.00497	0.00737	0.10663	0.00291	0.00360
14	0.00835	0.00418	0.00624	0.02055	0.00662	0.00419	0.00423	0.00680	0.00628	0.04842	0.00842	0.01379	0.00803	0.01549	0.04545	0.78033	0.00421	0.00395	0.00214	0.00235
15	0.03969	0.07427	0.04313	0.15154	0.22238	0.09377	0.03988	0.09784	0.06013	0.05097	0.04957	0.01264	0.00920	0.03031	0.00487	0.00143	0.00533	0.00410	0.00285	0.00611
16	0.00911	0.04254	0.76638	0.01289	0.01934	0.01060	0.04982	0.01415	0.00948	0.01409	0.00803	0.00950	0.00572	0.00422	0.00426	0.00141	0.00661	0.00337	0.00191	0.00657
17	0.20150	0.03911	0.01518	0.01914	0.46142	0.04342	0.04991	0.02696	0.03413	0.03960	0.00875	0.02614	0.00723	0.00435	0.00407	0.00135	0.00495	0.00382	0.00258	0.00638
18	0.01574	0.06259	0.01340	0.02985	0.05552	0.67486	0.00882	0.04354	0.01256	0.01189	0.02721	0.00898	0.00681	0.00467	0.00405	0.00117	0.00745	0.00311	0.00241	0.00537
19	0.00675	0.00507	0.00680	0.00681	0.00765	0.00563	0.00508	0.00912	0.08325	0.01146	0.03470	0.11435	0.03962	0.12010	0.49908	0.00527	0.00848	0.00613	0.02053	0.00410
20	0.01049	0.01250	0.24822	0.00916	0.01279	0.02419	0.01895	0.07891	0.17287	0.09706	0.09246	0.01948	0.14045	0.01780	0.00486	0.00146	0.00439	0.00531	0.00369	0.02495
21	0.00907	0.00749	0.02559	0.01053	0.01269	0.00695	0.22711	0.05310	0.01059	0.07946	0.04706	0.32155	0.01995	0.00939	0.00546	0.00169	0.00450	0.13907	0.00374	0.00499
22	0.01998	0.00776	0.01047	0.00803	0.01149	0.00680	0.00663	0.04545	0.01305	0.79399	0.01744	0.01509	0.01097	0.00553	0.00450	0.00138	0.00384	0.00448	0.00550	0.00761
23	0.00903	0.00866	0.01446	0.59601	0.13030	0.01056	0.03555	0.01173	0.00888	0.01184	0.00777	0.01154	0.00612	0.00483	0.00582	0.00153	0.11408	0.00401	0.00202	0.00527
24	0.00927	0.00926	0.01569	0.19991	0.04809	0.01121	0.17743	0.01144	0.00828	0.01177	0.00787	0.01177	0.00679	0.00926	0.11085	0.00238	0.33717	0.00433	0.00209	0.00512
25	0.00956	0.00946	0.01328	0.01145	0.01150	0.01317	0.00951	0.01058	0.00687	0.01074	0.00627	0.01029	0.00622	0.00951	0.06757	0.00230	0.78091	0.00397	0.00199	0.00483
26	0.00700	0.00487	0.00591	0.00574	0.00615	0.00512	0.00376	0.04658	0.00758	0.01034	0.03689	0.02558	0.01534	0.57639	0.21965	0.00481	0.00619	0.00600	0.00279	0.00332
27	0.00618	0.00431	0.00553	0.00625	0.00695	0.00397	0.00450	0.00724	0.00928	0.04069	0.03909	0.55722	0.16574	0.01296	0.00565	0.00177	0.00277	0.11180	0.00421	0.00387
28	0.00795	0.00735	0.01038	0.07128	0.01140	0.03025	0.04124	0.00920	0.00798	0.01117	0.01372	0.31397	0.01515	0.01238	0.09840	0.00240	0.32129	0.00726	0.00283	0.00440
29	0.01556	0.01098	0.01179	0.00924	0.01239	0.01204	0.00757	0.62070	0.05266	0.05427	0.01188	0.01204	0.00857	0.00538	0.00428	0.00131	0.00440	0.00411	0.13376	0.00707
30	0.01070	0.04468	0.05420	0.22864	0.24001	0.03747	0.09082	0.07431	0.08391	0.01482	0.00957	0.01190	0.00749	0.00513	0.02182	0.00151	0.01560	0.00411	0.03718	0.00612
31	0.01252	0.74846	0.02217	0.00811	0.01176	0.11272	0.00777	0.01392	0.00951	0.01057	0.00630	0.00728	0.00574	0.00392	0.00301	0.00098	0.00517	0.00245	0.00196	0.00568
32	0.87439	0.00865	0.00657	0.00588	0.00865	0.01003	0.00484	0.01315	0.00761	0.02007	0.00623	0.00727	0.00484	0.00415	0.00277	0.00138	0.00346	0.00242	0.00277	0.00484
33	0.01408	0.01215	0.08005	0.01105	0.06535	0.11971	0.04652	0.21739	0.07352	0.16395	0.04111	0.06523	0.01100	0.01722	0.02144	0.00153	0.00519	0.00475	0.00380	0.02497
34	0.31838	0.00882	0.03289	0.00740	0.00979	0.03303	0.00601	0.14935	0.04388	0.08646	0.04001	0.15468	0.01296	0.04859	0.00506	0.00162	0.00385	0.02820	0.00368	0.00536
35	0.00760	0.00426	0.00476	0.00484	0.00564	0.00435	0.00348	0.00923	0.00861	0.01430	0.01490	0.07894	0.01343	0.12748	0.11951	0.00241	0.00380	0.00521	0.56334	0.00390
36	0.29180	0.00794	0.00917	0.00730	0.01054	0.00768	0.00602	0.01905	0.01115	0.56419	0.01402	0.01269	0.00909	0.00510	0.00395	0.00138	0.00370	0.00384	0.00466	0.00673
37	0.01220	0.00950	0.02780	0.23685	0.13389	0.06701	0.04489	0.04285	0.03719	0.18904	0.01217	0.07029	0.00996	0.03557	0.00560	0.00157	0.03360	0.02089	0.00322	0.00592
38	0.00659	0.00481	0.00638	0.00717	0.00811	0.00464	0.00590	0.00826	0.01002	0.01300	0.06991	0.17598	0.13373	0.03674	0.00642	0.00198	0.00352	0.48875	0.00413	0.00396
39	0.00548	0.00390	0.00518	0.00619	0.00645	0.00365	0.00411	0.00624	0.00851	0.01135	0.02437	0.81839	0.02923	0.03598	0.00616	0.00188	0.00264	0.01255	0.00411	0.00361
40	0.00566	0.00455	0.00505	0.00493	0.00627	0.00394	0.00369	0.00715	0.01108	0.01419	0.32140	0.03958	0.53568	0.01054	0.00528	0.00147	0.00221	0.00895	0.00443	0.00394
41	0.00946	0.02005	0.61205	0.01559	0.13549	0.01053	0.10588	0.01412	0.00968	0.01425	0.00820	0.00998	0.00600	0.00416	0.00439	0.00141	0.00653	0.00363	0.00198	0.00661
42	0.00573	0.00428	0.00525	0.00581	0.00651	0.00394	0.00412	0.00674	0.00919	0.01189	0.07538	0.41553	0.24079	0.08905	0.02234	0.00206	0.00295	0.08073	0.00403	0.00367
43	0.01224	0.01154	0.01581	0.01261	0.01447	0.06611	0.15242	0.19374	0.01128	0.03078	0.00786	0.01041	0.00653	0.00627	0.00974	0.00167	0.42390	0.00413	0.00268	0.00580

[dist]
# distance from previous block
# <min> <max>
1	2

[block]
# block no. 5 follows, 58 sequences, length 42
# corresponding to MSA columns:
# 213-254
name=unknown_F
#
# <colnr> <probs for GDERKNQSTAVLIFYWHMCP>
#	G	D	E	R	K	N	Q	S	T	A	V	L	I	F	Y	W	H	M	C	P
0	0.02257	0.00981	0.01638	0.32572	0.32873	0.02127	0.09293	0.04069	0.00989	0.01361	0.00825	0.01142	0.00660	0.00492	0.01854	0.00154	0.05488	0.00409	0.00221	0.00597
1	0.78468	0.00867	0.00705	0.00616	0.00900	0.00986	0.00507	0.03360	0.00836	0.08395	0.00725	0.00799	0.00541	0.00429	0.00295	0.00138	0.00352	0.00263	0.00303	0.00513
2	0.00643	0.00479	0.00621	0.00638	0.00688	0.02042	0.00451	0.00741	0.00749	0.01028	0.03270	0.18413	0.01687	0.26049	0.39894	0.00506	0.00764	0.00689	0.00289	0.00358
3	0.01213	0.02642	0.02754	0.08029	0.22012	0.04999	0.07248	0.13483	0.07789	0.07506	0.01120	0.02723	0.00912	0.00508	0.00445	0.00133	0.00502	0.04721	0.00316	0.10944
4	0.12613	0.01218	0.01112	0.00942	0.02628	0.16094	0.00740	0.39552	0.01532	0.03358	0.00997	0.01094	0.00758	0.00717	0.06627	0.00173	0.00558	0.00369	0.08298	0.00621
5	0.00897	0.02314	0.81962	0.01275	0.01936	0.01039	0.01653	0.01417	0.00944	0.01417	0.00803	0.00944	0.00567	0.00425	0.00425	0.00142	0.00661	0.00331	0.00189	0.00661
6	0.00717	0.00484	0.00580	0.00559	0.00701	0.00428	0.00429	0.00874	0.01120	0.08959	0.30612	0.08533	0.36999	0.01026	0.00530	0.00152	0.00250	0.06161	0.00455	0.00430
7	0.01196	0.84548	0.02344	0.00765	0.01148	0.01770	0.00765	0.01339	0.00909	0.01052	0.00622	0.00718	0.00574	0.00383	0.00287	0.00096	0.00478	0.00239	0.00191	0.00574
8	0.00556	0.00400	0.00529	0.00628	0.00665	0.00374	0.00432	0.00643	0.00875	0.01158	0.02549	0.75406	0.06345	0.01379	0.00572	0.00182	0.00268	0.06257	0.00415	0.00367
9	0.00638	0.00436	0.00484	0.00484	0.00500	0.00428	0.00278	0.00650	0.00689	0.00903	0.01737	0.03072	0.09986	0.75556	0.02093	0.00404	0.00412	0.00681	0.00286	0.00282
10	0.00541	0.00449	0.00473	0.00477	0.00614	0.00381	0.00354	0.00661	0.01033	0.01264	0.12308	0.10271	0.67372	0.01131	0.00532	0.00152	0.00227	0.00955	0.00423	0.00381
11	0.01580	0.00696	0.00920	0.00743	0.01019	0.00629	0.00599	0.01844	0.07161	0.54855	0.22653	0.02011	0.01944	0.00652	0.00471	0.00140	0.00334	0.00548	0.00530	0.00668
12	0.01051	0.01193	0.02561	0.01841	0.02266	0.01146	0.74978	0.01411	0.01033	0.01411	0.00885	0.01193	0.00673	0.00402	0.00586	0.00154	0.05877	0.00519	0.00224	0.00596
13	0.01449	0.00671	0.00877	0.00717	0.00977	0.00606	0.00574	0.01708	0.06873	0.47257	0.25719	0.02189	0.05544	0.00687	0.00475	0.00139	0.00320	0.00580	0.00517	0.02121
14	0.00626	0.00457	0.00588	0.00555	0.00664	0.00419	0.00416	0.00830	0.01249	0.01753	0.75848	0.03409	0.09652	0.00930	0.00528	0.00141	0.00212	0.00818	0.00487	0.00419
15	0.00554	0.00393	0.00516	0.00612	0.00636	0.00369	0.00403	0.00625	0.00840	0.01119	0.02379	0.77329	0.02849	0.08209	0.00711	0.00202	0.00274	0.01221	0.00403	0.00356
16	0.01086	0.01252	0.02572	0.01849	0.02291	0.05124	0.75987	0.01450	0.01066	0.01416	0.00894	0.01187	0.00674	0.00381	0.00522	0.00149	0.00757	0.00516	0.00226	0.00599
17	0.03593	0.00704	0.01244	0.01008	0.01208	0.00708	0.25609	0.01023	0.00868	0.01278	0.01316	0.05763	0.03795	0.08952	0.28533	0.00364	0.00746	0.00548	0.12285	0.00455
18	0.00544	0.00392	0.00516	0.00615	0.00647	0.00364	0.00412	0.00624	0.00864	0.01145	0.02563	0.80221	0.06662	0.01389	0.00569	0.00180	0.00258	0.01256	0.00415	0.00364
19	0.00978	0.00537	0.00561	0.00511	0.00660	0.00545	0.00396	0.10816	0.01101	0.05355	0.01576	0.01717	0.05031	0.00555	0.00346	0.00112	0.00252	0.00443	0.68036	0.00473
20	0.00547	0.00393	0.00519	0.00616	0.00648	0.00365	0.00413	0.00629	0.00873	0.01162	0.04670	0.79226	0.05523	0.01380	0.00568	0.00180	0.00257	0.01249	0.00417	0.00365
21	0.01079	0.01077	0.01779	0.21839	0.37605	0.04935	0.15119	0.04468	0.01034	0.01397	0.00831	0.01123	0.00666	0.00434	0.00508	0.00142	0.04702	0.00416	0.00225	0.00621
22	0.01457	0.21358	0.12244	0.01079	0.01402	0.52852	0.00946	0.01633	0.01141	0.01128	0.00690	0.00804	0.00574	0.00438	0.00379	0.00114	0.00711	0.00282	0.00216	0.00550
23	0.01016	0.00883	0.01407	0.16148	0.37533	0.00897	0.04187	0.01322	0.05809	0.06508	0.05048	0.01669	0.10725	0.00538	0.00458	0.00138	0.00471	0.00492	0.00291	0.04460
24	0.03089	0.01003	0.01363	0.07078	0.19832	0.04129	0.06395	0.14879	0.09207	0.16647	0.04750	0.01416	0.03441	0.00524	0.00463	0.00137	0.01513	0.00451	0.00364	0.03320
25	0.01187	0.00886	0.00984	0.00881	0.01129	0.00981	0.00704	0.08590	0.52049	0.10564	0.01914	0.02148	0.04032	0.00698	0.00478	0.00156	0.00372	0.11118	0.00458	0.00667
26	0.02007	0.00761	0.01038	0.00796	0.01142	0.00657	0.00657	0.02180	0.01280	0.81799	0.01765	0.01523	0.01107	0.00554	0.00450	0.00138	0.00381	0.00450	0.00554	0.00761
27	0.01125	0.01295	0.17896	0.03576	0.04080	0.08777	0.17316	0.04898	0.08057	0.09690	0.06436	0.01681	0.04610	0.02049	0.02556	0.00164	0.00575	0.04304	0.00317	0.00598
28	0.01037	0.22780	0.37580	0.01188	0.04090	0.01215	0.10612	0.07384	0.01055	0.01443	0.04038	0.01146	0.03617	0.00460	0.00412	0.00131	0.00576	0.00379	0.00235	0.00622
29	0.01240	0.00847	0.00961	0.00842	0.01094	0.00918	0.00664	0.02118	0.52162	0.19168	0.11186	0.01917	0.01676	0.00647	0.00467	0.00149	0.00344	0.02441	0.00480	0.00679
30	0.00648	0.00433	0.00489	0.00491	0.00491	0.00432	0.00274	0.00650	0.00655	0.00873	0.01433	0.04740	0.01656	0.82425	0.02239	0.00428	0.00430	0.00664	0.00274	0.00273
31	0.01319	0.10402	0.04241	0.02763	0.05678	0.17442	0.05787	0.08508	0.14552	0.11425	0.03732	0.02678	0.02843	0.00650	0.03609	0.00157	0.02833	0.00432	0.00335	0.00614
32	0.01316	0.01162	0.08716	0.03604	0.06875	0.02776	0.00884	0.32595	0.20865	0.04817	0.01242	0.01290	0.00926	0.00685	0.04489	0.01639	0.00502	0.00424	0.04515	0.00678
33	0.00639	0.00479	0.00719	0.00719	0.00799	0.00559	0.00559	0.00799	0.00719	0.01038	0.01198	0.01757	0.01118	0.03355	0.82507	0.00719	0.01198	0.00479	0.00240	0.00399
34	0.01040	0.00880	0.00929	0.00842	0.01075	0.01002	0.00653	0.02134	0.68293	0.01814	0.05446	0.01920	0.06879	0.00652	0.00457	0.00149	0.00333	0.00545	0.04297	0.00660
35	0.06217	0.01181	0.10392	0.13682	0.22462	0.04600	0.04260	0.16164	0.05141	0.04526	0.01043	0.05367	0.00853	0.00516	0.00444	0.00141	0.00529	0.01548	0.00297	0.00636
36	0.00932	0.01005	0.07486	0.09047	0.05371	0.06138	0.18942	0.05577	0.02283	0.01307	0.01146	0.10290	0.01068	0.06403	0.18034	0.00289	0.03362	0.00545	0.00262	0.00514
37	0.00979	0.00979	0.01370	0.01174	0.01174	0.01370	0.00979	0.01077	0.00685	0.01077	0.00587	0.00979	0.00587	0.00783	0.01468	0.00196	0.83461	0.00391	0.00196	0.00489
38	0.01006	0.00793	0.00936	0.00672	0.01066	0.00601	0.00539	0.01203	0.00953	0.07325	0.00866	0.00971	0.00695	0.00348	0.00340	0.00072	0.00335	0.00279	0.00286	0.80714
39	0.01217	0.03274	0.04096	0.07006	0.31934	0.08159	0.09682	0.11771	0.08241	0.04183	0.01026	0.01196	0.01887	0.00522	0.02045	0.00148	0.02258	0.00418	0.00283	0.00656
40	0.00530	0.00450	0.00457	0.00462	0.00607	0.00377	0.00344	0.00641	0.01011	0.01205	0.04425	0.08417	0.77264	0.01147	0.00531	0.00153	0.00228	0.00961	0.00415	0.00377
41	0.01273	0.02402	0.02953	0.11357	0.19271	0.18961	0.06353	0.10819	0.01996	0.08240	0.02274	0.08726	0.02279	0.00560	0.00453	0.00137	0.00563	0.00480	0.00302	0.00601

[dist]
# distance from previous block
# <min> <max>
0	3

[block]
# block no. 6 follows, 58 sequences, length 20
# corresponding to MSA columns:
# 258-277
name=unknown_G
#
# <colnr> <probs for GDERKNQSTAVLIFYWHMCP>
#	G	D	E	R	K	N	Q	S	T	A	V	L	I	F	Y	W	H	M	C	P
0	0.38641	0.04877	0.30185	0.02500	0.01408	0.04374	0.04463	0.01425	0.00901	0.06433	0.00774	0.00886	0.00569	0.00426	0.00360	0.00138	0.00509	0.00304	0.00253	0.00575
1	0.01028	0.00732	0.00875	0.00660	0.00989	0.00576	0.00514	0.01196	0.00943	0.12479	0.01076	0.05186	0.00938	0.09562	0.00571	0.00122	0.00346	0.00381	0.00313	0.61514
2	0.00928	0.00795	0.00928	0.00663	0.01060	0.00596	0.00530	0.01126	0.00928	0.01458	0.00795	0.00928	0.00663	0.00331	0.00331	0.00066	0.00331	0.00265	0.00265	0.87014
3	0.00643	0.00464	0.00639	0.00639	0.00692	0.00516	0.00460	0.00748	0.00695	0.00980	0.01271	0.02160	0.01293	0.31175	0.54925	0.00621	0.00935	0.00538	0.00250	0.00355
4	0.00860	0.00706	0.03058	0.05166	0.16107	0.00661	0.03202	0.03759	0.04278	0.07027	0.04421	0.28239	0.16109	0.03627	0.00565	0.00165	0.00372	0.00805	0.00366	0.00507
5	0.00730	0.00870	0.14563	0.00912	0.01117	0.00645	0.10675	0.01008	0.06785	0.01263	0.01835	0.41407	0.02002	0.08942	0.00698	0.00194	0.00422	0.05128	0.00342	0.00463
6	0.00904	0.00775	0.00899	0.00650	0.01033	0.00583	0.00519	0.01097	0.00933	0.01443	0.01018	0.01129	0.05471	0.00379	0.00343	0.00071	0.00325	0.00306	0.00274	0.81848
7	0.00545	0.00389	0.00519	0.00623	0.00649	0.00363	0.00415	0.00623	0.00856	0.01142	0.02465	0.83987	0.02959	0.01401	0.00571	0.00182	0.00260	0.01272	0.00415	0.00363
8	0.00555	0.00397	0.00528	0.00616	0.00651	0.00370	0.00416	0.00647	0.00901	0.01213	0.11052	0.75198	0.03096	0.01348	0.00566	0.00177	0.00254	0.01221	0.00424	0.00370
9	0.01671	0.02132	0.01268	0.01152	0.01383	0.82483	0.00864	0.01786	0.01268	0.01095	0.00691	0.00807	0.00576	0.00461	0.00403	0.00115	0.00807	0.00288	0.00230	0.00519
10	0.00651	0.00434	0.00488	0.00488	0.00488	0.00434	0.00271	0.00651	0.00651	0.00867	0.01409	0.02927	0.01626	0.84279	0.02277	0.00434	0.00434	0.00651	0.00271	0.00271
11	0.00617	0.00431	0.00516	0.00559	0.00648	0.00386	0.00395	0.00724	0.00954	0.04528	0.06861	0.45236	0.30061	0.01209	0.00537	0.00164	0.00248	0.01062	0.04474	0.00390
12	0.00821	0.00546	0.00753	0.04614	0.00846	0.00617	0.00533	0.03100	0.00747	0.04585	0.01083	0.01765	0.01050	0.19563	0.23013	0.22651	0.09346	0.00474	0.03534	0.00360
13	0.00659	0.00435	0.00493	0.00493	0.00501	0.00438	0.00284	0.00676	0.00667	0.00913	0.01404	0.02821	0.01583	0.77062	0.05226	0.00428	0.00452	0.00632	0.04549	0.00283
14	0.00545	0.00389	0.00519	0.00623	0.00649	0.00363	0.00415	0.00623	0.00856	0.01142	0.02465	0.83987	0.02959	0.01401	0.00571	0.00182	0.00260	0.01272	0.00415	0.00363
15	0.00576	0.00402	0.00510	0.00583	0.00601	0.00384	0.00373	0.00631	0.00796	0.01061	0.02154	0.60090	0.02566	0.25834	0.01074	0.00256	0.00311	0.01089	0.00373	0.00336
16	0.01013	0.00977	0.01637	0.30343	0.30219	0.04325	0.13443	0.01287	0.00993	0.03448	0.02347	0.06131	0.00865	0.00488	0.00465	0.00144	0.00574	0.00474	0.00240	0.00587
17	0.01069	0.00620	0.00739	0.00675	0.00860	0.00605	0.00516	0.03767	0.14604	0.21157	0.07857	0.21236	0.13489	0.00865	0.00481	0.00149	0.00299	0.00742	0.09725	0.00543
18	0.00621	0.00467	0.00519	0.00513	0.00657	0.00403	0.00390	0.00755	0.01061	0.04859	0.15842	0.08250	0.57808	0.01094	0.00532	0.00153	0.00242	0.04998	0.00433	0.00402
19	0.02650	0.41840	0.34438	0.02865	0.05086	0.01394	0.03487	0.01370	0.00929	0.01248	0.00717	0.00851	0.00579	0.00402	0.00360	0.00119	0.00563	0.00295	0.00194	0.00613

[dist]
# distance from previous block
# <min> <max>
5	9

[block]
# block no. 7 follows, 58 sequences, length 37
# corresponding to MSA columns:
# 289-299,301-326
name=unknown_H
#
# <colnr> <probs for GDERKNQSTAVLIFYWHMCP>
#	G	D	E	R	K	N	Q	S	T	A	V	L	I	F	Y	W	H	M	C	P
0	0.09631	0.00807	0.01124	0.02801	0.01217	0.00813	0.12444	0.04539	0.15857	0.19217	0.20440	0.01989	0.04546	0.00638	0.00469	0.00145	0.00392	0.01911	0.00425	0.00595
1	0.00650	0.00436	0.00497	0.00497	0.00501	0.00439	0.00283	0.00657	0.00653	0.00874	0.01401	0.02879	0.01605	0.80942	0.05585	0.00445	0.00465	0.00643	0.00270	0.00276
2	0.01077	0.00981	0.02683	0.18197	0.17452	0.06346	0.03105	0.01627	0.25027	0.06267	0.02420	0.03099	0.06002	0.00581	0.00462	0.00146	0.00478	0.03108	0.00332	0.00612
3	0.00985	0.00627	0.00740	0.00676	0.02062	0.02803	0.00507	0.02751	0.07753	0.17684	0.34912	0.04876	0.16719	0.04194	0.00571	0.00155	0.00297	0.00713	0.00465	0.00512
4	0.00545	0.00389	0.00519	0.00623	0.00649	0.00363	0.00415	0.00623	0.00856	0.01142	0.02465	0.83987	0.02959	0.01401	0.00571	0.00182	0.00260	0.01272	0.00415	0.00363
5	0.00846	0.00543	0.00733	0.17813	0.03840	0.00581	0.03177	0.01078	0.00934	0.01532	0.01304	0.03351	0.01042	0.00516	0.00358	0.00118	0.00319	0.00435	0.61031	0.00448
6	0.01072	0.17253	0.35961	0.01384	0.13672	0.08022	0.06017	0.01457	0.04723	0.02356	0.00885	0.03658	0.00719	0.00455	0.00413	0.00132	0.00594	0.00372	0.00224	0.00630
7	0.00839	0.00800	0.02707	0.03059	0.05091	0.00746	0.33597	0.01044	0.00927	0.01282	0.01436	0.28402	0.01468	0.00846	0.00644	0.08981	0.00501	0.00738	0.06418	0.00473
8	0.00639	0.00479	0.00719	0.00719	0.00799	0.00559	0.00559	0.00799	0.00719	0.01038	0.01198	0.01757	0.01118	0.03355	0.82507	0.00719	0.01198	0.00479	0.00240	0.00399
9	0.01203	0.10594	0.13241	0.03820	0.25787	0.01114	0.17754	0.02831	0.01040	0.12899	0.00947	0.01116	0.00716	0.00440	0.00491	0.00138	0.04541	0.00405	0.00264	0.00657
10	0.00864	0.00702	0.00883	0.03037	0.04426	0.00624	0.03353	0.07415	0.02174	0.03579	0.06755	0.12188	0.21992	0.00738	0.00452	0.00123	0.00334	0.00634	0.00356	0.29371
11	0.01633	0.01258	0.06003	0.01008	0.01373	0.01294	0.00867	0.68598	0.01950	0.06375	0.01106	0.01111	0.00781	0.00531	0.00441	0.00134	0.00485	0.00401	0.03909	0.00741
12	0.00555	0.00426	0.00511	0.00574	0.00648	0.00389	0.00398	0.00678	0.03107	0.01184	0.03139	0.55060	0.29132	0.01290	0.00554	0.00171	0.00251	0.01141	0.00416	0.00378
13	0.01229	0.16459	0.10370	0.05687	0.31353	0.18175	0.01133	0.04651	0.04365	0.01362	0.00814	0.00983	0.00665	0.00428	0.00406	0.00125	0.00588	0.00344	0.00232	0.00631
