[name]
unknown

[dist]
# distance from previous block
# <min> <max>
1	550

[block]
# block no. 0 follows, 63 sequences, length 17
# corresponding to MSA columns:
# 573-589
name=unknown_A
#
# <colnr> <probs for GDERKNQSTAVLIFYWHMCP>
#	G	D	E	R	K	N	Q	S	T	A	V	L	I	F	Y	W	H	M	C	P
0	0.04474	0.11574	0.15344	0.00948	0.03825	0.08725	0.02425	0.13183	0.06655	0.05482	0.03220	0.02132	0.04164	0.02494	0.04689	0.00161	0.04294	0.02856	0.00288	0.03065
1	0.02797	0.31446	0.10923	0.02757	0.09626	0.03642	0.05430	0.08602	0.05407	0.05492	0.00913	0.01100	0.01698	0.02095	0.00399	0.00121	0.00477	0.02661	0.00253	0.04161
2	0.02185	0.23664	0.16027	0.02447	0.12681	0.03801	0.00897	0.06244	0.05831	0.01342	0.05321	0.01299	0.08181	0.00491	0.00404	0.00118	0.02779	0.00383	0.00254	0.05653
3	0.10321	0.23897	0.37784	0.02542	0.04012	0.05620	0.01071	0.01293	0.02233	0.01279	0.00855	0.00960	0.04121	0.00420	0.00353	0.00119	0.00518	0.00307	0.00205	0.02088
4	0.10105	0.09116	0.57378	0.01183	0.04007	0.01041	0.08888	0.01315	0.00878	0.01363	0.00732	0.00875	0.00539	0.00390	0.00383	0.00130	0.00580	0.00314	0.00191	0.00593
5	0.00611	0.00409	0.00468	0.00468	0.00471	0.00412	0.00266	0.00617	0.00614	0.00822	0.01316	0.02705	0.01508	0.81794	0.05545	0.00419	0.00438	0.00605	0.00253	0.00260
6	0.00794	0.00743	0.01249	0.76206	0.06933	0.00911	0.01139	0.01063	0.00845	0.01090	0.00820	0.04894	0.00666	0.00458	0.00425	0.00141	0.00543	0.00411	0.00197	0.00472
7	0.00675	0.00470	0.00593	0.00542	0.00673	0.00427	0.00411	0.00886	0.03147	0.05834	0.64270	0.03006	0.11878	0.00832	0.00482	0.00130	0.00217	0.00726	0.00448	0.04354
8	0.00515	0.00370	0.00484	0.00575	0.00603	0.00344	0.00383	0.00587	0.00805	0.01067	0.02364	0.79098	0.05948	0.03956	0.00586	0.00177	0.00248	0.01164	0.00386	0.00339
9	0.01235	0.21541	0.14895	0.03541	0.03559	0.35096	0.07580	0.02558	0.02633	0.01141	0.00709	0.00844	0.00577	0.00453	0.01832	0.00123	0.00640	0.00300	0.00207	0.00537
10	0.00515	0.00377	0.00477	0.00555	0.00595	0.00347	0.00372	0.00589	0.00816	0.01068	0.02545	0.68612	0.14315	0.05928	0.00620	0.00180	0.00248	0.01118	0.00383	0.00339
11	0.00782	0.00697	0.01089	0.19384	0.26491	0.00744	0.00877	0.01014	0.03059	0.01235	0.07659	0.06392	0.11309	0.00956	0.10839	0.00207	0.01912	0.04591	0.00272	0.00492
12	0.11412	0.00900	0.01167	0.03544	0.15273	0.03624	0.06435	0.06585	0.03513	0.05622	0.02973	0.01022	0.00739	0.00408	0.00413	0.00108	0.04301	0.00334	0.00271	0.31357
13	0.03147	0.03101	0.03238	0.04770	0.31489	0.00909	0.07181	0.04950	0.14189	0.03986	0.14207	0.01514	0.02744	0.00507	0.00429	0.00130	0.00425	0.00462	0.00307	0.02315
14	0.01016	0.01017	0.05093	0.09680	0.51852	0.02163	0.04054	0.05803	0.03556	0.01403	0.00908	0.01128	0.02575	0.00467	0.02035	0.00137	0.02000	0.00386	0.00230	0.04498
15	0.14628	0.03910	0.06742	0.02864	0.15041	0.03371	0.12215	0.06716	0.08157	0.10643	0.04489	0.01228	0.01886	0.02892	0.00465	0.00138	0.01736	0.00398	0.00297	0.02183
16	0.01118	0.01129	0.09223	0.13157	0.11521	0.04566	0.27540	0.02651	0.04450	0.09608	0.05517	0.01433	0.00984	0.00507	0.00499	0.00150	0.02248	0.02801	0.00291	0.00606

[dist]
# distance from previous block
# <min> <max>
10	15

[block]
# block no. 1 follows, 63 sequences, length 40
# corresponding to MSA columns:
# 608-612,617-651
name=unknown_B
#
# <colnr> <probs for GDERKNQSTAVLIFYWHMCP>
#	G	D	E	R	K	N	Q	S	T	A	V	L	I	F	Y	W	H	M	C	P
0	0.03491	0.00697	0.02942	0.00790	0.01907	0.00609	0.09544	0.04383	0.02993	0.03388	0.05431	0.19670	0.06551	0.04240	0.01527	0.00146	0.00368	0.06673	0.00322	0.24328
1	0.00866	0.00737	0.00908	0.00704	0.03011	0.00582	0.03015	0.01955	0.02038	0.02343	0.01028	0.05383	0.04680	0.00411	0.00344	0.00078	0.00323	0.00346	0.00269	0.70979
2	0.00928	0.08470	0.01066	0.00764	0.04952	0.00736	0.01687	0.02334	0.07058	0.01383	0.00813	0.00921	0.00669	0.00342	0.00326	0.00076	0.00342	0.00275	0.00256	0.66601
3	0.00874	0.00786	0.01320	0.68200	0.15396	0.00932	0.01166	0.01145	0.00873	0.04202	0.00788	0.01120	0.00595	0.00417	0.00420	0.00137	0.00543	0.00376	0.00203	0.00508
4	0.01179	0.00934	0.09828	0.04825	0.01181	0.00857	0.00743	0.15674	0.19265	0.17417	0.01452	0.05739	0.03313	0.00694	0.04124	0.00159	0.02387	0.01506	0.08123	0.00599
5	0.02112	0.11146	0.14902	0.05448	0.09424	0.10371	0.07719	0.05310	0.17196	0.02417	0.01045	0.06336	0.00870	0.00531	0.01375	0.00137	0.02397	0.00416	0.00270	0.00577
6	0.01007	0.01181	0.12720	0.14901	0.13768	0.06400	0.26768	0.04434	0.03003	0.03852	0.02597	0.01293	0.03291	0.00447	0.00447	0.00136	0.00582	0.02366	0.00241	0.00566
7	0.00675	0.00564	0.04905	0.00777	0.00898	0.00499	0.00698	0.00880	0.00968	0.01275	0.06004	0.07655	0.02411	0.01114	0.00565	0.00187	0.00384	0.68765	0.00380	0.00398
8	0.01290	0.00816	0.01034	0.05987	0.03386	0.00734	0.01905	0.13548	0.01142	0.26171	0.01065	0.01086	0.00760	0.00413	0.00374	0.00100	0.00375	0.00336	0.00352	0.39127
9	0.00818	0.00622	0.00716	0.00662	0.00824	0.00650	0.00503	0.01372	0.32056	0.05495	0.31467	0.10267	0.08770	0.02108	0.00494	0.00144	0.00268	0.00677	0.00433	0.01655
10	0.02591	0.68537	0.02008	0.00841	0.04177	0.13784	0.00750	0.01322	0.00906	0.01024	0.00602	0.00701	0.00543	0.00372	0.00291	0.00095	0.00495	0.00237	0.00188	0.00535
11	0.00976	0.01106	0.02404	0.01722	0.02135	0.01037	0.77870	0.01325	0.01000	0.01360	0.04091	0.01214	0.00770	0.00374	0.00496	0.00141	0.00688	0.00507	0.00223	0.00560
12	0.01176	0.62781	0.04022	0.00838	0.03123	0.15409	0.00761	0.01353	0.03622	0.01042	0.00710	0.00795	0.02079	0.00394	0.00305	0.00098	0.00499	0.00259	0.00199	0.00537
13	0.00730	0.00365	0.00548	0.00548	0.00548	0.00365	0.00365	0.00548	0.00548	0.00730	0.00730	0.01278	0.00730	0.01460	0.01643	0.87769	0.00365	0.00365	0.00183	0.00183
14	0.25514	0.00947	0.01221	0.00940	0.01265	0.00979	0.17147	0.18165	0.09920	0.04433	0.02008	0.01026	0.00729	0.00425	0.00377	0.00123	0.00431	0.00358	0.00312	0.13680
15	0.01551	0.05585	0.01152	0.00899	0.01179	0.23102	0.00719	0.22755	0.09396	0.24385	0.01191	0.04259	0.00885	0.00519	0.00407	0.00124	0.00491	0.00394	0.00381	0.00626
16	0.00607	0.00434	0.00543	0.00516	0.00627	0.00392	0.00387	0.00782	0.01132	0.03674	0.62292	0.05817	0.19421	0.00906	0.00495	0.00135	0.00207	0.00790	0.00448	0.00395
17	0.00730	0.00365	0.00548	0.00548	0.00548	0.00365	0.00365	0.00548	0.00548	0.00730	0.00730	0.01278	0.00730	0.01460	0.01643	0.87769	0.00365	0.00365	0.00183	0.00183
18	0.00861	0.00735	0.00859	0.00619	0.00982	0.00554	0.00494	0.01048	0.00884	0.01382	0.03992	0.00962	0.00756	0.00333	0.00319	0.00065	0.00307	0.00269	0.00258	0.84322
19	0.67168	0.00784	0.00682	0.00594	0.00854	0.00874	0.00486	0.01377	0.04903	0.13244	0.05004	0.00959	0.00760	0.00442	0.00304	0.00131	0.00324	0.00295	0.00316	0.00499
20	0.01170	0.00753	0.00965	0.00704	0.01065	0.00597	0.03680	0.01356	0.00972	0.24929	0.01015	0.01044	0.00744	0.00373	0.00351	0.00085	0.00340	0.00309	0.00326	0.59224
21	0.00833	0.00787	0.01332	0.71166	0.15637	0.00944	0.01187	0.01109	0.00859	0.01122	0.00754	0.01108	0.00577	0.00413	0.00420	0.00138	0.00551	0.00374	0.00190	0.00499
22	0.01234	0.00996	0.01056	0.00894	0.01165	0.01133	0.00711	0.29104	0.54668	0.02062	0.01472	0.01378	0.01090	0.00548	0.00425	0.00137	0.00377	0.00442	0.00425	0.00682
23	0.00611	0.00408	0.00458	0.00458	0.00458	0.00408	0.00255	0.00611	0.00611	0.00815	0.01325	0.02751	0.01528	0.85226	0.02140	0.00408	0.00408	0.00611	0.00255	0.00255
24	0.00947	0.00972	0.01323	0.01120	0.01158	0.05555	0.05239	0.01058	0.00709	0.01053	0.03245	0.00995	0.00667	0.00703	0.01250	0.00176	0.72784	0.00383	0.00196	0.00465
25	0.00872	0.00747	0.00872	0.00623	0.00996	0.00560	0.00498	0.01058	0.00872	0.01370	0.00747	0.00872	0.00623	0.00311	0.00311	0.00062	0.00311	0.00249	0.00249	0.87796
26	0.04123	0.11309	0.01159	0.00780	0.01089	0.00876	0.00659	0.13605	0.01224	0.52897	0.01344	0.01246	0.00899	0.00600	0.03559	0.00147	0.03001	0.00385	0.00434	0.00665
27	0.01146	0.00855	0.00938	0.00784	0.01026	0.00924	0.00625	0.31429	0.23982	0.05666	0.17896	0.01914	0.09673	0.00651	0.00445	0.00134	0.00344	0.00535	0.00433	0.00601
28	0.00595	0.00430	0.00562	0.00529	0.00628	0.00397	0.00397	0.00793	0.01190	0.01686	0.82382	0.03140	0.03966	0.00859	0.00496	0.00132	0.00198	0.00760	0.00463	0.00397
29	0.00872	0.00747	0.00872	0.00623	0.00996	0.00560	0.00498	0.01058	0.00872	0.01370	0.00747	0.00872	0.00623	0.00311	0.00311	0.00062	0.00311	0.00249	0.00249	0.87796
30	0.00521	0.00373	0.00482	0.00565	0.00593	0.00349	0.00373	0.00589	0.00793	0.01050	0.02311	0.72914	0.06454	0.09655	0.00694	0.00193	0.00259	0.01122	0.00377	0.00333
31	0.00900	0.00754	0.00907	0.00649	0.01023	0.00572	0.02140	0.01090	0.00883	0.03463	0.00773	0.00891	0.00634	0.00318	0.00318	0.00066	0.00321	0.00259	0.00255	0.83785
32	0.00535	0.00396	0.00501	0.00548	0.00615	0.00362	0.00388	0.00649	0.00933	0.01242	0.22429	0.47220	0.17809	0.01152	0.00521	0.00157	0.00231	0.03545	0.00408	0.00359
33	0.00817	0.00785	0.01371	0.69578	0.05174	0.00937	0.09091	0.01092	0.00849	0.01101	0.00774	0.01169	0.00602	0.03130	0.00497	0.00149	0.01822	0.00393	0.00192	0.00476
34	0.00992	0.01134	0.02481	0.01772	0.02197	0.01063	0.81077	0.01347	0.00992	0.01347	0.00850	0.01134	0.00638	0.00354	0.00496	0.00142	0.00709	0.00496	0.00213	0.00567
35	0.88196	0.00813	0.00618	0.00553	0.00813	0.00943	0.00455	0.01236	0.00715	0.01886	0.00585	0.00683	0.00455	0.00390	0.00260	0.00130	0.00325	0.00228	0.00260	0.00455
36	0.00639	0.00497	0.00672	0.02340	0.00773	0.03165	0.00512	0.00763	0.00704	0.00975	0.02708	0.01776	0.04048	0.07967	0.65130	0.05298	0.00966	0.00470	0.00234	0.00362
37	0.02008	0.03026	0.01057	0.01114	0.17740	0.08897	0.02690	0.02590	0.11979	0.02372	0.27375	0.01855	0.01855	0.00585	0.00430	0.00123	0.00379	0.03027	0.00338	0.10560
38	0.01052	0.01479	0.26310	0.02893	0.11433	0.16351	0.03104	0.07166	0.02213	0.01359	0.01808	0.04689	0.00757	0.00474	0.00451	0.00123	0.04809	0.01494	0.00236	0.11799
39	0.04307	0.03706	0.01387	0.06312	0.44761	0.09376	0.01005	0.01289	0.05598	0.01320	0.00951	0.06673	0.01852	0.00469	0.00423	0.00124	0.02167	0.00411	0.00239	0.07632

[dist]
# distance from previous block
# <min> <max>
1	3

[block]
# block no. 2 follows, 63 sequences, length 38
# corresponding to MSA columns:
# 655-692
name=unknown_C
#
# <colnr> <probs for GDERKNQSTAVLIFYWHMCP>
#	G	D	E	R	K	N	Q	S	T	A	V	L	I	F	Y	W	H	M	C	P
0	0.04585	0.00708	0.00889	0.00702	0.00997	0.00632	0.00572	0.04722	0.04619	0.46821	0.08013	0.01647	0.04755	0.00551	0.00412	0.00121	0.00333	0.02829	0.00442	0.15652
1	0.01066	0.00833	0.00985	0.00748	0.01057	0.00782	0.00607	0.14824	0.02838	0.07171	0.02176	0.01035	0.01874	0.00434	0.00472	0.00096	0.10283	0.00319	0.00299	0.52102
2	0.00856	0.00729	0.00854	0.00619	0.00977	0.00551	0.00493	0.01041	0.00881	0.01375	0.03471	0.02573	0.00775	0.00349	0.00322	0.00067	0.00306	0.00284	0.00259	0.83221
3	0.37599	0.19280	0.01190	0.00751	0.01050	0.08201	0.00640	0.23877	0.01142	0.01836	0.00710	0.00780	0.00554	0.00420	0.00318	0.00118	0.00428	0.00273	0.00284	0.00550
4	0.01040	0.00999	0.01706	0.02580	0.82604	0.00999	0.01290	0.01290	0.00957	0.01373	0.00791	0.01040	0.00666	0.00375	0.00416	0.00125	0.00499	0.00375	0.00208	0.00666
5	0.00683	0.00519	0.00757	0.00863	0.11317	0.00565	0.00545	0.00774	0.00693	0.00977	0.02816	0.01865	0.01156	0.26349	0.37467	0.07702	0.03870	0.00484	0.00232	0.00366
6	0.32595	0.00751	0.00841	0.00680	0.00966	0.00751	0.00559	0.03420	0.01036	0.47180	0.04846	0.01222	0.00947	0.00492	0.00385	0.00131	0.01812	0.00366	0.00417	0.00604
7	0.01570	0.02004	0.01191	0.01083	0.01300	0.83539	0.00812	0.01679	0.01191	0.01029	0.00650	0.00758	0.00541	0.00433	0.00379	0.00108	0.00758	0.00271	0.00217	0.00487
8	0.01728	0.00724	0.00956	0.00750	0.01060	0.00650	0.00615	0.01991	0.08945	0.69605	0.03365	0.01519	0.01137	0.00537	0.00424	0.00130	0.00351	0.01753	0.00500	0.03258
9	0.00843	0.02174	0.83048	0.01198	0.01819	0.00976	0.01553	0.01331	0.00888	0.01331	0.00754	0.00888	0.00533	0.00399	0.00399	0.00133	0.00621	0.00311	0.00178	0.00621
10	0.00512	0.00366	0.00488	0.00585	0.00610	0.00341	0.00390	0.00585	0.00805	0.01073	0.02317	0.84952	0.02780	0.01317	0.00537	0.00171	0.00244	0.01195	0.00390	0.00341
11	0.00662	0.00474	0.00659	0.00754	0.00847	0.00471	0.00650	0.00846	0.00956	0.01243	0.02270	0.10380	0.03944	0.01170	0.00576	0.00191	0.00374	0.72760	0.00387	0.00383
12	0.01040	0.00999	0.01706	0.02580	0.82604	0.00999	0.01290	0.01290	0.00957	0.01373	0.00791	0.01040	0.00666	0.00375	0.00416	0.00125	0.00499	0.00375	0.00208	0.00666
13	0.00500	0.00426	0.00430	0.00429	0.00569	0.00356	0.00322	0.00609	0.00965	0.01151	0.06418	0.04021	0.80265	0.01059	0.00497	0.00142	0.00213	0.00884	0.00392	0.00356
14	0.00872	0.00747	0.00872	0.00623	0.00996	0.00560	0.00498	0.01058	0.00872	0.01370	0.00747	0.00872	0.00623	0.00311	0.00311	0.00062	0.00311	0.00249	0.00249	0.87796
15	0.01570	0.02004	0.01191	0.01083	0.01300	0.83539	0.00812	0.01679	0.01191	0.01029	0.00650	0.00758	0.00541	0.00433	0.00379	0.00108	0.00758	0.00271	0.00217	0.00487
16	0.00611	0.00408	0.00458	0.00458	0.00458	0.00408	0.00255	0.00611	0.00611	0.00815	0.01325	0.02751	0.01528	0.85226	0.02140	0.00408	0.00408	0.00611	0.00255	0.00255
17	0.00512	0.00366	0.00488	0.00585	0.00610	0.00341	0.00390	0.00585	0.00805	0.01073	0.02317	0.84952	0.02780	0.01317	0.00537	0.00171	0.00244	0.01195	0.00390	0.00341
18	0.00920	0.00920	0.01288	0.01104	0.01104	0.01288	0.00920	0.01012	0.00644	0.01012	0.00552	0.00920	0.00552	0.00736	0.01380	0.00184	0.84457	0.00368	0.00184	0.00460
19	0.00515	0.00368	0.00490	0.00584	0.00610	0.00343	0.00390	0.00591	0.00816	0.01091	0.04670	0.82547	0.02815	0.01304	0.00535	0.00170	0.00243	0.01182	0.00392	0.00343
20	0.01067	0.00913	0.00962	0.00860	0.01101	0.01055	0.00670	0.05248	0.78796	0.01793	0.01684	0.01547	0.01262	0.00568	0.00427	0.00142	0.00338	0.00472	0.00427	0.00667
21	0.00872	0.00747	0.00872	0.00623	0.00996	0.00560	0.00498	0.01058	0.00872	0.01370	0.00747	0.00872	0.00623	0.00311	0.00311	0.00062	0.00311	0.00249	0.00249	0.87796
22	0.00880	0.03537	0.00916	0.00626	0.00999	0.00597	0.00505	0.01065	0.00871	0.01357	0.00742	0.00865	0.00620	0.00313	0.00310	0.00063	0.00316	0.00248	0.00247	0.84923
23	0.01391	0.00613	0.00822	0.00669	0.00908	0.00544	0.00537	0.01587	0.02717	0.51251	0.31595	0.02067	0.02130	0.00647	0.00450	0.00131	0.00298	0.00549	0.00497	0.00596
24	0.00520	0.00427	0.00458	0.00450	0.00582	0.00365	0.00338	0.00648	0.01013	0.01266	0.22749	0.03831	0.63862	0.01016	0.00497	0.00140	0.00209	0.00857	0.00408	0.00365
25	0.01023	0.00999	0.03023	0.11449	0.61947	0.01015	0.04900	0.04042	0.02227	0.01376	0.00802	0.01054	0.00658	0.00399	0.00452	0.00130	0.03274	0.00380	0.00215	0.00633
26	0.00994	0.00873	0.01470	0.36395	0.25450	0.00949	0.10005	0.03240	0.05866	0.06905	0.00940	0.01245	0.00731	0.00438	0.00433	0.00136	0.00524	0.02592	0.00245	0.00568
27	0.00956	0.01028	0.01889	0.01440	0.01655	0.01174	0.41316	0.01180	0.00819	0.01180	0.00702	0.01028	0.00595	0.00544	0.00934	0.00163	0.42251	0.00433	0.00198	0.00514
28	0.00818	0.00416	0.00424	0.00415	0.00523	0.00419	0.00314	0.01046	0.03560	0.03479	0.01389	0.01564	0.01083	0.00493	0.00301	0.00100	0.00204	0.00395	0.82646	0.00408
29	0.00923	0.04420	0.66123	0.01213	0.05016	0.03691	0.02923	0.02501	0.00930	0.03871	0.00840	0.01060	0.00634	0.00433	0.00406	0.00133	0.00598	0.03473	0.00203	0.00610
30	0.01859	0.00753	0.03110	0.00760	0.01093	0.00627	0.00642	0.02030	0.01195	0.80774	0.01635	0.01417	0.01027	0.00517	0.00422	0.00130	0.00365	0.00420	0.00511	0.00713
31	0.00567	0.00419	0.00517	0.00593	0.00645	0.00378	0.00402	0.00632	0.00870	0.01138	0.02736	0.68593	0.18301	0.01297	0.00551	0.00175	0.00258	0.01146	0.00408	0.00374
32	0.01067	0.01013	0.01711	0.10941	0.71774	0.01023	0.03306	0.01307	0.00981	0.01393	0.00842	0.01125	0.00706	0.00415	0.00442	0.00137	0.00529	0.00395	0.00225	0.00670
33	0.01065	0.01067	0.01972	0.06547	0.51056	0.01046	0.27886	0.01335	0.00997	0.01400	0.00863	0.01150	0.00702	0.00407	0.00466	0.00141	0.00590	0.00433	0.00227	0.00649
34	0.00668	0.00451	0.00508	0.00506	0.00514	0.00446	0.00291	0.00659	0.00651	0.00876	0.01367	0.02771	0.01555	0.81613	0.05065	0.00425	0.00452	0.00621	0.00272	0.00289
35	0.00839	0.00433	0.00434	0.00432	0.00534	0.00426	0.00320	0.01019	0.00917	0.01616	0.01421	0.01637	0.01125	0.00525	0.00318	0.00108	0.00216	0.00409	0.86848	0.00421
36	0.01138	0.00978	0.01009	0.00902	0.01147	0.02888	0.00698	0.06139	0.75509	0.01834	0.01700	0.01593	0.01285	0.00599	0.00450	0.00151	0.00368	0.00483	0.00440	0.00691
37	0.00999	0.02987	0.21641	0.02574	0.11525	0.00811	0.01974	0.03401	0.00963	0.04122	0.00844	0.00998	0.00671	0.00394	0.00381	0.00105	0.00450	0.00313	0.00255	0.44592

[dist]
# distance from previous block
# <min> <max>
0	2

[block]
# block no. 3 follows, 63 sequences, length 7
# corresponding to MSA columns:
# 695-701
name=unknown_D
#
# <colnr> <probs for GDERKNQSTAVLIFYWHMCP>
#	G	D	E	R	K	N	Q	S	T	A	V	L	I	F	Y	W	H	M	C	P
0	0.01133	0.01240	0.20817	0.01642	0.34561	0.02962	0.02899	0.04484	0.06147	0.13271	0.04159	0.01247	0.02594	0.00461	0.00425	0.00132	0.00493	0.00402	0.00286	0.00647
1	0.25168	0.01172	0.19752	0.00870	0.01192	0.08106	0.05627	0.01355	0.02955	0.13668	0.03896	0.12348	0.01045	0.00567	0.00396	0.00138	0.00448	0.00455	0.00306	0.00536
2	0.00525	0.00375	0.00497	0.00594	0.00619	0.00349	0.00396	0.00595	0.00813	0.01085	0.02326	0.84816	0.02788	0.01323	0.00541	0.00173	0.00248	0.01197	0.00394	0.00348
3	0.01146	0.11798	0.34375	0.01164	0.04341	0.22525	0.05876	0.05573	0.06838	0.01324	0.00807	0.00920	0.00621	0.00425	0.00393	0.00124	0.00612	0.00323	0.00226	0.00589
4	0.04727	0.05041	0.01148	0.00970	0.04861	0.07266	0.02656	0.17452	0.43195	0.06172	0.01331	0.01279	0.00992	0.00513	0.00409	0.00132	0.00413	0.00412	0.00382	0.00648
5	0.01039	0.31403	0.39841	0.00972	0.01428	0.07171	0.01101	0.01371	0.03528	0.04880	0.00804	0.03272	0.00648	0.00425	0.00358	0.00117	0.00538	0.00313	0.00211	0.00580
6	0.03354	0.07212	0.55980	0.01211	0.09869	0.00951	0.01293	0.01296	0.00902	0.05609	0.00976	0.05515	0.03090	0.00469	0.00400	0.00131	0.00543	0.00380	0.00219	0.00598

[dist]
# distance from previous block
# <min> <max>
0	1

[block]
# block no. 4 follows, 63 sequences, length 32
# corresponding to MSA columns:
# 704-735
name=unknown_E
#
# <colnr> <probs for GDERKNQSTAVLIFYWHMCP>
#	G	D	E	R	K	N	Q	S	T	A	V	L	I	F	Y	W	H	M	C	P
0	0.00770	0.00456	0.00575	0.00544	0.00660	0.00440	0.03676	0.00914	0.02113	0.05274	0.01872	0.05163	0.15184	0.00881	0.03204	0.11835	0.00298	0.06530	0.39229	0.00382
1	0.00950	0.06588	0.43619	0.07381	0.13531	0.01889	0.06512	0.02236	0.03459	0.04840	0.01816	0.01111	0.02594	0.00432	0.00409	0.00131	0.00557	0.01122	0.00221	0.00602
2	0.01022	0.01057	0.06534	0.19676	0.46482	0.04030	0.09455	0.01295	0.00949	0.04294	0.00812	0.01062	0.00642	0.00391	0.00423	0.00130	0.00546	0.00381	0.00214	0.00606
3	0.00884	0.00858	0.01153	0.02448	0.05024	0.04019	0.02311	0.02241	0.02041	0.01085	0.00982	0.03534	0.06264	0.03398	0.07711	0.00216	0.53320	0.00441	0.01615	0.00456
4	0.00608	0.00412	0.00484	0.00487	0.00496	0.00420	0.00289	0.00627	0.00623	0.00840	0.01323	0.04435	0.01500	0.73820	0.11584	0.00434	0.00488	0.00605	0.00254	0.00271
5	0.00872	0.00747	0.00872	0.00623	0.00996	0.00560	0.00498	0.01058	0.00872	0.01370	0.00747	0.00872	0.00623	0.00311	0.00311	0.00062	0.00311	0.00249	0.00249	0.87796
6	0.00554	0.00420	0.00538	0.00550	0.00636	0.00382	0.01766	0.00685	0.00978	0.01307	0.31261	0.31020	0.21395	0.03852	0.00566	0.00158	0.00238	0.02920	0.00409	0.00366
7	0.00887	0.09424	0.62782	0.05245	0.04538	0.01042	0.03831	0.01353	0.04663	0.01310	0.00788	0.00924	0.00577	0.00403	0.00394	0.00130	0.00588	0.00322	0.00192	0.00608
8	0.00659	0.00466	0.00565	0.00530	0.00658	0.00433	0.00402	0.00879	0.05169	0.05471	0.49351	0.03139	0.24420	0.00946	0.03054	0.00151	0.00245	0.00746	0.02302	0.00414
9	0.00642	0.00522	0.00575	0.00576	0.03341	0.00485	0.00416	0.04493	0.07635	0.02445	0.13835	0.04524	0.57087	0.00946	0.00484	0.00140	0.00244	0.00795	0.00400	0.00417
10	0.01193	0.00955	0.01067	0.00901	0.01165	0.01077	0.03114	0.23188	0.51731	0.04283	0.01467	0.01406	0.01094	0.00674	0.04581	0.00164	0.00419	0.00447	0.00412	0.00663
11	0.01410	0.04948	0.01205	0.00914	0.01218	0.01232	0.00747	0.55317	0.22310	0.02299	0.01177	0.01181	0.00873	0.02654	0.00459	0.00136	0.00427	0.00402	0.00407	0.00683
12	0.01186	0.74121	0.02068	0.00764	0.01109	0.09405	0.00731	0.04571	0.00932	0.01061	0.00608	0.00696	0.00547	0.00373	0.00286	0.00093	0.00479	0.00235	0.00193	0.00542
13	0.00601	0.00448	0.00666	0.00666	0.00737	0.00520	0.00513	0.00744	0.00673	0.00969	0.01135	0.01702	0.01073	0.06911	0.79832	0.00663	0.01093	0.00458	0.00227	0.00370
14	0.00765	0.00394	0.00406	0.00406	0.00502	0.00391	0.00303	0.00958	0.00902	0.01565	0.07139	0.03427	0.01318	0.00533	0.00313	0.00102	0.00197	0.00435	0.79552	0.00391
15	0.00862	0.00853	0.01231	0.01046	0.01125	0.04799	0.09794	0.01000	0.00716	0.01037	0.00764	0.01172	0.00718	0.02715	0.24473	0.00318	0.46324	0.00405	0.00201	0.00446
16	0.07816	0.01033	0.01143	0.00882	0.01210	0.01102	0.00728	0.55237	0.01689	0.23166	0.01146	0.01094	0.00780	0.00501	0.00410	0.00127	0.00426	0.00379	0.00435	0.00697
17	0.07024	0.00922	0.01003	0.00834	0.01083	0.01003	0.00670	0.51734	0.01559	0.03525	0.01394	0.19412	0.02725	0.00715	0.00444	0.00140	0.00396	0.04420	0.00403	0.00594
18	0.00872	0.00747	0.00872	0.00623	0.00996	0.00560	0.00498	0.01058	0.00872	0.01370	0.00747	0.00872	0.00623	0.00311	0.00311	0.00062	0.00311	0.00249	0.00249	0.87796
19	0.01190	0.02318	0.01065	0.00924	0.03811	0.01097	0.00708	0.25989	0.49306	0.01968	0.02941	0.01439	0.01138	0.03581	0.00485	0.00145	0.00380	0.00449	0.00409	0.00659
20	0.00500	0.00426	0.00430	0.00429	0.00569	0.00356	0.00322	0.00609	0.00965	0.01151	0.06448	0.04020	0.80234	0.01059	0.00497	0.00142	0.00213	0.00884	0.00392	0.00356
21	0.03937	0.00760	0.01256	0.77948	0.06012	0.00937	0.01147	0.01089	0.00841	0.01115	0.00743	0.01102	0.00561	0.00417	0.00414	0.00139	0.00550	0.00368	0.00190	0.00475
22	0.01317	0.27580	0.13077	0.00988	0.01301	0.45088	0.00891	0.01487	0.01034	0.01059	0.00643	0.00754	0.00540	0.00412	0.00369	0.00108	0.02366	0.00264	0.00199	0.00522
23	0.00892	0.00766	0.00902	0.00655	0.01009	0.00614	0.00526	0.03071	0.00888	0.01385	0.00744	0.00877	0.00622	0.00337	0.00366	0.00070	0.04411	0.00258	0.00250	0.81356
24	0.00641	0.03512	0.10274	0.02285	0.05605	0.00539	0.00625	0.02792	0.00862	0.01165	0.01923	0.60631	0.02214	0.01080	0.00501	0.00160	0.00327	0.04107	0.00345	0.00413
25	0.04900	0.00847	0.01042	0.00802	0.01128	0.00819	0.00662	0.23916	0.01400	0.57792	0.01440	0.01287	0.00930	0.00511	0.00416	0.00129	0.00386	0.00404	0.00483	0.00706
26	0.00794	0.00747	0.01261	0.84216	0.02895	0.00934	0.01167	0.01074	0.00841	0.01074	0.00747	0.01121	0.00560	0.00420	0.00420	0.00140	0.00560	0.00374	0.00187	0.00467
27	0.00548	0.00474	0.00560	0.13014	0.00921	0.00445	0.00452	0.00686	0.00956	0.01162	0.08812	0.03548	0.65036	0.00955	0.00485	0.00141	0.00264	0.00802	0.00365	0.00374
28	0.00617	0.00435	0.00564	0.00529	0.00635	0.00399	0.00398	0.00811	0.01180	0.03324	0.77319	0.03145	0.07333	0.00861	0.00494	0.00133	0.00202	0.00759	0.00461	0.00401
29	0.01182	0.01015	0.01070	0.00995	0.06387	0.05113	0.00736	0.19338	0.53973	0.01882	0.01488	0.01413	0.02402	0.00545	0.00424	0.00136	0.00391	0.00444	0.00401	0.00662
30	0.00528	0.00397	0.00481	0.00527	0.00595	0.00360	0.00367	0.00624	0.00889	0.01155	0.12862	0.43755	0.26289	0.06725	0.00627	0.00174	0.00243	0.02664	0.00390	0.00348
31	0.01012	0.00957	0.01506	0.36257	0.27205	0.03711	0.08987	0.10090	0.03625	0.01388	0.00828	0.01087	0.00640	0.00414	0.00425	0.00133	0.00544	0.00386	0.00230	0.00573

[dist]
# distance from previous block
# <min> <max>
0	4

[block]
# block no. 5 follows, 63 sequences, length 92
# corresponding to MSA columns:
# 751-842
name=unknown_F
#
# <colnr> <probs for GDERKNQSTAVLIFYWHMCP>
#	G	D	E	R	K	N	Q	S	T	A	V	L	I	F	Y	W	H	M	C	P
0	0.01325	0.14777	0.03270	0.08533	0.04454	0.11267	0.00822	0.26273	0.12306	0.08309	0.02127	0.01071	0.00791	0.00478	0.00414	0.00123	0.02358	0.00360	0.00326	0.00615
1	0.00515	0.00367	0.00487	0.00582	0.00606	0.00343	0.00387	0.00586	0.00800	0.01066	0.02290	0.82737	0.02747	0.03578	0.00580	0.00177	0.00248	0.01179	0.00387	0.00339
2	0.03834	0.02632	0.07787	0.01462	0.23416	0.17435	0.06650	0.03377	0.03159	0.01286	0.00762	0.00968	0.00634	0.00533	0.03071	0.00144	0.13672	0.00345	0.01322	0.07511
3	0.00528	0.00372	0.00483	0.00566	0.00586	0.00352	0.00369	0.00589	0.00775	0.01033	0.02162	0.72114	0.02585	0.14422	0.00787	0.00208	0.00269	0.01104	0.00369	0.00328
4	0.04090	0.67776	0.04335	0.00776	0.01121	0.11319	0.00746	0.02377	0.02288	0.01069	0.00622	0.00710	0.00552	0.00376	0.00291	0.00096	0.00485	0.00239	0.00194	0.00537
5	0.02363	0.07930	0.10059	0.07688	0.23327	0.03406	0.06205	0.08401	0.12146	0.10049	0.00999	0.01099	0.00752	0.00431	0.00404	0.00126	0.00484	0.00374	0.00285	0.03471
6	0.00909	0.00903	0.01295	0.10249	0.03358	0.01242	0.00956	0.01026	0.00673	0.01028	0.00579	0.00945	0.00556	0.00692	0.01250	0.00178	0.73143	0.00369	0.00185	0.00466
7	0.01852	0.00769	0.01009	0.00774	0.01100	0.00698	0.00639	0.11309	0.01294	0.73507	0.01583	0.01382	0.01002	0.00518	0.00422	0.00130	0.00370	0.00418	0.00509	0.00715
8	0.00953	0.00958	0.04577	0.29045	0.51269	0.00978	0.01242	0.01249	0.03277	0.01286	0.00802	0.01076	0.00645	0.00396	0.00417	0.00131	0.00519	0.00375	0.00206	0.00599
9	0.01124	0.85479	0.02203	0.00719	0.01079	0.01663	0.00719	0.01259	0.00854	0.00989	0.00584	0.00674	0.00539	0.00360	0.00270	0.00090	0.00450	0.00225	0.00180	0.00539
10	0.01040	0.00999	0.01706	0.02580	0.82604	0.00999	0.01290	0.01290	0.00957	0.01373	0.00791	0.01040	0.00666	0.00375	0.00416	0.00125	0.00499	0.00375	0.00208	0.00666
11	0.00580	0.00405	0.00484	0.00515	0.00543	0.00394	0.00331	0.00626	0.00719	0.00945	0.01904	0.23576	0.09421	0.48419	0.03532	0.00315	0.00365	0.06317	0.00310	0.00298
12	0.00564	0.00439	0.00635	0.04895	0.04690	0.00423	0.02643	0.00665	0.00827	0.01098	0.02223	0.70418	0.06506	0.01188	0.00522	0.00165	0.00283	0.01080	0.00367	0.00370
13	0.00794	0.00747	0.01261	0.84216	0.02895	0.00934	0.01167	0.01074	0.00841	0.01074	0.00747	0.01121	0.00560	0.00420	0.00420	0.00140	0.00560	0.00374	0.00187	0.00467
14	0.00514	0.00369	0.00485	0.00577	0.00605	0.00343	0.00385	0.00587	0.00806	0.01070	0.02366	0.80399	0.05585	0.03021	0.00568	0.00175	0.00246	0.01172	0.00387	0.00340
15	0.00602	0.00423	0.00543	0.00529	0.00623	0.00389	0.00390	0.00776	0.01111	0.02750	0.62147	0.14567	0.08821	0.00920	0.00494	0.00137	0.00208	0.00812	0.03366	0.00391
16	0.70798	0.00864	0.03821	0.03046	0.05980	0.00924	0.01985	0.01246	0.00761	0.04075	0.00691	0.03024	0.00556	0.00418	0.00296	0.00131	0.00359	0.00280	0.00262	0.00481
17	0.01063	0.48342	0.27277	0.00903	0.01327	0.08369	0.00984	0.01307	0.00890	0.01111	0.00647	0.00758	0.00540	0.00383	0.00340	0.00106	0.02000	0.00259	0.00184	0.03210
18	0.00863	0.00828	0.01324	0.66074	0.16656	0.03704	0.01165	0.01131	0.00873	0.01131	0.00760	0.01101	0.00585	0.00414	0.00416	0.00136	0.00551	0.00371	0.01416	0.00501
19	0.00614	0.00470	0.00702	0.00694	0.00766	0.00558	0.00542	0.00762	0.00674	0.00977	0.01102	0.01620	0.01030	0.03050	0.80081	0.00655	0.04654	0.00447	0.00223	0.00379
20	0.01324	0.42961	0.01668	0.00878	0.01167	0.36852	0.00751	0.05042	0.01056	0.01102	0.01875	0.00778	0.00609	0.00408	0.00327	0.00100	0.00575	0.00262	0.01744	0.00520
21	0.01002	0.03566	0.26612	0.03233	0.05839	0.00796	0.00920	0.05415	0.00967	0.08867	0.00869	0.02247	0.00669	0.00391	0.00366	0.00102	0.00440	0.00315	0.00257	0.37127
22	0.02087	0.10637	0.43990	0.01357	0.16138	0.05780	0.03475	0.01377	0.03313	0.04477	0.02148	0.00968	0.00659	0.00412	0.00403	0.00127	0.01499	0.00332	0.00213	0.00609
23	0.01115	0.02157	0.01040	0.03713	0.03379	0.04802	0.00719	0.09753	0.64468	0.01767	0.01522	0.01436	0.01144	0.00545	0.00422	0.00138	0.00378	0.00447	0.00400	0.00654
24	0.14622	0.68541	0.01920	0.00731	0.02271	0.02811	0.00690	0.02452	0.00856	0.01159	0.00595	0.00687	0.00531	0.00368	0.00274	0.00097	0.00436	0.00230	0.00197	0.00530
25	0.00664	0.03411	0.03572	0.00620	0.00760	0.00566	0.00490	0.00979	0.15006	0.01280	0.13210	0.18605	0.22909	0.03339	0.08940	0.01651	0.00365	0.02840	0.00368	0.00425
26	0.00542	0.00408	0.00497	0.00514	0.00600	0.00368	0.00368	0.00669	0.00989	0.01314	0.32898	0.28344	0.26454	0.03400	0.00554	0.00154	0.00222	0.00926	0.00414	0.00364
27	0.01043	0.00882	0.00933	0.00841	0.01073	0.01015	0.00657	0.04501	0.74467	0.01764	0.01693	0.01642	0.01292	0.00582	0.00427	0.00142	0.00334	0.02716	0.03345	0.00650
28	0.00507	0.00421	0.00432	0.00438	0.00561	0.00358	0.00318	0.00603	0.00921	0.01106	0.03902	0.08841	0.71006	0.07948	0.00633	0.00165	0.00231	0.00883	0.00379	0.00346
29	0.00782	0.00602	0.00702	0.00649	0.00803	0.00628	0.00497	0.01319	0.29504	0.03849	0.44592	0.04927	0.06788	0.00776	0.00472	0.00138	0.00254	0.01774	0.00445	0.00496
30	0.01464	0.00825	0.00975	0.00807	0.01090	0.00852	0.00647	0.06667	0.38557	0.39665	0.02718	0.01493	0.01173	0.00547	0.00426	0.00136	0.00350	0.00449	0.00471	0.00688
31	0.01127	0.82591	0.03605	0.00734	0.01096	0.03050	0.00736	0.01267	0.00861	0.00996	0.00589	0.00680	0.00539	0.00362	0.00274	0.00091	0.00458	0.00227	0.00180	0.00540
32	0.00845	0.00784	0.01298	0.74240	0.09541	0.00953	0.01164	0.04085	0.00893	0.01158	0.00761	0.01110	0.00575	0.00420	0.00420	0.00138	0.00552	0.00374	0.00197	0.00493
33	0.00784	0.00392	0.00392	0.00392	0.00490	0.00392	0.00294	0.00980	0.00882	0.01567	0.01371	0.01567	0.01077	0.00490	0.00294	0.00098	0.00196	0.00392	0.87560	0.00392
34	0.00872	0.00747	0.00872	0.00623	0.00996	0.00560	0.00498	0.01058	0.00872	0.01370	0.00747	0.00872	0.00623	0.00311	0.00311	0.00062	0.00311	0.00249	0.00249	0.87796
35	0.00790	0.00611	0.00722	0.00704	0.00842	0.00644	0.01497	0.03490	0.29370	0.03833	0.10135	0.34484	0.06132	0.00933	0.00487	0.00154	0.00290	0.03982	0.00413	0.00487
36	0.00898	0.00849	0.01438	0.53428	0.29055	0.00967	0.03218	0.02942	0.00908	0.01215	0.00770	0.01092	0.00600	0.00405	0.00421	0.00135	0.00542	0.00377	0.00200	0.00540
37	0.01025	0.00988	0.01700	0.02388	0.70608	0.00988	0.07256	0.01320	0.04341	0.01390	0.02030	0.01161	0.00766	0.00401	0.00427	0.00128	0.00502	0.01706	0.00224	0.00650
38	0.00992	0.01134	0.02481	0.01772	0.02197	0.01063	0.81077	0.01347	0.00992	0.01347	0.00850	0.01134	0.00638	0.00354	0.00496	0.00142	0.00709	0.00496	0.00213	0.00567
39	0.01570	0.02004	0.01191	0.01083	0.01300	0.83539	0.00812	0.01679	0.01191	0.01029	0.00650	0.00758	0.00541	0.00433	0.00379	0.00108	0.00758	0.00271	0.00217	0.00487
40	0.00599	0.00452	0.00658	0.02045	0.03051	0.00498	0.00509	0.00717	0.00719	0.01006	0.01456	0.26437	0.01555	0.06550	0.48032	0.01913	0.02489	0.00674	0.00273	0.00367
41	0.01042	0.60047	0.24626	0.00881	0.01315	0.01456	0.03175	0.01281	0.00867	0.01094	0.00639	0.00746	0.00540	0.00371	0.00312	0.00103	0.00504	0.00256	0.00180	0.00563
42	0.00606	0.00458	0.00686	0.00683	0.00756	0.00538	0.00532	0.00755	0.00675	0.00976	0.01117	0.01639	0.01043	0.03113	0.82207	0.00668	0.02499	0.00449	0.00225	0.00377
43	0.03424	0.00647	0.00854	0.00687	0.00949	0.00578	0.00555	0.01711	0.03309	0.58056	0.18187	0.03184	0.02798	0.00608	0.00434	0.00131	0.00316	0.00507	0.02441	0.00625
44	0.00855	0.03511	0.08996	0.07915	0.05335	0.11906	0.03817	0.01056	0.00946	0.01189	0.03314	0.10261	0.04375	0.00824	0.00542	0.01513	0.03973	0.28925	0.00295	0.00450
45	0.00601	0.00449	0.00669	0.00669	0.00742	0.00522	0.00518	0.00747	0.00674	0.00971	0.01132	0.01683	0.01064	0.05478	0.81254	0.00668	0.01106	0.00455	0.00226	0.00372
46	0.00514	0.00367	0.00489	0.00584	0.00610	0.00343	0.00390	0.00590	0.00813	0.01087	0.04071	0.83160	0.02806	0.01307	0.00536	0.00170	0.00243	0.01186	0.00392	0.00343
47	0.00513	0.00373	0.00484	0.00569	0.00606	0.00344	0.00384	0.00592	0.00829	0.01094	0.04516	0.75528	0.10054	0.01283	0.00532	0.00167	0.00240	0.01156	0.00392	0.00344
48	0.01057	0.00884	0.00941	0.00846	0.01082	0.01015	0.00660	0.02185	0.77052	0.04048	0.02974	0.01638	0.01336	0.00583	0.00431	0.00143	0.00332	0.01706	0.00430	0.00658
49	0.01860	0.00710	0.00967	0.00743	0.01064	0.00613	0.00613	0.02023	0.01203	0.81249	0.03295	0.01465	0.01100	0.00527	0.00424	0.00130	0.00354	0.00430	0.00519	0.00709
50	0.00584	0.00386	0.00477	0.00525	0.00585	0.00363	0.00367	0.00707	0.00898	0.01291	0.16387	0.47983	0.07215	0.01045	0.00475	0.00147	0.00224	0.00929	0.19050	0.00363
51	0.00602	0.00442	0.00632	0.00630	0.00694	0.00498	0.00472	0.00730	0.00698	0.00995	0.06383	0.01931	0.01318	0.16706	0.64628	0.00596	0.00946	0.00497	0.00245	0.00357
52	0.00887	0.00866	0.01224	0.01053	0.01067	0.01189	0.02154	0.00986	0.00654	0.01017	0.00634	0.01042	0.00627	0.03610	0.06925	0.00222	0.73380	0.00384	0.01629	0.00448
53	0.00821	0.02043	0.76813	0.01144	0.01727	0.00931	0.01463	0.01284	0.00902	0.01337	0.03983	0.01092	0.03741	0.00442	0.00407	0.00133	0.00590	0.00349	0.00196	0.00603
54	0.01620	0.01142	0.01240	0.00951	0.01286	0.01252	0.00785	0.75186	0.01918	0.08749	0.01059	0.01041	0.00740	0.00506	0.00421	0.00126	0.00455	0.00382	0.00428	0.00715
55	0.00797	0.00554	0.00623	0.00625	0.01855	0.08722	0.00416	0.00701	0.00657	0.00832	0.03049	0.03532	0.00958	0.12496	0.01482	0.58994	0.01463	0.00420	0.01578	0.00246
56	0.01017	0.01036	0.01147	0.22636	0.17063	0.19182	0.00891	0.01352	0.11842	0.02344	0.10052	0.01525	0.07083	0.00531	0.00425	0.00130	0.00494	0.00445	0.00279	0.00523
57	0.00701	0.00602	0.03745	0.00711	0.05276	0.00563	0.00509	0.01033	0.14765	0.01430	0.35528	0.05037	0.08089	0.16703	0.02195	0.00197	0.00314	0.01788	0.00381	0.00434
58	0.00878	0.02126	0.80299	0.01183	0.01794	0.00964	0.01522	0.01355	0.00898	0.04063	0.00785	0.00906	0.00550	0.00403	0.00400	0.00133	0.00612	0.00314	0.00189	0.00624
59	0.00993	0.14116	0.14156	0.00773	0.01180	0.00856	0.01855	0.06557	0.00959	0.04315	0.00775	0.00877	0.00617	0.00354	0.00333	0.00086	0.00399	0.00273	0.00248	0.50278
60	0.00730	0.00365	0.00548	0.00548	0.00548	0.00365	0.00365	0.00548	0.00548	0.00730	0.00730	0.01278	0.00730	0.01460	0.01643	0.87769	0.00365	0.00365	0.00183	0.00183
61	0.00843	0.02174	0.83048	0.01198	0.01819	0.00976	0.01553	0.01331	0.00888	0.01331	0.00754	0.00888	0.00533	0.00399	0.00399	0.00133	0.00621	0.00311	0.00178	0.00621
62	0.02560	0.07118	0.08209	0.06683	0.24636	0.01958	0.01825	0.11818	0.07935	0.16713	0.01095	0.02566	0.00844	0.00481	0.00423	0.00130	0.01460	0.02596	0.00315	0.00634
63	0.00924	0.07422	0.47735	0.01071	0.03302	0.01944	0.02922	0.06960	0.07349	0.03062	0.01069	0.12407	0.00927	0.00544	0.00416	0.00135	0.00519	0.00450	0.00252	0.00588
64	0.01040	0.00999	0.01706	0.02580	0.82604	0.00999	0.01290	0.01290	0.00957	0.01373	0.00791	0.01040	0.00666	0.00375	0.00416	0.00125	0.00499	0.00375	0.00208	0.00666
65	0.02532	0.00986	0.02394	0.00900	0.01188	0.01049	0.04812	0.39234	0.21799	0.07532	0.01458	0.05107	0.05448	0.00578	0.00429	0.00134	0.00405	0.00473	0.02899	0.00644
66	0.00818	0.04901	0.60689	0.01080	0.01575	0.00892	0.04054	0.01225	0.02091	0.02296	0.02056	0.13224	0.02191	0.00550	0.00421	0.00138	0.00544	0.00461	0.00225	0.00571
67	0.01524	0.10983	0.06356	0.00791	0.01122	0.00773	0.03672	0.01744	0.03354	0.52729	0.08507	0.01430	0.01183	0.00511	0.00408	0.00124	0.00382	0.00420	0.00429	0.03556
68	0.01124	0.85479	0.02203	0.00719	0.01079	0.01663	0.00719	0.01259	0.00854	0.00989	0.00584	0.00674	0.00539	0.00360	0.00270	0.00090	0.00450	0.00225	0.00180	0.00539
69	0.00681	0.00502	0.00735	0.00802	0.00907	0.00498	0.03665	0.00874	0.00960	0.01252	0.02179	0.08717	0.02371	0.01139	0.00575	0.00190	0.00392	0.72787	0.00381	0.00391
70	0.00843	0.02174	0.83048	0.01198	0.01819	0.00976	0.01553	0.01331	0.00888	0.01331	0.00754	0.00888	0.00533	0.00399	0.00399	0.00133	0.00621	0.00311	0.00178	0.00621
71	0.00687	0.00546	0.00744	0.00748	0.02860	0.01646	0.00564	0.02026	0.07808	0.01147	0.08190	0.03278	0.01361	0.03617	0.57220	0.00511	0.03626	0.02734	0.00272	0.00417
72	0.00601	0.00447	0.00660	0.00660	0.00729	0.00517	0.00505	0.00740	0.00671	0.00964	0.01141	0.01733	0.01086	0.09232	0.77530	0.00656	0.01073	0.00462	0.00227	0.00366
73	0.00970	0.53072	0.04248	0.02991	0.02961	0.02428	0.00691	0.02863	0.00902	0.01097	0.04249	0.04807	0.11810	0.00622	0.03205	0.00128	0.01821	0.00399	0.00236	0.00501
74	0.00700	0.00378	0.00537	0.00537	0.00541	0.00382	0.00352	0.00571	0.00567	0.00760	0.00869	0.01588	0.00905	0.18057	0.06209	0.65806	0.00415	0.00418	0.00199	0.00207
75	0.02579	0.42195	0.28807	0.00989	0.03044	0.07313	0.04146	0.01335	0.02701	0.01160	0.00685	0.00800	0.00559	0.00389	0.00352	0.00112	0.01799	0.00278	0.00191	0.00567
76	0.01114	0.02837	0.01294	0.16078	0.23728	0.20349	0.03105	0.02601	0.09993	0.04710	0.01065	0.08393	0.01882	0.00516	0.00420	0.00130	0.00525	0.00441	0.00265	0.00554
77	0.02572	0.01648	0.04477	0.05298	0.01392	0.47430	0.00854	0.26204	0.01384	0.01555	0.00767	0.00863	0.00595	0.00461	0.00419	0.00119	0.02813	0.00313	0.00276	0.00561
78	0.01105	0.00904	0.03498	0.05689	0.36066	0.00836	0.10150	0.01359	0.02230	0.15407	0.05622	0.03487	0.00967	0.00449	0.00422	0.00123	0.00457	0.00426	0.00288	0.10513
79	0.01608	0.01125	0.01222	0.00938	0.01270	0.01230	0.00775	0.73098	0.01892	0.09402	0.01070	0.01055	0.00749	0.00506	0.00418	0.00126	0.00449	0.00382	0.01977	0.00709
80	0.00930	0.00874	0.01479	0.31749	0.49115	0.00944	0.01195	0.01186	0.00903	0.01255	0.00801	0.01104	0.00652	0.00497	0.03520	0.00150	0.00538	0.00377	0.02153	0.00578
81	0.01003	0.03569	0.11777	0.06300	0.25848	0.01968	0.15637	0.01394	0.10637	0.06095	0.04386	0.02357	0.03786	0.00463	0.00431	0.00131	0.00499	0.00438	0.00268	0.03014
82	0.02701	0.01406	0.01175	0.01020	0.03495	0.31958	0.00785	0.33849	0.09506	0.04813	0.00975	0.01048	0.00744	0.00493	0.00417	0.00123	0.01666	0.01592	0.01626	0.00607
83	0.00736	0.00460	0.00589	0.00584	0.00693	0.00427	0.00429	0.02074	0.02122	0.11779	0.22697	0.35021	0.13958	0.01142	0.05102	0.00179	0.00296	0.00879	0.00417	0.00417
84	0.01995	0.04650	0.25891	0.00891	0.05521	0.00729	0.00846	0.01155	0.08274	0.03709	0.27222	0.05299	0.08065	0.00673	0.00446	0.00135	0.00382	0.03270	0.00335	0.00514
85	0.03841	0.02366	0.07466	0.02357	0.10340	0.10804	0.10851	0.10074	0.19304	0.13556	0.01139	0.01186	0.00841	0.00557	0.03303	0.00149	0.00520	0.00399	0.00327	0.00620
86	0.00570	0.00419	0.00509	0.00545	0.00624	0.00389	0.00393	0.00682	0.03689	0.01138	0.09087	0.32384	0.29028	0.02491	0.00667	0.09823	0.00259	0.06587	0.00372	0.00346
87	0.00663	0.00488	0.00658	0.03394	0.03471	0.00522	0.00478	0.00781	0.02528	0.03347	0.05086	0.21303	0.05108	0.25071	0.20243	0.00347	0.05156	0.00690	0.00298	0.00367
88	0.09621	0.01127	0.05986	0.04203	0.15687	0.16829	0.01945	0.11518	0.04625	0.06946	0.01050	0.06026	0.00889	0.02706	0.00443	0.00135	0.00481	0.02509	0.06724	0.00552
89	0.00831	0.00550	0.00845	0.10408	0.09515	0.01914	0.02896	0.00822	0.00720	0.04589	0.03900	0.01432	0.00903	0.01167	0.04246	0.51154	0.00440	0.03118	0.00221	0.00328
90	0.11487	0.00872	0.03100	0.05108	0.04602	0.06252	0.00625	0.07200	0.02355	0.03873	0.03189	0.02641	0.03428	0.00453	0.00357	0.00102	0.00374	0.02539	0.04766	0.36676
91	0.05571	0.06802	0.12013	0.03694	0.12884	0.18430	0.05206	0.11093	0.01115	0.09936	0.00957	0.01077	0.02901	0.02334	0.00431	0.00127	0.00534	0.00353	0.00272	0.04272

[dist]
# distance from previous block
# <min> <max>
0	16

[block]
# block no. 6 follows, 63 sequences, length 27
# corresponding to MSA columns:
# 859-885
name=unknown_G
#
# <colnr> <probs for GDERKNQSTAVLIFYWHMCP>
#	G	D	E	R	K	N	Q	S	T	A	V	L	I	F	Y	W	H	M	C	P
0	0.04459	0.13606	0.27199	0.03773	0.06170	0.01013	0.03317	0.13171	0.01043	0.05780	0.00968	0.05813	0.00827	0.04988	0.00485	0.00141	0.00489	0.02409	0.00263	0.04086
1	0.02017	0.15574	0.09334	0.03177	0.22858	0.05773	0.05660	0.12081	0.06355	0.01441	0.01839	0.01113	0.03016	0.00528	0.01794	0.03745	0.01486	0.00369	0.01258	0.00582
2	0.00747	0.02287	0.02684	0.02265	0.03925	0.03352	0.06262	0.07424	0.02475	0.02683	0.05248	0.15359	0.40482	0.00886	0.00476	0.00141	0.00326	0.00762	0.01778	0.00439
3	0.01010	0.05261	0.18856	0.00969	0.06562	0.04249	0.03448	0.07148	0.02545	0.05336	0.02338	0.03779	0.00770	0.00416	0.00370	0.00102	0.00438	0.00341	0.00263	0.35797
4	0.01184	0.09462	0.08997	0.00941	0.03175	0.20256	0.00795	0.06810	0.01051	0.10162	0.07781	0.04679	0.02331	0.00555	0.00544	0.00126	0.13239	0.00400	0.00284	0.07227
5	0.08750	0.02261	0.00772	0.00637	0.00845	0.00636	0.00502	0.10765	0.02702	0.15819	0.28605	0.09562	0.06027	0.00699	0.00432	0.00128	0.00291	0.00588	0.02028	0.07951
6	0.03023	0.06005	0.11401	0.01083	0.09140	0.04429	0.07061	0.04672	0.22471	0.07896	0.04390	0.02468	0.02437	0.00492	0.00424	0.00126	0.02045	0.00413	0.00315	0.09709
7	0.10667	0.03232	0.39347	0.01137	0.07191	0.00954	0.05956	0.09438	0.01882	0.08194	0.02054	0.04508	0.00752	0.00458	0.00398	0.00131	0.00512	0.00375	0.00261	0.02553
