[name]
unknown

[dist]
# distance from previous block
# <min> <max>
9	68

[block]
# block no. 0 follows, 62 sequences, length 67
# corresponding to MSA columns:
# 105-171
name=unknown_A
#
# <colnr> <probs for GDERKNQSTAVLIFYWHMCP>
#	G	D	E	R	K	N	Q	S	T	A	V	L	I	F	Y	W	H	M	C	P
0	0.02257	0.10871	0.09897	0.01258	0.18146	0.04115	0.02732	0.17096	0.10973	0.06816	0.04526	0.03314	0.00944	0.00484	0.00405	0.00124	0.00459	0.00400	0.00312	0.04868
1	0.06376	0.05738	0.06326	0.04033	0.21004	0.05837	0.06715	0.13646	0.02944	0.04855	0.05303	0.07079	0.04537	0.00575	0.01578	0.00138	0.00476	0.00464	0.00297	0.02078
2	0.01037	0.00951	0.01395	0.04337	0.46899	0.04219	0.02098	0.10206	0.02083	0.01519	0.08749	0.03762	0.04899	0.00518	0.00463	0.00130	0.02963	0.00461	0.01437	0.01874
3	0.02205	0.07646	0.01186	0.07029	0.12492	0.07309	0.00780	0.13342	0.11559	0.08234	0.07757	0.05154	0.03530	0.04343	0.00557	0.00146	0.05365	0.00469	0.00330	0.00568
4	0.02416	0.10590	0.01266	0.04556	0.15157	0.02116	0.01625	0.17246	0.12635	0.07160	0.03157	0.05102	0.04331	0.00594	0.01443	0.00138	0.04452	0.01519	0.03903	0.00595
5	0.01378	0.03854	0.01298	0.01094	0.01292	0.48485	0.04597	0.08277	0.05251	0.01230	0.00756	0.02104	0.00641	0.00520	0.00597	0.00130	0.17397	0.00337	0.00242	0.00520
6	0.00618	0.00437	0.00566	0.03743	0.00742	0.00416	0.00440	0.00767	0.03543	0.04580	0.15144	0.50566	0.13291	0.01131	0.00519	0.00159	0.00258	0.02289	0.00405	0.00388
7	0.00882	0.00756	0.00882	0.00630	0.01008	0.00567	0.00504	0.01071	0.00882	0.01387	0.00756	0.00882	0.00630	0.00315	0.00315	0.00063	0.00315	0.00252	0.00252	0.87647
8	0.00735	0.00370	0.00553	0.00555	0.00556	0.00369	0.00370	0.00555	0.00560	0.00746	0.00772	0.02978	0.00781	0.01475	0.01640	0.85855	0.00367	0.00387	0.00189	0.00188
9	0.00511	0.00431	0.00442	0.00439	0.00580	0.00363	0.00329	0.00626	0.00988	0.01193	0.10404	0.04023	0.76099	0.01061	0.00503	0.00143	0.00214	0.00888	0.00401	0.00363
10	0.00853	0.02201	0.82841	0.01213	0.01842	0.00988	0.01572	0.01348	0.00898	0.01348	0.00764	0.00898	0.00539	0.00404	0.00404	0.00135	0.00629	0.00314	0.00180	0.00629
11	0.01044	0.01001	0.01710	0.05697	0.79380	0.01009	0.01301	0.01298	0.00964	0.01379	0.00799	0.01056	0.00670	0.00381	0.00421	0.00127	0.00508	0.00379	0.00210	0.00666
12	0.00608	0.00455	0.00677	0.00677	0.00751	0.00528	0.00523	0.00756	0.00682	0.00983	0.01146	0.01706	0.01079	0.05694	0.80877	0.00676	0.01117	0.00461	0.00229	0.00376
13	0.00804	0.00756	0.01276	0.84023	0.02931	0.00945	0.01182	0.01087	0.00851	0.01087	0.00756	0.01134	0.00567	0.00425	0.00425	0.00142	0.00567	0.00378	0.00189	0.00473
14	0.00882	0.00756	0.00882	0.00630	0.01008	0.00567	0.00504	0.01071	0.00882	0.01387	0.00756	0.00882	0.00630	0.00315	0.00315	0.00063	0.00315	0.00252	0.00252	0.87647
15	0.00939	0.01016	0.04491	0.08182	0.07930	0.00969	0.46810	0.01281	0.04512	0.02484	0.06387	0.04532	0.03323	0.00489	0.00528	0.00144	0.04654	0.00525	0.00253	0.00550
16	0.00930	0.00855	0.03817	0.05362	0.24391	0.00870	0.00843	0.04053	0.27245	0.01595	0.19423	0.01760	0.02583	0.00676	0.03587	0.00156	0.00409	0.00507	0.00348	0.00588
17	0.00619	0.00413	0.00464	0.00464	0.00464	0.00413	0.00258	0.00619	0.00619	0.00825	0.01341	0.02785	0.01547	0.85046	0.02166	0.00413	0.00413	0.00619	0.00258	0.00258
18	0.01157	0.15901	0.24119	0.01120	0.04775	0.02371	0.06665	0.22476	0.08496	0.01660	0.00885	0.00980	0.00673	0.00456	0.00454	0.00128	0.05439	0.00351	0.00274	0.01618
19	0.02383	0.53339	0.30026	0.00918	0.01373	0.01418	0.02900	0.01301	0.00877	0.01143	0.00657	0.00768	0.00545	0.00378	0.00324	0.00108	0.00519	0.00264	0.00183	0.00574
20	0.00506	0.00431	0.00435	0.00434	0.00577	0.00360	0.00326	0.00616	0.00977	0.01166	0.06572	0.04068	0.79947	0.01072	0.00503	0.00143	0.00215	0.00894	0.00397	0.00360
21	0.00600	0.00438	0.00568	0.00543	0.00646	0.00406	0.00412	0.00794	0.01168	0.01636	0.71901	0.03271	0.08700	0.00952	0.02483	0.00150	0.00232	0.04248	0.00455	0.00398
22	0.88052	0.00823	0.00625	0.00560	0.00823	0.00955	0.00461	0.01251	0.00724	0.01909	0.00592	0.00691	0.00461	0.00395	0.00263	0.00132	0.00329	0.00230	0.00263	0.00461
23	0.01589	0.02028	0.01206	0.01096	0.01315	0.83338	0.00822	0.01699	0.01206	0.01041	0.00658	0.00767	0.00548	0.00438	0.00384	0.00110	0.00767	0.00274	0.00219	0.00493
24	0.00921	0.08702	0.65657	0.01224	0.04587	0.01027	0.05179	0.01356	0.00919	0.04010	0.02149	0.00955	0.00625	0.00410	0.00401	0.00131	0.00599	0.00330	0.00199	0.00621
25	0.01084	0.69605	0.17456	0.00820	0.01234	0.01552	0.00887	0.01288	0.00871	0.01067	0.00624	0.00723	0.00545	0.00372	0.00298	0.00099	0.00488	0.00244	0.00182	0.00562
26	0.00986	0.00852	0.02744	0.00808	0.01036	0.00925	0.00638	0.01955	0.63844	0.04010	0.02015	0.07250	0.09735	0.00673	0.00447	0.00146	0.00326	0.00566	0.00424	0.00620
27	0.00593	0.00445	0.00551	0.00527	0.00636	0.00409	0.00394	0.00799	0.03230	0.01586	0.63214	0.05916	0.18288	0.00915	0.00502	0.00137	0.00208	0.00800	0.00452	0.00399
28	0.02617	0.05035	0.06135	0.06058	0.05827	0.03180	0.02172	0.34311	0.05274	0.16334	0.01180	0.03956	0.00900	0.00533	0.00423	0.00132	0.00456	0.03032	0.01797	0.00648
29	0.00814	0.00767	0.01295	0.80664	0.06210	0.00948	0.01187	0.01096	0.00856	0.01100	0.00758	0.01131	0.00572	0.00424	0.00425	0.00141	0.00565	0.00378	0.00190	0.00481
30	0.00518	0.00370	0.00494	0.00592	0.00617	0.00346	0.00395	0.00592	0.00815	0.01086	0.02345	0.84768	0.02814	0.01333	0.00543	0.00173	0.00247	0.01210	0.00395	0.00346
31	0.06628	0.01154	0.13384	0.04990	0.08040	0.01008	0.02468	0.30605	0.01385	0.24444	0.01106	0.01112	0.00759	0.00475	0.00415	0.00131	0.00467	0.00378	0.00374	0.00675
32	0.00751	0.00553	0.03755	0.00652	0.03391	0.00466	0.00506	0.00947	0.01137	0.09864	0.51366	0.03089	0.14926	0.00852	0.00494	0.00139	0.00258	0.05968	0.00439	0.00445
33	0.00616	0.00413	0.00463	0.00463	0.00467	0.00411	0.00260	0.00619	0.00628	0.00833	0.01418	0.02818	0.03634	0.82874	0.02123	0.00406	0.00407	0.00626	0.00261	0.00260
34	0.01833	0.00846	0.01063	0.00815	0.01147	0.00806	0.00673	0.22572	0.01421	0.61901	0.01508	0.01337	0.00968	0.00523	0.00427	0.00131	0.00390	0.00416	0.00500	0.00724
35	0.01010	0.04299	0.09780	0.07988	0.23412	0.01044	0.18564	0.04336	0.19398	0.01467	0.01069	0.03891	0.00855	0.00461	0.00439	0.00136	0.00519	0.00444	0.00270	0.00618
36	0.01001	0.01038	0.03440	0.03791	0.01487	0.07362	0.26792	0.06656	0.06844	0.01410	0.09944	0.01422	0.03757	0.00566	0.00675	0.00147	0.19562	0.00476	0.03104	0.00527
37	0.88052	0.00823	0.00625	0.00560	0.00823	0.00955	0.00461	0.01251	0.00724	0.01909	0.00592	0.00691	0.00461	0.00395	0.00263	0.00132	0.00329	0.00230	0.00263	0.00461
38	0.01589	0.02028	0.01206	0.01096	0.01315	0.83338	0.00822	0.01699	0.01206	0.01041	0.00658	0.00767	0.00548	0.00438	0.00384	0.00110	0.00767	0.00274	0.00219	0.00493
39	0.01117	0.00595	0.00752	0.00655	0.00848	0.00569	0.00514	0.01441	0.12516	0.28856	0.32720	0.05829	0.02341	0.00714	0.00457	0.00135	0.00280	0.02460	0.06654	0.00545
40	0.00882	0.00756	0.00882	0.00630	0.01008	0.00567	0.00504	0.01071	0.00882	0.01387	0.00756	0.00882	0.00630	0.00315	0.00315	0.00063	0.00315	0.00252	0.00252	0.87647
41	0.01543	0.01950	0.01213	0.01098	0.01301	0.77543	0.00830	0.01651	0.01167	0.01040	0.00651	0.00779	0.00549	0.00460	0.00455	0.00115	0.06666	0.00281	0.00217	0.00491
42	0.00510	0.00427	0.00443	0.00448	0.00581	0.00361	0.00333	0.00621	0.00973	0.01178	0.08696	0.09352	0.72458	0.01082	0.00505	0.00145	0.00217	0.00911	0.00399	0.00361
43	0.00504	0.00425	0.00437	0.00446	0.00579	0.00358	0.00330	0.00609	0.00955	0.01143	0.04123	0.11811	0.74624	0.01102	0.00507	0.00146	0.00219	0.00928	0.00395	0.00358
44	0.00514	0.00429	0.00449	0.00459	0.00591	0.00365	0.00345	0.00626	0.00967	0.01167	0.06567	0.09733	0.71162	0.01093	0.00509	0.00147	0.00224	0.03896	0.00397	0.00361
45	0.01840	0.00813	0.01040	0.00800	0.01129	0.00760	0.00660	0.16513	0.02834	0.66566	0.01559	0.01373	0.00997	0.00525	0.00428	0.00131	0.00381	0.00421	0.00506	0.00723
46	0.88052	0.00823	0.00625	0.00560	0.00823	0.00955	0.00461	0.01251	0.00724	0.01909	0.00592	0.00691	0.00461	0.00395	0.00263	0.00132	0.00329	0.00230	0.00263	0.00461
47	0.00916	0.00755	0.00886	0.00634	0.01011	0.00569	0.00508	0.01105	0.00893	0.04082	0.00787	0.00901	0.00644	0.00322	0.00319	0.00065	0.00317	0.00258	0.00261	0.84765
48	0.00882	0.00756	0.00882	0.00630	0.01008	0.00567	0.00504	0.01071	0.00882	0.01387	0.00756	0.00882	0.00630	0.00315	0.00315	0.00063	0.00315	0.00252	0.00252	0.87647
49	0.88052	0.00823	0.00625	0.00560	0.00823	0.00955	0.00461	0.01251	0.00724	0.01909	0.00592	0.00691	0.00461	0.00395	0.00263	0.00132	0.00329	0.00230	0.00263	0.00461
50	0.00592	0.00435	0.00555	0.00525	0.00629	0.00397	0.00393	0.00783	0.01180	0.01649	0.74143	0.03273	0.12075	0.00891	0.00502	0.00135	0.00202	0.00783	0.00461	0.00397
51	0.88052	0.00823	0.00625	0.00560	0.00823	0.00955	0.00461	0.01251	0.00724	0.01909	0.00592	0.00691	0.00461	0.00395	0.00263	0.00132	0.00329	0.00230	0.00263	0.00461
52	0.01053	0.01011	0.01727	0.02612	0.82392	0.01011	0.01306	0.01306	0.00969	0.01390	0.00800	0.01053	0.00674	0.00379	0.00421	0.00126	0.00505	0.00379	0.00211	0.00674
53	0.01058	0.00914	0.00962	0.00866	0.01106	0.01058	0.00673	0.02261	0.81623	0.01780	0.01732	0.01588	0.01299	0.00577	0.00433	0.00144	0.00337	0.00481	0.00433	0.00673
54	0.01058	0.00914	0.00962	0.00866	0.01106	0.01058	0.00673	0.02261	0.81623	0.01780	0.01732	0.01588	0.01299	0.00577	0.00433	0.00144	0.00337	0.00481	0.00433	0.00673
55	0.01044	0.00899	0.00950	0.00855	0.01092	0.01038	0.00665	0.02215	0.79070	0.01778	0.04285	0.01638	0.01385	0.00587	0.00435	0.00144	0.00332	0.00490	0.00434	0.00665
56	0.00506	0.00431	0.00435	0.00434	0.00577	0.00361	0.00326	0.00617	0.00977	0.01167	0.06782	0.04066	0.79736	0.01071	0.00503	0.00143	0.00215	0.00894	0.00397	0.00361
57	0.00588	0.00482	0.00784	0.00765	0.00848	0.00451	0.11955	0.00703	0.00842	0.01126	0.02132	0.72753	0.02503	0.01193	0.00537	0.00169	0.00314	0.01108	0.00369	0.00378
58	0.00829	0.00407	0.00416	0.00408	0.00515	0.00404	0.00308	0.01027	0.00903	0.04221	0.01398	0.01582	0.01089	0.00497	0.00302	0.00100	0.00204	0.00398	0.84586	0.00407
59	0.00525	0.00375	0.00499	0.00590	0.00616	0.00354	0.00394	0.00599	0.00802	0.01073	0.02265	0.78738	0.02706	0.04739	0.03354	0.00199	0.00283	0.01161	0.00384	0.00343
60	0.01903	0.00733	0.00993	0.00761	0.01091	0.00639	0.00629	0.03620	0.01233	0.81118	0.01666	0.01440	0.01047	0.00526	0.00428	0.00132	0.00364	0.00427	0.00525	0.00724
61	0.00835	0.00801	0.01375	0.71308	0.07702	0.00970	0.05723	0.01114	0.00860	0.01119	0.00758	0.01123	0.00578	0.00430	0.00465	0.00143	0.03631	0.00385	0.00192	0.00491
62	0.00801	0.00616	0.04527	0.00614	0.00818	0.00505	0.03513	0.01022	0.06254	0.13918	0.09384	0.07098	0.47494	0.00897	0.00484	0.00142	0.00285	0.00761	0.00407	0.00460
63	0.00570	0.00409	0.00531	0.00611	0.00650	0.00391	0.00414	0.04380	0.00871	0.01161	0.02283	0.80823	0.02716	0.01294	0.00538	0.00171	0.00257	0.01171	0.00396	0.00363
64	0.00518	0.00370	0.00494	0.00592	0.00617	0.00346	0.00395	0.00592	0.00815	0.01086	0.02345	0.84768	0.02814	0.01333	0.00543	0.00173	0.00247	0.01210	0.00395	0.00346
65	0.88052	0.00823	0.00625	0.00560	0.00823	0.00955	0.00461	0.01251	0.00724	0.01909	0.00592	0.00691	0.00461	0.00395	0.00263	0.00132	0.00329	0.00230	0.00263	0.00461
66	0.01088	0.12308	0.07447	0.00742	0.01119	0.02250	0.00662	0.07279	0.03489	0.09686	0.01834	0.00971	0.00721	0.00381	0.00343	0.00088	0.00382	0.00295	0.00286	0.48629

[dist]
# distance from previous block
# <min> <max>
0	1

[block]
# block no. 1 follows, 62 sequences, length 185
# corresponding to MSA columns:
# 173-329,343-370
name=unknown_B
#
# <colnr> <probs for GDERKNQSTAVLIFYWHMCP>
#	G	D	E	R	K	N	Q	S	T	A	V	L	I	F	Y	W	H	M	C	P
0	0.01626	0.01022	0.01109	0.00871	0.01187	0.07090	0.00709	0.35630	0.05255	0.31871	0.02338	0.01220	0.00904	0.00562	0.02054	0.00136	0.00447	0.00396	0.00436	0.05135
1	0.00621	0.00425	0.00515	0.00525	0.00544	0.00435	0.00336	0.00661	0.00663	0.00891	0.01409	0.04200	0.01579	0.64910	0.13341	0.00428	0.00509	0.07455	0.00268	0.00288
2	0.01060	0.01016	0.01608	0.16199	0.61766	0.04147	0.01241	0.05355	0.01011	0.01392	0.00799	0.01054	0.00654	0.00396	0.00421	0.00128	0.00524	0.00375	0.00218	0.00636
3	0.01014	0.41722	0.38104	0.01013	0.02923	0.01330	0.03241	0.02785	0.02119	0.01215	0.00704	0.00818	0.00562	0.00388	0.00345	0.00114	0.00539	0.00283	0.00191	0.00591
4	0.03423	0.00737	0.00980	0.00756	0.01080	0.00653	0.00624	0.04053	0.02593	0.76785	0.01640	0.01428	0.01039	0.00524	0.00423	0.00131	0.00362	0.00424	0.01630	0.00714
5	0.00602	0.00435	0.00569	0.00535	0.00636	0.00401	0.00401	0.00803	0.01204	0.01706	0.82167	0.03178	0.04015	0.00870	0.00502	0.00134	0.00201	0.00770	0.00468	0.00401
6	0.00518	0.00370	0.00494	0.00592	0.00617	0.00346	0.00395	0.00592	0.00815	0.01086	0.02345	0.84768	0.02814	0.01333	0.00543	0.00173	0.00247	0.01210	0.00395	0.00346
7	0.00853	0.02201	0.82841	0.01213	0.01842	0.00988	0.01572	0.01348	0.00898	0.01348	0.00764	0.00898	0.00539	0.00404	0.00404	0.00135	0.00629	0.00314	0.00180	0.00629
8	0.00518	0.00370	0.00494	0.00592	0.00617	0.00346	0.00395	0.00592	0.00815	0.01086	0.02345	0.84768	0.02814	0.01333	0.00543	0.00173	0.00247	0.01210	0.00395	0.00346
9	0.01589	0.02028	0.01206	0.01096	0.01315	0.83338	0.00822	0.01699	0.01206	0.01041	0.00658	0.00767	0.00548	0.00438	0.00384	0.00110	0.00767	0.00274	0.00219	0.00493
10	0.01909	0.00724	0.00987	0.00757	0.01086	0.00625	0.00625	0.02074	0.01218	0.82687	0.01679	0.01448	0.01053	0.00527	0.00428	0.00132	0.00362	0.00428	0.00527	0.00724
11	0.01618	0.01192	0.01277	0.00979	0.01320	0.01320	0.00809	0.80973	0.02001	0.02682	0.01022	0.01022	0.00724	0.00511	0.00426	0.00128	0.00468	0.00383	0.00426	0.00724
12	0.01591	0.01983	0.01210	0.01090	0.01316	0.78947	0.00821	0.05943	0.01248	0.01129	0.00677	0.00781	0.00557	0.00442	0.00386	0.00111	0.00751	0.00280	0.00230	0.00506
13	0.01039	0.56553	0.30118	0.00896	0.01351	0.01443	0.01020	0.01300	0.00876	0.01121	0.00651	0.00757	0.00544	0.00378	0.00318	0.00106	0.00515	0.00258	0.00181	0.00575
14	0.00804	0.00756	0.01276	0.84023	0.02931	0.00945	0.01182	0.01087	0.00851	0.01087	0.00756	0.01134	0.00567	0.00425	0.00425	0.00142	0.00567	0.00378	0.00189	0.00473
15	0.88052	0.00823	0.00625	0.00560	0.00823	0.00955	0.00461	0.01251	0.00724	0.01909	0.00592	0.00691	0.00461	0.00395	0.00263	0.00132	0.00329	0.00230	0.00263	0.00461
16	0.00503	0.00431	0.00431	0.00431	0.00575	0.00359	0.00323	0.00611	0.00970	0.01149	0.04310	0.04095	0.82219	0.01078	0.00503	0.00144	0.00216	0.00898	0.00395	0.00359
17	0.01143	0.75941	0.07130	0.00777	0.01150	0.05814	0.00785	0.01300	0.00884	0.01024	0.00606	0.00700	0.00546	0.00370	0.00287	0.00095	0.00482	0.00235	0.00184	0.00548
18	0.00691	0.00530	0.00645	0.00599	0.00728	0.00531	0.00454	0.01090	0.17179	0.01712	0.64927	0.02877	0.04739	0.00815	0.00488	0.00136	0.00228	0.00714	0.00460	0.00455
19	0.00595	0.00435	0.00559	0.00528	0.00631	0.00398	0.00396	0.00789	0.01188	0.01666	0.76581	0.03244	0.09626	0.00885	0.00502	0.00135	0.00202	0.00779	0.00463	0.00398
20	0.00804	0.00756	0.01276	0.84023	0.02931	0.00945	0.01182	0.01087	0.00851	0.01087	0.00756	0.01134	0.00567	0.00425	0.00425	0.00142	0.00567	0.00378	0.00189	0.00473
21	0.01570	0.02022	0.03373	0.01098	0.01329	0.80074	0.00842	0.02732	0.01208	0.01071	0.00665	0.00774	0.00550	0.00439	0.00385	0.00111	0.00760	0.00277	0.00221	0.00500
22	0.01036	0.00993	0.01696	0.08264	0.76875	0.01006	0.01297	0.01291	0.00961	0.01369	0.00797	0.01059	0.00667	0.00382	0.00422	0.00127	0.00510	0.00379	0.00209	0.00660
23	0.00519	0.00432	0.00453	0.00448	0.00585	0.00366	0.00336	0.00642	0.01008	0.01240	0.16985	0.03946	0.69488	0.01044	0.00503	0.00142	0.00213	0.00877	0.00407	0.00366
24	0.01053	0.01011	0.01727	0.02612	0.82392	0.01011	0.01306	0.01306	0.00969	0.01390	0.00800	0.01053	0.00674	0.00379	0.00421	0.00126	0.00505	0.00379	0.00211	0.00674
25	0.00711	0.02533	0.00725	0.00776	0.00883	0.02013	0.00671	0.00918	0.02640	0.01264	0.02213	0.07697	0.03718	0.01135	0.00570	0.00189	0.00390	0.70168	0.00385	0.00401
26	0.00619	0.00413	0.00464	0.00464	0.00464	0.00413	0.00258	0.00619	0.00619	0.00825	0.01341	0.02785	0.01547	0.85046	0.02166	0.00413	0.00413	0.00619	0.00258	0.00258
27	0.01896	0.00746	0.01001	0.00767	0.01097	0.00658	0.00634	0.05729	0.01254	0.78980	0.01648	0.01429	0.01038	0.00526	0.00428	0.00131	0.00367	0.00426	0.00522	0.00724
28	0.01007	0.01141	0.02471	0.01835	0.06321	0.01073	0.76782	0.01360	0.01002	0.01364	0.00858	0.01143	0.00647	0.00360	0.00498	0.00143	0.00707	0.00496	0.00215	0.00579
29	0.01025	0.01121	0.02130	0.05514	0.23106	0.05238	0.50375	0.01333	0.00998	0.01336	0.00922	0.01181	0.02810	0.00390	0.00472	0.00137	0.00645	0.00463	0.00218	0.00586
30	0.01028	0.00985	0.01681	0.10852	0.74349	0.01004	0.01293	0.01284	0.00957	0.01359	0.00796	0.01061	0.00663	0.00384	0.00422	0.00128	0.00512	0.00379	0.00208	0.00654
31	0.00600	0.00435	0.00566	0.00533	0.00635	0.00401	0.00400	0.00799	0.01200	0.01696	0.80741	0.03195	0.05448	0.00874	0.00502	0.00134	0.00201	0.00772	0.00467	0.00401
32	0.01167	0.01154	0.01007	0.00910	0.01144	0.19418	0.00700	0.02106	0.62215	0.01604	0.01538	0.01450	0.02587	0.00555	0.00423	0.00137	0.00431	0.00442	0.00385	0.00628
33	0.00518	0.00370	0.00494	0.00592	0.00617	0.00346	0.00395	0.00592	0.00815	0.01086	0.02345	0.84768	0.02814	0.01333	0.00543	0.00173	0.00247	0.01210	0.00395	0.00346
34	0.02292	0.01784	0.00900	0.00638	0.01011	0.00595	0.00513	0.01129	0.01909	0.04412	0.00798	0.00907	0.00651	0.00328	0.00319	0.00068	0.00319	0.00261	0.00264	0.80902
35	0.00966	0.00824	0.01188	0.08804	0.25086	0.00748	0.01957	0.01180	0.00926	0.05399	0.02772	0.02481	0.00775	0.00394	0.00393	0.00099	0.01936	0.00344	0.00254	0.43475
36	0.84876	0.00853	0.00648	0.00577	0.00841	0.02591	0.00474	0.02610	0.00755	0.01905	0.00601	0.00698	0.00467	0.00398	0.00268	0.00131	0.00340	0.00234	0.00265	0.00466
37	0.00891	0.00833	0.01393	0.51319	0.29985	0.00948	0.01185	0.01176	0.02269	0.01219	0.00827	0.01180	0.00658	0.00425	0.00423	0.00136	0.00530	0.01543	0.02518	0.00542
38	0.00933	0.00937	0.01340	0.01137	0.01150	0.01296	0.03336	0.01034	0.00662	0.01034	0.00568	0.00937	0.00561	0.00733	0.01369	0.00185	0.81753	0.00376	0.00187	0.00469
39	0.01053	0.01011	0.01727	0.02612	0.82392	0.01011	0.01306	0.01306	0.00969	0.01390	0.00800	0.01053	0.00674	0.00379	0.00421	0.00126	0.00505	0.00379	0.00211	0.00674
40	0.00506	0.00432	0.00436	0.00438	0.00581	0.00362	0.00330	0.00616	0.00970	0.01152	0.04270	0.04109	0.80655	0.01080	0.00505	0.00145	0.00219	0.02440	0.00395	0.00360
41	0.00549	0.00433	0.00496	0.00480	0.00603	0.00379	0.00360	0.00701	0.01080	0.01411	0.40823	0.03665	0.45544	0.00980	0.00502	0.00139	0.00209	0.00838	0.00429	0.00379
42	0.00509	0.00431	0.00439	0.00437	0.00578	0.00362	0.00328	0.00622	0.00983	0.01181	0.08787	0.04042	0.77723	0.01066	0.00503	0.00143	0.00215	0.00891	0.00399	0.00362
43	0.00518	0.00370	0.00494	0.00592	0.00617	0.00346	0.00395	0.00592	0.00815	0.01086	0.02345	0.84768	0.02814	0.01333	0.00543	0.00173	0.00247	0.01210	0.00395	0.00346
44	0.01138	0.85302	0.02230	0.00728	0.01092	0.01684	0.00728	0.01274	0.00865	0.01001	0.00592	0.00683	0.00546	0.00364	0.00273	0.00091	0.00455	0.00228	0.00182	0.00546
45	0.00853	0.02201	0.82841	0.01213	0.01842	0.00988	0.01572	0.01348	0.00898	0.01348	0.00764	0.00898	0.00539	0.00404	0.00404	0.00135	0.00629	0.00314	0.00180	0.00629
46	0.01657	0.00669	0.00905	0.00713	0.00999	0.00582	0.00581	0.01827	0.01211	0.67177	0.15822	0.01794	0.02888	0.00596	0.00442	0.00132	0.00331	0.00495	0.00514	0.00662
47	0.01138	0.85302	0.02230	0.00728	0.01092	0.01684	0.00728	0.01274	0.00865	0.01001	0.00592	0.00683	0.00546	0.00364	0.00273	0.00091	0.00455	0.00228	0.00182	0.00546
48	0.01618	0.01192	0.01277	0.00979	0.01320	0.01320	0.00809	0.80973	0.02001	0.02682	0.01022	0.01022	0.00724	0.00511	0.00426	0.00128	0.00468	0.00383	0.00426	0.00724
49	0.00681	0.00487	0.00680	0.00771	0.00869	0.00485	0.00671	0.00878	0.00991	0.01296	0.06337	0.04717	0.02529	0.01160	0.00583	0.00193	0.00382	0.75503	0.00396	0.00392
50	0.01058	0.00914	0.00962	0.00866	0.01106	0.01058	0.00673	0.02261	0.81623	0.01780	0.01732	0.01588	0.01299	0.00577	0.00433	0.00144	0.00337	0.00481	0.00433	0.00673
51	0.01021	0.51266	0.35246	0.00927	0.01399	0.01399	0.01074	0.01304	0.00878	0.01143	0.00662	0.00771	0.00543	0.00381	0.00327	0.00109	0.00526	0.00263	0.00181	0.00580
52	0.88052	0.00823	0.00625	0.00560	0.00823	0.00955	0.00461	0.01251	0.00724	0.01909	0.00592	0.00691	0.00461	0.00395	0.00263	0.00132	0.00329	0.00230	0.00263	0.00461
53	0.01909	0.00724	0.00987	0.00757	0.01086	0.00625	0.00625	0.02074	0.01218	0.82687	0.01679	0.01448	0.01053	0.00527	0.00428	0.00132	0.00362	0.00428	0.00527	0.00724
54	0.01004	0.01148	0.02511	0.01793	0.02224	0.01076	0.80846	0.01363	0.01004	0.01363	0.00861	0.01148	0.00646	0.00359	0.00502	0.00143	0.00717	0.00502	0.00215	0.00574
55	0.01004	0.01148	0.02511	0.01793	0.02224	0.01076	0.80846	0.01363	0.01004	0.01363	0.00861	0.01148	0.00646	0.00359	0.00502	0.00143	0.00717	0.00502	0.00215	0.00574
56	0.01909	0.00724	0.00987	0.00757	0.01086	0.00625	0.00625	0.02074	0.01218	0.82687	0.01679	0.01448	0.01053	0.00527	0.00428	0.00132	0.00362	0.00428	0.00527	0.00724
57	0.00518	0.00370	0.00494	0.00592	0.00617	0.00346	0.00395	0.00592	0.00815	0.01086	0.02345	0.84768	0.02814	0.01333	0.00543	0.00173	0.00247	0.01210	0.00395	0.00346
58	0.00804	0.00756	0.01276	0.84023	0.02931	0.00945	0.01182	0.01087	0.00851	0.01087	0.00756	0.01134	0.00567	0.00425	0.00425	0.00142	0.00567	0.00378	0.00189	0.00473
59	0.00804	0.00756	0.01276	0.84023	0.02931	0.00945	0.01182	0.01087	0.00851	0.01087	0.00756	0.01134	0.00567	0.00425	0.00425	0.00142	0.00567	0.00378	0.00189	0.00473
60	0.01018	0.00879	0.00924	0.00835	0.01068	0.01008	0.00648	0.02143	0.75836	0.01735	0.01917	0.01767	0.07105	0.00613	0.00438	0.00144	0.00328	0.00511	0.00430	0.00651
61	0.00679	0.00486	0.00677	0.00774	0.00871	0.00484	0.00674	0.00871	0.00975	0.01267	0.02285	0.06687	0.03609	0.01178	0.00585	0.00195	0.00386	0.76535	0.00392	0.00390
62	0.00853	0.02201	0.82841	0.01213	0.01842	0.00988	0.01572	0.01348	0.00898	0.01348	0.00764	0.00898	0.00539	0.00404	0.00404	0.00135	0.00629	0.00314	0.00180	0.00629
63	0.00541	0.00439	0.00505	0.00558	0.02561	0.00387	0.00405	0.00655	0.00938	0.01156	0.03570	0.21106	0.54126	0.01126	0.00519	0.00156	0.00250	0.10242	0.00390	0.00368
64	0.00611	0.00452	0.00674	0.00674	0.00745	0.00524	0.00519	0.00750	0.00679	0.00976	0.01136	0.01698	0.01071	0.05772	0.78734	0.02829	0.01097	0.00459	0.00228	0.00371
65	0.01611	0.01167	0.01255	0.00964	0.01300	0.01287	0.00796	0.77669	0.01963	0.04650	0.01044	0.01042	0.00738	0.00511	0.00424	0.00127	0.00461	0.00384	0.01891	0.00718
66	0.01415	0.05860	0.03522	0.02635	0.02959	0.39765	0.04280	0.20461	0.01276	0.01458	0.00744	0.00878	0.00598	0.00487	0.00531	0.00126	0.11862	0.00326	0.00260	0.00557
67	0.01058	0.00914	0.00962	0.00866	0.01106	0.01058	0.00673	0.02261	0.81623	0.01780	0.01732	0.01588	0.01299	0.00577	0.00433	0.00144	0.00337	0.00481	0.00433	0.00673
68	0.01058	0.00914	0.00962	0.00866	0.01106	0.01058	0.00673	0.02261	0.81623	0.01780	0.01732	0.01588	0.01299	0.00577	0.00433	0.00144	0.00337	0.00481	0.00433	0.00673
69	0.00804	0.00756	0.01276	0.84023	0.02931	0.00945	0.01182	0.01087	0.00851	0.01087	0.00756	0.01134	0.00567	0.00425	0.00425	0.00142	0.00567	0.00378	0.00189	0.00473
70	0.00619	0.00414	0.00469	0.00469	0.00471	0.00415	0.00264	0.00622	0.00620	0.00829	0.01336	0.02758	0.01535	0.83104	0.04092	0.00419	0.00430	0.00615	0.00257	0.00261
71	0.01909	0.00724	0.00987	0.00757	0.01086	0.00625	0.00625	0.02074	0.01218	0.82687	0.01679	0.01448	0.01053	0.00527	0.00428	0.00132	0.00362	0.00428	0.00527	0.00724
72	0.00524	0.00373	0.00492	0.00586	0.00609	0.00349	0.00388	0.00594	0.00804	0.01072	0.02292	0.80455	0.02748	0.05738	0.00628	0.00185	0.00256	0.01179	0.00388	0.00341
73	0.01909	0.00724	0.00987	0.00757	0.01086	0.00625	0.00625	0.02074	0.01218	0.82687	0.01679	0.01448	0.01053	0.00527	0.00428	0.00132	0.00362	0.00428	0.00527	0.00724
74	0.00924	0.00435	0.00466	0.00439	0.00565	0.00423	0.00336	0.01118	0.00930	0.11086	0.01422	0.01570	0.01086	0.00499	0.00313	0.00103	0.00217	0.00400	0.77231	0.00435
75	0.01589	0.02028	0.01206	0.01096	0.01315	0.83338	0.00822	0.01699	0.01206	0.01041	0.00658	0.00767	0.00548	0.00438	0.00384	0.00110	0.00767	0.00274	0.00219	0.00493
76	0.01287	0.03678	0.01079	0.00959	0.01157	0.49081	0.00729	0.02617	0.15989	0.01193	0.01013	0.05340	0.00877	0.00895	0.12041	0.00200	0.00701	0.00386	0.00271	0.00507
77	0.01588	0.01177	0.01261	0.00973	0.01308	0.01306	0.00802	0.76874	0.06147	0.02635	0.01059	0.01051	0.00754	0.00514	0.00426	0.00129	0.00461	0.00388	0.00426	0.00721
78	0.00901	0.10119	0.73008	0.01160	0.01756	0.01063	0.01472	0.03417	0.00924	0.01349	0.00754	0.00881	0.00544	0.00403	0.00392	0.00130	0.00608	0.00308	0.00186	0.00623
79	0.01032	0.01062	0.05932	0.05912	0.74905	0.01007	0.01315	0.01299	0.00960	0.01375	0.00797	0.01048	0.00663	0.00382	0.00421	0.00127	0.00514	0.00376	0.00208	0.00663
80	0.00515	0.00432	0.00448	0.00444	0.00582	0.00364	0.00333	0.00635	0.00999	0.01219	0.14004	0.03981	0.72482	0.01052	0.00503	0.00142	0.00214	0.00882	0.00404	0.00364
81	0.00503	0.00431	0.00431	0.00431	0.00575	0.00359	0.00323	0.00611	0.00970	0.01149	0.04310	0.04095	0.82219	0.01078	0.00503	0.00144	0.00216	0.00898	0.00395	0.00359
82	0.00860	0.03337	0.80454	0.01215	0.01837	0.00999	0.02813	0.01347	0.00900	0.01343	0.00763	0.00899	0.00541	0.00403	0.00404	0.00134	0.00628	0.00316	0.00180	0.00627
83	0.01049	0.00751	0.00899	0.00651	0.01021	0.00577	0.00524	0.01234	0.00937	0.14553	0.00906	0.00974	0.00699	0.00349	0.00333	0.00074	0.00323	0.00281	0.00297	0.73570
84	0.00504	0.00428	0.00434	0.00440	0.00577	0.00358	0.00327	0.00610	0.00962	0.01146	0.04207	0.08340	0.78041	0.01091	0.00505	0.00145	0.00217	0.00914	0.00395	0.00358
85	0.01004	0.01148	0.02511	0.01793	0.02224	0.01076	0.80846	0.01363	0.01004	0.01363	0.00861	0.01148	0.00646	0.00359	0.00502	0.00143	0.00717	0.00502	0.00215	0.00574
86	0.01618	0.01192	0.01277	0.00979	0.01320	0.01320	0.00809	0.80973	0.02001	0.02682	0.01022	0.01022	0.00724	0.00511	0.00426	0.00128	0.00468	0.00383	0.00426	0.00724
87	0.00804	0.00756	0.01276	0.84023	0.02931	0.00945	0.01182	0.01087	0.00851	0.01087	0.00756	0.01134	0.00567	0.00425	0.00425	0.00142	0.00567	0.00378	0.00189	0.00473
88	0.00793	0.00397	0.00397	0.00397	0.00496	0.00397	0.00297	0.00991	0.00892	0.01586	0.01388	0.01586	0.01091	0.00496	0.00297	0.00099	0.00198	0.00397	0.87408	0.00397
89	0.01909	0.00724	0.00987	0.00757	0.01086	0.00625	0.00625	0.02074	0.01218	0.82687	0.01679	0.01448	0.01053	0.00527	0.00428	0.00132	0.00362	0.00428	0.00527	0.00724
90	0.00642	0.00468	0.00624	0.00676	0.00780	0.00451	0.00568	0.00828	0.01036	0.01369	0.22997	0.04296	0.12782	0.01085	0.00555	0.00173	0.00321	0.49547	0.00412	0.00390
91	0.00518	0.00377	0.00489	0.00576	0.00613	0.00348	0.00388	0.00598	0.00836	0.01103	0.03863	0.75527	0.10597	0.01300	0.00538	0.00169	0.00243	0.01172	0.00396	0.00348
92	0.00805	0.00756	0.01268	0.82380	0.02893	0.00938	0.01168	0.01087	0.00851	0.01093	0.00756	0.01129	0.00568	0.00423	0.00423	0.00140	0.00562	0.00376	0.00190	0.02191
93	0.00614	0.00444	0.00621	0.00621	0.00678	0.00498	0.00456	0.00726	0.00670	0.00954	0.01197	0.01964	0.01192	0.24720	0.60660	0.00603	0.00933	0.00498	0.01603	0.00348
94	0.29221	0.01078	0.05540	0.00831	0.01143	0.02519	0.00709	0.32722	0.15737	0.05001	0.01014	0.01021	0.00741	0.00479	0.00373	0.00132	0.00410	0.00348	0.00361	0.00621
95	0.00984	0.00947	0.01571	0.23714	0.58499	0.02279	0.01243	0.01239	0.00942	0.01300	0.00870	0.01142	0.02579	0.00409	0.00424	0.00131	0.00519	0.00390	0.00210	0.00611
96	0.00518	0.00370	0.00494	0.00592	0.00617	0.00346	0.00395	0.00592	0.00815	0.01086	0.02345	0.84768	0.02814	0.01333	0.00543	0.00173	0.00247	0.01210	0.00395	0.00346
97	0.01333	0.01058	0.01179	0.01064	0.07855	0.01183	0.00792	0.40843	0.35923	0.02191	0.01307	0.01266	0.00965	0.00528	0.00428	0.00135	0.00415	0.00425	0.00411	0.00698
98	0.01161	0.81047	0.02177	0.00747	0.01104	0.05856	0.00733	0.01296	0.00882	0.01003	0.00595	0.00687	0.00546	0.00368	0.00279	0.00092	0.00471	0.00230	0.00184	0.00543
99	0.04088	0.00865	0.06476	0.00826	0.01167	0.00722	0.02688	0.07162	0.01210	0.63254	0.01506	0.01418	0.00990	0.00525	0.00440	0.00133	0.01669	0.02287	0.00469	0.02104
100	0.00982	0.01304	0.14423	0.01707	0.02167	0.01063	0.69091	0.01361	0.00989	0.01361	0.00846	0.01111	0.00630	0.00365	0.00488	0.00142	0.00704	0.00474	0.00210	0.00582
101	0.00547	0.00429	0.00495	0.00487	0.00604	0.00377	0.00362	0.00693	0.01061	0.01386	0.37835	0.09214	0.42982	0.01005	0.00505	0.00141	0.00211	0.00864	0.00427	0.00377
102	0.00534	0.00381	0.00512	0.00610	0.00642	0.00359	0.00422	0.00619	0.00830	0.01104	0.02337	0.77328	0.02780	0.01318	0.00547	0.00175	0.00260	0.08496	0.00395	0.00350
103	0.01822	0.00759	0.01015	0.00820	0.03215	0.00686	0.00652	0.04638	0.06433	0.72729	0.01638	0.01433	0.01049	0.00526	0.00428	0.00132	0.00368	0.00429	0.00509	0.00720
104	0.01015	0.00986	0.01650	0.18144	0.63591	0.02630	0.03243	0.01273	0.00952	0.01325	0.00791	0.01065	0.00650	0.00389	0.00423	0.00129	0.00528	0.00380	0.00207	0.00629
105	0.00572	0.00427	0.00518	0.00528	0.00624	0.00390	0.00387	0.00735	0.02328	0.01402	0.37171	0.22126	0.24375	0.01022	0.00506	0.00146	0.00222	0.02839	0.03300	0.00381
106	0.00524	0.00408	0.00477	0.00518	0.00607	0.00361	0.00371	0.00628	0.00926	0.01175	0.10042	0.37401	0.40207	0.01169	0.00522	0.00157	0.00233	0.03516	0.00401	0.00358
107	0.00934	0.07614	0.43516	0.01389	0.03869	0.01064	0.28315	0.01373	0.04050	0.01341	0.00828	0.01010	0.00616	0.00434	0.01676	0.00143	0.00640	0.00382	0.00203	0.00603
108	0.00572	0.00433	0.00527	0.00505	0.00617	0.00388	0.00378	0.00743	0.01130	0.01534	0.58118	0.04580	0.27043	0.00938	0.00503	0.00137	0.00206	0.00813	0.00446	0.00388
109	0.00876	0.00448	0.00462	0.00439	0.00559	0.00451	0.00335	0.04984	0.00959	0.04676	0.01381	0.01553	0.01071	0.00498	0.00309	0.00102	0.00218	0.00397	0.79858	0.00425
110	0.01005	0.03803	0.25317	0.05064	0.15412	0.04862	0.32168	0.02333	0.00985	0.02431	0.02070	0.01063	0.00668	0.00394	0.00443	0.00134	0.00629	0.00406	0.00213	0.00599
111	0.01032	0.00928	0.01524	0.05496	0.49093	0.00965	0.06526	0.05295	0.02892	0.03891	0.00993	0.06020	0.01877	0.00536	0.00557	0.03178	0.06994	0.01352	0.00248	0.00603
112	0.00853	0.02201	0.82841	0.01213	0.01842	0.00988	0.01572	0.01348	0.00898	0.01348	0.00764	0.00898	0.00539	0.00404	0.00404	0.00135	0.00629	0.00314	0.00180	0.00629
113	0.05766	0.09005	0.07052	0.01274	0.09179	0.42526	0.11857	0.03795	0.02482	0.02185	0.00738	0.00874	0.00592	0.00416	0.00392	0.00118	0.00656	0.00320	0.00227	0.00546
114	0.00571	0.00418	0.00516	0.00530	0.00619	0.00377	0.00381	0.00707	0.01019	0.02522	0.36269	0.28442	0.22646	0.02337	0.00539	0.00152	0.00224	0.00929	0.00426	0.00376
115	0.01482	0.04063	0.06072	0.01151	0.07997	0.06780	0.03534	0.58238	0.02798	0.02278	0.00954	0.01001	0.00696	0.00480	0.00419	0.00126	0.00507	0.00372	0.00365	0.00687
116	0.00646	0.00495	0.00727	0.00710	0.00771	0.00592	0.00550	0.00769	0.00671	0.00972	0.01072	0.01627	0.01019	0.06257	0.67987	0.05068	0.09020	0.00450	0.00223	0.00373
117	0.01096	0.07904	0.03358	0.00857	0.01121	0.01089	0.00700	0.06142	0.63881	0.03927	0.04149	0.01512	0.01266	0.00559	0.00421	0.00138	0.00358	0.00458	0.00408	0.00657
118	0.01115	0.37845	0.29568	0.01040	0.05538	0.07862	0.02285	0.01404	0.02600	0.06040	0.00759	0.00854	0.00598	0.00399	0.00350	0.00114	0.00538	0.00290	0.00212	0.00590
119	0.01072	0.66025	0.20929	0.00841	0.01266	0.01522	0.00924	0.01291	0.00872	0.01081	0.00631	0.00733	0.00544	0.00373	0.00303	0.00101	0.00495	0.00248	0.00181	0.00565
120	0.88052	0.00823	0.00625	0.00560	0.00823	0.00955	0.00461	0.01251	0.00724	0.01909	0.00592	0.00691	0.00461	0.00395	0.00263	0.00132	0.00329	0.00230	0.00263	0.00461
121	0.00558	0.00390	0.00518	0.00597	0.00640	0.00364	0.00413	0.00653	0.00872	0.02506	0.10394	0.69730	0.04155	0.01261	0.00539	0.00169	0.00251	0.05226	0.00404	0.00360
122	0.00941	0.02133	0.73283	0.01192	0.01780	0.05911	0.01483	0.05954	0.00980	0.01406	0.00772	0.00898	0.00550	0.00412	0.00404	0.00133	0.00628	0.00316	0.00196	0.00626
123	0.01909	0.00724	0.00987	0.00757	0.01086	0.00625	0.00625	0.02074	0.01218	0.82687	0.01679	0.01448	0.01053	0.00527	0.00428	0.00132	0.00362	0.00428	0.00527	0.00724
124	0.00522	0.00432	0.00458	0.00451	0.00587	0.00367	0.00338	0.00648	0.01015	0.01258	0.19439	0.03917	0.67023	0.01037	0.00503	0.00142	0.00213	0.00873	0.00409	0.00367
125	0.00596	0.00435	0.00560	0.00529	0.00632	0.00399	0.00397	0.00791	0.01190	0.01672	0.77359	0.03235	0.08845	0.00883	0.00502	0.00134	0.00202	0.00777	0.00464	0.00399
126	0.00619	0.00413	0.00464	0.00464	0.00464	0.00413	0.00258	0.00619	0.00619	0.00825	0.01341	0.02785	0.01547	0.85046	0.02166	0.00413	0.00413	0.00619	0.00258	0.00258
127	0.01113	0.00941	0.00993	0.00877	0.01127	0.01084	0.00687	0.09961	0.73834	0.01868	0.01662	0.01532	0.01243	0.00571	0.00432	0.00143	0.00350	0.00471	0.00432	0.00678
128	0.01899	0.00741	0.00998	0.00765	0.01095	0.00650	0.00632	0.04915	0.01246	0.79806	0.01655	0.01433	0.01041	0.00526	0.00428	0.00132	0.00366	0.00426	0.00523	0.00724
129	0.01004	0.01148	0.02511	0.01793	0.02224	0.01076	0.80846	0.01363	0.01004	0.01363	0.00861	0.01148	0.00646	0.00359	0.00502	0.00143	0.00717	0.00502	0.00215	0.00574
130	0.88052	0.00823	0.00625	0.00560	0.00823	0.00955	0.00461	0.01251	0.00724	0.01909	0.00592	0.00691	0.00461	0.00395	0.00263	0.00132	0.00329	0.00230	0.00263	0.00461
131	0.01138	0.85302	0.02230	0.00728	0.01092	0.01684	0.00728	0.01274	0.00865	0.01001	0.00592	0.00683	0.00546	0.00364	0.00273	0.00091	0.00455	0.00228	0.00182	0.00546
132	0.00662	0.00473	0.00658	0.00756	0.00844	0.00469	0.00644	0.00840	0.00956	0.01247	0.02266	0.16252	0.02501	0.01198	0.00581	0.00193	0.00371	0.68312	0.00392	0.00385
133	0.00804	0.00756	0.01276	0.84023	0.02931	0.00945	0.01182	0.01087	0.00851	0.01087	0.00756	0.01134	0.00567	0.00425	0.00425	0.00142	0.00567	0.00378	0.00189	0.00473
134	0.01088	0.01134	0.02355	0.01689	0.02109	0.01077	0.71464	0.07537	0.01090	0.04712	0.00906	0.01150	0.00668	0.00377	0.00493	0.00142	0.00684	0.00490	0.00244	0.00591
135	0.04903	0.00728	0.00975	0.00750	0.01077	0.00637	0.00620	0.02045	0.01201	0.79879	0.01641	0.01422	0.01033	0.00522	0.00422	0.00132	0.00361	0.00421	0.00517	0.00715
136	0.00518	0.00370	0.00494	0.00592	0.00617	0.00346	0.00395	0.00592	0.00815	0.01086	0.02345	0.84768	0.02814	0.01333	0.00543	0.00173	0.00247	0.01210	0.00395	0.00346
137	0.01589	0.02028	0.01206	0.01096	0.01315	0.83338	0.00822	0.01699	0.01206	0.01041	0.00658	0.00767	0.00548	0.00438	0.00384	0.00110	0.00767	0.00274	0.00219	0.00493
138	0.01589	0.02028	0.01206	0.01096	0.01315	0.83338	0.00822	0.01699	0.01206	0.01041	0.00658	0.00767	0.00548	0.00438	0.00384	0.00110	0.00767	0.00274	0.00219	0.00493
139	0.00518	0.00370	0.00494	0.00592	0.00617	0.00346	0.00395	0.00592	0.00815	0.01086	0.02345	0.84768	0.02814	0.01333	0.00543	0.00173	0.00247	0.01210	0.00395	0.00346
140	0.00996	0.01188	0.05964	0.01751	0.02180	0.01078	0.75429	0.01354	0.00991	0.01354	0.00849	0.01132	0.00639	0.00370	0.00520	0.00144	0.02784	0.00491	0.00213	0.00574
141	0.01639	0.01158	0.01256	0.00963	0.01303	0.01269	0.00795	0.75263	0.01944	0.08472	0.01069	0.01052	0.00747	0.00512	0.00426	0.00128	0.00461	0.00386	0.00433	0.00724
142	0.01058	0.00914	0.00962	0.00866	0.01106	0.01058	0.00673	0.02261	0.81623	0.01780	0.01732	0.01588	0.01299	0.00577	0.00433	0.00144	0.00337	0.00481	0.00433	0.00673
143	0.01081	0.00628	0.00846	0.00733	0.00865	0.00683	0.00577	0.02538	0.00920	0.24918	0.11571	0.01767	0.01386	0.11608	0.14900	0.02437	0.17113	0.00485	0.04457	0.00486
144	0.01446	0.01803	0.01497	0.01305	0.05018	0.62848	0.17304	0.01613	0.01154	0.01123	0.00706	0.00858	0.00574	0.00419	0.00410	0.00117	0.00746	0.00326	0.00218	0.00518
145	0.85906	0.00832	0.00642	0.00570	0.00835	0.00964	0.00469	0.03230	0.00756	0.01928	0.00603	0.00699	0.00467	0.00398	0.00267	0.00132	0.00333	0.00234	0.00267	0.00467
146	0.02806	0.00436	0.00485	0.00479	0.00492	0.00443	0.00277	0.01963	0.00645	0.00886	0.01313	0.02683	0.01498	0.80079	0.03549	0.00406	0.00424	0.00602	0.00260	0.00273
147	0.65827	0.00992	0.02256	0.04830	0.02521	0.09666	0.00590	0.05276	0.00860	0.03016	0.00652	0.00759	0.00503	0.00409	0.00300	0.00130	0.00403	0.00257	0.00265	0.00489
148	0.00952	0.07927	0.05022	0.01122	0.06141	0.02693	0.00908	0.02473	0.04257	0.01157	0.04747	0.02444	0.01938	0.00679	0.01052	0.00165	0.55199	0.00402	0.00222	0.00500
149	0.00573	0.00434	0.00528	0.00505	0.00618	0.00389	0.00378	0.00746	0.01135	0.01542	0.59188	0.03449	0.27097	0.00931	0.00502	0.00137	0.00205	0.00807	0.00447	0.00389
150	0.01487	0.04947	0.01238	0.01037	0.02648	0.42264	0.00799	0.24468	0.14028	0.01631	0.00930	0.00970	0.00718	0.00477	0.00400	0.00120	0.00597	0.00338	0.00310	0.00593
151	0.15969	0.00997	0.01072	0.02483	0.01186	0.02102	0.02335	0.43459	0.01478	0.07539	0.00990	0.01077	0.00733	0.00475	0.00383	0.00121	0.00416	0.01769	0.04818	0.10596
152	0.01037	0.13499	0.49085	0.01088	0.03775	0.01029	0.02505	0.01469	0.06501	0.10977	0.02286	0.01027	0.00720	0.00429	0.00392	0.00127	0.00535	0.00338	0.00247	0.02935
153	0.01534	0.01938	0.01185	0.01079	0.01287	0.78112	0.00812	0.01645	0.01172	0.01039	0.00677	0.00810	0.00571	0.00565	0.04029	0.00136	0.02421	0.00284	0.00219	0.00488
154	0.00602	0.00435	0.00569	0.00535	0.00636	0.00401	0.00401	0.00803	0.01204	0.01706	0.82167	0.03178	0.04015	0.00870	0.00502	0.00134	0.00201	0.00770	0.00468	0.00401
155	0.00637	0.00449	0.00569	0.00534	0.00556	0.00445	0.04378	0.00656	0.00642	0.00857	0.01332	0.03968	0.01520	0.79424	0.02056	0.00395	0.00426	0.00622	0.00258	0.00275
156	0.01047	0.01005	0.01716	0.04633	0.80419	0.01009	0.01303	0.01300	0.00966	0.01383	0.00799	0.01055	0.00671	0.00380	0.00421	0.00127	0.00507	0.00379	0.00210	0.00669
157	0.00597	0.00435	0.00562	0.00530	0.00633	0.00399	0.00397	0.00793	0.01192	0.01678	0.78189	0.03225	0.08011	0.00881	0.00502	0.00134	0.00201	0.00776	0.00465	0.00399
158	0.00793	0.00397	0.00397	0.00397	0.00496	0.00397	0.00297	0.00991	0.00892	0.01586	0.01388	0.01586	0.01091	0.00496	0.00297	0.00099	0.00198	0.00397	0.87408	0.00397
159	0.01138	0.85302	0.02230	0.00728	0.01092	0.01684	0.00728	0.01274	0.00865	0.01001	0.00592	0.00683	0.00546	0.00364	0.00273	0.00091	0.00455	0.00228	0.00182	0.00546
160	0.00853	0.02201	0.82841	0.01213	0.01842	0.00988	0.01572	0.01348	0.00898	0.01348	0.00764	0.00898	0.00539	0.00404	0.00404	0.00135	0.00629	0.00314	0.00180	0.00629
161	0.00882	0.00756	0.00882	0.00630	0.01008	0.00567	0.00504	0.01071	0.00882	0.01387	0.00756	0.00882	0.00630	0.00315	0.00315	0.00063	0.00315	0.00252	0.00252	0.87647
162	0.00965	0.00987	0.01298	0.01116	0.01127	0.05495	0.00925	0.01059	0.00680	0.01025	0.00564	0.00923	0.00558	0.00729	0.01345	0.00182	0.80000	0.00367	0.00188	0.00467
163	0.00882	0.00756	0.00882	0.00630	0.01008	0.00567	0.00504	0.01071	0.00882	0.01387	0.00756	0.00882	0.00630	0.00315	0.00315	0.00063	0.00315	0.00252	0.00252	0.87647
164	0.00595	0.00440	0.00602	0.00724	0.04827	0.00421	0.00501	0.00712	0.00881	0.01171	0.06656	0.48569	0.06528	0.05486	0.00626	0.00185	0.00299	0.20021	0.00382	0.00373
165	0.00559	0.00397	0.00519	0.00595	0.00638	0.00374	0.00411	0.00645	0.00846	0.02511	0.04871	0.68840	0.08449	0.02913	0.00583	0.00175	0.01453	0.04471	0.00394	0.00357
166	0.00571	0.00431	0.00528	0.00510	0.00618	0.00387	0.00380	0.00741	0.01122	0.01525	0.57216	0.07444	0.25069	0.00949	0.00504	0.00138	0.00207	0.00826	0.00445	0.00387
167	0.03298	0.01059	0.04625	0.08348	0.51965	0.01024	0.17756	0.02894	0.02318	0.01406	0.00823	0.01072	0.00661	0.00386	0.00434	0.00132	0.00550	0.00400	0.00218	0.00632
168	0.01071	0.34370	0.35197	0.01028	0.02716	0.05879	0.04198	0.02450	0.04157	0.04168	0.00770	0.00868	0.00600	0.00401	0.00358	0.00117	0.00547	0.00298	0.00211	0.00594
169	0.00677	0.00484	0.00676	0.00774	0.00868	0.00482	0.00671	0.00867	0.00971	0.01264	0.02258	0.08886	0.02467	0.01183	0.00585	0.00195	0.00384	0.75526	0.00392	0.00389
170	0.00518	0.00373	0.00491	0.00586	0.00615	0.00346	0.00392	0.00593	0.00821	0.01089	0.02425	0.81500	0.06031	0.01323	0.00541	0.00172	0.00246	0.01197	0.00395	0.00346
171	0.00935	0.06997	0.34265	0.01276	0.07212	0.07609	0.15088	0.01275	0.02239	0.01274	0.01020	0.08812	0.00920	0.00546	0.00469	0.00140	0.03196	0.05936	0.00230	0.00560
172	0.01057	0.06444	0.03203	0.00924	0.01070	0.03193	0.04796	0.09632	0.01988	0.09590	0.01057	0.07009	0.01925	0.11825	0.02403	0.00197	0.31025	0.00471	0.01693	0.00498
173	0.00793	0.00397	0.00397	0.00397	0.00496	0.00397	0.00297	0.00991	0.00892	0.01586	0.01388	0.01586	0.01091	0.00496	0.00297	0.00099	0.00198	0.00397	0.87408	0.00397
