[name]
unknown

[dist]
# distance from previous block
# <min> <max>
12	166

[block]
# block no. 0 follows, 46 sequences, length 7
# corresponding to MSA columns:
# 767-773
name=unknown_A
#
# <colnr> <probs for GDERKNQSTAVLIFYWHMCP>
#	G	D	E	R	K	N	Q	S	T	A	V	L	I	F	Y	W	H	M	C	P
0	0.05923	0.01050	0.06833	0.01017	0.02686	0.02664	0.02268	0.08041	0.07263	0.25849	0.13533	0.09387	0.04758	0.00845	0.00588	0.00174	0.02548	0.03347	0.00514	0.00714
1	0.05090	0.01111	0.01430	0.04748	0.05191	0.07716	0.10566	0.10799	0.05192	0.19694	0.05802	0.14024	0.01636	0.03778	0.00637	0.00185	0.00552	0.00690	0.00457	0.00701
2	0.07596	0.11634	0.05688	0.09248	0.01667	0.03472	0.00962	0.18434	0.04298	0.27177	0.01412	0.01404	0.00983	0.00589	0.00484	0.00156	0.00542	0.00452	0.03015	0.00787
3	0.01278	0.19053	0.16922	0.01384	0.11472	0.01324	0.04333	0.12911	0.01373	0.01892	0.10937	0.01510	0.01323	0.00662	0.02607	0.00162	0.00596	0.00470	0.00335	0.09455
4	0.01553	0.11828	0.05493	0.01270	0.04252	0.21255	0.01045	0.11455	0.06215	0.06345	0.01278	0.01796	0.01118	0.00732	0.00695	0.00171	0.12456	0.10000	0.00359	0.00685
5	0.10554	0.11576	0.01522	0.01023	0.01415	0.01310	0.04123	0.29200	0.03799	0.09385	0.09152	0.01502	0.01299	0.00607	0.00480	0.00146	0.00499	0.00475	0.00446	0.11487
6	0.00863	0.00638	0.00776	0.00706	0.00868	0.00611	0.00539	0.08801	0.01562	0.02156	0.60512	0.03818	0.13991	0.01068	0.00614	0.00167	0.00286	0.00927	0.00565	0.00534

[dist]
# distance from previous block
# <min> <max>
0	2

[block]
# block no. 1 follows, 46 sequences, length 6
# corresponding to MSA columns:
# 776-780,783
name=unknown_B
#
# <colnr> <probs for GDERKNQSTAVLIFYWHMCP>
#	G	D	E	R	K	N	Q	S	T	A	V	L	I	F	Y	W	H	M	C	P
0	0.13582	0.01060	0.01335	0.01214	0.04598	0.03908	0.04018	0.07980	0.01041	0.01633	0.01045	0.03862	0.00987	0.07554	0.14037	0.00329	0.30423	0.00513	0.00300	0.00582
1	0.00882	0.00729	0.00926	0.01093	0.12434	0.00716	0.00683	0.04469	0.09408	0.01633	0.06787	0.24627	0.27053	0.05238	0.00714	0.00201	0.00374	0.01015	0.00459	0.00559
2	0.00987	0.00918	0.00924	0.03195	0.04384	0.13971	0.00681	0.02847	0.01081	0.01336	0.01990	0.26842	0.05352	0.14285	0.16680	0.00369	0.00705	0.02594	0.00369	0.00487
3	0.01855	0.01400	0.01382	0.01140	0.01465	0.14950	0.00912	0.30858	0.07003	0.18650	0.01495	0.06055	0.01155	0.00840	0.03794	0.00193	0.05051	0.00535	0.00483	0.00782
4	0.05884	0.07871	0.07512	0.01653	0.20958	0.01384	0.01160	0.29038	0.03698	0.10216	0.01220	0.01322	0.00912	0.00712	0.03975	0.00187	0.00617	0.00456	0.00406	0.00820
5	0.06190	0.01306	0.01353	0.10990	0.08879	0.19201	0.03516	0.04432	0.11285	0.01615	0.01259	0.04219	0.01084	0.03735	0.14894	0.00294	0.00798	0.00507	0.00327	0.04117

[dist]
# distance from previous block
# <min> <max>
0	3

[block]
# block no. 2 follows, 46 sequences, length 8
# corresponding to MSA columns:
# 787-794
name=unknown_C
#
# <colnr> <probs for GDERKNQSTAVLIFYWHMCP>
#	G	D	E	R	K	N	Q	S	T	A	V	L	I	F	Y	W	H	M	C	P
0	0.01195	0.01313	0.02635	0.01952	0.02334	0.01358	0.54497	0.01544	0.01132	0.01576	0.01074	0.05431	0.00914	0.00621	0.00891	0.00193	0.19773	0.00630	0.00270	0.00667
1	0.00740	0.00565	0.00747	0.00768	0.00874	0.00530	0.02408	0.00931	0.04052	0.01513	0.13220	0.47264	0.08379	0.05162	0.03359	0.00231	0.00371	0.02933	0.00474	0.05480
2	0.00805	0.00655	0.00903	0.19567	0.01482	0.00684	0.00730	0.01105	0.04992	0.01752	0.36641	0.12014	0.14579	0.01035	0.00603	0.00176	0.00375	0.00908	0.00473	0.00521
3	0.01566	0.01080	0.01203	0.01044	0.01369	0.01187	0.00823	0.02754	0.59185	0.20343	0.02136	0.01931	0.01541	0.00702	0.00536	0.00176	0.00426	0.00582	0.00566	0.00852
4	0.01685	0.01238	0.01355	0.01102	0.01432	0.01352	0.00883	0.58385	0.02135	0.02861	0.01660	0.20239	0.01516	0.00877	0.00564	0.00172	0.00516	0.00720	0.00520	0.00787
5	0.01589	0.01682	0.19802	0.01246	0.01719	0.01451	0.01183	0.38002	0.23083	0.02624	0.01440	0.01430	0.01045	0.00626	0.00525	0.00167	0.00583	0.00490	0.00459	0.00854
6	0.01360	0.01079	0.01157	0.01031	0.01332	0.01216	0.00805	0.02663	0.66187	0.08488	0.02345	0.02151	0.06318	0.00751	0.00543	0.00178	0.00412	0.00624	0.00545	0.00818
7	0.00644	0.00460	0.00613	0.00736	0.00767	0.00429	0.00491	0.00736	0.01012	0.01350	0.02914	0.81076	0.03497	0.01656	0.00675	0.00215	0.00307	0.01503	0.00491	0.00429

[dist]
# distance from previous block
# <min> <max>
10	24

[block]
# block no. 3 follows, 46 sequences, length 7
# corresponding to MSA columns:
# 821-827
name=unknown_D
#
# <colnr> <probs for GDERKNQSTAVLIFYWHMCP>
#	G	D	E	R	K	N	Q	S	T	A	V	L	I	F	Y	W	H	M	C	P
0	0.04508	0.12121	0.14300	0.17571	0.17894	0.05697	0.09306	0.05877	0.04724	0.01689	0.00999	0.01241	0.00780	0.00508	0.00498	0.00159	0.00685	0.00441	0.00277	0.00725
1	0.01552	0.05620	0.12142	0.01177	0.01526	0.24938	0.03702	0.01954	0.11235	0.13753	0.01341	0.01546	0.01059	0.06081	0.09815	0.00258	0.00784	0.00472	0.00363	0.00683
2	0.01314	0.00684	0.00918	0.00817	0.00997	0.00673	0.00628	0.01410	0.01107	0.26759	0.02280	0.08758	0.13829	0.05868	0.12355	0.13748	0.06138	0.00706	0.00446	0.00566
3	0.00813	0.00681	0.01071	0.00899	0.01095	0.00626	0.12548	0.01080	0.01422	0.01969	0.56934	0.03683	0.13052	0.01010	0.00624	0.00170	0.00354	0.00922	0.00521	0.00527
4	0.00952	0.00988	0.11217	0.13522	0.04074	0.00789	0.00887	0.01313	0.07132	0.06966	0.10511	0.03267	0.34421	0.00949	0.00576	0.00174	0.00440	0.00799	0.00431	0.00593
5	0.64733	0.01085	0.00945	0.00800	0.01149	0.01223	0.00659	0.13561	0.01206	0.09123	0.00938	0.01006	0.00688	0.00528	0.00377	0.00163	0.00440	0.00338	0.00388	0.00653
6	0.33295	0.00962	0.01052	0.00850	0.01214	0.00968	0.00699	0.06678	0.01342	0.41079	0.05713	0.01533	0.01211	0.00615	0.00460	0.00163	0.00432	0.00460	0.00520	0.00755

[dist]
# distance from previous block
# <min> <max>
0	23

[block]
# block no. 4 follows, 46 sequences, length 14
# corresponding to MSA columns:
# 864-877
name=unknown_E
#
# <colnr> <probs for GDERKNQSTAVLIFYWHMCP>
#	G	D	E	R	K	N	Q	S	T	A	V	L	I	F	Y	W	H	M	C	P
0	0.03577	0.11518	0.23687	0.03628	0.01768	0.07035	0.03021	0.14237	0.01358	0.04947	0.01040	0.01268	0.00819	0.00572	0.00574	0.00153	0.06853	0.02421	0.00319	0.11207
1	0.01462	0.12023	0.10030	0.01317	0.08105	0.03592	0.04423	0.25517	0.06921	0.04114	0.08213	0.03766	0.03791	0.00674	0.00519	0.00158	0.00563	0.01734	0.00414	0.02667
2	0.03859	0.08602	0.24552	0.08679	0.08560	0.01198	0.05763	0.06114	0.06581	0.04756	0.04759	0.01678	0.05026	0.04226	0.00606	0.00176	0.00611	0.00508	0.00328	0.03415
3	0.07427	0.04746	0.12265	0.10571	0.16765	0.01306	0.10421	0.09301	0.03297	0.01805	0.01263	0.02932	0.05091	0.00625	0.00660	0.00173	0.09823	0.00515	0.00306	0.00708
4	0.18734	0.05594	0.06326	0.23446	0.15173	0.02949	0.02913	0.03299	0.01076	0.01684	0.01008	0.03001	0.00842	0.00973	0.10644	0.00253	0.00717	0.00452	0.00278	0.00637
5	0.01187	0.00987	0.03614	0.02909	0.03012	0.00767	0.00726	0.04245	0.01202	0.06999	0.05862	0.03067	0.01139	0.00498	0.00437	0.00103	0.00418	0.00410	0.00359	0.62061
6	0.00680	0.00523	0.00624	0.00647	0.00770	0.00467	0.00477	0.00845	0.01249	0.01632	0.27083	0.23125	0.33386	0.01342	0.00642	0.00187	0.00283	0.05057	0.00519	0.00461
7	0.00775	0.00587	0.00853	0.00842	0.00922	0.00687	0.00644	0.00939	0.00839	0.01206	0.01412	0.02195	0.01363	0.12748	0.67012	0.00783	0.04865	0.00585	0.00285	0.00459
8	0.00713	0.00524	0.00667	0.00662	0.00776	0.00479	0.00485	0.00917	0.01367	0.01885	0.54365	0.18859	0.13890	0.01223	0.00633	0.00177	0.00263	0.01081	0.00553	0.00479
9	0.00985	0.00493	0.00493	0.00493	0.00616	0.00493	0.00370	0.01232	0.01109	0.01971	0.01725	0.01971	0.01355	0.00616	0.00370	0.00123	0.00246	0.00493	0.84356	0.00493
10	0.01015	0.00956	0.01615	0.76140	0.07525	0.01179	0.01476	0.01365	0.01065	0.01370	0.00942	0.01404	0.00712	0.00526	0.00528	0.00175	0.00701	0.00470	0.00236	0.00600
11	0.01832	0.00843	0.01090	0.00884	0.01201	0.00782	0.00706	0.04543	0.08542	0.48641	0.17958	0.02342	0.02131	0.05215	0.00671	0.00185	0.00413	0.00638	0.00606	0.00778
12	0.01037	0.00966	0.05551	0.29281	0.09935	0.02192	0.01121	0.01376	0.04879	0.04964	0.01793	0.13677	0.05313	0.00939	0.02724	0.00201	0.00582	0.09429	0.00355	0.03686
13	0.01114	0.01056	0.01500	0.01253	0.01387	0.01300	0.08508	0.07155	0.03505	0.01570	0.04801	0.04314	0.14398	0.00947	0.01223	0.00206	0.44185	0.00647	0.00335	0.00595

[dist]
# distance from previous block
# <min> <max>
1	2

[block]
# block no. 5 follows, 46 sequences, length 11
# corresponding to MSA columns:
# 880,883-892
name=unknown_F
#
# <colnr> <probs for GDERKNQSTAVLIFYWHMCP>
#	G	D	E	R	K	N	Q	S	T	A	V	L	I	F	Y	W	H	M	C	P
0	0.53345	0.04225	0.01035	0.03136	0.01226	0.01223	0.00696	0.09789	0.07541	0.08081	0.02959	0.01185	0.00884	0.00622	0.01990	0.00177	0.00463	0.00379	0.00390	0.00655
1	0.00895	0.12593	0.01041	0.03603	0.00997	0.02976	0.00592	0.03351	0.01325	0.01728	0.35196	0.06519	0.21249	0.04876	0.00673	0.00179	0.00362	0.00858	0.00469	0.00520
2	0.04033	0.00626	0.00869	0.00834	0.00917	0.00662	0.02357	0.01032	0.07396	0.01238	0.01287	0.02182	0.01253	0.01628	0.04988	0.51761	0.03770	0.10424	0.00300	0.02442
3	0.00837	0.00646	0.00778	0.00746	0.00896	0.00646	0.00557	0.01301	0.16202	0.01989	0.48268	0.13941	0.08930	0.01104	0.00614	0.00176	0.00291	0.00970	0.00555	0.00552
4	0.01708	0.00974	0.01163	0.00962	0.01280	0.00972	0.00765	0.21881	0.08792	0.29649	0.04381	0.16405	0.04521	0.00869	0.00560	0.00171	0.00442	0.00729	0.00562	0.03214
5	0.85155	0.01022	0.00777	0.00695	0.01022	0.01186	0.00573	0.01554	0.00900	0.02372	0.00736	0.00859	0.00573	0.00491	0.00327	0.00164	0.00409	0.00286	0.00327	0.00573
6	0.06266	0.01201	0.01876	0.03448	0.01799	0.01367	0.22710	0.10570	0.08877	0.03666	0.01131	0.03504	0.00936	0.00750	0.00992	0.04068	0.25292	0.00544	0.00331	0.00670
7	0.01050	0.01023	0.01605	0.01325	0.01596	0.04543	0.25530	0.01569	0.17779	0.01651	0.02117	0.31548	0.04325	0.00991	0.00617	0.00190	0.00552	0.00950	0.00417	0.00621
8	0.01067	0.01295	0.15083	0.28586	0.25088	0.01111	0.01426	0.01474	0.04467	0.01586	0.03788	0.05551	0.05961	0.00639	0.00539	0.00171	0.00621	0.00569	0.00294	0.00687
9	0.07517	0.04718	0.07090	0.01669	0.23618	0.03935	0.05052	0.05291	0.01211	0.03663	0.01073	0.01429	0.00909	0.02858	0.00536	0.00148	0.00562	0.03327	0.00312	0.25081
10	0.19277	0.20650	0.01519	0.03004	0.11488	0.05283	0.00846	0.03677	0.01142	0.01698	0.05607	0.04200	0.12833	0.00781	0.02323	0.00172	0.04014	0.00536	0.00333	0.00617

[dist]
# distance from previous block
# <min> <max>
1	3

[block]
# block no. 6 follows, 46 sequences, length 7
# corresponding to MSA columns:
# 899-905
name=unknown_G
#
# <colnr> <probs for GDERKNQSTAVLIFYWHMCP>
#	G	D	E	R	K	N	Q	S	T	A	V	L	I	F	Y	W	H	M	C	P
0	0.01303	0.01269	0.01893	0.12360	0.27714	0.04958	0.09966	0.05516	0.12846	0.01733	0.01129	0.01393	0.00907	0.00601	0.00738	0.00177	0.13947	0.00501	0.00310	0.00740
1	0.01254	0.00997	0.01321	0.14284	0.12481	0.03455	0.00982	0.14110	0.03798	0.06637	0.25861	0.02228	0.02220	0.00872	0.03456	0.00192	0.04111	0.00634	0.00437	0.00670
2	0.00985	0.00493	0.00493	0.00493	0.00616	0.00493	0.00370	0.01232	0.01109	0.01971	0.01725	0.01971	0.01355	0.00616	0.00370	0.00123	0.00246	0.00493	0.84356	0.00493
3	0.01299	0.00944	0.01102	0.01114	0.08044	0.04410	0.00777	0.01935	0.26890	0.14884	0.15662	0.12194	0.06696	0.00894	0.00570	0.00175	0.00414	0.00769	0.00520	0.00704
4	0.01094	0.00640	0.00825	0.00743	0.00936	0.00590	0.00579	0.01375	0.04575	0.17407	0.49646	0.03633	0.09961	0.01021	0.00607	0.00171	0.00311	0.04713	0.00582	0.00588
5	0.01879	0.01271	0.01410	0.01113	0.01508	0.01362	0.00907	0.42852	0.18597	0.16890	0.01597	0.01513	0.01125	0.00644	0.00524	0.00160	0.00512	0.00505	0.00543	0.05088
6	0.15232	0.02800	0.01013	0.00894	0.01068	0.03423	0.02503	0.06627	0.01156	0.01726	0.07397	0.18205	0.14550	0.01242	0.06012	0.00233	0.11882	0.03093	0.00402	0.00540

[dist]
# distance from previous block
# <min> <max>
2	5

[block]
# block no. 7 follows, 46 sequences, length 27
# corresponding to MSA columns:
# 912-938
name=unknown_H
#
# <colnr> <probs for GDERKNQSTAVLIFYWHMCP>
#	G	D	E	R	K	N	Q	S	T	A	V	L	I	F	Y	W	H	M	C	P
0	0.01570	0.03466	0.11207	0.01488	0.12995	0.03099	0.01150	0.33127	0.07324	0.05152	0.01401	0.01545	0.04020	0.03959	0.00693	0.00180	0.05911	0.00505	0.00413	0.00796
1	0.00901	0.00697	0.00967	0.00917	0.01027	0.00820	0.00723	0.07083	0.01018	0.01446	0.04736	0.02224	0.01483	0.06744	0.55019	0.00662	0.09109	0.03590	0.00321	0.00512
2	0.01269	0.19870	0.36601	0.03415	0.06523	0.08407	0.06160	0.03165	0.01170	0.01564	0.00898	0.01084	0.00702	0.00501	0.00507	0.00151	0.03188	0.00384	0.00244	0.04197
3	0.01281	0.04482	0.01606	0.14128	0.16617	0.11828	0.05859	0.01549	0.02921	0.06762	0.09190	0.04930	0.06081	0.00719	0.00677	0.00171	0.09613	0.00590	0.00343	0.00653
4	0.00763	0.00536	0.00696	0.00696	0.00738	0.00578	0.00470	0.00846	0.00804	0.01114	0.01556	0.02853	0.01659	0.47431	0.36321	0.00660	0.00909	0.00680	0.00304	0.00387
5	0.01184	0.26352	0.48687	0.01394	0.02053	0.01498	0.08696	0.01649	0.01116	0.01547	0.00896	0.01065	0.00685	0.00482	0.00465	0.00152	0.00727	0.00380	0.00228	0.00744
6	0.00690	0.00509	0.00638	0.00665	0.00760	0.00465	0.00472	0.00852	0.01241	0.01677	0.35086	0.32010	0.16938	0.04632	0.00727	0.00200	0.00284	0.01174	0.00522	0.00457
7	0.00644	0.00460	0.00613	0.00736	0.00767	0.00429	0.00491	0.00736	0.01012	0.01350	0.02914	0.81076	0.03497	0.01656	0.00675	0.00215	0.00307	0.01503	0.00491	0.00429
8	0.00898	0.01701	0.41322	0.01131	0.01613	0.00889	0.02892	0.01312	0.01199	0.01678	0.14353	0.05928	0.17073	0.00862	0.00569	0.00176	0.00560	0.04845	0.00361	0.00636
9	0.01977	0.02440	0.01505	0.01351	0.01635	0.73321	0.01020	0.07826	0.01574	0.01451	0.00852	0.00978	0.00698	0.00552	0.00481	0.00138	0.00925	0.00351	0.00292	0.00635
10	0.00812	0.00682	0.00909	0.01097	0.14706	0.00635	0.00677	0.01054	0.03385	0.01730	0.28058	0.06996	0.33745	0.01096	0.00608	0.00173	0.00336	0.02276	0.00481	0.00545
11	0.16309	0.25745	0.42247	0.01183	0.01785	0.01475	0.01395	0.01626	0.01065	0.01673	0.00847	0.00991	0.00655	0.00485	0.00423	0.00151	0.00651	0.00340	0.00243	0.00713
12	0.12631	0.05685	0.01541	0.01395	0.07820	0.36890	0.01027	0.05581	0.01284	0.03650	0.00849	0.01046	0.00710	0.00613	0.00716	0.00162	0.17087	0.00378	0.00291	0.00645
13	0.06770	0.01000	0.01201	0.00972	0.01319	0.00993	0.00784	0.21243	0.04736	0.40124	0.01924	0.13441	0.01499	0.00792	0.00541	0.00171	0.00459	0.00651	0.00574	0.00808
14	0.17204	0.01044	0.01221	0.00954	0.01351	0.01032	0.00788	0.17866	0.01607	0.49020	0.01671	0.01519	0.01090	0.00621	0.00494	0.00163	0.00470	0.00476	0.00569	0.00841
15	0.01007	0.00927	0.01543	0.48755	0.19599	0.01067	0.01332	0.01308	0.01075	0.01429	0.01250	0.12673	0.01153	0.00812	0.03692	0.00204	0.00660	0.00620	0.00279	0.00616
16	0.00674	0.00519	0.00619	0.00660	0.00768	0.00471	0.00470	0.00847	0.03076	0.01548	0.18318	0.37445	0.29848	0.01410	0.00644	0.00192	0.00285	0.01238	0.00510	0.00459
17	0.07754	0.08042	0.01471	0.01098	0.01447	0.11625	0.02333	0.34209	0.05508	0.06343	0.04527	0.01775	0.04473	0.00758	0.02071	0.00173	0.00592	0.04603	0.00451	0.00746
18	0.00918	0.00459	0.00689	0.00689	0.00689	0.00459	0.00459	0.00689	0.00689	0.00918	0.00918	0.01607	0.00918	0.01837	0.02066	0.84619	0.00459	0.00459	0.00230	0.00230
19	0.01011	0.06345	0.10034	0.11482	0.11878	0.05845	0.02523	0.01303	0.01294	0.01733	0.30606	0.04162	0.08059	0.00805	0.00557	0.00163	0.00500	0.00698	0.00396	0.00606
20	0.04690	0.01263	0.03413	0.04862	0.06823	0.12188	0.03408	0.05608	0.01146	0.01584	0.01088	0.01640	0.00989	0.01070	0.09774	0.00248	0.19948	0.06494	0.00300	0.13463
21	0.00981	0.00618	0.00981	0.08535	0.12000	0.00640	0.00720	0.00884	0.00797	0.01074	0.00931	0.01546	0.00887	0.01519	0.01702	0.64633	0.00506	0.00462	0.00235	0.00350
22	0.03250	0.29487	0.05649	0.12976	0.06382	0.11164	0.01062	0.10376	0.05142	0.01628	0.01030	0.02806	0.00880	0.03764	0.02181	0.00173	0.00650	0.00422	0.00299	0.00680
23	0.01247	0.01187	0.01980	0.14809	0.61389	0.01229	0.01535	0.01620	0.04865	0.01687	0.01135	0.01437	0.02502	0.00510	0.00527	0.00161	0.00622	0.00491	0.00276	0.00791
24	0.00759	0.00533	0.00690	0.00694	0.00734	0.00571	0.00466	0.00840	0.00810	0.01119	0.01604	0.05434	0.01727	0.46985	0.34111	0.00641	0.00877	0.00710	0.00311	0.00386
25	0.01404	0.05877	0.01460	0.02955	0.09218	0.16484	0.00982	0.06275	0.21798	0.03405	0.04910	0.01768	0.02865	0.02272	0.03303	0.00199	0.11260	0.02485	0.00383	0.00696
26	0.03753	0.01132	0.01553	0.02853	0.03173	0.05072	0.15657	0.14543	0.06735	0.15868	0.03506	0.12335	0.05145	0.00760	0.00559	0.00168	0.00555	0.00681	0.00453	0.05499

[dist]
# distance from previous block
# <min> <max>
11	20

[block]
# block no. 8 follows, 46 sequences, length 7
# corresponding to MSA columns:
# 961-967
name=unknown_I
#
# <colnr> <probs for GDERKNQSTAVLIFYWHMCP>
#	G	D	E	R	K	N	Q	S	T	A	V	L	I	F	Y	W	H	M	C	P
0	0.00746	0.00525	0.00683	0.00701	0.00741	0.00555	0.00472	0.00829	0.00834	0.01147	0.01755	0.14267	0.01929	0.41024	0.30855	0.00594	0.00818	0.00801	0.00331	0.00393
1	0.00692	0.00538	0.00629	0.00606	0.00755	0.00475	0.00455	0.00889	0.01364	0.01806	0.44945	0.04466	0.38083	0.01198	0.00624	0.00172	0.00258	0.01029	0.00541	0.00475
2	0.28150	0.00938	0.01087	0.00864	0.01248	0.00904	0.00713	0.02258	0.01322	0.54787	0.01665	0.01506	0.01079	0.00603	0.00468	0.00164	0.00437	0.00455	0.00552	0.00798
3	0.00998	0.00940	0.01586	0.80150	0.03641	0.01175	0.01468	0.01351	0.01057	0.01351	0.00940	0.01409	0.00705	0.00529	0.00529	0.00176	0.00705	0.00470	0.00235	0.00587
4	0.01090	0.00953	0.01391	0.11100	0.08407	0.01194	0.01065	0.01285	0.00984	0.04251	0.03658	0.01941	0.03568	0.01212	0.09945	0.00277	0.36932	0.06139	0.04024	0.00585
5	0.03602	0.01307	0.14920	0.11066	0.22991	0.01033	0.01257	0.03927	0.01249	0.10197	0.08014	0.01698	0.01280	0.00588	0.00514	0.00155	0.00566	0.03098	0.00349	0.12190
6	0.05283	0.00926	0.01107	0.04591	0.01305	0.04308	0.00751	0.07388	0.03559	0.32079	0.20608	0.06306	0.02186	0.00793	0.00580	0.00165	0.02806	0.00653	0.00538	0.04068

[dist]
# distance from previous block
# <min> <max>
1	15

[block]
# block no. 9 follows, 46 sequences, length 12
# corresponding to MSA columns:
# 988-999
name=unknown_J
#
# <colnr> <probs for GDERKNQSTAVLIFYWHMCP>
#	G	D	E	R	K	N	Q	S	T	A	V	L	I	F	Y	W	H	M	C	P
0	0.18631	0.05594	0.01242	0.02543	0.03027	0.02722	0.03257	0.17600	0.03989	0.03145	0.03474	0.07016	0.01155	0.00951	0.04856	0.09358	0.00540	0.00505	0.00375	0.10017
1	0.27753	0.04259	0.01304	0.16552	0.05752	0.02982	0.00937	0.16606	0.07883	0.04759	0.01189	0.05744	0.00964	0.00617	0.00466	0.00166	0.00527	0.00475	0.00379	0.00685
2	0.00980	0.00601	0.00839	0.00803	0.00932	0.00592	0.02180	0.01104	0.01000	0.12212	0.02058	0.23930	0.04925	0.12314	0.25555	0.04860	0.00722	0.00853	0.00403	0.03135
3	0.01467	0.18843	0.01630	0.01083	0.01411	0.06928	0.00897	0.14676	0.35464	0.02068	0.04532	0.01571	0.01307	0.00660	0.00560	0.00161	0.05040	0.00497	0.00434	0.00769
4	0.01057	0.01013	0.01307	0.01166	0.01209	0.05654	0.00939	0.01185	0.00857	0.01240	0.00986	0.01596	0.00973	0.08373	0.23858	0.00425	0.46865	0.00510	0.00256	0.00529
5	0.01112	0.07258	0.01150	0.00978	0.01137	0.20633	0.00759	0.01267	0.01067	0.01273	0.01572	0.11644	0.05365	0.02266	0.35835	0.00470	0.04754	0.00628	0.00310	0.00522
6	0.00662	0.00516	0.00603	0.00638	0.00759	0.00457	0.00465	0.00808	0.01197	0.01533	0.17330	0.28403	0.38930	0.01396	0.00644	0.00190	0.00286	0.04223	0.00507	0.00452
7	0.85155	0.01022	0.00777	0.00695	0.01022	0.01186	0.00573	0.01554	0.00900	0.02372	0.00736	0.00859	0.00573	0.00491	0.00327	0.00164	0.00409	0.00286	0.00327	0.00573
8	0.01161	0.01059	0.01432	0.24650	0.14594	0.02965	0.01143	0.01890	0.28736	0.01728	0.01620	0.01929	0.03509	0.00845	0.04705	0.00213	0.02886	0.03858	0.00372	0.00705
9	0.00677	0.00493	0.00608	0.00680	0.00736	0.00463	0.00458	0.00766	0.01000	0.01303	0.03049	0.46613	0.16427	0.17852	0.03420	0.00289	0.00381	0.03922	0.00450	0.00414
10	0.01539	0.35122	0.08761	0.01137	0.01553	0.19377	0.04370	0.08477	0.04371	0.04121	0.02712	0.01271	0.03975	0.00560	0.00446	0.00138	0.00661	0.00406	0.00310	0.00694
11	0.01195	0.00954	0.01143	0.00952	0.03447	0.00906	0.00728	0.13544	0.04075	0.03413	0.04422	0.03031	0.04613	0.04116	0.09308	0.00219	0.04514	0.00494	0.00376	0.38550

[dist]
# distance from previous block
# <min> <max>
1	2

[block]
# block no. 10 follows, 46 sequences, length 9
# corresponding to MSA columns:
# 1003-1011
name=unknown_K
#
# <colnr> <probs for GDERKNQSTAVLIFYWHMCP>
#	G	D	E	R	K	N	Q	S	T	A	V	L	I	F	Y	W	H	M	C	P
0	0.19930	0.03649	0.05076	0.06284	0.05645	0.19214	0.00940	0.04185	0.08213	0.06580	0.03742	0.01879	0.03820	0.00684	0.00493	0.00166	0.00596	0.07880	0.00373	0.00650
1	0.00776	0.00548	0.00667	0.00682	0.00787	0.00492	0.00464	0.00878	0.01030	0.03949	0.05732	0.39683	0.13176	0.19003	0.01077	0.00258	0.00358	0.01114	0.00445	0.08880
2	0.76809	0.01068	0.00858	0.00748	0.01084	0.01231	0.00616	0.09063	0.01059	0.02468	0.00790	0.00900	0.00605	0.00505	0.00347	0.00163	0.00426	0.00305	0.00347	0.00605
3	0.07548	0.01115	0.01492	0.06105	0.19149	0.01219	0.03348	0.16263	0.11734	0.04564	0.05238	0.05013	0.03554	0.00733	0.00634	0.00176	0.06723	0.04253	0.00408	0.00732
4	0.00781	0.00547	0.00633	0.00636	0.00781	0.00487	0.00463	0.00912	0.01154	0.07104	0.07980	0.20613	0.43269	0.06644	0.05331	0.00245	0.00371	0.01092	0.00485	0.00472
5	0.01155	0.00978	0.01339	0.02669	0.08675	0.01032	0.08386	0.13051	0.11728	0.03255	0.05114	0.07422	0.19504	0.02329	0.03245	0.00207	0.06169	0.02654	0.00432	0.00654
6	0.07147	0.00716	0.00870	0.00829	0.00991	0.00786	0.00633	0.01421	0.17195	0.03841	0.18191	0.06889	0.02275	0.06036	0.29309	0.00437	0.00743	0.00699	0.00429	0.00564
7	0.01050	0.00720	0.00850	0.06605	0.01089	0.04776	0.00613	0.01229	0.01259	0.12018	0.29386	0.05433	0.08740	0.18043	0.01043	0.00246	0.00421	0.05479	0.00479	0.00521
8	0.01307	0.30035	0.12223	0.05307	0.18300	0.06088	0.05188	0.02920	0.01175	0.03244	0.01155	0.07097	0.02654	0.00588	0.00472	0.00148	0.00626	0.00486	0.00279	0.00706

[dist]
# distance from previous block
# <min> <max>
2	4

[block]
# block no. 11 follows, 46 sequences, length 28
# corresponding to MSA columns:
# 1083-1110
name=unknown_L
#
# <colnr> <probs for GDERKNQSTAVLIFYWHMCP>
#	G	D	E	R	K	N	Q	S	T	A	V	L	I	F	Y	W	H	M	C	P
0	0.01361	0.06756	0.09987	0.12807	0.09791	0.22372	0.04630	0.01844	0.13812	0.01597	0.04707	0.02873	0.03973	0.00620	0.00515	0.00159	0.00682	0.00505	0.00327	0.00682
1	0.01055	0.06480	0.62391	0.01402	0.02075	0.01201	0.03935	0.01623	0.03295	0.01682	0.05730	0.04585	0.01079	0.00587	0.00513	0.00167	0.00711	0.00478	0.00266	0.00744
2	0.19619	0.03564	0.07696	0.08075	0.15029	0.07107	0.00969	0.01395	0.01110	0.03785	0.03541	0.13909	0.08554	0.00806	0.00542	0.02182	0.00521	0.00641	0.00345	0.00610
3	0.01279	0.08713	0.10254	0.01072	0.01450	0.02490	0.05639	0.20205	0.11646	0.02056	0.04869	0.02210	0.15996	0.02178	0.04009	0.00196	0.00562	0.00615	0.00418	0.04143
4	0.01380	0.01158	0.15503	0.01032	0.03480	0.00880	0.00921	0.05612	0.04948	0.22449	0.03241	0.02078	0.04457	0.12401	0.10736	0.00299	0.02650	0.00570	0.05526	0.00678
5	0.01388	0.18748	0.18417	0.03130	0.17185	0.14562	0.01304	0.06080	0.03077	0.01600	0.01103	0.01271	0.03912	0.00566	0.00551	0.00153	0.05533	0.00421	0.00277	0.00721
6	0.01516	0.19002	0.15480	0.01295	0.04688	0.05073	0.05700	0.27043	0.01625	0.03567	0.04326	0.01472	0.02495	0.00657	0.01795	0.00165	0.00640	0.02328	0.00370	0.00761
7	0.82020	0.01003	0.00766	0.00688	0.01007	0.01160	0.00565	0.01542	0.00907	0.02357	0.00773	0.00900	0.00602	0.00495	0.00329	0.00162	0.00403	0.00294	0.03457	0.00570
8	0.01118	0.12210	0.63598	0.01490	0.02212	0.01341	0.07606	0.01665	0.01121	0.01624	0.00932	0.01108	0.00681	0.00492	0.00492	0.00162	0.00764	0.00396	0.00227	0.00764
9	0.00690	0.00526	0.00634	0.00633	0.00761	0.00470	0.00465	0.00876	0.01321	0.01765	0.41586	0.16619	0.29215	0.01259	0.00632	0.00178	0.00265	0.01097	0.00537	0.00470
10	0.00644	0.00460	0.00613	0.00736	0.00767	0.00429	0.00491	0.00736	0.01012	0.01350	0.02914	0.81076	0.03497	0.01656	0.00675	0.00215	0.00307	0.01503	0.00491	0.00429
11	0.00757	0.00560	0.00737	0.00730	0.02944	0.00517	0.00525	0.01002	0.01472	0.02070	0.71661	0.03939	0.08935	0.01078	0.00621	0.00167	0.00261	0.00951	0.00568	0.00505
12	0.01060	0.02735	0.78682	0.01507	0.02288	0.01228	0.01953	0.01674	0.01116	0.01674	0.00949	0.01116	0.00670	0.00502	0.00502	0.00167	0.00781	0.00391	0.00223	0.00781
13	0.01222	0.00983	0.01056	0.00949	0.01216	0.01085	0.00736	0.06727	0.49582	0.04717	0.05737	0.04432	0.15002	0.00889	0.00605	0.02697	0.00395	0.00710	0.00525	0.00733
14	0.01060	0.02735	0.78682	0.01507	0.02288	0.01228	0.01953	0.01674	0.01116	0.01674	0.00949	0.01116	0.00670	0.00502	0.00502	0.00167	0.00781	0.00391	0.00223	0.00781
15	0.01096	0.00940	0.01096	0.00783	0.01253	0.00705	0.00626	0.01331	0.01096	0.01723	0.00940	0.01096	0.00783	0.00392	0.00392	0.00078	0.00392	0.00313	0.00313	0.84653
16	0.00706	0.00609	0.02557	0.00636	0.00795	0.00523	0.00489	0.00907	0.03768	0.01529	0.16696	0.07868	0.45153	0.09443	0.03994	0.00240	0.00360	0.02785	0.00476	0.00465
17	0.03365	0.01063	0.01435	0.24592	0.07101	0.01192	0.01093	0.24285	0.01520	0.11221	0.01285	0.01591	0.00986	0.01119	0.12469	0.00272	0.02187	0.02119	0.00391	0.00716
18	0.00755	0.00566	0.00850	0.00850	0.00944	0.00661	0.00661	0.00944	0.00850	0.01227	0.01416	0.02077	0.01322	0.03965	0.79326	0.00850	0.01416	0.00566	0.00283	0.00472
19	0.01155	0.10616	0.48289	0.09394	0.15342	0.03082	0.01718	0.01634	0.01130	0.01598	0.00930	0.01146	0.00703	0.00495	0.00491	0.00160	0.00729	0.00400	0.00232	0.00757
20	0.00670	0.00481	0.00627	0.00734	0.00779	0.00452	0.00505	0.00771	0.01025	0.01352	0.02965	0.64529	0.07842	0.07109	0.00815	0.00236	0.00334	0.07865	0.00479	0.00428
21	0.01301	0.01581	0.18876	0.16236	0.18287	0.05661	0.01382	0.12620	0.10838	0.01900	0.01376	0.01538	0.04893	0.00593	0.00525	0.00166	0.00643	0.00496	0.00334	0.00754
22	0.04781	0.19217	0.05334	0.07893	0.05422	0.20162	0.04312	0.14532	0.01473	0.08859	0.02620	0.01204	0.00875	0.00548	0.00472	0.00147	0.00677	0.00411	0.00344	0.00719
23	0.00750	0.00574	0.00687	0.00653	0.00799	0.00535	0.00488	0.01037	0.05996	0.01908	0.51614	0.04117	0.24105	0.03584	0.00682	0.00181	0.00273	0.00971	0.00547	0.00500
24	0.01169	0.01261	0.08605	0.10356	0.49542	0.01159	0.03090	0.01493	0.01188	0.01676	0.06536	0.01710	0.05774	0.00590	0.00582	0.00165	0.03525	0.00539	0.00291	0.00748
25	0.00684	0.00486	0.00639	0.00724	0.00761	0.00472	0.00488	0.00780	0.00979	0.01318	0.05301	0.56027	0.03071	0.14980	0.08575	0.00324	0.00450	0.03075	0.00446	0.00420
26	0.01462	0.36855	0.05275	0.01197	0.05171	0.21985	0.02687	0.03782	0.02654	0.01419	0.03334	0.05965	0.01033	0.00682	0.02482	0.00157	0.02485	0.00437	0.00284	0.00655
27	0.01096	0.02958	0.01264	0.15617	0.05769	0.05975	0.04583	0.02373	0.01032	0.04145	0.01365	0.11808	0.02510	0.04180	0.02994	0.18912	0.05343	0.02144	0.00310	0.05620

[dist]
# distance from previous block
# <min> <max>
6	8

[block]
# block no. 12 follows, 46 sequences, length 15
# corresponding to MSA columns:
# 1121-1135
name=unknown_M
#
# <colnr> <probs for GDERKNQSTAVLIFYWHMCP>
#	G	D	E	R	K	N	Q	S	T	A	V	L	I	F	Y	W	H	M	C	P
0	0.01232	0.04079	0.11147	0.39516	0.07606	0.07588	0.03240	0.08271	0.05559	0.01633	0.01039	0.01369	0.00803	0.02256	0.00590	0.00176	0.02478	0.00461	0.00284	0.00672
1	0.01403	0.10170	0.12684	0.01439	0.10350	0.21802	0.04123	0.03447	0.16767	0.01685	0.05071	0.01639	0.05919	0.00628	0.00507	0.00156	0.00655	0.00501	0.00347	0.00709
2	0.01158	0.02778	0.07282	0.03292	0.04169	0.00901	0.02642	0.07920	0.02649	0.04511	0.04082	0.06969	0.05659	0.00681	0.00531	0.00137	0.02845	0.04674	0.00372	0.36748
3	0.01074	0.01142	0.08698	0.23079	0.07875	0.01108	0.07660	0.03216	0.16336	0.01663	0.01701	0.11965	0.04478	0.00785	0.00614	0.00184	0.03748	0.03655	0.00359	0.00661
4	0.00861	0.06712	0.16593	0.00910	0.02985	0.00812	0.00847	0.01176	0.03435	0.01727	0.28773	0.05538	0.23515	0.00979	0.00606	0.00169	0.02531	0.00820	0.00439	0.00572
5	0.00660	0.00475	0.00611	0.00707	0.00747	0.00447	0.00470	0.00748	0.00994	0.01315	0.02906	0.64490	0.08646	0.10623	0.03287	0.00265	0.00361	0.01364	0.00465	0.00420
6	0.35760	0.02896	0.12073	0.00929	0.01327	0.03544	0.00861	0.06245	0.03024	0.20358	0.03194	0.01300	0.00954	0.00604	0.00482	0.02634	0.00496	0.00407	0.02218	0.00696
7	0.01312	0.03966	0.27482	0.04034	0.13811	0.07689	0.07000	0.10056	0.08396	0.01840	0.02802	0.01395	0.00959	0.03221	0.00636	0.00177	0.03688	0.00472	0.00312	0.00752
8	0.11766	0.00935	0.01186	0.15621	0.01683	0.00977	0.00864	0.05018	0.12131	0.31807	0.10923	0.01879	0.01583	0.00671	0.00518	0.00168	0.00469	0.00549	0.00506	0.00744
9	0.01003	0.00843	0.00987	0.01020	0.06820	0.00891	0.00717	0.01754	0.33464	0.01933	0.19156	0.07178	0.17822	0.00975	0.00586	0.00178	0.00364	0.03142	0.00513	0.00653
10	0.00644	0.00484	0.00589	0.00672	0.00744	0.00438	0.00458	0.00744	0.01058	0.01359	0.03567	0.56039	0.24876	0.04791	0.00742	0.00216	0.00304	0.01362	0.00484	0.00430
11	0.03963	0.01207	0.08529	0.12035	0.21883	0.01113	0.01190	0.06652	0.11720	0.16931	0.08125	0.01707	0.01364	0.00616	0.00529	0.00166	0.00546	0.00530	0.00417	0.00778
12	0.01975	0.02520	0.01498	0.01362	0.01634	0.79299	0.01021	0.02111	0.01498	0.01294	0.00817	0.00953	0.00681	0.00545	0.00477	0.00136	0.00953	0.00340	0.00272	0.00613
13	0.01240	0.21663	0.15871	0.11127	0.07431	0.05046	0.01166	0.05030	0.07238	0.03049	0.02753	0.08774	0.02800	0.00662	0.00515	0.00157	0.02336	0.00530	0.00317	0.02293
14	0.41607	0.12012	0.13217	0.04568	0.01435	0.09354	0.00914	0.01595	0.01051	0.03441	0.01033	0.03480	0.03307	0.00561	0.00405	0.00157	0.00550	0.00385	0.00305	0.00622

[dist]
# distance from previous block
# <min> <max>
1	5

[block]
# block no. 13 follows, 46 sequences, length 36
# corresponding to MSA columns:
# 1144-1169,1171-1178,1184,1185
name=unknown_N
#
# <colnr> <probs for GDERKNQSTAVLIFYWHMCP>
#	G	D	E	R	K	N	Q	S	T	A	V	L	I	F	Y	W	H	M	C	P
0	0.09478	0.05648	0.18912	0.01420	0.13821	0.01056	0.03770	0.03523	0.04817	0.01809	0.12169	0.06744	0.01756	0.00960	0.05709	0.00217	0.00603	0.06569	0.00357	0.00663
1	0.06417	0.00899	0.01078	0.04353	0.01299	0.02259	0.00735	0.05045	0.10756	0.21590	0.05423	0.06501	0.02965	0.01187	0.12301	0.00257	0.00582	0.00574	0.00458	0.15321
2	0.04199	0.01193	0.02759	0.01156	0.01546	0.06435	0.10018	0.18133	0.01649	0.35010	0.06781	0.01877	0.04168	0.00677	0.00545	0.00165	0.00552	0.01817	0.00524	0.00796
3	0.01224	0.02721	0.01417	0.15098	0.13572	0.10912	0.02219	0.01847	0.24518	0.01692	0.03306	0.11134	0.02767	0.00770	0.00575	0.00175	0.02301	0.02683	0.00386	0.00684
4	0.00749	0.00550	0.00728	0.02568	0.00900	0.00520	0.00574	0.00971	0.01354	0.01862	0.48585	0.15140	0.08734	0.01228	0.00646	0.00187	0.00309	0.13370	0.00540	0.00486
5	0.01717	0.18060	0.21752	0.01096	0.01599	0.01224	0.01117	0.02162	0.09558	0.34224	0.01518	0.01444	0.01045	0.00580	0.00485	0.00156	0.00557	0.00451	0.00441	0.00816
6	0.02819	0.01651	0.20784	0.01347	0.04342	0.03183	0.05281	0.16209	0.34315	0.02224	0.01531	0.01531	0.01133	0.00617	0.00526	0.00170	0.00585	0.00509	0.00424	0.00818
7	0.01441	0.00977	0.11223	0.00897	0.01223	0.00710	0.00815	0.01718	0.01434	0.32615	0.32483	0.02825	0.04556	0.00855	0.00575	0.00169	0.00410	0.03820	0.00557	0.00695
8	0.00728	0.00528	0.00602	0.00630	0.00736	0.00487	0.00456	0.00859	0.01099	0.01444	0.08255	0.13534	0.31437	0.18610	0.01068	0.00258	0.00351	0.10543	0.07945	0.00430
9	0.18067	0.01338	0.11418	0.01047	0.01456	0.01227	0.00942	0.15929	0.23676	0.13033	0.02971	0.01495	0.01147	0.00616	0.00486	0.00165	0.00495	0.00475	0.00463	0.03557
10	0.00756	0.00564	0.00839	0.00839	0.00930	0.00655	0.00648	0.00937	0.00847	0.01220	0.01425	0.02129	0.01344	0.06875	0.76447	0.00837	0.01382	0.00574	0.00285	0.00466
11	0.05657	0.08445	0.09755	0.01449	0.11385	0.17821	0.01125	0.19361	0.09111	0.05491	0.01227	0.01438	0.00971	0.00604	0.00499	0.00157	0.00651	0.03715	0.00378	0.00760
12	0.00828	0.00622	0.00870	0.00844	0.00932	0.00720	0.00641	0.04111	0.00903	0.01285	0.01419	0.02231	0.01375	0.16499	0.59885	0.00737	0.04739	0.00591	0.00297	0.00470
13	0.01522	0.20188	0.01823	0.01531	0.16272	0.23639	0.01051	0.03751	0.19521	0.01635	0.01221	0.03465	0.01018	0.00583	0.00475	0.00148	0.00646	0.00449	0.00335	0.00727
14	0.00817	0.00658	0.00979	0.04406	0.01119	0.00805	0.00759	0.01003	0.00854	0.01238	0.01304	0.01931	0.01215	0.03429	0.66037	0.00742	0.11391	0.00549	0.00275	0.00491
15	0.01415	0.01126	0.02502	0.01185	0.07804	0.02955	0.00864	0.31318	0.10894	0.03850	0.12447	0.10192	0.05924	0.04284	0.00654	0.00184	0.00481	0.00705	0.00491	0.00725
16	0.00891	0.00797	0.04501	0.00983	0.01189	0.00693	0.11912	0.04612	0.01259	0.03494	0.19288	0.28402	0.11434	0.04722	0.00724	0.00203	0.00429	0.03469	0.00464	0.00535
17	0.01058	0.00830	0.01040	0.00955	0.01118	0.02871	0.00752	0.14994	0.04551	0.01659	0.01385	0.01890	0.01230	0.04690	0.54721	0.00644	0.04156	0.00546	0.00338	0.00571
18	0.00908	0.00459	0.00686	0.00690	0.00692	0.00458	0.00460	0.00690	0.00701	0.00934	0.00992	0.04561	0.01014	0.01830	0.02014	0.81481	0.00453	0.00498	0.00239	0.00237
19	0.80574	0.03186	0.00853	0.00716	0.01049	0.01223	0.00594	0.03670	0.00949	0.02369	0.00751	0.00870	0.00585	0.00494	0.00333	0.00162	0.00418	0.00292	0.00330	0.00585
20	0.01305	0.01259	0.02123	0.12329	0.10056	0.01393	0.26115	0.12754	0.04639	0.01818	0.01052	0.01373	0.00834	0.00695	0.02914	0.00202	0.17597	0.00529	0.00306	0.00707
21	0.59401	0.01038	0.01023	0.07927	0.01335	0.01259	0.00770	0.01506	0.00911	0.03886	0.00778	0.00988	0.00625	0.00582	0.00623	0.00178	0.15935	0.00343	0.00308	0.00583
22	0.01155	0.04938	0.13258	0.04978	0.04891	0.01540	0.03061	0.01374	0.00905	0.01364	0.00766	0.01161	0.00699	0.00793	0.01358	0.00210	0.56242	0.00448	0.00232	0.00628
23	0.50278	0.00971	0.00967	0.00799	0.01160	0.01014	0.00659	0.01985	0.01158	0.34441	0.01305	0.01255	0.00883	0.00560	0.00413	0.00164	0.00426	0.00390	0.00465	0.00710
24	0.00705	0.00546	0.00654	0.00695	0.00832	0.00495	0.00545	0.00880	0.01227	0.01562	0.15224	0.14750	0.37970	0.01372	0.00659	0.00198	0.00327	0.20391	0.00503	0.00463
25	0.01205	0.00611	0.00805	0.00781	0.00951	0.00544	0.00574	0.01338	0.01196	0.26490	0.02907	0.47048	0.10814	0.01296	0.00623	0.00194	0.00349	0.01145	0.00544	0.00584
26	0.01239	0.01224	0.01599	0.20544	0.24547	0.10071	0.03989	0.03827	0.13005	0.01668	0.01727	0.01897	0.11095	0.00650	0.00539	0.00166	0.00612	0.00566	0.00337	0.00698
27	0.81242	0.01017	0.00798	0.00707	0.01038	0.01167	0.00582	0.01602	0.00929	0.05970	0.00800	0.00903	0.00607	0.00498	0.00337	0.00164	0.00411	0.00298	0.00343	0.00588
28	0.00644	0.00460	0.00613	0.00736	0.00767	0.00429	0.00491	0.00736	0.01012	0.01350	0.02914	0.81076	0.03497	0.01656	0.00675	0.00215	0.00307	0.01503	0.00491	0.00429
29	0.01567	0.01807	0.04729	0.01117	0.01503	0.38551	0.00895	0.05816	0.01366	0.01602	0.00899	0.01038	0.00735	0.00483	0.00445	0.00114	0.00689	0.00339	0.00301	0.36003
30	0.01191	0.00987	0.01057	0.00963	0.01196	0.01118	0.00724	0.04382	0.55776	0.02002	0.05425	0.04911	0.01860	0.14928	0.00924	0.00238	0.00428	0.00670	0.00500	0.00719
31	0.01488	0.03620	0.03417	0.02982	0.11448	0.04318	0.01027	0.22905	0.32326	0.02304	0.01698	0.01692	0.04398	0.00672	0.00568	0.00168	0.03165	0.00538	0.00455	0.00810
32	0.00687	0.00538	0.00622	0.00601	0.00752	0.00473	0.00451	0.00879	0.01352	0.01776	0.41833	0.04515	0.41214	0.01209	0.00624	0.00172	0.00259	0.01035	0.00537	0.00473
33	0.01128	0.01117	0.08481	0.04496	0.05944	0.01075	0.02411	0.08386	0.25489	0.01852	0.04499	0.02177	0.08038	0.06158	0.13796	0.00307	0.02946	0.00613	0.00406	0.00679
34	0.00874	0.03321	0.15960	0.00993	0.01218	0.00743	0.03352	0.01098	0.01066	0.04300	0.02251	0.46046	0.02509	0.02796	0.00713	0.00209	0.03832	0.07763	0.00416	0.00541
35	0.01351	0.06843	0.03706	0.04307	0.13811	0.03804	0.04122	0.06649	0.12624	0.10405	0.05856	0.03998	0.05115	0.02660	0.02117	0.00175	0.00535	0.00560	0.00404	0.10958

[dist]
# distance from previous block
# <min> <max>
4	6

[block]
# block no. 14 follows, 46 sequences, length 13
# corresponding to MSA columns:
# 1200-1212
name=unknown_O
#
# <colnr> <probs for GDERKNQSTAVLIFYWHMCP>
#	G	D	E	R	K	N	Q	S	T	A	V	L	I	F	Y	W	H	M	C	P
0	0.01365	0.17180	0.17006	0.01749	0.16196	0.15197	0.12130	0.01713	0.03090	0.01530	0.00971	0.02793	0.00809	0.00529	0.00537	0.00153	0.03770	0.00439	0.00262	0.02580
1	0.15459	0.00766	0.00706	0.00679	0.00877	0.05424	0.00520	0.01118	0.04523	0.01740	0.16690	0.07049	0.38661	0.01087	0.00565	0.00174	0.00344	0.02647	0.00467	0.00505
2	0.01319	0.02854	0.06284	0.01681	0.16981	0.08910	0.14459	0.01775	0.11166	0.08362	0.07489	0.02182	0.05982	0.00752	0.01875	0.00182	0.00625	0.06025	0.00386	0.00711
3	0.00918	0.00459	0.00689	0.00689	0.00689	0.00459	0.00459	0.00689	0.00689	0.00918	0.00918	0.01607	0.00918	0.01837	0.02066	0.84619	0.00459	0.00459	0.00230	0.00230
4	0.50139	0.01029	0.01003	0.00827	0.01190	0.01100	0.00682	0.09404	0.01257	0.26979	0.01224	0.01203	0.00842	0.00558	0.00413	0.00163	0.00439	0.00384	0.00453	0.00711
5	0.01026	0.00948	0.00885	0.00855	0.01041	0.11526	0.00646	0.04723	0.14774	0.01706	0.11530	0.18273	0.23315	0.01127	0.00600	0.00181	0.00422	0.05376	0.00481	0.00564
6	0.01207	0.04763	0.07915	0.10448	0.16536	0.04427	0.07241	0.04459	0.02652	0.01671	0.01084	0.01493	0.00917	0.00574	0.00552	0.03364	0.00592	0.04460	0.00297	0.25345
7	0.01064	0.10960	0.27061	0.03390	0.05532	0.01159	0.04065	0.02968	0.04186	0.01548	0.06067	0.01770	0.04495	0.06389	0.08056	0.03878	0.05957	0.00519	0.00294	0.00640
8	0.03644	0.02789	0.17265	0.06669	0.10960	0.04743	0.05778	0.11272	0.20300	0.01996	0.03408	0.01584	0.02677	0.01885	0.00555	0.00170	0.00605	0.00509	0.00372	0.02818
9	0.04831	0.02101	0.45707	0.06281	0.06665	0.05260	0.03646	0.05216	0.06708	0.01793	0.04102	0.01339	0.00948	0.00630	0.02393	0.00183	0.00722	0.00445	0.00287	0.00744
10	0.01423	0.05396	0.12126	0.05056	0.15913	0.26558	0.06322	0.04711	0.01308	0.01548	0.01353	0.03574	0.07584	0.00633	0.00571	0.00159	0.04291	0.00503	0.00293	0.00677
11	0.01029	0.01070	0.06215	0.48052	0.14961	0.03096	0.01352	0.01358	0.01135	0.01503	0.08447	0.06974	0.01322	0.00647	0.00544	0.00173	0.00633	0.00578	0.00290	0.00621
12	0.01186	0.01088	0.04805	0.01256	0.07109	0.01068	0.08959	0.10618	0.24524	0.02103	0.18911	0.02446	0.04750	0.04201	0.00659	0.00185	0.00482	0.02663	0.00466	0.02519

[dist]
# distance from previous block
# <min> <max>
0	1

[block]
# block no. 15 follows, 46 sequences, length 40
# corresponding to MSA columns:
# 1214-1253
name=unknown_P
#
# <colnr> <probs for GDERKNQSTAVLIFYWHMCP>
#	G	D	E	R	K	N	Q	S	T	A	V	L	I	F	Y	W	H	M	C	P
0	0.04250	0.20515	0.37224	0.03786	0.07458	0.06256	0.01440	0.04938	0.01201	0.04882	0.00996	0.03019	0.00787	0.00531	0.00466	0.00153	0.00682	0.00404	0.00272	0.00740
1	0.01000	0.00770	0.00840	0.00793	0.00970	0.04695	0.00595	0.03416	0.13629	0.06588	0.30311	0.17660	0.14447	0.01101	0.00604	0.00177	0.00348	0.00952	0.00532	0.00574
2	0.01063	0.00941	0.03249	0.01480	0.15357	0.01035	0.05136	0.01264	0.00967	0.04695	0.01235	0.04045	0.01151	0.08732	0.25293	0.00422	0.20200	0.00564	0.02582	0.00590
3	0.01489	0.02761	0.04920	0.01652	0.18738	0.08890	0.06005	0.13489	0.15841	0.05942	0.01313	0.01450	0.01016	0.00563	0.00510	0.00151	0.00591	0.01578	0.00386	0.12715
4	0.00705	0.00526	0.00656	0.00650	0.00770	0.00476	0.00477	0.00904	0.01355	0.01848	0.50300	0.17023	0.19902	0.01230	0.00632	0.00177	0.00263	0.01080	0.00548	0.00476
5	0.01100	0.02256	0.55496	0.01522	0.05427	0.02597	0.04128	0.03674	0.01141	0.01664	0.02242	0.04622	0.02296	0.00620	0.00645	0.00175	0.08921	0.00479	0.00258	0.00736
6	0.01046	0.00862	0.01206	0.03327	0.22159	0.00876	0.00901	0.01487	0.13688	0.04987	0.14407	0.02837	0.17932	0.01190	0.08877	0.00242	0.00532	0.02362	0.00429	0.00652
7	0.00941	0.00813	0.01067	0.01243	0.14654	0.05255	0.00776	0.01088	0.00952	0.01284	0.01608	0.02353	0.07003	0.20094	0.32008	0.02648	0.04790	0.00615	0.00299	0.00508
8	0.00644	0.00460	0.00613	0.00736	0.00767	0.00429	0.00491	0.00736	0.01012	0.01350	0.02914	0.81076	0.03497	0.01656	0.00675	0.00215	0.00307	0.01503	0.00491	0.00429
9	0.01182	0.11238	0.35963	0.01309	0.05458	0.01123	0.04586	0.01549	0.02996	0.07880	0.01301	0.05225	0.02853	0.00793	0.00723	0.11646	0.00630	0.02575	0.00298	0.00672
10	0.01189	0.01014	0.04879	0.00834	0.01287	0.00752	0.00699	0.01481	0.04194	0.07703	0.01109	0.01287	0.00900	0.03856	0.00511	0.00112	0.00421	0.00365	0.00345	0.67061
11	0.85155	0.01022	0.00777	0.00695	0.01022	0.01186	0.00573	0.01554	0.00900	0.02372	0.00736	0.00859	0.00573	0.00491	0.00327	0.00164	0.00409	0.00286	0.00327	0.00573
12	0.01315	0.01136	0.01195	0.01076	0.01375	0.01315	0.00837	0.02809	0.77168	0.02211	0.02152	0.01972	0.01614	0.00717	0.00538	0.00179	0.00418	0.00598	0.00538	0.00837
