[name]
unknown

[dist]
# distance from previous block
# <min> <max>
0	2

[block]
# block no. 0 follows, 48 sequences, length 6
# corresponding to MSA columns:
# 2-7
name=unknown_A
#
# <colnr> <probs for GDERKNQSTAVLIFYWHMCP>
#	G	D	E	R	K	N	Q	S	T	A	V	L	I	F	Y	W	H	M	C	P
0	0.10492	0.00636	0.00819	0.00914	0.01055	0.00655	0.00796	0.01114	0.01146	0.01623	0.02488	0.05223	0.02680	0.01310	0.00664	0.00227	0.00464	0.66757	0.00455	0.00482
1	0.01897	0.01301	0.01439	0.01096	0.01510	0.01375	0.00904	0.58356	0.02131	0.13291	0.01302	0.01282	0.00913	0.00592	0.00498	0.00146	0.00526	0.00451	0.00506	0.10482
2	0.56394	0.03694	0.01171	0.01078	0.07956	0.05716	0.06479	0.01619	0.05821	0.02069	0.00915	0.01143	0.00744	0.00517	0.00390	0.00160	0.00489	0.02717	0.00319	0.00607
3	0.00717	0.00489	0.00585	0.00613	0.00626	0.00487	0.00371	0.00749	0.00807	0.01082	0.01890	0.21924	0.02193	0.57913	0.07003	0.00449	0.00505	0.00904	0.00348	0.00345
4	0.01359	0.51538	0.21740	0.01084	0.01580	0.12324	0.01149	0.01628	0.01108	0.01319	0.00776	0.00902	0.00657	0.00463	0.00387	0.00126	0.00652	0.00308	0.00225	0.00675
5	0.06443	0.41628	0.36833	0.01127	0.01701	0.01601	0.01313	0.01574	0.01050	0.01462	0.00806	0.00940	0.00648	0.00463	0.00399	0.00136	0.00633	0.00321	0.00224	0.00697

[dist]
# distance from previous block
# <min> <max>
0	2

[block]
# block no. 1 follows, 48 sequences, length 9
# corresponding to MSA columns:
# 10-17,20
name=unknown_B
#
# <colnr> <probs for GDERKNQSTAVLIFYWHMCP>
#	G	D	E	R	K	N	Q	S	T	A	V	L	I	F	Y	W	H	M	C	P
0	0.01878	0.08186	0.01543	0.01290	0.01567	0.74308	0.00983	0.02012	0.01424	0.01252	0.00787	0.00918	0.00661	0.00522	0.00453	0.00131	0.00898	0.00326	0.00261	0.00599
1	0.01078	0.00955	0.01245	0.00889	0.01351	0.00740	0.07631	0.01324	0.01078	0.01669	0.00924	0.01093	0.00762	0.00385	0.00401	0.00085	0.00425	0.00332	0.00300	0.77334
2	0.00746	0.00497	0.00560	0.00560	0.00560	0.00497	0.00311	0.00746	0.00746	0.00995	0.01617	0.03358	0.01865	0.81967	0.02612	0.00497	0.00497	0.00746	0.00311	0.00311
3	0.65098	0.01020	0.00885	0.00756	0.01084	0.01147	0.00621	0.10928	0.01135	0.08791	0.03833	0.01072	0.00817	0.00528	0.00369	0.00158	0.00415	0.00345	0.00378	0.00619
4	0.01092	0.12921	0.54925	0.01387	0.06154	0.01240	0.01579	0.01568	0.01080	0.01578	0.00895	0.01056	0.00674	0.00466	0.00454	0.00144	0.00674	0.00360	0.00230	0.11523
5	0.01064	0.00912	0.01064	0.00760	0.01216	0.00684	0.00608	0.01292	0.01064	0.01672	0.00912	0.01064	0.00760	0.00380	0.00380	0.00076	0.00380	0.00304	0.00304	0.85104
6	0.03574	0.01214	0.02931	0.01028	0.01326	0.08725	0.00819	0.09730	0.45411	0.07386	0.06196	0.03759	0.04202	0.00719	0.00520	0.00166	0.00465	0.00585	0.00492	0.00753
7	0.00670	0.00531	0.00599	0.00597	0.00736	0.00476	0.00438	0.00866	0.03677	0.01582	0.26054	0.13280	0.42986	0.04360	0.00686	0.00186	0.00273	0.01052	0.00497	0.00454
8	0.01475	0.50731	0.09373	0.01067	0.01473	0.22575	0.01011	0.01669	0.01146	0.01260	0.00752	0.00885	0.00659	0.00485	0.00430	0.00125	0.03700	0.00305	0.00231	0.00647

[dist]
# distance from previous block
# <min> <max>
12	20

[block]
# block no. 2 follows, 48 sequences, length 15
# corresponding to MSA columns:
# 44-58
name=unknown_C
#
# <colnr> <probs for GDERKNQSTAVLIFYWHMCP>
#	G	D	E	R	K	N	Q	S	T	A	V	L	I	F	Y	W	H	M	C	P
0	0.01530	0.00859	0.01024	0.00876	0.02694	0.04402	0.00675	0.04109	0.04747	0.34185	0.19182	0.05611	0.08832	0.00796	0.00535	0.00154	0.00396	0.00668	0.00536	0.08189
1	0.01402	0.01454	0.02222	0.01673	0.02096	0.11667	0.40982	0.12993	0.11710	0.01887	0.01223	0.03641	0.00957	0.00540	0.00557	0.00163	0.00736	0.00560	0.00341	0.03198
2	0.01081	0.01052	0.01619	0.31917	0.07519	0.05131	0.14744	0.06835	0.01233	0.01579	0.05297	0.02075	0.14765	0.00675	0.00571	0.00168	0.02208	0.00610	0.00318	0.00603
3	0.43290	0.04295	0.01127	0.08962	0.03136	0.09223	0.00789	0.09856	0.08841	0.02097	0.01081	0.01185	0.03152	0.00546	0.00407	0.00157	0.00505	0.00380	0.00345	0.00627
4	0.00639	0.00475	0.00596	0.00663	0.00738	0.00432	0.00461	0.00764	0.01103	0.01458	0.16758	0.52544	0.18598	0.01447	0.00636	0.00193	0.00280	0.01290	0.00492	0.00432
5	0.01201	0.34815	0.45425	0.01221	0.01832	0.04491	0.01451	0.01605	0.01081	0.01442	0.00832	0.00972	0.00654	0.00469	0.00423	0.00140	0.00680	0.00335	0.00220	0.00712
6	0.01391	0.68169	0.09358	0.00962	0.01421	0.04917	0.00977	0.05310	0.01130	0.01347	0.00760	0.00870	0.00668	0.00455	0.00357	0.00117	0.00582	0.00295	0.00236	0.00675
7	0.00734	0.00547	0.00812	0.00812	0.00900	0.00635	0.00626	0.00908	0.00821	0.01182	0.01386	0.02078	0.01310	0.07477	0.76342	0.00809	0.01334	0.00559	0.00277	0.00451
8	0.01768	0.13289	0.01630	0.07417	0.01700	0.63107	0.01009	0.01921	0.01364	0.01253	0.00791	0.00946	0.00662	0.00515	0.00448	0.00132	0.00855	0.00332	0.00255	0.00602
9	0.01064	0.00912	0.01064	0.00760	0.01216	0.00684	0.00608	0.01292	0.01064	0.01672	0.00912	0.01064	0.00760	0.00380	0.00380	0.00076	0.00380	0.00304	0.00304	0.85104
10	0.00746	0.00497	0.00560	0.00560	0.00560	0.00497	0.00311	0.00746	0.00746	0.00995	0.01617	0.03358	0.01865	0.81967	0.02612	0.00497	0.00497	0.00746	0.00311	0.00311
11	0.01808	0.22225	0.13901	0.01032	0.01498	0.01282	0.01000	0.13666	0.01445	0.35107	0.01390	0.01325	0.00953	0.00558	0.00463	0.00146	0.00536	0.00424	0.00443	0.00800
12	0.08810	0.20820	0.19309	0.01252	0.01715	0.21988	0.09401	0.04202	0.01210	0.01548	0.00843	0.00996	0.00673	0.00479	0.00437	0.00138	0.00708	0.00357	0.00258	0.04855
13	0.01229	0.11352	0.12088	0.01859	0.05893	0.04244	0.47985	0.01621	0.01174	0.01577	0.00965	0.01239	0.00745	0.00442	0.00535	0.00156	0.00777	0.00504	0.00252	0.05363
14	0.12034	0.01199	0.05291	0.04379	0.03403	0.04901	0.12282	0.09002	0.07595	0.06364	0.03299	0.01473	0.04571	0.00544	0.00473	0.00141	0.00533	0.00464	0.00361	0.21691

[dist]
# distance from previous block
# <min> <max>
6	36

[block]
# block no. 3 follows, 48 sequences, length 11
# corresponding to MSA columns:
# 100-110
name=unknown_D
#
# <colnr> <probs for GDERKNQSTAVLIFYWHMCP>
#	G	D	E	R	K	N	Q	S	T	A	V	L	I	F	Y	W	H	M	C	P
0	0.03995	0.01395	0.01974	0.01543	0.04175	0.11371	0.29613	0.16582	0.06063	0.06806	0.01165	0.01337	0.00876	0.00663	0.04138	0.00185	0.00728	0.00497	0.00355	0.06539
1	0.09071	0.01641	0.07667	0.01649	0.02078	0.19784	0.38785	0.01780	0.06651	0.01660	0.03572	0.01322	0.00911	0.00502	0.00531	0.00161	0.00776	0.00503	0.00292	0.00663
2	0.01238	0.00906	0.01149	0.11924	0.01553	0.00758	0.00744	0.01477	0.01120	0.13320	0.01080	0.01209	0.00826	0.00437	0.00419	0.00102	0.00431	0.00357	0.00343	0.60605
3	0.02130	0.00879	0.01173	0.00892	0.01297	0.00744	0.00734	0.02332	0.01412	0.68333	0.01869	0.01651	0.01199	0.00600	0.00497	0.00147	0.00429	0.00486	0.00589	0.12607
4	0.00911	0.00800	0.01098	0.00943	0.01179	0.00800	0.11208	0.01469	0.21690	0.01800	0.21898	0.03407	0.24776	0.00962	0.00589	0.00174	0.00390	0.04842	0.00480	0.00585
5	0.00810	0.00606	0.00778	0.00840	0.00954	0.00614	0.00661	0.01169	0.11838	0.01627	0.14111	0.29261	0.03186	0.01322	0.00650	0.00207	0.00372	0.29997	0.00495	0.00504
6	0.01162	0.01317	0.04949	0.03798	0.02401	0.01204	0.58398	0.01555	0.01177	0.01636	0.03784	0.01416	0.00912	0.00472	0.00619	0.00164	0.04110	0.00566	0.00272	0.10088
7	0.01376	0.00928	0.01106	0.00832	0.01253	0.00777	0.00668	0.01756	0.11087	0.19558	0.01320	0.01331	0.00982	0.00480	0.00430	0.00108	0.00396	0.00388	0.00408	0.54817
8	0.01255	0.01031	0.01187	0.01026	0.01301	0.01136	0.04218	0.16748	0.40844	0.02207	0.09428	0.10488	0.05220	0.00825	0.00550	0.00172	0.00424	0.00706	0.00506	0.00729
9	0.01574	0.01587	0.04207	0.01586	0.02004	0.14275	0.30112	0.27424	0.05740	0.02135	0.01105	0.01269	0.00827	0.00541	0.00577	0.00161	0.03276	0.00499	0.00358	0.00742
10	0.01264	0.09121	0.16019	0.01555	0.02070	0.01287	0.33902	0.12064	0.01307	0.01805	0.01015	0.01276	0.00788	0.02921	0.00578	0.00160	0.00702	0.00480	0.00291	0.11394

[dist]
# distance from previous block
# <min> <max>
20	50

[block]
# block no. 4 follows, 48 sequences, length 12
# corresponding to MSA columns:
# 170-181
name=unknown_E
#
# <colnr> <probs for GDERKNQSTAVLIFYWHMCP>
#	G	D	E	R	K	N	Q	S	T	A	V	L	I	F	Y	W	H	M	C	P
0	0.01332	0.01098	0.01331	0.22146	0.04419	0.05302	0.00964	0.20390	0.01428	0.05248	0.01189	0.07648	0.00997	0.00594	0.00485	0.00140	0.00540	0.00492	0.00361	0.23896
1	0.01425	0.05917	0.01940	0.01366	0.01813	0.01211	0.26672	0.16791	0.08393	0.08061	0.01201	0.01323	0.00896	0.00497	0.00504	0.00142	0.00598	0.00478	0.00372	0.20397
2	0.01311	0.04237	0.31792	0.01183	0.01694	0.01227	0.01236	0.18430	0.16005	0.04267	0.05740	0.01443	0.01143	0.00582	0.00494	0.00154	0.00572	0.00462	0.00379	0.07648
3	0.01276	0.24638	0.34135	0.01267	0.01818	0.06015	0.07495	0.10251	0.01261	0.01661	0.01117	0.01238	0.04629	0.00528	0.00460	0.00146	0.00670	0.00410	0.00271	0.00712
4	0.00989	0.05090	0.01958	0.09773	0.01991	0.00997	0.36464	0.01275	0.01100	0.01474	0.01613	0.28632	0.01651	0.00839	0.00591	0.00178	0.00620	0.00853	0.00329	0.03582
5	0.01028	0.06842	0.22769	0.40235	0.02635	0.01137	0.01379	0.01409	0.01049	0.01451	0.00901	0.01202	0.00686	0.00479	0.00471	0.00149	0.00644	0.00397	0.00237	0.14900
6	0.01311	0.01020	0.01509	0.24273	0.05973	0.01026	0.08681	0.09130	0.04808	0.11828	0.03424	0.01420	0.00976	0.00519	0.00492	0.00143	0.00552	0.00461	0.00357	0.22097
7	0.01261	0.02131	0.39902	0.02012	0.28144	0.14491	0.01634	0.01679	0.01175	0.01580	0.00914	0.01120	0.00707	0.00484	0.00490	0.00154	0.00736	0.00397	0.00237	0.00749
8	0.01439	0.05769	0.31921	0.01128	0.01677	0.01079	0.01204	0.08960	0.04592	0.19297	0.01238	0.01266	0.00872	0.00519	0.00469	0.00142	0.00568	0.00407	0.00369	0.17084
9	0.04751	0.02028	0.48804	0.04849	0.03540	0.01121	0.10361	0.01702	0.01136	0.11411	0.01065	0.01206	0.00749	0.00495	0.00494	0.00159	0.00691	0.00420	0.00284	0.04733
10	0.00948	0.01181	0.25370	0.04914	0.03403	0.00734	0.00978	0.01024	0.00829	0.01163	0.00904	0.01393	0.00803	0.01279	0.01416	0.52029	0.00560	0.00426	0.00222	0.00423
11	0.01039	0.00971	0.01473	0.12926	0.38314	0.04560	0.01154	0.01268	0.01099	0.01482	0.01583	0.28596	0.01666	0.00859	0.00557	0.00173	0.00528	0.00792	0.00326	0.00635

[dist]
# distance from previous block
# <min> <max>
1	3

[block]
# block no. 5 follows, 48 sequences, length 6
# corresponding to MSA columns:
# 185-190
name=unknown_F
#
# <colnr> <probs for GDERKNQSTAVLIFYWHMCP>
#	G	D	E	R	K	N	Q	S	T	A	V	L	I	F	Y	W	H	M	C	P
0	0.01152	0.06578	0.59471	0.01358	0.02014	0.01279	0.01636	0.07853	0.10517	0.01796	0.01077	0.01183	0.00780	0.00521	0.00485	0.00160	0.00689	0.00405	0.00278	0.00769
1	0.01331	0.05779	0.46945	0.01446	0.02076	0.01161	0.14578	0.01799	0.01181	0.17109	0.01152	0.01256	0.00797	0.00505	0.00506	0.00161	0.00703	0.00441	0.00308	0.00765
2	0.01188	0.19988	0.39037	0.01407	0.02004	0.05535	0.15246	0.01609	0.01116	0.01519	0.00889	0.01071	0.00683	0.00462	0.00465	0.00145	0.00715	0.00390	0.00233	0.06297
3	0.00893	0.05558	0.00883	0.00827	0.00961	0.00670	0.00659	0.06008	0.01175	0.04295	0.02652	0.33801	0.07917	0.03683	0.00694	0.00213	0.00402	0.27751	0.00463	0.00496
4	0.01110	0.01068	0.01581	0.43738	0.05277	0.07452	0.09700	0.05962	0.01191	0.01505	0.01265	0.05008	0.01132	0.00679	0.00552	0.00177	0.00669	0.11046	0.00297	0.00593
5	0.16214	0.01564	0.01425	0.11274	0.01768	0.26997	0.05614	0.16341	0.04943	0.07609	0.01044	0.01158	0.00780	0.00544	0.00469	0.00152	0.00671	0.00405	0.00356	0.00675

[dist]
# distance from previous block
# <min> <max>
0	13

[block]
# block no. 6 follows, 48 sequences, length 12
# corresponding to MSA columns:
# 205-213,216-218
name=unknown_G
#
# <colnr> <probs for GDERKNQSTAVLIFYWHMCP>
#	G	D	E	R	K	N	Q	S	T	A	V	L	I	F	Y	W	H	M	C	P
0	0.03255	0.00899	0.01431	0.52062	0.11077	0.01045	0.01236	0.01269	0.01026	0.01400	0.01135	0.10986	0.01026	0.00642	0.00557	0.00168	0.03479	0.00561	0.00268	0.06476
1	0.01807	0.02266	0.01466	0.07851	0.01737	0.70248	0.01032	0.01955	0.01392	0.01259	0.00798	0.00970	0.00663	0.00542	0.00516	0.00139	0.04162	0.00346	0.00260	0.00591
2	0.01917	0.02445	0.01454	0.01322	0.01586	0.79907	0.00991	0.02049	0.01454	0.01256	0.00793	0.00925	0.00661	0.00529	0.00463	0.00132	0.00925	0.00330	0.00264	0.00595
3	0.00891	0.00446	0.00668	0.00668	0.00668	0.00446	0.00446	0.00668	0.00668	0.00891	0.00891	0.01560	0.00891	0.01783	0.02005	0.85071	0.00446	0.00446	0.00223	0.00223
4	0.01064	0.00912	0.01064	0.00760	0.01216	0.00684	0.00608	0.01292	0.01064	0.01672	0.00912	0.01064	0.00760	0.00380	0.00380	0.00076	0.00380	0.00304	0.00304	0.85104
5	0.01064	0.00912	0.01064	0.00760	0.01216	0.00684	0.00608	0.01292	0.01064	0.01672	0.00912	0.01064	0.00760	0.00380	0.00380	0.00076	0.00380	0.00304	0.00304	0.85104
6	0.00635	0.00452	0.00598	0.00705	0.00737	0.00423	0.00470	0.00727	0.00994	0.01331	0.06241	0.74726	0.03395	0.05015	0.00736	0.00219	0.00304	0.01404	0.00473	0.00415
7	0.01064	0.00912	0.01064	0.00760	0.01216	0.00684	0.00608	0.01292	0.01064	0.01672	0.00912	0.01064	0.00760	0.00380	0.00380	0.00076	0.00380	0.00304	0.00304	0.85104
8	0.06335	0.31405	0.24658	0.01151	0.04164	0.01485	0.01173	0.08982	0.03407	0.11252	0.01033	0.01099	0.00777	0.00504	0.00427	0.00142	0.00587	0.00368	0.00314	0.00738
9	0.01334	0.01372	0.01629	0.03758	0.25672	0.20186	0.09629	0.06499	0.01233	0.01517	0.01136	0.01771	0.01057	0.17742	0.00959	0.00226	0.00686	0.02672	0.00292	0.00628
10	0.00988	0.00564	0.00598	0.00569	0.00689	0.00582	0.00415	0.07341	0.01113	0.01817	0.01612	0.02126	0.01377	0.15602	0.04858	0.00227	0.00371	0.00529	0.58141	0.00479
11	0.00982	0.00582	0.00619	0.00546	0.00746	0.00528	0.00419	0.01219	0.01073	0.01855	0.01491	0.01709	0.01182	0.00545	0.00364	0.00109	0.00273	0.00436	0.64503	0.20819

[dist]
# distance from previous block
# <min> <max>
0	1

[block]
# block no. 7 follows, 48 sequences, length 46
# corresponding to MSA columns:
# 220-249,267-271,280-290
name=unknown_H
#
# <colnr> <probs for GDERKNQSTAVLIFYWHMCP>
#	G	D	E	R	K	N	Q	S	T	A	V	L	I	F	Y	W	H	M	C	P
0	0.00725	0.00503	0.00610	0.00617	0.00674	0.00483	0.00410	0.00832	0.01041	0.01426	0.26053	0.13632	0.06699	0.37845	0.01520	0.00322	0.00374	0.03628	0.02212	0.00394
1	0.01196	0.01524	0.12639	0.02204	0.12729	0.01274	0.57323	0.01632	0.01189	0.01646	0.01013	0.01331	0.00767	0.00443	0.00578	0.00169	0.00817	0.00557	0.00253	0.00717
2	0.01064	0.00912	0.01064	0.00760	0.01216	0.00684	0.00608	0.01292	0.01064	0.01672	0.00912	0.01064	0.00760	0.00380	0.00380	0.00076	0.00380	0.00304	0.00304	0.85104
3	0.00956	0.00478	0.00478	0.00478	0.00598	0.00478	0.00359	0.01196	0.01076	0.01913	0.01674	0.01913	0.01315	0.00598	0.00359	0.00120	0.00239	0.00478	0.84816	0.00478
4	0.00746	0.00498	0.00563	0.00562	0.00565	0.00497	0.00315	0.00751	0.00763	0.01020	0.03428	0.03369	0.01936	0.80061	0.02564	0.00490	0.00491	0.00750	0.00317	0.00315
5	0.00771	0.02393	0.00935	0.00871	0.00975	0.00719	0.02115	0.00956	0.00835	0.01202	0.01327	0.01944	0.01237	0.03599	0.73767	0.00774	0.04297	0.00541	0.00271	0.00471
6	0.01202	0.01358	0.02882	0.02081	0.02548	0.01325	0.69328	0.01603	0.01169	0.01603	0.01002	0.01358	0.00768	0.00479	0.00713	0.00178	0.08878	0.00590	0.00256	0.00679
7	0.01372	0.82276	0.02689	0.00878	0.01317	0.02030	0.00878	0.01536	0.01043	0.01207	0.00713	0.00823	0.00658	0.00439	0.00329	0.00110	0.00549	0.00274	0.00219	0.00658
8	0.00629	0.00516	0.00526	0.00526	0.00672	0.00443	0.00377	0.00738	0.01103	0.01324	0.04632	0.04688	0.66428	0.14059	0.00924	0.00225	0.00297	0.01030	0.00450	0.00414
9	0.01605	0.23818	0.07360	0.01324	0.01723	0.33531	0.12497	0.09497	0.01379	0.01529	0.00862	0.01009	0.00699	0.00496	0.00455	0.00137	0.00766	0.00374	0.00274	0.00666
10	0.00701	0.00514	0.00654	0.00639	0.00752	0.00471	0.00470	0.00908	0.01351	0.01873	0.59835	0.13460	0.12552	0.02727	0.00651	0.00175	0.00256	0.01006	0.00540	0.00467
11	0.01208	0.44285	0.39247	0.01157	0.01748	0.01630	0.01364	0.01579	0.01062	0.01407	0.00812	0.00947	0.00654	0.00462	0.00405	0.00135	0.00649	0.00324	0.00218	0.00706
12	0.00606	0.00520	0.00520	0.00520	0.00693	0.00433	0.00390	0.00736	0.01170	0.01386	0.05198	0.04938	0.78558	0.01299	0.00606	0.00173	0.00260	0.01083	0.00476	0.00433
13	0.01160	0.01046	0.01353	0.01010	0.01399	0.03327	0.08126	0.03043	0.01089	0.03362	0.00918	0.01118	0.00760	0.00475	0.00597	0.00112	0.11973	0.00363	0.00299	0.58468
14	0.01075	0.00807	0.00940	0.00830	0.01078	0.00781	0.00634	0.07590	0.16863	0.05989	0.09164	0.21891	0.04755	0.02971	0.00589	0.00166	0.00371	0.02739	0.00461	0.20304
15	0.01214	0.28025	0.48241	0.01264	0.01878	0.08169	0.01494	0.01633	0.01102	0.01460	0.00844	0.00987	0.00654	0.00476	0.00435	0.00143	0.00706	0.00342	0.00222	0.00713
16	0.00746	0.00497	0.00560	0.00560	0.00560	0.00497	0.00311	0.00746	0.00746	0.00995	0.01617	0.03358	0.01865	0.81967	0.02612	0.00497	0.00497	0.00746	0.00311	0.00311
17	0.01211	0.01384	0.03028	0.02163	0.02682	0.01298	0.76903	0.01644	0.01211	0.01644	0.01038	0.01384	0.00779	0.00433	0.00606	0.00173	0.00865	0.00606	0.00260	0.00692
18	0.01293	0.01206	0.01799	0.26740	0.40689	0.04904	0.01411	0.11034	0.02818	0.01749	0.00997	0.01292	0.00788	0.00502	0.00508	0.00158	0.00638	0.00454	0.00284	0.00735
19	0.00687	0.00553	0.00618	0.00615	0.00764	0.00504	0.00455	0.00935	0.06716	0.01600	0.23125	0.14630	0.44480	0.01234	0.00607	0.00175	0.00271	0.01058	0.00502	0.00471
20	0.00721	0.00524	0.00679	0.00640	0.00764	0.00482	0.00480	0.00959	0.01441	0.02030	0.75528	0.03878	0.07826	0.01059	0.00605	0.00162	0.00243	0.00934	0.00561	0.00482
21	0.01030	0.00979	0.01657	0.64367	0.13413	0.01162	0.04449	0.01411	0.03858	0.01403	0.00967	0.01376	0.00737	0.00509	0.00516	0.00169	0.00671	0.00467	0.00243	0.00616
22	0.01200	0.01303	0.02080	0.04566	0.03739	0.08710	0.30500	0.01452	0.01041	0.01411	0.00950	0.04834	0.00849	0.00740	0.02368	0.00202	0.32642	0.00546	0.00255	0.00613
23	0.00640	0.00457	0.00612	0.00731	0.00767	0.00429	0.00501	0.00739	0.00997	0.01326	0.02820	0.76191	0.03362	0.01594	0.00659	0.00210	0.00310	0.06757	0.00476	0.00421
24	0.00733	0.00550	0.00825	0.00825	0.00916	0.00641	0.00641	0.00916	0.00825	0.01191	0.01374	0.02016	0.01283	0.03848	0.79934	0.00825	0.01374	0.00550	0.00275	0.00458
25	0.00878	0.00765	0.01061	0.04420	0.03975	0.03817	0.00810	0.01058	0.00862	0.01224	0.01190	0.01757	0.01106	0.02919	0.56382	0.00637	0.15862	0.00516	0.00263	0.00500
26	0.00685	0.00510	0.00646	0.00740	0.00801	0.00496	0.00510	0.00897	0.07591	0.01391	0.02873	0.69192	0.06760	0.01510	0.00643	0.00205	0.00310	0.03307	0.00480	0.00453
27	0.00891	0.00446	0.00668	0.00668	0.00668	0.00446	0.00446	0.00668	0.00668	0.00891	0.00891	0.01560	0.00891	0.01783	0.02005	0.85071	0.00446	0.00446	0.00223	0.00223
28	0.03061	0.00574	0.00721	0.00798	0.00934	0.00550	0.00671	0.00960	0.01160	0.01501	0.03422	0.08810	0.25899	0.01364	0.00665	0.00214	0.00398	0.47368	0.00470	0.00460
29	0.00745	0.00501	0.00578	0.00578	0.00585	0.00508	0.00334	0.00758	0.00752	0.01009	0.01599	0.03262	0.01824	0.76405	0.08117	0.00521	0.00560	0.00732	0.00308	0.00321
30	0.01015	0.00965	0.01366	0.01203	0.01228	0.01316	0.00990	0.01147	0.00796	0.01223	0.00867	0.01369	0.00841	0.01710	0.23228	0.00390	0.59097	0.00477	0.00238	0.00533
31	0.36699	0.00966	0.00980	0.00825	0.01145	0.01034	0.00662	0.06519	0.13293	0.24755	0.01412	0.01477	0.01038	0.06412	0.00584	0.00185	0.00427	0.00440	0.00454	0.00691
32	0.02248	0.00538	0.00634	0.00666	0.00768	0.00521	0.00479	0.04610	0.01111	0.03224	0.05283	0.38603	0.11255	0.04496	0.00671	0.01573	0.00313	0.03797	0.18745	0.00463
33	0.00756	0.00583	0.00700	0.00692	0.00824	0.00566	0.00509	0.01105	0.11446	0.01786	0.38753	0.20915	0.17083	0.01169	0.00605	0.00176	0.00279	0.01026	0.00524	0.00504
34	0.00723	0.00517	0.00708	0.00827	0.00899	0.00501	0.00647	0.00884	0.01079	0.01420	0.02774	0.44727	0.03179	0.01515	0.00681	0.00222	0.00383	0.37396	0.00474	0.00444
35	0.00934	0.00568	0.00691	0.00670	0.00815	0.00529	0.00495	0.02894	0.02563	0.10739	0.22585	0.24079	0.15309	0.02386	0.00602	0.00175	0.00297	0.00964	0.12189	0.00515
36	0.00993	0.00571	0.00752	0.00745	0.00881	0.00526	0.00548	0.01182	0.03141	0.16340	0.22258	0.40178	0.05069	0.01242	0.00613	0.00186	0.00317	0.03394	0.00530	0.00533
37	0.01917	0.02445	0.01454	0.01322	0.01586	0.79907	0.00991	0.02049	0.01454	0.01256	0.00793	0.00925	0.00661	0.00529	0.00463	0.00132	0.00925	0.00330	0.00264	0.00595
38	0.00748	0.00556	0.00660	0.00635	0.00790	0.00505	0.00486	0.00987	0.03954	0.03874	0.41405	0.04244	0.32764	0.01142	0.00606	0.00171	0.00273	0.05187	0.00526	0.00486
39	0.00731	0.00517	0.00601	0.00603	0.00714	0.00467	0.00422	0.00852	0.01117	0.04572	0.18358	0.17876	0.31763	0.17895	0.01024	0.00243	0.00319	0.01027	0.00466	0.00433
40	0.73795	0.00935	0.00757	0.00677	0.00974	0.01064	0.00552	0.01469	0.00954	0.04085	0.09758	0.01203	0.01069	0.00546	0.00356	0.00159	0.00380	0.00359	0.00354	0.00555
41	0.68997	0.00976	0.00840	0.00726	0.01056	0.01088	0.00597	0.01713	0.03339	0.15213	0.00977	0.01020	0.00707	0.00510	0.00357	0.00159	0.00404	0.00327	0.00377	0.00617
42	0.00689	0.00491	0.00607	0.00675	0.00725	0.00468	0.00463	0.00776	0.00959	0.01252	0.02718	0.37339	0.11872	0.26708	0.01269	0.00299	0.00380	0.11493	0.00424	0.00393
43	0.01054	0.00666	0.00796	0.00726	0.00920	0.00626	0.00554	0.08725	0.02867	0.13912	0.22898	0.17681	0.24342	0.01106	0.00590	0.00172	0.00323	0.00951	0.00529	0.00564
44	0.00662	0.00539	0.02041	0.06437	0.00971	0.00494	0.00564	0.00795	0.01036	0.01352	0.05054	0.55489	0.16909	0.01470	0.01904	0.00208	0.00346	0.02836	0.00453	0.00440
45	0.00760	0.00608	0.02130	0.00824	0.00940	0.00567	0.02404	0.02570	0.04849	0.01499	0.05733	0.42198	0.11015	0.01393	0.00648	0.00206	0.00369	0.20341	0.00472	0.00477

[dist]
# distance from previous block
# <min> <max>
0	7

[block]
# block no. 8 follows, 48 sequences, length 59
# corresponding to MSA columns:
# 298-321,323-357
name=unknown_I
#
# <colnr> <probs for GDERKNQSTAVLIFYWHMCP>
#	G	D	E	R	K	N	Q	S	T	A	V	L	I	F	Y	W	H	M	C	P
0	0.14468	0.23363	0.13234	0.03821	0.01599	0.16068	0.05050	0.05308	0.01193	0.04037	0.00921	0.01147	0.00756	0.00514	0.00426	0.00141	0.00635	0.02725	0.00284	0.04307
1	0.00822	0.00532	0.00625	0.00607	0.00651	0.00519	0.00374	0.00861	0.00832	0.04510	0.04141	0.05906	0.01955	0.65941	0.04612	0.00451	0.00502	0.02455	0.00341	0.03363
2	0.12409	0.01190	0.05348	0.05713	0.05005	0.01242	0.02924	0.17641	0.31292	0.02267	0.07115	0.01717	0.01398	0.00649	0.00502	0.00166	0.00483	0.01755	0.00444	0.00742
3	0.01080	0.03157	0.01018	0.00886	0.01108	0.03936	0.00688	0.01868	0.38559	0.03146	0.13286	0.02685	0.16051	0.03528	0.03079	0.00201	0.03899	0.00701	0.00477	0.00647
4	0.00726	0.00501	0.00569	0.00578	0.00606	0.00489	0.00350	0.00759	0.00837	0.01098	0.03886	0.07615	0.10756	0.64142	0.02174	0.00429	0.00454	0.03342	0.00349	0.00340
5	0.60163	0.00932	0.00804	0.00713	0.00999	0.01049	0.00570	0.03138	0.06542	0.07254	0.04366	0.01323	0.00984	0.06486	0.00531	0.00184	0.00400	0.00387	0.02598	0.00579
6	0.00690	0.00467	0.00620	0.00714	0.00762	0.00434	0.00483	0.00791	0.01024	0.03977	0.07445	0.72820	0.03385	0.02895	0.00680	0.00209	0.00302	0.01382	0.00484	0.00435
7	0.40497	0.01085	0.01087	0.00878	0.01242	0.01170	0.00724	0.22804	0.01458	0.22672	0.01201	0.01183	0.00831	0.00557	0.00424	0.00157	0.00454	0.00391	0.00455	0.00727
8	0.00618	0.00509	0.00544	0.00565	0.00712	0.00435	0.00416	0.00747	0.01148	0.01399	0.07253	0.17697	0.61972	0.01345	0.00617	0.00180	0.00270	0.02659	0.00479	0.00433
9	0.00662	0.00472	0.00591	0.00657	0.00700	0.00444	0.00433	0.00750	0.00992	0.01322	0.10740	0.49677	0.08833	0.19970	0.01095	0.00267	0.00335	0.01211	0.00448	0.00401
10	0.00734	0.00547	0.00811	0.00811	0.00897	0.00634	0.00624	0.00907	0.00820	0.01181	0.01387	0.02087	0.01314	0.08006	0.75819	0.00807	0.01328	0.00560	0.00277	0.00450
11	0.04733	0.00732	0.00853	0.00821	0.00987	0.00762	0.00607	0.03897	0.20311	0.10927	0.05015	0.29530	0.02311	0.11808	0.00846	0.00228	0.00386	0.04182	0.00482	0.00582
12	0.00719	0.00521	0.00614	0.00615	0.00752	0.00459	0.00452	0.00878	0.01228	0.04933	0.26500	0.20354	0.37594	0.01260	0.00612	0.00176	0.00270	0.01090	0.00510	0.00464
13	0.00626	0.00461	0.00587	0.00682	0.00737	0.00422	0.00463	0.00728	0.01029	0.01350	0.06119	0.66905	0.14933	0.01539	0.00646	0.00201	0.00290	0.01381	0.00480	0.00422
14	0.00728	0.00487	0.00565	0.00588	0.00598	0.00481	0.00345	0.00752	0.00802	0.01083	0.01860	0.18940	0.02155	0.63691	0.02159	0.00429	0.00450	0.00881	0.02668	0.00337
15	0.01276	0.01102	0.01160	0.01044	0.01334	0.01276	0.00812	0.02727	0.77840	0.02146	0.02088	0.01914	0.01566	0.00696	0.00522	0.00174	0.00406	0.00580	0.00522	0.00812
16	0.01064	0.00912	0.01064	0.00760	0.01216	0.00684	0.00608	0.01292	0.01064	0.01672	0.00912	0.01064	0.00760	0.00380	0.00380	0.00076	0.00380	0.00304	0.00304	0.85104
17	0.01111	0.00587	0.00710	0.00646	0.00746	0.00555	0.00422	0.01164	0.00936	0.19658	0.01850	0.04545	0.04166	0.58457	0.02010	0.00401	0.00472	0.00716	0.00397	0.00451
18	0.04105	0.01426	0.01520	0.01168	0.01576	0.01580	0.00964	0.75110	0.02373	0.03210	0.01219	0.01222	0.00864	0.00612	0.00508	0.00154	0.00560	0.00457	0.00508	0.00864
19	0.00742	0.00514	0.00643	0.00643	0.00672	0.00543	0.00415	0.00800	0.00771	0.01057	0.01540	0.02933	0.01681	0.57245	0.27082	0.00601	0.00775	0.00684	0.00300	0.00357
20	0.00658	0.00486	0.00621	0.00695	0.00772	0.00448	0.00500	0.00793	0.01106	0.01459	0.14677	0.49052	0.16191	0.01451	0.00645	0.00198	0.00301	0.09021	0.00489	0.00436
21	0.00956	0.00478	0.00478	0.00478	0.00598	0.00478	0.00359	0.01196	0.01076	0.01913	0.01674	0.01913	0.01315	0.00598	0.00359	0.00120	0.00239	0.00478	0.84816	0.00478
22	0.00891	0.00446	0.00668	0.00668	0.00668	0.00446	0.00446	0.00668	0.00668	0.00891	0.00891	0.01560	0.00891	0.01783	0.02005	0.85071	0.00446	0.00446	0.00223	0.00223
23	0.00741	0.00519	0.00668	0.00668	0.00705	0.00556	0.00445	0.00815	0.00778	0.01075	0.01518	0.02811	0.01628	0.50152	0.34102	0.00631	0.00855	0.00666	0.00296	0.00371
24	0.00969	0.00912	0.01539	0.80734	0.03534	0.01140	0.01425	0.01311	0.01026	0.01311	0.00912	0.01368	0.00684	0.00513	0.00513	0.00171	0.00684	0.00456	0.00228	0.00570
25	0.01064	0.00912	0.01064	0.00760	0.01216	0.00684	0.00608	0.01292	0.01064	0.01672	0.00912	0.01064	0.00760	0.00380	0.00380	0.00076	0.00380	0.00304	0.00304	0.85104
26	0.13083	0.00836	0.01038	0.00827	0.01178	0.00760	0.00676	0.02113	0.01354	0.57329	0.04776	0.02067	0.10287	0.00705	0.00503	0.00161	0.00404	0.00564	0.00572	0.00767
27	0.00733	0.00550	0.00825	0.00825	0.00916	0.00641	0.00641	0.00916	0.00825	0.01191	0.01374	0.02016	0.01283	0.03848	0.79934	0.00825	0.01374	0.00550	0.00275	0.00458
28	0.01239	0.01203	0.02098	0.10105	0.66747	0.01217	0.06720	0.01556	0.01158	0.01641	0.00965	0.01287	0.00799	0.00461	0.00515	0.00155	0.00634	0.00467	0.00252	0.00783
29	0.02302	0.00873	0.01191	0.00913	0.01310	0.00754	0.00754	0.02501	0.01469	0.79122	0.02024	0.01746	0.01270	0.00635	0.00516	0.00159	0.00437	0.00516	0.00635	0.00873
30	0.00746	0.00497	0.00560	0.00560	0.00560	0.00497	0.00311	0.00746	0.00746	0.00995	0.01617	0.03358	0.01865	0.81967	0.02612	0.00497	0.00497	0.00746	0.00311	0.00311
31	0.01075	0.01020	0.01731	0.53398	0.30041	0.01168	0.01478	0.01404	0.01076	0.01440	0.00931	0.01333	0.00729	0.00493	0.00511	0.00164	0.00658	0.00456	0.00237	0.00656
32	0.01809	0.14981	0.01674	0.01179	0.01531	0.31965	0.00957	0.31918	0.05672	0.02082	0.01021	0.01081	0.00791	0.00557	0.00464	0.00139	0.00694	0.00387	0.00370	0.00727
33	0.01372	0.82276	0.02689	0.00878	0.01317	0.02030	0.00878	0.01536	0.01043	0.01207	0.00713	0.00823	0.00658	0.00439	0.00329	0.00110	0.00549	0.00274	0.00219	0.00658
34	0.01951	0.01437	0.01540	0.01181	0.01591	0.01591	0.00975	0.77056	0.02412	0.03234	0.01232	0.01232	0.00873	0.00616	0.00513	0.00154	0.00565	0.00462	0.00513	0.00873
35	0.01951	0.01437	0.01540	0.01181	0.01591	0.01591	0.00975	0.77056	0.02412	0.03234	0.01232	0.01232	0.00873	0.00616	0.00513	0.00154	0.00565	0.00462	0.00513	0.00873
36	0.00785	0.00511	0.00581	0.00571	0.00598	0.00501	0.00336	0.00808	0.00820	0.03441	0.04811	0.03418	0.06383	0.71706	0.02354	0.00455	0.00472	0.00766	0.00340	0.00342
37	0.01918	0.02410	0.01457	0.01317	0.01586	0.77158	0.00991	0.04682	0.01488	0.01325	0.00809	0.00936	0.00668	0.00532	0.00464	0.00133	0.00913	0.00335	0.00273	0.00605
38	0.00746	0.00497	0.00560	0.00560	0.00560	0.00497	0.00311	0.00746	0.00746	0.00995	0.01617	0.03358	0.01865	0.81967	0.02612	0.00497	0.00497	0.00746	0.00311	0.00311
39	0.00827	0.00591	0.00827	0.00945	0.01063	0.00591	0.00827	0.01063	0.01181	0.01536	0.02717	0.05788	0.02953	0.01417	0.00709	0.00236	0.00472	0.75313	0.00472	0.00472
40	0.00771	0.00535	0.00705	0.00672	0.00797	0.00495	0.00511	0.01006	0.01423	0.04039	0.69821	0.06262	0.04595	0.01076	0.00610	0.00167	0.00262	0.05202	0.00559	0.00492
41	0.00746	0.00499	0.00568	0.00568	0.00571	0.00502	0.00321	0.00752	0.00749	0.01001	0.01609	0.03315	0.01847	0.79487	0.05067	0.00508	0.00525	0.00740	0.00310	0.00316
42	0.00746	0.00497	0.00560	0.00560	0.00560	0.00497	0.00311	0.00746	0.00746	0.00995	0.01617	0.03358	0.01865	0.81967	0.02612	0.00497	0.00497	0.00746	0.00311	0.00311
43	0.00742	0.00498	0.00574	0.00586	0.00593	0.00496	0.00344	0.00758	0.00780	0.01039	0.01743	0.08541	0.02012	0.73270	0.02402	0.00467	0.00483	0.04017	0.00329	0.00325
44	0.00662	0.00524	0.00596	0.00585	0.00736	0.00459	0.00443	0.00839	0.01280	0.01653	0.33638	0.04541	0.46933	0.01207	0.00610	0.00171	0.00261	0.03895	0.00511	0.00455
45	0.00745	0.00503	0.00588	0.00588	0.00598	0.00513	0.00346	0.00764	0.00755	0.01016	0.01591	0.03213	0.01803	0.73567	0.10926	0.00533	0.00592	0.00725	0.00307	0.00327
46	0.00852	0.00555	0.00639	0.00623	0.00663	0.00556	0.00381	0.04914	0.00889	0.03895	0.01751	0.12293	0.01969	0.65382	0.02197	0.00433	0.00476	0.00806	0.00352	0.00373
47	0.00741	0.00498	0.00558	0.00558	0.00564	0.00495	0.00314	0.00746	0.00760	0.01008	0.01738	0.03411	0.04454	0.79244	0.02544	0.00487	0.00489	0.00758	0.00316	0.00315
48	0.01211	0.01384	0.03028	0.02163	0.02682	0.01298	0.76903	0.01644	0.01211	0.01644	0.01038	0.01384	0.00779	0.00433	0.00606	0.00173	0.00865	0.00606	0.00260	0.00692
49	0.00918	0.00631	0.00737	0.00732	0.00845	0.00639	0.00515	0.01246	0.14964	0.06976	0.02436	0.21943	0.09540	0.29088	0.01296	0.00297	0.00404	0.05865	0.00439	0.00490
50	0.00652	0.00506	0.00585	0.00601	0.00722	0.00449	0.00435	0.00797	0.01181	0.01523	0.23111	0.20031	0.39133	0.05666	0.00726	0.00196	0.00280	0.02478	0.00490	0.00437
51	0.00683	0.00521	0.00615	0.00596	0.00723	0.00473	0.00436	0.00854	0.01242	0.01652	0.39148	0.04122	0.32273	0.10019	0.04199	0.00230	0.00325	0.00951	0.00492	0.00445
52	0.01307	0.01094	0.01167	0.01042	0.01328	0.01252	0.00816	0.10603	0.64047	0.02209	0.02047	0.05406	0.01613	0.00749	0.00533	0.00175	0.00421	0.02884	0.00518	0.00791
53	0.03666	0.00715	0.00830	0.00758	0.00952	0.00716	0.00580	0.07912	0.11947	0.08070	0.31819	0.13000	0.14960	0.01021	0.00576	0.00170	0.00323	0.00877	0.00527	0.00580
54	0.00728	0.00557	0.00639	0.00617	0.00753	0.00517	0.00456	0.03781	0.01228	0.01603	0.26634	0.04132	0.36081	0.12950	0.04325	0.00246	0.00356	0.03473	0.00472	0.00451
55	0.01177	0.01306	0.02743	0.02004	0.02447	0.01277	0.64635	0.01566	0.01169	0.01598	0.01115	0.01652	0.00913	0.00542	0.00715	0.00182	0.08460	0.05563	0.00270	0.00665
56	0.04142	0.01017	0.01211	0.00973	0.01331	0.01027	0.00786	0.15428	0.19915	0.42826	0.01854	0.01727	0.01273	0.03361	0.00582	0.00173	0.00453	0.00523	0.00568	0.00831
57	0.00725	0.00587	0.00623	0.00628	0.00790	0.00500	0.00464	0.00839	0.01237	0.01534	0.11727	0.11042	0.62149	0.01354	0.00651	0.00194	0.00303	0.03651	0.00513	0.00488
58	0.84465	0.01055	0.00822	0.00740	0.01062	0.01199	0.00597	0.01569	0.00934	0.02376	0.00809	0.00964	0.00646	0.00538	0.00359	0.00176	0.00429	0.00310	0.00348	0.00604

[dist]
# distance from previous block
# <min> <max>
0	4

[block]
# block no. 9 follows, 48 sequences, length 17
# corresponding to MSA columns:
# 362-378
name=unknown_J
#
# <colnr> <probs for GDERKNQSTAVLIFYWHMCP>
#	G	D	E	R	K	N	Q	S	T	A	V	L	I	F	Y	W	H	M	C	P
0	0.00710	0.00539	0.00595	0.00600	0.00703	0.00506	0.00418	0.00859	0.04212	0.01319	0.07700	0.06506	0.34879	0.31287	0.01358	0.00299	0.00370	0.06311	0.00422	0.00409
1	0.01309	0.03723	0.01251	0.03270	0.01393	0.05419	0.00757	0.15301	0.11804	0.01972	0.01118	0.01204	0.00879	0.00480	0.00431	0.00111	0.00462	0.00375	0.00365	0.48378
2	0.51490	0.12141	0.01249	0.07010	0.05169	0.07158	0.00778	0.06827	0.01073	0.02035	0.00784	0.00929	0.00622	0.00487	0.00368	0.00150	0.00501	0.00317	0.00304	0.00609
3	0.22985	0.01123	0.01159	0.00949	0.01271	0.01234	0.00766	0.37283	0.05018	0.08341	0.01299	0.03160	0.01047	0.06861	0.00671	0.02326	0.00489	0.02861	0.00448	0.00708
4	0.79116	0.00951	0.00742	0.00678	0.00973	0.01095	0.00550	0.01448	0.00882	0.02227	0.00876	0.06992	0.00772	0.00563	0.00343	0.00163	0.00389	0.00368	0.00330	0.00545
5	0.01281	0.01051	0.01117	0.00984	0.01233	0.03254	0.00759	0.16147	0.41729	0.02053	0.01741	0.01968	0.01418	0.12078	0.10583	0.00293	0.00581	0.00570	0.00454	0.00706
6	0.00976	0.00557	0.00578	0.00552	0.00696	0.00557	0.00419	0.06906	0.01204	0.01952	0.06179	0.04760	0.08906	0.00722	0.00417	0.00132	0.00268	0.00590	0.63125	0.00502
7	0.85592	0.00992	0.00754	0.00675	0.00992	0.01151	0.00556	0.01508	0.00873	0.02302	0.00714	0.00834	0.00556	0.00476	0.00318	0.00159	0.00397	0.00278	0.00318	0.00556
8	0.00650	0.00495	0.00568	0.00607	0.00699	0.00447	0.00420	0.00752	0.01046	0.01325	0.07073	0.28736	0.35207	0.16241	0.00994	0.00245	0.00321	0.03317	0.00450	0.00409
9	0.00703	0.00534	0.00582	0.00576	0.00732	0.00468	0.00429	0.00833	0.01132	0.04475	0.06687	0.06773	0.58428	0.08163	0.04914	0.00236	0.00351	0.03079	0.00461	0.00444
10	0.01074	0.00914	0.01113	0.04365	0.09645	0.01000	0.00836	0.01930	0.40418	0.01898	0.11635	0.05846	0.07781	0.00861	0.00561	0.00178	0.00411	0.08375	0.00476	0.00683
11	0.02142	0.00934	0.01207	0.00939	0.01320	0.00865	0.00771	0.10683	0.05891	0.63293	0.05015	0.01783	0.01387	0.00653	0.00520	0.00159	0.00441	0.00530	0.00612	0.00854
12	0.00629	0.00513	0.00559	0.00579	0.00725	0.00442	0.00431	0.00767	0.01164	0.01433	0.10251	0.16207	0.58146	0.01332	0.00619	0.00181	0.00275	0.04828	0.00483	0.00437
13	0.06471	0.01368	0.05872	0.01509	0.16841	0.09114	0.01063	0.24968	0.10884	0.04514	0.01405	0.05226	0.01184	0.00679	0.00517	0.00164	0.00568	0.06496	0.00408	0.00748
14	0.01300	0.01127	0.06585	0.01267	0.01620	0.01051	0.18344	0.04783	0.24541	0.12469	0.08530	0.02400	0.01741	0.00743	0.00571	0.00178	0.00539	0.11043	0.00454	0.00715
15	0.00738	0.00497	0.00573	0.00580	0.00585	0.00499	0.00335	0.00751	0.00764	0.01022	0.01679	0.07980	0.01933	0.73917	0.05710	0.00494	0.00522	0.00781	0.00319	0.00323
16	0.08118	0.38050	0.05755	0.01283	0.11046	0.04496	0.02996	0.16171	0.01337	0.01791	0.00947	0.01188	0.00806	0.00523	0.00421	0.00138	0.00576	0.03351	0.00301	0.00707

[dist]
# distance from previous block
# <min> <max>
1	5

[block]
# block no. 10 follows, 48 sequences, length 36
# corresponding to MSA columns:
# 386-421
name=unknown_K
#
# <colnr> <probs for GDERKNQSTAVLIFYWHMCP>
#	G	D	E	R	K	N	Q	S	T	A	V	L	I	F	Y	W	H	M	C	P
0	0.55880	0.10301	0.01152	0.00835	0.01173	0.09505	0.00695	0.12028	0.01166	0.02200	0.00794	0.00897	0.00622	0.00497	0.00361	0.00150	0.00492	0.00308	0.00328	0.00615
1	0.00683	0.00555	0.00611	0.00602	0.00763	0.00500	0.00456	0.00919	0.05644	0.01598	0.22814	0.06727	0.51051	0.01217	0.00607	0.00174	0.00273	0.03837	0.00501	0.00468
2	0.06372	0.00583	0.00652	0.00624	0.00767	0.00547	0.00446	0.01026	0.02473	0.09013	0.13516	0.11387	0.28633	0.20479	0.01062	0.00250	0.00347	0.00902	0.00455	0.00467
3	0.00888	0.00604	0.00753	0.00733	0.02391	0.00571	0.00531	0.02485	0.05802	0.07764	0.41910	0.12400	0.14197	0.04363	0.00673	0.00182	0.00299	0.00925	0.02004	0.00525
4	0.82924	0.00988	0.00768	0.00682	0.01002	0.01138	0.00562	0.01540	0.00892	0.04763	0.00756	0.00863	0.00579	0.00481	0.00324	0.00159	0.00398	0.00285	0.00328	0.00566
5	0.00654	0.00524	0.00585	0.00620	0.00745	0.00474	0.00444	0.00839	0.05162	0.01408	0.05826	0.31966	0.44761	0.02757	0.00654	0.00191	0.00285	0.01180	0.00478	0.00446
6	0.00652	0.00478	0.00582	0.00641	0.00704	0.00441	0.00431	0.00749	0.01023	0.01341	0.10270	0.45057	0.18431	0.15578	0.00983	0.00248	0.00320	0.01208	0.00456	0.00408
7	0.02636	0.00687	0.00818	0.00797	0.00970	0.00689	0.00607	0.04501	0.14163	0.10422	0.09373	0.28844	0.12271	0.01154	0.00593	0.00186	0.00350	0.08099	0.02268	0.00571
8	0.00682	0.00500	0.00645	0.00744	0.00799	0.00484	0.00518	0.00863	0.05566	0.01372	0.02803	0.67415	0.04952	0.03297	0.00693	0.00214	0.00321	0.07214	0.00475	0.00443
9	0.02535	0.00685	0.00762	0.00735	0.00885	0.02388	0.00548	0.08840	0.04377	0.05065	0.12552	0.21596	0.13975	0.08830	0.00766	0.00206	0.00362	0.05539	0.08836	0.00516
10	0.00713	0.00548	0.00603	0.00584	0.00752	0.00480	0.00440	0.00909	0.03443	0.04229	0.22595	0.06678	0.53780	0.01208	0.00602	0.00171	0.00267	0.01023	0.00505	0.00471
11	0.04481	0.00924	0.01172	0.00933	0.01306	0.00874	0.00760	0.02519	0.17313	0.60929	0.02000	0.01755	0.01311	0.00643	0.00512	0.00162	0.00429	0.00522	0.00602	0.00851
12	0.00721	0.00529	0.00607	0.00629	0.00734	0.00493	0.00438	0.00895	0.04884	0.02953	0.09487	0.27455	0.29737	0.15104	0.00952	0.00237	0.00321	0.01077	0.02309	0.00440
13	0.44289	0.00870	0.00798	0.00692	0.00973	0.00949	0.00561	0.07843	0.01134	0.12103	0.01194	0.01285	0.00886	0.00542	0.00371	0.00147	0.00372	0.00380	0.24009	0.00601
14	0.00744	0.00504	0.00595	0.00595	0.00607	0.00517	0.00355	0.00769	0.00757	0.01021	0.01585	0.03180	0.01788	0.71602	0.12871	0.00541	0.00614	0.00720	0.00306	0.00330
15	0.19416	0.00703	0.00758	0.00682	0.00909	0.00687	0.00529	0.01386	0.02868	0.18394	0.13890	0.08778	0.19601	0.03494	0.00576	0.00175	0.00337	0.00735	0.05513	0.00568
16	0.03327	0.00781	0.00880	0.00812	0.01016	0.00819	0.00620	0.06286	0.24030	0.09064	0.12195	0.14646	0.08006	0.04577	0.00637	0.00186	0.00360	0.02713	0.08428	0.00621
17	0.04086	0.00812	0.01032	0.00829	0.01153	0.00748	0.00672	0.03859	0.05503	0.53283	0.06500	0.01874	0.01480	0.00652	0.00489	0.00153	0.00391	0.00530	0.15183	0.00770
18	0.01995	0.00824	0.01102	0.00871	0.01219	0.00729	0.00709	0.02249	0.04570	0.63157	0.12972	0.02127	0.03656	0.00712	0.00531	0.00160	0.00403	0.00591	0.00617	0.00805
19	0.07279	0.00728	0.00902	0.00780	0.01022	0.00691	0.00613	0.04056	0.04253	0.30471	0.24214	0.09902	0.03950	0.02529	0.00583	0.00172	0.00357	0.02360	0.04493	0.00646
20	0.35853	0.00872	0.00936	0.00803	0.01112	0.00889	0.00656	0.03436	0.01189	0.32604	0.03571	0.07635	0.01349	0.00712	0.00463	0.00168	0.00411	0.06193	0.00477	0.00670
21	0.01495	0.64451	0.02417	0.00971	0.01377	0.16190	0.00903	0.04706	0.01173	0.01299	0.00749	0.00858	0.00668	0.00463	0.00361	0.00116	0.00618	0.00292	0.00240	0.00656
22	0.00657	0.00489	0.00598	0.00637	0.00723	0.00445	0.00444	0.00789	0.01133	0.01501	0.23300	0.36290	0.21889	0.07732	0.00785	0.00210	0.00290	0.01171	0.00487	0.00430
23	0.00695	0.00496	0.00630	0.00700	0.00758	0.00473	0.00496	0.00806	0.01016	0.01341	0.08326	0.38055	0.09312	0.19646	0.01099	0.00272	0.00367	0.14658	0.00445	0.00409
24	0.00674	0.00482	0.00652	0.00771	0.00822	0.00459	0.00562	0.00800	0.01031	0.01365	0.02801	0.63083	0.03286	0.01561	0.00668	0.00215	0.00340	0.19522	0.00475	0.00430
25	0.00624	0.00484	0.00570	0.00637	0.00733	0.00430	0.00450	0.00736	0.01071	0.01351	0.03862	0.45467	0.36278	0.01466	0.00636	0.00194	0.00287	0.03823	0.00476	0.00426
26	0.01581	0.01169	0.01266	0.01057	0.01394	0.01297	0.00845	0.27560	0.41892	0.10289	0.01912	0.01783	0.04218	0.00686	0.00522	0.00166	0.00457	0.00553	0.00529	0.00824
27	0.01270	0.01219	0.02083	0.03149	0.78767	0.01219	0.01575	0.01575	0.01168	0.01676	0.00965	0.01270	0.00813	0.00457	0.00508	0.00152	0.00610	0.00457	0.00254	0.00813
28	0.00650	0.00521	0.00580	0.00565	0.00720	0.00452	0.00424	0.00820	0.01272	0.01629	0.31673	0.04539	0.51932	0.01209	0.00606	0.00169	0.00253	0.01027	0.00508	0.00452
29	0.01123	0.01123	0.01572	0.01347	0.01347	0.01572	0.01123	0.01235	0.00786	0.01235	0.00674	0.01123	0.00674	0.00898	0.01684	0.00225	0.81028	0.00449	0.00225	0.00561
30	0.01215	0.01014	0.01524	0.59998	0.03017	0.04115	0.03268	0.05590	0.04105	0.09599	0.01089	0.01405	0.00791	0.00537	0.00514	0.00168	0.00655	0.00467	0.00299	0.00631
31	0.00639	0.00529	0.00565	0.00580	0.00744	0.00455	0.00451	0.00786	0.01178	0.01422	0.06601	0.05026	0.66669	0.01309	0.00620	0.00181	0.00288	0.11039	0.00478	0.00440
32	0.00733	0.00550	0.00825	0.00825	0.00916	0.00641	0.00641	0.00916	0.00825	0.01191	0.01374	0.02016	0.01283	0.03848	0.79934	0.00825	0.01374	0.00550	0.00275	0.00458
33	0.00969	0.00912	0.01539	0.80734	0.03534	0.01140	0.01425	0.01311	0.01026	0.01311	0.00912	0.01368	0.00684	0.00513	0.00513	0.00171	0.00684	0.00456	0.00228	0.00570
34	0.01867	0.01457	0.01484	0.01169	0.01553	0.06762	0.00953	0.64505	0.08396	0.02975	0.01304	0.02912	0.00966	0.00637	0.00514	0.00155	0.00570	0.00483	0.00497	0.00840
