[name]
unknown

[dist]
# distance from previous block
# <min> <max>
0	44

[block]
# block no. 0 follows, 53 sequences, length 15
# corresponding to MSA columns:
# 67-81
name=unknown_A
#
# <colnr> <probs for GDERKNQSTAVLIFYWHMCP>
#	G	D	E	R	K	N	Q	S	T	A	V	L	I	F	Y	W	H	M	C	P
0	0.17171	0.07605	0.05107	0.04265	0.10397	0.02101	0.02318	0.04628	0.02929	0.08768	0.06656	0.03897	0.03512	0.03119	0.03148	0.00184	0.04306	0.07580	0.01728	0.00582
1	0.03938	0.02383	0.00897	0.06185	0.09913	0.02018	0.00650	0.00983	0.00893	0.04924	0.02772	0.16972	0.03113	0.05771	0.03296	0.23778	0.00442	0.04587	0.03607	0.02877
2	0.10075	0.01244	0.07020	0.02400	0.02191	0.11506	0.07490	0.12771	0.13643	0.04862	0.03748	0.06324	0.01130	0.00863	0.07142	0.00204	0.04970	0.00497	0.00353	0.01567
3	0.01169	0.00936	0.03347	0.01017	0.04291	0.05476	0.08953	0.10854	0.03137	0.11974	0.07472	0.11474	0.08451	0.07438	0.03044	0.00195	0.00490	0.03398	0.00398	0.06487
4	0.00942	0.00755	0.00842	0.00789	0.00938	0.07449	0.03255	0.06806	0.04197	0.05317	0.10273	0.18548	0.13044	0.10249	0.05756	0.02156	0.00463	0.07336	0.00406	0.00478
5	0.00899	0.00679	0.05472	0.03158	0.03692	0.00619	0.02274	0.02584	0.04643	0.04867	0.01336	0.09349	0.03066	0.05765	0.14111	0.33722	0.00572	0.00558	0.02225	0.00408
6	0.01095	0.00903	0.00884	0.02665	0.03464	0.17234	0.00603	0.06450	0.00940	0.01123	0.02485	0.01485	0.02881	0.04574	0.01362	0.50291	0.00519	0.00430	0.00251	0.00360
7	0.00699	0.00542	0.00720	0.00711	0.00816	0.00531	0.04105	0.00904	0.07477	0.01297	0.06900	0.29944	0.18676	0.08909	0.08048	0.05686	0.00419	0.02796	0.00397	0.00422
8	0.04437	0.00487	0.00585	0.00609	0.00681	0.00476	0.00416	0.00815	0.00902	0.02945	0.08090	0.32362	0.06985	0.22887	0.07606	0.00295	0.00406	0.00909	0.05959	0.02147
9	0.34123	0.01004	0.01104	0.01132	0.13086	0.02106	0.02328	0.10324	0.14071	0.03436	0.04768	0.03567	0.01034	0.00542	0.00410	0.00146	0.00424	0.00422	0.00357	0.05617
10	0.01074	0.00802	0.00950	0.00884	0.03247	0.00859	0.00667	0.16338	0.15603	0.04919	0.08965	0.13885	0.07746	0.01171	0.09901	0.00229	0.03094	0.02387	0.04422	0.02859
11	0.02017	0.02532	0.00634	0.00588	0.00704	0.00531	0.00424	0.00936	0.05504	0.03364	0.13915	0.11742	0.24406	0.19700	0.02762	0.00241	0.00340	0.02389	0.06846	0.00425
12	0.31796	0.00766	0.00746	0.00679	0.00887	0.00829	0.00523	0.11271	0.03238	0.05868	0.01505	0.15241	0.04365	0.06961	0.00592	0.01684	0.00360	0.00575	0.11593	0.00519
13	0.05628	0.00484	0.00565	0.00614	0.00697	0.00460	0.00434	0.00759	0.00961	0.01309	0.07746	0.37031	0.20646	0.13161	0.00847	0.00222	0.00312	0.07313	0.00418	0.00393
14	0.06213	0.00873	0.01017	0.00747	0.01153	0.00717	0.00604	0.05430	0.01108	0.14727	0.01026	0.01092	0.00781	0.00410	0.00378	0.00092	0.00373	0.00322	0.00345	0.62592

[dist]
# distance from previous block
# <min> <max>
0	3

[block]
# block no. 1 follows, 53 sequences, length 9
# corresponding to MSA columns:
# 85-93
name=unknown_B
#
# <colnr> <probs for GDERKNQSTAVLIFYWHMCP>
#	G	D	E	R	K	N	Q	S	T	A	V	L	I	F	Y	W	H	M	C	P
0	0.14815	0.00878	0.00959	0.00730	0.01110	0.00768	0.00584	0.04588	0.05435	0.04246	0.00981	0.03475	0.00812	0.00436	0.00369	0.00098	0.00364	0.00338	0.00319	0.58694
1	0.02754	0.00500	0.00643	0.00646	0.00710	0.00506	0.00460	0.03393	0.00907	0.01268	0.10791	0.17421	0.07211	0.08206	0.05612	0.28089	0.01982	0.03446	0.05097	0.00357
2	0.00854	0.00589	0.00694	0.00672	0.00813	0.00570	0.00497	0.06823	0.06801	0.06812	0.11974	0.24166	0.23938	0.05002	0.00721	0.04962	0.00317	0.02874	0.00449	0.00474
3	0.00699	0.00503	0.00607	0.00620	0.00739	0.00461	0.00461	0.00881	0.03501	0.04592	0.22877	0.23601	0.28090	0.03421	0.00628	0.00179	0.00279	0.06954	0.00467	0.00439
4	0.00683	0.00489	0.00662	0.00682	0.00757	0.00519	0.00509	0.00807	0.00838	0.01159	0.01926	0.11116	0.09968	0.13753	0.40286	0.03869	0.00805	0.06684	0.04095	0.00395
5	0.07872	0.03183	0.07704	0.07624	0.24337	0.09593	0.05281	0.06434	0.01121	0.04240	0.04749	0.01243	0.00897	0.00626	0.02676	0.01474	0.09611	0.00423	0.00276	0.00635
6	0.00673	0.00497	0.00642	0.00734	0.05104	0.00471	0.00485	0.00807	0.01010	0.01373	0.15315	0.30512	0.16343	0.10500	0.04172	0.00229	0.00346	0.04556	0.05812	0.00418
7	0.00748	0.00529	0.00675	0.00722	0.03543	0.00536	0.00485	0.03829	0.00915	0.01245	0.04388	0.19673	0.09379	0.24692	0.09867	0.06838	0.01778	0.05193	0.04573	0.00392
8	0.06402	0.14592	0.01485	0.11703	0.08392	0.11397	0.03802	0.11477	0.04802	0.01555	0.01086	0.01329	0.03470	0.00775	0.05261	0.04958	0.03024	0.01461	0.02444	0.00586

[dist]
# distance from previous block
# <min> <max>
2	6

[block]
# block no. 2 follows, 53 sequences, length 56
# corresponding to MSA columns:
# 100-155
name=unknown_C
#
# <colnr> <probs for GDERKNQSTAVLIFYWHMCP>
#	G	D	E	R	K	N	Q	S	T	A	V	L	I	F	Y	W	H	M	C	P
0	0.05637	0.01051	0.06795	0.27433	0.10281	0.08004	0.02035	0.04105	0.02339	0.01415	0.02562	0.10208	0.03458	0.02969	0.06843	0.00209	0.00613	0.00539	0.00281	0.03224
1	0.00923	0.00861	0.02981	0.36317	0.19487	0.00925	0.03980	0.01190	0.00984	0.02631	0.03007	0.05119	0.05650	0.02799	0.10895	0.00241	0.00656	0.00531	0.00263	0.00559
2	0.09743	0.02676	0.04811	0.07717	0.11230	0.18883	0.02283	0.10451	0.01287	0.17512	0.02707	0.01314	0.03329	0.00592	0.01814	0.00154	0.02073	0.00419	0.00351	0.00655
3	0.01315	0.03614	0.08945	0.03728	0.17553	0.02982	0.08207	0.05818	0.11637	0.16188	0.03786	0.03049	0.02602	0.00578	0.00498	0.00150	0.01870	0.01834	0.04956	0.00691
4	0.00594	0.00423	0.00563	0.00670	0.00701	0.00397	0.00453	0.00680	0.00916	0.01220	0.02596	0.77201	0.03101	0.03921	0.00666	0.00203	0.00290	0.04575	0.00439	0.00388
5	0.02469	0.02345	0.03881	0.11151	0.16353	0.09621	0.10257	0.08570	0.01209	0.08392	0.02807	0.01414	0.02501	0.01828	0.00514	0.00144	0.01819	0.01830	0.02983	0.09914
6	0.64859	0.06301	0.02277	0.02217	0.01093	0.07545	0.00635	0.07450	0.00984	0.02043	0.00715	0.00824	0.00558	0.00456	0.00327	0.00143	0.00441	0.00280	0.00297	0.00553
7	0.01165	0.01111	0.01890	0.02846	0.76831	0.01111	0.01437	0.01446	0.01089	0.01556	0.00969	0.01363	0.00842	0.00464	0.00481	0.00145	0.00562	0.03702	0.00245	0.00744
8	0.00672	0.00488	0.00633	0.00597	0.00711	0.00449	0.00448	0.00894	0.01343	0.01892	0.77042	0.03610	0.07452	0.00986	0.00564	0.00151	0.00226	0.00870	0.00523	0.00449
9	0.00674	0.00488	0.00635	0.00599	0.00713	0.00450	0.00449	0.00897	0.01347	0.01902	0.78262	0.03594	0.06225	0.00982	0.00564	0.00151	0.00226	0.00868	0.00524	0.00450
10	0.00647	0.00466	0.00622	0.00692	0.00764	0.00441	0.00516	0.00798	0.01071	0.01442	0.21827	0.43268	0.05921	0.01319	0.00608	0.00188	0.00300	0.18231	0.00463	0.00416
11	0.00565	0.00484	0.00484	0.00484	0.00646	0.00403	0.00363	0.00686	0.01089	0.01291	0.04842	0.04600	0.80027	0.01210	0.00565	0.00161	0.00242	0.01009	0.00444	0.00403
12	0.01189	0.01027	0.01081	0.00973	0.01243	0.01189	0.00757	0.02540	0.79357	0.01999	0.01945	0.01783	0.01459	0.00648	0.00486	0.00162	0.00378	0.00540	0.00486	0.00757
13	0.86579	0.00924	0.00702	0.00629	0.00924	0.01072	0.00518	0.01405	0.00813	0.02144	0.00666	0.00776	0.00518	0.00444	0.00296	0.00148	0.00370	0.00259	0.00296	0.00518
14	0.02130	0.00836	0.01123	0.00861	0.01231	0.00736	0.00711	0.05594	0.01406	0.77235	0.01854	0.01606	0.01167	0.00591	0.00481	0.00148	0.00412	0.00479	0.00587	0.00813
15	0.01816	0.01367	0.01432	0.01104	0.01482	0.03880	0.00909	0.76322	0.02220	0.02957	0.01135	0.01139	0.00807	0.00571	0.00477	0.00143	0.00536	0.00427	0.00471	0.00805
16	0.01817	0.01339	0.01434	0.01100	0.01482	0.01482	0.00908	0.78627	0.02247	0.03012	0.01148	0.01148	0.00813	0.00574	0.00478	0.00143	0.00526	0.00430	0.00478	0.00813
17	0.86579	0.00924	0.00702	0.00629	0.00924	0.01072	0.00518	0.01405	0.00813	0.02144	0.00666	0.00776	0.00518	0.00444	0.00296	0.00148	0.00370	0.00259	0.00296	0.00518
18	0.00583	0.00426	0.00549	0.00643	0.00688	0.00392	0.00435	0.00675	0.00949	0.01250	0.05355	0.71384	0.12016	0.01448	0.00603	0.00189	0.00272	0.01303	0.00446	0.00392
19	0.86579	0.00924	0.00702	0.00629	0.00924	0.01072	0.00518	0.01405	0.00813	0.02144	0.00666	0.00776	0.00518	0.00444	0.00296	0.00148	0.00370	0.00259	0.00296	0.00518
20	0.00959	0.02472	0.80726	0.01362	0.02069	0.01110	0.01766	0.01514	0.01009	0.01514	0.00858	0.01009	0.00605	0.00454	0.00454	0.00151	0.00706	0.00353	0.00202	0.00706
21	0.02021	0.00908	0.01222	0.00936	0.01309	0.00842	0.04058	0.11861	0.04668	0.64235	0.01756	0.01559	0.01128	0.00584	0.00484	0.00148	0.00438	0.00480	0.00558	0.00804
22	0.00585	0.00421	0.00556	0.00664	0.00697	0.00392	0.00447	0.00672	0.00924	0.01226	0.02701	0.79045	0.05556	0.01485	0.00610	0.00194	0.00279	0.02713	0.00444	0.00390
23	0.02129	0.00838	0.01125	0.00862	0.01233	0.00740	0.00712	0.05957	0.01410	0.76865	0.01851	0.01604	0.01166	0.00591	0.00481	0.00148	0.00412	0.00478	0.00586	0.00813
24	0.01025	0.01020	0.01465	0.02560	0.01302	0.01400	0.03444	0.01144	0.00753	0.01164	0.00705	0.02885	0.00704	0.00914	0.03895	0.00223	0.74213	0.00446	0.00217	0.00521
25	0.01154	0.01097	0.14541	0.00919	0.01234	0.00888	0.02264	0.14371	0.13711	0.09983	0.25615	0.04653	0.03525	0.00727	0.00505	0.00152	0.00412	0.00615	0.02993	0.00640
26	0.00692	0.00462	0.00522	0.00526	0.00527	0.00461	0.00294	0.00694	0.00702	0.00936	0.01541	0.05621	0.01782	0.80649	0.02376	0.00455	0.00458	0.00716	0.00294	0.00293
27	0.00695	0.00527	0.00779	0.00772	0.00851	0.00619	0.00598	0.00856	0.00764	0.01103	0.01270	0.01907	0.01201	0.07026	0.75321	0.00737	0.03777	0.00517	0.00256	0.00424
28	0.02665	0.06407	0.05665	0.05607	0.27684	0.04998	0.06017	0.15868	0.04912	0.03103	0.02195	0.09239	0.01087	0.00598	0.00482	0.00149	0.00546	0.01775	0.00323	0.00680
29	0.01390	0.03488	0.01301	0.07331	0.03164	0.03845	0.09800	0.10021	0.01225	0.22885	0.01424	0.03914	0.02761	0.00780	0.04912	0.02133	0.05184	0.00495	0.13320	0.00626
30	0.86579	0.00924	0.00702	0.00629	0.00924	0.01072	0.00518	0.01405	0.00813	0.02144	0.00666	0.00776	0.00518	0.00444	0.00296	0.00148	0.00370	0.00259	0.00296	0.00518
31	0.00986	0.00519	0.00533	0.00502	0.00639	0.00527	0.00384	0.06850	0.01102	0.03559	0.01536	0.01732	0.01194	0.00559	0.00348	0.00115	0.00249	0.00445	0.77741	0.00480
32	0.01135	0.01058	0.01866	0.21545	0.46992	0.01093	0.11169	0.01434	0.01069	0.04710	0.00975	0.03052	0.00795	0.00466	0.00489	0.00150	0.00602	0.00466	0.00251	0.00683
33	0.00636	0.00467	0.00596	0.00607	0.00700	0.00427	0.00439	0.00807	0.01193	0.01639	0.48523	0.27210	0.12665	0.01158	0.00578	0.00165	0.00243	0.01027	0.00492	0.00427
34	0.00598	0.00485	0.00530	0.00519	0.00666	0.00418	0.00389	0.00750	0.01168	0.01477	0.27158	0.04294	0.57595	0.01141	0.00565	0.00158	0.00237	0.00966	0.00468	0.00418
35	0.00588	0.00420	0.00561	0.00671	0.00702	0.00393	0.00453	0.00675	0.00920	0.01226	0.02631	0.80734	0.03150	0.01492	0.00611	0.00195	0.00282	0.03464	0.00444	0.00390
36	0.01477	0.00703	0.00884	0.00734	0.00992	0.00655	0.00586	0.04042	0.07261	0.39447	0.18827	0.02220	0.05976	0.00705	0.00481	0.00145	0.00333	0.00588	0.13290	0.00655
37	0.05499	0.00994	0.01202	0.00925	0.01296	0.00979	0.00764	0.27896	0.01640	0.51314	0.01588	0.01431	0.01032	0.00580	0.00472	0.00146	0.00445	0.00455	0.00541	0.00801
38	0.00903	0.00850	0.01434	0.82054	0.03292	0.01062	0.01327	0.01221	0.00956	0.01221	0.00850	0.01274	0.00637	0.00478	0.00478	0.00159	0.00637	0.00425	0.00212	0.00531
39	0.00940	0.00870	0.01434	0.78732	0.03218	0.01079	0.01310	0.04397	0.01009	0.01295	0.00862	0.01269	0.00644	0.00482	0.00478	0.00159	0.00633	0.00425	0.00223	0.00543
40	0.02577	0.01077	0.07858	0.15011	0.29818	0.01011	0.07440	0.04520	0.04744	0.01612	0.11716	0.03796	0.04170	0.00589	0.00515	0.00153	0.01916	0.00538	0.00304	0.00637
41	0.01255	0.13429	0.23624	0.02795	0.08457	0.09270	0.16565	0.08492	0.02491	0.04030	0.00945	0.01147	0.00732	0.00468	0.00458	0.00141	0.00655	0.01597	0.00266	0.03181
42	0.00962	0.02368	0.75003	0.01382	0.02063	0.01101	0.05447	0.01502	0.01017	0.01512	0.00904	0.01130	0.00664	0.00473	0.00464	0.00154	0.00705	0.02243	0.00210	0.00697
43	0.00582	0.00416	0.00555	0.00666	0.00693	0.00388	0.00444	0.00666	0.00915	0.01220	0.02634	0.82891	0.03161	0.01497	0.00610	0.00194	0.00277	0.01359	0.00444	0.00388
44	0.01038	0.09539	0.57093	0.01413	0.05548	0.02614	0.09268	0.01502	0.01036	0.02782	0.00987	0.01138	0.02998	0.00469	0.00456	0.00147	0.00676	0.00390	0.00222	0.00684
45	0.00918	0.00865	0.01462	0.77641	0.07582	0.01066	0.01335	0.01235	0.00963	0.01240	0.00852	0.01269	0.00644	0.00475	0.00478	0.00158	0.00633	0.00425	0.00214	0.00544
46	0.00676	0.00489	0.00639	0.00601	0.00714	0.00451	0.00451	0.00902	0.01353	0.01917	0.79969	0.03570	0.04510	0.00977	0.00564	0.00150	0.00225	0.00864	0.00526	0.00451
47	0.01093	0.01044	0.01777	0.28392	0.55468	0.01112	0.01422	0.01388	0.01046	0.01452	0.00883	0.01212	0.00718	0.00443	0.00475	0.00148	0.00590	0.00426	0.00229	0.00684
48	0.01447	0.13226	0.04827	0.01462	0.14101	0.29604	0.07353	0.09539	0.08406	0.01547	0.02119	0.01169	0.00836	0.00505	0.00448	0.00135	0.00660	0.01676	0.00289	0.00650
49	0.01267	0.57085	0.09798	0.00953	0.03767	0.03578	0.00909	0.04016	0.05631	0.03956	0.02162	0.01063	0.03115	0.00474	0.00363	0.00118	0.00517	0.00333	0.00257	0.00638
50	0.00582	0.00416	0.00555	0.00666	0.00693	0.00388	0.00444	0.00666	0.00915	0.01220	0.02634	0.82891	0.03161	0.01497	0.00610	0.00194	0.00277	0.01359	0.00444	0.00388
51	0.00683	0.00530	0.00642	0.00720	0.00798	0.02977	0.00538	0.00837	0.02292	0.01347	0.08998	0.45831	0.10302	0.01339	0.00607	0.00191	0.00330	0.20175	0.00444	0.00419
52	0.02991	0.06107	0.06397	0.04285	0.08191	0.17331	0.07734	0.20018	0.01422	0.13845	0.01074	0.02403	0.00809	0.00538	0.00519	0.00144	0.04735	0.00421	0.00349	0.00687
53	0.00976	0.00803	0.01035	0.05800	0.12466	0.00862	0.00784	0.04402	0.27173	0.03087	0.03118	0.23664	0.06126	0.00965	0.02312	0.00183	0.00413	0.04814	0.00416	0.00601
54	0.01089	0.07348	0.03631	0.03119	0.10003	0.04999	0.04378	0.04453	0.03789	0.01357	0.04232	0.01283	0.00915	0.01020	0.10518	0.00244	0.36353	0.00441	0.00255	0.00573
55	0.01081	0.04208	0.01208	0.01055	0.07695	0.00856	0.07111	0.06805	0.04803	0.08004	0.17632	0.06048	0.03325	0.00753	0.02037	0.00155	0.06357	0.02704	0.06494	0.11670

[dist]
# distance from previous block
# <min> <max>
1	4

[block]
# block no. 3 follows, 53 sequences, length 79
# corresponding to MSA columns:
# 224-243,246-273,277-307
name=unknown_D
#
# <colnr> <probs for GDERKNQSTAVLIFYWHMCP>
#	G	D	E	R	K	N	Q	S	T	A	V	L	I	F	Y	W	H	M	C	P
0	0.01036	0.00978	0.05236	0.00877	0.01250	0.03024	0.07083	0.03102	0.07933	0.03606	0.08926	0.01527	0.03537	0.02955	0.00485	0.00118	0.00419	0.00433	0.00333	0.47143
1	0.01288	0.00972	0.01082	0.00987	0.03488	0.01082	0.00749	0.04619	0.59511	0.11470	0.06037	0.01823	0.01544	0.00648	0.00486	0.00158	0.00380	0.00542	0.02393	0.00742
2	0.00906	0.00862	0.01168	0.01031	0.01119	0.05547	0.06283	0.01045	0.00840	0.01171	0.01268	0.08961	0.04625	0.06501	0.24120	0.00370	0.31804	0.00575	0.00264	0.01540
3	0.01008	0.01217	0.17739	0.01051	0.05922	0.00869	0.02612	0.05900	0.01073	0.01590	0.03393	0.02988	0.05892	0.00527	0.00516	0.00120	0.07005	0.00416	0.00289	0.39873
4	0.00991	0.00850	0.00991	0.00708	0.01133	0.00637	0.00566	0.01203	0.00991	0.01557	0.00850	0.00991	0.00708	0.00354	0.00354	0.00071	0.00354	0.00283	0.00283	0.86124
5	0.00715	0.00607	0.03038	0.00673	0.02767	0.00538	0.00509	0.01013	0.07983	0.01690	0.42412	0.03527	0.26481	0.02831	0.00588	0.00160	0.00272	0.00838	0.02884	0.00475
6	0.00648	0.00494	0.00563	0.00541	0.00688	0.00430	0.00408	0.00814	0.01205	0.03417	0.35976	0.04102	0.46805	0.01099	0.00562	0.00156	0.00239	0.00936	0.00482	0.00433
7	0.00624	0.00467	0.00615	0.00675	0.00754	0.00432	0.01634	0.00754	0.01026	0.01350	0.12405	0.48252	0.16480	0.01345	0.00603	0.00186	0.00294	0.11245	0.00450	0.00409
8	0.02254	0.01119	0.10670	0.00938	0.01342	0.00886	0.05145	0.11844	0.04665	0.03080	0.05582	0.03153	0.01025	0.00497	0.00464	0.00114	0.03419	0.00406	0.00327	0.43071
9	0.00596	0.00429	0.00568	0.00671	0.00711	0.00401	0.00462	0.00692	0.00942	0.01250	0.04195	0.73218	0.06149	0.01465	0.00611	0.00194	0.00286	0.06322	0.00445	0.00393
10	0.01289	0.81633	0.02478	0.00827	0.01232	0.03707	0.00820	0.01442	0.00980	0.01126	0.00666	0.00769	0.00613	0.00411	0.00310	0.00103	0.00519	0.00257	0.00205	0.00612
11	0.00583	0.00426	0.00550	0.00644	0.00689	0.00392	0.00435	0.00675	0.00947	0.01249	0.05268	0.72008	0.11475	0.01450	0.00604	0.00189	0.00272	0.01306	0.00446	0.00392
12	0.09123	0.01077	0.04030	0.00937	0.01279	0.01088	0.00783	0.27144	0.18034	0.23575	0.01651	0.03567	0.04301	0.00628	0.00470	0.00151	0.00437	0.00496	0.00482	0.00744
13	0.01232	0.44474	0.22284	0.01231	0.08639	0.09372	0.03953	0.01506	0.01035	0.01282	0.00753	0.00894	0.00629	0.00430	0.00381	0.00123	0.00611	0.00312	0.00212	0.00645
14	0.00616	0.00481	0.00615	0.00635	0.00733	0.00439	0.02624	0.00739	0.01018	0.01319	0.12234	0.36289	0.29173	0.05449	0.03917	0.00214	0.00326	0.02343	0.00432	0.00405
15	0.03405	0.18571	0.07949	0.01216	0.05896	0.40177	0.00984	0.07613	0.02421	0.01394	0.00788	0.00916	0.00650	0.00487	0.00454	0.00127	0.03891	0.00323	0.00256	0.02481
16	0.01518	0.08789	0.07720	0.01143	0.01523	0.09600	0.08456	0.36334	0.07959	0.05124	0.04313	0.01336	0.02887	0.00563	0.00471	0.00142	0.00565	0.00451	0.00391	0.00715
17	0.00614	0.00467	0.00586	0.00654	0.00729	0.00438	0.00474	0.00730	0.00997	0.01293	0.06762	0.48357	0.22891	0.01364	0.00624	0.00187	0.02172	0.09815	0.00442	0.00404
18	0.02370	0.04167	0.11033	0.02977	0.06148	0.00969	0.06407	0.11426	0.04167	0.03483	0.00963	0.01107	0.00755	0.00505	0.02279	0.00128	0.01525	0.00362	0.00302	0.38927
19	0.02492	0.12663	0.13133	0.03038	0.09620	0.04301	0.03113	0.13207	0.08409	0.08543	0.04460	0.07504	0.01193	0.00611	0.00463	0.00144	0.00513	0.02410	0.00352	0.03833
20	0.00995	0.01154	0.15387	0.06947	0.19490	0.03634	0.03283	0.01241	0.00995	0.04013	0.09879	0.01832	0.01349	0.17447	0.02881	0.00232	0.07872	0.00520	0.00282	0.00566
21	0.02408	0.00573	0.00730	0.00649	0.00818	0.00529	0.00501	0.03326	0.01355	0.14837	0.58880	0.03199	0.08492	0.00908	0.00543	0.00150	0.00267	0.00788	0.00526	0.00519
22	0.01338	0.12491	0.10018	0.01353	0.06427	0.05397	0.18871	0.11310	0.09132	0.10450	0.01220	0.06313	0.00980	0.00558	0.00497	0.00148	0.01979	0.00497	0.00338	0.00682
23	0.01199	0.03998	0.10707	0.08368	0.45144	0.05695	0.07006	0.06810	0.01171	0.01602	0.03184	0.01213	0.00828	0.00461	0.00473	0.00144	0.00608	0.00429	0.00256	0.00705
24	0.01008	0.00567	0.00705	0.00632	0.00822	0.00498	0.00490	0.01183	0.01249	0.21562	0.31368	0.06753	0.28314	0.00982	0.00546	0.00156	0.00282	0.01845	0.00511	0.00524
25	0.00663	0.00616	0.05149	0.00743	0.00838	0.00555	0.00581	0.00808	0.01866	0.01266	0.04619	0.48615	0.14412	0.01456	0.06357	0.00227	0.07611	0.02789	0.00399	0.00430
26	0.12537	0.05303	0.16596	0.02200	0.08064	0.05723	0.02504	0.16868	0.01322	0.15653	0.01201	0.03054	0.00940	0.00574	0.00455	0.00149	0.00538	0.05269	0.00363	0.00686
27	0.00747	0.00573	0.00695	0.00648	0.00818	0.00524	0.03291	0.02825	0.05079	0.05027	0.17269	0.11374	0.44287	0.01100	0.00563	0.00164	0.00292	0.03798	0.00460	0.00466
28	0.00900	0.00721	0.00909	0.00831	0.00901	0.00883	0.00640	0.01181	0.11385	0.01319	0.01272	0.01876	0.01186	0.19672	0.14388	0.00334	0.25339	0.00517	0.15274	0.00473
29	0.66195	0.02785	0.03097	0.00867	0.06177	0.08626	0.00664	0.02607	0.00915	0.01979	0.00703	0.00826	0.00555	0.00447	0.00328	0.00143	0.00443	0.00280	0.00285	0.02076
30	0.05025	0.03234	0.03606	0.14655	0.10016	0.03139	0.22187	0.03049	0.00986	0.02532	0.00831	0.01159	0.00681	0.00596	0.01769	0.00177	0.25076	0.00447	0.00238	0.00597
31	0.00587	0.00485	0.00514	0.00507	0.00659	0.00413	0.00380	0.00728	0.01141	0.01413	0.19468	0.04399	0.65325	0.01165	0.00565	0.00159	0.00239	0.00981	0.00460	0.00413
32	0.01286	0.79169	0.02447	0.00840	0.01234	0.04060	0.00827	0.01437	0.00976	0.01126	0.00666	0.00776	0.00614	0.00422	0.00342	0.00106	0.02597	0.00261	0.00206	0.00609
33	0.00578	0.00485	0.00505	0.00502	0.00657	0.00412	0.00377	0.00710	0.01107	0.01346	0.11895	0.04441	0.71074	0.01242	0.02390	0.00174	0.00264	0.00984	0.00447	0.00409
34	0.00586	0.00419	0.00552	0.00656	0.00686	0.00391	0.00436	0.00667	0.00911	0.01210	0.02642	0.78020	0.04874	0.04636	0.00679	0.00204	0.00284	0.01325	0.00438	0.00385
35	0.00599	0.00486	0.00532	0.00521	0.00667	0.00418	0.00390	0.00753	0.01171	0.01485	0.28141	0.04281	0.56607	0.01138	0.00565	0.00158	0.00237	0.00964	0.00469	0.00418
36	0.01787	0.02242	0.01358	0.01226	0.01478	0.78212	0.00923	0.04862	0.01389	0.01241	0.00755	0.00873	0.00623	0.00496	0.00433	0.00124	0.00849	0.00313	0.00255	0.00564
37	0.01785	0.02278	0.01354	0.01231	0.01478	0.81284	0.00924	0.01909	0.01354	0.01170	0.00739	0.00862	0.00616	0.00493	0.00431	0.00123	0.00862	0.00308	0.00246	0.00554
38	0.48238	0.00874	0.00887	0.00729	0.01059	0.00904	0.00602	0.01825	0.01065	0.37748	0.01220	0.01163	0.00820	0.00511	0.00380	0.00148	0.00387	0.00360	0.00430	0.00652
39	0.86579	0.00924	0.00702	0.00629	0.00924	0.01072	0.00518	0.01405	0.00813	0.02144	0.00666	0.00776	0.00518	0.00444	0.00296	0.00148	0.00370	0.00259	0.00296	0.00518
40	0.00589	0.00485	0.00518	0.00516	0.00666	0.00415	0.00389	0.00730	0.01132	0.01401	0.17743	0.05763	0.63983	0.01177	0.00568	0.00161	0.00244	0.02650	0.00458	0.00412
41	0.04315	0.01315	0.01400	0.01081	0.01457	0.01459	0.00891	0.73506	0.05066	0.02949	0.01163	0.01160	0.00828	0.00573	0.00473	0.00144	0.00516	0.00429	0.00473	0.00802
42	0.00880	0.00758	0.01011	0.00901	0.00998	0.03790	0.04169	0.03825	0.00962	0.01368	0.15878	0.02031	0.01682	0.10235	0.26123	0.00387	0.20368	0.00564	0.03601	0.00469
43	0.00903	0.00850	0.01434	0.82054	0.03292	0.01062	0.01327	0.01221	0.00956	0.01221	0.00850	0.01274	0.00637	0.00478	0.00478	0.00159	0.00637	0.00425	0.00212	0.00531
44	0.66743	0.00926	0.00798	0.00685	0.00989	0.01038	0.00563	0.07632	0.00999	0.11308	0.00880	0.00943	0.00646	0.00476	0.00333	0.00146	0.00381	0.00305	0.03638	0.00573
45	0.03272	0.17141	0.19664	0.09926	0.07250	0.07896	0.01150	0.18342	0.07808	0.01764	0.00962	0.01081	0.00736	0.00491	0.00432	0.00139	0.00591	0.00374	0.00295	0.00684
46	0.01068	0.00577	0.00722	0.00634	0.00832	0.00509	0.00493	0.01253	0.01272	0.23929	0.34333	0.03242	0.24344	0.00918	0.00532	0.00151	0.00281	0.00781	0.03590	0.00540
47	0.00855	0.00773	0.07460	0.00820	0.02793	0.02413	0.02333	0.04746	0.02898	0.06319	0.12547	0.33062	0.15450	0.01082	0.00554	0.00169	0.00357	0.02735	0.02134	0.00500
48	0.01540	0.17952	0.09501	0.01187	0.05639	0.22564	0.00996	0.18344	0.04403	0.07526	0.00958	0.01039	0.00740	0.00518	0.00489	0.00135	0.05118	0.00363	0.00316	0.00673
49	0.01198	0.01006	0.01066	0.00956	0.01222	0.01156	0.00749	0.06532	0.69767	0.02028	0.01906	0.01861	0.01455	0.00662	0.00485	0.00161	0.00382	0.02900	0.03770	0.00738
50	0.01552	0.12225	0.03128	0.01524	0.21988	0.18646	0.02161	0.09872	0.01304	0.17084	0.01140	0.03155	0.00906	0.00537	0.00453	0.00138	0.00584	0.02573	0.00340	0.00691
51	0.00753	0.00559	0.00683	0.00683	0.00829	0.00523	0.00530	0.01013	0.07120	0.03764	0.21586	0.17920	0.20090	0.01115	0.00570	0.00170	0.00305	0.15727	0.00461	0.05599
52	0.01231	0.59534	0.19925	0.01000	0.03185	0.01680	0.01049	0.05222	0.01045	0.01313	0.00737	0.00849	0.00625	0.00427	0.00352	0.00116	0.00557	0.00290	0.00218	0.00647
53	0.00667	0.00486	0.00627	0.00596	0.00709	0.00446	0.00445	0.00882	0.01324	0.01857	0.73050	0.06090	0.09015	0.01007	0.00565	0.00152	0.00228	0.00888	0.00519	0.00446
54	0.01237	0.65472	0.02254	0.00882	0.01233	0.01696	0.03627	0.01390	0.00952	0.03495	0.00765	0.00971	0.00703	0.04215	0.02914	0.00150	0.06916	0.00313	0.00223	0.00594
55	0.00770	0.00705	0.02835	0.01077	0.12297	0.00640	0.06022	0.01009	0.03928	0.01426	0.07549	0.11205	0.31517	0.01104	0.02845	0.00188	0.00408	0.13580	0.00395	0.00499
56	0.01168	0.01185	0.03559	0.07139	0.55382	0.03144	0.14129	0.03160	0.01107	0.01540	0.00926	0.01250	0.00768	0.02825	0.00544	0.00155	0.00617	0.00452	0.00242	0.00707
57	0.00632	0.00478	0.00583	0.00576	0.00692	0.00429	0.00425	0.00810	0.01221	0.01648	0.48462	0.13889	0.26190	0.01110	0.00570	0.00159	0.00237	0.00969	0.00492	0.00429
58	0.00770	0.00550	0.00770	0.00880	0.00990	0.00550	0.00770	0.00990	0.01100	0.01430	0.02531	0.05391	0.02751	0.01320	0.00660	0.00220	0.00440	0.77004	0.00440	0.00440
59	0.00892	0.04923	0.02686	0.00844	0.02530	0.03064	0.03388	0.03099	0.08512	0.05135	0.08280	0.37407	0.02390	0.05942	0.00661	0.00190	0.00380	0.06418	0.02762	0.00498
60	0.00757	0.00572	0.00678	0.00627	0.00777	0.00550	0.00477	0.05513	0.06512	0.01851	0.52807	0.03497	0.20098	0.00974	0.00550	0.00152	0.00257	0.00841	0.02026	0.00482
61	0.01785	0.02278	0.01354	0.01231	0.01478	0.81284	0.00924	0.01909	0.01354	0.01170	0.00739	0.00862	0.00616	0.00493	0.00431	0.00123	0.00862	0.00308	0.00246	0.00554
62	0.00696	0.00530	0.00786	0.00779	0.00858	0.00625	0.00605	0.00860	0.00765	0.01106	0.01263	0.01885	0.01190	0.05853	0.76062	0.00739	0.04204	0.00514	0.00255	0.00426
63	0.00681	0.00457	0.00526	0.00540	0.00543	0.00454	0.00309	0.00691	0.00723	0.00964	0.01650	0.13314	0.01919	0.72769	0.02200	0.00429	0.00440	0.00780	0.00309	0.00302
64	0.69256	0.00946	0.00813	0.00695	0.01007	0.01062	0.00573	0.08034	0.01001	0.11661	0.00853	0.00910	0.00623	0.00472	0.00333	0.00148	0.00387	0.00300	0.00347	0.00578
65	0.01347	0.01154	0.01765	0.01337	0.01716	0.01185	0.27592	0.18315	0.20162	0.07590	0.01283	0.01365	0.00948	0.00524	0.00541	0.00150	0.03712	0.00493	0.00379	0.08443
66	0.00671	0.00491	0.00604	0.00586	0.00712	0.00442	0.00441	0.00858	0.01245	0.03229	0.50461	0.08750	0.25334	0.01077	0.00568	0.00158	0.00243	0.03192	0.00497	0.00441
67	0.04566	0.00821	0.01082	0.00843	0.01199	0.00736	0.00693	0.02289	0.05824	0.72121	0.01846	0.01614	0.01180	0.00590	0.00473	0.00148	0.00400	0.00477	0.02304	0.00794
68	0.00598	0.00427	0.00571	0.00679	0.00714	0.00401	0.00467	0.00693	0.00938	0.01250	0.04371	0.75718	0.03163	0.01473	0.00612	0.00195	0.00287	0.06603	0.00445	0.00393
69	0.01294	0.01023	0.01097	0.00961	0.01245	0.01157	0.00755	0.09135	0.64787	0.07661	0.01955	0.01798	0.03656	0.00654	0.00487	0.00159	0.00389	0.00540	0.00492	0.00755
70	0.01228	0.01131	0.01903	0.02825	0.75882	0.01132	0.01430	0.03451	0.01126	0.03939	0.00935	0.01195	0.00771	0.00435	0.00474	0.00142	0.00562	0.00428	0.00253	0.00760
71	0.01967	0.00882	0.04578	0.00856	0.01226	0.00727	0.00732	0.04950	0.01364	0.68558	0.02026	0.01796	0.06812	0.00629	0.00485	0.00149	0.00412	0.00511	0.00560	0.00779
72	0.00727	0.00489	0.00600	0.00587	0.00710	0.00442	0.00434	0.00903	0.01196	0.05729	0.40337	0.16654	0.21125	0.01066	0.00551	0.00157	0.00247	0.00929	0.06669	0.00448
73	0.00582	0.00418	0.00553	0.00661	0.00692	0.00389	0.00442	0.00666	0.00919	0.01222	0.02688	0.80988	0.05029	0.01490	0.00609	0.00193	0.00276	0.01350	0.00444	0.00389
74	0.01020	0.00862	0.01059	0.02349	0.01219	0.00665	0.02999	0.01240	0.01003	0.03383	0.00877	0.01021	0.00718	0.00363	0.00366	0.00077	0.00375	0.00299	0.00288	0.79815
75	0.04797	0.03119	0.01433	0.01310	0.12109	0.07598	0.04966	0.37596	0.01583	0.03125	0.01071	0.01291	0.00854	0.04769	0.07619	0.01288	0.02465	0.00436	0.01889	0.00680
76	0.00765	0.00546	0.00764	0.00874	0.00982	0.00546	0.00761	0.00981	0.01095	0.01425	0.02534	0.07519	0.02762	0.01325	0.00659	0.00219	0.00436	0.74928	0.00440	0.00439
77	0.00609	0.00485	0.00549	0.00553	0.00689	0.00425	0.00418	0.00763	0.01150	0.01466	0.25036	0.09638	0.49390	0.01173	0.00574	0.00164	0.00252	0.05781	0.00466	0.00418
78	0.01203	0.03823	0.18682	0.05255	0.41486	0.02970	0.07146	0.05318	0.01130	0.04766	0.00927	0.01150	0.00727	0.00459	0.00502	0.00147	0.02922	0.00415	0.00253	0.00719

[dist]
# distance from previous block
# <min> <max>
0	1

[block]
# block no. 4 follows, 53 sequences, length 43
# corresponding to MSA columns:
# 309-351
name=unknown_E
#
# <colnr> <probs for GDERKNQSTAVLIFYWHMCP>
#	G	D	E	R	K	N	Q	S	T	A	V	L	I	F	Y	W	H	M	C	P
0	0.06411	0.01267	0.01796	0.12345	0.34755	0.13888	0.14846	0.01494	0.01094	0.01486	0.00885	0.01158	0.00715	0.00453	0.00487	0.00145	0.02172	0.00422	0.03535	0.00645
1	0.03005	0.03641	0.10792	0.03698	0.04454	0.05611	0.05117	0.36140	0.03853	0.06280	0.03417	0.01392	0.02295	0.04051	0.02445	0.00172	0.00568	0.00454	0.01914	0.00699
2	0.86579	0.00924	0.00702	0.00629	0.00924	0.01072	0.00518	0.01405	0.00813	0.02144	0.00666	0.00776	0.00518	0.00444	0.00296	0.00148	0.00370	0.00259	0.00296	0.00518
3	0.01026	0.01020	0.01474	0.08175	0.01447	0.01400	0.02861	0.01157	0.00761	0.01164	0.00672	0.01093	0.00646	0.00870	0.03608	0.00219	0.71246	0.00425	0.00211	0.00524
4	0.00581	0.00485	0.00506	0.00501	0.00655	0.00410	0.00375	0.00716	0.01126	0.01379	0.15397	0.04455	0.69417	0.01178	0.00565	0.00160	0.00240	0.00988	0.00455	0.00410
5	0.00730	0.00490	0.00611	0.00582	0.00704	0.00450	0.00436	0.00934	0.01260	0.04399	0.55739	0.07786	0.12820	0.00974	0.00539	0.00150	0.00236	0.00850	0.09857	0.00453
6	0.11496	0.00650	0.00789	0.00689	0.00858	0.00655	0.03570	0.03754	0.00987	0.16706	0.02775	0.02115	0.01339	0.26955	0.07394	0.00291	0.00472	0.01824	0.16186	0.00494
7	0.00653	0.00541	0.00581	0.00561	0.00708	0.02255	0.00421	0.00849	0.03317	0.01556	0.34452	0.04032	0.46189	0.01087	0.00559	0.00156	0.00253	0.00923	0.00473	0.00435
8	0.04038	0.01328	0.01415	0.01087	0.01468	0.01471	0.00898	0.76604	0.02210	0.02990	0.01135	0.01138	0.00805	0.00570	0.00473	0.00144	0.00522	0.00426	0.00473	0.00805
9	0.01817	0.01339	0.01434	0.01100	0.01482	0.01482	0.00908	0.78627	0.02247	0.03012	0.01148	0.01148	0.00813	0.00574	0.00478	0.00143	0.00526	0.00430	0.00478	0.00813
10	0.00649	0.00487	0.00601	0.00573	0.00697	0.00439	0.00430	0.00849	0.01289	0.01764	0.61640	0.03821	0.22934	0.01034	0.00564	0.00153	0.00230	0.00900	0.00506	0.00439
11	0.01128	0.01289	0.02820	0.02015	0.02498	0.01209	0.78485	0.01531	0.01128	0.01531	0.00967	0.01289	0.00725	0.00403	0.00564	0.00161	0.00806	0.00564	0.00242	0.00645
12	0.86579	0.00924	0.00702	0.00629	0.00924	0.01072	0.00518	0.01405	0.00813	0.02144	0.00666	0.00776	0.00518	0.00444	0.00296	0.00148	0.00370	0.00259	0.00296	0.00518
13	0.00928	0.00851	0.01421	0.24731	0.32974	0.00900	0.03462	0.01167	0.01002	0.01365	0.01390	0.24878	0.01418	0.00750	0.00517	0.00163	0.00511	0.00700	0.00290	0.00583
14	0.00603	0.00479	0.00512	0.00511	0.00633	0.00420	0.00363	0.00714	0.01046	0.01301	0.13585	0.06390	0.54128	0.16153	0.00907	0.00216	0.00281	0.00943	0.00426	0.00388
15	0.09342	0.00898	0.01121	0.00867	0.01232	0.00846	0.00716	0.13219	0.01447	0.62677	0.01675	0.01485	0.01073	0.00576	0.00464	0.00147	0.00421	0.00454	0.00550	0.00788
16	0.00575	0.00464	0.00512	0.00544	0.00663	0.00401	0.00391	0.00689	0.01047	0.01295	0.07227	0.28431	0.53514	0.01288	0.00579	0.00171	0.00252	0.01110	0.00447	0.00401
17	0.00991	0.00850	0.00991	0.00708	0.01133	0.00637	0.00566	0.01203	0.00991	0.01557	0.00850	0.00991	0.00708	0.00354	0.00354	0.00071	0.00354	0.00283	0.00283	0.86124
18	0.00929	0.08860	0.09904	0.00977	0.01172	0.04120	0.06601	0.02720	0.00873	0.01195	0.01077	0.01723	0.01041	0.19481	0.24399	0.00401	0.13299	0.00490	0.00249	0.00489
19	0.00903	0.00850	0.01434	0.82054	0.03292	0.01062	0.01327	0.01221	0.00956	0.01221	0.00850	0.01274	0.00637	0.00478	0.00478	0.00159	0.00637	0.00425	0.00212	0.00531
20	0.01839	0.01304	0.01413	0.01083	0.01465	0.01431	0.00895	0.73575	0.02189	0.08146	0.01196	0.01179	0.00837	0.00575	0.00478	0.00144	0.00518	0.00434	0.00486	0.00813
21	0.02127	0.00841	0.01126	0.00863	0.01234	0.00743	0.00713	0.06322	0.01414	0.76494	0.01847	0.01602	0.01164	0.00591	0.00481	0.00148	0.00413	0.00478	0.00586	0.00813
22	0.00683	0.00512	0.00768	0.00768	0.00853	0.00597	0.00597	0.00853	0.00768	0.01110	0.01280	0.01878	0.01195	0.03585	0.81308	0.00768	0.01280	0.00512	0.00256	0.00427
23	0.10981	0.00967	0.01131	0.00884	0.01236	0.00969	0.00728	0.24447	0.03308	0.44295	0.01527	0.01407	0.01012	0.00570	0.00454	0.00145	0.00429	0.00442	0.04304	0.00764
24	0.04281	0.00847	0.01118	0.00859	0.01228	0.00758	0.00710	0.06771	0.01405	0.74011	0.01811	0.01577	0.01144	0.00587	0.00476	0.00148	0.00413	0.00472	0.00577	0.00806
25	0.01825	0.01326	0.01426	0.01093	0.01476	0.01463	0.00903	0.76708	0.02225	0.04962	0.01166	0.01160	0.00822	0.00574	0.00478	0.00144	0.00523	0.00432	0.00481	0.00813
26	0.01183	0.01136	0.01940	0.02934	0.80221	0.01136	0.01467	0.01467	0.01088	0.01562	0.00899	0.01183	0.00757	0.00426	0.00473	0.00142	0.00568	0.00426	0.00237	0.00757
27	0.01025	0.01015	0.01424	0.01227	0.01232	0.01414	0.01020	0.01133	0.00734	0.01148	0.00665	0.01094	0.00660	0.00995	0.06171	0.00241	0.77650	0.00424	0.00212	0.00517
28	0.02133	0.00832	0.01121	0.00859	0.01229	0.00730	0.00710	0.04990	0.01399	0.77848	0.01860	0.01610	0.01170	0.00591	0.00481	0.00148	0.00411	0.00479	0.00588	0.00813
29	0.00653	0.00467	0.00611	0.00698	0.00751	0.00449	0.00497	0.02926	0.00988	0.01314	0.05262	0.61649	0.04311	0.05016	0.00691	0.00206	0.00314	0.12350	0.00440	0.00406
30	0.02887	0.01315	0.04954	0.01968	0.02454	0.01203	0.74733	0.01528	0.01118	0.01543	0.00958	0.01271	0.00718	0.00405	0.00555	0.00161	0.00794	0.00552	0.00242	0.00644
31	0.02144	0.00813	0.01109	0.00850	0.01220	0.00702	0.00702	0.02329	0.01368	0.80552	0.01886	0.01627	0.01183	0.00592	0.00481	0.00148	0.00407	0.00481	0.00592	0.00813
32	0.00776	0.00462	0.00584	0.00577	0.00593	0.00464	0.00358	0.00730	0.00697	0.03160	0.01301	0.02506	0.01417	0.51448	0.07260	0.26016	0.00500	0.00594	0.00272	0.00289
33	0.09568	0.00741	0.00826	0.00725	0.00925	0.00787	0.00574	0.16913	0.01234	0.11250	0.01463	0.04267	0.01226	0.06504	0.07955	0.00220	0.02129	0.04517	0.27619	0.00558
34	0.01266	0.80371	0.05516	0.00839	0.01259	0.01861	0.00854	0.01434	0.00973	0.01139	0.00672	0.00776	0.00613	0.00411	0.00312	0.00104	0.00519	0.00259	0.00204	0.00617
35	0.01564	0.01121	0.01201	0.00960	0.01277	0.01234	0.00780	0.52175	0.12611	0.04467	0.02957	0.01399	0.01053	0.00590	0.00458	0.00141	0.00447	0.00458	0.14370	0.00738
36	0.00921	0.00521	0.00677	0.00703	0.00811	0.00489	0.00505	0.01092	0.04457	0.15731	0.02387	0.56574	0.02575	0.01222	0.00562	0.00179	0.00306	0.03143	0.06658	0.00487
37	0.00903	0.00850	0.01434	0.82054	0.03292	0.01062	0.01327	0.01221	0.00956	0.01221	0.00850	0.01274	0.00637	0.00478	0.00478	0.00159	0.00637	0.00425	0.00212	0.00531
38	0.02093	0.00847	0.01126	0.00862	0.01234	0.00749	0.00712	0.07005	0.01412	0.73633	0.01812	0.01580	0.01147	0.00584	0.00477	0.00146	0.00413	0.00472	0.00576	0.03120
39	0.00959	0.02472	0.80726	0.01362	0.02069	0.01110	0.01766	0.01514	0.01009	0.01514	0.00858	0.01009	0.00605	0.00454	0.00454	0.00151	0.00706	0.00353	0.00202	0.00706
40	0.00654	0.00481	0.00619	0.00656	0.00753	0.00447	0.00499	0.00825	0.01148	0.01542	0.32796	0.24617	0.15514	0.01217	0.00595	0.00177	0.00284	0.16274	0.00475	0.00425
41	0.01749	0.04277	0.01229	0.00992	0.04894	0.03546	0.00768	0.13417	0.03193	0.43009	0.01493	0.01502	0.01051	0.04729	0.02471	0.00174	0.05246	0.00457	0.01784	0.04020
42	0.04641	0.16454	0.12705	0.01307	0.07307	0.10394	0.12259	0.09279	0.04708	0.06107	0.00964	0.01100	0.00746	0.00489	0.00494	0.00139	0.04918	0.00390	0.02705	0.02893

[dist]
# distance from previous block
# <min> <max>
0	2

[block]
# block no. 5 follows, 53 sequences, length 90
# corresponding to MSA columns:
# 354-443
name=unknown_F
#
# <colnr> <probs for GDERKNQSTAVLIFYWHMCP>
#	G	D	E	R	K	N	Q	S	T	A	V	L	I	F	Y	W	H	M	C	P
0	0.00591	0.00482	0.00523	0.00519	0.00663	0.00414	0.00387	0.00735	0.01143	0.01432	0.22070	0.07671	0.59367	0.01169	0.00567	0.00160	0.00240	0.00990	0.00463	0.00414
1	0.01300	0.03207	0.01685	0.02098	0.43587	0.16588	0.02545	0.07195	0.01183	0.01530	0.02464	0.03005	0.00868	0.02425	0.00615	0.00153	0.08180	0.00437	0.00265	0.00670
2	0.00670	0.00489	0.00623	0.00597	0.00709	0.00451	0.00447	0.00873	0.01281	0.01781	0.65015	0.03726	0.11793	0.05427	0.00668	0.00171	0.00249	0.04091	0.00502	0.00437
3	0.01319	0.01062	0.01136	0.00987	0.01274	0.01206	0.00780	0.18716	0.57345	0.03931	0.01805	0.03842	0.01388	0.00668	0.00492	0.00160	0.00409	0.02243	0.00485	0.00753
4	0.00705	0.00495	0.00606	0.00589	0.00706	0.00465	0.00441	0.00943	0.03596	0.01775	0.51891	0.09086	0.11724	0.00978	0.00535	0.00151	0.00240	0.02435	0.12188	0.00450
5	0.00677	0.00494	0.00589	0.00564	0.00696	0.00440	0.00420	0.00851	0.01222	0.03921	0.45463	0.05537	0.31952	0.04289	0.00636	0.00168	0.00247	0.00910	0.00487	0.00436
6	0.01811	0.01504	0.01420	0.01123	0.01481	0.15530	0.00911	0.65122	0.02090	0.02688	0.01076	0.01097	0.00778	0.00559	0.00470	0.00140	0.00585	0.00409	0.00437	0.00767
7	0.00991	0.00850	0.00991	0.00708	0.01133	0.00637	0.00566	0.01203	0.00991	0.01557	0.00850	0.00991	0.00708	0.00354	0.00354	0.00071	0.00354	0.00283	0.00283	0.86124
8	0.86579	0.00924	0.00702	0.00629	0.00924	0.01072	0.00518	0.01405	0.00813	0.02144	0.00666	0.00776	0.00518	0.00444	0.00296	0.00148	0.00370	0.00259	0.00296	0.00518
9	0.00683	0.00512	0.00768	0.00768	0.00853	0.00597	0.00597	0.00853	0.00768	0.01110	0.01280	0.01878	0.01195	0.03585	0.81308	0.00768	0.01280	0.00512	0.00256	0.00427
10	0.00580	0.00485	0.00506	0.00500	0.00655	0.00410	0.00375	0.00716	0.01126	0.01378	0.15233	0.04457	0.69582	0.01178	0.00565	0.00160	0.00240	0.00989	0.00455	0.00410
11	0.01225	0.01228	0.01785	0.19091	0.43235	0.11411	0.06975	0.02877	0.01115	0.03082	0.00891	0.01174	0.00718	0.00460	0.00504	0.00146	0.02745	0.00422	0.00244	0.00672
12	0.01189	0.01027	0.01081	0.00973	0.01243	0.01189	0.00757	0.02540	0.79357	0.01999	0.01945	0.01783	0.01459	0.00648	0.00486	0.00162	0.00378	0.00540	0.00486	0.00757
13	0.01691	0.03134	0.03022	0.04697	0.04176	0.13489	0.14604	0.19393	0.01471	0.26121	0.01234	0.01270	0.00860	0.00527	0.00502	0.00146	0.02102	0.00445	0.00401	0.00718
14	0.00585	0.00425	0.00553	0.00649	0.00691	0.00392	0.00438	0.00678	0.00949	0.01258	0.06451	0.73128	0.09137	0.01451	0.00604	0.00190	0.00272	0.01309	0.00448	0.00392
15	0.01817	0.01339	0.01434	0.01100	0.01482	0.01482	0.00908	0.78627	0.02247	0.03012	0.01148	0.01148	0.00813	0.00574	0.00478	0.00143	0.00526	0.00430	0.00478	0.00813
16	0.00658	0.00542	0.02185	0.02221	0.02626	0.00489	0.03524	0.00808	0.01026	0.01368	0.13587	0.46430	0.12525	0.01300	0.01724	0.00190	0.00335	0.07599	0.00431	0.00430
17	0.01785	0.02278	0.01354	0.01231	0.01478	0.81284	0.00924	0.01909	0.01354	0.01170	0.00739	0.00862	0.00616	0.00493	0.00431	0.00123	0.00862	0.00308	0.00246	0.00554
18	0.02144	0.00813	0.01109	0.00850	0.01220	0.00702	0.00702	0.02329	0.01368	0.80552	0.01886	0.01627	0.01183	0.00592	0.00481	0.00148	0.00407	0.00481	0.00592	0.00813
19	0.00603	0.00435	0.00569	0.00648	0.00696	0.00407	0.00444	0.00707	0.00972	0.01302	0.12270	0.62447	0.07639	0.04427	0.02375	0.00209	0.00300	0.02709	0.00444	0.00395
20	0.01171	0.01007	0.01066	0.00963	0.01227	0.01162	0.00750	0.02478	0.76327	0.01987	0.03570	0.01886	0.01546	0.00667	0.00491	0.00163	0.00376	0.01932	0.00486	0.00744
21	0.63697	0.01079	0.07921	0.00751	0.01098	0.01064	0.00677	0.06966	0.00993	0.10766	0.00851	0.00917	0.00619	0.00470	0.00343	0.00148	0.00415	0.00304	0.00333	0.00588
22	0.01646	0.04283	0.01368	0.01068	0.01407	0.10650	0.00865	0.46381	0.21187	0.04265	0.01298	0.01269	0.00952	0.00577	0.00469	0.00144	0.00525	0.00438	0.00446	0.00762
23	0.86579	0.00924	0.00702	0.00629	0.00924	0.01072	0.00518	0.01405	0.00813	0.02144	0.00666	0.00776	0.00518	0.00444	0.00296	0.00148	0.00370	0.00259	0.00296	0.00518
24	0.01309	0.06165	0.20051	0.05263	0.07443	0.12445	0.18449	0.08170	0.06493	0.06701	0.01018	0.01167	0.00759	0.00483	0.00494	0.00147	0.02052	0.00425	0.00288	0.00678
25	0.01270	0.00998	0.01397	0.01425	0.18333	0.03660	0.09428	0.06479	0.16785	0.12967	0.09749	0.05096	0.02604	0.00616	0.00493	0.00147	0.00469	0.00555	0.02367	0.05164
26	0.00791	0.00672	0.00976	0.00914	0.00973	0.00857	0.00731	0.00942	0.00757	0.01122	0.01085	0.01629	0.01025	0.02763	0.57468	0.00601	0.25511	0.00484	0.00242	0.00455
27	0.80020	0.00949	0.00807	0.00742	0.03356	0.01087	0.02420	0.03186	0.00862	0.02132	0.00691	0.00809	0.00537	0.00445	0.00312	0.00148	0.00390	0.00275	0.00297	0.00535
28	0.00836	0.00853	0.07227	0.01296	0.18499	0.00715	0.07638	0.01098	0.01194	0.01658	0.35176	0.05366	0.12069	0.00822	0.00541	0.00155	0.00400	0.03514	0.00397	0.00547
29	0.00809	0.00609	0.00792	0.00880	0.01000	0.02043	0.00753	0.01103	0.06755	0.01465	0.03599	0.08500	0.02663	0.01260	0.00640	0.00212	0.00433	0.65582	0.00441	0.00463
30	0.01278	0.83490	0.02505	0.00818	0.01227	0.01891	0.00818	0.01431	0.00971	0.01125	0.00664	0.00767	0.00613	0.00409	0.00307	0.00102	0.00511	0.00256	0.00204	0.00613
31	0.01350	0.06984	0.16232	0.01746	0.29979	0.01106	0.03539	0.06923	0.05285	0.15705	0.01122	0.01223	0.00832	0.00476	0.00457	0.00140	0.00543	0.00413	0.00323	0.05623
32	0.01475	0.02725	0.01208	0.01004	0.01310	0.07505	0.00797	0.18666	0.46867	0.10640	0.01650	0.01539	0.01209	0.00610	0.00476	0.00152	0.00453	0.00487	0.00472	0.00756
33	0.01163	0.01003	0.01058	0.00956	0.01219	0.01156	0.00742	0.02463	0.76130	0.01969	0.02023	0.03377	0.03244	0.00677	0.00490	0.00163	0.00373	0.00566	0.00485	0.00742
