[name]
unknown

[dist]
# distance from previous block
# <min> <max>
4	285

[block]
# block no. 0 follows, 58 sequences, length 18
# corresponding to MSA columns:
# 1457-1474
name=unknown_A
#
# <colnr> <probs for GDERKNQSTAVLIFYWHMCP>
#	G	D	E	R	K	N	Q	S	T	A	V	L	I	F	Y	W	H	M	C	P
0	0.00866	0.05002	0.00752	0.00623	0.00789	0.00525	0.00476	0.01022	0.01089	0.13733	0.29811	0.23793	0.10451	0.00928	0.00497	0.00143	0.00276	0.00810	0.00438	0.07975
1	0.00791	0.00642	0.00801	0.00933	0.14039	0.00621	0.00588	0.01105	0.13194	0.04888	0.05125	0.06331	0.41579	0.05349	0.00596	0.00165	0.00318	0.02048	0.00390	0.00495
2	0.13851	0.00471	0.00543	0.00605	0.00670	0.00473	0.00416	0.00744	0.00836	0.01269	0.04583	0.58562	0.02470	0.10159	0.00709	0.00201	0.00293	0.02390	0.00381	0.00375
3	0.01497	0.00648	0.00875	0.00709	0.00966	0.00570	0.00570	0.01684	0.01275	0.52111	0.31261	0.02197	0.02263	0.00688	0.00479	0.00139	0.00318	0.00583	0.00531	0.00635
4	0.01140	0.00974	0.01027	0.00916	0.01174	0.01125	0.00715	0.05952	0.77062	0.01915	0.01786	0.01642	0.01338	0.00604	0.00455	0.00151	0.00360	0.00501	0.00455	0.00710
5	0.59945	0.00818	0.00707	0.00637	0.00884	0.00933	0.00512	0.01418	0.14002	0.01952	0.13151	0.01282	0.01201	0.00523	0.00345	0.00141	0.00327	0.00372	0.00339	0.00512
6	0.56505	0.00873	0.00781	0.00670	0.00934	0.00982	0.00545	0.16504	0.01105	0.02129	0.13991	0.01225	0.01153	0.00521	0.00351	0.00138	0.00352	0.00367	0.00345	0.00528
7	0.00813	0.00603	0.00803	0.00746	0.00876	0.00675	0.00586	0.13851	0.01031	0.01447	0.13420	0.01887	0.01534	0.02518	0.56453	0.00534	0.00931	0.00517	0.00313	0.00462
8	0.01182	0.71781	0.02263	0.01068	0.13435	0.01662	0.00858	0.01345	0.00926	0.01115	0.00655	0.00777	0.00595	0.00385	0.00311	0.00101	0.00486	0.00264	0.00196	0.00595
9	0.01078	0.01130	0.01272	0.01083	0.01184	0.14596	0.00883	0.01195	0.00819	0.01137	0.00649	0.00958	0.00608	0.00713	0.02769	0.00173	0.55459	0.00357	0.00213	0.13724
10	0.01075	0.00871	0.00914	0.00824	0.01054	0.00992	0.00640	0.04776	0.63238	0.01857	0.01791	0.01702	0.02936	0.00601	0.00433	0.00143	0.00332	0.00497	0.14670	0.00655
11	0.00610	0.00760	0.13908	0.00611	0.00836	0.00496	0.00573	0.00810	0.01057	0.01361	0.19382	0.03557	0.52470	0.00972	0.00511	0.00147	0.00295	0.00816	0.00394	0.00433
12	0.00896	0.00816	0.01345	0.12037	0.46099	0.00832	0.01052	0.01106	0.00952	0.01320	0.01352	0.27444	0.01409	0.00723	0.00484	0.00150	0.00453	0.00676	0.00280	0.00573
13	0.00605	0.00475	0.00663	0.14203	0.01053	0.00484	0.00550	0.00739	0.00911	0.01199	0.08900	0.48764	0.12940	0.01273	0.04913	0.00198	0.00357	0.01004	0.00377	0.00394
14	0.00897	0.00528	0.00683	0.00635	0.00690	0.00549	0.00440	0.12739	0.00826	0.01104	0.00927	0.01574	0.00914	0.15024	0.01636	0.59447	0.00412	0.00434	0.00246	0.00294
15	0.01150	0.01281	0.02108	0.03485	0.01966	0.14516	0.50468	0.02705	0.01054	0.02787	0.00870	0.01151	0.00684	0.00596	0.04968	0.00179	0.08760	0.00466	0.00234	0.00570
16	0.01289	0.00781	0.00941	0.00761	0.01066	0.00720	0.00603	0.01734	0.20853	0.28035	0.04196	0.08102	0.01288	0.00579	0.00427	0.00123	0.00343	0.00485	0.00427	0.27246
17	0.01186	0.01114	0.03119	0.01108	0.03786	0.07035	0.00886	0.18027	0.17547	0.01627	0.01008	0.01187	0.00824	0.00833	0.06626	0.00202	0.32564	0.00415	0.00309	0.00598

[dist]
# distance from previous block
# <min> <max>
0	2

[block]
# block no. 1 follows, 58 sequences, length 8
# corresponding to MSA columns:
# 1477-1484
name=unknown_B
#
# <colnr> <probs for GDERKNQSTAVLIFYWHMCP>
#	G	D	E	R	K	N	Q	S	T	A	V	L	I	F	Y	W	H	M	C	P
0	0.52280	0.00904	0.00851	0.00773	0.04167	0.00996	0.00594	0.07054	0.13423	0.06216	0.00927	0.00974	0.00700	0.00453	0.00337	0.00134	0.00365	0.00314	0.00328	0.08211
1	0.00881	0.04119	0.00908	0.00789	0.00938	0.12623	0.04631	0.01142	0.09408	0.02711	0.21353	0.23845	0.08825	0.02697	0.00567	0.00156	0.02780	0.00776	0.00386	0.00467
2	0.00952	0.00574	0.00590	0.00547	0.00696	0.00609	0.00421	0.08035	0.13526	0.01799	0.01483	0.01617	0.01148	0.00536	0.00347	0.00114	0.00256	0.00430	0.65831	0.00492
3	0.00966	0.00914	0.03734	0.03595	0.04511	0.03848	0.14485	0.13505	0.08241	0.01625	0.11330	0.09152	0.16752	0.00825	0.03079	0.00166	0.01710	0.00655	0.00363	0.00544
4	0.01123	0.01074	0.01497	0.36238	0.15929	0.08316	0.05825	0.13598	0.01127	0.01467	0.00823	0.01105	0.00644	0.00483	0.00549	0.00146	0.08833	0.00396	0.00246	0.00582
5	0.01293	0.00977	0.01015	0.00877	0.01146	0.05198	0.00691	0.10540	0.48633	0.14391	0.01913	0.01770	0.08286	0.00630	0.00457	0.00146	0.00385	0.00513	0.00455	0.00683
6	0.00915	0.00597	0.00732	0.00725	0.00874	0.00597	0.00569	0.03662	0.13516	0.11717	0.04464	0.21445	0.10422	0.04500	0.00605	0.00181	0.00338	0.21094	0.02551	0.00494
7	0.14563	0.01135	0.04995	0.09290	0.05449	0.01091	0.49368	0.01437	0.05486	0.01521	0.00896	0.01142	0.00676	0.00405	0.00470	0.00148	0.00640	0.00457	0.00243	0.00587

[dist]
# distance from previous block
# <min> <max>
4	12

[block]
# block no. 2 follows, 58 sequences, length 7
# corresponding to MSA columns:
# 1502-1508
name=unknown_C
#
# <colnr> <probs for GDERKNQSTAVLIFYWHMCP>
#	G	D	E	R	K	N	Q	S	T	A	V	L	I	F	Y	W	H	M	C	P
0	0.01056	0.01207	0.02640	0.01885	0.02338	0.01131	0.79864	0.01433	0.01056	0.01433	0.00905	0.01207	0.00679	0.00377	0.00528	0.00151	0.00754	0.00528	0.00226	0.00603
1	0.00633	0.00457	0.00598	0.00563	0.00668	0.00422	0.00422	0.00844	0.01266	0.01794	0.81253	0.03341	0.04221	0.00914	0.00528	0.00141	0.00211	0.00809	0.00492	0.00422
2	0.01671	0.02132	0.01268	0.01152	0.01383	0.82483	0.00864	0.01786	0.01268	0.01095	0.00691	0.00807	0.00576	0.00461	0.00403	0.00115	0.00807	0.00288	0.00230	0.00519
3	0.07928	0.07405	0.01118	0.00792	0.01127	0.00803	0.00667	0.06187	0.01248	0.62202	0.01581	0.01524	0.01063	0.00558	0.00432	0.00138	0.00393	0.03629	0.00494	0.00712
4	0.00545	0.00389	0.00519	0.00623	0.00649	0.00363	0.00415	0.00623	0.00856	0.01142	0.02465	0.83987	0.02959	0.01401	0.00571	0.00182	0.00260	0.01272	0.00415	0.00363
5	0.01211	0.35180	0.30961	0.00947	0.01411	0.01235	0.01052	0.01500	0.01007	0.16169	0.04700	0.01073	0.00842	0.00455	0.00379	0.00122	0.00514	0.00338	0.00272	0.00633
6	0.00583	0.00505	0.00596	0.12900	0.00981	0.00473	0.00481	0.00730	0.01016	0.01235	0.08729	0.03777	0.64392	0.01016	0.00516	0.00150	0.00281	0.00854	0.00388	0.00398

[dist]
# distance from previous block
# <min> <max>
1	4

[block]
# block no. 3 follows, 58 sequences, length 18
# corresponding to MSA columns:
# 1513-1516,1518-1531
name=unknown_D
#
# <colnr> <probs for GDERKNQSTAVLIFYWHMCP>
#	G	D	E	R	K	N	Q	S	T	A	V	L	I	F	Y	W	H	M	C	P
0	0.01083	0.01103	0.01702	0.04371	0.07900	0.07628	0.27849	0.05719	0.11284	0.01423	0.00991	0.01263	0.00807	0.02098	0.08882	0.00214	0.14381	0.00459	0.00264	0.00579
1	0.02546	0.00566	0.00796	0.19974	0.01292	0.00621	0.00670	0.00923	0.04255	0.01267	0.10991	0.19994	0.07877	0.05573	0.10138	0.00243	0.01530	0.09977	0.00341	0.00426
2	0.00556	0.00421	0.00513	0.00560	0.00639	0.00378	0.00394	0.00669	0.00980	0.01281	0.17411	0.45131	0.26983	0.01231	0.00550	0.00165	0.00241	0.01088	0.00429	0.00378
3	0.01887	0.00773	0.01026	0.00799	0.01129	0.00693	0.00655	0.04459	0.05636	0.71445	0.05354	0.01600	0.01252	0.00572	0.00454	0.00139	0.00375	0.00468	0.00542	0.00743
4	0.01917	0.00838	0.01078	0.00834	0.01176	0.00781	0.00686	0.12674	0.05723	0.66799	0.01675	0.01470	0.01075	0.00554	0.00450	0.00139	0.00394	0.00447	0.00534	0.00758
5	0.12558	0.00712	0.00865	0.00697	0.00984	0.00667	0.00568	0.01849	0.03572	0.53262	0.01561	0.01455	0.01044	0.00531	0.00401	0.00132	0.00341	0.00419	0.17725	0.00656
6	0.75090	0.00921	0.00756	0.00652	0.00940	0.01059	0.00537	0.12648	0.00955	0.02124	0.00688	0.00777	0.00524	0.00433	0.00301	0.00138	0.00367	0.00265	0.00301	0.00524
7	0.00671	0.00521	0.00761	0.00743	0.00810	0.00623	0.00576	0.00813	0.00711	0.01029	0.01158	0.01773	0.01108	0.09103	0.69238	0.00650	0.08591	0.00484	0.00238	0.00398
8	0.01059	0.01197	0.02586	0.01942	0.07518	0.01127	0.74728	0.01429	0.01053	0.01435	0.00901	0.01200	0.00681	0.00378	0.00522	0.00150	0.00740	0.00519	0.00226	0.00610
9	0.01043	0.01079	0.04964	0.03604	0.01231	0.07238	0.00939	0.04934	0.00839	0.01236	0.00718	0.01041	0.00647	0.00696	0.01151	0.00174	0.59101	0.00384	0.08475	0.00506
10	0.00529	0.00453	0.00453	0.00453	0.00604	0.00378	0.00340	0.00642	0.01020	0.01208	0.04532	0.04305	0.81307	0.01133	0.00529	0.00151	0.00227	0.00944	0.00415	0.00378
11	0.00802	0.00723	0.01186	0.62190	0.04667	0.00878	0.01062	0.01052	0.00859	0.01120	0.00962	0.05175	0.00840	0.06990	0.09475	0.00233	0.00632	0.00465	0.00219	0.00469
12	0.00667	0.00487	0.00651	0.00740	0.00832	0.00477	0.00608	0.00855	0.02703	0.01288	0.02586	0.24721	0.10093	0.01254	0.00594	0.00193	0.00355	0.50079	0.00414	0.00403
13	0.00668	0.00524	0.00812	0.00774	0.00864	0.00605	0.03881	0.00829	0.00729	0.01050	0.01174	0.01751	0.01101	0.06039	0.73621	0.00668	0.03779	0.00485	0.00239	0.00406
14	0.01195	0.78618	0.05966	0.00799	0.01190	0.03853	0.00809	0.01355	0.00920	0.01070	0.00632	0.00730	0.00574	0.00387	0.00296	0.00098	0.00495	0.00245	0.00192	0.00577
15	0.00560	0.00408	0.00531	0.00623	0.00670	0.00379	0.00436	0.00654	0.00890	0.01168	0.02680	0.67936	0.11398	0.01357	0.00571	0.00181	0.00270	0.08504	0.00415	0.00369
16	0.04335	0.01267	0.09700	0.00965	0.02506	0.18894	0.00819	0.07937	0.07704	0.17133	0.06679	0.02613	0.04059	0.00594	0.00506	0.00137	0.05929	0.02548	0.00358	0.05318
17	0.07215	0.01123	0.01204	0.00950	0.01275	0.01238	0.00776	0.57112	0.10555	0.07911	0.01185	0.01210	0.00863	0.02675	0.02508	0.00159	0.00476	0.00415	0.00435	0.00716

[dist]
# distance from previous block
# <min> <max>
1	3

[block]
# block no. 4 follows, 58 sequences, length 7
# corresponding to MSA columns:
# 1535-1541
name=unknown_E
#
# <colnr> <probs for GDERKNQSTAVLIFYWHMCP>
#	G	D	E	R	K	N	Q	S	T	A	V	L	I	F	Y	W	H	M	C	P
0	0.01384	0.16433	0.01331	0.00961	0.01211	0.37936	0.00771	0.05066	0.09207	0.05993	0.03421	0.01291	0.00946	0.00772	0.07546	0.00175	0.00661	0.04048	0.00292	0.00554
1	0.00995	0.00809	0.00952	0.00712	0.01062	0.00685	0.00572	0.03810	0.04747	0.05273	0.01084	0.01177	0.04982	0.00431	0.00425	0.00088	0.05327	0.00333	0.00297	0.66236
2	0.00757	0.05576	0.00728	0.00607	0.00746	0.03273	0.00470	0.00935	0.01171	0.05812	0.49953	0.09481	0.13886	0.00928	0.00512	0.00144	0.00270	0.03858	0.00449	0.00441
3	0.00607	0.00469	0.00543	0.00560	0.00664	0.00435	0.00412	0.00776	0.04393	0.01292	0.15799	0.16945	0.35006	0.11240	0.00754	0.00194	0.00279	0.08834	0.00412	0.00387
4	0.01520	0.01873	0.01208	0.01095	0.01309	0.66301	0.00830	0.01728	0.07732	0.01164	0.00989	0.01080	0.05081	0.00530	0.00480	0.00125	0.05825	0.00348	0.00257	0.00525
5	0.00638	0.00454	0.00608	0.00615	0.00657	0.00494	0.00428	0.00725	0.00698	0.00972	0.01366	0.07281	0.01447	0.37712	0.43319	0.00565	0.00815	0.00601	0.00264	0.00343
6	0.00955	0.18181	0.66599	0.01177	0.01784	0.01180	0.01482	0.01402	0.00938	0.01346	0.00768	0.00901	0.00568	0.00417	0.00398	0.00133	0.00626	0.00313	0.00189	0.00644

[dist]
# distance from previous block
# <min> <max>
0	3

[block]
# block no. 5 follows, 58 sequences, length 34
# corresponding to MSA columns:
# 1545-1578
name=unknown_F
#
# <colnr> <probs for GDERKNQSTAVLIFYWHMCP>
#	G	D	E	R	K	N	Q	S	T	A	V	L	I	F	Y	W	H	M	C	P
0	0.70462	0.02697	0.00781	0.00654	0.00936	0.02758	0.00540	0.09603	0.00932	0.03365	0.00731	0.00855	0.00569	0.00444	0.00306	0.00137	0.00373	0.01318	0.02024	0.00518
1	0.02870	0.00511	0.00607	0.00575	0.00712	0.00481	0.00436	0.00953	0.06556	0.04661	0.47131	0.06357	0.23232	0.00946	0.00517	0.00147	0.00240	0.02164	0.00463	0.00442
2	0.01388	0.01131	0.01335	0.01055	0.01376	0.05114	0.10274	0.39508	0.17167	0.04373	0.02955	0.02601	0.04105	0.00578	0.00463	0.00139	0.00483	0.02028	0.00407	0.03519
3	0.01107	0.01063	0.01816	0.02746	0.81489	0.01063	0.01373	0.01373	0.01019	0.01461	0.00841	0.01107	0.00709	0.00399	0.00443	0.00133	0.00531	0.00399	0.00221	0.00709
4	0.01671	0.02132	0.01268	0.01152	0.01383	0.82483	0.00864	0.01786	0.01268	0.01095	0.00691	0.00807	0.00576	0.00461	0.00403	0.00115	0.00807	0.00288	0.00230	0.00519
5	0.00606	0.00456	0.00561	0.00535	0.00652	0.00411	0.00401	0.00793	0.01203	0.01644	0.61676	0.03587	0.23891	0.00970	0.00528	0.00143	0.00215	0.00843	0.00473	0.00411
6	0.01254	0.01004	0.01072	0.00924	0.01199	0.01140	0.00730	0.17995	0.60705	0.04843	0.03037	0.01573	0.01284	0.00596	0.00455	0.00148	0.00380	0.00488	0.00458	0.00716
7	0.25922	0.03987	0.01105	0.29931	0.01760	0.01038	0.00835	0.14689	0.02667	0.08404	0.00920	0.01082	0.00676	0.00467	0.00386	0.00138	0.00461	0.00355	0.04613	0.00563
8	0.00603	0.00436	0.00566	0.00575	0.00656	0.00403	0.00413	0.00765	0.01118	0.01553	0.52704	0.27804	0.06452	0.03164	0.00585	0.00161	0.00232	0.00950	0.00461	0.00399
9	0.87439	0.00865	0.00657	0.00588	0.00865	0.01003	0.00484	0.01315	0.00761	0.02007	0.00623	0.00727	0.00484	0.00415	0.00277	0.00138	0.00346	0.00242	0.00277	0.00484
10	0.00651	0.00434	0.00488	0.00488	0.00488	0.00434	0.00271	0.00651	0.00651	0.00867	0.01409	0.02927	0.01626	0.84279	0.02277	0.00434	0.00434	0.00651	0.00271	0.00271
11	0.01058	0.01322	0.09503	0.01770	0.02209	0.03809	0.66170	0.01424	0.01033	0.01401	0.00872	0.01158	0.00661	0.00406	0.00565	0.00151	0.05171	0.00495	0.00221	0.00600
12	0.02225	0.01948	0.62571	0.01355	0.10248	0.00975	0.02665	0.01338	0.00963	0.01429	0.03974	0.03892	0.03479	0.00495	0.00438	0.00142	0.00600	0.00409	0.00221	0.00634
13	0.01206	0.43840	0.22714	0.01001	0.01419	0.17606	0.02353	0.01445	0.00987	0.01162	0.00687	0.00807	0.00575	0.00417	0.00373	0.00114	0.02230	0.00280	0.00199	0.00584
14	0.79530	0.03770	0.00722	0.00601	0.00876	0.01020	0.00497	0.01344	0.03396	0.01961	0.00682	0.00780	0.00532	0.00423	0.00284	0.00137	0.00348	0.00255	0.02349	0.00493
15	0.01130	0.01146	0.01659	0.13387	0.50218	0.11254	0.05752	0.02759	0.02742	0.01391	0.00901	0.03983	0.00768	0.00454	0.00448	0.00136	0.00574	0.00425	0.00235	0.00639
16	0.00771	0.00391	0.00578	0.00578	0.00578	0.00391	0.00383	0.00586	0.00586	0.00782	0.00809	0.01438	0.00820	0.05700	0.01775	0.82647	0.00391	0.00402	0.00198	0.00198
17	0.00715	0.00511	0.00714	0.00817	0.00917	0.00510	0.00710	0.00916	0.01024	0.01332	0.02372	0.07789	0.02588	0.01241	0.00616	0.00205	0.00407	0.75795	0.00412	0.00410
18	0.00643	0.00465	0.00644	0.00644	0.00698	0.00519	0.00466	0.00751	0.00697	0.00983	0.01266	0.02135	0.01282	0.29477	0.56609	0.00627	0.00951	0.00535	0.00250	0.00358
19	0.01194	0.01001	0.01057	0.00927	0.01194	0.01150	0.00728	0.13073	0.69853	0.02002	0.01718	0.01587	0.01282	0.00597	0.00454	0.00149	0.00373	0.00492	0.00454	0.00715
20	0.75091	0.00842	0.00697	0.00609	0.00890	0.00948	0.00501	0.01412	0.00828	0.11596	0.00780	0.00845	0.00575	0.00434	0.00298	0.00138	0.00347	0.00271	0.02380	0.00516
21	0.79887	0.00899	0.00718	0.00627	0.00911	0.01037	0.00517	0.08245	0.00879	0.02079	0.00663	0.00757	0.00509	0.00426	0.00292	0.00138	0.00359	0.00256	0.00292	0.00509
22	0.00897	0.02314	0.81962	0.01275	0.01936	0.01039	0.01653	0.01417	0.00944	0.01417	0.00803	0.00944	0.00567	0.00425	0.00425	0.00142	0.00661	0.00331	0.00189	0.00661
23	0.01196	0.84548	0.02344	0.00765	0.01148	0.01770	0.00765	0.01339	0.00909	0.01052	0.00622	0.00718	0.00574	0.00383	0.00287	0.00096	0.00478	0.00239	0.00191	0.00574
24	0.10530	0.00588	0.00638	0.00585	0.00709	0.00654	0.00456	0.05238	0.00940	0.04293	0.01257	0.03925	0.01036	0.02378	0.00559	0.03155	0.10270	0.00424	0.51914	0.00450
25	0.01251	0.01017	0.01284	0.24884	0.07136	0.01169	0.00959	0.32312	0.15878	0.01969	0.01108	0.01235	0.00826	0.00523	0.00481	0.00143	0.03534	0.00420	0.03220	0.00650
26	0.01531	0.00669	0.00894	0.00724	0.00989	0.00596	0.00583	0.01753	0.03913	0.53153	0.27589	0.02118	0.02127	0.00673	0.00475	0.00140	0.00325	0.00568	0.00530	0.00649
27	0.00845	0.00795	0.01342	0.83204	0.03081	0.00994	0.01242	0.01143	0.00894	0.01143	0.00795	0.01193	0.00596	0.00447	0.00447	0.00149	0.00596	0.00398	0.00199	0.00497
28	0.00537	0.00451	0.00466	0.00468	0.00611	0.00380	0.00349	0.00656	0.01032	0.01249	0.10132	0.07195	0.72691	0.01127	0.00530	0.00151	0.00227	0.00946	0.00421	0.00380
29	0.00777	0.00389	0.00583	0.00583	0.00583	0.00389	0.00389	0.00583	0.00583	0.00777	0.00777	0.01360	0.00777	0.01554	0.01748	0.86985	0.00389	0.00389	0.00194	0.00194
30	0.01196	0.84548	0.02344	0.00765	0.01148	0.01770	0.00765	0.01339	0.00909	0.01052	0.00622	0.00718	0.00574	0.00383	0.00287	0.00096	0.00478	0.00239	0.00191	0.00574
31	0.00621	0.00460	0.00602	0.00660	0.00747	0.00424	0.00491	0.00745	0.00919	0.01235	0.04970	0.50634	0.07009	0.01287	0.02517	0.00186	0.00318	0.17715	0.00400	0.08060
32	0.00913	0.00870	0.01264	0.62088	0.05541	0.06159	0.01113	0.03993	0.02327	0.01237	0.02464	0.06781	0.02332	0.00537	0.00456	0.00148	0.00563	0.00468	0.00239	0.00507
33	0.01619	0.01084	0.03824	0.00927	0.01259	0.01105	0.00780	0.50357	0.03007	0.19485	0.02972	0.01378	0.00988	0.02663	0.00492	0.00143	0.00448	0.01972	0.04784	0.00713

[dist]
# distance from previous block
# <min> <max>
0	3

[block]
# block no. 6 follows, 58 sequences, length 9
# corresponding to MSA columns:
# 1582-1590
name=unknown_G
#
# <colnr> <probs for GDERKNQSTAVLIFYWHMCP>
#	G	D	E	R	K	N	Q	S	T	A	V	L	I	F	Y	W	H	M	C	P
0	0.02956	0.00838	0.00943	0.08022	0.01178	0.08152	0.04501	0.01291	0.17145	0.01341	0.01414	0.17481	0.01381	0.13542	0.00727	0.00180	0.00425	0.00594	0.00323	0.17563
1	0.01209	0.01274	0.01681	0.06171	0.04433	0.20815	0.28256	0.03883	0.04518	0.05340	0.04216	0.01411	0.04830	0.00534	0.00568	0.00145	0.08190	0.01682	0.00278	0.00566
2	0.01067	0.00713	0.00603	0.00564	0.00709	0.13176	0.00429	0.01258	0.01019	0.08608	0.01367	0.01521	0.01055	0.00515	0.00339	0.00109	0.00316	0.00400	0.65770	0.00463
3	0.01180	0.01036	0.01748	0.01465	0.12636	0.00964	0.30524	0.09549	0.03513	0.08649	0.00987	0.01147	0.00745	0.00407	0.00447	0.00123	0.00539	0.00420	0.00294	0.23625
4	0.04637	0.00895	0.01439	0.46268	0.22834	0.01070	0.01202	0.01199	0.00888	0.01251	0.00767	0.01118	0.00619	0.00485	0.00597	0.00152	0.13430	0.00390	0.00207	0.00550
5	0.00742	0.00585	0.00694	0.00646	0.00781	0.00599	0.00512	0.03957	0.01043	0.05280	0.10490	0.05185	0.47069	0.01020	0.00675	0.00160	0.13177	0.06553	0.00396	0.00435
6	0.00649	0.00441	0.00524	0.00524	0.00536	0.00453	0.00316	0.00674	0.00661	0.00894	0.01377	0.02746	0.01547	0.71719	0.14729	0.00478	0.00552	0.00624	0.00266	0.00291
7	0.01056	0.24830	0.22249	0.01420	0.01905	0.01287	0.38288	0.01403	0.00987	0.01322	0.00800	0.01005	0.00622	0.00391	0.00435	0.00133	0.00654	0.00398	0.00207	0.00609
8	0.00789	0.00528	0.00628	0.00590	0.00722	0.00526	0.00450	0.01145	0.12283	0.03955	0.46603	0.02702	0.02951	0.00776	0.00466	0.00135	0.00241	0.02792	0.21249	0.00470

[dist]
# distance from previous block
# <min> <max>
0	7

[block]
# block no. 7 follows, 58 sequences, length 75
# corresponding to MSA columns:
# 1598-1635,1654-1690
name=unknown_H
#
# <colnr> <probs for GDERKNQSTAVLIFYWHMCP>
#	G	D	E	R	K	N	Q	S	T	A	V	L	I	F	Y	W	H	M	C	P
0	0.01186	0.01109	0.05230	0.01142	0.01463	0.04122	0.20489	0.26861	0.08172	0.01842	0.01263	0.13017	0.01121	0.04333	0.00557	0.00155	0.00519	0.00560	0.00348	0.06513
1	0.01861	0.00864	0.01085	0.00847	0.01185	0.00826	0.00695	0.15026	0.09875	0.60267	0.01657	0.01464	0.01078	0.00557	0.00450	0.00139	0.00396	0.00448	0.00526	0.00756
2	0.00928	0.00795	0.00928	0.00663	0.01060	0.00596	0.00530	0.01126	0.00928	0.01458	0.00795	0.00928	0.00663	0.00331	0.00331	0.00066	0.00331	0.00265	0.00265	0.87014
3	0.00616	0.00457	0.00574	0.00544	0.00658	0.00415	0.00408	0.00810	0.01225	0.01696	0.68451	0.03502	0.17083	0.00951	0.00528	0.00142	0.00214	0.00832	0.00480	0.00415
4	0.01521	0.01837	0.01196	0.01088	0.01317	0.63280	0.00822	0.01863	0.16833	0.01245	0.00933	0.01013	0.00753	0.00604	0.03653	0.00146	0.00733	0.00338	0.00275	0.00551
5	0.01328	0.00667	0.00765	0.00641	0.00861	0.00662	0.00512	0.13873	0.03566	0.25722	0.01500	0.01531	0.01080	0.00536	0.00379	0.00121	0.00309	0.00427	0.44937	0.00582
6	0.00874	0.00511	0.00671	0.00600	0.00750	0.00462	0.00461	0.01075	0.01259	0.16064	0.64046	0.03054	0.06685	0.00859	0.00514	0.00141	0.00242	0.00750	0.00500	0.00481
7	0.00884	0.00502	0.00616	0.00582	0.01976	0.00497	0.03925	0.02141	0.02242	0.04715	0.08533	0.01861	0.01421	0.00637	0.01868	0.01466	0.00277	0.02564	0.62845	0.00449
8	0.00545	0.00389	0.00519	0.00623	0.00649	0.00363	0.00415	0.00623	0.00856	0.01142	0.02465	0.83987	0.02959	0.01401	0.00571	0.00182	0.00260	0.01272	0.00415	0.00363
9	0.00962	0.00955	0.01337	0.01153	0.01154	0.01330	0.00956	0.01059	0.00692	0.01079	0.00661	0.04254	0.00681	0.00807	0.01433	0.00195	0.80177	0.00426	0.00204	0.00484
10	0.00928	0.00795	0.00928	0.00663	0.01060	0.00596	0.00530	0.01126	0.00928	0.01458	0.00795	0.00928	0.00663	0.00331	0.00331	0.00066	0.00331	0.00265	0.00265	0.87014
11	0.01618	0.11268	0.01387	0.01110	0.01357	0.73536	0.00853	0.01737	0.01228	0.01090	0.00684	0.00797	0.00576	0.00452	0.00390	0.00113	0.00770	0.00283	0.00226	0.00525
12	0.01056	0.01207	0.02640	0.01885	0.02338	0.01131	0.79864	0.01433	0.01056	0.01433	0.00905	0.01207	0.00679	0.00377	0.00528	0.00151	0.00754	0.00528	0.00226	0.00603
13	0.06481	0.00750	0.00872	0.00732	0.00965	0.00760	0.00583	0.17398	0.07875	0.19035	0.29464	0.02244	0.08202	0.00759	0.01738	0.00149	0.00341	0.00595	0.00470	0.00587
14	0.00924	0.03960	0.70416	0.01324	0.01951	0.01066	0.10080	0.01431	0.02172	0.01417	0.00825	0.00979	0.00591	0.00422	0.00434	0.00142	0.00663	0.00353	0.00197	0.00654
15	0.00557	0.00419	0.00517	0.00579	0.00650	0.00379	0.00408	0.00663	0.00949	0.01232	0.10696	0.50706	0.24769	0.01273	0.00557	0.00170	0.00252	0.04426	0.00423	0.00375
16	0.04824	0.00529	0.00635	0.00604	0.00750	0.00491	0.00459	0.01019	0.00999	0.16482	0.09875	0.10512	0.24111	0.15013	0.02204	0.00214	0.00336	0.10084	0.00415	0.00444
17	0.00630	0.00466	0.00595	0.00599	0.00709	0.00431	0.00468	0.00818	0.01160	0.01575	0.48953	0.07013	0.17075	0.01036	0.00548	0.00157	0.00256	0.16641	0.00460	0.00410
18	0.74749	0.00888	0.00738	0.00637	0.00925	0.01009	0.00525	0.07539	0.00903	0.07649	0.00738	0.00810	0.00550	0.00434	0.00302	0.00138	0.00360	0.00269	0.00310	0.00525
19	0.04811	0.56520	0.01938	0.00819	0.01167	0.01562	0.00762	0.10861	0.07307	0.05999	0.00834	0.00892	0.00686	0.00446	0.00375	0.00113	0.03734	0.00298	0.00267	0.00611
20	0.04367	0.01182	0.02478	0.01781	0.02216	0.01124	0.72386	0.04575	0.01084	0.01506	0.00926	0.02511	0.00711	0.00401	0.00516	0.00150	0.00720	0.00524	0.00240	0.00601
21	0.12282	0.01425	0.01229	0.01003	0.01315	0.22378	0.00805	0.47843	0.03872	0.02245	0.00939	0.00978	0.00695	0.00504	0.00415	0.00130	0.00552	0.00356	0.00370	0.00662
22	0.87439	0.00865	0.00657	0.00588	0.00865	0.01003	0.00484	0.01315	0.00761	0.02007	0.00623	0.00727	0.00484	0.00415	0.00277	0.00138	0.00346	0.00242	0.00277	0.00484
23	0.09562	0.00697	0.00754	0.05308	0.00955	0.02774	0.00542	0.12639	0.04779	0.01750	0.29648	0.05873	0.21357	0.00828	0.00482	0.00144	0.00315	0.00692	0.00418	0.00485
24	0.00548	0.00449	0.00482	0.00484	0.00618	0.00384	0.00359	0.00675	0.01050	0.01303	0.17389	0.09690	0.62789	0.01115	0.00531	0.00151	0.00226	0.00944	0.00428	0.00384
25	0.00845	0.00779	0.01101	0.00983	0.01011	0.01043	0.00799	0.00960	0.00695	0.01053	0.00839	0.01342	0.00821	0.05595	0.29817	0.00390	0.50831	0.00434	0.00215	0.00448
26	0.00587	0.00449	0.00609	0.08998	0.00910	0.00441	0.00511	0.00703	0.00899	0.01173	0.03545	0.58506	0.12959	0.01251	0.00556	0.00176	0.00300	0.06650	0.00394	0.00383
27	0.00777	0.00389	0.00583	0.00583	0.00583	0.00389	0.00389	0.00583	0.00583	0.00777	0.00777	0.01360	0.00777	0.01554	0.01748	0.86985	0.00389	0.00389	0.00194	0.00194
28	0.01192	0.82911	0.02325	0.00773	0.01149	0.01762	0.00770	0.01334	0.00905	0.01053	0.00621	0.00723	0.00574	0.00391	0.00310	0.00098	0.02104	0.00242	0.00191	0.00572
29	0.00570	0.00416	0.00539	0.00603	0.00661	0.00384	0.00423	0.00686	0.00968	0.01298	0.19700	0.55601	0.10513	0.01264	0.00560	0.00171	0.00253	0.04579	0.00432	0.00380
30	0.01011	0.00964	0.01641	0.32372	0.52618	0.01037	0.01325	0.01288	0.00973	0.01344	0.00824	0.01139	0.00667	0.00416	0.00444	0.00139	0.00555	0.00398	0.00213	0.00631
31	0.01377	0.01092	0.01160	0.00964	0.01264	0.01236	0.00772	0.37271	0.45356	0.02297	0.01485	0.01401	0.01094	0.00575	0.00452	0.00144	0.00416	0.00459	0.00452	0.00732
32	0.01181	0.69980	0.12486	0.00850	0.01261	0.05632	0.00884	0.01371	0.00931	0.01101	0.00648	0.00751	0.00573	0.00392	0.00310	0.00103	0.00518	0.00253	0.00193	0.00582
33	0.01092	0.01141	0.01422	0.04024	0.05008	0.15315	0.09556	0.01251	0.00914	0.02870	0.07908	0.01225	0.00947	0.00712	0.02620	0.00177	0.42631	0.00429	0.00241	0.00515
34	0.01484	0.01732	0.01260	0.01124	0.01302	0.56046	0.00869	0.01623	0.02712	0.04698	0.00753	0.00924	0.00634	0.00628	0.03067	0.00153	0.19898	0.00329	0.00242	0.00523
35	0.00929	0.13639	0.68019	0.01179	0.01782	0.01118	0.01486	0.01385	0.00951	0.01380	0.03658	0.00999	0.00699	0.00437	0.00410	0.00135	0.00620	0.00335	0.00200	0.00640
36	0.01034	0.01193	0.04812	0.05154	0.02264	0.01114	0.69174	0.01396	0.01028	0.01412	0.00899	0.01201	0.00680	0.00401	0.00553	0.00151	0.03995	0.00509	0.02438	0.00591
37	0.00557	0.00399	0.00520	0.00607	0.00645	0.00376	0.00410	0.00641	0.00857	0.01144	0.02494	0.70831	0.08034	0.03976	0.04263	0.00210	0.00303	0.01178	0.02187	0.00364
38	0.00541	0.00446	0.00476	0.00484	0.00616	0.00380	0.00357	0.00660	0.01026	0.01260	0.12132	0.13593	0.64197	0.01142	0.00534	0.00154	0.00229	0.00969	0.00423	0.00380
39	0.00928	0.00795	0.00928	0.00663	0.01060	0.00596	0.00530	0.01126	0.00928	0.01458	0.00795	0.00928	0.00663	0.00331	0.00331	0.00066	0.00331	0.00265	0.00265	0.87014
40	0.00929	0.11010	0.73542	0.01221	0.01853	0.01116	0.01559	0.01408	0.00941	0.01378	0.00784	0.00920	0.00567	0.00421	0.00410	0.00137	0.00642	0.00321	0.00189	0.00652
41	0.03974	0.00795	0.00887	0.00761	0.00995	0.07740	0.00607	0.05464	0.03456	0.32820	0.22032	0.05874	0.03588	0.00733	0.00478	0.00143	0.00371	0.06676	0.00468	0.02136
42	0.01077	0.35150	0.43835	0.01062	0.01578	0.07711	0.01237	0.01415	0.00956	0.01246	0.00722	0.00843	0.00570	0.00411	0.00368	0.00121	0.00600	0.00291	0.00193	0.00615
43	0.01735	0.00848	0.01017	0.00809	0.01114	0.04379	0.00656	0.10596	0.06172	0.54355	0.08711	0.01618	0.01340	0.00582	0.00449	0.00137	0.00388	0.00472	0.03918	0.00703
44	0.01528	0.01123	0.01233	0.00993	0.01306	0.01233	0.00827	0.66041	0.01914	0.02558	0.01302	0.01775	0.01081	0.00660	0.00478	0.00147	0.00478	0.14183	0.00441	0.00699
45	0.00541	0.00449	0.00474	0.00478	0.00615	0.00381	0.00355	0.00662	0.01033	0.01265	0.12530	0.10445	0.66971	0.01131	0.00532	0.00152	0.00228	0.00955	0.00424	0.00381
46	0.00993	0.01105	0.02071	0.01548	0.01896	0.07339	0.56514	0.01286	0.01037	0.01347	0.01317	0.15505	0.04652	0.00593	0.00526	0.00153	0.00650	0.00655	0.00267	0.00545
47	0.04345	0.58665	0.01936	0.00784	0.01132	0.01560	0.00737	0.15686	0.01122	0.01459	0.00771	0.00862	0.00651	0.00428	0.00332	0.00106	0.01434	0.00285	0.07115	0.00591
48	0.00573	0.00451	0.00517	0.00509	0.00633	0.00395	0.00378	0.00724	0.01112	0.01446	0.36074	0.08684	0.44793	0.01059	0.00531	0.00149	0.00222	0.00908	0.00447	0.00395
49	0.01760	0.15402	0.01288	0.00817	0.01162	0.00956	0.00695	0.10753	0.05940	0.52938	0.01487	0.01343	0.00991	0.00525	0.00419	0.00131	0.00406	0.00411	0.01856	0.00720
50	0.00558	0.00463	0.00490	0.00488	0.00632	0.00398	0.00370	0.00703	0.02107	0.01302	0.14909	0.04166	0.66813	0.01100	0.00531	0.00152	0.00233	0.03771	0.00426	0.00389
51	0.01432	0.45071	0.01859	0.00906	0.01261	0.11564	0.00807	0.29100	0.01374	0.01680	0.00790	0.00854	0.00640	0.00447	0.00358	0.00112	0.00524	0.00303	0.00286	0.00633
52	0.01152	0.00916	0.02786	0.00857	0.01250	0.00764	0.08767	0.11295	0.01128	0.10241	0.00958	0.01052	0.00731	0.00391	0.00381	0.00094	0.00405	0.00333	0.01876	0.54624
53	0.01287	0.33815	0.19525	0.00996	0.01398	0.16149	0.01900	0.12390	0.01156	0.03569	0.00809	0.02094	0.00659	0.00501	0.01857	0.00129	0.00591	0.00319	0.00248	0.00608
54	0.74737	0.00868	0.00713	0.00621	0.00902	0.00987	0.00511	0.05887	0.00875	0.06921	0.00743	0.00823	0.00558	0.00434	0.00298	0.00137	0.00353	0.00269	0.02847	0.00515
55	0.01201	0.01099	0.01460	0.03316	0.24403	0.08330	0.09137	0.06332	0.24277	0.05693	0.01249	0.02502	0.01003	0.00543	0.00508	0.00146	0.04289	0.03528	0.00329	0.00656
56	0.00683	0.00536	0.00799	0.00780	0.00859	0.00607	0.03414	0.00832	0.00779	0.01099	0.01443	0.11696	0.01483	0.07899	0.47455	0.00507	0.07561	0.09972	0.01194	0.00403
57	0.00676	0.00483	0.00668	0.00763	0.00848	0.00475	0.00634	0.00852	0.01004	0.01320	0.06894	0.23045	0.02756	0.01255	0.00602	0.00197	0.00366	0.56346	0.00417	0.00401
58	0.01987	0.00766	0.01038	0.00798	0.01142	0.00667	0.00659	0.02184	0.03023	0.80044	0.01766	0.01526	0.01113	0.00555	0.00450	0.00139	0.00380	0.00451	0.00551	0.00760
59	0.01968	0.00823	0.01076	0.00825	0.01173	0.00749	0.00682	0.11994	0.01384	0.71838	0.01678	0.01466	0.01064	0.00552	0.00450	0.00138	0.00395	0.00444	0.00540	0.00761
60	0.02417	0.00479	0.00603	0.00561	0.00687	0.00439	0.00425	0.00892	0.01228	0.05479	0.66881	0.03318	0.13081	0.00913	0.00519	0.00142	0.00224	0.00797	0.00482	0.00434
61	0.01663	0.02063	0.01267	0.01141	0.01379	0.76563	0.00861	0.06126	0.02711	0.01204	0.00732	0.00837	0.00600	0.00468	0.00407	0.00117	0.00781	0.00298	0.00246	0.00535
62	0.01673	0.02066	0.01273	0.01143	0.01383	0.76402	0.00863	0.07651	0.01330	0.01224	0.00720	0.00827	0.00590	0.00467	0.00407	0.00117	0.00783	0.00297	0.00247	0.00537
63	0.01101	0.01056	0.01804	0.04768	0.79518	0.01061	0.01370	0.01367	0.01015	0.01453	0.00840	0.01109	0.00706	0.00400	0.00443	0.00133	0.00533	0.00399	0.00221	0.00703
64	0.87439	0.00865	0.00657	0.00588	0.00865	0.01003	0.00484	0.01315	0.00761	0.02007	0.00623	0.00727	0.00484	0.00415	0.00277	0.00138	0.00346	0.00242	0.00277	0.00484
65	0.01345	0.01447	0.01286	0.13618	0.01570	0.34807	0.00936	0.13888	0.01196	0.01379	0.00812	0.01113	0.00691	0.00615	0.01906	0.00154	0.19289	0.03149	0.00259	0.00541
66	0.00934	0.00464	0.00487	0.00465	0.00593	0.00462	0.00354	0.01180	0.04004	0.07767	0.01496	0.01657	0.01152	0.00527	0.00329	0.00109	0.00227	0.00423	0.76919	0.00454
67	0.00641	0.00473	0.00687	0.00687	0.00756	0.00542	0.00520	0.00778	0.00709	0.01015	0.01227	0.01918	0.01188	0.14486	0.71471	0.00680	0.01093	0.00503	0.00244	0.00382
68	0.00550	0.00451	0.00485	0.00482	0.00619	0.00386	0.00359	0.00682	0.01062	0.01323	0.19785	0.07234	0.62831	0.01100	0.00530	0.00150	0.00225	0.00930	0.00431	0.00386
69	0.00777	0.00389	0.00583	0.00583	0.00583	0.00389	0.00389	0.00583	0.00583	0.00777	0.00777	0.01360	0.00777	0.01554	0.01748	0.86985	0.00389	0.00389	0.00194	0.00194
70	0.03007	0.07707	0.01315	0.00963	0.01292	0.04206	0.00793	0.48803	0.17473	0.07110	0.02092	0.01200	0.00914	0.00539	0.00433	0.00134	0.00463	0.00411	0.00425	0.00719
71	0.00551	0.00399	0.00526	0.00619	0.00657	0.00374	0.00421	0.00636	0.00864	0.01145	0.02543	0.74449	0.07772	0.01458	0.03779	0.00201	0.00297	0.02533	0.00408	0.00366
72	0.07286	0.01087	0.03476	0.02265	0.05457	0.05758	0.00785	0.19128	0.37096	0.05161	0.01375	0.01363	0.01030	0.00657	0.03732	0.00165	0.00463	0.00434	0.02609	0.00671
73	0.39933	0.01120	0.00984	0.00818	0.01113	0.09778	0.00664	0.30063	0.01308	0.02140	0.00830	0.00921	0.00633	0.00612	0.04559	0.00162	0.00492	0.00319	0.00332	0.03220
74	0.30700	0.04264	0.10177	0.00890	0.01224	0.05938	0.04571	0.19310	0.03761	0.07030	0.00989	0.02700	0.02164	0.00537	0.00438	0.03564	0.00467	0.00366	0.00323	0.00587

[dist]
# distance from previous block
# <min> <max>
0	10

[block]
# block no. 8 follows, 58 sequences, length 27
# corresponding to MSA columns:
# 1715-1734,1753-1759
name=unknown_I
#
# <colnr> <probs for GDERKNQSTAVLIFYWHMCP>
#	G	D	E	R	K	N	Q	S	T	A	V	L	I	F	Y	W	H	M	C	P
0	0.01229	0.00985	0.01060	0.00900	0.01189	0.01087	0.00712	0.15296	0.55992	0.05245	0.01587	0.01486	0.01181	0.00564	0.00441	0.00139	0.00376	0.00461	0.00438	0.09632
1	0.01040	0.00978	0.01548	0.20045	0.41188	0.01068	0.03594	0.02998	0.13166	0.01450	0.01049	0.01274	0.02471	0.00483	0.00514	0.00144	0.05663	0.00430	0.00259	0.00639
2	0.00707	0.00547	0.00667	0.00670	0.00802	0.00510	0.00487	0.03353	0.07726	0.01327	0.02169	0.51115	0.06307	0.01093	0.00515	0.00157	0.00294	0.05310	0.00393	0.15851
3	0.01203	0.03846	0.05924	0.04321	0.10418	0.22711	0.06991	0.11541	0.01241	0.02989	0.12866	0.05590	0.04149	0.00599	0.00477	0.00135	0.02410	0.00495	0.01531	0.00563
4	0.01002	0.00793	0.00935	0.00672	0.01066	0.00601	0.00539	0.01199	0.00952	0.07010	0.00862	0.00969	0.00693	0.00347	0.00339	0.00071	0.00335	0.00278	0.00285	0.81052
5	0.00994	0.00978	0.04048	0.30413	0.37524	0.02545	0.01210	0.03229	0.02491	0.01360	0.00937	0.05385	0.00799	0.00493	0.00481	0.00143	0.03359	0.00441	0.02574	0.00598
6	0.00968	0.00962	0.01374	0.03777	0.17519	0.05215	0.06139	0.01161	0.03415	0.01220	0.01120	0.12627	0.04034	0.00745	0.00923	0.00170	0.37307	0.00543	0.00252	0.00528
7	0.01062	0.01023	0.01702	0.10683	0.61775	0.01101	0.01302	0.01306	0.00957	0.01373	0.00800	0.01097	0.00679	0.00460	0.00593	0.00144	0.12676	0.00397	0.00215	0.00655
8	0.00563	0.00434	0.00486	0.00518	0.00604	0.00389	0.00359	0.00647	0.00904	0.01128	0.03291	0.25917	0.41879	0.17311	0.00882	0.00216	0.00282	0.03448	0.00387	0.00354
9	0.01083	0.03986	0.21000	0.02699	0.05361	0.03507	0.16718	0.05023	0.03238	0.10469	0.09656	0.08403	0.01284	0.00569	0.00465	0.00140	0.00525	0.00519	0.00315	0.05042
10	0.01919	0.00751	0.01013	0.00785	0.01118	0.00655	0.00645	0.02115	0.02992	0.76152	0.04158	0.01633	0.02762	0.00577	0.00454	0.00139	0.00372	0.00471	0.00547	0.00743
11	0.00984	0.00993	0.01452	0.01220	0.01249	0.01355	0.06038	0.01099	0.00709	0.01099	0.00608	0.00993	0.00593	0.00757	0.01408	0.00193	0.78157	0.00400	0.00198	0.00497
12	0.01158	0.03709	0.03192	0.13119	0.35471	0.05424	0.05874	0.12977	0.03240	0.01576	0.00917	0.03239	0.00755	0.00466	0.00466	0.00135	0.02667	0.00413	0.00264	0.04938
13	0.02818	0.00857	0.01427	0.58077	0.23591	0.00997	0.01236	0.01205	0.00925	0.01259	0.00821	0.01172	0.00638	0.00436	0.00439	0.00143	0.00564	0.00395	0.02450	0.00550
14	0.00750	0.00549	0.00824	0.00777	0.00872	0.00637	0.02543	0.00908	0.00755	0.05258	0.01181	0.01698	0.01078	0.04916	0.66662	0.00618	0.07589	0.00475	0.01480	0.00427
15	0.14342	0.00763	0.00934	0.00742	0.01050	0.00714	0.00608	0.05995	0.01233	0.55627	0.07760	0.01665	0.05401	0.00590	0.00434	0.00139	0.00361	0.00470	0.00496	0.00675
16	0.00545	0.00389	0.00519	0.00623	0.00649	0.00363	0.00415	0.00623	0.00856	0.01142	0.02465	0.83987	0.02959	0.01401	0.00571	0.00182	0.00260	0.01272	0.00415	0.00363
17	0.00992	0.00913	0.01485	0.46079	0.29691	0.01042	0.01234	0.06174	0.01007	0.01367	0.00836	0.01159	0.00657	0.00449	0.00475	0.00143	0.03200	0.00398	0.02114	0.00584
18	0.00834	0.00417	0.00417	0.00417	0.00521	0.00417	0.00313	0.01042	0.00938	0.01668	0.01459	0.01668	0.01147	0.00521	0.00313	0.00104	0.00208	0.00417	0.86763	0.00417
19	0.01136	0.01098	0.04800	0.04233	0.66522	0.01058	0.03009	0.05119	0.02520	0.03538	0.02145	0.01159	0.00779	0.00422	0.00446	0.00135	0.00529	0.00409	0.00247	0.00699
20	0.00642	0.00433	0.00495	0.00500	0.00507	0.00432	0.00288	0.00653	0.00672	0.00895	0.01541	0.06946	0.03836	0.75814	0.04240	0.00421	0.00439	0.00685	0.00281	0.00282
21	0.01700	0.01253	0.01342	0.01029	0.01387	0.01387	0.00850	0.79997	0.02103	0.02819	0.01074	0.01074	0.00761	0.00537	0.00447	0.00134	0.00492	0.00403	0.00447	0.00761
22	0.00941	0.00793	0.00939	0.02799	0.01108	0.00637	0.00565	0.04861	0.00977	0.01493	0.00886	0.02845	0.00764	0.00476	0.02850	0.00097	0.00372	0.01732	0.00277	0.74588
23	0.01230	0.78553	0.02266	0.00794	0.01165	0.07641	0.00773	0.01372	0.00935	0.01056	0.00627	0.00724	0.00574	0.00388	0.00295	0.00097	0.00502	0.00243	0.00194	0.00570
24	0.01645	0.01212	0.01303	0.01010	0.01352	0.01338	0.00829	0.76215	0.02044	0.02739	0.01140	0.05025	0.00865	0.00578	0.00453	0.00137	0.00481	0.00444	0.00446	0.00742
25	0.01176	0.02884	0.03446	0.15249	0.10191	0.07027	0.09267	0.12289	0.30302	0.01700	0.01213	0.01299	0.00918	0.00504	0.00451	0.00143	0.00518	0.00439	0.00333	0.00651
26	0.00619	0.00442	0.00593	0.00663	0.00712	0.00443	0.00480	0.01851	0.00859	0.01152	0.02108	0.47096	0.02418	0.11137	0.13730	0.00299	0.00457	0.14198	0.00371	0.00372

[dist]
# distance from previous block
# <min> <max>
0	4

[block]
# block no. 9 follows, 58 sequences, length 15
# corresponding to MSA columns:
# 1764-1778
name=unknown_J
#
# <colnr> <probs for GDERKNQSTAVLIFYWHMCP>
#	G	D	E	R	K	N	Q	S	T	A	V	L	I	F	Y	W	H	M	C	P
0	0.00551	0.00392	0.00517	0.00615	0.00640	0.00367	0.00407	0.00624	0.00845	0.01127	0.02406	0.79455	0.02884	0.06036	0.00666	0.00196	0.00269	0.01237	0.00407	0.00358
1	0.00637	0.00476	0.00602	0.00565	0.00690	0.00426	0.00422	0.00825	0.01178	0.01649	0.60176	0.10861	0.11344	0.00937	0.00517	0.00140	0.00226	0.00824	0.00460	0.07044
2	0.01098	0.00948	0.01005	0.00891	0.01155	0.01073	0.00694	0.02281	0.74573	0.01840	0.01742	0.01612	0.01312	0.00586	0.00446	0.00145	0.00352	0.00487	0.00441	0.07318
3	0.01072	0.00881	0.00924	0.00838	0.01069	0.01011	0.00650	0.02182	0.69015	0.01841	0.01768	0.01669	0.01333	0.00594	0.00434	0.00145	0.00333	0.00493	0.13082	0.00665
4	0.08849	0.01133	0.01221	0.00940	0.01293	0.01217	0.00775	0.59148	0.01814	0.10994	0.01088	0.01081	0.00767	0.00513	0.00425	0.00130	0.00456	0.00384	0.00430	0.07344
5	0.43154	0.00849	0.00878	0.00714	0.01027	0.00881	0.00589	0.07787	0.01094	0.37232	0.01161	0.01104	0.00780	0.00486	0.00366	0.00138	0.00373	0.00346	0.00412	0.00628
6	0.01196	0.84548	0.02344	0.00765	0.01148	0.01770	0.00765	0.01339	0.00909	0.01052	0.00622	0.00718	0.00574	0.00383	0.00287	0.00096	0.00478	0.00239	0.00191	0.00574
7	0.34141	0.00955	0.03860	0.04061	0.01477	0.00949	0.29799	0.01292	0.00909	0.01653	0.00915	0.01234	0.00736	0.00473	0.00429	0.01904	0.00502	0.03697	0.10499	0.00517
8	0.01239	0.01024	0.01082	0.00936	0.01211	0.01172	0.00739	0.19031	0.63821	0.02075	0.01660	0.01541	0.01236	0.00592	0.00454	0.00148	0.00384	0.00484	0.00454	0.00719
9	0.01937	0.00746	0.01016	0.00784	0.01118	0.00645	0.00645	0.02112	0.01280	0.77709	0.05828	0.01616	0.01266	0.00572	0.00454	0.00139	0.00372	0.00468	0.00551	0.00744
10	0.00904	0.00816	0.01339	0.50845	0.21641	0.00946	0.01144	0.01169	0.00914	0.01258	0.00886	0.01274	0.00712	0.03479	0.00526	0.00152	0.02680	0.00409	0.08375	0.00532
11	0.00574	0.00450	0.00519	0.00513	0.00635	0.00395	0.00381	0.00725	0.01109	0.01448	0.36443	0.10584	0.42500	0.01064	0.00532	0.00149	0.00223	0.00915	0.00448	0.00395
12	0.00757	0.00401	0.00602	0.00602	0.00613	0.00413	0.00413	0.00613	0.00602	0.00814	0.00837	0.01416	0.00826	0.01810	0.13242	0.74707	0.00504	0.00401	0.00201	0.00223
13	0.01044	0.06910	0.09996	0.26844	0.35395	0.03583	0.01271	0.04019	0.00997	0.01352	0.00802	0.01074	0.00643	0.00437	0.00471	0.00138	0.03813	0.00377	0.00216	0.00617
14	0.01120	0.00900	0.00958	0.00860	0.01100	0.01024	0.00669	0.04996	0.65943	0.04411	0.01784	0.04483	0.01372	0.00623	0.00447	0.00148	0.00344	0.00519	0.07623	0.00676

[dist]
# distance from previous block
# <min> <max>
1	2

[block]
# block no. 10 follows, 58 sequences, length 10
# corresponding to MSA columns:
# 1781-1790
name=unknown_K
#
# <colnr> <probs for GDERKNQSTAVLIFYWHMCP>
#	G	D	E	R	K	N	Q	S	T	A	V	L	I	F	Y	W	H	M	C	P
0	0.01203	0.54244	0.12033	0.00901	0.01278	0.08415	0.00893	0.04615	0.06748	0.01233	0.00754	0.00848	0.00639	0.00435	0.00384	0.00113	0.04158	0.00287	0.00224	0.00594
1	0.03753	0.00446	0.00515	0.00513	0.00530	0.00455	0.00309	0.00685	0.00659	0.00930	0.01298	0.02568	0.01446	0.64930	0.06420	0.10472	0.00460	0.00590	0.02742	0.00281
2	0.06105	0.01170	0.01311	0.01095	0.04228	0.07031	0.07143	0.34696	0.22215	0.08481	0.01249	0.01238	0.00909	0.00527	0.00444	0.00139	0.00485	0.00426	0.00407	0.00700
3	0.00671	0.00816	0.16060	0.00851	0.04259	0.00547	0.00723	0.00860	0.00904	0.01244	0.02037	0.51161	0.04066	0.01098	0.00529	0.00168	0.00364	0.08429	0.00356	0.04856
4	0.00817	0.00660	0.00989	0.04669	0.04396	0.00716	0.07134	0.03563	0.04668	0.02384	0.11957	0.12840	0.06054	0.01295	0.12393	0.10580	0.09818	0.04299	0.00321	0.00448
5	0.00984	0.00935	0.01759	0.37144	0.05992	0.00988	0.30200	0.01310	0.02676	0.05646	0.01103	0.03195	0.03412	0.00488	0.00486	0.00150	0.00612	0.02112	0.00251	0.00556
6	0.00883	0.05090	0.53047	0.01063	0.01555	0.00945	0.01256	0.03094	0.07054	0.01535	0.16554	0.01542	0.03376	0.00552	0.00445	0.00140	0.00529	0.00450	0.00279	0.00610
7	0.00554	0.00396	0.00513	0.00603	0.00632	0.00371	0.00398	0.00626	0.00844	0.01119	0.02456	0.72836	0.06254	0.09233	0.00731	0.00204	0.00275	0.01199	0.00402	0.00355
8	0.01065	0.00996	0.01679	0.14313	0.35753	0.01050	0.14912	0.06073	0.05348	0.01508	0.00949	0.01205	0.00754	0.00452	0.00503	0.00141	0.04958	0.00428	0.07288	0.00626
9	0.00870	0.02437	0.01285	0.03158	0.01221	0.02581	0.12492	0.01048	0.02248	0.01242	0.09313	0.05547	0.16110	0.00803	0.00936	0.00169	0.37186	0.00591	0.00285	0.00479

[dist]
# distance from previous block
