[name]
unknown

[dist]
# distance from previous block
# <min> <max>
18	1369

[block]
# block no. 0 follows, 52 sequences, length 49
# corresponding to MSA columns:
# 1424-1472
name=unknown_A
#
# <colnr> <probs for GDERKNQSTAVLIFYWHMCP>
#	G	D	E	R	K	N	Q	S	T	A	V	L	I	F	Y	W	H	M	C	P
0	0.12890	0.05722	0.34591	0.02896	0.01621	0.05295	0.02739	0.03973	0.03790	0.14043	0.02586	0.01301	0.03919	0.00528	0.00443	0.00148	0.00570	0.00407	0.00319	0.02220
1	0.01257	0.08100	0.34052	0.01302	0.01776	0.22483	0.10852	0.04414	0.01174	0.01473	0.02652	0.01151	0.00783	0.02720	0.00510	0.00150	0.00714	0.00392	0.03407	0.00637
2	0.01182	0.35061	0.35462	0.01119	0.01650	0.04587	0.03330	0.05898	0.01098	0.01444	0.00900	0.01018	0.02487	0.00465	0.00404	0.00130	0.00615	0.00340	0.00232	0.02577
3	0.02637	0.09748	0.20363	0.01020	0.01456	0.00989	0.07564	0.07997	0.01185	0.03013	0.12753	0.03958	0.01352	0.00549	0.00448	0.00128	0.00495	0.00464	0.00320	0.23560
4	0.25366	0.01028	0.04966	0.08889	0.03229	0.01016	0.00783	0.09838	0.12680	0.05319	0.05646	0.01293	0.01021	0.00519	0.00414	0.00138	0.00432	0.00399	0.00358	0.16667
5	0.30075	0.02410	0.02344	0.00883	0.01198	0.02744	0.02046	0.18742	0.12572	0.12588	0.04168	0.03108	0.01053	0.00582	0.00445	0.00152	0.01927	0.00434	0.01861	0.00667
6	0.00842	0.00421	0.00631	0.00631	0.00631	0.00421	0.00421	0.00631	0.00631	0.00842	0.00842	0.01473	0.00842	0.01684	0.01894	0.85901	0.00421	0.00421	0.00210	0.00210
7	0.01200	0.10945	0.27516	0.01191	0.01611	0.20314	0.07958	0.04809	0.01159	0.01417	0.01337	0.05103	0.08664	0.02642	0.00537	0.00153	0.02084	0.00480	0.00269	0.00609
8	0.01037	0.00701	0.00602	0.00576	0.00717	0.09381	0.00435	0.03037	0.04200	0.01776	0.01495	0.01689	0.01174	0.00562	0.00359	0.00117	0.00311	0.00440	0.70909	0.00485
9	0.00698	0.00501	0.00634	0.00597	0.00724	0.00455	0.00449	0.00910	0.01332	0.03388	0.66939	0.03738	0.15788	0.01019	0.00570	0.00154	0.00235	0.00891	0.00522	0.00457
10	0.00842	0.00421	0.00631	0.00631	0.00631	0.00421	0.00421	0.00631	0.00631	0.00842	0.00842	0.01473	0.00842	0.01684	0.01894	0.85901	0.00421	0.00421	0.00210	0.00210
11	0.01285	0.01194	0.01972	0.06221	0.49479	0.01228	0.12582	0.14762	0.01297	0.01806	0.00956	0.01210	0.00764	0.00467	0.00522	0.00150	0.02628	0.00453	0.00281	0.00744
12	0.01073	0.00524	0.00592	0.00596	0.03588	0.00510	0.00428	0.01296	0.01066	0.11575	0.01597	0.01765	0.01219	0.00564	0.00362	0.00119	0.00262	0.00455	0.71899	0.00510
13	0.01175	0.01205	0.04579	0.26108	0.05876	0.09856	0.12723	0.01428	0.01020	0.06220	0.02331	0.01237	0.00766	0.00586	0.00791	0.00169	0.22640	0.00446	0.00253	0.00590
14	0.01205	0.01041	0.01096	0.00986	0.01260	0.01205	0.00767	0.02575	0.79071	0.02027	0.01972	0.01808	0.01479	0.00657	0.00493	0.00164	0.00384	0.00548	0.00493	0.00767
15	0.02158	0.00850	0.01140	0.00874	0.01250	0.00750	0.00722	0.05972	0.01429	0.76612	0.01876	0.01626	0.01182	0.00599	0.00487	0.00150	0.00418	0.00485	0.00594	0.00825
16	0.01141	0.00905	0.00965	0.00864	0.01123	0.00992	0.00674	0.04173	0.53214	0.07353	0.02637	0.02451	0.19860	0.00785	0.00511	0.00163	0.00357	0.00652	0.00490	0.00688
17	0.01005	0.00861	0.01005	0.00718	0.01148	0.00646	0.00574	0.01220	0.01005	0.01579	0.00861	0.01005	0.00718	0.00359	0.00359	0.00072	0.00359	0.00287	0.00287	0.85932
18	0.00842	0.00556	0.00692	0.00634	0.00791	0.00513	0.00484	0.01108	0.05334	0.09647	0.55483	0.03504	0.16596	0.00974	0.00559	0.00155	0.00258	0.00845	0.00524	0.00502
19	0.00981	0.00947	0.01438	0.01210	0.01305	0.01197	0.10519	0.01199	0.04561	0.01292	0.05631	0.03363	0.01096	0.03100	0.13272	0.00291	0.47288	0.00518	0.00263	0.00529
20	0.00906	0.00850	0.01182	0.01076	0.01086	0.01126	0.00860	0.01007	0.00801	0.01187	0.01283	0.26401	0.01446	0.01119	0.03091	0.00220	0.54863	0.00722	0.00287	0.00486
21	0.00721	0.00518	0.00710	0.00818	0.00908	0.00507	0.00674	0.00902	0.01063	0.01386	0.02682	0.26722	0.05754	0.01384	0.00652	0.00214	0.00393	0.53116	0.00447	0.00430
22	0.02042	0.00999	0.01238	0.02521	0.01365	0.00977	0.00793	0.27073	0.01669	0.53599	0.01648	0.01484	0.01067	0.00592	0.00486	0.00149	0.00456	0.00470	0.00555	0.00819
23	0.00705	0.00470	0.00529	0.00529	0.00529	0.00470	0.00294	0.00705	0.00705	0.00940	0.01527	0.03171	0.01762	0.82969	0.02467	0.00470	0.00470	0.00705	0.00294	0.00294
24	0.01842	0.01357	0.01454	0.01115	0.01503	0.01503	0.00921	0.78330	0.02278	0.03054	0.01163	0.01163	0.00824	0.00582	0.00485	0.00145	0.00533	0.00436	0.00485	0.00824
25	0.01005	0.00861	0.01005	0.00718	0.01148	0.00646	0.00574	0.01220	0.01005	0.01579	0.00861	0.01005	0.00718	0.00359	0.00359	0.00072	0.00359	0.00287	0.00287	0.85932
26	0.01296	0.83261	0.02539	0.00829	0.01244	0.01917	0.00829	0.01451	0.00985	0.01140	0.00674	0.00777	0.00622	0.00415	0.00311	0.00104	0.00518	0.00259	0.00207	0.00622
27	0.82374	0.00957	0.00748	0.00660	0.00964	0.01107	0.00544	0.05079	0.00894	0.02216	0.00698	0.00805	0.00539	0.00456	0.00309	0.00150	0.00382	0.00271	0.00309	0.00539
28	0.01127	0.00958	0.01028	0.00929	0.01179	0.01092	0.00720	0.02324	0.67324	0.02014	0.13722	0.02082	0.01947	0.00708	0.00505	0.00163	0.00360	0.00598	0.00499	0.00720
29	0.00590	0.00422	0.00562	0.00675	0.00703	0.00394	0.00450	0.00675	0.00928	0.01237	0.02671	0.82653	0.03205	0.01518	0.00619	0.00197	0.00281	0.01378	0.00450	0.00394
30	0.00705	0.00470	0.00529	0.00529	0.00529	0.00470	0.00294	0.00705	0.00705	0.00940	0.01527	0.03171	0.01762	0.82969	0.02467	0.00470	0.00470	0.00705	0.00294	0.00294
31	0.02174	0.00825	0.01125	0.00862	0.01237	0.00712	0.00712	0.02362	0.01387	0.80282	0.01912	0.01649	0.01200	0.00600	0.00487	0.00150	0.00412	0.00487	0.00600	0.00825
32	0.01205	0.01041	0.01096	0.00986	0.01260	0.01205	0.00767	0.02575	0.79071	0.02027	0.01972	0.01808	0.01479	0.00657	0.00493	0.00164	0.00384	0.00548	0.00493	0.00767
33	0.01468	0.00950	0.01041	0.00867	0.01149	0.01024	0.00694	0.25114	0.23592	0.14289	0.01616	0.01588	0.01176	0.00602	0.00450	0.00143	0.00392	0.00480	0.22653	0.00711
34	0.86392	0.00937	0.00712	0.00637	0.00937	0.01087	0.00525	0.01425	0.00825	0.02174	0.00675	0.00787	0.00525	0.00450	0.00300	0.00150	0.00375	0.00262	0.00300	0.00525
35	0.00981	0.01086	0.12329	0.15864	0.18864	0.04664	0.01095	0.01255	0.01074	0.03543	0.08874	0.05820	0.03083	0.06188	0.02534	0.00198	0.00557	0.11099	0.00315	0.00574
36	0.01761	0.07496	0.01465	0.01202	0.01476	0.62224	0.00930	0.12870	0.01461	0.01451	0.00801	0.00914	0.00653	0.00515	0.00466	0.00129	0.02974	0.00329	0.00280	0.00603
37	0.01296	0.83261	0.02539	0.00829	0.01244	0.01917	0.00829	0.01451	0.00985	0.01140	0.00674	0.00777	0.00622	0.00415	0.00311	0.00104	0.00518	0.00259	0.00207	0.00622
38	0.00923	0.00870	0.01468	0.79507	0.05570	0.01079	0.01350	0.01245	0.00973	0.01248	0.00863	0.01289	0.00650	0.00483	0.00484	0.00161	0.00644	0.00431	0.00216	0.00545
39	0.00590	0.00422	0.00562	0.00675	0.00703	0.00394	0.00450	0.00675	0.00928	0.01237	0.02671	0.82653	0.03205	0.01518	0.00619	0.00197	0.00281	0.01378	0.00450	0.00394
40	0.00686	0.00495	0.00648	0.00610	0.00724	0.00457	0.00457	0.00914	0.01372	0.01943	0.79691	0.03620	0.04572	0.00991	0.00572	0.00152	0.00229	0.00876	0.00533	0.00457
41	0.01199	0.01151	0.01967	0.02974	0.79946	0.01151	0.01487	0.01487	0.01103	0.01583	0.00912	0.01199	0.00768	0.00432	0.00480	0.00144	0.00576	0.00432	0.00240	0.00768
42	0.00585	0.00491	0.00507	0.00503	0.00662	0.00414	0.00378	0.00718	0.01133	0.01376	0.12740	0.04554	0.71877	0.01203	0.00573	0.00162	0.00244	0.01007	0.00459	0.00414
43	0.00842	0.00421	0.00631	0.00631	0.00631	0.00421	0.00421	0.00631	0.00631	0.00842	0.00842	0.01473	0.00842	0.01684	0.01894	0.85901	0.00421	0.00421	0.00210	0.00210
44	0.00707	0.00510	0.00682	0.00677	0.00722	0.00565	0.00475	0.00800	0.00744	0.01042	0.01386	0.02458	0.01447	0.39545	0.43485	0.00625	0.02882	0.00601	0.00274	0.00372
45	0.00998	0.02325	0.68727	0.01481	0.02163	0.01141	0.13340	0.01537	0.01041	0.01537	0.00886	0.01066	0.00632	0.00453	0.00477	0.00155	0.00731	0.00390	0.00211	0.00707
46	0.01793	0.02281	0.01376	0.01249	0.01493	0.79204	0.00939	0.01917	0.01359	0.01186	0.00746	0.00878	0.00624	0.00507	0.00463	0.00127	0.02732	0.00315	0.00249	0.00561
47	0.01199	0.01151	0.01967	0.02974	0.79946	0.01151	0.01487	0.01487	0.01103	0.01583	0.00912	0.01199	0.00768	0.00432	0.00480	0.00144	0.00576	0.00432	0.00240	0.00768
48	0.01088	0.01125	0.02019	0.01536	0.01816	0.03494	0.38868	0.01364	0.01058	0.03066	0.11202	0.01539	0.01224	0.00684	0.02485	0.00186	0.24486	0.00554	0.00281	0.01924

[dist]
# distance from previous block
# <min> <max>
1	50

[block]
# block no. 1 follows, 52 sequences, length 53
# corresponding to MSA columns:
# 1525-1577
name=unknown_B
#
# <colnr> <probs for GDERKNQSTAVLIFYWHMCP>
#	G	D	E	R	K	N	Q	S	T	A	V	L	I	F	Y	W	H	M	C	P
0	0.01645	0.05159	0.11211	0.01193	0.01538	0.44777	0.01017	0.19550	0.04833	0.01698	0.00985	0.01065	0.02156	0.00530	0.00451	0.00135	0.00729	0.00368	0.00311	0.00650
1	0.00696	0.00504	0.00704	0.00704	0.00764	0.00565	0.00512	0.00817	0.00757	0.01069	0.01367	0.02285	0.01377	0.27466	0.57444	0.00686	0.01049	0.00575	0.00270	0.00391
2	0.32687	0.01101	0.01066	0.00898	0.01217	0.01254	0.00726	0.25709	0.26457	0.02401	0.01244	0.01233	0.00925	0.00558	0.00420	0.00153	0.00427	0.00408	0.00420	0.00696
3	0.00703	0.00479	0.00573	0.00573	0.00588	0.00494	0.00349	0.00733	0.00718	0.00973	0.01486	0.02946	0.01664	0.68879	0.16423	0.00525	0.00617	0.00672	0.00288	0.00318
4	0.00665	0.00495	0.00618	0.00587	0.00711	0.00448	0.00441	0.00873	0.01322	0.01824	0.65657	0.03816	0.18680	0.01035	0.00572	0.00155	0.00232	0.00904	0.00518	0.00448
5	0.00692	0.00519	0.00779	0.00779	0.00865	0.00606	0.00606	0.00865	0.00779	0.01125	0.01298	0.01904	0.01211	0.03634	0.81049	0.00779	0.01298	0.00519	0.00260	0.00433
6	0.00625	0.00493	0.00563	0.00546	0.00687	0.00431	0.00409	0.00797	0.01228	0.01602	0.39457	0.04181	0.45019	0.01118	0.00572	0.00158	0.00238	0.00955	0.00489	0.00431
7	0.02153	0.00859	0.01146	0.00878	0.01254	0.00763	0.00726	0.07258	0.01444	0.75304	0.01864	0.01618	0.01175	0.00599	0.00487	0.00150	0.00420	0.00484	0.00592	0.00825
8	0.01060	0.01060	0.01484	0.01272	0.01272	0.01484	0.01060	0.01166	0.00742	0.01166	0.00636	0.01060	0.00636	0.00848	0.01590	0.00212	0.82082	0.00424	0.00212	0.00530
9	0.01005	0.00861	0.01005	0.00718	0.01148	0.00646	0.00574	0.01220	0.01005	0.01579	0.00861	0.01005	0.00718	0.00359	0.00359	0.00072	0.00359	0.00287	0.00287	0.85932
10	0.00915	0.00861	0.01453	0.81804	0.03338	0.01077	0.01346	0.01238	0.00969	0.01238	0.00861	0.01292	0.00646	0.00484	0.00484	0.00161	0.00646	0.00431	0.00215	0.00538
11	0.02145	0.00831	0.01124	0.00866	0.01238	0.00727	0.00714	0.02368	0.03760	0.77891	0.01914	0.01654	0.01208	0.00602	0.00488	0.00150	0.00411	0.00489	0.00597	0.00823
12	0.00686	0.00495	0.00648	0.00610	0.00724	0.00457	0.00457	0.00914	0.01372	0.01943	0.79691	0.03620	0.04572	0.00991	0.00572	0.00152	0.00229	0.00876	0.00533	0.00457
13	0.01263	0.01070	0.01128	0.00998	0.01282	0.01232	0.00781	0.09427	0.72125	0.02120	0.01899	0.01750	0.01420	0.00651	0.00492	0.00163	0.00397	0.00538	0.00492	0.00772
14	0.01233	0.02991	0.01583	0.01315	0.01414	0.18598	0.06737	0.01366	0.00913	0.01199	0.00687	0.01033	0.00641	0.00732	0.01241	0.00188	0.56953	0.00408	0.00223	0.00548
15	0.00590	0.00442	0.00547	0.00625	0.00691	0.00400	0.00429	0.00689	0.00991	0.01283	0.06229	0.59457	0.23023	0.01423	0.00605	0.00187	0.00270	0.01267	0.00453	0.00400
16	0.01695	0.01218	0.01322	0.01029	0.01383	0.01325	0.00844	0.64631	0.02101	0.06259	0.06887	0.01580	0.06172	0.00652	0.00497	0.00147	0.00488	0.00507	0.00491	0.00772
17	0.00842	0.00421	0.00631	0.00631	0.00631	0.00421	0.00421	0.00631	0.00631	0.00842	0.00842	0.01473	0.00842	0.01684	0.01894	0.85901	0.00421	0.00421	0.00210	0.00210
18	0.00915	0.00861	0.01453	0.81804	0.03338	0.01077	0.01346	0.01238	0.00969	0.01238	0.00861	0.01292	0.00646	0.00484	0.00484	0.00161	0.00646	0.00431	0.00215	0.00538
19	0.01219	0.01212	0.03518	0.02627	0.65490	0.04248	0.01383	0.01640	0.10776	0.01622	0.01036	0.01258	0.00847	0.00463	0.00479	0.00146	0.00566	0.00440	0.00271	0.00758
20	0.01205	0.01041	0.01096	0.00986	0.01260	0.01205	0.00767	0.02575	0.79071	0.02027	0.01972	0.01808	0.01479	0.00657	0.00493	0.00164	0.00384	0.00548	0.00493	0.00767
21	0.01842	0.01357	0.01454	0.01115	0.01503	0.01503	0.00921	0.78330	0.02278	0.03054	0.01163	0.01163	0.00824	0.00582	0.00485	0.00145	0.00533	0.00436	0.00485	0.00824
22	0.01199	0.01151	0.01967	0.02974	0.79946	0.01151	0.01487	0.01487	0.01103	0.01583	0.00912	0.01199	0.00768	0.00432	0.00480	0.00144	0.00576	0.00432	0.00240	0.00768
23	0.00702	0.00532	0.00791	0.00786	0.00868	0.00625	0.00610	0.00870	0.00776	0.01122	0.01286	0.01910	0.01209	0.05336	0.77242	0.00757	0.03364	0.00521	0.00259	0.00432
24	0.00781	0.00558	0.00781	0.00892	0.01004	0.00558	0.00781	0.01004	0.01116	0.01450	0.02566	0.05466	0.02789	0.01339	0.00669	0.00223	0.00446	0.76685	0.00446	0.00446
25	0.01005	0.00861	0.01005	0.00718	0.01148	0.00646	0.00574	0.01220	0.01005	0.01579	0.00861	0.01005	0.00718	0.00359	0.00359	0.00072	0.00359	0.00287	0.00287	0.85932
26	0.01199	0.01151	0.01967	0.02974	0.79946	0.01151	0.01487	0.01487	0.01103	0.01583	0.00912	0.01199	0.00768	0.00432	0.00480	0.00144	0.00576	0.00432	0.00240	0.00768
27	0.86392	0.00937	0.00712	0.00637	0.00937	0.01087	0.00525	0.01425	0.00825	0.02174	0.00675	0.00787	0.00525	0.00450	0.00300	0.00150	0.00375	0.00262	0.00300	0.00525
28	0.01861	0.01327	0.01436	0.01101	0.01488	0.01458	0.00909	0.74049	0.02228	0.07406	0.01206	0.01191	0.00845	0.00583	0.00485	0.00146	0.00526	0.00439	0.00491	0.00824
29	0.00686	0.00495	0.00648	0.00610	0.00724	0.00457	0.00457	0.00914	0.01372	0.01943	0.79691	0.03620	0.04572	0.00991	0.00572	0.00152	0.00229	0.00876	0.00533	0.00457
30	0.14058	0.01260	0.01324	0.01029	0.01403	0.01388	0.00849	0.61968	0.02007	0.08287	0.01145	0.01143	0.00807	0.00564	0.00458	0.00146	0.00502	0.00415	0.00466	0.00781
31	0.01810	0.02310	0.01373	0.01248	0.01498	0.81024	0.00936	0.01935	0.01373	0.01186	0.00749	0.00874	0.00624	0.00499	0.00437	0.00125	0.00874	0.00312	0.00250	0.00562
32	0.00767	0.00549	0.00762	0.00852	0.00964	0.00543	0.00734	0.00991	0.01153	0.01521	0.13688	0.05200	0.03046	0.01289	0.00655	0.00213	0.00415	0.65752	0.00459	0.00448
33	0.00589	0.00428	0.00556	0.00659	0.00699	0.00395	0.00443	0.00677	0.00943	0.01243	0.02866	0.75856	0.09876	0.01493	0.00615	0.00194	0.00278	0.01347	0.00450	0.00395
34	0.00682	0.00493	0.00644	0.00612	0.00723	0.00455	0.00457	0.00905	0.01355	0.01916	0.76710	0.06678	0.04520	0.01011	0.00573	0.00154	0.00231	0.00896	0.00530	0.00455
35	0.01222	0.01049	0.01105	0.00990	0.01266	0.01213	0.00771	0.04546	0.77073	0.02054	0.01951	0.01791	0.01462	0.00655	0.00493	0.00164	0.00387	0.00545	0.00493	0.00769
36	0.01842	0.01357	0.01454	0.01115	0.01503	0.01503	0.00921	0.78330	0.02278	0.03054	0.01163	0.01163	0.00824	0.00582	0.00485	0.00145	0.00533	0.00436	0.00485	0.00824
37	0.00927	0.00474	0.00476	0.00468	0.00588	0.00478	0.00353	0.03039	0.01047	0.01838	0.01571	0.01791	0.01232	0.00565	0.00342	0.00114	0.00233	0.00451	0.83552	0.00461
38	0.00841	0.00735	0.01175	0.32198	0.16303	0.00804	0.00985	0.01075	0.01040	0.01403	0.12760	0.25065	0.01972	0.00846	0.00535	0.00167	0.00468	0.00768	0.00333	0.00527
39	0.01296	0.83261	0.02539	0.00829	0.01244	0.01917	0.00829	0.01451	0.00985	0.01140	0.00674	0.00777	0.00622	0.00415	0.00311	0.00104	0.00518	0.00259	0.00207	0.00622
40	0.01810	0.02310	0.01373	0.01248	0.01498	0.81024	0.00936	0.01935	0.01373	0.01186	0.00749	0.00874	0.00624	0.00499	0.00437	0.00125	0.00874	0.00312	0.00250	0.00562
41	0.00573	0.00491	0.00491	0.00491	0.00655	0.00409	0.00368	0.00695	0.01105	0.01309	0.04909	0.04664	0.79750	0.01227	0.00573	0.00164	0.00245	0.01023	0.00450	0.00409
42	0.00903	0.00452	0.00452	0.00452	0.00565	0.00452	0.00339	0.01129	0.01016	0.01807	0.01581	0.01807	0.01242	0.00565	0.00339	0.00113	0.00226	0.00452	0.85659	0.00452
43	0.00915	0.00861	0.01453	0.81804	0.03338	0.01077	0.01346	0.01238	0.00969	0.01238	0.00861	0.01292	0.00646	0.00484	0.00484	0.00161	0.00646	0.00431	0.00215	0.00538
44	0.00631	0.00479	0.00581	0.00586	0.00698	0.00429	0.00428	0.00797	0.01198	0.01601	0.40638	0.20105	0.27720	0.01172	0.00582	0.00165	0.00245	0.01024	0.00490	0.00429
45	0.00842	0.00421	0.00631	0.00631	0.00631	0.00421	0.00421	0.00631	0.00631	0.00842	0.00842	0.01473	0.00842	0.01684	0.01894	0.85901	0.00421	0.00421	0.00210	0.00210
46	0.01219	0.00661	0.00818	0.00704	0.00931	0.00610	0.00553	0.02989	0.07501	0.27426	0.29419	0.02949	0.18277	0.00865	0.00530	0.00154	0.00310	0.00733	0.02753	0.00599
47	0.00972	0.02507	0.80458	0.01381	0.02097	0.01125	0.01790	0.01535	0.01023	0.01535	0.00870	0.01023	0.00614	0.00460	0.00460	0.00153	0.00716	0.00358	0.00205	0.00716
48	0.01205	0.01041	0.01096	0.00986	0.01260	0.01205	0.00767	0.02575	0.79071	0.02027	0.01972	0.01808	0.01479	0.00657	0.00493	0.00164	0.00384	0.00548	0.00493	0.00767
49	0.00635	0.00483	0.00584	0.00580	0.00698	0.00432	0.00427	0.00808	0.01219	0.01632	0.43879	0.15362	0.29211	0.01145	0.00579	0.00163	0.00242	0.00997	0.00494	0.00432
50	0.00709	0.00550	0.00688	0.00683	0.00830	0.00467	0.00484	0.00832	0.00954	0.01337	0.02205	0.57216	0.04385	0.01177	0.00543	0.00160	0.00303	0.01055	0.00403	0.25018
51	0.01005	0.00861	0.01005	0.00718	0.01148	0.00646	0.00574	0.01220	0.01005	0.01579	0.00861	0.01005	0.00718	0.00359	0.00359	0.00072	0.00359	0.00287	0.00287	0.85932
52	0.01103	0.35128	0.48982	0.01158	0.01753	0.01445	0.01402	0.01501	0.01008	0.01375	0.00791	0.00924	0.00617	0.00442	0.00400	0.00133	0.00636	0.00318	0.00206	0.00678

[dist]
# distance from previous block
# <min> <max>
18	24

[block]
# block no. 2 follows, 52 sequences, length 22
# corresponding to MSA columns:
# 1610-1631
name=unknown_C
#
# <colnr> <probs for GDERKNQSTAVLIFYWHMCP>
#	G	D	E	R	K	N	Q	S	T	A	V	L	I	F	Y	W	H	M	C	P
0	0.01164	0.01046	0.01207	0.01068	0.01264	0.01285	0.00851	0.02171	0.56617	0.01780	0.01589	0.01594	0.01238	0.00712	0.00808	0.00178	0.23803	0.00512	0.00413	0.00699
1	0.01267	0.01333	0.01495	0.01274	0.01371	0.17025	0.03413	0.06750	0.02650	0.01332	0.00734	0.01055	0.00668	0.00744	0.01233	0.00188	0.56248	0.00410	0.00245	0.00566
2	0.00877	0.00774	0.01261	0.58610	0.02669	0.00928	0.01184	0.01171	0.01011	0.01299	0.01350	0.02489	0.01260	0.00729	0.00537	0.00179	0.00589	0.22290	0.00282	0.00512
3	0.01060	0.01060	0.01484	0.01272	0.01272	0.01484	0.01060	0.01166	0.00742	0.01166	0.00636	0.01060	0.00636	0.00848	0.01590	0.00212	0.82082	0.00424	0.00212	0.00530
4	0.01199	0.01151	0.01967	0.02974	0.79946	0.01151	0.01487	0.01487	0.01103	0.01583	0.00912	0.01199	0.00768	0.00432	0.00480	0.00144	0.00576	0.00432	0.00240	0.00768
5	0.01068	0.01059	0.01464	0.01257	0.01272	0.01469	0.01045	0.01242	0.04933	0.01212	0.00708	0.01100	0.00681	0.00838	0.01532	0.00209	0.77711	0.00431	0.00227	0.00543
6	0.00915	0.00861	0.01453	0.81804	0.03338	0.01077	0.01346	0.01238	0.00969	0.01238	0.00861	0.01292	0.00646	0.00484	0.00484	0.00161	0.00646	0.00431	0.00215	0.00538
7	0.00794	0.00627	0.00790	0.00739	0.00741	0.00740	0.00511	0.00828	0.00729	0.01020	0.01358	0.07624	0.01548	0.55551	0.02112	0.00383	0.22588	0.00671	0.00281	0.00364
8	0.00743	0.00532	0.00731	0.00802	0.00909	0.00520	0.00672	0.00959	0.01173	0.01570	0.23486	0.09846	0.03299	0.01256	0.00640	0.00202	0.00377	0.51367	0.00470	0.00446
9	0.01159	0.01265	0.02617	0.02295	0.23524	0.01205	0.57389	0.01535	0.01133	0.01561	0.00962	0.01278	0.00744	0.00415	0.00547	0.00158	0.00752	0.00534	0.00244	0.00685
10	0.00994	0.00910	0.01356	0.59890	0.02774	0.01112	0.01189	0.01601	0.22147	0.01452	0.01163	0.01432	0.00872	0.00531	0.00487	0.00162	0.00575	0.00462	0.00291	0.00600
11	0.00921	0.00934	0.00782	0.00830	0.00919	0.22257	0.00582	0.01017	0.01049	0.01223	0.02150	0.60478	0.02505	0.01242	0.00569	0.00177	0.00442	0.01089	0.00396	0.00439
12	0.01464	0.01063	0.01739	0.02402	0.58603	0.01032	0.01277	0.01724	0.01180	0.22923	0.01183	0.01321	0.00885	0.00477	0.00482	0.00146	0.00531	0.00447	0.00337	0.00783
13	0.24199	0.01027	0.01275	0.01100	0.01181	0.01377	0.00915	0.01236	0.00765	0.01440	0.00647	0.00986	0.00606	0.00740	0.01240	0.00195	0.59926	0.00380	0.00236	0.00529
14	0.00755	0.00541	0.00745	0.00816	0.00928	0.00531	0.00693	0.00980	0.01185	0.01584	0.23479	0.04966	0.03273	0.01244	0.00643	0.00204	0.00387	0.56128	0.00470	0.00449
15	0.01350	0.01450	0.01779	0.06725	0.54575	0.22806	0.01330	0.01595	0.01169	0.01457	0.00865	0.01116	0.00722	0.00453	0.00468	0.00140	0.00660	0.00399	0.00241	0.00700
16	0.01267	0.01027	0.01098	0.00978	0.01259	0.01174	0.00764	0.02562	0.74159	0.06975	0.01969	0.01798	0.01462	0.00654	0.00493	0.00163	0.00385	0.00544	0.00500	0.00771
17	0.00931	0.00563	0.00602	0.00524	0.00723	0.00504	0.00403	0.01154	0.01013	0.01745	0.01386	0.01589	0.01100	0.00509	0.00344	0.00102	0.00262	0.00407	0.62510	0.23630
18	0.00674	0.00457	0.00538	0.00568	0.00576	0.00449	0.00336	0.00697	0.00765	0.01020	0.01837	0.24724	0.02153	0.60883	0.01965	0.00396	0.00419	0.00887	0.00336	0.00321
19	0.01060	0.01060	0.01484	0.01272	0.01272	0.01484	0.01060	0.01166	0.00742	0.01166	0.00636	0.01060	0.00636	0.00848	0.01590	0.00212	0.82082	0.00424	0.00212	0.00530
20	0.00919	0.00719	0.00759	0.00678	0.00889	0.00704	0.00526	0.21745	0.01406	0.01775	0.03675	0.11331	0.50873	0.01081	0.00553	0.00162	0.00327	0.00898	0.00459	0.00520
21	0.01257	0.00851	0.01364	0.59856	0.02768	0.00978	0.01174	0.01543	0.01082	0.22672	0.01146	0.01389	0.00796	0.00516	0.00485	0.00158	0.00583	0.00446	0.00320	0.00616

[dist]
# distance from previous block
# <min> <max>
4	63

[block]
# block no. 3 follows, 52 sequences, length 19
# corresponding to MSA columns:
# 1695-1713
name=unknown_D
#
# <colnr> <probs for GDERKNQSTAVLIFYWHMCP>
#	G	D	E	R	K	N	Q	S	T	A	V	L	I	F	Y	W	H	M	C	P
0	0.09200	0.00818	0.00920	0.00782	0.01055	0.00816	0.00613	0.04251	0.19338	0.04297	0.06050	0.03278	0.03085	0.04941	0.11524	0.00234	0.00498	0.01915	0.00375	0.26010
1	0.17789	0.06718	0.01322	0.00978	0.01301	0.06262	0.06258	0.12421	0.03173	0.23731	0.01244	0.04967	0.00947	0.00586	0.00519	0.00149	0.06166	0.00445	0.00401	0.04624
2	0.15195	0.00943	0.01141	0.06412	0.01382	0.00897	0.03937	0.09449	0.04537	0.18343	0.01135	0.01188	0.00827	0.00470	0.00412	0.00122	0.00430	0.00373	0.00377	0.32427
3	0.01116	0.00924	0.01041	0.00818	0.01191	0.00847	0.00647	0.01740	0.28689	0.04460	0.01291	0.01312	0.01004	0.00473	0.00411	0.00107	0.00369	0.00386	0.00371	0.52801
4	0.00586	0.00470	0.00524	0.00557	0.00674	0.00408	0.00400	0.00704	0.01067	0.01330	0.09344	0.29052	0.50579	0.01302	0.00587	0.00173	0.00255	0.01124	0.00456	0.00408
5	0.01005	0.00861	0.01005	0.00718	0.01148	0.00646	0.00574	0.01220	0.01005	0.01579	0.00861	0.01005	0.00718	0.00359	0.00359	0.00072	0.00359	0.00287	0.00287	0.85932
6	0.01335	0.01105	0.01169	0.01012	0.01309	0.01266	0.00798	0.17967	0.63468	0.02236	0.01808	0.01677	0.01346	0.00642	0.00491	0.00161	0.00414	0.00525	0.00491	0.00779
7	0.00590	0.00422	0.00562	0.00675	0.00703	0.00394	0.00450	0.00675	0.00928	0.01237	0.02671	0.82653	0.03205	0.01518	0.00619	0.00197	0.00281	0.01378	0.00450	0.00394
8	0.00976	0.00831	0.00974	0.00715	0.01118	0.00629	0.00566	0.01183	0.01000	0.01556	0.00986	0.06613	0.00889	0.00439	0.00377	0.00080	0.00354	0.00362	0.00298	0.80056
9	0.01842	0.01357	0.01454	0.01115	0.01503	0.01503	0.00921	0.78330	0.02278	0.03054	0.01163	0.01163	0.00824	0.00582	0.00485	0.00145	0.00533	0.00436	0.00485	0.00824
10	0.01316	0.01093	0.01159	0.01000	0.01301	0.01240	0.00789	0.16474	0.62196	0.02201	0.01785	0.01661	0.01332	0.00633	0.00487	0.00158	0.00410	0.00518	0.00484	0.03764
11	0.00732	0.00505	0.00710	0.00710	0.00799	0.00573	0.00546	0.00909	0.00820	0.01244	0.01358	0.01928	0.01235	0.05688	0.63596	0.00646	0.01073	0.00513	0.15983	0.00432
12	0.01842	0.01357	0.01454	0.01115	0.01503	0.01503	0.00921	0.78330	0.02278	0.03054	0.01163	0.01163	0.00824	0.00582	0.00485	0.00145	0.00533	0.00436	0.00485	0.00824
13	0.00895	0.00542	0.00715	0.00645	0.00796	0.00493	0.00493	0.01118	0.01374	0.12942	0.68770	0.03343	0.04099	0.00936	0.00560	0.00152	0.00254	0.00822	0.00543	0.00509
14	0.01060	0.01060	0.01484	0.01272	0.01272	0.01484	0.01060	0.01166	0.00742	0.01166	0.00636	0.01060	0.00636	0.00848	0.01590	0.00212	0.82082	0.00424	0.00212	0.00530
15	0.01296	0.83261	0.02539	0.00829	0.01244	0.01917	0.00829	0.01451	0.00985	0.01140	0.00674	0.00777	0.00622	0.00415	0.00311	0.00104	0.00518	0.00259	0.00207	0.00622
16	0.00705	0.00470	0.00529	0.00529	0.00529	0.00470	0.00294	0.00705	0.00705	0.00940	0.01527	0.03171	0.01762	0.82969	0.02467	0.00470	0.00470	0.00705	0.00294	0.00294
17	0.01060	0.01060	0.01484	0.01272	0.01272	0.01484	0.01060	0.01166	0.00742	0.01166	0.00636	0.01060	0.00636	0.00848	0.01590	0.00212	0.82082	0.00424	0.00212	0.00530
18	0.01827	0.01822	0.01415	0.01180	0.01501	0.40282	0.00929	0.41076	0.01837	0.02143	0.00961	0.01022	0.00727	0.00542	0.00461	0.00135	0.00699	0.00376	0.00370	0.00696

[dist]
# distance from previous block
# <min> <max>
5	14

[block]
# block no. 4 follows, 52 sequences, length 6
# corresponding to MSA columns:
# 1728-1732,1734
name=unknown_E
#
# <colnr> <probs for GDERKNQSTAVLIFYWHMCP>
#	G	D	E	R	K	N	Q	S	T	A	V	L	I	F	Y	W	H	M	C	P
0	0.67280	0.01062	0.00856	0.00745	0.01051	0.05111	0.00606	0.10800	0.05349	0.02223	0.00809	0.00893	0.00619	0.00480	0.00340	0.00149	0.00419	0.00302	0.00330	0.00576
1	0.00763	0.00649	0.00895	0.00831	0.00943	0.00718	0.03351	0.00936	0.01033	0.01404	0.17841	0.03259	0.22021	0.01498	0.14395	0.00283	0.16950	0.11391	0.00379	0.00461
2	0.01156	0.00914	0.01067	0.06808	0.01322	0.01039	0.00771	0.11461	0.39090	0.05024	0.01768	0.01837	0.04863	0.01343	0.18983	0.00302	0.00626	0.00538	0.00421	0.00667
3	0.16156	0.00959	0.01196	0.00885	0.01294	0.00853	0.09196	0.06951	0.01097	0.04988	0.00906	0.01038	0.00713	0.00406	0.00386	0.00104	0.00427	0.00333	0.00312	0.51798
4	0.76327	0.00924	0.00762	0.00664	0.00973	0.01042	0.00547	0.01537	0.00892	0.11509	0.00823	0.00890	0.00605	0.00468	0.00322	0.00150	0.00379	0.00289	0.00336	0.00561
5	0.00671	0.00480	0.00651	0.00737	0.00808	0.00460	0.00563	0.00828	0.01068	0.01432	0.15997	0.42875	0.03302	0.01366	0.00628	0.00198	0.00328	0.26722	0.00463	0.00422

[dist]
# distance from previous block
# <min> <max>
4	33

[block]
# block no. 5 follows, 52 sequences, length 28
# corresponding to MSA columns:
# 1770-1797
name=unknown_F
#
# <colnr> <probs for GDERKNQSTAVLIFYWHMCP>
#	G	D	E	R	K	N	Q	S	T	A	V	L	I	F	Y	W	H	M	C	P
0	0.12644	0.01664	0.32982	0.11933	0.06999	0.01143	0.22834	0.01483	0.01028	0.01591	0.00876	0.01116	0.00649	0.00446	0.00474	0.00156	0.00680	0.00419	0.00232	0.00653
1	0.12757	0.01099	0.01031	0.00795	0.01180	0.12673	0.00630	0.03220	0.01066	0.01637	0.00827	0.00960	0.00680	0.00398	0.00366	0.00092	0.00442	0.00291	0.00288	0.59569
2	0.01705	0.01721	0.01304	0.12097	0.01662	0.49139	0.00926	0.03687	0.01342	0.16327	0.04758	0.01216	0.00930	0.00542	0.00461	0.00136	0.00716	0.00391	0.00331	0.00610
3	0.00705	0.00470	0.00529	0.00529	0.00529	0.00470	0.00294	0.00705	0.00705	0.00940	0.01527	0.03171	0.01762	0.82969	0.02467	0.00470	0.00470	0.00705	0.00294	0.00294
4	0.00601	0.00492	0.00530	0.00521	0.00672	0.00421	0.00391	0.00751	0.01172	0.01469	0.23715	0.04401	0.60844	0.01168	0.00572	0.00161	0.00241	0.00986	0.00471	0.00421
5	0.00590	0.00422	0.00562	0.00675	0.00703	0.00394	0.00450	0.00675	0.00928	0.01237	0.02671	0.82653	0.03205	0.01518	0.00619	0.00197	0.00281	0.01378	0.00450	0.00394
6	0.01060	0.01060	0.01484	0.01272	0.01272	0.01484	0.01060	0.01166	0.00742	0.01166	0.00636	0.01060	0.00636	0.00848	0.01590	0.00212	0.82082	0.00424	0.00212	0.00530
7	0.00842	0.00421	0.00631	0.00631	0.00631	0.00421	0.00421	0.00631	0.00631	0.00842	0.00842	0.01473	0.00842	0.01684	0.01894	0.85901	0.00421	0.00421	0.00210	0.00210
8	0.00590	0.00422	0.00562	0.00675	0.00703	0.00394	0.00450	0.00675	0.00928	0.01237	0.02671	0.82653	0.03205	0.01518	0.00619	0.00197	0.00281	0.01378	0.00450	0.00394
9	0.01623	0.15479	0.01581	0.01183	0.01425	0.57171	0.00936	0.01751	0.01223	0.01176	0.00721	0.00883	0.00625	0.00533	0.00573	0.00133	0.11860	0.00319	0.00238	0.00567
10	0.01810	0.02310	0.01373	0.01248	0.01498	0.81024	0.00936	0.01935	0.01373	0.01186	0.00749	0.00874	0.00624	0.00499	0.00437	0.00125	0.00874	0.00312	0.00250	0.00562
11	0.01228	0.01207	0.01939	0.02892	0.76209	0.04957	0.01461	0.01509	0.01116	0.01564	0.00904	0.01184	0.00761	0.00435	0.00478	0.00143	0.00590	0.00426	0.00240	0.00758
12	0.00972	0.02507	0.80458	0.01381	0.02097	0.01125	0.01790	0.01535	0.01023	0.01535	0.00870	0.01023	0.00614	0.00460	0.00460	0.00153	0.00716	0.00358	0.00205	0.00716
13	0.00773	0.00555	0.00770	0.00877	0.00991	0.00552	0.00765	0.00992	0.01115	0.01445	0.02655	0.05436	0.05725	0.01334	0.00666	0.00221	0.00439	0.73798	0.00446	0.00445
14	0.01117	0.05115	0.03546	0.01316	0.01434	0.07577	0.10110	0.01277	0.00859	0.01219	0.00729	0.01107	0.00677	0.00892	0.05639	0.00224	0.55963	0.00429	0.00221	0.00551
15	0.00705	0.00470	0.00529	0.00529	0.00529	0.00470	0.00294	0.00705	0.00705	0.00940	0.01527	0.03171	0.01762	0.82969	0.02467	0.00470	0.00470	0.00705	0.00294	0.00294
16	0.01502	0.01242	0.01260	0.01054	0.01374	0.05739	0.00840	0.33899	0.42989	0.02406	0.01570	0.01490	0.01161	0.00617	0.00487	0.00154	0.00473	0.00489	0.00476	0.00779
17	0.00860	0.00644	0.00870	0.00870	0.01002	0.00647	0.04332	0.11400	0.01187	0.01569	0.02361	0.34844	0.04364	0.04038	0.00679	0.00206	0.00407	0.28800	0.00438	0.00481
18	0.01144	0.01307	0.02859	0.02042	0.02533	0.01225	0.78186	0.01552	0.01144	0.01552	0.00980	0.01307	0.00735	0.00408	0.00572	0.00163	0.00817	0.00572	0.00245	0.00654
19	0.02174	0.00825	0.01125	0.00862	0.01237	0.00712	0.00712	0.02362	0.01387	0.80282	0.01912	0.01649	0.01200	0.00600	0.00487	0.00150	0.00412	0.00487	0.00600	0.00825
20	0.00972	0.02507	0.80458	0.01381	0.02097	0.01125	0.01790	0.01535	0.01023	0.01535	0.00870	0.01023	0.00614	0.00460	0.00460	0.00153	0.00716	0.00358	0.00205	0.00716
21	0.07509	0.01226	0.01156	0.00965	0.01265	0.17582	0.00764	0.20846	0.03505	0.26624	0.04443	0.09349	0.01274	0.00671	0.00480	0.00149	0.00515	0.00527	0.00458	0.00692
22	0.00604	0.00493	0.00516	0.00526	0.00658	0.00431	0.00377	0.00734	0.02693	0.01273	0.04207	0.12963	0.60607	0.10791	0.00797	0.00203	0.00278	0.01014	0.00433	0.00402
23	0.00595	0.00429	0.00565	0.00672	0.00709	0.00399	0.00455	0.00685	0.00942	0.01247	0.02779	0.76583	0.07005	0.01499	0.00618	0.00196	0.00284	0.03493	0.00450	0.00396
24	0.01110	0.01511	0.17332	0.01752	0.02186	0.03074	0.47199	0.01484	0.01050	0.01467	0.00888	0.01196	0.00691	0.00504	0.00742	0.00170	0.16275	0.00497	0.00231	0.00640
25	0.01031	0.17114	0.66364	0.01281	0.01943	0.01269	0.01617	0.01520	0.01016	0.01463	0.00834	0.00979	0.00615	0.00452	0.00433	0.00144	0.00680	0.00340	0.00205	0.00699
26	0.00616	0.00438	0.00574	0.00673	0.00707	0.00414	0.00458	0.00703	0.00924	0.01226	0.02600	0.67277	0.04732	0.09503	0.00803	0.00225	0.00311	0.06995	0.00434	0.00388
27	0.01328	0.01013	0.01118	0.00983	0.01258	0.01152	0.00774	0.02479	0.64918	0.12484	0.01901	0.01751	0.01402	0.00659	0.00545	0.00165	0.04280	0.00534	0.00494	0.00763

[dist]
# distance from previous block
# <min> <max>
0	2

[block]
# block no. 6 follows, 52 sequences, length 12
# corresponding to MSA columns:
# 1800-1811
name=unknown_G
#
# <colnr> <probs for GDERKNQSTAVLIFYWHMCP>
#	G	D	E	R	K	N	Q	S	T	A	V	L	I	F	Y	W	H	M	C	P
0	0.01029	0.00978	0.01659	0.50217	0.34035	0.01107	0.01402	0.01338	0.01023	0.01376	0.00881	0.01255	0.00695	0.00463	0.00483	0.00154	0.00618	0.00431	0.00225	0.00630
1	0.01130	0.01073	0.01786	0.13041	0.61782	0.01083	0.01369	0.01413	0.01078	0.01530	0.01012	0.01293	0.02933	0.00455	0.00474	0.00141	0.00559	0.00437	0.00246	0.07164
2	0.00692	0.00528	0.00717	0.00664	0.00791	0.00486	0.03823	0.00894	0.01260	0.01737	0.55966	0.06715	0.14093	0.05996	0.00692	0.00178	0.00281	0.03553	0.00489	0.00447
3	0.00762	0.00509	0.00618	0.00602	0.00739	0.00457	0.00454	0.00939	0.01209	0.07127	0.34819	0.12782	0.26579	0.01084	0.00562	0.00161	0.00262	0.04218	0.05657	0.00460
4	0.01056	0.22358	0.57724	0.01240	0.01850	0.01337	0.01521	0.01498	0.01001	0.01421	0.00811	0.00964	0.00617	0.00466	0.00474	0.00144	0.04292	0.00337	0.00206	0.00685
5	0.01233	0.01581	0.17024	0.02234	0.45900	0.14412	0.01407	0.01536	0.01107	0.01475	0.00879	0.01130	0.00724	0.00577	0.03327	0.00168	0.03950	0.00400	0.00234	0.00702
6	0.00995	0.05785	0.57746	0.01196	0.01830	0.01046	0.01453	0.01455	0.01017	0.01527	0.00859	0.01008	0.00639	0.00434	0.00429	0.00131	0.00621	0.00336	0.00225	0.21268
7	0.01243	0.27811	0.38276	0.01195	0.01726	0.12966	0.03608	0.05334	0.01127	0.01435	0.00808	0.00940	0.00632	0.00456	0.00414	0.00134	0.00671	0.00331	0.00227	0.00668
8	0.29237	0.00970	0.00934	0.00838	0.01096	0.05853	0.00670	0.10730	0.12970	0.10130	0.03070	0.09386	0.01346	0.00805	0.02871	0.00180	0.00452	0.07445	0.00410	0.00607
9	0.03032	0.10558	0.18818	0.01047	0.01369	0.09042	0.03011	0.10941	0.03583	0.01577	0.01476	0.20860	0.02602	0.00812	0.00556	0.00162	0.04899	0.04732	0.00332	0.00593
10	0.04160	0.05837	0.24407	0.02242	0.01547	0.09612	0.07019	0.03525	0.03862	0.08853	0.05998	0.01476	0.04596	0.00595	0.00579	0.00152	0.08975	0.00457	0.05479	0.00631
11	0.13712	0.01220	0.03737	0.01108	0.01396	0.10855	0.11088	0.14620	0.03677	0.06718	0.06817	0.03423	0.02874	0.01884	0.00645	0.00160	0.11187	0.00483	0.00352	0.04045

[dist]
# distance from previous block
# <min> <max>
6	107

[block]
# block no. 7 follows, 52 sequences, length 85
# corresponding to MSA columns:
# 1948-2032
name=unknown_H
#
# <colnr> <probs for GDERKNQSTAVLIFYWHMCP>
#	G	D	E	R	K	N	Q	S	T	A	V	L	I	F	Y	W	H	M	C	P
0	0.06672	0.01134	0.01614	0.01306	0.01476	0.05067	0.15332	0.04387	0.03273	0.02856	0.02626	0.01250	0.02498	0.00703	0.01092	0.00184	0.45121	0.00461	0.00266	0.02683
1	0.12214	0.00684	0.00810	0.00738	0.00940	0.00672	0.00561	0.03197	0.06894	0.24394	0.10670	0.26327	0.04154	0.04758	0.00607	0.00181	0.00347	0.00797	0.00480	0.00575
2	0.01205	0.00965	0.01075	0.00851	0.01202	0.02461	0.00677	0.08316	0.22754	0.06698	0.05404	0.01417	0.01167	0.00522	0.00453	0.00117	0.02084	0.00419	0.00391	0.41821
3	0.01296	0.83261	0.02539	0.00829	0.01244	0.01917	0.00829	0.01451	0.00985	0.01140	0.00674	0.00777	0.00622	0.00415	0.00311	0.00104	0.00518	0.00259	0.00207	0.00622
4	0.14422	0.01310	0.01324	0.01035	0.01405	0.04413	0.00851	0.60845	0.01982	0.04105	0.01080	0.01101	0.00776	0.00554	0.00452	0.00144	0.00516	0.00403	0.00445	0.02837
5	0.00597	0.00427	0.00568	0.00670	0.00704	0.00398	0.00450	0.00691	0.00959	0.01286	0.08043	0.77140	0.03301	0.01481	0.00615	0.00194	0.00277	0.01343	0.00456	0.00398
6	0.01296	0.83261	0.02539	0.00829	0.01244	0.01917	0.00829	0.01451	0.00985	0.01140	0.00674	0.00777	0.00622	0.00415	0.00311	0.00104	0.00518	0.00259	0.00207	0.00622
7	0.01397	0.00905	0.00990	0.00887	0.01136	0.06770	0.00704	0.01935	0.25170	0.26312	0.03765	0.07321	0.06343	0.02792	0.00573	0.00174	0.00422	0.11248	0.00493	0.00663
8	0.01163	0.01104	0.01827	0.13100	0.63383	0.01146	0.01409	0.01545	0.07588	0.01575	0.00993	0.01262	0.00811	0.00457	0.00481	0.00148	0.00569	0.00441	0.00258	0.00738
9	0.00573	0.00491	0.00491	0.00491	0.00655	0.00409	0.00368	0.00695	0.01105	0.01309	0.04909	0.04664	0.79750	0.01227	0.00573	0.00164	0.00245	0.01023	0.00450	0.00409
10	0.01007	0.11207	0.72064	0.01322	0.02005	0.01211	0.01687	0.01526	0.01019	0.01492	0.00849	0.00997	0.00615	0.00455	0.00444	0.00148	0.00695	0.00347	0.00205	0.00706
11	0.07733	0.00953	0.00932	0.00814	0.01058	0.05666	0.00640	0.14562	0.25753	0.05889	0.03220	0.01599	0.01226	0.00595	0.00427	0.00141	0.00385	0.00468	0.27297	0.00643
12	0.00598	0.00425	0.00560	0.00665	0.00691	0.00399	0.00439	0.00677	0.00912	0.01216	0.02591	0.77109	0.03104	0.07200	0.00747	0.00216	0.00294	0.01331	0.00439	0.00387
13	0.00590	0.00422	0.00562	0.00675	0.00703	0.00394	0.00450	0.00675	0.00928	0.01237	0.02671	0.82653	0.03205	0.01518	0.00619	0.00197	0.00281	0.01378	0.00450	0.00394
14	0.00924	0.00870	0.01469	0.79469	0.05607	0.01079	0.01350	0.01246	0.00973	0.01248	0.00863	0.01289	0.00650	0.00483	0.00484	0.00161	0.00644	0.00431	0.00216	0.00545
15	0.01296	0.83261	0.02539	0.00829	0.01244	0.01917	0.00829	0.01451	0.00985	0.01140	0.00674	0.00777	0.00622	0.00415	0.00311	0.00104	0.00518	0.00259	0.00207	0.00622
16	0.00842	0.00421	0.00631	0.00631	0.00631	0.00421	0.00421	0.00631	0.00631	0.00842	0.00842	0.01473	0.00842	0.01684	0.01894	0.85901	0.00421	0.00421	0.00210	0.00210
17	0.01051	0.01050	0.01495	0.01275	0.01289	0.01453	0.02781	0.01166	0.00752	0.01174	0.00663	0.01090	0.00655	0.00920	0.03889	0.00228	0.77895	0.00430	0.00214	0.00530
18	0.01087	0.01140	0.01930	0.01522	0.01680	0.01401	0.26031	0.01291	0.00872	0.01291	0.00748	0.01140	0.00668	0.00706	0.01261	0.00196	0.55772	0.00472	0.00223	0.00570
19	0.01832	0.01671	0.01428	0.01159	0.01501	0.27686	0.00926	0.53177	0.01980	0.02439	0.01027	0.01068	0.00758	0.00555	0.00469	0.00139	0.00645	0.00395	0.00407	0.00738
20	0.01005	0.00861	0.01005	0.00718	0.01148	0.00646	0.00574	0.01220	0.01005	0.01579	0.00861	0.01005	0.00718	0.00359	0.00359	0.00072	0.00359	0.00287	0.00287	0.85932
21	0.01296	0.83261	0.02539	0.00829	0.01244	0.01917	0.00829	0.01451	0.00985	0.01140	0.00674	0.00777	0.00622	0.00415	0.00311	0.00104	0.00518	0.00259	0.00207	0.00622
22	0.00590	0.00422	0.00562	0.00675	0.00703	0.00394	0.00450	0.00675	0.00928	0.01237	0.02671	0.82653	0.03205	0.01518	0.00619	0.00197	0.00281	0.01378	0.00450	0.00394
23	0.00595	0.00425	0.00566	0.00672	0.00704	0.00397	0.00450	0.00686	0.00948	0.01270	0.06259	0.78971	0.03269	0.01494	0.00616	0.00195	0.00279	0.01354	0.00454	0.00397
24	0.00704	0.00472	0.00541	0.00541	0.00545	0.00477	0.00309	0.00713	0.00708	0.00949	0.01515	0.03108	0.01734	0.78997	0.06401	0.00485	0.00511	0.00695	0.00292	0.00301
25	0.01920	0.01232	0.01377	0.01056	0.01440	0.01317	0.00872	0.60481	0.02069	0.21200	0.01339	0.01278	0.00912	0.00586	0.00485	0.00146	0.00505	0.00448	0.00512	0.00824
26	0.00578	0.00491	0.00498	0.00496	0.00658	0.00411	0.00372	0.00705	0.01116	0.01336	0.08120	0.04619	0.76522	0.01217	0.00573	0.00163	0.00245	0.01016	0.00454	0.00411
27	0.01060	0.01060	0.01484	0.01272	0.01272	0.01484	0.01060	0.01166	0.00742	0.01166	0.00636	0.01060	0.00636	0.00848	0.01590	0.00212	0.82082	0.00424	0.00212	0.00530
28	0.01005	0.00861	0.01005	0.00718	0.01148	0.00646	0.00574	0.01220	0.01005	0.01579	0.00861	0.01005	0.00718	0.00359	0.00359	0.00072	0.00359	0.00287	0.00287	0.85932
29	0.00618	0.00491	0.00555	0.00543	0.00683	0.00428	0.00406	0.00782	0.01207	0.01561	0.34735	0.06137	0.47856	0.01140	0.00573	0.00160	0.00240	0.00973	0.00483	0.00428
30	0.01296	0.83261	0.02539	0.00829	0.01244	0.01917	0.00829	0.01451	0.00985	0.01140	0.00674	0.00777	0.00622	0.00415	0.00311	0.00104	0.00518	0.00259	0.00207	0.00622
31	0.86392	0.00937	0.00712	0.00637	0.00937	0.01087	0.00525	0.01425	0.00825	0.02174	0.00675	0.00787	0.00525	0.00450	0.00300	0.00150	0.00375	0.00262	0.00300	0.00525
32	0.01842	0.01357	0.01454	0.01115	0.01503	0.01503	0.00921	0.78330	0.02278	0.03054	0.01163	0.01163	0.00824	0.00582	0.00485	0.00145	0.00533	0.00436	0.00485	0.00824
33	0.00702	0.00482	0.00590	0.00590	0.00611	0.00503	0.00370	0.00744	0.00723	0.00985	0.01471	0.02860	0.01627	0.63491	0.21760	0.00546	0.00673	0.00659	0.00285	0.00328
34	0.00590	0.00422	0.00562	0.00675	0.00703	0.00394	0.00450	0.00675	0.00928	0.01237	0.02671	0.82653	0.03205	0.01518	0.00619	0.00197	0.00281	0.01378	0.00450	0.00394
35	0.00573	0.00491	0.00491	0.00491	0.00655	0.00409	0.00368	0.00695	0.01105	0.01309	0.04909	0.04664	0.79750	0.01227	0.00573	0.00164	0.00245	0.01023	0.00450	0.00409
36	0.00842	0.00421	0.00631	0.00631	0.00631	0.00421	0.00421	0.00631	0.00631	0.00842	0.00842	0.01473	0.00842	0.01684	0.01894	0.85901	0.00421	0.00421	0.00210	0.00210
37	0.00776	0.00640	0.00855	0.00774	0.00861	0.00719	0.00608	0.00968	0.01196	0.01710	0.55406	0.03016	0.07518	0.00966	0.00834	0.00168	0.21296	0.00768	0.00446	0.00473
38	0.00681	0.00484	0.00561	0.00547	0.00674	0.00438	0.00408	0.00869	0.01209	0.01686	0.39361	0.06650	0.28630	0.01018	0.00535	0.00151	0.00236	0.00873	0.14551	0.00438
39	0.01013	0.12727	0.70596	0.01311	0.01989	0.01226	0.01669	0.01524	0.01018	0.01485	0.00845	0.00992	0.00615	0.00455	0.00441	0.00147	0.00691	0.00346	0.00205	0.00704
40	0.00837	0.00424	0.00636	0.00636	0.00638	0.00426	0.00426	0.00638	0.00636	0.00850	0.00855	0.01486	0.00853	0.01741	0.04239	0.83379	0.00447	0.00424	0.00212	0.00217
41	0.00590	0.00422	0.00562	0.00675	0.00703	0.00394	0.00450	0.00675	0.00928	0.01237	0.02671	0.82653	0.03205	0.01518	0.00619	0.00197	0.00281	0.01378	0.00450	0.00394
42	0.01296	0.83261	0.02539	0.00829	0.01244	0.01917	0.00829	0.01451	0.00985	0.01140	0.00674	0.00777	0.00622	0.00415	0.00311	0.00104	0.00518	0.00259	0.00207	0.00622
