[name]
unknown

[dist]
# distance from previous block
# <min> <max>
0	64

[block]
# block no. 0 follows, 51 sequences, length 6
# corresponding to MSA columns:
# 97-102
name=unknown_A
#
# <colnr> <probs for GDERKNQSTAVLIFYWHMCP>
#	G	D	E	R	K	N	Q	S	T	A	V	L	I	F	Y	W	H	M	C	P
0	0.00617	0.00456	0.00606	0.00683	0.00740	0.00444	0.00478	0.00726	0.00932	0.01240	0.02699	0.56919	0.11950	0.01937	0.16764	0.00314	0.00488	0.01179	0.00417	0.00409
1	0.00724	0.00493	0.00595	0.00569	0.00692	0.00456	0.00427	0.00941	0.01281	0.01854	0.53451	0.03447	0.14297	0.00951	0.00532	0.00148	0.00234	0.00823	0.17631	0.00456
2	0.01186	0.17502	0.01500	0.00947	0.01243	0.01222	0.00805	0.04437	0.04109	0.04728	0.00870	0.01055	0.00740	0.00551	0.00732	0.00131	0.24047	0.00351	0.00282	0.33562
3	0.01262	0.42554	0.01789	0.00875	0.01175	0.19138	0.00762	0.01433	0.01193	0.01388	0.22122	0.01595	0.01721	0.00599	0.00416	0.00123	0.00526	0.00445	0.00310	0.00572
4	0.00856	0.18144	0.17042	0.00816	0.01113	0.00895	0.00803	0.01107	0.01143	0.01541	0.27583	0.13349	0.12010	0.00876	0.00508	0.00152	0.00402	0.00739	0.00383	0.00537
5	0.08400	0.40172	0.11136	0.00893	0.01255	0.04151	0.00876	0.01420	0.03285	0.03757	0.03030	0.07824	0.02979	0.00659	0.00421	0.00141	0.00504	0.08202	0.00297	0.00597

[dist]
# distance from previous block
# <min> <max>
27	210

[block]
# block no. 1 follows, 51 sequences, length 18
# corresponding to MSA columns:
# 357-374
name=unknown_B
#
# <colnr> <probs for GDERKNQSTAVLIFYWHMCP>
#	G	D	E	R	K	N	Q	S	T	A	V	L	I	F	Y	W	H	M	C	P
0	0.18084	0.01299	0.01427	0.01163	0.02852	0.15775	0.12370	0.08688	0.04505	0.09570	0.00998	0.01120	0.00760	0.00516	0.00534	0.00144	0.07219	0.00394	0.00332	0.12252
1	0.34753	0.01099	0.01116	0.05124	0.01344	0.09190	0.06785	0.01712	0.14722	0.06449	0.05496	0.01289	0.01024	0.00529	0.00416	0.00147	0.00476	0.00406	0.00355	0.07568
2	0.04859	0.02309	0.67047	0.01402	0.02072	0.01151	0.07723	0.01599	0.04420	0.01609	0.00931	0.01084	0.00666	0.00471	0.00470	0.00157	0.00704	0.00384	0.00228	0.00715
3	0.00928	0.00873	0.01474	0.81548	0.03385	0.01092	0.01365	0.01256	0.00983	0.01256	0.00873	0.01310	0.00655	0.00491	0.00491	0.00164	0.00655	0.00437	0.00218	0.00546
4	0.00965	0.00911	0.01540	0.71615	0.13033	0.01101	0.01383	0.01288	0.01000	0.01300	0.00880	0.01298	0.00671	0.00485	0.00491	0.00162	0.00646	0.00437	0.00222	0.00575
5	0.00928	0.00873	0.01474	0.81548	0.03385	0.01092	0.01365	0.01256	0.00983	0.01256	0.00873	0.01310	0.00655	0.00491	0.00491	0.00164	0.00655	0.00437	0.00218	0.00546
6	0.00928	0.00873	0.01474	0.81548	0.03385	0.01092	0.01365	0.01256	0.00983	0.01256	0.00873	0.01310	0.00655	0.00491	0.00491	0.00164	0.00655	0.00437	0.00218	0.00546
7	0.01107	0.01056	0.01797	0.32817	0.50718	0.01139	0.01454	0.01412	0.01067	0.01473	0.00905	0.01252	0.00732	0.00458	0.00488	0.00153	0.00611	0.00437	0.00234	0.00690
8	0.00599	0.00428	0.00570	0.00684	0.00713	0.00399	0.00456	0.00684	0.00941	0.01254	0.02709	0.82409	0.03250	0.01540	0.00627	0.00200	0.00285	0.01397	0.00456	0.00399
9	0.01019	0.00873	0.01019	0.00728	0.01165	0.00655	0.00582	0.01237	0.01019	0.01601	0.00873	0.01019	0.00728	0.00364	0.00364	0.00073	0.00364	0.00291	0.00291	0.85734
10	0.01000	0.02443	0.73866	0.01455	0.02163	0.01150	0.08033	0.01558	0.01048	0.01558	0.00891	0.01061	0.00633	0.00463	0.00476	0.00156	0.00735	0.00381	0.00211	0.00721
11	0.00581	0.00498	0.00498	0.00498	0.00664	0.00415	0.00373	0.00705	0.01120	0.01328	0.04978	0.04729	0.79464	0.01245	0.00581	0.00166	0.00249	0.01037	0.00456	0.00415
12	0.01019	0.00873	0.01019	0.00728	0.01165	0.00655	0.00582	0.01237	0.01019	0.01601	0.00873	0.01019	0.00728	0.00364	0.00364	0.00073	0.00364	0.00291	0.00291	0.85734
13	0.01187	0.01139	0.01907	0.02698	0.65950	0.01145	0.05386	0.01568	0.07469	0.01629	0.01184	0.01418	0.04107	0.00489	0.00496	0.00150	0.00567	0.00480	0.00273	0.00757
14	0.01617	0.01784	0.01490	0.01326	0.04509	0.44498	0.07225	0.09217	0.09384	0.04309	0.01012	0.01143	0.00803	0.00678	0.03878	0.00170	0.05608	0.00401	0.00312	0.00634
15	0.01248	0.01153	0.01840	0.15507	0.59908	0.04545	0.01420	0.01533	0.01124	0.05622	0.00962	0.01241	0.00775	0.00458	0.00486	0.00148	0.00600	0.00435	0.00259	0.00735
16	0.01231	0.01177	0.01892	0.04771	0.68973	0.03615	0.01427	0.04405	0.01155	0.01621	0.00945	0.01238	0.00792	0.00586	0.03929	0.00173	0.00625	0.00438	0.00253	0.00754
17	0.01561	0.01260	0.01263	0.01003	0.01349	0.08765	0.00806	0.45333	0.05036	0.02449	0.03618	0.04357	0.01056	0.00595	0.00466	0.00134	0.00502	0.00460	0.04706	0.15280

[dist]
# distance from previous block
# <min> <max>
18	58

[block]
# block no. 2 follows, 51 sequences, length 10
# corresponding to MSA columns:
# 442-451
name=unknown_C
#
# <colnr> <probs for GDERKNQSTAVLIFYWHMCP>
#	G	D	E	R	K	N	Q	S	T	A	V	L	I	F	Y	W	H	M	C	P
0	0.05425	0.01005	0.01602	0.26562	0.02185	0.01046	0.18398	0.03578	0.07394	0.01571	0.01029	0.03313	0.00826	0.00501	0.00520	0.00145	0.03746	0.00461	0.00283	0.20409
1	0.01171	0.01100	0.01325	0.38052	0.02270	0.10064	0.01026	0.10492	0.01199	0.01575	0.00897	0.01157	0.00696	0.00466	0.00447	0.00130	0.00578	0.00379	0.00277	0.26697
2	0.01451	0.01258	0.01389	0.01120	0.01381	0.07252	0.00916	0.32475	0.04909	0.02066	0.00967	0.01128	0.00772	0.00636	0.00821	0.00156	0.26159	0.00410	0.00355	0.14378
3	0.00628	0.00447	0.00570	0.00653	0.00689	0.00421	0.00434	0.00710	0.00932	0.01238	0.05557	0.59099	0.06831	0.15964	0.00959	0.00246	0.00320	0.03484	0.00431	0.00386
4	0.00663	0.00486	0.00631	0.00704	0.00773	0.00465	0.00506	0.00847	0.04306	0.01442	0.16223	0.53215	0.06463	0.01376	0.00618	0.00192	0.00298	0.09887	0.00472	0.00433
5	0.01021	0.00724	0.01042	0.00911	0.01113	0.00707	0.09481	0.03996	0.10270	0.11130	0.21803	0.17047	0.05872	0.04137	0.00650	0.00185	0.00394	0.08486	0.00472	0.00560
6	0.00757	0.00642	0.01050	0.18602	0.01522	0.00665	0.09580	0.00937	0.00973	0.01286	0.02021	0.44517	0.02262	0.06771	0.00725	0.00209	0.00454	0.06201	0.00369	0.00458
7	0.01128	0.01075	0.01795	0.06884	0.66532	0.01077	0.01370	0.01402	0.01112	0.01555	0.01388	0.01626	0.09830	0.00534	0.00498	0.00149	0.00549	0.00507	0.00266	0.00724
8	0.00939	0.00622	0.00867	0.00752	0.00897	0.00661	0.09362	0.01174	0.00998	0.01679	0.01417	0.01712	0.01140	0.00865	0.07823	0.00191	0.08027	0.00476	0.59911	0.00487
9	0.26283	0.01060	0.01142	0.00966	0.01200	0.01251	0.00786	0.27008	0.03486	0.02155	0.01099	0.09310	0.00978	0.00784	0.02684	0.00185	0.18139	0.00490	0.00367	0.00626

[dist]
# distance from previous block
# <min> <max>
8	20

[block]
# block no. 3 follows, 51 sequences, length 13
# corresponding to MSA columns:
# 536-548
name=unknown_D
#
# <colnr> <probs for GDERKNQSTAVLIFYWHMCP>
#	G	D	E	R	K	N	Q	S	T	A	V	L	I	F	Y	W	H	M	C	P
0	0.01512	0.50773	0.02004	0.00863	0.01258	0.01519	0.00796	0.01819	0.09929	0.20602	0.01147	0.01132	0.00876	0.00493	0.00382	0.00123	0.00478	0.00354	0.00343	0.03597
1	0.01067	0.00761	0.00922	0.00830	0.01014	0.00817	0.00644	0.01646	0.26204	0.11133	0.33559	0.08228	0.02804	0.00875	0.00630	0.00166	0.06851	0.00734	0.00504	0.00610
2	0.01314	0.83025	0.02575	0.00841	0.01261	0.01945	0.00841	0.01472	0.00999	0.01156	0.00683	0.00788	0.00631	0.00420	0.00315	0.00105	0.00526	0.00263	0.00210	0.00631
3	0.01868	0.01376	0.01475	0.01131	0.01524	0.01524	0.00934	0.78025	0.02311	0.03097	0.01180	0.01180	0.00836	0.00590	0.00492	0.00147	0.00541	0.00442	0.00492	0.00836
4	0.86201	0.00950	0.00722	0.00646	0.00950	0.01102	0.00532	0.01445	0.00836	0.02205	0.00684	0.00798	0.00532	0.00456	0.00304	0.00152	0.00380	0.00266	0.00304	0.00532
5	0.01089	0.01117	0.01417	0.01225	0.01256	0.06939	0.01010	0.01199	0.00827	0.01196	0.01001	0.01355	0.06964	0.00866	0.01449	0.00205	0.69649	0.00471	0.00237	0.00530
6	0.01868	0.01376	0.01475	0.01131	0.01524	0.01524	0.00934	0.78025	0.02311	0.03097	0.01180	0.01180	0.00836	0.00590	0.00492	0.00147	0.00541	0.00442	0.00492	0.00836
7	0.01222	0.01056	0.01111	0.01000	0.01278	0.01222	0.00778	0.02611	0.78776	0.02056	0.02000	0.01833	0.01500	0.00667	0.00500	0.00167	0.00389	0.00556	0.00500	0.00778
8	0.01983	0.00790	0.01077	0.00856	0.01196	0.00690	0.00706	0.02179	0.01386	0.68169	0.08197	0.02108	0.01605	0.00693	0.00514	0.00158	0.00406	0.05915	0.00592	0.00779
9	0.01075	0.01075	0.01505	0.01290	0.01290	0.01505	0.01075	0.01183	0.00753	0.01183	0.00645	0.01075	0.00645	0.00860	0.01613	0.00215	0.81830	0.00430	0.00215	0.00538
10	0.01868	0.01376	0.01475	0.01131	0.01524	0.01524	0.00934	0.78025	0.02311	0.03097	0.01180	0.01180	0.00836	0.00590	0.00492	0.00147	0.00541	0.00442	0.00492	0.00836
11	0.01019	0.00873	0.01019	0.00728	0.01165	0.00655	0.00582	0.01237	0.01019	0.01601	0.00873	0.01019	0.00728	0.00364	0.00364	0.00073	0.00364	0.00291	0.00291	0.85734
12	0.01213	0.27885	0.13408	0.01056	0.01442	0.12501	0.06400	0.01666	0.15097	0.01454	0.03459	0.01578	0.09696	0.00590	0.00444	0.00139	0.00565	0.00463	0.00307	0.00637

[dist]
# distance from previous block
# <min> <max>
16	254

[block]
# block no. 4 follows, 51 sequences, length 79
# corresponding to MSA columns:
# 806-833,835-844,853-893
name=unknown_E
#
# <colnr> <probs for GDERKNQSTAVLIFYWHMCP>
#	G	D	E	R	K	N	Q	S	T	A	V	L	I	F	Y	W	H	M	C	P
0	0.21469	0.03317	0.03159	0.00901	0.01207	0.11256	0.04801	0.03984	0.01166	0.09596	0.10565	0.03677	0.01445	0.00642	0.00452	0.00144	0.00476	0.07686	0.00370	0.13684
1	0.12226	0.02566	0.01031	0.00857	0.01097	0.01015	0.00684	0.30046	0.03571	0.03598	0.12429	0.02338	0.01741	0.13706	0.02090	0.00220	0.00462	0.09287	0.00432	0.00603
2	0.63394	0.00944	0.00794	0.00709	0.00996	0.01084	0.00573	0.05634	0.11065	0.02183	0.00995	0.03595	0.00799	0.00531	0.00352	0.00153	0.00379	0.00359	0.04889	0.00572
3	0.57459	0.00972	0.00855	0.03627	0.01113	0.02385	0.00621	0.06819	0.09826	0.02112	0.01027	0.06798	0.00870	0.00566	0.00373	0.00154	0.00403	0.00400	0.00346	0.03273
4	0.00762	0.00564	0.00698	0.00684	0.00809	0.00545	0.00519	0.05039	0.04158	0.01778	0.43052	0.15404	0.11455	0.03701	0.00650	0.00180	0.00294	0.08736	0.00499	0.00474
5	0.01018	0.00838	0.00979	0.00747	0.01108	0.00694	0.00590	0.06692	0.03627	0.01759	0.12550	0.05508	0.01460	0.00542	0.00422	0.00099	0.00354	0.00453	0.00357	0.60200
6	0.00797	0.00606	0.00783	0.00744	0.00780	0.00705	0.00531	0.00911	0.03537	0.01100	0.01338	0.02390	0.01402	0.40876	0.23333	0.02820	0.13851	0.00598	0.02504	0.00394
7	0.04173	0.01330	0.01279	0.01065	0.01383	0.12948	0.00851	0.30083	0.25225	0.06760	0.01395	0.01428	0.01049	0.00612	0.00515	0.00151	0.03101	0.01933	0.00442	0.04275
8	0.01222	0.20957	0.02624	0.03804	0.02148	0.05656	0.48890	0.01539	0.01106	0.01423	0.00884	0.01159	0.00704	0.00448	0.00566	0.00152	0.05364	0.00477	0.00237	0.00640
9	0.00622	0.00446	0.00591	0.00668	0.00718	0.00415	0.00458	0.00743	0.01049	0.01426	0.21111	0.63516	0.03583	0.01411	0.00616	0.00189	0.00272	0.01275	0.00477	0.00415
10	0.01035	0.14620	0.68537	0.01317	0.01997	0.01262	0.01669	0.01544	0.01032	0.01496	0.00852	0.01000	0.00624	0.00460	0.00444	0.00148	0.00696	0.00348	0.00208	0.00712
11	0.00693	0.00497	0.00677	0.00788	0.00861	0.00481	0.00619	0.00849	0.01039	0.01362	0.02716	0.42676	0.05048	0.01443	0.00651	0.00212	0.00366	0.38142	0.00454	0.00426
12	0.00602	0.00429	0.00569	0.00680	0.00708	0.00401	0.00452	0.00685	0.00935	0.01246	0.02677	0.80251	0.03210	0.03752	0.00678	0.00207	0.00290	0.01378	0.00452	0.00396
13	0.01003	0.06827	0.76051	0.01371	0.02081	0.01184	0.01764	0.01552	0.01035	0.01535	0.00871	0.01024	0.00623	0.00464	0.00459	0.00153	0.00716	0.00358	0.00208	0.00721
14	0.02131	0.00856	0.01145	0.00875	0.01259	0.00745	0.00722	0.04821	0.01416	0.73300	0.01857	0.01622	0.01178	0.00595	0.00487	0.00148	0.00419	0.00482	0.00588	0.05356
15	0.01222	0.01056	0.01111	0.01000	0.01278	0.01222	0.00778	0.02611	0.78776	0.02056	0.02000	0.01833	0.01500	0.00667	0.00500	0.00167	0.00389	0.00556	0.00500	0.00778
16	0.01075	0.01075	0.01505	0.01290	0.01290	0.01505	0.01075	0.01183	0.00753	0.01183	0.00645	0.01075	0.00645	0.00860	0.01613	0.00215	0.81830	0.00430	0.00215	0.00538
17	0.00928	0.00873	0.01474	0.81548	0.03385	0.01092	0.01365	0.01256	0.00983	0.01256	0.00873	0.01310	0.00655	0.00491	0.00491	0.00164	0.00655	0.00437	0.00218	0.00546
18	0.76387	0.00937	0.00771	0.00673	0.00986	0.01058	0.00554	0.01556	0.00903	0.11294	0.00831	0.00900	0.00612	0.00474	0.00326	0.00152	0.00385	0.00293	0.00340	0.00568
19	0.00599	0.00428	0.00570	0.00684	0.00713	0.00399	0.00456	0.00684	0.00941	0.01254	0.02709	0.82409	0.03250	0.01540	0.00627	0.00200	0.00285	0.01397	0.00456	0.00399
20	0.01042	0.01027	0.01442	0.01246	0.01254	0.01427	0.01035	0.01156	0.00756	0.01179	0.00704	0.01151	0.00697	0.01109	0.08592	0.00266	0.74732	0.00439	0.00219	0.00529
21	0.01216	0.01168	0.01995	0.03016	0.79664	0.01168	0.01508	0.01508	0.01119	0.01605	0.00924	0.01216	0.00778	0.00438	0.00487	0.00146	0.00584	0.00438	0.00243	0.00778
22	0.00715	0.00476	0.00536	0.00536	0.00536	0.00476	0.00298	0.00715	0.00715	0.00953	0.01548	0.03216	0.01787	0.82729	0.02501	0.00476	0.00476	0.00715	0.00298	0.00298
23	0.00881	0.00787	0.00744	0.00708	0.00862	0.12040	0.00536	0.01050	0.01254	0.04362	0.31993	0.08156	0.28423	0.01039	0.00584	0.00161	0.01942	0.03546	0.00460	0.00473
24	0.01050	0.00895	0.01063	0.05048	0.01298	0.00715	0.00639	0.04515	0.01072	0.01647	0.00887	0.01041	0.00729	0.00380	0.00376	0.00081	0.00387	0.00305	0.00296	0.77575
25	0.00928	0.00873	0.01474	0.81548	0.03385	0.01092	0.01365	0.01256	0.00983	0.01256	0.00873	0.01310	0.00655	0.00491	0.00491	0.00164	0.00655	0.00437	0.00218	0.00546
26	0.01075	0.01075	0.01505	0.01290	0.01290	0.01505	0.01075	0.01183	0.00753	0.01183	0.00645	0.01075	0.00645	0.00860	0.01613	0.00215	0.81830	0.00430	0.00215	0.00538
27	0.01079	0.09148	0.10326	0.10955	0.01670	0.02724	0.03685	0.01279	0.00862	0.01244	0.00746	0.02266	0.00684	0.00719	0.01158	0.00188	0.50051	0.00425	0.00219	0.00571
28	0.01314	0.83025	0.02575	0.00841	0.01261	0.01945	0.00841	0.01472	0.00999	0.01156	0.00683	0.00788	0.00631	0.00420	0.00315	0.00105	0.00526	0.00263	0.00210	0.00631
29	0.00986	0.02542	0.80183	0.01401	0.02127	0.01141	0.01816	0.01556	0.01038	0.01556	0.00882	0.01038	0.00623	0.00467	0.00467	0.00156	0.00726	0.00363	0.00208	0.00726
30	0.00601	0.00496	0.00530	0.00545	0.00693	0.00425	0.00410	0.00734	0.01119	0.01364	0.08593	0.11840	0.63978	0.01266	0.00591	0.00172	0.00263	0.05502	0.00461	0.00418
31	0.01077	0.24903	0.58621	0.01245	0.01886	0.01364	0.01545	0.01533	0.01027	0.01445	0.00827	0.00968	0.00625	0.00454	0.00425	0.00142	0.00671	0.00335	0.00208	0.00700
32	0.00630	0.00475	0.00583	0.00608	0.00707	0.00428	0.00436	0.00781	0.01158	0.01542	0.31951	0.31660	0.24734	0.01259	0.00597	0.00174	0.00255	0.01108	0.00488	0.00428
33	0.00986	0.02542	0.80183	0.01401	0.02127	0.01141	0.01816	0.01556	0.01038	0.01556	0.00882	0.01038	0.00623	0.00467	0.00467	0.00156	0.00726	0.00363	0.00208	0.00726
34	0.00581	0.00498	0.00498	0.00498	0.00664	0.00415	0.00373	0.00705	0.01120	0.01328	0.04978	0.04729	0.79464	0.01245	0.00581	0.00166	0.00249	0.01037	0.00456	0.00415
35	0.86201	0.00950	0.00722	0.00646	0.00950	0.01102	0.00532	0.01445	0.00836	0.02205	0.00684	0.00798	0.00532	0.00456	0.00304	0.00152	0.00380	0.00266	0.00304	0.00532
36	0.01314	0.83025	0.02575	0.00841	0.01261	0.01945	0.00841	0.01472	0.00999	0.01156	0.00683	0.00788	0.00631	0.00420	0.00315	0.00105	0.00526	0.00263	0.00210	0.00631
37	0.01106	0.00854	0.01013	0.00739	0.01156	0.00652	0.00590	0.01317	0.01049	0.08312	0.01030	0.03984	0.00860	0.00427	0.00385	0.00084	0.00366	0.00348	0.00324	0.75404
38	0.00597	0.00497	0.00521	0.00518	0.00674	0.00421	0.00387	0.00735	0.01153	0.01412	0.14919	0.06105	0.67936	0.01218	0.00582	0.00165	0.00247	0.01024	0.00468	0.00421
39	0.00749	0.06844	0.00926	0.00794	0.00907	0.00716	0.00632	0.00923	0.00806	0.01142	0.01268	0.01843	0.01183	0.03436	0.74620	0.00737	0.01256	0.00506	0.00259	0.00453
40	0.00708	0.00497	0.00656	0.00620	0.00727	0.00461	0.00461	0.00905	0.01334	0.01885	0.73390	0.03504	0.04347	0.01058	0.00682	0.06705	0.00247	0.00853	0.00516	0.00445
41	0.01163	0.07600	0.04858	0.01918	0.02388	0.01308	0.65866	0.01545	0.01123	0.01521	0.00949	0.01263	0.00728	0.00440	0.00612	0.00163	0.05115	0.00542	0.00243	0.00655
42	0.01266	0.01184	0.01955	0.02872	0.73681	0.01195	0.01464	0.07367	0.01210	0.01720	0.00944	0.01213	0.00783	0.00450	0.00487	0.00146	0.00581	0.00438	0.00262	0.00783
43	0.01053	0.02453	0.74156	0.01380	0.02081	0.01171	0.01748	0.07412	0.01135	0.01674	0.00905	0.01048	0.00639	0.00476	0.00469	0.00155	0.00712	0.00369	0.00229	0.00735
44	0.02072	0.00797	0.01070	0.00832	0.01184	0.00695	0.00683	0.02266	0.01368	0.71962	0.01904	0.01689	0.01221	0.00605	0.00479	0.00148	0.00399	0.00490	0.09337	0.00797
45	0.01215	0.58686	0.26045	0.01010	0.01523	0.01702	0.01136	0.01497	0.01010	0.01277	0.00743	0.00864	0.00628	0.00434	0.00361	0.00120	0.00586	0.00293	0.00209	0.00660
46	0.01306	0.76757	0.02531	0.01007	0.07265	0.01885	0.00892	0.01474	0.01008	0.01191	0.00702	0.00821	0.00642	0.00422	0.00328	0.00108	0.00530	0.00276	0.00213	0.00642
47	0.00599	0.00428	0.00570	0.00684	0.00713	0.00399	0.00456	0.00684	0.00941	0.01254	0.02709	0.82409	0.03250	0.01540	0.00627	0.00200	0.00285	0.01397	0.00456	0.00399
48	0.00842	0.00434	0.00652	0.00652	0.00658	0.00441	0.00441	0.00658	0.00652	0.00876	0.00889	0.01527	0.00882	0.01859	0.07959	0.79200	0.00495	0.00434	0.00217	0.00231
49	0.01011	0.00566	0.00582	0.00542	0.00681	0.00584	0.00409	0.10063	0.01155	0.01912	0.01550	0.01862	0.01251	0.06865	0.00526	0.00146	0.00284	0.00476	0.69045	0.00490
50	0.01004	0.02428	0.74128	0.01370	0.02062	0.01147	0.01736	0.01637	0.06990	0.01595	0.00968	0.01098	0.00690	0.00482	0.00469	0.00156	0.00700	0.00378	0.00230	0.00730
51	0.86201	0.00950	0.00722	0.00646	0.00950	0.01102	0.00532	0.01445	0.00836	0.02205	0.00684	0.00798	0.00532	0.00456	0.00304	0.00152	0.00380	0.00266	0.00304	0.00532
52	0.00696	0.00502	0.00657	0.00618	0.00734	0.00464	0.00464	0.00927	0.01391	0.01971	0.79405	0.03671	0.04637	0.01005	0.00580	0.00155	0.00232	0.00889	0.00541	0.00464
53	0.01836	0.02342	0.01393	0.01266	0.01519	0.80756	0.00950	0.01962	0.01393	0.01203	0.00760	0.00886	0.00633	0.00506	0.00443	0.00127	0.00886	0.00317	0.00253	0.00570
54	0.00598	0.00430	0.00568	0.00678	0.00711	0.00400	0.00453	0.00685	0.00947	0.01257	0.02783	0.79853	0.05757	0.01530	0.00626	0.00198	0.00284	0.01385	0.00456	0.00400
55	0.00928	0.00873	0.01474	0.81548	0.03385	0.01092	0.01365	0.01256	0.00983	0.01256	0.00873	0.01310	0.00655	0.00491	0.00491	0.00164	0.00655	0.00437	0.00218	0.00546
56	0.01222	0.01056	0.01111	0.01000	0.01278	0.01222	0.00778	0.02611	0.78776	0.02056	0.02000	0.01833	0.01500	0.00667	0.00500	0.00167	0.00389	0.00556	0.00500	0.00778
57	0.86201	0.00950	0.00722	0.00646	0.00950	0.01102	0.00532	0.01445	0.00836	0.02205	0.00684	0.00798	0.00532	0.00456	0.00304	0.00152	0.00380	0.00266	0.00304	0.00532
58	0.05534	0.00994	0.01616	0.63756	0.03076	0.04237	0.11255	0.01335	0.01014	0.01345	0.00875	0.01268	0.00659	0.00480	0.00491	0.00162	0.00672	0.00442	0.00228	0.00561
59	0.01061	0.01139	0.02378	0.01771	0.02171	0.01077	0.59349	0.01439	0.02667	0.01539	0.01379	0.09941	0.01261	0.00645	0.00595	0.00176	0.00720	0.09779	0.00299	0.00613
60	0.86201	0.00950	0.00722	0.00646	0.00950	0.01102	0.00532	0.01445	0.00836	0.02205	0.00684	0.00798	0.00532	0.00456	0.00304	0.00152	0.00380	0.00266	0.00304	0.00532
61	0.00602	0.00498	0.00509	0.00510	0.00671	0.00422	0.00385	0.00737	0.01130	0.01378	0.08207	0.04594	0.71744	0.01212	0.00574	0.00165	0.00251	0.02494	0.03498	0.00419
62	0.00715	0.00476	0.00536	0.00536	0.00536	0.00476	0.00298	0.00715	0.00715	0.00953	0.01548	0.03216	0.01787	0.82729	0.02501	0.00476	0.00476	0.00715	0.00298	0.00298
63	0.01019	0.00873	0.01019	0.00728	0.01165	0.00655	0.00582	0.01237	0.01019	0.01601	0.00873	0.01019	0.00728	0.00364	0.00364	0.00073	0.00364	0.00291	0.00291	0.85734
64	0.01868	0.01376	0.01475	0.01131	0.01524	0.01524	0.00934	0.78025	0.02311	0.03097	0.01180	0.01180	0.00836	0.00590	0.00492	0.00147	0.00541	0.00442	0.00492	0.00836
65	0.02205	0.00836	0.01140	0.00874	0.01254	0.00722	0.00722	0.02395	0.01407	0.80004	0.01939	0.01673	0.01216	0.00608	0.00494	0.00152	0.00418	0.00494	0.00608	0.00836
66	0.00702	0.00527	0.00790	0.00790	0.00878	0.00614	0.00614	0.00878	0.00790	0.01141	0.01316	0.01931	0.01229	0.03686	0.80782	0.00790	0.01316	0.00527	0.00263	0.00439
67	0.02085	0.00810	0.01102	0.00854	0.01213	0.00702	0.00702	0.02278	0.01405	0.73812	0.08086	0.01831	0.01488	0.00640	0.00501	0.00152	0.00403	0.00526	0.00603	0.00807
68	0.00696	0.00502	0.00657	0.00618	0.00734	0.00464	0.00464	0.00927	0.01391	0.01971	0.79405	0.03671	0.04637	0.01005	0.00580	0.00155	0.00232	0.00889	0.00541	0.00464
69	0.01314	0.83025	0.02575	0.00841	0.01261	0.01945	0.00841	0.01472	0.00999	0.01156	0.00683	0.00788	0.00631	0.00420	0.00315	0.00105	0.00526	0.00263	0.00210	0.00631
70	0.00828	0.00582	0.00755	0.00802	0.00917	0.00591	0.00646	0.07313	0.01161	0.01580	0.06457	0.23703	0.03774	0.01434	0.06750	0.00242	0.00451	0.34260	0.07282	0.00470
71	0.01244	0.65785	0.19199	0.00961	0.01447	0.01772	0.01050	0.01490	0.01007	0.01242	0.00726	0.00842	0.00629	0.00430	0.00348	0.00116	0.00569	0.00284	0.00210	0.00651
72	0.00703	0.00524	0.00775	0.00775	0.00857	0.00606	0.00595	0.00868	0.00785	0.01130	0.01330	0.02007	0.01262	0.08402	0.76111	0.00771	0.01266	0.00538	0.00265	0.00430
73	0.01759	0.06086	0.03956	0.01156	0.01498	0.31862	0.00943	0.33653	0.07905	0.04884	0.01075	0.01112	0.00807	0.00552	0.00464	0.00139	0.00662	0.00393	0.00381	0.00715
74	0.01257	0.69200	0.15906	0.00937	0.01410	0.01807	0.01008	0.01486	0.01005	0.01225	0.00717	0.00831	0.00629	0.00428	0.00341	0.00114	0.00560	0.00280	0.00210	0.00647
75	0.00744	0.00463	0.00562	0.00566	0.00567	0.00462	0.00334	0.00696	0.00705	0.00940	0.01423	0.05633	0.01615	0.60387	0.02295	0.20916	0.00458	0.00670	0.00283	0.00281
76	0.01314	0.83025	0.02575	0.00841	0.01261	0.01945	0.00841	0.01472	0.00999	0.01156	0.00683	0.00788	0.00631	0.00420	0.00315	0.00105	0.00526	0.00263	0.00210	0.00631
77	0.01235	0.01003	0.01134	0.00834	0.01256	0.00884	0.00674	0.20330	0.03161	0.01983	0.00976	0.01078	0.00773	0.00427	0.00399	0.00094	0.00408	0.00335	0.00346	0.62670
78	0.06613	0.01191	0.01257	0.01025	0.01368	0.03403	0.00827	0.34998	0.28110	0.13666	0.01528	0.01443	0.01093	0.00609	0.00483	0.00154	0.00471	0.00475	0.00494	0.00791

[dist]
# distance from previous block
# <min> <max>
0	2

[block]
# block no. 5 follows, 51 sequences, length 38
# corresponding to MSA columns:
# 896,897,904-939
name=unknown_F
#
# <colnr> <probs for GDERKNQSTAVLIFYWHMCP>
#	G	D	E	R	K	N	Q	S	T	A	V	L	I	F	Y	W	H	M	C	P
0	0.07265	0.01163	0.07496	0.00902	0.01215	0.12100	0.00771	0.06022	0.09067	0.26899	0.09114	0.01658	0.01388	0.00611	0.00460	0.00145	0.00466	0.00480	0.12103	0.00675
1	0.01145	0.01175	0.13820	0.01026	0.01486	0.00818	0.11006	0.02810	0.01131	0.09691	0.06879	0.01331	0.01058	0.00464	0.00441	0.00114	0.00482	0.00409	0.00327	0.44387
2	0.01131	0.01191	0.06162	0.10483	0.47746	0.01189	0.08039	0.01421	0.01048	0.01495	0.00938	0.03649	0.00810	0.00535	0.00655	0.00161	0.11932	0.00474	0.00242	0.00697
3	0.14281	0.03116	0.00728	0.00641	0.00798	0.00614	0.00501	0.01023	0.01267	0.01932	0.57545	0.03268	0.06550	0.00928	0.00533	0.00157	0.00277	0.04881	0.00485	0.00477
4	0.01147	0.01097	0.01869	0.21907	0.61315	0.01149	0.01474	0.01447	0.01086	0.01521	0.00912	0.01239	0.00749	0.00451	0.00488	0.00150	0.00601	0.00438	0.00237	0.00722
5	0.00966	0.00907	0.01528	0.66550	0.15256	0.01083	0.01357	0.01284	0.01018	0.01334	0.03487	0.01374	0.00807	0.00500	0.00493	0.00161	0.00630	0.00452	0.00233	0.00580
6	0.00986	0.02542	0.80183	0.01401	0.02127	0.01141	0.01816	0.01556	0.01038	0.01556	0.00882	0.01038	0.00623	0.00467	0.00467	0.00156	0.00726	0.00363	0.00208	0.00726
7	0.00928	0.00873	0.01474	0.81548	0.03385	0.01092	0.01365	0.01256	0.00983	0.01256	0.00873	0.01310	0.00655	0.00491	0.00491	0.00164	0.00655	0.00437	0.00218	0.00546
8	0.00706	0.00513	0.00719	0.00719	0.00783	0.00576	0.00526	0.00832	0.00769	0.01089	0.01381	0.02287	0.01384	0.25633	0.59047	0.00703	0.01083	0.00579	0.00273	0.00400
9	0.00600	0.00433	0.00569	0.00674	0.00711	0.00401	0.00453	0.00691	0.00960	0.01275	0.04696	0.76922	0.06770	0.01513	0.00624	0.00197	0.00282	0.01368	0.00458	0.00401
10	0.00613	0.00444	0.00584	0.00690	0.00734	0.00414	0.00478	0.00713	0.00969	0.01277	0.02853	0.70886	0.08345	0.01505	0.00628	0.00199	0.00296	0.07512	0.00456	0.00405
11	0.76632	0.00941	0.00797	0.07279	0.01159	0.01090	0.00606	0.01458	0.00866	0.04521	0.00738	0.00867	0.00563	0.00464	0.00325	0.00153	0.00404	0.00287	0.00306	0.00543
12	0.00702	0.00527	0.00790	0.00790	0.00878	0.00614	0.00614	0.00878	0.00790	0.01141	0.01316	0.01931	0.01229	0.03686	0.80782	0.00790	0.01316	0.00527	0.00263	0.00439
13	0.00632	0.00453	0.00607	0.00718	0.00764	0.00428	0.00512	0.00743	0.00978	0.01294	0.02747	0.67136	0.05092	0.01501	0.00635	0.00203	0.00313	0.14379	0.00456	0.00409
14	0.86201	0.00950	0.00722	0.00646	0.00950	0.01102	0.00532	0.01445	0.00836	0.02205	0.00684	0.00798	0.00532	0.00456	0.00304	0.00152	0.00380	0.00266	0.00304	0.00532
15	0.01868	0.01376	0.01475	0.01131	0.01524	0.01524	0.00934	0.78025	0.02311	0.03097	0.01180	0.01180	0.00836	0.00590	0.00492	0.00147	0.00541	0.00442	0.00492	0.00836
16	0.00687	0.00497	0.00648	0.00620	0.00731	0.00458	0.00461	0.00906	0.01355	0.01908	0.72625	0.08993	0.06170	0.01046	0.00583	0.00158	0.00236	0.00926	0.00533	0.00458
17	0.00986	0.02542	0.80183	0.01401	0.02127	0.01141	0.01816	0.01556	0.01038	0.01556	0.00882	0.01038	0.00623	0.00467	0.00467	0.00156	0.00726	0.00363	0.00208	0.00726
18	0.01222	0.01056	0.01111	0.01000	0.01278	0.01222	0.00778	0.02611	0.78776	0.02056	0.02000	0.01833	0.01500	0.00667	0.00500	0.00167	0.00389	0.00556	0.00500	0.00778
19	0.00750	0.00587	0.00874	0.00865	0.00969	0.00567	0.08165	0.05834	0.01064	0.01421	0.02432	0.63992	0.02817	0.01354	0.00617	0.00195	0.00367	0.06233	0.00438	0.00457
20	0.01775	0.00789	0.01071	0.07438	0.01319	0.00744	0.00726	0.06149	0.01317	0.52017	0.04883	0.01709	0.01270	0.00825	0.04253	0.05805	0.00466	0.00498	0.06236	0.00713
21	0.01065	0.01060	0.01485	0.01276	0.01279	0.01480	0.01062	0.01174	0.00754	0.01182	0.00664	0.01099	0.00661	0.00939	0.03816	0.00231	0.79589	0.00433	0.00216	0.00535
22	0.01216	0.01168	0.01995	0.03016	0.79664	0.01168	0.01508	0.01508	0.01119	0.01605	0.00924	0.01216	0.00778	0.00438	0.00487	0.00146	0.00584	0.00438	0.00243	0.00778
23	0.86201	0.00950	0.00722	0.00646	0.00950	0.01102	0.00532	0.01445	0.00836	0.02205	0.00684	0.00798	0.00532	0.00456	0.00304	0.00152	0.00380	0.00266	0.00304	0.00532
24	0.01292	0.01201	0.01143	0.01030	0.01305	0.10212	0.00797	0.02538	0.70030	0.01959	0.01860	0.01726	0.01402	0.00649	0.00494	0.00162	0.00445	0.00529	0.00472	0.00754
25	0.45915	0.01077	0.01009	0.00831	0.01168	0.03727	0.00682	0.19684	0.02998	0.17064	0.01069	0.01078	0.00757	0.00523	0.00393	0.00150	0.00442	0.00359	0.00408	0.00668
26	0.00696	0.00502	0.00657	0.00618	0.00734	0.00464	0.00464	0.00927	0.01391	0.01971	0.79405	0.03671	0.04637	0.01005	0.00580	0.00155	0.00232	0.00889	0.00541	0.00464
27	0.00670	0.00483	0.00634	0.00635	0.00729	0.00447	0.00462	0.00864	0.01274	0.01784	0.59411	0.24196	0.04275	0.01144	0.00592	0.00166	0.00246	0.01021	0.00519	0.00447
28	0.01084	0.00616	0.00577	0.00547	0.00692	0.05884	0.00415	0.01302	0.01086	0.08192	0.01574	0.01755	0.01214	0.00571	0.00363	0.00118	0.00289	0.00451	0.72774	0.00497
29	0.01245	0.01286	0.02756	0.01973	0.02461	0.01200	0.71560	0.01641	0.01180	0.07998	0.01072	0.01354	0.00784	0.00430	0.00573	0.00165	0.00795	0.00573	0.00278	0.00677
30	0.02205	0.00836	0.01140	0.00874	0.01254	0.00722	0.00722	0.02395	0.01407	0.80004	0.01939	0.01673	0.01216	0.00608	0.00494	0.00152	0.00418	0.00494	0.00608	0.00836
31	0.00696	0.00502	0.00657	0.00618	0.00734	0.00464	0.00464	0.00927	0.01391	0.01971	0.79405	0.03671	0.04637	0.01005	0.00580	0.00155	0.00232	0.00889	0.00541	0.00464
32	0.01088	0.01000	0.01625	0.52265	0.25278	0.01149	0.01371	0.07616	0.01131	0.01508	0.00913	0.01272	0.00706	0.00484	0.00490	0.00157	0.00625	0.00438	0.00248	0.00637
33	0.01098	0.01047	0.01780	0.35352	0.48256	0.01136	0.01449	0.01404	0.01063	0.01461	0.00903	0.01255	0.00728	0.00460	0.00488	0.00153	0.00613	0.00437	0.00233	0.00683
34	0.00631	0.00509	0.00567	0.00578	0.00728	0.00445	0.00450	0.00787	0.01165	0.01451	0.16431	0.04683	0.56159	0.01223	0.00595	0.00173	0.00277	0.12251	0.00469	0.00428
35	0.00724	0.00560	0.00713	0.00743	0.04366	0.00531	0.00517	0.01001	0.06486	0.01767	0.49104	0.13609	0.15892	0.01062	0.00576	0.00163	0.00268	0.00934	0.00500	0.00483
36	0.57735	0.01011	0.00946	0.07951	0.01287	0.01155	0.00690	0.13995	0.03705	0.06255	0.00890	0.00985	0.00660	0.00496	0.00368	0.00153	0.00433	0.00331	0.00349	0.00607
37	0.01568	0.07883	0.18600	0.02793	0.05225	0.26130	0.01146	0.22250	0.04034	0.04375	0.00981	0.01070	0.00739	0.00519	0.00458	0.00141	0.00683	0.00378	0.00323	0.00704

[dist]
# distance from previous block
# <min> <max>
1	13

[block]
# block no. 6 follows, 51 sequences, length 23
# corresponding to MSA columns:
# 955-977
name=unknown_G
#
# <colnr> <probs for GDERKNQSTAVLIFYWHMCP>
#	G	D	E	R	K	N	Q	S	T	A	V	L	I	F	Y	W	H	M	C	P
0	0.08069	0.00904	0.01084	0.00815	0.01188	0.00795	0.03279	0.04864	0.01036	0.01658	0.00903	0.01128	0.00766	0.03101	0.03793	0.00136	0.05072	0.00337	0.00295	0.60777
1	0.05043	0.06469	0.10773	0.01333	0.13472	0.04834	0.05939	0.02961	0.18541	0.08095	0.12248	0.01716	0.02619	0.00602	0.00483	0.00150	0.00497	0.00514	0.01790	0.01921
2	0.13912	0.00924	0.01017	0.00839	0.01146	0.00938	0.00676	0.21118	0.04881	0.09411	0.03224	0.06014	0.05938	0.00914	0.07081	0.00195	0.00486	0.03364	0.00412	0.17512
3	0.01123	0.01232	0.02545	0.01872	0.02283	0.01212	0.62085	0.01516	0.03058	0.01539	0.01118	0.01662	0.00926	0.00542	0.00687	0.00176	0.08707	0.06813	0.00268	0.00636
4	0.01328	0.01036	0.01256	0.02401	0.01365	0.01008	0.05122	0.27556	0.06485	0.04754	0.10582	0.01490	0.01302	0.00551	0.00461	0.00124	0.00443	0.00458	0.00410	0.31868
5	0.00916	0.00458	0.00458	0.00458	0.00573	0.00458	0.00344	0.01145	0.01031	0.01832	0.01603	0.01832	0.01260	0.00573	0.00344	0.00115	0.00229	0.00458	0.85457	0.00458
6	0.00632	0.00531	0.00553	0.00542	0.00709	0.00469	0.00408	0.00845	0.05762	0.01447	0.13619	0.04432	0.65972	0.01182	0.00576	0.00165	0.00255	0.00991	0.00469	0.00442
7	0.00599	0.00428	0.00570	0.00684	0.00713	0.00399	0.00456	0.00684	0.00941	0.01254	0.02709	0.82409	0.03250	0.01540	0.00627	0.00200	0.00285	0.01397	0.00456	0.00399
8	0.00986	0.02542	0.80183	0.01401	0.02127	0.01141	0.01816	0.01556	0.01038	0.01556	0.00882	0.01038	0.00623	0.00467	0.00467	0.00156	0.00726	0.00363	0.00208	0.00726
9	0.00659	0.00501	0.00607	0.00580	0.00712	0.00448	0.00435	0.00857	0.01306	0.01768	0.55926	0.04005	0.28242	0.01080	0.00580	0.00158	0.00237	0.00936	0.00514	0.00448
10	0.01868	0.01376	0.01475	0.01131	0.01524	0.01524	0.00934	0.78025	0.02311	0.03097	0.01180	0.01180	0.00836	0.00590	0.00492	0.00147	0.00541	0.00442	0.00492	0.00836
11	0.01314	0.83025	0.02575	0.00841	0.01261	0.01945	0.00841	0.01472	0.00999	0.01156	0.00683	0.00788	0.00631	0.00420	0.00315	0.00105	0.00526	0.00263	0.00210	0.00631
12	0.01165	0.01295	0.02718	0.02087	0.08842	0.01242	0.66577	0.01602	0.04315	0.01587	0.01021	0.01331	0.00777	0.00437	0.00594	0.00165	0.02749	0.00564	0.00258	0.00674
13	0.86201	0.00950	0.00722	0.00646	0.00950	0.01102	0.00532	0.01445	0.00836	0.02205	0.00684	0.00798	0.00532	0.00456	0.00304	0.00152	0.00380	0.00266	0.00304	0.00532
14	0.00599	0.00428	0.00570	0.00684	0.00713	0.00399	0.00456	0.00684	0.00941	0.01254	0.02709	0.82409	0.03250	0.01540	0.00627	0.00200	0.00285	0.01397	0.00456	0.00399
15	0.00928	0.00873	0.01474	0.81548	0.03385	0.01092	0.01365	0.01256	0.00983	0.01256	0.00873	0.01310	0.00655	0.00491	0.00491	0.00164	0.00655	0.00437	0.00218	0.00546
16	0.00792	0.00566	0.00792	0.00905	0.01018	0.00566	0.00792	0.01018	0.01131	0.01471	0.02602	0.05543	0.02828	0.01358	0.00679	0.00226	0.00453	0.76356	0.00453	0.00453
17	0.00828	0.00635	0.00747	0.00685	0.00826	0.03316	0.00519	0.07312	0.01451	0.02011	0.67482	0.06205	0.04136	0.00973	0.00569	0.00155	0.00282	0.00851	0.00524	0.00496
18	0.01289	0.76911	0.08470	0.00883	0.01327	0.01883	0.00915	0.01478	0.01001	0.01187	0.00698	0.00807	0.00630	0.00424	0.00327	0.00109	0.00541	0.00270	0.00210	0.00638
19	0.01024	0.00933	0.01499	0.65895	0.10143	0.01119	0.01320	0.07596	0.01108	0.01441	0.00997	0.01369	0.02473	0.00512	0.00493	0.00161	0.00630	0.00451	0.00249	0.00588
20	0.08616	0.01185	0.01374	0.13377	0.04906	0.01319	0.00959	0.43958	0.09167	0.08425	0.01218	0.01270	0.00873	0.00566	0.00477	0.00152	0.00523	0.00442	0.00434	0.00759
21	0.10308	0.01072	0.01675	0.17712	0.48387	0.01134	0.01301	0.03148	0.03852	0.05358	0.00980	0.01232	0.00776	0.00470	0.00469	0.00151	0.00560	0.00426	0.00277	0.00711
22	0.11201	0.00989	0.01210	0.12569	0.09876	0.02597	0.00837	0.07109	0.01100	0.01716	0.00870	0.01067	0.00703	0.00436	0.00438	0.00114	0.02981	0.00341	0.00289	0.43556

[dist]
# distance from previous block
# <min> <max>
1	6

[block]
# block no. 7 follows, 51 sequences, length 76
# corresponding to MSA columns:
# 985-989,1002-1045,1050-1072,1082-1085
name=unknown_H
#
# <colnr> <probs for GDERKNQSTAVLIFYWHMCP>
#	G	D	E	R	K	N	Q	S	T	A	V	L	I	F	Y	W	H	M	C	P
0	0.03455	0.07463	0.07464	0.13412	0.12662	0.11094	0.21522	0.09874	0.02383	0.01654	0.02558	0.01228	0.00809	0.00483	0.00489	0.00149	0.00677	0.00450	0.01513	0.00662
1	0.01387	0.01530	0.04422	0.09361	0.18655	0.20077	0.23867	0.10400	0.02532	0.01645	0.00946	0.01179	0.00736	0.00474	0.00504	0.00150	0.00731	0.00451	0.00276	0.00678
2	0.38600	0.02595	0.15149	0.03077	0.09424	0.03090	0.00915	0.01529	0.06436	0.05172	0.01165	0.06555	0.03307	0.00575	0.00412	0.00156	0.00477	0.00436	0.00317	0.00613
3	0.01040	0.00911	0.01029	0.00742	0.01174	0.02703	0.00592	0.01256	0.01029	0.01591	0.00871	0.01016	0.00725	0.00368	0.00366	0.00074	0.00377	0.00292	0.00290	0.83556
4	0.00952	0.00531	0.00561	0.00528	0.00659	0.00545	0.00405	0.03050	0.01048	0.01821	0.01511	0.01741	0.01194	0.00577	0.00410	0.00118	0.04236	0.00448	0.75160	0.04504
5	0.00797	0.00742	0.00989	0.00888	0.00996	0.00853	0.04135	0.00931	0.00977	0.01288	0.02962	0.08569	0.38507	0.01094	0.00962	0.00189	0.29782	0.04507	0.00360	0.00471
6	0.01314	0.83025	0.02575	0.00841	0.01261	0.01945	0.00841	0.01472	0.00999	0.01156	0.00683	0.00788	0.00631	0.00420	0.00315	0.00105	0.00526	0.00263	0.00210	0.00631
7	0.00703	0.00524	0.00777	0.00777	0.00861	0.00608	0.00599	0.00870	0.00786	0.01132	0.01328	0.01993	0.01256	0.07554	0.76951	0.00774	0.01275	0.00536	0.00265	0.00432
8	0.00715	0.00476	0.00536	0.00536	0.00536	0.00476	0.00298	0.00715	0.00715	0.00953	0.01548	0.03216	0.01787	0.82729	0.02501	0.00476	0.00476	0.00715	0.00298	0.00298
9	0.00702	0.00527	0.00790	0.00790	0.00878	0.00614	0.00614	0.00878	0.00790	0.01141	0.01316	0.01931	0.01229	0.03686	0.80782	0.00790	0.01316	0.00527	0.00263	0.00439
10	0.01890	0.01341	0.01453	0.01114	0.01506	0.01471	0.00920	0.72999	0.02250	0.08209	0.01230	0.01213	0.00861	0.00591	0.00492	0.00148	0.00533	0.00446	0.00499	0.00836
11	0.00599	0.00428	0.00570	0.00684	0.00713	0.00399	0.00456	0.00684	0.00941	0.01254	0.02709	0.82409	0.03250	0.01540	0.00627	0.00200	0.00285	0.01397	0.00456	0.00399
12	0.01216	0.01168	0.01995	0.03016	0.79664	0.01168	0.01508	0.01508	0.01119	0.01605	0.00924	0.01216	0.00778	0.00438	0.00487	0.00146	0.00584	0.00438	0.00243	0.00778
13	0.01800	0.02282	0.01398	0.01267	0.01508	0.77008	0.00955	0.01925	0.01362	0.01202	0.00754	0.00895	0.00634	0.00523	0.00498	0.00131	0.04714	0.00322	0.00251	0.00568
14	0.00696	0.00502	0.00657	0.00618	0.00734	0.00464	0.00464	0.00927	0.01391	0.01971	0.79405	0.03671	0.04637	0.01005	0.00580	0.00155	0.00232	0.00889	0.00541	0.00464
15	0.01825	0.01355	0.01451	0.01122	0.01508	0.01504	0.00924	0.73013	0.07393	0.03028	0.01234	0.01223	0.00880	0.00595	0.00492	0.00149	0.00531	0.00450	0.00492	0.00832
16	0.00715	0.00476	0.00536	0.00536	0.00536	0.00476	0.00298	0.00715	0.00715	0.00953	0.01548	0.03216	0.01787	0.82729	0.02501	0.00476	0.00476	0.00715	0.00298	0.00298
17	0.00900	0.00460	0.00460	0.00460	0.00577	0.00456	0.00345	0.01124	0.01035	0.01807	0.01768	0.01974	0.05087	0.00605	0.00355	0.00117	0.00230	0.00486	0.81298	0.00456
18	0.02188	0.00863	0.01157	0.00887	0.01268	0.00762	0.00733	0.06096	0.01451	0.76241	0.01902	0.01649	0.01198	0.00607	0.00494	0.00152	0.00424	0.00492	0.00603	0.00836
19	0.00714	0.00479	0.00548	0.00548	0.00552	0.00483	0.00313	0.00722	0.00718	0.00962	0.01537	0.03155	0.01760	0.78991	0.06204	0.00491	0.00516	0.00706	0.00296	0.00304
20	0.01064	0.05055	0.01513	0.01240	0.01261	0.01474	0.01034	0.01173	0.00774	0.01185	0.00745	0.04908	0.00768	0.00871	0.01503	0.00209	0.73995	0.00468	0.00226	0.00536
21	0.01019	0.00873	0.01019	0.00728	0.01165	0.00655	0.00582	0.01237	0.01019	0.01601	0.00873	0.01019	0.00728	0.00364	0.00364	0.00073	0.00364	0.00291	0.00291	0.85734
22	0.00960	0.01002	0.06717	0.72650	0.04935	0.01107	0.01388	0.03042	0.01020	0.01326	0.00882	0.01287	0.00660	0.00491	0.00490	0.00162	0.00656	0.00432	0.00224	0.00570
23	0.01314	0.83025	0.02575	0.00841	0.01261	0.01945	0.00841	0.01472	0.00999	0.01156	0.00683	0.00788	0.00631	0.00420	0.00315	0.00105	0.00526	0.00263	0.00210	0.00631
24	0.01119	0.01157	0.01609	0.01350	0.01401	0.05363	0.07083	0.01251	0.00816	0.01214	0.00678	0.01086	0.00652	0.00808	0.01475	0.00207	0.71526	0.00436	0.00220	0.00549
25	0.00928	0.00873	0.01474	0.81548	0.03385	0.01092	0.01365	0.01256	0.00983	0.01256	0.00873	0.01310	0.00655	0.00491	0.00491	0.00164	0.00655	0.00437	0.00218	0.00546
26	0.00704	0.00519	0.00751	0.00751	0.00826	0.00593	0.00566	0.00853	0.00778	0.01112	0.01351	0.02125	0.01313	0.15631	0.68952	0.00742	0.01189	0.00555	0.00268	0.00417
27	0.00616	0.00459	0.00578	0.00665	0.00735	0.00421	0.00474	0.00726	0.01004	0.01296	0.03225	0.55769	0.20941	0.01451	0.00622	0.00195	0.00295	0.09662	0.00456	0.00409
28	0.80532	0.00918	0.00705	0.00634	0.00925	0.01060	0.00520	0.01425	0.00849	0.02180	0.00745	0.00867	0.00581	0.00464	0.00307	0.00150	0.00370	0.00279	0.05964	0.00527
29	0.00715	0.00476	0.00536	0.00536	0.00536	0.00476	0.00298	0.00715	0.00715	0.00953	0.01548	0.03216	0.01787	0.82729	0.02501	0.00476	0.00476	0.00715	0.00298	0.00298
30	0.00581	0.00498	0.00498	0.00498	0.00664	0.00415	0.00373	0.00705	0.01120	0.01328	0.04978	0.04729	0.79464	0.01245	0.00581	0.00166	0.00249	0.01037	0.00456	0.00415
31	0.01222	0.01056	0.01111	0.01000	0.01278	0.01222	0.00778	0.02611	0.78776	0.02056	0.02000	0.01833	0.01500	0.00667	0.00500	0.00167	0.00389	0.00556	0.00500	0.00778
32	0.01216	0.01168	0.01995	0.03016	0.79664	0.01168	0.01508	0.01508	0.01119	0.01605	0.00924	0.01216	0.00778	0.00438	0.00487	0.00146	0.00584	0.00438	0.00243	0.00778
33	0.01075	0.01075	0.01505	0.01290	0.01290	0.01505	0.01075	0.01183	0.00753	0.01183	0.00645	0.01075	0.00645	0.00860	0.01613	0.00215	0.81830	0.00430	0.00215	0.00538
34	0.01019	0.00873	0.01019	0.00728	0.01165	0.00655	0.00582	0.01237	0.01019	0.01601	0.00873	0.01019	0.00728	0.00364	0.00364	0.00073	0.00364	0.00291	0.00291	0.85734
35	0.01213	0.01095	0.01370	0.01155	0.01465	0.01225	0.11940	0.02461	0.67540	0.01986	0.01855	0.01760	0.01391	0.00630	0.00512	0.00167	0.00453	0.00559	0.00464	0.00761
36	0.00667	0.00475	0.00618	0.00690	0.00754	0.00450	0.00491	0.02363	0.01068	0.01451	0.15543	0.56378	0.05217	0.01377	0.00611	0.00190	0.00294	0.07831	0.03107	0.00426
37	0.01165	0.03859	0.02890	0.02033	0.02528	0.01265	0.75490	0.01571	0.01155	0.01561	0.00985	0.01309	0.00742	0.00414	0.00572	0.00164	0.00819	0.00570	0.00247	0.00662
38	0.00928	0.00873	0.01474	0.81548	0.03385	0.01092	0.01365	0.01256	0.00983	0.01256	0.00873	0.01310	0.00655	0.00491	0.00491	0.00164	0.00655	0.00437	0.00218	0.00546
39	0.00715	0.00476	0.00536	0.00536	0.00536	0.00476	0.00298	0.00715	0.00715	0.00953	0.01548	0.03216	0.01787	0.82729	0.02501	0.00476	0.00476	0.00715	0.00298	0.00298
40	0.02205	0.00836	0.01140	0.00874	0.01254	0.00722	0.00722	0.02395	0.01407	0.80004	0.01939	0.01673	0.01216	0.00608	0.00494	0.00152	0.00418	0.00494	0.00608	0.00836
41	0.00916	0.00458	0.00458	0.00458	0.00573	0.00458	0.00344	0.01145	0.01031	0.01832	0.01603	0.01832	0.01260	0.00573	0.00344	0.00115	0.00229	0.00458	0.85457	0.00458
42	0.01075	0.01075	0.01505	0.01290	0.01290	0.01505	0.01075	0.01183	0.00753	0.01183	0.00645	0.01075	0.00645	0.00860	0.01613	0.00215	0.81830	0.00430	0.00215	0.00538
43	0.00687	0.00497	0.00648	0.00620	0.00731	0.00458	0.00462	0.00907	0.01356	0.01911	0.72937	0.08924	0.05923	0.01045	0.00583	0.00158	0.00236	0.00925	0.00534	0.00458
44	0.00715	0.00476	0.00536	0.00536	0.00536	0.00476	0.00298	0.00715	0.00715	0.00953	0.01548	0.03216	0.01787	0.82729	0.02501	0.00476	0.00476	0.00715	0.00298	0.00298
