[name]
unknown

[dist]
# distance from previous block
# <min> <max>
3	48

[block]
# block no. 0 follows, 64 sequences, length 30
# corresponding to MSA columns:
# 64-84,86-94
name=unknown_A
#
# <colnr> <probs for GDERKNQSTAVLIFYWHMCP>
#	G	D	E	R	K	N	Q	S	T	A	V	L	I	F	Y	W	H	M	C	P
0	0.00875	0.00784	0.02354	0.25733	0.05793	0.00927	0.02241	0.02555	0.11716	0.03855	0.04404	0.02191	0.02724	0.02243	0.08060	0.00198	0.20409	0.00430	0.02016	0.00493
1	0.03698	0.00899	0.01077	0.37461	0.01832	0.11547	0.01783	0.04643	0.11815	0.01268	0.05187	0.01396	0.00944	0.02783	0.05040	0.00171	0.03359	0.03312	0.00258	0.01527
2	0.09163	0.00827	0.01034	0.14621	0.04438	0.05147	0.07523	0.04208	0.15512	0.01359	0.01793	0.01854	0.22014	0.00629	0.00510	0.00140	0.07926	0.00510	0.00299	0.00492
3	0.04592	0.01113	0.01169	0.08298	0.10404	0.15920	0.02982	0.11539	0.29592	0.05654	0.01127	0.01168	0.00853	0.00487	0.00437	0.00131	0.03222	0.00387	0.00324	0.00600
4	0.01015	0.00974	0.01663	0.06794	0.78666	0.00984	0.01268	0.01264	0.00940	0.01342	0.00779	0.01032	0.00653	0.00372	0.00411	0.00124	0.00497	0.00370	0.00205	0.00648
5	0.00909	0.00909	0.01272	0.01091	0.01091	0.01272	0.00909	0.01000	0.00636	0.01000	0.00545	0.00909	0.00545	0.00727	0.01363	0.00182	0.84642	0.00364	0.00182	0.00454
6	0.00698	0.00398	0.00589	0.03633	0.00657	0.00422	0.00413	0.00602	0.00577	0.00781	0.00825	0.01423	0.00823	0.08280	0.14064	0.63320	0.01678	0.00393	0.00193	0.00229
7	0.01358	0.19557	0.01382	0.01057	0.06757	0.52156	0.00789	0.01480	0.01060	0.03102	0.00782	0.04040	0.01995	0.00461	0.00385	0.00109	0.02490	0.00316	0.00222	0.00502
8	0.00866	0.00754	0.00928	0.00663	0.01034	0.00575	0.03876	0.01058	0.00866	0.01353	0.00743	0.00872	0.00616	0.00309	0.00315	0.00065	0.00324	0.00256	0.00245	0.84282
9	0.01009	0.01066	0.07270	0.03914	0.73479	0.00986	0.03627	0.01275	0.00940	0.01348	0.00780	0.01022	0.00646	0.00372	0.00412	0.00125	0.00509	0.00369	0.00203	0.00649
10	0.00646	0.00391	0.00506	0.00506	0.00513	0.00398	0.00318	0.00594	0.00587	0.00790	0.01073	0.02075	0.01173	0.46433	0.09796	0.32786	0.00456	0.00499	0.00223	0.00237
11	0.00991	0.00950	0.01620	0.14859	0.70788	0.00977	0.01257	0.01243	0.00928	0.01313	0.00775	0.01040	0.00642	0.00377	0.00412	0.00126	0.00503	0.00370	0.00202	0.00628
12	0.00942	0.00874	0.01474	0.19349	0.52866	0.00907	0.03230	0.02373	0.00906	0.01264	0.00833	0.04445	0.00723	0.00481	0.00489	0.05325	0.00489	0.00403	0.00211	0.02418
13	0.00662	0.00784	0.17986	0.00729	0.00892	0.00526	0.01649	0.00823	0.00806	0.04082	0.01734	0.45083	0.01940	0.13499	0.00752	0.00195	0.02235	0.04898	0.00319	0.00404
14	0.00784	0.00738	0.01246	0.84404	0.02861	0.00923	0.01154	0.01061	0.00831	0.01061	0.00738	0.01107	0.00554	0.00415	0.00415	0.00138	0.00554	0.00369	0.00185	0.00461
15	0.12947	0.00839	0.01138	0.19911	0.16059	0.03317	0.02099	0.03137	0.06131	0.27477	0.01097	0.01200	0.00785	0.00456	0.00397	0.00131	0.00437	0.01521	0.00327	0.00592
16	0.00959	0.01035	0.14808	0.01285	0.09830	0.02437	0.25701	0.01222	0.00949	0.11359	0.01315	0.19213	0.01235	0.00639	0.00469	0.00144	0.00503	0.06069	0.00291	0.00536
17	0.01028	0.00987	0.01686	0.02550	0.82811	0.00987	0.01275	0.01275	0.00946	0.01357	0.00781	0.01028	0.00658	0.00370	0.00411	0.00123	0.00493	0.00370	0.00206	0.00658
18	0.00601	0.00433	0.00541	0.00524	0.00597	0.00422	0.00372	0.00757	0.02988	0.01326	0.44663	0.02906	0.06968	0.24965	0.08244	0.00257	0.00343	0.02366	0.00372	0.00355
19	0.00607	0.00455	0.00563	0.02651	0.00724	0.00411	0.01802	0.00747	0.00978	0.04694	0.16258	0.12168	0.43245	0.01008	0.00501	0.00148	0.00259	0.12004	0.00394	0.00382
20	0.01001	0.01009	0.04864	0.05400	0.71765	0.00958	0.01234	0.01255	0.00934	0.01344	0.00776	0.01015	0.00646	0.00369	0.00405	0.00121	0.00489	0.00360	0.00206	0.05849
21	0.00570	0.00512	0.04738	0.00547	0.00679	0.00412	0.00447	0.00738	0.01027	0.01368	0.37548	0.08619	0.30213	0.02641	0.00528	0.00147	0.00247	0.08234	0.00403	0.00382
22	0.01011	0.35540	0.23779	0.01342	0.22559	0.02533	0.01091	0.01265	0.00874	0.01169	0.00675	0.00831	0.00564	0.00390	0.00396	0.00114	0.04809	0.00291	0.00185	0.00582
23	0.00514	0.00372	0.00492	0.00571	0.00608	0.00350	0.00389	0.00598	0.00817	0.01090	0.06498	0.72180	0.07085	0.01357	0.04778	0.00191	0.00282	0.01104	0.00381	0.00343
24	0.00890	0.05085	0.00943	0.02803	0.01039	0.00641	0.00527	0.03991	0.00902	0.01368	0.00817	0.00932	0.02433	0.00336	0.00316	0.00069	0.00324	0.00267	0.00250	0.76066
25	0.01206	0.36635	0.03789	0.04167	0.13040	0.25308	0.00854	0.02489	0.00984	0.02616	0.00745	0.00988	0.00659	0.00427	0.00348	0.00109	0.00544	0.04347	0.00213	0.00534
26	0.00627	0.00503	0.03394	0.00662	0.04817	0.00464	0.00447	0.00710	0.00727	0.00994	0.05662	0.14276	0.02872	0.39689	0.13425	0.02619	0.00478	0.05580	0.00280	0.01776
27	0.03432	0.15504	0.15475	0.05439	0.01423	0.31083	0.06628	0.01352	0.00946	0.01104	0.00681	0.00862	0.00565	0.00570	0.04726	0.00149	0.09050	0.00305	0.00198	0.00508
28	0.00968	0.05347	0.44716	0.01485	0.23405	0.04797	0.02149	0.04238	0.00958	0.03082	0.02198	0.03273	0.00699	0.00426	0.00400	0.00127	0.00553	0.00357	0.00212	0.00609
29	0.01066	0.22818	0.07559	0.02393	0.24467	0.12034	0.03851	0.02228	0.05035	0.02930	0.00940	0.05444	0.02175	0.04794	0.00466	0.00132	0.00498	0.00387	0.00232	0.00552

[dist]
# distance from previous block
# <min> <max>
0	8

[block]
# block no. 1 follows, 64 sequences, length 51
# corresponding to MSA columns:
# 103-153
name=unknown_B
#
# <colnr> <probs for GDERKNQSTAVLIFYWHMCP>
#	G	D	E	R	K	N	Q	S	T	A	V	L	I	F	Y	W	H	M	C	P
0	0.00610	0.00487	0.02541	0.00632	0.00729	0.00439	0.00490	0.02507	0.00861	0.01156	0.03660	0.39463	0.08279	0.05403	0.07479	0.00214	0.00367	0.18067	0.00353	0.06263
1	0.01297	0.02192	0.01089	0.00867	0.01162	0.03045	0.00700	0.38212	0.29184	0.04850	0.01217	0.01189	0.00901	0.00553	0.02170	0.00134	0.00414	0.00391	0.00391	0.10044
2	0.00980	0.02062	0.14622	0.11277	0.20315	0.02854	0.11891	0.02164	0.03890	0.05186	0.00865	0.01089	0.00680	0.00401	0.00415	0.00119	0.01701	0.01886	0.00234	0.17370
3	0.00921	0.17291	0.63337	0.01085	0.01630	0.01108	0.01339	0.05218	0.00920	0.01313	0.00724	0.00845	0.00537	0.00397	0.00386	0.00124	0.01740	0.00296	0.00188	0.00601
4	0.00938	0.01487	0.38983	0.06101	0.22004	0.00942	0.13286	0.01302	0.00924	0.05082	0.02671	0.01055	0.00687	0.00456	0.02172	0.00142	0.00583	0.00372	0.00212	0.00603
5	0.03234	0.00561	0.02674	0.03676	0.02448	0.00519	0.04970	0.02583	0.02029	0.01280	0.13560	0.14458	0.23274	0.04178	0.02250	0.00173	0.00338	0.17037	0.00359	0.00400
6	0.00803	0.00757	0.01271	0.72654	0.11844	0.00913	0.01143	0.01072	0.00847	0.01097	0.00846	0.01184	0.02993	0.00429	0.00417	0.00137	0.00537	0.00384	0.00193	0.00480
7	0.01277	0.01025	0.01290	0.03538	0.04785	0.01121	0.10435	0.35062	0.30144	0.04997	0.01231	0.01228	0.00902	0.00497	0.00427	0.00133	0.00441	0.00423	0.00381	0.00662
8	0.00844	0.00782	0.01303	0.39210	0.29271	0.00880	0.02224	0.01079	0.00853	0.01156	0.00899	0.03147	0.00795	0.04278	0.04709	0.00176	0.03231	0.04444	0.00211	0.00508
9	0.00619	0.00440	0.00602	0.00688	0.00756	0.00436	0.00556	0.00762	0.00878	0.01152	0.02124	0.25543	0.02380	0.08341	0.02528	0.00214	0.00363	0.50889	0.00369	0.00359
10	0.01021	0.00979	0.01673	0.05041	0.80378	0.00985	0.01271	0.01268	0.00942	0.01348	0.00780	0.01030	0.00655	0.00371	0.00411	0.00124	0.00495	0.00370	0.00205	0.00652
11	0.00865	0.05070	0.70674	0.01312	0.09693	0.00993	0.03099	0.01309	0.00885	0.01307	0.00745	0.00889	0.00541	0.00390	0.00394	0.00129	0.00598	0.00314	0.00179	0.00614
12	0.00887	0.00772	0.01240	0.31937	0.09853	0.03006	0.10391	0.01095	0.00861	0.06830	0.01072	0.09806	0.00988	0.06679	0.02417	0.00175	0.07093	0.04173	0.00248	0.00477
13	0.88336	0.00803	0.00611	0.00546	0.00803	0.00932	0.00450	0.01221	0.00707	0.01864	0.00578	0.00675	0.00450	0.00386	0.00257	0.00129	0.00321	0.00225	0.00257	0.00450
14	0.00536	0.00402	0.00481	0.00505	0.00581	0.00365	0.00355	0.00641	0.00913	0.01196	0.21789	0.28928	0.27722	0.11217	0.00700	0.00179	0.00243	0.02516	0.00386	0.00345
15	0.00686	0.00605	0.05128	0.00774	0.00911	0.00521	0.10543	0.03193	0.00897	0.03964	0.07803	0.43578	0.03871	0.06176	0.03373	0.00189	0.00373	0.06659	0.00349	0.00406
16	0.00859	0.00738	0.00873	0.03165	0.01041	0.00565	0.00512	0.01046	0.00860	0.01345	0.00738	0.00869	0.00613	0.00311	0.00311	0.00064	0.00315	0.00250	0.00244	0.85279
17	0.00989	0.02563	0.01285	0.00956	0.02363	0.02753	0.18835	0.06261	0.07291	0.04076	0.02953	0.01173	0.00824	0.00401	0.00383	0.00100	0.00424	0.02898	0.00278	0.43193
18	0.00852	0.00768	0.01290	0.67029	0.15079	0.00913	0.01139	0.01117	0.00856	0.03728	0.00783	0.01118	0.00597	0.00478	0.02482	0.00149	0.00552	0.00373	0.00199	0.00497
19	0.00878	0.02737	0.04624	0.00725	0.02713	0.06162	0.02109	0.01090	0.03861	0.01290	0.05515	0.01241	0.01995	0.08982	0.00532	0.00115	0.01254	0.00340	0.00258	0.53580
20	0.00748	0.00399	0.00576	0.00560	0.00583	0.00401	0.00383	0.03147	0.00598	0.00806	0.00744	0.01257	0.00729	0.01441	0.04326	0.79981	0.00388	0.00361	0.00191	0.02381
21	0.00944	0.00867	0.01011	0.04881	0.10550	0.12557	0.05263	0.07275	0.07165	0.02968	0.09474	0.11145	0.06223	0.00752	0.00471	0.00145	0.00432	0.17055	0.00335	0.00488
22	0.00840	0.04838	0.76110	0.05688	0.01831	0.00985	0.01487	0.01299	0.00873	0.01290	0.00739	0.00882	0.00528	0.00394	0.00392	0.00131	0.00605	0.00308	0.00176	0.00603
23	0.00818	0.00773	0.01302	0.72394	0.12913	0.00938	0.01164	0.01087	0.00841	0.01097	0.00740	0.01093	0.00567	0.00416	0.00434	0.00137	0.02244	0.00369	0.00187	0.00486
24	0.00902	0.02605	0.01101	0.00787	0.01144	0.00688	0.10854	0.02861	0.06439	0.01385	0.00828	0.00961	0.00673	0.00410	0.02538	0.00095	0.00387	0.00300	0.00255	0.64788
25	0.00697	0.00481	0.00571	0.00558	0.00643	0.00479	0.00399	0.00865	0.07198	0.05971	0.08973	0.07548	0.16841	0.33528	0.03561	0.00263	0.02051	0.08666	0.00342	0.00366
26	0.00685	0.00538	0.00689	0.00659	0.00716	0.01497	0.00486	0.02380	0.05109	0.01009	0.01249	0.05589	0.02913	0.27992	0.34855	0.00441	0.10912	0.00523	0.01393	0.00366
27	0.00504	0.00413	0.00438	0.00452	0.00568	0.00355	0.00330	0.00604	0.00914	0.01112	0.05545	0.14355	0.64745	0.05554	0.00584	0.00159	0.00227	0.02416	0.00380	0.00345
28	0.03585	0.01115	0.01173	0.00927	0.01227	0.04884	0.00758	0.57688	0.10383	0.08868	0.01079	0.01068	0.00772	0.00510	0.00450	0.00128	0.03926	0.00379	0.00402	0.00675
29	0.01244	0.00819	0.00844	0.00699	0.00922	0.04415	0.00559	0.32657	0.05748	0.09932	0.01230	0.01285	0.00909	0.00495	0.00363	0.00114	0.00344	0.00384	0.36476	0.00562
30	0.01071	0.00911	0.00960	0.00853	0.01094	0.01051	0.00667	0.07636	0.76571	0.01798	0.01643	0.01512	0.01229	0.00559	0.00422	0.00140	0.00338	0.00463	0.00422	0.00661
31	0.46434	0.00889	0.00887	0.02488	0.01045	0.00963	0.03147	0.20509	0.02988	0.03639	0.00762	0.00839	0.00575	0.00408	0.00320	0.00119	0.00370	0.00285	0.00300	0.13035
32	0.38485	0.04857	0.02766	0.00757	0.01037	0.02751	0.04344	0.12024	0.14863	0.08679	0.02298	0.01114	0.02346	0.00471	0.00349	0.00130	0.00379	0.01474	0.00327	0.00550
33	0.00560	0.00457	0.00500	0.00483	0.00618	0.00414	0.00364	0.00773	0.07071	0.01331	0.27505	0.03547	0.52980	0.00955	0.00486	0.00137	0.00215	0.00809	0.00410	0.00386
34	0.00598	0.00405	0.00459	0.00457	0.00470	0.00400	0.00265	0.00617	0.00662	0.00884	0.07556	0.02804	0.05267	0.75319	0.01920	0.00371	0.00379	0.00627	0.00273	0.00267
35	0.00885	0.05905	0.75136	0.01156	0.01737	0.05491	0.01458	0.01331	0.00892	0.01284	0.00732	0.00861	0.00527	0.00395	0.00388	0.00128	0.00614	0.00301	0.00178	0.00603
36	0.02865	0.00839	0.02064	0.02596	0.01131	0.00729	0.02721	0.15620	0.01111	0.15118	0.00933	0.00986	0.00695	0.00382	0.00353	0.00090	0.00362	0.00307	0.00318	0.50781
37	0.00593	0.00445	0.00668	0.00668	0.00742	0.00519	0.00519	0.00742	0.00668	0.00964	0.01113	0.01632	0.01038	0.03115	0.83756	0.00668	0.01113	0.00445	0.00223	0.00371
38	0.00582	0.00517	0.05019	0.00538	0.00673	0.00415	0.00439	0.00775	0.01114	0.01538	0.62455	0.03161	0.19495	0.00865	0.00485	0.00133	0.00222	0.00752	0.00428	0.00396
39	0.00918	0.00696	0.00833	0.00615	0.00946	0.00539	0.00490	0.01102	0.00930	0.08763	0.10994	0.01190	0.01063	0.00394	0.00340	0.00076	0.00298	0.00324	0.00297	0.69194
40	0.00861	0.00738	0.00861	0.00615	0.00984	0.00554	0.00492	0.01046	0.00861	0.01354	0.00738	0.00861	0.00615	0.00308	0.00308	0.00062	0.00308	0.00246	0.00246	0.87941
41	0.00835	0.02072	0.78775	0.01153	0.01754	0.00942	0.01478	0.01301	0.00876	0.01318	0.00745	0.00876	0.00531	0.00390	0.00390	0.00128	0.00597	0.00304	0.00179	0.05357
42	0.88336	0.00803	0.00611	0.00546	0.00803	0.00932	0.00450	0.01221	0.00707	0.01864	0.00578	0.00675	0.00450	0.00386	0.00257	0.00129	0.00321	0.00225	0.00257	0.00450
43	0.01111	0.85652	0.02177	0.00711	0.01066	0.01644	0.00711	0.01244	0.00844	0.00977	0.00577	0.00666	0.00533	0.00355	0.00267	0.00089	0.00444	0.00222	0.00178	0.00533
44	0.88336	0.00803	0.00611	0.00546	0.00803	0.00932	0.00450	0.01221	0.00707	0.01864	0.00578	0.00675	0.00450	0.00386	0.00257	0.00129	0.00321	0.00225	0.00257	0.00450
45	0.01024	0.00982	0.01678	0.04056	0.81339	0.00986	0.01273	0.01271	0.00944	0.01352	0.00781	0.01030	0.00656	0.00371	0.00411	0.00124	0.00495	0.00370	0.00205	0.00654
46	0.00813	0.00539	0.00694	0.01603	0.05500	0.00533	0.00492	0.05286	0.02512	0.09918	0.16928	0.03916	0.10616	0.23337	0.08307	0.00256	0.00405	0.07572	0.00352	0.00419
47	0.01579	0.01163	0.01247	0.00956	0.01288	0.01288	0.00789	0.81426	0.01953	0.02618	0.00997	0.00997	0.00706	0.00499	0.00416	0.00125	0.00457	0.00374	0.00416	0.00706
48	0.01031	0.00653	0.00829	0.00711	0.02932	0.00594	0.02900	0.04820	0.07914	0.21068	0.12283	0.07529	0.14121	0.03680	0.00488	0.00132	0.00313	0.00561	0.00389	0.17053
49	0.00539	0.00424	0.00460	0.00453	0.00580	0.00364	0.00336	0.00658	0.00977	0.02803	0.18374	0.07275	0.60734	0.03509	0.00539	0.00147	0.00218	0.00850	0.00397	0.00362
50	0.01291	0.01062	0.01113	0.00954	0.03938	0.05263	0.00739	0.37319	0.34187	0.02050	0.01233	0.01201	0.00916	0.00510	0.00422	0.00128	0.01478	0.00400	0.00389	0.05408

[dist]
# distance from previous block
# <min> <max>
0	1

[block]
# block no. 2 follows, 64 sequences, length 7
# corresponding to MSA columns:
# 155-161
name=unknown_C
#
# <colnr> <probs for GDERKNQSTAVLIFYWHMCP>
#	G	D	E	R	K	N	Q	S	T	A	V	L	I	F	Y	W	H	M	C	P
0	0.18826	0.01176	0.23403	0.00931	0.01282	0.00892	0.09222	0.04258	0.13481	0.06886	0.09996	0.01318	0.01085	0.00494	0.00413	0.00133	0.01949	0.01814	0.00301	0.02141
1	0.57070	0.00703	0.00668	0.09951	0.00990	0.00799	0.00515	0.01096	0.00835	0.01725	0.20636	0.01317	0.01309	0.00502	0.00332	0.00130	0.00317	0.00370	0.00298	0.00437
2	0.01410	0.00671	0.00892	0.00720	0.00961	0.00620	0.03025	0.09503	0.01154	0.47462	0.08650	0.08845	0.03527	0.09850	0.00622	0.00162	0.00353	0.00541	0.00447	0.00585
3	0.01091	0.00934	0.01426	0.01940	0.54221	0.00954	0.01059	0.10075	0.09160	0.05614	0.01144	0.01403	0.03950	0.00478	0.00425	0.00130	0.00449	0.04626	0.00282	0.00639
4	0.00951	0.01036	0.08832	0.01374	0.01728	0.00884	0.53543	0.01249	0.00930	0.05419	0.00975	0.01331	0.00781	0.09626	0.00635	0.00163	0.00593	0.00473	0.08956	0.00521
5	0.01091	0.00963	0.01326	0.01610	0.38230	0.07540	0.04939	0.04084	0.07659	0.08763	0.01269	0.01365	0.08906	0.00468	0.00411	0.00120	0.00449	0.00417	0.00282	0.10107
6	0.08096	0.00453	0.00537	0.00535	0.00618	0.00446	0.00380	0.00767	0.00855	0.04398	0.21817	0.17243	0.09011	0.22054	0.05950	0.02176	0.00339	0.03621	0.00350	0.00355

[dist]
# distance from previous block
# <min> <max>
0	3

[block]
# block no. 3 follows, 64 sequences, length 17
# corresponding to MSA columns:
# 165-181
name=unknown_D
#
# <colnr> <probs for GDERKNQSTAVLIFYWHMCP>
#	G	D	E	R	K	N	Q	S	T	A	V	L	I	F	Y	W	H	M	C	P
0	0.03738	0.01324	0.32276	0.01434	0.23862	0.00885	0.06344	0.02415	0.05236	0.01310	0.00941	0.01362	0.00815	0.12901	0.00661	0.00172	0.00520	0.03020	0.00224	0.00560
1	0.01073	0.01234	0.09831	0.02136	0.59959	0.13117	0.01212	0.01322	0.00973	0.01299	0.00804	0.01092	0.00683	0.00407	0.00409	0.00124	0.00540	0.02959	0.00210	0.00619
2	0.01104	0.01026	0.01699	0.02235	0.62683	0.01038	0.09301	0.13048	0.01097	0.01539	0.00819	0.01033	0.00662	0.00387	0.00420	0.00125	0.00509	0.00383	0.00237	0.00655
3	0.16854	0.00917	0.01042	0.01034	0.13051	0.01004	0.00718	0.29596	0.15411	0.02004	0.12990	0.01349	0.01223	0.00522	0.00399	0.00129	0.00377	0.00419	0.00364	0.00598
4	0.00974	0.09543	0.05190	0.05841	0.44403	0.03504	0.01014	0.04363	0.05638	0.01328	0.01316	0.01445	0.12704	0.00490	0.00407	0.00124	0.00452	0.00429	0.00248	0.00585
5	0.01254	0.00939	0.01038	0.00857	0.01106	0.01039	0.00686	0.51570	0.11586	0.02113	0.01285	0.13482	0.01109	0.00889	0.08866	0.00188	0.00476	0.00511	0.00392	0.00612
6	0.00640	0.00437	0.00593	0.00639	0.00701	0.00441	0.00501	0.00734	0.00801	0.01059	0.04018	0.06344	0.05034	0.16960	0.11322	0.11830	0.00457	0.36848	0.00314	0.00328
7	0.00646	0.00521	0.00786	0.05466	0.03467	0.00510	0.06941	0.00809	0.00899	0.01167	0.02246	0.21899	0.13923	0.04425	0.00593	0.00178	0.00364	0.34420	0.00348	0.00389
8	0.01801	0.00842	0.01022	0.00791	0.01109	0.04480	0.00650	0.15571	0.01319	0.65645	0.01484	0.01313	0.00951	0.00508	0.00415	0.00127	0.00389	0.00403	0.00484	0.00697
9	0.00593	0.00476	0.00622	0.00701	0.08919	0.00438	0.00459	0.00753	0.01029	0.01380	0.38811	0.09075	0.30541	0.00978	0.03236	0.00154	0.00265	0.00777	0.00394	0.00400
10	0.00762	0.00713	0.01162	0.65089	0.09346	0.00844	0.01041	0.01011	0.00857	0.01095	0.01251	0.01525	0.12615	0.00505	0.00426	0.00137	0.00498	0.00444	0.00216	0.00462
11	0.00955	0.00916	0.01605	0.03838	0.60996	0.00923	0.09259	0.01198	0.00906	0.01291	0.00835	0.01128	0.00709	0.00772	0.12656	0.00205	0.00606	0.00393	0.00208	0.00602
12	0.00505	0.00421	0.00441	0.00446	0.00578	0.00358	0.00337	0.00618	0.00957	0.01160	0.09129	0.06787	0.71638	0.01051	0.00495	0.00143	0.00217	0.03974	0.00390	0.00354
13	0.02903	0.00829	0.01245	0.45100	0.18643	0.00963	0.01039	0.01393	0.20996	0.01308	0.00980	0.01191	0.00750	0.00442	0.00413	0.00136	0.00480	0.00391	0.00250	0.00550
14	0.04371	0.02913	0.04494	0.01753	0.06060	0.14937	0.11464	0.29199	0.09119	0.02654	0.01898	0.02390	0.01632	0.01096	0.00827	0.00302	0.00843	0.02324	0.00633	0.01092
15	0.00643	0.00494	0.00581	0.00576	0.00619	0.04273	0.00395	0.00713	0.00658	0.00885	0.01192	0.02148	0.01257	0.45171	0.38087	0.00506	0.00732	0.00518	0.00237	0.00315
16	0.13775	0.33025	0.34872	0.00908	0.01343	0.01191	0.03636	0.01246	0.00840	0.01260	0.00723	0.04162	0.00610	0.00414	0.00335	0.00117	0.00495	0.00304	0.00198	0.00547

[dist]
# distance from previous block
# <min> <max>
5	7

[block]
# block no. 4 follows, 64 sequences, length 23
# corresponding to MSA columns:
# 190-212
name=unknown_E
#
# <colnr> <probs for GDERKNQSTAVLIFYWHMCP>
#	G	D	E	R	K	N	Q	S	T	A	V	L	I	F	Y	W	H	M	C	P
0	0.04811	0.14073	0.04503	0.02548	0.21882	0.03320	0.00837	0.13176	0.06800	0.02671	0.00834	0.00953	0.00668	0.00417	0.00387	0.02050	0.00430	0.00318	0.00261	0.19061
1	0.01895	0.18905	0.26567	0.00969	0.03480	0.05044	0.04347	0.03138	0.10371	0.05910	0.03958	0.01220	0.02980	0.04397	0.03068	0.00153	0.02414	0.00373	0.00255	0.00558
2	0.00604	0.00403	0.00453	0.00453	0.00453	0.00403	0.00252	0.00604	0.00604	0.00805	0.01309	0.02718	0.01510	0.85402	0.02114	0.00403	0.00403	0.00604	0.00252	0.00252
3	0.05135	0.00609	0.04170	0.04193	0.00869	0.00533	0.00510	0.01107	0.02802	0.15912	0.12496	0.13850	0.09247	0.00688	0.00422	0.00125	0.01533	0.00579	0.17087	0.08135
4	0.02816	0.14652	0.25697	0.02637	0.08811	0.04393	0.09866	0.06937	0.07140	0.06250	0.00937	0.04759	0.00750	0.00449	0.00393	0.00124	0.00514	0.00379	0.00252	0.02242
5	0.00934	0.06138	0.33425	0.01242	0.09415	0.02898	0.11597	0.03513	0.02079	0.04554	0.01037	0.06965	0.03292	0.00574	0.02176	0.00147	0.07285	0.01933	0.00234	0.00561
6	0.01751	0.00698	0.00938	0.00733	0.01035	0.00615	0.00600	0.03318	0.03010	0.74412	0.03569	0.05049	0.01170	0.00557	0.00424	0.00131	0.00346	0.00459	0.00503	0.00682
7	0.00904	0.00992	0.06315	0.04783	0.01690	0.02172	0.44393	0.02782	0.05144	0.02856	0.04203	0.11913	0.04126	0.01480	0.00534	0.00146	0.04210	0.00574	0.00265	0.00518
8	0.01064	0.42497	0.23382	0.02125	0.07003	0.11189	0.03356	0.01302	0.00905	0.01112	0.00723	0.00840	0.02110	0.00389	0.00336	0.00108	0.00533	0.00283	0.00188	0.00553
9	0.00543	0.00454	0.00470	0.00463	0.00603	0.00404	0.00348	0.00735	0.06888	0.01217	0.10290	0.05556	0.67159	0.00996	0.00483	0.00139	0.00218	0.00836	0.01820	0.00377
10	0.00593	0.00445	0.00668	0.00668	0.00742	0.00519	0.00519	0.00742	0.00668	0.00964	0.01113	0.01632	0.01038	0.03115	0.83756	0.00668	0.01113	0.00445	0.00223	0.00371
11	0.00630	0.00561	0.00783	0.04545	0.14724	0.00520	0.04174	0.00788	0.00968	0.01236	0.13265	0.05634	0.48893	0.00858	0.00475	0.00137	0.00295	0.00744	0.00347	0.00422
12	0.02635	0.04692	0.03973	0.01977	0.51853	0.09735	0.06198	0.02831	0.03927	0.06958	0.00853	0.01024	0.00679	0.00394	0.00404	0.00123	0.00516	0.00363	0.00238	0.00627
13	0.01626	0.00729	0.00945	0.00757	0.01043	0.00678	0.00623	0.10857	0.04349	0.59491	0.05100	0.03471	0.01264	0.00593	0.00435	0.00134	0.00357	0.06403	0.00484	0.00659
14	0.00884	0.00872	0.01224	0.01057	0.01063	0.01213	0.00878	0.00979	0.00639	0.00997	0.00590	0.00966	0.00584	0.00916	0.07895	0.00220	0.78020	0.00370	0.00185	0.00448
15	0.00965	0.01816	0.53958	0.01280	0.06677	0.07523	0.09700	0.03103	0.07171	0.02680	0.00842	0.00964	0.00615	0.00408	0.00407	0.00131	0.00597	0.00343	0.00213	0.00607
16	0.01313	0.00715	0.00919	0.00763	0.00985	0.00721	0.02753	0.12530	0.07307	0.34962	0.01545	0.10067	0.02672	0.05806	0.03336	0.00170	0.05045	0.02456	0.05358	0.00577
17	0.00563	0.00407	0.00540	0.00626	0.00683	0.00388	0.00473	0.00676	0.00857	0.01120	0.02383	0.49519	0.08814	0.03372	0.00582	0.00180	0.00291	0.27796	0.00381	0.00351
18	0.01332	0.00665	0.02899	0.00688	0.00926	0.01818	0.00575	0.02797	0.02952	0.44466	0.14253	0.02103	0.03427	0.00646	0.00435	0.00133	0.00327	0.09810	0.09172	0.00573
19	0.01358	0.05699	0.09404	0.07588	0.05715	0.25005	0.00850	0.09570	0.04704	0.19493	0.02915	0.04036	0.00857	0.00489	0.00400	0.00123	0.00524	0.00379	0.00313	0.00578
20	0.08871	0.02543	0.01517	0.09361	0.55379	0.09520	0.02918	0.01287	0.00932	0.01328	0.00739	0.00968	0.00613	0.00387	0.00410	0.00124	0.01953	0.00346	0.00208	0.00596
21	0.01174	0.64872	0.06069	0.00831	0.02674	0.14763	0.00779	0.02801	0.00922	0.01038	0.00608	0.00703	0.00539	0.00372	0.00296	0.00095	0.00503	0.00239	0.00188	0.00534
22	0.02963	0.01074	0.09647	0.08824	0.52841	0.03008	0.03048	0.02689	0.02138	0.01344	0.00850	0.01069	0.02277	0.00411	0.00424	0.01582	0.00498	0.00366	0.00214	0.04731

[dist]
# distance from previous block
# <min> <max>
1	2

[block]
# block no. 5 follows, 64 sequences, length 62
# corresponding to MSA columns:
# 215-276
name=unknown_F
#
# <colnr> <probs for GDERKNQSTAVLIFYWHMCP>
#	G	D	E	R	K	N	Q	S	T	A	V	L	I	F	Y	W	H	M	C	P
0	0.06632	0.02768	0.21504	0.01525	0.26615	0.07838	0.08961	0.02383	0.04242	0.09272	0.00949	0.01123	0.01830	0.00429	0.00405	0.00128	0.00526	0.02018	0.00249	0.00603
1	0.00505	0.00381	0.00464	0.00529	0.00588	0.00343	0.00363	0.00587	0.00842	0.01083	0.03990	0.58552	0.26282	0.02748	0.00547	0.00164	0.00234	0.01075	0.00384	0.00341
2	0.03472	0.00659	0.01001	0.39394	0.01788	0.00739	0.05477	0.05737	0.02284	0.01226	0.03112	0.20312	0.11720	0.00707	0.00452	0.00144	0.00424	0.00628	0.00282	0.00441
3	0.00936	0.09309	0.26900	0.01365	0.09343	0.04632	0.26667	0.01261	0.01827	0.02482	0.00960	0.10614	0.00843	0.00483	0.00430	0.00133	0.00570	0.00465	0.00223	0.00558
4	0.00600	0.00446	0.00625	0.00622	0.00688	0.00499	0.00469	0.00728	0.00720	0.01025	0.07364	0.06423	0.04560	0.12468	0.55365	0.00519	0.03431	0.00539	0.02550	0.00359
5	0.00597	0.00428	0.00543	0.00514	0.00620	0.00389	0.00385	0.00778	0.01137	0.03118	0.68785	0.04708	0.14685	0.00879	0.00489	0.00133	0.00202	0.00770	0.00447	0.00391
6	0.01058	0.00905	0.00953	0.00850	0.01090	0.01045	0.00664	0.05839	0.78388	0.01778	0.01659	0.01524	0.01242	0.00561	0.00422	0.00140	0.00335	0.00465	0.00422	0.00660
7	0.00833	0.02149	0.83250	0.01184	0.01798	0.00965	0.01535	0.01315	0.00877	0.01315	0.00745	0.00877	0.00526	0.00395	0.00395	0.00132	0.00614	0.00307	0.00175	0.00614
8	0.00914	0.00830	0.01268	0.42615	0.21379	0.02107	0.01047	0.07460	0.06069	0.01287	0.00893	0.02407	0.00730	0.02098	0.05001	0.00169	0.01732	0.01235	0.00231	0.00529
9	0.01601	0.00639	0.00859	0.00690	0.00957	0.00559	0.00557	0.01756	0.01125	0.65944	0.04578	0.10131	0.01312	0.00605	0.00423	0.00131	0.00325	0.00506	0.06670	0.00635
10	0.00596	0.00454	0.00663	0.00660	0.00732	0.00525	0.00510	0.00736	0.00691	0.00985	0.02806	0.04448	0.04553	0.04627	0.71695	0.00598	0.03617	0.00493	0.00238	0.00369
11	0.03824	0.00740	0.00858	0.00635	0.00982	0.00591	0.00512	0.04172	0.00920	0.04443	0.02214	0.01078	0.00758	0.00369	0.00328	0.00075	0.00317	0.03599	0.00272	0.73312
12	0.00880	0.03088	0.60655	0.01308	0.11547	0.00927	0.04208	0.01286	0.00895	0.04022	0.00888	0.05712	0.00714	0.00455	0.00409	0.00133	0.00567	0.01500	0.00206	0.00600
13	0.00649	0.00450	0.00580	0.00610	0.00706	0.00426	0.00486	0.00799	0.00968	0.04254	0.21200	0.09170	0.15074	0.09713	0.00691	0.00187	0.00304	0.32966	0.00392	0.00375
14	0.00642	0.00512	0.00721	0.11524	0.02023	0.00526	0.02328	0.00863	0.05243	0.01238	0.12652	0.22077	0.11851	0.01050	0.03456	0.00177	0.00358	0.21999	0.00358	0.00401
15	0.00963	0.00954	0.03894	0.02202	0.01102	0.04845	0.00847	0.08894	0.00810	0.01181	0.00695	0.01041	0.00643	0.03471	0.06885	0.00208	0.57210	0.00372	0.03311	0.00471
16	0.08067	0.01891	0.01135	0.01031	0.01248	0.77519	0.00776	0.01626	0.01142	0.01080	0.00637	0.00743	0.00529	0.00425	0.00366	0.00109	0.00717	0.00264	0.00217	0.00479
17	0.00774	0.00578	0.00659	0.00620	0.00776	0.00582	0.00482	0.06496	0.17371	0.04672	0.21417	0.08889	0.23970	0.00860	0.00474	0.00142	0.00270	0.07827	0.02679	0.00463
18	0.05601	0.08102	0.14178	0.08385	0.13638	0.03740	0.03083	0.01888	0.00890	0.06624	0.01105	0.06158	0.01792	0.00736	0.05001	0.01234	0.06173	0.10904	0.00256	0.00515
19	0.02299	0.34799	0.02523	0.02429	0.01182	0.36641	0.02615	0.01357	0.00985	0.01031	0.00785	0.06643	0.00744	0.00517	0.01638	0.00117	0.00578	0.02412	0.00215	0.00490
20	0.01014	0.00969	0.01651	0.02486	0.80250	0.00968	0.01247	0.01259	0.00953	0.01367	0.03331	0.01093	0.00760	0.00385	0.00414	0.00124	0.00484	0.00382	0.00213	0.00650
21	0.01031	0.00900	0.00993	0.00877	0.01119	0.01034	0.03513	0.02176	0.79189	0.01723	0.01661	0.01535	0.01245	0.00556	0.00425	0.00141	0.00342	0.00470	0.00415	0.00654
22	0.00505	0.00413	0.00441	0.00455	0.00571	0.00355	0.00333	0.00607	0.00925	0.01131	0.07537	0.15588	0.63312	0.03887	0.00552	0.00154	0.00223	0.02278	0.00385	0.00348
23	0.00823	0.01965	0.01226	0.33836	0.01767	0.01025	0.03785	0.01007	0.00785	0.01098	0.07979	0.01284	0.03483	0.00607	0.00839	0.00156	0.37250	0.00419	0.00215	0.00453
24	0.00722	0.00361	0.00541	0.00541	0.00541	0.00361	0.00361	0.00541	0.00541	0.00722	0.00722	0.01263	0.00722	0.01443	0.01623	0.87915	0.00361	0.00361	0.00180	0.00180
25	0.01036	0.01049	0.04147	0.07921	0.62139	0.03750	0.06302	0.03603	0.03504	0.01370	0.00811	0.01041	0.00661	0.00384	0.00415	0.00126	0.00517	0.00376	0.00217	0.00632
26	0.00599	0.00406	0.00481	0.00485	0.00495	0.00414	0.00290	0.00620	0.00620	0.00836	0.01327	0.06108	0.01505	0.71733	0.12043	0.00425	0.00483	0.00609	0.00254	0.00270
27	0.00532	0.00423	0.00483	0.00529	0.00605	0.02145	0.00371	0.00629	0.00894	0.01142	0.11113	0.47125	0.30204	0.01151	0.00509	0.00154	0.00237	0.01013	0.00389	0.00351
28	0.00957	0.06703	0.29530	0.01809	0.33785	0.01033	0.17645	0.01298	0.00923	0.01314	0.00768	0.00973	0.00600	0.00373	0.00413	0.00127	0.00573	0.00364	0.00195	0.00615
29	0.01505	0.06640	0.03489	0.00940	0.01268	0.04827	0.00794	0.68586	0.01783	0.02359	0.00941	0.00969	0.00683	0.00508	0.00435	0.02396	0.00471	0.00357	0.00379	0.00669
30	0.00504	0.00380	0.00466	0.00532	0.00591	0.00343	0.00366	0.00589	0.00848	0.01094	0.04901	0.59767	0.25681	0.01218	0.00518	0.00160	0.00231	0.01083	0.00387	0.00343
31	0.00847	0.04522	0.78021	0.01178	0.01774	0.00987	0.03197	0.01326	0.02028	0.01312	0.00756	0.00886	0.00539	0.00395	0.00393	0.00131	0.00607	0.00311	0.00180	0.00611
32	0.00835	0.00679	0.00837	0.01789	0.02133	0.00536	0.01682	0.01006	0.00874	0.04033	0.03378	0.14086	0.01057	0.00488	0.00357	0.00086	0.00307	0.00419	0.00281	0.65140
33	0.01076	0.00742	0.00899	0.00658	0.01007	0.00595	0.00532	0.02358	0.00937	0.17967	0.00920	0.00977	0.00698	0.00364	0.00360	0.00079	0.02599	0.00286	0.00301	0.66646
34	0.00820	0.00772	0.01304	0.68555	0.16117	0.00923	0.01157	0.01088	0.00845	0.01108	0.00755	0.01108	0.00584	0.00479	0.02623	0.00150	0.00558	0.00371	0.00189	0.00492
35	0.00573	0.00422	0.00515	0.00510	0.00612	0.00380	0.00379	0.00722	0.01042	0.02656	0.43941	0.12910	0.26676	0.03157	0.00539	0.00147	0.00220	0.03802	0.00421	0.00374
36	0.00620	0.00442	0.00569	0.00532	0.00639	0.00411	0.00401	0.00838	0.03265	0.03123	0.77016	0.03055	0.05827	0.00841	0.00487	0.00131	0.00203	0.00741	0.00456	0.00403
37	0.00908	0.00915	0.01343	0.01129	0.01159	0.01244	0.06423	0.01018	0.00660	0.01022	0.00575	0.00936	0.00560	0.00742	0.02724	0.00187	0.77437	0.00374	0.00184	0.00460
38	0.02804	0.00657	0.00877	0.00703	0.00975	0.00583	0.00576	0.03181	0.01177	0.62550	0.13498	0.01869	0.03363	0.00606	0.00436	0.00132	0.00330	0.04561	0.00491	0.00633
39	0.00818	0.00756	0.01246	0.80916	0.02795	0.00938	0.01138	0.04420	0.00877	0.01126	0.00749	0.01103	0.00560	0.00419	0.00415	0.00138	0.00550	0.00369	0.00194	0.00472
40	0.00838	0.00593	0.03353	0.00570	0.00717	0.02962	0.02948	0.02352	0.07445	0.03918	0.16210	0.01750	0.01541	0.00554	0.00375	0.00112	0.01818	0.00458	0.51044	0.00441
41	0.01153	0.00898	0.00949	0.00838	0.01083	0.03215	0.00655	0.02169	0.69552	0.12103	0.01656	0.01511	0.01218	0.00554	0.00421	0.00138	0.00343	0.00458	0.00429	0.00659
42	0.01134	0.42997	0.14726	0.00861	0.01221	0.08063	0.00852	0.12026	0.03891	0.01297	0.00722	0.00819	0.00596	0.00464	0.02159	0.00118	0.03333	0.00279	0.00225	0.04216
43	0.00631	0.00435	0.00547	0.00541	0.00650	0.00395	0.00410	0.00787	0.01052	0.05857	0.42178	0.14768	0.21215	0.00966	0.00499	0.00143	0.00231	0.07875	0.00428	0.00391
44	0.00537	0.00421	0.00461	0.00461	0.00586	0.00361	0.00342	0.00655	0.00972	0.02940	0.16562	0.12705	0.59469	0.01035	0.00494	0.00142	0.00214	0.00880	0.00400	0.00363
45	0.01211	0.01017	0.02977	0.00923	0.01206	0.01109	0.04089	0.30314	0.46601	0.02023	0.03101	0.01353	0.01081	0.00534	0.00424	0.00135	0.00394	0.00439	0.00406	0.00664
46	0.01011	0.06839	0.05109	0.06001	0.67618	0.01023	0.02575	0.01262	0.00930	0.01315	0.00764	0.00999	0.00638	0.00371	0.00401	0.00121	0.00498	0.00357	0.00202	0.01964
47	0.02590	0.14066	0.52930	0.01081	0.01577	0.04988	0.03563	0.05947	0.05255	0.01353	0.00776	0.00887	0.00579	0.00411	0.00399	0.00126	0.02358	0.00310	0.00207	0.00596
48	0.01552	0.01980	0.01177	0.01070	0.01284	0.83735	0.00803	0.01659	0.01177	0.01017	0.00642	0.00749	0.00535	0.00428	0.00375	0.00107	0.00749	0.00268	0.00214	0.00482
49	0.00565	0.00512	0.03521	0.00585	0.00723	0.00430	0.04368	0.00718	0.00964	0.01259	0.23136	0.14531	0.37494	0.01121	0.06202	0.00179	0.00315	0.02619	0.00376	0.00381
50	0.00603	0.00409	0.00483	0.00483	0.00493	0.00419	0.00288	0.00623	0.00613	0.00827	0.01282	0.02569	0.01445	0.74079	0.13348	0.00439	0.00500	0.00582	0.00248	0.00268
51	0.28596	0.00749	0.00854	0.00681	0.00977	0.00734	0.00561	0.05170	0.01065	0.52630	0.01276	0.01170	0.00836	0.00473	0.00365	0.00128	0.00344	0.00355	0.02414	0.00620
52	0.00980	0.01120	0.02451	0.01751	0.02171	0.01050	0.81303	0.01331	0.00980	0.01331	0.00840	0.01120	0.00630	0.00350	0.00490	0.00140	0.00700	0.00490	0.00210	0.00560
53	0.00576	0.00425	0.00517	0.00513	0.00616	0.00385	0.00377	0.00740	0.02403	0.02913	0.42726	0.18141	0.26181	0.00978	0.00495	0.00140	0.00213	0.00854	0.00424	0.00381
54	0.01033	0.00892	0.00939	0.00845	0.01080	0.01033	0.00657	0.02207	0.82061	0.01738	0.01691	0.01550	0.01268	0.00564	0.00423	0.00141	0.00329	0.00470	0.00423	0.00657
55	0.00610	0.00426	0.00549	0.00519	0.00620	0.00392	0.00389	0.00798	0.01145	0.03034	0.72796	0.05274	0.07095	0.00851	0.00483	0.00131	0.00200	0.00749	0.03543	0.00394
56	0.00784	0.00738	0.01246	0.84404	0.02861	0.00923	0.01154	0.01061	0.00831	0.01061	0.00738	0.01107	0.00554	0.00415	0.00415	0.00138	0.00554	0.00369	0.00185	0.00461
57	0.00598	0.00405	0.00459	0.00465	0.00475	0.00401	0.00271	0.00611	0.00636	0.00841	0.01495	0.05218	0.05204	0.76572	0.01948	0.00378	0.00389	0.03107	0.00266	0.00263
58	0.00909	0.00909	0.01272	0.01091	0.01091	0.01272	0.00909	0.01000	0.00636	0.01000	0.00545	0.00909	0.00545	0.00727	0.01363	0.00182	0.84642	0.00364	0.00182	0.00454
59	0.01165	0.00978	0.01003	0.00871	0.01125	0.04133	0.00686	0.16345	0.63314	0.03309	0.01527	0.01419	0.01136	0.00546	0.00420	0.00137	0.00368	0.00444	0.00415	0.00661
60	0.00959	0.01063	0.02245	0.12187	0.08052	0.01030	0.65488	0.01293	0.00959	0.01299	0.00823	0.01112	0.00623	0.00360	0.00475	0.00139	0.00667	0.00466	0.00207	0.00555
61	0.00980	0.01120	0.02451	0.01751	0.02171	0.01050	0.81303	0.01331	0.00980	0.01331	0.00840	0.01120	0.00630	0.00350	0.00490	0.00140	0.00700	0.00490	0.00210	0.00560

[dist]
# distance from previous block
# <min> <max>
0	3

[block]
# block no. 6 follows, 64 sequences, length 71
# corresponding to MSA columns:
# 280-350
name=unknown_G
#
# <colnr> <probs for GDERKNQSTAVLIFYWHMCP>
#	G	D	E	R	K	N	Q	S	T	A	V	L	I	F	Y	W	H	M	C	P
0	0.00769	0.00653	0.00916	0.00843	0.03956	0.00654	0.10937	0.05095	0.15277	0.01422	0.12345	0.09839	0.19973	0.02568	0.00516	0.00151	0.00344	0.11047	0.02227	0.00468
1	0.00506	0.00361	0.00482	0.00578	0.00602	0.00337	0.00386	0.00578	0.00795	0.01060	0.02289	0.85131	0.02747	0.01301	0.00530	0.00169	0.00241	0.01181	0.00386	0.00337
2	0.01672	0.00685	0.00899	0.00705	0.00993	0.00616	0.00577	0.05047	0.03086	0.66411	0.04372	0.01473	0.01124	0.00523	0.00407	0.00125	0.00334	0.00425	0.09865	0.00661
3	0.00535	0.00424	0.00482	0.00472	0.00595	0.00371	0.00358	0.00679	0.01037	0.01339	0.34818	0.03671	0.49066	0.00976	0.00493	0.00138	0.00211	0.03553	0.00414	0.00368
4	0.00594	0.00444	0.00662	0.00662	0.00734	0.00516	0.00512	0.00738	0.00666	0.00960	0.01118	0.01661	0.01051	0.05309	0.81580	0.00660	0.01094	0.00449	0.00223	0.00368
5	0.01111	0.85652	0.02177	0.00711	0.01066	0.01644	0.00711	0.01244	0.00844	0.00977	0.00577	0.00666	0.00533	0.00355	0.00267	0.00089	0.00444	0.00222	0.00178	0.00533
6	0.00784	0.00738	0.01246	0.84404	0.02861	0.00923	0.01154	0.01061	0.00831	0.01061	0.00738	0.01107	0.00554	0.00415	0.00415	0.00138	0.00554	0.00369	0.00185	0.00461
7	0.00604	0.00403	0.00453	0.00453	0.00453	0.00403	0.00252	0.00604	0.00604	0.00805	0.01309	0.02718	0.01510	0.85402	0.02114	0.00403	0.00403	0.00604	0.00252	0.00252
8	0.88336	0.00803	0.00611	0.00546	0.00803	0.00932	0.00450	0.01221	0.00707	0.01864	0.00578	0.00675	0.00450	0.00386	0.00257	0.00129	0.00321	0.00225	0.00257	0.00450
9	0.00787	0.00742	0.01246	0.82765	0.02826	0.00930	0.01149	0.01060	0.00827	0.01060	0.00734	0.01104	0.00554	0.00421	0.00434	0.00139	0.02208	0.00369	0.00185	0.00461
10	0.00510	0.00365	0.00486	0.00575	0.00603	0.00340	0.00386	0.00589	0.00815	0.01092	0.06460	0.80871	0.02808	0.01278	0.00528	0.00167	0.00239	0.01159	0.00389	0.00340
11	0.00591	0.00435	0.00567	0.00637	0.00723	0.00414	0.00513	0.00732	0.00916	0.01181	0.05370	0.23860	0.18406	0.02809	0.00574	0.00178	0.00308	0.41038	0.00384	0.00363
12	0.00872	0.00831	0.01240	0.01088	0.03751	0.01059	0.08339	0.03745	0.00744	0.01105	0.00815	0.05799	0.00803	0.03223	0.10045	0.00230	0.52494	0.01815	0.01545	0.00456
13	0.88336	0.00803	0.00611	0.00546	0.00803	0.00932	0.00450	0.01221	0.00707	0.01864	0.00578	0.00675	0.00450	0.00386	0.00257	0.00129	0.00321	0.00225	0.00257	0.00450
14	0.01548	0.01161	0.01228	0.00949	0.01267	0.03207	0.00782	0.76269	0.01886	0.02526	0.00987	0.01001	0.00707	0.00501	0.00431	0.00125	0.02149	0.00372	0.02215	0.00689
15	0.00859	0.08529	0.72895	0.01149	0.02963	0.01003	0.01431	0.01300	0.00875	0.01291	0.00733	0.00862	0.00532	0.00388	0.00382	0.00126	0.00588	0.00299	0.00178	0.03616
16	0.00629	0.00572	0.02204	0.00536	0.00693	0.02445	0.00415	0.00928	0.14930	0.01258	0.09531	0.04658	0.54332	0.04360	0.00541	0.00150	0.00259	0.00765	0.00384	0.00411
17	0.00544	0.00410	0.00505	0.00541	0.00616	0.00380	0.00383	0.00695	0.03933	0.01254	0.23382	0.44073	0.19540	0.01106	0.00508	0.00152	0.00226	0.00981	0.00405	0.00366
18	0.02946	0.00816	0.02474	0.07550	0.17423	0.00760	0.00790	0.02583	0.08369	0.40669	0.01266	0.01239	0.00873	0.00456	0.00402	0.00122	0.00394	0.00385	0.00379	0.10105
19	0.01028	0.00987	0.01686	0.02550	0.82811	0.00987	0.01275	0.01275	0.00946	0.01357	0.00781	0.01028	0.00658	0.00370	0.00411	0.00123	0.00493	0.00370	0.00206	0.00658
20	0.01111	0.85652	0.02177	0.00711	0.01066	0.01644	0.00711	0.01244	0.00844	0.00977	0.00577	0.00666	0.00533	0.00355	0.00267	0.00089	0.00444	0.00222	0.00178	0.00533
21	0.00597	0.00423	0.00547	0.00516	0.00614	0.00392	0.00387	0.00793	0.01161	0.01660	0.78669	0.03028	0.03781	0.00832	0.00480	0.00129	0.00196	0.00734	0.04670	0.00392
22	0.00506	0.00363	0.00480	0.00573	0.00601	0.00338	0.00383	0.00579	0.00800	0.01062	0.02354	0.82409	0.05428	0.01293	0.00529	0.00168	0.00240	0.01171	0.00386	0.00338
23	0.00876	0.15193	0.70586	0.01110	0.01683	0.01071	0.01406	0.01304	0.00872	0.01263	0.00719	0.00844	0.00527	0.00388	0.00375	0.00125	0.00587	0.00294	0.00176	0.00601
24	0.00593	0.00445	0.00668	0.00668	0.00742	0.00519	0.00519	0.00742	0.00668	0.00964	0.01113	0.01632	0.01038	0.03115	0.83756	0.00668	0.01113	0.00445	0.00223	0.00371
25	0.00568	0.00427	0.00508	0.00491	0.00607	0.00379	0.00370	0.00724	0.01072	0.02655	0.46787	0.05100	0.35447	0.00940	0.00492	0.00136	0.00209	0.02282	0.00427	0.00379
26	0.00586	0.00425	0.00553	0.00521	0.00619	0.00391	0.00390	0.00780	0.01171	0.01655	0.81100	0.03120	0.05418	0.00853	0.00490	0.00131	0.00196	0.00754	0.00456	0.00391
27	0.00604	0.00404	0.00458	0.00458	0.00460	0.00406	0.00258	0.00607	0.00606	0.00809	0.01304	0.02692	0.01499	0.83404	0.04096	0.00409	0.00420	0.00600	0.00251	0.00255
28	0.00833	0.02149	0.83250	0.01184	0.01798	0.00965	0.01535	0.01315	0.00877	0.01315	0.00745	0.00877	0.00526	0.00395	0.00395	0.00132	0.00614	0.00307	0.00175	0.00614
29	0.01043	0.01019	0.01658	0.04124	0.78150	0.04100	0.01255	0.01285	0.00952	0.01338	0.00775	0.01019	0.00651	0.00373	0.00410	0.00123	0.00504	0.00366	0.00206	0.00647
30	0.00915	0.00921	0.01258	0.01081	0.01087	0.02917	0.00899	0.01008	0.00648	0.00999	0.00559	0.00921	0.00555	0.00770	0.03051	0.00190	0.81221	0.00363	0.00183	0.00453
31	0.00508	0.00381	0.00471	0.00534	0.00593	0.00344	0.00368	0.00597	0.00859	0.01116	0.08095	0.58878	0.23333	0.01207	0.00517	0.00159	0.00230	0.01074	0.00390	0.00344
32	0.01625	0.00912	0.01069	0.00827	0.01137	0.00930	0.00680	0.41477	0.01560	0.36752	0.05103	0.01328	0.02325	0.00530	0.00419	0.00126	0.00393	0.00418	0.01704	0.00682
33	0.01542	0.03835	0.01199	0.01062	0.01279	0.81914	0.00801	0.01649	0.01170	0.01016	0.00641	0.00747	0.00535	0.00426	0.00372	0.00107	0.00742	0.00267	0.00213	0.00483
34	0.00821	0.01338	0.34763	0.03833	0.08783	0.00848	0.17015	0.01191	0.03657	0.01323	0.07715	0.08462	0.02163	0.00601	0.02217	0.00150	0.00539	0.03791	0.00247	0.00544
35	0.00600	0.00455	0.00680	0.00677	0.00749	0.00535	0.00527	0.00747	0.00667	0.00965	0.01101	0.01616	0.01028	0.03064	0.82004	0.00657	0.02889	0.00443	0.00222	0.00373
36	0.88336	0.00803	0.00611	0.00546	0.00803	0.00932	0.00450	0.01221	0.00707	0.01864	0.00578	0.00675	0.00450	0.00386	0.00257	0.00129	0.00321	0.00225	0.00257	0.00450
37	0.00912	0.00795	0.03577	0.04789	0.17186	0.00794	0.01947	0.05251	0.24694	0.04680	0.13438	0.06415	0.10336	0.00655	0.00447	0.00137	0.00358	0.02678	0.00360	0.00554
38	0.00722	0.00361	0.00541	0.00541	0.00541	0.00361	0.00361	0.00541	0.00541	0.00722	0.00722	0.01263	0.00722	0.01443	0.01623	0.87915	0.00361	0.00361	0.00180	0.00180
39	0.00793	0.00747	0.01262	0.81450	0.05746	0.00925	0.01158	0.01069	0.00835	0.01072	0.00740	0.01105	0.00557	0.00414	0.00415	0.00138	0.00552	0.00369	0.00185	0.00469
40	0.00526	0.00409	0.00482	0.00512	0.00608	0.00364	0.00378	0.00645	0.00943	0.01206	0.16654	0.27129	0.39876	0.01097	0.00509	0.00151	0.00231	0.07527	0.00397	0.00356
41	0.00910	0.00912	0.01292	0.01102	0.01109	0.01268	0.02282	0.01005	0.00642	0.01005	0.00550	0.00912	0.00547	0.00721	0.01348	0.00181	0.83208	0.00366	0.00182	0.00456
42	0.21470	0.33886	0.13959	0.00751	0.01116	0.01140	0.00754	0.01427	0.00896	0.19886	0.00844	0.00870	0.00625	0.00404	0.00318	0.00114	0.00421	0.00280	0.00272	0.00566
43	0.01028	0.00987	0.01686	0.02550	0.82811	0.00987	0.01275	0.01275	0.00946	0.01357	0.00781	0.01028	0.00658	0.00370	0.00411	0.00123	0.00493	0.00370	0.00206	0.00658
