[name]
unknown

[dist]
# distance from previous block
# <min> <max>
0	206

[block]
# block no. 0 follows, 61 sequences, length 20
# corresponding to MSA columns:
# 206-225
name=unknown_A
#
# <colnr> <probs for GDERKNQSTAVLIFYWHMCP>
#	G	D	E	R	K	N	Q	S	T	A	V	L	I	F	Y	W	H	M	C	P
0	0.04318	0.03663	0.35471	0.01173	0.07170	0.02440	0.04849	0.12878	0.02852	0.03300	0.01137	0.04558	0.00995	0.00581	0.00444	0.00145	0.00531	0.12618	0.00280	0.00596
1	0.02867	0.17759	0.49975	0.01207	0.07135	0.06180	0.02728	0.02754	0.03195	0.01329	0.00766	0.00892	0.00582	0.00408	0.00384	0.00126	0.00587	0.00311	0.00201	0.00614
2	0.00955	0.00979	0.01522	0.01244	0.01316	0.01281	0.14136	0.01093	0.00719	0.01093	0.00616	0.00979	0.00580	0.00689	0.01264	0.00181	0.70270	0.00399	0.00193	0.00489
3	0.00840	0.00791	0.01362	0.03642	0.32250	0.00796	0.13245	0.01050	0.00905	0.01250	0.01455	0.14524	0.08985	0.01053	0.13323	0.00229	0.02913	0.00597	0.00263	0.00527
4	0.00938	0.04112	0.19458	0.13869	0.07597	0.04754	0.10374	0.04046	0.01020	0.04676	0.14206	0.02509	0.02793	0.00704	0.05829	0.00172	0.01663	0.00465	0.00273	0.00542
5	0.00567	0.00409	0.00537	0.00618	0.00651	0.00398	0.00421	0.02373	0.00848	0.01145	0.02275	0.78647	0.02702	0.01296	0.00565	0.00173	0.02489	0.01165	0.02360	0.00363
6	0.01682	0.00873	0.01056	0.00835	0.01150	0.00873	0.00681	0.20737	0.15703	0.47531	0.03213	0.01425	0.01094	0.00546	0.00435	0.00135	0.00384	0.00439	0.00491	0.00717
7	0.06285	0.16937	0.05949	0.00995	0.01302	0.17338	0.09250	0.05870	0.21374	0.05332	0.01055	0.02493	0.00831	0.00514	0.01411	0.00134	0.01665	0.00379	0.00298	0.00589
8	0.00625	0.00469	0.02085	0.00529	0.00609	0.00425	0.00374	0.00721	0.00860	0.03141	0.17542	0.10005	0.19341	0.32740	0.08415	0.00296	0.00387	0.00742	0.00346	0.00348
9	0.00564	0.00422	0.00484	0.00487	0.00593	0.00371	0.00354	0.00640	0.00943	0.01188	0.16598	0.10406	0.49631	0.01141	0.00695	0.13687	0.00243	0.00831	0.00379	0.00342
10	0.01058	0.01045	0.01871	0.02516	0.69781	0.01034	0.13617	0.01331	0.00986	0.01403	0.00820	0.01081	0.00678	0.00381	0.00439	0.00131	0.00545	0.00403	0.00214	0.00667
11	0.09811	0.12119	0.06215	0.02680	0.04432	0.13259	0.02100	0.33456	0.06350	0.04229	0.00913	0.00966	0.00685	0.00465	0.00389	0.00124	0.00509	0.00341	0.00324	0.00631
12	0.14234	0.00575	0.00619	0.00577	0.00728	0.00597	0.00441	0.01123	0.13980	0.01702	0.41308	0.02463	0.08189	0.02343	0.00471	0.00139	0.00250	0.00615	0.09192	0.00454
13	0.00875	0.00864	0.01182	0.01023	0.01046	0.01171	0.00847	0.00972	0.00710	0.01056	0.01154	0.01439	0.13194	0.00806	0.01273	0.00182	0.71070	0.00459	0.00221	0.00455
14	0.02716	0.04813	0.18217	0.02784	0.07698	0.02864	0.15578	0.12133	0.04375	0.11054	0.01207	0.05128	0.04802	0.00527	0.00482	0.00139	0.04118	0.00457	0.00300	0.00609
15	0.01223	0.06153	0.03688	0.06363	0.21014	0.11616	0.06658	0.17742	0.09955	0.03751	0.01060	0.05370	0.00881	0.00511	0.00430	0.00132	0.00520	0.02012	0.00302	0.00620
16	0.00541	0.00381	0.00495	0.00580	0.00601	0.00360	0.00378	0.00604	0.00794	0.01059	0.02216	0.71902	0.02650	0.14300	0.00805	0.00213	0.00276	0.01132	0.00378	0.00336
17	0.00812	0.00709	0.01154	0.70889	0.02585	0.00871	0.01057	0.01086	0.00868	0.01179	0.00865	0.01219	0.00656	0.00442	0.00411	0.00137	0.00516	0.00386	0.13692	0.00467
18	0.00973	0.03405	0.13454	0.04582	0.13424	0.06593	0.06448	0.06205	0.02920	0.04307	0.03112	0.10953	0.03107	0.01642	0.02181	0.00162	0.02970	0.12726	0.00297	0.00538
19	0.14545	0.09568	0.16708	0.06046	0.04728	0.08049	0.05480	0.11234	0.02909	0.03261	0.01063	0.11149	0.02399	0.00551	0.00403	0.00134	0.00493	0.00447	0.00278	0.00554

[dist]
# distance from previous block
# <min> <max>
4	5

[block]
# block no. 1 follows, 61 sequences, length 11
# corresponding to MSA columns:
# 231-241
name=unknown_B
#
# <colnr> <probs for GDERKNQSTAVLIFYWHMCP>
#	G	D	E	R	K	N	Q	S	T	A	V	L	I	F	Y	W	H	M	C	P
0	0.01359	0.00789	0.02542	0.00945	0.09650	0.00709	0.00689	0.06126	0.01106	0.36257	0.04330	0.01589	0.03593	0.05544	0.00570	0.00142	0.04221	0.02813	0.00393	0.16634
1	0.02876	0.09230	0.39831	0.12281	0.07658	0.04920	0.05967	0.03017	0.04135	0.01333	0.00860	0.01026	0.02067	0.00435	0.00431	0.00134	0.02643	0.00351	0.00211	0.00593
2	0.02528	0.01119	0.19709	0.07023	0.13852	0.02630	0.07317	0.01277	0.04704	0.07977	0.07088	0.03669	0.07348	0.00624	0.00479	0.00145	0.01965	0.09689	0.00300	0.00558
3	0.01733	0.00748	0.01012	0.00798	0.01082	0.00710	0.00657	0.01931	0.03986	0.67082	0.05464	0.01500	0.01167	0.00575	0.00541	0.00140	0.09249	0.00446	0.00490	0.00688
4	0.00748	0.00374	0.00561	0.00561	0.00561	0.00374	0.00374	0.00561	0.00561	0.00748	0.00748	0.01309	0.00748	0.01496	0.01684	0.87467	0.00374	0.00374	0.00187	0.00187
5	0.01071	0.02464	0.09630	0.11022	0.24685	0.05174	0.12202	0.07562	0.12526	0.03042	0.01068	0.03457	0.02020	0.00509	0.01561	0.00144	0.00541	0.00434	0.00271	0.00616
6	0.00969	0.01432	0.31857	0.17602	0.18416	0.04083	0.03805	0.02665	0.05005	0.03273	0.00898	0.01161	0.00699	0.00508	0.02202	0.00150	0.02043	0.02408	0.00225	0.00600
7	0.00965	0.09884	0.01419	0.01089	0.01128	0.01360	0.00921	0.01064	0.00683	0.01034	0.00569	0.00916	0.00564	0.00713	0.01293	0.00178	0.75192	0.00361	0.00188	0.00480
8	0.00777	0.00557	0.00753	0.00670	0.00818	0.00547	0.08919	0.05040	0.05239	0.01523	0.11866	0.15949	0.10658	0.00761	0.00434	0.00133	0.00293	0.02411	0.32211	0.00440
9	0.01320	0.02543	0.09695	0.03556	0.14348	0.13596	0.09766	0.16677	0.06678	0.11853	0.01048	0.02345	0.00788	0.00470	0.00426	0.00130	0.00538	0.00399	0.03191	0.00633
10	0.01169	0.13998	0.07143	0.15695	0.13461	0.22788	0.10952	0.03854	0.01036	0.01236	0.00743	0.00940	0.00597	0.00406	0.00399	0.00121	0.00611	0.00338	0.00214	0.04300

[dist]
# distance from previous block
# <min> <max>
0	18

[block]
# block no. 2 follows, 61 sequences, length 16
# corresponding to MSA columns:
# 260-275
name=unknown_C
#
# <colnr> <probs for GDERKNQSTAVLIFYWHMCP>
#	G	D	E	R	K	N	Q	S	T	A	V	L	I	F	Y	W	H	M	C	P
0	0.02597	0.04787	0.14076	0.06581	0.19375	0.09830	0.03383	0.04282	0.10940	0.08540	0.02461	0.03402	0.00859	0.00479	0.00436	0.00130	0.02266	0.00397	0.00282	0.04897
1	0.03894	0.30173	0.24256	0.01169	0.12269	0.02976	0.02235	0.04582	0.03605	0.02961	0.00848	0.00968	0.02241	0.00434	0.00407	0.00121	0.04055	0.00323	0.01886	0.00595
2	0.00849	0.02912	0.01050	0.08002	0.16402	0.03860	0.03914	0.01224	0.14923	0.01433	0.17430	0.09656	0.10449	0.00717	0.00467	0.00141	0.00378	0.03599	0.02076	0.00516
3	0.00594	0.00393	0.00524	0.00608	0.00648	0.00364	0.00411	0.00674	0.00845	0.05110	0.02341	0.80484	0.02761	0.01309	0.00544	0.00173	0.00256	0.01186	0.00406	0.00369
4	0.05390	0.05041	0.12823	0.02999	0.26223	0.06664	0.18369	0.02826	0.03357	0.06944	0.00950	0.04782	0.00773	0.00449	0.00431	0.00134	0.00556	0.00424	0.00252	0.00611
5	0.01015	0.01369	0.22812	0.09650	0.29753	0.06187	0.10467	0.04941	0.01011	0.01390	0.02401	0.03839	0.00762	0.00451	0.00454	0.00135	0.02119	0.00410	0.00225	0.00610
6	0.00615	0.00462	0.00692	0.00692	0.00769	0.00538	0.00538	0.00769	0.00692	0.01000	0.01154	0.01692	0.01077	0.03231	0.83154	0.00692	0.01154	0.00462	0.00231	0.00385
7	0.01848	0.00786	0.01024	0.00788	0.01115	0.00719	0.00650	0.12492	0.01338	0.69083	0.04397	0.01470	0.01126	0.00543	0.00435	0.00133	0.00375	0.00439	0.00518	0.00722
8	0.01229	0.04274	0.14052	0.03298	0.05930	0.10999	0.05695	0.14394	0.06888	0.12270	0.05584	0.04032	0.02867	0.00560	0.00456	0.00135	0.02254	0.03175	0.01307	0.00601
9	0.01589	0.00888	0.01021	0.00812	0.01103	0.02782	0.00661	0.29275	0.05694	0.35630	0.01390	0.01333	0.00956	0.00632	0.03708	0.00150	0.00424	0.00414	0.10866	0.00671
10	0.00694	0.00496	0.00694	0.00793	0.00892	0.00496	0.00694	0.00892	0.00992	0.01289	0.02281	0.04859	0.02479	0.01190	0.00595	0.00198	0.00397	0.79275	0.00397	0.00397
11	0.00977	0.01051	0.07154	0.10736	0.19397	0.01060	0.22925	0.01235	0.00893	0.03471	0.02078	0.01136	0.00708	0.00620	0.04600	0.00176	0.20582	0.00423	0.00218	0.00561
12	0.00993	0.05265	0.19715	0.07426	0.25818	0.06165	0.10685	0.01336	0.05020	0.02556	0.02592	0.05930	0.02591	0.00495	0.00436	0.00135	0.00545	0.01460	0.00242	0.00594
13	0.00525	0.00375	0.00500	0.00600	0.00625	0.00350	0.00400	0.00600	0.00825	0.01100	0.02374	0.84580	0.02849	0.01350	0.00550	0.00175	0.00250	0.01225	0.00400	0.00350
14	0.04790	0.00764	0.01005	0.00773	0.01105	0.00685	0.00638	0.06681	0.01263	0.75105	0.01624	0.01415	0.01027	0.00528	0.00427	0.00133	0.00372	0.00424	0.00518	0.00724
15	0.01126	0.00989	0.03759	0.00912	0.01175	0.03146	0.04137	0.13070	0.51822	0.03513	0.06034	0.04024	0.01349	0.00593	0.00442	0.00142	0.00384	0.00498	0.02238	0.00648

[dist]
# distance from previous block
# <min> <max>
7	21

[block]
# block no. 3 follows, 61 sequences, length 18
# corresponding to MSA columns:
# 297-314
name=unknown_D
#
# <colnr> <probs for GDERKNQSTAVLIFYWHMCP>
#	G	D	E	R	K	N	Q	S	T	A	V	L	I	F	Y	W	H	M	C	P
0	0.01399	0.07015	0.03243	0.00920	0.04012	0.02461	0.05194	0.08766	0.17928	0.32030	0.07182	0.02632	0.02361	0.00554	0.00430	0.00133	0.00399	0.00463	0.02227	0.00652
1	0.00875	0.03077	0.01121	0.11897	0.04869	0.06349	0.09850	0.04698	0.07605	0.01345	0.12672	0.10140	0.02892	0.05151	0.09819	0.00218	0.02811	0.02805	0.01324	0.00481
2	0.01370	0.03296	0.01064	0.00831	0.01100	0.05332	0.00675	0.48658	0.07076	0.02235	0.01148	0.01197	0.00854	0.00510	0.00392	0.00121	0.00410	0.00388	0.22715	0.00627
3	0.05893	0.00787	0.01254	0.75636	0.02777	0.00973	0.01139	0.04347	0.00901	0.01214	0.00767	0.01118	0.00574	0.00432	0.00421	0.00142	0.00556	0.00374	0.00205	0.00488
4	0.00562	0.00484	0.00490	0.00484	0.00623	0.02687	0.00367	0.00690	0.01028	0.01257	0.16834	0.03924	0.64357	0.01042	0.00508	0.00145	0.00237	0.03499	0.00407	0.00376
5	0.00958	0.03969	0.22123	0.02635	0.20461	0.03274	0.10708	0.06797	0.03721	0.01433	0.05087	0.05760	0.04880	0.00688	0.05455	0.00169	0.00564	0.00472	0.00260	0.00585
6	0.00748	0.00374	0.00561	0.00561	0.00561	0.00374	0.00374	0.00561	0.00561	0.00748	0.00748	0.01309	0.00748	0.01496	0.01684	0.87467	0.00374	0.00374	0.00187	0.00187
7	0.00806	0.00609	0.00670	0.00610	0.00791	0.00605	0.00471	0.05542	0.19533	0.06308	0.20338	0.03032	0.37279	0.00865	0.00484	0.00142	0.00266	0.00727	0.00434	0.00488
8	0.00883	0.00745	0.04330	0.04075	0.19323	0.00703	0.03016	0.03591	0.02167	0.07699	0.16793	0.06401	0.10250	0.06325	0.07606	0.00205	0.03340	0.01705	0.00332	0.00509
9	0.01126	0.16794	0.18151	0.03434	0.10912	0.12604	0.02632	0.08476	0.07491	0.02733	0.02272	0.03463	0.01851	0.02384	0.01315	0.00139	0.02998	0.00382	0.00257	0.00585
10	0.00967	0.00992	0.05963	0.01346	0.12387	0.04596	0.24993	0.06557	0.02642	0.03027	0.01176	0.03903	0.04486	0.10752	0.11430	0.00245	0.03249	0.00502	0.00260	0.00527
11	0.00882	0.00488	0.00504	0.00469	0.00603	0.00489	0.00361	0.08255	0.01023	0.04015	0.01680	0.01807	0.09265	0.00564	0.00338	0.00109	0.00232	0.00453	0.68027	0.00437
12	0.02753	0.03307	0.09846	0.09923	0.13388	0.08663	0.04572	0.02871	0.07331	0.01341	0.05957	0.05407	0.04562	0.00770	0.05119	0.01540	0.02829	0.06645	0.02653	0.00522
13	0.06047	0.16537	0.25431	0.01150	0.10836	0.08370	0.01025	0.07224	0.00989	0.04333	0.00846	0.04921	0.00715	0.00538	0.00505	0.05265	0.04102	0.00360	0.00237	0.00568
14	0.00615	0.00462	0.00692	0.00692	0.00769	0.00538	0.00538	0.00769	0.00692	0.01000	0.01154	0.01692	0.01077	0.03231	0.83154	0.00692	0.01154	0.00462	0.00231	0.00385
15	0.00626	0.00421	0.00486	0.00486	0.00492	0.00427	0.00282	0.00637	0.00631	0.00848	0.01342	0.02735	0.01529	0.78755	0.08249	0.00438	0.00473	0.00614	0.00259	0.00270
16	0.00731	0.00616	0.02485	0.04855	0.02940	0.02865	0.05495	0.00859	0.02719	0.03289	0.02843	0.14826	0.10336	0.34714	0.05772	0.00289	0.03009	0.00683	0.00298	0.00380
17	0.08030	0.01636	0.18530	0.03460	0.07228	0.32794	0.03249	0.05677	0.07758	0.01373	0.00855	0.02683	0.00689	0.00520	0.02001	0.00139	0.02220	0.00348	0.00247	0.00562

[dist]
# distance from previous block
# <min> <max>
1	5

[block]
# block no. 4 follows, 61 sequences, length 14
# corresponding to MSA columns:
# 320-333
name=unknown_E
#
# <colnr> <probs for GDERKNQSTAVLIFYWHMCP>
#	G	D	E	R	K	N	Q	S	T	A	V	L	I	F	Y	W	H	M	C	P
0	0.03300	0.11167	0.16931	0.01044	0.06441	0.02955	0.10404	0.05661	0.00989	0.03564	0.07279	0.13781	0.03525	0.06182	0.02632	0.00170	0.00488	0.02682	0.00288	0.00519
1	0.03390	0.03419	0.08973	0.03774	0.27065	0.10656	0.06361	0.05537	0.02014	0.01372	0.03718	0.08981	0.06738	0.00671	0.03526	0.00156	0.02328	0.00496	0.00265	0.00560
2	0.00827	0.00740	0.06770	0.02408	0.08374	0.00693	0.05252	0.02964	0.00841	0.05931	0.02986	0.07914	0.03845	0.17956	0.21192	0.00334	0.07325	0.00544	0.02652	0.00452
3	0.00955	0.13994	0.01308	0.39812	0.01927	0.02734	0.03234	0.05073	0.00945	0.06001	0.01237	0.01502	0.09780	0.04917	0.00563	0.02065	0.02778	0.00435	0.00251	0.00491
4	0.01007	0.14010	0.26583	0.05587	0.05515	0.06981	0.09987	0.03838	0.05857	0.03533	0.01163	0.06930	0.05127	0.00528	0.00421	0.00133	0.00539	0.01433	0.00253	0.00573
5	0.00938	0.00899	0.01554	0.36657	0.41607	0.00975	0.05523	0.01206	0.00927	0.01266	0.00851	0.04121	0.00714	0.00437	0.00437	0.00137	0.00540	0.00420	0.00211	0.00579
6	0.00905	0.14124	0.71095	0.01157	0.01755	0.01101	0.01469	0.01353	0.00905	0.01314	0.00748	0.00878	0.00547	0.00403	0.00390	0.00130	0.00611	0.00306	0.00182	0.00625
7	0.00863	0.05106	0.07626	0.03570	0.09343	0.03006	0.12535	0.01122	0.04721	0.03927	0.07434	0.10732	0.11736	0.03706	0.03173	0.00171	0.03982	0.04070	0.02680	0.00499
8	0.03433	0.15203	0.08697	0.12379	0.17204	0.05446	0.04638	0.07447	0.02472	0.09084	0.03073	0.01075	0.00756	0.00462	0.00476	0.00131	0.06805	0.00365	0.00261	0.00595
9	0.00612	0.00508	0.00666	0.03486	0.10897	0.00473	0.00516	0.00745	0.00950	0.01219	0.09658	0.22214	0.38531	0.03687	0.00562	0.00160	0.00286	0.04051	0.00371	0.00406
10	0.02624	0.00825	0.03919	0.02188	0.07070	0.04217	0.02309	0.13125	0.01172	0.21294	0.01770	0.13584	0.07821	0.00765	0.00487	0.01433	0.00401	0.11287	0.03152	0.00557
11	0.02764	0.02550	0.15816	0.03076	0.12349	0.06107	0.09280	0.16818	0.05994	0.06225	0.02661	0.07392	0.03489	0.00563	0.00444	0.00138	0.00507	0.02908	0.00312	0.00606
12	0.01133	0.01010	0.03656	0.12122	0.41771	0.02867	0.01090	0.13458	0.05083	0.05646	0.02579	0.04224	0.02460	0.00488	0.00435	0.00133	0.00487	0.00436	0.00286	0.00638
13	0.00625	0.02398	0.00598	0.00590	0.00671	0.02345	0.00432	0.00730	0.02114	0.01077	0.02436	0.23734	0.23649	0.15003	0.09615	0.03026	0.01948	0.08312	0.00340	0.00358

[dist]
# distance from previous block
# <min> <max>
6	85

[block]
# block no. 5 follows, 61 sequences, length 24
# corresponding to MSA columns:
# 419-442
name=unknown_F
#
# <colnr> <probs for GDERKNQSTAVLIFYWHMCP>
#	G	D	E	R	K	N	Q	S	T	A	V	L	I	F	Y	W	H	M	C	P
0	0.02247	0.02081	0.07275	0.07495	0.08329	0.03840	0.05200	0.06093	0.13150	0.03576	0.08223	0.10778	0.04995	0.03863	0.00555	0.00154	0.03508	0.03942	0.04167	0.00528
1	0.02778	0.03002	0.24829	0.02188	0.06954	0.04133	0.03448	0.05333	0.05114	0.06271	0.02506	0.06807	0.04426	0.02780	0.03195	0.00163	0.02053	0.06827	0.01743	0.05450
2	0.02643	0.03157	0.10801	0.04442	0.15842	0.02850	0.03958	0.11714	0.06712	0.01498	0.04223	0.06395	0.03385	0.07277	0.04153	0.01393	0.00487	0.02090	0.02034	0.04947
3	0.02154	0.00863	0.07652	0.02410	0.04992	0.06244	0.00641	0.05081	0.04376	0.01306	0.10264	0.04886	0.08302	0.19915	0.02361	0.00206	0.06840	0.00535	0.01662	0.09310
4	0.03353	0.06117	0.11884	0.02540	0.06637	0.02371	0.00800	0.12070	0.13034	0.04202	0.06344	0.01656	0.09382	0.03564	0.00525	0.00140	0.04131	0.01894	0.00325	0.09029
5	0.03467	0.15092	0.16928	0.04746	0.10359	0.10444	0.07236	0.07560	0.03958	0.01408	0.03667	0.02511	0.04516	0.00475	0.00399	0.00123	0.00521	0.00389	0.01867	0.04333
6	0.02241	0.00911	0.01369	0.13114	0.32608	0.02534	0.05679	0.07335	0.02924	0.01487	0.08247	0.02677	0.01031	0.01924	0.00453	0.00128	0.00465	0.00424	0.00268	0.14183
7	0.00540	0.00410	0.00496	0.00536	0.00611	0.00376	0.00375	0.00639	0.00895	0.01159	0.10755	0.38857	0.29457	0.06945	0.05706	0.00209	0.00301	0.00987	0.00388	0.00356
8	0.01110	0.06356	0.03037	0.16234	0.33100	0.06482	0.02320	0.10724	0.04691	0.03057	0.00910	0.02436	0.00753	0.03120	0.02186	0.00151	0.02080	0.00396	0.00254	0.00602
9	0.00561	0.00410	0.00525	0.00574	0.00633	0.00383	0.00399	0.00696	0.02645	0.01287	0.24446	0.52160	0.09332	0.03133	0.00571	0.00167	0.00240	0.01047	0.00418	0.00372
10	0.00525	0.00385	0.00493	0.00576	0.00619	0.00353	0.00390	0.00607	0.00855	0.01123	0.04473	0.71614	0.13801	0.01303	0.00543	0.00170	0.00244	0.01171	0.00402	0.00353
11	0.01152	0.85121	0.02257	0.00737	0.01106	0.01704	0.00737	0.01290	0.00875	0.01013	0.00599	0.00691	0.00553	0.00369	0.00276	0.00092	0.00461	0.00230	0.00184	0.00553
12	0.00610	0.00440	0.00576	0.00542	0.00644	0.00406	0.00406	0.00813	0.01219	0.01727	0.81947	0.03218	0.04064	0.00881	0.00508	0.00135	0.00203	0.00779	0.00474	0.00406
13	0.87904	0.00833	0.00633	0.00566	0.00833	0.00966	0.00467	0.01266	0.00733	0.01933	0.00600	0.00700	0.00467	0.00400	0.00267	0.00133	0.00333	0.00233	0.00267	0.00467
14	0.01637	0.01207	0.01293	0.00991	0.01336	0.01336	0.00819	0.80738	0.02025	0.02715	0.01034	0.01034	0.00733	0.00517	0.00431	0.00129	0.00474	0.00388	0.00431	0.00733
15	0.00860	0.00457	0.00463	0.00442	0.00559	0.00466	0.00337	0.06467	0.00980	0.01682	0.01380	0.01567	0.01079	0.00503	0.00310	0.00102	0.00219	0.00401	0.81304	0.00424
16	0.06598	0.00480	0.00654	0.00649	0.00727	0.00549	0.00490	0.00781	0.00685	0.01038	0.01148	0.01800	0.01111	0.15762	0.64854	0.00611	0.00983	0.00472	0.00238	0.00371
17	0.01597	0.04367	0.01252	0.01096	0.01325	0.78822	0.00829	0.03661	0.01231	0.01094	0.00673	0.00781	0.00559	0.00444	0.00386	0.00111	0.00760	0.00279	0.00226	0.00507
18	0.00875	0.00742	0.00864	0.00626	0.00983	0.00563	0.00493	0.01053	0.00875	0.01365	0.00806	0.01025	0.00702	0.06112	0.00447	0.00088	0.00326	0.00281	0.00256	0.81517
19	0.00612	0.00413	0.00472	0.00483	0.00490	0.00409	0.00278	0.00623	0.00657	0.00873	0.01545	0.11865	0.03738	0.73541	0.01969	0.00384	0.00394	0.00699	0.00280	0.00273
20	0.14698	0.01108	0.07952	0.06501	0.25047	0.04249	0.06232	0.14255	0.01146	0.11666	0.02542	0.01084	0.00748	0.00442	0.00408	0.00132	0.00492	0.00374	0.00298	0.00628
21	0.05822	0.13420	0.03522	0.02502	0.13102	0.06987	0.07607	0.04081	0.04143	0.06734	0.06566	0.07444	0.10252	0.00615	0.00425	0.00132	0.00436	0.02922	0.02752	0.00536
22	0.00881	0.08439	0.10600	0.00728	0.00926	0.00773	0.00636	0.13219	0.00972	0.02826	0.03812	0.04293	0.02900	0.23605	0.19130	0.00330	0.00595	0.01937	0.02941	0.00457
23	0.01208	0.23522	0.08890	0.00937	0.02605	0.10826	0.04380	0.15272	0.02427	0.03793	0.00835	0.02609	0.00682	0.00432	0.00383	0.00107	0.01923	0.00324	0.00267	0.18579

[dist]
# distance from previous block
# <min> <max>
0	1

[block]
# block no. 6 follows, 61 sequences, length 13
# corresponding to MSA columns:
# 444-446,448-457
name=unknown_G
#
# <colnr> <probs for GDERKNQSTAVLIFYWHMCP>
#	G	D	E	R	K	N	Q	S	T	A	V	L	I	F	Y	W	H	M	C	P
0	0.00860	0.04881	0.03932	0.06429	0.01019	0.05748	0.02684	0.06044	0.00964	0.04420	0.03075	0.06684	0.17601	0.15162	0.03701	0.00210	0.04557	0.07489	0.04101	0.00436
1	0.00609	0.00415	0.00487	0.00506	0.00519	0.00411	0.00306	0.00634	0.00679	0.00903	0.01609	0.16134	0.03628	0.64502	0.04476	0.00375	0.00409	0.02823	0.00289	0.00285
2	0.01056	0.29329	0.24034	0.01164	0.09745	0.08662	0.05363	0.03750	0.00964	0.01235	0.00918	0.01054	0.04914	0.00527	0.02831	0.00137	0.03188	0.00342	0.00212	0.00574
3	0.00641	0.00477	0.00600	0.00563	0.00677	0.00455	0.00424	0.00917	0.07271	0.01711	0.72807	0.03133	0.06948	0.00867	0.00503	0.00137	0.00214	0.00762	0.00469	0.00426
4	0.00849	0.00701	0.00774	0.00740	0.00904	0.00770	0.00557	0.01584	0.46444	0.01550	0.08998	0.19912	0.07360	0.04160	0.00547	0.00163	0.00306	0.02719	0.00422	0.00541
5	0.01640	0.00742	0.00970	0.00730	0.01077	0.00617	0.00599	0.01814	0.01137	0.59674	0.01437	0.01305	0.00946	0.00473	0.00401	0.00114	0.00353	0.00383	0.00455	0.25132
6	0.00521	0.00432	0.00455	0.00459	0.00591	0.00367	0.00341	0.00637	0.00996	0.01218	0.12315	0.09698	0.68313	0.01087	0.00512	0.00146	0.00219	0.00918	0.00408	0.00367
7	0.01152	0.85121	0.02257	0.00737	0.01106	0.01704	0.00737	0.01290	0.00875	0.01013	0.00599	0.00691	0.00553	0.00369	0.00276	0.00092	0.00461	0.00230	0.00184	0.00553
8	0.00520	0.00395	0.00479	0.00547	0.00611	0.00354	0.00376	0.00606	0.00876	0.01120	0.03019	0.58528	0.28486	0.01266	0.00537	0.00165	0.00240	0.01122	0.00400	0.00354
9	0.01277	0.00727	0.03489	0.00705	0.00929	0.03637	0.00581	0.03146	0.05725	0.34152	0.07145	0.01878	0.04886	0.04125	0.05516	0.00177	0.02236	0.03680	0.15425	0.00563
10	0.09514	0.00771	0.00872	0.00636	0.01006	0.00615	0.00511	0.01146	0.00892	0.04908	0.00789	0.00899	0.00639	0.00336	0.00319	0.00074	0.00322	0.00261	0.00268	0.75222
11	0.03997	0.00711	0.00907	0.00729	0.01004	0.00664	0.00591	0.07888	0.03761	0.52554	0.06797	0.01784	0.07598	0.02873	0.05952	0.00179	0.00405	0.00491	0.00474	0.00640
12	0.01206	0.03847	0.03444	0.00857	0.01126	0.12665	0.00700	0.19211	0.18785	0.04716	0.05598	0.02567	0.05083	0.00558	0.00452	0.00125	0.03822	0.00430	0.03399	0.11409

[dist]
# distance from previous block
# <min> <max>
0	2

[block]
# block no. 7 follows, 61 sequences, length 15
# corresponding to MSA columns:
# 460-474
name=unknown_H
#
# <colnr> <probs for GDERKNQSTAVLIFYWHMCP>
#	G	D	E	R	K	N	Q	S	T	A	V	L	I	F	Y	W	H	M	C	P
0	0.07763	0.34741	0.07965	0.01016	0.06268	0.09575	0.03601	0.19846	0.02863	0.01563	0.00767	0.00855	0.00615	0.00421	0.00354	0.00114	0.00509	0.00303	0.00260	0.00601
1	0.00610	0.00440	0.00576	0.00542	0.00644	0.00406	0.00406	0.00813	0.01219	0.01727	0.81947	0.03218	0.04064	0.00881	0.00508	0.00135	0.00203	0.00779	0.00474	0.00406
2	0.00625	0.00470	0.00644	0.00774	0.08407	0.00463	0.00481	0.00728	0.02132	0.01092	0.03855	0.39621	0.08215	0.15867	0.09556	0.03897	0.00404	0.02061	0.00334	0.00372
3	0.02400	0.01023	0.04923	0.08980	0.26585	0.01003	0.29405	0.01250	0.00932	0.01332	0.00878	0.01235	0.00726	0.02125	0.02456	0.00160	0.07762	0.02052	0.04201	0.00571
4	0.06223	0.00492	0.00503	0.00468	0.00604	0.00500	0.00359	0.05196	0.00967	0.07038	0.01356	0.01538	0.01053	0.02302	0.00355	0.00113	0.00239	0.00397	0.69857	0.00442
5	0.01152	0.85121	0.02257	0.00737	0.01106	0.01704	0.00737	0.01290	0.00875	0.01013	0.00599	0.00691	0.00553	0.00369	0.00276	0.00092	0.00461	0.00230	0.00184	0.00553
6	0.00626	0.00418	0.00470	0.00470	0.00470	0.00418	0.00261	0.00626	0.00626	0.00835	0.01357	0.02819	0.01566	0.84862	0.02192	0.00418	0.00418	0.00626	0.00261	0.00261
7	0.00543	0.00397	0.00513	0.00601	0.00640	0.00376	0.00406	0.00659	0.03619	0.01127	0.02451	0.77749	0.06695	0.01310	0.00544	0.00172	0.00251	0.01184	0.00401	0.00362
8	0.01429	0.06429	0.05082	0.01309	0.13109	0.43918	0.03889	0.10774	0.05655	0.03230	0.00822	0.00926	0.00651	0.00445	0.00402	0.00119	0.00644	0.00329	0.00260	0.00581
9	0.00725	0.00471	0.00599	0.00574	0.00694	0.00433	0.00430	0.00918	0.03235	0.09362	0.47367	0.16509	0.13500	0.00950	0.00508	0.00145	0.00236	0.02458	0.00456	0.00430
10	0.01101	0.16116	0.11015	0.04305	0.09477	0.06767	0.11402	0.02747	0.00999	0.09245	0.02323	0.02438	0.04020	0.00470	0.00414	0.00120	0.01664	0.01861	0.02624	0.10892
11	0.00577	0.00457	0.00518	0.00513	0.00633	0.00416	0.00378	0.00769	0.05383	0.01363	0.28792	0.12744	0.41537	0.03298	0.00555	0.00153	0.00229	0.00872	0.00422	0.00390
12	0.43919	0.08404	0.04691	0.02108	0.03514	0.00953	0.02225	0.04328	0.06378	0.03717	0.06827	0.04040	0.02641	0.01989	0.00376	0.00137	0.00366	0.00377	0.02502	0.00507
13	0.05659	0.12600	0.15986	0.04085	0.13987	0.11292	0.07060	0.10011	0.05297	0.01475	0.00963	0.01085	0.03641	0.00446	0.00395	0.00124	0.00534	0.00362	0.01784	0.03214
14	0.05837	0.06752	0.25951	0.03317	0.08762	0.06094	0.05326	0.03935	0.09446	0.01437	0.02908	0.01386	0.04877	0.00559	0.02009	0.00143	0.01686	0.03241	0.03974	0.02360

[dist]
# distance from previous block
# <min> <max>
0	21

[block]
# block no. 8 follows, 61 sequences, length 60
# corresponding to MSA columns:
# 525-578,580-585
name=unknown_I
#
# <colnr> <probs for GDERKNQSTAVLIFYWHMCP>
#	G	D	E	R	K	N	Q	S	T	A	V	L	I	F	Y	W	H	M	C	P
0	0.02435	0.05124	0.04514	0.11150	0.10010	0.02991	0.02441	0.02719	0.16016	0.01375	0.07594	0.10523	0.09246	0.02199	0.01581	0.01865	0.03418	0.01922	0.02366	0.00512
1	0.01046	0.02776	0.20596	0.04883	0.06793	0.02071	0.26951	0.12362	0.04678	0.02583	0.02939	0.01246	0.02613	0.01821	0.02096	0.00153	0.01741	0.00438	0.01616	0.00600
2	0.00535	0.00384	0.00498	0.00584	0.00615	0.00359	0.00390	0.00609	0.00821	0.01086	0.02403	0.71840	0.07222	0.08095	0.00681	0.00193	0.00265	0.02688	0.00389	0.00344
3	0.04277	0.00931	0.06378	0.02217	0.05815	0.00758	0.07535	0.06589	0.03660	0.07812	0.02024	0.01049	0.00748	0.00387	0.00369	0.00097	0.00400	0.00330	0.02247	0.46374
4	0.01205	0.01135	0.14867	0.04187	0.18050	0.04644	0.04516	0.08067	0.03617	0.17747	0.03251	0.05603	0.00984	0.00531	0.00471	0.00136	0.03853	0.01365	0.03920	0.01851
5	0.06310	0.06732	0.18529	0.02708	0.06160	0.27929	0.02127	0.11106	0.02177	0.04541	0.00871	0.02939	0.00691	0.00463	0.00391	0.00123	0.00582	0.00343	0.04707	0.00572
6	0.01197	0.00915	0.01063	0.02752	0.01123	0.02749	0.00718	0.36335	0.04391	0.04339	0.02765	0.02987	0.00968	0.07039	0.15684	0.01866	0.11760	0.00444	0.00340	0.00564
7	0.00649	0.00443	0.00539	0.00533	0.00563	0.00465	0.00343	0.02161	0.00679	0.00940	0.01302	0.02455	0.01410	0.59494	0.22594	0.00470	0.00597	0.00572	0.03486	0.00306
8	0.01124	0.61887	0.13885	0.00871	0.01256	0.03434	0.03171	0.01319	0.00889	0.03082	0.00659	0.00772	0.00568	0.00402	0.00373	0.00107	0.05177	0.00265	0.00195	0.00564
9	0.00822	0.00507	0.00608	0.00550	0.00704	0.00467	0.00423	0.03792	0.02306	0.12172	0.39348	0.02940	0.22478	0.00828	0.00472	0.00134	0.00240	0.00706	0.10048	0.00453
10	0.00656	0.00450	0.00572	0.00535	0.00650	0.00410	0.00404	0.00848	0.01185	0.04798	0.68040	0.03200	0.12230	0.00878	0.00499	0.00135	0.00211	0.00768	0.03116	0.00414
11	0.00726	0.00550	0.00629	0.00589	0.00730	0.02120	0.00445	0.01043	0.12505	0.05081	0.44867	0.06210	0.21088	0.00881	0.00494	0.00140	0.00246	0.00759	0.00447	0.00450
12	0.00626	0.00418	0.00470	0.00470	0.00470	0.00418	0.00261	0.00626	0.00626	0.00835	0.01357	0.02819	0.01566	0.84862	0.02192	0.00418	0.00418	0.00626	0.00261	0.00261
13	0.01471	0.01046	0.01115	0.00874	0.01170	0.01150	0.00716	0.64839	0.01802	0.02494	0.01108	0.01148	0.00807	0.00514	0.00405	0.00124	0.00420	0.00391	0.17744	0.00667
14	0.00547	0.00386	0.00503	0.00587	0.00611	0.00366	0.00389	0.00615	0.00800	0.01065	0.02211	0.68652	0.02633	0.14451	0.00809	0.00214	0.00282	0.04161	0.00378	0.00338
15	0.00550	0.00386	0.00494	0.00568	0.00589	0.00367	0.00368	0.00610	0.00786	0.01050	0.03617	0.64037	0.02573	0.20778	0.00931	0.00231	0.00288	0.01077	0.00369	0.00330
16	0.00525	0.00375	0.00500	0.00600	0.00625	0.00350	0.00400	0.00600	0.00825	0.01100	0.02374	0.84580	0.02849	0.01350	0.00550	0.00175	0.00250	0.01225	0.00400	0.00350
17	0.02931	0.02195	0.80683	0.01212	0.01840	0.01000	0.01565	0.01362	0.00905	0.01378	0.00769	0.00904	0.00544	0.00409	0.00406	0.00136	0.00629	0.00316	0.00184	0.00633
18	0.00615	0.00462	0.00692	0.00692	0.00769	0.00538	0.00538	0.00769	0.00692	0.01000	0.01154	0.01692	0.01077	0.03231	0.83154	0.00692	0.01154	0.00462	0.00231	0.00385
19	0.00557	0.00416	0.00506	0.00564	0.00633	0.00384	0.00405	0.00651	0.00872	0.01114	0.02825	0.39155	0.26038	0.11409	0.00744	0.00199	0.00282	0.12512	0.00383	0.00350
20	0.00893	0.00766	0.00893	0.00638	0.01021	0.00574	0.00510	0.01085	0.00893	0.01404	0.00766	0.00893	0.00638	0.00319	0.00319	0.00064	0.00319	0.00255	0.00255	0.87495
21	0.01300	0.02249	0.00995	0.00800	0.01052	0.03428	0.00643	0.40972	0.12126	0.04069	0.02241	0.03066	0.01002	0.02010	0.00430	0.00129	0.00385	0.00426	0.22065	0.00613
22	0.01244	0.00909	0.01037	0.00768	0.01134	0.00834	0.00625	0.27700	0.01304	0.09914	0.00948	0.00997	0.00712	0.00406	0.00368	0.00093	0.00375	0.00317	0.00341	0.49973
23	0.00984	0.09277	0.39004	0.06102	0.22217	0.02248	0.06137	0.03052	0.04457	0.01373	0.00819	0.00989	0.00627	0.00408	0.00410	0.00131	0.00577	0.00350	0.00210	0.00631
24	0.00899	0.00997	0.05203	0.01476	0.03700	0.00897	0.52764	0.02401	0.00976	0.01324	0.01236	0.17822	0.01185	0.03308	0.00567	0.00161	0.00597	0.03699	0.00264	0.00525
25	0.00813	0.00766	0.01292	0.83826	0.02967	0.00957	0.01196	0.01101	0.00861	0.01101	0.00766	0.01148	0.00574	0.00431	0.00431	0.00144	0.00574	0.00383	0.00191	0.00479
26	0.00599	0.00456	0.00606	0.00652	0.03363	0.00469	0.00449	0.00707	0.00790	0.01063	0.05146	0.18350	0.16821	0.16608	0.30460	0.00395	0.01662	0.00730	0.00309	0.00364
27	0.01034	0.00999	0.08013	0.03913	0.10791	0.06100	0.04345	0.14834	0.08448	0.04495	0.04816	0.16153	0.07621	0.00699	0.00493	0.00142	0.03475	0.00594	0.02479	0.00556
28	0.01021	0.00478	0.00527	0.00479	0.00626	0.00463	0.00371	0.02994	0.00987	0.15909	0.01449	0.01568	0.01089	0.00508	0.00327	0.00107	0.00236	0.00407	0.69985	0.00467
29	0.00820	0.00408	0.00416	0.00411	0.00516	0.00406	0.00309	0.01020	0.00916	0.03110	0.03097	0.01637	0.01165	0.00510	0.00308	0.00102	0.00204	0.00410	0.83826	0.00408
30	0.00939	0.01280	0.25749	0.11916	0.11038	0.02079	0.13831	0.06529	0.01959	0.02828	0.05383	0.06001	0.02478	0.03672	0.00511	0.00149	0.00541	0.00472	0.02076	0.00567
31	0.01136	0.01167	0.01673	0.05062	0.66267	0.12923	0.02833	0.01374	0.01012	0.01346	0.00789	0.01029	0.00660	0.00394	0.00423	0.00126	0.00556	0.00371	0.00214	0.00647
32	0.01933	0.00733	0.01000	0.00766	0.01100	0.00633	0.00633	0.02099	0.01233	0.82473	0.01699	0.01466	0.01066	0.00533	0.00433	0.00133	0.00367	0.00433	0.00533	0.00733
33	0.02328	0.00512	0.00738	0.00717	0.00802	0.00602	0.00561	0.02193	0.00724	0.02644	0.01123	0.01634	0.01039	0.04122	0.73014	0.00630	0.05524	0.00453	0.00239	0.00402
34	0.01136	0.29408	0.15691	0.07736	0.11919	0.13207	0.05584	0.03930	0.00990	0.02483	0.00759	0.02467	0.00633	0.00426	0.00392	0.00119	0.02002	0.00330	0.00213	0.00575
35	0.00558	0.00397	0.00509	0.00574	0.00630	0.00363	0.00395	0.00653	0.00898	0.02642	0.11572	0.62978	0.13747	0.01247	0.00537	0.00166	0.00242	0.01117	0.00411	0.00365
36	0.00527	0.00376	0.00501	0.00599	0.00625	0.00351	0.00400	0.00604	0.00833	0.01113	0.04113	0.82803	0.02876	0.01339	0.00549	0.00174	0.00249	0.01215	0.00401	0.00351
37	0.01029	0.00968	0.02678	0.15999	0.51081	0.00990	0.06225	0.02963	0.02232	0.03961	0.00965	0.02847	0.02725	0.00449	0.00466	0.00135	0.03003	0.00423	0.00235	0.00623
38	0.01056	0.03634	0.01012	0.02330	0.04202	0.05322	0.00619	0.08951	0.08840	0.05573	0.01985	0.02603	0.00864	0.04120	0.03613	0.00131	0.00414	0.00354	0.00301	0.44074
39	0.43896	0.01454	0.36388	0.02219	0.01328	0.02182	0.00978	0.02619	0.00843	0.01653	0.00726	0.02696	0.00562	0.00428	0.00342	0.00135	0.00476	0.00298	0.00234	0.00543
40	0.87904	0.00833	0.00633	0.00566	0.00833	0.00966	0.00467	0.01266	0.00733	0.01933	0.00600	0.00700	0.00467	0.00400	0.00267	0.00133	0.00333	0.00233	0.00267	0.00467
41	0.00554	0.00418	0.00483	0.00516	0.00615	0.00367	0.00368	0.00655	0.00935	0.03096	0.07316	0.36958	0.43835	0.01173	0.00524	0.00157	0.00234	0.01021	0.00407	0.00369
42	0.00528	0.00376	0.00499	0.00596	0.00620	0.00352	0.00395	0.00601	0.00818	0.01091	0.02342	0.81972	0.02808	0.04014	0.00602	0.00183	0.00255	0.01205	0.00395	0.00347
43	0.00587	0.00436	0.00489	0.00496	0.00586	0.00402	0.00348	0.00713	0.02784	0.01204	0.14403	0.13231	0.34253	0.20397	0.00891	0.00209	0.00272	0.02698	0.05245	0.00355
44	0.00538	0.00439	0.00455	0.00454	0.00595	0.00370	0.00339	0.00652	0.00992	0.02518	0.08297	0.07359	0.73349	0.01081	0.00509	0.00146	0.00221	0.00907	0.00406	0.00371
45	0.00762	0.00661	0.00610	0.00583	0.00735	0.10206	0.00437	0.02122	0.02928	0.05651	0.13752	0.11608	0.46428	0.00962	0.00492	0.00142	0.00300	0.00806	0.00397	0.00417
46	0.01150	0.00965	0.01019	0.00893	0.01150	0.01108	0.00701	0.13245	0.70312	0.01929	0.01653	0.01527	0.01234	0.00575	0.00437	0.00144	0.00359	0.00473	0.00437	0.00689
47	0.00893	0.00766	0.00893	0.00638	0.01021	0.00574	0.00510	0.01085	0.00893	0.01404	0.00766	0.00893	0.00638	0.00319	0.00319	0.00064	0.00319	0.00255	0.00255	0.87495
48	0.01152	0.85121	0.02257	0.00737	0.01106	0.01704	0.00737	0.01290	0.00875	0.01013	0.00599	0.00691	0.00553	0.00369	0.00276	0.00092	0.00461	0.00230	0.00184	0.00553
49	0.01645	0.01195	0.01286	0.00986	0.01330	0.01319	0.00814	0.78803	0.02006	0.04677	0.01051	0.01045	0.00741	0.00517	0.00431	0.00129	0.00471	0.00389	0.00433	0.00733
50	0.01115	0.02762	0.01733	0.08098	0.57478	0.09699	0.08460	0.03024	0.01021	0.01366	0.00798	0.01042	0.00657	0.00394	0.00427	0.00128	0.00562	0.00381	0.00217	0.00638
51	0.00969	0.00953	0.01318	0.01125	0.01139	0.01320	0.00938	0.04131	0.00713	0.01102	0.00584	0.00946	0.00572	0.00745	0.01375	0.00186	0.80828	0.00377	0.00198	0.00481
52	0.00943	0.00667	0.04113	0.00754	0.00964	0.00576	0.08417	0.04280	0.01209	0.16648	0.48577	0.02574	0.05666	0.00745	0.00489	0.00137	0.00317	0.01978	0.00443	0.00504
53	0.55628	0.00953	0.00832	0.00721	0.00978	0.04467	0.00586	0.12067	0.12317	0.01932	0.00822	0.00890	0.00631	0.00463	0.00382	0.00137	0.05053	0.00300	0.00307	0.00534
54	0.01735	0.00788	0.01106	0.02630	0.11665	0.00724	0.00738	0.06309	0.01225	0.63008	0.02713	0.01415	0.01033	0.00573	0.02174	0.00144	0.00410	0.00429	0.00472	0.00709
55	0.01609	0.02053	0.01221	0.01110	0.01332	0.83132	0.00832	0.01720	0.01221	0.01054	0.00666	0.00777	0.00555	0.00444	0.00388	0.00111	0.00777	0.00277	0.00222	0.00499
56	0.01773	0.00876	0.01069	0.00827	0.01153	0.00859	0.00681	0.26744	0.03972	0.52029	0.01482	0.01340	0.00971	0.00529	0.00428	0.00131	0.00394	0.00419	0.03604	0.00719
57	0.02543	0.00983	0.01601	0.09058	0.55234	0.02003	0.05376	0.01316	0.02519	0.03272	0.00831	0.01068	0.00680	0.00401	0.00451	0.00127	0.03243	0.00377	0.00228	0.08690
58	0.00564	0.00452	0.00576	0.00583	0.00682	0.00415	0.03491	0.00698	0.02783	0.01178	0.08322	0.35844	0.33590	0.04962	0.03643	0.00189	0.00296	0.00972	0.00386	0.00373
59	0.00685	0.00486	0.00653	0.00731	0.00836	0.00473	0.00623	0.00862	0.00981	0.02847	0.02535	0.08073	0.13084	0.02708	0.00608	0.00193	0.00366	0.62463	0.00397	0.00394

[dist]
# distance from previous block
# <min> <max>
0	1

[block]
# block no. 9 follows, 61 sequences, length 45
# corresponding to MSA columns:
# 587-631
name=unknown_J
#
# <colnr> <probs for GDERKNQSTAVLIFYWHMCP>
#	G	D	E	R	K	N	Q	S	T	A	V	L	I	F	Y	W	H	M	C	P
0	0.01029	0.00978	0.01627	0.14651	0.64770	0.01017	0.01259	0.01355	0.06490	0.01389	0.00868	0.01116	0.00710	0.00405	0.00428	0.00132	0.00509	0.00391	0.00225	0.00652
1	0.01434	0.01221	0.01216	0.01064	0.06164	0.19251	0.04750	0.34123	0.03643	0.07162	0.01020	0.01101	0.00764	0.00518	0.00464	0.02554	0.02139	0.00376	0.10427	0.00610
2	0.00748	0.00374	0.00561	0.00561	0.00561	0.00374	0.00374	0.00561	0.00561	0.00748	0.00748	0.01309	0.00748	0.01496	0.01684	0.87467	0.00374	0.00374	0.00187	0.00187
3	0.00851	0.00811	0.01396	0.71193	0.11939	0.00970	0.04510	0.01137	0.00881	0.01147	0.00775	0.01140	0.00590	0.00423	0.00433	0.00142	0.00573	0.00388	0.00195	0.00506
4	0.00644	0.00453	0.00622	0.00644	0.02122	0.00472	0.00460	0.00751	0.00780	0.03401	0.06591	0.14444	0.09995	0.13439	0.38993	0.04167	0.00698	0.00657	0.00299	0.00369
5	0.01215	0.00767	0.00891	0.00750	0.00986	0.00792	0.00596	0.15875	0.21588	0.20379	0.22944	0.02015	0.05589	0.00660	0.00454	0.00136	0.00325	0.00551	0.02881	0.00607
6	0.00525	0.00375	0.00500	0.00600	0.00625	0.00350	0.00400	0.00600	0.00825	0.01100	0.02374	0.84580	0.02849	0.01350	0.00550	0.00175	0.00250	0.01225	0.00400	0.00350
7	0.12696	0.00861	0.01039	0.00807	0.01134	0.01993	0.02039	0.16780	0.01315	0.54735	0.01406	0.01273	0.00913	0.00509	0.00412	0.00132	0.00395	0.00399	0.00470	0.00693
8	0.01084	0.01027	0.04432	0.08147	0.28072	0.05819	0.04226	0.14139	0.09030	0.01580	0.01150	0.08354	0.01012	0.00563	0.00459	0.00138	0.01962	0.04088	0.04119	0.00600
9	0.00585	0.00492	0.03167	0.00658	0.00753	0.00425	0.02404	0.00720	0.00917	0.01202	0.07125	0.44378	0.16535	0.01191	0.00545	0.00171	0.00296	0.17665	0.00392	0.00380
10	0.87904	0.00833	0.00633	0.00566	0.00833	0.00966	0.00467	0.01266	0.00733	0.01933	0.00600	0.00700	0.00467	0.00400	0.00267	0.00133	0.00333	0.00233	0.00267	0.00467
11	0.00622	0.00418	0.00483	0.00496	0.00502	0.00417	0.00293	0.00638	0.00659	0.00877	0.01479	0.08974	0.01707	0.74501	0.01991	0.00389	0.00404	0.04597	0.00278	0.00274
12	0.03142	0.00744	0.00844	0.00827	0.03256	0.04984	0.00630	0.17109	0.06267	0.01525	0.05913	0.12630	0.01681	0.05100	0.01843	0.10243	0.02039	0.20401	0.00356	0.00463
13	0.00798	0.00739	0.01236	0.76985	0.02787	0.00914	0.01145	0.01074	0.00867	0.01110	0.00893	0.04036	0.00743	0.00498	0.00443	0.00147	0.00555	0.04349	0.00208	0.00470
14	0.00574	0.00469	0.00529	0.00520	0.00642	0.00434	0.00389	0.00751	0.04441	0.01324	0.23733	0.11350	0.48513	0.01029	0.00539	0.00147	0.02938	0.00871	0.00414	0.00390
15	0.04172	0.00943	0.03934	0.09074	0.38731	0.00975	0.02615	0.05321	0.08806	0.02341	0.00955	0.01193	0.00779	0.00757	0.09606	0.00197	0.05434	0.00398	0.03167	0.00601
16	0.00633	0.00477	0.00658	0.00652	0.00732	0.00535	0.00492	0.00818	0.04745	0.01049	0.03729	0.02029	0.06067	0.13788	0.60919	0.00580	0.00932	0.00521	0.00262	0.00382
17	0.00890	0.04723	0.72194	0.01236	0.01837	0.01031	0.06399	0.01396	0.03846	0.01370	0.00809	0.00944	0.00581	0.00412	0.00412	0.00136	0.00626	0.00333	0.00194	0.00632
18	0.01066	0.01023	0.01748	0.02644	0.82174	0.01023	0.01322	0.01322	0.00981	0.01407	0.00810	0.01066	0.00682	0.00384	0.00426	0.00128	0.00512	0.00384	0.00213	0.00682
19	0.00563	0.00387	0.00511	0.00595	0.00625	0.00363	0.00396	0.00635	0.00816	0.02750	0.02267	0.75561	0.02691	0.07596	0.01873	0.00200	0.00278	0.01153	0.00390	0.00352
20	0.01031	0.00966	0.04529	0.08531	0.22906	0.00893	0.08671	0.04417	0.09515	0.04541	0.00934	0.01092	0.00732	0.00407	0.00424	0.00115	0.02258	0.00367	0.00267	0.27404
21	0.00932	0.00930	0.01255	0.01086	0.01098	0.03602	0.00897	0.01029	0.00677	0.01030	0.00626	0.01029	0.00622	0.02646	0.07142	0.00226	0.74131	0.00385	0.00194	0.00462
22	0.00574	0.00430	0.00520	0.00567	0.00659	0.00392	0.00419	0.00703	0.02046	0.02316	0.08369	0.36573	0.32141	0.01180	0.00535	0.00164	0.00257	0.11373	0.00407	0.00375
23	0.00987	0.00941	0.01276	0.07900	0.01293	0.01262	0.00926	0.05777	0.10088	0.01227	0.00746	0.01042	0.00662	0.00694	0.01163	0.00176	0.62706	0.00391	0.00232	0.00511
24	0.03975	0.00417	0.00410	0.00407	0.00514	0.00422	0.00307	0.01013	0.00897	0.01618	0.01376	0.01573	0.01081	0.00498	0.00300	0.00102	0.00206	0.00395	0.84085	0.00404
25	0.00638	0.00458	0.00620	0.00708	0.00786	0.00448	0.00577	0.00791	0.00934	0.01218	0.03300	0.24635	0.06597	0.05398	0.00658	0.00200	0.00350	0.50918	0.00392	0.00377
26	0.02448	0.00575	0.00730	0.00635	0.00829	0.00531	0.00500	0.01335	0.06122	0.29105	0.34824	0.04512	0.09471	0.00765	0.00472	0.00138	0.00278	0.03128	0.03074	0.00530
27	0.00625	0.00424	0.00502	0.00502	0.00513	0.00435	0.00301	0.00647	0.00636	0.00859	0.01328	0.02658	0.01496	0.73203	0.13756	0.00457	0.00523	0.00603	0.00257	0.00279
28	0.00800	0.00730	0.01207	0.70778	0.04865	0.00887	0.01094	0.01075	0.00902	0.01187	0.08905	0.01367	0.00942	0.00476	0.00434	0.00141	0.00524	0.00423	0.02787	0.00475
29	0.01066	0.01023	0.01748	0.02644	0.82174	0.01023	0.01322	0.01322	0.00981	0.01407	0.00810	0.01066	0.00682	0.00384	0.00426	0.00128	0.00512	0.00384	0.00213	0.00682
30	0.01315	0.03227	0.00865	0.00680	0.00915	0.00779	0.00550	0.22467	0.05646	0.20972	0.01371	0.01394	0.00992	0.00514	0.00373	0.00118	0.00328	0.00405	0.36502	0.00587
31	0.00703	0.00576	0.00683	0.01531	0.03149	0.03190	0.02371	0.02627	0.02612	0.02075	0.10110	0.20127	0.25498	0.10965	0.00737	0.00179	0.04488	0.00782	0.04525	0.03070
32	0.01041	0.17837	0.01230	0.02297	0.03192	0.10553	0.02328	0.10884	0.01012	0.02557	0.05251	0.04348	0.02155	0.11177	0.11744	0.00237	0.08296	0.00441	0.02933	0.00487
33	0.02427	0.00967	0.03741	0.02991	0.41565	0.00922	0.01954	0.05143	0.00979	0.03347	0.00850	0.03301	0.00723	0.00436	0.00482	0.00119	0.07253	0.00373	0.00245	0.22183
34	0.02411	0.11832	0.19436	0.12408	0.05329	0.05415	0.07699	0.03767	0.02557	0.06952	0.05484	0.05186	0.03439	0.00523	0.00446	0.00133	0.02991	0.00435	0.03001	0.00555
35	0.00686	0.00471	0.00577	0.00561	0.00677	0.00436	0.00413	0.00888	0.05230	0.07008	0.37299	0.19249	0.20386	0.03456	0.00557	0.00154	0.00240	0.00852	0.00439	0.00418
36	0.03078	0.00847	0.01045	0.00845	0.03598	0.00808	0.00667	0.19373	0.02736	0.42020	0.01481	0.01388	0.04943	0.00525	0.00438	0.00124	0.02120	0.00416	0.00441	0.13107
37	0.00903	0.00979	0.09715	0.13282	0.15264	0.00860	0.19374	0.03281	0.03857	0.03503	0.04053	0.06287	0.10517	0.00605	0.00475	0.00145	0.00507	0.05568	0.00282	0.00545
38	0.00941	0.00980	0.03883	0.46132	0.11937	0.08921	0.03279	0.02737	0.00910	0.01165	0.00820	0.03594	0.00692	0.03559	0.00589	0.00153	0.08583	0.00407	0.00211	0.00505
