[name]
unknown

[dist]
# distance from previous block
# <min> <max>
0	213

[block]
# block no. 0 follows, 55 sequences, length 18
# corresponding to MSA columns:
# 224-241
name=unknown_A
#
# <colnr> <probs for GDERKNQSTAVLIFYWHMCP>
#	G	D	E	R	K	N	Q	S	T	A	V	L	I	F	Y	W	H	M	C	P
0	0.01044	0.01366	0.25046	0.02518	0.04958	0.03638	0.06212	0.08983	0.06819	0.03997	0.01470	0.05215	0.07655	0.07798	0.00727	0.00181	0.06963	0.03406	0.00308	0.01695
1	0.01090	0.13714	0.09259	0.07607	0.12337	0.11216	0.00908	0.06340	0.05418	0.01416	0.05726	0.03809	0.06706	0.08643	0.02581	0.00181	0.00540	0.00489	0.01455	0.00566
2	0.02242	0.00670	0.00768	0.00730	0.03327	0.03581	0.00530	0.01144	0.07992	0.06518	0.30691	0.12516	0.14160	0.00871	0.00503	0.00142	0.00304	0.00751	0.00437	0.12122
3	0.00986	0.00885	0.01452	0.38614	0.25511	0.00964	0.03831	0.01291	0.03452	0.04039	0.03126	0.04784	0.04570	0.00537	0.00473	0.00148	0.00538	0.00492	0.00265	0.04042
4	0.02499	0.04439	0.42117	0.03164	0.01655	0.03431	0.03678	0.08062	0.01062	0.04209	0.03146	0.01233	0.00828	0.03259	0.08916	0.00219	0.06805	0.00401	0.00254	0.00623
5	0.01136	0.45189	0.35896	0.01041	0.01555	0.05499	0.01194	0.01450	0.00980	0.01258	0.00730	0.00851	0.00594	0.00421	0.00366	0.00121	0.00595	0.00292	0.00200	0.00633
6	0.01244	0.83930	0.02438	0.00796	0.01194	0.01841	0.00796	0.01393	0.00945	0.01095	0.00647	0.00746	0.00597	0.00398	0.00299	0.00100	0.00498	0.00249	0.00199	0.00597
7	0.00799	0.00626	0.00714	0.00682	0.00803	0.00673	0.00490	0.01254	0.24536	0.01375	0.08759	0.04605	0.11454	0.27204	0.13671	0.00341	0.00499	0.00671	0.00376	0.00468
8	0.00621	0.00461	0.00579	0.00585	0.00685	0.00420	0.00430	0.00791	0.01170	0.01593	0.47511	0.21221	0.18035	0.01112	0.00561	0.00159	0.00239	0.02932	0.00478	0.00417
9	0.00978	0.02037	0.57262	0.01396	0.03561	0.04758	0.13559	0.01443	0.01021	0.01461	0.04064	0.01156	0.00787	0.00580	0.03782	0.00172	0.00711	0.00401	0.00220	0.00651
10	0.00777	0.00460	0.00562	0.00562	0.00655	0.00493	0.00425	0.00963	0.00870	0.01433	0.01407	0.01837	0.01206	0.05854	0.32840	0.00380	0.00638	0.00471	0.47748	0.00419
11	0.00744	0.00524	0.00632	0.00620	0.00670	0.00558	0.00414	0.04130	0.04019	0.01129	0.01507	0.09553	0.01616	0.48462	0.18218	0.00446	0.01972	0.00665	0.03755	0.00368
12	0.00593	0.00428	0.00545	0.00612	0.00654	0.00409	0.00410	0.00673	0.00870	0.01152	0.04169	0.53569	0.10771	0.15624	0.07015	0.00272	0.00370	0.01104	0.00394	0.00367
13	0.00672	0.00467	0.00591	0.00591	0.00619	0.00496	0.00386	0.00730	0.00701	0.00964	0.01390	0.02623	0.01508	0.55870	0.29898	0.00554	0.00727	0.00615	0.00271	0.00328
14	0.01157	0.00929	0.01074	0.00850	0.04135	0.00827	0.00653	0.20193	0.01275	0.01878	0.02731	0.01098	0.00821	0.00421	0.00382	0.00092	0.00385	0.00335	0.03968	0.56795
15	0.02403	0.05477	0.06630	0.12814	0.20282	0.08104	0.00986	0.02536	0.04658	0.02729	0.02396	0.10878	0.06593	0.00632	0.00495	0.00142	0.03291	0.00532	0.00290	0.08135
16	0.03632	0.05490	0.08577	0.02246	0.03767	0.00838	0.04016	0.14414	0.01149	0.01559	0.04167	0.12632	0.16243	0.13848	0.00800	0.00198	0.01620	0.01672	0.00350	0.02782
17	0.01080	0.08581	0.07016	0.00868	0.04255	0.06927	0.03608	0.05059	0.03015	0.05206	0.01353	0.08529	0.03320	0.00576	0.00402	0.00121	0.00411	0.00474	0.24714	0.14485

[dist]
# distance from previous block
# <min> <max>
2	19

[block]
# block no. 1 follows, 55 sequences, length 16
# corresponding to MSA columns:
# 261-276
name=unknown_B
#
# <colnr> <probs for GDERKNQSTAVLIFYWHMCP>
#	G	D	E	R	K	N	Q	S	T	A	V	L	I	F	Y	W	H	M	C	P
0	0.00610	0.00419	0.00561	0.00638	0.00677	0.00397	0.00438	0.00670	0.00885	0.01177	0.06185	0.58984	0.07565	0.01507	0.03750	0.11320	0.00323	0.03134	0.00399	0.00362
1	0.07976	0.06214	0.14565	0.07848	0.04371	0.07607	0.02676	0.08705	0.08024	0.01593	0.06737	0.14293	0.03673	0.01810	0.00506	0.00154	0.01772	0.00575	0.00327	0.00573
2	0.01238	0.07951	0.19002	0.06632	0.04276	0.13000	0.14258	0.08342	0.05059	0.05530	0.02404	0.03261	0.00840	0.00509	0.00495	0.00142	0.03594	0.00428	0.00282	0.02756
3	0.00703	0.00931	0.19893	0.00770	0.00996	0.00593	0.00727	0.00963	0.03861	0.01392	0.14379	0.28698	0.14005	0.06988	0.00661	0.00183	0.00372	0.00865	0.02549	0.00471
4	0.03957	0.00688	0.02921	0.07593	0.07465	0.02285	0.04681	0.00995	0.02730	0.01394	0.04352	0.17860	0.21779	0.04266	0.00570	0.00166	0.00369	0.02513	0.12949	0.00466
5	0.03228	0.10712	0.06628	0.03021	0.10200	0.09896	0.07125	0.12346	0.10227	0.11315	0.03485	0.02817	0.03694	0.00555	0.00478	0.00141	0.02672	0.00453	0.00346	0.00659
6	0.01161	0.04413	0.13271	0.06008	0.26191	0.09276	0.20129	0.01502	0.03137	0.03783	0.04157	0.01230	0.00860	0.00463	0.00497	0.00144	0.02434	0.00441	0.00253	0.00651
7	0.00780	0.00495	0.00616	0.00591	0.00714	0.00470	0.00440	0.00936	0.01050	0.08625	0.23447	0.08949	0.19782	0.08294	0.13861	0.00271	0.00428	0.00764	0.09047	0.00439
8	0.01309	0.05998	0.05400	0.01132	0.04123	0.33830	0.05222	0.09416	0.03463	0.01444	0.03607	0.10605	0.02977	0.00729	0.01564	0.00152	0.00627	0.07528	0.00315	0.00558
9	0.02194	0.06566	0.23907	0.06312	0.15239	0.08047	0.03786	0.08394	0.04158	0.07901	0.01022	0.02750	0.00789	0.00500	0.00473	0.00142	0.02965	0.00405	0.03790	0.00661
10	0.00865	0.04437	0.09774	0.01970	0.02070	0.00683	0.00646	0.03585	0.08549	0.06595	0.08904	0.19089	0.20666	0.05825	0.00616	0.00173	0.00357	0.00785	0.03903	0.00508
11	0.00917	0.00577	0.00690	0.00625	0.00803	0.00533	0.00485	0.04967	0.03458	0.13794	0.31115	0.05459	0.28141	0.00950	0.00528	0.00151	0.00278	0.03028	0.03000	0.00502
12	0.02930	0.10685	0.16425	0.04684	0.15101	0.12537	0.03897	0.06474	0.01172	0.16735	0.01041	0.02623	0.00787	0.00497	0.00462	0.00138	0.02442	0.00395	0.00306	0.00669
13	0.01170	0.01338	0.14316	0.10421	0.19912	0.09898	0.07196	0.04732	0.04845	0.05531	0.01029	0.04880	0.00839	0.00493	0.00453	0.00136	0.00574	0.00433	0.00278	0.11526
14	0.04848	0.00603	0.00807	0.02815	0.06750	0.00661	0.00594	0.03746	0.00857	0.01228	0.01605	0.20492	0.04493	0.18693	0.23848	0.00391	0.06121	0.00711	0.00308	0.00429
15	0.01193	0.00893	0.01012	0.00915	0.04332	0.00954	0.00692	0.23909	0.22400	0.05927	0.15838	0.03304	0.11284	0.00744	0.00495	0.00149	0.00373	0.02362	0.02584	0.00642

[dist]
# distance from previous block
# <min> <max>
0	2

[block]
# block no. 2 follows, 55 sequences, length 17
# corresponding to MSA columns:
# 279-295
name=unknown_C
#
# <colnr> <probs for GDERKNQSTAVLIFYWHMCP>
#	G	D	E	R	K	N	Q	S	T	A	V	L	I	F	Y	W	H	M	C	P
0	0.02622	0.04475	0.13257	0.08317	0.20871	0.03491	0.10887	0.10669	0.04314	0.06607	0.03578	0.01277	0.00886	0.02020	0.01769	0.00160	0.03409	0.00436	0.00293	0.00662
1	0.12655	0.26416	0.13725	0.02630	0.11058	0.13335	0.04208	0.03448	0.02857	0.01444	0.00786	0.00926	0.00640	0.00434	0.00379	0.00125	0.00569	0.00320	0.01413	0.02629
2	0.00694	0.00539	0.00792	0.00776	0.00848	0.00645	0.00604	0.00847	0.00742	0.01075	0.01204	0.01817	0.01142	0.06942	0.71569	0.00689	0.07913	0.00499	0.00247	0.00417
3	0.00559	0.00463	0.00491	0.00512	0.00646	0.00395	0.00378	0.00674	0.01034	0.01250	0.04299	0.17133	0.65729	0.01226	0.00560	0.00164	0.00247	0.03419	0.00432	0.00391
4	0.00808	0.00404	0.00606	0.00606	0.00606	0.00404	0.00404	0.00606	0.00606	0.00808	0.00808	0.01414	0.00808	0.01616	0.01818	0.86465	0.00404	0.00404	0.00202	0.00202
5	0.01026	0.01043	0.01564	0.01299	0.01349	0.01399	0.09242	0.01159	0.00753	0.01159	0.00646	0.01043	0.00621	0.00770	0.01424	0.00199	0.74157	0.00422	0.00207	0.00521
6	0.02445	0.01036	0.01533	0.24479	0.37714	0.04365	0.01201	0.09758	0.01134	0.01564	0.00952	0.03593	0.00789	0.00495	0.00484	0.00144	0.02758	0.00435	0.04484	0.00638
7	0.04088	0.75391	0.06134	0.00822	0.01229	0.01769	0.00833	0.03159	0.00970	0.01187	0.00666	0.00766	0.00598	0.00405	0.00309	0.00104	0.00502	0.00257	0.00208	0.00603
8	0.10764	0.03475	0.27835	0.03287	0.06125	0.03300	0.05846	0.14366	0.02943	0.02826	0.03051	0.01092	0.00772	0.00463	0.00424	0.00134	0.00549	0.00371	0.00287	0.12091
9	0.00635	0.00438	0.00522	0.00555	0.00575	0.00424	0.00341	0.00676	0.00790	0.01053	0.05569	0.29362	0.05243	0.49889	0.01636	0.00340	0.00373	0.00907	0.00347	0.00325
10	0.02475	0.01250	0.04635	0.07227	0.16287	0.18791	0.08926	0.06211	0.02920	0.01520	0.10400	0.01685	0.08482	0.00597	0.00513	0.00142	0.03699	0.00502	0.03158	0.00579
11	0.00649	0.00467	0.00557	0.00574	0.00630	0.00450	0.00379	0.00779	0.03842	0.01261	0.19337	0.24141	0.10500	0.32905	0.01258	0.00276	0.00329	0.00906	0.00393	0.00369
12	0.00960	0.00823	0.01141	0.19599	0.03845	0.04154	0.07599	0.04530	0.05443	0.04372	0.06958	0.03119	0.13481	0.04754	0.04141	0.00192	0.06429	0.00575	0.07367	0.00519
13	0.01030	0.00743	0.00893	0.02634	0.01055	0.00638	0.00565	0.03061	0.06267	0.10976	0.08607	0.07362	0.06478	0.03418	0.01944	0.00133	0.00359	0.00508	0.00369	0.42961
14	0.00904	0.00846	0.01391	0.56402	0.08738	0.00954	0.05044	0.01192	0.00963	0.01279	0.01042	0.01472	0.03678	0.00500	0.00464	0.00146	0.00569	0.03337	0.00235	0.10844
15	0.01138	0.01078	0.00973	0.00888	0.01106	0.15243	0.00674	0.06397	0.38115	0.01658	0.04046	0.10923	0.08537	0.04411	0.00566	0.00164	0.00437	0.00618	0.00411	0.02620
16	0.05680	0.04087	0.08218	0.06488	0.24350	0.02269	0.02266	0.04905	0.04449	0.02673	0.03052	0.10035	0.02954	0.02548	0.02758	0.01419	0.03811	0.00523	0.04400	0.03115

[dist]
# distance from previous block
# <min> <max>
2	29

[block]
# block no. 3 follows, 55 sequences, length 84
# corresponding to MSA columns:
# 325-386,388-409
name=unknown_D
#
# <colnr> <probs for GDERKNQSTAVLIFYWHMCP>
#	G	D	E	R	K	N	Q	S	T	A	V	L	I	F	Y	W	H	M	C	P
0	0.01159	0.16468	0.30090	0.02860	0.07740	0.09487	0.05053	0.04385	0.04305	0.05114	0.01071	0.04840	0.02572	0.00580	0.02196	0.00151	0.00612	0.00417	0.00262	0.00638
1	0.04420	0.08533	0.23038	0.01110	0.07163	0.02799	0.01010	0.09980	0.03877	0.03472	0.03682	0.02503	0.00986	0.06473	0.08446	0.00222	0.06628	0.00431	0.04630	0.00596
2	0.03125	0.17821	0.05930	0.04839	0.06277	0.08580	0.07986	0.12365	0.02482	0.03960	0.03484	0.04100	0.02130	0.00648	0.03229	0.00158	0.06977	0.00432	0.02477	0.03000
3	0.00696	0.02785	0.03138	0.00688	0.00797	0.00551	0.00515	0.03300	0.08000	0.01349	0.04206	0.53787	0.11451	0.01287	0.02806	0.00190	0.00326	0.01070	0.02616	0.00443
4	0.00870	0.00701	0.00878	0.00709	0.00999	0.00559	0.02931	0.01045	0.00975	0.03869	0.03759	0.23156	0.05022	0.00704	0.00436	0.00112	0.00331	0.00616	0.00339	0.51987
5	0.01061	0.00883	0.03046	0.00762	0.01131	0.00721	0.00627	0.06631	0.02800	0.05601	0.01007	0.02543	0.00855	0.02999	0.00480	0.00104	0.03267	0.02481	0.00311	0.62690
6	0.01041	0.01027	0.01424	0.01217	0.01228	0.01425	0.01014	0.03518	0.00758	0.01175	0.00626	0.01021	0.00616	0.00806	0.01494	0.00202	0.80272	0.00407	0.00212	0.00518
7	0.00568	0.00429	0.00518	0.00585	0.00653	0.00387	0.00400	0.00659	0.00939	0.01205	0.04282	0.53789	0.27156	0.05324	0.00665	0.00191	0.00267	0.01179	0.00426	0.00379
8	0.00784	0.00643	0.00888	0.00828	0.00897	0.00787	0.00652	0.02981	0.00824	0.01195	0.04513	0.03954	0.05458	0.07332	0.41515	0.00481	0.21996	0.00542	0.03289	0.00441
9	0.44356	0.00920	0.00858	0.00724	0.01010	0.03198	0.00589	0.14321	0.01184	0.13657	0.09027	0.01431	0.05854	0.00571	0.00389	0.00144	0.00382	0.00415	0.00389	0.00581
10	0.00940	0.00755	0.00866	0.08257	0.01125	0.02797	0.00628	0.14626	0.11319	0.01828	0.28241	0.08886	0.14920	0.00855	0.00514	0.00151	0.00348	0.00729	0.01681	0.00535
11	0.01019	0.00827	0.00940	0.00872	0.01067	0.00911	0.02047	0.11463	0.40050	0.01787	0.02022	0.31241	0.01929	0.00917	0.00517	0.00167	0.00358	0.00802	0.00453	0.00611
12	0.00959	0.00862	0.01171	0.20659	0.01539	0.03550	0.00909	0.01135	0.00839	0.01260	0.00890	0.01281	0.00772	0.02686	0.02661	0.00186	0.39505	0.00419	0.18229	0.00489
13	0.00668	0.00473	0.00617	0.00616	0.00660	0.00508	0.00422	0.00750	0.00733	0.01014	0.03343	0.02542	0.03392	0.43690	0.37971	0.00570	0.00798	0.00608	0.00276	0.00348
14	0.60810	0.26215	0.01219	0.00668	0.00989	0.01287	0.00593	0.01375	0.00839	0.01785	0.00647	0.00753	0.00532	0.00422	0.00291	0.00130	0.00402	0.00251	0.00261	0.00532
15	0.01104	0.47354	0.37793	0.01034	0.01562	0.01500	0.01210	0.01429	0.00962	0.01264	0.00731	0.00852	0.00594	0.00418	0.00363	0.00121	0.00583	0.00291	0.00198	0.00638
16	0.01587	0.27131	0.01660	0.01076	0.01364	0.57409	0.00868	0.01716	0.01205	0.01125	0.00697	0.00811	0.00599	0.00455	0.00383	0.00114	0.00735	0.00284	0.00227	0.00557
17	0.00557	0.00466	0.00485	0.00492	0.00636	0.00394	0.00364	0.00676	0.01058	0.01281	0.08240	0.11317	0.70059	0.01191	0.00554	0.00159	0.00238	0.01005	0.00436	0.00394
18	0.23460	0.01698	0.39815	0.01155	0.01667	0.01096	0.09417	0.09206	0.01083	0.06025	0.00879	0.00997	0.00629	0.00453	0.00417	0.00147	0.00580	0.00356	0.00271	0.00649
19	0.01244	0.83930	0.02438	0.00796	0.01194	0.01841	0.00796	0.01393	0.00945	0.01095	0.00647	0.00746	0.00597	0.00398	0.00299	0.00100	0.00498	0.00249	0.00199	0.00597
20	0.00933	0.02406	0.81240	0.01326	0.02014	0.01080	0.01719	0.01473	0.00982	0.01473	0.00835	0.00982	0.00589	0.00442	0.00442	0.00147	0.00688	0.00344	0.00196	0.00688
21	0.00808	0.00404	0.00606	0.00606	0.00606	0.00404	0.00404	0.00606	0.00606	0.00808	0.00808	0.01414	0.00808	0.01616	0.01818	0.86465	0.00404	0.00404	0.00202	0.00202
22	0.00669	0.00449	0.00516	0.00523	0.00527	0.00450	0.00299	0.00679	0.00693	0.00926	0.01533	0.08334	0.01770	0.76152	0.04283	0.00441	0.00459	0.00715	0.00291	0.00292
23	0.00693	0.00580	0.00617	0.00598	0.00765	0.00560	0.00453	0.01073	0.17627	0.01469	0.12589	0.07555	0.50525	0.01052	0.00537	0.00158	0.00266	0.01963	0.00450	0.00470
24	0.00693	0.00483	0.00631	0.00589	0.00706	0.00444	0.00443	0.00909	0.01312	0.03868	0.77007	0.03447	0.05810	0.00946	0.00547	0.00146	0.00224	0.00835	0.00512	0.00447
25	0.00787	0.00610	0.02652	0.00717	0.00791	0.00650	0.00535	0.04148	0.00795	0.03018	0.01283	0.02214	0.01308	0.36731	0.34142	0.00522	0.07867	0.00558	0.00275	0.00399
26	0.00567	0.00417	0.00532	0.00619	0.00669	0.00382	0.00420	0.00659	0.00931	0.01222	0.05620	0.68796	0.14663	0.01398	0.00586	0.00183	0.00263	0.01255	0.00435	0.00382
27	0.00575	0.00437	0.00530	0.00581	0.00663	0.00392	0.00408	0.00689	0.01009	0.01311	0.14901	0.45911	0.28330	0.01292	0.00573	0.00172	0.00251	0.01140	0.00444	0.00392
28	0.00795	0.00626	0.00882	0.02298	0.06419	0.00637	0.05643	0.02460	0.06122	0.02487	0.03234	0.16378	0.08396	0.26208	0.07540	0.00302	0.01703	0.07085	0.00345	0.00441
29	0.01049	0.01558	0.27087	0.11914	0.17360	0.05821	0.16805	0.01409	0.01007	0.01394	0.00866	0.02511	0.00690	0.00483	0.00568	0.00153	0.08045	0.00427	0.00219	0.00634
30	0.00564	0.00424	0.00523	0.00599	0.00663	0.00383	0.00411	0.00657	0.00944	0.01218	0.04531	0.60746	0.23905	0.01373	0.00581	0.00180	0.00260	0.01222	0.00433	0.00383
31	0.01217	0.01029	0.01085	0.00959	0.01232	0.01185	0.00751	0.09923	0.72360	0.02042	0.01818	0.01676	0.01359	0.00624	0.00473	0.00156	0.00382	0.00516	0.00473	0.00742
32	0.01072	0.01240	0.11806	0.12815	0.48744	0.01091	0.12162	0.01398	0.01036	0.01462	0.00901	0.02526	0.00738	0.00439	0.00473	0.00145	0.00606	0.00439	0.00227	0.00681
33	0.01153	0.04438	0.20627	0.03281	0.10837	0.05854	0.10329	0.06378	0.06473	0.08801	0.11440	0.03831	0.03334	0.00579	0.00477	0.00145	0.00541	0.00508	0.00331	0.00641
34	0.00655	0.00503	0.00628	0.05048	0.00797	0.00517	0.00460	0.00755	0.00846	0.01102	0.03428	0.06113	0.24541	0.29829	0.17902	0.00383	0.02645	0.03151	0.00326	0.00370
35	0.05817	0.25748	0.07322	0.01013	0.05204	0.08939	0.02924	0.07620	0.06707	0.02747	0.00870	0.00973	0.00705	0.00440	0.00398	0.00114	0.02201	0.00322	0.00273	0.19662
36	0.50926	0.11229	0.08328	0.00866	0.03584	0.10400	0.00747	0.03132	0.02422	0.01778	0.00713	0.00829	0.00567	0.00449	0.00360	0.00138	0.02429	0.00283	0.00267	0.00554
37	0.00619	0.00432	0.00553	0.00625	0.00679	0.00409	0.00431	0.01877	0.00961	0.01322	0.09877	0.62864	0.06409	0.01355	0.02311	0.00188	0.00284	0.01160	0.07248	0.00396
38	0.00596	0.00480	0.00520	0.00509	0.00654	0.00419	0.00382	0.00762	0.02434	0.01440	0.24682	0.04107	0.57344	0.01095	0.00543	0.00153	0.00233	0.00925	0.02312	0.00412
39	0.01499	0.00664	0.00877	0.00716	0.00981	0.00580	0.00575	0.01682	0.01295	0.49106	0.24331	0.02466	0.11679	0.00754	0.00501	0.00146	0.00327	0.00635	0.00540	0.00644
40	0.00947	0.00926	0.01643	0.59060	0.12696	0.01074	0.11958	0.01258	0.00963	0.01269	0.00842	0.01224	0.00646	0.00460	0.00509	0.00155	0.03167	0.00432	0.00213	0.00559
41	0.00645	0.00480	0.00604	0.00598	0.00707	0.00444	0.00448	0.00854	0.02832	0.01663	0.53253	0.13693	0.15816	0.01061	0.00558	0.00157	0.00243	0.05031	0.00484	0.00430
42	0.00831	0.00777	0.07059	0.02699	0.08406	0.00674	0.00679	0.04145	0.07323	0.03008	0.26893	0.02797	0.21107	0.02181	0.02902	0.00170	0.01777	0.00696	0.05359	0.00518
43	0.01244	0.83930	0.02438	0.00796	0.01194	0.01841	0.00796	0.01393	0.00945	0.01095	0.00647	0.00746	0.00597	0.00398	0.00299	0.00100	0.00498	0.00249	0.00199	0.00597
44	0.03621	0.01183	0.01186	0.00954	0.01271	0.10211	0.00769	0.39879	0.07134	0.14851	0.07328	0.01526	0.04918	0.00608	0.00465	0.00139	0.00478	0.00472	0.00452	0.02556
45	0.01231	0.82143	0.02402	0.00795	0.01186	0.01814	0.00791	0.01381	0.00941	0.01094	0.00660	0.00769	0.00609	0.00464	0.02045	0.00113	0.00514	0.00254	0.00200	0.00593
46	0.86937	0.00900	0.00684	0.00612	0.00900	0.01044	0.00504	0.01368	0.00792	0.02087	0.00648	0.00756	0.00504	0.00432	0.00288	0.00144	0.00360	0.00252	0.00288	0.00504
47	0.00978	0.14113	0.69924	0.01250	0.01896	0.01190	0.01586	0.01462	0.00977	0.01419	0.00808	0.00948	0.00590	0.00436	0.00421	0.00140	0.00660	0.00330	0.00197	0.00675
48	0.00677	0.00451	0.00507	0.00507	0.00507	0.00451	0.00282	0.00677	0.00677	0.00902	0.01466	0.03044	0.01691	0.83650	0.02368	0.00451	0.00451	0.00677	0.00282	0.00282
49	0.00580	0.00418	0.00551	0.00647	0.00688	0.00389	0.00444	0.00675	0.00928	0.01233	0.06333	0.71864	0.06837	0.01412	0.00592	0.00187	0.00274	0.05129	0.00435	0.00384
50	0.00571	0.00408	0.00545	0.00653	0.00681	0.00381	0.00439	0.00655	0.00895	0.01192	0.02562	0.81548	0.03068	0.01454	0.00595	0.00190	0.00274	0.03080	0.00432	0.00379
51	0.00550	0.00471	0.00471	0.00471	0.00628	0.00393	0.00353	0.00668	0.01060	0.01257	0.04713	0.04477	0.80560	0.01178	0.00550	0.00157	0.00236	0.00982	0.00432	0.00393
52	0.00933	0.02406	0.81240	0.01326	0.02014	0.01080	0.01719	0.01473	0.00982	0.01473	0.00835	0.00982	0.00589	0.00442	0.00442	0.00147	0.00688	0.00344	0.00196	0.00688
53	0.06367	0.00836	0.01074	0.00836	0.01187	0.00769	0.00688	0.06270	0.05765	0.68475	0.01740	0.01525	0.01115	0.00571	0.00459	0.00145	0.00399	0.00457	0.00549	0.00774
54	0.02087	0.00792	0.01080	0.00828	0.01188	0.00684	0.00684	0.02267	0.01332	0.81071	0.01835	0.01583	0.01152	0.00576	0.00468	0.00144	0.00396	0.00468	0.00576	0.00792
55	0.01339	0.47861	0.12903	0.00992	0.01377	0.24629	0.00956	0.01532	0.01053	0.01160	0.00693	0.00810	0.00597	0.00435	0.00375	0.00114	0.02095	0.00279	0.00210	0.00591
56	0.00881	0.02248	0.03891	0.00798	0.00920	0.03218	0.02498	0.02365	0.00978	0.05162	0.21987	0.02238	0.01956	0.16994	0.14827	0.00312	0.13814	0.00587	0.03864	0.00459
57	0.00567	0.00405	0.00540	0.00648	0.00675	0.00378	0.00432	0.00648	0.00891	0.01188	0.02564	0.83347	0.03077	0.01457	0.00594	0.00189	0.00270	0.01323	0.00432	0.00378
58	0.00969	0.00842	0.01027	0.00734	0.01149	0.00640	0.03307	0.01183	0.00969	0.01515	0.00831	0.00975	0.00690	0.00346	0.00352	0.00072	0.00360	0.00285	0.00274	0.83480
59	0.01217	0.05514	0.01340	0.05881	0.13067	0.05062	0.04861	0.18024	0.04398	0.05918	0.07367	0.09275	0.02576	0.00625	0.00486	0.00138	0.02244	0.00530	0.02258	0.09221
60	0.00808	0.00404	0.00606	0.00606	0.00606	0.00404	0.00404	0.00606	0.00606	0.00808	0.00808	0.01414	0.00808	0.01616	0.01818	0.86465	0.00404	0.00404	0.00202	0.00202
61	0.01975	0.00768	0.01047	0.00817	0.01156	0.00667	0.00674	0.02158	0.01323	0.74684	0.05759	0.01790	0.01359	0.00616	0.00477	0.00146	0.00388	0.02864	0.00568	0.00763
62	0.01568	0.05815	0.04070	0.02759	0.03154	0.46935	0.00909	0.15371	0.09392	0.01565	0.02308	0.01054	0.00793	0.00555	0.01642	0.00138	0.00697	0.00360	0.00303	0.00612
63	0.01013	0.00839	0.00979	0.00703	0.01114	0.00644	0.00564	0.03361	0.01007	0.03428	0.00859	0.00983	0.00703	0.00356	0.00351	0.00073	0.00350	0.00284	0.00288	0.82099
64	0.01058	0.27193	0.49775	0.01147	0.01704	0.04918	0.02688	0.01448	0.00998	0.01355	0.03230	0.00985	0.00711	0.00445	0.00402	0.00132	0.00624	0.00332	0.00210	0.00645
65	0.01268	0.01114	0.01127	0.01025	0.03792	0.07260	0.00776	0.14439	0.54715	0.02013	0.04907	0.01664	0.02561	0.00623	0.00472	0.00151	0.00424	0.00508	0.00448	0.00713
66	0.00923	0.00543	0.00553	0.00533	0.00671	0.00574	0.00405	0.01353	0.16246	0.01775	0.01590	0.01735	0.01236	0.00559	0.00354	0.00118	0.00246	0.00451	0.69642	0.00492
67	0.02349	0.09833	0.47980	0.03433	0.01965	0.02911	0.17520	0.01464	0.02226	0.01446	0.02738	0.01087	0.00717	0.00450	0.00469	0.00145	0.02006	0.00392	0.00219	0.00648
68	0.06318	0.15619	0.03192	0.01496	0.11793	0.32359	0.19904	0.01600	0.01133	0.01325	0.00779	0.00962	0.00637	0.00433	0.00428	0.00130	0.00701	0.00364	0.00233	0.00596
69	0.00902	0.00846	0.01409	0.72091	0.07849	0.01046	0.01269	0.01198	0.00928	0.01216	0.00832	0.01233	0.00638	0.00480	0.00514	0.00155	0.04615	0.00414	0.01836	0.00528
70	0.00701	0.00495	0.00642	0.00599	0.00718	0.00461	0.00451	0.00945	0.03168	0.03571	0.76960	0.03393	0.04250	0.00935	0.00545	0.00147	0.00227	0.00826	0.00513	0.00454
71	0.00672	0.00471	0.00607	0.00607	0.00641	0.00505	0.00406	0.00740	0.00706	0.00976	0.01375	0.02541	0.01473	0.50518	0.35202	0.00574	0.00780	0.00603	0.00268	0.00337
72	0.00564	0.00461	0.00499	0.00520	0.00649	0.00396	0.00382	0.00683	0.01044	0.01282	0.08689	0.19283	0.59725	0.01220	0.00560	0.00164	0.00246	0.02803	0.00437	0.00393
73	0.00919	0.00684	0.00975	0.04083	0.01062	0.00773	0.04431	0.05731	0.00953	0.06366	0.06694	0.02075	0.03394	0.10467	0.26775	0.02292	0.13193	0.04659	0.04002	0.00474
74	0.02958	0.13474	0.08511	0.02598	0.08269	0.44543	0.09303	0.02698	0.01188	0.01272	0.00761	0.00917	0.00622	0.00450	0.00421	0.00126	0.00732	0.00335	0.00232	0.00589
75	0.75219	0.01009	0.00790	0.00737	0.03079	0.07138	0.00576	0.01397	0.00836	0.01967	0.00658	0.00782	0.00521	0.00448	0.00346	0.00144	0.03295	0.00265	0.00280	0.00513
76	0.01254	0.10292	0.17783	0.02432	0.03824	0.11026	0.04947	0.03194	0.02951	0.12849	0.03196	0.03868	0.00936	0.02205	0.02108	0.00165	0.14211	0.00432	0.01719	0.00611
77	0.00594	0.00454	0.00547	0.00576	0.00676	0.00407	0.00420	0.00732	0.01077	0.01408	0.24677	0.29234	0.31632	0.01209	0.00568	0.00167	0.00251	0.04515	0.00454	0.00402
78	0.00999	0.01010	0.01498	0.03209	0.01366	0.02820	0.09853	0.01139	0.00786	0.01167	0.00799	0.06496	0.00797	0.00857	0.03198	0.00207	0.62578	0.00484	0.00224	0.00512
79	0.00638	0.00460	0.00548	0.00571	0.00677	0.00408	0.00410	0.00761	0.01049	0.04451	0.17411	0.33253	0.33931	0.02500	0.00591	0.00171	0.00255	0.01057	0.00450	0.00409
80	0.00600	0.00466	0.00546	0.00541	0.00663	0.00412	0.00400	0.00760	0.01158	0.01523	0.38501	0.12297	0.38252	0.01106	0.00554	0.00156	0.00232	0.00955	0.00468	0.00412
81	0.01036	0.02361	0.03338	0.17516	0.04686	0.00954	0.25291	0.02614	0.01025	0.03020	0.00882	0.01129	0.00688	0.00407	0.00468	0.00124	0.02336	0.00403	0.00252	0.31470
82	0.01162	0.13269	0.17968	0.01114	0.07611	0.17455	0.00967	0.03085	0.01078	0.01398	0.03149	0.04452	0.00849	0.00474	0.00402	0.00114	0.00551	0.00365	0.00255	0.24283
83	0.02584	0.07387	0.15561	0.10565	0.14576	0.01144	0.01082	0.18173	0.07954	0.01769	0.02277	0.04367	0.04506	0.00569	0.00481	0.00145	0.02794	0.00462	0.02953	0.00652

[dist]
# distance from previous block
# <min> <max>
2	14

[block]
# block no. 4 follows, 55 sequences, length 11
# corresponding to MSA columns:
# 424-434
name=unknown_E
#
# <colnr> <probs for GDERKNQSTAVLIFYWHMCP>
#	G	D	E	R	K	N	Q	S	T	A	V	L	I	F	Y	W	H	M	C	P
0	0.00734	0.00532	0.00634	0.00606	0.00725	0.00512	0.00446	0.04889	0.03628	0.01551	0.30669	0.10307	0.15967	0.12153	0.02775	0.02555	0.00318	0.03490	0.04870	0.02639
1	0.02901	0.03618	0.06523	0.02028	0.03520	0.05284	0.03059	0.11725	0.06319	0.06449	0.09566	0.10313	0.12437	0.02737	0.02358	0.00168	0.04403	0.00623	0.00376	0.05595
2	0.03462	0.20052	0.22470	0.03005	0.03488	0.12072	0.11824	0.07422	0.04885	0.01484	0.00981	0.01202	0.02102	0.00489	0.00430	0.00137	0.00620	0.02989	0.00257	0.00628
3	0.01514	0.00720	0.00987	0.05188	0.01177	0.00668	0.02661	0.03920	0.03413	0.46129	0.04493	0.13640	0.05663	0.05028	0.00597	0.00170	0.00392	0.02504	0.00492	0.00645
4	0.00597	0.00460	0.00579	0.00629	0.00695	0.00442	0.00445	0.00704	0.00971	0.01280	0.12103	0.51613	0.20911	0.01301	0.00626	0.00177	0.04503	0.01141	0.00430	0.00395
5	0.01295	0.03403	0.16796	0.09755	0.16814	0.21324	0.06585	0.08848	0.02690	0.03418	0.02417	0.01108	0.00753	0.00480	0.00475	0.00140	0.02404	0.00390	0.00263	0.00641
6	0.01147	0.01090	0.02310	0.13236	0.12042	0.14524	0.06545	0.07592	0.03745	0.05344	0.02631	0.07466	0.06221	0.00923	0.07941	0.01696	0.01981	0.02689	0.00310	0.00566
7	0.00572	0.00466	0.00506	0.00508	0.00645	0.00400	0.00377	0.00706	0.01095	0.01368	0.19068	0.11111	0.59240	0.01159	0.00553	0.00158	0.00236	0.00984	0.00447	0.00400
8	0.01094	0.00998	0.03813	0.37373	0.06805	0.06749	0.05764	0.06469	0.02702	0.06889	0.02572	0.01394	0.03087	0.00732	0.04780	0.04802	0.02698	0.00446	0.00274	0.00558
9	0.05979	0.05368	0.18072	0.05019	0.05283	0.15964	0.13423	0.07016	0.01138	0.03394	0.01135	0.05067	0.03320	0.00686	0.04074	0.00172	0.00657	0.03364	0.00275	0.00595
10	0.01315	0.06833	0.03519	0.06607	0.15553	0.29014	0.00979	0.07144	0.03498	0.01377	0.00926	0.01133	0.02115	0.00708	0.05180	0.02342	0.07249	0.00377	0.01823	0.02307

[dist]
# distance from previous block
# <min> <max>
0	2

[block]
# block no. 5 follows, 55 sequences, length 20
# corresponding to MSA columns:
# 437-456
name=unknown_F
#
# <colnr> <probs for GDERKNQSTAVLIFYWHMCP>
#	G	D	E	R	K	N	Q	S	T	A	V	L	I	F	Y	W	H	M	C	P
0	0.01086	0.02265	0.13274	0.03399	0.11632	0.04434	0.08773	0.04754	0.18835	0.02698	0.01274	0.02880	0.02637	0.00806	0.06363	0.00200	0.10688	0.03063	0.00307	0.00632
1	0.00953	0.04941	0.07820	0.04906	0.14484	0.05586	0.00820	0.02324	0.05371	0.05795	0.04317	0.26985	0.09639	0.02036	0.00549	0.01396	0.00429	0.00757	0.00353	0.00539
2	0.01077	0.00867	0.01000	0.00893	0.01096	0.00999	0.00700	0.14688	0.35487	0.01761	0.01496	0.01700	0.01220	0.05527	0.26212	0.00356	0.03422	0.00503	0.00383	0.00615
3	0.00942	0.00916	0.04551	0.26395	0.30129	0.00919	0.03293	0.03185	0.01034	0.01419	0.04548	0.11530	0.05302	0.00627	0.00484	0.00151	0.00509	0.00574	0.02908	0.00583
4	0.01366	0.00710	0.00903	0.00779	0.01014	0.00680	0.00629	0.10466	0.03925	0.32256	0.19041	0.08126	0.02164	0.00811	0.00510	0.00155	0.00357	0.10851	0.04637	0.00619
5	0.01541	0.01169	0.01338	0.01080	0.03589	0.01262	0.03027	0.49349	0.13303	0.05543	0.01198	0.01211	0.00876	0.00546	0.00491	0.00137	0.03199	0.00424	0.00428	0.10289
6	0.01125	0.17259	0.15650	0.04419	0.14960	0.01187	0.11376	0.05647	0.03977	0.03908	0.00960	0.03529	0.00790	0.00558	0.02740	0.00151	0.02857	0.00411	0.00260	0.08237
7	0.03658	0.14443	0.24720	0.01448	0.16393	0.04705	0.06324	0.07325	0.01138	0.10099	0.00993	0.01200	0.00771	0.00478	0.00435	0.00138	0.00578	0.02966	0.00280	0.01908
8	0.00681	0.00491	0.00561	0.00534	0.00681	0.00428	0.00401	0.00835	0.01155	0.06057	0.31483	0.03908	0.46328	0.03663	0.00602	0.00162	0.00246	0.00893	0.00464	0.00429
9	0.01085	0.03899	0.10705	0.01782	0.02251	0.03388	0.63262	0.01470	0.01097	0.01482	0.04212	0.01292	0.00840	0.00423	0.00527	0.00153	0.00744	0.00524	0.00242	0.00622
10	0.03013	0.15654	0.08653	0.01147	0.05052	0.25820	0.05518	0.08675	0.03543	0.08436	0.01072	0.05448	0.00907	0.00552	0.00433	0.00134	0.00605	0.02980	0.01743	0.00613
11	0.01453	0.00738	0.00899	0.02725	0.01041	0.00723	0.00603	0.11380	0.06661	0.33413	0.11050	0.01850	0.03172	0.00624	0.00444	0.00136	0.00346	0.00511	0.21590	0.00643
12	0.00563	0.00461	0.00497	0.00511	0.00642	0.00395	0.00374	0.00685	0.01058	0.01305	0.11761	0.17083	0.60649	0.01201	0.00557	0.00161	0.00240	0.01023	0.00440	0.00395
13	0.01089	0.11623	0.03094	0.09669	0.16677	0.05976	0.13251	0.05623	0.03629	0.02560	0.03125	0.10772	0.02762	0.03244	0.00590	0.01696	0.03204	0.00545	0.00285	0.00583
14	0.02379	0.01475	0.17548	0.06152	0.33768	0.11731	0.03449	0.06740	0.02510	0.02691	0.00957	0.03433	0.00794	0.00500	0.00486	0.00144	0.02661	0.01658	0.00258	0.00667
15	0.00933	0.00882	0.01493	0.66752	0.18562	0.01048	0.01319	0.01236	0.00956	0.01254	0.00836	0.01223	0.00643	0.00455	0.00464	0.00152	0.00607	0.00414	0.00211	0.00560
16	0.00597	0.00473	0.00535	0.00554	0.00671	0.00423	0.00405	0.00751	0.03028	0.01337	0.14856	0.21224	0.44623	0.04614	0.00636	0.00177	0.00260	0.03997	0.00438	0.00402
17	0.11058	0.06504	0.10101	0.01432	0.16667	0.08991	0.07324	0.17500	0.01272	0.07075	0.00980	0.03777	0.00781	0.00515	0.00483	0.00142	0.04015	0.00412	0.00310	0.00662
18	0.24550	0.09894	0.11542	0.00796	0.03243	0.02941	0.00707	0.05544	0.01039	0.03207	0.08007	0.03954	0.15380	0.03400	0.00477	0.00151	0.00406	0.00510	0.03723	0.00529
19	0.00797	0.00557	0.00752	0.00719	0.00814	0.00619	0.00538	0.06684	0.00858	0.03865	0.01307	0.02047	0.01257	0.21664	0.54686	0.00614	0.00979	0.00533	0.00284	0.00425

[dist]
# distance from previous block
# <min> <max>
1	4

[block]
# block no. 6 follows, 55 sequences, length 38
# corresponding to MSA columns:
# 461-498
name=unknown_G
#
# <colnr> <probs for GDERKNQSTAVLIFYWHMCP>
#	G	D	E	R	K	N	Q	S	T	A	V	L	I	F	Y	W	H	M	C	P
0	0.00698	0.01901	0.01878	0.00630	0.02063	0.00519	0.00479	0.00906	0.05418	0.02515	0.07044	0.11813	0.44344	0.03560	0.00581	0.00161	0.00294	0.05371	0.00409	0.09417
1	0.02924	0.01374	0.14294	0.03958	0.17546	0.09294	0.12020	0.09842	0.02004	0.03228	0.02409	0.02584	0.00869	0.02774	0.00636	0.00159	0.09601	0.01901	0.01952	0.00629
2	0.01098	0.13373	0.21960	0.07620	0.17987	0.09114	0.02101	0.04054	0.02244	0.01384	0.00973	0.03759	0.00853	0.04537	0.02533	0.00167	0.00606	0.02734	0.00244	0.02658
3	0.01261	0.03330	0.01241	0.23965	0.01778	0.23873	0.00924	0.09577	0.03701	0.05821	0.01118	0.10225	0.00989	0.00791	0.05239	0.00182	0.04641	0.00489	0.00299	0.00555
4	0.00734	0.00599	0.00817	0.03564	0.11676	0.00623	0.00612	0.00856	0.00906	0.01234	0.02286	0.28621	0.17654	0.12752	0.00893	0.00208	0.08836	0.00859	0.05833	0.00438
5	0.01006	0.01001	0.01403	0.01206	0.01209	0.01397	0.01004	0.01110	0.00714	0.01118	0.00631	0.01044	0.00629	0.00902	0.04147	0.00221	0.80137	0.00410	0.00205	0.00506
6	0.01079	0.01063	0.01626	0.21942	0.32270	0.05630	0.06966	0.01397	0.05577	0.01387	0.00939	0.01302	0.00782	0.00521	0.00611	0.00154	0.11597	0.02491	0.02048	0.00618
7	0.04174	0.00912	0.01312	0.01017	0.01356	0.00883	0.13789	0.07712	0.13740	0.39352	0.05158	0.01672	0.03762	0.00583	0.00480	0.00148	0.00447	0.00513	0.02278	0.00711
8	0.00922	0.00868	0.00999	0.23800	0.01586	0.08085	0.00790	0.01371	0.18548	0.01453	0.13332	0.02303	0.16849	0.02970	0.00587	0.00162	0.03884	0.00607	0.00358	0.00526
9	0.01097	0.00570	0.00748	0.00658	0.00845	0.00508	0.00509	0.01284	0.01265	0.27000	0.42631	0.09636	0.09562	0.00893	0.00527	0.00150	0.00281	0.00774	0.00519	0.00542
10	0.00850	0.00842	0.08925	0.11515	0.08118	0.00785	0.00817	0.06467	0.00906	0.01260	0.01169	0.03295	0.01121	0.21993	0.26988	0.00416	0.03276	0.00515	0.00262	0.00479
11	0.00594	0.00432	0.00562	0.00625	0.00686	0.00399	0.00438	0.00717	0.01016	0.01369	0.22215	0.54800	0.09357	0.01304	0.00581	0.00177	0.00260	0.03622	0.00452	0.00396
12	0.01011	0.00854	0.00989	0.00711	0.01122	0.00667	0.00570	0.05641	0.01035	0.01597	0.00843	0.00973	0.00695	0.00357	0.00351	0.00073	0.00354	0.00284	0.00286	0.81585
13	0.00882	0.01088	0.22273	0.00888	0.01175	0.00733	0.02565	0.04515	0.02538	0.06699	0.22312	0.16630	0.09903	0.00861	0.00567	0.00158	0.04555	0.00731	0.00386	0.00541
14	0.24581	0.07588	0.13426	0.06795	0.21543	0.02917	0.01053	0.09487	0.01095	0.06209	0.00862	0.01007	0.00659	0.00451	0.00399	0.00139	0.00514	0.00348	0.00281	0.00645
15	0.01228	0.00602	0.00784	0.00671	0.00887	0.00530	0.00527	0.01409	0.01264	0.34450	0.32797	0.06554	0.14651	0.00854	0.00518	0.00149	0.00297	0.00731	0.00522	0.00575
16	0.01868	0.00759	0.01017	0.00795	0.01121	0.00666	0.00651	0.04015	0.01344	0.67550	0.11102	0.01875	0.03779	0.00636	0.00480	0.00144	0.00374	0.00525	0.00561	0.00739
17	0.05239	0.00895	0.01135	0.00920	0.01225	0.00904	0.04648	0.16809	0.12213	0.34666	0.01670	0.05626	0.02470	0.00836	0.05966	0.00191	0.00482	0.02929	0.00475	0.00700
18	0.00577	0.00442	0.00530	0.00582	0.00670	0.00396	0.00414	0.00692	0.01009	0.01297	0.12124	0.41992	0.32381	0.01290	0.00574	0.00173	0.00257	0.03769	0.00441	0.00392
19	0.00571	0.00411	0.00542	0.00638	0.00674	0.00382	0.00429	0.00662	0.00922	0.01230	0.07171	0.75782	0.06027	0.01418	0.00590	0.00185	0.00266	0.01282	0.00437	0.00382
20	0.01149	0.01089	0.03256	0.21792	0.33659	0.04473	0.05142	0.05839	0.08015	0.04282	0.01089	0.01311	0.02909	0.00496	0.00506	0.00147	0.03474	0.00442	0.00275	0.00656
21	0.00999	0.03157	0.08948	0.03901	0.07526	0.03521	0.19973	0.01305	0.05149	0.05715	0.02641	0.19589	0.03573	0.00769	0.00601	0.00165	0.06867	0.04714	0.00321	0.00565
22	0.01127	0.03922	0.29385	0.14532	0.19776	0.12577	0.07620	0.03090	0.01072	0.01413	0.00835	0.01059	0.00642	0.00442	0.00452	0.00142	0.00667	0.00380	0.00221	0.00645
23	0.00965	0.00827	0.00965	0.00689	0.01102	0.00620	0.00551	0.01171	0.00965	0.01516	0.00827	0.00965	0.00689	0.00345	0.00345	0.00069	0.00345	0.00276	0.00276	0.86494
24	0.11249	0.01243	0.02627	0.15696	0.01807	0.10747	0.11597	0.25220	0.06687	0.04518	0.00995	0.01135	0.00739	0.00507	0.00485	0.00146	0.03217	0.00410	0.00332	0.00643
25	0.00582	0.00418	0.00552	0.00644	0.00679	0.00397	0.00436	0.00667	0.00880	0.01172	0.02493	0.70060	0.05365	0.06124	0.05409	0.00235	0.00339	0.02760	0.00413	0.00376
26	0.00571	0.00470	0.00502	0.00498	0.00642	0.00401	0.00372	0.00708	0.01106	0.01373	0.19353	0.06312	0.63797	0.01141	0.00551	0.00156	0.00233	0.00963	0.00448	0.00401
27	0.03643	0.00955	0.01171	0.00900	0.01262	0.00929	0.00743	0.26438	0.01590	0.54960	0.01586	0.01421	0.01026	0.00568	0.00464	0.00143	0.00432	0.00448	0.00535	0.00786
28	0.01352	0.00974	0.01089	0.00854	0.01174	0.05551	0.00684	0.17092	0.01271	0.16594	0.01185	0.06865	0.00971	0.02236	0.00542	0.00126	0.06502	0.00432	0.00374	0.34132
29	0.01634	0.00688	0.00912	0.00743	0.01018	0.00600	0.00591	0.01793	0.01232	0.56694	0.07917	0.08298	0.09378	0.05555	0.00602	0.00167	0.00361	0.00623	0.00529	0.00666
30	0.00627	0.00472	0.00579	0.00556	0.00677	0.00425	0.00416	0.00815	0.01236	0.01682	0.57888	0.06015	0.24853	0.01027	0.00550	0.00150	0.00225	0.00893	0.00488	0.00425
31	0.01029	0.03543	0.01378	0.43703	0.02302	0.10070	0.05597	0.04560	0.06658	0.01325	0.01136	0.07701	0.02589	0.00598	0.00527	0.00155	0.04585	0.01737	0.00267	0.00540
32	0.03062	0.00898	0.01082	0.02237	0.01229	0.00906	0.00716	0.10485	0.24733	0.43377	0.02883	0.01663	0.03344	0.00607	0.00470	0.00148	0.00397	0.00494	0.00518	0.00751
33	0.00647	0.00466	0.00552	0.00549	0.00604	0.00461	0.00362	0.00717	0.00817	0.01079	0.08017	0.03154	0.18102	0.46020	0.16114	0.00421	0.00532	0.00720	0.00324	0.00341
34	0.02632	0.00446	0.00452	0.00449	0.00561	0.00449	0.00338	0.01077	0.00979	0.01733	0.04241	0.01777	0.01289	0.00615	0.02028	0.00124	0.00241	0.00445	0.79688	0.00435
35	0.02812	0.05489	0.12837	0.01200	0.01422	0.29784	0.03257	0.01446	0.00993	0.01205	0.00741	0.02603	0.00661	0.00654	0.01954	0.00166	0.31632	0.00374	0.00223	0.00549
36	0.01177	0.00975	0.01359	0.40969	0.02233	0.01177	0.01083	0.23159	0.01260	0.04080	0.00969	0.04226	0.00774	0.00588	0.00641	0.00159	0.13828	0.00449	0.00299	0.00596
37	0.01226	0.79195	0.07015	0.00827	0.01242	0.01797	0.00850	0.01398	0.00947	0.01117	0.00658	0.00760	0.00597	0.00401	0.00307	0.00102	0.00509	0.00254	0.00199	0.00602

[dist]
# distance from previous block
# <min> <max>
0	2

[block]
# block no. 7 follows, 55 sequences, length 10
# corresponding to MSA columns:
# 501-510
name=unknown_H
#
# <colnr> <probs for GDERKNQSTAVLIFYWHMCP>
#	G	D	E	R	K	N	Q	S	T	A	V	L	I	F	Y	W	H	M	C	P
0	0.01150	0.59267	0.26278	0.00956	0.01442	0.01611	0.01075	0.01417	0.00956	0.01209	0.00704	0.00818	0.00595	0.00411	0.00342	0.00114	0.00555	0.00278	0.00198	0.00624
1	0.01228	0.00793	0.03515	0.13230	0.05132	0.00759	0.00792	0.07611	0.04863	0.24125	0.08197	0.13427	0.06444	0.00795	0.00510	0.00159	0.00416	0.06967	0.00433	0.00602
2	0.01113	0.01087	0.01754	0.20885	0.59969	0.04312	0.01376	0.01391	0.01040	0.01429	0.00858	0.01159	0.00705	0.00429	0.00460	0.00141	0.00579	0.00410	0.00225	0.00679
3	0.01402	0.00832	0.01195	0.01045	0.06865	0.00805	0.07969	0.12283	0.03314	0.29718	0.22302	0.01975	0.01892	0.00816	0.05257	0.00180	0.00462	0.00567	0.00466	0.00656
4	0.00828	0.00443	0.00482	0.00496	0.00598	0.00446	0.00378	0.01033	0.00963	0.01636	0.01634	0.07063	0.01414	0.00830	0.05286	0.00160	0.00297	0.05999	0.69585	0.00429
5	0.00971	0.00928	0.01582	0.51315	0.24256	0.01037	0.05727	0.01270	0.00977	0.01316	0.00847	0.01201	0.00661	0.00440	0.00462	0.00145	0.00595	0.00413	0.00219	0.05639
6	0.01551	0.07914	0.01170	0.00919	0.04565	0.07221	0.00711	0.06949	0.11157	0.35746	0.07497	0.01856	0.09416	0.00641	0.00464	0.00141	0.00421	0.00517	0.00463	0.00680
7	0.00687	0.00509	0.00665	0.00741	0.00854	0.00487	0.00621	0.00870	0.01068	0.01371	0.07014	0.10554	0.20391	0.01256	0.00613	0.00196	0.00363	0.50889	0.00434	0.00417
8	0.01142	0.01250	0.09827	0.30507	0.32740	0.09974	0.01316	0.01435	0.01047	0.05112	0.00882	0.01151	0.00685	0.00450	0.00456	0.00143	0.00615	0.00397	0.00236	0.00635
9	0.00765	0.00637	0.00811	0.00821	0.03293	0.04415	0.00587	0.00878	0.00773	0.01065	0.01287	0.07786	0.01328	0.22532	0.41178	0.00526	0.10069	0.00579	0.00264	0.00406

[dist]
# distance from previous block
# <min> <max>
1	5

[block]
# block no. 8 follows, 55 sequences, length 29
# corresponding to MSA columns:
# 516-544
name=unknown_I
#
# <colnr> <probs for GDERKNQSTAVLIFYWHMCP>
#	G	D	E	R	K	N	Q	S	T	A	V	L	I	F	Y	W	H	M	C	P
0	0.01291	0.13123	0.03941	0.01335	0.02723	0.22216	0.24811	0.03043	0.07787	0.02963	0.02939	0.01239	0.00863	0.00501	0.00517	0.00139	0.05222	0.02222	0.00272	0.02853
1	0.00898	0.00724	0.01078	0.49751	0.02209	0.00859	0.00950	0.03251	0.05583	0.01420	0.01173	0.05950	0.00956	0.00552	0.00436	0.00145	0.00478	0.00476	0.22602	0.00507
2	0.00756	0.00565	0.00686	0.00637	0.00781	0.00554	0.00483	0.01140	0.13808	0.03367	0.59593	0.03252	0.10747	0.00913	0.00535	0.00149	0.00248	0.00797	0.00500	0.00489
3	0.00954	0.10268	0.01100	0.10628	0.03800	0.10339	0.00786	0.01186	0.03744	0.01310	0.01629	0.09209	0.02433	0.01044	0.06388	0.00204	0.00539	0.26230	0.05341	0.02866
4	0.00943	0.00710	0.00841	0.06501	0.01072	0.00755	0.00608	0.04932	0.25620	0.05199	0.33362	0.02562	0.08300	0.00776	0.00499	0.00149	0.00315	0.00665	0.05629	0.00563
5	0.01435	0.01611	0.08090	0.04824	0.11602	0.28947	0.05788	0.17705	0.05762	0.01675	0.00918	0.01052	0.00714	0.00488	0.00472	0.00134	0.02702	0.00376	0.00294	0.05413
6	0.00634	0.00469	0.00591	0.00573	0.00683	0.00426	0.00425	0.00825	0.01240	0.01712	0.61981	0.10641	0.16013	0.01031	0.00553	0.00152	0.00226	0.00905	0.00493	0.00426
7	0.02391	0.01005	0.03390	0.09933	0.37077	0.01012	0.06637	0.05987	0.09923	0.03083	0.04182	0.07588	0.01138	0.00559	0.00474	0.00147	0.00502	0.00519	0.03795	0.00656
8	0.00702	0.00481	0.00594	0.00630	0.00670	0.00480	0.00448	0.00780	0.00827	0.01092	0.03462	0.03818	0.02090	0.53328	0.01731	0.00362	0.00438	0.27393	0.00338	0.00336
9	0.01175	0.01008	0.01062	0.00950	0.01217	0.01166	0.00741	0.04744	0.77606	0.01975	0.01870	0.01717	0.01401	0.00629	0.00473	0.00157	0.00372	0.00523	0.00473	0.00738
10	0.01065	0.01017	0.01732	0.28107	0.56173	0.01083	0.01385	0.01352	0.01018	0.01415	0.00860	0.01180	0.00700	0.00431	0.00462	0.00144	0.00574	0.00414	0.00223	0.00667
11	0.00838	0.00467	0.00506	0.00496	0.00583	0.00491	0.00364	0.01017	0.00910	0.01557	0.01454	0.01889	0.01233	0.12407	0.04401	0.00191	0.04291	0.00470	0.66018	0.00415
12	0.00645	0.00530	0.00865	0.00842	0.00934	0.00496	0.12036	0.00772	0.00921	0.01232	0.02325	0.71231	0.02727	0.01300	0.00587	0.00184	0.00346	0.01208	0.00403	0.00415
13	0.00665	0.00498	0.00748	0.00748	0.00831	0.00582	0.00582	0.00831	0.00748	0.01080	0.01246	0.01828	0.01163	0.03489	0.81807	0.00748	0.01246	0.00498	0.00249	0.00415
14	0.02087	0.00792	0.01080	0.00828	0.01188	0.00684	0.00684	0.02267	0.01332	0.81071	0.01835	0.01583	0.01152	0.00576	0.00468	0.00144	0.00396	0.00468	0.00576	0.00792
15	0.00735	0.00529	0.00730	0.00831	0.00940	0.00525	0.00722	0.00941	0.01067	0.01381	0.02590	0.06706	0.07007	0.01283	0.00636	0.00211	0.00415	0.71899	0.00429	0.00425
16	0.00867	0.00499	0.00650	0.00669	0.00778	0.00454	0.00479	0.02170	0.01024	0.15928	0.05759	0.56871	0.09560	0.01236	0.00563	0.00175	0.00292	0.01102	0.00462	0.00464
