[name]
unknown

[dist]
# distance from previous block
# <min> <max>
14	57

[block]
# block no. 0 follows, 49 sequences, length 18
# corresponding to MSA columns:
# 261-274,276-279
name=unknown_A
#
# <colnr> <probs for GDERKNQSTAVLIFYWHMCP>
#	G	D	E	R	K	N	Q	S	T	A	V	L	I	F	Y	W	H	M	C	P
0	0.01503	0.04863	0.04258	0.02777	0.12800	0.15330	0.02346	0.26846	0.09421	0.02118	0.07312	0.05603	0.01298	0.00644	0.00504	0.00152	0.00585	0.00522	0.00396	0.00722
1	0.01210	0.01079	0.01669	0.12723	0.38379	0.01143	0.03688	0.13534	0.01292	0.01776	0.01349	0.11280	0.03854	0.00669	0.00576	0.00164	0.03992	0.00598	0.00321	0.00703
2	0.10934	0.26975	0.09791	0.01283	0.11724	0.04350	0.01034	0.15980	0.07933	0.01874	0.00990	0.01100	0.00790	0.00590	0.02513	0.00157	0.00579	0.00375	0.00315	0.00713
3	0.01239	0.02916	0.01102	0.00914	0.04642	0.05555	0.00674	0.07408	0.01200	0.10560	0.01443	0.10574	0.03777	0.06385	0.00603	0.00145	0.00437	0.00529	0.00372	0.39523
4	0.04868	0.05429	0.09607	0.09547	0.17999	0.02595	0.08446	0.01554	0.01098	0.12237	0.02605	0.01436	0.02941	0.00717	0.04014	0.00191	0.11542	0.00473	0.02026	0.00675
5	0.04830	0.10255	0.59898	0.01314	0.01949	0.01207	0.03691	0.01525	0.01042	0.01560	0.00960	0.03478	0.00753	0.00678	0.04602	0.00190	0.00732	0.00405	0.00230	0.00702
6	0.01766	0.01933	0.01326	0.01176	0.01444	0.53841	0.00902	0.13529	0.01550	0.04943	0.04854	0.01356	0.01026	0.00599	0.00476	0.00139	0.00753	0.03106	0.04654	0.00625
7	0.01042	0.00585	0.00739	0.00692	0.00855	0.00532	0.00526	0.01208	0.01217	0.18396	0.22785	0.10451	0.15801	0.11714	0.00844	0.00214	0.00344	0.08421	0.03111	0.00522
8	0.01048	0.01015	0.04884	0.09937	0.22753	0.01026	0.03459	0.01578	0.19234	0.01600	0.03867	0.06032	0.04944	0.06776	0.06781	0.00240	0.03228	0.00601	0.00344	0.00652
9	0.01244	0.23546	0.44094	0.01338	0.04644	0.06899	0.04343	0.01650	0.01110	0.05433	0.00906	0.01040	0.00685	0.00475	0.00444	0.00144	0.00687	0.00361	0.00241	0.00715
10	0.00664	0.00514	0.00559	0.00554	0.00708	0.00443	0.00413	0.00815	0.01195	0.02970	0.18618	0.09493	0.56029	0.01219	0.00591	0.00169	0.00258	0.01032	0.03312	0.00445
11	0.00648	0.00469	0.00618	0.00691	0.00739	0.00459	0.00473	0.00749	0.00943	0.01264	0.04760	0.52868	0.07912	0.10691	0.13895	0.00332	0.00485	0.01175	0.00422	0.00409
12	0.07449	0.01258	0.04780	0.03339	0.04318	0.02943	0.08792	0.25699	0.17530	0.08188	0.01341	0.01450	0.01009	0.03372	0.01941	0.00185	0.04752	0.00489	0.00418	0.00746
13	0.11695	0.01551	0.07618	0.01367	0.11619	0.24031	0.01025	0.08676	0.02605	0.13679	0.01196	0.01511	0.00962	0.00612	0.00527	0.00157	0.03812	0.06316	0.00359	0.00682
14	0.00633	0.00460	0.00588	0.00667	0.00721	0.00425	0.00453	0.00740	0.01035	0.01376	0.12556	0.59558	0.11782	0.05589	0.00732	0.00210	0.00292	0.01295	0.00472	0.00416
15	0.01107	0.00734	0.00746	0.00686	0.00867	0.04253	0.00530	0.07922	0.09627	0.05171	0.01907	0.02049	0.08063	0.00988	0.08594	0.00205	0.00436	0.00536	0.45021	0.00557
16	0.01061	0.01194	0.11956	0.04625	0.12136	0.00990	0.23701	0.06102	0.01187	0.01668	0.03073	0.12689	0.03584	0.02669	0.00595	0.00175	0.00595	0.03366	0.08003	0.00629
17	0.01107	0.01116	0.05342	0.28329	0.18976	0.03921	0.02761	0.03931	0.08300	0.01572	0.03853	0.01606	0.05003	0.00608	0.00614	0.00165	0.08126	0.00504	0.03522	0.00644

[dist]
# distance from previous block
# <min> <max>
0	27

[block]
# block no. 1 follows, 49 sequences, length 20
# corresponding to MSA columns:
# 307-313,319-325,327-332
name=unknown_B
#
# <colnr> <probs for GDERKNQSTAVLIFYWHMCP>
#	G	D	E	R	K	N	Q	S	T	A	V	L	I	F	Y	W	H	M	C	P
0	0.30869	0.09209	0.12017	0.01008	0.01372	0.16054	0.00920	0.09028	0.02436	0.01862	0.00910	0.01034	0.02209	0.00535	0.00484	0.00149	0.05972	0.00347	0.00299	0.03285
1	0.08710	0.00757	0.00825	0.00763	0.00955	0.00801	0.00580	0.05388	0.22689	0.01958	0.28616	0.09137	0.11701	0.04129	0.00625	0.00180	0.00330	0.00789	0.00493	0.00576
2	0.01540	0.03979	0.04977	0.11258	0.01745	0.07972	0.00986	0.37322	0.08527	0.02323	0.02384	0.01264	0.00910	0.00558	0.00479	0.00142	0.00566	0.00431	0.00400	0.12235
3	0.01335	0.39041	0.24990	0.04528	0.01682	0.03117	0.01186	0.11422	0.01244	0.04049	0.02581	0.01057	0.00784	0.00493	0.00416	0.00135	0.00607	0.00355	0.00275	0.00703
4	0.08241	0.04328	0.03060	0.04608	0.03858	0.01121	0.00831	0.21158	0.12531	0.13109	0.12274	0.01823	0.04426	0.00673	0.00523	0.00155	0.02411	0.00536	0.00460	0.03874
5	0.01136	0.01048	0.01677	0.09022	0.46037	0.01129	0.01275	0.04198	0.01122	0.01598	0.04615	0.04079	0.02797	0.00801	0.05473	0.00203	0.10741	0.00522	0.01838	0.00689
6	0.00977	0.00906	0.01504	0.47481	0.22887	0.01029	0.01288	0.01265	0.01047	0.01389	0.01301	0.11751	0.03764	0.00656	0.00525	0.00168	0.00592	0.00598	0.00271	0.00601
7	0.00653	0.00454	0.00592	0.00672	0.00712	0.00425	0.00450	0.00723	0.00971	0.01294	0.08409	0.58903	0.07674	0.07452	0.00891	0.07332	0.00314	0.01241	0.00443	0.00393
8	0.11250	0.03356	0.01200	0.00963	0.01267	0.16558	0.00761	0.20997	0.01507	0.21626	0.01340	0.02927	0.01039	0.08886	0.00677	0.00182	0.00551	0.00465	0.03762	0.00686
9	0.00736	0.00550	0.00781	0.00796	0.00871	0.00621	0.00600	0.02082	0.00881	0.01253	0.01710	0.22830	0.01790	0.04858	0.50757	0.00592	0.04455	0.00773	0.02616	0.00449
10	0.00629	0.00448	0.00593	0.00705	0.00736	0.00421	0.00474	0.00718	0.00964	0.01284	0.02723	0.75114	0.03253	0.05623	0.00744	0.00221	0.00310	0.04171	0.00461	0.00408
11	0.01834	0.06409	0.04108	0.01282	0.01571	0.71435	0.01001	0.04089	0.01427	0.01302	0.00794	0.00921	0.00657	0.00518	0.00452	0.00131	0.00878	0.00328	0.00264	0.00602
12	0.10240	0.01017	0.03182	0.00929	0.01316	0.03188	0.00780	0.08725	0.03939	0.58701	0.01742	0.01556	0.01127	0.00604	0.00487	0.00156	0.00458	0.00475	0.00561	0.00817
13	0.00695	0.00502	0.00590	0.00632	0.00682	0.00487	0.00410	0.00815	0.04375	0.01214	0.02593	0.33670	0.13395	0.34779	0.01429	0.00317	0.00377	0.02244	0.00404	0.00388
14	0.01010	0.00603	0.00778	0.00695	0.00872	0.00557	0.00535	0.01290	0.04876	0.15686	0.58815	0.03373	0.06982	0.00956	0.00577	0.00160	0.00280	0.00833	0.00563	0.00557
15	0.01266	0.01151	0.01811	0.08189	0.46523	0.01200	0.05787	0.05397	0.16103	0.03394	0.03304	0.01464	0.01053	0.00526	0.00512	0.00157	0.00567	0.00496	0.00328	0.00771
16	0.00632	0.00452	0.00585	0.00678	0.00715	0.00422	0.00451	0.00720	0.00975	0.01300	0.06471	0.67413	0.06238	0.09391	0.00829	0.00229	0.00308	0.01329	0.00458	0.00404
17	0.00780	0.00569	0.00654	0.00680	0.00801	0.00560	0.00496	0.03251	0.09629	0.01590	0.07463	0.35098	0.19522	0.01207	0.00573	0.00178	0.00298	0.03390	0.12775	0.00485
18	0.01349	0.05538	0.01467	0.04606	0.02911	0.08227	0.09290	0.20758	0.08669	0.04438	0.04185	0.14293	0.01481	0.00777	0.00586	0.00166	0.04592	0.02819	0.03187	0.00661
19	0.02730	0.04991	0.15953	0.04854	0.23557	0.04823	0.11802	0.04528	0.01136	0.03962	0.00926	0.01179	0.00739	0.00530	0.00665	0.00161	0.12656	0.00435	0.00263	0.04110

[dist]
# distance from previous block
# <min> <max>
3	72

[block]
# block no. 2 follows, 49 sequences, length 40
# corresponding to MSA columns:
# 406-445
name=unknown_C
#
# <colnr> <probs for GDERKNQSTAVLIFYWHMCP>
#	G	D	E	R	K	N	Q	S	T	A	V	L	I	F	Y	W	H	M	C	P
0	0.70581	0.00945	0.00858	0.05793	0.01173	0.01082	0.03173	0.01425	0.00911	0.02137	0.04281	0.04077	0.00857	0.00538	0.00360	0.00160	0.00414	0.00368	0.00322	0.00545
1	0.00710	0.00507	0.00656	0.00667	0.00716	0.00535	0.00456	0.00798	0.00813	0.01110	0.01825	0.10475	0.06359	0.38509	0.33046	0.00571	0.00800	0.00746	0.00318	0.00381
2	0.02623	0.01299	0.01362	0.02765	0.01491	0.04174	0.00904	0.44476	0.26574	0.02641	0.01453	0.01430	0.01069	0.00633	0.00533	0.00159	0.02706	0.00486	0.02417	0.00804
3	0.01240	0.00951	0.01141	0.08526	0.06820	0.02055	0.00829	0.07200	0.29395	0.10141	0.07815	0.02340	0.12035	0.00754	0.00528	0.00163	0.00430	0.02941	0.00463	0.04232
4	0.02775	0.20751	0.46321	0.01349	0.07254	0.03031	0.01456	0.02394	0.01062	0.01495	0.00901	0.01123	0.00719	0.03037	0.04146	0.00186	0.00704	0.00372	0.00228	0.00696
5	0.01133	0.35495	0.42249	0.01147	0.01720	0.01467	0.01356	0.01520	0.01077	0.01461	0.06306	0.01152	0.00935	0.00500	0.00424	0.00139	0.00626	0.00369	0.00239	0.00688
6	0.00631	0.00474	0.00564	0.00619	0.00696	0.00430	0.00422	0.00731	0.01028	0.01323	0.08237	0.42268	0.27571	0.11549	0.00868	0.00227	0.00303	0.01197	0.00455	0.00407
7	0.00680	0.00485	0.00646	0.00715	0.00755	0.00467	0.01748	0.00768	0.00931	0.01239	0.02419	0.50885	0.02838	0.22397	0.02194	0.00289	0.00386	0.09343	0.00421	0.00395
8	0.00857	0.00622	0.00803	0.05683	0.01008	0.00707	0.00619	0.01145	0.07097	0.01491	0.01799	0.09627	0.06602	0.01790	0.26288	0.00370	0.07389	0.00630	0.24977	0.00495
9	0.02829	0.00518	0.00517	0.00502	0.00635	0.00527	0.00381	0.04073	0.01106	0.01943	0.01612	0.01837	0.01263	0.00587	0.00358	0.00120	0.00251	0.00466	0.79986	0.00488
10	0.00628	0.00459	0.00585	0.00681	0.00733	0.00424	0.00466	0.00724	0.00992	0.01297	0.03050	0.64193	0.13681	0.05216	0.00729	0.00215	0.00305	0.04748	0.00462	0.00411
11	0.01148	0.01011	0.01541	0.62050	0.03046	0.01213	0.03144	0.15337	0.03548	0.01673	0.00994	0.01340	0.00736	0.00528	0.00508	0.00166	0.00649	0.00458	0.00286	0.00627
12	0.01088	0.00720	0.00868	0.00738	0.00992	0.00643	0.00572	0.04696	0.05610	0.13614	0.21573	0.10167	0.13052	0.02705	0.00575	0.00154	0.00338	0.01662	0.00477	0.19755
13	0.16347	0.01076	0.01044	0.00890	0.01174	0.06240	0.00706	0.26821	0.07516	0.06890	0.02588	0.10165	0.09363	0.00761	0.00484	0.00158	0.00447	0.00600	0.06069	0.00660
14	0.00677	0.00459	0.00592	0.00685	0.00733	0.00436	0.00475	0.00794	0.00997	0.01384	0.04802	0.61115	0.03049	0.05027	0.00700	0.00209	0.00307	0.06864	0.10278	0.00419
15	0.00696	0.00518	0.00633	0.00627	0.00733	0.00484	0.00451	0.00894	0.03300	0.01654	0.40657	0.15054	0.18448	0.10640	0.02762	0.00223	0.00311	0.00980	0.00490	0.00446
16	0.01204	0.10728	0.01692	0.02736	0.01459	0.09268	0.08395	0.05282	0.01021	0.01368	0.00994	0.10463	0.00992	0.00811	0.01081	0.00188	0.40925	0.00542	0.00272	0.00580
17	0.01131	0.08841	0.50351	0.01421	0.03081	0.03060	0.08755	0.03126	0.10626	0.01646	0.01042	0.01178	0.00772	0.00508	0.00508	0.00159	0.02385	0.00414	0.00262	0.00735
18	0.03192	0.01016	0.01157	0.00943	0.01234	0.01064	0.00745	0.35249	0.04548	0.19861	0.01629	0.07258	0.01368	0.15174	0.00885	0.00220	0.00487	0.02769	0.00491	0.00712
19	0.01264	0.01009	0.01109	0.00993	0.01260	0.01130	0.00790	0.12865	0.48758	0.03791	0.10100	0.02434	0.01941	0.00793	0.00543	0.00174	0.00414	0.09382	0.00514	0.00737
20	0.01154	0.03615	0.03276	0.10286	0.09609	0.01188	0.47717	0.01562	0.03821	0.03293	0.05703	0.01616	0.03650	0.00515	0.00564	0.00166	0.00719	0.00587	0.00292	0.00668
21	0.00673	0.00509	0.00622	0.00607	0.00733	0.00457	0.00450	0.00867	0.01310	0.01773	0.51006	0.11275	0.25561	0.01154	0.00601	0.00167	0.00249	0.01006	0.00524	0.00457
22	0.00976	0.00920	0.01554	0.75530	0.08803	0.01129	0.01415	0.01310	0.01021	0.01317	0.00902	0.01341	0.00683	0.00502	0.00505	0.00167	0.00669	0.00449	0.00226	0.00579
23	0.02142	0.01135	0.01258	0.00992	0.01367	0.10109	0.00807	0.14392	0.03679	0.56068	0.01731	0.01551	0.01127	0.00612	0.00502	0.00153	0.00506	0.00481	0.00561	0.00827
24	0.16926	0.00973	0.01140	0.00904	0.01274	0.00963	0.00742	0.12202	0.07711	0.49408	0.01668	0.01508	0.01099	0.00601	0.00474	0.00157	0.00438	0.00465	0.00546	0.00800
25	0.19435	0.00886	0.01041	0.00839	0.01186	0.00858	0.00685	0.03899	0.07131	0.49237	0.04766	0.01756	0.04796	0.00643	0.00476	0.00158	0.00408	0.00504	0.00540	0.00757
26	0.00635	0.00452	0.00599	0.00697	0.00728	0.00434	0.00465	0.00721	0.00935	0.01252	0.02570	0.68631	0.03052	0.09583	0.06434	0.00276	0.00387	0.01306	0.00440	0.00403
27	0.01011	0.00989	0.01512	0.76251	0.03368	0.05848	0.01379	0.01335	0.01036	0.01289	0.00892	0.01322	0.00673	0.00506	0.00503	0.00166	0.00688	0.00442	0.00227	0.00563
28	0.01574	0.00760	0.00965	0.00817	0.01087	0.00717	0.00652	0.03268	0.10469	0.39390	0.15715	0.07054	0.02098	0.00788	0.00524	0.00160	0.00368	0.03446	0.09446	0.00703
29	0.00669	0.00522	0.00611	0.00620	0.00746	0.00476	0.00453	0.00882	0.04625	0.01595	0.28217	0.22478	0.33775	0.01246	0.00605	0.00175	0.00266	0.01083	0.00500	0.00456
30	0.00978	0.00925	0.01550	0.73383	0.07918	0.01144	0.01402	0.01305	0.01011	0.01311	0.00893	0.01333	0.00681	0.00516	0.00548	0.00169	0.03681	0.00449	0.00226	0.00576
31	0.00905	0.00810	0.01163	0.01058	0.01105	0.01068	0.00858	0.01052	0.00794	0.01194	0.01026	0.01568	0.00978	0.02409	0.42842	0.00531	0.39396	0.00495	0.00247	0.00500
32	0.00835	0.00562	0.00715	0.00737	0.00843	0.00555	0.00548	0.01073	0.06591	0.05994	0.14578	0.26782	0.06032	0.11089	0.06449	0.00270	0.00422	0.12487	0.02962	0.00476
33	0.00619	0.00463	0.00575	0.00654	0.00723	0.00419	0.00450	0.00727	0.01045	0.01361	0.08694	0.58041	0.21445	0.01473	0.00631	0.00194	0.00281	0.01312	0.00476	0.00419
34	0.01316	0.01253	0.01897	0.08757	0.50292	0.06444	0.06378	0.07629	0.03794	0.02894	0.03732	0.01357	0.00953	0.00501	0.00509	0.00153	0.00619	0.00473	0.00295	0.00754
35	0.04234	0.02837	0.02742	0.01522	0.18132	0.11601	0.01017	0.08877	0.37882	0.01957	0.01459	0.01477	0.01123	0.00596	0.00516	0.00159	0.02229	0.00482	0.00400	0.00760
36	0.01093	0.02057	0.51217	0.01472	0.09194	0.01129	0.02895	0.04504	0.07119	0.01718	0.02129	0.01196	0.00809	0.00492	0.00477	0.00150	0.00649	0.00402	0.00268	0.11029
37	0.01315	0.04479	0.19645	0.07508	0.08535	0.10129	0.25218	0.07745	0.01255	0.04260	0.00976	0.01206	0.00737	0.00499	0.00568	0.00160	0.04332	0.00461	0.00274	0.00701
38	0.01337	0.68328	0.02457	0.00940	0.01311	0.01923	0.00902	0.04074	0.01038	0.01262	0.00715	0.00866	0.00658	0.00502	0.00518	0.00126	0.11872	0.00301	0.00227	0.00643
39	0.00686	0.00510	0.00622	0.00603	0.00719	0.00464	0.00439	0.00870	0.01281	0.01743	0.51086	0.07461	0.21606	0.08751	0.00785	0.00195	0.00269	0.00956	0.00509	0.00446

[dist]
# distance from previous block
# <min> <max>
0	2

[block]
# block no. 3 follows, 49 sequences, length 16
# corresponding to MSA columns:
# 448-463
name=unknown_D
#
# <colnr> <probs for GDERKNQSTAVLIFYWHMCP>
#	G	D	E	R	K	N	Q	S	T	A	V	L	I	F	Y	W	H	M	C	P
0	0.00683	0.00483	0.00562	0.00601	0.00651	0.00457	0.00391	0.00751	0.00913	0.01197	0.02678	0.26825	0.17353	0.36887	0.01475	0.00322	0.00377	0.03887	0.03136	0.00372
1	0.01680	0.02089	0.01291	0.01180	0.01420	0.66689	0.00885	0.01820	0.01410	0.01317	0.07940	0.01487	0.07443	0.00628	0.00480	0.00136	0.00799	0.00438	0.00304	0.00564
2	0.01313	0.02944	0.04914	0.12018	0.39640	0.04020	0.05385	0.12203	0.02983	0.03279	0.01171	0.01394	0.03788	0.00530	0.00528	0.00155	0.02216	0.00475	0.00302	0.00742
3	0.00634	0.00453	0.00606	0.00718	0.00757	0.00425	0.00494	0.00738	0.01000	0.01335	0.05659	0.73509	0.03368	0.01550	0.00647	0.00206	0.00304	0.06708	0.00472	0.00417
4	0.01094	0.01138	0.02257	0.08242	0.19908	0.01105	0.41124	0.01431	0.01143	0.01565	0.03183	0.12899	0.01235	0.00618	0.00575	0.00170	0.00686	0.00680	0.00290	0.00656
5	0.00659	0.00496	0.00660	0.00703	0.00783	0.00504	0.00510	0.00788	0.00935	0.01248	0.02641	0.32176	0.17444	0.05428	0.32068	0.00449	0.00712	0.00985	0.00385	0.00426
6	0.03173	0.10288	0.01399	0.00914	0.01335	0.00990	0.06064	0.04545	0.08277	0.01704	0.00996	0.01124	0.00811	0.00437	0.00431	0.00103	0.02303	0.00351	0.00314	0.54441
7	0.00819	0.00658	0.00907	0.00848	0.00935	0.00760	0.02272	0.03245	0.00921	0.01297	0.04631	0.07216	0.08679	0.13814	0.35253	0.00500	0.13855	0.00668	0.02258	0.00461
8	0.00650	0.00460	0.00586	0.00673	0.00705	0.00436	0.00445	0.00726	0.00932	0.01235	0.02610	0.58459	0.05887	0.19262	0.01069	0.00268	0.00342	0.04429	0.00433	0.00391
9	0.00646	0.00501	0.00588	0.00593	0.00720	0.00443	0.00435	0.00809	0.01226	0.01605	0.32801	0.18050	0.37289	0.01240	0.00606	0.00172	0.00256	0.01074	0.00503	0.00443
10	0.01675	0.00743	0.00927	0.00765	0.01050	0.00689	0.00614	0.01991	0.08159	0.44469	0.05304	0.01999	0.04660	0.00666	0.00473	0.00148	0.00358	0.00544	0.24053	0.00713
11	0.00955	0.00899	0.01517	0.81013	0.03483	0.01123	0.01404	0.01292	0.01011	0.01292	0.00899	0.01348	0.00674	0.00506	0.00506	0.00169	0.00674	0.00449	0.00225	0.00562
12	0.01799	0.01495	0.08934	0.01164	0.01590	0.01489	0.01025	0.67278	0.02203	0.02986	0.01201	0.01225	0.00855	0.00594	0.00498	0.00151	0.00563	0.00448	0.03666	0.00835
13	0.00690	0.00510	0.00651	0.00724	0.00819	0.00478	0.00557	0.00844	0.01106	0.01437	0.10480	0.30670	0.19351	0.04440	0.00720	0.00213	0.00343	0.25063	0.00470	0.00434
14	0.01324	0.70378	0.06723	0.00912	0.01348	0.01885	0.00914	0.01631	0.08394	0.01301	0.00844	0.00928	0.00734	0.00459	0.00351	0.00117	0.00539	0.00305	0.00245	0.00669
15	0.00791	0.00508	0.00648	0.00677	0.00783	0.00458	0.00483	0.00926	0.01138	0.08911	0.18333	0.45684	0.16086	0.01332	0.00615	0.00186	0.00289	0.01182	0.00502	0.00470

[dist]
# distance from previous block
# <min> <max>
1	14

[block]
# block no. 4 follows, 49 sequences, length 14
# corresponding to MSA columns:
# 478-491
name=unknown_E
#
# <colnr> <probs for GDERKNQSTAVLIFYWHMCP>
#	G	D	E	R	K	N	Q	S	T	A	V	L	I	F	Y	W	H	M	C	P
0	0.08375	0.00893	0.01157	0.00894	0.01280	0.00808	0.00738	0.05671	0.01445	0.70435	0.01866	0.01633	0.01183	0.00614	0.00494	0.00156	0.00433	0.00489	0.00598	0.00838
1	0.00639	0.00472	0.00597	0.00687	0.00753	0.00436	0.00486	0.00748	0.01018	0.01319	0.03182	0.55619	0.17786	0.04391	0.00711	0.00212	0.00313	0.09751	0.00463	0.00416
2	0.01109	0.01057	0.01861	0.32859	0.34793	0.01133	0.11225	0.01436	0.01097	0.01524	0.00987	0.01345	0.00781	0.00478	0.00505	0.00158	0.00637	0.00470	0.05872	0.00671
3	0.00635	0.00462	0.00599	0.00674	0.00734	0.00426	0.00464	0.00758	0.01080	0.01451	0.18818	0.59072	0.10070	0.01444	0.00631	0.00193	0.00279	0.01297	0.00488	0.00426
4	0.00854	0.00550	0.00667	0.00635	0.00795	0.00494	0.00491	0.01050	0.01288	0.09414	0.34927	0.05476	0.27411	0.01078	0.00579	0.00166	0.00281	0.06629	0.06718	0.00497
5	0.00955	0.00899	0.01517	0.81013	0.03483	0.01123	0.01404	0.01292	0.01011	0.01292	0.00899	0.01348	0.00674	0.00506	0.00506	0.00169	0.00674	0.00449	0.00225	0.00562
6	0.01101	0.01051	0.01766	0.40475	0.38338	0.01184	0.01456	0.01408	0.01063	0.01454	0.00910	0.01290	0.00732	0.00501	0.00568	0.00163	0.05182	0.00450	0.00236	0.00672
7	0.00789	0.00596	0.00701	0.00703	0.00860	0.00565	0.00562	0.06794	0.01286	0.01672	0.16833	0.08864	0.33491	0.01213	0.00612	0.00184	0.00333	0.20500	0.02964	0.00480
8	0.00652	0.00466	0.00590	0.00670	0.00737	0.00432	0.00470	0.00775	0.01051	0.01414	0.09954	0.55592	0.13708	0.01426	0.00621	0.00193	0.00289	0.05229	0.05304	0.00425
9	0.01302	0.00762	0.00969	0.00923	0.05420	0.00739	0.00675	0.06623	0.09120	0.22999	0.20813	0.07591	0.08693	0.03303	0.00612	0.00175	0.00373	0.04717	0.03549	0.00644
10	0.00670	0.00510	0.00619	0.00638	0.00747	0.00468	0.00460	0.00870	0.03708	0.01620	0.32532	0.28843	0.23930	0.01263	0.00610	0.00177	0.00266	0.01110	0.00504	0.00453
11	0.01852	0.01021	0.01156	0.00928	0.01255	0.06160	0.00749	0.19999	0.01630	0.40117	0.10834	0.04196	0.01601	0.00689	0.00510	0.00153	0.00454	0.00557	0.05378	0.00761
12	0.11224	0.00904	0.01026	0.00755	0.01182	0.00736	0.00609	0.01428	0.01070	0.10201	0.00995	0.01095	0.00780	0.00413	0.00382	0.00093	0.00383	0.00319	0.00337	0.66067
13	0.01392	0.04864	0.12945	0.02690	0.15778	0.04967	0.10053	0.15574	0.07536	0.07430	0.02546	0.01537	0.02825	0.00595	0.00570	0.00161	0.04670	0.02774	0.00354	0.00738

[dist]
# distance from previous block
# <min> <max>
0	11

[block]
# block no. 5 follows, 49 sequences, length 18
# corresponding to MSA columns:
# 503-519,543
name=unknown_F
#
# <colnr> <probs for GDERKNQSTAVLIFYWHMCP>
#	G	D	E	R	K	N	Q	S	T	A	V	L	I	F	Y	W	H	M	C	P
0	0.01092	0.07105	0.05401	0.01515	0.13203	0.07216	0.12893	0.01309	0.01005	0.01354	0.01162	0.10412	0.01137	0.05396	0.11071	0.00273	0.17014	0.00583	0.00272	0.00588
1	0.00696	0.00494	0.00572	0.00592	0.00642	0.00471	0.00382	0.00762	0.00918	0.01200	0.08270	0.14750	0.16359	0.45936	0.01699	0.00354	0.00400	0.04753	0.00386	0.00364
2	0.01485	0.10962	0.05619	0.01059	0.01444	0.03382	0.00916	0.32070	0.10943	0.02222	0.01122	0.01191	0.00863	0.00562	0.00546	0.00139	0.06803	0.00407	0.00387	0.17878
3	0.01047	0.00962	0.01145	0.00954	0.02298	0.07452	0.06323	0.03437	0.01130	0.01579	0.08612	0.08908	0.05710	0.04538	0.00685	0.00152	0.07701	0.02241	0.03043	0.32084
4	0.12124	0.00857	0.01086	0.00882	0.01188	0.00830	0.04679	0.09188	0.03363	0.33536	0.15011	0.06231	0.07329	0.00760	0.00517	0.00161	0.00407	0.00637	0.00522	0.00691
5	0.00692	0.00514	0.00647	0.00680	0.00779	0.00464	0.00482	0.00823	0.01062	0.01438	0.15084	0.42699	0.10775	0.08131	0.00774	0.00208	0.00316	0.05942	0.00454	0.08035
6	0.04112	0.00755	0.00943	0.00815	0.01063	0.00728	0.00637	0.03976	0.11781	0.31402	0.24466	0.12845	0.02560	0.00874	0.00547	0.00166	0.00355	0.00749	0.00557	0.00671
7	0.00968	0.00916	0.01519	0.74307	0.03301	0.01159	0.01379	0.01286	0.00991	0.01286	0.00879	0.01328	0.00673	0.00537	0.00603	0.00173	0.07460	0.00449	0.00224	0.00561
8	0.01650	0.00996	0.01100	0.00881	0.01185	0.01048	0.00715	0.38092	0.01763	0.16313	0.01501	0.01533	0.01078	0.00604	0.00454	0.00141	0.00425	0.00470	0.29323	0.00728
9	0.00634	0.00459	0.00601	0.00695	0.00747	0.00426	0.00481	0.00746	0.01034	0.01376	0.10093	0.65334	0.08891	0.01502	0.00640	0.00200	0.00294	0.04949	0.00477	0.00421
10	0.01032	0.00656	0.00802	0.00707	0.00903	0.00619	0.00548	0.07609	0.03564	0.12985	0.46642	0.03405	0.16574	0.00973	0.00574	0.00160	0.00300	0.00835	0.00546	0.00564
11	0.02042	0.01106	0.01304	0.01005	0.01389	0.01121	0.00828	0.37905	0.01870	0.39656	0.01609	0.01489	0.01068	0.00615	0.00500	0.00152	0.00481	0.00482	0.04536	0.00842
12	0.00829	0.00590	0.00685	0.00697	0.00801	0.02522	0.00491	0.04810	0.01147	0.05581	0.14385	0.39009	0.14115	0.10915	0.00841	0.00220	0.00339	0.01093	0.00468	0.00462
13	0.03740	0.00918	0.01098	0.00906	0.01234	0.00916	0.00728	0.06151	0.24935	0.40455	0.05856	0.02058	0.07286	0.00708	0.00516	0.00162	0.00404	0.00581	0.00563	0.00784
14	0.01351	0.11060	0.07377	0.11701	0.03951	0.26175	0.01052	0.05139	0.03945	0.01408	0.01072	0.01599	0.00966	0.04989	0.02464	0.00189	0.07943	0.06736	0.00284	0.00598
15	0.24696	0.02849	0.06853	0.00878	0.01257	0.01074	0.00769	0.17061	0.05888	0.13189	0.01193	0.01231	0.00870	0.00529	0.00417	0.00141	0.00445	0.00389	0.07527	0.12743
16	0.55032	0.01044	0.00956	0.00801	0.01135	0.01165	0.00658	0.16542	0.03997	0.10978	0.02850	0.01106	0.00823	0.00535	0.00386	0.00156	0.00425	0.00361	0.00398	0.00651
17	0.01126	0.00821	0.00989	0.00874	0.01060	0.00890	0.00701	0.12440	0.05820	0.09790	0.08664	0.06083	0.23565	0.03591	0.00828	0.00191	0.14444	0.07089	0.00452	0.00582

[dist]
# distance from previous block
# <min> <max>
0	5

[block]
# block no. 6 follows, 49 sequences, length 42
# corresponding to MSA columns:
# 550-591
name=unknown_G
#
# <colnr> <probs for GDERKNQSTAVLIFYWHMCP>
#	G	D	E	R	K	N	Q	S	T	A	V	L	I	F	Y	W	H	M	C	P
0	0.11193	0.01304	0.01610	0.09582	0.37371	0.12465	0.01201	0.05686	0.07217	0.03419	0.01014	0.01213	0.00807	0.00496	0.00470	0.00149	0.00599	0.00418	0.00300	0.03486
1	0.01355	0.77693	0.05178	0.00896	0.01335	0.04101	0.00902	0.01531	0.01040	0.01205	0.00712	0.00822	0.00649	0.00437	0.00333	0.00110	0.00558	0.00275	0.00217	0.00650
2	0.06097	0.01238	0.01548	0.50561	0.04178	0.16931	0.06679	0.01468	0.01098	0.01370	0.00874	0.01226	0.00676	0.00514	0.00508	0.01317	0.00707	0.00422	0.00241	0.02347
3	0.01028	0.00587	0.00774	0.00792	0.00931	0.00549	0.00603	0.02591	0.02423	0.17419	0.02687	0.43663	0.06803	0.01302	0.00620	0.00197	0.00360	0.15640	0.00502	0.00529
4	0.00908	0.00689	0.00944	0.00860	0.00973	0.00712	0.06511	0.08474	0.01080	0.03563	0.04549	0.30829	0.05392	0.23841	0.02344	0.00282	0.06241	0.00937	0.00397	0.00473
5	0.01048	0.00958	0.01543	0.69231	0.06918	0.01172	0.01370	0.07237	0.01119	0.01455	0.00921	0.01328	0.00694	0.00519	0.00532	0.00168	0.02494	0.00450	0.00248	0.00596
6	0.01735	0.00830	0.01056	0.00834	0.01172	0.00739	0.00676	0.07557	0.02609	0.46803	0.12589	0.02194	0.08961	0.00717	0.00515	0.00150	0.00391	0.00592	0.00558	0.09322
7	0.01185	0.00615	0.00698	0.00623	0.00773	0.00605	0.00452	0.06753	0.01121	0.15592	0.01662	0.02261	0.01429	0.26571	0.01099	0.00246	0.00375	0.00561	0.36862	0.00517
8	0.00626	0.00453	0.00592	0.00685	0.00733	0.00419	0.00465	0.00733	0.01031	0.01377	0.11335	0.68453	0.08220	0.01504	0.00637	0.00198	0.00285	0.01357	0.00479	0.00419
9	0.02269	0.00861	0.01174	0.00900	0.01291	0.00743	0.00743	0.02464	0.01447	0.79425	0.01995	0.01721	0.01252	0.00626	0.00509	0.00156	0.00430	0.00509	0.00626	0.00861
10	0.01154	0.00889	0.00977	0.00884	0.01124	0.00971	0.00679	0.02095	0.48561	0.07871	0.12269	0.05248	0.09843	0.04356	0.00627	0.00184	0.00367	0.00698	0.00513	0.00691
11	0.00621	0.00444	0.00591	0.00701	0.00734	0.00414	0.00470	0.00716	0.00989	0.01325	0.06272	0.78317	0.03410	0.01559	0.00643	0.00203	0.00291	0.01414	0.00473	0.00414
12	0.01371	0.00686	0.00779	0.00668	0.00887	0.00677	0.00528	0.11308	0.01336	0.20253	0.04814	0.01837	0.01371	0.00618	0.00419	0.00133	0.00323	0.00496	0.50882	0.00613
13	0.01014	0.02616	0.79609	0.01441	0.02189	0.01174	0.01868	0.01601	0.01068	0.01601	0.00907	0.01068	0.00641	0.00480	0.00480	0.00160	0.00747	0.00374	0.00214	0.00747
14	0.00694	0.00481	0.00591	0.00651	0.00728	0.00437	0.00445	0.00789	0.01012	0.04671	0.03211	0.52231	0.21567	0.09027	0.00809	0.00221	0.00309	0.01241	0.00461	0.00424
15	0.44032	0.00831	0.00773	0.00671	0.00948	0.00893	0.00544	0.04173	0.01076	0.16388	0.01221	0.01295	0.00895	0.00536	0.00367	0.00146	0.00361	0.00378	0.23877	0.00595
16	0.00680	0.00500	0.00637	0.00636	0.00742	0.00457	0.00464	0.00873	0.01299	0.01791	0.53724	0.20627	0.13329	0.01181	0.00607	0.00170	0.00252	0.01045	0.00528	0.00457
17	0.00673	0.00483	0.00628	0.00721	0.00769	0.00461	0.00490	0.03906	0.01039	0.01389	0.04684	0.76520	0.03278	0.01529	0.00638	0.00202	0.00303	0.01383	0.00473	0.00431
18	0.01889	0.02410	0.01433	0.01303	0.01563	0.80199	0.00977	0.02019	0.01433	0.01238	0.00782	0.00912	0.00651	0.00521	0.00456	0.00130	0.00912	0.00326	0.00261	0.00586
19	0.01324	0.01082	0.03848	0.00895	0.01323	0.00937	0.00746	0.20364	0.04836	0.05817	0.01125	0.02998	0.00892	0.00490	0.00430	0.00108	0.00435	0.00389	0.00377	0.51584
20	0.02711	0.21624	0.06262	0.03800	0.04016	0.16826	0.07476	0.09729	0.03704	0.06788	0.02124	0.05635	0.02026	0.00660	0.02449	0.00158	0.00641	0.00462	0.00323	0.02584
21	0.00805	0.00533	0.00687	0.00732	0.00825	0.00507	0.00522	0.02438	0.04246	0.07073	0.13119	0.55777	0.05616	0.01369	0.00621	0.00193	0.00310	0.03654	0.00495	0.00479
22	0.00691	0.00473	0.00571	0.00620	0.00634	0.00462	0.00382	0.00731	0.00836	0.01114	0.02083	0.33900	0.02449	0.48992	0.01780	0.00373	0.00413	0.02773	0.00373	0.00351
23	0.00606	0.00513	0.00524	0.00521	0.00688	0.00430	0.00391	0.00742	0.01173	0.01413	0.10405	0.04788	0.73557	0.01263	0.00598	0.00170	0.00255	0.01056	0.00476	0.00430
24	0.01441	0.03016	0.04410	0.01042	0.03716	0.06300	0.00836	0.28267	0.10811	0.07635	0.18266	0.02045	0.03315	0.00719	0.00517	0.00155	0.00471	0.02185	0.04146	0.00707
25	0.07155	0.00603	0.00607	0.00564	0.00730	0.00624	0.00436	0.06432	0.03141	0.05162	0.01577	0.01757	0.01218	0.00586	0.00371	0.00126	0.00281	0.00460	0.67644	0.00527
26	0.76973	0.00988	0.00746	0.00672	0.00969	0.03672	0.00548	0.01482	0.00894	0.02208	0.00774	0.00901	0.00605	0.00480	0.00321	0.00153	0.00397	0.00290	0.06385	0.00543
27	0.85801	0.00978	0.00743	0.00665	0.00978	0.01134	0.00548	0.01486	0.00861	0.02269	0.00704	0.00821	0.00548	0.00469	0.00313	0.00156	0.00391	0.00274	0.00313	0.00548
28	0.00744	0.00522	0.00662	0.00632	0.00761	0.00474	0.00472	0.00954	0.01357	0.04519	0.59754	0.09470	0.15591	0.01096	0.00597	0.00164	0.00252	0.00961	0.00540	0.00478
29	0.17769	0.01238	0.01277	0.01235	0.10138	0.07635	0.00881	0.18480	0.25316	0.08915	0.01381	0.01371	0.01022	0.00582	0.00467	0.00157	0.00499	0.00450	0.00433	0.00753
30	0.02054	0.00928	0.01186	0.00925	0.01301	0.00863	0.00758	0.10112	0.08396	0.59693	0.04397	0.01730	0.01337	0.00635	0.00507	0.00155	0.00433	0.00515	0.00591	0.03484
31	0.00626	0.00475	0.00577	0.00632	0.00721	0.00426	0.00443	0.00750	0.01099	0.01429	0.15305	0.44964	0.27925	0.01401	0.00622	0.00187	0.00273	0.01237	0.00483	0.00426
32	0.03507	0.00898	0.01049	0.06629	0.01331	0.00953	0.00752	0.05547	0.31600	0.18595	0.06215	0.02470	0.13589	0.00790	0.00532	0.00169	0.00406	0.03759	0.00505	0.00704
33	0.00966	0.00919	0.01553	0.68535	0.03184	0.01140	0.04642	0.01285	0.00994	0.01296	0.00906	0.01358	0.00702	0.00666	0.03914	0.00199	0.06491	0.00459	0.00228	0.00562
34	0.01746	0.01535	0.01422	0.01170	0.01493	0.32627	0.08565	0.06361	0.03258	0.22419	0.09449	0.01524	0.01297	0.00596	0.00500	0.00144	0.00650	0.00477	0.00411	0.04356
35	0.01113	0.00596	0.00782	0.00747	0.00907	0.00542	0.00553	0.03139	0.01227	0.22613	0.16654	0.40301	0.06408	0.01185	0.00594	0.00181	0.00325	0.01049	0.00529	0.00557
36	0.04469	0.00668	0.00821	0.00799	0.00987	0.00636	0.00627	0.03869	0.05398	0.12126	0.03914	0.27535	0.09596	0.01141	0.00585	0.00184	0.00373	0.18044	0.00474	0.07752
37	0.01216	0.05141	0.33219	0.01184	0.01670	0.01258	0.01239	0.09428	0.33425	0.01963	0.01436	0.01442	0.01063	0.00580	0.00486	0.00160	0.00557	0.00463	0.03301	0.00767
38	0.21627	0.02641	0.00823	0.00705	0.00917	0.03510	0.03699	0.06744	0.02553	0.01959	0.01549	0.07860	0.04345	0.00656	0.00403	0.00142	0.00361	0.00519	0.38452	0.00534
39	0.03916	0.03913	0.07622	0.05035	0.04647	0.01221	0.31170	0.04764	0.04292	0.09499	0.01197	0.06493	0.00980	0.00614	0.00702	0.00174	0.12202	0.00565	0.00319	0.00675
40	0.01492	0.01235	0.01222	0.01038	0.01334	0.09569	0.00825	0.35048	0.17160	0.02332	0.01680	0.09994	0.03134	0.00769	0.00521	0.00161	0.00507	0.05088	0.03281	0.03610
41	0.04005	0.00897	0.01052	0.00763	0.01201	0.00697	0.00613	0.01413	0.01087	0.10315	0.01014	0.01116	0.00798	0.00406	0.00387	0.00087	0.00381	0.00322	0.00336	0.73109

[dist]
# distance from previous block
# <min> <max>
0	1

[block]
# block no. 7 follows, 49 sequences, length 21
# corresponding to MSA columns:
# 593-613
name=unknown_H
#
# <colnr> <probs for GDERKNQSTAVLIFYWHMCP>
#	G	D	E	R	K	N	Q	S	T	A	V	L	I	F	Y	W	H	M	C	P
0	0.01274	0.00966	0.01496	0.32312	0.12485	0.01058	0.05080	0.04583	0.06533	0.14779	0.04081	0.01715	0.03423	0.00609	0.00570	0.00166	0.04085	0.02369	0.00355	0.02061
1	0.00778	0.00572	0.00674	0.00691	0.00855	0.00525	0.00559	0.00999	0.04057	0.05146	0.09715	0.04788	0.42864	0.01246	0.00622	0.00189	0.00334	0.24426	0.00484	0.00477
2	0.01601	0.00813	0.01002	0.00827	0.01128	0.00767	0.00663	0.05835	0.12323	0.40202	0.13072	0.02553	0.15376	0.00804	0.00537	0.00161	0.00376	0.00669	0.00567	0.00723
3	0.01014	0.02616	0.79609	0.01441	0.02189	0.01174	0.01868	0.01601	0.01068	0.01601	0.00907	0.01068	0.00641	0.00480	0.00480	0.00160	0.00747	0.00374	0.00214	0.00747
4	0.01924	0.01144	0.01308	0.01012	0.01391	0.01186	0.00832	0.43410	0.03749	0.27938	0.01511	0.01438	0.01032	0.00607	0.00492	0.00149	0.00483	0.00472	0.06539	0.03382
5	0.00718	0.00534	0.00668	0.00709	0.00806	0.00511	0.00516	0.03005	0.04525	0.01589	0.21879	0.41566	0.12605	0.01330	0.00622	0.00189	0.00301	0.06972	0.00494	0.00463
6	0.00815	0.00527	0.00614	0.00599	0.00723	0.00505	0.00445	0.04042	0.01257	0.01864	0.32632	0.13571	0.10523	0.00966	0.00519	0.00152	0.00259	0.00833	0.28678	0.00477
7	0.85801	0.00978	0.00743	0.00665	0.00978	0.01134	0.00548	0.01486	0.00861	0.02269	0.00704	0.00821	0.00548	0.00469	0.00313	0.00156	0.00391	0.00274	0.00313	0.00548
8	0.00828	0.00590	0.00734	0.00669	0.00826	0.00555	0.00509	0.03717	0.04240	0.04023	0.62380	0.03486	0.08510	0.00976	0.00574	0.00156	0.00266	0.00852	0.02545	0.03565
9	0.00623	0.00445	0.00595	0.00712	0.00745	0.00417	0.00482	0.00716	0.00975	0.01299	0.02783	0.79152	0.03329	0.01577	0.00647	0.00206	0.00300	0.04114	0.00469	0.00413
10	0.00620	0.00447	0.00588	0.00692	0.00732	0.00415	0.00466	0.00718	0.01000	0.01332	0.06830	0.74491	0.06711	0.01542	0.00641	0.00201	0.00289	0.01394	0.00474	0.00415
11	0.00915	0.00786	0.01200	0.19574	0.12405	0.00923	0.00950	0.01096	0.00913	0.01284	0.01261	0.10938	0.01247	0.09056	0.15743	0.03449	0.13956	0.00607	0.03182	0.00516
12	0.00743	0.00524	0.00673	0.00755	0.00826	0.00513	0.00531	0.00971	0.08384	0.03887	0.02685	0.66991	0.03078	0.01456	0.00632	0.00202	0.00319	0.05884	0.00479	0.00466
13	0.00689	0.00465	0.00623	0.00721	0.00771	0.00434	0.00497	0.00794	0.01012	0.04142	0.05395	0.72347	0.03296	0.01521	0.00642	0.00203	0.00305	0.05234	0.00478	0.00432
14	0.06742	0.13350	0.11519	0.01182	0.01546	0.43707	0.01030	0.09074	0.01378	0.03066	0.00865	0.00977	0.00689	0.00512	0.00436	0.00135	0.00750	0.00340	0.02059	0.00642
15	0.01324	0.13943	0.03651	0.12289	0.11267	0.20678	0.01010	0.04203	0.06506	0.01375	0.00965	0.01279	0.00829	0.04271	0.01901	0.09816	0.03423	0.00410	0.00269	0.00591
16	0.01049	0.00899	0.01049	0.00749	0.01198	0.00674	0.00599	0.01273	0.01049	0.01648	0.00899	0.01049	0.00749	0.00374	0.00374	0.00075	0.00374	0.00300	0.00300	0.85320
17	0.01164	0.19208	0.27593	0.01296	0.05237	0.01290	0.08916	0.07107	0.03672	0.02948	0.07221	0.03688	0.03446	0.00609	0.00516	0.00154	0.02725	0.02225	0.00305	0.00683
18	0.01343	0.01128	0.01191	0.01046	0.01347	0.01297	0.00821	0.12231	0.68479	0.02252	0.01950	0.01801	0.01456	0.00676	0.00513	0.00169	0.00420	0.00557	0.00513	0.00808
19	0.00955	0.00899	0.01517	0.81013	0.03483	0.01123	0.01404	0.01292	0.01011	0.01292	0.00899	0.01348	0.00674	0.00506	0.00506	0.00169	0.00674	0.00449	0.00225	0.00562
20	0.04780	0.02842	0.03390	0.07025	0.06160	0.18689	0.01010	0.28273	0.04588	0.08932	0.02972	0.01259	0.00918	0.00595	0.00568	0.00154	0.06298	0.00434	0.00390	0.00724

[dist]
# distance from previous block
# <min> <max>
0	2

[block]
# block no. 8 follows, 49 sequences, length 10
# corresponding to MSA columns:
# 616-622,626-628
name=unknown_I
#
# <colnr> <probs for GDERKNQSTAVLIFYWHMCP>
#	G	D	E	R	K	N	Q	S	T	A	V	L	I	F	Y	W	H	M	C	P
0	0.23034	0.02589	0.01315	0.15748	0.07859	0.01227	0.00951	0.18838	0.03615	0.10288	0.03216	0.01270	0.00893	0.00574	0.00540	0.00161	0.06401	0.00425	0.00373	0.00682
1	0.00663	0.00506	0.00588	0.00582	0.00700	0.00453	0.00419	0.00816	0.01199	0.01577	0.33816	0.10473	0.34069	0.10902	0.00838	0.00207	0.00280	0.00997	0.00485	0.00431
2	0.01472	0.47853	0.02126	0.08358	0.01558	0.07005	0.00928	0.19371	0.01372	0.01695	0.00878	0.00997	0.00722	0.00491	0.00394	0.00126	0.00572	0.00341	0.03061	0.00681
3	0.00640	0.00450	0.00580	0.00674	0.00697	0.00427	0.00437	0.00710	0.00922	0.01229	0.02549	0.66227	0.03044	0.17666	0.01030	0.00262	0.00333	0.01298	0.00437	0.00390
4	0.11207	0.07695	0.02842	0.01140	0.01374	0.01132	0.14561	0.04441	0.08059	0.01595	0.01425	0.13728	0.01409	0.07299	0.00878	0.00206	0.14121	0.05975	0.00337	0.00575
5	0.01081	0.00708	0.00926	0.00781	0.00983	0.00725	0.09656	0.09183	0.04901	0.01973	0.01538	0.01757	0.01198	0.00696	0.03394	0.00156	0.00392	0.00492	0.58907	0.00552
6	0.00696	0.00473	0.00596	0.00659	0.00707	0.00443	0.00435	0.00777	0.00966	0.03562	0.06607	0.52548	0.08137	0.19678	0.01070	0.00263	0.00336	0.01200	0.00442	0.00405
7	0.01950	0.01003	0.01142	0.00924	0.01262	0.08037	0.00744	0.04627	0.09579	0.53062	0.07974	0.01818	0.01497	0.00653	0.00506	0.00154	0.00453	0.00528	0.03300	0.00786
8	0.07664	0.01063	0.04501	0.00960	0.01353	0.00977	0.00819	0.20446	0.01617	0.49396	0.04781	0.01594	0.01226	0.00621	0.00497	0.00156	0.00464	0.00491	0.00556	0.00819
9	0.01218	0.01020	0.01195	0.00895	0.01282	0.00945	0.00727	0.15384	0.01262	0.01882	0.00929	0.01086	0.00759	0.00479	0.00553	0.00107	0.10101	0.00346	0.00328	0.59503

[dist]
# distance from previous block
# <min> <max>
0	1

[block]
# block no. 9 follows, 49 sequences, length 8
# corresponding to MSA columns:
# 630-637
name=unknown_J
#
# <colnr> <probs for GDERKNQSTAVLIFYWHMCP>
#	G	D	E	R	K	N	Q	S	T	A	V	L	I	F	Y	W	H	M	C	P
0	0.00725	0.00531	0.00756	0.00756	0.00826	0.00601	0.00561	0.00866	0.00796	0.01132	0.01407	0.02276	0.01390	0.20962	0.63227	0.00742	0.01165	0.00584	0.00279	0.00420
1	0.00981	0.00607	0.00648	0.00632	0.00788	0.00627	0.00497	0.04937	0.10258	0.01884	0.02099	0.02591	0.08008	0.00763	0.00444	0.00145	0.00301	0.10134	0.53131	0.00524
2	0.01227	0.52893	0.31192	0.01079	0.01628	0.01694	0.01237	0.01547	0.01042	0.01342	0.00779	0.00906	0.00646	0.00450	0.00382	0.00127	0.00617	0.00309	0.00215	0.00685
3	0.06483	0.00556	0.00671	0.05728	0.00878	0.00555	0.00474	0.00844	0.00872	0.01250	0.01906	0.33280	0.02190	0.35045	0.01402	0.00310	0.00412	0.00930	0.00364	0.05849
4	0.12309	0.01267	0.06584	0.01356	0.07897	0.05342	0.03101	0.06404	0.09271	0.01650	0.00935	0.01198	0.00789	0.00804	0.03886	0.00209	0.35643	0.00433	0.00290	0.00634
5	0.01148	0.00864	0.01000	0.00859	0.01085	0.00906	0.00659	0.22479	0.07770	0.01881	0.01477	0.08579	0.01372	0.14711	0.18389	0.00347	0.00652	0.00591	0.02658	0.12573
6	0.01121	0.01180	0.07940	0.20074	0.10549	0.07674	0.06228	0.06576	0.07348	0.03113	0.03580	0.10913	0.08361	0.00792	0.02177	0.00179	0.00591	0.00637	0.00341	0.00625
7	0.14873	0.01279	0.01309	0.01131	0.04188	0.12537	0.03854	0.23745	0.01460	0.05772	0.01176	0.09432	0.01022	0.00665	0.00576	0.00155	0.07692	0.00502	0.00379	0.08253

[dist]
# distance from previous block
# <min> <max>
1	18

[block]
# block no. 10 follows, 49 sequences, length 28
# corresponding to MSA columns:
# 660-687
name=unknown_K
#
# <colnr> <probs for GDERKNQSTAVLIFYWHMCP>
#	G	D	E	R	K	N	Q	S	T	A	V	L	I	F	Y	W	H	M	C	P
0	0.05878	0.11217	0.40217	0.05912	0.05345	0.12702	0.04997	0.05252	0.01174	0.01600	0.00877	0.01048	0.00663	0.00484	0.00459	0.00150	0.00714	0.00372	0.00244	0.00696
1	0.07490	0.01074	0.09427	0.02219	0.01425	0.00958	0.11794	0.12341	0.10093	0.01849	0.03971	0.26626	0.01888	0.00931	0.00561	0.00180	0.00494	0.05658	0.00409	0.00612
2	0.01059	0.00928	0.01471	0.53268	0.04709	0.01124	0.03371	0.01474	0.08896	0.05118	0.01088	0.01444	0.00836	0.00780	0.06060	0.00216	0.06805	0.00475	0.00278	0.00602
3	0.06533	0.00527	0.00625	0.00635	0.00698	0.00538	0.00427	0.00835	0.00907	0.01307	0.12010	0.16647	0.05911	0.36331	0.13527	0.00409	0.00537	0.00835	0.00370	0.00391
4	0.01535	0.01364	0.10936	0.11636	0.03337	0.12019	0.01041	0.02115	0.21608	0.22831	0.01493	0.01502	0.01069	0.00663	0.02197	0.00174	0.02856	0.00473	0.00416	0.00735
5	0.01513	0.00785	0.00940	0.00790	0.01028	0.00788	0.00620	0.14653	0.06610	0.24883	0.01561	0.01657	0.01147	0.00827	0.00739	0.15988	0.00397	0.00480	0.23965	0.00629
6	0.03527	0.01188	0.01292	0.01010	0.01366	0.01283	0.00829	0.54443	0.02022	0.12358	0.01369	0.01376	0.00971	0.00604	0.00478	0.00147	0.00486	0.00461	0.13999	0.00792
7	0.01104	0.01023	0.01582	0.32196	0.25121	0.01195	0.01277	0.01536	0.11155	0.01524	0.01068	0.01381	0.00853	0.00572	0.00665	0.00169	0.12220	0.00466	0.04237	0.00658
8	0.06590	0.00591	0.00719	0.00759	0.00848	0.00618	0.00544	0.01058	0.11104	0.01485	0.08035	0.46948	0.02675	0.01376	0.02027	0.08254	0.02516	0.02951	0.00438	0.00464
9	0.02009	0.00829	0.01097	0.00867	0.01215	0.00744	0.00707	0.02294	0.06685	0.64088	0.08347	0.01910	0.01565	0.00662	0.00509	0.00156	0.00403	0.00545	0.04561	0.00806
10	0.00632	0.00452	0.00604	0.00713	0.00752	0.00423	0.00489	0.00735	0.01001	0.01338	0.06417	0.73938	0.03389	0.01548	0.00646	0.00205	0.00300	0.05528	0.00473	0.00417
11	0.00632	0.00459	0.00597	0.00677	0.00734	0.00424	0.00464	0.00750	0.01065	0.01428	0.16550	0.62090	0.09333	0.01463	0.00633	0.00194	0.00281	0.01316	0.00485	0.00424
12	0.01679	0.01206	0.01284	0.01017	0.01357	0.01329	0.00830	0.56716	0.07925	0.02849	0.01364	0.01397	0.00998	0.00610	0.00477	0.00147	0.00482	0.00467	0.17088	0.00779
13	0.00650	0.00491	0.00601	0.00623	0.00728	0.00442	0.00448	0.00809	0.01204	0.01603	0.33459	0.29091	0.25451	0.01280	0.00612	0.00177	0.00261	0.01125	0.00504	0.00442
14	0.00616	0.00440	0.00587	0.00704	0.00733	0.00411	0.00469	0.00704	0.00968	0.01291	0.02787	0.81899	0.03344	0.01584	0.00645	0.00205	0.00293	0.01438	0.00469	0.00411
15	0.00968	0.00912	0.01540	0.77620	0.06775	0.01127	0.01411	0.01303	0.01017	0.01308	0.00901	0.01344	0.00680	0.00503	0.00505	0.00168	0.00671	0.00449	0.00226	0.00572
16	0.01922	0.01416	0.01518	0.01163	0.01568	0.01568	0.00961	0.77388	0.02378	0.03187	0.01214	0.01214	0.00860	0.00607	0.00506	0.00152	0.00556	0.00455	0.00506	0.00860
17	0.00833	0.00466	0.00688	0.00688	0.00709	0.00487	0.00476	0.00720	0.00699	0.00953	0.01034	0.01754	0.01029	0.07350	0.20191	0.60269	0.00655	0.00482	0.00237	0.00279
18	0.01329	0.01023	0.01136	0.00899	0.01270	0.00998	0.00719	0.18129	0.20763	0.06951	0.01684	0.01660	0.07597	0.00595	0.00465	0.00129	0.00414	0.00480	0.00433	0.33326
19	0.85801	0.00978	0.00743	0.00665	0.00978	0.01134	0.00548	0.01486	0.00861	0.02269	0.00704	0.00821	0.00548	0.00469	0.00313	0.00156	0.00391	0.00274	0.00313	0.00548
20	0.00768	0.00579	0.00690	0.00686	0.00826	0.00555	0.00514	0.01089	0.10381	0.03299	0.30213	0.19004	0.23052	0.01174	0.00600	0.00176	0.00289	0.05098	0.00509	0.00497
