[name]
unknown

[dist]
# distance from previous block
# <min> <max>
0	40

[block]
# block no. 0 follows, 50 sequences, length 40
# corresponding to MSA columns:
# 43-82
name=unknown_A
#
# <colnr> <probs for GDERKNQSTAVLIFYWHMCP>
#	G	D	E	R	K	N	Q	S	T	A	V	L	I	F	Y	W	H	M	C	P
0	0.00964	0.00885	0.00838	0.00848	0.00964	0.16559	0.01829	0.01099	0.01131	0.03658	0.11312	0.34135	0.04381	0.07644	0.00746	0.00206	0.00456	0.11462	0.00419	0.00464
1	0.01299	0.01353	0.06138	0.11855	0.49344	0.08845	0.01400	0.07589	0.04314	0.01681	0.00977	0.01225	0.00785	0.00480	0.00490	0.00150	0.00627	0.00433	0.00273	0.00743
2	0.04489	0.01055	0.01562	0.19075	0.37617	0.05085	0.01228	0.01464	0.06286	0.01508	0.01049	0.01384	0.00872	0.01029	0.13929	0.00262	0.00726	0.00454	0.00265	0.00661
3	0.05826	0.05021	0.14596	0.08854	0.01751	0.26692	0.01095	0.15736	0.08864	0.05362	0.01049	0.01141	0.00787	0.00535	0.00463	0.00146	0.00674	0.00391	0.00331	0.00685
4	0.01079	0.01011	0.01541	0.33611	0.18294	0.02780	0.02459	0.04008	0.04138	0.01454	0.01086	0.01696	0.00949	0.00690	0.01794	0.00185	0.14653	0.07689	0.00272	0.00612
5	0.01482	0.01012	0.01273	0.01046	0.01323	0.01092	0.04331	0.30974	0.01577	0.15196	0.01722	0.03403	0.06782	0.01129	0.10100	0.00245	0.08407	0.07772	0.00446	0.00688
6	0.00976	0.00938	0.01439	0.64224	0.08217	0.05059	0.01285	0.01272	0.01023	0.01295	0.01062	0.09045	0.00924	0.00597	0.00509	0.00166	0.00635	0.00530	0.00248	0.00557
7	0.00950	0.01052	0.09008	0.72022	0.03268	0.01121	0.01422	0.01301	0.00997	0.01301	0.00882	0.01298	0.00661	0.00504	0.00519	0.00166	0.02301	0.00436	0.00220	0.00571
8	0.00941	0.00886	0.01495	0.81285	0.03433	0.01107	0.01384	0.01274	0.00997	0.01274	0.00886	0.01329	0.00664	0.00498	0.00498	0.00166	0.00664	0.00443	0.00221	0.00554
9	0.00617	0.00451	0.00580	0.00664	0.00720	0.00414	0.00454	0.00726	0.01030	0.01367	0.12085	0.63798	0.12335	0.01462	0.00625	0.00193	0.00278	0.01313	0.00473	0.00414
10	0.02155	0.01019	0.01190	0.00937	0.01307	0.08416	0.00763	0.04671	0.04137	0.67178	0.01831	0.01611	0.01176	0.00609	0.00496	0.00152	0.00472	0.00485	0.00575	0.00820
11	0.02236	0.00848	0.01157	0.00887	0.01272	0.00733	0.00733	0.02429	0.01427	0.79719	0.01966	0.01697	0.01234	0.00617	0.00501	0.00154	0.00424	0.00501	0.00617	0.00848
12	0.00633	0.00480	0.00577	0.00607	0.00706	0.00431	0.00431	0.00771	0.01135	0.01490	0.24863	0.31692	0.28872	0.04147	0.00674	0.00188	0.00269	0.01127	0.00481	0.00425
13	0.01594	0.01309	0.01296	0.01085	0.01413	0.08925	0.00863	0.31118	0.38615	0.05957	0.01589	0.01508	0.01168	0.00628	0.00498	0.00157	0.00503	0.00494	0.00485	0.00794
14	0.00725	0.00483	0.00544	0.00544	0.00544	0.00483	0.00302	0.00725	0.00725	0.00966	0.01571	0.03262	0.01812	0.82483	0.02537	0.00483	0.00483	0.00725	0.00302	0.00302
15	0.00607	0.00434	0.00578	0.00694	0.00723	0.00405	0.00463	0.00694	0.00954	0.01272	0.02747	0.82157	0.03297	0.01562	0.00636	0.00202	0.00289	0.01417	0.00463	0.00405
16	0.01744	0.01318	0.01462	0.08813	0.01704	0.01476	0.00975	0.63605	0.09094	0.02867	0.01242	0.01269	0.00891	0.00596	0.00499	0.00153	0.00546	0.00459	0.00473	0.00814
17	0.01864	0.02309	0.01418	0.01275	0.01541	0.75140	0.00962	0.07115	0.01476	0.01350	0.00799	0.00919	0.00656	0.00519	0.00453	0.00130	0.00875	0.00330	0.00273	0.00596
18	0.00589	0.00505	0.00505	0.00505	0.00673	0.00421	0.00379	0.00715	0.01136	0.01347	0.05049	0.04797	0.79171	0.01262	0.00589	0.00168	0.00252	0.01052	0.00463	0.00421
19	0.01895	0.01396	0.01496	0.01147	0.01546	0.01546	0.00947	0.77711	0.02344	0.03141	0.01197	0.01197	0.00848	0.00598	0.00499	0.00150	0.00548	0.00449	0.00499	0.00848
20	0.00616	0.00440	0.00589	0.00704	0.00737	0.00413	0.00478	0.00710	0.00963	0.01282	0.02742	0.78654	0.03277	0.01553	0.00639	0.00204	0.00297	0.04831	0.00463	0.00407
21	0.01333	0.82783	0.02612	0.00853	0.01279	0.01972	0.00853	0.01493	0.01013	0.01173	0.00693	0.00800	0.00640	0.00426	0.00320	0.00107	0.00533	0.00267	0.00213	0.00640
22	0.86003	0.00964	0.00733	0.00655	0.00964	0.01118	0.00540	0.01465	0.00848	0.02236	0.00694	0.00810	0.00540	0.00463	0.00308	0.00154	0.00386	0.00270	0.00308	0.00540
23	0.01581	0.01346	0.01389	0.01270	0.08019	0.08959	0.00936	0.34822	0.31770	0.02419	0.01458	0.01429	0.01085	0.00608	0.00497	0.00155	0.00526	0.00481	0.00458	0.00794
24	0.01000	0.01077	0.08786	0.01122	0.01239	0.01191	0.00979	0.01168	0.00835	0.01284	0.00933	0.01510	0.00900	0.07851	0.07738	0.00267	0.48561	0.02739	0.04541	0.06280
25	0.01108	0.01102	0.01610	0.56210	0.16950	0.08738	0.02817	0.03043	0.01094	0.01379	0.00893	0.01268	0.00691	0.00491	0.00494	0.00159	0.00675	0.00434	0.00236	0.00607
26	0.01304	0.62727	0.04724	0.00867	0.01255	0.05723	0.00838	0.01567	0.06279	0.01316	0.00883	0.00986	0.00760	0.00464	0.00347	0.00114	0.00520	0.00312	0.08382	0.00633
27	0.01135	0.01142	0.08633	0.01050	0.03807	0.01106	0.00859	0.02220	0.55390	0.01943	0.05928	0.02012	0.06787	0.00690	0.00506	0.00162	0.00415	0.00577	0.00458	0.05179
28	0.01319	0.01632	0.18751	0.08497	0.31367	0.15632	0.01361	0.01650	0.02165	0.06796	0.01083	0.01267	0.02802	0.00502	0.00481	0.00147	0.00657	0.00422	0.00274	0.03196
29	0.00857	0.00585	0.00820	0.00997	0.11390	0.00565	0.00599	0.00950	0.00945	0.06539	0.02035	0.36230	0.02276	0.23505	0.01191	0.04174	0.00408	0.05093	0.00388	0.00453
30	0.19254	0.03391	0.00887	0.00721	0.00956	0.00811	0.00566	0.08636	0.01233	0.18551	0.15522	0.05268	0.03535	0.10378	0.00705	0.00191	0.00378	0.00584	0.07851	0.00583
31	0.01008	0.00885	0.08557	0.00961	0.02672	0.00719	0.06081	0.01309	0.06828	0.11189	0.10916	0.29285	0.04242	0.02728	0.00630	0.00176	0.02862	0.00856	0.00427	0.07667
32	0.00910	0.00646	0.00833	0.00823	0.02952	0.00633	0.02804	0.06230	0.07194	0.06890	0.15159	0.33161	0.10479	0.08004	0.00750	0.00203	0.00352	0.00994	0.00468	0.00516
33	0.02774	0.03602	0.01140	0.01009	0.06424	0.04968	0.00745	0.18454	0.04558	0.03426	0.11545	0.03528	0.11741	0.03070	0.01932	0.00167	0.03126	0.04034	0.00409	0.13347
34	0.10467	0.05166	0.04894	0.22959	0.06182	0.03569	0.01993	0.04200	0.01065	0.03830	0.01383	0.09189	0.06392	0.00670	0.00552	0.00157	0.06328	0.00537	0.04145	0.06323
35	0.04002	0.02449	0.01590	0.09268	0.18186	0.26302	0.06243	0.14529	0.01414	0.04009	0.01167	0.01324	0.04672	0.00545	0.00482	0.00145	0.00670	0.00441	0.01893	0.00670
36	0.25106	0.01226	0.09464	0.03176	0.07356	0.06045	0.00877	0.14376	0.05082	0.06022	0.01241	0.10250	0.01064	0.00636	0.00446	0.00155	0.00490	0.00497	0.04611	0.01881
37	0.05575	0.02859	0.06480	0.10743	0.02793	0.04946	0.00870	0.06088	0.05453	0.18908	0.07149	0.04344	0.06542	0.00768	0.03106	0.00173	0.04216	0.00534	0.00402	0.08049
38	0.05531	0.01129	0.06551	0.01475	0.22875	0.07704	0.00959	0.05110	0.07133	0.05296	0.05923	0.04985	0.13319	0.02855	0.00561	0.00164	0.00492	0.03594	0.01487	0.02855
39	0.05268	0.04844	0.05213	0.04377	0.06134	0.08701	0.01886	0.03455	0.06982	0.07539	0.08065	0.03411	0.09675	0.00854	0.03870	0.00188	0.14438	0.00551	0.02709	0.01837

[dist]
# distance from previous block
# <min> <max>
25	304

[block]
# block no. 1 follows, 50 sequences, length 7
# corresponding to MSA columns:
# 447-453
name=unknown_B
#
# <colnr> <probs for GDERKNQSTAVLIFYWHMCP>
#	G	D	E	R	K	N	Q	S	T	A	V	L	I	F	Y	W	H	M	C	P
0	0.05944	0.04333	0.01368	0.01197	0.07214	0.10563	0.05443	0.13233	0.11389	0.05559	0.14173	0.01738	0.02916	0.00674	0.00618	0.00157	0.09365	0.00527	0.02935	0.00654
1	0.10141	0.04456	0.01443	0.12919	0.06276	0.01130	0.07842	0.06652	0.07483	0.05600	0.04802	0.01575	0.03215	0.00619	0.00637	0.00159	0.11874	0.02824	0.00334	0.10017
2	0.04630	0.05147	0.07419	0.03532	0.21609	0.08118	0.04022	0.09390	0.04433	0.01667	0.01312	0.03466	0.05224	0.00969	0.10179	0.00228	0.02029	0.01821	0.00307	0.04496
3	0.16801	0.07357	0.01310	0.06032	0.04530	0.05538	0.00840	0.18862	0.03935	0.04042	0.03220	0.01321	0.03437	0.00730	0.04256	0.00178	0.08254	0.00420	0.00349	0.08590
4	0.11919	0.04606	0.04399	0.00939	0.01236	0.11858	0.00782	0.11157	0.11088	0.11749	0.04902	0.01591	0.05337	0.00736	0.03254	0.00171	0.04754	0.00469	0.05106	0.03945
5	0.01239	0.35152	0.12149	0.08561	0.01585	0.01398	0.04524	0.06548	0.01166	0.06380	0.06611	0.01418	0.04332	0.00559	0.00462	0.00137	0.02898	0.00429	0.03808	0.00642
6	0.11126	0.10704	0.01385	0.09039	0.01458	0.09910	0.04780	0.01576	0.09377	0.08402	0.06857	0.05835	0.01278	0.04367	0.00717	0.00176	0.11564	0.00512	0.00342	0.00596

[dist]
# distance from previous block
# <min> <max>
0	2

[block]
# block no. 2 follows, 50 sequences, length 6
# corresponding to MSA columns:
# 456-461
name=unknown_C
#
# <colnr> <probs for GDERKNQSTAVLIFYWHMCP>
#	G	D	E	R	K	N	Q	S	T	A	V	L	I	F	Y	W	H	M	C	P
0	0.01175	0.00966	0.02588	0.00853	0.01048	0.07537	0.00654	0.22848	0.01391	0.04177	0.04638	0.16563	0.11567	0.17164	0.02625	0.00241	0.02234	0.00759	0.00417	0.00554
1	0.06836	0.09609	0.05656	0.01096	0.01488	0.09272	0.04159	0.41931	0.01766	0.02361	0.01262	0.01308	0.05428	0.00577	0.00465	0.00142	0.00567	0.00436	0.00396	0.05245
2	0.06188	0.10860	0.01644	0.01131	0.01517	0.01452	0.07321	0.50837	0.01895	0.06101	0.01211	0.05425	0.00946	0.00607	0.00482	0.00149	0.00543	0.00483	0.00438	0.00769
3	0.06181	0.40369	0.11441	0.00889	0.01268	0.05237	0.00875	0.01491	0.01081	0.07514	0.07514	0.01295	0.01101	0.00741	0.05909	0.00173	0.00571	0.00384	0.05346	0.00621
4	0.10178	0.01339	0.01331	0.01058	0.01427	0.06836	0.00860	0.49394	0.11659	0.02666	0.01198	0.01209	0.00879	0.00571	0.00467	0.00145	0.00523	0.00425	0.00448	0.07387
5	0.01314	0.40272	0.21356	0.01355	0.12147	0.13094	0.01204	0.01591	0.01097	0.01341	0.00787	0.00935	0.00658	0.00453	0.00400	0.00128	0.00644	0.00324	0.00223	0.00675

[dist]
# distance from previous block
# <min> <max>
9	34

[block]
# block no. 3 follows, 50 sequences, length 11
# corresponding to MSA columns:
# 498-508
name=unknown_D
#
# <colnr> <probs for GDERKNQSTAVLIFYWHMCP>
#	G	D	E	R	K	N	Q	S	T	A	V	L	I	F	Y	W	H	M	C	P
0	0.01092	0.24793	0.58493	0.01263	0.01914	0.01383	0.01568	0.01555	0.01041	0.01466	0.00839	0.00982	0.00634	0.00461	0.00431	0.00144	0.00680	0.00340	0.00211	0.00710
1	0.05375	0.00887	0.01429	0.70741	0.03134	0.01078	0.01289	0.01376	0.01024	0.07605	0.00963	0.01332	0.00704	0.00506	0.00489	0.00165	0.00631	0.00439	0.00258	0.00577
2	0.09147	0.01040	0.07773	0.00928	0.01208	0.01011	0.00797	0.07803	0.23812	0.12483	0.01580	0.05688	0.01246	0.00895	0.06399	0.00208	0.05814	0.00523	0.10973	0.00673
3	0.17798	0.01271	0.02852	0.04526	0.07650	0.10386	0.02805	0.27748	0.04169	0.02144	0.01132	0.01514	0.00951	0.09125	0.00678	0.00188	0.00561	0.03474	0.00368	0.00659
4	0.01457	0.01282	0.07046	0.01196	0.06528	0.03680	0.00944	0.28104	0.30285	0.04595	0.04793	0.01562	0.01249	0.00673	0.00564	0.03830	0.00497	0.00502	0.00450	0.00762
5	0.12684	0.06558	0.01138	0.00896	0.01189	0.16136	0.00712	0.08008	0.15995	0.06986	0.06250	0.01859	0.12071	0.00669	0.00462	0.00145	0.00482	0.00513	0.00401	0.06845
6	0.31246	0.01231	0.01147	0.06335	0.07601	0.13606	0.00812	0.13873	0.03069	0.02038	0.06605	0.01211	0.00978	0.00531	0.00419	0.00143	0.00515	0.00387	0.00342	0.07908
7	0.01728	0.10723	0.01596	0.01126	0.01496	0.12163	0.06476	0.30455	0.09557	0.15391	0.01389	0.01374	0.03095	0.00584	0.00482	0.00146	0.00571	0.00458	0.00435	0.00756
8	0.08042	0.14312	0.37534	0.04386	0.01769	0.04001	0.01299	0.10385	0.06285	0.04273	0.01002	0.01107	0.00743	0.00502	0.00440	0.00148	0.00615	0.00375	0.02072	0.00707
9	0.08393	0.11084	0.02864	0.01012	0.06812	0.04347	0.00766	0.09409	0.05106	0.03969	0.07922	0.06396	0.07640	0.02817	0.16225	0.00286	0.03437	0.00572	0.00357	0.00585
10	0.03483	0.06540	0.09596	0.07437	0.09156	0.01160	0.02292	0.20265	0.07347	0.04534	0.01427	0.01723	0.05658	0.10679	0.02442	0.00208	0.03033	0.00507	0.01854	0.00661

[dist]
# distance from previous block
# <min> <max>
29	101

[block]
# block no. 4 follows, 50 sequences, length 6
# corresponding to MSA columns:
# 640-645
name=unknown_E
#
# <colnr> <probs for GDERKNQSTAVLIFYWHMCP>
#	G	D	E	R	K	N	Q	S	T	A	V	L	I	F	Y	W	H	M	C	P
0	0.09192	0.01017	0.06945	0.00845	0.01108	0.04853	0.00713	0.13332	0.11077	0.01936	0.13696	0.10107	0.14765	0.00860	0.00515	0.00160	0.00407	0.02537	0.03174	0.02760
1	0.05999	0.00976	0.03919	0.00915	0.01182	0.04089	0.06886	0.15186	0.01305	0.01849	0.09438	0.08534	0.11348	0.05761	0.00671	0.00170	0.03941	0.00639	0.06171	0.11022
2	0.01067	0.05680	0.14352	0.05939	0.01522	0.00965	0.09134	0.08565	0.07978	0.05399	0.06625	0.07263	0.18513	0.00773	0.00524	0.00158	0.00491	0.00666	0.00383	0.04004
3	0.10206	0.08113	0.10134	0.00952	0.01344	0.07886	0.03800	0.06341	0.04855	0.09110	0.01393	0.05436	0.06141	0.00582	0.00441	0.00133	0.00496	0.00461	0.00348	0.21828
4	0.09369	0.01542	0.20628	0.01119	0.01536	0.10965	0.06965	0.10334	0.04605	0.08015	0.04893	0.01521	0.03940	0.05096	0.00586	0.00166	0.00586	0.00463	0.00344	0.07327
5	0.01112	0.06396	0.01418	0.10101	0.05244	0.04990	0.11476	0.04993	0.04829	0.06954	0.12452	0.06972	0.09774	0.00908	0.05165	0.00193	0.01949	0.00641	0.00373	0.04061

[dist]
# distance from previous block
# <min> <max>
1	4

[block]
# block no. 5 follows, 50 sequences, length 9
# corresponding to MSA columns:
# 650-658
name=unknown_F
#
# <colnr> <probs for GDERKNQSTAVLIFYWHMCP>
#	G	D	E	R	K	N	Q	S	T	A	V	L	I	F	Y	W	H	M	C	P
0	0.05767	0.01214	0.01744	0.15740	0.48693	0.07723	0.01347	0.06213	0.01195	0.01656	0.00973	0.01338	0.00813	0.00499	0.00487	0.00152	0.00612	0.02852	0.00269	0.00712
1	0.01166	0.16077	0.44603	0.01341	0.05713	0.01271	0.06006	0.06840	0.01155	0.03474	0.00970	0.01122	0.00727	0.00481	0.00448	0.00145	0.00641	0.00384	0.06729	0.00708
2	0.00685	0.00521	0.00624	0.00635	0.00743	0.00489	0.00455	0.00911	0.05938	0.01584	0.30870	0.25190	0.21663	0.06513	0.00723	0.00194	0.00280	0.01045	0.00486	0.00449
3	0.01069	0.01022	0.01717	0.48842	0.14521	0.01189	0.09439	0.04289	0.04021	0.01458	0.00944	0.01313	0.00732	0.00521	0.00594	0.00167	0.06827	0.00463	0.00250	0.00621
4	0.00686	0.00523	0.00642	0.00660	0.00737	0.00520	0.00475	0.00796	0.00990	0.01300	0.10345	0.20917	0.22958	0.19591	0.06466	0.00295	0.04719	0.06566	0.00409	0.00407
5	0.00815	0.00628	0.00792	0.00776	0.00890	0.00659	0.00603	0.03931	0.06464	0.01633	0.25910	0.12241	0.09841	0.07955	0.04280	0.00236	0.06577	0.14833	0.00452	0.00483
6	0.02898	0.14737	0.05314	0.11496	0.17407	0.07995	0.17152	0.03495	0.01112	0.01461	0.00933	0.01276	0.00786	0.04928	0.03287	0.00185	0.01866	0.00442	0.00251	0.02979
7	0.01244	0.00971	0.01259	0.10201	0.03807	0.00942	0.04096	0.14337	0.05217	0.07552	0.04127	0.04355	0.01099	0.02836	0.00550	0.00138	0.02743	0.00464	0.00366	0.33697
8	0.01231	0.01081	0.01357	0.07870	0.06383	0.05443	0.07647	0.07108	0.25765	0.04426	0.04092	0.01869	0.01320	0.00627	0.00503	0.00152	0.00504	0.06942	0.00395	0.15286

[dist]
# distance from previous block
# <min> <max>
11	20

[block]
# block no. 6 follows, 50 sequences, length 21
# corresponding to MSA columns:
# 681-701
name=unknown_G
#
# <colnr> <probs for GDERKNQSTAVLIFYWHMCP>
#	G	D	E	R	K	N	Q	S	T	A	V	L	I	F	Y	W	H	M	C	P
0	0.00990	0.00644	0.00793	0.00726	0.00896	0.00622	0.00551	0.08646	0.04624	0.10724	0.39430	0.17860	0.09427	0.01038	0.00575	0.00166	0.00305	0.00906	0.00527	0.00547
1	0.01260	0.01002	0.01106	0.00929	0.01234	0.01046	0.00738	0.22945	0.25473	0.02167	0.05771	0.07689	0.04822	0.00737	0.00504	0.00150	0.00414	0.04446	0.00458	0.17110
2	0.05603	0.02641	0.03304	0.01111	0.04641	0.10845	0.00874	0.26836	0.13533	0.13551	0.01519	0.01565	0.04323	0.00620	0.00484	0.00149	0.00524	0.02371	0.00443	0.05062
3	0.01188	0.01220	0.01929	0.17462	0.25812	0.07970	0.18565	0.03781	0.01130	0.01500	0.01009	0.05752	0.00873	0.00566	0.00638	0.00165	0.09007	0.00520	0.00261	0.00654
4	0.12237	0.01085	0.01648	0.18027	0.28293	0.02907	0.07240	0.03346	0.01037	0.01575	0.00890	0.01224	0.00738	0.00729	0.05708	0.00205	0.11782	0.00435	0.00254	0.00641
5	0.00863	0.00622	0.00811	0.00858	0.07034	0.00591	0.00589	0.01159	0.06937	0.06853	0.42914	0.08588	0.15931	0.01008	0.00575	0.00164	0.00300	0.03167	0.00504	0.00531
6	0.01034	0.00886	0.01034	0.00738	0.01181	0.00664	0.00591	0.01255	0.01034	0.01624	0.00886	0.01034	0.00738	0.00369	0.00369	0.00074	0.00369	0.00295	0.00295	0.85530
7	0.00748	0.00478	0.00531	0.00538	0.00586	0.00467	0.00339	0.00827	0.00878	0.01265	0.05251	0.09344	0.08616	0.47494	0.01652	0.00339	0.00382	0.00758	0.19145	0.00364
8	0.00958	0.00606	0.00808	0.00775	0.00879	0.00625	0.00583	0.01096	0.01064	0.13046	0.16552	0.22956	0.03922	0.13030	0.06512	0.00271	0.09125	0.06266	0.00439	0.00490
9	0.00673	0.00525	0.00614	0.00603	0.00739	0.00478	0.00447	0.00902	0.04620	0.01674	0.39091	0.11847	0.33662	0.01153	0.00590	0.00166	0.00254	0.00997	0.00505	0.00458
10	0.00762	0.00485	0.00555	0.00555	0.00587	0.00494	0.00344	0.00825	0.00794	0.01156	0.01557	0.02860	0.01652	0.58732	0.10201	0.00446	0.00524	0.00656	0.16469	0.00348
11	0.01895	0.01396	0.01496	0.01147	0.01546	0.01546	0.00947	0.77711	0.02344	0.03141	0.01197	0.01197	0.00848	0.00598	0.00499	0.00150	0.00548	0.00449	0.00499	0.00848
12	0.01307	0.00850	0.00961	0.00832	0.01061	0.04267	0.00648	0.06675	0.14675	0.21197	0.18056	0.05440	0.11854	0.05679	0.00702	0.00182	0.03784	0.00696	0.00500	0.00634
13	0.00600	0.00486	0.00533	0.00562	0.00690	0.00419	0.00406	0.00722	0.01104	0.01363	0.08578	0.25141	0.55000	0.01328	0.00601	0.00177	0.00261	0.01140	0.00468	0.00419
14	0.01062	0.00903	0.01049	0.00752	0.01193	0.00693	0.00602	0.03742	0.01076	0.01674	0.00896	0.01039	0.00742	0.00377	0.00373	0.00076	0.00375	0.00300	0.00302	0.82775
15	0.00728	0.00547	0.00787	0.00779	0.00850	0.00634	0.00589	0.00875	0.00788	0.01128	0.01347	0.02133	0.01314	0.16143	0.65209	0.00729	0.04161	0.00561	0.00271	0.00426
16	0.01483	0.01402	0.01361	0.09335	0.07667	0.22922	0.00970	0.20723	0.04693	0.04138	0.03069	0.01338	0.00953	0.00942	0.09707	0.00224	0.05247	0.00440	0.02730	0.00654
17	0.01173	0.01122	0.01913	0.19317	0.63590	0.01168	0.01500	0.01476	0.01106	0.01555	0.00927	0.01253	0.00764	0.00455	0.00494	0.00152	0.00607	0.00444	0.00241	0.00741
18	0.28816	0.01255	0.05488	0.07303	0.01426	0.11336	0.03070	0.09098	0.15596	0.01909	0.01124	0.01366	0.00913	0.08568	0.00633	0.00187	0.00534	0.00422	0.00343	0.00614
19	0.02258	0.01011	0.01557	0.12057	0.16112	0.03870	0.14872	0.03046	0.09336	0.03305	0.05747	0.04025	0.07278	0.00794	0.03903	0.00190	0.02327	0.03780	0.02931	0.01603
20	0.09543	0.01095	0.01416	0.43222	0.08724	0.07310	0.01164	0.11555	0.03512	0.03866	0.00981	0.01264	0.00743	0.00609	0.02838	0.00177	0.00639	0.00425	0.00292	0.00624

[dist]
# distance from previous block
# <min> <max>
6	40

[block]
# block no. 7 follows, 50 sequences, length 12
# corresponding to MSA columns:
# 744-755
name=unknown_H
#
# <colnr> <probs for GDERKNQSTAVLIFYWHMCP>
#	G	D	E	R	K	N	Q	S	T	A	V	L	I	F	Y	W	H	M	C	P
0	0.01768	0.01315	0.01406	0.01094	0.01470	0.01449	0.00898	0.68452	0.05941	0.02959	0.01518	0.01492	0.06602	0.00651	0.00506	0.00152	0.00519	0.00498	0.00496	0.00814
1	0.52285	0.01100	0.00957	0.00825	0.01143	0.04494	0.00668	0.12909	0.14461	0.05356	0.01051	0.01086	0.00785	0.00528	0.00384	0.00155	0.00434	0.00358	0.00381	0.00642
2	0.01369	0.01140	0.01499	0.01140	0.01544	0.01130	0.13506	0.22359	0.18350	0.04308	0.01270	0.01328	0.00956	0.00514	0.00474	0.00133	0.00503	0.00450	0.00398	0.27630
3	0.00941	0.00886	0.01495	0.81285	0.03433	0.01107	0.01384	0.01274	0.00997	0.01274	0.00886	0.01329	0.00664	0.00498	0.00498	0.00166	0.00664	0.00443	0.00221	0.00554
4	0.01034	0.00886	0.01034	0.00738	0.01181	0.00664	0.00591	0.01255	0.01034	0.01624	0.00886	0.01034	0.00738	0.00369	0.00369	0.00074	0.00369	0.00295	0.00295	0.85530
5	0.00629	0.00449	0.00603	0.00719	0.00757	0.00423	0.00500	0.00731	0.00975	0.01296	0.02735	0.73797	0.03250	0.01541	0.00642	0.00205	0.00308	0.09566	0.00462	0.00411
6	0.01895	0.01396	0.01496	0.01147	0.01546	0.01546	0.00947	0.77711	0.02344	0.03141	0.01197	0.01197	0.00848	0.00598	0.00499	0.00150	0.00548	0.00449	0.00499	0.00848
7	0.01928	0.01060	0.01259	0.00977	0.01342	0.01071	0.00803	0.36077	0.01837	0.37477	0.09425	0.01677	0.01411	0.00649	0.00509	0.00152	0.00461	0.00518	0.00557	0.00810
8	0.00787	0.00676	0.00641	0.00613	0.00792	0.06187	0.00462	0.03414	0.01222	0.03990	0.10989	0.07420	0.58706	0.01157	0.00575	0.00165	0.00314	0.00964	0.00462	0.00464
9	0.20956	0.04186	0.01243	0.01068	0.01355	0.45380	0.00827	0.01960	0.09136	0.08060	0.00979	0.01040	0.00758	0.00525	0.00424	0.00140	0.00680	0.00347	0.00323	0.00615
10	0.01289	0.72277	0.12736	0.00927	0.01394	0.01866	0.00982	0.01504	0.01018	0.01226	0.00719	0.00833	0.00639	0.00433	0.00340	0.00113	0.00560	0.00280	0.00213	0.00652
11	0.14728	0.01532	0.01144	0.01015	0.01287	0.36120	0.00781	0.05306	0.06015	0.14827	0.02972	0.07550	0.03363	0.00650	0.00464	0.00148	0.00613	0.00482	0.00380	0.00623

[dist]
# distance from previous block
# <min> <max>
0	4

[block]
# block no. 8 follows, 50 sequences, length 11
# corresponding to MSA columns:
# 760-770
name=unknown_I
#
# <colnr> <probs for GDERKNQSTAVLIFYWHMCP>
#	G	D	E	R	K	N	Q	S	T	A	V	L	I	F	Y	W	H	M	C	P
0	0.00910	0.00559	0.00725	0.00689	0.00823	0.00511	0.02157	0.01048	0.01122	0.13141	0.18282	0.20764	0.16573	0.15946	0.00945	0.00231	0.00347	0.04281	0.00469	0.00477
1	0.01333	0.82783	0.02612	0.00853	0.01279	0.01972	0.00853	0.01493	0.01013	0.01173	0.00693	0.00800	0.00640	0.00426	0.00320	0.00107	0.00533	0.00267	0.00213	0.00640
2	0.01286	0.00914	0.01084	0.00790	0.01220	0.00734	0.00637	0.06516	0.01184	0.14412	0.01082	0.01152	0.00826	0.00425	0.00399	0.00092	0.00390	0.00339	0.00361	0.66156
3	0.00743	0.00479	0.00569	0.00569	0.00572	0.00482	0.00333	0.00722	0.00718	0.00961	0.01466	0.02973	0.01662	0.68380	0.05705	0.11891	0.00512	0.00678	0.00289	0.00297
4	0.24544	0.37624	0.01737	0.08118	0.01389	0.03885	0.00809	0.06435	0.01074	0.04335	0.00821	0.00954	0.00671	0.00479	0.00387	0.00133	0.02447	0.00316	0.03227	0.00615
5	0.00922	0.00604	0.00758	0.00779	0.00890	0.00593	0.00562	0.11416	0.01189	0.07853	0.02468	0.62037	0.02780	0.01347	0.00608	0.00192	0.00341	0.03675	0.00480	0.00503
6	0.00619	0.00444	0.00570	0.00665	0.00700	0.00415	0.00439	0.00699	0.00940	0.01243	0.02765	0.68327	0.08049	0.10584	0.00846	0.00232	0.00308	0.01316	0.00445	0.00394
7	0.86003	0.00964	0.00733	0.00655	0.00964	0.01118	0.00540	0.01465	0.00848	0.02236	0.00694	0.00810	0.00540	0.00463	0.00308	0.00154	0.00386	0.00270	0.00308	0.00540
8	0.00609	0.00496	0.00542	0.00570	0.00707	0.00429	0.00424	0.00738	0.01110	0.01362	0.06829	0.19761	0.57498	0.01319	0.00604	0.00178	0.00272	0.05665	0.00465	0.00422
9	0.01006	0.02366	0.68831	0.07894	0.02288	0.01160	0.06483	0.01555	0.01056	0.01555	0.00901	0.01093	0.00642	0.00472	0.00483	0.00159	0.00737	0.00388	0.00214	0.00718
10	0.01034	0.00976	0.01627	0.44244	0.28393	0.01131	0.01361	0.01328	0.01013	0.01379	0.00917	0.01322	0.00744	0.00722	0.05883	0.00206	0.06414	0.00449	0.00233	0.00624

[dist]
# distance from previous block
# <min> <max>
0	1

[block]
# block no. 9 follows, 50 sequences, length 25
# corresponding to MSA columns:
# 772-796
name=unknown_J
#
# <colnr> <probs for GDERKNQSTAVLIFYWHMCP>
#	G	D	E	R	K	N	Q	S	T	A	V	L	I	F	Y	W	H	M	C	P
0	0.24536	0.01391	0.17162	0.01094	0.05512	0.06209	0.00979	0.06619	0.03951	0.26093	0.01226	0.01224	0.00847	0.00531	0.00440	0.00153	0.00524	0.00396	0.00396	0.00719
1	0.01092	0.07306	0.21711	0.11946	0.17583	0.01155	0.14692	0.03825	0.01112	0.01550	0.01067	0.07752	0.00919	0.00544	0.00498	0.00153	0.00638	0.00508	0.00261	0.05687
2	0.07416	0.36721	0.14452	0.01107	0.01547	0.09490	0.07492	0.08008	0.02615	0.01560	0.02230	0.01010	0.00750	0.00481	0.00425	0.00133	0.01924	0.00351	0.00264	0.02025
3	0.78803	0.00957	0.00797	0.07481	0.01173	0.01117	0.00611	0.01449	0.00861	0.02155	0.00710	0.00854	0.00550	0.00466	0.00325	0.00155	0.00409	0.00285	0.00301	0.00541
4	0.01144	0.01414	0.09358	0.01989	0.02495	0.01220	0.67634	0.01569	0.01165	0.01590	0.01074	0.01516	0.00843	0.00469	0.00583	0.00170	0.00814	0.04028	0.00258	0.00668
5	0.01047	0.14727	0.62330	0.01342	0.02000	0.01264	0.04965	0.01540	0.01049	0.01508	0.00924	0.03459	0.00718	0.00497	0.00460	0.00152	0.00697	0.00394	0.00220	0.00709
6	0.00755	0.02700	0.00696	0.00657	0.02043	0.07262	0.00482	0.00902	0.01188	0.01445	0.18073	0.06894	0.49123	0.03720	0.00634	0.00173	0.00328	0.02028	0.00447	0.00451
7	0.01895	0.01396	0.01496	0.01147	0.01546	0.01546	0.00947	0.77711	0.02344	0.03141	0.01197	0.01197	0.00848	0.00598	0.00499	0.00150	0.00548	0.00449	0.00499	0.00848
8	0.00712	0.00534	0.00801	0.00801	0.00890	0.00623	0.00623	0.00890	0.00801	0.01157	0.01335	0.01958	0.01246	0.03738	0.80507	0.00801	0.01335	0.00534	0.00267	0.00445
9	0.52470	0.01081	0.02514	0.06915	0.01331	0.01190	0.00737	0.19207	0.01251	0.07859	0.00919	0.01006	0.00672	0.00508	0.00384	0.00154	0.00454	0.00343	0.00366	0.00638
10	0.01065	0.01119	0.04210	0.06869	0.17524	0.01160	0.26862	0.01356	0.01007	0.01427	0.00981	0.01383	0.00828	0.01142	0.15885	0.00293	0.15515	0.00506	0.00245	0.00624
11	0.00622	0.00445	0.00596	0.00696	0.00729	0.00427	0.00469	0.00712	0.00931	0.01249	0.02574	0.71751	0.03055	0.05456	0.07485	0.00266	0.00387	0.01311	0.00439	0.00404
12	0.00607	0.00434	0.00578	0.00694	0.00723	0.00405	0.00463	0.00694	0.00954	0.01272	0.02747	0.82157	0.03297	0.01562	0.00636	0.00202	0.00289	0.01417	0.00463	0.00405
13	0.00939	0.00691	0.04199	0.00698	0.00905	0.00587	0.00569	0.01253	0.07693	0.12284	0.40256	0.03450	0.22578	0.00974	0.00565	0.00160	0.00300	0.00834	0.00518	0.00547
14	0.01034	0.00886	0.01034	0.00738	0.01181	0.00664	0.00591	0.01255	0.01034	0.01624	0.00886	0.01034	0.00738	0.00369	0.00369	0.00074	0.00369	0.00295	0.00295	0.85530
15	0.01821	0.01359	0.01454	0.01132	0.01518	0.01511	0.00929	0.69228	0.10948	0.03022	0.01291	0.01272	0.00924	0.00607	0.00500	0.00152	0.00531	0.00462	0.00500	0.00841
16	0.01080	0.01054	0.01657	0.49348	0.26789	0.04598	0.01396	0.01380	0.01045	0.01377	0.00885	0.01268	0.00702	0.00502	0.00555	0.00162	0.04908	0.00438	0.00231	0.00627
17	0.01217	0.01050	0.01759	0.05634	0.05129	0.04302	0.26935	0.01486	0.01137	0.12656	0.07444	0.01767	0.05461	0.00929	0.08580	0.00228	0.10052	0.00568	0.00336	0.03329
18	0.00846	0.00748	0.04864	0.00703	0.00836	0.04071	0.00542	0.03740	0.01008	0.01382	0.08834	0.05585	0.12670	0.28062	0.10119	0.00333	0.03272	0.00696	0.08939	0.02749
19	0.07342	0.01153	0.05750	0.04219	0.20370	0.01115	0.19389	0.06258	0.09249	0.01727	0.01356	0.02563	0.05060	0.05665	0.00671	0.00180	0.03329	0.00536	0.03407	0.00662
20	0.07169	0.09226	0.06124	0.26639	0.17716	0.03639	0.08539	0.01392	0.01084	0.01522	0.07527	0.02830	0.01075	0.00529	0.00478	0.00152	0.00594	0.00471	0.00269	0.03025
21	0.04143	0.15173	0.30125	0.04703	0.06574	0.01153	0.04529	0.05356	0.01083	0.01529	0.03078	0.10716	0.01171	0.07801	0.00653	0.00183	0.00586	0.00536	0.00280	0.00629
22	0.08342	0.01318	0.10887	0.23940	0.22391	0.03978	0.13758	0.04395	0.03313	0.01627	0.00944	0.01226	0.00728	0.00475	0.00491	0.00158	0.00655	0.00443	0.00259	0.00673
23	0.07957	0.03461	0.06268	0.06955	0.34815	0.01116	0.04545	0.01461	0.01042	0.06749	0.00999	0.01287	0.00818	0.00887	0.10093	0.00232	0.07524	0.00437	0.00273	0.03082
24	0.14866	0.00959	0.01186	0.12957	0.15179	0.04418	0.00910	0.07553	0.03454	0.01706	0.02593	0.13739	0.04662	0.01673	0.00556	0.00167	0.03235	0.04786	0.00342	0.05057

[dist]
# distance from previous block
# <min> <max>
31	88

[block]
# block no. 10 follows, 50 sequences, length 74
# corresponding to MSA columns:
# 1105-1131,1158-1180,1198-1201,1206-1214,1216-1226
name=unknown_K
#
# <colnr> <probs for GDERKNQSTAVLIFYWHMCP>
#	G	D	E	R	K	N	Q	S	T	A	V	L	I	F	Y	W	H	M	C	P
0	0.01061	0.01219	0.08890	0.01517	0.01902	0.01074	0.38487	0.04131	0.01154	0.01612	0.07551	0.07698	0.04330	0.00640	0.00665	0.00165	0.08795	0.00629	0.00306	0.08174
1	0.00713	0.00532	0.00789	0.00789	0.00874	0.00616	0.00608	0.00882	0.00797	0.01148	0.01346	0.02020	0.01273	0.07500	0.76783	0.00786	0.01294	0.00543	0.00269	0.00438
2	0.01537	0.04734	0.05227	0.01171	0.03561	0.24878	0.00944	0.22815	0.04199	0.01894	0.01038	0.01182	0.00819	0.00595	0.00616	0.00148	0.12037	0.00404	0.11545	0.00657
3	0.01334	0.00877	0.01064	0.00775	0.01204	0.00681	0.00626	0.01548	0.01132	0.21097	0.01155	0.01199	0.00862	0.00431	0.00402	0.00094	0.00383	0.00347	0.00376	0.64414
4	0.01779	0.09690	0.01534	0.01236	0.01506	0.64266	0.00958	0.06924	0.01407	0.01342	0.00786	0.00918	0.00656	0.00528	0.00497	0.00132	0.04643	0.00330	0.00267	0.00600
5	0.00624	0.00464	0.00582	0.00643	0.00718	0.00422	0.00448	0.00750	0.01086	0.01439	0.19155	0.50424	0.18646	0.01389	0.00617	0.00186	0.00271	0.01237	0.00481	0.00422
6	0.00607	0.00434	0.00578	0.00694	0.00723	0.00405	0.00463	0.00694	0.00954	0.01272	0.02747	0.82157	0.03297	0.01562	0.00636	0.00202	0.00289	0.01417	0.00463	0.00405
7	0.01333	0.82783	0.02612	0.00853	0.01279	0.01972	0.00853	0.01493	0.01013	0.01173	0.00693	0.00800	0.00640	0.00426	0.00320	0.00107	0.00533	0.00267	0.00213	0.00640
8	0.01333	0.82783	0.02612	0.00853	0.01279	0.01972	0.00853	0.01493	0.01013	0.01173	0.00693	0.00800	0.00640	0.00426	0.00320	0.00107	0.00533	0.00267	0.00213	0.00640
9	0.01034	0.00886	0.01034	0.00738	0.01181	0.00664	0.00591	0.01255	0.01034	0.01624	0.00886	0.01034	0.00738	0.00369	0.00369	0.00074	0.00369	0.00295	0.00295	0.85530
10	0.01000	0.02578	0.79900	0.01421	0.02157	0.01158	0.01842	0.01579	0.01052	0.01579	0.00895	0.01052	0.00631	0.00474	0.00474	0.00158	0.00737	0.00368	0.00210	0.00737
11	0.00613	0.00436	0.00577	0.00687	0.00714	0.00409	0.00455	0.00696	0.00943	0.01258	0.02691	0.78389	0.03226	0.05427	0.00727	0.00216	0.00298	0.01384	0.00455	0.00400
12	0.00641	0.00535	0.00542	0.00529	0.00698	0.00463	0.00395	0.03421	0.01159	0.01391	0.04748	0.04597	0.72724	0.05119	0.00679	0.00183	0.00274	0.01015	0.00456	0.00430
13	0.05276	0.00852	0.01141	0.00878	0.01261	0.00747	0.00726	0.02394	0.01406	0.76907	0.01920	0.01664	0.01209	0.00611	0.00494	0.00154	0.00423	0.00493	0.00606	0.00837
14	0.86003	0.00964	0.00733	0.00655	0.00964	0.01118	0.00540	0.01465	0.00848	0.02236	0.00694	0.00810	0.00540	0.00463	0.00308	0.00154	0.00386	0.00270	0.00308	0.00540
15	0.01213	0.01163	0.01985	0.08647	0.73949	0.01179	0.01519	0.01511	0.01125	0.01603	0.00934	0.01240	0.00781	0.00448	0.00494	0.00149	0.00597	0.00444	0.00245	0.00773
16	0.01091	0.01091	0.01527	0.01309	0.01309	0.01527	0.01091	0.01200	0.00763	0.01200	0.00654	0.01091	0.00654	0.00872	0.01636	0.00218	0.81570	0.00436	0.00218	0.00545
17	0.00956	0.00901	0.01521	0.77450	0.07155	0.01111	0.01391	0.01286	0.01003	0.01291	0.00888	0.01324	0.00671	0.00496	0.00498	0.00165	0.00661	0.00443	0.00223	0.00565
18	0.01225	0.01062	0.01145	0.04949	0.01401	0.01233	0.00818	0.02581	0.74675	0.02045	0.01973	0.01834	0.01480	0.00668	0.00507	0.00169	0.00408	0.00558	0.00493	0.00777
19	0.00607	0.00434	0.00578	0.00694	0.00723	0.00405	0.00463	0.00694	0.00954	0.01272	0.02747	0.82157	0.03297	0.01562	0.00636	0.00202	0.00289	0.01417	0.00463	0.00405
20	0.00607	0.00434	0.00578	0.00694	0.00723	0.00405	0.00463	0.00694	0.00954	0.01272	0.02747	0.82157	0.03297	0.01562	0.00636	0.00202	0.00289	0.01417	0.00463	0.00405
21	0.01222	0.01054	0.01119	0.00990	0.01286	0.01189	0.00772	0.02526	0.71659	0.02045	0.01928	0.01787	0.01453	0.00649	0.00495	0.00161	0.00392	0.00540	0.00489	0.08245
22	0.00725	0.00483	0.00544	0.00544	0.00544	0.00483	0.00302	0.00725	0.00725	0.00966	0.01571	0.03262	0.01812	0.82483	0.02537	0.00483	0.00483	0.00725	0.00302	0.00302
23	0.01303	0.01063	0.01162	0.01074	0.04327	0.01200	0.00808	0.08272	0.62526	0.05527	0.02064	0.01917	0.05138	0.00687	0.00510	0.00166	0.00409	0.00571	0.00499	0.00779
24	0.01895	0.01396	0.01496	0.01147	0.01546	0.01546	0.00947	0.77711	0.02344	0.03141	0.01197	0.01197	0.00848	0.00598	0.00499	0.00150	0.00548	0.00449	0.00499	0.00848
25	0.00712	0.00534	0.00801	0.00801	0.00890	0.00623	0.00623	0.00890	0.00801	0.01157	0.01335	0.01958	0.01246	0.03738	0.80507	0.00801	0.01335	0.00534	0.00267	0.00445
26	0.00796	0.00582	0.00783	0.00873	0.00992	0.00582	0.00742	0.01070	0.04939	0.01530	0.07320	0.10758	0.05917	0.01330	0.00666	0.00218	0.00422	0.59542	0.00467	0.00470
27	0.01498	0.01013	0.01135	0.00981	0.01290	0.01109	0.00774	0.02592	0.58538	0.22172	0.02013	0.01817	0.01447	0.00661	0.00506	0.00165	0.00402	0.00547	0.00536	0.00804
28	0.01895	0.01396	0.01496	0.01147	0.01546	0.01546	0.00947	0.77711	0.02344	0.03141	0.01197	0.01197	0.00848	0.00598	0.00499	0.00150	0.00548	0.00449	0.00499	0.00848
29	0.00684	0.00509	0.00637	0.00605	0.00732	0.00461	0.00454	0.00900	0.01361	0.01881	0.65678	0.03918	0.18209	0.01063	0.00588	0.00159	0.00238	0.00929	0.00533	0.00461
30	0.00589	0.00505	0.00505	0.00505	0.00673	0.00421	0.00379	0.00715	0.01136	0.01347	0.05049	0.04797	0.79171	0.01262	0.00589	0.00168	0.00252	0.01052	0.00463	0.00421
31	0.01288	0.75563	0.02470	0.00863	0.01253	0.01878	0.00843	0.01442	0.01000	0.01179	0.00792	0.04799	0.00770	0.00499	0.00387	0.00116	0.03679	0.00330	0.00226	0.00624
32	0.00712	0.00534	0.00801	0.00801	0.00890	0.00623	0.00623	0.00890	0.00801	0.01157	0.01335	0.01958	0.01246	0.03738	0.80507	0.00801	0.01335	0.00534	0.00267	0.00445
33	0.00705	0.00510	0.00666	0.00627	0.00745	0.00470	0.00470	0.00941	0.01411	0.01999	0.79110	0.03723	0.04703	0.01019	0.00588	0.00157	0.00235	0.00901	0.00549	0.00470
34	0.00968	0.00913	0.01542	0.74263	0.10249	0.01114	0.01397	0.01297	0.01009	0.01305	0.00891	0.01320	0.00676	0.00493	0.00498	0.00164	0.00658	0.00443	0.00224	0.00575
35	0.01172	0.00929	0.01193	0.00859	0.01300	0.00736	0.06110	0.03354	0.01112	0.08532	0.00998	0.01118	0.00786	0.00400	0.00400	0.00090	0.00412	0.00338	0.00326	0.69834
36	0.01821	0.01227	0.01569	0.01192	0.01586	0.01282	0.10990	0.45535	0.04783	0.20308	0.01389	0.01413	0.00976	0.02862	0.00568	0.00163	0.00551	0.00491	0.00488	0.00807
37	0.01321	0.80016	0.05278	0.00872	0.01310	0.01944	0.00887	0.01496	0.01014	0.01187	0.00700	0.00808	0.00639	0.00428	0.00325	0.00108	0.00540	0.00270	0.00213	0.00643
38	0.00607	0.00434	0.00578	0.00694	0.00723	0.00405	0.00463	0.00694	0.00954	0.01272	0.02747	0.82157	0.03297	0.01562	0.00636	0.00202	0.00289	0.01417	0.00463	0.00405
39	0.01234	0.01184	0.02023	0.03059	0.79373	0.01184	0.01530	0.01530	0.01135	0.01628	0.00938	0.01234	0.00790	0.00444	0.00493	0.00148	0.00592	0.00444	0.00247	0.00790
40	0.01234	0.01184	0.02023	0.03059	0.79373	0.01184	0.01530	0.01530	0.01135	0.01628	0.00938	0.01234	0.00790	0.00444	0.00493	0.00148	0.00592	0.00444	0.00247	0.00790
41	0.01000	0.02578	0.79900	0.01421	0.02157	0.01158	0.01842	0.01579	0.01052	0.01579	0.00895	0.01052	0.00631	0.00474	0.00474	0.00158	0.00737	0.00368	0.00210	0.00737
42	0.00605	0.00442	0.00570	0.00671	0.00717	0.00407	0.00453	0.00697	0.00976	0.01281	0.03024	0.72874	0.12401	0.01526	0.00631	0.00198	0.00285	0.01373	0.00463	0.00407
43	0.01862	0.02376	0.01413	0.01284	0.01541	0.80482	0.00963	0.01990	0.01413	0.01220	0.00770	0.00899	0.00642	0.00514	0.00449	0.00128	0.00899	0.00321	0.00257	0.00578
44	0.01333	0.82783	0.02612	0.00853	0.01279	0.01972	0.00853	0.01493	0.01013	0.01173	0.00693	0.00800	0.00640	0.00426	0.00320	0.00107	0.00533	0.00267	0.00213	0.00640
45	0.01232	0.01190	0.02055	0.03026	0.76725	0.01187	0.04152	0.01532	0.01136	0.01627	0.00940	0.01237	0.00788	0.00443	0.00497	0.00149	0.00601	0.00449	0.00247	0.00785
46	0.00725	0.00483	0.00544	0.00544	0.00544	0.00483	0.00302	0.00725	0.00725	0.00966	0.01571	0.03262	0.01812	0.82483	0.02537	0.00483	0.00483	0.00725	0.00302	0.00302
47	0.01080	0.01040	0.01786	0.42057	0.35045	0.01161	0.05074	0.01393	0.01055	0.01435	0.00905	0.01282	0.00721	0.00485	0.00540	0.00160	0.03440	0.00450	0.00233	0.00658
48	0.01082	0.06273	0.69616	0.01351	0.02039	0.01177	0.01702	0.03587	0.01105	0.04650	0.02392	0.01119	0.00737	0.00490	0.00470	0.00155	0.00700	0.00381	0.00240	0.00734
49	0.01205	0.01155	0.01971	0.10823	0.71837	0.01177	0.01515	0.01504	0.01121	0.01593	0.00932	0.01243	0.00777	0.00449	0.00494	0.00150	0.00599	0.00444	0.00244	0.00766
50	0.00724	0.00487	0.00562	0.00562	0.00568	0.00493	0.00325	0.00737	0.00730	0.00980	0.01554	0.03169	0.01772	0.76858	0.08106	0.00506	0.00544	0.00711	0.00300	0.00312
51	0.01034	0.00886	0.01034	0.00738	0.01181	0.00664	0.00591	0.01255	0.01034	0.01624	0.00886	0.01034	0.00738	0.00369	0.00369	0.00074	0.00369	0.00295	0.00295	0.85530
52	0.02935	0.01152	0.01558	0.01317	0.01379	0.04910	0.05107	0.01339	0.03855	0.02692	0.00756	0.01131	0.00701	0.00812	0.01436	0.00207	0.67460	0.00442	0.00242	0.00568
53	0.00604	0.00506	0.00525	0.00520	0.00682	0.00427	0.00390	0.00744	0.01171	0.01430	0.14474	0.04660	0.69695	0.01231	0.00589	0.00167	0.00250	0.01033	0.00474	0.00427
54	0.05313	0.01491	0.15426	0.02069	0.16951	0.01209	0.45141	0.01567	0.01129	0.01632	0.00958	0.01242	0.00731	0.00435	0.00533	0.00160	0.00744	0.00502	0.00248	0.02520
55	0.00607	0.00434	0.00578	0.00694	0.00723	0.00405	0.00463	0.00694	0.00954	0.01272	0.02747	0.82157	0.03297	0.01562	0.00636	0.00202	0.00289	0.01417	0.00463	0.00405
56	0.01240	0.01071	0.01127	0.01014	0.01296	0.01240	0.00789	0.02649	0.78473	0.02085	0.02029	0.01860	0.01522	0.00676	0.00507	0.00169	0.00394	0.00564	0.00507	0.00789
57	0.00607	0.00434	0.00578	0.00694	0.00723	0.00405	0.00463	0.00694	0.00954	0.01272	0.02747	0.82157	0.03297	0.01562	0.00636	0.00202	0.00289	0.01417	0.00463	0.00405
58	0.01895	0.01396	0.01496	0.01147	0.01546	0.01546	0.00947	0.77711	0.02344	0.03141	0.01197	0.01197	0.00848	0.00598	0.00499	0.00150	0.00548	0.00449	0.00499	0.00848
59	0.01234	0.01184	0.02023	0.03059	0.79373	0.01184	0.01530	0.01530	0.01135	0.01628	0.00938	0.01234	0.00790	0.00444	0.00493	0.00148	0.00592	0.00444	0.00247	0.00790
60	0.00607	0.00434	0.00578	0.00694	0.00723	0.00405	0.00463	0.00694	0.00954	0.01272	0.02747	0.82157	0.03297	0.01562	0.00636	0.00202	0.00289	0.01417	0.00463	0.00405
61	0.00941	0.00886	0.01495	0.81285	0.03433	0.01107	0.01384	0.01274	0.00997	0.01274	0.00886	0.01329	0.00664	0.00498	0.00498	0.00166	0.00664	0.00443	0.00221	0.00554
62	0.01895	0.01396	0.01496	0.01147	0.01546	0.01546	0.00947	0.77711	0.02344	0.03141	0.01197	0.01197	0.00848	0.00598	0.00499	0.00150	0.00548	0.00449	0.00499	0.00848
63	0.00598	0.00469	0.00542	0.00600	0.00698	0.00413	0.00421	0.00705	0.01045	0.01309	0.03893	0.43667	0.41047	0.01413	0.00613	0.00185	0.00271	0.01235	0.00463	0.00413
64	0.01234	0.01184	0.02023	0.03059	0.79373	0.01184	0.01530	0.01530	0.01135	0.01628	0.00938	0.01234	0.00790	0.00444	0.00493	0.00148	0.00592	0.00444	0.00247	0.00790
65	0.01007	0.00940	0.01566	0.68555	0.13573	0.01130	0.01392	0.03436	0.01053	0.01373	0.00902	0.01312	0.00686	0.00494	0.00498	0.00163	0.00652	0.00443	0.00233	0.00594
66	0.01032	0.10375	0.72387	0.01365	0.02072	0.01237	0.01746	0.01570	0.01049	0.01539	0.00875	0.01028	0.00632	0.00469	0.00459	0.00153	0.00717	0.00358	0.00211	0.00727
67	0.00803	0.00574	0.00803	0.00918	0.01033	0.00574	0.00803	0.01033	0.01147	0.01492	0.02639	0.05622	0.02869	0.01377	0.00688	0.00229	0.00459	0.76018	0.00459	0.00459
68	0.00981	0.00927	0.01567	0.70637	0.13769	0.01118	0.01404	0.01308	0.01015	0.01322	0.00893	0.01316	0.00681	0.00491	0.00498	0.00164	0.00655	0.00443	0.00225	0.00586
69	0.01172	0.01121	0.01911	0.19610	0.63306	0.01168	0.01499	0.01476	0.01106	0.01553	0.00927	0.01254	0.00763	0.00456	0.00494	0.00152	0.00607	0.00444	0.00241	0.00740
70	0.00589	0.00505	0.00505	0.00505	0.00673	0.00421	0.00379	0.00715	0.01136	0.01347	0.05049	0.04797	0.79171	0.01262	0.00589	0.00168	0.00252	0.01052	0.00463	0.00421
71	0.01997	0.01214	0.01181	0.00970	0.01301	0.20506	0.00772	0.02235	0.05095	0.51303	0.05217	0.01603	0.01262	0.00612	0.00489	0.00148	0.00528	0.00477	0.02336	0.00753
72	0.01286	0.01197	0.01967	0.04368	0.71092	0.01215	0.01476	0.08228	0.01239	0.01755	0.00959	0.01232	0.00792	0.00459	0.00494	0.00149	0.00590	0.00445	0.00268	0.00790
73	0.00856	0.00715	0.00919	0.00880	0.01001	0.00777	0.00686	0.01109	0.07953	0.01422	0.03543	0.29768	0.04482	0.02866	0.00842	0.00193	0.17173	0.12391	0.00391	0.12032

[dist]
# distance from previous block
# <min> <max>
0	5

[block]
# block no. 11 follows, 50 sequences, length 99
# corresponding to MSA columns:
# 1237-1246,1248-1290,1303-1327,1330-1341,1364-1372
name=unknown_L
#
# <colnr> <probs for GDERKNQSTAVLIFYWHMCP>
#	G	D	E	R	K	N	Q	S	T	A	V	L	I	F	Y	W	H	M	C	P
0	0.01323	0.80457	0.04852	0.00869	0.01305	0.01949	0.00882	0.01495	0.01014	0.01184	0.00699	0.00807	0.00639	0.00428	0.00324	0.00108	0.00539	0.00269	0.00213	0.00642
1	0.00626	0.00446	0.00584	0.00688	0.00720	0.00420	0.00463	0.00712	0.00946	0.01257	0.02676	0.70529	0.04371	0.08656	0.00805	0.00228	0.00313	0.04714	0.00448	0.00399
2	0.00622	0.00445	0.00592	0.00684	0.00726	0.00415	0.00464	0.00732	0.01024	0.01383	0.14373	0.70216	0.03511	0.01479	0.00629	0.00195	0.00281	0.01339	0.00476	0.00415
3	0.01386	0.01125	0.01196	0.01036	0.01342	0.01283	0.00817	0.16525	0.62430	0.04259	0.01873	0.01733	0.01390	0.00660	0.00505	0.00165	0.00424	0.00541	0.00508	0.00801
