[name]
unknown

[dist]
# distance from previous block
# <min> <max>
0	29

[block]
# block no. 0 follows, 70 sequences, length 75
# corresponding to MSA columns:
# 29-103
name=unknown_A
#
# <colnr> <probs for GDERKNQSTAVLIFYWHMCP>
#	G	D	E	R	K	N	Q	S	T	A	V	L	I	F	Y	W	H	M	C	P
0	0.00640	0.00469	0.00632	0.00707	0.00806	0.00475	0.00611	0.00874	0.06127	0.01185	0.02094	0.04163	0.05269	0.01033	0.00524	0.00174	0.00348	0.73140	0.00359	0.00372
1	0.00960	0.00921	0.01574	0.02380	0.83957	0.00921	0.01190	0.01190	0.00883	0.01267	0.00729	0.00960	0.00614	0.00345	0.00384	0.00115	0.00461	0.00345	0.00192	0.00614
2	0.00488	0.00339	0.00444	0.00528	0.00555	0.00318	0.00354	0.00563	0.00747	0.01019	0.02081	0.80740	0.02464	0.01166	0.00481	0.00153	0.00222	0.01055	0.05964	0.00318
3	0.00680	0.00504	0.00585	0.00533	0.00659	0.02590	0.00407	0.06032	0.04341	0.04721	0.58705	0.02715	0.14498	0.00766	0.00445	0.00123	0.00224	0.00661	0.00410	0.00402
4	0.01017	0.80253	0.08216	0.00697	0.01046	0.01486	0.00721	0.01166	0.00790	0.00936	0.00551	0.00637	0.00497	0.00334	0.00258	0.00086	0.00426	0.00213	0.00166	0.00503
5	0.01054	0.12443	0.03033	0.02864	0.05584	0.14960	0.17118	0.09746	0.03482	0.01221	0.00691	0.00866	0.00568	0.00433	0.00551	0.00120	0.18008	0.00326	0.00215	0.06718
6	0.00546	0.00397	0.00516	0.00503	0.00586	0.00372	0.00371	0.00732	0.02915	0.01468	0.69202	0.15790	0.03432	0.00852	0.00462	0.00128	0.00192	0.00757	0.00416	0.00364
7	0.00544	0.00396	0.00511	0.00483	0.00576	0.00364	0.00362	0.00722	0.01086	0.01527	0.79422	0.02941	0.08006	0.00803	0.00457	0.00122	0.00184	0.00707	0.00423	0.00364
8	0.00739	0.00696	0.01174	0.83084	0.04980	0.00863	0.01080	0.00996	0.00778	0.00998	0.00690	0.01031	0.00520	0.00386	0.00387	0.00129	0.00515	0.00345	0.00173	0.00436
9	0.01414	0.01086	0.01128	0.00884	0.01180	0.04405	0.00723	0.70296	0.11125	0.02291	0.00992	0.00981	0.00713	0.00470	0.00387	0.00117	0.00423	0.00355	0.00381	0.00646
10	0.00562	0.00378	0.00436	0.00437	0.00442	0.00382	0.00252	0.00572	0.00570	0.00764	0.01222	0.03578	0.01397	0.79943	0.07221	0.00389	0.00416	0.00561	0.00235	0.00243
11	0.00887	0.00840	0.01426	0.27121	0.57971	0.00892	0.01137	0.01124	0.00849	0.01188	0.00728	0.00992	0.00593	0.00360	0.00383	0.00119	0.00472	0.00345	0.02020	0.00554
12	0.00549	0.00396	0.00518	0.00488	0.00579	0.00366	0.00366	0.00732	0.01097	0.01555	0.83752	0.02896	0.03658	0.00793	0.00457	0.00122	0.00183	0.00701	0.00427	0.00366
13	0.01739	0.00660	0.00900	0.00690	0.00990	0.00570	0.00570	0.01889	0.01110	0.84226	0.01529	0.01320	0.00960	0.00480	0.00390	0.00120	0.00330	0.00390	0.00480	0.00660
14	0.00960	0.00921	0.01574	0.02380	0.83957	0.00921	0.01190	0.01190	0.00883	0.01267	0.00729	0.00960	0.00614	0.00345	0.00384	0.00115	0.00461	0.00345	0.00192	0.00614
15	0.00534	0.00396	0.00498	0.00472	0.00570	0.00360	0.00354	0.00703	0.01063	0.01472	0.70729	0.03032	0.16733	0.00823	0.00457	0.00123	0.00185	0.00720	0.00416	0.00360
16	0.00564	0.00376	0.00423	0.00423	0.00423	0.00376	0.00235	0.00564	0.00564	0.00752	0.01222	0.02537	0.01409	0.86375	0.01973	0.00376	0.00376	0.00564	0.00235	0.00235
17	0.00732	0.00689	0.01163	0.85444	0.02670	0.00861	0.01077	0.00991	0.00775	0.00991	0.00689	0.01034	0.00517	0.00388	0.00388	0.00129	0.00517	0.00345	0.00172	0.00431
18	0.00783	0.01966	0.81032	0.01126	0.01692	0.00904	0.04728	0.01228	0.00822	0.01228	0.00699	0.00828	0.00495	0.00367	0.00372	0.00123	0.00576	0.00293	0.00165	0.00571
19	0.01414	0.01791	0.01073	0.00977	0.01169	0.81557	0.00729	0.01510	0.01078	0.00941	0.00623	0.00770	0.00535	0.03721	0.00412	0.00111	0.00687	0.00262	0.00201	0.00441
20	0.01041	0.00881	0.00982	0.00841	0.01082	0.01002	0.04172	0.14560	0.67036	0.01733	0.01443	0.01349	0.01076	0.00508	0.00396	0.00129	0.00340	0.00425	0.00385	0.00617
21	0.01043	0.79896	0.05174	0.00694	0.01030	0.04893	0.00697	0.01179	0.00802	0.00926	0.00547	0.00633	0.00497	0.00336	0.00257	0.00085	0.00432	0.00212	0.00167	0.00498
22	0.00993	0.00858	0.01443	0.16132	0.62733	0.00879	0.01114	0.01221	0.00886	0.08833	0.00796	0.01005	0.00630	0.00365	0.00385	0.00118	0.00458	0.00349	0.00215	0.00588
23	0.00467	0.00392	0.00406	0.00405	0.00530	0.00330	0.00303	0.00572	0.00900	0.01092	0.11207	0.05747	0.74382	0.00970	0.00459	0.00131	0.00196	0.00815	0.00366	0.00330
24	0.01359	0.01696	0.01128	0.08816	0.05382	0.73011	0.00801	0.01479	0.01058	0.00968	0.00614	0.00743	0.00507	0.00396	0.00355	0.00103	0.00671	0.00263	0.00197	0.00456
25	0.03274	0.00942	0.01033	0.00809	0.01084	0.03351	0.00659	0.54141	0.01507	0.19430	0.01016	0.01022	0.00714	0.00545	0.00488	0.08248	0.00403	0.00351	0.00379	0.00603
26	0.00478	0.00394	0.00419	0.00433	0.00548	0.00339	0.00327	0.00578	0.00864	0.01044	0.03547	0.08985	0.68266	0.03995	0.00521	0.00146	0.00219	0.08217	0.00355	0.00326
27	0.01074	0.78830	0.01946	0.00694	0.01014	0.09177	0.00671	0.01196	0.00816	0.00915	0.00545	0.00629	0.00498	0.00338	0.00258	0.00084	0.00441	0.00211	0.00169	0.00493
28	0.00563	0.00379	0.00440	0.00440	0.00446	0.00385	0.00256	0.00575	0.00569	0.00764	0.01206	0.02451	0.01372	0.79277	0.09020	0.00397	0.00432	0.00551	0.00233	0.00244
29	0.01484	0.01070	0.01153	0.00884	0.01194	0.01178	0.00731	0.79590	0.01796	0.05556	0.00954	0.00946	0.00671	0.00466	0.00388	0.00116	0.00423	0.00351	0.00391	0.00659
30	0.01010	0.05187	0.00969	0.00671	0.01002	0.00695	0.02828	0.11750	0.04348	0.10065	0.00839	0.00898	0.00647	0.00344	0.00318	0.00078	0.00327	0.00276	0.00279	0.57471
31	0.01397	0.10390	0.01189	0.00913	0.01157	0.48220	0.00721	0.20105	0.05935	0.05277	0.00769	0.00816	0.00597	0.00419	0.00352	0.00105	0.00567	0.00285	0.00264	0.00522
32	0.89114	0.00750	0.00570	0.00510	0.00750	0.00870	0.00420	0.01140	0.00660	0.01739	0.00540	0.00630	0.00420	0.00360	0.00240	0.00120	0.00300	0.00210	0.00240	0.00420
33	0.00958	0.37143	0.41409	0.00899	0.01344	0.01196	0.01040	0.09685	0.00910	0.01223	0.00655	0.00748	0.00511	0.00363	0.00321	0.00106	0.00492	0.00260	0.00188	0.00551
34	0.00911	0.00746	0.00933	0.08627	0.04690	0.00874	0.00692	0.01519	0.40770	0.06931	0.02346	0.06812	0.01131	0.00680	0.03503	0.00157	0.13903	0.03921	0.00325	0.00527
35	0.00471	0.00342	0.00446	0.00529	0.00559	0.00316	0.00355	0.00541	0.00753	0.00994	0.02272	0.79890	0.08709	0.01197	0.00492	0.00155	0.00223	0.01081	0.00360	0.00316
36	0.00462	0.00393	0.00398	0.00397	0.00526	0.00329	0.00297	0.00563	0.00892	0.01068	0.07171	0.03697	0.80544	0.00974	0.00458	0.00131	0.00196	0.00813	0.00363	0.00329
37	0.01474	0.01086	0.01163	0.00892	0.01202	0.01202	0.00737	0.82664	0.01823	0.02443	0.00931	0.00931	0.00659	0.00465	0.00388	0.00116	0.00427	0.00349	0.00388	0.00659
38	0.00723	0.00361	0.00361	0.00361	0.00452	0.00361	0.00271	0.00903	0.00813	0.01445	0.01265	0.01445	0.00994	0.00452	0.00271	0.00090	0.00181	0.00361	0.88528	0.00361
39	0.03388	0.01017	0.01100	0.00859	0.01145	0.01129	0.00706	0.73283	0.01686	0.02286	0.00932	0.00978	0.00682	0.00687	0.08134	0.00163	0.00480	0.00352	0.00368	0.00625
40	0.00823	0.14495	0.64475	0.01031	0.01516	0.01021	0.01264	0.01191	0.00793	0.01154	0.00655	0.00792	0.00494	0.00391	0.00433	0.00121	0.08358	0.00280	0.00165	0.00548
41	0.01036	0.86609	0.02032	0.00663	0.00995	0.01534	0.00663	0.01161	0.00788	0.00912	0.00539	0.00622	0.00498	0.00332	0.00249	0.00083	0.00415	0.00207	0.00166	0.00498
42	0.01036	0.86609	0.02032	0.00663	0.00995	0.01534	0.00663	0.01161	0.00788	0.00912	0.00539	0.00622	0.00498	0.00332	0.00249	0.00083	0.00415	0.00207	0.00166	0.00498
43	0.00915	0.01046	0.02288	0.01634	0.02026	0.00980	0.82549	0.01242	0.00915	0.01242	0.00784	0.01046	0.00588	0.00327	0.00458	0.00131	0.00654	0.00458	0.00196	0.00523
44	0.00458	0.00393	0.00393	0.00393	0.00524	0.00327	0.00295	0.00556	0.00884	0.01047	0.03927	0.03731	0.83800	0.00982	0.00458	0.00131	0.00196	0.00818	0.00360	0.00327
45	0.00564	0.00544	0.08205	0.00538	0.00676	0.00412	0.00459	0.00766	0.01058	0.01492	0.71057	0.02758	0.08461	0.00766	0.00449	0.00123	0.00220	0.00671	0.00398	0.00382
46	0.00461	0.00383	0.00403	0.00419	0.00531	0.00325	0.00306	0.00553	0.00859	0.01037	0.03609	0.18383	0.69353	0.01023	0.00465	0.00136	0.00201	0.00869	0.00360	0.00325
47	0.00554	0.00415	0.00619	0.00619	0.00686	0.00482	0.00479	0.00690	0.00622	0.00897	0.01042	0.01545	0.00979	0.04701	0.83059	0.00618	0.01024	0.00419	0.00208	0.00344
48	0.01074	0.78830	0.01946	0.00694	0.01014	0.09177	0.00671	0.01196	0.00816	0.00915	0.00545	0.00629	0.00498	0.00338	0.00258	0.00084	0.00441	0.00211	0.00169	0.00493
49	0.00749	0.00387	0.00389	0.00380	0.00478	0.00391	0.00287	0.03767	0.00848	0.01480	0.01253	0.01427	0.00982	0.00452	0.00275	0.00091	0.00189	0.00361	0.85441	0.00372
50	0.00792	0.05240	0.78312	0.01106	0.01664	0.00928	0.04243	0.01226	0.00821	0.01216	0.00693	0.00819	0.00495	0.00365	0.00367	0.00122	0.00570	0.00289	0.00165	0.00568
51	0.00951	0.00914	0.01543	0.04525	0.68849	0.00927	0.06305	0.01267	0.08441	0.01290	0.00809	0.01012	0.00662	0.00362	0.00390	0.00118	0.00460	0.00361	0.00210	0.00603
52	0.89114	0.00750	0.00570	0.00510	0.00750	0.00870	0.00420	0.01140	0.00660	0.01739	0.00540	0.00630	0.00420	0.00360	0.00240	0.00120	0.00300	0.00210	0.00240	0.00420
53	0.00993	0.00872	0.03834	0.00812	0.01052	0.00944	0.02507	0.04252	0.71770	0.04805	0.01545	0.01431	0.02382	0.00519	0.00396	0.00130	0.00327	0.00435	0.00384	0.00609
54	0.00867	0.00909	0.01848	0.01359	0.01677	0.00863	0.60586	0.06291	0.00970	0.01319	0.08559	0.10753	0.01096	0.00478	0.00457	0.00132	0.00548	0.00545	0.00248	0.00494
55	0.00800	0.00619	0.00760	0.00773	0.06101	0.00646	0.00578	0.11869	0.16954	0.02355	0.21401	0.04234	0.08864	0.00762	0.00452	0.00139	0.00305	0.21545	0.00376	0.00465
56	0.00803	0.00787	0.01183	0.56573	0.18990	0.06169	0.01019	0.01033	0.00826	0.01049	0.00941	0.01205	0.06961	0.00426	0.00390	0.00125	0.00492	0.00375	0.00193	0.00461
57	0.00964	0.00833	0.00877	0.00789	0.01008	0.00964	0.00614	0.02060	0.83257	0.01622	0.01578	0.01446	0.01183	0.00526	0.00394	0.00131	0.00307	0.00438	0.00394	0.00614
58	0.00527	0.00390	0.00492	0.00478	0.00569	0.00355	0.00354	0.00686	0.01031	0.01423	0.63664	0.10665	0.16206	0.00861	0.00461	0.00127	0.00189	0.00756	0.00410	0.00355
59	0.01399	0.01774	0.01208	0.01057	0.01274	0.77125	0.08256	0.01520	0.01082	0.00976	0.00616	0.00731	0.00508	0.00393	0.00359	0.00103	0.00695	0.00269	0.00199	0.00456
60	0.01474	0.01086	0.01163	0.00892	0.01202	0.01202	0.00737	0.82664	0.01823	0.02443	0.00931	0.00931	0.00659	0.00465	0.00388	0.00116	0.00427	0.00349	0.00388	0.00659
61	0.00960	0.00921	0.01574	0.02380	0.83957	0.00921	0.01190	0.01190	0.00883	0.01267	0.00729	0.00960	0.00614	0.00345	0.00384	0.00115	0.00461	0.00345	0.00192	0.00614
62	0.00960	0.00921	0.01574	0.02380	0.83957	0.00921	0.01190	0.01190	0.00883	0.01267	0.00729	0.00960	0.00614	0.00345	0.00384	0.00115	0.00461	0.00345	0.00192	0.00614
63	0.00554	0.00415	0.00623	0.00623	0.00692	0.00485	0.00485	0.00692	0.00623	0.00900	0.01038	0.01523	0.00969	0.02908	0.84839	0.00623	0.01038	0.00415	0.00208	0.00346
64	0.89114	0.00750	0.00570	0.00510	0.00750	0.00870	0.00420	0.01140	0.00660	0.01739	0.00540	0.00630	0.00420	0.00360	0.00240	0.00120	0.00300	0.00210	0.00240	0.00420
65	0.00544	0.00396	0.00512	0.00483	0.00576	0.00364	0.00362	0.00723	0.01086	0.01528	0.79634	0.02939	0.07793	0.00802	0.00457	0.00122	0.00184	0.00707	0.00423	0.00364
66	0.01022	0.78750	0.05353	0.00770	0.05303	0.01477	0.00722	0.01165	0.00794	0.00943	0.00555	0.00647	0.00503	0.00334	0.00261	0.00086	0.00423	0.00218	0.00167	0.00507
67	0.00480	0.00343	0.00459	0.00549	0.00575	0.00322	0.00374	0.00553	0.00750	0.00998	0.02132	0.81904	0.02547	0.01207	0.00497	0.00159	0.00232	0.05243	0.00360	0.00317
68	0.00521	0.00429	0.00446	0.00429	0.00565	0.00377	0.00325	0.04812	0.00956	0.01175	0.12584	0.03494	0.70663	0.00934	0.00454	0.00129	0.00207	0.00781	0.00369	0.00349
69	0.00882	0.00914	0.01131	0.03449	0.06312	0.10244	0.00817	0.00983	0.00694	0.00966	0.00780	0.04458	0.04896	0.00656	0.01016	0.00155	0.60640	0.00386	0.00192	0.00430
70	0.00559	0.00374	0.00424	0.00429	0.00430	0.00373	0.00241	0.00563	0.00573	0.00764	0.01269	0.06850	0.01469	0.81981	0.01897	0.00365	0.00368	0.00592	0.00241	0.00239
71	0.01049	0.00858	0.00977	0.00837	0.01077	0.00966	0.04850	0.09406	0.67197	0.06040	0.01475	0.01372	0.01093	0.00508	0.00397	0.00129	0.00337	0.00429	0.00388	0.00616
72	0.00870	0.00846	0.01184	0.08759	0.01179	0.01158	0.00863	0.05155	0.00674	0.01016	0.00547	0.00869	0.00517	0.00641	0.01145	0.00163	0.73454	0.00340	0.00181	0.00437
73	0.05092	0.08646	0.01034	0.05089	0.01095	0.04018	0.00623	0.08928	0.05689	0.53837	0.01269	0.01161	0.00840	0.00455	0.00369	0.00117	0.00368	0.00357	0.00402	0.00613
74	0.01101	0.01175	0.01419	0.01913	0.56097	0.23803	0.01045	0.03347	0.00954	0.01197	0.00690	0.00884	0.00580	0.00376	0.00409	0.00113	0.03816	0.00319	0.00198	0.00563

[dist]
# distance from previous block
# <min> <max>
0	11

[block]
# block no. 1 follows, 70 sequences, length 74
# corresponding to MSA columns:
# 115-188
name=unknown_B
#
# <colnr> <probs for GDERKNQSTAVLIFYWHMCP>
#	G	D	E	R	K	N	Q	S	T	A	V	L	I	F	Y	W	H	M	C	P
0	0.01304	0.01549	0.01082	0.00966	0.01175	0.59674	0.03328	0.03126	0.19389	0.01138	0.00849	0.00937	0.00683	0.00440	0.00378	0.00110	0.01640	0.01493	0.00248	0.00491
1	0.00964	0.00833	0.00877	0.00789	0.01008	0.00964	0.00614	0.02060	0.83257	0.01622	0.01578	0.01446	0.01183	0.00526	0.00394	0.00131	0.00307	0.00438	0.00394	0.00614
2	0.01680	0.00645	0.00878	0.00683	0.00969	0.00558	0.00560	0.01826	0.01092	0.80298	0.01558	0.05321	0.01035	0.00515	0.00395	0.00122	0.00325	0.00423	0.00474	0.00643
3	0.00472	0.00407	0.00431	0.04407	0.00626	0.00353	0.00332	0.00579	0.00881	0.01052	0.04875	0.03592	0.78766	0.00951	0.00455	0.00131	0.00211	0.00794	0.00352	0.00333
4	0.00846	0.00841	0.01169	0.00997	0.01013	0.01156	0.00830	0.00935	0.00604	0.00949	0.00517	0.00846	0.00512	0.00660	0.01226	0.00164	0.81637	0.00334	0.00172	0.04591
5	0.07877	0.05068	0.01143	0.00840	0.01145	0.01151	0.00699	0.67394	0.01641	0.07853	0.00924	0.00921	0.00654	0.00452	0.00371	0.00115	0.00410	0.00335	0.00373	0.00634
6	0.01474	0.01086	0.01163	0.00892	0.01202	0.01202	0.00737	0.82664	0.01823	0.02443	0.00931	0.00931	0.00659	0.00465	0.00388	0.00116	0.00427	0.00349	0.00388	0.00659
7	0.00964	0.00833	0.00877	0.00789	0.01008	0.00964	0.00614	0.02060	0.83257	0.01622	0.01578	0.01446	0.01183	0.00526	0.00394	0.00131	0.00307	0.00438	0.00394	0.00614
8	0.00960	0.00921	0.01574	0.02380	0.83957	0.00921	0.01190	0.01190	0.00883	0.01267	0.00729	0.00960	0.00614	0.00345	0.00384	0.00115	0.00461	0.00345	0.00192	0.00614
9	0.00530	0.00396	0.00492	0.00468	0.00568	0.00358	0.00351	0.00696	0.01054	0.01451	0.67389	0.03067	0.20086	0.00831	0.00457	0.00124	0.00186	0.00725	0.00413	0.00358
10	0.01036	0.86609	0.02032	0.00663	0.00995	0.01534	0.00663	0.01161	0.00788	0.00912	0.00539	0.00622	0.00498	0.00332	0.00249	0.00083	0.00415	0.00207	0.00166	0.00498
11	0.01114	0.74597	0.01887	0.00690	0.01010	0.07557	0.00663	0.01238	0.00832	0.06552	0.00610	0.00675	0.00529	0.00347	0.00266	0.00087	0.00430	0.00223	0.00190	0.00505
12	0.01034	0.00877	0.00907	0.00801	0.01029	0.03035	0.00627	0.09054	0.72755	0.03090	0.01497	0.01381	0.01117	0.00517	0.00393	0.00129	0.00327	0.00425	0.00391	0.00614
13	0.00459	0.00389	0.00397	0.00403	0.00526	0.00326	0.00299	0.00555	0.00874	0.01043	0.03806	0.09306	0.78303	0.00998	0.00461	0.00133	0.00198	0.00837	0.00360	0.00326
14	0.00732	0.00689	0.01163	0.85444	0.02670	0.00861	0.01077	0.00991	0.00775	0.00991	0.00689	0.01034	0.00517	0.00388	0.00388	0.00129	0.00517	0.00345	0.00172	0.00431
15	0.00554	0.00415	0.00623	0.00623	0.00692	0.00485	0.00485	0.00692	0.00623	0.00900	0.01038	0.01523	0.00969	0.02908	0.84839	0.00623	0.01038	0.00415	0.00208	0.00346
16	0.00472	0.00337	0.00450	0.00540	0.00562	0.00315	0.00360	0.00540	0.00742	0.00990	0.02137	0.86122	0.02564	0.01215	0.00495	0.00157	0.00225	0.01102	0.00360	0.00315
17	0.01474	0.01086	0.01163	0.00892	0.01202	0.01202	0.00737	0.82664	0.01823	0.02443	0.00931	0.00931	0.00659	0.00465	0.00388	0.00116	0.00427	0.00349	0.00388	0.00659
18	0.00472	0.00337	0.00450	0.00540	0.00562	0.00315	0.00360	0.00540	0.00742	0.00990	0.02137	0.86122	0.02564	0.01215	0.00495	0.00157	0.00225	0.01102	0.00360	0.00315
19	0.00811	0.00796	0.01112	0.00966	0.00971	0.01097	0.00797	0.00898	0.00621	0.00957	0.03284	0.07147	0.00760	0.00721	0.01189	0.00167	0.76693	0.00407	0.00192	0.00414
20	0.01036	0.86609	0.02032	0.00663	0.00995	0.01534	0.00663	0.01161	0.00788	0.00912	0.00539	0.00622	0.00498	0.00332	0.00249	0.00083	0.00415	0.00207	0.00166	0.00498
21	0.01448	0.01848	0.01099	0.00999	0.01199	0.84819	0.00749	0.01548	0.01099	0.00949	0.00599	0.00699	0.00499	0.00400	0.00350	0.00100	0.00699	0.00250	0.00200	0.00449
22	0.00960	0.00921	0.01574	0.02380	0.83957	0.00921	0.01190	0.01190	0.00883	0.01267	0.00729	0.00960	0.00614	0.00345	0.00384	0.00115	0.00461	0.00345	0.00192	0.00614
23	0.00554	0.00414	0.00619	0.00619	0.00686	0.00482	0.00479	0.00689	0.00622	0.00897	0.01043	0.01546	0.00979	0.04799	0.82961	0.00617	0.01023	0.00419	0.00208	0.00344
24	0.00467	0.00383	0.00411	0.00425	0.00534	0.00328	0.00311	0.00565	0.00873	0.01071	0.09009	0.18397	0.63861	0.01011	0.00465	0.00135	0.00201	0.00861	0.00364	0.00328
25	0.00732	0.00689	0.01163	0.85444	0.02670	0.00861	0.01077	0.00991	0.00775	0.00991	0.00689	0.01034	0.00517	0.00388	0.00388	0.00129	0.00517	0.00345	0.00172	0.00431
26	0.00554	0.00415	0.00623	0.00623	0.00692	0.00485	0.00485	0.00692	0.00623	0.00900	0.01038	0.01523	0.00969	0.02908	0.84839	0.00623	0.01038	0.00415	0.00208	0.00346
27	0.00563	0.00379	0.00437	0.00437	0.00443	0.00384	0.00253	0.00573	0.00568	0.00763	0.01208	0.02463	0.01377	0.80274	0.08030	0.00394	0.00424	0.00553	0.00233	0.00243
28	0.00878	0.00692	0.00813	0.00590	0.00927	0.00536	0.00473	0.01081	0.03687	0.07340	0.00781	0.00864	0.00624	0.00309	0.00298	0.00065	0.00291	0.00249	0.00254	0.79249
29	0.89114	0.00750	0.00570	0.00510	0.00750	0.00870	0.00420	0.01140	0.00660	0.01739	0.00540	0.00630	0.00420	0.00360	0.00240	0.00120	0.00300	0.00210	0.00240	0.00420
30	0.00848	0.00848	0.01187	0.01018	0.01018	0.01187	0.00848	0.00933	0.00594	0.00933	0.00509	0.00848	0.00509	0.00679	0.01272	0.00170	0.85666	0.00339	0.00170	0.00424
31	0.01019	0.00825	0.00885	0.00776	0.01000	0.00936	0.00609	0.10797	0.65924	0.04573	0.07065	0.01484	0.01286	0.00536	0.00398	0.00129	0.00312	0.00445	0.00399	0.00603
32	0.00944	0.00905	0.01546	0.08000	0.78457	0.00917	0.01182	0.01176	0.00875	0.01248	0.00727	0.00965	0.00608	0.00348	0.00384	0.00116	0.00464	0.00345	0.00191	0.00602
33	0.00943	0.00904	0.01544	0.08451	0.78015	0.00917	0.01182	0.01175	0.00875	0.01246	0.00726	0.00965	0.00607	0.00349	0.00384	0.00116	0.00465	0.00345	0.00190	0.00601
34	0.00549	0.00396	0.00518	0.00488	0.00579	0.00366	0.00366	0.00732	0.01097	0.01555	0.83752	0.02896	0.03658	0.00793	0.00457	0.00122	0.00183	0.00701	0.00427	0.00366
35	0.00609	0.00455	0.00552	0.00509	0.00625	0.00434	0.00387	0.06287	0.03558	0.01535	0.62907	0.02854	0.16228	0.00793	0.00451	0.00123	0.00205	0.00688	0.00412	0.00387
36	0.01372	0.01035	0.01106	0.00871	0.01163	0.01155	0.00712	0.66509	0.18144	0.02279	0.01060	0.01034	0.00764	0.00478	0.00389	0.00119	0.00403	0.00367	0.00389	0.00650
37	0.00477	0.00342	0.00454	0.00543	0.00569	0.00319	0.00367	0.00548	0.00749	0.00996	0.02161	0.82402	0.03786	0.01207	0.00496	0.00158	0.00228	0.03524	0.00360	0.00316
38	0.07319	0.00630	0.00534	0.00518	0.02143	0.11595	0.00384	0.04869	0.00888	0.01445	0.01098	0.01254	0.00864	0.00437	0.00287	0.00095	0.00275	0.00335	0.64634	0.00396
39	0.00466	0.00373	0.00417	0.00448	0.00539	0.00324	0.00320	0.00557	0.00841	0.01045	0.06066	0.32724	0.52404	0.01057	0.00471	0.00140	0.00206	0.00914	0.00362	0.00324
40	0.01474	0.01086	0.01163	0.00892	0.01202	0.01202	0.00737	0.82664	0.01823	0.02443	0.00931	0.00931	0.00659	0.00465	0.00388	0.00116	0.00427	0.00349	0.00388	0.00659
41	0.00804	0.00689	0.00804	0.00574	0.00919	0.00517	0.00459	0.00976	0.00804	0.01263	0.00689	0.00804	0.00574	0.00287	0.00287	0.00057	0.00287	0.00230	0.00230	0.88745
42	0.00548	0.00428	0.00502	0.00481	0.00595	0.00397	0.00364	0.00768	0.07022	0.01369	0.47419	0.03121	0.32138	0.00847	0.00455	0.00127	0.00201	0.02451	0.00399	0.00370
43	0.00827	0.18160	0.68645	0.01021	0.01548	0.01021	0.01286	0.01215	0.00813	0.01167	0.00666	0.00781	0.00492	0.00361	0.00345	0.00115	0.00543	0.00271	0.00164	0.00559
44	0.01036	0.86609	0.02032	0.00663	0.00995	0.01534	0.00663	0.01161	0.00788	0.00912	0.00539	0.00622	0.00498	0.00332	0.00249	0.00083	0.00415	0.00207	0.00166	0.00498
45	0.01040	0.00847	0.00930	0.00806	0.01031	0.00954	0.02026	0.22043	0.51974	0.01761	0.02445	0.07238	0.01203	0.00577	0.00406	0.00131	0.00337	0.03272	0.00386	0.00591
46	0.00564	0.00376	0.00423	0.00423	0.00423	0.00376	0.00235	0.00564	0.00564	0.00752	0.01222	0.02537	0.01409	0.86375	0.01973	0.00376	0.00376	0.00564	0.00235	0.00235
47	0.00471	0.00355	0.00436	0.00497	0.00552	0.00320	0.00342	0.00551	0.00794	0.01025	0.05464	0.60416	0.25100	0.01135	0.00483	0.00149	0.00216	0.01010	0.00362	0.00320
48	0.01474	0.01086	0.01163	0.00892	0.01202	0.01202	0.00737	0.82664	0.01823	0.02443	0.00931	0.00931	0.00659	0.00465	0.00388	0.00116	0.00427	0.00349	0.00388	0.00659
49	0.87134	0.00748	0.00577	0.00514	0.00755	0.00863	0.00423	0.01157	0.00670	0.03609	0.00562	0.00645	0.00432	0.00363	0.00243	0.00120	0.00301	0.00214	0.00245	0.00425
50	0.01490	0.01060	0.01148	0.00880	0.01189	0.01164	0.00727	0.77800	0.01780	0.07368	0.00967	0.00954	0.00677	0.00466	0.00388	0.00117	0.00421	0.00351	0.00393	0.00659
51	0.00510	0.00360	0.00484	0.00559	0.00599	0.00344	0.00395	0.00597	0.00763	0.02068	0.03235	0.67429	0.05010	0.01292	0.06203	0.00189	0.00293	0.08993	0.00352	0.00327
52	0.01036	0.86609	0.02032	0.00663	0.00995	0.01534	0.00663	0.01161	0.00788	0.00912	0.00539	0.00622	0.00498	0.00332	0.00249	0.00083	0.00415	0.00207	0.00166	0.00498
53	0.00943	0.00904	0.01544	0.08451	0.78015	0.00917	0.01182	0.01175	0.00875	0.01246	0.00726	0.00965	0.00607	0.00349	0.00384	0.00116	0.00465	0.00345	0.00190	0.00601
54	0.01111	0.00906	0.00959	0.00819	0.01064	0.01033	0.00649	0.25310	0.59768	0.01859	0.01391	0.01298	0.01032	0.00508	0.00393	0.00127	0.00341	0.00413	0.00393	0.00627
55	0.00481	0.00344	0.00458	0.00534	0.00564	0.00321	0.00361	0.00562	0.00783	0.01055	0.11510	0.76564	0.02690	0.01166	0.00491	0.00153	0.00220	0.01056	0.00368	0.00321
56	0.00732	0.00689	0.01163	0.85444	0.02670	0.00861	0.01077	0.00991	0.00775	0.00991	0.00689	0.01034	0.00517	0.00388	0.00388	0.00129	0.00517	0.00345	0.00172	0.00431
57	0.00487	0.00349	0.00454	0.00521	0.00553	0.00326	0.00349	0.00564	0.00774	0.01039	0.11500	0.67826	0.05197	0.07384	0.00597	0.00168	0.00230	0.01008	0.00358	0.00315
58	0.00673	0.00337	0.00505	0.00505	0.00505	0.00337	0.00337	0.00505	0.00505	0.00673	0.00673	0.01178	0.00673	0.01347	0.01515	0.88721	0.00337	0.00337	0.00168	0.00168
59	0.01036	0.86609	0.02032	0.00663	0.00995	0.01534	0.00663	0.01161	0.00788	0.00912	0.00539	0.00622	0.00498	0.00332	0.00249	0.00083	0.00415	0.00207	0.00166	0.00498
60	0.00472	0.00339	0.00449	0.00537	0.00561	0.00315	0.00358	0.00540	0.00745	0.00991	0.02175	0.84358	0.04304	0.01210	0.00494	0.00157	0.00224	0.01096	0.00360	0.00315
61	0.00738	0.00695	0.01174	0.83266	0.04801	0.00863	0.01080	0.00996	0.00778	0.00998	0.00690	0.01032	0.00519	0.00386	0.00387	0.00129	0.00515	0.00345	0.00173	0.00435
62	0.01399	0.01065	0.01219	0.00935	0.01244	0.01170	0.06263	0.71263	0.07714	0.02302	0.00968	0.00976	0.00693	0.00460	0.00393	0.00118	0.00433	0.00363	0.00375	0.00647
63	0.00804	0.00689	0.00804	0.00574	0.00919	0.00517	0.00459	0.00976	0.00804	0.01263	0.00689	0.00804	0.00574	0.00287	0.00287	0.00057	0.00287	0.00230	0.00230	0.88745
64	0.01420	0.01742	0.01108	0.00992	0.01190	0.74514	0.00753	0.07447	0.01126	0.01057	0.00619	0.00724	0.00512	0.00418	0.00399	0.00105	0.04939	0.00261	0.00212	0.00464
65	0.00763	0.00463	0.00412	0.00405	0.00504	0.06075	0.00304	0.00936	0.00835	0.01399	0.01305	0.01468	0.03602	0.00465	0.00282	0.00092	0.00216	0.00368	0.79738	0.00366
66	0.00871	0.00945	0.01850	0.01379	0.01637	0.00999	0.53399	0.01118	0.00835	0.01174	0.06319	0.01114	0.00773	0.00460	0.00693	0.00141	0.25168	0.00440	0.00204	0.00484
67	0.89114	0.00750	0.00570	0.00510	0.00750	0.00870	0.00420	0.01140	0.00660	0.01739	0.00540	0.00630	0.00420	0.00360	0.00240	0.00120	0.00300	0.00210	0.00240	0.00420
68	0.00565	0.00439	0.00645	0.00629	0.00718	0.00421	0.06408	0.00739	0.03524	0.01243	0.30997	0.36683	0.02677	0.01022	0.03406	0.00160	0.00285	0.08708	0.00367	0.00363
69	0.00588	0.00427	0.00578	0.00656	0.00742	0.00417	0.00554	0.00745	0.00877	0.01135	0.03744	0.14113	0.10647	0.01074	0.00521	0.00170	0.00321	0.61982	0.00359	0.00349
70	0.01028	0.01171	0.01459	0.01178	0.01337	0.23678	0.22757	0.01182	0.00816	0.01020	0.00607	0.00861	0.00528	0.00509	0.00805	0.00140	0.39935	0.00347	0.00185	0.00457
71	0.00491	0.00352	0.00467	0.00527	0.00566	0.00327	0.00361	0.00587	0.00829	0.01128	0.22125	0.65740	0.02832	0.01111	0.00486	0.00149	0.00215	0.01004	0.00376	0.00327
72	0.01309	0.00999	0.01153	0.00905	0.01195	0.03770	0.07258	0.49737	0.14228	0.07566	0.01118	0.01189	0.01817	0.00485	0.00397	0.00120	0.00420	0.03184	0.00368	0.02781
73	0.89114	0.00750	0.00570	0.00510	0.00750	0.00870	0.00420	0.01140	0.00660	0.01739	0.00540	0.00630	0.00420	0.00360	0.00240	0.00120	0.00300	0.00210	0.00240	0.00420

[dist]
# distance from previous block
# <min> <max>
0	1

[block]
# block no. 2 follows, 70 sequences, length 152
# corresponding to MSA columns:
# 190-341
name=unknown_C
#
# <colnr> <probs for GDERKNQSTAVLIFYWHMCP>
#	G	D	E	R	K	N	Q	S	T	A	V	L	I	F	Y	W	H	M	C	P
0	0.00772	0.00730	0.01235	0.70808	0.16993	0.00872	0.01097	0.01026	0.00794	0.01039	0.00696	0.01021	0.00534	0.00380	0.00387	0.00127	0.00507	0.00345	0.00176	0.00463
1	0.00804	0.00689	0.00804	0.00574	0.00919	0.00517	0.00459	0.00976	0.00804	0.01263	0.00689	0.00804	0.00574	0.00287	0.00287	0.00057	0.00287	0.00230	0.00230	0.88745
2	0.00526	0.00391	0.00490	0.00474	0.00568	0.00355	0.00352	0.00684	0.01030	0.01416	0.62550	0.09599	0.18411	0.00861	0.00460	0.00126	0.00189	0.00754	0.00409	0.00355
3	0.01590	0.00674	0.00884	0.00691	0.00971	0.00612	0.00566	0.06695	0.05303	0.68597	0.07966	0.01426	0.01165	0.00506	0.00395	0.00120	0.00323	0.00414	0.00466	0.00634
4	0.01733	0.00670	0.00906	0.00695	0.00995	0.00585	0.00574	0.03833	0.01127	0.82258	0.01515	0.01310	0.00952	0.00479	0.00390	0.00120	0.00332	0.00389	0.00478	0.00660
5	0.00556	0.00407	0.00581	0.00581	0.00636	0.00462	0.00433	0.00666	0.00611	0.00869	0.01077	0.01734	0.01061	0.20292	0.67580	0.00572	0.00900	0.00446	0.00213	0.00323
6	0.01071	0.79879	0.01963	0.00681	0.01011	0.01508	0.00669	0.07574	0.00869	0.01033	0.00570	0.00646	0.00510	0.00342	0.00260	0.00086	0.00416	0.00218	0.00183	0.00510
7	0.00804	0.00689	0.00804	0.00574	0.00919	0.00517	0.00459	0.00976	0.00804	0.01263	0.00689	0.00804	0.00574	0.00287	0.00287	0.00057	0.00287	0.00230	0.00230	0.88745
8	0.00778	0.02005	0.84367	0.01105	0.01678	0.00900	0.01432	0.01228	0.00818	0.01228	0.00696	0.00818	0.00491	0.00368	0.00368	0.00123	0.00573	0.00286	0.00164	0.00573
9	0.89114	0.00750	0.00570	0.00510	0.00750	0.00870	0.00420	0.01140	0.00660	0.01739	0.00540	0.00630	0.00420	0.00360	0.00240	0.00120	0.00300	0.00210	0.00240	0.00420
10	0.00472	0.00337	0.00450	0.00540	0.00562	0.00315	0.00360	0.00540	0.00742	0.00990	0.02137	0.86122	0.02564	0.01215	0.00495	0.00157	0.00225	0.01102	0.00360	0.00315
11	0.00560	0.00412	0.00444	0.00425	0.00563	0.00349	0.00323	0.00672	0.00925	0.07041	0.13180	0.03460	0.68429	0.00924	0.00453	0.00129	0.00204	0.00774	0.00376	0.00356
12	0.00549	0.00372	0.00425	0.00435	0.00443	0.00367	0.00252	0.00561	0.00598	0.00792	0.01439	0.12453	0.04875	0.72871	0.01737	0.00340	0.00351	0.00638	0.00255	0.00248
13	0.01739	0.00660	0.00900	0.00690	0.00990	0.00570	0.00570	0.01889	0.01110	0.84226	0.01529	0.01320	0.00960	0.00480	0.00390	0.00120	0.00330	0.00390	0.00480	0.00660
14	0.01437	0.00594	0.00794	0.00631	0.00883	0.00516	0.00513	0.01588	0.01088	0.63764	0.14776	0.01783	0.08714	0.00574	0.00407	0.00121	0.00295	0.00477	0.00461	0.00584
15	0.89114	0.00750	0.00570	0.00510	0.00750	0.00870	0.00420	0.01140	0.00660	0.01739	0.00540	0.00630	0.00420	0.00360	0.00240	0.00120	0.00300	0.00210	0.00240	0.00420
16	0.00531	0.00390	0.00498	0.00482	0.00571	0.00357	0.00357	0.00694	0.01039	0.01444	0.66967	0.10969	0.12549	0.00854	0.00461	0.00126	0.00188	0.00753	0.00413	0.00357
17	0.01448	0.01848	0.01099	0.00999	0.01199	0.84819	0.00749	0.01548	0.01099	0.00949	0.00599	0.00699	0.00499	0.00400	0.00350	0.00100	0.00699	0.00250	0.00200	0.00449
18	0.01472	0.01146	0.01158	0.00900	0.01202	0.07782	0.00738	0.76282	0.01766	0.02326	0.00905	0.00913	0.00647	0.00460	0.00385	0.00115	0.00448	0.00341	0.00373	0.00643
19	0.00799	0.09125	0.77438	0.01068	0.01620	0.00954	0.01368	0.01222	0.00816	0.01201	0.00683	0.00802	0.00492	0.00365	0.00358	0.00119	0.00560	0.00280	0.00164	0.00567
20	0.08208	0.00930	0.00977	0.00778	0.01030	0.01812	0.00632	0.56119	0.04717	0.03026	0.00969	0.01059	0.00731	0.04360	0.00458	0.00127	0.02644	0.00352	0.10492	0.00577
21	0.00466	0.00389	0.00406	0.00411	0.00530	0.00329	0.00305	0.00567	0.00888	0.01079	0.09405	0.09933	0.71991	0.00986	0.00461	0.00132	0.00198	0.00832	0.00365	0.00329
22	0.00951	0.00925	0.01620	0.04320	0.75554	0.00924	0.07589	0.01189	0.00883	0.01258	0.00733	0.00968	0.00610	0.00345	0.00390	0.00117	0.00477	0.00354	0.00192	0.00602
23	0.00472	0.00337	0.00450	0.00540	0.00562	0.00315	0.00360	0.00540	0.00742	0.00990	0.02137	0.86122	0.02564	0.01215	0.00495	0.00157	0.00225	0.01102	0.00360	0.00315
24	0.00554	0.00414	0.00615	0.00615	0.00682	0.00480	0.00475	0.00687	0.00621	0.00894	0.01046	0.01563	0.00987	0.06194	0.81576	0.00613	0.01012	0.00421	0.00209	0.00342
25	0.01036	0.86609	0.02032	0.00663	0.00995	0.01534	0.00663	0.01161	0.00788	0.00912	0.00539	0.00622	0.00498	0.00332	0.00249	0.00083	0.00415	0.00207	0.00166	0.00498
26	0.00480	0.00348	0.00453	0.00522	0.00561	0.00322	0.00355	0.00562	0.00793	0.01057	0.11313	0.70425	0.09077	0.01150	0.00488	0.00151	0.00218	0.01035	0.00367	0.00322
27	0.00732	0.00689	0.01163	0.85444	0.02670	0.00861	0.01077	0.00991	0.00775	0.00991	0.00689	0.01034	0.00517	0.00388	0.00388	0.00129	0.00517	0.00345	0.00172	0.00431
28	0.01440	0.01060	0.01139	0.00878	0.01178	0.01173	0.00722	0.79607	0.01777	0.02383	0.00938	0.00973	0.00680	0.02239	0.01864	0.00130	0.00436	0.00355	0.00382	0.00645
29	0.00554	0.00382	0.00445	0.00445	0.00463	0.00385	0.00270	0.00579	0.00596	0.00793	0.01412	0.02509	0.07840	0.69624	0.11813	0.00386	0.00441	0.00566	0.00241	0.00256
30	0.01036	0.86609	0.02032	0.00663	0.00995	0.01534	0.00663	0.01161	0.00788	0.00912	0.00539	0.00622	0.00498	0.00332	0.00249	0.00083	0.00415	0.00207	0.00166	0.00498
31	0.00955	0.00916	0.01565	0.04054	0.82318	0.00920	0.01188	0.01186	0.00881	0.01261	0.00728	0.00961	0.00612	0.00346	0.00384	0.00115	0.00462	0.00345	0.00192	0.00610
32	0.89114	0.00750	0.00570	0.00510	0.00750	0.00870	0.00420	0.01140	0.00660	0.01739	0.00540	0.00630	0.00420	0.00360	0.00240	0.00120	0.00300	0.00210	0.00240	0.00420
33	0.00804	0.00689	0.00804	0.00574	0.00919	0.00517	0.00459	0.00976	0.00804	0.01263	0.00689	0.00804	0.00574	0.00287	0.00287	0.00057	0.00287	0.00230	0.00230	0.88745
34	0.00564	0.00376	0.00423	0.00423	0.00423	0.00376	0.00235	0.00564	0.00564	0.00752	0.01222	0.02537	0.01409	0.86375	0.01973	0.00376	0.00376	0.00564	0.00235	0.00235
35	0.00712	0.00459	0.00566	0.00515	0.00648	0.00423	0.00394	0.02852	0.03997	0.11625	0.50275	0.04917	0.19541	0.00786	0.00446	0.00125	0.00215	0.00679	0.00416	0.00409
36	0.01017	0.00938	0.03699	0.00817	0.01053	0.04926	0.00656	0.07758	0.70824	0.01635	0.01456	0.01353	0.01091	0.00510	0.00391	0.00129	0.00343	0.00418	0.00377	0.00608
37	0.00563	0.00377	0.00427	0.00425	0.00429	0.00375	0.00240	0.00570	0.00585	0.00783	0.04471	0.02551	0.01498	0.83006	0.01914	0.00366	0.00368	0.00569	0.00242	0.00240
38	0.00916	0.04260	0.04361	0.02841	0.63425	0.00905	0.07513	0.01157	0.01856	0.01233	0.00840	0.06160	0.00752	0.00410	0.00393	0.00119	0.00461	0.01615	0.00205	0.00577
39	0.00543	0.00421	0.00643	0.00645	0.00710	0.00401	0.08666	0.00647	0.00770	0.01058	0.03606	0.68299	0.02240	0.01053	0.00488	0.00149	0.01725	0.00963	0.06631	0.00342
40	0.01213	0.01160	0.00956	0.00809	0.01037	0.30660	0.00625	0.19276	0.09677	0.05900	0.04174	0.01123	0.00846	0.07250	0.02244	0.00136	0.00487	0.00342	0.00292	0.11795
41	0.07177	0.00969	0.02001	0.01450	0.01798	0.00929	0.68370	0.01187	0.00904	0.01295	0.07289	0.01157	0.00816	0.00374	0.00460	0.00130	0.02520	0.00456	0.00217	0.00501
42	0.00792	0.01913	0.77797	0.01080	0.01625	0.00905	0.01368	0.01293	0.07305	0.01259	0.00765	0.00868	0.00546	0.00381	0.00370	0.00123	0.00552	0.00298	0.00182	0.00576
43	0.00933	0.00894	0.01526	0.12042	0.74502	0.00914	0.01177	0.01167	0.00870	0.01234	0.00725	0.00968	0.00603	0.00350	0.00384	0.00117	0.00467	0.00345	0.00190	0.00593
44	0.07079	0.01916	0.78389	0.01063	0.01612	0.00898	0.01360	0.01221	0.00807	0.01264	0.00685	0.00805	0.00486	0.00368	0.00359	0.00123	0.00553	0.00281	0.00169	0.00562
45	0.00747	0.07148	0.00493	0.00385	0.00494	0.00454	0.00302	0.00924	0.00811	0.01403	0.01208	0.01381	0.00955	0.00442	0.00269	0.00090	0.00199	0.00349	0.81575	0.00372
46	0.01006	0.76754	0.11622	0.00715	0.01075	0.01460	0.00753	0.01169	0.00791	0.00949	0.00557	0.00645	0.00497	0.00336	0.00263	0.00088	0.00433	0.00217	0.00166	0.00506
47	0.00673	0.00337	0.00505	0.00505	0.00505	0.00337	0.00337	0.00505	0.00505	0.00673	0.00673	0.01178	0.00673	0.01347	0.01515	0.88721	0.00337	0.00337	0.00168	0.00168
48	0.00964	0.00833	0.00877	0.00789	0.01008	0.00964	0.00614	0.02060	0.83257	0.01622	0.01578	0.01446	0.01183	0.00526	0.00394	0.00131	0.00307	0.00438	0.00394	0.00614
49	0.78771	0.04123	0.00653	0.00530	0.00778	0.00872	0.00441	0.01199	0.00700	0.08197	0.00618	0.00684	0.00465	0.00368	0.00252	0.00118	0.00307	0.00224	0.00256	0.00442
50	0.00472	0.00337	0.00450	0.00540	0.00562	0.00315	0.00360	0.00540	0.00742	0.00990	0.02137	0.86122	0.02564	0.01215	0.00495	0.00157	0.00225	0.01102	0.00360	0.00315
51	0.00960	0.00921	0.01574	0.02380	0.83957	0.00921	0.01190	0.01190	0.00883	0.01267	0.00729	0.00960	0.00614	0.00345	0.00384	0.00115	0.00461	0.00345	0.00192	0.00614
52	0.00564	0.00376	0.00423	0.00423	0.00423	0.00376	0.00235	0.00564	0.00564	0.00752	0.01222	0.02537	0.01409	0.86375	0.01973	0.00376	0.00376	0.00564	0.00235	0.00235
53	0.01482	0.01073	0.01156	0.00886	0.01196	0.01183	0.00732	0.80236	0.01801	0.04902	0.00949	0.00942	0.00668	0.00466	0.00388	0.00116	0.00424	0.00350	0.00391	0.00659
54	0.00836	0.00771	0.01254	0.57112	0.13114	0.00878	0.05560	0.07456	0.00882	0.01175	0.00719	0.01000	0.00549	0.00378	0.00384	0.00121	0.00494	0.00343	0.00197	0.06778
55	0.01076	0.78554	0.01943	0.00695	0.01014	0.09448	0.00671	0.01198	0.00817	0.00916	0.00545	0.00629	0.00498	0.00338	0.00258	0.00085	0.00442	0.00211	0.00169	0.00493
56	0.89114	0.00750	0.00570	0.00510	0.00750	0.00870	0.00420	0.01140	0.00660	0.01739	0.00540	0.00630	0.00420	0.00360	0.00240	0.00120	0.00300	0.00210	0.00240	0.00420
57	0.00933	0.00894	0.01525	0.12186	0.74360	0.00914	0.01176	0.01166	0.00870	0.01234	0.00724	0.00968	0.00603	0.00350	0.00384	0.00117	0.00467	0.00345	0.00190	0.00592
58	0.00927	0.00793	0.00841	0.00765	0.00970	0.00909	0.00591	0.03306	0.74260	0.01579	0.01655	0.07526	0.02989	0.00584	0.00403	0.00133	0.00301	0.00492	0.00391	0.00587
59	0.00473	0.00392	0.00417	0.00430	0.00549	0.00336	0.00326	0.00577	0.00877	0.01060	0.05009	0.10249	0.69849	0.01004	0.00467	0.00136	0.00211	0.06948	0.00361	0.00329
60	0.00472	0.00337	0.00450	0.00540	0.00562	0.00315	0.00360	0.00540	0.00742	0.00990	0.02137	0.86122	0.02564	0.01215	0.00495	0.00157	0.00225	0.01102	0.00360	0.00315
61	0.00468	0.00393	0.00406	0.00403	0.00529	0.00331	0.00302	0.00575	0.00906	0.01101	0.12299	0.03643	0.75394	0.00962	0.00458	0.00130	0.00195	0.00806	0.00367	0.00331
62	0.01447	0.01070	0.01149	0.00879	0.01191	0.01175	0.00726	0.79448	0.01783	0.02397	0.00921	0.00926	0.00656	0.00458	0.00384	0.00114	0.00421	0.00344	0.00382	0.04127
63	0.01004	0.00853	0.00899	0.00797	0.01023	0.00983	0.00623	0.08403	0.76849	0.01686	0.01527	0.01406	0.01142	0.00521	0.00394	0.00130	0.00316	0.00431	0.00394	0.00617
64	0.01398	0.04316	0.01109	0.00972	0.01177	0.75717	0.00736	0.01577	0.07554	0.01001	0.00674	0.00756	0.00553	0.00407	0.00350	0.00102	0.00660	0.00263	0.00214	0.00464
65	0.79263	0.00774	0.00636	0.03379	0.00850	0.00896	0.00467	0.07550	0.00755	0.01770	0.00576	0.00667	0.00442	0.00369	0.00256	0.00120	0.00317	0.00225	0.00249	0.00439
66	0.05270	0.01038	0.01117	0.00860	0.01166	0.01138	0.00710	0.72796	0.01717	0.08848	0.00961	0.00948	0.00673	0.00462	0.00382	0.00117	0.00414	0.00346	0.00389	0.00649
67	0.00550	0.00457	0.00497	0.00486	0.00616	0.00437	0.00367	0.00806	0.13100	0.01166	0.10764	0.07169	0.53520	0.01059	0.07090	0.00170	0.00279	0.00733	0.00359	0.00374
68	0.00458	0.00393	0.00393	0.00393	0.00524	0.00327	0.00295	0.00556	0.00884	0.01047	0.03927	0.03731	0.83800	0.00982	0.00458	0.00131	0.00196	0.00818	0.00360	0.00327
69	0.00732	0.00689	0.01163	0.85444	0.02670	0.00861	0.01077	0.00991	0.00775	0.00991	0.00689	0.01034	0.00517	0.00388	0.00388	0.00129	0.00517	0.00345	0.00172	0.00431
70	0.00472	0.00337	0.00450	0.00540	0.00562	0.00315	0.00360	0.00540	0.00742	0.00990	0.02137	0.86122	0.02564	0.01215	0.00495	0.00157	0.00225	0.01102	0.00360	0.00315
71	0.00497	0.00394	0.00438	0.00431	0.00540	0.00345	0.00319	0.00616	0.00926	0.01183	0.28000	0.03406	0.51696	0.07018	0.00568	0.00147	0.00209	0.02564	0.00371	0.00333
72	0.01053	0.83271	0.01995	0.00677	0.01003	0.04813	0.00667	0.01176	0.00800	0.00914	0.00541	0.00625	0.00498	0.00334	0.00253	0.00084	0.00426	0.00209	0.00167	0.00496
73	0.01725	0.00683	0.00914	0.00701	0.01001	0.00604	0.00579	0.06219	0.01148	0.79842	0.01497	0.01299	0.00944	0.00479	0.00390	0.00120	0.00335	0.00388	0.00475	0.00660
74	0.00563	0.00379	0.00438	0.00438	0.00443	0.00384	0.00254	0.00574	0.00568	0.00763	0.01208	0.02460	0.01376	0.80012	0.08291	0.00395	0.00426	0.00552	0.00233	0.00243
75	0.00986	0.01081	0.01211	0.01038	0.01099	0.19983	0.04082	0.01084	0.00720	0.00949	0.00540	0.00823	0.00510	0.00602	0.01032	0.00152	0.63174	0.00324	0.00177	0.00434
76	0.89114	0.00750	0.00570	0.00510	0.00750	0.00870	0.00420	0.01140	0.00660	0.01739	0.00540	0.00630	0.00420	0.00360	0.00240	0.00120	0.00300	0.00210	0.00240	0.00420
77	0.01004	0.00914	0.00910	0.00816	0.01034	0.07835	0.01558	0.03364	0.72199	0.01565	0.01489	0.01442	0.01137	0.00525	0.00395	0.00130	0.00346	0.02368	0.00375	0.00594
78	0.00810	0.00673	0.00779	0.00564	0.00890	0.00517	0.00451	0.02375	0.00822	0.01297	0.00734	0.00852	0.00606	0.00302	0.00288	0.00061	0.00282	0.00241	0.06531	0.80926
79	0.00484	0.00348	0.00460	0.00538	0.00572	0.00325	0.00369	0.00565	0.00780	0.01039	0.08026	0.73471	0.05826	0.01169	0.00492	0.00155	0.00226	0.04469	0.00365	0.00321
80	0.00916	0.01043	0.02272	0.01651	0.03857	0.00979	0.80731	0.01241	0.00914	0.01242	0.00783	0.01044	0.00589	0.00327	0.00456	0.00130	0.00649	0.00455	0.00196	0.00525
81	0.01005	0.00846	0.00896	0.00791	0.01016	0.00971	0.00619	0.10474	0.72246	0.01706	0.03980	0.01436	0.01203	0.00528	0.00396	0.00130	0.00316	0.00437	0.00395	0.00611
82	0.00555	0.00372	0.00425	0.00434	0.00436	0.00370	0.00247	0.00562	0.00580	0.00774	0.01307	0.10367	0.01518	0.78397	0.01835	0.00355	0.00362	0.00614	0.00247	0.00242
83	0.01128	0.00822	0.00901	0.00780	0.01019	0.00917	0.00615	0.07782	0.63988	0.15215	0.01524	0.01389	0.01109	0.00514	0.00393	0.00129	0.00319	0.00424	0.00408	0.00624
84	0.89114	0.00750	0.00570	0.00510	0.00750	0.00870	0.00420	0.01140	0.00660	0.01739	0.00540	0.00630	0.00420	0.00360	0.00240	0.00120	0.00300	0.00210	0.00240	0.00420
85	0.00743	0.00693	0.00979	0.00868	0.00894	0.00929	0.00710	0.00850	0.00638	0.00968	0.06598	0.01186	0.00864	0.01321	0.24982	0.00295	0.55499	0.00387	0.00199	0.00398
86	0.00577	0.00432	0.00551	0.00584	0.00653	0.00416	0.00415	0.05567	0.00813	0.01105	0.01889	0.68434	0.02207	0.01070	0.00495	0.00148	0.02815	0.03642	0.00345	0.07841
87	0.01448	0.01848	0.01099	0.00999	0.01199	0.84819	0.00749	0.01548	0.01099	0.00949	0.00599	0.00699	0.00499	0.00400	0.00350	0.00100	0.00699	0.00250	0.00200	0.00449
88	0.01438	0.01827	0.01094	0.00994	0.01195	0.83080	0.00746	0.01559	0.02802	0.00963	0.00620	0.00715	0.00514	0.00402	0.00350	0.00101	0.00691	0.00254	0.00204	0.00453
89	0.00986	0.00981	0.01509	0.02174	0.71527	0.06927	0.01131	0.01195	0.00875	0.01218	0.00703	0.00932	0.00598	0.00375	0.00451	0.00118	0.07182	0.00338	0.00191	0.00587
90	0.73335	0.00775	0.00670	0.00609	0.03304	0.00876	0.00479	0.07610	0.00790	0.07665	0.00647	0.00713	0.00483	0.00376	0.00267	0.00120	0.00317	0.00238	0.00267	0.00462
