[name]
unknown

[dist]
# distance from previous block
# <min> <max>
0	76

[block]
# block no. 0 follows, 60 sequences, length 11
# corresponding to MSA columns:
# 89-99
name=unknown_A
#
# <colnr> <probs for GDERKNQSTAVLIFYWHMCP>
#	G	D	E	R	K	N	Q	S	T	A	V	L	I	F	Y	W	H	M	C	P
0	0.01037	0.00913	0.01392	0.18015	0.20138	0.03918	0.10917	0.08847	0.02309	0.05041	0.01117	0.06694	0.01008	0.07445	0.00636	0.00167	0.03045	0.05193	0.00279	0.01889
1	0.03161	0.00991	0.01499	0.09004	0.06404	0.09951	0.28284	0.01242	0.04247	0.03068	0.03936	0.01806	0.13829	0.06196	0.02737	0.00175	0.02148	0.00537	0.00276	0.00511
2	0.02673	0.00428	0.00498	0.00526	0.00593	0.00403	0.00360	0.00679	0.00861	0.01159	0.09908	0.26768	0.21861	0.21571	0.00969	0.02856	0.00291	0.03591	0.03663	0.00342
3	0.06257	0.00597	0.00713	0.00710	0.04343	0.00597	0.00506	0.02437	0.10985	0.09112	0.20245	0.08834	0.08856	0.12300	0.00707	0.00181	0.00314	0.05333	0.04910	0.02065
4	0.00850	0.00802	0.01356	0.75311	0.11112	0.00976	0.01224	0.01137	0.00885	0.01146	0.00780	0.01154	0.00593	0.00431	0.00436	0.00144	0.00575	0.00388	0.00196	0.00506
5	0.03426	0.00613	0.00755	0.05907	0.02988	0.00652	0.00528	0.12266	0.02843	0.05113	0.01430	0.16149	0.01463	0.29593	0.11804	0.00313	0.00499	0.00630	0.02596	0.00432
6	0.00568	0.00413	0.00485	0.00519	0.00570	0.00385	0.00340	0.00635	0.00831	0.01079	0.07746	0.32184	0.21297	0.29664	0.01111	0.00251	0.00300	0.00928	0.00362	0.00331
7	0.02895	0.00890	0.01178	0.01014	0.01072	0.01179	0.00837	0.07338	0.02841	0.01255	0.00950	0.01246	0.05697	0.00879	0.05664	0.00205	0.59888	0.00421	0.04062	0.00489
8	0.01140	0.00908	0.00938	0.00821	0.01060	0.04544	0.00642	0.15825	0.39899	0.07092	0.03618	0.06655	0.13564	0.00698	0.00459	0.00144	0.00363	0.00576	0.00432	0.00621
9	0.15934	0.01271	0.02678	0.00975	0.02641	0.20199	0.03565	0.17778	0.20469	0.01788	0.01020	0.01061	0.00779	0.00485	0.00415	0.00129	0.02135	0.00359	0.00328	0.05992
10	0.10447	0.01103	0.03059	0.17047	0.01549	0.15895	0.04658	0.08992	0.06070	0.07918	0.00943	0.01144	0.00739	0.03642	0.04635	0.00168	0.03161	0.00369	0.00285	0.08176

[dist]
# distance from previous block
# <min> <max>
2	17

[block]
# block no. 1 follows, 60 sequences, length 67
# corresponding to MSA columns:
# 119-143,156-197
name=unknown_B
#
# <colnr> <probs for GDERKNQSTAVLIFYWHMCP>
#	G	D	E	R	K	N	Q	S	T	A	V	L	I	F	Y	W	H	M	C	P
0	0.01173	0.01096	0.01692	0.02407	0.68758	0.03915	0.01256	0.11567	0.01138	0.01583	0.00845	0.01065	0.00693	0.00408	0.00431	0.00129	0.00523	0.00385	0.00245	0.00691
1	0.01604	0.01201	0.01236	0.00976	0.01300	0.06773	0.00795	0.60067	0.09765	0.08640	0.01168	0.02485	0.00849	0.00540	0.00436	0.00132	0.00475	0.00412	0.00430	0.00714
2	0.00920	0.04659	0.00876	0.00746	0.00895	0.00571	0.05639	0.01050	0.00955	0.17833	0.06014	0.47249	0.02166	0.01003	0.00534	0.00157	0.02908	0.01942	0.00402	0.03481
3	0.00531	0.00380	0.00506	0.00607	0.00633	0.00354	0.00405	0.00607	0.00835	0.01113	0.02404	0.84388	0.02885	0.01366	0.00557	0.00177	0.00253	0.01240	0.00405	0.00354
4	0.07201	0.00829	0.02241	0.00817	0.01139	0.00766	0.02434	0.13704	0.01300	0.57038	0.01561	0.06687	0.01090	0.00576	0.00437	0.00137	0.00390	0.00470	0.00486	0.00695
5	0.01183	0.01032	0.05892	0.02005	0.50344	0.00967	0.03593	0.01566	0.11134	0.13300	0.01124	0.01335	0.00883	0.00465	0.00442	0.00136	0.00484	0.03134	0.00297	0.00683
6	0.00531	0.00380	0.00506	0.00607	0.00633	0.00354	0.00405	0.00607	0.00835	0.01113	0.02404	0.84388	0.02885	0.01366	0.00557	0.00177	0.00253	0.01240	0.00405	0.00354
7	0.00824	0.00775	0.01308	0.83624	0.03004	0.00969	0.01211	0.01114	0.00872	0.01114	0.00775	0.01163	0.00581	0.00436	0.00436	0.00145	0.00581	0.00388	0.00194	0.00484
8	0.01079	0.01036	0.01770	0.02677	0.81952	0.01036	0.01339	0.01339	0.00993	0.01425	0.00820	0.01079	0.00691	0.00389	0.00432	0.00130	0.00518	0.00389	0.00216	0.00691
9	0.01079	0.01036	0.01770	0.02677	0.81952	0.01036	0.01339	0.01339	0.00993	0.01425	0.00820	0.01079	0.00691	0.00389	0.00432	0.00130	0.00518	0.00389	0.00216	0.00691
10	0.01085	0.00937	0.00986	0.00888	0.01134	0.01085	0.00690	0.02318	0.81164	0.01824	0.01775	0.01627	0.01331	0.00592	0.00444	0.00148	0.00345	0.00493	0.00444	0.00690
11	0.87753	0.00843	0.00641	0.00574	0.00843	0.00978	0.00472	0.01282	0.00742	0.01957	0.00607	0.00709	0.00472	0.00405	0.00270	0.00135	0.00337	0.00236	0.00270	0.00472
12	0.00630	0.00464	0.00683	0.00683	0.00759	0.00536	0.00527	0.00783	0.00707	0.01030	0.01184	0.01746	0.01107	0.05704	0.77347	0.00670	0.01109	0.00470	0.03474	0.00386
13	0.01115	0.00946	0.01005	0.00878	0.01143	0.01066	0.00688	0.08322	0.68685	0.01865	0.01640	0.01525	0.01232	0.00565	0.00434	0.00140	0.00354	0.00467	0.00429	0.07502
14	0.00615	0.00423	0.00474	0.00479	0.00498	0.00413	0.00280	0.00632	0.00687	0.00899	0.01780	0.07649	0.10806	0.70398	0.01931	0.00377	0.00390	0.00701	0.00288	0.00281
15	0.01527	0.00946	0.08047	0.00831	0.01160	0.00821	0.00728	0.18212	0.07961	0.40356	0.06470	0.01693	0.08045	0.00599	0.00447	0.00137	0.00393	0.00485	0.00464	0.00678
16	0.01631	0.02024	0.01241	0.01116	0.01349	0.77674	0.00842	0.06808	0.01288	0.01176	0.00698	0.00803	0.00573	0.00454	0.00396	0.00114	0.00767	0.00288	0.00238	0.00521
17	0.00813	0.00407	0.00407	0.00407	0.00508	0.00407	0.00305	0.01016	0.00915	0.01626	0.01423	0.01626	0.01118	0.00508	0.00305	0.00102	0.00203	0.00407	0.87093	0.00407
18	0.01043	0.00999	0.01704	0.14278	0.70637	0.01027	0.01320	0.01306	0.00976	0.01380	0.00814	0.01091	0.00675	0.00395	0.00432	0.00132	0.00527	0.00388	0.00213	0.00661
19	0.01079	0.01036	0.01770	0.02677	0.81952	0.01036	0.01339	0.01339	0.00993	0.01425	0.00820	0.01079	0.00691	0.00389	0.00432	0.00130	0.00518	0.00389	0.00216	0.00691
20	0.01957	0.00742	0.01012	0.00776	0.01113	0.00641	0.00641	0.02126	0.01248	0.82254	0.01721	0.01484	0.01080	0.00540	0.00439	0.00135	0.00371	0.00439	0.00540	0.00742
21	0.00531	0.00380	0.00506	0.00607	0.00633	0.00354	0.00405	0.00607	0.00835	0.01113	0.02404	0.84388	0.02885	0.01366	0.00557	0.00177	0.00253	0.01240	0.00405	0.00354
22	0.00934	0.07909	0.63780	0.01250	0.01832	0.01073	0.09929	0.04108	0.00975	0.01412	0.02390	0.00983	0.00642	0.00420	0.00418	0.00136	0.00627	0.00348	0.00203	0.00631
23	0.00603	0.00444	0.00603	0.00714	0.03337	0.00427	0.00504	0.00745	0.02453	0.01230	0.08631	0.55298	0.04167	0.01243	0.00556	0.00176	0.00291	0.17787	0.00405	0.00387
24	0.01121	0.01209	0.01282	0.01115	0.01179	0.20790	0.00905	0.02904	0.00838	0.01100	0.00634	0.00943	0.00594	0.00728	0.02753	0.00179	0.59105	0.00360	0.01773	0.00487
25	0.07672	0.17626	0.17476	0.01068	0.02660	0.39021	0.02387	0.05011	0.01100	0.01272	0.00700	0.00814	0.00565	0.00426	0.00372	0.00117	0.00646	0.00288	0.00222	0.00556
26	0.01597	0.04925	0.01309	0.01130	0.01366	0.77875	0.03009	0.01717	0.01218	0.01075	0.00677	0.00794	0.00564	0.00445	0.00393	0.00113	0.00774	0.00286	0.00223	0.00510
27	0.01221	0.75356	0.02170	0.00782	0.01146	0.05811	0.00756	0.06422	0.00979	0.01139	0.00638	0.00726	0.00572	0.00387	0.00296	0.00097	0.00483	0.00246	0.00205	0.00569
28	0.00680	0.00557	0.03640	0.00622	0.00750	0.00487	0.00481	0.05958	0.02979	0.03372	0.14823	0.36058	0.22820	0.01126	0.01871	0.00166	0.00290	0.02487	0.00412	0.00422
29	0.09290	0.10778	0.26767	0.01075	0.03639	0.09384	0.07188	0.06288	0.06879	0.08198	0.02773	0.01165	0.03776	0.00474	0.00403	0.00131	0.00534	0.00375	0.00279	0.00604
30	0.01041	0.01003	0.03526	0.03549	0.59755	0.00965	0.10027	0.01298	0.00987	0.03944	0.01005	0.09034	0.00904	0.00485	0.00453	0.00137	0.00516	0.00484	0.00244	0.00645
31	0.01938	0.00773	0.01031	0.00791	0.01129	0.00687	0.00653	0.07167	0.01300	0.77139	0.01677	0.01456	0.01058	0.00539	0.00438	0.00135	0.00378	0.00436	0.00533	0.00742
32	0.00875	0.02256	0.82413	0.01243	0.01888	0.01013	0.01611	0.01381	0.00921	0.01381	0.00783	0.00921	0.00552	0.00414	0.00414	0.00138	0.00645	0.00322	0.00184	0.00645
33	0.01140	0.02367	0.08112	0.01653	0.30403	0.02092	0.12355	0.05524	0.09348	0.10901	0.08265	0.03674	0.01150	0.00505	0.00452	0.00137	0.00490	0.00473	0.00315	0.00642
34	0.00758	0.00379	0.00568	0.00568	0.00568	0.00379	0.00379	0.00568	0.00568	0.00758	0.00758	0.01326	0.00758	0.01515	0.01705	0.87311	0.00379	0.00379	0.00189	0.00189
35	0.00531	0.00380	0.00506	0.00607	0.00633	0.00354	0.00405	0.00607	0.00835	0.01113	0.02404	0.84388	0.02885	0.01366	0.00557	0.00177	0.00253	0.01240	0.00405	0.00354
36	0.01166	0.01267	0.01623	0.10267	0.34423	0.20866	0.10362	0.01408	0.02645	0.01270	0.00779	0.01026	0.00645	0.00452	0.00545	0.00136	0.09934	0.00379	0.00218	0.00589
37	0.00933	0.08195	0.68046	0.01246	0.01847	0.01064	0.08090	0.01394	0.00935	0.03180	0.00799	0.00939	0.00574	0.00410	0.00413	0.00136	0.00633	0.00334	0.00195	0.00636
38	0.01019	0.01246	0.07709	0.01800	0.02254	0.01097	0.75302	0.01396	0.01022	0.01396	0.00876	0.01160	0.00655	0.00371	0.00508	0.00146	0.00729	0.00502	0.00218	0.00592
39	0.01903	0.00731	0.00991	0.00764	0.01094	0.00631	0.00629	0.02070	0.01239	0.79230	0.01821	0.01586	0.04089	0.00561	0.00441	0.00135	0.00366	0.00457	0.00535	0.00728
40	0.01034	0.01162	0.02493	0.01922	0.10242	0.01096	0.72470	0.01391	0.01026	0.01400	0.00876	0.01167	0.00665	0.00370	0.00506	0.00145	0.00714	0.00502	0.00220	0.00598
41	0.01538	0.01024	0.03531	0.06335	0.01473	0.04542	0.11725	0.19295	0.09140	0.33368	0.01373	0.01336	0.02208	0.00513	0.00447	0.00137	0.00480	0.00439	0.00416	0.00680
42	0.00644	0.00542	0.02206	0.01973	0.00907	0.00529	0.06630	0.00783	0.00872	0.01172	0.02061	0.50621	0.02358	0.01261	0.03680	0.00199	0.05373	0.17426	0.00364	0.00398
43	0.87753	0.00843	0.00641	0.00574	0.00843	0.00978	0.00472	0.01282	0.00742	0.01957	0.00607	0.00709	0.00472	0.00405	0.00270	0.00135	0.00337	0.00236	0.00270	0.00472
44	0.00758	0.00379	0.00568	0.00568	0.00568	0.00379	0.00379	0.00568	0.00568	0.00758	0.00758	0.01326	0.00758	0.01515	0.01705	0.87311	0.00379	0.00379	0.00189	0.00189
45	0.01547	0.00982	0.03412	0.00875	0.01194	0.00983	0.00731	0.33501	0.13625	0.28469	0.01633	0.01575	0.06665	0.00591	0.00447	0.00138	0.00409	0.02064	0.00461	0.00698
46	0.01066	0.01084	0.03609	0.02426	0.62608	0.01050	0.15824	0.01387	0.03988	0.01434	0.00867	0.01114	0.00706	0.00393	0.00447	0.00134	0.00554	0.00414	0.00225	0.00671
47	0.01928	0.00735	0.01002	0.00773	0.01104	0.00635	0.00636	0.02095	0.01240	0.80624	0.01734	0.03150	0.01116	0.00556	0.00441	0.00136	0.00369	0.00455	0.00537	0.00734
48	0.01168	0.01062	0.07314	0.00917	0.01198	0.06239	0.02970	0.07184	0.44906	0.09620	0.05650	0.01737	0.04438	0.00607	0.00450	0.00144	0.00409	0.02931	0.00411	0.00645
49	0.01096	0.01069	0.01754	0.02629	0.79458	0.03570	0.01323	0.01351	0.01001	0.01414	0.00816	0.01070	0.00687	0.00390	0.00431	0.00129	0.00526	0.00385	0.00216	0.00685
50	0.00542	0.00388	0.00517	0.00607	0.00640	0.00362	0.00412	0.00631	0.00871	0.01169	0.08778	0.76073	0.02975	0.01325	0.00554	0.00174	0.00253	0.02957	0.00411	0.00360
51	0.03973	0.04186	0.22114	0.01301	0.06877	0.00941	0.22844	0.02683	0.01068	0.26704	0.01152	0.01214	0.01973	0.00449	0.00443	0.00137	0.00551	0.00420	0.00317	0.00652
52	0.59034	0.07199	0.04765	0.00729	0.01034	0.06358	0.01771	0.11903	0.00972	0.01902	0.00683	0.00775	0.00527	0.00421	0.00311	0.00130	0.00415	0.00268	0.00278	0.00527
53	0.00824	0.00775	0.01308	0.83624	0.03004	0.00969	0.01211	0.01114	0.00872	0.01114	0.00775	0.01163	0.00581	0.00436	0.00436	0.00145	0.00581	0.00388	0.00194	0.00484
54	0.01385	0.00971	0.02459	0.01148	0.11816	0.05111	0.06920	0.13021	0.09193	0.25839	0.05037	0.02873	0.03421	0.00536	0.00452	0.00131	0.01484	0.00456	0.00391	0.07353
55	0.01290	0.00891	0.00992	0.00861	0.01129	0.00981	0.00679	0.02272	0.62380	0.20729	0.01762	0.01594	0.01272	0.00580	0.00443	0.00145	0.00351	0.00480	0.00466	0.00703
56	0.05125	0.00920	0.01047	0.00894	0.03590	0.02082	0.00693	0.31937	0.10483	0.21042	0.06630	0.09955	0.02357	0.00643	0.00448	0.00139	0.00394	0.00526	0.00444	0.00654
57	0.01023	0.01206	0.05021	0.01807	0.02246	0.01105	0.76440	0.01390	0.01019	0.01390	0.00873	0.01164	0.00657	0.00377	0.00529	0.00148	0.02293	0.00506	0.00219	0.00588
58	0.87753	0.00843	0.00641	0.00574	0.00843	0.00978	0.00472	0.01282	0.00742	0.01957	0.00607	0.00709	0.00472	0.00405	0.00270	0.00135	0.00337	0.00236	0.00270	0.00472
59	0.00537	0.00384	0.00511	0.00604	0.00634	0.00358	0.00405	0.00621	0.00861	0.01154	0.07506	0.79169	0.02964	0.01336	0.00554	0.00175	0.00250	0.01211	0.00410	0.00358
60	0.00552	0.00442	0.00493	0.00483	0.00612	0.00383	0.00361	0.00695	0.01076	0.01378	0.31655	0.05406	0.52858	0.01034	0.00516	0.00144	0.00216	0.00880	0.00432	0.00383
61	0.38710	0.00815	0.00859	0.00704	0.01006	0.00841	0.00578	0.03917	0.07517	0.39108	0.01229	0.01151	0.00830	0.00486	0.00367	0.00136	0.00358	0.00355	0.00413	0.00622
62	0.00627	0.00450	0.00555	0.00542	0.00650	0.00409	0.00404	0.00788	0.01102	0.03488	0.47051	0.08670	0.21941	0.06369	0.00630	0.00164	0.00241	0.05082	0.00441	0.00396
63	0.01086	0.00716	0.00902	0.00932	0.10147	0.02104	0.00641	0.08860	0.08983	0.18222	0.12834	0.15239	0.12276	0.00807	0.00484	0.00146	0.00344	0.04295	0.00425	0.00557
64	0.00691	0.00531	0.00611	0.00574	0.00700	0.00521	0.00425	0.03902	0.10799	0.01520	0.37402	0.03179	0.22378	0.12726	0.00745	0.00182	0.00270	0.01994	0.00424	0.00426
65	0.01227	0.34901	0.05429	0.09789	0.07137	0.19892	0.06910	0.05604	0.01040	0.01209	0.00706	0.00865	0.00589	0.00417	0.00394	0.00116	0.02691	0.00308	0.00214	0.00562
66	0.16944	0.04703	0.04703	0.04268	0.25845	0.21613	0.05904	0.03666	0.02296	0.03493	0.00781	0.00940	0.00623	0.00417	0.00390	0.00126	0.00560	0.00333	0.00244	0.02151

[dist]
# distance from previous block
# <min> <max>
0	2

[block]
# block no. 2 follows, 60 sequences, length 39
# corresponding to MSA columns:
# 200-238
name=unknown_C
#
# <colnr> <probs for GDERKNQSTAVLIFYWHMCP>
#	G	D	E	R	K	N	Q	S	T	A	V	L	I	F	Y	W	H	M	C	P
0	0.01431	0.03049	0.06390	0.03283	0.07655	0.46740	0.06807	0.09056	0.01211	0.03573	0.00782	0.00936	0.00627	0.01662	0.00472	0.00127	0.03589	0.00334	0.00249	0.02029
1	0.00963	0.03497	0.03016	0.03877	0.03289	0.05512	0.00812	0.08486	0.02503	0.01293	0.04074	0.02750	0.09866	0.00953	0.08379	0.00210	0.37492	0.00470	0.02064	0.00494
2	0.54516	0.00812	0.00783	0.00653	0.00943	0.00865	0.00538	0.04162	0.00964	0.28237	0.03160	0.01042	0.00777	0.00466	0.00337	0.00135	0.00350	0.00322	0.00369	0.00568
3	0.01541	0.00716	0.00921	0.00746	0.01019	0.00666	0.00601	0.06358	0.08546	0.51394	0.16570	0.04584	0.03055	0.00645	0.00458	0.00138	0.00338	0.00540	0.00507	0.00657
4	0.00614	0.00428	0.00570	0.00653	0.00717	0.00405	0.00488	0.00732	0.00912	0.03142	0.04107	0.52693	0.08576	0.01273	0.00563	0.00180	0.00294	0.22867	0.00409	0.00379
5	0.00704	0.00474	0.00602	0.00557	0.00684	0.00433	0.00422	0.00914	0.02574	0.07151	0.65713	0.03221	0.13111	0.00888	0.00508	0.00138	0.00221	0.00776	0.00475	0.00434
6	0.00875	0.02256	0.82413	0.01243	0.01888	0.01013	0.01611	0.01381	0.00921	0.01381	0.00783	0.00921	0.00552	0.00414	0.00414	0.00138	0.00645	0.00322	0.00184	0.00645
7	0.00571	0.00433	0.00525	0.00533	0.00633	0.00390	0.00391	0.00718	0.01063	0.01416	0.38066	0.19672	0.28073	0.02487	0.00555	0.00155	0.00229	0.03270	0.00436	0.00384
8	0.01629	0.02079	0.01236	0.01124	0.01348	0.82921	0.00843	0.01742	0.01236	0.01067	0.00674	0.00787	0.00562	0.00449	0.00393	0.00112	0.00787	0.00281	0.00225	0.00506
9	0.00833	0.00426	0.00428	0.00421	0.00529	0.00429	0.00318	0.02939	0.00942	0.01653	0.01414	0.01612	0.01109	0.00509	0.00308	0.00102	0.00210	0.00406	0.84997	0.00415
10	0.00875	0.02256	0.82413	0.01243	0.01888	0.01013	0.01611	0.01381	0.00921	0.01381	0.00783	0.00921	0.00552	0.00414	0.00414	0.00138	0.00645	0.00322	0.00184	0.00645
11	0.01085	0.00937	0.00986	0.00888	0.01134	0.01085	0.00690	0.02318	0.81164	0.01824	0.01775	0.01627	0.01331	0.00592	0.00444	0.00148	0.00345	0.00493	0.00444	0.00690
12	0.01166	0.84935	0.02285	0.00746	0.01119	0.01726	0.00746	0.01306	0.00886	0.01026	0.00606	0.00700	0.00560	0.00373	0.00280	0.00093	0.00466	0.00233	0.00187	0.00560
13	0.00634	0.00423	0.00476	0.00476	0.00476	0.00423	0.00264	0.00634	0.00634	0.00846	0.01374	0.02854	0.01586	0.84672	0.02220	0.00423	0.00423	0.00634	0.00264	0.00264
14	0.00617	0.00446	0.00583	0.00549	0.00652	0.00412	0.00412	0.00823	0.01235	0.01749	0.81722	0.03258	0.04115	0.00892	0.00514	0.00137	0.00206	0.00789	0.00480	0.00412
15	0.01934	0.00778	0.01035	0.00793	0.01131	0.00695	0.00655	0.08033	0.01309	0.76261	0.01670	0.01452	0.01054	0.00539	0.00438	0.00135	0.00379	0.00435	0.00532	0.00742
16	0.00878	0.00834	0.01425	0.66188	0.18296	0.00985	0.02920	0.01164	0.00899	0.01181	0.00786	0.01147	0.00604	0.00425	0.00437	0.00142	0.00572	0.00390	0.00199	0.00527
17	0.01629	0.02079	0.01236	0.01124	0.01348	0.82921	0.00843	0.01742	0.01236	0.01067	0.00674	0.00787	0.00562	0.00449	0.00393	0.00112	0.00787	0.00281	0.00225	0.00506
18	0.04267	0.13645	0.17196	0.05046	0.41269	0.01131	0.02594	0.03752	0.02655	0.03278	0.00820	0.01004	0.00656	0.00405	0.00402	0.00127	0.00526	0.00353	0.00226	0.00647
19	0.01136	0.02605	0.09609	0.03943	0.26246	0.09147	0.04328	0.08378	0.12196	0.03496	0.03642	0.01207	0.00883	0.00570	0.02841	0.00153	0.06838	0.00405	0.01756	0.00622
20	0.00634	0.00423	0.00476	0.00476	0.00476	0.00423	0.00264	0.00634	0.00634	0.00846	0.01374	0.02854	0.01586	0.84672	0.02220	0.00423	0.00423	0.00634	0.00264	0.00264
21	0.00962	0.01011	0.03624	0.03029	0.16203	0.01074	0.29062	0.01203	0.00902	0.01296	0.03565	0.04153	0.02015	0.00563	0.00772	0.00156	0.26165	0.00481	0.03213	0.00549
22	0.11820	0.05849	0.07188	0.05481	0.19539	0.11469	0.03091	0.20533	0.04991	0.03414	0.00932	0.01044	0.01860	0.00457	0.00403	0.00129	0.00521	0.00361	0.00292	0.00626
23	0.00605	0.00431	0.00559	0.00628	0.00680	0.00416	0.00461	0.00711	0.00867	0.01144	0.05558	0.36320	0.06871	0.17792	0.02191	0.00237	0.00340	0.23458	0.00377	0.00354
24	0.01074	0.00566	0.00734	0.00642	0.00828	0.00518	0.00501	0.01308	0.05447	0.28304	0.39638	0.07888	0.07955	0.00808	0.00490	0.00141	0.00275	0.01864	0.00487	0.00529
25	0.02713	0.17601	0.50985	0.01195	0.04847	0.07284	0.03797	0.01401	0.02329	0.01306	0.00756	0.00892	0.00576	0.00417	0.00409	0.00129	0.02241	0.00314	0.00196	0.00612
26	0.03066	0.13024	0.05597	0.02617	0.02670	0.02570	0.02127	0.04093	0.16718	0.03091	0.07977	0.08659	0.11546	0.00728	0.00554	0.00146	0.09607	0.04342	0.00336	0.00529
27	0.01065	0.00585	0.00741	0.00637	0.00831	0.00541	0.00499	0.03898	0.05296	0.25788	0.42765	0.02673	0.11315	0.00782	0.00486	0.00138	0.00273	0.00670	0.00487	0.00531
28	0.01441	0.00783	0.00949	0.00787	0.01050	0.00779	0.00627	0.15853	0.14335	0.36451	0.07239	0.12463	0.03877	0.00694	0.00462	0.00142	0.00355	0.00582	0.00480	0.00649
29	0.01195	0.06312	0.05138	0.12866	0.10348	0.11011	0.03775	0.16354	0.02530	0.08478	0.01229	0.12720	0.02398	0.00604	0.00441	0.00137	0.00499	0.01499	0.01888	0.00578
30	0.01533	0.00798	0.00973	0.00793	0.01080	0.00787	0.00641	0.11261	0.18564	0.43652	0.07710	0.01804	0.05744	0.00618	0.00452	0.00139	0.00359	0.01919	0.00493	0.00680
31	0.00771	0.00448	0.00491	0.00474	0.00586	0.00445	0.00358	0.02325	0.03335	0.01651	0.21545	0.02114	0.04649	0.00694	0.02364	0.00128	0.00237	0.00523	0.56440	0.00420
32	0.02295	0.00438	0.00561	0.00606	0.00679	0.00413	0.00427	0.00770	0.00874	0.07635	0.03793	0.52926	0.10672	0.07028	0.05776	0.00219	0.00334	0.03771	0.00394	0.00388
33	0.01174	0.05224	0.03446	0.03712	0.43072	0.12660	0.12490	0.06098	0.02295	0.01415	0.00816	0.01034	0.00666	0.00420	0.00468	0.00131	0.03629	0.00384	0.00231	0.00634
34	0.00722	0.02639	0.02024	0.00752	0.00810	0.00723	0.01915	0.00820	0.00703	0.00993	0.01224	0.04621	0.03603	0.27987	0.27733	0.00422	0.20036	0.01649	0.00244	0.00380
35	0.07687	0.00809	0.00908	0.00759	0.01020	0.02173	0.00608	0.13097	0.17239	0.26185	0.09636	0.03692	0.06462	0.00631	0.00437	0.00137	0.00351	0.01912	0.03312	0.02946
36	0.02147	0.03969	0.08906	0.06434	0.13373	0.02444	0.06755	0.08572	0.05418	0.05448	0.02272	0.05101	0.04650	0.00607	0.00593	0.00146	0.12789	0.05199	0.00290	0.04887
37	0.03364	0.02636	0.03941	0.01135	0.06037	0.08901	0.10687	0.21109	0.23025	0.04174	0.01301	0.08155	0.01073	0.00580	0.00449	0.00140	0.00485	0.01813	0.00362	0.00632
38	0.01024	0.00951	0.01323	0.01136	0.05485	0.07088	0.18328	0.09700	0.09906	0.03484	0.07869	0.09295	0.07833	0.01943	0.02303	0.00162	0.07708	0.01884	0.00330	0.02246

[dist]
# distance from previous block
# <min> <max>
3	9

[block]
# block no. 3 follows, 60 sequences, length 17
# corresponding to MSA columns:
# 248,249,300-314
name=unknown_D
#
# <colnr> <probs for GDERKNQSTAVLIFYWHMCP>
#	G	D	E	R	K	N	Q	S	T	A	V	L	I	F	Y	W	H	M	C	P
0	0.04100	0.12431	0.09163	0.04573	0.02997	0.00931	0.01694	0.13353	0.03691	0.02306	0.01090	0.12110	0.01005	0.00601	0.01860	0.00127	0.00428	0.02207	0.00296	0.25037
1	0.00640	0.00477	0.00575	0.00575	0.00673	0.00461	0.00416	0.00835	0.06302	0.03121	0.24294	0.23868	0.22562	0.08349	0.02819	0.00191	0.02154	0.00878	0.00410	0.00400
2	0.01227	0.01072	0.02279	0.01101	0.06627	0.12515	0.08595	0.10261	0.18948	0.10001	0.03578	0.01443	0.05251	0.00646	0.00629	0.07302	0.07151	0.00452	0.00339	0.00582
3	0.01022	0.00980	0.01668	0.20206	0.59439	0.01025	0.03783	0.01326	0.03760	0.01370	0.00846	0.01120	0.00688	0.00405	0.00436	0.00134	0.00533	0.00396	0.00219	0.00643
4	0.00859	0.00711	0.03457	0.00711	0.00900	0.00694	0.00571	0.05836	0.25855	0.04868	0.11986	0.10981	0.20941	0.02749	0.00531	0.00158	0.00315	0.06936	0.00423	0.00518
5	0.14979	0.02734	0.09807	0.00745	0.00969	0.08046	0.00654	0.06896	0.01031	0.03348	0.07962	0.14338	0.10182	0.03176	0.00497	0.00154	0.00396	0.09709	0.02957	0.01419
6	0.00558	0.00395	0.00507	0.00582	0.00609	0.00376	0.00384	0.00624	0.00800	0.01064	0.02228	0.61905	0.04912	0.18317	0.02508	0.00237	0.00308	0.02976	0.00373	0.00338
7	0.05646	0.37538	0.11585	0.00934	0.03148	0.06855	0.02962	0.06667	0.02150	0.01289	0.00758	0.00946	0.00652	0.03277	0.02195	0.00141	0.08730	0.00313	0.03663	0.00553
8	0.10305	0.00990	0.01045	0.00849	0.01153	0.05250	0.00688	0.25539	0.15310	0.23529	0.01376	0.01382	0.02516	0.00544	0.00419	0.00133	0.00413	0.02674	0.00426	0.05459
9	0.05040	0.21809	0.44221	0.02961	0.08344	0.03547	0.01250	0.03361	0.00956	0.03653	0.00766	0.00892	0.00583	0.00410	0.00378	0.00126	0.00568	0.00308	0.00209	0.00618
10	0.01271	0.10589	0.01667	0.04623	0.01566	0.02920	0.26518	0.08459	0.11639	0.17887	0.01238	0.04408	0.00952	0.00507	0.00449	0.00138	0.00517	0.01999	0.02032	0.00621
11	0.00548	0.00398	0.00520	0.00607	0.00653	0.00370	0.00424	0.00642	0.00878	0.01158	0.05229	0.67044	0.10428	0.01311	0.00555	0.00175	0.00261	0.08028	0.00407	0.00362
12	0.14879	0.01099	0.01408	0.09687	0.39656	0.12393	0.03311	0.03345	0.01010	0.03523	0.00871	0.01203	0.00734	0.00454	0.00413	0.00134	0.00528	0.04509	0.00247	0.00595
13	0.03135	0.07012	0.05774	0.01127	0.07317	0.23554	0.04742	0.19177	0.05325	0.12341	0.02872	0.02318	0.00847	0.00493	0.00415	0.00126	0.00549	0.00383	0.01870	0.00621
14	0.00580	0.00399	0.00518	0.00593	0.00640	0.00368	0.00402	0.00663	0.00865	0.03662	0.04617	0.70575	0.09118	0.04029	0.00603	0.00180	0.00258	0.01158	0.00406	0.00366
15	0.01067	0.00876	0.02034	0.03319	0.15870	0.02493	0.03677	0.10760	0.02358	0.07834	0.04004	0.06117	0.06620	0.00609	0.01997	0.00134	0.06023	0.00465	0.02167	0.21577
16	0.15028	0.00767	0.00889	0.00734	0.01007	0.00767	0.00592	0.07236	0.12873	0.38838	0.09054	0.04015	0.02433	0.00589	0.00420	0.00137	0.00343	0.00474	0.03169	0.00634

[dist]
# distance from previous block
# <min> <max>
1	3

[block]
# block no. 4 follows, 60 sequences, length 28
# corresponding to MSA columns:
# 318-336,338-341,344-348
name=unknown_E
#
# <colnr> <probs for GDERKNQSTAVLIFYWHMCP>
#	G	D	E	R	K	N	Q	S	T	A	V	L	I	F	Y	W	H	M	C	P
0	0.75959	0.01019	0.03609	0.00653	0.00932	0.09261	0.00550	0.01332	0.00798	0.01846	0.00620	0.00724	0.00484	0.00410	0.00288	0.00133	0.00394	0.00244	0.00262	0.00482
1	0.03714	0.01081	0.04843	0.04425	0.64572	0.02677	0.01242	0.03682	0.04999	0.01477	0.00938	0.01150	0.02409	0.00422	0.00428	0.00131	0.00509	0.00396	0.00238	0.00668
2	0.01238	0.01045	0.01171	0.01140	0.12793	0.05919	0.00791	0.28189	0.20002	0.01916	0.01237	0.08163	0.01028	0.00558	0.00429	0.00128	0.00431	0.00461	0.00366	0.12996
3	0.00542	0.00387	0.00517	0.00610	0.00642	0.00362	0.00414	0.00629	0.00864	0.01157	0.07161	0.77104	0.02947	0.01333	0.00556	0.00175	0.00255	0.03576	0.00409	0.00359
4	0.17170	0.00953	0.01066	0.00891	0.04353	0.02463	0.00698	0.29119	0.01422	0.32778	0.02717	0.01239	0.02156	0.00518	0.00409	0.00133	0.00411	0.00395	0.00434	0.00675
5	0.01134	0.75978	0.10965	0.00800	0.01203	0.01649	0.00840	0.01314	0.00890	0.01065	0.00625	0.00724	0.00559	0.00378	0.00294	0.00098	0.00486	0.00243	0.00186	0.00569
6	0.00909	0.01006	0.07566	0.01188	0.05022	0.01164	0.05602	0.01065	0.00772	0.01155	0.04820	0.03612	0.04651	0.00735	0.01139	0.00176	0.58242	0.00455	0.00224	0.00495
7	0.00927	0.00665	0.00756	0.00706	0.00856	0.02610	0.00530	0.16878	0.07127	0.06144	0.16493	0.34608	0.05446	0.00950	0.00497	0.00151	0.00313	0.00828	0.03022	0.00494
8	0.01957	0.00742	0.01012	0.00776	0.01113	0.00641	0.00641	0.02126	0.01248	0.82254	0.01721	0.01484	0.01080	0.00540	0.00439	0.00135	0.00371	0.00439	0.00540	0.00742
9	0.00539	0.00388	0.00513	0.00603	0.00638	0.00361	0.00409	0.00627	0.00867	0.01156	0.07022	0.75413	0.05535	0.01327	0.00554	0.00174	0.00252	0.02854	0.00409	0.00359
10	0.00971	0.00640	0.00825	0.00762	0.00927	0.00646	0.04120	0.01376	0.20884	0.15388	0.04828	0.22260	0.04608	0.09966	0.00689	0.00188	0.00351	0.09641	0.00417	0.00514
11	0.00530	0.00444	0.00462	0.00462	0.00604	0.00376	0.00349	0.00652	0.01017	0.01234	0.11483	0.04131	0.72354	0.01088	0.00518	0.00148	0.00225	0.03138	0.00412	0.00373
12	0.75770	0.00888	0.00735	0.00637	0.00908	0.01030	0.00526	0.09973	0.00884	0.02017	0.00655	0.00753	0.00505	0.00428	0.00322	0.00136	0.02788	0.00258	0.00286	0.00502
13	0.01384	0.02953	0.01146	0.00969	0.03322	0.12415	0.00752	0.30888	0.23478	0.07678	0.02656	0.04809	0.03239	0.00593	0.00440	0.00136	0.00457	0.01630	0.00403	0.00653
14	0.00585	0.00431	0.00547	0.00546	0.00639	0.00394	0.00399	0.00750	0.01118	0.01537	0.54360	0.20251	0.14786	0.01020	0.00523	0.00147	0.00218	0.00901	0.00454	0.00394
15	0.87753	0.00843	0.00641	0.00574	0.00843	0.00978	0.00472	0.01282	0.00742	0.01957	0.00607	0.00709	0.00472	0.00405	0.00270	0.00135	0.00337	0.00236	0.00270	0.00472
16	0.00875	0.02256	0.82413	0.01243	0.01888	0.01013	0.01611	0.01381	0.00921	0.01381	0.00783	0.00921	0.00552	0.00414	0.00414	0.00138	0.00645	0.00322	0.00184	0.00645
17	0.01629	0.02079	0.01236	0.01124	0.01348	0.82921	0.00843	0.01742	0.01236	0.01067	0.00674	0.00787	0.00562	0.00449	0.00393	0.00112	0.00787	0.00281	0.00225	0.00506
18	0.01050	0.00544	0.00674	0.00609	0.00797	0.00479	0.00471	0.01202	0.02246	0.29575	0.06960	0.17216	0.29865	0.00919	0.00491	0.00148	0.00284	0.02875	0.03090	0.00506
19	0.03268	0.00868	0.00965	0.00847	0.02776	0.05457	0.02721	0.20632	0.14011	0.08847	0.20160	0.06975	0.04382	0.04199	0.00538	0.00151	0.00381	0.01829	0.00420	0.00571
20	0.00538	0.00404	0.00501	0.00567	0.00632	0.00367	0.00396	0.00636	0.00907	0.01175	0.07694	0.55479	0.23814	0.01263	0.00545	0.00168	0.00247	0.03894	0.00409	0.00363
21	0.00946	0.00885	0.01472	0.51812	0.30941	0.01007	0.01242	0.04175	0.00959	0.01286	0.00801	0.01129	0.00626	0.00423	0.00435	0.00139	0.00555	0.00388	0.00211	0.00567
22	0.00824	0.00775	0.01308	0.83624	0.03004	0.00969	0.01211	0.01114	0.00872	0.01114	0.00775	0.01163	0.00581	0.00436	0.00436	0.00145	0.00581	0.00388	0.00194	0.00484
23	0.07208	0.00748	0.00989	0.00764	0.01097	0.00662	0.00631	0.02074	0.01217	0.77340	0.01653	0.01437	0.01042	0.00532	0.00428	0.00135	0.00369	0.00426	0.00523	0.00726
24	0.00707	0.00681	0.09459	0.00681	0.00837	0.00534	0.00571	0.03166	0.05737	0.03960	0.11175	0.31542	0.14373	0.07349	0.02995	0.00194	0.00348	0.04876	0.00381	0.00435
25	0.07269	0.00486	0.00503	0.00475	0.00611	0.00493	0.00365	0.03231	0.00949	0.07621	0.01395	0.03755	0.01104	0.00599	0.02496	0.00125	0.00260	0.00420	0.67399	0.00443
26	0.00620	0.00431	0.00537	0.00570	0.00627	0.00413	0.00406	0.00684	0.00830	0.01082	0.07055	0.17006	0.16301	0.24974	0.02660	0.09692	0.00350	0.15092	0.00342	0.00326
27	0.03061	0.01138	0.04749	0.12403	0.36177	0.05682	0.04627	0.19295	0.03847	0.01678	0.00893	0.01088	0.00699	0.00496	0.02163	0.00145	0.00551	0.00388	0.00271	0.00648

[dist]
# distance from previous block
# <min> <max>
3	6

[block]
# block no. 5 follows, 60 sequences, length 14
# corresponding to MSA columns:
# 355-368
name=unknown_F
#
# <colnr> <probs for GDERKNQSTAVLIFYWHMCP>
#	G	D	E	R	K	N	Q	S	T	A	V	L	I	F	Y	W	H	M	C	P
0	0.18933	0.41725	0.03299	0.00934	0.06753	0.05463	0.03419	0.04040	0.09333	0.01406	0.00774	0.00861	0.00641	0.00413	0.00327	0.00115	0.00460	0.00291	0.00244	0.00571
1	0.00654	0.00485	0.00584	0.00577	0.00689	0.00462	0.00431	0.00836	0.04497	0.04422	0.25400	0.18787	0.29579	0.03602	0.00607	0.00162	0.03359	0.04038	0.00421	0.00408
2	0.00972	0.04143	0.05770	0.04653	0.13328	0.04862	0.15058	0.03660	0.06209	0.01311	0.04247	0.06100	0.02007	0.05392	0.04057	0.00187	0.16756	0.00491	0.00257	0.00538
3	0.00542	0.00399	0.00508	0.00572	0.00629	0.00365	0.00394	0.00643	0.00921	0.01220	0.14799	0.59432	0.15469	0.01253	0.00544	0.00166	0.00241	0.01121	0.00416	0.00365
4	0.01268	0.02326	0.00915	0.00746	0.00981	0.00777	0.00595	0.17488	0.10464	0.24495	0.07957	0.02061	0.09805	0.08029	0.06109	0.00200	0.00419	0.03010	0.01767	0.00588
5	0.71217	0.00803	0.00677	0.00600	0.00855	0.00913	0.00490	0.03260	0.00829	0.06045	0.05670	0.00966	0.00766	0.00597	0.04688	0.00165	0.00379	0.00297	0.00299	0.00485
6	0.02881	0.00527	0.00699	0.00689	0.00781	0.00594	0.00539	0.05063	0.00835	0.01236	0.01355	0.06744	0.01315	0.06629	0.44593	0.00460	0.04491	0.08725	0.11435	0.00409
7	0.01241	0.00850	0.00947	0.00814	0.01072	0.00913	0.00643	0.09124	0.45483	0.18734	0.05299	0.01882	0.09768	0.00641	0.00452	0.00143	0.00344	0.00530	0.00461	0.00661
8	0.00921	0.00899	0.01246	0.01075	0.01075	0.01240	0.00882	0.01006	0.00664	0.01028	0.00656	0.01153	0.00679	0.09551	0.01514	0.00215	0.75134	0.00408	0.00199	0.00455
9	0.00983	0.00822	0.00947	0.00683	0.01067	0.00662	0.00549	0.09413	0.01024	0.01560	0.00804	0.00919	0.00656	0.00344	0.00335	0.00072	0.00339	0.00272	0.00277	0.78269
10	0.01434	0.00874	0.01105	0.00898	0.03407	0.00848	0.03905	0.15923	0.13819	0.30321	0.03417	0.01352	0.01030	0.00595	0.03188	0.00143	0.00419	0.00418	0.00421	0.16483
11	0.13240	0.00894	0.00935	0.00722	0.01056	0.03396	0.00581	0.15795	0.04871	0.05842	0.00927	0.01001	0.00716	0.00409	0.00349	0.00097	0.00366	0.00309	0.04926	0.43569
12	0.04424	0.02742	0.08151	0.01006	0.03448	0.06943	0.08569	0.18498	0.09641	0.09360	0.06981	0.02685	0.07083	0.00607	0.00451	0.00138	0.00463	0.05509	0.00365	0.02936
13	0.01289	0.04538	0.07495	0.01064	0.04450	0.27923	0.02710	0.07607	0.21324	0.04847	0.02145	0.04227	0.00934	0.00527	0.00444	0.00129	0.02747	0.00404	0.00315	0.04881

[dist]
# distance from previous block
# <min> <max>
1	6

[block]
# block no. 6 follows, 60 sequences, length 17
# corresponding to MSA columns:
# 375-391
name=unknown_G
#
# <colnr> <probs for GDERKNQSTAVLIFYWHMCP>
#	G	D	E	R	K	N	Q	S	T	A	V	L	I	F	Y	W	H	M	C	P
0	0.09261	0.11370	0.08849	0.02971	0.06826	0.05339	0.03469	0.10999	0.07157	0.04062	0.03198	0.04617	0.03604	0.02701	0.00439	0.00129	0.00446	0.00407	0.00297	0.13856
1	0.00826	0.00645	0.00749	0.00672	0.00847	0.00656	0.00509	0.04679	0.21594	0.02656	0.24217	0.05656	0.07342	0.08802	0.07976	0.00210	0.00378	0.00613	0.00394	0.10581
2	0.00966	0.00771	0.01130	0.00956	0.01158	0.00785	0.15124	0.19540	0.02673	0.04017	0.01792	0.31788	0.05066	0.02235	0.00565	0.00164	0.02436	0.07946	0.00376	0.00512
3	0.00800	0.00565	0.00667	0.00644	0.00747	0.00579	0.00462	0.10246	0.06579	0.04250	0.07246	0.27680	0.08518	0.21092	0.03395	0.00237	0.01632	0.02667	0.01568	0.00425
4	0.87753	0.00843	0.00641	0.00574	0.00843	0.00978	0.00472	0.01282	0.00742	0.01957	0.00607	0.00709	0.00472	0.00405	0.00270	0.00135	0.00337	0.00236	0.00270	0.00472
5	0.01040	0.00972	0.01609	0.25967	0.54334	0.01036	0.01271	0.05994	0.01021	0.01414	0.00821	0.01102	0.00662	0.00410	0.00433	0.00134	0.00534	0.00389	0.00223	0.00634
6	0.00608	0.00450	0.00621	0.00629	0.00695	0.00492	0.00464	0.00725	0.00727	0.01006	0.01603	0.08870	0.08696	0.17530	0.54223	0.00558	0.00873	0.00601	0.00269	0.00362
7	0.76011	0.00818	0.00671	0.00589	0.00860	0.00924	0.00484	0.01360	0.00800	0.10177	0.00749	0.00819	0.00556	0.00422	0.00288	0.00134	0.00336	0.00263	0.03241	0.00498
8	0.15468	0.00845	0.00990	0.00783	0.01099	0.00839	0.00643	0.15667	0.06059	0.48348	0.03855	0.01347	0.01031	0.00529	0.00414	0.00135	0.00378	0.00412	0.00471	0.00686
9	0.00546	0.00405	0.00502	0.00557	0.00618	0.00369	0.00383	0.00645	0.00919	0.01209	0.14710	0.50989	0.19761	0.05491	0.00626	0.00177	0.00248	0.01073	0.00409	0.00361
10	0.00626	0.00436	0.00551	0.00569	0.00662	0.00396	0.00415	0.00765	0.01037	0.04692	0.32001	0.32314	0.18461	0.01100	0.00530	0.00156	0.00240	0.04214	0.00438	0.00396
11	0.06859	0.00720	0.00931	0.00734	0.01034	0.00650	0.00600	0.04562	0.01235	0.62700	0.10962	0.01720	0.04111	0.00591	0.00440	0.00135	0.00349	0.00482	0.00509	0.00675
12	0.00607	0.00439	0.00594	0.00613	0.00669	0.00461	0.00441	0.00718	0.00784	0.01084	0.09862	0.18240	0.04065	0.20612	0.35855	0.00450	0.00678	0.03162	0.00309	0.00357
13	0.01024	0.00994	0.01568	0.30902	0.37555	0.04389	0.05966	0.03729	0.05441	0.01354	0.00857	0.01130	0.00680	0.00429	0.00457	0.00138	0.02161	0.00397	0.00228	0.00602
14	0.08905	0.04465	0.01375	0.05157	0.04141	0.01044	0.14728	0.22250	0.10611	0.11344	0.01190	0.01252	0.02881	0.00500	0.00440	0.01289	0.00465	0.00419	0.03579	0.03965
15	0.05099	0.04696	0.04858	0.02342	0.07468	0.14991	0.06600	0.04604	0.06473	0.08466	0.02576	0.10286	0.02825	0.00555	0.00415	0.00123	0.00472	0.00465	0.01623	0.15062
16	0.04638	0.07228	0.12227	0.03088	0.13718	0.08435	0.05124	0.15785	0.03696	0.07534	0.02364	0.02057	0.02705	0.00486	0.00452	0.00129	0.03751	0.00388	0.00296	0.05901

[dist]
# distance from previous block
# <min> <max>
2	14

[block]
# block no. 7 follows, 60 sequences, length 12
# corresponding to MSA columns:
# 406-417
name=unknown_H
#
# <colnr> <probs for GDERKNQSTAVLIFYWHMCP>
#	G	D	E	R	K	N	Q	S	T	A	V	L	I	F	Y	W	H	M	C	P
0	0.02294	0.18786	0.21251	0.03303	0.07155	0.04981	0.14658	0.01275	0.00949	0.03199	0.04035	0.03150	0.02800	0.03416	0.03057	0.00157	0.01839	0.01634	0.00235	0.01828
1	0.00958	0.11208	0.27107	0.02662	0.04057	0.05929	0.12303	0.03286	0.07248	0.01381	0.05960	0.06908	0.04029	0.00576	0.00444	0.00139	0.00533	0.04433	0.00271	0.00568
2	0.00554	0.00407	0.00502	0.00550	0.00607	0.00374	0.00374	0.00647	0.00899	0.01187	0.14553	0.46594	0.17793	0.11957	0.00756	0.00197	0.00262	0.01034	0.00398	0.00354
3	0.50135	0.00921	0.00992	0.00913	0.06741	0.04084	0.07210	0.05279	0.00907	0.05279	0.02995	0.04253	0.00752	0.00484	0.00407	0.00138	0.05123	0.00352	0.00287	0.02748
4	0.00978	0.00904	0.01418	0.23681	0.37411	0.03038	0.03264	0.01305	0.07277	0.02929	0.01144	0.03496	0.03120	0.00580	0.02184	0.00154	0.00523	0.05752	0.00257	0.00587
5	0.06207	0.02848	0.01907	0.02839	0.06394	0.11091	0.41501	0.11201	0.02655	0.01533	0.00939	0.05349	0.00772	0.00465	0.00485	0.00140	0.02357	0.00474	0.00262	0.00582
6	0.00538	0.00401	0.00497	0.00570	0.00627	0.00366	0.00394	0.00625	0.00875	0.01128	0.02868	0.58580	0.22460	0.04035	0.00603	0.00179	0.00257	0.04242	0.00400	0.00357
7	0.00813	0.00407	0.00407	0.00407	0.00508	0.00407	0.00305	0.01016	0.00915	0.01626	0.01423	0.01626	0.01118	0.00508	0.00305	0.00102	0.00203	0.00407	0.87093	0.00407
8	0.00994	0.01120	0.02428	0.01752	0.02163	0.01050	0.74735	0.01341	0.01016	0.01377	0.00990	0.07038	0.00818	0.00438	0.00518	0.00149	0.00701	0.00566	0.00234	0.00572
9	0.00967	0.00993	0.01551	0.01265	0.01342	0.01295	0.14729	0.01110	0.00731	0.01110	0.00626	0.00993	0.00588	0.00695	0.01272	0.00183	0.69454	0.00405	0.00196	0.00496
10	0.00546	0.00443	0.00484	0.00474	0.00608	0.00381	0.00355	0.00685	0.01066	0.01350	0.27663	0.03915	0.58423	0.01041	0.00515	0.00144	0.00216	0.00881	0.00428	0.00381
11	0.00563	0.00444	0.00507	0.00491	0.00618	0.00388	0.00368	0.00717	0.01105	0.01442	0.40181	0.03763	0.45847	0.01006	0.00515	0.00143	0.00214	0.00860	0.00440	0.00388

[dist]
# distance from previous block
# <min> <max>
0	15

[block]
# block no. 8 follows, 60 sequences, length 10
# corresponding to MSA columns:
# 433-442
name=unknown_I
#
# <colnr> <probs for GDERKNQSTAVLIFYWHMCP>
#	G	D	E	R	K	N	Q	S	T	A	V	L	I	F	Y	W	H	M	C	P
0	0.87753	0.00843	0.00641	0.00574	0.00843	0.00978	0.00472	0.01282	0.00742	0.01957	0.00607	0.00709	0.00472	0.00405	0.00270	0.00135	0.00337	0.00236	0.00270	0.00472
1	0.00712	0.00493	0.00656	0.00738	0.00835	0.00496	0.00622	0.00937	0.03933	0.01342	0.02193	0.13008	0.02340	0.01116	0.00556	0.00184	0.00360	0.58267	0.10803	0.00408
2	0.04818	0.11147	0.01309	0.01068	0.05171	0.49501	0.00799	0.03522	0.01150	0.11032	0.00830	0.00957	0.00669	0.03458	0.00477	0.00128	0.02840	0.00316	0.00266	0.00545
3	0.00904	0.00775	0.00904	0.00646	0.01034	0.00581	0.00517	0.01098	0.00904	0.01421	0.00775	0.00904	0.00646	0.00323	0.00323	0.00065	0.00323	0.00258	0.00258	0.87339
4	0.01080	0.04491	0.01420	0.06021	0.19626	0.00953	0.12955	0.11164	0.11220	0.06077	0.05764	0.09138	0.02737	0.00606	0.00493	0.02648	0.00460	0.00530	0.02027	0.00594
5	0.01108	0.01002	0.01646	0.07582	0.66832	0.01017	0.01245	0.06159	0.01058	0.04030	0.00976	0.01196	0.03323	0.00428	0.00435	0.00131	0.00506	0.00408	0.00244	0.00672
6	0.00551	0.00443	0.00491	0.00479	0.00611	0.00383	0.00359	0.00694	0.01077	0.01376	0.31209	0.03872	0.54861	0.01031	0.00515	0.00144	0.00216	0.00875	0.00431	0.00383
7	0.87753	0.00843	0.00641	0.00574	0.00843	0.00978	0.00472	0.01282	0.00742	0.01957	0.00607	0.00709	0.00472	0.00405	0.00270	0.00135	0.00337	0.00236	0.00270	0.00472
8	0.03658	0.24454	0.14358	0.01023	0.04448	0.17576	0.04845	0.06098	0.06742	0.01392	0.08195	0.01136	0.00971	0.00472	0.00384	0.00120	0.00532	0.00360	0.02666	0.00569
9	0.00987	0.00969	0.11775	0.02723	0.15003	0.02379	0.00835	0.06531	0.01037	0.08203	0.04954	0.08306	0.06551	0.00785	0.06424	0.00166	0.00474	0.02754	0.00309	0.18831

[dist]
# distance from previous block
# <min> <max>
5	33

[block]
# block no. 9 follows, 60 sequences, length 44
# corresponding to MSA columns:
# 485-528
name=unknown_J
#
# <colnr> <probs for GDERKNQSTAVLIFYWHMCP>
#	G	D	E	R	K	N	Q	S	T	A	V	L	I	F	Y	W	H	M	C	P
0	0.03669	0.13232	0.23207	0.01362	0.17971	0.05566	0.06144	0.05709	0.01039	0.08313	0.00901	0.01069	0.00698	0.00430	0.00398	0.00125	0.00532	0.01651	0.03128	0.04856
1	0.01446	0.24670	0.01507	0.01013	0.02697	0.50278	0.00804	0.06395	0.01185	0.01198	0.04509	0.00901	0.00742	0.00453	0.00371	0.00110	0.00648	0.00301	0.00239	0.00534
2	0.02588	0.00903	0.01178	0.02759	0.22060	0.02048	0.00823	0.17321	0.08310	0.12616	0.10467	0.02987	0.03948	0.00559	0.00438	0.00130	0.00408	0.01543	0.00371	0.08544
3	0.01105	0.62869	0.17017	0.00842	0.01250	0.04841	0.00894	0.01310	0.00911	0.01100	0.00794	0.00884	0.03802	0.00413	0.00319	0.00105	0.00503	0.00279	0.00196	0.00566
4	0.01115	0.46755	0.30521	0.00953	0.01416	0.04003	0.01062	0.07330	0.00997	0.01283	0.00704	0.00807	0.00571	0.00401	0.00343	0.00113	0.00541	0.00278	0.00206	0.00602
5	0.00875	0.02256	0.82413	0.01243	0.01888	0.01013	0.01611	0.01381	0.00921	0.01381	0.00783	0.00921	0.00552	0.00414	0.00414	0.00138	0.00645	0.00322	0.00184	0.00645
6	0.01102	0.04289	0.01163	0.01108	0.12498	0.02450	0.01851	0.09004	0.37886	0.03432	0.05865	0.01512	0.03385	0.00553	0.00459	0.00133	0.02982	0.00457	0.01674	0.08195
7	0.04324	0.00591	0.00565	0.00537	0.00676	0.05040	0.00408	0.01173	0.10455	0.02620	0.12780	0.01992	0.08538	0.00616	0.00374	0.00118	0.00261	0.00501	0.47981	0.00450
8	0.00603	0.00430	0.00584	0.00683	0.00738	0.00415	0.00521	0.00727	0.00898	0.01184	0.02342	0.50580	0.02704	0.03229	0.00614	0.00192	0.00317	0.32467	0.00400	0.00371
9	0.00524	0.00432	0.00464	0.00480	0.00604	0.00373	0.00352	0.00632	0.00964	0.01176	0.05839	0.17535	0.64129	0.01212	0.03133	0.00170	0.00256	0.00956	0.00401	0.00368
10	0.00773	0.00739	0.04204	0.00884	0.00940	0.00881	0.00726	0.00897	0.00692	0.01027	0.00960	0.04058	0.00960	0.11250	0.33158	0.00413	0.36326	0.00468	0.00222	0.00422
11	0.01029	0.01176	0.02574	0.01838	0.02279	0.01103	0.80368	0.01397	0.01029	0.01397	0.00882	0.01176	0.00662	0.00368	0.00515	0.00147	0.00735	0.00515	0.00221	0.00588
12	0.00955	0.10797	0.67524	0.01197	0.01792	0.01076	0.04697	0.01404	0.00935	0.04575	0.00806	0.00931	0.00579	0.00413	0.00405	0.00134	0.00619	0.00325	0.00200	0.00637
13	0.00629	0.00443	0.00579	0.00579	0.00614	0.00479	0.00393	0.00700	0.00665	0.00922	0.01280	0.02333	0.01359	0.47505	0.39078	0.00550	0.00763	0.00558	0.00250	0.00321
