[name]
unknown

[dist]
# distance from previous block
# <min> <max>
0	558

[block]
# block no. 0 follows, 65 sequences, length 41
# corresponding to MSA columns:
# 560-600
name=unknown_A
#
# <colnr> <probs for GDERKNQSTAVLIFYWHMCP>
#	G	D	E	R	K	N	Q	S	T	A	V	L	I	F	Y	W	H	M	C	P
0	0.00529	0.00369	0.00487	0.00572	0.00608	0.00342	0.00389	0.00606	0.00803	0.02645	0.02327	0.78391	0.06024	0.01257	0.00521	0.00165	0.00242	0.02993	0.00383	0.00342
1	0.00854	0.04918	0.57783	0.01157	0.06914	0.00920	0.03888	0.01294	0.05479	0.03269	0.01137	0.01222	0.08461	0.00460	0.00401	0.00129	0.00535	0.00376	0.00218	0.00585
2	0.00601	0.00439	0.00536	0.00585	0.00636	0.02346	0.00404	0.00707	0.02143	0.02805	0.07789	0.62526	0.02451	0.05077	0.00591	0.00167	0.02391	0.00984	0.04771	0.02052
3	0.02198	0.00823	0.09935	0.01085	0.18802	0.02883	0.01779	0.03654	0.04126	0.03504	0.23221	0.14437	0.10443	0.00719	0.00449	0.00134	0.00352	0.00633	0.00335	0.00490
4	0.00959	0.06850	0.03920	0.01547	0.01903	0.01094	0.62727	0.01257	0.00909	0.01243	0.00779	0.01055	0.00611	0.00445	0.02122	0.00150	0.11247	0.00446	0.00201	0.00536
5	0.01130	0.00926	0.00975	0.03398	0.03949	0.05494	0.00676	0.18120	0.43011	0.04451	0.04609	0.01470	0.03459	0.00544	0.00409	0.00130	0.00370	0.00443	0.05827	0.00610
6	0.00504	0.00362	0.00477	0.00568	0.00596	0.00337	0.00382	0.00577	0.00789	0.01048	0.02293	0.80105	0.04833	0.02897	0.00554	0.00171	0.00243	0.02551	0.00378	0.00333
7	0.02104	0.00969	0.02289	0.03459	0.20380	0.03121	0.09667	0.19363	0.18156	0.02914	0.07938	0.01332	0.02077	0.00485	0.00419	0.00127	0.00437	0.00430	0.01382	0.02953
8	0.70462	0.00804	0.00759	0.00808	0.11532	0.00899	0.00558	0.01245	0.00765	0.06067	0.02553	0.00806	0.00581	0.00396	0.00288	0.00126	0.00339	0.00263	0.00265	0.00483
9	0.03166	0.04871	0.01282	0.01043	0.01073	0.01266	0.00875	0.02731	0.00668	0.01043	0.00551	0.00883	0.00539	0.00688	0.01248	0.00173	0.76906	0.00349	0.00186	0.00458
10	0.01001	0.00935	0.03775	0.23095	0.31577	0.03210	0.04032	0.09481	0.05225	0.03870	0.03703	0.01252	0.04269	0.00449	0.00414	0.00127	0.00479	0.00403	0.00256	0.02447
11	0.88473	0.00794	0.00603	0.00540	0.00794	0.00921	0.00445	0.01207	0.00699	0.01842	0.00572	0.00667	0.00445	0.00381	0.00254	0.00127	0.00318	0.00222	0.00254	0.00445
12	0.00754	0.00705	0.01152	0.66268	0.08901	0.00838	0.01034	0.01001	0.00846	0.01080	0.01213	0.01488	0.12072	0.00495	0.00421	0.00136	0.00495	0.00435	0.00212	0.00456
13	0.00652	0.00437	0.00562	0.00521	0.00635	0.00397	0.00394	0.00835	0.01142	0.06764	0.70443	0.03042	0.10940	0.00837	0.00480	0.00130	0.00205	0.00733	0.00449	0.00403
14	0.00713	0.00357	0.00535	0.00535	0.00535	0.00357	0.00357	0.00535	0.00535	0.00713	0.00713	0.01248	0.00713	0.01426	0.01604	0.88057	0.00357	0.00357	0.00178	0.00178
15	0.11705	0.04931	0.01092	0.00926	0.01153	0.56584	0.00714	0.10088	0.01158	0.01305	0.00708	0.00807	0.00571	0.00426	0.00351	0.00109	0.00612	0.00277	0.05991	0.00492
16	0.00776	0.00461	0.00609	0.00553	0.00681	0.00419	0.00421	0.00958	0.01146	0.14515	0.66091	0.06768	0.03366	0.00808	0.00475	0.00131	0.00220	0.00711	0.00457	0.00434
17	0.07267	0.00870	0.00936	0.00851	0.07151	0.05062	0.00628	0.31695	0.01319	0.13498	0.01114	0.01168	0.00815	0.00470	0.00363	0.00115	0.00371	0.00364	0.25368	0.00576
18	0.00713	0.00357	0.00535	0.00535	0.00535	0.00357	0.00357	0.00535	0.00535	0.00713	0.00713	0.01248	0.00713	0.01426	0.01604	0.88057	0.00357	0.00357	0.00178	0.00178
19	0.00983	0.01040	0.01245	0.01075	0.01103	0.12363	0.00884	0.01075	0.00700	0.00990	0.00552	0.00877	0.00537	0.00679	0.01216	0.00170	0.73527	0.00346	0.00184	0.00453
20	0.00874	0.00743	0.00863	0.00619	0.00982	0.00571	0.00496	0.03633	0.00886	0.01378	0.00738	0.00856	0.00611	0.00310	0.00307	0.00063	0.00309	0.00247	0.00249	0.85266
21	0.03690	0.02487	0.01473	0.04810	0.32542	0.07719	0.13575	0.11290	0.05808	0.01446	0.00984	0.08672	0.00869	0.02259	0.00456	0.00134	0.00498	0.00453	0.00260	0.00574
22	0.79592	0.03841	0.00695	0.00580	0.00835	0.06511	0.00477	0.01236	0.00734	0.01755	0.00576	0.00671	0.00453	0.00383	0.00262	0.00124	0.00350	0.00225	0.00248	0.00450
23	0.02636	0.05319	0.13091	0.01127	0.10594	0.25943	0.00887	0.05626	0.21762	0.05541	0.00995	0.01035	0.00759	0.00447	0.00385	0.00120	0.00521	0.00342	0.00282	0.02588
24	0.00954	0.00623	0.00700	0.00642	0.00804	0.04436	0.00503	0.08524	0.05133	0.15099	0.11745	0.10505	0.14053	0.01933	0.04326	0.02065	0.00349	0.08881	0.08260	0.00465
25	0.00535	0.00378	0.00467	0.00518	0.00545	0.00358	0.00333	0.00591	0.00751	0.00998	0.06028	0.48666	0.07466	0.29213	0.01039	0.00240	0.00287	0.00938	0.00341	0.00309
26	0.03025	0.00736	0.00967	0.00745	0.01061	0.00664	0.00614	0.07585	0.02954	0.74740	0.01561	0.01361	0.00991	0.00506	0.00411	0.00127	0.00356	0.00408	0.00496	0.00694
27	0.01506	0.01123	0.01201	0.00933	0.01252	0.01248	0.00767	0.73619	0.10045	0.02499	0.01055	0.01041	0.00754	0.00499	0.00411	0.00125	0.00439	0.00379	0.00411	0.00693
28	0.00791	0.00407	0.00410	0.00401	0.00504	0.00411	0.00303	0.03558	0.00895	0.01564	0.01328	0.01513	0.01041	0.00479	0.00291	0.00097	0.00200	0.00382	0.85033	0.00393
29	0.88473	0.00794	0.00603	0.00540	0.00794	0.00921	0.00445	0.01207	0.00699	0.01842	0.00572	0.00667	0.00445	0.00381	0.00254	0.00127	0.00318	0.00222	0.00254	0.00445
30	0.02714	0.02052	0.79509	0.01146	0.01731	0.00940	0.01471	0.01286	0.00865	0.01310	0.00770	0.00960	0.00566	0.00409	0.00392	0.00131	0.00594	0.02375	0.00180	0.00597
31	0.01090	0.83517	0.04389	0.00715	0.01073	0.01606	0.00725	0.01231	0.00835	0.00975	0.00575	0.00664	0.00527	0.00352	0.00267	0.00089	0.00444	0.00222	0.00176	0.00529
32	0.01021	0.00966	0.01663	0.05468	0.75873	0.00968	0.03935	0.01267	0.00936	0.02821	0.00788	0.01029	0.00652	0.00369	0.00409	0.00123	0.00494	0.00371	0.00208	0.00641
33	0.01111	0.00932	0.00954	0.00886	0.04854	0.07282	0.00660	0.11039	0.48661	0.06314	0.01695	0.01606	0.08811	0.00571	0.00415	0.00132	0.00366	0.00466	0.02634	0.00609
34	0.00485	0.00416	0.00416	0.00416	0.00554	0.00347	0.00312	0.00589	0.00936	0.01109	0.04158	0.03950	0.82847	0.01040	0.00485	0.00139	0.00208	0.00866	0.00381	0.00347
35	0.00761	0.00704	0.01146	0.59694	0.12254	0.00825	0.01013	0.01003	0.00847	0.01098	0.01214	0.01489	0.11626	0.00560	0.02584	0.00148	0.00503	0.00434	0.01634	0.00462
36	0.00495	0.00398	0.00442	0.00470	0.00571	0.00345	0.00338	0.00594	0.00902	0.01121	0.08071	0.29364	0.53240	0.01105	0.00497	0.00147	0.00217	0.00953	0.00385	0.00345
37	0.00709	0.00359	0.00539	0.00539	0.00541	0.00362	0.00362	0.00541	0.00539	0.00721	0.00726	0.01260	0.00724	0.01481	0.04365	0.85127	0.00381	0.00359	0.00180	0.00185
38	0.36243	0.00923	0.00932	0.00784	0.02520	0.03028	0.01910	0.27512	0.04089	0.11861	0.02820	0.01062	0.00762	0.00472	0.00365	0.00128	0.01358	0.02319	0.00346	0.00568
39	0.00900	0.02839	0.04105	0.04847	0.34755	0.02914	0.09050	0.02062	0.02639	0.01263	0.01067	0.14506	0.01034	0.00561	0.00470	0.00131	0.04381	0.03721	0.00246	0.08510
40	0.01024	0.23926	0.33509	0.01021	0.01457	0.01171	0.08731	0.13573	0.05708	0.01437	0.02927	0.00959	0.00695	0.00452	0.01601	0.00127	0.00527	0.00331	0.00235	0.00588

[dist]
# distance from previous block
# <min> <max>
1	50

[block]
# block no. 1 follows, 65 sequences, length 43
# corresponding to MSA columns:
# 651-693
name=unknown_B
#
# <colnr> <probs for GDERKNQSTAVLIFYWHMCP>
#	G	D	E	R	K	N	Q	S	T	A	V	L	I	F	Y	W	H	M	C	P
0	0.13970	0.07408	0.03842	0.00945	0.03229	0.11953	0.07485	0.23779	0.05822	0.04874	0.00903	0.04008	0.00720	0.00463	0.00397	0.00120	0.02511	0.00357	0.00300	0.06913
1	0.04225	0.10856	0.04244	0.11457	0.38576	0.03196	0.04976	0.04993	0.08048	0.01348	0.00815	0.01003	0.00658	0.00406	0.00422	0.00124	0.03486	0.00353	0.00226	0.00590
2	0.00701	0.00360	0.00534	0.00536	0.00538	0.00361	0.00358	0.00542	0.00546	0.00729	0.00778	0.03407	0.00793	0.03917	0.03504	0.81263	0.00372	0.00386	0.00186	0.00189
3	0.02347	0.00674	0.00883	0.00910	0.11845	0.00681	0.02560	0.07280	0.15134	0.08361	0.34643	0.02192	0.08265	0.00664	0.00444	0.00130	0.00303	0.00578	0.01586	0.00519
4	0.00987	0.00849	0.04451	0.00747	0.00949	0.10727	0.00615	0.01426	0.23162	0.11241	0.08618	0.05724	0.10858	0.00718	0.00444	0.00138	0.00366	0.12663	0.03583	0.01735
5	0.01001	0.00970	0.01678	0.06366	0.71100	0.00978	0.06941	0.01279	0.03221	0.01336	0.00800	0.01041	0.00660	0.00372	0.00412	0.00124	0.00500	0.00377	0.00209	0.00634
6	0.01057	0.00775	0.00871	0.00785	0.01001	0.00850	0.00623	0.06290	0.49737	0.11599	0.05955	0.05052	0.03067	0.00665	0.00443	0.00143	0.00329	0.09738	0.00423	0.00596
7	0.00570	0.00463	0.00544	0.00570	0.03930	0.00423	0.00402	0.00766	0.05545	0.01321	0.28694	0.08399	0.43959	0.00938	0.00481	0.00137	0.00225	0.01845	0.00398	0.00388
8	0.00500	0.00357	0.00476	0.00572	0.00595	0.00333	0.00381	0.00572	0.00786	0.01048	0.02262	0.85306	0.02715	0.01286	0.00524	0.00167	0.00238	0.01167	0.00381	0.00333
9	0.01137	0.00885	0.01088	0.00895	0.01150	0.00957	0.08142	0.24103	0.32894	0.06602	0.11495	0.03258	0.01420	0.00587	0.00437	0.00135	0.00380	0.03424	0.00404	0.00609
10	0.01016	0.59718	0.25197	0.00864	0.01289	0.01418	0.03208	0.01252	0.00847	0.01070	0.00625	0.00730	0.00528	0.00362	0.00305	0.00101	0.00494	0.00251	0.00176	0.00550
11	0.82982	0.00788	0.00625	0.00552	0.00810	0.00901	0.00455	0.01257	0.00729	0.07005	0.00638	0.00713	0.00481	0.00389	0.00264	0.00127	0.00320	0.00234	0.00270	0.00461
12	0.00898	0.00898	0.01257	0.01078	0.01078	0.01257	0.00898	0.00988	0.00629	0.00988	0.00539	0.00898	0.00539	0.00718	0.01347	0.00180	0.84823	0.00359	0.00180	0.00449
13	0.01120	0.01080	0.03212	0.01512	0.19092	0.03514	0.26124	0.17098	0.19786	0.01650	0.01033	0.01146	0.00783	0.00430	0.00433	0.00131	0.00517	0.00422	0.00294	0.00623
14	0.00798	0.00752	0.01272	0.76981	0.10260	0.00918	0.01151	0.01068	0.00831	0.01076	0.00734	0.01087	0.00557	0.00406	0.00410	0.00135	0.00542	0.00365	0.00184	0.00474
15	0.01041	0.00877	0.00929	0.00833	0.01067	0.01011	0.00649	0.02177	0.80325	0.03675	0.01669	0.01528	0.01247	0.00556	0.00418	0.00139	0.00325	0.00463	0.00420	0.00651
16	0.00494	0.00416	0.00429	0.00426	0.00560	0.00350	0.00319	0.00607	0.00958	0.01161	0.11812	0.03864	0.75161	0.01020	0.00485	0.00138	0.00207	0.00854	0.00388	0.00350
17	0.00775	0.00730	0.01231	0.84587	0.02827	0.00912	0.01140	0.01049	0.00821	0.01049	0.00730	0.01094	0.00547	0.00410	0.00410	0.00137	0.00547	0.00365	0.00182	0.00456
18	0.00931	0.11453	0.58532	0.01155	0.01683	0.01040	0.10214	0.03689	0.00913	0.04299	0.00765	0.00893	0.00556	0.00393	0.00402	0.00127	0.01842	0.00321	0.00197	0.00595
19	0.00575	0.00439	0.00525	0.00507	0.00619	0.00404	0.00378	0.02129	0.03443	0.01453	0.48671	0.09835	0.27663	0.00922	0.00484	0.00135	0.00210	0.00800	0.00423	0.00384
20	0.03761	0.00851	0.01036	0.03594	0.01167	0.00852	0.00673	0.27961	0.04582	0.47439	0.02907	0.01272	0.00946	0.00505	0.00410	0.00127	0.00385	0.00401	0.00455	0.00676
21	0.00707	0.00359	0.00530	0.00530	0.00530	0.00359	0.00351	0.00538	0.00538	0.00717	0.00743	0.01322	0.00753	0.05767	0.01629	0.83535	0.00359	0.00369	0.00182	0.00182
22	0.01560	0.01150	0.01232	0.00944	0.01273	0.01273	0.00780	0.81645	0.01930	0.02587	0.00986	0.00986	0.00698	0.00493	0.00411	0.00123	0.00452	0.00370	0.00411	0.00698
23	0.00871	0.00757	0.00872	0.00697	0.04285	0.03023	0.00522	0.01065	0.02653	0.01319	0.00783	0.02100	0.00663	0.00363	0.00350	0.02425	0.00323	0.00273	0.01952	0.74704
24	0.00811	0.01811	0.00453	0.00420	0.00528	0.02662	0.00319	0.02960	0.00895	0.01533	0.01299	0.01482	0.01021	0.00475	0.00292	0.00096	0.00216	0.00376	0.81956	0.00395
25	0.84766	0.00801	0.00625	0.00553	0.00810	0.00924	0.00456	0.03171	0.00737	0.03365	0.00601	0.00688	0.00461	0.00386	0.00261	0.00127	0.00321	0.00229	0.00263	0.00455
26	0.01255	0.04176	0.02530	0.03740	0.16567	0.42314	0.09135	0.03455	0.01044	0.01148	0.00728	0.00973	0.00621	0.00449	0.00477	0.00122	0.07856	0.02677	0.00214	0.00520
27	0.00604	0.00447	0.00630	0.03682	0.00739	0.00508	0.00472	0.00716	0.00662	0.00940	0.01187	0.06471	0.01199	0.21951	0.52952	0.00526	0.03077	0.00510	0.02384	0.00343
28	0.00495	0.00377	0.00456	0.00519	0.00582	0.00338	0.00358	0.00577	0.00837	0.01068	0.02903	0.57812	0.29795	0.01203	0.00511	0.00157	0.00228	0.01065	0.00381	0.00338
29	0.01816	0.00704	0.00952	0.00734	0.01048	0.00617	0.00605	0.02006	0.03739	0.80718	0.01621	0.01401	0.01024	0.00510	0.00413	0.00127	0.00349	0.00414	0.00505	0.00697
30	0.01569	0.01136	0.01224	0.00938	0.01266	0.01253	0.00775	0.79291	0.01908	0.04972	0.01004	0.00998	0.00707	0.00493	0.00411	0.00123	0.00449	0.00371	0.00414	0.00698
31	0.01762	0.00700	0.00937	0.00726	0.01032	0.00619	0.00597	0.03494	0.03575	0.75855	0.03489	0.01435	0.01084	0.00516	0.00412	0.00127	0.00344	0.00421	0.02193	0.00684
32	0.01560	0.01150	0.01232	0.00944	0.01273	0.01273	0.00780	0.81645	0.01930	0.02587	0.00986	0.00986	0.00698	0.00493	0.00411	0.00123	0.00452	0.00370	0.00411	0.00698
33	0.00597	0.00398	0.00448	0.00448	0.00448	0.00398	0.00249	0.00597	0.00597	0.00796	0.01293	0.02686	0.01492	0.85574	0.02089	0.00398	0.00398	0.00597	0.00249	0.00249
34	0.01097	0.85821	0.02151	0.00702	0.01054	0.01624	0.00702	0.01229	0.00834	0.00966	0.00571	0.00658	0.00527	0.00351	0.00263	0.00088	0.00439	0.00219	0.00176	0.00527
35	0.12527	0.00762	0.00936	0.00732	0.01039	0.00725	0.00603	0.09814	0.04297	0.62059	0.01429	0.01271	0.00923	0.00493	0.00393	0.00127	0.00355	0.00387	0.00463	0.00665
36	0.01021	0.00882	0.00928	0.00835	0.01067	0.01021	0.00650	0.02181	0.82272	0.01717	0.01671	0.01532	0.01253	0.00557	0.00418	0.00139	0.00325	0.00464	0.00418	0.00650
37	0.00906	0.00769	0.00825	0.00750	0.00952	0.00863	0.00580	0.01823	0.62443	0.01657	0.15275	0.01976	0.08130	0.00642	0.00434	0.00138	0.00294	0.00542	0.00420	0.00582
38	0.03845	0.00759	0.00961	0.00743	0.01050	0.00709	0.00613	0.14944	0.01271	0.64064	0.01476	0.01319	0.00952	0.00501	0.00402	0.00125	0.00357	0.00400	0.04831	0.00677
39	0.00499	0.00416	0.00435	0.00430	0.00563	0.00352	0.00323	0.00616	0.00968	0.01186	0.15488	0.03823	0.71468	0.01011	0.00485	0.00137	0.00206	0.00848	0.00391	0.00352
40	0.00713	0.00357	0.00535	0.00535	0.00535	0.00357	0.00357	0.00535	0.00535	0.00713	0.00713	0.01248	0.00713	0.01426	0.01604	0.88057	0.00357	0.00357	0.00178	0.00178
41	0.01121	0.69246	0.09472	0.00771	0.01143	0.01526	0.00785	0.09724	0.00953	0.01167	0.00630	0.00712	0.00544	0.00370	0.00290	0.00095	0.00456	0.00243	0.00200	0.00552
42	0.03486	0.01012	0.01571	0.09177	0.61769	0.06893	0.05392	0.01263	0.00935	0.01310	0.00770	0.01011	0.00636	0.00376	0.00401	0.00122	0.00509	0.00361	0.02403	0.00604

[dist]
# distance from previous block
# <min> <max>
0	8

[block]
# block no. 2 follows, 65 sequences, length 44
# corresponding to MSA columns:
# 702-745
name=unknown_C
#
# <colnr> <probs for GDERKNQSTAVLIFYWHMCP>
#	G	D	E	R	K	N	Q	S	T	A	V	L	I	F	Y	W	H	M	C	P
0	0.13088	0.01092	0.02336	0.00916	0.01237	0.01185	0.04024	0.60980	0.05506	0.04172	0.00967	0.00981	0.00692	0.00474	0.00393	0.00125	0.00438	0.00359	0.00381	0.00655
1	0.74574	0.00815	0.00679	0.00643	0.03955	0.02587	0.00494	0.02197	0.02628	0.04360	0.03501	0.00811	0.00613	0.00407	0.00281	0.00127	0.00331	0.00260	0.00272	0.00467
2	0.00923	0.09667	0.37837	0.01336	0.01819	0.01032	0.35115	0.01298	0.00920	0.02734	0.02941	0.01015	0.00661	0.00382	0.00421	0.00129	0.00611	0.00385	0.00201	0.00572
3	0.00616	0.00413	0.00478	0.00474	0.00485	0.00419	0.00279	0.02115	0.00627	0.00841	0.01276	0.03767	0.01448	0.75690	0.07045	0.02488	0.00439	0.00586	0.00250	0.00264
4	0.00816	0.02034	0.78571	0.01152	0.01734	0.00931	0.02831	0.01278	0.00881	0.01315	0.04199	0.00964	0.00663	0.00408	0.00396	0.00130	0.00591	0.00325	0.00186	0.00596
5	0.00765	0.00383	0.00383	0.00383	0.00478	0.00383	0.00287	0.00956	0.00861	0.01530	0.01339	0.01530	0.01052	0.00478	0.00287	0.00096	0.00191	0.00383	0.87853	0.00383
6	0.01436	0.01750	0.01104	0.00996	0.01207	0.69704	0.00752	0.05722	0.04562	0.01145	0.03971	0.01002	0.03965	0.00473	0.00383	0.00110	0.00666	0.00320	0.00246	0.00486
7	0.01606	0.00739	0.00942	0.00742	0.01030	0.00696	0.00606	0.11777	0.07609	0.58074	0.10310	0.01537	0.01304	0.00546	0.00421	0.00128	0.00343	0.00447	0.00483	0.00661
8	0.01044	0.00889	0.00939	0.00836	0.01071	0.01024	0.00653	0.06662	0.76322	0.01765	0.03027	0.01527	0.01267	0.00558	0.00418	0.00138	0.00330	0.00464	0.00418	0.00648
9	0.00499	0.00360	0.00474	0.00565	0.00594	0.00334	0.00378	0.00572	0.00792	0.01050	0.02341	0.81922	0.06048	0.01276	0.00522	0.00166	0.00237	0.01154	0.00381	0.00334
10	0.00823	0.02123	0.83447	0.01170	0.01777	0.00953	0.01517	0.01300	0.00867	0.01300	0.00737	0.00867	0.00520	0.00390	0.00390	0.00130	0.00607	0.00303	0.00173	0.00607
11	0.88473	0.00794	0.00603	0.00540	0.00794	0.00921	0.00445	0.01207	0.00699	0.01842	0.00572	0.00667	0.00445	0.00381	0.00254	0.00127	0.00318	0.00222	0.00254	0.00445
12	0.00898	0.00898	0.01257	0.01078	0.01078	0.01257	0.00898	0.00988	0.00629	0.00988	0.00539	0.00898	0.00539	0.00718	0.01347	0.00180	0.84823	0.00359	0.00180	0.00449
13	0.00830	0.04045	0.81580	0.01159	0.01760	0.00969	0.01498	0.01298	0.00866	0.01292	0.00733	0.00862	0.00520	0.00389	0.00387	0.00129	0.00603	0.00301	0.00173	0.00605
14	0.01496	0.01829	0.01157	0.01039	0.01251	0.73366	0.00787	0.07912	0.01199	0.01128	0.00672	0.00786	0.00555	0.00505	0.02600	0.00123	0.02597	0.00279	0.00227	0.00490
15	0.00823	0.02123	0.83447	0.01170	0.01777	0.00953	0.01517	0.01300	0.00867	0.01300	0.00737	0.00867	0.00520	0.00390	0.00390	0.00130	0.00607	0.00303	0.00173	0.00607
16	0.00578	0.00419	0.00544	0.00513	0.00611	0.00386	0.00385	0.00769	0.01155	0.01628	0.80211	0.03095	0.06470	0.00846	0.00484	0.00129	0.00194	0.00746	0.00450	0.00386
17	0.01016	0.00975	0.01666	0.02520	0.83013	0.00975	0.01260	0.01260	0.00935	0.01341	0.00772	0.01016	0.00650	0.00366	0.00406	0.00122	0.00488	0.00366	0.00203	0.00650
18	0.03345	0.01142	0.01219	0.00936	0.01263	0.01266	0.00773	0.79993	0.01905	0.02572	0.00977	0.00979	0.00693	0.00490	0.00407	0.00123	0.00449	0.00367	0.00407	0.00693
19	0.00588	0.00430	0.00542	0.00510	0.00615	0.00396	0.00384	0.01976	0.01145	0.01601	0.71989	0.03106	0.12180	0.00850	0.00480	0.00130	0.00199	0.00745	0.01747	0.00388
20	0.03595	0.00970	0.01087	0.00845	0.01155	0.02047	0.00694	0.47454	0.04397	0.28770	0.01213	0.01146	0.00825	0.00496	0.00403	0.00124	0.00406	0.00383	0.03312	0.00678
21	0.00705	0.00362	0.00543	0.00543	0.00547	0.00366	0.00366	0.00547	0.00543	0.00728	0.00737	0.01271	0.00733	0.01530	0.06797	0.82545	0.00403	0.00362	0.00181	0.00190
22	0.01587	0.01106	0.01205	0.00924	0.01251	0.01209	0.00763	0.73981	0.01857	0.10353	0.01047	0.01025	0.00729	0.00494	0.00411	0.00124	0.00442	0.00374	0.00420	0.00698
23	0.01004	0.00899	0.01208	0.17270	0.16164	0.06669	0.06652	0.11324	0.03811	0.03157	0.05954	0.01281	0.04032	0.00464	0.00423	0.00119	0.02562	0.00399	0.05016	0.11590
24	0.01546	0.01205	0.01193	0.00937	0.01246	0.10598	0.00764	0.66336	0.03426	0.05777	0.00992	0.00995	0.00709	0.00487	0.00404	0.00121	0.00473	0.00362	0.01762	0.00667
25	0.84808	0.00809	0.00630	0.00557	0.00814	0.00936	0.00459	0.04599	0.00751	0.01873	0.00589	0.00680	0.00455	0.00386	0.00261	0.00127	0.00323	0.00228	0.00261	0.00455
26	0.03559	0.02363	0.02746	0.04657	0.07807	0.11808	0.41458	0.08060	0.01854	0.02203	0.00805	0.01050	0.00632	0.00418	0.00518	0.00134	0.07841	0.01310	0.00229	0.00548
27	0.00540	0.00392	0.00507	0.00565	0.00588	0.00390	0.00377	0.00602	0.00748	0.01005	0.03660	0.60277	0.03645	0.18580	0.02392	0.00222	0.03853	0.00989	0.00344	0.00323
28	0.00502	0.00363	0.00476	0.00566	0.00598	0.00337	0.00383	0.00578	0.00798	0.01055	0.02373	0.78900	0.07445	0.01268	0.00522	0.00165	0.00239	0.02714	0.00381	0.00335
29	0.01820	0.00733	0.00974	0.00746	0.01065	0.00654	0.00617	0.08007	0.01232	0.77211	0.01572	0.01366	0.00992	0.00507	0.00413	0.00127	0.00357	0.00410	0.00501	0.00699
30	0.01052	0.00897	0.00945	0.00842	0.01079	0.01035	0.00657	0.06682	0.77721	0.01766	0.01632	0.01501	0.01222	0.00553	0.00417	0.00138	0.00332	0.00459	0.00417	0.00652
31	0.00765	0.00383	0.00383	0.00383	0.00478	0.00383	0.00287	0.00956	0.00861	0.01530	0.01339	0.01530	0.01052	0.00478	0.00287	0.00096	0.00191	0.00383	0.87853	0.00383
32	0.10715	0.01112	0.01166	0.00902	0.01223	0.01236	0.00745	0.73172	0.01800	0.02508	0.00942	0.00952	0.00671	0.00481	0.00394	0.00124	0.00438	0.00354	0.00394	0.00671
33	0.00775	0.00730	0.01231	0.84587	0.02827	0.00912	0.01140	0.01049	0.00821	0.01049	0.00730	0.01094	0.00547	0.00410	0.00410	0.00137	0.00547	0.00365	0.00182	0.00456
34	0.01097	0.85821	0.02151	0.00702	0.01054	0.01624	0.00702	0.01229	0.00834	0.00966	0.00571	0.00658	0.00527	0.00351	0.00263	0.00088	0.00439	0.00219	0.00176	0.00527
35	0.01007	0.00966	0.01650	0.05651	0.79953	0.00973	0.01255	0.01252	0.00930	0.01330	0.00770	0.01019	0.00646	0.00367	0.00407	0.00122	0.00490	0.00366	0.00202	0.00643
36	0.01525	0.01132	0.01212	0.00937	0.01260	0.01257	0.00772	0.76487	0.07144	0.02531	0.01030	0.01021	0.00734	0.00497	0.00411	0.00124	0.00443	0.00376	0.00411	0.00695
37	0.00581	0.00420	0.00549	0.00516	0.00613	0.00387	0.00387	0.00775	0.01162	0.01646	0.82797	0.03066	0.03873	0.00839	0.00484	0.00129	0.00194	0.00742	0.00452	0.00387
38	0.00708	0.00358	0.00531	0.00531	0.00531	0.00358	0.00352	0.00537	0.00537	0.00716	0.00737	0.01306	0.00745	0.04853	0.01624	0.84487	0.00358	0.00366	0.00181	0.00181
39	0.00544	0.00418	0.00497	0.00477	0.00590	0.00371	0.00358	0.00702	0.01074	0.01437	0.52222	0.03410	0.34578	0.00917	0.00485	0.00133	0.00199	0.00791	0.00424	0.00371
40	0.00713	0.00357	0.00535	0.00535	0.00535	0.00357	0.00357	0.00535	0.00535	0.00713	0.00713	0.01248	0.00713	0.01426	0.01604	0.88057	0.00357	0.00357	0.00178	0.00178
41	0.00884	0.08500	0.71009	0.01112	0.01673	0.01016	0.01393	0.06146	0.00927	0.01348	0.00761	0.02067	0.00563	0.00406	0.00383	0.00127	0.00579	0.00313	0.00191	0.00602
42	0.00665	0.00461	0.00577	0.00558	0.02115	0.00428	0.00409	0.02507	0.02414	0.05512	0.54626	0.06744	0.16390	0.00842	0.00471	0.00131	0.00218	0.00733	0.03791	0.00408
43	0.08358	0.02448	0.12571	0.00893	0.03321	0.12681	0.00779	0.05191	0.07378	0.34257	0.02679	0.01192	0.02134	0.00489	0.00428	0.00127	0.03741	0.00370	0.00358	0.00605

[dist]
# distance from previous block
# <min> <max>
0	7

[block]
# block no. 3 follows, 65 sequences, length 20
# corresponding to MSA columns:
# 753-772
name=unknown_D
#
# <colnr> <probs for GDERKNQSTAVLIFYWHMCP>
#	G	D	E	R	K	N	Q	S	T	A	V	L	I	F	Y	W	H	M	C	P
0	0.01076	0.51217	0.20134	0.00837	0.01217	0.09548	0.00877	0.04212	0.00921	0.01135	0.02083	0.00797	0.00608	0.00385	0.00312	0.00101	0.00494	0.00263	0.03244	0.00538
1	0.06488	0.63597	0.07404	0.00772	0.01111	0.10756	0.00756	0.01273	0.00860	0.01047	0.00588	0.00688	0.00522	0.00372	0.00308	0.00097	0.02423	0.00234	0.00184	0.00520
2	0.00839	0.06890	0.78817	0.01143	0.01735	0.00992	0.01470	0.01296	0.00865	0.01281	0.00727	0.00855	0.00520	0.00388	0.00383	0.00128	0.00597	0.00299	0.00173	0.00602
3	0.00589	0.00429	0.00605	0.00605	0.00660	0.00484	0.00446	0.00698	0.00644	0.00913	0.01149	0.01887	0.01145	0.24173	0.63016	0.00593	0.00920	0.00480	0.00227	0.00336
4	0.00865	0.19624	0.60826	0.01028	0.01547	0.01057	0.01270	0.01250	0.00879	0.01253	0.06159	0.00969	0.00744	0.00412	0.00370	0.00121	0.00544	0.00315	0.00192	0.00575
5	0.00753	0.00381	0.00387	0.00391	0.00484	0.00380	0.00291	0.00939	0.00857	0.01508	0.01382	0.05428	0.01129	0.00516	0.00298	0.00099	0.00193	0.00419	0.83783	0.00380
6	0.05637	0.05079	0.12883	0.00785	0.01137	0.00739	0.00733	0.04999	0.01122	0.57817	0.03944	0.01287	0.00972	0.00487	0.00397	0.00125	0.00388	0.00387	0.00426	0.00655
7	0.01776	0.00805	0.01018	0.00781	0.01101	0.00761	0.00645	0.20743	0.01353	0.64304	0.01470	0.01300	0.00941	0.00504	0.00412	0.00126	0.00373	0.00403	0.00485	0.00698
8	0.00573	0.00419	0.00538	0.00508	0.00608	0.00384	0.00381	0.00759	0.01143	0.01601	0.76265	0.03140	0.10432	0.00856	0.00484	0.00130	0.00195	0.00753	0.00446	0.00384
9	0.00581	0.00508	0.00515	0.00564	0.00639	0.07280	0.00394	0.00666	0.00864	0.01063	0.02714	0.53104	0.27333	0.01138	0.00499	0.00153	0.00270	0.00999	0.00367	0.00349
10	0.01484	0.01826	0.01186	0.01055	0.01275	0.73303	0.03129	0.06590	0.01187	0.01111	0.00679	0.00798	0.00560	0.00522	0.03436	0.00128	0.00734	0.00284	0.00224	0.00488
11	0.07572	0.00705	0.00894	0.00707	0.00996	0.00647	0.00576	0.06304	0.03008	0.60460	0.02978	0.05771	0.01092	0.00538	0.00402	0.00126	0.00338	0.00437	0.02534	0.03913
12	0.00898	0.00898	0.01257	0.01078	0.01078	0.01257	0.00898	0.00988	0.00629	0.00988	0.00539	0.00898	0.00539	0.00718	0.01347	0.00180	0.84823	0.00359	0.00180	0.00449
13	0.01183	0.02233	0.01010	0.00864	0.01105	0.11335	0.00681	0.15267	0.49110	0.04988	0.01465	0.02561	0.02904	0.00556	0.00426	0.00133	0.01594	0.01581	0.00386	0.00619
14	0.00963	0.01090	0.02325	0.01676	0.02057	0.01056	0.74826	0.01288	0.00941	0.01288	0.00806	0.01090	0.00616	0.00377	0.00556	0.00142	0.07679	0.00474	0.00205	0.00545
15	0.01097	0.85821	0.02151	0.00702	0.01054	0.01624	0.00702	0.01229	0.00834	0.00966	0.00571	0.00658	0.00527	0.00351	0.00263	0.00088	0.00439	0.00219	0.00176	0.00527
16	0.00581	0.00420	0.00549	0.00516	0.00613	0.00387	0.00387	0.00775	0.01162	0.01646	0.82797	0.03066	0.03873	0.00839	0.00484	0.00129	0.00194	0.00742	0.00452	0.00387
17	0.01016	0.00975	0.01666	0.02520	0.83013	0.00975	0.01260	0.01260	0.00935	0.01341	0.00772	0.01016	0.00650	0.00366	0.00406	0.00122	0.00488	0.00366	0.00203	0.00650
18	0.00977	0.00937	0.01591	0.14627	0.69074	0.00973	0.01233	0.01222	0.00910	0.01289	0.00760	0.01025	0.00632	0.00381	0.00431	0.00126	0.02632	0.00365	0.00200	0.00616
19	0.00577	0.00442	0.00589	0.00540	0.00655	0.00402	0.03125	0.00760	0.01115	0.01539	0.65987	0.03158	0.17853	0.00858	0.00484	0.00131	0.00213	0.00756	0.00431	0.00386

[dist]
# distance from previous block
# <min> <max>
0	5

[block]
# block no. 4 follows, 65 sequences, length 24
# corresponding to MSA columns:
# 778-801
name=unknown_E
#
# <colnr> <probs for GDERKNQSTAVLIFYWHMCP>
#	G	D	E	R	K	N	Q	S	T	A	V	L	I	F	Y	W	H	M	C	P
0	0.00911	0.00776	0.05488	0.23050	0.04948	0.05714	0.00746	0.02246	0.04345	0.11997	0.19053	0.04815	0.10471	0.00622	0.00432	0.00131	0.00389	0.00531	0.02852	0.00484
1	0.00690	0.00360	0.00524	0.00530	0.00531	0.00359	0.00349	0.00542	0.00555	0.00740	0.00856	0.06471	0.00901	0.08554	0.01580	0.75289	0.00353	0.00426	0.00197	0.00194
2	0.00957	0.00891	0.01267	0.01072	0.01101	0.01212	0.02807	0.01057	0.00670	0.05991	0.00611	0.00933	0.00570	0.00697	0.01270	0.00175	0.77685	0.00365	0.00200	0.00467
3	0.00894	0.00755	0.00874	0.00628	0.00991	0.00591	0.00504	0.05926	0.00917	0.01413	0.00745	0.00859	0.00613	0.00315	0.00310	0.00065	0.00313	0.00251	0.00253	0.82780
4	0.01101	0.01136	0.07405	0.03288	0.03106	0.13218	0.06385	0.15676	0.13427	0.02592	0.00986	0.04051	0.00828	0.04500	0.03264	0.00166	0.16639	0.00410	0.01281	0.00539
5	0.02040	0.03833	0.29932	0.03283	0.19697	0.00885	0.03956	0.10044	0.00995	0.01410	0.03803	0.16130	0.01079	0.00569	0.00421	0.00133	0.00476	0.00499	0.00256	0.00560
6	0.01042	0.57525	0.25259	0.00854	0.01271	0.05801	0.00939	0.01271	0.00861	0.01063	0.00621	0.00722	0.00525	0.00366	0.00305	0.00101	0.00503	0.00246	0.00177	0.00547
7	0.00522	0.00415	0.00471	0.00489	0.00594	0.00369	0.00359	0.00659	0.02685	0.01204	0.17165	0.22449	0.46579	0.01054	0.00495	0.00145	0.00220	0.03373	0.00394	0.00358
8	0.00510	0.00367	0.00484	0.00561	0.00597	0.00341	0.00380	0.00598	0.00837	0.01125	0.12547	0.72878	0.04805	0.01223	0.00518	0.00161	0.00232	0.01106	0.00390	0.00341
9	0.01738	0.00676	0.00919	0.00713	0.01012	0.00586	0.00586	0.01900	0.01174	0.76588	0.08290	0.01534	0.01251	0.00535	0.00419	0.00127	0.00336	0.00440	0.00503	0.00673
10	0.01560	0.01150	0.01232	0.00944	0.01273	0.01273	0.00780	0.81645	0.01930	0.02587	0.00986	0.00986	0.00698	0.00493	0.00411	0.00123	0.00452	0.00370	0.00411	0.00698
11	0.01730	0.00699	0.00927	0.00721	0.01022	0.00624	0.00592	0.04342	0.04098	0.72655	0.03365	0.01432	0.01079	0.00515	0.00409	0.00126	0.00341	0.00419	0.04227	0.00677
12	0.01560	0.01150	0.01232	0.00944	0.01273	0.01273	0.00780	0.81645	0.01930	0.02587	0.00986	0.00986	0.00698	0.00493	0.00411	0.00123	0.00452	0.00370	0.00411	0.00698
13	0.00586	0.00440	0.00660	0.00660	0.00733	0.00513	0.00513	0.00733	0.00660	0.00953	0.01100	0.01613	0.01026	0.03079	0.83947	0.00660	0.01100	0.00440	0.00220	0.00367
14	0.01097	0.85821	0.02151	0.00702	0.01054	0.01624	0.00702	0.01229	0.00834	0.00966	0.00571	0.00658	0.00527	0.00351	0.00263	0.00088	0.00439	0.00219	0.00176	0.00527
15	0.01475	0.13099	0.01294	0.01010	0.01240	0.72991	0.00781	0.01585	0.01120	0.00999	0.00626	0.00729	0.00528	0.00413	0.00356	0.00103	0.00700	0.00258	0.00207	0.00483
16	0.01073	0.00919	0.00952	0.00842	0.01081	0.02607	0.00658	0.10009	0.71103	0.01777	0.01634	0.01512	0.02859	0.00558	0.00417	0.00137	0.00343	0.00459	0.00412	0.00645
17	0.00599	0.00431	0.00510	0.00483	0.00608	0.00380	0.00365	0.00752	0.01065	0.05223	0.45215	0.03368	0.37679	0.00910	0.00481	0.00133	0.00207	0.00780	0.00424	0.00384
18	0.01004	0.00979	0.01625	0.10686	0.71212	0.03096	0.02898	0.01250	0.00930	0.01303	0.00766	0.01019	0.00636	0.00371	0.00407	0.00123	0.00504	0.00366	0.00201	0.00624
19	0.00561	0.00419	0.00531	0.00595	0.00678	0.00392	0.00465	0.00688	0.00895	0.01148	0.05606	0.29374	0.23774	0.02636	0.00556	0.00170	0.00283	0.30497	0.00380	0.00354
20	0.00593	0.00415	0.00535	0.00535	0.00566	0.00446	0.00358	0.00653	0.00623	0.00861	0.01213	0.02243	0.01300	0.51508	0.35892	0.00506	0.00688	0.00532	0.00237	0.00297
21	0.03288	0.00913	0.03115	0.15587	0.52269	0.00916	0.02236	0.01319	0.03462	0.09579	0.00907	0.01158	0.00721	0.00412	0.00409	0.00128	0.00477	0.02254	0.00242	0.00609
22	0.00837	0.04946	0.78343	0.01170	0.01763	0.00979	0.03794	0.01298	0.00868	0.01289	0.00734	0.00866	0.00523	0.00387	0.00388	0.00129	0.00603	0.00306	0.00174	0.00602
23	0.01129	0.67947	0.05440	0.00761	0.01097	0.10443	0.00738	0.03253	0.00895	0.01033	0.00618	0.00718	0.00550	0.00421	0.01978	0.00104	0.00488	0.00239	0.01623	0.00523

[dist]
# distance from previous block
# <min> <max>
0	2

[block]
# block no. 5 follows, 65 sequences, length 23
# corresponding to MSA columns:
# 804-826
name=unknown_F
#
# <colnr> <probs for GDERKNQSTAVLIFYWHMCP>
#	G	D	E	R	K	N	Q	S	T	A	V	L	I	F	Y	W	H	M	C	P
0	0.01086	0.72579	0.06065	0.00736	0.01084	0.01513	0.00735	0.06047	0.00897	0.01082	0.00660	0.02969	0.00605	0.00441	0.01948	0.00105	0.00456	0.00262	0.00196	0.00533
1	0.12724	0.01415	0.03630	0.00952	0.01229	0.32206	0.02213	0.32866	0.01378	0.04378	0.00800	0.00862	0.00601	0.00452	0.00399	0.00119	0.02591	0.00312	0.00302	0.00571
2	0.01051	0.71692	0.15875	0.00781	0.01176	0.01511	0.00840	0.01241	0.00840	0.01022	0.00599	0.00694	0.00526	0.00358	0.00285	0.00095	0.00467	0.00234	0.00175	0.00540
3	0.00709	0.00358	0.00532	0.00532	0.00532	0.00358	0.00353	0.00537	0.00537	0.00716	0.00732	0.01294	0.00738	0.04148	0.01620	0.85222	0.00358	0.00364	0.00181	0.00181
4	0.04280	0.06276	0.05831	0.00719	0.00956	0.02707	0.00613	0.17656	0.16309	0.03129	0.06064	0.03374	0.22408	0.01782	0.02723	0.00150	0.00370	0.03776	0.00360	0.00518
5	0.00864	0.00620	0.03668	0.00516	0.00655	0.06800	0.00419	0.04429	0.03692	0.01521	0.01290	0.01538	0.01033	0.00498	0.00317	0.00104	0.00271	0.03345	0.67998	0.00420
6	0.00702	0.00530	0.00592	0.00560	0.00693	0.00534	0.00422	0.04480	0.16403	0.01471	0.25562	0.07270	0.21348	0.05668	0.00542	0.00148	0.00250	0.02180	0.10214	0.00429
7	0.10255	0.06563	0.04111	0.00770	0.01083	0.03972	0.00660	0.10096	0.03125	0.51624	0.01290	0.01182	0.00853	0.00481	0.00402	0.00125	0.01979	0.00367	0.00418	0.00644
8	0.01010	0.00860	0.00913	0.00811	0.01045	0.00976	0.00632	0.05406	0.71118	0.01725	0.04746	0.01590	0.02956	0.00565	0.00417	0.00135	0.00322	0.00471	0.00411	0.03890
9	0.00507	0.00362	0.00484	0.00579	0.00606	0.00339	0.00393	0.00583	0.00793	0.01055	0.02259	0.81902	0.02700	0.01280	0.00526	0.00168	0.00244	0.04504	0.00381	0.00335
10	0.03290	0.02991	0.11863	0.01091	0.07216	0.04303	0.07925	0.27865	0.10056	0.14011	0.03551	0.01142	0.00851	0.00472	0.00420	0.00127	0.01460	0.00388	0.00345	0.00634
11	0.15056	0.01095	0.01134	0.00882	0.01199	0.01218	0.00728	0.69154	0.01739	0.02471	0.00921	0.00936	0.00659	0.00475	0.00386	0.00124	0.00431	0.00347	0.00386	0.00659
12	0.00898	0.00898	0.01257	0.01078	0.01078	0.01257	0.00898	0.00988	0.00629	0.00988	0.00539	0.00898	0.00539	0.00718	0.01347	0.00180	0.84823	0.00359	0.00180	0.00449
13	0.01102	0.09363	0.20706	0.00946	0.01299	0.03993	0.03853	0.09333	0.36445	0.06891	0.01208	0.01186	0.00893	0.00476	0.00396	0.00129	0.00444	0.00384	0.00327	0.00626
14	0.01560	0.01150	0.01232	0.00944	0.01273	0.01273	0.00780	0.81645	0.01930	0.02587	0.00986	0.00986	0.00698	0.00493	0.00411	0.00123	0.00452	0.00370	0.00411	0.00698
15	0.01021	0.00882	0.00928	0.00835	0.01067	0.01021	0.00650	0.02181	0.82272	0.01717	0.01671	0.01532	0.01253	0.00557	0.00418	0.00139	0.00325	0.00464	0.00418	0.00650
16	0.00581	0.00420	0.00549	0.00516	0.00613	0.00387	0.00387	0.00775	0.01162	0.01646	0.82797	0.03066	0.03873	0.00839	0.00484	0.00129	0.00194	0.00742	0.00452	0.00387
17	0.00713	0.00357	0.00535	0.00535	0.00535	0.00357	0.00357	0.00535	0.00535	0.00713	0.00713	0.01248	0.00713	0.01426	0.01604	0.88057	0.00357	0.00357	0.00178	0.00178
18	0.10733	0.01087	0.01150	0.00890	0.01210	0.01199	0.00735	0.68760	0.01758	0.06978	0.00977	0.00975	0.00689	0.00482	0.00394	0.00124	0.00432	0.00356	0.00400	0.00671
19	0.00524	0.00386	0.00464	0.00518	0.00590	0.00344	0.00360	0.00610	0.00850	0.02883	0.02948	0.53419	0.32263	0.01178	0.00507	0.00155	0.00229	0.01039	0.00384	0.00346
20	0.01551	0.10611	0.01182	0.00811	0.01120	0.03510	0.00679	0.33633	0.03347	0.32898	0.04289	0.01197	0.00933	0.00495	0.00394	0.00120	0.00403	0.00382	0.01788	0.00654
21	0.00620	0.00390	0.00465	0.00465	0.00465	0.00390	0.00270	0.00585	0.00585	0.00780	0.01180	0.02404	0.01340	0.69078	0.01994	0.17582	0.00390	0.00550	0.00235	0.00235
22	0.01132	0.66833	0.09431	0.00791	0.01149	0.11126	0.00789	0.02809	0.00896	0.01032	0.00601	0.00693	0.00530	0.00366	0.00290	0.00094	0.00490	0.00235	0.00184	0.00531

[dist]
# distance from previous block
# <min> <max>
0	7

[block]
# block no. 6 follows, 65 sequences, length 31
# corresponding to MSA columns:
# 834-864
name=unknown_G
#
# <colnr> <probs for GDERKNQSTAVLIFYWHMCP>
#	G	D	E	R	K	N	Q	S	T	A	V	L	I	F	Y	W	H	M	C	P
0	0.05590	0.00930	0.01350	0.04591	0.41992	0.02513	0.01897	0.12425	0.01108	0.18782	0.00973	0.01076	0.00721	0.00416	0.00397	0.00122	0.00446	0.00366	0.01430	0.02876
1	0.01091	0.10430	0.06715	0.02549	0.05244	0.08587	0.00762	0.08344	0.42997	0.02873	0.02454	0.01341	0.03809	0.00513	0.00396	0.00127	0.00412	0.00410	0.00341	0.00605
2	0.88473	0.00794	0.00603	0.00540	0.00794	0.00921	0.00445	0.01207	0.00699	0.01842	0.00572	0.00667	0.00445	0.00381	0.00254	0.00127	0.00318	0.00222	0.00254	0.00445
3	0.03360	0.10626	0.16451	0.03385	0.11635	0.16735	0.03622	0.15625	0.11028	0.02396	0.00870	0.00956	0.00667	0.00428	0.00382	0.00120	0.00528	0.00333	0.00263	0.00591
4	0.00802	0.00764	0.01311	0.74844	0.09287	0.00922	0.04163	0.01076	0.00836	0.01082	0.00737	0.01089	0.00558	0.00404	0.00413	0.00136	0.00548	0.00369	0.00185	0.00475
5	0.00505	0.00370	0.00464	0.00536	0.00577	0.00341	0.00359	0.00577	0.00795	0.01038	0.02496	0.65240	0.15798	0.08063	0.00644	0.00181	0.00246	0.01071	0.00370	0.00329
6	0.01436	0.00609	0.00820	0.00659	0.00907	0.00533	0.00532	0.01603	0.01164	0.57177	0.25256	0.01957	0.04256	0.00620	0.00436	0.00128	0.00300	0.00522	0.00488	0.00598
7	0.01263	0.01002	0.01064	0.00884	0.01159	0.01134	0.00708	0.37763	0.46297	0.02107	0.01364	0.01287	0.01005	0.00528	0.00415	0.00132	0.00382	0.00422	0.00415	0.00671
8	0.00781	0.00409	0.00440	0.00425	0.00532	0.00402	0.00321	0.00987	0.02263	0.04698	0.14500	0.01773	0.01509	0.00539	0.00326	0.00103	0.00200	0.00443	0.68948	0.00400
9	0.01560	0.01150	0.01232	0.00944	0.01273	0.01273	0.00780	0.81645	0.01930	0.02587	0.00986	0.00986	0.00698	0.00493	0.00411	0.00123	0.00452	0.00370	0.00411	0.00698
10	0.03590	0.79492	0.05886	0.00719	0.01080	0.01573	0.00733	0.01232	0.00832	0.01006	0.00578	0.00668	0.00524	0.00354	0.00269	0.00091	0.00443	0.00223	0.00178	0.00528
11	0.01097	0.85821	0.02151	0.00702	0.01054	0.01624	0.00702	0.01229	0.00834	0.00966	0.00571	0.00658	0.00527	0.00351	0.00263	0.00088	0.00439	0.00219	0.00176	0.00527
12	0.05714	0.00963	0.01516	0.13588	0.32660	0.05318	0.16915	0.03420	0.06361	0.02420	0.00895	0.03042	0.00724	0.00416	0.00411	0.00128	0.00508	0.00403	0.04030	0.00566
13	0.01048	0.00889	0.00942	0.00841	0.01076	0.01024	0.00659	0.07425	0.74914	0.01763	0.01638	0.01572	0.01244	0.00567	0.00421	0.00139	0.00335	0.02442	0.00416	0.00646
14	0.00552	0.00405	0.00519	0.00532	0.00614	0.00373	0.00392	0.00702	0.01022	0.01398	0.47229	0.25182	0.13141	0.00999	0.00499	0.00144	0.00218	0.05291	0.00420	0.00367
15	0.01007	0.00966	0.01650	0.05594	0.80009	0.00973	0.01255	0.01252	0.00930	0.01330	0.00771	0.01019	0.00646	0.00367	0.00407	0.00122	0.00490	0.00366	0.00202	0.00643
16	0.00497	0.00416	0.00430	0.00426	0.00558	0.00352	0.00318	0.00608	0.00950	0.01154	0.11813	0.03833	0.73147	0.03040	0.00523	0.00144	0.00211	0.00848	0.00385	0.00348
17	0.00713	0.00357	0.00535	0.00535	0.00535	0.00357	0.00357	0.00535	0.00535	0.00713	0.00713	0.01248	0.00713	0.01426	0.01604	0.88057	0.00357	0.00357	0.00178	0.00178
18	0.00934	0.00968	0.01866	0.18315	0.28778	0.00983	0.35420	0.01220	0.00915	0.01257	0.00814	0.02853	0.00659	0.00395	0.00468	0.00134	0.02825	0.00433	0.00204	0.00559
19	0.03291	0.01633	0.51598	0.01162	0.04016	0.00906	0.11257	0.04787	0.00958	0.09951	0.01982	0.01017	0.00664	0.00410	0.00398	0.00129	0.00548	0.00350	0.04347	0.00597
20	0.00634	0.00467	0.00657	0.00644	0.00719	0.00533	0.00489	0.04514	0.00711	0.01008	0.01121	0.01733	0.01076	0.14438	0.68633	0.00598	0.00971	0.00458	0.00233	0.00366
21	0.06282	0.05510	0.09853	0.06071	0.28096	0.07609	0.02507	0.01215	0.00892	0.04938	0.00872	0.07676	0.00772	0.00468	0.00439	0.00121	0.05309	0.00388	0.00233	0.10749
22	0.00924	0.00695	0.00823	0.02565	0.00970	0.00560	0.00497	0.03570	0.00921	0.07372	0.04212	0.01054	0.00814	0.00365	0.00323	0.00075	0.00303	0.00296	0.08409	0.65251
23	0.51376	0.13924	0.00960	0.02249	0.00954	0.16080	0.00566	0.01251	0.00815	0.01485	0.00753	0.00847	0.04346	0.00424	0.00318	0.00119	0.02571	0.00266	0.00237	0.00458
24	0.01498	0.08739	0.01243	0.01029	0.01252	0.77269	0.00786	0.01606	0.01137	0.01001	0.00629	0.00734	0.00529	0.00417	0.00361	0.00104	0.00716	0.00261	0.00209	0.00480
25	0.01012	0.07327	0.28156	0.01060	0.04203	0.03226	0.11833	0.05920	0.03987	0.06829	0.00849	0.00957	0.00636	0.00382	0.00376	0.00110	0.00494	0.00327	0.01270	0.21046
26	0.00884	0.01504	0.49460	0.01968	0.01434	0.00799	0.02026	0.02758	0.03286	0.08238	0.02042	0.07078	0.02956	0.03057	0.00461	0.00139	0.00495	0.04571	0.00254	0.06590
27	0.77282	0.00806	0.00719	0.04647	0.07539	0.00925	0.00543	0.01204	0.00723	0.01764	0.00595	0.00715	0.00466	0.00381	0.00274	0.00127	0.00342	0.00241	0.00247	0.00462
28	0.00612	0.00543	0.00536	0.00523	0.00648	0.07126	0.00395	0.00750	0.01029	0.01291	0.31062	0.05494	0.42915	0.00931	0.00480	0.00136	0.00255	0.04510	0.00392	0.00372
29	0.02279	0.00677	0.00877	0.00793	0.07545	0.00603	0.00574	0.05983	0.01082	0.29934	0.15094	0.01712	0.07669	0.01680	0.02421	0.00129	0.00338	0.00460	0.00387	0.19765
30	0.07981	0.00745	0.00787	0.00724	0.00920	0.00838	0.00563	0.01716	0.53264	0.01656	0.12609	0.04242	0.03644	0.00630	0.00417	0.00137	0.00296	0.03376	0.04896	0.00558

[dist]
# distance from previous block
# <min> <max>
1	3

[block]
# block no. 7 follows, 65 sequences, length 16
# corresponding to MSA columns:
# 868-883
name=unknown_H
#
# <colnr> <probs for GDERKNQSTAVLIFYWHMCP>
#	G	D	E	R	K	N	Q	S	T	A	V	L	I	F	Y	W	H	M	C	P
0	0.14510	0.06492	0.03479	0.06981	0.08896	0.45537	0.03891	0.01436	0.01005	0.01191	0.00653	0.00795	0.00534	0.00399	0.00356	0.00112	0.00605	0.00281	0.00213	0.02633
1	0.02678	0.13548	0.46590	0.01122	0.03542	0.04025	0.10051	0.01277	0.03242	0.01258	0.03293	0.00990	0.00689	0.00557	0.05289	0.00155	0.00597	0.00336	0.00200	0.00563
2	0.01282	0.00910	0.01022	0.00788	0.01112	0.00905	0.00640	0.32178	0.13827	0.12920	0.01092	0.01081	0.00797	0.00443	0.00377	0.00106	0.00370	0.00348	0.00370	0.29432
3	0.00767	0.00553	0.00660	0.00599	0.00748	0.00554	0.00460	0.03197	0.18347	0.06552	0.52046	0.02662	0.09683	0.00767	0.00464	0.00132	0.00239	0.00664	0.00441	0.00466
4	0.00713	0.00357	0.00535	0.00535	0.00535	0.00357	0.00357	0.00535	0.00535	0.00713	0.00713	0.01248	0.00713	0.01426	0.01604	0.88057	0.00357	0.00357	0.00178	0.00178
5	0.01016	0.00975	0.01666	0.02520	0.83013	0.00975	0.01260	0.01260	0.00935	0.01341	0.00772	0.01016	0.00650	0.00366	0.00406	0.00122	0.00488	0.00366	0.00203	0.00650
6	0.00812	0.00478	0.00430	0.00424	0.00526	0.05472	0.00318	0.00998	0.00879	0.01498	0.01296	0.01482	0.01020	0.00475	0.00292	0.00096	0.00225	0.00375	0.82514	0.00388
