[name]
unknown

[dist]
# distance from previous block
# <min> <max>
5	200

[block]
# block no. 0 follows, 58 sequences, length 31
# corresponding to MSA columns:
# 239-269
name=unknown_A
#
# <colnr> <probs for GDERKNQSTAVLIFYWHMCP>
#	G	D	E	R	K	N	Q	S	T	A	V	L	I	F	Y	W	H	M	C	P
0	0.19987	0.17671	0.08211	0.03772	0.01287	0.01091	0.04888	0.09229	0.02648	0.11484	0.00950	0.01018	0.01821	0.00439	0.00364	0.00120	0.00444	0.00330	0.00302	0.13942
1	0.11623	0.16354	0.02933	0.00847	0.02868	0.04457	0.03111	0.05229	0.15180	0.11046	0.04491	0.08671	0.05167	0.01796	0.00438	0.00138	0.00408	0.00491	0.00354	0.04400
2	0.26247	0.15226	0.01269	0.00956	0.06308	0.17490	0.00733	0.11190	0.05361	0.06941	0.02432	0.00966	0.00730	0.00460	0.00362	0.00125	0.00490	0.00320	0.00302	0.02090
3	0.02982	0.00447	0.00626	0.00607	0.00633	0.00458	0.00416	0.04887	0.00669	0.00918	0.00789	0.01329	0.00769	0.01471	0.01641	0.80139	0.00393	0.00386	0.00210	0.00232
4	0.01067	0.02560	0.07734	0.00726	0.00982	0.00639	0.02485	0.07243	0.01211	0.21317	0.20529	0.04874	0.24349	0.00809	0.00491	0.00144	0.00339	0.01516	0.00441	0.00545
5	0.00950	0.14980	0.67184	0.01242	0.04273	0.01153	0.01507	0.01403	0.00941	0.01362	0.00776	0.00914	0.00572	0.00418	0.00404	0.00134	0.00629	0.00319	0.00190	0.00649
6	0.00653	0.00436	0.00495	0.00498	0.00501	0.00436	0.00285	0.00659	0.00662	0.00881	0.01438	0.02991	0.01655	0.81788	0.02227	0.00427	0.00433	0.02985	0.00275	0.00275
7	0.00921	0.00501	0.00510	0.00478	0.00608	0.00514	0.00367	0.08957	0.01055	0.01783	0.01421	0.01608	0.01108	0.00523	0.00326	0.00107	0.00237	0.00416	0.78110	0.00451
8	0.01048	0.27908	0.51145	0.01107	0.01649	0.07347	0.01318	0.01420	0.00957	0.01279	0.00738	0.00863	0.00570	0.00415	0.00380	0.00125	0.00615	0.00299	0.00193	0.00623
9	0.00871	0.00814	0.01366	0.65698	0.14797	0.00967	0.01209	0.01158	0.00937	0.01233	0.05985	0.01318	0.00847	0.00470	0.00452	0.00146	0.00562	0.00424	0.00221	0.00524
10	0.00989	0.01001	0.01610	0.01297	0.01406	0.01264	0.19068	0.01157	0.00784	0.01190	0.00707	0.01068	0.00638	0.00676	0.01190	0.00180	0.59965	0.00424	0.04874	0.00512
11	0.01996	0.00778	0.01049	0.00804	0.01150	0.00683	0.00664	0.04876	0.01309	0.79063	0.01741	0.01507	0.01095	0.00553	0.00450	0.00138	0.00385	0.00448	0.00550	0.00761
12	0.00981	0.00925	0.01551	0.36174	0.35512	0.01012	0.05148	0.02826	0.04312	0.01388	0.05138	0.01289	0.00875	0.00457	0.00454	0.00142	0.00545	0.00431	0.00241	0.00600
13	0.01408	0.00802	0.00948	0.00800	0.01058	0.02704	0.00634	0.05669	0.23859	0.34771	0.15409	0.05018	0.01758	0.00720	0.02210	0.00156	0.00372	0.00554	0.00490	0.00659
14	0.01846	0.00829	0.01060	0.00823	0.01153	0.00776	0.00676	0.15203	0.03297	0.61453	0.06770	0.01568	0.01256	0.00575	0.00455	0.00138	0.00388	0.00466	0.00529	0.00738
15	0.01980	0.00805	0.01065	0.00817	0.01164	0.00722	0.00675	0.09083	0.01353	0.74792	0.01703	0.01483	0.01077	0.00552	0.00450	0.00138	0.00391	0.00446	0.00544	0.00761
16	0.01426	0.01024	0.01547	0.01172	0.01517	0.01032	0.23607	0.23618	0.08252	0.21164	0.01467	0.03633	0.05273	0.00562	0.00504	0.00145	0.02472	0.00511	0.00401	0.00673
17	0.01176	0.70921	0.12424	0.00845	0.01257	0.04784	0.00882	0.01366	0.00927	0.01100	0.00648	0.00750	0.00573	0.00391	0.00309	0.00102	0.00514	0.00253	0.00193	0.00583
18	0.00644	0.00431	0.00490	0.00497	0.00498	0.00429	0.00280	0.00649	0.00664	0.00885	0.01477	0.08149	0.01712	0.78940	0.02167	0.00417	0.00422	0.00691	0.00280	0.00277
19	0.01865	0.00818	0.01056	0.00817	0.01148	0.00756	0.00672	0.14289	0.01408	0.63951	0.07087	0.01576	0.01266	0.00576	0.00455	0.00138	0.00387	0.00467	0.00533	0.00738
20	0.01105	0.01110	0.01648	0.17851	0.54465	0.08930	0.01278	0.01353	0.01001	0.01344	0.00804	0.01087	0.00668	0.00435	0.00495	0.00138	0.05046	0.00387	0.00217	0.00638
21	0.06513	0.00934	0.01121	0.00864	0.01211	0.00925	0.00714	0.28635	0.01533	0.50595	0.01468	0.01327	0.00956	0.00541	0.00440	0.00137	0.00417	0.00423	0.00503	0.00746
22	0.00729	0.00424	0.00462	0.00468	0.00525	0.00420	0.00309	0.00845	0.00835	0.01316	0.05671	0.08360	0.01632	0.33978	0.01126	0.00243	0.00302	0.00594	0.41406	0.00355
23	0.00753	0.00483	0.00555	0.00551	0.00660	0.00481	0.00413	0.00982	0.05651	0.03394	0.14430	0.13170	0.13538	0.03288	0.03054	0.00164	0.02119	0.03218	0.32668	0.00427
24	0.04515	0.01187	0.01600	0.01352	0.06703	0.13117	0.25551	0.03928	0.22030	0.04228	0.01177	0.03910	0.00933	0.00523	0.00521	0.00146	0.05337	0.00475	0.02156	0.00612
25	0.00640	0.00474	0.00691	0.00691	0.00761	0.00544	0.00524	0.00781	0.00711	0.01018	0.01224	0.01898	0.01179	0.13100	0.72845	0.00685	0.01106	0.00500	0.00243	0.00384
26	0.00693	0.00535	0.00618	0.00587	0.00726	0.00511	0.00445	0.05952	0.06000	0.01587	0.35502	0.08007	0.30339	0.02959	0.00566	0.00156	0.00259	0.03670	0.00448	0.00439
27	0.01511	0.01555	0.03723	0.04142	0.01535	0.32018	0.09225	0.27426	0.04371	0.03866	0.00910	0.01015	0.00692	0.00502	0.00500	0.00134	0.05563	0.00375	0.00314	0.00622
28	0.10311	0.00904	0.00950	0.04624	0.01145	0.05270	0.00682	0.23910	0.11742	0.01863	0.04299	0.18812	0.01542	0.00778	0.00469	0.00151	0.00408	0.08058	0.00392	0.03690
29	0.07079	0.02379	0.05767	0.01020	0.01231	0.36301	0.00827	0.04651	0.10994	0.01353	0.01014	0.08695	0.00911	0.00614	0.00580	0.00142	0.13281	0.00429	0.02197	0.00537
30	0.00869	0.00697	0.02767	0.00767	0.00889	0.07921	0.02803	0.03352	0.02336	0.09242	0.02092	0.55963	0.02322	0.01131	0.00536	0.00169	0.00361	0.04930	0.00403	0.00451

[dist]
# distance from previous block
# <min> <max>
1	5

[block]
# block no. 1 follows, 58 sequences, length 33
# corresponding to MSA columns:
# 284-303,320-332
name=unknown_B
#
# <colnr> <probs for GDERKNQSTAVLIFYWHMCP>
#	G	D	E	R	K	N	Q	S	T	A	V	L	I	F	Y	W	H	M	C	P
0	0.01525	0.05790	0.13736	0.00895	0.01248	0.08441	0.00823	0.03708	0.08733	0.39833	0.05949	0.03460	0.02700	0.00572	0.00442	0.00137	0.00454	0.00458	0.00425	0.00672
1	0.03892	0.00830	0.01299	0.53839	0.05373	0.00959	0.03170	0.05804	0.01021	0.13529	0.01008	0.03917	0.00763	0.00502	0.00469	0.00148	0.02210	0.00433	0.00278	0.00558
2	0.01303	0.00940	0.01198	0.16094	0.01569	0.05095	0.04810	0.10627	0.10597	0.20278	0.01247	0.05418	0.00956	0.00551	0.00503	0.00137	0.05479	0.00450	0.00363	0.12386
3	0.01309	0.02712	0.01193	0.01043	0.03859	0.21906	0.03779	0.05910	0.33292	0.07030	0.01319	0.04154	0.01038	0.00554	0.00460	0.00135	0.02494	0.00440	0.00361	0.07012
4	0.00684	0.00469	0.00578	0.00585	0.00694	0.00428	0.00425	0.00855	0.03606	0.06825	0.26530	0.32285	0.22142	0.01108	0.00536	0.00158	0.00248	0.00973	0.00449	0.00422
5	0.02759	0.01253	0.05944	0.01063	0.01423	0.04071	0.06996	0.46200	0.16627	0.02300	0.01149	0.01166	0.00841	0.00515	0.00443	0.00135	0.00495	0.00413	0.00396	0.05811
6	0.00941	0.00930	0.01295	0.01111	0.01160	0.03572	0.04179	0.01065	0.00729	0.01095	0.00716	0.01119	0.00686	0.01198	0.15620	0.00280	0.61098	0.00406	0.00207	0.02593
7	0.01020	0.00939	0.01574	0.36567	0.44170	0.01024	0.01281	0.01324	0.03092	0.03463	0.00872	0.01169	0.00689	0.00429	0.00445	0.00140	0.00550	0.00402	0.00227	0.00621
8	0.01182	0.46583	0.26400	0.00971	0.01425	0.07593	0.01050	0.07768	0.01043	0.01310	0.00719	0.00822	0.00587	0.00414	0.00351	0.00114	0.00560	0.00284	0.00214	0.00611
9	0.00636	0.00428	0.00492	0.00506	0.00510	0.00424	0.00291	0.00647	0.00679	0.00905	0.01555	0.14091	0.01810	0.72865	0.02042	0.00399	0.00410	0.00736	0.00291	0.00284
10	0.08864	0.00506	0.00617	0.00658	0.00760	0.00494	0.00490	0.02773	0.00960	0.06988	0.05699	0.48860	0.07049	0.01168	0.00534	0.00173	0.00300	0.12267	0.00416	0.00423
11	0.02625	0.01030	0.01664	0.29878	0.27494	0.03234	0.13486	0.08407	0.05044	0.01490	0.00897	0.01162	0.00695	0.00437	0.00455	0.00142	0.00580	0.00418	0.00248	0.00615
12	0.01069	0.01024	0.01746	0.14504	0.70030	0.01053	0.01354	0.01339	0.01000	0.01415	0.00835	0.01120	0.00692	0.00406	0.00443	0.00135	0.00541	0.00398	0.00218	0.00678
13	0.00650	0.00436	0.00499	0.00499	0.00502	0.00439	0.00284	0.00657	0.00654	0.00875	0.01400	0.02874	0.01603	0.80559	0.05965	0.00447	0.00469	0.00643	0.00270	0.00277
14	0.00688	0.00465	0.00590	0.00576	0.00687	0.00425	0.00432	0.00863	0.01148	0.05676	0.48822	0.13960	0.14055	0.02381	0.00557	0.00155	0.00242	0.04864	0.02992	0.00423
15	0.01012	0.32210	0.50090	0.01112	0.01664	0.01308	0.04177	0.01389	0.00936	0.01285	0.00741	0.00871	0.00573	0.00408	0.00379	0.00125	0.00598	0.00304	0.00191	0.00627
16	0.01188	0.00768	0.00837	0.02078	0.00952	0.00825	0.00568	0.26141	0.10093	0.06723	0.01414	0.04377	0.01116	0.03348	0.01801	0.00145	0.00356	0.00462	0.36235	0.00572
17	0.00651	0.00434	0.00488	0.00488	0.00488	0.00434	0.00271	0.00651	0.00651	0.00867	0.01409	0.02927	0.01626	0.84279	0.02277	0.00434	0.00434	0.00651	0.00271	0.00271
18	0.01186	0.00948	0.06532	0.02293	0.01151	0.02606	0.04027	0.22445	0.10540	0.08752	0.13510	0.01821	0.04100	0.00619	0.00445	0.00136	0.00395	0.02357	0.15539	0.00599
19	0.00968	0.11566	0.58761	0.03317	0.01740	0.01101	0.01395	0.04229	0.00992	0.03114	0.03522	0.01102	0.02661	0.00472	0.00450	0.00138	0.03254	0.00359	0.00222	0.00632
20	0.01028	0.01128	0.04401	0.04289	0.01497	0.06093	0.15525	0.01221	0.02220	0.01172	0.00689	0.01029	0.00617	0.00661	0.01140	0.00178	0.55970	0.00411	0.00208	0.00522
21	0.00649	0.00438	0.00509	0.00509	0.00517	0.00445	0.00298	0.00664	0.00657	0.00883	0.01390	0.02819	0.01579	0.76767	0.09725	0.00460	0.00505	0.00635	0.00268	0.00283
22	0.00967	0.21588	0.63301	0.01156	0.01751	0.01210	0.01445	0.01399	0.00936	0.01331	0.00760	0.00891	0.00568	0.00415	0.00393	0.00131	0.00618	0.00309	0.00189	0.00641
23	0.01134	0.03875	0.01044	0.06439	0.06037	0.03177	0.00715	0.11682	0.16622	0.11261	0.07152	0.04100	0.05699	0.06732	0.04831	0.00195	0.02598	0.03720	0.02408	0.00579
24	0.00978	0.20022	0.63098	0.01163	0.01755	0.02927	0.01445	0.01408	0.00944	0.01331	0.00761	0.00893	0.00568	0.00417	0.00395	0.00131	0.00625	0.00310	0.00190	0.00639
25	0.00633	0.00446	0.00551	0.00560	0.00598	0.00455	0.00370	0.00696	0.00739	0.00994	0.04252	0.08523	0.07579	0.48654	0.20353	0.00445	0.00574	0.02959	0.00296	0.00324
26	0.11883	0.00873	0.00867	0.00772	0.00962	0.11271	0.03438	0.08663	0.06279	0.10067	0.04891	0.16428	0.01451	0.08248	0.02081	0.00177	0.00424	0.00584	0.10133	0.00510
27	0.00959	0.00907	0.01540	0.46109	0.31208	0.01013	0.04559	0.03116	0.00974	0.01310	0.00877	0.03850	0.00721	0.00460	0.00453	0.00144	0.00566	0.00432	0.00221	0.00580
28	0.00858	0.00860	0.03914	0.49869	0.10055	0.02851	0.05515	0.01121	0.00915	0.01197	0.01067	0.12460	0.00983	0.00662	0.02531	0.00167	0.02136	0.02094	0.00237	0.00507
29	0.01162	0.01113	0.01438	0.32055	0.19644	0.11569	0.03637	0.13874	0.06275	0.01529	0.00945	0.03076	0.00752	0.00483	0.00447	0.00140	0.00574	0.00416	0.00270	0.00602
30	0.01136	0.02933	0.03551	0.00834	0.02161	0.07126	0.02537	0.10012	0.06657	0.16309	0.15366	0.19035	0.05938	0.00824	0.00492	0.00149	0.00387	0.03573	0.00425	0.00554
31	0.04134	0.01137	0.01478	0.14045	0.08839	0.14612	0.17687	0.08372	0.08284	0.01462	0.01149	0.09735	0.02056	0.02563	0.00531	0.00152	0.02400	0.00515	0.00287	0.00563
32	0.08365	0.01078	0.03778	0.03720	0.05798	0.09570	0.05733	0.18789	0.01193	0.01655	0.02650	0.12976	0.03702	0.00683	0.00594	0.00148	0.11974	0.02351	0.00318	0.04926

[dist]
# distance from previous block
# <min> <max>
12	49

[block]
# block no. 2 follows, 58 sequences, length 10
# corresponding to MSA columns:
# 388-397
name=unknown_C
#
# <colnr> <probs for GDERKNQSTAVLIFYWHMCP>
#	G	D	E	R	K	N	Q	S	T	A	V	L	I	F	Y	W	H	M	C	P
0	0.10058	0.11002	0.19862	0.02447	0.04430	0.01044	0.00918	0.02674	0.11207	0.01504	0.08226	0.01384	0.05016	0.00554	0.00520	0.00136	0.09701	0.00412	0.00285	0.08620
1	0.01294	0.01001	0.01205	0.00960	0.01212	0.01108	0.04610	0.45407	0.01660	0.02270	0.22986	0.01691	0.01685	0.00661	0.00590	0.00144	0.09947	0.00519	0.00420	0.00629
2	0.01072	0.00810	0.00950	0.00705	0.01081	0.00661	0.00565	0.01387	0.09863	0.10721	0.01021	0.01079	0.00792	0.00388	0.00359	0.00084	0.00339	0.00313	0.00319	0.67492
3	0.01210	0.01074	0.01652	0.12001	0.53967	0.01128	0.01239	0.19135	0.01249	0.01730	0.00888	0.01110	0.00707	0.00436	0.00444	0.00135	0.00530	0.00399	0.00270	0.00695
4	0.00849	0.00678	0.00866	0.00901	0.10128	0.00611	0.00608	0.01116	0.08280	0.04394	0.04994	0.17616	0.11807	0.02307	0.00496	0.00138	0.00335	0.06756	0.00356	0.26765
5	0.00951	0.00785	0.01074	0.01033	0.09979	0.03000	0.07030	0.04720	0.02952	0.05372	0.06213	0.12885	0.01432	0.17518	0.00909	0.00196	0.07453	0.00583	0.00314	0.15601
6	0.01147	0.01030	0.01360	0.01105	0.01284	0.01243	0.06181	0.18064	0.10217	0.01605	0.00877	0.01088	0.00728	0.00633	0.00946	0.00160	0.41544	0.00402	0.00289	0.10097
7	0.01068	0.01022	0.01744	0.14889	0.69655	0.01052	0.01353	0.01338	0.01000	0.01413	0.00834	0.01120	0.00692	0.00406	0.00444	0.00135	0.00541	0.00398	0.00218	0.00677
8	0.01267	0.00896	0.01047	0.00793	0.01148	0.00827	0.00643	0.16124	0.08182	0.14892	0.01088	0.01119	0.00813	0.00447	0.00425	0.00103	0.03417	0.00347	0.00360	0.46063
9	0.00633	0.00426	0.00493	0.00510	0.00514	0.00422	0.00294	0.00646	0.00684	0.00912	0.01581	0.16104	0.01843	0.70807	0.02000	0.00393	0.00405	0.00751	0.00294	0.00286

[dist]
# distance from previous block
# <min> <max>
0	1

[block]
# block no. 3 follows, 58 sequences, length 13
# corresponding to MSA columns:
# 399-411
name=unknown_D
#
# <colnr> <probs for GDERKNQSTAVLIFYWHMCP>
#	G	D	E	R	K	N	Q	S	T	A	V	L	I	F	Y	W	H	M	C	P
0	0.00628	0.00424	0.00495	0.00517	0.00522	0.00419	0.00302	0.00645	0.00694	0.00926	0.01634	0.20153	0.01909	0.66668	0.01914	0.00380	0.00397	0.00783	0.00302	0.00291
1	0.00845	0.00795	0.01342	0.83204	0.03081	0.00994	0.01242	0.01143	0.00894	0.01143	0.00795	0.01193	0.00596	0.00447	0.00447	0.00149	0.00596	0.00398	0.00199	0.00497
2	0.00845	0.00795	0.01342	0.83204	0.03081	0.00994	0.01242	0.01143	0.00894	0.01143	0.00795	0.01193	0.00596	0.00447	0.00447	0.00149	0.00596	0.00398	0.00199	0.00497
3	0.00552	0.00392	0.00517	0.00614	0.00639	0.00368	0.00406	0.00625	0.00844	0.01125	0.02400	0.78954	0.02876	0.06548	0.00677	0.00197	0.00270	0.01233	0.00406	0.00358
4	0.01700	0.01253	0.01342	0.01029	0.01387	0.01387	0.00850	0.79997	0.02103	0.02819	0.01074	0.01074	0.00761	0.00537	0.00447	0.00134	0.00492	0.00403	0.00447	0.00761
5	0.00656	0.00440	0.00505	0.00513	0.00520	0.00440	0.00304	0.00671	0.00678	0.00902	0.01480	0.03083	0.01696	0.78159	0.02155	0.00417	0.00432	0.06387	0.00281	0.00281
6	0.01107	0.01063	0.01816	0.02746	0.81489	0.01063	0.01373	0.01373	0.01019	0.01461	0.00841	0.01107	0.00709	0.00399	0.00443	0.00133	0.00531	0.00399	0.00221	0.00709
7	0.60467	0.00787	0.00705	0.00649	0.00893	0.00877	0.00539	0.03379	0.00904	0.06773	0.06110	0.01646	0.01104	0.00591	0.00363	0.00149	0.00354	0.12885	0.00334	0.00493
8	0.00556	0.00394	0.00516	0.00608	0.00631	0.00371	0.00400	0.00626	0.00834	0.01112	0.02351	0.75186	0.02814	0.10400	0.00756	0.00209	0.00278	0.01204	0.00400	0.00353
9	0.00978	0.00931	0.01583	0.42256	0.42986	0.01029	0.01309	0.01260	0.00958	0.01305	0.00819	0.01149	0.00653	0.00422	0.00445	0.00141	0.00563	0.00398	0.00210	0.00605
10	0.01074	0.01029	0.01756	0.12935	0.71559	0.01054	0.01356	0.01344	0.01003	0.01421	0.00836	0.01118	0.00694	0.00405	0.00443	0.00135	0.00540	0.00398	0.00219	0.00682
11	0.78214	0.00907	0.00731	0.00636	0.00921	0.01045	0.00524	0.09781	0.00906	0.02094	0.00671	0.00764	0.00514	0.00428	0.00295	0.00138	0.00362	0.00259	0.00295	0.00514
12	0.01064	0.01026	0.01772	0.15287	0.66319	0.01055	0.04245	0.01339	0.01001	0.01411	0.00837	0.01124	0.00690	0.00405	0.00447	0.00136	0.00550	0.00403	0.00218	0.00672

[dist]
# distance from previous block
# <min> <max>
0	9

[block]
# block no. 4 follows, 58 sequences, length 8
# corresponding to MSA columns:
# 421-428
name=unknown_E
#
# <colnr> <probs for GDERKNQSTAVLIFYWHMCP>
#	G	D	E	R	K	N	Q	S	T	A	V	L	I	F	Y	W	H	M	C	P
0	0.00581	0.00411	0.00502	0.00560	0.00588	0.00389	0.00358	0.00634	0.00799	0.01051	0.02279	0.48332	0.09513	0.30529	0.01167	0.00268	0.00318	0.01024	0.00365	0.00332
1	0.00651	0.00434	0.00488	0.00488	0.00488	0.00434	0.00271	0.00651	0.00651	0.00867	0.01409	0.02927	0.01626	0.84279	0.02277	0.00434	0.00434	0.00651	0.00271	0.00271
2	0.00994	0.00944	0.01473	0.01212	0.01317	0.01189	0.14068	0.01181	0.03143	0.04485	0.00836	0.03528	0.00764	0.00956	0.08698	0.00232	0.53778	0.00454	0.00234	0.00514
3	0.01065	0.01019	0.01739	0.15781	0.68786	0.01052	0.01352	0.01336	0.00998	0.01410	0.00834	0.01121	0.00690	0.00406	0.00444	0.00135	0.00542	0.00398	0.00218	0.00674
4	0.01222	0.01311	0.02196	0.01622	0.02004	0.11040	0.53315	0.13286	0.01215	0.01578	0.00884	0.01124	0.00673	0.00437	0.00561	0.00147	0.06045	0.00471	0.00258	0.00609
5	0.01226	0.01098	0.01483	0.01158	0.01420	0.04698	0.16042	0.26754	0.04009	0.01833	0.08319	0.01283	0.01028	0.00582	0.00699	0.00147	0.20002	0.00449	0.00326	0.07442
6	0.01502	0.20658	0.01519	0.00939	0.01280	0.01405	0.00800	0.56088	0.01737	0.02289	0.01065	0.06765	0.00870	0.00561	0.00419	0.00129	0.00473	0.00425	0.00385	0.00689
7	0.01151	0.68704	0.11329	0.00911	0.01331	0.01637	0.07119	0.01356	0.00925	0.01124	0.00665	0.00782	0.00581	0.00387	0.00322	0.00105	0.00521	0.00272	0.00194	0.00586

[dist]
# distance from previous block
# <min> <max>
2	19

[block]
# block no. 5 follows, 58 sequences, length 26
# corresponding to MSA columns:
# 448-473
name=unknown_F
#
# <colnr> <probs for GDERKNQSTAVLIFYWHMCP>
#	G	D	E	R	K	N	Q	S	T	A	V	L	I	F	Y	W	H	M	C	P
0	0.01063	0.01049	0.03625	0.01446	0.15739	0.02568	0.06745	0.03853	0.04488	0.03334	0.00804	0.02218	0.00707	0.00628	0.00982	0.00165	0.44051	0.00411	0.00239	0.05884
1	0.01565	0.01323	0.01293	0.01049	0.01338	0.14238	0.00854	0.54359	0.03703	0.02286	0.01053	0.01240	0.00823	0.00585	0.00543	0.00141	0.08160	0.04381	0.00388	0.00678
2	0.01192	0.01126	0.01723	0.04206	0.69402	0.07476	0.01293	0.01442	0.01049	0.05536	0.00876	0.01106	0.00716	0.00412	0.00440	0.00132	0.00547	0.00392	0.00239	0.00692
3	0.01321	0.00949	0.01172	0.01215	0.15329	0.01020	0.00820	0.05270	0.46950	0.18484	0.01606	0.01516	0.01172	0.00556	0.00452	0.00145	0.00396	0.00471	0.00434	0.00721
4	0.01099	0.01055	0.01801	0.05248	0.79050	0.01061	0.01369	0.01366	0.01015	0.01451	0.00840	0.01110	0.00705	0.00400	0.00443	0.00133	0.00533	0.00399	0.00221	0.00702
5	0.00552	0.00397	0.00513	0.00602	0.00633	0.00370	0.00399	0.00626	0.00850	0.01124	0.02508	0.72722	0.07630	0.07936	0.00703	0.00200	0.00271	0.01203	0.00404	0.00357
6	0.01881	0.00964	0.01163	0.00892	0.01243	0.00958	0.00737	0.34204	0.01619	0.49297	0.01480	0.01338	0.00965	0.00547	0.00449	0.00137	0.00427	0.00430	0.00510	0.00761
7	0.01142	0.01129	0.01782	0.02648	0.76566	0.06067	0.01342	0.01398	0.01034	0.01439	0.00832	0.01089	0.00700	0.00402	0.00440	0.00132	0.00548	0.00392	0.00222	0.00697
8	0.00529	0.00453	0.00453	0.00453	0.00604	0.00378	0.00340	0.00642	0.01020	0.01208	0.04532	0.04305	0.81307	0.01133	0.00529	0.00151	0.00227	0.00944	0.00415	0.00378
9	0.00644	0.00492	0.00689	0.00627	0.00749	0.00453	0.04482	0.00850	0.01219	0.01705	0.68325	0.07528	0.08673	0.00926	0.00530	0.00144	0.00242	0.00827	0.00470	0.00426
10	0.00633	0.00457	0.00598	0.00563	0.00668	0.00422	0.00422	0.00844	0.01266	0.01794	0.81253	0.03341	0.04221	0.00914	0.00528	0.00141	0.00211	0.00809	0.00492	0.00422
11	0.00897	0.02314	0.81962	0.01275	0.01936	0.01039	0.01653	0.01417	0.00944	0.01417	0.00803	0.00944	0.00567	0.00425	0.00425	0.00142	0.00661	0.00331	0.00189	0.00661
12	0.00834	0.00417	0.00417	0.00417	0.00521	0.00417	0.00313	0.01042	0.00938	0.01668	0.01459	0.01668	0.01147	0.00521	0.00313	0.00104	0.00208	0.00417	0.86763	0.00417
13	0.00859	0.00809	0.01367	0.78977	0.07200	0.00997	0.01249	0.01155	0.00901	0.01160	0.00798	0.01188	0.00602	0.00445	0.00447	0.00148	0.00593	0.00398	0.00200	0.00508
14	0.01107	0.01063	0.01816	0.02746	0.81489	0.01063	0.01373	0.01373	0.01019	0.01461	0.00841	0.01107	0.00709	0.00399	0.00443	0.00133	0.00531	0.00399	0.00221	0.00709
15	0.00898	0.06878	0.72432	0.01202	0.01813	0.01043	0.01527	0.01377	0.00962	0.01419	0.05737	0.01079	0.00792	0.00453	0.00423	0.00139	0.00623	0.00355	0.00208	0.00641
16	0.87439	0.00865	0.00657	0.00588	0.00865	0.01003	0.00484	0.01315	0.00761	0.02007	0.00623	0.00727	0.00484	0.00415	0.00277	0.00138	0.00346	0.00242	0.00277	0.00484
17	0.00657	0.00656	0.05578	0.00615	0.00780	0.03213	0.00501	0.00885	0.06657	0.01284	0.10342	0.11072	0.42642	0.03492	0.09392	0.00220	0.00393	0.00815	0.00382	0.00425
18	0.00638	0.00460	0.00604	0.00576	0.00681	0.00427	0.00437	0.00848	0.01254	0.01771	0.77226	0.03428	0.04137	0.00931	0.00532	0.00144	0.00221	0.04774	0.00488	0.00422
19	0.01557	0.01887	0.01219	0.01096	0.01316	0.67193	0.00831	0.06768	0.01287	0.01248	0.05679	0.01013	0.00828	0.00588	0.02836	0.00138	0.03396	0.00336	0.00260	0.00524
20	0.01146	0.00917	0.00941	0.00840	0.01030	0.13072	0.00657	0.12516	0.09677	0.10115	0.06159	0.01595	0.01209	0.02844	0.33459	0.00373	0.00774	0.00461	0.01675	0.00541
21	0.00703	0.00521	0.00631	0.00665	0.00756	0.00513	0.00479	0.09947	0.03169	0.01392	0.04669	0.56703	0.12171	0.01226	0.00549	0.00172	0.00291	0.04598	0.00422	0.00424
22	0.00933	0.00757	0.00857	0.00806	0.01009	0.00813	0.00648	0.06002	0.36720	0.01692	0.09093	0.02897	0.10074	0.00835	0.00505	0.00160	0.00350	0.20862	0.00434	0.04552
23	0.32457	0.00788	0.00787	0.00618	0.00947	0.00725	0.00497	0.01153	0.00882	0.01649	0.03002	0.01156	0.06462	0.00434	0.00330	0.00101	0.00326	0.00319	0.00286	0.47082
24	0.00912	0.06512	0.77897	0.01249	0.01896	0.01076	0.01607	0.01413	0.00943	0.01398	0.00794	0.00933	0.00567	0.00423	0.00418	0.00139	0.00652	0.00326	0.00189	0.00657
25	0.01594	0.01581	0.01229	0.01038	0.01310	0.38528	0.00811	0.35978	0.02893	0.01881	0.00938	0.01048	0.00732	0.02819	0.01772	0.00142	0.00632	0.00360	0.04099	0.00615

[dist]
# distance from previous block
# <min> <max>
2	19

[block]
# block no. 6 follows, 58 sequences, length 28
# corresponding to MSA columns:
# 493-520
name=unknown_G
#
# <colnr> <probs for GDERKNQSTAVLIFYWHMCP>
#	G	D	E	R	K	N	Q	S	T	A	V	L	I	F	Y	W	H	M	C	P
0	0.01225	0.01069	0.01096	0.00936	0.03890	0.08415	0.00713	0.15955	0.30159	0.03027	0.01225	0.01227	0.00936	0.00486	0.00409	0.00117	0.00420	0.00387	0.00367	0.27940
1	0.03977	0.01110	0.03154	0.01590	0.04613	0.02690	0.54202	0.01328	0.01005	0.01416	0.00974	0.06983	0.00825	0.00463	0.00526	0.00143	0.03606	0.00523	0.00244	0.10626
2	0.01067	0.01135	0.07481	0.04263	0.66160	0.01043	0.06600	0.01357	0.01021	0.01461	0.03544	0.01179	0.00812	0.00417	0.00450	0.00135	0.00546	0.00416	0.00228	0.00684
3	0.00741	0.00393	0.00567	0.00577	0.00580	0.00391	0.00379	0.00594	0.00617	0.00823	0.01011	0.09846	0.01083	0.09931	0.01683	0.69457	0.00380	0.00504	0.00224	0.00219
4	0.00907	0.05135	0.79231	0.01257	0.01909	0.01064	0.01622	0.01414	0.00943	0.01404	0.00797	0.00937	0.00567	0.00424	0.00420	0.00140	0.00655	0.00327	0.00189	0.00658
5	0.01075	0.01030	0.01758	0.12601	0.71885	0.01054	0.01357	0.01345	0.01003	0.01422	0.00836	0.01118	0.00695	0.00405	0.00443	0.00135	0.00539	0.00398	0.00219	0.00683
6	0.01006	0.00583	0.00601	0.00539	0.00693	0.00610	0.00420	0.16750	0.01170	0.01897	0.01383	0.01550	0.01070	0.00524	0.00340	0.00110	0.00265	0.00414	0.69590	0.00485
7	0.00909	0.00861	0.01458	0.63419	0.22362	0.01011	0.01274	0.01199	0.00925	0.01221	0.00806	0.01172	0.00624	0.00435	0.00446	0.00145	0.00580	0.00398	0.00204	0.00549
8	0.00545	0.00389	0.00519	0.00623	0.00649	0.00363	0.00415	0.00623	0.00856	0.01142	0.02465	0.83987	0.02959	0.01401	0.00571	0.00182	0.00260	0.01272	0.00415	0.00363
9	0.01532	0.00750	0.01054	0.04009	0.01190	0.00689	0.05859	0.06941	0.01277	0.48474	0.13323	0.02001	0.09566	0.00647	0.00474	0.00141	0.00381	0.00551	0.00488	0.00653
10	0.00545	0.00389	0.00519	0.00623	0.00649	0.00363	0.00415	0.00623	0.00856	0.01142	0.02465	0.83987	0.02959	0.01401	0.00571	0.00182	0.00260	0.01272	0.00415	0.00363
11	0.00748	0.00487	0.00609	0.00561	0.00701	0.00436	0.00427	0.00933	0.01211	0.09723	0.55741	0.03378	0.21492	0.00928	0.00520	0.00143	0.00232	0.00804	0.00481	0.00446
12	0.01090	0.01045	0.01784	0.08119	0.76252	0.01058	0.01364	0.01357	0.01010	0.01440	0.00838	0.01113	0.00701	0.00402	0.00443	0.00134	0.00536	0.00398	0.00220	0.00694
13	0.01677	0.00792	0.00987	0.00801	0.01104	0.00766	0.00647	0.02154	0.23235	0.54013	0.01759	0.01573	0.01182	0.00566	0.00442	0.00140	0.00361	0.00463	0.06617	0.00722
14	0.00920	0.09078	0.00888	0.00654	0.00852	0.00722	0.00525	0.10181	0.06523	0.07373	0.37131	0.02776	0.19003	0.00817	0.00484	0.00138	0.00295	0.00687	0.00443	0.00510
15	0.62763	0.00871	0.00789	0.00665	0.00963	0.00956	0.00548	0.07200	0.00971	0.19314	0.00902	0.00924	0.00639	0.00454	0.00327	0.00138	0.00364	0.00299	0.00349	0.00564
16	0.87439	0.00865	0.00657	0.00588	0.00865	0.01003	0.00484	0.01315	0.00761	0.02007	0.00623	0.00727	0.00484	0.00415	0.00277	0.00138	0.00346	0.00242	0.00277	0.00484
17	0.00639	0.00478	0.00710	0.00710	0.00787	0.00554	0.00548	0.00793	0.00716	0.01032	0.01206	0.01803	0.01138	0.06491	0.79398	0.00708	0.01169	0.00486	0.00241	0.00394
18	0.00706	0.00501	0.00689	0.00782	0.00871	0.00500	0.00663	0.00886	0.00984	0.01283	0.02276	0.08131	0.02495	0.09612	0.00783	0.00228	0.00408	0.67409	0.00398	0.00396
19	0.00563	0.00402	0.00539	0.00643	0.00677	0.00379	0.00446	0.00653	0.00874	0.01162	0.02456	0.76032	0.02920	0.01385	0.00576	0.00184	0.00275	0.09053	0.00415	0.00368
20	0.00897	0.02314	0.81962	0.01275	0.01936	0.01039	0.01653	0.01417	0.00944	0.01417	0.00803	0.00944	0.00567	0.00425	0.00425	0.00142	0.00661	0.00331	0.00189	0.00661
21	0.00648	0.00432	0.00489	0.00492	0.00492	0.00432	0.00275	0.00650	0.00656	0.00875	0.01438	0.05124	0.01662	0.82033	0.02231	0.00427	0.00429	0.00667	0.00275	0.00274
22	0.00672	0.00504	0.00713	0.00699	0.00759	0.00589	0.00528	0.00800	0.00712	0.01032	0.01202	0.01911	0.01174	0.17723	0.59410	0.00609	0.06837	0.00502	0.03241	0.00383
23	0.01457	0.01101	0.01193	0.00960	0.01267	0.01224	0.00783	0.56062	0.15816	0.02435	0.01379	0.01444	0.04055	0.00777	0.05936	0.00179	0.00503	0.02292	0.00433	0.00704
24	0.00998	0.00830	0.00949	0.00722	0.01075	0.00712	0.00572	0.09218	0.09079	0.01615	0.01045	0.06885	0.00906	0.00456	0.00372	0.00090	0.00345	0.00374	0.00313	0.63444
25	0.01104	0.06808	0.01120	0.00754	0.01135	0.00854	0.00620	0.17090	0.01159	0.01697	0.00835	0.00943	0.00675	0.00385	0.00374	0.00085	0.02014	0.00294	0.00295	0.61758
26	0.01131	0.01108	0.01793	0.02679	0.78142	0.04465	0.01352	0.01390	0.01029	0.01446	0.00835	0.01095	0.00703	0.00401	0.00441	0.00132	0.00543	0.00394	0.00222	0.00701
27	0.01773	0.03840	0.01189	0.00902	0.01236	0.06371	0.00739	0.26188	0.09523	0.41297	0.01448	0.01324	0.00973	0.00542	0.00441	0.00135	0.00444	0.00423	0.00477	0.00733

[dist]
# distance from previous block
# <min> <max>
0	21

[block]
# block no. 7 follows, 58 sequences, length 34
# corresponding to MSA columns:
# 542-566,568-576
name=unknown_H
#
# <colnr> <probs for GDERKNQSTAVLIFYWHMCP>
#	G	D	E	R	K	N	Q	S	T	A	V	L	I	F	Y	W	H	M	C	P
0	0.01107	0.01063	0.01816	0.02746	0.81489	0.01063	0.01373	0.01373	0.01019	0.01461	0.00841	0.01107	0.00709	0.00399	0.00443	0.00133	0.00531	0.00399	0.00221	0.00709
1	0.00937	0.00803	0.00932	0.00675	0.01065	0.00622	0.00539	0.01189	0.04910	0.01478	0.00846	0.00965	0.00698	0.00345	0.00337	0.00071	0.00332	0.00277	0.00275	0.82704
2	0.00877	0.00827	0.01415	0.59459	0.14960	0.00961	0.05117	0.01167	0.00954	0.01264	0.07856	0.01368	0.00935	0.00477	0.00458	0.00146	0.00560	0.00440	0.00229	0.00528
3	0.06930	0.02402	0.01216	0.00947	0.01252	0.01243	0.00779	0.60367	0.01770	0.02455	0.01053	0.01142	0.00790	0.00871	0.10333	0.00205	0.02466	0.00399	0.02698	0.00682
4	0.87439	0.00865	0.00657	0.00588	0.00865	0.01003	0.00484	0.01315	0.00761	0.02007	0.00623	0.00727	0.00484	0.00415	0.00277	0.00138	0.00346	0.00242	0.00277	0.00484
5	0.00611	0.00455	0.00568	0.00543	0.00656	0.00412	0.00406	0.00801	0.01210	0.01667	0.64814	0.05175	0.19096	0.00967	0.00529	0.00144	0.00215	0.00845	0.00476	0.00412
6	0.00641	0.00430	0.00491	0.00500	0.00502	0.00428	0.00284	0.00648	0.00669	0.00891	0.01502	0.10028	0.01743	0.77019	0.02127	0.00412	0.00418	0.00705	0.00284	0.00279
7	0.00807	0.00420	0.00420	0.00420	0.00528	0.00413	0.00315	0.01007	0.00945	0.01627	0.01728	0.01899	0.08169	0.00575	0.00332	0.00108	0.00210	0.00463	0.79199	0.00413
8	0.01241	0.00780	0.00892	0.00742	0.00929	0.00816	0.00554	0.29182	0.01272	0.14516	0.01336	0.01984	0.01209	0.37001	0.05339	0.00294	0.00484	0.00522	0.00378	0.00530
9	0.03824	0.00589	0.00737	0.01964	0.00880	0.00577	0.00531	0.09765	0.02291	0.17322	0.02077	0.53261	0.02208	0.01079	0.00520	0.00165	0.00319	0.00954	0.00439	0.00497
10	0.00529	0.00453	0.00453	0.00453	0.00604	0.00378	0.00340	0.00642	0.01020	0.01208	0.04532	0.04305	0.81307	0.01133	0.00529	0.00151	0.00227	0.00944	0.00415	0.00378
11	0.01253	0.01041	0.01089	0.00937	0.01185	0.04769	0.00739	0.26818	0.38669	0.02023	0.02811	0.09834	0.01307	0.00673	0.00514	0.00150	0.04556	0.00540	0.00426	0.00666
12	0.00916	0.07357	0.77079	0.01244	0.01888	0.01084	0.01598	0.01412	0.00942	0.01394	0.00792	0.00931	0.00567	0.00422	0.00417	0.00139	0.00650	0.00325	0.00189	0.00656
13	0.01773	0.00723	0.00972	0.00765	0.01072	0.00637	0.00624	0.01988	0.03882	0.67263	0.13604	0.01798	0.01579	0.00609	0.00462	0.00139	0.00355	0.00505	0.00541	0.00709
14	0.00845	0.00795	0.01342	0.83204	0.03081	0.00994	0.01242	0.01143	0.00894	0.01143	0.00795	0.01193	0.00596	0.00447	0.00447	0.00149	0.00596	0.00398	0.00199	0.00497
15	0.00910	0.02229	0.76183	0.01343	0.04165	0.01044	0.05147	0.01416	0.00951	0.01419	0.00808	0.00961	0.00576	0.00422	0.00430	0.00142	0.00662	0.00341	0.00191	0.00660
16	0.01136	0.00972	0.01025	0.00915	0.01172	0.01124	0.00714	0.05454	0.77566	0.01909	0.01791	0.01645	0.01342	0.00604	0.00455	0.00151	0.00359	0.00502	0.00455	0.00710
17	0.01086	0.00938	0.00986	0.00890	0.01138	0.01080	0.00692	0.02299	0.77114	0.01842	0.01942	0.01787	0.04945	0.00630	0.00458	0.00152	0.00348	0.00525	0.00453	0.00693
18	0.01751	0.02236	0.01048	0.03060	0.01180	0.00674	0.00651	0.01932	0.01195	0.62581	0.01530	0.01384	0.00998	0.00505	0.00424	0.00124	0.00379	0.00409	0.00482	0.17458
19	0.00545	0.00389	0.00519	0.00623	0.00649	0.00363	0.00415	0.00623	0.00856	0.01142	0.02465	0.83987	0.02959	0.01401	0.00571	0.00182	0.00260	0.01272	0.00415	0.00363
20	0.00897	0.02314	0.81962	0.01275	0.01936	0.01039	0.01653	0.01417	0.00944	0.01417	0.00803	0.00944	0.00567	0.00425	0.00425	0.00142	0.00661	0.00331	0.00189	0.00661
21	0.00721	0.00515	0.00721	0.00824	0.00927	0.00515	0.00721	0.00927	0.01030	0.01339	0.02368	0.05046	0.02574	0.01236	0.00618	0.00206	0.00412	0.78478	0.00412	0.00412
22	0.00928	0.00795	0.00928	0.00663	0.01060	0.00596	0.00530	0.01126	0.00928	0.01458	0.00795	0.00928	0.00663	0.00331	0.00331	0.00066	0.00331	0.00265	0.00265	0.87014
23	0.01227	0.79440	0.02283	0.00782	0.01163	0.01747	0.00771	0.06163	0.00982	0.01161	0.00650	0.00739	0.00586	0.00392	0.00297	0.00098	0.00479	0.00249	0.00207	0.00586
24	0.01031	0.01055	0.01419	0.17702	0.12973	0.08357	0.01077	0.01194	0.00825	0.01146	0.00674	0.01024	0.00605	0.00633	0.01026	0.00170	0.47975	0.00385	0.00203	0.00525
25	0.00881	0.02224	0.78155	0.01244	0.01876	0.01007	0.01595	0.01380	0.00940	0.01404	0.00880	0.04826	0.00678	0.00471	0.00432	0.00144	0.00642	0.00375	0.00199	0.00647
26	0.01671	0.02132	0.01268	0.01152	0.01383	0.82483	0.00864	0.01786	0.01268	0.01095	0.00691	0.00807	0.00576	0.00461	0.00403	0.00115	0.00807	0.00288	0.00230	0.00519
27	0.01098	0.00948	0.00997	0.00899	0.01149	0.01094	0.00699	0.02333	0.78658	0.01854	0.01890	0.01736	0.03396	0.00620	0.00457	0.00152	0.00351	0.00517	0.00454	0.00700
28	0.00769	0.00462	0.00536	0.00515	0.00545	0.00453	0.00305	0.00784	0.00706	0.07957	0.01441	0.02804	0.01581	0.76945	0.02117	0.00408	0.00429	0.00633	0.00296	0.00314
29	0.00629	0.00457	0.00592	0.00558	0.00666	0.00420	0.00419	0.00836	0.01256	0.01771	0.78212	0.03380	0.07277	0.00923	0.00528	0.00141	0.00212	0.00814	0.00489	0.00420
30	0.00544	0.00393	0.00515	0.00612	0.00646	0.00364	0.00411	0.00624	0.00866	0.01146	0.02592	0.79101	0.07763	0.01385	0.00568	0.00180	0.00258	0.01252	0.00415	0.00364
31	0.01107	0.01063	0.01816	0.02746	0.81489	0.01063	0.01373	0.01373	0.01019	0.01461	0.00841	0.01107	0.00709	0.00399	0.00443	0.00133	0.00531	0.00399	0.00221	0.00709
32	0.01648	0.02344	0.01044	0.00832	0.01141	0.00835	0.00673	0.02210	0.29572	0.50374	0.03230	0.01594	0.01247	0.00576	0.00450	0.00142	0.00370	0.00473	0.00511	0.00733
33	0.05082	0.36172	0.08730	0.01048	0.01431	0.07724	0.15565	0.05558	0.01063	0.08386	0.02814	0.02901	0.00789	0.00452	0.00387	0.00122	0.00546	0.00369	0.00262	0.00596

[dist]
# distance from previous block
# <min> <max>
0	1

[block]
# block no. 8 follows, 58 sequences, length 31
# corresponding to MSA columns:
# 578-608
name=unknown_I
#
# <colnr> <probs for GDERKNQSTAVLIFYWHMCP>
#	G	D	E	R	K	N	Q	S	T	A	V	L	I	F	Y	W	H	M	C	P
0	0.08162	0.09888	0.05466	0.01065	0.01338	0.53292	0.02185	0.05411	0.03495	0.01290	0.00780	0.02823	0.00659	0.00482	0.00410	0.00122	0.02018	0.00323	0.00249	0.00543
1	0.00817	0.00635	0.00981	0.02958	0.09571	0.00627	0.06669	0.01053	0.02688	0.04061	0.05734	0.09580	0.05031	0.01022	0.00569	0.00183	0.00425	0.46538	0.00383	0.00473
2	0.00897	0.02314	0.81962	0.01275	0.01936	0.01039	0.01653	0.01417	0.00944	0.01417	0.00803	0.00944	0.00567	0.00425	0.00425	0.00142	0.00661	0.00331	0.00189	0.00661
3	0.00635	0.00459	0.00607	0.00607	0.00661	0.00496	0.00429	0.00728	0.00715	0.00984	0.01540	0.02416	0.07528	0.35103	0.44513	0.00562	0.00821	0.00583	0.00266	0.00347
4	0.00615	0.00454	0.00574	0.00549	0.00658	0.00413	0.00410	0.00806	0.01215	0.01684	0.67057	0.06571	0.15403	0.00965	0.00529	0.00144	0.00215	0.00846	0.00478	0.00413
5	0.00529	0.00453	0.00453	0.00453	0.00604	0.00378	0.00340	0.00642	0.01020	0.01208	0.04532	0.04305	0.81307	0.01133	0.00529	0.00151	0.00227	0.00944	0.00415	0.00378
6	0.00885	0.02249	0.79198	0.01253	0.01892	0.01016	0.01611	0.01390	0.00941	0.01407	0.00859	0.03763	0.00648	0.00458	0.00430	0.00143	0.00647	0.00362	0.00197	0.00651
7	0.02007	0.00761	0.01038	0.00796	0.01142	0.00657	0.00657	0.02180	0.01280	0.81799	0.01765	0.01523	0.01107	0.00554	0.00450	0.00138	0.00381	0.00450	0.00554	0.00761
8	0.02209	0.01091	0.08644	0.06125	0.16426	0.01151	0.08304	0.01270	0.00863	0.06662	0.00794	0.01084	0.00665	0.00656	0.02923	0.00178	0.37875	0.00402	0.00231	0.02449
9	0.01300	0.66938	0.02123	0.00835	0.01198	0.10833	0.00785	0.09244	0.01069	0.01234	0.00675	0.00763	0.00593	0.00407	0.00316	0.00102	0.00517	0.00261	0.00221	0.00586
10	0.01376	0.00992	0.01035	0.00861	0.01141	0.07250	0.00684	0.20995	0.22921	0.17329	0.07802	0.03639	0.06302	0.00629	0.00455	0.00137	0.00406	0.00509	0.00445	0.05091
11	0.01247	0.39334	0.09105	0.00876	0.01224	0.17638	0.00820	0.01430	0.01025	0.06999	0.03166	0.01142	0.01913	0.00530	0.02068	0.00124	0.00544	0.03302	0.00252	0.07261
12	0.01125	0.65132	0.21142	0.00886	0.01334	0.01597	0.00975	0.01358	0.00917	0.01138	0.00665	0.00771	0.00572	0.00393	0.00320	0.00107	0.00522	0.00261	0.00191	0.00595
13	0.00706	0.00510	0.00700	0.00795	0.00902	0.00504	0.00691	0.00905	0.01029	0.01329	0.02536	0.04988	0.08671	0.01228	0.00611	0.00202	0.00398	0.72475	0.00412	0.00409
14	0.00913	0.00866	0.01457	0.60788	0.21859	0.01025	0.01264	0.01196	0.00916	0.01217	0.00798	0.01164	0.00623	0.00448	0.00484	0.00147	0.03685	0.00398	0.00204	0.00548
15	0.01604	0.07862	0.01424	0.01019	0.01352	0.01416	0.00853	0.67625	0.01898	0.02544	0.01000	0.01038	0.00732	0.00544	0.00514	0.00136	0.06915	0.00389	0.00408	0.00725
16	0.00777	0.00389	0.00583	0.00583	0.00583	0.00389	0.00389	0.00583	0.00583	0.00777	0.00777	0.01360	0.00777	0.01554	0.01748	0.86985	0.00389	0.00389	0.00194	0.00194
17	0.00543	0.00397	0.00511	0.00603	0.00644	0.00365	0.00407	0.00625	0.00875	0.01150	0.02705	0.74765	0.12026	0.01370	0.00566	0.00178	0.00256	0.01234	0.00415	0.00365
18	0.01965	0.05090	0.01106	0.00794	0.01142	0.00715	0.00663	0.02137	0.01261	0.77627	0.01706	0.01481	0.01080	0.00545	0.00441	0.00136	0.00386	0.00439	0.00535	0.00752
19	0.01113	0.00961	0.01011	0.00910	0.01163	0.01113	0.00708	0.02377	0.80681	0.01871	0.01821	0.01669	0.01365	0.00607	0.00455	0.00152	0.00354	0.00506	0.00455	0.00708
20	0.00540	0.00454	0.00468	0.00465	0.00611	0.00382	0.00349	0.00663	0.01046	0.01270	0.12596	0.04204	0.73205	0.01110	0.00529	0.00150	0.00225	0.00930	0.00423	0.00382
21	0.00998	0.00951	0.01618	0.36354	0.48737	0.01034	0.01318	0.01277	0.00967	0.01328	0.00822	0.01143	0.00662	0.00419	0.00445	0.00140	0.00559	0.00398	0.00212	0.00620
22	0.00634	0.00475	0.00709	0.00714	0.00791	0.00549	0.00552	0.00790	0.00726	0.01044	0.01264	0.06005	0.01213	0.03254	0.78274	0.00691	0.01150	0.00520	0.00249	0.00398
23	0.00834	0.00417	0.00417	0.00417	0.00521	0.00417	0.00313	0.01042	0.00938	0.01668	0.01459	0.01668	0.01147	0.00521	0.00313	0.00104	0.00208	0.00417	0.86763	0.00417
24	0.00705	0.00521	0.00690	0.00771	0.00886	0.00515	0.00663	0.00933	0.03758	0.01337	0.02678	0.04818	0.14466	0.01199	0.00599	0.00196	0.00382	0.64054	0.00414	0.00417
25	0.00869	0.00819	0.01385	0.75910	0.10189	0.01000	0.01254	0.01164	0.00906	0.01172	0.00799	0.01185	0.00606	0.00443	0.00447	0.00148	0.00590	0.00398	0.00201	0.00516
26	0.01358	0.03597	0.07449	0.01006	0.02665	0.07233	0.00841	0.27467	0.32427	0.05563	0.01342	0.02506	0.01006	0.00551	0.00440	0.00138	0.00462	0.00435	0.00402	0.03113
27	0.08840	0.00819	0.00895	0.00753	0.01027	0.02347	0.00597	0.03347	0.25894	0.10142	0.14703	0.01749	0.01573	0.00584	0.00424	0.00127	0.00340	0.03150	0.00402	0.22287
28	0.02068	0.00903	0.01327	0.01010	0.01333	0.03586	0.18820	0.02751	0.02318	0.06368	0.01004	0.03605	0.00850	0.02097	0.08741	0.00179	0.05004	0.01379	0.00280	0.36378
29	0.23871	0.03864	0.03520	0.00994	0.01303	0.01067	0.15043	0.04324	0.28187	0.01751	0.01175	0.03959	0.00931	0.00514	0.00435	0.00142	0.02413	0.00431	0.00331	0.05745
30	0.04256	0.02716	0.04076	0.01055	0.01339	0.09938	0.12819	0.19050	0.13924	0.03505	0.02340	0.05560	0.02306	0.00879	0.09612	0.00205	0.02395	0.00480	0.01465	0.02080

[dist]
# distance from previous block
# <min> <max>
21	161

[block]
# block no. 9 follows, 58 sequences, length 7
# corresponding to MSA columns:
# 796-802
name=unknown_J
#
# <colnr> <probs for GDERKNQSTAVLIFYWHMCP>
#	G	D	E	R	K	N	Q	S	T	A	V	L	I	F	Y	W	H	M	C	P
0	0.01557	0.01045	0.01125	0.00903	0.01196	0.04450	0.00720	0.39487	0.12975	0.19393	0.01353	0.01464	0.01017	0.10445	0.00663	0.00172	0.00455	0.00452	0.00442	0.00685
1	0.09065	0.01385	0.01206	0.01000	0.01301	0.21380	0.00797	0.40041	0.15684	0.02154	0.01072	0.01083	0.00798	0.00520	0.00423	0.00133	0.00533	0.00379	0.00380	0.00667
2	0.12312	0.01205	0.01258	0.00975	0.01323	0.01340	0.00805	0.70259	0.01937	0.02719	0.01018	0.01031	0.00727	0.00522	0.00426	0.00135	0.00474	0.00383	0.00426	0.00727
3	0.01499	0.01804	0.01447	0.01234	0.01464	0.56446	0.10113	0.06053	0.01204	0.01229	0.00723	0.00894	0.00600	0.00503	0.00577	0.00132	0.12964	0.00338	0.00237	0.00538
4	0.00760	0.00518	0.00598	0.00581	0.00648	0.00519	0.00385	0.06774	0.03204	0.03525	0.06420	0.15420	0.06889	0.48252	0.01518	0.00315	0.00381	0.02580	0.00345	0.00368
5	0.00973	0.26533	0.38703	0.01045	0.01475	0.01264	0.01178	0.01280	0.00896	0.01236	0.00989	0.01131	0.06546	0.00524	0.00565	0.00138	0.14373	0.00359	0.00208	0.00585
6	0.05708	0.00467	0.00566	0.00614	0.00691	0.00447	0.00428	0.00766	0.03164	0.01276	0.09257	0.55046	0.06555	0.06332	0.00640	0.00184	0.00279	0.02946	0.00399	0.04235

[dist]
# distance from previous block
# <min> <max>
9	34

[block]
# block no. 10 follows, 58 sequences, length 8
# corresponding to MSA columns:
# 850-857
name=unknown_K
#
# <colnr> <probs for GDERKNQSTAVLIFYWHMCP>
#	G	D	E	R	K	N	Q	S	T	A	V	L	I	F	Y	W	H	M	C	P
0	0.03577	0.00547	0.00651	0.00636	0.00770	0.00520	0.00465	0.07391	0.01023	0.09989	0.02493	0.40118	0.18300	0.05418	0.02929	0.00190	0.00326	0.00924	0.00411	0.03322
1	0.14380	0.01004	0.01183	0.14900	0.08479	0.01129	0.00861	0.25025	0.20610	0.06253	0.01156	0.01212	0.00852	0.00509	0.00423	0.00142	0.00452	0.00405	0.00368	0.00657
2	0.01212	0.00888	0.01158	0.00939	0.01185	0.08036	0.12899	0.08172	0.04648	0.19604	0.19315	0.06823	0.07421	0.00722	0.00546	0.02437	0.02412	0.00606	0.00411	0.00565
3	0.08715	0.01221	0.13498	0.00979	0.01306	0.05212	0.03552	0.24668	0.15190	0.04119	0.04925	0.05329	0.01225	0.00630	0.00455	0.00147	0.00473	0.07347	0.00376	0.00630
4	0.00589	0.00421	0.00569	0.00673	0.00718	0.00401	0.00492	0.00699	0.00900	0.01191	0.02441	0.64252	0.02863	0.01360	0.00583	0.00188	0.00298	0.20573	0.00414	0.00375
5	0.03435	0.00952	0.03551	0.34508	0.13401	0.03743	0.04486	0.09235	0.01085	0.10244	0.01073	0.08355	0.00889	0.00548	0.00479	0.00146	0.02525	0.00476	0.00289	0.00580
6	0.05365	0.08940	0.39192	0.01313	0.11504	0.01015	0.07506	0.03436	0.00981	0.01437	0.03614	0.11661	0.01019	0.00557	0.00438	0.00142	0.00550	0.00480	0.00247	0.00603
