[name]
unknown

[dist]
# distance from previous block
# <min> <max>
3	256

[block]
# block no. 0 follows, 55 sequences, length 6
# corresponding to MSA columns:
# 437-442
name=unknown_A
#
# <colnr> <probs for GDERKNQSTAVLIFYWHMCP>
#	G	D	E	R	K	N	Q	S	T	A	V	L	I	F	Y	W	H	M	C	P
0	0.01021	0.01106	0.11774	0.04510	0.05316	0.08023	0.02128	0.08173	0.07972	0.03328	0.19307	0.04993	0.09527	0.00731	0.00541	0.00149	0.04426	0.02169	0.02268	0.02540
1	0.00974	0.03391	0.04874	0.00717	0.01070	0.00686	0.00603	0.05643	0.01076	0.03388	0.09288	0.03661	0.04740	0.02416	0.00440	0.00104	0.00357	0.00421	0.02306	0.53844
2	0.05766	0.08615	0.06123	0.01006	0.01357	0.03230	0.04416	0.37452	0.11378	0.02205	0.04676	0.01474	0.03546	0.00584	0.00452	0.00140	0.00486	0.03027	0.00395	0.03672
3	0.08651	0.22355	0.21413	0.01072	0.04952	0.07509	0.01023	0.16073	0.04005	0.01697	0.02794	0.01167	0.04405	0.00505	0.00404	0.00132	0.00542	0.00372	0.00288	0.00642
4	0.01320	0.13909	0.14799	0.01058	0.04770	0.05905	0.00944	0.27441	0.07731	0.03892	0.01386	0.03279	0.07354	0.00581	0.00439	0.00137	0.00507	0.00450	0.03431	0.00668
5	0.02936	0.16621	0.32431	0.01054	0.01509	0.04449	0.01128	0.14833	0.05018	0.03936	0.02917	0.01266	0.04867	0.00613	0.02827	0.00156	0.02096	0.00398	0.00292	0.00653

[dist]
# distance from previous block
# <min> <max>
14	99

[block]
# block no. 1 follows, 55 sequences, length 6
# corresponding to MSA columns:
# 546-551
name=unknown_B
#
# <colnr> <probs for GDERKNQSTAVLIFYWHMCP>
#	G	D	E	R	K	N	Q	S	T	A	V	L	I	F	Y	W	H	M	C	P
0	0.03790	0.04988	0.01437	0.22022	0.13125	0.05446	0.05923	0.10114	0.05450	0.06544	0.01224	0.06054	0.04144	0.00575	0.00510	0.00147	0.04288	0.00484	0.00307	0.03428
1	0.08443	0.01155	0.04249	0.20587	0.11092	0.12031	0.00970	0.11168	0.06258	0.05287	0.01075	0.06813	0.00893	0.00544	0.00442	0.00140	0.00536	0.00444	0.00308	0.07566
2	0.01105	0.00974	0.04101	0.23958	0.18285	0.03597	0.04420	0.03368	0.05543	0.08628	0.03932	0.04028	0.03137	0.00546	0.00492	0.00144	0.02889	0.00476	0.04295	0.06083
3	0.05047	0.00972	0.01272	0.14175	0.13794	0.05965	0.05145	0.09829	0.07297	0.09272	0.03780	0.06564	0.02871	0.00674	0.02528	0.00160	0.00511	0.02628	0.02839	0.04678
4	0.07436	0.01076	0.01356	0.17326	0.21306	0.07949	0.01017	0.09624	0.08794	0.09879	0.03942	0.01286	0.00927	0.00515	0.00485	0.00144	0.03359	0.00421	0.00325	0.02833
5	0.04436	0.00988	0.04889	0.03559	0.22716	0.04707	0.04416	0.03631	0.08862	0.07101	0.11353	0.04727	0.11375	0.00651	0.00478	0.00144	0.00447	0.00569	0.00355	0.04594

[dist]
# distance from previous block
# <min> <max>
0	1

[block]
# block no. 2 follows, 55 sequences, length 15
# corresponding to MSA columns:
# 553-563,581,582,592,593
name=unknown_C
#
# <colnr> <probs for GDERKNQSTAVLIFYWHMCP>
#	G	D	E	R	K	N	Q	S	T	A	V	L	I	F	Y	W	H	M	C	P
0	0.01132	0.14049	0.20148	0.11523	0.03286	0.06218	0.01050	0.08504	0.03294	0.05218	0.01882	0.01309	0.00854	0.02935	0.07153	0.00196	0.03692	0.02162	0.03005	0.02388
1	0.03191	0.00985	0.01261	0.04812	0.22154	0.06905	0.01879	0.11968	0.03410	0.11689	0.06490	0.07403	0.05176	0.00752	0.02473	0.00166	0.02656	0.05638	0.00368	0.00627
2	0.01246	0.31943	0.21261	0.01145	0.05384	0.08306	0.04483	0.11640	0.03639	0.01523	0.02409	0.00993	0.00736	0.00454	0.00396	0.00124	0.00576	0.00341	0.00257	0.03143
3	0.00705	0.00543	0.00769	0.00747	0.00804	0.00643	0.00564	0.00829	0.00729	0.01047	0.01225	0.01999	0.01216	0.20151	0.56512	0.00627	0.09716	0.00526	0.00251	0.00397
4	0.00806	0.00678	0.02715	0.00800	0.02428	0.00713	0.00624	0.01068	0.07666	0.03930	0.22165	0.07005	0.15476	0.03490	0.10861	0.00245	0.14481	0.02603	0.01767	0.00480
5	0.00678	0.00511	0.00620	0.00609	0.00747	0.00455	0.00458	0.00831	0.01034	0.01418	0.18741	0.19909	0.19786	0.05185	0.02979	0.00185	0.00314	0.08989	0.04558	0.11992
6	0.01163	0.05840	0.19070	0.04374	0.17995	0.04521	0.11287	0.11064	0.07881	0.01688	0.01039	0.01203	0.00796	0.00471	0.00445	0.00139	0.00568	0.00415	0.09380	0.00663
7	0.10460	0.01045	0.01120	0.00916	0.01218	0.01152	0.00740	0.30313	0.23972	0.05656	0.03764	0.01348	0.01062	0.00572	0.00488	0.00142	0.04391	0.00434	0.02792	0.08416
8	0.01277	0.53395	0.15960	0.01018	0.05204	0.01581	0.00992	0.09687	0.01105	0.04832	0.00792	0.00882	0.00647	0.00431	0.00356	0.00116	0.00530	0.00301	0.00245	0.00649
9	0.08923	0.32557	0.27766	0.01050	0.01513	0.11616	0.03679	0.03646	0.01039	0.03260	0.00768	0.00883	0.00608	0.00434	0.00377	0.00126	0.00598	0.00306	0.00229	0.00622
10	0.00666	0.00494	0.00726	0.00726	0.00802	0.00570	0.00554	0.00817	0.00741	0.01064	0.01266	0.01937	0.01211	0.10719	0.74642	0.00721	0.01174	0.00515	0.00252	0.00403
11	0.00665	0.00446	0.00511	0.00522	0.00525	0.00443	0.00298	0.00673	0.00699	0.00932	0.01582	0.11549	0.01838	0.74945	0.02180	0.00423	0.00432	0.00745	0.00298	0.00292
12	0.01257	0.03167	0.19728	0.01075	0.01426	0.01022	0.06158	0.13492	0.06434	0.15633	0.04449	0.05086	0.02651	0.02709	0.00644	0.00165	0.09400	0.04491	0.00367	0.00648
13	0.01334	0.01198	0.01286	0.06881	0.11490	0.14720	0.02569	0.21421	0.13457	0.03842	0.01424	0.01887	0.03310	0.01746	0.00512	0.00155	0.00541	0.11215	0.00370	0.00643
14	0.01222	0.01142	0.01808	0.05403	0.06137	0.07260	0.29192	0.03571	0.06443	0.09851	0.01102	0.01338	0.02353	0.02031	0.02432	0.00178	0.17150	0.00484	0.00291	0.00612

[dist]
# distance from previous block
# <min> <max>
8	15

[block]
# block no. 3 follows, 55 sequences, length 6
# corresponding to MSA columns:
# 609-614
name=unknown_D
#
# <colnr> <probs for GDERKNQSTAVLIFYWHMCP>
#	G	D	E	R	K	N	Q	S	T	A	V	L	I	F	Y	W	H	M	C	P
0	0.16449	0.18129	0.13766	0.01142	0.09753	0.08007	0.00961	0.13114	0.01202	0.12030	0.00930	0.00999	0.00695	0.00466	0.00393	0.00132	0.00526	0.00339	0.00309	0.00659
1	0.00961	0.00922	0.01563	0.45257	0.22863	0.01068	0.05782	0.01235	0.00950	0.01285	0.00908	0.05145	0.00772	0.00530	0.00580	0.00157	0.08759	0.00465	0.00225	0.00573
2	0.00611	0.00482	0.00722	0.00747	0.00821	0.00447	0.07096	0.00721	0.00920	0.01218	0.02574	0.70952	0.08212	0.01348	0.00587	0.00184	0.00311	0.01233	0.00415	0.00400
3	0.01029	0.01127	0.09054	0.12832	0.42670	0.02954	0.06310	0.01314	0.01027	0.01438	0.03565	0.08204	0.01026	0.00543	0.00502	0.00148	0.02664	0.00505	0.02451	0.00638
4	0.01503	0.06402	0.01479	0.04069	0.08394	0.37056	0.05076	0.14005	0.14480	0.01606	0.01002	0.01090	0.00784	0.00502	0.00441	0.00133	0.00654	0.00380	0.00310	0.00636
5	0.03345	0.00865	0.01052	0.03225	0.03487	0.00803	0.02922	0.17448	0.01239	0.04020	0.03451	0.08352	0.05726	0.02260	0.00474	0.00125	0.00398	0.03271	0.00354	0.37183

[dist]
# distance from previous block
# <min> <max>
12	19

[block]
# block no. 4 follows, 55 sequences, length 7
# corresponding to MSA columns:
# 634-640
name=unknown_E
#
# <colnr> <probs for GDERKNQSTAVLIFYWHMCP>
#	G	D	E	R	K	N	Q	S	T	A	V	L	I	F	Y	W	H	M	C	P
0	0.01116	0.03549	0.24395	0.03273	0.08703	0.01063	0.08399	0.11470	0.11171	0.04327	0.07307	0.02795	0.02902	0.00555	0.00494	0.00145	0.02635	0.00473	0.00323	0.04905
1	0.01000	0.00999	0.01462	0.01236	0.01270	0.01357	0.05712	0.01124	0.00738	0.01140	0.00671	0.01083	0.00651	0.00958	0.06541	0.00235	0.72683	0.00421	0.00208	0.00510
2	0.01135	0.06407	0.17904	0.08601	0.27163	0.01127	0.09352	0.05734	0.02757	0.05692	0.02914	0.03106	0.00862	0.00499	0.00516	0.00146	0.04709	0.00440	0.00267	0.00667
3	0.02542	0.09410	0.07976	0.04747	0.26856	0.07208	0.10519	0.05372	0.03073	0.06847	0.01107	0.05423	0.02416	0.00586	0.02258	0.00155	0.02111	0.00464	0.00281	0.00649
4	0.05326	0.02215	0.01072	0.10680	0.07154	0.05222	0.00766	0.09469	0.01200	0.21000	0.01821	0.03350	0.13245	0.00740	0.02570	0.00161	0.02530	0.03314	0.05131	0.03034
5	0.00610	0.00501	0.00544	0.00553	0.00699	0.00450	0.00422	0.00806	0.05344	0.01344	0.09518	0.09930	0.58242	0.01162	0.00557	0.00164	0.00262	0.08034	0.00440	0.00417
6	0.04187	0.01171	0.04764	0.04179	0.17828	0.11877	0.11135	0.07740	0.03522	0.05444	0.01135	0.02682	0.02598	0.00773	0.07328	0.00193	0.04685	0.00450	0.07701	0.00608

[dist]
# distance from previous block
# <min> <max>
0	7

[block]
# block no. 5 follows, 55 sequences, length 41
# corresponding to MSA columns:
# 648-688
name=unknown_F
#
# <colnr> <probs for GDERKNQSTAVLIFYWHMCP>
#	G	D	E	R	K	N	Q	S	T	A	V	L	I	F	Y	W	H	M	C	P
0	0.03264	0.09127	0.16857	0.02390	0.06497	0.09333	0.06673	0.20223	0.03468	0.11753	0.01062	0.02798	0.00800	0.00519	0.00480	0.00141	0.03189	0.00409	0.00333	0.00684
1	0.00674	0.00553	0.00644	0.00751	0.03288	0.04896	0.00517	0.00783	0.00958	0.01223	0.02623	0.54530	0.11992	0.03465	0.00628	0.00190	0.00331	0.11139	0.00411	0.00404
2	0.03343	0.06147	0.02706	0.00914	0.01133	0.10779	0.03729	0.09841	0.15048	0.01611	0.04461	0.05835	0.05848	0.01001	0.08680	0.00211	0.04461	0.07240	0.06453	0.00560
3	0.02332	0.07986	0.29041	0.02637	0.14408	0.06519	0.05734	0.03286	0.04751	0.02830	0.01162	0.05163	0.03172	0.00602	0.01814	0.00155	0.01998	0.02786	0.02994	0.00630
4	0.02990	0.19292	0.17191	0.01047	0.03698	0.13602	0.00970	0.12108	0.04324	0.04872	0.01151	0.01238	0.05380	0.00584	0.01883	0.00144	0.04287	0.00386	0.04232	0.00622
5	0.00900	0.00765	0.00857	0.00814	0.00926	0.09246	0.00632	0.04882	0.00940	0.03011	0.01499	0.08437	0.05922	0.03861	0.39036	0.00443	0.09022	0.02635	0.05713	0.00459
6	0.03078	0.01287	0.16429	0.18887	0.14815	0.03442	0.11804	0.06345	0.07076	0.04285	0.03300	0.02821	0.00895	0.00503	0.00482	0.00149	0.01602	0.00452	0.01710	0.00637
7	0.01373	0.05633	0.04228	0.04090	0.07252	0.04319	0.10364	0.30614	0.06560	0.05511	0.01204	0.04794	0.00979	0.00593	0.00523	0.00148	0.04462	0.03601	0.03079	0.00674
8	0.03235	0.00717	0.00915	0.00892	0.03227	0.06239	0.06252	0.03301	0.00919	0.01238	0.01687	0.26461	0.03847	0.12290	0.19317	0.00340	0.04765	0.03596	0.00323	0.00438
9	0.00675	0.00455	0.00529	0.00527	0.00537	0.00459	0.00309	0.00696	0.00708	0.00955	0.04751	0.02979	0.01768	0.74689	0.07750	0.00459	0.00496	0.00671	0.00289	0.00298
10	0.01157	0.17008	0.07095	0.02026	0.07688	0.04566	0.00828	0.08493	0.05941	0.03632	0.01027	0.01149	0.02992	0.00572	0.03012	0.01401	0.02705	0.00355	0.00287	0.28066
11	0.01033	0.01055	0.06970	0.13514	0.32758	0.02523	0.04439	0.03827	0.05694	0.01483	0.01235	0.01971	0.01122	0.00704	0.02855	0.00176	0.02786	0.14950	0.00284	0.00622
12	0.00808	0.00404	0.00606	0.00606	0.00606	0.00404	0.00404	0.00606	0.00606	0.00808	0.00808	0.01414	0.00808	0.01616	0.01818	0.86465	0.00404	0.00404	0.00202	0.00202
13	0.00704	0.00544	0.00770	0.00786	0.00871	0.00563	0.03941	0.01810	0.00940	0.01268	0.02256	0.33505	0.08000	0.04710	0.09613	0.00261	0.05972	0.19962	0.03108	0.00418
14	0.00769	0.00553	0.00730	0.02474	0.00794	0.00593	0.03586	0.03111	0.02498	0.01183	0.01396	0.05046	0.01418	0.38920	0.20423	0.00424	0.03213	0.00594	0.11887	0.00387
15	0.00845	0.03470	0.03916	0.00667	0.00853	0.00606	0.00538	0.08504	0.01159	0.07421	0.12065	0.19928	0.31208	0.01185	0.05301	0.00192	0.00366	0.00865	0.00427	0.00483
16	0.00627	0.00448	0.00600	0.00700	0.00752	0.00429	0.00518	0.00744	0.00937	0.01236	0.02521	0.54155	0.04479	0.05650	0.00699	0.00209	0.00326	0.24159	0.00423	0.00388
17	0.01280	0.05553	0.23913	0.09137	0.03975	0.13158	0.01167	0.20774	0.01283	0.01677	0.00855	0.01035	0.00660	0.00564	0.00613	0.03750	0.09332	0.00369	0.00273	0.00633
18	0.00973	0.02137	0.63149	0.01500	0.04584	0.01100	0.17065	0.01475	0.01008	0.01478	0.00857	0.01042	0.00617	0.00431	0.00464	0.00149	0.00702	0.00387	0.00205	0.00677
19	0.64539	0.01201	0.00917	0.00801	0.01088	0.18469	0.04265	0.01479	0.00920	0.01855	0.00677	0.00797	0.00534	0.00440	0.00329	0.00139	0.00483	0.00276	0.00275	0.00517
20	0.00670	0.00475	0.00629	0.00629	0.00671	0.00517	0.00434	0.00755	0.00713	0.00992	0.01355	0.02428	0.01424	0.43068	0.42584	0.00601	0.00854	0.00586	0.00265	0.00349
21	0.01690	0.01740	0.01321	0.01123	0.01417	0.42541	0.00877	0.31749	0.09701	0.01913	0.00993	0.01038	0.00757	0.00525	0.00443	0.00131	0.00665	0.00369	0.00351	0.00657
22	0.00590	0.00455	0.00539	0.00556	0.00663	0.00404	0.00402	0.00732	0.01101	0.01441	0.29293	0.24897	0.34901	0.01176	0.00561	0.00162	0.00239	0.01025	0.00459	0.00404
23	0.00578	0.00423	0.00545	0.00630	0.00682	0.00390	0.00436	0.00678	0.00947	0.01249	0.07840	0.64982	0.12889	0.01383	0.00587	0.00183	0.00269	0.04484	0.00437	0.00386
24	0.00592	0.00431	0.00556	0.00639	0.00684	0.00406	0.00433	0.00717	0.03045	0.01260	0.09081	0.68689	0.06789	0.03530	0.00631	0.00190	0.00271	0.01228	0.00436	0.00391
25	0.00713	0.00568	0.00834	0.00806	0.00875	0.00693	0.00633	0.00866	0.00741	0.01080	0.01165	0.01752	0.01103	0.05485	0.68443	0.00664	0.12420	0.00491	0.00244	0.00424
26	0.86937	0.00900	0.00684	0.00612	0.00900	0.01044	0.00504	0.01368	0.00792	0.02087	0.00648	0.00756	0.00504	0.00432	0.00288	0.00144	0.00360	0.00252	0.00288	0.00504
27	0.00586	0.00423	0.00546	0.00618	0.00665	0.00393	0.00419	0.00687	0.00957	0.01282	0.14855	0.60978	0.08410	0.06025	0.00684	0.00195	0.00270	0.01188	0.00436	0.00383
28	0.86937	0.00900	0.00684	0.00612	0.00900	0.01044	0.00504	0.01368	0.00792	0.02087	0.00648	0.00756	0.00504	0.00432	0.00288	0.00144	0.00360	0.00252	0.00288	0.00504
29	0.01768	0.01303	0.01396	0.01070	0.01443	0.01443	0.00884	0.79197	0.02187	0.02932	0.01117	0.01117	0.00791	0.00558	0.00465	0.00140	0.00512	0.00419	0.00465	0.00791
30	0.01151	0.01105	0.01888	0.02855	0.80748	0.01105	0.01428	0.01428	0.01059	0.01520	0.00875	0.01151	0.00737	0.00415	0.00461	0.00138	0.00553	0.00415	0.00230	0.00737
31	0.00903	0.00856	0.01443	0.61371	0.13655	0.01006	0.03878	0.01196	0.00961	0.01251	0.01096	0.01491	0.05460	0.00518	0.00490	0.00155	0.01668	0.01832	0.00228	0.00542
32	0.04075	0.03518	0.01388	0.03665	0.05043	0.23235	0.10297	0.10006	0.06647	0.01521	0.01131	0.04698	0.02147	0.03241	0.00633	0.00157	0.09515	0.03069	0.05444	0.00570
33	0.00592	0.00446	0.00549	0.00605	0.00681	0.00410	0.00422	0.00733	0.02992	0.01325	0.14781	0.50916	0.21253	0.01295	0.00574	0.00174	0.00257	0.01151	0.00445	0.00400
34	0.00572	0.00433	0.00531	0.00602	0.00675	0.00391	0.00423	0.00674	0.00961	0.01234	0.05016	0.53511	0.26931	0.01352	0.00582	0.00179	0.00266	0.04847	0.00434	0.00386
35	0.01286	0.08776	0.06400	0.03035	0.04040	0.28769	0.23294	0.01512	0.01082	0.01259	0.00827	0.02473	0.00707	0.02732	0.00654	0.00153	0.11784	0.00417	0.00231	0.00570
36	0.01327	0.21266	0.11427	0.04539	0.06686	0.08918	0.10889	0.10949	0.06033	0.08670	0.01020	0.03046	0.00803	0.00496	0.00450	0.00136	0.01987	0.00406	0.00298	0.00655
37	0.00672	0.00449	0.00509	0.00513	0.00514	0.00448	0.00288	0.00675	0.00685	0.00914	0.01512	0.06397	0.01749	0.80218	0.02294	0.00440	0.00443	0.00704	0.00288	0.00286
38	0.03702	0.00984	0.01610	0.13184	0.01716	0.01207	0.18587	0.01196	0.00843	0.01257	0.00797	0.01208	0.00701	0.03079	0.04140	0.00208	0.41475	0.00447	0.03135	0.00524
39	0.01228	0.03299	0.12437	0.11227	0.21268	0.08887	0.06907	0.07733	0.05819	0.06633	0.01044	0.01338	0.00833	0.00525	0.00529	0.00149	0.05402	0.03800	0.00286	0.00655
40	0.01070	0.10289	0.25193	0.05547	0.15805	0.01133	0.10581	0.08277	0.04410	0.01541	0.01097	0.05411	0.01783	0.03156	0.00522	0.00155	0.00582	0.02536	0.00267	0.00644

[dist]
# distance from previous block
# <min> <max>
2	3

[block]
# block no. 6 follows, 55 sequences, length 23
# corresponding to MSA columns:
# 692,694-715
name=unknown_G
#
# <colnr> <probs for GDERKNQSTAVLIFYWHMCP>
#	G	D	E	R	K	N	Q	S	T	A	V	L	I	F	Y	W	H	M	C	P
0	0.02949	0.36100	0.07498	0.01105	0.06284	0.20756	0.02166	0.08784	0.01144	0.01356	0.00775	0.00923	0.00658	0.00629	0.05229	0.00156	0.02325	0.00317	0.00241	0.00603
1	0.01017	0.01056	0.09620	0.07555	0.03005	0.01039	0.14536	0.07976	0.02533	0.01501	0.01063	0.04724	0.00917	0.04507	0.02101	0.00182	0.21081	0.00485	0.14549	0.00552
2	0.01000	0.04173	0.01059	0.00895	0.07324	0.02946	0.00647	0.03196	0.04740	0.01516	0.01047	0.06087	0.00923	0.00579	0.03150	0.00121	0.03028	0.00390	0.07329	0.49849
3	0.00897	0.00651	0.00759	0.00688	0.00855	0.00673	0.00529	0.05956	0.19866	0.03740	0.46826	0.02692	0.03052	0.00799	0.00500	0.00144	0.00276	0.00689	0.09870	0.00537
4	0.00573	0.00427	0.00536	0.00616	0.00677	0.00389	0.00428	0.00672	0.00948	0.01232	0.05511	0.60768	0.19736	0.01375	0.00585	0.00182	0.00267	0.04259	0.00434	0.00385
5	0.00681	0.00571	0.03224	0.00627	0.00771	0.00506	0.00499	0.00955	0.05874	0.01696	0.53969	0.03384	0.16514	0.01127	0.05905	0.00190	0.00318	0.02267	0.00467	0.00455
6	0.00616	0.00474	0.00563	0.00541	0.00669	0.00421	0.00405	0.00795	0.01216	0.01627	0.50749	0.03868	0.34293	0.01040	0.00549	0.00151	0.00226	0.00896	0.00481	0.00421
7	0.01665	0.04820	0.01360	0.06553	0.01547	0.73817	0.00921	0.01798	0.01280	0.01140	0.00724	0.00862	0.00601	0.00476	0.00418	0.00122	0.00813	0.00305	0.00236	0.00540
8	0.86937	0.00900	0.00684	0.00612	0.00900	0.01044	0.00504	0.01368	0.00792	0.02087	0.00648	0.00756	0.00504	0.00432	0.00288	0.00144	0.00360	0.00252	0.00288	0.00504
9	0.00675	0.00457	0.00537	0.00537	0.00548	0.00467	0.00319	0.00696	0.00685	0.00924	0.01438	0.02892	0.01625	0.73615	0.12313	0.00488	0.00551	0.00654	0.00278	0.00299
10	0.00677	0.00451	0.00507	0.00507	0.00507	0.00451	0.00282	0.00677	0.00677	0.00902	0.01466	0.03044	0.01691	0.83650	0.02368	0.00451	0.00451	0.00677	0.00282	0.00282
11	0.00941	0.00802	0.00940	0.00687	0.01077	0.00606	0.00544	0.01140	0.00960	0.01496	0.00930	0.05842	0.00830	0.00410	0.00359	0.00076	0.00340	0.00338	0.00285	0.81396
12	0.16609	0.06669	0.01288	0.00958	0.01298	0.03801	0.00791	0.47095	0.12918	0.02467	0.01102	0.01109	0.00812	0.00534	0.00423	0.00140	0.00474	0.00390	0.00411	0.00712
13	0.00647	0.00532	0.00590	0.00669	0.00723	0.05754	0.00458	0.00740	0.00950	0.01221	0.06223	0.68812	0.08246	0.01350	0.00577	0.00180	0.00303	0.01209	0.00423	0.00392
14	0.01328	0.01061	0.01131	0.00971	0.01262	0.01206	0.00768	0.19869	0.59579	0.04887	0.01715	0.01590	0.01268	0.00613	0.00471	0.00153	0.00402	0.00500	0.00475	0.00751
15	0.00623	0.00499	0.00565	0.00587	0.00717	0.00457	0.00445	0.00826	0.05716	0.01361	0.11297	0.18169	0.45701	0.01185	0.00564	0.00168	0.00271	0.09991	0.00442	0.00419
16	0.01167	0.01142	0.01852	0.05034	0.75386	0.04336	0.01403	0.01438	0.01066	0.01495	0.00867	0.01141	0.00728	0.00419	0.00459	0.00138	0.00566	0.00410	0.00230	0.00723
17	0.01201	0.36735	0.32369	0.01054	0.01546	0.09549	0.01158	0.06551	0.01079	0.01376	0.00762	0.00876	0.00610	0.00432	0.00378	0.00122	0.00601	0.00302	0.00222	0.03076
18	0.00578	0.00474	0.00511	0.00507	0.00654	0.00407	0.00385	0.00719	0.01110	0.01379	0.19167	0.04314	0.63049	0.01139	0.00553	0.00157	0.00240	0.03808	0.00447	0.00403
19	0.00631	0.00426	0.00565	0.00643	0.00688	0.00397	0.00436	0.00726	0.00941	0.03928	0.10242	0.70022	0.03097	0.04088	0.00644	0.00192	0.00275	0.01225	0.00440	0.00395
20	0.01278	0.50411	0.14210	0.00982	0.01412	0.04361	0.04053	0.12482	0.04309	0.01464	0.00806	0.00898	0.00661	0.00439	0.00365	0.00118	0.00546	0.00312	0.00250	0.00643
21	0.18851	0.04693	0.03901	0.00906	0.01233	0.04747	0.00767	0.32991	0.08991	0.08067	0.01169	0.01295	0.00888	0.00551	0.00419	0.00141	0.00459	0.03443	0.04488	0.02002
22	0.00557	0.00464	0.00486	0.00496	0.00637	0.00393	0.00366	0.00676	0.01055	0.01279	0.08133	0.12877	0.68592	0.01197	0.00554	0.00160	0.00239	0.01012	0.00436	0.00393

[dist]
# distance from previous block
# <min> <max>
8	16

[block]
# block no. 7 follows, 55 sequences, length 12
# corresponding to MSA columns:
# 733-744
name=unknown_H
#
# <colnr> <probs for GDERKNQSTAVLIFYWHMCP>
#	G	D	E	R	K	N	Q	S	T	A	V	L	I	F	Y	W	H	M	C	P
0	0.12030	0.01292	0.04929	0.01076	0.05287	0.23855	0.00825	0.04027	0.05621	0.01382	0.01005	0.06334	0.00931	0.05639	0.09965	0.00236	0.14319	0.00445	0.00274	0.00528
1	0.01086	0.18294	0.48434	0.01173	0.01719	0.01210	0.04450	0.07413	0.01084	0.04168	0.00965	0.03800	0.00777	0.00505	0.00432	0.00141	0.00608	0.02834	0.00247	0.00660
2	0.03548	0.00662	0.00713	0.00638	0.00826	0.04093	0.00494	0.01444	0.08598	0.18575	0.16456	0.03519	0.05136	0.00671	0.00428	0.00133	0.00302	0.00554	0.32666	0.00543
3	0.00667	0.00460	0.00562	0.00566	0.00661	0.00426	0.00406	0.00816	0.01076	0.03011	0.32238	0.20606	0.17253	0.08448	0.02759	0.00196	0.00283	0.00903	0.08252	0.00409
4	0.01169	0.34148	0.32405	0.01155	0.04414	0.06366	0.05154	0.03573	0.01038	0.03194	0.00810	0.00938	0.00639	0.00432	0.00389	0.00126	0.00599	0.00324	0.02488	0.00640
5	0.00744	0.00628	0.07130	0.00723	0.00861	0.00487	0.00593	0.00901	0.01002	0.07502	0.06684	0.45149	0.12076	0.01221	0.00571	0.00180	0.00330	0.12344	0.00428	0.00448
6	0.00558	0.00466	0.00487	0.00494	0.00637	0.00394	0.00366	0.00679	0.01062	0.01290	0.09377	0.11229	0.68990	0.01188	0.00554	0.00159	0.00238	0.01002	0.00437	0.00394
7	0.00987	0.08933	0.45088	0.03845	0.06393	0.01039	0.06289	0.01395	0.02495	0.04694	0.04589	0.01448	0.05366	0.04816	0.00550	0.00160	0.00591	0.00438	0.00254	0.00630
8	0.01227	0.06109	0.19682	0.07847	0.12281	0.05098	0.08015	0.16248	0.08220	0.04381	0.01156	0.01280	0.03534	0.00569	0.02195	0.00156	0.00594	0.00429	0.00305	0.00674
9	0.01053	0.01248	0.22912	0.05915	0.07039	0.00904	0.07049	0.04167	0.12259	0.08641	0.06521	0.05944	0.05248	0.00701	0.00574	0.05677	0.00505	0.02694	0.00336	0.00611
10	0.00663	0.00506	0.00749	0.00755	0.00829	0.00490	0.06515	0.00782	0.00899	0.01206	0.05246	0.42938	0.02511	0.16767	0.06122	0.00273	0.00425	0.11550	0.00380	0.00391
11	0.03558	0.08763	0.03173	0.09577	0.21758	0.06546	0.04651	0.18683	0.04535	0.11019	0.01075	0.02762	0.00827	0.00502	0.00448	0.00139	0.00542	0.00422	0.00333	0.00689

[dist]
# distance from previous block
# <min> <max>
0	4

[block]
# block no. 8 follows, 55 sequences, length 11
# corresponding to MSA columns:
# 749-759
name=unknown_I
#
# <colnr> <probs for GDERKNQSTAVLIFYWHMCP>
#	G	D	E	R	K	N	Q	S	T	A	V	L	I	F	Y	W	H	M	C	P
0	0.01101	0.14628	0.07867	0.02513	0.01242	0.07979	0.02002	0.05736	0.21754	0.01574	0.05363	0.07172	0.05379	0.00626	0.00453	0.00135	0.01717	0.00503	0.02792	0.09464
1	0.01022	0.06435	0.06030	0.28134	0.03287	0.02723	0.01061	0.05430	0.00941	0.02843	0.00829	0.01164	0.00692	0.00858	0.08756	0.00217	0.24264	0.00398	0.00234	0.04682
2	0.00575	0.00428	0.00536	0.00603	0.00668	0.00389	0.00417	0.00682	0.00981	0.01289	0.13064	0.56826	0.19175	0.01335	0.00579	0.00177	0.00256	0.01190	0.00442	0.00389
3	0.00671	0.00484	0.00641	0.00645	0.00683	0.00530	0.00446	0.00753	0.00729	0.01012	0.01454	0.10370	0.01571	0.39138	0.35667	0.00543	0.03372	0.00656	0.00280	0.00355
4	0.00572	0.00427	0.00532	0.00600	0.00666	0.00387	0.00414	0.00675	0.00972	0.01270	0.10735	0.57091	0.21278	0.01343	0.00579	0.00177	0.00257	0.01196	0.00440	0.00387
5	0.00567	0.00445	0.00514	0.00555	0.00654	0.00391	0.00394	0.00680	0.01016	0.01288	0.11293	0.36612	0.41397	0.01270	0.00568	0.00169	0.00248	0.01107	0.00440	0.00391
6	0.00609	0.00474	0.00554	0.00534	0.00665	0.00418	0.00400	0.00783	0.01201	0.01591	0.46352	0.03927	0.38712	0.01053	0.00549	0.00151	0.00227	0.00905	0.00476	0.00418
7	0.01185	0.01232	0.01406	0.01208	0.01271	0.14518	0.00990	0.06438	0.00909	0.01243	0.00662	0.00995	0.00621	0.00743	0.01276	0.00186	0.63967	0.00390	0.00227	0.00533
8	0.01762	0.02118	0.01302	0.01173	0.01421	0.76124	0.00884	0.01886	0.01319	0.06716	0.00797	0.00891	0.00638	0.00486	0.00423	0.00122	0.00808	0.00311	0.00263	0.00557
9	0.00571	0.00459	0.00511	0.00538	0.00660	0.00399	0.00396	0.00691	0.01039	0.01288	0.09155	0.22627	0.53881	0.01233	0.00564	0.00166	0.00252	0.04739	0.00437	0.00394
10	0.01208	0.74552	0.11503	0.00857	0.01288	0.01753	0.00902	0.01402	0.00950	0.01138	0.00668	0.00773	0.00596	0.00403	0.00315	0.00105	0.00519	0.00260	0.00199	0.00607

[dist]
# distance from previous block
# <min> <max>
1	3

[block]
# block no. 9 follows, 55 sequences, length 60
# corresponding to MSA columns:
# 763-822
name=unknown_J
#
# <colnr> <probs for GDERKNQSTAVLIFYWHMCP>
#	G	D	E	R	K	N	Q	S	T	A	V	L	I	F	Y	W	H	M	C	P
0	0.00576	0.00416	0.00544	0.00642	0.00680	0.00388	0.00437	0.00664	0.00905	0.01194	0.02674	0.72738	0.08123	0.03435	0.00636	0.00194	0.00279	0.04667	0.00428	0.00379
1	0.00926	0.00893	0.01566	0.64602	0.08775	0.01054	0.09894	0.01237	0.00954	0.01254	0.00850	0.01239	0.00647	0.00462	0.00495	0.00154	0.02420	0.00429	0.01607	0.00544
2	0.01689	0.05014	0.01372	0.01134	0.03438	0.36672	0.00876	0.33103	0.03943	0.04813	0.00976	0.01031	0.00739	0.00516	0.00435	0.00129	0.00640	0.00365	0.02454	0.00661
3	0.12107	0.16163	0.08429	0.00972	0.01313	0.15333	0.03131	0.12494	0.05878	0.09237	0.02851	0.01115	0.00836	0.00641	0.04325	0.00161	0.01959	0.00366	0.00319	0.02370
4	0.01132	0.01085	0.01853	0.08577	0.75180	0.01100	0.01418	0.01411	0.01050	0.01496	0.00872	0.01158	0.00729	0.00418	0.00461	0.00139	0.00558	0.00414	0.00229	0.00721
5	0.01684	0.03004	0.01071	0.00834	0.01134	0.02814	0.00682	0.13207	0.06783	0.44045	0.05649	0.01708	0.02258	0.00615	0.00479	0.00142	0.02072	0.02331	0.08783	0.00705
6	0.01095	0.01246	0.02698	0.01934	0.02388	0.01185	0.76275	0.01477	0.01084	0.01477	0.00929	0.01246	0.00702	0.00407	0.00584	0.00159	0.03710	0.00544	0.00234	0.00623
7	0.06860	0.21285	0.04814	0.00982	0.03069	0.11495	0.00836	0.14622	0.02698	0.17827	0.04323	0.01161	0.00913	0.00534	0.00489	0.00134	0.06580	0.00377	0.00350	0.00652
8	0.00834	0.00556	0.00656	0.00627	0.00785	0.00518	0.00479	0.01085	0.08119	0.11002	0.19221	0.10701	0.31322	0.05259	0.00637	0.00176	0.00292	0.06794	0.00461	0.00476
9	0.00574	0.00410	0.00541	0.00642	0.00671	0.00384	0.00429	0.00655	0.00887	0.01179	0.02551	0.77103	0.04360	0.05121	0.00673	0.00200	0.00280	0.02539	0.00425	0.00375
10	0.01816	0.01043	0.01203	0.00931	0.01279	0.01079	0.00766	0.43193	0.03070	0.32551	0.01431	0.01348	0.00967	0.00565	0.00457	0.00139	0.00445	0.00440	0.06513	0.00765
11	0.05179	0.00945	0.01368	0.42200	0.03896	0.02130	0.06326	0.15645	0.02414	0.04472	0.01053	0.01349	0.02021	0.00519	0.00485	0.00150	0.02561	0.01725	0.04977	0.00584
12	0.00565	0.00413	0.00531	0.00626	0.00669	0.00380	0.00422	0.00650	0.00912	0.01196	0.02831	0.73556	0.12696	0.01423	0.00588	0.00185	0.00266	0.01280	0.00432	0.00380
13	0.01872	0.00775	0.01025	0.00805	0.01129	0.00694	0.00661	0.06580	0.01358	0.64906	0.07727	0.01789	0.01411	0.00618	0.00471	0.00144	0.00382	0.02243	0.04669	0.00740
14	0.02777	0.01212	0.01547	0.07891	0.13523	0.07814	0.09379	0.31230	0.02578	0.14053	0.01108	0.01196	0.00800	0.00512	0.00489	0.00143	0.02233	0.00428	0.00375	0.00712
15	0.00666	0.00533	0.00643	0.00642	0.00750	0.00531	0.00487	0.00819	0.02743	0.02668	0.13305	0.22493	0.36935	0.01161	0.00663	0.00171	0.08785	0.05158	0.00422	0.00423
16	0.01115	0.02246	0.12229	0.07472	0.18306	0.03893	0.02305	0.08258	0.01113	0.02734	0.00874	0.01047	0.00692	0.00410	0.00410	0.00112	0.00499	0.00345	0.00268	0.35671
17	0.01527	0.01824	0.01496	0.04474	0.18285	0.53704	0.03639	0.03090	0.01228	0.01264	0.00765	0.00947	0.00637	0.00480	0.00490	0.00131	0.04850	0.00344	0.00239	0.00586
18	0.00608	0.00465	0.00543	0.00539	0.00658	0.00413	0.00397	0.00766	0.01144	0.01516	0.36815	0.12462	0.36440	0.02373	0.00577	0.00159	0.00235	0.00940	0.02540	0.00410
19	0.01005	0.00948	0.01330	0.05596	0.03961	0.01281	0.00970	0.02364	0.00785	0.01223	0.00739	0.01121	0.00685	0.00810	0.03054	0.00201	0.64670	0.00412	0.08332	0.00512
20	0.00643	0.00471	0.00601	0.00666	0.00739	0.00454	0.00483	0.00839	0.05614	0.01372	0.13741	0.50101	0.08341	0.01275	0.00577	0.00180	0.00285	0.10807	0.02393	0.00416
21	0.00580	0.00451	0.00529	0.00570	0.00671	0.00400	0.00413	0.00701	0.01029	0.01310	0.12745	0.33536	0.38821	0.01260	0.00571	0.00171	0.00257	0.05150	0.00441	0.00395
22	0.02087	0.00792	0.01080	0.00828	0.01188	0.00684	0.00684	0.02267	0.01332	0.81071	0.01835	0.01583	0.01152	0.00576	0.00468	0.00144	0.00396	0.00468	0.00576	0.00792
23	0.01654	0.01246	0.01332	0.01047	0.01399	0.01389	0.00857	0.64858	0.16712	0.02748	0.01262	0.01233	0.00909	0.00572	0.00467	0.00143	0.00485	0.00439	0.00467	0.00781
24	0.00592	0.00477	0.00530	0.00528	0.00670	0.00415	0.00404	0.00742	0.01126	0.01421	0.23780	0.04279	0.55591	0.01128	0.00556	0.00158	0.00246	0.06498	0.00452	0.00407
25	0.01244	0.83930	0.02438	0.00796	0.01194	0.01841	0.00796	0.01393	0.00945	0.01095	0.00647	0.00746	0.00597	0.00398	0.00299	0.00100	0.00498	0.00249	0.00199	0.00597
26	0.00999	0.00991	0.01401	0.05105	0.01303	0.01378	0.01016	0.01113	0.00724	0.01122	0.00642	0.01056	0.00630	0.00887	0.04155	0.00219	0.76136	0.00410	0.00205	0.00506
27	0.00559	0.00469	0.00485	0.00487	0.00635	0.00396	0.00363	0.00683	0.01073	0.01300	0.10373	0.07612	0.71630	0.01172	0.00552	0.00158	0.00236	0.00985	0.00438	0.00396
28	0.01738	0.02217	0.01318	0.01199	0.01438	0.81783	0.00899	0.01858	0.01318	0.01139	0.00719	0.00839	0.00599	0.00479	0.00419	0.00120	0.00839	0.00300	0.00240	0.00539
29	0.03989	0.00865	0.01088	0.00859	0.01202	0.00824	0.00702	0.07715	0.14373	0.60530	0.01765	0.01555	0.01155	0.00580	0.00464	0.00146	0.00399	0.00469	0.00544	0.00775
30	0.01043	0.00828	0.00974	0.00703	0.01110	0.00635	0.00564	0.01269	0.02538	0.06776	0.00914	0.01021	0.00734	0.00365	0.00355	0.00076	0.00348	0.00293	0.00299	0.79154
31	0.00567	0.00405	0.00540	0.00648	0.00675	0.00378	0.00432	0.00648	0.00891	0.01188	0.02564	0.83347	0.03077	0.01457	0.00594	0.00189	0.00270	0.01323	0.00432	0.00378
32	0.00588	0.00446	0.00547	0.00614	0.00696	0.00405	0.00446	0.00703	0.00985	0.01262	0.06263	0.44754	0.28381	0.01325	0.00584	0.00180	0.00277	0.10719	0.00435	0.00391
33	0.00802	0.00406	0.00601	0.00601	0.00601	0.00406	0.00398	0.00609	0.00609	0.00813	0.00840	0.01492	0.00850	0.05551	0.01845	0.82339	0.00406	0.00417	0.00206	0.00206
34	0.01254	0.82183	0.02414	0.00805	0.01199	0.03550	0.00798	0.01403	0.00953	0.01095	0.00648	0.00748	0.00597	0.00400	0.00301	0.00100	0.00505	0.00250	0.00200	0.00596
35	0.01212	0.03287	0.01661	0.01314	0.01510	0.18039	0.19224	0.03213	0.01016	0.03220	0.04037	0.01175	0.00824	0.00662	0.02088	0.00173	0.33986	0.00436	0.02372	0.00553
36	0.05465	0.01065	0.01122	0.01075	0.08730	0.09324	0.00770	0.17523	0.21122	0.09545	0.15356	0.01783	0.03822	0.00637	0.00471	0.00144	0.00436	0.00520	0.00431	0.00659
37	0.01123	0.01062	0.01801	0.05393	0.73753	0.01069	0.01375	0.01397	0.01053	0.01511	0.00937	0.01289	0.00802	0.00445	0.00463	0.00140	0.00543	0.02678	0.02454	0.00713
38	0.00667	0.00535	0.00769	0.16171	0.01198	0.00584	0.00643	0.00799	0.00894	0.01197	0.02120	0.57112	0.03969	0.01201	0.00635	0.00183	0.06377	0.03033	0.01501	0.00416
39	0.09315	0.01193	0.01269	0.02976	0.01387	0.03349	0.00824	0.55520	0.03510	0.13136	0.01175	0.01164	0.00823	0.00547	0.00447	0.00140	0.00487	0.00410	0.01581	0.00747
40	0.01257	0.07258	0.01680	0.16561	0.34789	0.15362	0.03055	0.08866	0.01171	0.01481	0.00853	0.01097	0.00694	0.00524	0.02367	0.00151	0.01553	0.00388	0.00248	0.00645
41	0.00661	0.00464	0.00601	0.00612	0.00646	0.00493	0.00410	0.00732	0.00725	0.00998	0.01494	0.10702	0.01632	0.45083	0.32175	0.00537	0.00733	0.00675	0.00285	0.00342
42	0.01664	0.03631	0.01392	0.03317	0.07560	0.65897	0.00946	0.07706	0.01348	0.01305	0.00763	0.00892	0.00625	0.00479	0.00425	0.00123	0.00780	0.00319	0.00255	0.00574
43	0.00691	0.00467	0.00536	0.00524	0.00544	0.00461	0.00305	0.00700	0.00689	0.00930	0.01417	0.02883	0.01613	0.75818	0.04665	0.02569	0.00469	0.00648	0.00279	0.03793
44	0.00891	0.00685	0.00784	0.00723	0.00887	0.00729	0.00550	0.11677	0.16601	0.01647	0.11890	0.08165	0.15735	0.07907	0.15307	0.00284	0.00498	0.00690	0.03836	0.00515
45	0.00803	0.00407	0.00611	0.00611	0.00614	0.00410	0.00410	0.00614	0.00611	0.00817	0.00823	0.01428	0.00820	0.01680	0.04535	0.83553	0.00433	0.00407	0.00204	0.00209
46	0.00784	0.00621	0.08538	0.00686	0.00778	0.00489	0.00556	0.00739	0.00733	0.00992	0.04525	0.01891	0.05985	0.03296	0.06287	0.57927	0.00466	0.04167	0.00244	0.00297
47	0.01232	0.76510	0.07932	0.00842	0.01257	0.03463	0.00863	0.01408	0.00956	0.01122	0.00661	0.00765	0.00597	0.00403	0.00311	0.00103	0.00518	0.00256	0.00200	0.00602
48	0.01134	0.00636	0.00767	0.00673	0.00868	0.00624	0.00524	0.04314	0.11729	0.19801	0.29934	0.03960	0.02382	0.00727	0.00468	0.00139	0.00290	0.00617	0.19841	0.00569
49	0.01193	0.00998	0.01074	0.03339	0.01275	0.01150	0.00756	0.04831	0.73045	0.04084	0.01836	0.01698	0.01370	0.00623	0.00473	0.00157	0.00381	0.00518	0.00468	0.00733
50	0.01325	0.01170	0.01141	0.00993	0.01274	0.08787	0.00779	0.16651	0.58101	0.02053	0.01639	0.01537	0.01226	0.00603	0.00467	0.00151	0.00439	0.00485	0.00450	0.00728
51	0.00674	0.00464	0.00576	0.00612	0.00643	0.00467	0.00415	0.00739	0.00788	0.01050	0.01797	0.14831	0.02038	0.50175	0.07734	0.00391	0.00480	0.15464	0.00329	0.00334
52	0.00726	0.00659	0.04715	0.00813	0.01922	0.02500	0.04530	0.05374	0.01022	0.01363	0.06381	0.60441	0.03660	0.01230	0.00569	0.00178	0.00348	0.02716	0.00409	0.00443
53	0.01063	0.00859	0.01006	0.02386	0.01172	0.00697	0.00597	0.05687	0.03865	0.04948	0.00924	0.01032	0.00739	0.00379	0.00364	0.00081	0.00363	0.00304	0.00305	0.73232
54	0.00665	0.00498	0.00748	0.00748	0.00831	0.00582	0.00582	0.00831	0.00748	0.01080	0.01246	0.01828	0.01163	0.03489	0.81807	0.00748	0.01246	0.00498	0.00249	0.00415
55	0.03175	0.02572	0.15324	0.03116	0.03116	0.04621	0.12995	0.10394	0.17295	0.03652	0.04405	0.06101	0.06020	0.04438	0.00570	0.00165	0.00523	0.00548	0.00347	0.00624
56	0.03908	0.23007	0.19154	0.01034	0.03512	0.04320	0.02908	0.01606	0.04100	0.18647	0.06758	0.01260	0.01025	0.00528	0.00492	0.00137	0.06241	0.00395	0.00319	0.00646
57	0.00933	0.02406	0.81240	0.01326	0.02014	0.01080	0.01719	0.01473	0.00982	0.01473	0.00835	0.00982	0.00589	0.00442	0.00442	0.00147	0.00688	0.00344	0.00196	0.00688
58	0.01168	0.00974	0.01058	0.00979	0.03329	0.01110	0.00741	0.02372	0.71918	0.04619	0.05064	0.01786	0.01513	0.00636	0.00476	0.00156	0.00368	0.00534	0.00472	0.00726
59	0.01767	0.01268	0.04187	0.01044	0.01419	0.07223	0.03225	0.46799	0.01795	0.21779	0.01238	0.01205	0.00852	0.00540	0.00460	0.00138	0.00517	0.00418	0.00452	0.03675

[dist]
# distance from previous block
# <min> <max>
0	2

[block]
# block no. 10 follows, 55 sequences, length 8
# corresponding to MSA columns:
# 825-832
name=unknown_K
#
# <colnr> <probs for GDERKNQSTAVLIFYWHMCP>
#	G	D	E	R	K	N	Q	S	T	A	V	L	I	F	Y	W	H	M	C	P
0	0.12420	0.01390	0.01241	0.04005	0.01405	0.26624	0.04244	0.18119	0.06799	0.14284	0.01134	0.01276	0.00860	0.00544	0.00440	0.00140	0.00581	0.03486	0.00368	0.00640
1	0.15043	0.01155	0.01205	0.00949	0.01281	0.01277	0.00779	0.58939	0.01879	0.02690	0.09177	0.01302	0.01115	0.00579	0.00446	0.00141	0.00458	0.00436	0.00442	0.00710
2	0.01037	0.00659	0.00808	0.00764	0.00923	0.00655	0.00585	0.16427	0.01258	0.12197	0.08096	0.35050	0.05485	0.03860	0.00612	0.00181	0.00354	0.10068	0.00458	0.00522
3	0.00926	0.00579	0.00791	0.00804	0.00908	0.00595	0.00640	0.01069	0.00996	0.13796	0.02148	0.28658	0.02294	0.05976	0.00791	0.00208	0.08814	0.29119	0.00421	0.00469
4	0.01005	0.00651	0.00782	0.00698	0.00888	0.00641	0.00539	0.05399	0.14469	0.14268	0.36656	0.07542	0.12814	0.00876	0.00522	0.00151	0.00292	0.00754	0.00498	0.00553
5	0.01067	0.01124	0.02008	0.16834	0.11775	0.03443	0.33590	0.01397	0.04042	0.01368	0.00873	0.01197	0.00698	0.00509	0.00721	0.00163	0.17891	0.00470	0.00232	0.00597
6	0.14701	0.01296	0.01639	0.09387	0.11512	0.19429	0.21707	0.01486	0.03302	0.01444	0.00840	0.01088	0.00675	0.00562	0.02394	0.02766	0.04552	0.00403	0.00246	0.00571
7	0.15045	0.01168	0.01148	0.00935	0.01256	0.07433	0.00756	0.36771	0.13605	0.11618	0.01373	0.01335	0.04374	0.00573	0.00439	0.00143	0.00466	0.00430	0.00433	0.00701

[dist]
# distance from previous block
# <min> <max>
1	2

[block]
# block no. 11 follows, 55 sequences, length 33
# corresponding to MSA columns:
# 835-867
name=unknown_L
#
# <colnr> <probs for GDERKNQSTAVLIFYWHMCP>
#	G	D	E	R	K	N	Q	S	T	A	V	L	I	F	Y	W	H	M	C	P
0	0.15656	0.04703	0.07819	0.01000	0.03308	0.07508	0.04876	0.08722	0.07381	0.31620	0.02141	0.01266	0.00921	0.00519	0.00430	0.00142	0.00484	0.00406	0.00409	0.00689
1	0.00617	0.00460	0.00612	0.00688	0.00736	0.00456	0.00496	0.00726	0.00941	0.01260	0.08118	0.60338	0.06929	0.01354	0.00643	0.00188	0.04575	0.10043	0.00425	0.00396
2	0.01786	0.03621	0.02773	0.00960	0.01319	0.00805	0.09800	0.06017	0.01328	0.56948	0.08298	0.01642	0.01327	0.00577	0.00478	0.00144	0.00441	0.00497	0.00506	0.00734
3	0.00596	0.00426	0.00560	0.00658	0.00693	0.00403	0.00443	0.02530	0.00922	0.01229	0.02529	0.81376	0.03022	0.01436	0.00591	0.00188	0.00276	0.01301	0.00433	0.00388
4	0.01696	0.01170	0.01280	0.00998	0.01340	0.01271	0.00818	0.64401	0.01986	0.10210	0.01281	0.05728	0.00968	0.00609	0.00467	0.00141	0.00476	0.00474	0.03933	0.00754
5	0.06228	0.01234	0.01330	0.01024	0.01391	0.01351	0.00846	0.67978	0.02035	0.10172	0.01160	0.01142	0.00810	0.00553	0.00456	0.00140	0.00493	0.00415	0.00466	0.00776
6	0.00597	0.00430	0.00573	0.00676	0.00722	0.00405	0.00483	0.00703	0.00928	0.01225	0.02633	0.66787	0.06133	0.01417	0.00600	0.00192	0.00296	0.14379	0.00431	0.00387
7	0.01197	0.01165	0.01551	0.27183	0.17291	0.14522	0.09429	0.04968	0.01118	0.05908	0.02934	0.02447	0.02802	0.00522	0.00528	0.00148	0.04973	0.00449	0.00269	0.00596
8	0.01760	0.01912	0.01330	0.01149	0.01430	0.56684	0.00886	0.22950	0.01556	0.04786	0.00872	0.00944	0.00673	0.00505	0.00434	0.00126	0.00732	0.00339	0.00314	0.00618
9	0.00652	0.00475	0.00613	0.00579	0.00691	0.00436	0.00434	0.00866	0.01302	0.01831	0.76247	0.03531	0.08667	0.00964	0.00549	0.00147	0.00220	0.00849	0.00508	0.00436
10	0.00688	0.00483	0.00590	0.00582	0.00598	0.00515	0.00369	0.00724	0.00692	0.00945	0.01389	0.02728	0.01546	0.64805	0.17766	0.00499	0.03860	0.00631	0.00272	0.00317
11	0.01081	0.00890	0.01428	0.11148	0.12333	0.02539	0.16211	0.08122	0.01125	0.08954	0.01508	0.24431	0.01469	0.00773	0.00546	0.00162	0.02570	0.02736	0.01399	0.00576
12	0.01779	0.01286	0.01386	0.01062	0.01434	0.01417	0.00878	0.76639	0.02159	0.05530	0.01141	0.01132	0.00803	0.00559	0.00465	0.00140	0.00508	0.00420	0.00469	0.00791
13	0.00567	0.00405	0.00540	0.00648	0.00675	0.00378	0.00432	0.00648	0.00891	0.01188	0.02564	0.83347	0.03077	0.01457	0.00594	0.00189	0.00270	0.01323	0.00432	0.00378
14	0.01175	0.01057	0.01052	0.00949	0.01208	0.05849	0.00736	0.02389	0.73250	0.01881	0.01899	0.01755	0.03445	0.00637	0.00472	0.00156	0.00392	0.00525	0.00459	0.00716
15	0.01393	0.01110	0.01305	0.04266	0.09375	0.02990	0.03287	0.29334	0.27915	0.06286	0.01503	0.01486	0.04216	0.00578	0.00469	0.00145	0.00466	0.00477	0.00422	0.02975
16	0.01738	0.02217	0.01318	0.01199	0.01438	0.81783	0.00899	0.01858	0.01318	0.01139	0.00719	0.00839	0.00599	0.00479	0.00419	0.00120	0.00839	0.00300	0.00240	0.00539
17	0.04102	0.00950	0.01156	0.00897	0.01253	0.00935	0.00739	0.23766	0.06460	0.52274	0.01608	0.01441	0.01051	0.00571	0.00463	0.00144	0.00426	0.00452	0.00531	0.00781
18	0.01002	0.00953	0.01619	0.46424	0.38346	0.01066	0.01354	0.01297	0.00989	0.01339	0.00849	0.01200	0.00673	0.00442	0.00463	0.00147	0.00590	0.00414	0.00217	0.00617
19	0.30482	0.04671	0.04223	0.01135	0.12047	0.08895	0.00830	0.16998	0.03214	0.11959	0.00966	0.01026	0.00713	0.00481	0.00393	0.00139	0.00485	0.00349	0.00344	0.00649
20	0.00572	0.00474	0.00502	0.00499	0.00647	0.00404	0.00377	0.00708	0.01101	0.01356	0.16597	0.04338	0.66620	0.01145	0.00552	0.00157	0.00238	0.02868	0.00445	0.00401
21	0.00665	0.00473	0.00634	0.00639	0.00684	0.00515	0.00445	0.00755	0.00725	0.01009	0.01409	0.06589	0.01489	0.37759	0.43518	0.00591	0.00854	0.00618	0.00273	0.00356
22	0.00872	0.00818	0.00974	0.03173	0.18402	0.09865	0.00763	0.01056	0.02267	0.01332	0.04834	0.24116	0.16143	0.00988	0.00538	0.00165	0.00423	0.12412	0.00363	0.00496
23	0.00650	0.00484	0.00561	0.00593	0.00699	0.00446	0.00423	0.00819	0.05409	0.03622	0.04414	0.35901	0.34957	0.06061	0.00669	0.00188	0.00279	0.02981	0.00431	0.00413
24	0.00576	0.00439	0.00531	0.00590	0.00673	0.00395	0.00419	0.00685	0.00989	0.01269	0.08772	0.46189	0.30668	0.01315	0.00577	0.00176	0.00261	0.04650	0.00437	0.00390
25	0.00846	0.00518	0.00663	0.00623	0.00770	0.00467	0.00478	0.01029	0.01222	0.13251	0.44499	0.10684	0.16670	0.01000	0.00547	0.00156	0.00265	0.05341	0.00496	0.00477
26	0.01123	0.04138	0.16087	0.12772	0.41693	0.07629	0.07084	0.01443	0.01048	0.01421	0.00846	0.01102	0.00677	0.00429	0.00456	0.00141	0.00624	0.00397	0.00221	0.00671
27	0.01042	0.05107	0.01243	0.03764	0.02491	0.11171	0.00857	0.01179	0.00843	0.03755	0.00879	0.01279	0.00808	0.02638	0.25177	0.00349	0.36265	0.00419	0.00235	0.00499
28	0.01116	0.01206	0.02433	0.06008	0.02265	0.01215	0.60832	0.05970	0.01105	0.01513	0.00905	0.01217	0.00695	0.00458	0.00660	0.00162	0.10863	0.00517	0.00243	0.00617
29	0.00595	0.00466	0.00656	0.00693	0.00769	0.00427	0.05013	0.00701	0.00933	0.01218	0.02854	0.64425	0.16814	0.01345	0.00583	0.00181	0.00294	0.01216	0.00420	0.00395
30	0.01290	0.12237	0.26456	0.03077	0.12459	0.13744	0.04745	0.06810	0.02450	0.07836	0.00911	0.01042	0.00691	0.00473	0.00475	0.00138	0.03876	0.00366	0.00263	0.00663
