[name]
unknown

[dist]
# distance from previous block
# <min> <max>
2	182

[block]
# block no. 0 follows, 52 sequences, length 56
# corresponding to MSA columns:
# 189-191,196-244,246-248,251
name=unknown_A
#
# <colnr> <probs for GDERKNQSTAVLIFYWHMCP>
#	G	D	E	R	K	N	Q	S	T	A	V	L	I	F	Y	W	H	M	C	P
0	0.79398	0.00909	0.00720	0.02649	0.00974	0.01052	0.00532	0.01379	0.00821	0.02081	0.00728	0.00935	0.00598	0.05140	0.00428	0.00168	0.00387	0.00292	0.00297	0.00512
1	0.01153	0.01104	0.01883	0.15886	0.67399	0.01139	0.01464	0.01446	0.01081	0.01527	0.00903	0.01215	0.00748	0.00440	0.00481	0.00147	0.00587	0.00432	0.00236	0.00730
2	0.01067	0.29793	0.49476	0.01145	0.01719	0.01357	0.01379	0.01459	0.00992	0.01367	0.00841	0.01062	0.00682	0.05134	0.00524	0.00155	0.00635	0.00344	0.00211	0.00660
3	0.01199	0.01151	0.01967	0.02974	0.79946	0.01151	0.01487	0.01487	0.01103	0.01583	0.00912	0.01199	0.00768	0.00432	0.00480	0.00144	0.00576	0.00432	0.00240	0.00768
4	0.00660	0.00529	0.00608	0.00707	0.00748	0.04976	0.00477	0.00746	0.00953	0.01234	0.02562	0.78006	0.03058	0.01460	0.00608	0.00193	0.00315	0.01317	0.00438	0.00403
5	0.61881	0.01118	0.00983	0.00828	0.01143	0.07704	0.05021	0.11700	0.01085	0.02168	0.00779	0.00892	0.00597	0.00471	0.00352	0.00147	0.00459	0.00310	0.01787	0.00574
6	0.00663	0.00490	0.00619	0.00596	0.00712	0.00446	0.00444	0.00866	0.01303	0.01803	0.63543	0.08959	0.15636	0.01060	0.00575	0.00157	0.00235	0.00931	0.00516	0.00446
7	0.03004	0.00929	0.01073	0.00797	0.01199	0.00802	0.00643	0.12750	0.03799	0.10701	0.03016	0.01188	0.00905	0.00446	0.00400	0.00098	0.00388	0.00354	0.00365	0.57142
8	0.01590	0.01011	0.01580	0.01189	0.01568	0.03516	0.22945	0.05546	0.03720	0.36156	0.05892	0.01737	0.05333	0.00583	0.00512	0.00150	0.00527	0.00543	0.00449	0.05454
9	0.14355	0.01662	0.01281	0.01081	0.01390	0.35170	0.00851	0.30216	0.01628	0.04640	0.02726	0.01056	0.00792	0.00537	0.00439	0.00138	0.00644	0.00369	0.00362	0.00660
10	0.00972	0.02507	0.80458	0.01381	0.02097	0.01125	0.01790	0.01535	0.01023	0.01535	0.00870	0.01023	0.00614	0.00460	0.00460	0.00153	0.00716	0.00358	0.00205	0.00716
11	0.01229	0.01166	0.01169	0.01070	0.09361	0.16371	0.00749	0.02637	0.03684	0.04714	0.01051	0.03634	0.02123	0.00467	0.00410	0.00102	0.00483	0.00372	0.00305	0.48904
12	0.00686	0.00495	0.00648	0.00610	0.00724	0.00457	0.00457	0.00914	0.01372	0.01943	0.79691	0.03620	0.04572	0.00991	0.00572	0.00152	0.00229	0.00876	0.00533	0.00457
13	0.01167	0.00983	0.01422	0.57257	0.02750	0.01173	0.01198	0.22215	0.01327	0.01750	0.00966	0.01273	0.00713	0.00514	0.00480	0.00156	0.00602	0.00433	0.03007	0.00613
14	0.00604	0.00434	0.00573	0.00661	0.00705	0.00403	0.00449	0.00710	0.00996	0.01341	0.13847	0.69572	0.05034	0.01436	0.00611	0.00190	0.00273	0.01298	0.00462	0.00403
15	0.00713	0.00500	0.00655	0.00616	0.00734	0.00461	0.00462	0.00938	0.01363	0.03475	0.76513	0.05266	0.04477	0.00994	0.00571	0.00153	0.00233	0.00879	0.00533	0.00463
16	0.00590	0.00422	0.00562	0.00675	0.00703	0.00394	0.00450	0.00675	0.00928	0.01237	0.02671	0.82653	0.03205	0.01518	0.00619	0.00197	0.00281	0.01378	0.00450	0.00394
17	0.00990	0.07096	0.76030	0.01350	0.02049	0.01170	0.01736	0.01530	0.01021	0.01512	0.00859	0.01009	0.00614	0.00458	0.00452	0.00151	0.00705	0.00352	0.00205	0.00711
18	0.01609	0.01163	0.01220	0.00973	0.01292	0.03846	0.00790	0.52125	0.06640	0.05809	0.05755	0.01449	0.01148	0.00605	0.00467	0.00142	0.00467	0.00468	0.13298	0.00735
19	0.01296	0.83261	0.02539	0.00829	0.01244	0.01917	0.00829	0.01451	0.00985	0.01140	0.00674	0.00777	0.00622	0.00415	0.00311	0.00104	0.00518	0.00259	0.00207	0.00622
20	0.86392	0.00937	0.00712	0.00637	0.00937	0.01087	0.00525	0.01425	0.00825	0.02174	0.00675	0.00787	0.00525	0.00450	0.00300	0.00150	0.00375	0.00262	0.00300	0.00525
21	0.01205	0.01041	0.01096	0.00986	0.01260	0.01205	0.00767	0.02575	0.79071	0.02027	0.01972	0.01808	0.01479	0.00657	0.00493	0.00164	0.00384	0.00548	0.00493	0.00767
22	0.01144	0.01307	0.02859	0.02042	0.02533	0.01225	0.78186	0.01552	0.01144	0.01552	0.00980	0.01307	0.00735	0.00408	0.00572	0.00163	0.00817	0.00572	0.00245	0.00654
23	0.00666	0.00495	0.00620	0.00589	0.00712	0.00449	0.00442	0.00876	0.01325	0.01832	0.66590	0.03803	0.17743	0.01032	0.00572	0.00154	0.00232	0.00902	0.00519	0.00449
24	0.00993	0.07804	0.75347	0.01345	0.02041	0.01177	0.01727	0.01529	0.01021	0.01509	0.00857	0.01007	0.00614	0.00457	0.00451	0.00150	0.00703	0.00352	0.00205	0.00710
25	0.01296	0.83261	0.02539	0.00829	0.01244	0.01917	0.00829	0.01451	0.00985	0.01140	0.00674	0.00777	0.00622	0.00415	0.00311	0.00104	0.00518	0.00259	0.00207	0.00622
26	0.66147	0.00885	0.00755	0.00653	0.00953	0.00975	0.00533	0.01480	0.00902	0.10218	0.00880	0.00992	0.00670	0.02075	0.00367	0.00149	0.00372	0.00306	0.04947	0.05740
27	0.01003	0.10243	0.72994	0.01328	0.02016	0.01201	0.01698	0.01527	0.01019	0.01497	0.00851	0.01000	0.00615	0.00456	0.00446	0.00149	0.00697	0.00349	0.00205	0.00707
28	0.00692	0.00519	0.00779	0.00779	0.00865	0.00606	0.00606	0.00865	0.00779	0.01125	0.01298	0.01904	0.01211	0.03634	0.81049	0.00779	0.01298	0.00519	0.00260	0.00433
29	0.00720	0.00466	0.00548	0.00548	0.00551	0.00468	0.00318	0.00701	0.00699	0.00934	0.01443	0.02941	0.01641	0.71362	0.04827	0.10106	0.00490	0.00667	0.00283	0.00289
30	0.01010	0.00958	0.01625	0.55482	0.28918	0.01102	0.01393	0.01321	0.01014	0.01353	0.00878	0.01261	0.00687	0.00467	0.00483	0.00156	0.00623	0.00431	0.00224	0.00615
31	0.01205	0.01041	0.01096	0.00986	0.01260	0.01205	0.00767	0.02575	0.79071	0.02027	0.01972	0.01808	0.01479	0.00657	0.00493	0.00164	0.00384	0.00548	0.00493	0.00767
32	0.00590	0.00422	0.00562	0.00675	0.00703	0.00394	0.00450	0.00675	0.00928	0.01237	0.02671	0.82653	0.03205	0.01518	0.00619	0.00197	0.00281	0.01378	0.00450	0.00394
33	0.08170	0.00899	0.01056	0.00792	0.01189	0.00779	0.00644	0.07780	0.02545	0.25904	0.01212	0.01212	0.00872	0.00463	0.00406	0.00109	0.00391	0.00363	0.00403	0.44811
34	0.01726	0.05220	0.01342	0.01115	0.01410	0.57533	0.00857	0.01871	0.01310	0.10677	0.00900	0.00980	0.00705	0.00489	0.00427	0.00120	0.00736	0.00328	0.00295	0.11960
35	0.01792	0.02279	0.01376	0.01249	0.01493	0.79067	0.00939	0.01916	0.01358	0.01186	0.00746	0.00878	0.00625	0.00508	0.00465	0.00127	0.02872	0.00315	0.00249	0.00561
36	0.01205	0.01041	0.01096	0.00986	0.01260	0.01205	0.00767	0.02575	0.79071	0.02027	0.01972	0.01808	0.01479	0.00657	0.00493	0.00164	0.00384	0.00548	0.00493	0.00767
37	0.00670	0.00527	0.00610	0.00583	0.00728	0.00483	0.00439	0.00924	0.05985	0.01684	0.43804	0.03945	0.35710	0.01069	0.00567	0.00158	0.00245	0.00917	0.00496	0.00456
38	0.00594	0.00433	0.00560	0.00652	0.00699	0.00399	0.00442	0.00691	0.00973	0.01287	0.07580	0.69983	0.11007	0.01457	0.00611	0.00191	0.00274	0.01311	0.00455	0.00399
39	0.00590	0.00422	0.00562	0.00675	0.00703	0.00394	0.00450	0.00675	0.00928	0.01237	0.02671	0.82653	0.03205	0.01518	0.00619	0.00197	0.00281	0.01378	0.00450	0.00394
40	0.00594	0.00427	0.00558	0.00661	0.00694	0.00397	0.00440	0.00677	0.00926	0.01228	0.02721	0.76071	0.06445	0.04806	0.00691	0.00206	0.00287	0.01335	0.00444	0.00390
41	0.00590	0.00422	0.00562	0.00675	0.00703	0.00394	0.00450	0.00675	0.00928	0.01237	0.02671	0.82653	0.03205	0.01518	0.00619	0.00197	0.00281	0.01378	0.00450	0.00394
42	0.00915	0.00861	0.01453	0.81804	0.03338	0.01077	0.01346	0.01238	0.00969	0.01238	0.00861	0.01292	0.00646	0.00484	0.00484	0.00161	0.00646	0.00431	0.00215	0.00538
43	0.01244	0.01248	0.01829	0.01402	0.01709	0.11082	0.27490	0.01483	0.01051	0.06532	0.00895	0.01150	0.00721	0.00544	0.00790	0.00154	0.23128	0.00439	0.00268	0.16841
44	0.79495	0.01041	0.05576	0.00692	0.01019	0.01098	0.00610	0.02980	0.00866	0.02153	0.00696	0.00809	0.00536	0.00453	0.00313	0.00150	0.00399	0.00272	0.00298	0.00542
45	0.00972	0.02507	0.80458	0.01381	0.02097	0.01125	0.01790	0.01535	0.01023	0.01535	0.00870	0.01023	0.00614	0.00460	0.00460	0.00153	0.00716	0.00358	0.00205	0.00716
46	0.00902	0.00841	0.01412	0.76878	0.03187	0.01048	0.01301	0.01215	0.00957	0.01231	0.00888	0.01329	0.00680	0.00676	0.05383	0.00199	0.00686	0.00436	0.00218	0.00532
47	0.00842	0.00421	0.00631	0.00631	0.00631	0.00421	0.00421	0.00631	0.00631	0.00842	0.00842	0.01473	0.00842	0.01684	0.01894	0.85901	0.00421	0.00421	0.00210	0.00210
48	0.03439	0.00582	0.00761	0.00745	0.00834	0.00668	0.00573	0.03474	0.00898	0.01383	0.01484	0.14179	0.01443	0.03436	0.37579	0.00449	0.08713	0.00620	0.18285	0.00454
49	0.01005	0.00861	0.01005	0.00718	0.01148	0.00646	0.00574	0.01220	0.01005	0.01579	0.00861	0.01005	0.00718	0.00359	0.00359	0.00072	0.00359	0.00287	0.00287	0.85932
50	0.01419	0.00996	0.01228	0.01026	0.01336	0.01067	0.06727	0.04258	0.49744	0.20193	0.05211	0.01795	0.01474	0.00637	0.00501	0.00160	0.00421	0.00547	0.00500	0.00760
51	0.76344	0.01122	0.10093	0.00725	0.01074	0.01092	0.00674	0.01437	0.00848	0.02099	0.00698	0.00815	0.00535	0.00451	0.00319	0.00150	0.00415	0.00274	0.00289	0.00547
52	0.00746	0.00509	0.00667	0.00620	0.00745	0.00468	0.00468	0.00973	0.01372	0.05117	0.76539	0.03540	0.04436	0.00975	0.00568	0.00152	0.00236	0.00861	0.00536	0.00472
53	0.01296	0.83261	0.02539	0.00829	0.01244	0.01917	0.00829	0.01451	0.00985	0.01140	0.00674	0.00777	0.00622	0.00415	0.00311	0.00104	0.00518	0.00259	0.00207	0.00622
54	0.00749	0.00514	0.00639	0.00596	0.00738	0.00461	0.00451	0.00950	0.01308	0.06554	0.56989	0.03751	0.22435	0.01024	0.00567	0.00155	0.00244	0.00888	0.00517	0.00468
55	0.00573	0.00491	0.00491	0.00491	0.00655	0.00409	0.00368	0.00695	0.01105	0.01309	0.04909	0.04664	0.79750	0.01227	0.00573	0.00164	0.00245	0.01023	0.00450	0.00409

[dist]
# distance from previous block
# <min> <max>
0	40

[block]
# block no. 1 follows, 52 sequences, length 46
# corresponding to MSA columns:
# 325-345,349-364,369-377
name=unknown_B
#
# <colnr> <probs for GDERKNQSTAVLIFYWHMCP>
#	G	D	E	R	K	N	Q	S	T	A	V	L	I	F	Y	W	H	M	C	P
0	0.02091	0.00827	0.01116	0.00852	0.01231	0.00708	0.00702	0.02280	0.01360	0.74665	0.01837	0.01603	0.01165	0.00583	0.00478	0.00144	0.00409	0.00473	0.00577	0.06898
1	0.00573	0.00491	0.00491	0.00491	0.00655	0.00409	0.00368	0.00695	0.01105	0.01309	0.04909	0.04664	0.79750	0.01227	0.00573	0.00164	0.00245	0.01023	0.00450	0.00409
2	0.01830	0.01333	0.01434	0.01104	0.01488	0.01472	0.00910	0.73762	0.04840	0.05071	0.01211	0.01198	0.00856	0.00585	0.00485	0.00146	0.00525	0.00441	0.00488	0.00822
3	0.02174	0.00825	0.01125	0.00862	0.01237	0.00712	0.00712	0.02362	0.01387	0.80282	0.01912	0.01649	0.01200	0.00600	0.00487	0.00150	0.00412	0.00487	0.00600	0.00825
4	0.00573	0.00491	0.00491	0.00491	0.00655	0.00409	0.00368	0.00695	0.01105	0.01309	0.04909	0.04664	0.79750	0.01227	0.00573	0.00164	0.00245	0.01023	0.00450	0.00409
5	0.01005	0.00861	0.01005	0.00718	0.01148	0.00646	0.00574	0.01220	0.01005	0.01579	0.00861	0.01005	0.00718	0.00359	0.00359	0.00072	0.00359	0.00287	0.00287	0.85932
6	0.01179	0.01131	0.01930	0.08617	0.74463	0.01146	0.01477	0.01469	0.01094	0.01558	0.00908	0.01206	0.00759	0.00436	0.00480	0.00145	0.00581	0.00432	0.00238	0.00751
7	0.00573	0.00491	0.00491	0.00491	0.00655	0.00409	0.00368	0.00695	0.01105	0.01309	0.04909	0.04664	0.79750	0.01227	0.00573	0.00164	0.00245	0.01023	0.00450	0.00409
8	0.00686	0.00495	0.00648	0.00610	0.00724	0.00457	0.00457	0.00914	0.01372	0.01943	0.79691	0.03620	0.04572	0.00991	0.00572	0.00152	0.00229	0.00876	0.00533	0.00457
9	0.00903	0.00452	0.00452	0.00452	0.00565	0.00452	0.00339	0.01129	0.01016	0.01807	0.01581	0.01807	0.01242	0.00565	0.00339	0.00113	0.00226	0.00452	0.85659	0.00452
10	0.00972	0.02507	0.80458	0.01381	0.02097	0.01125	0.01790	0.01535	0.01023	0.01535	0.00870	0.01023	0.00614	0.00460	0.00460	0.00153	0.00716	0.00358	0.00205	0.00716
11	0.01241	0.01033	0.01097	0.00982	0.01259	0.01187	0.00765	0.02567	0.76177	0.04943	0.01970	0.01802	0.01469	0.00655	0.00493	0.00164	0.00385	0.00546	0.00497	0.00769
12	0.00573	0.00491	0.00491	0.00491	0.00655	0.00409	0.00368	0.00695	0.01105	0.01309	0.04909	0.04664	0.79750	0.01227	0.00573	0.00164	0.00245	0.01023	0.00450	0.00409
13	0.01048	0.01043	0.01462	0.01256	0.01259	0.01456	0.01046	0.01157	0.00743	0.01165	0.00657	0.01087	0.00655	0.00938	0.04141	0.00230	0.79489	0.00427	0.00214	0.00527
14	0.02163	0.00843	0.01136	0.00871	0.01246	0.00739	0.00719	0.04969	0.01418	0.77631	0.01886	0.01633	0.01187	0.00599	0.00487	0.00150	0.00417	0.00486	0.00596	0.00825
15	0.00590	0.00422	0.00562	0.00675	0.00703	0.00394	0.00450	0.00675	0.00928	0.01237	0.02671	0.82653	0.03205	0.01518	0.00619	0.00197	0.00281	0.01378	0.00450	0.00394
16	0.00995	0.08271	0.74896	0.01342	0.02036	0.01182	0.01722	0.01529	0.01020	0.01507	0.00856	0.01006	0.00614	0.00457	0.00450	0.00150	0.00702	0.00351	0.00205	0.00709
17	0.00590	0.00422	0.00562	0.00675	0.00703	0.00394	0.00450	0.00675	0.00928	0.01237	0.02671	0.82653	0.03205	0.01518	0.00619	0.00197	0.00281	0.01378	0.00450	0.00394
18	0.01080	0.03617	0.01731	0.01379	0.01468	0.01457	0.13098	0.01235	0.00812	0.01226	0.00691	0.01090	0.00651	0.00766	0.01392	0.00201	0.66892	0.00442	0.00217	0.00552
19	0.01301	0.78800	0.02479	0.00853	0.01251	0.03802	0.00839	0.01454	0.00987	0.01142	0.00674	0.00788	0.00622	0.00430	0.00353	0.00107	0.03025	0.00265	0.00208	0.00618
20	0.00972	0.02507	0.80458	0.01381	0.02097	0.01125	0.01790	0.01535	0.01023	0.01535	0.00870	0.01023	0.00614	0.00460	0.00460	0.00153	0.00716	0.00358	0.00205	0.00716
21	0.01191	0.01025	0.01085	0.00983	0.01252	0.01184	0.00768	0.02522	0.76446	0.02008	0.01992	0.01931	0.01523	0.00680	0.00499	0.00166	0.00386	0.03111	0.00492	0.00756
22	0.01005	0.00861	0.01005	0.00718	0.01148	0.00646	0.00574	0.01220	0.01005	0.01579	0.00861	0.01005	0.00718	0.00359	0.00359	0.00072	0.00359	0.00287	0.00287	0.85932
23	0.01842	0.01357	0.01454	0.01115	0.01503	0.01503	0.00921	0.78330	0.02278	0.03054	0.01163	0.01163	0.00824	0.00582	0.00485	0.00145	0.00533	0.00436	0.00485	0.00824
24	0.00842	0.00421	0.00631	0.00631	0.00631	0.00421	0.00421	0.00631	0.00631	0.00842	0.00842	0.01473	0.00842	0.01684	0.01894	0.85901	0.00421	0.00421	0.00210	0.00210
25	0.01199	0.01151	0.01967	0.02974	0.79946	0.01151	0.01487	0.01487	0.01103	0.01583	0.00912	0.01199	0.00768	0.00432	0.00480	0.00144	0.00576	0.00432	0.00240	0.00768
26	0.00573	0.00491	0.00491	0.00491	0.00655	0.00409	0.00368	0.00695	0.01105	0.01309	0.04909	0.04664	0.79750	0.01227	0.00573	0.00164	0.00245	0.01023	0.00450	0.00409
27	0.00781	0.00558	0.00781	0.00892	0.01004	0.00558	0.00781	0.01004	0.01116	0.01450	0.02566	0.05466	0.02789	0.01339	0.00669	0.00223	0.00446	0.76685	0.00446	0.00446
28	0.01296	0.83261	0.02539	0.00829	0.01244	0.01917	0.00829	0.01451	0.00985	0.01140	0.00674	0.00777	0.00622	0.00415	0.00311	0.00104	0.00518	0.00259	0.00207	0.00622
29	0.01810	0.02310	0.01373	0.01248	0.01498	0.81024	0.00936	0.01935	0.01373	0.01186	0.00749	0.00874	0.00624	0.00499	0.00437	0.00125	0.00874	0.00312	0.00250	0.00562
30	0.01199	0.01151	0.01967	0.02974	0.79946	0.01151	0.01487	0.01487	0.01103	0.01583	0.00912	0.01199	0.00768	0.00432	0.00480	0.00144	0.00576	0.00432	0.00240	0.00768
31	0.86392	0.00937	0.00712	0.00637	0.00937	0.01087	0.00525	0.01425	0.00825	0.02174	0.00675	0.00787	0.00525	0.00450	0.00300	0.00150	0.00375	0.00262	0.00300	0.00525
32	0.00915	0.00861	0.01453	0.81804	0.03338	0.01077	0.01346	0.01238	0.00969	0.01238	0.00861	0.01292	0.00646	0.00484	0.00484	0.00161	0.00646	0.00431	0.00215	0.00538
33	0.00686	0.00495	0.00648	0.00610	0.00724	0.00457	0.00457	0.00914	0.01372	0.01943	0.79691	0.03620	0.04572	0.00991	0.00572	0.00152	0.00229	0.00876	0.00533	0.00457
34	0.01205	0.01041	0.01096	0.00986	0.01260	0.01205	0.00767	0.02575	0.79071	0.02027	0.01972	0.01808	0.01479	0.00657	0.00493	0.00164	0.00384	0.00548	0.00493	0.00767
35	0.00686	0.00495	0.00648	0.00610	0.00724	0.00457	0.00457	0.00914	0.01372	0.01943	0.79691	0.03620	0.04572	0.00991	0.00572	0.00152	0.00229	0.00876	0.00533	0.00457
36	0.00686	0.00495	0.00648	0.00610	0.00724	0.00457	0.00457	0.00914	0.01372	0.01943	0.79691	0.03620	0.04572	0.00991	0.00572	0.00152	0.00229	0.00876	0.00533	0.00457
37	0.00590	0.00422	0.00562	0.00675	0.00703	0.00394	0.00450	0.00675	0.00928	0.01237	0.02671	0.82653	0.03205	0.01518	0.00619	0.00197	0.00281	0.01378	0.00450	0.00394
38	0.01060	0.01060	0.01484	0.01272	0.01272	0.01484	0.01060	0.01166	0.00742	0.01166	0.00636	0.01060	0.00636	0.00848	0.01590	0.00212	0.82082	0.00424	0.00212	0.00530
39	0.00842	0.00421	0.00631	0.00631	0.00631	0.00421	0.00421	0.00631	0.00631	0.00842	0.00842	0.01473	0.00842	0.01684	0.01894	0.85901	0.00421	0.00421	0.00210	0.00210
40	0.01296	0.83261	0.02539	0.00829	0.01244	0.01917	0.00829	0.01451	0.00985	0.01140	0.00674	0.00777	0.00622	0.00415	0.00311	0.00104	0.00518	0.00259	0.00207	0.00622
41	0.01140	0.01295	0.02790	0.02004	0.02469	0.01238	0.74311	0.01533	0.01124	0.01533	0.00963	0.01295	0.00730	0.00431	0.00623	0.00166	0.04900	0.00564	0.00243	0.00647
42	0.00920	0.00861	0.01431	0.77731	0.03228	0.01055	0.01307	0.01237	0.00971	0.01255	0.00861	0.01278	0.00650	0.00478	0.00478	0.00157	0.00632	0.00423	0.00219	0.04829
43	0.04581	0.01213	0.01655	0.01320	0.05554	0.03325	0.18179	0.32963	0.01555	0.02165	0.01055	0.03759	0.00835	0.00526	0.00515	0.00139	0.03361	0.00459	0.00359	0.16482
44	0.33595	0.01154	0.01337	0.01044	0.01408	0.02792	0.12269	0.27179	0.03915	0.06315	0.00997	0.01077	0.00730	0.00500	0.00423	0.00148	0.00505	0.00389	0.00373	0.03849
45	0.23763	0.01079	0.01219	0.02513	0.01359	0.02602	0.06922	0.17993	0.16507	0.11253	0.01222	0.01240	0.00892	0.00525	0.00432	0.00145	0.00463	0.00412	0.00403	0.09055

[dist]
# distance from previous block
# <min> <max>
30	88

[block]
# block no. 2 follows, 52 sequences, length 14
# corresponding to MSA columns:
# 510-523
name=unknown_C
#
# <colnr> <probs for GDERKNQSTAVLIFYWHMCP>
#	G	D	E	R	K	N	Q	S	T	A	V	L	I	F	Y	W	H	M	C	P
0	0.01499	0.00994	0.01165	0.00920	0.01258	0.01003	0.00746	0.23149	0.11606	0.19552	0.01437	0.01443	0.02842	0.00761	0.05545	0.00175	0.04212	0.00446	0.00438	0.20809
1	0.04137	0.01191	0.01304	0.00990	0.01384	0.01234	0.00814	0.52596	0.01874	0.08302	0.01133	0.01151	0.00818	0.00527	0.00450	0.00129	0.00479	0.00400	0.00442	0.20645
2	0.01005	0.00861	0.01005	0.00718	0.01148	0.00646	0.00574	0.01220	0.01005	0.01579	0.00861	0.01005	0.00718	0.00359	0.00359	0.00072	0.00359	0.00287	0.00287	0.85932
3	0.01091	0.01189	0.02380	0.15330	0.02446	0.01246	0.51652	0.01431	0.01044	0.01431	0.00900	0.01261	0.00703	0.00499	0.00737	0.00172	0.15121	0.00522	0.00234	0.00612
4	0.00573	0.00491	0.00491	0.00491	0.00655	0.00409	0.00368	0.00695	0.01105	0.01309	0.04909	0.04664	0.79750	0.01227	0.00573	0.00164	0.00245	0.01023	0.00450	0.00409
5	0.01205	0.01041	0.01096	0.00986	0.01260	0.01205	0.00767	0.02575	0.79071	0.02027	0.01972	0.01808	0.01479	0.00657	0.00493	0.00164	0.00384	0.00548	0.00493	0.00767
6	0.00676	0.00495	0.00634	0.00599	0.00718	0.00453	0.00450	0.00896	0.01349	0.01889	0.73240	0.03710	0.11058	0.01011	0.00572	0.00153	0.00230	0.00889	0.00526	0.00453
7	0.00589	0.00492	0.00514	0.00508	0.00665	0.00416	0.00381	0.00728	0.01144	0.01402	0.15882	0.04511	0.68719	0.01193	0.00573	0.00162	0.00243	0.01001	0.00462	0.00416
8	0.01761	0.02051	0.01396	0.01227	0.01483	0.61214	0.00943	0.15353	0.01487	0.01514	0.00814	0.00939	0.00660	0.00539	0.00529	0.00135	0.06720	0.00342	0.00288	0.00606
9	0.01102	0.15558	0.01670	0.01194	0.01267	0.01561	0.01019	0.01216	0.00785	0.01162	0.00643	0.01010	0.00634	0.00772	0.01365	0.00193	0.67697	0.00395	0.00211	0.00546
10	0.01254	0.72811	0.12622	0.00901	0.01354	0.01815	0.00954	0.01462	0.00990	0.01191	0.00699	0.00809	0.00621	0.00421	0.00330	0.00110	0.00544	0.00272	0.00207	0.00634
11	0.16301	0.46167	0.18111	0.00911	0.01364	0.01521	0.00964	0.01530	0.00994	0.07160	0.00804	0.00893	0.00645	0.00444	0.00353	0.00125	0.00526	0.00297	0.00252	0.00639
12	0.00802	0.00647	0.00778	0.00693	0.00936	0.00540	0.00558	0.00996	0.01097	0.01524	0.12230	0.05773	0.19547	0.00901	0.00515	0.00142	0.00335	0.18486	0.00397	0.33105
13	0.11950	0.01127	0.08318	0.03841	0.08543	0.01003	0.16914	0.06009	0.04953	0.12105	0.07686	0.01524	0.03418	0.00547	0.00501	0.00148	0.02311	0.00487	0.00352	0.08264

[dist]
# distance from previous block
# <min> <max>
2	41

[block]
# block no. 3 follows, 52 sequences, length 8
# corresponding to MSA columns:
# 565-572
name=unknown_D
#
# <colnr> <probs for GDERKNQSTAVLIFYWHMCP>
#	G	D	E	R	K	N	Q	S	T	A	V	L	I	F	Y	W	H	M	C	P
0	0.25042	0.00942	0.01178	0.23287	0.01751	0.01101	0.00903	0.05918	0.01025	0.12816	0.00935	0.01134	0.00704	0.00556	0.00628	0.00159	0.15387	0.00382	0.00313	0.05840
1	0.04394	0.00902	0.01500	0.68648	0.03053	0.01114	0.05364	0.01257	0.00957	0.01288	0.00844	0.01256	0.00645	0.00505	0.00559	0.00165	0.06354	0.00431	0.00220	0.00543
2	0.00590	0.00422	0.00562	0.00675	0.00703	0.00394	0.00450	0.00675	0.00928	0.01237	0.02671	0.82653	0.03205	0.01518	0.00619	0.00197	0.00281	0.01378	0.00450	0.00394
3	0.01261	0.00997	0.01134	0.00932	0.01205	0.03041	0.03961	0.32601	0.10914	0.02287	0.22922	0.05017	0.07939	0.00768	0.00520	0.00151	0.00418	0.00645	0.00474	0.02811
4	0.01101	0.01051	0.01790	0.30201	0.53487	0.01126	0.01438	0.01401	0.01057	0.01464	0.00894	0.01231	0.00726	0.00450	0.00481	0.00150	0.00600	0.00431	0.00231	0.00688
5	0.10630	0.01189	0.02234	0.01625	0.02068	0.01143	0.51216	0.07046	0.01230	0.15065	0.01118	0.01299	0.00797	0.00458	0.00522	0.00158	0.00681	0.00514	0.00328	0.00681
6	0.59814	0.00963	0.00866	0.00721	0.01051	0.01049	0.00593	0.09866	0.01060	0.10496	0.00878	0.00941	0.00648	0.00471	0.00346	0.00142	0.00394	0.00308	0.00351	0.09043
7	0.27447	0.01107	0.01109	0.00917	0.01247	0.01241	0.00744	0.29241	0.22389	0.07926	0.01284	0.01256	0.00935	0.00563	0.00431	0.00152	0.00436	0.00417	0.00439	0.00718

[dist]
# distance from previous block
# <min> <max>
2	12

[block]
# block no. 4 follows, 52 sequences, length 13
# corresponding to MSA columns:
# 587-599
name=unknown_E
#
# <colnr> <probs for GDERKNQSTAVLIFYWHMCP>
#	G	D	E	R	K	N	Q	S	T	A	V	L	I	F	Y	W	H	M	C	P
0	0.00693	0.00680	0.04815	0.00714	0.00898	0.00579	0.04967	0.00886	0.01161	0.01520	0.27216	0.03724	0.42763	0.01043	0.00635	0.00163	0.05768	0.00878	0.00436	0.00462
1	0.01060	0.01060	0.01484	0.01272	0.01272	0.01484	0.01060	0.01166	0.00742	0.01166	0.00636	0.01060	0.00636	0.00848	0.01590	0.00212	0.82082	0.00424	0.00212	0.00530
2	0.00631	0.00493	0.00571	0.00552	0.00690	0.00434	0.00414	0.00808	0.01242	0.01635	0.43278	0.04128	0.41178	0.01106	0.00572	0.00158	0.00237	0.00948	0.00493	0.00434
3	0.01060	0.01060	0.01484	0.01272	0.01272	0.01484	0.01060	0.01166	0.00742	0.01166	0.00636	0.01060	0.00636	0.00848	0.01590	0.00212	0.82082	0.00424	0.00212	0.00530
4	0.01237	0.01106	0.01110	0.01000	0.01272	0.05324	0.00776	0.02542	0.75061	0.01984	0.01909	0.01760	0.01435	0.00649	0.00490	0.00162	0.00409	0.00536	0.00481	0.00756
5	0.01529	0.00892	0.01091	0.00809	0.01214	0.00748	0.00658	0.08587	0.01266	0.31944	0.01292	0.01267	0.00912	0.00471	0.00420	0.00108	0.00395	0.00377	0.00425	0.45592
6	0.01010	0.11977	0.71320	0.01316	0.01997	0.01218	0.01678	0.01525	0.01019	0.01488	0.00847	0.00994	0.00615	0.00455	0.00443	0.00148	0.00693	0.00346	0.00205	0.00705
7	0.00903	0.00452	0.00452	0.00452	0.00565	0.00452	0.00339	0.01129	0.01016	0.01807	0.01581	0.01807	0.01242	0.00565	0.00339	0.00113	0.00226	0.00452	0.85659	0.00452
8	0.01655	0.01027	0.01347	0.26724	0.02001	0.01111	0.00989	0.29191	0.01573	0.27477	0.01310	0.01362	0.00889	0.00557	0.00486	0.00152	0.00530	0.00451	0.00436	0.00733
9	0.01701	0.01462	0.01327	0.01133	0.01347	0.31569	0.00902	0.01840	0.01188	0.26364	0.01085	0.01177	0.00811	0.00636	0.00799	0.00159	0.25112	0.00402	0.00350	0.00636
10	0.05229	0.01001	0.01335	0.03856	0.01304	0.01282	0.00943	0.04287	0.05613	0.13555	0.00972	0.01266	0.00814	0.03526	0.01245	0.00201	0.52226	0.00444	0.00306	0.00593
11	0.04134	0.00709	0.00852	0.00705	0.00982	0.00626	0.00564	0.05011	0.01271	0.28725	0.13061	0.02762	0.24879	0.00819	0.00506	0.00146	0.00337	0.02348	0.00489	0.11075
12	0.04046	0.01002	0.01305	0.01087	0.01237	0.01229	0.00896	0.05978	0.04924	0.08013	0.00903	0.01167	0.00768	0.00814	0.04076	0.00197	0.47597	0.00413	0.00292	0.14056

[dist]
# distance from previous block
# <min> <max>
5	52

[block]
# block no. 5 follows, 52 sequences, length 23
# corresponding to MSA columns:
# 652-674
name=unknown_F
#
# <colnr> <probs for GDERKNQSTAVLIFYWHMCP>
#	G	D	E	R	K	N	Q	S	T	A	V	L	I	F	Y	W	H	M	C	P
0	0.22568	0.09262	0.02925	0.00888	0.01240	0.05397	0.02546	0.12813	0.03995	0.15421	0.01098	0.03157	0.00840	0.00524	0.00434	0.00135	0.02524	0.00384	0.00370	0.13480
1	0.05291	0.00919	0.01043	0.00862	0.01166	0.02767	0.00688	0.08413	0.19679	0.27086	0.04738	0.04998	0.07017	0.00678	0.00506	0.00148	0.02459	0.00547	0.00478	0.10516
2	0.20870	0.10396	0.01168	0.00839	0.01131	0.02813	0.04119	0.11221	0.14847	0.05762	0.04863	0.01922	0.14702	0.02747	0.00495	0.00157	0.00420	0.00527	0.00393	0.00609
3	0.00991	0.07372	0.75764	0.01348	0.02046	0.01173	0.01733	0.01530	0.01021	0.01511	0.00858	0.01008	0.00614	0.00458	0.00451	0.00150	0.00704	0.00352	0.00205	0.00711
4	0.00903	0.00452	0.00452	0.00452	0.00565	0.00452	0.00339	0.01129	0.01016	0.01807	0.01581	0.01807	0.01242	0.00565	0.00339	0.00113	0.00226	0.00452	0.85659	0.00452
5	0.01296	0.83261	0.02539	0.00829	0.01244	0.01917	0.00829	0.01451	0.00985	0.01140	0.00674	0.00777	0.00622	0.00415	0.00311	0.00104	0.00518	0.00259	0.00207	0.00622
6	0.00705	0.00470	0.00529	0.00529	0.00529	0.00470	0.00294	0.00705	0.00705	0.00940	0.01527	0.03171	0.01762	0.82969	0.02467	0.00470	0.00470	0.00705	0.00294	0.00294
7	0.01060	0.01060	0.01484	0.01272	0.01272	0.01484	0.01060	0.01166	0.00742	0.01166	0.00636	0.01060	0.00636	0.00848	0.01590	0.00212	0.82082	0.00424	0.00212	0.00530
8	0.00903	0.00452	0.00452	0.00452	0.00565	0.00452	0.00339	0.01129	0.01016	0.01807	0.01581	0.01807	0.01242	0.00565	0.00339	0.00113	0.00226	0.00452	0.85659	0.00452
9	0.00903	0.00452	0.00452	0.00452	0.00565	0.00452	0.00339	0.01129	0.01016	0.01807	0.01581	0.01807	0.01242	0.00565	0.00339	0.00113	0.00226	0.00452	0.85659	0.00452
10	0.02137	0.00833	0.01124	0.00867	0.01238	0.00731	0.00714	0.02370	0.04368	0.77279	0.01914	0.01656	0.01210	0.00602	0.00488	0.00151	0.00411	0.00490	0.00596	0.00822
11	0.00590	0.00422	0.00562	0.00675	0.00703	0.00394	0.00450	0.00675	0.00928	0.01237	0.02671	0.82653	0.03205	0.01518	0.00619	0.00197	0.00281	0.01378	0.00450	0.00394
12	0.01060	0.01060	0.01484	0.01272	0.01272	0.01484	0.01060	0.01166	0.00742	0.01166	0.00636	0.01060	0.00636	0.00848	0.01590	0.00212	0.82082	0.00424	0.00212	0.00530
13	0.00972	0.02507	0.80458	0.01381	0.02097	0.01125	0.01790	0.01535	0.01023	0.01535	0.00870	0.01023	0.00614	0.00460	0.00460	0.00153	0.00716	0.00358	0.00205	0.00716
14	0.00972	0.02507	0.80458	0.01381	0.02097	0.01125	0.01790	0.01535	0.01023	0.01535	0.00870	0.01023	0.00614	0.00460	0.00460	0.00153	0.00716	0.00358	0.00205	0.00716
15	0.86392	0.00937	0.00712	0.00637	0.00937	0.01087	0.00525	0.01425	0.00825	0.02174	0.00675	0.00787	0.00525	0.00450	0.00300	0.00150	0.00375	0.00262	0.00300	0.00525
16	0.00915	0.00861	0.01453	0.81804	0.03338	0.01077	0.01346	0.01238	0.00969	0.01238	0.00861	0.01292	0.00646	0.00484	0.00484	0.00161	0.00646	0.00431	0.00215	0.00538
17	0.01057	0.01056	0.04208	0.40555	0.40910	0.01115	0.01429	0.01370	0.01037	0.01417	0.00886	0.01238	0.00705	0.00458	0.00481	0.00153	0.00614	0.00429	0.00227	0.00657
18	0.00573	0.00491	0.00491	0.00491	0.00655	0.00409	0.00368	0.00695	0.01105	0.01309	0.04909	0.04664	0.79750	0.01227	0.00573	0.00164	0.00245	0.01023	0.00450	0.00409
19	0.02134	0.00844	0.01193	0.00908	0.01288	0.00732	0.03747	0.02330	0.01377	0.77198	0.01875	0.01636	0.01181	0.00592	0.00491	0.00150	0.00428	0.00491	0.00586	0.00818
20	0.00686	0.00495	0.00648	0.00610	0.00724	0.00457	0.00457	0.00914	0.01372	0.01943	0.79691	0.03620	0.04572	0.00991	0.00572	0.00152	0.00229	0.00876	0.00533	0.00457
21	0.01051	0.01024	0.01422	0.01223	0.01230	0.01422	0.01017	0.01164	0.00759	0.01205	0.00693	0.01105	0.00673	0.00831	0.01515	0.00206	0.77151	0.00426	0.05360	0.00525
22	0.01199	0.01151	0.01967	0.02974	0.79946	0.01151	0.01487	0.01487	0.01103	0.01583	0.00912	0.01199	0.00768	0.00432	0.00480	0.00144	0.00576	0.00432	0.00240	0.00768

[dist]
# distance from previous block
# <min> <max>
0	1

[block]
# block no. 6 follows, 52 sequences, length 11
# corresponding to MSA columns:
# 676-686
name=unknown_G
#
# <colnr> <probs for GDERKNQSTAVLIFYWHMCP>
#	G	D	E	R	K	N	Q	S	T	A	V	L	I	F	Y	W	H	M	C	P
0	0.01838	0.01469	0.01445	0.01131	0.01502	0.10824	0.00923	0.69376	0.02172	0.02835	0.01115	0.01130	0.00801	0.00572	0.00479	0.00143	0.00573	0.00422	0.00457	0.00793
1	0.00686	0.00495	0.00648	0.00610	0.00724	0.00457	0.00457	0.00914	0.01372	0.01943	0.79691	0.03620	0.04572	0.00991	0.00572	0.00152	0.00229	0.00876	0.00533	0.00457
2	0.02088	0.00806	0.01097	0.00848	0.01207	0.00697	0.00697	0.02278	0.01386	0.75748	0.06413	0.01763	0.01395	0.00622	0.00492	0.00150	0.00402	0.00510	0.00596	0.00803
3	0.01205	0.01041	0.01096	0.00986	0.01260	0.01205	0.00767	0.02575	0.79071	0.02027	0.01972	0.01808	0.01479	0.00657	0.00493	0.00164	0.00384	0.00548	0.00493	0.00767
4	0.01842	0.01357	0.01454	0.01115	0.01503	0.01503	0.00921	0.78330	0.02278	0.03054	0.01163	0.01163	0.00824	0.00582	0.00485	0.00145	0.00533	0.00436	0.00485	0.00824
5	0.01005	0.00861	0.01005	0.00718	0.01148	0.00646	0.00574	0.01220	0.01005	0.01579	0.00861	0.01005	0.00718	0.00359	0.00359	0.00072	0.00359	0.00287	0.00287	0.85932
6	0.00573	0.00491	0.00491	0.00491	0.00655	0.00409	0.00368	0.00695	0.01105	0.01309	0.04909	0.04664	0.79750	0.01227	0.00573	0.00164	0.00245	0.01023	0.00450	0.00409
7	0.01108	0.01251	0.02713	0.01955	0.02416	0.01172	0.73223	0.01496	0.01130	0.01532	0.01088	0.06501	0.00893	0.00479	0.00575	0.00166	0.00783	0.00623	0.00258	0.00637
8	0.01272	0.77264	0.08326	0.00870	0.01307	0.01859	0.00901	0.01457	0.00988	0.01169	0.00688	0.00796	0.00621	0.00418	0.00322	0.00107	0.00533	0.00266	0.00207	0.00629
9	0.22712	0.00926	0.01084	0.00856	0.01200	0.00923	0.04251	0.11536	0.04286	0.32116	0.01358	0.01323	0.00937	0.00531	0.00423	0.00141	0.00418	0.00412	0.06781	0.07787
10	0.03443	0.01170	0.02095	0.01579	0.01932	0.01209	0.42858	0.12827	0.05398	0.01744	0.01190	0.07046	0.01022	0.00615	0.00678	0.00171	0.10495	0.03575	0.00313	0.00640

[dist]
# distance from previous block
# <min> <max>
7	53

[block]
# block no. 7 follows, 52 sequences, length 10
# corresponding to MSA columns:
# 755-764
name=unknown_H
#
# <colnr> <probs for GDERKNQSTAVLIFYWHMCP>
#	G	D	E	R	K	N	Q	S	T	A	V	L	I	F	Y	W	H	M	C	P
0	0.06191	0.01151	0.01787	0.02492	0.61213	0.01174	0.01320	0.11833	0.01259	0.05517	0.00979	0.01192	0.00782	0.00461	0.00471	0.00145	0.00551	0.00425	0.00293	0.00764
1	0.59485	0.00955	0.01014	0.11661	0.01412	0.01084	0.06444	0.01522	0.05360	0.05917	0.00859	0.00995	0.00645	0.00471	0.00365	0.00153	0.00447	0.00336	0.00311	0.00565
2	0.01060	0.01060	0.01484	0.01272	0.01272	0.01484	0.01060	0.01166	0.00742	0.01166	0.00636	0.01060	0.00636	0.00848	0.01590	0.00212	0.82082	0.00424	0.00212	0.00530
3	0.00686	0.00495	0.00648	0.00610	0.00724	0.00457	0.00457	0.00914	0.01372	0.01943	0.79691	0.03620	0.04572	0.00991	0.00572	0.00152	0.00229	0.00876	0.00533	0.00457
4	0.00915	0.00861	0.01453	0.81804	0.03338	0.01077	0.01346	0.01238	0.00969	0.01238	0.00861	0.01292	0.00646	0.00484	0.00484	0.00161	0.00646	0.00431	0.00215	0.00538
5	0.00705	0.00470	0.00529	0.00529	0.00529	0.00470	0.00294	0.00705	0.00705	0.00940	0.01527	0.03171	0.01762	0.82969	0.02467	0.00470	0.00470	0.00705	0.00294	0.00294
6	0.00706	0.00545	0.00798	0.22931	0.01415	0.00586	0.00687	0.00867	0.00946	0.01285	0.02083	0.53591	0.02339	0.01155	0.00558	0.00180	0.00377	0.01041	0.07472	0.00438
7	0.01296	0.83261	0.02539	0.00829	0.01244	0.01917	0.00829	0.01451	0.00985	0.01140	0.00674	0.00777	0.00622	0.00415	0.00311	0.00104	0.00518	0.00259	0.00207	0.00622
8	0.00990	0.03238	0.00845	0.00718	0.00951	0.00758	0.00562	0.01540	0.26666	0.09766	0.09721	0.03104	0.34937	0.00906	0.00524	0.00157	0.00318	0.00755	0.00475	0.03071
9	0.08112	0.01655	0.38102	0.01094	0.01598	0.03655	0.01197	0.01809	0.03535	0.28331	0.01329	0.05336	0.00963	0.00567	0.00465	0.00154	0.00559	0.00450	0.00369	0.00718

[dist]
# distance from previous block
# <min> <max>
0	40

[block]
# block no. 8 follows, 52 sequences, length 37
# corresponding to MSA columns:
# 805-841
name=unknown_I
#
# <colnr> <probs for GDERKNQSTAVLIFYWHMCP>
#	G	D	E	R	K	N	Q	S	T	A	V	L	I	F	Y	W	H	M	C	P
0	0.12986	0.05092	0.04856	0.01182	0.01522	0.03492	0.20138	0.05667	0.02431	0.04495	0.02299	0.06852	0.00947	0.00573	0.00595	0.00148	0.10546	0.00480	0.00302	0.15397
1	0.03856	0.15842	0.48852	0.08365	0.02073	0.01265	0.10298	0.01493	0.01019	0.01465	0.00842	0.01030	0.00629	0.00448	0.00445	0.00147	0.00677	0.00369	0.00214	0.00671
2	0.01139	0.01054	0.01462	0.21259	0.04247	0.03040	0.01105	0.07983	0.00982	0.03341	0.00788	0.01140	0.00675	0.00692	0.01092	0.00184	0.45778	0.00422	0.00250	0.03365
3	0.01181	0.54775	0.30025	0.01024	0.01545	0.01638	0.01168	0.01481	0.00998	0.01279	0.00743	0.00864	0.00619	0.00431	0.00364	0.00121	0.00588	0.00294	0.00206	0.00655
4	0.01842	0.01357	0.01454	0.01115	0.01503	0.01503	0.00921	0.78330	0.02278	0.03054	0.01163	0.01163	0.00824	0.00582	0.00485	0.00145	0.00533	0.00436	0.00485	0.00824
5	0.01842	0.01357	0.01454	0.01115	0.01503	0.01503	0.00921	0.78330	0.02278	0.03054	0.01163	0.01163	0.00824	0.00582	0.00485	0.00145	0.00533	0.00436	0.00485	0.00824
6	0.01000	0.09562	0.73651	0.01333	0.02023	0.01195	0.01706	0.01527	0.01020	0.01500	0.00853	0.01002	0.00615	0.00456	0.00447	0.00149	0.00699	0.00349	0.00205	0.00708
7	0.01842	0.01357	0.01454	0.01115	0.01503	0.01503	0.00921	0.78330	0.02278	0.03054	0.01163	0.01163	0.00824	0.00582	0.00485	0.00145	0.00533	0.00436	0.00485	0.00824
8	0.00972	0.02507	0.80458	0.01381	0.02097	0.01125	0.01790	0.01535	0.01023	0.01535	0.00870	0.01023	0.00614	0.00460	0.00460	0.00153	0.00716	0.00358	0.00205	0.00716
9	0.01227	0.01087	0.01106	0.00996	0.01269	0.04100	0.00773	0.02552	0.76254	0.01997	0.01928	0.01774	0.01448	0.00652	0.00491	0.00163	0.00401	0.00539	0.00484	0.00760
10	0.00983	0.05146	0.77912	0.01363	0.02070	0.01151	0.01759	0.01532	0.01022	0.01522	0.00863	0.01015	0.00614	0.00459	0.00456	0.00152	0.00710	0.00355	0.00205	0.00713
11	0.01694	0.02065	0.01320	0.01198	0.01452	0.65637	0.00904	0.02058	0.16351	0.01348	0.00985	0.01054	0.00789	0.00530	0.00448	0.00132	0.00779	0.00358	0.00297	0.00601
12	0.01205	0.01041	0.01096	0.00986	0.01260	0.01205	0.00767	0.02575	0.79071	0.02027	0.01972	0.01808	0.01479	0.00657	0.00493	0.00164	0.00384	0.00548	0.00493	0.00767
13	0.00645	0.00489	0.00596	0.00593	0.00714	0.00440	0.00444	0.00824	0.01228	0.01644	0.44090	0.12400	0.28109	0.01138	0.00582	0.00164	0.00250	0.04720	0.00494	0.00435
14	0.00738	0.00538	0.00722	0.00804	0.00919	0.00523	0.00683	0.00944	0.01135	0.01477	0.11029	0.07711	0.12901	0.01293	0.00645	0.00207	0.00392	0.56443	0.00456	0.00441
15	0.00972	0.02507	0.80458	0.01381	0.02097	0.01125	0.01790	0.01535	0.01023	0.01535	0.00870	0.01023	0.00614	0.00460	0.00460	0.00153	0.00716	0.00358	0.00205	0.00716
16	0.01277	0.78594	0.07042	0.00861	0.01293	0.01872	0.00885	0.01456	0.00987	0.01163	0.00685	0.00792	0.00621	0.00417	0.00320	0.00107	0.00530	0.00265	0.00207	0.00627
17	0.01033	0.17765	0.65736	0.01277	0.01936	0.01275	0.01609	0.01519	0.01016	0.01460	0.00833	0.00977	0.00615	0.00452	0.00432	0.00144	0.00679	0.00339	0.00205	0.00698
18	0.01375	0.00866	0.01122	0.01055	0.09131	0.00846	0.03527	0.13680	0.08176	0.24052	0.07824	0.02436	0.20629	0.02369	0.00555	0.00160	0.00407	0.00645	0.00476	0.00670
19	0.03744	0.00567	0.00676	0.00659	0.00795	0.00555	0.00506	0.01025	0.07853	0.01723	0.41513	0.09234	0.19203	0.01056	0.00585	0.00166	0.01675	0.07507	0.00486	0.00472
20	0.01205	0.01041	0.01096	0.00986	0.01260	0.01205	0.00767	0.02575	0.79071	0.02027	0.01972	0.01808	0.01479	0.00657	0.00493	0.00164	0.00384	0.00548	0.00493	0.00767
21	0.01733	0.01303	0.01393	0.01093	0.01461	0.01452	0.00895	0.65320	0.15467	0.02878	0.01302	0.01274	0.00937	0.00595	0.00486	0.00149	0.00508	0.00455	0.00486	0.00814
22	0.00972	0.02507	0.80458	0.01381	0.02097	0.01125	0.01790	0.01535	0.01023	0.01535	0.00870	0.01023	0.00614	0.00460	0.00460	0.00153	0.00716	0.00358	0.00205	0.00716
23	0.01199	0.01151	0.01967	0.02974	0.79946	0.01151	0.01487	0.01487	0.01103	0.01583	0.00912	0.01199	0.00768	0.00432	0.00480	0.00144	0.00576	0.00432	0.00240	0.00768
24	0.00705	0.00470	0.00529	0.00529	0.00529	0.00470	0.00294	0.00705	0.00705	0.00940	0.01527	0.03171	0.01762	0.82969	0.02467	0.00470	0.00470	0.00705	0.00294	0.00294
25	0.00590	0.00422	0.00562	0.00675	0.00703	0.00394	0.00450	0.00675	0.00928	0.01237	0.02671	0.82653	0.03205	0.01518	0.00619	0.00197	0.00281	0.01378	0.00450	0.00394
26	0.00590	0.00422	0.00562	0.00675	0.00703	0.00394	0.00450	0.00675	0.00928	0.01237	0.02671	0.82653	0.03205	0.01518	0.00619	0.00197	0.00281	0.01378	0.00450	0.00394
27	0.00590	0.00422	0.00562	0.00675	0.00703	0.00394	0.00450	0.00675	0.00928	0.01237	0.02671	0.82653	0.03205	0.01518	0.00619	0.00197	0.00281	0.01378	0.00450	0.00394
28	0.00581	0.00491	0.00502	0.00499	0.00659	0.00412	0.00374	0.00711	0.01123	0.01354	0.10149	0.04591	0.74482	0.01211	0.00573	0.00163	0.00244	0.01012	0.00456	0.00412
29	0.01296	0.83261	0.02539	0.00829	0.01244	0.01917	0.00829	0.01451	0.00985	0.01140	0.00674	0.00777	0.00622	0.00415	0.00311	0.00104	0.00518	0.00259	0.00207	0.00622
30	0.01144	0.01307	0.02859	0.02042	0.02533	0.01225	0.78186	0.01552	0.01144	0.01552	0.00980	0.01307	0.00735	0.00408	0.00572	0.00163	0.00817	0.00572	0.00245	0.00654
31	0.00603	0.00439	0.00587	0.00691	0.00718	0.00422	0.00466	0.00688	0.00923	0.01235	0.02617	0.80498	0.03137	0.01501	0.00644	0.00197	0.02441	0.01352	0.00444	0.00397
32	0.01542	0.01183	0.01272	0.01030	0.01359	0.01318	0.00832	0.47835	0.26257	0.02635	0.08277	0.01580	0.01357	0.00641	0.00495	0.00152	0.00460	0.00510	0.00492	0.00774
33	0.00739	0.07726	0.00813	0.00629	0.00769	0.00585	0.00490	0.00961	0.01338	0.01873	0.72788	0.03372	0.04227	0.00940	0.00549	0.00148	0.00254	0.00822	0.00505	0.00472
34	0.01264	0.70306	0.08068	0.01056	0.08181	0.01794	0.00956	0.01460	0.00998	0.01207	0.00709	0.00832	0.00634	0.00419	0.00336	0.00111	0.00537	0.00281	0.00210	0.00641
35	0.01125	0.01275	0.02771	0.01985	0.02460	0.01195	0.75060	0.01527	0.01153	0.01568	0.04146	0.01400	0.00890	0.00432	0.00572	0.00163	0.00793	0.00584	0.00257	0.00646
36	0.01231	0.08332	0.01999	0.02721	0.70299	0.01231	0.01410	0.04199	0.01135	0.01596	0.00900	0.01161	0.00757	0.00436	0.00465	0.00140	0.00569	0.00417	0.00246	0.00757

[dist]
# distance from previous block
# <min> <max>
0	1

[block]
# block no. 9 follows, 52 sequences, length 85
# corresponding to MSA columns:
# 843-927
name=unknown_J
#
# <colnr> <probs for GDERKNQSTAVLIFYWHMCP>
#	G	D	E	R	K	N	Q	S	T	A	V	L	I	F	Y	W	H	M	C	P
0	0.01060	0.01060	0.01484	0.01272	0.01272	0.01484	0.01060	0.01166	0.00742	0.01166	0.00636	0.01060	0.00636	0.00848	0.01590	0.00212	0.82082	0.00424	0.00212	0.00530
1	0.00590	0.00422	0.00562	0.00675	0.00703	0.00394	0.00450	0.00675	0.00928	0.01237	0.02671	0.82653	0.03205	0.01518	0.00619	0.00197	0.00281	0.01378	0.00450	0.00394
2	0.01616	0.01296	0.01324	0.01077	0.01417	0.05630	0.00868	0.47554	0.29307	0.02593	0.01427	0.01375	0.01044	0.00604	0.00485	0.00151	0.00499	0.00469	0.00475	0.00790
3	0.00582	0.00491	0.00504	0.00501	0.00660	0.00413	0.00376	0.00714	0.01127	0.01362	0.11107	0.04577	0.73519	0.01208	0.00573	0.00163	0.00244	0.01011	0.00457	0.00413
4	0.01186	0.01138	0.01943	0.06648	0.76376	0.01148	0.01481	0.01476	0.01097	0.01567	0.00909	0.01204	0.00762	0.00434	0.00480	0.00145	0.00579	0.00432	0.00239	0.00757
5	0.01296	0.83261	0.02539	0.00829	0.01244	0.01917	0.00829	0.01451	0.00985	0.01140	0.00674	0.00777	0.00622	0.00415	0.00311	0.00104	0.00518	0.00259	0.00207	0.00622
6	0.00573	0.00491	0.00491	0.00491	0.00655	0.00409	0.00368	0.00695	0.01105	0.01309	0.04909	0.04664	0.79750	0.01227	0.00573	0.00164	0.00245	0.01023	0.00450	0.00409
7	0.86392	0.00937	0.00712	0.00637	0.00937	0.01087	0.00525	0.01425	0.00825	0.02174	0.00675	0.00787	0.00525	0.00450	0.00300	0.00150	0.00375	0.00262	0.00300	0.00525
8	0.00581	0.00491	0.00503	0.00500	0.00660	0.00413	0.00375	0.00712	0.01125	0.01357	0.10518	0.04585	0.74111	0.01210	0.00573	0.00163	0.00244	0.01012	0.00456	0.00413
9	0.00573	0.00491	0.00491	0.00491	0.00655	0.00409	0.00368	0.00695	0.01105	0.01309	0.04909	0.04664	0.79750	0.01227	0.00573	0.00164	0.00245	0.01023	0.00450	0.00409
10	0.00590	0.00422	0.00562	0.00675	0.00703	0.00394	0.00450	0.00675	0.00928	0.01237	0.02671	0.82653	0.03205	0.01518	0.00619	0.00197	0.00281	0.01378	0.00450	0.00394
