[name]
unknown

[dist]
# distance from previous block
# <min> <max>
0	37

[block]
# block no. 0 follows, 63 sequences, length 125
# corresponding to MSA columns:
# 108-144,149-177,179,180,183-200,202-240
name=unknown_A
#
# <colnr> <probs for GDERKNQSTAVLIFYWHMCP>
#	G	D	E	R	K	N	Q	S	T	A	V	L	I	F	Y	W	H	M	C	P
0	0.12059	0.00824	0.04607	0.00746	0.01023	0.03766	0.00638	0.06400	0.02915	0.29591	0.05993	0.01831	0.02858	0.00597	0.00425	0.00131	0.01263	0.12210	0.00389	0.11735
1	0.12208	0.26564	0.09136	0.00754	0.01038	0.12397	0.00690	0.06219	0.05998	0.01388	0.02989	0.01064	0.00794	0.03881	0.00401	0.00122	0.00440	0.00319	0.13086	0.00511
2	0.01122	0.69489	0.10975	0.00802	0.01176	0.07387	0.00819	0.01294	0.00879	0.01030	0.00607	0.00706	0.00539	0.00373	0.00304	0.00097	0.01434	0.00239	0.00182	0.00544
3	0.00900	0.13949	0.63324	0.01078	0.01616	0.01054	0.01330	0.04521	0.00921	0.01321	0.02185	0.00978	0.00642	0.03903	0.00455	0.00138	0.00574	0.00321	0.00196	0.00594
4	0.17906	0.00737	0.00899	0.00699	0.01017	0.00673	0.00576	0.01800	0.01080	0.59828	0.01369	0.01237	0.00891	0.00476	0.00382	0.00123	0.00347	0.00369	0.00445	0.09147
5	0.00595	0.00456	0.00549	0.00521	0.00639	0.00423	0.00392	0.00826	0.05732	0.01546	0.57346	0.03287	0.24336	0.00897	0.00492	0.00135	0.00210	0.00777	0.00442	0.00401
6	0.00782	0.00814	0.01549	0.02506	0.03145	0.00753	0.42328	0.01028	0.00975	0.01257	0.02230	0.02471	0.31769	0.00678	0.00499	0.00145	0.00493	0.05812	0.00291	0.00475
7	0.03150	0.00768	0.00988	0.00769	0.01081	0.00711	0.00631	0.13610	0.01290	0.65858	0.01578	0.05382	0.01067	0.00554	0.00425	0.00131	0.00367	0.00450	0.00495	0.00693
8	0.01046	0.00903	0.00951	0.00855	0.01093	0.01046	0.00665	0.02234	0.81845	0.01759	0.01711	0.01568	0.01283	0.00570	0.00428	0.00143	0.00333	0.00475	0.00428	0.00665
9	0.01570	0.02004	0.01191	0.01083	0.01300	0.83539	0.00812	0.01679	0.01191	0.01029	0.00650	0.00758	0.00541	0.00433	0.00379	0.00108	0.00758	0.00271	0.00217	0.00487
10	0.01104	0.70147	0.05419	0.00751	0.01100	0.03014	0.00740	0.01356	0.08667	0.01093	0.00721	0.00794	0.00625	0.00386	0.00293	0.00097	0.00445	0.00258	0.02440	0.00550
11	0.01131	0.82019	0.03420	0.00736	0.01096	0.03790	0.00735	0.01271	0.00863	0.00995	0.00589	0.00680	0.00539	0.00362	0.00275	0.00091	0.00460	0.00227	0.00181	0.00539
12	0.01886	0.00715	0.00976	0.00748	0.01073	0.00618	0.00618	0.02049	0.01203	0.82895	0.01658	0.01431	0.01041	0.00520	0.00423	0.00130	0.00358	0.00423	0.00520	0.00715
13	0.01474	0.01137	0.01174	0.00932	0.01238	0.04686	0.00758	0.61643	0.15291	0.02392	0.01125	0.01113	0.00816	0.00512	0.00415	0.00127	0.00443	0.00391	0.03647	0.00685
14	0.04147	0.10311	0.62556	0.01172	0.03759	0.02041	0.04661	0.03202	0.00911	0.01342	0.00746	0.00884	0.00549	0.00431	0.01451	0.00135	0.00598	0.00311	0.00190	0.00603
15	0.00826	0.00432	0.00437	0.00422	0.00532	0.00439	0.00320	0.05127	0.00938	0.01623	0.01353	0.01538	0.01059	0.00491	0.00300	0.00099	0.00210	0.00391	0.83055	0.00409
16	0.01040	0.00999	0.01706	0.02580	0.82604	0.00999	0.01290	0.01290	0.00957	0.01373	0.00791	0.01040	0.00666	0.00375	0.00416	0.00125	0.00499	0.00375	0.00208	0.00666
17	0.00793	0.00731	0.01237	0.66929	0.06017	0.00877	0.04281	0.01058	0.00850	0.01118	0.00882	0.04681	0.00731	0.00541	0.02554	0.00154	0.00548	0.02106	0.03445	0.00468
18	0.12867	0.00803	0.00795	0.00684	0.00882	0.05338	0.00546	0.26587	0.01194	0.01837	0.01065	0.01227	0.00837	0.00842	0.11603	0.00191	0.01711	0.00366	0.30117	0.00507
19	0.01841	0.00702	0.00952	0.00733	0.01049	0.00609	0.00605	0.02005	0.01190	0.79596	0.01647	0.01436	0.01042	0.00519	0.00418	0.00129	0.00351	0.00421	0.04051	0.00702
20	0.00591	0.00430	0.00556	0.00525	0.00626	0.00395	0.00393	0.00785	0.01180	0.01663	0.79162	0.03177	0.07201	0.00868	0.00496	0.00133	0.00199	0.00765	0.00460	0.00395
21	0.00972	0.01218	0.13136	0.13708	0.14361	0.05374	0.34651	0.01319	0.03739	0.01288	0.00843	0.02384	0.00664	0.00416	0.00488	0.00138	0.04095	0.00427	0.00213	0.00566
22	0.00530	0.00389	0.00536	0.00611	0.00651	0.00363	0.02046	0.00617	0.00828	0.01102	0.04224	0.76271	0.04831	0.01274	0.00535	0.00169	0.00257	0.04030	0.00388	0.00349
23	0.82643	0.00836	0.00657	0.04084	0.00911	0.02731	0.00493	0.01239	0.00731	0.01833	0.00594	0.00703	0.00462	0.00392	0.00269	0.00130	0.00344	0.00235	0.00256	0.00456
24	0.00601	0.00450	0.00676	0.00676	0.00751	0.00525	0.00525	0.00751	0.00676	0.00976	0.01126	0.01651	0.01051	0.03153	0.83560	0.00676	0.01126	0.00450	0.00225	0.00375
25	0.00725	0.00369	0.00553	0.00553	0.00556	0.00372	0.00372	0.00556	0.00553	0.00740	0.00746	0.01293	0.00743	0.01529	0.04966	0.84237	0.00396	0.00369	0.00184	0.00190
26	0.01102	0.06650	0.07894	0.03392	0.28030	0.04380	0.14785	0.14055	0.05647	0.01550	0.00963	0.01121	0.02339	0.00426	0.00413	0.00125	0.00515	0.00393	0.04637	0.01584
27	0.01124	0.85479	0.02203	0.00719	0.01079	0.01663	0.00719	0.01259	0.00854	0.00989	0.00584	0.00674	0.00539	0.00360	0.00270	0.00090	0.00450	0.00225	0.00180	0.00539
28	0.01055	0.25691	0.12980	0.09454	0.06482	0.09866	0.00875	0.05560	0.00965	0.01260	0.00719	0.00861	0.00587	0.00379	0.00342	0.00101	0.00486	0.00283	0.01785	0.20269
29	0.00605	0.00434	0.00593	0.00593	0.00640	0.00481	0.00423	0.00698	0.00651	0.00915	0.01201	0.02068	0.01232	0.34283	0.52678	0.00574	0.00853	0.00511	0.00236	0.00330
30	0.00507	0.00417	0.00446	0.00458	0.00579	0.00356	0.00336	0.00615	0.00951	0.01167	0.09770	0.16641	0.64126	0.01089	0.00503	0.00146	0.00217	0.00926	0.00396	0.00356
31	0.12600	0.01148	0.01287	0.01039	0.02595	0.15382	0.14475	0.22073	0.04614	0.04436	0.02195	0.01059	0.00738	0.02392	0.02644	0.00145	0.03591	0.00369	0.00300	0.06921
32	0.00700	0.00572	0.00721	0.00694	0.00768	0.03936	0.01798	0.04086	0.00788	0.01069	0.03099	0.13120	0.04700	0.16956	0.35978	0.00421	0.07285	0.02660	0.00273	0.00377
33	0.00604	0.00407	0.00470	0.00484	0.00490	0.00404	0.00285	0.00620	0.00645	0.00858	0.01458	0.10771	0.01686	0.73658	0.01921	0.00376	0.00391	0.03931	0.00273	0.00269
34	0.00700	0.00454	0.00583	0.00539	0.00661	0.00411	0.00408	0.00882	0.01156	0.08995	0.64500	0.05016	0.12362	0.00862	0.00490	0.00134	0.00216	0.00754	0.00458	0.00420
35	0.00960	0.04384	0.01522	0.34560	0.43858	0.01009	0.01191	0.03114	0.03001	0.01280	0.00794	0.01070	0.00636	0.00400	0.00412	0.00130	0.00516	0.00371	0.00209	0.00584
36	0.08803	0.01075	0.01466	0.07740	0.01525	0.09023	0.20369	0.14404	0.02357	0.05173	0.00877	0.01067	0.02398	0.00515	0.00659	0.00145	0.21204	0.00395	0.00263	0.00543
37	0.12591	0.00795	0.00949	0.00793	0.01034	0.02113	0.07323	0.07554	0.23637	0.09202	0.10865	0.01625	0.05351	0.00721	0.05622	0.00164	0.00403	0.00467	0.04039	0.04753
38	0.07382	0.26926	0.32259	0.00974	0.02989	0.03110	0.03486	0.02785	0.03615	0.05469	0.00824	0.00916	0.01814	0.00411	0.00369	0.00117	0.01851	0.00304	0.00223	0.04175
39	0.00820	0.00774	0.01308	0.75633	0.11275	0.00941	0.01180	0.01097	0.00853	0.01106	0.00752	0.01112	0.00571	0.00415	0.00420	0.00138	0.00554	0.00374	0.00189	0.00488
40	0.00997	0.00954	0.01627	0.17055	0.68470	0.00987	0.01268	0.01252	0.00937	0.01320	0.00783	0.01055	0.00647	0.00383	0.00417	0.00128	0.00510	0.00374	0.00204	0.00631
41	0.01663	0.00734	0.00957	0.00736	0.01062	0.00640	0.00602	0.01905	0.07054	0.64005	0.01518	0.01352	0.00992	0.00491	0.00405	0.00120	0.00349	0.00399	0.00470	0.14544
42	0.00872	0.00747	0.00872	0.00623	0.00996	0.00560	0.00498	0.01058	0.00872	0.01370	0.00747	0.00872	0.00623	0.00311	0.00311	0.00062	0.00311	0.00249	0.00249	0.87796
43	0.00843	0.02174	0.83048	0.01198	0.01819	0.00976	0.01553	0.01331	0.00888	0.01331	0.00754	0.00888	0.00533	0.00399	0.00399	0.00133	0.00621	0.00311	0.00178	0.00621
44	0.00497	0.00426	0.00426	0.00426	0.00568	0.00355	0.00319	0.00603	0.00958	0.01136	0.04259	0.04046	0.82433	0.01065	0.00497	0.00142	0.00213	0.00887	0.00390	0.00355
45	0.01570	0.02004	0.01191	0.01083	0.01300	0.83539	0.00812	0.01679	0.01191	0.01029	0.00650	0.00758	0.00541	0.00433	0.00379	0.00108	0.00758	0.00271	0.00217	0.00487
46	0.00799	0.00757	0.01293	0.82062	0.02877	0.00937	0.03255	0.01081	0.00845	0.01081	0.00750	0.01121	0.00562	0.00419	0.00422	0.00140	0.00564	0.00377	0.00187	0.00470
47	0.88196	0.00813	0.00618	0.00553	0.00813	0.00943	0.00455	0.01236	0.00715	0.01886	0.00585	0.00683	0.00455	0.00390	0.00260	0.00130	0.00325	0.00228	0.00260	0.00455
48	0.00601	0.00450	0.00676	0.00676	0.00751	0.00525	0.00525	0.00751	0.00676	0.00976	0.01126	0.01651	0.01051	0.03153	0.83560	0.00676	0.01126	0.00450	0.00225	0.00375
49	0.00604	0.00436	0.00604	0.00604	0.00654	0.00487	0.00436	0.00705	0.00654	0.00923	0.01192	0.02014	0.01209	0.30247	0.56682	0.00587	0.00889	0.00504	0.00235	0.00336
50	0.01886	0.00715	0.00976	0.00748	0.01073	0.00618	0.00618	0.02049	0.01203	0.82895	0.01658	0.01431	0.01041	0.00520	0.00423	0.00130	0.00358	0.00423	0.00520	0.00715
51	0.00794	0.00747	0.01261	0.84216	0.02895	0.00934	0.01167	0.01074	0.00841	0.01074	0.00747	0.01121	0.00560	0.00420	0.00420	0.00140	0.00560	0.00374	0.00187	0.00467
52	0.00696	0.00525	0.00658	0.00634	0.02523	0.00524	0.00467	0.01052	0.14358	0.02869	0.60706	0.02772	0.05336	0.00898	0.03976	0.00157	0.00269	0.00690	0.00440	0.00449
53	0.00981	0.01019	0.06620	0.14435	0.63463	0.00972	0.01270	0.01248	0.00936	0.01323	0.00825	0.01154	0.00695	0.00406	0.00421	0.00130	0.00512	0.02754	0.00208	0.00626
54	0.79169	0.00803	0.00655	0.00573	0.00840	0.00909	0.00472	0.01321	0.00766	0.10358	0.00698	0.00761	0.00516	0.00404	0.00277	0.00130	0.00329	0.00248	0.00287	0.00482
55	0.00564	0.00439	0.00516	0.00507	0.00628	0.00395	0.00389	0.00736	0.02271	0.01406	0.39709	0.03652	0.38934	0.00971	0.00502	0.00142	0.00222	0.07211	0.00424	0.00381
56	0.07777	0.05282	0.60651	0.03249	0.01647	0.00993	0.01310	0.06357	0.00947	0.05098	0.00790	0.00909	0.00566	0.00431	0.00411	0.01890	0.00562	0.00313	0.00215	0.00602
57	0.00715	0.00606	0.00733	0.05676	0.03814	0.04679	0.00600	0.00949	0.07151	0.01271	0.13533	0.16000	0.12888	0.02678	0.01811	0.00172	0.03474	0.22469	0.00363	0.00418
58	0.00613	0.00395	0.00460	0.00485	0.00513	0.00389	0.00305	0.00674	0.00727	0.01038	0.03242	0.24031	0.03086	0.44268	0.02715	0.00287	0.00333	0.00730	0.15402	0.00308
59	0.00538	0.00426	0.00485	0.00480	0.00599	0.00373	0.00360	0.00678	0.01035	0.01335	0.32392	0.07800	0.47977	0.01005	0.00501	0.00141	0.00214	0.02876	0.00416	0.00370
60	0.01010	0.29300	0.23672	0.06170	0.02847	0.04995	0.06264	0.04205	0.00898	0.01185	0.00720	0.03048	0.00614	0.00463	0.00512	0.00127	0.12891	0.00332	0.00199	0.00548
61	0.01055	0.01048	0.01840	0.06072	0.54354	0.03422	0.20629	0.02663	0.00988	0.02643	0.00816	0.01064	0.00657	0.00378	0.00435	0.00129	0.00558	0.00402	0.00217	0.00629
62	0.00618	0.00407	0.00456	0.00456	0.00460	0.00407	0.00256	0.00625	0.00621	0.00843	0.01326	0.02707	0.01512	0.82082	0.02071	0.00396	0.00400	0.00603	0.03494	0.00260
63	0.00518	0.00378	0.00479	0.00554	0.00594	0.00349	0.00372	0.00594	0.00821	0.01077	0.04124	0.66843	0.13589	0.06815	0.00636	0.00182	0.00250	0.01106	0.00383	0.00339
64	0.01047	0.01228	0.14222	0.03366	0.55761	0.03683	0.07915	0.05206	0.01005	0.01411	0.00796	0.01015	0.00640	0.00386	0.00419	0.00127	0.00543	0.00372	0.00214	0.00645
65	0.00834	0.00713	0.01132	0.19851	0.30751	0.00744	0.00907	0.01052	0.02532	0.04254	0.03142	0.20038	0.07293	0.00722	0.01455	0.00149	0.00424	0.03211	0.00284	0.00511
66	0.01327	0.00853	0.00956	0.00789	0.01049	0.00912	0.00633	0.25360	0.26334	0.19097	0.06376	0.01469	0.01202	0.00548	0.00412	0.00129	0.00352	0.00443	0.11118	0.00641
67	0.73174	0.05171	0.00789	0.00678	0.03903	0.05465	0.00530	0.03757	0.00796	0.01799	0.00610	0.00710	0.00480	0.00394	0.00278	0.00127	0.00366	0.00240	0.00257	0.00477
68	0.24230	0.10728	0.09832	0.00949	0.08318	0.01077	0.00776	0.15708	0.13121	0.03876	0.00905	0.00959	0.00689	0.00431	0.00351	0.00122	0.00412	0.00320	0.00297	0.06899
69	0.02510	0.03570	0.05721	0.01817	0.43690	0.24327	0.01071	0.02675	0.01956	0.06187	0.00815	0.00975	0.00654	0.00407	0.00397	0.00120	0.00559	0.00340	0.01602	0.00606
70	0.23026	0.00612	0.00619	0.03009	0.00782	0.00647	0.00442	0.07354	0.00965	0.12458	0.01165	0.01270	0.00873	0.00468	0.00316	0.00114	0.00281	0.00353	0.44769	0.00478
71	0.00992	0.01134	0.02481	0.01772	0.02197	0.01063	0.81077	0.01347	0.00992	0.01347	0.00850	0.01134	0.00638	0.00354	0.00496	0.00142	0.00709	0.00496	0.00213	0.00567
72	0.00499	0.00426	0.00429	0.00428	0.00569	0.00356	0.00321	0.00607	0.00963	0.01148	0.05986	0.04026	0.80699	0.01060	0.00497	0.00142	0.00213	0.00884	0.00392	0.00356
73	0.00514	0.00425	0.00451	0.00449	0.00580	0.00362	0.00335	0.00636	0.00993	0.01229	0.17759	0.06504	0.66236	0.01037	0.00498	0.00141	0.00211	0.00875	0.00403	0.00362
74	0.01573	0.01916	0.01199	0.01071	0.01300	0.74874	0.00811	0.10058	0.01274	0.01200	0.00688	0.00785	0.00560	0.00441	0.00383	0.00110	0.00727	0.00282	0.00238	0.00511
75	0.00530	0.00375	0.00481	0.00558	0.00581	0.00354	0.00364	0.00590	0.00774	0.01028	0.02189	0.68062	0.04634	0.16396	0.00824	0.00213	0.00273	0.01082	0.00366	0.00326
76	0.88196	0.00813	0.00618	0.00553	0.00813	0.00943	0.00455	0.01236	0.00715	0.01886	0.00585	0.00683	0.00455	0.00390	0.00260	0.00130	0.00325	0.00228	0.00260	0.00455
77	0.04249	0.00710	0.00838	0.00674	0.00927	0.00696	0.00547	0.17679	0.01242	0.38448	0.01402	0.01365	0.00968	0.00503	0.00376	0.00119	0.00327	0.00398	0.27927	0.00605
78	0.88196	0.00813	0.00618	0.00553	0.00813	0.00943	0.00455	0.01236	0.00715	0.01886	0.00585	0.00683	0.00455	0.00390	0.00260	0.00130	0.00325	0.00228	0.00260	0.00455
79	0.00611	0.00410	0.00472	0.00472	0.00477	0.00415	0.00272	0.00620	0.00615	0.00825	0.01312	0.02683	0.01499	0.80139	0.07187	0.00424	0.00452	0.00601	0.00253	0.00262
80	0.01124	0.85479	0.02203	0.00719	0.01079	0.01663	0.00719	0.01259	0.00854	0.00989	0.00584	0.00674	0.00539	0.00360	0.00270	0.00090	0.00450	0.00225	0.00180	0.00539
81	0.01046	0.00903	0.00951	0.00855	0.01093	0.01046	0.00665	0.02234	0.81845	0.01759	0.01711	0.01568	0.01283	0.00570	0.00428	0.00143	0.00333	0.00475	0.00428	0.00665
82	0.00535	0.00388	0.00507	0.00597	0.00630	0.00371	0.00402	0.00655	0.04214	0.01102	0.02291	0.81444	0.02717	0.01286	0.00532	0.00170	0.00248	0.01165	0.00392	0.00355
83	0.00602	0.00446	0.00651	0.00651	0.00717	0.00512	0.00495	0.00735	0.00668	0.00957	0.01149	0.01777	0.01106	0.12536	0.74251	0.00645	0.01044	0.00469	0.00229	0.00362
84	0.00720	0.00369	0.00540	0.00540	0.00540	0.00369	0.00356	0.00553	0.00553	0.00737	0.00780	0.01402	0.00797	0.08500	0.01685	0.80427	0.00369	0.00386	0.00189	0.00189
85	0.00834	0.00793	0.01356	0.70542	0.14125	0.00946	0.03272	0.01112	0.00861	0.01123	0.00756	0.01110	0.00577	0.00412	0.00422	0.00138	0.00556	0.00377	0.00190	0.00498
86	0.00516	0.00369	0.00493	0.00590	0.00617	0.00345	0.00398	0.00593	0.00809	0.01078	0.02315	0.82858	0.02771	0.01313	0.00538	0.00171	0.00248	0.03246	0.00390	0.00343
87	0.00958	0.00911	0.01540	0.22665	0.57791	0.00964	0.01220	0.01207	0.00919	0.01283	0.00837	0.02983	0.00719	0.00430	0.00443	0.00132	0.02221	0.01967	0.00210	0.00600
88	0.01114	0.55135	0.20838	0.00885	0.02172	0.04476	0.00929	0.07950	0.00969	0.01212	0.00664	0.00759	0.00554	0.00384	0.00318	0.00104	0.00502	0.00261	0.00201	0.00573
89	0.02717	0.02373	0.10366	0.00999	0.01341	0.04412	0.11727	0.15221	0.15934	0.24737	0.02203	0.02999	0.00967	0.00511	0.00429	0.00134	0.00462	0.01446	0.00379	0.00644
90	0.41833	0.02873	0.08194	0.05022	0.04272	0.11930	0.00716	0.02298	0.09489	0.04131	0.00787	0.00879	0.00605	0.00426	0.00353	0.00127	0.02224	0.00291	0.00265	0.03284
91	0.00864	0.00856	0.01092	0.01060	0.10334	0.10800	0.10049	0.01028	0.00929	0.01225	0.10204	0.03435	0.17739	0.02549	0.04097	0.00168	0.16307	0.00544	0.06262	0.00457
92	0.01178	0.00992	0.04663	0.02455	0.09288	0.06248	0.11330	0.17197	0.04246	0.11258	0.04215	0.03263	0.01038	0.00574	0.01844	0.00138	0.01790	0.05855	0.05009	0.07418
93	0.00640	0.00489	0.00584	0.00526	0.00665	0.00429	0.00383	0.01597	0.00987	0.01375	0.36561	0.06840	0.15290	0.14816	0.00736	0.00168	0.00261	0.00678	0.00373	0.16602
94	0.11669	0.04530	0.02818	0.01173	0.16057	0.04326	0.05600	0.14002	0.11673	0.15537	0.04468	0.02999	0.00966	0.00490	0.00402	0.00129	0.00428	0.00408	0.01711	0.00615
95	0.01464	0.01777	0.01242	0.04737	0.10746	0.66162	0.00873	0.04418	0.01172	0.01137	0.00695	0.00829	0.00572	0.00429	0.00385	0.00112	0.00700	0.00293	0.01742	0.00514
96	0.00607	0.00414	0.00495	0.00497	0.00510	0.00426	0.00303	0.00634	0.00626	0.00847	0.01313	0.04382	0.01477	0.69748	0.15623	0.00447	0.00523	0.00597	0.00253	0.00277
97	0.00569	0.00457	0.00511	0.00492	0.00624	0.00414	0.00371	0.00778	0.06030	0.01388	0.34497	0.03541	0.46906	0.00954	0.00492	0.00138	0.00215	0.00812	0.00421	0.00390
98	0.00866	0.08823	0.76596	0.01160	0.01760	0.01031	0.01487	0.01326	0.00885	0.01304	0.00741	0.00871	0.00533	0.00396	0.00389	0.00130	0.00608	0.00304	0.00178	0.00615
99	0.00529	0.00390	0.00492	0.00559	0.00614	0.00359	0.00390	0.00622	0.00863	0.01129	0.08254	0.56399	0.17419	0.04343	0.00589	0.00173	0.00250	0.05889	0.00390	0.00347
100	0.01124	0.85479	0.02203	0.00719	0.01079	0.01663	0.00719	0.01259	0.00854	0.00989	0.00584	0.00674	0.00539	0.00360	0.00270	0.00090	0.00450	0.00225	0.00180	0.00539
101	0.00611	0.00408	0.00458	0.00458	0.00458	0.00408	0.00255	0.00611	0.00611	0.00815	0.01325	0.02751	0.01528	0.85226	0.02140	0.00408	0.00408	0.00611	0.00255	0.00255
102	0.00906	0.00762	0.00933	0.00725	0.04449	0.00588	0.01689	0.01098	0.00886	0.03456	0.00774	0.00897	0.00635	0.00320	0.00321	0.00068	0.00326	0.00262	0.00254	0.80652
103	0.01369	0.01031	0.01046	0.00867	0.01142	0.08261	0.00696	0.32180	0.24614	0.13351	0.01556	0.01535	0.07419	0.00579	0.00429	0.00133	0.00415	0.02317	0.00416	0.00645
104	0.00582	0.00429	0.00545	0.00526	0.00628	0.00392	0.00396	0.00763	0.01137	0.01575	0.66141	0.06027	0.14537	0.00914	0.00500	0.00137	0.00209	0.03724	0.00448	0.00389
105	0.01038	0.00895	0.00944	0.00850	0.01086	0.01035	0.00661	0.02211	0.80548	0.01757	0.03008	0.01594	0.01326	0.00575	0.00429	0.00142	0.00331	0.00480	0.00428	0.00661
106	0.01793	0.00864	0.01068	0.00819	0.01147	0.00839	0.00676	0.27561	0.01452	0.57031	0.01449	0.01295	0.00936	0.00515	0.00422	0.00129	0.00392	0.00408	0.00488	0.00715
107	0.00892	0.00845	0.01422	0.51774	0.32873	0.00961	0.01203	0.01179	0.02538	0.01201	0.00783	0.01100	0.00615	0.00406	0.00419	0.00134	0.00533	0.00376	0.00200	0.00546
108	0.01040	0.00999	0.01706	0.02580	0.82604	0.00999	0.01290	0.01290	0.00957	0.01373	0.00791	0.01040	0.00666	0.00375	0.00416	0.00125	0.00499	0.00375	0.00208	0.00666
109	0.00882	0.00503	0.00530	0.00488	0.00613	0.00526	0.00378	0.09710	0.01000	0.02898	0.01425	0.01583	0.04372	0.00525	0.00358	0.00107	0.03355	0.00410	0.69904	0.00433
110	0.00668	0.00530	0.00761	0.00729	0.00780	0.00647	0.00567	0.00779	0.00665	0.00962	0.01050	0.01689	0.01028	0.11188	0.54489	0.04135	0.16420	0.02321	0.00223	0.00371
111	0.00917	0.00682	0.00927	0.00812	0.00957	0.00745	0.05846	0.05671	0.09002	0.11267	0.03223	0.16840	0.12622	0.04032	0.06205	0.00199	0.16023	0.03202	0.00347	0.00481
112	0.00497	0.00426	0.00426	0.00426	0.00568	0.00355	0.00319	0.00603	0.00958	0.01136	0.04259	0.04046	0.82433	0.01065	0.00497	0.00142	0.00213	0.00887	0.00390	0.00355
113	0.01018	0.00971	0.01655	0.03889	0.77804	0.00978	0.01256	0.01264	0.00943	0.01352	0.00804	0.01068	0.00680	0.00492	0.03914	0.00148	0.00527	0.00378	0.00208	0.00650
114	0.00886	0.00843	0.01419	0.51909	0.30950	0.00972	0.01200	0.01148	0.00873	0.01177	0.00754	0.01084	0.00597	0.00417	0.00459	0.00137	0.04068	0.00374	0.00194	0.00537
115	0.01355	0.01544	0.01249	0.01136	0.04598	0.46655	0.01670	0.10474	0.01114	0.01224	0.00681	0.00862	0.00580	0.00570	0.02224	0.00142	0.22860	0.00319	0.00231	0.00512
116	0.01033	0.00988	0.01672	0.02500	0.79240	0.00981	0.01257	0.01281	0.00954	0.01373	0.00789	0.01033	0.00664	0.00372	0.00412	0.00122	0.00492	0.00369	0.00210	0.04258
117	0.00921	0.00835	0.01472	0.01127	0.01406	0.02707	0.35056	0.01192	0.03133	0.07766	0.16788	0.07031	0.05947	0.00608	0.00496	0.00137	0.02138	0.03914	0.00320	0.07006
118	0.00512	0.00366	0.00488	0.00585	0.00610	0.00341	0.00390	0.00585	0.00805	0.01073	0.02317	0.84952	0.02780	0.01317	0.00537	0.00171	0.00244	0.01195	0.00390	0.00341
119	0.00645	0.00471	0.00625	0.00689	0.04140	0.00440	0.02228	0.03698	0.00914	0.04543	0.02557	0.52789	0.19527	0.01133	0.00515	0.00159	0.00276	0.03871	0.00385	0.00394
120	0.01130	0.40493	0.21417	0.00995	0.01410	0.06844	0.10713	0.02279	0.02851	0.07133	0.00772	0.00867	0.00606	0.00392	0.00352	0.00112	0.00534	0.00304	0.00219	0.00577
121	0.06273	0.00857	0.03421	0.18831	0.36909	0.00892	0.01051	0.01186	0.04613	0.01317	0.01074	0.05117	0.00995	0.00562	0.00472	0.00143	0.03585	0.11904	0.00249	0.00549
122	0.00506	0.00405	0.00452	0.00485	0.00585	0.00352	0.00347	0.00604	0.00913	0.01133	0.06314	0.32238	0.51902	0.01146	0.00511	0.00152	0.00223	0.00990	0.00393	0.00352
123	0.06526	0.01161	0.01239	0.01044	0.01194	0.20573	0.07080	0.09087	0.00962	0.03527	0.00737	0.00970	0.00626	0.00702	0.05148	0.00175	0.34803	0.00354	0.03594	0.00499
124	0.04724	0.10914	0.12374	0.00866	0.02988	0.09129	0.00758	0.01537	0.23261	0.08271	0.07926	0.04913	0.01265	0.03702	0.00469	0.00140	0.00423	0.03224	0.00328	0.02792

[dist]
# distance from previous block
# <min> <max>
0	5

[block]
# block no. 1 follows, 63 sequences, length 33
# corresponding to MSA columns:
# 247-250,255-267,275-290
name=unknown_B
#
# <colnr> <probs for GDERKNQSTAVLIFYWHMCP>
#	G	D	E	R	K	N	Q	S	T	A	V	L	I	F	Y	W	H	M	C	P
0	0.00918	0.09337	0.66568	0.01239	0.06914	0.05299	0.01426	0.01340	0.00905	0.01289	0.00737	0.00872	0.00542	0.00396	0.00388	0.00128	0.00606	0.00305	0.00182	0.00610
1	0.00694	0.07845	0.00690	0.00528	0.00677	0.00508	0.00415	0.00856	0.01091	0.06671	0.46217	0.03093	0.27453	0.00857	0.00472	0.00131	0.00235	0.00731	0.00420	0.00417
2	0.00817	0.00739	0.01191	0.40671	0.22979	0.00822	0.01004	0.01994	0.00906	0.01205	0.05669	0.01762	0.06285	0.05973	0.00550	0.00157	0.00479	0.06067	0.00242	0.00491
3	0.00711	0.00516	0.00588	0.00570	0.00658	0.00514	0.00395	0.12796	0.00964	0.01268	0.06259	0.26341	0.16051	0.29235	0.01047	0.00236	0.00324	0.00800	0.00353	0.00374
4	0.06879	0.04205	0.01160	0.11672	0.01380	0.02466	0.00772	0.46644	0.05693	0.02105	0.08100	0.01264	0.02745	0.00532	0.00435	0.00130	0.02432	0.00410	0.00365	0.00612
5	0.03184	0.01053	0.09679	0.00923	0.04290	0.00948	0.00778	0.23113	0.19254	0.16699	0.01198	0.01170	0.00859	0.00473	0.00399	0.00121	0.00405	0.00377	0.00376	0.14703
6	0.14413	0.00878	0.00898	0.00782	0.01041	0.00978	0.00616	0.06000	0.55049	0.01771	0.01443	0.01372	0.02493	0.00520	0.00390	0.00131	0.00334	0.00415	0.00382	0.10095
7	0.01146	0.64995	0.11839	0.00823	0.01196	0.11805	0.00832	0.01320	0.00900	0.01035	0.00613	0.00711	0.00539	0.00374	0.00299	0.00097	0.00509	0.00241	0.00184	0.00543
8	0.00520	0.00375	0.00492	0.00583	0.00616	0.00350	0.00397	0.00599	0.00817	0.01080	0.02397	0.75789	0.06890	0.02741	0.00564	0.00174	0.00251	0.04634	0.00388	0.00343
9	0.00892	0.00879	0.01234	0.01066	0.01073	0.01221	0.00885	0.00989	0.00647	0.01009	0.00602	0.00983	0.00595	0.00946	0.08528	0.00227	0.77208	0.00375	0.00188	0.00453
10	0.13392	0.00869	0.01002	0.00790	0.01102	0.00883	0.00649	0.23188	0.08360	0.43370	0.01344	0.01229	0.00895	0.00503	0.00401	0.00130	0.00379	0.00389	0.00450	0.00676
11	0.24264	0.18170	0.01174	0.00771	0.04108	0.00991	0.00628	0.07312	0.03512	0.28109	0.01019	0.01002	0.00727	0.00434	0.00341	0.00117	0.00377	0.00316	0.00343	0.06286
12	0.18356	0.15780	0.01252	0.00913	0.02217	0.42103	0.00722	0.08365	0.02287	0.01353	0.00677	0.00769	0.00554	0.00417	0.00340	0.00111	0.00575	0.00268	0.00240	0.02702
13	0.00601	0.00449	0.00666	0.00666	0.00738	0.00520	0.00514	0.00745	0.00673	0.00969	0.01135	0.01700	0.01072	0.06763	0.79978	0.00664	0.01094	0.00457	0.00226	0.00370
14	0.00893	0.00875	0.01215	0.01048	0.01048	0.01211	0.00862	0.00977	0.00641	0.00995	0.00619	0.01079	0.00637	0.08086	0.01446	0.00203	0.77145	0.00389	0.00190	0.00442
15	0.00543	0.00381	0.00469	0.00535	0.00590	0.00351	0.00368	0.00640	0.00854	0.01161	0.05491	0.58861	0.16306	0.01166	0.00501	0.00156	0.00232	0.01038	0.10007	0.00351
16	0.00584	0.00435	0.00552	0.00572	0.00671	0.00402	0.00446	0.00748	0.01045	0.01399	0.37806	0.12873	0.20120	0.01026	0.00521	0.00153	0.00251	0.19596	0.00421	0.00379
17	0.84383	0.00829	0.00646	0.00571	0.00835	0.00959	0.00470	0.04756	0.00771	0.01920	0.00604	0.00697	0.00467	0.00395	0.00267	0.00130	0.00331	0.00234	0.00267	0.00467
18	0.02596	0.00573	0.00698	0.00609	0.00796	0.00550	0.00478	0.01361	0.11450	0.24733	0.29904	0.02238	0.06683	0.00676	0.00432	0.00129	0.00266	0.01482	0.13826	0.00520
19	0.01124	0.85479	0.02203	0.00719	0.01079	0.01663	0.00719	0.01259	0.00854	0.00989	0.00584	0.00674	0.00539	0.00360	0.00270	0.00090	0.00450	0.00225	0.00180	0.00539
20	0.00512	0.00368	0.00486	0.00580	0.00608	0.00342	0.00388	0.00586	0.00810	0.01075	0.02385	0.82096	0.05592	0.01308	0.00535	0.00170	0.00243	0.01184	0.00390	0.00342
21	0.05305	0.00751	0.01228	0.79898	0.02788	0.00934	0.01131	0.01082	0.00834	0.01116	0.00739	0.01098	0.00555	0.00419	0.00412	0.00140	0.00548	0.00366	0.00191	0.00466
22	0.01177	0.13278	0.01347	0.01047	0.05354	0.27996	0.05921	0.04341	0.00978	0.01202	0.00763	0.00955	0.00645	0.00494	0.00586	0.00125	0.19359	0.00328	0.13609	0.00497
23	0.00549	0.00435	0.00537	0.05903	0.00760	0.00413	0.00425	0.00695	0.03724	0.01163	0.08562	0.42239	0.30836	0.01112	0.00508	0.00155	0.00253	0.00977	0.00384	0.00370
24	0.08447	0.14846	0.03330	0.00943	0.04275	0.10609	0.02669	0.25520	0.06469	0.09310	0.00929	0.00978	0.00701	0.00499	0.01868	0.00128	0.02327	0.00334	0.00317	0.05501
25	0.00956	0.12481	0.58445	0.01156	0.01693	0.01104	0.06920	0.08265	0.00980	0.01397	0.00758	0.00889	0.00557	0.00407	0.00412	0.00129	0.02318	0.00320	0.00202	0.00612
26	0.00557	0.00404	0.00513	0.00533	0.00601	0.00373	0.00375	0.00684	0.00978	0.01335	0.38715	0.32969	0.11019	0.08199	0.00650	0.00171	0.00234	0.00918	0.00412	0.00360
27	0.01114	0.11731	0.18432	0.10948	0.08773	0.04271	0.03135	0.12794	0.05217	0.09285	0.08514	0.01247	0.01768	0.00479	0.00406	0.00126	0.00484	0.00393	0.00293	0.00591
28	0.01286	0.02371	0.04062	0.13792	0.04667	0.32883	0.01840	0.06295	0.08037	0.10468	0.04441	0.04332	0.00932	0.00514	0.00422	0.00126	0.01393	0.01303	0.00293	0.00541
29	0.01246	0.01084	0.01748	0.02524	0.75545	0.01057	0.01297	0.01445	0.01071	0.06751	0.01001	0.01276	0.00836	0.00488	0.00483	0.00154	0.00541	0.00428	0.00282	0.00745
30	0.00544	0.00389	0.00511	0.00597	0.00630	0.00369	0.00405	0.02509	0.00833	0.01111	0.02264	0.79185	0.02697	0.02934	0.00566	0.00175	0.00256	0.03285	0.00388	0.00350
31	0.02623	0.01102	0.11673	0.08461	0.08825	0.02714	0.17550	0.05486	0.19121	0.09037	0.02526	0.01338	0.00912	0.00490	0.00474	0.00140	0.03664	0.02961	0.00302	0.00601
32	0.03144	0.03231	0.12947	0.03643	0.01856	0.01048	0.44634	0.13249	0.01131	0.08015	0.02362	0.01120	0.00718	0.00408	0.00453	0.00136	0.00604	0.00436	0.00267	0.00599

[dist]
# distance from previous block
# <min> <max>
1	9

[block]
# block no. 2 follows, 63 sequences, length 66
# corresponding to MSA columns:
# 300-325,327-347,351-363,365-370
name=unknown_C
#
# <colnr> <probs for GDERKNQSTAVLIFYWHMCP>
#	G	D	E	R	K	N	Q	S	T	A	V	L	I	F	Y	W	H	M	C	P
0	0.07253	0.27942	0.03420	0.02606	0.06857	0.31996	0.00794	0.05190	0.02929	0.04079	0.00759	0.03005	0.00645	0.00435	0.00349	0.00110	0.00555	0.00303	0.00236	0.00536
1	0.02521	0.00497	0.00612	0.02076	0.00671	0.00507	0.00391	0.00841	0.02365	0.07661	0.01230	0.02168	0.01264	0.50585	0.14264	0.03160	0.02697	0.00520	0.00270	0.05700
2	0.07234	0.14940	0.04944	0.00968	0.02099	0.22470	0.03109	0.23772	0.07022	0.03267	0.00872	0.00988	0.00689	0.00472	0.00417	0.00122	0.03790	0.01951	0.00292	0.00581
3	0.00990	0.00554	0.00738	0.02095	0.02294	0.00537	0.00535	0.03955	0.04180	0.23929	0.05346	0.39943	0.02900	0.01036	0.03712	0.00174	0.02156	0.04025	0.00414	0.00487
4	0.00872	0.00747	0.00872	0.00623	0.00996	0.00560	0.00498	0.01058	0.00872	0.01370	0.00747	0.00872	0.00623	0.00311	0.00311	0.00062	0.00311	0.00249	0.00249	0.87796
5	0.01086	0.00894	0.00952	0.00850	0.01092	0.01025	0.00663	0.02225	0.77989	0.05638	0.01708	0.01562	0.01272	0.00568	0.00428	0.00142	0.00334	0.00473	0.00432	0.00668
6	0.00533	0.00390	0.00502	0.00583	0.00632	0.00363	0.00412	0.00624	0.00842	0.01098	0.02558	0.61243	0.14109	0.03440	0.00578	0.00176	0.00262	0.10921	0.00386	0.00347
7	0.00596	0.00405	0.00469	0.00478	0.00492	0.00398	0.00283	0.00622	0.00687	0.00920	0.07676	0.12437	0.03960	0.66808	0.01784	0.00352	0.00367	0.00698	0.00290	0.00278
8	0.00508	0.00381	0.00472	0.00545	0.00599	0.00345	0.00372	0.00590	0.00844	0.01089	0.02810	0.64423	0.22992	0.01253	0.00526	0.00163	0.00236	0.01117	0.00390	0.00345
9	0.01796	0.00792	0.01015	0.00785	0.01107	0.00740	0.00646	0.13320	0.05983	0.66781	0.01569	0.01379	0.01008	0.00521	0.00423	0.00130	0.00371	0.00419	0.00501	0.00712
10	0.00843	0.02174	0.83048	0.01198	0.01819	0.00976	0.01553	0.01331	0.00888	0.01331	0.00754	0.00888	0.00533	0.00399	0.00399	0.00133	0.00621	0.00311	0.00178	0.00621
11	0.00784	0.00392	0.00392	0.00392	0.00490	0.00392	0.00294	0.00980	0.00882	0.01567	0.01371	0.01567	0.01077	0.00490	0.00294	0.00098	0.00196	0.00392	0.87560	0.00392
12	0.00595	0.00430	0.00562	0.00529	0.00628	0.00397	0.00397	0.00793	0.01190	0.01686	0.82382	0.03140	0.03966	0.00859	0.00496	0.00132	0.00198	0.00760	0.00463	0.00397
13	0.00512	0.00366	0.00488	0.00585	0.00610	0.00341	0.00390	0.00585	0.00805	0.01073	0.02317	0.84952	0.02780	0.01317	0.00537	0.00171	0.00244	0.01195	0.00390	0.00341
14	0.00595	0.00430	0.00562	0.00529	0.00628	0.00397	0.00397	0.00793	0.01190	0.01686	0.82382	0.03140	0.03966	0.00859	0.00496	0.00132	0.00198	0.00760	0.00463	0.00397
15	0.00601	0.00450	0.00676	0.00676	0.00751	0.00525	0.00525	0.00751	0.00676	0.00976	0.01126	0.01651	0.01051	0.03153	0.83560	0.00676	0.01126	0.00450	0.00225	0.00375
16	0.00536	0.00421	0.00488	0.00510	0.00618	0.00373	0.00384	0.00661	0.00971	0.01233	0.17311	0.19117	0.45386	0.01086	0.00513	0.00151	0.00235	0.09240	0.00403	0.00363
17	0.00929	0.28262	0.42168	0.14470	0.03864	0.01187	0.01220	0.01266	0.00871	0.01183	0.00700	0.00862	0.00543	0.00390	0.00362	0.00120	0.00554	0.00295	0.00181	0.00572
18	0.01270	0.00984	0.00996	0.00827	0.02195	0.12050	0.00646	0.19288	0.09171	0.14116	0.02637	0.04156	0.00950	0.00616	0.04093	0.00137	0.00448	0.01299	0.02421	0.21701
19	0.02050	0.22026	0.14997	0.02071	0.01396	0.09995	0.09714	0.13013	0.05094	0.06265	0.00843	0.00933	0.00647	0.00422	0.00400	0.00116	0.02701	0.00328	0.00260	0.06729
20	0.03258	0.00908	0.00966	0.00806	0.02237	0.11068	0.01518	0.15673	0.01228	0.34423	0.01310	0.04985	0.00970	0.02277	0.00455	0.00129	0.02241	0.00420	0.12256	0.02873
21	0.03413	0.00643	0.00760	0.00647	0.00855	0.00638	0.00512	0.08040	0.12555	0.24875	0.22605	0.01950	0.04478	0.00623	0.00418	0.00127	0.00288	0.00519	0.15502	0.00551
22	0.03049	0.11569	0.04731	0.07838	0.06811	0.14707	0.06529	0.26623	0.01267	0.02508	0.00868	0.04620	0.00715	0.00493	0.00462	0.00127	0.05842	0.00379	0.00282	0.00581
23	0.01318	0.01113	0.03434	0.15245	0.02835	0.21711	0.04906	0.06979	0.03794	0.21576	0.06002	0.03220	0.01030	0.00522	0.00423	0.00129	0.00513	0.02569	0.02120	0.00559
24	0.00522	0.00373	0.00498	0.00592	0.00622	0.00349	0.00403	0.00604	0.00823	0.01099	0.04559	0.79087	0.02798	0.01297	0.00537	0.00171	0.00249	0.04679	0.00392	0.00345
25	0.00514	0.00370	0.00489	0.00582	0.00612	0.00344	0.00392	0.00591	0.00813	0.01079	0.02390	0.80493	0.05849	0.01305	0.00536	0.00170	0.00245	0.02491	0.00390	0.00343
26	0.01163	0.02763	0.03136	0.13346	0.31642	0.01098	0.05452	0.23548	0.07344	0.02701	0.00918	0.01079	0.00706	0.00443	0.00446	0.00131	0.02779	0.00386	0.00283	0.00637
27	0.00744	0.00467	0.00677	0.00651	0.00659	0.00532	0.00472	0.00651	0.00589	0.00815	0.00805	0.01422	0.00814	0.05034	0.07924	0.60403	0.13987	0.02907	0.00196	0.00252
28	0.00514	0.00396	0.00458	0.00504	0.00578	0.00353	0.00347	0.00596	0.00854	0.01077	0.03077	0.42026	0.37560	0.08845	0.00665	0.00180	0.00245	0.01007	0.00378	0.00339
29	0.03934	0.00870	0.01079	0.00831	0.01153	0.00857	0.02407	0.27489	0.02605	0.49679	0.03730	0.01321	0.01000	0.00519	0.00422	0.00129	0.00393	0.00416	0.00472	0.00695
30	0.12234	0.02138	0.05837	0.01087	0.09104	0.01982	0.07136	0.28668	0.09160	0.13710	0.04054	0.01161	0.00879	0.00479	0.00406	0.00130	0.00443	0.00391	0.00361	0.00639
31	0.01222	0.01116	0.02958	0.03362	0.39270	0.12373	0.07180	0.04412	0.09452	0.11735	0.01010	0.02313	0.00786	0.00439	0.00421	0.00128	0.00514	0.00397	0.00281	0.00632
32	0.00608	0.00406	0.00459	0.00463	0.00463	0.00405	0.00259	0.00610	0.00617	0.00823	0.01356	0.05364	0.01568	0.82559	0.02089	0.00400	0.00402	0.00630	0.00259	0.00257
33	0.01024	0.02210	0.04371	0.03732	0.07595	0.05025	0.07185	0.12409	0.03455	0.02608	0.01052	0.02966	0.05200	0.00445	0.00406	0.00104	0.02482	0.00372	0.00278	0.37081
34	0.01317	0.06220	0.01254	0.17057	0.03016	0.20937	0.00852	0.28526	0.06392	0.03957	0.00941	0.03944	0.00746	0.00499	0.00429	0.00126	0.02525	0.00378	0.00305	0.00579
35	0.06095	0.00757	0.00880	0.00703	0.00968	0.00752	0.00572	0.22494	0.01305	0.34007	0.05351	0.01453	0.03280	0.00531	0.00392	0.00122	0.00339	0.00421	0.17683	0.01896
36	0.00720	0.00444	0.00565	0.00570	0.00671	0.00408	0.00418	0.00841	0.00947	0.11237	0.17742	0.30894	0.15368	0.06842	0.03254	0.00186	0.00291	0.05729	0.02472	0.00399
37	0.00590	0.00403	0.00466	0.00482	0.00494	0.00397	0.00285	0.00610	0.00660	0.00875	0.01621	0.16046	0.05596	0.65972	0.03481	0.00362	0.00387	0.00715	0.00282	0.00276
38	0.00552	0.00419	0.00509	0.00505	0.00607	0.00376	0.00372	0.00704	0.01062	0.01426	0.46468	0.15131	0.28361	0.00989	0.00502	0.00141	0.00209	0.00862	0.00430	0.00376
39	0.01339	0.01536	0.01030	0.00931	0.01128	0.55290	0.00703	0.07456	0.04056	0.01305	0.12447	0.03159	0.01156	0.00528	0.00399	0.00115	0.00593	0.00385	0.05956	0.00488
40	0.00601	0.00450	0.00676	0.00676	0.00751	0.00525	0.00525	0.00751	0.00676	0.00976	0.01126	0.01651	0.01051	0.03153	0.83560	0.00676	0.01126	0.00450	0.00225	0.00375
41	0.00856	0.05881	0.79451	0.01177	0.01786	0.01007	0.01516	0.01328	0.00886	0.01316	0.00747	0.00878	0.00533	0.00398	0.00394	0.00131	0.00614	0.00307	0.00178	0.00618
42	0.00938	0.01015	0.02127	0.01565	0.01936	0.00950	0.64915	0.01259	0.00983	0.01334	0.01061	0.01687	0.00916	0.00479	0.00501	0.00146	0.00641	0.12886	0.00242	0.04420
43	0.00639	0.00416	0.00487	0.00472	0.00575	0.00388	0.00353	0.00821	0.01051	0.01558	0.43998	0.04446	0.14080	0.00780	0.00433	0.00123	0.00201	0.00670	0.28120	0.00388
44	0.01578	0.01946	0.01189	0.01072	0.01295	0.78837	0.00808	0.04482	0.01219	0.02874	0.00684	0.00782	0.00558	0.00438	0.00381	0.00109	0.00739	0.00278	0.00230	0.00500
45	0.00626	0.00454	0.00614	0.00701	0.00788	0.00442	0.00583	0.00786	0.00933	0.01208	0.02442	0.21178	0.10277	0.01184	0.00563	0.00184	0.00341	0.55932	0.00388	0.00375
46	0.17245	0.07279	0.03173	0.07736	0.11392	0.32119	0.02630	0.06836	0.01056	0.03305	0.00735	0.00870	0.00583	0.00418	0.00362	0.00118	0.00559	0.00301	0.02754	0.00529
47	0.01134	0.83602	0.02180	0.00727	0.01084	0.03505	0.00721	0.01268	0.00862	0.00990	0.00586	0.00676	0.00540	0.00361	0.00272	0.00090	0.00456	0.00226	0.00181	0.00538
48	0.00976	0.00926	0.01399	0.28538	0.38488	0.03231	0.01114	0.01418	0.16988	0.01344	0.00956	0.01164	0.00751	0.00430	0.00419	0.00133	0.00493	0.00391	0.00245	0.00597
49	0.00611	0.00408	0.00458	0.00458	0.00458	0.00408	0.00255	0.00611	0.00611	0.00815	0.01325	0.02751	0.01528	0.85226	0.02140	0.00408	0.00408	0.00611	0.00255	0.00255
50	0.83782	0.00817	0.00642	0.00567	0.00831	0.00940	0.00467	0.02803	0.00755	0.04476	0.00628	0.00713	0.00479	0.00397	0.00268	0.00130	0.00329	0.00237	0.00272	0.00469
51	0.00961	0.17234	0.39907	0.05005	0.01761	0.02627	0.18644	0.02977	0.02844	0.01284	0.00765	0.00929	0.00580	0.00397	0.00419	0.00128	0.02412	0.00344	0.00198	0.00584
52	0.00581	0.00429	0.00543	0.00515	0.00620	0.00391	0.00386	0.00767	0.01158	0.01610	0.71573	0.03265	0.14824	0.00888	0.00496	0.00134	0.00200	0.00778	0.00453	0.00391
53	0.00677	0.00484	0.00677	0.00774	0.00871	0.00484	0.00677	0.00871	0.00968	0.01258	0.02226	0.04742	0.02419	0.01161	0.00581	0.00194	0.00387	0.79775	0.00387	0.00387
54	0.00607	0.00431	0.00602	0.00681	0.02987	0.00404	0.02106	0.00716	0.00874	0.04022	0.07020	0.60819	0.06191	0.01188	0.00529	0.00166	0.00276	0.09612	0.00390	0.00377
55	0.10789	0.05382	0.10950	0.18345	0.05698	0.11088	0.04094	0.23906	0.03030	0.01671	0.00812	0.00954	0.00610	0.00435	0.00391	0.00127	0.00530	0.00339	0.00271	0.00578
56	0.01570	0.02004	0.01191	0.01083	0.01300	0.83539	0.00812	0.01679	0.01191	0.01029	0.00650	0.00758	0.00541	0.00433	0.00379	0.00108	0.00758	0.00271	0.00217	0.00487
57	0.00519	0.00371	0.00495	0.00593	0.00620	0.00347	0.00402	0.00597	0.00811	0.01080	0.02313	0.81768	0.02766	0.01311	0.00538	0.00172	0.00250	0.04314	0.00390	0.00343
58	0.00910	0.00815	0.01284	0.69368	0.06741	0.00985	0.01126	0.11384	0.00992	0.01292	0.00783	0.01102	0.00586	0.00429	0.00420	0.00138	0.00545	0.00374	0.00218	0.00509
59	0.06697	0.00878	0.02973	0.02636	0.01165	0.03050	0.02537	0.16642	0.04780	0.47609	0.01401	0.03616	0.00960	0.00522	0.00413	0.00130	0.00397	0.00420	0.02511	0.00662
60	0.00803	0.00764	0.01315	0.80547	0.02864	0.00940	0.04723	0.01086	0.00847	0.01086	0.00752	0.01121	0.00564	0.00417	0.00424	0.00140	0.00567	0.00379	0.00188	0.00471
61	0.84498	0.00816	0.00667	0.00585	0.00847	0.00939	0.02715	0.01235	0.00726	0.01866	0.00604	0.00708	0.00469	0.00391	0.00267	0.00130	0.00334	0.00238	0.01508	0.00457
62	0.00771	0.00393	0.00400	0.00401	0.00497	0.00391	0.00300	0.00964	0.00891	0.01560	0.04241	0.03594	0.01219	0.00522	0.00307	0.00101	0.00197	0.00424	0.82437	0.00391
63	0.01136	0.02792	0.03180	0.00796	0.01033	0.12221	0.00639	0.14581	0.02878	0.11563	0.03278	0.19874	0.01283	0.00668	0.00464	0.00126	0.04144	0.01997	0.00344	0.17005
64	0.00580	0.02394	0.00551	0.00596	0.00642	0.00386	0.00411	0.00663	0.00832	0.03966	0.04214	0.76603	0.02689	0.01252	0.00526	0.00167	0.00254	0.02521	0.00392	0.00361
65	0.01761	0.00771	0.00999	0.00762	0.01093	0.00691	0.00628	0.11043	0.01262	0.66320	0.01502	0.01332	0.00965	0.00500	0.00412	0.00123	0.00366	0.00402	0.00484	0.08583

[dist]
# distance from previous block
# <min> <max>
0	1

[block]
# block no. 3 follows, 63 sequences, length 12
# corresponding to MSA columns:
# 372-383
name=unknown_D
#
# <colnr> <probs for GDERKNQSTAVLIFYWHMCP>
#	G	D	E	R	K	N	Q	S	T	A	V	L	I	F	Y	W	H	M	C	P
0	0.83273	0.00834	0.00654	0.00576	0.00841	0.00964	0.00475	0.05782	0.00787	0.01929	0.00609	0.00701	0.00470	0.00397	0.00269	0.00130	0.00333	0.00236	0.00269	0.00470
1	0.00806	0.05829	0.05885	0.07177	0.00955	0.00593	0.00573	0.00975	0.01024	0.10485	0.35942	0.02442	0.15146	0.00803	0.00573	0.06785	0.02585	0.00611	0.00372	0.00439
2	0.06110	0.12653	0.30359	0.11692	0.03072	0.02350	0.01060	0.12072	0.03155	0.08432	0.00856	0.00958	0.00627	0.00421	0.00378	0.00123	0.00508	0.00323	0.00257	0.04593
3	0.07904	0.12193	0.02421	0.00824	0.01045	0.00998	0.00698	0.10679	0.01017	0.26468	0.01093	0.05545	0.00876	0.02972	0.04101	0.00169	0.19688	0.00409	0.00335	0.00566
4	0.00937	0.00467	0.00523	0.00482	0.00604	0.00477	0.00375	0.01122	0.00909	0.12204	0.01359	0.01510	0.01040	0.00509	0.00377	0.00107	0.05395	0.00394	0.70770	0.00438
5	0.12014	0.00901	0.11848	0.18074	0.12239	0.00786	0.07418	0.01067	0.02244	0.01338	0.07922	0.17174	0.04004	0.00632	0.00434	0.00141	0.00437	0.00563	0.00272	0.00490
6	0.08272	0.02791	0.07760	0.00920	0.01256	0.13012	0.00794	0.41502	0.03885	0.07810	0.00943	0.00968	0.00685	0.00463	0.00390	0.00120	0.00484	0.00339	0.00349	0.07259
7	0.00669	0.00535	0.00686	0.00694	0.04639	0.00453	0.00472	0.00792	0.00837	0.01196	0.01670	0.50188	0.01890	0.00904	0.00448	0.00129	0.00281	0.00810	0.00330	0.32377
8	0.04379	0.18952	0.28834	0.00935	0.01365	0.03546	0.03555	0.03598	0.01020	0.28379	0.01019	0.01023	0.00708	0.00433	0.00378	0.00122	0.00490	0.00334	0.00303	0.00626
9	0.05361	0.12690	0.01128	0.03054	0.01115	0.01024	0.00668	0.10185	0.34949	0.16559	0.05655	0.01471	0.01187	0.00543	0.00403	0.00131	0.00367	0.02487	0.00396	0.00625
10	0.07842	0.01091	0.02218	0.01607	0.02005	0.01052	0.68645	0.01405	0.07107	0.01420	0.00895	0.01132	0.00672	0.00374	0.00472	0.00141	0.00650	0.00473	0.00233	0.00566
11	0.01227	0.00911	0.07243	0.08662	0.11234	0.02309	0.13498	0.01496	0.03648	0.29817	0.06043	0.01649	0.06480	0.00537	0.00446	0.00136	0.00457	0.03256	0.00354	0.00597

[dist]
# distance from previous block
# <min> <max>
0	1

[block]
# block no. 4 follows, 63 sequences, length 67
# corresponding to MSA columns:
# 385-451
name=unknown_E
#
# <colnr> <probs for GDERKNQSTAVLIFYWHMCP>
#	G	D	E	R	K	N	Q	S	T	A	V	L	I	F	Y	W	H	M	C	P
0	0.05533	0.07889	0.06247	0.18721	0.04729	0.07170	0.15869	0.10510	0.05405	0.11130	0.00927	0.01067	0.00682	0.00434	0.00426	0.00131	0.01898	0.00378	0.00276	0.00577
