[name]
unknown

[dist]
# distance from previous block
# <min> <max>
0	25

[block]
# block no. 0 follows, 57 sequences, length 29
# corresponding to MSA columns:
# 146-174
name=unknown_A
#
# <colnr> <probs for GDERKNQSTAVLIFYWHMCP>
#	G	D	E	R	K	N	Q	S	T	A	V	L	I	F	Y	W	H	M	C	P
0	0.00648	0.00484	0.00722	0.00722	0.00801	0.00563	0.00559	0.00805	0.00726	0.01047	0.01219	0.01812	0.01147	0.05565	0.80132	0.00720	0.01193	0.00490	0.00244	0.00401
1	0.01060	0.01099	0.03658	0.06216	0.23250	0.02354	0.34485	0.01350	0.01021	0.03959	0.02304	0.01410	0.06107	0.00501	0.00598	0.00151	0.09117	0.00500	0.00250	0.00609
2	0.01398	0.05744	0.01340	0.03749	0.01367	0.50744	0.02905	0.01525	0.01084	0.01104	0.00737	0.00988	0.00652	0.02969	0.05794	0.00180	0.16644	0.00341	0.00225	0.00510
3	0.01003	0.00770	0.00973	0.08040	0.04213	0.00650	0.00634	0.02565	0.01029	0.08696	0.08043	0.01466	0.04924	0.00476	0.00394	0.00098	0.00360	0.01554	0.00320	0.53793
4	0.04510	0.51656	0.11731	0.00886	0.01283	0.04918	0.02175	0.04857	0.06254	0.05448	0.02058	0.00929	0.00725	0.00436	0.00347	0.00114	0.00504	0.00305	0.00251	0.00611
5	0.00974	0.00653	0.00809	0.03786	0.00960	0.02812	0.02130	0.02751	0.05462	0.15760	0.19040	0.05718	0.19106	0.05991	0.06149	0.00208	0.03139	0.03632	0.00420	0.00500
6	0.01224	0.00942	0.01022	0.00901	0.01165	0.01062	0.00706	0.04158	0.67503	0.10558	0.04320	0.01714	0.01432	0.00617	0.00463	0.00151	0.00360	0.00513	0.00473	0.00715
7	0.01010	0.00834	0.01291	0.21295	0.31522	0.00888	0.01003	0.06289	0.01010	0.04652	0.01124	0.04127	0.01988	0.12694	0.03599	0.00204	0.00525	0.00482	0.04901	0.00565
8	0.01060	0.01015	0.01566	0.39071	0.38678	0.06215	0.01280	0.01332	0.00997	0.03287	0.00844	0.01152	0.00668	0.00434	0.00448	0.00141	0.00582	0.00397	0.00223	0.00609
9	0.01097	0.49135	0.23766	0.00998	0.01413	0.01523	0.02994	0.01345	0.00904	0.01179	0.00682	0.00836	0.00584	0.00452	0.00491	0.00124	0.11391	0.00295	0.00195	0.00595
10	0.00604	0.00462	0.00554	0.00531	0.00654	0.00412	0.00398	0.00784	0.01195	0.01610	0.54326	0.03726	0.31088	0.01004	0.00535	0.00146	0.00219	0.00867	0.00472	0.00412
11	0.00719	0.00583	0.00733	0.00767	0.03865	0.02158	0.03022	0.04596	0.02651	0.01389	0.11316	0.24815	0.23752	0.03477	0.00602	0.00176	0.00331	0.14204	0.00410	0.00434
12	0.01360	0.12437	0.03871	0.07898	0.13065	0.22028	0.05235	0.17066	0.05180	0.02829	0.01012	0.02258	0.02809	0.00495	0.00428	0.00130	0.00593	0.00392	0.00290	0.00624
13	0.00975	0.00556	0.00718	0.00645	0.00808	0.00519	0.00494	0.01236	0.06216	0.19210	0.50048	0.09349	0.03211	0.00855	0.00510	0.00145	0.00264	0.00747	0.02979	0.00516
14	0.00661	0.00497	0.00611	0.00642	0.00736	0.00482	0.00468	0.03445	0.06708	0.01433	0.19866	0.41412	0.13888	0.01177	0.00553	0.00169	0.00272	0.06117	0.00442	0.00425
15	0.01236	0.04138	0.12111	0.07331	0.10745	0.18018	0.14077	0.08220	0.14707	0.01533	0.00999	0.01138	0.00769	0.00477	0.00474	0.00140	0.02567	0.00407	0.00279	0.00633
16	0.02818	0.01023	0.07768	0.02526	0.03388	0.06016	0.13239	0.03782	0.09104	0.05401	0.08358	0.12292	0.03043	0.02090	0.06637	0.00203	0.10845	0.00594	0.00324	0.00546
17	0.00655	0.00495	0.00734	0.00729	0.00805	0.00580	0.00565	0.00810	0.00725	0.01046	0.01208	0.01808	0.01141	0.06458	0.77393	0.00705	0.03007	0.00490	0.00243	0.00402
18	0.04219	0.00940	0.01508	0.30092	0.26944	0.01942	0.06832	0.01275	0.03951	0.01336	0.00947	0.03943	0.01665	0.01800	0.00586	0.00154	0.08845	0.00446	0.00236	0.02338
19	0.43980	0.01050	0.00972	0.00796	0.01110	0.05007	0.00652	0.26699	0.01305	0.13122	0.00939	0.00963	0.00671	0.00482	0.00366	0.00138	0.00425	0.00329	0.00372	0.00621
20	0.00552	0.00394	0.00526	0.00631	0.00657	0.00368	0.00421	0.00631	0.00868	0.01157	0.02498	0.83779	0.02997	0.01420	0.00578	0.00184	0.00263	0.01288	0.00421	0.00368
21	0.02474	0.01091	0.01420	0.01193	0.04370	0.09396	0.16615	0.11465	0.15459	0.06605	0.08368	0.03338	0.04088	0.00625	0.00596	0.00151	0.09802	0.01982	0.00355	0.00608
22	0.02237	0.00577	0.00746	0.00670	0.00812	0.00587	0.00510	0.00904	0.00781	0.01199	0.01087	0.01601	0.01010	0.10545	0.32703	0.07801	0.05555	0.00429	0.09642	0.20604
23	0.03851	0.04733	0.07889	0.18172	0.21593	0.09589	0.04198	0.07496	0.04099	0.02706	0.00978	0.02930	0.00813	0.02249	0.00497	0.00146	0.02105	0.02240	0.03115	0.00600
24	0.04015	0.00715	0.02503	0.04940	0.04141	0.02331	0.10255	0.03512	0.03062	0.01395	0.13209	0.21764	0.12682	0.05877	0.05613	0.00209	0.02180	0.00778	0.00355	0.00463
25	0.04208	0.15250	0.58436	0.01243	0.01833	0.01178	0.08987	0.01420	0.00955	0.01400	0.00787	0.00937	0.00583	0.00419	0.00413	0.00137	0.00637	0.00336	0.00199	0.00643
26	0.03311	0.00984	0.05086	0.08041	0.08713	0.02521	0.02468	0.10748	0.14279	0.07025	0.02342	0.05533	0.02587	0.00592	0.02145	0.00139	0.00450	0.00449	0.00340	0.22247
27	0.00655	0.00457	0.00582	0.00582	0.00612	0.00487	0.00384	0.00715	0.00685	0.00943	0.01348	0.02522	0.01455	0.53872	0.32247	0.00547	0.00729	0.00594	0.00263	0.00323
28	0.00755	0.00593	0.00690	0.00651	0.00784	0.03229	0.00500	0.03957	0.07694	0.01757	0.57194	0.05427	0.07573	0.00920	0.00529	0.00149	0.00273	0.06391	0.00473	0.00462

[dist]
# distance from previous block
# <min> <max>
0	5

[block]
# block no. 1 follows, 57 sequences, length 10
# corresponding to MSA columns:
# 180-189
name=unknown_B
#
# <colnr> <probs for GDERKNQSTAVLIFYWHMCP>
#	G	D	E	R	K	N	Q	S	T	A	V	L	I	F	Y	W	H	M	C	P
0	0.00785	0.00523	0.00604	0.00543	0.00634	0.00481	0.00343	0.00831	0.00744	0.05481	0.01338	0.02527	0.01445	0.64593	0.01854	0.00357	0.00418	0.00578	0.00289	0.15631
1	0.16793	0.01709	0.01151	0.01019	0.01274	0.51216	0.00783	0.12154	0.04018	0.01560	0.03762	0.00964	0.00757	0.00491	0.00398	0.00126	0.00654	0.00326	0.00289	0.00555
2	0.01184	0.54427	0.01850	0.00818	0.01117	0.13810	0.00730	0.03666	0.01003	0.01143	0.00985	0.15458	0.01015	0.00587	0.00365	0.00117	0.00497	0.00440	0.00248	0.00541
3	0.66398	0.00889	0.00775	0.06015	0.01076	0.01035	0.00581	0.01511	0.14885	0.01952	0.00857	0.00936	0.00656	0.00457	0.00324	0.00143	0.00368	0.00303	0.00307	0.00532
4	0.01276	0.01276	0.15449	0.04638	0.05408	0.01136	0.00965	0.30525	0.21422	0.04403	0.01506	0.01498	0.07295	0.00579	0.00458	0.00144	0.00475	0.00466	0.00387	0.00694
5	0.00891	0.00904	0.10260	0.23396	0.03305	0.00813	0.04131	0.03966	0.07901	0.03099	0.03582	0.01931	0.15130	0.02301	0.00505	0.00148	0.01962	0.00525	0.13332	0.01919
6	0.01061	0.00978	0.01655	0.05067	0.63346	0.00978	0.03355	0.01316	0.01027	0.03043	0.01142	0.05418	0.02565	0.00536	0.00473	0.00144	0.00515	0.06460	0.00258	0.00663
7	0.01097	0.24940	0.28031	0.01535	0.20912	0.05787	0.06966	0.01413	0.00993	0.01324	0.00808	0.01037	0.00665	0.00429	0.00406	0.00129	0.00595	0.02084	0.00210	0.00639
8	0.00764	0.00551	0.00672	0.00698	0.00782	0.00555	0.00492	0.14640	0.01082	0.01445	0.02199	0.65436	0.02541	0.05050	0.00635	0.00187	0.00313	0.01104	0.00420	0.00435
9	0.00624	0.00439	0.00548	0.00559	0.00631	0.00411	0.00390	0.00762	0.01042	0.01450	0.38917	0.24171	0.08458	0.14322	0.00818	0.00200	0.00263	0.00905	0.04705	0.00384

[dist]
# distance from previous block
# <min> <max>
0	30

[block]
# block no. 2 follows, 57 sequences, length 67
# corresponding to MSA columns:
# 220-286
name=unknown_C
#
# <colnr> <probs for GDERKNQSTAVLIFYWHMCP>
#	G	D	E	R	K	N	Q	S	T	A	V	L	I	F	Y	W	H	M	C	P
0	0.01645	0.01946	0.01299	0.01184	0.03530	0.64875	0.00883	0.11772	0.04830	0.01376	0.00802	0.00901	0.00646	0.00487	0.00435	0.00123	0.02104	0.00321	0.00271	0.00570
1	0.00559	0.00403	0.00532	0.00632	0.00668	0.00376	0.00431	0.00646	0.00884	0.01169	0.02596	0.76282	0.06811	0.01399	0.00578	0.00184	0.00268	0.04791	0.00420	0.00371
2	0.02163	0.02808	0.21567	0.01517	0.07939	0.02516	0.30497	0.10972	0.05086	0.03730	0.01127	0.01284	0.04388	0.00475	0.00493	0.00146	0.01909	0.00462	0.00275	0.00647
3	0.87276	0.00876	0.00666	0.00596	0.00876	0.01017	0.00491	0.01332	0.00771	0.02033	0.00631	0.00736	0.00491	0.00421	0.00280	0.00140	0.00351	0.00245	0.00280	0.00491
4	0.01127	0.00973	0.01025	0.00922	0.01178	0.01127	0.00717	0.02408	0.80430	0.01896	0.01844	0.01691	0.01383	0.00615	0.00461	0.00154	0.00359	0.00512	0.00461	0.00717
5	0.00546	0.00459	0.00473	0.00470	0.00618	0.00387	0.00352	0.00670	0.01057	0.01281	0.11901	0.04268	0.73718	0.01126	0.00535	0.00152	0.00228	0.00943	0.00428	0.00387
6	0.00940	0.00805	0.00940	0.00671	0.01074	0.00604	0.00537	0.01141	0.00940	0.01477	0.00805	0.00940	0.00671	0.00336	0.00336	0.00067	0.00336	0.00268	0.00268	0.86845
7	0.00632	0.00463	0.00593	0.00560	0.00671	0.00424	0.00420	0.00837	0.01260	0.01764	0.74141	0.03473	0.11177	0.00946	0.00535	0.00143	0.00215	0.00832	0.00492	0.00424
8	0.01105	0.01016	0.01076	0.10005	0.08579	0.14717	0.00779	0.09715	0.08229	0.03724	0.14933	0.05755	0.04171	0.00764	0.04204	0.00162	0.00500	0.01609	0.00349	0.08608
9	0.00644	0.00477	0.00680	0.00680	0.00752	0.00539	0.00512	0.00779	0.00732	0.01033	0.01401	0.02079	0.04868	0.15585	0.66357	0.00658	0.01051	0.00533	0.00256	0.00384
10	0.01072	0.01046	0.03042	0.08722	0.70365	0.01039	0.01341	0.01339	0.01014	0.01440	0.00923	0.04907	0.00811	0.00454	0.00455	0.00138	0.00533	0.00443	0.00231	0.00685
11	0.68872	0.04845	0.00884	0.00738	0.02445	0.09041	0.01871	0.04213	0.00887	0.01908	0.00663	0.00771	0.00521	0.00427	0.00307	0.00136	0.00418	0.00263	0.00276	0.00514
12	0.01557	0.01407	0.01224	0.01027	0.01306	0.32434	0.04632	0.15475	0.09780	0.15974	0.08178	0.01390	0.02462	0.00560	0.00450	0.00133	0.00571	0.00434	0.00381	0.00626
13	0.00956	0.00780	0.00842	0.06012	0.01060	0.04776	0.00611	0.05643	0.27529	0.01629	0.10304	0.03190	0.06099	0.05407	0.07933	0.00209	0.00440	0.01513	0.13285	0.01782
14	0.00647	0.00485	0.00728	0.00728	0.00809	0.00566	0.00566	0.00809	0.00728	0.01052	0.01214	0.01780	0.01133	0.03398	0.82279	0.00728	0.01214	0.00485	0.00243	0.00405
15	0.01459	0.01775	0.01246	0.01125	0.01298	0.59017	0.00862	0.01574	0.01117	0.01097	0.00734	0.00964	0.00648	0.02160	0.07261	0.00187	0.16409	0.00333	0.00228	0.00506
16	0.00544	0.00458	0.00461	0.00461	0.00604	0.00386	0.00340	0.00651	0.01007	0.01201	0.04375	0.04266	0.75665	0.06786	0.00656	0.00172	0.00244	0.00936	0.00411	0.00375
17	0.00940	0.00805	0.00940	0.00671	0.01074	0.00604	0.00537	0.01141	0.00940	0.01477	0.00805	0.00940	0.00671	0.00336	0.00336	0.00067	0.00336	0.00268	0.00268	0.86845
18	0.00563	0.00460	0.00497	0.00488	0.00629	0.00394	0.00366	0.00703	0.01098	0.01378	0.24425	0.04108	0.61134	0.01090	0.00535	0.00150	0.00225	0.00921	0.00441	0.00394
19	0.00881	0.00468	0.00475	0.00460	0.00579	0.00474	0.00348	0.05280	0.01014	0.01734	0.01535	0.03073	0.02722	0.00556	0.00333	0.00109	0.00228	0.00446	0.78845	0.00439
20	0.00538	0.00457	0.00463	0.00466	0.00614	0.00383	0.00348	0.00653	0.01033	0.01232	0.05832	0.06473	0.77668	0.01151	0.00537	0.00154	0.00230	0.00963	0.00422	0.00383
21	0.00787	0.00394	0.00590	0.00590	0.00590	0.00394	0.00394	0.00590	0.00590	0.00787	0.00787	0.01377	0.00787	0.01574	0.01771	0.86816	0.00394	0.00394	0.00197	0.00197
22	0.00555	0.00403	0.00524	0.00614	0.00654	0.00372	0.00415	0.00644	0.00902	0.01195	0.06546	0.73256	0.09504	0.01373	0.00573	0.00179	0.00258	0.01238	0.00425	0.00372
23	0.00728	0.00537	0.00742	0.00822	0.00922	0.00551	0.00709	0.00924	0.01031	0.01350	0.05197	0.06371	0.06016	0.01217	0.00660	0.00203	0.04428	0.66763	0.00410	0.00419
24	0.01197	0.80358	0.06235	0.00800	0.01202	0.01757	0.00819	0.01361	0.00922	0.01084	0.00639	0.00738	0.00581	0.00390	0.00298	0.00099	0.00494	0.00247	0.00194	0.00586
25	0.01127	0.00975	0.01041	0.00959	0.02758	0.01126	0.00731	0.02388	0.78864	0.01887	0.01825	0.01679	0.01370	0.00611	0.00461	0.00153	0.00362	0.00510	0.00456	0.00717
26	0.00979	0.00973	0.01365	0.01173	0.01176	0.01359	0.00976	0.01081	0.00695	0.01089	0.00617	0.01019	0.00614	0.00886	0.04352	0.00217	0.80336	0.00400	0.00200	0.00492
27	0.00940	0.00805	0.00940	0.00671	0.01074	0.00604	0.00537	0.01141	0.00940	0.01477	0.00805	0.00940	0.00671	0.00336	0.00336	0.00067	0.00336	0.00268	0.00268	0.86845
28	0.01336	0.03219	0.01649	0.03168	0.15990	0.33341	0.18693	0.01555	0.01130	0.04897	0.00916	0.01186	0.00751	0.00566	0.03222	0.00153	0.01803	0.02532	0.03312	0.00580
29	0.01557	0.01935	0.01244	0.01128	0.01326	0.69224	0.00851	0.01668	0.01188	0.01095	0.00736	0.00957	0.00647	0.04622	0.02218	0.00152	0.08388	0.00323	0.00232	0.00508
30	0.01957	0.00774	0.01044	0.00797	0.01151	0.00662	0.00657	0.02134	0.01272	0.75976	0.01719	0.01500	0.01090	0.00545	0.00447	0.00135	0.00382	0.00443	0.00540	0.06775
31	0.00940	0.00805	0.00940	0.00671	0.01074	0.00604	0.00537	0.01141	0.00940	0.01477	0.00805	0.00940	0.00671	0.00336	0.00336	0.00067	0.00336	0.00268	0.00268	0.86845
32	0.00609	0.00465	0.00573	0.00634	0.00738	0.00428	0.00499	0.00750	0.01001	0.01266	0.05017	0.24095	0.33001	0.01246	0.00577	0.00180	0.00302	0.27806	0.00421	0.00392
33	0.00892	0.00452	0.00469	0.00454	0.00572	0.00449	0.00344	0.02510	0.00999	0.04471	0.05120	0.01751	0.01295	0.00548	0.00334	0.00109	0.00223	0.00441	0.78126	0.00441
34	0.00651	0.00470	0.00651	0.00651	0.00705	0.00525	0.00470	0.00760	0.00705	0.00995	0.01284	0.02171	0.01302	0.29991	0.55919	0.00633	0.00958	0.00543	0.00253	0.00362
35	0.00641	0.00463	0.00606	0.00570	0.00677	0.00428	0.00428	0.00855	0.01283	0.01817	0.81009	0.03385	0.04276	0.00926	0.00534	0.00143	0.00214	0.00819	0.00499	0.00428
36	0.01115	0.01061	0.01756	0.04730	0.72218	0.01079	0.01329	0.01473	0.07944	0.01508	0.00938	0.01173	0.00773	0.00423	0.00450	0.00137	0.00524	0.00413	0.00244	0.00712
37	0.00940	0.00805	0.00940	0.00671	0.01074	0.00604	0.00537	0.01141	0.00940	0.01477	0.00805	0.00940	0.00671	0.00336	0.00336	0.00067	0.00336	0.00268	0.00268	0.86845
38	0.01127	0.00973	0.01025	0.00922	0.01178	0.01127	0.00717	0.02408	0.80430	0.01896	0.01844	0.01691	0.01383	0.00615	0.00461	0.00154	0.00359	0.00512	0.00461	0.00717
39	0.01422	0.00982	0.04779	0.00868	0.02592	0.00853	0.00720	0.21116	0.02639	0.22990	0.01187	0.02794	0.00869	0.00479	0.00410	0.00112	0.00407	0.00382	0.00394	0.34005
40	0.01234	0.61930	0.07181	0.00865	0.01241	0.10156	0.00837	0.01517	0.09095	0.01179	0.00773	0.00850	0.00663	0.00422	0.00330	0.00108	0.00519	0.00281	0.00225	0.00595
41	0.00730	0.00522	0.00730	0.00835	0.00939	0.00522	0.00730	0.00939	0.01043	0.01356	0.02399	0.05111	0.02608	0.01252	0.00626	0.00209	0.00417	0.78199	0.00417	0.00417
42	0.01306	0.03219	0.01457	0.04026	0.01470	0.09958	0.14228	0.23616	0.07340	0.06267	0.08655	0.03651	0.01172	0.00641	0.01912	0.00156	0.09465	0.00487	0.00355	0.00619
43	0.00538	0.00456	0.00465	0.00469	0.00615	0.00383	0.00349	0.00653	0.01029	0.01231	0.05778	0.08240	0.75939	0.01157	0.00538	0.00154	0.00231	0.00970	0.00422	0.00383
44	0.01116	0.01071	0.01830	0.04367	0.79704	0.01075	0.01388	0.01386	0.01029	0.01474	0.00851	0.01123	0.00716	0.00405	0.00449	0.00135	0.00540	0.00404	0.00224	0.00714
45	0.00688	0.00501	0.00641	0.00597	0.00731	0.00459	0.00458	0.00916	0.02748	0.02845	0.64827	0.03336	0.07619	0.00911	0.00526	0.00143	0.00240	0.05669	0.00476	0.05670
46	0.03650	0.01260	0.01344	0.01033	0.01393	0.01396	0.00853	0.77971	0.02100	0.02837	0.01078	0.01080	0.00764	0.00541	0.00449	0.00136	0.00495	0.00404	0.00449	0.00764
47	0.00899	0.00771	0.02610	0.05251	0.16992	0.03668	0.00881	0.02364	0.04917	0.02656	0.01919	0.05617	0.04455	0.00932	0.00546	0.00177	0.00453	0.42100	0.02279	0.00513
48	0.00733	0.00519	0.00684	0.00666	0.00746	0.00577	0.00492	0.04701	0.02932	0.01164	0.01288	0.02018	0.01243	0.22617	0.48834	0.02212	0.00875	0.00518	0.06781	0.00397
49	0.00660	0.00488	0.00619	0.00582	0.00698	0.00460	0.00438	0.00921	0.05153	0.01792	0.73409	0.03349	0.07869	0.00922	0.00531	0.00144	0.00222	0.00811	0.00493	0.00440
50	0.01211	0.84348	0.02374	0.00775	0.01163	0.01793	0.00775	0.01357	0.00921	0.01066	0.00630	0.00727	0.00582	0.00388	0.00291	0.00097	0.00485	0.00242	0.00194	0.00582
51	0.03345	0.01005	0.01408	0.01167	0.01279	0.04536	0.11012	0.06410	0.02265	0.01279	0.00803	0.01218	0.00742	0.06035	0.08528	0.00245	0.47540	0.00433	0.00236	0.00512
52	0.01697	0.02022	0.01296	0.01148	0.01402	0.69784	0.00873	0.13831	0.01415	0.01378	0.00760	0.00859	0.00613	0.00479	0.00415	0.00120	0.00768	0.00310	0.00267	0.00563
53	0.87276	0.00876	0.00666	0.00596	0.00876	0.01017	0.00491	0.01332	0.00771	0.02033	0.00631	0.00736	0.00491	0.00421	0.00280	0.00140	0.00351	0.00245	0.00280	0.00491
54	0.01093	0.01051	0.01803	0.11027	0.71984	0.01071	0.02586	0.01368	0.01019	0.01447	0.00849	0.01132	0.00706	0.00408	0.00450	0.00137	0.00549	0.00406	0.00222	0.00694
55	0.00562	0.00460	0.00495	0.00487	0.00628	0.00394	0.00365	0.00701	0.01095	0.01371	0.23536	0.04119	0.62027	0.01093	0.00535	0.00150	0.00226	0.00922	0.00440	0.00394
56	0.00647	0.00485	0.00728	0.00728	0.00809	0.00566	0.00566	0.00809	0.00728	0.01052	0.01214	0.01780	0.01133	0.03398	0.82279	0.00728	0.01214	0.00485	0.00243	0.00405
57	0.00558	0.00399	0.00533	0.00638	0.00667	0.00373	0.00432	0.00642	0.00874	0.01164	0.02494	0.80989	0.02983	0.01414	0.00580	0.00185	0.00268	0.04016	0.00421	0.00370
58	0.00940	0.00805	0.00940	0.00671	0.01074	0.00604	0.00537	0.01141	0.00940	0.01477	0.00805	0.00940	0.00671	0.00336	0.00336	0.00067	0.00336	0.00268	0.00268	0.86845
59	0.00668	0.00522	0.00824	0.00786	0.00886	0.00595	0.04443	0.00841	0.00745	0.01072	0.01199	0.01753	0.01111	0.03251	0.78270	0.00700	0.01192	0.00488	0.00242	0.00415
60	0.00552	0.00394	0.00526	0.00631	0.00657	0.00368	0.00421	0.00631	0.00868	0.01157	0.02498	0.83779	0.02997	0.01420	0.00578	0.00184	0.00263	0.01288	0.00421	0.00368
61	0.01053	0.01015	0.01386	0.01177	0.01208	0.01389	0.00980	0.07706	0.00815	0.01239	0.00636	0.00999	0.00610	0.00772	0.01400	0.00193	0.76286	0.00398	0.00220	0.00519
62	0.01104	0.49875	0.27898	0.00953	0.01407	0.05236	0.01053	0.01368	0.00947	0.01192	0.00784	0.04879	0.00698	0.00456	0.00356	0.00117	0.00549	0.00326	0.00206	0.00597
63	0.00787	0.00394	0.00590	0.00590	0.00590	0.00394	0.00394	0.00590	0.00590	0.00787	0.00787	0.01377	0.00787	0.01574	0.01771	0.86816	0.00394	0.00394	0.00197	0.00197
64	0.01206	0.05117	0.01247	0.01034	0.04533	0.13990	0.09675	0.08435	0.07327	0.11275	0.17412	0.09036	0.04622	0.00688	0.00500	0.00142	0.02215	0.00589	0.00383	0.00573
65	0.02650	0.00858	0.01104	0.02532	0.01234	0.00710	0.06493	0.04774	0.02210	0.09105	0.00931	0.01037	0.00725	0.00378	0.00370	0.00088	0.00386	0.00318	0.00303	0.63793
66	0.03602	0.02784	0.01334	0.06291	0.08063	0.15985	0.02257	0.07266	0.02644	0.10827	0.04051	0.01237	0.00877	0.00620	0.00793	0.00156	0.28405	0.01938	0.00293	0.00577

[dist]
# distance from previous block
# <min> <max>
0	5

[block]
# block no. 3 follows, 57 sequences, length 26
# corresponding to MSA columns:
# 292-317
name=unknown_D
#
# <colnr> <probs for GDERKNQSTAVLIFYWHMCP>
#	G	D	E	R	K	N	Q	S	T	A	V	L	I	F	Y	W	H	M	C	P
0	0.01734	0.01298	0.01343	0.01040	0.01395	0.05873	0.00854	0.72209	0.02049	0.06000	0.01095	0.01092	0.00775	0.00540	0.00451	0.00135	0.00512	0.00403	0.00445	0.00757
1	0.01196	0.57168	0.04613	0.00842	0.01185	0.08947	0.00786	0.01515	0.12651	0.01209	0.00925	0.05506	0.00834	0.00487	0.00347	0.00113	0.00490	0.00348	0.00249	0.00587
2	0.00551	0.00397	0.00523	0.00623	0.00655	0.00369	0.00417	0.00632	0.00876	0.01160	0.02598	0.79951	0.06760	0.01407	0.00576	0.00183	0.00261	0.01272	0.00421	0.00369
3	0.00694	0.00584	0.02306	0.00815	0.02472	0.00538	0.07722	0.02399	0.00941	0.01303	0.05871	0.55341	0.03487	0.01119	0.00567	0.00166	0.02966	0.01014	0.04461	0.05232
4	0.31563	0.07325	0.01199	0.02787	0.05733	0.12923	0.02260	0.21809	0.01267	0.06221	0.00923	0.00996	0.02253	0.00478	0.00377	0.00133	0.00490	0.00338	0.00324	0.00603
5	0.00552	0.00394	0.00526	0.00631	0.00657	0.00368	0.00421	0.00631	0.00868	0.01157	0.02498	0.83779	0.02997	0.01420	0.00578	0.00184	0.00263	0.01288	0.00421	0.00368
6	0.00550	0.00460	0.00479	0.00474	0.00621	0.00389	0.00356	0.00678	0.01067	0.01304	0.14930	0.04229	0.70675	0.01118	0.00535	0.00152	0.00227	0.00938	0.00431	0.00389
7	0.03849	0.01154	0.02425	0.06667	0.02281	0.01112	0.67748	0.01398	0.01041	0.01440	0.00988	0.01334	0.02123	0.00427	0.00543	0.00154	0.02406	0.02082	0.00236	0.00591
8	0.00742	0.00479	0.00584	0.00547	0.00680	0.00432	0.00413	0.00911	0.01163	0.07584	0.45213	0.03269	0.23386	0.00946	0.00558	0.03523	0.00237	0.00776	0.08124	0.00432
9	0.00716	0.00511	0.00713	0.00818	0.00916	0.00509	0.00705	0.00913	0.01029	0.01340	0.02407	0.11596	0.02640	0.01266	0.00622	0.00207	0.00405	0.71859	0.00418	0.00413
10	0.00682	0.00535	0.00561	0.01724	0.00725	0.00494	0.00411	0.04098	0.06455	0.02810	0.06796	0.03718	0.61062	0.01013	0.00508	0.00148	0.00256	0.00843	0.06727	0.00434
11	0.00950	0.00686	0.03619	0.00709	0.00904	0.00632	0.02522	0.08230	0.07442	0.09652	0.37440	0.04503	0.07167	0.00792	0.00490	0.00143	0.00306	0.03297	0.09993	0.00523
12	0.01352	0.00873	0.00995	0.00854	0.01127	0.00932	0.00675	0.03982	0.48217	0.24884	0.06865	0.01828	0.04085	0.00635	0.00466	0.00149	0.00356	0.00527	0.00491	0.00705
13	0.00658	0.00441	0.00500	0.00498	0.00504	0.00439	0.00283	0.00669	0.00692	0.00928	0.05612	0.02987	0.01786	0.79704	0.02213	0.00424	0.00427	0.00667	0.00286	0.00283
14	0.68396	0.00922	0.00785	0.00678	0.00961	0.01058	0.00557	0.14433	0.00997	0.02119	0.00738	0.00850	0.00571	0.00598	0.04620	0.00170	0.00421	0.00285	0.00307	0.00533
15	0.00932	0.17658	0.57925	0.01119	0.01670	0.01122	0.01369	0.01346	0.00963	0.01372	0.05329	0.05403	0.00909	0.00502	0.00418	0.00137	0.00588	0.00394	0.00221	0.00624
16	0.00943	0.01031	0.05933	0.01229	0.03246	0.05470	0.20945	0.01221	0.05519	0.01334	0.08365	0.10703	0.04221	0.01988	0.03028	0.00185	0.22363	0.01465	0.00288	0.00524
17	0.00940	0.00805	0.00940	0.00671	0.01074	0.00604	0.00537	0.01141	0.00940	0.01477	0.00805	0.00940	0.00671	0.00336	0.00336	0.00067	0.00336	0.00268	0.00268	0.86845
18	0.00940	0.00805	0.00940	0.00671	0.01074	0.00604	0.00537	0.01141	0.00940	0.01477	0.00805	0.00940	0.00671	0.00336	0.00336	0.00067	0.00336	0.00268	0.00268	0.86845
19	0.00634	0.00457	0.00599	0.00575	0.00675	0.00423	0.00427	0.00836	0.01248	0.01762	0.74473	0.10078	0.04169	0.00967	0.00538	0.00146	0.00218	0.00859	0.00492	0.00423
20	0.00651	0.00472	0.00659	0.00659	0.00716	0.00529	0.00480	0.00765	0.00708	0.01001	0.01277	0.02131	0.01285	0.27315	0.58572	0.00643	0.00984	0.00537	0.00252	0.00366
21	0.01809	0.00982	0.01164	0.00909	0.01252	0.00998	0.00745	0.31307	0.11048	0.42544	0.01532	0.01390	0.01021	0.00561	0.00455	0.00140	0.00425	0.00445	0.00509	0.00765
22	0.01106	0.01081	0.01712	0.09231	0.66848	0.05210	0.01307	0.01367	0.01046	0.01451	0.04653	0.01221	0.00871	0.00436	0.00451	0.00135	0.00543	0.00418	0.00236	0.00676
23	0.04569	0.00810	0.00959	0.04724	0.02114	0.00704	0.00604	0.08361	0.02086	0.04738	0.07058	0.05058	0.01080	0.00473	0.00384	0.00096	0.00356	0.00388	0.00321	0.55119
24	0.01002	0.00929	0.01521	0.41975	0.34161	0.01028	0.01249	0.04963	0.01012	0.01378	0.00846	0.01168	0.00671	0.00492	0.02096	0.00152	0.00574	0.00400	0.00226	0.04155
25	0.02176	0.16081	0.20572	0.01100	0.03284	0.12913	0.05694	0.07856	0.09960	0.05668	0.00997	0.01128	0.00778	0.00623	0.04716	0.00161	0.00607	0.01280	0.00281	0.04125

[dist]
# distance from previous block
# <min> <max>
63	118

[block]
# block no. 4 follows, 57 sequences, length 75
# corresponding to MSA columns:
# 477-505,512-557
name=unknown_E
#
# <colnr> <probs for GDERKNQSTAVLIFYWHMCP>
#	G	D	E	R	K	N	Q	S	T	A	V	L	I	F	Y	W	H	M	C	P
0	0.07134	0.08983	0.04824	0.00878	0.01227	0.04368	0.03003	0.19356	0.05526	0.15349	0.02506	0.03851	0.02073	0.00528	0.00413	0.00124	0.00440	0.01656	0.00371	0.17391
1	0.31938	0.03413	0.00999	0.00807	0.01080	0.07598	0.02190	0.17354	0.06902	0.08133	0.10232	0.02555	0.02696	0.00564	0.00413	0.00139	0.01612	0.00420	0.00371	0.00582
2	0.27781	0.03852	0.01092	0.00873	0.01176	0.18621	0.00704	0.19949	0.02483	0.16716	0.02114	0.01036	0.00762	0.00494	0.00388	0.00133	0.00495	0.00344	0.00366	0.00621
3	0.16964	0.01033	0.01053	0.00893	0.01186	0.01173	0.00715	0.23562	0.42525	0.04009	0.01414	0.01347	0.01046	0.00559	0.00426	0.00146	0.00396	0.00434	0.00428	0.00692
4	0.75857	0.07218	0.00817	0.00629	0.00915	0.01072	0.00530	0.03508	0.00828	0.01963	0.00695	0.00871	0.00567	0.00446	0.00296	0.00139	0.00367	0.02499	0.00283	0.00503
5	0.01127	0.00973	0.01025	0.00922	0.01178	0.01127	0.00717	0.02408	0.80430	0.01896	0.01844	0.01691	0.01383	0.00615	0.00461	0.00154	0.00359	0.00512	0.00461	0.00717
6	0.00536	0.00459	0.00459	0.00459	0.00612	0.00383	0.00344	0.00650	0.01033	0.01224	0.04590	0.04361	0.81065	0.01148	0.00536	0.00153	0.00230	0.00956	0.00421	0.00383
7	0.01151	0.03233	0.01201	0.01213	0.13706	0.01148	0.00830	0.05155	0.62916	0.01845	0.01628	0.01553	0.01234	0.00573	0.00454	0.00149	0.00395	0.00484	0.00417	0.00716
8	0.00977	0.19116	0.63302	0.01176	0.01777	0.01206	0.01464	0.01445	0.03077	0.01372	0.00803	0.00929	0.00597	0.00427	0.00403	0.00134	0.00623	0.00321	0.00199	0.00653
9	0.00956	0.02251	0.76585	0.01313	0.04054	0.01039	0.01629	0.01463	0.00971	0.04420	0.00851	0.00983	0.00598	0.00435	0.00432	0.00143	0.00656	0.00341	0.00206	0.00675
10	0.00991	0.00991	0.01388	0.01190	0.01190	0.01388	0.00991	0.01091	0.00694	0.01091	0.00595	0.00991	0.00595	0.00793	0.01487	0.00198	0.83246	0.00397	0.00198	0.00496
11	0.00539	0.00459	0.00464	0.00463	0.00614	0.00384	0.00347	0.00658	0.01042	0.01245	0.07316	0.04326	0.78325	0.01140	0.00536	0.00153	0.00229	0.00951	0.00424	0.00384
12	0.00978	0.00935	0.01601	0.45753	0.37549	0.01041	0.03126	0.01267	0.00965	0.01307	0.00829	0.01170	0.00656	0.00430	0.00453	0.00144	0.00579	0.00406	0.00212	0.00600
13	0.01742	0.01091	0.18073	0.00900	0.01308	0.00738	0.00870	0.01993	0.01225	0.61566	0.04636	0.01490	0.01128	0.00547	0.00453	0.00141	0.00439	0.00444	0.00480	0.00736
14	0.01723	0.01269	0.01360	0.01043	0.01405	0.01405	0.00861	0.79738	0.02131	0.02856	0.01088	0.01088	0.00771	0.00544	0.00453	0.00136	0.00499	0.00408	0.00453	0.00771
15	0.00552	0.00396	0.00524	0.00626	0.00656	0.00368	0.00419	0.00631	0.00872	0.01159	0.02554	0.81643	0.05097	0.01412	0.00577	0.00183	0.00262	0.01279	0.00421	0.00368
16	0.00570	0.00426	0.00548	0.02509	0.00722	0.00396	0.00443	0.00674	0.00929	0.01213	0.06835	0.59374	0.17072	0.01314	0.00568	0.00177	0.00270	0.05163	0.00419	0.00379
17	0.01605	0.01211	0.01294	0.01019	0.01361	0.01350	0.00833	0.64503	0.17556	0.02667	0.01237	0.01207	0.00891	0.00558	0.00455	0.00139	0.00471	0.00429	0.00455	0.00760
18	0.02033	0.00771	0.01052	0.00806	0.01157	0.00666	0.00666	0.02208	0.01297	0.81562	0.01788	0.01542	0.01122	0.00561	0.00456	0.00140	0.00386	0.00456	0.00561	0.00771
19	0.00607	0.00459	0.00561	0.00542	0.00658	0.00412	0.00404	0.00786	0.01192	0.01617	0.55598	0.07745	0.25735	0.01013	0.00537	0.00148	0.00221	0.00882	0.00473	0.00412
20	0.09855	0.04330	0.66697	0.01223	0.01829	0.01074	0.04498	0.01441	0.02404	0.01496	0.00812	0.00951	0.00585	0.00430	0.00416	0.00142	0.00630	0.00334	0.00207	0.00647
21	0.01156	0.68422	0.14745	0.00871	0.01289	0.01662	0.00924	0.01359	0.00918	0.01125	0.00657	0.00773	0.00581	0.00409	0.00357	0.00108	0.03595	0.00263	0.00194	0.00592
22	0.01121	0.01079	0.01855	0.02765	0.79730	0.01078	0.02897	0.01392	0.01033	0.01480	0.00854	0.01123	0.00717	0.00403	0.00450	0.00135	0.00543	0.00406	0.00224	0.00716
23	0.00567	0.00409	0.00540	0.00635	0.00676	0.00382	0.00439	0.00661	0.00902	0.01195	0.05073	0.71471	0.07048	0.01378	0.00578	0.00183	0.00271	0.06796	0.00423	0.00374
24	0.00852	0.00777	0.01287	0.58434	0.11862	0.00916	0.01157	0.01125	0.00935	0.01219	0.01111	0.06914	0.01011	0.00605	0.00481	0.00158	0.00552	0.09849	0.00244	0.00510
25	0.00878	0.00841	0.01459	0.75325	0.05393	0.01018	0.06363	0.01184	0.00920	0.01186	0.00814	0.01206	0.00613	0.00447	0.00458	0.00151	0.00613	0.00411	0.00204	0.00517
26	0.00933	0.00869	0.01442	0.66181	0.16564	0.01033	0.01267	0.04018	0.00972	0.01274	0.00824	0.01189	0.00630	0.00448	0.00452	0.00148	0.00589	0.00403	0.00214	0.00550
27	0.00594	0.00431	0.00559	0.00640	0.00697	0.00405	0.00462	0.00703	0.00927	0.01218	0.06477	0.52104	0.11505	0.05816	0.00674	0.00197	0.00295	0.15505	0.00416	0.00377
28	0.03416	0.02874	0.01776	0.18319	0.28866	0.11644	0.19295	0.01383	0.01031	0.01359	0.00893	0.01168	0.01669	0.00489	0.02119	0.00151	0.00638	0.00421	0.01889	0.00600
29	0.00929	0.07705	0.76539	0.01258	0.01909	0.01101	0.01615	0.01430	0.00954	0.01411	0.00801	0.00942	0.00575	0.00428	0.00421	0.00140	0.00658	0.00329	0.00192	0.00664
30	0.01023	0.01114	0.03632	0.06095	0.16804	0.01089	0.46931	0.01343	0.01016	0.01409	0.03762	0.02622	0.00857	0.00544	0.02869	0.00169	0.07371	0.00510	0.00237	0.00601
31	0.00829	0.00584	0.00694	0.00640	0.00732	0.00603	0.00454	0.11833	0.01075	0.02623	0.23707	0.07218	0.02316	0.36784	0.02891	0.00287	0.02809	0.03132	0.00376	0.00413
32	0.07069	0.01344	0.01580	0.01226	0.01560	0.18540	0.21716	0.27866	0.01446	0.06763	0.01004	0.02079	0.00777	0.04329	0.00541	0.00151	0.00615	0.00430	0.00333	0.00630
33	0.01062	0.01207	0.02627	0.04820	0.02395	0.01141	0.76791	0.01441	0.01064	0.01441	0.00913	0.01222	0.00685	0.00385	0.00532	0.00153	0.00758	0.00530	0.00228	0.00607
34	0.02718	0.01047	0.00938	0.00853	0.01039	0.20352	0.00651	0.17281	0.01239	0.06565	0.01483	0.21046	0.03008	0.01181	0.12940	0.00232	0.00595	0.00615	0.05692	0.00525
35	0.01025	0.01140	0.03665	0.07043	0.11625	0.02238	0.55025	0.01359	0.01039	0.01409	0.01996	0.07101	0.00890	0.00478	0.00533	0.00153	0.01885	0.00559	0.00243	0.00595
36	0.02004	0.03771	0.01099	0.00805	0.01157	0.00706	0.00670	0.02178	0.01283	0.78673	0.01746	0.01513	0.01102	0.00555	0.00450	0.00139	0.00389	0.00448	0.00548	0.00764
37	0.00909	0.02344	0.81727	0.01292	0.01961	0.01052	0.01674	0.01435	0.00957	0.01435	0.00813	0.00957	0.00574	0.00431	0.00431	0.00144	0.00670	0.00335	0.00191	0.00670
38	0.00561	0.00413	0.00527	0.00612	0.00665	0.00380	0.00424	0.00655	0.00913	0.01192	0.04548	0.64957	0.15782	0.01356	0.00573	0.00179	0.00264	0.05203	0.00422	0.00374
39	0.01021	0.28329	0.48818	0.01187	0.01747	0.01297	0.08939	0.01412	0.00956	0.01319	0.00765	0.00909	0.00587	0.00412	0.00396	0.00130	0.00620	0.00325	0.00196	0.00636
40	0.00998	0.00861	0.00901	0.00821	0.01055	0.00964	0.00636	0.02024	0.63084	0.01749	0.02444	0.02274	0.18791	0.00731	0.00477	0.00154	0.00330	0.00609	0.00452	0.00644
41	0.00552	0.00394	0.00526	0.00631	0.00657	0.00368	0.00421	0.00631	0.00868	0.01157	0.02498	0.83779	0.02997	0.01420	0.00578	0.00184	0.00263	0.01288	0.00421	0.00368
42	0.01076	0.01167	0.03916	0.39558	0.14399	0.12162	0.16422	0.03450	0.01043	0.01310	0.00827	0.01134	0.00638	0.00436	0.00462	0.00144	0.00653	0.00412	0.00221	0.00571
43	0.00903	0.00887	0.01569	0.63402	0.04650	0.01055	0.12974	0.01202	0.00919	0.01204	0.00809	0.01193	0.00618	0.00465	0.00536	0.00154	0.06307	0.00422	0.00206	0.00524
44	0.01167	0.00993	0.01047	0.00930	0.01194	0.01146	0.00727	0.07603	0.75170	0.01960	0.01793	0.01650	0.01342	0.00610	0.00461	0.00153	0.00368	0.00505	0.00461	0.00721
45	0.01146	0.01216	0.07445	0.01794	0.13451	0.01108	0.46875	0.05987	0.03401	0.06159	0.01011	0.03095	0.00784	0.00455	0.00543	0.00150	0.03967	0.00502	0.00268	0.00642
46	0.01095	0.02873	0.11403	0.04180	0.02077	0.05831	0.49709	0.04300	0.06121	0.01470	0.00948	0.01194	0.00722	0.00517	0.02957	0.00166	0.03104	0.00477	0.00246	0.00612
47	0.00909	0.02344	0.81727	0.01292	0.01961	0.01052	0.01674	0.01435	0.00957	0.01435	0.00813	0.00957	0.00574	0.00431	0.00431	0.00144	0.00670	0.00335	0.00191	0.00670
48	0.00552	0.00394	0.00526	0.00631	0.00657	0.00368	0.00421	0.00631	0.00868	0.01157	0.02498	0.83779	0.02997	0.01420	0.00578	0.00184	0.00263	0.01288	0.00421	0.00368
49	0.02155	0.01031	0.01218	0.10763	0.17584	0.10419	0.01871	0.09031	0.18357	0.03070	0.11351	0.03899	0.01437	0.00608	0.00466	0.00144	0.00474	0.03572	0.01940	0.00609
50	0.01198	0.03498	0.26301	0.01354	0.01794	0.07215	0.23663	0.13780	0.02311	0.05347	0.00973	0.03687	0.00753	0.00498	0.00529	0.00146	0.05596	0.00440	0.00275	0.00641
51	0.87276	0.00876	0.00666	0.00596	0.00876	0.01017	0.00491	0.01332	0.00771	0.02033	0.00631	0.00736	0.00491	0.00421	0.00280	0.00140	0.00351	0.00245	0.00280	0.00491
52	0.01319	0.01189	0.04546	0.04302	0.39442	0.01193	0.07261	0.30426	0.01431	0.01970	0.00949	0.01136	0.00738	0.01492	0.00480	0.00141	0.00546	0.00416	0.00308	0.00716
53	0.04578	0.01037	0.01088	0.00902	0.01185	0.12158	0.02524	0.16129	0.09085	0.30416	0.06718	0.05580	0.01333	0.00633	0.00461	0.00142	0.00453	0.03539	0.01379	0.00658
54	0.01053	0.01024	0.01663	0.19969	0.50898	0.02932	0.02354	0.01306	0.00967	0.01350	0.00817	0.01131	0.00683	0.00512	0.01984	0.00155	0.09945	0.00403	0.00217	0.00635
55	0.00549	0.00407	0.00513	0.00598	0.00649	0.00371	0.00406	0.00635	0.00899	0.01170	0.02895	0.68686	0.17834	0.01368	0.00570	0.00178	0.00257	0.01225	0.00421	0.00371
56	0.02416	0.30769	0.19308	0.01075	0.03914	0.11052	0.04626	0.07362	0.08527	0.02206	0.01717	0.03442	0.00791	0.00478	0.00392	0.00126	0.00557	0.00364	0.00260	0.00619
57	0.04657	0.31272	0.18144	0.01019	0.03042	0.07600	0.03771	0.10925	0.02445	0.09288	0.02355	0.01006	0.00746	0.00487	0.01314	0.00130	0.00547	0.00337	0.00279	0.00634
58	0.00553	0.00446	0.00493	0.00522	0.00640	0.00387	0.00383	0.00667	0.01005	0.01241	0.07611	0.23533	0.55277	0.01207	0.00550	0.00162	0.00245	0.04270	0.00424	0.00383
59	0.00607	0.00448	0.00532	0.00574	0.00638	0.00423	0.00393	0.00722	0.03176	0.01161	0.05832	0.33917	0.20982	0.22606	0.01011	0.00241	0.00311	0.05676	0.00387	0.00363
60	0.03123	0.09042	0.16914	0.02745	0.02660	0.10224	0.03868	0.22469	0.09242	0.12747	0.01100	0.01142	0.00800	0.01379	0.00449	0.00138	0.00545	0.00387	0.00348	0.00678
61	0.01038	0.00953	0.01601	0.41202	0.35465	0.01050	0.04230	0.04658	0.01026	0.03202	0.00864	0.01175	0.00673	0.00436	0.00454	0.00143	0.00573	0.00410	0.00231	0.00614
62	0.00586	0.00428	0.00596	0.00680	0.00724	0.00406	0.02086	0.00686	0.00886	0.01179	0.02417	0.70767	0.02855	0.02617	0.01989	0.00199	0.00309	0.09804	0.00411	0.00378
63	0.03078	0.01734	0.35340	0.03426	0.14073	0.09808	0.15626	0.04277	0.02876	0.01470	0.00911	0.01092	0.01918	0.00448	0.00468	0.00142	0.02050	0.00394	0.00229	0.00640
64	0.00991	0.00940	0.01594	0.39544	0.43571	0.01032	0.01315	0.01274	0.00974	0.01330	0.00866	0.01252	0.00708	0.00446	0.00455	0.00144	0.00566	0.02170	0.00218	0.00613
65	0.00943	0.11637	0.72734	0.01233	0.01871	0.01136	0.01572	0.01426	0.00953	0.01393	0.00792	0.00931	0.00575	0.00426	0.00415	0.00138	0.00649	0.00324	0.00192	0.00660
66	0.01066	0.01290	0.13993	0.08355	0.45604	0.02494	0.15550	0.01390	0.01013	0.01427	0.00845	0.01113	0.00676	0.00419	0.00489	0.00142	0.02834	0.00415	0.00218	0.00666
67	0.01298	0.01070	0.04053	0.01001	0.02983	0.10661	0.07659	0.17364	0.09363	0.13964	0.09225	0.09268	0.05715	0.00682	0.00478	0.00144	0.00465	0.01596	0.02398	0.00614
68	0.01010	0.24995	0.54181	0.03463	0.01772	0.01265	0.03168	0.02847	0.00969	0.01351	0.00770	0.00909	0.00583	0.00420	0.00395	0.00131	0.00615	0.00317	0.00198	0.00641
69	0.00570	0.00411	0.00546	0.00640	0.00681	0.00381	0.00437	0.00658	0.00877	0.01174	0.02446	0.78221	0.02915	0.01382	0.00573	0.00182	0.00271	0.04409	0.00416	0.02810
70	0.01075	0.28501	0.34928	0.01309	0.09445	0.01316	0.08933	0.03657	0.04297	0.01381	0.00819	0.00959	0.00641	0.00420	0.00399	0.00129	0.00589	0.00341	0.00218	0.00645
71	0.01112	0.01054	0.01747	0.17744	0.58509	0.03345	0.04764	0.01385	0.01025	0.03719	0.00869	0.01146	0.00703	0.00418	0.00452	0.00138	0.00564	0.00408	0.00230	0.00669
72	0.01644	0.01971	0.01262	0.01127	0.01372	0.68282	0.00855	0.10018	0.04320	0.01343	0.03170	0.00954	0.00743	0.00494	0.00419	0.00121	0.00749	0.00328	0.00273	0.00555
73	0.00580	0.00469	0.00509	0.00507	0.00640	0.00412	0.00378	0.00730	0.02430	0.01331	0.18634	0.05539	0.56389	0.05909	0.00641	0.00170	0.00248	0.03667	0.00428	0.00392
74	0.03306	0.04843	0.02642	0.01047	0.02471	0.16372	0.07882	0.10687	0.25433	0.08743	0.04216	0.03332	0.02525	0.00657	0.02761	0.00157	0.00528	0.01389	0.00374	0.00634

[dist]
# distance from previous block
# <min> <max>
0	5

[block]
# block no. 5 follows, 57 sequences, length 6
# corresponding to MSA columns:
# 563-568
name=unknown_F
#
# <colnr> <probs for GDERKNQSTAVLIFYWHMCP>
#	G	D	E	R	K	N	Q	S	T	A	V	L	I	F	Y	W	H	M	C	P
0	0.00604	0.00463	0.00561	0.00609	0.00701	0.00432	0.00445	0.00781	0.04886	0.01309	0.12050	0.39040	0.26031	0.01226	0.00560	0.00171	0.00268	0.09030	0.00431	0.00401
1	0.00575	0.00410	0.00513	0.00586	0.00617	0.00385	0.00382	0.00639	0.00834	0.01099	0.02423	0.59217	0.08919	0.20041	0.00965	0.00239	0.00300	0.01120	0.00388	0.00348
2	0.01105	0.01176	0.05296	0.08268	0.28814	0.04851	0.22154	0.01639	0.18949	0.01522	0.01081	0.01262	0.00838	0.00453	0.00472	0.00145	0.00582	0.00455	0.00276	0.00661
3	0.00970	0.34573	0.31865	0.00959	0.01384	0.01238	0.01066	0.01263	0.00891	0.01202	0.00831	0.01051	0.00703	0.01083	0.18836	0.00257	0.00719	0.00332	0.00204	0.00575
4	0.01036	0.00989	0.01685	0.28593	0.56105	0.01054	0.01348	0.01316	0.00991	0.01377	0.00837	0.01149	0.00681	0.00420	0.00450	0.00140	0.00559	0.00403	0.00217	0.00649
5	0.01218	0.17088	0.48920	0.01087	0.01633	0.01102	0.01281	0.01595	0.01027	0.19440	0.00999	0.01046	0.00699	0.00452	0.00410	0.00134	0.00572	0.00345	0.00275	0.00676

[dist]
# distance from previous block
# <min> <max>
0	1

[block]
# block no. 6 follows, 57 sequences, length 13
# corresponding to MSA columns:
# 570-574,577-584
name=unknown_G
#
# <colnr> <probs for GDERKNQSTAVLIFYWHMCP>
#	G	D	E	R	K	N	Q	S	T	A	V	L	I	F	Y	W	H	M	C	P
0	0.01146	0.00965	0.05626	0.03725	0.16821	0.00869	0.20379	0.03864	0.04443	0.15936	0.03207	0.15337	0.04290	0.00653	0.00498	0.00151	0.00501	0.00625	0.00347	0.00616
1	0.00977	0.04595	0.63909	0.01279	0.04811	0.01095	0.01493	0.03788	0.10932	0.01524	0.00946	0.01051	0.00686	0.00454	0.00431	0.00143	0.00615	0.00359	0.00234	0.00678
2	0.00565	0.00400	0.00522	0.00614	0.00637	0.00377	0.00402	0.00634	0.00841	0.01122	0.02364	0.73672	0.02828	0.11757	0.00794	0.00216	0.00285	0.01209	0.00402	0.00356
3	0.01012	0.07953	0.42289	0.11456	0.01918	0.05981	0.08008	0.03934	0.04832	0.01431	0.04420	0.01133	0.00799	0.00471	0.00462	0.00142	0.02523	0.00385	0.00234	0.00619
4	0.01146	0.01041	0.01767	0.08175	0.48121	0.02168	0.13192	0.03748	0.02918	0.06321	0.04410	0.01360	0.00937	0.00464	0.00470	0.00141	0.00551	0.02131	0.00272	0.00669
5	0.01494	0.01091	0.16713	0.00896	0.01254	0.00811	0.00843	0.14688	0.01300	0.37509	0.03280	0.11685	0.01261	0.00647	0.00461	0.00144	0.00433	0.00535	0.04278	0.00678
6	0.00595	0.00471	0.00570	0.00636	0.03384	0.00430	0.00433	0.00750	0.03537	0.01304	0.13458	0.35808	0.34606	0.01186	0.00547	0.00163	0.00255	0.01038	0.00425	0.00405
7	0.01159	0.05258	0.38403	0.01052	0.02986	0.02493	0.01129	0.11199	0.03143	0.11349	0.01162	0.04354	0.00897	0.00530	0.00426	0.00138	0.00520	0.02063	0.11096	0.00642
8	0.01097	0.05097	0.04335	0.19874	0.24003	0.00990	0.02832	0.07661	0.05260	0.08383	0.01226	0.13607	0.01094	0.00610	0.00481	0.00147	0.01845	0.00539	0.00306	0.00611
9	0.00571	0.00412	0.00535	0.00612	0.00657	0.00383	0.00418	0.00669	0.00925	0.01236	0.12399	0.63136	0.08008	0.05012	0.00648	0.00189	0.00266	0.03125	0.00424	0.00373
10	0.08084	0.03485	0.24797	0.01059	0.01486	0.11295	0.01043	0.28067	0.02920	0.11977	0.01016	0.01049	0.00719	0.00492	0.00424	0.00136	0.00560	0.00364	0.00344	0.00684
11	0.01211	0.19364	0.18722	0.01478	0.19655	0.17697	0.04892	0.04244	0.03319	0.01357	0.00926	0.01065	0.03255	0.00453	0.00410	0.00127	0.00606	0.00359	0.00234	0.00625
12	0.01393	0.01378	0.04313	0.04116	0.04130	0.24305	0.26396	0.05414	0.01226	0.14563	0.07322	0.01310	0.01011	0.00491	0.00473	0.00138	0.00646	0.00453	0.00315	0.00607

[dist]
# distance from previous block
# <min> <max>
0	1

[block]
# block no. 7 follows, 57 sequences, length 77
# corresponding to MSA columns:
# 586-607,610-664
name=unknown_H
#
# <colnr> <probs for GDERKNQSTAVLIFYWHMCP>
#	G	D	E	R	K	N	Q	S	T	A	V	L	I	F	Y	W	H	M	C	P
0	0.19371	0.08090	0.11223	0.00947	0.01329	0.02914	0.02183	0.35212	0.03867	0.06398	0.00961	0.01003	0.00701	0.00483	0.00398	0.00133	0.00483	0.00352	0.00355	0.03598
1	0.00566	0.00459	0.00502	0.00498	0.00635	0.00396	0.00374	0.00706	0.01091	0.01373	0.23690	0.06650	0.58046	0.01102	0.00538	0.00152	0.00230	0.02158	0.00440	0.00394
2	0.01162	0.72994	0.06474	0.00801	0.01178	0.03183	0.00802	0.01323	0.00926	0.01092	0.00762	0.06102	0.00737	0.00458	0.00319	0.00105	0.00486	0.00316	0.00209	0.00571
3	0.00737	0.00558	0.00739	0.00729	0.05942	0.00498	0.00508	0.00950	0.01211	0.03066	0.61165	0.02870	0.05062	0.00805	0.00498	0.00131	0.00256	0.00709	0.00447	0.13119
4	0.01211	0.84348	0.02374	0.00775	0.01163	0.01793	0.00775	0.01357	0.00921	0.01066	0.00630	0.00727	0.00582	0.00388	0.00291	0.00097	0.00485	0.00242	0.00194	0.00582
5	0.01000	0.12101	0.65057	0.01237	0.01840	0.06385	0.03484	0.01450	0.00976	0.01370	0.00787	0.00927	0.00578	0.00427	0.00415	0.00136	0.00659	0.00326	0.00195	0.00648
