[name]
unknown

[dist]
# distance from previous block
# <min> <max>
1	587

[block]
# block no. 0 follows, 53 sequences, length 44
# corresponding to MSA columns:
# 696-739
name=unknown_A
#
# <colnr> <probs for GDERKNQSTAVLIFYWHMCP>
#	G	D	E	R	K	N	Q	S	T	A	V	L	I	F	Y	W	H	M	C	P
0	0.01263	0.10882	0.20375	0.01146	0.05743	0.10824	0.01941	0.05910	0.11446	0.08586	0.05457	0.03407	0.01148	0.00573	0.00455	0.00140	0.00546	0.03152	0.00334	0.06671
1	0.06258	0.11918	0.18010	0.01170	0.06410	0.03301	0.05796	0.12484	0.06377	0.14509	0.03674	0.01394	0.04404	0.00543	0.00450	0.00142	0.00529	0.00439	0.00355	0.01836
2	0.03119	0.12298	0.16103	0.01207	0.06822	0.03086	0.07967	0.11931	0.06947	0.09736	0.04314	0.02569	0.01020	0.00537	0.00468	0.00140	0.01869	0.01331	0.02631	0.05907
3	0.07647	0.13005	0.19669	0.01062	0.04169	0.05489	0.03723	0.06182	0.06225	0.10516	0.04766	0.01352	0.03701	0.00572	0.00488	0.03492	0.00520	0.00415	0.00323	0.06683
4	0.05084	0.11524	0.16259	0.01124	0.06098	0.11966	0.05171	0.01581	0.04058	0.13777	0.07003	0.03110	0.04283	0.03794	0.00528	0.00152	0.00545	0.00468	0.00332	0.03144
5	0.04472	0.10873	0.20469	0.03547	0.06666	0.03673	0.04064	0.03295	0.07289	0.06038	0.06504	0.01463	0.02354	0.00531	0.00440	0.00134	0.00515	0.02788	0.00309	0.14576
6	0.04977	0.07785	0.21659	0.02060	0.02643	0.02330	0.02137	0.06743	0.04143	0.11895	0.10085	0.03481	0.05109	0.00593	0.00451	0.00138	0.00476	0.00481	0.02416	0.10398
7	0.01344	0.14572	0.17668	0.01113	0.05231	0.02433	0.03814	0.07990	0.10309	0.16031	0.04335	0.01320	0.01018	0.00527	0.00466	0.00138	0.02405	0.00419	0.02366	0.06504
8	0.04696	0.09867	0.12730	0.01033	0.03162	0.03012	0.05845	0.08161	0.08981	0.15654	0.06861	0.03357	0.01175	0.00548	0.00446	0.00135	0.00483	0.00452	0.00372	0.13032
9	0.02587	0.14266	0.16328	0.01080	0.03356	0.10369	0.05504	0.07168	0.05081	0.11132	0.09499	0.06225	0.02796	0.00611	0.00461	0.00142	0.00536	0.00499	0.00347	0.02013
10	0.01406	0.15809	0.21700	0.01025	0.03275	0.03656	0.01003	0.06842	0.03109	0.22897	0.04793	0.02672	0.02397	0.00543	0.00440	0.00135	0.00510	0.00426	0.00364	0.06999
11	0.00991	0.03448	0.08842	0.00926	0.04740	0.03726	0.00752	0.09514	0.15142	0.01805	0.23686	0.07248	0.11861	0.00798	0.00507	0.00149	0.00390	0.00674	0.00423	0.04378
12	0.01298	0.10990	0.36279	0.03080	0.01697	0.04355	0.01242	0.18512	0.04972	0.07178	0.01099	0.01166	0.02408	0.00509	0.00445	0.00141	0.00593	0.00388	0.00312	0.03336
13	0.01174	0.16285	0.40277	0.04792	0.10246	0.01204	0.04411	0.03334	0.01080	0.09472	0.01035	0.01156	0.02526	0.00476	0.00441	0.00142	0.00613	0.00385	0.00260	0.00692
14	0.01205	0.04876	0.30022	0.04638	0.11109	0.03691	0.12412	0.08584	0.03039	0.08315	0.02489	0.01382	0.05033	0.00520	0.00479	0.00149	0.00617	0.00455	0.00297	0.00688
15	0.01059	0.23935	0.53689	0.01302	0.04639	0.01323	0.04872	0.01491	0.01007	0.01413	0.00813	0.00963	0.00618	0.00439	0.00420	0.00138	0.00654	0.00339	0.00206	0.00681
16	0.01064	0.01018	0.01744	0.27245	0.46144	0.01080	0.05698	0.01376	0.02326	0.01450	0.01060	0.01448	0.02917	0.00493	0.00488	0.00152	0.00587	0.02803	0.00245	0.00661
17	0.01343	0.04630	0.16522	0.04633	0.11721	0.08792	0.15690	0.03053	0.03517	0.17052	0.03574	0.03383	0.01023	0.00540	0.00489	0.00150	0.00609	0.02271	0.00330	0.00679
18	0.04782	0.06000	0.27234	0.00940	0.01296	0.00911	0.00963	0.06134	0.03488	0.08007	0.05339	0.06140	0.06228	0.11401	0.07409	0.00242	0.02034	0.00543	0.00324	0.00582
19	0.00663	0.00447	0.00584	0.00652	0.00713	0.00412	0.00448	0.00769	0.00996	0.04789	0.12154	0.63430	0.08108	0.02644	0.00624	0.00189	0.00277	0.01227	0.00458	0.00414
20	0.01085	0.07770	0.06552	0.04225	0.05949	0.05606	0.11404	0.05764	0.13284	0.03875	0.01566	0.16828	0.01503	0.05748	0.00629	0.00180	0.00517	0.06573	0.00352	0.00590
21	0.03371	0.17783	0.11995	0.02697	0.02947	0.03168	0.07773	0.12341	0.11685	0.10440	0.01231	0.06719	0.01000	0.00586	0.00501	0.00147	0.04121	0.00472	0.00346	0.00675
22	0.00682	0.00494	0.00671	0.00671	0.00731	0.00543	0.00482	0.00792	0.00757	0.01055	0.01514	0.02425	0.04843	0.30721	0.50776	0.00637	0.00955	0.00597	0.00276	0.00379
23	0.00630	0.00488	0.00577	0.00583	0.00704	0.00441	0.00432	0.00815	0.02923	0.01536	0.32752	0.17589	0.34138	0.01162	0.00573	0.00165	0.00251	0.03338	0.00476	0.00428
24	0.01285	0.02873	0.12561	0.10462	0.17882	0.02385	0.10590	0.11540	0.04563	0.11098	0.02351	0.04554	0.00950	0.00551	0.00535	0.00153	0.04168	0.00483	0.00325	0.00690
25	0.03615	0.10469	0.61186	0.01298	0.01920	0.05588	0.04562	0.03394	0.01053	0.01512	0.00837	0.00984	0.00614	0.00452	0.00438	0.00145	0.00685	0.00348	0.00216	0.00683
26	0.00920	0.00635	0.00797	0.00772	0.00913	0.00645	0.02410	0.01340	0.19561	0.09059	0.10653	0.35670	0.02499	0.06031	0.00665	0.00191	0.00335	0.03264	0.03113	0.00526
27	0.02965	0.05424	0.37521	0.02999	0.06511	0.05526	0.15942	0.03897	0.04786	0.03431	0.00932	0.01111	0.00698	0.00483	0.00537	0.00153	0.05751	0.00408	0.00248	0.00675
28	0.01227	0.03171	0.23656	0.01493	0.09332	0.01052	0.21116	0.05424	0.05471	0.13081	0.04680	0.04613	0.01098	0.00552	0.00502	0.00154	0.00602	0.01760	0.00329	0.00689
29	0.00985	0.00934	0.01583	0.58732	0.25968	0.01084	0.01369	0.01294	0.00995	0.01322	0.00864	0.01247	0.00673	0.00463	0.00476	0.00154	0.00617	0.00425	0.00220	0.00598
30	0.00640	0.03426	0.00681	0.00643	0.00741	0.00490	0.02843	0.00749	0.00974	0.01255	0.07765	0.38280	0.25614	0.10274	0.03185	0.00224	0.00339	0.01063	0.00412	0.00403
31	0.01466	0.01374	0.12181	0.01502	0.15970	0.11611	0.09490	0.07410	0.04652	0.20434	0.02597	0.04485	0.01005	0.00560	0.00518	0.00149	0.03058	0.00478	0.00359	0.00702
32	0.01314	0.01009	0.03858	0.04019	0.03417	0.03107	0.16101	0.09381	0.10536	0.17827	0.04607	0.04253	0.03689	0.07665	0.00692	0.00181	0.02401	0.01361	0.03940	0.00641
33	0.01166	0.01118	0.01910	0.07697	0.75589	0.01131	0.01458	0.01452	0.01080	0.01541	0.00896	0.01188	0.00750	0.00429	0.00473	0.00143	0.00572	0.00426	0.00235	0.00743
34	0.03381	0.01410	0.19326	0.06417	0.07379	0.07621	0.08599	0.07067	0.07550	0.14913	0.01281	0.08148	0.01027	0.00599	0.00518	0.00155	0.03087	0.00507	0.00344	0.00673
35	0.01078	0.07115	0.45716	0.01412	0.07803	0.01132	0.08889	0.05195	0.03525	0.04317	0.02863	0.05339	0.00907	0.00533	0.00491	0.00152	0.02134	0.00451	0.00264	0.00683
36	0.00665	0.00522	0.02970	0.00671	0.00771	0.00441	0.00506	0.00791	0.01002	0.04099	0.04890	0.50392	0.20502	0.01339	0.00594	0.00185	0.00301	0.08491	0.00443	0.00423
37	0.00896	0.00826	0.01376	0.77124	0.03126	0.01025	0.01266	0.01202	0.00949	0.01229	0.00891	0.01346	0.00688	0.02983	0.00533	0.00167	0.00619	0.00434	0.02800	0.00521
38	0.01421	0.01317	0.06506	0.01176	0.05713	0.21008	0.07240	0.05897	0.07187	0.17065	0.05279	0.08030	0.03168	0.00769	0.03263	0.00171	0.00595	0.03181	0.00382	0.00633
39	0.03335	0.01203	0.12572	0.03355	0.12131	0.03441	0.14953	0.05837	0.04202	0.18928	0.03969	0.08389	0.04257	0.00621	0.00502	0.00154	0.00543	0.00565	0.00369	0.00673
40	0.01785	0.02278	0.01354	0.01231	0.01478	0.81284	0.00924	0.01909	0.01354	0.01170	0.00739	0.00862	0.00616	0.00493	0.00431	0.00123	0.00862	0.00308	0.00246	0.00554
41	0.00944	0.00834	0.01444	0.01205	0.03307	0.00809	0.26308	0.04463	0.07080	0.04571	0.06200	0.29472	0.06138	0.01009	0.03717	0.00194	0.00516	0.00859	0.00380	0.00550
42	0.04243	0.03785	0.03832	0.04728	0.01535	0.53487	0.03264	0.05935	0.04018	0.05382	0.00927	0.03464	0.00762	0.00536	0.00464	0.00134	0.02250	0.00377	0.00287	0.00589
43	0.01234	0.00699	0.00837	0.03770	0.01011	0.02750	0.00557	0.01429	0.01937	0.25019	0.12127	0.05224	0.06071	0.06661	0.00597	0.00155	0.00354	0.00567	0.14563	0.14437

[dist]
# distance from previous block
# <min> <max>
0	2

[block]
# block no. 1 follows, 53 sequences, length 98
# corresponding to MSA columns:
# 744-755,759-844
name=unknown_B
#
# <colnr> <probs for GDERKNQSTAVLIFYWHMCP>
#	G	D	E	R	K	N	Q	S	T	A	V	L	I	F	Y	W	H	M	C	P
0	0.01204	0.05218	0.12393	0.01177	0.09419	0.09575	0.02333	0.10472	0.16179	0.04837	0.10229	0.03869	0.07475	0.00654	0.00480	0.00147	0.00493	0.00540	0.02657	0.00649
1	0.00861	0.00785	0.01284	0.62307	0.04769	0.00956	0.01151	0.01124	0.00934	0.01214	0.01121	0.12594	0.01040	0.04552	0.00623	0.00180	0.03187	0.00566	0.00248	0.00506
2	0.00974	0.00831	0.00973	0.00706	0.01114	0.00627	0.00561	0.01181	0.00988	0.01543	0.00924	0.04413	0.00810	0.00402	0.00365	0.00076	0.00351	0.00328	0.00290	0.82543
3	0.12029	0.20584	0.07693	0.00852	0.01259	0.02858	0.00777	0.09961	0.05644	0.05460	0.00926	0.01003	0.00729	0.00442	0.00372	0.00112	0.00455	0.00320	0.00307	0.28218
4	0.01122	0.33129	0.46423	0.01129	0.01701	0.01396	0.01346	0.01535	0.03159	0.03790	0.00846	0.00957	0.00650	0.00446	0.00400	0.00133	0.00614	0.00325	0.00223	0.00676
5	0.01549	0.01405	0.09761	0.04132	0.03330	0.07513	0.04224	0.38511	0.13112	0.07562	0.01231	0.01266	0.00893	0.00630	0.02546	0.00163	0.00578	0.00440	0.00409	0.00745
6	0.01012	0.10294	0.01141	0.00863	0.01008	0.00969	0.00697	0.08875	0.00961	0.05894	0.01150	0.01674	0.01060	0.11825	0.36507	0.00463	0.14330	0.00479	0.00288	0.00509
7	0.00673	0.00460	0.00522	0.00533	0.00549	0.00451	0.00311	0.00691	0.00750	0.00987	0.01899	0.11209	0.08454	0.68166	0.02094	0.00411	0.00426	0.00788	0.00318	0.00309
8	0.01701	0.01104	0.01231	0.00969	0.01299	0.01181	0.00785	0.48303	0.07825	0.17907	0.02827	0.01500	0.01083	0.06701	0.00621	0.00169	0.00472	0.00477	0.03092	0.00752
9	0.01177	0.01148	0.01867	0.10862	0.69573	0.04058	0.01433	0.01458	0.01085	0.01513	0.00888	0.01180	0.00740	0.00434	0.00472	0.00143	0.00586	0.00421	0.00234	0.00727
10	0.00607	0.00440	0.00601	0.04524	0.00819	0.00428	0.00488	0.00707	0.00914	0.01228	0.02484	0.74766	0.02939	0.01496	0.03157	0.00209	0.00325	0.01269	0.02201	0.00397
11	0.01278	0.83490	0.02505	0.00818	0.01227	0.01891	0.00818	0.01431	0.00971	0.01125	0.00664	0.00767	0.00613	0.00409	0.00307	0.00102	0.00511	0.00256	0.00204	0.00613
12	0.01817	0.01339	0.01434	0.01100	0.01482	0.01482	0.00908	0.78627	0.02247	0.03012	0.01148	0.01148	0.00813	0.00574	0.00478	0.00143	0.00526	0.00430	0.00478	0.00813
13	0.07089	0.01464	0.01339	0.01083	0.01423	0.16821	0.00872	0.51574	0.09474	0.02504	0.01116	0.01131	0.00819	0.00557	0.00458	0.00142	0.00567	0.00407	0.00423	0.00739
14	0.00585	0.00418	0.00557	0.00664	0.00694	0.00390	0.00444	0.00672	0.00927	0.01239	0.04676	0.80796	0.03197	0.01484	0.00609	0.00193	0.00276	0.01346	0.00446	0.00390
15	0.01183	0.01136	0.01940	0.02934	0.80221	0.01136	0.01467	0.01467	0.01088	0.01562	0.00899	0.01183	0.00757	0.00426	0.00473	0.00142	0.00568	0.00426	0.00237	0.00757
16	0.01118	0.01069	0.01822	0.21405	0.62261	0.01118	0.01434	0.01410	0.01057	0.01482	0.00887	0.01204	0.00729	0.00438	0.00474	0.00146	0.00584	0.00426	0.00231	0.00704
17	0.01785	0.02278	0.01354	0.01231	0.01478	0.81284	0.00924	0.01909	0.01354	0.01170	0.00739	0.00862	0.00616	0.00493	0.00431	0.00123	0.00862	0.00308	0.00246	0.00554
18	0.01231	0.01048	0.01104	0.00981	0.01259	0.01209	0.00767	0.07641	0.74187	0.02067	0.01892	0.01741	0.01416	0.00643	0.00486	0.00161	0.00388	0.00533	0.00486	0.00760
19	0.04911	0.00889	0.01085	0.00883	0.01217	0.00879	0.00714	0.02366	0.27451	0.51395	0.01861	0.01648	0.01251	0.00605	0.00476	0.00153	0.00396	0.00493	0.00546	0.00784
20	0.00691	0.00464	0.00532	0.00535	0.00539	0.00466	0.00306	0.00700	0.00704	0.00943	0.01531	0.05447	0.01759	0.77698	0.05429	0.00467	0.00489	0.00708	0.00293	0.00298
21	0.00671	0.00488	0.00632	0.00596	0.00711	0.00449	0.00447	0.00892	0.01340	0.01887	0.76406	0.03619	0.08091	0.00988	0.00564	0.00151	0.00226	0.00871	0.00522	0.00449
22	0.01132	0.01084	0.01848	0.17263	0.66288	0.01122	0.01442	0.01422	0.01064	0.01500	0.00890	0.01199	0.00735	0.00435	0.00474	0.00145	0.00580	0.00426	0.00232	0.00716
23	0.01158	0.01110	0.01895	0.10030	0.73321	0.01129	0.01454	0.01445	0.01076	0.01531	0.00895	0.01191	0.00746	0.00431	0.00474	0.00144	0.00574	0.00426	0.00234	0.00737
24	0.00588	0.00433	0.00551	0.00632	0.00688	0.00396	0.00432	0.00689	0.00979	0.01291	0.09669	0.64162	0.14918	0.01409	0.00599	0.00185	0.00267	0.01263	0.00451	0.00396
25	0.01129	0.01080	0.01842	0.18197	0.65380	0.01121	0.01440	0.01419	0.01063	0.01496	0.00889	0.01201	0.00734	0.00436	0.00474	0.00145	0.00581	0.00426	0.00232	0.00713
26	0.01510	0.01727	0.01577	0.01315	0.01611	0.43258	0.16545	0.08813	0.10100	0.01512	0.01086	0.04733	0.00916	0.00564	0.00482	0.00143	0.00730	0.02462	0.00307	0.00608
27	0.00695	0.00463	0.00521	0.00521	0.00521	0.00463	0.00290	0.00695	0.00695	0.00927	0.01506	0.03128	0.01738	0.83203	0.02433	0.00463	0.00463	0.00695	0.00290	0.00290
28	0.02688	0.01171	0.01218	0.01006	0.01330	0.03618	0.00805	0.34073	0.37579	0.03858	0.01501	0.01437	0.01108	0.00594	0.00470	0.00148	0.00451	0.00469	0.01661	0.04816
29	0.08085	0.00881	0.01063	0.00852	0.01180	0.00857	0.00698	0.14554	0.06360	0.42739	0.06396	0.01765	0.01345	0.00627	0.00471	0.00147	0.00405	0.04091	0.02701	0.04785
30	0.03897	0.01059	0.01166	0.00942	0.01270	0.06573	0.03192	0.17524	0.18276	0.23841	0.03326	0.01672	0.06679	0.00615	0.00472	0.00143	0.00448	0.00496	0.00465	0.07945
31	0.01126	0.01284	0.02793	0.01999	0.02473	0.01214	0.76899	0.01523	0.01120	0.01523	0.00960	0.01284	0.00723	0.00412	0.00585	0.00162	0.02475	0.00561	0.00241	0.00642
32	0.00596	0.00431	0.00564	0.00650	0.00698	0.00399	0.00445	0.00700	0.00981	0.01310	0.11868	0.67053	0.08345	0.01414	0.00603	0.00187	0.00272	0.02632	0.00453	0.00398
33	0.04821	0.64795	0.08833	0.00868	0.01290	0.05280	0.00875	0.01445	0.00986	0.01227	0.00695	0.00805	0.00614	0.00415	0.00327	0.00107	0.00528	0.00268	0.00215	0.05606
34	0.11963	0.01061	0.01235	0.01000	0.01327	0.02619	0.06733	0.20767	0.23299	0.13761	0.04729	0.01553	0.01199	0.00592	0.00467	0.00150	0.00454	0.02307	0.00445	0.04341
35	0.00625	0.00446	0.00593	0.00651	0.00698	0.00435	0.00447	0.00734	0.00948	0.01294	0.15855	0.49500	0.02982	0.11000	0.11185	0.00291	0.00418	0.01088	0.00416	0.00393
36	0.00604	0.00433	0.00578	0.00682	0.00723	0.00407	0.00475	0.00707	0.00952	0.01268	0.05485	0.71087	0.04367	0.01456	0.00613	0.00195	0.00291	0.08836	0.00446	0.00396
37	0.01171	0.01154	0.01874	0.13389	0.63955	0.04724	0.03866	0.01456	0.01084	0.01498	0.00887	0.01184	0.00734	0.00435	0.00475	0.00144	0.00598	0.00425	0.00234	0.00714
38	0.01236	0.72767	0.12857	0.00890	0.01338	0.01788	0.00943	0.01442	0.00976	0.01176	0.00690	0.00799	0.00612	0.00415	0.00326	0.00109	0.00537	0.00268	0.00204	0.00626
39	0.00726	0.00519	0.00710	0.00805	0.00897	0.00511	0.00668	0.00911	0.01063	0.01393	0.06466	0.18126	0.04477	0.05199	0.00729	0.00222	0.00399	0.55315	0.00438	0.00424
40	0.02980	0.01210	0.01366	0.01196	0.07627	0.07385	0.04104	0.35622	0.10919	0.15523	0.03463	0.01434	0.02056	0.02269	0.00520	0.00152	0.00514	0.00469	0.00445	0.00745
41	0.28601	0.01148	0.01020	0.00891	0.01151	0.13442	0.00708	0.06700	0.19091	0.08607	0.07266	0.01353	0.01142	0.00588	0.00498	0.00152	0.06224	0.00419	0.00381	0.00617
42	0.00582	0.00416	0.00555	0.00666	0.00693	0.00388	0.00444	0.00666	0.00915	0.01220	0.02634	0.82891	0.03161	0.01497	0.00610	0.00194	0.00277	0.01359	0.00444	0.00388
43	0.01785	0.02278	0.01354	0.01231	0.01478	0.81284	0.00924	0.01909	0.01354	0.01170	0.00739	0.00862	0.00616	0.00493	0.00431	0.00123	0.00862	0.00308	0.00246	0.00554
44	0.00582	0.00416	0.00555	0.00666	0.00693	0.00388	0.00444	0.00666	0.00915	0.01220	0.02634	0.82891	0.03161	0.01497	0.00610	0.00194	0.00277	0.01359	0.00444	0.00388
45	0.01478	0.01170	0.01243	0.01031	0.01353	0.01324	0.00826	0.37516	0.43911	0.02465	0.01579	0.01491	0.01162	0.00614	0.00483	0.00154	0.00446	0.00490	0.00483	0.00782
46	0.01183	0.01136	0.01940	0.02934	0.80221	0.01136	0.01467	0.01467	0.01088	0.01562	0.00899	0.01183	0.00757	0.00426	0.00473	0.00142	0.00568	0.00426	0.00237	0.00757
47	0.00683	0.00512	0.00768	0.00768	0.00853	0.00597	0.00597	0.00853	0.00768	0.01110	0.01280	0.01878	0.01195	0.03585	0.81308	0.00768	0.01280	0.00512	0.00256	0.00427
48	0.00598	0.00473	0.00539	0.00549	0.00673	0.00413	0.00402	0.00740	0.01128	0.01447	0.24675	0.18708	0.45559	0.01200	0.00573	0.00164	0.00244	0.01034	0.00466	0.00413
49	0.01789	0.01325	0.01419	0.01094	0.01471	0.01469	0.00902	0.75214	0.05707	0.02967	0.01183	0.01176	0.00842	0.00577	0.00479	0.00144	0.00519	0.00435	0.00479	0.00810
50	0.00959	0.02472	0.80726	0.01362	0.02069	0.01110	0.01766	0.01514	0.01009	0.01514	0.00858	0.01009	0.00605	0.00454	0.00454	0.00151	0.00706	0.00353	0.00202	0.00706
51	0.00726	0.00507	0.00611	0.00573	0.00720	0.00449	0.00434	0.00911	0.01256	0.06572	0.47316	0.03830	0.32248	0.01040	0.00559	0.00154	0.00243	0.00894	0.00500	0.00456
52	0.01821	0.00782	0.00999	0.00790	0.01103	0.00718	0.00644	0.09177	0.01384	0.55557	0.05462	0.01702	0.01314	0.00602	0.00458	0.00141	0.00377	0.00488	0.15751	0.00731
53	0.01740	0.01015	0.01207	0.00966	0.01309	0.01050	0.02176	0.21934	0.24479	0.35070	0.01738	0.01585	0.02247	0.00609	0.00484	0.00151	0.00434	0.00494	0.00523	0.00788
54	0.02144	0.00813	0.01109	0.00850	0.01220	0.00702	0.00702	0.02329	0.01368	0.80552	0.01886	0.01627	0.01183	0.00592	0.00481	0.00148	0.00407	0.00481	0.00592	0.00813
55	0.00581	0.00440	0.00537	0.00609	0.00680	0.00396	0.00420	0.00682	0.00987	0.01273	0.06763	0.55960	0.26169	0.01388	0.00594	0.00182	0.00264	0.01232	0.00447	0.00396
56	0.00977	0.00680	0.00815	0.00723	0.00907	0.00683	0.00559	0.09873	0.12181	0.07860	0.50277	0.04210	0.06564	0.00876	0.00538	0.00152	0.00295	0.00757	0.00515	0.00557
57	0.01076	0.32349	0.51880	0.01162	0.01758	0.01398	0.01416	0.01483	0.00995	0.01370	0.00786	0.00920	0.00608	0.00437	0.00400	0.00133	0.00634	0.00317	0.00203	0.00672
58	0.01894	0.00826	0.01069	0.00842	0.01181	0.00756	0.00688	0.06692	0.07221	0.61795	0.06514	0.01864	0.05114	0.00646	0.00490	0.00149	0.00393	0.00529	0.00566	0.00769
59	0.01183	0.01136	0.01940	0.02934	0.80221	0.01136	0.01467	0.01467	0.01088	0.01562	0.00899	0.01183	0.00757	0.00426	0.00473	0.00142	0.00568	0.00426	0.00237	0.00757
60	0.00584	0.00425	0.00551	0.00650	0.00693	0.00393	0.00441	0.00673	0.00937	0.01231	0.02865	0.73310	0.11238	0.01464	0.00606	0.00191	0.00276	0.02637	0.00444	0.00391
61	0.01183	0.01136	0.01940	0.02934	0.80221	0.01136	0.01467	0.01467	0.01088	0.01562	0.00899	0.01183	0.00757	0.00426	0.00473	0.00142	0.00568	0.00426	0.00237	0.00757
62	0.00757	0.00551	0.00746	0.00832	0.00948	0.00547	0.00713	0.00999	0.03182	0.01472	0.08956	0.06874	0.07350	0.01272	0.00641	0.00209	0.00406	0.62649	0.00449	0.00446
63	0.01363	0.01120	0.01130	0.00979	0.01265	0.06785	0.00770	0.14351	0.52323	0.07346	0.03891	0.01732	0.03493	0.00646	0.00485	0.00155	0.00430	0.00524	0.00475	0.00737
64	0.01263	0.79648	0.06214	0.00844	0.01267	0.01854	0.00863	0.01435	0.00973	0.01143	0.00674	0.00778	0.00613	0.00411	0.00314	0.00105	0.00520	0.00260	0.00204	0.00618
65	0.00644	0.00487	0.00593	0.00567	0.00694	0.00437	0.00425	0.00838	0.01275	0.01733	0.57873	0.03873	0.26720	0.01046	0.00564	0.00154	0.00230	0.00907	0.00502	0.00437
66	0.12989	0.04829	0.01138	0.00843	0.01186	0.02708	0.04232	0.07764	0.04296	0.16524	0.02217	0.04958	0.01018	0.00567	0.00457	0.02417	0.00420	0.02374	0.00373	0.28690
67	0.03108	0.00862	0.01091	0.00823	0.01208	0.00744	0.00675	0.07311	0.01312	0.51055	0.01515	0.01396	0.01009	0.00519	0.00441	0.00125	0.00399	0.00417	0.00490	0.25499
68	0.01745	0.00728	0.00989	0.00802	0.01100	0.00640	0.00656	0.01941	0.01345	0.58756	0.17775	0.02299	0.01974	0.00724	0.00511	0.00154	0.00372	0.06208	0.00567	0.00712
69	0.00634	0.00478	0.00563	0.00555	0.00679	0.00427	0.00411	0.00806	0.01196	0.01606	0.40385	0.10988	0.33538	0.01095	0.00558	0.00157	0.00236	0.00946	0.04315	0.00427
70	0.01038	0.01091	0.06972	0.08458	0.25128	0.06005	0.05250	0.01478	0.13724	0.01539	0.06104	0.12799	0.01530	0.00713	0.00514	0.00160	0.00515	0.06024	0.00333	0.00625
71	0.00709	0.00466	0.00611	0.00667	0.00742	0.00431	0.00474	0.00829	0.01026	0.06403	0.14009	0.54306	0.08080	0.03202	0.00637	0.00190	0.00290	0.06039	0.00461	0.00427
72	0.00969	0.00485	0.00500	0.00480	0.00610	0.00484	0.00365	0.03207	0.01051	0.05210	0.01562	0.01759	0.01212	0.00559	0.00344	0.00114	0.00239	0.00447	0.79932	0.00471
73	0.01640	0.01255	0.01276	0.01017	0.01348	0.05902	0.00826	0.57122	0.10132	0.02656	0.01256	0.01273	0.00918	0.00575	0.00459	0.00140	0.00494	0.00437	0.10527	0.00749
74	0.00982	0.00890	0.06247	0.07537	0.10869	0.03227	0.05700	0.03154	0.02248	0.07232	0.07500	0.07300	0.08115	0.18286	0.06166	0.00261	0.02790	0.00635	0.00333	0.00526
75	0.00590	0.00428	0.00552	0.00648	0.00690	0.00397	0.00439	0.00677	0.00929	0.01222	0.02811	0.70098	0.10767	0.04450	0.00674	0.00201	0.00285	0.03317	0.00438	0.00388
76	0.01112	0.01156	0.01454	0.01253	0.01275	0.08584	0.01035	0.01218	0.00788	0.01152	0.00637	0.01029	0.00626	0.00806	0.01467	0.00201	0.75061	0.00408	0.00212	0.00526
77	0.01114	0.01090	0.02114	0.11643	0.05196	0.01092	0.45685	0.03199	0.06217	0.03604	0.01063	0.01356	0.00813	0.00532	0.00628	0.05141	0.02759	0.00515	0.05633	0.00609
78	0.01085	0.00945	0.01044	0.04354	0.02737	0.02185	0.00758	0.02111	0.57766	0.01820	0.04647	0.07756	0.04652	0.00751	0.00538	0.00166	0.02982	0.02571	0.00454	0.00679
79	0.00683	0.00512	0.00768	0.00768	0.00853	0.00597	0.00597	0.00853	0.00768	0.01110	0.01280	0.01878	0.01195	0.03585	0.81308	0.00768	0.01280	0.00512	0.00256	0.00427
80	0.06515	0.00886	0.02566	0.00879	0.01231	0.00802	0.02761	0.09285	0.02797	0.56891	0.07273	0.01716	0.02944	0.00615	0.00480	0.00149	0.00415	0.00503	0.00539	0.00756
81	0.01126	0.44940	0.39724	0.01077	0.01627	0.01520	0.01269	0.01470	0.00989	0.01310	0.00756	0.00882	0.00610	0.00430	0.00377	0.00126	0.00604	0.00302	0.00203	0.00658
82	0.00693	0.00462	0.00522	0.00524	0.00525	0.00462	0.00293	0.00694	0.00700	0.00933	0.01530	0.04814	0.01768	0.81476	0.02394	0.00458	0.00459	0.00709	0.00293	0.00292
83	0.11425	0.12421	0.05010	0.00986	0.01375	0.01370	0.00863	0.45718	0.01738	0.12913	0.01112	0.01111	0.00792	0.00534	0.00433	0.00139	0.00498	0.00390	0.00423	0.00747
84	0.03167	0.01216	0.01527	0.01324	0.08537	0.08988	0.14235	0.19316	0.15874	0.06820	0.03856	0.02700	0.01061	0.00543	0.00479	0.00142	0.00543	0.00477	0.00380	0.08816
85	0.01094	0.01040	0.04008	0.01099	0.01237	0.06153	0.06287	0.02877	0.03435	0.06674	0.01437	0.06728	0.09285	0.03009	0.01063	0.00188	0.39412	0.00558	0.03873	0.00542
86	0.00658	0.00450	0.00543	0.00587	0.00602	0.00441	0.00364	0.00697	0.00790	0.01051	0.01947	0.31343	0.02282	0.50976	0.01716	0.00358	0.00397	0.04117	0.00350	0.00331
87	0.00662	0.00453	0.00549	0.00589	0.00605	0.00446	0.00368	0.00702	0.00786	0.01048	0.01910	0.28858	0.02229	0.51427	0.03571	0.00373	0.00421	0.04328	0.00345	0.00331
88	0.00967	0.04633	0.78640	0.01348	0.02046	0.01131	0.01741	0.01511	0.01008	0.01503	0.00853	0.01003	0.00606	0.00453	0.00450	0.00150	0.00701	0.00351	0.00202	0.00704
89	0.01663	0.01770	0.01321	0.01151	0.01392	0.52811	0.04531	0.01815	0.01263	0.12011	0.00967	0.01081	0.00752	0.00536	0.00532	0.00135	0.07617	0.00365	0.07707	0.00582
90	0.00830	0.00415	0.00623	0.00623	0.00623	0.00415	0.00415	0.00623	0.00623	0.00830	0.00830	0.01453	0.00830	0.01660	0.01868	0.86094	0.00415	0.00415	0.00208	0.00208
91	0.01096	0.01229	0.02611	0.01948	0.05846	0.01165	0.68517	0.01469	0.01114	0.01509	0.01180	0.01470	0.05323	0.00462	0.00586	0.00162	0.02849	0.00580	0.00252	0.00633
92	0.01108	0.01059	0.01804	0.24122	0.59620	0.01116	0.01430	0.01401	0.01053	0.01470	0.00886	0.01207	0.00725	0.00440	0.00474	0.00147	0.00586	0.00426	0.00230	0.00697
93	0.00912	0.00763	0.00777	0.00718	0.00908	0.04926	0.00549	0.06108	0.19183	0.03321	0.17598	0.05745	0.31190	0.03057	0.00583	0.00166	0.00334	0.02171	0.00460	0.00533
94	0.00582	0.00416	0.00555	0.00666	0.00693	0.00388	0.00444	0.00666	0.00915	0.01220	0.02634	0.82891	0.03161	0.01497	0.00610	0.00194	0.00277	0.01359	0.00444	0.00388
95	0.03004	0.01266	0.01290	0.01050	0.01355	0.11832	0.02244	0.33493	0.12696	0.11582	0.01333	0.02633	0.02438	0.00611	0.00556	0.00148	0.06961	0.00456	0.01628	0.03425
96	0.00630	0.00487	0.00629	0.00644	0.00728	0.00448	0.03658	0.00727	0.00944	0.01214	0.04585	0.36673	0.25276	0.17962	0.00966	0.00238	0.00330	0.03070	0.00406	0.00386
97	0.01183	0.01136	0.01940	0.02934	0.80221	0.01136	0.01467	0.01467	0.01088	0.01562	0.00899	0.01183	0.00757	0.00426	0.00473	0.00142	0.00568	0.00426	0.00237	0.00757

[dist]
# distance from previous block
# <min> <max>
0	2

[block]
# block no. 2 follows, 53 sequences, length 27
# corresponding to MSA columns:
# 847-873
name=unknown_C
#
# <colnr> <probs for GDERKNQSTAVLIFYWHMCP>
#	G	D	E	R	K	N	Q	S	T	A	V	L	I	F	Y	W	H	M	C	P
0	0.01086	0.34770	0.49543	0.01145	0.01733	0.01421	0.01388	0.01481	0.00994	0.01359	0.00781	0.00912	0.00609	0.00436	0.00395	0.00132	0.00629	0.00314	0.00203	0.00669
1	0.01136	0.01073	0.01755	0.06741	0.62984	0.01049	0.01309	0.01410	0.01065	0.01543	0.00888	0.01156	0.00743	0.00417	0.00454	0.00131	0.00536	0.00402	0.00243	0.14966
2	0.00604	0.00487	0.00535	0.00535	0.00676	0.00423	0.00403	0.00748	0.01130	0.01419	0.20530	0.06081	0.55907	0.03611	0.00626	0.00172	0.00256	0.04990	0.00457	0.00412
3	0.08765	0.01078	0.06021	0.00971	0.01324	0.03749	0.06814	0.14916	0.08131	0.23545	0.06511	0.03073	0.05370	0.00610	0.00471	0.00145	0.00460	0.00504	0.00437	0.07105
4	0.01785	0.02278	0.01354	0.01231	0.01478	0.81284	0.00924	0.01909	0.01354	0.01170	0.00739	0.00862	0.00616	0.00493	0.00431	0.00123	0.00862	0.00308	0.00246	0.00554
5	0.01176	0.01005	0.01149	0.00894	0.01241	0.09255	0.06628	0.06961	0.01196	0.07544	0.08291	0.03841	0.02833	0.00546	0.00438	0.00112	0.00446	0.03088	0.00349	0.43007
6	0.01694	0.01228	0.01333	0.01048	0.01392	0.01348	0.00854	0.68527	0.02085	0.04699	0.01323	0.09814	0.01070	0.00672	0.00492	0.00149	0.00497	0.00530	0.00477	0.00768
7	0.01183	0.01136	0.01940	0.02934	0.80221	0.01136	0.01467	0.01467	0.01088	0.01562	0.00899	0.01183	0.00757	0.00426	0.00473	0.00142	0.00568	0.00426	0.00237	0.00757
8	0.00614	0.00439	0.00591	0.00683	0.00721	0.00427	0.00474	0.00711	0.00899	0.01205	0.02412	0.63550	0.02833	0.06854	0.09273	0.00274	0.00407	0.06827	0.00414	0.00390
9	0.00932	0.00880	0.01487	0.73677	0.11437	0.01070	0.01342	0.01247	0.00970	0.01257	0.00855	0.01265	0.00650	0.00472	0.00477	0.00157	0.00630	0.00425	0.00215	0.00555
10	0.00663	0.00488	0.00620	0.00587	0.00705	0.00445	0.00440	0.00875	0.01320	0.01838	0.70574	0.03699	0.13953	0.01006	0.00564	0.00152	0.00228	0.00882	0.00516	0.00445
11	0.01278	0.83490	0.02505	0.00818	0.01227	0.01891	0.00818	0.01431	0.00971	0.01125	0.00664	0.00767	0.00613	0.00409	0.00307	0.00102	0.00511	0.00256	0.00204	0.00613
12	0.00581	0.00420	0.00551	0.00656	0.00691	0.00389	0.00439	0.00667	0.00925	0.01224	0.02755	0.78605	0.07368	0.01482	0.00608	0.00192	0.00275	0.01340	0.00444	0.00389
13	0.00941	0.00888	0.01502	0.71324	0.13725	0.01072	0.01346	0.01255	0.00974	0.01267	0.00856	0.01262	0.00653	0.00471	0.00477	0.00157	0.00628	0.00425	0.00216	0.00562
14	0.00652	0.00445	0.00534	0.00576	0.00586	0.00435	0.00348	0.00684	0.00778	0.01038	0.01933	0.33307	0.02276	0.52289	0.01743	0.00361	0.00393	0.00946	0.00348	0.00327
15	0.00685	0.00502	0.00715	0.00715	0.00782	0.00569	0.00531	0.00819	0.00752	0.01070	0.01329	0.02147	0.01312	0.20708	0.64345	0.00703	0.01105	0.00551	0.00263	0.00397
16	0.11409	0.00821	0.01040	0.00812	0.01162	0.00750	0.00669	0.04017	0.01310	0.66207	0.01717	0.01529	0.01103	0.00573	0.00453	0.00146	0.00397	0.00453	0.04668	0.00763
17	0.01011	0.15783	0.67875	0.01273	0.01930	0.01238	0.01610	0.01500	0.01003	0.01450	0.00826	0.00969	0.00607	0.00447	0.00430	0.00143	0.00674	0.00337	0.00202	0.00691
18	0.00592	0.00423	0.00566	0.00677	0.00709	0.00397	0.00461	0.00683	0.00925	0.01231	0.02629	0.78798	0.03140	0.01488	0.00613	0.00195	0.00286	0.05353	0.00443	0.00391
19	0.00661	0.00499	0.00613	0.00595	0.00716	0.00460	0.00442	0.00890	0.03958	0.01720	0.53841	0.11146	0.20556	0.01065	0.00566	0.00157	0.00239	0.00930	0.00499	0.00445
20	0.01652	0.01444	0.01400	0.01139	0.01454	0.22562	0.06866	0.37534	0.01708	0.08715	0.01244	0.09777	0.01033	0.00638	0.00486	0.00145	0.00601	0.00511	0.00404	0.00686
21	0.01413	0.00802	0.00978	0.00811	0.01066	0.00789	0.00644	0.21523	0.01536	0.26365	0.25097	0.10768	0.04493	0.00815	0.00521	0.00153	0.00365	0.00690	0.00523	0.00649
22	0.81571	0.00953	0.00733	0.00651	0.00948	0.03006	0.00534	0.01450	0.00846	0.04860	0.00710	0.00808	0.00543	0.00450	0.00306	0.00147	0.00383	0.00268	0.00305	0.00529
23	0.00599	0.00476	0.00541	0.00561	0.00687	0.00418	0.00417	0.00737	0.01103	0.01393	0.17025	0.18799	0.48478	0.01230	0.00579	0.00169	0.00258	0.05662	0.00458	0.00411
24	0.00681	0.00459	0.00528	0.00535	0.00563	0.00444	0.00324	0.00684	0.00765	0.00994	0.02049	0.08033	0.14536	0.56196	0.01957	0.09464	0.00411	0.00757	0.00316	0.00306
25	0.01511	0.01113	0.01228	0.01001	0.01328	0.06751	0.03563	0.15078	0.30721	0.18642	0.01521	0.01452	0.01100	0.00575	0.00494	0.00144	0.02479	0.00462	0.00452	0.10383
26	0.01279	0.01383	0.01260	0.01110	0.01274	0.30252	0.03539	0.04994	0.02893	0.01404	0.09351	0.04418	0.01301	0.00728	0.00786	0.00160	0.23422	0.05108	0.02729	0.02612

[dist]
# distance from previous block
# <min> <max>
0	3

[block]
# block no. 3 follows, 53 sequences, length 54
# corresponding to MSA columns:
# 877-930
name=unknown_D
#
# <colnr> <probs for GDERKNQSTAVLIFYWHMCP>
#	G	D	E	R	K	N	Q	S	T	A	V	L	I	F	Y	W	H	M	C	P
0	0.01236	0.01153	0.01898	0.02781	0.73661	0.01165	0.01420	0.07895	0.01185	0.01682	0.00920	0.01180	0.00762	0.00438	0.00474	0.00142	0.00564	0.00426	0.00257	0.00762
1	0.01128	0.01504	0.18381	0.08116	0.01957	0.11278	0.24955	0.03841	0.07278	0.01529	0.02633	0.03233	0.03600	0.00528	0.00495	0.00148	0.00656	0.01557	0.00280	0.06904
2	0.62318	0.00892	0.00819	0.00692	0.01009	0.00966	0.00571	0.01671	0.00973	0.24673	0.01016	0.01021	0.00709	0.00486	0.00349	0.00148	0.00380	0.00323	0.00381	0.00603
3	0.00593	0.00421	0.00551	0.00652	0.00677	0.00396	0.00429	0.00668	0.00894	0.01192	0.02525	0.75139	0.03023	0.09437	0.00787	0.00220	0.00295	0.01294	0.00429	0.00379
4	0.02829	0.00990	0.01269	0.00949	0.01342	0.02283	0.09601	0.11765	0.07108	0.09956	0.03639	0.01248	0.00947	0.00460	0.00425	0.00111	0.00441	0.00393	0.00359	0.43886
5	0.00610	0.00461	0.00670	0.00734	0.00785	0.00430	0.04428	0.00710	0.00926	0.01236	0.02549	0.78724	0.03037	0.01442	0.00608	0.00192	0.00304	0.01318	0.00433	0.00401
6	0.00582	0.00416	0.00555	0.00666	0.00693	0.00388	0.00444	0.00666	0.00915	0.01220	0.02634	0.82891	0.03161	0.01497	0.00610	0.00194	0.00277	0.01359	0.00444	0.00388
7	0.86579	0.00924	0.00702	0.00629	0.00924	0.01072	0.00518	0.01405	0.00813	0.02144	0.00666	0.00776	0.00518	0.00444	0.00296	0.00148	0.00370	0.00259	0.00296	0.00518
8	0.01629	0.01509	0.01339	0.01112	0.01419	0.26169	0.03434	0.36106	0.08748	0.04272	0.03320	0.02891	0.02971	0.00610	0.00478	0.00143	0.00602	0.02162	0.00401	0.00686
9	0.00778	0.00522	0.00637	0.00593	0.00740	0.00475	0.00450	0.01002	0.03151	0.07452	0.50612	0.03555	0.22379	0.00979	0.00546	0.00151	0.00246	0.00845	0.04415	0.00473
10	0.00580	0.00423	0.00547	0.00646	0.00688	0.00390	0.00435	0.00668	0.00934	0.01228	0.02872	0.74457	0.11441	0.01467	0.00605	0.00191	0.00274	0.01321	0.00444	0.00390
11	0.01063	0.00888	0.00965	0.00889	0.01114	0.00997	0.00686	0.04603	0.55951	0.01906	0.10157	0.10484	0.04453	0.00804	0.00514	0.00165	0.00354	0.02856	0.00483	0.00669
12	0.03456	0.00980	0.01008	0.00870	0.01082	0.12661	0.04303	0.10100	0.08773	0.05883	0.30158	0.02463	0.09971	0.03323	0.00600	0.00159	0.02567	0.00649	0.00436	0.00558
13	0.00588	0.00421	0.00560	0.00661	0.00695	0.00392	0.00444	0.00681	0.00943	0.01265	0.07630	0.77767	0.03248	0.01464	0.00607	0.00191	0.00274	0.01327	0.00449	0.00392
14	0.00658	0.00553	0.00579	0.00561	0.00730	0.00509	0.00424	0.00948	0.11030	0.01460	0.13929	0.04114	0.60579	0.01110	0.00555	0.00160	0.00257	0.00931	0.00460	0.00454
15	0.05699	0.01770	0.01332	0.01158	0.01413	0.48899	0.03193	0.08231	0.04571	0.09348	0.00968	0.02593	0.00772	0.00559	0.00538	0.00140	0.07519	0.00380	0.00313	0.00605
16	0.01081	0.00974	0.01453	0.03931	0.04130	0.07548	0.20495	0.06986	0.01212	0.04172	0.01756	0.05294	0.01741	0.00888	0.00584	0.00184	0.00579	0.36074	0.00368	0.00553
17	0.01288	0.73237	0.02487	0.00929	0.01343	0.01817	0.07292	0.04639	0.01037	0.01237	0.00710	0.00826	0.00631	0.00415	0.00335	0.00109	0.00536	0.00289	0.00219	0.00624
18	0.01133	0.01081	0.01840	0.11482	0.69273	0.01103	0.01419	0.01414	0.01068	0.01513	0.00950	0.03829	0.00822	0.00466	0.00478	0.00146	0.00566	0.00456	0.00241	0.00721
19	0.01003	0.12308	0.68679	0.01317	0.01980	0.01208	0.04125	0.01504	0.01008	0.01467	0.00838	0.00989	0.00610	0.00447	0.00440	0.00146	0.00686	0.00348	0.00203	0.00693
20	0.05098	0.30650	0.44516	0.01130	0.01683	0.06642	0.01322	0.01506	0.01009	0.01385	0.00774	0.00904	0.00605	0.00440	0.00394	0.00132	0.00633	0.00312	0.00210	0.00655
21	0.01030	0.00978	0.01333	0.01148	0.01164	0.01327	0.00936	0.04299	0.00790	0.01197	0.00770	0.01336	0.00787	0.12131	0.01642	0.00241	0.67700	0.00457	0.00231	0.00503
22	0.01533	0.01526	0.01246	0.01078	0.01313	0.34009	0.00838	0.23260	0.02976	0.04103	0.04825	0.05538	0.01085	0.03426	0.04020	0.00181	0.07623	0.00464	0.00349	0.00608
23	0.01755	0.02227	0.01359	0.01232	0.01468	0.77975	0.00929	0.01877	0.01329	0.01169	0.00734	0.00870	0.00616	0.00507	0.00478	0.00127	0.04239	0.00312	0.00245	0.00553
24	0.00973	0.00550	0.00674	0.00632	0.00788	0.00495	0.00466	0.01123	0.02400	0.19214	0.13133	0.20166	0.23831	0.10351	0.00760	0.00197	0.00311	0.00888	0.02556	0.00493
25	0.01757	0.01432	0.01375	0.01084	0.01446	0.14035	0.00879	0.57502	0.03384	0.05122	0.01101	0.01119	0.00798	0.00548	0.00463	0.00136	0.00561	0.00405	0.00432	0.06420
26	0.00696	0.00512	0.00536	0.00515	0.00693	0.00428	0.00391	0.00823	0.01113	0.07894	0.04596	0.04352	0.73459	0.01159	0.00558	0.00160	0.00256	0.00965	0.00456	0.00438
27	0.00575	0.00480	0.00502	0.00505	0.00654	0.00407	0.00375	0.00703	0.01101	0.01340	0.11079	0.09263	0.68959	0.01208	0.00568	0.00162	0.00243	0.01018	0.00451	0.00407
28	0.00581	0.00420	0.00550	0.00654	0.00690	0.00389	0.00438	0.00667	0.00927	0.01225	0.02779	0.77753	0.08205	0.01479	0.00607	0.00192	0.00275	0.01336	0.00444	0.00389
29	0.01817	0.01339	0.01434	0.01100	0.01482	0.01482	0.00908	0.78627	0.02247	0.03012	0.01148	0.01148	0.00813	0.00574	0.00478	0.00143	0.00526	0.00430	0.00478	0.00813
30	0.00695	0.00463	0.00521	0.00521	0.00521	0.00463	0.00290	0.00695	0.00695	0.00927	0.01506	0.03128	0.01738	0.83203	0.02433	0.00463	0.00463	0.00695	0.00290	0.00290
31	0.00865	0.00443	0.00455	0.00464	0.00568	0.00441	0.00343	0.01076	0.00995	0.01735	0.01649	0.08539	0.01386	0.00635	0.00357	0.00118	0.00227	0.00522	0.78740	0.00441
32	0.01051	0.01001	0.01702	0.40050	0.44133	0.01101	0.01401	0.01352	0.01026	0.01402	0.00876	0.01226	0.00701	0.00450	0.00475	0.00150	0.00600	0.00425	0.00225	0.00651
33	0.01105	0.01068	0.01407	0.01205	0.01251	0.03787	0.00998	0.07606	0.00879	0.01303	0.00722	0.01110	0.00684	0.01007	0.07321	0.00242	0.67104	0.00423	0.00236	0.00541
34	0.00870	0.00448	0.00456	0.00455	0.00557	0.00447	0.00333	0.01074	0.00985	0.01714	0.03316	0.01934	0.01342	0.07452	0.00514	0.00142	0.00243	0.00476	0.76811	0.00433
35	0.86579	0.00924	0.00702	0.00629	0.00924	0.01072	0.00518	0.01405	0.00813	0.02144	0.00666	0.00776	0.00518	0.00444	0.00296	0.00148	0.00370	0.00259	0.00296	0.00518
36	0.01051	0.25901	0.58106	0.01205	0.01825	0.01336	0.01492	0.01490	0.00998	0.01401	0.00802	0.00939	0.00608	0.00441	0.00411	0.00137	0.00650	0.00325	0.00203	0.00679
37	0.01132	0.52361	0.25727	0.00963	0.01436	0.01538	0.01071	0.01412	0.01014	0.01307	0.07329	0.01073	0.00936	0.00470	0.00372	0.00121	0.00546	0.00335	0.00230	0.00628
38	0.00684	0.00509	0.00752	0.00752	0.00832	0.00589	0.00577	0.00843	0.00763	0.01098	0.01295	0.01960	0.01231	0.08809	0.76133	0.00748	0.01227	0.00524	0.00258	0.00418
39	0.02144	0.00813	0.01109	0.00850	0.01220	0.00702	0.00702	0.02329	0.01368	0.80552	0.01886	0.01627	0.01183	0.00592	0.00481	0.00148	0.00407	0.00481	0.00592	0.00813
40	0.86579	0.00924	0.00702	0.00629	0.00924	0.01072	0.00518	0.01405	0.00813	0.02144	0.00666	0.00776	0.00518	0.00444	0.00296	0.00148	0.00370	0.00259	0.00296	0.00518
41	0.00582	0.00416	0.00555	0.00666	0.00693	0.00388	0.00444	0.00666	0.00915	0.01220	0.02634	0.82891	0.03161	0.01497	0.00610	0.00194	0.00277	0.01359	0.00444	0.00388
42	0.00689	0.00523	0.00640	0.00610	0.00740	0.00491	0.00460	0.00966	0.06412	0.01785	0.58173	0.05291	0.18119	0.01015	0.00561	0.00155	0.00243	0.02158	0.00505	0.00461
43	0.01096	0.00912	0.01048	0.00758	0.01177	0.00745	0.00610	0.11079	0.01151	0.01743	0.00888	0.01011	0.00721	0.00382	0.00370	0.00080	0.00376	0.00302	0.00308	0.75242
44	0.01101	0.01012	0.01733	0.38753	0.34737	0.01103	0.07016	0.03491	0.01072	0.04068	0.00921	0.01246	0.00716	0.00457	0.00482	0.00151	0.00610	0.00437	0.00244	0.00649
45	0.01065	0.01199	0.10791	0.27404	0.37269	0.03037	0.01379	0.01373	0.01018	0.01420	0.00879	0.01195	0.00705	0.00478	0.00539	0.00151	0.05966	0.00414	0.03068	0.00649
46	0.00677	0.00508	0.00643	0.00684	0.00805	0.00474	0.00554	0.00863	0.01153	0.01505	0.23194	0.08782	0.25292	0.01210	0.00605	0.00184	0.00320	0.31653	0.00464	0.00430
47	0.01047	0.00886	0.01460	0.40173	0.07281	0.00999	0.09787	0.03630	0.03180	0.07959	0.01303	0.10305	0.03616	0.00640	0.00572	0.00164	0.05555	0.00569	0.00297	0.00576
48	0.01104	0.10666	0.37222	0.01371	0.06906	0.09678	0.10787	0.01466	0.01064	0.03560	0.01126	0.09383	0.02456	0.00569	0.00469	0.00148	0.00644	0.00486	0.00254	0.00641
49	0.00814	0.00505	0.00672	0.00705	0.00801	0.00470	0.01441	0.00961	0.03490	0.11619	0.04042	0.61161	0.07596	0.01342	0.01785	0.00192	0.00316	0.01165	0.00461	0.00461
50	0.01922	0.01014	0.01205	0.00930	0.01289	0.01019	0.00766	0.34838	0.01720	0.42264	0.01549	0.01432	0.01028	0.00582	0.00470	0.00144	0.00446	0.00457	0.06138	0.00789
51	0.01040	0.06265	0.46571	0.01516	0.15177	0.02665	0.03362	0.01520	0.05500	0.02985	0.04850	0.03101	0.02321	0.00522	0.00465	0.00148	0.00613	0.00436	0.00258	0.00686
52	0.01144	0.01119	0.03290	0.03872	0.73676	0.01096	0.01418	0.01423	0.01076	0.01538	0.00987	0.05369	0.00876	0.00482	0.00480	0.00145	0.00556	0.00472	0.00246	0.00734
53	0.00696	0.00550	0.02189	0.00734	0.00792	0.00584	0.00547	0.00806	0.00792	0.01107	0.01607	0.21155	0.01743	0.19839	0.35770	0.02048	0.06333	0.02006	0.00305	0.00396

[dist]
# distance from previous block
# <min> <max>
1	2

[block]
# block no. 4 follows, 53 sequences, length 98
# corresponding to MSA columns:
# 933-1030
name=unknown_E
#
# <colnr> <probs for GDERKNQSTAVLIFYWHMCP>
#	G	D	E	R	K	N	Q	S	T	A	V	L	I	F	Y	W	H	M	C	P
0	0.00713	0.00567	0.01581	0.02628	0.00856	0.00507	0.02232	0.02163	0.01864	0.03078	0.37260	0.08420	0.29061	0.01040	0.00560	0.00158	0.00284	0.04203	0.00467	0.02359
1	0.01204	0.04809	0.22687	0.01121	0.01570	0.01094	0.08215	0.13617	0.15984	0.05460	0.01292	0.03967	0.02481	0.00542	0.00461	0.00140	0.00526	0.00457	0.00345	0.14030
2	0.00607	0.00482	0.00548	0.00573	0.00693	0.00429	0.00419	0.00765	0.02896	0.01386	0.15193	0.24797	0.44591	0.01241	0.00578	0.00170	0.00258	0.03500	0.00457	0.00416
3	0.00991	0.00850	0.00991	0.00708	0.01133	0.00637	0.00566	0.01203	0.00991	0.01557	0.00850	0.00991	0.00708	0.00354	0.00354	0.00071	0.00354	0.00283	0.00283	0.86124
4	0.01224	0.01050	0.01658	0.21611	0.39693	0.01115	0.03545	0.10225	0.04810	0.06145	0.03551	0.01333	0.00910	0.00492	0.00481	0.00148	0.00558	0.00453	0.00299	0.00699
5	0.01686	0.01316	0.01343	0.01071	0.01407	0.07628	0.00875	0.63414	0.02021	0.02657	0.01214	0.01462	0.00953	0.02944	0.02935	0.00174	0.00568	0.05143	0.00446	0.00744
6	0.01253	0.16439	0.03619	0.02291	0.17163	0.09707	0.03207	0.05116	0.25296	0.01624	0.01265	0.01408	0.01964	0.00537	0.00445	0.00139	0.00521	0.02595	0.00329	0.05084
7	0.00636	0.00446	0.00548	0.00607	0.00637	0.00427	0.00393	0.00697	0.00855	0.01130	0.03493	0.41976	0.07334	0.33550	0.01325	0.00298	0.00355	0.04556	0.00384	0.00354
8	0.00580	0.00425	0.00545	0.00641	0.00687	0.00390	0.00433	0.00668	0.00938	0.01230	0.02928	0.72478	0.13384	0.01459	0.00604	0.00190	0.00273	0.01312	0.00444	0.00390
9	0.01370	0.00998	0.01129	0.00878	0.01241	0.00968	0.00706	0.25477	0.12161	0.10108	0.01295	0.05669	0.01025	0.00549	0.00437	0.00120	0.00412	0.00443	0.00412	0.34602
10	0.01356	0.00950	0.01165	0.00950	0.05504	0.00853	0.01884	0.16623	0.02800	0.15508	0.04364	0.01267	0.00984	0.00474	0.00421	0.00109	0.00410	0.00387	0.00385	0.43606
11	0.01120	0.43480	0.41134	0.01087	0.01643	0.01505	0.01286	0.01472	0.00990	0.01317	0.00760	0.00886	0.00609	0.00431	0.00379	0.00126	0.00608	0.00304	0.00203	0.00659
12	0.01156	0.01108	0.01892	0.10474	0.72889	0.01129	0.01454	0.01443	0.01076	0.01529	0.00894	0.01192	0.00746	0.00431	0.00474	0.00144	0.00574	0.00426	0.00234	0.00736
13	0.01126	0.01267	0.02695	0.02011	0.06116	0.01221	0.70058	0.01505	0.01102	0.01509	0.00943	0.01269	0.00721	0.00431	0.00622	0.00163	0.05811	0.00549	0.00239	0.00642
