[name]
unknown

[dist]
# distance from previous block
# <min> <max>
0	242

[block]
# block no. 0 follows, 65 sequences, length 15
# corresponding to MSA columns:
# 261-275
name=unknown_A
#
# <colnr> <probs for GDERKNQSTAVLIFYWHMCP>
#	G	D	E	R	K	N	Q	S	T	A	V	L	I	F	Y	W	H	M	C	P
0	0.00661	0.00472	0.00661	0.00756	0.00850	0.00472	0.00661	0.00850	0.00945	0.01228	0.02173	0.04630	0.02362	0.01134	0.00567	0.00189	0.00378	0.80250	0.00378	0.00378
1	0.00952	0.10939	0.12907	0.01421	0.01779	0.01134	0.47163	0.01244	0.00879	0.01214	0.00736	0.00986	0.00583	0.00419	0.00601	0.00139	0.15762	0.00408	0.00194	0.00539
2	0.07094	0.00767	0.00970	0.00748	0.01064	0.00716	0.00618	0.12991	0.01250	0.67135	0.01468	0.01295	0.00937	0.00498	0.00403	0.00126	0.00362	0.00395	0.00479	0.00683
3	0.00596	0.00400	0.00457	0.00457	0.00460	0.00403	0.00260	0.00603	0.00600	0.00803	0.01285	0.02641	0.01473	0.82106	0.05530	0.00409	0.00427	0.00590	0.00248	0.00254
4	0.00505	0.00359	0.00475	0.00566	0.00588	0.00337	0.00375	0.00573	0.00777	0.01036	0.02215	0.81273	0.02655	0.05400	0.00600	0.00178	0.00246	0.01139	0.00375	0.00329
5	0.01055	0.01055	0.01607	0.04990	0.73175	0.08377	0.01214	0.01287	0.00951	0.01302	0.00758	0.00994	0.00636	0.00372	0.00403	0.00121	0.00512	0.00357	0.00203	0.00628
6	0.13562	0.00879	0.00950	0.10191	0.01244	0.01015	0.00688	0.13141	0.48185	0.01782	0.03221	0.01318	0.01041	0.00513	0.00394	0.00135	0.00364	0.00412	0.00368	0.00599
7	0.70777	0.00829	0.00804	0.04781	0.08287	0.00941	0.02946	0.04102	0.00778	0.01770	0.00620	0.00743	0.00482	0.00384	0.00288	0.00127	0.00360	0.00255	0.00250	0.00476
8	0.00964	0.00908	0.01508	0.06654	0.67451	0.00922	0.01146	0.01249	0.04835	0.01371	0.08134	0.01228	0.00961	0.00420	0.00414	0.00124	0.00457	0.00404	0.00235	0.00616
9	0.00837	0.00656	0.00677	0.00663	0.00791	0.07969	0.00487	0.07186	0.10198	0.07723	0.03594	0.42164	0.13498	0.00961	0.00475	0.00147	0.00313	0.00836	0.00384	0.00441
10	0.41310	0.02977	0.00959	0.00944	0.12201	0.05773	0.00660	0.14943	0.09419	0.03408	0.00914	0.00974	0.03073	0.00440	0.00335	0.00125	0.00389	0.00317	0.00295	0.00543
11	0.07923	0.06462	0.13925	0.02124	0.13887	0.05797	0.03898	0.11486	0.05749	0.13318	0.04751	0.01096	0.00838	0.00438	0.00383	0.00119	0.00453	0.00356	0.00298	0.06700
12	0.12094	0.10655	0.18363	0.00917	0.03651	0.04979	0.03203	0.13978	0.09269	0.04120	0.05549	0.02178	0.01765	0.00464	0.00383	0.00120	0.01575	0.00358	0.00285	0.06092
13	0.05859	0.22499	0.08965	0.01103	0.13847	0.01132	0.03753	0.15973	0.07652	0.08347	0.02720	0.01003	0.00753	0.00423	0.00363	0.00114	0.00439	0.00335	0.00284	0.04437
14	0.08092	0.05040	0.09149	0.04167	0.13429	0.03515	0.13968	0.07997	0.11258	0.05963	0.02757	0.01120	0.01960	0.00425	0.00392	0.00121	0.00466	0.00376	0.00276	0.09530

[dist]
# distance from previous block
# <min> <max>
8	18

[block]
# block no. 1 follows, 65 sequences, length 36
# corresponding to MSA columns:
# 297-332
name=unknown_B
#
# <colnr> <probs for GDERKNQSTAVLIFYWHMCP>
#	G	D	E	R	K	N	Q	S	T	A	V	L	I	F	Y	W	H	M	C	P
0	0.07480	0.05351	0.18380	0.04520	0.26478	0.05306	0.02196	0.06242	0.04083	0.05053	0.03662	0.01024	0.00742	0.00409	0.00380	0.00119	0.00477	0.00341	0.00245	0.07510
1	0.02610	0.06406	0.04311	0.17635	0.32575	0.05512	0.04504	0.03469	0.03087	0.05393	0.02591	0.03288	0.02537	0.00447	0.00422	0.00125	0.02365	0.00393	0.00238	0.02091
2	0.02249	0.02240	0.04736	0.25003	0.28962	0.04796	0.03761	0.11284	0.02361	0.02518	0.04208	0.03275	0.00810	0.00445	0.00409	0.00127	0.00495	0.00395	0.00246	0.01680
3	0.05824	0.01076	0.06044	0.01503	0.33014	0.11336	0.02198	0.09115	0.03155	0.08270	0.00984	0.07810	0.00840	0.00539	0.02356	0.00135	0.00487	0.00411	0.00273	0.04631
4	0.02622	0.04990	0.02526	0.07706	0.25941	0.03710	0.02294	0.09025	0.01982	0.03516	0.03698	0.01024	0.00746	0.00402	0.00408	0.00107	0.03687	0.00335	0.00251	0.25030
5	0.01006	0.00756	0.00865	0.00744	0.03485	0.04044	0.00558	0.09240	0.06769	0.10743	0.02447	0.17661	0.01177	0.00581	0.00403	0.00108	0.01620	0.00489	0.01713	0.35591
6	0.00980	0.00677	0.00834	0.00763	0.03843	0.00676	0.02228	0.01472	0.27761	0.15807	0.15447	0.08612	0.08786	0.00673	0.00436	0.00131	0.00303	0.02050	0.00405	0.08115
7	0.00855	0.00741	0.00900	0.00643	0.01009	0.00562	0.02996	0.01042	0.00855	0.01337	0.00733	0.00859	0.00608	0.00305	0.00310	0.00063	0.00316	0.00251	0.00242	0.85373
8	0.00713	0.00357	0.00535	0.00535	0.00535	0.00357	0.00357	0.00535	0.00535	0.00713	0.00713	0.01248	0.00713	0.01426	0.01604	0.88057	0.00357	0.00357	0.00178	0.00178
9	0.00581	0.00420	0.00549	0.00516	0.00613	0.00387	0.00387	0.00775	0.01162	0.01646	0.82797	0.03066	0.03873	0.00839	0.00484	0.00129	0.00194	0.00742	0.00452	0.00387
10	0.00823	0.02123	0.83447	0.01170	0.01777	0.00953	0.01517	0.01300	0.00867	0.01300	0.00737	0.00867	0.00520	0.00390	0.00390	0.00130	0.00607	0.00303	0.00173	0.00607
11	0.01016	0.00975	0.01666	0.02520	0.83013	0.00975	0.01260	0.01260	0.00935	0.01341	0.00772	0.01016	0.00650	0.00366	0.00406	0.00122	0.00488	0.00366	0.00203	0.00650
12	0.00586	0.00440	0.00660	0.00660	0.00733	0.00513	0.00513	0.00733	0.00660	0.00953	0.01100	0.01613	0.01026	0.03079	0.83947	0.00660	0.01100	0.00440	0.00220	0.00367
13	0.00775	0.00730	0.01231	0.84587	0.02827	0.00912	0.01140	0.01049	0.00821	0.01049	0.00730	0.01094	0.00547	0.00410	0.00410	0.00137	0.00547	0.00365	0.00182	0.00456
14	0.00851	0.00730	0.00851	0.00608	0.00973	0.00547	0.00486	0.01034	0.00851	0.01338	0.00730	0.00851	0.00608	0.00304	0.00304	0.00061	0.00304	0.00243	0.00243	0.88083
15	0.00948	0.00906	0.01544	0.25590	0.60472	0.00958	0.01226	0.01200	0.00903	0.01259	0.00760	0.01038	0.00621	0.00378	0.00408	0.00126	0.00504	0.00365	0.00197	0.00596
16	0.01151	0.01034	0.01069	0.02323	0.03242	0.08933	0.03165	0.14965	0.55667	0.01758	0.01397	0.01335	0.01048	0.00520	0.00414	0.00133	0.00404	0.00426	0.00381	0.00635
17	0.00568	0.00420	0.00530	0.00506	0.00609	0.00383	0.00382	0.00747	0.01121	0.01550	0.68332	0.03244	0.16449	0.00878	0.00486	0.00132	0.00200	0.02642	0.00439	0.00381
18	0.01104	0.53658	0.20051	0.00839	0.01235	0.04993	0.00886	0.05288	0.03396	0.04183	0.00703	0.00778	0.00574	0.00382	0.00314	0.00103	0.00483	0.00262	0.00208	0.00561
19	0.01056	0.73046	0.14560	0.00774	0.01164	0.01522	0.00827	0.01240	0.00839	0.01017	0.00596	0.00690	0.00526	0.00357	0.00283	0.00094	0.00465	0.00232	0.00175	0.00539
20	0.00561	0.00419	0.00521	0.00496	0.00601	0.00379	0.00372	0.00736	0.01115	0.01535	0.66600	0.03248	0.20139	0.00880	0.00484	0.00131	0.00197	0.00768	0.00437	0.00379
21	0.00630	0.00442	0.00568	0.00527	0.00636	0.00410	0.00398	0.02548	0.01168	0.03745	0.75316	0.03019	0.07365	0.00832	0.00481	0.00129	0.00204	0.00732	0.00449	0.00400
22	0.00859	0.13090	0.72795	0.01109	0.01682	0.01041	0.01410	0.01291	0.00862	0.01256	0.00715	0.00839	0.00521	0.00385	0.00373	0.00124	0.00585	0.00292	0.00174	0.00596
23	0.00969	0.01107	0.02422	0.01730	0.02145	0.01038	0.81522	0.01315	0.00969	0.01315	0.00830	0.01107	0.00623	0.00346	0.00484	0.00138	0.00692	0.00484	0.00208	0.00554
24	0.25173	0.01068	0.01074	0.01001	0.08789	0.14214	0.04412	0.15029	0.09164	0.07524	0.02792	0.00994	0.00737	0.00456	0.00411	0.00126	0.04563	0.00336	0.00302	0.01835
25	0.00851	0.10605	0.75209	0.01123	0.01703	0.01021	0.01434	0.01293	0.00863	0.01266	0.00720	0.00846	0.00521	0.00386	0.00377	0.00126	0.00590	0.00295	0.00174	0.00599
26	0.00672	0.00443	0.00561	0.00518	0.00640	0.00399	0.00393	0.00847	0.01125	0.08471	0.62708	0.03073	0.16901	0.00845	0.00478	0.00131	0.00209	0.00735	0.00445	0.00407
27	0.00583	0.00418	0.00533	0.00505	0.00604	0.00385	0.00378	0.00771	0.01135	0.01608	0.74483	0.03053	0.08554	0.00836	0.00476	0.00128	0.00194	0.00734	0.04236	0.00385
28	0.01414	0.01260	0.17586	0.01033	0.02744	0.09086	0.09001	0.19817	0.04188	0.28039	0.01112	0.01103	0.00760	0.00456	0.00411	0.00126	0.00498	0.00375	0.00352	0.00641
29	0.00581	0.00420	0.00549	0.00516	0.00613	0.00387	0.00387	0.00775	0.01162	0.01646	0.82797	0.03066	0.03873	0.00839	0.00484	0.00129	0.00194	0.00742	0.00452	0.00387
30	0.00503	0.00365	0.00476	0.00564	0.00599	0.00338	0.00383	0.00580	0.00802	0.01058	0.02415	0.76559	0.09269	0.01262	0.00522	0.00165	0.00239	0.03185	0.00381	0.00336
31	0.00884	0.00918	0.04483	0.49093	0.25218	0.03463	0.07790	0.01157	0.00877	0.01161	0.00747	0.01054	0.00581	0.00392	0.00413	0.00132	0.00550	0.00370	0.00191	0.00525
32	0.00948	0.05200	0.20469	0.01660	0.12471	0.01038	0.49510	0.01300	0.00935	0.01299	0.00790	0.01021	0.00599	0.00359	0.00443	0.00132	0.00635	0.00416	0.00198	0.00577
33	0.00951	0.00523	0.00565	0.00505	0.00652	0.00533	0.00393	0.11630	0.02954	0.08378	0.07053	0.01556	0.01206	0.00510	0.00330	0.00105	0.00242	0.00411	0.61048	0.00456
34	0.00528	0.00391	0.00499	0.00564	0.00627	0.00361	0.00410	0.00634	0.00871	0.01138	0.09571	0.50377	0.18250	0.01177	0.00519	0.00161	0.00249	0.12935	0.00387	0.00347
35	0.01220	0.04035	0.16176	0.01140	0.08741	0.06519	0.05713	0.28074	0.09948	0.06328	0.02376	0.01182	0.00821	0.00485	0.00435	0.00129	0.02710	0.03029	0.00316	0.00621

[dist]
# distance from previous block
# <min> <max>
0	1

[block]
# block no. 2 follows, 65 sequences, length 65
# corresponding to MSA columns:
# 334-368,376-405
name=unknown_C
#
# <colnr> <probs for GDERKNQSTAVLIFYWHMCP>
#	G	D	E	R	K	N	Q	S	T	A	V	L	I	F	Y	W	H	M	C	P
0	0.73643	0.00811	0.00693	0.02299	0.00880	0.00957	0.00509	0.02647	0.05720	0.01771	0.00647	0.00750	0.00507	0.00418	0.00347	0.00132	0.06294	0.00252	0.00260	0.00462
1	0.34520	0.00783	0.00841	0.00679	0.00969	0.00802	0.00559	0.09968	0.03531	0.40432	0.01196	0.01120	0.01969	0.00468	0.00354	0.00127	0.00345	0.00344	0.00397	0.00596
2	0.01107	0.83968	0.02129	0.00710	0.01058	0.03443	0.00704	0.01238	0.00841	0.00967	0.00572	0.00660	0.00527	0.00353	0.00266	0.00088	0.00446	0.00220	0.00176	0.00526
3	0.00536	0.00376	0.00471	0.00531	0.00554	0.00358	0.00344	0.00591	0.00743	0.00988	0.03917	0.53549	0.04453	0.27728	0.01014	0.00238	0.00289	0.02669	0.00341	0.00309
4	0.00851	0.00730	0.00851	0.00608	0.00973	0.00547	0.00486	0.01034	0.00851	0.01338	0.00730	0.00851	0.00608	0.00304	0.00304	0.00061	0.00304	0.00243	0.00243	0.88083
5	0.01327	0.01613	0.01194	0.01064	0.01207	0.57126	0.00827	0.01428	0.00990	0.00999	0.00603	0.00791	0.00532	0.00519	0.00687	0.00130	0.27999	0.00295	0.00201	0.00467
6	0.00554	0.00392	0.00519	0.00601	0.00639	0.00378	0.00433	0.00646	0.00800	0.01058	0.02104	0.53329	0.02454	0.13068	0.00754	0.00205	0.00296	0.21075	0.00362	0.00333
7	0.00500	0.00357	0.00476	0.00572	0.00595	0.00333	0.00381	0.00572	0.00786	0.01048	0.02262	0.85306	0.02715	0.01286	0.00524	0.00167	0.00238	0.01167	0.00381	0.00333
8	0.00571	0.00387	0.00455	0.00481	0.00487	0.00381	0.00284	0.00590	0.00647	0.00863	0.01552	0.24766	0.01819	0.63049	0.01671	0.00336	0.00355	0.00749	0.00284	0.00271
9	0.00586	0.00440	0.00660	0.00660	0.00733	0.00513	0.00513	0.00733	0.00660	0.00953	0.01100	0.01613	0.01026	0.03079	0.83947	0.00660	0.01100	0.00440	0.00220	0.00367
10	0.88473	0.00794	0.00603	0.00540	0.00794	0.00921	0.00445	0.01207	0.00699	0.01842	0.00572	0.00667	0.00445	0.00381	0.00254	0.00127	0.00318	0.00222	0.00254	0.00445
11	0.00851	0.00730	0.00851	0.00608	0.00973	0.00547	0.00486	0.01034	0.00851	0.01338	0.00730	0.00851	0.00608	0.00304	0.00304	0.00061	0.00304	0.00243	0.00243	0.88083
12	0.00851	0.00730	0.00851	0.00608	0.00973	0.00547	0.00486	0.01034	0.00851	0.01338	0.00730	0.00851	0.00608	0.00304	0.00304	0.00061	0.00304	0.00243	0.00243	0.88083
13	0.88473	0.00794	0.00603	0.00540	0.00794	0.00921	0.00445	0.01207	0.00699	0.01842	0.00572	0.00667	0.00445	0.00381	0.00254	0.00127	0.00318	0.00222	0.00254	0.00445
14	0.01021	0.00882	0.00928	0.00835	0.01067	0.01021	0.00650	0.02181	0.82272	0.01717	0.01671	0.01532	0.01253	0.00557	0.00418	0.00139	0.00325	0.00464	0.00418	0.00650
15	0.88473	0.00794	0.00603	0.00540	0.00794	0.00921	0.00445	0.01207	0.00699	0.01842	0.00572	0.00667	0.00445	0.00381	0.00254	0.00127	0.00318	0.00222	0.00254	0.00445
16	0.01016	0.00975	0.01666	0.02520	0.83013	0.00975	0.01260	0.01260	0.00935	0.01341	0.00772	0.01016	0.00650	0.00366	0.00406	0.00122	0.00488	0.00366	0.00203	0.00650
17	0.01021	0.00882	0.00928	0.00835	0.01067	0.01021	0.00650	0.02181	0.82272	0.01717	0.01671	0.01532	0.01253	0.00557	0.00418	0.00139	0.00325	0.00464	0.00418	0.00650
18	0.01548	0.01144	0.01225	0.00942	0.01268	0.01267	0.00777	0.79801	0.03794	0.02567	0.01001	0.00998	0.00711	0.00494	0.00411	0.00124	0.00449	0.00372	0.00411	0.00697
19	0.01054	0.00811	0.00875	0.00778	0.01010	0.00902	0.00608	0.01989	0.64474	0.10707	0.01934	0.01778	0.10051	0.00604	0.00424	0.00138	0.00315	0.00502	0.00424	0.00622
20	0.00493	0.00418	0.00426	0.00430	0.00567	0.00352	0.00327	0.00600	0.00936	0.01114	0.04073	0.03980	0.79397	0.01044	0.00489	0.00141	0.00215	0.04269	0.00381	0.00348
21	0.00539	0.00416	0.00545	0.00605	0.00641	0.00422	0.00428	0.00619	0.00793	0.01054	0.02318	0.66316	0.11578	0.01203	0.00595	0.00165	0.07920	0.03134	0.00363	0.00347
22	0.01842	0.00699	0.00953	0.00730	0.01048	0.00603	0.00603	0.02000	0.01175	0.83298	0.01619	0.01397	0.01016	0.00508	0.00413	0.00127	0.00349	0.00413	0.00508	0.00699
23	0.01800	0.00688	0.00935	0.00720	0.01030	0.00595	0.00594	0.01960	0.01169	0.80370	0.03121	0.01430	0.01070	0.00514	0.00412	0.00127	0.00344	0.00418	0.02016	0.00687
24	0.04623	0.00699	0.00927	0.00716	0.01024	0.00618	0.00591	0.03371	0.01162	0.76414	0.01564	0.01370	0.00993	0.00503	0.00403	0.00126	0.00345	0.00405	0.03465	0.00680
25	0.00798	0.00756	0.01256	0.73565	0.06876	0.00943	0.01127	0.01055	0.00811	0.01059	0.00716	0.01074	0.00552	0.00433	0.00486	0.00139	0.07340	0.00364	0.00183	0.00466
26	0.00966	0.01128	0.04110	0.01718	0.02138	0.01036	0.79856	0.01315	0.00967	0.01315	0.00828	0.01102	0.00621	0.00347	0.00482	0.00138	0.00690	0.00481	0.00207	0.00555
27	0.00515	0.00377	0.00488	0.00570	0.00617	0.00350	0.00402	0.00604	0.00823	0.01075	0.02507	0.65759	0.13433	0.01237	0.00523	0.00165	0.00249	0.09583	0.00381	0.00340
28	0.00597	0.00398	0.00448	0.00448	0.00448	0.00398	0.00249	0.00597	0.00597	0.00796	0.01293	0.02686	0.01492	0.85574	0.02089	0.00398	0.00398	0.00597	0.00249	0.00249
29	0.88473	0.00794	0.00603	0.00540	0.00794	0.00921	0.00445	0.01207	0.00699	0.01842	0.00572	0.00667	0.00445	0.00381	0.00254	0.00127	0.00318	0.00222	0.00254	0.00445
30	0.01192	0.62453	0.01882	0.00771	0.01102	0.06415	0.00719	0.14665	0.02451	0.01258	0.00665	0.00740	0.00570	0.00388	0.00315	0.00097	0.01803	0.00254	0.00222	0.02040
31	0.00626	0.00454	0.00596	0.00632	0.00739	0.00428	0.01803	0.00771	0.00920	0.03780	0.05524	0.15460	0.24809	0.02832	0.02976	0.00185	0.00330	0.36386	0.00376	0.00373
32	0.00658	0.00490	0.00654	0.00637	0.00715	0.00552	0.00475	0.04246	0.06285	0.01043	0.01198	0.03485	0.01161	0.20370	0.55531	0.00536	0.00852	0.00487	0.00251	0.00374
33	0.00915	0.00872	0.01484	0.36954	0.49369	0.00949	0.01210	0.01171	0.00887	0.01218	0.00754	0.01049	0.00607	0.00384	0.00408	0.00128	0.00513	0.00365	0.00194	0.00569
34	0.00971	0.35180	0.45180	0.00993	0.01474	0.05460	0.03056	0.01290	0.00871	0.01153	0.00668	0.00784	0.00526	0.00375	0.00341	0.00112	0.00549	0.00272	0.00177	0.00567
35	0.00775	0.00730	0.01231	0.84587	0.02827	0.00912	0.01140	0.01049	0.00821	0.01049	0.00730	0.01094	0.00547	0.00410	0.00410	0.00137	0.00547	0.00365	0.00182	0.00456
36	0.00503	0.00417	0.00442	0.00440	0.00570	0.00355	0.00332	0.00622	0.00967	0.01190	0.15758	0.05070	0.68180	0.01016	0.00487	0.00139	0.00210	0.02558	0.00392	0.00353
37	0.00500	0.00357	0.00476	0.00572	0.00595	0.00333	0.00381	0.00572	0.00786	0.01048	0.02262	0.85306	0.02715	0.01286	0.00524	0.00167	0.00238	0.01167	0.00381	0.00333
38	0.00823	0.02123	0.83447	0.01170	0.01777	0.00953	0.01517	0.01300	0.00867	0.01300	0.00737	0.00867	0.00520	0.00390	0.00390	0.00130	0.00607	0.00303	0.00173	0.00607
39	0.00500	0.00357	0.00476	0.00572	0.00595	0.00333	0.00381	0.00572	0.00786	0.01048	0.02262	0.85306	0.02715	0.01286	0.00524	0.00167	0.00238	0.01167	0.00381	0.00333
40	0.01533	0.01956	0.01163	0.01058	0.01269	0.83926	0.00793	0.01639	0.01163	0.01005	0.00635	0.00740	0.00529	0.00423	0.00370	0.00106	0.00740	0.00264	0.00212	0.00476
41	0.01842	0.00699	0.00953	0.00730	0.01048	0.00603	0.00603	0.02000	0.01175	0.83298	0.01619	0.01397	0.01016	0.00508	0.00413	0.00127	0.00349	0.00413	0.00508	0.00699
42	0.01560	0.01150	0.01232	0.00944	0.01273	0.01273	0.00780	0.81645	0.01930	0.02587	0.00986	0.00986	0.00698	0.00493	0.00411	0.00123	0.00452	0.00370	0.00411	0.00698
43	0.01097	0.85821	0.02151	0.00702	0.01054	0.01624	0.00702	0.01229	0.00834	0.00966	0.00571	0.00658	0.00527	0.00351	0.00263	0.00088	0.00439	0.00219	0.00176	0.00527
44	0.00928	0.34028	0.52458	0.00992	0.01501	0.01209	0.01206	0.01273	0.00854	0.01173	0.00673	0.00787	0.00523	0.00375	0.00342	0.00114	0.00543	0.00271	0.00174	0.00576
45	0.00775	0.00730	0.01231	0.84587	0.02827	0.00912	0.01140	0.01049	0.00821	0.01049	0.00730	0.01094	0.00547	0.00410	0.00410	0.00137	0.00547	0.00365	0.00182	0.00456
46	0.88473	0.00794	0.00603	0.00540	0.00794	0.00921	0.00445	0.01207	0.00699	0.01842	0.00572	0.00667	0.00445	0.00381	0.00254	0.00127	0.00318	0.00222	0.00254	0.00445
47	0.00485	0.00416	0.00416	0.00416	0.00554	0.00347	0.00312	0.00589	0.00936	0.01109	0.04158	0.03950	0.82847	0.01040	0.00485	0.00139	0.00208	0.00866	0.00381	0.00347
48	0.01115	0.01126	0.02099	0.01531	0.01908	0.08760	0.63121	0.01412	0.01008	0.10812	0.00929	0.02572	0.00696	0.00388	0.00466	0.00135	0.00649	0.00467	0.00246	0.00559
49	0.00577	0.00419	0.00544	0.00513	0.00611	0.00386	0.00385	0.00768	0.01154	0.01626	0.79880	0.03099	0.06803	0.00847	0.00484	0.00129	0.00194	0.00747	0.00449	0.00386
50	0.00521	0.00417	0.00466	0.00454	0.00577	0.00362	0.00340	0.00659	0.01021	0.01311	0.33726	0.03618	0.53153	0.00964	0.00485	0.00135	0.00203	0.00820	0.00408	0.00362
51	0.00775	0.00730	0.01231	0.84587	0.02827	0.00912	0.01140	0.01049	0.00821	0.01049	0.00730	0.01094	0.00547	0.00410	0.00410	0.00137	0.00547	0.00365	0.00182	0.00456
52	0.01096	0.53701	0.15869	0.00831	0.01204	0.07241	0.00847	0.05148	0.08449	0.01172	0.00725	0.00796	0.00601	0.00389	0.00314	0.00103	0.00479	0.00267	0.00211	0.00556
53	0.01016	0.00975	0.01666	0.02520	0.83013	0.00975	0.01260	0.01260	0.00935	0.01341	0.00772	0.01016	0.00650	0.00366	0.00406	0.00122	0.00488	0.00366	0.00203	0.00650
54	0.00548	0.00418	0.00504	0.00482	0.00593	0.00373	0.00362	0.00712	0.01085	0.01464	0.56118	0.03366	0.30665	0.00907	0.00484	0.00132	0.00198	0.00784	0.00428	0.00373
55	0.01011	0.00971	0.01658	0.04114	0.81456	0.00974	0.01257	0.01256	0.00932	0.01335	0.00771	0.01017	0.00648	0.00367	0.00406	0.00122	0.00489	0.00366	0.00203	0.00646
56	0.01349	0.01241	0.01083	0.00939	0.02313	0.24414	0.00726	0.26312	0.26905	0.05359	0.03274	0.02261	0.00947	0.00512	0.00405	0.00124	0.00480	0.00392	0.00359	0.00607
57	0.00597	0.00398	0.00448	0.00448	0.00448	0.00398	0.00249	0.00597	0.00597	0.00796	0.01293	0.02686	0.01492	0.85574	0.02089	0.00398	0.00398	0.00597	0.00249	0.00249
58	0.01803	0.00761	0.00991	0.00760	0.01079	0.00695	0.00628	0.12961	0.01279	0.72190	0.01532	0.01341	0.00972	0.00506	0.00412	0.00126	0.00363	0.00407	0.00495	0.00699
59	0.00921	0.01029	0.02214	0.03798	0.02022	0.00971	0.72045	0.01240	0.00948	0.01284	0.00958	0.08753	0.00811	0.00433	0.00486	0.00141	0.00647	0.00543	0.00223	0.00531
60	0.00580	0.00459	0.00694	0.08289	0.00918	0.00454	0.06037	0.02076	0.00821	0.01092	0.01988	0.68013	0.02317	0.02283	0.00531	0.00165	0.00305	0.02263	0.00350	0.00366
61	0.01104	0.00909	0.01039	0.05643	0.07126	0.01032	0.00737	0.12488	0.58714	0.04346	0.01461	0.01394	0.01090	0.00525	0.00415	0.00135	0.00367	0.00437	0.00391	0.00647
62	0.01661	0.00659	0.00895	0.00700	0.00986	0.00572	0.00572	0.01825	0.01173	0.71606	0.13243	0.01636	0.01425	0.00555	0.00423	0.00127	0.00327	0.00460	0.00500	0.00654
63	0.15608	0.01136	0.01096	0.00872	0.01172	0.08686	0.00712	0.56128	0.03734	0.04155	0.00925	0.00944	0.00669	0.00470	0.00380	0.00122	0.00446	0.00340	0.01775	0.00631
64	0.32159	0.02894	0.00972	0.00777	0.01053	0.13419	0.00630	0.25449	0.01176	0.05940	0.00771	0.00835	0.00582	0.00431	0.00369	0.00118	0.03335	0.00289	0.00302	0.08499

[dist]
# distance from previous block
# <min> <max>
0	2

[block]
# block no. 3 follows, 65 sequences, length 31
# corresponding to MSA columns:
# 408-411,422-448
name=unknown_D
#
# <colnr> <probs for GDERKNQSTAVLIFYWHMCP>
#	G	D	E	R	K	N	Q	S	T	A	V	L	I	F	Y	W	H	M	C	P
0	0.00870	0.00731	0.00813	0.03119	0.05258	0.04490	0.00595	0.02603	0.33090	0.03667	0.13192	0.02311	0.12360	0.06095	0.02169	0.00165	0.00351	0.07237	0.00375	0.00508
1	0.06809	0.00788	0.01222	0.68758	0.09110	0.02636	0.01088	0.02762	0.00852	0.01158	0.00726	0.01049	0.00551	0.00407	0.00399	0.00134	0.00529	0.00353	0.00194	0.00476
2	0.01036	0.05363	0.00999	0.00729	0.02510	0.06479	0.02226	0.01221	0.02135	0.11859	0.00935	0.02224	0.02398	0.00387	0.00361	0.00084	0.02444	0.00305	0.00276	0.56028
3	0.01097	0.85821	0.02151	0.00702	0.01054	0.01624	0.00702	0.01229	0.00834	0.00966	0.00571	0.00658	0.00527	0.00351	0.00263	0.00088	0.00439	0.00219	0.00176	0.00527
4	0.88473	0.00794	0.00603	0.00540	0.00794	0.00921	0.00445	0.01207	0.00699	0.01842	0.00572	0.00667	0.00445	0.00381	0.00254	0.00127	0.00318	0.00222	0.00254	0.00445
5	0.00994	0.00956	0.01472	0.25346	0.43305	0.04730	0.04314	0.04858	0.07492	0.01328	0.00838	0.01069	0.00665	0.00401	0.00410	0.00127	0.00509	0.00374	0.00224	0.00586
6	0.02386	0.00771	0.00975	0.05229	0.10819	0.00651	0.00623	0.04138	0.00895	0.01373	0.00747	0.00897	0.00617	0.00369	0.01624	0.00085	0.00357	0.00272	0.00241	0.66930
7	0.00760	0.00384	0.00387	0.00386	0.00482	0.00383	0.00290	0.00952	0.00869	0.01533	0.03539	0.01572	0.01128	0.00488	0.00292	0.00097	0.00191	0.00392	0.85492	0.00383
8	0.00851	0.00730	0.00851	0.00608	0.00973	0.00547	0.00486	0.01034	0.00851	0.01338	0.00730	0.00851	0.00608	0.00304	0.00304	0.00061	0.00304	0.00243	0.00243	0.88083
9	0.00961	0.00761	0.00886	0.00641	0.01000	0.00607	0.00516	0.07356	0.00953	0.05976	0.00799	0.00892	0.00638	0.00330	0.00318	0.00069	0.00318	0.00262	0.00271	0.76445
10	0.00590	0.00405	0.00495	0.00500	0.00517	0.00420	0.00313	0.00625	0.00620	0.00843	0.01301	0.06640	0.01453	0.63461	0.19715	0.00443	0.00542	0.00592	0.00249	0.00278
11	0.01009	0.00968	0.01653	0.05032	0.80559	0.00973	0.01256	0.01253	0.00931	0.01332	0.00771	0.01018	0.00647	0.00367	0.00407	0.00122	0.00489	0.00366	0.00203	0.00644
12	0.00489	0.00408	0.00427	0.00438	0.00561	0.00346	0.00322	0.00591	0.00921	0.01113	0.05619	0.14414	0.70809	0.01067	0.00490	0.00142	0.00212	0.00902	0.00383	0.00346
13	0.00532	0.00418	0.00481	0.00465	0.00583	0.00366	0.00349	0.00680	0.01046	0.01371	0.42499	0.03519	0.44343	0.00942	0.00485	0.00134	0.00201	0.00806	0.00416	0.00366
14	0.00488	0.00415	0.00421	0.00422	0.00557	0.00347	0.00316	0.00594	0.00938	0.01122	0.06291	0.05881	0.78733	0.01040	0.00486	0.00139	0.00208	0.00870	0.00383	0.00347
15	0.00500	0.00357	0.00476	0.00572	0.00595	0.00333	0.00381	0.00572	0.00786	0.01048	0.02262	0.85306	0.02715	0.01286	0.00524	0.00167	0.00238	0.01167	0.00381	0.00333
16	0.01097	0.85821	0.02151	0.00702	0.01054	0.01624	0.00702	0.01229	0.00834	0.00966	0.00571	0.00658	0.00527	0.00351	0.00263	0.00088	0.00439	0.00219	0.00176	0.00527
17	0.00823	0.02123	0.83447	0.01170	0.01777	0.00953	0.01517	0.01300	0.00867	0.01300	0.00737	0.00867	0.00520	0.00390	0.00390	0.00130	0.00607	0.00303	0.00173	0.00607
18	0.01842	0.00699	0.00953	0.00730	0.01048	0.00603	0.00603	0.02000	0.01175	0.83298	0.01619	0.01397	0.01016	0.00508	0.00413	0.00127	0.00349	0.00413	0.00508	0.00699
19	0.01097	0.85821	0.02151	0.00702	0.01054	0.01624	0.00702	0.01229	0.00834	0.00966	0.00571	0.00658	0.00527	0.00351	0.00263	0.00088	0.00439	0.00219	0.00176	0.00527
20	0.01585	0.01129	0.01205	0.00928	0.01253	0.03254	0.00765	0.72471	0.01843	0.09842	0.01034	0.01017	0.00723	0.00492	0.00410	0.00123	0.00450	0.00371	0.00415	0.00693
21	0.00661	0.00472	0.00661	0.00756	0.00850	0.00472	0.00661	0.00850	0.00945	0.01228	0.02173	0.04630	0.02362	0.01134	0.00567	0.00189	0.00378	0.80250	0.00378	0.00378
22	0.01021	0.00882	0.00928	0.00835	0.01067	0.01021	0.00650	0.02181	0.82272	0.01717	0.01671	0.01532	0.01253	0.00557	0.00418	0.00139	0.00325	0.00464	0.00418	0.00650
23	0.11820	0.03815	0.01196	0.02775	0.01186	0.18885	0.05059	0.07822	0.07370	0.04801	0.00765	0.00934	0.00627	0.00575	0.02088	0.00149	0.29039	0.00337	0.00249	0.00508
24	0.01746	0.00725	0.00958	0.00734	0.01054	0.00639	0.00605	0.05529	0.03009	0.72499	0.01534	0.01346	0.00981	0.00495	0.00406	0.00123	0.00350	0.00401	0.00484	0.06381
25	0.01842	0.00699	0.00953	0.00730	0.01048	0.00603	0.00603	0.02000	0.01175	0.83298	0.01619	0.01397	0.01016	0.00508	0.00413	0.00127	0.00349	0.00413	0.00508	0.00699
26	0.00969	0.01107	0.02422	0.01730	0.02145	0.01038	0.81522	0.01315	0.00969	0.01315	0.00830	0.01107	0.00623	0.00346	0.00484	0.00138	0.00692	0.00484	0.00208	0.00554
27	0.01721	0.00800	0.01004	0.00780	0.01093	0.00766	0.00641	0.17372	0.07910	0.61106	0.01501	0.01329	0.00974	0.00509	0.00413	0.00127	0.00367	0.00409	0.00482	0.00695
28	0.01833	0.00712	0.00961	0.00737	0.01055	0.00624	0.00609	0.04428	0.01198	0.80837	0.01600	0.01385	0.01006	0.00508	0.00413	0.00127	0.00352	0.00411	0.00505	0.00699
29	0.00500	0.00357	0.00476	0.00572	0.00595	0.00333	0.00381	0.00572	0.00786	0.01048	0.02262	0.85306	0.02715	0.01286	0.00524	0.00167	0.00238	0.01167	0.00381	0.00333
30	0.00775	0.00730	0.01231	0.84587	0.02827	0.00912	0.01140	0.01049	0.00821	0.01049	0.00730	0.01094	0.00547	0.00410	0.00410	0.00137	0.00547	0.00365	0.00182	0.00456

[dist]
# distance from previous block
# <min> <max>
0	1

[block]
# block no. 4 follows, 65 sequences, length 59
# corresponding to MSA columns:
# 450-508
name=unknown_E
#
# <colnr> <probs for GDERKNQSTAVLIFYWHMCP>
#	G	D	E	R	K	N	Q	S	T	A	V	L	I	F	Y	W	H	M	C	P
0	0.00775	0.00730	0.01231	0.84587	0.02827	0.00912	0.01140	0.01049	0.00821	0.01049	0.00730	0.01094	0.00547	0.00410	0.00410	0.00137	0.00547	0.00365	0.00182	0.00456
1	0.00950	0.00817	0.00862	0.00786	0.01003	0.00928	0.00612	0.01962	0.70648	0.01634	0.01966	0.01898	0.10473	0.00629	0.00430	0.00141	0.00313	0.02929	0.00412	0.00607
2	0.00646	0.00467	0.00640	0.00726	0.00824	0.00461	0.00631	0.00827	0.00944	0.01218	0.02349	0.04570	0.09481	0.01126	0.00560	0.00185	0.00363	0.73229	0.00378	0.00375
3	0.00823	0.02123	0.83447	0.01170	0.01777	0.00953	0.01517	0.01300	0.00867	0.01300	0.00737	0.00867	0.00520	0.00390	0.00390	0.00130	0.00607	0.00303	0.00173	0.00607
4	0.00967	0.00923	0.01571	0.14877	0.68854	0.00950	0.01220	0.01211	0.00914	0.01290	0.00803	0.03112	0.00686	0.00395	0.00410	0.00125	0.00490	0.00385	0.00204	0.00613
5	0.00846	0.02047	0.76260	0.01169	0.01744	0.03819	0.03727	0.01298	0.00875	0.01282	0.00745	0.00888	0.00536	0.00456	0.02458	0.00142	0.00626	0.00310	0.00177	0.00595
6	0.01244	0.00956	0.01025	0.00856	0.01125	0.01070	0.00684	0.31658	0.45525	0.06106	0.01500	0.01406	0.03861	0.00547	0.00417	0.00133	0.00369	0.00440	0.00418	0.00660
7	0.00911	0.00872	0.01426	0.33970	0.31979	0.01015	0.03114	0.03006	0.00855	0.01187	0.00716	0.01025	0.00589	0.00455	0.00594	0.00139	0.17049	0.00367	0.00195	0.00534
8	0.01306	0.01036	0.01088	0.00895	0.01176	0.02470	0.00719	0.42966	0.39736	0.02152	0.01302	0.01239	0.00957	0.00522	0.00413	0.00130	0.00397	0.00412	0.00411	0.00672
9	0.01021	0.00882	0.00928	0.00835	0.01067	0.01021	0.00650	0.02181	0.82272	0.01717	0.01671	0.01532	0.01253	0.00557	0.00418	0.00139	0.00325	0.00464	0.00418	0.00650
10	0.00775	0.00730	0.01231	0.84587	0.02827	0.00912	0.01140	0.01049	0.00821	0.01049	0.00730	0.01094	0.00547	0.00410	0.00410	0.00137	0.00547	0.00365	0.00182	0.00456
11	0.00597	0.00398	0.00448	0.00448	0.00448	0.00398	0.00249	0.00597	0.00597	0.00796	0.01293	0.02686	0.01492	0.85574	0.02089	0.00398	0.00398	0.00597	0.00249	0.00249
12	0.00765	0.00383	0.00383	0.00383	0.00478	0.00383	0.00287	0.00956	0.00861	0.01530	0.01339	0.01530	0.01052	0.00478	0.00287	0.00096	0.00191	0.00383	0.87853	0.00383
13	0.00500	0.00357	0.00476	0.00572	0.00595	0.00333	0.00381	0.00572	0.00786	0.01048	0.02262	0.85306	0.02715	0.01286	0.00524	0.00167	0.00238	0.01167	0.00381	0.00333
14	0.00513	0.00415	0.00456	0.00450	0.00573	0.00358	0.00336	0.00642	0.00996	0.01262	0.26869	0.06461	0.57250	0.00990	0.00486	0.00137	0.00205	0.00841	0.00402	0.00358
15	0.00765	0.00383	0.00383	0.00383	0.00478	0.00383	0.00287	0.00956	0.00861	0.01530	0.01339	0.01530	0.01052	0.00478	0.00287	0.00096	0.00191	0.00383	0.87853	0.00383
16	0.01533	0.01956	0.01163	0.01058	0.01269	0.83926	0.00793	0.01639	0.01163	0.01005	0.00635	0.00740	0.00529	0.00423	0.00370	0.00106	0.00740	0.00264	0.00212	0.00476
17	0.00586	0.00440	0.00660	0.00660	0.00733	0.00513	0.00513	0.00733	0.00660	0.00953	0.01100	0.01613	0.01026	0.03079	0.83947	0.00660	0.01100	0.00440	0.00220	0.00367
18	0.00570	0.00414	0.00536	0.00516	0.00609	0.00381	0.00383	0.00749	0.01120	0.01570	0.72237	0.09939	0.07666	0.00886	0.00487	0.00133	0.00198	0.00784	0.00443	0.00381
19	0.01548	0.01144	0.01225	0.00942	0.01268	0.01267	0.00777	0.79786	0.03809	0.02567	0.01002	0.00998	0.00711	0.00494	0.00411	0.00124	0.00449	0.00372	0.00411	0.00697
20	0.00815	0.00701	0.01106	0.67848	0.02401	0.00853	0.00996	0.05239	0.00885	0.01200	0.00833	0.01153	0.00629	0.00425	0.00392	0.00130	0.00490	0.00368	0.13080	0.00458
21	0.00485	0.00416	0.00416	0.00416	0.00554	0.00347	0.00312	0.00589	0.00936	0.01109	0.04158	0.03950	0.82847	0.01040	0.00485	0.00139	0.00208	0.00866	0.00381	0.00347
22	0.00485	0.00416	0.00416	0.00416	0.00554	0.00347	0.00312	0.00589	0.00936	0.01109	0.04158	0.03950	0.82847	0.01040	0.00485	0.00139	0.00208	0.00866	0.00381	0.00347
23	0.00878	0.12056	0.37062	0.01104	0.08215	0.00924	0.07261	0.01200	0.00889	0.01290	0.05194	0.00988	0.00742	0.00385	0.00368	0.00109	0.00492	0.00322	0.00210	0.20313
24	0.00851	0.00730	0.00851	0.00608	0.00973	0.00547	0.00486	0.01034	0.00851	0.01338	0.00730	0.00851	0.00608	0.00304	0.00304	0.00061	0.00304	0.00243	0.00243	0.88083
25	0.00492	0.00388	0.00445	0.00491	0.00574	0.00340	0.00345	0.00581	0.00863	0.01079	0.03245	0.43145	0.44242	0.01158	0.00504	0.00152	0.00222	0.01011	0.00381	0.00340
26	0.01100	0.00864	0.00931	0.00825	0.01066	0.00981	0.00645	0.02164	0.74464	0.09571	0.01666	0.01519	0.01230	0.00552	0.00417	0.00138	0.00327	0.00459	0.00426	0.00654
27	0.01560	0.01150	0.01232	0.00944	0.01273	0.01273	0.00780	0.81645	0.01930	0.02587	0.00986	0.00986	0.00698	0.00493	0.00411	0.00123	0.00452	0.00370	0.00411	0.00698
28	0.00775	0.00730	0.01231	0.84587	0.02827	0.00912	0.01140	0.01049	0.00821	0.01049	0.00730	0.01094	0.00547	0.00410	0.00410	0.00137	0.00547	0.00365	0.00182	0.00456
29	0.00765	0.00383	0.00383	0.00383	0.00478	0.00383	0.00287	0.00956	0.00861	0.01530	0.01339	0.01530	0.01052	0.00478	0.00287	0.00096	0.00191	0.00383	0.87853	0.00383
30	0.01214	0.00939	0.01013	0.00861	0.01121	0.01057	0.00688	0.26595	0.50391	0.05983	0.01477	0.01477	0.01113	0.00557	0.00421	0.00136	0.00367	0.03516	0.00418	0.00657
31	0.01016	0.00975	0.01666	0.02520	0.83013	0.00975	0.01260	0.01260	0.00935	0.01341	0.00772	0.01016	0.00650	0.00366	0.00406	0.00122	0.00488	0.00366	0.00203	0.00650
32	0.00597	0.00398	0.00448	0.00448	0.00448	0.00398	0.00249	0.00597	0.00597	0.00796	0.01293	0.02686	0.01492	0.85574	0.02089	0.00398	0.00398	0.00597	0.00249	0.00249
33	0.00782	0.00743	0.01272	0.81718	0.02804	0.00916	0.03924	0.01058	0.00826	0.01058	0.00733	0.01095	0.00550	0.00408	0.00413	0.00137	0.00552	0.00369	0.00183	0.00459
34	0.00597	0.00398	0.00448	0.00448	0.00448	0.00398	0.00249	0.00597	0.00597	0.00796	0.01293	0.02686	0.01492	0.85574	0.02089	0.00398	0.00398	0.00597	0.00249	0.00249
35	0.01000	0.00957	0.01618	0.04940	0.77623	0.00964	0.01228	0.01259	0.02471	0.01335	0.00846	0.01078	0.02062	0.00382	0.00408	0.00123	0.00482	0.00376	0.00210	0.00639
36	0.00938	0.00760	0.00883	0.00638	0.00998	0.00604	0.00513	0.07190	0.00944	0.04161	0.00779	0.00880	0.00628	0.00325	0.00316	0.00068	0.00317	0.00258	0.00265	0.78535
37	0.00499	0.00362	0.00471	0.00559	0.00592	0.00335	0.00375	0.00573	0.00798	0.01053	0.02420	0.78544	0.09375	0.01266	0.00521	0.00164	0.00236	0.01142	0.00381	0.00335
38	0.48024	0.02208	0.00906	0.02037	0.04702	0.08453	0.01689	0.10635	0.00954	0.11440	0.00763	0.00837	0.00569	0.00429	0.00370	0.00127	0.04762	0.00285	0.00290	0.00519
39	0.00911	0.11073	0.42166	0.09764	0.05150	0.02295	0.09176	0.05166	0.02520	0.01307	0.03265	0.02299	0.00699	0.00425	0.00412	0.00127	0.02113	0.00354	0.00208	0.00568
40	0.05471	0.12153	0.46795	0.01028	0.02726	0.09212	0.01146	0.07428	0.00970	0.02567	0.03001	0.00927	0.00653	0.00513	0.03600	0.00142	0.00575	0.00310	0.00215	0.00569
41	0.00962	0.00943	0.01346	0.03033	0.42383	0.09636	0.06451	0.01221	0.04940	0.01281	0.02763	0.04233	0.02617	0.02102	0.00473	0.00141	0.00483	0.14184	0.00259	0.00548
42	0.00613	0.00484	0.00538	0.00518	0.00659	0.00446	0.00405	0.07386	0.01065	0.01354	0.19681	0.03599	0.51082	0.00964	0.00488	0.00141	0.00244	0.09548	0.00398	0.00387
43	0.00599	0.00543	0.03076	0.06494	0.02453	0.00488	0.02934	0.03203	0.00923	0.01168	0.06634	0.13764	0.44631	0.05304	0.01905	0.00164	0.01456	0.03533	0.00344	0.00383
44	0.01011	0.04369	0.42965	0.01219	0.12938	0.00941	0.01167	0.08673	0.06686	0.08793	0.02409	0.05247	0.00819	0.00470	0.00402	0.00129	0.00502	0.00387	0.00262	0.00612
45	0.00787	0.00741	0.01252	0.80629	0.06695	0.00915	0.01146	0.01059	0.00826	0.01063	0.00732	0.01091	0.00552	0.00408	0.00410	0.00136	0.00544	0.00365	0.00183	0.00465
46	0.00500	0.00357	0.00476	0.00572	0.00595	0.00333	0.00381	0.00572	0.00786	0.01048	0.02262	0.85306	0.02715	0.01286	0.00524	0.00167	0.00238	0.01167	0.00381	0.00333
47	0.00916	0.01446	0.35265	0.14134	0.09240	0.00984	0.22684	0.06632	0.00963	0.01352	0.00803	0.02259	0.00608	0.00400	0.00423	0.00133	0.00594	0.00384	0.00206	0.00575
48	0.00728	0.01968	0.14845	0.00819	0.02963	0.02264	0.00717	0.01836	0.00761	0.02543	0.01194	0.10858	0.01206	0.13443	0.26491	0.00343	0.09938	0.06417	0.00247	0.00418
49	0.00492	0.00416	0.00426	0.00423	0.00559	0.00350	0.00318	0.00603	0.00953	0.01150	0.10146	0.03883	0.76834	0.01024	0.00485	0.00138	0.00207	0.00857	0.00387	0.00350
50	0.00849	0.00442	0.00455	0.00430	0.00547	0.00448	0.00329	0.06295	0.00940	0.04016	0.01324	0.01491	0.01028	0.00480	0.00299	0.00098	0.00213	0.00383	0.79520	0.00413
51	0.04578	0.05062	0.19010	0.01740	0.37302	0.11986	0.08154	0.04981	0.00985	0.01346	0.00744	0.00925	0.00593	0.00383	0.00393	0.00122	0.00554	0.00337	0.00209	0.00598
52	0.01049	0.01394	0.35426	0.01131	0.04839	0.05495	0.12566	0.02727	0.00971	0.16279	0.01162	0.09536	0.02336	0.00528	0.00427	0.00134	0.00522	0.02626	0.00277	0.00574
53	0.00823	0.02123	0.83447	0.01170	0.01777	0.00953	0.01517	0.01300	0.00867	0.01300	0.00737	0.00867	0.00520	0.00390	0.00390	0.00130	0.00607	0.00303	0.00173	0.00607
54	0.31559	0.10711	0.03766	0.01005	0.11134	0.23520	0.00738	0.06858	0.02175	0.02870	0.00680	0.00786	0.00545	0.00405	0.00342	0.00117	0.01759	0.00273	0.00241	0.00517
55	0.00556	0.00403	0.00525	0.00528	0.00607	0.00372	0.00383	0.00715	0.01054	0.01469	0.58789	0.25048	0.06084	0.00965	0.00495	0.00139	0.00206	0.00860	0.00431	0.00372
56	0.01069	0.08468	0.07535	0.01557	0.33575	0.08811	0.04203	0.10948	0.07519	0.01427	0.01049	0.05620	0.03005	0.00491	0.00407	0.00125	0.00483	0.02857	0.00261	0.00589
57	0.00953	0.00491	0.00600	0.00534	0.00690	0.00455	0.00415	0.01111	0.00997	0.23006	0.17629	0.02298	0.15974	0.03763	0.03375	0.00151	0.01534	0.01768	0.23798	0.00456
58	0.13915	0.23635	0.32975	0.00904	0.01321	0.08120	0.00982	0.04773	0.03448	0.05374	0.00744	0.00824	0.00566	0.00397	0.00338	0.00116	0.00504	0.00279	0.00223	0.00561

[dist]
# distance from previous block
# <min> <max>
1	2

[block]
# block no. 5 follows, 65 sequences, length 30
# corresponding to MSA columns:
# 511-540
name=unknown_F
#
# <colnr> <probs for GDERKNQSTAVLIFYWHMCP>
#	G	D	E	R	K	N	Q	S	T	A	V	L	I	F	Y	W	H	M	C	P
0	0.04975	0.26600	0.23683	0.02729	0.05357	0.07056	0.02903	0.08006	0.00971	0.03660	0.01765	0.00890	0.00628	0.00458	0.02335	0.00123	0.00510	0.00297	0.02274	0.04780
1	0.03075	0.00581	0.00720	0.00618	0.00806	0.00555	0.00486	0.05251	0.08122	0.24317	0.42233	0.02370	0.07746	0.00708	0.00450	0.00130	0.00265	0.00604	0.00453	0.00510
2	0.00520	0.00376	0.00501	0.00573	0.00611	0.00364	0.00395	0.00604	0.00779	0.01041	0.03277	0.63583	0.06588	0.05404	0.10953	0.00237	0.00354	0.03150	0.00356	0.00336
3	0.03909	0.03184	0.09202	0.02450	0.21787	0.10093	0.05888	0.04446	0.03913	0.05264	0.05652	0.06002	0.01036	0.00555	0.00527	0.00136	0.10208	0.04941	0.00264	0.00541
4	0.01050	0.03928	0.02613	0.07393	0.24944	0.00939	0.10770	0.13184	0.10510	0.05541	0.06261	0.03625	0.03042	0.00490	0.00419	0.00127	0.00442	0.00447	0.03689	0.00586
5	0.00687	0.00432	0.00529	0.00532	0.00645	0.00381	0.00388	0.00797	0.00938	0.12315	0.12903	0.35352	0.30478	0.01039	0.00490	0.00147	0.00237	0.00907	0.00407	0.00394
6	0.00600	0.00456	0.00563	0.00532	0.00632	0.02349	0.00400	0.00785	0.01129	0.01576	0.73720	0.02978	0.06897	0.00945	0.04492	0.00154	0.00251	0.00722	0.00432	0.00387
7	0.01008	0.31245	0.33595	0.02302	0.09379	0.02302	0.03450	0.03075	0.03582	0.03871	0.00744	0.00859	0.00583	0.00391	0.00369	0.00115	0.02048	0.00297	0.00203	0.00581
8	0.01124	0.00702	0.03202	0.00693	0.00922	0.00668	0.00566	0.01602	0.26679	0.27681	0.07679	0.04814	0.13852	0.00670	0.00433	0.00135	0.00307	0.03292	0.04412	0.00568
9	0.01390	0.00972	0.01047	0.00825	0.01104	0.01063	0.00674	0.59295	0.05355	0.05546	0.02890	0.01165	0.00866	0.00501	0.00391	0.00119	0.00392	0.00386	0.15381	0.00635
10	0.67836	0.06623	0.10807	0.00647	0.00954	0.00988	0.00608	0.05085	0.00787	0.01753	0.00611	0.00706	0.00471	0.00386	0.00279	0.00125	0.00367	0.00239	0.00247	0.00482
11	0.88473	0.00794	0.00603	0.00540	0.00794	0.00921	0.00445	0.01207	0.00699	0.01842	0.00572	0.00667	0.00445	0.00381	0.00254	0.00127	0.00318	0.00222	0.00254	0.00445
12	0.01097	0.85821	0.02151	0.00702	0.01054	0.01624	0.00702	0.01229	0.00834	0.00966	0.00571	0.00658	0.00527	0.00351	0.00263	0.00088	0.00439	0.00219	0.00176	0.00527
13	0.00564	0.00403	0.00549	0.00644	0.00696	0.00388	0.00492	0.00682	0.00849	0.01119	0.02227	0.53424	0.02576	0.01226	0.00541	0.00176	0.00293	0.32419	0.00380	0.00351
14	0.00775	0.00730	0.01231	0.84587	0.02827	0.00912	0.01140	0.01049	0.00821	0.01049	0.00730	0.01094	0.00547	0.00410	0.00410	0.00137	0.00547	0.00365	0.00182	0.00456
15	0.00811	0.00786	0.01388	0.70421	0.07773	0.00930	0.09907	0.01091	0.00844	0.01096	0.00743	0.01091	0.00562	0.00401	0.00418	0.00136	0.00559	0.00378	0.00186	0.00479
16	0.01842	0.00699	0.00953	0.00730	0.01048	0.00603	0.00603	0.02000	0.01175	0.83298	0.01619	0.01397	0.01016	0.00508	0.00413	0.00127	0.00349	0.00413	0.00508	0.00699
17	0.00496	0.00406	0.00437	0.00451	0.00566	0.00348	0.00330	0.00602	0.00929	0.01144	0.10471	0.17609	0.62659	0.01064	0.00492	0.00143	0.00212	0.00907	0.00387	0.00348
18	0.01021	0.00905	0.00921	0.00841	0.01062	0.04967	0.00657	0.02063	0.72743	0.01649	0.01656	0.01708	0.01295	0.00590	0.00426	0.00141	0.00349	0.05979	0.00405	0.00623
19	0.01068	0.00614	0.00678	0.00592	0.00776	0.00637	0.00466	0.09672	0.17086	0.15183	0.04651	0.01514	0.01161	0.00515	0.00354	0.00114	0.00271	0.00417	0.43712	0.00520
20	0.00507	0.00362	0.00485	0.00580	0.00607	0.00340	0.00394	0.00584	0.00793	0.01056	0.02258	0.81717	0.02699	0.01279	0.00526	0.00168	0.00244	0.04685	0.00381	0.00335
21	0.00966	0.01100	0.02383	0.01708	0.02110	0.01045	0.78817	0.01304	0.00957	0.01304	0.00821	0.01100	0.00620	0.00359	0.00513	0.00140	0.03515	0.00480	0.00207	0.00550
22	0.01466	0.01024	0.01103	0.00858	0.01154	0.01120	0.00705	0.66858	0.01748	0.06322	0.01064	0.01079	0.00761	0.00492	0.00394	0.00120	0.00411	0.00373	0.12292	0.00655
23	0.00710	0.00402	0.00421	0.00414	0.00518	0.00392	0.00311	0.00911	0.02620	0.01497	0.12717	0.02043	0.11734	0.00599	0.00341	0.00106	0.00197	0.00494	0.63186	0.00384
24	0.01274	0.00798	0.01127	0.00899	0.01157	0.00818	0.11605	0.10494	0.16764	0.29723	0.02858	0.01426	0.01028	0.03937	0.10960	0.00209	0.03506	0.00442	0.00381	0.00597
25	0.00816	0.00781	0.01236	0.73742	0.06996	0.03339	0.01108	0.01093	0.02029	0.01082	0.00743	0.01078	0.00565	0.00407	0.00406	0.00133	0.00538	0.00359	0.00190	0.03360
26	0.00499	0.00360	0.00474	0.00564	0.00594	0.00334	0.00378	0.00572	0.00793	0.01051	0.02349	0.81605	0.06361	0.01275	0.00522	0.00165	0.00237	0.01153	0.00381	0.00334
27	0.00926	0.00870	0.01462	0.09855	0.59182	0.00884	0.03460	0.02648	0.00924	0.01292	0.01047	0.08927	0.03956	0.00538	0.02136	0.00140	0.00477	0.00464	0.00229	0.00584
28	0.72768	0.00833	0.04402	0.00589	0.00846	0.00891	0.00509	0.01234	0.00737	0.06087	0.00671	0.00764	0.00511	0.00404	0.00306	0.00127	0.03113	0.00248	0.04499	0.00463
29	0.12857	0.04646	0.07608	0.04594	0.41916	0.00945	0.00998	0.06797	0.00972	0.06989	0.01788	0.02197	0.02984	0.00424	0.00381	0.00122	0.00443	0.00364	0.00252	0.02722

[dist]
