[name]
unknown

[dist]
# distance from previous block
# <min> <max>
0	192

[block]
# block no. 0 follows, 56 sequences, length 58
# corresponding to MSA columns:
# 217-274
name=unknown_A
#
# <colnr> <probs for GDERKNQSTAVLIFYWHMCP>
#	G	D	E	R	K	N	Q	S	T	A	V	L	I	F	Y	W	H	M	C	P
0	0.03844	0.09429	0.16506	0.02951	0.03280	0.09707	0.13974	0.10628	0.04073	0.04003	0.04687	0.01511	0.01031	0.01910	0.00483	0.00146	0.00573	0.05971	0.03139	0.02155
1	0.13806	0.14027	0.08881	0.04674	0.11183	0.10774	0.03490	0.03209	0.08207	0.04309	0.03236	0.03134	0.02289	0.00581	0.02164	0.00149	0.02013	0.01348	0.00286	0.02240
2	0.07846	0.05452	0.10982	0.02918	0.06702	0.09919	0.03472	0.01443	0.05555	0.12640	0.01640	0.02699	0.12785	0.00777	0.05409	0.00174	0.00528	0.02091	0.00329	0.06639
3	0.01232	0.20141	0.06069	0.01134	0.09862	0.11848	0.05795	0.09755	0.01192	0.06444	0.07243	0.05858	0.03951	0.00568	0.00425	0.00128	0.00505	0.00464	0.05168	0.02216
4	0.05465	0.08012	0.23735	0.05609	0.03936	0.03724	0.00952	0.05012	0.01105	0.05951	0.17279	0.04212	0.04675	0.00617	0.00459	0.01150	0.00466	0.00494	0.01334	0.05812
5	0.04048	0.11307	0.11938	0.00924	0.01237	0.08200	0.00832	0.20743	0.05636	0.06182	0.02440	0.03262	0.00989	0.09457	0.01674	0.01062	0.03220	0.01210	0.02403	0.03237
6	0.02690	0.12682	0.32715	0.02717	0.04094	0.06066	0.01959	0.04240	0.01026	0.05582	0.02927	0.05635	0.04723	0.07096	0.01892	0.00171	0.00558	0.00458	0.02183	0.00585
7	0.04683	0.00984	0.10043	0.01754	0.01117	0.04182	0.00701	0.04333	0.11073	0.05975	0.04128	0.10309	0.09346	0.00658	0.00458	0.00130	0.02181	0.00538	0.05175	0.22233
8	0.00965	0.01185	0.18661	0.20514	0.05963	0.01000	0.07800	0.06653	0.01021	0.02853	0.03439	0.09700	0.01082	0.02574	0.00658	0.00167	0.11189	0.02654	0.01356	0.00565
9	0.00978	0.02927	0.06558	0.01996	0.47268	0.00929	0.03423	0.01270	0.05071	0.01421	0.01320	0.21110	0.01319	0.01723	0.00508	0.00154	0.00481	0.00630	0.00286	0.00626
10	0.00892	0.00542	0.00699	0.00668	0.00716	0.02917	0.00470	0.07104	0.01993	0.01021	0.00887	0.01428	0.00848	0.03265	0.08719	0.66409	0.00494	0.00412	0.00231	0.00285
11	0.83829	0.00913	0.00701	0.00626	0.00904	0.02484	0.00514	0.01353	0.00789	0.02024	0.00640	0.00753	0.00501	0.00435	0.00311	0.00143	0.02048	0.00253	0.00282	0.00498
12	0.00636	0.00439	0.00529	0.00571	0.00593	0.00428	0.00364	0.00682	0.00777	0.01028	0.01966	0.27835	0.04779	0.49049	0.01600	0.00337	0.00382	0.07340	0.00340	0.00323
13	0.00993	0.02663	0.20326	0.10482	0.01648	0.05035	0.05903	0.01330	0.03632	0.01435	0.00852	0.01021	0.00668	0.00397	0.00397	0.00108	0.00508	0.00330	0.00246	0.42027
14	0.00710	0.00562	0.00659	0.00710	0.00796	0.01891	0.00500	0.01065	0.18542	0.01354	0.04124	0.60982	0.03867	0.01226	0.00555	0.00177	0.00296	0.01098	0.00434	0.00456
15	0.01065	0.01118	0.05728	0.18059	0.31912	0.06056	0.09957	0.04541	0.03485	0.01475	0.05078	0.04327	0.02643	0.00513	0.00471	0.00143	0.00565	0.00480	0.00265	0.02120
16	0.00990	0.20804	0.63663	0.01191	0.01805	0.01235	0.01491	0.01436	0.00961	0.01370	0.00782	0.00917	0.00583	0.00426	0.00404	0.00135	0.00636	0.00318	0.00194	0.00658
17	0.00606	0.00428	0.00558	0.00616	0.00676	0.00394	0.00427	0.00725	0.01005	0.02647	0.22901	0.56710	0.08038	0.01278	0.00570	0.00173	0.00253	0.01148	0.00449	0.00396
18	0.00657	0.00488	0.00720	0.00720	0.00796	0.00564	0.00552	0.00809	0.00733	0.01053	0.01246	0.01892	0.01186	0.09374	0.76168	0.00716	0.01172	0.00505	0.00248	0.00400
19	0.01066	0.01004	0.01668	0.28456	0.51324	0.01078	0.01330	0.03424	0.03525	0.01445	0.00886	0.01182	0.00713	0.00436	0.00456	0.00142	0.00560	0.00412	0.00233	0.00659
20	0.00620	0.00482	0.00629	0.00688	0.00738	0.00494	0.00500	0.00718	0.00900	0.01191	0.02629	0.55123	0.14270	0.02404	0.00699	0.00189	0.08520	0.08413	0.00401	0.00391
21	0.13325	0.00812	0.01024	0.00796	0.01143	0.00746	0.00658	0.04652	0.01271	0.68240	0.01633	0.01439	0.01040	0.00549	0.00438	0.00142	0.00390	0.00432	0.00527	0.00744
22	0.00608	0.00431	0.00562	0.00625	0.00665	0.00419	0.00427	0.00706	0.00913	0.01252	0.12799	0.57148	0.02907	0.09895	0.02135	0.00214	0.02109	0.02106	0.03701	0.00377
23	0.03151	0.01427	0.01498	0.05575	0.20096	0.25816	0.06614	0.16402	0.07794	0.04477	0.00984	0.01129	0.00767	0.01686	0.00475	0.00140	0.00618	0.00396	0.00307	0.00650
24	0.00668	0.00445	0.00501	0.00501	0.00501	0.00445	0.00278	0.00668	0.00668	0.00890	0.01447	0.03004	0.01669	0.83866	0.02337	0.00445	0.00445	0.00668	0.00278	0.00278
25	0.00657	0.00489	0.00724	0.00724	0.00801	0.00566	0.00556	0.00811	0.00734	0.01055	0.01243	0.01875	0.01179	0.08196	0.77336	0.00721	0.01183	0.00502	0.00248	0.00402
26	0.01107	0.01061	0.01810	0.11538	0.72511	0.01083	0.01394	0.01383	0.01031	0.01464	0.00858	0.01146	0.00715	0.00415	0.00455	0.00138	0.00553	0.00409	0.00225	0.00704
27	0.00994	0.16927	0.56266	0.02987	0.01915	0.01212	0.10703	0.01436	0.00975	0.01383	0.00803	0.00964	0.00597	0.00423	0.00424	0.00138	0.00655	0.00348	0.00199	0.00652
28	0.01214	0.01251	0.01829	0.02545	0.65882	0.12351	0.05352	0.01471	0.01083	0.01446	0.00846	0.01099	0.00707	0.00417	0.00453	0.00135	0.00596	0.00400	0.00229	0.00695
29	0.01129	0.06246	0.54291	0.01232	0.03453	0.01172	0.01410	0.19978	0.01261	0.01789	0.03238	0.01065	0.00743	0.00475	0.00438	0.00141	0.00611	0.00368	0.00267	0.00692
30	0.87108	0.00888	0.00675	0.00604	0.00888	0.01030	0.00497	0.01350	0.00781	0.02060	0.00639	0.00746	0.00497	0.00426	0.00284	0.00142	0.00355	0.00249	0.00284	0.00497
31	0.01136	0.01091	0.01863	0.02818	0.81002	0.01091	0.01409	0.01409	0.01045	0.01500	0.00864	0.01136	0.00727	0.00409	0.00455	0.00136	0.00545	0.00409	0.00227	0.00727
32	0.02060	0.00781	0.01065	0.00817	0.01172	0.00675	0.00675	0.02237	0.01314	0.81320	0.01811	0.01563	0.01136	0.00568	0.00462	0.00142	0.00391	0.00462	0.00568	0.00781
33	0.00616	0.00461	0.00568	0.00558	0.00666	0.00418	0.00412	0.00788	0.01173	0.01591	0.50681	0.11764	0.22832	0.03494	0.00601	0.00161	0.00235	0.02099	0.00470	0.00411
34	0.01124	0.01132	0.01425	0.01209	0.01268	0.08215	0.02806	0.07286	0.00876	0.01254	0.00658	0.01003	0.00618	0.00746	0.01310	0.00188	0.67731	0.00397	0.00225	0.00529
35	0.00587	0.00413	0.00523	0.00600	0.00622	0.00392	0.00386	0.00647	0.00828	0.01101	0.02295	0.61055	0.04337	0.22742	0.01038	0.00253	0.00312	0.01133	0.00388	0.00349
36	0.01703	0.01254	0.01342	0.01036	0.01393	0.01389	0.00853	0.74978	0.04584	0.02832	0.01137	0.01138	0.00811	0.00553	0.00456	0.00138	0.00493	0.00417	0.02726	0.00770
37	0.00656	0.00492	0.00738	0.00738	0.00820	0.00574	0.00574	0.00820	0.00738	0.01066	0.01230	0.01804	0.01148	0.03443	0.82046	0.00738	0.01230	0.00492	0.00246	0.00410
38	0.00941	0.04643	0.60797	0.01362	0.01959	0.01069	0.15062	0.01414	0.00993	0.01445	0.02737	0.03790	0.00769	0.00471	0.00457	0.00147	0.00665	0.00415	0.00215	0.00650
39	0.01228	0.77194	0.06474	0.00826	0.01228	0.04424	0.00836	0.01394	0.00947	0.01101	0.00650	0.00752	0.00589	0.00398	0.00306	0.00101	0.00512	0.00252	0.00198	0.00592
40	0.01261	0.01354	0.01659	0.11214	0.51136	0.22708	0.01255	0.01496	0.01100	0.01363	0.00817	0.01064	0.00678	0.00432	0.00444	0.00133	0.00628	0.00379	0.00227	0.00651
41	0.00572	0.00409	0.00547	0.00654	0.00686	0.00384	0.00448	0.00661	0.00892	0.01186	0.02523	0.78028	0.03009	0.01426	0.00589	0.00188	0.00277	0.06717	0.00426	0.00376
42	0.01105	0.01087	0.01937	0.09746	0.63314	0.01094	0.12127	0.01397	0.01039	0.01467	0.00868	0.01158	0.00713	0.00410	0.00467	0.00140	0.00583	0.00427	0.00226	0.00693
43	0.00563	0.00401	0.00532	0.00635	0.00660	0.00375	0.00421	0.00640	0.00872	0.01163	0.02495	0.80909	0.02991	0.04157	0.00644	0.00195	0.00272	0.01284	0.00421	0.00370
44	0.00630	0.00465	0.00589	0.00565	0.00676	0.00424	0.00421	0.00826	0.01243	0.01723	0.66143	0.07696	0.14903	0.00995	0.00544	0.00148	0.00221	0.00874	0.00490	0.00424
45	0.02044	0.00807	0.01082	0.00829	0.01185	0.00713	0.00685	0.06223	0.01358	0.77272	0.01775	0.01539	0.01118	0.00567	0.00462	0.00142	0.00397	0.00459	0.00563	0.00781
46	0.00645	0.00448	0.00561	0.00581	0.00605	0.00462	0.00374	0.00698	0.00723	0.00983	0.01596	0.17581	0.01801	0.50071	0.20445	0.00465	0.00594	0.00745	0.00298	0.00326
47	0.01252	0.00991	0.01171	0.01185	0.12295	0.01088	0.00827	0.14174	0.44725	0.07185	0.01739	0.01808	0.04255	0.00632	0.00475	0.00152	0.00411	0.04488	0.00435	0.00710
48	0.01056	0.01143	0.02380	0.05805	0.12497	0.01095	0.59479	0.01410	0.01067	0.01458	0.01015	0.01470	0.00822	0.00449	0.00528	0.00155	0.00706	0.05189	0.01663	0.00613
49	0.01084	0.01238	0.02709	0.01935	0.02399	0.01161	0.79334	0.01471	0.01084	0.01471	0.00929	0.01238	0.00697	0.00387	0.00542	0.00155	0.00774	0.00542	0.00232	0.00619
50	0.01056	0.00600	0.00794	0.00683	0.00879	0.00551	0.02327	0.01319	0.05792	0.23105	0.46112	0.02872	0.10363	0.00829	0.00516	0.00146	0.00286	0.00720	0.00506	0.00543
51	0.04002	0.01032	0.01146	0.00947	0.01239	0.03719	0.02554	0.31135	0.19876	0.15440	0.03262	0.08490	0.01296	0.00667	0.00475	0.00149	0.00436	0.02984	0.00459	0.00694
52	0.00938	0.00908	0.01258	0.02862	0.01173	0.02623	0.03465	0.01064	0.00804	0.01194	0.05129	0.07037	0.04530	0.00840	0.01219	0.00188	0.59077	0.01782	0.03425	0.00485
53	0.87108	0.00888	0.00675	0.00604	0.00888	0.01030	0.00497	0.01350	0.00781	0.02060	0.00639	0.00746	0.00497	0.00426	0.00284	0.00142	0.00355	0.00249	0.00284	0.00497
54	0.01030	0.00936	0.01359	0.01649	0.37417	0.00826	0.00934	0.01264	0.00996	0.01494	0.00896	0.01088	0.01912	0.00384	0.00395	0.00100	0.00432	0.00345	0.00254	0.46291
55	0.00685	0.00439	0.00524	0.00552	0.00599	0.00440	0.00371	0.00781	0.00815	0.01189	0.01799	0.20845	0.04022	0.32001	0.10231	0.00325	0.00432	0.03277	0.20315	0.00357
56	0.01407	0.21179	0.08270	0.01035	0.02842	0.20675	0.00890	0.11895	0.20037	0.05796	0.01090	0.01108	0.00838	0.00500	0.00409	0.00129	0.00555	0.00367	0.00324	0.00653
57	0.01110	0.01070	0.16350	0.00885	0.01251	0.00755	0.02972	0.01445	0.07103	0.16364	0.06821	0.09993	0.01301	0.00596	0.00474	0.00128	0.03123	0.00498	0.00356	0.27403

[dist]
# distance from previous block
# <min> <max>
0	2

[block]
# block no. 1 follows, 56 sequences, length 76
# corresponding to MSA columns:
# 277-352
name=unknown_B
#
# <colnr> <probs for GDERKNQSTAVLIFYWHMCP>
#	G	D	E	R	K	N	Q	S	T	A	V	L	I	F	Y	W	H	M	C	P
0	0.01272	0.13417	0.26815	0.01295	0.07013	0.16236	0.05364	0.13602	0.02750	0.01554	0.00834	0.00973	0.00649	0.00477	0.00491	0.00136	0.05870	0.00353	0.00253	0.00645
1	0.01373	0.04076	0.01558	0.03282	0.33716	0.21782	0.01090	0.13878	0.08670	0.01628	0.00938	0.01090	0.00753	0.00483	0.00481	0.00135	0.03727	0.00386	0.00286	0.00669
2	0.01332	0.00658	0.00850	0.00749	0.00960	0.00610	0.00576	0.09013	0.01223	0.36222	0.07080	0.32898	0.03974	0.00935	0.00516	0.00159	0.00340	0.00814	0.00496	0.00594
3	0.00977	0.00923	0.05334	0.03961	0.01257	0.00695	0.02571	0.04316	0.01002	0.01532	0.00852	0.02019	0.00706	0.00373	0.00363	0.00082	0.00385	0.00306	0.00274	0.72070
4	0.01102	0.02599	0.08929	0.00793	0.01221	0.00716	0.02262	0.03069	0.01025	0.10692	0.00936	0.01029	0.00724	0.00382	0.00369	0.00088	0.00394	0.00308	0.00300	0.63061
5	0.00563	0.00402	0.00536	0.00637	0.00667	0.00375	0.00426	0.00648	0.00895	0.01198	0.05582	0.80440	0.03087	0.01419	0.00584	0.00185	0.00264	0.01287	0.00429	0.00375
6	0.87108	0.00888	0.00675	0.00604	0.00888	0.01030	0.00497	0.01350	0.00781	0.02060	0.00639	0.00746	0.00497	0.00426	0.00284	0.00142	0.00355	0.00249	0.00284	0.00497
7	0.00783	0.00534	0.00682	0.00632	0.00769	0.00511	0.00484	0.01087	0.07836	0.06870	0.66270	0.03234	0.03823	0.00901	0.00534	0.00148	0.00248	0.03671	0.00503	0.00479
8	0.00578	0.00407	0.00527	0.00616	0.00638	0.00385	0.00401	0.00644	0.00843	0.01124	0.02347	0.69912	0.02805	0.15408	0.00883	0.00230	0.00297	0.01197	0.00401	0.00357
9	0.01227	0.84142	0.02406	0.00786	0.01178	0.01817	0.00786	0.01375	0.00933	0.01080	0.00638	0.00736	0.00589	0.00393	0.00295	0.00098	0.00491	0.00245	0.00196	0.00589
10	0.00653	0.00471	0.00618	0.00587	0.00695	0.00437	0.00444	0.00869	0.01291	0.01824	0.77926	0.03493	0.04271	0.00950	0.00545	0.00147	0.00224	0.03618	0.00502	0.00433
11	0.00568	0.00474	0.00498	0.00487	0.00641	0.00399	0.00366	0.00701	0.01081	0.01334	0.15704	0.04193	0.67768	0.01111	0.00538	0.00151	0.00233	0.00933	0.00434	0.02387
12	0.87108	0.00888	0.00675	0.00604	0.00888	0.01030	0.00497	0.01350	0.00781	0.02060	0.00639	0.00746	0.00497	0.00426	0.00284	0.00142	0.00355	0.00249	0.00284	0.00497
13	0.00928	0.00870	0.01472	0.62343	0.21171	0.01022	0.01286	0.01215	0.00940	0.01240	0.00827	0.01208	0.00643	0.00473	0.00488	0.02111	0.00592	0.00408	0.00209	0.00553
14	0.01251	0.80129	0.02352	0.00805	0.01190	0.05743	0.00791	0.01397	0.00951	0.01082	0.00642	0.00741	0.00589	0.00397	0.00300	0.00099	0.00507	0.00248	0.00198	0.00586
15	0.00867	0.00816	0.01377	0.82762	0.03162	0.01020	0.01275	0.01173	0.00918	0.01173	0.00816	0.01224	0.00612	0.00459	0.00459	0.00153	0.00612	0.00408	0.00204	0.00510
16	0.00889	0.00851	0.01463	0.74301	0.05206	0.01038	0.05514	0.01194	0.00926	0.01197	0.00819	0.01217	0.00620	0.00462	0.00488	0.00154	0.02519	0.00415	0.00206	0.00522
17	0.02494	0.04538	0.04593	0.00773	0.00946	0.02803	0.04845	0.01029	0.01002	0.11297	0.03454	0.40140	0.13026	0.01076	0.00534	0.00167	0.00361	0.06043	0.00405	0.00475
18	0.01859	0.00846	0.01206	0.00934	0.01247	0.00815	0.04934	0.03635	0.01237	0.64596	0.01586	0.01460	0.01033	0.00590	0.00607	0.00151	0.11574	0.00457	0.00498	0.00735
19	0.00797	0.00399	0.00598	0.00598	0.00598	0.00399	0.00399	0.00598	0.00598	0.00797	0.00797	0.01396	0.00797	0.01595	0.01794	0.86643	0.00399	0.00399	0.00199	0.00199
20	0.01097	0.01198	0.02563	0.01844	0.02289	0.01127	0.73060	0.01495	0.03239	0.03573	0.01020	0.03414	0.00789	0.00426	0.00539	0.00155	0.00739	0.00559	0.00253	0.00620
21	0.02817	0.01139	0.01186	0.01212	0.12860	0.19868	0.02191	0.05963	0.05359	0.21033	0.04259	0.10862	0.01339	0.00680	0.00497	0.00147	0.02163	0.05425	0.00384	0.00618
22	0.00559	0.00400	0.00533	0.00639	0.00666	0.00373	0.00426	0.00639	0.00879	0.01172	0.02530	0.83566	0.03036	0.01438	0.00586	0.00186	0.00266	0.01305	0.00426	0.00373
23	0.87108	0.00888	0.00675	0.00604	0.00888	0.01030	0.00497	0.01350	0.00781	0.02060	0.00639	0.00746	0.00497	0.00426	0.00284	0.00142	0.00355	0.00249	0.00284	0.00497
24	0.03162	0.42543	0.03551	0.01120	0.02735	0.16150	0.15854	0.02304	0.04010	0.01251	0.00815	0.03077	0.00707	0.00446	0.00384	0.00120	0.00597	0.00356	0.00232	0.00588
25	0.00675	0.00486	0.00603	0.00656	0.00772	0.00447	0.00522	0.00821	0.01024	0.04243	0.03274	0.21487	0.32420	0.01238	0.00583	0.00182	0.00316	0.29408	0.00430	0.00412
26	0.03527	0.01244	0.01244	0.00998	0.01329	0.07718	0.00806	0.49501	0.18048	0.02427	0.01207	0.01198	0.00887	0.00543	0.00444	0.00135	0.00483	0.00413	0.01793	0.06054
27	0.01178	0.03101	0.01826	0.13190	0.31396	0.01116	0.18662	0.07908	0.08354	0.05285	0.01020	0.01227	0.00785	0.00448	0.00470	0.00142	0.00573	0.00444	0.00282	0.02590
28	0.00885	0.12638	0.42476	0.01006	0.01447	0.02292	0.01143	0.01268	0.04060	0.01365	0.05609	0.09004	0.08458	0.02319	0.03931	0.00174	0.00560	0.00518	0.00268	0.00580
29	0.01081	0.08325	0.20406	0.01649	0.02135	0.04393	0.50106	0.01463	0.01044	0.01411	0.00864	0.01114	0.00655	0.00413	0.00519	0.00148	0.02972	0.00458	0.00220	0.00624
30	0.02047	0.00801	0.01078	0.00826	0.01182	0.00704	0.00683	0.05287	0.01347	0.78223	0.01783	0.01544	0.01122	0.00568	0.00462	0.00142	0.00395	0.00460	0.00564	0.00781
31	0.00774	0.00592	0.00877	0.12914	0.04397	0.00622	0.00844	0.01002	0.01036	0.01349	0.02133	0.04442	0.02270	0.01116	0.00601	0.00200	0.00455	0.63543	0.00383	0.00447
32	0.01111	0.01480	0.39187	0.01047	0.03286	0.00835	0.01118	0.01515	0.05582	0.18744	0.08802	0.07734	0.05012	0.01879	0.00498	0.00153	0.00498	0.00529	0.00349	0.00640
33	0.64852	0.04089	0.04521	0.00736	0.01044	0.09153	0.00631	0.07608	0.00956	0.01970	0.00691	0.00792	0.00536	0.00440	0.00318	0.00138	0.00434	0.00270	0.00286	0.00535
34	0.00668	0.00445	0.00501	0.00501	0.00501	0.00445	0.00278	0.00668	0.00668	0.00890	0.01447	0.03004	0.01669	0.83866	0.02337	0.00445	0.00445	0.00668	0.00278	0.00278
35	0.00592	0.00467	0.00533	0.00517	0.00650	0.00408	0.00387	0.00754	0.01162	0.01515	0.39499	0.03965	0.45795	0.01060	0.00542	0.00150	0.00225	0.00905	0.00463	0.00408
36	0.00996	0.24183	0.22299	0.01094	0.07291	0.04331	0.01018	0.01253	0.00995	0.01339	0.13126	0.03637	0.04784	0.00606	0.00559	0.00139	0.11062	0.00453	0.00264	0.00571
37	0.00668	0.00476	0.00603	0.00674	0.00734	0.00467	0.00463	0.02216	0.07839	0.03110	0.02410	0.71512	0.02784	0.02930	0.00604	0.00187	0.00285	0.01189	0.00431	0.00419
38	0.00569	0.00411	0.00539	0.00627	0.00670	0.00381	0.00427	0.00664	0.00925	0.01232	0.08798	0.71095	0.07872	0.01379	0.00581	0.00182	0.00263	0.02573	0.00432	0.00379
39	0.01324	0.64293	0.02156	0.00863	0.01229	0.06393	0.00812	0.12824	0.01125	0.01349	0.00709	0.00805	0.00618	0.00435	0.00369	0.00109	0.03461	0.00279	0.00237	0.00611
40	0.01109	0.05428	0.04471	0.29295	0.28353	0.05736	0.04259	0.06041	0.08094	0.01463	0.00931	0.01175	0.00730	0.00456	0.00450	0.00142	0.00576	0.00406	0.00252	0.00633
41	0.04072	0.00637	0.04004	0.11976	0.08699	0.00603	0.00729	0.00890	0.00932	0.01289	0.03504	0.46030	0.02267	0.01097	0.00544	0.00176	0.00379	0.11357	0.00364	0.00450
42	0.00856	0.00428	0.00428	0.00428	0.00535	0.00428	0.00321	0.01070	0.00963	0.01712	0.01498	0.01712	0.01177	0.00535	0.00321	0.00107	0.00214	0.00428	0.86414	0.00428
43	0.03428	0.00991	0.01077	0.00829	0.01182	0.08073	0.03692	0.06806	0.06692	0.01579	0.00941	0.02699	0.00783	0.00500	0.02399	0.00111	0.02345	0.00341	0.00295	0.55236
44	0.00875	0.00539	0.00733	0.00740	0.00844	0.00523	0.02099	0.02523	0.03141	0.14170	0.02263	0.58198	0.02489	0.01207	0.00595	0.00179	0.03268	0.04709	0.00439	0.00468
45	0.00664	0.00443	0.00502	0.00506	0.00507	0.00443	0.00283	0.00667	0.00675	0.00900	0.01485	0.05882	0.01718	0.80921	0.02274	0.00436	0.00439	0.00690	0.00283	0.00282
46	0.02003	0.01048	0.03673	0.33048	0.35941	0.01114	0.01272	0.13493	0.01166	0.01597	0.00879	0.01156	0.00685	0.00451	0.00455	0.00143	0.00566	0.00406	0.00254	0.00649
47	0.01133	0.00889	0.01029	0.00810	0.01144	0.00845	0.00647	0.04407	0.23399	0.08572	0.01197	0.01229	0.00922	0.00476	0.00463	0.00110	0.05448	0.00371	0.00355	0.46553
48	0.00676	0.00500	0.00692	0.00682	0.00763	0.00552	0.00510	0.00869	0.03963	0.01210	0.15306	0.02268	0.01798	0.15031	0.52425	0.00566	0.00898	0.00579	0.00305	0.00407
49	0.00715	0.00482	0.00602	0.00577	0.00703	0.00432	0.00430	0.00888	0.01189	0.07306	0.47883	0.13777	0.21236	0.01027	0.00542	0.00152	0.00239	0.00896	0.00482	0.00440
50	0.00941	0.02237	0.71954	0.01384	0.02037	0.01078	0.11091	0.01456	0.00983	0.01456	0.00837	0.01002	0.00595	0.00430	0.00449	0.00147	0.00690	0.00364	0.00198	0.00671
51	0.02060	0.00781	0.01065	0.00817	0.01172	0.00675	0.00675	0.02237	0.01314	0.81320	0.01811	0.01563	0.01136	0.00568	0.00462	0.00142	0.00391	0.00462	0.00568	0.00781
52	0.00885	0.00889	0.01359	0.01105	0.01270	0.03843	0.18537	0.01073	0.00968	0.01316	0.12418	0.02158	0.18717	0.00898	0.04087	0.00191	0.28877	0.00615	0.00302	0.00492
53	0.01031	0.00998	0.01748	0.26369	0.47790	0.01050	0.08477	0.01317	0.01005	0.01388	0.00916	0.04167	0.00774	0.00459	0.00469	0.00145	0.00576	0.00453	0.00228	0.00640
54	0.01119	0.00921	0.01527	0.37443	0.21733	0.01004	0.07882	0.01481	0.07765	0.11071	0.01048	0.01290	0.00783	0.00493	0.00496	0.02058	0.00557	0.00436	0.00279	0.00617
55	0.01269	0.57654	0.13787	0.00932	0.01339	0.15915	0.00937	0.01468	0.01003	0.01143	0.00678	0.00787	0.00588	0.00413	0.00336	0.00109	0.00578	0.00268	0.00203	0.00592
56	0.02797	0.00691	0.02195	0.21061	0.11253	0.00698	0.02847	0.01745	0.00980	0.04150	0.04638	0.21342	0.16662	0.04845	0.00598	0.00173	0.00417	0.02089	0.00336	0.00484
57	0.01003	0.14666	0.48391	0.03445	0.09672	0.01118	0.02881	0.01395	0.00984	0.04227	0.01054	0.04341	0.03884	0.00499	0.00430	0.00139	0.00592	0.00404	0.00230	0.00644
58	0.01031	0.04835	0.65663	0.01268	0.01875	0.05692	0.03330	0.03499	0.04368	0.02982	0.00884	0.01006	0.00635	0.00449	0.00435	0.00143	0.00660	0.00350	0.00223	0.00673
59	0.01088	0.01070	0.01872	0.13779	0.44326	0.01101	0.17382	0.01509	0.10353	0.01497	0.00989	0.01238	0.00784	0.00437	0.00475	0.00145	0.00581	0.00449	0.00253	0.00674
60	0.01062	0.02862	0.16632	0.03266	0.22574	0.00900	0.10425	0.03766	0.01056	0.09796	0.01376	0.19805	0.01299	0.00685	0.00493	0.00153	0.00515	0.02403	0.00313	0.00618
61	0.00931	0.00902	0.01600	0.55300	0.16014	0.01025	0.11475	0.01234	0.00962	0.01270	0.00910	0.03358	0.00739	0.00480	0.00475	0.00152	0.00610	0.01786	0.00221	0.00556
62	0.00794	0.02204	0.05109	0.03526	0.11908	0.00687	0.13746	0.00987	0.00966	0.02856	0.03702	0.40916	0.07041	0.02643	0.00574	0.00171	0.00425	0.00905	0.00347	0.00492
63	0.01182	0.07559	0.23944	0.01481	0.19260	0.00993	0.07825	0.01534	0.04182	0.15723	0.01288	0.06480	0.02635	0.00560	0.00463	0.00146	0.00535	0.03238	0.00310	0.00664
64	0.00951	0.04321	0.09023	0.06331	0.33894	0.03795	0.06183	0.01192	0.00995	0.01352	0.01393	0.22745	0.03113	0.00715	0.00490	0.00152	0.00503	0.01984	0.00282	0.00586
65	0.00960	0.01734	0.47234	0.09685	0.13644	0.01000	0.04767	0.01369	0.00989	0.04047	0.01129	0.04185	0.05012	0.00517	0.00473	0.00148	0.01795	0.00438	0.00235	0.00641
66	0.01049	0.03876	0.38775	0.18596	0.09502	0.06074	0.06292	0.04204	0.01042	0.03506	0.00888	0.02571	0.00676	0.00462	0.00448	0.00144	0.00641	0.00391	0.00228	0.00633
67	0.01004	0.03733	0.48888	0.03398	0.03286	0.00937	0.02798	0.02511	0.01037	0.08657	0.01332	0.01892	0.03865	0.00619	0.00477	0.00156	0.00582	0.13919	0.00281	0.00627
68	0.01223	0.01394	0.29608	0.01206	0.09243	0.04011	0.04033	0.02840	0.02108	0.21948	0.04306	0.09927	0.04859	0.00626	0.00473	0.00148	0.00514	0.00533	0.00350	0.00650
69	0.01025	0.01280	0.18971	0.21392	0.25100	0.01783	0.09673	0.04126	0.01045	0.03197	0.01048	0.04179	0.02413	0.00504	0.00471	0.00148	0.00594	0.02177	0.00246	0.00628
70	0.01039	0.02689	0.29746	0.16396	0.26930	0.02861	0.03259	0.04166	0.01043	0.02745	0.00972	0.01989	0.02386	0.00471	0.00453	0.00144	0.00601	0.01225	0.00233	0.00651
71	0.00966	0.00800	0.01262	0.12451	0.20825	0.02610	0.08683	0.01191	0.02397	0.08379	0.02504	0.25999	0.06811	0.00811	0.00513	0.00159	0.00458	0.02293	0.00338	0.00551
72	0.01153	0.03303	0.34596	0.01095	0.05288	0.00870	0.02246	0.06027	0.01118	0.18645	0.03034	0.12289	0.07009	0.00663	0.00472	0.00149	0.00502	0.00557	0.00346	0.00640
73	0.00989	0.05020	0.47824	0.03144	0.02681	0.01061	0.08701	0.01383	0.00962	0.05616	0.02266	0.04669	0.00815	0.00635	0.03477	0.00173	0.09298	0.00425	0.00236	0.00626
74	0.01057	0.02448	0.31554	0.06476	0.06943	0.02392	0.05319	0.02482	0.01037	0.12465	0.02984	0.12723	0.04488	0.00659	0.00515	0.00153	0.03480	0.01907	0.00307	0.00610
75	0.01049	0.03338	0.47220	0.08655	0.12346	0.03932	0.04776	0.01481	0.02558	0.06190	0.00959	0.02227	0.00731	0.00474	0.00450	0.00145	0.00627	0.01944	0.00238	0.00659

[dist]
# distance from previous block
# <min> <max>
0	7

[block]
# block no. 2 follows, 56 sequences, length 20
# corresponding to MSA columns:
# 360-379
name=unknown_C
#
# <colnr> <probs for GDERKNQSTAVLIFYWHMCP>
#	G	D	E	R	K	N	Q	S	T	A	V	L	I	F	Y	W	H	M	C	P
0	0.01080	0.01348	0.22185	0.13946	0.22633	0.07087	0.01221	0.01375	0.01014	0.07963	0.01119	0.11780	0.00990	0.00590	0.00504	0.00149	0.03631	0.00502	0.00269	0.00617
1	0.00942	0.00926	0.08251	0.13352	0.21030	0.00812	0.09343	0.01182	0.01007	0.06916	0.03241	0.17295	0.10427	0.00745	0.00529	0.01986	0.00482	0.00664	0.00311	0.00560
2	0.01029	0.08403	0.39529	0.01166	0.01631	0.02702	0.09808	0.03072	0.01045	0.07460	0.01317	0.06629	0.03531	0.00625	0.00475	0.00152	0.00581	0.09948	0.00283	0.00613
3	0.00955	0.04799	0.46997	0.06576	0.09055	0.02284	0.01346	0.01386	0.04228	0.03715	0.01142	0.10976	0.01002	0.00590	0.00460	0.00150	0.00579	0.02878	0.00255	0.00627
4	0.01071	0.01867	0.48977	0.01277	0.03285	0.07106	0.10301	0.01476	0.01037	0.08039	0.01128	0.04148	0.04028	0.00506	0.00455	0.00143	0.00629	0.00429	0.00254	0.03846
5	0.01068	0.01155	0.11002	0.08899	0.34249	0.01013	0.13478	0.07229	0.01099	0.03232	0.01127	0.12212	0.01018	0.00565	0.00485	0.00149	0.00559	0.00543	0.00274	0.00644
6	0.07603	0.01086	0.04314	0.08351	0.41776	0.01052	0.19179	0.01391	0.01029	0.03219	0.00975	0.01392	0.00817	0.00467	0.00473	0.00147	0.00582	0.05247	0.00249	0.00649
7	0.00912	0.01015	0.10826	0.13499	0.35798	0.00882	0.02750	0.01171	0.00973	0.01350	0.01357	0.17039	0.04166	0.02532	0.02311	0.00171	0.00522	0.01869	0.00270	0.00586
8	0.00971	0.07645	0.21253	0.01321	0.10584	0.02482	0.15621	0.01261	0.01017	0.05112	0.03927	0.12649	0.10226	0.00672	0.00517	0.00150	0.03120	0.00601	0.00291	0.00581
9	0.00926	0.01775	0.48585	0.01344	0.01872	0.00980	0.20467	0.01355	0.01011	0.02677	0.04402	0.07924	0.03488	0.00551	0.00482	0.00151	0.00631	0.00509	0.00248	0.00622
10	0.01151	0.04331	0.52897	0.01182	0.01733	0.02723	0.01371	0.13115	0.07166	0.06714	0.01007	0.01091	0.00720	0.00538	0.02143	0.00155	0.00620	0.00371	0.00279	0.00693
11	0.01218	0.06955	0.39868	0.02855	0.02945	0.08105	0.11771	0.03095	0.04667	0.12682	0.01008	0.01106	0.00720	0.00459	0.00446	0.00141	0.00631	0.00386	0.00274	0.00668
12	0.11083	0.00832	0.01302	0.24863	0.21243	0.00890	0.06822	0.01187	0.00970	0.03186	0.01424	0.10261	0.07119	0.00654	0.00476	0.00155	0.00494	0.06207	0.00285	0.00546
13	0.00853	0.00785	0.04806	0.00905	0.01084	0.04741	0.12123	0.01052	0.02667	0.06057	0.04077	0.31385	0.10469	0.02982	0.07193	0.00217	0.03849	0.00832	0.03449	0.00475
14	0.07583	0.00990	0.01541	0.21497	0.33044	0.01065	0.07352	0.05616	0.09764	0.01570	0.01141	0.01352	0.04514	0.00487	0.00455	0.00145	0.00528	0.00446	0.00275	0.00636
15	0.00952	0.01634	0.41893	0.04555	0.01878	0.00955	0.20429	0.01349	0.00996	0.05147	0.01177	0.14706	0.01042	0.00597	0.00489	0.00155	0.00618	0.00557	0.00260	0.00612
16	0.01034	0.02217	0.73522	0.01260	0.01906	0.01027	0.01595	0.01532	0.01003	0.09363	0.00922	0.01028	0.00637	0.00449	0.00439	0.00145	0.00650	0.00351	0.00231	0.00689
17	0.01263	0.00997	0.08235	0.01019	0.02074	0.06156	0.10694	0.03654	0.04248	0.24705	0.04004	0.12694	0.04915	0.00877	0.04539	0.00185	0.02521	0.06220	0.00398	0.00600
18	0.00998	0.01076	0.02088	0.01618	0.05605	0.01083	0.49548	0.01330	0.03858	0.01399	0.01444	0.01672	0.12217	0.00572	0.00682	0.00161	0.13232	0.00575	0.00264	0.00577
19	0.00945	0.00880	0.01471	0.41070	0.33324	0.00974	0.01221	0.01227	0.01016	0.01385	0.10944	0.01469	0.01127	0.00500	0.00468	0.00145	0.00536	0.00462	0.00251	0.00585

[dist]
# distance from previous block
# <min> <max>
0	4

[block]
# block no. 3 follows, 56 sequences, length 10
# corresponding to MSA columns:
# 384-393
name=unknown_D
#
# <colnr> <probs for GDERKNQSTAVLIFYWHMCP>
#	G	D	E	R	K	N	Q	S	T	A	V	L	I	F	Y	W	H	M	C	P
0	0.00927	0.00933	0.01744	0.60465	0.02952	0.01059	0.22809	0.01255	0.00964	0.01255	0.00847	0.01228	0.00635	0.00439	0.00482	0.00153	0.00657	0.00445	0.00212	0.00540
1	0.01070	0.01131	0.02077	0.13584	0.07965	0.05406	0.45534	0.05541	0.01104	0.01456	0.01073	0.09842	0.00931	0.00523	0.00517	0.00154	0.00669	0.00573	0.00260	0.00589
2	0.00550	0.00454	0.00483	0.00501	0.00631	0.00387	0.00366	0.00664	0.01028	0.01254	0.07497	0.18312	0.63886	0.01202	0.00550	0.00160	0.00238	0.01022	0.00430	0.00387
3	0.01056	0.01137	0.02353	0.01969	0.15685	0.01081	0.57573	0.01404	0.01074	0.01465	0.01079	0.01644	0.00911	0.00485	0.00537	0.00158	0.00697	0.08823	0.00252	0.00617
4	0.01148	0.50522	0.24065	0.01053	0.01530	0.01532	0.08849	0.04209	0.01002	0.01286	0.00735	0.00863	0.00605	0.00410	0.00364	0.00118	0.00571	0.00307	0.00209	0.00623
5	0.01985	0.00886	0.06358	0.00849	0.01226	0.00701	0.00742	0.02186	0.01291	0.76064	0.01746	0.01524	0.01100	0.00560	0.00460	0.00142	0.00410	0.00454	0.00544	0.00775
6	0.00559	0.00400	0.00533	0.00639	0.00666	0.00373	0.00426	0.00639	0.00879	0.01172	0.02530	0.83566	0.03036	0.01438	0.00586	0.00186	0.00266	0.01305	0.00426	0.00373
7	0.01715	0.02188	0.01301	0.01183	0.01419	0.82022	0.00887	0.01833	0.01301	0.01124	0.00710	0.00828	0.00591	0.00473	0.00414	0.00118	0.00828	0.00296	0.00237	0.00532
8	0.01240	0.01230	0.13121	0.12408	0.11410	0.01020	0.32740	0.01580	0.01089	0.17940	0.01074	0.01254	0.00764	0.00443	0.00489	0.00148	0.00633	0.00464	0.00292	0.00659
9	0.01079	0.01224	0.02630	0.01891	0.02327	0.01176	0.74584	0.01448	0.01061	0.01448	0.00909	0.01224	0.00691	0.00412	0.00600	0.00158	0.05762	0.00533	0.00230	0.00612

[dist]
# distance from previous block
# <min> <max>
0	1

[block]
# block no. 4 follows, 56 sequences, length 55
# corresponding to MSA columns:
# 395-423,427-452
name=unknown_E
#
# <colnr> <probs for GDERKNQSTAVLIFYWHMCP>
#	G	D	E	R	K	N	Q	S	T	A	V	L	I	F	Y	W	H	M	C	P
0	0.01142	0.00986	0.01038	0.00934	0.01194	0.01142	0.00727	0.02440	0.80172	0.01920	0.01869	0.01713	0.01401	0.00623	0.00467	0.00156	0.00363	0.00519	0.00467	0.00727
1	0.00659	0.00479	0.00672	0.00672	0.00731	0.00538	0.00491	0.00777	0.00718	0.01017	0.01290	0.02139	0.01293	0.25898	0.59791	0.00656	0.01011	0.00541	0.00255	0.00373
2	0.05693	0.18454	0.06246	0.01016	0.01298	0.01142	0.11074	0.04820	0.07495	0.07753	0.01059	0.02633	0.00881	0.01161	0.18298	0.00272	0.09419	0.00425	0.00284	0.00577
3	0.01080	0.01227	0.02662	0.01902	0.02365	0.01146	0.77246	0.01462	0.01080	0.01471	0.00926	0.01231	0.00696	0.00386	0.00536	0.00152	0.00762	0.00535	0.00233	0.02900
4	0.00668	0.00445	0.00501	0.00501	0.00501	0.00445	0.00278	0.00668	0.00668	0.00890	0.01447	0.03004	0.01669	0.83866	0.02337	0.00445	0.00445	0.00668	0.00278	0.00278
5	0.00995	0.00931	0.01565	0.18897	0.53024	0.00969	0.01235	0.01246	0.00994	0.01384	0.01103	0.13472	0.01049	0.00573	0.00475	0.00147	0.00517	0.00543	0.00252	0.00630
6	0.01341	0.04295	0.04068	0.02972	0.11471	0.02166	0.10675	0.11174	0.07728	0.21277	0.03888	0.07640	0.01312	0.00647	0.00489	0.00151	0.00483	0.07168	0.00397	0.00658
7	0.00656	0.00492	0.00738	0.00738	0.00820	0.00574	0.00574	0.00820	0.00738	0.01066	0.01230	0.01804	0.01148	0.03443	0.82046	0.00738	0.01230	0.00492	0.00246	0.00410
8	0.01856	0.00750	0.01010	0.00789	0.01110	0.00659	0.00646	0.03838	0.01332	0.68438	0.12783	0.01812	0.01573	0.00619	0.00473	0.00142	0.00369	0.00512	0.00557	0.00733
9	0.00972	0.02169	0.67060	0.01394	0.02030	0.01092	0.13270	0.04042	0.01026	0.01504	0.00849	0.01014	0.00605	0.00433	0.00453	0.00147	0.00687	0.00372	0.00208	0.00673
10	0.01076	0.01220	0.04441	0.05108	0.15263	0.03389	0.53470	0.01417	0.01058	0.01432	0.01015	0.01298	0.03335	0.00439	0.00556	0.00152	0.03966	0.00511	0.00235	0.00620
11	0.01071	0.01201	0.02500	0.01818	0.02208	0.01200	0.66788	0.01412	0.01023	0.01412	0.00877	0.01201	0.00682	0.00454	0.00696	0.00162	0.13948	0.00519	0.00227	0.00600
12	0.00662	0.00469	0.00621	0.00621	0.00663	0.00511	0.00428	0.00745	0.00703	0.00979	0.01336	0.02394	0.01404	0.43001	0.42839	0.00594	0.00844	0.00578	0.00262	0.00345
13	0.00952	0.00816	0.00952	0.00680	0.01088	0.00612	0.00544	0.01156	0.00952	0.01496	0.00816	0.00952	0.00680	0.00340	0.00340	0.00068	0.00340	0.00272	0.00272	0.86672
14	0.80138	0.05364	0.00785	0.00630	0.00918	0.03339	0.00523	0.01364	0.00804	0.01981	0.00641	0.00748	0.00505	0.00426	0.00288	0.00139	0.00376	0.00250	0.00278	0.00503
15	0.01587	0.20700	0.03324	0.01096	0.01377	0.62119	0.00882	0.01721	0.01211	0.01121	0.00696	0.00810	0.00591	0.00454	0.00387	0.00114	0.00749	0.00285	0.00227	0.00548
16	0.00925	0.00764	0.00886	0.00672	0.01002	0.00617	0.00521	0.05232	0.00983	0.01475	0.01134	0.05204	0.04022	0.09117	0.02056	0.00132	0.00368	0.00400	0.00295	0.64194
17	0.00973	0.18818	0.57348	0.01158	0.01717	0.01201	0.01411	0.01390	0.00967	0.01382	0.05039	0.01055	0.00784	0.00471	0.00463	0.00138	0.04485	0.00349	0.00211	0.00639
18	0.01048	0.01206	0.05888	0.05111	0.13923	0.01099	0.57166	0.01405	0.01056	0.01447	0.00996	0.05601	0.00818	0.00451	0.00523	0.00153	0.00703	0.00549	0.00239	0.00620
19	0.01084	0.01238	0.02709	0.01935	0.02399	0.01161	0.79334	0.01471	0.01084	0.01471	0.00929	0.01238	0.00697	0.00387	0.00542	0.00155	0.00774	0.00542	0.00232	0.00619
20	0.38646	0.01049	0.12090	0.00793	0.01163	0.00883	0.00740	0.01745	0.01036	0.35960	0.01167	0.01127	0.00783	0.00488	0.00381	0.00143	0.00415	0.00353	0.00393	0.00644
21	0.04900	0.00640	0.00739	0.00733	0.05055	0.03767	0.00522	0.03622	0.01240	0.07671	0.45494	0.03063	0.19048	0.00873	0.00511	0.00145	0.00291	0.00746	0.00457	0.00484
22	0.00559	0.00400	0.00533	0.00639	0.00666	0.00373	0.00426	0.00639	0.00879	0.01172	0.02530	0.83566	0.03036	0.01438	0.00586	0.00186	0.00266	0.01305	0.00426	0.00373
23	0.00584	0.00468	0.00525	0.00532	0.00665	0.00409	0.00405	0.00729	0.01094	0.01381	0.21144	0.08486	0.53076	0.01137	0.00553	0.00159	0.00247	0.07563	0.00443	0.00400
24	0.00969	0.00904	0.01467	0.57356	0.16862	0.01086	0.01256	0.04888	0.00980	0.01306	0.00819	0.01183	0.00640	0.00485	0.00551	0.00154	0.07905	0.00408	0.00220	0.00561
25	0.01084	0.01238	0.02709	0.01935	0.02399	0.01161	0.79334	0.01471	0.01084	0.01471	0.00929	0.01238	0.00697	0.00387	0.00542	0.00155	0.00774	0.00542	0.00232	0.00619
26	0.00559	0.00400	0.00533	0.00639	0.00666	0.00373	0.00426	0.00639	0.00879	0.01172	0.02530	0.83566	0.03036	0.01438	0.00586	0.00186	0.00266	0.01305	0.00426	0.00373
27	0.01084	0.01238	0.02709	0.01935	0.02399	0.01161	0.79334	0.01471	0.01084	0.01471	0.00929	0.01238	0.00697	0.00387	0.00542	0.00155	0.00774	0.00542	0.00232	0.00619
28	0.01040	0.19679	0.51381	0.04806	0.01836	0.05669	0.04876	0.01468	0.02727	0.01355	0.00805	0.00951	0.00608	0.00432	0.00411	0.00135	0.00641	0.00333	0.00205	0.00642
29	0.01045	0.01519	0.22489	0.01810	0.05176	0.01135	0.56955	0.01464	0.01053	0.01467	0.00900	0.01167	0.00669	0.00400	0.00512	0.00152	0.00742	0.00486	0.00222	0.00638
30	0.01004	0.01004	0.01406	0.01205	0.01205	0.01406	0.01004	0.01105	0.00703	0.01105	0.00603	0.01004	0.00603	0.00804	0.01507	0.00201	0.83025	0.00402	0.00201	0.00502
31	0.00656	0.00492	0.00738	0.00738	0.00820	0.00574	0.00574	0.00820	0.00738	0.01066	0.01230	0.01804	0.01148	0.03443	0.82046	0.00738	0.01230	0.00492	0.00246	0.00410
32	0.00980	0.01013	0.01491	0.01220	0.01344	0.05477	0.16151	0.01138	0.00849	0.01184	0.01188	0.01529	0.09860	0.03602	0.04308	0.00211	0.47213	0.00501	0.00239	0.00502
33	0.01054	0.01189	0.02575	0.04252	0.02346	0.01123	0.73606	0.01426	0.01070	0.01449	0.00995	0.04823	0.00796	0.00435	0.00541	0.00156	0.00747	0.00571	0.00240	0.00605
34	0.00656	0.00492	0.00738	0.00738	0.00820	0.00574	0.00574	0.00820	0.00738	0.01066	0.01230	0.01804	0.01148	0.03443	0.82046	0.00738	0.01230	0.00492	0.00246	0.00410
35	0.00708	0.00515	0.00698	0.00791	0.00899	0.00505	0.00679	0.00903	0.01048	0.01349	0.02705	0.08360	0.12152	0.01263	0.00621	0.00203	0.00393	0.65369	0.00423	0.00416
36	0.01062	0.01394	0.13657	0.01866	0.03927	0.01146	0.66957	0.01467	0.01067	0.01469	0.00913	0.01199	0.00681	0.00394	0.00525	0.00153	0.00756	0.00511	0.00227	0.00630
37	0.01086	0.01232	0.02672	0.01973	0.05823	0.01158	0.75941	0.01468	0.01082	0.01472	0.00926	0.01234	0.00698	0.00388	0.00538	0.00154	0.00764	0.00536	0.00232	0.00624
38	0.00559	0.00402	0.00530	0.00632	0.00664	0.00374	0.00423	0.00640	0.00886	0.01175	0.02623	0.80119	0.06424	0.01426	0.00584	0.00185	0.00265	0.01290	0.00426	0.00374
39	0.01135	0.00948	0.04125	0.05564	0.02388	0.00996	0.18068	0.01402	0.04689	0.15279	0.01269	0.07830	0.01110	0.02127	0.03678	0.00196	0.22713	0.05591	0.00319	0.00574
40	0.01235	0.00899	0.01529	0.03600	0.02559	0.00886	0.25347	0.07733	0.01202	0.19842	0.09642	0.07092	0.01533	0.00688	0.00583	0.00160	0.05394	0.09084	0.00386	0.00604
41	0.01369	0.12414	0.06021	0.08263	0.01742	0.25928	0.18814	0.04170	0.01154	0.08790	0.02556	0.01092	0.00753	0.00477	0.00493	0.00136	0.04575	0.00393	0.00268	0.00593
42	0.01042	0.04748	0.01963	0.09391	0.03222	0.09666	0.42300	0.01326	0.01055	0.01349	0.03954	0.07098	0.04108	0.02258	0.02825	0.00170	0.00671	0.00563	0.00261	0.02030
43	0.01078	0.01023	0.04860	0.21554	0.12513	0.08262	0.07125	0.04393	0.01041	0.07198	0.01217	0.15764	0.01124	0.00662	0.00560	0.00154	0.07025	0.00569	0.03318	0.00560
44	0.05309	0.02291	0.05825	0.04799	0.04666	0.06812	0.05491	0.05096	0.06918	0.04235	0.18655	0.15018	0.01976	0.00762	0.00507	0.00149	0.02240	0.02912	0.03396	0.02944
45	0.08502	0.04107	0.09386	0.00933	0.02608	0.06687	0.07830	0.05144	0.04873	0.14098	0.11242	0.02030	0.15025	0.00658	0.00462	0.00141	0.00444	0.01464	0.00376	0.03989
46	0.08245	0.09914	0.23766	0.01088	0.04686	0.11762	0.05033	0.02398	0.04924	0.07817	0.03280	0.05905	0.03562	0.02035	0.00461	0.00143	0.00543	0.00444	0.02098	0.01897
47	0.02507	0.14415	0.14396	0.02213	0.02735	0.02472	0.06463	0.11749	0.05055	0.09903	0.10678	0.07799	0.02760	0.00649	0.00461	0.00143	0.00477	0.04155	0.00356	0.00611
48	0.01226	0.06764	0.13661	0.02726	0.08366	0.13417	0.13711	0.05076	0.07276	0.08321	0.01173	0.08109	0.00999	0.00575	0.00495	0.00145	0.02928	0.02587	0.00302	0.02143
49	0.01955	0.06774	0.08755	0.01145	0.10818	0.05871	0.05738	0.05547	0.11641	0.03713	0.06586	0.10696	0.10756	0.00705	0.00489	0.00145	0.01720	0.01972	0.00345	0.04629
50	0.01122	0.05512	0.13453	0.05394	0.07194	0.15483	0.10868	0.07057	0.06888	0.01480	0.03984	0.08986	0.05578	0.00613	0.00468	0.00142	0.00567	0.01547	0.00299	0.03363
51	0.02708	0.12865	0.15720	0.01219	0.08178	0.10054	0.08748	0.06543	0.12243	0.04252	0.02598	0.01294	0.02732	0.03072	0.01970	0.00154	0.00566	0.00414	0.00293	0.04379
52	0.03926	0.06299	0.14254	0.01162	0.07980	0.14524	0.04613	0.10624	0.06445	0.03958	0.01300	0.09510	0.04480	0.00608	0.00448	0.00138	0.00535	0.02209	0.00313	0.06673
53	0.04976	0.04992	0.10840	0.04604	0.12389	0.13858	0.05739	0.10793	0.06285	0.04235	0.01138	0.04028	0.02234	0.00537	0.00439	0.00136	0.00546	0.03029	0.03995	0.05210
54	0.01183	0.12194	0.10519	0.01190	0.13044	0.12231	0.00909	0.12348	0.05108	0.02873	0.13343	0.03007	0.04786	0.00583	0.00441	0.00131	0.00495	0.00471	0.01681	0.03463

[dist]
# distance from previous block
# <min> <max>
13	86

[block]
# block no. 5 follows, 56 sequences, length 32
# corresponding to MSA columns:
# 547-578
name=unknown_F
#
# <colnr> <probs for GDERKNQSTAVLIFYWHMCP>
#	G	D	E	R	K	N	Q	S	T	A	V	L	I	F	Y	W	H	M	C	P
0	0.05256	0.24090	0.31403	0.01040	0.01501	0.08827	0.01114	0.13401	0.01170	0.03033	0.00944	0.02771	0.02607	0.00487	0.00399	0.00130	0.00575	0.00355	0.00261	0.00636
1	0.07085	0.21803	0.26298	0.01006	0.01425	0.09603	0.02040	0.09805	0.02251	0.03611	0.02272	0.07656	0.00890	0.00534	0.00406	0.00132	0.00550	0.00407	0.00273	0.01952
2	0.02901	0.20996	0.16048	0.01125	0.01514	0.01186	0.16979	0.08425	0.06653	0.02873	0.02183	0.08017	0.01007	0.01597	0.03827	0.00167	0.00574	0.01431	0.00285	0.02214
3	0.09553	0.26886	0.22246	0.00937	0.01343	0.06238	0.02191	0.06021	0.02385	0.01458	0.01005	0.04346	0.03720	0.00504	0.00398	0.00126	0.01865	0.00371	0.02824	0.05583
4	0.15533	0.41330	0.13627	0.00835	0.01233	0.01400	0.00844	0.08025	0.02600	0.01513	0.00853	0.00945	0.02318	0.00442	0.00339	0.00117	0.00474	0.00303	0.03461	0.03808
5	0.00825	0.00700	0.05247	0.00735	0.00860	0.03351	0.02445	0.05108	0.03833	0.01217	0.05184	0.09703	0.03006	0.16191	0.17141	0.18675	0.00584	0.00583	0.02403	0.02210
6	0.01027	0.00844	0.01022	0.00802	0.01122	0.04368	0.05669	0.05036	0.02756	0.06041	0.07892	0.06256	0.03717	0.00570	0.00424	0.00110	0.00386	0.04671	0.01960	0.45327
7	0.02763	0.00957	0.06551	0.01983	0.04034	0.03476	0.04409	0.04729	0.10379	0.16010	0.09048	0.03765	0.04331	0.00653	0.01973	0.00142	0.00432	0.03676	0.00383	0.20303
8	0.00605	0.00484	0.00556	0.00577	0.01864	0.00436	0.00415	0.00781	0.03755	0.01391	0.21652	0.16004	0.44379	0.02762	0.00582	0.00164	0.00251	0.02490	0.00440	0.00411
9	0.01174	0.01306	0.21106	0.03272	0.01519	0.02096	0.09840	0.16081	0.11960	0.08394	0.08422	0.03451	0.02979	0.03079	0.00533	0.00157	0.00513	0.01861	0.01613	0.00644
10	0.01134	0.03083	0.12263	0.02114	0.01296	0.00836	0.00779	0.09476	0.06677	0.07855	0.00994	0.01070	0.00760	0.00416	0.00385	0.00100	0.00418	0.00330	0.00314	0.49701
11	0.01904	0.00774	0.01039	0.00795	0.01148	0.00661	0.00654	0.02086	0.01278	0.70849	0.04338	0.01565	0.01198	0.00558	0.00452	0.00135	0.00380	0.00455	0.00537	0.09193
12	0.01317	0.04385	0.19213	0.14912	0.10344	0.09836	0.02758	0.28309	0.01415	0.01860	0.00906	0.01058	0.00674	0.00478	0.00445	0.00139	0.00605	0.00380	0.00296	0.00671
13	0.00713	0.00517	0.00705	0.00800	0.00907	0.00509	0.00689	0.00910	0.01049	0.01353	0.02657	0.08027	0.10475	0.01264	0.00623	0.00205	0.00398	0.67358	0.00423	0.00417
14	0.00797	0.00399	0.00598	0.00598	0.00598	0.00399	0.00399	0.00598	0.00598	0.00797	0.00797	0.01396	0.00797	0.01595	0.01794	0.86643	0.00399	0.00399	0.00199	0.00199
15	0.01142	0.00986	0.01038	0.00934	0.01194	0.01142	0.00727	0.02440	0.80172	0.01920	0.01869	0.01713	0.01401	0.00623	0.00467	0.00156	0.00363	0.00519	0.00467	0.00727
16	0.00904	0.00874	0.01361	0.65058	0.05679	0.04295	0.03062	0.01199	0.02189	0.01200	0.00981	0.04082	0.02627	0.00558	0.01570	0.00161	0.03006	0.00453	0.00224	0.00516
