[name]
unknown

[dist]
# distance from previous block
# <min> <max>
0	27

[block]
# block no. 0 follows, 55 sequences, length 30
# corresponding to MSA columns:
# 30-50,53-61
name=unknown_A
#
# <colnr> <probs for GDERKNQSTAVLIFYWHMCP>
#	G	D	E	R	K	N	Q	S	T	A	V	L	I	F	Y	W	H	M	C	P
0	0.06698	0.00645	0.00735	0.00716	0.00846	0.03171	0.00547	0.07639	0.01873	0.02953	0.03180	0.14013	0.08708	0.07733	0.02741	0.16790	0.00411	0.15969	0.00356	0.04276
1	0.00728	0.00525	0.00597	0.00608	0.00661	0.03155	0.00403	0.00815	0.03835	0.02382	0.07479	0.22398	0.07713	0.33298	0.04532	0.08949	0.00410	0.00812	0.00347	0.00355
2	0.01116	0.03774	0.02870	0.00766	0.01152	0.00787	0.00633	0.10154	0.05440	0.06045	0.01112	0.03368	0.02838	0.00452	0.00385	0.00094	0.00376	0.00363	0.00328	0.57948
3	0.00579	0.00466	0.00535	0.00567	0.00673	0.00421	0.00414	0.00693	0.01008	0.01265	0.07636	0.30522	0.46408	0.01254	0.00592	0.00170	0.02357	0.03614	0.00430	0.00394
4	0.04659	0.00592	0.00708	0.00653	0.00808	0.00585	0.00495	0.03911	0.03809	0.14618	0.14870	0.14489	0.13439	0.06701	0.05322	0.00206	0.02588	0.00731	0.10321	0.00496
5	0.02880	0.00509	0.00580	0.00572	0.00709	0.00469	0.00426	0.00880	0.04859	0.03700	0.26341	0.14680	0.37182	0.02120	0.00567	0.00162	0.00255	0.02218	0.00456	0.00434
6	0.01554	0.01802	0.01203	0.01086	0.01314	0.57662	0.00819	0.12199	0.01381	0.01407	0.02808	0.10490	0.03045	0.00630	0.00452	0.00132	0.00700	0.00462	0.00303	0.00549
7	0.04278	0.00563	0.00672	0.00631	0.00779	0.00533	0.00469	0.02425	0.03568	0.15386	0.15984	0.15768	0.15148	0.13229	0.00790	0.00201	0.00319	0.03860	0.04921	0.00477
8	0.03506	0.00535	0.00636	0.00604	0.00755	0.00488	0.00455	0.01015	0.02100	0.13406	0.20269	0.12199	0.27954	0.08915	0.00712	0.00187	0.00297	0.05053	0.00453	0.00461
9	0.00664	0.00485	0.00638	0.00719	0.00805	0.00469	0.00572	0.00814	0.00988	0.01278	0.02730	0.25426	0.14414	0.06454	0.03213	0.00230	0.00384	0.38900	0.00415	0.00400
10	0.01777	0.01218	0.01331	0.01023	0.01386	0.01326	0.00844	0.68083	0.02053	0.11749	0.01211	0.01189	0.00844	0.00560	0.00461	0.00139	0.00490	0.00425	0.03110	0.00780
11	0.02253	0.00545	0.00646	0.00605	0.00746	0.00518	0.00454	0.03342	0.05061	0.06292	0.39239	0.07806	0.19460	0.06182	0.00645	0.00170	0.00272	0.01863	0.03439	0.00462
12	0.10633	0.00581	0.00633	0.00589	0.00746	0.00573	0.00446	0.04124	0.02780	0.07753	0.19549	0.05894	0.18094	0.09649	0.00672	0.00178	0.00299	0.02785	0.13558	0.00464
13	0.01681	0.00814	0.01014	0.00814	0.01112	0.00780	0.00653	0.11235	0.09956	0.48136	0.07946	0.01877	0.03816	0.06070	0.00599	0.00165	0.00389	0.00526	0.01710	0.00708
14	0.00701	0.00511	0.00717	0.00709	0.00786	0.00579	0.00533	0.02948	0.00779	0.01113	0.01286	0.02018	0.01245	0.17263	0.64180	0.00667	0.01068	0.00526	0.01970	0.00403
15	0.01754	0.00485	0.00577	0.00578	0.00629	0.00492	0.00382	0.03465	0.00829	0.01151	0.04324	0.13463	0.06700	0.41355	0.11777	0.04570	0.00490	0.00722	0.05908	0.00350
16	0.00846	0.00572	0.00677	0.00652	0.00782	0.00557	0.00485	0.08016	0.03687	0.06469	0.16376	0.19251	0.16422	0.12158	0.00784	0.00201	0.00322	0.06791	0.04494	0.00460
17	0.05100	0.00971	0.01033	0.00912	0.01185	0.01100	0.00716	0.04235	0.65527	0.09224	0.01805	0.01663	0.01334	0.00613	0.00461	0.00154	0.00370	0.00504	0.02366	0.00726
18	0.00788	0.11891	0.00929	0.02468	0.00880	0.00686	0.02318	0.03514	0.01116	0.02699	0.27527	0.17712	0.14617	0.03106	0.02517	0.00173	0.00341	0.03473	0.02785	0.00460
19	0.02941	0.03482	0.10562	0.39147	0.08302	0.06766	0.01187	0.11472	0.01125	0.01484	0.00957	0.01225	0.02835	0.00564	0.02098	0.00161	0.04445	0.00407	0.00252	0.00587
20	0.00608	0.00450	0.00574	0.00650	0.00714	0.00425	0.00461	0.00758	0.03688	0.01291	0.08685	0.57944	0.12647	0.01341	0.00585	0.00183	0.00279	0.07876	0.00439	0.00401
21	0.00550	0.00471	0.00471	0.00471	0.00628	0.00393	0.00353	0.00668	0.01060	0.01257	0.04713	0.04477	0.80560	0.01178	0.00550	0.00157	0.00236	0.00982	0.00432	0.00393
22	0.00978	0.00836	0.00975	0.00707	0.01103	0.00656	0.00567	0.03317	0.00995	0.01540	0.00923	0.01055	0.02613	0.00381	0.00380	0.00076	0.02256	0.00300	0.00283	0.80059
23	0.02343	0.01031	0.01555	0.27381	0.37742	0.04013	0.01235	0.06557	0.04366	0.01518	0.02989	0.01345	0.00864	0.00498	0.00493	0.00148	0.02631	0.02391	0.00261	0.00640
24	0.00650	0.00453	0.00553	0.00589	0.00660	0.00419	0.00406	0.00745	0.00947	0.03626	0.10785	0.35553	0.19218	0.18649	0.00952	0.00233	0.00307	0.04463	0.00413	0.00382
25	0.07344	0.01005	0.01580	0.14556	0.51052	0.01046	0.01217	0.03982	0.02855	0.04850	0.01130	0.01346	0.05059	0.00481	0.00454	0.00143	0.00520	0.00438	0.00269	0.00672
26	0.02955	0.32266	0.11736	0.03246	0.05574	0.08862	0.00941	0.08732	0.02920	0.04088	0.00828	0.00941	0.00670	0.00447	0.00409	0.00118	0.03058	0.00316	0.00260	0.11634
27	0.00874	0.00645	0.00896	0.03231	0.09218	0.00654	0.00764	0.03477	0.06665	0.04780	0.06321	0.15529	0.03890	0.01081	0.00581	0.00187	0.00405	0.39882	0.00417	0.00503
28	0.00677	0.00451	0.00507	0.00507	0.00507	0.00451	0.00282	0.00677	0.00677	0.00902	0.01466	0.03044	0.01691	0.83650	0.02368	0.00451	0.00451	0.00677	0.00282	0.00282
29	0.00586	0.00490	0.00577	0.00559	0.00704	0.00424	0.02984	0.00724	0.01081	0.01348	0.15794	0.13447	0.57332	0.01150	0.00555	0.00159	0.00255	0.00986	0.00438	0.00406

[dist]
# distance from previous block
# <min> <max>
0	1

[block]
# block no. 1 follows, 55 sequences, length 14
# corresponding to MSA columns:
# 63-76
name=unknown_B
#
# <colnr> <probs for GDERKNQSTAVLIFYWHMCP>
#	G	D	E	R	K	N	Q	S	T	A	V	L	I	F	Y	W	H	M	C	P
0	0.03470	0.01237	0.03322	0.04050	0.55333	0.08782	0.07385	0.03836	0.05231	0.01553	0.00918	0.01148	0.00747	0.00437	0.00460	0.00140	0.00586	0.00414	0.00252	0.00699
1	0.04010	0.00833	0.01123	0.00945	0.05571	0.00754	0.00728	0.04387	0.04131	0.69774	0.01736	0.01532	0.01113	0.00565	0.00463	0.00144	0.00406	0.00460	0.00543	0.00780
2	0.16416	0.07489	0.01296	0.04004	0.01384	0.52123	0.00841	0.05807	0.01211	0.01397	0.00723	0.00854	0.00594	0.00482	0.00433	0.00128	0.03712	0.00302	0.00255	0.00549
3	0.00566	0.00408	0.00537	0.00639	0.00673	0.00379	0.00428	0.00649	0.00899	0.01191	0.02666	0.79624	0.06734	0.01444	0.00592	0.00187	0.00268	0.01306	0.00432	0.00379
4	0.00740	0.00490	0.00625	0.00611	0.00652	0.00525	0.00413	0.00803	0.00732	0.03387	0.01364	0.02447	0.01426	0.47321	0.25956	0.03573	0.03245	0.00586	0.04755	0.00349
5	0.86937	0.00900	0.00684	0.00612	0.00900	0.01044	0.00504	0.01368	0.00792	0.02087	0.00648	0.00756	0.00504	0.00432	0.00288	0.00144	0.00360	0.00252	0.00288	0.00504
6	0.00704	0.00620	0.00774	0.03758	0.08000	0.02897	0.03290	0.00867	0.01090	0.01384	0.19025	0.03556	0.43207	0.06627	0.00661	0.00173	0.00330	0.02195	0.00399	0.00443
7	0.01244	0.83930	0.02438	0.00796	0.01194	0.01841	0.00796	0.01393	0.00945	0.01095	0.00647	0.00746	0.00597	0.00398	0.00299	0.00100	0.00498	0.00249	0.00199	0.00597
8	0.00664	0.00474	0.00650	0.00749	0.00821	0.00460	0.00592	0.00819	0.01004	0.01326	0.06663	0.39872	0.02946	0.01344	0.00616	0.00199	0.00347	0.39612	0.00434	0.00406
9	0.01492	0.01530	0.01124	0.00987	0.01208	0.41214	0.00762	0.17298	0.01377	0.01646	0.00989	0.01124	0.00784	0.00529	0.00467	0.00126	0.05136	0.00362	0.21282	0.00563
10	0.01151	0.01105	0.01888	0.02855	0.80748	0.01105	0.01428	0.01428	0.01059	0.01520	0.00875	0.01151	0.00737	0.00415	0.00461	0.00138	0.00553	0.00415	0.00230	0.00737
11	0.01162	0.01056	0.01387	0.25461	0.20914	0.09264	0.02368	0.05197	0.12031	0.05774	0.08148	0.01453	0.01132	0.00528	0.00467	0.00144	0.00536	0.00459	0.00313	0.02204
12	0.01438	0.15961	0.03342	0.03127	0.06835	0.05431	0.00891	0.34175	0.18394	0.02102	0.01159	0.01186	0.00878	0.00526	0.00431	0.00135	0.00498	0.00404	0.02374	0.00711
13	0.25229	0.04156	0.03552	0.04420	0.26240	0.04819	0.05185	0.14912	0.02907	0.01879	0.00857	0.01021	0.00673	0.00459	0.00427	0.00141	0.01818	0.00366	0.00290	0.00649

[dist]
# distance from previous block
# <min> <max>
0	1

[block]
# block no. 2 follows, 55 sequences, length 31
# corresponding to MSA columns:
# 78-108
name=unknown_C
#
# <colnr> <probs for GDERKNQSTAVLIFYWHMCP>
#	G	D	E	R	K	N	Q	S	T	A	V	L	I	F	Y	W	H	M	C	P
0	0.06376	0.17533	0.21267	0.01213	0.12310	0.06455	0.01044	0.02608	0.03025	0.05785	0.00894	0.02208	0.00716	0.00442	0.00393	0.00121	0.00526	0.00341	0.00260	0.16485
1	0.01119	0.01128	0.03988	0.02645	0.67924	0.01085	0.09172	0.01407	0.01055	0.01504	0.00943	0.04170	0.00816	0.00451	0.00474	0.00142	0.00569	0.00459	0.00237	0.00711
2	0.00592	0.00469	0.00531	0.00523	0.00656	0.00409	0.00390	0.00746	0.01148	0.01482	0.33091	0.08198	0.47901	0.01107	0.00552	0.00155	0.00231	0.00947	0.00462	0.00409
3	0.00965	0.00827	0.00965	0.00689	0.01102	0.00620	0.00551	0.01171	0.00965	0.01516	0.00827	0.00965	0.00689	0.00345	0.00345	0.00069	0.00345	0.00276	0.00276	0.86494
4	0.00933	0.02406	0.81240	0.01326	0.02014	0.01080	0.01719	0.01473	0.00982	0.01473	0.00835	0.00982	0.00589	0.00442	0.00442	0.00147	0.00688	0.00344	0.00196	0.00688
5	0.02016	0.00906	0.01150	0.00882	0.01245	0.00853	0.00729	0.19461	0.01523	0.63606	0.01675	0.01479	0.01071	0.00572	0.00467	0.00143	0.00422	0.00457	0.00551	0.00792
6	0.00606	0.00445	0.00546	0.00602	0.00664	0.00419	0.00419	0.00697	0.00905	0.01174	0.04226	0.38221	0.20123	0.17571	0.04185	0.00257	0.00350	0.07823	0.00396	0.00369
7	0.86937	0.00900	0.00684	0.00612	0.00900	0.01044	0.00504	0.01368	0.00792	0.02087	0.00648	0.00756	0.00504	0.00432	0.00288	0.00144	0.00360	0.00252	0.00288	0.00504
8	0.00656	0.00474	0.00609	0.00576	0.00680	0.00438	0.00425	0.00856	0.01264	0.01777	0.72325	0.03482	0.06982	0.06625	0.00673	0.00168	0.00236	0.00835	0.00493	0.00427
9	0.00623	0.00464	0.00577	0.00570	0.00675	0.00421	0.00418	0.00798	0.01192	0.01626	0.52265	0.15250	0.19850	0.02457	0.00586	0.00160	0.00234	0.00937	0.00480	0.00418
10	0.01329	0.00985	0.01068	0.00888	0.01169	0.01074	0.00710	0.32470	0.26742	0.06363	0.09280	0.01922	0.09354	0.00681	0.00479	0.00147	0.00394	0.00552	0.03706	0.00687
11	0.86937	0.00900	0.00684	0.00612	0.00900	0.01044	0.00504	0.01368	0.00792	0.02087	0.00648	0.00756	0.00504	0.00432	0.00288	0.00144	0.00360	0.00252	0.00288	0.00504
12	0.03993	0.00466	0.00472	0.00471	0.00580	0.00472	0.00348	0.02548	0.00972	0.01692	0.01547	0.07342	0.01313	0.04638	0.00444	0.00132	0.00243	0.00499	0.71396	0.00432
13	0.00877	0.00648	0.00747	0.00707	0.00885	0.00653	0.00552	0.02509	0.21764	0.06935	0.20536	0.07839	0.23041	0.00962	0.00536	0.00162	0.00305	0.09344	0.00471	0.00529
14	0.00675	0.00458	0.00541	0.00541	0.00553	0.00469	0.00324	0.00698	0.00686	0.00927	0.01435	0.02874	0.01617	0.72435	0.13483	0.00493	0.00562	0.00652	0.00277	0.00301
15	0.00567	0.00405	0.00540	0.00648	0.00675	0.00378	0.00432	0.00648	0.00891	0.01188	0.02564	0.83347	0.03077	0.01457	0.00594	0.00189	0.00270	0.01323	0.00432	0.00378
16	0.00600	0.00471	0.00532	0.00519	0.00654	0.00412	0.00388	0.00760	0.01157	0.01507	0.34711	0.05525	0.47154	0.01080	0.00545	0.00152	0.00229	0.00921	0.02270	0.00412
17	0.01269	0.00950	0.01031	0.00898	0.01164	0.01055	0.00702	0.09927	0.54902	0.11085	0.01932	0.01865	0.05414	0.04959	0.00574	0.00170	0.00383	0.00540	0.00472	0.00707
18	0.00735	0.00527	0.00692	0.00767	0.00867	0.00520	0.00624	0.04591	0.01074	0.01416	0.03928	0.27105	0.07658	0.01267	0.00604	0.00196	0.00366	0.43942	0.02690	0.00429
19	0.00716	0.00483	0.00543	0.00530	0.00547	0.00487	0.00308	0.03560	0.00750	0.01003	0.03629	0.02986	0.01733	0.78328	0.02248	0.00431	0.00447	0.00672	0.00295	0.00305
20	0.00568	0.00418	0.00533	0.00619	0.00669	0.00383	0.00420	0.00660	0.00933	0.01225	0.05986	0.68402	0.14689	0.01396	0.00585	0.00182	0.00263	0.01253	0.00435	0.00383
21	0.00672	0.00452	0.00521	0.00525	0.00531	0.00455	0.00303	0.00683	0.00689	0.00923	0.01498	0.06177	0.01719	0.76215	0.06425	0.00456	0.00485	0.00693	0.00286	0.00293
22	0.00643	0.00531	0.00548	0.00531	0.00700	0.00472	0.00409	0.06062	0.01138	0.01378	0.04358	0.04284	0.71341	0.01141	0.00549	0.00159	0.00264	0.04637	0.00434	0.00422
23	0.01042	0.00824	0.00973	0.00699	0.01108	0.00625	0.00560	0.01246	0.00990	0.06966	0.00896	0.01007	0.00721	0.00360	0.00353	0.00074	0.00348	0.00289	0.00296	0.80623
24	0.00617	0.00470	0.00553	0.00544	0.00656	0.00422	0.00398	0.00769	0.01129	0.01494	0.38220	0.07376	0.32923	0.09550	0.00740	0.00185	0.00257	0.02841	0.00452	0.00402
25	0.01144	0.00808	0.00978	0.03701	0.01166	0.00664	0.00601	0.05067	0.01095	0.14368	0.03839	0.03350	0.04126	0.00477	0.00396	0.00097	0.00361	0.00391	0.00348	0.57023
26	0.00685	0.00451	0.00510	0.00510	0.00518	0.00454	0.00292	0.00700	0.00693	0.00947	0.01462	0.02949	0.01653	0.77512	0.04383	0.00442	0.00461	0.00660	0.04424	0.00293
27	0.29865	0.01002	0.03193	0.06432	0.01273	0.01090	0.00730	0.14928	0.23747	0.06402	0.01250	0.02624	0.00970	0.02658	0.00461	0.00158	0.00419	0.01781	0.00384	0.00632
28	0.02683	0.15515	0.04126	0.12570	0.04102	0.18400	0.10178	0.03325	0.01924	0.01258	0.00918	0.03373	0.00828	0.08929	0.03642	0.00189	0.04698	0.00423	0.00244	0.02674
29	0.07034	0.06611	0.06837	0.02103	0.01201	0.08414	0.00797	0.19290	0.01236	0.05822	0.04108	0.03478	0.04077	0.02280	0.15514	0.00260	0.07788	0.00459	0.02114	0.00578
30	0.04798	0.00723	0.10712	0.00662	0.00838	0.00526	0.00573	0.00823	0.00951	0.01274	0.02942	0.22199	0.32500	0.11454	0.00769	0.00204	0.00349	0.06907	0.00376	0.00421

[dist]
# distance from previous block
# <min> <max>
0	13

[block]
# block no. 3 follows, 55 sequences, length 125
# corresponding to MSA columns:
# 122-194,196-200,225-271
name=unknown_D
#
# <colnr> <probs for GDERKNQSTAVLIFYWHMCP>
#	G	D	E	R	K	N	Q	S	T	A	V	L	I	F	Y	W	H	M	C	P
0	0.01394	0.11924	0.08621	0.01159	0.03796	0.26591	0.02347	0.08679	0.11388	0.04791	0.00974	0.02214	0.00787	0.00556	0.00589	0.00142	0.12753	0.00382	0.00292	0.00619
1	0.00712	0.00457	0.00519	0.00517	0.00536	0.00452	0.00302	0.00733	0.00725	0.02965	0.01607	0.06266	0.03774	0.72403	0.02110	0.00410	0.00426	0.00695	0.04082	0.00308
2	0.00990	0.00888	0.00963	0.00712	0.01101	0.05221	0.00564	0.01187	0.00986	0.01481	0.00955	0.02801	0.02733	0.00397	0.00359	0.00077	0.00368	0.00317	0.00281	0.77621
3	0.00972	0.00946	0.01379	0.04499	0.01293	0.01276	0.04395	0.01105	0.00749	0.01151	0.00730	0.01148	0.00693	0.01078	0.10516	0.00259	0.64391	0.00425	0.02494	0.00502
4	0.01398	0.33571	0.06442	0.01145	0.07241	0.24349	0.00940	0.11000	0.01210	0.01403	0.02521	0.00936	0.00716	0.00478	0.00443	0.00122	0.04896	0.00323	0.00252	0.00612
5	0.00971	0.02181	0.67504	0.01591	0.15643	0.01085	0.01668	0.01465	0.00996	0.01481	0.00842	0.01011	0.00615	0.00437	0.00445	0.00146	0.00664	0.00356	0.00202	0.00696
6	0.00666	0.00448	0.00517	0.00528	0.00533	0.00448	0.00305	0.00678	0.00699	0.00934	0.01564	0.10645	0.01808	0.73526	0.04488	0.00435	0.00457	0.00733	0.00295	0.00295
7	0.00957	0.03964	0.00801	0.00665	0.00837	0.00573	0.00528	0.03502	0.01308	0.14936	0.54695	0.03125	0.05092	0.00883	0.00529	0.00149	0.00284	0.06160	0.00501	0.00513
8	0.00978	0.05621	0.66490	0.01525	0.13351	0.01116	0.01638	0.01463	0.00992	0.01464	0.00833	0.00997	0.00611	0.00436	0.00439	0.00144	0.00660	0.00350	0.00201	0.00691
9	0.00678	0.00478	0.00606	0.00661	0.00710	0.00472	0.00461	0.04165	0.00920	0.01227	0.03472	0.44455	0.02529	0.22711	0.03393	0.00273	0.00377	0.11641	0.00390	0.00380
10	0.00576	0.00437	0.00532	0.00591	0.00671	0.00394	0.00417	0.00687	0.00993	0.01283	0.10916	0.47486	0.28337	0.01312	0.00577	0.00175	0.00259	0.03529	0.00440	0.00390
11	0.01960	0.00787	0.01055	0.00821	0.01160	0.00695	0.00673	0.05434	0.01355	0.71565	0.05670	0.04011	0.01350	0.00619	0.00475	0.00145	0.00389	0.00509	0.00564	0.00763
12	0.07245	0.00798	0.01056	0.00815	0.01170	0.00706	0.00673	0.02213	0.01299	0.76270	0.01763	0.01533	0.01112	0.00567	0.00457	0.00144	0.00394	0.00455	0.00558	0.00774
13	0.00578	0.00415	0.00551	0.00656	0.00692	0.00389	0.00450	0.00669	0.00907	0.01203	0.02623	0.75909	0.05397	0.01438	0.00596	0.00190	0.00279	0.06246	0.00432	0.00382
14	0.00567	0.00405	0.00540	0.00648	0.00675	0.00378	0.00432	0.00648	0.00891	0.01188	0.02564	0.83347	0.03077	0.01457	0.00594	0.00189	0.00270	0.01323	0.00432	0.00378
15	0.01729	0.01265	0.01354	0.01042	0.01403	0.01398	0.00860	0.75760	0.02134	0.02879	0.01135	0.01144	0.00809	0.00558	0.00459	0.00138	0.00499	0.00419	0.04240	0.00775
16	0.00550	0.00471	0.00471	0.00471	0.00628	0.00393	0.00353	0.00668	0.01060	0.01257	0.04713	0.04477	0.80560	0.01178	0.00550	0.00157	0.00236	0.00982	0.00432	0.00393
17	0.00907	0.00472	0.00476	0.00462	0.00582	0.00478	0.00350	0.04521	0.01029	0.01787	0.01500	0.01707	0.01175	0.00543	0.00331	0.00110	0.00230	0.00433	0.82459	0.00449
18	0.00865	0.00432	0.00441	0.00441	0.00545	0.00432	0.00328	0.01065	0.00961	0.01697	0.01489	0.01722	0.01177	0.00585	0.00385	0.03580	0.00224	0.00432	0.82774	0.00424
19	0.00746	0.00533	0.00745	0.00846	0.00953	0.00532	0.00737	0.00960	0.01081	0.01411	0.05601	0.05176	0.02746	0.01272	0.00639	0.00211	0.00420	0.74530	0.00432	0.00429
20	0.00586	0.00436	0.00548	0.00624	0.00683	0.00405	0.00428	0.00715	0.03012	0.01265	0.08288	0.63514	0.15066	0.01358	0.00581	0.00180	0.00264	0.01216	0.00439	0.00394
21	0.00583	0.00417	0.00544	0.00639	0.00672	0.00391	0.00431	0.00665	0.00888	0.01177	0.02559	0.70365	0.06065	0.07963	0.00735	0.00210	0.00290	0.04615	0.00420	0.00373
22	0.00576	0.00409	0.00537	0.00636	0.00661	0.00384	0.00419	0.00650	0.00873	0.01163	0.02471	0.76535	0.02959	0.08430	0.00744	0.00211	0.00285	0.01268	0.00419	0.00370
23	0.86937	0.00900	0.00684	0.00612	0.00900	0.01044	0.00504	0.01368	0.00792	0.02087	0.00648	0.00756	0.00504	0.00432	0.00288	0.00144	0.00360	0.00252	0.00288	0.00504
24	0.00675	0.00450	0.00508	0.00510	0.00510	0.00450	0.00284	0.00676	0.00680	0.00907	0.01484	0.04340	0.01714	0.82324	0.02339	0.00447	0.00448	0.00687	0.00284	0.00283
25	0.01936	0.00756	0.01029	0.00805	0.01136	0.00656	0.00658	0.02114	0.01313	0.72866	0.06776	0.05039	0.01432	0.00635	0.00478	0.00146	0.00380	0.00526	0.00566	0.00753
26	0.01244	0.83930	0.02438	0.00796	0.01194	0.01841	0.00796	0.01393	0.00945	0.01095	0.00647	0.00746	0.00597	0.00398	0.00299	0.00100	0.00498	0.00249	0.00199	0.00597
27	0.01244	0.83930	0.02438	0.00796	0.01194	0.01841	0.00796	0.01393	0.00945	0.01095	0.00647	0.00746	0.00597	0.00398	0.00299	0.00100	0.00498	0.00249	0.00199	0.00597
28	0.00656	0.00475	0.00619	0.00583	0.00694	0.00438	0.00437	0.00873	0.01311	0.01852	0.78871	0.03497	0.06030	0.00956	0.00549	0.00147	0.00220	0.00844	0.00510	0.00438
29	0.00582	0.00409	0.00533	0.00631	0.00663	0.00383	0.00421	0.00667	0.00891	0.01202	0.02537	0.75882	0.04681	0.03903	0.00636	0.00193	0.00272	0.01260	0.03877	0.00378
30	0.01327	0.70133	0.02249	0.00864	0.01235	0.15340	0.00813	0.01471	0.01008	0.01102	0.00659	0.00762	0.00597	0.00412	0.00319	0.00103	0.00555	0.00257	0.00206	0.00587
31	0.00569	0.00410	0.00539	0.00638	0.00673	0.00380	0.00429	0.00655	0.00910	0.01210	0.04904	0.77575	0.06524	0.01431	0.00591	0.00186	0.00267	0.01294	0.00434	0.00380
32	0.00927	0.00878	0.01477	0.63488	0.12777	0.01018	0.04210	0.01229	0.00955	0.01266	0.00837	0.01210	0.00643	0.00447	0.00459	0.00147	0.00598	0.00409	0.00216	0.06809
33	0.00808	0.00404	0.00606	0.00606	0.00606	0.00404	0.00404	0.00606	0.00606	0.00808	0.00808	0.01414	0.00808	0.01616	0.01818	0.86465	0.00404	0.00404	0.00202	0.00202
34	0.00903	0.00852	0.01440	0.75359	0.10185	0.01040	0.01304	0.01210	0.00942	0.01218	0.00831	0.01232	0.00631	0.00461	0.00465	0.00154	0.00614	0.00414	0.00209	0.00537
35	0.00962	0.09458	0.01411	0.01090	0.01163	0.01266	0.03143	0.01092	0.00756	0.01119	0.00770	0.01183	0.00739	0.01376	0.19880	0.00317	0.53144	0.00416	0.00215	0.00500
36	0.01151	0.01105	0.01888	0.02855	0.80748	0.01105	0.01428	0.01428	0.01059	0.01520	0.00875	0.01151	0.00737	0.00415	0.00461	0.00138	0.00553	0.00415	0.00230	0.00737
37	0.00567	0.00405	0.00540	0.00648	0.00675	0.00378	0.00432	0.00648	0.00891	0.01188	0.02564	0.83347	0.03077	0.01457	0.00594	0.00189	0.00270	0.01323	0.00432	0.00378
38	0.00580	0.00417	0.00545	0.00632	0.00669	0.00394	0.00424	0.00664	0.00887	0.01180	0.04049	0.68130	0.07325	0.07031	0.04514	0.00230	0.00325	0.01212	0.00415	0.00375
39	0.00567	0.00405	0.00540	0.00648	0.00675	0.00378	0.00432	0.00648	0.00891	0.01188	0.02564	0.83347	0.03077	0.01457	0.00594	0.00189	0.00270	0.01323	0.00432	0.00378
40	0.00972	0.00834	0.00968	0.00699	0.01107	0.00642	0.00559	0.01224	0.04139	0.01533	0.00870	0.00996	0.00718	0.00356	0.00350	0.00072	0.00345	0.00286	0.00284	0.83046
41	0.01199	0.01020	0.01076	0.00955	0.01226	0.01177	0.00747	0.07768	0.74543	0.02014	0.01840	0.01693	0.01377	0.00626	0.00473	0.00157	0.00378	0.00519	0.00473	0.00740
42	0.00586	0.00475	0.00522	0.00517	0.00659	0.00411	0.00392	0.00735	0.01128	0.01422	0.24583	0.04244	0.57419	0.01123	0.00553	0.00157	0.00239	0.03977	0.00453	0.00406
43	0.03624	0.00810	0.01072	0.00828	0.01177	0.00724	0.00682	0.06605	0.01370	0.71905	0.04934	0.01617	0.01249	0.00587	0.00468	0.00144	0.00395	0.00476	0.00561	0.00772
44	0.01679	0.01259	0.01346	0.01052	0.01409	0.01401	0.00863	0.68030	0.13499	0.02788	0.01230	0.01207	0.00883	0.00569	0.00467	0.00142	0.00491	0.00434	0.00467	0.00783
45	0.00567	0.00405	0.00540	0.00648	0.00675	0.00378	0.00432	0.00648	0.00891	0.01188	0.02564	0.83347	0.03077	0.01457	0.00594	0.00189	0.00270	0.01323	0.00432	0.00378
46	0.00965	0.00827	0.00965	0.00689	0.01102	0.00620	0.00551	0.01171	0.00965	0.01516	0.00827	0.00965	0.00689	0.00345	0.00345	0.00069	0.00345	0.00276	0.00276	0.86494
47	0.00567	0.00405	0.00540	0.00648	0.00675	0.00378	0.00432	0.00648	0.00891	0.01188	0.02564	0.83347	0.03077	0.01457	0.00594	0.00189	0.00270	0.01323	0.00432	0.00378
48	0.00567	0.00405	0.00540	0.00648	0.00675	0.00378	0.00432	0.00648	0.00891	0.01188	0.02564	0.83347	0.03077	0.01457	0.00594	0.00189	0.00270	0.01323	0.00432	0.00378
49	0.00727	0.00523	0.00718	0.00797	0.00907	0.00514	0.00683	0.00938	0.01110	0.01463	0.15216	0.04929	0.06134	0.01227	0.00624	0.00201	0.00387	0.62033	0.00442	0.00429
50	0.00656	0.00475	0.00619	0.00583	0.00694	0.00438	0.00437	0.00873	0.01311	0.01852	0.78819	0.03497	0.06082	0.00956	0.00549	0.00147	0.00220	0.00844	0.00510	0.00438
51	0.00665	0.00498	0.00748	0.00748	0.00831	0.00582	0.00582	0.00831	0.00748	0.01080	0.01246	0.01828	0.01163	0.03489	0.81807	0.00748	0.01246	0.00498	0.00249	0.00415
52	0.00665	0.00498	0.00748	0.00748	0.00831	0.00582	0.00582	0.00831	0.00748	0.01080	0.01246	0.01828	0.01163	0.03489	0.81807	0.00748	0.01246	0.00498	0.00249	0.00415
53	0.00662	0.00499	0.00615	0.00581	0.00707	0.00464	0.00437	0.00914	0.04952	0.01758	0.63010	0.03576	0.18129	0.00977	0.00545	0.00149	0.00229	0.00852	0.00496	0.00444
54	0.01681	0.02040	0.01296	0.01166	0.01415	0.68909	0.00882	0.06489	0.09291	0.01326	0.00861	0.00946	0.00693	0.00499	0.00428	0.00125	0.00772	0.00329	0.00277	0.00574
55	0.00769	0.00530	0.00608	0.00579	0.00636	0.00546	0.00376	0.07462	0.00867	0.01179	0.04094	0.02790	0.05969	0.57540	0.10356	0.00416	0.00512	0.00648	0.03765	0.00357
56	0.01738	0.02217	0.01318	0.01199	0.01438	0.81783	0.00899	0.01858	0.01318	0.01139	0.00719	0.00839	0.00599	0.00479	0.00419	0.00120	0.00839	0.00300	0.00240	0.00539
57	0.03582	0.01200	0.01296	0.01013	0.01363	0.01314	0.00835	0.65446	0.04269	0.07176	0.01352	0.01411	0.04037	0.00605	0.00471	0.00143	0.00484	0.02781	0.00465	0.00756
58	0.01157	0.00999	0.01052	0.00947	0.01210	0.01157	0.00736	0.02472	0.79908	0.01946	0.01893	0.01736	0.01420	0.00631	0.00473	0.00158	0.00368	0.00526	0.00473	0.00736
59	0.01007	0.00877	0.03336	0.00849	0.01070	0.00923	0.00671	0.07259	0.45507	0.01804	0.08583	0.14075	0.07327	0.02661	0.00546	0.00167	0.00355	0.01907	0.00454	0.00623
60	0.00595	0.00470	0.00518	0.00507	0.00634	0.00412	0.00370	0.00728	0.01090	0.01388	0.25676	0.04035	0.50303	0.10341	0.00753	0.00187	0.00255	0.00908	0.00438	0.00393
61	0.00619	0.00495	0.00529	0.00519	0.00674	0.00431	0.00392	0.00790	0.03488	0.02989	0.15374	0.05342	0.63115	0.01123	0.00548	0.00157	0.00245	0.02307	0.00448	0.00418
62	0.00637	0.00472	0.00597	0.00596	0.00705	0.00433	0.00450	0.00823	0.01203	0.01641	0.51624	0.12584	0.17590	0.01076	0.00562	0.00159	0.00246	0.07695	0.00482	0.00423
63	0.00965	0.00827	0.00965	0.00689	0.01102	0.00620	0.00551	0.01171	0.00965	0.01516	0.00827	0.00965	0.00689	0.00345	0.00345	0.00069	0.00345	0.00276	0.00276	0.86494
64	0.01098	0.01066	0.01666	0.05679	0.63645	0.04974	0.01264	0.01342	0.01056	0.01446	0.01233	0.03722	0.07482	0.00530	0.00489	0.01370	0.00533	0.00482	0.00252	0.00672
65	0.00896	0.00753	0.00900	0.00677	0.01008	0.00590	0.02095	0.01068	0.00927	0.01403	0.01143	0.03311	0.04549	0.13010	0.00670	0.00135	0.00363	0.00398	0.00286	0.65819
66	0.00711	0.00454	0.00576	0.00614	0.00668	0.00427	0.00411	0.00791	0.00905	0.06612	0.08968	0.45245	0.04724	0.24177	0.01074	0.00255	0.00326	0.02267	0.00407	0.00386
67	0.00910	0.00858	0.01458	0.76827	0.03126	0.01050	0.04885	0.03091	0.00968	0.01245	0.00839	0.01238	0.00628	0.00464	0.00469	0.00155	0.00625	0.00420	0.00214	0.00529
68	0.04170	0.04631	0.12168	0.01007	0.01375	0.03631	0.07218	0.20801	0.04492	0.04640	0.01110	0.02619	0.02127	0.06907	0.01637	0.00161	0.02982	0.00425	0.00327	0.17574
69	0.00735	0.00445	0.00596	0.00625	0.00653	0.00443	0.00423	0.00733	0.04215	0.01019	0.01563	0.23562	0.02909	0.13315	0.01420	0.40942	0.00370	0.04305	0.01427	0.00300
70	0.00620	0.00432	0.00519	0.00567	0.00588	0.00415	0.00352	0.00663	0.00795	0.01050	0.02154	0.38265	0.07331	0.42430	0.01476	0.00318	0.00358	0.00979	0.00357	0.00331
71	0.84676	0.00910	0.00703	0.00624	0.00914	0.01054	0.00514	0.03434	0.00829	0.02110	0.00660	0.00765	0.00511	0.00435	0.00293	0.00144	0.00364	0.00256	0.00293	0.00511
72	0.01992	0.05304	0.00798	0.04473	0.00884	0.01798	0.00532	0.00980	0.07780	0.01268	0.11386	0.21847	0.02139	0.21609	0.10233	0.00302	0.02341	0.03555	0.00354	0.00425
73	0.01604	0.01203	0.01301	0.01026	0.01354	0.01341	0.00836	0.63411	0.10434	0.02660	0.02642	0.03033	0.00994	0.03115	0.00556	0.00154	0.02669	0.00465	0.00454	0.00747
74	0.00616	0.00454	0.00577	0.00589	0.00680	0.00414	0.00425	0.00780	0.01154	0.01580	0.46863	0.27624	0.14253	0.01134	0.00562	0.00161	0.00237	0.01005	0.00477	0.00414
75	0.01457	0.40052	0.06142	0.01043	0.02604	0.37813	0.00903	0.02892	0.01138	0.01172	0.00701	0.00813	0.00603	0.00440	0.00366	0.00113	0.00663	0.00282	0.00222	0.00581
76	0.00563	0.00432	0.00516	0.00579	0.00658	0.00385	0.00402	0.00662	0.00967	0.01233	0.05622	0.51142	0.32495	0.01337	0.00576	0.00176	0.00255	0.01180	0.00434	0.00385
77	0.65824	0.00814	0.00696	0.00629	0.00861	0.00928	0.00499	0.04340	0.00810	0.01859	0.00700	0.00905	0.00578	0.00680	0.00609	0.17872	0.00375	0.00290	0.00277	0.00453
78	0.00672	0.00486	0.00561	0.00553	0.00673	0.00431	0.00398	0.00792	0.01028	0.04496	0.17069	0.14517	0.35874	0.14571	0.00844	0.00206	0.00288	0.02944	0.00422	0.03175
79	0.00617	0.00429	0.00526	0.00579	0.00601	0.00412	0.00364	0.00668	0.00815	0.01085	0.04530	0.43435	0.04742	0.37458	0.01369	0.00302	0.00347	0.01015	0.00369	0.00338
80	0.00665	0.00498	0.00748	0.00748	0.00831	0.00582	0.00582	0.00831	0.00748	0.01080	0.01246	0.01828	0.01163	0.03489	0.81807	0.00748	0.01246	0.00498	0.00249	0.00415
81	0.00665	0.00498	0.00748	0.00748	0.00831	0.00582	0.00582	0.00831	0.00748	0.01080	0.01246	0.01828	0.01163	0.03489	0.81807	0.00748	0.01246	0.00498	0.00249	0.00415
82	0.00623	0.00466	0.00564	0.00565	0.00673	0.00422	0.00417	0.00785	0.01146	0.01540	0.40723	0.13735	0.26569	0.04464	0.00629	0.00169	0.00248	0.04016	0.01831	0.00411
83	0.00666	0.00493	0.00722	0.00722	0.00796	0.00568	0.00549	0.00814	0.00740	0.01061	0.01270	0.01958	0.01220	0.12081	0.73293	0.00716	0.01161	0.00518	0.00253	0.00401
84	0.00750	0.00535	0.00750	0.00857	0.00964	0.00535	0.00750	0.00964	0.01071	0.01392	0.02463	0.05248	0.02677	0.01285	0.00643	0.00214	0.00428	0.77617	0.00428	0.00428
85	0.79999	0.00875	0.00694	0.00622	0.00902	0.01002	0.00508	0.01374	0.00817	0.05226	0.00774	0.04161	0.00635	0.00480	0.00308	0.00146	0.00358	0.00304	0.00305	0.00510
86	0.00742	0.00530	0.00741	0.00848	0.00952	0.00529	0.00736	0.00950	0.01063	0.01384	0.02467	0.08550	0.02694	0.01292	0.00641	0.00213	0.00422	0.74391	0.00429	0.00426
87	0.00567	0.00405	0.00540	0.00648	0.00675	0.00378	0.00432	0.00648	0.00891	0.01188	0.02564	0.83347	0.03077	0.01457	0.00594	0.00189	0.00270	0.01323	0.00432	0.00378
88	0.02080	0.00803	0.01087	0.00833	0.01193	0.00701	0.00688	0.03973	0.01351	0.79338	0.01819	0.01573	0.01144	0.00575	0.00468	0.00144	0.00398	0.00467	0.00573	0.00792
89	0.00656	0.00475	0.00618	0.00582	0.00693	0.00438	0.00437	0.00872	0.01310	0.01850	0.78522	0.03501	0.06381	0.00957	0.00549	0.00147	0.00220	0.00845	0.00510	0.00438
90	0.00677	0.00451	0.00507	0.00507	0.00507	0.00451	0.00282	0.00677	0.00677	0.00902	0.01466	0.03044	0.01691	0.83650	0.02368	0.00451	0.00451	0.00677	0.00282	0.00282
91	0.00867	0.00434	0.00434	0.00434	0.00542	0.00434	0.00325	0.01084	0.00976	0.01734	0.01518	0.01734	0.01192	0.00542	0.00325	0.00108	0.00217	0.00434	0.86233	0.00434
92	0.01184	0.01013	0.01067	0.00952	0.01220	0.01170	0.00743	0.05848	0.76488	0.01989	0.01859	0.01708	0.01392	0.00628	0.00473	0.00157	0.00375	0.00521	0.00473	0.00739
93	0.01738	0.02217	0.01318	0.01199	0.01438	0.81783	0.00899	0.01858	0.01318	0.01139	0.00719	0.00839	0.00599	0.00479	0.00419	0.00120	0.00839	0.00300	0.00240	0.00539
94	0.02087	0.00792	0.01080	0.00828	0.01188	0.00684	0.00684	0.02267	0.01332	0.81071	0.01835	0.01583	0.01152	0.00576	0.00468	0.00144	0.00396	0.00468	0.00576	0.00792
95	0.00550	0.00471	0.00471	0.00471	0.00628	0.00393	0.00353	0.00668	0.01060	0.01257	0.04713	0.04477	0.80560	0.01178	0.00550	0.00157	0.00236	0.00982	0.00432	0.00393
96	0.01738	0.02217	0.01318	0.01199	0.01438	0.81783	0.00899	0.01858	0.01318	0.01139	0.00719	0.00839	0.00599	0.00479	0.00419	0.00120	0.00839	0.00300	0.00240	0.00539
97	0.00550	0.00471	0.00471	0.00471	0.00628	0.00393	0.00353	0.00668	0.01060	0.01257	0.04713	0.04477	0.80560	0.01178	0.00550	0.00157	0.00236	0.00982	0.00432	0.00393
98	0.00585	0.00430	0.00576	0.00671	0.00697	0.00421	0.00456	0.00667	0.00883	0.01185	0.02484	0.79986	0.02976	0.01431	0.00632	0.00190	0.03639	0.01285	0.00423	0.00383
99	0.02074	0.00813	0.01093	0.00838	0.01198	0.00715	0.00692	0.05408	0.01366	0.77881	0.01806	0.01564	0.01137	0.00575	0.00468	0.00144	0.00401	0.00466	0.00571	0.00792
100	0.86937	0.00900	0.00684	0.00612	0.00900	0.01044	0.00504	0.01368	0.00792	0.02087	0.00648	0.00756	0.00504	0.00432	0.00288	0.00144	0.00360	0.00252	0.00288	0.00504
101	0.00584	0.00473	0.00518	0.00507	0.00649	0.00407	0.00380	0.00733	0.01140	0.01446	0.28222	0.04166	0.56932	0.01108	0.00549	0.00154	0.00231	0.00938	0.00457	0.00407
102	0.01738	0.02217	0.01318	0.01199	0.01438	0.81783	0.00899	0.01858	0.01318	0.01139	0.00719	0.00839	0.00599	0.00479	0.00419	0.00120	0.00839	0.00300	0.00240	0.00539
103	0.86937	0.00900	0.00684	0.00612	0.00900	0.01044	0.00504	0.01368	0.00792	0.02087	0.00648	0.00756	0.00504	0.00432	0.00288	0.00144	0.00360	0.00252	0.00288	0.00504
104	0.00566	0.00406	0.00538	0.00644	0.00674	0.00378	0.00430	0.00648	0.00894	0.01189	0.02605	0.81831	0.04566	0.01452	0.00593	0.00188	0.00269	0.01316	0.00432	0.00378
105	0.00933	0.02406	0.81240	0.01326	0.02014	0.01080	0.01719	0.01473	0.00982	0.01473	0.00835	0.00982	0.00589	0.00442	0.00442	0.00147	0.00688	0.00344	0.00196	0.00688
106	0.00967	0.00565	0.00734	0.00652	0.00819	0.00524	0.00503	0.01234	0.05326	0.17557	0.60915	0.03012	0.03597	0.00860	0.00529	0.00146	0.00262	0.00751	0.00523	0.00524
107	0.82904	0.00878	0.00672	0.00603	0.00883	0.01015	0.00495	0.01354	0.00800	0.02071	0.00689	0.00802	0.00536	0.00437	0.00290	0.00142	0.00353	0.00260	0.04315	0.00501
108	0.01098	0.01255	0.02745	0.01961	0.02431	0.01176	0.79059	0.01490	0.01098	0.01490	0.00941	0.01255	0.00706	0.00392	0.00549	0.00157	0.00784	0.00549	0.00235	0.00627
109	0.01775	0.01293	0.01390	0.01065	0.01438	0.01427	0.00880	0.77633	0.02170	0.04520	0.01132	0.01126	0.00798	0.00559	0.00465	0.00140	0.00510	0.00420	0.00468	0.00791
110	0.00593	0.00435	0.00548	0.00598	0.00663	0.00399	0.00413	0.00709	0.01007	0.01346	0.21838	0.47533	0.14721	0.06115	0.00680	0.00189	0.00263	0.01117	0.00443	0.00389
111	0.00623	0.00474	0.00573	0.00548	0.00673	0.00424	0.00411	0.00809	0.01233	0.01666	0.55680	0.03803	0.29337	0.01025	0.00549	0.00150	0.00225	0.00887	0.00486	0.00424
112	0.00552	0.00471	0.00474	0.00473	0.00630	0.00394	0.00355	0.00672	0.01065	0.01268	0.06122	0.04459	0.79144	0.01174	0.00550	0.00157	0.00235	0.00979	0.00433	0.00394
113	0.03799	0.00847	0.01104	0.00849	0.01208	0.00770	0.00701	0.10264	0.01410	0.71305	0.01736	0.01518	0.01101	0.00571	0.00464	0.00143	0.00407	0.00458	0.00558	0.00786
114	0.14036	0.00655	0.00722	0.00684	0.00874	0.00654	0.00531	0.05461	0.06681	0.12769	0.03704	0.21299	0.21830	0.00977	0.00506	0.00164	0.00325	0.07180	0.00436	0.00512
115	0.01768	0.01303	0.01396	0.01070	0.01443	0.01443	0.00884	0.79197	0.02187	0.02932	0.01117	0.01117	0.00791	0.00558	0.00465	0.00140	0.00512	0.00419	0.00465	0.00791
116	0.00566	0.00470	0.00494	0.00492	0.00639	0.00399	0.00368	0.00697	0.01092	0.01341	0.15392	0.06397	0.67745	0.01153	0.00551	0.00156	0.00234	0.00971	0.00443	0.00399
117	0.02257	0.00534	0.00651	0.00638	0.00780	0.00495	0.00479	0.01983	0.03306	0.13386	0.13435	0.26622	0.20806	0.03145	0.00584	0.00171	0.00293	0.05725	0.04236	0.00472
118	0.00685	0.00518	0.00594	0.00585	0.00717	0.00483	0.00432	0.02478	0.06435	0.02919	0.25117	0.17832	0.33950	0.02788	0.00582	0.00164	0.00259	0.00935	0.02088	0.00440
119	0.00674	0.00452	0.00520	0.00523	0.00527	0.00456	0.00300	0.00684	0.00685	0.00917	0.01478	0.04712	0.01694	0.77805	0.06368	0.00460	0.00488	0.00681	0.00283	0.00291
120	0.01706	0.07493	0.01391	0.01173	0.01422	0.76622	0.00892	0.01828	0.01294	0.01136	0.00714	0.00833	0.00599	0.00474	0.00412	0.00119	0.00817	0.00296	0.00237	0.00543
121	0.04185	0.00488	0.00556	0.00562	0.00681	0.00445	0.00406	0.00805	0.01025	0.05130	0.15113	0.22457	0.34926	0.09013	0.00720	0.00191	0.00278	0.02178	0.00431	0.00410
122	0.00608	0.00473	0.00527	0.00537	0.00667	0.00423	0.00403	0.00765	0.02158	0.01380	0.15371	0.12692	0.49202	0.01192	0.02578	0.00174	0.00272	0.04616	0.05555	0.00407
123	0.00933	0.02406	0.81240	0.01326	0.02014	0.01080	0.01719	0.01473	0.00982	0.01473	0.00835	0.00982	0.00589	0.00442	0.00442	0.00147	0.00688	0.00344	0.00196	0.00688
124	0.00609	0.00439	0.00569	0.00657	0.00703	0.00416	0.00452	0.02752	0.00945	0.01253	0.03892	0.71449	0.06629	0.02697	0.00618	0.00191	0.00284	0.04622	0.00432	0.00391

[dist]
# distance from previous block
# <min> <max>
0	14

[block]
# block no. 4 follows, 55 sequences, length 6
# corresponding to MSA columns:
# 286,287,289-292
name=unknown_E
#
# <colnr> <probs for GDERKNQSTAVLIFYWHMCP>
#	G	D	E	R	K	N	Q	S	T	A	V	L	I	F	Y	W	H	M	C	P
0	0.04543	0.00993	0.01099	0.02928	0.04019	0.08033	0.04193	0.23719	0.05261	0.01716	0.01327	0.12673	0.01295	0.20200	0.00985	0.00224	0.05299	0.00595	0.00351	0.00547
1	0.73337	0.06910	0.00872	0.07659	0.01119	0.01101	0.00593	0.01354	0.00815	0.01938	0.00663	0.00797	0.00521	0.00432	0.00304	0.00142	0.00392	0.00266	0.00274	0.00512
2	0.02930	0.27624	0.09481	0.05298	0.05366	0.17249	0.00970	0.06553	0.02524	0.04987	0.00841	0.02424	0.00703	0.00507	0.00509	0.00131	0.09155	0.00347	0.00256	0.02144
3	0.00927	0.00848	0.01316	0.01090	0.01285	0.05191	0.23053	0.04716	0.01042	0.01437	0.03430	0.26216	0.01679	0.03707	0.00662	0.00173	0.06690	0.03987	0.12057	0.00495
4	0.00887	0.00544	0.00762	0.04906	0.00877	0.00580	0.00544	0.05372	0.00857	0.03978	0.09308	0.01892	0.01337	0.05572	0.07457	0.45911	0.04293	0.04296	0.00282	0.00344
5	0.01070	0.08111	0.12361	0.17809	0.38260	0.01159	0.11827	0.01393	0.01020	0.01410	0.00850	0.01127	0.00679	0.00424	0.00457	0.00142	0.00610	0.00409	0.00219	0.00661

[dist]
# distance from previous block
# <min> <max>
0	1

[block]
# block no. 5 follows, 55 sequences, length 90
# corresponding to MSA columns:
# 294-383
name=unknown_F
#
# <colnr> <probs for GDERKNQSTAVLIFYWHMCP>
#	G	D	E	R	K	N	Q	S	T	A	V	L	I	F	Y	W	H	M	C	P
0	0.01009	0.01005	0.01409	0.01210	0.01212	0.01405	0.01007	0.01113	0.00713	0.01119	0.00626	0.01037	0.00624	0.00878	0.03446	0.00217	0.80849	0.00409	0.00205	0.00507
1	0.01053	0.01138	0.05805	0.08908	0.08256	0.01055	0.45232	0.04254	0.03662	0.02876	0.02603	0.05611	0.03634	0.00573	0.01808	0.00166	0.00664	0.01812	0.00277	0.00611
2	0.00673	0.00450	0.00508	0.00511	0.00512	0.00449	0.00286	0.00676	0.00683	0.00910	0.01497	0.05327	0.01731	0.81315	0.02317	0.00444	0.00446	0.00695	0.00286	0.00285
3	0.01768	0.01303	0.01396	0.01070	0.01443	0.01443	0.00884	0.79197	0.02187	0.02932	0.01117	0.01117	0.00791	0.00558	0.00465	0.00140	0.00512	0.00419	0.00465	0.00791
4	0.00570	0.00421	0.00534	0.00620	0.00673	0.00385	0.00425	0.00663	0.00934	0.01219	0.04607	0.65930	0.16843	0.01393	0.00586	0.00183	0.00266	0.02931	0.00434	0.00383
5	0.00726	0.00578	0.00860	0.00812	0.00890	0.00687	0.02834	0.00878	0.00753	0.01097	0.01184	0.01813	0.01128	0.09829	0.60954	0.00624	0.11158	0.00502	0.02271	0.00422
6	0.00637	0.00448	0.00505	0.00520	0.00553	0.00430	0.00316	0.00671	0.00778	0.01008	0.02229	0.14444	0.16717	0.56746	0.01780	0.00359	0.00385	0.00823	0.00331	0.00316
7	0.00698	0.00515	0.00679	0.00760	0.00875	0.00497	0.00646	0.00886	0.01067	0.01367	0.04792	0.08156	0.19234	0.01261	0.00619	0.00199	0.00376	0.56522	0.00431	0.00419
8	0.00579	0.00432	0.00528	0.00590	0.00660	0.00391	0.00408	0.00671	0.00954	0.01231	0.07464	0.49849	0.26029	0.03979	0.00664	0.02175	0.00268	0.02324	0.00426	0.00379
9	0.00965	0.00827	0.00965	0.00689	0.01102	0.00620	0.00551	0.01171	0.00965	0.01516	0.00827	0.00965	0.00689	0.00345	0.00345	0.00069	0.00345	0.00276	0.00276	0.86494
10	0.00668	0.00485	0.00678	0.00678	0.00737	0.00544	0.00495	0.00786	0.00727	0.01029	0.01309	0.02179	0.01315	0.26609	0.58895	0.00662	0.01017	0.00550	0.00259	0.00377
11	0.00617	0.00491	0.00557	0.00586	0.00702	0.00452	0.00429	0.00815	0.06429	0.01325	0.08801	0.28283	0.40932	0.02634	0.00594	0.00174	0.00268	0.05057	0.00437	0.00415
12	0.11925	0.00864	0.01050	0.00832	0.01167	0.00835	0.00683	0.11123	0.06048	0.54472	0.01623	0.01555	0.01096	0.02162	0.00487	0.00152	0.00405	0.02271	0.00514	0.00736
13	0.01192	0.00998	0.01042	0.00923	0.01180	0.03384	0.00720	0.08652	0.60965	0.03802	0.10256	0.01843	0.01658	0.00654	0.00479	0.00154	0.00378	0.00543	0.00473	0.00705
14	0.01561	0.01188	0.01270	0.01023	0.01357	0.01329	0.00829	0.50978	0.29342	0.04006	0.01401	0.01342	0.01018	0.00584	0.00468	0.00146	0.00460	0.00457	0.00470	0.00772
15	0.00604	0.00422	0.00551	0.00637	0.00680	0.00392	0.00432	0.00693	0.00917	0.02580	0.05730	0.70039	0.06792	0.04977	0.00666	0.00197	0.00279	0.02597	0.00431	0.00385
16	0.13948	0.00807	0.01024	0.00798	0.01147	0.00734	0.00659	0.02141	0.01256	0.70030	0.01669	0.01468	0.01061	0.00556	0.00443	0.00144	0.00391	0.00438	0.00536	0.00751
17	0.00567	0.00405	0.00540	0.00648	0.00675	0.00378	0.00432	0.00648	0.00891	0.01188	0.02564	0.83347	0.03077	0.01457	0.00594	0.00189	0.00270	0.01323	0.00432	0.00378
18	0.00635	0.00418	0.00541	0.00601	0.00617	0.00403	0.00385	0.00650	0.00786	0.01048	0.01982	0.47889	0.02334	0.24911	0.01287	0.13498	0.00342	0.00998	0.00354	0.00324
19	0.01105	0.01054	0.01808	0.13895	0.66569	0.01081	0.02949	0.01377	0.01032	0.01457	0.00868	0.01172	0.00722	0.00448	0.00493	0.02072	0.00563	0.00417	0.00226	0.00692
20	0.00790	0.00666	0.00922	0.00852	0.00885	0.00841	0.00658	0.00892	0.00718	0.01049	0.01081	0.01850	0.01103	0.22486	0.34308	0.00486	0.29246	0.00511	0.00242	0.00415
21	0.01738	0.02217	0.01318	0.01199	0.01438	0.81783	0.00899	0.01858	0.01318	0.01139	0.00719	0.00839	0.00599	0.00479	0.00419	0.00120	0.00839	0.00300	0.00240	0.00539
22	0.00849	0.00530	0.00839	0.13039	0.08164	0.00561	0.00628	0.00767	0.00695	0.00929	0.00817	0.01365	0.00774	0.01337	0.01495	0.65855	0.00450	0.00406	0.00205	0.00297
23	0.00671	0.00495	0.00733	0.00733	0.00814	0.00574	0.00567	0.00835	0.00753	0.01095	0.01259	0.01853	0.01176	0.05288	0.77493	0.00722	0.01197	0.00501	0.02828	0.00413
24	0.00965	0.00827	0.00965	0.00689	0.01102	0.00620	0.00551	0.01171	0.00965	0.01516	0.00827	0.00965	0.00689	0.00345	0.00345	0.00069	0.00345	0.00276	0.00276	0.86494
25	0.01837	0.01194	0.01328	0.01018	0.01388	0.01280	0.00841	0.62727	0.02004	0.19661	0.01271	0.01217	0.00868	0.00562	0.00466	0.00141	0.00487	0.00429	0.00489	0.00791
26	0.01091	0.01192	0.07593	0.19578	0.20673	0.01125	0.30824	0.07415	0.01124	0.01535	0.00943	0.03034	0.00746	0.00453	0.00497	0.00151	0.00655	0.00481	0.00247	0.00640
27	0.00651	0.00475	0.00612	0.00578	0.00690	0.00436	0.00433	0.00864	0.01299	0.01824	0.75351	0.03543	0.09567	0.00967	0.00549	0.00147	0.00221	0.00851	0.00507	0.00436
28	0.00677	0.00451	0.00507	0.00507	0.00507	0.00451	0.00282	0.00677	0.00677	0.00902	0.01466	0.03044	0.01691	0.83650	0.02368	0.00451	0.00451	0.00677	0.00282	0.00282
