[name]
unknown

[dist]
# distance from previous block
# <min> <max>
11	169

[block]
# block no. 0 follows, 47 sequences, length 18
# corresponding to MSA columns:
# 250-267
name=unknown_A
#
# <colnr> <probs for GDERKNQSTAVLIFYWHMCP>
#	G	D	E	R	K	N	Q	S	T	A	V	L	I	F	Y	W	H	M	C	P
0	0.11368	0.05830	0.17722	0.09636	0.11655	0.03949	0.04898	0.05508	0.01242	0.01840	0.17385	0.01746	0.01616	0.00708	0.02615	0.00178	0.00592	0.00522	0.00336	0.00656
1	0.00849	0.00472	0.00655	0.00662	0.00682	0.00473	0.00441	0.00752	0.00785	0.01084	0.05176	0.07562	0.01484	0.14175	0.06148	0.52377	0.00480	0.00603	0.04844	0.00294
2	0.00687	0.00484	0.00634	0.00735	0.00774	0.00464	0.00510	0.00785	0.00988	0.01311	0.02646	0.56614	0.03114	0.15075	0.01007	0.00265	0.00364	0.12675	0.00455	0.00414
3	0.01947	0.02428	0.01480	0.01334	0.01610	0.75456	0.01005	0.06052	0.01528	0.01381	0.00829	0.00956	0.00682	0.00541	0.00472	0.00135	0.00920	0.00343	0.00282	0.00619
4	0.01313	0.01253	0.01865	0.14628	0.50584	0.05331	0.01428	0.05595	0.09553	0.01756	0.01100	0.01355	0.00883	0.00511	0.00516	0.00159	0.00622	0.00471	0.00298	0.00779
5	0.01461	0.01084	0.01248	0.05340	0.01482	0.01198	0.00862	0.08202	0.45365	0.13659	0.01797	0.01716	0.01322	0.00665	0.00580	0.00167	0.04869	0.00532	0.00495	0.07957
6	0.01241	0.01165	0.01604	0.16852	0.33287	0.07188	0.01241	0.01756	0.15916	0.03177	0.07104	0.03005	0.01344	0.00616	0.00530	0.00164	0.00578	0.02163	0.00346	0.00723
7	0.00835	0.00596	0.00703	0.00655	0.00808	0.00571	0.00497	0.04962	0.04356	0.02022	0.48838	0.03593	0.16056	0.01007	0.00572	0.00160	0.00272	0.00867	0.12117	0.00515
8	0.00871	0.00738	0.01057	0.00984	0.01040	0.00939	0.00780	0.01019	0.00818	0.01207	0.01188	0.01865	0.01152	0.09070	0.48838	0.00617	0.26523	0.00541	0.00266	0.00486
9	0.01945	0.02482	0.01476	0.01342	0.01610	0.79608	0.01006	0.02079	0.01476	0.01275	0.00805	0.00939	0.00671	0.00537	0.00470	0.00134	0.00939	0.00335	0.00268	0.00604
10	0.03465	0.01164	0.05717	0.16912	0.33550	0.01129	0.07820	0.03459	0.05148	0.05799	0.03787	0.04237	0.04324	0.00594	0.00532	0.00165	0.00599	0.00553	0.00321	0.00723
11	0.01186	0.16887	0.18699	0.02720	0.09779	0.03574	0.04820	0.01463	0.01019	0.01429	0.03370	0.01205	0.00845	0.00699	0.02153	0.00186	0.28630	0.00429	0.00243	0.00662
12	0.00951	0.00828	0.00955	0.07722	0.05126	0.05106	0.00712	0.06014	0.05242	0.01724	0.19617	0.05083	0.26703	0.01071	0.03146	0.00191	0.04772	0.00802	0.03685	0.00550
13	0.00671	0.00498	0.00582	0.00632	0.00706	0.00459	0.00429	0.00759	0.01006	0.01283	0.03320	0.32522	0.27160	0.22410	0.01170	0.00278	0.00352	0.04920	0.00439	0.00403
14	0.02160	0.05399	0.09724	0.00968	0.01241	0.07566	0.00841	0.14838	0.07366	0.01864	0.08392	0.10783	0.07950	0.05318	0.04962	0.00220	0.03098	0.01981	0.04712	0.00618
15	0.01424	0.07882	0.07953	0.18598	0.22755	0.18460	0.06379	0.03597	0.01252	0.05469	0.00973	0.01214	0.00761	0.00505	0.00498	0.00153	0.00719	0.00428	0.00276	0.00704
16	0.01601	0.00717	0.00944	0.00802	0.01074	0.00626	0.00631	0.01779	0.01359	0.45003	0.11809	0.16491	0.12986	0.00964	0.00572	0.00172	0.00369	0.00824	0.00585	0.00694
17	0.00639	0.00469	0.00600	0.00692	0.00749	0.00430	0.00471	0.00746	0.01056	0.01392	0.08310	0.65241	0.14196	0.01549	0.00654	0.00203	0.00293	0.01390	0.00490	0.00430

[dist]
# distance from previous block
# <min> <max>
1	2

[block]
# block no. 1 follows, 47 sequences, length 25
# corresponding to MSA columns:
# 270-294
name=unknown_B
#
# <colnr> <probs for GDERKNQSTAVLIFYWHMCP>
#	G	D	E	R	K	N	Q	S	T	A	V	L	I	F	Y	W	H	M	C	P
0	0.00997	0.00939	0.01586	0.77104	0.06826	0.01160	0.01453	0.01342	0.01048	0.01347	0.00928	0.01384	0.00700	0.00518	0.00520	0.00173	0.00691	0.00463	0.00233	0.00589
1	0.01098	0.03679	0.03932	0.03216	0.05573	0.00800	0.00749	0.01348	0.01085	0.01669	0.00922	0.01093	0.00765	0.00400	0.00399	0.00088	0.00426	0.00323	0.00298	0.72138
2	0.03491	0.01289	0.05293	0.09550	0.42115	0.03448	0.09668	0.04721	0.03846	0.08075	0.01106	0.01337	0.00856	0.00498	0.00518	0.00158	0.00636	0.00475	0.00309	0.02609
3	0.20446	0.07384	0.04529	0.01217	0.03728	0.36241	0.00968	0.07099	0.01278	0.01677	0.00809	0.00974	0.00668	0.00566	0.00583	0.00153	0.10413	0.00349	0.00288	0.00628
4	0.00802	0.00644	0.00895	0.03469	0.04319	0.00616	0.04081	0.01107	0.05147	0.01936	0.54773	0.03642	0.14529	0.01010	0.00603	0.00167	0.00316	0.00895	0.00519	0.00527
5	0.01119	0.00949	0.01101	0.00790	0.01251	0.00734	0.00633	0.04555	0.01139	0.01765	0.00940	0.01087	0.00776	0.00396	0.00391	0.00081	0.00394	0.00315	0.00318	0.81268
6	0.00642	0.00459	0.00613	0.00734	0.00768	0.00430	0.00497	0.00739	0.01005	0.01338	0.02866	0.78477	0.03427	0.01624	0.00667	0.00213	0.00309	0.04285	0.00483	0.00425
7	0.00635	0.00514	0.00564	0.00581	0.00723	0.00443	0.00424	0.00774	0.01189	0.01481	0.14353	0.19035	0.54777	0.01344	0.00624	0.00181	0.00269	0.01149	0.00495	0.00443
8	0.01295	0.01119	0.01178	0.01060	0.01354	0.01295	0.00824	0.02767	0.77509	0.02178	0.02120	0.01943	0.01590	0.00707	0.00530	0.00177	0.00412	0.00589	0.00530	0.00824
9	0.00733	0.00531	0.00677	0.00642	0.00769	0.00490	0.00482	0.00967	0.01420	0.01999	0.67124	0.03888	0.11533	0.01144	0.02553	0.00180	0.00276	0.00933	0.03172	0.00486
10	0.01980	0.01459	0.01563	0.01198	0.01615	0.01615	0.00990	0.76713	0.02448	0.03282	0.01250	0.01250	0.00886	0.00625	0.00521	0.00156	0.00573	0.00469	0.00521	0.00886
11	0.01945	0.02482	0.01476	0.01342	0.01610	0.79608	0.01006	0.02079	0.01476	0.01275	0.00805	0.00939	0.00671	0.00537	0.00470	0.00134	0.00939	0.00335	0.00268	0.00604
12	0.01139	0.01139	0.01595	0.01367	0.01367	0.01595	0.01139	0.01253	0.00798	0.01253	0.00684	0.01139	0.00684	0.00911	0.01709	0.00228	0.80745	0.00456	0.00228	0.00570
13	0.01108	0.05075	0.04006	0.01304	0.01370	0.01492	0.02881	0.01254	0.00867	0.01312	0.04146	0.04074	0.00976	0.00955	0.03017	0.00228	0.64602	0.00508	0.00253	0.00573
14	0.01980	0.01459	0.01563	0.01198	0.01615	0.01615	0.00990	0.76713	0.02448	0.03282	0.01250	0.01250	0.00886	0.00625	0.00521	0.00156	0.00573	0.00469	0.00521	0.00886
15	0.00971	0.00485	0.00485	0.00485	0.00607	0.00485	0.00364	0.01213	0.01092	0.01942	0.01699	0.01942	0.01335	0.00607	0.00364	0.00121	0.00243	0.00485	0.84589	0.00485
16	0.00752	0.00503	0.00569	0.00574	0.00576	0.00502	0.00322	0.00756	0.00767	0.01023	0.01690	0.06541	0.01956	0.78480	0.02571	0.00493	0.00497	0.00786	0.00322	0.00320
17	0.01392	0.82012	0.02729	0.00891	0.01337	0.02061	0.00891	0.01559	0.01058	0.01225	0.00724	0.00835	0.00668	0.00446	0.00334	0.00111	0.00557	0.00278	0.00223	0.00668
18	0.01392	0.82012	0.02729	0.00891	0.01337	0.02061	0.00891	0.01559	0.01058	0.01225	0.00724	0.00835	0.00668	0.00446	0.00334	0.00111	0.00557	0.00278	0.00223	0.00668
19	0.01080	0.00926	0.01080	0.00771	0.01234	0.00694	0.00617	0.01311	0.01080	0.01697	0.00926	0.01080	0.00771	0.00386	0.00386	0.00077	0.00386	0.00309	0.00309	0.84882
20	0.85377	0.01007	0.00765	0.00685	0.01007	0.01168	0.00564	0.01531	0.00886	0.02336	0.00725	0.00846	0.00564	0.00483	0.00322	0.00161	0.00403	0.00282	0.00322	0.00564
21	0.00639	0.00513	0.00575	0.00618	0.00749	0.00448	0.00457	0.00768	0.01135	0.01397	0.04394	0.26528	0.51077	0.01416	0.00638	0.00191	0.00292	0.07244	0.00483	0.00438
22	0.00898	0.00455	0.00673	0.00673	0.00673	0.00455	0.00446	0.00682	0.00682	0.00909	0.00939	0.01667	0.00950	0.05493	0.02064	0.80960	0.00455	0.00466	0.00230	0.00230
23	0.56477	0.00999	0.00941	0.00785	0.01136	0.01079	0.00647	0.06320	0.01154	0.24412	0.01139	0.01137	0.00792	0.00538	0.00392	0.00161	0.00425	0.00363	0.00427	0.00676
24	0.01204	0.00967	0.04118	0.00900	0.01156	0.00976	0.00725	0.13242	0.28350	0.04932	0.10793	0.09407	0.07156	0.03672	0.00610	0.00179	0.00398	0.00709	0.09827	0.00678

[dist]
# distance from previous block
# <min> <max>
0	14

[block]
# block no. 2 follows, 47 sequences, length 8
# corresponding to MSA columns:
# 309-316
name=unknown_C
#
# <colnr> <probs for GDERKNQSTAVLIFYWHMCP>
#	G	D	E	R	K	N	Q	S	T	A	V	L	I	F	Y	W	H	M	C	P
0	0.00662	0.00491	0.00680	0.07066	0.00981	0.00481	0.00560	0.00773	0.01001	0.01329	0.02716	0.74998	0.03226	0.01543	0.00653	0.00208	0.00333	0.01400	0.00463	0.00435
1	0.16093	0.24984	0.03462	0.01272	0.11655	0.08294	0.00961	0.09274	0.03081	0.01777	0.00874	0.01026	0.00727	0.00515	0.00495	0.00140	0.06075	0.00353	0.00295	0.08647
2	0.00726	0.00473	0.00628	0.00688	0.00725	0.00450	0.00465	0.00746	0.00943	0.01253	0.07393	0.41447	0.07346	0.09732	0.01202	0.21287	0.00359	0.03358	0.00408	0.00370
3	0.01288	0.01266	0.01846	0.31165	0.35193	0.08885	0.04267	0.06878	0.01252	0.01635	0.00965	0.01293	0.00765	0.00502	0.00517	0.00160	0.00684	0.00457	0.00268	0.00713
4	0.01268	0.06859	0.01577	0.01256	0.01407	0.14540	0.04930	0.04455	0.04302	0.01397	0.01067	0.01393	0.03657	0.01162	0.10970	0.00271	0.38143	0.00474	0.00277	0.00595
5	0.09307	0.00577	0.00669	0.00700	0.00796	0.00573	0.00489	0.04208	0.01106	0.01602	0.14542	0.43129	0.07266	0.11567	0.00866	0.00232	0.00339	0.01115	0.00462	0.00456
6	0.00860	0.00570	0.00664	0.00681	0.00786	0.00573	0.00493	0.03824	0.06343	0.01619	0.05642	0.24606	0.08367	0.09270	0.03285	0.03966	0.00369	0.04777	0.22833	0.00473
7	0.01651	0.10175	0.01508	0.06551	0.03367	0.35526	0.00954	0.16218	0.04433	0.01784	0.01098	0.01318	0.00892	0.00582	0.00468	0.00143	0.00696	0.02582	0.09397	0.00660

[dist]
# distance from previous block
# <min> <max>
0	1

[block]
# block no. 3 follows, 47 sequences, length 48
# corresponding to MSA columns:
# 318-357,364-371
name=unknown_D
#
# <colnr> <probs for GDERKNQSTAVLIFYWHMCP>
#	G	D	E	R	K	N	Q	S	T	A	V	L	I	F	Y	W	H	M	C	P
0	0.01316	0.04781	0.04879	0.27718	0.10804	0.13983	0.02944	0.10887	0.01279	0.01607	0.00995	0.01394	0.00828	0.07136	0.00727	0.00186	0.04306	0.00454	0.00286	0.03490
1	0.01168	0.01106	0.01697	0.10052	0.48763	0.04207	0.01296	0.01508	0.04514	0.01728	0.14780	0.01881	0.03818	0.00614	0.00535	0.00159	0.00554	0.00567	0.00330	0.00722
2	0.00777	0.00587	0.00758	0.00831	0.00965	0.00568	0.00704	0.00983	0.01198	0.01529	0.06245	0.05461	0.24711	0.01380	0.00704	0.00218	0.01943	0.49487	0.00479	0.00470
3	0.00983	0.00926	0.01562	0.80447	0.03587	0.01157	0.01446	0.01331	0.01041	0.01331	0.00926	0.01388	0.00694	0.00521	0.00521	0.00174	0.00694	0.00463	0.00231	0.00579
4	0.00905	0.00452	0.00678	0.00678	0.00678	0.00452	0.00452	0.00678	0.00678	0.00905	0.00905	0.01583	0.00905	0.01809	0.02035	0.84848	0.00452	0.00452	0.00226	0.00226
5	0.01999	0.01382	0.01509	0.01162	0.01574	0.01506	0.00959	0.65747	0.04774	0.11969	0.01371	0.01333	0.00955	0.00630	0.00522	0.00158	0.00553	0.00479	0.00536	0.00884
6	0.00664	0.00476	0.00636	0.00751	0.00798	0.00448	0.00529	0.00779	0.01039	0.01380	0.04727	0.68083	0.04754	0.01587	0.00670	0.00213	0.00324	0.11224	0.00485	0.00432
7	0.02336	0.00886	0.01209	0.00927	0.01329	0.00765	0.00765	0.02538	0.01491	0.78810	0.02055	0.01773	0.01289	0.00645	0.00524	0.00161	0.00443	0.00524	0.00645	0.00886
8	0.02336	0.00886	0.01209	0.00927	0.01329	0.00765	0.00765	0.02538	0.01491	0.78810	0.02055	0.01773	0.01289	0.00645	0.00524	0.00161	0.00443	0.00524	0.00645	0.00886
9	0.01203	0.04472	0.01791	0.01435	0.01524	0.05881	0.09162	0.01355	0.00891	0.01298	0.00731	0.01144	0.00694	0.00822	0.01469	0.00212	0.64632	0.00459	0.00234	0.00590
10	0.01414	0.78835	0.02679	0.00909	0.01348	0.05158	0.00896	0.01580	0.01075	0.01227	0.00727	0.00840	0.00668	0.00449	0.00340	0.00112	0.00572	0.00281	0.00225	0.00666
11	0.00615	0.00528	0.00528	0.00528	0.00703	0.00440	0.00396	0.00747	0.01187	0.01407	0.05276	0.05012	0.78238	0.01319	0.00615	0.00176	0.00264	0.01099	0.00484	0.00440
12	0.00971	0.00485	0.00485	0.00485	0.00607	0.00485	0.00364	0.01213	0.01092	0.01942	0.01699	0.01942	0.01335	0.00607	0.00364	0.00121	0.00243	0.00485	0.84589	0.00485
13	0.00757	0.00508	0.00583	0.00583	0.00588	0.00513	0.00334	0.00767	0.00762	0.01021	0.01627	0.03333	0.01861	0.77399	0.06905	0.00523	0.00554	0.00746	0.00314	0.00324
14	0.01295	0.01119	0.01178	0.01060	0.01354	0.01295	0.00824	0.02767	0.77509	0.02178	0.02120	0.01943	0.01590	0.00707	0.00530	0.00177	0.00412	0.00589	0.00530	0.00824
15	0.01698	0.01998	0.01431	0.01414	0.09082	0.56348	0.03486	0.01877	0.01376	0.01439	0.00976	0.01153	0.00798	0.00538	0.00462	0.00135	0.00792	0.00382	0.14006	0.00610
16	0.01243	0.00965	0.01307	0.04618	0.20214	0.00994	0.00929	0.11045	0.13378	0.06142	0.18486	0.02091	0.01931	0.04122	0.00710	0.05012	0.00464	0.00597	0.00427	0.05326
17	0.00880	0.00615	0.00966	0.00870	0.00978	0.00599	0.09311	0.00913	0.00881	0.02639	0.01631	0.12275	0.04787	0.16206	0.10992	0.28612	0.00597	0.03184	0.00315	0.02749
18	0.01104	0.01058	0.01470	0.01272	0.01286	0.01459	0.01054	0.01231	0.00821	0.01300	0.00799	0.01251	0.00767	0.01066	0.06206	0.00256	0.70237	0.00464	0.06340	0.00557
19	0.02031	0.01376	0.01512	0.01159	0.01574	0.01493	0.00958	0.66048	0.02311	0.14141	0.01366	0.01325	0.00944	0.00628	0.00521	0.00157	0.00554	0.00477	0.00539	0.00886
20	0.00855	0.00673	0.00914	0.00890	0.01010	0.00781	0.00696	0.02997	0.10130	0.01405	0.01697	0.07216	0.03734	0.02965	0.53663	0.00626	0.05491	0.03397	0.00339	0.00521
21	0.00754	0.00503	0.00569	0.00572	0.00573	0.00503	0.00320	0.00756	0.00764	0.01019	0.01675	0.05591	0.01937	0.79456	0.02595	0.00497	0.00499	0.00778	0.00320	0.00319
22	0.00757	0.00505	0.00568	0.00568	0.00568	0.00505	0.00316	0.00757	0.00757	0.01010	0.01641	0.03408	0.01893	0.81698	0.02651	0.00505	0.00505	0.00757	0.00316	0.00316
23	0.01020	0.00718	0.00935	0.00979	0.01144	0.00738	0.00839	0.09941	0.03895	0.03930	0.02546	0.08289	0.02676	0.01306	0.00682	0.00225	0.00480	0.58620	0.00491	0.00547
24	0.00683	0.00489	0.00654	0.00742	0.00786	0.00484	0.00508	0.00812	0.03125	0.01308	0.02521	0.61812	0.02937	0.05519	0.11878	0.03141	0.00473	0.01259	0.00440	0.00429
25	0.85377	0.01007	0.00765	0.00685	0.01007	0.01168	0.00564	0.01531	0.00886	0.02336	0.00725	0.00846	0.00564	0.00483	0.00322	0.00161	0.00403	0.00282	0.00322	0.00564
26	0.01270	0.01230	0.02138	0.07148	0.70395	0.01238	0.05720	0.01588	0.01181	0.01680	0.00981	0.01300	0.00816	0.00466	0.00521	0.00157	0.00637	0.00472	0.00257	0.00805
27	0.00971	0.00485	0.00485	0.00485	0.00607	0.00485	0.00364	0.01213	0.01092	0.01942	0.01699	0.01942	0.01335	0.00607	0.00364	0.00121	0.00243	0.00485	0.84589	0.00485
28	0.00658	0.00529	0.00587	0.00572	0.00730	0.00458	0.00429	0.00830	0.01288	0.01647	0.30937	0.04617	0.52427	0.01229	0.00615	0.00172	0.00257	0.01044	0.00515	0.00458
29	0.01080	0.00926	0.01080	0.00771	0.01234	0.00694	0.00617	0.01311	0.01080	0.01697	0.00926	0.01080	0.00771	0.00386	0.00386	0.00077	0.00386	0.00309	0.00309	0.84882
30	0.00764	0.00571	0.00698	0.00659	0.00802	0.00540	0.00497	0.01079	0.06753	0.01987	0.59629	0.03868	0.15684	0.01065	0.00601	0.00165	0.00260	0.00928	0.02942	0.00507
31	0.00658	0.00527	0.00588	0.00577	0.00731	0.00457	0.00431	0.00828	0.01281	0.01641	0.30486	0.06754	0.50726	0.01239	0.00616	0.00173	0.00259	0.01055	0.00515	0.00457
32	0.00983	0.00926	0.01562	0.80447	0.03587	0.01157	0.01446	0.01331	0.01041	0.01331	0.00926	0.01388	0.00694	0.00521	0.00521	0.00174	0.00694	0.00463	0.00231	0.00579
33	0.85377	0.01007	0.00765	0.00685	0.01007	0.01168	0.00564	0.01531	0.00886	0.02336	0.00725	0.00846	0.00564	0.00483	0.00322	0.00161	0.00403	0.00282	0.00322	0.00564
34	0.12341	0.12788	0.05210	0.03826	0.09449	0.12007	0.02797	0.05696	0.01322	0.26094	0.01327	0.01345	0.02477	0.00559	0.00466	0.00151	0.00578	0.00429	0.00400	0.00740
35	0.85377	0.01007	0.00765	0.00685	0.01007	0.01168	0.00564	0.01531	0.00886	0.02336	0.00725	0.00846	0.00564	0.00483	0.00322	0.00161	0.00403	0.00282	0.00322	0.00564
36	0.00733	0.00532	0.00691	0.00651	0.00776	0.00490	0.00488	0.00975	0.01465	0.02067	0.75885	0.03925	0.07217	0.01073	0.00614	0.00164	0.00246	0.00947	0.00570	0.00490
37	0.00772	0.02815	0.00882	0.00826	0.00919	0.00697	0.00639	0.00939	0.00835	0.01193	0.01383	0.02112	0.01323	0.10554	0.69035	0.00775	0.02997	0.00565	0.00280	0.00460
38	0.01229	0.01405	0.03073	0.02195	0.02722	0.01317	0.76558	0.01668	0.01229	0.01668	0.01054	0.01405	0.00790	0.00439	0.00615	0.00176	0.00878	0.00615	0.00263	0.00702
39	0.01208	0.22924	0.37569	0.01285	0.05421	0.03556	0.01368	0.01628	0.03241	0.02856	0.00924	0.01068	0.00723	0.00483	0.00463	0.00139	0.02206	0.00358	0.00252	0.12325
40	0.02259	0.00888	0.01203	0.00930	0.01320	0.00784	0.00767	0.04540	0.01490	0.73415	0.02004	0.01770	0.01278	0.00782	0.03874	0.00190	0.00487	0.00524	0.00626	0.00868
41	0.00716	0.00547	0.00668	0.00683	0.00825	0.00499	0.00542	0.00917	0.01296	0.01697	0.31611	0.04813	0.32286	0.01255	0.00641	0.00187	0.00311	0.19521	0.00516	0.00469
42	0.01533	0.53313	0.02317	0.01156	0.05661	0.23469	0.00969	0.01697	0.01174	0.01266	0.00759	0.00897	0.00678	0.00485	0.00420	0.00123	0.02881	0.00309	0.00237	0.00656
43	0.00736	0.00502	0.00587	0.00602	0.00617	0.00498	0.00359	0.00767	0.00823	0.01101	0.04055	0.13764	0.04013	0.63520	0.05540	0.00462	0.00502	0.00859	0.00348	0.00344
44	0.05607	0.00520	0.00522	0.00521	0.00654	0.00528	0.00399	0.01218	0.01098	0.01952	0.04171	0.02106	0.01477	0.00649	0.00384	0.00130	0.00261	0.03545	0.73769	0.00490
45	0.00653	0.00545	0.00634	0.00626	0.00785	0.00472	0.02534	0.00803	0.01190	0.01473	0.11666	0.14989	0.56840	0.01316	0.00625	0.00181	0.00291	0.03441	0.00486	0.00451
46	0.01088	0.04298	0.63489	0.01641	0.05525	0.01245	0.12189	0.01648	0.01120	0.01644	0.00948	0.01143	0.00685	0.00485	0.00508	0.00165	0.00773	0.00417	0.00228	0.00760
47	0.01164	0.03771	0.02101	0.15533	0.39360	0.01189	0.17803	0.01483	0.01157	0.01584	0.01265	0.05884	0.04214	0.00568	0.00545	0.00165	0.00653	0.00574	0.00275	0.00714

[dist]
# distance from previous block
# <min> <max>
0	1

[block]
# block no. 4 follows, 47 sequences, length 35
# corresponding to MSA columns:
# 373,374,377-392,395-402,405-413
name=unknown_E
#
# <colnr> <probs for GDERKNQSTAVLIFYWHMCP>
#	G	D	E	R	K	N	Q	S	T	A	V	L	I	F	Y	W	H	M	C	P
0	0.00695	0.00473	0.00628	0.00733	0.00780	0.00443	0.00505	0.00804	0.01031	0.02990	0.04335	0.71234	0.03332	0.01554	0.00653	0.00208	0.00312	0.05467	0.03384	0.00439
1	0.08174	0.01049	0.01413	0.03185	0.18306	0.02771	0.02781	0.08976	0.01412	0.36460	0.01511	0.01504	0.01045	0.00571	0.00493	0.00154	0.00503	0.00475	0.06196	0.03018
2	0.01185	0.05531	0.03339	0.08643	0.23164	0.01015	0.08033	0.06285	0.01216	0.07017	0.01593	0.21904	0.01541	0.00799	0.00543	0.00169	0.00527	0.00732	0.06099	0.00664
3	0.85377	0.01007	0.00765	0.00685	0.01007	0.01168	0.00564	0.01531	0.00886	0.02336	0.00725	0.00846	0.00564	0.00483	0.00322	0.00161	0.00403	0.00282	0.00322	0.00564
4	0.05155	0.27097	0.23226	0.01306	0.04800	0.04022	0.04593	0.04354	0.01086	0.01516	0.00842	0.01062	0.00703	0.00658	0.03037	0.00178	0.15058	0.00379	0.00245	0.00682
5	0.00905	0.00452	0.00678	0.00678	0.00678	0.00452	0.00452	0.00678	0.00678	0.00905	0.00905	0.01583	0.00905	0.01809	0.02035	0.84848	0.00452	0.00452	0.00226	0.00226
6	0.00710	0.00521	0.00665	0.00652	0.00767	0.00476	0.00480	0.00922	0.01377	0.01910	0.59890	0.14973	0.12375	0.01171	0.00621	0.00172	0.00256	0.01034	0.00551	0.00476
7	0.01139	0.01139	0.01595	0.01367	0.01367	0.01595	0.01139	0.01253	0.00798	0.01253	0.00684	0.01139	0.00684	0.00911	0.01709	0.00228	0.80745	0.00456	0.00228	0.00570
8	0.00698	0.00531	0.00642	0.00614	0.00754	0.00475	0.00461	0.00908	0.01382	0.01871	0.54911	0.04248	0.28314	0.01146	0.00615	0.00168	0.00251	0.00992	0.00545	0.00475
9	0.00757	0.00505	0.00568	0.00568	0.00568	0.00505	0.00316	0.00757	0.00757	0.01010	0.01641	0.03408	0.01893	0.81698	0.02651	0.00505	0.00505	0.00757	0.00316	0.00316
10	0.01080	0.00926	0.01080	0.00771	0.01234	0.00694	0.00617	0.01311	0.01080	0.01697	0.00926	0.01080	0.00771	0.00386	0.00386	0.00077	0.00386	0.00309	0.00309	0.84882
11	0.01045	0.02694	0.79000	0.01484	0.02254	0.01209	0.01924	0.01649	0.01099	0.01649	0.00935	0.01099	0.00660	0.00495	0.00495	0.00165	0.00770	0.00385	0.00220	0.00770
12	0.85377	0.01007	0.00765	0.00685	0.01007	0.01168	0.00564	0.01531	0.00886	0.02336	0.00725	0.00846	0.00564	0.00483	0.00322	0.00161	0.00403	0.00282	0.00322	0.00564
13	0.06862	0.01156	0.01906	0.19405	0.57386	0.01216	0.01497	0.01537	0.01135	0.01665	0.00951	0.01280	0.00780	0.00477	0.00504	0.00159	0.00620	0.00452	0.00257	0.00755
14	0.00737	0.00532	0.00696	0.00655	0.00778	0.00491	0.00491	0.00983	0.01474	0.02088	0.78175	0.03890	0.04914	0.01065	0.00614	0.00164	0.00246	0.00942	0.00573	0.00491
15	0.01945	0.02482	0.01476	0.01342	0.01610	0.79608	0.01006	0.02079	0.01476	0.01275	0.00805	0.00939	0.00671	0.00537	0.00470	0.00134	0.00939	0.00335	0.00268	0.00604
16	0.00833	0.00603	0.00824	0.00926	0.01049	0.00601	0.00797	0.01096	0.03059	0.01593	0.07000	0.07422	0.05453	0.01401	0.00704	0.00231	0.00454	0.64981	0.00486	0.00486
17	0.01153	0.01146	0.08661	0.01013	0.01285	0.04769	0.02668	0.03491	0.37040	0.03451	0.01989	0.13209	0.03311	0.07559	0.03269	0.00224	0.00501	0.00699	0.03887	0.00676
18	0.01320	0.01323	0.02083	0.02900	0.64402	0.06565	0.05173	0.01611	0.01181	0.01641	0.00952	0.01261	0.00803	0.00498	0.00597	0.00159	0.06025	0.00462	0.00257	0.00787
19	0.01096	0.04336	0.71861	0.01453	0.02181	0.04436	0.01831	0.01698	0.03408	0.01641	0.00960	0.01113	0.00688	0.00502	0.00491	0.00163	0.00761	0.00387	0.00231	0.00762
20	0.01236	0.10714	0.11444	0.01027	0.01301	0.22227	0.00888	0.01447	0.02751	0.01298	0.01108	0.01682	0.01051	0.18964	0.11481	0.00312	0.04122	0.00467	0.00275	0.06205
21	0.00757	0.00596	0.00773	0.00913	0.06073	0.00563	0.00660	0.00957	0.02721	0.01478	0.03502	0.22185	0.28354	0.01361	0.00654	0.00205	0.00375	0.26923	0.00468	0.00484
22	0.00983	0.00926	0.01562	0.80447	0.03587	0.01157	0.01446	0.01331	0.01041	0.01331	0.00926	0.01388	0.00694	0.00521	0.00521	0.00174	0.00694	0.00463	0.00231	0.00579
23	0.00681	0.00476	0.00606	0.00687	0.00712	0.00459	0.00447	0.00751	0.00926	0.01236	0.02454	0.53184	0.02903	0.26186	0.03202	0.00317	0.00396	0.03554	0.00427	0.00393
24	0.01289	0.01237	0.02114	0.03196	0.78450	0.01237	0.01598	0.01598	0.01186	0.01701	0.00980	0.01289	0.00825	0.00464	0.00516	0.00155	0.00619	0.00464	0.00258	0.00825
25	0.00905	0.00452	0.00678	0.00678	0.00678	0.00452	0.00452	0.00678	0.00678	0.00905	0.00905	0.01583	0.00905	0.01809	0.02035	0.84848	0.00452	0.00452	0.00226	0.00226
26	0.85377	0.01007	0.00765	0.00685	0.01007	0.01168	0.00564	0.01531	0.00886	0.02336	0.00725	0.00846	0.00564	0.00483	0.00322	0.00161	0.00403	0.00282	0.00322	0.00564
27	0.00708	0.00531	0.00656	0.00625	0.00760	0.00479	0.00468	0.00926	0.01405	0.01925	0.60665	0.04159	0.22526	0.01126	0.00615	0.00167	0.00250	0.00980	0.00552	0.00479
28	0.85377	0.01007	0.00765	0.00685	0.01007	0.01168	0.00564	0.01531	0.00886	0.02336	0.00725	0.00846	0.00564	0.00483	0.00322	0.00161	0.00403	0.00282	0.00322	0.00564
29	0.01014	0.00966	0.01661	0.72068	0.08571	0.01169	0.04528	0.01362	0.01059	0.01369	0.00934	0.01382	0.00707	0.00514	0.00524	0.00172	0.00697	0.00469	0.00234	0.00600
30	0.00680	0.00505	0.00644	0.00738	0.00822	0.00469	0.00550	0.00815	0.01088	0.01402	0.03376	0.46233	0.19910	0.01516	0.00667	0.00210	0.00336	0.19117	0.00483	0.00440
31	0.00635	0.00525	0.00557	0.00555	0.00717	0.00447	0.00414	0.00783	0.01224	0.01510	0.16549	0.07801	0.63901	0.01291	0.00617	0.00175	0.00262	0.01089	0.00498	0.00447
32	0.00763	0.00552	0.00791	0.00865	0.03845	0.00591	0.00605	0.00883	0.00883	0.01225	0.01761	0.18025	0.01875	0.14365	0.39461	0.06233	0.00897	0.05613	0.00333	0.00434
33	0.01077	0.10121	0.71858	0.01429	0.02168	0.01289	0.01827	0.01641	0.01096	0.01610	0.00915	0.01075	0.00660	0.00490	0.00480	0.00160	0.00750	0.00375	0.00220	0.00760
34	0.01783	0.01252	0.01366	0.01081	0.01439	0.01364	0.00880	0.57120	0.04952	0.07574	0.04441	0.06053	0.01269	0.00703	0.00523	0.00158	0.00509	0.00554	0.06165	0.00815

[dist]
# distance from previous block
# <min> <max>
0	1

[block]
# block no. 5 follows, 47 sequences, length 84
# corresponding to MSA columns:
# 417-500
name=unknown_F
#
# <colnr> <probs for GDERKNQSTAVLIFYWHMCP>
#	G	D	E	R	K	N	Q	S	T	A	V	L	I	F	Y	W	H	M	C	P
0	0.01112	0.03676	0.01147	0.00786	0.01247	0.00763	0.00635	0.03142	0.01112	0.01719	0.00927	0.01076	0.00771	0.00393	0.00387	0.00080	0.00396	0.00311	0.00311	0.80008
1	0.00809	0.02286	0.00857	0.06303	0.04637	0.03127	0.00616	0.01038	0.01369	0.01847	0.51562	0.03649	0.17906	0.01017	0.00593	0.00164	0.00326	0.00883	0.00501	0.00511
2	0.01016	0.00848	0.01002	0.00934	0.01149	0.00910	0.03187	0.01833	0.38472	0.01892	0.12866	0.15398	0.08241	0.00999	0.00586	0.00184	0.00381	0.07367	0.00508	0.02228
3	0.01080	0.00926	0.01080	0.00771	0.01234	0.00694	0.00617	0.01311	0.01080	0.01697	0.00926	0.01080	0.00771	0.00386	0.00386	0.00077	0.00386	0.00309	0.00309	0.84882
4	0.00632	0.00512	0.00561	0.00589	0.00728	0.00442	0.00431	0.00763	0.01160	0.01432	0.08883	0.22450	0.55290	0.01378	0.00629	0.00185	0.00276	0.02731	0.00489	0.00440
5	0.00683	0.00529	0.00622	0.00602	0.00745	0.00468	0.00450	0.00876	0.01340	0.01779	0.45191	0.06077	0.36390	0.01186	0.00616	0.00170	0.00255	0.01021	0.00533	0.00468
6	0.00667	0.00524	0.00602	0.00594	0.00738	0.00460	0.00441	0.00843	0.01292	0.01682	0.35133	0.09837	0.42859	0.01236	0.00618	0.00173	0.00259	0.01061	0.00521	0.00460
7	0.01080	0.00926	0.01080	0.00771	0.01234	0.00694	0.00617	0.01311	0.01080	0.01697	0.00926	0.01080	0.00771	0.00386	0.00386	0.00077	0.00386	0.00309	0.00309	0.84882
8	0.00673	0.00545	0.00608	0.00636	0.00797	0.00480	0.00506	0.00835	0.01198	0.01462	0.06658	0.05191	0.57888	0.01341	0.00641	0.00191	0.00316	0.19097	0.00485	0.00451
9	0.00871	0.00480	0.00681	0.00682	0.00722	0.00496	0.00480	0.00815	0.00803	0.01162	0.03939	0.03512	0.01241	0.02011	0.16651	0.51772	0.00593	0.00517	0.12249	0.00323
10	0.01139	0.01139	0.01595	0.01367	0.01367	0.01595	0.01139	0.01253	0.00798	0.01253	0.00684	0.01139	0.00684	0.00911	0.01709	0.00228	0.80745	0.00456	0.00228	0.00570
11	0.00710	0.00790	0.10456	0.00795	0.02565	0.00557	0.00661	0.00904	0.01137	0.01492	0.12119	0.30696	0.30105	0.02459	0.00647	0.00191	0.00353	0.02420	0.00454	0.00488
12	0.85377	0.01007	0.00765	0.00685	0.01007	0.01168	0.00564	0.01531	0.00886	0.02336	0.00725	0.00846	0.00564	0.00483	0.00322	0.00161	0.00403	0.00282	0.00322	0.00564
13	0.00854	0.00616	0.00850	0.00962	0.01088	0.00622	0.00839	0.01133	0.03641	0.01578	0.02737	0.05748	0.02952	0.01415	0.00713	0.00238	0.00477	0.72565	0.00481	0.00491
14	0.01300	0.61056	0.22879	0.01048	0.01579	0.01836	0.01164	0.01583	0.01069	0.01337	0.00780	0.00905	0.00666	0.00459	0.00377	0.00126	0.00613	0.00307	0.00222	0.00695
15	0.01295	0.29990	0.15840	0.01404	0.05473	0.04248	0.15564	0.01855	0.16275	0.01598	0.01116	0.01236	0.00880	0.00509	0.00468	0.00149	0.00643	0.00434	0.00294	0.00729
16	0.00704	0.00531	0.00652	0.00632	0.00766	0.00479	0.00476	0.00914	0.01374	0.01865	0.53817	0.06297	0.24920	0.01161	0.00619	0.00171	0.00260	0.03343	0.00543	0.00475
17	0.00634	0.00453	0.00604	0.00725	0.00755	0.00423	0.00483	0.00725	0.00997	0.01329	0.02870	0.81358	0.03444	0.01632	0.00665	0.00211	0.00302	0.01480	0.00483	0.00423
18	0.01082	0.00932	0.01095	0.00789	0.01238	0.00721	0.00633	0.01310	0.01071	0.01684	0.00918	0.01082	0.00769	0.00401	0.00425	0.00082	0.02769	0.00313	0.00306	0.82381
19	0.01945	0.02482	0.01476	0.01342	0.01610	0.79608	0.01006	0.02079	0.01476	0.01275	0.00805	0.00939	0.00671	0.00537	0.00470	0.00134	0.00939	0.00335	0.00268	0.00604
20	0.01044	0.07342	0.51787	0.01350	0.04901	0.01163	0.01526	0.01613	0.07307	0.01670	0.07402	0.01535	0.03011	0.00776	0.05191	0.00202	0.00703	0.00470	0.00285	0.00721
21	0.01072	0.01161	0.11065	0.06228	0.01553	0.00804	0.02463	0.01363	0.01083	0.01666	0.00929	0.01110	0.00752	0.00410	0.00413	0.00097	0.00466	0.00335	0.00291	0.66739
22	0.01080	0.00926	0.01080	0.00771	0.01234	0.00694	0.00617	0.01311	0.01080	0.01697	0.00926	0.01080	0.00771	0.00386	0.00386	0.00077	0.00386	0.00309	0.00309	0.84882
23	0.00744	0.00558	0.00837	0.00837	0.00930	0.00651	0.00651	0.00930	0.00837	0.01209	0.01395	0.02046	0.01302	0.03906	0.79635	0.00837	0.01395	0.00558	0.00279	0.00465
24	0.00747	0.00582	0.00763	0.04191	0.00985	0.00596	0.00614	0.00973	0.03668	0.01460	0.12405	0.05263	0.24910	0.02105	0.26347	0.01968	0.00686	0.10849	0.00414	0.00474
25	0.00678	0.00497	0.00616	0.00678	0.00745	0.00454	0.00452	0.00766	0.00984	0.01306	0.02841	0.54828	0.11888	0.14897	0.00975	0.00249	0.00336	0.01249	0.00446	0.05117
26	0.01147	0.01120	0.01863	0.41346	0.34017	0.03115	0.05343	0.01474	0.01116	0.01496	0.00946	0.01333	0.00752	0.00502	0.00546	0.00166	0.02319	0.00468	0.00245	0.00686
27	0.02328	0.00669	0.00771	0.00749	0.00897	0.00682	0.00551	0.01330	0.18725	0.04452	0.12363	0.13781	0.17334	0.10719	0.00972	0.08131	0.00366	0.04197	0.00465	0.00519
28	0.54777	0.01144	0.01050	0.13453	0.05916	0.09171	0.00811	0.01530	0.00981	0.01973	0.00794	0.01019	0.00636	0.01650	0.00463	0.01584	0.01836	0.00339	0.00296	0.00576
29	0.01385	0.01433	0.01975	0.05377	0.61083	0.14379	0.01482	0.01661	0.01219	0.01606	0.00941	0.01230	0.00791	0.00490	0.00539	0.00154	0.02782	0.00442	0.00258	0.00773
30	0.01304	0.01370	0.03632	0.10638	0.47808	0.12025	0.05343	0.01619	0.02621	0.01594	0.01096	0.03639	0.00956	0.00554	0.00527	0.00160	0.00670	0.03430	0.00276	0.00737
31	0.00708	0.00512	0.00670	0.00683	0.00781	0.00474	0.00500	0.00905	0.01317	0.01828	0.51236	0.26271	0.06738	0.01250	0.00633	0.00181	0.00272	0.04031	0.00541	0.00470
32	0.01295	0.01119	0.01178	0.01060	0.01354	0.01295	0.00824	0.02767	0.77509	0.02178	0.02120	0.01943	0.01590	0.00707	0.00530	0.00177	0.00412	0.00589	0.00530	0.00824
33	0.00722	0.00517	0.00654	0.00710	0.00773	0.00505	0.00509	0.00834	0.00994	0.01312	0.05837	0.25959	0.10592	0.25305	0.07422	0.00347	0.00476	0.15700	0.00421	0.00410
34	0.01804	0.02231	0.01410	0.01281	0.01530	0.68015	0.00967	0.03592	0.01437	0.01340	0.03330	0.01123	0.00856	0.00802	0.06087	0.00187	0.02752	0.00376	0.00283	0.00596
35	0.00735	0.00534	0.00701	0.00700	0.00767	0.00570	0.00495	0.00847	0.00858	0.01175	0.03657	0.02908	0.09623	0.32749	0.40709	0.00628	0.00917	0.00698	0.00321	0.00407
36	0.85377	0.01007	0.00765	0.00685	0.01007	0.01168	0.00564	0.01531	0.00886	0.02336	0.00725	0.00846	0.00564	0.00483	0.00322	0.00161	0.00403	0.00282	0.00322	0.00564
37	0.01355	0.14426	0.25611	0.03598	0.20946	0.14234	0.06364	0.04658	0.01237	0.01594	0.00912	0.01112	0.00722	0.00488	0.00480	0.00150	0.00725	0.00400	0.00253	0.00736
38	0.01080	0.00926	0.01080	0.00771	0.01234	0.00694	0.00617	0.01311	0.01080	0.01697	0.00926	0.01080	0.00771	0.00386	0.00386	0.00077	0.00386	0.00309	0.00309	0.84882
39	0.00617	0.00521	0.00534	0.00545	0.00708	0.00438	0.00403	0.00745	0.01171	0.01400	0.05068	0.11585	0.71799	0.01346	0.00620	0.00179	0.00267	0.01132	0.00484	0.00438
40	0.01385	0.71075	0.07718	0.00991	0.01454	0.04895	0.03518	0.01589	0.01082	0.01270	0.00752	0.00876	0.00672	0.00452	0.00359	0.00118	0.00596	0.00299	0.00226	0.00674
41	0.00694	0.00486	0.00605	0.00667	0.00701	0.00465	0.00435	0.00770	0.00956	0.01275	0.07458	0.42120	0.05424	0.30724	0.01385	0.00315	0.00379	0.04323	0.00428	0.00391
42	0.04662	0.01480	0.01546	0.05298	0.06226	0.11476	0.02677	0.44172	0.09207	0.04273	0.01226	0.01284	0.00903	0.00605	0.00539	0.00159	0.02561	0.00460	0.00442	0.00802
43	0.10032	0.22221	0.22630	0.01163	0.01654	0.10083	0.03390	0.11121	0.05743	0.03354	0.00980	0.01079	0.00756	0.00512	0.00440	0.00145	0.00636	0.00371	0.00305	0.03387
44	0.00744	0.00511	0.00667	0.00736	0.00811	0.00481	0.00533	0.00878	0.01099	0.03742	0.12829	0.43898	0.07807	0.08956	0.00846	0.00234	0.00346	0.13953	0.00484	0.00446
45	0.00695	0.00509	0.00657	0.00701	0.00794	0.00471	0.00516	0.00866	0.01226	0.01657	0.32198	0.34211	0.12647	0.01355	0.00646	0.00192	0.00296	0.09389	0.00518	0.00458
46	0.02690	0.08539	0.12542	0.04701	0.24281	0.04440	0.06792	0.08471	0.02396	0.16019	0.01234	0.03502	0.00945	0.00553	0.00506	0.00157	0.00618	0.00481	0.00355	0.00778
47	0.01365	0.22570	0.15661	0.06468	0.17106	0.06692	0.09869	0.08386	0.01273	0.03099	0.00974	0.01220	0.00785	0.00505	0.00477	0.00149	0.00675	0.01717	0.00277	0.00732
48	0.00637	0.00457	0.00601	0.00714	0.00749	0.00426	0.00476	0.00727	0.00997	0.01323	0.02916	0.76723	0.05869	0.03797	0.00717	0.00218	0.00306	0.01448	0.00479	0.00421
49	0.01086	0.01024	0.01728	0.49954	0.30485	0.01164	0.01464	0.01408	0.01084	0.01454	0.00969	0.01419	0.00781	0.03177	0.00589	0.00178	0.00661	0.00473	0.00244	0.00659
50	0.01579	0.05115	0.13807	0.07497	0.07771	0.05490	0.03527	0.12549	0.04569	0.21693	0.02348	0.02927	0.01094	0.00739	0.03643	0.00187	0.00621	0.01737	0.02348	0.00759
51	0.01634	0.05950	0.03701	0.20110	0.05829	0.07168	0.01110	0.31537	0.03994	0.10217	0.01233	0.03072	0.00922	0.00599	0.00509	0.00159	0.00611	0.00476	0.00407	0.00761
52	0.03496	0.03524	0.01782	0.05122	0.24452	0.35115	0.07730	0.01796	0.01297	0.03082	0.00915	0.01125	0.00746	0.00493	0.00486	0.00142	0.00755	0.00402	0.00274	0.07266
53	0.01476	0.00720	0.00940	0.00796	0.01053	0.00656	0.00633	0.01764	0.05500	0.35854	0.34128	0.02893	0.05412	0.00867	0.00566	0.00165	0.00348	0.02743	0.02806	0.00681
54	0.02831	0.11443	0.01542	0.01132	0.03728	0.08930	0.00899	0.30064	0.18897	0.02316	0.01294	0.01314	0.00986	0.00578	0.00473	0.00143	0.00541	0.00438	0.02033	0.10419
55	0.01205	0.13925	0.48715	0.01245	0.01884	0.02981	0.01470	0.01650	0.01124	0.06601	0.00972	0.01098	0.00720	0.00481	0.00455	0.00142	0.00660	0.00365	0.00263	0.14042
56	0.00964	0.01454	0.29238	0.01179	0.03827	0.00883	0.05289	0.02993	0.02287	0.01768	0.18858	0.04078	0.05778	0.00802	0.00559	0.00168	0.00536	0.10534	0.00374	0.08430
57	0.01100	0.05946	0.57928	0.01470	0.02137	0.01255	0.09446	0.01753	0.09241	0.01697	0.02539	0.01262	0.00854	0.00520	0.00506	0.00165	0.00723	0.00436	0.00264	0.00759
58	0.02252	0.00886	0.01193	0.00924	0.01315	0.00779	0.00760	0.02505	0.04482	0.73709	0.04125	0.01837	0.01399	0.00658	0.00526	0.00162	0.00437	0.00538	0.00638	0.00873
59	0.00983	0.00926	0.01562	0.80447	0.03587	0.01157	0.01446	0.01331	0.01041	0.01331	0.00926	0.01388	0.00694	0.00521	0.00521	0.00174	0.00694	0.00463	0.00231	0.00579
60	0.01253	0.01196	0.02036	0.05638	0.72914	0.01202	0.01549	0.01555	0.01174	0.01674	0.01053	0.04461	0.00924	0.00512	0.00522	0.00158	0.00609	0.00504	0.00266	0.00801
61	0.01445	0.00947	0.06482	0.01065	0.03603	0.00787	0.07710	0.04234	0.03955	0.30380	0.08823	0.18371	0.08092	0.00904	0.00574	0.00175	0.00453	0.00799	0.00509	0.00693
62	0.00615	0.00528	0.00528	0.00528	0.00703	0.00440	0.00396	0.00747	0.01187	0.01407	0.05276	0.05012	0.78238	0.01319	0.00615	0.00176	0.00264	0.01099	0.00484	0.00440
63	0.01295	0.01119	0.01178	0.01060	0.01354	0.01295	0.00824	0.02767	0.77509	0.02178	0.02120	0.01943	0.01590	0.00707	0.00530	0.00177	0.00412	0.00589	0.00530	0.00824
64	0.01403	0.76256	0.05187	0.00928	0.01378	0.05102	0.00930	0.01583	0.01076	0.01241	0.00734	0.00848	0.00668	0.00451	0.00345	0.00114	0.00579	0.00284	0.00224	0.00669
65	0.01093	0.00972	0.01549	0.28159	0.26831	0.01096	0.01235	0.01344	0.01064	0.03918	0.03820	0.04099	0.03547	0.08260	0.00876	0.00206	0.10455	0.00558	0.00288	0.00630
66	0.00624	0.00518	0.00545	0.00559	0.00714	0.00440	0.00411	0.00756	0.01177	0.01430	0.08485	0.14650	0.65208	0.01346	0.00622	0.00180	0.00268	0.01140	0.00488	0.00440
67	0.01219	0.04983	0.10150	0.02073	0.02619	0.01339	0.66341	0.01662	0.01210	0.01647	0.01028	0.01352	0.00773	0.00444	0.00591	0.00172	0.00854	0.00579	0.00258	0.00707
68	0.04927	0.17933	0.35207	0.01339	0.04096	0.03020	0.07570	0.04024	0.02233	0.04953	0.03924	0.03757	0.00969	0.00565	0.00519	0.00157	0.03359	0.00449	0.00285	0.00714
69	0.01024	0.02272	0.61354	0.07392	0.02190	0.01144	0.03040	0.01608	0.04180	0.01688	0.08200	0.01421	0.01099	0.00557	0.00511	0.00166	0.00703	0.00455	0.00267	0.00730
70	0.00672	0.00479	0.00628	0.00725	0.00770	0.00453	0.00502	0.00780	0.01028	0.01370	0.07402	0.60144	0.04995	0.09051	0.00851	0.00238	0.00334	0.08681	0.00473	0.00423
71	0.00876	0.02396	0.01014	0.03110	0.01130	0.00760	0.04464	0.05033	0.01102	0.01478	0.02233	0.31762	0.03391	0.05836	0.05801	0.00267	0.08002	0.20432	0.00415	0.00497
72	0.01244	0.01120	0.01648	0.25137	0.27016	0.04567	0.02597	0.08303	0.02552	0.03974	0.04269	0.05794	0.01150	0.00645	0.00616	0.00171	0.06161	0.02030	0.00318	0.00688
73	0.00689	0.00494	0.00643	0.00744	0.00790	0.00471	0.00504	0.03796	0.01056	0.01408	0.02805	0.78121	0.03341	0.01591	0.00659	0.00209	0.00313	0.01440	0.00485	0.00442
74	0.01220	0.01165	0.02023	0.15692	0.58494	0.01197	0.06028	0.01521	0.01144	0.01606	0.00972	0.01324	0.00805	0.00526	0.00584	0.03581	0.00640	0.00472	0.00253	0.00753
75	0.01406	0.01174	0.13396	0.01219	0.08555	0.00925	0.02489	0.03109	0.14279	0.23440	0.03299	0.10772	0.05903	0.00890	0.03736	0.00195	0.00523	0.00650	0.00458	0.03582
76	0.01140	0.04377	0.37172	0.01411	0.09763	0.01043	0.05143	0.01582	0.03873	0.08854	0.07324	0.01939	0.09469	0.03921	0.00611	0.00178	0.00605	0.00555	0.00335	0.00707
77	0.01347	0.01127	0.01194	0.01062	0.01364	0.01296	0.00830	0.05750	0.72751	0.03962	0.02083	0.01911	0.01554	0.00702	0.00529	0.00175	0.00419	0.00582	0.00532	0.00828
78	0.01009	0.02428	0.68991	0.01390	0.02077	0.01133	0.01746	0.01587	0.03172	0.01634	0.01241	0.06692	0.03424	0.00605	0.00511	0.00169	0.00712	0.00488	0.00255	0.00737
79	0.01205	0.03357	0.29641	0.08080	0.23429	0.01159	0.08878	0.02992	0.01196	0.06623	0.04895	0.04021	0.01067	0.00559	0.00525	0.00164	0.00662	0.00507	0.00295	0.00746
80	0.00666	0.00482	0.00634	0.00740	0.00786	0.00459	0.00506	0.00812	0.03446	0.01394	0.05886	0.73296	0.03431	0.01573	0.00660	0.00209	0.00309	0.03782	0.00488	0.00440
81	0.01137	0.03681	0.01616	0.01398	0.04458	0.01552	0.01124	0.01266	0.00848	0.01304	0.03764	0.01245	0.00856	0.00885	0.01574	0.00219	0.71781	0.00470	0.00243	0.00580
82	0.01493	0.03835	0.05972	0.09062	0.20189	0.09688	0.02377	0.09159	0.01360	0.15918	0.05676	0.05623	0.01278	0.03911	0.00628	0.00174	0.02009	0.00544	0.00382	0.00720
83	0.07383	0.02698	0.05638	0.12774	0.28689	0.08318	0.05468	0.03210	0.05611	0.01674	0.02832	0.05891	0.06349	0.00630	0.00517	0.00163	0.00603	0.00555	0.00313	0.00686

[dist]
# distance from previous block
# <min> <max>
0	26

# created by:
# /st0/software/busco_prod/Augustus/scripts/msa2prfl.pl ./align_prep/78869.fa
