[name]
unknown

[dist]
# distance from previous block
# <min> <max>
6	26

[block]
# block no. 0 follows, 54 sequences, length 25
# corresponding to MSA columns:
# 37-40,59-79
name=unknown_A
#
# <colnr> <probs for GDERKNQSTAVLIFYWHMCP>
#	G	D	E	R	K	N	Q	S	T	A	V	L	I	F	Y	W	H	M	C	P
0	0.02115	0.00802	0.01094	0.00839	0.01204	0.00693	0.00693	0.02298	0.01350	0.80815	0.01860	0.01605	0.01167	0.00584	0.00474	0.00146	0.00401	0.00474	0.00584	0.00802
1	0.01173	0.01013	0.01066	0.00960	0.01226	0.01173	0.00746	0.02505	0.79636	0.01972	0.01919	0.01759	0.01439	0.00640	0.00480	0.00160	0.00373	0.00533	0.00480	0.00746
2	0.01246	0.79910	0.06145	0.00832	0.01249	0.01830	0.00851	0.01416	0.00960	0.01127	0.00664	0.00768	0.00605	0.00405	0.00309	0.00103	0.00513	0.00257	0.00202	0.00609
3	0.41234	0.00912	0.00930	0.00749	0.01087	0.00938	0.00616	0.09946	0.01150	0.27750	0.01118	0.01100	0.00775	0.00490	0.00376	0.00138	0.00391	0.00347	0.00405	0.09549
4	0.04902	0.01313	0.01314	0.01043	0.01392	0.09235	0.00848	0.53114	0.09387	0.10832	0.01226	0.01200	0.00871	0.00562	0.00461	0.00142	0.00520	0.00422	0.00455	0.00761
5	0.00595	0.00437	0.00612	0.00699	0.00741	0.00410	0.02441	0.00691	0.00915	0.01220	0.02553	0.77996	0.03042	0.01443	0.00603	0.00192	0.00293	0.04295	0.00432	0.00391
6	0.01513	0.03584	0.02869	0.00786	0.01183	0.00721	0.00659	0.01739	0.02804	0.37947	0.01324	0.01275	0.00924	0.00467	0.00410	0.00109	0.00386	0.00375	0.00419	0.40504
7	0.01722	0.08390	0.01492	0.01056	0.01431	0.01486	0.00883	0.69263	0.05140	0.02772	0.01122	0.01124	0.00810	0.00555	0.00457	0.00139	0.00512	0.00414	0.00449	0.00783
8	0.00922	0.02271	0.74080	0.01279	0.01926	0.01039	0.01631	0.01441	0.01025	0.01527	0.07670	0.01213	0.00928	0.00492	0.00457	0.00149	0.00656	0.00392	0.00227	0.00675
9	0.01702	0.11926	0.01471	0.01166	0.01428	0.72071	0.00899	0.01827	0.01291	0.01149	0.00720	0.00839	0.00607	0.00476	0.00411	0.00119	0.00809	0.00298	0.00238	0.00554
10	0.00819	0.00410	0.00614	0.00614	0.00614	0.00410	0.00410	0.00614	0.00614	0.00819	0.00819	0.01433	0.00819	0.01638	0.01843	0.86282	0.00410	0.00410	0.00205	0.00205
11	0.05091	0.00950	0.01174	0.00920	0.01273	0.00939	0.02303	0.17728	0.12436	0.49541	0.01658	0.01493	0.01098	0.00579	0.00469	0.00147	0.00428	0.00466	0.00529	0.00780
12	0.00669	0.00434	0.00581	0.00668	0.00716	0.00402	0.00453	0.00757	0.00930	0.06074	0.02554	0.78135	0.02999	0.01423	0.00594	0.00189	0.00281	0.01287	0.00447	0.00409
13	0.01761	0.02247	0.01336	0.01215	0.01458	0.81537	0.00911	0.01883	0.01336	0.01154	0.00729	0.00850	0.00607	0.00486	0.00425	0.00121	0.00850	0.00304	0.00243	0.00547
14	0.00736	0.00529	0.00731	0.00835	0.00939	0.00523	0.00717	0.00938	0.01069	0.01388	0.02593	0.11976	0.05733	0.01313	0.00643	0.00213	0.00413	0.67849	0.00435	0.00428
15	0.00946	0.02439	0.80987	0.01344	0.02041	0.01095	0.01742	0.01493	0.00995	0.01493	0.00846	0.00995	0.00597	0.00448	0.00448	0.00149	0.00697	0.00348	0.00199	0.00697
16	0.00557	0.00478	0.00478	0.00478	0.00637	0.00398	0.00358	0.00677	0.01075	0.01274	0.04776	0.04538	0.80297	0.01194	0.00557	0.00159	0.00239	0.00995	0.00438	0.00398
17	0.00879	0.00439	0.00439	0.00439	0.00549	0.00439	0.00330	0.01099	0.00989	0.01758	0.01538	0.01758	0.01209	0.00549	0.00330	0.00110	0.00220	0.00439	0.86047	0.00439
18	0.01261	0.83713	0.02471	0.00807	0.01210	0.01866	0.00807	0.01412	0.00958	0.01109	0.00656	0.00756	0.00605	0.00403	0.00303	0.00101	0.00504	0.00252	0.00202	0.00605
19	0.00624	0.00479	0.00584	0.00648	0.00755	0.00438	0.00504	0.00763	0.01030	0.01296	0.03464	0.26848	0.34758	0.01307	0.00599	0.00186	0.00309	0.24567	0.00437	0.00405
20	0.00573	0.00478	0.00499	0.00494	0.00646	0.00405	0.00370	0.00707	0.01111	0.01360	0.15379	0.04395	0.69640	0.01162	0.00557	0.00158	0.00237	0.00975	0.00449	0.00405
21	0.01761	0.02247	0.01336	0.01215	0.01458	0.81537	0.00911	0.01883	0.01336	0.01154	0.00729	0.00850	0.00607	0.00486	0.00425	0.00121	0.00850	0.00304	0.00243	0.00547
22	0.01076	0.06919	0.65965	0.01279	0.01917	0.01188	0.01577	0.11754	0.01155	0.01667	0.00873	0.01000	0.00625	0.00461	0.00443	0.00146	0.00662	0.00353	0.00235	0.00706
23	0.01387	0.01116	0.01230	0.07999	0.01491	0.01273	0.00852	0.31821	0.43057	0.02291	0.01523	0.01474	0.01124	0.00597	0.00476	0.00153	0.00451	0.00481	0.00453	0.00749
24	0.01221	0.03798	0.49642	0.01219	0.01781	0.01205	0.01389	0.21817	0.08135	0.03788	0.01033	0.01106	0.00737	0.00498	0.00454	0.00147	0.00611	0.00385	0.00304	0.00729

[dist]
# distance from previous block
# <min> <max>
0	4

[block]
# block no. 1 follows, 54 sequences, length 59
# corresponding to MSA columns:
# 84-100,107-148
name=unknown_B
#
# <colnr> <probs for GDERKNQSTAVLIFYWHMCP>
#	G	D	E	R	K	N	Q	S	T	A	V	L	I	F	Y	W	H	M	C	P
0	0.01222	0.00848	0.01007	0.00738	0.01135	0.00683	0.00595	0.06008	0.01117	0.15501	0.01057	0.01122	0.00803	0.00410	0.00378	0.00089	0.00364	0.00327	0.03130	0.63468
1	0.01031	0.00978	0.01639	0.41823	0.39777	0.01086	0.01355	0.01365	0.03761	0.01391	0.00899	0.01232	0.00713	0.00453	0.00470	0.00149	0.00587	0.00424	0.00230	0.00637
2	0.01279	0.80828	0.02434	0.00817	0.01219	0.01852	0.00810	0.04126	0.01002	0.01175	0.00672	0.00770	0.00612	0.00409	0.00308	0.00102	0.00505	0.00258	0.00211	0.00612
3	0.02115	0.00802	0.01094	0.00839	0.01204	0.00693	0.00693	0.02298	0.01350	0.80815	0.01860	0.01605	0.01167	0.00584	0.00474	0.00146	0.00401	0.00474	0.00584	0.00802
4	0.00616	0.00493	0.00559	0.00580	0.00722	0.00436	0.00460	0.00769	0.01106	0.01373	0.12549	0.04605	0.54209	0.01194	0.00579	0.00171	0.00282	0.18441	0.00446	0.00411
5	0.01133	0.01085	0.01852	0.12705	0.70944	0.01111	0.01430	0.01417	0.01057	0.01499	0.00881	0.01178	0.00732	0.00426	0.00467	0.00142	0.00569	0.00420	0.00230	0.00719
6	0.02115	0.00802	0.01094	0.00839	0.01204	0.00693	0.00693	0.02298	0.01350	0.80815	0.01860	0.01605	0.01167	0.00584	0.00474	0.00146	0.00401	0.00474	0.00584	0.00802
7	0.00557	0.00478	0.00478	0.00478	0.00637	0.00398	0.00358	0.00677	0.01075	0.01274	0.04776	0.04538	0.80297	0.01194	0.00557	0.00159	0.00239	0.00995	0.00438	0.00398
8	0.00981	0.00931	0.01578	0.56205	0.28628	0.01071	0.01355	0.01284	0.00986	0.01315	0.00854	0.01227	0.00667	0.00455	0.00470	0.00152	0.00606	0.00419	0.00217	0.00597
9	0.01085	0.01036	0.01765	0.26519	0.57506	0.01099	0.01406	0.01375	0.01035	0.01441	0.00872	0.01194	0.00712	0.00435	0.00468	0.00145	0.00580	0.00420	0.00226	0.00680
10	0.00901	0.00848	0.01433	0.79378	0.06086	0.01050	0.01315	0.01214	0.00948	0.01217	0.00840	0.01254	0.00633	0.00470	0.00471	0.00157	0.00626	0.00419	0.00210	0.00532
11	0.00574	0.00410	0.00547	0.00657	0.00684	0.00383	0.00438	0.00657	0.00903	0.01204	0.02599	0.83122	0.03119	0.01477	0.00602	0.00191	0.00274	0.01340	0.00438	0.00383
12	0.03499	0.01439	0.01496	0.01220	0.01531	0.24226	0.15403	0.17380	0.20027	0.01833	0.04194	0.03393	0.01071	0.00564	0.00478	0.00145	0.00610	0.00476	0.00361	0.00653
13	0.01118	0.01265	0.02649	0.01909	0.02366	0.02719	0.72911	0.01539	0.04054	0.01515	0.01016	0.02795	0.00785	0.00428	0.00552	0.00159	0.00771	0.00565	0.00251	0.00634
14	0.01763	0.01466	0.01226	0.01032	0.01322	0.33168	0.00810	0.19035	0.01479	0.23966	0.01192	0.01242	0.00872	0.02128	0.06980	0.00189	0.00677	0.00401	0.00391	0.00661
15	0.01923	0.00761	0.01026	0.00801	0.01136	0.00658	0.00656	0.02105	0.01334	0.70610	0.07889	0.01907	0.05684	0.00645	0.00485	0.00147	0.00379	0.00531	0.00571	0.00754
16	0.81592	0.00924	0.00729	0.00642	0.00939	0.01063	0.00529	0.04200	0.00867	0.04107	0.00704	0.00800	0.00537	0.00446	0.00303	0.00146	0.00371	0.00267	0.00306	0.00528
17	0.01146	0.01099	0.01876	0.08985	0.74564	0.01115	0.01436	0.01428	0.01064	0.01515	0.00883	0.01174	0.00738	0.00424	0.00467	0.00141	0.00565	0.00420	0.00232	0.00730
18	0.01713	0.10187	0.01447	0.01175	0.01434	0.73771	0.00901	0.01837	0.01299	0.01150	0.00722	0.00841	0.00607	0.00478	0.00413	0.00119	0.00817	0.00299	0.00239	0.00552
19	0.00839	0.00765	0.00861	0.00834	0.00933	0.11546	0.00644	0.00991	0.00831	0.01098	0.01167	0.01721	0.01093	0.05867	0.63793	0.00634	0.05216	0.00480	0.00250	0.00438
20	0.01173	0.01062	0.01383	0.01181	0.03452	0.01172	0.14098	0.04762	0.60488	0.01904	0.01747	0.01683	0.02498	0.00599	0.00493	0.00159	0.00453	0.00538	0.00431	0.00724
21	0.00663	0.00512	0.00608	0.00579	0.00714	0.00473	0.00436	0.00918	0.05836	0.01704	0.52232	0.03734	0.27817	0.01016	0.00552	0.00152	0.00236	0.00878	0.00492	0.00448
22	0.00659	0.00499	0.00605	0.00576	0.00702	0.00460	0.00430	0.00890	0.04073	0.01716	0.56674	0.03699	0.23091	0.03126	0.00601	0.00159	0.00238	0.00872	0.00491	0.00440
23	0.00755	0.00546	0.00771	0.00901	0.02880	0.00544	0.00751	0.00963	0.01071	0.01398	0.02465	0.11295	0.02698	0.01295	0.00643	0.00213	0.00425	0.69518	0.00430	0.00438
24	0.00676	0.00506	0.00737	0.00739	0.00810	0.00582	0.00561	0.00823	0.00758	0.01084	0.01344	0.06327	0.01323	0.10886	0.68243	0.00689	0.02675	0.00565	0.00265	0.00408
25	0.01173	0.01013	0.01066	0.00960	0.01226	0.01173	0.00746	0.02505	0.79636	0.01972	0.01919	0.01759	0.01439	0.00640	0.00480	0.00160	0.00373	0.00533	0.00480	0.00746
26	0.00574	0.00410	0.00547	0.00657	0.00684	0.00383	0.00438	0.00657	0.00903	0.01204	0.02599	0.83122	0.03119	0.01477	0.00602	0.00191	0.00274	0.01340	0.00438	0.00383
27	0.01146	0.00990	0.01041	0.00939	0.01201	0.01140	0.00730	0.02427	0.76264	0.01942	0.02042	0.01878	0.04825	0.00663	0.00483	0.00160	0.00367	0.00553	0.00478	0.00731
28	0.00659	0.00482	0.00619	0.00585	0.00700	0.00442	0.00439	0.00875	0.01316	0.01847	0.74854	0.03595	0.09862	0.00980	0.00556	0.00149	0.00224	0.00863	0.00513	0.00442
29	0.00574	0.00410	0.00547	0.00657	0.00684	0.00383	0.00438	0.00657	0.00903	0.01204	0.02599	0.83122	0.03119	0.01477	0.00602	0.00191	0.00274	0.01340	0.00438	0.00383
30	0.00946	0.02439	0.80987	0.01344	0.02041	0.01095	0.01742	0.01493	0.00995	0.01493	0.00846	0.00995	0.00597	0.00448	0.00448	0.00149	0.00697	0.00348	0.00199	0.00697
31	0.01173	0.01013	0.01066	0.00960	0.01226	0.01173	0.00746	0.02505	0.79636	0.01972	0.01919	0.01759	0.01439	0.00640	0.00480	0.00160	0.00373	0.00533	0.00480	0.00746
32	0.00879	0.00439	0.00439	0.00439	0.00549	0.00439	0.00330	0.01099	0.00989	0.01758	0.01538	0.01758	0.01209	0.00549	0.00330	0.00110	0.00220	0.00439	0.86047	0.00439
33	0.00667	0.00482	0.00630	0.00593	0.00704	0.00445	0.00445	0.00890	0.01335	0.01891	0.80239	0.03522	0.04449	0.00964	0.00556	0.00148	0.00222	0.00853	0.00519	0.00445
34	0.01167	0.01120	0.01914	0.02894	0.80488	0.01120	0.01447	0.01447	0.01074	0.01540	0.00887	0.01167	0.00747	0.00420	0.00467	0.00140	0.00560	0.00420	0.00233	0.00747
35	0.01761	0.02247	0.01336	0.01215	0.01458	0.81537	0.00911	0.01883	0.01336	0.01154	0.00729	0.00850	0.00607	0.00486	0.00425	0.00121	0.00850	0.00304	0.00243	0.00547
36	0.00879	0.00439	0.00439	0.00439	0.00549	0.00439	0.00330	0.01099	0.00989	0.01758	0.01538	0.01758	0.01209	0.00549	0.00330	0.00110	0.00220	0.00439	0.86047	0.00439
37	0.79904	0.00967	0.00798	0.00693	0.00992	0.03184	0.03346	0.02808	0.00853	0.02084	0.00678	0.00793	0.00526	0.00440	0.00308	0.00146	0.00396	0.00270	0.00292	0.00521
38	0.01149	0.01102	0.01882	0.07944	0.75576	0.01116	0.01438	0.01432	0.01065	0.01519	0.00884	0.01173	0.00739	0.00423	0.00467	0.00141	0.00564	0.00420	0.00232	0.00733
39	0.01226	0.00951	0.01359	0.47466	0.09095	0.05321	0.01120	0.05149	0.02534	0.15278	0.01060	0.01290	0.00767	0.00492	0.00463	0.00147	0.00569	0.00420	0.01730	0.03562
40	0.00686	0.00457	0.00514	0.00514	0.00514	0.00457	0.00286	0.00686	0.00686	0.00914	0.01486	0.03086	0.01714	0.83430	0.02400	0.00457	0.00457	0.00686	0.00286	0.00286
41	0.01032	0.01032	0.01444	0.01238	0.01238	0.01444	0.01032	0.01135	0.00722	0.01135	0.00619	0.01032	0.00619	0.00825	0.01547	0.00206	0.82567	0.00413	0.00206	0.00516
42	0.01075	0.00642	0.00794	0.00692	0.00889	0.00609	0.00539	0.07958	0.04772	0.18477	0.41893	0.05995	0.11980	0.00882	0.00530	0.00151	0.00296	0.00757	0.00514	0.00556
43	0.00617	0.00474	0.00692	0.00742	0.00794	0.00454	0.04681	0.00719	0.00917	0.01231	0.03877	0.75206	0.02951	0.01393	0.00622	0.00189	0.02351	0.01266	0.00423	0.00401
44	0.01123	0.00599	0.00785	0.00679	0.00874	0.00547	0.00530	0.01374	0.04327	0.25796	0.52024	0.02894	0.04821	0.00841	0.00528	0.00148	0.00283	0.00729	0.00536	0.00564
45	0.01148	0.00534	0.00598	0.00539	0.00703	0.00514	0.00415	0.02928	0.01078	0.18222	0.01595	0.01760	0.01209	0.03459	0.00435	0.00130	0.00272	0.00455	0.63487	0.00517
46	0.01615	0.01649	0.01578	0.01274	0.01595	0.32751	0.12925	0.29939	0.05772	0.01915	0.00970	0.01073	0.00740	0.00522	0.00506	0.00140	0.03634	0.00403	0.00337	0.00663
47	0.01082	0.01034	0.01760	0.27275	0.56771	0.01098	0.01405	0.01373	0.01033	0.01437	0.00872	0.01195	0.00711	0.00436	0.00468	0.00145	0.00581	0.00420	0.00226	0.00678
48	0.01065	0.33323	0.51150	0.01140	0.01725	0.01388	0.01387	0.01462	0.00981	0.01347	0.00774	0.00905	0.00600	0.00431	0.00393	0.00131	0.00624	0.00312	0.00200	0.00662
49	0.00686	0.00457	0.00514	0.00514	0.00514	0.00457	0.00286	0.00686	0.00686	0.00914	0.01486	0.03086	0.01714	0.83430	0.02400	0.00457	0.00457	0.00686	0.00286	0.00286
50	0.00666	0.00507	0.00580	0.00550	0.00698	0.00451	0.00416	0.02790	0.01223	0.03090	0.37647	0.03951	0.43593	0.01066	0.00553	0.00154	0.00242	0.00908	0.00477	0.00436
51	0.04801	0.01295	0.02232	0.01646	0.02059	0.06989	0.51865	0.14762	0.02830	0.01756	0.01042	0.04559	0.00827	0.00483	0.00522	0.00154	0.00704	0.00535	0.00294	0.00644
52	0.01006	0.17983	0.65970	0.01241	0.01882	0.01242	0.01563	0.01478	0.00988	0.01420	0.00810	0.00950	0.00599	0.00439	0.00420	0.00140	0.00660	0.00330	0.00200	0.00679
53	0.00574	0.00410	0.00547	0.00657	0.00684	0.00383	0.00438	0.00657	0.00903	0.01204	0.02599	0.83122	0.03119	0.01477	0.00602	0.00191	0.00274	0.01340	0.00438	0.00383
54	0.00662	0.00482	0.00621	0.00588	0.00698	0.00446	0.00439	0.00870	0.01284	0.01804	0.71317	0.03525	0.08759	0.03549	0.02740	0.00174	0.00258	0.00847	0.00500	0.00437
55	0.01166	0.01124	0.01936	0.02871	0.78486	0.01122	0.03432	0.01449	0.01075	0.01540	0.00889	0.01170	0.00746	0.00420	0.00469	0.00141	0.00566	0.00424	0.00234	0.00744
56	0.00579	0.00415	0.00551	0.00658	0.00690	0.00387	0.00444	0.00665	0.00911	0.01210	0.02643	0.79544	0.04767	0.01467	0.00602	0.00191	0.00277	0.03178	0.00438	0.00385
57	0.00558	0.00475	0.00480	0.00484	0.00639	0.00397	0.00361	0.00676	0.01068	0.01271	0.04693	0.07541	0.77347	0.01205	0.00559	0.00160	0.00240	0.01008	0.00438	0.00397
58	0.79209	0.00939	0.00757	0.02121	0.00993	0.01086	0.00552	0.06864	0.00905	0.02160	0.00693	0.00801	0.00533	0.00447	0.00308	0.00146	0.00380	0.00270	0.00303	0.00531

[dist]
# distance from previous block
# <min> <max>
0	12

[block]
# block no. 2 follows, 54 sequences, length 71
# corresponding to MSA columns:
# 161-185,188-220,222-227,233-239
name=unknown_C
#
# <colnr> <probs for GDERKNQSTAVLIFYWHMCP>
#	G	D	E	R	K	N	Q	S	T	A	V	L	I	F	Y	W	H	M	C	P
0	0.00978	0.00838	0.00978	0.00698	0.01117	0.00629	0.00559	0.01187	0.00978	0.01536	0.00838	0.00978	0.00698	0.00349	0.00349	0.00070	0.00349	0.00279	0.00279	0.86312
1	0.01167	0.01120	0.01914	0.02894	0.80488	0.01120	0.01447	0.01447	0.01074	0.01540	0.00887	0.01167	0.00747	0.00420	0.00467	0.00140	0.00560	0.00420	0.00233	0.00747
2	0.01701	0.02149	0.01321	0.01201	0.01430	0.76196	0.00905	0.01824	0.01297	0.01151	0.00743	0.00889	0.00626	0.00597	0.03109	0.00145	0.03619	0.00314	0.00242	0.00541
3	0.04662	0.55943	0.25955	0.00960	0.01447	0.01601	0.01075	0.01435	0.00963	0.01266	0.00713	0.00828	0.00599	0.00418	0.00346	0.00117	0.00556	0.00281	0.00205	0.00629
4	0.00978	0.00838	0.00978	0.00698	0.01117	0.00629	0.00559	0.01187	0.00978	0.01536	0.00838	0.00978	0.00698	0.00349	0.00349	0.00070	0.00349	0.00279	0.00279	0.86312
5	0.00978	0.00838	0.00978	0.00698	0.01117	0.00629	0.00559	0.01187	0.00978	0.01536	0.00838	0.00978	0.00698	0.00349	0.00349	0.00070	0.00349	0.00279	0.00279	0.86312
6	0.01244	0.00893	0.00994	0.00881	0.01145	0.00969	0.00693	0.02182	0.53018	0.15206	0.03726	0.03711	0.07576	0.00717	0.00493	0.00159	0.00365	0.03525	0.00489	0.02014
7	0.01484	0.00847	0.08573	0.00787	0.01101	0.00639	0.00696	0.01702	0.01277	0.45579	0.19562	0.02344	0.11870	0.00733	0.00500	0.00148	0.00369	0.00612	0.00514	0.00662
8	0.00665	0.00482	0.00630	0.00614	0.00722	0.00447	0.00466	0.00875	0.01280	0.01790	0.66892	0.08679	0.06754	0.01030	0.00566	0.00157	0.00242	0.06765	0.00505	0.00439
9	0.01113	0.01272	0.02782	0.01987	0.02464	0.01192	0.78776	0.01510	0.01113	0.01510	0.00954	0.01272	0.00715	0.00397	0.00556	0.00159	0.00795	0.00556	0.00238	0.00636
10	0.00981	0.08802	0.69871	0.01342	0.02001	0.01162	0.06493	0.01488	0.01000	0.01464	0.00838	0.00994	0.00605	0.00441	0.00443	0.00146	0.00688	0.00354	0.00202	0.00686
11	0.01167	0.01120	0.01914	0.02894	0.80488	0.01120	0.01447	0.01447	0.01074	0.01540	0.00887	0.01167	0.00747	0.00420	0.00467	0.00140	0.00560	0.00420	0.00233	0.00747
12	0.00660	0.00482	0.00621	0.00586	0.00700	0.00442	0.00439	0.00876	0.01318	0.01852	0.75513	0.03586	0.09199	0.00978	0.00556	0.00149	0.00223	0.00862	0.00514	0.00442
13	0.00574	0.00410	0.00547	0.00657	0.00684	0.00383	0.00438	0.00657	0.00903	0.01204	0.02599	0.83122	0.03119	0.01477	0.00602	0.00191	0.00274	0.01340	0.00438	0.00383
14	0.01788	0.01452	0.01404	0.01103	0.01462	0.12804	0.00898	0.68005	0.02092	0.02714	0.01075	0.01092	0.00774	0.00555	0.00465	0.00139	0.00566	0.00407	0.00439	0.00766
15	0.00581	0.00415	0.00554	0.00664	0.00694	0.00388	0.00448	0.00667	0.00909	0.01211	0.02595	0.80535	0.03105	0.01471	0.00603	0.00192	0.00279	0.03866	0.00438	0.00385
16	0.00557	0.00478	0.00478	0.00478	0.00637	0.00398	0.00358	0.00677	0.01075	0.01274	0.04776	0.04538	0.80297	0.01194	0.00557	0.00159	0.00239	0.00995	0.00438	0.00398
17	0.01113	0.01272	0.02782	0.01987	0.02464	0.01192	0.78776	0.01510	0.01113	0.01510	0.00954	0.01272	0.00715	0.00397	0.00556	0.00159	0.00795	0.00556	0.00238	0.00636
18	0.01218	0.00865	0.00925	0.00791	0.01039	0.00927	0.00626	0.22630	0.23019	0.06569	0.03668	0.02099	0.15028	0.00701	0.00462	0.00144	0.00357	0.00568	0.17727	0.00636
19	0.00814	0.00410	0.00613	0.00615	0.00616	0.00409	0.00410	0.00615	0.00620	0.00826	0.00853	0.03002	0.00863	0.01635	0.01819	0.84629	0.00407	0.00427	0.00209	0.00208
20	0.02013	0.00815	0.01086	0.00842	0.01193	0.00727	0.00692	0.05072	0.03984	0.72097	0.05040	0.01671	0.01297	0.00600	0.00478	0.00146	0.00397	0.00490	0.00573	0.00786
21	0.01264	0.70036	0.10351	0.00880	0.01311	0.01761	0.00907	0.06545	0.01045	0.01271	0.00706	0.00805	0.00617	0.00419	0.00328	0.00108	0.00525	0.00273	0.00219	0.00627
22	0.01778	0.00863	0.01075	0.00872	0.01200	0.00842	0.00705	0.02333	0.26638	0.53549	0.03664	0.01698	0.01330	0.00610	0.00478	0.00150	0.00388	0.00502	0.00549	0.00776
23	0.00686	0.00457	0.00514	0.00514	0.00514	0.00457	0.00286	0.00686	0.00686	0.00914	0.01486	0.03086	0.01714	0.83430	0.02400	0.00457	0.00457	0.00686	0.00286	0.00286
24	0.01121	0.01029	0.01735	0.33146	0.27011	0.03347	0.12757	0.01413	0.01039	0.06641	0.00938	0.01242	0.00723	0.00468	0.00523	0.00152	0.03967	0.00440	0.01681	0.00628
25	0.02917	0.04085	0.01429	0.01188	0.01390	0.35990	0.04099	0.08987	0.04908	0.03668	0.00839	0.01024	0.00697	0.00647	0.02115	0.00163	0.24627	0.00374	0.00275	0.00581
26	0.01098	0.03595	0.02639	0.01897	0.03752	0.01195	0.69938	0.01467	0.01092	0.01479	0.01048	0.01346	0.03125	0.00438	0.00583	0.00159	0.03728	0.00553	0.00242	0.00625
27	0.01039	0.00877	0.01115	0.00802	0.01221	0.00691	0.06007	0.02414	0.02252	0.04123	0.00900	0.01033	0.00728	0.00368	0.00371	0.00081	0.00385	0.00311	0.00292	0.74990
28	0.01122	0.35471	0.26088	0.01092	0.01478	0.03942	0.01152	0.01380	0.00921	0.01234	0.00706	0.00902	0.00606	0.00527	0.00667	0.00143	0.21433	0.00324	0.00203	0.00609
29	0.00769	0.00578	0.00707	0.00757	0.00857	0.00598	0.00555	0.01166	0.19607	0.02760	0.02391	0.50721	0.02608	0.02751	0.00610	0.00191	0.00324	0.11122	0.00447	0.00481
30	0.01387	0.01520	0.04267	0.01540	0.07023	0.24580	0.29252	0.13746	0.01338	0.03079	0.01088	0.05452	0.02434	0.00529	0.00496	0.00145	0.00703	0.00495	0.00296	0.00630
31	0.86760	0.00912	0.00693	0.00620	0.00912	0.01058	0.00511	0.01386	0.00802	0.02115	0.00657	0.00766	0.00511	0.00438	0.00292	0.00146	0.00365	0.00255	0.00292	0.00511
32	0.00667	0.00482	0.00630	0.00593	0.00704	0.00445	0.00445	0.00890	0.01335	0.01891	0.80239	0.03522	0.04449	0.00964	0.00556	0.00148	0.00222	0.00853	0.00519	0.00445
33	0.05688	0.00693	0.00743	0.00690	0.00843	0.05376	0.00525	0.01220	0.13338	0.01839	0.55417	0.02910	0.04855	0.00931	0.02743	0.00165	0.00320	0.00730	0.00475	0.00499
34	0.01146	0.01296	0.07596	0.03504	0.02191	0.03400	0.56679	0.05779	0.02661	0.03394	0.03308	0.03566	0.00911	0.00471	0.00534	0.00156	0.00715	0.00551	0.01509	0.00635
35	0.00667	0.00490	0.00631	0.00617	0.00734	0.00453	0.00478	0.00878	0.01272	0.01757	0.61297	0.03878	0.12706	0.01035	0.00569	0.00159	0.00253	0.11190	0.00498	0.00438
36	0.00674	0.00502	0.00743	0.00743	0.00821	0.00581	0.00570	0.00832	0.00753	0.01083	0.01277	0.01930	0.01212	0.08540	0.76603	0.00739	0.01212	0.00516	0.00255	0.00413
37	0.01206	0.01325	0.02066	0.03839	0.04237	0.14595	0.43359	0.04803	0.06231	0.01509	0.01203	0.01579	0.03746	0.00533	0.00555	0.00156	0.03021	0.05145	0.00282	0.00611
38	0.01011	0.19297	0.64701	0.01232	0.01868	0.01255	0.01548	0.01476	0.00988	0.01414	0.00807	0.00946	0.00599	0.00439	0.00418	0.00139	0.00657	0.00328	0.00200	0.00678
39	0.00574	0.00410	0.00547	0.00657	0.00684	0.00383	0.00438	0.00657	0.00903	0.01204	0.02599	0.83122	0.03119	0.01477	0.00602	0.00191	0.00274	0.01340	0.00438	0.00383
40	0.01040	0.00979	0.01647	0.18430	0.55408	0.01017	0.01295	0.01303	0.01031	0.01434	0.01135	0.09355	0.02769	0.00552	0.00483	0.00149	0.00538	0.00524	0.00253	0.00659
41	0.01482	0.01252	0.01289	0.01060	0.01351	0.22526	0.10427	0.08585	0.09162	0.19565	0.07654	0.03693	0.08552	0.00645	0.00489	0.00144	0.00547	0.00538	0.00407	0.00633
42	0.01161	0.01114	0.01903	0.04650	0.78781	0.01119	0.01444	0.01442	0.01071	0.01533	0.00886	0.01169	0.00744	0.00421	0.00467	0.00140	0.00562	0.00420	0.00233	0.00742
43	0.86760	0.00912	0.00693	0.00620	0.00912	0.01058	0.00511	0.01386	0.00802	0.02115	0.00657	0.00766	0.00511	0.00438	0.00292	0.00146	0.00365	0.00255	0.00292	0.00511
44	0.00571	0.00475	0.00499	0.00505	0.00651	0.00403	0.00377	0.00698	0.01085	0.01322	0.10799	0.09389	0.67940	0.01195	0.00562	0.00161	0.00243	0.02279	0.00444	0.00402
45	0.00978	0.02213	0.65838	0.01469	0.02123	0.01114	0.16664	0.01497	0.01018	0.01497	0.00867	0.01049	0.00620	0.00438	0.00469	0.00151	0.00716	0.00389	0.00207	0.00685
46	0.00686	0.00457	0.00514	0.00514	0.00514	0.00457	0.00286	0.00686	0.00686	0.00914	0.01486	0.03086	0.01714	0.83430	0.02400	0.00457	0.00457	0.00686	0.00286	0.00286
47	0.00978	0.00838	0.00978	0.00698	0.01117	0.00629	0.00559	0.01187	0.00978	0.01536	0.00838	0.00978	0.00698	0.00349	0.00349	0.00070	0.00349	0.00279	0.00279	0.86312
48	0.01020	0.00689	0.01019	0.00942	0.01152	0.00652	0.07798	0.03756	0.01168	0.12217	0.07005	0.03860	0.02213	0.01003	0.00583	0.00184	0.00445	0.46616	0.00431	0.07247
49	0.01250	0.00970	0.01038	0.00917	0.01188	0.02340	0.00717	0.02334	0.62760	0.10978	0.04608	0.01863	0.04055	0.00655	0.00481	0.00156	0.00374	0.00544	0.00484	0.02289
50	0.01286	0.79562	0.02413	0.00828	0.01223	0.05926	0.00812	0.01436	0.00977	0.01112	0.00659	0.00761	0.00605	0.00408	0.00309	0.00102	0.00522	0.00255	0.00204	0.00602
51	0.00735	0.00480	0.00623	0.00668	0.00758	0.00433	0.00469	0.00838	0.00953	0.07667	0.02501	0.61994	0.06785	0.03623	0.00625	0.00186	0.00298	0.03813	0.00435	0.06117
52	0.01202	0.68508	0.17160	0.00907	0.01366	0.01721	0.00982	0.01427	0.00965	0.01181	0.00691	0.00801	0.00604	0.00412	0.00330	0.00110	0.00540	0.00270	0.00201	0.00622
53	0.01878	0.01113	0.01196	0.00959	0.01290	0.10980	0.00777	0.17404	0.09320	0.45007	0.01541	0.01414	0.01034	0.00581	0.00503	0.00145	0.03157	0.00447	0.00496	0.00756
54	0.00785	0.00573	0.00760	0.00836	0.00950	0.00582	0.00698	0.03558	0.06020	0.01478	0.05055	0.18069	0.02698	0.01255	0.00623	0.00204	0.00399	0.54559	0.00442	0.00457
55	0.02019	0.00781	0.01063	0.00823	0.01171	0.00677	0.00677	0.02204	0.01349	0.75579	0.07060	0.01732	0.01385	0.00609	0.00480	0.00146	0.00389	0.00499	0.00579	0.00779
56	0.00952	0.00811	0.00951	0.00696	0.01090	0.00613	0.00551	0.01154	0.00973	0.01516	0.00948	0.06123	0.00850	0.00420	0.00365	0.00077	0.00344	0.00346	0.00289	0.80930
57	0.00557	0.00478	0.00478	0.00478	0.00637	0.00398	0.00358	0.00677	0.01075	0.01274	0.04776	0.04538	0.80297	0.01194	0.00557	0.00159	0.00239	0.00995	0.00438	0.00398
58	0.00738	0.00636	0.00834	0.00784	0.00850	0.00751	0.00607	0.00848	0.00838	0.01144	0.02172	0.09305	0.22786	0.10763	0.20995	0.00356	0.24159	0.00702	0.00309	0.00424
59	0.01173	0.01013	0.01066	0.00960	0.01226	0.01173	0.00746	0.02505	0.79636	0.01972	0.01919	0.01759	0.01439	0.00640	0.00480	0.00160	0.00373	0.00533	0.00480	0.00746
60	0.00978	0.00838	0.00978	0.00698	0.01117	0.00629	0.00559	0.01187	0.00978	0.01536	0.00838	0.00978	0.00698	0.00349	0.00349	0.00070	0.00349	0.00279	0.00279	0.86312
61	0.01071	0.01468	0.19611	0.05498	0.15704	0.01168	0.40527	0.01459	0.01049	0.01475	0.00893	0.01178	0.00685	0.00442	0.00574	0.00156	0.05687	0.00473	0.00226	0.00656
62	0.00972	0.00912	0.01536	0.51285	0.28311	0.01040	0.01320	0.01270	0.00994	0.01327	0.00958	0.01482	0.00798	0.00507	0.00481	0.00155	0.00594	0.05236	0.00231	0.00591
63	0.01679	0.01250	0.01365	0.01092	0.02880	0.01386	0.00879	0.68630	0.06112	0.02776	0.01176	0.01210	0.00857	0.00753	0.05551	0.00181	0.00559	0.00435	0.00454	0.00774
64	0.00816	0.00564	0.00775	0.00730	0.03224	0.00531	0.02351	0.03211	0.01332	0.06823	0.66657	0.03164	0.03850	0.00970	0.02767	0.00165	0.00294	0.00787	0.00499	0.00490
65	0.01151	0.06196	0.11361	0.00958	0.05729	0.03157	0.00811	0.03570	0.05490	0.09204	0.03641	0.01216	0.02039	0.00450	0.00400	0.00106	0.00435	0.00361	0.00317	0.43408
66	0.01099	0.14502	0.38297	0.01079	0.01572	0.01161	0.01193	0.07215	0.11918	0.03846	0.03481	0.03532	0.00952	0.00576	0.01941	0.00150	0.00562	0.00410	0.00292	0.06221
67	0.09715	0.05466	0.17922	0.00945	0.01340	0.00957	0.03749	0.09726	0.06293	0.13099	0.07154	0.04332	0.03422	0.00583	0.00444	0.00138	0.00461	0.01689	0.00365	0.12201
68	0.03411	0.02569	0.16958	0.02436	0.01286	0.02651	0.00855	0.09990	0.06020	0.06283	0.14602	0.05213	0.05598	0.00642	0.00490	0.00136	0.02758	0.00521	0.00365	0.17217
69	0.03153	0.04487	0.12622	0.02324	0.03671	0.00946	0.13745	0.06261	0.07030	0.07929	0.09126	0.01401	0.01160	0.00495	0.00447	0.00127	0.00492	0.00441	0.00331	0.23809
70	0.03476	0.00890	0.03038	0.05358	0.01314	0.04207	0.10710	0.04452	0.02384	0.10814	0.21002	0.04359	0.08385	0.00689	0.00537	0.00142	0.04112	0.00594	0.00387	0.13150

[dist]
# distance from previous block
# <min> <max>
9	45

[block]
# block no. 3 follows, 54 sequences, length 21
# corresponding to MSA columns:
# 286-306
name=unknown_D
#
# <colnr> <probs for GDERKNQSTAVLIFYWHMCP>
#	G	D	E	R	K	N	Q	S	T	A	V	L	I	F	Y	W	H	M	C	P
0	0.11863	0.03971	0.06340	0.04059	0.01277	0.08885	0.01666	0.10089	0.15435	0.05401	0.04535	0.06853	0.05588	0.00647	0.00467	0.00144	0.01811	0.02177	0.00368	0.08422
1	0.19950	0.01066	0.01472	0.01140	0.01464	0.04792	0.22554	0.10246	0.03893	0.06488	0.06076	0.01484	0.06192	0.00559	0.00524	0.00149	0.05525	0.00480	0.00336	0.05610
2	0.08984	0.03771	0.01096	0.00842	0.01161	0.01964	0.03661	0.11595	0.15218	0.04547	0.07925	0.07002	0.01323	0.00581	0.00430	0.00125	0.00392	0.00480	0.00378	0.28527
3	0.12477	0.00936	0.06557	0.04599	0.01157	0.02704	0.00709	0.08984	0.14704	0.04008	0.17351	0.05489	0.11989	0.00755	0.00505	0.00153	0.02380	0.01575	0.00408	0.02560
4	0.04057	0.02753	0.01478	0.06744	0.01572	0.01002	0.19579	0.09923	0.11614	0.06242	0.04466	0.02662	0.07378	0.02002	0.01519	0.00160	0.03849	0.02393	0.00352	0.10255
5	0.00652	0.00519	0.00606	0.00682	0.00742	0.04180	0.00470	0.00749	0.00948	0.01243	0.05138	0.70102	0.04611	0.01360	0.00582	0.00182	0.00304	0.02772	0.00425	0.03731
6	0.01514	0.01303	0.01285	0.04899	0.04197	0.13292	0.00877	0.31261	0.29508	0.04869	0.01354	0.01336	0.01002	0.00571	0.00467	0.00146	0.00519	0.00446	0.00424	0.00729
7	0.03457	0.11355	0.24044	0.01096	0.01570	0.01064	0.10379	0.05418	0.01066	0.05212	0.00906	0.01088	0.00709	0.00445	0.00455	0.00123	0.03503	0.01478	0.00266	0.26367
8	0.01188	0.17352	0.31423	0.01337	0.01848	0.04240	0.19076	0.11742	0.01183	0.01600	0.00863	0.01027	0.00656	0.00453	0.00473	0.00140	0.02668	0.00387	0.00248	0.02098
9	0.01095	0.01240	0.02675	0.01925	0.02373	0.01179	0.73940	0.01474	0.01094	0.01489	0.00987	0.03494	0.00778	0.00442	0.00592	0.00162	0.03621	0.00573	0.00243	0.00625
10	0.02078	0.00601	0.00771	0.09874	0.01115	0.00619	0.00638	0.02883	0.08764	0.03480	0.08381	0.24771	0.16002	0.01098	0.00563	0.00178	0.00357	0.16926	0.00424	0.00475
11	0.06180	0.01016	0.01102	0.00901	0.01218	0.07878	0.00723	0.12890	0.13814	0.41440	0.03541	0.04666	0.01232	0.00618	0.00468	0.00147	0.00441	0.00493	0.00500	0.00731
12	0.01167	0.01120	0.01914	0.02894	0.80488	0.01120	0.01447	0.01447	0.01074	0.01540	0.00887	0.01167	0.00747	0.00420	0.00467	0.00140	0.00560	0.00420	0.00233	0.00747
13	0.00574	0.00413	0.00545	0.00651	0.00682	0.00383	0.00435	0.00657	0.00908	0.01206	0.02670	0.80562	0.05633	0.01468	0.00600	0.00190	0.00272	0.01329	0.00438	0.00383
14	0.01038	0.01135	0.03838	0.32379	0.04227	0.04869	0.34793	0.01368	0.01031	0.01352	0.00932	0.01371	0.00742	0.00490	0.00576	0.00161	0.05619	0.03270	0.00232	0.00578
15	0.06916	0.01287	0.06583	0.01100	0.04154	0.01290	0.00918	0.55292	0.01885	0.14102	0.01182	0.01171	0.00822	0.00548	0.00459	0.00143	0.00506	0.00416	0.00451	0.00775
16	0.01045	0.28160	0.56139	0.01174	0.01778	0.01339	0.01446	0.01467	0.00984	0.01372	0.00786	0.00920	0.00600	0.00434	0.00402	0.00134	0.00636	0.00318	0.00200	0.00668
17	0.00581	0.00415	0.00553	0.00652	0.00685	0.00387	0.00438	0.00672	0.00931	0.01249	0.07713	0.77878	0.03206	0.01443	0.00599	0.00189	0.00270	0.01308	0.00443	0.00387
18	0.02983	0.51001	0.21302	0.03917	0.01494	0.01561	0.01047	0.06159	0.01055	0.04527	0.00785	0.00889	0.00637	0.00434	0.00361	0.00120	0.00549	0.00301	0.00235	0.00642
19	0.00646	0.00495	0.00591	0.00576	0.00698	0.00454	0.00426	0.00863	0.04244	0.01625	0.45822	0.10405	0.27225	0.03088	0.00603	0.00163	0.00243	0.00920	0.00480	0.00433
20	0.00659	0.00475	0.00623	0.00599	0.00702	0.00439	0.00444	0.00868	0.01294	0.01827	0.73003	0.10941	0.04325	0.01012	0.00560	0.00152	0.00227	0.00898	0.00511	0.00439

[dist]
# distance from previous block
# <min> <max>
0	1

[block]
# block no. 4 follows, 54 sequences, length 18
# corresponding to MSA columns:
# 308-325
name=unknown_E
#
# <colnr> <probs for GDERKNQSTAVLIFYWHMCP>
#	G	D	E	R	K	N	Q	S	T	A	V	L	I	F	Y	W	H	M	C	P
0	0.03878	0.01397	0.13937	0.02984	0.02054	0.02397	0.42481	0.07858	0.06450	0.03617	0.00998	0.01219	0.00748	0.00478	0.00595	0.00159	0.07338	0.00484	0.00275	0.00653
1	0.41751	0.00960	0.01978	0.05608	0.01165	0.04551	0.00674	0.09570	0.04778	0.06532	0.03119	0.01531	0.03459	0.00593	0.00425	0.00152	0.02472	0.06530	0.03590	0.00560
2	0.01763	0.02192	0.01341	0.01207	0.01458	0.76781	0.00910	0.06458	0.01388	0.01262	0.00753	0.00867	0.00619	0.00491	0.00428	0.00123	0.00831	0.00311	0.00257	0.00562
3	0.00743	0.00535	0.00738	0.00841	0.00949	0.00530	0.00728	0.00950	0.01079	0.01397	0.02617	0.07976	0.06715	0.01303	0.00645	0.00213	0.00419	0.70758	0.00434	0.00431
4	0.01294	0.01060	0.01260	0.29652	0.01971	0.07586	0.00971	0.14982	0.19469	0.09298	0.03486	0.01419	0.01013	0.00562	0.00496	0.00151	0.02521	0.00455	0.01705	0.00648
5	0.00645	0.00481	0.00599	0.00570	0.00691	0.00435	0.00427	0.00847	0.01282	0.01766	0.64947	0.03728	0.19819	0.01011	0.00556	0.00151	0.00226	0.00882	0.00503	0.00435
6	0.00620	0.00437	0.00570	0.00659	0.00692	0.00418	0.00453	0.00705	0.00887	0.01178	0.02378	0.57646	0.02802	0.16720	0.00943	0.00244	0.00330	0.11536	0.00409	0.00372
7	0.28138	0.01302	0.01144	0.00938	0.01264	0.15316	0.00758	0.33279	0.01532	0.10614	0.00991	0.01019	0.00716	0.00514	0.00408	0.00140	0.00517	0.00356	0.00388	0.00667
8	0.00998	0.15971	0.67914	0.01254	0.01902	0.01223	0.01586	0.01480	0.00989	0.01429	0.00814	0.00956	0.00599	0.00441	0.00424	0.00141	0.00665	0.00332	0.00200	0.00682
9	0.00753	0.00540	0.00750	0.00854	0.00965	0.00538	0.00745	0.00966	0.01085	0.01406	0.02579	0.05290	0.05506	0.01299	0.00648	0.00215	0.00427	0.74568	0.00434	0.00433
10	0.00573	0.00414	0.00543	0.00646	0.00681	0.00384	0.00433	0.00658	0.00913	0.01208	0.02730	0.78372	0.07783	0.01460	0.00599	0.00190	0.00271	0.01320	0.00438	0.00384
11	0.04355	0.01206	0.01259	0.01036	0.01343	0.14556	0.05490	0.13633	0.21885	0.23116	0.01434	0.01391	0.01027	0.00619	0.01850	0.00157	0.02783	0.00450	0.01705	0.00706
12	0.01034	0.01602	0.42662	0.01100	0.01536	0.00936	0.01225	0.01427	0.03137	0.11183	0.05755	0.01441	0.01045	0.03319	0.13878	0.00262	0.07108	0.00439	0.00285	0.00626
13	0.00687	0.00468	0.00620	0.00679	0.00728	0.00462	0.00477	0.00782	0.00904	0.04203	0.04874	0.51320	0.02659	0.14058	0.05707	0.00265	0.02506	0.07798	0.00405	0.00396
14	0.01207	0.01055	0.01332	0.01467	0.21743	0.02915	0.03501	0.11141	0.37274	0.01916	0.04871	0.01645	0.03413	0.00588	0.00476	0.00149	0.00448	0.00509	0.03638	0.00711
15	0.01379	0.02687	0.05989	0.00903	0.01299	0.10192	0.00766	0.17810	0.03252	0.10941	0.01029	0.01084	0.00774	0.00452	0.00406	0.00107	0.00473	0.00345	0.00349	0.39762
16	0.36535	0.01066	0.01240	0.03873	0.01387	0.05401	0.14075	0.07772	0.08691	0.01890	0.00944	0.02822	0.00750	0.00476	0.00398	0.00140	0.00484	0.00383	0.00312	0.11362
17	0.05711	0.15485	0.05391	0.04207	0.06170	0.08369	0.16798	0.01469	0.07103	0.01460	0.00992	0.03269	0.00830	0.01914	0.00477	0.00135	0.02119	0.00415	0.05448	0.12238

[dist]
# distance from previous block
# <min> <max>
3	17

[block]
# block no. 5 follows, 54 sequences, length 29
# corresponding to MSA columns:
# 344-372
name=unknown_F
#
# <colnr> <probs for GDERKNQSTAVLIFYWHMCP>
#	G	D	E	R	K	N	Q	S	T	A	V	L	I	F	Y	W	H	M	C	P
0	0.01585	0.22393	0.08522	0.00984	0.01380	0.01308	0.03125	0.27847	0.03577	0.20174	0.01180	0.01217	0.00862	0.03193	0.00492	0.00144	0.00506	0.00400	0.00392	0.00719
1	0.01195	0.66863	0.18749	0.00918	0.01382	0.01706	0.01001	0.01429	0.00966	0.01189	0.00695	0.00806	0.00603	0.00413	0.00333	0.00111	0.00544	0.00272	0.00201	0.00624
2	0.00614	0.00466	0.00608	0.00658	0.00728	0.00461	0.00476	0.00732	0.00929	0.01234	0.06784	0.42021	0.17508	0.02943	0.16576	0.00300	0.02378	0.03787	0.00398	0.00400
3	0.01088	0.07133	0.55033	0.01478	0.08883	0.01126	0.09734	0.01545	0.01038	0.07263	0.00923	0.01069	0.00665	0.00447	0.00454	0.00146	0.00662	0.00380	0.00234	0.00697
4	0.00574	0.00410	0.00547	0.00657	0.00684	0.00383	0.00438	0.00657	0.00903	0.01204	0.02599	0.83122	0.03119	0.01477	0.00602	0.00191	0.00274	0.01340	0.00438	0.00383
5	0.00588	0.00422	0.00548	0.00640	0.00677	0.00394	0.00430	0.00673	0.00912	0.01209	0.04455	0.69280	0.07519	0.07133	0.00724	0.00208	0.00287	0.03093	0.00429	0.00380
6	0.01252	0.03578	0.03287	0.01322	0.03341	0.19363	0.20678	0.02834	0.25242	0.01539	0.01374	0.01463	0.05249	0.00571	0.00565	0.00152	0.06746	0.00488	0.00323	0.00633
7	0.01005	0.16856	0.61382	0.01267	0.01887	0.01224	0.05155	0.01467	0.00996	0.01423	0.00857	0.01069	0.00655	0.00458	0.00432	0.00143	0.00661	0.02185	0.00207	0.00671
8	0.00574	0.00410	0.00547	0.00657	0.00684	0.00383	0.00438	0.00657	0.00903	0.01204	0.02599	0.83122	0.03119	0.01477	0.00602	0.00191	0.00274	0.01340	0.00438	0.00383
9	0.01219	0.00938	0.01170	0.04213	0.01232	0.05726	0.00832	0.03977	0.08960	0.15620	0.05065	0.01482	0.01097	0.01220	0.15572	0.00279	0.30012	0.00469	0.00336	0.00581
10	0.03387	0.10407	0.05359	0.00987	0.01336	0.05933	0.03341	0.22060	0.08618	0.24806	0.03845	0.03628	0.01089	0.00585	0.00481	0.00143	0.02393	0.00458	0.00430	0.00713
11	0.01112	0.00950	0.01014	0.00916	0.01164	0.01086	0.00710	0.02313	0.70299	0.01963	0.11259	0.01969	0.01798	0.00678	0.00489	0.00159	0.00355	0.00571	0.00484	0.00710
12	0.00820	0.00437	0.00469	0.00492	0.00587	0.00432	0.00362	0.01015	0.00976	0.01647	0.01760	0.16621	0.01601	0.00741	0.00389	0.00128	0.00236	0.02966	0.67892	0.00429
13	0.01078	0.01034	0.01753	0.21416	0.37804	0.01117	0.10196	0.03867	0.02800	0.01495	0.04929	0.01321	0.00909	0.00502	0.00577	0.00153	0.07688	0.00460	0.00254	0.00647
14	0.01619	0.02671	0.22903	0.01083	0.04592	0.00939	0.01027	0.13396	0.01352	0.39011	0.03169	0.03844	0.01063	0.00570	0.00469	0.00147	0.00499	0.00461	0.00436	0.00748
15	0.00760	0.00543	0.00760	0.00868	0.00977	0.00543	0.00760	0.00977	0.01085	0.01411	0.02496	0.05319	0.02714	0.01303	0.00651	0.00217	0.00434	0.77315	0.00434	0.00434
16	0.01113	0.01272	0.02782	0.01987	0.02464	0.01192	0.78776	0.01510	0.01113	0.01510	0.00954	0.01272	0.00715	0.00397	0.00556	0.00159	0.00795	0.00556	0.00238	0.00636
17	0.05260	0.03356	0.34511	0.01279	0.03936	0.01160	0.09804	0.13896	0.11443	0.06839	0.02104	0.01207	0.00838	0.00505	0.00477	0.00150	0.01796	0.00418	0.00317	0.00705
18	0.00890	0.00838	0.01414	0.82296	0.03247	0.01048	0.01309	0.01205	0.00943	0.01205	0.00838	0.01257	0.00629	0.00471	0.00471	0.00157	0.00629	0.00419	0.00210	0.00524
19	0.00602	0.00456	0.00555	0.00581	0.00677	0.00409	0.00416	0.00744	0.01105	0.01465	0.30365	0.31760	0.26726	0.01213	0.00572	0.00167	0.00245	0.01067	0.00466	0.00409
20	0.00863	0.00527	0.00697	0.00637	0.00781	0.00482	0.00490	0.01080	0.01327	0.12350	0.66765	0.03338	0.03945	0.00927	0.00549	0.00151	0.00255	0.03821	0.00524	0.00492
21	0.01079	0.34724	0.45950	0.01161	0.01731	0.01406	0.05106	0.01462	0.00986	0.01341	0.00776	0.00914	0.00606	0.00428	0.00395	0.00131	0.00625	0.00320	0.00202	0.00657
22	0.00574	0.00410	0.00547	0.00657	0.00684	0.00383	0.00438	0.00657	0.00903	0.01204	0.02599	0.83122	0.03119	0.01477	0.00602	0.00191	0.00274	0.01340	0.00438	0.00383
23	0.00572	0.00476	0.00499	0.00497	0.00647	0.00404	0.00371	0.00703	0.01103	0.01351	0.14369	0.06450	0.68592	0.01172	0.00558	0.00159	0.00238	0.00986	0.00448	0.00404
24	0.49126	0.01057	0.00971	0.00799	0.01124	0.03550	0.00657	0.23921	0.01295	0.12117	0.00946	0.00979	0.00679	0.00494	0.00370	0.00144	0.00428	0.00333	0.00379	0.00632
25	0.01060	0.01021	0.01767	0.32836	0.47528	0.01096	0.05153	0.01359	0.01026	0.01412	0.00872	0.01206	0.00701	0.00438	0.00473	0.00147	0.00597	0.00426	0.00225	0.00657
26	0.00594	0.00435	0.00562	0.00628	0.00688	0.00403	0.00435	0.00710	0.01001	0.01342	0.17937	0.56484	0.11707	0.01411	0.03147	0.00197	0.00291	0.01181	0.00448	0.00398
27	0.04178	0.01090	0.01214	0.00970	0.01303	0.08982	0.04090	0.17422	0.12845	0.34154	0.05173	0.01490	0.01179	0.00577	0.00468	0.00143	0.00471	0.00465	0.00477	0.03308
28	0.09217	0.17257	0.03840	0.01085	0.01322	0.28168	0.03347	0.03275	0.01047	0.03039	0.00747	0.00973	0.00652	0.02875	0.00732	0.00153	0.21127	0.00343	0.00243	0.00558

[dist]
# distance from previous block
# <min> <max>
1	2

[block]
# block no. 6 follows, 54 sequences, length 28
# corresponding to MSA columns:
# 375-402
name=unknown_G
#
# <colnr> <probs for GDERKNQSTAVLIFYWHMCP>
#	G	D	E	R	K	N	Q	S	T	A	V	L	I	F	Y	W	H	M	C	P
0	0.04569	0.10114	0.53318	0.01146	0.01735	0.01099	0.01370	0.03499	0.01035	0.06393	0.00888	0.01001	0.00647	0.00443	0.00417	0.00134	0.00600	0.00336	0.00243	0.11012
1	0.00613	0.00447	0.00574	0.00661	0.00721	0.00419	0.00476	0.00720	0.00947	0.01234	0.02819	0.52468	0.13924	0.06623	0.00719	0.00209	0.00310	0.15299	0.00427	0.00388
2	0.01114	0.00956	0.01006	0.00911	0.01160	0.01094	0.00703	0.02315	0.71420	0.01885	0.02083	0.01990	0.06472	0.04046	0.00563	0.00172	0.00368	0.00569	0.00469	0.00705
3	0.04702	0.01008	0.10301	0.00898	0.01292	0.00782	0.00811	0.02188	0.06275	0.64053	0.01707	0.01517	0.01097	0.00567	0.00465	0.00147	0.00432	0.00456	0.00523	0.00777
4	0.01035	0.11878	0.66672	0.01275	0.01918	0.01171	0.03341	0.01518	0.01008	0.04750	0.00868	0.00999	0.00625	0.00447	0.00434	0.00144	0.00664	0.00347	0.00216	0.00689
5	0.00583	0.00414	0.00545	0.00646	0.00671	0.00389	0.00426	0.00659	0.00886	0.01181	0.02513	0.76979	0.03011	0.07767	0.00740	0.00212	0.00288	0.01290	0.00426	0.00376
6	0.00574	0.00410	0.00547	0.00657	0.00684	0.00383	0.00438	0.00657	0.00903	0.01204	0.02599	0.83122	0.03119	0.01477	0.00602	0.00191	0.00274	0.01340	0.00438	0.00383
7	0.00902	0.00872	0.01512	0.54937	0.02675	0.01040	0.11521	0.01182	0.00939	0.01238	0.01010	0.09561	0.00892	0.00600	0.00607	0.00166	0.09055	0.00530	0.00236	0.00524
8	0.00790	0.00529	0.00604	0.00573	0.00741	0.00465	0.00434	0.00968	0.03614	0.11310	0.16059	0.11453	0.48534	0.01091	0.00549	0.00159	0.00264	0.00926	0.00470	0.00465
9	0.01761	0.02247	0.01336	0.01215	0.01458	0.81537	0.00911	0.01883	0.01336	0.01154	0.00729	0.00850	0.00607	0.00486	0.00425	0.00121	0.00850	0.00304	0.00243	0.00547
10	0.01261	0.83713	0.02471	0.00807	0.01210	0.01866	0.00807	0.01412	0.00958	0.01109	0.00656	0.00756	0.00605	0.00403	0.00303	0.00101	0.00504	0.00252	0.00202	0.00605
