[name]
unknown

[dist]
# distance from previous block
# <min> <max>
0	454

[block]
# block no. 0 follows, 52 sequences, length 20
# corresponding to MSA columns:
# 499-518
name=unknown_A
#
# <colnr> <probs for GDERKNQSTAVLIFYWHMCP>
#	G	D	E	R	K	N	Q	S	T	A	V	L	I	F	Y	W	H	M	C	P
0	0.02892	0.15323	0.03171	0.23855	0.09742	0.09319	0.07448	0.04946	0.02393	0.01402	0.01070	0.06142	0.02020	0.00589	0.00529	0.00152	0.05139	0.03007	0.00266	0.00594
1	0.01000	0.11455	0.07243	0.03358	0.02478	0.04103	0.03820	0.05689	0.03748	0.04823	0.03940	0.24836	0.01769	0.07658	0.06703	0.00231	0.00523	0.03001	0.03089	0.00532
2	0.00606	0.00443	0.00596	0.03492	0.00794	0.00421	0.00479	0.00708	0.00958	0.01277	0.06832	0.73446	0.05251	0.01446	0.00610	0.00192	0.00290	0.01308	0.00446	0.00403
3	0.01187	0.01118	0.04726	0.09245	0.21789	0.05613	0.06951	0.07812	0.10397	0.05438	0.11618	0.01718	0.03686	0.00692	0.02893	0.00172	0.03406	0.00528	0.00348	0.00661
4	0.01212	0.05149	0.22039	0.04734	0.13157	0.05720	0.05804	0.06713	0.05995	0.08919	0.02871	0.03931	0.06015	0.00608	0.00487	0.00152	0.00567	0.03154	0.02101	0.00672
5	0.01078	0.07893	0.49367	0.03201	0.10025	0.01166	0.04083	0.01582	0.05978	0.04740	0.01088	0.01223	0.03047	0.00505	0.00495	0.00152	0.03018	0.00406	0.00252	0.00702
6	0.07572	0.00818	0.01018	0.00820	0.01120	0.00773	0.00654	0.10712	0.01348	0.49784	0.04248	0.07487	0.01418	0.09145	0.00690	0.00186	0.00414	0.00564	0.00522	0.00707
7	0.03208	0.03546	0.17898	0.08607	0.17821	0.05744	0.05398	0.03840	0.01059	0.04311	0.01126	0.01464	0.03196	0.07009	0.06975	0.00222	0.03375	0.00452	0.02218	0.02532
8	0.05048	0.09264	0.09384	0.07165	0.14044	0.01131	0.06338	0.09342	0.09494	0.03453	0.02897	0.05949	0.04510	0.03076	0.00616	0.02616	0.03453	0.01260	0.00323	0.00636
9	0.00898	0.03652	0.01016	0.11810	0.07639	0.05511	0.00745	0.02812	0.02425	0.01255	0.01704	0.10127	0.07156	0.21273	0.08211	0.00298	0.04478	0.08205	0.00316	0.00470
10	0.00826	0.00730	0.01197	0.01016	0.01152	0.00808	0.14488	0.01006	0.00884	0.01249	0.07583	0.02099	0.03777	0.15297	0.33045	0.00465	0.13042	0.00589	0.00283	0.00465
11	0.02113	0.00838	0.02830	0.07405	0.07460	0.05311	0.02150	0.04396	0.06551	0.04504	0.01892	0.11737	0.11346	0.13649	0.09124	0.00267	0.00542	0.00667	0.03320	0.03898
12	0.01341	0.05722	0.05674	0.03229	0.27654	0.10881	0.05556	0.07846	0.01241	0.08617	0.06504	0.01322	0.01030	0.00521	0.00522	0.00141	0.04509	0.00438	0.00312	0.06939
13	0.00836	0.00571	0.00703	0.00721	0.03087	0.00578	0.00470	0.03620	0.03553	0.05783	0.04465	0.21427	0.06516	0.38741	0.04154	0.00331	0.02816	0.00836	0.00373	0.00420
14	0.00674	0.00513	0.00648	0.00665	0.00754	0.00481	0.02754	0.03896	0.01017	0.01321	0.05733	0.43276	0.21754	0.13152	0.00866	0.00223	0.00324	0.01112	0.00426	0.00411
15	0.01029	0.00718	0.00816	0.00769	0.00913	0.03471	0.00566	0.10147	0.08975	0.08464	0.04294	0.24676	0.02894	0.14141	0.11248	0.00293	0.00509	0.00786	0.04771	0.00520
16	0.04388	0.00795	0.01017	0.00992	0.05852	0.04860	0.04422	0.03979	0.00972	0.01355	0.07277	0.08660	0.08244	0.14750	0.18143	0.00349	0.12502	0.00647	0.00318	0.00478
17	0.22985	0.19804	0.04858	0.00857	0.03318	0.01103	0.00728	0.03870	0.00921	0.03014	0.00971	0.01267	0.00846	0.01675	0.31417	0.00381	0.00791	0.00380	0.00269	0.00543
18	0.15093	0.08001	0.41295	0.03839	0.01685	0.08996	0.01260	0.03690	0.01049	0.04327	0.00896	0.01117	0.00698	0.05465	0.00545	0.00165	0.00628	0.00361	0.00252	0.00638
19	0.02798	0.07364	0.34447	0.13464	0.08803	0.04586	0.07661	0.06958	0.03363	0.01586	0.00979	0.01167	0.02015	0.00481	0.00463	0.00148	0.00651	0.00403	0.00250	0.02416

[dist]
# distance from previous block
# <min> <max>
2	31

[block]
# block no. 1 follows, 52 sequences, length 29
# corresponding to MSA columns:
# 550-578
name=unknown_B
#
# <colnr> <probs for GDERKNQSTAVLIFYWHMCP>
#	G	D	E	R	K	N	Q	S	T	A	V	L	I	F	Y	W	H	M	C	P
0	0.06427	0.03123	0.08719	0.01035	0.03059	0.03872	0.12002	0.01124	0.02292	0.02641	0.04994	0.26582	0.10253	0.05587	0.00714	0.00188	0.05712	0.00813	0.00350	0.00512
1	0.01091	0.05992	0.07192	0.03197	0.06736	0.05039	0.00853	0.12529	0.06052	0.03186	0.07773	0.15866	0.04601	0.01004	0.05513	0.00200	0.06777	0.03454	0.02357	0.00587
2	0.03001	0.10598	0.08039	0.08940	0.09641	0.12400	0.08506	0.13629	0.04762	0.06078	0.03194	0.02808	0.01015	0.00570	0.00476	0.00148	0.00603	0.04603	0.00326	0.00661
3	0.00703	0.00525	0.00618	0.00617	0.00751	0.00483	0.00473	0.02627	0.01158	0.02863	0.21961	0.06664	0.36355	0.07722	0.02634	0.00209	0.00325	0.12422	0.00456	0.00434
4	0.07575	0.01308	0.04179	0.01031	0.01394	0.06063	0.00864	0.48811	0.07666	0.09011	0.01232	0.01232	0.00882	0.00566	0.00460	0.00144	0.00511	0.00425	0.04564	0.02081
5	0.08112	0.03224	0.07302	0.08860	0.15220	0.07214	0.06721	0.26177	0.01453	0.02011	0.03310	0.02880	0.00906	0.00658	0.03701	0.00173	0.00614	0.00447	0.00333	0.00684
6	0.00978	0.00721	0.01097	0.03222	0.03375	0.00712	0.11220	0.07600	0.01124	0.08877	0.05110	0.33779	0.04744	0.08360	0.02457	0.00216	0.02046	0.03433	0.00407	0.00520
7	0.00647	0.00475	0.00605	0.00682	0.00758	0.00446	0.00507	0.00773	0.01010	0.01312	0.06216	0.40089	0.17082	0.07165	0.00752	0.00215	0.00327	0.20092	0.00441	0.00405
8	0.03266	0.15065	0.26446	0.02609	0.01624	0.03363	0.04058	0.15376	0.03054	0.04138	0.00971	0.02342	0.00752	0.00483	0.00428	0.00131	0.00567	0.00375	0.00297	0.14656
9	0.01104	0.25833	0.02988	0.00925	0.05694	0.01134	0.00728	0.11222	0.02436	0.02815	0.08617	0.08063	0.03969	0.12172	0.03273	0.00203	0.01843	0.02554	0.00336	0.04090
10	0.00609	0.00442	0.00556	0.00632	0.00686	0.00410	0.00429	0.00705	0.00956	0.01266	0.05828	0.58226	0.15040	0.06772	0.02903	0.00221	0.00312	0.01215	0.02398	0.00394
11	0.01024	0.01011	0.04720	0.01378	0.01715	0.00924	0.41703	0.01412	0.05423	0.01627	0.01348	0.08169	0.01125	0.00562	0.00498	0.00151	0.00571	0.00594	0.25465	0.00581
12	0.01269	0.29577	0.07669	0.07893	0.12700	0.06428	0.08946	0.07366	0.01156	0.04730	0.01015	0.07291	0.00893	0.00536	0.00439	0.00137	0.00583	0.00449	0.00275	0.00648
13	0.00685	0.00495	0.00627	0.00683	0.00768	0.00471	0.00492	0.00883	0.05474	0.02953	0.15247	0.48879	0.11663	0.01320	0.00600	0.00185	0.00291	0.07375	0.00468	0.00439
14	0.01338	0.01128	0.01392	0.01274	0.08873	0.07031	0.07459	0.31352	0.01480	0.01964	0.01208	0.05802	0.01065	0.03919	0.10640	0.04390	0.05379	0.03314	0.00357	0.00635
15	0.01166	0.00761	0.00812	0.00716	0.00888	0.04640	0.00532	0.13420	0.02599	0.12507	0.09316	0.05621	0.06886	0.23049	0.01021	0.00234	0.00408	0.01827	0.13072	0.00526
16	0.00679	0.00474	0.00599	0.00618	0.00653	0.00485	0.00406	0.00742	0.00793	0.01076	0.03902	0.16947	0.04812	0.42433	0.20942	0.02354	0.00620	0.00789	0.00323	0.00352
17	0.00867	0.00564	0.00685	0.00648	0.00793	0.00534	0.00482	0.01143	0.08118	0.09848	0.34260	0.14253	0.15256	0.05575	0.00657	0.00177	0.00285	0.00870	0.04489	0.00497
18	0.02796	0.04223	0.09184	0.01600	0.16617	0.27674	0.09399	0.09012	0.03309	0.01539	0.00928	0.02970	0.00771	0.00564	0.00570	0.03302	0.04213	0.00417	0.00273	0.00640
19	0.00958	0.00929	0.01452	0.74567	0.03161	0.04301	0.01315	0.01263	0.00974	0.01232	0.00846	0.01264	0.00645	0.00503	0.00538	0.00163	0.04709	0.00426	0.00217	0.00539
20	0.01007	0.00609	0.00678	0.00621	0.00798	0.00595	0.00489	0.10153	0.01262	0.07998	0.11684	0.02821	0.18684	0.00820	0.00470	0.00143	0.00297	0.06207	0.34146	0.00516
21	0.01098	0.04578	0.08911	0.04921	0.01393	0.09148	0.07285	0.12254	0.02918	0.01587	0.06135	0.03113	0.15204	0.02808	0.03416	0.04067	0.06612	0.03652	0.00339	0.00559
22	0.01103	0.10772	0.09004	0.01113	0.01429	0.02958	0.14055	0.05180	0.19342	0.03190	0.12823	0.05426	0.01619	0.04029	0.02658	0.00183	0.03550	0.00575	0.00365	0.00626
23	0.00710	0.00534	0.00665	0.00652	0.00770	0.00513	0.00485	0.01009	0.08233	0.01771	0.51980	0.16493	0.10168	0.01076	0.00575	0.00164	0.00258	0.02969	0.00507	0.00470
24	0.06838	0.02375	0.02184	0.00694	0.00888	0.00647	0.00544	0.06345	0.04190	0.11309	0.17023	0.20847	0.22211	0.01022	0.00537	0.00164	0.00319	0.00872	0.00468	0.00525
25	0.05216	0.01079	0.01333	0.05993	0.03483	0.14011	0.12620	0.01318	0.02696	0.03095	0.18143	0.04039	0.04850	0.02746	0.04695	0.00199	0.13031	0.00583	0.00332	0.00537
26	0.01086	0.01229	0.04510	0.01035	0.01215	0.25440	0.06919	0.01308	0.05345	0.01324	0.03903	0.35819	0.01931	0.00977	0.00585	0.00168	0.03866	0.02475	0.00356	0.00509
27	0.00805	0.00615	0.00701	0.00699	0.00851	0.00612	0.00520	0.01223	0.19406	0.04598	0.09326	0.27019	0.27105	0.01140	0.00567	0.00174	0.00300	0.03358	0.00472	0.00510
28	0.00752	0.00533	0.00631	0.00635	0.00741	0.00526	0.00457	0.01025	0.10958	0.01530	0.20328	0.21992	0.14756	0.04336	0.00741	0.07997	0.00290	0.00879	0.10448	0.00444

[dist]
# distance from previous block
# <min> <max>
0	22

[block]
# block no. 2 follows, 52 sequences, length 27
# corresponding to MSA columns:
# 608-634
name=unknown_C
#
# <colnr> <probs for GDERKNQSTAVLIFYWHMCP>
#	G	D	E	R	K	N	Q	S	T	A	V	L	I	F	Y	W	H	M	C	P
0	0.08022	0.01352	0.01171	0.04220	0.01335	0.25080	0.00818	0.17792	0.06365	0.03675	0.05774	0.07152	0.03601	0.00786	0.03028	0.00172	0.06553	0.02139	0.00364	0.00602
1	0.15533	0.08586	0.28648	0.01110	0.01561	0.13759	0.03311	0.06564	0.08754	0.03322	0.01098	0.01177	0.03553	0.00517	0.00430	0.00145	0.00603	0.00383	0.00292	0.00653
2	0.00846	0.00641	0.00720	0.00656	0.00835	0.00616	0.00500	0.09701	0.05758	0.01689	0.19243	0.05703	0.29082	0.05786	0.00693	0.03099	0.00317	0.03521	0.04428	0.06165
3	0.01099	0.01015	0.04172	0.04461	0.06691	0.02857	0.14494	0.08784	0.01077	0.04186	0.01110	0.03890	0.00951	0.01280	0.18315	0.00300	0.17266	0.00502	0.06968	0.00582
4	0.00662	0.00455	0.00568	0.00626	0.00656	0.00438	0.00413	0.00712	0.00852	0.01125	0.02244	0.37952	0.06375	0.32122	0.01386	0.05042	0.00372	0.07274	0.00378	0.00351
5	0.01035	0.05968	0.02977	0.00946	0.01240	0.00928	0.08413	0.04069	0.07962	0.02428	0.04218	0.05714	0.01179	0.09928	0.00799	0.00167	0.09726	0.00489	0.00316	0.31496
6	0.01064	0.10798	0.17856	0.00949	0.01246	0.01003	0.00906	0.04543	0.08554	0.08153	0.10220	0.11106	0.02816	0.05471	0.05402	0.00213	0.08150	0.00600	0.00355	0.00595
7	0.00729	0.00591	0.00674	0.00685	0.00809	0.03782	0.00514	0.00932	0.03780	0.01528	0.25979	0.25888	0.16880	0.01161	0.00579	0.00171	0.00310	0.10091	0.00460	0.04457
8	0.00651	0.00474	0.00542	0.00572	0.00655	0.00441	0.00399	0.00748	0.00946	0.01233	0.03056	0.20218	0.30402	0.22843	0.03895	0.00273	0.00361	0.05851	0.06059	0.00382
9	0.01306	0.25694	0.28323	0.01183	0.03718	0.18791	0.01190	0.06017	0.01153	0.01431	0.00822	0.00961	0.00658	0.00479	0.00448	0.00133	0.03418	0.00331	0.03298	0.00647
10	0.04895	0.04391	0.03516	0.01142	0.07150	0.05270	0.01744	0.07318	0.03673	0.05973	0.01153	0.01416	0.03622	0.01092	0.11407	0.03321	0.24959	0.00449	0.06933	0.00573
11	0.00617	0.00458	0.00557	0.00617	0.00686	0.00421	0.00428	0.00717	0.00982	0.01272	0.07790	0.43193	0.22601	0.12007	0.00847	0.00223	0.00303	0.05455	0.00434	0.00391
12	0.38636	0.00902	0.00867	0.00746	0.01028	0.00980	0.00608	0.16473	0.03489	0.08761	0.05238	0.01833	0.10921	0.00662	0.00423	0.00153	0.00385	0.04011	0.03291	0.00592
13	0.01188	0.35505	0.31685	0.01258	0.08481	0.05173	0.01255	0.04261	0.01080	0.01412	0.00867	0.01118	0.00728	0.00481	0.00409	0.00133	0.00612	0.03456	0.00231	0.00667
14	0.00606	0.00449	0.00568	0.00649	0.00708	0.00416	0.00444	0.00731	0.02487	0.01312	0.08366	0.63864	0.14773	0.01421	0.00606	0.00188	0.00274	0.01273	0.00457	0.00408
15	0.00657	0.00456	0.00572	0.00638	0.00664	0.00442	0.00421	0.00722	0.00857	0.01139	0.02194	0.42127	0.02573	0.34660	0.01376	0.00311	0.00375	0.09072	0.00386	0.00358
16	0.00806	0.00806	0.08023	0.00865	0.04200	0.00704	0.00687	0.01205	0.13761	0.01609	0.25741	0.11852	0.13178	0.03692	0.07546	0.00226	0.03370	0.00783	0.00422	0.00525
17	0.00883	0.03117	0.00897	0.00771	0.00957	0.06371	0.06194	0.02679	0.03945	0.02890	0.07243	0.08224	0.32575	0.00961	0.00556	0.00159	0.02670	0.06512	0.11909	0.00487
18	0.00640	0.00488	0.00586	0.00614	0.00715	0.00433	0.00429	0.00751	0.00999	0.01318	0.09475	0.40358	0.23136	0.08990	0.00757	0.00200	0.00294	0.02139	0.00429	0.07249
19	0.00715	0.00492	0.00619	0.00628	0.00740	0.00445	0.00461	0.00876	0.01174	0.05703	0.34226	0.27748	0.19385	0.01191	0.00585	0.00170	0.00265	0.03638	0.00491	0.00447
20	0.00915	0.00788	0.00904	0.00961	0.07801	0.02597	0.00657	0.01537	0.30877	0.01681	0.13458	0.16425	0.17555	0.00941	0.00539	0.00165	0.00345	0.00815	0.00455	0.00584
21	0.00672	0.00478	0.00579	0.00625	0.00667	0.00463	0.00406	0.02340	0.02503	0.01218	0.05405	0.43372	0.07368	0.30164	0.01260	0.00288	0.00351	0.01062	0.00400	0.00378
22	0.01310	0.59539	0.15127	0.00974	0.01416	0.12067	0.01000	0.01528	0.01041	0.01211	0.00716	0.00830	0.00621	0.00433	0.00352	0.00115	0.00597	0.00282	0.00212	0.00629
23	0.01015	0.01735	0.42020	0.02892	0.01656	0.05660	0.03598	0.03834	0.04052	0.03343	0.07296	0.12431	0.01353	0.00678	0.00530	0.00159	0.03345	0.00560	0.03214	0.00630
24	0.00669	0.00496	0.00588	0.00621	0.00734	0.00451	0.00451	0.00839	0.03811	0.03636	0.12535	0.34811	0.32946	0.01280	0.00589	0.00177	0.00275	0.04190	0.00465	0.00435
25	0.00743	0.00512	0.00603	0.00614	0.00719	0.00471	0.00431	0.03428	0.01056	0.05830	0.09278	0.31665	0.27185	0.14148	0.00880	0.00221	0.00311	0.01036	0.00442	0.00427
26	0.05276	0.16431	0.11512	0.05739	0.01455	0.08997	0.00932	0.16756	0.04067	0.07215	0.06061	0.04421	0.02774	0.00710	0.02900	0.00163	0.00559	0.03035	0.00352	0.00644

[dist]
# distance from previous block
# <min> <max>
1	4

[block]
# block no. 3 follows, 52 sequences, length 17
# corresponding to MSA columns:
# 639-655
name=unknown_D
#
# <colnr> <probs for GDERKNQSTAVLIFYWHMCP>
#	G	D	E	R	K	N	Q	S	T	A	V	L	I	F	Y	W	H	M	C	P
0	0.01346	0.03105	0.01309	0.00990	0.01330	0.02968	0.05815	0.27164	0.07444	0.03721	0.01155	0.03168	0.00914	0.00544	0.00511	0.00128	0.05632	0.00427	0.07002	0.25325
1	0.01323	0.01172	0.05881	0.06232	0.06273	0.09257	0.00899	0.18404	0.15393	0.07811	0.02699	0.08712	0.03510	0.00812	0.02208	0.02984	0.00526	0.04848	0.00403	0.00655
2	0.00607	0.00460	0.00551	0.00604	0.00683	0.00424	0.00420	0.00704	0.00962	0.01228	0.03260	0.39626	0.30242	0.10484	0.05578	0.00250	0.00353	0.02752	0.00421	0.00392
3	0.01234	0.06142	0.01343	0.01288	0.15747	0.01011	0.03748	0.16856	0.04633	0.08209	0.09385	0.13604	0.02866	0.00733	0.00542	0.00151	0.03843	0.00625	0.03641	0.04400
4	0.04034	0.14310	0.24620	0.06652	0.01688	0.05843	0.04658	0.07204	0.11029	0.06965	0.05737	0.01305	0.01022	0.00527	0.00449	0.00144	0.00571	0.00419	0.00318	0.02506
5	0.03218	0.01083	0.01467	0.01391	0.10487	0.09086	0.10518	0.02578	0.03305	0.03202	0.01041	0.03325	0.00957	0.05533	0.12898	0.00282	0.26486	0.02310	0.00270	0.00563
6	0.00802	0.00430	0.00601	0.00610	0.00630	0.00422	0.00409	0.00673	0.00712	0.00966	0.01323	0.08322	0.06099	0.05306	0.01639	0.64416	0.00389	0.00551	0.05443	0.00256
7	0.03582	0.07278	0.02960	0.07446	0.19555	0.13008	0.00943	0.03440	0.11246	0.03429	0.04922	0.06952	0.03777	0.02904	0.00521	0.00152	0.00521	0.00515	0.02118	0.04730
8	0.00975	0.00889	0.04581	0.01412	0.21761	0.02086	0.03191	0.04075	0.04030	0.04319	0.03889	0.20475	0.08757	0.06326	0.04423	0.00216	0.05331	0.02342	0.00352	0.00570
9	0.00687	0.00508	0.00738	0.00745	0.00819	0.00578	0.00562	0.00836	0.00780	0.01112	0.01410	0.07157	0.01397	0.12071	0.67464	0.00709	0.01144	0.00594	0.00275	0.00415
10	0.06117	0.01022	0.06453	0.24367	0.24566	0.01005	0.05490	0.05049	0.01093	0.01619	0.04234	0.01384	0.00935	0.00522	0.00486	0.01827	0.00538	0.00446	0.12235	0.00613
11	0.01023	0.00910	0.01424	0.15784	0.35092	0.00959	0.01127	0.04811	0.03026	0.01600	0.10891	0.03823	0.05344	0.00697	0.00548	0.00161	0.02418	0.09410	0.00326	0.00625
12	0.01285	0.01089	0.02827	0.07021	0.05211	0.07050	0.06531	0.15642	0.16753	0.06678	0.01441	0.04733	0.02978	0.05597	0.00754	0.05920	0.03933	0.01730	0.02196	0.00630
13	0.00695	0.00490	0.00619	0.00617	0.00725	0.00446	0.00452	0.00868	0.01209	0.03999	0.44736	0.20714	0.16020	0.03540	0.00637	0.00175	0.00261	0.02862	0.00495	0.00442
14	0.01232	0.01156	0.06998	0.25949	0.25735	0.02989	0.02850	0.10861	0.02885	0.07095	0.01057	0.01366	0.00825	0.00597	0.02529	0.00170	0.02472	0.02261	0.00296	0.00677
15	0.04921	0.01350	0.05922	0.01038	0.01372	0.12994	0.00865	0.26591	0.19494	0.13167	0.01373	0.01401	0.01016	0.03365	0.02791	0.00176	0.00556	0.00451	0.00432	0.00726
16	0.02939	0.00687	0.00977	0.00867	0.01037	0.00685	0.08627	0.05950	0.01167	0.06860	0.16659	0.15118	0.10506	0.06832	0.02158	0.00205	0.04159	0.11140	0.02923	0.00502

[dist]
# distance from previous block
# <min> <max>
5	13

[block]
# block no. 4 follows, 52 sequences, length 15
# corresponding to MSA columns:
# 669-683
name=unknown_E
#
# <colnr> <probs for GDERKNQSTAVLIFYWHMCP>
#	G	D	E	R	K	N	Q	S	T	A	V	L	I	F	Y	W	H	M	C	P
0	0.08318	0.03132	0.20230	0.07146	0.07085	0.04656	0.01061	0.05793	0.05280	0.08886	0.05825	0.06379	0.01203	0.00624	0.00514	0.00152	0.03870	0.03008	0.00334	0.06506
1	0.04212	0.15756	0.28391	0.01235	0.08233	0.02812	0.01174	0.10080	0.04085	0.07969	0.01127	0.04991	0.00919	0.00563	0.00468	0.00146	0.02168	0.02282	0.02703	0.00684
2	0.01170	0.01472	0.16193	0.14634	0.28035	0.08226	0.14353	0.04939	0.01151	0.01538	0.01013	0.01264	0.02852	0.00476	0.00491	0.00151	0.00669	0.00447	0.00248	0.00677
3	0.00695	0.00489	0.00604	0.00656	0.00732	0.00459	0.00459	0.03193	0.01014	0.03425	0.05329	0.49148	0.16254	0.10129	0.00802	0.00217	0.00314	0.05226	0.00441	0.00416
4	0.03537	0.01143	0.04912	0.15330	0.19025	0.08270	0.05141	0.07599	0.03332	0.06504	0.02819	0.04685	0.04189	0.02421	0.04067	0.00187	0.04004	0.00504	0.00310	0.02022
5	0.15499	0.04626	0.01139	0.02611	0.01248	0.06332	0.00746	0.18234	0.16362	0.14785	0.03633	0.03799	0.01215	0.00636	0.00456	0.00152	0.00453	0.04127	0.03269	0.00679
6	0.00629	0.00448	0.00567	0.00637	0.00674	0.00430	0.00424	0.00704	0.00883	0.01169	0.02471	0.50621	0.08210	0.21907	0.05273	0.00294	0.00384	0.03501	0.00401	0.00373
7	0.02884	0.21162	0.17331	0.06897	0.03092	0.08717	0.04333	0.05024	0.04631	0.01440	0.03217	0.07128	0.03538	0.03427	0.02734	0.00173	0.01411	0.01978	0.00284	0.00600
8	0.13376	0.01352	0.04783	0.05440	0.34488	0.14504	0.01150	0.06524	0.05970	0.03845	0.00947	0.01127	0.00753	0.00491	0.00484	0.00147	0.03254	0.00393	0.00288	0.00684
9	0.01241	0.00781	0.00956	0.00965	0.07661	0.03285	0.00671	0.08514	0.06690	0.19854	0.09145	0.22353	0.04842	0.02623	0.00563	0.00167	0.00382	0.02043	0.06658	0.00605
10	0.00623	0.00467	0.00580	0.00643	0.00717	0.00435	0.00447	0.00781	0.03863	0.01378	0.13797	0.54083	0.17681	0.01359	0.00599	0.00183	0.00271	0.01211	0.00463	0.00419
11	0.09462	0.16614	0.04848	0.02584	0.18870	0.09566	0.04368	0.04504	0.07031	0.04086	0.03255	0.01423	0.02812	0.01941	0.00523	0.00150	0.04057	0.02963	0.00299	0.00643
12	0.01262	0.28954	0.20438	0.05054	0.03074	0.14224	0.03236	0.05467	0.05995	0.01467	0.05778	0.01159	0.00937	0.00502	0.00422	0.00133	0.00612	0.00377	0.00268	0.00643
13	0.00602	0.00460	0.00546	0.00592	0.00679	0.00416	0.00413	0.00710	0.01012	0.01298	0.09630	0.38533	0.32527	0.07001	0.03089	0.00216	0.00306	0.01130	0.00440	0.00399
14	0.03218	0.10617	0.28307	0.03509	0.06236	0.01269	0.13069	0.05277	0.13850	0.03504	0.01068	0.01203	0.00807	0.00510	0.00533	0.00154	0.05462	0.00425	0.00286	0.00695

[dist]
# distance from previous block
# <min> <max>
0	1

[block]
# block no. 5 follows, 52 sequences, length 9
# corresponding to MSA columns:
# 685-693
name=unknown_F
#
# <colnr> <probs for GDERKNQSTAVLIFYWHMCP>
#	G	D	E	R	K	N	Q	S	T	A	V	L	I	F	Y	W	H	M	C	P
0	0.01216	0.07733	0.06220	0.01518	0.17689	0.10091	0.12382	0.03434	0.09374	0.05441	0.01464	0.03621	0.06963	0.04248	0.00605	0.00164	0.02779	0.02018	0.02401	0.00640
1	0.00626	0.00438	0.00576	0.00660	0.00707	0.00408	0.00456	0.00698	0.00944	0.01245	0.05697	0.59961	0.10851	0.01475	0.00737	0.08410	0.00297	0.05001	0.00430	0.00383
2	0.00639	0.00462	0.00589	0.00672	0.00727	0.00436	0.00478	0.00741	0.00953	0.01243	0.02767	0.47988	0.12303	0.12791	0.00879	0.00236	0.00333	0.14945	0.00427	0.00391
3	0.03943	0.09143	0.03375	0.06791	0.09485	0.09519	0.00974	0.25477	0.10513	0.07365	0.01215	0.01440	0.00959	0.00588	0.00499	0.00149	0.02808	0.04675	0.00378	0.00705
4	0.35353	0.13261	0.08981	0.09797	0.15714	0.03958	0.00980	0.04157	0.01003	0.01752	0.00776	0.00953	0.00618	0.00452	0.00380	0.00143	0.00516	0.00327	0.00262	0.00615
5	0.04137	0.15319	0.01507	0.04015	0.06610	0.33816	0.02679	0.01687	0.06422	0.04523	0.08135	0.01281	0.01094	0.00551	0.00479	0.00135	0.03762	0.00403	0.02848	0.00596
6	0.00765	0.00510	0.00598	0.00606	0.00745	0.00451	0.00452	0.00896	0.01087	0.08905	0.07064	0.22642	0.40095	0.03972	0.00640	0.00183	0.00291	0.06756	0.02894	0.00448
7	0.00740	0.00487	0.00597	0.00592	0.00632	0.00487	0.00379	0.00803	0.00839	0.03692	0.11650	0.09026	0.02145	0.53620	0.11900	0.00437	0.00527	0.00747	0.00342	0.00357
8	0.05367	0.01033	0.01687	0.10718	0.18911	0.02232	0.19849	0.05329	0.04225	0.02932	0.01297	0.08864	0.03924	0.03998	0.00652	0.00173	0.05231	0.00577	0.00299	0.02702

[dist]
# distance from previous block
# <min> <max>
0	5

[block]
# block no. 6 follows, 52 sequences, length 7
# corresponding to MSA columns:
# 700-706
name=unknown_G
#
# <colnr> <probs for GDERKNQSTAVLIFYWHMCP>
#	G	D	E	R	K	N	Q	S	T	A	V	L	I	F	Y	W	H	M	C	P
0	0.03282	0.06252	0.01489	0.08922	0.20393	0.11346	0.04029	0.04579	0.10189	0.01535	0.04489	0.04834	0.07261	0.00645	0.00591	0.00155	0.08552	0.00522	0.00312	0.00624
1	0.01310	0.00788	0.00929	0.00809	0.01038	0.00804	0.00632	0.11101	0.17384	0.20883	0.11267	0.06246	0.04222	0.09205	0.00711	0.00190	0.00383	0.05285	0.06179	0.00633
2	0.00645	0.00501	0.00685	0.00711	0.00807	0.00462	0.04155	0.00778	0.01028	0.01342	0.09866	0.43832	0.19904	0.04170	0.00672	0.00196	0.00318	0.09069	0.00442	0.00417
3	0.01215	0.17235	0.35956	0.01354	0.01862	0.15828	0.13430	0.01579	0.01086	0.01385	0.00819	0.00997	0.00637	0.00468	0.00495	0.00143	0.04271	0.00368	0.00220	0.00653
4	0.03171	0.02908	0.03712	0.06905	0.13256	0.17856	0.06975	0.09330	0.05941	0.05091	0.01144	0.07568	0.00984	0.00664	0.01877	0.00163	0.08128	0.00494	0.03201	0.00632
5	0.00880	0.00585	0.00719	0.03903	0.00911	0.00579	0.00536	0.05063	0.05685	0.06004	0.12148	0.31166	0.05368	0.03807	0.00596	0.00174	0.00321	0.04262	0.14178	0.03112
6	0.00823	0.00598	0.00726	0.00746	0.00845	0.00610	0.00554	0.08354	0.05996	0.01473	0.05289	0.28341	0.04842	0.19753	0.01025	0.00255	0.00390	0.18508	0.00423	0.00451

[dist]
# distance from previous block
# <min> <max>
5	12

[block]
# block no. 7 follows, 52 sequences, length 20
# corresponding to MSA columns:
# 721-740
name=unknown_H
#
# <colnr> <probs for GDERKNQSTAVLIFYWHMCP>
#	G	D	E	R	K	N	Q	S	T	A	V	L	I	F	Y	W	H	M	C	P
0	0.10370	0.01043	0.01085	0.00951	0.04138	0.05777	0.00724	0.20457	0.12001	0.06737	0.02370	0.05532	0.02619	0.00607	0.00470	0.00138	0.02616	0.00473	0.08484	0.13409
1	0.01170	0.00973	0.01258	0.02542	0.06940	0.06077	0.09187	0.11458	0.07902	0.07678	0.13941	0.09157	0.08476	0.02578	0.00626	0.00165	0.04870	0.01553	0.00407	0.03042
2	0.00657	0.00475	0.00619	0.00698	0.00768	0.00451	0.00520	0.00790	0.01019	0.01344	0.09839	0.41023	0.10575	0.07543	0.00763	0.00217	0.00332	0.21514	0.00445	0.00408
3	0.07377	0.01363	0.04233	0.01088	0.03685	0.18489	0.02268	0.18888	0.12397	0.17994	0.01306	0.01306	0.00944	0.00611	0.01889	0.00155	0.00564	0.00425	0.04310	0.00706
4	0.02903	0.16656	0.19659	0.01282	0.03079	0.17816	0.12087	0.07329	0.06598	0.06678	0.00987	0.01092	0.00749	0.00484	0.00447	0.00140	0.00663	0.00388	0.00289	0.00674
5	0.01057	0.03621	0.32938	0.05214	0.05649	0.03581	0.17517	0.01423	0.00988	0.01407	0.00862	0.01182	0.00697	0.03645	0.00797	0.00178	0.17955	0.00433	0.00222	0.00635
6	0.00756	0.00537	0.00612	0.00619	0.00698	0.00530	0.00426	0.05127	0.03052	0.01293	0.02413	0.16483	0.16104	0.36453	0.01386	0.00303	0.00385	0.07553	0.04876	0.00395
7	0.01132	0.02786	0.00972	0.00896	0.01072	0.22985	0.00680	0.03690	0.12519	0.02912	0.09536	0.15873	0.07288	0.04506	0.04815	0.00205	0.00542	0.06671	0.00391	0.00529
8	0.06074	0.04669	0.04851	0.01225	0.09465	0.07480	0.09362	0.10155	0.02656	0.16813	0.04339	0.10612	0.01282	0.00650	0.00495	0.00150	0.01645	0.00556	0.06868	0.00652
9	0.00694	0.00513	0.00745	0.00745	0.00820	0.00587	0.00563	0.00844	0.00769	0.01100	0.01329	0.02075	0.01286	0.14373	0.70412	0.00737	0.01186	0.00544	0.00264	0.00414
10	0.00629	0.00484	0.00581	0.00640	0.00731	0.00449	0.00457	0.00800	0.04716	0.01342	0.06991	0.46302	0.27418	0.01351	0.00599	0.00184	0.00281	0.05171	0.00456	0.00422
11	0.01184	0.01191	0.01771	0.22244	0.47149	0.09718	0.04506	0.01467	0.01098	0.01460	0.00903	0.01208	0.00734	0.00455	0.00476	0.00146	0.00626	0.00425	0.02565	0.00675
12	0.01423	0.01552	0.01833	0.03828	0.06038	0.29087	0.26061	0.06226	0.03941	0.03479	0.00974	0.01180	0.00762	0.00505	0.00560	0.00148	0.06033	0.00442	0.05306	0.00623
13	0.01105	0.00715	0.00986	0.08816	0.01268	0.00712	0.05540	0.03092	0.10548	0.17733	0.02367	0.23575	0.12805	0.00936	0.00538	0.00168	0.00393	0.03188	0.04941	0.00575
14	0.00747	0.00571	0.00723	0.00732	0.00855	0.00554	0.02637	0.03557	0.04653	0.02880	0.04671	0.31379	0.24662	0.04437	0.00689	0.00197	0.01895	0.13267	0.00441	0.00454
15	0.01212	0.02478	0.01083	0.00934	0.01154	0.10677	0.04541	0.08493	0.21080	0.08731	0.05341	0.17393	0.03184	0.06239	0.03187	0.00199	0.00485	0.00691	0.02295	0.00603
16	0.01263	0.27197	0.28521	0.03785	0.03366	0.10854	0.03002	0.01624	0.04553	0.06417	0.02445	0.01075	0.00779	0.00488	0.00450	0.00137	0.02767	0.00359	0.00258	0.00662
17	0.00676	0.00477	0.00577	0.00607	0.00709	0.00426	0.00431	0.00799	0.01073	0.04995	0.15959	0.37518	0.28771	0.03869	0.00648	0.00185	0.00273	0.01115	0.00466	0.00426
18	0.03337	0.17744	0.52804	0.01221	0.01812	0.08482	0.01449	0.01590	0.01059	0.05058	0.00864	0.00986	0.00641	0.00461	0.00427	0.00141	0.00670	0.00339	0.00230	0.00684
19	0.09492	0.03385	0.01525	0.05454	0.31131	0.09782	0.01090	0.16213	0.05271	0.05712	0.01108	0.01408	0.00903	0.00543	0.00467	0.00148	0.00557	0.04773	0.00333	0.00703

[dist]
# distance from previous block
# <min> <max>
5	12

[block]
# block no. 8 follows, 52 sequences, length 43
# corresponding to MSA columns:
# 753-795
name=unknown_I
#
# <colnr> <probs for GDERKNQSTAVLIFYWHMCP>
#	G	D	E	R	K	N	Q	S	T	A	V	L	I	F	Y	W	H	M	C	P
0	0.01041	0.07544	0.15064	0.00991	0.01267	0.11864	0.04940	0.04632	0.05091	0.01429	0.05364	0.12130	0.05518	0.08598	0.06756	0.00230	0.03388	0.00609	0.02995	0.00546
1	0.01210	0.01160	0.03205	0.01072	0.04140	0.16034	0.03528	0.05808	0.12548	0.05034	0.05599	0.08064	0.03176	0.00777	0.00594	0.01738	0.05166	0.10426	0.00373	0.10349
2	0.01088	0.05984	0.01667	0.07981	0.31934	0.02888	0.07778	0.02808	0.05722	0.01463	0.01105	0.05315	0.00985	0.00964	0.11082	0.00235	0.06577	0.01693	0.00271	0.02459
3	0.01231	0.01292	0.03868	0.05702	0.14982	0.21874	0.02440	0.04730	0.06322	0.03629	0.02782	0.13509	0.04988	0.02878	0.00625	0.00166	0.05813	0.02252	0.00327	0.00590
4	0.03181	0.00491	0.00617	0.00610	0.00682	0.00486	0.00431	0.03505	0.00910	0.01299	0.09699	0.10089	0.10590	0.03468	0.02567	0.38245	0.00360	0.00640	0.11785	0.00345
5	0.00737	0.00550	0.00627	0.00605	0.00756	0.00504	0.00456	0.05269	0.02277	0.03689	0.22172	0.12986	0.41764	0.01154	0.00600	0.02041	0.00277	0.02609	0.00471	0.00455
6	0.01067	0.01096	0.04625	0.32248	0.37092	0.01117	0.11105	0.01392	0.01061	0.01456	0.02563	0.01293	0.00793	0.00461	0.00494	0.00153	0.00630	0.00456	0.00236	0.00659
7	0.00845	0.00541	0.00679	0.00676	0.00803	0.00505	0.00494	0.01072	0.06335	0.10998	0.23558	0.35739	0.13539	0.01169	0.00576	0.00173	0.00285	0.01033	0.00493	0.00490
8	0.01626	0.01905	0.01253	0.01128	0.01371	0.58337	0.00851	0.07320	0.08580	0.01432	0.03527	0.01271	0.02947	0.03462	0.00522	0.00144	0.00736	0.00396	0.02611	0.00580
9	0.02840	0.00695	0.00861	0.00728	0.00975	0.00649	0.00577	0.02954	0.08345	0.33127	0.24546	0.02578	0.11582	0.00787	0.00509	0.00151	0.00325	0.00661	0.06476	0.00633
10	0.21653	0.00598	0.00626	0.00649	0.00762	0.00625	0.00466	0.00967	0.03641	0.01466	0.04083	0.28798	0.06227	0.20048	0.00965	0.00247	0.00362	0.07016	0.00380	0.00423
11	0.00745	0.00509	0.00614	0.00604	0.00697	0.00499	0.00427	0.00939	0.04445	0.02970	0.25548	0.10858	0.10500	0.20571	0.08229	0.00285	0.00398	0.00798	0.09939	0.00425
12	0.01025	0.00666	0.00777	0.00696	0.00867	0.05344	0.00536	0.01238	0.01365	0.16230	0.57909	0.03145	0.05276	0.00900	0.00550	0.00152	0.00305	0.01963	0.00525	0.00530
13	0.00703	0.00496	0.00608	0.00619	0.00695	0.00473	0.00425	0.00870	0.04221	0.02922	0.27204	0.26576	0.09189	0.21559	0.01053	0.00246	0.00315	0.00971	0.00442	0.00414
14	0.01139	0.01030	0.02374	0.00930	0.01120	0.12502	0.02719	0.16003	0.04767	0.02611	0.11553	0.09458	0.03822	0.08220	0.13755	0.00285	0.04393	0.02392	0.00377	0.00549
15	0.01039	0.00858	0.01085	0.00944	0.01094	0.00992	0.03243	0.11676	0.12130	0.02996	0.08226	0.05059	0.09811	0.10700	0.05327	0.00244	0.20602	0.03047	0.00376	0.00553
16	0.01203	0.08228	0.06358	0.01607	0.22259	0.11342	0.03559	0.05571	0.04727	0.01464	0.01041	0.01293	0.02849	0.00901	0.09343	0.00221	0.15270	0.00431	0.01701	0.00632
17	0.00668	0.00468	0.00592	0.00666	0.00726	0.00442	0.00457	0.00797	0.03399	0.03444	0.02762	0.60302	0.10967	0.08323	0.00764	0.00215	0.00306	0.03848	0.00442	0.00412
18	0.08642	0.00513	0.00549	0.00542	0.00582	0.00531	0.00331	0.00813	0.00745	0.01134	0.01444	0.02787	0.01582	0.65315	0.05108	0.00422	0.00472	0.00635	0.07519	0.00334
19	0.68680	0.00949	0.02455	0.00658	0.00942	0.03597	0.00547	0.01346	0.00906	0.02034	0.05819	0.01324	0.08097	0.00556	0.00349	0.00151	0.00378	0.00373	0.00324	0.00515
20	0.04398	0.01276	0.01444	0.01162	0.01480	0.14428	0.14475	0.21213	0.14304	0.04937	0.05683	0.03792	0.07931	0.00647	0.00503	0.00152	0.00558	0.00552	0.00401	0.00664
21	0.02320	0.00761	0.00791	0.00755	0.00912	0.06041	0.00591	0.04977	0.12429	0.01717	0.15074	0.07710	0.10568	0.00922	0.01502	0.00167	0.03671	0.10557	0.18016	0.00519
22	0.01264	0.70203	0.13171	0.00915	0.01367	0.03772	0.00963	0.01475	0.01000	0.01195	0.00702	0.00813	0.00621	0.00423	0.00335	0.00111	0.00554	0.00274	0.00208	0.00633
23	0.06726	0.01127	0.01723	0.06720	0.57315	0.03141	0.01294	0.03278	0.04581	0.05276	0.00987	0.01210	0.00793	0.00456	0.00464	0.00144	0.00550	0.00421	0.00278	0.03518
24	0.01196	0.01132	0.01902	0.10160	0.70176	0.01157	0.01455	0.04133	0.01132	0.01603	0.00916	0.01207	0.00758	0.00442	0.00480	0.00146	0.00581	0.00432	0.00246	0.00748
25	0.00757	0.00558	0.00693	0.00710	0.00804	0.00563	0.00515	0.03660	0.06227	0.03232	0.14205	0.42223	0.11250	0.03553	0.02379	0.00201	0.03946	0.02270	0.01792	0.00460
26	0.00660	0.00500	0.00623	0.00637	0.00712	0.00482	0.01533	0.00763	0.00969	0.01272	0.11727	0.25782	0.21135	0.21831	0.02813	0.00266	0.02918	0.04581	0.00406	0.00391
27	0.01170	0.01121	0.01913	0.11229	0.71925	0.01144	0.01472	0.01461	0.01089	0.01547	0.00906	0.01209	0.00755	0.00437	0.00480	0.00146	0.00583	0.00432	0.00237	0.00744
28	0.04130	0.01020	0.01488	0.31765	0.05785	0.03684	0.09077	0.11729	0.03675	0.05472	0.03224	0.06839	0.01012	0.00616	0.00602	0.00164	0.08280	0.00519	0.00312	0.00608
29	0.00679	0.00476	0.00597	0.00636	0.00718	0.00441	0.00444	0.00823	0.02563	0.03978	0.19577	0.44723	0.14755	0.06383	0.00710	0.00197	0.00282	0.01129	0.00464	0.00425
30	0.00760	0.00523	0.00665	0.00704	0.00779	0.01365	0.00516	0.02108	0.02198	0.03018	0.10099	0.34358	0.07781	0.05319	0.00880	0.11561	0.01887	0.12545	0.02524	0.00408
31	0.01111	0.37274	0.46912	0.01144	0.01730	0.01466	0.01377	0.01499	0.01007	0.01365	0.00785	0.00917	0.00617	0.00441	0.00396	0.00132	0.00631	0.00315	0.00206	0.00676
32	0.00780	0.00623	0.00674	0.00681	0.00802	0.04857	0.00495	0.02050	0.06227	0.03633	0.20619	0.31225	0.20375	0.02932	0.00614	0.00177	0.00313	0.02000	0.00462	0.00461
33	0.01678	0.04695	0.01311	0.01125	0.01378	0.58373	0.00859	0.09322	0.01414	0.03661	0.03467	0.03689	0.00906	0.00560	0.00443	0.00129	0.00738	0.00388	0.05284	0.00582
34	0.01316	0.03241	0.04479	0.10411	0.40615	0.01174	0.04670	0.10329	0.09053	0.08253	0.01119	0.01291	0.00858	0.00490	0.00482	0.00149	0.00560	0.00448	0.00318	0.00744
35	0.01167	0.01118	0.01909	0.11950	0.71224	0.01143	0.01471	0.01459	0.01088	0.01544	0.00906	0.01210	0.00754	0.00438	0.00480	0.00146	0.00584	0.00432	0.00237	0.00742
36	0.02489	0.00746	0.00871	0.00788	0.00901	0.04527	0.00595	0.01153	0.02990	0.11508	0.07219	0.05192	0.13160	0.21947	0.08076	0.00299	0.16039	0.00658	0.00363	0.00480
37	0.01046	0.00871	0.01191	0.01095	0.05890	0.01004	0.04223	0.11393	0.04870	0.01633	0.07278	0.01603	0.01225	0.01399	0.20459	0.00312	0.20467	0.00492	0.08228	0.05322
38	0.13870	0.00917	0.01147	0.05765	0.01355	0.00914	0.03221	0.14958	0.01415	0.41164	0.06956	0.01553	0.01229	0.00589	0.00465	0.00150	0.00437	0.00472	0.02701	0.00724
39	0.00763	0.00502	0.00596	0.00572	0.00710	0.00456	0.00430	0.00947	0.01194	0.06109	0.33758	0.08270	0.26649	0.01081	0.02767	0.00170	0.00277	0.00855	0.13436	0.00458
40	0.01228	0.01076	0.01069	0.00933	0.01209	0.10894	0.00735	0.05231	0.31372	0.05602	0.01615	0.01903	0.03002	0.02126	0.04501	0.00181	0.01884	0.07343	0.00402	0.17694
41	0.00596	0.00438	0.00560	0.00643	0.00698	0.00401	0.00439	0.00699	0.00992	0.01310	0.09823	0.64619	0.14142	0.01430	0.00608	0.00188	0.00271	0.01283	0.00457	0.00401
42	0.00866	0.00720	0.00729	0.00698	0.00841	0.07994	0.00534	0.03358	0.02376	0.02960	0.13742	0.05167	0.25869	0.05346	0.10314	0.00247	0.03032	0.05482	0.09261	0.00464

[dist]
# distance from previous block
# <min> <max>
0	1

[block]
# block no. 9 follows, 52 sequences, length 19
# corresponding to MSA columns:
# 797-815
name=unknown_J
#
# <colnr> <probs for GDERKNQSTAVLIFYWHMCP>
#	G	D	E	R	K	N	Q	S	T	A	V	L	I	F	Y	W	H	M	C	P
0	0.01587	0.04188	0.05457	0.01261	0.05371	0.48388	0.00965	0.07399	0.15844	0.01510	0.01031	0.01113	0.00817	0.00598	0.02268	0.00150	0.00735	0.00376	0.00308	0.00636
1	0.00737	0.00570	0.00641	0.00604	0.00756	0.01816	0.00457	0.02235	0.05277	0.02964	0.42194	0.03757	0.32172	0.01031	0.00558	0.00156	0.00261	0.00882	0.02466	0.00469
2	0.00768	0.00556	0.00685	0.00690	0.00817	0.00534	0.00527	0.00990	0.05451	0.04471	0.16973	0.20855	0.19345	0.04937	0.00692	0.00190	0.02363	0.13656	0.02176	0.03325
3	0.00831	0.00424	0.00626	0.00626	0.00632	0.00420	0.00419	0.00634	0.00650	0.00860	0.01001	0.01598	0.03935	0.01666	0.01842	0.82540	0.00414	0.00444	0.00220	0.00218
4	0.00918	0.00758	0.00869	0.00794	0.00942	0.05762	0.03498	0.11698	0.02247	0.01517	0.09626	0.14128	0.12585	0.14941	0.17163	0.00337	0.00602	0.00755	0.00379	0.00479
5	0.06481	0.00882	0.01005	0.00731	0.01150	0.00705	0.00587	0.03859	0.01049	0.04289	0.00895	0.01018	0.00725	0.00380	0.00364	0.00082	0.00368	0.00297	0.00305	0.74829
6	0.01326	0.13601	0.24323	0.01276	0.06577	0.08757	0.03352	0.19384	0.09090	0.01828	0.01035	0.01149	0.00795	0.00665	0.04608	0.00175	0.00651	0.00395	0.00309	0.00705
7	0.03475	0.15962	0.06932	0.07766	0.18850	0.01205	0.17926	0.04969	0.01139	0.04586	0.04469	0.02870	0.05005	0.00526	0.00473	0.00144	0.00577	0.00487	0.00286	0.02352
8	0.00705	0.00470	0.00529	0.00529	0.00529	0.00470	0.00294	0.00705	0.00705	0.00940	0.01527	0.03171	0.01762	0.82969	0.02467	0.00470	0.00470	0.00705	0.00294	0.00294
9	0.00598	0.00434	0.00551	0.00641	0.00682	0.00402	0.00427	0.00680	0.00929	0.01219	0.02828	0.66727	0.11876	0.08619	0.00775	0.00217	0.00294	0.01278	0.00436	0.00387
10	0.08192	0.00889	0.01284	0.10926	0.06483	0.00933	0.10840	0.11629	0.05191	0.07858	0.09573	0.13130	0.01650	0.05558	0.00644	0.00181	0.01510	0.02553	0.00384	0.00593
11	0.01136	0.11227	0.11315	0.22289	0.22879	0.06543	0.04394	0.02884	0.05263	0.01455	0.00985	0.03389	0.00808	0.00498	0.00460	0.00146	0.00605	0.00432	0.02646	0.00649
12	0.00996	0.00953	0.01161	0.03319	0.01155	0.07782	0.00837	0.02308	0.02325	0.01222	0.02913	0.03154	0.02769	0.08442	0.17586	0.00334	0.39824	0.00504	0.01924	0.00493
13	0.05206	0.00571	0.00694	0.00665	0.00823	0.00526	0.00494	0.02603	0.01144	0.16591	0.15731	0.30370	0.18882	0.02680	0.00593	0.00175	0.00303	0.00962	0.00483	0.00503
14	0.02340	0.01013	0.05304	0.01053	0.06973	0.00865	0.04605	0.05772	0.04814	0.06246	0.01024	0.01223	0.00831	0.03326	0.03238	0.00146	0.05434	0.00378	0.00312	0.45103
15	0.03453	0.01236	0.01444	0.06903	0.18414	0.10502	0.02415	0.21160	0.11495	0.06647	0.01223	0.05449	0.00988	0.00595	0.00532	0.00151	0.04324	0.00482	0.00368	0.02219
16	0.00869	0.02647	0.21268	0.01036	0.05276	0.00771	0.02267	0.04152	0.04368	0.03296	0.04376	0.30554	0.07127	0.01149	0.05643	0.00210	0.00505	0.03566	0.00365	0.00554
17	0.08551	0.02331	0.02921	0.00896	0.05977	0.05973	0.00660	0.07398	0.07568	0.09322	0.11036	0.06437	0.11152	0.06285	0.00614	0.00172	0.00403	0.02678	0.09059	0.00568
18	0.17937	0.00988	0.01349	0.10859	0.32363	0.02901	0.01017	0.04699	0.01085	0.08741	0.01235	0.03757	0.04631	0.05761	0.00579	0.00170	0.00504	0.00473	0.00311	0.00639

[dist]
# distance from previous block
# <min> <max>
3	11

[block]
# block no. 10 follows, 52 sequences, length 20
# corresponding to MSA columns:
# 838-857
name=unknown_K
#
# <colnr> <probs for GDERKNQSTAVLIFYWHMCP>
#	G	D	E	R	K	N	Q	S	T	A	V	L	I	F	Y	W	H	M	C	P
0	0.01056	0.06591	0.07387	0.08864	0.03895	0.02541	0.05727	0.06156	0.10303	0.03685	0.05259	0.14165	0.03608	0.00740	0.00563	0.00155	0.05468	0.02984	0.00350	0.10502
1	0.01329	0.01339	0.01843	0.05428	0.24634	0.14491	0.19612	0.11028	0.05561	0.02818	0.01192	0.03871	0.03531	0.00534	0.00504	0.00150	0.00648	0.00503	0.00305	0.00680
2	0.03444	0.00894	0.02613	0.01911	0.01108	0.05627	0.02822	0.09606	0.06113	0.12029	0.16335	0.09875	0.10843	0.00873	0.02072	0.00167	0.05213	0.00673	0.03837	0.03944
3	0.22464	0.00985	0.01372	0.40063	0.05142	0.04251	0.07479	0.01323	0.00950	0.01505	0.00867	0.03922	0.00714	0.00530	0.00528	0.00162	0.06519	0.00428	0.00249	0.00548
4	0.04205	0.02942	0.20148	0.01366	0.03605	0.06081	0.23019	0.03599	0.02345	0.04630	0.01363	0.12065	0.03773	0.00655	0.00544	0.00160	0.02975	0.02675	0.00302	0.03548
5	0.01475	0.01244	0.03974	0.03939	0.21532	0.13768	0.03624	0.06184	0.08684	0.18764	0.04462	0.03163	0.03297	0.00590	0.00522	0.00150	0.03060	0.00492	0.00377	0.00701
6	0.00835	0.00653	0.00913	0.03780	0.02206	0.00703	0.04443	0.03987	0.00988	0.03691	0.08120	0.13476	0.12641	0.13912	0.16601	0.00336	0.09362	0.00745	0.02144	0.00463
7	0.00623	0.00468	0.00583	0.00659	0.00735	0.00434	0.00472	0.00764	0.02817	0.01316	0.05707	0.52625	0.20703	0.01396	0.00609	0.00190	0.00290	0.08741	0.00453	0.00413
8	0.01387	0.01446	0.11798	0.01206	0.01572	0.14949	0.13275	0.11030	0.17146	0.09572	0.03282	0.02774	0.03411	0.00602	0.00515	0.01542	0.00589	0.00497	0.02728	0.00677
9	0.03526	0.01058	0.01423	0.01301	0.08986	0.09114	0.15166	0.04675	0.11946	0.13189	0.03796	0.12214	0.03143	0.00901	0.05910	0.00201	0.00584	0.01844	0.00386	0.00636
10	0.01032	0.00943	0.01472	0.32490	0.27811	0.01050	0.01193	0.05764	0.03181	0.01479	0.01396	0.01759	0.09084	0.02922	0.00606	0.00168	0.04499	0.02258	0.00278	0.00613
11	0.03502	0.06631	0.04020	0.05121	0.19311	0.03018	0.00923	0.08054	0.14168	0.03882	0.07024	0.04495	0.09128	0.00784	0.03214	0.00173	0.00488	0.03162	0.02259	0.00642
12	0.01262	0.01147	0.02082	0.01621	0.05719	0.02755	0.43207	0.07521	0.05509	0.09857	0.03818	0.06998	0.01160	0.00569	0.00544	0.00159	0.00644	0.02044	0.00342	0.03042
13	0.04308	0.01534	0.01440	0.09211	0.14694	0.28300	0.01026	0.19348	0.09470	0.04479	0.01045	0.01154	0.00800	0.00524	0.00463	0.00142	0.00642	0.00400	0.00337	0.00683
14	0.00675	0.08437	0.00763	0.00680	0.00757	0.00558	0.00488	0.00775	0.00947	0.01243	0.04982	0.59805	0.06797	0.05595	0.02688	0.00214	0.00340	0.03426	0.00416	0.00416
15	0.01278	0.01010	0.01275	0.00990	0.01333	0.03136	0.09219	0.18717	0.08205	0.07730	0.06114	0.04519	0.01228	0.03316	0.03461	0.00162	0.00495	0.00490	0.00388	0.26934
16	0.01105	0.01077	0.02898	0.17076	0.43488	0.03615	0.07051	0.01421	0.03234	0.02589	0.06175	0.05028	0.02012	0.00544	0.00499	0.00152	0.00572	0.00518	0.00278	0.00669
17	0.01195	0.30479	0.20063	0.01085	0.03722	0.05915	0.03506	0.01645	0.13186	0.04559	0.04653	0.03846	0.03087	0.00556	0.00429	0.00137	0.00543	0.00436	0.00299	0.00656
18	0.00972	0.00684	0.00770	0.00697	0.00878	0.00702	0.00537	0.12458	0.11261	0.03496	0.24913	0.07569	0.12911	0.00923	0.02356	0.00164	0.00326	0.00722	0.17116	0.00546
19	0.04892	0.02723	0.01410	0.16417	0.04442	0.16322	0.08977	0.07556	0.03798	0.06682	0.03115	0.05429	0.04636	0.00638	0.00568	0.00156	0.06705	0.01955	0.02987	0.00593

[dist]
# distance from previous block
# <min> <max>
0	1

[block]
# block no. 11 follows, 52 sequences, length 19
# corresponding to MSA columns:
# 859-877
name=unknown_L
#
# <colnr> <probs for GDERKNQSTAVLIFYWHMCP>
#	G	D	E	R	K	N	Q	S	T	A	V	L	I	F	Y	W	H	M	C	P
