[name]
unknown

[dist]
# distance from previous block
# <min> <max>
0	4

[block]
# block no. 0 follows, 59 sequences, length 12
# corresponding to MSA columns:
# 27-33,42-46
name=unknown_A
#
# <colnr> <probs for GDERKNQSTAVLIFYWHMCP>
#	G	D	E	R	K	N	Q	S	T	A	V	L	I	F	Y	W	H	M	C	P
0	0.00580	0.00466	0.00529	0.00560	0.00695	0.00415	0.00451	0.00720	0.01010	0.01233	0.03817	0.04476	0.57224	0.01150	0.00549	0.00166	0.00280	0.24887	0.00409	0.00383
1	0.00573	0.00399	0.00502	0.00570	0.00587	0.00382	0.00362	0.00624	0.00777	0.01036	0.02083	0.56779	0.02478	0.29399	0.01132	0.00263	0.00314	0.01049	0.00362	0.00328
2	0.00889	0.00647	0.00763	0.00738	0.00865	0.00670	0.00542	0.25130	0.01225	0.01637	0.02011	0.58600	0.02253	0.01121	0.00526	0.00165	0.00327	0.00991	0.00420	0.00480
3	0.00886	0.02285	0.82190	0.01259	0.01912	0.01026	0.01632	0.01399	0.00932	0.01399	0.00793	0.00932	0.00559	0.00420	0.00420	0.00140	0.00653	0.00326	0.00186	0.00653
4	0.00577	0.00471	0.00551	0.00546	0.00675	0.00452	0.00417	0.00742	0.03410	0.01184	0.06286	0.03359	0.51366	0.01770	0.25826	0.00321	0.00522	0.00772	0.00361	0.00391
5	0.01559	0.01954	0.01265	0.01141	0.01338	0.71905	0.00868	0.01671	0.01175	0.01079	0.00669	0.00819	0.00570	0.00497	0.00538	0.00124	0.11798	0.00298	0.00223	0.00508
6	0.01480	0.01749	0.01174	0.01064	0.01299	0.57584	0.00806	0.01943	0.25778	0.01317	0.01026	0.01059	0.00809	0.00499	0.00414	0.00125	0.00659	0.00351	0.00296	0.00570
7	0.00862	0.01259	0.26240	0.54266	0.06457	0.00998	0.01357	0.01222	0.00904	0.01227	0.00790	0.01098	0.00585	0.00433	0.00435	0.00144	0.00605	0.00372	0.00194	0.00551
8	0.01024	0.00603	0.00671	0.00589	0.00795	0.03502	0.00460	0.01165	0.01122	0.26137	0.11941	0.03173	0.45302	0.00894	0.00493	0.00143	0.00290	0.00743	0.00454	0.00499
9	0.00698	0.00597	0.00789	0.00737	0.00801	0.00687	0.00573	0.00833	0.00961	0.01346	0.30249	0.17959	0.14325	0.00986	0.00815	0.00165	0.25912	0.00778	0.00370	0.00420
10	0.00832	0.01738	0.57108	0.01122	0.01605	0.00866	0.01349	0.01250	0.00958	0.01375	0.01268	0.02179	0.01170	0.00666	0.00478	0.00159	0.00577	0.24468	0.00254	0.00577
11	0.00894	0.09255	0.49705	0.00952	0.01410	0.00903	0.01144	0.01278	0.00927	0.01442	0.00976	0.01132	0.00736	0.00445	0.00373	0.00124	0.00499	0.00344	0.26890	0.00571

[dist]
# distance from previous block
# <min> <max>
0	1

[block]
# block no. 1 follows, 59 sequences, length 21
# corresponding to MSA columns:
# 48-68
name=unknown_B
#
# <colnr> <probs for GDERKNQSTAVLIFYWHMCP>
#	G	D	E	R	K	N	Q	S	T	A	V	L	I	F	Y	W	H	M	C	P
0	0.00547	0.00397	0.00517	0.00596	0.00640	0.00367	0.00405	0.00643	0.00906	0.01209	0.12056	0.68625	0.08846	0.01307	0.00556	0.00172	0.00248	0.01177	0.00419	0.00367
1	0.01130	0.11026	0.01214	0.00914	0.01169	0.05845	0.04137	0.10528	0.44245	0.01698	0.01552	0.12019	0.01316	0.00648	0.00444	0.00143	0.00410	0.00542	0.00390	0.00630
2	0.00966	0.00991	0.01020	0.00892	0.01071	0.21296	0.10097	0.03288	0.04903	0.01464	0.30407	0.14463	0.05754	0.00784	0.00491	0.00141	0.00443	0.00685	0.00372	0.00474
3	0.01028	0.00965	0.01629	0.08413	0.66261	0.00980	0.01269	0.01286	0.00998	0.01405	0.01008	0.01565	0.00912	0.00496	0.00458	0.00141	0.00515	0.09782	0.00240	0.00649
4	0.00571	0.00438	0.00508	0.00521	0.00607	0.00411	0.00365	0.00663	0.00868	0.01106	0.06061	0.14910	0.37718	0.20341	0.12655	0.00296	0.00411	0.00842	0.00356	0.00352
5	0.01115	0.01031	0.01689	0.16732	0.54782	0.01079	0.04654	0.10771	0.01114	0.01547	0.00853	0.01108	0.00685	0.00417	0.00442	0.00135	0.00541	0.00399	0.00242	0.00664
6	0.11926	0.01919	0.01183	0.01072	0.01298	0.70302	0.00812	0.01685	0.01173	0.01188	0.00671	0.00792	0.00558	0.00460	0.00417	0.00119	0.03404	0.00282	0.00232	0.00507
7	0.01774	0.10837	0.01176	0.00791	0.01124	0.00830	0.00665	0.05104	0.06298	0.61542	0.04145	0.01457	0.01132	0.00541	0.00428	0.00132	0.00385	0.00432	0.00492	0.00715
8	0.00689	0.00599	0.01007	0.01064	0.10626	0.00568	0.13609	0.00836	0.00898	0.01209	0.02024	0.56995	0.04354	0.02605	0.00571	0.00172	0.00371	0.01012	0.00354	0.00437
9	0.01869	0.00964	0.01133	0.00875	0.01217	0.04093	0.00720	0.27861	0.01531	0.52764	0.01476	0.01330	0.00960	0.00538	0.00442	0.00134	0.00429	0.00423	0.00500	0.00742
10	0.64686	0.00962	0.04465	0.06138	0.03103	0.01014	0.10144	0.02440	0.00828	0.01833	0.00678	0.00827	0.00521	0.00409	0.00326	0.00139	0.00425	0.00292	0.00260	0.00510
11	0.06456	0.00957	0.01047	0.00947	0.01044	0.14129	0.03325	0.01131	0.02313	0.04393	0.03439	0.25435	0.01394	0.00856	0.00832	0.00167	0.30738	0.00636	0.00295	0.00467
12	0.01084	0.01040	0.01776	0.05523	0.78982	0.01047	0.01351	0.01348	0.01001	0.01432	0.00829	0.01096	0.00696	0.00395	0.00437	0.00132	0.00527	0.00393	0.00218	0.00692
13	0.01033	0.00934	0.01163	0.00867	0.01233	0.07033	0.11156	0.02939	0.02317	0.04524	0.00926	0.04769	0.00783	0.00408	0.00378	0.00091	0.00421	0.00357	0.00279	0.58388
14	0.00906	0.07898	0.76752	0.01225	0.01859	0.01075	0.01572	0.01394	0.00930	0.01374	0.00780	0.00917	0.00560	0.00417	0.00410	0.00137	0.00640	0.00320	0.00187	0.00647
15	0.01604	0.01247	0.01273	0.01002	0.01326	0.07285	0.00817	0.69178	0.01929	0.02544	0.01078	0.03569	0.00816	0.00652	0.03454	0.00154	0.00527	0.00418	0.00418	0.00709
16	0.00760	0.00639	0.00684	0.00647	0.00823	0.00658	0.00495	0.01319	0.31705	0.01513	0.12550	0.06583	0.36747	0.00907	0.00497	0.00150	0.00275	0.02111	0.00434	0.00503
17	0.01203	0.75274	0.05529	0.00805	0.01183	0.07665	0.00799	0.01358	0.00925	0.01057	0.00626	0.00724	0.00567	0.00385	0.00297	0.00098	0.00504	0.00243	0.00192	0.00566
18	0.00581	0.00451	0.00529	0.00514	0.00638	0.00399	0.00388	0.00745	0.01133	0.01496	0.44295	0.03778	0.39300	0.01010	0.00524	0.00145	0.00221	0.03008	0.00449	0.00397
19	0.00890	0.00756	0.00925	0.05905	0.07949	0.00831	0.00690	0.01579	0.38529	0.01593	0.13740	0.05567	0.08944	0.00915	0.06519	0.00190	0.00406	0.03103	0.00398	0.00570
20	0.00611	0.00459	0.00512	0.00496	0.00637	0.00396	0.00373	0.00751	0.01080	0.04683	0.25564	0.05939	0.54843	0.01042	0.00520	0.00147	0.00227	0.00884	0.00437	0.00400

[dist]
# distance from previous block
# <min> <max>
0	29

[block]
# block no. 2 follows, 59 sequences, length 50
# corresponding to MSA columns:
# 98-119,122-149
name=unknown_C
#
# <colnr> <probs for GDERKNQSTAVLIFYWHMCP>
#	G	D	E	R	K	N	Q	S	T	A	V	L	I	F	Y	W	H	M	C	P
0	0.01886	0.00779	0.01029	0.00794	0.01125	0.00701	0.00654	0.08948	0.01335	0.70965	0.05757	0.01556	0.01220	0.00563	0.00448	0.00136	0.00377	0.00458	0.00534	0.00734
1	0.01181	0.84744	0.02314	0.00756	0.01134	0.01748	0.00756	0.01323	0.00897	0.01039	0.00614	0.00708	0.00567	0.00378	0.00283	0.00094	0.00472	0.00236	0.00189	0.00567
2	0.00641	0.00432	0.00502	0.00502	0.00509	0.00439	0.00293	0.00655	0.00648	0.00871	0.01373	0.02789	0.01562	0.77346	0.09320	0.00453	0.00495	0.00627	0.00265	0.00279
3	0.01251	0.77363	0.02201	0.00758	0.01133	0.01651	0.00746	0.01395	0.00930	0.08156	0.00713	0.00778	0.00613	0.00393	0.00298	0.00098	0.00464	0.00254	0.00220	0.00583
4	0.87598	0.00854	0.00649	0.00581	0.00854	0.00991	0.00478	0.01298	0.00752	0.01982	0.00615	0.00717	0.00478	0.00410	0.00273	0.00137	0.00342	0.00239	0.00273	0.00478
5	0.00695	0.00467	0.00613	0.00567	0.00684	0.00429	0.00429	0.00901	0.01251	0.05886	0.77402	0.03207	0.04010	0.00885	0.00517	0.00139	0.00217	0.00781	0.00489	0.00434
6	0.00537	0.00388	0.00509	0.00606	0.00638	0.00359	0.00406	0.00616	0.00854	0.01131	0.02538	0.80106	0.06938	0.01370	0.00562	0.00178	0.00255	0.01239	0.00410	0.00359
7	0.00640	0.00435	0.00518	0.00518	0.00531	0.00448	0.00313	0.00666	0.00653	0.00883	0.01358	0.02705	0.01525	0.71477	0.15139	0.00473	0.00549	0.00615	0.00263	0.00288
8	0.00966	0.00966	0.01353	0.01160	0.01160	0.01353	0.00966	0.01063	0.00676	0.01063	0.00580	0.00966	0.00580	0.00773	0.01449	0.00193	0.83670	0.00387	0.00193	0.00483
9	0.00537	0.00449	0.00470	0.00472	0.00614	0.00381	0.00357	0.00659	0.01024	0.01243	0.10608	0.05811	0.70918	0.01110	0.00526	0.00151	0.00230	0.03648	0.00416	0.00377
10	0.01667	0.01231	0.01319	0.01014	0.01365	0.01364	0.00837	0.78664	0.03682	0.02764	0.01075	0.01072	0.00763	0.00532	0.00442	0.00133	0.00483	0.00400	0.00442	0.00750
11	0.01650	0.02105	0.01252	0.01138	0.01365	0.82705	0.00853	0.01764	0.01252	0.01081	0.00683	0.00796	0.00569	0.00455	0.00398	0.00114	0.00796	0.00284	0.00228	0.00512
12	0.00621	0.00526	0.03609	0.00605	0.00728	0.00430	0.00458	0.00770	0.00994	0.01374	0.27698	0.36464	0.09960	0.03835	0.00572	0.00158	0.00266	0.00920	0.00406	0.09608
13	0.12221	0.04815	0.08400	0.01189	0.09182	0.35105	0.00917	0.20131	0.01318	0.01656	0.00785	0.00886	0.00612	0.00455	0.00394	0.00124	0.00615	0.00318	0.00278	0.00597
14	0.69100	0.00935	0.00826	0.00760	0.04272	0.04538	0.03219	0.05982	0.00890	0.01941	0.03668	0.00868	0.00651	0.00435	0.00313	0.00136	0.00386	0.00287	0.00285	0.00507
15	0.01194	0.68881	0.04777	0.00891	0.01278	0.04425	0.07764	0.04281	0.00967	0.01150	0.00663	0.00774	0.00583	0.00387	0.00318	0.00103	0.00514	0.00272	0.00203	0.00577
16	0.01093	0.01049	0.01793	0.02711	0.81723	0.01049	0.01355	0.01355	0.01006	0.01443	0.00831	0.01093	0.00700	0.00394	0.00437	0.00131	0.00525	0.00394	0.00219	0.00700
17	0.01425	0.01160	0.01151	0.00960	0.01251	0.09363	0.00765	0.33551	0.35301	0.06440	0.01374	0.01320	0.01011	0.00610	0.02143	0.00150	0.00468	0.00433	0.00425	0.00698
18	0.01110	0.01069	0.01847	0.02573	0.71758	0.01067	0.08258	0.04292	0.01049	0.01490	0.00845	0.01101	0.00699	0.00397	0.00445	0.00133	0.00543	0.00405	0.00227	0.00692
19	0.00564	0.00431	0.00517	0.00533	0.00632	0.00385	0.00386	0.00701	0.01050	0.01385	0.31847	0.26089	0.31656	0.01114	0.00533	0.00154	0.00227	0.00973	0.00438	0.00385
20	0.00860	0.00807	0.01341	0.72063	0.09880	0.00980	0.01206	0.01180	0.03568	0.01180	0.00852	0.02664	0.00665	0.00459	0.00444	0.00146	0.00569	0.00412	0.00210	0.00514
21	0.00682	0.00556	0.00616	0.00583	0.00737	0.00543	0.00442	0.01071	0.18113	0.01541	0.31668	0.03353	0.36573	0.00930	0.00506	0.00146	0.00245	0.00792	0.00446	0.00458
22	0.01679	0.01237	0.01325	0.01016	0.01370	0.01370	0.00839	0.80251	0.02077	0.02783	0.01060	0.01060	0.00751	0.00530	0.00442	0.00133	0.00486	0.00398	0.00442	0.00751
23	0.00604	0.00464	0.00480	0.00466	0.00626	0.00388	0.00353	0.00719	0.01021	0.05724	0.04321	0.04096	0.77034	0.01086	0.00518	0.00148	0.00232	0.00905	0.00418	0.00394
24	0.01401	0.00929	0.01056	0.00874	0.01134	0.00983	0.00697	0.46568	0.01615	0.13541	0.01545	0.23125	0.01408	0.00772	0.00478	0.00147	0.00408	0.02231	0.00448	0.00641
25	0.00538	0.00384	0.00512	0.00615	0.00641	0.00359	0.00410	0.00615	0.00846	0.01127	0.02434	0.84190	0.02921	0.01384	0.00564	0.00179	0.00256	0.01256	0.00410	0.00359
26	0.01108	0.01087	0.01808	0.02631	0.76221	0.03507	0.04402	0.01370	0.01014	0.01431	0.00829	0.01088	0.00695	0.00395	0.00439	0.00131	0.00541	0.00395	0.00219	0.00690
27	0.00642	0.00430	0.00489	0.00489	0.00491	0.00432	0.00276	0.00647	0.00644	0.00861	0.01385	0.02856	0.01591	0.82038	0.04667	0.00437	0.00451	0.00637	0.00267	0.00271
28	0.00631	0.00473	0.00710	0.00710	0.00789	0.00552	0.00552	0.00789	0.00710	0.01025	0.01183	0.01735	0.01104	0.03312	0.82728	0.00710	0.01183	0.00473	0.00237	0.00394
29	0.04181	0.01055	0.04387	0.02362	0.65185	0.01006	0.04089	0.01421	0.01019	0.08539	0.00925	0.01168	0.00746	0.00419	0.00437	0.00134	0.00516	0.01472	0.00251	0.00687
30	0.00997	0.01506	0.25492	0.01688	0.02194	0.01091	0.57549	0.01410	0.01011	0.01410	0.00864	0.01117	0.00638	0.00386	0.00492	0.00146	0.00718	0.00465	0.00213	0.00612
31	0.00538	0.00384	0.00512	0.00615	0.00641	0.00359	0.00410	0.00615	0.00846	0.01127	0.02434	0.84190	0.02921	0.01384	0.00564	0.00179	0.00256	0.01256	0.00410	0.00359
32	0.01020	0.01291	0.11184	0.04675	0.04945	0.01100	0.66198	0.01401	0.01024	0.01404	0.00877	0.01159	0.00656	0.00381	0.00505	0.00147	0.00722	0.00491	0.00218	0.00602
33	0.00902	0.02168	0.73729	0.01323	0.01954	0.01035	0.09976	0.01400	0.00944	0.01400	0.00803	0.00960	0.00571	0.00415	0.00430	0.00141	0.00662	0.00347	0.00190	0.00647
34	0.00944	0.00934	0.01310	0.01130	0.01135	0.01300	0.00939	0.01045	0.00679	0.01060	0.00619	0.01017	0.00614	0.00940	0.06799	0.00227	0.78241	0.00392	0.00196	0.00477
35	0.87598	0.00854	0.00649	0.00581	0.00854	0.00991	0.00478	0.01298	0.00752	0.01982	0.00615	0.00717	0.00478	0.00410	0.00273	0.00137	0.00342	0.00239	0.00273	0.00478
36	0.01912	0.00736	0.01003	0.00774	0.01104	0.00637	0.00637	0.02085	0.01263	0.77929	0.05817	0.01595	0.01250	0.00565	0.00448	0.00137	0.00367	0.00462	0.00544	0.00735
37	0.01174	0.77380	0.02199	0.00768	0.01135	0.01691	0.00751	0.01413	0.07930	0.01110	0.00718	0.00791	0.00635	0.00397	0.00298	0.00099	0.00462	0.00259	0.00212	0.00578
38	0.00935	0.15053	0.68283	0.01192	0.01798	0.01139	0.02993	0.01387	0.00929	0.01343	0.00767	0.00903	0.00563	0.00412	0.00400	0.00133	0.00626	0.00316	0.00188	0.00638
39	0.00538	0.00384	0.00512	0.00615	0.00641	0.00359	0.00410	0.00615	0.00846	0.01127	0.02434	0.84190	0.02921	0.01384	0.00564	0.00179	0.00256	0.01256	0.00410	0.00359
40	0.00538	0.00384	0.00512	0.00615	0.00641	0.00359	0.00410	0.00615	0.00846	0.01127	0.02434	0.84190	0.02921	0.01384	0.00564	0.00179	0.00256	0.01256	0.00410	0.00359
41	0.01091	0.01089	0.01634	0.07205	0.64945	0.08179	0.01240	0.01333	0.01020	0.01377	0.01042	0.01269	0.05727	0.00447	0.00439	0.00132	0.00534	0.00417	0.00230	0.00650
42	0.00862	0.00813	0.01374	0.74837	0.11406	0.00989	0.01240	0.01153	0.00896	0.01162	0.00790	0.01169	0.00601	0.00436	0.00441	0.00145	0.00582	0.00393	0.00199	0.00513
43	0.00826	0.01864	0.63473	0.01098	0.01624	0.00886	0.01353	0.01269	0.01005	0.01484	0.19303	0.01475	0.01387	0.00530	0.00443	0.00140	0.00551	0.00435	0.00255	0.00599
44	0.00631	0.00473	0.00710	0.00710	0.00789	0.00552	0.00552	0.00789	0.00710	0.01025	0.01183	0.01735	0.01104	0.03312	0.82728	0.00710	0.01183	0.00473	0.00237	0.00394
45	0.87598	0.00854	0.00649	0.00581	0.00854	0.00991	0.00478	0.01298	0.00752	0.01982	0.00615	0.00717	0.00478	0.00410	0.00273	0.00137	0.00342	0.00239	0.00273	0.00478
46	0.03471	0.08053	0.02398	0.00896	0.01264	0.02615	0.03379	0.37222	0.01483	0.09929	0.00988	0.01024	0.00727	0.00452	0.00395	0.00112	0.00444	0.00349	0.00363	0.24437
47	0.00624	0.00484	0.00683	0.00706	0.00755	0.00546	0.00525	0.00738	0.00768	0.01072	0.01717	0.36554	0.03366	0.03663	0.36737	0.00417	0.09143	0.00807	0.00309	0.00386
48	0.00546	0.00390	0.00519	0.00610	0.00642	0.00364	0.00411	0.00634	0.00881	0.01184	0.09381	0.77082	0.03031	0.01341	0.00560	0.00176	0.00252	0.01215	0.00417	0.00364
49	0.00916	0.00720	0.00788	0.00721	0.00923	0.00765	0.00560	0.02837	0.39699	0.05758	0.14871	0.02678	0.22785	0.00799	0.00484	0.00149	0.00300	0.03234	0.00448	0.00564

[dist]
# distance from previous block
# <min> <max>
4	21

[block]
# block no. 3 follows, 59 sequences, length 19
# corresponding to MSA columns:
# 172-182,187-194
name=unknown_D
#
# <colnr> <probs for GDERKNQSTAVLIFYWHMCP>
#	G	D	E	R	K	N	Q	S	T	A	V	L	I	F	Y	W	H	M	C	P
0	0.81475	0.02669	0.00696	0.00592	0.00862	0.01000	0.00487	0.03025	0.00781	0.01948	0.00646	0.00784	0.00517	0.02686	0.00331	0.00144	0.00350	0.00253	0.00275	0.00481
1	0.00632	0.00467	0.00680	0.00680	0.00748	0.00536	0.00515	0.00770	0.00701	0.01003	0.01210	0.01886	0.01170	0.13941	0.72189	0.00673	0.01084	0.00495	0.00241	0.00378
2	0.01628	0.06273	0.01312	0.01108	0.01354	0.71940	0.00847	0.08122	0.01301	0.01217	0.00710	0.00813	0.00584	0.00457	0.00396	0.00114	0.00755	0.00291	0.00243	0.00534
3	0.00618	0.00450	0.00576	0.00545	0.00649	0.00414	0.00406	0.00813	0.01212	0.01698	0.73192	0.03354	0.09698	0.03744	0.00579	0.00149	0.00217	0.00803	0.00473	0.00409
4	0.01619	0.01207	0.01292	0.01004	0.01347	0.01342	0.00825	0.72251	0.10173	0.02687	0.01136	0.01121	0.00812	0.00537	0.00443	0.00134	0.00472	0.00408	0.00443	0.00746
5	0.00613	0.00434	0.00566	0.00564	0.00650	0.00403	0.00411	0.00790	0.01144	0.01618	0.60200	0.21909	0.03764	0.00999	0.00523	0.00147	0.00219	0.00889	0.03753	0.00403
6	0.00609	0.00472	0.00696	0.02715	0.00838	0.00455	0.05619	0.00750	0.02808	0.01191	0.04426	0.65270	0.02665	0.02625	0.00585	0.00181	0.00311	0.07002	0.00393	0.00389
7	0.00552	0.00438	0.00498	0.00518	0.00632	0.00384	0.00384	0.00677	0.01014	0.01281	0.16613	0.20582	0.48584	0.01143	0.00535	0.00156	0.00237	0.04968	0.00422	0.00379
8	0.01254	0.71781	0.02148	0.00816	0.01170	0.14447	0.00771	0.01392	0.00953	0.01046	0.00625	0.00722	0.00567	0.00390	0.00301	0.00097	0.00523	0.00244	0.00195	0.00558
9	0.00552	0.00394	0.00528	0.00631	0.00662	0.00371	0.00434	0.00639	0.00859	0.01143	0.02427	0.77947	0.02891	0.01371	0.00567	0.00181	0.00268	0.07363	0.00410	0.00363
10	0.00951	0.13853	0.61664	0.01353	0.10918	0.01131	0.01476	0.01383	0.00936	0.01353	0.00772	0.00919	0.00577	0.00411	0.00402	0.00132	0.00612	0.00321	0.00191	0.00646
11	0.01490	0.13832	0.05363	0.01262	0.10687	0.55391	0.00930	0.01646	0.01157	0.03356	0.00724	0.00844	0.00598	0.00438	0.00389	0.00115	0.00700	0.00297	0.00228	0.00555
12	0.00536	0.00429	0.00480	0.00508	0.00616	0.00373	0.00366	0.00647	0.00980	0.01227	0.11025	0.28417	0.50485	0.01179	0.00535	0.00157	0.00232	0.01018	0.00417	0.00373
13	0.00916	0.00785	0.00916	0.00654	0.01047	0.00589	0.00523	0.01112	0.00916	0.01439	0.00785	0.00916	0.00654	0.00327	0.00327	0.00065	0.00327	0.00262	0.00262	0.87178
14	0.01169	0.18595	0.36053	0.01169	0.04318	0.01209	0.07279	0.13394	0.04245	0.07177	0.00911	0.00999	0.00671	0.00439	0.00407	0.00130	0.00563	0.00351	0.00265	0.00656
15	0.01308	0.62411	0.02027	0.00859	0.01196	0.23626	0.00782	0.01442	0.00993	0.01050	0.00633	0.00732	0.00567	0.00399	0.00314	0.00100	0.00560	0.00249	0.00199	0.00552
16	0.00761	0.00390	0.00578	0.00578	0.00586	0.00394	0.00391	0.00602	0.00595	0.00811	0.00813	0.01375	0.00798	0.01603	0.06313	0.79358	0.00423	0.00390	0.03032	0.00211
17	0.00920	0.02016	0.66649	0.01217	0.01805	0.00994	0.05256	0.01441	0.05795	0.02908	0.00911	0.02817	0.00678	0.00448	0.00426	0.00138	0.00611	0.00366	0.00219	0.04384
18	0.05061	0.08376	0.26881	0.01035	0.01442	0.05931	0.08459	0.05652	0.05614	0.15139	0.02284	0.06059	0.05047	0.00548	0.00432	0.00138	0.00518	0.00455	0.00314	0.00614

[dist]
# distance from previous block
# <min> <max>
0	1

[block]
# block no. 4 follows, 59 sequences, length 27
# corresponding to MSA columns:
# 198-215,220-228
name=unknown_E
#
# <colnr> <probs for GDERKNQSTAVLIFYWHMCP>
#	G	D	E	R	K	N	Q	S	T	A	V	L	I	F	Y	W	H	M	C	P
0	0.00598	0.00451	0.00552	0.00583	0.00669	0.00424	0.00419	0.00781	0.05262	0.01350	0.23967	0.36529	0.19070	0.03715	0.00591	0.00169	0.00252	0.03794	0.00428	0.00394
1	0.00815	0.00494	0.00648	0.00585	0.00724	0.00448	0.00447	0.01015	0.01244	0.13212	0.67546	0.03074	0.06297	0.00859	0.00510	0.00139	0.00233	0.00753	0.00492	0.00463
2	0.01065	0.01037	0.01819	0.10109	0.67680	0.01049	0.08048	0.01339	0.00997	0.01411	0.00832	0.01109	0.00687	0.00396	0.00445	0.00134	0.00549	0.00404	0.00217	0.00671
3	0.01116	0.01073	0.03296	0.06306	0.72439	0.02658	0.01323	0.01379	0.01012	0.03936	0.00853	0.01101	0.00701	0.00402	0.00437	0.00132	0.00531	0.00392	0.00227	0.00687
4	0.00567	0.00447	0.00507	0.00504	0.00625	0.00393	0.00375	0.00708	0.01068	0.01375	0.29902	0.07991	0.46780	0.03830	0.00584	0.00158	0.00232	0.03140	0.00431	0.00384
5	0.72548	0.00853	0.00726	0.00625	0.00911	0.00956	0.00515	0.04162	0.00870	0.13289	0.00789	0.00840	0.00574	0.00433	0.00303	0.00137	0.00351	0.00274	0.00318	0.00526
6	0.00565	0.00422	0.00605	0.00673	0.00718	0.00395	0.03663	0.00658	0.00860	0.01146	0.02368	0.78061	0.02816	0.01337	0.00564	0.00179	0.00281	0.03919	0.00402	0.00370
7	0.00542	0.00386	0.00511	0.00610	0.00634	0.00362	0.00404	0.00616	0.00837	0.01116	0.02392	0.80882	0.02868	0.04764	0.00632	0.00189	0.00263	0.01231	0.00404	0.00355
8	0.01093	0.01049	0.01793	0.02711	0.81723	0.01049	0.01355	0.01355	0.01006	0.01443	0.00831	0.01093	0.00700	0.00394	0.00437	0.00131	0.00525	0.00394	0.00219	0.00700
9	0.00834	0.00785	0.01325	0.83417	0.03042	0.00981	0.01227	0.01128	0.00883	0.01128	0.00785	0.01178	0.00589	0.00442	0.00442	0.00147	0.00589	0.00393	0.00196	0.00491
10	0.01410	0.01709	0.01259	0.01127	0.01282	0.55787	0.00874	0.01521	0.01063	0.01073	0.00673	0.00884	0.00594	0.00663	0.04040	0.00161	0.24842	0.00322	0.00218	0.00499
11	0.00823	0.00412	0.00412	0.00412	0.00515	0.00412	0.00309	0.01029	0.00926	0.01647	0.01441	0.01647	0.01132	0.00515	0.00309	0.00103	0.00206	0.00412	0.86930	0.00412
12	0.00642	0.00428	0.00482	0.00482	0.00482	0.00428	0.00268	0.00642	0.00642	0.00856	0.01392	0.02890	0.01606	0.84478	0.02248	0.00428	0.00428	0.00642	0.00268	0.00268
13	0.01949	0.04156	0.01077	0.00785	0.01128	0.00694	0.00653	0.02119	0.01249	0.78746	0.01697	0.01471	0.01072	0.00540	0.00438	0.00135	0.00380	0.00436	0.00532	0.00744
14	0.01679	0.01237	0.01325	0.01016	0.01370	0.01370	0.00839	0.80251	0.02077	0.02783	0.01060	0.01060	0.00751	0.00530	0.00442	0.00133	0.00486	0.00398	0.00442	0.00751
15	0.00618	0.00451	0.00580	0.00548	0.00655	0.00414	0.00411	0.00819	0.01232	0.01729	0.75843	0.03369	0.09841	0.00919	0.00521	0.00140	0.00209	0.00809	0.00481	0.00414
16	0.00642	0.00428	0.00482	0.00482	0.00482	0.00428	0.00268	0.00642	0.00642	0.00856	0.01392	0.02890	0.01606	0.84478	0.02248	0.00428	0.00428	0.00642	0.00268	0.00268
17	0.00886	0.02285	0.82190	0.01259	0.01912	0.01026	0.01632	0.01399	0.00932	0.01399	0.00793	0.00932	0.00559	0.00420	0.00420	0.00140	0.00653	0.00326	0.00186	0.00653
18	0.01054	0.01001	0.01701	0.12617	0.70011	0.01025	0.01314	0.01319	0.00989	0.01409	0.00840	0.01117	0.00697	0.00402	0.00435	0.00132	0.00525	0.00394	0.02351	0.00667
19	0.00631	0.00473	0.00710	0.00710	0.00789	0.00552	0.00552	0.00789	0.00710	0.01025	0.01183	0.01735	0.01104	0.03312	0.82728	0.00710	0.01183	0.00473	0.00237	0.00394
20	0.00642	0.00428	0.00482	0.00482	0.00482	0.00428	0.00268	0.00642	0.00642	0.00856	0.01392	0.02890	0.01606	0.84478	0.02248	0.00428	0.00428	0.00642	0.00268	0.00268
21	0.01135	0.65817	0.05922	0.11436	0.01446	0.04169	0.02413	0.01317	0.00911	0.01076	0.00652	0.00792	0.00571	0.00390	0.00318	0.00105	0.00511	0.00268	0.00192	0.00560
22	0.00667	0.00446	0.00529	0.00531	0.00551	0.00451	0.00326	0.00692	0.00698	0.02934	0.01591	0.13247	0.03921	0.64070	0.05147	0.00387	0.02503	0.00711	0.00294	0.00305
23	0.01042	0.01191	0.02606	0.01862	0.02308	0.01117	0.80119	0.01415	0.01042	0.01415	0.00894	0.01191	0.00670	0.00372	0.00521	0.00149	0.00745	0.00521	0.00223	0.00596
24	0.00963	0.02087	0.70956	0.01225	0.01831	0.00997	0.03974	0.03174	0.00989	0.06013	0.03184	0.01044	0.00702	0.00442	0.00428	0.00140	0.00623	0.00354	0.00222	0.00652
25	0.03470	0.13664	0.15828	0.06345	0.20557	0.02574	0.22858	0.01392	0.00987	0.05280	0.00873	0.02646	0.00695	0.00421	0.00432	0.00134	0.00590	0.00407	0.00230	0.00618
26	0.61747	0.00746	0.00653	0.00599	0.00826	0.00849	0.00484	0.01179	0.00778	0.03954	0.01011	0.01170	0.05719	0.01003	0.15713	0.00244	0.00490	0.00336	0.02036	0.00462

[dist]
# distance from previous block
# <min> <max>
0	9

[block]
# block no. 5 follows, 59 sequences, length 75
# corresponding to MSA columns:
# 242-253,262-301,312-334
name=unknown_F
#
# <colnr> <probs for GDERKNQSTAVLIFYWHMCP>
#	G	D	E	R	K	N	Q	S	T	A	V	L	I	F	Y	W	H	M	C	P
0	0.00916	0.04727	0.43581	0.01212	0.06860	0.03032	0.07176	0.02812	0.01017	0.01457	0.12930	0.01359	0.02390	0.00500	0.00455	0.00133	0.02241	0.00419	0.00251	0.06533
1	0.51339	0.03260	0.04578	0.00661	0.00908	0.03145	0.00556	0.05952	0.02180	0.01792	0.05537	0.12564	0.03146	0.00603	0.00358	0.00141	0.00357	0.00451	0.01985	0.00486
2	0.01016	0.01204	0.08102	0.02762	0.01782	0.05037	0.38224	0.01285	0.00918	0.01282	0.00795	0.02384	0.00663	0.00517	0.00778	0.00155	0.26056	0.00446	0.00217	0.06378
3	0.01111	0.01074	0.01790	0.02572	0.73498	0.02446	0.04701	0.02758	0.03074	0.01469	0.00860	0.01106	0.00714	0.00401	0.00441	0.00132	0.00534	0.00400	0.00229	0.00693
4	0.00856	0.00797	0.01321	0.70825	0.08826	0.00968	0.01195	0.01174	0.03415	0.01184	0.00894	0.01366	0.00713	0.00480	0.00449	0.00149	0.00568	0.04096	0.00216	0.00509
5	0.01982	0.00752	0.01025	0.00786	0.01127	0.00649	0.00649	0.02152	0.01264	0.82029	0.01742	0.01503	0.01093	0.00547	0.00444	0.00137	0.00376	0.00444	0.00547	0.00752
6	0.00617	0.00451	0.00580	0.00547	0.00655	0.00413	0.00411	0.00818	0.01232	0.01727	0.75672	0.03371	0.10012	0.00919	0.00521	0.00140	0.00210	0.00809	0.00480	0.00413
7	0.00522	0.00447	0.00447	0.00447	0.00597	0.00373	0.00336	0.00634	0.01007	0.01193	0.04474	0.04250	0.81544	0.01119	0.00522	0.00149	0.00224	0.00932	0.00410	0.00373
8	0.01323	0.01650	0.05809	0.01284	0.02742	0.42641	0.14698	0.01504	0.01058	0.01168	0.00708	0.00918	0.00593	0.00504	0.00649	0.00137	0.18896	0.00351	0.00218	0.03147
9	0.00631	0.00473	0.00710	0.00710	0.00789	0.00552	0.00552	0.00789	0.00710	0.01025	0.01183	0.01735	0.01104	0.03312	0.82728	0.00710	0.01183	0.00473	0.00237	0.00394
10	0.00834	0.00785	0.01325	0.83417	0.03042	0.00981	0.01227	0.01128	0.00883	0.01128	0.00785	0.01178	0.00589	0.00442	0.00442	0.00147	0.00589	0.00393	0.00196	0.00491
11	0.01302	0.30180	0.08745	0.01128	0.03013	0.25989	0.12360	0.03769	0.05489	0.02986	0.00797	0.00911	0.00644	0.00424	0.00384	0.00118	0.00618	0.00326	0.00235	0.00581
12	0.01087	0.49955	0.20884	0.01093	0.02827	0.01461	0.14551	0.01356	0.00932	0.01193	0.00707	0.00849	0.00585	0.00387	0.00358	0.00115	0.00562	0.00308	0.00195	0.00594
13	0.00886	0.02285	0.82190	0.01259	0.01912	0.01026	0.01632	0.01399	0.00932	0.01399	0.00793	0.00932	0.00559	0.00420	0.00420	0.00140	0.00653	0.00326	0.00186	0.00653
14	0.01055	0.00911	0.00957	0.00865	0.01107	0.01044	0.00672	0.02217	0.74888	0.01798	0.02000	0.01844	0.07406	0.00638	0.00455	0.00150	0.00340	0.00532	0.00446	0.00674
15	0.00613	0.00447	0.00593	0.00684	0.00757	0.00427	0.00535	0.00750	0.00940	0.01221	0.02627	0.39872	0.11811	0.01281	0.00579	0.00187	0.00319	0.35567	0.00409	0.00382
16	0.00640	0.00470	0.00696	0.00696	0.00776	0.00545	0.00541	0.00800	0.00720	0.01055	0.01195	0.01731	0.01105	0.03180	0.78836	0.00681	0.01137	0.00470	0.04330	0.00395
17	0.00616	0.00451	0.00578	0.00546	0.00654	0.00413	0.00410	0.00816	0.01229	0.01721	0.74788	0.03382	0.10901	0.00922	0.00521	0.00140	0.00210	0.00810	0.00480	0.00413
18	0.00896	0.02226	0.78393	0.01327	0.05680	0.01027	0.01619	0.01397	0.00936	0.01401	0.00794	0.00940	0.00566	0.00418	0.00420	0.00139	0.00647	0.00330	0.00188	0.00655
19	0.01982	0.00752	0.01025	0.00786	0.01127	0.00649	0.00649	0.02152	0.01264	0.82029	0.01742	0.01503	0.01093	0.00547	0.00444	0.00137	0.00376	0.00444	0.00547	0.00752
20	0.01086	0.01064	0.01867	0.02509	0.67001	0.01061	0.12152	0.01410	0.04785	0.01458	0.00885	0.01133	0.00726	0.00400	0.00449	0.00134	0.00547	0.00416	0.00230	0.00685
21	0.01658	0.01190	0.09617	0.00945	0.01322	0.04876	0.00837	0.36286	0.01566	0.30381	0.01239	0.01182	0.00837	0.00509	0.00432	0.00130	0.00470	0.00393	0.00432	0.05697
22	0.01181	0.84744	0.02314	0.00756	0.01134	0.01748	0.00756	0.01323	0.00897	0.01039	0.00614	0.00708	0.00567	0.00378	0.00283	0.00094	0.00472	0.00236	0.00189	0.00567
23	0.00834	0.00785	0.01325	0.83417	0.03042	0.00981	0.01227	0.01128	0.00883	0.01128	0.00785	0.01178	0.00589	0.00442	0.00442	0.00147	0.00589	0.00393	0.00196	0.00491
24	0.00625	0.00451	0.00590	0.00556	0.00660	0.00417	0.00417	0.00833	0.01250	0.01771	0.81490	0.03299	0.04167	0.00903	0.00521	0.00139	0.00208	0.00799	0.00486	0.00417
25	0.01099	0.00949	0.00999	0.00899	0.01148	0.01099	0.00699	0.02347	0.80925	0.01848	0.01798	0.01648	0.01348	0.00599	0.00449	0.00150	0.00350	0.00499	0.00449	0.00699
26	0.00625	0.00451	0.00590	0.00556	0.00660	0.00417	0.00417	0.00833	0.01250	0.01771	0.81490	0.03299	0.04167	0.00903	0.00521	0.00139	0.00208	0.00799	0.00486	0.00417
27	0.00617	0.00451	0.00579	0.00547	0.00655	0.00413	0.00410	0.00818	0.01231	0.01726	0.75451	0.03374	0.10234	0.00920	0.00521	0.00140	0.00210	0.00809	0.00480	0.00413
28	0.00642	0.00428	0.00482	0.00482	0.00482	0.00428	0.00268	0.00642	0.00642	0.00856	0.01392	0.02890	0.01606	0.84478	0.02248	0.00428	0.00428	0.00642	0.00268	0.00268
29	0.01679	0.01237	0.01325	0.01016	0.01370	0.01370	0.00839	0.80251	0.02077	0.02783	0.01060	0.01060	0.00751	0.00530	0.00442	0.00133	0.00486	0.00398	0.00442	0.00751
30	0.01099	0.00949	0.00999	0.00899	0.01148	0.01099	0.00699	0.02347	0.80925	0.01848	0.01798	0.01648	0.01348	0.00599	0.00449	0.00150	0.00350	0.00499	0.00449	0.00699
31	0.00588	0.00488	0.00603	0.11621	0.00943	0.00463	0.00480	0.00743	0.01030	0.01307	0.20866	0.10809	0.46466	0.01004	0.00515	0.00149	0.00272	0.00859	0.00398	0.00397
32	0.00642	0.00428	0.00482	0.00482	0.00482	0.00428	0.00268	0.00642	0.00642	0.00856	0.01392	0.02890	0.01606	0.84478	0.02248	0.00428	0.00428	0.00642	0.00268	0.00268
33	0.00977	0.00931	0.01583	0.38864	0.46477	0.01019	0.01298	0.01254	0.00951	0.01302	0.00810	0.01131	0.00650	0.00415	0.00439	0.00138	0.00553	0.00393	0.00209	0.00606
34	0.01178	0.70952	0.02151	0.00821	0.01148	0.05524	0.00785	0.01313	0.00888	0.01044	0.00613	0.00743	0.00568	0.00428	0.00426	0.00107	0.10309	0.00256	0.00191	0.00554
35	0.00892	0.06975	0.61004	0.01166	0.04179	0.00991	0.01375	0.03278	0.01007	0.01466	0.12438	0.01269	0.01090	0.00489	0.00427	0.00137	0.00569	0.00393	0.00237	0.00617
36	0.01217	0.78475	0.02236	0.00781	0.01151	0.05305	0.00763	0.03823	0.00950	0.01096	0.00631	0.00723	0.00573	0.00386	0.00293	0.00097	0.00487	0.00243	0.00199	0.00570
37	0.01181	0.84744	0.02314	0.00756	0.01134	0.01748	0.00756	0.01323	0.00897	0.01039	0.00614	0.00708	0.00567	0.00378	0.00283	0.00094	0.00472	0.00236	0.00189	0.00567
38	0.00641	0.00472	0.00613	0.00633	0.00743	0.00443	0.00512	0.00833	0.01129	0.01520	0.41088	0.04055	0.15256	0.01051	0.00553	0.00164	0.00283	0.29160	0.00446	0.00406
39	0.00606	0.00451	0.00565	0.00536	0.00648	0.00409	0.00402	0.00797	0.01206	0.01667	0.67596	0.03471	0.18126	0.00942	0.00521	0.00141	0.00211	0.00823	0.00472	0.00409
40	0.00526	0.00441	0.00457	0.00467	0.00602	0.00372	0.00345	0.00636	0.00996	0.01199	0.05929	0.12334	0.71904	0.01141	0.00526	0.00152	0.00227	0.00962	0.00412	0.00372
41	0.87598	0.00854	0.00649	0.00581	0.00854	0.00991	0.00478	0.01298	0.00752	0.01982	0.00615	0.00717	0.00478	0.00410	0.00273	0.00137	0.00342	0.00239	0.00273	0.00478
42	0.01093	0.01046	0.01768	0.02654	0.79190	0.01051	0.01335	0.01387	0.03518	0.01456	0.00861	0.01111	0.00720	0.00400	0.00438	0.00132	0.00519	0.00397	0.00226	0.00700
43	0.00627	0.00451	0.00600	0.00611	0.00702	0.00424	0.00468	0.00815	0.01147	0.01594	0.55424	0.15830	0.03689	0.01032	0.00543	0.00157	0.00251	0.14766	0.00460	0.00406
44	0.00642	0.00428	0.00482	0.00482	0.00482	0.00428	0.00268	0.00642	0.00642	0.00856	0.01392	0.02890	0.01606	0.84478	0.02248	0.00428	0.00428	0.00642	0.00268	0.00268
45	0.00652	0.00466	0.00643	0.00745	0.00821	0.00457	0.00608	0.00812	0.00958	0.01255	0.02371	0.32110	0.02672	0.01276	0.00594	0.00195	0.00355	0.52209	0.00408	0.00390
46	0.01042	0.01191	0.02606	0.01862	0.02308	0.01117	0.80119	0.01415	0.01042	0.01415	0.00894	0.01191	0.00670	0.00372	0.00521	0.00149	0.00745	0.00521	0.00223	0.00596
47	0.00886	0.02285	0.82190	0.01259	0.01912	0.01026	0.01632	0.01399	0.00932	0.01399	0.00793	0.00932	0.00559	0.00420	0.00420	0.00140	0.00653	0.00326	0.00186	0.00653
48	0.00558	0.00393	0.00506	0.00589	0.00610	0.00372	0.00382	0.00620	0.00806	0.01074	0.02230	0.68287	0.02664	0.17638	0.00893	0.00228	0.00290	0.01136	0.00382	0.00341
49	0.01044	0.00999	0.01704	0.18063	0.66756	0.01036	0.01331	0.01312	0.00982	0.01383	0.00822	0.01109	0.00679	0.00403	0.00438	0.00134	0.00537	0.00393	0.00214	0.00660
50	0.00886	0.02285	0.82190	0.01259	0.01912	0.01026	0.01632	0.01399	0.00932	0.01399	0.00793	0.00932	0.00559	0.00420	0.00420	0.00140	0.00653	0.00326	0.00186	0.00653
51	0.87598	0.00854	0.00649	0.00581	0.00854	0.00991	0.00478	0.01298	0.00752	0.01982	0.00615	0.00717	0.00478	0.00410	0.00273	0.00137	0.00342	0.00239	0.00273	0.00478
52	0.00794	0.00731	0.01216	0.72305	0.02720	0.00898	0.01117	0.01060	0.00878	0.01128	0.01006	0.12318	0.00902	0.00568	0.00458	0.00152	0.00544	0.00508	0.00225	0.00473
53	0.00864	0.00815	0.01378	0.74200	0.12027	0.00989	0.01241	0.01154	0.00897	0.01164	0.00790	0.01168	0.00601	0.00436	0.00441	0.00145	0.00581	0.00393	0.00199	0.00514
54	0.01982	0.00752	0.01025	0.00786	0.01127	0.00649	0.00649	0.02152	0.01264	0.82029	0.01742	0.01503	0.01093	0.00547	0.00444	0.00137	0.00376	0.00444	0.00547	0.00752
55	0.01679	0.01237	0.01325	0.01016	0.01370	0.01370	0.00839	0.80251	0.02077	0.02783	0.01060	0.01060	0.00751	0.00530	0.00442	0.00133	0.00486	0.00398	0.00442	0.00751
56	0.00974	0.00990	0.01487	0.01235	0.01282	0.01328	0.09427	0.01101	0.00716	0.01101	0.00613	0.00990	0.00589	0.00730	0.01350	0.00189	0.74806	0.00401	0.00196	0.00495
57	0.01099	0.00949	0.00999	0.00899	0.01148	0.01099	0.00699	0.02347	0.80925	0.01848	0.01798	0.01648	0.01348	0.00599	0.00449	0.00150	0.00350	0.00499	0.00449	0.00699
58	0.01974	0.00764	0.01032	0.00792	0.01133	0.00667	0.00654	0.04101	0.01284	0.80052	0.01725	0.01492	0.01085	0.00546	0.00444	0.00137	0.00379	0.00443	0.00544	0.00752
59	0.00916	0.00785	0.00916	0.00654	0.01047	0.00589	0.00523	0.01112	0.00916	0.01439	0.00785	0.00916	0.00654	0.00327	0.00327	0.00065	0.00327	0.00262	0.00262	0.87178
60	0.01015	0.01125	0.02368	0.01698	0.02127	0.01039	0.69434	0.01360	0.01023	0.01409	0.00926	0.03523	0.00732	0.00396	0.00502	0.00141	0.00687	0.00515	0.00233	0.09746
61	0.00625	0.00451	0.00590	0.00556	0.00660	0.00417	0.00417	0.00833	0.01250	0.01771	0.81490	0.03299	0.04167	0.00903	0.00521	0.00139	0.00208	0.00799	0.00486	0.00417
62	0.00538	0.00384	0.00512	0.00615	0.00641	0.00359	0.00410	0.00615	0.00846	0.01127	0.02434	0.84190	0.02921	0.01384	0.00564	0.00179	0.00256	0.01256	0.00410	0.00359
63	0.00642	0.00428	0.00482	0.00482	0.00482	0.00428	0.00268	0.00642	0.00642	0.00856	0.01392	0.02890	0.01606	0.84478	0.02248	0.00428	0.00428	0.00642	0.00268	0.00268
64	0.01662	0.01435	0.01302	0.01043	0.01365	0.20363	0.00840	0.60550	0.03268	0.02369	0.00985	0.01009	0.00719	0.00514	0.00432	0.00128	0.00556	0.00373	0.00392	0.00694
65	0.00957	0.00953	0.01336	0.01148	0.01150	0.01331	0.00955	0.01056	0.00677	0.01062	0.00596	0.00987	0.00594	0.00841	0.03624	0.00207	0.81463	0.00389	0.00194	0.00481
66	0.03210	0.00843	0.01406	0.64120	0.19635	0.00996	0.01234	0.01181	0.00906	0.01218	0.00790	0.01147	0.00609	0.00431	0.00436	0.00144	0.00569	0.00389	0.00203	0.00535
67	0.00894	0.04491	0.80053	0.01245	0.01891	0.01045	0.01608	0.01397	0.00932	0.01389	0.00788	0.00926	0.00560	0.00418	0.00416	0.00139	0.00648	0.00324	0.00187	0.00650
68	0.00916	0.00785	0.00916	0.00654	0.01047	0.00589	0.00523	0.01112	0.00916	0.01439	0.00785	0.00916	0.00654	0.00327	0.00327	0.00065	0.00327	0.00262	0.00262	0.87178
69	0.00916	0.00785	0.00916	0.00654	0.01047	0.00589	0.00523	0.01112	0.00916	0.01439	0.00785	0.00916	0.00654	0.00327	0.00327	0.00065	0.00327	0.00262	0.00262	0.87178
70	0.00601	0.00459	0.00655	0.13155	0.01032	0.00469	0.00564	0.00725	0.00873	0.01150	0.02214	0.61604	0.04045	0.01219	0.00549	0.00176	0.00322	0.09425	0.00377	0.00384
71	0.00886	0.02285	0.82190	0.01259	0.01912	0.01026	0.01632	0.01399	0.00932	0.01399	0.00793	0.00932	0.00559	0.00420	0.00420	0.00140	0.00653	0.00326	0.00186	0.00653
72	0.00538	0.00384	0.00512	0.00615	0.00641	0.00359	0.00410	0.00615	0.00846	0.01127	0.02434	0.84190	0.02921	0.01384	0.00564	0.00179	0.00256	0.01256	0.00410	0.00359
73	0.01188	0.00977	0.03967	0.02779	0.01737	0.00885	0.42605	0.01473	0.01079	0.20973	0.04848	0.05258	0.02858	0.00592	0.01824	0.00159	0.01754	0.04117	0.00332	0.00597
74	0.03692	0.41886	0.03412	0.00985	0.03482	0.37558	0.00826	0.01520	0.01054	0.01101	0.00654	0.00763	0.00569	0.00414	0.00341	0.00106	0.00618	0.00264	0.00209	0.00546

[dist]
# distance from previous block
# <min> <max>
0	6

[block]
# block no. 6 follows, 59 sequences, length 74
# corresponding to MSA columns:
# 341-414
name=unknown_G
#
# <colnr> <probs for GDERKNQSTAVLIFYWHMCP>
#	G	D	E	R	K	N	Q	S	T	A	V	L	I	F	Y	W	H	M	C	P
0	0.01267	0.00978	0.01068	0.00939	0.03293	0.01094	0.00723	0.22751	0.47888	0.06085	0.03450	0.01529	0.01223	0.01840	0.00470	0.00146	0.00384	0.00473	0.03707	0.00691
1	0.08392	0.56471	0.15789	0.00850	0.01257	0.06056	0.00885	0.01383	0.00922	0.03589	0.00682	0.00776	0.00574	0.00397	0.00317	0.00108	0.00508	0.00261	0.00208	0.00577
2	0.04161	0.00750	0.00995	0.00770	0.01103	0.00658	0.00633	0.02064	0.02867	0.73949	0.01772	0.01553	0.03463	0.00556	0.00439	0.00136	0.00369	0.00450	0.00527	0.02787
3	0.01279	0.00838	0.01300	0.27371	0.22756	0.00874	0.01009	0.01575	0.05552	0.27468	0.04659	0.01379	0.00979	0.00492	0.00445	0.00139	0.00473	0.00433	0.00342	0.00638
4	0.00650	0.00502	0.00633	0.00589	0.00702	0.02382	0.01804	0.00851	0.01225	0.01707	0.72765	0.05385	0.07319	0.00905	0.00519	0.00140	0.00234	0.00800	0.00470	0.00419
5	0.64090	0.11429	0.00949	0.00679	0.00965	0.09135	0.00568	0.05311	0.00885	0.01816	0.00644	0.00741	0.00512	0.00416	0.00295	0.00129	0.00410	0.00251	0.00267	0.00506
6	0.01207	0.48277	0.20139	0.00971	0.02672	0.13766	0.00982	0.05198	0.01017	0.01217	0.00690	0.00796	0.00576	0.00407	0.00342	0.00110	0.00563	0.00274	0.00207	0.00589
7	0.01363	0.01557	0.04000	0.02962	0.02501	0.50336	0.00747	0.04484	0.01167	0.01322	0.00918	0.01063	0.00735	0.00472	0.00377	0.00114	0.00605	0.00330	0.24448	0.00501
8	0.00552	0.00449	0.00489	0.00479	0.00615	0.00385	0.00359	0.00691	0.01077	0.01360	0.26677	0.03976	0.59237	0.01056	0.00522	0.00146	0.00219	0.00894	0.00432	0.00385
9	0.72854	0.00920	0.00765	0.00656	0.00943	0.01056	0.00540	0.14847	0.00979	0.02119	0.00691	0.00776	0.00525	0.00431	0.00302	0.00136	0.00366	0.00266	0.00302	0.00525
10	0.00631	0.00472	0.00703	0.00703	0.00780	0.00548	0.00544	0.00784	0.00708	0.01020	0.01189	0.01769	0.01119	0.05724	0.80336	0.00701	0.01161	0.00478	0.00238	0.00391
11	0.00575	0.00449	0.00521	0.00503	0.00629	0.00395	0.00377	0.00737	0.01132	0.01490	0.44093	0.03761	0.41739	0.01008	0.00521	0.00144	0.00216	0.00864	0.00449	0.00395
12	0.01099	0.00949	0.00999	0.00899	0.01148	0.01099	0.00699	0.02347	0.80925	0.01848	0.01798	0.01648	0.01348	0.00599	0.00449	0.00150	0.00350	0.00499	0.00449	0.00699
13	0.00642	0.00428	0.00482	0.00482	0.00482	0.00428	0.00268	0.00642	0.00642	0.00856	0.01392	0.02890	0.01606	0.84478	0.02248	0.00428	0.00428	0.00642	0.00268	0.00268
14	0.00620	0.00451	0.00584	0.00550	0.00657	0.00415	0.00413	0.00824	0.01238	0.01743	0.77791	0.03345	0.07884	0.00913	0.00521	0.00139	0.00209	0.00805	0.00483	0.00415
15	0.00538	0.00384	0.00512	0.00615	0.00641	0.00359	0.00410	0.00615	0.00846	0.01127	0.02434	0.84190	0.02921	0.01384	0.00564	0.00179	0.00256	0.01256	0.00410	0.00359
16	0.00642	0.00428	0.00482	0.00482	0.00482	0.00428	0.00268	0.00642	0.00642	0.00856	0.01392	0.02890	0.01606	0.84478	0.02248	0.00428	0.00428	0.00642	0.00268	0.00268
17	0.00916	0.00785	0.00916	0.00654	0.01047	0.00589	0.00523	0.01112	0.00916	0.01439	0.00785	0.00916	0.00654	0.00327	0.00327	0.00065	0.00327	0.00262	0.00262	0.87178
18	0.00844	0.00805	0.01386	0.79499	0.03007	0.00988	0.05016	0.01142	0.00891	0.01142	0.00790	0.01178	0.00593	0.00438	0.00445	0.00147	0.00596	0.00399	0.00198	0.00496
19	0.00966	0.00966	0.01353	0.01160	0.01160	0.01353	0.00966	0.01063	0.00676	0.01063	0.00580	0.00966	0.00580	0.00773	0.01449	0.00193	0.83670	0.00387	0.00193	0.00483
20	0.01099	0.00949	0.00999	0.00899	0.01148	0.01099	0.00699	0.02347	0.80925	0.01848	0.01798	0.01648	0.01348	0.00599	0.00449	0.00150	0.00350	0.00499	0.00449	0.00699
21	0.01562	0.01650	0.01095	0.00978	0.01204	0.57474	0.00743	0.04002	0.01227	0.11086	0.00941	0.01023	0.00726	0.00478	0.00391	0.00115	0.00644	0.00327	0.13801	0.00533
22	0.02739	0.00907	0.02984	0.33675	0.29483	0.00941	0.03012	0.02684	0.00992	0.10626	0.00966	0.03718	0.00762	0.00460	0.00438	0.00137	0.00519	0.00419	0.00260	0.04278
23	0.01252	0.05651	0.41823	0.01144	0.03401	0.10801	0.03451	0.04152	0.03239	0.17913	0.02403	0.01098	0.00766	0.00463	0.00422	0.00134	0.00583	0.00363	0.00288	0.00652
24	0.01595	0.00843	0.01023	0.02112	0.01165	0.00854	0.00680	0.05940	0.31304	0.45275	0.01710	0.01534	0.01166	0.00563	0.00443	0.00141	0.00371	0.00461	0.02096	0.00721
25	0.00834	0.00785	0.01325	0.83417	0.03042	0.00981	0.01227	0.01128	0.00883	0.01128	0.00785	0.01178	0.00589	0.00442	0.00442	0.00147	0.00589	0.00393	0.00196	0.00491
26	0.01237	0.64106	0.06448	0.00919	0.05076	0.07591	0.00841	0.05599	0.01001	0.02733	0.00685	0.00780	0.00593	0.00398	0.00318	0.00103	0.00507	0.00265	0.00213	0.00587
27	0.01650	0.02105	0.01252	0.01138	0.01365	0.82705	0.00853	0.01764	0.01252	0.01081	0.00683	0.00796	0.00569	0.00455	0.00398	0.00114	0.00796	0.00284	0.00228	0.00512
28	0.01099	0.00949	0.00999	0.00899	0.01148	0.01099	0.00699	0.02347	0.80925	0.01848	0.01798	0.01648	0.01348	0.00599	0.00449	0.00150	0.00350	0.00499	0.00449	0.00699
29	0.00522	0.00447	0.00447	0.00447	0.00597	0.00373	0.00336	0.00634	0.01007	0.01193	0.04474	0.04250	0.81544	0.01119	0.00522	0.00149	0.00224	0.00932	0.00410	0.00373
