[name]
unknown

[dist]
# distance from previous block
# <min> <max>
11	36

[block]
# block no. 0 follows, 55 sequences, length 15
# corresponding to MSA columns:
# 50-64
name=unknown_A
#
# <colnr> <probs for GDERKNQSTAVLIFYWHMCP>
#	G	D	E	R	K	N	Q	S	T	A	V	L	I	F	Y	W	H	M	C	P
0	0.04545	0.00917	0.01051	0.00907	0.02673	0.04179	0.04729	0.17191	0.16159	0.08974	0.04842	0.07189	0.07578	0.04261	0.03155	0.00176	0.00442	0.00568	0.05993	0.04471
1	0.02732	0.10268	0.08455	0.00836	0.02574	0.02483	0.01810	0.03324	0.02563	0.12897	0.02790	0.15784	0.08840	0.08482	0.03454	0.05468	0.02131	0.04239	0.00355	0.00515
2	0.07353	0.00863	0.00958	0.02021	0.01098	0.03217	0.00642	0.14865	0.11478	0.23516	0.10448	0.05397	0.08223	0.00686	0.00465	0.00144	0.00378	0.00559	0.04070	0.03618
3	0.01200	0.03671	0.05171	0.00940	0.01197	0.05309	0.06743	0.09533	0.09290	0.13085	0.04293	0.12892	0.02405	0.06173	0.00675	0.00168	0.06431	0.00586	0.03985	0.06254
4	0.10907	0.00893	0.01133	0.14853	0.03228	0.02866	0.06244	0.11672	0.08562	0.07580	0.03932	0.04248	0.03945	0.03889	0.03338	0.00175	0.00486	0.00488	0.05536	0.06027
5	0.04469	0.01227	0.01287	0.01046	0.01351	0.08603	0.04103	0.41007	0.17349	0.04204	0.03641	0.04740	0.01092	0.00612	0.00501	0.00147	0.03014	0.00480	0.00425	0.00704
6	0.03727	0.03324	0.04268	0.00773	0.01015	0.03911	0.00635	0.03203	0.21225	0.14158	0.25619	0.02445	0.12261	0.00760	0.00490	0.00148	0.00349	0.00634	0.00461	0.00592
7	0.07754	0.13656	0.05533	0.00995	0.01313	0.25508	0.02803	0.13509	0.10429	0.05601	0.01293	0.01317	0.07261	0.00551	0.00423	0.00133	0.00568	0.00406	0.00329	0.00617
8	0.15686	0.03204	0.01131	0.00933	0.03387	0.06177	0.00731	0.29620	0.13464	0.03720	0.04653	0.01413	0.05542	0.00570	0.00428	0.00136	0.00441	0.00434	0.00396	0.07934
9	0.00717	0.00553	0.00765	0.00753	0.00820	0.00637	0.00569	0.03390	0.00815	0.01147	0.01511	0.15477	0.03452	0.11888	0.46861	0.00534	0.08750	0.00656	0.00291	0.00415
10	0.00668	0.00583	0.00946	0.00857	0.00996	0.00536	0.15432	0.00814	0.00961	0.01253	0.02688	0.48580	0.19263	0.03353	0.00622	0.00183	0.00366	0.01084	0.00390	0.00426
11	0.18487	0.02949	0.02850	0.00973	0.03850	0.04588	0.00770	0.25932	0.24903	0.02178	0.01207	0.01212	0.00906	0.00529	0.00417	0.00140	0.00443	0.00400	0.02113	0.05153
12	0.01167	0.02230	0.09331	0.01106	0.08934	0.00922	0.03722	0.05481	0.23286	0.11279	0.04647	0.05429	0.04582	0.00604	0.00461	0.00139	0.00427	0.01387	0.00386	0.14481
13	0.03024	0.07122	0.01351	0.06587	0.09880	0.05514	0.07074	0.10358	0.03589	0.19604	0.09361	0.03319	0.07003	0.00713	0.03290	0.00163	0.00501	0.00523	0.00388	0.00633
14	0.01229	0.69383	0.06859	0.00851	0.01239	0.07074	0.00845	0.01399	0.00962	0.01119	0.00694	0.00822	0.00626	0.00567	0.04558	0.00137	0.00570	0.00271	0.00204	0.00589

[dist]
# distance from previous block
# <min> <max>
1	2

[block]
# block no. 1 follows, 55 sequences, length 11
# corresponding to MSA columns:
# 67-77
name=unknown_B
#
# <colnr> <probs for GDERKNQSTAVLIFYWHMCP>
#	G	D	E	R	K	N	Q	S	T	A	V	L	I	F	Y	W	H	M	C	P
0	0.00961	0.00924	0.01558	0.53686	0.19975	0.01095	0.04273	0.01246	0.00943	0.01266	0.00820	0.01199	0.00648	0.00487	0.00576	0.00156	0.08989	0.00418	0.00213	0.00568
1	0.00601	0.00424	0.00553	0.00635	0.00663	0.00408	0.00425	0.00677	0.00852	0.01138	0.02291	0.60478	0.02709	0.17454	0.04335	0.00264	0.00354	0.04980	0.00395	0.00363
2	0.05645	0.01065	0.04265	0.05074	0.30499	0.03724	0.19706	0.01385	0.02516	0.05904	0.01218	0.14578	0.01120	0.00598	0.00493	0.00152	0.00556	0.00585	0.00289	0.00626
3	0.09103	0.05896	0.09570	0.03884	0.22780	0.08315	0.11245	0.08283	0.06765	0.03310	0.01000	0.04061	0.00817	0.00500	0.00473	0.00144	0.02486	0.00433	0.00283	0.00653
4	0.00730	0.00534	0.00631	0.00592	0.00738	0.00496	0.00448	0.04205	0.03895	0.04319	0.43472	0.07574	0.28602	0.01010	0.00543	0.00152	0.00250	0.00870	0.00481	0.00458
5	0.00693	0.00452	0.00562	0.00595	0.00649	0.00424	0.00393	0.00768	0.00896	0.05591	0.09105	0.40826	0.08058	0.27473	0.01144	0.00264	0.00328	0.01004	0.00399	0.00377
6	0.01219	0.04552	0.19080	0.03801	0.06307	0.02269	0.05864	0.10157	0.08401	0.13158	0.06454	0.06008	0.03074	0.00622	0.00555	0.00152	0.06813	0.00508	0.00352	0.00652
7	0.01190	0.16635	0.16307	0.01247	0.13289	0.02885	0.03516	0.06592	0.04995	0.07023	0.03462	0.01132	0.00851	0.00451	0.00409	0.00120	0.00504	0.00366	0.00288	0.18737
8	0.56036	0.01000	0.00871	0.00736	0.01043	0.06381	0.00601	0.08400	0.01062	0.18641	0.00942	0.00966	0.00671	0.00476	0.00350	0.00142	0.00413	0.00315	0.00361	0.00592
9	0.00645	0.00430	0.00530	0.00572	0.00602	0.00413	0.00368	0.00695	0.00833	0.01136	0.07173	0.35985	0.05425	0.30617	0.01294	0.06547	0.00337	0.00932	0.05126	0.00339
10	0.03082	0.04658	0.06866	0.03783	0.19068	0.06578	0.13775	0.09194	0.07166	0.10469	0.03901	0.04849	0.03402	0.00551	0.00474	0.00145	0.00547	0.00498	0.00333	0.00661

[dist]
# distance from previous block
# <min> <max>
0	3

[block]
# block no. 2 follows, 55 sequences, length 16
# corresponding to MSA columns:
# 81-96
name=unknown_C
#
# <colnr> <probs for GDERKNQSTAVLIFYWHMCP>
#	G	D	E	R	K	N	Q	S	T	A	V	L	I	F	Y	W	H	M	C	P
0	0.06537	0.01100	0.07229	0.00966	0.01252	0.01087	0.02993	0.39596	0.05332	0.02157	0.01433	0.20168	0.01342	0.03814	0.00582	0.00166	0.02571	0.00630	0.00407	0.00637
1	0.12006	0.11538	0.06297	0.01435	0.15355	0.20326	0.09845	0.08391	0.05934	0.01583	0.00864	0.01010	0.00689	0.00464	0.00443	0.00135	0.02422	0.00365	0.00269	0.00628
2	0.01267	0.74022	0.05904	0.00851	0.01250	0.07905	0.00845	0.01432	0.00975	0.01115	0.00661	0.00764	0.00597	0.00406	0.00314	0.00103	0.00532	0.00257	0.00202	0.00597
3	0.00602	0.00452	0.00556	0.00587	0.00674	0.00407	0.00413	0.00727	0.01030	0.01371	0.22583	0.39332	0.21048	0.04743	0.00641	0.00179	0.00259	0.01065	0.00441	0.02890
4	0.03982	0.01075	0.01474	0.01128	0.01483	0.04593	0.18289	0.20097	0.07610	0.18388	0.04993	0.04146	0.01115	0.00551	0.00474	0.00140	0.00509	0.00493	0.00405	0.09053
5	0.03449	0.03456	0.03090	0.01006	0.03506	0.05025	0.00801	0.31267	0.19290	0.14877	0.01497	0.05135	0.02736	0.02107	0.00498	0.00151	0.00460	0.00492	0.00444	0.00715
6	0.00774	0.00570	0.00675	0.00636	0.00791	0.00535	0.00476	0.04874	0.06626	0.04454	0.29387	0.19987	0.21206	0.01018	0.00534	0.00153	0.00273	0.00884	0.00459	0.05687
7	0.00720	0.00572	0.00820	0.00789	0.00849	0.00694	0.00609	0.00855	0.00733	0.01063	0.01177	0.01862	0.01147	0.13517	0.59140	0.00626	0.13660	0.00508	0.00246	0.00412
8	0.00702	0.00548	0.00823	0.00784	0.00864	0.00634	0.03197	0.00849	0.00748	0.01072	0.01228	0.01923	0.01185	0.13916	0.63743	0.00656	0.05948	0.00518	0.00250	0.00410
9	0.07408	0.00983	0.01160	0.00902	0.01257	0.00990	0.00743	0.28328	0.05766	0.45245	0.01518	0.01380	0.01002	0.00564	0.00456	0.00143	0.00431	0.00440	0.00514	0.00770
10	0.02773	0.00672	0.00806	0.00703	0.00905	0.00655	0.00548	0.10826	0.06281	0.16515	0.35644	0.07656	0.12393	0.00862	0.00517	0.00150	0.00305	0.00736	0.00497	0.00558
11	0.01067	0.00879	0.01136	0.02532	0.19304	0.06483	0.02339	0.08261	0.02947	0.07655	0.06139	0.24176	0.05663	0.02567	0.02951	0.00181	0.04063	0.00726	0.00366	0.00565
12	0.62203	0.01126	0.00823	0.00732	0.01010	0.15437	0.00586	0.04318	0.00964	0.03967	0.00905	0.00985	0.04407	0.00485	0.00335	0.00140	0.00446	0.00307	0.00300	0.00523
13	0.03887	0.00538	0.00699	0.00728	0.02813	0.00570	0.00516	0.04633	0.00893	0.01256	0.04271	0.20209	0.08290	0.13972	0.34079	0.00446	0.00714	0.00742	0.00329	0.00417
14	0.05456	0.01278	0.08917	0.05240	0.39967	0.07391	0.10577	0.03364	0.04555	0.05724	0.02499	0.01201	0.00817	0.00454	0.00461	0.00142	0.00584	0.00423	0.00270	0.00682
15	0.00872	0.05125	0.02352	0.00885	0.01058	0.02565	0.11349	0.04316	0.00994	0.04699	0.01946	0.35435	0.06988	0.10434	0.00780	0.00198	0.03472	0.02272	0.00360	0.03899

[dist]
# distance from previous block
# <min> <max>
4	18

[block]
# block no. 3 follows, 55 sequences, length 9
# corresponding to MSA columns:
# 115-123
name=unknown_D
#
# <colnr> <probs for GDERKNQSTAVLIFYWHMCP>
#	G	D	E	R	K	N	Q	S	T	A	V	L	I	F	Y	W	H	M	C	P
0	0.00872	0.00650	0.00777	0.00746	0.02647	0.04110	0.03545	0.01100	0.06901	0.09617	0.16062	0.19993	0.22811	0.07207	0.00673	0.00181	0.00338	0.00861	0.00432	0.00479
1	0.00935	0.00499	0.00506	0.00481	0.00610	0.00509	0.00367	0.06947	0.01067	0.01824	0.01488	0.01688	0.01162	0.00543	0.00336	0.00111	0.00239	0.00432	0.79796	0.00460
2	0.01348	0.07961	0.19573	0.01669	0.24199	0.05470	0.08756	0.09649	0.01211	0.14199	0.01023	0.01140	0.00754	0.00461	0.00452	0.00139	0.00587	0.00401	0.00300	0.00708
3	0.00864	0.04041	0.06085	0.14942	0.10929	0.00872	0.02698	0.02711	0.00899	0.01237	0.04969	0.05066	0.03158	0.18997	0.11919	0.00300	0.09016	0.00544	0.00265	0.00488
4	0.00627	0.00441	0.00551	0.00607	0.00684	0.00398	0.00423	0.00733	0.00986	0.04205	0.10200	0.54301	0.21504	0.01312	0.00575	0.00176	0.00262	0.01166	0.00445	0.00402
5	0.03851	0.02394	0.01116	0.03532	0.18515	0.04857	0.04390	0.01230	0.04975	0.07671	0.05806	0.12324	0.19135	0.03203	0.00551	0.00159	0.00417	0.02069	0.00361	0.03445
6	0.05221	0.07334	0.05847	0.01845	0.36266	0.08152	0.04152	0.09753	0.08340	0.07133	0.01019	0.01151	0.00791	0.00466	0.00442	0.00138	0.00549	0.00401	0.00300	0.00702
7	0.01172	0.00940	0.02654	0.00856	0.01074	0.06358	0.00677	0.26344	0.07024	0.05354	0.10833	0.18064	0.05182	0.02964	0.08105	0.00215	0.00495	0.00685	0.00423	0.00581
8	0.00968	0.00770	0.01014	0.01118	0.13566	0.04312	0.00736	0.02754	0.02902	0.07818	0.10984	0.15174	0.05729	0.04752	0.12336	0.00257	0.11655	0.00666	0.01966	0.00521

[dist]
# distance from previous block
# <min> <max>
2	5

[block]
# block no. 4 follows, 55 sequences, length 17
# corresponding to MSA columns:
# 129-145
name=unknown_E
#
# <colnr> <probs for GDERKNQSTAVLIFYWHMCP>
#	G	D	E	R	K	N	Q	S	T	A	V	L	I	F	Y	W	H	M	C	P
0	0.02987	0.01222	0.07534	0.02476	0.13152	0.17732	0.00863	0.09268	0.06181	0.01582	0.07648	0.10370	0.09388	0.00710	0.00476	0.00144	0.00500	0.02433	0.02614	0.02720
1	0.05595	0.06124	0.07572	0.00990	0.01317	0.13352	0.00845	0.18642	0.25811	0.09215	0.03721	0.02542	0.01092	0.00571	0.00445	0.00142	0.00499	0.00441	0.00399	0.00686
2	0.02100	0.00584	0.00702	0.00641	0.00804	0.00539	0.00475	0.02001	0.04554	0.05379	0.19545	0.11947	0.10251	0.15014	0.05073	0.00225	0.00372	0.04046	0.00395	0.15354
3	0.00985	0.15986	0.68114	0.01238	0.01877	0.01207	0.01565	0.01460	0.00976	0.01410	0.00804	0.00943	0.00591	0.00435	0.00418	0.00139	0.00656	0.00328	0.00197	0.00672
4	0.01221	0.01190	0.06441	0.02759	0.22247	0.07564	0.13257	0.08531	0.10245	0.07015	0.10196	0.03265	0.01286	0.00558	0.00505	0.00146	0.02069	0.00507	0.00338	0.00660
5	0.03350	0.11121	0.01093	0.00808	0.01023	0.10946	0.00645	0.03334	0.06722	0.16200	0.11700	0.11026	0.08119	0.03038	0.04209	0.00181	0.04930	0.00606	0.00392	0.00556
6	0.00691	0.00497	0.00632	0.00621	0.00647	0.00545	0.00416	0.00749	0.00701	0.00970	0.01351	0.02553	0.01467	0.54047	0.27199	0.00530	0.05174	0.00606	0.00267	0.00336
7	0.00793	0.00646	0.00895	0.00836	0.00937	0.04181	0.04198	0.00947	0.00801	0.03302	0.01244	0.04640	0.01187	0.09345	0.57273	0.00594	0.06954	0.00528	0.00263	0.00436
8	0.09193	0.00583	0.00688	0.00659	0.00818	0.00563	0.00493	0.03156	0.02882	0.15845	0.07392	0.30396	0.16704	0.03537	0.04739	0.00202	0.00356	0.00868	0.00437	0.00490
9	0.01203	0.00698	0.00842	0.00742	0.00961	0.00679	0.00576	0.06399	0.14642	0.25142	0.14261	0.15971	0.14160	0.00881	0.00514	0.00156	0.00326	0.00753	0.00496	0.00599
10	0.24340	0.01269	0.01199	0.00980	0.01296	0.15091	0.04734	0.28984	0.04924	0.08414	0.01010	0.01069	0.00747	0.00609	0.03233	0.00160	0.00552	0.00372	0.00369	0.00648
11	0.01492	0.00842	0.01000	0.00839	0.01124	0.00852	0.00668	0.07421	0.28350	0.34967	0.06207	0.05349	0.07393	0.00695	0.00485	0.00151	0.00368	0.00578	0.00513	0.00707
12	0.01127	0.00660	0.00904	0.03340	0.00973	0.02232	0.03309	0.08350	0.02214	0.13270	0.01055	0.03142	0.00905	0.01256	0.03279	0.49405	0.03433	0.00442	0.00296	0.00407
13	0.01293	0.01082	0.01669	0.07918	0.42998	0.03215	0.06532	0.08588	0.05501	0.10947	0.01094	0.03110	0.00864	0.00496	0.00497	0.00145	0.02583	0.00454	0.00308	0.00706
14	0.02809	0.01035	0.04390	0.00875	0.01117	0.13243	0.02203	0.07103	0.13750	0.15948	0.07687	0.16794	0.09467	0.00805	0.00495	0.00152	0.00436	0.00674	0.00427	0.00590
15	0.03729	0.00550	0.00641	0.00655	0.00774	0.00538	0.00476	0.04604	0.07313	0.04360	0.08143	0.40184	0.19408	0.03741	0.00607	0.00180	0.00296	0.02914	0.00438	0.00451
16	0.39561	0.01108	0.03997	0.02587	0.09045	0.09446	0.00747	0.08312	0.01082	0.09349	0.02724	0.03806	0.00814	0.00503	0.00380	0.00138	0.00456	0.00366	0.00324	0.05256

[dist]
# distance from previous block
# <min> <max>
9	24

[block]
# block no. 5 follows, 55 sequences, length 8
# corresponding to MSA columns:
# 173-180
name=unknown_F
#
# <colnr> <probs for GDERKNQSTAVLIFYWHMCP>
#	G	D	E	R	K	N	Q	S	T	A	V	L	I	F	Y	W	H	M	C	P
0	0.06558	0.03907	0.04810	0.01798	0.34208	0.04838	0.06316	0.16503	0.04600	0.03604	0.01159	0.05328	0.03243	0.00533	0.00459	0.00142	0.00530	0.00469	0.00312	0.00683
1	0.05327	0.05053	0.02805	0.01042	0.09544	0.07435	0.02535	0.04854	0.09722	0.10611	0.21485	0.02085	0.06436	0.00768	0.02995	0.00162	0.01903	0.02314	0.00396	0.02527
2	0.00786	0.00524	0.00644	0.00612	0.00753	0.00460	0.00441	0.00914	0.01024	0.08736	0.17109	0.27791	0.15531	0.10732	0.00743	0.00187	0.00297	0.00887	0.00423	0.11406
3	0.03408	0.00981	0.03860	0.03225	0.14095	0.04304	0.04914	0.06886	0.20351	0.06572	0.05081	0.04255	0.01274	0.01148	0.15882	0.00263	0.00624	0.01896	0.00355	0.00625
4	0.05858	0.08337	0.03596	0.05150	0.05745	0.12282	0.07277	0.18426	0.08786	0.15867	0.03379	0.01251	0.00934	0.00519	0.00445	0.00139	0.00540	0.00418	0.00373	0.00678
5	0.01148	0.00710	0.00848	0.00727	0.00956	0.00688	0.00576	0.10039	0.10418	0.19263	0.27333	0.02745	0.15664	0.00818	0.00510	0.00148	0.00322	0.03242	0.00492	0.03353
6	0.00605	0.00451	0.00557	0.00607	0.00682	0.00409	0.00422	0.00706	0.00941	0.01241	0.07917	0.48614	0.17494	0.09234	0.00744	0.00201	0.00287	0.04290	0.00416	0.04181
7	0.06383	0.17910	0.27500	0.01314	0.07419	0.04375	0.13311	0.03714	0.01050	0.05449	0.00943	0.01216	0.00757	0.00555	0.02654	0.00156	0.00625	0.03780	0.00251	0.00636

[dist]
# distance from previous block
# <min> <max>
3	7

[block]
# block no. 6 follows, 55 sequences, length 19
# corresponding to MSA columns:
# 188-206
name=unknown_G
#
# <colnr> <probs for GDERKNQSTAVLIFYWHMCP>
#	G	D	E	R	K	N	Q	S	T	A	V	L	I	F	Y	W	H	M	C	P
0	0.04792	0.01125	0.01200	0.01028	0.02800	0.02527	0.00808	0.30611	0.40698	0.03817	0.01468	0.01412	0.01089	0.00596	0.00504	0.00151	0.03727	0.00464	0.00446	0.00736
1	0.00978	0.00680	0.00787	0.00722	0.00921	0.00669	0.00567	0.09262	0.12444	0.10088	0.10456	0.11480	0.24019	0.02073	0.00554	0.00164	0.00331	0.09723	0.00456	0.03627
2	0.01147	0.00975	0.01531	0.01207	0.04342	0.00929	0.22541	0.13278	0.01221	0.06368	0.05849	0.03450	0.02065	0.00657	0.03725	0.00157	0.03591	0.03497	0.00331	0.23138
3	0.01110	0.32079	0.46254	0.01118	0.01670	0.04791	0.01318	0.04255	0.01026	0.01373	0.00772	0.00895	0.00600	0.00432	0.00390	0.00128	0.00618	0.00310	0.00209	0.00652
4	0.00570	0.00429	0.00527	0.00593	0.00663	0.00387	0.00410	0.00672	0.00974	0.01263	0.09622	0.54624	0.24904	0.01337	0.00578	0.00176	0.00256	0.01187	0.00439	0.00387
5	0.00706	0.00553	0.00824	0.10289	0.01086	0.00655	0.00647	0.00867	0.00759	0.01073	0.01196	0.01869	0.01139	0.12511	0.59503	0.00620	0.04535	0.00506	0.00246	0.00415
6	0.00743	0.00582	0.00810	0.00774	0.00836	0.00694	0.00590	0.02826	0.00768	0.01100	0.01221	0.03496	0.01215	0.18702	0.51180	0.00586	0.12675	0.00534	0.00258	0.00411
7	0.05279	0.01002	0.01150	0.10065	0.01450	0.10125	0.00785	0.07747	0.01327	0.53962	0.01493	0.01392	0.00976	0.00545	0.00455	0.00142	0.00479	0.00430	0.00476	0.00720
8	0.00827	0.00506	0.00659	0.00618	0.00743	0.00467	0.00459	0.01001	0.01185	0.11838	0.48238	0.12763	0.07330	0.07392	0.03697	0.00197	0.00305	0.00833	0.00479	0.00462
9	0.02426	0.01267	0.12204	0.01050	0.02841	0.12262	0.04005	0.14741	0.07392	0.04112	0.03421	0.05167	0.01126	0.11461	0.07783	0.00240	0.07109	0.00496	0.00322	0.00577
10	0.19325	0.00892	0.00950	0.00794	0.01083	0.00943	0.00640	0.15708	0.17323	0.20270	0.06747	0.01807	0.10290	0.00646	0.00445	0.00148	0.00374	0.00508	0.00454	0.00652
11	0.00817	0.00615	0.00810	0.00804	0.00884	0.03591	0.03278	0.00930	0.00921	0.07410	0.02035	0.49754	0.02284	0.04232	0.05959	0.00230	0.09674	0.04945	0.00386	0.00441
12	0.01180	0.01063	0.01490	0.05013	0.37784	0.04429	0.02676	0.09871	0.14621	0.02809	0.10793	0.01525	0.01296	0.00550	0.00504	0.00145	0.02751	0.00484	0.00335	0.00682
13	0.01371	0.02384	0.01043	0.00873	0.01096	0.08602	0.01767	0.12275	0.04357	0.24633	0.05745	0.13777	0.02586	0.03913	0.09132	0.00225	0.04590	0.00606	0.00423	0.00603
14	0.00702	0.00467	0.00611	0.00660	0.00732	0.00442	0.00466	0.02465	0.00994	0.05719	0.12050	0.55329	0.05644	0.04406	0.03851	0.00212	0.00326	0.04068	0.00438	0.00418
15	0.48168	0.04035	0.01063	0.02440	0.05807	0.11013	0.00715	0.18605	0.01187	0.02074	0.00777	0.00877	0.00598	0.00464	0.00357	0.00138	0.00473	0.00307	0.00313	0.00589
16	0.00989	0.01184	0.12097	0.01487	0.09874	0.03934	0.29848	0.01294	0.01079	0.02862	0.11810	0.07736	0.05380	0.00620	0.00564	0.00152	0.04636	0.00599	0.00297	0.03558
17	0.10223	0.01097	0.05020	0.01747	0.28883	0.01036	0.14907	0.04706	0.04617	0.17467	0.01100	0.01224	0.00812	0.00467	0.00479	0.00144	0.02263	0.00430	0.00325	0.03053
18	0.00699	0.00551	0.00651	0.00661	0.02539	0.00516	0.00472	0.04172	0.05966	0.01514	0.21800	0.23990	0.29136	0.01085	0.00542	0.00158	0.00272	0.00943	0.00444	0.03887

[dist]
# distance from previous block
# <min> <max>
2	7

[block]
# block no. 7 follows, 55 sequences, length 7
# corresponding to MSA columns:
# 214-220
name=unknown_H
#
# <colnr> <probs for GDERKNQSTAVLIFYWHMCP>
#	G	D	E	R	K	N	Q	S	T	A	V	L	I	F	Y	W	H	M	C	P
0	0.03499	0.14639	0.17039	0.01008	0.03733	0.02590	0.00932	0.05722	0.19909	0.16922	0.02882	0.03811	0.01064	0.00549	0.00432	0.00139	0.00472	0.00436	0.00370	0.03854
1	0.01219	0.11654	0.01871	0.06055	0.52812	0.08119	0.03699	0.03991	0.03511	0.01476	0.00872	0.01098	0.00724	0.00431	0.00440	0.00134	0.00574	0.00391	0.00241	0.00690
2	0.03571	0.00523	0.00622	0.00612	0.00747	0.00481	0.00452	0.03434	0.01117	0.09107	0.20407	0.29077	0.25874	0.01115	0.00545	0.00163	0.00271	0.00969	0.00460	0.00453
3	0.07409	0.00690	0.03748	0.00781	0.04154	0.00614	0.00594	0.01286	0.05004	0.19525	0.22556	0.15629	0.11942	0.00955	0.02850	0.00171	0.00348	0.00748	0.00454	0.00543
4	0.01200	0.01204	0.01906	0.06246	0.58812	0.07439	0.10619	0.04199	0.01118	0.01521	0.00877	0.01142	0.00719	0.00424	0.00468	0.00140	0.00604	0.00422	0.00239	0.00700
5	0.01311	0.01201	0.01093	0.05103	0.02995	0.26261	0.03325	0.01642	0.13331	0.13763	0.01755	0.13495	0.08831	0.00808	0.02827	0.00165	0.00550	0.00597	0.00373	0.00574
6	0.00644	0.00449	0.00555	0.00602	0.00689	0.00403	0.00423	0.00754	0.01002	0.05090	0.11105	0.49830	0.24166	0.01288	0.00571	0.00174	0.00261	0.01140	0.00447	0.00408

[dist]
# distance from previous block
# <min> <max>
0	2

[block]
# block no. 8 follows, 55 sequences, length 22
# corresponding to MSA columns:
# 223-244
name=unknown_I
#
# <colnr> <probs for GDERKNQSTAVLIFYWHMCP>
#	G	D	E	R	K	N	Q	S	T	A	V	L	I	F	Y	W	H	M	C	P
0	0.03549	0.00738	0.01022	0.03163	0.12078	0.00729	0.02970	0.03667	0.09555	0.18633	0.08097	0.22805	0.06413	0.00862	0.00514	0.00160	0.00380	0.03646	0.00431	0.00589
1	0.00582	0.00415	0.00554	0.00660	0.00692	0.00391	0.00451	0.00671	0.00899	0.01196	0.02533	0.76022	0.03018	0.03265	0.00637	0.00197	0.00285	0.06727	0.00428	0.00379
2	0.01090	0.01038	0.01774	0.14572	0.63743	0.01067	0.02845	0.01370	0.01041	0.01464	0.00949	0.01372	0.00816	0.00465	0.00472	0.00145	0.00561	0.04291	0.00237	0.00687
3	0.01134	0.01196	0.09149	0.02439	0.62824	0.01064	0.01349	0.01475	0.04618	0.02882	0.00930	0.01156	0.00758	0.00425	0.00451	0.00135	0.00539	0.00404	0.00247	0.06824
4	0.01228	0.79840	0.06392	0.00823	0.01235	0.01803	0.00842	0.01397	0.00947	0.01114	0.00656	0.00758	0.00597	0.00400	0.00306	0.00102	0.00507	0.00254	0.00199	0.00602
5	0.03720	0.79166	0.04664	0.00806	0.01209	0.01796	0.00814	0.01395	0.00942	0.01134	0.00652	0.00753	0.00594	0.00400	0.00302	0.00102	0.00499	0.00252	0.00202	0.00597
6	0.06538	0.01324	0.01271	0.01030	0.01359	0.11673	0.00830	0.47942	0.16616	0.04899	0.01208	0.01192	0.00880	0.00555	0.00451	0.00141	0.00515	0.00416	0.00431	0.00732
7	0.00623	0.00481	0.00588	0.00611	0.00724	0.00418	0.00432	0.00739	0.00969	0.01298	0.08689	0.49344	0.19508	0.01210	0.00548	0.00163	0.00269	0.01073	0.00417	0.11898
8	0.01214	0.00876	0.01108	0.00934	0.01159	0.03664	0.07991	0.17090	0.14126	0.10924	0.08012	0.15113	0.01597	0.00887	0.00696	0.12559	0.00432	0.00632	0.00410	0.00576
9	0.05612	0.07671	0.01383	0.01103	0.01383	0.48983	0.00868	0.19669	0.01450	0.03899	0.00831	0.00920	0.00655	0.00503	0.00451	0.00127	0.03255	0.00330	0.00300	0.00606
10	0.00594	0.00427	0.00558	0.00634	0.00673	0.00411	0.00430	0.00681	0.00874	0.01167	0.04406	0.58631	0.06551	0.11470	0.08575	0.00272	0.00385	0.02488	0.00398	0.00373
11	0.77029	0.00899	0.00737	0.00642	0.00939	0.01019	0.00529	0.03198	0.00874	0.09551	0.00770	0.00842	0.00571	0.00448	0.00309	0.00144	0.00367	0.00276	0.00319	0.00537
12	0.00731	0.00586	0.00852	0.00816	0.00883	0.00722	0.00644	0.00883	0.00745	0.01098	0.01148	0.01716	0.01081	0.05074	0.63780	0.00630	0.15411	0.00486	0.02286	0.00429
13	0.07239	0.00816	0.00952	0.00798	0.01069	0.00827	0.00637	0.10396	0.18429	0.29155	0.15994	0.04200	0.06064	0.00700	0.00479	0.00149	0.00357	0.00578	0.00499	0.00664
14	0.00645	0.00444	0.00517	0.00539	0.00558	0.00436	0.00325	0.00674	0.00748	0.00989	0.01911	0.19175	0.07557	0.59335	0.03886	0.00385	0.00420	0.00823	0.00322	0.00312
15	0.01253	0.01146	0.01323	0.01135	0.01232	0.13090	0.00927	0.02667	0.03037	0.10885	0.02424	0.01151	0.00789	0.00801	0.03294	0.00195	0.53410	0.00413	0.00273	0.00555
16	0.00747	0.00493	0.00594	0.00586	0.00723	0.00435	0.00437	0.00889	0.01110	0.09853	0.21325	0.22086	0.34679	0.01129	0.00553	0.00162	0.00262	0.03028	0.00466	0.00443
17	0.01825	0.00744	0.00980	0.00779	0.01087	0.00664	0.00633	0.05183	0.01294	0.63009	0.01821	0.07389	0.01278	0.00634	0.00460	0.00143	0.00371	0.00523	0.10462	0.00721
18	0.02924	0.01149	0.10416	0.00950	0.01335	0.01001	0.00852	0.29514	0.03795	0.32551	0.05114	0.01455	0.02474	0.00573	0.00462	0.00141	0.00457	0.00454	0.00469	0.03916
19	0.02215	0.15464	0.20095	0.01084	0.01407	0.01127	0.08853	0.06757	0.01027	0.02828	0.03177	0.15367	0.01230	0.02071	0.00657	0.00162	0.12838	0.02783	0.00285	0.00572
20	0.00634	0.00450	0.00591	0.00672	0.00738	0.00416	0.00482	0.00742	0.00938	0.02648	0.02605	0.62763	0.07678	0.01359	0.00587	0.00185	0.00296	0.12222	0.00428	0.03567
21	0.77077	0.00916	0.00737	0.00647	0.00935	0.01053	0.00531	0.07454	0.00921	0.02145	0.03628	0.00884	0.00670	0.00461	0.00311	0.00144	0.00367	0.00287	0.00310	0.00524

[dist]
# distance from previous block
# <min> <max>
0	4

[block]
# block no. 9 follows, 55 sequences, length 20
# corresponding to MSA columns:
# 250-267,273,274
name=unknown_J
#
# <colnr> <probs for GDERKNQSTAVLIFYWHMCP>
#	G	D	E	R	K	N	Q	S	T	A	V	L	I	F	Y	W	H	M	C	P
0	0.63115	0.02597	0.00832	0.00679	0.00988	0.00988	0.00562	0.03803	0.00960	0.20354	0.00936	0.00957	0.00664	0.00468	0.00335	0.00143	0.00375	0.00307	0.00358	0.00581
1	0.03290	0.05959	0.03608	0.09304	0.11946	0.02280	0.00903	0.14330	0.10411	0.26415	0.02923	0.04331	0.01078	0.00567	0.00458	0.00144	0.00467	0.00469	0.00413	0.00704
2	0.00795	0.00473	0.00580	0.00565	0.00591	0.00471	0.00350	0.02543	0.00733	0.04683	0.01357	0.05586	0.01484	0.54814	0.02034	0.21303	0.00432	0.00619	0.00286	0.00302
3	0.04024	0.00772	0.00938	0.00784	0.01060	0.00751	0.00629	0.04327	0.17902	0.38558	0.12902	0.02219	0.10051	0.00713	0.00487	0.00150	0.00352	0.02194	0.00515	0.00673
4	0.01120	0.00677	0.00857	0.00746	0.00903	0.00680	0.03301	0.06967	0.07780	0.19099	0.01752	0.10350	0.04666	0.33540	0.03200	0.00287	0.02517	0.00659	0.00394	0.00507
5	0.03161	0.34938	0.08675	0.01048	0.05047	0.13340	0.00918	0.12341	0.02745	0.10542	0.00908	0.00971	0.00708	0.00471	0.00409	0.00123	0.02380	0.00330	0.00293	0.00651
6	0.00928	0.00875	0.01391	0.51742	0.06251	0.01119	0.01179	0.01153	0.00859	0.01167	0.00767	0.01181	0.00632	0.00616	0.00830	0.04201	0.23981	0.00411	0.00207	0.00510
7	0.00941	0.00542	0.00649	0.00595	0.00779	0.00468	0.00455	0.01084	0.01143	0.20715	0.14770	0.13026	0.40982	0.01032	0.00535	0.00156	0.00276	0.00877	0.00479	0.00495
8	0.01073	0.02217	0.69336	0.01276	0.01916	0.01097	0.01585	0.09268	0.01120	0.05528	0.00912	0.01025	0.00637	0.00460	0.00446	0.00146	0.00656	0.00357	0.00242	0.00703
9	0.19195	0.53453	0.08202	0.00810	0.01205	0.01545	0.00805	0.03874	0.00974	0.05317	0.00735	0.00820	0.00610	0.00422	0.00321	0.00116	0.00479	0.00273	0.00244	0.00600
10	0.01459	0.00683	0.00890	0.00739	0.00995	0.00620	0.00588	0.01729	0.07179	0.44651	0.25132	0.05041	0.06736	0.00754	0.00501	0.00148	0.00329	0.00640	0.00536	0.00647
11	0.00590	0.00457	0.00534	0.00566	0.00670	0.00407	0.00412	0.00715	0.01039	0.01328	0.15731	0.26544	0.38649	0.04338	0.00637	0.00179	0.00264	0.06109	0.00439	0.00394
12	0.00809	0.00535	0.00746	0.00700	0.00838	0.00491	0.04063	0.00989	0.01162	0.09879	0.36365	0.19199	0.10990	0.02681	0.00595	0.00169	0.00301	0.08556	0.00469	0.00464
13	0.05202	0.01147	0.02323	0.01676	0.02116	0.01073	0.60022	0.01638	0.01130	0.17215	0.01104	0.01297	0.00785	0.00430	0.00521	0.00154	0.00688	0.00519	0.00305	0.00654
14	0.01945	0.00760	0.01034	0.00804	0.01138	0.00659	0.00659	0.02129	0.01330	0.73167	0.09685	0.01772	0.01475	0.00613	0.00476	0.00144	0.00378	0.00505	0.00569	0.00757
15	0.01244	0.83930	0.02438	0.00796	0.01194	0.01841	0.00796	0.01393	0.00945	0.01095	0.00647	0.00746	0.00597	0.00398	0.00299	0.00100	0.00498	0.00249	0.00199	0.00597
16	0.00950	0.02291	0.73407	0.01389	0.02055	0.01090	0.09436	0.01475	0.00994	0.01475	0.00845	0.01009	0.00601	0.00437	0.00453	0.00148	0.00697	0.00364	0.00200	0.00682
17	0.00844	0.00643	0.00757	0.00682	0.00847	0.00651	0.00524	0.09591	0.13150	0.01938	0.53305	0.03049	0.10413	0.00881	0.00528	0.00148	0.00275	0.00761	0.00494	0.00517
18	0.01276	0.78569	0.02364	0.00822	0.01210	0.07086	0.00803	0.01424	0.00970	0.01097	0.00652	0.00752	0.00597	0.00403	0.00306	0.00101	0.00520	0.00252	0.00202	0.00593
19	0.59102	0.00945	0.00876	0.08864	0.01222	0.03067	0.00645	0.07711	0.00996	0.11601	0.00849	0.00935	0.00619	0.00464	0.00345	0.00144	0.00414	0.00309	0.00328	0.00564

[dist]
# distance from previous block
# <min> <max>
0	1

[block]
# block no. 10 follows, 55 sequences, length 25
# corresponding to MSA columns:
# 276-300
name=unknown_K
#
# <colnr> <probs for GDERKNQSTAVLIFYWHMCP>
#	G	D	E	R	K	N	Q	S	T	A	V	L	I	F	Y	W	H	M	C	P
0	0.01004	0.00561	0.00754	0.00723	0.00857	0.00554	0.00553	0.02636	0.00973	0.19390	0.01894	0.16562	0.03875	0.15019	0.21957	0.00368	0.00606	0.10841	0.00393	0.00482
1	0.00567	0.00405	0.00540	0.00648	0.00675	0.00378	0.00432	0.00648	0.00891	0.01188	0.02564	0.83347	0.03077	0.01457	0.00594	0.00189	0.00270	0.01323	0.00432	0.00378
2	0.01080	0.01201	0.02444	0.01792	0.02155	0.01233	0.61265	0.01406	0.01010	0.01406	0.00866	0.01201	0.00684	0.00488	0.00772	0.00168	0.19484	0.00517	0.00228	0.00600
3	0.00695	0.00444	0.00521	0.00521	0.00521	0.00444	0.00299	0.00667	0.00667	0.00889	0.01374	0.02816	0.01567	0.72143	0.02291	0.12517	0.00444	0.00638	0.00271	0.00271
4	0.00976	0.13630	0.70391	0.01253	0.01901	0.01185	0.01592	0.01462	0.00977	0.01421	0.00809	0.00950	0.00590	0.00436	0.00422	0.00141	0.00661	0.00331	0.00197	0.00675
5	0.86937	0.00900	0.00684	0.00612	0.00900	0.01044	0.00504	0.01368	0.00792	0.02087	0.00648	0.00756	0.00504	0.00432	0.00288	0.00144	0.00360	0.00252	0.00288	0.00504
6	0.86937	0.00900	0.00684	0.00612	0.00900	0.01044	0.00504	0.01368	0.00792	0.02087	0.00648	0.00756	0.00504	0.00432	0.00288	0.00144	0.00360	0.00252	0.00288	0.00504
7	0.00572	0.00408	0.00544	0.00645	0.00676	0.00381	0.00432	0.00660	0.00913	0.01222	0.06562	0.79250	0.03144	0.01432	0.00591	0.00187	0.00267	0.01298	0.00436	0.00381
8	0.03028	0.01099	0.01200	0.00935	0.01288	0.01152	0.00761	0.45004	0.11179	0.02349	0.01136	0.01184	0.00855	0.00662	0.04605	0.00155	0.00488	0.00397	0.00405	0.22118
9	0.05269	0.00607	0.00677	0.00620	0.00808	0.00583	0.00478	0.01203	0.12668	0.10310	0.25638	0.03280	0.34234	0.00929	0.00516	0.00152	0.00274	0.00781	0.00469	0.00506
10	0.01157	0.00999	0.01052	0.00947	0.01210	0.01157	0.00736	0.02472	0.79908	0.01946	0.01893	0.01736	0.01420	0.00631	0.00473	0.00158	0.00368	0.00526	0.00473	0.00736
11	0.08376	0.01085	0.01226	0.00946	0.01308	0.01134	0.00782	0.45063	0.01767	0.31513	0.01345	0.01260	0.00901	0.00555	0.00453	0.00142	0.00458	0.00424	0.00492	0.00769
12	0.00728	0.00472	0.00647	0.00683	0.00747	0.00442	0.02681	0.00816	0.00902	0.07561	0.02273	0.58621	0.02612	0.15037	0.00879	0.00229	0.00330	0.03523	0.00413	0.00404
13	0.00587	0.00436	0.00548	0.00597	0.00671	0.00397	0.00418	0.00712	0.01035	0.01378	0.23281	0.47166	0.18529	0.01271	0.00573	0.00172	0.00250	0.01131	0.00453	0.00397
14	0.00608	0.00464	0.00560	0.00577	0.00679	0.00421	0.00417	0.00777	0.02774	0.01474	0.31885	0.28208	0.27120	0.01169	0.00561	0.00163	0.00243	0.01025	0.00462	0.00412
15	0.07823	0.01520	0.01194	0.01081	0.03290	0.34444	0.00817	0.10339	0.27407	0.05661	0.01205	0.01205	0.00916	0.00538	0.00436	0.00138	0.00583	0.00395	0.00361	0.00647
16	0.65193	0.00940	0.00808	0.00701	0.00997	0.01073	0.00573	0.08064	0.10513	0.06077	0.00897	0.00946	0.00671	0.00474	0.00334	0.00145	0.00375	0.00310	0.00340	0.00570
17	0.02549	0.00553	0.00656	0.00601	0.00791	0.00482	0.00461	0.01111	0.01125	0.21987	0.10564	0.14631	0.40647	0.01027	0.00530	0.00157	0.00283	0.00870	0.00474	0.00500
18	0.00832	0.00549	0.00689	0.00665	0.00738	0.00576	0.00464	0.00979	0.05512	0.08537	0.04136	0.17057	0.04105	0.35777	0.11944	0.00364	0.05575	0.00739	0.00350	0.00413
19	0.05965	0.01024	0.01621	0.34960	0.39970	0.03933	0.03238	0.01344	0.01002	0.01404	0.00839	0.01156	0.00671	0.00438	0.00453	0.00145	0.00585	0.00404	0.00224	0.00625
20	0.00828	0.00602	0.00763	0.00744	0.00865	0.00608	0.02849	0.05733	0.12819	0.05034	0.10914	0.43740	0.04131	0.07263	0.00687	0.00193	0.00327	0.00980	0.00438	0.00482
21	0.02730	0.00932	0.01076	0.00868	0.01160	0.00970	0.00697	0.31145	0.07148	0.13264	0.01275	0.01436	0.00988	0.05196	0.15032	0.00255	0.00581	0.00438	0.02103	0.12705
22	0.11718	0.06320	0.03033	0.01567	0.26088	0.10439	0.03021	0.10990	0.13191	0.06436	0.01053	0.01150	0.00814	0.00488	0.00445	0.00139	0.01712	0.00394	0.00321	0.00680
23	0.04101	0.02753	0.01164	0.00955	0.02482	0.08255	0.00759	0.27461	0.14339	0.19072	0.06616	0.01697	0.04645	0.00632	0.00469	0.00145	0.00456	0.02850	0.00456	0.00696
24	0.00787	0.00679	0.00981	0.02556	0.06140	0.03428	0.09850	0.03272	0.03097	0.01354	0.09554	0.40934	0.03525	0.08269	0.03162	0.00211	0.00425	0.00939	0.00376	0.00460

[dist]
# distance from previous block
# <min> <max>
0	6

[block]
# block no. 11 follows, 55 sequences, length 14
# corresponding to MSA columns:
# 307-320
name=unknown_L
#
# <colnr> <probs for GDERKNQSTAVLIFYWHMCP>
#	G	D	E	R	K	N	Q	S	T	A	V	L	I	F	Y	W	H	M	C	P
0	0.01044	0.00856	0.01037	0.00757	0.01154	0.00687	0.03006	0.06542	0.01061	0.04019	0.00944	0.04006	0.00798	0.00408	0.00372	0.00083	0.00368	0.00338	0.00302	0.72217
1	0.00586	0.00434	0.00533	0.00586	0.00652	0.00397	0.00402	0.00689	0.00972	0.01277	0.14391	0.46507	0.20641	0.08797	0.00739	0.00199	0.00271	0.01116	0.00430	0.00381
2	0.01413	0.05284	0.01392	0.01151	0.04294	0.15744	0.05914	0.21233	0.34742	0.01960	0.01331	0.01321	0.01006	0.00551	0.00458	0.00143	0.00528	0.00443	0.00392	0.00701
3	0.05228	0.01206	0.11673	0.00986	0.01351	0.07204	0.07180	0.13976	0.03083	0.15461	0.03361	0.01385	0.00974	0.07549	0.02333	0.00169	0.00525	0.00424	0.00353	0.15578
4	0.03067	0.22330	0.20130	0.01155	0.01587	0.01161	0.19467	0.01392	0.02580	0.04521	0.09818	0.02815	0.02833	0.00513	0.00441	0.00134	0.00552	0.00457	0.00277	0.04771
5	0.01098	0.01255	0.02745	0.01961	0.02431	0.01176	0.79059	0.01490	0.01098	0.01490	0.00941	0.01255	0.00706	0.00392	0.00549	0.00157	0.00784	0.00549	0.00235	0.00627
6	0.01407	0.00766	0.00997	0.09881	0.03325	0.00753	0.00707	0.01799	0.15330	0.37218	0.07223	0.02179	0.14979	0.00697	0.00488	0.00150	0.00381	0.00583	0.00479	0.00659
7	0.00756	0.08037	0.03414	0.00747	0.03074	0.00674	0.00582	0.01006	0.04770	0.01589	0.44489	0.10014	0.05465	0.01185	0.09512	0.00215	0.02836	0.00743	0.00417	0.00476
8	0.01125	0.01068	0.01814	0.02726	0.75570	0.01068	0.01384	0.01398	0.01060	0.01512	0.00978	0.01417	0.00863	0.00471	0.00472	0.00143	0.00545	0.05426	0.00243	0.00717
9	0.00642	0.00445	0.00523	0.00555	0.00579	0.00432	0.00346	0.00681	0.00778	0.01024	0.02043	0.23643	0.08269	0.52743	0.01700	0.00351	0.00387	0.04200	0.00338	0.00321
10	0.08189	0.00923	0.01108	0.00873	0.01218	0.00914	0.00715	0.17005	0.11059	0.50547	0.01617	0.01451	0.01067	0.00569	0.00455	0.00145	0.00412	0.00450	0.00521	0.00764
11	0.01622	0.01973	0.08050	0.01150	0.01440	0.57920	0.00934	0.07070	0.06750	0.05317	0.02911	0.01035	0.00791	0.00509	0.00434	0.00128	0.00734	0.00349	0.00291	0.00592
12	0.00665	0.00498	0.00748	0.00748	0.00831	0.00582	0.00582	0.00831	0.00748	0.01080	0.01246	0.01828	0.01163	0.03489	0.81807	0.00748	0.01246	0.00498	0.00249	0.00415
13	0.00619	0.00430	0.00526	0.00576	0.00597	0.00414	0.00361	0.00669	0.00811	0.01080	0.04603	0.41678	0.04801	0.39070	0.01403	0.00307	0.00350	0.01001	0.00366	0.00336

[dist]
# distance from previous block
# <min> <max>
0	1

[block]
# block no. 12 follows, 55 sequences, length 23
# corresponding to MSA columns:
# 322-344
name=unknown_M
#
# <colnr> <probs for GDERKNQSTAVLIFYWHMCP>
#	G	D	E	R	K	N	Q	S	T	A	V	L	I	F	Y	W	H	M	C	P
0	0.01660	0.01301	0.01441	0.01117	0.01479	0.04332	0.05737	0.63358	0.10367	0.02672	0.01174	0.01181	0.00846	0.00553	0.00470	0.00142	0.00526	0.00434	0.00444	0.00766
1	0.04195	0.00830	0.01368	0.79376	0.03115	0.01034	0.01262	0.01196	0.00925	0.01223	0.00820	0.01222	0.00616	0.00464	0.00458	0.00155	0.00610	0.00407	0.00210	0.00516
2	0.00942	0.00852	0.01391	0.53440	0.16932	0.00996	0.01196	0.02431	0.02280	0.02621	0.04159	0.06432	0.00969	0.00553	0.00505	0.00155	0.02847	0.00490	0.00252	0.00557
3	0.01626	0.01215	0.01305	0.01031	0.01370	0.01347	0.00840	0.65518	0.11312	0.02713	0.01294	0.06003	0.00999	0.00620	0.00474	0.00145	0.00481	0.00484	0.00464	0.00760
4	0.00658	0.00476	0.00622	0.00585	0.00695	0.00439	0.00439	0.00878	0.01317	0.01866	0.80503	0.03475	0.04390	0.00951	0.00549	0.00146	0.00219	0.00841	0.00512	0.00439
5	0.01170	0.01285	0.02399	0.01840	0.07098	0.06477	0.59368	0.04561	0.06201	0.01554	0.00988	0.01240	0.00750	0.00420	0.00523	0.00151	0.00727	0.00512	0.00260	0.02475
6	0.01314	0.01071	0.01184	0.01001	0.01292	0.01206	0.03171	0.25962	0.49566	0.02197	0.01659	0.05666	0.01289	0.00643	0.00479	0.00154	0.00420	0.00534	0.00462	0.00732
7	0.01247	0.00822	0.00984	0.00738	0.01109	0.00682	0.00594	0.05461	0.04132	0.20151	0.04307	0.01383	0.04178	0.00477	0.00400	0.00100	0.00357	0.00387	0.00378	0.52113
8	0.01092	0.01139	0.06746	0.16219	0.62747	0.01092	0.01423	0.01390	0.01033	0.01461	0.00864	0.01156	0.00708	0.00425	0.00460	0.00142	0.00572	0.00410	0.00224	0.00697
9	0.86937	0.00900	0.00684	0.00612	0.00900	0.01044	0.00504	0.01368	0.00792	0.02087	0.00648	0.00756	0.00504	0.00432	0.00288	0.00144	0.00360	0.00252	0.00288	0.00504
10	0.01578	0.00680	0.00913	0.00738	0.01011	0.00596	0.00594	0.01769	0.01318	0.52996	0.27342	0.02285	0.04670	0.00716	0.00497	0.00145	0.00334	0.00605	0.00551	0.00665
11	0.01135	0.00748	0.00956	0.00840	0.01006	0.00822	0.00667	0.10038	0.08151	0.15547	0.15419	0.08588	0.02987	0.01171	0.10623	0.03418	0.13132	0.02376	0.01814	0.00560
12	0.03085	0.00980	0.00979	0.00884	0.02474	0.12405	0.00670	0.19880	0.01372	0.09275	0.14593	0.15704	0.05400	0.04549	0.00620	0.00166	0.03178	0.02809	0.00418	0.00560
13	0.00572	0.00407	0.00538	0.00641	0.00667	0.00381	0.00425	0.00649	0.00881	0.01174	0.02512	0.79552	0.03011	0.05342	0.00678	0.00201	0.00278	0.01292	0.00425	0.00373
14	0.00564	0.00415	0.00529	0.00620	0.00667	0.00380	0.00419	0.00651	0.00918	0.01199	0.02906	0.70806	0.15397	0.01413	0.00587	0.00184	0.00264	0.01268	0.00432	0.00380
15	0.01331	0.09295	0.36335	0.01205	0.01711	0.07465	0.05418	0.25144	0.01391	0.05004	0.00940	0.01029	0.00681	0.00479	0.00441	0.00139	0.00622	0.00370	0.00299	0.00700
16	0.01788	0.00824	0.01055	0.00827	0.01146	0.00771	0.00676	0.15077	0.01474	0.54236	0.15204	0.01829	0.01646	0.00637	0.00481	0.00144	0.00385	0.00524	0.00546	0.00731
17	0.03093	0.00531	0.00674	0.00670	0.00805	0.00487	0.00489	0.01091	0.02779	0.19671	0.05617	0.47660	0.12289	0.01156	0.00547	0.00171	0.00297	0.01020	0.00465	0.00489
18	0.01196	0.06348	0.05588	0.05315	0.20243	0.10685	0.03993	0.03399	0.22297	0.04676	0.03743	0.03802	0.01150	0.00636	0.02310	0.00159	0.00539	0.02936	0.00332	0.00654
19	0.01258	0.00848	0.00942	0.00823	0.01070	0.03225	0.00646	0.06177	0.32125	0.19751	0.12937	0.05002	0.10098	0.00753	0.00496	0.00153	0.00360	0.02198	0.00488	0.00651
20	0.00582	0.00423	0.00546	0.00636	0.00683	0.00393	0.00438	0.00676	0.00923	0.01214	0.04519	0.65562	0.11325	0.04141	0.00650	0.00195	0.00281	0.06005	0.00428	0.00381
21	0.03645	0.00959	0.01124	0.00887	0.01228	0.03656	0.00724	0.17980	0.09352	0.50397	0.01716	0.01546	0.03413	0.00589	0.00465	0.00144	0.00427	0.00469	0.00521	0.00760
22	0.05191	0.16452	0.01462	0.00989	0.01305	0.21228	0.03826	0.15599	0.08549	0.14248	0.05843	0.01242	0.01022	0.00531	0.00425	0.00131	0.00546	0.00399	0.00365	0.00649

[dist]
# distance from previous block
# <min> <max>
1	3

[block]
# block no. 13 follows, 55 sequences, length 11
# corresponding to MSA columns:
# 348-358
name=unknown_N
#
# <colnr> <probs for GDERKNQSTAVLIFYWHMCP>
#	G	D	E	R	K	N	Q	S	T	A	V	L	I	F	Y	W	H	M	C	P
0	0.02432	0.02222	0.07185	0.01115	0.12620	0.03608	0.03881	0.07347	0.03103	0.02395	0.01182	0.01969	0.01165	0.35580	0.06850	0.00314	0.04457	0.00523	0.00281	0.01772
1	0.00911	0.02750	0.20785	0.01072	0.01404	0.02135	0.11237	0.03649	0.01025	0.01431	0.07178	0.05284	0.14533	0.00750	0.02246	0.00163	0.13221	0.00561	0.00293	0.09372
2	0.01293	0.00978	0.01304	0.08051	0.20209	0.02334	0.02254	0.14347	0.15998	0.13319	0.01598	0.07553	0.06065	0.00637	0.00499	0.00150	0.01795	0.00546	0.00390	0.00679
3	0.00937	0.00805	0.00956	0.00714	0.01076	0.00644	0.00567	0.01128	0.00946	0.01470	0.00949	0.07291	0.00868	0.00455	0.00426	0.00085	0.04681	0.00363	0.00284	0.75356
4	0.00701	0.00521	0.00612	0.00583	0.00730	0.00479	0.00446	0.00950	0.06249	0.04345	0.40022	0.03761	0.33732	0.01020	0.00545	0.00154	0.00250	0.03972	0.00477	0.00452
5	0.01200	0.00678	0.00747	0.00639	0.00842	0.00689	0.00506	0.18515	0.01319	0.12514	0.07040	0.01824	0.04984	0.00608	0.00401	0.00125	0.00307	0.00488	0.46016	0.00559
6	0.00652	0.00482	0.00550	0.00535	0.00677	0.00419	0.00400	0.00801	0.01138	0.04957	0.27744	0.10023	0.47745	0.01103	0.00549	0.00156	0.00240	0.00942	0.00463	0.00423
7	0.01314	0.01080	0.03947	0.05128	0.03204	0.01124	0.08391	0.19047	0.34943	0.09124	0.04787	0.01608	0.02967	0.00593	0.00481	0.00151	0.00461	0.00508	0.00431	0.00711
8	0.00586	0.00435	0.00541	0.00601	0.00669	0.00397	0.00418	0.00695	0.00982	0.01290	0.13777	0.49345	0.19946	0.04993	0.00659	0.00189	0.00268	0.03388	0.00436	0.00387
9	0.01384	0.04622	0.01111	0.03906	0.10853	0.00780	0.00725	0.07887	0.01270	0.32154	0.10369	0.02163	0.16297	0.00687	0.00478	0.00141	0.00387	0.00574	0.00449	0.03761
10	0.36736	0.13613	0.12007	0.00986	0.05889	0.12242	0.00851	0.07686	0.01045	0.01746	0.00739	0.00854	0.00584	0.00441	0.00354	0.00132	0.00513	0.00294	0.00266	0.03022

[dist]
# distance from previous block
# <min> <max>
2	8

[block]
# block no. 14 follows, 55 sequences, length 17
# corresponding to MSA columns:
# 367-383
name=unknown_O
#
# <colnr> <probs for GDERKNQSTAVLIFYWHMCP>
#	G	D	E	R	K	N	Q	S	T	A	V	L	I	F	Y	W	H	M	C	P
0	0.01350	0.07736	0.05716	0.01641	0.15080	0.03033	0.26439	0.23966	0.04677	0.04259	0.01014	0.01166	0.00762	0.00464	0.00477	0.00143	0.00612	0.00447	0.00316	0.00701
1	0.05771	0.13799	0.01324	0.00875	0.04319	0.00911	0.05202	0.04312	0.01010	0.01528	0.00855	0.03118	0.00734	0.00401	0.00362	0.00092	0.00408	0.00325	0.00272	0.54384
2	0.00978	0.03829	0.07310	0.05181	0.04630	0.06861	0.02812	0.12682	0.02983	0.01612	0.14755	0.20534	0.06324	0.04399	0.00591	0.00168	0.00438	0.03006	0.00378	0.00529
3	0.00606	0.00450	0.00567	0.00603	0.00689	0.00411	0.00437	0.00751	0.01085	0.01453	0.30694	0.35259	0.18642	0.01213	0.00572	0.00169	0.00254	0.05279	0.00460	0.00405
4	0.02463	0.01431	0.13700	0.12453	0.04420	0.13935	0.01042	0.16884	0.20427	0.03074	0.01171	0.01296	0.00891	0.00586	0.01732	0.00156	0.01743	0.01596	0.00337	0.00663
