[name]
unknown

[dist]
# distance from previous block
# <min> <max>
0	412

[block]
# block no. 0 follows, 57 sequences, length 88
# corresponding to MSA columns:
# 414-501
name=unknown_A
#
# <colnr> <probs for GDERKNQSTAVLIFYWHMCP>
#	G	D	E	R	K	N	Q	S	T	A	V	L	I	F	Y	W	H	M	C	P
0	0.06900	0.01089	0.01199	0.00955	0.01283	0.01178	0.00790	0.52319	0.05784	0.14778	0.01318	0.01511	0.00996	0.00603	0.00458	0.00144	0.00458	0.07059	0.00457	0.00721
1	0.00552	0.00394	0.00526	0.00631	0.00657	0.00368	0.00421	0.00631	0.00868	0.01157	0.02498	0.83779	0.02997	0.01420	0.00578	0.00184	0.00263	0.01288	0.00421	0.00368
2	0.00768	0.00397	0.00591	0.00597	0.00602	0.00398	0.00401	0.00600	0.00612	0.00818	0.00906	0.06442	0.00934	0.01624	0.04303	0.78719	0.00412	0.00451	0.00212	0.00214
3	0.00814	0.00498	0.00652	0.00593	0.00728	0.00456	0.00452	0.01023	0.01272	0.11268	0.68663	0.03103	0.03786	0.00868	0.00517	0.00141	0.00234	0.00762	0.03702	0.00468
4	0.01200	0.81304	0.05320	0.00795	0.01193	0.01765	0.00809	0.01360	0.00922	0.01080	0.00637	0.00735	0.00581	0.00389	0.00296	0.00099	0.00491	0.00246	0.00194	0.00585
5	0.01112	0.01067	0.01822	0.05602	0.78500	0.01074	0.01386	0.01382	0.01027	0.01469	0.00851	0.01125	0.00714	0.00405	0.00449	0.00135	0.00541	0.00404	0.00223	0.00710
6	0.00728	0.00603	0.00882	0.00836	0.00898	0.00758	0.00665	0.00875	0.00720	0.01061	0.01069	0.01596	0.01007	0.02791	0.63450	0.00605	0.20332	0.00465	0.00232	0.00426
7	0.00856	0.00805	0.01359	0.82986	0.03121	0.01007	0.01258	0.01158	0.00906	0.01158	0.00805	0.01208	0.00604	0.00453	0.00453	0.00151	0.00604	0.00403	0.00201	0.00503
8	0.00940	0.00805	0.00940	0.00671	0.01074	0.00604	0.00537	0.01141	0.00940	0.01477	0.00805	0.00940	0.00671	0.00336	0.00336	0.00067	0.00336	0.00268	0.00268	0.86845
9	0.01143	0.01067	0.01361	0.27365	0.20320	0.08758	0.01065	0.05693	0.23749	0.03197	0.01138	0.01290	0.00870	0.00496	0.00450	0.00144	0.00529	0.00425	0.00304	0.00635
10	0.01298	0.22975	0.20316	0.01013	0.01418	0.10906	0.00996	0.16059	0.13914	0.04293	0.02049	0.01073	0.00809	0.00485	0.00403	0.00128	0.00543	0.00358	0.00305	0.00656
11	0.00554	0.00400	0.00521	0.00617	0.00650	0.00371	0.00412	0.00633	0.00872	0.01153	0.02596	0.76687	0.07746	0.03677	0.00623	0.00189	0.00266	0.01251	0.00417	0.00366
12	0.09852	0.02779	0.04037	0.01068	0.01403	0.02188	0.14971	0.23451	0.04587	0.17486	0.02367	0.04996	0.01100	0.00601	0.00468	0.00148	0.00494	0.06955	0.00396	0.00651
13	0.01151	0.08920	0.01785	0.03874	0.63536	0.02622	0.01250	0.03032	0.01048	0.03729	0.00926	0.04422	0.00805	0.00453	0.00439	0.00133	0.00523	0.00424	0.00243	0.00686
14	0.00556	0.00397	0.00529	0.00629	0.00658	0.00370	0.00421	0.00640	0.00884	0.01183	0.05642	0.80559	0.03048	0.01400	0.00577	0.00182	0.00261	0.01269	0.00424	0.00370
15	0.01200	0.77478	0.02291	0.05821	0.01288	0.01737	0.00807	0.02994	0.00945	0.01109	0.00650	0.00764	0.00587	0.00395	0.00304	0.00101	0.00492	0.00256	0.00200	0.00581
16	0.00650	0.00477	0.00683	0.00683	0.00748	0.00542	0.00510	0.00780	0.00715	0.01018	0.01255	0.02010	0.01233	0.19041	0.66774	0.00672	0.01064	0.00519	0.00249	0.00379
17	0.01034	0.01063	0.01382	0.01188	0.01203	0.06346	0.00984	0.01135	0.00730	0.01092	0.00601	0.00981	0.00594	0.00773	0.01421	0.00193	0.78192	0.00390	0.00200	0.00498
18	0.00962	0.00874	0.01419	0.01946	0.47844	0.00871	0.04827	0.01251	0.05948	0.01441	0.01466	0.17507	0.05321	0.00659	0.00476	0.00146	0.00449	0.00619	0.05365	0.00610
19	0.01089	0.29250	0.34616	0.01204	0.07445	0.04136	0.05083	0.02482	0.03541	0.02604	0.00887	0.01006	0.02305	0.00436	0.00392	0.00126	0.00576	0.00338	0.00222	0.02262
20	0.01038	0.01172	0.02542	0.01831	0.02263	0.01098	0.74748	0.01401	0.01057	0.01433	0.01014	0.06284	0.00829	0.00446	0.00537	0.00155	0.00733	0.00581	0.00241	0.00596
21	0.04774	0.00759	0.01019	0.00801	0.01134	0.00669	0.00664	0.02101	0.01264	0.74013	0.01787	0.01734	0.01192	0.00599	0.00460	0.00144	0.00386	0.05215	0.00543	0.00740
22	0.01119	0.02538	0.31812	0.01408	0.12278	0.09807	0.10314	0.05193	0.03952	0.05929	0.07622	0.03038	0.01926	0.00514	0.00458	0.00141	0.00591	0.00445	0.00280	0.00635
23	0.02546	0.11610	0.03946	0.12881	0.06581	0.16770	0.13356	0.01338	0.00957	0.01204	0.00771	0.01056	0.00654	0.00729	0.06994	0.00191	0.17275	0.00383	0.00216	0.00543
24	0.00552	0.00394	0.00526	0.00631	0.00657	0.00368	0.00421	0.00631	0.00868	0.01157	0.02498	0.83779	0.02997	0.01420	0.00578	0.00184	0.00263	0.01288	0.00421	0.00368
25	0.01063	0.01001	0.01654	0.17588	0.58467	0.01045	0.01287	0.03052	0.04121	0.01469	0.02753	0.01271	0.02320	0.00450	0.00454	0.00139	0.00530	0.00428	0.00244	0.00666
26	0.01638	0.01996	0.01314	0.04580	0.04594	0.69825	0.00910	0.07473	0.01321	0.01253	0.00739	0.00865	0.00603	0.00470	0.00415	0.00120	0.00774	0.00309	0.00248	0.00550
27	0.00601	0.00429	0.00581	0.00684	0.00732	0.00410	0.00502	0.00716	0.00920	0.01220	0.03713	0.61736	0.02914	0.01368	0.00590	0.00190	0.00303	0.21588	0.00421	0.00382
28	0.00774	0.00530	0.00634	0.00596	0.00729	0.00518	0.00450	0.02106	0.09943	0.04380	0.46663	0.07637	0.08372	0.00857	0.00492	0.00141	0.00243	0.00744	0.13723	0.00468
29	0.01147	0.04353	0.06496	0.01789	0.17143	0.10975	0.39188	0.02915	0.01083	0.02709	0.00972	0.06182	0.00820	0.00474	0.00501	0.00144	0.01752	0.00499	0.00246	0.00612
30	0.01127	0.06021	0.11597	0.01872	0.19090	0.01134	0.42106	0.01467	0.01043	0.06335	0.00919	0.01154	0.00699	0.00415	0.00512	0.00145	0.03018	0.00458	0.00241	0.00646
31	0.58570	0.01001	0.00931	0.06870	0.01206	0.03786	0.02744	0.17051	0.01079	0.02087	0.00745	0.00857	0.00564	0.00448	0.00339	0.00140	0.00426	0.00299	0.00306	0.00552
32	0.01211	0.84348	0.02374	0.00775	0.01163	0.01793	0.00775	0.01357	0.00921	0.01066	0.00630	0.00727	0.00582	0.00388	0.00291	0.00097	0.00485	0.00242	0.00194	0.00582
33	0.00659	0.00439	0.00494	0.00494	0.00494	0.00439	0.00275	0.00659	0.00659	0.00879	0.01428	0.02965	0.01647	0.84075	0.02306	0.00439	0.00439	0.00659	0.00275	0.00275
34	0.00940	0.00805	0.00940	0.00671	0.01074	0.00604	0.00537	0.01141	0.00940	0.01477	0.00805	0.00940	0.00671	0.00336	0.00336	0.00067	0.00336	0.00268	0.00268	0.86845
35	0.00991	0.00991	0.01388	0.01190	0.01190	0.01388	0.00991	0.01091	0.00694	0.01091	0.00595	0.00991	0.00595	0.00793	0.01487	0.00198	0.83246	0.00397	0.00198	0.00496
36	0.00552	0.00394	0.00526	0.00631	0.00657	0.00368	0.00421	0.00631	0.00868	0.01157	0.02498	0.83779	0.02997	0.01420	0.00578	0.00184	0.00263	0.01288	0.00421	0.00368
37	0.00588	0.00420	0.00567	0.00672	0.00714	0.00399	0.00483	0.00692	0.00903	0.01197	0.02478	0.68053	0.02919	0.01386	0.00588	0.00189	0.00294	0.16663	0.00420	0.00378
38	0.00632	0.00454	0.00542	0.00525	0.00598	0.00425	0.00357	0.00750	0.01009	0.01373	0.39504	0.03371	0.14667	0.32484	0.01206	0.00257	0.00302	0.00779	0.00402	0.00363
39	0.00704	0.00563	0.00813	0.00781	0.00842	0.00687	0.00608	0.00841	0.00716	0.01042	0.01134	0.01762	0.01093	0.10409	0.61875	0.00616	0.14380	0.00487	0.00239	0.00407
40	0.87276	0.00876	0.00666	0.00596	0.00876	0.01017	0.00491	0.01332	0.00771	0.02033	0.00631	0.00736	0.00491	0.00421	0.00280	0.00140	0.00351	0.00245	0.00280	0.00491
41	0.00947	0.00812	0.00943	0.00680	0.01078	0.00623	0.00544	0.01188	0.03890	0.01492	0.00844	0.00968	0.00698	0.00346	0.00340	0.00070	0.00336	0.00278	0.00276	0.83648
42	0.01401	0.01101	0.01158	0.00906	0.01239	0.05067	0.00733	0.47035	0.01656	0.02254	0.02507	0.05802	0.00963	0.00555	0.00430	0.00121	0.00447	0.01767	0.02253	0.22605
43	0.87276	0.00876	0.00666	0.00596	0.00876	0.01017	0.00491	0.01332	0.00771	0.02033	0.00631	0.00736	0.00491	0.00421	0.00280	0.00140	0.00351	0.00245	0.00280	0.00491
44	0.01973	0.00868	0.01111	0.00852	0.01205	0.00809	0.00704	0.17240	0.01459	0.66303	0.01652	0.01454	0.01054	0.00558	0.00455	0.00139	0.00407	0.00446	0.00540	0.00771
45	0.87276	0.00876	0.00666	0.00596	0.00876	0.01017	0.00491	0.01332	0.00771	0.02033	0.00631	0.00736	0.00491	0.00421	0.00280	0.00140	0.00351	0.00245	0.00280	0.00491
46	0.01122	0.01077	0.01839	0.02781	0.81248	0.01077	0.01391	0.01391	0.01032	0.01480	0.00852	0.01122	0.00718	0.00404	0.00449	0.00135	0.00538	0.00404	0.00224	0.00718
47	0.01095	0.01049	0.01791	0.10917	0.73324	0.01070	0.01377	0.01367	0.01019	0.01448	0.00848	0.01130	0.00706	0.00409	0.00449	0.00136	0.00545	0.00404	0.00222	0.00696
48	0.01127	0.00973	0.01025	0.00922	0.01178	0.01127	0.00717	0.02408	0.80430	0.01896	0.01844	0.01691	0.01383	0.00615	0.00461	0.00154	0.00359	0.00512	0.00461	0.00717
49	0.00836	0.00784	0.01304	0.77927	0.02967	0.00968	0.01202	0.01127	0.00914	0.01162	0.01037	0.01401	0.05537	0.00496	0.00458	0.00151	0.00581	0.00437	0.00215	0.00496
50	0.00557	0.00470	0.00484	0.00482	0.00633	0.00401	0.00364	0.00700	0.02420	0.01277	0.09476	0.04267	0.72991	0.01126	0.00536	0.00154	0.00235	0.02607	0.00426	0.00392
51	0.00784	0.00640	0.00805	0.02561	0.01015	0.05551	0.02806	0.01000	0.02861	0.01324	0.02263	0.14453	0.03893	0.01168	0.00595	0.00195	0.00431	0.56825	0.00398	0.00431
52	0.02999	0.00496	0.00543	0.00497	0.00651	0.00480	0.00385	0.01273	0.01010	0.16339	0.01516	0.01641	0.01139	0.00532	0.00341	0.00113	0.00246	0.00424	0.68887	0.00488
53	0.00561	0.00424	0.00521	0.00594	0.00661	0.00388	0.00413	0.00672	0.02146	0.01192	0.03051	0.58918	0.24093	0.01329	0.00566	0.00176	0.00259	0.03236	0.00421	0.00379
54	0.00550	0.00403	0.00517	0.00608	0.00651	0.00370	0.00410	0.00634	0.00890	0.01166	0.02779	0.73108	0.13487	0.01383	0.00573	0.00180	0.00258	0.01244	0.00421	0.00370
55	0.00966	0.00921	0.01546	0.47109	0.33066	0.01057	0.01293	0.01243	0.00941	0.01278	0.00811	0.01161	0.00647	0.00455	0.00515	0.00148	0.05645	0.00403	0.00210	0.00585
56	0.00918	0.03847	0.78467	0.01296	0.01956	0.01068	0.03414	0.01434	0.00959	0.01429	0.00812	0.00958	0.00577	0.00429	0.00430	0.00143	0.00668	0.00338	0.00192	0.00667
57	0.00563	0.00402	0.00538	0.00643	0.00674	0.00377	0.00440	0.00650	0.00878	0.01169	0.02491	0.78967	0.02973	0.01409	0.00581	0.00186	0.00272	0.05993	0.00420	0.00371
58	0.00648	0.00484	0.00722	0.00722	0.00800	0.00563	0.00558	0.00805	0.00726	0.01047	0.01220	0.01814	0.01148	0.05700	0.79998	0.00720	0.01192	0.00490	0.00244	0.00401
59	0.87276	0.00876	0.00666	0.00596	0.00876	0.01017	0.00491	0.01332	0.00771	0.02033	0.00631	0.00736	0.00491	0.00421	0.00280	0.00140	0.00351	0.00245	0.00280	0.00491
60	0.01338	0.01078	0.01106	0.00846	0.01206	0.09283	0.00680	0.25938	0.01386	0.07984	0.03302	0.01091	0.00833	0.00449	0.00395	0.00102	0.00437	0.00345	0.00352	0.41850
61	0.80933	0.00868	0.00695	0.00612	0.00897	0.00990	0.00504	0.01397	0.00810	0.07951	0.00717	0.00796	0.00538	0.00431	0.00293	0.00140	0.00353	0.00261	0.00301	0.00512
62	0.00880	0.00529	0.00690	0.00616	0.00767	0.00486	0.00473	0.02882	0.01301	0.14177	0.65821	0.03060	0.04792	0.00864	0.00520	0.00142	0.00247	0.00756	0.00506	0.00488
63	0.00929	0.08957	0.72246	0.01223	0.01845	0.01088	0.01553	0.01397	0.00940	0.01381	0.00797	0.00954	0.00583	0.00469	0.00469	0.03357	0.00644	0.00329	0.00192	0.00645
64	0.00894	0.00846	0.01421	0.70025	0.13045	0.01028	0.01266	0.01185	0.00915	0.01197	0.00804	0.01190	0.00618	0.00458	0.00487	0.00150	0.03331	0.00403	0.00204	0.00531
65	0.00576	0.00403	0.00532	0.00628	0.00664	0.00373	0.00422	0.00658	0.00880	0.02483	0.02555	0.79797	0.05550	0.01396	0.00575	0.00182	0.00264	0.01263	0.00423	0.00375
66	0.00923	0.00874	0.01480	0.62801	0.22783	0.01024	0.01292	0.01216	0.00938	0.01239	0.00817	0.01186	0.00633	0.00441	0.00452	0.00147	0.00588	0.00403	0.00207	0.00557
67	0.00996	0.00959	0.01061	0.00992	0.01178	0.16470	0.08905	0.03387	0.06985	0.01429	0.07708	0.03366	0.04293	0.00916	0.00548	0.00173	0.00508	0.39265	0.00372	0.00490
68	0.00913	0.03974	0.77063	0.01249	0.01891	0.01044	0.01605	0.01419	0.00956	0.01437	0.00834	0.00979	0.00596	0.00433	0.00423	0.00141	0.00649	0.00336	0.03399	0.00659
69	0.01137	0.01104	0.01344	0.01122	0.02547	0.09883	0.13579	0.06321	0.30857	0.01628	0.04195	0.01569	0.04259	0.00596	0.00579	0.00147	0.09629	0.01929	0.00350	0.07224
70	0.00777	0.00561	0.00743	0.00808	0.00924	0.00567	0.00686	0.05756	0.02404	0.01436	0.04156	0.09500	0.04744	0.03939	0.00661	0.00206	0.00402	0.60877	0.00418	0.00435
71	0.01372	0.01415	0.02541	0.01148	0.01415	0.25391	0.09093	0.15021	0.17946	0.02699	0.01036	0.01131	0.00807	0.00542	0.00588	0.00141	0.12090	0.00400	0.00319	0.04906
72	0.00656	0.00440	0.00497	0.00496	0.00502	0.00438	0.00281	0.00664	0.00685	0.00913	0.03771	0.03009	0.03551	0.79794	0.02215	0.00424	0.00428	0.00670	0.00284	0.00281
73	0.00996	0.01302	0.24364	0.01020	0.01373	0.01010	0.02197	0.01884	0.44859	0.01667	0.01616	0.06583	0.01336	0.00659	0.00474	0.00157	0.00454	0.07020	0.00373	0.00656
74	0.01111	0.00950	0.01007	0.00904	0.01154	0.01092	0.00703	0.03921	0.74153	0.01911	0.06482	0.01778	0.01541	0.00632	0.00465	0.00153	0.00353	0.00528	0.00463	0.00701
75	0.01127	0.00809	0.00965	0.00699	0.01093	0.00629	0.00563	0.02771	0.01018	0.14140	0.00966	0.01037	0.00744	0.00375	0.00357	0.00080	0.00347	0.00301	0.00318	0.71661
76	0.01653	0.01222	0.01307	0.01008	0.01359	0.01345	0.00831	0.75089	0.02066	0.02760	0.01294	0.01280	0.05491	0.00579	0.00458	0.00137	0.00483	0.00440	0.00451	0.00748
77	0.03469	0.06656	0.01490	0.03365	0.20721	0.53059	0.02120	0.01651	0.01178	0.01223	0.00737	0.00898	0.00616	0.00444	0.00411	0.00122	0.00714	0.00321	0.00229	0.00575
78	0.01071	0.01113	0.06467	0.14084	0.65492	0.01065	0.01389	0.01360	0.01010	0.01432	0.00843	0.01124	0.00693	0.00412	0.00448	0.00137	0.00555	0.00400	0.00219	0.00684
79	0.01099	0.01044	0.01774	0.02667	0.76528	0.01044	0.01352	0.01364	0.01032	0.01473	0.00943	0.01356	0.00829	0.00454	0.00459	0.00139	0.00531	0.04977	0.00236	0.00700
80	0.00637	0.00539	0.00563	0.00593	0.00692	0.05205	0.00427	0.00751	0.01005	0.01258	0.12732	0.31435	0.32838	0.04769	0.00624	0.00175	0.00292	0.04664	0.00413	0.00388
81	0.00967	0.15260	0.61138	0.01151	0.01733	0.01145	0.01421	0.04461	0.01002	0.01420	0.01017	0.01125	0.05314	0.00470	0.00415	0.00136	0.00608	0.00360	0.00216	0.00643
82	0.00549	0.00451	0.00484	0.00494	0.00625	0.00386	0.00364	0.00670	0.01038	0.01280	0.12737	0.14926	0.62105	0.01160	0.00541	0.00156	0.00232	0.00986	0.00429	0.00386
83	0.00800	0.00694	0.05538	0.00891	0.02847	0.00633	0.00760	0.04354	0.07897	0.01445	0.02213	0.14394	0.03477	0.01120	0.00581	0.00191	0.00411	0.50876	0.00405	0.00473
84	0.01156	0.05869	0.01105	0.00910	0.01177	0.01154	0.00719	0.02341	0.73647	0.03970	0.01771	0.01630	0.01329	0.00600	0.00451	0.00150	0.00367	0.00495	0.00448	0.00711
85	0.00602	0.00459	0.00554	0.00553	0.00663	0.00416	0.00406	0.00781	0.02536	0.01521	0.42449	0.17961	0.27291	0.01076	0.00541	0.00153	0.00230	0.00939	0.00461	0.00408
86	0.10834	0.01201	0.01223	0.00966	0.01304	0.06134	0.00790	0.52409	0.06433	0.12485	0.01148	0.01127	0.00810	0.00532	0.00433	0.00137	0.00480	0.00396	0.00436	0.00723
87	0.06752	0.01246	0.01319	0.01016	0.01374	0.01382	0.00839	0.75129	0.02051	0.02807	0.01061	0.01067	0.00754	0.00537	0.00443	0.00136	0.00490	0.00398	0.00443	0.00754

[dist]
# distance from previous block
# <min> <max>
2	13

[block]
# block no. 1 follows, 57 sequences, length 18
# corresponding to MSA columns:
# 515-532
name=unknown_B
#
# <colnr> <probs for GDERKNQSTAVLIFYWHMCP>
#	G	D	E	R	K	N	Q	S	T	A	V	L	I	F	Y	W	H	M	C	P
0	0.00978	0.00942	0.01270	0.01053	0.01159	0.01182	0.00872	0.01104	0.00759	0.01192	0.00650	0.00978	0.00615	0.00673	0.01184	0.00164	0.61447	0.00363	0.00217	0.23198
1	0.00594	0.00477	0.00534	0.00533	0.00663	0.00429	0.00394	0.00787	0.04934	0.01404	0.24276	0.14336	0.46820	0.01099	0.00537	0.00154	0.00236	0.00942	0.00443	0.00409
2	0.01204	0.01930	0.60516	0.01164	0.01750	0.00951	0.01409	0.01638	0.01046	0.22502	0.01069	0.01111	0.00718	0.00465	0.00437	0.00143	0.00595	0.00367	0.00288	0.00696
3	0.00705	0.00955	0.21926	0.00757	0.01011	0.00588	0.00752	0.00993	0.01175	0.01674	0.54569	0.05159	0.06317	0.00819	0.00508	0.00144	0.00336	0.00711	0.00413	0.00488
4	0.01701	0.01926	0.01304	0.01135	0.01402	0.60999	0.00872	0.22298	0.01507	0.01568	0.00802	0.00888	0.00633	0.00487	0.00420	0.00122	0.00733	0.00322	0.00291	0.00590
5	0.00965	0.01209	0.22183	0.00838	0.01310	0.00724	0.00840	0.01251	0.00955	0.03936	0.00838	0.00963	0.00660	0.00367	0.00364	0.00089	0.00425	0.00292	0.00257	0.61533
6	0.01496	0.01150	0.01210	0.00981	0.01297	0.02812	0.00793	0.47492	0.29534	0.03993	0.01370	0.01319	0.00999	0.00567	0.00452	0.00141	0.00446	0.00444	0.02768	0.00738
7	0.01211	0.84348	0.02374	0.00775	0.01163	0.01793	0.00775	0.01357	0.00921	0.01066	0.00630	0.00727	0.00582	0.00388	0.00291	0.00097	0.00485	0.00242	0.00194	0.00582
8	0.01187	0.01063	0.22086	0.00840	0.01178	0.00673	0.00837	0.01470	0.01202	0.28950	0.32870	0.02117	0.02225	0.00671	0.00480	0.00142	0.00392	0.00568	0.00439	0.00609
9	0.61388	0.01265	0.00853	0.00769	0.01035	0.25591	0.00607	0.01476	0.00926	0.01754	0.00652	0.00761	0.00519	0.00435	0.00319	0.00133	0.00492	0.00259	0.00266	0.00501
10	0.00556	0.00466	0.00488	0.00499	0.00647	0.00397	0.00386	0.00681	0.01034	0.01238	0.04355	0.04441	0.72638	0.01159	0.00545	0.00159	0.00250	0.09252	0.00420	0.00386
11	0.00860	0.00746	0.00918	0.00859	0.00981	0.03882	0.00676	0.01306	0.21699	0.01281	0.01275	0.01611	0.01104	0.02197	0.46529	0.00481	0.12323	0.00473	0.00294	0.00504
12	0.01132	0.62788	0.23238	0.00911	0.01373	0.01598	0.01012	0.01377	0.00930	0.01163	0.00678	0.00787	0.00580	0.00399	0.00327	0.00109	0.00533	0.00267	0.00193	0.00605
13	0.00811	0.00732	0.01212	0.58185	0.05605	0.00894	0.01082	0.01075	0.00864	0.01143	0.00915	0.01355	0.00748	0.01225	0.21966	0.00302	0.00762	0.00425	0.00213	0.00486
14	0.00710	0.00583	0.00797	0.22235	0.01335	0.00614	0.00645	0.00993	0.05942	0.01531	0.38706	0.02868	0.18042	0.00819	0.00505	0.00147	0.00328	0.00710	0.02035	0.00456
15	0.00638	0.00463	0.00600	0.00566	0.00675	0.00426	0.00425	0.00848	0.01274	0.01796	0.78294	0.03420	0.07004	0.00934	0.00534	0.00143	0.00214	0.00824	0.00496	0.00426
16	0.00681	0.00956	0.21891	0.00727	0.00996	0.00579	0.00731	0.00948	0.01124	0.01544	0.37628	0.03031	0.25707	0.00861	0.00507	0.00146	0.00338	0.00732	0.00395	0.00478
17	0.00806	0.01048	0.22074	0.00946	0.01227	0.00707	0.03052	0.03425	0.03620	0.01439	0.04086	0.03563	0.10240	0.00952	0.00550	0.00179	0.00469	0.40756	0.00358	0.00506

[dist]
# distance from previous block
# <min> <max>
0	52

[block]
# block no. 2 follows, 57 sequences, length 14
# corresponding to MSA columns:
# 585-598
name=unknown_C
#
# <colnr> <probs for GDERKNQSTAVLIFYWHMCP>
#	G	D	E	R	K	N	Q	S	T	A	V	L	I	F	Y	W	H	M	C	P
0	0.01026	0.40993	0.27254	0.00913	0.01336	0.03471	0.01001	0.01304	0.01007	0.01320	0.15140	0.01280	0.01243	0.00500	0.00382	0.00120	0.00504	0.00377	0.00249	0.00580
1	0.00826	0.00474	0.00625	0.00654	0.00754	0.00430	0.00470	0.00934	0.00977	0.15643	0.04915	0.57548	0.08815	0.01223	0.00553	0.00173	0.00286	0.03807	0.00448	0.00445
2	0.00581	0.00461	0.00522	0.00507	0.00640	0.00402	0.00380	0.00738	0.01140	0.01479	0.37381	0.03942	0.48115	0.01053	0.00535	0.00149	0.00223	0.00898	0.00454	0.00402
3	0.01089	0.01028	0.01678	0.02402	0.66836	0.00992	0.01237	0.01346	0.01015	0.01480	0.00844	0.01089	0.00709	0.00391	0.00428	0.00122	0.00502	0.00379	0.00232	0.16201
4	0.03521	0.01570	0.01523	0.01320	0.05497	0.39250	0.17142	0.03302	0.12851	0.06724	0.01027	0.01166	0.00800	0.00487	0.00449	0.00135	0.00672	0.01668	0.00296	0.00599
5	0.00985	0.00745	0.00968	0.01070	0.15335	0.00754	0.00691	0.04044	0.19542	0.08866	0.27299	0.02487	0.13833	0.00747	0.00492	0.00145	0.00333	0.00647	0.00433	0.00582
6	0.02033	0.00771	0.01052	0.00806	0.01157	0.00666	0.00666	0.02208	0.01297	0.81562	0.01788	0.01542	0.01122	0.00561	0.00456	0.00140	0.00386	0.00456	0.00561	0.00771
7	0.01100	0.01414	0.16774	0.01724	0.02213	0.01128	0.59452	0.05358	0.01108	0.03783	0.00931	0.01177	0.00684	0.00404	0.00510	0.00150	0.00723	0.00490	0.00243	0.00634
8	0.01275	0.01203	0.01094	0.00969	0.01228	0.15721	0.00753	0.09921	0.56446	0.01847	0.03565	0.01517	0.01252	0.00589	0.00453	0.00145	0.00451	0.00470	0.00420	0.00681
9	0.00940	0.00900	0.01426	0.04485	0.01375	0.01077	0.16231	0.01111	0.00861	0.04112	0.01459	0.01710	0.15125	0.00884	0.05063	0.00204	0.41744	0.00531	0.00260	0.00504
10	0.01074	0.01204	0.02245	0.16380	0.02351	0.07380	0.54231	0.01402	0.01032	0.01348	0.00859	0.01173	0.00658	0.00429	0.00574	0.00153	0.06225	0.00483	0.00222	0.00577
11	0.00561	0.00436	0.00509	0.00541	0.00640	0.00385	0.00387	0.00680	0.01018	0.01306	0.17573	0.32820	0.39113	0.01206	0.00551	0.00162	0.00239	0.01051	0.00435	0.00385
12	0.04252	0.62192	0.06440	0.00868	0.01239	0.16225	0.00833	0.01442	0.00983	0.01127	0.00653	0.00756	0.00578	0.00405	0.00319	0.00105	0.00550	0.00256	0.00204	0.00573
13	0.01114	0.00847	0.01092	0.15595	0.01477	0.00865	0.03942	0.21367	0.02693	0.07350	0.07503	0.03905	0.12712	0.00651	0.00465	0.00136	0.00424	0.03211	0.00374	0.14278

[dist]
# distance from previous block
# <min> <max>
1	9

[block]
# block no. 3 follows, 57 sequences, length 113
# corresponding to MSA columns:
# 608-720
name=unknown_D
#
# <colnr> <probs for GDERKNQSTAVLIFYWHMCP>
#	G	D	E	R	K	N	Q	S	T	A	V	L	I	F	Y	W	H	M	C	P
0	0.01030	0.02973	0.02492	0.01781	0.02202	0.01097	0.71429	0.01383	0.01050	0.01419	0.01039	0.07936	0.00873	0.00467	0.00533	0.00154	0.00717	0.00590	0.00244	0.00591
1	0.00890	0.00835	0.01400	0.66896	0.14884	0.00998	0.01243	0.01194	0.02070	0.01217	0.00883	0.03928	0.00712	0.00480	0.00457	0.00150	0.00579	0.00434	0.00216	0.00535
2	0.01053	0.23984	0.50624	0.01128	0.01662	0.01279	0.01338	0.05078	0.00993	0.02854	0.00782	0.00915	0.00597	0.00448	0.00457	0.00134	0.05500	0.00320	0.00211	0.00643
3	0.00658	0.00440	0.00498	0.00497	0.00500	0.00439	0.00280	0.00665	0.00680	0.00910	0.04055	0.02979	0.01734	0.81330	0.02248	0.00430	0.00432	0.00664	0.00282	0.00280
4	0.01117	0.01068	0.01804	0.04137	0.77225	0.01077	0.01366	0.01420	0.03651	0.01488	0.00884	0.01142	0.00738	0.00412	0.00449	0.00136	0.00534	0.00407	0.00232	0.00714
5	0.00648	0.00482	0.00605	0.00571	0.00688	0.00449	0.00429	0.00890	0.04195	0.01754	0.69546	0.03431	0.12731	0.00939	0.00532	0.00144	0.00221	0.00823	0.00489	0.00433
6	0.00584	0.00458	0.00528	0.00517	0.00643	0.00402	0.00385	0.00741	0.01137	0.01486	0.38624	0.07647	0.43108	0.01062	0.00537	0.00150	0.00224	0.00911	0.00456	0.00402
7	0.00585	0.00432	0.00547	0.00578	0.00658	0.00394	0.00411	0.00724	0.01061	0.01432	0.34296	0.38605	0.16252	0.01178	0.00554	0.00162	0.00238	0.01046	0.00452	0.00394
8	0.00557	0.00401	0.00528	0.00620	0.00657	0.00373	0.00418	0.00647	0.00901	0.01203	0.07768	0.75386	0.06108	0.01376	0.00574	0.00180	0.00258	0.01244	0.00426	0.00373
9	0.01346	0.01218	0.01215	0.01032	0.01315	0.13280	0.04477	0.22536	0.40464	0.01984	0.01458	0.01546	0.01130	0.00594	0.00463	0.00146	0.00486	0.04216	0.00412	0.00683
10	0.05221	0.12910	0.44576	0.01154	0.01646	0.23159	0.01273	0.02687	0.01049	0.01348	0.00754	0.00881	0.00577	0.00436	0.00400	0.00130	0.00668	0.00308	0.00211	0.00612
11	0.02481	0.00513	0.00651	0.00598	0.00735	0.00480	0.00455	0.01018	0.03869	0.08574	0.65407	0.04267	0.07418	0.00892	0.00521	0.00144	0.00237	0.00780	0.00494	0.00465
12	0.01211	0.84348	0.02374	0.00775	0.01163	0.01793	0.00775	0.01357	0.00921	0.01066	0.00630	0.00727	0.00582	0.00388	0.00291	0.00097	0.00485	0.00242	0.00194	0.00582
13	0.02869	0.11338	0.24197	0.14547	0.01996	0.05784	0.18888	0.06761	0.01047	0.01418	0.00815	0.01038	0.00625	0.00484	0.01465	0.00149	0.05367	0.00386	0.00225	0.00601
14	0.00552	0.00394	0.00526	0.00631	0.00657	0.00368	0.00421	0.00631	0.00868	0.01157	0.02498	0.83779	0.02997	0.01420	0.00578	0.00184	0.00263	0.01288	0.00421	0.00368
15	0.01161	0.00990	0.01044	0.00929	0.01191	0.01143	0.00725	0.06822	0.75961	0.01950	0.01801	0.01656	0.01348	0.00611	0.00461	0.00153	0.00367	0.00506	0.00461	0.00720
16	0.01125	0.01019	0.01722	0.11205	0.67267	0.01035	0.01320	0.01392	0.01037	0.05207	0.02763	0.01203	0.00808	0.00429	0.00451	0.00137	0.00531	0.00416	0.00244	0.00691
17	0.01183	0.76606	0.09866	0.00824	0.01238	0.01723	0.00860	0.01364	0.00924	0.01101	0.00647	0.00749	0.00581	0.00392	0.00304	0.00101	0.00502	0.00251	0.00194	0.00590
18	0.02033	0.00771	0.01052	0.00806	0.01157	0.00666	0.00666	0.02208	0.01297	0.81562	0.01788	0.01542	0.01122	0.00561	0.00456	0.00140	0.00386	0.00456	0.00561	0.00771
19	0.01070	0.01222	0.02674	0.01910	0.02368	0.01146	0.79603	0.01451	0.01070	0.01451	0.00917	0.01222	0.00688	0.00382	0.00535	0.00153	0.00764	0.00535	0.00229	0.00611
20	0.00996	0.01005	0.01464	0.01232	0.01259	0.01374	0.05649	0.01112	0.00716	0.01112	0.00614	0.01005	0.00600	0.00769	0.01431	0.00196	0.78358	0.00405	0.00200	0.00503
21	0.02033	0.00771	0.01052	0.00806	0.01157	0.00666	0.00666	0.02208	0.01297	0.81562	0.01788	0.01542	0.01122	0.00561	0.00456	0.00140	0.00386	0.00456	0.00561	0.00771
22	0.00552	0.00394	0.00526	0.00631	0.00657	0.00368	0.00421	0.00631	0.00868	0.01157	0.02498	0.83779	0.02997	0.01420	0.00578	0.00184	0.00263	0.01288	0.00421	0.00368
23	0.00856	0.00805	0.01359	0.82986	0.03121	0.01007	0.01258	0.01158	0.00906	0.01158	0.00805	0.01208	0.00604	0.00453	0.00453	0.00151	0.00604	0.00403	0.00201	0.00503
24	0.00868	0.00818	0.01382	0.79227	0.06783	0.01010	0.01265	0.01169	0.00912	0.01173	0.00808	0.01204	0.00609	0.00451	0.00453	0.00150	0.00601	0.00403	0.00202	0.00513
25	0.01127	0.00973	0.01025	0.00922	0.01178	0.01127	0.00717	0.02408	0.80430	0.01896	0.01844	0.01691	0.01383	0.00615	0.00461	0.00154	0.00359	0.00512	0.00461	0.00717
26	0.00730	0.00522	0.00730	0.00835	0.00939	0.00522	0.00730	0.00939	0.01043	0.01356	0.02399	0.05111	0.02608	0.01252	0.00626	0.00209	0.00417	0.78199	0.00417	0.00417
27	0.00909	0.02344	0.81727	0.01292	0.01961	0.01052	0.01674	0.01435	0.00957	0.01435	0.00813	0.00957	0.00574	0.00431	0.00431	0.00144	0.00670	0.00335	0.00191	0.00670
28	0.01148	0.01127	0.01813	0.02706	0.77506	0.04882	0.01367	0.01410	0.01044	0.01463	0.00845	0.01107	0.00711	0.00407	0.00447	0.00134	0.00551	0.00398	0.00225	0.00709
29	0.00647	0.00485	0.00728	0.00728	0.00809	0.00566	0.00566	0.00809	0.00728	0.01052	0.01214	0.01780	0.01133	0.03398	0.82279	0.00728	0.01214	0.00485	0.00243	0.00405
30	0.00704	0.00577	0.00627	0.00597	0.00735	0.04293	0.00458	0.03967	0.01218	0.01599	0.43735	0.03608	0.29223	0.00984	0.00532	0.00149	0.00272	0.05838	0.00454	0.00430
31	0.05905	0.00864	0.01055	0.00830	0.01158	0.01943	0.00679	0.13739	0.05984	0.55587	0.06215	0.01541	0.01230	0.00575	0.00451	0.00140	0.00395	0.00461	0.00517	0.00731
32	0.01205	0.01122	0.01061	0.00954	0.01209	0.11007	0.00739	0.03548	0.69568	0.01815	0.01693	0.01575	0.01276	0.00596	0.00455	0.00149	0.00417	0.00484	0.00433	0.00695
33	0.00845	0.00422	0.00422	0.00422	0.00528	0.00422	0.00317	0.01056	0.00950	0.01689	0.01478	0.01689	0.01161	0.00528	0.00317	0.00106	0.00211	0.00422	0.86591	0.00422
34	0.00856	0.00805	0.01359	0.82986	0.03121	0.01007	0.01258	0.01158	0.00906	0.01158	0.00805	0.01208	0.00604	0.00453	0.00453	0.00151	0.00604	0.00403	0.00201	0.00503
35	0.00547	0.00415	0.00504	0.00576	0.00643	0.00373	0.00396	0.00637	0.00921	0.01178	0.03170	0.58268	0.28074	0.01332	0.00565	0.00174	0.00252	0.01182	0.00421	0.00373
36	0.00546	0.00459	0.00474	0.00476	0.00623	0.00388	0.00359	0.00667	0.01043	0.01257	0.08555	0.05784	0.73845	0.01143	0.00538	0.00154	0.00233	0.02644	0.00425	0.00385
37	0.00555	0.00398	0.00528	0.00631	0.00662	0.00371	0.00425	0.00637	0.00874	0.01162	0.02537	0.80715	0.04532	0.01411	0.00578	0.00184	0.00265	0.02743	0.00421	0.00369
38	0.00934	0.00561	0.00575	0.00527	0.00679	0.00573	0.00407	0.12433	0.02664	0.01798	0.01863	0.01975	0.12262	0.00618	0.00370	0.00118	0.00258	0.00497	0.60415	0.00473
39	0.07236	0.00736	0.00930	0.00747	0.01034	0.00684	0.00606	0.05529	0.03932	0.51611	0.16651	0.01828	0.01671	0.00620	0.00454	0.00139	0.00348	0.00509	0.04061	0.00672
40	0.01637	0.01976	0.01263	0.01133	0.01378	0.68309	0.00858	0.07265	0.09489	0.01311	0.00845	0.00926	0.00679	0.00487	0.00417	0.00122	0.00748	0.00323	0.00272	0.00562
41	0.01723	0.01269	0.01360	0.01043	0.01405	0.01405	0.00861	0.79738	0.02131	0.02856	0.01088	0.01088	0.00771	0.00544	0.00453	0.00136	0.00499	0.00408	0.00453	0.00771
42	0.00864	0.00731	0.00784	0.00745	0.00942	0.00784	0.00581	0.01594	0.42365	0.01585	0.02854	0.06198	0.28461	0.00892	0.00508	0.00160	0.00317	0.08635	0.00441	0.00560
43	0.03967	0.01259	0.01342	0.01031	0.01391	0.01395	0.00852	0.77680	0.02095	0.02834	0.01076	0.01079	0.00763	0.00541	0.00449	0.00136	0.00495	0.00404	0.00449	0.00763
44	0.00934	0.00938	0.01557	0.62446	0.02834	0.04822	0.14198	0.01236	0.00952	0.01217	0.00819	0.01181	0.00620	0.00437	0.00460	0.00146	0.00630	0.00414	0.00210	0.03948
45	0.00622	0.00462	0.00579	0.00550	0.00665	0.00419	0.00412	0.00818	0.01237	0.01709	0.67117	0.03562	0.18235	0.00967	0.00535	0.00144	0.00217	0.00844	0.00485	0.00419
46	0.00578	0.00472	0.00510	0.00530	0.00656	0.00420	0.00386	0.01773	0.03954	0.01253	0.03880	0.25510	0.56094	0.01193	0.00543	0.00161	0.00247	0.01021	0.00423	0.00396
47	0.01009	0.00806	0.00948	0.00683	0.01080	0.00615	0.00547	0.01225	0.02123	0.06367	0.00880	0.00987	0.00709	0.00353	0.00345	0.00073	0.00339	0.00283	0.00289	0.80337
48	0.01986	0.00773	0.01047	0.00800	0.01153	0.00663	0.00660	0.02162	0.01282	0.78111	0.01745	0.01516	0.01102	0.00551	0.00451	0.00137	0.00383	0.00448	0.00548	0.04480
49	0.00539	0.00459	0.00464	0.00463	0.00614	0.00384	0.00347	0.00658	0.01042	0.01246	0.07429	0.04325	0.78212	0.01139	0.00536	0.00153	0.00229	0.00951	0.00424	0.00384
50	0.00907	0.00863	0.01489	0.58278	0.18775	0.00998	0.05577	0.01196	0.00939	0.01239	0.00903	0.05191	0.00748	0.00486	0.00463	0.00149	0.00583	0.00453	0.00218	0.00546
51	0.01723	0.01269	0.01360	0.01043	0.01405	0.01405	0.00861	0.79738	0.02131	0.02856	0.01088	0.01088	0.00771	0.00544	0.00453	0.00136	0.00499	0.00408	0.00453	0.00771
52	0.00856	0.00805	0.01359	0.82986	0.03121	0.01007	0.01258	0.01158	0.00906	0.01158	0.00805	0.01208	0.00604	0.00453	0.00453	0.00151	0.00604	0.00403	0.00201	0.00503
53	0.00845	0.00422	0.00422	0.00422	0.00528	0.00422	0.00317	0.01056	0.00950	0.01689	0.01478	0.01689	0.01161	0.00528	0.00317	0.00106	0.00211	0.00422	0.86591	0.00422
54	0.00559	0.00399	0.00532	0.00626	0.00659	0.00372	0.00421	0.00647	0.00898	0.01205	0.08293	0.77845	0.03091	0.01383	0.00575	0.00181	0.00259	0.01254	0.00426	0.00372
55	0.36841	0.00865	0.01983	0.06790	0.01148	0.00935	0.00641	0.05660	0.09271	0.12911	0.01048	0.01120	0.00776	0.00492	0.00411	0.00137	0.04258	0.00349	0.08644	0.05719
56	0.00553	0.00460	0.00484	0.00482	0.00626	0.00390	0.00362	0.00682	0.01065	0.01306	0.14922	0.05355	0.68405	0.01123	0.00537	0.00153	0.00231	0.02045	0.00431	0.00389
57	0.00870	0.00813	0.01359	0.81674	0.03093	0.01013	0.01252	0.02416	0.00926	0.01185	0.00810	0.01206	0.00607	0.00454	0.00453	0.00151	0.00602	0.00403	0.00205	0.00508
58	0.00631	0.00463	0.00592	0.00560	0.00671	0.00423	0.00420	0.00836	0.01259	0.01761	0.73757	0.03477	0.11563	0.00947	0.00535	0.00144	0.00215	0.00832	0.00491	0.00423
59	0.01297	0.00859	0.01021	0.00752	0.01137	0.00725	0.00610	0.11846	0.01181	0.20214	0.01071	0.01099	0.00789	0.00415	0.00379	0.00093	0.00369	0.00330	0.00361	0.55451
60	0.02028	0.00779	0.01056	0.00810	0.01160	0.00677	0.00669	0.03367	0.01309	0.80386	0.01777	0.01536	0.01116	0.00561	0.00456	0.00140	0.00387	0.00455	0.00559	0.00771
61	0.00940	0.00805	0.00940	0.00671	0.01074	0.00604	0.00537	0.01141	0.00940	0.01477	0.00805	0.00940	0.00671	0.00336	0.00336	0.00067	0.00336	0.00268	0.00268	0.86845
62	0.01343	0.01113	0.01181	0.02402	0.04160	0.04072	0.00806	0.29083	0.45345	0.02166	0.01496	0.01467	0.01122	0.00583	0.00458	0.00146	0.00435	0.01463	0.00437	0.00722
63	0.02113	0.01150	0.20181	0.01026	0.07985	0.05108	0.02716	0.01158	0.02054	0.04885	0.07037	0.02215	0.25026	0.00838	0.04364	0.00170	0.05385	0.00573	0.00314	0.05702
64	0.01252	0.14170	0.27167	0.01052	0.01496	0.10285	0.02629	0.14889	0.06363	0.05564	0.00959	0.02144	0.00734	0.00469	0.00409	0.00126	0.00559	0.00357	0.00288	0.09089
65	0.00986	0.14526	0.55753	0.01260	0.01838	0.01180	0.10295	0.01486	0.05925	0.01410	0.00862	0.00998	0.00638	0.00430	0.00423	0.00138	0.00633	0.00355	0.00213	0.00653
66	0.00547	0.00463	0.00475	0.00482	0.00632	0.00391	0.00368	0.00668	0.01033	0.01232	0.04458	0.04406	0.76318	0.01154	0.00541	0.00156	0.00241	0.05629	0.00421	0.00385
67	0.01081	0.00800	0.02642	0.01182	0.19726	0.00771	0.00754	0.05674	0.12595	0.12667	0.15572	0.02182	0.13559	0.00676	0.00468	0.00140	0.00361	0.00581	0.07968	0.00601
68	0.04760	0.03960	0.01336	0.01132	0.07168	0.09210	0.02563	0.40539	0.13676	0.07169	0.02280	0.01202	0.00898	0.00563	0.01373	0.00143	0.00508	0.00413	0.00401	0.00705
69	0.00570	0.00460	0.00507	0.00495	0.00633	0.00397	0.00372	0.00717	0.01115	0.01419	0.29660	0.04041	0.55873	0.01075	0.00535	0.00150	0.00224	0.00911	0.00446	0.00397
70	0.00555	0.00400	0.00527	0.00627	0.00661	0.00372	0.00424	0.00639	0.00879	0.01164	0.02597	0.78230	0.06770	0.01403	0.00577	0.00183	0.00265	0.02937	0.00421	0.00370
71	0.01054	0.01181	0.05040	0.01595	0.07726	0.05371	0.37938	0.01393	0.06244	0.01357	0.00965	0.05057	0.00828	0.01875	0.00767	0.00166	0.20109	0.00508	0.00245	0.00580
72	0.01396	0.01139	0.01200	0.01041	0.04227	0.11060	0.03614	0.36536	0.07240	0.06408	0.01423	0.10437	0.03712	0.04580	0.00576	0.00158	0.01869	0.02350	0.00398	0.00636
73	0.00726	0.00576	0.00635	0.00597	0.00763	0.00559	0.00455	0.01117	0.17860	0.03413	0.26081	0.03449	0.40147	0.00957	0.00518	0.00150	0.00256	0.00811	0.00455	0.00475
74	0.03051	0.00552	0.00585	0.00527	0.00688	0.00557	0.00411	0.08765	0.01097	0.10339	0.01454	0.01594	0.01104	0.00531	0.00344	0.00113	0.00261	0.00420	0.67114	0.00495
75	0.01114	0.05136	0.04987	0.08376	0.67236	0.01098	0.01350	0.01388	0.01019	0.02788	0.00852	0.01109	0.00704	0.00410	0.00441	0.00134	0.00543	0.00394	0.00226	0.00695
76	0.01054	0.00979	0.01657	0.25967	0.55022	0.01035	0.01322	0.01329	0.01001	0.03048	0.00895	0.01249	0.00738	0.00441	0.00454	0.00141	0.00551	0.02237	0.00229	0.00650
77	0.00909	0.02344	0.81727	0.01292	0.01961	0.01052	0.01674	0.01435	0.00957	0.01435	0.00813	0.00957	0.00574	0.00431	0.00431	0.00144	0.00670	0.00335	0.00191	0.00670
78	0.54131	0.06670	0.01014	0.00902	0.08445	0.06880	0.00662	0.11177	0.01017	0.01944	0.00738	0.00849	0.00579	0.00439	0.00329	0.00134	0.00425	0.00289	0.02823	0.00553
79	0.00565	0.00417	0.00533	0.00610	0.00653	0.00392	0.00414	0.00650	0.00889	0.01173	0.05306	0.65927	0.12640	0.05363	0.00670	0.00191	0.01640	0.01186	0.00413	0.00369
80	0.01283	0.02682	0.08351	0.02764	0.01401	0.14259	0.05800	0.11665	0.30796	0.05989	0.04056	0.01402	0.02105	0.00568	0.00506	0.00145	0.04758	0.00450	0.00368	0.00653
81	0.00555	0.00406	0.00522	0.00607	0.00653	0.00373	0.00412	0.00646	0.00911	0.01203	0.07254	0.69570	0.12505	0.01358	0.00571	0.00178	0.00256	0.01221	0.00425	0.00373
82	0.00956	0.00817	0.00967	0.03946	0.01164	0.00641	0.00574	0.03160	0.00969	0.01499	0.00813	0.00954	0.00671	0.00346	0.00343	0.00072	0.00350	0.00277	0.00271	0.81210
83	0.01156	0.19722	0.07659	0.00949	0.03113	0.09336	0.04588	0.11815	0.02614	0.03784	0.12066	0.05865	0.02426	0.00570	0.00435	0.00123	0.01716	0.00458	0.00317	0.11289
84	0.02234	0.07626	0.67539	0.01291	0.04633	0.01107	0.02679	0.01473	0.04681	0.01443	0.00850	0.00982	0.00618	0.00435	0.00423	0.00141	0.00635	0.00341	0.00207	0.00664
85	0.00565	0.00400	0.00522	0.00614	0.00637	0.00377	0.00402	0.00634	0.00841	0.01122	0.02364	0.73672	0.02828	0.11757	0.00794	0.00216	0.00285	0.01209	0.00402	0.00356
86	0.03019	0.00758	0.01020	0.00790	0.01123	0.00665	0.00650	0.03302	0.01302	0.73621	0.07428	0.01657	0.01334	0.00585	0.00459	0.00140	0.00375	0.00478	0.00551	0.00743
87	0.03330	0.07887	0.12774	0.02924	0.14216	0.06946	0.02741	0.03433	0.11948	0.03334	0.04361	0.11107	0.04617	0.00791	0.04294	0.00173	0.00516	0.03710	0.00315	0.00583
88	0.00967	0.00969	0.01457	0.58180	0.15138	0.07801	0.04331	0.01247	0.00967	0.01218	0.00908	0.01245	0.02735	0.00462	0.00454	0.00146	0.00608	0.00413	0.00214	0.00540
89	0.00559	0.00453	0.00498	0.00505	0.00634	0.00391	0.00374	0.00689	0.01058	0.01324	0.17960	0.13764	0.56713	0.01142	0.00542	0.00156	0.00234	0.02179	0.00435	0.00389
90	0.01687	0.00719	0.00950	0.00755	0.01052	0.00638	0.00614	0.03930	0.02885	0.59879	0.15269	0.02005	0.06224	0.00657	0.00474	0.00141	0.00350	0.00545	0.00538	0.00690
91	0.02179	0.14535	0.26148	0.05222	0.13941	0.04330	0.08825	0.02581	0.05477	0.02319	0.03428	0.02295	0.03835	0.00494	0.00456	0.00138	0.02514	0.00415	0.00248	0.00621
92	0.01357	0.00962	0.01478	0.01774	0.37872	0.00953	0.05456	0.08952	0.05748	0.20874	0.02490	0.03582	0.00997	0.00508	0.00454	0.00138	0.00471	0.00462	0.04774	0.00700
93	0.01655	0.01129	0.01236	0.00958	0.01293	0.01224	0.00788	0.63268	0.01932	0.11077	0.04358	0.01266	0.00972	0.00560	0.00448	0.00135	0.00457	0.00430	0.06078	0.00734
94	0.13309	0.35412	0.24542	0.00963	0.01390	0.15033	0.01008	0.01452	0.00971	0.01314	0.00694	0.00809	0.00567	0.00418	0.00349	0.00120	0.00574	0.00277	0.00212	0.00584
95	0.04288	0.00813	0.01332	0.77442	0.02978	0.01018	0.01221	0.01163	0.00895	0.01191	0.00793	0.01183	0.00599	0.00461	0.00475	0.00152	0.02893	0.00396	0.00204	0.00503
96	0.01693	0.02160	0.01284	0.01167	0.01401	0.82256	0.00876	0.01809	0.01284	0.01109	0.00700	0.00817	0.00584	0.00467	0.00409	0.00117	0.00817	0.00292	0.00233	0.00525
97	0.00563	0.00402	0.00539	0.00644	0.00675	0.00378	0.00440	0.00650	0.00879	0.01169	0.02491	0.78871	0.02973	0.01409	0.00581	0.00186	0.00273	0.06087	0.00420	0.00371
98	0.00856	0.00805	0.01359	0.82986	0.03121	0.01007	0.01258	0.01158	0.00906	0.01158	0.00805	0.01208	0.00604	0.00453	0.00453	0.00151	0.00604	0.00403	0.00201	0.00503
99	0.00854	0.00797	0.01327	0.76464	0.04379	0.00985	0.01215	0.01168	0.02646	0.01180	0.00897	0.04517	0.00719	0.00494	0.00458	0.00152	0.00584	0.00441	0.00216	0.00506
100	0.02033	0.00771	0.01052	0.00806	0.01157	0.00666	0.00666	0.02208	0.01297	0.81562	0.01788	0.01542	0.01122	0.00561	0.00456	0.00140	0.00386	0.00456	0.00561	0.00771
101	0.00543	0.00431	0.00488	0.00533	0.00632	0.00376	0.00377	0.00642	0.00962	0.01195	0.03689	0.38576	0.47432	0.01265	0.00554	0.00166	0.00244	0.01099	0.00421	0.00376
102	0.00552	0.00394	0.00526	0.00631	0.00657	0.00368	0.00421	0.00631	0.00868	0.01157	0.02498	0.83779	0.02997	0.01420	0.00578	0.00184	0.00263	0.01288	0.00421	0.00368
103	0.00717	0.00523	0.00707	0.00798	0.00908	0.00518	0.00688	0.00937	0.02756	0.01351	0.02589	0.06822	0.09716	0.01232	0.00613	0.00202	0.00395	0.67691	0.00419	0.00419
104	0.00692	0.00434	0.00510	0.00564	0.00630	0.00427	0.00393	0.00877	0.04748	0.01387	0.02060	0.47248	0.02200	0.02763	0.00510	0.00158	0.00252	0.00912	0.32830	0.00403
105	0.00917	0.02290	0.77898	0.01321	0.01981	0.01057	0.05449	0.01436	0.00962	0.01436	0.00818	0.00970	0.00580	0.00428	0.00436	0.00144	0.00674	0.00345	0.00193	0.00667
106	0.01826	0.00811	0.01043	0.00825	0.01152	0.00759	0.00673	0.05489	0.13442	0.62853	0.04909	0.01619	0.01272	0.00583	0.00460	0.00142	0.00379	0.00477	0.00539	0.00749
107	0.00987	0.00537	0.00576	0.00530	0.00671	0.00550	0.00405	0.08315	0.02928	0.06579	0.01457	0.01691	0.01151	0.04694	0.03689	0.00152	0.00302	0.00439	0.63872	0.00474
108	0.01061	0.01010	0.01718	0.13896	0.66428	0.01042	0.01332	0.01330	0.01000	0.01415	0.00863	0.01166	0.00722	0.00556	0.04413	0.00166	0.00580	0.00408	0.00222	0.00673
109	0.00673	0.00473	0.00614	0.00581	0.00696	0.00435	0.00441	0.00880	0.01261	0.03648	0.72323	0.03457	0.07855	0.00941	0.00536	0.00146	0.00227	0.03887	0.00493	0.00433
110	0.01080	0.05643	0.31984	0.01558	0.05354	0.02971	0.35411	0.01478	0.01036	0.05938	0.00938	0.01188	0.00705	0.00432	0.00475	0.00146	0.00678	0.02111	0.00236	0.00639
111	0.01069	0.01199	0.04263	0.05871	0.11650	0.01147	0.59018	0.02848	0.01054	0.01446	0.00887	0.01188	0.00681	0.00414	0.00568	0.00152	0.05199	0.00498	0.00229	0.00617
112	0.04194	0.00579	0.00786	0.00747	0.00867	0.00654	0.01897	0.03869	0.06524	0.02816	0.01310	0.01806	0.02460	0.07698	0.59777	0.00585	0.00990	0.00493	0.01501	0.00447

[dist]
# distance from previous block
# <min> <max>
3	7

[block]
# block no. 4 follows, 57 sequences, length 111
# corresponding to MSA columns:
# 729-839
name=unknown_E
#
# <colnr> <probs for GDERKNQSTAVLIFYWHMCP>
#	G	D	E	R	K	N	Q	S	T	A	V	L	I	F	Y	W	H	M	C	P
0	0.03139	0.01080	0.12875	0.00873	0.01224	0.05863	0.03800	0.05192	0.03609	0.22153	0.11898	0.01729	0.07038	0.00582	0.00444	0.00128	0.00430	0.01173	0.00386	0.16384
1	0.01332	0.34942	0.07465	0.01136	0.05659	0.27938	0.06967	0.03387	0.01089	0.01220	0.00719	0.00850	0.00606	0.00418	0.00372	0.00113	0.00624	0.00301	0.00221	0.04640
2	0.01064	0.01185	0.02535	0.01825	0.02260	0.01117	0.73631	0.03648	0.01090	0.01478	0.00996	0.05101	0.00799	0.00435	0.00534	0.00154	0.00733	0.00567	0.00245	0.00604
3	0.01145	0.05262	0.24732	0.03045	0.21231	0.11500	0.10530	0.06113	0.01096	0.01474	0.00828	0.01011	0.00646	0.00419	0.00431	0.00129	0.00615	0.00365	0.00233	0.09194
