[name]
unknown

[dist]
# distance from previous block
# <min> <max>
0	109

[block]
# block no. 0 follows, 54 sequences, length 6
# corresponding to MSA columns:
# 127-132
name=unknown_A
#
# <colnr> <probs for GDERKNQSTAVLIFYWHMCP>
#	G	D	E	R	K	N	Q	S	T	A	V	L	I	F	Y	W	H	M	C	P
0	0.01086	0.00901	0.00922	0.04273	0.01101	0.10851	0.00660	0.07476	0.13085	0.06890	0.06394	0.14858	0.05757	0.08381	0.04618	0.00213	0.02612	0.05020	0.01802	0.03098
1	0.00980	0.00784	0.04311	0.04913	0.01123	0.00753	0.04739	0.12103	0.07367	0.06197	0.05378	0.20448	0.04295	0.18607	0.03636	0.00247	0.00460	0.02755	0.00387	0.00514
2	0.06486	0.00693	0.00980	0.08193	0.01218	0.00691	0.08624	0.04480	0.03342	0.06976	0.06368	0.24083	0.09950	0.06857	0.00663	0.00186	0.00408	0.05774	0.00387	0.03640
3	0.07729	0.00712	0.00958	0.06222	0.03421	0.00732	0.05690	0.04706	0.08825	0.08379	0.14139	0.15234	0.04748	0.00873	0.00562	0.03709	0.00383	0.06469	0.05980	0.00530
4	0.00918	0.00704	0.04642	0.04092	0.00993	0.00614	0.00600	0.05737	0.01169	0.09078	0.21279	0.11570	0.15065	0.03764	0.00600	0.00160	0.02319	0.03221	0.06053	0.07422
5	0.04318	0.00791	0.00903	0.00777	0.01000	0.00807	0.00603	0.23627	0.03311	0.07647	0.08897	0.17528	0.05804	0.03706	0.04757	0.01815	0.00417	0.00671	0.04744	0.07878

[dist]
# distance from previous block
# <min> <max>
2	12

[block]
# block no. 1 follows, 54 sequences, length 7
# corresponding to MSA columns:
# 145-151
name=unknown_B
#
# <colnr> <probs for GDERKNQSTAVLIFYWHMCP>
#	G	D	E	R	K	N	Q	S	T	A	V	L	I	F	Y	W	H	M	C	P
0	0.11031	0.02545	0.11239	0.00973	0.04266	0.05043	0.05778	0.05809	0.03841	0.12383	0.08493	0.03006	0.04874	0.00685	0.00572	0.07970	0.00457	0.00479	0.05974	0.04581
1	0.05704	0.02846	0.05696	0.08601	0.04870	0.08280	0.10907	0.04422	0.07230	0.01490	0.05298	0.18809	0.12302	0.00803	0.00506	0.00158	0.00485	0.00709	0.00345	0.00540
2	0.13923	0.09418	0.06499	0.12806	0.01546	0.09446	0.00875	0.17064	0.04719	0.10077	0.03964	0.01368	0.05257	0.00555	0.00430	0.00141	0.00512	0.00420	0.00350	0.00629
3	0.49637	0.06330	0.01119	0.00843	0.01161	0.05555	0.07709	0.10415	0.01076	0.05388	0.01065	0.01142	0.05837	0.00505	0.00370	0.00143	0.00451	0.00363	0.00322	0.00569
4	0.01050	0.00759	0.00862	0.00789	0.00877	0.08019	0.00581	0.12717	0.00944	0.01222	0.00892	0.01354	0.00822	0.01514	0.09424	0.52059	0.05082	0.00412	0.00254	0.00366
5	0.10625	0.11733	0.04074	0.01153	0.03295	0.24269	0.08989	0.19442	0.01343	0.01724	0.00885	0.01042	0.00708	0.00754	0.07797	0.00189	0.00698	0.00369	0.00295	0.00616
6	0.04529	0.03543	0.01030	0.00858	0.01094	0.11444	0.00668	0.13890	0.17772	0.03540	0.15723	0.05818	0.01740	0.05021	0.05045	0.00190	0.00482	0.00551	0.00403	0.06659

[dist]
# distance from previous block
# <min> <max>
1	5

[block]
# block no. 2 follows, 54 sequences, length 79
# corresponding to MSA columns:
# 157-235
name=unknown_C
#
# <colnr> <probs for GDERKNQSTAVLIFYWHMCP>
#	G	D	E	R	K	N	Q	S	T	A	V	L	I	F	Y	W	H	M	C	P
0	0.01492	0.03117	0.04939	0.01111	0.02954	0.34651	0.03217	0.17075	0.02877	0.03022	0.00937	0.03145	0.00762	0.00497	0.00429	0.00120	0.00628	0.00368	0.00309	0.18353
1	0.04217	0.18934	0.01449	0.00967	0.01267	0.08880	0.02425	0.09555	0.37297	0.03261	0.03807	0.01384	0.01138	0.00569	0.00463	0.00142	0.02750	0.00437	0.00381	0.00677
2	0.01113	0.01272	0.02782	0.01987	0.02464	0.01192	0.78776	0.01510	0.01113	0.01510	0.00954	0.01272	0.00715	0.00397	0.00556	0.00159	0.00795	0.00556	0.00238	0.00636
3	0.00676	0.00497	0.00718	0.00718	0.00788	0.00568	0.00540	0.00816	0.00746	0.01065	0.01299	0.02054	0.01266	0.16589	0.68628	0.00709	0.01131	0.00535	0.00258	0.00399
4	0.01032	0.01032	0.01444	0.01238	0.01238	0.01444	0.01032	0.01135	0.00722	0.01135	0.00619	0.01032	0.00619	0.00825	0.01547	0.00206	0.82567	0.00413	0.00206	0.00516
5	0.00561	0.00476	0.00484	0.00485	0.00640	0.00399	0.00363	0.00683	0.01080	0.01293	0.07232	0.06041	0.76277	0.01192	0.00558	0.00159	0.00239	0.00997	0.00441	0.00399
6	0.01113	0.01272	0.02782	0.01987	0.02464	0.01192	0.78776	0.01510	0.01113	0.01510	0.00954	0.01272	0.00715	0.00397	0.00556	0.00159	0.00795	0.00556	0.00238	0.00636
7	0.01186	0.01040	0.01072	0.00965	0.01231	0.02924	0.00750	0.02492	0.77930	0.01955	0.01893	0.01739	0.01421	0.00636	0.00479	0.00159	0.00384	0.00528	0.00475	0.00742
8	0.01261	0.83713	0.02471	0.00807	0.01210	0.01866	0.00807	0.01412	0.00958	0.01109	0.00656	0.00756	0.00605	0.00403	0.00303	0.00101	0.00504	0.00252	0.00202	0.00605
9	0.03344	0.05657	0.75605	0.01302	0.01976	0.01125	0.01670	0.01487	0.00989	0.01495	0.00833	0.00979	0.00595	0.00446	0.00438	0.00147	0.00680	0.00342	0.00202	0.00688
10	0.72784	0.12609	0.02752	0.00663	0.00979	0.01172	0.00580	0.01392	0.00829	0.01960	0.00661	0.00770	0.00526	0.00433	0.00297	0.00140	0.00392	0.00257	0.00277	0.00528
11	0.01028	0.16067	0.05209	0.00750	0.01180	0.00878	0.00663	0.01243	0.00975	0.01456	0.00805	0.00938	0.00676	0.00364	0.00346	0.00079	0.00395	0.00278	0.00261	0.66409
12	0.00962	0.06681	0.76888	0.01316	0.01997	0.01135	0.01693	0.01489	0.00994	0.01473	0.00836	0.00983	0.00598	0.00446	0.00440	0.00147	0.00687	0.00343	0.00199	0.00692
13	0.00890	0.00838	0.01414	0.82296	0.03247	0.01048	0.01309	0.01205	0.00943	0.01205	0.00838	0.01257	0.00629	0.00471	0.00471	0.00157	0.00629	0.00419	0.00210	0.00524
14	0.00686	0.00518	0.00761	0.00754	0.00829	0.00606	0.00579	0.00839	0.00751	0.01081	0.01260	0.01924	0.01203	0.09808	0.72679	0.00716	0.03822	0.00517	0.00254	0.00413
15	0.00686	0.00457	0.00514	0.00514	0.00514	0.00457	0.00286	0.00686	0.00686	0.00914	0.01486	0.03086	0.01714	0.83430	0.02400	0.00457	0.00457	0.00686	0.00286	0.00286
16	0.00878	0.00811	0.01343	0.57527	0.13942	0.00950	0.01185	0.01151	0.00960	0.01255	0.01193	0.12435	0.03198	0.00620	0.00491	0.00159	0.00560	0.00560	0.00250	0.00533
17	0.00678	0.00489	0.00675	0.00675	0.00731	0.00544	0.00486	0.00789	0.00733	0.01033	0.01339	0.02271	0.01361	0.30679	0.54667	0.00656	0.00989	0.00566	0.00264	0.00375
18	0.01113	0.01272	0.02782	0.01987	0.02464	0.01192	0.78776	0.01510	0.01113	0.01510	0.00954	0.01272	0.00715	0.00397	0.00556	0.00159	0.00795	0.00556	0.00238	0.00636
19	0.01173	0.01013	0.01066	0.00960	0.01226	0.01173	0.00746	0.02505	0.79636	0.01972	0.01919	0.01759	0.01439	0.00640	0.00480	0.00160	0.00373	0.00533	0.00480	0.00746
20	0.00991	0.16878	0.02670	0.00925	0.03150	0.03677	0.01958	0.03327	0.04543	0.04493	0.05938	0.24565	0.06673	0.00906	0.00685	0.00163	0.15380	0.02210	0.00344	0.00525
21	0.01748	0.01856	0.01354	0.01156	0.01449	0.48883	0.00899	0.30045	0.04978	0.01853	0.00927	0.00992	0.00714	0.00522	0.00444	0.00130	0.00709	0.00358	0.00337	0.00648
22	0.86760	0.00912	0.00693	0.00620	0.00912	0.01058	0.00511	0.01386	0.00802	0.02115	0.00657	0.00766	0.00511	0.00438	0.00292	0.00146	0.00365	0.00255	0.00292	0.00511
23	0.01113	0.01272	0.02782	0.01987	0.02464	0.01192	0.78776	0.01510	0.01113	0.01510	0.00954	0.01272	0.00715	0.00397	0.00556	0.00159	0.00795	0.00556	0.00238	0.00636
24	0.00677	0.00493	0.00698	0.00698	0.00761	0.00557	0.00515	0.00804	0.00740	0.01050	0.01318	0.02155	0.01310	0.23161	0.62116	0.00684	0.01065	0.00550	0.00261	0.00388
25	0.00890	0.00838	0.01414	0.82296	0.03247	0.01048	0.01309	0.01205	0.00943	0.01205	0.00838	0.01257	0.00629	0.00471	0.00471	0.00157	0.00629	0.00419	0.00210	0.00524
26	0.01167	0.01120	0.01914	0.02894	0.80488	0.01120	0.01447	0.01447	0.01074	0.01540	0.00887	0.01167	0.00747	0.00420	0.00467	0.00140	0.00560	0.00420	0.00233	0.00747
27	0.00946	0.02439	0.80987	0.01344	0.02041	0.01095	0.01742	0.01493	0.00995	0.01493	0.00846	0.00995	0.00597	0.00448	0.00448	0.00149	0.00697	0.00348	0.00199	0.00697
28	0.01111	0.01063	0.01813	0.18983	0.64837	0.01106	0.01419	0.01398	0.01047	0.01472	0.00877	0.01185	0.00723	0.00431	0.00468	0.00144	0.00574	0.00420	0.00229	0.00702
29	0.00890	0.00838	0.01414	0.82296	0.03247	0.01048	0.01309	0.01205	0.00943	0.01205	0.00838	0.01257	0.00629	0.00471	0.00471	0.00157	0.00629	0.00419	0.00210	0.00524
30	0.00574	0.00410	0.00547	0.00657	0.00684	0.00383	0.00438	0.00657	0.00903	0.01204	0.02599	0.83122	0.03119	0.01477	0.00602	0.00191	0.00274	0.01340	0.00438	0.00383
31	0.01148	0.02932	0.19774	0.01698	0.14767	0.01051	0.29778	0.01505	0.01096	0.09762	0.05155	0.03706	0.01000	0.00501	0.00522	0.00151	0.02329	0.00503	0.00285	0.02336
32	0.01261	0.83713	0.02471	0.00807	0.01210	0.01866	0.00807	0.01412	0.00958	0.01109	0.00656	0.00756	0.00605	0.00403	0.00303	0.00101	0.00504	0.00252	0.00202	0.00605
33	0.86760	0.00912	0.00693	0.00620	0.00912	0.01058	0.00511	0.01386	0.00802	0.02115	0.00657	0.00766	0.00511	0.00438	0.00292	0.00146	0.00365	0.00255	0.00292	0.00511
34	0.01347	0.01099	0.01164	0.00995	0.01292	0.01254	0.00788	0.23975	0.57884	0.02253	0.01698	0.01583	0.01260	0.00619	0.00477	0.00155	0.00414	0.00503	0.00477	0.00762
35	0.00667	0.00482	0.00630	0.00593	0.00704	0.00445	0.00445	0.00890	0.01335	0.01891	0.80239	0.03522	0.04449	0.00964	0.00556	0.00148	0.00222	0.00853	0.00519	0.00445
36	0.00614	0.00480	0.00556	0.00537	0.00672	0.00422	0.00403	0.00787	0.01209	0.01592	0.43695	0.04014	0.41180	0.01075	0.00557	0.00154	0.00230	0.00922	0.00480	0.00422
37	0.86760	0.00912	0.00693	0.00620	0.00912	0.01058	0.00511	0.01386	0.00802	0.02115	0.00657	0.00766	0.00511	0.00438	0.00292	0.00146	0.00365	0.00255	0.00292	0.00511
38	0.01264	0.01058	0.01118	0.00978	0.01261	0.01216	0.00768	0.13788	0.68205	0.02120	0.01803	0.01667	0.01345	0.00629	0.00479	0.00157	0.00395	0.00517	0.00479	0.00755
39	0.00910	0.04108	0.33154	0.01039	0.01414	0.02926	0.01094	0.01420	0.13761	0.01400	0.01170	0.01432	0.00955	0.01644	0.31045	0.00378	0.00855	0.00433	0.00266	0.00594
40	0.60727	0.00878	0.00816	0.00687	0.01002	0.00946	0.00567	0.01666	0.00971	0.26320	0.01027	0.01024	0.00713	0.00483	0.00348	0.00146	0.00376	0.00323	0.00382	0.00600
41	0.00819	0.00410	0.00614	0.00614	0.00614	0.00410	0.00410	0.00614	0.00614	0.00819	0.00819	0.01433	0.00819	0.01638	0.01843	0.86282	0.00410	0.00410	0.00205	0.00205
42	0.00603	0.00460	0.00554	0.00571	0.00675	0.00411	0.00413	0.00750	0.01122	0.01481	0.31995	0.26594	0.30285	0.01190	0.00570	0.00164	0.00243	0.01041	0.00468	0.00411
43	0.12853	0.72487	0.02230	0.00781	0.01170	0.01756	0.00767	0.01408	0.00937	0.01246	0.00656	0.00758	0.00592	0.00408	0.00301	0.00107	0.00485	0.00253	0.00214	0.00592
44	0.03692	0.06249	0.01201	0.00828	0.01217	0.00787	0.03581	0.03133	0.01182	0.40593	0.01335	0.01281	0.00921	0.00476	0.00416	0.00116	0.00405	0.00386	0.00426	0.31775
45	0.01247	0.30032	0.01456	0.00840	0.01091	0.14265	0.00694	0.03901	0.03148	0.10536	0.01432	0.24477	0.01444	0.02804	0.00490	0.00147	0.00479	0.00621	0.00339	0.00557
46	0.86760	0.00912	0.00693	0.00620	0.00912	0.01058	0.00511	0.01386	0.00802	0.02115	0.00657	0.00766	0.00511	0.00438	0.00292	0.00146	0.00365	0.00255	0.00292	0.00511
47	0.00672	0.00493	0.00675	0.00681	0.00751	0.00539	0.00504	0.00797	0.00781	0.01079	0.01653	0.02544	0.07511	0.23250	0.51374	0.00609	0.00940	0.04477	0.00284	0.00386
48	0.00580	0.00414	0.00553	0.00662	0.00692	0.00387	0.00447	0.00665	0.00908	0.01209	0.02596	0.80959	0.03107	0.01472	0.00603	0.00192	0.00278	0.03453	0.00438	0.00384
49	0.00886	0.00836	0.01413	0.73925	0.03049	0.01032	0.03465	0.01186	0.00940	0.01211	0.00918	0.05095	0.00748	0.00526	0.00510	0.00160	0.02895	0.00466	0.00221	0.00520
50	0.00702	0.00617	0.01041	0.00975	0.03318	0.00576	0.16543	0.00861	0.00967	0.01282	0.02434	0.53177	0.11392	0.01238	0.02348	0.00192	0.00406	0.01095	0.00387	0.00448
51	0.01108	0.01126	0.01863	0.27559	0.38630	0.06067	0.14005	0.01408	0.01055	0.01406	0.00873	0.01193	0.00696	0.00437	0.00480	0.00147	0.00638	0.00435	0.00227	0.00646
52	0.01261	0.83713	0.02471	0.00807	0.01210	0.01866	0.00807	0.01412	0.00958	0.01109	0.00656	0.00756	0.00605	0.00403	0.00303	0.00101	0.00504	0.00252	0.00202	0.00605
53	0.00674	0.00505	0.00758	0.00758	0.00842	0.00589	0.00589	0.00842	0.00758	0.01095	0.01263	0.01852	0.01179	0.03536	0.81561	0.00758	0.01263	0.00505	0.00253	0.00421
54	0.00588	0.00482	0.00520	0.00518	0.00666	0.00414	0.00394	0.00731	0.01124	0.01397	0.18969	0.04382	0.62246	0.01156	0.00561	0.00160	0.00245	0.04586	0.00453	0.00409
55	0.02115	0.00802	0.01094	0.00839	0.01204	0.00693	0.00693	0.02298	0.01350	0.80815	0.01860	0.01605	0.01167	0.00584	0.00474	0.00146	0.00401	0.00474	0.00584	0.00802
56	0.01261	0.83713	0.02471	0.00807	0.01210	0.01866	0.00807	0.01412	0.00958	0.01109	0.00656	0.00756	0.00605	0.00403	0.00303	0.00101	0.00504	0.00252	0.00202	0.00605
57	0.03052	0.19041	0.03424	0.03568	0.12757	0.17495	0.02508	0.12086	0.02343	0.04057	0.00834	0.01003	0.00686	0.00529	0.00607	0.00141	0.14604	0.00361	0.00271	0.00632
58	0.01322	0.03012	0.12864	0.01762	0.18272	0.08915	0.27133	0.01700	0.05176	0.13537	0.01085	0.01237	0.00799	0.00459	0.00489	0.00147	0.00651	0.00455	0.00297	0.00689
59	0.86760	0.00912	0.00693	0.00620	0.00912	0.01058	0.00511	0.01386	0.00802	0.02115	0.00657	0.00766	0.00511	0.00438	0.00292	0.00146	0.00365	0.00255	0.00292	0.00511
60	0.00677	0.00493	0.00695	0.00695	0.00758	0.00555	0.00512	0.00802	0.00739	0.01048	0.01320	0.02168	0.01316	0.24020	0.61265	0.00681	0.01056	0.00551	0.00261	0.00386
61	0.00890	0.00838	0.01414	0.82296	0.03247	0.01048	0.01309	0.01205	0.00943	0.01205	0.00838	0.01257	0.00629	0.00471	0.00471	0.00157	0.00629	0.00419	0.00210	0.00524
62	0.00562	0.00478	0.00485	0.00483	0.00640	0.00400	0.00362	0.00687	0.01087	0.01303	0.08346	0.04490	0.76709	0.01183	0.00557	0.00159	0.00238	0.00988	0.00442	0.00400
63	0.00619	0.00455	0.00604	0.00659	0.00722	0.00445	0.00466	0.00768	0.02627	0.01328	0.16294	0.49712	0.07184	0.01689	0.13816	0.00274	0.00426	0.01081	0.00423	0.00409
64	0.01082	0.01046	0.01724	0.30997	0.51315	0.02924	0.01386	0.01371	0.01033	0.01413	0.00866	0.01192	0.00702	0.00440	0.00467	0.00146	0.00591	0.00417	0.00225	0.00663
65	0.01674	0.01265	0.01335	0.01056	0.01408	0.03067	0.00861	0.59956	0.17833	0.04652	0.01301	0.01265	0.00936	0.00580	0.00472	0.00145	0.00493	0.00445	0.00471	0.00785
66	0.01158	0.01108	0.01874	0.05322	0.75818	0.01120	0.01423	0.01470	0.03305	0.01542	0.00915	0.01187	0.00763	0.00428	0.00467	0.00141	0.00557	0.00423	0.00240	0.00740
67	0.01060	0.00968	0.01105	0.01259	0.14675	0.09074	0.00861	0.01654	0.27953	0.01607	0.04461	0.04926	0.03267	0.00834	0.00532	0.00171	0.00462	0.24129	0.00399	0.00604
68	0.00635	0.00480	0.00587	0.00579	0.00693	0.00437	0.00427	0.00830	0.02605	0.01634	0.48134	0.15309	0.23735	0.01092	0.00562	0.00158	0.00237	0.00954	0.00486	0.00429
69	0.00696	0.00514	0.00723	0.02596	0.03274	0.00568	0.00528	0.00813	0.00750	0.01053	0.01342	0.03813	0.01370	0.30133	0.49046	0.00613	0.00937	0.00577	0.00266	0.00387
70	0.00667	0.00482	0.00630	0.00593	0.00704	0.00445	0.00445	0.00890	0.01335	0.01891	0.80239	0.03522	0.04449	0.00964	0.00556	0.00148	0.00222	0.00853	0.00519	0.00445
71	0.84076	0.00960	0.03204	0.00643	0.00947	0.01059	0.00549	0.01389	0.00808	0.02096	0.00662	0.00773	0.00513	0.00438	0.00297	0.00146	0.00375	0.00258	0.00289	0.00516
72	0.02913	0.03295	0.07788	0.09995	0.29479	0.01048	0.14305	0.01438	0.07168	0.03072	0.06918	0.04267	0.02270	0.00594	0.01982	0.00161	0.01862	0.00512	0.00286	0.00645
73	0.18875	0.23865	0.04310	0.01067	0.03431	0.32982	0.04267	0.01592	0.01080	0.01375	0.00709	0.00845	0.00595	0.00456	0.00404	0.00126	0.02915	0.00299	0.00239	0.00569
74	0.01012	0.03024	0.01269	0.44494	0.04692	0.01018	0.01039	0.03552	0.17858	0.04679	0.06583	0.03020	0.02857	0.00595	0.00482	0.00156	0.00511	0.02247	0.00324	0.00587
75	0.02423	0.06891	0.03872	0.00819	0.03278	0.00816	0.00670	0.05609	0.01048	0.02956	0.00854	0.00985	0.00699	0.00385	0.00382	0.00086	0.01888	0.00297	0.00285	0.65760
76	0.00662	0.02699	0.00576	0.00516	0.00686	0.00456	0.00395	0.00796	0.01112	0.05144	0.12286	0.04193	0.66597	0.01120	0.00546	0.00156	0.00252	0.00936	0.00447	0.00428
77	0.25069	0.07443	0.15578	0.01221	0.03662	0.04030	0.18871	0.10387	0.01117	0.03276	0.00872	0.01043	0.00666	0.00587	0.04109	0.00172	0.00614	0.00382	0.00278	0.00622
78	0.01129	0.35660	0.27157	0.01147	0.01629	0.04529	0.11908	0.03457	0.01041	0.01345	0.00979	0.01117	0.04397	0.00523	0.01994	0.00142	0.00622	0.00371	0.00227	0.00628

[dist]
# distance from previous block
# <min> <max>
0	2

[block]
# block no. 3 follows, 54 sequences, length 11
# corresponding to MSA columns:
# 238-248
name=unknown_D
#
# <colnr> <probs for GDERKNQSTAVLIFYWHMCP>
#	G	D	E	R	K	N	Q	S	T	A	V	L	I	F	Y	W	H	M	C	P
0	0.01741	0.01048	0.09041	0.01089	0.08115	0.00877	0.00875	0.11138	0.06413	0.47608	0.05881	0.01566	0.01229	0.00578	0.00475	0.00146	0.00446	0.00476	0.00492	0.00764
1	0.00848	0.00616	0.00728	0.00688	0.00849	0.00606	0.00532	0.07758	0.08991	0.05026	0.29797	0.12212	0.20530	0.01021	0.00552	0.00162	0.00299	0.07804	0.00479	0.00502
2	0.01466	0.02503	0.01381	0.01448	0.22738	0.03183	0.05240	0.08719	0.03164	0.28638	0.04173	0.01769	0.09449	0.00696	0.03140	0.00165	0.00496	0.00520	0.00412	0.00699
3	0.01271	0.01165	0.10278	0.01094	0.09023	0.07831	0.00861	0.17124	0.04540	0.12325	0.05201	0.04949	0.16814	0.00715	0.00489	0.00146	0.00467	0.01861	0.00400	0.03446
4	0.01463	0.01064	0.07961	0.00906	0.01260	0.00951	0.00788	0.21979	0.12565	0.22894	0.08307	0.01738	0.06350	0.00623	0.00472	0.00141	0.00423	0.00505	0.00462	0.09147
5	0.01310	0.01058	0.01762	0.05618	0.64641	0.01048	0.01319	0.01576	0.01113	0.14399	0.01043	0.01242	0.00811	0.00449	0.00468	0.00142	0.00537	0.00429	0.00289	0.00747
6	0.03948	0.04357	0.01375	0.11248	0.24360	0.05762	0.00976	0.06822	0.10164	0.11613	0.01189	0.01460	0.00959	0.07828	0.05741	0.00209	0.00568	0.00450	0.00326	0.00646
7	0.00991	0.02277	0.04213	0.02318	0.03376	0.00632	0.00632	0.02726	0.02430	0.13624	0.22776	0.14589	0.04234	0.01086	0.08686	0.00204	0.00434	0.00684	0.00415	0.13672
8	0.01125	0.00883	0.01039	0.00791	0.01138	0.00797	0.00636	0.11115	0.04777	0.06084	0.08784	0.01321	0.01135	0.00494	0.00474	0.00104	0.05617	0.00385	0.00348	0.52954
9	0.06907	0.00882	0.01050	0.04132	0.01237	0.00880	0.00698	0.13771	0.11524	0.25802	0.01529	0.01526	0.04306	0.00852	0.08428	0.00196	0.00492	0.00450	0.00430	0.14907
10	0.01274	0.13377	0.08885	0.01381	0.01805	0.02774	0.31517	0.21666	0.02937	0.01850	0.05380	0.01330	0.02612	0.00501	0.00484	0.00144	0.00622	0.00480	0.00315	0.00665

[dist]
# distance from previous block
# <min> <max>
78	272

[block]
# block no. 4 follows, 54 sequences, length 8
# corresponding to MSA columns:
# 716-723
name=unknown_E
#
# <colnr> <probs for GDERKNQSTAVLIFYWHMCP>
#	G	D	E	R	K	N	Q	S	T	A	V	L	I	F	Y	W	H	M	C	P
0	0.08273	0.13882	0.04899	0.04707	0.02895	0.02366	0.04144	0.02750	0.07626	0.11432	0.01277	0.07410	0.02837	0.00780	0.06474	0.00176	0.00507	0.00459	0.00330	0.16776
1	0.02633	0.14833	0.12502	0.07184	0.04215	0.03359	0.17849	0.05353	0.06899	0.09956	0.04774	0.04817	0.02458	0.00546	0.00466	0.00145	0.00564	0.00489	0.00316	0.00640
2	0.01062	0.06501	0.02421	0.02053	0.01010	0.00736	0.02911	0.03475	0.02662	0.15238	0.03128	0.07526	0.09073	0.17639	0.10038	0.00272	0.02864	0.00595	0.00360	0.10435
3	0.01173	0.02904	0.03534	0.00871	0.01235	0.00851	0.04294	0.13687	0.03451	0.07667	0.01160	0.09130	0.01002	0.00541	0.00453	0.00113	0.02805	0.00446	0.00346	0.44338
4	0.04077	0.05338	0.16906	0.01191	0.01616	0.02231	0.19422	0.05686	0.05208	0.08151	0.01139	0.04543	0.00923	0.00645	0.04086	0.00165	0.00593	0.02407	0.00305	0.15366
5	0.00705	0.00532	0.00751	0.00723	0.00830	0.00578	0.00551	0.00857	0.00771	0.01117	0.01248	0.01912	0.01195	0.12632	0.64283	0.00655	0.01079	0.00504	0.00259	0.08820
6	0.01362	0.57022	0.02106	0.06697	0.01418	0.22156	0.00869	0.01517	0.01054	0.01127	0.00687	0.00816	0.00607	0.00429	0.00346	0.00110	0.00601	0.00277	0.00213	0.00584
7	0.67057	0.08938	0.11742	0.00736	0.01093	0.01139	0.00705	0.01403	0.00843	0.01936	0.00682	0.00796	0.00531	0.00436	0.00314	0.00142	0.00423	0.00268	0.00271	0.00545

[dist]
# distance from previous block
# <min> <max>
3	12

[block]
# block no. 5 follows, 54 sequences, length 18
# corresponding to MSA columns:
# 737-754
name=unknown_F
#
# <colnr> <probs for GDERKNQSTAVLIFYWHMCP>
#	G	D	E	R	K	N	Q	S	T	A	V	L	I	F	Y	W	H	M	C	P
0	0.01077	0.00965	0.01033	0.07847	0.03751	0.06015	0.00750	0.03390	0.46702	0.01762	0.10580	0.02086	0.07768	0.03497	0.00555	0.00165	0.00409	0.00580	0.00429	0.00640
1	0.04235	0.01271	0.04311	0.15653	0.03537	0.17990	0.06561	0.05524	0.01172	0.20038	0.02454	0.01228	0.00830	0.00557	0.00619	0.00152	0.12499	0.00417	0.00327	0.00624
2	0.01542	0.30461	0.01780	0.01096	0.01405	0.47992	0.04033	0.01724	0.03738	0.01180	0.00751	0.00864	0.00638	0.00459	0.00390	0.00117	0.00712	0.00303	0.00236	0.00577
3	0.86760	0.00912	0.00693	0.00620	0.00912	0.01058	0.00511	0.01386	0.00802	0.02115	0.00657	0.00766	0.00511	0.00438	0.00292	0.00146	0.00365	0.00255	0.00292	0.00511
4	0.00686	0.00457	0.00514	0.00514	0.00514	0.00457	0.00286	0.00686	0.00686	0.00914	0.01486	0.03086	0.01714	0.83430	0.02400	0.00457	0.00457	0.00686	0.00286	0.00286
5	0.00999	0.01058	0.03905	0.43765	0.11669	0.01107	0.27928	0.01344	0.01017	0.01355	0.00884	0.01246	0.00671	0.00440	0.00499	0.00156	0.00680	0.00465	0.00222	0.00592
6	0.00674	0.00505	0.00758	0.00758	0.00842	0.00589	0.00589	0.00842	0.00758	0.01095	0.01263	0.01852	0.01179	0.03536	0.81561	0.00758	0.01263	0.00505	0.00253	0.00421
7	0.00667	0.00500	0.00723	0.00720	0.00808	0.00562	0.00554	0.00830	0.00816	0.01157	0.07258	0.02181	0.06200	0.06130	0.67865	0.00666	0.01096	0.00567	0.00284	0.00416
8	0.00573	0.00417	0.00540	0.00638	0.00679	0.00385	0.00429	0.00659	0.00921	0.01211	0.02829	0.74824	0.11268	0.01447	0.00597	0.00188	0.00270	0.01304	0.00438	0.00385
9	0.01044	0.00955	0.01252	0.07401	0.20702	0.03526	0.00844	0.01276	0.01011	0.01499	0.00846	0.01041	0.00702	0.00380	0.00390	0.00095	0.00439	0.00325	0.00262	0.56010
10	0.01043	0.00980	0.01575	0.39348	0.30642	0.01128	0.01289	0.03365	0.05806	0.01411	0.00909	0.01232	0.00724	0.00498	0.00568	0.00155	0.08035	0.00426	0.00241	0.00624
11	0.01203	0.01152	0.02209	0.01753	0.08107	0.01196	0.45495	0.01497	0.01039	0.09795	0.00962	0.01240	0.00742	0.00524	0.00783	0.00168	0.20734	0.00502	0.00267	0.00633
12	0.00674	0.00505	0.00758	0.00758	0.00842	0.00589	0.00589	0.00842	0.00758	0.01095	0.01263	0.01852	0.01179	0.03536	0.81561	0.00758	0.01263	0.00505	0.00253	0.00421
13	0.01040	0.01057	0.01585	0.01316	0.01366	0.01418	0.09185	0.01174	0.00763	0.01174	0.00654	0.01057	0.00629	0.00780	0.01443	0.00201	0.73991	0.00428	0.00210	0.00528
14	0.00970	0.08768	0.74872	0.01302	0.01976	0.01155	0.01669	0.01487	0.00993	0.01463	0.00831	0.00977	0.00598	0.00444	0.00437	0.00146	0.00682	0.00341	0.00199	0.00690
15	0.00946	0.02439	0.80987	0.01344	0.02041	0.01095	0.01742	0.01493	0.00995	0.01493	0.00846	0.00995	0.00597	0.00448	0.00448	0.00149	0.00697	0.00348	0.00199	0.00697
16	0.02657	0.03553	0.54152	0.02661	0.01913	0.02462	0.09653	0.04682	0.03965	0.04749	0.04445	0.01187	0.00841	0.00483	0.00462	0.00149	0.00647	0.00404	0.00257	0.00679
17	0.11638	0.03068	0.01621	0.15662	0.05169	0.11072	0.19164	0.09835	0.14932	0.01713	0.01048	0.01211	0.00797	0.00488	0.00461	0.00149	0.00601	0.00434	0.00306	0.00631

[dist]
# distance from previous block
# <min> <max>
3	5

[block]
# block no. 6 follows, 54 sequences, length 24
# corresponding to MSA columns:
# 763-786
name=unknown_G
#
# <colnr> <probs for GDERKNQSTAVLIFYWHMCP>
#	G	D	E	R	K	N	Q	S	T	A	V	L	I	F	Y	W	H	M	C	P
0	0.02857	0.09490	0.14015	0.05891	0.23989	0.07575	0.04751	0.07800	0.07783	0.07129	0.01028	0.01176	0.00792	0.00570	0.03013	0.00160	0.00602	0.00403	0.00291	0.00686
1	0.01233	0.01190	0.01466	0.41195	0.16449	0.16020	0.01187	0.07416	0.03046	0.04995	0.00921	0.01184	0.00703	0.00481	0.00462	0.00146	0.00633	0.00403	0.00263	0.00607
2	0.01240	0.05758	0.02634	0.00748	0.00998	0.00741	0.00614	0.06943	0.07716	0.25035	0.27685	0.05335	0.10995	0.00796	0.00504	0.00148	0.00339	0.00671	0.00494	0.00607
3	0.86760	0.00912	0.00693	0.00620	0.00912	0.01058	0.00511	0.01386	0.00802	0.02115	0.00657	0.00766	0.00511	0.00438	0.00292	0.00146	0.00365	0.00255	0.00292	0.00511
4	0.01792	0.01321	0.01415	0.01085	0.01462	0.01462	0.00896	0.78916	0.02217	0.02972	0.01132	0.01132	0.00802	0.00566	0.00472	0.00142	0.00519	0.00425	0.00472	0.00802
5	0.00685	0.00459	0.00525	0.00525	0.00529	0.00463	0.00299	0.00693	0.00689	0.00922	0.01476	0.03030	0.01690	0.79831	0.05965	0.00471	0.00493	0.00678	0.00284	0.00292
6	0.86760	0.00912	0.00693	0.00620	0.00912	0.01058	0.00511	0.01386	0.00802	0.02115	0.00657	0.00766	0.00511	0.00438	0.00292	0.00146	0.00365	0.00255	0.00292	0.00511
7	0.00674	0.00505	0.00758	0.00758	0.00842	0.00589	0.00589	0.00842	0.00758	0.01095	0.01263	0.01852	0.01179	0.03536	0.81561	0.00758	0.01263	0.00505	0.00253	0.00421
8	0.00611	0.00480	0.00552	0.00534	0.00670	0.00421	0.00400	0.00780	0.01201	0.01573	0.41393	0.04045	0.43494	0.01082	0.00557	0.00154	0.00231	0.00926	0.00477	0.00421
9	0.01261	0.83713	0.02471	0.00807	0.01210	0.01866	0.00807	0.01412	0.00958	0.01109	0.00656	0.00756	0.00605	0.00403	0.00303	0.00101	0.00504	0.00252	0.00202	0.00605
10	0.00978	0.00838	0.00978	0.00698	0.01117	0.00629	0.00559	0.01187	0.00978	0.01536	0.00838	0.00978	0.00698	0.00349	0.00349	0.00070	0.00349	0.00279	0.00279	0.86312
11	0.00686	0.00457	0.00514	0.00514	0.00514	0.00457	0.00286	0.00686	0.00686	0.00914	0.01486	0.03086	0.01714	0.83430	0.02400	0.00457	0.00457	0.00686	0.00286	0.00286
12	0.86760	0.00912	0.00693	0.00620	0.00912	0.01058	0.00511	0.01386	0.00802	0.02115	0.00657	0.00766	0.00511	0.00438	0.00292	0.00146	0.00365	0.00255	0.00292	0.00511
13	0.00557	0.00478	0.00478	0.00478	0.00637	0.00398	0.00358	0.00677	0.01075	0.01274	0.04776	0.04538	0.80297	0.01194	0.00557	0.00159	0.00239	0.00995	0.00438	0.00398
14	0.00890	0.00838	0.01414	0.82296	0.03247	0.01048	0.01309	0.01205	0.00943	0.01205	0.00838	0.01257	0.00629	0.00471	0.00471	0.00157	0.00629	0.00419	0.00210	0.00524
15	0.00890	0.00838	0.01414	0.82296	0.03247	0.01048	0.01309	0.01205	0.00943	0.01205	0.00838	0.01257	0.00629	0.00471	0.00471	0.00157	0.00629	0.00419	0.00210	0.00524
16	0.00667	0.00482	0.00630	0.00593	0.00704	0.00445	0.00445	0.00890	0.01335	0.01891	0.80239	0.03522	0.04449	0.00964	0.00556	0.00148	0.00222	0.00853	0.00519	0.00445
17	0.00610	0.00494	0.00544	0.00529	0.00675	0.00435	0.00397	0.00797	0.03370	0.01494	0.29252	0.04129	0.53397	0.01104	0.00555	0.00156	0.00237	0.00936	0.00465	0.00423
18	0.00674	0.00505	0.00758	0.00758	0.00842	0.00589	0.00589	0.00842	0.00758	0.01095	0.01263	0.01852	0.01179	0.03536	0.81561	0.00758	0.01263	0.00505	0.00253	0.00421
19	0.00674	0.00503	0.00749	0.00749	0.00830	0.00585	0.00578	0.00836	0.00755	0.01088	0.01271	0.01897	0.01198	0.06446	0.78678	0.00747	0.01234	0.00512	0.00254	0.00416
20	0.01535	0.01785	0.01534	0.04616	0.27758	0.48678	0.01102	0.04920	0.01272	0.01360	0.00802	0.00981	0.00663	0.00467	0.00443	0.00130	0.00732	0.00351	0.00248	0.00623
21	0.01591	0.00945	0.01097	0.00918	0.01230	0.00994	0.00733	0.06764	0.43417	0.34074	0.01850	0.01661	0.01292	0.00613	0.00477	0.00153	0.00393	0.00503	0.00522	0.00772
22	0.11396	0.33416	0.01702	0.00924	0.03143	0.01433	0.00795	0.24689	0.01386	0.15459	0.01010	0.01025	0.00753	0.00487	0.00385	0.00127	0.00476	0.00346	0.00359	0.00690
23	0.08295	0.00860	0.00997	0.02811	0.01179	0.00716	0.00603	0.04497	0.01056	0.10877	0.00954	0.01047	0.00740	0.00396	0.00367	0.00090	0.00371	0.00310	0.00322	0.63515

[dist]
# distance from previous block
# <min> <max>
1	3

[block]
# block no. 7 follows, 54 sequences, length 21
# corresponding to MSA columns:
# 790-810
name=unknown_H
#
# <colnr> <probs for GDERKNQSTAVLIFYWHMCP>
#	G	D	E	R	K	N	Q	S	T	A	V	L	I	F	Y	W	H	M	C	P
0	0.76964	0.00977	0.00773	0.03750	0.01042	0.04257	0.00571	0.04306	0.00882	0.02075	0.00684	0.00802	0.00530	0.00446	0.00311	0.00145	0.00400	0.00270	0.00293	0.00523
1	0.00686	0.00457	0.00514	0.00514	0.00514	0.00457	0.00286	0.00686	0.00686	0.00914	0.01486	0.03086	0.01714	0.83430	0.02400	0.00457	0.00457	0.00686	0.00286	0.00286
2	0.00761	0.00672	0.01097	0.00974	0.03959	0.00650	0.15350	0.00976	0.01145	0.01574	0.35714	0.16564	0.12219	0.00944	0.00615	0.00162	0.04872	0.00857	0.00415	0.00480
3	0.00952	0.00926	0.01280	0.01112	0.01136	0.01254	0.00918	0.01066	0.00787	0.01183	0.05056	0.01515	0.07970	0.01010	0.05681	0.00229	0.66692	0.00492	0.00245	0.00497
4	0.00949	0.00997	0.05847	0.53499	0.15988	0.01050	0.08940	0.01269	0.00983	0.01307	0.00928	0.04468	0.00754	0.00494	0.00483	0.00155	0.00623	0.00465	0.00225	0.00576
5	0.01300	0.01386	0.01828	0.02462	0.58257	0.19506	0.05454	0.01550	0.01136	0.01450	0.00854	0.01100	0.00713	0.00434	0.00462	0.00137	0.00639	0.00401	0.00236	0.00695
6	0.01659	0.02080	0.01347	0.08294	0.01606	0.71582	0.00950	0.01796	0.01279	0.01158	0.00734	0.00892	0.00610	0.00497	0.00470	0.00128	0.03818	0.00318	0.00239	0.00543
7	0.01761	0.02247	0.01336	0.01215	0.01458	0.81537	0.00911	0.01883	0.01336	0.01154	0.00729	0.00850	0.00607	0.00486	0.00425	0.00121	0.00850	0.00304	0.00243	0.00547
8	0.00976	0.00950	0.01683	0.55728	0.19828	0.01080	0.10434	0.01293	0.00991	0.01313	0.00862	0.01239	0.00664	0.00452	0.00480	0.00154	0.00633	0.00435	0.00218	0.00585
9	0.00675	0.00498	0.00723	0.00723	0.00795	0.00570	0.00546	0.00820	0.00747	0.01069	0.01295	0.02029	0.01255	0.14956	0.70246	0.00715	0.01148	0.00531	0.00257	0.00402
10	0.00667	0.00482	0.00630	0.00593	0.00704	0.00445	0.00445	0.00890	0.01335	0.01891	0.80239	0.03522	0.04449	0.00964	0.00556	0.00148	0.00222	0.00853	0.00519	0.00445
11	0.86760	0.00912	0.00693	0.00620	0.00912	0.01058	0.00511	0.01386	0.00802	0.02115	0.00657	0.00766	0.00511	0.00438	0.00292	0.00146	0.00365	0.00255	0.00292	0.00511
12	0.00805	0.00570	0.00715	0.00687	0.00726	0.00624	0.00473	0.00896	0.02969	0.05366	0.06292	0.18674	0.01954	0.42920	0.01646	0.00323	0.12863	0.00769	0.00339	0.00390
13	0.08999	0.24079	0.09990	0.01138	0.04364	0.22873	0.06455	0.04409	0.01146	0.09648	0.00866	0.00966	0.00675	0.00466	0.00421	0.00129	0.02143	0.00336	0.00274	0.00624
14	0.25606	0.00933	0.03000	0.00819	0.01173	0.00893	0.00692	0.10822	0.01288	0.48008	0.01416	0.01302	0.00928	0.00538	0.00422	0.00145	0.00412	0.00404	0.00480	0.00719
15	0.01252	0.00998	0.02483	0.01070	0.05338	0.01062	0.04138	0.03578	0.53848	0.11108	0.06417	0.01752	0.01476	0.00619	0.00482	0.00154	0.00403	0.00529	0.00461	0.02830
16	0.00978	0.00838	0.00978	0.00698	0.01117	0.00629	0.00559	0.01187	0.00978	0.01536	0.00838	0.00978	0.00698	0.00349	0.00349	0.00070	0.00349	0.00279	0.00279	0.86312
17	0.00674	0.00502	0.00743	0.00743	0.00822	0.00582	0.00571	0.00833	0.00753	0.01084	0.01276	0.01926	0.01211	0.08287	0.76854	0.00740	0.01215	0.00516	0.00255	0.00413
18	0.01261	0.83713	0.02471	0.00807	0.01210	0.01866	0.00807	0.01412	0.00958	0.01109	0.00656	0.00756	0.00605	0.00403	0.00303	0.00101	0.00504	0.00252	0.00202	0.00605
19	0.01044	0.01155	0.15191	0.00848	0.01282	0.02531	0.00793	0.06426	0.01091	0.03509	0.03925	0.04205	0.00929	0.00455	0.00397	0.00099	0.00427	0.00368	0.00299	0.55027
20	0.01134	0.00897	0.01253	0.29998	0.01955	0.00943	0.04313	0.16767	0.01244	0.06544	0.03433	0.09760	0.01083	0.00588	0.00466	0.00139	0.00494	0.00509	0.00333	0.18146

[dist]
# distance from previous block
# <min> <max>
0	19

# created by:
# /st0/software/busco_prod/Augustus/scripts/msa2prfl.pl ./align_prep/80387.fa
