[name]
unknown

[dist]
# distance from previous block
# <min> <max>
0	713

[block]
# block no. 0 follows, 64 sequences, length 21
# corresponding to MSA columns:
# 739-759
name=unknown_A
#
# <colnr> <probs for GDERKNQSTAVLIFYWHMCP>
#	G	D	E	R	K	N	Q	S	T	A	V	L	I	F	Y	W	H	M	C	P
0	0.09665	0.01072	0.13448	0.10213	0.27636	0.03603	0.03462	0.03788	0.02787	0.06016	0.01891	0.01267	0.00795	0.00453	0.00399	0.00128	0.00475	0.05388	0.02699	0.04814
1	0.08027	0.19998	0.16085	0.00825	0.01133	0.08786	0.02741	0.02547	0.02480	0.09339	0.05488	0.03698	0.04082	0.03377	0.00472	0.00129	0.04604	0.00383	0.02513	0.03292
2	0.01072	0.14594	0.01338	0.05877	0.10518	0.09677	0.05896	0.16919	0.02611	0.01413	0.01147	0.11917	0.04614	0.03418	0.00508	0.00135	0.04432	0.00476	0.00279	0.03160
3	0.00647	0.01989	0.02928	0.04748	0.12452	0.00535	0.02065	0.00808	0.00938	0.01234	0.13200	0.18534	0.29244	0.00885	0.00476	0.00141	0.00307	0.05231	0.00343	0.03295
4	0.00739	0.00610	0.00718	0.03236	0.02531	0.00562	0.00489	0.03889	0.11034	0.01321	0.04690	0.19628	0.18638	0.03298	0.00478	0.00129	0.00291	0.00644	0.00338	0.26736
5	0.03932	0.27720	0.39304	0.01013	0.03903	0.06400	0.01100	0.07535	0.00966	0.01319	0.00718	0.00828	0.00558	0.00394	0.00349	0.00115	0.00534	0.00285	0.02450	0.00578
6	0.00908	0.02947	0.01125	0.38486	0.11372	0.03840	0.00907	0.07534	0.00966	0.05037	0.01247	0.08467	0.05911	0.04274	0.00507	0.00150	0.00471	0.05099	0.00265	0.00488
7	0.00524	0.00389	0.00492	0.00559	0.00619	0.00357	0.00398	0.00623	0.00868	0.01131	0.07990	0.54641	0.19934	0.01203	0.00523	0.00162	0.00245	0.08603	0.00390	0.00348
8	0.01068	0.00952	0.00913	0.00875	0.04779	0.19114	0.02132	0.10463	0.09267	0.07916	0.08586	0.18959	0.07246	0.00818	0.03240	0.00153	0.00443	0.02223	0.00354	0.00500
9	0.00989	0.00980	0.01601	0.22697	0.54200	0.04824	0.06208	0.01243	0.00930	0.01266	0.00768	0.01040	0.00625	0.00383	0.00415	0.00127	0.00533	0.00373	0.00201	0.00595
10	0.00825	0.00797	0.01259	0.75837	0.05454	0.03944	0.01137	0.01088	0.00841	0.01068	0.00730	0.01085	0.00556	0.00425	0.00445	0.00138	0.03351	0.00365	0.00186	0.00469
11	0.05991	0.32409	0.26017	0.00990	0.01377	0.13721	0.06345	0.01317	0.00892	0.01159	0.00653	0.00788	0.00534	0.00403	0.00405	0.00116	0.05873	0.00281	0.00189	0.00541
12	0.01052	0.00907	0.08736	0.18871	0.15466	0.03526	0.04660	0.01332	0.05030	0.18028	0.05037	0.07948	0.03775	0.00626	0.03039	0.00151	0.00475	0.00482	0.00305	0.00555
13	0.00903	0.10072	0.58667	0.01269	0.04489	0.02570	0.13724	0.01316	0.00898	0.01281	0.00743	0.00897	0.00547	0.00384	0.00397	0.00128	0.00609	0.00328	0.00183	0.00597
14	0.00769	0.00717	0.01203	0.79678	0.02734	0.00890	0.01110	0.01034	0.00829	0.01061	0.00826	0.05845	0.00677	0.00465	0.00422	0.00140	0.00536	0.00415	0.00196	0.00454
15	0.00924	0.00935	0.05637	0.04080	0.27581	0.00845	0.27541	0.01178	0.00943	0.05559	0.01335	0.12468	0.07945	0.00555	0.00460	0.00137	0.00505	0.00560	0.00260	0.00551
16	0.00948	0.02601	0.19737	0.00999	0.03893	0.17375	0.07222	0.02422	0.01803	0.03952	0.01359	0.17084	0.04929	0.05459	0.00557	0.00154	0.02114	0.06633	0.00274	0.00484
17	0.03671	0.04833	0.15872	0.05502	0.13814	0.08892	0.03489	0.01240	0.06540	0.05022	0.07816	0.06904	0.04697	0.00773	0.07551	0.00176	0.01946	0.00464	0.00271	0.00525
18	0.00602	0.00539	0.03350	0.05452	0.08083	0.00478	0.00531	0.02679	0.00906	0.01173	0.05073	0.37253	0.30288	0.01018	0.00491	0.00150	0.00287	0.00895	0.00354	0.00397
19	0.02913	0.08681	0.32345	0.01451	0.09362	0.01045	0.31724	0.01288	0.00921	0.01314	0.03191	0.01028	0.00678	0.00391	0.00437	0.00131	0.01935	0.00388	0.00202	0.00578
20	0.00970	0.00898	0.01494	0.25964	0.36932	0.03471	0.10091	0.01223	0.00951	0.05300	0.06613	0.01263	0.02112	0.00434	0.00427	0.00130	0.00510	0.00417	0.00236	0.00563

[dist]
# distance from previous block
# <min> <max>
6	12

[block]
# block no. 1 follows, 64 sequences, length 24
# corresponding to MSA columns:
# 772-795
name=unknown_B
#
# <colnr> <probs for GDERKNQSTAVLIFYWHMCP>
#	G	D	E	R	K	N	Q	S	T	A	V	L	I	F	Y	W	H	M	C	P
0	0.00948	0.01950	0.63352	0.01273	0.08784	0.07528	0.01393	0.05102	0.03387	0.01369	0.00780	0.00906	0.00569	0.00405	0.00396	0.00129	0.00598	0.00317	0.00200	0.00613
1	0.15695	0.01133	0.10370	0.05799	0.10913	0.07181	0.27648	0.01352	0.02313	0.08235	0.00909	0.04986	0.00725	0.00435	0.00414	0.00133	0.00542	0.00415	0.00250	0.00551
2	0.00932	0.00832	0.09736	0.00739	0.00956	0.02640	0.00641	0.12494	0.08893	0.09584	0.17096	0.14778	0.12911	0.00779	0.00489	0.00140	0.03019	0.02446	0.00386	0.00507
3	0.04613	0.37959	0.14989	0.04147	0.01393	0.03771	0.08415	0.15969	0.01076	0.03043	0.00735	0.00838	0.00580	0.00396	0.00347	0.00112	0.00505	0.00300	0.00235	0.00576
4	0.06380	0.00500	0.00688	0.00729	0.05616	0.00548	0.00514	0.00815	0.00731	0.03128	0.04960	0.01852	0.05674	0.12077	0.53333	0.00502	0.00831	0.00482	0.00254	0.00388
5	0.00604	0.00404	0.00460	0.00460	0.00463	0.00407	0.00261	0.00609	0.00606	0.00811	0.01302	0.02682	0.01494	0.82645	0.04850	0.00412	0.00426	0.00599	0.00251	0.00256
6	0.01148	0.05753	0.13512	0.04962	0.14399	0.05230	0.04564	0.18855	0.02477	0.09516	0.01177	0.03922	0.05674	0.01639	0.01734	0.02203	0.00485	0.00420	0.01747	0.00584
7	0.07360	0.22876	0.17838	0.02573	0.05892	0.05358	0.13558	0.08150	0.06731	0.02992	0.00838	0.02574	0.00668	0.00419	0.00374	0.00121	0.00516	0.00347	0.00240	0.00573
8	0.01202	0.00872	0.04964	0.00815	0.01080	0.00854	0.02433	0.15465	0.28816	0.19295	0.08082	0.03229	0.05851	0.02017	0.00464	0.00141	0.00363	0.03025	0.00420	0.00613
9	0.00600	0.00402	0.00457	0.00460	0.00463	0.00400	0.00260	0.00608	0.00626	0.00837	0.03450	0.05892	0.01620	0.79986	0.02011	0.00387	0.00391	0.00630	0.00262	0.00259
10	0.04237	0.05884	0.09521	0.03242	0.18779	0.15518	0.00910	0.11173	0.06966	0.06463	0.00919	0.01067	0.00727	0.00775	0.10998	0.00191	0.01438	0.00352	0.00266	0.00574
11	0.01008	0.04718	0.34222	0.01137	0.08255	0.05200	0.05804	0.11148	0.02990	0.05963	0.03109	0.07043	0.06518	0.00532	0.00418	0.00131	0.00505	0.00446	0.00272	0.00579
12	0.01113	0.01076	0.01529	0.13075	0.45855	0.09201	0.05391	0.11280	0.04794	0.01456	0.00833	0.01036	0.00664	0.00406	0.00413	0.00126	0.00526	0.00371	0.00240	0.00615
13	0.00975	0.00758	0.01184	0.11070	0.05707	0.00800	0.15219	0.08943	0.03619	0.08582	0.11143	0.03154	0.02551	0.00675	0.04771	0.00160	0.06457	0.00476	0.13243	0.00512
14	0.04353	0.06801	0.13981	0.07595	0.20114	0.02163	0.06939	0.07463	0.05208	0.04855	0.01037	0.05121	0.02572	0.00584	0.03374	0.00150	0.03323	0.01628	0.02170	0.00567
15	0.03677	0.12104	0.22287	0.02197	0.17589	0.05869	0.04912	0.01207	0.03066	0.02701	0.01046	0.04749	0.04582	0.03409	0.08681	0.00187	0.00566	0.00406	0.00227	0.00538
16	0.00498	0.00419	0.00432	0.00433	0.00567	0.00353	0.00323	0.00609	0.00958	0.01158	0.09576	0.06656	0.74508	0.01046	0.00492	0.00141	0.00210	0.00878	0.00391	0.00353
17	0.04778	0.06073	0.45854	0.06044	0.19773	0.00974	0.03690	0.01247	0.00876	0.01299	0.00800	0.03622	0.00647	0.02077	0.00427	0.00134	0.00548	0.00355	0.00196	0.00586
18	0.03964	0.20624	0.13736	0.01067	0.06377	0.13200	0.07428	0.15586	0.05124	0.03753	0.00950	0.02128	0.03409	0.00449	0.00378	0.00118	0.00517	0.00352	0.00263	0.00578
19	0.00961	0.03405	0.05186	0.08583	0.03736	0.03851	0.03060	0.05765	0.02575	0.14033	0.01603	0.22137	0.01597	0.05031	0.00555	0.00164	0.00405	0.16524	0.00347	0.00482
20	0.00504	0.00382	0.00461	0.00524	0.00585	0.00344	0.00359	0.00585	0.00839	0.01073	0.02881	0.56415	0.28560	0.03736	0.00565	0.00166	0.00236	0.01065	0.00382	0.00339
21	0.01178	0.21258	0.15747	0.01199	0.13779	0.21234	0.02413	0.05411	0.05046	0.04099	0.00843	0.02759	0.00703	0.00442	0.00374	0.00117	0.00546	0.02049	0.00236	0.00568
22	0.04554	0.12407	0.05221	0.01020	0.03614	0.16082	0.12231	0.12040	0.06066	0.08525	0.02920	0.09750	0.01002	0.00542	0.00409	0.00127	0.00500	0.02139	0.00301	0.00551
23	0.01127	0.00604	0.00749	0.00648	0.00847	0.00568	0.00509	0.09763	0.03362	0.29742	0.17097	0.14312	0.13446	0.00780	0.00458	0.00137	0.00294	0.02394	0.02637	0.00527

[dist]
# distance from previous block
# <min> <max>
4	15

[block]
# block no. 2 follows, 64 sequences, length 71
# corresponding to MSA columns:
# 812-839,847-889
name=unknown_C
#
# <colnr> <probs for GDERKNQSTAVLIFYWHMCP>
#	G	D	E	R	K	N	Q	S	T	A	V	L	I	F	Y	W	H	M	C	P
0	0.01099	0.16125	0.15349	0.01109	0.09989	0.00949	0.11165	0.04548	0.02870	0.15825	0.04345	0.04745	0.03329	0.00513	0.00407	0.00126	0.00458	0.03404	0.03071	0.00575
1	0.00536	0.00403	0.00548	0.00682	0.05435	0.00377	0.00433	0.00621	0.00816	0.01082	0.02345	0.74072	0.08644	0.01228	0.00520	0.00164	0.00254	0.01110	0.00375	0.00357
2	0.02525	0.00841	0.04333	0.00845	0.05382	0.00719	0.02541	0.09127	0.07186	0.21885	0.01156	0.06167	0.00902	0.00466	0.00380	0.00106	0.00363	0.00389	0.00345	0.34344
3	0.16979	0.03523	0.21783	0.08295	0.04234	0.09800	0.08782	0.11230	0.01036	0.05104	0.01631	0.02124	0.02839	0.00444	0.00385	0.00128	0.00519	0.00355	0.00255	0.00554
4	0.00827	0.00798	0.03024	0.07067	0.03266	0.02082	0.06312	0.04026	0.00861	0.02284	0.09309	0.02986	0.14391	0.00878	0.06374	0.00189	0.34097	0.00511	0.00264	0.00454
5	0.00596	0.00401	0.00454	0.00458	0.00464	0.00398	0.00260	0.00603	0.00624	0.00827	0.01443	0.06892	0.03940	0.78719	0.01987	0.00383	0.00389	0.00641	0.00262	0.00259
6	0.03678	0.35273	0.04708	0.00843	0.01151	0.21580	0.00747	0.05639	0.03454	0.13923	0.00822	0.00866	0.00641	0.00424	0.00367	0.00108	0.02960	0.00287	0.00262	0.02266
7	0.01055	0.15053	0.12191	0.02889	0.26637	0.11266	0.03176	0.06339	0.04037	0.01312	0.02283	0.01227	0.05858	0.00501	0.01540	0.00129	0.01898	0.01803	0.00237	0.00571
8	0.00604	0.00456	0.00492	0.00476	0.00620	0.00401	0.00362	0.02524	0.02331	0.04794	0.12305	0.06793	0.61234	0.00987	0.00484	0.00140	0.00227	0.02276	0.02112	0.00384
9	0.02896	0.01274	0.01271	0.01179	0.10694	0.22144	0.05546	0.30580	0.13082	0.03707	0.01010	0.02968	0.00784	0.00483	0.00410	0.00124	0.00522	0.00384	0.00328	0.00615
10	0.00991	0.02551	0.03572	0.10294	0.46308	0.07849	0.03000	0.03087	0.00960	0.01290	0.03704	0.04838	0.03268	0.00488	0.00469	0.00130	0.04860	0.01538	0.00231	0.00572
11	0.00946	0.26072	0.41478	0.01094	0.03023	0.04629	0.10073	0.01272	0.00893	0.01196	0.00837	0.03114	0.02805	0.00420	0.00374	0.00120	0.00557	0.00340	0.00193	0.00565
12	0.00507	0.00413	0.00449	0.00461	0.00579	0.00355	0.00340	0.00619	0.00950	0.01176	0.12693	0.16214	0.60435	0.01068	0.00498	0.00144	0.00216	0.02135	0.00394	0.00354
13	0.00919	0.00993	0.01499	0.03188	0.01476	0.14123	0.35274	0.01176	0.04245	0.01210	0.03431	0.20097	0.02271	0.00785	0.05384	0.00173	0.01463	0.01546	0.00269	0.00478
14	0.00945	0.10613	0.19976	0.00885	0.01187	0.00928	0.03768	0.09174	0.15123	0.04645	0.06175	0.11263	0.04852	0.00645	0.00466	0.00138	0.03841	0.04510	0.00318	0.00548
15	0.00512	0.00366	0.00488	0.00580	0.00608	0.00342	0.00391	0.00591	0.00812	0.01086	0.05234	0.80539	0.02783	0.01282	0.00530	0.00168	0.00242	0.02716	0.00388	0.00340
16	0.01097	0.01232	0.02043	0.01708	0.14118	0.14780	0.50941	0.03818	0.01026	0.01309	0.00796	0.01038	0.00620	0.00390	0.00486	0.01077	0.02317	0.00428	0.00215	0.00560
17	0.01056	0.01086	0.01437	0.20920	0.41079	0.14661	0.01113	0.02144	0.04243	0.01236	0.00771	0.01013	0.00631	0.00424	0.00473	0.00129	0.06445	0.00357	0.00212	0.00570
18	0.00614	0.00469	0.00655	0.00641	0.00697	0.00540	0.00481	0.00727	0.00677	0.00959	0.03339	0.01936	0.04491	0.19674	0.55490	0.00543	0.06981	0.00497	0.00238	0.00352
19	0.00538	0.00391	0.00497	0.00537	0.00592	0.00364	0.00371	0.00641	0.00892	0.01201	0.23667	0.44571	0.11712	0.09054	0.02826	0.00190	0.00263	0.00960	0.00388	0.00346
20	0.01322	0.00875	0.00990	0.00803	0.01061	0.00930	0.00644	0.36822	0.14614	0.16425	0.14974	0.02997	0.01457	0.03546	0.00491	0.00139	0.00369	0.00482	0.00435	0.00624
21	0.02579	0.04787	0.04126	0.00981	0.01276	0.09131	0.10930	0.10071	0.26083	0.20303	0.01251	0.01227	0.00902	0.00494	0.00453	0.00132	0.03878	0.00406	0.00364	0.00626
22	0.01553	0.01129	0.01198	0.00927	0.01242	0.03250	0.00759	0.72062	0.01839	0.06672	0.01034	0.01083	0.00751	0.03949	0.00484	0.00136	0.00457	0.00383	0.00409	0.00682
23	0.01265	0.01091	0.01196	0.01255	0.18655	0.11091	0.00833	0.19005	0.32536	0.06854	0.01216	0.01213	0.00912	0.00489	0.00413	0.00129	0.00444	0.00400	0.00355	0.00650
24	0.00593	0.00447	0.00562	0.00638	0.03259	0.00426	0.00461	0.00720	0.02209	0.01106	0.02523	0.22086	0.22765	0.15952	0.00806	0.00207	0.00313	0.24216	0.00356	0.00355
25	0.00651	0.00418	0.00484	0.00475	0.00496	0.00416	0.00282	0.00669	0.00641	0.04168	0.01397	0.02646	0.03834	0.75193	0.06261	0.00398	0.00432	0.00596	0.00265	0.00279
26	0.00506	0.00361	0.00482	0.00578	0.00602	0.00337	0.00386	0.00578	0.00795	0.01060	0.02289	0.85131	0.02747	0.01301	0.00530	0.00169	0.00241	0.01181	0.00386	0.00337
27	0.00994	0.00912	0.01206	0.18956	0.26008	0.06658	0.00917	0.09194	0.07771	0.01424	0.03605	0.01328	0.06005	0.00479	0.00425	0.00124	0.02211	0.00407	0.04432	0.06945
28	0.05247	0.13917	0.16818	0.00833	0.01141	0.07900	0.04040	0.06552	0.03033	0.03920	0.16754	0.03969	0.04962	0.00560	0.00411	0.00121	0.01571	0.01886	0.00295	0.06069
29	0.00613	0.00458	0.00641	0.00632	0.00682	0.00527	0.00467	0.00718	0.00649	0.00923	0.01136	0.01889	0.01141	0.25369	0.57208	0.00570	0.05323	0.00484	0.00228	0.00343
30	0.01171	0.45327	0.01840	0.02801	0.16163	0.14385	0.04114	0.06003	0.00982	0.01165	0.00673	0.00810	0.00580	0.00430	0.01873	0.00114	0.00527	0.00283	0.00205	0.00555
31	0.00538	0.00432	0.00506	0.00554	0.02747	0.00384	0.00402	0.00659	0.00942	0.01181	0.10719	0.18347	0.49576	0.01071	0.00506	0.00150	0.00242	0.10294	0.00387	0.00364
32	0.00898	0.00864	0.01497	0.45222	0.36825	0.00957	0.05444	0.01166	0.00887	0.01201	0.00762	0.01074	0.00602	0.00393	0.00418	0.00132	0.00536	0.00376	0.00195	0.00550
33	0.00938	0.00778	0.01194	0.16937	0.32886	0.00808	0.00933	0.06316	0.02941	0.05978	0.11293	0.01860	0.08226	0.00575	0.00442	0.00134	0.00421	0.06493	0.00297	0.00548
34	0.03843	0.00577	0.00695	0.00611	0.00784	0.00592	0.00483	0.08903	0.03084	0.20432	0.01310	0.01471	0.01006	0.02117	0.21077	0.00254	0.00494	0.00407	0.31365	0.00495
35	0.00944	0.01035	0.01982	0.01556	0.06967	0.05296	0.56444	0.01256	0.03443	0.01284	0.01061	0.13474	0.00957	0.00507	0.00495	0.00142	0.01813	0.00570	0.00242	0.00531
36	0.10800	0.04682	0.27344	0.01126	0.07829	0.17161	0.04550	0.07925	0.02902	0.06863	0.00857	0.01037	0.00666	0.01963	0.00416	0.00130	0.00549	0.02378	0.00250	0.00570
37	0.03684	0.00824	0.00877	0.04307	0.05319	0.09633	0.02084	0.04500	0.19118	0.10377	0.08978	0.02190	0.19529	0.00678	0.00439	0.00135	0.00369	0.04634	0.01807	0.00519
38	0.00525	0.00394	0.00487	0.00524	0.00597	0.00356	0.00370	0.00640	0.00939	0.01244	0.25059	0.42161	0.22964	0.01114	0.00509	0.00151	0.00221	0.00986	0.00406	0.00356
39	0.01070	0.01275	0.04577	0.01483	0.01835	0.17775	0.54270	0.01392	0.04482	0.01258	0.00878	0.02592	0.00708	0.03850	0.00528	0.00144	0.00671	0.00455	0.00224	0.00534
40	0.01058	0.09751	0.26432	0.01883	0.01355	0.15307	0.05306	0.08318	0.04815	0.04453	0.03966	0.06998	0.03809	0.00548	0.00419	0.00129	0.01228	0.03410	0.00269	0.00546
41	0.00510	0.00365	0.00486	0.00575	0.00603	0.00340	0.00386	0.00589	0.00815	0.01092	0.06517	0.80812	0.02809	0.01278	0.00528	0.00167	0.00239	0.01158	0.00389	0.00340
42	0.03963	0.01263	0.20720	0.01226	0.01601	0.02501	0.29511	0.09333	0.11921	0.01506	0.01026	0.05696	0.00822	0.00475	0.00462	0.00137	0.03123	0.00450	0.03692	0.00573
43	0.01294	0.07518	0.10853	0.01172	0.06193	0.23091	0.10065	0.10008	0.11648	0.05958	0.01211	0.02789	0.05160	0.00540	0.00443	0.00139	0.00570	0.00423	0.00312	0.00613
44	0.00983	0.04077	0.13678	0.15026	0.36821	0.01005	0.09375	0.07192	0.02346	0.01386	0.01994	0.02700	0.00716	0.00416	0.00416	0.00129	0.00526	0.00391	0.00224	0.00599
45	0.01099	0.00592	0.00692	0.00614	0.00787	0.02167	0.00477	0.09843	0.01091	0.23774	0.07710	0.15865	0.04139	0.01925	0.00437	0.00132	0.00294	0.03013	0.24849	0.00499
46	0.01100	0.11291	0.08873	0.02350	0.15769	0.08786	0.08355	0.11134	0.04184	0.05971	0.03423	0.02654	0.00844	0.00765	0.10055	0.00187	0.03037	0.00390	0.00264	0.00566
47	0.00912	0.15000	0.43776	0.02607	0.01567	0.03674	0.09804	0.02603	0.04207	0.01285	0.04242	0.01128	0.04332	0.00450	0.00419	0.00127	0.02718	0.00365	0.00216	0.00567
48	0.00723	0.00485	0.00601	0.00625	0.00717	0.00478	0.00450	0.06189	0.06584	0.07062	0.02165	0.56846	0.06888	0.01148	0.02737	0.00171	0.00292	0.02476	0.02948	0.00414
49	0.00840	0.01824	0.63320	0.15120	0.08234	0.00959	0.01451	0.01270	0.00875	0.01276	0.00747	0.00927	0.00541	0.00396	0.00399	0.00132	0.00595	0.00322	0.00179	0.00592
50	0.01117	0.15574	0.17843	0.00975	0.03363	0.11871	0.06111	0.03521	0.04334	0.12632	0.03645	0.08639	0.01047	0.00554	0.00420	0.00128	0.01725	0.04724	0.00287	0.01491
51	0.00955	0.01099	0.12940	0.26561	0.29028	0.03661	0.10926	0.01266	0.02542	0.03770	0.02769	0.01105	0.00703	0.00406	0.00421	0.00131	0.00547	0.00385	0.00216	0.00570
52	0.00528	0.00384	0.00519	0.00596	0.00624	0.00380	0.00408	0.00606	0.00773	0.01042	0.02098	0.72132	0.02483	0.03961	0.09114	0.00227	0.02355	0.01069	0.00360	0.00341
53	0.00549	0.00402	0.00507	0.00560	0.00620	0.00376	0.00396	0.01872	0.00889	0.01176	0.13563	0.50044	0.14523	0.05861	0.00609	0.00173	0.00253	0.06887	0.00388	0.00351
54	0.00877	0.00747	0.00870	0.00623	0.00991	0.00569	0.00499	0.02764	0.00885	0.01381	0.00744	0.00864	0.00617	0.00312	0.00310	0.00063	0.00311	0.00249	0.00250	0.86077
55	0.00968	0.00926	0.01578	0.22624	0.63203	0.00971	0.01245	0.01222	0.00918	0.01284	0.00771	0.01048	0.00632	0.00381	0.00412	0.00127	0.00508	0.00370	0.00200	0.00610
56	0.01016	0.00975	0.01664	0.06547	0.78906	0.00984	0.01269	0.01264	0.00940	0.01343	0.00779	0.01032	0.00653	0.00372	0.00411	0.00124	0.00496	0.00370	0.00205	0.00648
57	0.01007	0.00966	0.01649	0.09506	0.76017	0.00981	0.01264	0.01257	0.00936	0.01332	0.00778	0.01035	0.00649	0.00374	0.00412	0.00125	0.00499	0.00370	0.00204	0.00641
58	0.00604	0.00403	0.00453	0.00453	0.00453	0.00403	0.00252	0.00604	0.00604	0.00805	0.01309	0.02718	0.01510	0.85402	0.02114	0.00403	0.00403	0.00604	0.00252	0.00252
59	0.79523	0.00860	0.00673	0.00591	0.00852	0.03001	0.00485	0.07401	0.00814	0.01901	0.00612	0.00701	0.00472	0.00395	0.00272	0.00128	0.00342	0.00237	0.00268	0.00470
60	0.00604	0.00403	0.00453	0.00453	0.00453	0.00403	0.00252	0.00604	0.00604	0.00805	0.01309	0.02718	0.01510	0.85402	0.02114	0.00403	0.00403	0.00604	0.00252	0.00252
61	0.01164	0.01019	0.01508	0.03975	0.53970	0.01066	0.01102	0.21911	0.07159	0.01701	0.00902	0.01060	0.00713	0.00418	0.00413	0.00125	0.00473	0.00378	0.00275	0.00666
62	0.11838	0.01295	0.01170	0.05196	0.17065	0.31492	0.00830	0.13309	0.01163	0.07050	0.01978	0.02785	0.02139	0.00463	0.00385	0.00121	0.00541	0.00350	0.00277	0.00553
63	0.00874	0.00829	0.01387	0.38411	0.35451	0.00906	0.03662	0.01152	0.03079	0.01229	0.03116	0.01322	0.05902	0.00450	0.00423	0.00132	0.00497	0.00418	0.00220	0.00542
64	0.01019	0.05409	0.01454	0.15203	0.43188	0.04261	0.02198	0.08591	0.02891	0.01382	0.01056	0.01239	0.06805	0.00444	0.00407	0.00124	0.00480	0.00397	0.00240	0.03212
65	0.04154	0.06655	0.00980	0.03132	0.09983	0.04060	0.02694	0.02203	0.07731	0.07361	0.18835	0.11190	0.09034	0.00673	0.00448	0.00128	0.02283	0.00573	0.00342	0.07540
66	0.02812	0.00854	0.09748	0.00937	0.10783	0.02188	0.01796	0.05523	0.04767	0.10895	0.23254	0.06739	0.05435	0.00614	0.00427	0.00123	0.00352	0.00528	0.00353	0.11874
67	0.01005	0.00968	0.01338	0.03922	0.47072	0.07998	0.00984	0.02369	0.08364	0.01377	0.06007	0.04991	0.00994	0.00461	0.00408	0.00119	0.00450	0.00417	0.00257	0.10498
68	0.02658	0.02565	0.03450	0.01631	0.39639	0.06091	0.00960	0.12595	0.05581	0.03577	0.05121	0.03493	0.02685	0.00495	0.00414	0.00125	0.00450	0.03421	0.00285	0.04761
69	0.04571	0.05961	0.08898	0.01069	0.11359	0.09706	0.03815	0.06525	0.09681	0.04031	0.05566	0.01316	0.06826	0.00503	0.00457	0.00120	0.06235	0.00396	0.00282	0.12683
70	0.03407	0.07339	0.08095	0.02899	0.09591	0.10678	0.08543	0.17090	0.10298	0.05380	0.02390	0.04960	0.05211	0.00517	0.00410	0.00127	0.00479	0.00433	0.01574	0.00579

[dist]
# distance from previous block
# <min> <max>
12	34

[block]
# block no. 3 follows, 64 sequences, length 22
# corresponding to MSA columns:
# 935-956
name=unknown_D
#
# <colnr> <probs for GDERKNQSTAVLIFYWHMCP>
#	G	D	E	R	K	N	Q	S	T	A	V	L	I	F	Y	W	H	M	C	P
0	0.02602	0.02571	0.04367	0.03874	0.11177	0.09150	0.06842	0.17931	0.02755	0.08798	0.10578	0.01552	0.08304	0.00539	0.00417	0.00124	0.00435	0.00454	0.05007	0.02524
1	0.05065	0.07513	0.06848	0.03244	0.26018	0.07874	0.00916	0.06982	0.03863	0.10399	0.01014	0.08664	0.00876	0.00588	0.02601	0.00144	0.06117	0.00424	0.00276	0.00576
2	0.04795	0.02851	0.07443	0.03711	0.05109	0.05271	0.03710	0.03848	0.00851	0.01156	0.03535	0.06872	0.15376	0.04253	0.18501	0.09414	0.02101	0.00525	0.00263	0.00414
3	0.13837	0.15887	0.05018	0.00992	0.12627	0.07988	0.00724	0.09406	0.04164	0.05074	0.02466	0.09335	0.04234	0.03775	0.00439	0.00132	0.00421	0.00429	0.00283	0.02769
4	0.02648	0.19720	0.24290	0.03914	0.03675	0.06058	0.02901	0.08280	0.04159	0.06247	0.09742	0.01212	0.02646	0.00479	0.00404	0.00122	0.02302	0.00373	0.00267	0.00562
5	0.03334	0.01015	0.03063	0.00981	0.10697	0.18835	0.00677	0.10746	0.06774	0.01363	0.08635	0.01823	0.06618	0.16271	0.02549	0.00190	0.02371	0.03283	0.00298	0.00479
6	0.02761	0.10514	0.07732	0.00910	0.05735	0.08233	0.02411	0.09931	0.11090	0.13538	0.01391	0.12917	0.04698	0.03944	0.02220	0.00151	0.00438	0.00504	0.00332	0.00551
7	0.00789	0.00474	0.00518	0.00499	0.00580	0.02526	0.00358	0.03837	0.04223	0.01284	0.03703	0.01657	0.02798	0.09515	0.02227	0.22144	0.00302	0.00425	0.41796	0.00346
8	0.48670	0.02518	0.00749	0.00660	0.00894	0.00920	0.00538	0.03053	0.23876	0.01750	0.02651	0.01407	0.02430	0.00529	0.00345	0.00137	0.00330	0.07710	0.00323	0.00507
9	0.00595	0.04721	0.00555	0.00500	0.00546	0.00449	0.00326	0.00643	0.00727	0.00954	0.06045	0.20709	0.10601	0.46815	0.03804	0.00301	0.00359	0.00743	0.00301	0.00306
10	0.02961	0.07360	0.03163	0.03010	0.04773	0.00907	0.00685	0.26644	0.05318	0.13893	0.02862	0.10101	0.04422	0.03747	0.06139	0.00177	0.00443	0.02460	0.00364	0.00570
11	0.16706	0.17847	0.05867	0.00890	0.01160	0.35070	0.00756	0.08959	0.01054	0.01337	0.00668	0.00775	0.00547	0.00427	0.00383	0.00114	0.04537	0.00271	0.02122	0.00511
12	0.00919	0.00889	0.02936	0.25287	0.38251	0.00923	0.06839	0.05060	0.00949	0.01296	0.01053	0.05609	0.05421	0.00483	0.00449	0.00134	0.02266	0.00449	0.00229	0.00558
13	0.01052	0.02094	0.09194	0.03043	0.10532	0.05221	0.08047	0.15397	0.13960	0.05373	0.09982	0.01667	0.09906	0.02106	0.00464	0.00136	0.00436	0.00485	0.00335	0.00572
14	0.16842	0.23194	0.01404	0.00943	0.02849	0.40541	0.04804	0.01456	0.00993	0.02639	0.00645	0.00751	0.00535	0.00398	0.00333	0.00109	0.00580	0.00264	0.00217	0.00501
15	0.00902	0.04638	0.47735	0.03389	0.11706	0.00966	0.12269	0.01322	0.04376	0.03220	0.00894	0.05120	0.00710	0.00439	0.00414	0.00133	0.00567	0.00391	0.00213	0.00596
16	0.00860	0.02004	0.04296	0.03540	0.07152	0.04997	0.07930	0.04159	0.16122	0.01395	0.15454	0.04805	0.10233	0.00858	0.07390	0.00182	0.07255	0.00544	0.00321	0.00502
17	0.00503	0.00374	0.00469	0.00544	0.00593	0.00340	0.00370	0.00582	0.00828	0.01074	0.02708	0.67420	0.20188	0.01247	0.00522	0.00162	0.00234	0.01114	0.00386	0.00340
18	0.00895	0.00817	0.07599	0.05056	0.06081	0.02911	0.00664	0.11869	0.11642	0.03595	0.16061	0.06779	0.11045	0.02898	0.02143	0.00148	0.00365	0.00560	0.08367	0.00505
19	0.00529	0.00377	0.00501	0.00593	0.00624	0.00356	0.00411	0.00611	0.00804	0.01068	0.02230	0.71948	0.02645	0.05548	0.00615	0.00183	0.00265	0.09976	0.00378	0.00338
20	0.01069	0.23764	0.09322	0.10606	0.05298	0.03343	0.03361	0.13189	0.08769	0.01421	0.00835	0.00957	0.00662	0.00422	0.00398	0.00114	0.03784	0.00322	0.02394	0.09970
21	0.12691	0.05394	0.07324	0.11734	0.04077	0.13344	0.00816	0.09527	0.01037	0.16363	0.00885	0.00990	0.00656	0.00530	0.02880	0.00141	0.06407	0.00328	0.00286	0.04590

[dist]
# distance from previous block
# <min> <max>
0	1

[block]
# block no. 4 follows, 64 sequences, length 96
# corresponding to MSA columns:
# 958-1053
name=unknown_E
#
# <colnr> <probs for GDERKNQSTAVLIFYWHMCP>
#	G	D	E	R	K	N	Q	S	T	A	V	L	I	F	Y	W	H	M	C	P
0	0.01097	0.21380	0.26197	0.01136	0.08094	0.15821	0.06153	0.02859	0.02241	0.04605	0.04282	0.01045	0.00768	0.00432	0.00378	0.00118	0.00553	0.02053	0.00226	0.00563
1	0.00549	0.00410	0.00503	0.00508	0.00602	0.00371	0.00373	0.00695	0.01026	0.01385	0.42169	0.20602	0.24526	0.00996	0.00496	0.00142	0.00212	0.02071	0.01993	0.00369
2	0.01087	0.07020	0.04985	0.00836	0.00998	0.30954	0.00662	0.04336	0.02393	0.02245	0.00960	0.05805	0.00938	0.19694	0.04589	0.00210	0.08580	0.00421	0.02850	0.00437
3	0.17955	0.08465	0.01552	0.04042	0.40006	0.07439	0.10547	0.02913	0.00930	0.01409	0.00724	0.00919	0.00592	0.00378	0.00375	0.00123	0.00501	0.00335	0.00218	0.00577
4	0.01094	0.01172	0.01662	0.11460	0.44790	0.17000	0.14206	0.01334	0.00983	0.01253	0.00759	0.00998	0.00618	0.00383	0.00417	0.00125	0.00583	0.00370	0.00206	0.00586
5	0.01088	0.73437	0.02009	0.00732	0.01065	0.01549	0.00708	0.01294	0.06446	0.01044	0.00659	0.00744	0.00587	0.00383	0.00324	0.00095	0.03879	0.00246	0.00197	0.03514
6	0.00552	0.00421	0.00506	0.00489	0.00599	0.00376	0.00365	0.00712	0.01084	0.01457	0.52758	0.06177	0.31124	0.00935	0.00492	0.00135	0.00202	0.00809	0.00430	0.00376
7	0.03059	0.00741	0.02303	0.02035	0.00966	0.00765	0.00588	0.13558	0.25826	0.10914	0.10344	0.21930	0.03682	0.00760	0.00451	0.00142	0.00321	0.00651	0.00414	0.00549
8	0.02658	0.00401	0.00501	0.00558	0.00621	0.00371	0.00386	0.00672	0.00839	0.04818	0.04627	0.61257	0.14470	0.04027	0.00566	0.00169	0.00250	0.02065	0.00386	0.00358
9	0.01339	0.01128	0.09233	0.10534	0.04248	0.01102	0.03634	0.42099	0.11063	0.09775	0.01074	0.01108	0.00764	0.00479	0.00417	0.00130	0.00468	0.00386	0.00362	0.00657
10	0.04643	0.19446	0.05084	0.04474	0.10822	0.41112	0.00872	0.01423	0.01000	0.01094	0.00653	0.00802	0.00554	0.00457	0.01656	0.00120	0.04787	0.00281	0.00203	0.00514
11	0.00510	0.00370	0.00484	0.00573	0.00608	0.00343	0.00390	0.00589	0.00812	0.01071	0.02430	0.76336	0.08727	0.01277	0.00529	0.00167	0.00243	0.03815	0.00385	0.00340
12	0.02451	0.04067	0.16614	0.03203	0.15754	0.05921	0.04138	0.10794	0.15483	0.06026	0.05314	0.02716	0.04679	0.00506	0.00414	0.00129	0.00463	0.00426	0.00304	0.00599
13	0.05366	0.07984	0.01302	0.13136	0.05353	0.44234	0.02683	0.07117	0.01082	0.01195	0.00678	0.00841	0.00555	0.00440	0.00442	0.00119	0.06447	0.00301	0.00221	0.00505
14	0.00774	0.00387	0.00387	0.00387	0.00484	0.00387	0.00290	0.00968	0.00871	0.01549	0.01355	0.01549	0.01065	0.00484	0.00290	0.00097	0.00194	0.00387	0.87708	0.00387
15	0.00844	0.02728	0.02788	0.02080	0.05846	0.01795	0.00597	0.02753	0.36443	0.01460	0.12008	0.09015	0.09682	0.09365	0.00614	0.00165	0.00331	0.00597	0.00372	0.00517
16	0.00565	0.00424	0.00523	0.00498	0.00606	0.00382	0.00374	0.00739	0.01121	0.01536	0.63911	0.03316	0.22681	0.00898	0.00490	0.00133	0.00199	0.00781	0.00440	0.00382
17	0.07393	0.00952	0.13307	0.24256	0.15846	0.00847	0.02623	0.03099	0.05537	0.01298	0.05089	0.02867	0.02140	0.07532	0.05343	0.00186	0.00513	0.00423	0.00240	0.00507
18	0.00507	0.00385	0.00466	0.00523	0.00588	0.00345	0.00361	0.00595	0.00861	0.01108	0.07077	0.53334	0.28693	0.02445	0.00539	0.00161	0.00231	0.01051	0.00387	0.00343
19	0.00852	0.00931	0.08036	0.08244	0.12981	0.08319	0.08559	0.01086	0.03264	0.01151	0.01035	0.07475	0.00964	0.06246	0.18858	0.00266	0.04089	0.01937	0.01808	0.03897
20	0.88336	0.00803	0.00611	0.00546	0.00803	0.00932	0.00450	0.01221	0.00707	0.01864	0.00578	0.00675	0.00450	0.00386	0.00257	0.00129	0.00321	0.00225	0.00257	0.00450
21	0.01163	0.00999	0.01032	0.00885	0.01074	0.12258	0.00704	0.11174	0.24060	0.09247	0.07220	0.02435	0.02121	0.01808	0.00644	0.00142	0.18538	0.00432	0.00343	0.03719
22	0.01025	0.00708	0.00852	0.00657	0.00974	0.00580	0.00536	0.04826	0.00973	0.14175	0.01084	0.01419	0.00906	0.00452	0.00359	0.00091	0.00325	0.09375	0.04094	0.56589
23	0.36142	0.01068	0.00955	0.00785	0.01068	0.08805	0.00638	0.37531	0.03585	0.02101	0.00906	0.00944	0.02885	0.00464	0.00351	0.00125	0.00420	0.00321	0.00333	0.00572
24	0.01170	0.00960	0.01016	0.00873	0.01132	0.01097	0.00691	0.22119	0.61926	0.01959	0.01516	0.01411	0.01127	0.00547	0.00421	0.00137	0.00361	0.00446	0.00421	0.00670
25	0.00523	0.00382	0.00492	0.00549	0.00602	0.00351	0.00380	0.00628	0.00899	0.01206	0.20988	0.57595	0.11529	0.01171	0.00517	0.00157	0.00227	0.01049	0.00402	0.00351
26	0.00923	0.00958	0.01585	0.01264	0.01381	0.01197	0.23013	0.01086	0.00731	0.01090	0.00637	0.00980	0.00578	0.00667	0.02644	0.00179	0.60013	0.00400	0.00190	0.00482
27	0.00598	0.00429	0.00540	0.00592	0.00678	0.00400	0.00457	0.00720	0.00900	0.03088	0.06009	0.26466	0.23333	0.06958	0.00639	0.00182	0.00292	0.26977	0.00381	0.00361
28	0.01229	0.03312	0.01006	0.00820	0.01059	0.14274	0.00650	0.26514	0.16370	0.07185	0.16919	0.01650	0.06015	0.00595	0.00425	0.00126	0.00409	0.00474	0.00391	0.00576
29	0.05649	0.02673	0.01351	0.02988	0.13380	0.40102	0.07483	0.07049	0.01068	0.01243	0.00700	0.00891	0.00585	0.01742	0.00538	0.00129	0.11357	0.00325	0.00224	0.00522
30	0.00701	0.00439	0.00551	0.00577	0.00674	0.00403	0.00421	0.02498	0.00915	0.10372	0.03982	0.47587	0.18589	0.01097	0.00501	0.00156	0.00259	0.06326	0.03556	0.00395
31	0.01028	0.08264	0.08855	0.08592	0.28399	0.04062	0.06622	0.07187	0.06278	0.04407	0.04816	0.01315	0.06079	0.00474	0.00427	0.00127	0.01806	0.00415	0.00263	0.00583
32	0.06447	0.08090	0.03407	0.04669	0.05484	0.44374	0.14573	0.02604	0.01059	0.03087	0.00707	0.00855	0.00567	0.00411	0.00402	0.00117	0.02096	0.00316	0.00220	0.00516
33	0.00865	0.00475	0.00484	0.00452	0.00575	0.00489	0.00347	0.10077	0.00994	0.01670	0.01315	0.01486	0.01024	0.00486	0.00305	0.00100	0.00223	0.00386	0.77825	0.00423
34	0.00848	0.00769	0.01086	0.08825	0.11607	0.00821	0.09309	0.01401	0.30416	0.01401	0.04850	0.09656	0.13462	0.01945	0.00489	0.00145	0.01509	0.00589	0.00337	0.00534
35	0.00544	0.00417	0.00488	0.00479	0.00583	0.00372	0.00350	0.00681	0.01016	0.01342	0.39558	0.08567	0.35855	0.07169	0.00612	0.00157	0.00220	0.00819	0.00408	0.00361
36	0.00541	0.00395	0.00520	0.03991	0.00685	0.00384	0.00408	0.00623	0.00788	0.01045	0.04059	0.57210	0.07535	0.13035	0.04201	0.00219	0.00314	0.03359	0.00354	0.00335
37	0.00973	0.00650	0.00712	0.00624	0.00800	0.00680	0.00487	0.21292	0.09218	0.04650	0.13279	0.08075	0.07461	0.00652	0.00401	0.00123	0.00284	0.00541	0.28600	0.00500
38	0.88336	0.00803	0.00611	0.00546	0.00803	0.00932	0.00450	0.01221	0.00707	0.01864	0.00578	0.00675	0.00450	0.00386	0.00257	0.00129	0.00321	0.00225	0.00257	0.00450
39	0.00884	0.00724	0.00852	0.00616	0.00972	0.00549	0.00492	0.01068	0.00885	0.04121	0.04120	0.00972	0.00764	0.00337	0.00319	0.00067	0.00305	0.00273	0.00264	0.81417
40	0.00603	0.00456	0.00560	0.00529	0.00643	0.00430	0.00398	0.00852	0.06726	0.01584	0.64440	0.03139	0.16354	0.00862	0.00485	0.00133	0.00207	0.00752	0.00443	0.00404
41	0.01424	0.00938	0.01054	0.00851	0.01140	0.01007	0.00690	0.35558	0.24781	0.20288	0.04784	0.01390	0.01099	0.00543	0.00422	0.00131	0.00384	0.01581	0.00439	0.01496
42	0.01140	0.00999	0.01116	0.23447	0.01628	0.07268	0.00835	0.21443	0.34260	0.01719	0.01183	0.01234	0.00881	0.00497	0.00415	0.00134	0.00453	0.00404	0.00341	0.00603
43	0.01555	0.01149	0.01234	0.00944	0.01278	0.01263	0.00779	0.78717	0.01916	0.02575	0.00989	0.00993	0.00703	0.00492	0.00412	0.00123	0.00452	0.00370	0.00410	0.03646
44	0.00560	0.00416	0.00513	0.00502	0.00596	0.00378	0.00367	0.00713	0.01055	0.01439	0.53151	0.11415	0.20309	0.06021	0.00592	0.00153	0.00216	0.00812	0.00423	0.00369
45	0.00599	0.00402	0.00462	0.00470	0.00475	0.00401	0.00272	0.00610	0.00625	0.00833	0.01389	0.07965	0.01604	0.77362	0.02783	0.00386	0.00399	0.02439	0.00263	0.00261
46	0.01091	0.00535	0.00688	0.00598	0.00792	0.00469	0.00468	0.01237	0.01082	0.35530	0.20212	0.11715	0.21211	0.00811	0.00465	0.00137	0.00273	0.01724	0.00455	0.00508
47	0.00972	0.35149	0.38807	0.00981	0.01407	0.03576	0.01111	0.01258	0.00843	0.01134	0.00652	0.00794	0.00531	0.00420	0.00461	0.00120	0.10767	0.00279	0.00178	0.00559
48	0.06180	0.25204	0.01509	0.03505	0.12823	0.29569	0.02645	0.02349	0.02687	0.01139	0.00690	0.00862	0.00596	0.02176	0.01762	0.00127	0.05153	0.00295	0.00210	0.00519
49	0.00753	0.00387	0.00398	0.00402	0.00495	0.00384	0.00299	0.00939	0.00875	0.01522	0.03673	0.06617	0.01245	0.00543	0.00310	0.00102	0.00196	0.00445	0.80029	0.00384
50	0.01051	0.04826	0.15218	0.04103	0.13256	0.08385	0.00916	0.12601	0.20036	0.01524	0.02497	0.02231	0.07332	0.01661	0.00456	0.00134	0.02460	0.00425	0.00299	0.00587
51	0.03314	0.24454	0.12832	0.05586	0.01372	0.36969	0.01872	0.02414	0.01000	0.02232	0.00659	0.00786	0.00543	0.00415	0.00391	0.00112	0.04052	0.00275	0.00204	0.00518
52	0.01013	0.00631	0.00657	0.00570	0.00740	0.00673	0.00449	0.23474	0.05545	0.01857	0.01273	0.01395	0.00976	0.00492	0.00332	0.00107	0.00274	0.00388	0.58661	0.00491
53	0.01013	0.05533	0.01142	0.02350	0.20010	0.01828	0.01473	0.06234	0.32808	0.04793	0.12787	0.03249	0.03848	0.00565	0.00424	0.00131	0.00369	0.00487	0.00357	0.00597
54	0.00550	0.00392	0.00467	0.00509	0.00545	0.00371	0.00331	0.00602	0.00748	0.00974	0.02196	0.35571	0.15071	0.35431	0.01169	0.00260	0.00307	0.03870	0.00331	0.00306
55	0.01137	0.00639	0.00795	0.00672	0.00868	0.01923	0.00534	0.09124	0.03103	0.28327	0.31499	0.02106	0.05570	0.00860	0.06720	0.00171	0.02705	0.00555	0.02158	0.00532
56	0.00628	0.00445	0.00529	0.00530	0.00611	0.00426	0.00370	0.00793	0.06055	0.03804	0.21696	0.19588	0.17328	0.22581	0.00909	0.00212	0.00278	0.02478	0.00375	0.00364
57	0.03525	0.00716	0.00957	0.00733	0.01055	0.00624	0.00605	0.03058	0.01177	0.77185	0.01574	0.01372	0.00996	0.00503	0.00410	0.00126	0.00352	0.00407	0.00497	0.04128
58	0.00774	0.00387	0.00387	0.00387	0.00484	0.00387	0.00290	0.00968	0.00871	0.01549	0.01355	0.01549	0.01065	0.00484	0.00290	0.00097	0.00194	0.00387	0.87708	0.00387
59	0.00975	0.01105	0.02363	0.01701	0.02090	0.01067	0.75274	0.01306	0.00955	0.01306	0.00818	0.01105	0.00624	0.00378	0.00556	0.00143	0.06995	0.00481	0.00208	0.00552
60	0.00980	0.01120	0.02451	0.01751	0.02171	0.01050	0.81303	0.01331	0.00980	0.01331	0.00840	0.01120	0.00630	0.00350	0.00490	0.00140	0.00700	0.00490	0.00210	0.00560
61	0.00516	0.00368	0.00490	0.00581	0.00609	0.00345	0.00393	0.00593	0.00804	0.01073	0.03922	0.78585	0.02729	0.03282	0.00568	0.00174	0.00249	0.03996	0.00384	0.00338
62	0.00784	0.00738	0.01246	0.84404	0.02861	0.00923	0.01154	0.01061	0.00831	0.01061	0.00738	0.01107	0.00554	0.00415	0.00415	0.00138	0.00554	0.00369	0.00185	0.00461
63	0.00564	0.00399	0.00506	0.00560	0.00624	0.00374	0.00408	0.00682	0.00895	0.01214	0.15019	0.41361	0.12558	0.04400	0.00571	0.00167	0.00254	0.12666	0.06423	0.00354
64	0.00909	0.00909	0.01272	0.01091	0.01091	0.01272	0.00909	0.01000	0.00636	0.01000	0.00545	0.00909	0.00545	0.00727	0.01363	0.00182	0.84642	0.00364	0.00182	0.00454
65	0.01360	0.01184	0.03501	0.10158	0.01457	0.09937	0.02410	0.46822	0.13402	0.02048	0.01012	0.01061	0.00743	0.00491	0.00436	0.00129	0.02484	0.00376	0.00354	0.00637
66	0.01468	0.01108	0.01184	0.00933	0.01246	0.01236	0.00763	0.65370	0.18190	0.02439	0.01138	0.01109	0.00820	0.00512	0.00417	0.00128	0.00431	0.00393	0.00417	0.00696
67	0.01031	0.01077	0.07285	0.07798	0.11809	0.09820	0.04642	0.08478	0.24859	0.01481	0.03829	0.05607	0.02966	0.00563	0.00481	0.00137	0.05234	0.02024	0.00308	0.00571
68	0.03334	0.20784	0.01520	0.01174	0.13006	0.19369	0.03962	0.15776	0.01124	0.04144	0.00803	0.00925	0.02048	0.00459	0.00477	0.00120	0.09836	0.00325	0.00251	0.00564
69	0.00843	0.00525	0.00555	0.00513	0.00650	0.00544	0.00394	0.09164	0.09602	0.01662	0.11128	0.02824	0.05698	0.00577	0.00354	0.00111	0.00236	0.00473	0.53702	0.00446
70	0.01076	0.35460	0.02794	0.14110	0.02278	0.08756	0.05343	0.05085	0.12891	0.01223	0.00867	0.00986	0.01651	0.00435	0.00394	0.00116	0.03930	0.00327	0.01738	0.00539
71	0.00535	0.00416	0.00454	0.00457	0.00552	0.00371	0.00322	0.00627	0.00887	0.01115	0.13341	0.07280	0.47696	0.21225	0.00883	0.00204	0.00260	0.02681	0.00363	0.00332
72	0.00602	0.00457	0.00681	0.00676	0.00747	0.00538	0.00526	0.00747	0.00666	0.00963	0.01100	0.01630	0.01032	0.04408	0.80114	0.00650	0.03426	0.00445	0.00222	0.00371
73	0.00519	0.00381	0.00482	0.00557	0.00609	0.00350	0.00389	0.00609	0.00842	0.01102	0.04286	0.62306	0.17542	0.01225	0.00521	0.00163	0.00242	0.05931	0.01599	0.00344
74	0.00917	0.00917	0.01255	0.01130	0.04781	0.03174	0.00896	0.01012	0.00662	0.01008	0.00590	0.00984	0.00590	0.04170	0.01327	0.00186	0.75386	0.00371	0.00186	0.00456
75	0.00588	0.00425	0.00555	0.00523	0.00621	0.00392	0.00392	0.00784	0.01176	0.01666	0.82592	0.03103	0.03919	0.00849	0.00490	0.00131	0.00196	0.00751	0.00457	0.00392
76	0.01033	0.00892	0.00939	0.00845	0.01080	0.01033	0.00657	0.02207	0.82061	0.01738	0.01691	0.01550	0.01268	0.00564	0.00423	0.00141	0.00329	0.00470	0.00423	0.00657
77	0.01416	0.01028	0.01096	0.00864	0.01155	0.01137	0.00706	0.62929	0.08839	0.02387	0.01109	0.01125	0.00807	0.00502	0.00398	0.00122	0.00408	0.00384	0.12930	0.00656
78	0.00848	0.00804	0.01361	0.62899	0.23865	0.00940	0.01185	0.01117	0.00861	0.01139	0.00750	0.01087	0.00581	0.00403	0.00414	0.00134	0.00538	0.00369	0.00190	0.00513
79	0.13007	0.00743	0.00919	0.00717	0.01027	0.00690	0.00590	0.06116	0.02643	0.62495	0.01432	0.01282	0.00927	0.00490	0.00391	0.00126	0.00350	0.00385	0.02034	0.03637
80	0.00491	0.00421	0.00421	0.00421	0.00561	0.00351	0.00316	0.00596	0.00947	0.01122	0.04208	0.03997	0.82643	0.01052	0.00491	0.00140	0.00210	0.00877	0.00386	0.00351
81	0.00521	0.00428	0.00462	0.00469	0.00600	0.00369	0.00363	0.00644	0.00971	0.01190	0.11779	0.03985	0.65833	0.01042	0.00500	0.00145	0.00228	0.09720	0.00392	0.00358
82	0.00833	0.02149	0.83250	0.01184	0.01798	0.00965	0.01535	0.01315	0.00877	0.01315	0.00745	0.00877	0.00526	0.00395	0.00395	0.00132	0.00614	0.00307	0.00175	0.00614
83	0.01092	0.79348	0.05465	0.00743	0.01097	0.01603	0.00751	0.01238	0.00838	0.00992	0.00583	0.00683	0.00533	0.00370	0.00309	0.00094	0.03318	0.00230	0.00178	0.00534
84	0.00975	0.00599	0.00621	0.00549	0.00709	0.00638	0.00430	0.19285	0.06945	0.01804	0.01298	0.01424	0.00998	0.00493	0.00328	0.00106	0.00263	0.00390	0.61666	0.00479
85	0.01164	0.01049	0.01256	0.02965	0.20292	0.09128	0.04799	0.14791	0.30093	0.03596	0.02705	0.02240	0.00983	0.00503	0.00433	0.00132	0.01464	0.01448	0.00334	0.00626
86	0.09703	0.08578	0.10456	0.08175	0.18271	0.18856	0.10552	0.04447	0.00975	0.01302	0.00711	0.00896	0.00571	0.00408	0.00428	0.00124	0.04457	0.00328	0.00213	0.00549
87	0.00512	0.00420	0.00451	0.00446	0.00575	0.00359	0.00333	0.00636	0.00992	0.01236	0.20795	0.05707	0.64068	0.01015	0.00492	0.00139	0.00208	0.00857	0.00401	0.00359
88	0.13373	0.02400	0.10317	0.36389	0.06337	0.02042	0.07176	0.03337	0.00860	0.02445	0.00817	0.01188	0.00667	0.06520	0.01239	0.00158	0.01205	0.01681	0.01359	0.00489
89	0.00631	0.00469	0.00544	0.00527	0.00608	0.00464	0.00366	0.00852	0.10140	0.01264	0.29671	0.05020	0.13149	0.31705	0.01078	0.00234	0.00293	0.02255	0.00366	0.00364
90	0.09506	0.00715	0.00933	0.00722	0.01038	0.00639	0.00596	0.01953	0.01146	0.75919	0.01545	0.01348	0.00977	0.00503	0.00404	0.00129	0.00351	0.00401	0.00491	0.00684
91	0.00899	0.02130	0.07820	0.00692	0.01073	0.00613	0.02338	0.01111	0.00887	0.04725	0.03054	0.00951	0.00716	0.00340	0.00328	0.00074	0.00343	0.00277	0.00255	0.71375
92	0.00710	0.00539	0.00706	0.00684	0.00776	0.03948	0.00527	0.03534	0.00746	0.03809	0.01119	0.01630	0.01034	0.07631	0.69931	0.00592	0.01008	0.00444	0.00240	0.00391
93	0.01440	0.01744	0.01112	0.01003	0.01218	0.67424	0.00758	0.05655	0.06971	0.01175	0.03671	0.01032	0.04073	0.00481	0.00389	0.00112	0.00663	0.00329	0.00254	0.00497
94	0.02812	0.00585	0.00628	0.00632	0.00686	0.10117	0.00447	0.00750	0.00706	0.00917	0.01170	0.17762	0.01245	0.10096	0.21544	0.28229	0.00571	0.00552	0.00244	0.00307
95	0.01060	0.13773	0.06373	0.06729	0.07419	0.05838	0.01928	0.17916	0.08493	0.02211	0.01248	0.01397	0.08834	0.01831	0.07123	0.00174	0.05495	0.01326	0.00285	0.00548

[dist]
# distance from previous block
# <min> <max>
1	45

[block]
# block no. 5 follows, 64 sequences, length 26
# corresponding to MSA columns:
# 1099-1124
name=unknown_F
#
# <colnr> <probs for GDERKNQSTAVLIFYWHMCP>
#	G	D	E	R	K	N	Q	S	T	A	V	L	I	F	Y	W	H	M	C	P
0	0.00990	0.29350	0.29764	0.00974	0.04571	0.01116	0.03175	0.03159	0.04905	0.05218	0.03541	0.01208	0.03248	0.00460	0.00369	0.00118	0.00480	0.03755	0.00239	0.03359
1	0.02792	0.07056	0.17765	0.01348	0.21068	0.13372	0.03539	0.10000	0.01075	0.05863	0.03602	0.04499	0.03812	0.00488	0.00419	0.00125	0.01938	0.00399	0.00261	0.00579
