[name]
unknown

[dist]
# distance from previous block
# <min> <max>
0	73

[block]
# block no. 0 follows, 54 sequences, length 25
# corresponding to MSA columns:
# 73-88,90-98
name=unknown_A
#
# <colnr> <probs for GDERKNQSTAVLIFYWHMCP>
#	G	D	E	R	K	N	Q	S	T	A	V	L	I	F	Y	W	H	M	C	P
0	0.03843	0.00564	0.00769	0.00859	0.00982	0.00566	0.00749	0.01036	0.01084	0.04108	0.02410	0.05033	0.02584	0.01248	0.00633	0.00212	0.00431	0.72006	0.00434	0.00449
1	0.01261	0.01018	0.01091	0.00877	0.01223	0.03810	0.00696	0.12556	0.30665	0.06740	0.01343	0.01326	0.01016	0.00507	0.00425	0.00120	0.00403	0.00407	0.00398	0.34117
2	0.00890	0.00838	0.01414	0.82296	0.03247	0.01048	0.01309	0.01205	0.00943	0.01205	0.00838	0.01257	0.00629	0.00471	0.00471	0.00157	0.00629	0.00419	0.00210	0.00524
3	0.01167	0.01120	0.01914	0.02894	0.80488	0.01120	0.01447	0.01447	0.01074	0.01540	0.00887	0.01167	0.00747	0.00420	0.00467	0.00140	0.00560	0.00420	0.00233	0.00747
4	0.00574	0.00410	0.00547	0.00657	0.00684	0.00383	0.00438	0.00657	0.00903	0.01204	0.02599	0.83122	0.03119	0.01477	0.00602	0.00191	0.00274	0.01340	0.00438	0.00383
5	0.00940	0.00759	0.03914	0.00780	0.00953	0.00722	0.00611	0.22706	0.01341	0.01797	0.11272	0.40584	0.09530	0.01096	0.00550	0.00168	0.00350	0.00957	0.00447	0.00521
6	0.01153	0.01107	0.01889	0.06764	0.76723	0.01117	0.01440	0.01435	0.01067	0.01524	0.00885	0.01171	0.00741	0.00423	0.00467	0.00141	0.00563	0.00420	0.00232	0.00736
7	0.00686	0.00457	0.00514	0.00514	0.00514	0.00457	0.00286	0.00686	0.00686	0.00914	0.01486	0.03086	0.01714	0.83430	0.02400	0.00457	0.00457	0.00686	0.00286	0.00286
8	0.00586	0.00420	0.00558	0.00648	0.00687	0.00391	0.00439	0.00687	0.00959	0.01293	0.12659	0.72807	0.03291	0.01411	0.00596	0.00186	0.00267	0.01277	0.00448	0.00391
9	0.00567	0.00478	0.00491	0.00488	0.00643	0.00402	0.00366	0.00695	0.01097	0.01328	0.11382	0.04449	0.73658	0.01174	0.00557	0.00158	0.00237	0.00983	0.00445	0.00402
10	0.00582	0.00431	0.00541	0.00614	0.00673	0.00393	0.00420	0.00682	0.00969	0.01272	0.10070	0.59220	0.17611	0.03388	0.00633	0.00188	0.00267	0.01215	0.00441	0.00389
11	0.00686	0.00457	0.00514	0.00514	0.00514	0.00457	0.00286	0.00686	0.00686	0.00914	0.01486	0.03086	0.01714	0.83430	0.02400	0.00457	0.00457	0.00686	0.00286	0.00286
12	0.01240	0.78514	0.07493	0.00841	0.01263	0.01816	0.00867	0.01417	0.00960	0.01134	0.00668	0.00772	0.00605	0.00406	0.00312	0.00104	0.00517	0.00258	0.00202	0.00611
13	0.01761	0.02247	0.01336	0.01215	0.01458	0.81537	0.00911	0.01883	0.01336	0.01154	0.00729	0.00850	0.00607	0.00486	0.00425	0.00121	0.00850	0.00304	0.00243	0.00547
14	0.01241	0.01045	0.01105	0.00967	0.01251	0.01192	0.00759	0.11546	0.68267	0.02079	0.01796	0.01663	0.01343	0.00623	0.00475	0.00155	0.00390	0.00513	0.00473	0.03116
15	0.01777	0.01784	0.01376	0.01150	0.01460	0.41546	0.00904	0.40355	0.01776	0.02062	0.00930	0.00991	0.00704	0.00526	0.00448	0.00131	0.00685	0.00364	0.00357	0.00674
16	0.00574	0.00410	0.00547	0.00657	0.00684	0.00383	0.00438	0.00657	0.00903	0.01204	0.02599	0.83122	0.03119	0.01477	0.00602	0.00191	0.00274	0.01340	0.00438	0.00383
17	0.00580	0.00415	0.00552	0.00653	0.00685	0.00387	0.00438	0.00671	0.00930	0.01247	0.07507	0.78090	0.03203	0.01445	0.00599	0.00189	0.00270	0.01310	0.00443	0.00387
18	0.00674	0.00505	0.00758	0.00758	0.00842	0.00589	0.00589	0.00842	0.00758	0.01095	0.01263	0.01852	0.01179	0.03536	0.81561	0.00758	0.01263	0.00505	0.00253	0.00421
19	0.00686	0.00457	0.00514	0.00514	0.00514	0.00457	0.00286	0.00686	0.00686	0.00914	0.01486	0.03086	0.01714	0.83430	0.02400	0.00457	0.00457	0.00686	0.00286	0.00286
20	0.00978	0.00838	0.00978	0.00698	0.01117	0.00629	0.00559	0.01187	0.00978	0.01536	0.00838	0.00978	0.00698	0.00349	0.00349	0.00070	0.00349	0.00279	0.00279	0.86312
21	0.86760	0.00912	0.00693	0.00620	0.00912	0.01058	0.00511	0.01386	0.00802	0.02115	0.00657	0.00766	0.00511	0.00438	0.00292	0.00146	0.00365	0.00255	0.00292	0.00511
22	0.01090	0.01204	0.02406	0.01777	0.02120	0.01263	0.56932	0.01405	0.01003	0.01405	0.00860	0.01204	0.00688	0.00518	0.00835	0.00172	0.23770	0.00516	0.00229	0.00602
23	0.00685	0.00460	0.00530	0.00530	0.00535	0.00465	0.00305	0.00696	0.00690	0.00926	0.01472	0.03008	0.01680	0.78379	0.07404	0.00476	0.00508	0.00674	0.00284	0.00294
24	0.00574	0.00410	0.00547	0.00657	0.00684	0.00383	0.00438	0.00657	0.00903	0.01204	0.02599	0.83122	0.03119	0.01477	0.00602	0.00191	0.00274	0.01340	0.00438	0.00383

[dist]
# distance from previous block
# <min> <max>
1	1

[block]
# block no. 1 follows, 54 sequences, length 29
# corresponding to MSA columns:
# 105-133
name=unknown_B
#
# <colnr> <probs for GDERKNQSTAVLIFYWHMCP>
#	G	D	E	R	K	N	Q	S	T	A	V	L	I	F	Y	W	H	M	C	P
0	0.86760	0.00912	0.00693	0.00620	0.00912	0.01058	0.00511	0.01386	0.00802	0.02115	0.00657	0.00766	0.00511	0.00438	0.00292	0.00146	0.00365	0.00255	0.00292	0.00511
1	0.00920	0.00868	0.01467	0.73944	0.11372	0.01055	0.01324	0.01230	0.00957	0.01240	0.00843	0.01248	0.00641	0.00466	0.00471	0.00155	0.00621	0.00419	0.00212	0.00547
2	0.00667	0.00482	0.00630	0.00593	0.00704	0.00445	0.00445	0.00890	0.01335	0.01891	0.80239	0.03522	0.04449	0.00964	0.00556	0.00148	0.00222	0.00853	0.00519	0.00445
3	0.00574	0.00410	0.00547	0.00657	0.00684	0.00383	0.00438	0.00657	0.00903	0.01204	0.02599	0.83122	0.03119	0.01477	0.00602	0.00191	0.00274	0.01340	0.00438	0.00383
4	0.00606	0.00470	0.00556	0.00590	0.00702	0.00420	0.00442	0.00746	0.01080	0.01383	0.17428	0.23655	0.38436	0.01235	0.00579	0.00172	0.00268	0.10371	0.00452	0.00407
5	0.00961	0.02332	0.73804	0.01403	0.02080	0.01104	0.08817	0.01495	0.01006	0.01495	0.00856	0.01021	0.00608	0.00443	0.00458	0.00150	0.00706	0.00368	0.00203	0.00691
6	0.00574	0.00410	0.00547	0.00657	0.00684	0.00383	0.00438	0.00657	0.00903	0.01204	0.02599	0.83122	0.03119	0.01477	0.00602	0.00191	0.00274	0.01340	0.00438	0.00383
7	0.01143	0.21909	0.09412	0.01775	0.14001	0.01341	0.40815	0.01475	0.01058	0.01413	0.00860	0.01103	0.00682	0.00407	0.00470	0.00141	0.00678	0.00442	0.00225	0.00650
8	0.03309	0.63799	0.12262	0.00910	0.01310	0.01710	0.00938	0.01396	0.00937	0.01185	0.00676	0.00812	0.00603	0.00449	0.00435	0.00118	0.08062	0.00279	0.00204	0.00606
9	0.01149	0.47885	0.34381	0.01039	0.01556	0.04248	0.01191	0.01461	0.00986	0.01267	0.00736	0.00857	0.00602	0.00424	0.00366	0.00121	0.00594	0.00293	0.00202	0.00640
10	0.01408	0.00960	0.01073	0.00929	0.01220	0.01053	0.00733	0.02454	0.60115	0.21633	0.01904	0.01721	0.01371	0.00626	0.00478	0.00156	0.00380	0.00518	0.00506	0.00760
11	0.00903	0.00764	0.00962	0.00742	0.01078	0.00628	0.02468	0.01105	0.00929	0.01428	0.00976	0.03007	0.00862	0.01099	0.18808	0.00231	0.00566	0.00361	0.00276	0.62806
12	0.01356	0.00656	0.00866	0.00721	0.00955	0.00593	0.00572	0.04366	0.01373	0.37230	0.42298	0.02577	0.02848	0.00779	0.00516	0.00147	0.00313	0.00668	0.00546	0.00618
13	0.00878	0.00637	0.00764	0.00763	0.00878	0.00652	0.00552	0.20172	0.01230	0.01644	0.02233	0.62677	0.02541	0.01250	0.00569	0.00179	0.00335	0.01112	0.00446	0.00487
14	0.78956	0.00949	0.00759	0.00663	0.00962	0.01095	0.00546	0.08507	0.00932	0.02194	0.00700	0.00800	0.00537	0.00449	0.00308	0.00145	0.00379	0.00271	0.00308	0.00537
15	0.00574	0.00412	0.00545	0.00651	0.00682	0.00383	0.00435	0.00657	0.00908	0.01206	0.02667	0.80677	0.05520	0.01468	0.00600	0.00190	0.00272	0.01330	0.00438	0.00383
16	0.01034	0.01039	0.01487	0.01262	0.01277	0.01436	0.03538	0.01147	0.00735	0.01147	0.00630	0.01039	0.00622	0.00811	0.01515	0.00205	0.79930	0.00417	0.00207	0.00520
17	0.00686	0.00457	0.00514	0.00514	0.00514	0.00457	0.00286	0.00686	0.00686	0.00914	0.01486	0.03086	0.01714	0.83430	0.02400	0.00457	0.00457	0.00686	0.00286	0.00286
18	0.01099	0.01143	0.01434	0.01236	0.01258	0.08800	0.01020	0.01203	0.00778	0.01136	0.00629	0.01015	0.00618	0.00794	0.01444	0.00199	0.75062	0.00403	0.00210	0.00519
19	0.00667	0.00482	0.00630	0.00593	0.00704	0.00445	0.00445	0.00890	0.01335	0.01891	0.80239	0.03522	0.04449	0.00964	0.00556	0.00148	0.00222	0.00853	0.00519	0.00445
20	0.00639	0.00486	0.00592	0.00580	0.00707	0.00438	0.00445	0.00827	0.01226	0.01643	0.48179	0.04022	0.29337	0.01071	0.00565	0.00158	0.00247	0.07922	0.00484	0.00428
21	0.86760	0.00912	0.00693	0.00620	0.00912	0.01058	0.00511	0.01386	0.00802	0.02115	0.00657	0.00766	0.00511	0.00438	0.00292	0.00146	0.00365	0.00255	0.00292	0.00511
22	0.00946	0.02439	0.80987	0.01344	0.02041	0.01095	0.01742	0.01493	0.00995	0.01493	0.00846	0.00995	0.00597	0.00448	0.00448	0.00149	0.00697	0.00348	0.00199	0.00697
23	0.82035	0.00886	0.00679	0.00610	0.00892	0.01024	0.00501	0.01370	0.00813	0.02096	0.00705	0.00821	0.00549	0.00444	0.00294	0.00144	0.00357	0.00265	0.05010	0.00507
24	0.00667	0.00482	0.00630	0.00593	0.00704	0.00445	0.00445	0.00890	0.01335	0.01891	0.80239	0.03522	0.04449	0.00964	0.00556	0.00148	0.00222	0.00853	0.00519	0.00445
25	0.00662	0.00482	0.00622	0.00587	0.00701	0.00442	0.00440	0.00879	0.01321	0.01859	0.76304	0.03575	0.08404	0.00976	0.00556	0.00149	0.00223	0.00860	0.00515	0.00442
26	0.00928	0.00892	0.01550	0.70110	0.05945	0.01066	0.08416	0.01272	0.02815	0.01263	0.00876	0.01267	0.00660	0.00467	0.00479	0.00157	0.00635	0.00434	0.00219	0.00547
27	0.02423	0.00569	0.00688	0.00652	0.00786	0.02956	0.00486	0.01048	0.01229	0.11473	0.48014	0.19562	0.06270	0.01006	0.00547	0.00156	0.00277	0.00884	0.00495	0.00479
28	0.20003	0.00898	0.01306	0.53502	0.10711	0.01070	0.01134	0.03575	0.00963	0.01494	0.00812	0.01135	0.00620	0.00461	0.00431	0.00152	0.00560	0.00383	0.00238	0.00552

[dist]
# distance from previous block
# <min> <max>
4	6

[block]
# block no. 2 follows, 54 sequences, length 20
# corresponding to MSA columns:
# 140-159
name=unknown_C
#
# <colnr> <probs for GDERKNQSTAVLIFYWHMCP>
#	G	D	E	R	K	N	Q	S	T	A	V	L	I	F	Y	W	H	M	C	P
0	0.07330	0.00844	0.01360	0.76171	0.03072	0.01048	0.01250	0.01218	0.00932	0.01273	0.00824	0.01220	0.00620	0.00469	0.00458	0.00156	0.00609	0.00407	0.00216	0.00523
1	0.00831	0.00653	0.00757	0.00699	0.00869	0.00658	0.00530	0.05459	0.18850	0.01801	0.37253	0.11961	0.12486	0.00930	0.00531	0.00154	0.00285	0.00807	0.00479	0.04006
2	0.00775	0.00542	0.00768	0.00746	0.00843	0.00611	0.00570	0.03813	0.00828	0.04381	0.01308	0.01956	0.01225	0.12413	0.66201	0.00676	0.01108	0.00521	0.00278	0.00435
3	0.01246	0.79955	0.06101	0.00832	0.01249	0.01830	0.00850	0.01416	0.00960	0.01127	0.00664	0.00767	0.00605	0.00405	0.00309	0.00103	0.00513	0.00257	0.00202	0.00609
4	0.01089	0.01041	0.01773	0.25231	0.58759	0.01100	0.01408	0.01379	0.01037	0.01446	0.00873	0.01192	0.00714	0.00435	0.00468	0.00145	0.00579	0.00420	0.00227	0.00684
5	0.00946	0.02439	0.80987	0.01344	0.02041	0.01095	0.01742	0.01493	0.00995	0.01493	0.00846	0.00995	0.00597	0.00448	0.00448	0.00149	0.00697	0.00348	0.00199	0.00697
6	0.01765	0.02129	0.01346	0.01198	0.01458	0.71325	0.00909	0.11706	0.01448	0.01386	0.00780	0.00886	0.00632	0.00496	0.00431	0.00124	0.00808	0.00319	0.00272	0.00579
7	0.00674	0.00505	0.00758	0.00758	0.00842	0.00589	0.00589	0.00842	0.00758	0.01095	0.01263	0.01852	0.01179	0.03536	0.81561	0.00758	0.01263	0.00505	0.00253	0.00421
8	0.00557	0.00478	0.00478	0.00478	0.00637	0.00398	0.00358	0.00677	0.01075	0.01274	0.04776	0.04538	0.80297	0.01194	0.00557	0.00159	0.00239	0.00995	0.00438	0.00398
9	0.01261	0.83713	0.02471	0.00807	0.01210	0.01866	0.00807	0.01412	0.00958	0.01109	0.00656	0.00756	0.00605	0.00403	0.00303	0.00101	0.00504	0.00252	0.00202	0.00605
10	0.00686	0.00457	0.00514	0.00514	0.00514	0.00457	0.00286	0.00686	0.00686	0.00914	0.01486	0.03086	0.01714	0.83430	0.02400	0.00457	0.00457	0.00686	0.00286	0.00286
11	0.00909	0.00857	0.01449	0.76832	0.08563	0.01053	0.01319	0.01221	0.00952	0.01228	0.00841	0.01251	0.00637	0.00468	0.00471	0.00156	0.00624	0.00419	0.00211	0.00539
12	0.00753	0.00538	0.00751	0.00860	0.00965	0.00536	0.00747	0.00964	0.01078	0.01403	0.02500	0.08362	0.02729	0.01309	0.00649	0.00216	0.00428	0.74343	0.00434	0.00432
13	0.00890	0.00838	0.01414	0.82296	0.03247	0.01048	0.01309	0.01205	0.00943	0.01205	0.00838	0.01257	0.00629	0.00471	0.00471	0.00157	0.00629	0.00419	0.00210	0.00524
14	0.00574	0.00410	0.00547	0.00657	0.00684	0.00383	0.00438	0.00657	0.00903	0.01204	0.02599	0.83122	0.03119	0.01477	0.00602	0.00191	0.00274	0.01340	0.00438	0.00383
15	0.00574	0.00410	0.00547	0.00657	0.00684	0.00383	0.00438	0.00657	0.00903	0.01204	0.02599	0.83122	0.03119	0.01477	0.00602	0.00191	0.00274	0.01340	0.00438	0.00383
16	0.86760	0.00912	0.00693	0.00620	0.00912	0.01058	0.00511	0.01386	0.00802	0.02115	0.00657	0.00766	0.00511	0.00438	0.00292	0.00146	0.00365	0.00255	0.00292	0.00511
17	0.01033	0.25092	0.59103	0.01194	0.01809	0.01310	0.01481	0.01471	0.00985	0.01386	0.00793	0.00929	0.00599	0.00436	0.00407	0.00136	0.00643	0.00322	0.00200	0.00671
18	0.01065	0.00823	0.00968	0.00724	0.01087	0.00678	0.00579	0.08269	0.01168	0.06120	0.13686	0.01436	0.01337	0.00481	0.00401	0.00093	0.00347	0.00396	0.00352	0.59990
19	0.59894	0.22567	0.05451	0.00707	0.01050	0.01270	0.00654	0.01398	0.00853	0.01820	0.00666	0.00776	0.00540	0.00429	0.00303	0.00134	0.00419	0.00259	0.00263	0.00545

[dist]
# distance from previous block
# <min> <max>
1	2

[block]
# block no. 3 follows, 54 sequences, length 10
# corresponding to MSA columns:
# 162-171
name=unknown_D
#
# <colnr> <probs for GDERKNQSTAVLIFYWHMCP>
#	G	D	E	R	K	N	Q	S	T	A	V	L	I	F	Y	W	H	M	C	P
0	0.42661	0.00927	0.02976	0.00755	0.01093	0.00922	0.00637	0.05127	0.03124	0.32226	0.01183	0.01143	0.00809	0.00501	0.00381	0.00143	0.00394	0.00357	0.00413	0.04229
1	0.01079	0.00869	0.01006	0.00742	0.01143	0.00710	0.00594	0.04014	0.08196	0.05489	0.00996	0.01085	0.00792	0.00394	0.00371	0.00084	0.00360	0.00317	0.00319	0.71439
2	0.01162	0.00818	0.00943	0.00834	0.01039	0.00859	0.00642	0.28185	0.08660	0.06898	0.14227	0.29585	0.02249	0.00948	0.00530	0.00162	0.00368	0.00818	0.00475	0.00598
3	0.00759	0.00606	0.00731	0.00653	0.00861	0.00515	0.00495	0.00969	0.03601	0.01522	0.20692	0.20991	0.11655	0.00902	0.00498	0.00136	0.00293	0.03968	0.00404	0.29747
4	0.00701	0.01103	0.28007	0.00891	0.01147	0.00626	0.00883	0.00942	0.00934	0.01302	0.02000	0.55086	0.02258	0.01126	0.00549	0.00177	0.00418	0.01002	0.00356	0.00490
5	0.01611	0.29448	0.01775	0.00990	0.01376	0.01600	0.00866	0.52458	0.01787	0.02336	0.00969	0.01004	0.00735	0.00510	0.00414	0.00128	0.00514	0.00366	0.00380	0.00735
6	0.00840	0.00692	0.00831	0.00684	0.00969	0.00545	0.00517	0.01006	0.00952	0.01423	0.01439	0.29020	0.01525	0.00734	0.00435	0.00111	0.00323	0.00642	0.00333	0.56978
7	0.57370	0.00765	0.00672	0.00611	0.00841	0.00849	0.00488	0.01217	0.00984	0.02039	0.27824	0.01707	0.01855	0.00617	0.00382	0.00147	0.00316	0.00459	0.00369	0.00488
8	0.00595	0.00479	0.00530	0.00517	0.00660	0.00414	0.00388	0.00749	0.01163	0.01484	0.30538	0.04191	0.54404	0.01116	0.00557	0.00155	0.00233	0.00946	0.00466	0.00414
9	0.00983	0.00966	0.01434	0.28909	0.01924	0.01309	0.01126	0.01159	0.00797	0.01159	0.00694	0.01109	0.00622	0.00704	0.01180	0.00190	0.54595	0.00415	0.00207	0.00519

[dist]
# distance from previous block
# <min> <max>
0	15

[block]
# block no. 4 follows, 54 sequences, length 61
# corresponding to MSA columns:
# 187-240,243-249
name=unknown_E
#
# <colnr> <probs for GDERKNQSTAVLIFYWHMCP>
#	G	D	E	R	K	N	Q	S	T	A	V	L	I	F	Y	W	H	M	C	P
0	0.10227	0.01280	0.01343	0.01039	0.01408	0.01422	0.00858	0.71220	0.02076	0.02887	0.01085	0.01096	0.00773	0.00553	0.00454	0.00142	0.00504	0.00408	0.00454	0.00773
1	0.09230	0.00502	0.00532	0.00525	0.00554	0.00517	0.00308	0.00755	0.00697	0.01033	0.01403	0.02855	0.01595	0.75191	0.02191	0.00426	0.00448	0.00643	0.00286	0.00308
2	0.00983	0.00857	0.01024	0.00752	0.01129	0.00710	0.00606	0.01182	0.00952	0.01497	0.00816	0.00983	0.00690	0.00396	0.00468	0.00083	0.08510	0.00293	0.00272	0.77796
3	0.00715	0.00495	0.00560	0.00533	0.00574	0.00474	0.00313	0.00735	0.00715	0.00976	0.01421	0.02876	0.01613	0.75183	0.02196	0.00419	0.00446	0.00645	0.00285	0.08825
4	0.01162	0.01135	0.02000	0.02804	0.72743	0.01127	0.09123	0.01453	0.01078	0.01537	0.00894	0.01177	0.00744	0.00418	0.00476	0.00142	0.00583	0.00434	0.00234	0.00736
5	0.00574	0.00410	0.00547	0.00657	0.00684	0.00383	0.00438	0.00657	0.00903	0.01204	0.02599	0.83122	0.03119	0.01477	0.00602	0.00191	0.00274	0.01340	0.00438	0.00383
6	0.78245	0.00905	0.00721	0.00628	0.00932	0.01015	0.00515	0.01366	0.00820	0.02058	0.00675	0.00787	0.00529	0.00429	0.00297	0.00138	0.00363	0.00258	0.00291	0.09028
7	0.00584	0.00417	0.00555	0.00650	0.00686	0.00389	0.00438	0.00680	0.00946	0.01272	0.10306	0.75220	0.03251	0.01426	0.00597	0.00187	0.00268	0.01292	0.00446	0.00389
8	0.00978	0.00838	0.00978	0.00698	0.01117	0.00629	0.00559	0.01187	0.00978	0.01536	0.00838	0.00978	0.00698	0.00349	0.00349	0.00070	0.00349	0.00279	0.00279	0.86312
9	0.00655	0.00488	0.00632	0.00679	0.00776	0.00439	0.00491	0.00780	0.00967	0.01318	0.07401	0.55883	0.04809	0.01271	0.00571	0.00175	0.00299	0.10530	0.00422	0.11415
10	0.73602	0.05393	0.00861	0.08738	0.01160	0.01101	0.00606	0.01369	0.00825	0.01971	0.00674	0.00814	0.00527	0.00439	0.00310	0.00145	0.00398	0.00271	0.00279	0.00517
11	0.00606	0.00453	0.00633	0.08760	0.00938	0.00449	0.00524	0.00711	0.00907	0.01204	0.02424	0.74996	0.02871	0.01377	0.00589	0.00188	0.00309	0.01249	0.00415	0.00397
12	0.00978	0.00838	0.00978	0.00698	0.01117	0.00629	0.00559	0.01187	0.00978	0.01536	0.00838	0.00978	0.00698	0.00349	0.00349	0.00070	0.00349	0.00279	0.00279	0.86312
13	0.01792	0.01321	0.01415	0.01085	0.01462	0.01462	0.00896	0.78916	0.02217	0.02972	0.01132	0.01132	0.00802	0.00566	0.00472	0.00142	0.00519	0.00425	0.00472	0.00802
14	0.01173	0.01013	0.01066	0.00960	0.01226	0.01173	0.00746	0.02505	0.79636	0.01972	0.01919	0.01759	0.01439	0.00640	0.00480	0.00160	0.00373	0.00533	0.00480	0.00746
15	0.00686	0.00457	0.00514	0.00514	0.00514	0.00457	0.00286	0.00686	0.00686	0.00914	0.01486	0.03086	0.01714	0.83430	0.02400	0.00457	0.00457	0.00686	0.00286	0.00286
16	0.00574	0.00410	0.00547	0.00657	0.00684	0.00383	0.00438	0.00657	0.00903	0.01204	0.02599	0.83122	0.03119	0.01477	0.00602	0.00191	0.00274	0.01340	0.00438	0.00383
17	0.86760	0.00912	0.00693	0.00620	0.00912	0.01058	0.00511	0.01386	0.00802	0.02115	0.00657	0.00766	0.00511	0.00438	0.00292	0.00146	0.00365	0.00255	0.00292	0.00511
18	0.01084	0.01046	0.01783	0.25109	0.43817	0.01112	0.09022	0.01479	0.08039	0.01481	0.00972	0.01256	0.00772	0.00452	0.00478	0.00149	0.00586	0.00443	0.00249	0.00673
19	0.00967	0.00912	0.01276	0.01117	0.01148	0.01237	0.00920	0.03319	0.00774	0.01178	0.00791	0.01234	0.00760	0.01477	0.20986	0.00339	0.60404	0.00435	0.00225	0.00501
20	0.86760	0.00912	0.00693	0.00620	0.00912	0.01058	0.00511	0.01386	0.00802	0.02115	0.00657	0.00766	0.00511	0.00438	0.00292	0.00146	0.00365	0.00255	0.00292	0.00511
21	0.00819	0.00410	0.00614	0.00614	0.00614	0.00410	0.00410	0.00614	0.00614	0.00819	0.00819	0.01433	0.00819	0.01638	0.01843	0.86282	0.00410	0.00410	0.00205	0.00205
22	0.00640	0.00481	0.00592	0.00565	0.00688	0.00433	0.00423	0.00837	0.01270	0.01738	0.61547	0.03774	0.23236	0.01021	0.00556	0.00151	0.00227	0.00888	0.00499	0.00433
23	0.01113	0.01272	0.02782	0.01987	0.02464	0.01192	0.78776	0.01510	0.01113	0.01510	0.00954	0.01272	0.00715	0.00397	0.00556	0.00159	0.00795	0.00556	0.00238	0.00636
24	0.00674	0.00502	0.00742	0.00742	0.00821	0.00581	0.00570	0.00832	0.00753	0.01083	0.01277	0.01931	0.01213	0.08658	0.76487	0.00738	0.01211	0.00517	0.00255	0.00412
25	0.00677	0.00492	0.00691	0.00691	0.00752	0.00553	0.00506	0.00799	0.00738	0.01045	0.01324	0.02192	0.01326	0.25563	0.59736	0.00675	0.01041	0.00555	0.00262	0.00384
26	0.00879	0.00439	0.00439	0.00439	0.00549	0.00439	0.00330	0.01099	0.00989	0.01758	0.01538	0.01758	0.01209	0.00549	0.00330	0.00110	0.00220	0.00439	0.86047	0.00439
27	0.01167	0.01120	0.01914	0.02894	0.80488	0.01120	0.01447	0.01447	0.01074	0.01540	0.00887	0.01167	0.00747	0.00420	0.00467	0.00140	0.00560	0.00420	0.00233	0.00747
28	0.01976	0.00808	0.01066	0.00835	0.01180	0.00729	0.00684	0.02270	0.08801	0.70152	0.01853	0.01626	0.01195	0.00588	0.00469	0.00146	0.00391	0.00478	0.03972	0.00783
29	0.04549	0.00806	0.01083	0.00833	0.01195	0.00703	0.00688	0.02272	0.01334	0.78552	0.01826	0.01581	0.01148	0.00579	0.00469	0.00146	0.00400	0.00468	0.00575	0.00794
30	0.00574	0.00410	0.00547	0.00657	0.00684	0.00383	0.00438	0.00657	0.00903	0.01204	0.02599	0.83122	0.03119	0.01477	0.00602	0.00191	0.00274	0.01340	0.00438	0.00383
31	0.00890	0.00838	0.01414	0.82296	0.03247	0.01048	0.01309	0.01205	0.00943	0.01205	0.00838	0.01257	0.00629	0.00471	0.00471	0.00157	0.00629	0.00419	0.00210	0.00524
32	0.00962	0.02323	0.73224	0.01408	0.02083	0.01105	0.09389	0.01495	0.01007	0.01495	0.00857	0.01023	0.00609	0.00443	0.00459	0.00150	0.00707	0.00369	0.00203	0.00691
33	0.01014	0.00900	0.00990	0.00729	0.01128	0.04245	0.00579	0.01262	0.03969	0.01543	0.02454	0.01052	0.00797	0.00378	0.00362	0.00077	0.00370	0.00301	0.00290	0.77558
34	0.19785	0.01695	0.01235	0.01064	0.01354	0.42071	0.02165	0.19746	0.03690	0.01812	0.00846	0.00932	0.00658	0.00497	0.00412	0.00133	0.00655	0.00333	0.00313	0.00606
35	0.84296	0.00924	0.00714	0.00634	0.00928	0.01069	0.00522	0.03634	0.00843	0.02140	0.00670	0.00777	0.00519	0.00441	0.00297	0.00146	0.00369	0.00260	0.00297	0.00519
36	0.00577	0.00416	0.00550	0.00651	0.00686	0.00390	0.00439	0.00663	0.00906	0.01204	0.02657	0.77275	0.06496	0.01524	0.02942	0.00206	0.00301	0.01301	0.00432	0.00385
37	0.00968	0.00830	0.00873	0.00801	0.01028	0.00910	0.00618	0.01891	0.52701	0.01770	0.07424	0.02651	0.23943	0.00816	0.00506	0.00159	0.00326	0.00683	0.00470	0.00630
38	0.01032	0.01032	0.01444	0.01238	0.01238	0.01444	0.01032	0.01135	0.00722	0.01135	0.00619	0.01032	0.00619	0.00825	0.01547	0.00206	0.82567	0.00413	0.00206	0.00516
39	0.01167	0.01120	0.01914	0.02894	0.80488	0.01120	0.01447	0.01447	0.01074	0.01540	0.00887	0.01167	0.00747	0.00420	0.00467	0.00140	0.00560	0.00420	0.00233	0.00747
40	0.01761	0.02247	0.01336	0.01215	0.01458	0.81537	0.00911	0.01883	0.01336	0.01154	0.00729	0.00850	0.00607	0.00486	0.00425	0.00121	0.00850	0.00304	0.00243	0.00547
41	0.01090	0.01204	0.02403	0.01775	0.02117	0.01264	0.56767	0.01404	0.01002	0.01404	0.00859	0.01204	0.00688	0.00519	0.00837	0.00172	0.23943	0.00516	0.00229	0.00602
42	0.01113	0.01272	0.02782	0.01987	0.02464	0.01192	0.78776	0.01510	0.01113	0.01510	0.00954	0.01272	0.00715	0.00397	0.00556	0.00159	0.00795	0.00556	0.00238	0.00636
43	0.00663	0.00482	0.00624	0.00589	0.00702	0.00443	0.00441	0.00881	0.01324	0.01866	0.77239	0.03562	0.07465	0.00973	0.00556	0.00149	0.00223	0.00858	0.00516	0.00443
44	0.00686	0.00457	0.00514	0.00514	0.00514	0.00457	0.00286	0.00686	0.00686	0.00914	0.01486	0.03086	0.01714	0.83430	0.02400	0.00457	0.00457	0.00686	0.00286	0.00286
45	0.00557	0.00478	0.00478	0.00478	0.00637	0.00398	0.00358	0.00677	0.01075	0.01274	0.04776	0.04538	0.80297	0.01194	0.00557	0.00159	0.00239	0.00995	0.00438	0.00398
46	0.00660	0.00482	0.00620	0.00585	0.00700	0.00442	0.00439	0.00875	0.01317	0.01848	0.75056	0.03592	0.09659	0.00980	0.00556	0.00149	0.00224	0.00862	0.00513	0.00442
47	0.00760	0.00543	0.00760	0.00868	0.00977	0.00543	0.00760	0.00977	0.01085	0.01411	0.02496	0.05319	0.02714	0.01303	0.00651	0.00217	0.00434	0.77315	0.00434	0.00434
48	0.01763	0.02185	0.01342	0.01206	0.01458	0.76119	0.00910	0.07095	0.01396	0.01277	0.00756	0.00869	0.00621	0.00491	0.00428	0.00123	0.00828	0.00312	0.00258	0.00564
49	0.01005	0.00837	0.00980	0.00702	0.01119	0.00630	0.00562	0.01214	0.00987	0.03413	0.00862	0.00993	0.00709	0.00355	0.00352	0.00072	0.00350	0.00284	0.00287	0.84288
50	0.00557	0.00478	0.00478	0.00478	0.00637	0.00398	0.00358	0.00677	0.01075	0.01274	0.04776	0.04538	0.80297	0.01194	0.00557	0.00159	0.00239	0.00995	0.00438	0.00398
51	0.01261	0.83713	0.02471	0.00807	0.01210	0.01866	0.00807	0.01412	0.00958	0.01109	0.00656	0.00756	0.00605	0.00403	0.00303	0.00101	0.00504	0.00252	0.00202	0.00605
52	0.00574	0.00410	0.00547	0.00657	0.00684	0.00383	0.00438	0.00657	0.00903	0.01204	0.02599	0.83122	0.03119	0.01477	0.00602	0.00191	0.00274	0.01340	0.00438	0.00383
53	0.01761	0.02247	0.01336	0.01215	0.01458	0.81537	0.00911	0.01883	0.01336	0.01154	0.00729	0.00850	0.00607	0.00486	0.00425	0.00121	0.00850	0.00304	0.00243	0.00547
54	0.00634	0.00461	0.00600	0.00692	0.00747	0.00443	0.00491	0.02097	0.02960	0.01283	0.02630	0.66580	0.06053	0.01407	0.00601	0.00192	0.00299	0.10986	0.00439	0.00407
55	0.00946	0.02439	0.80987	0.01344	0.02041	0.01095	0.01742	0.01493	0.00995	0.01493	0.00846	0.00995	0.00597	0.00448	0.00448	0.00149	0.00697	0.00348	0.00199	0.00697
56	0.01010	0.00982	0.04481	0.04011	0.10409	0.00780	0.09400	0.01265	0.01003	0.01520	0.00857	0.01042	0.00699	0.00371	0.00394	0.00094	0.00446	0.00334	0.00264	0.60637
57	0.01286	0.00906	0.01063	0.00783	0.01184	0.00771	0.00633	0.12824	0.02600	0.14664	0.01067	0.01116	0.00803	0.00424	0.00390	0.00094	0.00383	0.00337	0.00361	0.58310
58	0.00839	0.00560	0.00636	0.00586	0.00772	0.00503	0.00452	0.02515	0.03901	0.12455	0.13239	0.03697	0.51432	0.01176	0.04932	0.00188	0.00325	0.00851	0.00460	0.00481
59	0.00574	0.00414	0.00543	0.00647	0.00681	0.00384	0.00433	0.00658	0.00912	0.01207	0.02715	0.78931	0.07234	0.01462	0.00599	0.00190	0.00272	0.01322	0.00438	0.00384
60	0.08704	0.00918	0.01129	0.00873	0.01234	0.00881	0.00721	0.18114	0.01486	0.58485	0.01615	0.01441	0.01040	0.00568	0.00459	0.00145	0.00423	0.00447	0.00537	0.00779

[dist]
# distance from previous block
# <min> <max>
0	13

[block]
# block no. 5 follows, 54 sequences, length 12
# corresponding to MSA columns:
# 263-274
name=unknown_F
#
# <colnr> <probs for GDERKNQSTAVLIFYWHMCP>
#	G	D	E	R	K	N	Q	S	T	A	V	L	I	F	Y	W	H	M	C	P
0	0.01087	0.07226	0.20812	0.01796	0.05636	0.01213	0.52250	0.01497	0.01073	0.01480	0.00905	0.01168	0.00682	0.00411	0.00510	0.00152	0.00742	0.00481	0.00227	0.00653
1	0.01024	0.01072	0.11436	0.00844	0.01288	0.00750	0.03010	0.01371	0.07210	0.03707	0.00956	0.01067	0.00757	0.00393	0.00382	0.00092	0.00411	0.00322	0.00292	0.63619
2	0.01006	0.00533	0.00650	0.00600	0.00686	0.00506	0.00391	0.01054	0.00855	0.19311	0.01659	0.09003	0.01698	0.57971	0.01816	0.00365	0.00430	0.00688	0.00366	0.00412
3	0.01040	0.02756	0.15274	0.41707	0.09171	0.01108	0.07418	0.04778	0.07380	0.03415	0.00974	0.01240	0.00726	0.00476	0.00471	0.00153	0.00614	0.00425	0.00254	0.00620
4	0.00867	0.00542	0.00753	0.00667	0.00812	0.00528	0.10357	0.01090	0.00993	0.01650	0.01610	0.12944	0.01410	0.00658	0.00396	0.00127	0.00301	0.00579	0.63260	0.00457
5	0.01188	0.15522	0.50008	0.01206	0.01773	0.06832	0.01397	0.13822	0.01207	0.01642	0.00852	0.00968	0.00632	0.00462	0.00426	0.00138	0.00648	0.00342	0.00246	0.00688
6	0.00613	0.00480	0.00555	0.00536	0.00671	0.00422	0.00402	0.00785	0.01207	0.01588	0.43195	0.04021	0.41682	0.01077	0.00557	0.00154	0.00230	0.00923	0.00479	0.00422
7	0.00985	0.12553	0.71216	0.01277	0.01937	0.01191	0.01626	0.01483	0.00991	0.01445	0.00822	0.00966	0.00598	0.00442	0.00430	0.00143	0.00673	0.00336	0.00199	0.00685
8	0.01046	0.01073	0.01707	0.01371	0.01494	0.01349	0.17640	0.01218	0.00819	0.01236	0.00702	0.01080	0.00644	0.00709	0.01274	0.00189	0.60870	0.00437	0.00217	0.04927
9	0.01118	0.01122	0.01637	0.30705	0.35493	0.08802	0.03287	0.01443	0.05052	0.01385	0.00896	0.01195	0.00720	0.00476	0.00521	0.00149	0.04712	0.00418	0.00237	0.00634
10	0.00631	0.00449	0.00584	0.00629	0.00687	0.00423	0.00440	0.00760	0.01038	0.01421	0.29722	0.40997	0.03391	0.11300	0.00808	0.00210	0.00287	0.05379	0.00447	0.00396
11	0.80359	0.00943	0.00747	0.00655	0.00953	0.01088	0.00540	0.07226	0.00909	0.02180	0.00692	0.00794	0.00533	0.00447	0.00305	0.00146	0.00376	0.00268	0.00305	0.00533

[dist]
# distance from previous block
# <min> <max>
0	1

[block]
# block no. 6 follows, 54 sequences, length 38
# corresponding to MSA columns:
# 276-313
name=unknown_G
#
# <colnr> <probs for GDERKNQSTAVLIFYWHMCP>
#	G	D	E	R	K	N	Q	S	T	A	V	L	I	F	Y	W	H	M	C	P
0	0.00735	0.00499	0.00648	0.00615	0.00739	0.00458	0.00469	0.00943	0.01290	0.05755	0.64452	0.06377	0.09040	0.00996	0.00559	0.00154	0.00246	0.05059	0.00510	0.00457
1	0.14800	0.01029	0.01126	0.02278	0.01265	0.02843	0.00752	0.30457	0.05312	0.25830	0.04512	0.01547	0.01130	0.00604	0.00456	0.00148	0.00446	0.04285	0.00468	0.00712
2	0.00879	0.00439	0.00439	0.00439	0.00549	0.00439	0.00330	0.01099	0.00989	0.01758	0.01538	0.01758	0.01209	0.00549	0.00330	0.00110	0.00220	0.00439	0.86047	0.00439
3	0.00657	0.00478	0.00616	0.00597	0.00700	0.00445	0.00442	0.00851	0.01236	0.01726	0.62638	0.08874	0.08994	0.04705	0.03477	0.00188	0.00277	0.02182	0.00487	0.00430
4	0.57100	0.01115	0.00970	0.00908	0.06139	0.07510	0.00681	0.17383	0.01153	0.02179	0.00775	0.00873	0.00593	0.00467	0.00351	0.00143	0.00447	0.00304	0.00321	0.00588
5	0.52065	0.01105	0.00986	0.00814	0.01136	0.03521	0.00668	0.30832	0.01355	0.02413	0.00839	0.00907	0.00624	0.00488	0.00364	0.00144	0.00437	0.00321	0.00359	0.00622
6	0.86760	0.00912	0.00693	0.00620	0.00912	0.01058	0.00511	0.01386	0.00802	0.02115	0.00657	0.00766	0.00511	0.00438	0.00292	0.00146	0.00365	0.00255	0.00292	0.00511
7	0.01131	0.00808	0.01113	0.03779	0.04335	0.00728	0.07431	0.02539	0.08011	0.15786	0.05207	0.08495	0.09693	0.00660	0.00470	0.00132	0.00398	0.02196	0.00390	0.26697
8	0.00655	0.00481	0.00613	0.00580	0.00697	0.00440	0.00435	0.00865	0.01305	0.01820	0.71585	0.03639	0.13148	0.00990	0.00556	0.00150	0.00224	0.00869	0.00510	0.00440
9	0.00983	0.00878	0.05144	0.01386	0.24601	0.00808	0.02520	0.09508	0.01164	0.03481	0.14260	0.06281	0.09834	0.14505	0.02421	0.00212	0.00459	0.00641	0.00352	0.00564
10	0.00927	0.00454	0.00465	0.00455	0.00575	0.00449	0.00344	0.01146	0.01003	0.04849	0.01551	0.01752	0.01207	0.00551	0.00335	0.00111	0.00227	0.00441	0.82706	0.00454
11	0.01071	0.01013	0.01557	0.52798	0.16221	0.05632	0.05153	0.04904	0.01060	0.03211	0.00879	0.01217	0.00672	0.00474	0.00494	0.00152	0.02245	0.00421	0.00238	0.00588
12	0.00655	0.00481	0.00613	0.00580	0.00697	0.00440	0.00435	0.00865	0.01305	0.01820	0.71629	0.03638	0.13103	0.00990	0.00556	0.00150	0.00224	0.00869	0.00510	0.00440
13	0.01595	0.01166	0.06345	0.00971	0.01326	0.01148	0.00834	0.42371	0.10973	0.16324	0.01594	0.01535	0.06150	0.00610	0.00470	0.00145	0.00459	0.00479	0.04760	0.00744
14	0.00573	0.00414	0.00543	0.00646	0.00681	0.00384	0.00433	0.00658	0.00912	0.01208	0.02722	0.78684	0.07477	0.01461	0.00599	0.00190	0.00272	0.01321	0.00438	0.00384
15	0.01261	0.83713	0.02471	0.00807	0.01210	0.01866	0.00807	0.01412	0.00958	0.01109	0.00656	0.00756	0.00605	0.00403	0.00303	0.00101	0.00504	0.00252	0.00202	0.00605
16	0.00904	0.00852	0.01439	0.78318	0.07118	0.01051	0.01316	0.01217	0.00949	0.01222	0.00840	0.01253	0.00634	0.00469	0.00471	0.00156	0.00625	0.00419	0.00211	0.00535
17	0.79468	0.00918	0.00737	0.00646	0.00945	0.01049	0.00532	0.03729	0.00875	0.06585	0.00739	0.00824	0.00556	0.00450	0.00307	0.00146	0.00371	0.00273	0.00314	0.00536
18	0.69516	0.00890	0.00775	0.00665	0.00971	0.00983	0.00548	0.01572	0.00914	0.18149	0.00902	0.00937	0.00644	0.00467	0.00329	0.00146	0.00372	0.00300	0.00351	0.00570
19	0.00674	0.00502	0.00744	0.00744	0.00823	0.00582	0.00572	0.00833	0.00754	0.01084	0.01276	0.01922	0.01209	0.08048	0.77090	0.00741	0.01217	0.00515	0.00254	0.00413
20	0.00667	0.00482	0.00630	0.00593	0.00704	0.00445	0.00445	0.00890	0.01335	0.01891	0.80239	0.03522	0.04449	0.00964	0.00556	0.00148	0.00222	0.00853	0.00519	0.00445
21	0.01030	0.00869	0.01006	0.00723	0.01140	0.00682	0.00580	0.06206	0.01058	0.01629	0.00857	0.00988	0.00705	0.00363	0.00357	0.00074	0.00360	0.00289	0.00292	0.80790
22	0.86760	0.00912	0.00693	0.00620	0.00912	0.01058	0.00511	0.01386	0.00802	0.02115	0.00657	0.00766	0.00511	0.00438	0.00292	0.00146	0.00365	0.00255	0.00292	0.00511
23	0.00951	0.02400	0.78376	0.01365	0.02055	0.01098	0.04314	0.01494	0.00999	0.01494	0.00850	0.01005	0.00601	0.00446	0.00452	0.00150	0.00700	0.00355	0.00200	0.00695
24	0.01486	0.01223	0.01239	0.01031	0.01346	0.05981	0.00823	0.36911	0.40182	0.02375	0.01495	0.01424	0.01104	0.00598	0.00473	0.00149	0.00467	0.00471	0.00462	0.00760
25	0.00574	0.00478	0.00500	0.00495	0.00647	0.00405	0.00371	0.00708	0.01113	0.01365	0.15954	0.04387	0.69063	0.01160	0.00557	0.00158	0.00236	0.00974	0.00450	0.00405
26	0.34525	0.00912	0.04864	0.00797	0.01039	0.00935	0.00673	0.12161	0.01093	0.06822	0.02730	0.16541	0.02710	0.00767	0.00510	0.00163	0.05697	0.06144	0.00369	0.00547
27	0.00590	0.00469	0.00531	0.00537	0.00663	0.00409	0.00394	0.00733	0.01120	0.01434	0.25376	0.16328	0.47399	0.01174	0.00564	0.00161	0.00240	0.01009	0.00460	0.00409
28	0.01555	0.01312	0.01274	0.01053	0.01373	0.10599	0.00841	0.41194	0.31323	0.02385	0.01382	0.01336	0.01020	0.00585	0.00469	0.00146	0.00502	0.00452	0.00448	0.00751
29	0.07581	0.00809	0.01068	0.00825	0.01185	0.00717	0.00681	0.02239	0.01314	0.75733	0.01782	0.01551	0.01125	0.00574	0.00462	0.00146	0.00399	0.00460	0.00565	0.00784
30	0.01078	0.00870	0.00977	0.05517	0.01172	0.03746	0.00691	0.10190	0.29918	0.04016	0.05854	0.06205	0.01519	0.11877	0.12181	0.00281	0.02350	0.00578	0.00395	0.00588
31	0.00625	0.00474	0.00576	0.00565	0.00682	0.00425	0.00418	0.00803	0.01214	0.01637	0.49828	0.11682	0.27185	0.01084	0.00561	0.00156	0.00232	0.00944	0.00487	0.00425
32	0.01335	0.05582	0.01356	0.09314	0.04246	0.02148	0.02612	0.28618	0.09256	0.06449	0.06601	0.01427	0.01115	0.00812	0.06303	0.00194	0.09959	0.00464	0.01550	0.00659
33	0.01761	0.02247	0.01336	0.01215	0.01458	0.81537	0.00911	0.01883	0.01336	0.01154	0.00729	0.00850	0.00607	0.00486	0.00425	0.00121	0.00850	0.00304	0.00243	0.00547
34	0.02429	0.01036	0.01368	0.36525	0.03267	0.10664	0.04797	0.03079	0.00968	0.03322	0.00886	0.01315	0.00748	0.06077	0.05521	0.00216	0.16585	0.00432	0.00239	0.00526
35	0.01792	0.01321	0.01415	0.01085	0.01462	0.01462	0.00896	0.78916	0.02217	0.02972	0.01132	0.01132	0.00802	0.00566	0.00472	0.00142	0.00519	0.00425	0.00472	0.00802
36	0.01258	0.01307	0.01634	0.22724	0.39389	0.18871	0.01266	0.05318	0.01155	0.01440	0.00852	0.01118	0.00689	0.00455	0.00459	0.00140	0.00640	0.00394	0.00241	0.00648
37	0.00757	0.00568	0.00681	0.00637	0.00784	0.00553	0.00482	0.01130	0.13315	0.03468	0.53146	0.04736	0.16024	0.00952	0.00544	0.00153	0.00253	0.00827	0.00500	0.00490

[dist]
# distance from previous block
# <min> <max>
10	10

[block]
# block no. 7 follows, 54 sequences, length 36
# corresponding to MSA columns:
# 551-586
name=unknown_H
#
# <colnr> <probs for GDERKNQSTAVLIFYWHMCP>
#	G	D	E	R	K	N	Q	S	T	A	V	L	I	F	Y	W	H	M	C	P
0	0.00946	0.02439	0.80987	0.01344	0.02041	0.01095	0.01742	0.01493	0.00995	0.01493	0.00846	0.00995	0.00597	0.00448	0.00448	0.00149	0.00697	0.00348	0.00199	0.00697
1	0.01213	0.01033	0.01089	0.00968	0.01241	0.01192	0.00756	0.07458	0.74618	0.02037	0.01868	0.01719	0.01398	0.00635	0.00479	0.00159	0.00383	0.00526	0.00479	0.00750
2	0.00564	0.00478	0.00487	0.00485	0.00641	0.00401	0.00363	0.00690	0.01090	0.01311	0.09339	0.04476	0.75711	0.01180	0.00557	0.00159	0.00238	0.00986	0.00443	0.00401
3	0.01179	0.02613	0.13686	0.01651	0.02100	0.06826	0.47076	0.04125	0.08386	0.02966	0.01017	0.01233	0.00763	0.00458	0.00554	0.00155	0.03801	0.00491	0.00267	0.00652
4	0.00674	0.00505	0.00758	0.00758	0.00842	0.00589	0.00589	0.00842	0.00758	0.01095	0.01263	0.01852	0.01179	0.03536	0.81561	0.00758	0.01263	0.00505	0.00253	0.00421
5	0.00808	0.00596	0.00765	0.01791	0.01942	0.00617	0.00602	0.09827	0.01105	0.01481	0.07686	0.35518	0.02548	0.09459	0.00808	0.00215	0.03460	0.19905	0.00417	0.00450
6	0.01818	0.00800	0.01014	0.00800	0.01116	0.00745	0.00653	0.11168	0.02777	0.55161	0.04366	0.01640	0.01246	0.00590	0.00454	0.00140	0.00380	0.00477	0.13924	0.00733
7	0.03708	0.00894	0.01425	0.59267	0.07127	0.01130	0.01237	0.01210	0.00902	0.01239	0.00792	0.01192	0.00630	0.00537	0.00677	0.00165	0.16708	0.00413	0.00213	0.00534
8	0.64465	0.03484	0.03424	0.00759	0.01067	0.11557	0.00638	0.07063	0.00985	0.02005	0.00706	0.00810	0.00550	0.00453	0.00327	0.00141	0.00453	0.00277	0.00293	0.00545
9	0.01158	0.01111	0.01897	0.05570	0.77885	0.01118	0.01442	0.01439	0.01069	0.01529	0.00885	0.01170	0.00743	0.00422	0.00467	0.00141	0.00562	0.00420	0.00233	0.00739
10	0.00672	0.00485	0.00612	0.00581	0.00702	0.00440	0.00435	0.00873	0.01281	0.03125	0.64702	0.06170	0.16143	0.01009	0.00556	0.00151	0.00230	0.00884	0.00505	0.00442
11	0.00941	0.00533	0.00700	0.00658	0.00806	0.00481	0.00497	0.01115	0.01212	0.18064	0.38292	0.21742	0.08889	0.01030	0.00552	0.00161	0.00279	0.03040	0.00505	0.00501
12	0.01471	0.01120	0.03915	0.01530	0.01956	0.01017	0.46080	0.01784	0.01184	0.30362	0.01270	0.01379	0.00874	0.00480	0.00556	0.00156	0.03291	0.00517	0.00362	0.00694
13	0.01355	0.01064	0.01302	0.05716	0.13511	0.01163	0.00929	0.32926	0.18355	0.03637	0.05629	0.01843	0.01318	0.00651	0.00496	0.00154	0.00473	0.08343	0.00423	0.00710
14	0.00946	0.02439	0.80987	0.01344	0.02041	0.01095	0.01742	0.01493	0.00995	0.01493	0.00846	0.00995	0.00597	0.00448	0.00448	0.00149	0.00697	0.00348	0.00199	0.00697
15	0.01106	0.00973	0.01333	0.03915	0.30537	0.01042	0.00978	0.05096	0.32122	0.01820	0.14371	0.01789	0.01628	0.00604	0.00487	0.00150	0.00431	0.00536	0.00387	0.00693
16	0.00890	0.00838	0.01414	0.82296	0.03247	0.01048	0.01309	0.01205	0.00943	0.01205	0.00838	0.01257	0.00629	0.00471	0.00471	0.00157	0.00629	0.00419	0.00210	0.00524
17	0.01082	0.04938	0.69070	0.01275	0.01924	0.01099	0.01595	0.04169	0.01065	0.08133	0.00934	0.01043	0.00652	0.00462	0.00446	0.00147	0.00660	0.00358	0.00240	0.00706
18	0.00573	0.00415	0.00542	0.00644	0.00681	0.00384	0.00432	0.00658	0.00915	0.01209	0.02751	0.77615	0.08527	0.01457	0.00599	0.00189	0.00271	0.01316	0.00438	0.00384
19	0.02056	0.00811	0.01091	0.00840	0.01197	0.00714	0.00692	0.05133	0.01382	0.75291	0.04411	0.01650	0.01261	0.00595	0.00477	0.00146	0.00400	0.00485	0.00577	0.00791
20	0.01397	0.01063	0.03870	0.08879	0.01445	0.01106	0.00836	0.40889	0.06742	0.07246	0.18311	0.01737	0.01637	0.00644	0.00487	0.00146	0.00450	0.00524	0.01907	0.00684
21	0.00593	0.00438	0.00555	0.00613	0.00681	0.00400	0.00426	0.00714	0.01031	0.01374	0.20925	0.51911	0.15983	0.01312	0.00584	0.00176	0.00256	0.01171	0.00457	0.00400
22	0.01432	0.01011	0.01250	0.09577	0.10206	0.02335	0.00881	0.23747	0.15991	0.16000	0.11175	0.01641	0.01410	0.00605	0.00483	0.00148	0.00456	0.00504	0.00442	0.00708
23	0.06931	0.00875	0.01369	0.63223	0.02753	0.01114	0.01208	0.01206	0.00897	0.01257	0.00789	0.01186	0.00619	0.00527	0.00636	0.00164	0.14104	0.00406	0.00215	0.00522
24	0.75792	0.04262	0.00792	0.00637	0.00943	0.01054	0.00529	0.01389	0.00831	0.03419	0.00690	0.00795	0.00539	0.00433	0.00299	0.00139	0.00370	0.00261	0.00292	0.06533
25	0.01152	0.01105	0.01887	0.07230	0.76271	0.01116	0.01440	0.01434	0.01066	0.01522	0.00884	0.01172	0.00740	0.00423	0.00467	0.00141	0.00564	0.00420	0.00232	0.00735
26	0.00615	0.00514	0.00540	0.00533	0.00689	0.00459	0.00399	0.00831	0.06789	0.01388	0.12672	0.07604	0.63026	0.01141	0.00553	0.00159	0.00248	0.00961	0.00450	0.00428
27	0.00907	0.00854	0.01443	0.77672	0.07745	0.01052	0.01317	0.01219	0.00950	0.01224	0.00841	0.01252	0.00635	0.00468	0.00471	0.00156	0.00625	0.00419	0.00211	0.00537
28	0.05851	0.00836	0.00982	0.00717	0.01121	0.00663	0.00578	0.01383	0.01030	0.14746	0.00998	0.01070	0.00766	0.00393	0.00367	0.00087	0.00359	0.00310	0.00331	0.67414
29	0.77357	0.01060	0.00764	0.00686	0.00972	0.09961	0.00555	0.01441	0.00861	0.02009	0.00665	0.00775	0.00521	0.00443	0.00307	0.00143	0.00418	0.00261	0.00286	0.00515
30	0.19654	0.13740	0.32252	0.01086	0.01560	0.01173	0.07865	0.03096	0.01005	0.08145	0.00892	0.01013	0.00661	0.00462	0.00432	0.00142	0.02856	0.00349	0.02982	0.00635
31	0.13928	0.01034	0.01302	0.16026	0.17810	0.03790	0.00977	0.18521	0.03961	0.09193	0.03716	0.02531	0.00994	0.00557	0.00455	0.00149	0.00503	0.03546	0.00351	0.00655
32	0.01197	0.62965	0.14773	0.01006	0.01462	0.01680	0.08562	0.01434	0.00979	0.01208	0.00714	0.00844	0.00615	0.00410	0.00350	0.00114	0.00563	0.00297	0.00205	0.00622
33	0.00930	0.04934	0.56697	0.07336	0.01931	0.01046	0.04610	0.01421	0.03669	0.01492	0.07017	0.04767	0.01036	0.00536	0.00465	0.00151	0.00623	0.00446	0.00246	0.00647
34	0.00802	0.00410	0.00610	0.00617	0.00619	0.00408	0.00411	0.00617	0.00634	0.00846	0.00944	0.07158	0.00980	0.01627	0.01756	0.80248	0.00400	0.00475	0.00221	0.00217
35	0.00982	0.04571	0.01460	0.19351	0.03041	0.07658	0.16155	0.02315	0.06118	0.01403	0.09594	0.15795	0.02953	0.00728	0.00577	0.00160	0.05634	0.00653	0.00315	0.00537

[dist]
# distance from previous block
# <min> <max>
2	3

[block]
# block no. 8 follows, 54 sequences, length 53
# corresponding to MSA columns:
# 590-604,617-654
name=unknown_I
#
# <colnr> <probs for GDERKNQSTAVLIFYWHMCP>
#	G	D	E	R	K	N	Q	S	T	A	V	L	I	F	Y	W	H	M	C	P
