[name]
unknown

[dist]
# distance from previous block
# <min> <max>
0	385

[block]
# block no. 0 follows, 63 sequences, length 89
# corresponding to MSA columns:
# 408-496
name=unknown_A
#
# <colnr> <probs for GDERKNQSTAVLIFYWHMCP>
#	G	D	E	R	K	N	Q	S	T	A	V	L	I	F	Y	W	H	M	C	P
0	0.00698	0.00524	0.00687	0.00775	0.00874	0.02809	0.00671	0.00888	0.00976	0.01257	0.03742	0.05792	0.02402	0.01137	0.00573	0.00190	0.00392	0.74839	0.00384	0.00389
1	0.88196	0.00813	0.00618	0.00553	0.00813	0.00943	0.00455	0.01236	0.00715	0.01886	0.00585	0.00683	0.00455	0.00390	0.00260	0.00130	0.00325	0.00228	0.00260	0.00455
2	0.00799	0.00753	0.01271	0.82370	0.04698	0.00935	0.01170	0.01079	0.00843	0.01081	0.00748	0.01119	0.00563	0.00419	0.00420	0.00140	0.00559	0.00374	0.00187	0.00471
3	0.00609	0.00407	0.00459	0.00461	0.00462	0.00406	0.00258	0.00611	0.00615	0.00820	0.01345	0.04438	0.01554	0.83504	0.02107	0.00403	0.00404	0.00623	0.00258	0.00256
4	0.88196	0.00813	0.00618	0.00553	0.00813	0.00943	0.00455	0.01236	0.00715	0.01886	0.00585	0.00683	0.00455	0.00390	0.00260	0.00130	0.00325	0.00228	0.00260	0.00455
5	0.01570	0.02004	0.01191	0.01083	0.01300	0.83539	0.00812	0.01679	0.01191	0.01029	0.00650	0.00758	0.00541	0.00433	0.00379	0.00108	0.00758	0.00271	0.00217	0.00487
6	0.00992	0.01134	0.02481	0.01772	0.02197	0.01063	0.81077	0.01347	0.00992	0.01347	0.00850	0.01134	0.00638	0.00354	0.00496	0.00142	0.00709	0.00496	0.00213	0.00567
7	0.03214	0.00705	0.00952	0.00735	0.01050	0.00614	0.00606	0.01982	0.01195	0.78109	0.05109	0.01492	0.01157	0.00533	0.00423	0.00130	0.00350	0.00434	0.00514	0.00698
8	0.01119	0.83957	0.03680	0.00728	0.01092	0.01651	0.00735	0.01260	0.00855	0.00995	0.00588	0.00678	0.00539	0.00360	0.00272	0.00091	0.00453	0.00226	0.00180	0.00541
9	0.00948	0.00969	0.01309	0.01117	0.01135	0.04642	0.02619	0.01046	0.00674	0.01020	0.00562	0.00918	0.00553	0.00715	0.01320	0.00180	0.79259	0.00367	0.00186	0.00463
10	0.00609	0.00406	0.00459	0.00462	0.00463	0.00406	0.00259	0.00611	0.00617	0.00822	0.01352	0.05056	0.01563	0.82873	0.02095	0.00401	0.00403	0.00628	0.00259	0.00257
11	0.00512	0.00367	0.00486	0.00581	0.00609	0.00342	0.00388	0.00586	0.00809	0.01075	0.02369	0.82774	0.04924	0.01310	0.00535	0.00170	0.00243	0.01187	0.00390	0.00342
12	0.88196	0.00813	0.00618	0.00553	0.00813	0.00943	0.00455	0.01236	0.00715	0.01886	0.00585	0.00683	0.00455	0.00390	0.00260	0.00130	0.00325	0.00228	0.00260	0.00455
13	0.01702	0.00775	0.00988	0.00769	0.01074	0.00727	0.00631	0.16058	0.02729	0.59733	0.08948	0.01515	0.01255	0.00549	0.00429	0.00130	0.00361	0.00447	0.00496	0.00685
14	0.00515	0.00369	0.00485	0.00577	0.00604	0.00344	0.00384	0.00587	0.00803	0.01066	0.02340	0.79951	0.05005	0.04065	0.00588	0.00178	0.00248	0.01167	0.00386	0.00339
15	0.47662	0.00807	0.00798	0.00657	0.00946	0.02607	0.00540	0.03624	0.00964	0.36098	0.01051	0.01009	0.00711	0.00449	0.00335	0.00130	0.00352	0.00315	0.00373	0.00572
16	0.00611	0.00408	0.00458	0.00458	0.00458	0.00408	0.00255	0.00611	0.00611	0.00815	0.01325	0.02751	0.01528	0.85226	0.02140	0.00408	0.00408	0.00611	0.00255	0.00255
17	0.01814	0.00831	0.01047	0.00803	0.01131	0.00789	0.00663	0.21826	0.01396	0.62845	0.01496	0.01325	0.00959	0.00516	0.00422	0.00129	0.00384	0.00412	0.00495	0.00715
18	0.01017	0.00997	0.01603	0.06461	0.61275	0.03340	0.03074	0.01256	0.01970	0.01301	0.00819	0.01075	0.01891	0.00439	0.00546	0.00134	0.11593	0.00383	0.00210	0.00616
19	0.32477	0.00783	0.00873	0.00700	0.00996	0.00790	0.00578	0.06773	0.01068	0.47419	0.01214	0.01128	0.00802	0.00477	0.00384	0.00131	0.02022	0.00350	0.00415	0.00618
20	0.00513	0.00377	0.00482	0.00560	0.00604	0.00346	0.00380	0.00596	0.00842	0.01106	0.05717	0.69841	0.14572	0.01262	0.00529	0.00165	0.00238	0.01133	0.00393	0.00346
21	0.01551	0.02008	0.03395	0.01086	0.01314	0.81316	0.00832	0.01669	0.01183	0.01037	0.00653	0.00762	0.00541	0.00432	0.00380	0.00109	0.00754	0.00272	0.00216	0.00491
22	0.00794	0.00747	0.01261	0.84216	0.02895	0.00934	0.01167	0.01074	0.00841	0.01074	0.00747	0.01121	0.00560	0.00420	0.00420	0.00140	0.00560	0.00374	0.00187	0.00467
23	0.01055	0.00908	0.00956	0.00857	0.01097	0.01050	0.00668	0.03583	0.80480	0.01774	0.01699	0.01559	0.01274	0.00569	0.00428	0.00142	0.00335	0.00474	0.00428	0.00666
24	0.00515	0.00367	0.00487	0.00582	0.00606	0.00343	0.00387	0.00586	0.00800	0.01066	0.02290	0.82759	0.02747	0.03555	0.00579	0.00177	0.00248	0.01179	0.00387	0.00339
25	0.00578	0.00429	0.00514	0.00500	0.00613	0.00381	0.00372	0.00732	0.01075	0.03015	0.45881	0.10017	0.32431	0.00964	0.00498	0.00139	0.00210	0.00835	0.00432	0.00383
26	0.00515	0.00371	0.00488	0.00577	0.00609	0.00344	0.00388	0.00594	0.00826	0.01099	0.05441	0.78630	0.05984	0.01290	0.00533	0.00168	0.00241	0.01166	0.00393	0.00344
27	0.00872	0.00747	0.00872	0.00623	0.00996	0.00560	0.00498	0.01058	0.00872	0.01370	0.00747	0.00872	0.00623	0.00311	0.00311	0.00062	0.00311	0.00249	0.00249	0.87796
28	0.00959	0.00762	0.00901	0.00654	0.01013	0.00606	0.00526	0.03368	0.00917	0.06634	0.00808	0.00913	0.00650	0.00342	0.00352	0.00072	0.02712	0.00267	0.00269	0.77275
29	0.00730	0.00365	0.00548	0.00548	0.00548	0.00365	0.00365	0.00548	0.00548	0.00730	0.00730	0.01278	0.00730	0.01460	0.01643	0.87769	0.00365	0.00365	0.00183	0.00183
30	0.00585	0.00429	0.00548	0.00518	0.00622	0.00392	0.00389	0.00774	0.01166	0.01629	0.74318	0.03234	0.12066	0.00881	0.00496	0.00133	0.00200	0.00773	0.00455	0.00392
31	0.00843	0.02174	0.83048	0.01198	0.01819	0.00976	0.01553	0.01331	0.00888	0.01331	0.00754	0.00888	0.00533	0.00399	0.00399	0.00133	0.00621	0.00311	0.00178	0.00621
32	0.00601	0.00450	0.00672	0.00672	0.00745	0.00523	0.00520	0.00748	0.00674	0.00973	0.01130	0.01672	0.01060	0.04660	0.82066	0.00671	0.01113	0.00453	0.00226	0.00373
33	0.00822	0.00786	0.01278	0.78968	0.06148	0.02805	0.01164	0.01097	0.00853	0.01085	0.00747	0.01109	0.00564	0.00419	0.00419	0.00139	0.00562	0.00371	0.00188	0.00476
34	0.00827	0.00717	0.01044	0.05562	0.13109	0.00794	0.05869	0.01299	0.23662	0.01278	0.01212	0.01520	0.01026	0.04952	0.34792	0.00370	0.00724	0.00451	0.00278	0.00512
35	0.88196	0.00813	0.00618	0.00553	0.00813	0.00943	0.00455	0.01236	0.00715	0.01886	0.00585	0.00683	0.00455	0.00390	0.00260	0.00130	0.00325	0.00228	0.00260	0.00455
36	0.00916	0.01967	0.68569	0.01248	0.01829	0.00969	0.11607	0.01370	0.00917	0.05552	0.00813	0.00947	0.00572	0.00400	0.00413	0.00134	0.00619	0.00340	0.00200	0.00619
37	0.00911	0.00685	0.00850	0.03620	0.01018	0.00659	0.02856	0.04820	0.16901	0.08192	0.06435	0.12593	0.07810	0.00704	0.00440	0.00130	0.00331	0.09123	0.00367	0.21556
38	0.02092	0.00841	0.01398	0.42752	0.35868	0.00934	0.01160	0.01193	0.02115	0.03402	0.00856	0.04007	0.00704	0.00437	0.00421	0.00134	0.00512	0.00403	0.00216	0.00555
39	0.01573	0.01163	0.01248	0.00955	0.01293	0.01278	0.00789	0.78420	0.01938	0.02605	0.01000	0.01004	0.00712	0.00498	0.00417	0.00124	0.00457	0.00374	0.00415	0.03738
40	0.00623	0.00538	0.00652	0.06116	0.06606	0.01666	0.00502	0.00812	0.04445	0.01262	0.16203	0.07458	0.46116	0.00920	0.00501	0.00142	0.01776	0.02881	0.00371	0.00408
41	0.00975	0.01109	0.02409	0.01725	0.02140	0.01038	0.78273	0.01321	0.00991	0.01339	0.00969	0.01235	0.03478	0.00379	0.00496	0.00142	0.00692	0.00510	0.00219	0.00560
42	0.00582	0.00429	0.00545	0.00516	0.00620	0.00391	0.00387	0.00769	0.01160	0.01616	0.72433	0.03255	0.13960	0.00886	0.00496	0.00133	0.00200	0.00776	0.00454	0.00391
43	0.00892	0.00760	0.00892	0.02544	0.01049	0.00591	0.00522	0.03445	0.00904	0.01401	0.00755	0.00881	0.00624	0.00320	0.00317	0.00066	0.00322	0.00256	0.00253	0.83206
44	0.00611	0.00409	0.00464	0.00464	0.00466	0.00411	0.00262	0.00615	0.00613	0.00819	0.01319	0.02722	0.01516	0.83037	0.04311	0.00415	0.00427	0.00607	0.00254	0.00258
45	0.01221	0.60667	0.03377	0.00860	0.03339	0.16808	0.00770	0.05172	0.02437	0.01106	0.00646	0.00736	0.00565	0.00385	0.00306	0.00098	0.00510	0.00251	0.00203	0.00545
46	0.01076	0.00925	0.00982	0.04353	0.03096	0.04370	0.00697	0.03879	0.65616	0.04246	0.03967	0.01562	0.02219	0.00565	0.00428	0.00140	0.00362	0.00470	0.00407	0.00641
47	0.00601	0.00450	0.00676	0.00676	0.00751	0.00525	0.00525	0.00751	0.00676	0.00976	0.01126	0.01651	0.01051	0.03153	0.83560	0.00676	0.01126	0.00450	0.00225	0.00375
48	0.00611	0.00408	0.00458	0.00458	0.00458	0.00408	0.00255	0.00611	0.00611	0.00815	0.01325	0.02751	0.01528	0.85226	0.02140	0.00408	0.00408	0.00611	0.00255	0.00255
49	0.01247	0.09196	0.04315	0.04512	0.22101	0.30837	0.11947	0.05671	0.03892	0.01279	0.00770	0.00932	0.00621	0.00408	0.00400	0.00119	0.00615	0.00342	0.00226	0.00570
50	0.00610	0.00452	0.00572	0.00541	0.00648	0.00426	0.00406	0.00851	0.05330	0.01642	0.71645	0.04985	0.08564	0.00867	0.00493	0.00134	0.00207	0.00763	0.00455	0.00407
51	0.02336	0.16199	0.23752	0.03374	0.04937	0.04751	0.02729	0.20748	0.04425	0.07910	0.00900	0.00976	0.00669	0.00495	0.02285	0.00134	0.00524	0.00335	0.00281	0.02240
52	0.01036	0.00974	0.08243	0.05243	0.07880	0.01918	0.10534	0.07191	0.03794	0.08527	0.02306	0.02624	0.00784	0.00452	0.01585	0.00115	0.01576	0.00364	0.00279	0.34575
53	0.00527	0.00381	0.00498	0.00567	0.00611	0.00352	0.00388	0.00625	0.00884	0.01190	0.17269	0.65702	0.07009	0.01219	0.00527	0.00162	0.00234	0.01099	0.00404	0.00352
54	0.02181	0.02611	0.10103	0.05378	0.15355	0.02151	0.28626	0.03426	0.00956	0.04517	0.01114	0.15770	0.01035	0.00569	0.00491	0.00142	0.03212	0.01560	0.00257	0.00546
55	0.01099	0.07432	0.27532	0.01460	0.23450	0.06649	0.03596	0.11483	0.02465	0.05014	0.02201	0.04079	0.00768	0.00453	0.00407	0.00127	0.00531	0.00381	0.00252	0.00620
56	0.00666	0.00433	0.00568	0.00563	0.00627	0.00469	0.00408	0.00783	0.00708	0.02785	0.01239	0.01935	0.01188	0.25337	0.43426	0.00480	0.00734	0.00483	0.16815	0.00352
57	0.00946	0.00915	0.01259	0.01080	0.01102	0.01259	0.00897	0.01115	0.06247	0.02566	0.00652	0.00974	0.00611	0.00720	0.01296	0.00180	0.77119	0.00376	0.00207	0.00479
58	0.00970	0.06202	0.01504	0.36731	0.37653	0.05863	0.01160	0.01216	0.00914	0.01203	0.00750	0.01032	0.00605	0.00395	0.00405	0.00127	0.00534	0.00356	0.00199	0.02182
59	0.00787	0.00475	0.00620	0.00560	0.00693	0.00437	0.00429	0.00994	0.02357	0.13004	0.67683	0.02835	0.03439	0.00798	0.00479	0.00131	0.00222	0.00699	0.02913	0.00445
60	0.00538	0.00478	0.02824	0.00512	0.00648	0.00390	0.00410	0.00672	0.00966	0.01203	0.11210	0.10801	0.56513	0.01059	0.00507	0.00149	0.00246	0.10113	0.00391	0.00369
61	0.00805	0.00651	0.00738	0.00720	0.00865	0.00700	0.00532	0.04297	0.37080	0.01464	0.04036	0.39552	0.01992	0.00907	0.00475	0.00152	0.00293	0.00799	0.00405	0.03538
62	0.00677	0.00484	0.00677	0.00774	0.00871	0.00484	0.00677	0.00871	0.00968	0.01258	0.02226	0.04742	0.02419	0.01161	0.00581	0.00194	0.00387	0.79775	0.00387	0.00387
63	0.00981	0.03397	0.60491	0.01189	0.04463	0.04379	0.01360	0.03712	0.00933	0.06578	0.00796	0.00925	0.00577	0.00440	0.00486	0.00135	0.08014	0.00324	0.00210	0.00610
64	0.01071	0.34386	0.16376	0.01034	0.08357	0.07592	0.02223	0.06462	0.07818	0.01280	0.02188	0.03599	0.01755	0.00524	0.02503	0.00130	0.01553	0.00347	0.00237	0.00568
65	0.00611	0.00408	0.00458	0.00458	0.00458	0.00408	0.00255	0.00611	0.00611	0.00815	0.01325	0.02751	0.01528	0.85226	0.02140	0.00408	0.00408	0.00611	0.00255	0.00255
66	0.00671	0.00482	0.00669	0.00763	0.00861	0.00480	0.00665	0.00862	0.00967	0.01254	0.02294	0.04719	0.05099	0.01158	0.00578	0.00192	0.00381	0.77133	0.00387	0.00386
67	0.01015	0.06819	0.14669	0.12831	0.28353	0.03673	0.06888	0.03133	0.04388	0.04602	0.00912	0.01140	0.02076	0.00466	0.00484	0.02360	0.03937	0.01441	0.00230	0.00584
68	0.01105	0.25392	0.14373	0.02171	0.12348	0.10411	0.04551	0.05058	0.06791	0.02405	0.00785	0.00945	0.00648	0.01902	0.00503	0.00128	0.09362	0.00327	0.00224	0.00570
69	0.00513	0.00407	0.00465	0.00497	0.00595	0.00359	0.00358	0.00615	0.00911	0.01141	0.07671	0.31394	0.47807	0.01200	0.02875	0.00167	0.00251	0.02032	0.00389	0.00354
70	0.06955	0.00743	0.00961	0.00745	0.01061	0.00676	0.00614	0.06278	0.02383	0.70885	0.03217	0.01401	0.01052	0.00519	0.00415	0.00130	0.00358	0.00416	0.00497	0.00693
71	0.00928	0.08183	0.02486	0.00686	0.01042	0.04103	0.01701	0.02473	0.02509	0.01341	0.00805	0.03607	0.00696	0.00364	0.00326	0.00075	0.00354	0.00290	0.00251	0.67780
72	0.00967	0.09296	0.05994	0.06496	0.15904	0.03537	0.01756	0.09219	0.11807	0.03033	0.04854	0.05050	0.10723	0.00800	0.07388	0.00176	0.01665	0.00486	0.00300	0.00548
73	0.00587	0.00664	0.11060	0.00610	0.00778	0.00486	0.00539	0.00758	0.00960	0.01265	0.20054	0.16137	0.37220	0.00962	0.00532	0.00146	0.04124	0.02346	0.00369	0.00401
74	0.00730	0.00365	0.00548	0.00548	0.00548	0.00365	0.00365	0.00548	0.00548	0.00730	0.00730	0.01278	0.00730	0.01460	0.01643	0.87769	0.00365	0.00365	0.00183	0.00183
75	0.00884	0.00787	0.01036	0.00740	0.01119	0.00612	0.08709	0.01088	0.00884	0.01367	0.00758	0.00898	0.00624	0.00316	0.00330	0.00070	0.00352	0.00274	0.00245	0.78908
76	0.00979	0.01010	0.12945	0.02194	0.07860	0.02520	0.02115	0.08144	0.01027	0.05552	0.06996	0.02385	0.02422	0.00431	0.00375	0.00098	0.00396	0.00358	0.00282	0.41911
77	0.02864	0.07815	0.31177	0.01242	0.11240	0.09436	0.04202	0.11307	0.01061	0.07047	0.00833	0.00976	0.00634	0.01639	0.02017	0.00142	0.05183	0.00339	0.00244	0.00601
78	0.01005	0.02686	0.26021	0.01899	0.41396	0.04581	0.09467	0.03583	0.00978	0.01368	0.00858	0.01051	0.02391	0.00401	0.00417	0.00128	0.00560	0.00372	0.00209	0.00627
79	0.00794	0.00747	0.01261	0.84216	0.02895	0.00934	0.01167	0.01074	0.00841	0.01074	0.00747	0.01121	0.00560	0.00420	0.00420	0.00140	0.00560	0.00374	0.00187	0.00467
80	0.00622	0.00512	0.00572	0.00560	0.01920	0.00489	0.00414	0.00931	0.13939	0.01395	0.26253	0.03311	0.44538	0.00944	0.01602	0.00146	0.00244	0.00771	0.00412	0.00422
81	0.01561	0.01065	0.01175	0.00908	0.01226	0.01152	0.00747	0.65460	0.01823	0.12633	0.06985	0.01216	0.00991	0.00532	0.00426	0.00127	0.00430	0.00412	0.00436	0.00692
82	0.00611	0.00408	0.00458	0.00458	0.00458	0.00408	0.00255	0.00611	0.00611	0.00815	0.01325	0.02751	0.01528	0.85226	0.02140	0.00408	0.00408	0.00611	0.00255	0.00255
83	0.00784	0.00392	0.00392	0.00392	0.00490	0.00392	0.00294	0.00980	0.00882	0.01567	0.01371	0.01567	0.01077	0.00490	0.00294	0.00098	0.00196	0.00392	0.87560	0.00392
84	0.00601	0.00450	0.00676	0.00676	0.00751	0.00525	0.00525	0.00751	0.00676	0.00976	0.01126	0.01651	0.01051	0.03153	0.83560	0.00676	0.01126	0.00450	0.00225	0.00375
85	0.01066	0.00872	0.02889	0.00895	0.02222	0.02649	0.01651	0.21476	0.25483	0.02946	0.03103	0.02510	0.01530	0.00751	0.00479	0.00155	0.00404	0.27948	0.00398	0.00571
86	0.01200	0.01192	0.19543	0.01090	0.04192	0.02728	0.14446	0.11469	0.02113	0.19311	0.05503	0.02738	0.00938	0.00465	0.00421	0.00124	0.00486	0.00412	0.00322	0.11306
87	0.00794	0.00747	0.01261	0.84216	0.02895	0.00934	0.01167	0.01074	0.00841	0.01074	0.00747	0.01121	0.00560	0.00420	0.00420	0.00140	0.00560	0.00374	0.00187	0.00467
88	0.48382	0.00809	0.00836	0.00929	0.13880	0.02263	0.00626	0.03795	0.04709	0.03073	0.02967	0.03598	0.04522	0.00565	0.01503	0.00143	0.00371	0.06240	0.00292	0.00497

[dist]
# distance from previous block
# <min> <max>
2	21

[block]
# block no. 1 follows, 63 sequences, length 29
# corresponding to MSA columns:
# 518-546
name=unknown_B
#
# <colnr> <probs for GDERKNQSTAVLIFYWHMCP>
#	G	D	E	R	K	N	Q	S	T	A	V	L	I	F	Y	W	H	M	C	P
0	0.17128	0.10210	0.02722	0.00884	0.01206	0.05551	0.02020	0.48072	0.04840	0.02168	0.00890	0.00924	0.00659	0.00463	0.00374	0.00123	0.00453	0.00334	0.00348	0.00631
1	0.00784	0.00392	0.00392	0.00392	0.00490	0.00392	0.00294	0.00980	0.00882	0.01567	0.01371	0.01567	0.01077	0.00490	0.00294	0.00098	0.00196	0.00392	0.87560	0.00392
2	0.04000	0.03026	0.01214	0.01089	0.02624	0.64829	0.00824	0.02760	0.01098	0.01081	0.00640	0.00788	0.00545	0.00477	0.00526	0.00121	0.13367	0.00287	0.00215	0.00490
3	0.01851	0.00717	0.00972	0.00744	0.01070	0.00616	0.00614	0.02014	0.01192	0.80068	0.01627	0.01411	0.01026	0.00513	0.00419	0.00128	0.00356	0.00417	0.00511	0.03735
4	0.01040	0.00999	0.01706	0.02580	0.82604	0.00999	0.01290	0.01290	0.00957	0.01373	0.00791	0.01040	0.00666	0.00375	0.00416	0.00125	0.00499	0.00375	0.00208	0.00666
5	0.01083	0.22539	0.41683	0.01060	0.01547	0.01196	0.05943	0.14964	0.01081	0.04017	0.00790	0.00887	0.00588	0.00409	0.00377	0.00122	0.00549	0.00316	0.00232	0.00617
6	0.88196	0.00813	0.00618	0.00553	0.00813	0.00943	0.00455	0.01236	0.00715	0.01886	0.00585	0.00683	0.00455	0.00390	0.00260	0.00130	0.00325	0.00228	0.00260	0.00455
7	0.01571	0.01970	0.01194	0.01078	0.01300	0.80153	0.00812	0.04953	0.01224	0.01096	0.00665	0.00768	0.00549	0.00436	0.00381	0.00109	0.00746	0.00275	0.00225	0.00497
8	0.00872	0.00747	0.00872	0.00623	0.00996	0.00560	0.00498	0.01058	0.00872	0.01370	0.00747	0.00872	0.00623	0.00311	0.00311	0.00062	0.00311	0.00249	0.00249	0.87796
9	0.00611	0.00408	0.00458	0.00458	0.00458	0.00408	0.00255	0.00611	0.00611	0.00815	0.01325	0.02751	0.01528	0.85226	0.02140	0.00408	0.00408	0.00611	0.00255	0.00255
10	0.79104	0.00838	0.03204	0.00610	0.02500	0.00917	0.00496	0.01207	0.00720	0.01802	0.00633	0.00805	0.00518	0.04829	0.00366	0.00145	0.00342	0.00253	0.00256	0.00454
11	0.01011	0.00792	0.00921	0.00668	0.01034	0.00645	0.00538	0.09900	0.01012	0.06305	0.00829	0.00920	0.00657	0.00345	0.00330	0.00073	0.00331	0.00273	0.00284	0.73131
12	0.00611	0.00408	0.00458	0.00458	0.00458	0.00408	0.00255	0.00611	0.00611	0.00815	0.01325	0.02751	0.01528	0.85226	0.02140	0.00408	0.00408	0.00611	0.00255	0.00255
13	0.00730	0.00365	0.00548	0.00548	0.00548	0.00365	0.00365	0.00548	0.00548	0.00730	0.00730	0.01278	0.00730	0.01460	0.01643	0.87769	0.00365	0.00365	0.00183	0.00183
14	0.01160	0.74297	0.04741	0.00772	0.01125	0.09939	0.00756	0.01304	0.00889	0.01004	0.00597	0.00690	0.00539	0.00368	0.00285	0.00093	0.00486	0.00232	0.00183	0.00537
15	0.01068	0.01005	0.04453	0.04315	0.01214	0.04438	0.00734	0.04898	0.68970	0.01714	0.01563	0.01468	0.01171	0.00549	0.00424	0.00140	0.00376	0.00452	0.00398	0.00650
16	0.00604	0.00421	0.00520	0.00520	0.00547	0.00440	0.00335	0.00651	0.00642	0.00873	0.01370	0.02479	0.04231	0.58570	0.25595	0.00476	0.00608	0.00575	0.00251	0.00293
17	0.14230	0.07231	0.02940	0.01131	0.08156	0.46382	0.04674	0.04497	0.02107	0.02579	0.00701	0.00819	0.00568	0.00423	0.00383	0.00117	0.02014	0.00292	0.00233	0.00522
18	0.00526	0.00427	0.00466	0.00456	0.00585	0.00367	0.00342	0.00659	0.01026	0.01297	0.27134	0.03780	0.59457	0.01005	0.00497	0.00139	0.00209	0.00850	0.00412	0.00367
19	0.01136	0.70467	0.09772	0.00791	0.01168	0.05563	0.00806	0.04197	0.00915	0.01084	0.00619	0.00711	0.00545	0.00372	0.00293	0.00096	0.00481	0.00241	0.00190	0.00551
20	0.00611	0.00408	0.00458	0.00458	0.00458	0.00408	0.00255	0.00611	0.00611	0.00815	0.01325	0.02751	0.01528	0.85226	0.02140	0.00408	0.00408	0.00611	0.00255	0.00255
21	0.00766	0.00548	0.00656	0.00592	0.00731	0.01969	0.00453	0.06176	0.05774	0.06016	0.63039	0.02824	0.07194	0.00805	0.00481	0.00132	0.00242	0.00699	0.00453	0.00449
22	0.22202	0.24241	0.05383	0.05086	0.17265	0.04139	0.03024	0.08235	0.00970	0.04868	0.00732	0.00856	0.00584	0.00397	0.00339	0.00118	0.00458	0.00297	0.00242	0.00566
23	0.01598	0.01177	0.01262	0.00967	0.01304	0.01304	0.00799	0.81202	0.01976	0.02649	0.01009	0.01009	0.00715	0.00505	0.00421	0.00126	0.00463	0.00378	0.00421	0.00715
24	0.00817	0.01958	0.71921	0.01138	0.01700	0.00915	0.03639	0.01267	0.00915	0.01351	0.06836	0.01168	0.03626	0.00455	0.00412	0.00134	0.00579	0.00369	0.00207	0.00594
25	0.00616	0.00418	0.00488	0.00507	0.01953	0.00420	0.00285	0.00627	0.00625	0.00837	0.01339	0.05103	0.01536	0.78948	0.04327	0.00403	0.00424	0.00620	0.00257	0.00268
26	0.00602	0.00445	0.00649	0.00649	0.00714	0.00511	0.00492	0.00733	0.00668	0.00956	0.01151	0.01789	0.01111	0.13396	0.73398	0.00642	0.01036	0.00470	0.00229	0.00360
27	0.65310	0.00884	0.00769	0.00690	0.03231	0.03674	0.00542	0.09390	0.00915	0.10203	0.00746	0.00805	0.00550	0.00416	0.00301	0.00129	0.00362	0.00268	0.00300	0.00515
28	0.00872	0.00747	0.00872	0.00623	0.00996	0.00560	0.00498	0.01058	0.00872	0.01370	0.00747	0.00872	0.00623	0.00311	0.00311	0.00062	0.00311	0.00249	0.00249	0.87796

[dist]
# distance from previous block
# <min> <max>
9	11

[block]
# block no. 2 follows, 63 sequences, length 11
# corresponding to MSA columns:
# 559-569
name=unknown_C
#
# <colnr> <probs for GDERKNQSTAVLIFYWHMCP>
#	G	D	E	R	K	N	Q	S	T	A	V	L	I	F	Y	W	H	M	C	P
0	0.00717	0.00566	0.02943	0.04378	0.00958	0.00538	0.00666	0.00976	0.06245	0.03376	0.05842	0.04034	0.11722	0.01029	0.00541	0.00176	0.00368	0.54123	0.00382	0.00420
1	0.02721	0.06433	0.00993	0.00837	0.06582	0.00699	0.00632	0.03812	0.04881	0.38513	0.07929	0.07243	0.04757	0.00650	0.00436	0.00134	0.00350	0.07823	0.00423	0.04154
2	0.03039	0.10254	0.16985	0.02441	0.13736	0.02928	0.07919	0.07430	0.05864	0.06931	0.03990	0.05074	0.03845	0.01819	0.03048	0.00152	0.01716	0.01976	0.00279	0.00572
3	0.00995	0.00976	0.01766	0.08978	0.34998	0.00979	0.27074	0.06174	0.03431	0.01406	0.00980	0.06860	0.00849	0.00466	0.00455	0.00137	0.00546	0.02095	0.00243	0.00592
4	0.00730	0.00365	0.00548	0.00548	0.00548	0.00365	0.00365	0.00548	0.00548	0.00730	0.00730	0.01278	0.00730	0.01460	0.01643	0.87769	0.00365	0.00365	0.00183	0.00183
5	0.02538	0.01137	0.01464	0.13763	0.25548	0.17785	0.11637	0.04637	0.03629	0.03236	0.00897	0.04728	0.00759	0.00467	0.00452	0.00130	0.03107	0.01442	0.00242	0.02401
6	0.01031	0.06137	0.25941	0.05373	0.16862	0.08367	0.13230	0.04036	0.03194	0.04447	0.00945	0.03052	0.02396	0.00508	0.02543	0.00143	0.00583	0.00393	0.00231	0.00587
7	0.00979	0.00973	0.03379	0.13060	0.50331	0.02909	0.06758	0.03116	0.02254	0.01351	0.04471	0.01247	0.03251	0.00492	0.02142	0.00141	0.01902	0.00414	0.00230	0.00598
8	0.00601	0.00448	0.00662	0.00662	0.00732	0.00518	0.00508	0.00742	0.00671	0.00966	0.01139	0.01722	0.01082	0.08409	0.78346	0.00658	0.01080	0.00461	0.00227	0.00368
9	0.01010	0.04749	0.00994	0.00699	0.01045	0.03005	0.00567	0.07941	0.05779	0.04272	0.00843	0.00933	0.00676	0.00367	0.00359	0.00080	0.02510	0.00282	0.00278	0.63611
10	0.07260	0.00792	0.00955	0.00775	0.03181	0.00745	0.00609	0.17015	0.01233	0.34204	0.06944	0.03272	0.02681	0.00515	0.00398	0.00117	0.00354	0.00415	0.00411	0.18123

[dist]
# distance from previous block
# <min> <max>
0	1

[block]
# block no. 3 follows, 63 sequences, length 42
# corresponding to MSA columns:
# 571-578,597-630
name=unknown_D
#
# <colnr> <probs for GDERKNQSTAVLIFYWHMCP>
#	G	D	E	R	K	N	Q	S	T	A	V	L	I	F	Y	W	H	M	C	P
0	0.01044	0.04285	0.10714	0.07396	0.28491	0.05469	0.07877	0.09484	0.08153	0.01469	0.04009	0.01295	0.00892	0.00515	0.01750	0.00141	0.02367	0.03788	0.00261	0.00598
1	0.00716	0.00374	0.00558	0.00558	0.00565	0.00381	0.00378	0.00568	0.00561	0.00755	0.00779	0.01340	0.00775	0.03158	0.09457	0.77869	0.00438	0.00378	0.00188	0.00202
2	0.00878	0.00757	0.00904	0.00698	0.04158	0.00577	0.00529	0.01067	0.00875	0.01370	0.00749	0.00878	0.00624	0.00314	0.00315	0.00065	0.00319	0.00254	0.00247	0.84421
3	0.00593	0.00430	0.00559	0.00526	0.00627	0.00396	0.00395	0.00789	0.01184	0.01672	0.80487	0.03162	0.05870	0.00864	0.00496	0.00132	0.00199	0.00763	0.00461	0.00396
4	0.00514	0.00380	0.00481	0.00561	0.00609	0.00347	0.00385	0.00596	0.00837	0.01089	0.02664	0.68372	0.17110	0.01268	0.00531	0.00166	0.00242	0.03114	0.00390	0.00345
5	0.01833	0.00732	0.00981	0.00750	0.01078	0.00638	0.00619	0.04645	0.01215	0.76751	0.01598	0.01393	0.01012	0.00511	0.00418	0.00127	0.00359	0.00414	0.00505	0.04421
6	0.00611	0.00408	0.00458	0.00458	0.00458	0.00408	0.00255	0.00611	0.00611	0.00815	0.01325	0.02751	0.01528	0.85226	0.02140	0.00408	0.00408	0.00611	0.00255	0.00255
7	0.01078	0.00879	0.00943	0.00840	0.01077	0.01000	0.00658	0.06076	0.69356	0.04966	0.05542	0.01669	0.01395	0.00590	0.00433	0.00142	0.00335	0.01938	0.00432	0.00652
8	0.88196	0.00813	0.00618	0.00553	0.00813	0.00943	0.00455	0.01236	0.00715	0.01886	0.00585	0.00683	0.00455	0.00390	0.00260	0.00130	0.00325	0.00228	0.00260	0.00455
9	0.01886	0.00715	0.00976	0.00748	0.01073	0.00618	0.00618	0.02049	0.01203	0.82895	0.01658	0.01431	0.01041	0.00520	0.00423	0.00130	0.00358	0.00423	0.00520	0.00715
10	0.00872	0.00747	0.00872	0.00623	0.00996	0.00560	0.00498	0.01058	0.00872	0.01370	0.00747	0.00872	0.00623	0.00311	0.00311	0.00062	0.00311	0.00249	0.00249	0.87796
11	0.05612	0.00720	0.00960	0.00740	0.01062	0.00632	0.00611	0.02014	0.01182	0.79398	0.01612	0.01399	0.01015	0.00515	0.00416	0.00130	0.00356	0.00414	0.00509	0.00704
12	0.01599	0.01144	0.01237	0.00952	0.01285	0.01258	0.00785	0.74627	0.04085	0.07135	0.01065	0.01048	0.00749	0.00507	0.00421	0.00127	0.00453	0.00384	0.00426	0.00714
13	0.00611	0.00409	0.00464	0.00464	0.00466	0.00411	0.00262	0.00615	0.00613	0.00819	0.01319	0.02721	0.01515	0.82984	0.04364	0.00415	0.00427	0.00607	0.00254	0.00258
14	0.00872	0.00747	0.00872	0.00623	0.00996	0.00560	0.00498	0.01058	0.00872	0.01370	0.00747	0.00872	0.00623	0.00311	0.00311	0.00062	0.00311	0.00249	0.00249	0.87796
15	0.00587	0.00429	0.00551	0.00521	0.00623	0.00393	0.00391	0.00778	0.01172	0.01642	0.76191	0.03212	0.10185	0.00876	0.00496	0.00133	0.00199	0.00770	0.00457	0.00393
16	0.01003	0.01099	0.02377	0.01707	0.02117	0.01028	0.76342	0.01343	0.00992	0.03635	0.00918	0.03707	0.00715	0.00388	0.00495	0.00142	0.00685	0.00515	0.00227	0.00564
17	0.00898	0.03262	0.08697	0.01116	0.13280	0.04913	0.09696	0.03405	0.00928	0.06446	0.02257	0.23661	0.02612	0.08957	0.00646	0.01816	0.00439	0.03653	0.00297	0.03019
18	0.00855	0.03534	0.77837	0.01172	0.01767	0.02432	0.01497	0.01322	0.00898	0.01324	0.01912	0.00971	0.00609	0.00417	0.00401	0.00133	0.00611	0.01512	0.00185	0.00611
19	0.01545	0.01962	0.01195	0.01084	0.01292	0.80352	0.00816	0.01653	0.01170	0.01028	0.00646	0.00764	0.00542	0.00445	0.00418	0.00111	0.04001	0.00275	0.00215	0.00486
20	0.00815	0.00722	0.01145	0.29069	0.26369	0.00782	0.00932	0.01087	0.04458	0.01323	0.15553	0.08840	0.02725	0.00582	0.00439	0.00135	0.00421	0.00527	0.03566	0.00508
21	0.09054	0.06832	0.15800	0.03162	0.17622	0.01005	0.04554	0.01995	0.00848	0.01304	0.04885	0.02551	0.00819	0.02042	0.03928	0.00162	0.17708	0.00378	0.00222	0.05128
22	0.00516	0.00372	0.00491	0.00583	0.00614	0.00347	0.00394	0.00594	0.00812	0.01077	0.02385	0.78547	0.06401	0.01333	0.01897	0.00178	0.00259	0.02468	0.00387	0.00343
23	0.00961	0.01043	0.01974	0.01488	0.01733	0.01158	0.47065	0.01204	0.00844	0.01204	0.00724	0.01043	0.00601	0.00516	0.00871	0.00160	0.36245	0.00442	0.00200	0.00522
24	0.01024	0.00974	0.01714	0.13061	0.61436	0.00988	0.09945	0.01287	0.00952	0.03380	0.00813	0.01071	0.00659	0.00382	0.00426	0.00129	0.00527	0.00389	0.00214	0.00630
25	0.00656	0.00469	0.00658	0.00646	0.00719	0.00548	0.00502	0.00808	0.00711	0.01087	0.01139	0.01608	0.01032	0.03988	0.60970	0.00529	0.06363	0.00437	0.16747	0.00382
26	0.00523	0.00376	0.00498	0.00584	0.00619	0.00350	0.00399	0.00610	0.00842	0.01126	0.08337	0.74727	0.04356	0.01273	0.00534	0.00168	0.00245	0.03690	0.00396	0.00347
27	0.02256	0.02559	0.10931	0.11777	0.15948	0.05324	0.12650	0.02429	0.04086	0.01377	0.17374	0.01651	0.05741	0.02092	0.00488	0.00138	0.01891	0.00487	0.00276	0.00525
28	0.00726	0.00367	0.00544	0.00544	0.00544	0.00367	0.00361	0.00550	0.00550	0.00733	0.00753	0.01333	0.00760	0.04623	0.01662	0.84471	0.00367	0.00374	0.00185	0.00185
29	0.01567	0.01530	0.01220	0.01014	0.01295	0.37320	0.00800	0.43733	0.04295	0.01910	0.00875	0.00918	0.00658	0.00476	0.00403	0.00119	0.00588	0.00335	0.00331	0.00614
30	0.01092	0.35760	0.11757	0.03759	0.05301	0.09335	0.03043	0.04586	0.08056	0.02503	0.04468	0.01034	0.01577	0.01344	0.00401	0.00116	0.02781	0.00330	0.00239	0.02516
31	0.01124	0.26225	0.09908	0.02583	0.17130	0.08390	0.04907	0.10820	0.03190	0.02497	0.00957	0.02974	0.04155	0.00455	0.00389	0.00117	0.01522	0.00363	0.00245	0.02050
32	0.00557	0.00435	0.00515	0.00534	0.00643	0.00403	0.00412	0.00683	0.00919	0.01164	0.10034	0.07722	0.43473	0.06417	0.10007	0.00228	0.00359	0.14763	0.00369	0.00360
33	0.00889	0.09174	0.14540	0.08628	0.06184	0.03050	0.09982	0.03639	0.03750	0.04569	0.02252	0.21535	0.03137	0.01678	0.00484	0.00145	0.01992	0.03581	0.00284	0.00508
34	0.04790	0.17138	0.10311	0.02256	0.10464	0.19970	0.03789	0.07553	0.09424	0.04435	0.00905	0.01089	0.00736	0.00460	0.00399	0.00122	0.01922	0.03403	0.00261	0.00573
35	0.04393	0.02521	0.10851	0.12611	0.39679	0.00925	0.04546	0.02573	0.02075	0.05818	0.00984	0.06005	0.00851	0.00483	0.00424	0.00134	0.00493	0.03794	0.00245	0.00593
36	0.01732	0.00758	0.00991	0.02644	0.01122	0.00705	0.00646	0.09463	0.05636	0.65394	0.03618	0.01501	0.01113	0.00541	0.00428	0.00132	0.00367	0.02023	0.00494	0.00692
37	0.01090	0.03387	0.04391	0.15153	0.35035	0.13378	0.04104	0.02666	0.05631	0.03518	0.02618	0.01080	0.00734	0.00438	0.00464	0.00129	0.04997	0.00372	0.00233	0.00583
38	0.01162	0.17805	0.08442	0.03765	0.09651	0.08472	0.05758	0.10517	0.10162	0.08529	0.03121	0.05270	0.02213	0.00533	0.01272	0.00131	0.01908	0.00413	0.00294	0.00584
39	0.00615	0.00407	0.00466	0.00466	0.00468	0.00409	0.00264	0.00612	0.00611	0.00816	0.01300	0.02678	0.01491	0.80666	0.03877	0.03325	0.00422	0.00600	0.00252	0.00255
40	0.00514	0.00435	0.00467	0.03603	0.00661	0.00378	0.00359	0.00630	0.00957	0.01157	0.07926	0.08200	0.71178	0.01044	0.00496	0.00143	0.00227	0.00878	0.00386	0.00360
41	0.01053	0.01007	0.02850	0.18209	0.56568	0.04519	0.01208	0.03552	0.02097	0.03727	0.00820	0.01059	0.00659	0.00397	0.00416	0.00128	0.00517	0.00372	0.00222	0.00622

[dist]
# distance from previous block
# <min> <max>
0	1

[block]
# block no. 4 follows, 63 sequences, length 43
# corresponding to MSA columns:
# 632-641,651-659,744-767
name=unknown_E
#
# <colnr> <probs for GDERKNQSTAVLIFYWHMCP>
#	G	D	E	R	K	N	Q	S	T	A	V	L	I	F	Y	W	H	M	C	P
0	0.01167	0.01202	0.01175	0.04805	0.12971	0.26321	0.03110	0.06227	0.16005	0.03051	0.07601	0.01367	0.04651	0.00583	0.01899	0.00139	0.06460	0.00420	0.00296	0.00549
1	0.00545	0.00390	0.00515	0.00603	0.00642	0.00369	0.00427	0.00634	0.00824	0.01089	0.02302	0.64053	0.05179	0.06547	0.00643	0.00188	0.00277	0.14047	0.00381	0.00344
2	0.00974	0.00816	0.00967	0.00774	0.05489	0.00680	0.00580	0.11358	0.01018	0.01534	0.00783	0.00899	0.00637	0.00340	0.00331	0.00074	0.00341	0.00273	0.00269	0.71864
3	0.14099	0.00880	0.03096	0.27599	0.32424	0.00918	0.02145	0.02205	0.00895	0.01370	0.02307	0.01126	0.03083	0.00419	0.00392	0.00128	0.00472	0.00367	0.00224	0.05853
4	0.80398	0.00812	0.00654	0.01961	0.00867	0.00936	0.00481	0.01300	0.03979	0.04552	0.00669	0.00750	0.00510	0.00402	0.00275	0.00131	0.00330	0.00246	0.00274	0.00472
5	0.18598	0.00816	0.00974	0.00803	0.03654	0.00800	0.00636	0.14219	0.01221	0.52024	0.01321	0.01207	0.00864	0.00488	0.00391	0.00129	0.00372	0.00376	0.00444	0.00663
6	0.00611	0.00410	0.00470	0.00470	0.00475	0.00414	0.00270	0.00619	0.00615	0.00824	0.01314	0.02691	0.01502	0.80722	0.06609	0.00422	0.00447	0.00602	0.00253	0.00261
7	0.00536	0.00418	0.00488	0.00504	0.00609	0.00370	0.00374	0.00665	0.00989	0.01276	0.24573	0.20196	0.41080	0.01066	0.00509	0.00148	0.00225	0.05199	0.00409	0.00365
8	0.83041	0.00807	0.00639	0.00564	0.00829	0.00924	0.00465	0.01284	0.00745	0.06724	0.00649	0.00728	0.00490	0.00398	0.00270	0.00130	0.00327	0.00239	0.00276	0.00471
9	0.00507	0.00420	0.00444	0.00452	0.00577	0.00357	0.00334	0.00617	0.00961	0.01175	0.10592	0.12796	0.67170	0.01075	0.00501	0.00144	0.00215	0.00910	0.00396	0.00357
10	0.00920	0.00920	0.01288	0.01104	0.01104	0.01288	0.00920	0.01012	0.00644	0.01012	0.00552	0.00920	0.00552	0.00736	0.01380	0.00184	0.84457	0.00368	0.00184	0.00460
11	0.00514	0.00367	0.00487	0.00582	0.00606	0.00343	0.00387	0.00586	0.00800	0.01067	0.02294	0.83066	0.02752	0.03242	0.00573	0.00176	0.00248	0.01182	0.00387	0.00339
12	0.00794	0.00747	0.01261	0.84216	0.02895	0.00934	0.01167	0.01074	0.00841	0.01074	0.00747	0.01121	0.00560	0.00420	0.00420	0.00140	0.00560	0.00374	0.00187	0.00467
13	0.01527	0.01940	0.01161	0.01057	0.01270	0.80211	0.00793	0.01636	0.01182	0.01033	0.00794	0.00890	0.03818	0.00458	0.00384	0.00110	0.00736	0.00295	0.00224	0.00482
14	0.88196	0.00813	0.00618	0.00553	0.00813	0.00943	0.00455	0.01236	0.00715	0.01886	0.00585	0.00683	0.00455	0.00390	0.00260	0.00130	0.00325	0.00228	0.00260	0.00455
15	0.00597	0.00595	0.04030	0.00657	0.00852	0.00484	0.11070	0.00762	0.00974	0.01226	0.11155	0.04897	0.55364	0.01962	0.00512	0.00144	0.00301	0.02017	0.00361	0.02040
16	0.01124	0.85479	0.02203	0.00719	0.01079	0.01663	0.00719	0.01259	0.00854	0.00989	0.00584	0.00674	0.00539	0.00360	0.00270	0.00090	0.00450	0.00225	0.00180	0.00539
17	0.00730	0.00365	0.00548	0.00548	0.00548	0.00365	0.00365	0.00548	0.00548	0.00730	0.00730	0.01278	0.00730	0.01460	0.01643	0.87769	0.00365	0.00365	0.00183	0.00183
18	0.03352	0.00574	0.02996	0.00657	0.03992	0.02001	0.00490	0.00955	0.04866	0.04406	0.61188	0.02803	0.08513	0.00793	0.00475	0.00132	0.00249	0.00691	0.00429	0.00438
19	0.00875	0.00858	0.01318	0.67902	0.13801	0.05956	0.01163	0.01141	0.00878	0.01113	0.00747	0.01088	0.00574	0.00415	0.00417	0.00136	0.00564	0.00367	0.00192	0.00496
20	0.01836	0.00727	0.00974	0.00754	0.01074	0.00643	0.00621	0.02060	0.06031	0.78038	0.01662	0.01439	0.01055	0.00523	0.00423	0.00131	0.00356	0.00426	0.00515	0.00712
21	0.00784	0.00392	0.00392	0.00392	0.00490	0.00392	0.00294	0.00980	0.00882	0.01567	0.01371	0.01567	0.01077	0.00490	0.00294	0.00098	0.00196	0.00392	0.87560	0.00392
22	0.00915	0.09582	0.53220	0.04166	0.05228	0.01060	0.14764	0.02486	0.02298	0.01321	0.00776	0.00937	0.00573	0.00392	0.00406	0.00131	0.00606	0.00342	0.00193	0.00603
23	0.00853	0.00813	0.01123	0.00979	0.00982	0.01107	0.00793	0.00933	0.00643	0.00981	0.00723	0.02625	0.00758	0.13799	0.04756	0.00238	0.66849	0.00422	0.00200	0.00423
24	0.00595	0.00468	0.00530	0.00502	0.00635	0.00426	0.00380	0.03898	0.02948	0.01448	0.37996	0.03476	0.43286	0.00942	0.00492	0.00137	0.00219	0.00803	0.00424	0.00394
25	0.02688	0.03192	0.01313	0.07626	0.22040	0.05324	0.03698	0.16644	0.04669	0.03432	0.00856	0.01000	0.00674	0.00415	0.00421	0.00113	0.03455	0.00342	0.00274	0.21825
26	0.03641	0.32671	0.06600	0.01000	0.05923	0.05021	0.04656	0.15269	0.08530	0.01443	0.00850	0.01021	0.00709	0.01421	0.01423	0.00130	0.06717	0.02140	0.00258	0.00576
27	0.01482	0.01138	0.01162	0.00930	0.01233	0.07099	0.00754	0.53232	0.17758	0.07180	0.02937	0.01174	0.00906	0.00521	0.00421	0.00129	0.00446	0.00401	0.00414	0.00682
28	0.00984	0.00849	0.01101	0.00848	0.04143	0.00726	0.07977	0.11275	0.02504	0.01537	0.00809	0.00932	0.00649	0.00347	0.00348	0.00081	0.00374	0.00297	0.00269	0.63948
29	0.02638	0.03853	0.01263	0.03680	0.05726	0.43369	0.07200	0.07921	0.02502	0.01253	0.00952	0.06070	0.00876	0.00554	0.00452	0.00128	0.03477	0.07321	0.00259	0.00507
30	0.00512	0.00366	0.00488	0.00585	0.00610	0.00341	0.00390	0.00585	0.00805	0.01073	0.02317	0.84952	0.02780	0.01317	0.00537	0.00171	0.00244	0.01195	0.00390	0.00341
31	0.00611	0.00408	0.00458	0.00458	0.00458	0.00408	0.00255	0.00611	0.00611	0.00815	0.01325	0.02751	0.01528	0.85226	0.02140	0.00408	0.00408	0.00611	0.00255	0.00255
32	0.01812	0.00835	0.01050	0.00805	0.01133	0.00795	0.00665	0.22525	0.01403	0.62137	0.01491	0.01322	0.00956	0.00516	0.00422	0.00129	0.00385	0.00411	0.00494	0.00715
33	0.03068	0.00809	0.01018	0.00785	0.01103	0.00768	0.00647	0.19708	0.01368	0.60513	0.04677	0.01393	0.01074	0.00528	0.00423	0.00129	0.00374	0.00423	0.00492	0.00699
34	0.01056	0.00732	0.00883	0.00644	0.01000	0.00567	0.00518	0.01239	0.00944	0.16831	0.03252	0.01042	0.00797	0.00367	0.00338	0.00077	0.00317	0.00297	0.00307	0.68794
35	0.00992	0.01134	0.02481	0.01772	0.02197	0.01063	0.81077	0.01347	0.00992	0.01347	0.00850	0.01134	0.00638	0.00354	0.00496	0.00142	0.00709	0.00496	0.00213	0.00567
36	0.00784	0.00392	0.00392	0.00392	0.00490	0.00392	0.00294	0.00980	0.00882	0.01567	0.01371	0.01567	0.01077	0.00490	0.00294	0.00098	0.00196	0.00392	0.87560	0.00392
37	0.00532	0.00384	0.00504	0.00565	0.00613	0.00356	0.00389	0.00639	0.00908	0.01230	0.22595	0.61123	0.06218	0.01192	0.00525	0.00160	0.00231	0.01073	0.00409	0.00356
38	0.88196	0.00813	0.00618	0.00553	0.00813	0.00943	0.00455	0.01236	0.00715	0.01886	0.00585	0.00683	0.00455	0.00390	0.00260	0.00130	0.00325	0.00228	0.00260	0.00455
39	0.00601	0.00450	0.00676	0.00676	0.00751	0.00525	0.00525	0.00751	0.00676	0.00976	0.01126	0.01651	0.01051	0.03153	0.83560	0.00676	0.01126	0.00450	0.00225	0.00375
40	0.00941	0.00943	0.01419	0.50479	0.16284	0.08326	0.07731	0.03262	0.00929	0.01184	0.00785	0.02566	0.00627	0.00433	0.00445	0.00136	0.02401	0.00389	0.00205	0.00515
41	0.13223	0.01843	0.01114	0.01012	0.01234	0.72428	0.00764	0.01619	0.01127	0.01144	0.00641	0.00748	0.00530	0.00427	0.00363	0.00111	0.00700	0.00265	0.00222	0.00483
42	0.00852	0.02121	0.79176	0.01247	0.03929	0.00979	0.03280	0.01331	0.00892	0.01333	0.00757	0.00897	0.00538	0.00398	0.00402	0.00133	0.00620	0.00316	0.00179	0.00621

[dist]
# distance from previous block
# <min> <max>
0	1

[block]
# block no. 5 follows, 63 sequences, length 17
# corresponding to MSA columns:
# 769-785
name=unknown_F
#
# <colnr> <probs for GDERKNQSTAVLIFYWHMCP>
#	G	D	E	R	K	N	Q	S	T	A	V	L	I	F	Y	W	H	M	C	P
0	0.84667	0.00826	0.00693	0.00602	0.00869	0.00948	0.03717	0.01240	0.00727	0.01864	0.00596	0.00701	0.00463	0.00389	0.00270	0.00131	0.00341	0.00238	0.00258	0.00460
1	0.01144	0.01053	0.05176	0.02592	0.37439	0.04895	0.02898	0.15962	0.02535	0.05358	0.04641	0.02679	0.00874	0.00445	0.00411	0.00120	0.00467	0.00393	0.00284	0.10633
2	0.01207	0.00594	0.00750	0.00680	0.00861	0.02849	0.00516	0.01355	0.03212	0.39849	0.01985	0.38928	0.03633	0.00889	0.00474	0.00148	0.00314	0.00777	0.00448	0.00532
3	0.00999	0.00848	0.00947	0.00892	0.03883	0.00974	0.00671	0.05043	0.63486	0.01660	0.01562	0.01541	0.01204	0.00957	0.13169	0.00223	0.00465	0.00464	0.00389	0.00623
4	0.00948	0.02021	0.04285	0.05615	0.12112	0.01924	0.05426	0.09143	0.04556	0.04333	0.04006	0.05060	0.02682	0.03626	0.02875	0.00158	0.02350	0.13739	0.00305	0.14835
5	0.02769	0.08841	0.45967	0.01041	0.01528	0.01080	0.01177	0.19103	0.04897	0.08330	0.00912	0.00969	0.00649	0.00437	0.00394	0.00128	0.00531	0.00334	0.00273	0.00642
6	0.00628	0.00454	0.00617	0.00706	0.00791	0.00443	0.00587	0.00788	0.00932	0.01209	0.02405	0.22009	0.08766	0.01187	0.00565	0.00185	0.00343	0.56624	0.00388	0.00375
7	0.00784	0.00392	0.00392	0.00392	0.00490	0.00392	0.00294	0.00980	0.00882	0.01567	0.01371	0.01567	0.01077	0.00490	0.00294	0.00098	0.00196	0.00392	0.87560	0.00392
8	0.00572	0.00417	0.00573	0.00629	0.00677	0.00406	0.02226	0.00667	0.00802	0.01067	0.02073	0.49500	0.03992	0.13702	0.07052	0.00246	0.00369	0.14334	0.00353	0.00344
9	0.00878	0.00768	0.00959	0.00685	0.01061	0.00588	0.04868	0.01074	0.00878	0.01369	0.00753	0.00886	0.00623	0.00314	0.00321	0.00067	0.00333	0.00262	0.00247	0.83066
10	0.03397	0.10928	0.03158	0.00975	0.02807	0.01208	0.06388	0.43230	0.12954	0.02060	0.01007	0.01037	0.00751	0.00463	0.00396	0.00120	0.00448	0.00367	0.00351	0.07954
11	0.00917	0.03743	0.04648	0.05147	0.34674	0.00857	0.07055	0.04729	0.01921	0.01285	0.01075	0.04181	0.03997	0.14486	0.01833	0.00179	0.01506	0.00455	0.00241	0.07072
12	0.01019	0.18443	0.40039	0.01102	0.04853	0.05634	0.03853	0.08866	0.03217	0.01393	0.03632	0.01030	0.00736	0.00438	0.00396	0.00123	0.01521	0.01756	0.00227	0.01722
13	0.03484	0.09112	0.04393	0.00728	0.00925	0.00786	0.02767	0.07803	0.19092	0.02894	0.09012	0.24337	0.09815	0.02337	0.00480	0.00146	0.00331	0.00691	0.00369	0.00497
14	0.00505	0.00426	0.00437	0.00435	0.00573	0.00358	0.00326	0.00619	0.00978	0.01182	0.10907	0.03969	0.75756	0.01047	0.00497	0.00141	0.00212	0.00876	0.00397	0.00358
15	0.00583	0.00456	0.00515	0.00504	0.00623	0.00417	0.00372	0.03423	0.03002	0.01341	0.26462	0.12680	0.42320	0.04715	0.00569	0.00154	0.00232	0.00846	0.00407	0.00381
16	0.00909	0.00868	0.01474	0.45507	0.35888	0.00968	0.03613	0.01205	0.03187	0.01226	0.00796	0.01101	0.00627	0.00404	0.00421	0.00134	0.00533	0.00381	0.00203	0.00558

[dist]
# distance from previous block
# <min> <max>
0	5

[block]
# block no. 6 follows, 63 sequences, length 11
# corresponding to MSA columns:
# 791-801
name=unknown_G
#
# <colnr> <probs for GDERKNQSTAVLIFYWHMCP>
#	G	D	E	R	K	N	Q	S	T	A	V	L	I	F	Y	W	H	M	C	P
0	0.00995	0.01069	0.02085	0.01613	0.06554	0.01082	0.56096	0.01434	0.12549	0.01370	0.00937	0.01167	0.00723	0.00429	0.00579	0.00146	0.09887	0.00472	0.00240	0.00575
1	0.00523	0.00397	0.00485	0.00540	0.00613	0.00359	0.00385	0.00624	0.00894	0.01152	0.09224	0.47513	0.28746	0.01190	0.00523	0.00160	0.00239	0.05684	0.00396	0.00353
2	0.01034	0.01018	0.01817	0.02464	0.71071	0.01008	0.12735	0.01298	0.00962	0.01370	0.00799	0.01054	0.00662	0.00372	0.00428	0.00127	0.00529	0.00392	0.00209	0.00652
